9.98828E-05 9.98828E-05 9.98828E-05 9.98828E-05 0.908428 9.98828E-05 9.98828E-05 9.98828E-05 9.98828E-05 9.98828E-05 9.98828E-05 9.98828E-05 0.00538094 0.0678737 9.98828E-05 0.0170192 9.98828E-05
9.98829E-05 9.98829E-05 9.98829E-05 9.98829E-05 9.98829E-05 0.131417 9.98829E-05 0.127606 9.98829E-05 0.702453 0.0372265 9.98829E-05 9.98829E-05 9.98829E-05 9.98829E-05 9.98829E-05 9.98829E-05
9.99018E-05 0.173131 0.00690148 0.156816 9.99018E-05 0.624766 0.0069135 9.99018E-05 9.99018E-05 9.99018E-05 9.99018E-05 9.99018E-05 0.0303735 9.99018E-05 9.99018E-05 9.99018E-05 9.99018E-05
0.0057708 9.991E-05 9.991E-05 9.991E-05 9.991E-05 0.876233 0.100115 9.991E-05 9.991E-05 9.991E-05 9.991E-05 0.000363861 0.00145234 0.003683 9.991E-05 9.991E-05 0.0113825
9.993E-05 0.0364525 9.993E-05 9.993E-05 9.993E-05 0.349168 9.993E-05 0.0225368 0.0758942 0.168942 9.993E-05 0.176018 9.993E-05 0.0516237 0.0383307 0.00652364 0.0738105
9.9892E-05 9.9892E-05 9.9892E-05 9.9892E-05 9.9892E-05 0.964572 9.9892E-05 0.00646868 0.0136942 9.9892E-05 0.00246047 9.9892E-05 9.9892E-05 9.9892E-05 0.011606 9.9892E-05 9.9892E-05
9.98562E-05 9.98562E-05 9.98562E-05 9.98562E-05 9.98562E-05 9.98562E-05 9.98562E-05 9.98562E-05 9.98562E-05 9.98562E-05 9.98562E-05 0.998402 9.98562E-05 9.98562E-05 9.98562E-05 9.98562E-05 9.98562E-05
9.99009E-05 0.403007 9.99009E-05 9.99009E-05 9.99009E-05 0.0257677 9.99009E-05 9.99009E-05 0.322279 0.0883847 9.99009E-05 9.99009E-05 9.99009E-05 0.0775594 9.99009E-05 9.99009E-05 0.081903
0.0127585 9.98741E-05 9.98741E-05 9.98741E-05 9.98741E-05 9.98741E-05 9.98741E-05 9.98741E-05 9.98741E-05 0.00864966 9.98741E-05 0.977194 9.98741E-05 9.98741E-05 9.98741E-05 9.98741E-05 9.98741E-05
9.98651E-05 9.98651E-05 9.98651E-05 9.98651E-05 9.98651E-05 9.98651E-05 9.98651E-05 9.98651E-05 9.98651E-05 9.98651E-05 9.98651E-05 0.139058 9.98651E-05 0.859444 9.98651E-05 9.98651E-05 9.98651E-05
9.98652E-05 9.98652E-05 9.98652E-05 9.98652E-05 9.98652E-05 9.98652E-05 9.98652E-05 9.98652E-05 9.98652E-05 9.98652E-05 9.98652E-05 0.103041 9.98652E-05 0.895461 9.98652E-05 9.98652E-05 9.98652E-05
0.0308702 9.99011E-05 9.99011E-05 0.150645 0.658218 0.02648 0.00481714 9.99011E-05 9.99011E-05 9.99011E-05 9.99011E-05 9.99011E-05 0.127871 9.99011E-05 9.99011E-05 9.99011E-05 9.99011E-05
9.98833E-05 0.025862 9.98833E-05 0.938614 9.98833E-05 9.98833E-05 9.98833E-05 9.98833E-05 0.0164467 9.98833E-05 9.98833E-05 0.0177785 9.98833E-05 9.98833E-05 9.98833E-05 9.98833E-05 9.98833E-05
9.98831E-05 9.98831E-05 0.00153453 9.98831E-05 9.98831E-05 0.970217 9.98831E-05 9.98831E-05 9.98831E-05 0.00694582 9.98831E-05 9.98831E-05 9.98831E-05 9.98831E-05 0.0200038 9.98831E-05 9.98831E-05
9.98741E-05 9.98741E-05 0.000956831 9.98741E-05 9.98741E-05 0.973574 9.98741E-05 0.0240712 9.98741E-05 9.98741E-05 9.98741E-05 9.98741E-05 9.98741E-05 9.98741E-05 9.98741E-05 9.98741E-05 9.98741E-05
0.765727 9.9883E-05 9.9883E-05 0.0972977 9.9883E-05 9.9883E-05 9.9883E-05 9.9883E-05 9.9883E-05 9.9883E-05 9.9883E-05 9.9883E-05 9.9883E-05 0.0211396 0.114537 9.9883E-05 9.9883E-05
9.98649E-05 9.98649E-05 9.98649E-05 9.98649E-05 9.98649E-05 9.98649E-05 9.98649E-05 9.98649E-05 9.98649E-05 9.98649E-05 0.925956 9.98649E-05 9.98649E-05 0.0725461 9.98649E-05 9.98649E-05 9.98649E-05
0.00371234 9.99099E-05 0.705138 9.99099E-05 9.99099E-05 9.99099E-05 9.99099E-05 0.178545 9.99099E-05 0.0255707 0.000784643 9.99099E-05 9.99099E-05 0.0554279 9.99099E-05 9.99099E-05 0.0298221
9.98652E-05 9.98652E-05 0.927935 9.98652E-05 9.98652E-05 9.98652E-05 9.98652E-05 9.98652E-05 9.98652E-05 9.98652E-05 9.98652E-05 9.98652E-05 0.0705672 9.98652E-05 9.98652E-05 9.98652E-05 9.98652E-05
0.316293 9.99098E-05 9.99098E-05 9.99098E-05 0.0572656 9.99098E-05 9.99098E-05 0.00647137 9.99098E-05 9.99098E-05 0.0413844 9.99098E-05 0.0235162 0.40126 0.15281 9.99098E-05 9.99098E-05
9.98561E-05 9.98561E-05 0.998402 9.98561E-05 9.98561E-05 9.98561E-05 9.98561E-05 9.98561E-05 9.98561E-05 9.98561E-05 9.98561E-05 9.98561E-05 9.98561E-05 9.98561E-05 9.98561E-05 9.98561E-05 9.98561E-05
0.153972 9.9919E-05 9.9919E-05 0.049339 0.383365 9.9919E-05 9.9919E-05 0.314673 9.9919E-05 9.9919E-05 0.037406 9.9919E-05 9.9919E-05 0.0305871 0.00655227 0.0232063 9.9919E-05
9.99011E-05 9.99011E-05 0.355696 9.99011E-05 9.99011E-05 9.99011E-05 9.99011E-05 9.99011E-05 0.0361063 9.99011E-05 0.274465 9.99011E-05 0.154961 0.166965 0.0107082 9.99011E-05 9.99011E-05
9.98649E-05 9.98649E-05 0.852699 9.98649E-05 9.98649E-05 9.98649E-05 9.98649E-05 9.98649E-05 9.98649E-05 9.98649E-05 9.98649E-05 9.98649E-05 9.98649E-05 9.98649E-05 0.145803 9.98649E-05 9.98649E-05
9.98652E-05 9.98652E-05 9.98652E-05 9.98652E-05 9.98652E-05 0.476366 0.522136 9.98652E-05 9.98652E-05 9.98652E-05 9.98652E-05 9.98652E-05 9.98652E-05 9.98652E-05 9.98652E-05 9.98652E-05 9.98652E-05
9.98652E-05 9.98652E-05 9.98652E-05 9.98652E-05 9.98652E-05 0.820101 0.178401 9.98652E-05 9.98652E-05 9.98652E-05 9.98652E-05 9.98652E-05 9.98652E-05 9.98652E-05 9.98652E-05 9.98652E-05 9.98652E-05
9.98918E-05 9.98918E-05 9.98918E-05 0.799546 0.0679245 9.98918E-05 9.98918E-05 9.98918E-05 9.98918E-05 9.98918E-05 0.0477391 9.98918E-05 0.0226202 0.0609719 9.98918E-05 9.98918E-05 9.98918E-05
9.98562E-05 9.98562E-05 9.98562E-05 9.98562E-05 9.98562E-05 9.98562E-05 0.998402 9.98562E-05 9.98562E-05 9.98562E-05 9.98562E-05 9.98562E-05 9.98562E-05 9.98562E-05 9.98562E-05 9.98562E-05 9.98562E-05
9.98562E-05 9.98562E-05 9.98562E-05 9.98562E-05 9.98562E-05 9.98562E-05 0.998402 9.98562E-05 9.98562E-05 9.98562E-05 9.98562E-05 9.98562E-05 9.98562E-05 9.98562E-05 9.98562E-05 9.98562E-05 9.98562E-05
9.99013E-05 9.99013E-05 9.99013E-05 9.99013E-05 0.0104524 0.197041 0.212122 9.99013E-05 0.434452 9.99013E-05 9.99013E-05 9.99013E-05 9.99013E-05 9.99013E-05 0.0135775 9.99013E-05 0.131256
9.98647E-05 9.98647E-05 9.98647E-05 9.98647E-05 9.98647E-05 0.102992 9.98647E-05 9.98647E-05 0.89551 9.98647E-05 9.98647E-05 9.98647E-05 9.98647E-05 9.98647E-05 9.98647E-05 9.98647E-05 9.98647E-05
9.98564E-05 9.98564E-05 9.98564E-05 9.98564E-05 9.98564E-05 9.98564E-05 9.98564E-05 9.98564E-05 9.98564E-05 0.998402 9.98564E-05 9.98564E-05 9.98564E-05 9.98564E-05 9.98564E-05 9.98564E-05 9.98564E-05
0.00720544 0.118769 9.98832E-05 9.98832E-05 9.98832E-05 0.595756 0.276972 9.98832E-05 9.98832E-05 9.98832E-05 9.98832E-05 9.98832E-05 9.98832E-05 9.98832E-05 9.98832E-05 9.98832E-05 9.98832E-05
9.99102E-05 0.21212 9.99102E-05 9.99102E-05 9.99102E-05 9.99102E-05 0.030645 9.99102E-05 0.0415257 0.0129434 9.99102E-05 9.99102E-05 9.99102E-05 0.0175615 9.99102E-05 0.00395011 0.680255
9.99097E-05 9.99097E-05 9.99097E-05 0.486962 0.0131489 9.99097E-05 9.99097E-05 0.0674066 0.0885046 9.99097E-05 0.209357 9.99097E-05 0.100805 9.99097E-05 0.0328174 9.99097E-05 9.99097E-05
9.98918E-05 0.0429456 9.98918E-05 9.98918E-05 9.98918E-05 0.389916 0.518095 9.98918E-05 9.98918E-05 9.98918E-05 0.0246408 9.98918E-05 9.98918E-05 9.98918E-05 0.0232047 9.98918E-05 9.98918E-05
9.98831E-05 0.0238843 9.98831E-05 9.98831E-05 0.951248 0.00759394 9.98831E-05 9.98831E-05 9.98831E-05 9.98831E-05 9.98831E-05 9.98831E-05 9.98831E-05 9.98831E-05 0.0159753 9.98831E-05 9.98831E-05
9.9901E-05 0.0438694 9.9901E-05 9.9901E-05 0.0586894 9.9901E-05 9.9901E-05 0.0733075 9.9901E-05 0.189785 0.0459031 9.9901E-05 9.9901E-05 0.587347 9.9901E-05 9.9901E-05 9.9901E-05
9.9874E-05 0.00433525 9.9874E-05 9.9874E-05 9.9874E-05 0.0136347 9.9874E-05 9.9874E-05 9.9874E-05 9.9874E-05 0.980632 9.9874E-05 9.9874E-05 9.9874E-05 9.9874E-05 9.9874E-05 9.9874E-05
9.98651E-05 9.98651E-05 9.98651E-05 9.98651E-05 9.98651E-05 0.0054603 9.98651E-05 0.993042 9.98651E-05 9.98651E-05 9.98651E-05 9.98651E-05 9.98651E-05 9.98651E-05 9.98651E-05 9.98651E-05 9.98651E-05
9.9865E-05 9.9865E-05 9.9865E-05 9.9865E-05 0.00220277 9.9865E-05 9.9865E-05 0.996299 9.9865E-05 9.9865E-05 9.9865E-05 9.9865E-05 9.9865E-05 9.9865E-05 9.9865E-05 9.9865E-05 9.9865E-05
9.9892E-05 9.9892E-05 9.9892E-05 9.9892E-05 0.0303382 9.9892E-05 9.9892E-05 0.049269 9.9892E-05 9.9892E-05 0.0115127 9.9892E-05 9.9892E-05 0.894783 0.0128987 9.9892E-05 9.9892E-05
0.797592 9.99009E-05 0.0132395 0.057385 0.0453473 9.99009E-05 9.99009E-05 9.99009E-05 9.99009E-05 9.99009E-05 9.99009E-05 0.0694492 9.99009E-05 0.0158879 9.99009E-05 9.99009E-05 9.99009E-05
0.0217836 9.98919E-05 9.98919E-05 9.98919E-05 9.98919E-05 9.98919E-05 9.98919E-05 9.98919E-05 0.000713704 9.98919E-05 0.0284568 9.98919E-05 9.98919E-05 0.867412 0.0804349 9.98919E-05 9.98919E-05
0.00662948 9.99369E-05 0.0669377 0.110019 0.0118938 9.99369E-05 9.99369E-05 0.092883 9.99369E-05 0.0314832 9.99369E-05 9.99369E-05 0.0433075 0.323445 0.277907 0.034794 9.99369E-05
0.107219 0.0176673 9.9919E-05 9.9919E-05 0.040994 9.9919E-05 9.9919E-05 0.132954 0.029024 0.0456606 9.9919E-05 9.9919E-05 9.9919E-05 0.405439 0.220142 9.9919E-05 9.9919E-05
9.99201E-05 9.99201E-05 9.99201E-05 0.0562599 0.165654 0.0491584 9.99201E-05 9.99201E-05 0.0412258 9.99201E-05 0.0714077 0.0777955 9.99201E-05 0.205397 0.320521 9.99201E-05 0.0117819
9.9857E-05 9.9857E-05 9.9857E-05 9.9857E-05 0.998402 9.9857E-05 9.9857E-05 9.9857E-05 9.9857E-05 9.9857E-05 9.9857E-05 9.9857E-05 9.9857E-05 9.9857E-05 9.9857E-05 9.9857E-05 9.9857E-05
9.98651E-05 9.98651E-05 9.98651E-05 9.98651E-05 9.98651E-05 9.98651E-05 9.98651E-05 9.98651E-05 9.98651E-05 9.98651E-05 9.98651E-05 0.0112427 9.98651E-05 9.98651E-05 9.98651E-05 9.98651E-05 0.987259
9.98563E-05 9.98563E-05 9.98563E-05 9.98563E-05 9.98563E-05 9.98563E-05 9.98563E-05 9.98563E-05 9.98563E-05 9.98563E-05 9.98563E-05 9.98563E-05 9.98563E-05 9.98563E-05 9.98563E-05 9.98563E-05 0.998402
0.0214165 9.98652E-05 9.98652E-05 9.98652E-05 9.98652E-05 9.98652E-05 9.98652E-05 9.98652E-05 9.98652E-05 9.98652E-05 9.98652E-05 9.98652E-05 9.98652E-05 9.98652E-05 9.98652E-05 9.98652E-05 0.977086
9.98563E-05 9.98563E-05 9.98563E-05 9.98563E-05 9.98563E-05 9.98563E-05 9.98563E-05 9.98563E-05 9.98563E-05 9.98563E-05 9.98563E-05 9.98563E-05 9.98563E-05 9.98563E-05 9.98563E-05 9.98563E-05 0.998402
9.98652E-05 9.98652E-05 9.98652E-05 9.98652E-05 9.98652E-05 9.98652E-05 0.026487 9.98652E-05 9.98652E-05 9.98652E-05 9.98652E-05 9.98652E-05 9.98652E-05 9.98652E-05 9.98652E-05 9.98652E-05 0.972015
9.99102E-05 0.0516905 0.00927856 9.99102E-05 9.99102E-05 9.99102E-05 9.99102E-05 9.99102E-05 0.35121 0.0284169 9.99102E-05 0.0572817 9.99102E-05 9.99102E-05 9.99102E-05 0.193683 0.30744
0.00157253 9.98831E-05 9.98831E-05 9.98831E-05 9.98831E-05 9.98831E-05 9.98831E-05 0.00161543 9.98831E-05 0.0641317 9.98831E-05 9.98831E-05 9.98831E-05 9.98831E-05 9.98831E-05 9.98831E-05 0.931382
0.199576 9.98739E-05 9.98739E-05 9.98739E-05 0.763652 9.98739E-05 9.98739E-05 9.98739E-05 9.98739E-05 9.98739E-05 9.98739E-05 9.98739E-05 9.98739E-05 9.98739E-05 0.0353732 9.98739E-05 9.98739E-05
0.00786448 9.99057E-05 9.99057E-05 9.99057E-05 9.99057E-05 9.99057E-05 0.0465757 9.99057E-05 9.99057E-05 0.862577 9.99057E-05 0.0413631 0.0160108 9.99057E-05 9.99057E-05 9.99057E-05 0.0245102
9.98829E-05 9.98829E-05 9.98829E-05 9.98829E-05 9.98829E-05 0.607058 0.373921 0.00969852 0.00802351 9.98829E-05 9.98829E-05 9.98829E-05 9.98829E-05 9.98829E-05 9.98829E-05 9.98829E-05 9.98829E-05
0.0265362 9.98831E-05 9.98831E-05 0.820964 9.98831E-05 9.98831E-05 9.98831E-05 0.132444 9.98831E-05 9.98831E-05 9.98831E-05 9.98831E-05 0.0187574 9.98831E-05 9.98831E-05 9.98831E-05 9.98831E-05
0.910905 0.00239381 9.98743E-05 9.98743E-05 9.98743E-05 9.98743E-05 9.98743E-05 9.98743E-05 9.98743E-05 9.98743E-05 9.98743E-05 9.98743E-05 9.98743E-05 9.98743E-05 0.0853034 9.98743E-05 9.98743E-05
9.98655E-05 9.98655E-05 9.98655E-05 0.976917 9.98655E-05 9.98655E-05 9.98655E-05 9.98655E-05 9.98655E-05 9.98655E-05 9.98655E-05 0.0215851 9.98655E-05 9.98655E-05 9.98655E-05 9.98655E-05 9.98655E-05
9.98739E-05 9.98739E-05 9.98739E-05 0.889977 9.98739E-05 9.98739E-05 9.98739E-05 9.98739E-05 9.98739E-05 9.98739E-05 9.98739E-05 9.98739E-05 9.98739E-05 0.104467 9.98739E-05 0.00415776 9.98739E-05
9.98918E-05 9.98918E-05 9.98918E-05 0.814904 9.98918E-05 9.98918E-05 9.98918E-05 9.98918E-05 9.98918E-05 9.98918E-05 0.00243181 9.98918E-05 0.0433688 0.0897808 0.0483162 9.98918E-05 9.98918E-05
0.0189039 0.0085511 0.900627 9.98923E-05 0.0564249 9.98923E-05 9.98923E-05 9.98923E-05 9.98923E-05 9.98923E-05 9.98923E-05 9.98923E-05 9.98923E-05 0.0142942 9.98923E-05 9.98923E-05 9.98923E-05
9.98656E-05 9.98656E-05 9.98656E-05 9.98656E-05 9.98656E-05 0.294381 0.704121 9.98656E-05 9.98656E-05 9.98656E-05 9.98656E-05 9.98656E-05 9.98656E-05 9.98656E-05 9.98656E-05 9.98656E-05 9.98656E-05
9.98561E-05 9.98561E-05 9.98561E-05 9.98561E-05 9.98561E-05 9.98561E-05 9.98561E-05 9.98561E-05 9.98561E-05 9.98561E-05 9.98561E-05 9.98561E-05 9.98561E-05 9.98561E-05 9.98561E-05 0.998402 9.98561E-05
0.00647728 0.0565724 9.99013E-05 0.0102864 9.99013E-05 0.919115 9.99013E-05 9.99013E-05 9.99013E-05 9.99013E-05 9.99013E-05 0.00529023 9.99013E-05 9.99013E-05 9.99013E-05 0.00116017 9.99013E-05
9.991E-05 9.991E-05 9.991E-05 9.991E-05 0.0224011 0.772288 0.105282 9.991E-05 0.0103682 9.991E-05 0.0211284 0.0412809 9.991E-05 9.991E-05 9.991E-05 9.991E-05 0.0262522
0.0168414 9.98741E-05 9.98741E-05 9.98741E-05 9.98741E-05 9.98741E-05 0.968983 9.98741E-05 9.98741E-05 0.0127778 9.98741E-05 9.98741E-05 9.98741E-05 9.98741E-05 9.98741E-05 9.98741E-05 9.98741E-05
9.98653E-05 9.98653E-05 0.00654243 9.98653E-05 9.98653E-05 9.98653E-05 0.99196 9.98653E-05 9.98653E-05 9.98653E-05 9.98653E-05 9.98653E-05 9.98653E-05 9.98653E-05 9.98653E-05 9.98653E-05 9.98653E-05
9.99012E-05 0.000386989 9.99012E-05 9.99012E-05 9.99012E-05 0.594762 0.0563681 0.0476932 0.295039 9.99012E-05 9.99012E-05 0.00465172 9.99012E-05 9.99012E-05 9.99012E-05 9.99012E-05 9.99012E-05
9.99009E-05 0.0113771 9.99009E-05 9.99009E-05 9.99009E-05 0.535828 0.400889 0.0409879 9.99009E-05 9.99009E-05 0.00491906 9.99009E-05 9.99009E-05 9.99009E-05 0.00490048 9.99009E-05 9.99009E-05
9.9865E-05 0.945931 9.9865E-05 9.9865E-05 9.9865E-05 9.9865E-05 9.9865E-05 9.9865E-05 9.9865E-05 9.9865E-05 9.9865E-05 9.9865E-05 9.9865E-05 9.9865E-05 9.9865E-05 9.9865E-05 0.0525709
9.9865E-05 0.968159 9.9865E-05 0.0303426 9.9865E-05 9.9865E-05 9.9865E-05 9.9865E-05 9.9865E-05 9.9865E-05 9.9865E-05 9.9865E-05 9.9865E-05 9.9865E-05 9.9865E-05 9.9865E-05 9.9865E-05
0.0117259 9.98921E-05 9.98921E-05 9.98921E-05 9.98921E-05 0.760246 0.144569 9.98921E-05 9.98921E-05 9.98921E-05 9.98921E-05 9.98921E-05 9.98921E-05 9.98921E-05 9.98921E-05 0.0324426 0.0498179
0.944663 9.9901E-05 9.9901E-05 9.9901E-05 9.9901E-05 0.0125407 9.9901E-05 0.0173198 9.9901E-05 9.9901E-05 0.00270206 9.9901E-05 0.00717227 9.9901E-05 9.9901E-05 0.0145033 9.9901E-05
0.994077 9.98651E-05 9.98651E-05 9.98651E-05 9.98651E-05 9.98651E-05 9.98651E-05 9.98651E-05 9.98651E-05 9.98651E-05 9.98651E-05 9.98651E-05 9.98651E-05 9.98651E-05 9.98651E-05 9.98651E-05 0.00442469
9.98652E-05 9.98652E-05 9.98652E-05 9.98652E-05 0.00628162 9.98652E-05 9.98652E-05 9.98652E-05 9.98652E-05 9.98652E-05 9.98652E-05 9.98652E-05 0.99222 9.98652E-05 9.98652E-05 9.98652E-05 9.98652E-05
9.98743E-05 9.98743E-05 9.98743E-05 9.98743E-05 9.98743E-05 9.98743E-05 9.98743E-05 0.00887195 9.98743E-05 9.98743E-05 9.98743E-05 9.98743E-05 0.981716 0.00801377 9.98743E-05 9.98743E-05 9.98743E-05
0.0455922 9.98919E-05 9.98919E-05 0.0248318 9.98919E-05 9.98919E-05 9.98919E-05 0.0993925 9.98919E-05 0.0478212 9.98919E-05 9.98919E-05 9.98919E-05 0.781164 9.98919E-05 9.98919E-05 9.98919E-05
0.0795021 9.99099E-05 9.99099E-05 0.0360184 0.0355429 9.99099E-05 0.0224179 0.0434072 9.99099E-05 0.0192602 9.99099E-05 9.99099E-05 9.99099E-05 0.762852 9.99099E-05 9.99099E-05 9.99099E-05
0.0148976 9.98743E-05 9.98743E-05 9.98743E-05 9.98743E-05 9.98743E-05 9.98743E-05 9.98743E-05 9.98743E-05 9.98743E-05 0.0160782 9.98743E-05 0.967626 9.98743E-05 9.98743E-05 9.98743E-05 9.98743E-05
9.98562E-05 9.98562E-05 9.98562E-05 9.98562E-05 9.98562E-05 9.98562E-05 9.98562E-05 9.98562E-05 9.98562E-05 9.98562E-05 9.98562E-05 9.98562E-05 0.998402 9.98562E-05 9.98562E-05 9.98562E-05 9.98562E-05
0.00707559 9.98919E-05 9.98919E-05 0.0361283 0.92304 9.98919E-05 9.98919E-05 9.98919E-05 9.98919E-05 0.00291782 9.98919E-05 9.98919E-05 9.98919E-05 9.98919E-05 9.98919E-05 9.98919E-05 0.0296394
0.0688445 9.9892E-05 0.00994353 0.135996 9.9892E-05 9.9892E-05 9.9892E-05 0.695667 9.9892E-05 9.9892E-05 9.9892E-05 0.0883499 9.9892E-05 9.9892E-05 9.9892E-05 9.9892E-05 9.9892E-05
9.98739E-05 9.98739E-05 9.98739E-05 9.98739E-05 9.98739E-05 9.98739E-05 9.98739E-05 9.98739E-05 9.98739E-05 0.87893 9.98739E-05 0.0779673 9.98739E-05 9.98739E-05 9.98739E-05 9.98739E-05 0.0417047
9.98559E-05 9.98559E-05 9.98559E-05 9.98559E-05 9.98559E-05 9.98559E-05 9.98559E-05 9.98559E-05 9.98559E-05 9.98559E-05 9.98559E-05 9.98559E-05 9.98559E-05 9.98559E-05 0.998402 9.98559E-05 9.98559E-05
0.0100969 9.99011E-05 9.99011E-05 0.0552139 0.0457911 9.99011E-05 9.99011E-05 9.99011E-05 9.99011E-05 9.99011E-05 0.133381 9.99011E-05 0.0108623 9.99011E-05 0.743556 9.99011E-05 9.99011E-05
9.9856E-05 9.9856E-05 9.9856E-05 9.9856E-05 9.9856E-05 9.9856E-05 9.9856E-05 9.9856E-05 0.998402 9.9856E-05 9.9856E-05 9.9856E-05 9.9856E-05 9.9856E-05 9.9856E-05 9.9856E-05 9.9856E-05
