9.98649E-05 9.98649E-05 9.98649E-05 9.98649E-05 9.98649E-05 9.98649E-05 9.98649E-05 9.98649E-05 9.98649E-05 0.0779809 9.98649E-05 9.98649E-05 9.98649E-05 0.920521 9.98649E-05 9.98649E-05 9.98649E-05
0.0285556 9.98919E-05 9.98919E-05 0.0441324 9.98919E-05 9.98919E-05 0.176081 9.98919E-05 9.98919E-05 9.98919E-05 0.633177 0.116855 9.98919E-05 9.98919E-05 9.98919E-05 9.98919E-05 9.98919E-05
9.98561E-05 9.98561E-05 9.98561E-05 9.98561E-05 9.98561E-05 9.98561E-05 9.98561E-05 0.998402 9.98561E-05 9.98561E-05 9.98561E-05 9.98561E-05 9.98561E-05 9.98561E-05 9.98561E-05 9.98561E-05 9.98561E-05
9.98831E-05 0.0203588 9.98831E-05 9.98831E-05 9.98831E-05 9.98831E-05 9.98831E-05 0.0400893 9.98831E-05 0.00127762 9.98831E-05 0.936976 9.98831E-05 9.98831E-05 9.98831E-05 9.98831E-05 9.98831E-05
9.98561E-05 9.98561E-05 9.98561E-05 0.998402 9.98561E-05 9.98561E-05 9.98561E-05 9.98561E-05 9.98561E-05 9.98561E-05 9.98561E-05 9.98561E-05 9.98561E-05 9.98561E-05 9.98561E-05 9.98561E-05 9.98561E-05
9.98831E-05 9.98831E-05 9.98831E-05 0.0575434 9.98831E-05 9.98831E-05 0.0334233 9.98831E-05 9.98831E-05 9.98831E-05 9.98831E-05 0.89788 9.98831E-05 9.98831E-05 9.98831E-05 0.00985488 9.98831E-05
9.98562E-05 9.98562E-05 9.98562E-05 9.98562E-05 9.98562E-05 9.98562E-05 9.98562E-05 9.98562E-05 9.98562E-05 9.98562E-05 9.98562E-05 9.98562E-05 9.98562E-05 9.98562E-05 0.998402 9.98562E-05 9.98562E-05
9.99189E-05 9.99189E-05 9.99189E-05 0.0647586 9.99189E-05 9.99189E-05 0.0205026 0.0139002 0.691781 0.0722443 0.0727094 0.0332245 9.99189E-05 9.99189E-05 9.99189E-05 9.99189E-05 0.0299796
9.98651E-05 9.98651E-05 9.98651E-05 9.98651E-05 9.98651E-05 9.98651E-05 9.98651E-05 9.98651E-05 9.98651E-05 9.98651E-05 0.0520766 9.98651E-05 9.98651E-05 9.98651E-05 0.946425 9.98651E-05 9.98651E-05
9.98739E-05 9.98739E-05 9.98739E-05 0.0732706 9.98739E-05 9.98739E-05 9.98739E-05 9.98739E-05 9.98739E-05 0.836042 9.98739E-05 9.98739E-05 9.98739E-05 9.98739E-05 0.0892897 9.98739E-05 9.98739E-05
9.98741E-05 9.98741E-05 9.98741E-05 0.0436375 9.98741E-05 9.98741E-05 9.98741E-05 9.98741E-05 9.98741E-05 0.854126 9.98741E-05 9.98741E-05 9.98741E-05 9.98741E-05 0.100838 9.98741E-05 9.98741E-05
9.98968E-05 0.139624 0.188453 9.98968E-05 9.98968E-05 9.98968E-05 9.98968E-05 9.98968E-05 0.0167295 9.98968E-05 9.98968E-05 0.00705175 9.98968E-05 0.646942 9.98968E-05 9.98968E-05 9.98968E-05
9.98743E-05 9.98743E-05 0.966055 9.98743E-05 9.98743E-05 9.98743E-05 9.98743E-05 9.98743E-05 0.00574978 9.98743E-05 9.98743E-05 9.98743E-05 9.98743E-05 9.98743E-05 0.0267966 9.98743E-05 9.98743E-05
0.0169232 9.98832E-05 9.98832E-05 9.98832E-05 9.98832E-05 0.0309324 0.00541866 9.98832E-05 9.98832E-05 9.98832E-05 9.98832E-05 0.945427 9.98832E-05 9.98832E-05 9.98832E-05 9.98832E-05 9.98832E-05
9.98922E-05 9.98922E-05 9.98922E-05 0.0577452 9.98922E-05 0.00235516 0.023734 9.98922E-05 9.98922E-05 9.98922E-05 9.98922E-05 0.886805 9.98922E-05 0.0281624 9.98922E-05 9.98922E-05 9.98922E-05
0.0404083 9.9883E-05 0.13234 9.9883E-05 0.798732 9.9883E-05 9.9883E-05 9.9883E-05 9.9883E-05 0.0272214 9.9883E-05 9.9883E-05 9.9883E-05 9.9883E-05 9.9883E-05 9.9883E-05 9.9883E-05
0.931518 9.98648E-05 9.98648E-05 9.98648E-05 9.98648E-05 9.98648E-05 9.98648E-05 9.98648E-05 9.98648E-05 0.066984 9.98648E-05 9.98648E-05 9.98648E-05 9.98648E-05 9.98648E-05 9.98648E-05 9.98648E-05
9.98502E-05 9.98502E-05 9.98502E-05 9.98502E-05 9.98502E-05 0.998402 9.98502E-05 9.98502E-05 9.98502E-05 9.98502E-05 9.98502E-05 9.98502E-05 9.98502E-05 9.98502E-05 9.98502E-05 9.98502E-05 9.98502E-05
9.98741E-05 9.98741E-05 0.010831 9.98741E-05 9.98741E-05 9.98741E-05 9.98741E-05 9.98741E-05 9.98741E-05 9.98741E-05 9.98741E-05 9.98741E-05 0.975059 9.98741E-05 9.98741E-05 0.0127121 9.98741E-05
0.0351602 0.0570191 9.98919E-05 9.98919E-05 0.355664 9.98919E-05 9.98919E-05 9.98919E-05 9.98919E-05 0.460144 9.98919E-05 9.98919E-05 9.98919E-05 0.0908144 9.98919E-05 9.98919E-05 9.98919E-05
9.98741E-05 9.98741E-05 9.98741E-05 9.98741E-05 9.98741E-05 0.235694 9.98741E-05 9.98741E-05 9.98741E-05 9.98741E-05 9.98741E-05 9.98741E-05 0.723886 9.98741E-05 9.98741E-05 0.0390214 9.98741E-05
0.0100161 9.9892E-05 0.0681154 9.9892E-05 0.192824 9.9892E-05 0.318786 9.9892E-05 9.9892E-05 9.9892E-05 9.9892E-05 9.9892E-05 9.9892E-05 0.40906 9.9892E-05 9.9892E-05 9.9892E-05
0.267383 0.112655 9.9892E-05 0.048329 9.9892E-05 9.9892E-05 9.9892E-05 9.9892E-05 9.9892E-05 0.202473 9.9892E-05 9.9892E-05 0.367961 9.9892E-05 9.9892E-05 9.9892E-05 9.9892E-05
9.98739E-05 9.98739E-05 9.98739E-05 9.98739E-05 9.98739E-05 0.0352967 9.98739E-05 9.98739E-05 9.98739E-05 0.0684203 9.98739E-05 9.98739E-05 0.894885 9.98739E-05 9.98739E-05 9.98739E-05 9.98739E-05
9.98923E-05 9.98923E-05 0.00209327 9.98923E-05 9.98923E-05 9.98923E-05 9.98923E-05 0.0126854 0.00634239 9.98923E-05 9.98923E-05 0.936452 9.98923E-05 9.98923E-05 9.98923E-05 9.98923E-05 0.0412281
9.98654E-05 9.98654E-05 9.98654E-05 9.98654E-05 9.98654E-05 9.98654E-05 9.98654E-05 0.0131498 9.98654E-05 9.98654E-05 9.98654E-05 0.985352 9.98654E-05 9.98654E-05 9.98654E-05 9.98654E-05 9.98654E-05
0.0114944 0.0214733 0.799717 9.99008E-05 0.0276713 9.99008E-05 9.99008E-05 9.99008E-05 9.99008E-05 0.0954841 9.99008E-05 9.99008E-05 9.99008E-05 0.0430614 9.99008E-05 9.99008E-05 9.99008E-05
9.98831E-05 9.98831E-05 9.98831E-05 9.98831E-05 9.98831E-05 9.98831E-05 9.98831E-05 9.98831E-05 0.0664409 9.98831E-05 0.0301126 0.867511 9.98831E-05 9.98831E-05 9.98831E-05 9.98831E-05 0.0346368
9.98901E-05 9.98901E-05 9.98901E-05 9.98901E-05 0.0211858 9.98901E-05 9.98901E-05 0.00425437 0.0385998 9.98901E-05 0.00630736 0.898438 9.98901E-05 9.98901E-05 9.98901E-05 9.98901E-05 0.0301155
0.00930073 0.0150503 0.0145657 9.99192E-05 9.99192E-05 9.99192E-05 9.99192E-05 0.0292741 0.204797 9.99192E-05 9.99192E-05 0.490821 9.99192E-05 9.99192E-05 9.99192E-05 0.0392816 0.19601
0.0119714 0.0342939 9.99099E-05 0.0412942 9.99099E-05 0.00027948 9.99099E-05 9.99099E-05 0.499131 9.99099E-05 9.99099E-05 0.353725 9.99099E-05 9.99099E-05 9.99099E-05 9.99099E-05 0.0583063
9.98565E-05 9.98565E-05 9.98565E-05 9.98565E-05 9.98565E-05 9.98565E-05 9.98565E-05 9.98565E-05 9.98565E-05 9.98565E-05 0.998402 9.98565E-05 9.98565E-05 9.98565E-05 9.98565E-05 9.98565E-05 9.98565E-05
9.98743E-05 9.98743E-05 9.98743E-05 9.98743E-05 9.98743E-05 9.98743E-05 0.00530373 9.98743E-05 0.187164 9.98743E-05 9.98743E-05 0.806134 9.98743E-05 9.98743E-05 9.98743E-05 9.98743E-05 9.98743E-05
9.99012E-05 9.99012E-05 9.99012E-05 9.99012E-05 0.00861724 9.99012E-05 9.99012E-05 9.99012E-05 0.321018 0.00721013 0.00257716 9.99012E-05 9.99012E-05 9.99012E-05 0.0104905 9.99012E-05 0.648988
0.253601 0.106526 0.533577 0.00368405 9.99097E-05 9.99097E-05 0.0560264 9.99097E-05 0.0394087 9.99097E-05 9.99097E-05 9.99097E-05 9.99097E-05 0.00617743 9.99097E-05 9.99097E-05 9.99097E-05
0.00730799 0.00421146 9.99009E-05 9.99009E-05 0.0267349 9.99009E-05 9.99009E-05 9.99009E-05 0.0327298 9.99009E-05 9.99009E-05 0.904566 9.99009E-05 9.99009E-05 0.0233506 9.99009E-05 9.99009E-05
0.0185431 9.98921E-05 9.98921E-05 9.98921E-05 9.98921E-05 9.98921E-05 9.98921E-05 0.00692068 0.00514411 9.98921E-05 9.98921E-05 0.0125784 9.98921E-05 0.955615 9.98921E-05 9.98921E-05 9.98921E-05
0.0229107 9.99099E-05 9.99099E-05 9.99099E-05 9.99099E-05 9.99099E-05 0.118526 0.0225891 9.99099E-05 0.564181 0.223792 9.99099E-05 9.99099E-05 0.0229676 9.99099E-05 0.0240334 9.99099E-05
0.994606 9.98649E-05 9.98649E-05 9.98649E-05 9.98649E-05 9.98649E-05 9.98649E-05 9.98649E-05 0.00389558 9.98649E-05 9.98649E-05 9.98649E-05 9.98649E-05 9.98649E-05 9.98649E-05 9.98649E-05 9.98649E-05
0.00559911 9.9874E-05 9.9874E-05 9.9874E-05 9.9874E-05 9.9874E-05 0.990598 9.9874E-05 9.9874E-05 9.9874E-05 9.9874E-05 0.0024049 9.9874E-05 9.9874E-05 9.9874E-05 9.9874E-05 9.9874E-05
9.9874E-05 9.9874E-05 9.9874E-05 9.9874E-05 9.9874E-05 0.00359016 0.99035 9.9874E-05 9.9874E-05 9.9874E-05 9.9874E-05 9.9874E-05 9.9874E-05 0.00466153 9.9874E-05 9.9874E-05 9.9874E-05
0.0227175 9.98919E-05 9.98919E-05 9.98919E-05 9.98919E-05 9.98919E-05 0.0943499 9.98919E-05 9.98919E-05 0.875314 9.98919E-05 9.98919E-05 9.98919E-05 0.0057959 9.98919E-05 0.00062373 9.98919E-05
9.9901E-05 9.9901E-05 0.00434743 9.9901E-05 0.799016 0.00363392 9.9901E-05 9.9901E-05 9.9901E-05 0.0333085 9.9901E-05 9.9901E-05 9.9901E-05 0.039316 0.119279 9.9901E-05 9.9901E-05
0.000325909 9.98831E-05 9.98831E-05 9.98831E-05 9.98831E-05 9.98831E-05 9.98831E-05 9.98831E-05 9.98831E-05 0.959402 9.98831E-05 0.00550486 9.98831E-05 0.0334685 9.98831E-05 9.98831E-05 9.98831E-05
9.99189E-05 0.083794 0.140024 9.99189E-05 0.0287025 9.99189E-05 0.155376 9.99189E-05 9.99189E-05 0.388267 0.0483809 9.99189E-05 0.140599 0.0139574 9.99189E-05 9.99189E-05 9.99189E-05
9.99459E-05 0.0259409 0.0323582 0.0257371 0.0999698 9.99459E-05 0.136257 9.99459E-05 0.0298638 0.447288 0.0350439 0.0220947 9.99459E-05 0.0557254 9.99459E-05 0.089122 9.99459E-05
0.25956 0.032845 0.107649 9.99279E-05 9.99279E-05 9.99279E-05 9.99279E-05 9.99279E-05 9.99279E-05 0.184863 9.99279E-05 0.0631778 9.99279E-05 0.201035 0.0689199 0.0114771 0.0696734
9.98658E-05 9.98658E-05 9.98658E-05 9.98658E-05 9.98658E-05 0.0269371 9.98658E-05 9.98658E-05 9.98658E-05 9.98658E-05 9.98658E-05 9.98658E-05 9.98658E-05 0.971565 9.98658E-05 9.98658E-05 9.98658E-05
9.98561E-05 9.98561E-05 9.98561E-05 9.98561E-05 9.98561E-05 9.98561E-05 9.98561E-05 9.98561E-05 9.98561E-05 9.98561E-05 9.98561E-05 9.98561E-05 9.98561E-05 9.98561E-05 9.98561E-05 9.98561E-05 0.998402
9.98651E-05 9.98651E-05 9.98651E-05 9.98651E-05 9.98651E-05 0.0107798 9.98651E-05 9.98651E-05 9.98651E-05 9.98651E-05 9.98651E-05 9.98651E-05 9.98651E-05 9.98651E-05 9.98651E-05 9.98651E-05 0.987722
9.98832E-05 9.98832E-05 9.98832E-05 0.00451453 9.98832E-05 9.98832E-05 0.00270288 9.98832E-05 9.98832E-05 0.00706704 9.98832E-05 9.98832E-05 9.98832E-05 9.98832E-05 9.98832E-05 9.98832E-05 0.984417
9.98502E-05 9.98502E-05 9.98502E-05 9.98502E-05 9.98502E-05 9.98502E-05 9.98502E-05 9.98502E-05 9.98502E-05 9.98502E-05 9.98502E-05 9.98502E-05 9.98502E-05 9.98502E-05 9.98502E-05 9.98502E-05 0.998402
9.98652E-05 9.98652E-05 9.98652E-05 0.0148099 9.98652E-05 9.98652E-05 9.98652E-05 9.98652E-05 9.98652E-05 9.98652E-05 9.98652E-05 9.98652E-05 9.98652E-05 9.98652E-05 9.98652E-05 9.98652E-05 0.983692
9.99192E-05 9.99192E-05 9.99192E-05 9.99192E-05 9.99192E-05 9.99192E-05 9.99192E-05 0.0879621 0.211413 0.0456882 0.0114042 0.0782578 0.0330936 9.99192E-05 0.0949831 9.99192E-05 0.436298
9.98921E-05 0.00109565 9.98921E-05 9.98921E-05 0.00230081 9.98921E-05 9.98921E-05 9.98921E-05 9.98921E-05 9.98921E-05 0.0204593 9.98921E-05 9.98921E-05 0.00493299 9.98921E-05 9.98921E-05 0.970013
9.98649E-05 9.98649E-05 9.98649E-05 9.98649E-05 0.217697 9.98649E-05 9.98649E-05 9.98649E-05 9.98649E-05 9.98649E-05 9.98649E-05 9.98649E-05 9.98649E-05 0.780805 9.98649E-05 9.98649E-05 9.98649E-05
9.9883E-05 9.9883E-05 9.9883E-05 9.9883E-05 9.9883E-05 9.9883E-05 9.9883E-05 0.00318649 9.9883E-05 9.9883E-05 0.909491 9.9883E-05 9.9883E-05 9.9883E-05 0.0287046 9.9883E-05 0.0573192
9.9874E-05 9.9874E-05 9.9874E-05 0.0599644 9.9874E-05 9.9874E-05 0.012532 9.9874E-05 9.9874E-05 9.9874E-05 9.9874E-05 0.926105 9.9874E-05 9.9874E-05 9.9874E-05 9.9874E-05 9.9874E-05
9.98832E-05 0.00260751 0.856369 9.98832E-05 0.0220758 9.98832E-05 0.117649 9.98832E-05 9.98832E-05 9.98832E-05 9.98832E-05 9.98832E-05 9.98832E-05 9.98832E-05 9.98832E-05 9.98832E-05 9.98832E-05
9.98655E-05 9.98655E-05 0.0594072 9.98655E-05 0.939095 9.98655E-05 9.98655E-05 9.98655E-05 9.98655E-05 9.98655E-05 9.98655E-05 9.98655E-05 9.98655E-05 9.98655E-05 9.98655E-05 9.98655E-05 9.98655E-05
9.98656E-05 9.98656E-05 0.966072 9.98656E-05 9.98656E-05 9.98656E-05 9.98656E-05 9.98656E-05 9.98656E-05 9.98656E-05 9.98656E-05 9.98656E-05 9.98656E-05 9.98656E-05 0.0324296 9.98656E-05 9.98656E-05
9.98702E-05 9.98702E-05 0.862455 9.98702E-05 9.98702E-05 0.016984 0.00789363 9.98702E-05 9.98702E-05 0.111369 9.98702E-05 9.98702E-05 9.98702E-05 9.98702E-05 9.98702E-05 9.98702E-05 9.98702E-05
9.98919E-05 0.0547419 0.866443 9.98919E-05 9.98919E-05 0.016843 9.98919E-05 9.98919E-05 9.98919E-05 0.0578649 9.98919E-05 9.98919E-05 0.00290875 9.98919E-05 9.98919E-05 9.98919E-05 9.98919E-05
9.98562E-05 9.98562E-05 9.98562E-05 9.98562E-05 9.98562E-05 9.98562E-05 9.98562E-05 9.98562E-05 9.98562E-05 9.98562E-05 9.98562E-05 9.98562E-05 9.98562E-05 9.98562E-05 9.98562E-05 0.998402 9.98562E-05
9.98657E-05 9.98657E-05 9.98657E-05 9.98657E-05 9.98657E-05 9.98657E-05 9.98657E-05 0.0263467 9.98657E-05 9.98657E-05 9.98657E-05 0.972155 9.98657E-05 9.98657E-05 9.98657E-05 9.98657E-05 9.98657E-05
0.181358 0.010694 0.140142 9.9946E-05 0.0687266 0.0134962 9.9946E-05 9.9946E-05 0.013372 0.0905721 0.0992389 0.222997 0.0563244 9.9946E-05 9.9946E-05 9.9946E-05 0.102478
9.98702E-05 9.98702E-05 9.98702E-05 9.98702E-05 0.00625005 9.98702E-05 9.98702E-05 0.153996 0.00469794 9.98702E-05 9.98702E-05 0.833758 9.98702E-05 9.98702E-05 9.98702E-05 9.98702E-05 9.98702E-05
0.017654 9.9883E-05 9.9883E-05 0.116373 9.9883E-05 9.9883E-05 0.0024178 9.9883E-05 9.9883E-05 9.9883E-05 9.9883E-05 0.862256 9.9883E-05 9.9883E-05 9.9883E-05 9.9883E-05 9.9883E-05
9.98901E-05 9.98901E-05 9.98901E-05 9.98901E-05 0.0508964 9.98901E-05 9.98901E-05 9.98901E-05 0.0893916 9.98901E-05 0.0240843 0.811131 9.98901E-05 9.98901E-05 0.0102586 9.98901E-05 0.0131397
9.98831E-05 9.98831E-05 9.98831E-05 9.98831E-05 0.0376086 9.98831E-05 9.98831E-05 9.98831E-05 0.0552701 9.98831E-05 0.0709936 0.834829 9.98831E-05 9.98831E-05 9.98831E-05 9.98831E-05 9.98831E-05
9.99012E-05 0.01394 9.99012E-05 0.106051 9.99012E-05 9.99012E-05 0.0422244 9.99012E-05 0.0706311 0.0137795 9.99012E-05 0.752275 9.99012E-05 9.99012E-05 9.99012E-05 9.99012E-05 9.99012E-05
0.0142932 9.98919E-05 9.98919E-05 0.0319452 9.98919E-05 9.98919E-05 9.98919E-05 9.98919E-05 9.98919E-05 9.98919E-05 9.98919E-05 0.912751 9.98919E-05 9.98919E-05 0.0210116 9.98919E-05 0.0187998
9.9856E-05 9.9856E-05 9.9856E-05 9.9856E-05 9.9856E-05 9.9856E-05 9.9856E-05 9.9856E-05 0.998402 9.9856E-05 9.9856E-05 9.9856E-05 9.9856E-05 9.9856E-05 9.9856E-05 9.9856E-05 9.9856E-05
9.98651E-05 9.98651E-05 9.98651E-05 9.98651E-05 9.98651E-05 9.98651E-05 9.98651E-05 9.98651E-05 0.977505 9.98651E-05 9.98651E-05 9.98651E-05 9.98651E-05 9.98651E-05 0.0209974 9.98651E-05 9.98651E-05
9.98832E-05 9.98832E-05 9.98832E-05 9.98832E-05 0.0387696 9.98832E-05 9.98832E-05 0.0674787 9.98832E-05 9.98832E-05 9.98832E-05 0.882498 9.98832E-05 9.98832E-05 9.98832E-05 9.98832E-05 0.00995493
9.9883E-05 0.00585271 9.9883E-05 9.9883E-05 0.952277 9.9883E-05 9.9883E-05 9.9883E-05 0.0326363 9.9883E-05 0.00793552 9.9883E-05 9.9883E-05 9.9883E-05 9.9883E-05 9.9883E-05 9.9883E-05
9.9865E-05 9.9865E-05 9.9865E-05 9.9865E-05 0.983228 9.9865E-05 9.9865E-05 9.9865E-05 9.9865E-05 9.9865E-05 9.9865E-05 9.9865E-05 9.9865E-05 9.9865E-05 9.9865E-05 9.9865E-05 0.0152738
9.98562E-05 0.998402 9.98562E-05 9.98562E-05 9.98562E-05 9.98562E-05 9.98562E-05 9.98562E-05 9.98562E-05 9.98562E-05 9.98562E-05 9.98562E-05 9.98562E-05 9.98562E-05 9.98562E-05 9.98562E-05 9.98562E-05
9.98562E-05 0.998402 9.98562E-05 9.98562E-05 9.98562E-05 9.98562E-05 9.98562E-05 9.98562E-05 9.98562E-05 9.98562E-05 9.98562E-05 9.98562E-05 9.98562E-05 9.98562E-05 9.98562E-05 9.98562E-05 9.98562E-05
9.99099E-05 9.99099E-05 9.99099E-05 9.99099E-05 0.0561966 0.00240047 0.120048 9.99099E-05 9.99099E-05 0.748681 0.0673956 9.99099E-05 9.99099E-05 0.000580234 0.00369934 9.99099E-05 9.99099E-05
9.99099E-05 9.99099E-05 0.0235708 9.99099E-05 0.039476 9.99099E-05 0.0948761 9.99099E-05 0.016049 0.777683 0.0460817 9.99099E-05 9.99099E-05 9.99099E-05 9.99099E-05 9.99099E-05 0.00126455
0.00546989 0.965718 9.98833E-05 9.98833E-05 0.0138588 9.98833E-05 9.98833E-05 9.98833E-05 0.0136553 9.98833E-05 9.98833E-05 9.98833E-05 9.98833E-05 9.98833E-05 9.98833E-05 9.98833E-05 9.98833E-05
9.98563E-05 0.998402 9.98563E-05 9.98563E-05 9.98563E-05 9.98563E-05 9.98563E-05 9.98563E-05 9.98563E-05 9.98563E-05 9.98563E-05 9.98563E-05 9.98563E-05 9.98563E-05 9.98563E-05 9.98563E-05 9.98563E-05
9.9874E-05 9.9874E-05 0.0237541 9.9874E-05 9.9874E-05 9.9874E-05 9.9874E-05 9.9874E-05 9.9874E-05 9.9874E-05 9.9874E-05 9.9874E-05 9.9874E-05 0.96415 9.9874E-05 9.9874E-05 0.0106975
9.9892E-05 9.9892E-05 0.083552 9.9892E-05 0.103683 9.9892E-05 0.709783 9.9892E-05 9.9892E-05 9.9892E-05 9.9892E-05 9.9892E-05 0.0207121 9.9892E-05 0.0810717 9.9892E-05 9.9892E-05
9.9865E-05 9.9865E-05 9.9865E-05 9.9865E-05 9.9865E-05 9.9865E-05 9.9865E-05 9.9865E-05 9.9865E-05 9.9865E-05 0.930601 9.9865E-05 9.9865E-05 9.9865E-05 0.0679013 9.9865E-05 9.9865E-05
0.236141 0.0971636 0.241468 9.99013E-05 9.99013E-05 9.99013E-05 9.99013E-05 9.99013E-05 9.99013E-05 0.223628 9.99013E-05 0.0514662 0.149034 9.99013E-05 9.99013E-05 9.99013E-05 9.99013E-05
0.328374 0.143913 0.279262 0.0157984 9.99102E-05 9.99102E-05 0.0419763 9.99102E-05 9.99102E-05 9.99102E-05 9.99102E-05 9.99102E-05 0.0765308 0.113147 9.99102E-05 9.99102E-05 9.99102E-05
9.99012E-05 0.034085 9.99012E-05 9.99012E-05 9.99012E-05 9.99012E-05 9.99012E-05 9.99012E-05 0.600691 9.99012E-05 0.0224699 0.254995 0.035131 9.99012E-05 9.99012E-05 9.99012E-05 0.0515296
