9.9982E-05 9.9982E-05 0.0569698 0.94283
0.520714 9.9991E-05 0.0414621 0.437724
0.870302 0.0186432 0.110955 9.99911E-05
0.986809 9.9982E-05 0.0129914 9.9982E-05
0.692678 9.9991E-05 0.0036929 0.30353
0.982239 9.9982E-05 0.0175614 9.9982E-05
0.297216 9.99821E-05 9.99821E-05 0.702584
0.808652 9.9991E-05 0.0461118 0.145136
0.319776 9.99821E-05 9.99821E-05 0.680024
0.0369531 9.9991E-05 0.123062 0.839884
0.0124864 9.9991E-05 0.107107 0.880307
0.0272189 9.9991E-05 0.210421 0.762261
0.081737 9.99911E-05 0.0207796 0.897384
0.986635 0.0122365 0.00102889 9.9991E-05
0.956964 9.9991E-05 0.0238045 0.0191315
0.040052 9.9991E-05 0.0326085 0.92724
9.9991E-05 0.0921798 0.423176 0.484544
0.0314186 0.728664 9.9991E-05 0.239817
9.9982E-05 0.892081 0.107719 9.9982E-05
9.9982E-05 9.9982E-05 0.183859 0.815941
9.998E-05 0.9997 9.998E-05 9.998E-05
9.9982E-05 9.9982E-05 0.0691243 0.930676
0.0625899 0.414518 0.408623 0.114269
9.9982E-05 0.911015 0.0887848 9.9982E-05
0.9997 9.998E-05 9.998E-05 9.998E-05
0.9997 9.998E-05 9.998E-05 9.998E-05
9.9982E-05 9.9982E-05 0.107195 0.892605
0.9997 9.998E-05 9.998E-05 9.998E-05
0.9997 9.998E-05 9.998E-05 9.998E-05
0.905987 0.0305015 0.0634118 9.9991E-05
0.917383 9.9982E-05 0.0824169 9.9982E-05
0.569022 9.99821E-05 9.99821E-05 0.430778
0.9997 9.998E-05 9.998E-05 9.998E-05
0.805402 9.99821E-05 9.99821E-05 0.194398
0.0433947 9.9991E-05 0.276835 0.67967
0.987564 9.9982E-05 0.0122358 9.9982E-05
0.072405 9.9991E-05 0.0713421 0.856153
0.139791 0.0320617 0.0585512 0.769597
0.114831 0.0524863 0.503542 0.329141
0.100962 9.9991E-05 0.0959474 0.80299
0.0603849 0.00617989 0.117444 0.815991
9.9991E-05 0.0262338 0.119096 0.854571
0.0441704 9.9982E-05 9.9982E-05 0.95563
9.9982E-05 9.9982E-05 0.148052 0.851749
9.9991E-05 0.106542 0.215964 0.677394
0.0759749 0.044008 0.137855 0.742162
0.16276 9.9991E-05 0.169838 0.667302
9.99911E-05 0.0516971 0.0299485 0.918254
0.798659 0.0217582 9.9991E-05 0.179483
0.801095 0.0410123 9.9991E-05 0.157792
0.782347 0.0404755 9.9991E-05 0.177078
0.855949 0.0474815 9.9991E-05 0.0964695
0.832786 0.0214706 9.9991E-05 0.145643
0.717167 0.057353 9.9991E-05 0.22538
0.764663 9.9982E-05 9.9982E-05 0.235137
9.998E-05 9.998E-05 9.998E-05 0.9997
0.55633 9.9982E-05 9.9982E-05 0.44347
0.9997 9.998E-05 9.998E-05 9.998E-05
9.9982E-05 9.9982E-05 0.0543345 0.945466
0.0660243 9.9991E-05 0.0582779 0.875598
9.99821E-05 0.0169551 9.99821E-05 0.982845
9.9982E-05 9.9982E-05 0.00741965 0.99238
9.9991E-05 0.0181606 0.118106 0.863634
9.9982E-05 0.90885 9.9982E-05 0.0909505
0.9997 9.998E-05 9.998E-05 9.998E-05
0.379004 0.0631296 0.15266 0.405206
0.9997 9.998E-05 9.998E-05 9.998E-05
0.991828 9.9982E-05 0.00797226 9.9982E-05
0.9997 9.998E-05 9.998E-05 9.998E-05
0.9997 9.998E-05 9.998E-05 9.998E-05
0.969129 9.9982E-05 0.0306706 9.9982E-05
0.985796 9.9982E-05 0.0140043 9.9982E-05
0.915171 9.99821E-05 9.99821E-05 0.0846291
0.859848 0.0252959 9.99911E-05 0.114756
0.99664 0.000839245 0.00242068 9.9991E-05
0.170652 9.9991E-05 0.0562898 0.772958
0.145139 9.9991E-05 0.0628044 0.791956
9.998E-05 9.998E-05 0.9997 9.998E-05
9.998E-05 9.998E-05 0.9997 9.998E-05
0.0496316 9.9991E-05 0.100925 0.849344
0.0316714 0.0192299 0.0884254 0.860673
9.998E-05 9.998E-05 0.9997 9.998E-05
9.998E-05 9.998E-05 0.9997 9.998E-05
9.998E-05 9.998E-05 9.998E-05 0.9997
0.0277047 0.067145 9.9991E-05 0.90505
0.553977 9.9982E-05 9.9982E-05 0.445823
0.0423545 0.115559 0.346316 0.49577
9.9991E-05 0.0699719 0.406685 0.523243
0.894505 0.045858 0.0595366 9.9991E-05
