9.999E-05 0.9998 9.999E-05
0.573155 0.426745 9.9991E-05
0.919169 0.0478998 0.032931
0.9998 9.999E-05 9.999E-05
0.700228 0.299672 9.9991E-05
0.9998 9.999E-05 9.999E-05
0.332197 0.667703 9.99911E-05
0.814144 0.185756 9.9991E-05
0.350943 0.648957 9.9991E-05
0.0426564 0.953497 0.00384706
0.0551927 0.944707 9.9991E-05
0.0249346 0.974965 9.9991E-05
0.0283352 0.971565 9.99911E-05
0.991017 9.9991E-05 0.0088833
0.998411 9.9991E-05 0.00148943
0.0253393 0.974561 9.9991E-05
0.0290407 0.794058 0.176902
0.0463674 0.204196 0.749437
9.999E-05 9.999E-05 0.9998
9.999E-05 0.9998 9.999E-05
9.999E-05 9.999E-05 0.9998
9.999E-05 0.9998 9.999E-05
0.093742 0.315261 0.590997
9.999E-05 9.999E-05 0.9998
0.9998 9.999E-05 9.999E-05
0.9998 9.999E-05 9.999E-05
9.9991E-05 0.996209 0.00369109
0.9998 9.999E-05 9.999E-05
0.9998 9.999E-05 9.999E-05
0.939292 0.0152373 0.0454706
0.961382 9.9991E-05 0.0385182
0.572524 0.427376 9.99911E-05
0.9998 9.999E-05 9.999E-05
0.807918 0.191982 9.9991E-05
0.0593258 0.940574 9.9991E-05
0.9998 9.999E-05 9.999E-05
0.0131189 0.986781 9.9991E-05
0.128703 0.838033 0.0332646
0.179818 0.62689 0.193292
0.114641 0.860381 0.0249784
0.0892158 0.902005 0.00877874
9.9991E-05 0.978373 0.0215273
0.0215483 0.978352 9.9991E-05
0.0223337 0.970373 0.00729324
9.9991E-05 0.82433 0.17557
0.110218 0.847873 0.0419087
0.154245 0.834777 0.0109779
9.99911E-05 0.999636 0.000263975
0.800968 0.189782 0.00925008
0.829063 0.137502 0.0334355
0.810792 0.181459 0.00774846
0.821619 0.12661 0.0517703
0.872258 0.117161 0.010581
0.754149 0.22311 0.0227409
0.773923 0.225977 9.9991E-05
9.999E-05 0.9998 9.999E-05
0.564204 0.435696 9.9991E-05
0.9998 9.999E-05 9.999E-05
9.999E-05 0.9998 9.999E-05
0.0486505 0.951249 9.9991E-05
9.999E-05 0.9998 9.999E-05
9.999E-05 0.9998 9.999E-05
9.9991E-05 0.979794 0.0201065
9.9991E-05 0.0735451 0.926355
0.9998 9.999E-05 9.999E-05
0.510961 0.488907 0.000132687
0.9998 9.999E-05 9.999E-05
0.9998 9.999E-05 9.999E-05
0.9998 9.999E-05 9.999E-05
0.996782 9.9991E-05 0.00311817
0.973641 0.0262593 9.9991E-05
0.9998 9.999E-05 9.999E-05
0.943389 0.0531587 0.00345241
0.867521 0.113399 0.0190804
0.9998 9.999E-05 9.999E-05
0.148413 0.851487 9.9991E-05
0.153023 0.846877 9.9991E-05
0.108831 0.60896 0.282209
0.106488 0.589772 0.30374
0.0456422 0.954258 9.9991E-05
0.0529395 0.946961 9.9991E-05
0.11759 0.622847 0.259563
0.117556 0.593611 0.288833
9.999E-05 0.9998 9.999E-05
0.025034 0.943782 0.0311841
0.525666 0.474234 9.9991E-05
0.0711038 0.693568 0.235328
9.9991E-05 0.82683 0.17307
0.917787 0.00628113 0.075932
