9.996E-05 9.996E-05 0.9995 9.996E-05 9.996E-05 9.996E-05
9.9973E-05 9.9973E-05 0.458188 0.206418 0.335094 9.9973E-05
0.0626579 0.0564392 9.99911E-05 0.112616 0.729506 0.0386814
0.0468122 9.9964E-05 9.9964E-05 9.9964E-05 0.952788 9.9964E-05
9.99731E-05 9.99731E-05 0.27669 0.221159 0.501851 9.99731E-05
9.996E-05 9.996E-05 9.996E-05 9.996E-05 0.9995 9.996E-05
9.99731E-05 0.609716 9.99731E-05 0.385688 0.00429591 9.99731E-05
0.0206405 9.9982E-05 0.0948552 0.470192 0.414112 9.9982E-05
9.99731E-05 0.504396 0.0646069 0.430697 9.99731E-05 9.99731E-05
0.0748186 0.0440546 0.766842 0.114085 9.99821E-05 9.99821E-05
0.09096 0.111873 0.70228 0.0946873 9.9982E-05 9.9982E-05
0.139931 0.150859 0.673644 9.9982E-05 0.0353658 9.9982E-05
9.99641E-05 0.985121 9.99641E-05 9.99641E-05 0.0144793 9.99641E-05
0.0216545 9.9982E-05 0.00577407 9.9982E-05 0.94869 0.0236817
9.9964E-05 9.9964E-05 0.0529202 9.9964E-05 0.94668 9.9964E-05
0.011675 0.422497 0.508433 0.0157448 0.0415503 9.9991E-05
0.379028 0.204867 0.311319 9.9991E-05 0.0223298 0.0823565
9.99729E-05 9.99729E-05 0.187991 0.0809831 9.99729E-05 0.730726
0.0783792 9.9964E-05 9.9964E-05 9.9964E-05 9.9964E-05 0.921221
0.1457 0.116643 0.737358 9.9973E-05 9.9973E-05 9.9973E-05
9.9964E-05 9.9964E-05 9.9964E-05 0.000368781 9.9964E-05 0.999231
9.99689E-05 0.109939 0.889661 9.99689E-05 9.99689E-05 9.99689E-05
0.384374 9.9982E-05 0.100753 0.067556 9.9982E-05 0.447116
0.0880952 9.99639E-05 9.99639E-05 9.99639E-05 9.99639E-05 0.911505
9.996E-05 9.996E-05 9.996E-05 9.996E-05 0.9995 9.996E-05
9.996E-05 9.996E-05 9.996E-05 9.996E-05 0.9995 9.996E-05
0.0927921 0.79053 0.116378 9.99729E-05 9.99729E-05 9.99729E-05
9.9964E-05 9.9964E-05 9.9964E-05 0.0639198 0.93568 9.9964E-05
9.9964E-05 9.9964E-05 9.9964E-05 0.111877 0.887723 9.9964E-05
0.0239481 0.0104359 9.9991E-05 0.272132 0.669353 0.0240313
0.0427314 9.9973E-05 9.9973E-05 0.31832 0.638649 9.9973E-05
9.99731E-05 9.99731E-05 0.322008 0.530516 0.147176 9.99731E-05
0.018104 9.9973E-05 9.9973E-05 0.0098997 0.971696 9.9973E-05
0.00871157 9.9973E-05 9.9973E-05 0.91553 0.0754581 9.9973E-05
0.240999 0.562936 0.132531 9.99819E-05 0.0633341 9.99819E-05
9.99639E-05 0.0224759 9.99639E-05 9.99639E-05 0.977124 9.99639E-05
9.99642E-05 9.99642E-05 0.96462 9.99642E-05 0.0349799 9.99642E-05
0.0181221 9.9991E-05 0.768073 0.142722 0.0250673 0.0459156
0.399285 0.202468 0.18755 9.9991E-05 0.153513 0.0570845
0.0153963 9.9982E-05 0.850867 9.9982E-05 0.122002 0.0115351
0.0131502 9.9982E-05 0.881358 9.9982E-05 0.0952211 0.0100705
0.0776271 0.0432461 0.860323 0.00190928 9.9991E-05 0.0167944
9.9973E-05 0.335404 0.624292 0.0400041 9.9973E-05 9.9973E-05
0.0923713 0.0632277 0.761804 0.0624675 9.9991E-05 0.0200291
0.166192 0.192371 0.485816 0.0295863 9.9991E-05 0.125935
0.101155 0.012683 0.694293 0.0760031 0.0406614 0.0752039
0.146774 0.256228 0.404239 0.0312479 0.161411 9.9991E-05
9.99644E-05 9.99644E-05 0.988773 9.99644E-05 9.99644E-05 0.0108269
9.996E-05 9.996E-05 9.996E-05 0.9995 9.996E-05 9.996E-05
9.996E-05 9.996E-05 9.996E-05 0.9995 9.996E-05 9.996E-05
9.996E-05 9.996E-05 9.996E-05 0.9995 9.996E-05 9.996E-05
9.996E-05 9.996E-05 9.996E-05 0.9995 9.996E-05 9.996E-05
9.996E-05 9.996E-05 9.996E-05 0.9995 9.996E-05 9.996E-05
9.9991E-05 0.0866063 0.0176545 0.67948 0.183581 0.0325782
0.0121276 9.9973E-05 0.000918945 0.986654 9.9973E-05 9.9973E-05
9.9964E-05 0.0502152 0.949385 9.9964E-05 9.9964E-05 9.9964E-05
9.9982E-05 0.00787999 0.361965 0.557062 0.0728932 9.9982E-05
9.996E-05 9.996E-05 9.996E-05 9.996E-05 0.9995 9.996E-05
0.0373231 0.923155 0.039222 9.9973E-05 9.9973E-05 9.9973E-05
0.0012738 0.420859 0.476492 9.9982E-05 0.101175 9.9982E-05
9.996E-05 0.9995 9.996E-05 9.996E-05 9.996E-05 9.996E-05
0.00909256 0.911171 0.0794365 9.99729E-05 9.99729E-05 9.99729E-05
0.0917292 0.883201 0.0247702 9.99729E-05 9.99729E-05 9.99729E-05
9.99641E-05 9.99641E-05 0.107291 9.99641E-05 9.99641E-05 0.89231
0.0173236 9.99641E-05 9.99641E-05 9.99641E-05 0.982277 9.99641E-05
0.0460729 0.123108 0.408133 0.161558 0.260414 0.000713137
9.99641E-05 0.00695681 9.99641E-05 9.99641E-05 0.992643 9.99641E-05
9.9973E-05 9.9973E-05 0.00824136 0.028466 0.962993 9.9973E-05
9.9973E-05 0.00251305 9.9973E-05 0.119309 0.877878 9.9973E-05
9.9982E-05 0.00667415 9.9982E-05 0.059674 0.919671 0.0137813
9.99686E-05 9.99686E-05 0.0519667 9.99686E-05 0.947633 9.99686E-05
0.000930836 9.9973E-05 0.0016991 9.9973E-05 0.99707 9.9973E-05
9.99643E-05 9.99643E-05 9.99643E-05 0.472126 0.527474 9.99643E-05
9.99732E-05 0.14747 9.99732E-05 0.365822 0.486408 9.99732E-05
9.9982E-05 9.9982E-05 0.0435232 0.00219149 0.952864 0.00122123
0.0518578 0.18414 0.587277 0.117266 0.059359 9.9991E-05
0.0468766 0.229532 0.550889 0.127018 0.0455847 9.9991E-05
0.9995 9.996E-05 9.996E-05 9.996E-05 9.996E-05 9.996E-05
0.9995 9.996E-05 9.996E-05 9.996E-05 9.996E-05 9.996E-05
0.0520363 0.084414 0.791603 0.0717467 9.9982E-05 9.9982E-05
0.0505832 0.112117 0.746855 0.0748578 9.9991E-05 0.0154869
0.9995 9.996E-05 9.996E-05 9.996E-05 9.996E-05 9.996E-05
0.9995 9.996E-05 9.996E-05 9.996E-05 9.996E-05 9.996E-05
9.9964E-05 0.0326097 0.96699 9.9964E-05 9.9964E-05 9.9964E-05
9.9982E-05 0.335834 0.546332 0.0481477 9.9982E-05 0.0694865
9.9982E-05 0.0126089 0.338396 0.609103 0.0396925 9.9982E-05
0.284515 0.390143 0.155831 9.9991E-05 0.0575429 0.111868
0.327323 0.470323 0.136696 9.99821E-05 9.99821E-05 0.0654583
0.0379349 9.99821E-05 9.99821E-05 0.284229 0.616245 0.0613918
