9.999E-05 0.9998 9.999E-05
0.516958 0.482942 9.9991E-05
0.89113 0.0344051 0.0744652
0.9998 9.999E-05 9.999E-05
0.690244 0.309656 9.9991E-05
0.9998 9.999E-05 9.999E-05
0.347629 0.652271 9.99911E-05
0.809464 0.190436 9.9991E-05
0.381227 0.618673 9.9991E-05
0.0467837 0.953116 9.9991E-05
0.022422 0.977478 9.9991E-05
0.0480678 0.951832 9.9991E-05
0.042574 0.957326 9.99911E-05
0.974292 9.9991E-05 0.0256084
0.99124 9.9991E-05 0.00865978
0.0193337 0.980566 9.9991E-05
0.015979 0.814353 0.169668
0.0119226 0.260278 0.7278
9.999E-05 9.999E-05 0.9998
9.999E-05 0.9998 9.999E-05
9.999E-05 9.999E-05 0.9998
9.999E-05 0.9998 9.999E-05
0.0677967 0.407812 0.524391
9.9991E-05 0.0249604 0.97494
0.9998 9.999E-05 9.999E-05
0.9998 9.999E-05 9.999E-05
9.999E-05 0.9998 9.999E-05
0.9998 9.999E-05 9.999E-05
0.9998 9.999E-05 9.999E-05
0.936282 0.0350646 0.0286538
0.945432 0.0131203 0.0414477
0.583321 0.416579 9.99911E-05
0.9998 9.999E-05 9.999E-05
0.813257 0.186643 9.9991E-05
0.05777 0.94213 9.9991E-05
0.9998 9.999E-05 9.999E-05
0.0549107 0.944989 9.9991E-05
0.138001 0.823353 0.0386461
0.165774 0.675076 0.159151
0.112967 0.881166 0.00586776
0.101055 0.896325 0.00262023
9.9991E-05 0.979773 0.0201268
0.00329163 0.996608 9.9991E-05
9.9991E-05 0.996899 0.00300151
9.9991E-05 0.871804 0.128096
0.131629 0.840217 0.0281533
0.130978 0.868922 9.9991E-05
9.999E-05 0.9998 9.999E-05
0.869152 0.120565 0.0102821
0.820194 0.145802 0.0340041
0.770764 0.193853 0.0353832
0.828829 0.138423 0.0327478
0.864912 0.130927 0.00416079
0.707613 0.251855 0.0405315
0.742239 0.257661 9.9991E-05
9.999E-05 0.9998 9.999E-05
0.548715 0.451185 9.9991E-05
0.9998 9.999E-05 9.999E-05
9.999E-05 0.9998 9.999E-05
0.0531541 0.946746 9.9991E-05
9.999E-05 0.9998 9.999E-05
9.999E-05 0.9998 9.999E-05
9.999E-05 0.9998 9.999E-05
0.00899473 0.065545 0.92546
0.9998 9.999E-05 9.999E-05
0.462526 0.445355 0.0921189
0.9998 9.999E-05 9.999E-05
0.9998 9.999E-05 9.999E-05
0.9998 9.999E-05 9.999E-05
0.9998 9.999E-05 9.999E-05
0.977807 0.0220925 9.9991E-05
0.9998 9.999E-05 9.999E-05
0.926276 0.0736245 9.99911E-05
0.868053 0.0945386 0.0374084
0.9998 9.999E-05 9.999E-05
0.137806 0.862094 9.9991E-05
0.157644 0.842256 9.9991E-05
0.0832899 0.710902 0.205808
0.0693826 0.712647 0.21797
0.0501281 0.949772 9.9991E-05
0.0200178 0.979882 9.9991E-05
0.0946665 0.715037 0.190296
0.091101 0.702083 0.206816
9.999E-05 0.9998 9.999E-05
0.0366701 0.911263 0.0520671
0.560641 0.439259 9.9991E-05
0.0705188 0.746351 0.183131
9.9991E-05 0.843393 0.156507
0.907225 0.0147645 0.0780104
