9.98738E-05 0.00165517 0.939482 9.98738E-05 9.98738E-05 0.00219268 9.98738E-05 9.98738E-05 9.98738E-05 9.98738E-05 9.98738E-05 9.98738E-05 9.98738E-05 9.98738E-05 0.0502346 9.98738E-05 9.98738E-05 0.00503687 9.98738E-05
9.98649E-05 9.98649E-05 9.98649E-05 9.98649E-05 0.632052 0.0415526 9.98649E-05 9.98649E-05 9.98649E-05 0.128624 9.98649E-05 9.98649E-05 9.98649E-05 9.98649E-05 9.98649E-05 9.98649E-05 9.98649E-05 9.98649E-05 0.196274
9.98381E-05 9.98381E-05 9.98381E-05 9.98381E-05 9.98381E-05 9.98381E-05 9.98381E-05 9.98381E-05 9.98381E-05 9.98381E-05 0.998203 9.98381E-05 9.98381E-05 9.98381E-05 9.98381E-05 9.98381E-05 9.98381E-05 9.98381E-05 9.98381E-05
0.0251522 0.0238172 9.98651E-05 9.98651E-05 9.98651E-05 9.98651E-05 0.0567237 9.98651E-05 9.98651E-05 0.892809 9.98651E-05 9.98651E-05 9.98651E-05 9.98651E-05 9.98651E-05 9.98651E-05 9.98651E-05 9.98651E-05 9.98651E-05
0.0932353 0.00139964 0.0322053 9.99282E-05 0.0616338 0.00349291 9.99282E-05 9.99282E-05 0.00211568 0.329948 9.99282E-05 0.187638 0.159371 9.99282E-05 0.0818308 9.99282E-05 9.99282E-05 9.99282E-05 0.0463312
9.98472E-05 9.98472E-05 9.98472E-05 9.98472E-05 9.98472E-05 9.98472E-05 9.98472E-05 9.98472E-05 0.0160508 0.982252 9.98472E-05 9.98472E-05 9.98472E-05 9.98472E-05 9.98472E-05 9.98472E-05 9.98472E-05 9.98472E-05 9.98472E-05
9.98382E-05 9.98382E-05 9.98382E-05 9.98382E-05 9.98382E-05 9.98382E-05 9.98382E-05 9.98382E-05 9.98382E-05 9.98382E-05 9.98382E-05 0.998203 9.98382E-05 9.98382E-05 9.98382E-05 9.98382E-05 9.98382E-05 9.98382E-05 9.98382E-05
0.0767384 0.00904486 9.98829E-05 9.98829E-05 0.056472 9.98829E-05 9.98829E-05 9.98829E-05 9.98829E-05 9.98829E-05 0.0297395 9.98829E-05 0.729274 9.98829E-05 0.097433 9.98829E-05 9.98829E-05 9.98829E-05 9.98829E-05
9.9856E-05 9.9856E-05 9.9856E-05 9.9856E-05 0.0521285 0.00663719 9.9856E-05 9.9856E-05 9.9856E-05 9.9856E-05 9.9856E-05 0.939637 9.9856E-05 9.9856E-05 9.9856E-05 9.9856E-05 9.9856E-05 9.9856E-05 9.9856E-05
9.98472E-05 9.98472E-05 9.98472E-05 9.98472E-05 9.98472E-05 9.98472E-05 9.98472E-05 9.98472E-05 9.98472E-05 9.98472E-05 9.98472E-05 0.126184 9.98472E-05 9.98472E-05 0.872119 9.98472E-05 9.98472E-05 9.98472E-05 9.98472E-05
9.98473E-05 9.98473E-05 9.98473E-05 9.98473E-05 9.98473E-05 9.98473E-05 9.98473E-05 9.98473E-05 9.98473E-05 9.98473E-05 9.98473E-05 0.128518 9.98473E-05 9.98473E-05 0.869785 9.98473E-05 9.98473E-05 9.98473E-05 9.98473E-05
9.9901E-05 0.122116 0.664656 9.9901E-05 9.9901E-05 0.0137357 0.0278745 9.9901E-05 0.0106289 9.9901E-05 0.00950276 9.9901E-05 9.9901E-05 0.00250946 9.9901E-05 9.9901E-05 0.147878 9.9901E-05 9.9901E-05
9.98403E-05 9.98403E-05 9.98403E-05 9.98403E-05 9.98403E-05 9.98403E-05 0.00389017 9.98403E-05 9.98403E-05 9.98403E-05 9.98403E-05 0.0465043 9.98403E-05 9.98403E-05 9.98403E-05 9.98403E-05 0.948008 9.98403E-05 9.98403E-05
9.98561E-05 9.98561E-05 9.98561E-05 9.98561E-05 9.98561E-05 9.98561E-05 9.98561E-05 9.98561E-05 0.00547015 0.963232 9.98561E-05 9.98561E-05 9.98561E-05 0.0297006 9.98561E-05 9.98561E-05 9.98561E-05 9.98561E-05 9.98561E-05
9.98561E-05 9.98561E-05 9.98561E-05 9.98561E-05 9.98561E-05 9.98561E-05 9.98561E-05 9.98561E-05 9.98561E-05 0.957097 9.98561E-05 9.98561E-05 9.98561E-05 0.0241511 9.98561E-05 9.98561E-05 9.98561E-05 0.0171542 9.98561E-05
9.98651E-05 9.98651E-05 9.98651E-05 9.98651E-05 9.98651E-05 9.98651E-05 9.98651E-05 9.98651E-05 0.120218 9.98651E-05 9.98651E-05 9.98651E-05 9.98651E-05 9.98651E-05 0.00969 0.794378 0.0742158 9.98651E-05 9.98651E-05
9.98649E-05 9.98649E-05 9.98649E-05 9.98649E-05 9.98649E-05 0.885256 9.98649E-05 0.0145416 9.98649E-05 9.98649E-05 9.98649E-05 9.98649E-05 9.98649E-05 9.98649E-05 0.0767427 9.98649E-05 9.98649E-05 0.0219614 9.98649E-05
0.00250609 9.98738E-05 9.98738E-05 9.98738E-05 0.00837335 9.98738E-05 9.98738E-05 9.98738E-05 9.98738E-05 9.98738E-05 9.98738E-05 9.98738E-05 9.98738E-05 0.845266 0.0613547 9.98738E-05 9.98738E-05 9.98738E-05 0.081102
9.98473E-05 9.98473E-05 9.98473E-05 9.98473E-05 9.98473E-05 9.98473E-05 0.00722498 0.991078 9.98473E-05 9.98473E-05 9.98473E-05 9.98473E-05 9.98473E-05 9.98473E-05 9.98473E-05 9.98473E-05 9.98473E-05 9.98473E-05 9.98473E-05
9.98828E-05 0.0154309 0.0654763 9.98828E-05 9.98828E-05 0.00877075 9.98828E-05 9.98828E-05 0.159652 9.98828E-05 9.98828E-05 9.98828E-05 9.98828E-05 9.98828E-05 0.427041 0.322331 9.98828E-05 9.98828E-05 9.98828E-05
9.9856E-05 9.9856E-05 9.9856E-05 0.00341805 9.9856E-05 9.9856E-05 9.9856E-05 0.0777985 9.9856E-05 9.9856E-05 9.9856E-05 9.9856E-05 9.9856E-05 0.917186 9.9856E-05 9.9856E-05 9.9856E-05 9.9856E-05 9.9856E-05
9.9892E-05 0.000386909 0.340518 9.9892E-05 9.9892E-05 0.00652968 9.9892E-05 9.9892E-05 9.9892E-05 9.9892E-05 9.9892E-05 9.9892E-05 9.9892E-05 9.9892E-05 0.00167915 0.164574 0.0925444 9.9892E-05 0.39257
9.98381E-05 9.98381E-05 9.98381E-05 9.98381E-05 9.98381E-05 9.98381E-05 9.98381E-05 9.98381E-05 9.98381E-05 9.98381E-05 9.98381E-05 9.98381E-05 9.98381E-05 9.98381E-05 9.98381E-05 9.98381E-05 9.98381E-05 0.998203 9.98381E-05
9.98651E-05 9.98651E-05 9.98651E-05 9.98651E-05 9.98651E-05 9.98651E-05 9.98651E-05 0.898592 9.98651E-05 9.98651E-05 9.98651E-05 9.98651E-05 9.98651E-05 0.0122093 0.0142612 9.98651E-05 9.98651E-05 0.0734399 9.98651E-05
9.98563E-05 9.98563E-05 9.98563E-05 9.98563E-05 9.98563E-05 9.98563E-05 0.556869 9.98563E-05 9.98563E-05 0.415447 0.0260869 9.98563E-05 9.98563E-05 9.98563E-05 9.98563E-05 9.98563E-05 9.98563E-05 9.98563E-05 9.98563E-05
9.98564E-05 9.98564E-05 9.98564E-05 9.98564E-05 0.0065559 9.98564E-05 0.133739 9.98564E-05 9.98564E-05 0.858108 9.98564E-05 9.98564E-05 9.98564E-05 9.98564E-05 9.98564E-05 9.98564E-05 9.98564E-05 9.98564E-05 9.98564E-05
9.98739E-05 0.0209281 0.0575036 9.98739E-05 9.98739E-05 0.056013 9.98739E-05 9.98739E-05 9.98739E-05 9.98739E-05 9.98739E-05 9.98739E-05 9.98739E-05 9.98739E-05 0.0449739 9.98739E-05 0.819183 9.98739E-05 9.98739E-05
9.98472E-05 0.0063205 9.98472E-05 9.98472E-05 9.98472E-05 9.98472E-05 0.991982 9.98472E-05 9.98472E-05 9.98472E-05 9.98472E-05 9.98472E-05 9.98472E-05 9.98472E-05 9.98472E-05 9.98472E-05 9.98472E-05 9.98472E-05 9.98472E-05
9.98383E-05 9.98383E-05 9.98383E-05 9.98383E-05 9.98383E-05 9.98383E-05 0.998203 9.98383E-05 9.98383E-05 9.98383E-05 9.98383E-05 9.98383E-05 9.98383E-05 9.98383E-05 9.98383E-05 9.98383E-05 9.98383E-05 9.98383E-05 9.98383E-05
0.125239 0.0081877 9.99011E-05 0.0366081 9.99011E-05 0.00476974 0.217185 9.99011E-05 9.99011E-05 0.230331 0.0916702 9.99011E-05 0.28491 9.99011E-05 9.99011E-05 9.99011E-05 9.99011E-05 9.99011E-05 9.99011E-05
9.98649E-05 0.00104517 9.98649E-05 9.98649E-05 9.98649E-05 9.98649E-05 9.98649E-05 9.98649E-05 0.0319518 0.261688 9.98649E-05 9.98649E-05 0.703818 9.98649E-05 9.98649E-05 9.98649E-05 9.98649E-05 9.98649E-05 9.98649E-05
9.98384E-05 9.98384E-05 9.98384E-05 9.98384E-05 0.998203 9.98384E-05 9.98384E-05 9.98384E-05 9.98384E-05 9.98384E-05 9.98384E-05 9.98384E-05 9.98384E-05 9.98384E-05 9.98384E-05 9.98384E-05 9.98384E-05 9.98384E-05 9.98384E-05
9.98652E-05 9.98652E-05 9.98652E-05 9.98652E-05 9.98652E-05 9.98652E-05 0.249831 9.98652E-05 9.98652E-05 0.558008 0.0312299 9.98652E-05 0.159434 9.98652E-05 9.98652E-05 9.98652E-05 9.98652E-05 9.98652E-05 9.98652E-05
0.696692 9.98564E-05 0.0121397 9.98564E-05 9.98564E-05 9.98564E-05 9.98564E-05 9.98564E-05 9.98564E-05 9.98564E-05 9.98564E-05 9.98564E-05 0.289571 9.98564E-05 9.98564E-05 9.98564E-05 9.98564E-05 9.98564E-05 9.98564E-05
9.98827E-05 0.0848274 9.98827E-05 9.98827E-05 9.98827E-05 0.199417 9.98827E-05 9.98827E-05 0.0623257 9.98827E-05 9.98827E-05 9.98827E-05 0.0828907 9.98827E-05 9.98827E-05 9.98827E-05 0.457505 9.98827E-05 0.111735
9.9874E-05 9.9874E-05 9.9874E-05 9.9874E-05 9.9874E-05 9.9874E-05 0.580038 9.9874E-05 0.0194689 0.387371 9.9874E-05 9.9874E-05 0.00621283 9.9874E-05 9.9874E-05 9.9874E-05 0.0055107 9.9874E-05 9.9874E-05
9.98562E-05 9.98562E-05 0.93275 9.98562E-05 9.98562E-05 9.98562E-05 9.98562E-05 9.98562E-05 9.98562E-05 9.98562E-05 0.0363729 9.98562E-05 0.0292798 9.98562E-05 9.98562E-05 9.98562E-05 9.98562E-05 9.98562E-05 9.98562E-05
9.99008E-05 9.99008E-05 0.0742212 0.0268478 0.193354 0.0390437 9.99008E-05 9.99008E-05 9.99008E-05 0.0159491 9.99008E-05 9.99008E-05 9.99008E-05 9.99008E-05 0.590988 9.99008E-05 9.99008E-05 0.0267247 0.0317719
9.98472E-05 9.98472E-05 9.98472E-05 9.98472E-05 9.98472E-05 0.986584 9.98472E-05 9.98472E-05 9.98472E-05 0.011719 9.98472E-05 9.98472E-05 9.98472E-05 9.98472E-05 9.98472E-05 9.98472E-05 9.98472E-05 9.98472E-05 9.98472E-05
9.9847E-05 9.9847E-05 9.9847E-05 9.9847E-05 9.9847E-05 9.9847E-05 9.9847E-05 9.9847E-05 9.9847E-05 0.013662 9.9847E-05 9.9847E-05 9.9847E-05 9.9847E-05 9.9847E-05 9.9847E-05 9.9847E-05 9.9847E-05 0.984641
9.9847E-05 9.9847E-05 0.0120702 9.9847E-05 9.9847E-05 9.9847E-05 9.9847E-05 9.9847E-05 9.9847E-05 9.9847E-05 9.9847E-05 9.9847E-05 9.9847E-05 9.9847E-05 9.9847E-05 9.9847E-05 9.9847E-05 9.9847E-05 0.986232
9.98919E-05 9.98919E-05 0.00514177 9.98919E-05 9.98919E-05 0.0219792 9.98919E-05 0.0170187 0.000937056 9.98919E-05 9.98919E-05 9.98919E-05 9.98919E-05 9.98919E-05 0.87231 0.0148978 9.98919E-05 9.98919E-05 0.0665173
9.9892E-05 9.9892E-05 0.0071994 0.01695 9.9892E-05 9.9892E-05 9.9892E-05 9.9892E-05 9.9892E-05 9.9892E-05 9.9892E-05 0.0697729 9.9892E-05 9.9892E-05 0.00763551 0.831761 0.0417705 9.9892E-05 0.0237119
9.98561E-05 9.98561E-05 0.00293196 9.98561E-05 9.98561E-05 9.98561E-05 9.98561E-05 9.98561E-05 0.106566 9.98561E-05 9.98561E-05 9.98561E-05 9.98561E-05 9.98561E-05 0.888904 9.98561E-05 9.98561E-05 9.98561E-05 9.98561E-05
9.99189E-05 0.0511402 0.0125196 9.99189E-05 0.0489064 9.99189E-05 9.99189E-05 0.040721 0.215801 9.99189E-05 9.99189E-05 9.99189E-05 9.99189E-05 9.99189E-05 0.262543 0.0160937 0.101189 0.118886 0.131301
9.99009E-05 9.99009E-05 0.0353 0.0821477 9.99009E-05 9.99009E-05 9.99009E-05 9.99009E-05 0.199111 0.00341225 9.99009E-05 9.99009E-05 0.0559235 9.99009E-05 0.349657 0.0786475 9.99009E-05 9.99009E-05 0.194702
0.0158206 9.9919E-05 0.185064 9.9919E-05 9.9919E-05 0.144785 9.9919E-05 9.9919E-05 0.275735 0.0141516 0.0548964 0.0417365 9.9919E-05 9.9919E-05 0.165663 9.9919E-05 0.0916823 9.9919E-05 0.00956664
9.9857E-05 9.9857E-05 0.946115 0.0250459 9.9857E-05 9.9857E-05 9.9857E-05 9.9857E-05 9.9857E-05 9.9857E-05 9.9857E-05 9.9857E-05 9.9857E-05 9.9857E-05 9.9857E-05 9.9857E-05 9.9857E-05 0.0272418 9.9857E-05
0.998203 9.98383E-05 9.98383E-05 9.98383E-05 9.98383E-05 9.98383E-05 9.98383E-05 9.98383E-05 9.98383E-05 9.98383E-05 9.98383E-05 9.98383E-05 9.98383E-05 9.98383E-05 9.98383E-05 9.98383E-05 9.98383E-05 9.98383E-05 9.98383E-05
0.991188 9.98548E-05 9.98548E-05 9.98548E-05 9.98548E-05 9.98548E-05 9.98548E-05 9.98548E-05 9.98548E-05 0.00711401 9.98548E-05 9.98548E-05 9.98548E-05 9.98548E-05 9.98548E-05 9.98548E-05 9.98548E-05 9.98548E-05 9.98548E-05
0.978237 9.98473E-05 9.98473E-05 9.98473E-05 9.98473E-05 9.98473E-05 9.98473E-05 9.98473E-05 9.98473E-05 9.98473E-05 9.98473E-05 9.98473E-05 9.98473E-05 9.98473E-05 0.0200652 9.98473E-05 9.98473E-05 9.98473E-05 9.98473E-05
0.998203 9.98383E-05 9.98383E-05 9.98383E-05 9.98383E-05 9.98383E-05 9.98383E-05 9.98383E-05 9.98383E-05 9.98383E-05 9.98383E-05 9.98383E-05 9.98383E-05 9.98383E-05 9.98383E-05 9.98383E-05 9.98383E-05 9.98383E-05 9.98383E-05
0.998203 9.98384E-05 9.98384E-05 9.98384E-05 9.98384E-05 9.98384E-05 9.98384E-05 9.98384E-05 9.98384E-05 9.98384E-05 9.98384E-05 9.98384E-05 9.98384E-05 9.98384E-05 9.98384E-05 9.98384E-05 9.98384E-05 9.98384E-05 9.98384E-05
0.309098 9.98922E-05 9.98922E-05 9.98922E-05 0.0885605 9.98922E-05 0.0176965 9.98922E-05 9.98922E-05 9.98922E-05 9.98922E-05 0.00355058 0.422113 9.98922E-05 9.98922E-05 0.0768365 9.98922E-05 0.0809462 9.98922E-05
0.944334 9.98652E-05 9.98652E-05 9.98652E-05 0.0498824 0.00302445 9.98652E-05 9.98652E-05 9.98652E-05 9.98652E-05 9.98652E-05 9.98652E-05 9.98652E-05 9.98652E-05 9.98652E-05 9.98652E-05 0.00126146 9.98652E-05 9.98652E-05
9.98558E-05 9.98558E-05 0.807422 9.98558E-05 9.98558E-05 9.98558E-05 9.98558E-05 9.98558E-05 0.0300872 9.98558E-05 9.98558E-05 9.98558E-05 9.98558E-05 9.98558E-05 9.98558E-05 0.160893 9.98558E-05 9.98558E-05 9.98558E-05
0.0295806 0.00974748 9.98829E-05 9.98829E-05 0.901529 9.98829E-05 0.016971 9.98829E-05 9.98829E-05 9.98829E-05 0.00314612 0.0377276 9.98829E-05 9.98829E-05 9.98829E-05 9.98829E-05 9.98829E-05 9.98829E-05 9.98829E-05
9.9856E-05 9.9856E-05 9.9856E-05 9.9856E-05 9.9856E-05 9.9856E-05 0.36903 9.9856E-05 9.9856E-05 0.613406 9.9856E-05 9.9856E-05 9.9856E-05 9.9856E-05 9.9856E-05 9.9856E-05 9.9856E-05 9.9856E-05 0.0159668
0.00829015 0.0280994 9.98741E-05 9.98741E-05 9.98741E-05 9.98741E-05 9.98741E-05 9.98741E-05 9.98741E-05 9.98741E-05 9.98741E-05 9.98741E-05 9.98741E-05 0.010539 9.98741E-05 9.98741E-05 0.807502 9.98741E-05 0.144171
9.98475E-05 9.98475E-05 9.98475E-05 9.98475E-05 9.98475E-05 9.98475E-05 9.98475E-05 9.98475E-05 0.0920545 9.98475E-05 9.98475E-05 9.98475E-05 9.98475E-05 9.98475E-05 9.98475E-05 0.906248 9.98475E-05 9.98475E-05 9.98475E-05
9.98565E-05 9.98565E-05 9.98565E-05 9.98565E-05 9.98565E-05 9.98565E-05 9.98565E-05 9.98565E-05 9.98565E-05 9.98565E-05 0.0196641 0.0607127 9.98565E-05 9.98565E-05 9.98565E-05 9.98565E-05 0.918025 9.98565E-05 9.98565E-05
9.98649E-05 9.98649E-05 9.98649E-05 9.98649E-05 9.98649E-05 9.98649E-05 9.98649E-05 9.98649E-05 9.98649E-05 9.98649E-05 9.98649E-05 9.98649E-05 9.98649E-05 0.000128368 0.110107 9.98649E-05 0.878164 9.98649E-05 0.0101023
9.98827E-05 0.0218751 9.98827E-05 9.98827E-05 9.98827E-05 9.98827E-05 9.98827E-05 0.0126342 0.0609787 9.98827E-05 9.98827E-05 9.98827E-05 9.98827E-05 9.98827E-05 0.046709 9.98827E-05 0.802417 9.98827E-05 0.0540876
9.98382E-05 9.98382E-05 9.98382E-05 0.998203 9.98382E-05 9.98382E-05 9.98382E-05 9.98382E-05 9.98382E-05 9.98382E-05 9.98382E-05 9.98382E-05 9.98382E-05 9.98382E-05 9.98382E-05 9.98382E-05 9.98382E-05 9.98382E-05 9.98382E-05
9.98567E-05 9.98567E-05 9.98567E-05 9.98567E-05 9.98567E-05 9.98567E-05 0.672711 9.98567E-05 9.98567E-05 0.302572 0.0231195 9.98567E-05 9.98567E-05 9.98567E-05 9.98567E-05 9.98567E-05 9.98567E-05 9.98567E-05 9.98567E-05
0.0371951 0.0482564 9.99281E-05 0.0547655 9.99281E-05 0.0625099 0.211812 9.99281E-05 9.99281E-05 9.99281E-05 0.00740428 9.99281E-05 0.213568 9.99281E-05 0.130001 9.99281E-05 0.000674566 0.0325434 0.20047
9.98564E-05 9.98564E-05 9.98564E-05 9.98564E-05 9.98564E-05 9.98564E-05 9.98564E-05 9.98564E-05 9.98564E-05 0.83478 0.15747 9.98564E-05 9.98564E-05 9.98564E-05 9.98564E-05 9.98564E-05 0.00615295 9.98564E-05 9.98564E-05
9.98739E-05 9.98739E-05 9.98739E-05 9.98739E-05 9.98739E-05 0.0295082 0.178479 9.98739E-05 9.98739E-05 0.737877 9.98739E-05 0.0355273 0.0172095 9.98739E-05 9.98739E-05 9.98739E-05 9.98739E-05 9.98739E-05 9.98739E-05
9.98472E-05 9.98472E-05 9.98472E-05 9.98472E-05 9.98472E-05 9.98472E-05 0.982967 9.98472E-05 9.98472E-05 9.98472E-05 9.98472E-05 9.98472E-05 9.98472E-05 9.98472E-05 9.98472E-05 0.0153357 9.98472E-05 9.98472E-05 9.98472E-05
9.98563E-05 9.98563E-05 0.00281477 9.98563E-05 9.98563E-05 9.98563E-05 0.993482 9.98563E-05 9.98563E-05 9.98563E-05 9.98563E-05 9.98563E-05 9.98563E-05 0.00210555 9.98563E-05 9.98563E-05 9.98563E-05 9.98563E-05 9.98563E-05
9.98922E-05 0.00337841 9.98922E-05 9.98922E-05 9.98922E-05 9.98922E-05 0.0987302 9.98922E-05 0.000352752 0.614143 9.98922E-05 9.98922E-05 0.194977 9.98922E-05 0.00633467 9.98922E-05 9.98922E-05 9.98922E-05 0.0808857
9.98649E-05 9.98649E-05 9.98649E-05 9.98649E-05 9.98649E-05 0.0197846 0.472207 9.98649E-05 9.98649E-05 0.49188 9.98649E-05 9.98649E-05 9.98649E-05 9.98649E-05 9.98649E-05 9.98649E-05 9.98649E-05 9.98649E-05 0.0146303
9.98381E-05 9.98381E-05 9.98381E-05 9.98381E-05 9.98381E-05 9.98381E-05 9.98381E-05 9.98381E-05 9.98381E-05 9.98381E-05 9.98381E-05 9.98381E-05 0.998203 9.98381E-05 9.98381E-05 9.98381E-05 9.98381E-05 9.98381E-05 9.98381E-05
9.98562E-05 9.98562E-05 9.98562E-05 9.98562E-05 9.98562E-05 9.98562E-05 9.98562E-05 9.98562E-05 9.98562E-05 9.98562E-05 9.98562E-05 0.0385578 0.921109 9.98562E-05 9.98562E-05 9.98562E-05 0.0387354 9.98562E-05 9.98562E-05
0.018165 9.98742E-05 9.98742E-05 9.98742E-05 9.98742E-05 9.98742E-05 0.11153 9.98742E-05 9.98742E-05 0.850083 0.0118629 9.98742E-05 9.98742E-05 9.98742E-05 9.98742E-05 9.98742E-05 9.98742E-05 0.00696113 9.98742E-05
0.00809654 0.0121136 9.9901E-05 9.9901E-05 0.00584885 0.00732925 9.9901E-05 9.9901E-05 9.9901E-05 0.00304986 9.9901E-05 9.9901E-05 0.0195624 9.9901E-05 9.9901E-05 0.933864 9.9901E-05 0.00903615 9.9901E-05
0.0171258 9.9847E-05 9.9847E-05 9.9847E-05 9.9847E-05 9.9847E-05 9.9847E-05 9.9847E-05 9.9847E-05 9.9847E-05 9.9847E-05 9.9847E-05 9.9847E-05 9.9847E-05 9.9847E-05 0.981177 9.9847E-05 9.9847E-05 9.9847E-05
9.98384E-05 0.998203 9.98384E-05 9.98384E-05 9.98384E-05 9.98384E-05 9.98384E-05 9.98384E-05 9.98384E-05 9.98384E-05 9.98384E-05 9.98384E-05 9.98384E-05 9.98384E-05 9.98384E-05 9.98384E-05 9.98384E-05 9.98384E-05 9.98384E-05
9.98384E-05 0.998203 9.98384E-05 9.98384E-05 9.98384E-05 9.98384E-05 9.98384E-05 9.98384E-05 9.98384E-05 9.98384E-05 9.98384E-05 9.98384E-05 9.98384E-05 9.98384E-05 9.98384E-05 9.98384E-05 9.98384E-05 9.98384E-05 9.98384E-05
9.9883E-05 9.9883E-05 0.0089833 9.9883E-05 0.0841865 9.9883E-05 0.0091432 9.9883E-05 9.9883E-05 9.9883E-05 9.9883E-05 9.9883E-05 9.9883E-05 9.9883E-05 0.832835 0.0055735 9.9883E-05 9.9883E-05 0.0579801
9.9892E-05 9.9892E-05 9.9892E-05 9.9892E-05 0.0234077 9.9892E-05 0.00446096 9.9892E-05 9.9892E-05 9.9892E-05 9.9892E-05 9.9892E-05 9.9892E-05 0.00190582 0.766214 0.0387307 0.101158 9.9892E-05 0.0629235
9.98742E-05 0.939842 9.98742E-05 9.98742E-05 0.0229681 9.98742E-05 9.98742E-05 9.98742E-05 9.98742E-05 9.98742E-05 9.98742E-05 9.98742E-05 0.00136375 9.98742E-05 9.98742E-05 0.0119299 9.98742E-05 0.022498 9.98742E-05
9.98473E-05 0.980511 9.98473E-05 9.98473E-05 9.98473E-05 9.98473E-05 9.98473E-05 9.98473E-05 9.98473E-05 9.98473E-05 9.98473E-05 9.98473E-05 9.98473E-05 9.98473E-05 9.98473E-05 9.98473E-05 9.98473E-05 9.98473E-05 0.017792
9.98649E-05 9.98649E-05 0.954546 9.98649E-05 9.98649E-05 9.98649E-05 9.98649E-05 9.98649E-05 9.98649E-05 9.98649E-05 9.98649E-05 0.0175066 9.98649E-05 9.98649E-05 9.98649E-05 0.0146999 0.0117497 9.98649E-05 9.98649E-05
9.98739E-05 9.98739E-05 9.98739E-05 9.98739E-05 9.98739E-05 9.98739E-05 9.98739E-05 0.0257279 9.98739E-05 9.98739E-05 9.98739E-05 0.13492 9.98739E-05 9.98739E-05 9.98739E-05 0.0530301 0.0870213 9.98739E-05 0.697902
0.0508419 9.9856E-05 9.9856E-05 9.9856E-05 0.869345 9.9856E-05 9.9856E-05 9.9856E-05 9.9856E-05 9.9856E-05 9.9856E-05 0.078215 9.9856E-05 9.9856E-05 9.9856E-05 9.9856E-05 9.9856E-05 9.9856E-05 9.9856E-05
9.9847E-05 9.9847E-05 9.9847E-05 9.9847E-05 9.9847E-05 9.9847E-05 9.9847E-05 9.9847E-05 0.998098 9.9847E-05 9.9847E-05 9.9847E-05 9.9847E-05 9.9847E-05 9.9847E-05 9.9847E-05 9.9847E-05 0.000204379 9.9847E-05
9.9892E-05 0.0248846 0.074367 9.9892E-05 9.9892E-05 0.00402703 9.9892E-05 9.9892E-05 0.828112 9.9892E-05 9.9892E-05 9.9892E-05 9.9892E-05 0.0259171 9.9892E-05 0.0246559 0.0168374 9.9892E-05 9.9892E-05
9.98653E-05 0.0176849 9.98653E-05 9.98653E-05 9.98653E-05 9.98653E-05 0.209137 9.98653E-05 9.98653E-05 9.98653E-05 9.98653E-05 9.98653E-05 0.728242 9.98653E-05 9.98653E-05 9.98653E-05 9.98653E-05 0.0434386 9.98653E-05
