0.927839 9.98828E-05 9.98828E-05 9.98828E-05 9.98828E-05 9.98828E-05 9.98828E-05 9.98828E-05 0.0434396 0.00468426 9.98828E-05 9.98828E-05 9.98828E-05 0.0118665 0.00466503 0.00620684 9.98828E-05 9.98828E-05 9.98828E-05
9.98648E-05 9.98648E-05 9.98648E-05 9.98648E-05 9.98648E-05 9.98648E-05 9.98648E-05 0.185402 0.196406 0.0401448 9.98648E-05 9.98648E-05 9.98648E-05 9.98648E-05 9.98648E-05 9.98648E-05 9.98648E-05 9.98648E-05 0.576548
9.98382E-05 9.98382E-05 0.998203 9.98382E-05 9.98382E-05 9.98382E-05 9.98382E-05 9.98382E-05 9.98382E-05 9.98382E-05 9.98382E-05 9.98382E-05 9.98382E-05 9.98382E-05 9.98382E-05 9.98382E-05 9.98382E-05 9.98382E-05 9.98382E-05
9.98651E-05 9.98651E-05 9.98651E-05 9.98651E-05 9.98651E-05 9.98651E-05 9.98651E-05 0.936134 9.98651E-05 9.98651E-05 0.00435208 9.98651E-05 9.98651E-05 9.98651E-05 0.0484622 9.98651E-05 9.98651E-05 0.00955333 9.98651E-05
9.99012E-05 9.99012E-05 0.0626862 9.99012E-05 9.99012E-05 0.0601129 9.99012E-05 0.32838 9.99012E-05 9.99012E-05 9.99012E-05 9.99012E-05 0.0382164 9.99012E-05 9.99012E-05 0.255729 0.00949309 0.0552065 0.189077
9.9865E-05 9.9865E-05 9.9865E-05 9.9865E-05 0.00415757 9.9865E-05 9.9865E-05 0.954914 9.9865E-05 9.9865E-05 9.9865E-05 0.0257141 9.9865E-05 9.9865E-05 9.9865E-05 9.9865E-05 9.9865E-05 0.0137165 9.9865E-05
9.98743E-05 0.235152 9.98743E-05 0.0186006 9.98743E-05 9.98743E-05 9.98743E-05 9.98743E-05 9.98743E-05 9.98743E-05 9.98743E-05 9.98743E-05 9.98743E-05 9.98743E-05 9.98743E-05 0.205975 0.172223 9.98743E-05 0.366651
9.99099E-05 9.99099E-05 0.0931786 9.99099E-05 9.99099E-05 0.0952124 9.99099E-05 9.99099E-05 0.0417622 9.99099E-05 0.000425433 9.99099E-05 9.99099E-05 9.99099E-05 0.00861301 0.0240639 0.306566 0.305668 0.123511
9.98742E-05 0.143524 9.98742E-05 0.0420683 9.98742E-05 9.98742E-05 9.98742E-05 9.98742E-05 9.98742E-05 9.98742E-05 9.98742E-05 9.98742E-05 9.98742E-05 9.98742E-05 9.98742E-05 0.240715 0.111118 9.98742E-05 0.461176
9.9838E-05 9.9838E-05 9.9838E-05 9.9838E-05 9.9838E-05 9.9838E-05 9.9838E-05 9.9838E-05 9.9838E-05 9.9838E-05 9.9838E-05 9.9838E-05 9.9838E-05 9.9838E-05 9.9838E-05 0.998203 9.9838E-05 9.9838E-05 9.9838E-05
9.98381E-05 9.98381E-05 9.98381E-05 9.98381E-05 9.98381E-05 9.98381E-05 9.98381E-05 9.98381E-05 9.98381E-05 9.98381E-05 9.98381E-05 9.98381E-05 9.98381E-05 9.98381E-05 9.98381E-05 0.998203 9.98381E-05 9.98381E-05 9.98381E-05
0.676911 0.110912 0.0508087 9.9883E-05 9.9883E-05 9.9883E-05 9.9883E-05 9.9883E-05 9.9883E-05 9.9883E-05 0.0063713 0.0284777 9.9883E-05 9.9883E-05 0.125221 9.9883E-05 9.9883E-05 9.9883E-05 9.9883E-05
9.98653E-05 0.960074 0.00949916 9.98653E-05 9.98653E-05 9.98653E-05 9.98653E-05 9.98653E-05 9.98653E-05 9.98653E-05 9.98653E-05 0.00145886 9.98653E-05 9.98653E-05 9.98653E-05 9.98653E-05 0.02747 9.98653E-05 9.98653E-05
9.98652E-05 9.98652E-05 9.98652E-05 9.98652E-05 9.98652E-05 9.98652E-05 0.00910087 0.974834 9.98652E-05 9.98652E-05 9.98652E-05 0.00715768 9.98652E-05 9.98652E-05 9.98652E-05 9.98652E-05 9.98652E-05 9.98652E-05 0.00740916
9.98562E-05 9.98562E-05 9.98562E-05 9.98562E-05 9.98562E-05 9.98562E-05 0.00695628 0.978545 9.98562E-05 9.98562E-05 9.98562E-05 9.98562E-05 9.98562E-05 0.0129007 9.98562E-05 9.98562E-05 9.98562E-05 9.98562E-05 9.98562E-05
9.98649E-05 0.107313 9.98649E-05 0.756441 9.98649E-05 9.98649E-05 9.98649E-05 9.98649E-05 9.98649E-05 9.98649E-05 9.98649E-05 0.0882241 9.98649E-05 9.98649E-05 9.98649E-05 0.0465236 9.98649E-05 9.98649E-05 9.98649E-05
9.9856E-05 9.9856E-05 9.9856E-05 9.9856E-05 9.9856E-05 9.9856E-05 9.9856E-05 9.9856E-05 9.9856E-05 0.905415 9.9856E-05 9.9856E-05 9.9856E-05 0.032634 9.9856E-05 0.0603535 9.9856E-05 9.9856E-05 9.9856E-05
0.000115709 9.98648E-05 9.98648E-05 9.98648E-05 9.98648E-05 0.0461432 0.829314 9.98648E-05 0.122929 9.98648E-05 9.98648E-05 9.98648E-05 9.98648E-05 9.98648E-05 9.98648E-05 9.98648E-05 9.98648E-05 9.98648E-05 9.98648E-05
9.98559E-05 9.98559E-05 9.98559E-05 9.98559E-05 0.941538 9.98559E-05 9.98559E-05 9.98559E-05 9.98559E-05 9.98559E-05 9.98559E-05 9.98559E-05 9.98559E-05 0.000276371 0.0565876 9.98559E-05 9.98559E-05 9.98559E-05 9.98559E-05
0.106356 9.98917E-05 9.98917E-05 0.288289 9.98917E-05 9.98917E-05 9.98917E-05 9.98917E-05 0.117863 0.0204209 9.98917E-05 0.142177 9.98917E-05 9.98917E-05 0.0250337 0.298661 9.98917E-05 9.98917E-05 9.98917E-05
9.9847E-05 9.9847E-05 9.9847E-05 9.9847E-05 0.00680543 9.9847E-05 0.991497 9.9847E-05 9.9847E-05 9.9847E-05 9.9847E-05 9.9847E-05 9.9847E-05 9.9847E-05 9.9847E-05 9.9847E-05 9.9847E-05 9.9847E-05 9.9847E-05
0.433023 0.0259343 9.98829E-05 0.180895 0.0190913 9.98829E-05 9.98829E-05 9.98829E-05 0.277383 0.0623752 9.98829E-05 9.98829E-05 9.98829E-05 9.98829E-05 9.98829E-05 9.98829E-05 9.98829E-05 9.98829E-05 9.98829E-05
9.98379E-05 9.98379E-05 9.98379E-05 9.98379E-05 9.98379E-05 9.98379E-05 9.98379E-05 9.98379E-05 9.98379E-05 9.98379E-05 9.98379E-05 9.98379E-05 9.98379E-05 0.998203 9.98379E-05 9.98379E-05 9.98379E-05 9.98379E-05 9.98379E-05
9.9865E-05 9.9865E-05 9.9865E-05 9.9865E-05 0.420562 9.9865E-05 0.35853 9.9865E-05 9.9865E-05 9.9865E-05 9.9865E-05 0.0276636 9.9865E-05 0.191746 9.9865E-05 9.9865E-05 9.9865E-05 9.9865E-05 9.9865E-05
9.98564E-05 9.98564E-05 0.000672762 9.98564E-05 9.98564E-05 9.98564E-05 9.98564E-05 0.306982 9.98564E-05 9.98564E-05 0.690747 9.98564E-05 9.98564E-05 9.98564E-05 9.98564E-05 9.98564E-05 9.98564E-05 9.98564E-05 9.98564E-05
9.98473E-05 9.98473E-05 9.98473E-05 9.98473E-05 9.98473E-05 9.98473E-05 9.98473E-05 0.731832 9.98473E-05 9.98473E-05 0.266471 9.98473E-05 9.98473E-05 9.98473E-05 9.98473E-05 9.98473E-05 9.98473E-05 9.98473E-05 9.98473E-05
0.0604648 0.757058 9.98918E-05 0.0400032 9.98918E-05 9.98918E-05 9.98918E-05 9.98918E-05 0.0463081 9.98918E-05 9.98918E-05 9.98918E-05 9.98918E-05 9.98918E-05 0.0706711 0.0231346 9.98918E-05 0.00116196 9.98918E-05
9.98472E-05 9.98472E-05 9.98472E-05 9.98472E-05 9.98472E-05 9.98472E-05 9.98472E-05 9.98472E-05 9.98472E-05 9.98472E-05 0.998034 9.98472E-05 0.000268896 9.98472E-05 9.98472E-05 9.98472E-05 9.98472E-05 9.98472E-05 9.98472E-05
9.98473E-05 9.98473E-05 9.98473E-05 9.98473E-05 9.98473E-05 0.00205765 9.98473E-05 9.98473E-05 9.98473E-05 9.98473E-05 0.996245 9.98473E-05 9.98473E-05 9.98473E-05 9.98473E-05 9.98473E-05 9.98473E-05 9.98473E-05 9.98473E-05
0.0245031 9.99012E-05 0.00799609 9.99012E-05 0.0094078 0.0746039 9.99012E-05 0.195748 9.99012E-05 9.99012E-05 0.118577 0.00653937 9.99012E-05 9.99012E-05 9.99012E-05 9.99012E-05 9.99012E-05 0.561526 9.99012E-05
9.98468E-05 9.98468E-05 9.98468E-05 9.98468E-05 9.98468E-05 9.98468E-05 9.98468E-05 0.0681191 9.98468E-05 9.98468E-05 9.98468E-05 9.98468E-05 9.98468E-05 9.98468E-05 9.98468E-05 9.98468E-05 9.98468E-05 0.930183 9.98468E-05
9.98384E-05 9.98384E-05 9.98384E-05 9.98384E-05 9.98384E-05 9.98384E-05 9.98384E-05 9.98384E-05 9.98384E-05 9.98384E-05 9.98384E-05 9.98384E-05 9.98384E-05 9.98384E-05 9.98384E-05 9.98384E-05 9.98384E-05 9.98384E-05 0.998203
9.98652E-05 9.98652E-05 9.98652E-05 9.98652E-05 9.98652E-05 9.98652E-05 9.98652E-05 0.504609 9.98652E-05 0.0250394 0.300267 9.98652E-05 9.98652E-05 9.98652E-05 9.98652E-05 9.98652E-05 0.168587 9.98652E-05 9.98652E-05
9.98833E-05 9.98833E-05 0.000204956 9.98833E-05 9.98833E-05 0.763489 9.98833E-05 9.98833E-05 9.98833E-05 9.98833E-05 0.0199386 9.98833E-05 9.98833E-05 9.98833E-05 0.0195568 9.98833E-05 0.183796 9.98833E-05 0.0117161
0.0523683 0.466766 9.99006E-05 9.99006E-05 9.99006E-05 9.99006E-05 9.99006E-05 9.99006E-05 9.99006E-05 0.244353 0.00421876 0.0376285 9.99006E-05 9.99006E-05 0.0836518 0.0337709 9.99006E-05 0.0761439 9.99006E-05
9.98649E-05 9.98649E-05 9.98649E-05 9.98649E-05 9.98649E-05 9.98649E-05 9.98649E-05 0.315374 9.98649E-05 9.98649E-05 0.615127 0.0162629 9.98649E-05 9.98649E-05 9.98649E-05 9.98649E-05 0.0517383 9.98649E-05 9.98649E-05
0.948479 9.98562E-05 0.013031 9.98562E-05 9.98562E-05 9.98562E-05 9.98562E-05 9.98562E-05 9.98562E-05 9.98562E-05 9.98562E-05 9.98562E-05 9.98562E-05 9.98562E-05 9.98562E-05 9.98562E-05 0.0368919 9.98562E-05 9.98562E-05
9.9883E-05 9.9883E-05 0.0291928 9.9883E-05 9.9883E-05 9.9883E-05 9.9883E-05 9.9883E-05 0.716302 9.9883E-05 9.9883E-05 9.9883E-05 9.9883E-05 0.0516011 9.9883E-05 0.0649876 0.0624694 9.9883E-05 0.0741481
9.98471E-05 9.98471E-05 9.98471E-05 9.98471E-05 9.98471E-05 9.98471E-05 9.98471E-05 9.98471E-05 9.98471E-05 0.984077 9.98471E-05 9.98471E-05 9.98471E-05 9.98471E-05 9.98471E-05 9.98471E-05 0.0142256 9.98471E-05 9.98471E-05
0.02813 9.98739E-05 9.98739E-05 9.98739E-05 9.98739E-05 9.98739E-05 9.98739E-05 0.0607686 0.788581 0.112995 9.98739E-05 9.98739E-05 0.00812773 9.98739E-05 9.98739E-05 9.98739E-05 9.98739E-05 9.98739E-05 9.98739E-05
0.0922678 9.98649E-05 9.98649E-05 9.98649E-05 9.98649E-05 9.98649E-05 9.98649E-05 9.98649E-05 0.813664 0.0446281 9.98649E-05 9.98649E-05 0.0479425 9.98649E-05 9.98649E-05 9.98649E-05 9.98649E-05 9.98649E-05 9.98649E-05
0.0458982 9.98828E-05 9.98828E-05 9.98828E-05 0.0144525 9.98828E-05 9.98828E-05 9.98828E-05 0.453992 9.98828E-05 9.98828E-05 0.0624318 9.98828E-05 0.0129689 9.98828E-05 0.408958 9.98828E-05 9.98828E-05 9.98828E-05
0.00109342 0.045194 9.98741E-05 0.867463 9.98741E-05 9.98741E-05 0.0240767 9.98741E-05 0.0607749 9.98741E-05 9.98741E-05 9.98741E-05 9.98741E-05 9.98741E-05 9.98741E-05 9.98741E-05 9.98741E-05 9.98741E-05 9.98741E-05
0.0672226 9.98918E-05 9.98918E-05 9.98918E-05 0.00343054 9.98918E-05 9.98918E-05 9.98918E-05 0.241613 0.0104724 9.98918E-05 0.135327 0.00169466 9.98918E-05 9.98918E-05 0.539042 9.98918E-05 9.98918E-05 9.98918E-05
9.98739E-05 0.102656 9.98739E-05 9.98739E-05 9.98739E-05 9.98739E-05 9.98739E-05 9.98739E-05 0.542183 9.98739E-05 9.98739E-05 0.1443 9.98739E-05 0.182992 0.0264714 9.98739E-05 9.98739E-05 9.98739E-05 9.98739E-05
0.0133874 9.98831E-05 0.00515977 0.0281058 9.98831E-05 9.98831E-05 9.98831E-05 9.98831E-05 0.662777 9.98831E-05 9.98831E-05 0.230841 9.98831E-05 9.98831E-05 9.98831E-05 9.98831E-05 9.98831E-05 0.0584315 9.98831E-05
0.180505 0.0973835 9.99189E-05 9.99189E-05 9.99189E-05 0.004757 9.99189E-05 9.99189E-05 0.0877694 0.113971 9.99189E-05 0.247078 0.0504319 9.99189E-05 9.99189E-05 0.0788091 9.99189E-05 0.123438 0.0149581
0.976058 9.9848E-05 9.9848E-05 9.9848E-05 9.9848E-05 9.9848E-05 9.9848E-05 9.9848E-05 9.9848E-05 9.9848E-05 9.9848E-05 9.9848E-05 9.9848E-05 0.0222447 9.9848E-05 9.9848E-05 9.9848E-05 9.9848E-05 9.9848E-05
9.98383E-05 9.98383E-05 9.98383E-05 9.98383E-05 9.98383E-05 0.998203 9.98383E-05 9.98383E-05 9.98383E-05 9.98383E-05 9.98383E-05 9.98383E-05 9.98383E-05 9.98383E-05 9.98383E-05 9.98383E-05 9.98383E-05 9.98383E-05 9.98383E-05
9.98473E-05 9.98473E-05 9.98473E-05 9.98473E-05 9.98473E-05 0.994936 9.98473E-05 9.98473E-05 9.98473E-05 9.98473E-05 9.98473E-05 0.0033663 9.98473E-05 9.98473E-05 9.98473E-05 9.98473E-05 9.98473E-05 9.98473E-05 9.98473E-05
9.98564E-05 9.98564E-05 9.98564E-05 9.98564E-05 9.98564E-05 0.995227 9.98564E-05 9.98564E-05 0.0026296 9.98564E-05 9.98564E-05 9.98564E-05 0.000545821 9.98564E-05 9.98564E-05 9.98564E-05 9.98564E-05 9.98564E-05 9.98564E-05
9.98563E-05 9.98563E-05 9.98563E-05 9.98563E-05 9.98563E-05 0.977666 9.98563E-05 0.0181006 9.98563E-05 9.98563E-05 0.0026357 9.98563E-05 9.98563E-05 9.98563E-05 9.98563E-05 9.98563E-05 9.98563E-05 9.98563E-05 9.98563E-05
9.98472E-05 9.98472E-05 9.98472E-05 9.98472E-05 9.98472E-05 0.974298 9.98472E-05 9.98472E-05 9.98472E-05 9.98472E-05 9.98472E-05 9.98472E-05 9.98472E-05 9.98472E-05 9.98472E-05 9.98472E-05 9.98472E-05 0.024005 9.98472E-05
9.99012E-05 9.99012E-05 9.99012E-05 0.00878458 9.99012E-05 0.334416 9.99012E-05 9.99012E-05 9.99012E-05 9.99012E-05 9.99012E-05 9.99012E-05 0.0446681 0.078873 9.99012E-05 0.0531239 0.163765 0.229168 0.0861017
0.0217777 9.98652E-05 9.98652E-05 0.0100253 9.98652E-05 0.945109 9.98652E-05 9.98652E-05 9.98652E-05 9.98652E-05 9.98652E-05 9.98652E-05 9.98652E-05 9.98652E-05 9.98652E-05 9.98652E-05 9.98652E-05 9.98652E-05 0.0215904
0.838894 9.98469E-05 9.98469E-05 0.159409 9.98469E-05 9.98469E-05 9.98469E-05 9.98469E-05 9.98469E-05 9.98469E-05 9.98469E-05 9.98469E-05 9.98469E-05 9.98469E-05 9.98469E-05 9.98469E-05 9.98469E-05 9.98469E-05 9.98469E-05
9.98738E-05 9.98738E-05 0.0194854 9.98738E-05 9.98738E-05 0.0313707 9.98738E-05 9.98738E-05 9.98738E-05 9.98738E-05 0.0268904 9.98738E-05 9.98738E-05 9.98738E-05 0.0128517 9.98738E-05 9.98738E-05 9.98738E-05 0.908003
9.98649E-05 9.98649E-05 9.98649E-05 9.98649E-05 9.98649E-05 9.98649E-05 9.98649E-05 0.553937 9.98649E-05 0.0188617 0.425105 0.000598619 9.98649E-05 9.98649E-05 9.98649E-05 9.98649E-05 9.98649E-05 9.98649E-05 9.98649E-05
0.0363984 0.8188 9.98831E-05 0.0850062 9.98831E-05 9.98831E-05 0.00453764 9.98831E-05 9.98831E-05 0.0140585 9.98831E-05 9.98831E-05 9.98831E-05 9.98831E-05 0.0399009 9.98831E-05 9.98831E-05 9.98831E-05 9.98831E-05
9.98653E-05 0.00703916 0.000349338 0.878316 9.98653E-05 9.98653E-05 9.98653E-05 9.98653E-05 9.98653E-05 9.98653E-05 9.98653E-05 0.112797 9.98653E-05 9.98653E-05 9.98653E-05 9.98653E-05 9.98653E-05 9.98653E-05 9.98653E-05
9.98475E-05 0.971607 9.98475E-05 9.98475E-05 9.98475E-05 9.98475E-05 9.98475E-05 9.98475E-05 9.98475E-05 9.98475E-05 9.98475E-05 9.98475E-05 9.98475E-05 9.98475E-05 9.98475E-05 9.98475E-05 0.0266954 9.98475E-05 9.98475E-05
0.00527385 0.874249 9.98649E-05 9.98649E-05 9.98649E-05 9.98649E-05 9.98649E-05 9.98649E-05 0.0929223 9.98649E-05 9.98649E-05 9.98649E-05 9.98649E-05 9.98649E-05 9.98649E-05 0.0260567 9.98649E-05 9.98649E-05 9.98649E-05
9.98737E-05 0.793831 9.98737E-05 9.98737E-05 9.98737E-05 9.98737E-05 9.98737E-05 9.98737E-05 9.98737E-05 9.98737E-05 9.98737E-05 0.052352 0.00259831 9.98737E-05 0.0501003 0.09972 9.98737E-05 9.98737E-05 9.98737E-05
9.98471E-05 9.98471E-05 9.98471E-05 9.98471E-05 0.971747 9.98471E-05 9.98471E-05 9.98471E-05 9.98471E-05 9.98471E-05 9.98471E-05 9.98471E-05 9.98471E-05 9.98471E-05 9.98471E-05 9.98471E-05 9.98471E-05 9.98471E-05 0.0265558
9.98656E-05 9.98656E-05 0.0136482 9.98656E-05 9.98656E-05 9.98656E-05 9.98656E-05 0.273212 9.98656E-05 9.98656E-05 0.702561 9.98656E-05 9.98656E-05 9.98656E-05 9.98656E-05 0.00908122 9.98656E-05 9.98656E-05 9.98656E-05
9.98303E-05 9.98303E-05 9.98303E-05 9.98303E-05 9.98303E-05 9.98303E-05 9.98303E-05 9.98303E-05 9.98303E-05 9.98303E-05 9.98303E-05 9.98303E-05 0.998203 9.98303E-05 9.98303E-05 9.98303E-05 9.98303E-05 9.98303E-05 9.98303E-05
9.98833E-05 0.0010846 0.0602101 0.0222976 9.98833E-05 9.98833E-05 9.98833E-05 0.823361 9.98833E-05 9.98833E-05 9.98833E-05 9.98833E-05 0.00423514 9.98833E-05 9.98833E-05 9.98833E-05 0.0875126 9.98833E-05 9.98833E-05
9.9883E-05 9.9883E-05 9.9883E-05 9.9883E-05 9.9883E-05 0.0395798 9.9883E-05 0.680502 9.9883E-05 0.0302946 0.196206 9.9883E-05 9.9883E-05 9.9883E-05 9.9883E-05 9.9883E-05 0.0134415 0.0386769 9.9883E-05
9.98562E-05 0.00133192 9.98562E-05 9.98562E-05 9.98562E-05 9.98562E-05 9.98562E-05 9.98562E-05 9.98562E-05 9.98562E-05 0.982892 9.98562E-05 9.98562E-05 9.98562E-05 9.98562E-05 9.98562E-05 0.0141781 9.98562E-05 9.98562E-05
9.98563E-05 9.98563E-05 9.98563E-05 0.0173146 0.00929745 9.98563E-05 9.98563E-05 9.98563E-05 9.98563E-05 9.98563E-05 0.97179 9.98563E-05 9.98563E-05 9.98563E-05 9.98563E-05 9.98563E-05 9.98563E-05 9.98563E-05 9.98563E-05
9.98743E-05 9.98743E-05 9.98743E-05 9.98743E-05 9.98743E-05 9.98743E-05 9.98743E-05 0.61573 0.00044511 9.98743E-05 0.170918 9.98743E-05 9.98743E-05 9.98743E-05 9.98743E-05 0.0708917 9.98743E-05 0.140617 9.98743E-05
9.9856E-05 9.9856E-05 9.9856E-05 9.9856E-05 9.9856E-05 9.9856E-05 9.9856E-05 0.462454 9.9856E-05 0.0193389 0.516609 9.9856E-05 9.9856E-05 9.9856E-05 9.9856E-05 9.9856E-05 9.9856E-05 9.9856E-05 9.9856E-05
9.9874E-05 9.9874E-05 9.9874E-05 9.9874E-05 9.9874E-05 0.0576359 9.9874E-05 0.00492696 9.9874E-05 0.00828139 9.9874E-05 9.9874E-05 9.9874E-05 9.9874E-05 9.9874E-05 9.9874E-05 0.91675 0.0110075 9.9874E-05
9.9847E-05 0.0068843 9.9847E-05 9.9847E-05 9.9847E-05 9.9847E-05 9.9847E-05 9.9847E-05 9.9847E-05 9.9847E-05 9.9847E-05 9.9847E-05 9.9847E-05 9.9847E-05 9.9847E-05 9.9847E-05 0.991418 9.9847E-05 9.9847E-05
9.98653E-05 9.98653E-05 9.98653E-05 9.98653E-05 9.98653E-05 0.0245237 9.98653E-05 0.871066 9.98653E-05 9.98653E-05 0.102292 9.98653E-05 9.98653E-05 9.98653E-05 0.000620555 9.98653E-05 9.98653E-05 9.98653E-05 9.98653E-05
9.9883E-05 9.9883E-05 9.9883E-05 0.931757 9.9883E-05 0.0298913 9.9883E-05 0.0131711 9.9883E-05 9.9883E-05 9.9883E-05 9.9883E-05 9.9883E-05 0.00577823 0.00888659 9.9883E-05 0.00921764 9.9883E-05 9.9883E-05
9.9847E-05 9.9847E-05 9.9847E-05 0.985077 9.9847E-05 0.0132259 9.9847E-05 9.9847E-05 9.9847E-05 9.9847E-05 9.9847E-05 9.9847E-05 9.9847E-05 9.9847E-05 9.9847E-05 9.9847E-05 9.9847E-05 9.9847E-05 9.9847E-05
0.0135729 9.98563E-05 9.98563E-05 9.98563E-05 9.98563E-05 9.98563E-05 9.98563E-05 9.98563E-05 0.00956151 9.98563E-05 9.98563E-05 9.98563E-05 9.98563E-05 9.98563E-05 0.975268 9.98563E-05 9.98563E-05 9.98563E-05 9.98563E-05
9.98474E-05 9.98474E-05 9.98474E-05 9.98474E-05 9.98474E-05 9.98474E-05 9.98474E-05 9.98474E-05 9.98474E-05 0.00114778 9.98474E-05 9.98474E-05 9.98474E-05 9.98474E-05 0.997155 9.98474E-05 9.98474E-05 9.98474E-05 9.98474E-05
9.9847E-05 9.9847E-05 9.9847E-05 9.9847E-05 9.9847E-05 9.9847E-05 9.9847E-05 9.9847E-05 0.940145 9.9847E-05 9.9847E-05 9.9847E-05 9.9847E-05 9.9847E-05 9.9847E-05 0.0581576 9.9847E-05 9.9847E-05 9.9847E-05
9.98561E-05 0.0327725 9.98561E-05 9.98561E-05 9.98561E-05 9.98561E-05 9.98561E-05 9.98561E-05 0.920154 9.98561E-05 9.98561E-05 9.98561E-05 9.98561E-05 9.98561E-05 9.98561E-05 0.045476 9.98561E-05 9.98561E-05 9.98561E-05
9.98652E-05 9.98652E-05 9.98652E-05 0.0314532 9.98652E-05 9.98652E-05 9.98652E-05 9.98652E-05 9.98652E-05 9.98652E-05 9.98652E-05 9.98652E-05 9.98652E-05 0.0228757 0.93827 9.98652E-05 0.00590318 9.98652E-05 9.98652E-05
9.98384E-05 9.98384E-05 9.98384E-05 9.98384E-05 9.98384E-05 9.98384E-05 9.98384E-05 9.98384E-05 9.98384E-05 9.98384E-05 9.98384E-05 9.98384E-05 9.98384E-05 9.98384E-05 0.998203 9.98384E-05 9.98384E-05 9.98384E-05 9.98384E-05
0.960444 0.0168101 9.9865E-05 0.0196032 9.9865E-05 0.00164459 9.9865E-05 9.9865E-05 9.9865E-05 9.9865E-05 9.9865E-05 9.9865E-05 9.9865E-05 9.9865E-05 9.9865E-05 9.9865E-05 9.9865E-05 9.9865E-05 9.9865E-05
9.98742E-05 0.15202 9.98742E-05 0.176639 0.0343692 9.98742E-05 9.98742E-05 9.98742E-05 0.634962 9.98742E-05 9.98742E-05 9.98742E-05 9.98742E-05 9.98742E-05 9.98742E-05 9.98742E-05 9.98742E-05 9.98742E-05 0.000611059
9.98559E-05 9.98559E-05 9.98559E-05 9.98559E-05 9.98559E-05 0.0191093 9.98559E-05 9.98559E-05 9.98559E-05 9.98559E-05 9.98559E-05 0.000441178 9.98559E-05 9.98559E-05 9.98559E-05 9.98559E-05 9.98559E-05 9.98559E-05 0.978852
9.98379E-05 9.98379E-05 9.98379E-05 9.98379E-05 9.98379E-05 9.98379E-05 9.98379E-05 9.98379E-05 9.98379E-05 9.98379E-05 9.98379E-05 0.998203 9.98379E-05 9.98379E-05 9.98379E-05 9.98379E-05 9.98379E-05 9.98379E-05 9.98379E-05
0.0740328 0.0232928 9.98831E-05 9.98831E-05 9.98831E-05 9.98831E-05 0.0150713 9.98831E-05 9.98831E-05 0.146546 9.98831E-05 0.687218 9.98831E-05 9.98831E-05 0.0525408 9.98831E-05 9.98831E-05 9.98831E-05 9.98831E-05
9.98381E-05 9.98381E-05 9.98381E-05 9.98381E-05 9.98381E-05 9.98381E-05 9.98381E-05 9.98381E-05 9.98381E-05 9.98381E-05 9.98381E-05 9.98381E-05 9.98381E-05 9.98381E-05 9.98381E-05 9.98381E-05 9.98381E-05 0.998203 9.98381E-05
