0.0578112 0.0105996 9.99189E-05 9.99189E-05 0.93069 9.99189E-05 9.99189E-05 9.99189E-05 9.99189E-05 9.99189E-05 9.99189E-05 9.99189E-05
0.0500889 0.0035497 0.114321 9.9937E-05 0.0886527 9.9937E-05 0.742688 9.9937E-05 9.9937E-05 9.9937E-05 9.9937E-05 9.9937E-05
9.9901E-05 9.9901E-05 9.9901E-05 9.9901E-05 9.9901E-05 9.9901E-05 9.9901E-05 9.9901E-05 9.9901E-05 9.9901E-05 9.9901E-05 0.998901
9.99371E-05 0.0209674 0.901981 0.0192405 9.99371E-05 9.99371E-05 9.99371E-05 9.99371E-05 0.0373993 9.99371E-05 9.99371E-05 0.0197119
0.0887676 9.99641E-05 0.182806 0.07163 0.0663935 0.131508 0.100461 9.99641E-05 0.253559 9.99641E-05 9.99641E-05 0.104475
0.029146 0.00856433 0.843978 9.9928E-05 9.9928E-05 9.9928E-05 9.9928E-05 9.9928E-05 0.117512 9.9928E-05 9.9928E-05 9.9928E-05
9.9901E-05 9.9901E-05 9.9901E-05 9.9901E-05 9.9901E-05 0.998901 9.9901E-05 9.9901E-05 9.9901E-05 9.9901E-05 9.9901E-05 9.9901E-05
0.0709963 0.0047734 0.0245552 0.0824249 9.99639E-05 9.99639E-05 0.081675 0.464028 0.268742 9.99639E-05 9.99639E-05 0.00240622
9.991E-05 9.991E-05 9.991E-05 9.991E-05 9.991E-05 0.973703 0.0252983 9.991E-05 9.991E-05 9.991E-05 9.991E-05 9.991E-05
0.831497 9.99191E-05 9.99191E-05 9.99191E-05 9.99191E-05 0.15292 9.99191E-05 9.99191E-05 0.0146829 9.99191E-05 9.99191E-05 9.99191E-05
0.87109 9.99102E-05 9.99102E-05 9.99102E-05 9.99102E-05 0.127911 9.99102E-05 9.99102E-05 9.99102E-05 9.99102E-05 9.99102E-05 9.99102E-05
9.9946E-05 0.104667 0.0289299 9.9946E-05 0.656196 9.9946E-05 9.9946E-05 0.0213884 0.00290602 0.185314 9.9946E-05 9.9946E-05
9.99191E-05 9.99191E-05 9.99191E-05 9.99191E-05 9.99191E-05 9.99191E-05 9.99191E-05 0.00858189 0.0470656 0.943453 9.99191E-05 9.99191E-05
9.99461E-05 9.99461E-05 0.947456 9.99461E-05 0.0167118 9.99461E-05 0.0118275 9.99461E-05 0.0127416 9.99461E-05 0.00997322 0.00069033
9.99191E-05 9.99191E-05 0.942965 9.99191E-05 0.0473174 9.99191E-05 9.99191E-05 9.99191E-05 9.99191E-05 9.99191E-05 0.00881845 9.99191E-05
0.277189 0.0219493 9.99369E-05 9.99369E-05 0.141875 0.323306 9.99369E-05 9.99369E-05 9.99369E-05 0.23498 9.99369E-05 9.99369E-05
0.445358 0.269014 9.99461E-05 9.99461E-05 0.00498749 9.99461E-05 9.99461E-05 9.99461E-05 0.0399162 0.18783 0.0522943 9.99461E-05
0.110766 9.99459E-05 9.99459E-05 0.0491067 0.0586755 0.0367656 0.0516054 9.99459E-05 9.99459E-05 9.99459E-05 0.692482 9.99459E-05
9.991E-05 0.0958818 9.991E-05 9.991E-05 9.991E-05 9.991E-05 9.991E-05 9.991E-05 9.991E-05 9.991E-05 0.903119 9.991E-05
0.700737 0.0754394 9.99279E-05 9.99279E-05 0.175507 0.0475172 9.99279E-05 9.99279E-05 9.99279E-05 9.99279E-05 9.99279E-05 9.99279E-05
9.99101E-05 9.99101E-05 9.99101E-05 9.99101E-05 9.99101E-05 9.99101E-05 9.99101E-05 9.99101E-05 9.99101E-05 9.99101E-05 0.981102 0.0178991
0.297947 9.99279E-05 9.99279E-05 9.99279E-05 0.589982 9.99279E-05 0.0207718 9.99279E-05 9.99279E-05 0.0905002 9.99279E-05 9.99279E-05
0.273591 0.270598 9.99281E-05 9.99281E-05 9.99281E-05 9.99281E-05 9.99281E-05 9.99281E-05 0.0760732 9.99281E-05 0.378938 9.99281E-05
0.0324976 0.0726068 9.9919E-05 9.9919E-05 9.9919E-05 9.9919E-05 9.9919E-05 9.9919E-05 9.9919E-05 9.9919E-05 0.893996 9.9919E-05
9.99282E-05 9.99282E-05 0.915492 9.99282E-05 9.99282E-05 0.0210249 9.99282E-05 0.0253892 9.99282E-05 9.99282E-05 9.99282E-05 0.0372945
9.99102E-05 9.99102E-05 0.996883 0.0021177 9.99102E-05 9.99102E-05 9.99102E-05 9.99102E-05 9.99102E-05 9.99102E-05 9.99102E-05 9.99102E-05
0.0886774 0.0418183 9.99278E-05 9.99278E-05 0.0429317 9.99278E-05 9.99278E-05 9.99278E-05 9.99278E-05 0.825773 9.99278E-05 9.99278E-05
9.99191E-05 9.99191E-05 0.918436 0.0615411 9.99191E-05 0.0191231 9.99191E-05 9.99191E-05 9.99191E-05 9.99191E-05 9.99191E-05 9.99191E-05
9.9928E-05 9.9928E-05 0.859292 0.102099 9.9928E-05 0.0206647 0.0171452 9.9928E-05 9.9928E-05 9.9928E-05 9.9928E-05 9.9928E-05
9.99461E-05 9.99461E-05 0.234796 0.120977 0.0167252 9.99461E-05 9.99461E-05 9.99461E-05 0.606342 0.00205979 9.99461E-05 0.0184993
9.99098E-05 9.99098E-05 0.0290016 9.99098E-05 9.99098E-05 9.99098E-05 9.99098E-05 9.99098E-05 0.969999 9.99098E-05 9.99098E-05 9.99098E-05
9.99012E-05 9.99012E-05 9.99012E-05 9.99012E-05 9.99012E-05 9.99012E-05 0.998901 9.99012E-05 9.99012E-05 9.99012E-05 9.99012E-05 9.99012E-05
9.99101E-05 9.99101E-05 0.803655 9.99101E-05 9.99101E-05 9.99101E-05 9.99101E-05 0.195346 9.99101E-05 9.99101E-05 9.99101E-05 9.99101E-05
9.99371E-05 0.0126683 9.99371E-05 0.682394 9.99371E-05 9.99371E-05 0.0353053 0.226626 0.0423069 9.99371E-05 9.99371E-05 9.99371E-05
0.13551 0.150031 0.00773704 9.99458E-05 0.0391156 9.99458E-05 9.99458E-05 9.99458E-05 0.0721564 0.59485 9.99458E-05 9.99458E-05
9.99459E-05 0.00941763 0.905682 9.99459E-05 9.99459E-05 0.00224391 9.99459E-05 0.0611416 0.00437643 0.0165385 9.99459E-05 9.99459E-05
9.9919E-05 9.9919E-05 9.9919E-05 9.9919E-05 0.946908 9.9919E-05 9.9919E-05 0.0314447 9.9919E-05 9.9919E-05 9.9919E-05 0.0207481
0.681039 9.9946E-05 9.9946E-05 9.9946E-05 0.0180363 9.9946E-05 0.214844 0.0715371 9.9946E-05 0.0110575 0.00288682 9.9946E-05
0.258669 0.322904 0.0226476 9.99641E-05 0.0242468 9.99641E-05 9.99641E-05 0.0297692 0.144681 0.164462 0.0322212 9.99641E-05
0.624883 9.99189E-05 0.127827 9.99189E-05 0.24639 9.99189E-05 9.99189E-05 9.99189E-05 9.99189E-05 9.99189E-05 9.99189E-05 9.99189E-05
0.532176 0.0407554 0.125541 9.99279E-05 0.300728 9.99279E-05 9.99279E-05 9.99279E-05 9.99279E-05 9.99279E-05 9.99279E-05 9.99279E-05
0.99666 9.991E-05 9.991E-05 9.991E-05 0.00234075 9.991E-05 9.991E-05 9.991E-05 9.991E-05 9.991E-05 9.991E-05 9.991E-05
0.277908 9.99277E-05 9.99277E-05 9.99277E-05 0.239228 0.394007 9.99277E-05 9.99277E-05 9.99277E-05 0.0880579 9.99277E-05 9.99277E-05
0.974451 9.9928E-05 9.9928E-05 9.9928E-05 9.9928E-05 9.9928E-05 9.9928E-05 9.9928E-05 0.0168084 0.00351039 9.9928E-05 0.00443098
0.517312 0.125892 9.99369E-05 9.99369E-05 9.99369E-05 9.99369E-05 0.0606649 9.99369E-05 9.99369E-05 0.200846 0.094585 9.99369E-05
0.63422 0.010567 9.9955E-05 9.9955E-05 0.110042 9.9955E-05 0.00182272 9.9955E-05 0.133776 0.0847199 0.0243529 9.9955E-05
0.340627 0.04418 9.9946E-05 0.00858055 0.172247 9.9946E-05 9.9946E-05 9.9946E-05 0.22344 0.210326 9.9946E-05 9.9946E-05
9.99107E-05 9.99107E-05 9.99107E-05 9.99107E-05 0.981714 9.99107E-05 9.99107E-05 9.99107E-05 9.99107E-05 9.99107E-05 0.017287 9.99107E-05
9.99011E-05 9.99011E-05 9.99011E-05 0.998901 9.99011E-05 9.99011E-05 9.99011E-05 9.99011E-05 9.99011E-05 9.99011E-05 9.99011E-05 9.99011E-05
9.99011E-05 9.99011E-05 9.99011E-05 0.998901 9.99011E-05 9.99011E-05 9.99011E-05 9.99011E-05 9.99011E-05 9.99011E-05 9.99011E-05 9.99011E-05
0.00617427 9.99101E-05 9.99101E-05 0.992827 9.99101E-05 9.99101E-05 9.99101E-05 9.99101E-05 9.99101E-05 9.99101E-05 9.99101E-05 9.99101E-05
9.99101E-05 9.99101E-05 9.99101E-05 0.988185 9.99101E-05 9.99101E-05 9.99101E-05 9.99101E-05 9.99101E-05 9.99101E-05 9.99101E-05 0.010816
9.99011E-05 9.99011E-05 9.99011E-05 0.998901 9.99011E-05 9.99011E-05 9.99011E-05 9.99011E-05 9.99011E-05 9.99011E-05 9.99011E-05 9.99011E-05
0.0905108 9.99641E-05 9.99641E-05 0.383319 9.99641E-05 0.0486603 0.0214755 0.0225502 0.426766 9.99641E-05 0.00152719 0.00479088
0.00280841 9.99281E-05 9.99281E-05 0.898665 9.99281E-05 9.99281E-05 0.0845279 9.99281E-05 9.99281E-05 0.0131988 9.99281E-05 9.99281E-05
9.99188E-05 9.99188E-05 9.99188E-05 9.99188E-05 0.903825 0.0452653 9.99188E-05 9.99188E-05 9.99188E-05 0.0500106 9.99188E-05 9.99188E-05
9.991E-05 9.991E-05 9.991E-05 9.991E-05 9.991E-05 0.0372729 0.961728 9.991E-05 9.991E-05 9.991E-05 9.991E-05 9.991E-05
9.9901E-05 9.9901E-05 0.998901 9.9901E-05 9.9901E-05 9.9901E-05 9.9901E-05 9.9901E-05 9.9901E-05 9.9901E-05 9.9901E-05 9.9901E-05
9.9937E-05 0.0189225 9.9937E-05 0.000753152 0.115318 0.0389782 9.9937E-05 9.9937E-05 9.9937E-05 0.825329 9.9937E-05 9.9937E-05
0.150817 0.034647 9.9946E-05 9.9946E-05 0.294737 0.343609 9.9946E-05 9.9946E-05 9.9946E-05 0.165891 9.9946E-05 0.00969949
9.99192E-05 9.99192E-05 9.99192E-05 9.99192E-05 9.99192E-05 9.99192E-05 9.99192E-05 0.0183559 9.99192E-05 0.979785 9.99192E-05 0.000959546
0.0872144 9.99279E-05 9.99279E-05 9.99279E-05 0.00688951 0.0360159 9.99279E-05 9.99279E-05 9.99279E-05 0.869081 9.99279E-05 9.99279E-05
0.0892899 0.0572365 9.99188E-05 9.99188E-05 9.99188E-05 9.99188E-05 9.99188E-05 9.99188E-05 9.99188E-05 0.852574 9.99188E-05 9.99188E-05
0.0352142 9.99282E-05 9.99282E-05 9.99282E-05 0.0567783 9.99282E-05 9.99282E-05 0.0057592 9.99282E-05 9.99282E-05 0.901449 9.99282E-05
9.99193E-05 9.99193E-05 0.915107 9.99193E-05 9.99193E-05 0.0145194 9.99193E-05 9.99193E-05 9.99193E-05 9.99193E-05 9.99193E-05 0.0694745
0.132057 0.0337056 0.160652 0.0824483 0.17518 9.997E-05 0.102375 0.132797 9.997E-05 0.0911263 0.0893598 9.997E-05
9.99193E-05 9.99193E-05 0.7916 9.99193E-05 9.99193E-05 9.99193E-05 9.99193E-05 0.0695251 9.99193E-05 9.99193E-05 9.99193E-05 0.137976
9.9937E-05 9.9937E-05 0.842448 0.0115729 0.0287662 9.9937E-05 9.9937E-05 9.9937E-05 0.103572 0.0129421 9.9937E-05 9.9937E-05
9.9928E-05 9.9928E-05 0.857966 0.0525957 9.9928E-05 0.0709927 9.9928E-05 0.0176466 9.9928E-05 9.9928E-05 9.9928E-05 9.9928E-05
9.99371E-05 9.99371E-05 0.918644 0.00826983 9.99371E-05 0.0445345 9.99371E-05 0.0222378 9.99371E-05 9.99371E-05 0.00561402 9.99371E-05
0.0460828 9.99192E-05 0.719864 9.99192E-05 9.99192E-05 9.99192E-05 9.99192E-05 9.99192E-05 0.233154 9.99192E-05 9.99192E-05 9.99192E-05
9.9937E-05 0.00138223 0.953144 0.00579483 9.9937E-05 9.9937E-05 9.9937E-05 0.0120042 0.026975 9.9937E-05 9.9937E-05 9.9937E-05
9.99034E-05 9.99034E-05 9.99034E-05 9.99034E-05 9.99034E-05 9.99034E-05 9.99034E-05 0.998901 9.99034E-05 9.99034E-05 9.99034E-05 9.99034E-05
9.9919E-05 9.9919E-05 9.9919E-05 9.9919E-05 9.9919E-05 0.00608152 9.9919E-05 0.980031 9.9919E-05 0.0129879 9.9919E-05 9.9919E-05
0.0143377 9.9937E-05 0.864357 0.0405327 0.0233963 9.9937E-05 9.9937E-05 9.9937E-05 9.9937E-05 9.9937E-05 9.9937E-05 0.0566769
0.258231 0.084463 0.00103666 0.0152316 0.200131 0.440307 9.99458E-05 9.99458E-05 9.99458E-05 9.99458E-05 9.99458E-05 9.99458E-05
0.252631 0.0663205 9.99368E-05 0.0010845 0.167595 0.51167 9.99368E-05 9.99368E-05 9.99368E-05 9.99368E-05 9.99368E-05 9.99368E-05
9.9901E-05 0.998901 9.9901E-05 9.9901E-05 9.9901E-05 9.9901E-05 9.9901E-05 9.9901E-05 9.9901E-05 9.9901E-05 9.9901E-05 9.9901E-05
9.99009E-05 0.998901 9.99009E-05 9.99009E-05 9.99009E-05 9.99009E-05 9.99009E-05 9.99009E-05 9.99009E-05 9.99009E-05 9.99009E-05 9.99009E-05
0.846268 9.99369E-05 9.99369E-05 9.99369E-05 0.015729 9.99369E-05 0.0794599 0.0120815 9.99369E-05 0.045762 9.99369E-05 9.99369E-05
0.851214 9.99279E-05 9.99279E-05 9.99279E-05 9.99279E-05 0.0361619 0.0450661 9.99279E-05 9.99279E-05 0.0667588 9.99279E-05 9.99279E-05
9.9919E-05 0.97949 9.9919E-05 9.9919E-05 9.9919E-05 0.0190521 9.9919E-05 9.9919E-05 9.9919E-05 9.9919E-05 9.9919E-05 0.000558286
9.99009E-05 0.998901 9.99009E-05 9.99009E-05 9.99009E-05 9.99009E-05 9.99009E-05 9.99009E-05 9.99009E-05 9.99009E-05 9.99009E-05 9.99009E-05
9.99099E-05 9.99099E-05 9.99099E-05 9.99099E-05 0.959946 9.99099E-05 9.99099E-05 9.99099E-05 9.99099E-05 0.0390547 9.99099E-05 9.99099E-05
0.462003 9.99459E-05 9.99459E-05 9.99459E-05 0.0974288 0.235471 0.0106879 9.99459E-05 9.99459E-05 0.148758 0.0450506 9.99459E-05
9.9919E-05 9.9919E-05 9.9919E-05 0.0694219 9.9919E-05 0.0496273 0.880052 9.9919E-05 9.9919E-05 9.9919E-05 9.9919E-05 9.9919E-05
0.331359 0.238563 0.0305977 9.99373E-05 9.99373E-05 9.99373E-05 9.99373E-05 9.99373E-05 9.99373E-05 0.319442 0.0793382 9.99373E-05
9.99372E-05 0.333727 0.0073659 9.99372E-05 0.177194 9.99372E-05 9.99372E-05 9.99372E-05 9.99372E-05 0.441242 0.0397715 9.99372E-05
9.9901E-05 9.9901E-05 9.9901E-05 9.9901E-05 9.9901E-05 9.9901E-05 9.9901E-05 9.9901E-05 0.998901 9.9901E-05 9.9901E-05 9.9901E-05
