0.939294 9.99188E-05 0.0161542 9.99188E-05 9.99188E-05 0.0436521 9.99188E-05 9.99188E-05 9.99188E-05 9.99188E-05 9.99188E-05 9.99188E-05
0.063289 9.99369E-05 9.99369E-05 9.99369E-05 9.99369E-05 0.0186495 0.711237 0.0215873 9.99369E-05 0.184538 9.99369E-05 9.99369E-05
9.99375E-05 0.278483 0.0487396 0.0462179 9.99375E-05 9.99375E-05 9.99375E-05 9.99375E-05 9.99375E-05 0.605761 9.99375E-05 0.0200998
9.9937E-05 9.9937E-05 0.0268002 9.9937E-05 0.0736849 9.9937E-05 9.9937E-05 9.9937E-05 0.00892107 0.875486 0.014408 9.9937E-05
0.109253 0.14222 9.99551E-05 9.99551E-05 9.99551E-05 0.0666439 0.084877 9.99551E-05 0.0497738 0.364549 0.182184 9.99551E-05
9.9919E-05 9.9919E-05 9.9919E-05 0.00275684 9.9919E-05 9.9919E-05 9.9919E-05 9.9919E-05 9.9919E-05 0.993208 0.00313616 9.9919E-05
9.9901E-05 9.9901E-05 9.9901E-05 9.9901E-05 9.9901E-05 9.9901E-05 9.9901E-05 9.9901E-05 9.9901E-05 9.9901E-05 0.998901 9.9901E-05
9.99532E-05 0.691887 9.99532E-05 9.99532E-05 9.99532E-05 0.0625162 0.15765 9.99532E-05 0.0317918 0.0474367 0.00811907 9.99532E-05
9.9919E-05 9.9919E-05 9.9919E-05 9.9919E-05 9.9919E-05 9.9919E-05 0.0580305 9.9919E-05 0.0126633 9.9919E-05 0.928407 9.9919E-05
9.99099E-05 9.99099E-05 9.99099E-05 9.99099E-05 9.99099E-05 0.857244 9.99099E-05 9.99099E-05 9.99099E-05 9.99099E-05 0.141757 9.99099E-05
9.991E-05 9.991E-05 9.991E-05 9.991E-05 9.991E-05 0.864063 9.991E-05 9.991E-05 9.991E-05 9.991E-05 0.134938 9.991E-05
0.68645 9.9928E-05 0.15519 0.121226 0.0363344 9.9928E-05 9.9928E-05 9.9928E-05 9.9928E-05 9.9928E-05 9.9928E-05 9.9928E-05
9.99102E-05 9.99102E-05 9.99102E-05 0.935303 9.99102E-05 9.99102E-05 9.99102E-05 9.99102E-05 9.99102E-05 9.99102E-05 0.0636981 9.99102E-05
0.00983003 9.9937E-05 9.9937E-05 0.00396198 9.9937E-05 9.9937E-05 0.00993641 9.9937E-05 9.9937E-05 0.965303 9.9937E-05 0.010269
0.0220244 9.991E-05 9.991E-05 9.991E-05 9.991E-05 9.991E-05 9.991E-05 9.991E-05 9.991E-05 0.976977 9.991E-05 9.991E-05
9.9919E-05 9.9919E-05 9.9919E-05 0.180405 9.9919E-05 0.0599752 9.9919E-05 0.758721 9.9919E-05 9.9919E-05 9.9919E-05 9.9919E-05
9.99461E-05 9.99461E-05 0.258873 0.214859 9.99461E-05 0.347503 9.99461E-05 0.120693 9.99461E-05 0.00560747 9.99461E-05 0.0518642
0.00921416 9.99369E-05 9.99369E-05 9.99369E-05 9.99369E-05 0.0782591 0.109658 0.0957397 9.99369E-05 9.99369E-05 9.99369E-05 0.706429
9.991E-05 9.991E-05 0.0884517 9.991E-05 9.991E-05 9.991E-05 9.991E-05 9.991E-05 9.991E-05 9.991E-05 9.991E-05 0.910549
0.0947224 9.99369E-05 0.0560095 0.0224859 9.99369E-05 0.472603 9.99369E-05 0.35348 9.99369E-05 9.99369E-05 9.99369E-05 9.99369E-05
9.99101E-05 9.99101E-05 9.99101E-05 9.99101E-05 0.00926085 9.99101E-05 9.99101E-05 9.99101E-05 9.99101E-05 9.99101E-05 9.99101E-05 0.98974
0.47087 9.99279E-05 9.99279E-05 0.106265 9.99279E-05 0.114489 9.99279E-05 0.307575 9.99279E-05 9.99279E-05 9.99279E-05 9.99279E-05
9.99372E-05 9.99372E-05 0.233148 9.99372E-05 0.0116055 0.340109 9.99372E-05 9.99372E-05 9.99372E-05 0.0291448 9.99372E-05 0.385293
9.99189E-05 9.99189E-05 0.0551364 9.99189E-05 9.99189E-05 0.0610897 9.99189E-05 9.99189E-05 9.99189E-05 9.99189E-05 9.99189E-05 0.882875
9.99102E-05 9.99102E-05 9.99102E-05 9.99102E-05 0.605526 9.99102E-05 9.99102E-05 9.99102E-05 9.99102E-05 0.393475 9.99102E-05 9.99102E-05
9.99101E-05 9.99101E-05 9.99101E-05 9.99101E-05 0.195492 9.99101E-05 9.99101E-05 9.99101E-05 9.99101E-05 0.803508 9.99101E-05 9.99101E-05
0.0375639 9.99459E-05 0.0297448 0.853109 9.99459E-05 0.0399098 0.0153557 0.0237175 9.99459E-05 9.99459E-05 9.99459E-05 9.99459E-05
9.9901E-05 9.9901E-05 9.9901E-05 9.9901E-05 0.998901 9.9901E-05 9.9901E-05 9.9901E-05 9.9901E-05 9.9901E-05 9.9901E-05 9.9901E-05
9.99101E-05 9.99101E-05 9.99101E-05 9.99101E-05 0.994269 9.99101E-05 9.99101E-05 9.99101E-05 0.00473193 9.99101E-05 9.99101E-05 9.99101E-05
0.0160792 0.293988 0.0101466 9.99551E-05 0.260191 9.99551E-05 9.99551E-05 9.99551E-05 0.120221 0.277486 9.99551E-05 0.0213885
9.99368E-05 0.700578 0.0160904 9.99368E-05 0.0290092 9.99368E-05 9.99368E-05 9.99368E-05 0.00163109 0.251992 9.99368E-05 9.99368E-05
9.99013E-05 9.99013E-05 9.99013E-05 9.99013E-05 9.99013E-05 9.99013E-05 0.998901 9.99013E-05 9.99013E-05 9.99013E-05 9.99013E-05 9.99013E-05
9.99191E-05 0.174715 9.99191E-05 9.99191E-05 0.25847 9.99191E-05 9.99191E-05 9.99191E-05 9.99191E-05 0.565916 9.99191E-05 9.99191E-05
9.99191E-05 0.284307 9.99191E-05 9.99191E-05 9.99191E-05 9.99191E-05 0.0227687 9.99191E-05 0.692025 9.99191E-05 9.99191E-05 9.99191E-05
0.0440092 0.103591 0.180735 0.598201 9.99367E-05 0.0727638 9.99367E-05 9.99367E-05 9.99367E-05 9.99367E-05 9.99367E-05 9.99367E-05
0.0126483 0.0333251 9.99279E-05 9.99279E-05 0.57309 9.99279E-05 9.99279E-05 9.99279E-05 9.99279E-05 0.380137 9.99279E-05 9.99279E-05
0.982776 0.0112694 9.99191E-05 9.99191E-05 9.99191E-05 9.99191E-05 9.99191E-05 9.99191E-05 9.99191E-05 0.00505542 9.99191E-05 9.99191E-05
0.130131 9.9937E-05 9.9937E-05 9.9937E-05 9.9937E-05 0.640444 0.191494 9.9937E-05 9.9937E-05 0.0298526 9.9937E-05 0.00737941
0.00887729 0.0901337 0.321711 0.2499 9.9964E-05 0.159969 9.9964E-05 0.0589092 9.9964E-05 0.0717979 9.9964E-05 0.0383024
0.242348 9.99369E-05 9.99369E-05 9.99369E-05 9.99369E-05 0.311457 9.99369E-05 0.287685 9.99369E-05 0.150965 9.99369E-05 0.00684595
0.29657 9.99459E-05 0.0193321 9.99459E-05 9.99459E-05 0.285541 9.99459E-05 0.300366 9.99459E-05 0.0729745 9.99459E-05 0.024616
0.0366894 9.99279E-05 9.99279E-05 0.0102544 9.99279E-05 0.918759 9.99279E-05 0.0334982 9.99279E-05 9.99279E-05 9.99279E-05 9.99279E-05
0.000744198 9.9928E-05 9.9928E-05 0.0298722 9.9928E-05 9.9928E-05 9.9928E-05 0.894768 9.9928E-05 9.9928E-05 0.0738163 9.9928E-05
9.9919E-05 9.9919E-05 9.9919E-05 0.0363079 0.0135096 0.949283 9.9919E-05 9.9919E-05 9.9919E-05 9.9919E-05 9.9919E-05 9.9919E-05
0.08545 9.9955E-05 0.0755353 0.145166 9.9955E-05 0.424678 0.0458213 0.122043 9.9955E-05 9.9955E-05 9.9955E-05 0.100806
0.147677 0.0106386 9.9955E-05 9.9955E-05 9.9955E-05 0.52512 0.0330751 0.141935 9.9955E-05 0.108194 9.9955E-05 0.0328614
0.249913 9.9946E-05 0.0615085 0.248265 9.9946E-05 0.290658 9.9946E-05 9.9946E-05 0.0661918 0.082865 9.9946E-05 9.9946E-05
0.992673 9.99106E-05 9.99106E-05 9.99106E-05 9.99106E-05 9.99106E-05 9.99106E-05 9.99106E-05 9.99106E-05 9.99106E-05 9.99106E-05 0.00632778
9.9901E-05 9.9901E-05 9.9901E-05 9.9901E-05 9.9901E-05 9.9901E-05 9.9901E-05 9.9901E-05 0.998901 9.9901E-05 9.9901E-05 9.9901E-05
9.99101E-05 9.99101E-05 0.0105282 9.99101E-05 9.99101E-05 9.99101E-05 9.99101E-05 9.99101E-05 0.988473 9.99101E-05 9.99101E-05 9.99101E-05
9.99101E-05 9.99101E-05 9.99101E-05 9.99101E-05 9.99101E-05 9.99101E-05 9.99101E-05 0.000912047 0.998089 9.99101E-05 9.99101E-05 9.99101E-05
9.99011E-05 9.99011E-05 9.99011E-05 9.99011E-05 9.99011E-05 9.99011E-05 9.99011E-05 9.99011E-05 0.998901 9.99011E-05 9.99011E-05 9.99011E-05
9.99011E-05 9.99011E-05 9.99011E-05 9.99011E-05 9.99011E-05 9.99011E-05 9.99011E-05 9.99011E-05 0.998901 9.99011E-05 9.99011E-05 9.99011E-05
9.99552E-05 0.361996 9.99552E-05 9.99552E-05 0.0518053 0.0728278 9.99552E-05 0.0171928 0.450328 9.99552E-05 0.0180151 0.0273346
9.9919E-05 9.9919E-05 9.9919E-05 9.9919E-05 9.9919E-05 9.9919E-05 0.0706276 0.0141762 0.914297 9.9919E-05 9.9919E-05 9.9919E-05
0.81801 9.99188E-05 9.99188E-05 0.0348345 9.99188E-05 9.99188E-05 9.99188E-05 0.146256 9.99188E-05 9.99188E-05 9.99188E-05 9.99188E-05
9.99279E-05 0.000500339 9.99279E-05 9.99279E-05 0.0369542 9.99279E-05 0.961086 9.99279E-05 9.99279E-05 9.99279E-05 0.000660349 9.99279E-05
9.99099E-05 9.99099E-05 9.99099E-05 9.99099E-05 0.410047 9.99099E-05 9.99099E-05 9.99099E-05 9.99099E-05 0.588954 9.99099E-05 9.99099E-05
9.9919E-05 9.9919E-05 9.9919E-05 0.813342 9.9919E-05 9.9919E-05 9.9919E-05 0.178987 0.00677077 9.9919E-05 9.9919E-05 9.9919E-05
9.99192E-05 9.99192E-05 9.99192E-05 0.109216 0.00316249 9.99192E-05 9.99192E-05 0.886723 9.99192E-05 9.99192E-05 9.99192E-05 9.99192E-05
9.99101E-05 9.99101E-05 9.99101E-05 0.919625 9.99101E-05 9.99101E-05 9.99101E-05 9.99101E-05 9.99101E-05 9.99101E-05 0.0793761 9.99101E-05
0.0282912 9.99279E-05 9.99279E-05 0.855214 9.99279E-05 0.115225 0.000470403 9.99279E-05 9.99279E-05 9.99279E-05 9.99279E-05 9.99279E-05
9.99189E-05 9.99189E-05 0.0188655 0.896286 9.99189E-05 0.0839494 9.99189E-05 9.99189E-05 9.99189E-05 9.99189E-05 9.99189E-05 9.99189E-05
0.0956972 9.99192E-05 9.99192E-05 9.99192E-05 9.99192E-05 9.99192E-05 9.99192E-05 9.99192E-05 0.0354916 9.99192E-05 9.99192E-05 0.867912
9.99103E-05 9.99103E-05 9.99103E-05 9.99103E-05 0.647837 9.99103E-05 9.99103E-05 9.99103E-05 9.99103E-05 0.351164 9.99103E-05 9.99103E-05
0.163524 9.997E-05 0.0150582 0.145847 0.139408 0.0597228 0.0587658 0.206706 9.997E-05 0.18495 9.997E-05 0.0257173
9.99283E-05 0.0481061 9.99283E-05 9.99283E-05 0.0435943 9.99283E-05 9.99283E-05 0.00262855 9.99283E-05 0.904872 9.99283E-05 9.99283E-05
0.0168751 0.0069781 9.9955E-05 0.00489403 0.0865502 9.9955E-05 9.9955E-05 9.9955E-05 0.0569294 0.812879 0.0143944 9.9955E-05
9.99101E-05 9.99101E-05 9.99101E-05 9.99101E-05 0.982235 9.99101E-05 9.99101E-05 0.0167656 9.99101E-05 9.99101E-05 9.99101E-05 9.99101E-05
9.99102E-05 9.99102E-05 9.99102E-05 9.99102E-05 0.995717 9.99102E-05 9.99102E-05 0.00328367 9.99102E-05 9.99102E-05 9.99102E-05 9.99102E-05
9.99461E-05 0.183693 9.99461E-05 9.99461E-05 0.131976 0.0219582 0.0384742 9.99461E-05 9.99461E-05 0.623066 0.000233839 9.99461E-05
9.99189E-05 0.0230022 9.99189E-05 9.99189E-05 0.475579 9.99189E-05 9.99189E-05 9.99189E-05 9.99189E-05 0.50052 9.99189E-05 9.99189E-05
9.99009E-05 0.998901 9.99009E-05 9.99009E-05 9.99009E-05 9.99009E-05 9.99009E-05 9.99009E-05 9.99009E-05 9.99009E-05 9.99009E-05 9.99009E-05
9.99101E-05 0.900136 9.99101E-05 9.99101E-05 9.99101E-05 9.99101E-05 9.99101E-05 9.99101E-05 9.99101E-05 9.99101E-05 0.0988649 9.99101E-05
9.99281E-05 9.99281E-05 9.99281E-05 9.99281E-05 0.108291 9.99281E-05 9.99281E-05 0.0201353 0.00414473 0.86663 9.99281E-05 9.99281E-05
9.991E-05 9.991E-05 9.991E-05 9.991E-05 9.991E-05 9.991E-05 9.991E-05 0.990274 0.00872641 9.991E-05 9.991E-05 9.991E-05
9.99099E-05 9.99099E-05 9.99099E-05 9.99099E-05 9.99099E-05 9.99099E-05 9.99099E-05 0.969746 0.0292553 9.99099E-05 9.99099E-05 9.99099E-05
9.99009E-05 9.99009E-05 0.998901 9.99009E-05 9.99009E-05 9.99009E-05 9.99009E-05 9.99009E-05 9.99009E-05 9.99009E-05 9.99009E-05 9.99009E-05
9.99063E-05 9.99063E-05 0.998901 9.99063E-05 9.99063E-05 9.99063E-05 9.99063E-05 9.99063E-05 9.99063E-05 9.99063E-05 9.99063E-05 9.99063E-05
0.0518332 9.99279E-05 9.99279E-05 9.99279E-05 9.99279E-05 0.786441 0.0633207 0.097606 9.99279E-05 9.99279E-05 9.99279E-05 9.99279E-05
0.0463063 9.99459E-05 9.99459E-05 9.99459E-05 0.0011652 0.728442 0.0207691 0.183533 9.99459E-05 9.99459E-05 0.0191848 9.99459E-05
9.99101E-05 9.99101E-05 0.996204 9.99101E-05 9.99101E-05 9.99101E-05 9.99101E-05 9.99101E-05 0.00279736 9.99101E-05 9.99101E-05 9.99101E-05
9.9901E-05 9.9901E-05 0.998901 9.9901E-05 9.9901E-05 9.9901E-05 9.9901E-05 9.9901E-05 9.9901E-05 9.9901E-05 9.9901E-05 9.9901E-05
0.927829 9.99189E-05 9.99189E-05 0.0467234 9.99189E-05 9.99189E-05 9.99189E-05 0.0245482 9.99189E-05 9.99189E-05 9.99189E-05 9.99189E-05
0.0388539 9.99549E-05 9.99549E-05 0.150074 9.99549E-05 0.165879 0.0301398 0.42014 9.99549E-05 9.99549E-05 0.127803 0.0666109
9.9919E-05 9.9919E-05 9.9919E-05 9.9919E-05 9.9919E-05 9.9919E-05 0.907018 9.9919E-05 0.0423318 9.9919E-05 0.0497513 9.9919E-05
9.99462E-05 0.0213377 0.120858 0.382192 9.99462E-05 0.322763 9.99462E-05 9.99462E-05 9.99462E-05 0.0477555 9.99462E-05 0.104494
0.106841 9.99462E-05 0.255729 0.523527 9.99462E-05 9.99462E-05 9.99462E-05 0.0348276 9.99462E-05 0.0140671 9.99462E-05 0.0644085
9.99371E-05 0.795038 0.0271402 9.99371E-05 0.167307 9.99371E-05 9.99371E-05 9.99371E-05 0.00410084 9.99371E-05 9.99371E-05 0.00571381
