9.98468E-05 9.98468E-05 9.98468E-05 9.98468E-05 0.950134 9.98468E-05 9.98468E-05 9.98468E-05 9.98468E-05 0.0327342 9.98468E-05 9.98468E-05 9.98468E-05 9.98468E-05 0.0154347 9.98468E-05 9.98468E-05 9.98468E-05 9.98468E-05 9.98468E-05
0.0326225 9.98648E-05 9.98648E-05 9.98648E-05 9.98648E-05 9.98648E-05 9.98648E-05 0.178286 9.98648E-05 9.98648E-05 9.98648E-05 9.98648E-05 0.0885739 0.652564 9.98648E-05 9.98648E-05 0.0464564 9.98648E-05 9.98648E-05 9.98648E-05
9.98751E-05 9.98751E-05 0.194412 9.98751E-05 9.98751E-05 9.98751E-05 9.98751E-05 9.98751E-05 9.98751E-05 9.98751E-05 9.98751E-05 9.98751E-05 0.629145 9.98751E-05 9.98751E-05 0.0427311 9.98751E-05 0.0424348 0.0326537 0.0572254
9.9892E-05 9.9892E-05 9.9892E-05 0.0040901 9.9892E-05 0.0106177 9.9892E-05 9.9892E-05 9.9892E-05 9.9892E-05 0.00921555 0.015368 0.817945 9.9892E-05 0.00253815 9.9892E-05 9.9892E-05 9.9892E-05 0.0101 0.128927
9.99281E-05 0.000940285 0.0111589 9.99281E-05 0.0412381 9.99281E-05 0.0116458 0.087739 0.0985477 0.0443371 0.200221 0.0820964 0.333702 0.0720465 9.99281E-05 9.99281E-05 0.0155276 9.99281E-05 9.99281E-05 9.99281E-05
9.98561E-05 0.00196682 9.98561E-05 9.98561E-05 9.98561E-05 9.98561E-05 0.00435494 9.98561E-05 0.023535 9.98561E-05 9.98561E-05 9.98561E-05 0.968546 9.98561E-05 9.98561E-05 9.98561E-05 9.98561E-05 9.98561E-05 9.98561E-05 9.98561E-05
9.98292E-05 9.98292E-05 9.98292E-05 9.98292E-05 9.98292E-05 9.98292E-05 9.98292E-05 9.98292E-05 9.98292E-05 9.98292E-05 0.998103 9.98292E-05 9.98292E-05 9.98292E-05 9.98292E-05 9.98292E-05 9.98292E-05 9.98292E-05 9.98292E-05 9.98292E-05
9.98919E-05 9.98919E-05 0.400638 9.98919E-05 9.98919E-05 9.98919E-05 9.98919E-05 9.98919E-05 0.223123 0.0929323 0.000949114 0.0965545 0.0776948 0.0988289 9.98919E-05 9.98919E-05 9.98919E-05 9.98919E-05 9.98919E-05 0.00808046
9.98381E-05 9.98381E-05 9.98381E-05 9.98381E-05 9.98381E-05 9.98381E-05 9.98381E-05 9.98381E-05 9.98381E-05 9.98381E-05 0.948992 9.98381E-05 9.98381E-05 0.0492109 9.98381E-05 9.98381E-05 9.98381E-05 9.98381E-05 9.98381E-05 9.98381E-05
9.98382E-05 9.98382E-05 9.98382E-05 9.98382E-05 9.98382E-05 9.98382E-05 9.98382E-05 9.98382E-05 9.98382E-05 0.855321 0.142882 9.98382E-05 9.98382E-05 9.98382E-05 9.98382E-05 9.98382E-05 9.98382E-05 9.98382E-05 9.98382E-05 9.98382E-05
9.98382E-05 9.98382E-05 9.98382E-05 9.98382E-05 9.98382E-05 9.98382E-05 9.98382E-05 9.98382E-05 9.98382E-05 0.881927 0.116276 9.98382E-05 9.98382E-05 9.98382E-05 9.98382E-05 9.98382E-05 9.98382E-05 9.98382E-05 9.98382E-05 9.98382E-05
9.9874E-05 0.0878487 0.00894727 9.9874E-05 0.658527 9.9874E-05 9.9874E-05 9.9874E-05 9.9874E-05 9.9874E-05 9.9874E-05 9.9874E-05 9.9874E-05 9.9874E-05 9.9874E-05 9.9874E-05 9.9874E-05 0.0948358 0.110537 0.0379068
9.98475E-05 9.98475E-05 0.0280803 9.98475E-05 9.98475E-05 9.98475E-05 9.98475E-05 9.98475E-05 9.98475E-05 9.98475E-05 0.0192535 9.98475E-05 9.98475E-05 9.98475E-05 9.98475E-05 9.98475E-05 9.98475E-05 0.950969 9.98475E-05 9.98475E-05
9.98561E-05 0.00802265 9.98561E-05 9.98561E-05 9.98561E-05 9.98561E-05 9.98561E-05 9.98561E-05 9.98561E-05 9.98561E-05 9.98561E-05 9.98561E-05 0.955448 0.00634481 9.98561E-05 0.0285872 9.98561E-05 9.98561E-05 9.98561E-05 9.98561E-05
9.9865E-05 9.9865E-05 9.9865E-05 9.9865E-05 0.0271357 9.9865E-05 9.9865E-05 0.0107512 9.9865E-05 9.9865E-05 9.9865E-05 9.9865E-05 0.943497 9.9865E-05 0.00577878 0.0113395 9.9865E-05 9.9865E-05 9.9865E-05 9.9865E-05
9.98651E-05 0.10831 9.98651E-05 9.98651E-05 9.98651E-05 0.743296 9.98651E-05 9.98651E-05 9.98651E-05 0.0453864 9.98651E-05 0.0111934 9.98651E-05 9.98651E-05 9.98651E-05 9.98651E-05 9.98651E-05 0.0903158 9.98651E-05 9.98651E-05
9.98471E-05 9.98471E-05 9.98471E-05 9.98471E-05 9.98471E-05 9.98471E-05 9.98471E-05 9.98471E-05 9.98471E-05 0.061661 9.98471E-05 9.98471E-05 9.98471E-05 9.98471E-05 0.0216947 9.98471E-05 0.914947 9.98471E-05 9.98471E-05 9.98471E-05
9.98738E-05 9.98738E-05 9.98738E-05 9.98738E-05 9.98738E-05 9.98738E-05 9.98738E-05 0.0511349 9.98738E-05 0.102202 0.000811671 0.0112187 9.98738E-05 0.000483824 9.98738E-05 0.83275 9.98738E-05 9.98738E-05 9.98738E-05 9.98738E-05
9.98382E-05 9.98382E-05 9.98382E-05 0.997155 9.98382E-05 9.98382E-05 9.98382E-05 9.98382E-05 9.98382E-05 9.98382E-05 9.98382E-05 9.98382E-05 9.98382E-05 9.98382E-05 9.98382E-05 9.98382E-05 9.98382E-05 9.98382E-05 9.98382E-05 0.00104744
9.98738E-05 0.154403 9.98738E-05 9.98738E-05 0.0443677 0.28404 9.98738E-05 9.98738E-05 9.98738E-05 0.486279 9.98738E-05 9.98738E-05 9.98738E-05 9.98738E-05 9.98738E-05 9.98738E-05 0.0124416 9.98738E-05 0.01707 9.98738E-05
9.98381E-05 9.98381E-05 9.98381E-05 0.0518606 9.98381E-05 9.98381E-05 9.98381E-05 9.98381E-05 9.98381E-05 9.98381E-05 9.98381E-05 9.98381E-05 9.98381E-05 9.98381E-05 9.98381E-05 0.946342 9.98381E-05 9.98381E-05 9.98381E-05 9.98381E-05
0.00104801 9.9892E-05 9.9892E-05 0.0008662 0.428612 0.228804 9.9892E-05 0.245671 9.9892E-05 9.9892E-05 9.9892E-05 9.9892E-05 9.9892E-05 9.9892E-05 0.00434289 9.9892E-05 0.0329395 0.0565184 9.9892E-05 9.9892E-05
9.9829E-05 9.9829E-05 9.9829E-05 9.9829E-05 9.9829E-05 9.9829E-05 9.9829E-05 9.9829E-05 9.9829E-05 9.9829E-05 9.9829E-05 9.9829E-05 9.9829E-05 9.9829E-05 0.998103 9.9829E-05 9.9829E-05 9.9829E-05 9.9829E-05 9.9829E-05
9.98561E-05 9.98561E-05 9.98561E-05 0.841324 9.98561E-05 9.98561E-05 9.98561E-05 9.98561E-05 9.98561E-05 0.00622518 9.98561E-05 9.98561E-05 9.98561E-05 9.98561E-05 0.107009 0.0438442 9.98561E-05 9.98561E-05 9.98561E-05 9.98561E-05
9.98384E-05 9.98384E-05 9.98384E-05 9.98384E-05 9.98384E-05 9.98384E-05 9.98384E-05 9.98384E-05 9.98384E-05 9.98384E-05 9.98384E-05 9.98384E-05 0.370848 9.98384E-05 9.98384E-05 9.98384E-05 9.98384E-05 9.98384E-05 9.98384E-05 0.627355
9.98383E-05 9.98383E-05 9.98383E-05 9.98383E-05 9.98383E-05 9.98383E-05 9.98383E-05 9.98383E-05 9.98383E-05 9.98383E-05 9.98383E-05 9.98383E-05 0.784918 9.98383E-05 9.98383E-05 9.98383E-05 9.98383E-05 9.98383E-05 9.98383E-05 0.213285
9.98648E-05 9.98648E-05 9.98648E-05 9.98648E-05 0.0632105 9.98648E-05 9.98648E-05 9.98648E-05 9.98648E-05 0.0620138 9.98648E-05 9.98648E-05 9.98648E-05 9.98648E-05 9.98648E-05 9.98648E-05 0.0140365 0.805981 0.0532603 9.98648E-05
9.98293E-05 9.98293E-05 9.98293E-05 9.98293E-05 9.98293E-05 9.98293E-05 9.98293E-05 9.98293E-05 9.98293E-05 9.98293E-05 9.98293E-05 9.98293E-05 9.98293E-05 9.98293E-05 9.98293E-05 9.98293E-05 9.98293E-05 9.98293E-05 9.98293E-05 0.998103
9.98293E-05 9.98293E-05 9.98293E-05 9.98293E-05 9.98293E-05 9.98293E-05 9.98293E-05 9.98293E-05 9.98293E-05 9.98293E-05 9.98293E-05 9.98293E-05 9.98293E-05 9.98293E-05 9.98293E-05 9.98293E-05 9.98293E-05 9.98293E-05 9.98293E-05 0.998103
9.98834E-05 9.98834E-05 9.98834E-05 9.98834E-05 0.0119303 9.98834E-05 0.00281118 0.0291466 0.445024 9.98834E-05 9.98834E-05 0.0885497 0.16538 9.98834E-05 9.98834E-05 9.98834E-05 9.98834E-05 9.98834E-05 9.98834E-05 0.255859
9.98468E-05 0.00293031 9.98468E-05 9.98468E-05 9.98468E-05 9.98468E-05 9.98468E-05 9.98468E-05 0.90357 9.98468E-05 9.98468E-05 9.98468E-05 0.0918026 9.98468E-05 9.98468E-05 9.98468E-05 9.98468E-05 9.98468E-05 9.98468E-05 9.98468E-05
9.98295E-05 9.98295E-05 9.98295E-05 9.98295E-05 9.98295E-05 9.98295E-05 9.98295E-05 9.98295E-05 9.98295E-05 9.98295E-05 9.98295E-05 9.98295E-05 9.98295E-05 0.998103 9.98295E-05 9.98295E-05 9.98295E-05 9.98295E-05 9.98295E-05 9.98295E-05
9.98472E-05 9.98472E-05 0.194153 9.98472E-05 9.98472E-05 9.98472E-05 9.98472E-05 9.98472E-05 9.98472E-05 9.98472E-05 9.98472E-05 9.98472E-05 0.550144 9.98472E-05 9.98472E-05 9.98472E-05 9.98472E-05 9.98472E-05 9.98472E-05 0.254006
9.98563E-05 9.98563E-05 0.20458 9.98563E-05 9.98563E-05 9.98563E-05 9.98563E-05 9.98563E-05 0.0608845 9.98563E-05 9.98563E-05 0.68851 9.98563E-05 0.0444273 9.98563E-05 9.98563E-05 9.98563E-05 9.98563E-05 9.98563E-05 9.98563E-05
9.98737E-05 9.98737E-05 9.98737E-05 9.98737E-05 0.0145017 9.98737E-05 9.98737E-05 0.0406462 0.0414964 9.98737E-05 9.98737E-05 9.98737E-05 9.98737E-05 9.98737E-05 9.98737E-05 9.98737E-05 0.260857 0.540826 0.100275 9.98737E-05
9.98739E-05 0.0377203 9.98739E-05 9.98739E-05 9.98739E-05 9.98739E-05 9.98739E-05 0.0123316 9.98739E-05 9.98739E-05 9.98739E-05 9.98739E-05 0.373434 9.98739E-05 9.98739E-05 9.98739E-05 0.00630764 9.98739E-05 0.000856803 0.567952
9.98472E-05 9.98472E-05 0.0402233 9.98472E-05 0.935771 9.98472E-05 9.98472E-05 9.98472E-05 9.98472E-05 9.98472E-05 9.98472E-05 9.98472E-05 9.98472E-05 9.98472E-05 9.98472E-05 9.98472E-05 0.0223086 9.98472E-05 9.98472E-05 9.98472E-05
0.0187835 9.98918E-05 0.0667176 9.98918E-05 0.0865642 9.98918E-05 9.98918E-05 0.0701603 9.98918E-05 0.530521 9.98918E-05 9.98918E-05 9.98918E-05 0.159901 0.0328777 9.98918E-05 0.0332766 9.98918E-05 9.98918E-05 9.98918E-05
9.98472E-05 9.98472E-05 0.00394696 9.98472E-05 9.98472E-05 9.98472E-05 9.98472E-05 9.98472E-05 9.98472E-05 9.98472E-05 9.98472E-05 9.98472E-05 0.00845149 9.98472E-05 9.98472E-05 9.98472E-05 0.985904 9.98472E-05 9.98472E-05 9.98472E-05
9.98381E-05 9.98381E-05 9.98381E-05 9.98381E-05 9.98381E-05 9.98381E-05 9.98381E-05 0.989435 9.98381E-05 9.98381E-05 9.98381E-05 9.98381E-05 9.98381E-05 9.98381E-05 9.98381E-05 9.98381E-05 0.00876774 9.98381E-05 9.98381E-05 9.98381E-05
9.98291E-05 9.98291E-05 9.98291E-05 9.98291E-05 9.98291E-05 9.98291E-05 9.98291E-05 0.998103 9.98291E-05 9.98291E-05 9.98291E-05 9.98291E-05 9.98291E-05 9.98291E-05 9.98291E-05 9.98291E-05 9.98291E-05 9.98291E-05 9.98291E-05 9.98291E-05
9.98739E-05 0.00602397 9.98739E-05 0.0127812 0.00700806 9.98739E-05 9.98739E-05 0.0927253 9.98739E-05 0.866011 9.98739E-05 9.98739E-05 9.98739E-05 9.98739E-05 9.98739E-05 9.98739E-05 0.0140522 9.98739E-05 9.98739E-05 9.98739E-05
9.9892E-05 9.9892E-05 9.9892E-05 0.00311926 0.0210456 0.820869 0.0154548 0.0268963 9.9892E-05 0.0148695 0.070672 9.9892E-05 9.9892E-05 9.9892E-05 9.9892E-05 9.9892E-05 9.9892E-05 0.0258753 9.9892E-05 9.9892E-05
9.9874E-05 0.0571843 9.9874E-05 9.9874E-05 9.9874E-05 9.9874E-05 9.9874E-05 9.9874E-05 0.0141265 0.908004 9.9874E-05 0.00824082 9.9874E-05 9.9874E-05 9.9874E-05 9.9874E-05 0.00721135 0.00383474 9.9874E-05 9.9874E-05
9.99009E-05 0.0911272 9.99009E-05 0.0347615 0.0185304 9.99009E-05 9.99009E-05 0.197865 9.99009E-05 0.251847 9.99009E-05 9.99009E-05 9.99009E-05 0.0258698 0.234635 9.99009E-05 9.99009E-05 0.130227 0.0140389 9.99009E-05
9.9901E-05 0.0947224 0.0139252 9.9901E-05 0.0331652 0.0947825 0.0764561 0.183879 9.9901E-05 0.38741 9.9901E-05 9.9901E-05 0.0722909 9.9901E-05 0.0422699 9.9901E-05 9.9901E-05 9.9901E-05 9.9901E-05 9.9901E-05
0.0240389 0.190574 9.9919E-05 9.9919E-05 0.16234 9.9919E-05 0.00042635 9.9919E-05 0.0745071 0.217122 0.0270659 0.0426482 0.0335547 9.9919E-05 9.9919E-05 9.9919E-05 0.143642 0.0831824 9.9919E-05 9.9919E-05
9.98391E-05 9.98391E-05 9.98391E-05 9.98391E-05 0.970022 9.98391E-05 0.0281809 9.98391E-05 9.98391E-05 9.98391E-05 9.98391E-05 9.98391E-05 9.98391E-05 9.98391E-05 9.98391E-05 9.98391E-05 9.98391E-05 9.98391E-05 9.98391E-05 9.98391E-05
9.98293E-05 9.98293E-05 9.98293E-05 9.98293E-05 9.98293E-05 9.98293E-05 9.98293E-05 9.98293E-05 9.98293E-05 9.98293E-05 9.98293E-05 0.998103 9.98293E-05 9.98293E-05 9.98293E-05 9.98293E-05 9.98293E-05 9.98293E-05 9.98293E-05 9.98293E-05
9.98383E-05 9.98383E-05 9.98383E-05 9.98383E-05 9.98383E-05 9.98383E-05 9.98383E-05 9.98383E-05 9.98383E-05 9.98383E-05 9.98383E-05 0.985218 9.98383E-05 9.98383E-05 9.98383E-05 0.0129848 9.98383E-05 9.98383E-05 9.98383E-05 9.98383E-05
9.98383E-05 9.98383E-05 9.98383E-05 9.98383E-05 9.98383E-05 0.0226913 9.98383E-05 9.98383E-05 9.98383E-05 9.98383E-05 9.98383E-05 0.975512 9.98383E-05 9.98383E-05 9.98383E-05 9.98383E-05 9.98383E-05 9.98383E-05 9.98383E-05 9.98383E-05
9.98383E-05 9.98383E-05 9.98383E-05 9.98383E-05 9.98383E-05 9.98383E-05 9.98383E-05 9.98383E-05 9.98383E-05 9.98383E-05 9.98383E-05 0.993802 9.98383E-05 9.98383E-05 9.98383E-05 9.98383E-05 9.98383E-05 9.98383E-05 9.98383E-05 0.0044005
9.98382E-05 9.98382E-05 9.98382E-05 9.98382E-05 9.98382E-05 9.98382E-05 9.98382E-05 9.98382E-05 0.00184011 9.98382E-05 9.98382E-05 0.996363 9.98382E-05 9.98382E-05 9.98382E-05 9.98382E-05 9.98382E-05 9.98382E-05 9.98382E-05 9.98382E-05
9.98832E-05 9.98832E-05 0.146437 9.98832E-05 9.98832E-05 0.0397783 9.98832E-05 9.98832E-05 0.292516 9.98832E-05 0.0577459 0.357595 0.0172767 9.98832E-05 0.0873516 9.98832E-05 9.98832E-05 9.98832E-05 9.98832E-05 9.98832E-05
9.98472E-05 9.98472E-05 9.98472E-05 9.98472E-05 0.00386287 9.98472E-05 9.98472E-05 9.98472E-05 9.98472E-05 9.98472E-05 9.98472E-05 0.918181 9.98472E-05 0.0762583 9.98472E-05 9.98472E-05 9.98472E-05 9.98472E-05 9.98472E-05 9.98472E-05
9.98469E-05 0.0762264 9.98469E-05 9.98469E-05 0.802851 0.119225 9.98469E-05 9.98469E-05 9.98469E-05 9.98469E-05 9.98469E-05 9.98469E-05 9.98469E-05 9.98469E-05 9.98469E-05 9.98469E-05 9.98469E-05 9.98469E-05 9.98469E-05 9.98469E-05
9.98649E-05 0.00319784 9.98649E-05 9.98649E-05 9.98649E-05 9.98649E-05 9.98649E-05 9.98649E-05 9.98649E-05 9.98649E-05 0.0485806 0.0559182 9.98649E-05 0.882419 9.98649E-05 9.98649E-05 9.98649E-05 9.98649E-05 9.98649E-05 0.00838623
9.98468E-05 0.00910154 9.98468E-05 9.98468E-05 9.98468E-05 9.98468E-05 9.98468E-05 9.98468E-05 9.98468E-05 9.98468E-05 9.98468E-05 9.98468E-05 0.532494 9.98468E-05 9.98468E-05 9.98468E-05 9.98468E-05 9.98468E-05 9.98468E-05 0.456707
9.98652E-05 9.98652E-05 9.98652E-05 9.98652E-05 9.98652E-05 0.0459308 9.98652E-05 0.0899109 9.98652E-05 9.98652E-05 9.98652E-05 9.98652E-05 9.98652E-05 9.98652E-05 9.98652E-05 0.00912108 9.98652E-05 0.851154 0.00238481 9.98652E-05
9.98384E-05 0.0959397 9.98384E-05 9.98384E-05 9.98384E-05 0.902263 9.98384E-05 9.98384E-05 9.98384E-05 9.98384E-05 9.98384E-05 9.98384E-05 9.98384E-05 9.98384E-05 9.98384E-05 9.98384E-05 9.98384E-05 9.98384E-05 9.98384E-05 9.98384E-05
9.98476E-05 9.98476E-05 0.0434342 9.98476E-05 9.98476E-05 9.98476E-05 9.98476E-05 9.98476E-05 9.98476E-05 9.98476E-05 0.0119267 9.98476E-05 9.98476E-05 9.98476E-05 9.98476E-05 9.98476E-05 9.98476E-05 0.942942 9.98476E-05 9.98476E-05
0.0172667 9.98469E-05 9.98469E-05 9.98469E-05 9.98469E-05 9.98469E-05 9.98469E-05 9.98469E-05 9.98469E-05 0.111413 9.98469E-05 9.98469E-05 9.98469E-05 9.98469E-05 9.98469E-05 9.98469E-05 9.98469E-05 0.869623 9.98469E-05 9.98469E-05
9.98648E-05 0.0297843 9.98648E-05 0.0140311 9.98648E-05 9.98648E-05 9.98648E-05 9.98648E-05 9.98648E-05 0.0839712 9.98648E-05 9.98648E-05 9.98648E-05 9.98648E-05 9.98648E-05 9.98648E-05 9.98648E-05 0.825802 0.0449138 9.98648E-05
9.98293E-05 9.98293E-05 9.98293E-05 9.98293E-05 9.98293E-05 9.98293E-05 0.998103 9.98293E-05 9.98293E-05 9.98293E-05 9.98293E-05 9.98293E-05 9.98293E-05 9.98293E-05 9.98293E-05 9.98293E-05 9.98293E-05 9.98293E-05 9.98293E-05 9.98293E-05
9.98389E-05 9.98389E-05 9.98389E-05 9.98389E-05 9.98389E-05 9.98389E-05 9.98389E-05 9.98389E-05 9.98389E-05 9.98389E-05 9.98389E-05 9.98389E-05 0.325741 9.98389E-05 9.98389E-05 9.98389E-05 9.98389E-05 9.98389E-05 9.98389E-05 0.672462
0.998103 9.98294E-05 9.98294E-05 9.98294E-05 9.98294E-05 9.98294E-05 9.98294E-05 9.98294E-05 9.98294E-05 9.98294E-05 9.98294E-05 9.98294E-05 9.98294E-05 9.98294E-05 9.98294E-05 9.98294E-05 9.98294E-05 9.98294E-05 9.98294E-05 9.98294E-05
9.98654E-05 9.98654E-05 0.0846782 9.98654E-05 9.98654E-05 0.0243679 9.98654E-05 9.98654E-05 9.98654E-05 9.98654E-05 9.98654E-05 0.00433156 0.834751 9.98654E-05 9.98654E-05 9.98654E-05 9.98654E-05 9.98654E-05 9.98654E-05 0.0503736
0.00938967 9.9883E-05 9.9883E-05 9.9883E-05 9.9883E-05 9.9883E-05 9.9883E-05 0.0184745 0.0135041 9.9883E-05 0.0235225 9.9883E-05 0.659826 9.9883E-05 9.9883E-05 9.9883E-05 0.0219653 9.9883E-05 9.9883E-05 0.252019
9.98382E-05 9.98382E-05 9.98382E-05 9.98382E-05 9.98382E-05 0.00703425 9.98382E-05 9.98382E-05 9.98382E-05 9.98382E-05 9.98382E-05 9.98382E-05 9.98382E-05 9.98382E-05 9.98382E-05 9.98382E-05 9.98382E-05 9.98382E-05 9.98382E-05 0.991169
9.98303E-05 9.98303E-05 9.98303E-05 0.0070792 9.98303E-05 0.00898009 9.98303E-05 9.98303E-05 9.98303E-05 9.98303E-05 9.98303E-05 9.98303E-05 9.98303E-05 9.98303E-05 9.98303E-05 9.98303E-05 9.98303E-05 9.98303E-05 9.98303E-05 0.982244
0.0406499 9.98652E-05 9.98652E-05 9.98652E-05 9.98652E-05 9.98652E-05 9.98652E-05 0.0336961 0.199074 9.98652E-05 9.98652E-05 9.98652E-05 0.526341 9.98652E-05 9.98652E-05 9.98652E-05 9.98652E-05 9.98652E-05 9.98652E-05 0.198741
0.0149984 0.0109868 9.98739E-05 9.98739E-05 9.98739E-05 9.98739E-05 9.98739E-05 0.0100821 9.98739E-05 9.98739E-05 9.98739E-05 9.98739E-05 0.457701 9.98739E-05 9.98739E-05 9.98739E-05 0.0200732 9.98739E-05 9.98739E-05 0.48476
9.98469E-05 9.98469E-05 0.922398 9.98469E-05 9.98469E-05 9.98469E-05 9.98469E-05 9.98469E-05 0.0207563 9.98469E-05 9.98469E-05 0.0551481 9.98469E-05 9.98469E-05 9.98469E-05 9.98469E-05 9.98469E-05 9.98469E-05 9.98469E-05 9.98469E-05
9.98381E-05 9.98381E-05 0.994351 9.98381E-05 9.98381E-05 9.98381E-05 9.98381E-05 9.98381E-05 9.98381E-05 9.98381E-05 9.98381E-05 9.98381E-05 9.98381E-05 9.98381E-05 9.98381E-05 9.98381E-05 9.98381E-05 0.00385213 9.98381E-05 9.98381E-05
9.98651E-05 9.98651E-05 9.98651E-05 9.98651E-05 9.98651E-05 0.017866 9.98651E-05 9.98651E-05 9.98651E-05 9.98651E-05 9.98651E-05 0.039115 0.85907 9.98651E-05 0.0161509 9.98651E-05 9.98651E-05 9.98651E-05 9.98651E-05 0.0663005
9.9883E-05 9.9883E-05 9.9883E-05 9.9883E-05 9.9883E-05 0.952119 9.9883E-05 0.000270479 9.9883E-05 9.9883E-05 9.9883E-05 0.0184894 9.9883E-05 9.9883E-05 0.000441606 9.9883E-05 0.00472964 9.9883E-05 0.0087024 0.0139492
9.98381E-05 9.98381E-05 9.98381E-05 9.98381E-05 9.98381E-05 0.996985 9.98381E-05 9.98381E-05 9.98381E-05 9.98381E-05 9.98381E-05 0.00121836 9.98381E-05 9.98381E-05 9.98381E-05 9.98381E-05 9.98381E-05 9.98381E-05 9.98381E-05 9.98381E-05
9.98294E-05 9.98294E-05 9.98294E-05 9.98294E-05 9.98294E-05 9.98294E-05 9.98294E-05 9.98294E-05 9.98294E-05 9.98294E-05 9.98294E-05 9.98294E-05 9.98294E-05 9.98294E-05 9.98294E-05 9.98294E-05 9.98294E-05 9.98294E-05 0.998103 9.98294E-05
9.98384E-05 9.98384E-05 9.98384E-05 9.98384E-05 9.98384E-05 9.98384E-05 9.98384E-05 0.00435051 9.98384E-05 9.98384E-05 9.98384E-05 9.98384E-05 9.98384E-05 9.98384E-05 9.98384E-05 9.98384E-05 9.98384E-05 9.98384E-05 0.993852 9.98384E-05
9.98829E-05 9.98829E-05 9.98829E-05 9.98829E-05 9.98829E-05 0.0164008 9.98829E-05 0.118251 9.98829E-05 0.764743 9.98829E-05 9.98829E-05 9.98829E-05 0.0620655 9.98829E-05 0.0012156 9.98829E-05 0.025545 9.98829E-05 0.0104812
9.98739E-05 9.98739E-05 9.98739E-05 9.98739E-05 9.98739E-05 0.0738262 9.98739E-05 0.0932712 9.98739E-05 0.732706 9.98739E-05 9.98739E-05 9.98739E-05 0.0464118 9.98739E-05 0.0132388 9.98739E-05 0.0391475 9.98739E-05 9.98739E-05
9.98563E-05 9.98563E-05 0.0246181 9.98563E-05 9.98563E-05 9.98563E-05 9.98563E-05 9.98563E-05 9.98563E-05 0.00553102 9.98563E-05 9.98563E-05 9.98563E-05 9.98563E-05 0.0100084 9.98563E-05 9.98563E-05 9.98563E-05 0.958245 9.98563E-05
9.98384E-05 9.98384E-05 9.98384E-05 9.98384E-05 9.98384E-05 9.98384E-05 9.98384E-05 0.0130008 9.98384E-05 9.98384E-05 9.98384E-05 9.98384E-05 9.98384E-05 9.98384E-05 9.98384E-05 9.98384E-05 9.98384E-05 9.98384E-05 0.985202 9.98384E-05
9.9865E-05 9.9865E-05 9.9865E-05 0.00620101 0.928678 9.9865E-05 9.9865E-05 9.9865E-05 9.9865E-05 9.9865E-05 0.00825464 0.00804329 9.9865E-05 9.9865E-05 9.9865E-05 9.9865E-05 9.9865E-05 0.0473247 9.9865E-05 9.9865E-05
9.9865E-05 9.9865E-05 9.9865E-05 0.0183709 9.9865E-05 0.0346027 9.9865E-05 0.709635 9.9865E-05 9.9865E-05 0.13124 9.9865E-05 9.9865E-05 9.9865E-05 9.9865E-05 9.9865E-05 9.9865E-05 0.104653 9.9865E-05 9.9865E-05
9.98472E-05 9.98472E-05 9.98472E-05 9.98472E-05 9.98472E-05 9.98472E-05 9.98472E-05 9.98472E-05 9.98472E-05 9.98472E-05 0.0438749 0.0325685 9.98472E-05 0.921859 9.98472E-05 9.98472E-05 9.98472E-05 9.98472E-05 9.98472E-05 9.98472E-05
9.98381E-05 0.923689 9.98381E-05 9.98381E-05 9.98381E-05 9.98381E-05 9.98381E-05 9.98381E-05 9.98381E-05 9.98381E-05 9.98381E-05 9.98381E-05 9.98381E-05 9.98381E-05 0.0745137 9.98381E-05 9.98381E-05 9.98381E-05 9.98381E-05 9.98381E-05
9.98471E-05 0.945141 9.98471E-05 9.98471E-05 9.98471E-05 9.98471E-05 9.98471E-05 9.98471E-05 9.98471E-05 9.98471E-05 9.98471E-05 9.98471E-05 9.98471E-05 9.98471E-05 9.98471E-05 0.0071719 0.0459896 9.98471E-05 9.98471E-05 9.98471E-05
9.9829E-05 9.9829E-05 9.9829E-05 9.9829E-05 9.9829E-05 9.9829E-05 9.9829E-05 9.9829E-05 0.998103 9.9829E-05 9.9829E-05 9.9829E-05 9.9829E-05 9.9829E-05 9.9829E-05 9.9829E-05 9.9829E-05 9.9829E-05 9.9829E-05 9.9829E-05
