9.98469E-05 9.98469E-05 9.98469E-05 0.946275 9.98469E-05 9.98469E-05 0.0152615 9.98469E-05 9.98469E-05 9.98469E-05 0.0367658 9.98469E-05 9.98469E-05 9.98469E-05 9.98469E-05 9.98469E-05 9.98469E-05 9.98469E-05 9.98469E-05 9.98469E-05
0.0801881 9.98739E-05 9.98739E-05 0.015819 9.98739E-05 0.738576 9.98739E-05 9.98739E-05 9.98739E-05 9.98739E-05 9.98739E-05 9.98739E-05 9.98739E-05 0.12859 9.98739E-05 9.98739E-05 0.0231693 9.98739E-05 9.98739E-05 0.0122591
9.98841E-05 9.98841E-05 9.98841E-05 9.98841E-05 0.00388116 9.98841E-05 9.98841E-05 9.98841E-05 0.0358113 0.0175594 9.98841E-05 0.0777968 0.161038 0.663881 9.98841E-05 9.98841E-05 9.98841E-05 9.98841E-05 0.0387336 9.98841E-05
9.9874E-05 0.0122356 9.9874E-05 9.9874E-05 0.0341622 9.9874E-05 9.9874E-05 9.9874E-05 0.0443692 9.9874E-05 9.9874E-05 0.0236691 9.9874E-05 0.882267 9.9874E-05 9.9874E-05 9.9874E-05 9.9874E-05 9.9874E-05 0.00189828
9.99012E-05 0.0265527 9.99012E-05 0.0422923 9.99012E-05 0.0989982 0.0647056 9.99012E-05 9.99012E-05 9.99012E-05 0.0025542 0.242775 9.99012E-05 0.317027 9.99012E-05 0.142131 9.99012E-05 9.99012E-05 9.99012E-05 0.0618644
9.98649E-05 9.98649E-05 9.98649E-05 9.98649E-05 9.98649E-05 9.98649E-05 9.98649E-05 9.98649E-05 9.98649E-05 0.0059677 9.98649E-05 0.0475338 9.98649E-05 0.917991 9.98649E-05 9.98649E-05 9.98649E-05 0.0174344 9.98649E-05 0.00957537
9.98293E-05 9.98293E-05 9.98293E-05 9.98293E-05 9.98293E-05 9.98293E-05 9.98293E-05 9.98293E-05 9.98293E-05 9.98293E-05 9.98293E-05 9.98293E-05 9.98293E-05 9.98293E-05 9.98293E-05 0.998103 9.98293E-05 9.98293E-05 9.98293E-05 9.98293E-05
9.98829E-05 0.0700006 9.98829E-05 9.98829E-05 9.98829E-05 0.11252 0.0844286 9.98829E-05 9.98829E-05 0.323597 9.98829E-05 0.370389 9.98829E-05 0.0168716 9.98829E-05 9.98829E-05 9.98829E-05 9.98829E-05 9.98829E-05 0.0208948
0.0131574 9.98471E-05 9.98471E-05 9.98471E-05 9.98471E-05 0.033128 9.98471E-05 9.98471E-05 9.98471E-05 9.98471E-05 9.98471E-05 9.98471E-05 9.98471E-05 9.98471E-05 9.98471E-05 0.952017 9.98471E-05 9.98471E-05 9.98471E-05 9.98471E-05
9.98383E-05 9.98383E-05 9.98383E-05 9.98383E-05 9.98383E-05 9.98383E-05 0.865753 9.98383E-05 9.98383E-05 9.98383E-05 9.98383E-05 9.98383E-05 9.98383E-05 9.98383E-05 9.98383E-05 0.13245 9.98383E-05 9.98383E-05 9.98383E-05 9.98383E-05
9.98384E-05 9.98384E-05 9.98384E-05 9.98384E-05 9.98384E-05 9.98384E-05 0.863302 9.98384E-05 9.98384E-05 9.98384E-05 9.98384E-05 9.98384E-05 9.98384E-05 9.98384E-05 9.98384E-05 0.1349 9.98384E-05 9.98384E-05 9.98384E-05 9.98384E-05
9.98652E-05 9.98652E-05 9.98652E-05 0.767869 0.133195 9.98652E-05 9.98652E-05 9.98652E-05 9.98652E-05 9.98652E-05 9.98652E-05 9.98652E-05 0.0735472 9.98652E-05 9.98652E-05 0.0159346 9.98652E-05 9.98652E-05 0.00795609 9.98652E-05
9.98561E-05 9.98561E-05 9.98561E-05 9.98561E-05 0.0114392 9.98561E-05 9.98561E-05 9.98561E-05 9.98561E-05 9.98561E-05 9.98561E-05 0.00619976 0.952389 9.98561E-05 9.98561E-05 9.98561E-05 9.98561E-05 0.0283742 9.98561E-05 9.98561E-05
9.98561E-05 9.98561E-05 9.98561E-05 9.98561E-05 9.98561E-05 0.00785732 9.98561E-05 9.98561E-05 9.98561E-05 9.98561E-05 9.98561E-05 9.98561E-05 9.98561E-05 0.962268 9.98561E-05 9.98561E-05 9.98561E-05 0.00836938 0.0199071 9.98561E-05
9.9865E-05 9.9865E-05 9.9865E-05 9.9865E-05 9.9865E-05 9.9865E-05 9.9865E-05 9.9865E-05 9.9865E-05 9.9865E-05 0.0115147 9.9865E-05 9.9865E-05 0.937031 0.00606665 9.9865E-05 9.9865E-05 9.9865E-05 0.0156164 0.0282728
9.9856E-05 9.9856E-05 9.9856E-05 9.9856E-05 9.9856E-05 9.9856E-05 0.00658606 0.122609 9.9856E-05 9.9856E-05 9.9856E-05 9.9856E-05 9.9856E-05 9.9856E-05 9.9856E-05 9.9856E-05 0.746821 0.122386 9.9856E-05 9.9856E-05
0.910459 9.98561E-05 9.98561E-05 9.98561E-05 9.98561E-05 9.98561E-05 0.0561621 9.98561E-05 9.98561E-05 9.98561E-05 0.0303653 9.98561E-05 9.98561E-05 9.98561E-05 9.98561E-05 9.98561E-05 0.00141581 9.98561E-05 9.98561E-05 9.98561E-05
9.98558E-05 9.98558E-05 9.98558E-05 9.98558E-05 9.98558E-05 9.98558E-05 0.109236 9.98558E-05 9.98558E-05 9.98558E-05 9.98558E-05 9.98558E-05 9.98558E-05 9.98558E-05 0.063785 9.98558E-05 0.0125414 9.98558E-05 0.81284 9.98558E-05
9.98381E-05 9.98381E-05 0.952453 9.98381E-05 0.0457496 9.98381E-05 9.98381E-05 9.98381E-05 9.98381E-05 9.98381E-05 9.98381E-05 9.98381E-05 9.98381E-05 9.98381E-05 9.98381E-05 9.98381E-05 9.98381E-05 9.98381E-05 9.98381E-05 9.98381E-05
9.98919E-05 9.98919E-05 9.98919E-05 0.056574 0.0277619 9.98919E-05 0.462191 0.00112414 9.98919E-05 9.98919E-05 9.98919E-05 9.98919E-05 9.98919E-05 9.98919E-05 0.0122325 9.98919E-05 0.30656 0.127808 9.98919E-05 0.00454978
9.98291E-05 9.98291E-05 9.98291E-05 9.98291E-05 9.98291E-05 9.98291E-05 9.98291E-05 9.98291E-05 9.98291E-05 9.98291E-05 9.98291E-05 9.98291E-05 9.98291E-05 9.98291E-05 9.98291E-05 9.98291E-05 9.98291E-05 9.98291E-05 0.998103 9.98291E-05
0.0642536 9.98829E-05 0.0112577 0.448678 9.98829E-05 9.98829E-05 0.0792714 0.0908511 9.98829E-05 9.98829E-05 9.98829E-05 9.98829E-05 9.98829E-05 9.98829E-05 0.0415315 9.98829E-05 0.262858 9.98829E-05 9.98829E-05 9.98829E-05
9.98289E-05 9.98289E-05 9.98289E-05 9.98289E-05 9.98289E-05 9.98289E-05 9.98289E-05 9.98289E-05 9.98289E-05 9.98289E-05 0.998103 9.98289E-05 9.98289E-05 9.98289E-05 9.98289E-05 9.98289E-05 9.98289E-05 9.98289E-05 9.98289E-05 9.98289E-05
9.98469E-05 9.98469E-05 0.709992 9.98469E-05 9.98469E-05 9.98469E-05 9.98469E-05 9.98469E-05 9.98469E-05 9.98469E-05 0.217454 9.98469E-05 9.98469E-05 9.98469E-05 9.98469E-05 9.98469E-05 9.98469E-05 9.98469E-05 0.0708572 9.98469E-05
9.98474E-05 9.98474E-05 9.98474E-05 9.98474E-05 9.98474E-05 9.98474E-05 9.98474E-05 9.98474E-05 0.597154 0.0211212 9.98474E-05 9.98474E-05 9.98474E-05 0.380027 9.98474E-05 9.98474E-05 9.98474E-05 9.98474E-05 9.98474E-05 9.98474E-05
9.98473E-05 9.98473E-05 9.98473E-05 9.98473E-05 9.98473E-05 0.000995086 9.98473E-05 9.98473E-05 0.140541 9.98473E-05 9.98473E-05 9.98473E-05 9.98473E-05 0.856767 9.98473E-05 9.98473E-05 9.98473E-05 9.98473E-05 9.98473E-05 9.98473E-05
9.98561E-05 9.98561E-05 9.98561E-05 9.98561E-05 9.98561E-05 9.98561E-05 0.0088483 0.962616 9.98561E-05 9.98561E-05 0.00162491 9.98561E-05 9.98561E-05 9.98561E-05 0.0253127 9.98561E-05 9.98561E-05 9.98561E-05 9.98561E-05 9.98561E-05
9.98651E-05 0.0190964 9.98651E-05 9.98651E-05 0.006335 9.98651E-05 9.98651E-05 9.98651E-05 0.960973 9.98651E-05 9.98651E-05 0.00139459 9.98651E-05 0.0107029 9.98651E-05 9.98651E-05 9.98651E-05 9.98651E-05 9.98651E-05 9.98651E-05
9.98383E-05 9.98383E-05 9.98383E-05 9.98383E-05 9.98383E-05 9.98383E-05 9.98383E-05 0.000441675 0.997761 9.98383E-05 9.98383E-05 9.98383E-05 9.98383E-05 9.98383E-05 9.98383E-05 9.98383E-05 9.98383E-05 9.98383E-05 9.98383E-05 9.98383E-05
9.98832E-05 0.0552287 0.00878224 9.98832E-05 9.98832E-05 9.98832E-05 9.98832E-05 0.00181791 0.0964756 9.98832E-05 9.98832E-05 0.569389 9.98832E-05 0.234866 9.98832E-05 9.98832E-05 9.98832E-05 0.0321417 9.98832E-05 9.98832E-05
9.98378E-05 9.98378E-05 9.98378E-05 9.98378E-05 9.98378E-05 9.98378E-05 9.98378E-05 9.98378E-05 9.98378E-05 9.98378E-05 9.98378E-05 0.872556 9.98378E-05 0.125647 9.98378E-05 9.98378E-05 9.98378E-05 9.98378E-05 9.98378E-05 9.98378E-05
9.98296E-05 9.98296E-05 9.98296E-05 9.98296E-05 9.98296E-05 0.998103 9.98296E-05 9.98296E-05 9.98296E-05 9.98296E-05 9.98296E-05 9.98296E-05 9.98296E-05 9.98296E-05 9.98296E-05 9.98296E-05 9.98296E-05 9.98296E-05 9.98296E-05 9.98296E-05
0.0100695 9.98741E-05 9.98741E-05 9.98741E-05 9.98741E-05 9.98741E-05 9.98741E-05 9.98741E-05 0.185901 0.157281 9.98741E-05 0.0492028 9.98741E-05 0.588351 9.98741E-05 9.98741E-05 0.007796 9.98741E-05 9.98741E-05 9.98741E-05
9.98654E-05 0.701077 9.98654E-05 9.98654E-05 0.0065132 9.98654E-05 0.00770371 9.98654E-05 9.98654E-05 0.18933 9.98654E-05 0.0938785 9.98654E-05 9.98654E-05 9.98654E-05 9.98654E-05 9.98654E-05 9.98654E-05 9.98654E-05 9.98654E-05
0.207759 9.98738E-05 9.98738E-05 9.98738E-05 0.0435189 9.98738E-05 9.98738E-05 0.694427 9.98738E-05 0.0046287 9.98738E-05 0.0436939 9.98738E-05 9.98738E-05 9.98738E-05 9.98738E-05 9.98738E-05 0.00457462 9.98738E-05 9.98738E-05
0.00764857 9.98648E-05 9.98648E-05 9.98648E-05 9.98648E-05 9.98648E-05 9.98648E-05 9.98648E-05 0.496806 0.0412057 9.98648E-05 9.98648E-05 9.98648E-05 0.416389 9.98648E-05 9.98648E-05 9.98648E-05 0.0364526 9.98648E-05 9.98648E-05
9.98544E-05 9.98544E-05 9.98544E-05 0.982966 9.98544E-05 9.98544E-05 9.98544E-05 9.98544E-05 9.98544E-05 0.0119384 9.98544E-05 9.98544E-05 9.98544E-05 9.98544E-05 0.00339803 9.98544E-05 9.98544E-05 9.98544E-05 9.98544E-05 9.98544E-05
0.00547399 9.98918E-05 9.98918E-05 0.0623979 9.98918E-05 0.186464 0.592596 9.98918E-05 9.98918E-05 0.0572918 0.0631118 9.98918E-05 0.0289599 9.98918E-05 0.00250552 9.98918E-05 9.98918E-05 9.98918E-05 9.98918E-05 9.98918E-05
0.993562 9.98382E-05 9.98382E-05 9.98382E-05 9.98382E-05 9.98382E-05 9.98382E-05 9.98382E-05 9.98382E-05 0.00464094 9.98382E-05 9.98382E-05 9.98382E-05 9.98382E-05 9.98382E-05 9.98382E-05 9.98382E-05 9.98382E-05 9.98382E-05 9.98382E-05
0.153884 9.98826E-05 9.98826E-05 0.0804064 9.98826E-05 9.98826E-05 0.250668 9.98826E-05 9.98826E-05 9.98826E-05 9.98826E-05 9.98826E-05 9.98826E-05 0.102543 0.0624696 9.98826E-05 0.218165 9.98826E-05 9.98826E-05 0.130566
0.0867701 9.98916E-05 9.98916E-05 0.111386 9.98916E-05 9.98916E-05 0.320672 9.98916E-05 9.98916E-05 9.98916E-05 9.98916E-05 9.98916E-05 9.98916E-05 0.0469734 0.0644602 9.98916E-05 0.233488 9.98916E-05 0.0109861 0.124066
0.0183141 9.9892E-05 0.00948477 0.0128264 9.9892E-05 9.9892E-05 0.895601 0.00832249 9.9892E-05 9.9892E-05 9.9892E-05 9.9892E-05 0.018113 9.9892E-05 0.0175538 9.9892E-05 9.9892E-05 0.0185855 9.9892E-05 9.9892E-05
9.98741E-05 9.98741E-05 0.00560843 0.00371611 9.98741E-05 9.98741E-05 9.98741E-05 0.0640454 9.98741E-05 9.98741E-05 9.98741E-05 9.98741E-05 9.98741E-05 9.98741E-05 0.0148481 0.0549757 0.855408 9.98741E-05 9.98741E-05 9.98741E-05
9.9856E-05 9.9856E-05 9.9856E-05 9.9856E-05 9.9856E-05 9.9856E-05 0.911247 0.0198394 9.9856E-05 9.9856E-05 9.9856E-05 0.0192821 9.9856E-05 9.9856E-05 9.9856E-05 9.9856E-05 9.9856E-05 0.0480341 9.9856E-05 9.9856E-05
9.99098E-05 9.99098E-05 9.99098E-05 0.0364854 0.0393506 0.0371928 0.296212 9.99098E-05 9.99098E-05 9.99098E-05 0.246308 9.99098E-05 0.171401 9.99098E-05 0.0294837 9.99098E-05 0.0513795 0.0721203 9.99098E-05 0.0190672
9.991E-05 9.991E-05 9.991E-05 0.10637 9.991E-05 0.0345022 0.445561 9.991E-05 9.991E-05 9.991E-05 0.0420352 9.991E-05 0.0787456 0.0282932 0.017263 9.991E-05 0.0923273 0.0872462 9.991E-05 0.0666563
0.158001 0.0260865 9.99279E-05 0.0996608 0.00416911 9.99279E-05 0.166257 0.042164 9.99279E-05 9.99279E-05 9.99279E-05 0.0993093 0.0287805 0.0233197 0.0663362 0.0395436 9.99279E-05 0.245573 9.99279E-05 9.99279E-05
9.98292E-05 9.98292E-05 9.98292E-05 9.98292E-05 9.98292E-05 9.98292E-05 9.98292E-05 9.98292E-05 9.98292E-05 9.98292E-05 9.98292E-05 9.98292E-05 9.98292E-05 9.98292E-05 0.998103 9.98292E-05 9.98292E-05 9.98292E-05 9.98292E-05 9.98292E-05
9.98293E-05 0.998103 9.98293E-05 9.98293E-05 9.98293E-05 9.98293E-05 9.98293E-05 9.98293E-05 9.98293E-05 9.98293E-05 9.98293E-05 9.98293E-05 9.98293E-05 9.98293E-05 9.98293E-05 9.98293E-05 9.98293E-05 9.98293E-05 9.98293E-05 9.98293E-05
0.014956 0.945667 9.98832E-05 9.98832E-05 9.98832E-05 9.98832E-05 9.98832E-05 0.00500028 0.00398791 0.00333712 0.000115638 9.98832E-05 9.98832E-05 9.98832E-05 9.98832E-05 9.98832E-05 9.98832E-05 9.98832E-05 9.98832E-05 0.0256381
9.98384E-05 0.99371 9.98384E-05 9.98384E-05 9.98384E-05 9.98384E-05 9.98384E-05 9.98384E-05 9.98384E-05 9.98384E-05 9.98384E-05 9.98384E-05 9.98384E-05 9.98384E-05 9.98384E-05 9.98384E-05 9.98384E-05 9.98384E-05 9.98384E-05 0.00449275
9.98293E-05 0.998103 9.98293E-05 9.98293E-05 9.98293E-05 9.98293E-05 9.98293E-05 9.98293E-05 9.98293E-05 9.98293E-05 9.98293E-05 9.98293E-05 9.98293E-05 9.98293E-05 9.98293E-05 9.98293E-05 9.98293E-05 9.98293E-05 9.98293E-05 9.98293E-05
9.98294E-05 0.998103 9.98294E-05 9.98294E-05 9.98294E-05 9.98294E-05 9.98294E-05 9.98294E-05 9.98294E-05 9.98294E-05 9.98294E-05 9.98294E-05 9.98294E-05 9.98294E-05 9.98294E-05 9.98294E-05 9.98294E-05 9.98294E-05 9.98294E-05 9.98294E-05
9.99192E-05 0.309908 0.00452241 9.99192E-05 9.99192E-05 0.0491657 0.0231483 9.99192E-05 0.0245013 0.0344765 0.0462644 0.381423 9.99192E-05 9.99192E-05 9.99192E-05 0.0324635 0.0380305 9.99192E-05 9.99192E-05 0.0551969
0.0109132 0.908603 9.98741E-05 9.98741E-05 0.000697268 0.06765 9.98741E-05 9.98741E-05 9.98741E-05 9.98741E-05 0.00307 9.98741E-05 9.98741E-05 9.98741E-05 9.98741E-05 9.98741E-05 0.00766822 9.98741E-05 9.98741E-05 9.98741E-05
9.98651E-05 9.98651E-05 9.98651E-05 0.878004 9.98651E-05 9.98651E-05 9.98651E-05 0.00377657 9.98651E-05 9.98651E-05 9.98651E-05 9.98651E-05 9.98651E-05 9.98651E-05 9.98651E-05 0.00527381 0.11008 0.00136754 9.98651E-05 9.98651E-05
9.9865E-05 0.017491 9.9865E-05 9.9865E-05 9.9865E-05 0.924542 9.9865E-05 0.00850749 0.0147463 9.9865E-05 9.9865E-05 9.9865E-05 9.9865E-05 9.9865E-05 9.9865E-05 0.0332157 9.9865E-05 9.9865E-05 9.9865E-05 9.9865E-05
0.0120613 9.9856E-05 9.9856E-05 0.00270524 9.9856E-05 9.9856E-05 9.9856E-05 9.9856E-05 0.346372 9.9856E-05 9.9856E-05 9.9856E-05 9.9856E-05 0.637264 9.9856E-05 9.9856E-05 9.9856E-05 9.9856E-05 9.9856E-05 9.9856E-05
9.98384E-05 9.98384E-05 9.98384E-05 9.98384E-05 9.98384E-05 9.98384E-05 9.98384E-05 0.959717 9.98384E-05 9.98384E-05 9.98384E-05 9.98384E-05 9.98384E-05 9.98384E-05 9.98384E-05 0.0384861 9.98384E-05 9.98384E-05 9.98384E-05 9.98384E-05
9.98652E-05 9.98652E-05 9.98652E-05 0.0398962 9.98652E-05 9.98652E-05 9.98652E-05 9.98652E-05 9.98652E-05 0.00800228 9.98652E-05 9.98652E-05 0.0414939 9.98652E-05 9.98652E-05 9.98652E-05 0.826295 0.0828147 9.98652E-05 9.98652E-05
0.00202981 9.98382E-05 9.98382E-05 9.98382E-05 9.98382E-05 9.98382E-05 9.98382E-05 9.98382E-05 9.98382E-05 9.98382E-05 9.98382E-05 9.98382E-05 0.996173 9.98382E-05 9.98382E-05 9.98382E-05 9.98382E-05 9.98382E-05 9.98382E-05 9.98382E-05
9.98559E-05 9.98559E-05 9.98559E-05 9.98559E-05 9.98559E-05 9.98559E-05 0.0628004 0.643629 9.98559E-05 9.98559E-05 9.98559E-05 9.98559E-05 0.281646 9.98559E-05 9.98559E-05 9.98559E-05 9.98559E-05 0.0103271 9.98559E-05 9.98559E-05
9.9865E-05 9.9865E-05 0.00311307 9.9865E-05 9.9865E-05 9.9865E-05 0.00762112 0.790219 9.9865E-05 9.9865E-05 9.9865E-05 9.9865E-05 0.15235 9.9865E-05 9.9865E-05 9.9865E-05 9.9865E-05 0.0451987 9.9865E-05 9.9865E-05
9.98473E-05 9.98473E-05 0.984664 9.98473E-05 9.98473E-05 9.98473E-05 0.00272873 9.98473E-05 9.98473E-05 0.0109096 9.98473E-05 9.98473E-05 9.98473E-05 9.98473E-05 9.98473E-05 9.98473E-05 9.98473E-05 9.98473E-05 9.98473E-05 9.98473E-05
9.98387E-05 9.98387E-05 9.98387E-05 9.98387E-05 9.98387E-05 9.98387E-05 9.98387E-05 9.98387E-05 0.667333 9.98387E-05 9.98387E-05 9.98387E-05 9.98387E-05 0.33087 9.98387E-05 9.98387E-05 9.98387E-05 9.98387E-05 9.98387E-05 9.98387E-05
9.98203E-05 9.98203E-05 9.98203E-05 9.98203E-05 9.98203E-05 9.98203E-05 9.98203E-05 9.98203E-05 9.98203E-05 9.98203E-05 9.98203E-05 9.98203E-05 9.98203E-05 9.98203E-05 9.98203E-05 9.98203E-05 9.98203E-05 9.98203E-05 9.98203E-05 0.998103
9.98655E-05 9.98655E-05 9.98655E-05 9.98655E-05 9.98655E-05 9.98655E-05 9.98655E-05 9.98655E-05 0.0668822 0.0675917 9.98655E-05 9.98655E-05 0.00718963 0.856048 9.98655E-05 9.98655E-05 9.98655E-05 9.98655E-05 9.98655E-05 0.000790854
0.015135 0.00695569 9.98829E-05 9.98829E-05 9.98829E-05 9.98829E-05 9.98829E-05 9.98829E-05 0.0959383 9.98829E-05 9.98829E-05 0.0721462 9.98829E-05 0.782125 0.0100689 0.0163326 9.98829E-05 9.98829E-05 9.98829E-05 9.98829E-05
9.98562E-05 9.98562E-05 9.98562E-05 9.98562E-05 9.98562E-05 9.98562E-05 9.98562E-05 9.98562E-05 0.975483 0.00686811 9.98562E-05 9.98562E-05 9.98562E-05 9.98562E-05 9.98562E-05 0.00267648 0.0133752 9.98562E-05 9.98562E-05 9.98562E-05
9.98295E-05 9.98295E-05 9.98295E-05 9.98295E-05 9.98295E-05 9.98295E-05 9.98295E-05 9.98295E-05 0.998103 9.98295E-05 9.98295E-05 9.98295E-05 9.98295E-05 9.98295E-05 9.98295E-05 9.98295E-05 9.98295E-05 9.98295E-05 9.98295E-05 9.98295E-05
9.98742E-05 9.98742E-05 9.98742E-05 0.0055566 9.98742E-05 9.98742E-05 0.0266529 9.98742E-05 0.0509666 9.98742E-05 9.98742E-05 0.243278 9.98742E-05 0.661648 0.0105001 9.98742E-05 9.98742E-05 9.98742E-05 9.98742E-05 9.98742E-05
0.002278 9.98739E-05 9.98739E-05 9.98739E-05 9.98739E-05 9.98739E-05 9.98739E-05 9.98739E-05 0.381086 0.0220636 9.98739E-05 9.98739E-05 9.98739E-05 0.563883 9.98739E-05 0.00975349 9.98739E-05 0.0195386 9.98739E-05 9.98739E-05
0.000860373 0.0650615 9.98561E-05 9.98561E-05 9.98561E-05 9.98561E-05 9.98561E-05 9.98561E-05 9.98561E-05 0.925142 9.98561E-05 0.00733811 9.98561E-05 9.98561E-05 9.98561E-05 9.98561E-05 9.98561E-05 9.98561E-05 9.98561E-05 9.98561E-05
9.98381E-05 9.98381E-05 9.98381E-05 9.98381E-05 9.98381E-05 9.98381E-05 9.98381E-05 9.98381E-05 9.98381E-05 0.987806 9.98381E-05 9.98381E-05 0.0103969 9.98381E-05 9.98381E-05 9.98381E-05 9.98381E-05 9.98381E-05 9.98381E-05 9.98381E-05
9.98652E-05 0.0268864 9.98652E-05 9.98652E-05 9.98652E-05 9.98652E-05 9.98652E-05 0.00458343 0.15316 9.98652E-05 0.00874816 9.98652E-05 9.98652E-05 0.805124 9.98652E-05 9.98652E-05 9.98652E-05 9.98652E-05 9.98652E-05 9.98652E-05
9.98471E-05 0.0239744 9.98471E-05 9.98471E-05 9.98471E-05 9.98471E-05 9.98471E-05 9.98471E-05 9.98471E-05 9.98471E-05 9.98471E-05 9.98471E-05 9.98471E-05 0.0107372 9.98471E-05 9.98471E-05 0.963591 9.98471E-05 9.98471E-05 9.98471E-05
9.98381E-05 0.00622013 9.98381E-05 9.98381E-05 9.98381E-05 9.98381E-05 9.98381E-05 9.98381E-05 9.98381E-05 9.98381E-05 9.98381E-05 9.98381E-05 9.98381E-05 9.98381E-05 9.98381E-05 9.98381E-05 0.991983 9.98381E-05 9.98381E-05 9.98381E-05
9.98384E-05 9.98384E-05 9.98384E-05 9.98384E-05 0.992426 9.98384E-05 9.98384E-05 9.98384E-05 9.98384E-05 9.98384E-05 0.00577674 9.98384E-05 9.98384E-05 9.98384E-05 9.98384E-05 9.98384E-05 9.98384E-05 9.98384E-05 9.98384E-05 9.98384E-05
9.98385E-05 9.98385E-05 9.98385E-05 9.98385E-05 0.986403 9.98385E-05 9.98385E-05 0.0117998 9.98385E-05 9.98385E-05 9.98385E-05 9.98385E-05 9.98385E-05 9.98385E-05 9.98385E-05 9.98385E-05 9.98385E-05 9.98385E-05 9.98385E-05 9.98385E-05
9.98649E-05 9.98649E-05 9.98649E-05 9.98649E-05 9.98649E-05 0.0611981 0.829262 9.98649E-05 9.98649E-05 9.98649E-05 9.98649E-05 9.98649E-05 0.0607837 9.98649E-05 0.025646 9.98649E-05 0.0216123 9.98649E-05 9.98649E-05 9.98649E-05
9.9874E-05 9.9874E-05 9.9874E-05 9.9874E-05 9.9874E-05 0.0427968 0.782573 9.9874E-05 0.00775513 9.9874E-05 9.9874E-05 9.9874E-05 0.0717183 9.9874E-05 0.00700352 9.9874E-05 0.0867551 9.9874E-05 9.9874E-05 9.9874E-05
0.00730688 0.00138388 9.98653E-05 9.98653E-05 0.970585 9.98653E-05 9.98653E-05 9.98653E-05 9.98653E-05 9.98653E-05 0.0166952 9.98653E-05 9.98653E-05 9.98653E-05 9.98653E-05 9.98653E-05 0.00253112 9.98653E-05 9.98653E-05 9.98653E-05
9.98383E-05 9.98383E-05 9.98383E-05 0.0139686 0.984234 9.98383E-05 9.98383E-05 9.98383E-05 9.98383E-05 9.98383E-05 9.98383E-05 9.98383E-05 9.98383E-05 9.98383E-05 9.98383E-05 9.98383E-05 9.98383E-05 9.98383E-05 9.98383E-05 9.98383E-05
9.9856E-05 0.0190854 9.9856E-05 0.855481 9.9856E-05 9.9856E-05 9.9856E-05 9.9856E-05 9.9856E-05 9.9856E-05 9.9856E-05 9.9856E-05 0.0361172 9.9856E-05 0.0877189 9.9856E-05 9.9856E-05 9.9856E-05 9.9856E-05 9.9856E-05
9.99099E-05 9.99099E-05 0.0804664 0.0175519 9.99099E-05 0.0361197 0.137361 0.0450953 9.99099E-05 9.99099E-05 9.99099E-05 9.99099E-05 0.114191 9.99099E-05 9.99099E-05 0.0835719 0.463449 9.99099E-05 0.00761787 0.0135765
9.98561E-05 0.0395717 9.98561E-05 9.98561E-05 9.98561E-05 0.901934 9.98561E-05 9.98561E-05 9.98561E-05 9.98561E-05 9.98561E-05 9.98561E-05 9.98561E-05 9.98561E-05 9.98561E-05 0.055205 9.98561E-05 0.00169149 9.98561E-05 9.98561E-05
9.98379E-05 9.98379E-05 9.98379E-05 9.98379E-05 9.98379E-05 9.98379E-05 9.98379E-05 9.98379E-05 9.98379E-05 9.98379E-05 0.00315564 9.98379E-05 9.98379E-05 9.98379E-05 9.98379E-05 9.98379E-05 9.98379E-05 0.995047 9.98379E-05 9.98379E-05
0.0659287 9.9874E-05 9.9874E-05 0.0499398 0.0188139 9.9874E-05 9.9874E-05 0.0899772 9.9874E-05 9.9874E-05 9.9874E-05 9.9874E-05 9.9874E-05 9.9874E-05 9.9874E-05 9.9874E-05 9.9874E-05 0.733668 0.0402743 9.9874E-05
9.98291E-05 9.98291E-05 9.98291E-05 9.98291E-05 9.98291E-05 9.98291E-05 9.98291E-05 9.98291E-05 9.98291E-05 9.98291E-05 9.98291E-05 0.998103 9.98291E-05 9.98291E-05 9.98291E-05 9.98291E-05 9.98291E-05 9.98291E-05 9.98291E-05 9.98291E-05
