9.9982E-05 9.9982E-05 0.993087 0.00671274
0.277112 9.9991E-05 0.387716 0.335071
0.873822 0.0686593 0.046427 0.0110915
0.967443 9.9982E-05 9.9982E-05 0.0323569
0.453705 9.9991E-05 0.245434 0.30076
0.993042 0.00675808 9.9982E-05 9.9982E-05
9.99821E-05 9.99821E-05 0.540425 0.459375
0.423797 9.9991E-05 0.0852597 0.490844
9.99821E-05 9.99821E-05 0.518452 0.481349
9.9982E-05 9.9982E-05 0.856538 0.143262
9.9982E-05 9.9982E-05 0.891462 0.108338
0.093143 9.9982E-05 0.906657 9.9982E-05
0.0692884 9.99821E-05 0.930512 9.99821E-05
0.968942 0.022647 0.00831074 9.9991E-05
0.955755 0.0100706 0.0340743 9.9991E-05
9.9982E-05 9.9982E-05 0.929526 0.0702743
0.0488223 0.146624 0.804454 9.9991E-05
9.9991E-05 0.713935 0.178437 0.107528
9.998E-05 0.9997 9.998E-05 9.998E-05
9.9982E-05 9.9982E-05 0.975012 0.024788
9.998E-05 0.9997 9.998E-05 9.998E-05
9.998E-05 9.998E-05 0.9997 9.998E-05
0.047467 0.527172 0.364654 0.0607068
9.9982E-05 0.97062 0.0291798 9.9982E-05
0.9997 9.998E-05 9.998E-05 9.998E-05
0.9997 9.998E-05 9.998E-05 9.998E-05
9.998E-05 9.998E-05 0.9997 9.998E-05
0.93459 9.9982E-05 9.9982E-05 0.0652104
0.869074 9.9982E-05 9.9982E-05 0.130726
0.710106 0.040375 9.9991E-05 0.249419
0.647744 0.0270387 9.9991E-05 0.325117
0.0803511 9.9991E-05 0.257835 0.661714
0.9997 9.998E-05 9.998E-05 9.998E-05
0.104549 9.9982E-05 9.9982E-05 0.895251
0.0966062 9.9982E-05 0.903194 9.9982E-05
0.960944 9.9982E-05 0.0388562 9.9982E-05
0.0564977 9.99821E-05 0.943302 9.99821E-05
0.0225531 0.0212094 0.769209 0.187028
0.170514 0.142686 0.6867 9.9991E-05
0.135311 9.9982E-05 0.864489 9.9982E-05
0.0779439 9.9991E-05 0.894863 0.0270932
9.9991E-05 0.00297913 0.951541 0.04538
9.9982E-05 9.9982E-05 0.869343 0.130457
9.9991E-05 0.00484809 0.916374 0.0786781
9.9991E-05 0.149645 0.783194 0.0670607
0.0738515 0.0533782 0.793868 0.0789023
0.149052 9.9991E-05 0.80172 0.0491281
9.99911E-05 0.0089482 0.973549 0.0174033
9.998E-05 9.998E-05 9.998E-05 0.9997
9.998E-05 9.998E-05 9.998E-05 0.9997
9.998E-05 9.998E-05 9.998E-05 0.9997
9.998E-05 9.998E-05 9.998E-05 0.9997
9.998E-05 9.998E-05 9.998E-05 0.9997
0.246164 0.0443386 0.0720444 0.637453
9.998E-05 9.998E-05 9.998E-05 0.9997
9.998E-05 9.998E-05 0.9997 9.998E-05
0.0812135 9.9991E-05 0.297509 0.621178
0.9997 9.998E-05 9.998E-05 9.998E-05
0.00414801 9.99821E-05 0.995652 9.99821E-05
0.0751494 9.9982E-05 0.924651 9.9982E-05
9.99822E-05 0.00953115 0.990269 9.99822E-05
9.998E-05 9.998E-05 0.9997 9.998E-05
9.9982E-05 0.0188585 0.980942 9.9982E-05
9.9991E-05 0.911889 0.0371282 0.0508825
0.9997 9.998E-05 9.998E-05 9.998E-05
0.353704 0.0381367 0.51116 0.0969992
0.973515 9.99821E-05 0.026285 9.99821E-05
0.97509 9.9991E-05 0.00660893 0.0182009
0.89889 9.9982E-05 9.9982E-05 0.10091
0.90878 9.9982E-05 9.9982E-05 0.0910203
0.932992 9.9991E-05 0.0541568 0.0127516
0.999419 9.9982E-05 9.9982E-05 0.000380818
0.513233 9.99821E-05 9.99821E-05 0.486567
0.498475 0.0503161 0.0111121 0.440097
0.953277 0.00422057 9.9991E-05 0.0424022
0.0784163 9.9991E-05 0.803885 0.117599
0.0295246 9.9991E-05 0.804844 0.165531
0.138672 0.191343 0.669885 9.9991E-05
0.131209 0.212979 0.655712 9.9991E-05
9.99819E-05 9.99819E-05 0.888862 0.110938
9.99819E-05 9.99819E-05 0.902133 0.0976666
0.132556 0.197768 0.669576 9.9991E-05
0.130267 0.187495 0.682138 9.9991E-05
9.9982E-05 9.9982E-05 0.965631 0.034169
0.00148731 0.0295133 0.901403 0.0675965
0.0587492 9.9991E-05 0.262307 0.678843
0.0858081 0.20929 0.704802 9.9991E-05
0.0172512 0.141203 0.841446 9.9991E-05
0.616716 0.0332114 9.9991E-05 0.349972
