9.99368E-05 9.99368E-05 9.99368E-05 0.0619093 0.937391 9.99368E-05 9.99368E-05 9.99368E-05 9.99368E-05
9.99639E-05 0.217332 9.99639E-05 9.99639E-05 0.126706 0.575052 9.99639E-05 0.033079 0.0474311
0.00423101 0.804358 0.0253249 9.99644E-05 9.99644E-05 9.99644E-05 0.0775216 9.99644E-05 0.0881644
9.9946E-05 0.955118 9.9946E-05 0.0211748 9.9946E-05 9.9946E-05 9.9946E-05 9.9946E-05 0.0231073
9.99641E-05 0.421736 0.0113291 0.197544 0.028224 0.340767 9.99641E-05 9.99641E-05 9.99641E-05
0.0097353 0.973075 9.9955E-05 0.00340705 0.0132824 9.9955E-05 9.9955E-05 9.9955E-05 9.9955E-05
9.9937E-05 9.9937E-05 9.9937E-05 9.9937E-05 9.9937E-05 0.753186 0.246115 9.9937E-05 9.9937E-05
9.9964E-05 0.386553 0.216864 0.075148 9.9964E-05 0.315432 9.9964E-05 9.9964E-05 0.00560314
9.9946E-05 9.9946E-05 9.9946E-05 9.9946E-05 9.9946E-05 0.808923 0.164973 0.0255037 9.9946E-05
9.99371E-05 9.99371E-05 9.99371E-05 0.955221 9.99371E-05 0.0440793 9.99371E-05 9.99371E-05 9.99371E-05
9.99371E-05 9.99371E-05 9.99371E-05 0.959778 9.99371E-05 0.0395228 9.99371E-05 9.99371E-05 9.99371E-05
9.995E-05 0.028648 9.995E-05 9.995E-05 0.687957 9.995E-05 0.156086 9.995E-05 0.126809
9.99372E-05 0.0112575 9.99372E-05 9.99372E-05 9.99372E-05 9.99372E-05 0.988043 9.99372E-05 9.99372E-05
0.0273644 0.948835 9.9946E-05 9.9946E-05 0.0232008 9.9946E-05 9.9946E-05 9.9946E-05 9.9946E-05
9.9937E-05 0.941215 9.9937E-05 9.9937E-05 0.0580859 9.9937E-05 9.9937E-05 9.9937E-05 9.9937E-05
9.9946E-05 9.9946E-05 9.9946E-05 0.0308159 9.9946E-05 9.9946E-05 0.155645 0.812939 9.9946E-05
0.0677565 9.9973E-05 9.9973E-05 0.355587 0.00484085 9.9973E-05 0.190948 0.074824 0.305744
0.673984 9.99639E-05 0.0374362 0.107332 9.99639E-05 0.0199415 9.99639E-05 0.160907 9.99639E-05
0.917598 9.9946E-05 9.9946E-05 9.9946E-05 9.9946E-05 9.9946E-05 0.00692863 9.9946E-05 0.0748741
9.9955E-05 9.9955E-05 9.9955E-05 0.521362 0.100002 9.9955E-05 9.9955E-05 0.333184 0.0449531
0.999201 9.993E-05 9.993E-05 9.993E-05 9.993E-05 9.993E-05 9.993E-05 9.993E-05 9.993E-05
9.99639E-05 9.99639E-05 9.99639E-05 0.0810358 0.526145 9.99639E-05 0.0828566 0.287978 0.0215844
0.390916 0.0050602 9.9955E-05 0.31746 9.9955E-05 9.9955E-05 9.9955E-05 9.9955E-05 0.286064
0.90044 9.99459E-05 9.99459E-05 0.0268053 9.99459E-05 9.99459E-05 9.99459E-05 9.99459E-05 0.0721548
9.993E-05 0.999201 9.993E-05 9.993E-05 9.993E-05 9.993E-05 9.993E-05 9.993E-05 9.993E-05
9.993E-05 0.999201 9.993E-05 9.993E-05 9.993E-05 9.993E-05 9.993E-05 9.993E-05 9.993E-05
9.99639E-05 9.99639E-05 9.99639E-05 0.0862481 0.0658221 9.99639E-05 0.775567 0.0186334 0.0533295
9.9955E-05 0.931805 0.0568841 9.9955E-05 9.9955E-05 9.9955E-05 0.00912233 0.00168915 9.9955E-05
9.9946E-05 0.887936 0.0562307 9.9946E-05 9.9946E-05 9.9946E-05 9.9946E-05 0.0552332 9.9946E-05
0.0141674 0.673947 0.254887 9.99731E-05 9.99731E-05 0.0131751 0.00480906 9.99731E-05 0.0387145
9.99551E-05 0.62867 0.192317 9.99551E-05 9.99551E-05 0.120994 9.99551E-05 9.99551E-05 0.0575191
9.9946E-05 9.9946E-05 0.0851224 9.9946E-05 0.0159752 0.898303 9.9946E-05 9.9946E-05 9.9946E-05
9.99371E-05 0.981244 9.99371E-05 9.99371E-05 9.99371E-05 9.99371E-05 9.99371E-05 0.0180561 9.99371E-05
9.99551E-05 0.0651405 0.840996 9.99551E-05 9.99551E-05 0.0886885 0.00467565 9.99551E-05 9.99551E-05
9.99729E-05 0.0563299 0.0107202 0.136831 0.0454131 9.99729E-05 0.589593 9.99729E-05 0.160813
9.99459E-05 0.97641 9.99459E-05 9.99459E-05 9.99459E-05 0.00679244 0.0161977 9.99459E-05 9.99459E-05
9.9937E-05 0.0181538 9.9937E-05 9.9937E-05 0.981147 9.9937E-05 9.9937E-05 9.9937E-05 9.9937E-05
9.99549E-05 0.0446979 9.99549E-05 0.680453 0.132547 0.141803 9.99549E-05 9.99549E-05 9.99549E-05
0.0458464 0.130912 9.9982E-05 0.200585 0.0396501 9.9982E-05 0.168566 0.0757798 0.33846
0.0016196 0.098509 9.99729E-05 0.28614 0.30288 9.99729E-05 9.99729E-05 0.291594 0.0189571
9.99639E-05 0.0802901 9.99639E-05 0.307477 0.301524 9.99639E-05 9.99639E-05 0.284537 0.025772
9.99549E-05 9.99549E-05 9.99549E-05 0.902629 0.0309779 9.99549E-05 0.0145361 0.0513567 9.99549E-05
0.0101954 9.9973E-05 9.9973E-05 0.0190907 0.00666332 0.00835432 0.0691987 0.886198 9.9973E-05
9.99549E-05 9.99549E-05 9.99549E-05 0.934395 0.00557043 9.99549E-05 0.0517108 9.99549E-05 0.00782391
0.0996742 9.9991E-05 0.0308029 0.424426 0.0816017 0.00946433 0.157243 0.0651705 0.131517
0.0246413 0.0435815 0.0234968 0.568363 0.18492 9.9982E-05 9.9982E-05 0.137177 0.0176205
9.9973E-05 0.110792 0.0267999 0.404799 0.187299 9.9973E-05 0.197595 9.9973E-05 0.0724157
9.993E-05 9.993E-05 9.993E-05 9.993E-05 0.999201 9.993E-05 9.993E-05 9.993E-05 9.993E-05
9.993E-05 9.993E-05 0.999201 9.993E-05 9.993E-05 9.993E-05 9.993E-05 9.993E-05 9.993E-05
9.993E-05 9.993E-05 0.999201 9.993E-05 9.993E-05 9.993E-05 9.993E-05 9.993E-05 9.993E-05
9.9937E-05 9.9937E-05 0.998039 9.9937E-05 9.9937E-05 9.9937E-05 9.9937E-05 0.00126154 9.9937E-05
9.993E-05 9.993E-05 0.999201 9.993E-05 9.993E-05 9.993E-05 9.993E-05 9.993E-05 9.993E-05
9.993E-05 9.993E-05 0.999201 9.993E-05 9.993E-05 9.993E-05 9.993E-05 9.993E-05 9.993E-05
0.0282859 0.217523 0.517628 0.0249664 9.99821E-05 0.106468 0.00142647 0.103501 9.99821E-05
9.9955E-05 9.9955E-05 0.95032 9.9955E-05 0.00105233 0.0194802 9.9955E-05 0.0286481 9.9955E-05
9.99459E-05 9.99459E-05 9.99459E-05 9.99459E-05 0.831577 9.99459E-05 0.0112887 0.156535 9.99459E-05
9.99548E-05 9.99548E-05 0.120721 9.99548E-05 0.0451598 0.802524 9.99548E-05 9.99548E-05 0.0310953
9.99369E-05 0.994274 9.99369E-05 9.99369E-05 0.00502634 9.99369E-05 9.99369E-05 9.99369E-05 9.99369E-05
9.996E-05 9.996E-05 0.002941 9.996E-05 0.0753045 9.996E-05 0.792525 0.109801 0.0190291
9.99372E-05 9.99372E-05 9.99372E-05 9.99372E-05 9.99372E-05 9.99372E-05 0.0310812 0.968219 9.99372E-05
9.993E-05 9.993E-05 9.993E-05 9.993E-05 9.993E-05 9.993E-05 0.999201 9.993E-05 9.993E-05
9.99459E-05 0.0267007 9.99459E-05 0.0755088 9.99459E-05 9.99459E-05 0.897191 9.99459E-05 9.99459E-05
9.99459E-05 9.99459E-05 9.99459E-05 0.110455 9.99459E-05 9.99459E-05 0.852742 9.99459E-05 0.0362032
0.861933 9.99372E-05 9.99372E-05 9.99372E-05 0.137368 9.99372E-05 9.99372E-05 9.99372E-05 9.99372E-05
9.99372E-05 0.99499 9.99372E-05 9.99372E-05 9.99372E-05 9.99372E-05 9.99372E-05 0.00431087 9.99372E-05
0.10685 0.251165 0.192182 0.170075 9.9991E-05 0.0269812 0.0414964 0.167382 0.0437685
9.99462E-05 0.962435 0.00304831 9.99462E-05 9.99462E-05 9.99462E-05 9.99462E-05 0.0339166 9.99462E-05
9.9946E-05 0.931879 0.00367872 9.9946E-05 0.0638427 9.9946E-05 9.9946E-05 9.9946E-05 9.9946E-05
9.9955E-05 0.889338 0.0559471 9.9955E-05 9.9955E-05 0.00721542 9.9955E-05 0.0469998 9.9955E-05
0.0174567 0.903603 9.9955E-05 9.9955E-05 9.9955E-05 0.0268029 9.9955E-05 0.0516372 9.9955E-05
9.99551E-05 0.904247 9.99551E-05 0.0710043 0.0144679 0.00978053 9.99551E-05 9.99551E-05 9.99551E-05
9.99459E-05 0.994263 0.00136817 9.99459E-05 9.99459E-05 9.99459E-05 9.99459E-05 9.99459E-05 0.00376889
9.99463E-05 0.456264 0.307992 9.99463E-05 9.99463E-05 0.235144 9.99463E-05 9.99463E-05 9.99463E-05
9.99552E-05 0.404583 0.153385 9.99552E-05 9.99552E-05 0.338654 0.102878 9.99552E-05 9.99552E-05
9.9955E-05 0.92302 0.0424553 9.9955E-05 9.9955E-05 9.9955E-05 9.9955E-05 0.0232449 0.0107798
9.99459E-05 9.99459E-05 0.0283186 9.99459E-05 9.99459E-05 9.99459E-05 9.99459E-05 0.955237 0.0158451
9.9937E-05 9.9937E-05 0.000724003 9.9937E-05 9.9937E-05 9.9937E-05 9.9937E-05 0.998576 9.9937E-05
9.993E-05 9.993E-05 9.993E-05 9.993E-05 9.993E-05 9.993E-05 9.993E-05 9.993E-05 0.999201
9.993E-05 9.993E-05 9.993E-05 9.993E-05 9.993E-05 9.993E-05 9.993E-05 9.993E-05 0.999201
9.99639E-05 0.0279199 9.99639E-05 0.762267 0.0236822 9.99639E-05 0.0418991 0.143831 9.99639E-05
9.99549E-05 9.99549E-05 9.99549E-05 0.773117 9.99549E-05 0.00282726 0.0564604 0.167096 9.99549E-05
9.9937E-05 9.9937E-05 9.9937E-05 9.9937E-05 9.9937E-05 0.0228245 9.9937E-05 9.9937E-05 0.976476
9.993E-05 9.993E-05 9.993E-05 9.993E-05 9.993E-05 9.993E-05 9.993E-05 9.993E-05 0.999201
9.99459E-05 9.99459E-05 0.00515029 9.99459E-05 0.959124 9.99459E-05 0.0351258 9.99459E-05 9.99459E-05
0.0604591 9.997E-05 9.997E-05 0.13823 0.0622205 0.103624 0.153006 0.482161 9.997E-05
9.99458E-05 9.99458E-05 0.140899 9.99458E-05 0.0445249 0.813977 9.99458E-05 9.99458E-05 9.99458E-05
0.0910572 0.0521561 9.99642E-05 0.328704 9.99642E-05 9.99642E-05 0.317474 9.99642E-05 0.210209
0.0729398 9.99641E-05 9.99641E-05 9.99641E-05 0.22483 9.99641E-05 0.396945 0.00692447 0.297961
0.0429789 0.594971 0.156987 0.00106687 9.99731E-05 0.193763 9.99731E-05 9.99731E-05 0.00993283
