0.923521 9.99189E-05 9.99189E-05 9.99189E-05 0.0752262 9.99189E-05 9.99189E-05 0.00035324 9.99189E-05 9.99189E-05 9.99189E-05 9.99189E-05
0.0499587 0.0442392 0.172708 9.99369E-05 9.99369E-05 9.99369E-05 9.99369E-05 0.0232189 0.709175 9.99369E-05 9.99369E-05 9.99369E-05
9.99465E-05 9.99465E-05 0.140453 0.230232 9.99465E-05 0.0219674 0.034961 0.0584332 9.99465E-05 9.99465E-05 0.513354 9.99465E-05
9.9928E-05 9.9928E-05 0.944252 9.9928E-05 9.9928E-05 9.9928E-05 9.9928E-05 0.0347509 9.9928E-05 9.9928E-05 0.00120036 0.0189975
0.0249371 9.99551E-05 0.34514 0.10623 0.121022 9.99551E-05 9.99551E-05 9.99551E-05 0.122031 0.22599 9.99551E-05 0.0541509
9.991E-05 9.991E-05 0.993879 0.00512202 9.991E-05 9.991E-05 9.991E-05 9.991E-05 9.991E-05 9.991E-05 9.991E-05 9.991E-05
9.9901E-05 9.9901E-05 9.9901E-05 9.9901E-05 9.9901E-05 9.9901E-05 9.9901E-05 9.9901E-05 9.9901E-05 0.998901 9.9901E-05 9.9901E-05
9.994E-05 9.994E-05 0.0231244 0.647901 0.0820522 9.994E-05 9.994E-05 9.994E-05 0.119567 9.994E-05 0.051013 0.0757426
9.991E-05 9.991E-05 9.991E-05 9.991E-05 9.991E-05 9.991E-05 9.991E-05 9.991E-05 0.0546247 0.944376 9.991E-05 9.991E-05
9.991E-05 9.991E-05 9.991E-05 9.991E-05 0.844176 9.991E-05 9.991E-05 9.991E-05 9.991E-05 0.154825 9.991E-05 9.991E-05
9.991E-05 9.991E-05 9.991E-05 9.991E-05 0.852524 9.991E-05 9.991E-05 9.991E-05 9.991E-05 0.146477 9.991E-05 9.991E-05
0.703195 9.9937E-05 9.9937E-05 9.9937E-05 9.9937E-05 9.9937E-05 0.150309 0.123474 9.9937E-05 0.00942548 0.0128967 9.9937E-05
9.99102E-05 9.99102E-05 9.99102E-05 9.99102E-05 9.99102E-05 9.99102E-05 0.949199 9.99102E-05 9.99102E-05 0.0498015 9.99102E-05 9.99102E-05
9.99101E-05 9.99101E-05 0.977915 9.99101E-05 9.99101E-05 0.0210862 9.99101E-05 9.99101E-05 9.99101E-05 9.99101E-05 9.99101E-05 9.99101E-05
0.0309058 9.99101E-05 0.968095 9.99101E-05 9.99101E-05 9.99101E-05 9.99101E-05 9.99101E-05 9.99101E-05 9.99101E-05 9.99101E-05 9.99101E-05
9.99191E-05 0.829845 9.99191E-05 9.99191E-05 0.0268681 9.99191E-05 0.142388 9.99191E-05 9.99191E-05 9.99191E-05 9.99191E-05 9.99191E-05
0.00538011 0.108136 9.9946E-05 9.9946E-05 0.260802 0.0797104 0.257419 0.287953 9.9946E-05 9.9946E-05 9.9946E-05 9.9946E-05
9.99369E-05 0.0253699 9.99369E-05 9.99369E-05 0.161621 0.698215 9.99369E-05 9.99369E-05 0.109477 9.99369E-05 9.99369E-05 0.00461777
9.991E-05 9.991E-05 9.991E-05 9.991E-05 9.991E-05 0.911406 9.991E-05 0.0875953 9.991E-05 9.991E-05 9.991E-05 9.991E-05
0.0867115 0.36987 9.9928E-05 9.9928E-05 0.489597 9.9928E-05 9.9928E-05 0.0530223 9.9928E-05 9.9928E-05 9.9928E-05 9.9928E-05
9.99101E-05 9.99101E-05 9.99101E-05 9.99101E-05 9.99101E-05 0.998649 9.99101E-05 9.99101E-05 9.99101E-05 9.99101E-05 0.000351427 9.99101E-05
0.475037 0.319362 9.99279E-05 9.99279E-05 0.127307 9.99279E-05 0.0774952 9.99279E-05 9.99279E-05 9.99279E-05 9.99279E-05 9.99279E-05
9.9955E-05 9.9955E-05 9.9955E-05 0.0181908 0.265379 0.397277 9.9955E-05 0.286508 0.000696605 9.9955E-05 0.0271918 0.00425588
9.99189E-05 9.99189E-05 9.99189E-05 9.99189E-05 0.006481 0.90325 9.99189E-05 0.0893698 9.99189E-05 9.99189E-05 9.99189E-05 9.99189E-05
9.99102E-05 9.99102E-05 0.445057 9.99102E-05 9.99102E-05 9.99102E-05 9.99102E-05 9.99102E-05 9.99102E-05 9.99102E-05 0.553944 9.99102E-05
9.99101E-05 9.99101E-05 0.877341 9.99101E-05 9.99101E-05 9.99101E-05 9.99101E-05 9.99101E-05 9.99101E-05 9.99101E-05 0.12166 9.99101E-05
0.0450096 0.00661278 9.99369E-05 9.99369E-05 0.0749868 9.99369E-05 0.835725 0.0369661 9.99369E-05 9.99369E-05 9.99369E-05 9.99369E-05
9.991E-05 9.991E-05 0.0198843 9.991E-05 9.991E-05 9.991E-05 9.991E-05 9.991E-05 9.991E-05 9.991E-05 0.979117 9.991E-05
9.9901E-05 9.9901E-05 9.9901E-05 9.9901E-05 9.9901E-05 9.9901E-05 9.9901E-05 9.9901E-05 9.9901E-05 9.9901E-05 0.998901 9.9901E-05
0.000216666 9.99641E-05 0.44472 0.218386 9.99641E-05 0.0174452 0.0183642 9.99641E-05 0.00815415 9.99641E-05 0.146361 0.145953
9.99459E-05 9.99459E-05 0.376536 0.505074 0.0175452 9.99459E-05 9.99459E-05 0.0200056 9.99459E-05 9.99459E-05 0.000251242 0.0799876
9.99013E-05 9.99013E-05 9.99013E-05 9.99013E-05 9.99013E-05 9.99013E-05 9.99013E-05 9.99013E-05 0.998901 9.99013E-05 9.99013E-05 9.99013E-05
9.99191E-05 9.99191E-05 0.696148 0.154952 9.99191E-05 9.99191E-05 9.99191E-05 9.99191E-05 9.99191E-05 9.99191E-05 0.148001 9.99191E-05
9.99281E-05 9.99281E-05 9.99281E-05 0.280315 0.0187299 9.99281E-05 9.99281E-05 9.99281E-05 0.0541026 9.99281E-05 9.99281E-05 0.646053
0.0427183 9.99458E-05 0.0261924 0.056827 0.0982901 9.99458E-05 0.645708 0.129665 9.99458E-05 9.99458E-05 9.99458E-05 9.99458E-05
9.99189E-05 9.99189E-05 0.609353 9.99189E-05 9.99189E-05 9.99189E-05 9.99189E-05 9.99189E-05 9.99189E-05 0.018659 0.371089 9.99189E-05
0.967769 9.9919E-05 0.00197674 0.0293552 9.9919E-05 9.9919E-05 9.9919E-05 9.9919E-05 9.9919E-05 9.9919E-05 9.9919E-05 9.9919E-05
0.0577279 9.9937E-05 0.00225466 0.0148557 0.713143 9.9937E-05 9.9937E-05 9.9937E-05 0.211319 9.9937E-05 9.9937E-05 9.9937E-05
0.0293168 0.0896886 0.0747391 0.106582 0.10923 0.0547299 0.182429 0.352885 9.99641E-05 9.99641E-05 9.99641E-05 9.99641E-05
0.178057 0.336113 0.135762 9.99369E-05 0.338142 0.0112266 9.99369E-05 9.99369E-05 9.99369E-05 9.99369E-05 9.99369E-05 9.99369E-05
0.27503 0.272749 0.0753361 9.99459E-05 0.353795 0.00614371 9.99459E-05 0.0163465 9.99459E-05 9.99459E-05 9.99459E-05 9.99459E-05
0.074324 0.00401372 9.9919E-05 9.9919E-05 0.920763 9.9919E-05 9.9919E-05 9.9919E-05 9.9919E-05 9.9919E-05 9.9919E-05 9.9919E-05
0.0402219 0.793119 9.99369E-05 9.99369E-05 0.0302225 9.99369E-05 0.0786379 9.99369E-05 9.99369E-05 0.0570994 9.99369E-05 9.99369E-05
0.0357334 9.9928E-05 9.9928E-05 9.9928E-05 0.929541 9.9928E-05 0.0308261 9.9928E-05 9.9928E-05 9.9928E-05 0.00310047 9.9928E-05
0.0513769 0.0568724 9.9955E-05 9.9955E-05 0.410508 0.0928659 0.206676 0.106963 0.0742384 9.9955E-05 9.9955E-05 9.9955E-05
0.170409 0.21248 0.0291375 0.0686383 0.455262 0.034284 9.9955E-05 9.9955E-05 0.0292891 9.9955E-05 9.9955E-05 9.9955E-05
0.204564 9.99551E-05 0.131845 9.99551E-05 0.323078 9.99551E-05 0.242532 0.0568026 9.99551E-05 0.0194686 9.99551E-05 0.0212099
0.966283 9.99195E-05 9.99195E-05 9.99195E-05 9.99195E-05 0.0257169 9.99195E-05 9.99195E-05 0.0071011 9.99195E-05 9.99195E-05 9.99195E-05
9.99011E-05 9.99011E-05 9.99011E-05 9.99011E-05 9.99011E-05 9.99011E-05 9.99011E-05 9.99011E-05 9.99011E-05 9.99011E-05 9.99011E-05 0.998901
9.99101E-05 9.99101E-05 9.99101E-05 9.99101E-05 0.00535651 9.99101E-05 9.99101E-05 9.99101E-05 9.99101E-05 9.99101E-05 9.99101E-05 0.993644
9.99011E-05 9.99011E-05 9.99011E-05 9.99011E-05 9.99011E-05 9.99011E-05 9.99011E-05 9.99011E-05 9.99011E-05 9.99011E-05 9.99011E-05 0.998901
9.99012E-05 9.99012E-05 9.99012E-05 9.99012E-05 9.99012E-05 9.99012E-05 9.99012E-05 9.99012E-05 9.99012E-05 9.99012E-05 9.99012E-05 0.998901
9.99011E-05 9.99011E-05 9.99011E-05 9.99011E-05 9.99011E-05 9.99011E-05 9.99011E-05 9.99011E-05 9.99011E-05 9.99011E-05 9.99011E-05 0.998901
9.9991E-05 0.065372 0.024675 0.327244 0.0146582 0.0152254 0.00197851 0.00172833 0.0648666 0.0397657 0.0522027 0.392184
9.99191E-05 0.00880854 9.99191E-05 9.99191E-05 9.99191E-05 9.99191E-05 9.99191E-05 9.99191E-05 0.0662136 9.99191E-05 9.99191E-05 0.924079
0.828655 0.165806 9.99189E-05 9.99189E-05 9.99189E-05 9.99189E-05 0.00463908 9.99189E-05 9.99189E-05 9.99189E-05 9.99189E-05 9.99189E-05
9.99369E-05 9.99369E-05 9.99369E-05 9.99369E-05 9.99369E-05 9.99369E-05 0.000602026 9.99369E-05 0.890834 0.0531694 0.0224169 0.032278
9.99099E-05 9.99099E-05 0.760008 9.99099E-05 9.99099E-05 9.99099E-05 9.99099E-05 9.99099E-05 9.99099E-05 9.99099E-05 0.238993 9.99099E-05
0.0490342 0.0877209 9.9946E-05 9.9946E-05 9.9946E-05 9.9946E-05 0.813033 0.00860677 0.0226048 9.9946E-05 9.9946E-05 0.0184011
9.99102E-05 0.917779 9.99102E-05 9.99102E-05 9.99102E-05 9.99102E-05 0.0812221 9.99102E-05 9.99102E-05 9.99102E-05 9.99102E-05 9.99102E-05
9.99102E-05 9.99102E-05 9.99102E-05 9.99102E-05 9.99102E-05 9.99102E-05 0.941103 9.99102E-05 9.99102E-05 0.0578982 9.99102E-05 9.99102E-05
9.99098E-05 9.99098E-05 9.99098E-05 9.99098E-05 0.104243 9.99098E-05 0.894758 9.99098E-05 9.99098E-05 9.99098E-05 9.99098E-05 9.99098E-05
9.99188E-05 9.99188E-05 9.99188E-05 9.99188E-05 0.127896 9.99188E-05 0.846246 0.0249589 9.99188E-05 9.99188E-05 9.99188E-05 9.99188E-05
0.0738034 9.99193E-05 9.99193E-05 9.99193E-05 0.0139464 0.911351 9.99193E-05 9.99193E-05 9.99193E-05 9.99193E-05 9.99193E-05 9.99193E-05
9.99103E-05 9.99103E-05 0.269636 9.99103E-05 9.99103E-05 9.99103E-05 9.99103E-05 9.99103E-05 9.99103E-05 9.99103E-05 0.729365 9.99103E-05
0.023939 9.997E-05 9.997E-05 0.107948 0.308794 0.0818084 0.0354249 0.0200329 9.997E-05 0.118528 0.261795 0.0414292
9.99282E-05 9.99282E-05 0.815311 0.070932 9.99282E-05 9.99282E-05 9.99282E-05 9.99282E-05 9.99282E-05 9.99282E-05 0.10375 0.00920752
9.9928E-05 9.9928E-05 0.863535 9.9928E-05 9.9928E-05 9.9928E-05 9.9928E-05 9.9928E-05 9.9928E-05 0.0381405 0.0764695 0.0210553
9.9919E-05 0.00887132 9.9919E-05 0.000458322 9.9919E-05 9.9919E-05 9.9919E-05 9.9919E-05 9.9919E-05 9.9919E-05 0.989771 9.9919E-05
9.99101E-05 0.00498194 9.99101E-05 9.99101E-05 9.99101E-05 9.99101E-05 9.99101E-05 9.99101E-05 9.99101E-05 9.99101E-05 0.994019 9.99101E-05
9.99281E-05 9.99281E-05 0.817196 0.110484 0.0334988 9.99281E-05 9.99281E-05 9.99281E-05 9.99281E-05 0.038022 9.99281E-05 9.99281E-05
9.99099E-05 9.99099E-05 0.671501 9.99099E-05 9.99099E-05 9.99099E-05 9.99099E-05 9.99099E-05 9.99099E-05 9.99099E-05 0.3275 9.99099E-05
9.99009E-05 9.99009E-05 9.99009E-05 0.998901 9.99009E-05 9.99009E-05 9.99009E-05 9.99009E-05 9.99009E-05 9.99009E-05 9.99009E-05 9.99009E-05
9.9919E-05 9.9919E-05 9.9919E-05 0.971092 9.9919E-05 9.9919E-05 0.0216177 9.9919E-05 9.9919E-05 0.00639096 9.9919E-05 9.9919E-05
9.99281E-05 0.0160971 0.808812 9.99281E-05 9.99281E-05 9.99281E-05 9.99281E-05 9.99281E-05 9.99281E-05 9.99281E-05 0.152351 0.0219406
9.9928E-05 0.983944 9.9928E-05 9.9928E-05 9.9928E-05 9.9928E-05 9.9928E-05 9.9928E-05 0.000211174 9.9928E-05 0.0137619 0.00128339
9.99099E-05 0.964583 9.99099E-05 9.99099E-05 9.99099E-05 9.99099E-05 9.99099E-05 9.99099E-05 9.99099E-05 9.99099E-05 9.99099E-05 0.0344182
0.0136949 9.991E-05 9.991E-05 9.991E-05 9.991E-05 9.991E-05 9.991E-05 0.985306 9.991E-05 9.991E-05 9.991E-05 9.991E-05
9.9901E-05 9.9901E-05 9.9901E-05 9.9901E-05 9.9901E-05 9.9901E-05 9.9901E-05 0.998901 9.9901E-05 9.9901E-05 9.9901E-05 9.9901E-05
0.0482729 0.0504141 9.99369E-05 9.99369E-05 0.820426 9.99369E-05 9.99369E-05 9.99369E-05 0.0728619 9.99369E-05 0.00732559 9.99369E-05
9.99369E-05 0.110129 9.99369E-05 9.99369E-05 0.813333 9.99369E-05 0.010787 9.99369E-05 0.0646193 0.000432248 9.99369E-05 9.99369E-05
9.991E-05 9.991E-05 9.991E-05 0.0024477 9.991E-05 9.991E-05 9.991E-05 0.996553 9.991E-05 9.991E-05 9.991E-05 9.991E-05
9.99009E-05 9.99009E-05 9.99009E-05 9.99009E-05 9.99009E-05 9.99009E-05 9.99009E-05 0.998901 9.99009E-05 9.99009E-05 9.99009E-05 9.99009E-05
0.978527 9.9928E-05 9.9928E-05 9.9928E-05 9.9928E-05 9.9928E-05 0.00903911 9.9928E-05 9.9928E-05 0.000295981 9.9928E-05 0.011339
0.0346081 0.409591 9.99549E-05 9.99549E-05 0.20556 0.0600104 0.15519 9.99549E-05 0.0338236 0.100717 9.99549E-05 9.99549E-05
9.9919E-05 9.9919E-05 9.9919E-05 9.9919E-05 9.9919E-05 9.9919E-05 9.9919E-05 9.9919E-05 0.912452 0.0335029 9.9919E-05 0.0531455
9.99373E-05 9.99373E-05 0.0590248 9.99373E-05 0.265162 0.0872254 0.394637 0.193251 9.99373E-05 9.99373E-05 9.99373E-05 9.99373E-05
0.130304 0.0577147 0.00220349 9.99462E-05 9.99462E-05 0.0585206 0.458883 0.291774 9.99462E-05 9.99462E-05 9.99462E-05 9.99462E-05
9.9946E-05 9.9946E-05 0.0486441 0.590734 9.9946E-05 0.0570309 9.9946E-05 9.9946E-05 0.0458326 9.9946E-05 0.20005 0.0571083
