9.996E-05 0.9995 9.996E-05 9.996E-05 9.996E-05 9.996E-05
0.244708 0.436104 9.9982E-05 0.318539 0.000448934 9.9982E-05
0.0209015 9.99822E-05 0.0624308 0.853547 0.0629206 9.99822E-05
0.00147953 9.9973E-05 9.9973E-05 0.954198 0.044023 9.9973E-05
0.233562 0.292253 9.99731E-05 0.473885 9.99731E-05 9.99731E-05
9.9973E-05 0.00570156 9.9973E-05 0.987908 0.0060907 9.9973E-05
0.372755 9.99642E-05 0.626845 9.99642E-05 9.99642E-05 9.99642E-05
0.478954 0.0684325 0.00964821 0.405902 0.0369631 9.9991E-05
0.454433 0.053831 0.483988 0.00754787 9.9982E-05 9.9982E-05
0.105254 0.707118 0.104669 9.9982E-05 0.082759 9.9982E-05
0.0827927 0.728941 0.0936943 9.9982E-05 0.0943722 9.9982E-05
9.9982E-05 0.673738 0.134728 0.056258 0.135076 9.9982E-05
9.996E-05 9.996E-05 0.9995 9.996E-05 9.996E-05 9.996E-05
9.999E-05 0.00738982 0.0256983 0.936259 0.0143794 0.016173
9.9973E-05 0.0424471 9.9973E-05 0.953881 9.9973E-05 0.00337186
0.0650686 0.571559 0.362557 0.000615631 9.9982E-05 9.9982E-05
9.999E-05 0.339879 0.239064 0.0235003 0.333371 0.0640857
0.0502444 0.218542 9.99729E-05 9.99729E-05 9.99729E-05 0.730914
9.9964E-05 9.9964E-05 9.9964E-05 9.9964E-05 0.0776558 0.921944
9.9973E-05 0.748218 0.112662 9.9973E-05 0.138819 9.9973E-05
9.996E-05 9.996E-05 9.996E-05 9.996E-05 9.996E-05 0.9995
0.00460515 0.853586 0.0987699 0.0194415 0.023497 9.9991E-05
0.0291086 0.117835 0.0259679 0.0311195 0.366318 0.429651
9.99639E-05 9.99639E-05 9.99639E-05 9.99639E-05 0.102345 0.897255
0.000123244 9.99641E-05 9.99641E-05 0.999477 9.99641E-05 9.99641E-05
9.996E-05 9.996E-05 9.996E-05 0.9995 9.996E-05 9.996E-05
9.99729E-05 0.14129 0.784485 9.99729E-05 0.0739247 9.99729E-05
0.0683338 9.9964E-05 9.9964E-05 0.931266 9.9964E-05 9.9964E-05
0.0414756 9.9973E-05 0.0088452 0.949379 9.9973E-05 9.9973E-05
0.229264 9.9991E-05 0.00128585 0.72631 0.0192082 0.0238319
0.278548 9.9991E-05 0.000800309 0.662461 0.0491217 0.00896874
0.588186 0.305085 9.99732E-05 0.106429 9.99732E-05 9.99732E-05
9.996E-05 9.996E-05 9.996E-05 0.9995 9.996E-05 9.996E-05
0.929089 9.9973E-05 9.9973E-05 0.0624329 0.008178 9.9973E-05
9.99819E-05 0.153378 0.548916 0.0610743 0.236432 9.99819E-05
9.9982E-05 0.00456171 0.0049216 0.983128 0.00718895 9.9982E-05
9.99642E-05 0.948703 9.99642E-05 0.0508968 9.99642E-05 9.99642E-05
0.16124 0.770674 9.9982E-05 0.0261428 9.9982E-05 0.0417431
9.9991E-05 0.2201 0.211939 0.125397 0.383956 0.0585071
9.9973E-05 0.877043 9.9973E-05 0.119898 0.00275877 9.9973E-05
9.9982E-05 0.891913 9.9982E-05 0.0897958 0.0146655 0.00342581
9.9982E-05 0.841285 0.069176 9.9982E-05 0.0688487 0.0204902
0.0543301 0.650323 0.295047 9.9973E-05 9.9973E-05 9.9973E-05
0.0735465 0.734446 0.0818868 9.9982E-05 0.109921 9.9982E-05
0.0316597 0.552164 0.150773 9.9991E-05 0.151923 0.11338
0.0478337 0.738457 0.0272988 0.0599234 0.07101 0.0554769
0.0577778 0.448395 0.24879 0.103771 0.141166 9.9991E-05
9.99644E-05 0.997736 9.99644E-05 9.99644E-05 9.99644E-05 0.00186448
0.9995 9.996E-05 9.996E-05 9.996E-05 9.996E-05 9.996E-05
0.990762 9.99639E-05 9.99639E-05 9.99639E-05 9.99639E-05 0.00883765
0.9995 9.996E-05 9.996E-05 9.996E-05 9.996E-05 9.996E-05
0.9995 9.996E-05 9.996E-05 9.996E-05 9.996E-05 9.996E-05
0.9995 9.996E-05 9.996E-05 9.996E-05 9.996E-05 9.996E-05
0.673759 0.0287871 0.0527686 0.188599 0.0173626 0.0387246
0.985753 0.013847 9.99639E-05 9.99639E-05 9.99639E-05 9.99639E-05
9.9964E-05 0.980988 0.0186121 9.9964E-05 9.9964E-05 9.9964E-05
0.530862 0.289119 9.9973E-05 0.179719 9.9973E-05 9.9973E-05
9.996E-05 9.996E-05 9.996E-05 0.9995 9.996E-05 9.996E-05
9.9973E-05 0.0522211 0.88299 9.9973E-05 0.0644892 9.9973E-05
9.9973E-05 0.557427 0.356162 0.0861115 9.9973E-05 9.9973E-05
9.996E-05 9.996E-05 0.9995 9.996E-05 9.996E-05 9.996E-05
9.99639E-05 0.121168 0.878432 9.99639E-05 9.99639E-05 9.99639E-05
9.9982E-05 0.0207951 0.891515 9.9982E-05 0.0865518 0.000938354
0.0185917 0.0870331 9.99731E-05 9.99731E-05 9.99731E-05 0.894075
9.996E-05 9.996E-05 9.996E-05 0.9995 9.996E-05 9.996E-05
0.201114 0.245727 0.137765 0.35235 9.9991E-05 0.0629435
0.00367819 9.99731E-05 0.0204855 0.975536 9.99731E-05 9.99731E-05
0.0164606 0.0335762 9.9973E-05 0.949663 9.9973E-05 9.9973E-05
0.0808531 9.9973E-05 0.00746303 0.911384 9.9973E-05 9.9973E-05
0.0181188 0.0122437 9.9973E-05 0.969338 9.9973E-05 9.9973E-05
0.0113602 0.0771691 9.9982E-05 0.896921 0.0143502 9.9982E-05
9.996E-05 9.996E-05 9.996E-05 0.9995 9.996E-05 9.996E-05
0.529198 9.99732E-05 0.00658243 0.463919 9.99732E-05 9.99732E-05
0.409217 9.99732E-05 0.157484 0.432999 9.99732E-05 9.99732E-05
9.9964E-05 0.0223383 9.9964E-05 0.977262 9.9964E-05 9.9964E-05
0.131035 0.658618 0.13969 0.0173304 0.0532267 9.9991E-05
0.160344 0.577215 0.178508 0.0389508 0.0448823 9.9991E-05
9.996E-05 9.996E-05 9.996E-05 9.996E-05 0.9995 9.996E-05
9.996E-05 9.996E-05 9.996E-05 9.996E-05 0.9995 9.996E-05
0.0847359 0.819511 0.0516567 9.9982E-05 0.0438961 9.9982E-05
0.0624386 0.798183 0.114899 9.9982E-05 0.0242799 9.9982E-05
9.996E-05 9.996E-05 9.996E-05 9.996E-05 0.9995 9.996E-05
9.996E-05 9.996E-05 9.996E-05 9.996E-05 0.9995 9.996E-05
9.9964E-05 0.982937 0.0166629 9.9964E-05 9.9964E-05 9.9964E-05
0.0536135 0.590996 0.307863 0.00339948 9.9991E-05 0.044028
0.627358 0.30242 9.9973E-05 0.0699217 9.9973E-05 9.9973E-05
9.9991E-05 0.202579 0.363558 0.0582139 0.232797 0.142753
9.99821E-05 0.166135 0.423619 9.99821E-05 0.321793 0.0882526
0.298991 9.99821E-05 9.99821E-05 0.609778 0.0536307 0.0374003
