9.996E-05 9.996E-05 9.996E-05 0.9995 9.996E-05 9.996E-05
9.9973E-05 9.9973E-05 0.279355 0.460503 9.9973E-05 0.259842
0.031009 0.0399233 0.793119 9.99911E-05 0.0552691 0.0805799
0.0179761 9.9973E-05 0.973283 9.9973E-05 9.9973E-05 0.00844065
9.99731E-05 9.99731E-05 0.453533 0.257438 9.99731E-05 0.28873
0.0100281 9.9973E-05 0.971556 0.0181162 9.9973E-05 9.9973E-05
9.99731E-05 9.99731E-05 0.0221927 9.99731E-05 0.620353 0.357154
0.0557332 9.9982E-05 0.413915 0.0889361 9.9982E-05 0.441216
9.99821E-05 9.99821E-05 0.0115039 0.057669 0.499275 0.431352
0.122151 9.9982E-05 9.9982E-05 0.697746 0.0461163 0.133788
0.126547 9.9982E-05 9.9982E-05 0.695247 0.0852035 0.092803
0.110659 9.9982E-05 0.0362533 0.676463 0.176425 9.9982E-05
9.996E-05 9.996E-05 9.996E-05 9.996E-05 0.9995 9.996E-05
0.0158693 0.0101046 0.96124 0.0125862 9.9982E-05 9.9982E-05
9.9973E-05 0.00335599 0.959511 0.0368334 9.9973E-05 9.9973E-05
0.0246606 9.9991E-05 0.00798281 0.5638 0.367072 0.0363841
0.386189 0.0636834 9.9982E-05 0.344211 0.205717 9.9982E-05
9.99729E-05 0.719059 9.99729E-05 0.197548 9.99729E-05 0.0830931
0.109655 0.889945 9.9964E-05 9.9964E-05 9.9964E-05 9.9964E-05
0.142816 9.9973E-05 9.9973E-05 0.812418 0.0444665 9.9973E-05
9.996E-05 0.9995 9.996E-05 9.996E-05 9.996E-05 9.996E-05
9.9964E-05 9.9964E-05 9.9964E-05 0.933228 0.0663726 9.9964E-05
0.39891 0.415228 9.9982E-05 0.12472 9.9982E-05 0.0609412
0.0973553 0.902245 9.9964E-05 9.9964E-05 9.9964E-05 9.9964E-05
9.996E-05 9.996E-05 0.9995 9.996E-05 9.996E-05 9.996E-05
9.996E-05 9.996E-05 0.9995 9.996E-05 9.996E-05 9.996E-05
0.0904748 9.99729E-05 9.99729E-05 0.147331 0.761894 9.99729E-05
9.9964E-05 9.9964E-05 0.931814 9.9964E-05 9.9964E-05 0.067786
9.9973E-05 9.9973E-05 0.907975 9.9973E-05 0.00685863 0.0848667
0.0263401 0.0302776 0.661094 9.9991E-05 0.00380141 0.278387
0.0737232 9.9973E-05 0.628752 9.9973E-05 9.9973E-05 0.297225
9.99731E-05 9.99731E-05 0.0676116 0.378982 9.99731E-05 0.553107
9.996E-05 9.996E-05 0.9995 9.996E-05 9.996E-05 9.996E-05
0.0168694 9.9973E-05 0.0553898 9.9973E-05 9.9973E-05 0.927441
0.235368 9.99819E-05 0.037625 0.180012 0.546795 9.99819E-05
0.0159841 9.99729E-05 0.963552 9.99729E-05 0.0201644 9.99729E-05
9.99642E-05 9.99642E-05 0.0508014 0.948799 9.99642E-05 9.99642E-05
9.9982E-05 0.037741 0.0449628 0.775914 9.9982E-05 0.141183
0.418819 0.0410961 0.146264 0.241265 0.152456 9.9991E-05
0.0219949 9.9973E-05 0.121333 0.856372 9.9973E-05 9.9973E-05
0.0362838 0.0106568 0.0948444 0.858015 9.9982E-05 9.9982E-05
0.105013 0.0216288 9.99883E-05 0.826923 0.0462347 9.99883E-05
9.9973E-05 9.9973E-05 9.9973E-05 0.674199 0.310376 0.0151243
0.127038 9.9982E-05 9.9982E-05 0.746146 0.075564 0.0510521
0.189206 0.11727 9.9991E-05 0.485501 0.18525 0.0226731
0.105827 0.0465007 0.068265 0.674159 0.0878223 0.0174258
0.113093 9.9991E-05 0.092877 0.431352 0.267787 0.0947907
9.99644E-05 0.0187315 9.99644E-05 0.980869 9.99644E-05 9.99644E-05
9.996E-05 9.996E-05 9.996E-05 9.996E-05 9.996E-05 0.9995
9.996E-05 9.996E-05 9.996E-05 9.996E-05 9.996E-05 0.9995
9.996E-05 9.996E-05 9.996E-05 9.996E-05 9.996E-05 0.9995
9.996E-05 9.996E-05 9.996E-05 9.996E-05 9.996E-05 0.9995
9.996E-05 9.996E-05 9.996E-05 9.996E-05 9.996E-05 0.9995
9.9991E-05 0.0437062 0.21802 0.0442175 0.0457296 0.648227
0.00780777 9.99729E-05 9.99729E-05 0.0303303 9.99729E-05 0.961562
9.9964E-05 9.9964E-05 9.9964E-05 0.973436 0.0261645 9.9964E-05
9.9973E-05 9.9973E-05 0.105822 0.353909 9.9973E-05 0.539968
9.996E-05 9.996E-05 0.9995 9.996E-05 9.996E-05 9.996E-05
0.0375179 9.9973E-05 9.9973E-05 0.116264 0.845918 9.9973E-05
0.0097168 9.9982E-05 0.0521697 0.597047 0.340867 9.9982E-05
9.996E-05 9.996E-05 9.996E-05 9.996E-05 0.9995 9.996E-05
9.99639E-05 9.99639E-05 9.99639E-05 0.129363 0.870238 9.99639E-05
0.0975707 9.99729E-05 9.99729E-05 0.0400208 0.862109 9.99729E-05
9.99641E-05 0.903266 9.99641E-05 0.0963341 9.99641E-05 9.99641E-05
9.996E-05 9.996E-05 0.9995 9.996E-05 9.996E-05 9.996E-05
0.126026 0.0272363 0.179986 0.385098 0.0961716 0.185483
9.99731E-05 9.99731E-05 0.964974 9.99731E-05 0.0197402 0.014986
0.010641 9.9982E-05 0.94208 0.0258578 9.9982E-05 0.0212214
9.9973E-05 9.9973E-05 0.881327 9.9973E-05 0.0294772 0.0888956
9.9982E-05 0.00552591 0.949461 0.00275394 9.9982E-05 0.0420596
9.9973E-05 9.9973E-05 0.907337 0.0688454 9.9973E-05 0.0235177
0.00859372 9.9964E-05 0.991006 9.9964E-05 9.9964E-05 9.9964E-05
9.99732E-05 9.99732E-05 0.4893 9.99732E-05 0.00669674 0.503703
9.99732E-05 9.99732E-05 0.468908 9.99732E-05 0.19008 0.340712
9.9982E-05 0.000528497 0.919373 0.0389061 9.9982E-05 0.0409921
0.0616802 9.9991E-05 0.0487719 0.667026 0.124703 0.097719
0.041668 9.9991E-05 0.0521187 0.626529 0.183019 0.0965649
0.9995 9.996E-05 9.996E-05 9.996E-05 9.996E-05 9.996E-05
0.9995 9.996E-05 9.996E-05 9.996E-05 9.996E-05 9.996E-05
0.0858206 9.99819E-05 9.99819E-05 0.771745 0.0535098 0.0887245
0.0502183 0.00942616 9.9991E-05 0.802851 0.0862443 0.0511603
0.9995 9.996E-05 9.996E-05 9.996E-05 9.996E-05 9.996E-05
0.9995 9.996E-05 9.996E-05 9.996E-05 9.996E-05 9.996E-05
9.9964E-05 9.9964E-05 9.9964E-05 0.962971 0.0366293 9.9964E-05
9.9991E-05 0.0657294 0.0170623 0.601139 0.291639 0.0243306
9.9982E-05 9.9982E-05 0.107802 0.305448 0.013265 0.573285
0.339839 0.11139 0.0511934 0.160577 0.336901 9.9991E-05
0.344145 0.0526487 0.0163524 0.178208 0.408545 9.9991E-05
0.0240582 0.0322556 0.596092 9.9991E-05 0.00247044 0.345024
