9.9982E-05 9.9982E-05 0.0307449 0.969055
0.505497 9.9991E-05 0.00218134 0.492222
0.882402 0.0497683 0.0677293 9.99911E-05
0.974173 9.9982E-05 0.0256268 9.9982E-05
0.69109 9.9991E-05 0.0276412 0.281169
0.968116 9.9982E-05 0.0316838 9.9982E-05
0.2954 9.99821E-05 9.99821E-05 0.7044
0.781119 9.9991E-05 0.0568499 0.161931
0.321267 9.99821E-05 9.99821E-05 0.678533
9.9982E-05 9.9982E-05 0.155507 0.844293
9.9982E-05 9.9982E-05 0.134339 0.865461
0.0381681 9.9991E-05 0.159398 0.802333
0.0343302 0.00540669 0.0223862 0.937877
0.965253 0.00805636 0.0265911 9.9991E-05
0.980415 0.00856948 0.0109155 9.9991E-05
0.0444798 9.9991E-05 0.0359573 0.919463
9.9991E-05 0.0819455 0.424554 0.4934
0.0650441 0.713762 9.9991E-05 0.221094
9.9982E-05 0.922398 0.0774021 9.9982E-05
9.9982E-05 9.9982E-05 0.195757 0.804043
9.998E-05 0.9997 9.998E-05 9.998E-05
9.9982E-05 9.9982E-05 0.0478677 0.951932
0.0363708 0.383005 0.409717 0.170907
9.9982E-05 0.927547 0.0722528 9.9982E-05
0.9997 9.998E-05 9.998E-05 9.998E-05
0.9997 9.998E-05 9.998E-05 9.998E-05
9.9982E-05 9.9982E-05 0.0952894 0.904511
0.9997 9.998E-05 9.998E-05 9.998E-05
0.9997 9.998E-05 9.998E-05 9.998E-05
0.916937 0.0409868 0.0323972 0.00967866
0.92735 0.00967785 0.0628723 9.9991E-05
0.573961 0.00755634 9.9991E-05 0.418382
0.9997 9.998E-05 9.998E-05 9.998E-05
0.837002 9.9991E-05 0.00428933 0.158608
0.0508085 9.9991E-05 0.282362 0.666729
0.97875 9.99819E-05 0.0210498 9.99819E-05
0.0586292 9.9991E-05 0.0554171 0.885854
0.109091 0.0252262 0.05052 0.815163
0.130948 0.0613557 0.452076 0.35562
0.110085 0.00858237 0.0765392 0.804793
0.0522691 0.000556351 0.0869872 0.860187
9.9991E-05 0.0125567 0.114233 0.873111
0.0228836 9.9982E-05 9.9982E-05 0.976916
9.9982E-05 9.9982E-05 0.170198 0.829602
9.9991E-05 0.106357 0.204327 0.689217
0.0806482 0.0368491 0.127402 0.755101
0.153628 9.9991E-05 0.191035 0.655237
9.99911E-05 0.0489254 0.00491025 0.946064
0.823652 0.0235732 9.9991E-05 0.152675
0.799634 0.0279155 9.9991E-05 0.17235
0.797896 0.0158967 9.9991E-05 0.186107
0.831912 0.031003 9.9991E-05 0.136985
0.822291 0.012556 9.9991E-05 0.165053
0.738563 0.0385454 9.9991E-05 0.222792
0.766716 9.9991E-05 0.00170595 0.231478
9.998E-05 9.998E-05 9.998E-05 0.9997
0.532979 9.9982E-05 9.9982E-05 0.466821
0.9997 9.998E-05 9.998E-05 9.998E-05
9.99821E-05 9.99821E-05 0.0847512 0.915049
0.0690497 9.9991E-05 0.0238227 0.907028
9.99822E-05 0.0236825 9.99822E-05 0.976118
9.9982E-05 9.9982E-05 0.0013568 0.998443
9.9991E-05 0.0215466 0.114141 0.864212
9.9982E-05 0.92122 9.9982E-05 0.0785798
0.9997 9.998E-05 9.998E-05 9.998E-05
0.389663 0.0309054 0.104124 0.475308
0.9997 9.998E-05 9.998E-05 9.998E-05
0.9997 9.998E-05 9.998E-05 9.998E-05
0.9997 9.998E-05 9.998E-05 9.998E-05
0.995186 0.0046144 9.9982E-05 9.9982E-05
0.972591 9.9982E-05 0.0272086 9.9982E-05
0.995473 9.9982E-05 0.00432669 9.9982E-05
0.94461 9.99821E-05 9.99821E-05 0.0551896
0.859009 0.0277865 9.99911E-05 0.113105
0.978233 9.9991E-05 0.00608502 0.0155815
0.144326 9.9991E-05 0.0580369 0.797537
0.141742 9.9991E-05 0.0365318 0.821626
9.998E-05 9.998E-05 0.9997 9.998E-05
9.998E-05 9.998E-05 0.9997 9.998E-05
0.037483 9.9991E-05 0.0904119 0.872005
0.00986606 9.9991E-05 0.0818279 0.908206
9.998E-05 9.998E-05 0.9997 9.998E-05
9.998E-05 9.998E-05 0.9997 9.998E-05
9.998E-05 9.998E-05 9.998E-05 0.9997
0.027584 0.0745081 0.000780234 0.897128
0.542338 9.9982E-05 9.9982E-05 0.457462
0.0552888 0.135927 0.353053 0.455731
9.9991E-05 0.075985 0.410246 0.513669
0.927889 0.0635782 0.00843275 9.9991E-05
