9.998E-05 0.9997 9.998E-05 9.998E-05
9.999E-05 0.374448 0.284094 0.341358
0.0741107 0.095779 0.761853 0.0682574
9.9982E-05 0.00132419 0.998476 9.9982E-05
9.999E-05 0.242494 0.441616 0.31579
9.998E-05 9.998E-05 0.9997 9.998E-05
9.999E-05 0.524207 0.0256215 0.450072
9.999E-05 0.121271 0.406344 0.472286
9.99821E-05 0.500818 9.99821E-05 0.498982
9.9982E-05 0.842966 9.9982E-05 0.156834
9.9982E-05 0.865594 9.9982E-05 0.134206
9.9982E-05 0.942728 0.057072 9.9982E-05
9.99821E-05 0.913939 0.0858611 9.99821E-05
0.0142327 0.0235425 0.962125 9.9991E-05
0.00259587 9.9982E-05 0.997204 9.9982E-05
9.9991E-05 0.916267 0.0615342 0.0220983
0.143672 0.826689 0.0295395 9.9991E-05
0.718847 0.191189 9.9991E-05 0.0898642
0.9997 9.998E-05 9.998E-05 9.998E-05
9.9982E-05 0.956777 9.9982E-05 0.0430234
0.9997 9.998E-05 9.998E-05 9.998E-05
9.998E-05 0.9997 9.998E-05 9.998E-05
0.511116 0.376141 0.0416128 0.0711298
0.987228 0.0125722 9.9982E-05 9.9982E-05
9.9982E-05 9.9982E-05 0.991146 0.00865453
9.998E-05 9.998E-05 0.9997 9.998E-05
9.998E-05 0.9997 9.998E-05 9.998E-05
9.9982E-05 9.9982E-05 0.925709 0.0740914
9.9982E-05 9.9982E-05 0.947524 0.0522756
0.0402417 9.9991E-05 0.671278 0.28838
0.0137185 9.9991E-05 0.651008 0.335174
9.9991E-05 0.275091 0.0850347 0.639775
9.998E-05 9.998E-05 0.9997 9.998E-05
9.9982E-05 9.9982E-05 0.154144 0.845656
9.9982E-05 0.899614 0.100186 9.9982E-05
9.9982E-05 0.0161032 0.983697 9.9982E-05
9.99821E-05 0.913506 0.086294 9.99821E-05
0.0152631 0.792888 9.9991E-05 0.191749
0.126432 0.676928 0.196541 9.9991E-05
9.9982E-05 0.84924 0.15056 9.9982E-05
9.9991E-05 0.899655 0.0961544 0.00409062
0.00340648 0.956149 9.9991E-05 0.0403444
9.9982E-05 0.914335 9.9982E-05 0.0854645
9.9982E-05 0.935063 9.9982E-05 0.064737
0.16051 0.786802 9.9991E-05 0.0525883
0.0258436 0.851023 0.0437186 0.0794148
9.9991E-05 0.816445 0.118569 0.0648858
9.99822E-05 0.960895 9.99822E-05 0.0389054
9.998E-05 9.998E-05 9.998E-05 0.9997
0.00237221 9.9982E-05 9.9982E-05 0.997428
9.998E-05 9.998E-05 9.998E-05 0.9997
9.998E-05 9.998E-05 9.998E-05 0.9997
9.998E-05 9.998E-05 9.998E-05 0.9997
0.0502273 0.0710648 0.227171 0.651537
9.998E-05 9.998E-05 9.998E-05 0.9997
9.998E-05 0.9997 9.998E-05 9.998E-05
9.9991E-05 0.305437 0.0718162 0.622647
9.998E-05 9.998E-05 0.9997 9.998E-05
9.99821E-05 0.972475 0.027325 9.99821E-05
9.9982E-05 0.920928 0.0788718 9.9982E-05
9.998E-05 0.9997 9.998E-05 9.998E-05
9.998E-05 0.9997 9.998E-05 9.998E-05
0.0263146 0.973485 9.9982E-05 9.9982E-05
0.894782 0.0326355 9.9991E-05 0.0724823
9.998E-05 9.998E-05 0.9997 9.998E-05
0.0799229 0.490467 0.246028 0.183582
9.9991E-05 0.0102945 0.986697 0.00290862
9.9982E-05 9.9982E-05 0.981054 0.0187456
9.9982E-05 9.9982E-05 0.948736 0.0510638
0.00721729 9.9991E-05 0.893605 0.0990779
9.9982E-05 0.0495031 0.950297 9.9982E-05
9.998E-05 9.998E-05 0.9997 9.998E-05
9.99821E-05 9.99821E-05 0.479974 0.519826
0.008657 0.0445101 0.479732 0.467101
9.9982E-05 9.9982E-05 0.969701 0.0300989
9.9991E-05 0.803742 0.0636455 0.132513
9.9991E-05 0.815277 0.028171 0.156452
0.16683 0.690073 0.142998 9.9991E-05
0.181064 0.68174 0.137096 9.9991E-05
9.99819E-05 0.881526 9.99819E-05 0.118274
9.9982E-05 0.90355 9.9982E-05 0.0962504
0.165798 0.659732 0.145731 0.0287391
0.1707 0.702611 0.126589 9.9991E-05
9.9982E-05 0.976087 9.9982E-05 0.0237135
0.031335 0.896892 9.9991E-05 0.071673
9.9991E-05 0.269008 0.0556368 0.675255
0.190309 0.715656 0.0939357 9.9991E-05
0.13005 0.845841 0.0240088 9.9991E-05
0.0613635 9.9991E-05 0.612991 0.325546
