9.99189E-05 9.99189E-05 9.99189E-05 9.99189E-05 0.968101 9.99189E-05 9.99189E-05 9.99189E-05 0.0309993 9.99189E-05 9.99189E-05
9.99369E-05 9.99369E-05 9.99369E-05 9.99369E-05 0.109398 9.99369E-05 9.99369E-05 0.0319973 9.99369E-05 0.654481 0.203424
0.134856 0.0175352 0.0537877 0.015201 9.99643E-05 0.0407638 0.0984188 9.99643E-05 9.99643E-05 9.99643E-05 0.639037
9.99369E-05 9.99369E-05 0.0221324 9.99369E-05 9.99369E-05 0.00499838 0.0950706 9.99369E-05 9.99369E-05 9.99369E-05 0.877099
0.250799 9.9955E-05 9.9955E-05 9.9955E-05 0.0555104 0.0587609 9.9955E-05 9.9955E-05 0.164709 0.0329324 0.436789
9.9928E-05 0.00328517 9.9928E-05 9.9928E-05 0.0228553 9.9928E-05 9.9928E-05 9.9928E-05 9.9928E-05 9.9928E-05 0.97306
0.999001 9.99101E-05 9.99101E-05 9.99101E-05 9.99101E-05 9.99101E-05 9.99101E-05 9.99101E-05 9.99101E-05 9.99101E-05 9.99101E-05
0.180197 9.9964E-05 0.00617608 9.9964E-05 9.9964E-05 0.230623 0.161158 9.9964E-05 0.0838295 0.0979369 0.23968
0.900464 9.99368E-05 9.99368E-05 9.99368E-05 9.99368E-05 9.99368E-05 9.99368E-05 0.0568037 0.00792859 0.0341046 9.99368E-05
0.128302 9.9919E-05 9.9919E-05 9.9919E-05 9.9919E-05 9.9919E-05 9.9919E-05 9.9919E-05 0.870799 9.9919E-05 9.9919E-05
0.110457 9.9919E-05 9.9919E-05 9.9919E-05 9.9919E-05 9.9919E-05 9.9919E-05 9.9919E-05 0.888644 9.9919E-05 9.9919E-05
0.00992575 0.171785 0.131608 9.9946E-05 0.659974 9.9946E-05 0.0261072 9.9946E-05 9.9946E-05 9.9946E-05 9.9946E-05
0.0710675 0.928033 9.99191E-05 9.99191E-05 9.99191E-05 9.99191E-05 9.99191E-05 9.99191E-05 9.99191E-05 9.99191E-05 9.99191E-05
9.9946E-05 0.00617264 9.9946E-05 0.00298274 0.0147715 9.9946E-05 9.9946E-05 9.9946E-05 9.9946E-05 0.000334481 0.975139
9.99189E-05 9.99189E-05 9.99189E-05 9.99189E-05 0.0406072 9.99189E-05 9.99189E-05 9.99189E-05 9.99189E-05 9.99189E-05 0.958494
9.9928E-05 0.125157 9.9928E-05 9.9928E-05 9.9928E-05 9.9928E-05 9.9928E-05 0.85626 0.0177845 9.9928E-05 9.9928E-05
9.99461E-05 0.245668 0.289855 0.0647741 9.99461E-05 9.99461E-05 9.99461E-05 0.017612 0.381491 9.99461E-05 9.99461E-05
9.99459E-05 9.99459E-05 9.99459E-05 0.720836 9.99459E-05 0.0596995 9.99459E-05 0.0588063 0.139673 0.0203859 9.99459E-05
9.9919E-05 9.9919E-05 0.069017 0.930084 9.9919E-05 9.9919E-05 9.9919E-05 9.9919E-05 9.9919E-05 9.9919E-05 9.9919E-05
9.9937E-05 9.9937E-05 0.0669185 9.9937E-05 0.0943244 9.9937E-05 9.9937E-05 0.343322 0.494735 9.9937E-05 9.9937E-05
9.99191E-05 9.99191E-05 9.99191E-05 0.985631 9.99191E-05 9.99191E-05 9.99191E-05 9.99191E-05 9.99191E-05 9.99191E-05 0.01347
9.9955E-05 0.0506194 0.0348797 9.9955E-05 0.529661 9.9955E-05 9.9955E-05 0.282118 0.0967344 0.0054877 9.9955E-05
0.00807895 9.99551E-05 0.33402 0.404319 9.99551E-05 0.016305 0.00235154 9.99551E-05 0.234426 9.99551E-05 9.99551E-05
9.99279E-05 9.99279E-05 0.0622039 0.910526 9.99279E-05 9.99279E-05 9.99279E-05 9.99279E-05 0.0264706 9.99279E-05 9.99279E-05
9.99191E-05 9.99191E-05 9.99191E-05 9.99191E-05 9.99191E-05 9.99191E-05 0.735122 9.99191E-05 9.99191E-05 9.99191E-05 0.263979
9.9919E-05 9.9919E-05 9.9919E-05 9.9919E-05 9.9919E-05 9.9919E-05 0.312882 9.9919E-05 9.9919E-05 9.9919E-05 0.686219
9.99458E-05 0.792661 0.0242653 9.99458E-05 0.0904568 9.99458E-05 9.99458E-05 9.99458E-05 0.0822896 0.00972766 9.99458E-05
9.99101E-05 9.99101E-05 9.99101E-05 9.99101E-05 9.99101E-05 9.99101E-05 0.999001 9.99101E-05 9.99101E-05 9.99101E-05 9.99101E-05
9.99101E-05 9.99101E-05 9.99101E-05 9.99101E-05 9.99101E-05 9.99101E-05 0.999001 9.99101E-05 9.99101E-05 9.99101E-05 9.99101E-05
9.99641E-05 0.00367886 0.0218 0.0161295 9.99641E-05 0.226815 0.314966 9.99641E-05 9.99641E-05 0.00572225 0.410488
0.0474111 9.99641E-05 0.00278254 9.99641E-05 9.99641E-05 0.247645 0.0822874 9.99641E-05 0.0355977 0.00549831 0.578378
9.99103E-05 9.99103E-05 9.99103E-05 9.99103E-05 9.99103E-05 9.99103E-05 9.99103E-05 9.99103E-05 9.99103E-05 0.999001 9.99103E-05
9.99282E-05 9.99282E-05 9.99282E-05 9.99282E-05 9.99282E-05 0.00574281 0.407514 9.99282E-05 9.99282E-05 9.99282E-05 0.585944
0.0507489 9.99372E-05 9.99372E-05 9.99372E-05 9.99372E-05 0.816058 0.11597 9.99372E-05 9.99372E-05 0.0165237 9.99372E-05
9.99549E-05 0.613299 0.185478 9.99549E-05 0.0367359 0.0102853 9.99549E-05 9.99549E-05 0.112002 9.99549E-05 0.0417006
9.99459E-05 0.0160935 0.0110425 9.99459E-05 9.99459E-05 9.99459E-05 0.622795 9.99459E-05 0.000997369 9.99459E-05 0.348472
9.99191E-05 9.99191E-05 9.99191E-05 9.99191E-05 0.985886 9.99191E-05 9.99191E-05 9.99191E-05 9.99191E-05 9.99191E-05 0.0132147
0.00480526 0.00102821 9.9964E-05 0.0152553 0.0727907 9.9964E-05 9.9964E-05 9.9964E-05 0.662152 0.179226 0.0643426
9.99551E-05 0.229906 0.366957 0.0341415 9.99551E-05 9.99551E-05 9.99551E-05 0.0404136 0.180163 9.99551E-05 0.147919
9.99459E-05 9.99459E-05 0.0020251 9.99459E-05 0.279374 9.99459E-05 9.99459E-05 0.27492 0.303633 9.99459E-05 0.139449
9.99549E-05 9.99549E-05 0.0239437 0.00915209 0.283747 9.99549E-05 9.99549E-05 0.245305 0.320749 9.99549E-05 0.116604
9.9928E-05 9.9928E-05 9.9928E-05 9.9928E-05 0.0339121 9.9928E-05 9.9928E-05 0.0554489 0.90984 9.9928E-05 9.9928E-05
0.0708865 0.0184542 9.9946E-05 0.0147339 0.0463926 9.9946E-05 9.9946E-05 0.848933 9.9946E-05 9.9946E-05 9.9946E-05
9.99369E-05 0.0236673 9.99369E-05 9.99369E-05 0.0237077 9.99369E-05 0.0021815 9.99369E-05 0.949744 9.99369E-05 9.99369E-05
9.99639E-05 0.177346 0.137348 0.106141 0.0660422 9.99639E-05 9.99639E-05 0.0758349 0.383551 0.0533366 9.99639E-05
9.9973E-05 0.0266195 9.9973E-05 0.0389717 0.117287 0.000554403 9.9973E-05 0.195313 0.528441 0.00388754 0.0886266
9.995E-05 0.235713 0.117684 9.995E-05 0.169207 0.0527131 9.995E-05 9.995E-05 0.309637 9.995E-05 0.114546
9.99106E-05 9.99106E-05 9.99106E-05 9.99106E-05 0.999001 9.99106E-05 9.99106E-05 9.99106E-05 9.99106E-05 9.99106E-05 9.99106E-05
9.99101E-05 9.99101E-05 9.99101E-05 9.99101E-05 9.99101E-05 0.999001 9.99101E-05 9.99101E-05 9.99101E-05 9.99101E-05 9.99101E-05
9.9919E-05 9.9919E-05 9.9919E-05 0.00371803 9.9919E-05 0.995383 9.9919E-05 9.9919E-05 9.9919E-05 9.9919E-05 9.9919E-05
9.9928E-05 9.9928E-05 9.9928E-05 9.9928E-05 9.9928E-05 0.967981 9.9928E-05 0.01948 0.0117392 9.9928E-05 9.9928E-05
9.99101E-05 9.99101E-05 9.99101E-05 9.99101E-05 9.99101E-05 0.999001 9.99101E-05 9.99101E-05 9.99101E-05 9.99101E-05 9.99101E-05
9.99101E-05 9.99101E-05 9.99101E-05 9.99101E-05 9.99101E-05 0.999001 9.99101E-05 9.99101E-05 9.99101E-05 9.99101E-05 9.99101E-05
0.14734 9.99731E-05 9.99731E-05 0.0316804 9.99731E-05 0.435283 0.0698358 0.0545572 0.017035 0.0950922 0.148876
9.9937E-05 9.9937E-05 9.9937E-05 9.9937E-05 0.0191681 0.921573 9.9937E-05 0.00604401 9.9937E-05 0.0525151 9.9937E-05
9.99279E-05 0.01502 9.99279E-05 9.99279E-05 0.775397 9.99279E-05 9.99279E-05 0.208783 9.99279E-05 9.99279E-05 9.99279E-05
0.0284798 9.99459E-05 9.99459E-05 9.99459E-05 9.99459E-05 0.0482446 0.0176325 0.0335406 9.99459E-05 0.871503 9.99459E-05
9.99188E-05 9.99188E-05 9.99188E-05 9.99188E-05 9.99188E-05 9.99188E-05 0.500167 9.99188E-05 9.99188E-05 9.99188E-05 0.498934
9.9928E-05 0.870725 9.9928E-05 9.9928E-05 0.0579635 9.9928E-05 9.9928E-05 0.0705124 9.9928E-05 9.9928E-05 9.9928E-05
9.99192E-05 0.0252752 9.99192E-05 9.99192E-05 9.99192E-05 9.99192E-05 9.99192E-05 0.973826 9.99192E-05 9.99192E-05 9.99192E-05
0.0485324 0.950568 9.99192E-05 9.99192E-05 9.99192E-05 9.99192E-05 9.99192E-05 9.99192E-05 9.99192E-05 9.99192E-05 9.99192E-05
9.99279E-05 0.873116 9.99279E-05 9.99279E-05 9.99279E-05 9.99279E-05 9.99279E-05 0.00878559 0.117299 9.99279E-05 9.99279E-05
9.99279E-05 0.884906 0.0211304 9.99279E-05 9.99279E-05 9.99279E-05 9.99279E-05 9.99279E-05 0.0931637 9.99279E-05 9.99279E-05
9.99282E-05 9.99282E-05 9.99282E-05 0.924549 0.0375513 9.99282E-05 9.99282E-05 9.99282E-05 0.0371003 9.99282E-05 9.99282E-05
9.99193E-05 9.99193E-05 9.99193E-05 9.99193E-05 9.99193E-05 9.99193E-05 0.709351 9.99193E-05 9.99193E-05 9.99193E-05 0.28975
9.99552E-05 0.147114 9.99552E-05 9.99552E-05 0.125648 0.117868 0.305311 0.0249654 0.278594 9.99552E-05 9.99552E-05
0.0199562 9.99371E-05 9.99371E-05 9.99371E-05 9.99371E-05 9.99371E-05 0.0872 0.0196751 9.99371E-05 9.99371E-05 0.872469
0.0350224 9.99369E-05 9.99369E-05 9.99369E-05 0.0390962 9.99369E-05 0.289538 9.99369E-05 9.99369E-05 9.99369E-05 0.635644
9.9919E-05 9.9919E-05 9.9919E-05 9.9919E-05 9.9919E-05 9.9919E-05 0.989291 0.00981015 9.9919E-05 9.9919E-05 9.9919E-05
9.99191E-05 9.99191E-05 9.99191E-05 0.00139004 9.99191E-05 9.99191E-05 0.997711 9.99191E-05 9.99191E-05 9.99191E-05 9.99191E-05
0.0335361 9.9964E-05 0.0388317 9.9964E-05 0.00408868 9.9964E-05 0.219759 9.9964E-05 0.0206813 0.0370852 0.645618
9.99369E-05 9.99369E-05 0.00665721 9.99369E-05 9.99369E-05 0.00322441 0.457981 9.99369E-05 9.99369E-05 9.99369E-05 0.531438
0.23673 9.99372E-05 9.99372E-05 9.99372E-05 9.99372E-05 0.325546 0.0255983 9.99372E-05 9.99372E-05 9.99372E-05 0.411426
0.445452 9.99372E-05 9.99372E-05 9.99372E-05 9.99372E-05 0.116261 0.192626 9.99372E-05 9.99372E-05 9.99372E-05 0.244961
9.9937E-05 9.9937E-05 9.9937E-05 9.9937E-05 9.9937E-05 0.0368416 0.128565 0.0377408 9.9937E-05 9.9937E-05 0.796153
9.9937E-05 9.9937E-05 9.9937E-05 9.9937E-05 9.9937E-05 0.00828686 9.9937E-05 0.96553 9.9937E-05 0.00693817 0.0185449
9.99189E-05 9.99189E-05 9.99189E-05 9.99189E-05 9.99189E-05 0.0273003 9.99189E-05 0.9718 9.99189E-05 9.99189E-05 9.99189E-05
9.99101E-05 9.99101E-05 0.999001 9.99101E-05 9.99101E-05 9.99101E-05 9.99101E-05 9.99101E-05 9.99101E-05 9.99101E-05 9.99101E-05
9.99101E-05 9.99101E-05 0.999001 9.99101E-05 9.99101E-05 9.99101E-05 9.99101E-05 9.99101E-05 9.99101E-05 9.99101E-05 9.99101E-05
9.99369E-05 9.99369E-05 9.99369E-05 9.99369E-05 9.99369E-05 9.99369E-05 0.0121462 0.0828329 0.814913 0.0894085 9.99369E-05
0.00133137 0.0493124 9.99549E-05 9.99549E-05 9.99549E-05 9.99549E-05 0.0045077 0.152235 0.730687 0.0614259 9.99549E-05
0.00924518 9.9928E-05 0.981036 9.9928E-05 9.9928E-05 9.9928E-05 9.9928E-05 9.9928E-05 9.9928E-05 0.00891976 9.9928E-05
9.99101E-05 9.99101E-05 0.999001 9.99101E-05 9.99101E-05 9.99101E-05 9.99101E-05 9.99101E-05 9.99101E-05 9.99101E-05 9.99101E-05
0.0163508 0.0158509 9.99369E-05 9.99369E-05 0.962512 9.99369E-05 9.99369E-05 0.00458672 9.99369E-05 9.99369E-05 9.99369E-05
0.0820287 0.157632 9.99639E-05 0.0793287 0.047312 9.99639E-05 9.99639E-05 0.495336 0.121399 0.0165647 9.99639E-05
0.0241652 9.9928E-05 9.9928E-05 9.9928E-05 9.9928E-05 0.0423465 9.9928E-05 9.9928E-05 9.9928E-05 0.932689 9.9928E-05
9.99462E-05 0.396115 0.219543 0.0816623 9.99462E-05 9.99462E-05 9.99462E-05 9.99462E-05 0.24283 9.99462E-05 0.0592506
9.99551E-05 0.433041 0.287695 0.0617067 0.157915 9.99551E-05 9.99551E-05 0.0371798 9.99551E-05 9.99551E-05 0.0219633
0.131505 9.99641E-05 0.016694 0.0170654 9.99641E-05 0.224571 0.217019 9.99641E-05 9.99641E-05 0.0305319 0.362214
