0.077243 0.0094306 9.99279E-05 9.99279E-05 9.99279E-05 9.99279E-05 9.99279E-05 9.99279E-05 9.99279E-05 0.912527 9.99279E-05
9.994E-05 9.994E-05 9.994E-05 9.994E-05 0.0864189 9.994E-05 9.994E-05 0.109221 0.728841 0.0671816 0.00773773
9.99465E-05 0.0448413 0.186584 0.0287582 9.99465E-05 9.99465E-05 0.0915131 0.647703 9.99465E-05 9.99465E-05 9.99465E-05
0.0120423 0.0161561 9.99281E-05 9.99281E-05 9.99281E-05 9.99281E-05 9.99281E-05 0.971002 9.99281E-05 9.99281E-05 9.99281E-05
0.121868 9.99551E-05 0.123558 9.99551E-05 0.0597537 0.0718376 9.99551E-05 0.312284 0.310199 9.99551E-05 9.99551E-05
0.020623 9.9937E-05 9.9937E-05 9.9937E-05 0.00922319 9.9937E-05 9.9937E-05 0.969148 9.9937E-05 0.000306234 9.9937E-05
9.99282E-05 9.99282E-05 0.0163357 9.99282E-05 9.99282E-05 9.99282E-05 0.371584 9.99282E-05 0.611281 9.99282E-05 9.99282E-05
0.0454969 0.0317512 0.683572 9.99549E-05 9.99549E-05 0.0870076 9.99549E-05 0.0330391 0.118634 9.99549E-05 9.99549E-05
0.0313023 9.99461E-05 0.00115944 9.99461E-05 9.99461E-05 9.99461E-05 0.236927 9.99461E-05 0.708542 9.99461E-05 0.0214691
0.999001 9.99102E-05 9.99102E-05 9.99102E-05 9.99102E-05 9.99102E-05 9.99102E-05 9.99102E-05 9.99102E-05 9.99102E-05 9.99102E-05
0.999001 9.99102E-05 9.99102E-05 9.99102E-05 9.99102E-05 9.99102E-05 9.99102E-05 9.99102E-05 9.99102E-05 9.99102E-05 9.99102E-05
9.9946E-05 0.127348 9.9946E-05 9.9946E-05 0.0116823 9.9946E-05 0.158625 0.0198209 9.9946E-05 0.681924 9.9946E-05
9.99191E-05 9.99191E-05 0.0196681 9.99191E-05 9.99191E-05 9.99191E-05 0.979433 9.99191E-05 9.99191E-05 9.99191E-05 9.99191E-05
9.99371E-05 9.99371E-05 9.99371E-05 0.0187223 0.0531379 9.99371E-05 9.99371E-05 0.915831 9.99371E-05 0.0116091 9.99371E-05
0.000572104 9.99281E-05 9.99281E-05 9.99281E-05 9.99281E-05 9.99281E-05 9.99281E-05 0.95973 9.99281E-05 0.0388983 9.99281E-05
9.99191E-05 9.99191E-05 9.99191E-05 9.99191E-05 9.99191E-05 9.99191E-05 0.182893 9.99191E-05 9.99191E-05 9.99191E-05 0.816208
0.0498591 9.99189E-05 9.99189E-05 9.99189E-05 0.949242 9.99189E-05 9.99189E-05 9.99189E-05 9.99189E-05 9.99189E-05 9.99189E-05
0.0426863 9.99639E-05 9.99639E-05 0.724251 0.00331086 0.038519 9.99639E-05 9.99639E-05 0.0723398 0.00758716 0.110906
9.9919E-05 0.0817282 9.9919E-05 0.917373 9.9919E-05 9.9919E-05 9.9919E-05 9.9919E-05 9.9919E-05 9.9919E-05 9.9919E-05
0.406727 0.0569521 9.99459E-05 9.99459E-05 0.0709351 9.99459E-05 9.99459E-05 9.99459E-05 9.99459E-05 0.0899787 0.374807
9.99101E-05 9.99101E-05 9.99101E-05 0.999001 9.99101E-05 9.99101E-05 9.99101E-05 9.99101E-05 9.99101E-05 9.99101E-05 9.99101E-05
0.0333666 9.99459E-05 9.99459E-05 9.99459E-05 0.066516 9.99459E-05 0.0147056 9.99459E-05 9.99459E-05 0.515625 0.369187
0.17971 0.181372 9.99461E-05 0.368637 0.250971 0.0187098 9.99461E-05 9.99461E-05 9.99461E-05 9.99461E-05 9.99461E-05
9.9928E-05 0.0556512 9.9928E-05 0.925917 0.0176322 9.9928E-05 9.9928E-05 9.9928E-05 9.9928E-05 9.9928E-05 9.9928E-05
9.99102E-05 9.99102E-05 9.99102E-05 9.99102E-05 9.99102E-05 9.99102E-05 9.99102E-05 0.999001 9.99102E-05 9.99102E-05 9.99102E-05
9.99191E-05 9.99191E-05 9.99191E-05 9.99191E-05 9.99191E-05 0.00300808 9.99191E-05 0.996093 9.99191E-05 9.99191E-05 9.99191E-05
0.0643016 0.0404854 9.99458E-05 9.99458E-05 0.0561185 9.99458E-05 0.748574 9.99458E-05 9.99458E-05 0.0899208 9.99458E-05
9.9937E-05 9.9937E-05 0.0219101 9.9937E-05 9.9937E-05 0.0698394 0.000783988 0.906767 9.9937E-05 9.9937E-05 9.9937E-05
9.99371E-05 9.99371E-05 9.99371E-05 9.99371E-05 9.99371E-05 0.0595323 0.00279039 0.904235 9.99371E-05 9.99371E-05 0.0327426
9.99551E-05 0.0474332 0.242505 0.0125815 0.0126452 0.143262 9.99551E-05 0.541074 9.99551E-05 9.99551E-05 9.99551E-05
0.00573172 0.0206229 0.472952 9.99549E-05 0.0170879 0.100728 9.99549E-05 0.382378 9.99549E-05 9.99549E-05 9.99549E-05
9.99102E-05 9.99102E-05 9.99102E-05 9.99102E-05 9.99102E-05 9.99102E-05 9.99102E-05 9.99102E-05 0.999001 9.99102E-05 9.99102E-05
9.99281E-05 9.99281E-05 0.167138 9.99281E-05 9.99281E-05 9.99281E-05 9.99281E-05 0.824569 9.99281E-05 9.99281E-05 0.00749338
9.99282E-05 9.99282E-05 0.266758 9.99282E-05 9.99282E-05 0.717797 9.99282E-05 9.99282E-05 0.0146453 9.99282E-05 9.99282E-05
9.99638E-05 0.110076 0.027119 9.99638E-05 0.326456 0.0177805 0.47156 0.00615928 9.99638E-05 0.040449 9.99638E-05
9.99369E-05 9.99369E-05 0.0388763 9.99369E-05 0.0157929 9.99369E-05 0.00699034 0.937641 9.99369E-05 9.99369E-05 9.99369E-05
9.9919E-05 9.9919E-05 0.0337827 9.9919E-05 9.9919E-05 9.9919E-05 9.9919E-05 9.9919E-05 9.9919E-05 0.965318 9.9919E-05
0.633827 9.9946E-05 0.0592913 9.9946E-05 0.00264978 9.9946E-05 9.9946E-05 9.9946E-05 0.162474 0.141158 9.9946E-05
9.99101E-05 9.99101E-05 9.99101E-05 9.99101E-05 0.999001 9.99101E-05 9.99101E-05 9.99101E-05 9.99101E-05 9.99101E-05 9.99101E-05
0.244829 9.99459E-05 9.99459E-05 9.99459E-05 0.125025 9.99459E-05 9.99459E-05 0.0754607 9.99459E-05 0.218656 0.33543
0.274267 9.99549E-05 9.99549E-05 0.021306 0.0767369 9.99549E-05 9.99549E-05 0.0554457 9.99549E-05 0.258537 0.313208
0.914835 9.9946E-05 9.9946E-05 0.00395739 0.0111312 9.9946E-05 9.9946E-05 9.9946E-05 9.9946E-05 0.0539662 0.015511
0.0063014 9.99371E-05 9.99371E-05 9.99371E-05 9.99371E-05 9.99371E-05 0.0655387 9.99371E-05 0.0164631 9.99371E-05 0.910997
0.910954 9.99459E-05 9.99459E-05 9.99459E-05 0.0176613 9.99459E-05 0.0205588 9.99459E-05 9.99459E-05 0.0493018 0.000924796
0.440784 0.120445 9.99639E-05 0.118661 9.99639E-05 9.99639E-05 0.17088 9.99639E-05 0.0458719 0.0390653 0.063892
0.551879 9.9964E-05 0.0145763 0.049155 9.9964E-05 9.9964E-05 0.0507241 0.0753697 9.9964E-05 0.12198 0.135916
0.213976 0.0230193 9.997E-05 9.997E-05 0.248345 0.0508014 0.148479 0.0862635 0.0149982 0.213818 9.997E-05
9.99195E-05 9.99195E-05 9.99195E-05 0.0126118 9.99195E-05 9.99195E-05 9.99195E-05 9.99195E-05 9.99195E-05 0.986489 9.99195E-05
9.99101E-05 9.99101E-05 9.99101E-05 9.99101E-05 9.99101E-05 0.999001 9.99101E-05 9.99101E-05 9.99101E-05 9.99101E-05 9.99101E-05
9.99281E-05 9.99281E-05 9.99281E-05 9.99281E-05 0.0190639 0.974763 9.99281E-05 9.99281E-05 9.99281E-05 9.99281E-05 0.00537382
9.99101E-05 9.99101E-05 9.99101E-05 9.99101E-05 9.99101E-05 0.999001 9.99101E-05 9.99101E-05 9.99101E-05 9.99101E-05 9.99101E-05
9.99191E-05 9.99191E-05 9.99191E-05 0.00930592 9.99191E-05 0.989795 9.99191E-05 9.99191E-05 9.99191E-05 9.99191E-05 9.99191E-05
9.99101E-05 9.99101E-05 9.99101E-05 9.99101E-05 9.99101E-05 0.999001 9.99101E-05 9.99101E-05 9.99101E-05 9.99101E-05 9.99101E-05
0.0225059 9.9973E-05 0.375363 0.0226987 9.9973E-05 0.373906 0.0168215 0.0372368 0.0779041 9.9973E-05 0.0732641
9.99371E-05 0.00612051 9.99371E-05 9.99371E-05 0.00498566 0.947603 9.99371E-05 9.99371E-05 0.0405909 9.99371E-05 9.99371E-05
9.99279E-05 9.99279E-05 9.99279E-05 9.99279E-05 9.99279E-05 9.99279E-05 0.0136799 9.99279E-05 9.99279E-05 0.818276 0.167244
9.99368E-05 0.0208036 9.99368E-05 9.99368E-05 9.99368E-05 0.0363523 9.99368E-05 9.99368E-05 0.916302 0.0258429 9.99368E-05
9.99189E-05 9.99189E-05 9.99189E-05 9.99189E-05 0.0296471 9.99189E-05 9.99189E-05 0.969454 9.99189E-05 9.99189E-05 9.99189E-05
9.9937E-05 0.0684825 9.9937E-05 9.9937E-05 9.9937E-05 9.9937E-05 0.782589 9.9937E-05 9.9937E-05 0.0509482 0.0972805
9.99281E-05 9.99281E-05 9.99281E-05 9.99281E-05 9.99281E-05 9.99281E-05 0.0946886 9.99281E-05 9.99281E-05 0.0079892 0.896523
9.99102E-05 9.99102E-05 9.99102E-05 9.99102E-05 9.99102E-05 9.99102E-05 0.999001 9.99102E-05 9.99102E-05 9.99102E-05 9.99102E-05
0.106423 9.99369E-05 9.99369E-05 9.99369E-05 9.99369E-05 0.00166138 0.841638 9.99369E-05 9.99369E-05 0.0495779 9.99369E-05
0.0995001 0.0634907 9.99368E-05 9.99368E-05 0.0245045 9.99368E-05 0.811805 9.99368E-05 9.99368E-05 9.99368E-05 9.99368E-05
9.99282E-05 9.99282E-05 9.99282E-05 0.907215 9.99282E-05 0.00991717 9.99282E-05 9.99282E-05 9.99282E-05 0.0820684 9.99282E-05
0.0141008 9.99193E-05 9.99193E-05 9.99193E-05 9.99193E-05 9.99193E-05 9.99193E-05 0.985 9.99193E-05 9.99193E-05 9.99193E-05
0.166558 0.0349665 0.224801 0.0471549 0.00895505 9.9991E-05 0.109092 0.192167 0.00250469 0.0290183 0.184683
9.99373E-05 9.99373E-05 0.0530506 9.99373E-05 9.99373E-05 9.99373E-05 0.00153774 0.901269 9.99373E-05 9.99373E-05 0.0434428
9.9928E-05 9.9928E-05 9.9928E-05 9.9928E-05 0.0444411 0.0538295 9.9928E-05 0.90093 9.9928E-05 9.9928E-05 9.9928E-05
9.9937E-05 9.9937E-05 0.0346254 9.9937E-05 9.9937E-05 0.0358372 9.9937E-05 0.880278 9.9937E-05 9.9937E-05 0.0485597
9.9955E-05 9.9955E-05 0.00976104 0.00482726 9.9955E-05 0.0368421 9.9955E-05 0.895566 0.0383766 9.9955E-05 0.0141276
9.99461E-05 9.99461E-05 0.0874111 9.99461E-05 0.0464175 9.99461E-05 9.99461E-05 0.821125 0.00859724 0.035849 9.99461E-05
9.99279E-05 9.99279E-05 0.000742797 9.99279E-05 0.0441398 9.99279E-05 9.99279E-05 0.954318 9.99279E-05 9.99279E-05 9.99279E-05
9.99101E-05 9.99101E-05 0.999001 9.99101E-05 9.99101E-05 9.99101E-05 9.99101E-05 9.99101E-05 9.99101E-05 9.99101E-05 9.99101E-05
9.9919E-05 9.9919E-05 0.966318 9.9919E-05 9.9919E-05 9.9919E-05 0.0327827 9.9919E-05 9.9919E-05 9.9919E-05 9.9919E-05
0.0365269 0.00610235 9.99371E-05 9.99371E-05 9.99371E-05 9.99371E-05 9.99371E-05 0.919482 9.99371E-05 9.99371E-05 0.0371888
9.99279E-05 9.99279E-05 0.0267439 9.99279E-05 9.99279E-05 0.0012065 9.99279E-05 9.99279E-05 9.99279E-05 9.99279E-05 0.97125
9.9919E-05 9.9919E-05 0.00867874 9.9919E-05 9.9919E-05 9.9919E-05 9.9919E-05 9.9919E-05 9.9919E-05 9.9919E-05 0.990422
9.99191E-05 0.995051 9.99191E-05 9.99191E-05 9.99191E-05 9.99191E-05 9.99191E-05 0.00405018 9.99191E-05 9.99191E-05 9.99191E-05
9.99101E-05 0.999001 9.99101E-05 9.99101E-05 9.99101E-05 9.99101E-05 9.99101E-05 9.99101E-05 9.99101E-05 9.99101E-05 9.99101E-05
0.831254 9.99459E-05 9.99459E-05 9.99459E-05 9.99459E-05 9.99459E-05 9.99459E-05 0.0226154 0.0538006 0.0215599 0.0701706
0.78542 9.99459E-05 9.99459E-05 9.99459E-05 9.99459E-05 9.99459E-05 0.0413909 9.99459E-05 0.0539729 0.0229506 0.0956663
0.00555334 0.961286 0.0323616 9.99281E-05 9.99281E-05 9.99281E-05 9.99281E-05 9.99281E-05 9.99281E-05 9.99281E-05 9.99281E-05
9.99101E-05 0.999001 9.99101E-05 9.99101E-05 9.99101E-05 9.99101E-05 9.99101E-05 9.99101E-05 9.99101E-05 9.99101E-05 9.99101E-05
9.99279E-05 9.99279E-05 9.99279E-05 9.99279E-05 9.99279E-05 0.000229251 0.0375582 9.99279E-05 9.99279E-05 0.961413 9.99279E-05
0.170334 9.9946E-05 9.9946E-05 0.0674537 9.9946E-05 9.9946E-05 0.182594 9.9946E-05 0.0532638 9.9946E-05 0.525755
9.99189E-05 9.99189E-05 9.99189E-05 9.99189E-05 9.99189E-05 0.0730844 9.99189E-05 9.99189E-05 0.926016 9.99189E-05 9.99189E-05
0.1803 0.135337 9.99551E-05 0.0858206 0.278548 9.99551E-05 0.259287 0.0602069 9.99551E-05 9.99551E-05 9.99551E-05
9.99551E-05 0.125415 9.99551E-05 0.046664 0.384625 9.99551E-05 0.317454 9.99551E-05 9.99551E-05 0.110675 0.0146679
9.99461E-05 0.0133204 0.600504 0.0283531 9.99461E-05 0.103389 9.99461E-05 0.253834 9.99461E-05 9.99461E-05 9.99461E-05
