0.9995 9.996E-05 9.996E-05 9.996E-05 9.996E-05 9.996E-05
0.430654 9.9973E-05 0.232693 9.9973E-05 0.336353 9.9973E-05
9.999E-05 0.0485568 0.0117075 0.0352095 0.796633 0.107793
9.9964E-05 0.0344672 9.9964E-05 9.9964E-05 0.965133 9.9964E-05
0.287242 9.99731E-05 0.284875 9.99731E-05 0.427583 9.99731E-05
0.0218616 9.9973E-05 9.9973E-05 0.000233066 0.977605 9.9973E-05
9.99642E-05 9.99642E-05 0.41333 9.99642E-05 9.99642E-05 0.58627
0.082505 0.0315567 0.458249 9.9982E-05 0.42749 9.9982E-05
0.0761455 9.99731E-05 0.499309 9.99731E-05 9.99731E-05 0.424245
0.757967 0.0692613 0.15178 9.9982E-05 9.9982E-05 0.020791
0.731007 0.078617 0.113003 9.9982E-05 9.9982E-05 0.0771724
0.647173 0.132965 9.9982E-05 9.9982E-05 0.0251058 0.194557
9.99641E-05 9.99641E-05 9.99641E-05 9.99641E-05 0.00998447 0.989616
0.00452001 9.9973E-05 9.9973E-05 0.0387406 0.95644 9.9973E-05
0.0453651 9.9964E-05 9.9964E-05 9.9964E-05 0.954235 9.9964E-05
0.555693 0.016337 0.0964779 9.9982E-05 9.9982E-05 0.331292
0.370815 0.361902 9.9982E-05 0.0899563 9.9982E-05 0.177127
0.223553 9.99729E-05 0.0720481 0.704099 9.99729E-05 9.99729E-05
9.9964E-05 0.074144 9.9964E-05 0.925456 9.9964E-05 9.9964E-05
0.816627 0.130048 9.9973E-05 9.9973E-05 9.9973E-05 0.0530255
9.996E-05 9.996E-05 9.996E-05 0.9995 9.996E-05 9.996E-05
0.90713 0.00598292 9.9973E-05 9.9973E-05 9.9973E-05 0.0865874
0.122942 0.387189 0.0639332 0.425736 9.9982E-05 9.9982E-05
9.9964E-05 0.0754598 9.9964E-05 0.92414 9.9964E-05 9.9964E-05
9.996E-05 9.996E-05 0.00306152 9.996E-05 0.996539 9.996E-05
9.996E-05 9.996E-05 9.996E-05 9.996E-05 0.9995 9.996E-05
0.19661 0.0611346 9.99729E-05 9.99729E-05 9.99729E-05 0.741956
9.996E-05 9.996E-05 0.082262 9.996E-05 0.917338 9.996E-05
9.9973E-05 9.9973E-05 0.103065 9.9973E-05 0.87421 0.0224251
9.999E-05 0.0136573 0.289356 0.0178189 0.673715 0.00535298
9.9982E-05 0.0459542 0.308027 0.0120894 0.633729 9.9982E-05
0.312161 9.99731E-05 0.622573 9.99731E-05 0.0649659 9.99731E-05
9.99641E-05 0.00714913 9.99641E-05 9.99641E-05 0.992451 9.99641E-05
9.9973E-05 0.0114174 0.931735 9.9973E-05 0.0565481 9.9973E-05
0.165349 0.20735 9.99819E-05 9.99819E-05 0.0755826 0.551519
9.99639E-05 9.99639E-05 9.99639E-05 9.99639E-05 0.983563 0.0160375
0.941994 9.99642E-05 9.99642E-05 9.99642E-05 0.057606 9.99642E-05
0.777404 0.000177596 0.166851 0.0393772 0.01609 9.9991E-05
0.249231 0.370733 9.9991E-05 0.0681706 0.151665 0.1601
0.841432 0.0131232 9.9973E-05 9.9973E-05 0.145144 9.9973E-05
0.864326 0.0366921 9.99729E-05 9.99729E-05 0.0986819 9.99729E-05
0.875757 0.0685221 9.9982E-05 0.0299378 9.9982E-05 0.025583
0.630907 9.99729E-05 0.0777931 9.99729E-05 9.99729E-05 0.290999
0.777046 0.105472 0.0475671 0.000945498 9.9991E-05 0.0688699
0.491995 0.175015 0.0323365 0.121058 9.9991E-05 0.179496
0.746395 0.0821883 0.0799207 0.0238168 0.0445036 0.0231754
0.485316 0.120875 0.0780629 0.00145131 0.104438 0.209857
0.9995 9.996E-05 9.996E-05 9.996E-05 9.996E-05 9.996E-05
9.996E-05 9.996E-05 0.9995 9.996E-05 9.996E-05 9.996E-05
9.996E-05 9.996E-05 0.9995 9.996E-05 9.996E-05 9.996E-05
9.996E-05 9.996E-05 0.9995 9.996E-05 9.996E-05 9.996E-05
9.996E-05 9.996E-05 0.9995 9.996E-05 9.996E-05 9.996E-05
9.996E-05 9.996E-05 0.9995 9.996E-05 9.996E-05 9.996E-05
0.0339257 0.000569335 0.640496 0.0358927 0.226669 0.0624473
0.012875 9.9964E-05 0.986725 9.9964E-05 9.9964E-05 9.9964E-05
0.985227 9.9964E-05 9.9964E-05 9.9964E-05 9.9964E-05 0.0143732
0.320394 9.9973E-05 0.568523 9.9973E-05 0.110782 9.9973E-05
9.996E-05 9.996E-05 9.996E-05 9.996E-05 0.9995 9.996E-05
0.0908634 0.0522593 0.00454553 9.9982E-05 9.9982E-05 0.852132
0.602162 0.00107393 9.9982E-05 9.9982E-05 0.0841326 0.312431
9.996E-05 9.996E-05 9.996E-05 9.996E-05 9.996E-05 0.9995
0.095951 9.99729E-05 9.99729E-05 9.99729E-05 0.011022 0.892727
0.0674081 0.0772703 9.99819E-05 0.0123402 9.99819E-05 0.842781
0.110023 9.99641E-05 9.99641E-05 0.889577 9.99641E-05 9.99641E-05
9.996E-05 9.996E-05 9.996E-05 9.996E-05 0.9995 9.996E-05
0.331519 9.9991E-05 0.154329 0.141516 0.322812 0.0497233
9.99641E-05 9.99641E-05 9.99641E-05 9.99641E-05 0.971384 0.028216
0.0270352 9.9973E-05 0.0121583 9.9973E-05 0.960507 9.9973E-05
9.9973E-05 9.9973E-05 0.0889819 9.9973E-05 0.890766 0.0199517
9.9982E-05 9.9982E-05 0.0469004 0.0102479 0.932168 0.0104838
0.0582388 0.00630611 0.0177909 9.998E-05 0.917464 9.998E-05
9.99639E-05 0.0047304 9.99639E-05 9.99639E-05 0.99487 9.99639E-05
9.99642E-05 9.99642E-05 0.532525 9.99642E-05 0.467075 9.99642E-05
9.99732E-05 9.99732E-05 0.366455 9.99732E-05 0.45231 0.180935
0.020508 0.0104939 0.0124913 9.9982E-05 0.956307 9.9982E-05
0.631258 0.0659293 0.133734 9.9991E-05 0.0377097 0.131268
0.638388 0.0526207 0.138726 9.9991E-05 0.0180372 0.152128
9.996E-05 0.9995 9.996E-05 9.996E-05 9.996E-05 9.996E-05
9.996E-05 0.9995 9.996E-05 9.996E-05 9.996E-05 9.996E-05
0.811103 0.0451234 0.0766252 9.9982E-05 9.9982E-05 0.0669488
0.798385 0.0184471 0.0674397 0.0155814 9.9991E-05 0.100047
9.996E-05 0.989357 0.0102432 9.996E-05 9.996E-05 9.996E-05
9.996E-05 0.9995 9.996E-05 9.996E-05 9.996E-05 9.996E-05
0.9995 9.996E-05 9.996E-05 9.996E-05 9.996E-05 9.996E-05
0.599559 9.9991E-05 0.0229863 0.0603502 0.0177991 0.299206
0.293483 9.9982E-05 0.660572 9.9982E-05 0.0294644 0.016281
0.203677 0.266639 9.9991E-05 0.1223 0.0797304 0.327554
0.249324 0.305851 9.99821E-05 0.063207 9.99821E-05 0.381418
9.99821E-05 0.0485397 0.305282 0.0465359 0.599443 9.99821E-05
