9.99279E-05 9.99279E-05 9.99279E-05 9.99279E-05 9.99279E-05 9.99279E-05 0.0698451 0.929356 9.99279E-05 9.99279E-05
0.0128553 0.599145 0.192704 9.99549E-05 0.0372886 9.99549E-05 9.99549E-05 0.157507 9.99549E-05 9.99549E-05
9.99644E-05 0.0827443 0.76451 0.0256654 0.0380088 0.056269 9.99644E-05 9.99644E-05 9.99644E-05 0.032403
9.9928E-05 9.9928E-05 0.966785 9.9928E-05 0.0324152 9.9928E-05 9.9928E-05 9.9928E-05 9.9928E-05 9.9928E-05
9.99731E-05 0.281934 0.448095 0.0519627 0.00524694 9.99731E-05 0.184094 0.0200834 0.00828477 9.99731E-05
9.9937E-05 9.9937E-05 0.96539 9.9937E-05 9.9937E-05 9.9937E-05 9.9937E-05 0.00921838 0.0246925 9.9937E-05
9.9928E-05 0.766496 9.9928E-05 9.9928E-05 9.9928E-05 9.9928E-05 9.9928E-05 9.9928E-05 9.9928E-05 0.232704
9.9955E-05 0.320427 0.392542 0.187519 0.0233694 9.9955E-05 0.0756425 9.9955E-05 9.9955E-05 9.9955E-05
0.0564421 0.782707 9.99369E-05 9.99369E-05 9.99369E-05 9.99369E-05 9.99369E-05 9.99369E-05 9.99369E-05 0.160151
9.99281E-05 0.0524225 9.99281E-05 9.99281E-05 9.99281E-05 9.99281E-05 0.946778 9.99281E-05 9.99281E-05 9.99281E-05
9.99282E-05 0.018681 9.99282E-05 9.99282E-05 9.99282E-05 9.99282E-05 0.98052 9.99282E-05 9.99282E-05 9.99282E-05
9.9946E-05 9.9946E-05 0.0319239 9.9946E-05 0.126918 9.9946E-05 9.9946E-05 0.680261 9.9946E-05 0.160297
9.99371E-05 0.0104592 0.00596725 9.99371E-05 9.99371E-05 9.99371E-05 9.99371E-05 9.99371E-05 9.99371E-05 0.982874
9.9946E-05 9.9946E-05 0.919641 9.9946E-05 0.0033776 9.9946E-05 9.9946E-05 0.0484253 0.0279566 9.9946E-05
9.994E-05 9.994E-05 0.946632 9.994E-05 9.994E-05 0.0155414 0.00544195 0.0317846 9.994E-05 9.994E-05
0.776564 9.9937E-05 9.9937E-05 9.9937E-05 9.9937E-05 9.9937E-05 0.0513975 9.9937E-05 9.9937E-05 0.171339
0.0808787 9.9964E-05 9.9964E-05 9.9964E-05 0.292312 0.0907308 0.290293 0.0287538 9.9964E-05 0.216632
0.0197434 0.0567205 9.99639E-05 0.0484854 9.99639E-05 0.697593 0.13568 0.0413776 9.99639E-05 9.99639E-05
9.99371E-05 9.99371E-05 9.99371E-05 9.99371E-05 0.0292436 0.894218 9.99371E-05 9.99371E-05 0.0758388 9.99371E-05
0.312224 9.99549E-05 9.99549E-05 9.99549E-05 0.069817 9.99549E-05 0.474012 0.116823 9.99549E-05 0.0266237
9.9928E-05 9.9928E-05 9.9928E-05 9.9928E-05 9.9928E-05 0.975205 9.9928E-05 9.9928E-05 0.0239954 9.9928E-05
0.298597 9.9955E-05 9.9955E-05 9.9955E-05 0.00962235 9.9955E-05 0.103351 0.520798 9.9955E-05 0.0671308
9.9946E-05 9.9946E-05 0.0245689 9.9946E-05 0.277947 0.429281 0.267604 9.9946E-05 9.9946E-05 9.9946E-05
9.9937E-05 9.9937E-05 9.9937E-05 9.9937E-05 0.0238818 0.933714 0.0417049 9.9937E-05 9.9937E-05 9.9937E-05
9.99201E-05 9.99201E-05 0.999101 9.99201E-05 9.99201E-05 9.99201E-05 9.99201E-05 9.99201E-05 9.99201E-05 9.99201E-05
9.99201E-05 9.99201E-05 0.999101 9.99201E-05 9.99201E-05 9.99201E-05 9.99201E-05 9.99201E-05 9.99201E-05 9.99201E-05
9.99459E-05 9.99459E-05 9.99459E-05 9.99459E-05 0.0377391 9.99459E-05 0.0466149 0.116267 9.99459E-05 0.798779
0.00382692 0.0141513 0.935358 0.0430969 9.9955E-05 9.9955E-05 9.9955E-05 9.9955E-05 9.9955E-05 0.0030672
0.0124325 9.9937E-05 0.925667 0.0612009 9.9937E-05 9.9937E-05 9.9937E-05 9.9937E-05 9.9937E-05 9.9937E-05
9.99551E-05 0.0446125 0.681873 0.196038 0.0155484 9.99551E-05 9.99551E-05 9.99551E-05 0.0614282 9.99551E-05
9.9955E-05 0.0963785 0.662167 0.185619 0.0406214 9.9955E-05 0.0147136 9.9955E-05 9.9955E-05 9.9955E-05
9.9955E-05 0.830727 0.00292866 0.105363 0.00125321 9.9955E-05 9.9955E-05 0.0592282 9.9955E-05 9.9955E-05
0.0300931 9.99281E-05 0.969107 9.99281E-05 9.99281E-05 9.99281E-05 9.99281E-05 9.99281E-05 9.99281E-05 9.99281E-05
9.99461E-05 0.119235 0.0834637 0.793723 0.00297827 9.99461E-05 9.99461E-05 9.99461E-05 9.99461E-05 9.99461E-05
9.99548E-05 9.99548E-05 0.0618195 9.99548E-05 0.198734 9.99548E-05 0.0912709 0.0853125 9.99548E-05 0.562363
0.0281615 9.99279E-05 0.971039 9.99279E-05 9.99279E-05 9.99279E-05 9.99279E-05 9.99279E-05 9.99279E-05 9.99279E-05
9.9928E-05 9.9928E-05 0.0209779 9.9928E-05 9.9928E-05 9.9928E-05 9.9928E-05 0.978223 9.9928E-05 9.9928E-05
9.99549E-05 0.184027 0.0125525 9.99549E-05 9.99549E-05 9.99549E-05 0.655457 0.126788 0.0206767 9.99549E-05
0.0404604 9.9964E-05 0.142414 9.9964E-05 0.359888 0.0542144 0.178528 9.9964E-05 9.9964E-05 0.224096
0.273354 9.99549E-05 0.115068 9.99549E-05 9.99549E-05 9.99549E-05 0.324621 0.253564 0.0328929 9.99549E-05
0.246248 9.99639E-05 0.0446239 9.99639E-05 0.0237092 9.99639E-05 0.363952 0.2862 0.0348679 9.99639E-05
9.99369E-05 9.99369E-05 9.99369E-05 9.99369E-05 9.99369E-05 9.99369E-05 0.956317 0.0421557 9.99369E-05 0.000827624
0.895075 0.0133543 9.9946E-05 9.9946E-05 9.9946E-05 9.9946E-05 9.9946E-05 0.00755892 9.9946E-05 0.0834117
9.99459E-05 9.99459E-05 9.99459E-05 0.0081134 9.99459E-05 9.99459E-05 0.940463 0.0269034 9.99459E-05 0.0239207
0.0688821 0.01136 9.9973E-05 9.9973E-05 0.120308 0.0962509 0.432678 0.111069 9.9973E-05 0.159152
0.157839 0.046833 0.0707684 9.9982E-05 0.017123 9.9982E-05 0.526295 0.0884406 0.0895496 0.00295159
9.9973E-05 9.9973E-05 0.114188 0.0452656 0.0723119 9.9973E-05 0.371499 0.188342 0.00986749 0.198226
9.99284E-05 9.99284E-05 9.99284E-05 9.99284E-05 9.99284E-05 0.0076081 9.99284E-05 0.991592 9.99284E-05 9.99284E-05
9.99201E-05 9.99201E-05 9.99201E-05 0.999101 9.99201E-05 9.99201E-05 9.99201E-05 9.99201E-05 9.99201E-05 9.99201E-05
9.99201E-05 9.99201E-05 9.99201E-05 0.999101 9.99201E-05 9.99201E-05 9.99201E-05 9.99201E-05 9.99201E-05 9.99201E-05
0.00191605 9.9928E-05 9.9928E-05 0.997285 9.9928E-05 9.9928E-05 9.9928E-05 9.9928E-05 9.9928E-05 9.9928E-05
9.99201E-05 9.99201E-05 9.99201E-05 0.999101 9.99201E-05 9.99201E-05 9.99201E-05 9.99201E-05 9.99201E-05 9.99201E-05
9.99201E-05 9.99201E-05 9.99201E-05 0.999101 9.99201E-05 9.99201E-05 9.99201E-05 9.99201E-05 9.99201E-05 9.99201E-05
9.99731E-05 0.255575 0.183519 0.46819 9.99731E-05 0.0374191 0.0392964 0.00335751 9.99731E-05 0.0123432
0.025357 0.0339362 9.99459E-05 0.921942 9.99459E-05 9.99459E-05 9.99459E-05 0.0181646 9.99459E-05 9.99459E-05
0.155121 9.99369E-05 9.99369E-05 9.99369E-05 9.99369E-05 9.99369E-05 9.99369E-05 0.80402 9.99369E-05 0.0401599
9.99548E-05 0.696968 0.0257468 0.145413 0.048509 9.99548E-05 9.99548E-05 0.0828634 9.99548E-05 9.99548E-05
9.99369E-05 0.00623788 0.964792 9.99369E-05 9.99369E-05 9.99369E-05 0.0282707 9.99369E-05 9.99369E-05 9.99369E-05
0.0838911 9.9946E-05 9.9946E-05 9.9946E-05 0.0366511 9.9946E-05 9.9946E-05 0.0883024 9.9946E-05 0.790556
0.942272 9.99282E-05 9.99282E-05 9.99282E-05 9.99282E-05 9.99282E-05 9.99282E-05 9.99282E-05 9.99282E-05 0.0569287
9.99201E-05 9.99201E-05 9.99201E-05 9.99201E-05 9.99201E-05 9.99201E-05 9.99201E-05 9.99201E-05 9.99201E-05 0.999101
9.99369E-05 9.99369E-05 9.99369E-05 9.99369E-05 9.99369E-05 9.99369E-05 0.105751 0.00416581 9.99369E-05 0.889384
9.99369E-05 9.99369E-05 9.99369E-05 9.99369E-05 0.0626443 9.99369E-05 0.0888802 9.99369E-05 9.99369E-05 0.847776
9.99201E-05 9.99201E-05 9.99201E-05 9.99201E-05 9.99201E-05 9.99201E-05 9.99201E-05 9.99201E-05 0.999101 9.99201E-05
9.99201E-05 9.99201E-05 0.999101 9.99201E-05 9.99201E-05 9.99201E-05 9.99201E-05 9.99201E-05 9.99201E-05 9.99201E-05
0.074115 0.0118643 0.278131 0.113363 0.0385233 0.0427894 0.0905363 0.227106 0.0267152 0.0968557
0.0557904 9.99283E-05 0.94341 9.99283E-05 9.99283E-05 9.99283E-05 9.99283E-05 9.99283E-05 9.99283E-05 9.99283E-05
9.9937E-05 9.9937E-05 0.932147 0.0163442 9.9937E-05 9.9937E-05 9.9937E-05 0.0508092 9.9937E-05 9.9937E-05
0.0327575 9.9937E-05 0.919544 0.0469988 9.9937E-05 9.9937E-05 9.9937E-05 9.9937E-05 9.9937E-05 9.9937E-05
0.0238167 0.0269333 0.910117 0.030048 9.9955E-05 0.00858566 9.9955E-05 9.9955E-05 9.9955E-05 9.9955E-05
9.99461E-05 0.0139995 0.90635 9.99461E-05 9.99461E-05 9.99461E-05 0.0523321 0.0267192 9.99461E-05 9.99461E-05
9.99201E-05 9.99201E-05 0.999101 9.99201E-05 9.99201E-05 9.99201E-05 9.99201E-05 9.99201E-05 9.99201E-05 9.99201E-05
9.99373E-05 0.294376 0.441053 0.263872 9.99373E-05 9.99373E-05 9.99373E-05 9.99373E-05 9.99373E-05 9.99373E-05
9.99463E-05 0.388588 0.414172 0.128992 9.99463E-05 9.99463E-05 9.99463E-05 9.99463E-05 9.99463E-05 0.0676474
0.0212237 9.99461E-05 0.965687 9.99461E-05 9.99461E-05 0.00507099 0.00741865 9.99461E-05 9.99461E-05 9.99461E-05
0.986318 9.9937E-05 0.0123586 0.000624089 9.9937E-05 9.9937E-05 9.9937E-05 9.9937E-05 9.9937E-05 9.9937E-05
0.996538 9.9928E-05 9.9928E-05 0.00266253 9.9928E-05 9.9928E-05 9.9928E-05 9.9928E-05 9.9928E-05 9.9928E-05
9.99201E-05 9.99201E-05 9.99201E-05 9.99201E-05 0.999101 9.99201E-05 9.99201E-05 9.99201E-05 9.99201E-05 9.99201E-05
9.99201E-05 9.99201E-05 9.99201E-05 9.99201E-05 0.999101 9.99201E-05 9.99201E-05 9.99201E-05 9.99201E-05 9.99201E-05
0.0547704 0.0111941 0.00466084 0.0186302 9.9964E-05 9.9964E-05 0.864902 0.0454422 9.9964E-05 9.9964E-05
0.102946 0.0523054 9.99549E-05 9.99549E-05 9.99549E-05 9.99549E-05 0.750859 0.070248 9.99549E-05 0.0231424
9.99201E-05 9.99201E-05 9.99201E-05 9.99201E-05 0.999101 9.99201E-05 9.99201E-05 9.99201E-05 9.99201E-05 9.99201E-05
9.99201E-05 9.99201E-05 9.99201E-05 9.99201E-05 0.999101 9.99201E-05 9.99201E-05 9.99201E-05 9.99201E-05 9.99201E-05
0.0218847 9.99459E-05 9.99459E-05 0.0193323 9.99459E-05 9.99459E-05 9.99459E-05 0.908328 9.99459E-05 0.0498549
0.528193 0.0900458 9.9973E-05 9.9973E-05 9.9973E-05 0.0400088 0.182017 0.00379992 0.0435471 0.112089
9.99368E-05 0.810935 9.99368E-05 0.143307 9.99368E-05 9.99368E-05 9.99368E-05 0.0450581 9.99368E-05 9.99368E-05
9.995E-05 9.995E-05 0.0536146 9.995E-05 0.203745 0.107494 0.317514 9.995E-05 9.995E-05 0.317133
9.99462E-05 9.99462E-05 9.99462E-05 9.99462E-05 0.305784 0.073492 9.99462E-05 0.17604 9.99462E-05 0.444085
9.99552E-05 0.16156 0.586868 0.21725 9.99552E-05 0.0276944 9.99552E-05 9.99552E-05 0.00612784 9.99552E-05
