9.99279E-05 9.99279E-05 9.99279E-05 9.99279E-05 9.99279E-05 0.00100163 9.99279E-05 9.99279E-05 0.95815 0.0400488 9.99279E-05
9.99459E-05 9.99459E-05 9.99459E-05 0.718195 9.99459E-05 0.037144 0.142441 9.99459E-05 0.0703572 0.0312627 9.99459E-05
0.245155 0.282256 9.99553E-05 0.00232974 9.99553E-05 0.0639364 0.379838 9.99553E-05 9.99553E-05 9.99553E-05 0.025985
9.9937E-05 0.0174669 9.9937E-05 9.9937E-05 9.9937E-05 0.0241887 0.953474 0.00417042 9.9937E-05 9.9937E-05 9.9937E-05
0.311844 9.9955E-05 9.9955E-05 0.112863 9.9955E-05 9.9955E-05 0.319429 0.0161904 0.0841227 0.155051 9.9955E-05
9.99101E-05 9.99101E-05 9.99101E-05 9.99101E-05 9.99101E-05 9.99101E-05 0.999001 9.99101E-05 9.99101E-05 9.99101E-05 9.99101E-05
0.448835 9.9937E-05 0.405405 0.0299423 0.115119 9.9937E-05 9.9937E-05 9.9937E-05 9.9937E-05 9.9937E-05 9.9937E-05
0.543909 0.0538119 9.99639E-05 0.0914083 9.99639E-05 0.0220183 0.0957373 0.106079 9.99639E-05 0.086637 9.99639E-05
0.388695 9.9937E-05 0.410966 0.154135 0.0455041 9.9937E-05 9.9937E-05 9.9937E-05 9.9937E-05 9.9937E-05 9.9937E-05
0.0596752 9.99191E-05 9.99191E-05 9.99191E-05 9.99191E-05 9.99191E-05 9.99191E-05 9.99191E-05 9.99191E-05 0.939426 9.99191E-05
0.0474129 9.99191E-05 9.99191E-05 9.99191E-05 9.99191E-05 9.99191E-05 9.99191E-05 9.99191E-05 9.99191E-05 0.951688 9.99191E-05
9.9937E-05 0.0262702 9.9937E-05 9.9937E-05 0.173521 0.1429 9.9937E-05 9.9937E-05 0.65661 9.9937E-05 9.9937E-05
0.0316567 9.99191E-05 9.99191E-05 9.99191E-05 0.967444 9.99191E-05 9.99191E-05 9.99191E-05 9.99191E-05 9.99191E-05 9.99191E-05
9.99371E-05 9.99371E-05 9.99371E-05 0.0245256 0.00286676 9.99371E-05 0.966898 9.99371E-05 9.99371E-05 9.99371E-05 0.00501001
9.9928E-05 9.9928E-05 9.9928E-05 9.9928E-05 9.9928E-05 9.9928E-05 0.977404 9.9928E-05 0.0133463 9.9928E-05 0.00845063
9.9928E-05 9.9928E-05 0.797497 9.9928E-05 0.165978 9.9928E-05 9.9928E-05 9.9928E-05 9.9928E-05 0.0357254 9.9928E-05
9.99551E-05 9.99551E-05 0.0462188 9.99551E-05 0.210492 0.306058 0.00919489 9.99551E-05 9.99551E-05 0.364444 0.0630925
9.99549E-05 9.99549E-05 0.0281398 0.0826221 9.99549E-05 9.99549E-05 9.99549E-05 0.0250401 0.0387287 0.134965 0.690004
9.9928E-05 9.9928E-05 9.9928E-05 9.9928E-05 0.00175662 0.093982 9.9928E-05 9.9928E-05 9.9928E-05 9.9928E-05 0.903462
9.99459E-05 9.99459E-05 0.359593 9.99459E-05 0.0108595 0.0566304 9.99459E-05 9.99459E-05 0.107073 0.465244 9.99459E-05
9.99101E-05 9.99101E-05 9.99101E-05 9.99101E-05 9.99101E-05 9.99101E-05 9.99101E-05 9.99101E-05 9.99101E-05 9.99101E-05 0.999001
9.99549E-05 9.99549E-05 0.275584 0.00867092 0.0637049 0.0331711 9.99549E-05 9.99549E-05 0.492668 0.125701 9.99549E-05
9.99461E-05 9.99461E-05 9.99461E-05 9.99461E-05 9.99461E-05 0.272778 0.0349152 0.00496268 9.99461E-05 0.293502 0.393243
9.99279E-05 9.99279E-05 9.99279E-05 9.99279E-05 9.99279E-05 0.0315823 9.99279E-05 9.99279E-05 9.99279E-05 0.073609 0.894009
9.99191E-05 0.610352 9.99191E-05 9.99191E-05 9.99191E-05 9.99191E-05 0.388749 9.99191E-05 9.99191E-05 9.99191E-05 9.99191E-05
9.99191E-05 0.150611 9.99191E-05 9.99191E-05 9.99191E-05 9.99191E-05 0.848489 9.99191E-05 9.99191E-05 9.99191E-05 9.99191E-05
9.99459E-05 9.99459E-05 0.0297752 9.99459E-05 0.840236 0.0325026 9.99459E-05 9.99459E-05 0.0514052 0.0454812 9.99459E-05
9.9919E-05 0.996626 9.9919E-05 9.9919E-05 9.9919E-05 9.9919E-05 9.9919E-05 9.9919E-05 9.9919E-05 0.0024743 9.9919E-05
9.99101E-05 0.999001 9.99101E-05 9.99101E-05 9.99101E-05 9.99101E-05 9.99101E-05 9.99101E-05 9.99101E-05 9.99101E-05 9.99101E-05
0.200299 0.217916 9.9973E-05 0.0153488 9.9973E-05 0.0201039 0.38902 0.135374 0.00755968 9.9973E-05 0.0140785
0.438356 0.0184769 9.99459E-05 9.99459E-05 9.99459E-05 0.0553097 0.40423 0.0830275 9.99459E-05 9.99459E-05 9.99459E-05
9.99102E-05 9.99102E-05 9.99102E-05 0.999001 9.99102E-05 9.99102E-05 9.99102E-05 9.99102E-05 9.99102E-05 9.99102E-05 9.99102E-05
0.100703 0.269258 9.99281E-05 9.99281E-05 9.99281E-05 9.99281E-05 0.62924 9.99281E-05 9.99281E-05 9.99281E-05 9.99281E-05
0.257888 0.0182503 9.99371E-05 9.99371E-05 9.99371E-05 9.99371E-05 9.99371E-05 0.701776 0.0213861 9.99371E-05 9.99371E-05
9.99549E-05 9.99549E-05 9.99549E-05 9.99549E-05 0.617349 0.154781 0.055221 0.00836326 0.0548327 0.108953 9.99549E-05
9.99369E-05 0.603216 0.0035005 9.99369E-05 9.99369E-05 9.99369E-05 0.382183 9.99369E-05 0.0104003 9.99369E-05 9.99369E-05
0.0252603 9.99191E-05 9.99191E-05 9.99191E-05 9.99191E-05 9.99191E-05 9.99191E-05 9.99191E-05 0.97384 9.99191E-05 9.99191E-05
9.9937E-05 0.0101009 9.9937E-05 0.228177 9.9937E-05 9.9937E-05 9.9937E-05 9.9937E-05 0.109188 0.651835 9.9937E-05
9.99551E-05 9.99551E-05 9.99551E-05 9.99551E-05 0.2501 0.331837 0.158656 9.99551E-05 0.028758 0.180287 0.0498617
9.99549E-05 9.99549E-05 0.214425 9.99549E-05 9.99549E-05 0.00319183 0.164282 9.99549E-05 0.262591 0.349665 0.0053455
9.99639E-05 9.99639E-05 0.199577 0.011386 9.99639E-05 0.00489056 0.0746593 9.99639E-05 0.323536 0.376652 0.0088985
9.99279E-05 9.99279E-05 0.053363 9.99279E-05 9.99279E-05 9.99279E-05 9.99279E-05 9.99279E-05 0.044869 0.900969 9.99279E-05
9.9928E-05 9.9928E-05 0.938129 9.9928E-05 9.9928E-05 9.9928E-05 9.9928E-05 9.9928E-05 0.0527238 9.9928E-05 0.00834812
9.99459E-05 9.99459E-05 9.99459E-05 9.99459E-05 0.047774 0.0212671 9.99459E-05 0.0165144 0.0546497 0.859195 9.99459E-05
9.99639E-05 9.99639E-05 0.0549086 0.0889591 0.196581 0.127539 9.99639E-05 9.99639E-05 0.0267091 0.413251 0.091652
9.9964E-05 9.9964E-05 0.146051 0.00713137 0.0232194 9.9964E-05 0.087921 9.9964E-05 0.161402 0.553746 0.0201293
9.9955E-05 9.9955E-05 9.9955E-05 9.9955E-05 0.288587 0.0964267 0.114731 0.00965021 0.202181 0.287924 9.9955E-05
9.99195E-05 9.99195E-05 9.99195E-05 9.99195E-05 9.99195E-05 9.99195E-05 9.99195E-05 9.99195E-05 0.9824 9.99195E-05 0.0167006
9.99101E-05 9.99101E-05 9.99101E-05 9.99101E-05 9.99101E-05 9.99101E-05 9.99101E-05 0.999001 9.99101E-05 9.99101E-05 9.99101E-05
9.99191E-05 9.99191E-05 0.000433049 9.99191E-05 9.99191E-05 9.99191E-05 9.99191E-05 0.998668 9.99191E-05 9.99191E-05 9.99191E-05
9.99191E-05 9.99191E-05 9.99191E-05 9.99191E-05 9.99191E-05 0.0110765 9.99191E-05 0.988024 9.99191E-05 9.99191E-05 9.99191E-05
9.99101E-05 9.99101E-05 9.99101E-05 9.99101E-05 9.99101E-05 9.99101E-05 9.99101E-05 0.999001 9.99101E-05 9.99101E-05 9.99101E-05
9.99101E-05 9.99101E-05 9.99101E-05 9.99101E-05 9.99101E-05 9.99101E-05 9.99101E-05 0.999001 9.99101E-05 9.99101E-05 9.99101E-05
0.349595 0.0778156 0.0308127 9.9955E-05 9.9955E-05 9.9955E-05 9.9955E-05 0.398748 9.9955E-05 0.11613 0.0263998
9.9919E-05 9.9919E-05 9.9919E-05 0.0712246 9.9919E-05 9.9919E-05 9.9919E-05 0.927876 9.9919E-05 9.9919E-05 9.9919E-05
9.99279E-05 9.99279E-05 0.16755 9.99279E-05 0.00913992 9.99279E-05 9.99279E-05 9.99279E-05 0.82251 9.99279E-05 9.99279E-05
0.0127313 0.0182836 0.0265535 0.93173 9.99459E-05 0.010102 9.99459E-05 9.99459E-05 9.99459E-05 9.99459E-05 9.99459E-05
9.99189E-05 0.352292 9.99189E-05 9.99189E-05 9.99189E-05 9.99189E-05 0.646809 9.99189E-05 9.99189E-05 9.99189E-05 9.99189E-05
9.99373E-05 9.99373E-05 0.108989 9.99373E-05 0.797715 0.0148238 9.99373E-05 9.99373E-05 0.077772 9.99373E-05 9.99373E-05
9.99281E-05 9.99281E-05 0.926965 9.99281E-05 0.0276862 9.99281E-05 9.99281E-05 9.99281E-05 0.044549 9.99281E-05 9.99281E-05
0.0580653 9.99192E-05 9.99192E-05 9.99192E-05 0.941035 9.99192E-05 9.99192E-05 9.99192E-05 9.99192E-05 9.99192E-05 9.99192E-05
9.99459E-05 9.99459E-05 0.00584655 0.0119735 0.909475 9.99459E-05 9.99459E-05 9.99459E-05 0.0127754 0.0593298 9.99459E-05
9.99278E-05 9.99278E-05 9.99278E-05 9.99278E-05 0.865631 0.0175084 9.99278E-05 9.99278E-05 9.99278E-05 0.116061 9.99278E-05
9.99192E-05 9.99192E-05 9.99192E-05 9.99192E-05 9.99192E-05 9.99192E-05 9.99192E-05 9.99192E-05 0.131671 9.99192E-05 0.86743
9.99193E-05 0.720345 9.99193E-05 9.99193E-05 9.99193E-05 9.99193E-05 0.278756 9.99193E-05 9.99193E-05 9.99193E-05 9.99193E-05
9.9982E-05 0.184514 0.211792 9.9982E-05 0.179833 0.0586404 0.0871954 0.146748 0.00088778 0.0742506 0.0559386
0.044313 0.127061 0.0197389 9.99462E-05 0.00114506 9.99462E-05 0.807142 9.99462E-05 9.99462E-05 9.99462E-05 9.99462E-05
0.0290182 0.15566 9.9955E-05 0.0096492 9.9955E-05 9.9955E-05 0.77632 0.00463333 0.0242195 9.9955E-05 9.9955E-05
9.9919E-05 0.99816 0.000941164 9.9919E-05 9.9919E-05 9.9919E-05 9.9919E-05 9.9919E-05 9.9919E-05 9.9919E-05 9.9919E-05
9.99101E-05 0.999001 9.99101E-05 9.99101E-05 9.99101E-05 9.99101E-05 9.99101E-05 9.99101E-05 9.99101E-05 9.99101E-05 9.99101E-05
0.0713315 0.130312 9.9964E-05 0.0222661 9.9964E-05 0.00457966 0.695238 9.9964E-05 0.0200145 0.0558586 9.9964E-05
9.99189E-05 0.457888 9.99189E-05 9.99189E-05 9.99189E-05 9.99189E-05 0.541213 9.99189E-05 9.99189E-05 9.99189E-05 9.99189E-05
0.893788 9.99278E-05 9.99278E-05 9.99278E-05 9.99278E-05 9.99278E-05 0.0606636 0.0447489 9.99278E-05 9.99278E-05 9.99278E-05
0.910224 0.0772005 9.99279E-05 9.99279E-05 0.0117759 9.99279E-05 9.99279E-05 9.99279E-05 9.99279E-05 9.99279E-05 9.99279E-05
9.99281E-05 0.169536 9.99281E-05 9.99281E-05 9.99281E-05 9.99281E-05 0.812433 0.0172312 9.99281E-05 9.99281E-05 9.99281E-05
0.00322116 9.99369E-05 0.93728 9.99369E-05 9.99369E-05 0.0170275 0.0417718 9.99369E-05 9.99369E-05 9.99369E-05 9.99369E-05
9.99369E-05 0.00702919 0.959394 9.99369E-05 9.99369E-05 0.0123342 9.99369E-05 0.0205429 9.99369E-05 9.99369E-05 9.99369E-05
9.99101E-05 9.99101E-05 9.99101E-05 9.99101E-05 9.99101E-05 0.999001 9.99101E-05 9.99101E-05 9.99101E-05 9.99101E-05 9.99101E-05
9.99101E-05 9.99101E-05 9.99101E-05 9.99101E-05 9.99101E-05 0.999001 9.99101E-05 9.99101E-05 9.99101E-05 9.99101E-05 9.99101E-05
9.99459E-05 0.00286815 0.0962898 0.0888282 9.99459E-05 9.99459E-05 9.99459E-05 9.99459E-05 0.0500737 0.761341 9.99459E-05
9.995E-05 0.00490911 0.148606 0.0580583 0.0136408 9.995E-05 9.995E-05 9.995E-05 0.0269207 0.747365 9.995E-05
9.9919E-05 9.9919E-05 9.9919E-05 0.0198005 9.9919E-05 0.9793 9.9919E-05 9.9919E-05 9.9919E-05 9.9919E-05 9.9919E-05
9.99101E-05 9.99101E-05 9.99101E-05 9.99101E-05 9.99101E-05 0.999001 9.99101E-05 9.99101E-05 9.99101E-05 9.99101E-05 9.99101E-05
9.99369E-05 9.99369E-05 0.00702399 9.99369E-05 0.0517877 9.99369E-05 9.99369E-05 0.00696274 0.933526 9.99369E-05 9.99369E-05
9.99549E-05 9.99549E-05 0.509945 0.0585065 0.134842 9.99549E-05 9.99549E-05 9.99549E-05 0.0217349 0.204718 0.0697539
9.99191E-05 9.99191E-05 9.99191E-05 0.979004 9.99191E-05 9.99191E-05 9.99191E-05 0.0200965 9.99191E-05 9.99191E-05 9.99191E-05
9.99462E-05 9.99462E-05 9.99462E-05 9.99462E-05 0.349047 0.15224 0.0776497 9.99462E-05 9.99462E-05 0.314454 0.106009
9.99551E-05 9.99551E-05 0.0436019 9.99551E-05 0.452883 0.257091 0.0185742 9.99551E-05 0.135374 9.99551E-05 0.091976
0.403249 0.345411 9.99461E-05 9.99461E-05 9.99461E-05 0.0593754 0.0914246 0.0999401 9.99461E-05 9.99461E-05 9.99461E-05
