0.0425361 9.99369E-05 9.99369E-05 9.99369E-05 0.0208434 9.99369E-05 0.93496 9.99369E-05 0.000960621 9.99369E-05 9.99369E-05
9.99458E-05 0.157383 9.99458E-05 9.99458E-05 0.0251546 0.00615367 0.133098 9.99458E-05 0.677611 9.99458E-05 9.99458E-05
9.99554E-05 0.653786 0.0745144 9.99554E-05 0.0927472 9.99554E-05 9.99554E-05 9.99554E-05 0.102445 0.0379556 0.038052
9.99371E-05 0.95485 9.99371E-05 0.00260044 0.036562 0.00528796 9.99371E-05 9.99371E-05 9.99371E-05 9.99371E-05 9.99371E-05
0.0962564 0.367699 0.0566093 9.99641E-05 9.99641E-05 0.0676367 0.0162353 0.0574484 0.337715 9.99641E-05 9.99641E-05
0.00302653 0.947807 0.0337492 9.99371E-05 9.99371E-05 9.99371E-05 0.0147175 9.99371E-05 9.99371E-05 9.99371E-05 9.99371E-05
9.99282E-05 9.99282E-05 9.99282E-05 0.0277509 9.99282E-05 9.99282E-05 9.99282E-05 9.99282E-05 0.697672 0.273777 9.99282E-05
0.0887192 0.0653853 0.646673 9.99459E-05 9.99459E-05 9.99459E-05 9.99459E-05 0.0646656 0.133957 9.99459E-05 9.99459E-05
9.99281E-05 9.99281E-05 9.99281E-05 0.0808176 9.99281E-05 9.99281E-05 9.99281E-05 9.99281E-05 0.744252 0.174131 9.99281E-05
0.999001 9.99102E-05 9.99102E-05 9.99102E-05 9.99102E-05 9.99102E-05 9.99102E-05 9.99102E-05 9.99102E-05 9.99102E-05 9.99102E-05
0.999001 9.99102E-05 9.99102E-05 9.99102E-05 9.99102E-05 9.99102E-05 9.99102E-05 9.99102E-05 9.99102E-05 9.99102E-05 9.99102E-05
9.9937E-05 0.0282955 9.9937E-05 9.9937E-05 0.123295 9.9937E-05 0.724768 9.9937E-05 9.9937E-05 0.122942 9.9937E-05
9.99191E-05 9.99191E-05 0.0322602 9.99191E-05 9.99191E-05 9.99191E-05 9.99191E-05 9.99191E-05 9.99191E-05 0.96684 9.99191E-05
9.9937E-05 0.927031 9.9937E-05 9.9937E-05 9.9937E-05 0.0446485 0.00932683 9.9937E-05 9.9937E-05 9.9937E-05 0.0182942
0.035672 0.943588 9.99281E-05 9.99281E-05 9.99281E-05 9.99281E-05 9.99281E-05 9.99281E-05 9.99281E-05 9.99281E-05 0.0199404
0.0447681 9.9937E-05 9.9937E-05 0.792435 9.9937E-05 0.0121491 9.9937E-05 9.9937E-05 9.9937E-05 0.149948 9.9937E-05
0.0888588 9.99278E-05 9.99278E-05 0.0189315 9.99278E-05 0.89141 9.99278E-05 9.99278E-05 9.99278E-05 9.99278E-05 9.99278E-05
0.052633 9.99549E-05 9.99549E-05 0.0951283 9.99549E-05 9.99549E-05 0.100867 0.02332 0.0104556 9.99549E-05 0.717096
9.9928E-05 9.9928E-05 9.9928E-05 9.9928E-05 0.0732245 9.9928E-05 9.9928E-05 9.9928E-05 9.9928E-05 0.0200965 0.90588
0.446107 9.99459E-05 9.99459E-05 0.309801 0.0226769 0.121041 0.0997738 9.99459E-05 9.99459E-05 9.99459E-05 9.99459E-05
9.99101E-05 9.99101E-05 9.99101E-05 9.99101E-05 9.99101E-05 9.99101E-05 9.99101E-05 9.99101E-05 9.99101E-05 9.99101E-05 0.999001
0.114834 9.99459E-05 9.99459E-05 0.267641 9.99459E-05 0.0641463 0.515816 9.99459E-05 9.99459E-05 0.0369629 9.99459E-05
0.140233 9.9955E-05 0.010494 9.9955E-05 0.122641 0.38866 9.9955E-05 0.0104557 9.9955E-05 9.9955E-05 0.327016
9.99279E-05 9.99279E-05 9.99279E-05 9.99279E-05 0.0258844 0.0950494 9.99279E-05 9.99279E-05 9.99279E-05 9.99279E-05 0.878267
9.99102E-05 0.999001 9.99102E-05 9.99102E-05 9.99102E-05 9.99102E-05 9.99102E-05 9.99102E-05 9.99102E-05 9.99102E-05 9.99102E-05
9.99191E-05 0.965916 9.99191E-05 9.99191E-05 9.99191E-05 9.99191E-05 9.99191E-05 0.0331844 9.99191E-05 9.99191E-05 9.99191E-05
0.106767 9.99459E-05 9.99459E-05 0.0229619 0.0418405 9.99459E-05 0.088337 9.99459E-05 9.99459E-05 0.739494 9.99459E-05
9.9928E-05 0.95354 9.9928E-05 9.9928E-05 9.9928E-05 9.9928E-05 9.9928E-05 0.0446424 0.00101832 9.9928E-05 9.9928E-05
9.9937E-05 0.892867 9.9937E-05 9.9937E-05 9.9937E-05 9.9937E-05 9.9937E-05 0.0503499 0.0457359 0.0103472 9.9937E-05
9.99551E-05 0.448781 0.351925 9.99551E-05 0.0151078 0.0281114 9.99551E-05 0.134883 9.99551E-05 9.99551E-05 0.0206914
9.99369E-05 0.268805 0.657972 9.99369E-05 9.99369E-05 0.0207507 9.99369E-05 0.0517729 9.99369E-05 9.99369E-05 9.99369E-05
9.99192E-05 9.99192E-05 9.99192E-05 9.99192E-05 9.99192E-05 9.99192E-05 9.99192E-05 0.0177034 0.981397 9.99192E-05 9.99192E-05
9.99192E-05 0.871357 0.127744 9.99192E-05 9.99192E-05 9.99192E-05 9.99192E-05 9.99192E-05 9.99192E-05 9.99192E-05 9.99192E-05
9.99372E-05 9.99372E-05 0.280249 9.99372E-05 0.0115005 9.99372E-05 0.00748786 0.700063 9.99372E-05 9.99372E-05 9.99372E-05
9.99457E-05 9.99457E-05 0.0735406 9.99457E-05 0.0686171 0.325556 0.0825286 9.99457E-05 9.99457E-05 0.449158 9.99457E-05
9.99459E-05 0.931001 0.0451806 0.0055391 9.99459E-05 0.00828705 9.99459E-05 9.99459E-05 9.99459E-05 0.00939239 9.99459E-05
9.99191E-05 9.99191E-05 0.0383424 9.99191E-05 9.99191E-05 9.99191E-05 0.960758 9.99191E-05 9.99191E-05 9.99191E-05 9.99191E-05
0.66308 0.0370926 0.00270434 9.9964E-05 9.9964E-05 0.00459095 0.0954305 9.9964E-05 0.190763 9.9964E-05 0.00593916
9.99278E-05 9.99278E-05 0.0425613 9.99278E-05 9.99278E-05 0.9548 9.99278E-05 9.99278E-05 0.00183915 9.99278E-05 9.99278E-05
0.261329 0.0764602 9.99458E-05 0.292026 9.99458E-05 0.152548 0.217037 9.99458E-05 9.99458E-05 9.99458E-05 9.99458E-05
0.279611 0.0472602 9.99549E-05 0.30429 0.00758991 0.0767693 0.28398 9.99549E-05 9.99549E-05 9.99549E-05 9.99549E-05
0.933755 9.9928E-05 9.9928E-05 9.9928E-05 9.9928E-05 0.0180469 0.0473991 9.9928E-05 9.9928E-05 9.9928E-05 9.9928E-05
9.9928E-05 9.9928E-05 9.9928E-05 0.933945 9.9928E-05 9.9928E-05 9.9928E-05 9.9928E-05 9.9928E-05 0.0494257 0.0158303
0.901989 9.9946E-05 9.9946E-05 9.9946E-05 0.00192745 0.0545207 0.0364636 9.9946E-05 9.9946E-05 0.00449974 9.9946E-05
0.4164 9.9973E-05 9.9973E-05 0.1018 0.105812 0.0698179 0.0522975 9.9973E-05 0.00729555 0.140827 0.10545
0.472734 0.065024 0.0181783 0.190012 9.9973E-05 0.0630892 0.15173 9.9973E-05 9.9973E-05 0.0188518 0.0200801
0.251687 0.089519 9.9964E-05 9.9964E-05 9.9964E-05 0.307189 0.194204 0.0208022 0.00840887 0.12779 9.9964E-05
9.99195E-05 9.99195E-05 9.99195E-05 9.99195E-05 9.99195E-05 9.99195E-05 0.997946 9.99195E-05 9.99195E-05 9.99195E-05 0.00115458
9.99191E-05 9.99191E-05 9.99191E-05 0.00524054 9.99191E-05 9.99191E-05 9.99191E-05 0.99386 9.99191E-05 9.99191E-05 9.99191E-05
9.99101E-05 9.99101E-05 9.99101E-05 9.99101E-05 9.99101E-05 9.99101E-05 9.99101E-05 0.999001 9.99101E-05 9.99101E-05 9.99101E-05
9.99102E-05 9.99102E-05 9.99102E-05 9.99102E-05 9.99102E-05 9.99102E-05 9.99102E-05 0.999001 9.99102E-05 9.99102E-05 9.99102E-05
9.99191E-05 0.0302045 9.99191E-05 9.99191E-05 9.99191E-05 9.99191E-05 9.99191E-05 0.968896 9.99191E-05 9.99191E-05 9.99191E-05
9.99101E-05 9.99101E-05 9.99101E-05 9.99101E-05 9.99101E-05 9.99101E-05 9.99101E-05 0.999001 9.99101E-05 9.99101E-05 9.99101E-05
9.99641E-05 9.99641E-05 0.445067 0.0672079 9.99641E-05 0.0209864 9.99641E-05 0.340177 0.0998522 0.00365938 0.0226509
9.9937E-05 9.9937E-05 9.9937E-05 0.009408 9.9937E-05 9.9937E-05 0.0489584 0.936081 0.00485345 9.9937E-05 9.9937E-05
9.99189E-05 9.99189E-05 9.99189E-05 0.181155 9.99189E-05 9.99189E-05 0.817946 9.99189E-05 9.99189E-05 9.99189E-05 9.99189E-05
9.99368E-05 9.99368E-05 9.99368E-05 9.99368E-05 0.0187316 9.99368E-05 0.0264449 0.0820582 0.872066 9.99368E-05 9.99368E-05
9.99189E-05 0.976314 9.99189E-05 9.99189E-05 9.99189E-05 0.0227866 9.99189E-05 9.99189E-05 9.99189E-05 9.99189E-05 9.99189E-05
9.9946E-05 9.9946E-05 9.9946E-05 0.131885 0.0264769 9.9946E-05 0.0389205 0.00500588 9.9946E-05 0.797112 9.9946E-05
9.99282E-05 9.99282E-05 9.99282E-05 0.912739 9.99282E-05 9.99282E-05 0.030349 9.99282E-05 9.99282E-05 0.0561127 9.99282E-05
9.99103E-05 9.99103E-05 9.99103E-05 9.99103E-05 9.99103E-05 9.99103E-05 9.99103E-05 9.99103E-05 9.99103E-05 0.999001 9.99103E-05
0.107986 0.0018194 9.99369E-05 9.99369E-05 9.99369E-05 9.99369E-05 0.0110525 9.99369E-05 9.99369E-05 0.878443 9.99369E-05
0.0789238 9.99368E-05 9.99368E-05 9.99368E-05 0.0652783 0.0293391 9.99368E-05 9.99368E-05 9.99368E-05 0.825759 9.99368E-05
9.99371E-05 9.99371E-05 0.0168575 0.00818684 9.99371E-05 9.99371E-05 0.0626974 9.99371E-05 9.99371E-05 9.99371E-05 0.911559
9.99104E-05 0.999001 9.99104E-05 9.99104E-05 9.99104E-05 9.99104E-05 9.99104E-05 9.99104E-05 9.99104E-05 9.99104E-05 9.99104E-05
0.304919 0.236614 0.144681 0.0796483 0.039244 9.9991E-05 0.0573706 0.028312 0.00795929 0.0244944 0.076657
9.99373E-05 0.892113 0.0623912 0.0131849 9.99373E-05 9.99373E-05 9.99373E-05 9.99373E-05 9.99373E-05 0.0316113 9.99373E-05
9.9946E-05 0.909962 0.0237639 9.9946E-05 9.9946E-05 0.0176456 0.0245469 0.0234821 9.9946E-05 9.9946E-05 9.9946E-05
9.9937E-05 0.877099 0.0542309 0.0324814 9.9937E-05 9.9937E-05 9.9937E-05 0.0354894 9.9937E-05 9.9937E-05 9.9937E-05
9.9946E-05 0.872861 0.0536266 0.0469776 9.9946E-05 9.9946E-05 0.00911065 9.9946E-05 0.0168248 9.9946E-05 9.9946E-05
0.0709842 0.745755 0.180716 9.99371E-05 9.99371E-05 9.99371E-05 0.00184527 9.99371E-05 9.99371E-05 9.99371E-05 9.99371E-05
9.9928E-05 0.973431 0.0185689 9.9928E-05 9.9928E-05 0.00720022 9.9928E-05 9.9928E-05 9.9928E-05 9.9928E-05 9.9928E-05
9.99101E-05 9.99101E-05 0.999001 9.99101E-05 9.99101E-05 9.99101E-05 9.99101E-05 9.99101E-05 9.99101E-05 9.99101E-05 9.99101E-05
9.9919E-05 9.9919E-05 0.970741 9.9919E-05 9.9919E-05 9.9919E-05 9.9919E-05 9.9919E-05 9.9919E-05 0.0283601 9.9919E-05
0.00242453 0.944321 9.99282E-05 9.99282E-05 9.99282E-05 9.99282E-05 9.99282E-05 0.052455 9.99282E-05 9.99282E-05 9.99282E-05
9.993E-05 9.993E-05 0.0319777 0.933997 0.00548579 9.993E-05 9.993E-05 0.0278403 9.993E-05 9.993E-05 9.993E-05
9.99279E-05 9.99279E-05 0.00201665 0.972391 9.99279E-05 9.99279E-05 9.99279E-05 0.0247929 9.99279E-05 9.99279E-05 9.99279E-05
9.99191E-05 9.99191E-05 9.99191E-05 9.99191E-05 0.992057 9.99191E-05 0.00704391 9.99191E-05 9.99191E-05 9.99191E-05 9.99191E-05
9.99102E-05 9.99102E-05 9.99102E-05 9.99102E-05 0.999001 9.99102E-05 9.99102E-05 9.99102E-05 9.99102E-05 9.99102E-05 9.99102E-05
0.823157 9.99369E-05 9.99369E-05 0.0965262 9.99369E-05 9.99369E-05 0.0376211 9.99369E-05 0.0419967 9.99369E-05 9.99369E-05
0.834236 9.99459E-05 9.99459E-05 0.0969913 9.99459E-05 9.99459E-05 0.0220891 9.99459E-05 0.00570394 0.04038 9.99459E-05
9.99191E-05 9.99191E-05 9.99191E-05 0.0293938 0.969707 9.99191E-05 9.99191E-05 9.99191E-05 9.99191E-05 9.99191E-05 9.99191E-05
9.99101E-05 9.99101E-05 9.99101E-05 9.99101E-05 0.999001 9.99101E-05 9.99101E-05 9.99101E-05 9.99101E-05 9.99101E-05 9.99101E-05
9.99279E-05 9.99279E-05 9.99279E-05 9.99279E-05 9.99279E-05 9.99279E-05 0.937863 0.0158557 9.99279E-05 0.045482 9.99279E-05
0.167825 9.995E-05 9.995E-05 0.510379 9.995E-05 9.995E-05 0.0349038 9.995E-05 0.0660881 0.141669 0.0786358
9.99189E-05 9.99189E-05 9.99189E-05 9.99189E-05 9.99189E-05 9.99189E-05 9.99189E-05 0.0721795 0.926921 9.99189E-05 9.99189E-05
0.147265 0.00248184 9.99462E-05 9.99462E-05 9.99462E-05 0.640552 9.99462E-05 9.99462E-05 9.99462E-05 0.157384 0.0517167
9.99371E-05 9.99371E-05 9.99371E-05 9.99371E-05 0.0984418 0.592821 0.0881668 9.99371E-05 9.99371E-05 0.219871 9.99371E-05
9.9937E-05 0.15935 0.78298 9.9937E-05 0.020211 9.9937E-05 9.9937E-05 9.9937E-05 9.9937E-05 9.9937E-05 0.0367589
