9.99099E-05 0.0590175 9.99099E-05 9.99099E-05 9.99099E-05 9.99099E-05 9.99099E-05 9.99099E-05 9.99099E-05 9.99099E-05 9.99099E-05 0.939983
9.99459E-05 0.00185206 0.10117 0.788025 0.00931902 9.99459E-05 9.99459E-05 9.99459E-05 0.0511761 9.99459E-05 9.99459E-05 0.0478577
0.113919 9.99643E-05 0.693789 0.0683714 0.0280427 0.0134982 0.0447522 0.00359109 9.99643E-05 9.99643E-05 0.0336367 9.99643E-05
9.9928E-05 0.0124418 0.922562 9.9928E-05 0.032043 9.9928E-05 9.9928E-05 0.0321533 9.9928E-05 9.9928E-05 9.9928E-05 9.9928E-05
9.99461E-05 0.15829 0.30739 0.152043 9.99461E-05 9.99461E-05 9.99461E-05 0.174354 9.99461E-05 0.0386561 0.168668 9.99461E-05
0.00547214 0.0358883 0.850658 9.9937E-05 9.9937E-05 0.00110833 9.9937E-05 0.106173 9.9937E-05 9.9937E-05 9.9937E-05 9.9937E-05
9.9901E-05 9.9901E-05 9.9901E-05 9.9901E-05 9.9901E-05 9.9901E-05 9.9901E-05 9.9901E-05 9.9901E-05 9.9901E-05 0.998901 9.9901E-05
0.458424 0.0721102 0.0530797 0.0889118 9.99459E-05 9.99459E-05 9.99459E-05 0.243415 9.99459E-05 0.0834595 9.99459E-05 9.99459E-05
9.9946E-05 9.9946E-05 9.9946E-05 0.0310177 0.00269094 9.9946E-05 9.9946E-05 9.9946E-05 0.00387233 0.0196839 0.940361 0.00177452
9.99099E-05 0.819513 9.99099E-05 9.99099E-05 9.99099E-05 9.99099E-05 9.99099E-05 9.99099E-05 9.99099E-05 9.99099E-05 0.179488 9.99099E-05
9.991E-05 0.845747 9.991E-05 9.991E-05 9.991E-05 9.991E-05 9.991E-05 9.991E-05 9.991E-05 9.991E-05 0.153253 9.991E-05
0.0125732 9.9937E-05 0.0139542 9.9937E-05 0.137291 0.131755 9.9937E-05 9.9937E-05 9.9937E-05 9.9937E-05 9.9937E-05 0.703727
9.99102E-05 9.99102E-05 9.99102E-05 9.99102E-05 9.99102E-05 0.963382 9.99102E-05 9.99102E-05 9.99102E-05 9.99102E-05 0.0356189 9.99102E-05
9.99461E-05 0.0247877 0.909575 0.00732013 9.99461E-05 0.0317495 0.00311518 0.0228528 9.99461E-05 9.99461E-05 9.99461E-05 9.99461E-05
9.99191E-05 9.99191E-05 0.918375 9.99191E-05 9.99191E-05 9.99191E-05 0.00834142 9.99191E-05 9.99191E-05 9.99191E-05 9.99191E-05 0.0723839
9.9919E-05 0.0549614 9.9919E-05 9.9919E-05 9.9919E-05 0.171887 9.9919E-05 9.9919E-05 0.772253 9.9919E-05 9.9919E-05 9.9919E-05
9.99461E-05 0.411746 9.99461E-05 9.99461E-05 0.265625 0.205951 0.0547429 0.00104557 0.0602896 9.99461E-05 9.99461E-05 9.99461E-05
9.99459E-05 0.116536 9.99459E-05 0.00843339 9.99459E-05 9.99459E-05 0.743328 9.99459E-05 0.0694179 0.0561479 0.00553735 9.99459E-05
9.991E-05 9.991E-05 9.991E-05 9.991E-05 0.103092 9.991E-05 0.895909 9.991E-05 9.991E-05 9.991E-05 9.991E-05 9.991E-05
9.99279E-05 0.552637 9.99279E-05 9.99279E-05 0.0416908 9.99279E-05 9.99279E-05 9.99279E-05 0.307007 9.99279E-05 9.99279E-05 0.0978658
9.99101E-05 9.99101E-05 0.00484027 9.99101E-05 9.99101E-05 9.99101E-05 0.994161 9.99101E-05 9.99101E-05 9.99101E-05 9.99101E-05 9.99101E-05
9.99459E-05 0.123252 9.99459E-05 9.99459E-05 0.00373813 0.0657105 0.0100323 9.99459E-05 0.277213 9.99459E-05 9.99459E-05 0.519455
9.99281E-05 0.300045 9.99281E-05 9.99281E-05 0.278549 9.99281E-05 0.362231 0.0583765 9.99281E-05 9.99281E-05 9.99281E-05 9.99281E-05
9.99189E-05 0.0271381 9.99189E-05 9.99189E-05 0.0681885 9.99189E-05 0.903774 9.99189E-05 9.99189E-05 9.99189E-05 9.99189E-05 9.99189E-05
0.0424291 9.99192E-05 0.940659 9.99192E-05 9.99192E-05 9.99192E-05 9.99192E-05 9.99192E-05 9.99192E-05 0.0160131 9.99192E-05 9.99192E-05
9.99012E-05 9.99012E-05 0.998901 9.99012E-05 9.99012E-05 9.99012E-05 9.99012E-05 9.99012E-05 9.99012E-05 9.99012E-05 9.99012E-05 9.99012E-05
9.99459E-05 0.125057 9.99459E-05 0.0161367 0.0205718 0.797902 9.99459E-05 9.99459E-05 0.014491 9.99459E-05 9.99459E-05 0.0252413
9.991E-05 9.991E-05 0.913029 9.991E-05 9.991E-05 9.991E-05 9.991E-05 9.991E-05 9.991E-05 0.0859717 9.991E-05 9.991E-05
9.9937E-05 9.9937E-05 0.921532 9.9937E-05 9.9937E-05 0.00360902 9.9937E-05 9.9937E-05 0.00236286 0.0707082 0.00108826 9.9937E-05
0.0113375 9.99372E-05 0.383849 9.99372E-05 9.99372E-05 9.99372E-05 9.99372E-05 0.505305 9.99372E-05 0.0694953 9.99372E-05 0.029314
9.99098E-05 9.99098E-05 0.0413796 9.99098E-05 9.99098E-05 9.99098E-05 9.99098E-05 0.957621 9.99098E-05 9.99098E-05 9.99098E-05 9.99098E-05
9.99013E-05 9.99013E-05 9.99013E-05 0.998901 9.99013E-05 9.99013E-05 9.99013E-05 9.99013E-05 9.99013E-05 9.99013E-05 9.99013E-05 9.99013E-05
0.151337 9.99281E-05 0.832938 9.99281E-05 9.99281E-05 9.99281E-05 9.99281E-05 0.00335466 0.0115706 9.99281E-05 9.99281E-05 9.99281E-05
0.275507 0.00717671 9.99371E-05 0.000615648 0.00235974 9.99371E-05 9.99371E-05 9.99371E-05 9.99371E-05 0.713641 9.99371E-05 9.99371E-05
0.00443094 0.156102 9.99458E-05 9.99458E-05 0.1574 0.58992 9.99458E-05 0.0699889 9.99458E-05 9.99458E-05 9.99458E-05 0.0215589
0.0699219 9.99279E-05 0.900296 9.99279E-05 9.99279E-05 0.0108896 9.99279E-05 9.99279E-05 9.99279E-05 9.99279E-05 0.0180929 9.99279E-05
0.0220739 9.991E-05 9.991E-05 9.991E-05 9.991E-05 9.991E-05 9.991E-05 9.991E-05 9.991E-05 9.991E-05 9.991E-05 0.976927
0.0543055 0.648752 9.99279E-05 0.213847 9.99279E-05 9.99279E-05 9.99279E-05 9.99279E-05 9.99279E-05 9.99279E-05 9.99279E-05 0.0822956
0.117503 0.24154 0.0370853 9.99551E-05 0.329336 0.203402 0.0461776 9.99551E-05 0.024457 9.99551E-05 9.99551E-05 9.99551E-05
9.99459E-05 0.346765 0.106013 9.99459E-05 0.00943542 9.99459E-05 0.00046257 9.99459E-05 0.283956 9.99459E-05 9.99459E-05 0.252769
9.99549E-05 0.329555 0.0511332 0.0455355 0.021105 9.99549E-05 0.00458106 9.99549E-05 0.264379 9.99549E-05 9.99549E-05 0.283212
9.99279E-05 0.928663 9.99279E-05 9.99279E-05 9.99279E-05 0.00345286 9.99279E-05 9.99279E-05 0.0497321 9.99279E-05 9.99279E-05 0.0173531
9.99369E-05 9.99369E-05 9.99369E-05 9.99369E-05 9.99369E-05 0.0221882 0.0107095 9.99369E-05 0.852949 9.99369E-05 0.0903034 0.0231502
9.9928E-05 0.932046 9.9928E-05 9.9928E-05 9.9928E-05 0.0509533 9.9928E-05 9.9928E-05 0.00306382 0.013137 9.9928E-05 9.9928E-05
9.99549E-05 0.361942 9.99549E-05 0.0851278 0.133557 0.229012 0.0914664 9.99549E-05 0.0654386 9.99549E-05 9.99549E-05 0.0329573
9.9973E-05 0.511879 0.0294089 0.0142696 0.0466762 0.0326703 0.00180108 0.0575668 0.15484 9.9973E-05 9.9973E-05 0.150588
9.9946E-05 0.28988 9.9946E-05 9.9946E-05 0.062985 0.175506 9.9946E-05 0.212229 9.9946E-05 9.9946E-05 0.00250389 0.256297
9.99106E-05 9.99106E-05 9.99106E-05 9.99106E-05 9.99106E-05 9.99106E-05 0.00993446 9.99106E-05 9.99106E-05 9.99106E-05 9.99106E-05 0.989066
9.99011E-05 9.99011E-05 9.99011E-05 9.99011E-05 9.99011E-05 9.99011E-05 9.99011E-05 9.99011E-05 9.99011E-05 0.998901 9.99011E-05 9.99011E-05
9.99011E-05 9.99011E-05 9.99011E-05 9.99011E-05 9.99011E-05 9.99011E-05 9.99011E-05 9.99011E-05 9.99011E-05 0.998901 9.99011E-05 9.99011E-05
9.99191E-05 0.0276841 9.99191E-05 9.99191E-05 9.99191E-05 9.99191E-05 9.99191E-05 0.0161491 9.99191E-05 0.955268 9.99191E-05 9.99191E-05
9.99012E-05 9.99012E-05 9.99012E-05 9.99012E-05 9.99012E-05 9.99012E-05 9.99012E-05 9.99012E-05 9.99012E-05 0.998901 9.99012E-05 9.99012E-05
9.99011E-05 9.99011E-05 9.99011E-05 9.99011E-05 9.99011E-05 9.99011E-05 9.99011E-05 9.99011E-05 9.99011E-05 0.998901 9.99011E-05 9.99011E-05
9.99641E-05 0.00694604 9.99641E-05 0.0554911 9.99641E-05 0.00151539 0.0250717 0.542038 0.0272616 0.307759 0.0335164 9.99641E-05
9.99191E-05 9.99191E-05 9.99191E-05 0.0836611 9.99191E-05 9.99191E-05 9.99191E-05 9.99191E-05 9.99191E-05 0.912593 9.99191E-05 0.00284657
9.99189E-05 9.99189E-05 9.99189E-05 9.99189E-05 9.99189E-05 0.0232034 9.99189E-05 9.99189E-05 0.110164 9.99189E-05 9.99189E-05 0.865734
9.99369E-05 9.99369E-05 9.99369E-05 0.869881 9.99369E-05 9.99369E-05 9.99369E-05 9.99369E-05 0.0110247 0.063474 0.044063 0.010858
9.991E-05 0.00388791 0.995113 9.991E-05 9.991E-05 9.991E-05 9.991E-05 9.991E-05 9.991E-05 9.991E-05 9.991E-05 9.991E-05
9.9946E-05 9.9946E-05 9.9946E-05 9.9946E-05 0.000265193 0.840967 9.9946E-05 9.9946E-05 0.12522 0.00870173 0.00876937 0.0154775
9.99192E-05 9.99192E-05 9.99192E-05 9.99192E-05 9.99192E-05 0.0793971 9.99192E-05 9.99192E-05 0.916613 9.99192E-05 9.99192E-05 0.00309107
0.00621933 9.99192E-05 9.99192E-05 9.99192E-05 9.99192E-05 0.937612 9.99192E-05 9.99192E-05 9.99192E-05 9.99192E-05 0.0552689 9.99192E-05
9.99279E-05 0.0769751 9.99279E-05 0.0196857 9.99279E-05 0.895159 9.99279E-05 9.99279E-05 9.99279E-05 9.99279E-05 9.99279E-05 0.00738108
9.99188E-05 0.0934333 9.99188E-05 9.99188E-05 0.0377455 0.867922 9.99188E-05 9.99188E-05 9.99188E-05 9.99188E-05 9.99188E-05 9.99188E-05
0.00128826 9.99192E-05 9.99192E-05 9.99192E-05 9.99192E-05 9.99192E-05 0.904883 9.99192E-05 9.99192E-05 9.99192E-05 9.99192E-05 0.0929293
0.0023294 9.99104E-05 0.996671 9.99104E-05 9.99104E-05 9.99104E-05 9.99104E-05 9.99104E-05 9.99104E-05 9.99104E-05 9.99104E-05 9.99104E-05
0.0809444 0.128382 0.137247 0.0192262 0.0685326 0.119196 0.0732732 0.0163359 0.211362 0.0556127 0.0897884 9.9991E-05
0.113409 9.99193E-05 0.859933 9.99193E-05 9.99193E-05 9.99193E-05 9.99193E-05 9.99193E-05 0.0257586 9.99193E-05 9.99193E-05 9.99193E-05
9.9937E-05 9.9937E-05 0.881214 9.9937E-05 9.9937E-05 9.9937E-05 9.9937E-05 0.0596835 9.9937E-05 0.0182257 0.00592748 0.0342503
0.00081296 9.9937E-05 0.909738 9.9937E-05 9.9937E-05 9.9937E-05 9.9937E-05 9.9937E-05 0.0050407 0.043684 0.0400253 9.9937E-05
0.00390203 9.99461E-05 0.891177 0.0469278 9.99461E-05 9.99461E-05 0.00042965 9.99461E-05 0.006793 0.0501713 9.99461E-05 9.99461E-05
9.99281E-05 0.0317489 0.722821 9.99281E-05 9.99281E-05 9.99281E-05 9.99281E-05 0.221619 9.99281E-05 9.99281E-05 9.99281E-05 0.0230127
9.9928E-05 0.00942716 0.976182 9.9928E-05 0.00838221 9.9928E-05 9.9928E-05 9.9928E-05 9.9928E-05 9.9928E-05 0.00520915 9.9928E-05
0.973262 9.991E-05 9.991E-05 9.991E-05 9.991E-05 9.991E-05 9.991E-05 9.991E-05 9.991E-05 0.0257389 9.991E-05 9.991E-05
0.973475 9.991E-05 9.991E-05 9.991E-05 9.991E-05 9.991E-05 9.991E-05 9.991E-05 9.991E-05 9.991E-05 0.0255263 9.991E-05
9.99281E-05 9.99281E-05 0.949186 9.99281E-05 9.99281E-05 9.99281E-05 0.00155576 9.99281E-05 0.0134976 0.034961 9.99281E-05 9.99281E-05
0.00232978 9.9928E-05 9.9928E-05 9.9928E-05 0.000144619 9.9928E-05 9.9928E-05 9.9928E-05 0.98695 0.00977607 9.9928E-05 9.9928E-05
9.9901E-05 9.9901E-05 9.9901E-05 9.9901E-05 9.9901E-05 9.9901E-05 9.9901E-05 9.9901E-05 0.998901 9.9901E-05 9.9901E-05 9.9901E-05
9.9901E-05 9.9901E-05 9.9901E-05 9.9901E-05 0.998901 9.9901E-05 9.9901E-05 9.9901E-05 9.9901E-05 9.9901E-05 9.9901E-05 9.9901E-05
9.991E-05 9.991E-05 9.991E-05 9.991E-05 0.998877 9.991E-05 9.991E-05 9.991E-05 9.991E-05 9.991E-05 0.000123832 9.991E-05
9.99278E-05 0.728508 9.99278E-05 0.126325 9.99278E-05 0.0322153 9.99278E-05 9.99278E-05 0.112153 9.99278E-05 9.99278E-05 9.99278E-05
9.9955E-05 0.722126 0.00769072 0.0484291 9.9955E-05 0.0490572 9.9955E-05 9.9955E-05 0.161636 9.9955E-05 0.000175664 0.010385
9.9919E-05 9.9919E-05 9.9919E-05 0.0186608 0.974649 9.9919E-05 9.9919E-05 9.9919E-05 9.9919E-05 0.00579137 9.9919E-05 9.9919E-05
9.99009E-05 9.99009E-05 9.99009E-05 9.99009E-05 0.998901 9.99009E-05 9.99009E-05 9.99009E-05 9.99009E-05 9.99009E-05 9.99009E-05 9.99009E-05
9.99189E-05 9.99189E-05 9.99189E-05 9.99189E-05 9.99189E-05 0.0248033 9.99189E-05 9.99189E-05 9.99189E-05 0.0146146 9.99189E-05 0.959683
9.995E-05 0.145619 9.995E-05 0.00643159 9.995E-05 0.128584 0.0690993 9.995E-05 0.470578 9.995E-05 0.122605 0.0565836
9.99189E-05 9.99189E-05 9.99189E-05 0.89503 9.99189E-05 9.99189E-05 9.99189E-05 9.99189E-05 9.99189E-05 0.0435517 0.0605187 9.99189E-05
9.99373E-05 0.277515 0.0536538 9.99373E-05 0.175214 0.414854 0.0780632 9.99373E-05 9.99373E-05 9.99373E-05 9.99373E-05 9.99373E-05
9.99462E-05 9.99462E-05 0.000347951 9.99462E-05 0.258297 0.426161 0.0664222 9.99462E-05 0.0134692 9.99462E-05 9.99462E-05 0.234703
9.9901E-05 9.9901E-05 9.9901E-05 9.9901E-05 9.9901E-05 9.9901E-05 9.9901E-05 0.998901 9.9901E-05 9.9901E-05 9.9901E-05 9.9901E-05
