0.948005 9.99098E-05 9.99098E-05 0.0509957 9.99098E-05 9.99098E-05 9.99098E-05 9.99098E-05 9.99098E-05 9.99098E-05 9.99098E-05 9.99098E-05
0.0318275 9.99369E-05 9.99369E-05 9.99369E-05 9.99369E-05 0.186514 9.99369E-05 9.99369E-05 0.016259 0.0828397 9.99369E-05 0.681861
0.0131312 9.99554E-05 0.439607 9.99554E-05 9.99554E-05 0.39388 0.0499104 0.00556745 9.99554E-05 9.99554E-05 0.0814476 0.0159563
9.9919E-05 9.9919E-05 0.0161479 9.9919E-05 0.010289 0.972664 9.9919E-05 9.9919E-05 9.9919E-05 9.9919E-05 9.9919E-05 9.9919E-05
0.0481557 0.110496 9.99551E-05 0.051015 9.99551E-05 0.405666 0.262859 9.99551E-05 9.99551E-05 0.0618532 9.99551E-05 0.0594549
9.9901E-05 9.9901E-05 9.9901E-05 9.9901E-05 9.9901E-05 0.998901 9.9901E-05 9.9901E-05 9.9901E-05 9.9901E-05 9.9901E-05 9.9901E-05
9.99009E-05 9.99009E-05 9.99009E-05 9.99009E-05 9.99009E-05 9.99009E-05 0.998901 9.99009E-05 9.99009E-05 9.99009E-05 9.99009E-05 9.99009E-05
9.9937E-05 0.194073 0.496961 0.105436 9.9937E-05 9.9937E-05 0.0760682 9.9937E-05 9.9937E-05 9.9937E-05 9.9937E-05 0.126762
9.99189E-05 9.99189E-05 9.99189E-05 9.99189E-05 9.99189E-05 9.99189E-05 0.92463 9.99189E-05 0.0195521 9.99189E-05 9.99189E-05 0.0549184
9.991E-05 9.991E-05 9.991E-05 0.842255 9.991E-05 9.991E-05 0.156746 9.991E-05 9.991E-05 9.991E-05 9.991E-05 9.991E-05
9.991E-05 9.991E-05 9.991E-05 0.859184 9.991E-05 9.991E-05 0.139817 9.991E-05 9.991E-05 9.991E-05 9.991E-05 9.991E-05
0.680518 9.9946E-05 0.00980157 9.9946E-05 0.113957 9.9946E-05 0.0227882 9.9946E-05 9.9946E-05 0.00553875 0.166797 9.9946E-05
9.99192E-05 9.99192E-05 0.00687361 9.99192E-05 9.99192E-05 9.99192E-05 0.0207761 9.99192E-05 9.99192E-05 9.99192E-05 0.971451 9.99192E-05
9.9919E-05 9.9919E-05 9.9919E-05 9.9919E-05 9.9919E-05 0.948949 9.9919E-05 0.0242595 9.9919E-05 0.0258919 9.9919E-05 9.9919E-05
0.00785674 9.99101E-05 9.99101E-05 9.99101E-05 9.99101E-05 0.991144 9.99101E-05 9.99101E-05 9.99101E-05 9.99101E-05 9.99101E-05 9.99101E-05
9.99281E-05 9.99281E-05 9.99281E-05 0.0488119 9.99281E-05 9.99281E-05 9.99281E-05 9.99281E-05 0.792014 0.00832297 0.150052 9.99281E-05
9.99188E-05 9.99188E-05 9.99188E-05 0.0814011 9.99188E-05 9.99188E-05 9.99188E-05 9.99188E-05 0.00585156 0.911848 9.99188E-05 9.99188E-05
9.99369E-05 0.0325611 9.99369E-05 0.118979 9.99369E-05 9.99369E-05 9.99369E-05 0.719261 0.0852354 9.99369E-05 9.99369E-05 0.0432636
9.99101E-05 9.99101E-05 9.99101E-05 9.99101E-05 0.0507852 9.99101E-05 9.99101E-05 0.948216 9.99101E-05 9.99101E-05 9.99101E-05 9.99101E-05
0.153604 9.99369E-05 9.99369E-05 0.45807 0.045384 9.99369E-05 9.99369E-05 9.99369E-05 0.285247 0.0569958 9.99369E-05 9.99369E-05
9.99101E-05 9.99101E-05 0.00584185 9.99101E-05 9.99101E-05 9.99101E-05 9.99101E-05 0.993159 9.99101E-05 9.99101E-05 9.99101E-05 9.99101E-05
0.52282 9.9946E-05 9.9946E-05 0.100527 0.0148047 9.9946E-05 9.9946E-05 9.9946E-05 0.314129 0.00920722 0.037912 9.9946E-05
9.9937E-05 0.00312402 9.9937E-05 0.211889 0.176242 9.9937E-05 9.9937E-05 0.376192 9.9937E-05 0.231854 9.9937E-05 9.9937E-05
9.99279E-05 9.99279E-05 9.99279E-05 0.0341984 0.0219269 9.99279E-05 9.99279E-05 0.899015 9.99279E-05 0.0440603 9.99279E-05 9.99279E-05
9.991E-05 9.991E-05 0.564592 9.991E-05 9.991E-05 0.434409 9.991E-05 9.991E-05 9.991E-05 9.991E-05 9.991E-05 9.991E-05
9.99101E-05 9.99101E-05 0.106014 9.99101E-05 9.99101E-05 0.892987 9.99101E-05 9.99101E-05 9.99101E-05 9.99101E-05 9.99101E-05 9.99101E-05
0.0366371 9.99368E-05 9.99368E-05 0.078561 0.0465907 9.99368E-05 9.99368E-05 9.99368E-05 9.99368E-05 0.046337 0.791175 9.99368E-05
9.99099E-05 9.99099E-05 0.866053 9.99099E-05 9.99099E-05 0.132948 9.99099E-05 9.99099E-05 9.99099E-05 9.99099E-05 9.99099E-05 9.99099E-05
9.99188E-05 9.99188E-05 0.905772 9.99188E-05 9.99188E-05 0.09028 9.99188E-05 9.99188E-05 0.00304824 9.99188E-05 9.99188E-05 9.99188E-05
9.99461E-05 0.174911 0.369606 9.99461E-05 9.99461E-05 0.378413 9.99461E-05 0.0166085 9.99461E-05 0.00655773 0.0533044 9.99461E-05
9.9946E-05 0.144529 0.552232 9.9946E-05 0.00173453 0.192242 9.9946E-05 9.9946E-05 9.9946E-05 0.0764138 9.9946E-05 0.0322485
9.99013E-05 9.99013E-05 9.99013E-05 9.99013E-05 9.99013E-05 9.99013E-05 9.99013E-05 9.99013E-05 9.99013E-05 9.99013E-05 9.99013E-05 0.998901
9.99192E-05 9.99192E-05 0.377339 9.99192E-05 9.99192E-05 0.621177 9.99192E-05 9.99192E-05 0.000584992 9.99192E-05 9.99192E-05 9.99192E-05
9.99462E-05 0.770409 0.161368 0.010166 9.99462E-05 9.99462E-05 0.0100577 9.99462E-05 9.99462E-05 0.0151612 9.99462E-05 0.0322385
0.0365466 0.0144148 0.0207952 0.0334343 0.080569 9.995E-05 9.995E-05 9.995E-05 9.995E-05 0.318991 0.494749 9.995E-05
9.99188E-05 9.99188E-05 0.522702 9.99188E-05 9.99188E-05 0.474174 9.99188E-05 9.99188E-05 0.00222462 9.99188E-05 9.99188E-05 9.99188E-05
0.955599 9.99191E-05 0.0089617 9.99191E-05 9.99191E-05 9.99191E-05 9.99191E-05 9.99191E-05 9.99191E-05 0.0345398 9.99191E-05 9.99191E-05
0.0538192 9.9946E-05 9.9946E-05 0.682248 9.9946E-05 0.000990145 9.9946E-05 0.00174084 9.9946E-05 0.0250116 9.9946E-05 0.23559
9.99008E-05 9.99008E-05 9.99008E-05 9.99008E-05 9.99008E-05 9.99008E-05 9.99008E-05 9.99008E-05 9.99008E-05 0.998901 9.99008E-05 9.99008E-05
0.203839 9.99368E-05 9.99368E-05 0.253232 9.99368E-05 0.109672 9.99368E-05 9.99368E-05 0.327258 0.105299 9.99368E-05 9.99368E-05
0.253545 9.99549E-05 9.99549E-05 0.27842 0.00140712 0.0739791 9.99549E-05 0.015727 0.3317 0.0447214 9.99549E-05 9.99549E-05
0.0300345 9.99369E-05 9.99369E-05 0.913733 9.99369E-05 9.99369E-05 9.99369E-05 9.99369E-05 0.0340405 0.0183765 0.00311598 9.99369E-05
9.9919E-05 9.9919E-05 9.9919E-05 9.9919E-05 9.9919E-05 9.9919E-05 0.0670397 9.9919E-05 0.854204 9.9919E-05 0.0778567 9.9919E-05
0.0291913 9.9928E-05 9.9928E-05 0.946258 0.00645536 9.9928E-05 9.9928E-05 9.9928E-05 9.9928E-05 9.9928E-05 0.0172955 9.9928E-05
0.0517194 9.9964E-05 9.9964E-05 0.44348 0.0851863 9.9964E-05 9.9964E-05 0.112119 0.0845616 0.0231276 0.142391 0.0570145
0.181844 9.997E-05 0.0169559 0.501663 9.997E-05 0.0502516 9.997E-05 0.0167813 0.132224 0.0670154 0.0170325 0.0159316
0.197002 0.0726629 9.9955E-05 0.24387 0.00816322 0.0485023 9.9955E-05 9.9955E-05 9.9955E-05 0.276022 0.153278 9.9955E-05
0.985309 9.99106E-05 9.99106E-05 9.99106E-05 9.99106E-05 9.99106E-05 9.99106E-05 0.0136921 9.99106E-05 9.99106E-05 9.99106E-05 9.99106E-05
9.99011E-05 0.998901 9.99011E-05 9.99011E-05 9.99011E-05 9.99011E-05 9.99011E-05 9.99011E-05 9.99011E-05 9.99011E-05 9.99011E-05 9.99011E-05
9.9901E-05 0.998901 9.9901E-05 9.9901E-05 9.9901E-05 9.9901E-05 9.9901E-05 9.9901E-05 9.9901E-05 9.9901E-05 9.9901E-05 9.9901E-05
9.9928E-05 0.973696 9.9928E-05 0.012365 0.00237729 9.9928E-05 9.9928E-05 9.9928E-05 0.0107624 9.9928E-05 9.9928E-05 9.9928E-05
9.99011E-05 0.998901 9.99011E-05 9.99011E-05 9.99011E-05 9.99011E-05 9.99011E-05 9.99011E-05 9.99011E-05 9.99011E-05 9.99011E-05 9.99011E-05
9.99101E-05 0.982665 9.99101E-05 9.99101E-05 9.99101E-05 0.0163357 9.99101E-05 9.99101E-05 9.99101E-05 9.99101E-05 9.99101E-05 9.99101E-05
9.99552E-05 0.419796 0.254231 9.99552E-05 9.99552E-05 0.0498857 0.109947 0.0232727 0.0686125 9.99552E-05 9.99552E-05 0.073755
0.0250503 0.888982 9.9937E-05 9.9937E-05 0.0106978 9.9937E-05 9.9937E-05 9.9937E-05 0.00647494 9.9937E-05 9.9937E-05 0.0680956
0.838144 9.99099E-05 9.99099E-05 9.99099E-05 9.99099E-05 9.99099E-05 9.99099E-05 9.99099E-05 0.160857 9.99099E-05 9.99099E-05 9.99099E-05
9.99279E-05 0.0293715 9.99279E-05 9.99279E-05 9.99279E-05 9.99279E-05 0.0500202 9.99279E-05 0.0179085 9.99279E-05 9.99279E-05 0.9019
9.99098E-05 9.99098E-05 0.31752 9.99098E-05 9.99098E-05 0.68148 9.99098E-05 9.99098E-05 9.99098E-05 9.99098E-05 9.99098E-05 9.99098E-05
0.036059 9.9946E-05 9.9946E-05 9.9946E-05 0.022586 0.00783245 9.9946E-05 9.9946E-05 0.0954004 9.9946E-05 0.830823 0.00669933
9.99102E-05 9.99102E-05 9.99102E-05 9.99102E-05 9.99102E-05 9.99102E-05 9.99102E-05 9.99102E-05 0.89784 9.99102E-05 0.101161 9.99102E-05
9.99103E-05 9.99103E-05 9.99103E-05 9.99103E-05 9.99103E-05 9.99103E-05 0.00825517 9.99103E-05 9.99103E-05 9.99103E-05 0.990746 9.99103E-05
9.99099E-05 9.99099E-05 9.99099E-05 0.103327 9.99099E-05 9.99099E-05 9.99099E-05 9.99099E-05 9.99099E-05 9.99099E-05 0.895674 9.99099E-05
9.99189E-05 9.99189E-05 9.99189E-05 0.0929199 0.0657229 9.99189E-05 9.99189E-05 9.99189E-05 9.99189E-05 9.99189E-05 0.840458 9.99189E-05
0.115886 9.99192E-05 9.99192E-05 9.99192E-05 9.99192E-05 9.99192E-05 9.99192E-05 0.877528 9.99192E-05 9.99192E-05 9.99192E-05 0.00568641
9.99102E-05 9.99102E-05 0.548072 9.99102E-05 9.99102E-05 0.450929 9.99102E-05 9.99102E-05 9.99102E-05 9.99102E-05 9.99102E-05 9.99102E-05
9.998E-05 0.195344 0.0434513 0.176103 0.0331694 0.145918 9.998E-05 0.0368319 0.128433 0.0747753 0.104986 0.0607877
9.99373E-05 0.00823771 0.0997592 9.99373E-05 9.99373E-05 0.872632 9.99373E-05 9.99373E-05 0.00819462 9.99373E-05 0.0104773 9.99373E-05
9.9937E-05 0.0313185 0.167312 9.9937E-05 9.9937E-05 0.787099 0.00977755 9.9937E-05 9.9937E-05 0.00379255 9.9937E-05 9.9937E-05
9.99098E-05 9.99098E-05 0.996726 9.99098E-05 9.99098E-05 9.99098E-05 9.99098E-05 9.99098E-05 0.00227483 9.99098E-05 9.99098E-05 9.99098E-05
0.00620382 9.99279E-05 0.967666 9.99279E-05 9.99279E-05 0.0105487 9.99279E-05 9.99279E-05 0.014782 9.99279E-05 9.99279E-05 9.99279E-05
0.0038338 9.994E-05 0.231969 0.00897246 9.994E-05 0.72089 0.0249531 9.994E-05 9.994E-05 0.00878199 9.994E-05 9.994E-05
9.99098E-05 9.99098E-05 0.380538 9.99098E-05 9.99098E-05 0.618463 9.99098E-05 9.99098E-05 9.99098E-05 9.99098E-05 9.99098E-05 9.99098E-05
9.99282E-05 0.237948 0.588555 9.99282E-05 9.99282E-05 9.99282E-05 0.121217 9.99282E-05 9.99282E-05 0.0514799 9.99282E-05 9.99282E-05
9.99283E-05 0.0425952 0.68112 9.99283E-05 9.99283E-05 9.99283E-05 0.236366 9.99283E-05 9.99283E-05 9.99283E-05 0.0391191 9.99283E-05
9.99281E-05 0.0209024 9.99281E-05 9.99281E-05 9.99281E-05 0.942352 9.99281E-05 9.99281E-05 0.00797276 9.99281E-05 0.0279733 9.99281E-05
9.9919E-05 0.00206298 0.0199454 9.9919E-05 9.9919E-05 9.9919E-05 9.9919E-05 9.9919E-05 0.977092 9.9919E-05 9.9919E-05 9.9919E-05
9.991E-05 0.0108071 9.991E-05 9.991E-05 9.991E-05 9.991E-05 9.991E-05 9.991E-05 0.988194 9.991E-05 9.991E-05 9.991E-05
9.99011E-05 9.99011E-05 9.99011E-05 9.99011E-05 0.998901 9.99011E-05 9.99011E-05 9.99011E-05 9.99011E-05 9.99011E-05 9.99011E-05 9.99011E-05
0.00367406 9.99101E-05 9.99101E-05 9.99101E-05 0.995327 9.99101E-05 9.99101E-05 9.99101E-05 9.99101E-05 9.99101E-05 9.99101E-05 9.99101E-05
0.00727386 9.99369E-05 0.0320522 0.825786 9.99369E-05 9.99369E-05 9.99369E-05 9.99369E-05 0.0868268 9.99369E-05 9.99369E-05 0.047362
9.99369E-05 9.99369E-05 0.00635154 0.776439 9.99369E-05 9.99369E-05 9.99369E-05 9.99369E-05 0.119035 9.99369E-05 0.0506768 0.0467987
9.99012E-05 9.99012E-05 9.99012E-05 9.99012E-05 0.998901 9.99012E-05 9.99012E-05 9.99012E-05 9.99012E-05 9.99012E-05 9.99012E-05 9.99012E-05
9.99011E-05 9.99011E-05 9.99011E-05 9.99011E-05 0.998901 9.99011E-05 9.99011E-05 9.99011E-05 9.99011E-05 9.99011E-05 9.99011E-05 9.99011E-05
0.934264 9.99279E-05 9.99279E-05 9.99279E-05 9.99279E-05 9.99279E-05 0.00454062 9.99279E-05 0.0177522 9.99279E-05 0.042644 9.99279E-05
0.0207421 9.995E-05 9.995E-05 0.10379 9.995E-05 9.995E-05 0.0696634 0.0648476 0.545892 9.995E-05 0.178472 0.0160935
9.9919E-05 0.0363242 9.9919E-05 9.9919E-05 9.9919E-05 9.9919E-05 0.0266049 9.9919E-05 9.9919E-05 9.9919E-05 9.9919E-05 0.936172
9.99462E-05 9.99462E-05 9.99462E-05 0.260708 0.0980305 0.0180184 9.99462E-05 0.0670888 9.99462E-05 0.358386 0.197169 9.99462E-05
0.196963 9.99372E-05 9.99372E-05 9.99372E-05 0.125674 9.99372E-05 9.99372E-05 0.0069465 9.99372E-05 0.376846 0.29287 9.99372E-05
9.99372E-05 0.133274 0.759218 9.99372E-05 9.99372E-05 9.99372E-05 0.0414932 0.0371451 9.99372E-05 0.0281706 9.99372E-05 9.99372E-05
