9.99549E-05 9.99549E-05 9.99549E-05 9.99549E-05 9.99549E-05 0.93209 0.0674098
9.9982E-05 0.0162227 0.249746 9.9982E-05 0.293397 0.25468 0.185754
0.0150199 0.0477833 0.0904794 0.0983414 0.748176 9.99822E-05 9.99822E-05
9.9964E-05 0.0345926 0.00650425 9.9964E-05 0.958503 9.9964E-05 9.9964E-05
9.99731E-05 9.99731E-05 0.200972 9.99731E-05 0.448689 0.0872418 0.262798
9.995E-05 9.995E-05 9.995E-05 9.995E-05 0.9994 9.995E-05 9.995E-05
9.99642E-05 9.99642E-05 0.331381 0.451635 9.99642E-05 9.99642E-05 0.216584
9.99731E-05 0.0440923 0.404286 9.99731E-05 0.433551 9.99731E-05 0.117771
9.99731E-05 9.99731E-05 0.354281 0.283764 0.0302 9.99731E-05 0.331456
9.995E-05 9.995E-05 9.995E-05 9.995E-05 9.995E-05 9.995E-05 0.9994
9.995E-05 9.995E-05 9.995E-05 9.995E-05 9.995E-05 9.995E-05 0.9994
9.9973E-05 0.133623 9.9973E-05 0.184213 0.0049702 0.676894 9.9973E-05
9.995E-05 9.995E-05 9.995E-05 0.9994 9.995E-05 9.995E-05 9.995E-05
0.0327143 9.9964E-05 9.9964E-05 9.9964E-05 0.963841 0.00304467 9.9964E-05
9.9955E-05 9.9955E-05 9.9955E-05 9.9955E-05 0.932978 0.0665221 9.9955E-05
9.9973E-05 9.9973E-05 9.9973E-05 0.330863 0.0626991 0.0772925 0.528845
0.0641372 0.357878 9.9982E-05 0.216959 9.9982E-05 0.020907 0.339919
0.685688 9.9973E-05 0.0279366 9.9973E-05 9.9973E-05 0.0574318 0.228644
0.905819 0.0936812 9.9955E-05 9.9955E-05 9.9955E-05 9.9955E-05 9.9955E-05
9.9973E-05 0.101376 9.9973E-05 0.0278307 9.9973E-05 0.159028 0.711466
0.989074 9.9955E-05 9.9955E-05 9.9955E-05 0.0104259 9.9955E-05 9.9955E-05
0.00306618 0.0102328 9.9982E-05 0.130419 9.9982E-05 0.529818 0.326263
0.38508 0.311856 0.0172089 9.99731E-05 9.99731E-05 9.99731E-05 0.285555
0.913187 0.0863136 9.99549E-05 9.99549E-05 9.99549E-05 9.99549E-05 9.99549E-05
9.995E-05 9.995E-05 9.995E-05 9.995E-05 0.9994 9.995E-05 9.995E-05
9.995E-05 9.995E-05 9.995E-05 9.995E-05 0.9994 9.995E-05 9.995E-05
9.99729E-05 0.0946937 9.99729E-05 0.773631 9.99729E-05 0.0635688 0.0678065
9.9955E-05 9.9955E-05 0.063357 9.9955E-05 0.936143 9.9955E-05 9.9955E-05
9.9964E-05 9.9964E-05 0.0685272 0.0069822 0.924091 9.9964E-05 9.9964E-05
0.0262975 0.0103607 0.262286 9.99821E-05 0.679076 0.0217797 9.99821E-05
0.00452612 0.0267644 0.259617 9.9982E-05 0.67415 9.9982E-05 0.0347422
9.99731E-05 9.99731E-05 0.532338 9.99731E-05 0.0967475 0.256395 0.114219
9.99641E-05 0.00736739 9.99641E-05 9.99641E-05 0.985893 9.99641E-05 0.00634006
9.9982E-05 0.0273679 0.874062 0.000235179 0.0910065 0.0071282 9.9982E-05
9.99819E-05 0.207174 9.99819E-05 0.589901 0.0608943 0.0851329 0.0566973
9.99639E-05 9.99639E-05 9.99639E-05 0.00629569 0.984239 9.99639E-05 0.00906582
9.9955E-05 9.9955E-05 9.9955E-05 9.9955E-05 0.0107827 0.988718 9.9955E-05
0.0158224 9.9982E-05 0.0858733 9.9982E-05 0.0206484 0.104467 0.772989
0.0229624 0.412445 9.9991E-05 0.190867 0.114826 0.0342175 0.224582
0.000176779 0.0208403 9.9982E-05 9.9982E-05 0.0836165 0.267591 0.627576
9.99729E-05 0.0434585 9.99729E-05 9.99729E-05 0.0368887 0.328722 0.590631
0.00761236 0.001797 9.9973E-05 9.9973E-05 9.9973E-05 0.0336691 0.956622
9.9973E-05 9.9973E-05 0.0229905 0.2647 9.9973E-05 0.131806 0.580203
9.9964E-05 0.0362893 9.9964E-05 9.9964E-05 9.9964E-05 0.0271327 0.936178
0.10124 0.132647 9.9982E-05 0.18356 9.9982E-05 0.086434 0.495918
0.045595 0.019118 9.9991E-05 0.0262576 0.0820969 0.168425 0.658408
9.999E-05 0.103595 0.0340658 0.240269 0.102116 0.253044 0.26681
0.0243229 9.99553E-05 9.99553E-05 9.99553E-05 9.99553E-05 0.975177 9.99553E-05
9.995E-05 9.995E-05 0.9994 9.995E-05 9.995E-05 9.995E-05 9.995E-05
9.995E-05 9.995E-05 0.9994 9.995E-05 9.995E-05 9.995E-05 9.995E-05
9.9955E-05 0.00311127 0.996389 9.9955E-05 9.9955E-05 9.9955E-05 9.9955E-05
9.995E-05 9.995E-05 0.9994 9.995E-05 9.995E-05 9.995E-05 9.995E-05
9.995E-05 9.995E-05 0.9994 9.995E-05 9.995E-05 9.995E-05 9.995E-05
0.0337869 9.9982E-05 0.576232 0.00082973 0.260268 9.9982E-05 0.128683
9.995E-05 9.995E-05 0.9994 9.995E-05 9.995E-05 9.995E-05 9.995E-05
9.99639E-05 9.99639E-05 9.99639E-05 0.0911432 9.99639E-05 0.905185 0.00327153
9.9973E-05 9.9973E-05 0.528454 9.9973E-05 0.110466 0.167467 0.193313
9.99639E-05 0.00738456 9.99639E-05 9.99639E-05 0.981547 0.0106682 9.99639E-05
9.99639E-05 0.0558929 9.99639E-05 0.824084 9.99639E-05 0.119623 9.99639E-05
9.9973E-05 9.9973E-05 9.9973E-05 0.362616 0.0711346 0.165814 0.400136
9.995E-05 9.995E-05 9.995E-05 0.9994 9.995E-05 9.995E-05 9.995E-05
9.99549E-05 9.99549E-05 9.99549E-05 0.871721 9.99549E-05 9.99549E-05 0.127779
9.99729E-05 0.0703243 9.99729E-05 0.860527 9.99729E-05 0.00691349 0.0619356
0.917728 9.99641E-05 0.0025679 9.99641E-05 9.99641E-05 0.0793043 9.99641E-05
9.995E-05 9.995E-05 9.995E-05 9.995E-05 0.9994 9.995E-05 9.995E-05
0.0512704 0.0957923 0.149839 0.166354 0.280589 0.0408151 0.215341
9.99551E-05 9.99551E-05 0.0162299 9.99551E-05 0.98327 9.99551E-05 9.99551E-05
9.9964E-05 9.9964E-05 0.00154962 9.9964E-05 0.959408 0.0386424 9.9964E-05
9.9964E-05 9.9964E-05 0.0822909 0.0405219 0.876787 9.9964E-05 9.9964E-05
0.0075091 9.9973E-05 0.0678404 0.00753771 0.916813 9.9973E-05 9.9973E-05
9.99641E-05 9.99641E-05 9.99641E-05 9.99641E-05 0.899356 0.0253107 0.0749333
9.99549E-05 0.00982312 9.99549E-05 9.99549E-05 0.989677 9.99549E-05 9.99549E-05
9.99554E-05 9.99554E-05 0.482686 9.99554E-05 0.516814 9.99554E-05 9.99554E-05
9.99643E-05 9.99643E-05 0.314059 0.160812 0.52473 9.99643E-05 9.99643E-05
9.9964E-05 9.9964E-05 9.9964E-05 9.9964E-05 0.949134 0.0247609 0.0257055
9.9991E-05 0.0241265 0.0210193 0.0919258 0.124487 0.105546 0.632796
9.9991E-05 0.0193533 0.0765222 0.155348 0.0873461 0.0820696 0.579261
9.995E-05 0.9994 9.995E-05 9.995E-05 9.995E-05 9.995E-05 9.995E-05
9.995E-05 0.9994 9.995E-05 9.995E-05 9.995E-05 9.995E-05 9.995E-05
9.9964E-05 9.9964E-05 9.9964E-05 0.0043503 9.9964E-05 0.0393214 0.955928
9.9964E-05 9.9964E-05 9.9964E-05 0.0215063 9.9964E-05 0.0193455 0.958748
9.9955E-05 0.98451 0.01499 9.9955E-05 9.9955E-05 9.9955E-05 9.9955E-05
9.995E-05 0.9994 9.995E-05 9.995E-05 9.995E-05 9.995E-05 9.995E-05
9.99549E-05 9.99549E-05 9.99549E-05 0.040024 9.99549E-05 0.959476 9.99549E-05
0.037213 9.9982E-05 9.9982E-05 0.238403 0.0124162 0.118556 0.593212
9.9973E-05 9.9973E-05 0.555553 9.9973E-05 0.0919416 0.188438 0.163768
0.122631 0.288566 9.99821E-05 0.348461 0.0605961 9.99821E-05 0.179547
0.0646233 0.328715 9.9973E-05 0.408974 9.9973E-05 0.197388 9.9973E-05
0.0604713 0.0347094 0.289125 9.99821E-05 0.608755 9.99821E-05 0.0067394
