0.024223 9.99549E-05 0.975277 9.99549E-05 9.99549E-05 9.99549E-05 9.99549E-05
9.9973E-05 9.9973E-05 0.245362 0.247647 0.298946 0.207745 9.9973E-05
0.0485846 9.99733E-05 9.99733E-05 0.120395 0.730735 9.99733E-05 0.0999855
0.0267255 9.996E-05 9.996E-05 9.996E-05 0.966643 0.00623211 9.996E-05
9.997E-05 9.997E-05 0.0648695 0.219288 0.464876 0.250667 9.997E-05
9.9955E-05 0.00790615 9.9955E-05 9.9955E-05 0.991594 9.9955E-05 9.9955E-05
9.99642E-05 9.99642E-05 9.99642E-05 0.337566 9.99642E-05 0.2176 0.444434
0.0207086 9.99731E-05 9.99731E-05 0.439851 0.400904 0.138237 9.99731E-05
9.99641E-05 9.99641E-05 9.99641E-05 0.386179 9.99641E-05 0.305118 0.308303
9.99551E-05 9.99551E-05 9.99551E-05 0.008448 9.99551E-05 0.991052 9.99551E-05
9.995E-05 9.995E-05 9.995E-05 9.995E-05 9.995E-05 0.9994 9.995E-05
0.141145 9.9973E-05 0.652689 9.9973E-05 0.0182745 9.9973E-05 0.187592
9.99551E-05 9.99551E-05 9.99551E-05 9.99551E-05 0.00617582 9.99551E-05 0.993324
0.0154009 0.0205814 9.9964E-05 9.9964E-05 0.963618 9.9964E-05 9.9964E-05
9.997E-05 0.001524 0.0497507 9.997E-05 0.940533 0.00789192 9.997E-05
9.997E-05 9.997E-05 0.08447 9.997E-05 0.0251019 0.576339 0.31379
0.347686 0.0752887 9.9973E-05 9.9973E-05 9.9973E-05 0.414698 0.162027
9.997E-05 0.724792 0.0474531 0.0740285 9.997E-05 0.153427 9.997E-05
0.0804095 0.919091 9.9955E-05 9.9955E-05 9.9955E-05 9.9955E-05 9.9955E-05
0.0751102 9.9973E-05 0.144482 9.9973E-05 9.9973E-05 0.766101 0.0140063
9.995E-05 0.9994 9.995E-05 9.995E-05 9.995E-05 9.995E-05 9.995E-05
9.99639E-05 9.99639E-05 0.574042 9.99639E-05 9.99639E-05 0.305168 0.120389
0.334265 0.415214 9.9973E-05 9.9973E-05 0.0297526 0.220468 9.9973E-05
0.0729578 0.926542 9.99549E-05 9.99549E-05 9.99549E-05 9.99549E-05 9.99549E-05
9.9955E-05 9.9955E-05 9.9955E-05 0.0156114 0.983889 9.9955E-05 9.9955E-05
9.995E-05 9.995E-05 9.995E-05 9.995E-05 0.9994 9.995E-05 9.995E-05
0.058369 9.99729E-05 0.0640277 9.99729E-05 9.99729E-05 0.110526 0.766778
0.00827882 9.9973E-05 9.9973E-05 0.086717 0.901085 9.9973E-05 0.00361929
9.996E-05 9.996E-05 9.996E-05 0.0677501 0.924225 9.996E-05 0.00762502
0.0188712 0.00739196 9.99821E-05 0.243634 0.695033 9.99821E-05 0.0348701
0.0240183 9.99641E-05 9.99641E-05 0.344469 0.631112 9.99641E-05 9.99641E-05
9.99731E-05 9.99731E-05 0.25046 0.555113 0.108714 0.0854134 9.99731E-05
9.995E-05 9.995E-05 9.995E-05 9.995E-05 0.9994 9.995E-05 9.995E-05
0.00934509 9.9973E-05 9.9973E-05 0.918484 0.0680975 9.9973E-05 0.00377319
0.227245 9.99819E-05 0.0377288 9.99819E-05 0.075253 0.0689401 0.590633
9.99639E-05 9.99639E-05 0.014959 9.99639E-05 0.97313 9.99639E-05 0.0115108
9.9955E-05 9.9955E-05 0.979627 9.9955E-05 0.0198732 9.9955E-05 9.9955E-05
9.9973E-05 0.00865238 0.107424 0.135437 9.9973E-05 0.748187 9.9973E-05
0.367267 0.0470618 9.9982E-05 9.9982E-05 0.151036 0.287948 0.146487
9.99639E-05 9.99639E-05 0.240492 9.99639E-05 0.0919191 0.667189 9.99639E-05
0.00834934 0.0101496 0.312906 9.998E-05 0.0517003 0.616695 9.998E-05
9.9964E-05 0.00821951 0.0244483 9.9964E-05 9.9964E-05 0.966932 9.9964E-05
9.9964E-05 9.9964E-05 0.109878 9.9964E-05 9.9964E-05 0.688681 0.201042
0.0523361 9.9955E-05 9.9955E-05 9.9955E-05 9.9955E-05 0.947164 9.9955E-05
0.145158 0.11973 0.0538552 9.9982E-05 9.9982E-05 0.522263 0.158794
0.039234 0.0503624 0.164495 9.9991E-05 0.0685307 0.647138 0.0301397
0.137061 9.9991E-05 0.202599 0.0574763 0.0958622 0.266645 0.240256
9.99553E-05 0.00721503 0.992285 9.99553E-05 9.99553E-05 9.99553E-05 9.99553E-05
9.995E-05 9.995E-05 9.995E-05 0.9994 9.995E-05 9.995E-05 9.995E-05
9.995E-05 9.995E-05 9.995E-05 0.9994 9.995E-05 9.995E-05 9.995E-05
9.995E-05 9.995E-05 9.995E-05 0.9994 9.995E-05 9.995E-05 9.995E-05
9.995E-05 9.995E-05 9.995E-05 0.9994 9.995E-05 9.995E-05 9.995E-05
9.995E-05 9.995E-05 9.995E-05 0.9994 9.995E-05 9.995E-05 9.995E-05
9.998E-05 0.0412178 9.998E-05 0.635872 0.213913 0.0750064 0.0337905
9.99549E-05 9.99549E-05 0.0117027 0.987798 9.99549E-05 9.99549E-05 9.99549E-05
9.996E-05 9.996E-05 0.854721 9.996E-05 9.996E-05 0.0490816 0.095798
9.9973E-05 9.9973E-05 0.194126 0.54584 0.116555 0.14318 9.9973E-05
9.995E-05 9.995E-05 9.995E-05 9.995E-05 0.9994 9.995E-05 9.995E-05
0.0526047 9.9964E-05 0.0931713 9.9964E-05 9.9964E-05 9.9964E-05 0.853824
9.997E-05 9.997E-05 0.214731 9.997E-05 0.0401769 0.446728 0.298064
9.995E-05 9.995E-05 9.995E-05 9.995E-05 9.995E-05 9.995E-05 0.9994
9.99549E-05 9.99549E-05 9.99549E-05 9.99549E-05 9.99549E-05 0.10655 0.892951
0.0978146 0.00235225 0.00728519 9.998E-05 9.998E-05 0.0552163 0.837132
9.99731E-05 0.897486 0.0643744 0.0130776 9.99731E-05 0.024762 9.99731E-05
9.995E-05 9.995E-05 9.995E-05 9.995E-05 0.9994 9.995E-05 9.995E-05
0.0566224 0.0530924 9.999E-05 0.117184 0.236961 0.401719 0.134322
9.99552E-05 9.99552E-05 9.99552E-05 9.99552E-05 0.984372 9.99552E-05 0.015128
9.996E-05 9.996E-05 0.0384837 0.0149519 0.946165 9.996E-05 9.996E-05
9.9964E-05 9.9964E-05 9.9964E-05 0.0828038 0.904962 9.9964E-05 0.0118343
9.9955E-05 9.9955E-05 9.9955E-05 0.0547576 0.944743 9.9955E-05 9.9955E-05
9.99641E-05 9.99641E-05 0.0134613 9.99641E-05 0.933928 0.0522104 9.99641E-05
9.995E-05 9.995E-05 9.995E-05 9.995E-05 0.9994 9.995E-05 9.995E-05
9.997E-05 9.997E-05 9.997E-05 0.481034 0.509661 0.00668805 0.00231756
9.99643E-05 9.99643E-05 9.99643E-05 0.33813 0.517833 9.99643E-05 0.143638
0.00320397 9.999E-05 0.0100228 0.0132683 0.948707 0.00827602 0.0164217
0.00995326 9.999E-05 0.0700571 0.0466177 0.0691822 0.76594 0.0381499
9.998E-05 9.998E-05 0.0569257 0.045643 0.0665687 0.732142 0.0985203
0.9994 9.995E-05 9.995E-05 9.995E-05 9.995E-05 9.995E-05 9.995E-05
0.9994 9.995E-05 9.995E-05 9.995E-05 9.995E-05 9.995E-05 9.995E-05
9.995E-05 9.995E-05 0.0156664 9.995E-05 9.995E-05 0.983834 9.995E-05
9.9973E-05 9.9973E-05 0.0296681 0.000209531 9.9973E-05 0.929739 0.040083
0.998301 9.9955E-05 9.9955E-05 0.00119893 9.9955E-05 9.9955E-05 9.9955E-05
0.9994 9.995E-05 9.995E-05 9.995E-05 9.995E-05 9.995E-05 9.995E-05
9.99549E-05 9.99549E-05 0.958718 9.99549E-05 9.99549E-05 9.99549E-05 0.040782
9.998E-05 0.0541873 0.114243 9.998E-05 0.00393368 0.58123 0.246206
9.9973E-05 9.9973E-05 0.199572 0.602805 0.0612905 0.136032 9.9973E-05
0.271342 0.144732 9.998E-05 9.998E-05 0.0817373 0.185026 0.316962
0.320326 0.0917136 0.175697 9.9982E-05 9.9982E-05 0.0106007 0.401463
0.0511115 0.0149961 9.99821E-05 0.343234 0.570184 9.99821E-05 0.0202738
