0.934889 9.99188E-05 9.99188E-05 0.00701644 9.99188E-05 9.99188E-05 9.99188E-05 9.99188E-05 0.0571949 9.99188E-05 9.99188E-05 9.99188E-05
0.102237 0.647903 9.99278E-05 9.99278E-05 9.99278E-05 0.18096 9.99278E-05 9.99278E-05 9.99278E-05 9.99278E-05 0.0681016 9.99278E-05
9.9901E-05 9.9901E-05 9.9901E-05 9.9901E-05 9.9901E-05 9.9901E-05 9.9901E-05 9.9901E-05 9.9901E-05 9.9901E-05 9.9901E-05 0.998901
9.99191E-05 9.99191E-05 9.99191E-05 0.0151396 9.99191E-05 0.958569 9.99191E-05 9.99191E-05 9.99191E-05 9.99191E-05 0.0253918 9.99191E-05
9.995E-05 0.274198 9.995E-05 9.995E-05 0.104301 0.281676 9.995E-05 0.00610867 0.157772 9.995E-05 0.0816139 0.0938303
9.99101E-05 9.99101E-05 9.99101E-05 9.99101E-05 9.99101E-05 0.930951 9.99101E-05 9.99101E-05 9.99101E-05 9.99101E-05 0.0680497 9.99101E-05
9.99192E-05 0.706351 0.00944318 9.99192E-05 9.99192E-05 9.99192E-05 9.99192E-05 9.99192E-05 9.99192E-05 0.283306 9.99192E-05 9.99192E-05
9.99549E-05 0.0974503 9.99549E-05 0.0294294 0.724848 0.00622451 9.99549E-05 0.0372414 0.080345 9.99549E-05 9.99549E-05 0.0239611
9.9919E-05 0.736587 0.0544968 9.9919E-05 9.9919E-05 9.9919E-05 9.9919E-05 9.9919E-05 9.9919E-05 0.208017 9.9919E-05 9.9919E-05
9.99102E-05 0.0133202 9.99102E-05 9.99102E-05 9.99102E-05 9.99102E-05 9.99102E-05 9.99102E-05 0.985681 9.99102E-05 9.99102E-05 9.99102E-05
9.99012E-05 9.99012E-05 9.99012E-05 9.99012E-05 9.99012E-05 9.99012E-05 9.99012E-05 9.99012E-05 0.998901 9.99012E-05 9.99012E-05 9.99012E-05
0.690899 9.9946E-05 0.00804818 0.119386 9.9946E-05 9.9946E-05 9.9946E-05 9.9946E-05 9.9946E-05 0.113579 0.00176148 0.0657263
9.99102E-05 9.99102E-05 9.99102E-05 9.99102E-05 0.0451392 9.99102E-05 9.99102E-05 9.99102E-05 9.99102E-05 0.953862 9.99102E-05 9.99102E-05
0.0226663 9.99281E-05 9.99281E-05 9.99281E-05 9.99281E-05 0.902713 0.0130603 9.99281E-05 9.99281E-05 9.99281E-05 0.060761 9.99281E-05
0.0181016 9.99281E-05 9.99281E-05 9.99281E-05 9.99281E-05 0.949913 0.00451438 9.99281E-05 0.0266719 9.99281E-05 9.99281E-05 9.99281E-05
9.9928E-05 9.9928E-05 0.78312 9.9928E-05 9.9928E-05 9.9928E-05 9.9928E-05 9.9928E-05 0.0523116 0.151857 0.0119127 9.9928E-05
9.99188E-05 9.99188E-05 0.00223574 9.99188E-05 9.99188E-05 9.99188E-05 9.99188E-05 9.99188E-05 0.0667627 9.99188E-05 0.930102 9.99188E-05
9.99459E-05 0.0765241 0.0914419 9.99459E-05 9.99459E-05 9.99459E-05 0.692744 0.0242077 0.0938645 9.99459E-05 9.99459E-05 0.0206182
9.9919E-05 9.9919E-05 9.9919E-05 0.0367186 9.9919E-05 9.9919E-05 0.945907 9.9919E-05 9.9919E-05 0.0164747 9.9919E-05 9.9919E-05
0.124168 9.99369E-05 0.297703 0.0433847 9.99369E-05 9.99369E-05 9.99369E-05 9.99369E-05 0.443713 9.99369E-05 0.0903324 9.99369E-05
9.991E-05 9.991E-05 9.991E-05 9.991E-05 9.991E-05 9.991E-05 0.972306 9.991E-05 9.991E-05 9.991E-05 9.991E-05 0.0266953
0.537192 9.99369E-05 0.307506 9.99369E-05 9.99369E-05 9.99369E-05 9.99369E-05 9.99369E-05 0.0418271 0.0147814 0.0979933 9.99369E-05
9.99281E-05 9.99281E-05 9.99281E-05 0.15777 9.99281E-05 9.99281E-05 0.323932 9.99281E-05 0.182572 9.99281E-05 0.334927 9.99281E-05
9.9919E-05 9.9919E-05 9.9919E-05 0.0671476 9.9919E-05 9.9919E-05 0.920344 9.9919E-05 9.9919E-05 9.9919E-05 0.0116096 9.9919E-05
9.99192E-05 9.99192E-05 9.99192E-05 9.99192E-05 9.99192E-05 0.980698 9.99192E-05 0.00565471 9.99192E-05 9.99192E-05 9.99192E-05 0.0127478
9.99102E-05 9.99102E-05 9.99102E-05 9.99102E-05 9.99102E-05 0.987118 9.99102E-05 0.0118827 9.99102E-05 9.99102E-05 9.99102E-05 9.99102E-05
0.103812 9.99368E-05 9.99368E-05 0.062953 9.99368E-05 9.99368E-05 9.99368E-05 9.99368E-05 0.0533972 0.75171 0.0274276 9.99368E-05
9.99281E-05 9.99281E-05 9.99281E-05 9.99281E-05 9.99281E-05 0.929128 9.99281E-05 0.0636777 9.99281E-05 0.00501508 9.99281E-05 0.00137997
9.9928E-05 9.9928E-05 0.0250076 9.9928E-05 9.9928E-05 0.865565 9.9928E-05 0.0772123 9.9928E-05 9.9928E-05 9.9928E-05 0.0314159
0.0071833 9.9973E-05 9.9973E-05 0.0293782 0.403991 0.388752 0.0209911 0.0811591 9.9973E-05 0.00400789 0.0176346 0.0466035
9.99369E-05 9.99369E-05 9.99369E-05 0.0255492 0.723319 0.218377 9.99369E-05 0.0212975 9.99369E-05 9.99369E-05 0.0107579 9.99369E-05
9.99102E-05 0.9671 9.99102E-05 9.99102E-05 9.99102E-05 9.99102E-05 9.99102E-05 0.0319013 9.99102E-05 9.99102E-05 9.99102E-05 9.99102E-05
9.99192E-05 9.99192E-05 0.015769 9.99192E-05 0.13193 0.851402 9.99192E-05 9.99192E-05 9.99192E-05 9.99192E-05 9.99192E-05 9.99192E-05
0.0250094 9.99192E-05 9.99192E-05 9.99192E-05 0.270174 9.99192E-05 9.99192E-05 0.703918 9.99192E-05 9.99192E-05 9.99192E-05 9.99192E-05
0.0406413 9.99457E-05 9.99457E-05 0.113614 0.0683511 9.99457E-05 9.99457E-05 9.99457E-05 0.0253132 0.457362 0.294119 9.99457E-05
9.99279E-05 9.99279E-05 0.00186888 9.99279E-05 0.0206016 0.949303 9.99279E-05 9.99279E-05 9.99279E-05 9.99279E-05 0.0274266 9.99279E-05
0.976455 9.991E-05 9.991E-05 9.991E-05 9.991E-05 9.991E-05 9.991E-05 9.991E-05 9.991E-05 9.991E-05 9.991E-05 0.0225459
0.120384 0.174311 9.9955E-05 9.9955E-05 0.0248931 0.000290669 0.0107361 9.9955E-05 0.661486 9.9955E-05 9.9955E-05 0.00739922
9.99098E-05 9.99098E-05 9.99098E-05 9.99098E-05 0.0368356 9.99098E-05 9.99098E-05 9.99098E-05 9.99098E-05 9.99098E-05 0.962165 9.99098E-05
0.172362 9.99368E-05 0.318792 9.99368E-05 9.99368E-05 0.0878256 9.99368E-05 9.99368E-05 0.258624 9.99368E-05 0.161697 9.99368E-05
0.233027 9.99458E-05 0.307467 9.99458E-05 9.99458E-05 0.0430908 0.000572893 9.99458E-05 0.308835 9.99458E-05 0.106407 9.99458E-05
0.0223647 9.99279E-05 0.00882485 9.99279E-05 9.99279E-05 9.99279E-05 9.99279E-05 9.99279E-05 0.935971 9.99279E-05 0.0320405 9.99279E-05
0.00519797 0.0153743 0.92308 9.9937E-05 9.9937E-05 9.9937E-05 0.00462723 9.9937E-05 9.9937E-05 0.0510206 9.9937E-05 9.9937E-05
0.0445884 9.9937E-05 9.9937E-05 0.00765832 9.9937E-05 9.9937E-05 9.9937E-05 9.9937E-05 0.90659 0.0340745 0.00638964 9.9937E-05
0.0620529 0.0163741 0.0881362 0.0990824 9.9964E-05 9.9964E-05 0.0976498 9.9964E-05 0.424374 0.146184 0.0657466 9.9964E-05
0.0926378 0.0329234 0.182315 0.0190129 0.0327541 0.0288919 0.0285205 9.999E-05 0.551158 0.0187803 0.00485042 0.00805546
0.160456 9.9955E-05 9.9955E-05 0.0293943 9.9955E-05 0.117281 9.9955E-05 0.0203612 0.279261 0.116763 0.275984 9.9955E-05
0.998901 9.99017E-05 9.99017E-05 9.99017E-05 9.99017E-05 9.99017E-05 9.99017E-05 9.99017E-05 9.99017E-05 9.99017E-05 9.99017E-05 9.99017E-05
9.99101E-05 9.99101E-05 9.99101E-05 9.99101E-05 9.99101E-05 9.99101E-05 0.00167037 0.997331 9.99101E-05 9.99101E-05 9.99101E-05 9.99101E-05
9.99011E-05 9.99011E-05 9.99011E-05 9.99011E-05 9.99011E-05 9.99011E-05 9.99011E-05 0.998901 9.99011E-05 9.99011E-05 9.99011E-05 9.99011E-05
9.99012E-05 9.99012E-05 9.99012E-05 9.99012E-05 9.99012E-05 9.99012E-05 9.99012E-05 0.998901 9.99012E-05 9.99012E-05 9.99012E-05 9.99012E-05
9.99012E-05 9.99012E-05 9.99012E-05 9.99012E-05 9.99012E-05 9.99012E-05 9.99012E-05 0.998901 9.99012E-05 9.99012E-05 9.99012E-05 9.99012E-05
9.99012E-05 9.99012E-05 9.99012E-05 9.99012E-05 9.99012E-05 9.99012E-05 9.99012E-05 0.998901 9.99012E-05 9.99012E-05 9.99012E-05 9.99012E-05
9.99551E-05 0.094561 0.0705871 9.99551E-05 0.353826 0.0688564 0.0170959 0.363887 9.99551E-05 0.0306873 9.99551E-05 9.99551E-05
0.00761102 0.0692584 9.9919E-05 9.9919E-05 9.9919E-05 9.9919E-05 9.9919E-05 0.922231 9.9919E-05 9.9919E-05 9.9919E-05 9.9919E-05
0.774369 9.99189E-05 0.193733 9.99189E-05 9.99189E-05 9.99189E-05 9.99189E-05 9.99189E-05 9.99189E-05 0.0309986 9.99189E-05 9.99189E-05
0.0388942 0.806572 9.99368E-05 0.043901 9.99368E-05 9.99368E-05 9.99368E-05 0.0970392 9.99368E-05 9.99368E-05 9.99368E-05 0.0128945
9.9928E-05 0.0114939 9.9928E-05 9.9928E-05 9.9928E-05 0.955149 9.9928E-05 9.9928E-05 9.9928E-05 9.9928E-05 0.0296952 0.00286236
0.0786737 9.9937E-05 0.0841691 0.0702468 9.9937E-05 9.9937E-05 9.9937E-05 0.00759313 9.9937E-05 0.758618 9.9937E-05 9.9937E-05
9.99103E-05 9.99103E-05 0.928608 9.99103E-05 9.99103E-05 9.99103E-05 9.99103E-05 9.99103E-05 9.99103E-05 0.0703931 9.99103E-05 9.99103E-05
9.99103E-05 9.99103E-05 9.99103E-05 9.99103E-05 9.99103E-05 9.99103E-05 9.99103E-05 9.99103E-05 9.99103E-05 0.9929 9.99103E-05 0.00610108
0.0229992 9.99279E-05 0.0235327 9.99279E-05 9.99279E-05 9.99279E-05 9.99279E-05 9.99279E-05 0.0960451 0.856624 9.99279E-05 9.99279E-05
9.99188E-05 9.99188E-05 9.99188E-05 0.0696938 9.99188E-05 9.99188E-05 9.99188E-05 9.99188E-05 0.116252 0.813155 9.99188E-05 9.99188E-05
0.114679 9.99103E-05 9.99103E-05 9.99103E-05 9.99103E-05 9.99103E-05 0.884322 9.99103E-05 9.99103E-05 9.99103E-05 9.99103E-05 9.99103E-05
9.99103E-05 9.99103E-05 9.99103E-05 9.99103E-05 9.99103E-05 0.926671 9.99103E-05 9.99103E-05 9.99103E-05 9.99103E-05 9.99103E-05 0.07233
9.998E-05 0.0228933 0.180794 0.0820998 0.212004 0.0875335 0.0423071 0.0738881 0.179477 0.0795698 9.998E-05 0.0392339
9.99372E-05 9.99372E-05 0.0375079 9.99372E-05 0.0277958 0.825687 9.99372E-05 9.99372E-05 9.99372E-05 0.0212736 9.99372E-05 0.0870362
0.0105237 9.9928E-05 9.9928E-05 9.9928E-05 9.9928E-05 0.910504 9.9928E-05 0.0277882 9.9928E-05 9.9928E-05 0.0503844 9.9928E-05
9.9946E-05 0.00194779 0.0297405 9.9946E-05 0.0557637 0.867646 9.9946E-05 0.0316923 9.9946E-05 0.0126097 9.9946E-05 9.9946E-05
9.99461E-05 0.0398003 0.00416867 9.99461E-05 0.00893289 0.890367 0.00525328 0.0508785 9.99461E-05 9.99461E-05 9.99461E-05 9.99461E-05
0.0154918 9.99372E-05 9.99372E-05 9.99372E-05 0.101661 0.819216 9.99372E-05 9.99372E-05 0.0334034 9.99372E-05 0.0295275 9.99372E-05
9.991E-05 9.991E-05 9.991E-05 9.991E-05 9.991E-05 0.951543 9.991E-05 9.991E-05 9.991E-05 9.991E-05 0.0474574 9.991E-05
9.9919E-05 9.9919E-05 9.9919E-05 9.9919E-05 0.986727 9.9919E-05 9.9919E-05 0.0101768 9.9919E-05 9.9919E-05 9.9919E-05 0.00219672
9.99101E-05 9.99101E-05 9.99101E-05 9.99101E-05 0.944286 9.99101E-05 9.99101E-05 9.99101E-05 9.99101E-05 0.0547147 9.99101E-05 9.99101E-05
0.00221697 9.99461E-05 0.0299262 0.0184538 9.99461E-05 0.943369 0.00149137 9.99461E-05 9.99461E-05 9.99461E-05 9.99461E-05 0.0039434
9.991E-05 9.991E-05 0.984877 9.991E-05 0.014124 9.991E-05 9.991E-05 9.991E-05 9.991E-05 9.991E-05 9.991E-05 9.991E-05
9.991E-05 9.991E-05 0.995896 9.991E-05 9.991E-05 9.991E-05 9.991E-05 0.00310474 9.991E-05 9.991E-05 9.991E-05 9.991E-05
9.99011E-05 9.99011E-05 9.99011E-05 0.998901 9.99011E-05 9.99011E-05 9.99011E-05 9.99011E-05 9.99011E-05 9.99011E-05 9.99011E-05 9.99011E-05
9.99012E-05 9.99012E-05 9.99012E-05 0.998901 9.99012E-05 9.99012E-05 9.99012E-05 9.99012E-05 9.99012E-05 9.99012E-05 9.99012E-05 9.99012E-05
0.01786 0.0255636 0.113926 9.99369E-05 9.99369E-05 0.00293363 9.99369E-05 9.99369E-05 0.839017 9.99369E-05 9.99369E-05 9.99369E-05
0.0255436 0.0141226 0.142936 9.99369E-05 9.99369E-05 9.99369E-05 9.99369E-05 9.99369E-05 0.80078 0.0159188 9.99369E-05 9.99369E-05
9.99101E-05 9.99101E-05 9.99101E-05 0.974148 0.0248526 9.99101E-05 9.99101E-05 9.99101E-05 9.99101E-05 9.99101E-05 9.99101E-05 9.99101E-05
9.99011E-05 9.99011E-05 9.99011E-05 0.998901 9.99011E-05 9.99011E-05 9.99011E-05 9.99011E-05 9.99011E-05 9.99011E-05 9.99011E-05 9.99011E-05
0.906101 9.99279E-05 0.0280715 9.99279E-05 9.99279E-05 9.99279E-05 9.99279E-05 0.00622562 9.99279E-05 0.0588022 9.99279E-05 9.99279E-05
9.9937E-05 0.0734593 0.568704 9.9937E-05 9.9937E-05 9.9937E-05 0.0749623 9.9937E-05 0.124624 0.157551 9.9937E-05 9.9937E-05
9.99099E-05 0.928502 9.99099E-05 9.99099E-05 9.99099E-05 9.99099E-05 9.99099E-05 0.0704991 9.99099E-05 9.99099E-05 9.99099E-05 9.99099E-05
9.99462E-05 9.99462E-05 9.99462E-05 0.0408376 9.99462E-05 0.00699815 0.0765453 9.99462E-05 0.212819 0.176454 0.485746 9.99462E-05
0.097486 9.99282E-05 9.99282E-05 0.0892317 9.99282E-05 9.99282E-05 9.99282E-05 9.99282E-05 9.99282E-05 0.246611 0.565871 9.99282E-05
9.99191E-05 9.99191E-05 9.99191E-05 9.99191E-05 0.856961 0.110183 0.0319574 9.99191E-05 9.99191E-05 9.99191E-05 9.99191E-05 9.99191E-05
