9.99189E-05 9.99189E-05 9.99189E-05 9.99189E-05 0.0364423 9.99189E-05 9.99189E-05 0.948612 9.99189E-05 0.0140464 9.99189E-05 9.99189E-05
9.993E-05 9.993E-05 9.993E-05 9.993E-05 9.993E-05 9.993E-05 0.0212544 0.0388879 9.993E-05 0.115736 0.13741 0.686012
0.0557834 9.99375E-05 0.107352 0.193582 9.99375E-05 9.99375E-05 0.0102651 9.99375E-05 9.99375E-05 9.99375E-05 0.632318 9.99375E-05
9.99281E-05 9.99281E-05 9.99281E-05 9.99281E-05 0.00245816 0.0162812 0.0297049 9.99281E-05 9.99281E-05 9.99281E-05 0.950756 9.99281E-05
9.99551E-05 9.99551E-05 9.99551E-05 0.0772854 0.0780552 0.0218871 9.99551E-05 9.99551E-05 0.0627058 0.0528027 0.348876 0.357888
0.000791497 9.99281E-05 9.99281E-05 9.99281E-05 9.99281E-05 9.99281E-05 9.99281E-05 0.0145082 9.99281E-05 0.00917629 0.974725 9.99281E-05
9.99282E-05 0.0338499 0.306733 0.00608265 9.99282E-05 9.99282E-05 9.99282E-05 9.99282E-05 9.99282E-05 9.99282E-05 9.99282E-05 0.652535
9.99459E-05 9.99459E-05 9.99459E-05 0.688924 0.0891716 0.0794978 0.0246578 9.99459E-05 9.99459E-05 9.99459E-05 0.0603762 0.0567731
9.99191E-05 0.0749974 0.227105 9.99191E-05 9.99191E-05 9.99191E-05 9.99191E-05 9.99191E-05 9.99191E-05 9.99191E-05 9.99191E-05 0.696998
9.99012E-05 9.99012E-05 9.99012E-05 9.99012E-05 0.998901 9.99012E-05 9.99012E-05 9.99012E-05 9.99012E-05 9.99012E-05 9.99012E-05 9.99012E-05
9.99013E-05 9.99013E-05 9.99013E-05 9.99013E-05 0.998901 9.99013E-05 9.99013E-05 9.99013E-05 9.99013E-05 9.99013E-05 9.99013E-05 9.99013E-05
9.9937E-05 9.9937E-05 0.173144 0.0053994 9.9937E-05 9.9937E-05 0.139245 0.672414 9.9937E-05 9.9937E-05 0.00909698 9.9937E-05
9.99281E-05 9.99281E-05 0.90952 0.00190466 9.99281E-05 9.99281E-05 9.99281E-05 9.99281E-05 0.0772888 9.99281E-05 0.0104872 9.99281E-05
0.0196493 9.99371E-05 9.99371E-05 9.99371E-05 9.99371E-05 9.99371E-05 0.00705201 0.0119453 9.99371E-05 0.0284332 0.932221 9.99371E-05
0.00211291 9.99191E-05 9.99191E-05 9.99191E-05 9.99191E-05 9.99191E-05 9.99191E-05 0.0446249 9.99191E-05 9.99191E-05 0.952363 9.99191E-05
9.9919E-05 0.794447 0.0896825 9.9919E-05 9.9919E-05 9.9919E-05 9.9919E-05 9.9919E-05 0.114971 9.9919E-05 9.9919E-05 9.9919E-05
9.991E-05 9.991E-05 9.991E-05 9.991E-05 0.0808514 9.991E-05 9.991E-05 9.991E-05 9.991E-05 0.918149 9.991E-05 9.991E-05
0.717597 0.12568 9.99549E-05 9.99549E-05 0.0363192 0.0504526 9.99549E-05 0.0243657 9.99549E-05 0.0172519 9.99549E-05 0.0278337
0.92102 9.9919E-05 9.9919E-05 9.9919E-05 9.9919E-05 9.9919E-05 0.0700419 9.9919E-05 0.00803851 9.9919E-05 9.9919E-05 9.9919E-05
9.99369E-05 0.31942 9.99369E-05 9.99369E-05 0.449424 9.99369E-05 0.0258179 0.058043 0.146595 9.99369E-05 9.99369E-05 9.99369E-05
0.998901 9.9901E-05 9.9901E-05 9.9901E-05 9.9901E-05 9.9901E-05 9.9901E-05 9.9901E-05 9.9901E-05 9.9901E-05 9.9901E-05 9.9901E-05
9.99549E-05 0.315875 0.0411484 9.99549E-05 0.0315999 9.99549E-05 0.00244116 0.531641 0.0142314 0.0625639 9.99549E-05 9.99549E-05
0.360617 9.9937E-05 9.9937E-05 9.9937E-05 0.198291 9.9937E-05 0.175837 9.9937E-05 0.0733718 0.191185 9.9937E-05 9.9937E-05
0.88188 9.99279E-05 9.99279E-05 9.99279E-05 0.0116558 9.99279E-05 0.0249411 9.99279E-05 0.0807241 9.99279E-05 9.99279E-05 9.99279E-05
9.99191E-05 9.99191E-05 9.99191E-05 0.021648 9.99191E-05 0.015255 9.99191E-05 9.99191E-05 9.99191E-05 9.99191E-05 0.962198 9.99191E-05
9.99012E-05 9.99012E-05 9.99012E-05 9.99012E-05 9.99012E-05 9.99012E-05 9.99012E-05 9.99012E-05 9.99012E-05 9.99012E-05 0.998901 9.99012E-05
9.99368E-05 9.99368E-05 0.727648 9.99368E-05 0.0949541 9.99368E-05 0.0517296 0.0702304 9.99368E-05 0.0547388 9.99368E-05 9.99368E-05
9.9919E-05 9.9919E-05 9.9919E-05 9.9919E-05 9.9919E-05 0.0433713 9.9919E-05 9.9919E-05 9.9919E-05 9.9919E-05 0.893816 0.0619136
9.99281E-05 9.99281E-05 9.99281E-05 0.00906581 9.99281E-05 0.0612485 9.99281E-05 9.99281E-05 9.99281E-05 9.99281E-05 0.912086 0.0167998
0.0287209 9.99731E-05 0.00198605 0.177033 9.99731E-05 0.184037 0.00252157 9.99731E-05 0.0251903 0.0136339 0.560018 0.00655914
9.9946E-05 9.9946E-05 9.9946E-05 0.479264 0.0294214 0.0913426 0.0142882 9.9946E-05 0.00423353 9.9946E-05 0.380851 9.9946E-05
9.99102E-05 9.99102E-05 9.99102E-05 9.99102E-05 9.99102E-05 9.99102E-05 0.0143322 9.99102E-05 9.99102E-05 9.99102E-05 9.99102E-05 0.984669
9.99101E-05 9.99101E-05 9.99101E-05 0.191133 9.99101E-05 9.99101E-05 9.99101E-05 9.99101E-05 9.99101E-05 9.99101E-05 0.807868 9.99101E-05
9.99371E-05 0.00290098 9.99371E-05 0.316587 9.99371E-05 0.673366 9.99371E-05 0.00605644 9.99371E-05 9.99371E-05 0.000389987 9.99371E-05
9.99458E-05 9.99458E-05 0.417047 0.0432334 9.99458E-05 9.99458E-05 0.118333 0.0590755 0.0719262 0.289785 9.99458E-05 9.99458E-05
9.99279E-05 9.99279E-05 0.00204762 0.0617994 9.99279E-05 9.99279E-05 9.99279E-05 9.99279E-05 0.0554299 9.99279E-05 0.879924 9.99279E-05
9.991E-05 9.991E-05 9.991E-05 0.0553738 9.991E-05 9.991E-05 9.991E-05 0.943627 9.991E-05 9.991E-05 9.991E-05 9.991E-05
9.99369E-05 9.99369E-05 9.99369E-05 0.0227877 0.582118 9.99369E-05 9.99369E-05 0.127986 9.99369E-05 0.0670867 9.99369E-05 0.199321
9.9901E-05 9.9901E-05 9.9901E-05 9.9901E-05 9.9901E-05 9.9901E-05 9.9901E-05 9.9901E-05 9.9901E-05 0.998901 9.9901E-05 9.9901E-05
9.99368E-05 0.296289 9.99368E-05 9.99368E-05 0.193158 9.99368E-05 9.99368E-05 0.268782 9.99368E-05 0.164681 0.0763903 9.99368E-05
9.99398E-05 0.269544 9.99398E-05 9.99398E-05 0.251344 9.99398E-05 9.99398E-05 0.295574 9.99398E-05 0.147976 0.0348628 9.99398E-05
9.994E-05 0.040373 0.0015346 9.994E-05 0.870394 9.994E-05 9.994E-05 0.0573073 0.00285041 0.0269412 9.994E-05 9.994E-05
0.00575097 0.852683 0.0883893 9.9937E-05 0.00695121 9.9937E-05 9.9937E-05 9.9937E-05 9.9937E-05 9.9937E-05 9.9937E-05 0.0455261
9.99369E-05 9.99369E-05 9.99369E-05 9.99369E-05 0.874499 9.99369E-05 0.00265695 0.0178002 0.0900097 0.0143342 9.99369E-05 9.99369E-05
0.0840066 0.0495325 0.0755904 9.99729E-05 0.374211 0.00831592 0.0368164 0.0569413 0.253472 9.99729E-05 9.99729E-05 0.0608137
0.00908277 0.119652 9.9955E-05 9.9955E-05 0.454337 9.9955E-05 9.9955E-05 0.174084 0.156119 9.9955E-05 0.0494825 0.0367442
9.995E-05 9.995E-05 0.0426158 9.995E-05 0.165653 0.0546721 9.995E-05 0.229616 0.273958 0.167836 0.0651499 9.995E-05
9.99017E-05 9.99017E-05 9.99017E-05 9.99017E-05 9.99017E-05 9.99017E-05 9.99017E-05 0.998901 9.99017E-05 9.99017E-05 9.99017E-05 9.99017E-05
9.99011E-05 9.99011E-05 9.99011E-05 9.99011E-05 9.99011E-05 0.998901 9.99011E-05 9.99011E-05 9.99011E-05 9.99011E-05 9.99011E-05 9.99011E-05
0.000236428 9.9937E-05 9.9937E-05 9.9937E-05 0.0328977 0.947316 9.9937E-05 9.9937E-05 0.00929363 0.00955624 9.9937E-05 9.9937E-05
9.99101E-05 9.99101E-05 9.99101E-05 9.99101E-05 9.99101E-05 0.983298 9.99101E-05 9.99101E-05 9.99101E-05 9.99101E-05 0.0157024 9.99101E-05
9.99011E-05 9.99011E-05 9.99011E-05 9.99011E-05 9.99011E-05 0.998901 9.99011E-05 9.99011E-05 9.99011E-05 9.99011E-05 9.99011E-05 9.99011E-05
9.99012E-05 9.99012E-05 9.99012E-05 9.99012E-05 9.99012E-05 0.998901 9.99012E-05 9.99012E-05 9.99012E-05 9.99012E-05 9.99012E-05 9.99012E-05
0.0215782 0.113288 9.99462E-05 0.334974 9.99462E-05 0.398284 9.99462E-05 9.99462E-05 9.99462E-05 9.99462E-05 0.108667 0.0226089
9.9928E-05 0.0161586 9.9928E-05 9.9928E-05 9.9928E-05 0.94174 9.9928E-05 0.0331026 9.9928E-05 9.9928E-05 9.9928E-05 0.00819979
9.99188E-05 0.164927 9.99188E-05 9.99188E-05 9.99188E-05 9.99188E-05 9.99188E-05 0.77453 0.0596432 9.99188E-05 9.99188E-05 9.99188E-05
9.99278E-05 9.99278E-05 9.99278E-05 9.99278E-05 9.99278E-05 0.0779267 0.0165955 0.00571604 9.99278E-05 9.99278E-05 9.99278E-05 0.898962
9.99189E-05 9.99189E-05 9.99189E-05 9.99189E-05 9.99189E-05 9.99189E-05 9.99189E-05 9.99189E-05 0.0226989 0.0170485 0.959353 9.99189E-05
9.9928E-05 0.127106 0.797812 9.9928E-05 9.9928E-05 9.9928E-05 0.0586047 0.0156778 9.9928E-05 9.9928E-05 9.9928E-05 9.9928E-05
9.99102E-05 0.884906 9.99102E-05 9.99102E-05 9.99102E-05 9.99102E-05 9.99102E-05 9.99102E-05 0.114095 9.99102E-05 9.99102E-05 9.99102E-05
9.99014E-05 9.99014E-05 0.998901 9.99014E-05 9.99014E-05 9.99014E-05 9.99014E-05 9.99014E-05 9.99014E-05 9.99014E-05 9.99014E-05 9.99014E-05
9.99189E-05 9.99189E-05 0.891037 9.99189E-05 0.100109 9.99189E-05 9.99189E-05 0.00795469 9.99189E-05 9.99189E-05 9.99189E-05 9.99189E-05
0.0111742 9.99368E-05 0.746947 9.99368E-05 0.127908 9.99368E-05 0.054152 9.99368E-05 0.0591194 9.99368E-05 9.99368E-05 9.99368E-05
0.876166 9.99103E-05 9.99103E-05 9.99103E-05 9.99103E-05 9.99103E-05 9.99103E-05 0.122835 9.99103E-05 9.99103E-05 9.99103E-05 9.99103E-05
9.99014E-05 9.99014E-05 9.99014E-05 9.99014E-05 9.99014E-05 9.99014E-05 9.99014E-05 9.99014E-05 9.99014E-05 9.99014E-05 0.998901 9.99014E-05
0.0379144 9.996E-05 0.132766 0.197014 0.128278 0.100678 0.129641 0.129139 9.996E-05 9.996E-05 0.144171 9.996E-05
9.99283E-05 0.0279101 0.0124104 0.0682638 9.99283E-05 9.99283E-05 9.99283E-05 9.99283E-05 9.99283E-05 9.99283E-05 0.890616 9.99283E-05
9.9937E-05 9.9937E-05 9.9937E-05 0.0042611 9.9937E-05 0.0143533 9.9937E-05 0.0361732 9.9937E-05 0.0309841 0.913529 9.9937E-05
9.9928E-05 0.0168613 9.9928E-05 0.0210375 9.9928E-05 0.0541291 9.9928E-05 9.9928E-05 9.9928E-05 9.9928E-05 0.907173 9.9928E-05
9.99371E-05 0.0171623 0.00333955 0.0282387 9.99371E-05 9.99371E-05 9.99371E-05 9.99371E-05 9.99371E-05 9.99371E-05 0.90107 0.0494901
9.99371E-05 9.99371E-05 9.99371E-05 0.095326 0.0351699 9.99371E-05 9.99371E-05 9.99371E-05 0.0262271 9.99371E-05 0.823669 0.0189084
9.99189E-05 9.99189E-05 9.99189E-05 9.99189E-05 9.99189E-05 9.99189E-05 9.99189E-05 9.99189E-05 0.0142523 0.0175559 0.967292 9.99189E-05
9.99009E-05 9.99009E-05 9.99009E-05 0.998901 9.99009E-05 9.99009E-05 9.99009E-05 9.99009E-05 9.99009E-05 9.99009E-05 9.99009E-05 9.99009E-05
9.991E-05 9.991E-05 0.0486487 0.950352 9.991E-05 9.991E-05 9.991E-05 9.991E-05 9.991E-05 9.991E-05 9.991E-05 9.991E-05
9.99371E-05 9.99371E-05 9.99371E-05 9.99371E-05 0.00195674 0.0576297 0.0149633 0.00588601 9.99371E-05 9.99371E-05 0.918865 9.99371E-05
9.99272E-05 0.970618 9.99272E-05 0.0184514 9.99272E-05 9.99272E-05 0.0100309 9.99272E-05 9.99272E-05 9.99272E-05 9.99272E-05 9.99272E-05
9.99099E-05 0.975409 9.99099E-05 9.99099E-05 9.99099E-05 0.0235919 9.99099E-05 9.99099E-05 9.99099E-05 9.99099E-05 9.99099E-05 9.99099E-05
9.99101E-05 9.99101E-05 9.99101E-05 9.99101E-05 9.99101E-05 9.99101E-05 0.998413 0.000588117 9.99101E-05 9.99101E-05 9.99101E-05 9.99101E-05
9.99012E-05 9.99012E-05 9.99012E-05 9.99012E-05 9.99012E-05 9.99012E-05 0.998901 9.99012E-05 9.99012E-05 9.99012E-05 9.99012E-05 9.99012E-05
9.99459E-05 0.0996671 0.0138049 9.99459E-05 0.807541 9.99459E-05 9.99459E-05 0.0640854 9.99459E-05 9.99459E-05 0.00359533 0.010707
9.99279E-05 0.14172 0.0830063 9.99279E-05 0.729948 9.99279E-05 9.99279E-05 0.0445261 9.99279E-05 9.99279E-05 9.99279E-05 9.99279E-05
9.99154E-05 9.99154E-05 9.99154E-05 9.99154E-05 9.99154E-05 9.99154E-05 0.974339 9.99154E-05 9.99154E-05 9.99154E-05 9.99154E-05 0.0246621
9.99011E-05 9.99011E-05 9.99011E-05 9.99011E-05 9.99011E-05 9.99011E-05 0.998901 9.99011E-05 9.99011E-05 9.99011E-05 9.99011E-05 9.99011E-05
9.99189E-05 9.99189E-05 0.0450194 9.99189E-05 9.99189E-05 0.00473304 9.99189E-05 0.949348 9.99189E-05 9.99189E-05 9.99189E-05 9.99189E-05
0.0671765 0.496736 0.176261 9.9946E-05 0.106444 9.9946E-05 9.9946E-05 0.0526275 9.9946E-05 9.9946E-05 9.9946E-05 0.100156
9.99098E-05 9.99098E-05 9.99098E-05 9.99098E-05 9.99098E-05 0.0498845 9.99098E-05 9.99098E-05 9.99098E-05 9.99098E-05 9.99098E-05 0.949116
9.99009E-05 9.99009E-05 9.99009E-05 9.99009E-05 9.99009E-05 9.99009E-05 9.99009E-05 9.99009E-05 0.998901 9.99009E-05 9.99009E-05 9.99009E-05
9.9946E-05 0.0577607 0.066285 9.9946E-05 9.9946E-05 9.9946E-05 0.00120499 0.024238 0.814046 0.0358655 9.9946E-05 9.9946E-05
0.0256477 9.99461E-05 9.99461E-05 0.575908 9.99461E-05 0.0315343 0.0582943 9.99461E-05 9.99461E-05 9.99461E-05 0.292492 0.0155244
