9.997E-05 9.997E-05 0.9996 9.997E-05 9.997E-05
9.9973E-05 9.9973E-05 0.511388 0.488313 9.9973E-05
0.0669095 0.000524679 9.99911E-05 0.845165 0.0873008
0.0190403 9.9973E-05 9.9973E-05 0.98066 9.9973E-05
9.99731E-05 9.99731E-05 0.348856 0.650844 9.99731E-05
0.010741 9.9982E-05 9.9982E-05 0.970394 0.0186648
9.99821E-05 9.99821E-05 0.202796 0.312234 0.48477
0.00833616 9.9982E-05 0.245239 0.746225 9.9982E-05
9.99821E-05 9.99821E-05 0.379192 0.32888 0.291728
0.0703436 9.99731E-05 0.929357 9.99731E-05 9.99731E-05
0.105486 9.9982E-05 0.893702 9.9982E-05 0.000612085
0.131084 9.9982E-05 0.662358 9.9982E-05 0.206358
9.997E-05 9.997E-05 9.997E-05 9.997E-05 0.9996
0.0206887 0.0148251 9.9991E-05 0.959284 0.00510229
0.000238491 9.9982E-05 0.0334539 0.966108 9.9982E-05
9.9982E-05 9.9982E-05 0.582353 0.0459081 0.371539
0.371638 0.0777887 0.322993 0.012675 0.214906
9.9982E-05 0.726985 0.241459 0.0313562 9.9982E-05
0.0791193 0.920581 9.9973E-05 9.9973E-05 9.9973E-05
0.13446 9.9982E-05 0.796066 9.9982E-05 0.0692736
9.997E-05 0.9996 9.997E-05 9.997E-05 9.997E-05
0.0121913 9.9982E-05 0.871505 9.9982E-05 0.116103
0.391767 0.395964 0.181006 0.0311628 9.9991E-05
0.120921 0.878779 9.99729E-05 9.99729E-05 9.99729E-05
9.997E-05 9.997E-05 9.997E-05 0.9996 9.997E-05
9.997E-05 9.997E-05 9.997E-05 0.9996 9.997E-05
0.0656052 9.99819E-05 0.134778 9.99819E-05 0.799417
9.9973E-05 9.9973E-05 9.9973E-05 0.994642 0.00505771
9.9973E-05 9.9973E-05 9.9973E-05 0.94698 0.0527205
0.038043 0.0343048 9.9991E-05 0.887848 0.0397042
0.085729 9.9973E-05 9.9973E-05 0.913971 9.9973E-05
9.99731E-05 9.99731E-05 0.520444 0.479256 9.99731E-05
9.997E-05 9.997E-05 9.997E-05 0.9996 9.997E-05
9.99731E-05 9.99731E-05 0.213451 0.786249 9.99731E-05
0.234743 9.9991E-05 0.1337 0.0642832 0.567173
0.0324615 9.9982E-05 9.9982E-05 0.944559 0.0227793
0.0225466 9.9991E-05 0.889868 0.032433 0.0550526
9.9982E-05 0.0273499 0.863155 0.109295 9.9982E-05
0.436136 0.0515113 0.188834 0.125786 0.197733
0.0335905 9.9982E-05 0.921143 0.0450663 9.9982E-05
0.0524402 0.0100933 0.870956 0.0664109 9.9991E-05
0.0497756 0.0143027 0.932537 9.9991E-05 0.00328457
9.9982E-05 9.9982E-05 0.689836 0.00103362 0.30893
0.0917734 9.9982E-05 0.867456 9.9982E-05 0.0405709
0.159546 0.123589 0.548653 9.9991E-05 0.168112
0.0501347 0.0406255 0.759561 0.0782238 0.0714546
0.134753 9.9991E-05 0.452971 0.114291 0.297886
9.99733E-05 0.0221079 0.977592 9.99733E-05 9.99733E-05
9.9982E-05 0.0210961 0.212821 0.765883 9.9982E-05
9.9982E-05 0.0378985 0.232476 0.729426 9.9982E-05
9.9982E-05 0.0341852 0.222037 0.743578 9.9982E-05
9.9982E-05 0.0275502 0.202772 0.769478 9.9982E-05
9.9982E-05 0.0215495 0.192841 0.785409 9.9982E-05
9.9982E-05 0.0910365 0.177753 0.73101 9.9982E-05
9.9973E-05 9.9973E-05 0.284055 0.715645 9.9973E-05
9.9973E-05 9.9973E-05 0.933974 9.9973E-05 0.0657257
9.9973E-05 9.9973E-05 0.501865 0.497835 9.9973E-05
9.997E-05 9.997E-05 9.997E-05 0.9996 9.997E-05
0.0265973 9.9982E-05 0.0937553 9.9982E-05 0.879447
0.0254879 9.9991E-05 0.506866 0.0620963 0.40545
9.997E-05 9.997E-05 9.997E-05 9.997E-05 0.9996
9.99729E-05 9.99729E-05 0.10578 9.99729E-05 0.89392
0.079625 0.0132343 0.051195 9.9991E-05 0.855846
9.99731E-05 0.926398 0.0733025 9.99731E-05 9.99731E-05
9.997E-05 9.997E-05 9.997E-05 0.9996 9.997E-05
0.0718 0.0499341 0.461347 0.310231 0.106688
9.99731E-05 9.99731E-05 9.99731E-05 0.975454 0.0242459
9.997E-05 9.997E-05 9.997E-05 0.9996 9.997E-05
9.9973E-05 9.9973E-05 9.9973E-05 0.967414 0.0322858
9.9973E-05 9.9973E-05 9.9973E-05 0.981104 0.0185964
0.0161106 9.9982E-05 0.0160124 0.967677 9.9982E-05
0.00894163 9.99729E-05 9.99729E-05 0.990758 9.99729E-05
9.99732E-05 9.99732E-05 0.129482 0.870218 9.99732E-05
9.99821E-05 0.00708188 9.99821E-05 0.790921 0.201798
0.00832346 9.9982E-05 9.9982E-05 0.964294 0.0271828
0.0493117 9.9991E-05 0.683682 0.12478 0.142126
0.0498 9.9991E-05 0.664238 0.131258 0.154604
0.9996 9.997E-05 9.997E-05 9.997E-05 9.997E-05
0.9996 9.997E-05 9.997E-05 9.997E-05 9.997E-05
0.0487456 9.9991E-05 0.926709 0.0142974 0.0101477
0.000452099 9.99857E-05 0.926643 9.99857E-05 0.0727047
0.9996 9.997E-05 9.997E-05 9.997E-05 9.997E-05
0.9996 9.997E-05 9.997E-05 9.997E-05 9.997E-05
9.9973E-05 9.9973E-05 0.938319 9.9973E-05 0.0613809
9.9982E-05 0.0551485 0.679607 9.9982E-05 0.265045
9.9973E-05 9.9973E-05 0.486457 0.513243 9.9973E-05
0.322687 0.104709 0.136636 0.0545431 0.381425
0.352587 0.0655862 0.129413 9.9991E-05 0.452314
0.0282024 0.0696488 9.9991E-05 0.896619 0.00542931
