0.0279327 0.000368006 9.9982E-05 0.971499 9.9982E-05
0.00709557 0.278673 9.9991E-05 0.375181 0.33895
0.118025 0.0102338 0.0535295 9.99911E-05 0.818112
0.0203201 0.0115351 9.9982E-05 9.9982E-05 0.967945
0.00901548 0.288947 9.9991E-05 0.238918 0.46302
0.0112713 9.9982E-05 0.00109952 9.9982E-05 0.987429
9.99821E-05 0.328609 9.99821E-05 0.600074 0.0711164
0.0546117 0.456034 9.9991E-05 0.0669875 0.422267
9.99821E-05 0.396363 9.99821E-05 0.587114 0.016323
0.149935 0.166659 9.9982E-05 0.683205 9.9982E-05
0.116737 0.153604 9.9982E-05 0.72946 9.9982E-05
0.154956 9.9982E-05 9.9982E-05 0.796576 0.0482682
9.99732E-05 9.99732E-05 9.99732E-05 0.940956 0.0587436
9.9973E-05 9.9973E-05 0.0276559 9.9973E-05 0.972044
9.9982E-05 9.9982E-05 0.0139163 0.0441668 0.941717
0.0274752 0.0836113 9.99839E-05 0.888714 9.99839E-05
0.404645 0.00730011 0.0690021 0.500279 0.018774
9.9982E-05 0.0904704 0.731064 0.178265 9.9982E-05
0.0936015 9.9973E-05 0.906099 9.9973E-05 9.9973E-05
0.183243 0.00917899 9.9982E-05 0.807378 9.9982E-05
9.997E-05 9.997E-05 0.9996 9.997E-05 9.997E-05
0.0646572 9.9982E-05 9.9982E-05 0.929366 0.00577697
0.427177 0.0932417 0.411753 0.0645988 0.00322957
0.0812304 9.9973E-05 0.91847 9.9973E-05 9.9973E-05
9.9973E-05 0.0121833 9.9973E-05 9.9973E-05 0.987517
9.997E-05 9.997E-05 9.997E-05 9.997E-05 0.9996
0.0866718 9.9973E-05 9.9973E-05 0.913028 9.9973E-05
9.9973E-05 0.0470493 9.9973E-05 9.9973E-05 0.952651
9.9982E-05 0.0771868 9.9982E-05 0.00242097 0.920192
0.0330701 0.226347 0.0280042 9.9991E-05 0.712478
0.069568 0.268981 9.9982E-05 9.9982E-05 0.661251
0.0282439 0.537267 9.99911E-05 0.305799 0.128591
9.997E-05 9.997E-05 9.997E-05 9.997E-05 0.9996
0.00255378 0.906643 9.9991E-05 0.0145506 0.0761523
0.240198 9.9982E-05 9.9982E-05 0.682922 0.0766797
0.00652337 9.9982E-05 9.9982E-05 0.0282199 0.965057
0.0600367 9.99821E-05 9.99821E-05 0.850321 0.0894424
0.0517272 0.170739 0.0235235 0.712414 0.0415962
0.455365 9.9991E-05 0.0528937 0.346641 0.145001
0.0701801 9.99819E-05 9.99819E-05 0.790055 0.139565
0.0838356 9.9991E-05 0.0201253 0.792776 0.103163
0.106728 0.0498973 0.0307387 0.812536 9.9991E-05
9.9973E-05 0.0865917 9.9973E-05 0.913108 9.9973E-05
0.168715 0.0968176 9.99819E-05 0.734267 9.99819E-05
0.205396 0.0375352 0.10489 0.652079 9.9991E-05
0.11031 0.0806366 0.0405027 0.71586 0.052691
0.154064 0.041681 9.9991E-05 0.669397 0.134758
9.99822E-05 0.0116103 0.0464341 0.941756 9.99822E-05
9.997E-05 0.9996 9.997E-05 9.997E-05 9.997E-05
9.997E-05 0.9996 9.997E-05 9.997E-05 9.997E-05
9.997E-05 0.9996 9.997E-05 9.997E-05 9.997E-05
9.997E-05 0.9996 9.997E-05 9.997E-05 9.997E-05
9.997E-05 0.9996 9.997E-05 9.997E-05 9.997E-05
9.9991E-05 0.629989 0.0507384 0.0907856 0.228387
9.997E-05 0.9996 9.997E-05 9.997E-05 9.997E-05
9.997E-05 9.997E-05 9.997E-05 0.9996 9.997E-05
0.000785334 0.565102 9.9991E-05 0.31811 0.115902
9.997E-05 9.997E-05 9.997E-05 9.997E-05 0.9996
0.0236737 9.99731E-05 9.99731E-05 0.976026 9.99731E-05
0.0239932 0.000884355 9.9991E-05 0.894659 0.0803637
9.99732E-05 9.99732E-05 0.0285284 0.971172 9.99732E-05
9.997E-05 9.997E-05 9.997E-05 0.9996 9.997E-05
0.0831819 9.9982E-05 0.0126691 0.903949 9.9982E-05
9.99731E-05 9.99731E-05 0.900889 0.0988114 9.99731E-05
9.997E-05 9.997E-05 9.997E-05 9.997E-05 0.9996
0.0384401 0.0875382 0.11343 0.444521 0.316071
9.997E-05 9.997E-05 9.997E-05 9.997E-05 0.9996
9.9973E-05 0.0075662 9.9973E-05 9.9973E-05 0.992134
9.9973E-05 0.0953531 9.9973E-05 9.9973E-05 0.904347
9.9991E-05 0.0262401 0.0145817 0.00460314 0.954475
0.0425345 0.0224618 9.9991E-05 0.0136244 0.921279
0.0026546 9.9973E-05 9.9973E-05 9.9973E-05 0.997045
9.99732E-05 0.510729 9.99732E-05 9.99732E-05 0.488971
9.99911E-05 0.354597 0.0242644 0.0747429 0.546296
9.9982E-05 0.0410234 9.9982E-05 0.0297361 0.929041
0.0839509 0.181445 9.9991E-05 0.699953 0.0345512
0.0613807 0.166872 9.9991E-05 0.745197 0.0264502
0.9996 9.997E-05 9.997E-05 9.997E-05 9.997E-05
0.9996 9.997E-05 9.997E-05 9.997E-05 9.997E-05
0.0991352 0.112938 9.99819E-05 0.787727 9.99819E-05
0.0956295 0.120723 0.0129464 0.770601 9.9991E-05
0.9996 9.997E-05 9.997E-05 9.997E-05 9.997E-05
0.9996 9.997E-05 9.997E-05 9.997E-05 9.997E-05
9.9973E-05 0.0105326 9.9973E-05 0.989167 9.9973E-05
9.9991E-05 0.0532299 0.0657758 0.880269 0.000625633
9.9982E-05 0.579136 9.9982E-05 0.298966 0.121698
0.294711 9.9991E-05 0.119681 0.523739 0.0617692
0.329992 9.99821E-05 0.0720664 0.597741 9.99821E-05
0.029901 0.336204 0.0285195 9.9991E-05 0.605275
