0.942254 0.0576465 9.9991E-05
0.338506 0.371261 0.290233
0.160453 0.0703493 0.769198
9.999E-05 9.999E-05 0.9998
0.254837 0.325555 0.419608
9.999E-05 9.999E-05 0.9998
0.436974 0.562926 9.99911E-05
0.068877 0.508801 0.422322
0.410432 0.589468 9.9991E-05
0.77045 0.22945 9.9991E-05
0.813458 0.186442 9.9991E-05
0.89215 9.9991E-05 0.10775
0.895308 9.9991E-05 0.104592
0.0167583 9.9991E-05 0.983142
0.0105769 9.9991E-05 0.989323
0.862967 0.10183 0.0352029
0.933508 9.9991E-05 0.0663916
0.941992 0.0579077 9.99911E-05
0.9998 9.999E-05 9.999E-05
0.930404 0.0694964 9.9991E-05
0.9998 9.999E-05 9.999E-05
0.94294 0.0530111 0.00404925
0.919726 0.0638232 0.0164505
0.9998 9.999E-05 9.999E-05
9.9991E-05 0.0093495 0.990551
9.999E-05 9.999E-05 0.9998
0.9998 9.999E-05 9.999E-05
9.9991E-05 0.0744082 0.925492
9.9991E-05 0.0966167 0.903283
0.0311708 0.239175 0.729655
9.9991E-05 0.326394 0.673506
0.211544 0.723278 0.0651784
9.999E-05 9.999E-05 0.9998
9.9991E-05 0.892403 0.107497
0.890728 9.9991E-05 0.109172
9.999E-05 9.999E-05 0.9998
0.867632 9.9991E-05 0.132268
0.73035 0.26955 9.9991E-05
0.781424 9.9991E-05 0.218476
0.836361 9.99909E-05 0.163539
0.840366 0.0370207 0.122613
0.911507 0.0883928 9.99909E-05
0.822432 0.177468 9.9991E-05
0.864845 0.135055 9.99909E-05
0.886339 0.113561 9.9991E-05
0.817469 0.0764707 0.10606
0.781526 0.0908312 0.127643
0.944574 0.0553258 9.99911E-05
9.999E-05 0.9998 9.999E-05
9.999E-05 0.9998 9.999E-05
9.999E-05 0.9998 9.999E-05
9.999E-05 0.9998 9.999E-05
9.999E-05 0.9998 9.999E-05
0.0924309 0.621943 0.285626
9.999E-05 0.9998 9.999E-05
0.946972 0.0529276 9.9991E-05
0.238078 0.690662 0.0712596
9.999E-05 9.999E-05 0.9998
0.962832 0.0358124 0.00135551
0.848121 0.0919647 0.0599138
0.97552 0.0148624 0.00961734
0.970023 9.9991E-05 0.0298772
0.9998 9.999E-05 9.999E-05
0.9998 9.999E-05 9.999E-05
9.999E-05 9.999E-05 0.9998
0.459129 0.185787 0.355084
9.9991E-05 0.0227704 0.97713
9.9991E-05 0.0305318 0.969368
9.9991E-05 0.0832588 0.916641
9.9991E-05 0.0725787 0.927321
0.0334611 0.0416373 0.924902
9.999E-05 9.999E-05 0.9998
9.99911E-05 0.510789 0.489111
0.0368438 0.423749 0.539407
9.9991E-05 0.0375997 0.9623
0.732238 0.232574 0.0351879
0.735417 0.229794 0.0347888
0.873402 9.9991E-05 0.126498
0.869433 9.9991E-05 0.130467
0.824244 0.175656 9.99909E-05
0.850786 0.149114 9.99909E-05
0.814774 0.0472532 0.137973
0.865527 9.9991E-05 0.134373
0.908086 0.0918139 9.9991E-05
0.877831 0.122069 9.9991E-05
0.217428 0.737869 0.0447025
0.922882 9.9991E-05 0.0770178
0.962718 9.9991E-05 0.0371817
0.000943716 0.37769 0.621366
