9.99099E-05 9.99099E-05 9.99099E-05 0.940414 0.0568894 9.99099E-05 0.00146432 9.99099E-05 9.99099E-05 9.99099E-05 9.99099E-05 0.000233324 9.99099E-05 9.99099E-05
0.185053 9.99099E-05 9.99099E-05 9.99099E-05 9.99099E-05 9.99099E-05 9.99099E-05 9.99099E-05 0.106208 0.653316 9.99099E-05 0.0544229 9.99099E-05 9.99099E-05
9.98829E-05 9.98829E-05 9.98829E-05 9.98829E-05 9.98829E-05 9.98829E-05 9.98829E-05 9.98829E-05 9.98829E-05 9.98829E-05 0.998702 9.98829E-05 9.98829E-05 9.98829E-05
0.000945713 9.99281E-05 9.99281E-05 9.99281E-05 0.00599205 9.99281E-05 0.00898717 9.99281E-05 0.932582 9.99281E-05 0.0237942 0.0268996 9.99281E-05 9.99281E-05
0.149764 0.0118285 0.0164411 0.00357482 0.093584 9.99551E-05 9.99551E-05 9.99551E-05 0.275586 0.141764 0.030043 9.99551E-05 0.276915 9.99551E-05
0.0365198 0.00183656 9.99101E-05 9.99101E-05 9.99101E-05 9.99101E-05 9.99101E-05 9.99101E-05 0.941347 9.99101E-05 0.0192971 9.99101E-05 9.99101E-05 9.99101E-05
9.99102E-05 9.99102E-05 9.99102E-05 9.99102E-05 9.99102E-05 9.99102E-05 9.99102E-05 0.366416 9.99102E-05 0.0302225 9.99102E-05 9.99102E-05 0.422771 0.179591
9.99278E-05 9.99278E-05 0.108672 9.99278E-05 0.0763091 9.99278E-05 0.0438619 9.99278E-05 0.0954799 0.0847284 9.99278E-05 9.99278E-05 0.59015 9.99278E-05
9.9919E-05 9.9919E-05 9.9919E-05 9.9919E-05 0.0142771 9.9919E-05 9.9919E-05 0.383828 9.9919E-05 0.219009 9.9919E-05 9.9919E-05 0.304726 0.0772607
9.98922E-05 9.98922E-05 9.98922E-05 9.98922E-05 0.981393 9.98922E-05 9.98922E-05 9.98922E-05 9.98922E-05 9.98922E-05 9.98922E-05 9.98922E-05 0.0174086 9.98922E-05
9.98833E-05 9.98833E-05 9.98833E-05 9.98833E-05 0.998702 9.98833E-05 9.98833E-05 9.98833E-05 9.98833E-05 9.98833E-05 9.98833E-05 9.98833E-05 9.98833E-05 9.98833E-05
0.00456169 0.0076516 9.9946E-05 0.673049 9.9946E-05 9.9946E-05 0.147377 9.9946E-05 0.0227141 9.9946E-05 0.00374147 9.9946E-05 0.0188838 0.121422
9.99012E-05 0.0024039 9.99012E-05 9.99012E-05 9.99012E-05 9.99012E-05 9.99012E-05 9.99012E-05 9.99012E-05 9.99012E-05 9.99012E-05 9.99012E-05 0.0556774 0.94082
9.99191E-05 0.0118073 9.99191E-05 9.99191E-05 9.99191E-05 0.0193308 9.99191E-05 9.99191E-05 0.908519 0.0211347 0.0383095 9.99191E-05 9.99191E-05 9.99191E-05
0.0786596 9.99012E-05 9.99012E-05 9.99012E-05 9.99012E-05 0.00160812 9.99012E-05 9.99012E-05 0.918633 9.99012E-05 9.99012E-05 9.99012E-05 9.99012E-05 9.99012E-05
9.99099E-05 0.139731 9.99099E-05 9.99099E-05 0.0176041 9.99099E-05 9.99099E-05 0.737527 9.99099E-05 9.99099E-05 9.99099E-05 9.99099E-05 9.99099E-05 0.104139
9.98919E-05 9.98919E-05 9.98919E-05 9.98919E-05 0.061266 9.98919E-05 9.98919E-05 9.98919E-05 9.98919E-05 9.98919E-05 9.98919E-05 0.937535 9.98919E-05 9.98919E-05
0.142878 9.995E-05 0.00689898 0.00640848 0.0760114 0.699254 9.995E-05 0.0278376 9.995E-05 0.00663982 0.0299801 0.00359273 9.995E-05 9.995E-05
9.98921E-05 9.98921E-05 9.98921E-05 9.98921E-05 9.98921E-05 0.901222 0.0975794 9.98921E-05 9.98921E-05 9.98921E-05 9.98921E-05 9.98921E-05 9.98921E-05 9.98921E-05
9.99278E-05 0.151131 9.99278E-05 0.0951503 0.408361 9.99278E-05 0.0264841 0.29409 9.99278E-05 9.99278E-05 9.99278E-05 0.0239842 9.99278E-05 9.99278E-05
9.98831E-05 9.98831E-05 9.98831E-05 9.98831E-05 9.98831E-05 0.998702 9.98831E-05 9.98831E-05 9.98831E-05 9.98831E-05 9.98831E-05 9.98831E-05 9.98831E-05 9.98831E-05
0.237581 9.99279E-05 9.99279E-05 0.441938 0.0678812 9.99279E-05 0.0238959 0.134696 9.99279E-05 9.99279E-05 9.99279E-05 9.99279E-05 9.99279E-05 0.0932089
9.9919E-05 0.0758179 9.9919E-05 9.9919E-05 0.14473 0.359789 0.151624 9.9919E-05 9.9919E-05 9.9919E-05 9.9919E-05 0.26714 9.9919E-05 9.9919E-05
9.99009E-05 0.138016 9.99009E-05 9.99009E-05 9.99009E-05 0.860216 0.000669124 9.99009E-05 9.99009E-05 9.99009E-05 9.99009E-05 9.99009E-05 9.99009E-05 9.99009E-05
9.98923E-05 9.98923E-05 9.98923E-05 9.98923E-05 9.98923E-05 9.98923E-05 9.98923E-05 9.98923E-05 0.961244 9.98923E-05 0.0375578 9.98923E-05 9.98923E-05 9.98923E-05
9.98833E-05 9.98833E-05 9.98833E-05 9.98833E-05 9.98833E-05 9.98833E-05 9.98833E-05 9.98833E-05 0.998702 9.98833E-05 9.98833E-05 9.98833E-05 9.98833E-05 9.98833E-05
9.99188E-05 9.99188E-05 9.99188E-05 0.0464068 0.050845 9.99188E-05 0.0280667 9.99188E-05 9.99188E-05 9.99188E-05 9.99188E-05 0.0587524 9.99188E-05 0.81503
9.99011E-05 9.99011E-05 0.0668507 9.99011E-05 9.99011E-05 9.99011E-05 9.99011E-05 9.99011E-05 0.906413 9.99011E-05 9.99011E-05 9.99011E-05 9.99011E-05 0.0256375
9.99191E-05 9.99191E-05 0.0626603 9.99191E-05 9.99191E-05 9.99191E-05 9.99191E-05 0.0289204 0.882872 9.99191E-05 9.99191E-05 9.99191E-05 0.00856867 0.0160792
9.99372E-05 9.99372E-05 0.16374 0.00596849 9.99372E-05 0.0260933 0.03315 9.99372E-05 0.55832 0.0175073 9.99372E-05 9.99372E-05 0.194521 9.99372E-05
9.99279E-05 0.0354534 0.128253 9.99279E-05 9.99279E-05 9.99279E-05 0.0133446 9.99279E-05 0.440304 9.99279E-05 9.99279E-05 0.0260657 0.355779 9.99279E-05
9.98833E-05 9.98833E-05 9.98833E-05 9.98833E-05 9.98833E-05 9.98833E-05 9.98833E-05 9.98833E-05 9.98833E-05 0.998702 9.98833E-05 9.98833E-05 9.98833E-05 9.98833E-05
0.035941 9.99012E-05 9.99012E-05 9.99012E-05 9.99012E-05 9.99012E-05 9.99012E-05 9.99012E-05 0.836822 9.99012E-05 9.99012E-05 9.99012E-05 0.126138 9.99012E-05
9.99281E-05 9.99281E-05 0.709161 0.00804679 9.99281E-05 9.99281E-05 0.000251925 9.99281E-05 9.99281E-05 9.99281E-05 0.0322774 0.00628704 0.243177 9.99281E-05
0.0945367 0.0418556 9.99458E-05 0.00624086 9.99458E-05 9.99458E-05 0.10984 9.99458E-05 0.0281027 9.99458E-05 9.99458E-05 0.246705 0.00756498 0.464555
9.99189E-05 0.00793188 9.99189E-05 9.99189E-05 9.99189E-05 9.99189E-05 9.99189E-05 9.99189E-05 0.940357 9.99189E-05 9.99189E-05 0.00747016 0.0319521 0.0113898
9.9901E-05 9.9901E-05 9.9901E-05 0.951528 9.9901E-05 9.9901E-05 9.9901E-05 9.9901E-05 9.9901E-05 9.9901E-05 0.0433892 9.9901E-05 0.00398419 9.9901E-05
0.0951627 9.9937E-05 9.9937E-05 0.0856196 0.575183 9.9937E-05 9.9937E-05 9.9937E-05 9.9937E-05 0.158594 9.9937E-05 0.0715976 0.0126868 0.000456711
9.9892E-05 9.9892E-05 9.9892E-05 9.9892E-05 9.9892E-05 9.9892E-05 9.9892E-05 9.9892E-05 9.9892E-05 9.9892E-05 9.9892E-05 0.989262 0.00953949 9.9892E-05
0.998702 9.9883E-05 9.9883E-05 9.9883E-05 9.9883E-05 9.9883E-05 9.9883E-05 9.9883E-05 9.9883E-05 9.9883E-05 9.9883E-05 9.9883E-05 9.9883E-05 9.9883E-05
0.991148 9.98919E-05 9.98919E-05 0.00765368 9.98919E-05 9.98919E-05 9.98919E-05 9.98919E-05 9.98919E-05 9.98919E-05 9.98919E-05 9.98919E-05 9.98919E-05 9.98919E-05
0.102548 0.0308556 9.99189E-05 0.0104646 0.840438 9.99189E-05 9.99189E-05 9.99189E-05 9.99189E-05 9.99189E-05 9.99189E-05 0.0147943 9.99189E-05 9.99189E-05
0.00366148 9.9919E-05 9.9919E-05 9.9919E-05 0.0434372 0.0271313 9.9919E-05 0.873554 9.9919E-05 9.9919E-05 9.9919E-05 9.9919E-05 9.9919E-05 0.0513173
9.99009E-05 0.0810998 9.99009E-05 0.0562276 0.861574 9.99009E-05 9.99009E-05 9.99009E-05 9.99009E-05 9.99009E-05 9.99009E-05 9.99009E-05 9.99009E-05 9.99009E-05
0.144453 0.187034 9.99459E-05 0.00169617 0.264666 0.0671836 0.107298 9.99459E-05 9.99459E-05 0.0492145 9.99459E-05 9.99459E-05 9.99459E-05 0.177855
0.182357 0.184954 9.9928E-05 0.0750066 0.392554 9.9928E-05 9.9928E-05 0.0738592 9.9928E-05 9.9928E-05 0.0904696 9.9928E-05 9.9928E-05 9.9928E-05
9.99459E-05 0.241125 0.0327599 0.232323 0.162621 9.99459E-05 9.99459E-05 9.99459E-05 0.0679022 9.99459E-05 0.0470602 0.1174 9.99459E-05 0.0982101
9.98927E-05 9.98927E-05 9.98927E-05 0.982661 9.98927E-05 0.0161401 9.98927E-05 9.98927E-05 9.98927E-05 9.98927E-05 9.98927E-05 9.98927E-05 9.98927E-05 9.98927E-05
9.98831E-05 9.98831E-05 0.998702 9.98831E-05 9.98831E-05 9.98831E-05 9.98831E-05 9.98831E-05 9.98831E-05 9.98831E-05 9.98831E-05 9.98831E-05 9.98831E-05 9.98831E-05
0.00652756 0.00243337 0.98994 9.99011E-05 9.99011E-05 9.99011E-05 9.99011E-05 9.99011E-05 9.99011E-05 9.99011E-05 9.99011E-05 9.99011E-05 9.99011E-05 9.99011E-05
9.98922E-05 9.98922E-05 0.992062 9.98922E-05 0.00673965 9.98922E-05 9.98922E-05 9.98922E-05 9.98922E-05 9.98922E-05 9.98922E-05 9.98922E-05 9.98922E-05 9.98922E-05
9.98832E-05 9.98832E-05 0.998702 9.98832E-05 9.98832E-05 9.98832E-05 9.98832E-05 9.98832E-05 9.98832E-05 9.98832E-05 9.98832E-05 9.98832E-05 9.98832E-05 9.98832E-05
9.98832E-05 9.98832E-05 0.998702 9.98832E-05 9.98832E-05 9.98832E-05 9.98832E-05 9.98832E-05 9.98832E-05 9.98832E-05 9.98832E-05 9.98832E-05 9.98832E-05 9.98832E-05
9.99371E-05 9.99371E-05 0.411593 9.99371E-05 0.0598916 0.0195258 9.99371E-05 0.0924423 0.106092 0.00544013 9.99371E-05 9.99371E-05 0.304315 9.99371E-05
9.991E-05 9.991E-05 0.913228 0.00584977 9.991E-05 9.991E-05 9.991E-05 0.00839456 9.991E-05 0.0715288 9.991E-05 9.991E-05 9.991E-05 9.991E-05
9.99008E-05 0.011526 9.99008E-05 0.740808 9.99008E-05 9.99008E-05 9.99008E-05 0.246567 9.99008E-05 9.99008E-05 9.99008E-05 9.99008E-05 9.99008E-05 9.99008E-05
9.99189E-05 9.99189E-05 0.00971265 0.0069103 9.99189E-05 9.99189E-05 9.99189E-05 0.032347 9.99189E-05 0.93567 0.014461 9.99189E-05 9.99189E-05 9.99189E-05
0.034225 9.98919E-05 9.98919E-05 9.98919E-05 9.98919E-05 9.98919E-05 9.98919E-05 9.98919E-05 0.964576 9.98919E-05 9.98919E-05 9.98919E-05 9.98919E-05 9.98919E-05
0.125076 9.991E-05 9.991E-05 9.991E-05 9.991E-05 9.991E-05 0.0299615 0.0569756 9.991E-05 9.991E-05 9.991E-05 9.991E-05 9.991E-05 0.786988
9.99101E-05 0.116573 9.99101E-05 0.0134121 9.99101E-05 9.99101E-05 9.99101E-05 0.865986 9.99101E-05 9.99101E-05 0.00303028 9.99101E-05 9.99101E-05 9.99101E-05
9.98924E-05 9.98924E-05 9.98924E-05 9.98924E-05 9.98924E-05 9.98924E-05 9.98924E-05 9.98924E-05 9.98924E-05 9.98924E-05 0.0132916 9.98924E-05 9.98924E-05 0.98551
9.9901E-05 9.9901E-05 9.9901E-05 0.00309981 0.101528 9.9901E-05 9.9901E-05 9.9901E-05 9.9901E-05 9.9901E-05 9.9901E-05 9.9901E-05 9.9901E-05 0.894273
9.99189E-05 0.0416833 9.99189E-05 9.99189E-05 0.0754613 9.99189E-05 0.0336226 9.99189E-05 9.99189E-05 9.99189E-05 9.99189E-05 0.0277773 9.99189E-05 0.820556
0.0191432 9.99014E-05 9.99014E-05 0.0867744 9.99014E-05 0.892983 9.99014E-05 9.99014E-05 9.99014E-05 9.99014E-05 9.99014E-05 9.99014E-05 9.99014E-05 9.99014E-05
9.99104E-05 9.99104E-05 0.000979708 9.99104E-05 9.99104E-05 9.99104E-05 9.99104E-05 0.00273379 0.953293 9.99104E-05 0.0419948 9.99104E-05 9.99104E-05 9.99104E-05
9.99461E-05 9.99461E-05 9.99461E-05 0.197256 9.99461E-05 9.99461E-05 0.0414848 0.226829 0.21042 0.0280082 9.99461E-05 0.115242 0.175029 0.00513116
9.98923E-05 9.98923E-05 9.98923E-05 9.98923E-05 9.98923E-05 9.98923E-05 9.98923E-05 9.98923E-05 0.753823 9.98923E-05 0.244978 9.98923E-05 9.98923E-05 9.98923E-05
0.0101593 9.99191E-05 0.0130486 9.99191E-05 9.99191E-05 9.99191E-05 9.99191E-05 9.99191E-05 0.922404 9.99191E-05 9.99191E-05 0.0533679 0.00012071 9.99191E-05
9.991E-05 9.991E-05 0.0358071 9.991E-05 9.991E-05 9.991E-05 9.991E-05 0.0998208 0.858578 9.991E-05 9.991E-05 9.991E-05 0.00479503 9.991E-05
9.99102E-05 9.99102E-05 0.0039191 9.99102E-05 9.99102E-05 9.99102E-05 9.99102E-05 0.0576532 0.924951 0.0124781 9.99102E-05 9.99102E-05 9.99102E-05 9.99102E-05
0.0763728 9.99102E-05 9.99102E-05 9.99102E-05 9.99102E-05 9.99102E-05 0.0108556 9.99102E-05 0.784679 9.99102E-05 9.99102E-05 9.99102E-05 0.127094 9.99102E-05
0.0112842 0.0308018 0.0161116 9.9928E-05 9.9928E-05 9.9928E-05 9.9928E-05 9.9928E-05 0.924855 9.9928E-05 9.9928E-05 0.0123264 0.0038213 9.9928E-05
9.99098E-05 9.99098E-05 0.0343648 9.99098E-05 9.99098E-05 9.99098E-05 9.99098E-05 9.99098E-05 9.99098E-05 9.99098E-05 0.0154236 0.00100739 0.948205 9.99098E-05
9.9892E-05 9.9892E-05 9.9892E-05 9.9892E-05 9.9892E-05 9.9892E-05 9.9892E-05 9.9892E-05 9.9892E-05 9.9892E-05 9.9892E-05 9.9892E-05 0.994265 0.00453635
9.99191E-05 9.99191E-05 0.0369854 9.99191E-05 0.00454467 9.99191E-05 0.00720074 9.99191E-05 0.868488 9.99191E-05 0.0818814 9.99191E-05 9.99191E-05 9.99191E-05
0.0259022 9.99189E-05 9.99189E-05 9.99189E-05 9.99189E-05 9.99189E-05 0.0267879 0.902888 0.0117627 9.99189E-05 9.99189E-05 0.0317596 9.99189E-05 9.99189E-05
9.99009E-05 9.99009E-05 0.0185053 9.99009E-05 9.99009E-05 9.99009E-05 0.0172751 0.963121 9.99009E-05 9.99009E-05 9.99009E-05 9.99009E-05 9.99009E-05 9.99009E-05
9.98801E-05 9.98801E-05 9.98801E-05 9.98801E-05 9.98801E-05 9.98801E-05 0.998702 9.98801E-05 9.98801E-05 9.98801E-05 9.98801E-05 9.98801E-05 9.98801E-05 9.98801E-05
9.98832E-05 9.98832E-05 9.98832E-05 9.98832E-05 9.98832E-05 9.98832E-05 0.998702 9.98832E-05 9.98832E-05 9.98832E-05 9.98832E-05 9.98832E-05 9.98832E-05 9.98832E-05
0.143589 9.99189E-05 9.99189E-05 9.99189E-05 0.722906 9.99189E-05 0.0155279 9.99189E-05 9.99189E-05 0.0529736 9.99189E-05 9.99189E-05 9.99189E-05 0.064105
0.0898848 9.99189E-05 9.99189E-05 9.99189E-05 0.740377 9.99189E-05 9.99189E-05 0.0748408 9.99189E-05 0.0488227 9.99189E-05 9.99189E-05 9.99189E-05 0.0451757
9.99101E-05 9.99101E-05 9.99101E-05 9.99101E-05 9.99101E-05 9.99101E-05 0.970699 0.00450421 9.99101E-05 0.0166211 9.99101E-05 0.00717709 9.99101E-05 9.99101E-05
0.00228393 9.98921E-05 9.98921E-05 9.98921E-05 9.98921E-05 9.98921E-05 0.996517 9.98921E-05 9.98921E-05 9.98921E-05 9.98921E-05 9.98921E-05 9.98921E-05 9.98921E-05
9.99099E-05 9.99099E-05 0.00501586 0.913256 9.99099E-05 9.99099E-05 9.99099E-05 0.0618506 9.99099E-05 9.99099E-05 9.99099E-05 9.99099E-05 9.99099E-05 0.018878
0.66294 9.99101E-05 9.99101E-05 9.99101E-05 9.99101E-05 0.0114598 9.99101E-05 0.17334 9.99101E-05 9.99101E-05 9.99101E-05 9.99101E-05 9.99101E-05 0.151262
9.9901E-05 9.9901E-05 0.0339508 9.9901E-05 0.0054861 9.9901E-05 9.9901E-05 9.9901E-05 9.9901E-05 0.959464 9.9901E-05 9.9901E-05 9.9901E-05 9.9901E-05
9.98829E-05 0.998702 9.98829E-05 9.98829E-05 9.98829E-05 9.98829E-05 9.98829E-05 9.98829E-05 9.98829E-05 9.98829E-05 9.98829E-05 9.98829E-05 9.98829E-05 9.98829E-05
9.99191E-05 0.778471 9.99191E-05 9.99191E-05 9.99191E-05 9.99191E-05 0.00790075 0.0684073 9.99191E-05 9.99191E-05 9.99191E-05 0.0773 9.99191E-05 0.0670215
9.99371E-05 9.99371E-05 0.121881 9.99371E-05 9.99371E-05 0.0250625 0.0236035 9.99371E-05 0.37398 9.99371E-05 0.00826937 0.00518577 0.441318 9.99371E-05
