0.0732363 9.99098E-05 0.00783943 0.895709 9.99098E-05 9.99098E-05 9.99098E-05 9.99098E-05 9.99098E-05 9.99098E-05 9.99098E-05 0.0222158 9.99098E-05 9.99098E-05
9.99099E-05 9.99099E-05 9.99099E-05 0.0418486 0.745755 0.0928777 9.99099E-05 9.99099E-05 9.99099E-05 9.99099E-05 9.99099E-05 0.118519 9.99099E-05 9.99099E-05
9.99375E-05 9.99375E-05 0.0491685 9.99375E-05 0.0243298 0.592315 0.0150682 0.0107817 9.99375E-05 0.045639 9.99375E-05 9.99375E-05 9.99375E-05 0.261998
0.0174421 0.00317565 0.00301798 9.99281E-05 9.99281E-05 0.9435 9.99281E-05 0.0180422 9.99281E-05 9.99281E-05 9.99281E-05 0.0140231 9.99281E-05 9.99281E-05
0.114336 9.99371E-05 9.99371E-05 9.99371E-05 0.204214 0.268665 9.99371E-05 0.0439167 9.99371E-05 9.99371E-05 0.114345 0.00815168 9.99371E-05 0.245672
9.9901E-05 9.9901E-05 9.9901E-05 9.9901E-05 9.9901E-05 0.96945 9.9901E-05 9.9901E-05 0.0110557 9.9901E-05 0.0183954 9.9901E-05 9.9901E-05 9.9901E-05
9.99012E-05 0.427254 9.99012E-05 9.99012E-05 9.99012E-05 9.99012E-05 0.181009 9.99012E-05 9.99012E-05 9.99012E-05 9.99012E-05 9.99012E-05 9.99012E-05 0.390638
0.0992603 9.99278E-05 0.0206802 9.99278E-05 0.0890714 0.110104 9.99278E-05 0.0765456 9.99278E-05 9.99278E-05 9.99278E-05 9.99278E-05 9.99278E-05 0.603539
9.99101E-05 0.45391 9.99101E-05 9.99101E-05 0.105739 9.99101E-05 0.10091 9.99101E-05 9.99101E-05 9.99101E-05 9.99101E-05 9.99101E-05 9.99101E-05 0.338442
0.984213 9.98923E-05 9.98923E-05 9.98923E-05 9.98923E-05 9.98923E-05 9.98923E-05 9.98923E-05 9.98923E-05 9.98923E-05 9.98923E-05 9.98923E-05 9.98923E-05 0.0145879
0.998702 9.98833E-05 9.98833E-05 9.98833E-05 9.98833E-05 9.98833E-05 9.98833E-05 9.98833E-05 9.98833E-05 9.98833E-05 9.98833E-05 9.98833E-05 9.98833E-05 9.98833E-05
9.9919E-05 9.9919E-05 0.131367 0.672442 9.9919E-05 0.0159864 0.145295 9.9919E-05 9.9919E-05 9.9919E-05 0.0340099 9.9919E-05 9.9919E-05 9.9919E-05
9.98923E-05 9.98923E-05 9.98923E-05 9.98923E-05 9.98923E-05 9.98923E-05 0.984012 9.98923E-05 9.98923E-05 9.98923E-05 9.98923E-05 9.98923E-05 9.98923E-05 0.0147893
9.99011E-05 9.99011E-05 9.99011E-05 0.0335584 9.99011E-05 0.934747 9.99011E-05 9.99011E-05 9.99011E-05 0.0305954 9.99011E-05 9.99011E-05 9.99011E-05 9.99011E-05
9.99191E-05 9.99191E-05 0.0129269 0.0317227 9.99191E-05 0.930823 9.99191E-05 9.99191E-05 9.99191E-05 0.0234218 0.000206774 9.99191E-05 9.99191E-05 9.99191E-05
0.0194122 0.718189 9.99099E-05 9.99099E-05 9.99099E-05 9.99099E-05 0.0860034 9.99099E-05 9.99099E-05 9.99099E-05 0.175397 9.99099E-05 9.99099E-05 9.99099E-05
0.041259 9.9892E-05 9.9892E-05 9.9892E-05 9.9892E-05 9.9892E-05 9.9892E-05 9.9892E-05 9.9892E-05 9.9892E-05 9.9892E-05 0.957542 9.9892E-05 9.9892E-05
0.11491 0.0377613 9.99188E-05 9.99188E-05 0.0271322 9.99188E-05 9.99188E-05 0.0285607 9.99188E-05 0.790737 9.99188E-05 9.99188E-05 9.99188E-05 9.99188E-05
9.98832E-05 9.98832E-05 9.98832E-05 9.98832E-05 9.98832E-05 9.98832E-05 9.98832E-05 9.98832E-05 9.98832E-05 9.98832E-05 9.98832E-05 9.98832E-05 0.998702 9.98832E-05
0.382271 0.288257 0.019439 0.106034 9.99278E-05 9.99278E-05 9.99278E-05 9.99278E-05 9.99278E-05 9.99278E-05 0.188433 0.0147665 9.99278E-05 9.99278E-05
9.9901E-05 9.9901E-05 9.9901E-05 9.9901E-05 9.9901E-05 9.9901E-05 9.9901E-05 9.9901E-05 0.028433 0.919064 9.9901E-05 9.9901E-05 0.0514041 9.9901E-05
0.097744 0.264136 0.0132875 0.467089 9.99459E-05 9.99459E-05 0.0566795 9.99459E-05 0.00396308 9.99459E-05 0.00434432 0.0921564 9.99459E-05 9.99459E-05
0.0822861 9.99101E-05 0.202065 9.99101E-05 9.99101E-05 9.99101E-05 9.99101E-05 9.99101E-05 9.99101E-05 0.454943 9.99101E-05 0.259707 9.99101E-05 9.99101E-05
9.991E-05 9.991E-05 0.0269364 9.991E-05 9.991E-05 9.991E-05 9.991E-05 9.991E-05 9.991E-05 0.925554 0.0332912 9.991E-05 0.0132195 9.991E-05
9.98923E-05 9.98923E-05 9.98923E-05 9.98923E-05 9.98923E-05 0.987046 9.98923E-05 0.0117557 9.98923E-05 9.98923E-05 9.98923E-05 9.98923E-05 9.98923E-05 9.98923E-05
9.98923E-05 9.98923E-05 9.98923E-05 9.98923E-05 9.98923E-05 0.993386 9.98923E-05 0.00541511 9.98923E-05 9.98923E-05 9.98923E-05 9.98923E-05 9.98923E-05 9.98923E-05
0.0727521 9.99189E-05 0.0414802 0.0701573 9.99189E-05 9.99189E-05 0.781394 9.99189E-05 9.99189E-05 9.99189E-05 9.99189E-05 0.033317 9.99189E-05 9.99189E-05
9.99011E-05 9.99011E-05 9.99011E-05 9.99011E-05 9.99011E-05 0.940171 0.000159628 0.0585708 9.99011E-05 9.99011E-05 9.99011E-05 9.99011E-05 9.99011E-05 9.99011E-05
9.99191E-05 0.0187362 9.99191E-05 9.99191E-05 0.000568897 0.915783 0.0250081 0.0390041 9.99191E-05 9.99191E-05 9.99191E-05 9.99191E-05 9.99191E-05 9.99191E-05
9.99281E-05 9.99281E-05 0.0376866 9.99281E-05 0.00315402 0.583631 9.99281E-05 0.155223 0.0639252 9.99281E-05 9.99281E-05 9.99281E-05 9.99281E-05 0.155581
9.99369E-05 9.99369E-05 0.0359025 9.99369E-05 9.99369E-05 0.41736 9.99369E-05 0.0902081 9.99369E-05 9.99369E-05 0.0235563 0.00760108 0.00222482 0.422447
9.98834E-05 9.98834E-05 9.98834E-05 9.98834E-05 0.998702 9.98834E-05 9.98834E-05 9.98834E-05 9.98834E-05 9.98834E-05 9.98834E-05 9.98834E-05 9.98834E-05 9.98834E-05
9.99012E-05 9.99012E-05 9.99012E-05 9.99012E-05 9.99012E-05 0.878315 9.99012E-05 9.99012E-05 9.99012E-05 9.99012E-05 9.99012E-05 0.0139341 9.99012E-05 0.106652
9.99192E-05 9.99192E-05 0.0114116 0.00694645 0.0161127 9.99192E-05 9.99192E-05 0.721557 9.99192E-05 9.99192E-05 9.99192E-05 9.99192E-05 9.99192E-05 0.243073
9.99368E-05 9.99368E-05 0.10413 0.0366153 9.99368E-05 0.0139487 0.513621 9.99368E-05 9.99368E-05 9.99368E-05 0.0390781 0.279912 9.99368E-05 0.0119944
9.99099E-05 9.99099E-05 9.99099E-05 9.99099E-05 9.99099E-05 0.908847 9.99099E-05 9.99099E-05 9.99099E-05 9.99099E-05 0.0266459 0.0287454 9.99099E-05 0.0347624
9.9892E-05 9.9892E-05 9.9892E-05 0.952169 9.9892E-05 9.9892E-05 9.9892E-05 9.9892E-05 9.9892E-05 9.9892E-05 9.9892E-05 9.9892E-05 9.9892E-05 0.0466326
0.617978 9.99369E-05 9.99369E-05 0.0506354 0.207901 0.0119208 0.00166021 9.99369E-05 0.0559955 9.99369E-05 9.99369E-05 0.0532104 9.99369E-05 9.99369E-05
9.98919E-05 9.98919E-05 9.98919E-05 9.98919E-05 9.98919E-05 9.98919E-05 9.98919E-05 9.98919E-05 9.98919E-05 9.98919E-05 9.98919E-05 0.981744 9.98919E-05 0.0170578
0.212316 0.265712 9.99279E-05 0.228506 9.99279E-05 0.0800323 9.99279E-05 9.99279E-05 0.00719356 9.99279E-05 9.99279E-05 0.20544 9.99279E-05 9.99279E-05
0.239126 0.223057 0.0110563 0.278774 0.0388123 0.0286839 9.995E-05 9.995E-05 0.0103403 0.000563085 9.995E-05 0.169086 9.995E-05 9.995E-05
0.87064 9.99189E-05 9.99189E-05 0.046364 9.99189E-05 9.99189E-05 9.99189E-05 9.99189E-05 9.99189E-05 9.99189E-05 0.0260578 0.0352931 0.0207461 9.99189E-05
9.99099E-05 0.895036 9.99099E-05 0.0529544 9.99099E-05 9.99099E-05 0.041221 9.99099E-05 9.99099E-05 0.00978975 9.99099E-05 9.99099E-05 9.99099E-05 9.99099E-05
0.871669 9.99099E-05 9.99099E-05 0.0116929 9.99099E-05 9.99099E-05 0.00705428 9.99099E-05 9.99099E-05 9.99099E-05 0.108585 9.99099E-05 9.99099E-05 9.99099E-05
0.324635 0.09853 0.0891116 0.0701522 0.0460837 9.99459E-05 0.114577 9.99459E-05 9.99459E-05 0.12398 0.13233 9.99459E-05 9.99459E-05 9.99459E-05
0.452232 0.109859 0.00608184 0.131258 0.0453064 0.047585 9.99459E-05 9.99459E-05 0.0864381 9.99459E-05 0.120641 9.99459E-05 9.99459E-05 9.99459E-05
0.229754 9.9955E-05 0.00757955 0.163823 9.9955E-05 0.0946721 0.11429 0.0674666 0.0191209 9.9955E-05 0.182838 0.119956 9.9955E-05 9.9955E-05
9.98927E-05 9.98927E-05 9.98927E-05 0.976456 9.98927E-05 9.98927E-05 9.98927E-05 9.98927E-05 9.98927E-05 9.98927E-05 9.98927E-05 9.98927E-05 0.0223451 9.98927E-05
9.98832E-05 9.98832E-05 9.98832E-05 9.98832E-05 9.98832E-05 9.98832E-05 9.98832E-05 0.998702 9.98832E-05 9.98832E-05 9.98832E-05 9.98832E-05 9.98832E-05 9.98832E-05
9.98831E-05 9.98831E-05 9.98831E-05 9.98831E-05 9.98831E-05 9.98831E-05 9.98831E-05 0.998702 9.98831E-05 9.98831E-05 9.98831E-05 9.98831E-05 9.98831E-05 9.98831E-05
9.98921E-05 9.98921E-05 9.98921E-05 9.98921E-05 9.98921E-05 9.98921E-05 9.98921E-05 0.98758 9.98921E-05 9.98921E-05 0.0112209 9.98921E-05 9.98921E-05 9.98921E-05
9.98922E-05 9.98922E-05 9.98922E-05 9.98922E-05 9.98922E-05 9.98922E-05 9.98922E-05 0.994654 9.98922E-05 9.98922E-05 9.98922E-05 9.98922E-05 0.00414744 9.98922E-05
9.98832E-05 9.98832E-05 9.98832E-05 9.98832E-05 9.98832E-05 9.98832E-05 9.98832E-05 0.998702 9.98832E-05 9.98832E-05 9.98832E-05 9.98832E-05 9.98832E-05 9.98832E-05
0.00266876 0.105214 9.99461E-05 9.99461E-05 0.0611402 0.158903 9.99461E-05 0.345009 9.99461E-05 0.0247468 9.99461E-05 9.99461E-05 0.00554214 0.296176
9.99011E-05 9.99011E-05 9.99011E-05 0.0137382 0.0684996 9.99011E-05 9.99011E-05 0.916663 9.99011E-05 9.99011E-05 9.99011E-05 9.99011E-05 9.99011E-05 9.99011E-05
9.99008E-05 0.161077 9.99008E-05 0.790789 9.99008E-05 9.99008E-05 9.99008E-05 9.99008E-05 9.99008E-05 9.99008E-05 0.0470349 9.99008E-05 9.99008E-05 9.99008E-05
9.99009E-05 9.99009E-05 9.99009E-05 9.99009E-05 0.943459 9.99009E-05 0.0211787 0.0342632 9.99009E-05 9.99009E-05 9.99009E-05 9.99009E-05 9.99009E-05 9.99009E-05
9.9892E-05 9.9892E-05 9.9892E-05 9.9892E-05 9.9892E-05 0.982989 9.9892E-05 9.9892E-05 9.9892E-05 9.9892E-05 9.9892E-05 0.0158125 9.9892E-05 9.9892E-05
9.991E-05 0.10207 0.0423408 9.991E-05 9.991E-05 9.991E-05 0.844071 0.0105194 9.991E-05 9.991E-05 9.991E-05 9.991E-05 9.991E-05 9.991E-05
9.98921E-05 0.836923 9.98921E-05 9.98921E-05 9.98921E-05 9.98921E-05 9.98921E-05 9.98921E-05 9.98921E-05 9.98921E-05 0.161878 9.98921E-05 9.98921E-05 9.98921E-05
9.98924E-05 9.98924E-05 9.98924E-05 9.98924E-05 9.98924E-05 9.98924E-05 0.994249 9.98924E-05 9.98924E-05 9.98924E-05 9.98924E-05 9.98924E-05 9.98924E-05 0.00455183
0.112864 9.98919E-05 9.98919E-05 9.98919E-05 9.98919E-05 9.98919E-05 0.885937 9.98919E-05 9.98919E-05 9.98919E-05 9.98919E-05 9.98919E-05 9.98919E-05 9.98919E-05
0.0847958 9.99278E-05 0.0428018 9.99278E-05 9.99278E-05 9.99278E-05 0.776739 9.99278E-05 9.99278E-05 9.99278E-05 0.0772465 0.00330076 0.0143165 9.99278E-05
9.98831E-05 9.98831E-05 9.98831E-05 9.98831E-05 9.98831E-05 9.98831E-05 9.98831E-05 9.98831E-05 0.998702 9.98831E-05 9.98831E-05 9.98831E-05 9.98831E-05 9.98831E-05
0.0160462 0.0030764 0.00122204 9.99105E-05 9.99105E-05 0.978656 9.99105E-05 9.99105E-05 9.99105E-05 9.99105E-05 9.99105E-05 9.99105E-05 9.99105E-05 9.99105E-05
0.0364901 0.108323 0.0941022 0.0975542 9.9964E-05 0.314663 0.0480376 0.102681 0.0352475 9.9964E-05 9.9964E-05 0.0759573 9.9964E-05 0.0865447
9.99014E-05 9.99014E-05 9.99014E-05 9.99014E-05 9.99014E-05 0.916422 0.00663319 9.99014E-05 9.99014E-05 9.99014E-05 9.99014E-05 9.99014E-05 9.99014E-05 0.0758463
9.9919E-05 9.9919E-05 9.9919E-05 0.000914397 9.9919E-05 0.891518 9.9919E-05 0.0222815 9.9919E-05 9.9919E-05 9.9919E-05 0.0425108 9.9919E-05 0.0418762
9.9919E-05 0.0389219 9.9919E-05 9.9919E-05 9.9919E-05 0.896961 0.00411103 0.0471352 9.9919E-05 9.9919E-05 9.9919E-05 9.9919E-05 9.9919E-05 0.0119718
9.99101E-05 9.99101E-05 9.99101E-05 9.99101E-05 0.0114083 0.951228 9.99101E-05 0.012567 0.0237976 9.99101E-05 9.99101E-05 9.99101E-05 9.99101E-05 9.99101E-05
0.0391397 9.99191E-05 9.99191E-05 9.99191E-05 0.0206975 0.829169 9.99191E-05 9.99191E-05 9.99191E-05 9.99191E-05 0.038438 9.99191E-05 9.99191E-05 0.0716566
9.99009E-05 9.99009E-05 9.99009E-05 9.99009E-05 9.99009E-05 0.947492 9.99009E-05 9.99009E-05 9.99009E-05 9.99009E-05 0.00724528 0.0441641 9.99009E-05 9.99009E-05
9.99008E-05 9.99008E-05 9.99008E-05 9.99008E-05 9.99008E-05 9.99008E-05 9.99008E-05 0.0153373 9.99008E-05 9.99008E-05 9.99008E-05 0.00440826 9.99008E-05 0.979156
9.98918E-05 9.98918E-05 9.98918E-05 9.98918E-05 9.98918E-05 9.98918E-05 0.060089 9.98918E-05 9.98918E-05 9.98918E-05 9.98918E-05 9.98918E-05 9.98918E-05 0.938712
9.99192E-05 0.0234606 9.99192E-05 0.00179765 9.99192E-05 0.956453 0.00328044 9.99192E-05 9.99192E-05 9.99192E-05 9.99192E-05 9.99192E-05 0.0141095 9.99192E-05
9.99009E-05 0.948053 0.00923201 9.99009E-05 9.99009E-05 9.99009E-05 9.99009E-05 9.99009E-05 9.99009E-05 9.99009E-05 9.99009E-05 0.0416159 9.99009E-05 9.99009E-05
9.99009E-05 0.946014 0.0312252 9.99009E-05 9.99009E-05 9.99009E-05 9.99009E-05 0.0216623 9.99009E-05 9.99009E-05 9.99009E-05 9.99009E-05 9.99009E-05 9.99009E-05
9.98832E-05 9.98832E-05 0.998702 9.98832E-05 9.98832E-05 9.98832E-05 9.98832E-05 9.98832E-05 9.98832E-05 9.98832E-05 9.98832E-05 9.98832E-05 9.98832E-05 9.98832E-05
9.98832E-05 9.98832E-05 0.998702 9.98832E-05 9.98832E-05 9.98832E-05 9.98832E-05 9.98832E-05 9.98832E-05 9.98832E-05 9.98832E-05 9.98832E-05 9.98832E-05 9.98832E-05
0.798078 0.084844 9.99189E-05 0.0313879 0.0542381 9.99189E-05 0.0305523 9.99189E-05 9.99189E-05 9.99189E-05 9.99189E-05 9.99189E-05 9.99189E-05 9.99189E-05
0.764271 0.108686 9.99279E-05 0.00685989 0.0432885 9.99279E-05 0.0620188 9.99279E-05 0.0140764 9.99279E-05 9.99279E-05 9.99279E-05 9.99279E-05 9.99279E-05
9.99011E-05 9.99011E-05 0.952398 9.99011E-05 0.020171 9.99011E-05 9.99011E-05 9.99011E-05 9.99011E-05 9.99011E-05 9.99011E-05 9.99011E-05 9.99011E-05 0.026332
9.98832E-05 9.98832E-05 0.998702 9.98832E-05 9.98832E-05 9.98832E-05 9.98832E-05 9.98832E-05 9.98832E-05 9.98832E-05 9.98832E-05 9.98832E-05 9.98832E-05 9.98832E-05
9.98919E-05 9.98919E-05 9.98919E-05 0.934638 9.98919E-05 9.98919E-05 0.0641637 9.98919E-05 9.98919E-05 9.98919E-05 9.98919E-05 9.98919E-05 9.98919E-05 9.98919E-05
0.183082 0.493877 9.9946E-05 0.0344097 0.0209552 9.9946E-05 0.156858 9.9946E-05 9.9946E-05 0.0337422 0.0480453 9.9946E-05 0.0284315 9.9946E-05
9.98921E-05 9.98921E-05 9.98921E-05 9.98921E-05 0.959986 9.98921E-05 9.98921E-05 0.0388155 9.98921E-05 9.98921E-05 9.98921E-05 9.98921E-05 9.98921E-05 9.98921E-05
9.98831E-05 9.98831E-05 9.98831E-05 9.98831E-05 9.98831E-05 9.98831E-05 9.98831E-05 9.98831E-05 9.98831E-05 9.98831E-05 0.998702 9.98831E-05 9.98831E-05 9.98831E-05
9.99191E-05 0.0070846 9.99191E-05 0.00469218 9.99191E-05 9.99191E-05 0.0514022 9.99191E-05 9.99191E-05 9.99191E-05 0.892224 0.0436975 9.99191E-05 9.99191E-05
9.99281E-05 9.99281E-05 0.0399923 9.99281E-05 0.00370305 0.38061 9.99281E-05 0.0838233 9.99281E-05 9.99281E-05 9.99281E-05 9.99281E-05 0.0377131 0.453358
