0.00297366 9.9982E-05 9.9982E-05 0.996826
0.328739 0.263586 9.9991E-05 0.407574
0.0529611 0.795679 0.0773103 0.0740492
9.998E-05 0.9997 9.998E-05 9.998E-05
0.319418 0.446404 9.9991E-05 0.234078
9.998E-05 0.9997 9.998E-05 9.998E-05
0.403029 0.0339475 9.99911E-05 0.562924
0.519841 0.388728 9.9991E-05 0.0913313
0.469474 0.0167652 9.9991E-05 0.51366
0.151697 9.9982E-05 9.9982E-05 0.848103
0.130015 9.9982E-05 9.9982E-05 0.869785
9.9982E-05 0.0802211 9.9982E-05 0.919579
9.99821E-05 0.0638212 9.99821E-05 0.935979
9.99801E-05 0.964338 0.0354624 9.99801E-05
9.999E-05 0.983765 0.0144383 0.00169709
0.06924 0.0284051 9.9991E-05 0.902255
9.9991E-05 0.0622773 0.193351 0.744271
0.1327 9.9991E-05 0.73191 0.13529
9.998E-05 9.998E-05 0.9997 9.998E-05
0.0235032 9.9982E-05 9.9982E-05 0.976297
9.998E-05 9.998E-05 0.9997 9.998E-05
9.9982E-05 0.0154092 9.9982E-05 0.984391
0.0696369 0.0527478 0.570587 0.307028
9.998E-05 9.998E-05 0.9997 9.998E-05
9.998E-05 0.9997 9.998E-05 9.998E-05
9.998E-05 0.9997 9.998E-05 9.998E-05
9.998E-05 9.998E-05 9.998E-05 0.9997
0.0718627 0.927937 9.9982E-05 9.9982E-05
0.0983615 0.901439 9.9982E-05 9.9982E-05
0.270817 0.672 0.0522753 0.00490797
0.301243 0.674865 0.0237917 9.9991E-05
0.643515 0.0724424 9.9991E-05 0.283942
9.998E-05 0.9997 9.998E-05 9.998E-05
0.906029 0.093771 9.9982E-05 9.9982E-05
9.9982E-05 0.0972256 9.9982E-05 0.902574
9.9982E-05 0.996072 9.9982E-05 0.00372826
9.99821E-05 0.0482421 9.99821E-05 0.951558
0.236488 9.9991E-05 0.0234193 0.739993
9.9991E-05 0.221724 0.165676 0.6125
9.9982E-05 0.133147 9.9982E-05 0.866653
9.99819E-05 0.114797 9.99819E-05 0.885003
0.0303338 9.9991E-05 0.0258815 0.943685
0.109758 9.9982E-05 9.9982E-05 0.890042
0.103057 9.9991E-05 0.00504588 0.891797
0.0749629 9.9991E-05 0.171695 0.753242
0.0823371 0.0532699 0.0430378 0.821355
0.0823894 0.125746 0.00592923 0.785935
0.0284876 9.99822E-05 9.99822E-05 0.971312
0.9997 9.998E-05 9.998E-05 9.998E-05
0.9997 9.998E-05 9.998E-05 9.998E-05
0.9997 9.998E-05 9.998E-05 9.998E-05
0.9997 9.998E-05 9.998E-05 9.998E-05
0.9997 9.998E-05 9.998E-05 9.998E-05
0.665895 0.226691 0.0347695 0.0726446
0.9997 9.998E-05 9.998E-05 9.998E-05
9.998E-05 9.998E-05 9.998E-05 0.9997
0.630159 0.0683949 9.9991E-05 0.301346
9.998E-05 0.9997 9.998E-05 9.998E-05
0.00290951 0.0111472 9.9991E-05 0.985843
0.026514 0.0478242 9.9991E-05 0.925562
9.998E-05 9.998E-05 9.998E-05 0.9997
9.9982E-05 0.000415279 9.9982E-05 0.999385
9.9982E-05 9.9982E-05 0.00103702 0.998763
0.0730424 9.9991E-05 0.88913 0.0377278
9.998E-05 0.9997 9.998E-05 9.998E-05
0.0769018 0.357988 0.0183713 0.546739
0.020176 0.979624 9.99821E-05 9.99821E-05
0.00490258 0.987635 9.9991E-05 0.00736234
0.0854866 0.914313 9.9982E-05 9.9982E-05
0.0876795 0.912121 9.9982E-05 9.9982E-05
0.0483786 0.914053 9.9991E-05 0.0374683
9.998E-05 0.9997 9.998E-05 9.998E-05
0.527287 0.472513 9.99821E-05 9.99821E-05
0.426474 0.528039 9.99911E-05 0.0453876
0.00508665 0.975171 9.9991E-05 0.0196423
0.148011 0.0599345 9.9991E-05 0.791954
0.157283 0.0350457 9.9991E-05 0.807571
9.9991E-05 0.161411 0.258349 0.580141
9.9991E-05 0.159651 0.258494 0.581756
0.166354 9.99819E-05 9.99819E-05 0.833446
0.10462 9.9991E-05 0.00126699 0.894013
9.9991E-05 0.151263 0.257024 0.591613
9.9991E-05 0.160058 0.281342 0.5585
0.0269614 9.9982E-05 9.9982E-05 0.972839
0.07803 9.9991E-05 0.0225006 0.899369
0.67288 0.089916 9.9991E-05 0.237104
9.9991E-05 0.102794 0.205062 0.692043
9.9991E-05 0.0549375 0.168514 0.776449
0.305214 0.6491 0.0455861 9.9991E-05
