0.0359255 0.963875 9.9982E-05 9.9982E-05
9.9982E-05 0.455786 0.544014 9.9982E-05
0.11842 9.99911E-05 0.844805 0.0366749
0.0200325 9.9982E-05 0.979768 9.9982E-05
9.99821E-05 0.345935 0.653865 9.99821E-05
0.0370207 9.9982E-05 0.962779 9.9982E-05
9.99821E-05 0.690591 0.309209 9.99821E-05
0.0424662 0.148754 0.80868 9.9991E-05
9.99821E-05 0.671617 0.328183 9.99821E-05
0.0856306 0.873905 0.0403641 9.9991E-05
0.131397 0.855595 0.0129079 9.9991E-05
0.170599 0.773397 0.0559046 9.9991E-05
0.0557052 0.912665 0.0265549 0.0050747
9.9982E-05 9.9982E-05 0.98546 0.0143405
0.0247665 9.9982E-05 0.975034 9.9982E-05
0.0452127 0.927056 0.0276313 9.9991E-05
0.395357 0.525795 0.000154278 0.0786936
9.9991E-05 0.203773 0.0452861 0.750841
0.0961237 9.9982E-05 9.9982E-05 0.903676
0.142993 0.856807 9.9982E-05 9.9982E-05
9.998E-05 9.998E-05 9.998E-05 0.9997
0.0783731 0.921427 9.9982E-05 9.9982E-05
0.418289 0.120644 0.0516805 0.409387
0.0735558 9.9982E-05 9.9982E-05 0.926244
9.998E-05 9.998E-05 0.9997 9.998E-05
9.998E-05 9.998E-05 0.9997 9.998E-05
0.0866766 0.913123 9.9982E-05 9.9982E-05
9.998E-05 9.998E-05 0.9997 9.998E-05
9.998E-05 9.998E-05 0.9997 9.998E-05
0.0499391 9.9991E-05 0.923388 0.0265726
0.0688585 9.9982E-05 0.930942 9.9982E-05
9.9991E-05 0.418436 0.566527 0.0149374
9.998E-05 9.998E-05 0.9997 9.998E-05
9.9982E-05 0.181454 0.818346 9.9982E-05
0.268858 0.652258 0.0787831 9.9991E-05
0.0143073 0.00213433 0.983458 9.9991E-05
0.0535506 0.891927 0.0544223 9.9991E-05
0.0377845 0.764521 0.164298 0.033397
0.420532 0.395696 0.12152 0.0622518
0.0572205 0.822732 0.118147 0.00190073
0.0750543 0.826001 0.0988446 9.9991E-05
0.0952799 0.873998 9.9991E-05 0.0306223
9.9982E-05 0.969909 0.0298906 9.9982E-05
0.135841 0.857344 0.00539037 0.00142469
0.228449 0.654693 9.9991E-05 0.116758
0.0977674 0.720487 0.124365 0.0573808
0.158025 0.679738 0.162138 9.9991E-05
0.0140395 0.960946 9.99911E-05 0.0249148
9.9991E-05 0.128295 0.827415 0.0441902
9.9991E-05 0.162955 0.779196 0.0577494
9.9991E-05 0.175929 0.792273 0.0316986
9.9991E-05 0.127512 0.823763 0.0486245
9.9991E-05 0.130406 0.846366 0.0231274
9.9991E-05 0.263793 0.700592 0.0355159
9.9982E-05 0.25042 0.74938 9.9982E-05
9.998E-05 0.9997 9.998E-05 9.998E-05
9.9982E-05 0.439869 0.559931 9.9982E-05
9.998E-05 9.998E-05 0.9997 9.998E-05
0.0689559 0.930844 9.99821E-05 9.99821E-05
0.024511 0.913353 0.0620365 9.9991E-05
9.99821E-05 0.985973 9.99821E-05 0.0138274
0.00504353 0.994757 9.9982E-05 9.9982E-05
0.0678695 0.913498 9.9991E-05 0.0185321
9.9991E-05 0.0548907 0.00491042 0.940099
9.998E-05 9.998E-05 0.9997 9.998E-05
0.0535535 0.405542 0.491703 0.0492011
9.998E-05 9.998E-05 0.9997 9.998E-05
0.00597255 0.0166712 0.977256 9.9991E-05
9.998E-05 9.998E-05 0.9997 9.998E-05
9.998E-05 9.998E-05 0.9997 9.998E-05
0.0379957 0.0193627 0.942542 9.9991E-05
9.998E-05 9.998E-05 0.9997 9.998E-05
9.99821E-05 0.0632912 0.936509 9.99821E-05
9.99911E-05 0.120682 0.855755 0.0234632
0.018156 9.9982E-05 0.981644 9.9982E-05
0.0230858 0.817059 0.159756 9.9991E-05
0.0474073 0.831156 0.121336 9.9991E-05
0.9997 9.998E-05 9.998E-05 9.998E-05
0.9997 9.998E-05 9.998E-05 9.998E-05
0.0558596 0.91927 0.02395 0.000920675
0.0548236 0.903045 0.0284694 0.0136617
0.9997 9.998E-05 9.998E-05 9.998E-05
0.9997 9.998E-05 9.998E-05 9.998E-05
9.998E-05 0.9997 9.998E-05 9.998E-05
9.9991E-05 0.930526 0.0165564 0.0528173
9.9982E-05 0.448653 0.551147 9.9982E-05
0.33033 0.478921 0.0542393 0.13651
0.360957 0.566259 9.9991E-05 0.0726832
0.0380281 9.9991E-05 0.90766 0.0542115
