9.998E-05 0.9997 9.998E-05 9.998E-05
9.999E-05 0.377382 0.324417 0.2981
0.0654373 0.018748 0.0744663 0.841348
9.9982E-05 9.9982E-05 0.0028643 0.996936
9.999E-05 0.235924 0.322031 0.441945
9.998E-05 9.998E-05 9.998E-05 0.9997
9.999E-05 0.537863 0.432188 0.0298486
9.999E-05 0.0555405 0.497913 0.446446
9.99821E-05 0.522693 0.477107 9.99821E-05
9.9982E-05 0.824544 0.175256 9.9982E-05
9.9982E-05 0.847653 0.152147 9.9982E-05
9.9982E-05 0.922217 9.9982E-05 0.0775827
9.99821E-05 0.960107 9.99821E-05 0.0396926
0.0194875 9.9982E-05 9.9982E-05 0.980313
0.00612098 0.0271763 9.9991E-05 0.966603
9.9982E-05 0.914398 0.0854021 9.9982E-05
0.16078 0.771205 9.9991E-05 0.0679147
0.736131 0.166754 0.0970151 9.9991E-05
0.9997 9.998E-05 9.998E-05 9.998E-05
9.9982E-05 0.936124 0.0636764 9.9982E-05
0.9997 9.998E-05 9.998E-05 9.998E-05
9.9982E-05 0.969032 0.0307677 9.9982E-05
0.526185 0.367763 0.0483982 0.0576536
0.995504 0.00429652 9.9982E-05 9.9982E-05
9.998E-05 9.998E-05 9.998E-05 0.9997
9.998E-05 9.998E-05 9.998E-05 0.9997
9.998E-05 0.9997 9.998E-05 9.998E-05
9.9982E-05 9.9982E-05 0.0566319 0.943168
9.9982E-05 9.9982E-05 0.104319 0.895481
0.0247045 9.9991E-05 0.26614 0.709055
0.0202572 0.0218962 0.272645 0.685202
9.9991E-05 0.267782 0.641175 0.0909429
9.998E-05 9.998E-05 9.998E-05 0.9997
9.9982E-05 9.9982E-05 0.86856 0.13124
9.9982E-05 0.888523 9.9982E-05 0.111277
9.998E-05 9.998E-05 9.998E-05 0.9997
9.9982E-05 0.922757 9.9982E-05 0.0770429
0.020601 0.734864 0.244435 9.9991E-05
0.1546 0.656746 9.9991E-05 0.188554
9.9982E-05 0.841472 9.9982E-05 0.158328
0.00245453 0.880295 0.0164065 0.100844
0.0144517 0.938489 0.046959 9.9991E-05
9.9982E-05 0.914749 0.0850506 9.9982E-05
9.9982E-05 0.905924 0.0938759 9.9982E-05
0.153821 0.765046 0.0810329 9.9991E-05
0.0594175 0.768343 0.093012 0.0792277
9.9991E-05 0.803292 0.046498 0.15011
9.99822E-05 0.98239 0.01741 9.99822E-05
9.998E-05 9.998E-05 0.9997 9.998E-05
9.998E-05 9.998E-05 0.9997 9.998E-05
9.998E-05 9.998E-05 0.9997 9.998E-05
9.998E-05 9.998E-05 0.9997 9.998E-05
9.998E-05 9.998E-05 0.9997 9.998E-05
0.0275678 0.0626587 0.670662 0.239112
9.998E-05 9.998E-05 0.9997 9.998E-05
9.998E-05 0.9997 9.998E-05 9.998E-05
9.9991E-05 0.288456 0.612408 0.0990368
9.998E-05 9.998E-05 9.998E-05 0.9997
9.998E-05 0.9997 9.998E-05 9.998E-05
9.9991E-05 0.907913 0.0349089 0.0570785
9.99822E-05 0.981086 9.99822E-05 0.0187142
9.998E-05 0.9997 9.998E-05 9.998E-05
9.998E-05 0.9997 9.998E-05 9.998E-05
0.912335 0.03481 0.0527553 9.9991E-05
9.99821E-05 9.99821E-05 0.0134307 0.986369
0.0793515 0.458475 0.248311 0.213863
9.99821E-05 9.99821E-05 0.000671793 0.999128
9.9982E-05 9.9982E-05 0.0148341 0.984966
9.9982E-05 9.9982E-05 0.100469 0.899331
9.9982E-05 9.9982E-05 0.0658671 0.933933
9.9991E-05 0.0542032 0.0407964 0.9049
9.998E-05 9.998E-05 9.998E-05 0.9997
9.99821E-05 9.99821E-05 0.533954 0.465846
0.0255332 0.0312155 0.451129 0.492122
0.0013235 0.00207356 0.0259673 0.970636
9.9991E-05 0.744995 0.20181 0.0530955
9.9991E-05 0.773764 0.176619 0.0495174
0.217904 0.641659 9.9991E-05 0.140337
0.209464 0.654339 9.9991E-05 0.136097
9.9982E-05 0.853227 0.146573 9.9982E-05
0.00160549 0.849336 0.148958 9.9991E-05
0.21241 0.63178 9.9991E-05 0.15571
0.22891 0.648416 9.9991E-05 0.122574
9.9982E-05 0.95914 0.0406604 9.9982E-05
0.0529003 0.891955 0.0550451 9.9991E-05
9.9991E-05 0.269282 0.724822 0.0057959
0.162472 0.699128 9.9991E-05 0.138301
0.14602 0.808112 9.9991E-05 0.0457682
0.0510655 9.9991E-05 0.357891 0.590944
