9.98649E-05 9.98649E-05 0.015139 9.98649E-05 0.0457932 9.98649E-05 9.98649E-05 0.00424865 9.98649E-05 9.98649E-05 9.98649E-05 9.98649E-05 9.98649E-05 0.00164146 9.98649E-05 9.98649E-05 0.93168 9.98649E-05 9.98649E-05 9.98649E-05
9.98649E-05 9.98649E-05 0.00342058 9.98649E-05 9.98649E-05 0.206498 9.98649E-05 0.662025 9.98649E-05 9.98649E-05 0.00536366 9.98649E-05 0.121195 9.98649E-05 9.98649E-05 9.98649E-05 9.98649E-05 9.98649E-05 9.98649E-05 9.98649E-05
9.98293E-05 9.98293E-05 9.98293E-05 9.98293E-05 9.98293E-05 9.98293E-05 9.98293E-05 9.98293E-05 9.98293E-05 9.98293E-05 9.98293E-05 9.98293E-05 9.98293E-05 9.98293E-05 0.998103 9.98293E-05 9.98293E-05 9.98293E-05 9.98293E-05 9.98293E-05
0.00829967 9.98741E-05 9.98741E-05 9.98741E-05 9.98741E-05 9.98741E-05 9.98741E-05 9.98741E-05 9.98741E-05 9.98741E-05 9.98741E-05 9.98741E-05 0.841687 0.0308538 0.000228694 0.0261252 9.98741E-05 9.98741E-05 0.0914077 9.98741E-05
0.0128801 9.99102E-05 9.99102E-05 0.046758 9.99102E-05 0.122749 0.021738 0.11397 9.99102E-05 9.99102E-05 0.100696 0.168284 0.281274 9.99102E-05 0.0557795 0.0748719 9.99102E-05 9.99102E-05 9.99102E-05 9.99102E-05
9.98651E-05 9.98651E-05 9.98651E-05 9.98651E-05 9.98651E-05 9.98651E-05 0.0344385 9.98651E-05 9.98651E-05 9.98651E-05 9.98651E-05 9.98651E-05 0.953722 0.00586383 9.98651E-05 9.98651E-05 9.98651E-05 0.00437156 9.98651E-05 0.000106032
9.98292E-05 9.98292E-05 9.98292E-05 9.98292E-05 9.98292E-05 9.98292E-05 9.98292E-05 9.98292E-05 9.98292E-05 9.98292E-05 9.98292E-05 0.998103 9.98292E-05 9.98292E-05 9.98292E-05 9.98292E-05 9.98292E-05 9.98292E-05 9.98292E-05 9.98292E-05
9.99009E-05 9.99009E-05 9.99009E-05 9.99009E-05 0.06361 9.99009E-05 0.264888 0.117459 9.99009E-05 9.99009E-05 0.43716 9.99009E-05 0.00799354 0.00280096 0.00558751 0.076647 9.99009E-05 9.99009E-05 0.0227556 9.99009E-05
9.98381E-05 9.98381E-05 9.98381E-05 9.98381E-05 9.98381E-05 9.98381E-05 9.98381E-05 0.0388981 9.98381E-05 9.98381E-05 9.98381E-05 0.959305 9.98381E-05 9.98381E-05 9.98381E-05 9.98381E-05 9.98381E-05 9.98381E-05 9.98381E-05 9.98381E-05
9.98382E-05 9.98382E-05 9.98382E-05 9.98382E-05 0.837068 9.98382E-05 9.98382E-05 9.98382E-05 9.98382E-05 9.98382E-05 9.98382E-05 0.161135 9.98382E-05 9.98382E-05 9.98382E-05 9.98382E-05 9.98382E-05 9.98382E-05 9.98382E-05 9.98382E-05
9.98382E-05 9.98382E-05 9.98382E-05 9.98382E-05 0.877728 9.98382E-05 9.98382E-05 9.98382E-05 9.98382E-05 9.98382E-05 9.98382E-05 0.120475 9.98382E-05 9.98382E-05 9.98382E-05 9.98382E-05 9.98382E-05 9.98382E-05 9.98382E-05 9.98382E-05
9.9865E-05 9.9865E-05 9.9865E-05 9.9865E-05 9.9865E-05 9.9865E-05 9.9865E-05 9.9865E-05 0.171399 0.00561788 9.9865E-05 9.9865E-05 9.9865E-05 0.134184 0.0219968 9.9865E-05 0.665304 9.9865E-05 9.9865E-05 9.9865E-05
9.98565E-05 9.98565E-05 9.98565E-05 9.98565E-05 9.98565E-05 9.98565E-05 0.0193859 9.98565E-05 0.967104 9.98565E-05 9.98565E-05 0.00678671 9.98565E-05 9.98565E-05 9.98565E-05 9.98565E-05 9.98565E-05 9.98565E-05 9.98565E-05 0.00512595
9.98472E-05 9.98472E-05 9.98472E-05 9.98472E-05 9.98472E-05 9.98472E-05 9.98472E-05 9.98472E-05 0.014218 0.0215456 9.98472E-05 9.98472E-05 0.962539 9.98472E-05 9.98472E-05 9.98472E-05 9.98472E-05 9.98472E-05 9.98472E-05 9.98472E-05
9.98471E-05 9.98471E-05 9.98471E-05 9.98471E-05 9.98471E-05 0.00309869 9.98471E-05 9.98471E-05 9.98471E-05 0.036089 9.98471E-05 9.98471E-05 0.959115 9.98471E-05 9.98471E-05 9.98471E-05 9.98471E-05 9.98471E-05 9.98471E-05 9.98471E-05
9.9847E-05 0.737516 9.9847E-05 9.9847E-05 9.9847E-05 9.9847E-05 9.9847E-05 9.9847E-05 0.109558 9.9847E-05 9.9847E-05 9.9847E-05 9.9847E-05 9.9847E-05 9.9847E-05 9.9847E-05 9.9847E-05 9.9847E-05 9.9847E-05 0.151228
9.98472E-05 9.98472E-05 0.947469 0.00924693 0.0415867 9.98472E-05 9.98472E-05 9.98472E-05 9.98472E-05 9.98472E-05 9.98472E-05 9.98472E-05 9.98472E-05 9.98472E-05 9.98472E-05 9.98472E-05 9.98472E-05 9.98472E-05 9.98472E-05 9.98472E-05
9.98559E-05 9.98559E-05 9.98559E-05 9.98559E-05 0.0705806 0.087505 9.98559E-05 9.98559E-05 9.98559E-05 0.828381 9.98559E-05 9.98559E-05 9.98559E-05 9.98559E-05 9.98559E-05 0.0119362 9.98559E-05 9.98559E-05 9.98559E-05 9.98559E-05
9.98381E-05 9.98381E-05 9.98381E-05 9.98381E-05 9.98381E-05 9.98381E-05 9.98381E-05 9.98381E-05 9.98381E-05 9.98381E-05 9.98381E-05 9.98381E-05 9.98381E-05 0.0460097 9.98381E-05 9.98381E-05 9.98381E-05 0.952193 9.98381E-05 9.98381E-05
9.98739E-05 0.288167 0.0152456 9.98739E-05 0.450369 9.98739E-05 9.98739E-05 9.98739E-05 9.98739E-05 9.98739E-05 9.98739E-05 9.98739E-05 9.98739E-05 0.0219071 9.98739E-05 9.98739E-05 0.0603707 9.98739E-05 9.98739E-05 0.162543
9.98381E-05 9.98381E-05 9.98381E-05 9.98381E-05 9.98381E-05 9.98381E-05 9.98381E-05 9.98381E-05 9.98381E-05 0.979722 9.98381E-05 9.98381E-05 9.98381E-05 9.98381E-05 9.98381E-05 9.98381E-05 9.98381E-05 0.0184812 9.98381E-05 9.98381E-05
9.98739E-05 0.206926 9.98739E-05 9.98739E-05 0.0363921 0.240328 9.98739E-05 9.98739E-05 0.0797646 9.98739E-05 9.98739E-05 9.98739E-05 9.98739E-05 9.98739E-05 9.98739E-05 9.98739E-05 0.418346 9.98739E-05 9.98739E-05 0.0168448
9.98287E-05 9.98287E-05 9.98287E-05 0.998103 9.98287E-05 9.98287E-05 9.98287E-05 9.98287E-05 9.98287E-05 9.98287E-05 9.98287E-05 9.98287E-05 9.98287E-05 9.98287E-05 9.98287E-05 9.98287E-05 9.98287E-05 9.98287E-05 9.98287E-05 9.98287E-05
9.9847E-05 9.9847E-05 9.9847E-05 0.320193 9.9847E-05 9.9847E-05 9.9847E-05 9.9847E-05 9.9847E-05 0.129819 9.9847E-05 9.9847E-05 9.9847E-05 9.9847E-05 9.9847E-05 9.9847E-05 9.9847E-05 0.548291 9.9847E-05 9.9847E-05
0.00807806 9.98564E-05 9.98564E-05 9.98564E-05 9.98564E-05 9.98564E-05 9.98564E-05 9.98564E-05 9.98564E-05 9.98564E-05 9.98564E-05 9.98564E-05 0.355922 9.98564E-05 0.0304081 9.98564E-05 9.98564E-05 9.98564E-05 0.603995 9.98564E-05
9.98383E-05 9.98383E-05 9.98383E-05 9.98383E-05 9.98383E-05 9.98383E-05 9.98383E-05 9.98383E-05 9.98383E-05 9.98383E-05 9.98383E-05 9.98383E-05 0.820415 9.98383E-05 9.98383E-05 9.98383E-05 9.98383E-05 9.98383E-05 0.177788 9.98383E-05
9.98648E-05 9.98648E-05 0.0737451 9.98648E-05 0.0739973 9.98648E-05 9.98648E-05 9.98648E-05 0.769111 9.98648E-05 9.98648E-05 9.98648E-05 9.98648E-05 0.031472 9.98648E-05 9.98648E-05 0.0501762 9.98648E-05 9.98648E-05 9.98648E-05
9.98382E-05 9.98382E-05 9.98382E-05 9.98382E-05 9.98382E-05 9.98382E-05 9.98382E-05 9.98382E-05 9.98382E-05 9.98382E-05 9.98382E-05 9.98382E-05 9.98382E-05 9.98382E-05 9.98382E-05 9.98382E-05 9.98382E-05 9.98382E-05 0.985418 0.0127853
9.98303E-05 9.98303E-05 9.98303E-05 9.98303E-05 9.98303E-05 9.98303E-05 9.98303E-05 9.98303E-05 0.00326414 9.98303E-05 9.98303E-05 9.98303E-05 9.98303E-05 9.98303E-05 9.98303E-05 0.0212697 9.98303E-05 9.98303E-05 0.973769 9.98303E-05
9.98744E-05 9.98744E-05 9.98744E-05 9.98744E-05 9.98744E-05 9.98744E-05 0.549046 9.98744E-05 0.0221594 9.98744E-05 9.98744E-05 9.98744E-05 0.235043 9.98744E-05 9.98744E-05 0.0353394 9.98744E-05 0.00834719 0.148666 9.98744E-05
9.98468E-05 9.98468E-05 9.98468E-05 9.98468E-05 9.98468E-05 9.98468E-05 0.888388 9.98468E-05 9.98468E-05 9.98468E-05 0.0218673 9.98468E-05 0.088047 9.98468E-05 9.98468E-05 9.98468E-05 9.98468E-05 9.98468E-05 9.98468E-05 9.98468E-05
9.98296E-05 9.98296E-05 9.98296E-05 9.98296E-05 9.98296E-05 9.98296E-05 9.98296E-05 0.998103 9.98296E-05 9.98296E-05 9.98296E-05 9.98296E-05 9.98296E-05 9.98296E-05 9.98296E-05 9.98296E-05 9.98296E-05 9.98296E-05 9.98296E-05 9.98296E-05
9.98474E-05 9.98474E-05 9.98474E-05 9.98474E-05 9.98474E-05 9.98474E-05 9.98474E-05 9.98474E-05 9.98474E-05 9.98474E-05 0.129122 9.98474E-05 0.66573 9.98474E-05 9.98474E-05 9.98474E-05 9.98474E-05 9.98474E-05 0.203451 9.98474E-05
9.98834E-05 0.0166258 9.98834E-05 9.98834E-05 0.0184105 9.98834E-05 9.98834E-05 9.98834E-05 9.98834E-05 9.98834E-05 0.200035 9.98834E-05 9.98834E-05 0.0135515 9.98834E-05 0.727624 0.00248791 9.98834E-05 0.0199662 9.98834E-05
9.98827E-05 9.98827E-05 0.247411 9.98827E-05 9.98827E-05 0.0782688 0.0424692 9.98827E-05 0.43754 9.98827E-05 9.98827E-05 9.98827E-05 9.98827E-05 0.0723512 9.98827E-05 9.98827E-05 0.019248 9.98827E-05 9.98827E-05 0.101414
9.98738E-05 9.98738E-05 9.98738E-05 9.98738E-05 9.98738E-05 0.00672667 9.98738E-05 9.98738E-05 9.98738E-05 9.98738E-05 0.0269624 0.0117062 0.446012 9.98738E-05 9.98738E-05 9.98738E-05 9.98738E-05 9.98738E-05 0.491435 0.0157586
9.98403E-05 9.98403E-05 9.98403E-05 9.98403E-05 9.98403E-05 9.98403E-05 9.98403E-05 9.98403E-05 9.98403E-05 9.98403E-05 0.0405618 9.98403E-05 0.0096398 9.98403E-05 9.98403E-05 9.98403E-05 0.933527 9.98403E-05 9.98403E-05 0.014674
9.98829E-05 9.98829E-05 0.00555291 0.0661958 0.628722 0.0221793 9.98829E-05 0.172889 9.98829E-05 9.98829E-05 0.0480998 9.98829E-05 9.98829E-05 9.98829E-05 9.98829E-05 9.98829E-05 0.0550619 9.98829E-05 9.98829E-05 9.98829E-05
9.98382E-05 9.98382E-05 0.973166 9.98382E-05 9.98382E-05 9.98382E-05 9.98382E-05 9.98382E-05 9.98382E-05 9.98382E-05 0.0250367 9.98382E-05 9.98382E-05 9.98382E-05 9.98382E-05 9.98382E-05 9.98382E-05 9.98382E-05 9.98382E-05 9.98382E-05
9.98381E-05 9.98381E-05 9.98381E-05 9.98381E-05 9.98381E-05 0.981227 9.98381E-05 9.98381E-05 9.98381E-05 9.98381E-05 9.98381E-05 9.98381E-05 0.0169758 9.98381E-05 9.98381E-05 9.98381E-05 9.98381E-05 9.98381E-05 9.98381E-05 9.98381E-05
9.98291E-05 9.98291E-05 9.98291E-05 9.98291E-05 9.98291E-05 0.998103 9.98291E-05 9.98291E-05 9.98291E-05 9.98291E-05 9.98291E-05 9.98291E-05 9.98291E-05 9.98291E-05 9.98291E-05 9.98291E-05 9.98291E-05 9.98291E-05 9.98291E-05 9.98291E-05
9.9865E-05 9.9865E-05 0.0110268 9.9865E-05 0.904158 0.0322567 9.9865E-05 9.9865E-05 9.9865E-05 9.9865E-05 9.9865E-05 9.9865E-05 9.9865E-05 9.9865E-05 9.9865E-05 9.9865E-05 9.9865E-05 0.0134375 9.9865E-05 0.0376231
9.9901E-05 0.781342 9.9901E-05 0.015235 0.0084118 0.0139979 9.9901E-05 9.9901E-05 0.0437741 0.0123204 9.9901E-05 0.0708558 9.9901E-05 9.9901E-05 9.9901E-05 9.9901E-05 0.0453759 0.00758836 9.9901E-05 9.9901E-05
9.98471E-05 9.98471E-05 9.98471E-05 9.98471E-05 0.895419 9.98471E-05 9.98471E-05 9.98471E-05 9.98471E-05 9.98471E-05 9.98471E-05 9.98471E-05 9.98471E-05 9.98471E-05 9.98471E-05 9.98471E-05 9.98471E-05 9.98471E-05 0.000106862 0.102777
0.0101566 0.0194015 9.99099E-05 0.202973 0.293841 0.145546 9.99099E-05 0.0417714 0.151944 9.99099E-05 9.99099E-05 9.99099E-05 9.99099E-05 0.00875714 9.99099E-05 9.99099E-05 9.99099E-05 0.00848632 9.99099E-05 0.116124
9.99011E-05 0.10978 9.99011E-05 0.00720957 0.410603 0.188315 0.0501905 0.00604129 9.99011E-05 9.99011E-05 9.99011E-05 9.99011E-05 9.99011E-05 9.99011E-05 9.99011E-05 9.99011E-05 0.0466625 0.0157939 9.99011E-05 0.164305
0.0137016 9.99099E-05 0.115422 9.99099E-05 0.161753 9.99099E-05 0.0494849 9.99099E-05 0.0144526 9.99099E-05 9.99099E-05 0.060849 0.0512686 9.99099E-05 9.99099E-05 0.00346976 0.194478 9.99099E-05 9.99099E-05 0.334122
9.9839E-05 9.9839E-05 9.9839E-05 0.0381534 9.9839E-05 9.9839E-05 9.9839E-05 9.9839E-05 9.9839E-05 9.9839E-05 9.9839E-05 9.9839E-05 9.9839E-05 9.9839E-05 9.9839E-05 9.9839E-05 0.960049 9.9839E-05 9.9839E-05 9.9839E-05
9.98293E-05 9.98293E-05 9.98293E-05 9.98293E-05 9.98293E-05 9.98293E-05 9.98293E-05 9.98293E-05 9.98293E-05 9.98293E-05 9.98293E-05 9.98293E-05 9.98293E-05 9.98293E-05 9.98293E-05 0.998103 9.98293E-05 9.98293E-05 9.98293E-05 9.98293E-05
9.98562E-05 9.98562E-05 9.98562E-05 0.000588176 9.98562E-05 9.98562E-05 9.98562E-05 9.98562E-05 9.98562E-05 0.00597306 9.98562E-05 9.98562E-05 9.98562E-05 0.00230996 9.98562E-05 0.989531 9.98562E-05 9.98562E-05 9.98562E-05 9.98562E-05
9.98652E-05 0.0108927 9.98652E-05 9.98652E-05 9.98652E-05 0.00243323 9.98652E-05 9.98652E-05 9.98652E-05 9.98652E-05 9.98652E-05 9.98652E-05 9.98652E-05 9.98652E-05 0.0161429 0.945232 9.98652E-05 9.98652E-05 9.98652E-05 0.0238015
9.98383E-05 9.98383E-05 9.98383E-05 9.98383E-05 9.98383E-05 9.98383E-05 9.98383E-05 9.98383E-05 9.98383E-05 9.98383E-05 9.98383E-05 9.98383E-05 9.98383E-05 9.98383E-05 9.98383E-05 0.979599 9.98383E-05 9.98383E-05 0.0186036 9.98383E-05
9.98293E-05 9.98293E-05 9.98293E-05 9.98293E-05 9.98293E-05 9.98293E-05 9.98293E-05 9.98293E-05 9.98293E-05 9.98293E-05 9.98293E-05 9.98293E-05 9.98293E-05 9.98293E-05 9.98293E-05 0.998103 9.98293E-05 9.98293E-05 9.98293E-05 9.98293E-05
9.98922E-05 0.0906441 9.98922E-05 0.0568139 9.98922E-05 9.98922E-05 0.498226 0.0245423 9.98922E-05 0.00791033 0.0206883 0.0200174 9.98922E-05 9.98922E-05 9.98922E-05 0.279959 9.98922E-05 9.98922E-05 9.98922E-05 9.98922E-05
9.98472E-05 0.0092046 9.98472E-05 9.98472E-05 9.98472E-05 9.98472E-05 9.98472E-05 0.0591956 9.98472E-05 9.98472E-05 9.98472E-05 9.98472E-05 9.98472E-05 9.98472E-05 9.98472E-05 0.929902 9.98472E-05 9.98472E-05 9.98472E-05 9.98472E-05
9.98557E-05 0.171007 9.98557E-05 9.98557E-05 9.98557E-05 9.98557E-05 9.98557E-05 9.98557E-05 0.00195299 9.98557E-05 9.98557E-05 9.98557E-05 9.98557E-05 9.98557E-05 9.98557E-05 9.98557E-05 0.773437 9.98557E-05 9.98557E-05 0.0520056
9.98649E-05 0.00864063 9.98649E-05 9.98649E-05 9.98649E-05 9.98649E-05 9.98649E-05 0.898084 9.98649E-05 9.98649E-05 9.98649E-05 0.0535364 9.98649E-05 9.98649E-05 0.0211218 9.98649E-05 9.98649E-05 9.98649E-05 0.017119 9.98649E-05
9.98469E-05 9.98469E-05 9.98469E-05 9.98469E-05 9.98469E-05 0.0167859 9.98469E-05 9.98469E-05 9.98469E-05 9.98469E-05 9.98469E-05 9.98469E-05 0.581107 9.98469E-05 9.98469E-05 9.98469E-05 9.98469E-05 9.98469E-05 0.40041 9.98469E-05
9.98471E-05 9.98471E-05 9.98471E-05 9.98471E-05 9.98471E-05 0.125038 9.98471E-05 9.98471E-05 0.839201 9.98471E-05 9.98471E-05 9.98471E-05 9.98471E-05 0.034063 9.98471E-05 9.98471E-05 9.98471E-05 9.98471E-05 9.98471E-05 9.98471E-05
9.98473E-05 0.88719 9.98473E-05 9.98473E-05 9.98473E-05 9.98473E-05 9.98473E-05 9.98473E-05 0.0290615 9.98473E-05 9.98473E-05 9.98473E-05 9.98473E-05 9.98473E-05 9.98473E-05 9.98473E-05 9.98473E-05 9.98473E-05 9.98473E-05 0.082051
9.98386E-05 9.98386E-05 9.98386E-05 9.98386E-05 9.98386E-05 9.98386E-05 9.98386E-05 9.98386E-05 0.97375 9.98386E-05 0.0244532 9.98386E-05 9.98386E-05 9.98386E-05 9.98386E-05 9.98386E-05 9.98386E-05 9.98386E-05 9.98386E-05 9.98386E-05
9.98559E-05 9.98559E-05 9.98559E-05 9.98559E-05 0.104237 0.0179793 9.98559E-05 9.98559E-05 0.850515 9.98559E-05 9.98559E-05 9.98559E-05 0.0256712 9.98559E-05 9.98559E-05 9.98559E-05 9.98559E-05 9.98559E-05 9.98559E-05 9.98559E-05
9.98829E-05 9.98829E-05 0.0290786 9.98829E-05 0.0452974 0.0423015 9.98829E-05 9.98829E-05 0.733591 9.98829E-05 9.98829E-05 9.98829E-05 9.98829E-05 0.0233042 9.98829E-05 9.98829E-05 9.98829E-05 0.00830458 9.98829E-05 0.116824
9.98472E-05 9.98472E-05 9.98472E-05 9.98472E-05 9.98472E-05 9.98472E-05 9.98472E-05 9.98472E-05 9.98472E-05 9.98472E-05 0.00362713 9.98472E-05 9.98472E-05 9.98472E-05 9.98472E-05 0.00297669 9.98472E-05 0.991699 9.98472E-05 9.98472E-05
9.98478E-05 9.98478E-05 9.98478E-05 9.98478E-05 9.98478E-05 9.98478E-05 9.98478E-05 9.98478E-05 9.98478E-05 9.98478E-05 9.98478E-05 9.98478E-05 0.269387 9.98478E-05 0.0243559 9.98478E-05 9.98478E-05 9.98478E-05 0.70456 9.98478E-05
0.998103 9.98295E-05 9.98295E-05 9.98295E-05 9.98295E-05 9.98295E-05 9.98295E-05 9.98295E-05 9.98295E-05 9.98295E-05 9.98295E-05 9.98295E-05 9.98295E-05 9.98295E-05 9.98295E-05 9.98295E-05 9.98295E-05 9.98295E-05 9.98295E-05 9.98295E-05
0.0353339 9.98653E-05 9.98653E-05 9.98653E-05 9.98653E-05 9.98653E-05 9.98653E-05 9.98653E-05 9.98653E-05 9.98653E-05 0.0432235 9.98653E-05 0.735341 9.98653E-05 0.0924965 9.98653E-05 9.98653E-05 9.98653E-05 0.0921072 9.98653E-05
9.9892E-05 9.9892E-05 0.0260296 9.9892E-05 9.9892E-05 9.9892E-05 0.0415823 9.9892E-05 9.9892E-05 9.9892E-05 0.00358959 0.0133984 0.766222 9.9892E-05 9.9892E-05 0.0290439 0.00809409 9.9892E-05 0.110841 9.9892E-05
9.98381E-05 0.0429422 9.98381E-05 9.98381E-05 9.98381E-05 9.98381E-05 9.98381E-05 9.98381E-05 9.98381E-05 9.98381E-05 9.98381E-05 9.98381E-05 9.98381E-05 9.98381E-05 9.98381E-05 9.98381E-05 9.98381E-05 9.98381E-05 0.955261 9.98381E-05
9.98473E-05 0.00434827 9.98473E-05 9.98473E-05 9.98473E-05 9.98473E-05 9.98473E-05 9.98473E-05 9.98473E-05 9.98473E-05 9.98473E-05 9.98473E-05 9.98473E-05 9.98473E-05 9.98473E-05 9.98473E-05 0.00849455 9.98473E-05 0.98546 9.98473E-05
9.98743E-05 9.98743E-05 9.98743E-05 9.98743E-05 0.0253376 0.0292495 0.201496 9.98743E-05 9.98743E-05 9.98743E-05 0.00705235 9.98743E-05 0.648189 9.98743E-05 9.98743E-05 9.98743E-05 9.98743E-05 9.98743E-05 0.0872777 9.98743E-05
9.98469E-05 9.98469E-05 0.0332022 9.98469E-05 9.98469E-05 9.98469E-05 9.98469E-05 9.98469E-05 9.98469E-05 9.98469E-05 9.98469E-05 9.98469E-05 0.527536 9.98469E-05 9.98469E-05 9.98469E-05 9.98469E-05 9.98469E-05 0.437564 9.98469E-05
9.9856E-05 9.9856E-05 9.9856E-05 9.9856E-05 9.9856E-05 9.9856E-05 9.9856E-05 9.9856E-05 9.9856E-05 9.9856E-05 0.962212 9.9856E-05 0.00287708 9.9856E-05 0.00249544 0.0308183 9.9856E-05 9.9856E-05 9.9856E-05 9.9856E-05
9.9838E-05 9.9838E-05 9.9838E-05 9.9838E-05 9.9838E-05 9.9838E-05 9.9838E-05 9.9838E-05 0.0485456 9.9838E-05 0.949657 9.9838E-05 9.9838E-05 9.9838E-05 9.9838E-05 9.9838E-05 9.9838E-05 9.9838E-05 9.9838E-05 9.9838E-05
9.98832E-05 0.0297037 9.98832E-05 9.98832E-05 9.98832E-05 9.98832E-05 0.013317 9.98832E-05 9.98832E-05 0.0124517 9.98832E-05 9.98832E-05 0.818908 9.98832E-05 0.0278454 0.00999576 9.98832E-05 9.98832E-05 0.0864794 9.98832E-05
9.9874E-05 0.949119 0.00411872 0.00198628 9.9874E-05 9.9874E-05 9.9874E-05 9.9874E-05 9.9874E-05 9.9874E-05 0.0163835 9.9874E-05 0.0198872 0.00710698 9.9874E-05 9.9874E-05 9.9874E-05 9.9874E-05 9.9874E-05 9.9874E-05
9.98381E-05 0.98335 9.98381E-05 9.98381E-05 9.98381E-05 9.98381E-05 9.98381E-05 9.98381E-05 9.98381E-05 9.98381E-05 9.98381E-05 9.98381E-05 9.98381E-05 9.98381E-05 9.98381E-05 0.0148525 9.98381E-05 9.98381E-05 9.98381E-05 9.98381E-05
9.98294E-05 9.98294E-05 9.98294E-05 9.98294E-05 9.98294E-05 9.98294E-05 9.98294E-05 9.98294E-05 9.98294E-05 9.98294E-05 9.98294E-05 9.98294E-05 9.98294E-05 0.998103 9.98294E-05 9.98294E-05 9.98294E-05 9.98294E-05 9.98294E-05 9.98294E-05
0.00110921 9.98743E-05 9.98743E-05 9.98743E-05 9.98743E-05 0.00271712 9.98743E-05 9.98743E-05 0.0020078 9.98743E-05 9.98743E-05 9.98743E-05 0.00313308 0.98779 0.00184498 9.98743E-05 9.98743E-05 9.98743E-05 9.98743E-05 9.98743E-05
0.00683481 0.0655338 9.98919E-05 9.98919E-05 0.783056 0.0694289 9.98919E-05 0.0284296 0.0270383 9.98919E-05 9.98919E-05 9.98919E-05 9.98919E-05 9.98919E-05 9.98919E-05 9.98919E-05 0.00166615 9.98919E-05 0.0168134 9.98919E-05
9.9883E-05 0.0497623 9.9883E-05 9.9883E-05 0.804727 0.0512983 9.9883E-05 0.0203276 0.0633366 0.00322171 9.9883E-05 9.9883E-05 9.9883E-05 9.9883E-05 9.9883E-05 9.9883E-05 9.9883E-05 9.9883E-05 0.00602785 9.9883E-05
9.98563E-05 9.98563E-05 0.0139875 0.0117467 9.98563E-05 9.98563E-05 9.98563E-05 9.98563E-05 9.98563E-05 9.98563E-05 0.0235501 9.98563E-05 9.98563E-05 0.949118 9.98563E-05 9.98563E-05 9.98563E-05 9.98563E-05 9.98563E-05 9.98563E-05
9.98383E-05 9.98383E-05 9.98383E-05 9.98383E-05 9.98383E-05 0.0101503 9.98383E-05 9.98383E-05 9.98383E-05 9.98383E-05 9.98383E-05 9.98383E-05 9.98383E-05 0.988053 9.98383E-05 9.98383E-05 9.98383E-05 9.98383E-05 9.98383E-05 9.98383E-05
9.9874E-05 0.0436165 9.9874E-05 9.9874E-05 9.9874E-05 9.9874E-05 9.9874E-05 9.9874E-05 0.0150809 9.9874E-05 9.9874E-05 0.0102761 9.9874E-05 9.9874E-05 9.9874E-05 0.000429236 0.926278 0.00292145 9.9874E-05 9.9874E-05
9.9865E-05 0.0175774 9.9865E-05 9.9865E-05 9.9865E-05 0.696922 9.9865E-05 9.9865E-05 0.161541 9.9865E-05 9.9865E-05 0.103555 9.9865E-05 9.9865E-05 9.9865E-05 9.9865E-05 9.9865E-05 0.0189065 9.9865E-05 9.9865E-05
9.98561E-05 9.98561E-05 9.98561E-05 9.98561E-05 9.98561E-05 9.98561E-05 9.98561E-05 0.892508 9.98561E-05 9.98561E-05 9.98561E-05 0.0528993 9.98561E-05 9.98561E-05 9.98561E-05 0.0387447 9.98561E-05 9.98561E-05 9.98561E-05 0.0142507
9.9838E-05 9.9838E-05 9.9838E-05 0.0405098 9.9838E-05 9.9838E-05 9.9838E-05 9.9838E-05 9.9838E-05 9.9838E-05 9.9838E-05 9.9838E-05 9.9838E-05 9.9838E-05 9.9838E-05 9.9838E-05 9.9838E-05 9.9838E-05 9.9838E-05 0.957693
9.98741E-05 0.00848793 0.00640542 9.98741E-05 9.98741E-05 9.98741E-05 9.98741E-05 9.98741E-05 9.98741E-05 0.0248551 9.98741E-05 9.98741E-05 9.98741E-05 0.0158483 9.98741E-05 9.98741E-05 0.0249743 9.98741E-05 9.98741E-05 0.918031
9.98291E-05 9.98291E-05 9.98291E-05 9.98291E-05 9.98291E-05 9.98291E-05 0.998103 9.98291E-05 9.98291E-05 9.98291E-05 9.98291E-05 9.98291E-05 9.98291E-05 9.98291E-05 9.98291E-05 9.98291E-05 9.98291E-05 9.98291E-05 9.98291E-05 9.98291E-05
