9.98648E-05 9.98648E-05 9.98648E-05 9.98648E-05 9.98648E-05 0.93083 9.98648E-05 9.98648E-05 0.02698 0.0194021 9.98648E-05 9.98648E-05 0.0144161 9.98648E-05 9.98648E-05 9.98648E-05 9.98648E-05 9.98648E-05 9.98648E-05 0.00687385
9.98559E-05 9.98559E-05 9.98559E-05 9.98559E-05 9.98559E-05 9.98559E-05 9.98559E-05 9.98559E-05 9.98559E-05 9.98559E-05 9.98559E-05 0.671162 9.98559E-05 0.148431 9.98559E-05 9.98559E-05 9.98559E-05 0.0118237 9.98559E-05 0.166985
9.98292E-05 9.98292E-05 9.98292E-05 9.98292E-05 9.98292E-05 9.98292E-05 0.998103 9.98292E-05 9.98292E-05 9.98292E-05 9.98292E-05 9.98292E-05 9.98292E-05 9.98292E-05 9.98292E-05 9.98292E-05 9.98292E-05 9.98292E-05 9.98292E-05 9.98292E-05
9.98561E-05 9.98561E-05 9.98561E-05 9.98561E-05 0.0798018 9.98561E-05 9.98561E-05 9.98561E-05 9.98561E-05 9.98561E-05 9.98561E-05 9.98561E-05 0.028371 0.861859 9.98561E-05 9.98561E-05 9.98561E-05 9.98561E-05 0.0283707 9.98561E-05
9.98741E-05 9.98741E-05 9.98741E-05 9.98741E-05 9.98741E-05 9.98741E-05 9.98741E-05 9.98741E-05 0.084699 0.030549 9.98741E-05 0.0374701 9.98741E-05 0.0776909 0.0396716 9.98741E-05 0.728521 9.98741E-05 9.98741E-05 9.98741E-05
9.98472E-05 9.98472E-05 9.98472E-05 9.98472E-05 9.98472E-05 9.98472E-05 9.98472E-05 9.98472E-05 9.98472E-05 9.98472E-05 0.0012421 9.98472E-05 9.98472E-05 0.995192 9.98472E-05 9.98472E-05 9.98472E-05 9.98472E-05 9.98472E-05 0.00186897
9.98294E-05 9.98294E-05 9.98294E-05 9.98294E-05 9.98294E-05 9.98294E-05 9.98294E-05 9.98294E-05 9.98294E-05 9.98294E-05 9.98294E-05 9.98294E-05 9.98294E-05 9.98294E-05 0.998103 9.98294E-05 9.98294E-05 9.98294E-05 9.98294E-05 9.98294E-05
9.98376E-05 9.98376E-05 9.98376E-05 9.98376E-05 9.98376E-05 9.98376E-05 9.98376E-05 9.98376E-05 9.98376E-05 9.98376E-05 9.98376E-05 9.98376E-05 9.98376E-05 9.98376E-05 9.98376E-05 9.98376E-05 0.908693 0.0895101 9.98376E-05 9.98376E-05
9.98652E-05 0.000289933 9.98652E-05 9.98652E-05 0.00320596 9.98652E-05 9.98652E-05 9.98652E-05 0.000432517 9.98652E-05 9.98652E-05 0.0310733 9.98652E-05 9.98652E-05 0.9635 9.98652E-05 9.98652E-05 9.98652E-05 9.98652E-05 9.98652E-05
9.98381E-05 9.98381E-05 9.98381E-05 9.98381E-05 9.98381E-05 9.98381E-05 9.98381E-05 9.98381E-05 0.986488 9.98381E-05 9.98381E-05 9.98381E-05 9.98381E-05 9.98381E-05 0.0117152 9.98381E-05 9.98381E-05 9.98381E-05 9.98381E-05 9.98381E-05
9.98292E-05 9.98292E-05 9.98292E-05 9.98292E-05 9.98292E-05 9.98292E-05 9.98292E-05 9.98292E-05 0.998103 9.98292E-05 9.98292E-05 9.98292E-05 9.98292E-05 9.98292E-05 9.98292E-05 9.98292E-05 9.98292E-05 9.98292E-05 9.98292E-05 9.98292E-05
0.00818685 9.9883E-05 0.121814 9.9883E-05 9.9883E-05 0.680409 0.0257168 9.9883E-05 9.9883E-05 9.9883E-05 9.9883E-05 9.9883E-05 0.107649 0.01508 9.9883E-05 0.0398464 9.9883E-05 9.9883E-05 9.9883E-05 9.9883E-05
9.98474E-05 9.98474E-05 0.938623 9.98474E-05 9.98474E-05 9.98474E-05 9.98474E-05 9.98474E-05 9.98474E-05 9.98474E-05 9.98474E-05 9.98474E-05 9.98474E-05 9.98474E-05 0.00543296 9.98474E-05 9.98474E-05 0.054247 9.98474E-05 9.98474E-05
0.0207836 9.98652E-05 9.98652E-05 9.98652E-05 9.98652E-05 0.000505974 9.98652E-05 9.98652E-05 9.98652E-05 9.98652E-05 9.98652E-05 0.00188335 9.98652E-05 0.963145 9.98652E-05 0.012184 9.98652E-05 9.98652E-05 9.98652E-05 9.98652E-05
0.0281201 9.98303E-05 9.98303E-05 9.98303E-05 9.98303E-05 9.98303E-05 9.98303E-05 9.98303E-05 9.98303E-05 0.0152959 9.98303E-05 9.98303E-05 9.98303E-05 0.954887 9.98303E-05 9.98303E-05 9.98303E-05 9.98303E-05 9.98303E-05 9.98303E-05
9.98561E-05 9.98561E-05 0.0838184 9.98561E-05 9.98561E-05 9.98561E-05 9.98561E-05 0.780723 0.0421522 9.98561E-05 9.98561E-05 9.98561E-05 9.98561E-05 9.98561E-05 9.98561E-05 0.0917091 9.98561E-05 9.98561E-05 9.98561E-05 9.98561E-05
9.98558E-05 9.98558E-05 9.98558E-05 9.98558E-05 9.98558E-05 9.98558E-05 9.98558E-05 0.0390467 0.104599 0.0639476 9.98558E-05 9.98558E-05 9.98558E-05 9.98558E-05 9.98558E-05 0.790809 9.98558E-05 9.98558E-05 9.98558E-05 9.98558E-05
0.807935 9.98648E-05 9.98648E-05 9.98648E-05 9.98648E-05 9.98648E-05 9.98648E-05 0.0233874 0.0386047 9.98648E-05 9.98648E-05 0.0253891 9.98648E-05 9.98648E-05 9.98648E-05 9.98648E-05 9.98648E-05 9.98648E-05 9.98648E-05 0.103186
9.98382E-05 9.98382E-05 9.98382E-05 0.992562 0.00564078 9.98382E-05 9.98382E-05 9.98382E-05 9.98382E-05 9.98382E-05 9.98382E-05 9.98382E-05 9.98382E-05 9.98382E-05 9.98382E-05 9.98382E-05 9.98382E-05 9.98382E-05 9.98382E-05 9.98382E-05
9.98738E-05 9.98738E-05 9.98738E-05 9.98738E-05 9.98738E-05 0.133142 9.98738E-05 0.28879 0.379263 9.98738E-05 9.98738E-05 9.98738E-05 0.0042628 9.98738E-05 9.98738E-05 0.12919 9.98738E-05 9.98738E-05 9.98738E-05 0.0639537
0.991807 9.98471E-05 9.98471E-05 0.00381057 9.98471E-05 9.98471E-05 9.98471E-05 9.98471E-05 9.98471E-05 9.98471E-05 0.00268455 9.98471E-05 9.98471E-05 9.98471E-05 9.98471E-05 9.98471E-05 9.98471E-05 9.98471E-05 9.98471E-05 9.98471E-05
9.9874E-05 9.9874E-05 0.0282399 9.9874E-05 9.9874E-05 0.455694 9.9874E-05 0.188485 9.9874E-05 9.9874E-05 0.00283143 9.9874E-05 9.9874E-05 9.9874E-05 9.9874E-05 0.0739128 9.9874E-05 9.9874E-05 9.9874E-05 0.249439
9.98291E-05 9.98291E-05 9.98291E-05 9.98291E-05 9.98291E-05 9.98291E-05 9.98291E-05 9.98291E-05 9.98291E-05 0.998103 9.98291E-05 9.98291E-05 9.98291E-05 9.98291E-05 9.98291E-05 9.98291E-05 9.98291E-05 9.98291E-05 9.98291E-05 9.98291E-05
0.0247496 9.98471E-05 9.98471E-05 0.90018 9.98471E-05 9.98471E-05 9.98471E-05 9.98471E-05 9.98471E-05 0.0733728 9.98471E-05 9.98471E-05 9.98471E-05 9.98471E-05 9.98471E-05 9.98471E-05 9.98471E-05 9.98471E-05 9.98471E-05 9.98471E-05
9.98475E-05 9.98475E-05 9.98475E-05 9.98475E-05 0.555558 9.98475E-05 9.98475E-05 9.98475E-05 9.98475E-05 9.98475E-05 9.98475E-05 9.98475E-05 9.98475E-05 0.425986 0.0167584 9.98475E-05 9.98475E-05 9.98475E-05 9.98475E-05 9.98475E-05
9.98473E-05 9.98473E-05 9.98473E-05 9.98473E-05 0.166797 9.98473E-05 9.98473E-05 9.98473E-05 9.98473E-05 9.98473E-05 9.98473E-05 0.00148162 9.98473E-05 0.830024 9.98473E-05 9.98473E-05 9.98473E-05 9.98473E-05 9.98473E-05 9.98473E-05
9.98828E-05 0.00451259 0.78601 9.98828E-05 9.98828E-05 0.0747115 9.98828E-05 0.0257681 0.036062 0.0155797 9.98828E-05 9.98828E-05 0.0560578 9.98828E-05 9.98828E-05 9.98828E-05 9.98828E-05 9.98828E-05 9.98828E-05 9.98828E-05
9.98292E-05 9.98292E-05 9.98292E-05 9.98292E-05 0.998103 9.98292E-05 9.98292E-05 9.98292E-05 9.98292E-05 9.98292E-05 9.98292E-05 9.98292E-05 9.98292E-05 9.98292E-05 9.98292E-05 9.98292E-05 9.98292E-05 9.98292E-05 9.98292E-05 9.98292E-05
9.98384E-05 9.98384E-05 0.000144835 9.98384E-05 0.998058 9.98384E-05 9.98384E-05 9.98384E-05 9.98384E-05 9.98384E-05 9.98384E-05 9.98384E-05 9.98384E-05 9.98384E-05 9.98384E-05 9.98384E-05 9.98384E-05 9.98384E-05 9.98384E-05 9.98384E-05
9.98742E-05 0.0953788 9.98742E-05 9.98742E-05 0.161252 9.98742E-05 9.98742E-05 9.98742E-05 9.98742E-05 9.98742E-05 0.0287755 9.98742E-05 9.98742E-05 0.211049 9.98742E-05 9.98742E-05 0.176426 9.98742E-05 0.32572 9.98742E-05
9.98468E-05 9.98468E-05 9.98468E-05 9.98468E-05 9.98468E-05 9.98468E-05 9.98468E-05 9.98468E-05 9.98468E-05 9.98468E-05 9.98468E-05 9.98468E-05 9.98468E-05 0.149206 9.98468E-05 9.98468E-05 0.0342515 9.98468E-05 0.814845 9.98468E-05
9.98296E-05 9.98296E-05 9.98296E-05 9.98296E-05 9.98296E-05 9.98296E-05 9.98296E-05 9.98296E-05 9.98296E-05 9.98296E-05 9.98296E-05 0.998103 9.98296E-05 9.98296E-05 9.98296E-05 9.98296E-05 9.98296E-05 9.98296E-05 9.98296E-05 9.98296E-05
9.98563E-05 9.98563E-05 9.98563E-05 9.98563E-05 0.260029 9.98563E-05 9.98563E-05 9.98563E-05 9.98563E-05 9.98563E-05 9.98563E-05 9.98563E-05 9.98563E-05 0.547128 9.98563E-05 9.98563E-05 9.98563E-05 0.172314 0.018931 9.98563E-05
9.98562E-05 0.671509 9.98562E-05 9.98562E-05 9.98562E-05 9.98562E-05 9.98562E-05 9.98562E-05 9.98562E-05 9.98562E-05 9.98562E-05 9.98562E-05 0.00586188 9.98562E-05 9.98562E-05 9.98562E-05 0.17822 0.142811 9.98562E-05 9.98562E-05
9.98645E-05 9.98645E-05 0.491939 9.98645E-05 9.98645E-05 9.98645E-05 9.98645E-05 9.98645E-05 0.00230137 9.98645E-05 9.98645E-05 9.98645E-05 0.0588035 9.98645E-05 9.98645E-05 0.310003 0.135456 9.98645E-05 9.98645E-05 9.98645E-05
9.98559E-05 9.98559E-05 9.98559E-05 9.98559E-05 0.551349 9.98559E-05 9.98559E-05 9.98559E-05 9.98559E-05 9.98559E-05 9.98559E-05 9.98559E-05 9.98559E-05 0.391991 9.98559E-05 0.0188244 9.98559E-05 0.0362378 9.98559E-05 9.98559E-05
9.98472E-05 9.98472E-05 9.98472E-05 9.98472E-05 9.98472E-05 0.906541 9.98472E-05 9.98472E-05 9.98472E-05 9.98472E-05 9.98472E-05 9.98472E-05 9.98472E-05 9.98472E-05 9.98472E-05 0.00984089 0.0819208 9.98472E-05 9.98472E-05 9.98472E-05
9.98828E-05 9.98828E-05 9.98828E-05 9.98828E-05 9.98828E-05 0.0301848 9.98828E-05 9.98828E-05 0.234029 0.0207943 0.0244647 0.129061 9.98828E-05 9.98828E-05 9.98828E-05 9.98828E-05 9.98828E-05 0.0674313 9.98828E-05 0.492736
9.98649E-05 9.98649E-05 9.98649E-05 9.98649E-05 9.98649E-05 9.98649E-05 9.98649E-05 9.98649E-05 9.98649E-05 0.011744 9.98649E-05 0.0098854 9.98649E-05 9.98649E-05 9.98649E-05 0.920498 9.98649E-05 0.0346945 0.0216797 9.98649E-05
9.98469E-05 9.98469E-05 9.98469E-05 9.98469E-05 9.98469E-05 9.98469E-05 9.98469E-05 9.98469E-05 9.98469E-05 9.98469E-05 9.98469E-05 9.98469E-05 9.98469E-05 0.0550164 9.98469E-05 0.0282866 9.98469E-05 9.98469E-05 9.98469E-05 0.915
9.98559E-05 9.98559E-05 9.98559E-05 9.98559E-05 9.98559E-05 0.0285596 9.98559E-05 9.98559E-05 9.98559E-05 9.98559E-05 9.98559E-05 9.98559E-05 9.98559E-05 9.98559E-05 9.98559E-05 0.0183663 0.0161174 9.98559E-05 9.98559E-05 0.935359
9.98738E-05 9.98738E-05 0.00581654 0.0130823 9.98738E-05 0.0509676 9.98738E-05 9.98738E-05 0.577396 9.98738E-05 9.98738E-05 9.98738E-05 9.98738E-05 9.98738E-05 9.98738E-05 0.0346283 9.98738E-05 9.98738E-05 9.98738E-05 0.316711
0.01247 9.9883E-05 0.0410977 9.9883E-05 9.9883E-05 0.0202633 9.9883E-05 0.774091 0.000400539 9.9883E-05 9.9883E-05 9.9883E-05 9.9883E-05 9.9883E-05 0.0902304 9.9883E-05 9.9883E-05 9.9883E-05 9.9883E-05 0.0601485
9.99098E-05 0.00647494 0.0387396 0.00422997 9.99098E-05 0.0918424 9.99098E-05 0.0141864 0.696968 9.99098E-05 0.00420255 9.99098E-05 0.00713704 9.99098E-05 9.99098E-05 0.0564842 9.99098E-05 9.99098E-05 9.99098E-05 0.0787356
9.98739E-05 9.98739E-05 0.122072 0.0745225 9.98739E-05 9.98739E-05 9.98739E-05 9.98739E-05 9.98739E-05 0.14112 9.98739E-05 9.98739E-05 0.030776 9.98739E-05 0.0107804 9.98739E-05 9.98739E-05 9.98739E-05 9.98739E-05 0.619331
9.99011E-05 9.99011E-05 9.99011E-05 9.99011E-05 9.99011E-05 9.99011E-05 0.0204092 0.0259079 0.0334706 0.00448358 0.0514542 9.99011E-05 9.99011E-05 9.99011E-05 9.99011E-05 0.048889 0.0328185 9.99011E-05 0.0303268 0.751141
9.99279E-05 9.99279E-05 0.0498401 9.99279E-05 0.0165742 0.135892 0.00911735 9.99279E-05 0.0930999 9.99279E-05 0.0207163 9.99279E-05 9.99279E-05 0.000563924 0.0507124 0.396255 0.0366807 9.99279E-05 0.0684569 0.121292
9.98391E-05 9.98391E-05 9.98391E-05 9.98391E-05 9.98391E-05 0.969304 9.98391E-05 9.98391E-05 9.98391E-05 0.0288992 9.98391E-05 9.98391E-05 9.98391E-05 9.98391E-05 9.98391E-05 9.98391E-05 9.98391E-05 9.98391E-05 9.98391E-05 9.98391E-05
9.98382E-05 0.994447 9.98382E-05 9.98382E-05 9.98382E-05 9.98382E-05 9.98382E-05 9.98382E-05 9.98382E-05 9.98382E-05 9.98382E-05 9.98382E-05 9.98382E-05 9.98382E-05 9.98382E-05 9.98382E-05 9.98382E-05 9.98382E-05 0.00375599 9.98382E-05
9.98294E-05 0.998103 9.98294E-05 9.98294E-05 9.98294E-05 9.98294E-05 9.98294E-05 9.98294E-05 9.98294E-05 9.98294E-05 9.98294E-05 9.98294E-05 9.98294E-05 9.98294E-05 9.98294E-05 9.98294E-05 9.98294E-05 9.98294E-05 9.98294E-05 9.98294E-05
9.98473E-05 0.966582 9.98473E-05 9.98473E-05 9.98473E-05 9.98473E-05 9.98473E-05 9.98473E-05 9.98473E-05 0.00905232 9.98473E-05 9.98473E-05 9.98473E-05 9.98473E-05 9.98473E-05 9.98473E-05 9.98473E-05 9.98473E-05 9.98473E-05 0.0226687
9.98294E-05 0.998103 9.98294E-05 9.98294E-05 9.98294E-05 9.98294E-05 9.98294E-05 9.98294E-05 9.98294E-05 9.98294E-05 9.98294E-05 9.98294E-05 9.98294E-05 9.98294E-05 9.98294E-05 9.98294E-05 9.98294E-05 9.98294E-05 9.98294E-05 9.98294E-05
9.98293E-05 0.998103 9.98293E-05 9.98293E-05 9.98293E-05 9.98293E-05 9.98293E-05 9.98293E-05 9.98293E-05 9.98293E-05 9.98293E-05 9.98293E-05 9.98293E-05 9.98293E-05 9.98293E-05 9.98293E-05 9.98293E-05 9.98293E-05 9.98293E-05 9.98293E-05
9.99192E-05 0.369205 9.99192E-05 9.99192E-05 9.99192E-05 0.0135558 0.00699821 0.0542376 0.0140138 0.0736029 0.0114861 0.00122624 9.99192E-05 9.99192E-05 0.031077 9.99192E-05 9.99192E-05 0.091841 0.331857 9.99192E-05
9.98651E-05 0.891056 0.000931096 9.98651E-05 9.98651E-05 9.98651E-05 9.98651E-05 0.0204005 9.98651E-05 9.98651E-05 9.98651E-05 0.0815446 9.98651E-05 9.98651E-05 9.98651E-05 9.98651E-05 0.00456992 9.98651E-05 9.98651E-05 9.98651E-05
9.98379E-05 9.98379E-05 9.98379E-05 9.98379E-05 9.98379E-05 0.844147 9.98379E-05 0.154056 9.98379E-05 9.98379E-05 9.98379E-05 9.98379E-05 9.98379E-05 9.98379E-05 9.98379E-05 9.98379E-05 9.98379E-05 9.98379E-05 9.98379E-05 9.98379E-05
9.98829E-05 0.0364515 0.0108546 9.98829E-05 0.00268843 9.98829E-05 0.00470433 9.98829E-05 0.0105092 9.98829E-05 9.98829E-05 0.891146 9.98829E-05 9.98829E-05 0.0423477 9.98829E-05 9.98829E-05 9.98829E-05 9.98829E-05 9.98829E-05
9.98559E-05 9.98559E-05 9.98559E-05 9.98559E-05 0.397295 9.98559E-05 9.98559E-05 9.98559E-05 9.98559E-05 9.98559E-05 9.98559E-05 9.98559E-05 9.98559E-05 0.553744 9.98559E-05 0.0190367 0.0283263 9.98559E-05 9.98559E-05 9.98559E-05
0.00568573 0.00449448 0.813114 9.98831E-05 9.98831E-05 0.033908 9.98831E-05 0.110007 9.98831E-05 9.98831E-05 9.98831E-05 9.98831E-05 0.0294802 0.00201142 9.98831E-05 9.98831E-05 9.98831E-05 9.98831E-05 9.98831E-05 9.98831E-05
9.98654E-05 9.98654E-05 0.0297865 9.98654E-05 9.98654E-05 0.00377453 0.015237 0.9158 9.98654E-05 9.98654E-05 9.98654E-05 9.98654E-05 9.98654E-05 9.98654E-05 9.98654E-05 0.0339042 9.98654E-05 9.98654E-05 9.98654E-05 9.98654E-05
9.98475E-05 9.98475E-05 0.967345 0.00157961 9.98475E-05 9.98475E-05 9.98475E-05 9.98475E-05 9.98475E-05 9.98475E-05 9.98475E-05 9.98475E-05 9.98475E-05 9.98475E-05 9.98475E-05 9.98475E-05 9.98475E-05 0.029378 9.98475E-05 9.98475E-05
9.9838E-05 9.9838E-05 0.878592 9.9838E-05 9.9838E-05 9.9838E-05 9.9838E-05 9.9838E-05 9.9838E-05 9.9838E-05 9.9838E-05 9.9838E-05 9.9838E-05 9.9838E-05 9.9838E-05 9.9838E-05 9.9838E-05 9.9838E-05 9.9838E-05 0.119611
9.98648E-05 9.98648E-05 0.803948 0.00209201 9.98648E-05 9.98648E-05 9.98648E-05 9.98648E-05 0.146477 9.98648E-05 9.98648E-05 9.98648E-05 0.0313914 9.98648E-05 9.98648E-05 0.0145929 9.98648E-05 9.98648E-05 9.98648E-05 9.98648E-05
9.98294E-05 9.98294E-05 9.98294E-05 9.98294E-05 9.98294E-05 9.98294E-05 9.98294E-05 9.98294E-05 9.98294E-05 9.98294E-05 0.998103 9.98294E-05 9.98294E-05 9.98294E-05 9.98294E-05 9.98294E-05 9.98294E-05 9.98294E-05 9.98294E-05 9.98294E-05
9.98566E-05 9.98566E-05 9.98566E-05 9.98566E-05 0.722942 9.98566E-05 0.0312478 9.98566E-05 0.0300319 9.98566E-05 9.98566E-05 9.98566E-05 9.98566E-05 0.214181 9.98566E-05 9.98566E-05 9.98566E-05 9.98566E-05 9.98566E-05 9.98566E-05
9.98919E-05 0.0455003 0.0777954 0.107549 9.98919E-05 0.192436 9.98919E-05 9.98919E-05 9.98919E-05 9.98919E-05 9.98919E-05 9.98919E-05 9.98919E-05 0.0784918 9.98919E-05 0.0530252 0.394806 9.98919E-05 9.98919E-05 0.0491969
9.98743E-05 9.98743E-05 9.98743E-05 9.98743E-05 0.00996715 9.98743E-05 0.156903 0.020064 9.98743E-05 9.98743E-05 9.98743E-05 9.98743E-05 9.98743E-05 0.746839 0.00652209 9.98743E-05 9.98743E-05 0.0583067 9.98743E-05 9.98743E-05
9.9874E-05 9.9874E-05 9.9874E-05 9.9874E-05 0.157347 9.9874E-05 9.9874E-05 9.9874E-05 9.9874E-05 0.00229685 9.9874E-05 9.9874E-05 9.9874E-05 0.694369 0.00967008 9.9874E-05 0.110742 9.9874E-05 0.0241771 9.9874E-05
9.98382E-05 9.98382E-05 9.98382E-05 9.98382E-05 0.984143 9.98382E-05 9.98382E-05 0.0140599 9.98382E-05 9.98382E-05 9.98382E-05 9.98382E-05 9.98382E-05 9.98382E-05 9.98382E-05 9.98382E-05 9.98382E-05 9.98382E-05 9.98382E-05 9.98382E-05
0.020088 9.98383E-05 9.98383E-05 9.98383E-05 0.978115 9.98383E-05 9.98383E-05 9.98383E-05 9.98383E-05 9.98383E-05 9.98383E-05 9.98383E-05 9.98383E-05 9.98383E-05 9.98383E-05 9.98383E-05 9.98383E-05 9.98383E-05 9.98383E-05 9.98383E-05
9.98561E-05 9.98561E-05 9.98561E-05 9.98561E-05 0.10657 9.98561E-05 9.98561E-05 9.98561E-05 9.98561E-05 9.98561E-05 9.98561E-05 9.98561E-05 9.98561E-05 0.57459 9.98561E-05 9.98561E-05 0.255746 9.98561E-05 0.0614966 9.98561E-05
9.9847E-05 9.9847E-05 9.9847E-05 9.9847E-05 0.44472 9.9847E-05 9.9847E-05 9.9847E-05 9.9847E-05 9.9847E-05 9.9847E-05 9.9847E-05 9.9847E-05 0.51444 9.9847E-05 0.039143 9.9847E-05 9.9847E-05 9.9847E-05 9.9847E-05
9.98651E-05 0.0308529 9.98651E-05 9.98651E-05 9.98651E-05 9.98651E-05 9.98651E-05 9.98651E-05 9.98651E-05 9.98651E-05 9.98651E-05 9.98651E-05 9.98651E-05 0.0096224 9.98651E-05 9.98651E-05 0.0479753 0.906352 0.00369967 9.98651E-05
9.98471E-05 9.98471E-05 0.00914757 9.98471E-05 9.98471E-05 9.98471E-05 9.98471E-05 9.98471E-05 9.98471E-05 9.98471E-05 9.98471E-05 9.98471E-05 9.98471E-05 9.98471E-05 0.0123063 9.98471E-05 9.98471E-05 0.976849 9.98471E-05 9.98471E-05
9.98742E-05 0.00515348 9.98742E-05 9.98742E-05 0.1941 9.98742E-05 0.0365709 9.98742E-05 9.98742E-05 0.0141388 9.98742E-05 9.98742E-05 9.98742E-05 0.742654 9.98742E-05 9.98742E-05 9.98742E-05 9.98742E-05 0.00598473 9.98742E-05
9.9856E-05 9.9856E-05 9.9856E-05 9.9856E-05 9.9856E-05 9.9856E-05 9.9856E-05 0.953726 9.9856E-05 0.0157367 9.9856E-05 0.0122294 9.9856E-05 0.0167098 9.9856E-05 9.9856E-05 9.9856E-05 9.9856E-05 9.9856E-05 9.9856E-05
9.98381E-05 0.00826232 9.98381E-05 9.98381E-05 9.98381E-05 9.98381E-05 9.98381E-05 0.989941 9.98381E-05 9.98381E-05 9.98381E-05 9.98381E-05 9.98381E-05 9.98381E-05 9.98381E-05 9.98381E-05 9.98381E-05 9.98381E-05 9.98381E-05 9.98381E-05
9.98295E-05 9.98295E-05 9.98295E-05 9.98295E-05 9.98295E-05 9.98295E-05 9.98295E-05 9.98295E-05 9.98295E-05 9.98295E-05 9.98295E-05 9.98295E-05 0.998103 9.98295E-05 9.98295E-05 9.98295E-05 9.98295E-05 9.98295E-05 9.98295E-05 9.98295E-05
9.98295E-05 9.98295E-05 9.98295E-05 9.98295E-05 9.98295E-05 9.98295E-05 9.98295E-05 9.98295E-05 9.98295E-05 9.98295E-05 9.98295E-05 9.98295E-05 0.998103 9.98295E-05 9.98295E-05 9.98295E-05 9.98295E-05 9.98295E-05 9.98295E-05 9.98295E-05
9.98648E-05 9.98648E-05 0.000450366 9.98648E-05 9.98648E-05 9.98648E-05 9.98648E-05 9.98648E-05 0.226617 9.98648E-05 9.98648E-05 0.0297079 9.98648E-05 9.98648E-05 9.98648E-05 9.98648E-05 9.98648E-05 0.00154403 9.98648E-05 0.740183
9.9847E-05 9.9847E-05 0.0324901 9.9847E-05 9.9847E-05 9.9847E-05 9.9847E-05 9.9847E-05 0.225596 9.9847E-05 9.9847E-05 9.9847E-05 9.9847E-05 9.9847E-05 9.9847E-05 9.9847E-05 9.9847E-05 9.9847E-05 9.9847E-05 0.740216
9.98564E-05 9.98564E-05 9.98564E-05 9.98564E-05 9.98564E-05 9.98564E-05 9.98564E-05 0.0205114 9.98564E-05 0.0119511 9.98564E-05 9.98564E-05 0.960818 9.98564E-05 9.98564E-05 9.98564E-05 9.98564E-05 0.00512218 9.98564E-05 9.98564E-05
9.98294E-05 9.98294E-05 9.98294E-05 9.98294E-05 9.98294E-05 9.98294E-05 9.98294E-05 9.98294E-05 9.98294E-05 9.98294E-05 9.98294E-05 9.98294E-05 0.998103 9.98294E-05 9.98294E-05 9.98294E-05 9.98294E-05 9.98294E-05 9.98294E-05 9.98294E-05
9.9847E-05 0.0105038 0.026203 9.9847E-05 9.9847E-05 0.961596 9.9847E-05 9.9847E-05 9.9847E-05 9.9847E-05 9.9847E-05 9.9847E-05 9.9847E-05 9.9847E-05 9.9847E-05 9.9847E-05 9.9847E-05 9.9847E-05 9.9847E-05 9.9847E-05
9.9865E-05 9.9865E-05 0.0548191 0.0237136 9.9865E-05 9.9865E-05 9.9865E-05 0.127104 9.9865E-05 9.9865E-05 9.9865E-05 9.9865E-05 9.9865E-05 9.9865E-05 0.128373 9.9865E-05 9.9865E-05 9.9865E-05 9.9865E-05 0.664492
9.98561E-05 0.0426886 9.98561E-05 9.98561E-05 9.98561E-05 9.98561E-05 9.98561E-05 9.98561E-05 9.98561E-05 9.98561E-05 9.98561E-05 0.892293 9.98561E-05 9.98561E-05 0.0592022 9.98561E-05 0.00421888 9.98561E-05 9.98561E-05 9.98561E-05
9.98832E-05 9.98832E-05 0.0726231 0.0911389 0.0144995 9.98832E-05 9.98832E-05 9.98832E-05 0.0708051 9.98832E-05 9.98832E-05 9.98832E-05 9.98832E-05 9.98832E-05 9.98832E-05 0.657394 0.0300397 9.98832E-05 9.98832E-05 0.0622016
0.00774903 9.98742E-05 0.0581058 0.00596324 9.98742E-05 0.0741287 9.98742E-05 9.98742E-05 9.98742E-05 9.98742E-05 9.98742E-05 9.98742E-05 0.00514726 9.98742E-05 9.98742E-05 0.847508 9.98742E-05 9.98742E-05 9.98742E-05 9.98742E-05
9.9829E-05 9.9829E-05 9.9829E-05 9.9829E-05 9.9829E-05 9.9829E-05 9.9829E-05 9.9829E-05 9.9829E-05 9.9829E-05 9.9829E-05 9.9829E-05 9.9829E-05 9.9829E-05 9.9829E-05 9.9829E-05 9.9829E-05 9.9829E-05 0.998103 9.9829E-05
