9.995E-05 9.995E-05 9.995E-05 9.995E-05 0.9994 9.995E-05 9.995E-05
0.166729 0.317112 9.99729E-05 0.185314 0.330545 9.99729E-05 9.99729E-05
0.0860228 0.769817 0.0634056 9.99822E-05 9.99822E-05 0.0529212 0.0276337
9.9955E-05 0.966412 9.9955E-05 9.9955E-05 9.9955E-05 9.9955E-05 0.0330887
0.284627 0.422093 9.9973E-05 0.145457 0.147523 9.9973E-05 9.9973E-05
9.9955E-05 0.985937 9.9955E-05 9.9955E-05 0.0135633 9.9955E-05 9.9955E-05
0.9994 9.995E-05 9.995E-05 9.995E-05 9.995E-05 9.995E-05 9.995E-05
0.236125 0.411046 9.9973E-05 0.314299 9.9973E-05 9.9973E-05 0.0382303
0.984478 9.99549E-05 9.99549E-05 0.0150221 9.99549E-05 9.99549E-05 9.99549E-05
0.411543 9.9964E-05 9.9964E-05 9.9964E-05 0.457428 9.9964E-05 0.13063
0.413464 9.99639E-05 9.99639E-05 9.99639E-05 0.452945 9.99639E-05 0.133191
9.99731E-05 0.0477069 0.155156 9.99731E-05 0.698775 9.99731E-05 0.098062
0.0280278 9.99551E-05 0.971472 9.99551E-05 9.99551E-05 9.99551E-05 9.99551E-05
9.9964E-05 0.956782 9.9964E-05 9.9964E-05 0.0203999 0.0224182 9.9964E-05
9.9955E-05 0.948277 9.9955E-05 9.9955E-05 0.0512232 9.9955E-05 9.9955E-05
0.127215 0.0195684 0.340598 0.0286279 0.476892 9.9991E-05 0.00699876
9.9973E-05 9.9973E-05 0.291469 9.9973E-05 0.242232 0.0868705 0.379129
0.0577749 9.99729E-05 9.99729E-05 0.05945 0.164165 0.71831 9.99729E-05
9.9964E-05 9.9964E-05 0.0138812 9.9964E-05 9.9964E-05 0.91632 0.0693987
0.0474844 9.9973E-05 0.0816683 9.9973E-05 0.726492 9.9973E-05 0.144055
9.9955E-05 0.0146244 9.9955E-05 9.9955E-05 9.9955E-05 0.984876 9.9955E-05
9.9964E-05 9.9964E-05 0.124156 9.9964E-05 0.865211 9.9964E-05 0.0102332
0.0725302 9.9982E-05 9.9982E-05 0.0390773 0.0572149 0.440058 0.39092
9.9955E-05 9.9955E-05 9.9955E-05 9.9955E-05 9.9955E-05 0.913156 0.0863442
9.995E-05 0.9994 9.995E-05 9.995E-05 9.995E-05 9.995E-05 9.995E-05
9.995E-05 0.9994 9.995E-05 9.995E-05 9.995E-05 9.995E-05 9.995E-05
9.99639E-05 9.99639E-05 0.811968 9.99639E-05 0.141831 9.99639E-05 0.0458006
9.9964E-05 0.941976 0.0254392 0.0321846 9.9964E-05 9.9964E-05 9.9964E-05
9.9964E-05 0.915146 0.00462964 0.0798244 9.9964E-05 9.9964E-05 9.9964E-05
9.99821E-05 0.690936 0.0344648 0.253091 9.99821E-05 0.0118495 0.00945867
0.062181 0.68029 9.9973E-05 0.193357 9.9973E-05 9.9973E-05 0.0638714
0.227687 0.125422 9.99731E-05 0.435345 0.211245 9.99731E-05 9.99731E-05
9.995E-05 0.9994 9.995E-05 9.995E-05 9.995E-05 9.995E-05 9.995E-05
0.0339345 0.0864853 9.99731E-05 0.878736 9.99731E-05 9.99731E-05 0.000544346
9.99729E-05 0.0356824 0.617402 9.99729E-05 0.143458 9.99729E-05 0.203159
0.0164652 0.965258 0.0178768 9.99639E-05 9.99639E-05 9.99639E-05 9.99639E-05
9.99552E-05 0.0213518 9.99552E-05 9.99552E-05 0.978148 9.99552E-05 9.99552E-05
0.152514 0.0127405 9.9991E-05 0.118649 0.668028 0.0417002 0.00626858
9.9982E-05 0.134244 0.259164 9.9982E-05 0.156291 0.0549343 0.395167
9.9964E-05 0.127784 9.9964E-05 9.9964E-05 0.852181 9.9964E-05 0.0196345
0.0315051 0.0765634 9.9982E-05 9.9982E-05 0.845104 0.00767248 0.0389549
0.0638002 9.99819E-05 0.0510827 9.99819E-05 0.758962 0.0377694 0.0881858
0.318616 9.99639E-05 0.147978 9.99639E-05 0.533007 9.99639E-05 9.99639E-05
9.9982E-05 9.9982E-05 0.148931 0.0687991 0.682405 0.0017185 0.0979465
0.0699944 9.9991E-05 0.183094 0.011934 0.456467 0.118654 0.159756
0.0589407 0.0482735 0.0576693 0.0615067 0.659406 0.0538719 0.0603321
0.0100248 0.114141 0.274155 0.0734336 0.408778 9.9991E-05 0.119368
9.995E-05 9.995E-05 9.995E-05 9.995E-05 0.9994 9.995E-05 9.995E-05
9.995E-05 9.995E-05 9.995E-05 0.9994 9.995E-05 9.995E-05 9.995E-05
9.995E-05 9.995E-05 9.995E-05 0.9994 9.995E-05 9.995E-05 9.995E-05
9.995E-05 9.995E-05 9.995E-05 0.9994 9.995E-05 9.995E-05 9.995E-05
9.995E-05 9.995E-05 9.995E-05 0.9994 9.995E-05 9.995E-05 9.995E-05
9.995E-05 9.995E-05 9.995E-05 0.9994 9.995E-05 9.995E-05 9.995E-05
0.201667 0.186177 0.00810266 0.544949 0.0351188 0.0238857 9.999E-05
9.9955E-05 9.9955E-05 9.9955E-05 0.983659 0.015841 9.9955E-05 9.9955E-05
9.9955E-05 9.9955E-05 0.0502499 9.9955E-05 0.94925 9.9955E-05 9.9955E-05
0.299029 0.133241 9.99819E-05 0.362998 0.18687 9.99819E-05 0.0176613
9.995E-05 0.9994 9.995E-05 9.995E-05 9.995E-05 9.995E-05 9.995E-05
9.9964E-05 9.9964E-05 0.847311 0.0241809 0.128108 9.9964E-05 9.9964E-05
0.168409 0.0174164 0.293738 9.9982E-05 0.506306 9.9982E-05 0.0139312
0.0320071 9.99551E-05 0.967493 9.99551E-05 9.99551E-05 9.99551E-05 9.99551E-05
9.99549E-05 9.99549E-05 0.919618 9.99549E-05 0.0798819 9.99549E-05 9.99549E-05
9.99639E-05 9.99639E-05 0.892251 9.99639E-05 0.057897 9.99639E-05 0.0494526
9.99641E-05 9.99641E-05 9.99641E-05 0.0122875 0.0918081 0.895505 9.99641E-05
9.99641E-05 0.984388 9.99641E-05 0.00710213 9.99641E-05 9.99641E-05 0.00811014
0.0886155 0.191211 0.112687 0.203555 0.263487 0.0230843 0.117361
9.99641E-05 0.985509 0.00823952 9.99641E-05 0.00585199 9.99641E-05 9.99641E-05
0.0047067 0.951635 9.9973E-05 0.0197428 0.0236159 9.9973E-05 9.9973E-05
0.0406172 0.94719 9.9964E-05 0.0117929 9.9964E-05 9.9964E-05 9.9964E-05
0.0294147 0.914841 9.9973E-05 0.0516999 9.9973E-05 0.00374434 9.9973E-05
0.0322433 0.90519 9.9973E-05 9.9973E-05 0.0549716 9.9973E-05 0.00729504
9.9955E-05 0.99585 9.9955E-05 9.9955E-05 9.9955E-05 9.9955E-05 0.00364984
0.226162 0.482967 9.99642E-05 0.290472 9.99642E-05 9.99642E-05 9.99642E-05
0.379156 0.499687 9.99642E-05 0.120757 9.99642E-05 9.99642E-05 9.99642E-05
9.9982E-05 0.950336 0.0229975 0.0177553 0.00809048 9.9982E-05 0.00062042
0.294381 0.0409471 0.0172055 0.0222447 0.53545 9.9991E-05 0.0896723
0.311935 0.0197327 0.0753328 0.0288041 0.462621 9.9991E-05 0.101474
9.995E-05 9.995E-05 9.995E-05 9.995E-05 9.995E-05 9.995E-05 0.9994
9.995E-05 9.995E-05 9.995E-05 9.995E-05 9.995E-05 9.995E-05 0.9994
0.133104 9.9991E-05 0.0120895 0.0562797 0.703389 0.00850063 0.086537
0.195908 9.9991E-05 0.0680642 0.0226882 0.645753 0.0140083 0.0534785
9.995E-05 9.995E-05 9.995E-05 9.995E-05 9.995E-05 9.995E-05 0.9994
9.995E-05 9.995E-05 9.995E-05 9.995E-05 9.995E-05 9.995E-05 0.9994
9.99551E-05 9.99551E-05 0.0282523 9.99551E-05 0.971248 9.99551E-05 9.99551E-05
0.248426 9.99729E-05 0.182886 9.99729E-05 0.512737 0.0556514 9.99729E-05
0.329143 0.111539 9.9973E-05 0.434555 0.124464 9.9973E-05 9.9973E-05
9.9991E-05 0.0512983 0.445754 0.0142566 0.133113 0.125185 0.230293
9.99731E-05 9.99731E-05 0.428801 9.99731E-05 0.220981 0.0548691 0.295049
0.133198 0.613716 9.99821E-05 0.191876 9.99821E-05 0.018022 0.042989
