9.99549E-05 9.99549E-05 9.99549E-05 9.99549E-05 0.944042 9.99549E-05 0.0554581
9.9973E-05 9.9973E-05 0.287565 0.24752 0.286579 9.9973E-05 0.178035
0.114541 0.0140493 0.804527 0.0280725 9.99822E-05 0.0386107 9.99822E-05
9.9955E-05 9.9955E-05 0.96392 9.9955E-05 9.9955E-05 0.0355801 9.9955E-05
9.997E-05 9.997E-05 0.458082 0.2133 0.0853186 9.997E-05 0.242999
9.9973E-05 0.00244231 0.961667 9.9973E-05 9.9973E-05 0.0250164 0.0105747
0.57173 9.99731E-05 0.0568555 0.280984 9.99731E-05 9.99731E-05 0.0901306
9.99641E-05 9.99641E-05 0.444119 0.41053 9.99641E-05 9.99641E-05 0.144952
0.402312 9.99731E-05 0.0428449 0.34468 9.99731E-05 9.99731E-05 0.209864
9.995E-05 9.995E-05 9.995E-05 9.995E-05 9.995E-05 9.995E-05 0.9994
9.995E-05 9.995E-05 9.995E-05 9.995E-05 9.995E-05 9.995E-05 0.9994
0.17578 9.9973E-05 0.0485542 9.9973E-05 0.647247 0.128119 9.9973E-05
0.9994 9.995E-05 9.995E-05 9.995E-05 9.995E-05 9.995E-05 9.995E-05
9.9973E-05 0.00510827 0.945808 9.9973E-05 0.0457851 0.00299877 9.9973E-05
9.9955E-05 9.9955E-05 0.950248 9.9955E-05 0.0492522 9.9955E-05 9.9955E-05
0.408452 9.9973E-05 0.0264304 9.9973E-05 0.0721276 9.9973E-05 0.49269
0.182709 0.08185 9.9973E-05 9.9973E-05 9.9973E-05 0.337823 0.397319
9.99729E-05 0.715714 9.99729E-05 0.0778995 0.05717 9.99729E-05 0.148917
9.9955E-05 0.905582 9.9955E-05 9.9955E-05 9.9955E-05 0.0939183 9.9955E-05
0.0540778 9.9973E-05 9.9973E-05 9.9973E-05 0.161651 0.0776921 0.706279
9.995E-05 0.9994 9.995E-05 9.995E-05 9.995E-05 9.995E-05 9.995E-05
0.102743 9.99729E-05 9.99729E-05 9.99729E-05 0.558323 0.0340989 0.304535
9.997E-05 0.406041 9.997E-05 0.0188128 9.997E-05 0.348478 0.226368
9.996E-05 0.893693 9.996E-05 9.996E-05 9.996E-05 0.0773631 0.0285444
9.995E-05 9.995E-05 0.9994 9.995E-05 9.995E-05 9.995E-05 9.995E-05
9.995E-05 9.995E-05 0.9994 9.995E-05 9.995E-05 9.995E-05 9.995E-05
0.746194 9.997E-05 9.997E-05 9.997E-05 0.126399 0.0789815 0.0481258
9.9955E-05 9.9955E-05 0.915415 0.0840848 9.9955E-05 9.9955E-05 9.9955E-05
0.0102877 9.9964E-05 0.910789 0.0785233 9.9964E-05 9.9964E-05 9.9964E-05
0.0100998 0.0213615 0.727468 0.238708 9.99821E-05 0.00216285 9.99821E-05
9.99731E-05 0.00212874 0.665608 0.275531 9.99731E-05 0.0564319 9.99731E-05
9.997E-05 9.997E-05 0.0849604 0.577034 0.208486 9.997E-05 0.12922
9.995E-05 9.995E-05 0.9994 9.995E-05 9.995E-05 9.995E-05 9.995E-05
0.00125642 9.99641E-05 0.0873666 0.910977 9.99641E-05 9.99641E-05 9.99641E-05
0.541155 9.99819E-05 0.0631281 9.99819E-05 0.0727047 0.223553 0.0992593
0.0342762 9.99729E-05 0.953495 9.99729E-05 0.00385697 0.0080724 9.99729E-05
9.9955E-05 9.9955E-05 0.0061553 9.9955E-05 0.993345 9.9955E-05 9.9955E-05
9.998E-05 0.0096991 0.0374751 0.0875362 0.129566 9.998E-05 0.735524
0.115713 0.0559961 0.119103 9.999E-05 0.0323814 0.364088 0.312618
9.997E-05 9.997E-05 0.092192 9.997E-05 0.293308 0.00795046 0.606249
9.99729E-05 9.99729E-05 0.0878716 9.99729E-05 0.351846 0.00255711 0.557426
9.99549E-05 9.99549E-05 9.99549E-05 9.99549E-05 0.00894503 9.99549E-05 0.990555
0.336993 9.9973E-05 9.9973E-05 0.00788419 0.146501 9.9973E-05 0.508322
0.0191277 9.9973E-05 9.9973E-05 9.9973E-05 0.0100286 0.0432981 0.927246
0.174332 0.0996162 9.9982E-05 9.9982E-05 0.0743344 0.135098 0.516419
0.105053 0.0469347 0.0528332 9.9991E-05 0.10132 0.0222457 0.671514
0.194675 9.9991E-05 0.0795793 0.0678292 0.231158 0.12217 0.304489
9.99553E-05 0.00101865 9.99553E-05 9.99553E-05 0.998482 9.99553E-05 9.99553E-05
9.995E-05 9.995E-05 9.995E-05 0.9994 9.995E-05 9.995E-05 9.995E-05
9.99549E-05 0.0088538 9.99549E-05 0.990646 9.99549E-05 9.99549E-05 9.99549E-05
9.995E-05 9.995E-05 9.995E-05 0.9994 9.995E-05 9.995E-05 9.995E-05
9.995E-05 9.995E-05 9.995E-05 0.9994 9.995E-05 9.995E-05 9.995E-05
9.995E-05 9.995E-05 9.995E-05 0.9994 9.995E-05 9.995E-05 9.995E-05
0.0374983 0.0383971 0.258728 0.56426 9.99821E-05 9.99821E-05 0.100917
9.99549E-05 9.99549E-05 9.99549E-05 0.995808 0.00369267 9.99549E-05 9.99549E-05
0.0868066 9.996E-05 9.996E-05 9.996E-05 0.844669 9.996E-05 0.0681249
0.0104163 9.9991E-05 0.160323 0.511218 0.207376 0.0118229 0.0987444
9.99549E-05 9.99549E-05 0.995146 9.99549E-05 0.00435416 9.99549E-05 9.99549E-05
0.86045 9.9964E-05 9.9964E-05 9.9964E-05 0.0995661 0.0395841 9.9964E-05
0.462797 9.9973E-05 0.0555567 9.9973E-05 0.146565 9.9973E-05 0.334781
0.9994 9.995E-05 9.995E-05 9.995E-05 9.995E-05 9.995E-05 9.995E-05
0.878683 9.99639E-05 9.99639E-05 9.99639E-05 0.0396857 9.99639E-05 0.0812317
0.87134 9.997E-05 9.997E-05 9.997E-05 0.00393127 0.0733861 0.0510431
9.99551E-05 0.903799 9.99551E-05 9.99551E-05 0.0957011 9.99551E-05 9.99551E-05
9.995E-05 9.995E-05 0.9994 9.995E-05 9.995E-05 9.995E-05 9.995E-05
9.999E-05 0.0553921 0.244039 0.222646 0.142341 0.109935 0.225546
0.0286394 9.99552E-05 0.970861 9.99552E-05 9.99552E-05 9.99552E-05 9.99552E-05
0.013454 9.9973E-05 0.93895 9.9973E-05 0.0458031 9.9973E-05 0.00149273
0.0142935 9.9964E-05 0.921953 0.0633539 9.9964E-05 9.9964E-05 9.9964E-05
0.00785965 0.0105938 0.929587 0.0324545 0.0193051 9.9982E-05 9.9982E-05
9.9973E-05 9.9973E-05 0.877928 0.00430573 0.0401355 9.9973E-05 0.0773305
9.99549E-05 9.99549E-05 0.995254 9.99549E-05 9.99549E-05 0.00424659 9.99549E-05
9.99554E-05 9.99554E-05 0.525134 0.474366 9.99554E-05 9.99554E-05 9.99554E-05
0.197088 9.99642E-05 0.485812 0.3167 9.99642E-05 9.99642E-05 9.99642E-05
9.9973E-05 0.015113 0.95074 9.9973E-05 0.0248409 9.9973E-05 0.00900627
0.201872 9.9982E-05 0.104969 0.0334898 0.08561 9.9982E-05 0.57386
0.230609 9.999E-05 0.0723264 0.0509313 0.0515755 0.00458421 0.589874
9.995E-05 9.995E-05 9.995E-05 9.995E-05 9.995E-05 0.9994 9.995E-05
9.995E-05 9.995E-05 9.995E-05 9.995E-05 9.995E-05 0.9994 9.995E-05
0.0343009 9.9973E-05 9.9973E-05 0.00610315 0.023507 9.9973E-05 0.935789
0.0579069 9.996E-05 9.996E-05 9.996E-05 0.0414593 9.996E-05 0.900234
9.9955E-05 9.9955E-05 9.9955E-05 0.0055018 9.9955E-05 0.993998 9.9955E-05
9.995E-05 9.995E-05 9.995E-05 9.995E-05 9.995E-05 0.9994 9.995E-05
0.0421115 9.99639E-05 9.99639E-05 0.001774 0.955715 9.99639E-05 9.99639E-05
0.322046 0.0338382 0.0114317 9.998E-05 0.111291 9.998E-05 0.521193
0.0055853 9.9982E-05 0.0925043 0.593088 0.202374 9.9982E-05 0.106249
0.301454 0.117451 0.0561428 9.998E-05 9.998E-05 0.289152 0.235601
0.411909 0.0759185 9.99731E-05 9.99731E-05 0.159694 0.352179 9.99731E-05
9.99731E-05 0.0686994 0.605376 0.316162 9.99731E-05 0.00946197 9.99731E-05
