0.9998 9.999E-05 9.999E-05
0.45948 0.54042 9.9991E-05
0.0635327 0.899285 0.0371825
9.999E-05 0.9998 9.999E-05
0.278712 0.721188 9.9991E-05
9.999E-05 0.9998 9.999E-05
0.681961 0.317939 9.99911E-05
0.168792 0.831108 9.9991E-05
0.667351 0.332549 9.9991E-05
0.92947 0.0704303 9.9991E-05
0.938561 0.0613392 9.9991E-05
0.96252 0.0373803 9.9991E-05
0.949084 0.050816 9.99911E-05
9.9991E-05 0.979133 0.0207669
0.02167 0.973059 0.00527079
0.954768 0.0451323 9.9991E-05
0.794046 0.0231985 0.182755
0.199826 0.0274139 0.77276
9.999E-05 9.999E-05 0.9998
0.9998 9.999E-05 9.999E-05
9.999E-05 9.999E-05 0.9998
0.9998 9.999E-05 9.999E-05
0.360717 0.0806017 0.558681
0.0104029 9.9991E-05 0.989497
9.999E-05 0.9998 9.999E-05
9.999E-05 0.9998 9.999E-05
0.9998 9.999E-05 9.999E-05
9.999E-05 0.9998 9.999E-05
9.999E-05 0.9998 9.999E-05
0.020777 0.921628 0.0575947
0.0036284 0.955515 0.0408567
0.423829 0.576071 9.9991E-05
9.999E-05 0.9998 9.999E-05
0.186253 0.813647 9.9991E-05
0.928944 0.0709558 9.9991E-05
9.999E-05 0.9998 9.999E-05
0.958842 0.041058 9.9991E-05
0.803086 0.176591 0.0203234
0.682132 0.159519 0.158349
0.883567 0.116333 9.9991E-05
0.928367 0.0715329 9.9991E-05
0.988283 9.9991E-05 0.0116172
0.974722 0.025178 9.9991E-05
0.998411 9.9991E-05 0.00148859
0.853976 9.9991E-05 0.145924
0.864716 0.101273 0.0340116
0.831107 0.168793 9.9991E-05
0.988801 9.99911E-05 0.0110992
0.162532 0.816089 0.0213787
0.143542 0.817552 0.0389057
0.173699 0.79708 0.0292207
0.144711 0.804308 0.0509815
0.139391 0.836614 0.0239952
0.195907 0.75482 0.0492722
0.222996 0.776904 9.9991E-05
0.9998 9.999E-05 9.999E-05
0.420564 0.579336 9.9991E-05
9.999E-05 0.9998 9.999E-05
0.9998 9.999E-05 9.999E-05
0.918675 0.0812253 9.9991E-05
0.9998 9.999E-05 9.999E-05
0.9998 9.999E-05 9.999E-05
0.986544 9.9991E-05 0.0133559
0.0836184 0.00161189 0.91477
9.999E-05 0.9998 9.999E-05
0.451203 0.444447 0.10435
9.999E-05 0.9998 9.999E-05
9.999E-05 0.9998 9.999E-05
9.999E-05 0.9998 9.999E-05
9.999E-05 0.9998 9.999E-05
0.0232566 0.976643 9.9991E-05
9.999E-05 0.9998 9.999E-05
0.0512291 0.948671 9.99911E-05
0.139848 0.825161 0.0349916
9.999E-05 0.9998 9.999E-05
0.862611 0.137289 9.9991E-05
0.836979 0.162921 9.9991E-05
0.656116 0.126959 0.216925
0.655381 0.125171 0.219448
0.951998 0.0473743 0.000627518
0.973202 0.0266982 9.9991E-05
0.652143 0.153589 0.194268
0.648507 0.139419 0.212073
0.9998 9.999E-05 9.999E-05
0.955109 0.0131567 0.0317346
0.422098 0.577802 9.9991E-05
0.774128 0.0604229 0.165449
0.838296 9.99911E-05 0.161604
0.00788265 0.903507 0.0886105
