9.999E-05 0.9998 9.999E-05
0.535505 0.464395 9.9991E-05
0.884418 0.0341911 0.0813909
0.9998 9.999E-05 9.999E-05
0.708927 0.290973 9.9991E-05
0.997686 9.9991E-05 0.0022141
0.347269 0.652631 9.99911E-05
0.831031 0.168869 9.9991E-05
0.361166 0.638734 9.9991E-05
0.0643028 0.935597 9.9991E-05
9.999E-05 0.9998 9.999E-05
0.0654173 0.934483 9.9991E-05
0.0430985 0.956802 9.99911E-05
0.984489 9.9991E-05 0.0154107
0.996059 0.00338819 0.000552659
0.0440286 0.955871 9.9991E-05
0.0231335 0.76832 0.208547
0.00463498 0.255368 0.739997
9.999E-05 9.999E-05 0.9998
9.999E-05 0.9998 9.999E-05
9.999E-05 9.999E-05 0.9998
9.999E-05 0.9998 9.999E-05
0.0948582 0.331995 0.573147
9.999E-05 9.999E-05 0.9998
0.9998 9.999E-05 9.999E-05
0.9998 9.999E-05 9.999E-05
9.999E-05 0.9998 9.999E-05
0.9998 9.999E-05 9.999E-05
0.9998 9.999E-05 9.999E-05
0.938498 0.00895115 0.0525512
0.947729 0.00376201 0.0485094
0.587388 0.412512 9.99911E-05
0.9998 9.999E-05 9.999E-05
0.847474 0.152426 9.9991E-05
0.0779462 0.921954 9.9991E-05
0.9998 9.999E-05 9.999E-05
0.0557503 0.94415 9.9991E-05
0.155944 0.823188 0.0208684
0.169275 0.625031 0.205694
0.131584 0.868316 9.9991E-05
0.073112 0.926788 9.9991E-05
9.9991E-05 0.995081 0.00481899
0.00603773 0.993862 9.9991E-05
9.999E-05 0.9998 9.999E-05
9.9991E-05 0.825395 0.174505
0.110346 0.852703 0.0369514
0.18373 0.81617 9.9991E-05
9.99911E-05 0.994697 0.00520268
0.834917 0.140699 0.0243838
0.806805 0.154456 0.0387386
0.838733 0.157751 0.00351598
0.824159 0.14081 0.0350309
0.874874 0.109175 0.0159515
0.752588 0.209523 0.0378887
0.78726 0.21264 9.9991E-05
9.999E-05 0.9998 9.999E-05
0.542927 0.456973 9.9991E-05
0.9998 9.999E-05 9.999E-05
9.999E-05 0.9998 9.999E-05
0.0655077 0.934392 9.9991E-05
9.999E-05 0.9998 9.999E-05
9.999E-05 0.9998 9.999E-05
9.9991E-05 0.977887 0.0220135
9.9991E-05 0.070509 0.929391
0.9998 9.999E-05 9.999E-05
0.439816 0.503026 0.0571581
0.9998 9.999E-05 9.999E-05
0.9998 9.999E-05 9.999E-05
0.9998 9.999E-05 9.999E-05
0.9998 9.999E-05 9.999E-05
0.974243 0.0256569 9.9991E-05
0.9998 9.999E-05 9.999E-05
0.954786 0.0451139 9.99911E-05
0.900666 0.0984197 0.000914628
0.9998 9.999E-05 9.999E-05
0.162437 0.837463 9.9991E-05
0.150352 0.849548 9.9991E-05
0.117817 0.553713 0.32847
0.128769 0.527754 0.343477
0.02831 0.969378 0.00231239
0.026525 0.972301 0.00117397
0.135431 0.547448 0.317121
0.12109 0.541289 0.33762
9.999E-05 0.9998 9.999E-05
0.0154704 0.966394 0.0181355
0.570462 0.429438 9.9991E-05
0.0841908 0.69354 0.222269
9.9991E-05 0.823049 0.176851
0.926501 9.9991E-05 0.0733987
