9.996E-05 9.996E-05 9.996E-05 9.996E-05 0.9995 9.996E-05
9.9973E-05 9.9973E-05 0.236959 0.32721 0.435532 9.9973E-05
0.0719877 0.0342525 0.0752811 0.75281 9.99911E-05 0.0655687
0.0336715 9.9973E-05 0.00896928 0.957059 9.9973E-05 9.9973E-05
0.00197184 9.99821E-05 0.257158 0.477442 0.263228 9.99821E-05
0.0145331 9.9964E-05 9.9964E-05 0.985067 9.9964E-05 9.9964E-05
9.99731E-05 9.99731E-05 0.376433 0.00716162 9.99731E-05 0.616106
0.0493581 9.9982E-05 0.453498 0.405568 0.0913756 9.9982E-05
9.99821E-05 9.99821E-05 0.438585 0.0238593 0.125358 0.411998
0.0564832 9.99821E-05 0.124292 9.99821E-05 0.794802 0.0242229
0.078458 9.9982E-05 0.115552 9.9982E-05 0.741692 0.0640977
0.148944 9.9982E-05 9.9982E-05 0.0527048 0.624678 0.173474
9.996E-05 9.996E-05 9.996E-05 9.996E-05 9.996E-05 0.9995
9.9982E-05 0.00501221 9.9982E-05 0.95656 0.0314112 0.00681708
9.9964E-05 9.9964E-05 9.9964E-05 0.9494 0.0501998 9.9964E-05
0.0074362 9.9982E-05 0.0318888 9.9982E-05 0.641831 0.318644
0.374445 0.082021 9.9982E-05 9.9982E-05 0.325594 0.21774
9.99729E-05 0.71317 0.0537743 9.99729E-05 0.232756 9.99729E-05
0.0587354 0.940865 9.9964E-05 9.9964E-05 9.9964E-05 9.9964E-05
0.126303 9.9973E-05 9.9973E-05 9.9973E-05 0.843754 0.0296429
9.996E-05 0.9995 9.996E-05 9.996E-05 9.996E-05 9.996E-05
9.9964E-05 9.9964E-05 9.9964E-05 9.9964E-05 0.96765 0.0319503
0.354427 0.423972 0.0928718 0.00371188 0.0924403 0.0325771
0.109903 0.889697 9.9964E-05 9.9964E-05 9.9964E-05 9.9964E-05
9.9964E-05 9.9964E-05 0.0169194 0.982681 9.9964E-05 9.9964E-05
9.996E-05 9.996E-05 9.996E-05 0.9995 9.996E-05 9.996E-05
0.0842545 9.99729E-05 9.99729E-05 9.99729E-05 0.182769 0.732677
9.9964E-05 9.9964E-05 0.0777189 0.921881 9.9964E-05 9.9964E-05
9.9973E-05 9.9973E-05 0.0670421 0.913057 9.9973E-05 0.0196012
0.0159249 0.0280861 0.266619 0.676611 9.9991E-05 0.0126588
0.0540302 9.99731E-05 0.369384 0.576286 9.99731E-05 9.99731E-05
9.99732E-05 9.99732E-05 0.55375 0.101476 0.344474 9.99732E-05
9.996E-05 9.996E-05 9.996E-05 0.9995 9.996E-05 9.996E-05
0.00382935 9.9973E-05 0.916282 0.0795889 9.9973E-05 9.9973E-05
0.219149 9.99819E-05 9.99819E-05 0.0447815 0.159659 0.576211
0.00973619 9.9982E-05 9.9982E-05 0.969626 0.00288211 0.0175553
9.99642E-05 9.99642E-05 9.99642E-05 0.0702416 0.929359 9.99642E-05
9.9982E-05 0.0338722 0.17164 0.00618862 0.788099 9.9982E-05
0.396852 0.0789495 9.9991E-05 0.129554 0.222175 0.172369
9.99639E-05 9.99639E-05 9.99639E-05 0.119432 0.880168 9.99639E-05
0.0197512 0.00174335 9.9982E-05 0.0747809 0.903525 9.9982E-05
0.0485709 0.0331759 9.9982E-05 9.9982E-05 0.87501 0.043043
9.9973E-05 9.9973E-05 0.0431786 9.9973E-05 0.706146 0.250375
0.095009 0.0102997 0.0381618 9.9991E-05 0.816874 0.0395558
0.155812 0.123492 0.0330083 9.9991E-05 0.530395 0.157194
0.0863001 0.046126 0.0606977 0.0794455 0.722168 0.005263
0.133634 9.9991E-05 0.0821463 0.100362 0.460258 0.223499
9.99644E-05 0.00268921 9.99644E-05 9.99644E-05 0.996911 9.99644E-05
9.996E-05 9.996E-05 0.9995 9.996E-05 9.996E-05 9.996E-05
9.996E-05 9.996E-05 0.9995 9.996E-05 9.996E-05 9.996E-05
9.996E-05 9.996E-05 0.9995 9.996E-05 9.996E-05 9.996E-05
9.996E-05 9.996E-05 0.9995 9.996E-05 9.996E-05 9.996E-05
9.996E-05 9.996E-05 0.9995 9.996E-05 9.996E-05 9.996E-05
9.9991E-05 0.0174635 0.573466 0.262439 0.0979303 0.0486013
9.99639E-05 9.99639E-05 0.984419 9.99639E-05 0.0151811 9.99639E-05
9.9964E-05 9.9964E-05 9.9964E-05 9.9964E-05 0.968348 0.0312518
0.00745424 9.9982E-05 0.560368 0.0952152 0.336762 9.9982E-05
9.99639E-05 0.00926675 9.99639E-05 0.990333 9.99639E-05 9.99639E-05
0.0366879 9.9982E-05 0.00134346 9.9982E-05 0.123792 0.837977
9.9973E-05 9.9973E-05 9.9973E-05 0.0731662 0.620279 0.306255
9.996E-05 9.996E-05 9.996E-05 9.996E-05 9.996E-05 0.9995
0.0182219 9.99729E-05 9.99729E-05 9.99729E-05 0.119239 0.862239
0.102685 9.99729E-05 9.99729E-05 9.99729E-05 0.048616 0.848399
9.99641E-05 0.893157 9.99641E-05 9.99641E-05 0.106443 9.99641E-05
9.996E-05 9.996E-05 9.996E-05 0.9995 9.996E-05 9.996E-05
0.0370854 0.116454 0.0865964 0.258619 0.339665 0.16158
9.99642E-05 9.99642E-05 9.99642E-05 0.992752 9.99642E-05 0.00684782
9.9973E-05 9.9973E-05 0.00256211 0.976524 0.0206135 9.9973E-05
9.9973E-05 9.9973E-05 0.078115 0.915798 9.9973E-05 0.00578694
9.9973E-05 0.00940578 0.0749149 0.915379 9.9973E-05 9.9973E-05
0.00553703 9.9973E-05 9.9973E-05 0.925096 0.0690671 9.9973E-05
9.996E-05 9.996E-05 9.996E-05 0.9995 9.996E-05 9.996E-05
9.99732E-05 9.99732E-05 0.454234 0.524547 9.99732E-05 0.0209184
9.99732E-05 9.99732E-05 0.340885 0.49344 9.99732E-05 0.165375
0.0077457 9.9973E-05 9.9973E-05 0.972129 0.0198258 9.9973E-05
0.075307 9.9991E-05 0.110998 0.0660156 0.661384 0.0861955
0.0689563 9.9991E-05 0.106961 0.0677909 0.674096 0.0820957
0.9995 9.996E-05 9.996E-05 9.996E-05 9.996E-05 9.996E-05
0.9995 9.996E-05 9.996E-05 9.996E-05 9.996E-05 9.996E-05
0.059219 9.9982E-05 0.0938412 9.9982E-05 0.817885 0.0288544
0.0102199 0.0122271 0.0633492 9.9991E-05 0.829947 0.0841563
0.989526 9.9964E-05 0.0100739 9.9964E-05 9.9964E-05 9.9964E-05
0.9995 9.996E-05 9.996E-05 9.996E-05 9.996E-05 9.996E-05
9.99641E-05 9.99641E-05 9.99641E-05 9.99641E-05 0.984447 0.0151532
9.9991E-05 0.0505654 0.00122131 0.0196646 0.603154 0.325295
9.9973E-05 9.9973E-05 0.611069 0.0880327 0.300598 9.9973E-05
0.280159 0.129299 9.9991E-05 0.0722354 0.157464 0.360743
0.268775 0.0746093 9.99821E-05 9.99821E-05 0.239565 0.416851
0.0507573 0.0334625 0.331731 0.583849 9.99821E-05 9.99821E-05
