9.996E-05 0.9995 9.996E-05 9.996E-05 9.996E-05 9.996E-05
9.9982E-05 0.423532 0.254937 0.313797 0.00753369 9.9982E-05
0.0901554 9.99911E-05 0.0607905 0.784064 0.0370616 0.027828
9.9964E-05 9.9964E-05 9.9964E-05 0.948097 0.051503 9.9964E-05
9.99731E-05 0.25018 0.298207 0.451314 9.99731E-05 9.99731E-05
9.9964E-05 0.00694065 9.9964E-05 0.992659 9.9964E-05 9.9964E-05
0.603142 9.99731E-05 0.395087 0.00147074 9.99731E-05 9.99731E-05
9.9982E-05 0.0919559 0.428809 0.450888 0.0281469 9.9982E-05
0.487837 0.0417513 0.470112 9.99731E-05 9.99731E-05 9.99731E-05
0.0213649 0.791095 0.132675 9.9982E-05 0.0546651 9.9982E-05
0.00278445 0.803418 0.110113 9.9982E-05 0.0834842 9.9982E-05
0.236186 0.599384 9.9982E-05 0.0205889 0.143641 9.9982E-05
0.9995 9.996E-05 9.996E-05 9.996E-05 9.996E-05 9.996E-05
9.9973E-05 0.0357913 9.9973E-05 0.948135 9.9973E-05 0.0157741
9.9973E-05 0.0329262 9.9973E-05 0.944668 9.9973E-05 0.0221058
0.401957 0.541582 0.0440869 0.0121744 9.9982E-05 9.9982E-05
0.183675 0.372844 9.9982E-05 9.9982E-05 0.344843 0.0984391
9.99729E-05 0.224358 0.0507298 9.99729E-05 9.99729E-05 0.724612
9.9964E-05 9.9964E-05 9.9964E-05 9.9964E-05 0.0524458 0.947154
0.0466602 0.827794 9.9973E-05 9.9973E-05 0.125246 9.9973E-05
9.996E-05 9.996E-05 9.996E-05 9.996E-05 9.996E-05 0.9995
0.0783413 0.9163 9.9973E-05 9.9973E-05 0.00505871 9.9973E-05
9.999E-05 0.177591 0.0175791 0.0347948 0.370677 0.399258
9.99639E-05 9.99639E-05 9.99639E-05 9.99639E-05 0.0758258 0.923774
9.996E-05 9.996E-05 9.996E-05 0.9995 9.996E-05 9.996E-05
9.996E-05 9.996E-05 9.996E-05 0.9995 9.996E-05 9.996E-05
0.786884 0.132026 9.99729E-05 9.99729E-05 0.0807901 9.99729E-05
0.00671073 9.9973E-05 0.0661156 0.926874 9.9973E-05 9.9973E-05
0.0164486 9.9973E-05 0.0751919 0.90806 9.9973E-05 9.9973E-05
9.9982E-05 9.9982E-05 0.227671 0.680423 0.0425005 0.0492055
9.9973E-05 9.9973E-05 0.256669 0.672672 0.0703594 9.9973E-05
9.99731E-05 0.320774 0.542351 0.136575 9.99731E-05 9.99731E-05
9.99641E-05 9.99641E-05 0.00468105 0.994919 9.99641E-05 9.99641E-05
9.9964E-05 9.9964E-05 0.887695 0.111905 9.9964E-05 9.9964E-05
0.57008 0.134906 9.99819E-05 0.0562845 0.23853 9.99819E-05
0.0279179 9.99639E-05 9.99639E-05 0.971682 9.99639E-05 9.99639E-05
9.99642E-05 0.929226 9.99642E-05 0.0703741 9.99642E-05 9.99642E-05
9.9982E-05 0.816652 0.087369 0.0654018 9.9982E-05 0.0303772
0.19067 0.20764 9.9991E-05 0.132332 0.405593 0.063666
9.99729E-05 0.883212 9.99729E-05 0.100832 0.0156561 9.99729E-05
9.9982E-05 0.889857 9.9982E-05 0.0779722 0.0276557 0.00431554
9.9982E-05 0.911054 0.00923554 9.9982E-05 0.0626025 0.0169079
0.368105 0.619051 0.012544 9.9973E-05 9.9973E-05 9.9973E-05
0.00362353 0.858174 0.0336921 9.9991E-05 0.101931 0.0024787
0.196846 0.484519 0.0307615 9.9991E-05 0.166277 0.121497
0.0538056 0.713999 0.0228645 0.11046 0.0463586 0.052512
0.24458 0.50075 0.0369495 0.117954 0.0996661 9.9991E-05
9.996E-05 0.9995 9.996E-05 9.996E-05 9.996E-05 9.996E-05
9.996E-05 9.996E-05 0.9995 9.996E-05 9.996E-05 9.996E-05
9.996E-05 9.996E-05 0.9995 9.996E-05 9.996E-05 9.996E-05
9.9964E-05 9.9964E-05 0.998624 9.9964E-05 0.000975829 9.9964E-05
9.996E-05 9.996E-05 0.9995 9.996E-05 9.996E-05 9.996E-05
9.996E-05 9.996E-05 0.9995 9.996E-05 9.996E-05 9.996E-05
0.0568391 0.0393724 0.646929 0.217136 9.9991E-05 0.0396237
9.996E-05 9.996E-05 0.9995 9.996E-05 9.996E-05 9.996E-05
0.0628925 0.936708 9.9964E-05 9.9964E-05 9.9964E-05 9.9964E-05
9.9973E-05 0.358225 0.550455 0.0910196 9.9973E-05 9.9973E-05
9.996E-05 9.996E-05 9.996E-05 0.9995 9.996E-05 9.996E-05
0.916832 9.9964E-05 9.9964E-05 9.9964E-05 0.0827679 9.9964E-05
0.416424 0.494359 9.9982E-05 0.0794804 0.00953628 9.9982E-05
0.9995 9.996E-05 9.996E-05 9.996E-05 9.996E-05 9.996E-05
0.869397 0.108217 9.99729E-05 9.99729E-05 0.0220865 9.99729E-05
0.829602 0.0761392 9.99819E-05 9.99819E-05 0.087691 0.00636744
9.99641E-05 0.0877203 9.99641E-05 9.99641E-05 9.99641E-05 0.91188
9.996E-05 9.996E-05 9.996E-05 0.9995 9.996E-05 9.996E-05
0.114384 0.367679 0.134003 0.232872 0.139226 0.0118354
0.0194003 9.99731E-05 0.00859795 0.971702 9.99731E-05 9.99731E-05
9.9964E-05 0.0180761 9.9964E-05 0.981524 9.9964E-05 9.9964E-05
0.00182873 9.9973E-05 0.105388 0.892483 9.9973E-05 9.9973E-05
0.0400325 9.9973E-05 0.0260552 0.933612 9.9973E-05 9.9973E-05
9.9973E-05 0.0408057 9.9973E-05 0.941181 0.0177137 9.9973E-05
9.9964E-05 9.9964E-05 0.0106462 0.988954 9.9964E-05 9.9964E-05
0.0080455 9.99732E-05 0.486107 0.505548 9.99732E-05 9.99732E-05
0.221608 9.99732E-05 0.286769 0.491323 9.99732E-05 9.99732E-05
9.9964E-05 9.9964E-05 9.9964E-05 0.983685 9.9964E-05 0.0159155
0.180865 0.613808 0.11782 0.0429719 0.0444351 9.9991E-05
0.227112 0.544634 0.140251 0.0230855 0.0648182 9.9991E-05
9.996E-05 9.996E-05 9.996E-05 9.996E-05 0.9995 9.996E-05
9.996E-05 9.996E-05 9.996E-05 9.996E-05 0.9995 9.996E-05
0.037399 0.855722 0.0777997 9.9982E-05 0.0288796 9.9982E-05
0.0934285 0.833648 0.0521998 9.9982E-05 0.0205239 9.9982E-05
9.996E-05 9.996E-05 9.996E-05 9.996E-05 0.9995 9.996E-05
9.996E-05 9.996E-05 9.996E-05 9.996E-05 0.9995 9.996E-05
0.0386814 0.960919 9.99641E-05 9.99641E-05 9.99641E-05 9.99641E-05
0.357487 0.543533 0.0546294 9.9982E-05 9.9982E-05 0.0441505
0.0301552 0.309627 0.547727 0.11229 9.9982E-05 9.9982E-05
0.369292 0.187847 9.9991E-05 0.0622922 0.244405 0.136064
0.430584 0.180461 9.99821E-05 9.99821E-05 0.308989 0.0797659
9.99821E-05 9.99821E-05 0.320223 0.590227 0.0533077 0.0360416
