9.999E-05 9.999E-05 0.9998
0.570772 9.9991E-05 0.429128
0.88915 0.0532786 0.0575718
0.9998 9.999E-05 9.999E-05
0.659787 9.9991E-05 0.340113
0.9998 9.999E-05 9.999E-05
0.323015 9.99911E-05 0.676885
0.801207 9.9991E-05 0.198693
0.330962 9.9991E-05 0.668938
0.0440725 9.9991E-05 0.955827
0.0239063 9.9991E-05 0.975994
0.0243439 9.9991E-05 0.975556
0.0307055 9.99911E-05 0.969195
0.985151 0.0147489 9.9991E-05
0.992611 0.00728858 9.9991E-05
0.062378 9.9991E-05 0.937522
0.0450944 0.189948 0.764957
0.0277378 0.756739 0.215523
9.999E-05 0.9998 9.999E-05
9.999E-05 9.999E-05 0.9998
9.999E-05 0.9998 9.999E-05
9.999E-05 9.999E-05 0.9998
0.0849678 0.572734 0.342298
9.999E-05 0.9998 9.999E-05
0.9998 9.999E-05 9.999E-05
0.9998 9.999E-05 9.999E-05
9.999E-05 9.999E-05 0.9998
0.9998 9.999E-05 9.999E-05
0.9998 9.999E-05 9.999E-05
0.937902 0.0475341 0.014564
0.963651 0.0362494 9.9991E-05
0.575936 9.99911E-05 0.423964
0.9998 9.999E-05 9.999E-05
0.831366 9.9991E-05 0.168534
0.0782325 0.001136 0.920631
0.9998 9.999E-05 9.999E-05
0.0402206 9.9991E-05 0.959679
0.165463 0.00904431 0.825493
0.188538 0.181435 0.630026
0.116517 9.9991E-05 0.883383
0.0807486 9.9991E-05 0.919151
9.9991E-05 0.0121161 0.987784
0.0204523 9.9991E-05 0.979448
0.0109869 0.0193044 0.969709
9.9991E-05 0.169775 0.830125
0.0888736 0.0437743 0.867352
0.145348 9.9991E-05 0.854552
9.99911E-05 0.00197971 0.99792
0.834069 0.0280453 0.137885
0.786059 0.0576282 0.156312
0.787708 0.0529816 0.15931
0.822352 0.0481176 0.129531
0.849858 0.0336845 0.116458
0.750916 0.0517328 0.197351
0.779812 0.00301329 0.217174
9.999E-05 9.999E-05 0.9998
0.541031 9.9991E-05 0.458869
0.9998 9.999E-05 9.999E-05
9.999E-05 9.999E-05 0.9998
0.0527938 9.9991E-05 0.947106
9.999E-05 9.999E-05 0.9998
9.999E-05 9.999E-05 0.9998
9.9991E-05 0.0306786 0.969221
9.9991E-05 0.898511 0.101389
0.9998 9.999E-05 9.999E-05
0.355901 0.0717195 0.572379
0.9998 9.999E-05 9.999E-05
0.9998 9.999E-05 9.999E-05
0.9998 9.999E-05 9.999E-05
0.9998 9.999E-05 9.999E-05
0.989193 9.9991E-05 0.010707
0.9998 9.999E-05 9.999E-05
0.928726 9.99911E-05 0.0711739
0.857914 0.0144675 0.127619
0.9998 9.999E-05 9.999E-05
0.159441 9.9991E-05 0.840459
0.148028 9.9991E-05 0.851872
0.128009 0.316845 0.555146
0.11875 0.329037 0.552213
0.0581079 9.9991E-05 0.941792
0.0436327 9.9991E-05 0.956267
0.133977 0.290647 0.575376
0.120168 0.333604 0.546228
9.999E-05 9.999E-05 0.9998
0.0166074 0.0183594 0.965033
0.558892 9.9991E-05 0.441008
0.0813818 0.234143 0.684475
9.9991E-05 0.210488 0.789412
0.932615 0.0672849 9.9991E-05
