9.996E-05 0.9995 9.996E-05 9.996E-05 9.996E-05 9.996E-05
9.9973E-05 0.438888 0.232535 9.9973E-05 0.328277 9.9973E-05
0.102914 9.99911E-05 0.0456502 0.0397675 0.791505 0.0200639
9.9964E-05 9.9964E-05 9.9964E-05 0.0504357 0.949164 9.9964E-05
9.99821E-05 0.281417 0.272634 0.00848128 0.437268 9.99821E-05
9.9964E-05 0.00390782 9.9964E-05 9.9964E-05 0.995692 9.9964E-05
0.625531 9.99642E-05 0.374069 9.99642E-05 9.99642E-05 9.99642E-05
9.9982E-05 0.0823503 0.461176 0.0328659 0.423408 9.9982E-05
0.49125 0.0809004 0.405004 9.9982E-05 0.0226454 9.9982E-05
0.0624509 0.752864 0.112614 0.0718712 9.9982E-05 9.9982E-05
0.0853214 0.739652 0.0757037 0.0991229 9.9982E-05 9.9982E-05
0.180214 0.674572 9.9982E-05 0.118073 0.0269409 9.9982E-05
0.9995 9.996E-05 9.996E-05 9.996E-05 9.996E-05 9.996E-05
9.9973E-05 0.00252401 9.9973E-05 9.9973E-05 0.980398 0.0167779
9.9973E-05 0.0571988 9.9973E-05 0.00939849 0.933103 9.9973E-05
0.312362 0.575916 0.0569153 0.0426446 0.0120624 9.9991E-05
0.14532 0.423988 9.9982E-05 0.355206 9.9982E-05 0.0752868
9.99729E-05 0.23461 0.067532 9.99729E-05 9.99729E-05 0.697558
9.9964E-05 9.9964E-05 9.9964E-05 0.0772044 9.9964E-05 0.922396
0.0383713 0.841619 0.00498152 0.114828 9.9982E-05 9.9982E-05
9.9964E-05 9.9964E-05 9.9964E-05 9.9964E-05 0.00275472 0.996845
0.0881441 0.896229 9.9982E-05 0.0107558 0.00467144 9.9982E-05
9.9982E-05 0.119635 0.0988387 0.362327 9.9982E-05 0.418999
9.99639E-05 9.99639E-05 9.99639E-05 0.0822449 9.99639E-05 0.917355
9.9964E-05 9.9964E-05 0.0169734 9.9964E-05 0.982627 9.9964E-05
9.996E-05 9.996E-05 9.996E-05 9.996E-05 0.9995 9.996E-05
0.737519 0.150319 9.99729E-05 0.111863 9.99729E-05 9.99729E-05
9.9964E-05 9.9964E-05 0.061976 9.9964E-05 0.937624 9.9964E-05
0.00827672 9.9973E-05 0.0855602 9.9973E-05 0.905863 9.9973E-05
9.99821E-05 9.99821E-05 0.291877 0.0127547 0.664058 0.0311103
9.9973E-05 9.9973E-05 0.29237 0.0560222 0.651308 9.9973E-05
9.99731E-05 0.330587 0.553191 9.99731E-05 0.115922 9.99731E-05
9.99641E-05 9.99641E-05 9.99641E-05 0.0090047 0.990595 9.99641E-05
9.99731E-05 9.99731E-05 0.886645 0.00711725 0.105938 9.99731E-05
0.521614 0.197456 9.99819E-05 0.222025 0.058706 9.99819E-05
0.000631868 0.0166505 9.9973E-05 9.9973E-05 0.982418 9.9973E-05
9.99642E-05 0.938815 9.99642E-05 9.99642E-05 0.0607848 9.99642E-05
9.9982E-05 0.774116 0.176731 9.9982E-05 0.0165898 0.0323633
0.141882 0.296779 9.999E-05 0.379821 0.122333 0.0590844
9.99729E-05 0.851444 9.99729E-05 0.032932 0.115324 9.99729E-05
9.9973E-05 0.897789 9.9973E-05 0.0405484 0.0613631 9.9973E-05
0.0113223 0.901763 9.9982E-05 0.0574574 9.9982E-05 0.029257
0.274428 0.663673 0.0615985 9.9973E-05 9.9973E-05 9.9973E-05
0.0244412 0.84618 0.0365059 0.092673 9.9982E-05 9.9982E-05
0.196171 0.519381 0.0298359 0.1378 9.999E-05 0.116713
0.0463481 0.768625 0.00439049 0.0551353 0.0933183 0.0321825
0.195898 0.54536 0.0543972 0.0984734 0.105772 9.999E-05
9.99644E-05 0.993735 9.99644E-05 9.99644E-05 9.99644E-05 0.00586527
9.996E-05 9.996E-05 0.9995 9.996E-05 9.996E-05 9.996E-05
9.99639E-05 9.99639E-05 0.9976 9.99639E-05 9.99639E-05 0.00199965
9.996E-05 9.996E-05 0.9995 9.996E-05 9.996E-05 9.996E-05
9.996E-05 9.996E-05 0.9995 9.996E-05 9.996E-05 9.996E-05
9.996E-05 9.996E-05 0.9995 9.996E-05 9.996E-05 9.996E-05
0.0947977 0.0180382 0.617135 9.9991E-05 0.248114 0.0218158
9.996E-05 9.996E-05 0.9995 9.996E-05 9.996E-05 9.996E-05
0.00287646 0.996724 9.9964E-05 9.9964E-05 9.9964E-05 9.9964E-05
9.9973E-05 0.335844 0.554159 9.9973E-05 0.109697 9.9973E-05
9.996E-05 9.996E-05 9.996E-05 9.996E-05 0.9995 9.996E-05
0.814279 0.117186 9.9973E-05 0.0682347 9.9973E-05 9.9973E-05
0.351006 0.54946 9.9982E-05 0.0248173 0.0745163 9.9982E-05
0.9995 9.996E-05 9.996E-05 9.996E-05 9.996E-05 9.996E-05
0.85895 0.14065 9.99639E-05 9.99639E-05 9.99639E-05 9.99639E-05
0.821021 0.096494 9.99729E-05 0.0821847 9.99729E-05 9.99729E-05
9.996E-05 0.0722114 9.996E-05 9.996E-05 9.996E-05 0.927389
9.99641E-05 9.99641E-05 9.99641E-05 0.00573577 0.993864 9.99641E-05
0.117575 0.354853 0.156884 0.0317454 0.306631 0.0323111
9.99641E-05 9.99641E-05 0.0236256 9.99641E-05 0.975975 9.99641E-05
9.9973E-05 0.0252106 0.0215798 9.9973E-05 0.95291 9.9973E-05
0.0305864 9.997E-05 0.0911247 9.997E-05 0.877989 9.997E-05
9.9973E-05 9.9973E-05 0.0735744 9.9973E-05 0.914517 0.0116086
9.998E-05 0.0902602 0.015511 0.017172 0.876857 9.998E-05
9.996E-05 9.996E-05 9.996E-05 9.996E-05 0.9995 9.996E-05
9.99642E-05 9.99642E-05 0.519995 9.99642E-05 0.479605 9.99642E-05
0.190321 9.99732E-05 0.334692 9.99732E-05 0.474687 9.99732E-05
9.9973E-05 0.0442572 0.00721243 9.9973E-05 0.94823 9.9973E-05
0.140643 0.619708 0.105535 0.0618574 0.0721568 9.9991E-05
0.179262 0.593394 0.106798 0.0551588 0.0652876 9.9991E-05
9.996E-05 9.996E-05 9.996E-05 0.9995 9.996E-05 9.996E-05
9.996E-05 9.996E-05 9.996E-05 0.9995 9.996E-05 9.996E-05
0.0741091 0.820864 0.0627634 0.0420633 9.9982E-05 9.9982E-05
0.0838566 0.797157 0.0701407 0.0396426 9.999E-05 0.00910324
9.9964E-05 9.9964E-05 0.00834953 0.991251 9.9964E-05 9.9964E-05
9.996E-05 9.996E-05 9.996E-05 0.9995 9.996E-05 9.996E-05
0.0275407 0.972059 9.99641E-05 9.99641E-05 9.99641E-05 9.99641E-05
0.301585 0.598185 0.0437372 9.9982E-05 9.9982E-05 0.0562921
0.00416172 0.313927 0.576323 9.998E-05 0.105389 9.998E-05
0.300172 0.259337 9.999E-05 0.271375 0.052147 0.116869
0.371424 0.243265 9.9982E-05 0.31022 9.9982E-05 0.0748913
0.0102908 9.9991E-05 0.355229 0.0121377 0.563309 0.058933
