9.996E-05 0.9995 9.996E-05 9.996E-05 9.996E-05 9.996E-05
9.9973E-05 0.455209 0.231497 9.9973E-05 0.312994 9.9973E-05
0.0316597 9.99911E-05 0.0168984 0.0426535 0.814114 0.0945743
9.9964E-05 9.9964E-05 9.9964E-05 0.0223714 0.977229 9.9964E-05
9.99731E-05 0.281834 0.26884 9.99731E-05 0.449026 9.99731E-05
9.9973E-05 0.0228955 9.9973E-05 0.0367517 0.940053 9.9973E-05
9.99731E-05 9.99731E-05 0.359221 9.99731E-05 0.0255843 0.614895
9.9991E-05 0.0741372 0.47666 0.0286821 0.414692 0.00572802
9.99731E-05 0.052094 0.428358 9.99731E-05 9.99731E-05 0.519248
9.9982E-05 0.742767 0.108786 0.0609384 9.9982E-05 0.0873088
9.9982E-05 0.756101 0.0689305 0.050425 9.9982E-05 0.124343
9.9982E-05 0.623927 9.9982E-05 0.147445 0.0371323 0.191296
9.996E-05 9.996E-05 9.996E-05 9.996E-05 9.996E-05 0.9995
0.0155642 0.0010612 9.9982E-05 0.0245733 0.958601 9.9982E-05
9.9964E-05 0.032309 9.9964E-05 9.9964E-05 0.967291 9.9964E-05
9.9982E-05 0.553195 0.0651471 0.00711087 9.9982E-05 0.374347
0.0848233 0.35931 9.9991E-05 0.355094 0.00386334 0.196808
0.719975 0.212545 0.06718 9.99729E-05 9.99729E-05 9.99729E-05
0.919938 9.9964E-05 9.9964E-05 0.0796621 9.9964E-05 9.9964E-05
9.9973E-05 0.783326 9.9973E-05 0.131445 9.9973E-05 0.0849288
0.9995 9.996E-05 9.996E-05 9.996E-05 9.996E-05 9.996E-05
9.9973E-05 0.89129 9.9973E-05 0.00821416 9.9973E-05 0.100196
0.412633 0.115092 0.0764382 0.390897 0.004839 9.9991E-05
0.909173 9.9964E-05 9.9964E-05 0.0904275 9.9964E-05 9.9964E-05
9.996E-05 9.996E-05 9.996E-05 9.996E-05 0.9995 9.996E-05
9.996E-05 9.996E-05 9.996E-05 9.996E-05 0.9995 9.996E-05
9.99729E-05 0.170248 9.99729E-05 0.051635 9.99729E-05 0.777817
9.9964E-05 9.9964E-05 0.0682116 9.9964E-05 0.931389 9.9964E-05
9.9964E-05 9.9964E-05 0.0927554 9.9964E-05 0.906845 9.9964E-05
0.0224524 9.9991E-05 0.27578 0.0196701 0.667183 0.0148143
9.9973E-05 9.9973E-05 0.276122 0.0688381 0.65474 9.9973E-05
9.99731E-05 0.325853 0.581827 9.99731E-05 0.0920195 9.99731E-05
9.99641E-05 9.99641E-05 9.99641E-05 0.016276 0.983324 9.99641E-05
9.99641E-05 9.99641E-05 0.934734 9.99641E-05 0.0648664 9.99641E-05
9.99819E-05 0.182528 9.99819E-05 0.226258 0.0533532 0.53766
9.99639E-05 9.99639E-05 9.99639E-05 9.99639E-05 0.988595 0.0110055
9.99642E-05 0.93596 9.99642E-05 9.99642E-05 0.0636403 9.99642E-05
0.0316513 0.793116 0.174376 9.9982E-05 0.00065662 9.9982E-05
0.051907 0.291932 9.9991E-05 0.352235 0.139441 0.164385
9.99729E-05 0.853353 9.99729E-05 0.0262938 0.120053 9.99729E-05
9.99729E-05 0.874291 9.99729E-05 0.0309409 0.0944686 9.99729E-05
0.0277198 0.900261 9.9982E-05 0.0332849 9.9982E-05 0.0385346
9.9973E-05 0.590801 0.0455961 9.9973E-05 9.9973E-05 0.363303
0.0175454 0.770927 0.0503589 0.0932599 9.9991E-05 0.0678086
0.0976981 0.493386 0.0263601 0.191049 9.9991E-05 0.191407
0.0473524 0.683273 9.9991E-05 0.0700477 0.10281 0.096417
9.9991E-05 0.451834 0.0368401 0.143021 0.114534 0.253671
0.00714481 0.992455 9.99644E-05 9.99644E-05 9.99644E-05 9.99644E-05
0.00355023 9.99639E-05 0.99605 9.99639E-05 9.99639E-05 9.99639E-05
9.996E-05 9.996E-05 0.9995 9.996E-05 9.996E-05 9.996E-05
9.996E-05 9.996E-05 0.9995 9.996E-05 9.996E-05 9.996E-05
9.996E-05 9.996E-05 0.9995 9.996E-05 9.996E-05 9.996E-05
9.996E-05 9.996E-05 0.9995 9.996E-05 9.996E-05 9.996E-05
0.0453269 0.0287871 0.601723 9.9991E-05 0.224813 0.0992501
9.996E-05 9.996E-05 0.9995 9.996E-05 9.996E-05 9.996E-05
9.9964E-05 0.938153 9.9964E-05 9.9964E-05 9.9964E-05 0.061447
9.9973E-05 0.31131 0.570312 9.9973E-05 0.118078 9.9973E-05
9.996E-05 9.996E-05 9.996E-05 9.996E-05 0.9995 9.996E-05
9.9973E-05 0.0410953 9.9973E-05 0.0752803 9.9973E-05 0.883325
9.9973E-05 0.564273 9.9973E-05 9.9973E-05 0.0626524 0.372774
9.996E-05 9.996E-05 9.996E-05 9.996E-05 9.996E-05 0.9995
9.99729E-05 0.116386 9.99729E-05 0.00730676 9.99729E-05 0.876007
0.00963509 0.0556529 9.99819E-05 0.0910528 9.99819E-05 0.843459
0.940206 0.0593937 9.99641E-05 9.99641E-05 9.99641E-05 9.99641E-05
9.99641E-05 9.99641E-05 9.99641E-05 0.00291215 0.996688 9.99641E-05
0.0189522 0.242809 0.15487 0.123278 0.262489 0.197602
9.99731E-05 9.99731E-05 0.0196829 9.99731E-05 0.979184 0.000832868
9.9973E-05 0.0293471 0.022785 9.9973E-05 0.947568 9.9973E-05
9.9973E-05 9.9973E-05 0.067364 9.9973E-05 0.911408 0.0209285
0.00308563 9.9973E-05 0.0325512 9.9973E-05 0.964063 9.9973E-05
9.9982E-05 0.0442054 0.0104949 0.0229778 0.922122 9.9982E-05
9.9973E-05 9.9973E-05 9.9973E-05 0.00335564 0.995378 0.000966205
9.99732E-05 9.99732E-05 0.491846 9.99732E-05 0.502051 0.00580218
9.99732E-05 9.99732E-05 0.366695 9.99732E-05 0.462144 0.170861
9.9982E-05 0.0232141 0.0013126 0.00232242 0.972951 9.9982E-05
9.9991E-05 0.617928 0.108216 0.0472167 0.0613772 0.165163
9.9991E-05 0.60319 0.131286 0.0206517 0.0549348 0.189837
9.996E-05 9.996E-05 9.996E-05 0.9995 9.996E-05 9.996E-05
9.996E-05 9.996E-05 9.996E-05 0.9995 9.996E-05 9.996E-05
9.9982E-05 0.799844 0.0917639 0.0248234 9.9982E-05 0.0833689
0.00930364 0.812922 0.088187 9.9982E-05 9.9982E-05 0.0893869
9.996E-05 9.996E-05 9.996E-05 0.9995 9.996E-05 9.996E-05
9.996E-05 9.996E-05 9.996E-05 0.9995 9.996E-05 9.996E-05
9.99641E-05 0.969296 9.99641E-05 9.99641E-05 9.99641E-05 0.0303043
0.047303 0.610567 0.00694251 9.9991E-05 0.0229521 0.312136
9.9973E-05 0.318624 0.561178 9.9973E-05 0.119897 9.9973E-05
0.108575 0.177368 9.9991E-05 0.321164 0.0485278 0.344265
0.0836049 0.173961 9.9982E-05 0.325143 9.9982E-05 0.417091
0.0384052 9.99821E-05 0.349997 0.0539403 0.557457 9.99821E-05
