0.9994 9.995E-05 9.995E-05 9.995E-05 9.995E-05 9.995E-05 9.995E-05
0.352813 9.9982E-05 0.32002 9.9982E-05 0.00356673 0.198289 0.125112
9.999E-05 0.0415994 0.782141 0.0584231 0.0314534 0.0411311 0.0451518
9.9955E-05 9.9955E-05 0.966467 9.9955E-05 0.0330329 9.9955E-05 9.9955E-05
0.136487 9.9982E-05 0.428908 9.9982E-05 0.0288311 0.305629 0.0999454
9.995E-05 9.995E-05 0.9994 9.995E-05 9.995E-05 9.995E-05 9.995E-05
9.995E-05 9.995E-05 9.995E-05 9.995E-05 9.995E-05 0.9994 9.995E-05
9.9973E-05 9.9973E-05 0.407304 9.9973E-05 0.0530434 0.192052 0.347301
9.995E-05 9.995E-05 9.995E-05 9.995E-05 9.995E-05 0.9994 9.995E-05
0.437365 9.99639E-05 9.99639E-05 9.99639E-05 0.130118 0.432117 9.99639E-05
0.471936 9.99639E-05 9.99639E-05 9.99639E-05 0.142978 0.384686 9.99639E-05
0.701466 9.99731E-05 0.0764921 0.164182 0.0575601 9.99731E-05 9.99731E-05
9.99551E-05 9.99551E-05 9.99551E-05 0.983758 9.99551E-05 0.0157426 9.99551E-05
0.00690385 0.0163952 0.976301 9.9964E-05 9.9964E-05 9.9964E-05 9.9964E-05
0.0511968 0.00665521 0.941748 9.9964E-05 9.9964E-05 9.9964E-05 9.9964E-05
0.438266 9.9982E-05 0.0239704 0.328427 0.00993168 0.199205 9.9982E-05
0.304928 0.0549484 9.9982E-05 0.233029 0.372306 9.9982E-05 0.0345881
0.151397 0.745357 9.99729E-05 9.99729E-05 9.99729E-05 0.0280725 0.074874
9.9964E-05 0.913951 9.9964E-05 0.00246484 0.0831839 9.9964E-05 9.9964E-05
0.686301 9.99729E-05 9.99729E-05 0.0836152 0.156808 0.0729762 9.99729E-05
9.995E-05 0.9994 9.995E-05 9.995E-05 9.995E-05 9.995E-05 9.995E-05
0.884567 9.9955E-05 9.9955E-05 0.114934 9.9955E-05 9.9955E-05 9.9955E-05
0.0717388 0.421528 0.0313916 9.9991E-05 0.387434 0.0536382 0.0341693
9.9955E-05 0.891962 9.9955E-05 9.9955E-05 0.107538 9.9955E-05 9.9955E-05
9.9955E-05 9.9955E-05 0.992297 9.9955E-05 9.9955E-05 9.9955E-05 0.00720312
9.995E-05 9.995E-05 0.9994 9.995E-05 9.995E-05 9.995E-05 9.995E-05
0.145807 9.99639E-05 9.99639E-05 0.825195 0.0285981 9.99639E-05 9.99639E-05
9.9964E-05 9.9964E-05 0.909691 9.9964E-05 9.9964E-05 0.0110564 0.0788529
9.9973E-05 9.9973E-05 0.9037 0.0137917 9.9973E-05 0.0120084 0.0701997
9.99731E-05 0.00408039 0.695951 0.0370218 9.99731E-05 9.99731E-05 0.262646
9.9973E-05 9.9973E-05 0.647414 9.9973E-05 0.0584676 0.0595027 0.234315
0.208599 9.99731E-05 0.153663 9.99731E-05 9.99731E-05 0.289257 0.348182
9.99641E-05 9.99641E-05 0.986874 0.00250212 9.99641E-05 0.0102244 9.99641E-05
9.99641E-05 9.99641E-05 0.102517 9.99641E-05 9.99641E-05 0.0238359 0.873247
0.138361 9.99819E-05 0.074579 0.624494 0.152193 9.99819E-05 0.0101727
0.013172 9.99639E-05 0.973494 0.0129341 9.99639E-05 9.99639E-05 9.99639E-05
0.963927 9.99552E-05 0.0355728 9.99552E-05 9.99552E-05 9.99552E-05 9.99552E-05
0.651584 0.0371845 0.0356377 9.9991E-05 0.0107187 0.145136 0.11964
0.180316 0.050101 0.132355 0.225414 0.411614 9.9982E-05 9.9982E-05
0.855097 9.99639E-05 0.132898 9.99639E-05 0.0116045 9.99639E-05 9.99639E-05
0.876119 0.0189597 0.091553 9.99729E-05 0.0130684 9.99729E-05 9.99729E-05
0.786967 0.0148293 9.9982E-05 0.0589999 0.0869993 0.0520045 9.9982E-05
0.523328 9.99639E-05 9.99639E-05 0.147296 9.99639E-05 0.328976 9.99639E-05
0.647786 0.0150597 9.9991E-05 0.123739 0.130472 0.0176163 0.0652265
0.460693 0.113528 9.9991E-05 0.174531 0.165271 0.0578939 0.0279832
0.643075 0.0447732 0.0776153 0.0785561 0.0577414 0.0504557 0.0477832
0.450215 9.9982E-05 0.0886036 0.265772 0.120326 9.9982E-05 0.0748833
0.999346 0.000154038 9.99555E-05 9.99555E-05 9.99555E-05 9.99555E-05 9.99555E-05
9.995E-05 9.995E-05 9.995E-05 9.995E-05 9.995E-05 9.995E-05 0.9994
9.995E-05 9.995E-05 9.995E-05 9.995E-05 9.995E-05 9.995E-05 0.9994
9.995E-05 9.995E-05 9.995E-05 9.995E-05 9.995E-05 9.995E-05 0.9994
9.995E-05 9.995E-05 9.995E-05 9.995E-05 9.995E-05 9.995E-05 0.9994
9.995E-05 9.995E-05 9.995E-05 9.995E-05 9.995E-05 9.995E-05 0.9994
9.99731E-05 0.0266153 0.239196 9.99731E-05 9.99731E-05 0.241964 0.491925
0.00254966 9.9955E-05 9.9955E-05 9.9955E-05 9.9955E-05 9.9955E-05 0.996951
0.959442 9.9955E-05 9.9955E-05 0.0400584 9.9955E-05 9.9955E-05 9.9955E-05
0.186966 9.99729E-05 0.142285 9.99729E-05 9.99729E-05 0.354182 0.316266
9.995E-05 9.995E-05 0.9994 9.995E-05 9.995E-05 9.995E-05 9.995E-05
0.0603092 9.9973E-05 9.9973E-05 0.890723 9.9973E-05 0.0422709 0.00639688
0.469305 9.9982E-05 0.0198139 0.270806 0.0102113 0.229663 9.9982E-05
9.99551E-05 9.99551E-05 9.99551E-05 0.987645 9.99551E-05 0.0118552 9.99551E-05
0.0488412 9.99639E-05 9.99639E-05 0.926802 9.99639E-05 0.0239571 9.99639E-05
0.0594528 9.99639E-05 9.99639E-05 0.893707 0.0464406 9.99639E-05 9.99639E-05
0.122001 0.872192 9.99641E-05 9.99641E-05 9.99641E-05 9.99641E-05 0.00540719
9.99641E-05 9.99641E-05 0.987265 9.99641E-05 0.00672007 0.00561546 9.99641E-05
0.322623 0.0193785 0.313595 0.0808241 0.0846763 0.10529 0.0736135
9.99552E-05 9.99552E-05 0.977765 0.0217356 9.99552E-05 9.99552E-05 9.99552E-05
0.018982 9.9973E-05 0.962759 9.9973E-05 9.9973E-05 0.00212993 0.0158293
9.9964E-05 9.9964E-05 0.905302 9.9964E-05 9.9964E-05 0.0461906 0.048108
9.9964E-05 9.9964E-05 0.904815 9.9964E-05 9.9964E-05 0.0461135 0.0486721
0.0442773 9.9973E-05 0.909108 9.9973E-05 0.0283004 0.0180139 9.9973E-05
9.9955E-05 9.9955E-05 0.989534 9.9955E-05 0.00996595 9.9955E-05 9.9955E-05
9.99642E-05 9.99642E-05 0.486709 9.99642E-05 9.99642E-05 0.210955 0.301936
9.99642E-05 9.99642E-05 0.496532 9.99642E-05 9.99642E-05 0.394168 0.1089
0.0194914 0.0103652 0.961116 0.00282176 9.9982E-05 9.9982E-05 0.00600545
0.509244 9.99729E-05 0.023278 9.99729E-05 0.115348 0.35183 9.99729E-05
0.456682 9.9991E-05 0.00281933 0.0487453 0.0878696 0.360632 0.0431518
9.995E-05 9.995E-05 9.995E-05 9.995E-05 0.9994 9.995E-05 9.995E-05
9.995E-05 9.995E-05 9.995E-05 9.995E-05 0.9994 9.995E-05 9.995E-05
0.675142 9.99819E-05 9.99819E-05 0.0443953 0.0738895 0.147635 0.0587385
0.69007 0.0147948 9.9991E-05 0.0607963 0.0381109 0.193384 0.0027438
9.995E-05 9.995E-05 9.995E-05 9.995E-05 0.9994 9.995E-05 9.995E-05
9.995E-05 9.995E-05 9.995E-05 9.995E-05 0.9994 9.995E-05 9.995E-05
0.962167 9.9964E-05 9.9964E-05 0.0123011 9.9964E-05 9.9964E-05 0.0251321
0.529061 0.0528967 9.99729E-05 0.187109 9.99729E-05 0.230634 9.99729E-05
0.134001 9.9973E-05 0.130128 9.9973E-05 9.9973E-05 0.36218 0.373392
0.183821 0.106443 0.0676142 0.429819 0.198014 9.9991E-05 0.0141883
0.149053 0.0548385 9.99731E-05 0.498685 0.297123 9.99731E-05 9.99731E-05
9.99821E-05 0.0188131 0.561785 9.99821E-05 0.0201541 0.182901 0.216147
