0.0826941 0.91589 0.00101618 9.99639E-05 9.99639E-05 9.99639E-05 9.99639E-05
0.236945 0.164236 0.0240233 9.9982E-05 0.295159 9.9982E-05 0.279437
9.99822E-05 9.99822E-05 0.0273244 0.0203571 0.0777068 0.120482 0.75393
9.9955E-05 9.9955E-05 0.0256155 9.9955E-05 9.9955E-05 9.9955E-05 0.973885
0.229102 0.0351421 9.99731E-05 9.99731E-05 0.293302 9.99731E-05 0.442154
9.9955E-05 9.9955E-05 0.0062502 9.9955E-05 9.9955E-05 9.9955E-05 0.99325
0.128574 9.99731E-05 9.99731E-05 9.99731E-05 0.296701 0.521496 0.052929
0.163187 9.99641E-05 9.99641E-05 9.99641E-05 0.353999 9.99641E-05 0.482414
0.234619 9.99731E-05 9.99731E-05 9.99731E-05 0.366362 0.335962 0.0627572
0.9994 9.995E-05 9.995E-05 9.995E-05 9.995E-05 9.995E-05 9.995E-05
0.9994 9.995E-05 9.995E-05 9.995E-05 9.995E-05 9.995E-05 9.995E-05
9.9973E-05 0.662052 0.133604 9.9973E-05 9.9973E-05 0.165913 0.0381316
9.995E-05 9.995E-05 9.995E-05 9.995E-05 9.995E-05 0.9994 9.995E-05
9.997E-05 0.0270864 0.0104502 0.0116643 9.997E-05 9.997E-05 0.950499
9.9964E-05 0.0315383 9.9964E-05 0.0247073 9.9964E-05 9.9964E-05 0.943355
0.571331 0.0294465 9.9973E-05 9.9973E-05 9.9973E-05 0.349824 0.0490983
0.439066 9.9973E-05 0.325556 0.0772741 9.9973E-05 0.157804 9.9973E-05
0.235925 9.99639E-05 9.99639E-05 0.717953 0.0457216 9.99639E-05 9.99639E-05
9.9955E-05 9.9955E-05 0.109664 0.889836 9.9955E-05 9.9955E-05 9.9955E-05
0.814498 0.0960839 0.0704377 9.9973E-05 9.9973E-05 0.0186809 9.9973E-05
9.995E-05 9.995E-05 9.995E-05 0.9994 9.995E-05 9.995E-05 9.995E-05
0.318949 0.530945 0.0467859 9.99729E-05 9.99729E-05 0.10302 9.99729E-05
0.247375 9.9964E-05 0.319686 0.43254 9.9964E-05 9.9964E-05 9.9964E-05
9.9955E-05 9.9955E-05 0.088463 0.911037 9.9955E-05 9.9955E-05 9.9955E-05
9.9955E-05 9.9955E-05 9.9955E-05 9.9955E-05 0.00146454 9.9955E-05 0.998036
9.995E-05 9.995E-05 9.995E-05 9.995E-05 9.995E-05 9.995E-05 0.9994
0.0823574 0.121368 0.0562495 9.99729E-05 9.99729E-05 0.739725 9.99729E-05
9.9955E-05 9.9955E-05 9.9955E-05 9.9955E-05 0.0857962 9.9955E-05 0.913704
9.9964E-05 9.9964E-05 9.9964E-05 9.9964E-05 0.106672 0.032254 0.860674
9.99821E-05 0.00278399 0.0553806 0.00275087 0.29168 9.99821E-05 0.647205
9.9964E-05 9.9964E-05 0.057975 9.9964E-05 0.302209 9.9964E-05 0.639416
0.164839 0.19244 9.99731E-05 9.99731E-05 0.546491 9.99731E-05 0.0959302
9.99551E-05 9.99551E-05 0.00213385 9.99551E-05 9.99551E-05 9.99551E-05 0.997366
9.9973E-05 0.0122594 0.0072138 9.9973E-05 0.850738 9.9973E-05 0.129489
0.0647541 0.123308 0.225713 9.99819E-05 9.99819E-05 0.528008 0.0580161
0.00244238 0.00267998 0.00551736 9.9982E-05 9.9982E-05 0.0124441 0.976716
9.995E-05 0.9994 9.995E-05 9.995E-05 9.995E-05 9.995E-05 9.995E-05
0.72211 0.131024 9.9982E-05 0.0317448 0.0720526 9.9982E-05 0.0428685
0.276806 0.0137251 0.383127 0.0706695 9.9991E-05 0.123063 0.13251
0.61857 0.228732 0.0294626 9.99729E-05 9.99729E-05 9.99729E-05 0.122935
0.646798 0.294253 0.0222382 9.99729E-05 9.99729E-05 9.99729E-05 0.0364113
0.96927 0.0128506 0.0174792 9.9964E-05 9.9964E-05 9.9964E-05 9.9964E-05
0.629269 0.0899478 9.9973E-05 9.9973E-05 0.020851 0.259632 9.9973E-05
0.965023 9.9955E-05 0.0344772 9.9955E-05 9.9955E-05 9.9955E-05 9.9955E-05
0.515023 0.0645307 0.142553 0.125131 9.9982E-05 0.152563 9.9982E-05
0.687712 0.13103 0.0339789 0.0440273 9.9991E-05 0.0286687 0.0744827
0.184251 0.297862 0.115419 9.9991E-05 0.121402 0.219507 0.0614587
9.99552E-05 0.996301 9.99552E-05 0.00319931 9.99552E-05 9.99552E-05 9.99552E-05
9.995E-05 9.995E-05 9.995E-05 9.995E-05 0.9994 9.995E-05 9.995E-05
9.995E-05 9.995E-05 9.995E-05 9.995E-05 0.9994 9.995E-05 9.995E-05
9.995E-05 9.995E-05 9.995E-05 9.995E-05 0.9994 9.995E-05 9.995E-05
9.995E-05 9.995E-05 9.995E-05 9.995E-05 0.9994 9.995E-05 9.995E-05
9.995E-05 9.995E-05 9.995E-05 9.995E-05 0.9994 9.995E-05 9.995E-05
0.160325 9.99731E-05 9.99731E-05 0.0333014 0.610372 9.99731E-05 0.195702
9.995E-05 9.995E-05 9.995E-05 9.995E-05 0.9994 9.995E-05 9.995E-05
0.121736 0.80537 9.99639E-05 9.99639E-05 9.99639E-05 0.0724945 9.99639E-05
0.179736 0.164798 9.9973E-05 9.9973E-05 0.533766 9.9973E-05 0.1214
9.995E-05 9.995E-05 9.995E-05 9.995E-05 9.995E-05 9.995E-05 0.9994
9.9964E-05 0.0837694 0.0619905 9.9964E-05 9.9964E-05 0.85384 9.9964E-05
0.449492 0.133613 0.00632949 9.9982E-05 9.9982E-05 0.349727 0.0606389
9.995E-05 9.995E-05 9.995E-05 9.995E-05 9.995E-05 0.9994 9.995E-05
0.109485 0.0227861 0.00175939 9.9982E-05 9.9982E-05 0.86089 0.00487919
0.0444077 0.0154882 0.0909477 0.00187477 9.99819E-05 0.847082 9.99819E-05
9.99551E-05 0.124819 9.99551E-05 0.874681 9.99551E-05 9.99551E-05 9.99551E-05
9.995E-05 9.995E-05 9.995E-05 9.995E-05 9.995E-05 9.995E-05 0.9994
0.109291 0.216069 0.135848 0.0336373 0.241312 0.0712647 0.192578
9.99552E-05 9.99552E-05 9.99552E-05 9.99552E-05 9.99552E-05 0.00789609 0.991604
9.9964E-05 0.0216291 9.9964E-05 9.9964E-05 0.0243055 9.9964E-05 0.953666
9.9964E-05 9.9964E-05 9.9964E-05 9.9964E-05 0.0421023 0.0161793 0.941318
9.9973E-05 9.9973E-05 9.9973E-05 0.0116834 0.0237408 0.0066799 0.957596
0.0399985 0.0457209 0.00390455 9.9982E-05 0.0136098 9.9982E-05 0.896566
9.995E-05 9.995E-05 9.995E-05 9.995E-05 9.995E-05 9.995E-05 0.9994
0.00809021 9.99732E-05 9.99732E-05 9.99732E-05 0.442706 0.0240983 0.524806
9.99642E-05 9.99642E-05 9.99642E-05 9.99642E-05 0.320242 0.199538 0.479821
0.018741 0.00744033 9.9982E-05 0.00302109 0.0046281 9.9982E-05 0.965969
0.702134 0.0382337 0.00108683 9.9991E-05 0.0358568 0.114055 0.108534
0.704669 0.0233546 9.9982E-05 9.9982E-05 0.0412667 0.147075 0.0834356
9.995E-05 9.995E-05 0.9994 9.995E-05 9.995E-05 9.995E-05 9.995E-05
9.995E-05 9.995E-05 0.9994 9.995E-05 9.995E-05 9.995E-05 9.995E-05
0.97722 0.0153515 9.9964E-05 9.9964E-05 9.9964E-05 0.00702871 9.9964E-05
0.976515 9.9955E-05 9.9955E-05 9.9955E-05 9.9955E-05 0.0229848 9.9955E-05
9.995E-05 9.995E-05 0.9994 9.995E-05 9.995E-05 9.995E-05 9.995E-05
9.995E-05 9.995E-05 0.9994 9.995E-05 9.995E-05 9.995E-05 9.995E-05
9.9955E-05 0.971611 9.9955E-05 9.9955E-05 9.9955E-05 0.0278896 9.9955E-05
0.570397 0.0888212 9.9982E-05 0.0330288 9.9982E-05 0.296199 0.0113541
0.175518 0.146316 9.9973E-05 9.9973E-05 0.573669 9.9973E-05 0.104197
0.194853 0.00482904 0.313352 0.107315 9.9991E-05 0.324629 0.0549227
9.9973E-05 0.169524 0.335914 0.0903158 9.9973E-05 0.403946 9.9973E-05
9.99731E-05 9.99731E-05 0.0376121 0.0515895 0.329955 9.99731E-05 0.580544
