0.9997 9.998E-05 9.998E-05 9.998E-05
0.367658 9.9991E-05 0.239411 0.392831
0.0719873 0.0569533 0.755096 0.115963
0.00549443 9.9982E-05 0.994306 9.9982E-05
0.245641 9.9991E-05 0.444168 0.310091
9.9982E-05 0.012109 0.987691 9.9982E-05
0.535035 9.99822E-05 9.99822E-05 0.464765
0.107617 9.9991E-05 0.409975 0.482308
0.473296 9.99821E-05 9.99821E-05 0.526504
0.829662 9.9982E-05 9.9982E-05 0.170138
0.867575 9.9982E-05 9.9982E-05 0.132225
0.921515 9.9982E-05 0.0782851 9.9982E-05
0.956928 9.99821E-05 0.0428718 9.99821E-05
0.00702645 0.0358152 0.957058 9.9991E-05
9.9982E-05 0.00718311 0.992617 9.9982E-05
0.921775 9.9991E-05 0.0203416 0.0577837
0.764716 0.160147 0.0750364 9.9991E-05
0.167018 0.737702 9.9991E-05 0.0951796
9.998E-05 0.9997 9.998E-05 9.998E-05
0.960607 9.9982E-05 9.9982E-05 0.0391933
9.998E-05 0.9997 9.998E-05 9.998E-05
0.9997 9.998E-05 9.998E-05 9.998E-05
0.356771 0.536679 0.0470995 0.0594502
0.0164106 0.983389 9.9982E-05 9.9982E-05
9.998E-05 9.998E-05 0.9997 9.998E-05
9.998E-05 9.998E-05 0.9997 9.998E-05
0.9997 9.998E-05 9.998E-05 9.998E-05
9.9982E-05 9.9982E-05 0.948803 0.0509972
9.9982E-05 9.9982E-05 0.892255 0.107545
9.9991E-05 0.0242852 0.71729 0.258325
9.9991E-05 0.0187146 0.649122 0.332063
0.259776 9.9991E-05 0.0133536 0.72677
9.998E-05 9.998E-05 0.9997 9.998E-05
9.9982E-05 9.9982E-05 0.0522562 0.947544
0.901977 9.9982E-05 0.0978232 9.9982E-05
9.998E-05 9.998E-05 0.9997 9.998E-05
0.932046 9.99821E-05 0.0677536 9.99821E-05
0.717177 0.0434595 9.9991E-05 0.239263
0.637808 0.144608 0.217484 9.9991E-05
0.85584 9.99819E-05 0.14396 9.99819E-05
0.881037 9.9991E-05 0.0821138 0.0367491
0.936689 9.9982E-05 9.9982E-05 0.0631105
0.919452 9.9982E-05 9.9982E-05 0.0803481
0.886715 0.0065488 9.9991E-05 0.106636
0.809537 0.148392 9.9991E-05 0.0419712
0.817682 0.0474547 0.0526817 0.0821819
0.808988 0.00260062 0.144849 0.0435621
0.941091 0.017182 9.99911E-05 0.0416273
9.998E-05 9.998E-05 9.998E-05 0.9997
9.998E-05 9.998E-05 9.998E-05 0.9997
9.998E-05 9.998E-05 9.998E-05 0.9997
9.998E-05 9.998E-05 9.998E-05 0.9997
9.998E-05 9.998E-05 9.998E-05 0.9997
0.0686688 0.0435648 0.16339 0.724377
9.998E-05 9.998E-05 9.998E-05 0.9997
0.9997 9.998E-05 9.998E-05 9.998E-05
0.312862 9.9991E-05 0.0622122 0.624826
9.998E-05 9.998E-05 0.9997 9.998E-05
0.9997 9.998E-05 9.998E-05 9.998E-05
0.927839 9.9982E-05 0.0719613 9.9982E-05
0.9997 9.998E-05 9.998E-05 9.998E-05
0.995391 9.9982E-05 0.00440947 9.9982E-05
0.988193 0.0116073 9.9982E-05 9.9982E-05
0.061597 0.883156 9.9991E-05 0.0551472
9.998E-05 9.998E-05 0.9997 9.998E-05
0.499684 0.0406093 0.312592 0.147115
9.998E-05 9.998E-05 0.9997 9.998E-05
0.0191729 9.9991E-05 0.953385 0.0273423
9.9982E-05 9.9982E-05 0.900493 0.0993071
0.000230229 9.9991E-05 0.949378 0.0502919
0.0645598 9.9982E-05 0.93524 9.9982E-05
9.998E-05 9.998E-05 0.9997 9.998E-05
9.99821E-05 9.99821E-05 0.473348 0.526452
0.0425287 0.0109408 0.52328 0.423251
0.0103423 9.9991E-05 0.989237 0.000320541
0.800423 9.9991E-05 0.0307521 0.168725
0.79067 9.9991E-05 0.061177 0.148053
0.616646 0.239988 0.143266 9.9991E-05
0.650994 0.223727 0.125179 9.9991E-05
0.876868 9.99819E-05 9.99819E-05 0.122932
0.882626 0.00577205 9.9991E-05 0.111502
0.648158 0.204474 0.147268 9.9991E-05
0.607376 0.238261 0.154263 9.9991E-05
0.957272 9.9982E-05 9.9982E-05 0.0425277
0.883997 0.0283753 9.9991E-05 0.0875274
0.266651 9.9991E-05 0.0236475 0.709602
0.705597 0.209054 0.0852493 9.9991E-05
0.842109 0.145301 0.0124903 9.9991E-05
9.9991E-05 0.0532885 0.602431 0.344181
