9.9982E-05 9.9982E-05 0.00298403 0.996816
9.999E-05 0.305654 0.333679 0.360567
0.0866425 0.809282 0.0630105 0.0410654
9.998E-05 0.9997 9.998E-05 9.998E-05
9.999E-05 0.44879 0.321867 0.229243
9.998E-05 0.9997 9.998E-05 9.998E-05
9.999E-05 0.0224487 0.473467 0.503984
9.999E-05 0.415656 0.511432 0.0728117
9.99821E-05 9.99821E-05 0.503383 0.496417
9.9982E-05 9.9982E-05 0.146801 0.852999
9.9982E-05 9.9982E-05 0.133985 0.865815
9.99821E-05 0.0715572 9.99821E-05 0.928243
9.99821E-05 0.0602484 9.99821E-05 0.939552
0.0316847 0.958825 9.9991E-05 0.00939062
0.0108138 0.988986 9.9982E-05 9.9982E-05
9.9982E-05 9.9982E-05 0.0868247 0.912975
0.141839 0.0583431 9.9991E-05 0.799718
0.71618 9.9991E-05 0.118953 0.164767
0.9997 9.998E-05 9.998E-05 9.998E-05
9.9982E-05 9.9982E-05 0.0570259 0.942774
0.9997 9.998E-05 9.998E-05 9.998E-05
9.9982E-05 0.00668684 9.9982E-05 0.993113
0.52907 0.0434793 0.0643563 0.363094
0.971194 9.9982E-05 9.9982E-05 0.0286062
9.998E-05 0.9997 9.998E-05 9.998E-05
9.998E-05 0.9997 9.998E-05 9.998E-05
9.998E-05 9.998E-05 9.998E-05 0.9997
9.9982E-05 0.959687 0.0401127 9.9982E-05
9.9982E-05 0.918714 0.0810863 9.9982E-05
0.025029 0.668451 0.298646 0.00787476
0.0254041 0.682787 0.291709 9.9991E-05
9.9991E-05 0.0564569 0.67346 0.269983
9.998E-05 0.9997 9.998E-05 9.998E-05
9.9982E-05 0.0794162 0.920384 9.9982E-05
9.9982E-05 0.083943 9.9982E-05 0.915857
9.99819E-05 0.96901 9.99819E-05 0.0307903
9.99821E-05 0.0674293 9.99821E-05 0.932371
0.0119705 0.0239718 0.216854 0.747204
0.130266 0.174169 9.9991E-05 0.695466
9.9982E-05 0.168753 9.9982E-05 0.831047
0.0111731 0.0758251 0.050773 0.862229
0.00769496 9.9991E-05 0.0315268 0.960678
9.9982E-05 9.9982E-05 0.0929139 0.906886
9.9982E-05 9.9982E-05 0.0806756 0.919124
0.12695 9.9991E-05 0.0422624 0.830687
0.0368593 0.0409218 0.0981574 0.824061
9.9991E-05 0.120087 0.0470924 0.83272
0.0476141 9.99911E-05 0.0357979 0.916488
9.998E-05 9.998E-05 0.9997 9.998E-05
9.998E-05 9.998E-05 0.9997 9.998E-05
9.998E-05 9.998E-05 0.9997 9.998E-05
9.998E-05 9.998E-05 0.9997 9.998E-05
9.998E-05 9.998E-05 0.9997 9.998E-05
0.033001 0.250417 0.630059 0.0865226
9.998E-05 9.998E-05 0.9997 9.998E-05
9.998E-05 9.998E-05 9.998E-05 0.9997
9.9991E-05 0.0772526 0.610553 0.312094
9.998E-05 0.9997 9.998E-05 9.998E-05
9.99821E-05 0.0215265 9.99821E-05 0.978273
9.9982E-05 0.0826942 9.9982E-05 0.917106
9.998E-05 9.998E-05 9.998E-05 0.9997
9.998E-05 9.998E-05 9.998E-05 0.9997
0.0131456 9.9982E-05 9.9982E-05 0.986654
0.903331 9.9991E-05 0.0487694 0.0477996
9.998E-05 0.9997 9.998E-05 9.998E-05
0.0704829 0.440564 0.0576221 0.431331
9.99821E-05 0.997422 0.00237852 9.99821E-05
9.9982E-05 0.979014 9.9982E-05 0.0207862
9.9991E-05 0.890249 0.102315 0.00733578
0.00599396 0.947501 0.0464055 9.9991E-05
9.9991E-05 0.955505 0.0134946 0.0309004
9.998E-05 0.9997 9.998E-05 9.998E-05
9.99821E-05 0.477237 0.522563 9.99821E-05
0.0325886 0.534894 0.393491 0.0390259
9.9982E-05 0.992663 9.9982E-05 0.00713662
9.9991E-05 0.0116755 0.191689 0.796536
9.9991E-05 0.0356564 0.183926 0.780318
0.212929 0.132326 9.9991E-05 0.654645
0.211747 0.14275 9.9991E-05 0.645403
9.99819E-05 9.99819E-05 0.120082 0.879718
9.99819E-05 9.99819E-05 0.106822 0.892978
0.203901 0.112586 9.9991E-05 0.683413
0.200324 0.131499 9.9991E-05 0.668077
9.9982E-05 9.9982E-05 0.0433459 0.956454
0.050186 9.9991E-05 0.0840139 0.8657
9.9991E-05 0.0315264 0.712003 0.256371
0.166066 0.106557 9.9991E-05 0.727277
0.152749 0.0259064 9.9991E-05 0.821245
0.0762583 0.640972 0.28267 9.9991E-05
