9.9973E-05 9.9973E-05 9.9973E-05 0.0461307 0.953569
0.299546 0.287714 9.9991E-05 0.00853672 0.404103
0.831089 0.0713113 0.052679 0.0179563 0.0269643
0.943248 9.9973E-05 9.9973E-05 0.0564524 9.9973E-05
0.429899 0.298192 9.9991E-05 0.00744225 0.264367
0.9996 9.997E-05 9.997E-05 9.997E-05 9.997E-05
0.0663215 0.359746 9.99821E-05 9.99821E-05 0.573732
0.381474 0.523757 9.9991E-05 0.063548 0.0311209
0.0233278 0.425931 9.99821E-05 9.99821E-05 0.550541
9.9982E-05 0.147771 9.9982E-05 0.110573 0.741455
9.9982E-05 0.108555 9.9982E-05 0.113781 0.777464
0.0852037 9.9982E-05 9.9982E-05 0.123354 0.791242
0.0673812 9.99821E-05 0.0202249 9.99821E-05 0.912194
0.984317 9.9982E-05 0.012001 0.0034821 9.9982E-05
0.965051 9.9991E-05 0.0101863 0.0129728 0.01169
0.0223244 0.0444438 9.9991E-05 0.0156097 0.917522
0.0187333 9.9991E-05 0.0686455 0.388279 0.524242
9.9982E-05 0.104725 0.751397 9.9982E-05 0.143678
9.9973E-05 9.9973E-05 0.895472 0.104229 9.9973E-05
9.9982E-05 0.0235874 9.9982E-05 0.168059 0.808154
9.997E-05 9.997E-05 0.9996 9.997E-05 9.997E-05
9.9982E-05 0.00757828 9.9982E-05 0.049542 0.94268
0.00185076 0.0643776 0.43019 0.379384 0.124198
9.9973E-05 9.9973E-05 0.903172 0.0965283 9.9973E-05
0.9996 9.997E-05 9.997E-05 9.997E-05 9.997E-05
0.9996 9.997E-05 9.997E-05 9.997E-05 9.997E-05
9.9973E-05 9.9973E-05 9.9973E-05 0.0641621 0.935538
0.891407 0.108293 9.9973E-05 9.9973E-05 9.9973E-05
0.897773 0.101928 9.9973E-05 9.9973E-05 9.9973E-05
0.717342 0.248313 0.0319595 0.00228593 9.9991E-05
0.645223 0.303807 9.9982E-05 0.0507693 9.9982E-05
0.116907 0.603495 9.99821E-05 9.99821E-05 0.279399
0.9996 9.997E-05 9.997E-05 9.997E-05 9.997E-05
0.0578148 0.933767 9.9982E-05 0.00821844 9.9982E-05
0.0466101 9.9982E-05 9.9982E-05 0.224178 0.729012
0.984904 9.9973E-05 9.9973E-05 0.014796 9.9973E-05
0.0783582 9.99821E-05 9.99821E-05 0.0217548 0.899687
0.0154009 0.205465 0.0440825 0.0346167 0.700435
0.121848 9.9991E-05 0.0390358 0.450913 0.388103
0.138153 9.99819E-05 9.99819E-05 0.0713966 0.790251
0.105755 9.9991E-05 0.0112141 0.0918523 0.791078
9.9991E-05 0.0138079 0.00795345 0.122858 0.855281
9.9973E-05 0.0535563 9.9973E-05 9.9973E-05 0.946144
9.9991E-05 0.0712402 0.0013975 0.14634 0.780922
9.9991E-05 0.0413011 0.113976 0.183746 0.660877
0.0847256 0.0609838 0.0502455 0.0904164 0.713629
0.100837 0.0585283 9.9991E-05 0.152555 0.68798
9.99911E-05 0.0117704 0.0584119 0.00434089 0.925377
9.997E-05 0.9996 9.997E-05 9.997E-05 9.997E-05
9.997E-05 0.9996 9.997E-05 9.997E-05 9.997E-05
9.997E-05 0.9996 9.997E-05 9.997E-05 9.997E-05
9.997E-05 0.9996 9.997E-05 9.997E-05 9.997E-05
9.997E-05 0.9996 9.997E-05 9.997E-05 9.997E-05
0.225234 0.660147 0.0321267 9.9991E-05 0.0823921
9.997E-05 0.9996 9.997E-05 9.997E-05 9.997E-05
9.997E-05 9.997E-05 9.997E-05 9.997E-05 0.9996
0.0786291 0.602788 9.9982E-05 9.9982E-05 0.318382
0.9996 9.997E-05 9.997E-05 9.997E-05 9.997E-05
0.0132968 9.99821E-05 9.99821E-05 0.0333663 0.953137
0.0801545 9.9973E-05 9.9973E-05 9.9973E-05 0.919546
9.99732E-05 9.99732E-05 0.00896735 9.99732E-05 0.990733
9.997E-05 9.997E-05 9.997E-05 9.997E-05 0.9996
9.9982E-05 9.9982E-05 0.0052032 0.0737782 0.920819
0.00650998 0.020777 0.914188 9.9991E-05 0.0584253
0.9996 9.997E-05 9.997E-05 9.997E-05 9.997E-05
0.279757 0.119524 0.0842765 0.139733 0.37671
0.98309 9.99821E-05 9.99821E-05 0.00309688 0.0136135
0.964432 9.9982E-05 9.9982E-05 0.00400551 0.0313624
0.874438 0.118765 9.9982E-05 9.9982E-05 0.00659708
0.943957 0.0557433 9.9973E-05 9.9973E-05 9.9973E-05
0.940403 0.00671277 9.9991E-05 0.0339002 0.0188845
0.9996 9.997E-05 9.997E-05 9.997E-05 9.997E-05
0.503051 0.496649 9.99732E-05 9.99732E-05 9.99732E-05
0.543165 0.368279 0.0196758 9.99911E-05 0.0687803
0.948301 0.0307246 9.9982E-05 0.020774 9.9982E-05
0.0741339 0.114652 9.9991E-05 0.0683747 0.742739
0.021384 0.161 9.9991E-05 0.0644126 0.753103
9.997E-05 9.997E-05 9.997E-05 0.9996 9.997E-05
9.997E-05 9.997E-05 9.997E-05 0.9996 9.997E-05
9.9991E-05 0.13475 0.0154607 0.0725506 0.777139
9.9991E-05 0.0722757 0.00967235 0.0547545 0.863197
9.997E-05 9.997E-05 9.997E-05 0.9996 9.997E-05
9.997E-05 9.997E-05 9.997E-05 0.9996 9.997E-05
9.9973E-05 0.0271924 9.9973E-05 9.9973E-05 0.972508
9.9982E-05 0.0293149 0.0410529 9.9982E-05 0.929432
0.0689453 0.653573 9.9982E-05 9.9982E-05 0.277282
0.0811668 9.9991E-05 0.0934528 0.252414 0.572866
0.00758022 9.9991E-05 0.0674194 0.346232 0.578668
0.585194 0.35776 0.0412669 0.015679 9.9991E-05
