9.999E-05 0.9998 9.999E-05
0.536723 0.463177 9.9991E-05
0.881659 0.0665625 0.0517787
0.9998 9.999E-05 9.999E-05
0.692717 0.307183 9.9991E-05
0.9998 9.999E-05 9.999E-05
0.327082 0.672818 9.99911E-05
0.811442 0.188458 9.9991E-05
0.361659 0.638241 9.9991E-05
0.026657 0.973243 9.9991E-05
0.0169047 0.982995 9.9991E-05
0.0424473 0.957453 9.9991E-05
0.0594175 0.940482 9.99911E-05
0.973504 9.9991E-05 0.026396
0.991895 9.9991E-05 0.0080055
0.0460951 0.953805 9.9991E-05
0.0354654 0.789435 0.175099
0.000621044 0.260937 0.738442
9.999E-05 9.999E-05 0.9998
9.999E-05 0.9998 9.999E-05
9.999E-05 9.999E-05 0.9998
9.999E-05 0.9998 9.999E-05
0.10625 0.333125 0.560625
9.999E-05 9.999E-05 0.9998
0.9998 9.999E-05 9.999E-05
0.9998 9.999E-05 9.999E-05
9.999E-05 0.9998 9.999E-05
0.9998 9.999E-05 9.999E-05
0.9998 9.999E-05 9.999E-05
0.965687 9.9991E-05 0.0342125
0.961241 9.9991E-05 0.0386594
0.595031 0.404869 9.99911E-05
0.9998 9.999E-05 9.999E-05
0.815517 0.184383 9.9991E-05
0.089336 0.910564 9.9991E-05
0.99889 0.00100969 9.9991E-05
0.0335163 0.966384 9.9991E-05
0.172398 0.812124 0.0154775
0.162942 0.653518 0.18354
0.115299 0.883569 0.00113179
0.089078 0.910822 9.9991E-05
9.9991E-05 0.984521 0.0153793
0.0114776 0.988422 9.9991E-05
0.000995348 0.997906 0.00109914
9.9991E-05 0.870674 0.129226
0.11541 0.847555 0.0370341
0.157592 0.842308 9.9991E-05
9.99911E-05 0.973246 0.0266542
0.842495 0.142545 0.0149607
0.821141 0.165224 0.0136355
0.814784 0.161002 0.0242147
0.844125 0.141443 0.0144319
0.885112 0.101449 0.0134383
0.757532 0.20736 0.0351082
0.792862 0.207038 9.9991E-05
9.999E-05 0.9998 9.999E-05
0.534499 0.465401 9.9991E-05
0.9998 9.999E-05 9.999E-05
0.00390047 0.996 9.9991E-05
0.0643609 0.935539 9.9991E-05
9.999E-05 0.9998 9.999E-05
9.999E-05 0.9998 9.999E-05
9.9991E-05 0.977143 0.0227571
0.00105066 0.0415477 0.957402
0.9998 9.999E-05 9.999E-05
0.432181 0.547438 0.0203806
0.9998 9.999E-05 9.999E-05
0.9998 9.999E-05 9.999E-05
0.9998 9.999E-05 9.999E-05
0.9998 9.999E-05 9.999E-05
0.987166 0.0127344 9.9991E-05
0.9998 9.999E-05 9.999E-05
0.93558 0.0643203 9.99911E-05
0.837669 0.151968 0.0103628
0.9998 9.999E-05 9.999E-05
0.139972 0.859928 9.9991E-05
0.128 0.8719 9.9991E-05
0.12454 0.623 0.25246
0.139757 0.605088 0.255155
0.0199959 0.979904 9.9991E-05
0.0274889 0.972411 9.9991E-05
0.155731 0.625079 0.21919
0.153017 0.594222 0.252761
9.999E-05 0.9998 9.999E-05
0.0298161 0.943521 0.0266629
0.57338 0.42652 9.9991E-05
0.0792655 0.737827 0.182907
9.9991E-05 0.830417 0.169483
0.910706 0.0218122 0.0674816
