9.98828E-05 0.90482 9.98828E-05 9.98828E-05 9.98828E-05 9.98828E-05 9.98828E-05 0.0235122 9.98828E-05 0.0703694 9.98828E-05 9.98828E-05 9.98828E-05 9.98828E-05 9.98828E-05 9.98828E-05
0.194678 9.98919E-05 0.584702 9.98919E-05 9.98919E-05 0.186243 9.98919E-05 0.0331774 9.98919E-05 9.98919E-05 9.98919E-05 9.98919E-05 9.98919E-05 9.98919E-05 9.98919E-05 9.98919E-05
9.99109E-05 9.99109E-05 9.99109E-05 9.99109E-05 0.102251 0.714734 0.051552 9.99109E-05 9.99109E-05 9.99109E-05 0.0317798 9.99109E-05 9.99109E-05 0.0841668 9.99109E-05 0.0145174
9.9901E-05 9.9901E-05 9.9901E-05 9.9901E-05 0.0976979 0.881292 9.9901E-05 0.000779294 9.9901E-05 0.00461042 9.9901E-05 9.9901E-05 9.9901E-05 0.0145219 9.9901E-05 9.9901E-05
0.151747 0.0227238 0.0597421 9.99372E-05 9.99372E-05 0.363806 0.179831 9.99372E-05 0.0912949 0.0104736 9.99372E-05 9.99372E-05 9.99372E-05 0.017856 9.99372E-05 0.101826
9.98829E-05 9.98829E-05 9.98829E-05 0.0199354 9.98829E-05 0.96431 9.98829E-05 9.98829E-05 9.98829E-05 9.98829E-05 9.98829E-05 0.0144556 9.98829E-05 9.98829E-05 9.98829E-05 9.98829E-05
9.98651E-05 9.98651E-05 9.98651E-05 9.98651E-05 9.98651E-05 9.98651E-05 0.998502 9.98651E-05 9.98651E-05 9.98651E-05 9.98651E-05 9.98651E-05 9.98651E-05 9.98651E-05 9.98651E-05 9.98651E-05
9.99099E-05 9.99099E-05 0.0731585 9.99099E-05 0.0457729 9.99099E-05 9.99099E-05 9.99099E-05 0.0419056 0.0934747 9.99099E-05 9.99099E-05 9.99099E-05 0.0162005 9.99099E-05 0.728489
9.9892E-05 9.9892E-05 0.0295625 9.9892E-05 9.9892E-05 9.9892E-05 0.939224 0.0162079 0.013807 9.9892E-05 9.9892E-05 9.9892E-05 9.9892E-05 9.9892E-05 9.9892E-05 9.9892E-05
9.98741E-05 9.98741E-05 9.98741E-05 9.98741E-05 9.98741E-05 9.98741E-05 0.130759 9.98741E-05 9.98741E-05 0.867843 9.98741E-05 9.98741E-05 9.98741E-05 9.98741E-05 9.98741E-05 9.98741E-05
9.98741E-05 9.98741E-05 9.98741E-05 9.98741E-05 9.98741E-05 9.98741E-05 0.118759 9.98741E-05 9.98741E-05 0.879843 9.98741E-05 9.98741E-05 9.98741E-05 9.98741E-05 9.98741E-05 9.98741E-05
9.991E-05 0.700076 9.991E-05 0.0116782 0.0480125 9.991E-05 0.00439816 9.991E-05 9.991E-05 9.991E-05 9.991E-05 9.991E-05 9.991E-05 0.107426 0.12741 9.991E-05
9.98833E-05 9.98833E-05 9.98833E-05 9.98833E-05 0.0145271 9.98833E-05 0.0425819 9.98833E-05 9.98833E-05 9.98833E-05 9.98833E-05 9.98833E-05 9.98833E-05 9.98833E-05 0.941593 9.98833E-05
0.0146556 9.9901E-05 0.0289613 9.9901E-05 9.9901E-05 0.935634 9.9901E-05 9.9901E-05 9.9901E-05 9.9901E-05 0.00853848 0.0111121 9.9901E-05 9.9901E-05 9.9901E-05 9.9901E-05
0.00968481 0.0194378 9.9901E-05 9.9901E-05 9.9901E-05 0.9446 9.9901E-05 9.9901E-05 9.9901E-05 0.0156659 0.00951263 9.9901E-05 9.9901E-05 9.9901E-05 9.9901E-05 9.9901E-05
9.98919E-05 9.98919E-05 9.98919E-05 0.118782 9.98919E-05 9.98919E-05 9.98919E-05 9.98919E-05 9.98919E-05 0.00589893 9.98919E-05 9.98919E-05 0.755917 9.98919E-05 0.118203 9.98919E-05
9.9883E-05 9.9883E-05 9.9883E-05 9.9883E-05 9.9883E-05 9.9883E-05 9.9883E-05 0.946583 9.9883E-05 0.0509863 9.9883E-05 9.9883E-05 0.00113227 9.9883E-05 9.9883E-05 9.9883E-05
0.119922 9.99008E-05 0.0630447 9.99008E-05 9.99008E-05 9.99008E-05 9.99008E-05 9.99008E-05 0.0252808 0.0907525 0.699901 9.99008E-05 9.99008E-05 9.99008E-05 9.99008E-05 9.99008E-05
9.98921E-05 9.98921E-05 9.98921E-05 9.98921E-05 9.98921E-05 9.98921E-05 9.98921E-05 9.98921E-05 9.98921E-05 9.98921E-05 0.780849 0.176929 9.98921E-05 0.0198593 0.0211635 9.98921E-05
9.99098E-05 0.0575953 9.99098E-05 0.175241 9.99098E-05 9.99098E-05 9.99098E-05 0.00831347 9.99098E-05 0.429471 9.99098E-05 9.99098E-05 0.29605 0.0323304 9.99098E-05 9.99098E-05
9.98742E-05 9.98742E-05 9.98742E-05 9.98742E-05 9.98742E-05 9.98742E-05 9.98742E-05 9.98742E-05 9.98742E-05 9.98742E-05 0.967202 0.0314003 9.98742E-05 9.98742E-05 9.98742E-05 9.98742E-05
0.310391 0.394714 9.9928E-05 0.00135006 9.9928E-05 9.9928E-05 9.9928E-05 9.9928E-05 9.9928E-05 0.00322036 9.9928E-05 0.0138319 0.207353 0.0192041 0.0491363 9.9928E-05
9.991E-05 9.991E-05 0.00831008 0.0116821 9.991E-05 9.991E-05 9.991E-05 0.25872 9.991E-05 0.188067 0.388015 9.991E-05 9.991E-05 0.144207 9.991E-05 9.991E-05
9.9874E-05 9.9874E-05 9.9874E-05 0.0441328 9.9874E-05 9.9874E-05 9.9874E-05 9.9874E-05 9.9874E-05 9.9874E-05 0.954469 9.9874E-05 9.9874E-05 9.9874E-05 9.9874E-05 9.9874E-05
9.98742E-05 9.98742E-05 9.98742E-05 9.98742E-05 0.597285 0.401317 9.98742E-05 9.98742E-05 9.98742E-05 9.98742E-05 9.98742E-05 9.98742E-05 9.98742E-05 9.98742E-05 9.98742E-05 9.98742E-05
9.98741E-05 9.98741E-05 9.98741E-05 9.98741E-05 0.228866 0.769736 9.98741E-05 9.98741E-05 9.98741E-05 9.98741E-05 9.98741E-05 9.98741E-05 9.98741E-05 9.98741E-05 9.98741E-05 9.98741E-05
9.99008E-05 0.0698677 9.99008E-05 9.99008E-05 9.99008E-05 9.99008E-05 9.99008E-05 0.0183821 9.99008E-05 0.0649864 9.99008E-05 9.99008E-05 9.99008E-05 0.0375367 0.808128 9.99008E-05
9.98651E-05 9.98651E-05 9.98651E-05 9.98651E-05 0.998502 9.98651E-05 9.98651E-05 9.98651E-05 9.98651E-05 9.98651E-05 9.98651E-05 9.98651E-05 9.98651E-05 9.98651E-05 9.98651E-05 9.98651E-05
9.98652E-05 9.98652E-05 9.98652E-05 9.98652E-05 0.998502 9.98652E-05 9.98652E-05 9.98652E-05 9.98652E-05 9.98652E-05 9.98652E-05 9.98652E-05 9.98652E-05 9.98652E-05 9.98652E-05 9.98652E-05
9.99281E-05 9.99281E-05 0.0279874 9.99281E-05 0.329234 0.211625 9.99281E-05 0.00322442 0.0845603 9.99281E-05 9.99281E-05 0.0496413 9.99281E-05 0.0138193 9.99281E-05 0.279109
9.99098E-05 9.99098E-05 9.99098E-05 9.99098E-05 0.0347632 0.248512 9.99098E-05 0.0120621 0.0332728 9.99098E-05 9.99098E-05 9.99098E-05 9.99098E-05 0.0300816 9.99098E-05 0.640309
9.98653E-05 9.98653E-05 0.998502 9.98653E-05 9.98653E-05 9.98653E-05 9.98653E-05 9.98653E-05 9.98653E-05 9.98653E-05 9.98653E-05 9.98653E-05 9.98653E-05 9.98653E-05 9.98653E-05 9.98653E-05
9.98921E-05 9.98921E-05 9.98921E-05 9.98921E-05 0.169839 0.687244 9.98921E-05 9.98921E-05 9.98921E-05 9.98921E-05 9.98921E-05 9.98921E-05 0.0375785 9.98921E-05 9.98921E-05 0.104139
9.99012E-05 0.0309125 0.000840997 9.99012E-05 9.99012E-05 9.99012E-05 9.99012E-05 9.99012E-05 0.707497 9.99012E-05 9.99012E-05 9.99012E-05 9.99012E-05 0.00278224 9.99012E-05 0.256869
0.0934004 0.0154371 9.99187E-05 0.0159239 9.99187E-05 9.99187E-05 9.99187E-05 0.20985 9.99187E-05 9.99187E-05 9.99187E-05 9.99187E-05 9.99187E-05 0.111587 0.494518 0.0583846
9.99099E-05 9.99099E-05 9.99099E-05 0.00646246 0.634334 0.290129 0.00989275 0.0355556 9.99099E-05 9.99099E-05 9.99099E-05 9.99099E-05 9.99099E-05 9.99099E-05 9.99099E-05 0.0226267
9.98921E-05 0.974483 9.98921E-05 0.00181592 9.98921E-05 0.0152069 9.98921E-05 9.98921E-05 9.98921E-05 9.98921E-05 9.98921E-05 9.98921E-05 9.98921E-05 9.98921E-05 9.98921E-05 0.00729539
0.0312001 0.0788401 0.176039 9.9928E-05 9.9928E-05 0.00542536 9.9928E-05 0.0423949 9.9928E-05 0.629308 9.9928E-05 0.0322214 9.9928E-05 9.9928E-05 9.9928E-05 0.00377192
9.9874E-05 9.9874E-05 9.9874E-05 9.9874E-05 9.9874E-05 0.0230775 9.9874E-05 0.975524 9.9874E-05 9.9874E-05 9.9874E-05 9.9874E-05 9.9874E-05 9.9874E-05 9.9874E-05 9.9874E-05
0.985891 9.9883E-05 9.9883E-05 9.9883E-05 9.9883E-05 0.00726232 9.9883E-05 0.00554781 9.9883E-05 9.9883E-05 9.9883E-05 9.9883E-05 9.9883E-05 9.9883E-05 9.9883E-05 9.9883E-05
0.987672 0.0109298 9.9874E-05 9.9874E-05 9.9874E-05 9.9874E-05 9.9874E-05 9.9874E-05 9.9874E-05 9.9874E-05 9.9874E-05 9.9874E-05 9.9874E-05 9.9874E-05 9.9874E-05 9.9874E-05
0.0498569 0.00869814 9.9901E-05 9.9901E-05 9.9901E-05 9.9901E-05 9.9901E-05 0.0364438 9.9901E-05 0.897411 9.9901E-05 0.00649088 9.9901E-05 9.9901E-05 9.9901E-05 9.9901E-05
0.0705832 9.9901E-05 9.9901E-05 9.9901E-05 9.9901E-05 9.9901E-05 0.0814218 9.9901E-05 9.9901E-05 9.9901E-05 0.016316 9.9901E-05 0.802685 9.9901E-05 0.0278949 9.9901E-05
9.98919E-05 9.98919E-05 9.98919E-05 0.0982334 9.98919E-05 9.98919E-05 9.98919E-05 0.00173589 9.98919E-05 0.893195 9.98919E-05 9.98919E-05 9.98919E-05 9.98919E-05 0.00563732 9.98919E-05
0.118181 0.0406109 0.0556812 0.223055 9.99369E-05 9.99369E-05 9.99369E-05 9.99369E-05 9.99369E-05 0.285672 0.0928264 9.99369E-05 0.0254094 0.048836 0.109029 9.99369E-05
0.130444 0.0276815 0.0420707 0.153408 0.00931507 9.99459E-05 9.99459E-05 9.99459E-05 9.99459E-05 0.396384 9.99459E-05 0.0797834 0.116458 0.00199184 9.99459E-05 0.041863
9.99549E-05 0.133355 0.00630063 0.301282 0.0417013 0.0175906 0.0628893 0.127478 0.0424674 0.203167 9.99549E-05 0.0239714 9.99549E-05 9.99549E-05 0.0392981 9.99549E-05
9.9866E-05 0.998502 9.9866E-05 9.9866E-05 9.9866E-05 9.9866E-05 9.9866E-05 9.9866E-05 9.9866E-05 9.9866E-05 9.9866E-05 9.9866E-05 9.9866E-05 9.9866E-05 9.9866E-05 9.9866E-05
9.98652E-05 9.98652E-05 9.98652E-05 9.98652E-05 9.98652E-05 9.98652E-05 9.98652E-05 9.98652E-05 0.998502 9.98652E-05 9.98652E-05 9.98652E-05 9.98652E-05 9.98652E-05 9.98652E-05 9.98652E-05
9.98741E-05 9.98741E-05 9.98741E-05 0.00455151 9.98741E-05 9.98741E-05 9.98741E-05 9.98741E-05 0.99405 9.98741E-05 9.98741E-05 9.98741E-05 9.98741E-05 9.98741E-05 9.98741E-05 9.98741E-05
9.98742E-05 9.98742E-05 0.00235757 9.98742E-05 9.98742E-05 9.98742E-05 9.98742E-05 9.98742E-05 0.996244 9.98742E-05 9.98742E-05 9.98742E-05 9.98742E-05 9.98742E-05 9.98742E-05 9.98742E-05
9.98653E-05 9.98653E-05 9.98653E-05 9.98653E-05 9.98653E-05 9.98653E-05 9.98653E-05 9.98653E-05 0.998502 9.98653E-05 9.98653E-05 9.98653E-05 9.98653E-05 9.98653E-05 9.98653E-05 9.98653E-05
9.98742E-05 9.98742E-05 9.98742E-05 9.98742E-05 9.98742E-05 0.00825163 9.98742E-05 9.98742E-05 0.99035 9.98742E-05 9.98742E-05 9.98742E-05 9.98742E-05 9.98742E-05 9.98742E-05 9.98742E-05
9.99281E-05 9.99281E-05 0.0337489 9.99281E-05 0.0632091 0.010957 0.0565941 9.99281E-05 0.365394 9.99281E-05 0.0264647 9.99281E-05 0.0678762 9.99281E-05 9.99281E-05 0.374957
9.98741E-05 9.98741E-05 0.0967246 9.98741E-05 9.98741E-05 9.98741E-05 9.98741E-05 9.98741E-05 0.901877 9.98741E-05 9.98741E-05 9.98741E-05 9.98741E-05 9.98741E-05 9.98741E-05 9.98741E-05
9.98839E-05 0.761765 9.98839E-05 0.0708897 9.98839E-05 9.98839E-05 9.98839E-05 9.98839E-05 9.98839E-05 9.98839E-05 9.98839E-05 9.98839E-05 0.166047 9.98839E-05 9.98839E-05 9.98839E-05
9.99189E-05 9.99189E-05 0.876241 9.99189E-05 0.0495762 9.99189E-05 0.0200754 9.99189E-05 0.0168064 9.99189E-05 9.99189E-05 9.99189E-05 0.00250987 0.0130728 0.0208191 9.99189E-05
0.00894492 9.98919E-05 9.98919E-05 0.00599671 0.348816 0.635044 9.98919E-05 9.98919E-05 9.98919E-05 9.98919E-05 9.98919E-05 9.98919E-05 9.98919E-05 9.98919E-05 9.98919E-05 9.98919E-05
0.141903 9.98921E-05 9.98921E-05 9.98921E-05 9.98921E-05 9.98921E-05 9.98921E-05 9.98921E-05 0.00189726 9.98921E-05 9.98921E-05 9.98921E-05 9.98921E-05 0.0250805 0.82992 9.98921E-05
9.98923E-05 0.00383677 9.98923E-05 0.0810702 9.98923E-05 9.98923E-05 9.98923E-05 9.98923E-05 9.98923E-05 9.98923E-05 9.98923E-05 9.98923E-05 0.899999 9.98923E-05 0.0138955 9.98923E-05
9.98656E-05 9.98656E-05 9.98656E-05 9.98656E-05 9.98656E-05 9.98656E-05 9.98656E-05 9.98656E-05 9.98656E-05 9.98656E-05 9.98656E-05 9.98656E-05 9.98656E-05 9.98656E-05 0.998502 9.98656E-05
9.98739E-05 9.98739E-05 9.98739E-05 9.98739E-05 9.98739E-05 9.98739E-05 9.98739E-05 9.98739E-05 9.98739E-05 0.117729 9.98739E-05 9.98739E-05 9.98739E-05 9.98739E-05 0.880873 9.98739E-05
0.021283 9.99009E-05 9.99009E-05 0.0582514 9.99009E-05 9.99009E-05 9.99009E-05 9.99009E-05 9.99009E-05 0.0556281 9.99009E-05 9.99009E-05 9.99009E-05 0.0550052 0.808733 9.99009E-05
9.9865E-05 9.9865E-05 9.9865E-05 9.9865E-05 9.9865E-05 9.9865E-05 9.9865E-05 9.9865E-05 9.9865E-05 9.9865E-05 9.9865E-05 0.998502 9.9865E-05 9.9865E-05 9.9865E-05 9.9865E-05
9.98744E-05 9.98744E-05 9.98744E-05 9.98744E-05 0.62785 0.370752 9.98744E-05 9.98744E-05 9.98744E-05 9.98744E-05 9.98744E-05 9.98744E-05 9.98744E-05 9.98744E-05 9.98744E-05 9.98744E-05
9.996E-05 0.0393241 0.0504886 9.996E-05 0.106501 0.181813 9.996E-05 0.049406 0.067826 0.205402 0.056315 0.0284787 0.160105 0.0391758 0.014765 9.996E-05
9.98923E-05 9.98923E-05 9.98923E-05 9.98923E-05 0.0477204 0.869136 9.98923E-05 9.98923E-05 0.0186256 9.98923E-05 9.98923E-05 9.98923E-05 0.0633194 9.98923E-05 9.98923E-05 9.98923E-05
0.0146086 0.00623967 9.99189E-05 9.99189E-05 0.241066 0.681119 0.0200371 0.0273054 0.00872517 9.99189E-05 9.99189E-05 9.99189E-05 9.99189E-05 9.99189E-05 9.99189E-05 9.99189E-05
9.98741E-05 9.98741E-05 9.98741E-05 9.98741E-05 0.982236 9.98741E-05 9.98741E-05 9.98741E-05 9.98741E-05 9.98741E-05 9.98741E-05 9.98741E-05 0.0163657 9.98741E-05 9.98741E-05 9.98741E-05
9.98742E-05 9.98742E-05 9.98742E-05 9.98742E-05 0.990923 9.98742E-05 9.98742E-05 9.98742E-05 9.98742E-05 9.98742E-05 0.00767872 9.98742E-05 9.98742E-05 9.98742E-05 9.98742E-05 9.98742E-05
0.0349969 9.99012E-05 9.99012E-05 9.99012E-05 0.151623 0.664209 9.99012E-05 9.99012E-05 9.99012E-05 0.00775471 9.99012E-05 9.99012E-05 9.99012E-05 9.99012E-05 9.99012E-05 0.140318
9.99009E-05 9.99009E-05 9.99009E-05 0.0119409 0.418474 0.538852 9.99009E-05 0.0173153 0.0123194 9.99009E-05 9.99009E-05 9.99009E-05 9.99009E-05 9.99009E-05 9.99009E-05 9.99009E-05
9.9874E-05 9.9874E-05 9.9874E-05 9.9874E-05 9.9874E-05 9.9874E-05 9.9874E-05 9.9874E-05 0.0136984 9.9874E-05 9.9874E-05 9.9874E-05 9.9874E-05 9.9874E-05 9.9874E-05 0.984903
9.98742E-05 9.98742E-05 9.98742E-05 9.98742E-05 9.98742E-05 9.98742E-05 9.98742E-05 9.98742E-05 9.98742E-05 9.98742E-05 9.98742E-05 9.98742E-05 9.98742E-05 9.98742E-05 0.0450759 0.953526
9.98921E-05 9.98921E-05 9.98921E-05 9.98921E-05 0.161824 0.797998 9.98921E-05 9.98921E-05 0.00266956 9.98921E-05 9.98921E-05 9.98921E-05 0.0363098 9.98921E-05 9.98921E-05 9.98921E-05
9.98919E-05 9.98919E-05 9.98919E-05 9.98919E-05 9.98919E-05 0.00821336 9.98919E-05 0.0241178 9.98919E-05 9.98919E-05 9.98919E-05 9.98919E-05 0.949727 9.98919E-05 9.98919E-05 0.0167432
9.9874E-05 9.9874E-05 9.9874E-05 9.9874E-05 9.9874E-05 9.9874E-05 9.9874E-05 9.9874E-05 0.0114345 9.9874E-05 9.9874E-05 9.9874E-05 0.987167 9.9874E-05 9.9874E-05 9.9874E-05
9.98652E-05 9.98652E-05 9.98652E-05 9.98652E-05 9.98652E-05 9.98652E-05 9.98652E-05 9.98652E-05 9.98652E-05 9.98652E-05 9.98652E-05 9.98652E-05 9.98652E-05 0.998502 9.98652E-05 9.98652E-05
0.00013768 9.98832E-05 9.98832E-05 9.98832E-05 9.98832E-05 9.98832E-05 9.98832E-05 9.98832E-05 9.98832E-05 9.98832E-05 9.98832E-05 9.98832E-05 9.98832E-05 0.997174 0.0013899 9.98832E-05
0.118417 9.9901E-05 0.0495875 9.9901E-05 0.00787942 9.9901E-05 9.9901E-05 9.9901E-05 9.9901E-05 0.815645 9.9901E-05 9.9901E-05 0.00737226 9.9901E-05 9.9901E-05 9.9901E-05
0.14194 9.99009E-05 0.0458235 9.99009E-05 9.99009E-05 9.99009E-05 9.99009E-05 9.99009E-05 9.99009E-05 0.742443 9.99009E-05 9.99009E-05 0.0152254 9.99009E-05 0.0534689 9.99009E-05
9.98832E-05 9.98832E-05 9.98832E-05 9.98832E-05 9.98832E-05 9.98832E-05 9.98832E-05 0.0250078 9.98832E-05 9.98832E-05 9.98832E-05 9.98832E-05 9.98832E-05 0.957807 9.98832E-05 0.0158863
0.0024603 9.98742E-05 9.98742E-05 9.98742E-05 9.98742E-05 9.98742E-05 9.98742E-05 9.98742E-05 9.98742E-05 9.98742E-05 9.98742E-05 9.98742E-05 9.98742E-05 0.996141 9.98742E-05 9.98742E-05
9.98919E-05 0.884203 9.98919E-05 9.98919E-05 9.98919E-05 9.98919E-05 0.0118865 9.98919E-05 9.98919E-05 9.98919E-05 9.98919E-05 9.98919E-05 0.0862299 9.98919E-05 0.0164817 9.98919E-05
0.721892 9.9901E-05 9.9901E-05 9.9901E-05 9.9901E-05 9.9901E-05 0.136546 9.9901E-05 9.9901E-05 9.9901E-05 0.00523936 9.9901E-05 0.0523991 9.9901E-05 0.0828244 9.9901E-05
9.9883E-05 9.9883E-05 0.888808 9.9883E-05 9.9883E-05 9.9883E-05 0.0702164 9.9883E-05 0.039677 9.9883E-05 9.9883E-05 9.9883E-05 9.9883E-05 9.9883E-05 9.9883E-05 9.9883E-05
9.9865E-05 9.9865E-05 9.9865E-05 0.998502 9.9865E-05 9.9865E-05 9.9865E-05 9.9865E-05 9.9865E-05 9.9865E-05 9.9865E-05 9.9865E-05 9.9865E-05 9.9865E-05 9.9865E-05 9.9865E-05
9.99011E-05 0.0324131 9.99011E-05 0.882367 9.99011E-05 9.99011E-05 9.99011E-05 0.00951938 9.99011E-05 9.99011E-05 9.99011E-05 9.99011E-05 9.99011E-05 0.0124783 0.0621238 9.99011E-05
9.99011E-05 9.99011E-05 0.00285026 9.99011E-05 0.257951 9.99011E-05 9.99011E-05 9.99011E-05 9.99011E-05 9.99011E-05 0.0306929 9.99011E-05 9.99011E-05 0.02039 9.99011E-05 0.687016
