9.98829E-05 9.98829E-05 0.0013947 9.98829E-05 9.98829E-05 0.895256 9.98829E-05 9.98829E-05 0.102051 9.98829E-05 9.98829E-05 9.98829E-05 9.98829E-05 9.98829E-05 9.98829E-05 9.98829E-05
0.114231 9.98919E-05 9.98919E-05 0.68619 9.98919E-05 9.98919E-05 0.176189 0.0221916 9.98919E-05 9.98919E-05 9.98919E-05 9.98919E-05 9.98919E-05 9.98919E-05 9.98919E-05 9.98919E-05
0.444605 0.362567 0.00714219 9.99106E-05 9.99106E-05 9.99106E-05 9.99106E-05 9.99106E-05 9.99106E-05 9.99106E-05 9.99106E-05 9.99106E-05 0.076498 0.0427149 9.99106E-05 0.0654745
0.907652 9.9919E-05 0.0277435 0.00406806 0.0173162 9.9919E-05 9.9919E-05 9.9919E-05 9.9919E-05 9.9919E-05 9.9919E-05 0.028288 0.0130294 9.9919E-05 0.00100377 9.9919E-05
0.381209 0.00392815 9.99461E-05 0.127756 0.0901811 0.0159502 0.00901222 9.99461E-05 0.0955403 0.0619894 0.027356 9.99461E-05 9.99461E-05 9.99461E-05 0.186478 9.99461E-05
0.949877 9.9883E-05 9.9883E-05 9.9883E-05 9.9883E-05 9.9883E-05 0.0102464 9.9883E-05 9.9883E-05 9.9883E-05 0.0385786 9.9883E-05 9.9883E-05 9.9883E-05 9.9883E-05 9.9883E-05
9.98651E-05 9.98651E-05 9.98651E-05 9.98651E-05 9.98651E-05 9.98651E-05 9.98651E-05 9.98651E-05 9.98651E-05 9.98651E-05 9.98651E-05 9.98651E-05 9.98651E-05 9.98651E-05 0.998502 9.98651E-05
0.0163701 0.480922 0.00885867 0.0841916 0.0846665 9.99279E-05 9.99279E-05 9.99279E-05 0.118895 9.99279E-05 0.189074 9.99279E-05 0.0162232 9.99279E-05 9.99279E-05 9.99279E-05
9.9892E-05 9.9892E-05 9.9892E-05 0.0313349 0.00888833 9.9892E-05 9.9892E-05 0.0119332 9.9892E-05 9.9892E-05 9.9892E-05 9.9892E-05 9.9892E-05 9.9892E-05 0.946645 9.9892E-05
9.98741E-05 9.98741E-05 9.98741E-05 9.98741E-05 9.98741E-05 9.98741E-05 9.98741E-05 9.98741E-05 0.859363 9.98741E-05 9.98741E-05 9.98741E-05 9.98741E-05 9.98741E-05 0.139239 9.98741E-05
9.98741E-05 9.98741E-05 9.98741E-05 9.98741E-05 9.98741E-05 9.98741E-05 9.98741E-05 9.98741E-05 0.891737 9.98741E-05 9.98741E-05 9.98741E-05 9.98741E-05 9.98741E-05 0.106864 9.98741E-05
9.991E-05 0.0126392 0.123301 9.991E-05 9.991E-05 0.66984 0.00340268 9.991E-05 9.991E-05 9.991E-05 9.991E-05 9.991E-05 0.0155059 9.991E-05 9.991E-05 0.174312
9.98832E-05 9.98832E-05 9.98832E-05 9.98832E-05 9.98832E-05 9.98832E-05 9.98832E-05 9.98832E-05 9.98832E-05 9.98832E-05 0.0381384 9.98832E-05 9.98832E-05 9.98832E-05 0.0369465 0.923617
0.93831 9.9892E-05 9.9892E-05 0.0195743 9.9892E-05 9.9892E-05 9.9892E-05 0.0251539 9.9892E-05 9.9892E-05 9.9892E-05 9.9892E-05 9.9892E-05 0.0157629 9.9892E-05 9.9892E-05
0.972346 9.98831E-05 9.98831E-05 9.98831E-05 9.98831E-05 9.98831E-05 0.0252492 9.98831E-05 9.98831E-05 0.00110598 9.98831E-05 9.98831E-05 9.98831E-05 9.98831E-05 9.98831E-05 9.98831E-05
9.98921E-05 9.98921E-05 9.98921E-05 9.98921E-05 9.98921E-05 9.98921E-05 9.98921E-05 0.0140167 0.036136 9.98921E-05 9.98921E-05 0.785739 9.98921E-05 9.98921E-05 9.98921E-05 0.162909
9.98739E-05 9.98739E-05 9.98739E-05 9.98739E-05 9.98739E-05 9.98739E-05 9.98739E-05 0.903473 0.0951289 9.98739E-05 9.98739E-05 9.98739E-05 9.98739E-05 9.98739E-05 9.98739E-05 9.98739E-05
9.99099E-05 9.99099E-05 9.99099E-05 0.0220041 0.0554456 9.99099E-05 0.10995 0.00123149 0.0861698 9.99099E-05 9.99099E-05 9.99099E-05 9.99099E-05 0.7242 9.99099E-05 9.99099E-05
9.9874E-05 9.9874E-05 0.0836985 9.9874E-05 9.9874E-05 9.9874E-05 9.9874E-05 9.9874E-05 9.9874E-05 9.9874E-05 9.9874E-05 9.9874E-05 9.9874E-05 0.914903 9.9874E-05 9.9874E-05
9.99099E-05 9.99099E-05 0.021874 9.99099E-05 9.99099E-05 0.0810971 9.99099E-05 0.0361467 0.467801 0.0481425 9.99099E-05 0.34394 9.99099E-05 9.99099E-05 9.99099E-05 9.99099E-05
9.98651E-05 9.98651E-05 9.98651E-05 9.98651E-05 9.98651E-05 9.98651E-05 9.98651E-05 9.98651E-05 9.98651E-05 9.98651E-05 9.98651E-05 9.98651E-05 9.98651E-05 0.998502 9.98651E-05 9.98651E-05
9.99099E-05 9.99099E-05 9.99099E-05 9.99099E-05 9.99099E-05 0.431831 0.270428 0.0543286 0.030987 9.99099E-05 9.99099E-05 0.168185 9.99099E-05 9.99099E-05 9.99099E-05 0.0432405
9.98649E-05 9.98649E-05 9.98649E-05 9.98649E-05 9.98649E-05 9.98649E-05 9.98649E-05 9.98649E-05 9.98649E-05 0.998502 9.98649E-05 9.98649E-05 9.98649E-05 9.98649E-05 9.98649E-05 9.98649E-05
9.98738E-05 9.98738E-05 9.98738E-05 9.98738E-05 9.98738E-05 9.98738E-05 9.98738E-05 9.98738E-05 9.98738E-05 0.297745 9.98738E-05 9.98738E-05 9.98738E-05 0.700857 9.98738E-05 9.98738E-05
0.322964 0.0158971 9.98832E-05 9.98832E-05 9.98832E-05 9.98832E-05 9.98832E-05 9.98832E-05 9.98832E-05 9.98832E-05 9.98832E-05 9.98832E-05 0.65984 9.98832E-05 9.98832E-05 9.98832E-05
0.774739 9.98742E-05 9.98742E-05 9.98742E-05 9.98742E-05 9.98742E-05 9.98742E-05 9.98742E-05 9.98742E-05 9.98742E-05 9.98742E-05 9.98742E-05 0.223863 9.98742E-05 9.98742E-05 9.98742E-05
9.99098E-05 9.99098E-05 0.0316607 9.99098E-05 9.99098E-05 0.0664936 9.99098E-05 0.0574466 0.0838162 9.99098E-05 0.00316841 9.99098E-05 9.99098E-05 9.99098E-05 9.99098E-05 0.756415
9.98651E-05 9.98651E-05 9.98651E-05 9.98651E-05 9.98651E-05 9.98651E-05 9.98651E-05 9.98651E-05 9.98651E-05 9.98651E-05 9.98651E-05 9.98651E-05 0.998502 9.98651E-05 9.98651E-05 9.98651E-05
9.98652E-05 9.98652E-05 9.98652E-05 9.98652E-05 9.98652E-05 9.98652E-05 9.98652E-05 9.98652E-05 9.98652E-05 9.98652E-05 9.98652E-05 9.98652E-05 0.998502 9.98652E-05 9.98652E-05 9.98652E-05
0.189662 9.99013E-05 9.99013E-05 9.99013E-05 0.14049 9.99013E-05 0.0312203 9.99013E-05 9.99013E-05 9.99013E-05 0.534182 9.99013E-05 0.103347 9.99013E-05 9.99013E-05 9.99013E-05
0.014115 9.98829E-05 9.98829E-05 0.0111625 9.98829E-05 9.98829E-05 9.98829E-05 9.98829E-05 9.98829E-05 9.98829E-05 0.973424 9.98829E-05 9.98829E-05 9.98829E-05 9.98829E-05 9.98829E-05
9.98654E-05 9.98654E-05 9.98654E-05 0.998502 9.98654E-05 9.98654E-05 9.98654E-05 9.98654E-05 9.98654E-05 9.98654E-05 9.98654E-05 9.98654E-05 9.98654E-05 9.98654E-05 9.98654E-05 9.98654E-05
0.454058 0.176579 9.98833E-05 9.98833E-05 9.98833E-05 9.98833E-05 9.98833E-05 9.98833E-05 9.98833E-05 9.98833E-05 9.98833E-05 9.98833E-05 0.368064 9.98833E-05 9.98833E-05 9.98833E-05
9.99101E-05 0.247635 9.99101E-05 9.99101E-05 0.661203 0.00742344 9.99101E-05 9.99101E-05 9.99101E-05 9.99101E-05 0.0469325 0.0130072 0.0227998 9.99101E-05 9.99101E-05 9.99101E-05
9.99188E-05 9.99188E-05 0.0930061 9.99188E-05 0.0230929 9.99188E-05 0.0694886 0.249372 0.0438972 9.99188E-05 0.0077119 9.99188E-05 9.99188E-05 9.99188E-05 9.99188E-05 0.512532
0.268239 0.0208285 9.99189E-05 9.99189E-05 9.99189E-05 9.99189E-05 0.020098 0.011514 9.99189E-05 9.99189E-05 9.99189E-05 9.99189E-05 0.670728 9.99189E-05 0.00322721 0.00446567
9.98831E-05 0.0429796 9.98831E-05 9.98831E-05 9.98831E-05 0.946288 9.98831E-05 0.00943391 9.98831E-05 9.98831E-05 9.98831E-05 9.98831E-05 9.98831E-05 9.98831E-05 9.98831E-05 9.98831E-05
9.99189E-05 0.0720707 9.99189E-05 0.172122 9.99189E-05 0.0671563 0.0999925 0.0177732 0.558415 9.99189E-05 9.99189E-05 9.99189E-05 9.99189E-05 0.0115711 9.99189E-05 9.99189E-05
0.00956909 9.9874E-05 9.9874E-05 9.9874E-05 9.9874E-05 9.9874E-05 9.9874E-05 0.989033 9.9874E-05 9.9874E-05 9.9874E-05 9.9874E-05 9.9874E-05 9.9874E-05 9.9874E-05 9.9874E-05
0.0165239 9.9874E-05 9.9874E-05 9.9874E-05 9.9874E-05 9.9874E-05 0.982078 9.9874E-05 9.9874E-05 9.9874E-05 9.9874E-05 9.9874E-05 9.9874E-05 9.9874E-05 9.9874E-05 9.9874E-05
9.9865E-05 9.9865E-05 9.9865E-05 9.9865E-05 9.9865E-05 9.9865E-05 0.998502 9.9865E-05 9.9865E-05 9.9865E-05 9.9865E-05 9.9865E-05 9.9865E-05 9.9865E-05 9.9865E-05 9.9865E-05
9.99009E-05 9.99009E-05 9.99009E-05 9.99009E-05 9.99009E-05 0.0455575 0.0491948 0.00943669 0.881716 9.99009E-05 9.99009E-05 0.0129964 9.99009E-05 9.99009E-05 9.99009E-05 9.99009E-05
9.9901E-05 9.9901E-05 9.9901E-05 9.9901E-05 9.9901E-05 9.9901E-05 9.9901E-05 9.9901E-05 0.0238973 9.9901E-05 9.9901E-05 0.831375 9.9901E-05 0.0179456 0.0991518 0.0265318
9.991E-05 9.991E-05 0.00337185 9.991E-05 9.991E-05 0.0369584 9.991E-05 0.0445643 0.894781 0.00925853 9.991E-05 0.0100667 9.991E-05 9.991E-05 9.991E-05 9.991E-05
9.99278E-05 9.99278E-05 9.99278E-05 0.0328008 9.99278E-05 0.0372208 0.166305 9.99278E-05 0.194701 0.366374 9.99278E-05 0.0826112 9.99278E-05 9.99278E-05 0.00154443 0.117645
0.0354339 9.9946E-05 9.9946E-05 0.00270215 9.9946E-05 0.104166 0.233082 9.9946E-05 0.326916 0.150522 0.0268728 0.0864248 9.9946E-05 9.9946E-05 0.00314151 0.03014
0.0256009 9.993E-05 9.993E-05 9.993E-05 0.00545432 0.214131 0.0145426 0.248381 0.211851 9.993E-05 0.107511 9.993E-05 9.993E-05 9.993E-05 0.00213228 0.169696
9.98659E-05 9.98659E-05 9.98659E-05 9.98659E-05 9.98659E-05 0.998502 9.98659E-05 9.98659E-05 9.98659E-05 9.98659E-05 9.98659E-05 9.98659E-05 9.98659E-05 9.98659E-05 9.98659E-05 9.98659E-05
9.98741E-05 9.98741E-05 9.98741E-05 9.98741E-05 0.988605 9.98741E-05 9.98741E-05 9.98741E-05 9.98741E-05 9.98741E-05 0.0099967 9.98741E-05 9.98741E-05 9.98741E-05 9.98741E-05 9.98741E-05
9.98831E-05 9.98831E-05 9.98831E-05 9.98831E-05 0.95418 9.98831E-05 9.98831E-05 0.0285228 0.0159988 9.98831E-05 9.98831E-05 9.98831E-05 9.98831E-05 9.98831E-05 9.98831E-05 9.98831E-05
0.0169037 9.98742E-05 9.98742E-05 9.98742E-05 0.981698 9.98742E-05 9.98742E-05 9.98742E-05 9.98742E-05 9.98742E-05 9.98742E-05 9.98742E-05 9.98742E-05 9.98742E-05 9.98742E-05 9.98742E-05
9.98653E-05 9.98653E-05 9.98653E-05 9.98653E-05 0.998502 9.98653E-05 9.98653E-05 9.98653E-05 9.98653E-05 9.98653E-05 9.98653E-05 9.98653E-05 9.98653E-05 9.98653E-05 9.98653E-05 9.98653E-05
9.98653E-05 9.98653E-05 9.98653E-05 9.98653E-05 0.998502 9.98653E-05 9.98653E-05 9.98653E-05 9.98653E-05 9.98653E-05 9.98653E-05 9.98653E-05 9.98653E-05 9.98653E-05 9.98653E-05 9.98653E-05
9.99192E-05 0.170094 9.99192E-05 0.00183697 0.326193 9.99192E-05 9.99192E-05 9.99192E-05 9.99192E-05 0.0498022 0.322455 0.0770093 9.99192E-05 9.99192E-05 0.0517103 9.99192E-05
9.98741E-05 9.98741E-05 9.98741E-05 0.0739867 0.924615 9.98741E-05 9.98741E-05 9.98741E-05 9.98741E-05 9.98741E-05 9.98741E-05 9.98741E-05 9.98741E-05 9.98741E-05 9.98741E-05 9.98741E-05
9.98739E-05 9.98739E-05 9.98739E-05 9.98739E-05 9.98739E-05 0.801218 9.98739E-05 9.98739E-05 9.98739E-05 9.98739E-05 9.98739E-05 0.197384 9.98739E-05 9.98739E-05 9.98739E-05 9.98739E-05
9.98919E-05 9.98919E-05 9.98919E-05 0.921604 0.0193582 0.00410833 9.98919E-05 9.98919E-05 9.98919E-05 9.98919E-05 9.98919E-05 9.98919E-05 9.98919E-05 9.98919E-05 0.0537312 9.98919E-05
0.469743 9.99009E-05 9.99009E-05 0.0137427 9.99009E-05 9.99009E-05 0.00332079 0.0140594 9.99009E-05 9.99009E-05 9.99009E-05 9.99009E-05 0.498035 9.99009E-05 9.99009E-05 9.99009E-05
9.98921E-05 9.98921E-05 0.0228467 9.98921E-05 9.98921E-05 9.98921E-05 0.144525 9.98921E-05 9.98921E-05 9.98921E-05 9.98921E-05 0.0130954 9.98921E-05 9.98921E-05 9.98921E-05 0.818334
9.98775E-05 9.98775E-05 9.98775E-05 9.98775E-05 9.98775E-05 9.98775E-05 9.98775E-05 9.98775E-05 9.98775E-05 9.98775E-05 9.98775E-05 0.940855 9.98775E-05 9.98775E-05 9.98775E-05 0.0577468
9.98834E-05 0.014908 9.98834E-05 9.98834E-05 9.98834E-05 9.98834E-05 9.98834E-05 9.98834E-05 9.98834E-05 9.98834E-05 9.98834E-05 9.98834E-05 9.98834E-05 9.98834E-05 0.0236946 0.960099
0.0115633 9.98829E-05 9.98829E-05 9.98829E-05 9.98829E-05 9.98829E-05 9.98829E-05 9.98829E-05 0.100985 9.98829E-05 9.98829E-05 9.98829E-05 9.98829E-05 9.98829E-05 9.98829E-05 0.886153
9.99008E-05 9.99008E-05 0.064571 9.99008E-05 9.99008E-05 9.99008E-05 9.99008E-05 9.99008E-05 0.115524 0.00871098 9.99008E-05 9.99008E-05 9.99008E-05 0.00190854 9.99008E-05 0.808186
9.98834E-05 9.98834E-05 9.98834E-05 9.98834E-05 9.98834E-05 0.0434837 0.024374 9.98834E-05 9.98834E-05 9.98834E-05 9.98834E-05 9.98834E-05 9.98834E-05 0.930844 9.98834E-05 9.98834E-05
0.304676 9.98746E-05 9.98746E-05 9.98746E-05 9.98746E-05 9.98746E-05 9.98746E-05 9.98746E-05 9.98746E-05 9.98746E-05 9.98746E-05 9.98746E-05 0.693926 9.98746E-05 9.98746E-05 9.98746E-05
0.027754 9.9982E-05 0.0695086 0.0359301 0.106423 0.103103 0.120567 9.9982E-05 0.0511773 0.111785 0.0369899 0.00207495 0.202438 0.000459797 0.0132614 0.118327
0.917282 0.0681605 9.98834E-05 9.98834E-05 9.98834E-05 9.98834E-05 9.98834E-05 9.98834E-05 9.98834E-05 9.98834E-05 9.98834E-05 9.98834E-05 9.98834E-05 9.98834E-05 9.98834E-05 0.0132587
0.636983 9.9919E-05 9.9919E-05 9.9919E-05 0.0131461 9.9919E-05 0.00580909 0.0133947 9.9919E-05 9.9919E-05 0.0483962 9.9919E-05 0.261224 9.9919E-05 0.0201473 9.9919E-05
9.98651E-05 9.98651E-05 9.98651E-05 9.98651E-05 9.98651E-05 9.98651E-05 9.98651E-05 9.98651E-05 9.98651E-05 9.98651E-05 9.98651E-05 9.98651E-05 0.998502 9.98651E-05 9.98651E-05 9.98651E-05
9.98832E-05 9.98832E-05 9.98832E-05 9.98832E-05 9.98832E-05 0.00682811 9.98832E-05 9.98832E-05 9.98832E-05 9.98832E-05 9.98832E-05 9.98832E-05 0.987497 9.98832E-05 0.00437669 9.98832E-05
0.532226 9.98921E-05 9.98921E-05 9.98921E-05 9.98921E-05 9.98921E-05 0.0630008 9.98921E-05 9.98921E-05 9.98921E-05 0.236254 9.98921E-05 0.167321 9.98921E-05 9.98921E-05 9.98921E-05
0.434007 9.98919E-05 9.98919E-05 9.98919E-05 9.98919E-05 9.98919E-05 0.0221477 0.0170991 9.98919E-05 9.98919E-05 9.98919E-05 9.98919E-05 0.525548 9.98919E-05 9.98919E-05 9.98919E-05
9.98738E-05 0.938382 9.98738E-05 9.98738E-05 0.06022 9.98738E-05 9.98738E-05 9.98738E-05 9.98738E-05 9.98738E-05 9.98738E-05 9.98738E-05 9.98738E-05 9.98738E-05 9.98738E-05 9.98738E-05
9.98829E-05 0.958972 9.98829E-05 9.98829E-05 9.98829E-05 9.98829E-05 9.98829E-05 9.98829E-05 9.98829E-05 9.98829E-05 9.98829E-05 9.98829E-05 9.98829E-05 9.98829E-05 0.032548 0.00718114
0.896232 9.99011E-05 9.99011E-05 9.99011E-05 0.0404274 9.99011E-05 9.99011E-05 9.99011E-05 9.99011E-05 0.0024249 9.99011E-05 0.0130128 0.0468044 9.99011E-05 9.99011E-05 9.99011E-05
0.00184896 9.9901E-05 0.00679073 9.9901E-05 0.0131016 9.9901E-05 0.00964339 9.9901E-05 9.9901E-05 9.9901E-05 9.9901E-05 0.967516 9.9901E-05 9.9901E-05 9.9901E-05 9.9901E-05
9.9883E-05 9.9883E-05 9.9883E-05 9.9883E-05 0.0104937 9.9883E-05 9.9883E-05 9.9883E-05 9.9883E-05 9.9883E-05 0.00171424 0.986494 9.9883E-05 9.9883E-05 9.9883E-05 9.9883E-05
9.98742E-05 9.98742E-05 0.997805 9.98742E-05 9.98742E-05 0.000797048 9.98742E-05 9.98742E-05 9.98742E-05 9.98742E-05 9.98742E-05 9.98742E-05 9.98742E-05 9.98742E-05 9.98742E-05 9.98742E-05
9.98743E-05 9.98743E-05 0.99809 9.98743E-05 9.98743E-05 9.98743E-05 9.98743E-05 9.98743E-05 9.98743E-05 9.98743E-05 9.98743E-05 9.98743E-05 9.98743E-05 9.98743E-05 9.98743E-05 0.000512013
9.99009E-05 9.99009E-05 9.99009E-05 0.0441578 9.99009E-05 0.00283879 0.180272 9.99009E-05 0.712863 9.99009E-05 9.99009E-05 0.0587693 9.99009E-05 9.99009E-05 9.99009E-05 9.99009E-05
9.9901E-05 9.9901E-05 9.9901E-05 0.00495819 9.9901E-05 9.9901E-05 0.184935 9.9901E-05 0.707974 9.9901E-05 9.9901E-05 0.0777359 9.9901E-05 9.9901E-05 9.9901E-05 0.0232976
9.98922E-05 0.0063749 0.949733 0.0194326 9.98922E-05 9.98922E-05 9.98922E-05 9.98922E-05 9.98922E-05 9.98922E-05 9.98922E-05 0.0232607 9.98922E-05 9.98922E-05 9.98922E-05 9.98922E-05
9.98652E-05 9.98652E-05 0.998502 9.98652E-05 9.98652E-05 9.98652E-05 9.98652E-05 9.98652E-05 9.98652E-05 9.98652E-05 9.98652E-05 9.98652E-05 9.98652E-05 9.98652E-05 9.98652E-05 9.98652E-05
9.98829E-05 9.98829E-05 9.98829E-05 9.98829E-05 0.0198514 0.969032 9.98829E-05 9.98829E-05 9.98829E-05 9.98829E-05 9.98829E-05 9.98829E-05 9.98829E-05 9.98829E-05 9.98829E-05 0.00981784
9.99009E-05 9.99009E-05 9.99009E-05 9.99009E-05 9.99009E-05 9.99009E-05 0.711633 9.99009E-05 9.99009E-05 9.99009E-05 9.99009E-05 0.0252171 9.99009E-05 0.0247635 0.133049 0.104239
9.9883E-05 9.9883E-05 9.9883E-05 0.881936 0.053488 9.9883E-05 9.9883E-05 9.9883E-05 9.9883E-05 9.9883E-05 9.9883E-05 9.9883E-05 9.9883E-05 9.9883E-05 0.063278 9.9883E-05
0.0329578 9.98829E-05 9.98829E-05 9.98829E-05 9.98829E-05 9.98829E-05 9.98829E-05 9.98829E-05 9.98829E-05 0.727435 9.98829E-05 9.98829E-05 9.98829E-05 9.98829E-05 9.98829E-05 0.238309
9.99102E-05 9.99102E-05 0.112614 9.99102E-05 9.99102E-05 0.108075 9.99102E-05 0.205058 9.99102E-05 0.232217 9.99102E-05 0.0282109 9.99102E-05 9.99102E-05 9.99102E-05 0.312825
9.9865E-05 9.9865E-05 9.9865E-05 9.9865E-05 9.9865E-05 9.9865E-05 9.9865E-05 9.9865E-05 9.9865E-05 9.9865E-05 0.998502 9.9865E-05 9.9865E-05 9.9865E-05 9.9865E-05 9.9865E-05
