9.9991E-05 0.962822 0.0370783
0.304089 0.381015 0.314897
0.835057 0.0706456 0.0942974
0.95542 0.00137392 0.0432061
0.441014 0.22277 0.336216
0.9998 9.999E-05 9.999E-05
0.0216592 0.458029 0.520312
0.382045 0.0789063 0.539048
9.9991E-05 0.42471 0.57519
9.9991E-05 0.823337 0.176563
9.9991E-05 0.822188 0.177712
0.105267 0.894633 9.9991E-05
0.102853 0.897047 9.9991E-05
0.978209 0.0216911 9.9991E-05
0.982211 0.0176889 9.9991E-05
0.0145251 0.852104 0.133371
0.0689404 0.93096 9.9991E-05
9.99911E-05 0.951171 0.0487291
9.999E-05 0.9998 9.999E-05
9.9991E-05 0.930108 0.0697921
9.999E-05 0.9998 9.999E-05
9.9991E-05 0.946324 0.0535755
0.0420596 0.911809 0.0461317
9.999E-05 0.9998 9.999E-05
0.983477 9.9991E-05 0.0164229
0.9998 9.999E-05 9.999E-05
9.9991E-05 0.976857 0.0230433
0.915511 9.9991E-05 0.0843888
0.887139 9.9991E-05 0.112761
0.693342 0.0397156 0.266943
0.673504 9.9991E-05 0.326396
0.100531 0.222176 0.677293
0.9998 9.999E-05 9.999E-05
0.0438773 9.9991E-05 0.956023
0.141013 0.858887 9.9991E-05
0.984483 0.0154174 9.9991E-05
0.116465 0.883435 9.9991E-05
9.9991E-05 0.742289 0.257611
0.193701 0.806199 9.9991E-05
0.166413 0.833487 9.99909E-05
0.0842504 0.857485 0.0582641
9.9991E-05 0.947283 0.0526168
9.9991E-05 0.84553 0.15437
9.9991E-05 0.89652 0.10338
9.9991E-05 0.909792 0.0901077
0.059918 0.833961 0.106121
0.14487 0.783507 0.0716226
9.99911E-05 0.949994 0.0499059
9.999E-05 9.999E-05 0.9998
9.999E-05 9.999E-05 0.9998
9.999E-05 9.999E-05 0.9998
9.999E-05 9.999E-05 0.9998
9.999E-05 9.999E-05 0.9998
0.234061 0.136332 0.629607
9.999E-05 9.999E-05 0.9998
9.9991E-05 0.956045 0.0438552
0.0681934 0.221196 0.71061
0.9998 9.999E-05 9.999E-05
0.0103447 0.949437 0.0402181
0.0881663 0.84016 0.0716736
0.0344529 0.965447 9.9991E-05
0.0316448 0.968255 9.9991E-05
9.999E-05 0.9998 9.999E-05
9.999E-05 0.9998 9.999E-05
0.9998 9.999E-05 9.999E-05
0.279055 0.557406 0.16354
0.988316 9.9991E-05 0.0115836
0.974483 9.9991E-05 0.0254171
0.89254 9.9991E-05 0.10736
0.924702 9.9991E-05 0.075198
0.977713 0.0221875 9.9991E-05
0.998277 9.9991E-05 0.00162326
0.480785 9.99911E-05 0.519115
0.521775 0.0288434 0.449382
0.994111 0.00578917 9.9991E-05
0.0622208 0.729368 0.208411
0.0524179 0.74336 0.204222
0.164564 0.835336 9.9991E-05
0.150195 0.849705 9.9991E-05
9.99909E-05 0.847535 0.152365
9.99909E-05 0.856108 0.143792
0.161123 0.838777 9.9991E-05
0.137458 0.862442 9.9991E-05
9.9991E-05 0.913073 0.086827
9.9991E-05 0.892875 0.107025
0.06812 0.232361 0.699519
0.122067 0.877833 9.99911E-05
0.0289886 0.970911 9.9991E-05
0.64541 0.0239404 0.33065
