9.98918E-05 0.049908 9.98918E-05 9.98918E-05 0.0163138 9.98918E-05 9.98918E-05 0.932579 9.98918E-05 9.98918E-05 9.98918E-05 9.98918E-05 9.98918E-05 9.98918E-05 9.98918E-05
9.99009E-05 9.99009E-05 9.99009E-05 9.99009E-05 0.00140364 9.99009E-05 9.99009E-05 9.99009E-05 0.67455 9.99009E-05 9.99009E-05 9.99009E-05 9.99009E-05 0.158337 0.164611
9.98741E-05 9.98741E-05 9.98741E-05 9.98741E-05 9.98741E-05 9.98741E-05 9.98741E-05 9.98741E-05 9.98741E-05 0.998602 9.98741E-05 9.98741E-05 9.98741E-05 9.98741E-05 9.98741E-05
9.9901E-05 9.9901E-05 0.0249615 9.9901E-05 0.0402258 9.9901E-05 9.9901E-05 9.9901E-05 9.9901E-05 9.9901E-05 9.9901E-05 9.9901E-05 0.0255539 0.90816 9.9901E-05
9.99371E-05 0.0864299 9.99371E-05 9.99371E-05 9.99371E-05 0.0380841 9.99371E-05 0.0264092 0.0396347 9.99371E-05 9.99371E-05 0.267616 0.0776869 0.44142 0.0220192
0.0142639 9.9883E-05 9.9883E-05 9.9883E-05 9.9883E-05 9.9883E-05 9.9883E-05 9.9883E-05 9.9883E-05 9.9883E-05 9.9883E-05 9.9883E-05 9.9883E-05 0.984438 9.9883E-05
9.98739E-05 9.98739E-05 9.98739E-05 9.98739E-05 9.98739E-05 9.98739E-05 9.98739E-05 9.98739E-05 9.98739E-05 9.98739E-05 9.98739E-05 0.998602 9.98739E-05 9.98739E-05 9.98739E-05
9.99101E-05 0.0742274 0.491279 9.99101E-05 9.99101E-05 9.99101E-05 9.99101E-05 9.99101E-05 0.129294 9.99101E-05 9.99101E-05 0.118697 0.185504 9.99101E-05 9.99101E-05
9.99008E-05 9.99008E-05 9.99008E-05 9.99008E-05 0.00066937 9.99008E-05 0.0227128 9.99008E-05 0.0508762 9.99008E-05 9.99008E-05 0.924643 9.99008E-05 9.99008E-05 9.99008E-05
9.9883E-05 0.857515 9.9883E-05 9.9883E-05 9.9883E-05 9.9883E-05 9.9883E-05 9.9883E-05 9.9883E-05 9.9883E-05 9.9883E-05 0.141187 9.9883E-05 9.9883E-05 9.9883E-05
9.98832E-05 0.907663 9.98832E-05 9.98832E-05 9.98832E-05 9.98832E-05 9.98832E-05 9.98832E-05 9.98832E-05 9.98832E-05 9.98832E-05 0.0910381 9.98832E-05 9.98832E-05 9.98832E-05
9.991E-05 9.991E-05 9.991E-05 9.991E-05 0.120653 0.0192102 9.991E-05 0.66048 9.991E-05 0.0353844 0.163274 9.991E-05 9.991E-05 9.991E-05 9.991E-05
9.98923E-05 9.98923E-05 0.00819273 9.98923E-05 9.98923E-05 9.98923E-05 9.98923E-05 9.98923E-05 9.98923E-05 9.98923E-05 0.97669 0.0139182 9.98923E-05 9.98923E-05 9.98923E-05
9.98921E-05 9.98921E-05 9.98921E-05 0.018124 9.98921E-05 9.98921E-05 9.98921E-05 9.98921E-05 0.0259969 9.98921E-05 9.98921E-05 9.98921E-05 9.98921E-05 0.95468 9.98921E-05
9.98931E-05 9.98931E-05 9.98931E-05 0.0106359 9.98931E-05 9.98931E-05 9.98931E-05 0.00231283 9.98931E-05 9.98931E-05 9.98931E-05 9.98931E-05 9.98931E-05 0.985853 9.98931E-05
9.9901E-05 0.0551124 9.9901E-05 9.9901E-05 9.9901E-05 0.0361149 0.75317 9.9901E-05 9.9901E-05 9.9901E-05 0.154504 9.9901E-05 9.9901E-05 9.9901E-05 9.9901E-05
9.98828E-05 0.0827493 9.98828E-05 9.98828E-05 9.98828E-05 0.915952 9.98828E-05 9.98828E-05 9.98828E-05 9.98828E-05 9.98828E-05 9.98828E-05 9.98828E-05 9.98828E-05 9.98828E-05
0.0111185 0.053576 9.99459E-05 0.720848 9.99459E-05 9.99459E-05 0.00415879 0.00458844 0.000534822 9.99459E-05 9.99459E-05 0.00191988 0.0551774 9.99459E-05 0.147479
0.108128 9.98921E-05 9.98921E-05 0.851157 0.0395155 9.98921E-05 9.98921E-05 9.98921E-05 9.98921E-05 9.98921E-05 9.98921E-05 9.98921E-05 9.98921E-05 9.98921E-05 9.98921E-05
9.99099E-05 0.429162 9.99099E-05 9.99099E-05 0.00871162 0.081043 0.345031 0.135053 9.99099E-05 9.99099E-05 9.99099E-05 9.99099E-05 9.99099E-05 9.99099E-05 9.99099E-05
9.98831E-05 9.98831E-05 9.98831E-05 0.975947 9.98831E-05 9.98831E-05 9.98831E-05 9.98831E-05 9.98831E-05 0.0227549 9.98831E-05 9.98831E-05 9.98831E-05 9.98831E-05 9.98831E-05
9.99189E-05 0.0564093 9.99189E-05 9.99189E-05 9.99189E-05 0.0541942 0.194782 0.390412 9.99189E-05 9.99189E-05 0.0499123 9.99189E-05 9.99189E-05 9.99189E-05 0.253391
9.991E-05 0.245244 9.991E-05 0.376759 0.121108 0.249084 9.991E-05 9.991E-05 9.991E-05 0.00680555 9.991E-05 9.991E-05 9.991E-05 9.991E-05 9.991E-05
9.9883E-05 0.0577881 9.9883E-05 0.940913 9.9883E-05 9.9883E-05 9.9883E-05 9.9883E-05 9.9883E-05 9.9883E-05 9.9883E-05 9.9883E-05 9.9883E-05 9.9883E-05 9.9883E-05
9.98832E-05 9.98832E-05 0.479752 9.98832E-05 9.98832E-05 9.98832E-05 9.98832E-05 9.98832E-05 9.98832E-05 9.98832E-05 9.98832E-05 9.98832E-05 9.98832E-05 0.51895 9.98832E-05
9.98831E-05 9.98831E-05 0.0799983 9.98831E-05 9.98831E-05 9.98831E-05 9.98831E-05 9.98831E-05 9.98831E-05 9.98831E-05 9.98831E-05 9.98831E-05 9.98831E-05 0.918703 9.98831E-05
9.99189E-05 0.0871246 9.99189E-05 9.99189E-05 0.0326744 0.0311672 0.0312798 0.0389532 9.99189E-05 9.99189E-05 0.777902 9.99189E-05 9.99189E-05 9.99189E-05 9.99189E-05
9.98828E-05 9.98828E-05 0.94524 9.98828E-05 9.98828E-05 9.98828E-05 9.98828E-05 9.98828E-05 9.98828E-05 9.98828E-05 9.98828E-05 9.98828E-05 9.98828E-05 0.0534616 9.98828E-05
9.98919E-05 9.98919E-05 0.983764 9.98919E-05 9.98919E-05 9.98919E-05 9.98919E-05 9.98919E-05 9.98919E-05 9.98919E-05 0.000626847 9.98919E-05 9.98919E-05 0.0144109 9.98919E-05
0.0437721 9.99371E-05 0.569669 9.99371E-05 0.00744921 9.99371E-05 9.99371E-05 9.99371E-05 0.0129448 0.00173702 0.0296704 9.99371E-05 0.104715 0.229343 9.99371E-05
9.99191E-05 9.99191E-05 0.736336 9.99191E-05 0.042387 0.0623798 9.99191E-05 9.99191E-05 0.0299009 9.99191E-05 9.99191E-05 9.99191E-05 0.0896419 0.0384552 9.99191E-05
9.98743E-05 9.98743E-05 9.98743E-05 9.98743E-05 9.98743E-05 9.98743E-05 9.98743E-05 9.98743E-05 0.998602 9.98743E-05 9.98743E-05 9.98743E-05 9.98743E-05 9.98743E-05 9.98743E-05
9.99102E-05 9.99102E-05 0.397159 9.99102E-05 9.99102E-05 9.99102E-05 0.0201176 9.99102E-05 9.99102E-05 0.00543673 9.99102E-05 9.99102E-05 9.99102E-05 0.57169 0.0045976
9.99103E-05 9.99103E-05 0.215072 9.99103E-05 9.99103E-05 9.99103E-05 9.99103E-05 9.99103E-05 0.0278302 0.000270303 9.99103E-05 0.0274259 0.728403 9.99103E-05 9.99103E-05
9.99277E-05 0.0198389 0.0650403 9.99277E-05 0.10741 0.257293 9.99277E-05 0.0130737 9.99277E-05 9.99277E-05 0.478569 9.99277E-05 9.99277E-05 9.99277E-05 0.0579759
9.98918E-05 9.98918E-05 0.52424 9.98918E-05 9.98918E-05 9.98918E-05 9.98918E-05 9.98918E-05 9.98918E-05 9.98918E-05 9.98918E-05 9.98918E-05 9.98918E-05 0.462041 0.0125201
9.9892E-05 9.9892E-05 9.9892E-05 9.9892E-05 9.9892E-05 0.0321389 9.9892E-05 0.931378 9.9892E-05 0.0352842 9.9892E-05 9.9892E-05 9.9892E-05 9.9892E-05 9.9892E-05
0.0255894 0.574107 9.99189E-05 9.99189E-05 9.99189E-05 9.99189E-05 9.99189E-05 0.0947527 0.152883 0.0438623 9.99189E-05 9.99189E-05 9.99189E-05 9.99189E-05 0.107907
9.98828E-05 9.98828E-05 9.98828E-05 9.98828E-05 9.98828E-05 0.982469 9.98828E-05 9.98828E-05 9.98828E-05 9.98828E-05 9.98828E-05 9.98828E-05 9.98828E-05 0.0162325 9.98828E-05
9.9883E-05 9.9883E-05 9.9883E-05 9.9883E-05 9.9883E-05 9.9883E-05 9.9883E-05 9.9883E-05 9.9883E-05 9.9883E-05 9.9883E-05 9.9883E-05 9.9883E-05 0.0129024 0.985799
9.9874E-05 9.9874E-05 9.9874E-05 9.9874E-05 9.9874E-05 9.9874E-05 9.9874E-05 9.9874E-05 9.9874E-05 9.9874E-05 9.9874E-05 9.9874E-05 9.9874E-05 9.9874E-05 0.998602
9.99099E-05 0.881446 9.99099E-05 9.99099E-05 9.99099E-05 9.99099E-05 0.0323097 0.00937819 9.99099E-05 9.99099E-05 0.0105958 9.99099E-05 9.99099E-05 9.99099E-05 0.0652714
9.991E-05 9.991E-05 9.991E-05 0.00552915 9.991E-05 9.991E-05 0.830215 0.0491961 9.991E-05 9.991E-05 0.0611548 0.0529056 9.991E-05 9.991E-05 9.991E-05
9.9919E-05 0.911694 0.0110766 9.9919E-05 0.00684576 0.0193512 0.0113991 0.0387339 9.9919E-05 9.9919E-05 9.9919E-05 9.9919E-05 9.9919E-05 9.9919E-05 9.9919E-05
9.99279E-05 0.351237 9.99279E-05 0.104363 0.0741689 9.99279E-05 0.00169813 9.99279E-05 0.0531529 9.99279E-05 0.203379 9.99279E-05 9.99279E-05 9.99279E-05 0.211202
0.0956829 0.399984 9.99549E-05 9.99549E-05 9.99549E-05 0.0352791 0.140754 0.0327571 0.036719 0.00567165 0.0252561 9.99549E-05 9.99549E-05 0.0639757 0.163421
0.014389 0.210443 9.99369E-05 9.99369E-05 9.99369E-05 0.304251 9.99369E-05 0.221083 9.99369E-05 9.99369E-05 0.075758 0.0706835 0.0134371 0.0892554 9.99369E-05
9.98839E-05 9.98839E-05 9.98839E-05 0.00754552 9.98839E-05 9.98839E-05 9.98839E-05 0.991156 9.98839E-05 9.98839E-05 9.98839E-05 9.98839E-05 9.98839E-05 9.98839E-05 9.98839E-05
9.98741E-05 9.98741E-05 9.98741E-05 9.98741E-05 9.98741E-05 9.98741E-05 9.98741E-05 9.98741E-05 9.98741E-05 9.98741E-05 9.98741E-05 9.98741E-05 0.998602 9.98741E-05 9.98741E-05
9.98741E-05 9.98741E-05 9.98741E-05 9.98741E-05 9.98741E-05 9.98741E-05 9.98741E-05 9.98741E-05 9.98741E-05 9.98741E-05 9.98741E-05 9.98741E-05 0.998602 9.98741E-05 9.98741E-05
9.98832E-05 9.98832E-05 9.98832E-05 9.98832E-05 9.98832E-05 9.98832E-05 0.00733323 9.98832E-05 9.98832E-05 9.98832E-05 9.98832E-05 9.98832E-05 0.991368 9.98832E-05 9.98832E-05
9.98742E-05 9.98742E-05 9.98742E-05 9.98742E-05 9.98742E-05 9.98742E-05 9.98742E-05 9.98742E-05 9.98742E-05 9.98742E-05 9.98742E-05 9.98742E-05 0.998602 9.98742E-05 9.98742E-05
9.99011E-05 9.99011E-05 0.0222515 9.99011E-05 0.000559415 9.99011E-05 9.99011E-05 9.99011E-05 9.99011E-05 0.0093289 9.99011E-05 9.99011E-05 0.966761 9.99011E-05 9.99011E-05
0.0131938 0.0845603 0.298819 0.00957438 9.99641E-05 9.99641E-05 0.0560608 9.99641E-05 0.0510591 0.0259896 0.0083987 0.0577746 0.38656 9.99641E-05 0.00760905
9.9892E-05 9.9892E-05 9.9892E-05 9.9892E-05 9.9892E-05 9.9892E-05 9.9892E-05 0.00846457 0.0874621 9.9892E-05 9.9892E-05 9.9892E-05 0.902875 9.9892E-05 9.9892E-05
9.98828E-05 9.98828E-05 9.98828E-05 9.98828E-05 9.98828E-05 9.98828E-05 0.190961 0.807741 9.98828E-05 9.98828E-05 9.98828E-05 9.98828E-05 9.98828E-05 9.98828E-05 9.98828E-05
9.99234E-05 9.99234E-05 9.99234E-05 9.99234E-05 9.99234E-05 9.99234E-05 0.00190475 0.00877524 0.899633 0.00186086 9.99234E-05 0.0455962 0.0413307 9.99234E-05 9.99234E-05
9.98801E-05 9.98801E-05 0.339202 9.98801E-05 9.98801E-05 9.98801E-05 9.98801E-05 9.98801E-05 9.98801E-05 9.98801E-05 9.98801E-05 9.98801E-05 9.98801E-05 0.649994 0.00960547
9.99011E-05 9.99011E-05 9.99011E-05 9.99011E-05 0.00802639 9.99011E-05 9.99011E-05 9.99011E-05 9.99011E-05 9.99011E-05 0.831915 9.99011E-05 0.0119571 9.99011E-05 0.147003
9.98834E-05 9.98834E-05 9.98834E-05 9.98834E-05 9.98834E-05 9.98834E-05 0.902271 9.98834E-05 9.98834E-05 9.98834E-05 0.0964309 9.98834E-05 9.98834E-05 9.98834E-05 9.98834E-05
9.98834E-05 9.98834E-05 9.98834E-05 9.98834E-05 9.98834E-05 9.98834E-05 9.98834E-05 9.98834E-05 9.98834E-05 9.98834E-05 0.9316 0.0671011 9.98834E-05 9.98834E-05 9.98834E-05
9.98919E-05 0.104776 9.98919E-05 9.98919E-05 9.98919E-05 9.98919E-05 9.98919E-05 9.98919E-05 9.98919E-05 0.0201779 0.873848 9.98919E-05 9.98919E-05 9.98919E-05 9.98919E-05
9.99009E-05 0.0794293 9.99009E-05 9.99009E-05 0.0557596 9.99009E-05 9.99009E-05 9.99009E-05 9.99009E-05 9.99009E-05 0.831172 9.99009E-05 9.99009E-05 9.99009E-05 0.0325404
0.998602 9.9874E-05 9.9874E-05 9.9874E-05 9.9874E-05 9.9874E-05 9.9874E-05 9.9874E-05 9.9874E-05 9.9874E-05 9.9874E-05 9.9874E-05 9.9874E-05 9.9874E-05 9.9874E-05
9.98923E-05 9.98923E-05 0.452059 9.98923E-05 9.98923E-05 9.98923E-05 9.98923E-05 9.98923E-05 9.98923E-05 0.0523577 9.98923E-05 9.98923E-05 9.98923E-05 0.494385 9.98923E-05
9.9973E-05 0.0913217 0.151742 0.0301463 0.0528383 0.028875 0.156888 0.0381824 0.181617 0.0269758 0.0661878 9.9973E-05 0.102567 0.0723585 9.9973E-05
9.99014E-05 9.99014E-05 0.0392806 9.99014E-05 9.99014E-05 9.99014E-05 9.99014E-05 9.99014E-05 9.99014E-05 0.114836 9.99014E-05 9.99014E-05 0.0240109 0.820773 9.99014E-05
9.99189E-05 9.99189E-05 0.192446 9.99189E-05 9.99189E-05 0.00619076 9.99189E-05 0.0237979 9.99189E-05 9.99189E-05 9.99189E-05 9.99189E-05 0.0125627 0.751232 0.0128713
9.98828E-05 9.98828E-05 0.944081 9.98828E-05 9.98828E-05 9.98828E-05 0.0546208 9.98828E-05 9.98828E-05 9.98828E-05 9.98828E-05 9.98828E-05 9.98828E-05 9.98828E-05 9.98828E-05
9.98919E-05 9.98919E-05 0.931471 9.98919E-05 9.98919E-05 9.98919E-05 0.0264847 9.98919E-05 9.98919E-05 9.98919E-05 9.98919E-05 9.98919E-05 9.98919E-05 0.040846 9.98919E-05
9.99183E-05 0.0571822 0.246387 9.99183E-05 9.99183E-05 9.99183E-05 9.99183E-05 9.99183E-05 0.00740033 9.99183E-05 9.99183E-05 0.0307648 9.99183E-05 0.657267 9.99183E-05
9.98919E-05 9.98919E-05 0.339478 9.98919E-05 9.98919E-05 9.98919E-05 9.98919E-05 9.98919E-05 9.98919E-05 9.98919E-05 9.98919E-05 9.98919E-05 9.98919E-05 0.658625 0.000698246
9.99193E-05 9.99193E-05 0.525427 9.99193E-05 9.99193E-05 0.0249397 9.99193E-05 9.99193E-05 9.99193E-05 0.0448162 9.99193E-05 0.175716 0.225738 0.0024645 9.99193E-05
9.98836E-05 9.98836E-05 0.652128 9.98836E-05 9.98836E-05 9.98836E-05 9.98836E-05 9.98836E-05 9.98836E-05 9.98836E-05 9.98836E-05 0.346573 9.98836E-05 9.98836E-05 9.98836E-05
9.99191E-05 9.99191E-05 9.99191E-05 0.00895951 0.00556907 9.99191E-05 0.0069967 9.99191E-05 9.99191E-05 0.00588271 9.99191E-05 9.99191E-05 0.0288775 0.942815 9.99191E-05
9.9883E-05 9.9883E-05 9.9883E-05 9.9883E-05 9.9883E-05 9.9883E-05 0.974224 9.9883E-05 9.9883E-05 9.9883E-05 9.9883E-05 9.9883E-05 0.0244775 9.9883E-05 9.9883E-05
9.9874E-05 9.9874E-05 9.9874E-05 9.9874E-05 9.9874E-05 9.9874E-05 0.998602 9.9874E-05 9.9874E-05 9.9874E-05 9.9874E-05 9.9874E-05 9.9874E-05 9.9874E-05 9.9874E-05
9.98832E-05 9.98832E-05 9.98832E-05 9.98832E-05 0.979724 9.98832E-05 9.98832E-05 9.98832E-05 9.98832E-05 9.98832E-05 9.98832E-05 9.98832E-05 9.98832E-05 9.98832E-05 0.0189776
9.98832E-05 9.98832E-05 9.98832E-05 9.98832E-05 0.992335 9.98832E-05 9.98832E-05 9.98832E-05 9.98832E-05 9.98832E-05 0.00636621 9.98832E-05 9.98832E-05 9.98832E-05 9.98832E-05
9.99099E-05 0.752674 9.99099E-05 9.99099E-05 9.99099E-05 9.99099E-05 0.048141 9.99099E-05 0.0582804 9.99099E-05 0.0366749 9.99099E-05 9.99099E-05 9.99099E-05 0.10323
9.99099E-05 0.727104 9.99099E-05 9.99099E-05 9.99099E-05 9.99099E-05 0.0683836 9.99099E-05 0.0295611 9.99099E-05 0.043469 9.99099E-05 9.99099E-05 9.99099E-05 0.130483
9.98922E-05 9.98922E-05 9.98922E-05 9.98922E-05 0.975906 9.98922E-05 0.00747543 9.98922E-05 0.01542 9.98922E-05 9.98922E-05 9.98922E-05 9.98922E-05 9.98922E-05 9.98922E-05
9.98742E-05 9.98742E-05 9.98742E-05 9.98742E-05 0.998602 9.98742E-05 9.98742E-05 9.98742E-05 9.98742E-05 9.98742E-05 9.98742E-05 9.98742E-05 9.98742E-05 9.98742E-05 9.98742E-05
9.98919E-05 9.98919E-05 9.98919E-05 9.98919E-05 9.98919E-05 9.98919E-05 0.0136976 0.97163 9.98919E-05 9.98919E-05 9.98919E-05 9.98919E-05 0.0134738 9.98919E-05 9.98919E-05
9.99099E-05 9.99099E-05 9.99099E-05 0.00701349 9.99099E-05 9.99099E-05 0.0147033 9.99099E-05 9.99099E-05 9.99099E-05 0.136186 0.110847 9.99099E-05 9.99099E-05 0.730251
9.9901E-05 0.00043749 9.9901E-05 9.9901E-05 9.9901E-05 9.9901E-05 9.9901E-05 9.9901E-05 0.935134 9.9901E-05 9.9901E-05 0.05374 0.00958996 9.9901E-05 9.9901E-05
0.0675317 0.179685 9.99193E-05 9.99193E-05 0.0367987 0.476728 9.99193E-05 9.99193E-05 9.99193E-05 9.99193E-05 0.216127 9.99193E-05 9.99193E-05 0.0222299 9.99193E-05
9.99012E-05 9.99012E-05 9.99012E-05 9.99012E-05 0.0195552 0.686667 9.99012E-05 0.0870096 9.99012E-05 9.99012E-05 0.205669 9.99012E-05 9.99012E-05 9.99012E-05 9.99012E-05
0.00159871 0.0408179 0.793933 0.0296137 0.0302214 9.99372E-05 9.99372E-05 9.99372E-05 0.027586 9.99372E-05 9.99372E-05 0.00102567 0.0745039 9.99372E-05 9.99372E-05
