0.0210829 9.99009E-05 9.99009E-05 9.99009E-05 9.99009E-05 9.99009E-05 9.99009E-05 9.99009E-05 9.99009E-05 9.99009E-05 0.961829 0.00429552 9.99009E-05 0.0116937 9.99009E-05
9.99008E-05 0.170103 9.99008E-05 9.99008E-05 0.704411 9.99008E-05 9.99008E-05 9.99008E-05 0.0903491 9.99008E-05 0.0340382 9.99008E-05 9.99008E-05 9.99008E-05 9.99008E-05
9.99376E-05 0.355876 0.011273 9.99376E-05 0.0866815 9.99376E-05 0.0756548 0.0744926 9.99376E-05 9.99376E-05 9.99376E-05 0.0522849 0.0107444 9.99376E-05 0.332293
9.9928E-05 0.871155 0.00449799 0.0573473 9.9928E-05 9.9928E-05 9.9928E-05 9.9928E-05 9.9928E-05 0.00259748 9.9928E-05 9.9928E-05 0.00404348 0.0234699 0.0360898
9.9874E-05 9.9874E-05 9.9874E-05 9.9874E-05 9.9874E-05 9.9874E-05 9.9874E-05 0.998602 9.9874E-05 9.9874E-05 9.9874E-05 9.9874E-05 9.9874E-05 9.9874E-05 9.9874E-05
9.9883E-05 0.955434 9.9883E-05 0.0432674 9.9883E-05 9.9883E-05 9.9883E-05 9.9883E-05 9.9883E-05 9.9883E-05 9.9883E-05 9.9883E-05 9.9883E-05 9.9883E-05 9.9883E-05
9.99102E-05 9.99102E-05 0.161063 9.99102E-05 0.459537 9.99102E-05 0.287704 0.0133856 9.99102E-05 0.0773117 9.99102E-05 9.99102E-05 9.99102E-05 9.99102E-05 9.99102E-05
0.0563586 9.99369E-05 0.356597 0.328593 0.116464 9.99369E-05 9.99369E-05 0.0573103 9.99369E-05 9.99369E-05 9.99369E-05 9.99369E-05 0.0341958 0.00222652 0.0475546
0.0110113 9.99102E-05 0.117457 9.99102E-05 0.550359 9.99102E-05 0.157116 9.99102E-05 9.99102E-05 0.163058 9.99102E-05 9.99102E-05 9.99102E-05 9.99102E-05 9.99102E-05
0.942639 9.98833E-05 9.98833E-05 9.98833E-05 9.98833E-05 9.98833E-05 9.98833E-05 0.0560628 9.98833E-05 9.98833E-05 9.98833E-05 9.98833E-05 9.98833E-05 9.98833E-05 9.98833E-05
0.941564 9.98833E-05 9.98833E-05 9.98833E-05 9.98833E-05 9.98833E-05 9.98833E-05 0.0571372 9.98833E-05 9.98833E-05 9.98833E-05 9.98833E-05 9.98833E-05 9.98833E-05 9.98833E-05
9.99101E-05 0.0236115 0.00385891 9.99101E-05 9.99101E-05 9.99101E-05 0.165726 9.99101E-05 9.99101E-05 9.99101E-05 0.689813 9.99101E-05 9.99101E-05 0.115992 9.99101E-05
9.98923E-05 9.98923E-05 0.00414591 0.0342522 9.98923E-05 9.98923E-05 0.960403 9.98923E-05 9.98923E-05 9.98923E-05 9.98923E-05 9.98923E-05 9.98923E-05 9.98923E-05 9.98923E-05
9.99011E-05 0.945568 9.99011E-05 9.99011E-05 0.038094 9.99011E-05 9.99011E-05 9.99011E-05 0.0122762 9.99011E-05 9.99011E-05 0.0029633 9.99011E-05 9.99011E-05 9.99011E-05
0.00953648 0.954271 9.99191E-05 9.99191E-05 9.99191E-05 9.99191E-05 9.99191E-05 0.0159771 9.99191E-05 0.00161232 0.00930862 0.00839491 9.99191E-05 9.99191E-05 9.99191E-05
0.043037 9.99011E-05 9.99011E-05 9.99011E-05 9.99011E-05 9.99011E-05 0.108197 9.99011E-05 0.0670977 0.78057 9.99011E-05 9.99011E-05 9.99011E-05 9.99011E-05 9.99011E-05
0.0687716 9.98828E-05 9.98828E-05 9.98828E-05 9.98828E-05 9.98828E-05 9.98828E-05 9.98828E-05 0.92993 9.98828E-05 9.98828E-05 9.98828E-05 9.98828E-05 9.98828E-05 9.98828E-05
0.0753238 9.99187E-05 9.99187E-05 9.99187E-05 0.0377862 9.99187E-05 9.99187E-05 9.99187E-05 9.99187E-05 0.0163937 0.0329608 0.809901 0.0267355 9.99187E-05 9.99187E-05
9.9892E-05 9.9892E-05 9.9892E-05 9.9892E-05 9.9892E-05 0.944737 9.9892E-05 9.9892E-05 9.9892E-05 9.9892E-05 9.9892E-05 0.00892624 9.9892E-05 0.0451377 9.9892E-05
0.426017 9.99099E-05 9.99099E-05 9.99099E-05 9.99099E-05 9.99099E-05 9.99099E-05 9.99099E-05 0.142784 0.331734 0.0684369 9.99099E-05 9.99099E-05 0.0300292 9.99099E-05
9.9874E-05 9.9874E-05 9.9874E-05 9.9874E-05 9.9874E-05 9.9874E-05 9.9874E-05 9.9874E-05 9.9874E-05 9.9874E-05 9.9874E-05 0.998602 9.9874E-05 9.9874E-05 9.9874E-05
0.103636 9.99189E-05 9.99189E-05 9.99189E-05 9.99189E-05 0.0222238 0.0048456 9.99189E-05 0.0610146 0.262363 0.545017 9.99189E-05 9.99189E-05 9.99189E-05 9.99189E-05
0.13014 9.99101E-05 9.99101E-05 0.0459891 9.99101E-05 9.99101E-05 9.99101E-05 9.99101E-05 0.216732 9.99101E-05 9.99101E-05 0.45193 9.99101E-05 0.154209 9.99101E-05
0.0557182 9.991E-05 9.991E-05 9.991E-05 9.991E-05 0.438002 9.991E-05 9.991E-05 0.0241902 9.991E-05 9.991E-05 0.462603 9.991E-05 0.0184874 9.991E-05
9.98833E-05 0.338177 9.98833E-05 9.98833E-05 9.98833E-05 9.98833E-05 9.98833E-05 9.98833E-05 9.98833E-05 9.98833E-05 9.98833E-05 9.98833E-05 9.98833E-05 9.98833E-05 0.660524
9.98832E-05 0.789838 9.98832E-05 9.98832E-05 9.98832E-05 9.98832E-05 9.98832E-05 9.98832E-05 9.98832E-05 9.98832E-05 9.98832E-05 9.98832E-05 9.98832E-05 9.98832E-05 0.208864
0.0630296 9.99098E-05 9.99098E-05 9.99098E-05 9.99098E-05 9.99098E-05 0.739006 9.99098E-05 0.0526704 9.99098E-05 0.1062 9.99098E-05 9.99098E-05 0.0380944 9.99098E-05
9.98831E-05 9.98831E-05 9.98831E-05 9.98831E-05 9.98831E-05 9.98831E-05 9.98831E-05 9.98831E-05 9.98831E-05 9.98831E-05 9.98831E-05 9.98831E-05 0.00373087 9.98831E-05 0.994971
9.98741E-05 9.98741E-05 9.98741E-05 9.98741E-05 9.98741E-05 9.98741E-05 9.98741E-05 9.98741E-05 9.98741E-05 9.98741E-05 9.98741E-05 9.98741E-05 9.98741E-05 9.98741E-05 0.998602
9.99281E-05 0.199314 0.00323217 0.419221 9.99281E-05 0.0367637 9.99281E-05 0.0730122 9.99281E-05 9.99281E-05 9.99281E-05 9.99281E-05 0.0371419 9.99281E-05 0.230515
9.98919E-05 0.0468785 9.98919E-05 0.945369 9.98919E-05 9.98919E-05 9.98919E-05 9.98919E-05 0.00655368 9.98919E-05 9.98919E-05 9.98919E-05 9.98919E-05 9.98919E-05 9.98919E-05
9.98743E-05 9.98743E-05 9.98743E-05 9.98743E-05 0.998602 9.98743E-05 9.98743E-05 9.98743E-05 9.98743E-05 9.98743E-05 9.98743E-05 9.98743E-05 9.98743E-05 9.98743E-05 9.98743E-05
9.99012E-05 0.518217 0.134349 0.0160182 9.99012E-05 9.99012E-05 9.99012E-05 9.99012E-05 9.99012E-05 9.99012E-05 9.99012E-05 9.99012E-05 9.99012E-05 9.99012E-05 0.330317
9.99192E-05 9.99192E-05 0.176484 0.0427029 0.0325735 9.99192E-05 9.99192E-05 9.99192E-05 9.99192E-05 9.99192E-05 9.99192E-05 9.99192E-05 0.712048 0.00318003 0.0321121
0.0388488 9.99367E-05 0.000893081 0.049145 9.99367E-05 9.99367E-05 0.433724 0.0305708 0.339388 9.99367E-05 0.0490205 9.99367E-05 9.99367E-05 0.0577106 9.99367E-05
9.99008E-05 0.368293 0.0375619 9.99008E-05 9.99008E-05 9.99008E-05 9.99008E-05 9.99008E-05 0.0372312 9.99008E-05 9.99008E-05 9.99008E-05 9.99008E-05 9.99008E-05 0.555815
9.98801E-05 9.98801E-05 0.0286355 9.98801E-05 9.98801E-05 9.98801E-05 9.98801E-05 0.000347277 9.98801E-05 9.98801E-05 0.969819 9.98801E-05 9.98801E-05 9.98801E-05 9.98801E-05
0.671312 0.00727292 0.0729588 9.99189E-05 0.173542 9.99189E-05 9.99189E-05 9.99189E-05 9.99189E-05 9.99189E-05 0.0584653 0.0155489 9.99189E-05 9.99189E-05 9.99189E-05
9.98828E-05 9.98828E-05 0.0239708 9.98828E-05 9.98828E-05 9.98828E-05 9.98828E-05 9.98828E-05 0.974731 9.98828E-05 9.98828E-05 9.98828E-05 9.98828E-05 9.98828E-05 9.98828E-05
0.25054 0.110997 9.99188E-05 9.99188E-05 9.99188E-05 9.99188E-05 9.99188E-05 0.0267855 0.119579 0.249453 0.241746 9.99188E-05 9.99188E-05 9.99188E-05 9.99188E-05
0.29686 0.060221 9.99278E-05 9.99278E-05 9.99278E-05 9.99278E-05 9.99278E-05 0.0412285 0.0613901 0.237002 0.289676 0.012824 9.99278E-05 9.99278E-05 9.99278E-05
0.932041 9.98829E-05 9.98829E-05 9.98829E-05 9.98829E-05 9.98829E-05 9.98829E-05 9.98829E-05 0.06666 9.98829E-05 9.98829E-05 9.98829E-05 9.98829E-05 9.98829E-05 9.98829E-05
0.0158743 9.99011E-05 9.99011E-05 9.99011E-05 0.0400186 9.99011E-05 0.0454129 9.99011E-05 9.99011E-05 0.897595 9.99011E-05 9.99011E-05 9.99011E-05 9.99011E-05 9.99011E-05
0.95565 9.9892E-05 9.9892E-05 0.0100019 9.9892E-05 9.9892E-05 9.9892E-05 9.9892E-05 0.0331495 9.9892E-05 9.9892E-05 9.9892E-05 9.9892E-05 9.9892E-05 9.9892E-05
0.469687 9.9955E-05 9.9955E-05 9.9955E-05 0.0312902 0.0386963 0.125339 0.0224997 0.0449246 0.0432386 0.0437293 0.0904871 9.9955E-05 0.0896079 9.9955E-05
0.490822 0.0577247 9.9928E-05 9.9928E-05 9.9928E-05 0.050964 9.9928E-05 0.0920454 0.0163316 0.137422 0.153891 9.9928E-05 9.9928E-05 9.9928E-05 9.9928E-05
0.202667 0.0617588 9.9928E-05 0.0676502 9.9928E-05 9.9928E-05 0.0890781 9.9928E-05 0.334696 9.9928E-05 0.209934 9.9928E-05 0.0334165 9.9928E-05 9.9928E-05
9.9875E-05 9.9875E-05 9.9875E-05 9.9875E-05 9.9875E-05 9.9875E-05 9.9875E-05 9.9875E-05 9.9875E-05 9.9875E-05 0.998602 9.9875E-05 9.9875E-05 9.9875E-05 9.9875E-05
9.98741E-05 9.98741E-05 9.98741E-05 9.98741E-05 9.98741E-05 9.98741E-05 9.98741E-05 9.98741E-05 9.98741E-05 9.98741E-05 9.98741E-05 9.98741E-05 0.998602 9.98741E-05 9.98741E-05
9.98741E-05 9.98741E-05 9.98741E-05 9.98741E-05 9.98741E-05 9.98741E-05 9.98741E-05 9.98741E-05 9.98741E-05 9.98741E-05 9.98741E-05 9.98741E-05 0.998602 9.98741E-05 9.98741E-05
9.98832E-05 9.98832E-05 9.98832E-05 9.98832E-05 9.98832E-05 9.98832E-05 9.98832E-05 0.0225808 9.98832E-05 9.98832E-05 9.98832E-05 9.98832E-05 0.976121 9.98832E-05 9.98832E-05
9.98833E-05 0.0039433 9.98833E-05 9.98833E-05 9.98833E-05 9.98833E-05 9.98833E-05 9.98833E-05 9.98833E-05 9.98833E-05 9.98833E-05 9.98833E-05 0.994758 9.98833E-05 9.98833E-05
9.98832E-05 9.98832E-05 9.98832E-05 0.012847 9.98832E-05 9.98832E-05 9.98832E-05 9.98832E-05 9.98832E-05 9.98832E-05 9.98832E-05 9.98832E-05 0.985855 9.98832E-05 9.98832E-05
9.99282E-05 9.99282E-05 0.108004 0.341882 0.0491602 9.99282E-05 9.99282E-05 9.99282E-05 9.99282E-05 0.143155 9.99282E-05 0.00683601 0.321888 9.99282E-05 0.0282755
9.98921E-05 9.98921E-05 9.98921E-05 9.98921E-05 0.060265 9.98921E-05 9.98921E-05 9.98921E-05 9.98921E-05 9.98921E-05 0.01527 9.98921E-05 0.923266 9.98921E-05 9.98921E-05
9.98919E-05 9.98919E-05 9.98919E-05 9.98919E-05 9.98919E-05 9.98919E-05 0.0200861 9.98919E-05 9.98919E-05 0.156048 0.822668 9.98919E-05 9.98919E-05 9.98919E-05 9.98919E-05
9.99007E-05 9.99007E-05 9.99007E-05 9.99007E-05 0.877375 9.99007E-05 9.99007E-05 9.99007E-05 9.99007E-05 9.99007E-05 0.0431018 9.99007E-05 0.0648615 0.0135625 9.99007E-05
9.98919E-05 0.522115 9.98919E-05 9.98919E-05 9.98919E-05 9.98919E-05 9.98919E-05 9.98919E-05 0.0114571 9.98919E-05 9.98919E-05 9.98919E-05 9.98919E-05 9.98919E-05 0.465229
9.991E-05 9.991E-05 9.991E-05 9.991E-05 9.991E-05 9.991E-05 0.801808 9.991E-05 9.991E-05 0.0718525 0.0637251 9.991E-05 0.0129602 0.0486552 9.991E-05
9.98833E-05 9.98833E-05 9.98833E-05 9.98833E-05 9.98833E-05 9.98833E-05 0.053918 9.98833E-05 9.98833E-05 0.944783 9.98833E-05 9.98833E-05 9.98833E-05 9.98833E-05 9.98833E-05
9.98833E-05 9.98833E-05 0.024572 9.98833E-05 9.98833E-05 9.98833E-05 0.974129 9.98833E-05 9.98833E-05 9.98833E-05 9.98833E-05 9.98833E-05 9.98833E-05 9.98833E-05 9.98833E-05
0.151183 0.01543 9.98918E-05 9.98918E-05 9.98918E-05 9.98918E-05 0.832188 9.98918E-05 9.98918E-05 9.98918E-05 9.98918E-05 9.98918E-05 9.98918E-05 9.98918E-05 9.98918E-05
0.0895097 9.99098E-05 9.99098E-05 9.99098E-05 9.99098E-05 0.0042791 0.814408 9.99098E-05 0.0215646 9.99098E-05 9.99098E-05 9.99098E-05 9.99098E-05 0.0692396 9.99098E-05
9.9901E-05 9.9901E-05 9.9901E-05 9.9901E-05 9.9901E-05 0.987712 9.9901E-05 0.00679027 9.9901E-05 9.9901E-05 0.00339625 9.9901E-05 0.00100224 9.9901E-05 9.9901E-05
9.98925E-05 0.352707 9.98925E-05 9.98925E-05 9.98925E-05 9.98925E-05 9.98925E-05 0.000441886 9.98925E-05 9.98925E-05 9.98925E-05 9.98925E-05 9.98925E-05 9.98925E-05 0.645652
9.9901E-05 9.9901E-05 9.9901E-05 9.9901E-05 9.9901E-05 0.0160066 0.122066 0.844922 9.9901E-05 9.9901E-05 9.9901E-05 9.9901E-05 9.9901E-05 0.0159062 9.9901E-05
9.98923E-05 0.910164 0.0834602 9.98923E-05 9.98923E-05 9.98923E-05 9.98923E-05 9.98923E-05 9.98923E-05 9.98923E-05 9.98923E-05 9.98923E-05 9.98923E-05 9.98923E-05 0.0051774
9.991E-05 0.647527 9.991E-05 0.022927 9.991E-05 9.991E-05 9.991E-05 0.0795083 0.000703569 9.991E-05 9.991E-05 9.991E-05 9.991E-05 9.991E-05 0.248335
9.98741E-05 9.98741E-05 9.98741E-05 9.98741E-05 9.98741E-05 9.98741E-05 9.98741E-05 9.98741E-05 9.98741E-05 9.98741E-05 9.98741E-05 9.98741E-05 9.98741E-05 9.98741E-05 0.998602
9.98832E-05 9.98832E-05 9.98832E-05 9.98832E-05 9.98832E-05 0.0097381 9.98832E-05 9.98832E-05 9.98832E-05 9.98832E-05 9.98832E-05 9.98832E-05 9.98832E-05 9.98832E-05 0.988963
0.0415941 0.546657 9.99101E-05 0.201914 9.99101E-05 9.99101E-05 9.99101E-05 0.0565871 9.99101E-05 9.99101E-05 9.99101E-05 9.99101E-05 9.99101E-05 9.99101E-05 0.152249
9.99009E-05 0.522991 9.99009E-05 9.99009E-05 9.99009E-05 9.99009E-05 9.99009E-05 9.99009E-05 0.026174 9.99009E-05 9.99009E-05 9.99009E-05 0.00944183 9.99009E-05 0.440294
9.99099E-05 0.00207759 0.914164 9.99099E-05 9.99099E-05 9.99099E-05 9.99099E-05 0.0255231 0.00556132 9.99099E-05 9.99099E-05 9.99099E-05 0.0516744 9.99099E-05 9.99099E-05
9.9883E-05 9.9883E-05 0.997311 9.9883E-05 9.9883E-05 9.9883E-05 0.00139081 9.9883E-05 9.9883E-05 9.9883E-05 9.9883E-05 9.9883E-05 9.9883E-05 9.9883E-05 9.9883E-05
0.0142235 0.929683 9.99101E-05 9.99101E-05 9.99101E-05 9.99101E-05 9.99101E-05 9.99101E-05 9.99101E-05 0.0219897 9.99101E-05 9.99101E-05 9.99101E-05 0.00334765 0.0297574
9.9901E-05 9.9901E-05 0.0113976 9.9901E-05 9.9901E-05 9.9901E-05 9.9901E-05 9.9901E-05 9.9901E-05 0.966527 9.9901E-05 9.9901E-05 0.00125321 0.0197236 9.9901E-05
9.9883E-05 9.9883E-05 9.9883E-05 9.9883E-05 9.9883E-05 9.9883E-05 9.9883E-05 9.9883E-05 9.9883E-05 0.995752 9.9883E-05 9.9883E-05 9.9883E-05 0.00294958 9.9883E-05
9.98922E-05 9.98922E-05 9.98922E-05 9.98922E-05 9.98922E-05 0.000964537 9.98922E-05 9.98922E-05 9.98922E-05 9.98922E-05 0.00127166 9.98922E-05 9.98922E-05 0.996565 9.98922E-05
9.98742E-05 9.98742E-05 9.98742E-05 9.98742E-05 9.98742E-05 9.98742E-05 9.98742E-05 9.98742E-05 9.98742E-05 9.98742E-05 9.98742E-05 9.98742E-05 9.98742E-05 0.998602 9.98742E-05
0.840402 9.99189E-05 0.00232848 9.99189E-05 0.0568331 9.99189E-05 9.99189E-05 9.99189E-05 9.99189E-05 0.0784274 0.00899681 9.99189E-05 9.99189E-05 9.99189E-05 0.0121134
0.81902 9.991E-05 9.991E-05 9.991E-05 0.0268395 9.991E-05 0.0267132 9.991E-05 9.991E-05 0.120477 9.991E-05 9.991E-05 9.991E-05 9.991E-05 0.00595095
9.98922E-05 9.98922E-05 9.98922E-05 9.98922E-05 0.0285527 9.98922E-05 9.98922E-05 9.98922E-05 9.98922E-05 0.00857395 9.98922E-05 9.98922E-05 9.98922E-05 0.961675 9.98922E-05
9.98922E-05 0.00808995 9.98922E-05 9.98922E-05 9.98922E-05 9.98922E-05 9.98922E-05 9.98922E-05 9.98922E-05 9.98922E-05 9.98922E-05 9.98922E-05 0.00269726 0.988014 9.98922E-05
9.9892E-05 9.9892E-05 9.9892E-05 9.9892E-05 9.9892E-05 9.9892E-05 0.0253903 9.9892E-05 9.9892E-05 0.0354647 0.937946 9.9892E-05 9.9892E-05 9.9892E-05 9.9892E-05
0.128475 9.99279E-05 9.99279E-05 9.99279E-05 0.0908698 0.050313 0.191652 9.99279E-05 9.99279E-05 0.480071 0.0373035 0.0205159 9.99279E-05 9.99279E-05 9.99279E-05
9.98829E-05 9.98829E-05 9.98829E-05 9.98829E-05 0.92039 9.98829E-05 9.98829E-05 9.98829E-05 9.98829E-05 9.98829E-05 9.98829E-05 9.98829E-05 0.078312 9.98829E-05 9.98829E-05
0.213142 0.0133816 9.99103E-05 9.99103E-05 9.99103E-05 0.0752354 0.120222 9.99103E-05 0.57702 9.99103E-05 9.99103E-05 9.99103E-05 9.99103E-05 9.99103E-05 9.99103E-05
9.99103E-05 9.99103E-05 9.99103E-05 9.99103E-05 9.99103E-05 9.99103E-05 0.223866 9.99103E-05 0.629166 9.99103E-05 0.124702 0.00963681 9.99103E-05 0.0116305 9.99103E-05
9.9874E-05 9.9874E-05 9.9874E-05 0.998602 9.9874E-05 9.9874E-05 9.9874E-05 9.9874E-05 9.9874E-05 9.9874E-05 9.9874E-05 9.9874E-05 9.9874E-05 9.9874E-05 9.9874E-05
