0.0737248 0.926075 9.9982E-05 9.9982E-05
0.0104111 0.460733 9.9991E-05 0.528756
0.102213 9.99911E-05 0.0278335 0.869854
0.0355877 9.9982E-05 9.9982E-05 0.964212
9.99821E-05 0.33125 9.99821E-05 0.66855
0.00107207 9.9982E-05 9.9982E-05 0.998728
9.99822E-05 0.70307 9.99822E-05 0.29673
0.0276358 0.15628 9.9991E-05 0.815984
9.99821E-05 0.656707 9.99821E-05 0.343093
0.116766 0.836761 9.9991E-05 0.0463732
0.119994 0.869721 9.9991E-05 0.010185
0.202844 0.781133 9.9991E-05 0.0159228
0.00913954 0.934489 9.99911E-05 0.0562714
0.0179692 9.9991E-05 0.0210253 0.960906
9.998E-05 9.998E-05 9.998E-05 0.9997
0.0411881 0.924346 9.9991E-05 0.034366
0.442204 0.487464 0.0702325 9.9991E-05
9.9991E-05 0.237838 0.70583 0.0562322
0.0894606 9.9982E-05 0.910339 9.9982E-05
0.168042 0.831758 9.9982E-05 9.9982E-05
9.998E-05 9.998E-05 0.9997 9.998E-05
0.0522295 0.94757 9.9982E-05 9.9982E-05
0.393827 0.132436 0.422689 0.0510481
0.0888069 9.9982E-05 0.910993 9.9982E-05
9.998E-05 9.998E-05 9.998E-05 0.9997
9.998E-05 9.998E-05 9.998E-05 0.9997
0.102822 0.896978 9.9982E-05 9.9982E-05
9.998E-05 9.998E-05 9.998E-05 0.9997
9.9982E-05 0.00580217 9.9982E-05 0.993998
0.00923362 9.9991E-05 0.0392755 0.951391
0.0595281 9.9991E-05 0.00804754 0.932324
9.99911E-05 0.428314 0.000262457 0.571324
9.998E-05 9.998E-05 9.998E-05 0.9997
9.9982E-05 0.169841 9.9982E-05 0.829959
0.251049 0.698109 9.9991E-05 0.050742
9.998E-05 9.998E-05 9.998E-05 0.9997
0.0704952 0.878644 9.9991E-05 0.0507606
0.0647997 0.791005 0.0192031 0.124992
0.435657 0.385773 0.0539568 0.124613
0.0828989 0.799568 0.00287836 0.114655
0.0856081 0.829306 9.9991E-05 0.0849863
0.100049 0.878572 0.0212783 9.9991E-05
9.9982E-05 0.974131 9.9982E-05 0.0256691
0.152338 0.842355 0.00520701 9.9991E-05
0.188539 0.707094 0.104266 9.9991E-05
0.0974193 0.769033 0.0308471 0.102701
0.168987 0.684843 9.9991E-05 0.14607
0.013445 0.932723 0.0537323 9.99911E-05
9.9991E-05 0.165583 0.0422014 0.792116
9.9991E-05 0.142415 0.0562645 0.80122
9.9991E-05 0.177623 0.0494398 0.772838
9.9991E-05 0.128646 0.0515577 0.819696
9.9991E-05 0.107459 0.0219293 0.870512
9.9991E-05 0.181471 0.074831 0.743598
9.9982E-05 0.222241 9.9982E-05 0.77756
9.998E-05 0.9997 9.998E-05 9.998E-05
9.9982E-05 0.454192 9.9982E-05 0.545608
9.998E-05 9.998E-05 9.998E-05 0.9997
0.0774134 0.919389 0.00309813 9.9991E-05
0.0345726 0.901855 9.9991E-05 0.063472
9.99821E-05 0.966662 0.0331378 9.99821E-05
9.9982E-05 0.993533 0.0062673 9.9982E-05
0.0941678 0.863842 0.0418905 9.9991E-05
9.9991E-05 0.0763869 0.917353 0.00615999
9.998E-05 9.998E-05 9.998E-05 0.9997
0.0599698 0.477022 0.0557613 0.407247
9.998E-05 9.998E-05 9.998E-05 0.9997
9.998E-05 9.998E-05 9.998E-05 0.9997
9.998E-05 9.998E-05 9.998E-05 0.9997
9.9982E-05 9.9982E-05 0.00944025 0.99036
0.0276311 9.9982E-05 9.9982E-05 0.972169
0.00634292 9.9982E-05 9.9982E-05 0.993457
9.99821E-05 0.0661735 9.99821E-05 0.933627
9.99911E-05 0.142291 0.0257545 0.831855
0.0134633 9.9982E-05 9.9982E-05 0.986337
0.0655799 0.801919 9.9991E-05 0.132401
0.0532314 0.803484 9.9991E-05 0.143185
0.9997 9.998E-05 9.998E-05 9.998E-05
0.9997 9.998E-05 9.998E-05 9.998E-05
0.0859634 0.859424 9.9991E-05 0.0545127
0.0674518 0.920394 0.00234788 0.00980642
0.9997 9.998E-05 9.998E-05 9.998E-05
0.9997 9.998E-05 9.998E-05 9.998E-05
9.998E-05 0.9997 9.998E-05 9.998E-05
9.9991E-05 0.924295 0.0618817 0.013723
9.9982E-05 0.443663 9.9982E-05 0.556137
0.319681 0.50999 0.112015 0.0583132
0.360186 0.57224 0.0674746 9.9991E-05
0.0157822 0.00653731 0.0959666 0.881714
