0.0170607 0.0196092 0.96333
0.295685 0.323212 0.381103
0.807562 0.0835053 0.108932
0.9998 9.999E-05 9.999E-05
0.422892 0.384857 0.192251
0.9998 9.999E-05 9.999E-05
9.999E-05 0.523168 0.476732
0.394152 0.561531 0.0443168
9.9991E-05 0.539398 0.460502
9.9991E-05 0.211044 0.788856
9.9991E-05 0.180984 0.818916
0.141937 9.9991E-05 0.857963
0.107003 9.9991E-05 0.892897
0.9998 9.999E-05 9.999E-05
0.995941 9.9991E-05 0.00395857
0.0177078 0.103848 0.878445
0.0628302 9.9991E-05 0.93707
9.99911E-05 0.0744895 0.925411
9.999E-05 9.999E-05 0.9998
9.9991E-05 0.0784901 0.92141
9.999E-05 9.999E-05 0.9998
0.0237874 0.0589169 0.917296
0.0356698 0.0516749 0.912655
9.999E-05 9.999E-05 0.9998
0.9998 9.999E-05 9.999E-05
0.9998 9.999E-05 9.999E-05
9.999E-05 9.999E-05 0.9998
0.93097 0.0689297 9.9991E-05
0.919462 0.0804377 9.9991E-05
0.755747 0.225484 0.0187686
0.67785 0.32205 9.9991E-05
0.0494314 0.671804 0.278765
0.9998 9.999E-05 9.999E-05
0.0683438 0.931556 9.9991E-05
0.105464 9.9991E-05 0.894436
0.992797 9.9991E-05 0.00710297
0.108876 9.9991E-05 0.891024
0.00254211 0.25108 0.746378
0.177963 9.9991E-05 0.821937
0.148758 9.99909E-05 0.851142
0.0891079 0.0503146 0.860578
9.99909E-05 0.0688538 0.931046
9.9991E-05 0.135772 0.864128
9.9991E-05 0.130634 0.869266
9.9991E-05 0.0720561 0.927844
0.0444527 0.128789 0.826758
0.156967 0.0586558 0.784377
9.99911E-05 0.0536306 0.946269
9.999E-05 0.9998 9.999E-05
9.999E-05 0.9998 9.999E-05
9.999E-05 0.9998 9.999E-05
9.999E-05 0.9998 9.999E-05
9.999E-05 0.9998 9.999E-05
0.195121 0.703995 0.100884
9.999E-05 0.9998 9.999E-05
9.9991E-05 0.0484273 0.951473
0.0963994 0.611204 0.292396
0.9998 9.999E-05 9.999E-05
0.0236358 0.0519254 0.924439
0.0936263 0.0512773 0.855096
0.059528 9.9991E-05 0.940372
0.0305901 9.9991E-05 0.96931
9.999E-05 9.999E-05 0.9998
9.999E-05 9.999E-05 0.9998
0.9998 9.999E-05 9.999E-05
0.208445 0.258782 0.532773
0.983199 0.0167009 9.9991E-05
0.98009 0.0198099 9.9991E-05
0.918156 0.0817438 9.9991E-05
0.956018 0.0395712 0.00441118
0.927987 0.0369481 0.0350648
0.997185 0.00271549 9.9991E-05
0.463158 0.536742 9.99911E-05
0.520096 0.436316 0.0435882
0.985773 0.0122313 0.00199567
0.056375 0.225811 0.717814
0.0208453 0.23967 0.739485
0.128193 9.9991E-05 0.871707
0.124037 9.9991E-05 0.875863
9.99909E-05 0.182195 0.817705
9.99909E-05 0.158488 0.841412
0.108403 9.9991E-05 0.891497
0.118223 9.9991E-05 0.881677
9.9991E-05 0.0904266 0.909473
9.9991E-05 0.10719 0.89271
0.0485911 0.706442 0.244967
0.100883 9.9991E-05 0.899017
0.0393279 9.9991E-05 0.960572
0.595159 0.360165 0.0446761
