9.9982E-05 0.957447 9.9982E-05 0.0423534
9.9982E-05 0.449461 0.550339 9.9982E-05
0.0320924 0.00988038 0.908888 0.0491391
9.9982E-05 9.9982E-05 0.965288 0.0345123
9.99821E-05 0.295431 0.704369 9.99821E-05
9.9982E-05 9.9982E-05 0.970124 0.0296761
9.99821E-05 0.712648 0.287152 9.99821E-05
9.999E-05 0.140032 0.825788 0.0340805
9.99821E-05 0.669172 0.330628 9.99821E-05
9.999E-05 0.835769 0.0107894 0.153342
9.9982E-05 0.849661 9.9982E-05 0.150139
9.999E-05 0.765747 0.0492629 0.18489
9.99822E-05 0.953127 0.0466732 9.99822E-05
0.0100855 9.9991E-05 0.972347 0.0174672
9.9982E-05 9.9982E-05 0.993132 0.00666769
9.9991E-05 0.930272 0.0408096 0.0288179
0.0649275 0.507587 0.0137098 0.413776
0.757178 0.216934 0.0257872 9.9991E-05
0.927411 9.9982E-05 9.9982E-05 0.0723888
9.9982E-05 0.822145 9.9982E-05 0.177655
0.9997 9.998E-05 9.998E-05 9.998E-05
9.9982E-05 0.952228 9.9982E-05 0.0475724
0.430461 0.155401 0.041977 0.372161
0.905435 9.9982E-05 9.9982E-05 0.094365
9.998E-05 9.998E-05 0.9997 9.998E-05
9.998E-05 9.998E-05 0.9997 9.998E-05
9.9982E-05 0.903521 9.9982E-05 0.0962791
9.998E-05 9.998E-05 0.9997 9.998E-05
9.998E-05 9.998E-05 0.9997 9.998E-05
0.0185099 0.0025336 0.938976 0.0399802
9.9982E-05 9.9982E-05 0.909976 0.0898241
9.99821E-05 0.447699 0.552101 9.99821E-05
9.998E-05 9.998E-05 0.9997 9.998E-05
9.9991E-05 0.165618 0.832554 0.00172805
9.9991E-05 0.655315 0.0704387 0.274146
9.998E-05 9.998E-05 0.9997 9.998E-05
9.9991E-05 0.872137 0.049742 0.078021
0.0453407 0.75257 0.166397 0.0356922
0.0384244 0.36408 0.109399 0.488097
0.0158693 0.767218 0.12314 0.0937727
0.0375916 0.788022 0.0796406 0.0947453
0.0229335 0.851315 9.9991E-05 0.125651
9.9982E-05 0.960816 0.0389843 9.9982E-05
9.9982E-05 0.810109 9.9982E-05 0.189691
0.104352 0.691622 9.9991E-05 0.203926
0.0351857 0.723732 0.111281 0.129801
0.00120199 0.678926 0.142457 0.177415
0.0571726 0.942627 9.99822E-05 9.99822E-05
0.0179733 0.141653 0.840274 9.9991E-05
0.0451054 0.122753 0.826057 0.00608542
0.0401778 0.164967 0.794755 9.9991E-05
0.0572423 0.123805 0.818853 9.9991E-05
0.0175126 0.139645 0.842742 9.9991E-05
0.0456214 0.21579 0.738489 9.9991E-05
0.00101538 0.225337 0.773548 9.9991E-05
9.998E-05 0.9997 9.998E-05 9.998E-05
9.9982E-05 0.440425 0.559375 9.9982E-05
9.998E-05 9.998E-05 0.9997 9.998E-05
9.99821E-05 0.932864 9.99821E-05 0.0669356
9.9991E-05 0.897668 0.0771599 0.0250716
0.00433153 0.995469 9.99821E-05 9.99821E-05
9.9982E-05 0.991078 9.9982E-05 0.00872214
0.00685388 0.878466 9.9991E-05 0.11458
0.926124 0.0680527 0.00572287 9.9991E-05
9.998E-05 9.998E-05 0.9997 9.998E-05
0.0838913 0.463772 0.419533 0.032803
9.998E-05 9.998E-05 0.9997 9.998E-05
9.998E-05 9.998E-05 0.9997 9.998E-05
9.9982E-05 0.00384692 0.995953 9.9982E-05
9.998E-05 9.998E-05 0.9997 9.998E-05
9.9982E-05 9.9982E-05 0.964457 0.0353429
9.998E-05 9.998E-05 0.9997 9.998E-05
9.99821E-05 0.0739182 0.925882 9.99821E-05
0.040276 0.133406 0.826218 9.99911E-05
9.998E-05 9.998E-05 0.9997 9.998E-05
9.9991E-05 0.817794 0.118663 0.0634429
9.9991E-05 0.781505 0.15443 0.063965
9.998E-05 9.998E-05 9.998E-05 0.9997
9.998E-05 9.998E-05 9.998E-05 0.9997
9.9991E-05 0.865929 0.0382392 0.0957315
0.00201295 0.88703 0.0224346 0.0885222
9.998E-05 9.998E-05 9.998E-05 0.9997
9.998E-05 9.998E-05 9.998E-05 0.9997
9.998E-05 0.9997 9.998E-05 9.998E-05
0.0737402 0.867889 0.058271 9.9991E-05
9.9982E-05 0.437146 0.562654 9.9982E-05
0.133184 0.529454 0.0612884 0.276074
0.0840703 0.571996 9.9991E-05 0.343834
0.0443509 9.9991E-05 0.902559 0.0529901
