0.0358828 9.9982E-05 0.963917 9.9982E-05
9.9982E-05 9.9982E-05 0.500247 0.499553
0.103399 0.0561096 9.99911E-05 0.840392
0.0167613 9.9982E-05 9.9982E-05 0.983039
0.0235074 9.9991E-05 0.291452 0.684941
0.0235802 9.9982E-05 9.9982E-05 0.97622
9.99821E-05 9.99821E-05 0.676004 0.323796
0.0518898 9.9991E-05 0.15078 0.79723
9.99821E-05 9.99821E-05 0.661581 0.338219
0.179626 9.9991E-05 0.760133 0.0601415
0.194503 9.9991E-05 0.803442 0.00195454
0.195483 9.9991E-05 0.79328 0.011137
0.0157261 9.99911E-05 0.927622 0.0565523
0.00204161 0.00723386 9.9991E-05 0.990625
0.0239931 0.00538373 9.9991E-05 0.970523
0.0518064 9.9991E-05 0.915371 0.032723
0.425695 0.0644528 0.509752 9.9991E-05
9.9991E-05 0.727363 0.24191 0.0306277
0.0909962 0.908804 9.9982E-05 9.9982E-05
0.191558 9.9982E-05 0.808242 9.9982E-05
9.998E-05 0.9997 9.998E-05 9.998E-05
0.0435992 9.9982E-05 0.956201 9.9982E-05
0.374549 0.4327 0.146215 0.0465364
0.0979101 0.90189 9.9982E-05 9.9982E-05
9.998E-05 9.998E-05 9.998E-05 0.9997
9.998E-05 9.998E-05 9.998E-05 0.9997
0.0894374 9.9982E-05 0.910363 9.9982E-05
9.998E-05 9.998E-05 9.998E-05 0.9997
9.998E-05 9.998E-05 9.998E-05 0.9997
0.0536269 0.027412 0.0044925 0.914469
0.108081 9.9982E-05 9.9982E-05 0.891719
9.9991E-05 0.0149828 0.445251 0.539666
9.998E-05 9.998E-05 9.998E-05 0.9997
0.0202108 9.9991E-05 0.146375 0.833314
0.275713 9.9991E-05 0.677687 0.0465003
0.0210266 9.9982E-05 9.9982E-05 0.978773
0.0324478 9.9991E-05 0.895147 0.0723051
0.0392378 0.0394369 0.748228 0.173098
0.440163 0.0503923 0.360685 0.14876
0.108958 9.9991E-05 0.771171 0.11977
0.10717 0.00360504 0.811153 0.078072
0.140441 0.0151497 0.84431 9.9991E-05
9.9982E-05 9.9982E-05 0.963613 0.0361874
0.197789 9.9982E-05 0.802011 9.9982E-05
0.227847 0.114788 0.657265 9.9991E-05
0.161346 0.0386609 0.703757 0.0962364
0.143398 9.9991E-05 0.68598 0.170521
9.99822E-05 0.0545334 0.945267 9.99822E-05
9.9991E-05 0.0495897 0.102186 0.848124
9.9991E-05 0.0425967 0.149812 0.807491
9.9991E-05 0.0527381 0.15812 0.789042
9.9991E-05 0.0592021 0.123369 0.817329
9.9991E-05 0.0455608 0.0853453 0.868994
0.00707415 0.0721935 0.201224 0.719508
9.9991E-05 0.0127647 0.234196 0.752939
9.998E-05 9.998E-05 0.9997 9.998E-05
9.9982E-05 9.9982E-05 0.458892 0.540909
9.998E-05 9.998E-05 9.998E-05 0.9997
0.0522413 9.99821E-05 0.947559 9.99821E-05
0.0428126 9.9991E-05 0.921742 0.0353453
9.99821E-05 0.0117901 0.98801 9.99821E-05
0.0175602 9.9982E-05 0.98224 9.9982E-05
0.113426 0.00329688 0.883178 9.9991E-05
9.99821E-05 0.941273 0.0585275 9.99821E-05
0.00874545 9.9982E-05 9.9982E-05 0.991055
0.089247 0.0417696 0.493699 0.375284
9.998E-05 9.998E-05 9.998E-05 0.9997
0.0122689 9.9982E-05 9.9982E-05 0.987531
9.998E-05 9.998E-05 9.998E-05 0.9997
9.998E-05 9.998E-05 9.998E-05 0.9997
0.0572646 9.9982E-05 9.9982E-05 0.942535
0.0298353 9.9982E-05 9.9982E-05 0.969965
9.99822E-05 9.99822E-05 0.0408493 0.958951
9.99911E-05 0.0225568 0.112025 0.865319
0.0268811 9.9982E-05 9.9982E-05 0.972919
0.0597014 9.9991E-05 0.795379 0.14482
0.055486 9.9991E-05 0.811675 0.132739
0.9997 9.998E-05 9.998E-05 9.998E-05
0.9997 9.998E-05 9.998E-05 9.998E-05
0.119608 9.9991E-05 0.843365 0.0369273
0.11846 0.000529983 0.88091 9.9991E-05
0.9997 9.998E-05 9.998E-05 9.998E-05
0.9997 9.998E-05 9.998E-05 9.998E-05
9.998E-05 9.998E-05 0.9997 9.998E-05
0.00563189 0.0564819 0.937786 9.9991E-05
9.9982E-05 9.9982E-05 0.455895 0.543905
0.359487 0.106233 0.516351 0.0179292
0.386617 0.0649153 0.548367 9.9991E-05
0.0598625 0.0529958 9.9991E-05 0.887042
