0.9995 9.996E-05 9.996E-05 9.996E-05 9.996E-05 9.996E-05
0.411412 9.9973E-05 9.9973E-05 0.289227 9.9973E-05 0.299062
9.999E-05 0.0740074 0.0435635 0.811209 0.0128517 0.0582685
9.9964E-05 9.9964E-05 0.0247749 0.974825 9.9964E-05 9.9964E-05
0.258965 9.99731E-05 9.99731E-05 0.466415 9.99731E-05 0.27432
0.0158931 9.9982E-05 0.0114524 0.966445 0.00601006 9.9982E-05
9.99731E-05 0.587262 9.99731E-05 0.00471623 9.99731E-05 0.407722
0.0932538 9.9982E-05 0.0373967 0.394284 9.9982E-05 0.474866
0.0741103 0.454791 9.99731E-05 9.99731E-05 9.99731E-05 0.470798
0.764638 0.0350027 0.0931976 9.9982E-05 9.9982E-05 0.106961
0.72115 0.0732985 0.126374 9.9982E-05 9.9982E-05 0.0789776
0.677968 0.164765 0.124345 0.0327216 9.9982E-05 9.9982E-05
9.996E-05 0.9995 9.996E-05 9.996E-05 9.996E-05 9.996E-05
9.9973E-05 9.9973E-05 0.00952492 0.959781 0.0303946 9.9973E-05
0.0367995 9.9964E-05 9.9964E-05 0.962801 9.9964E-05 9.9964E-05
0.54179 0.384532 9.9982E-05 0.00212717 9.9982E-05 0.0713512
0.294392 0.213194 0.41205 9.9982E-05 0.0801644 9.9982E-05
0.232591 9.99729E-05 9.99729E-05 9.99729E-05 0.719802 0.0473068
9.9964E-05 9.9964E-05 0.110224 9.9964E-05 0.889376 9.9964E-05
0.811398 0.0928077 0.0954943 9.9973E-05 9.9973E-05 9.9973E-05
9.996E-05 9.996E-05 9.996E-05 9.996E-05 0.9995 9.996E-05
0.91658 0.073117 0.0100026 9.9973E-05 9.9973E-05 9.9973E-05
0.105722 9.9982E-05 0.423961 9.9982E-05 0.406195 0.0639232
9.99639E-05 9.99639E-05 0.133662 9.99639E-05 0.865938 9.99639E-05
9.996E-05 9.996E-05 9.996E-05 0.9995 9.996E-05 9.996E-05
9.996E-05 9.996E-05 9.996E-05 0.9995 9.996E-05 9.996E-05
0.144781 0.777453 0.0774661 9.99729E-05 9.99729E-05 9.99729E-05
9.9964E-05 9.9964E-05 9.9964E-05 0.946262 9.9964E-05 0.0533376
9.9973E-05 0.0268909 9.9973E-05 0.85052 9.9973E-05 0.122289
9.99821E-05 9.99821E-05 0.0423612 0.677129 0.024909 0.255401
9.9973E-05 9.9973E-05 0.0479469 0.645752 9.9973E-05 0.306001
0.329544 9.99731E-05 9.99731E-05 0.092781 9.99731E-05 0.577375
9.996E-05 9.996E-05 9.996E-05 0.9995 9.996E-05 9.996E-05
9.99731E-05 9.99731E-05 0.0107411 0.0513483 9.99731E-05 0.937611
0.154228 0.536346 0.255856 0.0533706 9.99819E-05 9.99819E-05
0.00539672 0.0184491 0.0162245 0.95973 9.9982E-05 9.9982E-05
0.956136 9.99642E-05 9.99642E-05 0.0434639 9.99642E-05 9.99642E-05
0.765097 9.9982E-05 9.9982E-05 0.0390207 0.0320643 0.163618
0.190786 0.188584 0.438216 0.118634 0.0636808 9.9991E-05
0.855974 9.9973E-05 0.0255662 0.11816 9.9973E-05 9.9973E-05
0.891279 9.9973E-05 0.0331156 0.0753052 9.9973E-05 9.9973E-05
0.880339 0.0378716 0.0702002 9.9982E-05 0.0113894 9.9982E-05
0.64158 0.326272 9.9973E-05 9.9973E-05 9.9973E-05 0.0318484
0.8065 0.0670595 0.0989569 9.9982E-05 9.9982E-05 0.0272834
0.524217 0.178398 0.17628 9.9991E-05 0.108452 0.0125535
0.732981 0.0630636 0.0627481 0.083147 0.0332035 0.024857
0.458401 0.250045 0.128208 0.11791 9.9991E-05 0.0453357
0.993726 9.99644E-05 9.99644E-05 9.99644E-05 0.00587374 9.99644E-05
9.996E-05 9.996E-05 9.996E-05 9.996E-05 9.996E-05 0.9995
9.996E-05 9.996E-05 9.996E-05 9.996E-05 9.996E-05 0.9995
9.996E-05 9.996E-05 9.996E-05 9.996E-05 9.996E-05 0.9995
9.996E-05 9.996E-05 9.996E-05 9.996E-05 9.996E-05 0.9995
9.996E-05 9.996E-05 9.996E-05 9.996E-05 9.996E-05 0.9995
0.0489242 0.0336981 0.00683847 0.245358 0.059201 0.60598
9.99639E-05 9.99639E-05 0.00451182 9.99639E-05 9.99639E-05 0.995088
0.983609 0.0159911 9.9964E-05 9.9964E-05 9.9964E-05 9.9964E-05
0.34123 0.0047959 9.9982E-05 0.105422 9.9982E-05 0.548351
9.996E-05 9.996E-05 9.996E-05 0.9995 9.996E-05 9.996E-05
0.113009 0.864851 0.0218406 9.9973E-05 9.9973E-05 9.9973E-05
0.542327 0.375776 9.9973E-05 0.0815977 9.9973E-05 9.9973E-05
9.996E-05 0.9995 9.996E-05 9.996E-05 9.996E-05 9.996E-05
0.0886681 0.910932 9.99639E-05 9.99639E-05 9.99639E-05 9.99639E-05
0.0366946 0.846783 0.0979513 9.99819E-05 0.0183711 9.99819E-05
0.0664595 9.99641E-05 9.99641E-05 9.99641E-05 0.933141 9.99641E-05
9.996E-05 9.996E-05 9.996E-05 0.9995 9.996E-05 9.996E-05
0.195695 0.0953507 0.124111 0.280061 0.117799 0.186984
9.99731E-05 0.0187993 9.99731E-05 0.975918 9.99731E-05 0.00498314
0.0245652 9.9973E-05 9.9973E-05 0.972482 9.9973E-05 0.00265285
9.9973E-05 0.000559297 9.9973E-05 0.905787 9.9973E-05 0.0933537
0.00111538 0.0144265 9.9991E-05 0.956279 0.00500674 0.023072
0.0617442 9.99641E-05 9.99641E-05 0.937856 9.99641E-05 9.99641E-05
0.000595445 9.9973E-05 9.9973E-05 0.992576 9.9973E-05 0.00652838
9.99732E-05 0.0106652 9.99732E-05 0.496919 9.99732E-05 0.492116
9.99732E-05 0.180555 9.99732E-05 0.448876 9.99732E-05 0.370269
0.022142 9.9973E-05 9.9973E-05 0.94915 9.9973E-05 0.0284076
0.571806 0.196996 0.0478825 0.0621239 9.9991E-05 0.121091
0.549513 0.201235 0.0586977 0.0571799 9.9991E-05 0.133275
9.996E-05 9.996E-05 0.9995 9.996E-05 9.996E-05 9.996E-05
9.996E-05 9.996E-05 0.9995 9.996E-05 9.996E-05 9.996E-05
0.800506 0.0591408 0.0644983 9.9991E-05 0.00450046 0.071254
0.768249 0.130408 0.0195123 9.9991E-05 0.0101628 0.0715678
9.996E-05 9.996E-05 0.9995 9.996E-05 9.996E-05 9.996E-05
9.996E-05 9.996E-05 0.9995 9.996E-05 9.996E-05 9.996E-05
0.9995 9.996E-05 9.996E-05 9.996E-05 9.996E-05 9.996E-05
0.626808 0.293687 9.9991E-05 0.0233235 0.054845 0.00123707
0.268823 0.0468772 9.9982E-05 0.109551 9.9982E-05 0.574549
0.134031 0.340128 0.344849 0.0709465 0.109945 9.9991E-05
0.218184 0.383173 0.323264 9.9982E-05 0.0751795 9.9982E-05
9.99821E-05 9.99821E-05 0.0188535 0.634076 0.0497498 0.297121
