0.000196381 9.98829E-05 0.0121596 9.98829E-05 0.0319559 9.98829E-05 9.98829E-05 9.98829E-05 9.98829E-05 9.98829E-05 9.98829E-05 9.98829E-05 9.98829E-05 9.98829E-05 9.98829E-05 0.95439 9.98829E-05
0.0316599 0.685037 9.98918E-05 0.071496 9.98918E-05 9.98918E-05 9.98918E-05 9.98918E-05 0.169692 9.98918E-05 9.98918E-05 9.98918E-05 9.98918E-05 9.98918E-05 9.98918E-05 0.0409161 9.98918E-05
9.99019E-05 9.99019E-05 0.0906992 9.99019E-05 9.99019E-05 0.254283 9.99019E-05 0.0806052 0.492408 9.99019E-05 9.99019E-05 9.99019E-05 9.99019E-05 0.0460607 9.99019E-05 9.99019E-05 0.0348451
9.9892E-05 9.9892E-05 0.0318026 9.9892E-05 9.9892E-05 9.9892E-05 9.9892E-05 0.0373927 0.918502 9.9892E-05 9.9892E-05 0.0106305 9.9892E-05 9.9892E-05 0.000473049 9.9892E-05 9.9892E-05
9.99281E-05 0.130185 9.99281E-05 0.0200346 0.0544176 0.0391658 9.99281E-05 9.99281E-05 0.35038 9.99281E-05 0.23508 0.0282238 0.0723544 9.99281E-05 0.0693591 9.99281E-05 9.99281E-05
9.9883E-05 9.9883E-05 9.9883E-05 9.9883E-05 9.9883E-05 0.0199057 9.9883E-05 9.9883E-05 0.976224 0.000681371 9.9883E-05 9.9883E-05 9.9883E-05 9.9883E-05 0.00189082 9.9883E-05 9.9883E-05
9.98561E-05 9.98561E-05 9.98561E-05 9.98561E-05 9.98561E-05 9.98561E-05 9.98561E-05 9.98561E-05 9.98561E-05 9.98561E-05 0.998402 9.98561E-05 9.98561E-05 9.98561E-05 9.98561E-05 9.98561E-05 9.98561E-05
9.99099E-05 0.135486 0.0136109 9.99099E-05 0.0569081 0.441185 9.99099E-05 9.99099E-05 0.0742653 9.99099E-05 9.99099E-05 0.0863216 9.99099E-05 9.99099E-05 0.191225 9.99099E-05 9.99099E-05
9.9874E-05 0.0339818 9.9874E-05 9.9874E-05 9.9874E-05 9.9874E-05 9.9874E-05 9.9874E-05 9.9874E-05 9.9874E-05 0.941627 0.0229932 9.9874E-05 9.9874E-05 9.9874E-05 9.9874E-05 9.9874E-05
9.98651E-05 9.98651E-05 9.98651E-05 9.98651E-05 0.855353 9.98651E-05 9.98651E-05 9.98651E-05 9.98651E-05 9.98651E-05 0.143149 9.98651E-05 9.98651E-05 9.98651E-05 9.98651E-05 9.98651E-05 9.98651E-05
9.98651E-05 9.98651E-05 9.98651E-05 9.98651E-05 0.868584 9.98651E-05 9.98651E-05 9.98651E-05 9.98651E-05 9.98651E-05 0.129918 9.98651E-05 9.98651E-05 9.98651E-05 9.98651E-05 9.98651E-05 9.98651E-05
9.98921E-05 9.98921E-05 0.125754 9.98921E-05 9.98921E-05 0.0207558 9.98921E-05 9.98921E-05 9.98921E-05 9.98921E-05 0.0165038 9.98921E-05 9.98921E-05 0.171471 9.98921E-05 0.664317 9.98921E-05
9.98833E-05 9.98833E-05 9.98833E-05 9.98833E-05 9.98833E-05 0.0301817 9.98833E-05 9.98833E-05 9.98833E-05 9.98833E-05 0.0158359 9.98833E-05 0.0220202 0.930664 9.98833E-05 9.98833E-05 9.98833E-05
0.00739435 0.0210955 9.9883E-05 9.9883E-05 9.9883E-05 9.9883E-05 9.9883E-05 9.9883E-05 0.934182 9.9883E-05 9.9883E-05 9.9883E-05 9.9883E-05 9.9883E-05 9.9883E-05 9.9883E-05 0.0360293
9.9892E-05 0.00341042 9.9892E-05 9.9892E-05 0.0046943 9.9892E-05 9.9892E-05 9.9892E-05 0.950399 9.9892E-05 9.9892E-05 9.9892E-05 9.9892E-05 9.9892E-05 9.9892E-05 0.0239624 0.0163349
0.782677 9.9883E-05 9.9883E-05 9.9883E-05 0.0095713 9.9883E-05 9.9883E-05 9.9883E-05 9.9883E-05 9.9883E-05 9.9883E-05 9.9883E-05 0.0849924 0.121461 9.9883E-05 9.9883E-05 9.9883E-05
0.0151069 9.98739E-05 9.98739E-05 0.927079 0.0564157 9.98739E-05 9.98739E-05 9.98739E-05 9.98739E-05 9.98739E-05 9.98739E-05 9.98739E-05 9.98739E-05 9.98739E-05 9.98739E-05 9.98739E-05 9.98739E-05
0.0623475 0.0202012 9.98828E-05 9.98828E-05 0.0813749 9.98828E-05 9.98828E-05 9.98828E-05 9.98828E-05 9.98828E-05 9.98828E-05 9.98828E-05 9.98828E-05 9.98828E-05 9.98828E-05 9.98828E-05 0.834778
9.98652E-05 9.98652E-05 9.98652E-05 9.98652E-05 9.98652E-05 9.98652E-05 0.95042 9.98652E-05 9.98652E-05 0.0480821 9.98652E-05 9.98652E-05 9.98652E-05 9.98652E-05 9.98652E-05 9.98652E-05 9.98652E-05
0.314011 9.99009E-05 0.0299612 0.0157624 0.442898 9.99009E-05 9.99009E-05 9.99009E-05 9.99009E-05 9.99009E-05 9.99009E-05 9.99009E-05 0.127429 9.99009E-05 9.99009E-05 0.0688403 9.99009E-05
9.98651E-05 9.98651E-05 9.98651E-05 9.98651E-05 9.98651E-05 9.98651E-05 0.00850454 9.98651E-05 9.98651E-05 9.98651E-05 9.98651E-05 9.98651E-05 9.98651E-05 9.98651E-05 9.98651E-05 9.98651E-05 0.989997
0.288842 9.99189E-05 9.99189E-05 0.0482983 0.0765209 9.99189E-05 9.99189E-05 9.99189E-05 9.99189E-05 0.00149481 9.99189E-05 9.99189E-05 0.0375331 0.0257895 9.99189E-05 0.509801 0.0108202
9.99011E-05 9.99011E-05 0.127718 0.27368 0.139431 9.99011E-05 0.377511 9.99011E-05 9.99011E-05 9.99011E-05 9.99011E-05 9.99011E-05 9.99011E-05 9.99011E-05 0.0301303 9.99011E-05 0.0504306
9.9856E-05 9.9856E-05 9.9856E-05 9.9856E-05 9.9856E-05 9.9856E-05 0.998402 9.9856E-05 9.9856E-05 9.9856E-05 9.9856E-05 9.9856E-05 9.9856E-05 9.9856E-05 9.9856E-05 9.9856E-05 9.9856E-05
9.98744E-05 9.98744E-05 9.98744E-05 0.00365586 9.98744E-05 9.98744E-05 9.98744E-05 0.559298 0.435648 9.98744E-05 9.98744E-05 9.98744E-05 9.98744E-05 9.98744E-05 9.98744E-05 9.98744E-05 9.98744E-05
9.98652E-05 9.98652E-05 9.98652E-05 9.98652E-05 9.98652E-05 9.98652E-05 9.98652E-05 0.191196 0.807306 9.98652E-05 9.98652E-05 9.98652E-05 9.98652E-05 9.98652E-05 9.98652E-05 9.98652E-05 9.98652E-05
9.98918E-05 9.98918E-05 0.0263703 0.0793376 0.0743421 9.98918E-05 9.98918E-05 9.98918E-05 9.98918E-05 9.98918E-05 9.98918E-05 9.98918E-05 9.98918E-05 0.767955 9.98918E-05 0.050796 9.98918E-05
9.98651E-05 9.98651E-05 9.98651E-05 9.98651E-05 9.98651E-05 9.98651E-05 9.98651E-05 0.995024 9.98651E-05 9.98651E-05 9.98651E-05 9.98651E-05 9.98651E-05 9.98651E-05 0.00347844 9.98651E-05 9.98651E-05
9.98562E-05 9.98562E-05 9.98562E-05 9.98562E-05 9.98562E-05 9.98562E-05 9.98562E-05 0.998402 9.98562E-05 9.98562E-05 9.98562E-05 9.98562E-05 9.98562E-05 9.98562E-05 9.98562E-05 9.98562E-05 9.98562E-05
9.99012E-05 0.0152343 9.99012E-05 9.99012E-05 9.99012E-05 9.99012E-05 9.99012E-05 0.178854 0.224553 0.0357974 9.99012E-05 0.0731267 9.99012E-05 9.99012E-05 0.471336 9.99012E-05 9.99012E-05
9.98738E-05 9.98738E-05 9.98738E-05 9.98738E-05 9.98738E-05 9.98738E-05 9.98738E-05 9.98738E-05 0.064272 9.98738E-05 9.98738E-05 9.98738E-05 0.0159319 9.98738E-05 0.918398 9.98738E-05 9.98738E-05
9.98565E-05 0.998402 9.98565E-05 9.98565E-05 9.98565E-05 9.98565E-05 9.98565E-05 9.98565E-05 9.98565E-05 9.98565E-05 9.98565E-05 9.98565E-05 9.98565E-05 9.98565E-05 9.98565E-05 9.98565E-05 9.98565E-05
9.98742E-05 9.98742E-05 9.98742E-05 9.98742E-05 9.98742E-05 0.161086 9.98742E-05 0.280877 0.556639 9.98742E-05 9.98742E-05 9.98742E-05 9.98742E-05 9.98742E-05 9.98742E-05 9.98742E-05 9.98742E-05
9.98833E-05 0.0288629 9.98833E-05 9.98833E-05 9.98833E-05 0.198028 9.98833E-05 9.98833E-05 9.98833E-05 9.98833E-05 9.98833E-05 0.736402 9.98833E-05 9.98833E-05 0.0354088 9.98833E-05 9.98833E-05
9.99187E-05 9.99187E-05 0.0939272 0.24444 9.99187E-05 9.99187E-05 9.99187E-05 0.00250672 9.99187E-05 9.99187E-05 9.99187E-05 0.0193193 0.0603967 0.485041 0.0606086 0.0328611 9.99187E-05
9.98828E-05 9.98828E-05 9.98828E-05 9.98828E-05 9.98828E-05 0.0556438 9.98828E-05 0.529778 0.363752 9.98828E-05 9.98828E-05 9.98828E-05 0.0495274 9.98828E-05 9.98828E-05 9.98828E-05 9.98828E-05
9.98831E-05 9.98831E-05 9.98831E-05 9.98831E-05 9.98831E-05 0.0469824 9.98831E-05 9.98831E-05 0.000879581 9.98831E-05 9.98831E-05 9.98831E-05 0.00973787 9.98831E-05 9.98831E-05 0.941102 9.98831E-05
9.99009E-05 0.194005 9.99009E-05 0.0566453 0.600545 0.0326671 9.99009E-05 9.99009E-05 9.99009E-05 0.0200859 9.99009E-05 9.99009E-05 9.99009E-05 9.99009E-05 9.99009E-05 0.0949524 9.99009E-05
9.9865E-05 9.9865E-05 9.9865E-05 0.977734 9.9865E-05 0.0207677 9.9865E-05 9.9865E-05 9.9865E-05 9.9865E-05 9.9865E-05 9.9865E-05 9.9865E-05 9.9865E-05 9.9865E-05 9.9865E-05 9.9865E-05
0.269139 9.99098E-05 9.99098E-05 0.102859 0.249753 9.99098E-05 9.99098E-05 9.99098E-05 0.116779 0.0077527 9.99098E-05 9.99098E-05 0.0314103 9.99098E-05 9.99098E-05 0.221307 9.99098E-05
0.275238 9.99278E-05 0.00569846 0.0690804 0.269729 9.99278E-05 9.99278E-05 9.99278E-05 0.0722321 0.0145227 9.99278E-05 9.99278E-05 0.00361729 9.99278E-05 9.99278E-05 0.281289 0.00779357
0.0371329 9.99009E-05 9.99009E-05 0.0115906 0.881743 9.99009E-05 0.0112818 9.99009E-05 9.99009E-05 9.99009E-05 9.99009E-05 9.99009E-05 0.0245269 9.99009E-05 9.99009E-05 0.0326263 9.99009E-05
0.878986 9.98921E-05 9.98921E-05 9.98921E-05 9.98921E-05 9.98921E-05 0.00421537 9.98921E-05 9.98921E-05 9.98921E-05 0.0688727 9.98921E-05 9.98921E-05 0.0172128 9.98921E-05 0.0295145 9.98921E-05
9.98919E-05 9.98919E-05 0.0115218 9.98919E-05 0.866045 9.98919E-05 9.98919E-05 9.98919E-05 9.98919E-05 9.98919E-05 9.98919E-05 9.98919E-05 0.100894 0.0157445 9.98919E-05 0.00459584 9.98919E-05
0.0471709 0.0675546 0.0312974 9.99369E-05 0.352791 9.99369E-05 0.137693 9.99369E-05 9.99369E-05 9.99369E-05 0.0086059 0.000316458 0.224971 0.100392 9.99369E-05 0.0285087 9.99369E-05
0.143703 9.99189E-05 9.99189E-05 9.99189E-05 0.417809 0.0135801 9.99189E-05 9.99189E-05 0.0548736 0.0848867 9.99189E-05 9.99189E-05 0.172934 9.99189E-05 0.0166283 0.0946854 9.99189E-05
9.99279E-05 9.99279E-05 9.99279E-05 0.0736584 0.217086 9.99279E-05 9.99279E-05 9.99279E-05 0.0156819 9.99279E-05 0.0407741 0.0139024 0.349103 0.0597789 0.0950573 0.134158 9.99279E-05
9.98659E-05 9.98659E-05 9.98659E-05 9.98659E-05 9.98659E-05 9.98659E-05 0.00614015 9.98659E-05 9.98659E-05 9.98659E-05 9.98659E-05 9.98659E-05 9.98659E-05 9.98659E-05 9.98659E-05 0.992362 9.98659E-05
9.98562E-05 9.98562E-05 9.98562E-05 9.98562E-05 9.98562E-05 9.98562E-05 9.98562E-05 9.98562E-05 9.98562E-05 9.98562E-05 9.98562E-05 0.998402 9.98562E-05 9.98562E-05 9.98562E-05 9.98562E-05 9.98562E-05
9.98742E-05 9.98742E-05 9.98742E-05 0.00363928 0.00293745 9.98742E-05 9.98742E-05 9.98742E-05 9.98742E-05 9.98742E-05 9.98742E-05 0.992025 9.98742E-05 9.98742E-05 9.98742E-05 9.98742E-05 9.98742E-05
9.98832E-05 9.98832E-05 9.98832E-05 9.98832E-05 0.0191876 9.98832E-05 9.98832E-05 9.98832E-05 9.98832E-05 9.98832E-05 9.98832E-05 0.976968 0.00244649 9.98832E-05 9.98832E-05 9.98832E-05 9.98832E-05
9.98563E-05 9.98563E-05 9.98563E-05 9.98563E-05 9.98563E-05 9.98563E-05 9.98563E-05 9.98563E-05 9.98563E-05 9.98563E-05 9.98563E-05 0.998402 9.98563E-05 9.98563E-05 9.98563E-05 9.98563E-05 9.98563E-05
9.98652E-05 9.98652E-05 9.98652E-05 9.98652E-05 9.98652E-05 9.98652E-05 9.98652E-05 9.98652E-05 9.98652E-05 9.98652E-05 9.98652E-05 0.984749 9.98652E-05 9.98652E-05 0.0137525 9.98652E-05 9.98652E-05
0.129259 0.0502302 9.99372E-05 9.99372E-05 9.99372E-05 0.0475356 0.0245174 0.122314 0.0074337 0.00172663 0.0384106 0.390165 9.99372E-05 9.99372E-05 0.187707 9.99372E-05 9.99372E-05
9.98741E-05 0.0506827 9.98741E-05 9.98741E-05 9.98741E-05 9.98741E-05 9.98741E-05 9.98741E-05 9.98741E-05 9.98741E-05 9.98741E-05 0.943192 9.98741E-05 9.98741E-05 9.98741E-05 0.00472703 9.98741E-05
0.172859 9.98828E-05 9.98828E-05 9.98828E-05 9.98828E-05 9.98828E-05 9.98828E-05 9.98828E-05 9.98828E-05 9.98828E-05 0.00854143 9.98828E-05 0.0359492 9.98828E-05 9.98828E-05 0.781351 9.98828E-05
9.98829E-05 0.923522 9.98829E-05 9.98829E-05 9.98829E-05 9.98829E-05 9.98829E-05 9.98829E-05 9.98829E-05 9.98829E-05 0.0415678 0.0309482 0.00266389 9.98829E-05 9.98829E-05 9.98829E-05 9.98829E-05
9.98648E-05 9.98648E-05 9.98648E-05 9.98648E-05 9.98648E-05 9.98648E-05 9.98648E-05 0.425846 0.572656 9.98648E-05 9.98648E-05 9.98648E-05 9.98648E-05 9.98648E-05 9.98648E-05 9.98648E-05 9.98648E-05
0.0611746 9.9901E-05 0.0216345 9.9901E-05 9.9901E-05 9.9901E-05 9.9901E-05 9.9901E-05 9.9901E-05 9.9901E-05 9.9901E-05 0.0357749 9.9901E-05 0.847476 9.9901E-05 0.0171804 0.0156607
0.875503 9.98742E-05 9.98742E-05 9.98742E-05 9.98742E-05 9.98742E-05 9.98742E-05 9.98742E-05 9.98742E-05 9.98742E-05 9.98742E-05 9.98742E-05 0.0793649 0.0437343 9.98742E-05 9.98742E-05 9.98742E-05
9.98744E-05 9.98744E-05 9.98744E-05 9.98744E-05 9.98744E-05 0.0217294 9.98744E-05 9.98744E-05 9.98744E-05 9.98744E-05 0.0186799 9.98744E-05 9.98744E-05 0.958192 9.98744E-05 9.98744E-05 9.98744E-05
9.9865E-05 9.9865E-05 9.9865E-05 9.9865E-05 0.0868786 9.9865E-05 9.9865E-05 9.9865E-05 9.9865E-05 9.9865E-05 9.9865E-05 9.9865E-05 9.9865E-05 0.911623 9.9865E-05 9.9865E-05 9.9865E-05
9.98918E-05 9.98918E-05 0.0159797 9.98918E-05 0.0688572 9.98918E-05 0.0225188 9.98918E-05 9.98918E-05 9.98918E-05 9.98918E-05 9.98918E-05 0.0626703 0.828775 9.98918E-05 9.98918E-05 9.98918E-05
9.98502E-05 9.98502E-05 9.98502E-05 9.98502E-05 9.98502E-05 9.98502E-05 9.98502E-05 9.98502E-05 9.98502E-05 0.998402 9.98502E-05 9.98502E-05 9.98502E-05 9.98502E-05 9.98502E-05 9.98502E-05 9.98502E-05
9.98656E-05 9.98656E-05 9.98656E-05 9.98656E-05 9.98656E-05 9.98656E-05 9.98656E-05 0.656126 0.342376 9.98656E-05 9.98656E-05 9.98656E-05 9.98656E-05 9.98656E-05 9.98656E-05 9.98656E-05 9.98656E-05
0.111616 0.0351466 0.116174 9.99731E-05 0.0585671 0.0494863 0.0190838 0.161571 0.156554 0.0269553 0.00111161 0.00688796 0.0285979 0.158055 9.99731E-05 0.0698938 9.99731E-05
9.98744E-05 9.98744E-05 9.98744E-05 9.98744E-05 9.98744E-05 0.0977773 9.98744E-05 0.038622 0.862202 9.98744E-05 9.98744E-05 9.98744E-05 9.98744E-05 9.98744E-05 9.98744E-05 9.98744E-05 9.98744E-05
9.99099E-05 9.99099E-05 9.99099E-05 0.0108473 9.99099E-05 9.99099E-05 9.99099E-05 0.12009 0.78497 9.99099E-05 0.0219302 0.015261 9.99099E-05 9.99099E-05 0.04045 0.00545245 9.99099E-05
0.0338148 9.98651E-05 9.98651E-05 9.98651E-05 9.98651E-05 9.98651E-05 9.98651E-05 0.964687 9.98651E-05 9.98651E-05 9.98651E-05 9.98651E-05 9.98651E-05 9.98651E-05 9.98651E-05 9.98651E-05 9.98651E-05
9.98563E-05 9.98563E-05 9.98563E-05 9.98563E-05 9.98563E-05 9.98563E-05 9.98563E-05 0.998402 9.98563E-05 9.98563E-05 9.98563E-05 9.98563E-05 9.98563E-05 9.98563E-05 9.98563E-05 9.98563E-05 9.98563E-05
9.98922E-05 9.98922E-05 9.98922E-05 9.98922E-05 0.025698 9.98922E-05 9.98922E-05 9.98922E-05 0.758974 9.98922E-05 0.0433889 9.98922E-05 9.98922E-05 9.98922E-05 0.159374 0.0113666 9.98922E-05
9.98829E-05 9.98829E-05 9.98829E-05 0.0147306 9.98829E-05 9.98829E-05 9.98829E-05 0.394483 0.573884 9.98829E-05 9.98829E-05 9.98829E-05 0.015604 9.98829E-05 9.98829E-05 9.98829E-05 9.98829E-05
9.98919E-05 9.98919E-05 9.98919E-05 0.0104686 9.98919E-05 0.917189 9.98919E-05 9.98919E-05 0.0117294 9.98919E-05 9.98919E-05 0.030963 9.98919E-05 9.98919E-05 0.0284518 9.98919E-05 9.98919E-05
9.98739E-05 9.98739E-05 9.98739E-05 9.98739E-05 9.98739E-05 0.9732 9.98739E-05 9.98739E-05 9.98739E-05 9.98739E-05 0.00809439 9.98739E-05 9.98739E-05 0.0173073 9.98739E-05 9.98739E-05 9.98739E-05
9.98921E-05 9.98921E-05 0.00270993 9.98921E-05 9.98921E-05 9.98921E-05 0.0135495 0.137387 0.823712 9.98921E-05 9.98921E-05 0.0214435 9.98921E-05 9.98921E-05 9.98921E-05 9.98921E-05 9.98921E-05
0.982749 9.9874E-05 9.9874E-05 0.000629419 9.9874E-05 9.9874E-05 9.9874E-05 9.9874E-05 9.9874E-05 9.9874E-05 9.9874E-05 0.0152234 9.9874E-05 9.9874E-05 9.9874E-05 9.9874E-05 9.9874E-05
0.983794 9.9865E-05 9.9865E-05 9.9865E-05 9.9865E-05 9.9865E-05 9.9865E-05 9.9865E-05 9.9865E-05 9.9865E-05 9.9865E-05 0.0147083 9.9865E-05 9.9865E-05 9.9865E-05 9.9865E-05 9.9865E-05
9.98652E-05 9.98652E-05 0.997545 9.98652E-05 9.98652E-05 9.98652E-05 9.98652E-05 9.98652E-05 9.98652E-05 9.98652E-05 9.98652E-05 9.98652E-05 0.000956719 9.98652E-05 9.98652E-05 9.98652E-05 9.98652E-05
9.98563E-05 9.98563E-05 0.998402 9.98563E-05 9.98563E-05 9.98563E-05 9.98563E-05 9.98563E-05 9.98563E-05 9.98563E-05 9.98563E-05 9.98563E-05 9.98563E-05 9.98563E-05 9.98563E-05 9.98563E-05 9.98563E-05
0.066282 0.0530443 9.991E-05 9.991E-05 0.814622 0.00960459 9.991E-05 9.991E-05 9.991E-05 9.991E-05 9.991E-05 9.991E-05 9.991E-05 0.0448053 9.991E-05 0.00409513 0.00654773
0.107842 0.0187638 9.98921E-05 9.98921E-05 0.808725 9.98921E-05 9.98921E-05 9.98921E-05 9.98921E-05 9.98921E-05 9.98921E-05 9.98921E-05 9.98921E-05 0.0609414 9.98921E-05 0.00252854 9.98921E-05
0.0240912 0.00252777 0.942974 0.0291086 9.98832E-05 9.98832E-05 9.98832E-05 9.98832E-05 9.98832E-05 9.98832E-05 9.98832E-05 9.98832E-05 9.98832E-05 9.98832E-05 9.98832E-05 9.98832E-05 9.98832E-05
9.98562E-05 9.98562E-05 0.998402 9.98562E-05 9.98562E-05 9.98562E-05 9.98562E-05 9.98562E-05 9.98562E-05 9.98562E-05 9.98562E-05 9.98562E-05 9.98562E-05 9.98562E-05 9.98562E-05 9.98562E-05 9.98562E-05
0.00671424 9.98829E-05 9.98829E-05 9.98829E-05 9.98829E-05 9.98829E-05 9.98829E-05 9.98829E-05 9.98829E-05 9.98829E-05 9.98829E-05 0.0254091 9.98829E-05 0.0168164 9.98829E-05 0.949762 9.98829E-05
0.462919 0.00112127 9.99369E-05 9.99369E-05 0.134112 9.99369E-05 0.0161382 9.99369E-05 9.99369E-05 0.0110618 0.108524 9.99369E-05 0.0375501 0.142281 9.99369E-05 0.0384279 0.0471644
9.98741E-05 0.917267 9.98741E-05 9.98741E-05 9.98741E-05 9.98741E-05 9.98741E-05 9.98741E-05 9.98741E-05 9.98741E-05 0.0334633 0.0478715 9.98741E-05 9.98741E-05 9.98741E-05 9.98741E-05 9.98741E-05
9.9856E-05 9.9856E-05 9.9856E-05 9.9856E-05 9.9856E-05 9.9856E-05 9.9856E-05 9.9856E-05 9.9856E-05 9.9856E-05 9.9856E-05 9.9856E-05 0.998402 9.9856E-05 9.9856E-05 9.9856E-05 9.9856E-05
9.9901E-05 9.9901E-05 0.0184479 0.023235 9.9901E-05 9.9901E-05 9.9901E-05 9.9901E-05 9.9901E-05 9.9901E-05 9.9901E-05 9.9901E-05 0.83547 0.0484199 9.9901E-05 0.0358915 0.0374363
9.98561E-05 9.98561E-05 9.98561E-05 9.98561E-05 9.98561E-05 9.98561E-05 9.98561E-05 9.98561E-05 9.98561E-05 9.98561E-05 9.98561E-05 9.98561E-05 9.98561E-05 9.98561E-05 0.998402 9.98561E-05 9.98561E-05
