9.99099E-05 0.944397 9.99099E-05 9.99099E-05 9.99099E-05 9.99099E-05 9.99099E-05 9.99099E-05 0.0546036 9.99099E-05 9.99099E-05 9.99099E-05
9.99368E-05 0.0587453 0.0653268 0.0225031 9.99368E-05 9.99368E-05 9.99368E-05 0.732076 9.99368E-05 0.12065 9.99368E-05 9.99368E-05
9.99198E-05 9.99198E-05 9.99198E-05 0.0537146 9.99198E-05 9.99198E-05 9.99198E-05 9.99198E-05 9.99198E-05 0.566948 9.99198E-05 0.378438
9.99191E-05 9.99191E-05 0.0346874 0.00866079 9.99191E-05 9.99191E-05 9.99191E-05 9.99191E-05 9.99191E-05 0.955753 9.99191E-05 9.99191E-05
0.0603674 0.00190181 0.018718 9.99551E-05 9.99551E-05 9.99551E-05 9.99551E-05 0.216862 0.185627 0.388628 9.99551E-05 0.127397
9.99101E-05 9.99101E-05 0.0528959 9.99101E-05 9.99101E-05 9.99101E-05 9.99101E-05 9.99101E-05 9.99101E-05 0.946105 9.99101E-05 9.99101E-05
9.99192E-05 9.99192E-05 9.99192E-05 9.99192E-05 0.31934 9.99192E-05 9.99192E-05 0.579522 9.99192E-05 9.99192E-05 9.99192E-05 0.100239
0.0932409 9.99458E-05 9.99458E-05 0.00665615 9.99458E-05 9.99458E-05 9.99458E-05 0.0829757 0.0941999 0.134768 9.99458E-05 0.58756
9.99281E-05 9.99281E-05 9.99281E-05 9.99281E-05 0.221255 9.99281E-05 9.99281E-05 0.644474 9.99281E-05 9.99281E-05 0.106351 0.0271201
9.99102E-05 9.99102E-05 9.99102E-05 9.99102E-05 9.99102E-05 9.99102E-05 9.99102E-05 0.00454711 0.994454 9.99102E-05 9.99102E-05 9.99102E-05
9.99012E-05 9.99012E-05 9.99012E-05 9.99012E-05 9.99012E-05 9.99012E-05 9.99012E-05 9.99012E-05 0.998901 9.99012E-05 9.99012E-05 9.99012E-05
9.9937E-05 0.688548 9.9937E-05 0.144813 0.152329 9.9937E-05 9.9937E-05 9.9937E-05 9.9937E-05 0.0113002 9.9937E-05 0.00231077
9.99102E-05 9.99102E-05 9.99102E-05 9.99102E-05 0.94621 9.99102E-05 9.99102E-05 9.99102E-05 9.99102E-05 9.99102E-05 9.99102E-05 0.0527913
9.99371E-05 9.99371E-05 0.0512158 9.99371E-05 9.99371E-05 0.00401329 0.00708785 0.0217052 9.99371E-05 0.915278 9.99371E-05 9.99371E-05
9.99191E-05 0.04087 9.99191E-05 9.99191E-05 9.99191E-05 9.99191E-05 9.99191E-05 9.99191E-05 0.016897 0.941334 9.99191E-05 9.99191E-05
9.9919E-05 9.9919E-05 0.0309067 9.9919E-05 0.150163 9.9919E-05 9.9919E-05 9.9919E-05 9.9919E-05 9.9919E-05 0.818031 9.9919E-05
9.99188E-05 9.99188E-05 0.873316 9.99188E-05 9.99188E-05 9.99188E-05 9.99188E-05 9.99188E-05 0.104672 9.99188E-05 0.0211125 9.99188E-05
0.0194896 0.0153851 9.99549E-05 9.99549E-05 9.99549E-05 0.717917 0.0243927 0.0447783 0.130583 9.99549E-05 0.0469543 9.99549E-05
9.99192E-05 9.99192E-05 9.99192E-05 0.0263577 9.99192E-05 0.876059 0.096684 9.99192E-05 9.99192E-05 9.99192E-05 9.99192E-05 9.99192E-05
9.99459E-05 0.10698 0.064796 0.0554244 9.99459E-05 9.99459E-05 0.00097981 9.99459E-05 0.433581 9.99459E-05 0.337639 9.99459E-05
9.991E-05 9.991E-05 9.991E-05 9.991E-05 9.991E-05 0.974045 0.0249558 9.991E-05 9.991E-05 9.991E-05 9.991E-05 9.991E-05
9.9937E-05 0.554153 0.0554359 9.9937E-05 0.00572001 9.9937E-05 9.9937E-05 9.9937E-05 0.0518814 9.9937E-05 0.332111 9.9937E-05
0.00320293 9.9946E-05 0.248683 0.147686 9.9946E-05 0.424905 9.9946E-05 0.017421 0.157503 9.9946E-05 9.9946E-05 9.9946E-05
9.9919E-05 9.9919E-05 9.9919E-05 0.00596155 9.9919E-05 0.906248 9.9919E-05 9.9919E-05 0.0868911 9.9919E-05 9.9919E-05 9.9919E-05
9.99012E-05 9.99012E-05 9.99012E-05 9.99012E-05 9.99012E-05 9.99012E-05 9.99012E-05 9.99012E-05 9.99012E-05 0.998901 9.99012E-05 9.99012E-05
0.0106331 9.99102E-05 9.99102E-05 9.99102E-05 9.99102E-05 9.99102E-05 9.99102E-05 9.99102E-05 9.99102E-05 0.988368 9.99102E-05 9.99102E-05
9.99459E-05 0.0969043 0.0343664 0.0536915 0.728371 9.99459E-05 9.99459E-05 9.99459E-05 0.0303661 9.99459E-05 0.0557008 9.99459E-05
0.0612703 9.9928E-05 9.9928E-05 9.9928E-05 0.018235 9.9928E-05 9.9928E-05 9.9928E-05 9.9928E-05 0.91821 0.00148496 9.9928E-05
0.0723724 9.9937E-05 9.9937E-05 9.9937E-05 0.0110734 9.9937E-05 9.9937E-05 0.00517349 9.9937E-05 0.89202 0.018661 9.9937E-05
0.127525 0.00601345 0.0407143 0.00380825 9.99551E-05 9.99551E-05 0.0303886 9.99551E-05 9.99551E-05 0.619188 9.99551E-05 0.171862
0.116932 9.9928E-05 0.0938622 9.9928E-05 9.9928E-05 9.9928E-05 9.9928E-05 9.9928E-05 9.9928E-05 0.462815 9.9928E-05 0.325591
9.99012E-05 9.99012E-05 9.99012E-05 9.99012E-05 9.99012E-05 9.99012E-05 9.99012E-05 0.998901 9.99012E-05 9.99012E-05 9.99012E-05 9.99012E-05
9.99191E-05 9.99191E-05 9.99191E-05 9.99191E-05 9.99191E-05 9.99191E-05 9.99191E-05 9.99191E-05 9.99191E-05 0.853757 0.00948325 0.13586
0.69921 9.99371E-05 9.99371E-05 0.0147659 0.00119609 9.99371E-05 9.99371E-05 0.0392928 9.99371E-05 9.99371E-05 9.99371E-05 0.244835
9.99458E-05 0.0330342 0.330456 0.0797117 0.489072 9.99458E-05 9.99458E-05 9.99458E-05 0.0347166 9.99458E-05 9.99458E-05 0.0324101
9.99369E-05 9.99369E-05 0.00683933 9.99369E-05 0.0357906 9.99369E-05 9.99369E-05 9.99369E-05 9.99369E-05 0.934602 0.0132132 0.00885475
9.991E-05 0.959043 9.991E-05 9.991E-05 9.991E-05 9.991E-05 9.991E-05 9.991E-05 9.991E-05 9.991E-05 9.991E-05 0.0399577
9.99459E-05 0.153561 9.99459E-05 9.99459E-05 9.99459E-05 9.99459E-05 0.00832107 0.154537 0.624983 0.0162617 9.99459E-05 0.0417369
9.99099E-05 9.99099E-05 0.9863 9.99099E-05 9.99099E-05 9.99099E-05 9.99099E-05 9.99099E-05 9.99099E-05 9.99099E-05 9.99099E-05 0.0127012
9.99368E-05 0.19145 0.113876 9.99368E-05 9.99368E-05 9.99368E-05 9.99368E-05 9.99368E-05 0.229743 0.0637318 0.400499 9.99368E-05
9.99549E-05 0.244245 0.0531292 0.00692404 9.99549E-05 0.0123077 9.99549E-05 9.99549E-05 0.252088 0.0627557 0.368051 9.99549E-05
9.9928E-05 0.0606919 9.9928E-05 9.9928E-05 0.0163957 9.9928E-05 9.9928E-05 9.9928E-05 0.906791 9.9928E-05 0.0153216 9.9928E-05
9.9937E-05 9.9937E-05 9.9937E-05 9.9937E-05 0.0959905 9.9937E-05 0.00530346 0.00887821 0.00473359 9.9937E-05 0.884395 9.9937E-05
9.9937E-05 0.0351482 0.0193265 0.0100872 0.0292909 9.9937E-05 9.9937E-05 9.9937E-05 0.905448 9.9937E-05 9.9937E-05 9.9937E-05
9.9964E-05 0.072424 0.00308383 0.102852 0.173256 0.111247 9.9964E-05 0.0596539 0.388949 9.9964E-05 0.0881338 9.9964E-05
9.99639E-05 0.093264 0.0243316 9.99639E-05 0.0196382 9.99639E-05 0.10827 9.99639E-05 0.489768 0.0552526 0.176469 0.0326073
0.058608 0.210891 0.319161 9.9955E-05 0.141741 9.9955E-05 0.00917215 9.9955E-05 0.198325 0.0616023 9.9955E-05 9.9955E-05
9.99106E-05 0.962139 9.99106E-05 9.99106E-05 9.99106E-05 0.0368623 9.99106E-05 9.99106E-05 9.99106E-05 9.99106E-05 9.99106E-05 9.99106E-05
0.998901 9.99011E-05 9.99011E-05 9.99011E-05 9.99011E-05 9.99011E-05 9.99011E-05 9.99011E-05 9.99011E-05 9.99011E-05 9.99011E-05 9.99011E-05
0.99454 9.99101E-05 9.99101E-05 9.99101E-05 9.99101E-05 9.99101E-05 0.00446045 9.99101E-05 9.99101E-05 9.99101E-05 9.99101E-05 9.99101E-05
0.987573 9.99101E-05 9.99101E-05 9.99101E-05 9.99101E-05 9.99101E-05 9.99101E-05 9.99101E-05 0.0114283 9.99101E-05 9.99101E-05 9.99101E-05
0.998901 9.99011E-05 9.99011E-05 9.99011E-05 9.99011E-05 9.99011E-05 9.99011E-05 9.99011E-05 9.99011E-05 9.99011E-05 9.99011E-05 9.99011E-05
0.998901 9.99011E-05 9.99011E-05 9.99011E-05 9.99011E-05 9.99011E-05 9.99011E-05 9.99011E-05 9.99011E-05 9.99011E-05 9.99011E-05 9.99011E-05
0.412597 9.99641E-05 0.00839946 9.99641E-05 9.99641E-05 0.0429023 9.99641E-05 0.119752 0.061862 0.154403 0.0076251 0.19206
0.936015 0.0254804 9.9937E-05 9.9937E-05 0.000435939 9.9937E-05 9.9937E-05 0.0287122 9.9937E-05 9.9937E-05 0.00865712 9.9937E-05
9.99189E-05 0.847822 9.99189E-05 9.99189E-05 0.00160004 9.99189E-05 9.99189E-05 9.99189E-05 9.99189E-05 9.99189E-05 0.149679 9.99189E-05
0.0702801 0.0203023 9.99277E-05 0.0296587 9.99277E-05 9.99277E-05 9.99277E-05 0.87896 9.99277E-05 9.99277E-05 9.99277E-05 9.99277E-05
9.99099E-05 9.99099E-05 0.0289493 9.99099E-05 9.99099E-05 9.99099E-05 9.99099E-05 9.99099E-05 9.99099E-05 0.970052 9.99099E-05 9.99099E-05
0.0168156 0.0230009 9.9937E-05 0.03277 0.785807 9.9937E-05 9.9937E-05 9.9937E-05 9.9937E-05 9.9937E-05 0.140907 9.9937E-05
9.99102E-05 9.99102E-05 9.99102E-05 9.99102E-05 0.0625648 9.99102E-05 9.99102E-05 9.99102E-05 9.99102E-05 9.99102E-05 0.936436 9.99102E-05
9.99103E-05 9.99103E-05 9.99103E-05 9.99103E-05 0.965729 9.99103E-05 9.99103E-05 9.99103E-05 9.99103E-05 9.99103E-05 9.99103E-05 0.0332723
9.99189E-05 0.0189488 9.99189E-05 9.99189E-05 0.879798 9.99189E-05 9.99189E-05 9.99189E-05 0.100353 9.99189E-05 9.99189E-05 9.99189E-05
9.99279E-05 9.99279E-05 0.0144171 0.0716974 0.828278 9.99279E-05 9.99279E-05 9.99279E-05 0.0848081 9.99279E-05 9.99279E-05 9.99279E-05
9.9901E-05 9.9901E-05 9.9901E-05 9.9901E-05 9.9901E-05 9.9901E-05 0.998901 9.9901E-05 9.9901E-05 9.9901E-05 9.9901E-05 9.9901E-05
0.00554432 9.99194E-05 9.99194E-05 9.99194E-05 9.99194E-05 9.99194E-05 9.99194E-05 9.99194E-05 9.99194E-05 0.988199 9.99194E-05 0.00535734
0.104782 0.0433236 9.9991E-05 0.0214362 0.0863468 0.0722626 0.0356542 0.145593 0.231942 0.186533 0.0611767 0.0108502
9.99193E-05 9.99193E-05 9.99193E-05 9.99193E-05 0.0360844 9.99193E-05 9.99193E-05 9.99193E-05 9.99193E-05 0.878315 9.99193E-05 0.084701
0.000420041 0.0178987 0.0475266 9.9928E-05 9.9928E-05 9.9928E-05 9.9928E-05 9.9928E-05 9.9928E-05 0.933355 9.9928E-05 9.9928E-05
0.0352556 9.9928E-05 9.9928E-05 9.9928E-05 9.9928E-05 9.9928E-05 9.9928E-05 9.9928E-05 9.9928E-05 0.900253 0.0590532 0.00463926
0.0153815 9.9946E-05 9.9946E-05 9.9946E-05 9.9946E-05 0.0103988 9.9946E-05 0.0493127 9.9946E-05 0.888718 0.0236573 0.011932
9.99371E-05 9.99371E-05 0.0222382 9.99371E-05 9.99371E-05 9.99371E-05 9.99371E-05 0.00150988 0.069383 0.857422 9.99371E-05 0.0487475
9.991E-05 9.991E-05 0.0376764 9.991E-05 9.991E-05 9.991E-05 9.991E-05 9.991E-05 9.991E-05 0.961324 9.991E-05 9.991E-05
9.99008E-05 9.99008E-05 9.99008E-05 9.99008E-05 9.99008E-05 9.99008E-05 9.99008E-05 9.99008E-05 9.99008E-05 9.99008E-05 9.99008E-05 0.998901
9.99099E-05 9.99099E-05 9.99099E-05 9.99099E-05 0.0387014 9.99099E-05 9.99099E-05 9.99099E-05 9.99099E-05 9.99099E-05 9.99099E-05 0.9603
0.0166786 9.99192E-05 9.99192E-05 9.99192E-05 9.99192E-05 9.99192E-05 9.99192E-05 9.99192E-05 0.0450141 0.937408 9.99192E-05 9.99192E-05
9.991E-05 9.991E-05 9.991E-05 9.991E-05 9.991E-05 9.991E-05 9.991E-05 9.991E-05 9.991E-05 9.991E-05 0.973841 0.0251595
0.00833097 9.991E-05 9.991E-05 9.991E-05 9.991E-05 9.991E-05 9.991E-05 9.991E-05 9.991E-05 9.991E-05 0.99067 9.991E-05
9.99011E-05 9.99011E-05 9.99011E-05 0.998901 9.99011E-05 9.99011E-05 9.99011E-05 9.99011E-05 9.99011E-05 9.99011E-05 9.99011E-05 9.99011E-05
9.99011E-05 9.99011E-05 9.99011E-05 0.998901 9.99011E-05 9.99011E-05 9.99011E-05 9.99011E-05 9.99011E-05 9.99011E-05 9.99011E-05 9.99011E-05
9.99369E-05 0.0604872 9.99369E-05 9.99369E-05 0.0252612 9.99369E-05 9.99369E-05 0.0498196 0.779507 9.99369E-05 0.0842251 9.99369E-05
9.99459E-05 0.00328083 9.99459E-05 9.99459E-05 0.0734104 9.99459E-05 0.0102287 0.0191558 0.748686 9.99459E-05 0.144638 9.99459E-05
9.99281E-05 9.99281E-05 9.99281E-05 0.966483 9.99281E-05 9.99281E-05 9.99281E-05 9.99281E-05 0.0135838 9.99281E-05 0.0117557 0.00737817
9.99101E-05 0.0090854 9.99101E-05 0.989915 9.99101E-05 9.99101E-05 9.99101E-05 9.99101E-05 9.99101E-05 9.99101E-05 9.99101E-05 9.99101E-05
0.00378225 0.959409 9.99189E-05 9.99189E-05 0.03591 9.99189E-05 9.99189E-05 9.99189E-05 9.99189E-05 9.99189E-05 9.99189E-05 9.99189E-05
9.994E-05 0.0201959 9.994E-05 9.994E-05 0.153487 0.0848514 9.994E-05 0.112126 0.0318617 9.994E-05 0.596878 9.994E-05
0.0668182 0.0117624 9.99189E-05 9.99189E-05 9.99189E-05 9.99189E-05 9.99189E-05 0.92052 9.99189E-05 9.99189E-05 9.99189E-05 9.99189E-05
9.99552E-05 9.99552E-05 0.433014 0.0535761 0.257653 0.000953863 0.0678543 9.99552E-05 0.168385 0.0180648 9.99552E-05 9.99552E-05
9.99371E-05 0.110411 0.451982 0.112624 0.277876 0.0464082 9.99371E-05 9.99371E-05 9.99371E-05 9.99371E-05 9.99371E-05 9.99371E-05
0.12054 9.99461E-05 9.99461E-05 0.0178644 9.99461E-05 0.0587962 9.99461E-05 0.0311095 9.99461E-05 0.416904 9.99461E-05 0.354186
