9.99189E-05 0.0480735 9.99189E-05 9.99189E-05 9.99189E-05 0.00313973 9.99189E-05 0.947887 9.99189E-05 9.99189E-05 9.99189E-05 9.99189E-05
0.0113394 9.99279E-05 0.778724 9.99279E-05 9.99279E-05 9.99279E-05 0.0583445 9.99279E-05 0.150793 9.99279E-05 9.99279E-05 9.99279E-05
9.99554E-05 9.99554E-05 9.99554E-05 0.00959155 0.0139086 0.0696766 9.99554E-05 9.99554E-05 0.655688 0.0264409 0.0597248 0.164469
0.0013998 9.9937E-05 9.9937E-05 9.9937E-05 0.00675075 0.0123136 9.9937E-05 9.9937E-05 0.916904 9.9937E-05 9.9937E-05 0.0619327
9.99551E-05 0.106547 0.0623739 9.99551E-05 0.0806257 9.99551E-05 0.0122964 0.0166979 0.448373 0.272586 9.99551E-05 9.99551E-05
9.9901E-05 9.9901E-05 9.9901E-05 9.9901E-05 9.9901E-05 9.9901E-05 9.9901E-05 9.9901E-05 0.998901 9.9901E-05 9.9901E-05 9.9901E-05
9.99098E-05 9.99098E-05 9.99098E-05 9.99098E-05 9.99098E-05 9.99098E-05 9.99098E-05 9.99098E-05 9.99098E-05 0.995599 0.00340158 9.99098E-05
9.9946E-05 0.0745489 0.143165 9.9946E-05 0.229776 9.9946E-05 9.9946E-05 9.9946E-05 0.21756 0.13573 9.9946E-05 0.198621
0.0371292 9.99098E-05 9.99098E-05 9.99098E-05 9.99098E-05 9.99098E-05 9.99098E-05 9.99098E-05 9.99098E-05 0.961872 9.99098E-05 9.99098E-05
9.991E-05 0.816731 9.991E-05 9.991E-05 9.991E-05 9.991E-05 9.991E-05 9.991E-05 9.991E-05 0.18227 9.991E-05 9.991E-05
9.991E-05 0.835778 9.991E-05 9.991E-05 9.991E-05 9.991E-05 9.991E-05 9.991E-05 9.991E-05 0.163223 9.991E-05 9.991E-05
9.9937E-05 9.9937E-05 9.9937E-05 9.9937E-05 9.9937E-05 0.111891 9.9937E-05 0.648209 9.9937E-05 0.019309 0.190912 0.0289794
9.99192E-05 9.99192E-05 9.99192E-05 9.99192E-05 9.99192E-05 9.99192E-05 9.99192E-05 9.99192E-05 9.99192E-05 0.0299822 0.966287 0.00283143
9.9928E-05 9.9928E-05 9.9928E-05 0.00987533 9.9928E-05 9.9928E-05 0.0207592 0.00854245 0.960024 9.9928E-05 9.9928E-05 9.9928E-05
9.991E-05 9.991E-05 9.991E-05 9.991E-05 9.991E-05 9.991E-05 9.991E-05 0.0297248 0.969276 9.991E-05 9.991E-05 9.991E-05
0.768113 0.0597502 9.9928E-05 9.9928E-05 9.9928E-05 9.9928E-05 0.0472675 9.9928E-05 9.9928E-05 9.9928E-05 0.12407 9.9928E-05
9.99098E-05 0.0862048 9.99098E-05 9.99098E-05 9.99098E-05 9.99098E-05 0.912796 9.99098E-05 9.99098E-05 9.99098E-05 9.99098E-05 9.99098E-05
0.0704444 0.0827267 0.0474473 0.7145 0.0574134 9.99549E-05 9.99549E-05 0.0218491 9.99549E-05 0.00511915 9.99549E-05 9.99549E-05
9.991E-05 9.991E-05 9.991E-05 0.91605 9.991E-05 0.0829506 9.991E-05 9.991E-05 9.991E-05 9.991E-05 9.991E-05 9.991E-05
0.286842 0.541237 9.99369E-05 9.99369E-05 9.99369E-05 0.0395326 0.0561005 0.075589 9.99369E-05 9.99369E-05 9.99369E-05 9.99369E-05
9.99011E-05 9.99011E-05 9.99011E-05 0.998901 9.99011E-05 9.99011E-05 9.99011E-05 9.99011E-05 9.99011E-05 9.99011E-05 9.99011E-05 9.99011E-05
0.298217 0.0660664 9.99459E-05 9.99459E-05 9.99459E-05 0.0148264 0.080634 0.523021 9.99459E-05 9.99459E-05 0.0166355 9.99459E-05
9.99371E-05 0.154106 9.99371E-05 0.34598 0.00629748 0.152817 0.3401 9.99371E-05 9.99371E-05 9.99371E-05 9.99371E-05 9.99371E-05
9.9928E-05 0.0472141 9.9928E-05 0.897236 9.9928E-05 0.0209224 0.0338277 9.9928E-05 9.9928E-05 9.9928E-05 9.9928E-05 9.9928E-05
9.99101E-05 9.99101E-05 9.99101E-05 9.99101E-05 9.99101E-05 9.99101E-05 9.99101E-05 9.99101E-05 0.345431 9.99101E-05 9.99101E-05 0.65357
9.99101E-05 9.99101E-05 9.99101E-05 9.99101E-05 9.99101E-05 9.99101E-05 9.99101E-05 9.99101E-05 0.804139 9.99101E-05 9.99101E-05 0.194862
9.99278E-05 0.0921613 9.99278E-05 9.99278E-05 9.99278E-05 0.04282 9.99278E-05 0.0660409 9.99278E-05 9.99278E-05 0.798178 9.99278E-05
9.99009E-05 9.99009E-05 9.99009E-05 9.99009E-05 9.99009E-05 9.99009E-05 9.99009E-05 9.99009E-05 9.99009E-05 9.99009E-05 9.99009E-05 0.998901
9.991E-05 9.991E-05 9.991E-05 9.991E-05 9.991E-05 9.991E-05 9.991E-05 0.000322672 9.991E-05 9.991E-05 9.991E-05 0.998678
9.99461E-05 9.99461E-05 0.0380742 0.0291554 0.119258 9.99461E-05 9.99461E-05 0.0286221 0.460301 9.99461E-05 9.99461E-05 0.323989
9.9955E-05 9.9955E-05 0.0260053 9.9955E-05 0.196978 0.0109633 0.0748519 9.9955E-05 0.352922 0.0557802 9.9955E-05 0.281999
9.99013E-05 9.99013E-05 0.998901 9.99013E-05 9.99013E-05 9.99013E-05 9.99013E-05 9.99013E-05 9.99013E-05 9.99013E-05 9.99013E-05 9.99013E-05
0.021571 9.99191E-05 9.99191E-05 9.99191E-05 9.99191E-05 9.99191E-05 9.99191E-05 9.99191E-05 0.552772 9.99191E-05 9.99191E-05 0.424758
9.99282E-05 0.0098856 9.99282E-05 9.99282E-05 0.785503 9.99282E-05 9.99282E-05 9.99282E-05 9.99282E-05 0.0383395 9.99282E-05 0.165472
9.99458E-05 0.0346814 9.99458E-05 9.99458E-05 9.99458E-05 0.0512431 0.316037 0.00319419 9.99458E-05 9.99458E-05 0.54884 0.0454041
9.99189E-05 9.99189E-05 9.99189E-05 9.99189E-05 9.99189E-05 9.99189E-05 0.0331559 9.99189E-05 0.355291 9.99189E-05 9.99189E-05 0.610653
9.99191E-05 9.99191E-05 9.99191E-05 9.99191E-05 9.99191E-05 9.99191E-05 0.0200329 0.946633 0.0324348 9.99191E-05 9.99191E-05 9.99191E-05
9.9937E-05 0.631523 0.239502 0.00251427 9.9937E-05 9.9937E-05 9.9937E-05 0.0998385 0.0259224 9.9937E-05 9.9937E-05 9.9937E-05
9.99188E-05 9.99188E-05 9.99188E-05 9.99188E-05 9.99188E-05 9.99188E-05 0.988923 9.99188E-05 0.0052471 0.0049311 9.99188E-05 9.99188E-05
0.215021 0.301342 9.99368E-05 9.99368E-05 9.99368E-05 9.99368E-05 0.120721 0.23481 0.127408 9.99368E-05 9.99368E-05 9.99368E-05
0.177095 0.369748 0.00284163 0.00782515 9.99549E-05 9.99549E-05 0.0748709 0.283829 0.0832914 9.99549E-05 9.99549E-05 9.99549E-05
0.00482963 0.965394 9.9919E-05 9.9919E-05 9.9919E-05 9.9919E-05 9.9919E-05 0.0288766 9.9919E-05 9.9919E-05 9.9919E-05 9.9919E-05
0.865768 0.0291058 9.99369E-05 0.0210582 9.99369E-05 9.99369E-05 9.99369E-05 9.99369E-05 9.99369E-05 0.0585016 0.0248667 9.99369E-05
9.9928E-05 0.934429 9.9928E-05 9.9928E-05 0.00843994 9.9928E-05 0.0263403 9.9928E-05 9.9928E-05 9.9928E-05 0.0299912 9.9928E-05
0.0354894 0.505145 0.0647892 0.101394 9.9955E-05 0.0827651 9.9955E-05 0.0195652 9.9955E-05 9.9955E-05 0.190352 9.9955E-05
0.154061 0.559662 9.99551E-05 0.00497249 9.99551E-05 9.99551E-05 0.0372968 0.110494 0.0946037 9.99551E-05 0.0384105 9.99551E-05
9.9955E-05 0.188104 9.9955E-05 9.9955E-05 0.0433752 9.9955E-05 0.3258 0.212663 0.0565558 0.0711709 0.101832 9.9955E-05
9.99106E-05 9.99106E-05 9.99106E-05 0.0141805 9.99106E-05 9.99106E-05 9.99106E-05 0.98482 9.99106E-05 9.99106E-05 9.99106E-05 9.99106E-05
9.9901E-05 9.9901E-05 9.9901E-05 9.9901E-05 0.998901 9.9901E-05 9.9901E-05 9.9901E-05 9.9901E-05 9.9901E-05 9.9901E-05 9.9901E-05
9.9901E-05 9.9901E-05 9.9901E-05 9.9901E-05 0.998901 9.9901E-05 9.9901E-05 9.9901E-05 9.9901E-05 9.9901E-05 9.9901E-05 9.9901E-05
9.99281E-05 0.0119131 9.99281E-05 0.00255098 0.968813 9.99281E-05 0.0159233 9.99281E-05 9.99281E-05 9.99281E-05 9.99281E-05 9.99281E-05
9.9901E-05 9.9901E-05 9.9901E-05 9.9901E-05 0.998901 9.9901E-05 9.9901E-05 9.9901E-05 9.9901E-05 9.9901E-05 9.9901E-05 9.9901E-05
9.99011E-05 9.99011E-05 9.99011E-05 9.99011E-05 0.998901 9.99011E-05 9.99011E-05 9.99011E-05 9.99011E-05 9.99011E-05 9.99011E-05 9.99011E-05
9.99641E-05 0.100829 0.0522767 0.00939857 0.425878 0.0103634 0.00633753 9.99641E-05 9.99641E-05 0.101349 9.99641E-05 0.293168
9.9919E-05 9.9919E-05 0.0772215 9.9919E-05 0.912193 9.9919E-05 9.9919E-05 0.00968659 9.9919E-05 9.9919E-05 9.9919E-05 9.9919E-05
0.169311 9.99189E-05 9.99189E-05 9.99189E-05 9.99189E-05 9.99189E-05 9.99189E-05 0.806468 9.99189E-05 9.99189E-05 0.0233223 9.99189E-05
0.00826526 9.99459E-05 0.898897 9.99459E-05 0.0177499 0.00790659 9.99459E-05 9.99459E-05 9.99459E-05 0.0405392 9.99459E-05 0.0260427
9.99188E-05 9.99188E-05 9.99188E-05 9.99188E-05 9.99188E-05 9.99188E-05 0.00517462 9.99188E-05 0.502438 9.99188E-05 9.99188E-05 0.491488
0.0724962 9.99371E-05 9.99371E-05 9.99371E-05 0.0157314 0.0195525 9.99371E-05 0.0199067 9.99371E-05 9.99371E-05 0.871614 9.99371E-05
0.902622 9.99102E-05 9.99102E-05 9.99102E-05 9.99102E-05 9.99102E-05 9.99102E-05 9.99102E-05 9.99102E-05 9.99102E-05 0.0963793 9.99102E-05
9.99103E-05 9.99103E-05 9.99103E-05 9.99103E-05 9.99103E-05 9.99103E-05 9.99103E-05 9.99103E-05 9.99103E-05 0.0872728 0.911728 9.99103E-05
9.99099E-05 0.0839731 9.99099E-05 9.99099E-05 9.99099E-05 9.99099E-05 9.99099E-05 9.99099E-05 9.99099E-05 9.99099E-05 0.915028 9.99099E-05
9.99279E-05 0.114671 9.99279E-05 9.99279E-05 9.99279E-05 0.0323926 0.0071751 9.99279E-05 9.99279E-05 9.99279E-05 0.844962 9.99279E-05
9.99193E-05 9.99193E-05 9.99193E-05 0.916901 9.99193E-05 9.99193E-05 9.99193E-05 0.0802518 9.99193E-05 9.99193E-05 9.99193E-05 0.00194817
9.99102E-05 9.99102E-05 9.99102E-05 9.99102E-05 9.99102E-05 9.99102E-05 9.99102E-05 9.99102E-05 0.293139 9.99102E-05 9.99102E-05 0.705862
0.0422095 0.293782 0.0237995 0.0190997 0.158539 9.997E-05 9.997E-05 9.997E-05 0.0880516 0.133682 0.117293 0.123245
0.0319438 9.99282E-05 9.99282E-05 9.99282E-05 9.99282E-05 9.99282E-05 9.99282E-05 9.99282E-05 0.791079 9.99282E-05 0.00383254 0.172346
9.99369E-05 9.99369E-05 9.99369E-05 9.99369E-05 9.99369E-05 9.99369E-05 0.0503806 0.0212063 0.716253 0.00444493 9.99369E-05 0.207015
0.0274727 9.99099E-05 9.99099E-05 9.99099E-05 9.99099E-05 9.99099E-05 9.99099E-05 9.99099E-05 9.99099E-05 9.99099E-05 9.99099E-05 0.971528
0.0119366 9.9919E-05 9.9919E-05 0.00429602 9.9919E-05 9.9919E-05 9.9919E-05 9.9919E-05 9.9919E-05 9.9919E-05 9.9919E-05 0.982868
9.99371E-05 0.0492485 0.00407123 9.99371E-05 9.99371E-05 9.99371E-05 9.99371E-05 0.0183304 0.748179 9.99371E-05 9.99371E-05 0.179471
9.99188E-05 9.99188E-05 9.99188E-05 9.99188E-05 9.99188E-05 9.99188E-05 0.016393 9.99188E-05 0.512008 9.99188E-05 9.99188E-05 0.4707
9.99373E-05 9.99373E-05 9.99373E-05 9.99373E-05 0.234033 9.99373E-05 0.0232685 9.99373E-05 0.133885 0.217281 9.99373E-05 0.390832
9.99284E-05 9.99284E-05 9.99284E-05 9.99284E-05 0.0978715 9.99284E-05 9.99284E-05 9.99284E-05 0.046742 0.339416 9.99284E-05 0.515171
0.0578649 9.9928E-05 9.9928E-05 9.9928E-05 0.0299395 9.9928E-05 9.9928E-05 9.9928E-05 0.856412 9.9928E-05 9.9928E-05 0.0549845
0.984556 9.9919E-05 9.9919E-05 9.9919E-05 0.00967613 9.9919E-05 9.9919E-05 9.9919E-05 0.00486837 9.9919E-05 9.9919E-05 9.9919E-05
0.973586 9.991E-05 9.991E-05 9.991E-05 0.0254147 9.991E-05 9.991E-05 9.991E-05 9.991E-05 9.991E-05 9.991E-05 9.991E-05
9.99011E-05 9.99011E-05 9.99011E-05 9.99011E-05 9.99011E-05 0.998901 9.99011E-05 9.99011E-05 9.99011E-05 9.99011E-05 9.99011E-05 9.99011E-05
9.99191E-05 9.99191E-05 9.99191E-05 9.99191E-05 9.99191E-05 0.994981 9.99191E-05 0.000645737 9.99191E-05 9.99191E-05 0.00347434 9.99191E-05
0.0416942 0.872738 0.0829359 9.99279E-05 9.99279E-05 9.99279E-05 9.99279E-05 9.99279E-05 9.99279E-05 9.99279E-05 0.00183287 9.99279E-05
0.113044 0.831439 0.0221782 9.9946E-05 9.9946E-05 9.9946E-05 9.9946E-05 0.00285611 9.9946E-05 9.9946E-05 0.0284251 0.00145871
9.99191E-05 9.99191E-05 9.99191E-05 9.99191E-05 9.99191E-05 0.968164 0.025468 9.99191E-05 9.99191E-05 0.0054688 9.99191E-05 9.99191E-05
9.99101E-05 9.99101E-05 9.99101E-05 9.99101E-05 9.99101E-05 0.993432 9.99101E-05 0.00556872 9.99101E-05 9.99101E-05 9.99101E-05 9.99101E-05
0.00321824 9.99279E-05 9.99279E-05 9.99279E-05 0.00978127 9.99279E-05 9.99279E-05 0.970963 9.99279E-05 9.99279E-05 0.0152378 9.99279E-05
0.377785 0.225117 0.0179252 0.0925407 9.99549E-05 9.99549E-05 9.99549E-05 0.0398486 9.99549E-05 0.127317 0.118967 9.99549E-05
9.9919E-05 9.9919E-05 0.895339 9.9919E-05 0.0708608 9.9919E-05 9.9919E-05 9.9919E-05 9.9919E-05 0.0329006 9.9919E-05 9.9919E-05
9.99373E-05 0.210331 9.99373E-05 0.0344746 9.99373E-05 9.99373E-05 0.530953 9.99373E-05 9.99373E-05 9.99373E-05 0.190075 0.0334667
9.99372E-05 9.99372E-05 9.99372E-05 0.00850376 9.99372E-05 0.0520084 0.576708 0.0821733 9.99372E-05 9.99372E-05 0.279907 9.99372E-05
9.99551E-05 9.99551E-05 0.00039777 0.0179248 0.156768 0.0520024 9.99551E-05 9.99551E-05 0.14288 0.13763 9.99551E-05 0.491898
