0.011259 9.99549E-05 0.0374886 0.950753 9.99549E-05 9.99549E-05 9.99549E-05 9.99549E-05
0.0278236 0.300948 0.0567357 0.211738 0.166968 9.99819E-05 9.99819E-05 0.235587
0.104174 0.732446 9.99733E-05 9.99733E-05 0.040411 0.0273715 9.99733E-05 0.0952968
0.0421294 0.957271 9.9946E-05 9.9946E-05 9.9946E-05 9.9946E-05 9.9946E-05 9.9946E-05
9.997E-05 0.44248 0.112433 0.0819423 0.112345 9.997E-05 9.997E-05 0.250501
0.0229663 0.971961 9.9964E-05 9.9964E-05 9.9964E-05 0.00343074 0.00124213 9.9964E-05
9.994E-05 9.994E-05 9.994E-05 9.994E-05 9.994E-05 9.994E-05 9.994E-05 0.9993
0.0093706 0.421665 0.0901432 9.9973E-05 0.310995 9.9973E-05 9.9973E-05 0.167526
9.994E-05 9.994E-05 9.994E-05 9.994E-05 9.994E-05 9.994E-05 9.994E-05 0.9993
9.9946E-05 9.9946E-05 0.869676 9.9946E-05 9.9946E-05 9.9946E-05 9.9946E-05 0.129725
9.99461E-05 9.99461E-05 0.912771 9.99461E-05 9.99461E-05 9.99461E-05 9.99461E-05 0.0866295
0.136187 0.00416098 9.9964E-05 0.659438 9.9964E-05 9.9964E-05 0.199814 9.9964E-05
9.99461E-05 9.99461E-05 9.99461E-05 9.99461E-05 9.99461E-05 9.99461E-05 0.995595 0.00380502
9.9964E-05 0.932719 9.9964E-05 0.0385837 9.9964E-05 0.0246753 0.00362163 9.9964E-05
9.9964E-05 0.927598 0.00221241 0.0518842 9.9964E-05 0.0179051 9.9964E-05 9.9964E-05
9.99639E-05 9.99639E-05 0.376434 0.125116 9.99639E-05 9.99639E-05 0.304351 0.193699
0.299393 9.99641E-05 0.401097 9.99641E-05 9.99641E-05 0.0636712 0.235439 9.99641E-05
9.99729E-05 9.99729E-05 0.15772 0.0506513 0.0315898 0.71227 9.99729E-05 0.0474691
0.0654718 9.9955E-05 9.9955E-05 9.9955E-05 9.9955E-05 0.916659 0.0173697 9.9955E-05
0.0711388 9.9964E-05 0.702479 0.170302 9.9964E-05 9.9964E-05 0.0556798 9.9964E-05
9.994E-05 9.994E-05 9.994E-05 9.994E-05 9.994E-05 0.9993 9.994E-05 9.994E-05
9.99549E-05 9.99549E-05 0.295146 0.5662 9.99549E-05 9.99549E-05 0.138154 9.99549E-05
0.3541 0.0337709 0.195546 9.9973E-05 0.0244879 0.391795 9.9973E-05 9.9973E-05
0.0751202 9.9955E-05 0.012605 9.9955E-05 9.9955E-05 0.911775 9.9955E-05 9.9955E-05
9.99461E-05 0.998141 9.99461E-05 9.99461E-05 0.00125931 9.99461E-05 9.99461E-05 9.99461E-05
9.994E-05 0.9993 9.994E-05 9.994E-05 9.994E-05 9.994E-05 9.994E-05 9.994E-05
0.0137583 9.99639E-05 0.121976 0.0603387 9.99639E-05 9.99639E-05 0.803527 9.99639E-05
9.99549E-05 0.92407 9.99549E-05 9.99549E-05 0.0634243 9.99549E-05 9.99549E-05 0.0120058
9.9955E-05 0.906818 9.9955E-05 9.9955E-05 0.0667935 9.9955E-05 0.0258884 9.9955E-05
0.0106978 0.702594 9.99731E-05 9.99731E-05 0.228 0.0286858 0.0297234 9.99731E-05
0.0552784 0.704212 9.99551E-05 9.99551E-05 0.24001 9.99551E-05 9.99551E-05 9.99551E-05
0.00676018 0.0845135 9.99731E-05 0.214913 0.385155 9.99731E-05 9.99731E-05 0.308359
9.994E-05 0.9993 9.994E-05 9.994E-05 9.994E-05 9.994E-05 9.994E-05 9.994E-05
0.0088654 0.138247 9.99641E-05 9.99641E-05 0.819276 9.99641E-05 0.0332122 9.99641E-05
0.167426 0.0516045 0.101653 0.0196895 9.99729E-05 9.99729E-05 0.659327 9.99729E-05
9.99549E-05 0.980249 9.99549E-05 9.99549E-05 9.99549E-05 9.99549E-05 0.0177416 0.00150918
0.00999763 0.0128144 9.99551E-05 0.976688 9.99551E-05 9.99551E-05 9.99551E-05 9.99551E-05
9.9982E-05 0.0536305 0.706172 0.117726 0.0638037 0.0257371 9.9982E-05 0.0327302
0.345865 0.15915 0.258408 9.99731E-05 9.99731E-05 0.0436323 0.192645 9.99731E-05
9.99549E-05 0.118835 0.586314 0.294351 9.99549E-05 9.99549E-05 9.99549E-05 9.99549E-05
9.99639E-05 0.0856646 0.5628 0.335258 9.99639E-05 0.0158778 9.99639E-05 9.99639E-05
9.99434E-05 9.99434E-05 0.9993 9.99434E-05 9.99434E-05 9.99434E-05 9.99434E-05 9.99434E-05
9.99639E-05 9.99639E-05 0.339734 0.209782 9.99639E-05 9.99639E-05 0.116525 0.333559
9.9946E-05 9.9946E-05 0.962169 9.9946E-05 9.9946E-05 9.9946E-05 0.0372315 9.9946E-05
0.0954972 9.9973E-05 0.544865 0.079581 9.9973E-05 0.117705 0.162053 9.9973E-05
0.0142226 0.0857592 0.664916 0.136273 9.9982E-05 0.0363202 0.0623087 9.9982E-05
0.0877854 0.103743 0.258788 0.212104 0.0446686 9.9982E-05 0.292712 9.9982E-05
9.99463E-05 9.99463E-05 9.99463E-05 0.970939 9.99463E-05 0.0284612 9.99463E-05 9.99463E-05
9.994E-05 9.994E-05 9.994E-05 9.994E-05 0.9993 9.994E-05 9.994E-05 9.994E-05
9.9946E-05 9.9946E-05 9.9946E-05 9.9946E-05 0.994331 0.00506942 9.9946E-05 9.9946E-05
9.9946E-05 9.9946E-05 9.9946E-05 9.9946E-05 0.977129 9.9946E-05 0.0222713 9.9946E-05
9.994E-05 9.994E-05 9.994E-05 9.994E-05 0.9993 9.994E-05 9.994E-05 9.994E-05
9.994E-05 9.994E-05 9.994E-05 9.994E-05 0.9993 9.994E-05 9.994E-05 9.994E-05
9.99821E-05 0.168283 0.0695195 9.99821E-05 0.590785 0.0368884 0.0238099 0.110515
9.9946E-05 9.9946E-05 9.9946E-05 0.00850221 0.990898 9.9946E-05 9.9946E-05 9.9946E-05
9.99549E-05 9.99549E-05 9.99549E-05 0.875074 9.99549E-05 9.99549E-05 0.105603 0.0188227
0.0057084 0.0851729 9.99729E-05 0.195728 0.337912 9.99729E-05 9.99729E-05 0.375179
0.00159223 0.995616 9.99549E-05 0.00229214 9.99549E-05 9.99549E-05 9.99549E-05 9.99549E-05
0.0120792 9.9973E-05 9.9973E-05 0.0850373 0.00706426 9.9973E-05 0.880126 0.0153931
0.0168014 9.9973E-05 0.225353 0.204697 9.9973E-05 9.9973E-05 0.288707 0.264142
9.99461E-05 9.99461E-05 9.99461E-05 9.99461E-05 9.99461E-05 9.99461E-05 0.945239 0.0541616
9.99549E-05 0.00212274 0.100934 9.99549E-05 9.99549E-05 9.99549E-05 0.896443 9.99549E-05
0.0517682 9.99639E-05 0.072352 9.99639E-05 9.99639E-05 0.00144978 0.87403 9.99639E-05
9.99551E-05 9.99551E-05 9.99551E-05 0.0879062 0.00202146 0.909573 9.99551E-05 9.99551E-05
9.994E-05 0.9993 9.994E-05 9.994E-05 9.994E-05 9.994E-05 9.994E-05 9.994E-05
0.0653548 0.30913 0.225354 0.0448918 0.221434 0.0381823 0.0955532 9.9991E-05
9.99462E-05 0.979257 9.99462E-05 9.99462E-05 9.99462E-05 9.99462E-05 9.99462E-05 0.0201435
9.9955E-05 0.93784 9.9955E-05 0.0342226 0.0274373 9.9955E-05 9.9955E-05 9.9955E-05
9.9964E-05 0.912658 9.9964E-05 9.9964E-05 0.0206769 9.9964E-05 0.0185869 0.0476784
9.9973E-05 0.905223 9.9973E-05 0.0553295 0.0289006 0.00646973 9.9973E-05 0.0037775
9.99641E-05 0.932984 0.0344781 0.0299988 9.99641E-05 9.99641E-05 9.99641E-05 0.00213951
9.994E-05 0.9993 9.994E-05 9.994E-05 9.994E-05 9.994E-05 9.994E-05 9.994E-05
9.99552E-05 0.500265 9.99552E-05 9.99552E-05 0.308186 9.99552E-05 9.99552E-05 0.19105
9.99552E-05 0.462761 9.99552E-05 9.99552E-05 0.124681 9.99552E-05 9.99552E-05 0.412059
9.9964E-05 0.955346 9.9964E-05 0.036795 0.0039772 0.00348244 9.9964E-05 9.9964E-05
0.0750478 0.0291814 0.402442 0.152573 9.99729E-05 9.99729E-05 9.99729E-05 0.340456
0.0495681 0.0144417 0.446205 0.14335 9.99819E-05 9.99819E-05 0.00608085 0.340154
0.9993 9.994E-05 9.994E-05 9.994E-05 9.994E-05 9.994E-05 9.994E-05 9.994E-05
0.9993 9.994E-05 9.994E-05 9.994E-05 9.994E-05 9.994E-05 9.994E-05 9.994E-05
9.9955E-05 0.0148723 0.95607 0.0285575 9.9955E-05 9.9955E-05 9.9955E-05 9.9955E-05
9.9964E-05 9.9964E-05 0.940438 0.00995238 9.9964E-05 9.9964E-05 0.0459592 0.00325027
0.993156 9.9955E-05 0.00101784 9.9955E-05 9.9955E-05 9.9955E-05 9.9955E-05 0.00532625
0.9993 9.994E-05 9.994E-05 9.994E-05 9.994E-05 9.994E-05 9.994E-05 9.994E-05
9.99459E-05 9.99459E-05 9.99459E-05 0.959203 9.99459E-05 9.99459E-05 0.040197 9.99459E-05
9.99729E-05 9.99729E-05 0.394589 0.116871 9.99729E-05 0.0643238 0.204853 0.219063
9.99639E-05 0.0813048 9.99639E-05 0.174462 0.364351 9.99639E-05 9.99639E-05 0.379483
0.215804 0.0559064 0.219238 9.99821E-05 0.010348 0.108731 0.389772 9.99821E-05
0.285771 9.99641E-05 9.99641E-05 0.175067 9.99641E-05 0.0584628 0.480299 9.99641E-05
0.031106 0.619106 9.99731E-05 9.99731E-05 0.244897 0.0240821 9.99731E-05 0.0805089
