9.996E-05 9.996E-05 9.996E-05 0.9995 9.996E-05 9.996E-05
0.281854 9.9973E-05 9.9973E-05 0.456453 0.261393 9.9973E-05
0.81749 0.00282819 0.0853817 9.99911E-05 0.0414827 0.0527174
0.94419 9.9964E-05 0.0554103 9.9964E-05 9.9964E-05 9.9964E-05
0.468066 9.99731E-05 9.99731E-05 0.271614 0.26002 9.99731E-05
0.971833 9.9964E-05 0.027767 9.9964E-05 9.9964E-05 9.9964E-05
0.0163985 9.99732E-05 9.99732E-05 9.99732E-05 0.382484 0.600817
0.419101 9.99821E-05 0.0272049 0.0945928 0.458902 9.99821E-05
9.99731E-05 9.99731E-05 9.99731E-05 0.0427241 0.465353 0.491623
9.99731E-05 9.99731E-05 0.0647702 0.819067 0.115863 9.99731E-05
9.9982E-05 9.9982E-05 0.089101 0.791551 0.0821732 0.036975
0.0466687 9.9982E-05 0.136473 0.601311 9.9982E-05 0.215348
0.0131234 9.99641E-05 9.99641E-05 9.99641E-05 9.99641E-05 0.986477
0.933705 0.0283851 9.9973E-05 0.0376096 9.9973E-05 9.9973E-05
0.966627 0.00550294 9.9973E-05 0.02757 9.9973E-05 9.9973E-05
0.0362089 9.9982E-05 9.9982E-05 0.544134 0.0429036 0.376554
0.0436188 0.0687717 0.336028 0.359267 9.9991E-05 0.192214
9.9973E-05 0.723427 9.9973E-05 0.217065 0.0592085 9.9973E-05
9.9964E-05 0.914186 0.085414 9.9964E-05 9.9964E-05 9.9964E-05
9.9973E-05 9.9973E-05 0.14047 0.82103 9.9973E-05 0.0382007
0.00643006 0.99317 9.9964E-05 9.9964E-05 9.9964E-05 9.9964E-05
9.9964E-05 9.9964E-05 9.9964E-05 0.920199 9.9964E-05 0.0794012
9.9982E-05 0.413695 0.393382 0.156912 0.0358116 9.9982E-05
9.9964E-05 0.888875 0.110725 9.9964E-05 9.9964E-05 9.9964E-05
0.997078 9.9964E-05 9.9964E-05 9.9964E-05 0.00252179 9.9964E-05
0.9995 9.996E-05 9.996E-05 9.996E-05 9.996E-05 9.996E-05
9.99729E-05 9.99729E-05 0.0924241 0.113899 9.99729E-05 0.793377
0.931564 9.9973E-05 9.9973E-05 9.9973E-05 0.0444913 0.0236449
0.903938 9.9973E-05 9.9973E-05 9.9973E-05 0.0757687 0.0199929
0.685521 0.0167384 0.0271627 9.99821E-05 0.270378 9.99821E-05
0.671044 9.9973E-05 0.0497258 9.9973E-05 0.27893 9.9973E-05
0.0806069 9.99731E-05 9.99731E-05 0.359574 0.55952 9.99731E-05
0.992444 9.99641E-05 0.0071565 9.99641E-05 9.99641E-05 9.99641E-05
0.0944214 9.99731E-05 0.00105458 9.99731E-05 0.904224 9.99731E-05
0.0767507 9.99819E-05 0.244752 0.155895 9.99819E-05 0.522402
0.986789 9.99639E-05 9.99639E-05 9.99639E-05 9.99639E-05 0.0128109
0.0541027 9.99731E-05 0.0365262 0.909071 9.99731E-05 9.99731E-05
0.0232634 0.0400713 9.9982E-05 0.788748 0.147717 9.9982E-05
0.145957 0.0474086 0.408352 0.231412 9.9991E-05 0.166771
0.105478 9.99729E-05 0.0285357 0.865686 9.99729E-05 9.99729E-05
0.0845196 0.0141199 0.0470777 0.854083 9.9982E-05 9.9982E-05
9.9973E-05 0.0100431 0.0676278 0.922029 9.9973E-05 9.9973E-05
0.00657411 9.9982E-05 9.9982E-05 0.5945 0.0858007 0.312925
9.9982E-05 9.9982E-05 0.108292 0.817607 0.0588563 0.0150446
9.9991E-05 0.106322 0.141527 0.543478 0.0344317 0.174141
0.0447494 0.0312871 0.0806974 0.726551 0.0641669 0.052548
0.094589 9.9991E-05 0.126781 0.454664 0.0879266 0.235939
9.99644E-05 0.0208268 9.99644E-05 0.978773 9.99644E-05 9.99644E-05
9.996E-05 9.996E-05 9.996E-05 9.996E-05 0.9995 9.996E-05
9.99639E-05 0.0081413 9.99639E-05 9.99639E-05 0.991459 9.99639E-05
9.99639E-05 9.99639E-05 0.011876 9.99639E-05 0.987724 9.99639E-05
9.996E-05 9.996E-05 9.996E-05 9.996E-05 0.9995 9.996E-05
9.996E-05 9.996E-05 9.996E-05 9.996E-05 0.9995 9.996E-05
0.229202 0.0301757 9.9991E-05 0.0452987 0.616749 0.0784738
9.99639E-05 9.99639E-05 0.00233697 9.99639E-05 0.997263 9.99639E-05
9.9964E-05 9.9964E-05 9.9964E-05 0.924954 9.9964E-05 0.0746466
0.136266 9.9982E-05 0.00696487 0.347148 0.509421 9.9982E-05
0.9995 9.996E-05 9.996E-05 9.996E-05 9.996E-05 9.996E-05
9.9973E-05 9.9973E-05 0.0662132 0.0401467 9.9973E-05 0.89334
0.0569438 9.9982E-05 9.9982E-05 0.53759 0.00636336 0.398903
9.996E-05 9.996E-05 9.996E-05 9.996E-05 9.996E-05 0.9995
9.99639E-05 9.99639E-05 9.99639E-05 0.102576 9.99639E-05 0.897024
9.99729E-05 9.99729E-05 0.11197 0.0158677 9.99729E-05 0.871863
9.99731E-05 0.872506 9.99731E-05 0.121735 0.0054585 9.99731E-05
0.9995 9.996E-05 9.996E-05 9.996E-05 9.996E-05 9.996E-05
0.272839 0.042537 0.0615412 0.320877 0.176536 0.125669
0.993655 9.99641E-05 9.99641E-05 9.99641E-05 9.99641E-05 0.00594559
0.960409 9.9973E-05 9.9973E-05 0.0336782 0.00561312 9.9973E-05
0.880978 9.9973E-05 9.9973E-05 9.9973E-05 0.0810702 0.0376521
0.929127 0.00598634 9.9982E-05 9.9982E-05 0.0533644 0.011322
0.867925 9.9982E-05 0.0294239 0.0865695 0.0158815 9.9982E-05
0.9995 9.996E-05 9.996E-05 9.996E-05 9.996E-05 9.996E-05
0.510872 9.99643E-05 9.99643E-05 9.99643E-05 0.488729 9.99643E-05
0.491182 9.99732E-05 9.99732E-05 9.99732E-05 0.339053 0.169464
0.966324 9.9973E-05 0.0219465 0.0114296 9.9973E-05 9.9973E-05
0.0647035 9.9991E-05 0.0459595 0.613729 0.124311 0.151198
0.055364 9.9991E-05 0.0562466 0.5717 0.124499 0.19209
9.996E-05 9.996E-05 0.9995 9.996E-05 9.996E-05 9.996E-05
9.996E-05 9.996E-05 0.9995 9.996E-05 9.996E-05 9.996E-05
9.9982E-05 9.9982E-05 0.0492621 0.83659 0.0819401 0.0320073
9.9991E-05 0.00889457 0.024831 0.829178 0.0543627 0.0826342
9.9964E-05 9.9964E-05 0.980495 9.9964E-05 0.019105 9.9964E-05
9.996E-05 9.996E-05 0.9995 9.996E-05 9.996E-05 9.996E-05
9.9964E-05 9.9964E-05 9.9964E-05 0.907085 9.9964E-05 0.0925155
0.00194469 0.0556131 9.9991E-05 0.602688 0.0315301 0.308124
0.0988317 9.9973E-05 9.9973E-05 0.318201 0.582667 9.9973E-05
0.0354073 0.115234 0.317399 0.15717 9.9991E-05 0.374689
9.9982E-05 0.0779323 0.327079 0.180891 9.9982E-05 0.413898
0.601972 0.0451787 0.0465523 9.99821E-05 0.306097 9.99821E-05
