9.996E-05 9.996E-05 9.996E-05 9.996E-05 0.9995 9.996E-05
0.25486 9.9973E-05 9.9973E-05 0.311066 0.433775 9.9973E-05
0.0150873 0.0595533 0.0508773 0.833284 9.99911E-05 0.0410984
9.9964E-05 0.0342146 9.9964E-05 0.965386 9.9964E-05 9.9964E-05
0.232727 9.99731E-05 9.99731E-05 0.480457 0.286516 9.99731E-05
9.9964E-05 9.9964E-05 9.9964E-05 0.988153 0.0114467 9.9964E-05
0.374824 9.99821E-05 0.579203 0.0453388 0.000434133 9.99821E-05
0.434528 0.0369445 9.9982E-05 0.412391 0.115937 9.9982E-05
0.404035 9.99731E-05 0.431871 9.99731E-05 0.163795 9.99731E-05
0.087026 0.0638723 0.00697223 9.9982E-05 0.841929 9.9982E-05
0.0696871 0.0516146 0.0613019 9.99821E-05 0.817196 9.99821E-05
9.9982E-05 0.123587 0.172219 0.0301803 0.673814 9.9982E-05
9.996E-05 9.996E-05 0.9995 9.996E-05 9.996E-05 9.996E-05
9.9973E-05 9.9973E-05 9.9973E-05 0.944603 0.023901 0.0311963
9.9964E-05 9.9964E-05 9.9964E-05 0.955266 0.044334 9.9964E-05
0.0627656 0.000865512 0.322468 9.9982E-05 0.613701 9.9982E-05
9.999E-05 0.362501 0.225546 0.0104611 0.326231 0.0751605
0.0715059 9.99729E-05 9.99729E-05 9.99729E-05 0.204871 0.723323
9.9964E-05 0.0879066 9.9964E-05 9.9964E-05 9.9964E-05 0.911694
0.00104927 0.144081 0.0284466 9.9982E-05 0.826223 9.9982E-05
9.9964E-05 9.9964E-05 9.9964E-05 0.00274195 9.9964E-05 0.996858
9.9973E-05 0.0157967 0.046988 9.9973E-05 0.936915 9.9973E-05
0.0520978 0.420702 9.9991E-05 0.00455195 0.106325 0.416223
9.99639E-05 0.106276 9.99639E-05 9.99639E-05 9.99639E-05 0.893324
9.996E-05 9.996E-05 9.996E-05 0.9995 9.996E-05 9.996E-05
9.996E-05 9.996E-05 9.996E-05 0.9995 9.996E-05 9.996E-05
9.99729E-05 0.074583 0.77912 9.99729E-05 0.145997 9.99729E-05
0.0474771 9.9973E-05 0.00532615 0.946897 9.9973E-05 9.9973E-05
0.0880198 9.9973E-05 0.00546361 0.906217 9.9973E-05 9.9973E-05
0.271419 0.0477025 0.0134028 0.652775 9.9991E-05 0.0146009
0.29848 0.072596 9.9973E-05 0.628624 9.9973E-05 9.9973E-05
0.53981 9.99731E-05 9.99731E-05 0.115158 0.344732 9.99731E-05
9.996E-05 9.996E-05 9.996E-05 0.9995 9.996E-05 9.996E-05
0.920786 9.99641E-05 9.99641E-05 0.0788137 9.99641E-05 9.99641E-05
9.99819E-05 0.232243 0.5615 0.0379979 0.168059 9.99819E-05
9.99729E-05 9.99729E-05 0.0253993 0.970117 0.00418328 9.99729E-05
9.99642E-05 9.99642E-05 9.99642E-05 0.0550655 0.944535 9.99642E-05
0.136594 9.9991E-05 0.00652196 0.0363197 0.794774 0.02569
9.9991E-05 0.400027 0.191145 0.145503 0.217829 0.0453957
9.9973E-05 0.00284257 9.9973E-05 0.101962 0.894895 9.9973E-05
9.9982E-05 0.00989652 9.9982E-05 0.0677739 0.914827 0.00730263
9.99639E-05 0.0822919 9.99639E-05 9.99639E-05 0.917308 9.99639E-05
0.0637584 9.9973E-05 0.259449 9.9973E-05 0.676492 9.9973E-05
0.0357909 0.128543 0.023689 9.9982E-05 0.811778 9.9982E-05
0.0152498 0.189095 0.19118 9.9991E-05 0.496783 0.107592
0.032949 0.0613914 0.0328128 0.0573233 0.769736 0.0457873
0.0350271 0.117615 0.23238 0.116381 0.498498 9.9991E-05
9.99643E-05 9.99643E-05 9.99643E-05 9.99643E-05 0.966036 0.0335639
0.9995 9.996E-05 9.996E-05 9.996E-05 9.996E-05 9.996E-05
0.9995 9.996E-05 9.996E-05 9.996E-05 9.996E-05 9.996E-05
0.9995 9.996E-05 9.996E-05 9.996E-05 9.996E-05 9.996E-05
0.9995 9.996E-05 9.996E-05 9.996E-05 9.996E-05 9.996E-05
0.9995 9.996E-05 9.996E-05 9.996E-05 9.996E-05 9.996E-05
0.635076 9.9991E-05 0.0345266 0.212975 0.0712777 0.0460449
0.9995 9.996E-05 9.996E-05 9.996E-05 9.996E-05 9.996E-05
9.9964E-05 9.9964E-05 0.0443994 9.9964E-05 0.955201 9.9964E-05
0.553563 9.9982E-05 0.011148 0.0933928 0.341696 9.9982E-05
9.996E-05 9.996E-05 9.996E-05 0.9995 9.996E-05 9.996E-05
0.00592472 0.0489499 0.896508 9.9982E-05 0.0484171 9.9982E-05
9.9973E-05 9.9973E-05 0.335969 0.0536141 0.610117 9.9973E-05
9.996E-05 9.996E-05 0.9995 9.996E-05 9.996E-05 9.996E-05
9.99639E-05 9.99639E-05 0.874038 9.99639E-05 0.125562 9.99639E-05
9.99729E-05 0.100147 0.847855 9.99729E-05 0.051698 9.99729E-05
0.00509015 9.9982E-05 9.9982E-05 0.00974572 0.0813938 0.90357
9.99641E-05 0.00165962 9.99641E-05 0.997941 9.99641E-05 9.99641E-05
0.140343 0.0887769 0.177631 0.231318 0.301975 0.0599558
9.99641E-05 9.99641E-05 0.0125057 0.987094 9.99641E-05 9.99641E-05
9.9964E-05 9.9964E-05 9.9964E-05 0.974165 0.0254349 9.9964E-05
0.0682448 9.9973E-05 0.0245473 0.906908 9.9973E-05 9.9973E-05
0.0432965 9.99641E-05 9.99641E-05 0.956304 9.99641E-05 9.99641E-05
9.9973E-05 0.00159137 9.9973E-05 0.907846 0.0902622 9.9973E-05
9.996E-05 9.996E-05 9.996E-05 0.9995 9.996E-05 9.996E-05
0.502282 9.99643E-05 9.99643E-05 0.497318 9.99643E-05 9.99643E-05
0.332893 9.99732E-05 0.176223 0.490584 9.99732E-05 9.99732E-05
9.9982E-05 0.00789626 9.9982E-05 0.977094 0.0132348 0.00157468
0.100737 0.0529796 0.128371 0.0439319 0.673881 9.9991E-05
0.116931 0.037996 0.127789 0.0586813 0.658502 9.9991E-05
9.996E-05 0.9995 9.996E-05 9.996E-05 9.996E-05 9.996E-05
9.996E-05 0.9995 9.996E-05 9.996E-05 9.996E-05 9.996E-05
0.0618058 0.0371704 0.0353992 9.9982E-05 0.865425 9.9982E-05
0.0830994 0.0453941 0.0748212 9.9991E-05 0.780872 0.0157132
9.996E-05 0.9995 9.996E-05 9.996E-05 9.996E-05 9.996E-05
9.996E-05 0.9995 9.996E-05 9.996E-05 9.996E-05 9.996E-05
9.99641E-05 9.99641E-05 0.0480448 9.99641E-05 0.951555 9.99641E-05
0.0304614 9.9991E-05 0.271627 0.00786002 0.631663 0.0582881
0.630531 9.9982E-05 0.000622448 0.0752989 0.293348 9.9982E-05
9.9991E-05 0.265795 0.358731 0.0813139 0.17112 0.12294
9.99821E-05 0.338549 0.406219 9.99821E-05 0.185513 0.0695191
0.290324 0.0481643 9.99821E-05 0.609362 9.99821E-05 0.0519497
