0.922193 9.9991E-05 0.077707
0.337823 0.264173 0.398004
0.15639 0.84351 9.99911E-05
9.999E-05 0.9998 9.999E-05
0.225363 0.43218 0.342457
9.999E-05 0.9998 9.999E-05
0.477006 0.0143916 0.508603
0.0669763 0.438938 0.494086
0.429282 9.9991E-05 0.570618
0.817363 9.9991E-05 0.182537
0.818012 9.9991E-05 0.181888
0.904176 0.095724 9.9991E-05
0.895777 0.104123 9.9991E-05
0.029214 0.970686 9.9991E-05
0.0270872 0.972813 9.9991E-05
0.827939 0.0448134 0.127248
0.949157 0.0507428 9.9991E-05
0.929781 9.99911E-05 0.0701191
0.9998 9.999E-05 9.999E-05
0.930592 9.9991E-05 0.0693081
0.9998 9.999E-05 9.999E-05
0.929942 0.00668068 0.0633778
0.931418 0.0432087 0.0253732
0.9998 9.999E-05 9.999E-05
9.999E-05 0.9998 9.999E-05
9.999E-05 0.9998 9.999E-05
0.996258 9.9991E-05 0.00364241
9.9991E-05 0.901416 0.0984836
9.9991E-05 0.909551 0.0903491
0.0543783 0.706494 0.239127
0.00331539 0.654874 0.341811
0.23505 0.0619809 0.702969
9.999E-05 0.9998 9.999E-05
9.9991E-05 0.0692522 0.930648
0.876368 0.123532 9.9991E-05
9.999E-05 0.9998 9.999E-05
0.882879 0.117021 9.9991E-05
0.714076 0.0226261 0.263298
0.800906 0.198994 9.9991E-05
0.822206 0.177694 9.9991E-05
0.846184 0.0937172 0.0600985
0.9479 9.9991E-05 0.0519999
0.859765 9.9991E-05 0.140135
0.87602 9.9991E-05 0.12388
0.929545 9.9991E-05 0.0703554
0.808239 0.101347 0.0904143
0.791501 0.157568 0.0509313
0.918343 9.99911E-05 0.0815569
9.999E-05 9.999E-05 0.9998
9.999E-05 9.999E-05 0.9998
9.999E-05 9.999E-05 0.9998
9.999E-05 9.999E-05 0.9998
9.999E-05 9.999E-05 0.9998
0.0842049 0.234448 0.681347
9.999E-05 9.999E-05 0.9998
0.939948 0.00295691 0.0570949
0.254189 0.0948298 0.650981
9.999E-05 0.9998 9.999E-05
0.94534 0.0494503 0.00520928
0.836782 0.091274 0.0719439
0.944829 0.0550707 9.9991E-05
0.969621 0.0302787 9.9991E-05
0.9998 9.999E-05 9.999E-05
0.9998 9.999E-05 9.999E-05
9.9991E-05 0.996456 0.0034442
0.543142 0.391964 0.0648942
9.9991E-05 0.99321 0.00669045
0.0011518 0.977384 0.0214643
9.9991E-05 0.888174 0.111726
9.9991E-05 0.898011 0.101889
0.0331374 0.938278 0.0285842
9.9991E-05 0.986492 0.0134083
9.99911E-05 0.475166 0.524734
0.00162847 0.554183 0.444188
0.0176411 0.966082 0.0162772
0.716913 0.0823672 0.20072
0.735539 0.0382819 0.226179
0.871171 0.128729 9.9991E-05
0.863634 0.136266 9.9991E-05
0.823858 9.99909E-05 0.176042
0.856846 9.99909E-05 0.143054
0.873145 0.126755 9.9991E-05
0.874193 0.125707 9.9991E-05
0.913727 9.9991E-05 0.0861725
0.88108 0.00697967 0.11194
0.206872 0.0359471 0.75718
0.883736 0.116164 9.9991E-05
0.947041 0.052859 9.9991E-05
0.0403708 0.623363 0.336266
