9.9973E-05 9.9973E-05 0.958935 0.0407649 9.9973E-05
0.311395 0.29355 0.382466 0.0124886 9.9991E-05
0.104122 0.82725 0.01949 0.00556525 0.0435736
9.9973E-05 0.975529 9.9973E-05 0.0241707 9.9973E-05
0.3167 0.430555 0.252545 9.99821E-05 9.99821E-05
9.9982E-05 0.989338 0.00878183 9.9982E-05 0.00167976
0.333172 0.0809402 0.585688 9.99821E-05 9.99821E-05
0.423567 0.457895 0.0928196 0.0256179 9.9991E-05
0.405493 0.0278632 0.566444 9.99821E-05 9.99821E-05
0.151906 9.9982E-05 0.708999 0.138894 9.9982E-05
0.120018 9.9982E-05 0.733307 0.146475 9.9982E-05
9.9982E-05 0.0779708 0.795939 0.12589 9.9982E-05
9.99732E-05 0.0647012 0.934999 9.99732E-05 9.99732E-05
9.9982E-05 0.972861 9.9982E-05 0.00269598 0.0242434
0.00492189 0.956476 0.0228362 0.00379305 0.0119726
0.0666498 0.0190277 0.872704 0.041519 9.9991E-05
9.999E-05 0.0260757 0.489694 0.410757 0.0733734
0.0602375 9.99819E-05 0.213673 9.99819E-05 0.72589
9.9973E-05 9.9973E-05 9.9973E-05 0.0799276 0.919772
0.0212106 9.99819E-05 0.791453 0.187137 9.99819E-05
9.997E-05 9.997E-05 9.997E-05 9.997E-05 0.9996
9.9982E-05 0.0189884 0.935217 0.045595 9.9982E-05
0.0962198 0.0192714 0.0614113 0.397855 0.425243
9.9973E-05 9.9973E-05 9.9973E-05 0.0688952 0.930805
0.0145242 0.985176 9.9973E-05 9.9973E-05 9.9973E-05
9.997E-05 0.9996 9.997E-05 9.997E-05 9.997E-05
9.9973E-05 9.9973E-05 0.920543 0.0791572 9.9973E-05
0.0706198 0.92908 9.9973E-05 9.9973E-05 9.9973E-05
0.0902423 0.909458 9.9973E-05 9.9973E-05 9.9973E-05
0.277673 0.674773 9.9991E-05 0.0298335 0.0176206
0.321227 0.612853 9.9982E-05 0.0657196 9.9982E-05
0.654087 0.088824 0.256889 9.99821E-05 9.99821E-05
9.99731E-05 0.984868 9.99731E-05 0.0148318 9.99731E-05
0.91058 0.0891202 9.9973E-05 9.9973E-05 9.9973E-05
9.9982E-05 0.0669761 0.698347 0.234477 9.9982E-05
9.9982E-05 0.976412 0.0147167 0.00867106 9.9982E-05
9.99821E-05 0.0575122 0.91557 0.0267176 9.99821E-05
0.231854 0.0145301 0.701759 0.00352835 0.0483284
9.9991E-05 0.134349 0.364958 0.446436 0.054157
9.9982E-05 0.129188 0.804085 0.066527 9.9982E-05
0.0357174 0.0965874 0.791377 0.0462353 0.0300833
0.0406345 9.9991E-05 0.802109 0.115123 0.0420336
0.0569224 9.9973E-05 0.942778 9.9973E-05 9.9973E-05
0.0696286 9.9991E-05 0.764167 0.156448 0.00965617
0.0619494 9.9991E-05 0.593727 0.219285 0.124939
0.0749096 0.0730372 0.706387 0.0938208 0.0518456
0.0922635 0.103105 0.636674 0.163781 0.00417631
9.99733E-05 9.99733E-05 0.944997 9.99733E-05 0.0547032
0.9996 9.997E-05 9.997E-05 9.997E-05 9.997E-05
0.9996 9.997E-05 9.997E-05 9.997E-05 9.997E-05
0.990671 9.9973E-05 9.9973E-05 0.0090289 9.9973E-05
0.9996 9.997E-05 9.997E-05 9.997E-05 9.997E-05
0.9996 9.997E-05 9.997E-05 9.997E-05 9.997E-05
0.642217 0.205604 0.115382 9.9991E-05 0.0366961
0.998044 9.9973E-05 9.9973E-05 0.00165641 9.9973E-05
9.997E-05 9.997E-05 0.9996 9.997E-05 9.997E-05
0.618775 0.0778085 0.303216 9.9982E-05 9.9982E-05
9.997E-05 0.9996 9.997E-05 9.997E-05 9.997E-05
9.99821E-05 0.0170209 0.928221 0.0545585 9.99821E-05
9.9982E-05 0.0990206 0.895111 0.00566808 9.9982E-05
9.99821E-05 0.00676804 0.964789 9.99821E-05 0.0282429
9.997E-05 9.997E-05 0.9996 9.997E-05 9.997E-05
9.9982E-05 9.9982E-05 0.880494 0.0959288 0.0233772
0.00648344 9.99821E-05 0.0474794 9.99821E-05 0.945837
9.997E-05 0.9996 9.997E-05 9.997E-05 9.997E-05
0.14456 0.277074 0.494343 0.0319594 0.0520648
9.997E-05 0.9996 9.997E-05 9.997E-05 9.997E-05
0.0135613 0.958074 0.0281647 9.9982E-05 9.9982E-05
0.110837 0.888863 9.9973E-05 9.9973E-05 9.9973E-05
0.080405 0.915685 0.000726133 9.9991E-05 0.00308374
9.99731E-05 0.941461 0.0582394 9.99731E-05 9.99731E-05
9.997E-05 0.9996 9.997E-05 9.997E-05 9.997E-05
0.46959 0.530111 9.99732E-05 9.99732E-05 9.99732E-05
0.358872 0.551851 0.0736901 9.99911E-05 0.0154873
0.00745761 0.975259 9.9991E-05 0.0105539 0.0066292
0.135727 0.0578256 0.743065 0.0632827 9.9991E-05
0.134042 0.069555 0.748499 0.0478039 9.9991E-05
9.997E-05 9.997E-05 9.997E-05 0.9996 9.997E-05
9.997E-05 9.997E-05 9.997E-05 0.9996 9.997E-05
0.102429 9.9991E-05 0.793959 0.0997992 0.00371242
0.110641 9.9991E-05 0.793202 0.0718384 0.0242185
9.997E-05 9.997E-05 9.997E-05 0.9996 9.997E-05
9.997E-05 9.997E-05 9.997E-05 0.9996 9.997E-05
0.0170802 9.9973E-05 0.98262 9.9973E-05 9.9973E-05
0.0248983 0.0189405 0.883418 9.9991E-05 0.0726437
0.66636 0.0526253 0.280815 9.9982E-05 9.9982E-05
9.9991E-05 0.0783789 0.487104 0.319021 0.115396
9.99821E-05 9.99821E-05 0.543812 0.383193 0.0727953
0.33884 0.596283 9.9991E-05 0.0239293 0.0408475
