9.996E-05 0.9995 9.996E-05 9.996E-05 9.996E-05 9.996E-05
9.9973E-05 0.424626 0.335568 9.9973E-05 0.239507 9.9973E-05
0.0337436 9.99911E-05 0.744462 0.0855495 0.07068 0.0654648
9.9964E-05 9.9964E-05 0.968835 9.9964E-05 9.9964E-05 0.0307655
9.99731E-05 0.246665 0.472448 9.99731E-05 0.280587 9.99731E-05
9.9964E-05 0.0219668 0.977633 9.9964E-05 9.9964E-05 9.9964E-05
9.99642E-05 9.99642E-05 9.99642E-05 0.641464 0.358136 9.99642E-05
9.9991E-05 0.0698269 0.416737 0.0067841 0.486646 0.0199053
9.9982E-05 0.0755622 0.00403622 0.488491 0.431711 9.9982E-05
9.9982E-05 0.746256 9.9982E-05 0.0741878 0.125357 0.0539999
9.9982E-05 0.650467 9.9982E-05 0.127494 0.110797 0.111042
9.9982E-05 0.669235 0.0235343 0.166072 9.9982E-05 0.140959
9.996E-05 9.996E-05 9.996E-05 0.9995 9.996E-05 9.996E-05
0.0403285 0.0157869 0.943585 9.9973E-05 9.9973E-05 9.9973E-05
0.00461399 0.0287107 0.966375 9.9973E-05 9.9973E-05 9.9973E-05
9.9982E-05 0.548863 0.0171274 0.38253 0.0512796 9.9982E-05
0.0764317 0.378175 9.9982E-05 0.151998 9.9982E-05 0.393196
0.744578 0.160816 9.99729E-05 9.99729E-05 0.0943063 9.99729E-05
0.937101 9.9964E-05 9.9964E-05 9.9964E-05 9.9964E-05 0.0624996
9.9973E-05 0.836261 9.9973E-05 0.0522792 9.9973E-05 0.11116
0.9995 9.996E-05 9.996E-05 9.996E-05 9.996E-05 9.996E-05
9.9973E-05 0.890791 9.9973E-05 0.0811881 9.9973E-05 0.0277205
0.435337 0.12463 0.0178143 9.9991E-05 0.0633793 0.35874
0.902905 9.9964E-05 9.9964E-05 9.9964E-05 9.9964E-05 0.0966956
9.9964E-05 9.9964E-05 0.971649 9.9964E-05 0.0279512 9.9964E-05
9.996E-05 9.996E-05 0.9995 9.996E-05 9.996E-05 9.996E-05
9.99729E-05 0.160771 9.99729E-05 0.757006 9.99729E-05 0.0819226
9.9964E-05 9.9964E-05 0.946966 9.9964E-05 0.0526344 9.9964E-05
9.9964E-05 9.9964E-05 0.912422 9.9964E-05 0.0871783 9.9964E-05
0.018894 9.9991E-05 0.681799 0.0220291 0.275952 0.00122599
9.9973E-05 9.9973E-05 0.622745 9.9973E-05 0.319958 0.0569972
9.99732E-05 0.331885 0.0857988 9.99732E-05 0.582016 9.99732E-05
9.99641E-05 9.99641E-05 0.987639 9.99641E-05 9.99641E-05 0.0119614
9.9982E-05 9.9982E-05 0.0573576 0.0096429 0.918407 0.0143922
9.99819E-05 0.18438 0.0445232 0.529585 9.99819E-05 0.241312
9.99639E-05 0.0504123 0.949188 9.99639E-05 9.99639E-05 9.99639E-05
9.99642E-05 0.952017 0.0475831 9.99642E-05 9.99642E-05 9.99642E-05
0.0423343 0.764756 0.0237218 9.9982E-05 0.168988 9.9982E-05
0.041183 0.210682 0.152868 0.16986 9.9991E-05 0.425308
9.9973E-05 0.859839 0.132344 9.9973E-05 9.9973E-05 0.00751736
0.0172661 0.88496 0.0710621 9.9982E-05 9.9982E-05 0.0265117
0.0322002 0.882246 9.9991E-05 0.0384927 0.0016917 0.0452697
9.9973E-05 0.675247 9.9973E-05 0.280169 0.0442842 9.9973E-05
9.9982E-05 0.757907 9.9982E-05 0.0866673 0.0490172 0.106208
0.119212 0.530878 9.9991E-05 0.184513 0.0287779 0.136519
0.0450124 0.762293 0.0816361 0.0236235 0.0179562 0.069479
9.9991E-05 0.455539 0.0852399 0.245667 0.0741336 0.139321
0.0265852 0.973015 9.99644E-05 9.99644E-05 9.99644E-05 9.99644E-05
9.996E-05 9.996E-05 9.996E-05 9.996E-05 0.9995 9.996E-05
9.996E-05 9.996E-05 9.996E-05 9.996E-05 0.9995 9.996E-05
9.996E-05 9.996E-05 9.996E-05 9.996E-05 0.9995 9.996E-05
9.996E-05 9.996E-05 9.996E-05 9.996E-05 0.9995 9.996E-05
9.996E-05 9.996E-05 9.996E-05 9.996E-05 0.9995 9.996E-05
0.0276496 0.0397862 0.218157 0.0488265 0.66548 9.9991E-05
9.996E-05 9.996E-05 9.996E-05 9.996E-05 0.9995 9.996E-05
9.9964E-05 0.932265 9.9964E-05 0.0673348 9.9964E-05 9.9964E-05
9.9973E-05 0.345592 0.121922 9.9973E-05 0.532187 9.9973E-05
9.996E-05 9.996E-05 0.9995 9.996E-05 9.996E-05 9.996E-05
9.9973E-05 0.0641713 9.9973E-05 0.876189 9.9973E-05 0.0593397
9.9973E-05 0.590825 0.0657154 0.343159 9.9973E-05 9.9973E-05
9.996E-05 9.996E-05 9.996E-05 0.9995 9.996E-05 9.996E-05
9.99729E-05 0.0948524 9.99729E-05 0.887851 9.99729E-05 0.0169966
9.99729E-05 0.0553052 9.99729E-05 0.841407 9.99729E-05 0.102988
0.914677 0.0769719 9.99731E-05 9.99731E-05 0.00805147 9.99731E-05
9.99641E-05 9.99641E-05 0.993902 9.99641E-05 0.00569787 9.99641E-05
0.0622224 0.338325 0.363756 0.029087 0.172104 0.0345062
9.99731E-05 0.00322674 0.986284 0.0101897 9.99731E-05 9.99731E-05
9.9964E-05 0.00341797 0.996182 9.9964E-05 9.9964E-05 9.9964E-05
9.9973E-05 9.9973E-05 0.892395 0.0115672 0.0957375 9.9973E-05
0.0105294 0.00315325 0.930064 9.9982E-05 0.0560529 9.9982E-05
9.99731E-05 0.0736403 0.911152 9.99731E-05 0.0149079 9.99731E-05
9.996E-05 9.996E-05 0.9995 9.996E-05 9.996E-05 9.996E-05
9.99732E-05 9.99732E-05 0.489511 0.0213975 0.488791 9.99732E-05
9.99731E-05 9.99731E-05 0.427974 0.216167 0.355559 9.99731E-05
9.9973E-05 0.0163798 0.922193 9.9973E-05 0.0611269 9.9973E-05
9.9991E-05 0.71528 0.0617016 0.110089 0.0831182 0.0297115
9.9991E-05 0.663018 0.0659435 0.138884 0.101875 0.0301791
9.996E-05 9.996E-05 9.996E-05 9.996E-05 9.996E-05 0.9995
9.996E-05 9.996E-05 9.996E-05 9.996E-05 9.996E-05 0.9995
0.010615 0.883743 9.9991E-05 0.00531842 0.0821008 0.0181228
0.00524666 0.841811 9.9982E-05 0.0636526 0.08909 9.9982E-05
9.9964E-05 9.9964E-05 9.9964E-05 9.9964E-05 0.0148281 0.984772
9.996E-05 9.996E-05 9.996E-05 9.996E-05 9.996E-05 0.9995
9.99641E-05 0.963348 9.99641E-05 0.0362524 9.99641E-05 9.99641E-05
0.0366869 0.600373 0.023754 0.313603 0.0254829 9.9991E-05
9.9982E-05 0.313448 0.0920376 0.00201473 0.5923 9.9982E-05
0.115848 0.185647 0.0864493 0.30915 9.9991E-05 0.302807
0.0760764 0.198884 9.99821E-05 0.41289 9.99821E-05 0.31195
0.0352775 9.99821E-05 0.587431 9.99821E-05 0.329135 0.0479569
