0.970688 0.0291116 9.9982E-05 9.9982E-05
0.446898 0.0197836 0.533218 9.9991E-05
9.999E-05 0.124063 0.814517 0.06132
9.9982E-05 0.037126 0.962674 9.9982E-05
0.302174 0.0357804 0.661946 9.9991E-05
9.9982E-05 0.0122035 0.987597 9.9982E-05
0.698079 9.99821E-05 0.301721 9.99821E-05
0.14249 0.0160264 0.841383 9.9991E-05
0.666357 9.99821E-05 0.333443 9.99821E-05
0.820385 0.137762 0.0417531 9.9991E-05
0.827397 0.166346 0.0061568 9.9991E-05
0.798642 0.195766 0.00549214 9.9991E-05
0.939204 0.0440328 0.0124603 0.00430285
9.9982E-05 0.0397619 0.960038 9.9982E-05
9.9982E-05 0.00927586 0.990524 9.9982E-05
0.862122 0.0560735 0.0817045 9.9991E-05
0.466362 0.439331 9.9991E-05 0.0942076
0.222072 9.9991E-05 0.0459032 0.731925
9.9982E-05 0.0957763 9.9982E-05 0.904024
0.821175 0.178625 9.9982E-05 9.9982E-05
9.998E-05 9.998E-05 9.998E-05 0.9997
0.931568 0.0682317 9.9982E-05 9.9982E-05
0.100972 0.43534 0.0535777 0.41011
9.9982E-05 0.0868107 9.9982E-05 0.912989
9.998E-05 9.998E-05 0.9997 9.998E-05
9.998E-05 9.998E-05 0.9997 9.998E-05
0.887411 0.112389 9.9982E-05 9.9982E-05
9.9982E-05 0.0109137 0.988886 9.9982E-05
9.998E-05 9.998E-05 0.9997 9.998E-05
9.9991E-05 0.0563674 0.918192 0.0253409
9.9982E-05 0.0759934 0.923807 9.9982E-05
0.434642 9.99911E-05 0.562919 0.00233938
9.9982E-05 0.00561527 0.994185 9.9982E-05
0.186019 9.9982E-05 0.813781 9.9982E-05
0.667619 0.274061 0.0582206 9.9991E-05
9.9982E-05 0.012879 0.986921 9.9982E-05
0.898413 0.0528672 0.0486201 9.9991E-05
0.754052 0.0360847 0.175093 0.0347698
0.33821 0.47918 0.127014 0.0555956
0.766857 0.114771 0.118272 9.9991E-05
0.784628 0.128565 0.084727 0.00207969
0.838788 0.136278 9.9991E-05 0.0248342
0.95851 9.9982E-05 0.0412904 9.9982E-05
0.82705 0.17275 9.9982E-05 9.9982E-05
0.699624 0.211819 9.9991E-05 0.0884567
0.728748 0.105672 0.135396 0.0301838
0.662546 0.19251 0.144844 9.9991E-05
0.958206 9.99822E-05 9.99822E-05 0.0415939
0.142959 9.9991E-05 0.820501 0.0364409
0.158614 9.9991E-05 0.79862 0.0426663
0.177692 9.9991E-05 0.78724 0.034968
0.135381 9.9991E-05 0.819494 0.045025
0.144693 9.9991E-05 0.839108 0.0160994
0.197732 9.9991E-05 0.715867 0.0863006
0.241217 9.9982E-05 0.758583 9.9982E-05
0.9997 9.998E-05 9.998E-05 9.998E-05
0.463961 9.9982E-05 0.535839 9.9982E-05
9.998E-05 9.998E-05 0.9997 9.998E-05
0.901062 0.0883853 0.0104528 9.9991E-05
0.901786 0.034199 0.0639146 9.9991E-05
0.97001 9.99821E-05 9.99821E-05 0.0297896
0.955188 0.0446123 9.9982E-05 9.9982E-05
0.819469 0.145211 9.9991E-05 0.0352202
0.059157 9.9982E-05 9.9982E-05 0.940643
9.998E-05 9.998E-05 0.9997 9.998E-05
0.44064 0.113899 0.386487 0.0589745
9.998E-05 9.998E-05 0.9997 9.998E-05
9.9982E-05 0.0033664 0.996434 9.9982E-05
0.00630768 9.9982E-05 0.993492 9.9982E-05
9.9982E-05 9.9982E-05 0.996651 0.00314931
9.9982E-05 0.0452589 0.954541 9.9982E-05
9.9982E-05 0.0175484 0.982252 9.9982E-05
0.0833694 9.99821E-05 0.916431 9.99821E-05
0.148962 9.99911E-05 0.81769 0.0332478
9.9982E-05 0.0387088 0.961091 9.9982E-05
0.756545 0.0744381 0.168917 9.9991E-05
0.784589 0.0658318 0.14948 9.9991E-05
9.998E-05 0.9997 9.998E-05 9.998E-05
9.998E-05 0.9997 9.998E-05 9.998E-05
0.851437 0.101725 0.0467379 9.9991E-05
0.913168 0.0689644 0.0114275 0.0064406
9.998E-05 0.9997 9.998E-05 9.998E-05
9.998E-05 0.9997 9.998E-05 9.998E-05
0.9997 9.998E-05 9.998E-05 9.998E-05
0.912455 0.00256291 0.0259649 0.0590172
0.449684 9.9982E-05 0.550116 9.9982E-05
0.458718 0.368222 0.0535999 0.11946
0.531813 0.395577 9.9991E-05 0.0725094
0.034014 0.0183619 0.888662 0.0589618
