9.99008E-05 9.99008E-05 9.99008E-05 9.99008E-05 9.99008E-05 0.0660858 0.0103755 9.99008E-05 9.99008E-05 0.0154312 9.99008E-05 9.99008E-05 0.907009 9.99008E-05 9.99008E-05
9.99001E-05 9.99001E-05 9.99001E-05 9.99001E-05 9.99001E-05 9.99001E-05 0.00469739 9.99001E-05 0.10736 0.0242982 9.99001E-05 0.635913 9.99001E-05 0.226732 9.99001E-05
9.9874E-05 9.9874E-05 9.9874E-05 0.998602 9.9874E-05 9.9874E-05 9.9874E-05 9.9874E-05 9.9874E-05 9.9874E-05 9.9874E-05 9.9874E-05 9.9874E-05 9.9874E-05 9.9874E-05
9.9919E-05 9.9919E-05 0.00831228 0.0482691 9.9919E-05 0.0227195 0.014746 9.9919E-05 0.898004 0.00704969 9.9919E-05 9.9919E-05 9.9919E-05 9.9919E-05 9.9919E-05
0.305935 9.99281E-05 9.99281E-05 0.0593699 9.99281E-05 9.99281E-05 9.99281E-05 9.99281E-05 0.177289 9.99281E-05 0.104977 0.147261 0.012466 0.191902 9.99281E-05
9.99011E-05 9.99011E-05 9.99011E-05 0.00407489 9.99011E-05 9.99011E-05 9.99011E-05 9.99011E-05 0.918941 9.99011E-05 0.0172984 9.99011E-05 9.99011E-05 0.058587 9.99011E-05
0.174386 0.137751 9.99013E-05 9.99013E-05 9.99013E-05 9.99013E-05 9.99013E-05 9.99013E-05 9.99013E-05 9.99013E-05 9.99013E-05 0.334142 9.99013E-05 9.99013E-05 0.352623
0.649216 9.99279E-05 9.99279E-05 0.0113447 0.0576898 0.0687726 0.0120068 9.99279E-05 0.0586036 9.99279E-05 9.99279E-05 0.141567 9.99279E-05 9.99279E-05 9.99279E-05
0.129166 0.169256 9.99102E-05 9.99102E-05 9.99102E-05 0.0328181 9.99102E-05 9.99102E-05 9.99102E-05 9.99102E-05 9.99102E-05 0.451352 9.99102E-05 9.99102E-05 0.216409
9.98743E-05 9.98743E-05 9.98743E-05 9.98743E-05 9.98743E-05 0.998602 9.98743E-05 9.98743E-05 9.98743E-05 9.98743E-05 9.98743E-05 9.98743E-05 9.98743E-05 9.98743E-05 9.98743E-05
9.98744E-05 9.98744E-05 9.98744E-05 9.98744E-05 9.98744E-05 0.998602 9.98744E-05 9.98744E-05 9.98744E-05 9.98744E-05 9.98744E-05 9.98744E-05 9.98744E-05 9.98744E-05 9.98744E-05
9.99189E-05 0.0354683 9.99189E-05 0.0337043 9.99189E-05 9.99189E-05 0.137248 9.99189E-05 9.99189E-05 0.033488 9.99189E-05 9.99189E-05 0.628977 9.99189E-05 0.130215
0.0196583 9.98923E-05 9.98923E-05 9.98923E-05 9.98923E-05 9.98923E-05 9.98923E-05 9.98923E-05 0.00815149 9.98923E-05 9.98923E-05 9.98923E-05 9.98923E-05 9.98923E-05 0.970992
9.99191E-05 9.99191E-05 9.99191E-05 9.99191E-05 9.99191E-05 9.99191E-05 9.99191E-05 9.99191E-05 0.899064 0.0379049 0.0151807 0.00398395 0.0093033 0.0336639 9.99191E-05
9.98923E-05 9.98923E-05 9.98923E-05 9.98923E-05 9.98923E-05 9.98923E-05 9.98923E-05 9.98923E-05 0.940209 9.98923E-05 9.98923E-05 9.98923E-05 0.0301832 0.0284095 9.98923E-05
9.99099E-05 0.747354 9.99099E-05 0.00151633 9.99099E-05 9.99099E-05 9.99099E-05 9.99099E-05 9.99099E-05 9.99099E-05 0.116321 9.99099E-05 0.0339268 9.99099E-05 0.0998826
9.9883E-05 9.9883E-05 9.9883E-05 9.9883E-05 9.9883E-05 0.0569098 9.9883E-05 9.9883E-05 9.9883E-05 0.941792 9.9883E-05 9.9883E-05 9.9883E-05 9.9883E-05 9.9883E-05
9.99189E-05 0.0234842 9.99189E-05 0.00648604 9.99189E-05 0.0430927 9.99189E-05 0.708927 9.99189E-05 9.99189E-05 9.99189E-05 0.051634 9.99189E-05 0.165477 9.99189E-05
9.98832E-05 9.98832E-05 9.98832E-05 9.98832E-05 9.98832E-05 9.98832E-05 0.0475675 0.951134 9.98832E-05 9.98832E-05 9.98832E-05 9.98832E-05 9.98832E-05 9.98832E-05 9.98832E-05
9.99188E-05 0.320023 9.99188E-05 9.99188E-05 9.99188E-05 0.391031 0.010503 9.99188E-05 9.99188E-05 0.0420417 0.140573 9.99188E-05 0.0949294 9.99188E-05 9.99188E-05
9.98742E-05 9.98742E-05 9.98742E-05 9.98742E-05 9.98742E-05 9.98742E-05 9.98742E-05 0.998602 9.98742E-05 9.98742E-05 9.98742E-05 9.98742E-05 9.98742E-05 9.98742E-05 9.98742E-05
9.99369E-05 0.239069 9.99369E-05 9.99369E-05 9.99369E-05 0.00664458 0.0238765 9.99369E-05 9.99369E-05 0.00683401 0.00895667 9.99369E-05 0.412938 0.238237 0.0627445
9.99102E-05 9.99102E-05 9.99102E-05 9.99102E-05 9.99102E-05 0.130634 0.191387 0.383215 9.99102E-05 0.181993 0.111771 9.99102E-05 9.99102E-05 9.99102E-05 9.99102E-05
9.98919E-05 9.98919E-05 9.98919E-05 9.98919E-05 9.98919E-05 9.98919E-05 0.00633143 0.853417 9.98919E-05 9.98919E-05 0.139053 9.98919E-05 9.98919E-05 9.98919E-05 9.98919E-05
0.000799541 9.99013E-05 0.0112547 9.99013E-05 0.0333937 9.99013E-05 9.99013E-05 9.99013E-05 0.953453 9.99013E-05 9.99013E-05 9.99013E-05 9.99013E-05 9.99013E-05 9.99013E-05
9.98834E-05 9.98834E-05 9.98834E-05 9.98834E-05 0.00296647 9.98834E-05 9.98834E-05 9.98834E-05 0.995735 9.98834E-05 9.98834E-05 9.98834E-05 9.98834E-05 9.98834E-05 9.98834E-05
9.99278E-05 0.0233007 9.99278E-05 9.99278E-05 0.00506951 0.0650985 0.0496752 9.99278E-05 9.99278E-05 0.0471319 9.99278E-05 9.99278E-05 0.0470921 9.99278E-05 0.761833
9.98831E-05 9.98831E-05 9.98831E-05 9.98831E-05 0.0649714 9.98831E-05 9.98831E-05 9.98831E-05 0.93373 9.98831E-05 9.98831E-05 9.98831E-05 9.98831E-05 9.98831E-05 9.98831E-05
9.99101E-05 0.00596794 0.00717987 9.99101E-05 0.0579414 9.99101E-05 9.99101E-05 9.99101E-05 0.902698 9.99101E-05 9.99101E-05 9.99101E-05 9.99101E-05 9.99101E-05 0.0252137
0.234616 9.99282E-05 9.99282E-05 0.0788485 0.14974 9.99282E-05 9.99282E-05 9.99282E-05 0.492459 9.99282E-05 0.0180034 0.0207795 0.00475374 9.99282E-05 9.99282E-05
0.585062 9.99188E-05 9.99188E-05 9.99188E-05 0.011591 9.99188E-05 0.0296646 9.99188E-05 0.331907 0.0173471 0.0235291 9.99188E-05 9.99188E-05 9.99188E-05 9.99188E-05
9.98743E-05 9.98743E-05 9.98743E-05 9.98743E-05 9.98743E-05 9.98743E-05 9.98743E-05 9.98743E-05 9.98743E-05 9.98743E-05 9.98743E-05 0.998602 9.98743E-05 9.98743E-05 9.98743E-05
0.191526 9.98832E-05 9.98832E-05 9.98832E-05 9.98832E-05 9.98832E-05 9.98832E-05 9.98832E-05 0.807176 9.98832E-05 9.98832E-05 9.98832E-05 9.98832E-05 9.98832E-05 9.98832E-05
0.255787 9.99012E-05 9.99012E-05 0.0100459 0.71018 9.99012E-05 9.99012E-05 9.99012E-05 9.99012E-05 9.99012E-05 9.99012E-05 0.0228876 9.99012E-05 9.99012E-05 9.99012E-05
0.0507708 9.99277E-05 9.99277E-05 9.99277E-05 9.99277E-05 9.99277E-05 0.108535 9.99277E-05 9.99277E-05 0.268275 0.0663528 9.99277E-05 0.0486768 0.0444255 0.412165
0.0543984 9.99099E-05 0.0184374 9.99099E-05 9.99099E-05 9.99099E-05 9.99099E-05 9.99099E-05 0.907038 9.99099E-05 0.0115324 9.99099E-05 9.99099E-05 0.00759441 9.99099E-05
9.98921E-05 9.98921E-05 9.98921E-05 0.0180589 9.98921E-05 9.98921E-05 9.98921E-05 9.98921E-05 0.0191071 9.98921E-05 9.98921E-05 9.98921E-05 0.961635 9.98921E-05 9.98921E-05
9.9937E-05 9.9937E-05 9.9937E-05 0.00399366 9.9937E-05 0.570373 9.9937E-05 0.00184329 0.0148193 0.0373342 9.9937E-05 0.169298 0.102504 0.0991339 9.9937E-05
9.98741E-05 9.98741E-05 9.98741E-05 9.98741E-05 9.98741E-05 9.98741E-05 9.98741E-05 9.98741E-05 9.98741E-05 0.998602 9.98741E-05 9.98741E-05 9.98741E-05 9.98741E-05 9.98741E-05
9.9874E-05 9.9874E-05 9.9874E-05 9.9874E-05 9.9874E-05 9.9874E-05 9.9874E-05 9.9874E-05 9.9874E-05 9.9874E-05 9.9874E-05 9.9874E-05 9.9874E-05 0.998602 9.9874E-05
9.98829E-05 9.98829E-05 9.98829E-05 9.98829E-05 9.98829E-05 9.98829E-05 0.00260847 9.98829E-05 9.98829E-05 9.98829E-05 9.98829E-05 9.98829E-05 9.98829E-05 0.996093 9.98829E-05
9.99189E-05 9.99189E-05 0.00931213 9.99189E-05 9.99189E-05 0.870914 9.99189E-05 9.99189E-05 9.99189E-05 0.0429987 0.0199371 9.99189E-05 0.00955705 0.0463815 9.99189E-05
9.9928E-05 0.896534 9.9928E-05 9.9928E-05 9.9928E-05 0.0148131 9.9928E-05 0.0227173 9.9928E-05 9.9928E-05 9.9928E-05 0.00802583 0.0124183 0.00371299 0.0409787
9.99099E-05 9.99099E-05 9.99099E-05 0.00899007 9.99099E-05 0.855689 9.99099E-05 9.99099E-05 9.99099E-05 0.0334613 0.0995806 9.99099E-05 0.0012801 9.99099E-05 9.99099E-05
9.99459E-05 0.0557178 0.0130653 9.99459E-05 9.99459E-05 0.283183 0.0444008 0.0758913 9.99459E-05 9.99459E-05 0.248555 0.0101788 9.99459E-05 0.17774 0.0906684
0.0506653 0.100153 9.9928E-05 9.9928E-05 9.9928E-05 0.377258 9.9928E-05 9.9928E-05 0.0402843 9.9928E-05 0.236834 9.9928E-05 0.0387423 0.155263 9.9928E-05
9.99639E-05 9.99639E-05 0.0384877 0.056106 0.0508621 0.137693 9.99639E-05 9.99639E-05 0.00646887 0.130805 0.281085 0.0162833 0.196679 0.0243817 0.060748
9.98838E-05 9.98838E-05 9.98838E-05 9.98838E-05 9.98838E-05 9.98838E-05 9.98838E-05 0.00477465 9.98838E-05 9.98838E-05 9.98838E-05 9.98838E-05 0.993927 9.98838E-05 9.98838E-05
9.98742E-05 9.98742E-05 9.98742E-05 9.98742E-05 0.998602 9.98742E-05 9.98742E-05 9.98742E-05 9.98742E-05 9.98742E-05 9.98742E-05 9.98742E-05 9.98742E-05 9.98742E-05 9.98742E-05
9.98831E-05 9.98831E-05 9.98831E-05 9.98831E-05 0.984766 9.98831E-05 9.98831E-05 9.98831E-05 9.98831E-05 9.98831E-05 0.0139351 9.98831E-05 9.98831E-05 9.98831E-05 9.98831E-05
9.99011E-05 0.00746124 9.99011E-05 9.99011E-05 0.980073 9.99011E-05 9.99011E-05 9.99011E-05 9.99011E-05 9.99011E-05 0.00538731 9.99011E-05 9.99011E-05 0.00597966 9.99011E-05
9.98742E-05 9.98742E-05 9.98742E-05 9.98742E-05 0.998602 9.98742E-05 9.98742E-05 9.98742E-05 9.98742E-05 9.98742E-05 9.98742E-05 9.98742E-05 9.98742E-05 9.98742E-05 9.98742E-05
9.98742E-05 9.98742E-05 9.98742E-05 9.98742E-05 0.998602 9.98742E-05 9.98742E-05 9.98742E-05 9.98742E-05 9.98742E-05 9.98742E-05 9.98742E-05 9.98742E-05 9.98742E-05 9.98742E-05
0.384947 0.0193864 9.99551E-05 0.0350805 0.35993 0.0568929 0.0129222 0.0338713 9.99551E-05 0.00791009 9.99551E-05 0.0832199 9.99551E-05 0.00533946 9.99551E-05
9.991E-05 0.0117891 9.991E-05 9.991E-05 0.896815 9.991E-05 9.991E-05 9.991E-05 9.991E-05 0.00157289 9.991E-05 0.0817459 0.00707795 9.991E-05 9.991E-05
9.98919E-05 0.166539 9.98919E-05 9.98919E-05 9.98919E-05 9.98919E-05 9.98919E-05 9.98919E-05 9.98919E-05 9.98919E-05 0.0163448 9.98919E-05 0.815917 9.98919E-05 9.98919E-05
9.99008E-05 9.99008E-05 9.99008E-05 9.99008E-05 0.00772957 9.99008E-05 9.99008E-05 9.99008E-05 9.99008E-05 9.99008E-05 0.0103122 0.970081 0.0107783 9.99008E-05 9.99008E-05
9.9892E-05 9.9892E-05 9.9892E-05 9.9892E-05 9.9892E-05 9.9892E-05 9.9892E-05 9.9892E-05 0.975755 9.9892E-05 0.00416709 9.9892E-05 9.9892E-05 0.0188788 9.9892E-05
9.99011E-05 0.0745974 9.99011E-05 9.99011E-05 9.99011E-05 9.99011E-05 0.0227363 9.99011E-05 9.99011E-05 9.99011E-05 9.99011E-05 9.99011E-05 9.99011E-05 0.103998 0.797569
9.98922E-05 0.8641 9.98922E-05 9.98922E-05 9.98922E-05 9.98922E-05 9.98922E-05 9.98922E-05 9.98922E-05 9.98922E-05 0.111015 9.98922E-05 9.98922E-05 9.98922E-05 0.0236859
9.98744E-05 9.98744E-05 9.98744E-05 9.98744E-05 9.98744E-05 9.98744E-05 9.98744E-05 9.98744E-05 9.98744E-05 9.98744E-05 9.98744E-05 9.98744E-05 9.98744E-05 9.98744E-05 0.998602
9.99009E-05 9.99009E-05 9.99009E-05 9.99009E-05 9.99009E-05 0.153614 9.99009E-05 9.99009E-05 9.99009E-05 9.99009E-05 9.99009E-05 9.99009E-05 0.0317776 0.00205343 0.811457
9.99188E-05 9.99188E-05 9.99188E-05 9.99188E-05 9.99188E-05 0.0441369 0.063081 9.99188E-05 9.99188E-05 0.00747127 0.069581 9.99188E-05 9.99188E-05 0.0424894 0.772341
0.00395066 9.98923E-05 9.98923E-05 9.98923E-05 9.98923E-05 9.98923E-05 9.98923E-05 0.874888 9.98923E-05 9.98923E-05 9.98923E-05 9.98923E-05 0.119962 9.98923E-05 9.98923E-05
9.98834E-05 9.98834E-05 9.98834E-05 0.0722527 9.98834E-05 9.98834E-05 9.98834E-05 9.98834E-05 0.926449 9.98834E-05 9.98834E-05 9.98834E-05 9.98834E-05 9.98834E-05 9.98834E-05
9.98743E-05 9.98743E-05 0.998602 9.98743E-05 9.98743E-05 9.98743E-05 9.98743E-05 9.98743E-05 9.98743E-05 9.98743E-05 9.98743E-05 9.98743E-05 9.98743E-05 9.98743E-05 9.98743E-05
9.99014E-05 0.0190024 9.99014E-05 0.142352 9.99014E-05 9.99014E-05 9.99014E-05 9.99014E-05 0.815736 9.99014E-05 9.99014E-05 9.99014E-05 9.99014E-05 9.99014E-05 0.021811
0.00193783 9.9928E-05 9.9928E-05 0.0228785 0.0495426 9.9928E-05 9.9928E-05 9.9928E-05 0.869872 0.030771 9.9928E-05 9.9928E-05 0.02294 0.00125882 9.9928E-05
0.040503 0.0691856 9.9901E-05 9.9901E-05 0.0406312 9.9901E-05 9.9901E-05 9.9901E-05 0.848581 9.9901E-05 9.9901E-05 9.9901E-05 9.9901E-05 9.9901E-05 9.9901E-05
0.0258617 0.0411628 9.99102E-05 9.99102E-05 9.99102E-05 9.99102E-05 9.99102E-05 0.00707007 0.898265 9.99102E-05 9.99102E-05 0.0266416 9.99102E-05 9.99102E-05 9.99102E-05
0.153755 9.99192E-05 9.99192E-05 9.99192E-05 9.99192E-05 0.0341225 9.99192E-05 9.99192E-05 0.765528 9.99192E-05 0.0144187 0.00934184 9.99192E-05 0.0219346 9.99192E-05
0.00060355 9.991E-05 0.0177442 9.991E-05 9.991E-05 9.991E-05 9.991E-05 9.991E-05 0.963687 0.0148935 9.991E-05 9.991E-05 9.991E-05 0.00207244 9.991E-05
0.998602 9.9874E-05 9.9874E-05 9.9874E-05 9.9874E-05 9.9874E-05 9.9874E-05 9.9874E-05 9.9874E-05 9.9874E-05 9.9874E-05 9.9874E-05 9.9874E-05 9.9874E-05 9.9874E-05
0.955953 9.98831E-05 9.98831E-05 9.98831E-05 9.98831E-05 9.98831E-05 9.98831E-05 9.98831E-05 9.98831E-05 9.98831E-05 9.98831E-05 9.98831E-05 9.98831E-05 9.98831E-05 0.0427487
9.99102E-05 0.0254321 9.99102E-05 0.0274917 0.00820833 9.99102E-05 9.99102E-05 9.99102E-05 0.933061 9.99102E-05 9.99102E-05 9.99102E-05 0.00480749 9.99102E-05 9.99102E-05
9.991E-05 0.952575 9.991E-05 9.991E-05 0.0241599 9.991E-05 0.0142052 9.991E-05 9.991E-05 0.00482756 9.991E-05 9.991E-05 9.991E-05 0.00323316 9.991E-05
9.9883E-05 0.984538 9.9883E-05 9.9883E-05 0.0141637 9.9883E-05 9.9883E-05 9.9883E-05 9.9883E-05 9.9883E-05 9.9883E-05 9.9883E-05 9.9883E-05 9.9883E-05 9.9883E-05
9.98742E-05 9.98742E-05 9.98742E-05 9.98742E-05 9.98742E-05 9.98742E-05 0.998602 9.98742E-05 9.98742E-05 9.98742E-05 9.98742E-05 9.98742E-05 9.98742E-05 9.98742E-05 9.98742E-05
9.98832E-05 9.98832E-05 9.98832E-05 9.98832E-05 9.98832E-05 9.98832E-05 0.989266 9.98832E-05 9.98832E-05 9.98832E-05 9.98832E-05 9.98832E-05 9.98832E-05 0.00943601 9.98832E-05
9.99369E-05 0.0420886 0.00424638 9.99369E-05 9.99369E-05 0.853495 9.99369E-05 9.99369E-05 0.0027064 9.99369E-05 9.99369E-05 0.0426269 0.0076933 0.0350444 0.0113997
9.9937E-05 0.0672665 0.00315964 9.9937E-05 9.9937E-05 0.816146 9.9937E-05 0.00183284 9.9937E-05 9.9937E-05 9.9937E-05 0.00449731 0.0141428 0.0594931 0.0327621
0.014328 0.00510844 9.98922E-05 9.98922E-05 9.98922E-05 9.98922E-05 0.979365 9.98922E-05 9.98922E-05 9.98922E-05 9.98922E-05 9.98922E-05 9.98922E-05 9.98922E-05 9.98922E-05
9.98832E-05 9.98832E-05 9.98832E-05 9.98832E-05 9.98832E-05 9.98832E-05 0.988076 9.98832E-05 9.98832E-05 9.98832E-05 9.98832E-05 9.98832E-05 9.98832E-05 0.010626 9.98832E-05
9.99009E-05 0.0446029 9.99009E-05 9.99009E-05 0.000206667 9.99009E-05 9.99009E-05 9.99009E-05 9.99009E-05 9.99009E-05 9.99009E-05 9.99009E-05 0.917471 9.99009E-05 0.0366201
9.99101E-05 0.0667315 9.99101E-05 9.99101E-05 9.99101E-05 9.99101E-05 9.99101E-05 0.0138942 9.99101E-05 9.99101E-05 9.99101E-05 0.00245131 9.99101E-05 0.713535 0.202389
9.98829E-05 9.98829E-05 9.98829E-05 9.98829E-05 0.0369508 9.98829E-05 9.98829E-05 9.98829E-05 9.98829E-05 9.98829E-05 9.98829E-05 0.961751 9.98829E-05 9.98829E-05 9.98829E-05
9.98739E-05 9.98739E-05 9.98739E-05 9.98739E-05 9.98739E-05 9.98739E-05 9.98739E-05 9.98739E-05 9.98739E-05 9.98739E-05 0.998602 9.98739E-05 9.98739E-05 9.98739E-05 9.98739E-05
9.99101E-05 9.99101E-05 9.99101E-05 9.99101E-05 9.99101E-05 9.99101E-05 0.0191002 9.99101E-05 9.99101E-05 0.065236 0.853213 9.99101E-05 0.0276616 9.99101E-05 0.0337905
0.605412 9.99191E-05 0.023936 9.99191E-05 0.0457057 9.99191E-05 0.017192 0.0316373 0.275217 9.99191E-05 9.99191E-05 9.99191E-05 9.99191E-05 9.99191E-05 9.99191E-05
