9.98918E-05 9.98918E-05 0.00984181 9.98918E-05 9.98918E-05 9.98918E-05 0.905408 9.98918E-05 9.98918E-05 9.98918E-05 0.0835518 9.98918E-05 9.98918E-05 9.98918E-05 9.98918E-05
0.0164255 0.125151 9.99009E-05 9.99009E-05 9.99009E-05 9.99009E-05 9.99009E-05 0.76541 9.99009E-05 0.0919151 9.99009E-05 9.99009E-05 9.99009E-05 9.99009E-05 9.99009E-05
9.99108E-05 9.99108E-05 9.99108E-05 0.212919 0.0494062 0.0393855 9.99108E-05 9.99108E-05 9.99108E-05 0.627136 9.99108E-05 9.99108E-05 9.99108E-05 0.0701537 9.99108E-05
9.99101E-05 9.99101E-05 0.000600194 9.99101E-05 9.99101E-05 0.0220465 9.99101E-05 9.99101E-05 9.99101E-05 0.960521 0.00972999 9.99101E-05 9.99101E-05 9.99101E-05 0.00610368
9.99281E-05 9.99281E-05 9.99281E-05 0.139506 9.99281E-05 9.99281E-05 9.99281E-05 0.128338 0.173804 0.314587 0.116661 9.99281E-05 0.0698587 9.99281E-05 0.056446
9.98921E-05 9.98921E-05 9.98921E-05 0.0103389 9.98921E-05 9.98921E-05 9.98921E-05 9.98921E-05 9.98921E-05 0.93613 9.98921E-05 9.98921E-05 0.0523328 9.98921E-05 9.98921E-05
9.98741E-05 9.98741E-05 9.98741E-05 9.98741E-05 9.98741E-05 9.98741E-05 9.98741E-05 9.98741E-05 0.998602 9.98741E-05 9.98741E-05 9.98741E-05 9.98741E-05 9.98741E-05 9.98741E-05
9.99189E-05 9.99189E-05 9.99189E-05 0.709313 9.99189E-05 0.000982187 9.99189E-05 0.124831 9.99189E-05 0.0428881 0.076141 9.99189E-05 9.99189E-05 9.99189E-05 0.044946
9.9892E-05 9.9892E-05 9.9892E-05 9.9892E-05 9.9892E-05 9.9892E-05 9.9892E-05 0.0306552 0.960294 9.9892E-05 9.9892E-05 9.9892E-05 9.9892E-05 9.9892E-05 0.00785165
9.98831E-05 9.98831E-05 9.98831E-05 9.98831E-05 9.98831E-05 9.98831E-05 9.98831E-05 9.98831E-05 0.13138 9.98831E-05 0.867321 9.98831E-05 9.98831E-05 9.98831E-05 9.98831E-05
9.98832E-05 9.98832E-05 9.98832E-05 9.98832E-05 9.98832E-05 9.98832E-05 9.98832E-05 9.98832E-05 0.0979123 9.98832E-05 0.900789 9.98832E-05 9.98832E-05 9.98832E-05 9.98832E-05
9.991E-05 9.991E-05 9.991E-05 9.991E-05 0.132127 0.101063 0.681334 9.991E-05 9.991E-05 0.0465843 9.991E-05 9.991E-05 0.037893 9.991E-05 9.991E-05
9.98834E-05 9.98834E-05 9.98834E-05 0.0266018 0.9721 9.98834E-05 9.98834E-05 9.98834E-05 9.98834E-05 9.98834E-05 9.98834E-05 9.98834E-05 9.98834E-05 9.98834E-05 9.98834E-05
9.99101E-05 0.0202655 9.99101E-05 9.99101E-05 9.99101E-05 9.99101E-05 9.99101E-05 0.0194395 9.99101E-05 0.915701 9.99101E-05 9.99101E-05 0.032131 0.0114634 9.99101E-05
9.99101E-05 9.99101E-05 0.0239883 9.99101E-05 9.99101E-05 9.99101E-05 0.0309729 9.99101E-05 9.99101E-05 0.928954 0.00256577 9.99101E-05 9.99101E-05 0.0125198 9.99101E-05
0.750477 9.98919E-05 9.98919E-05 9.98919E-05 0.145261 9.98919E-05 9.98919E-05 9.98919E-05 9.98919E-05 9.98919E-05 9.98919E-05 9.98919E-05 0.103064 9.98919E-05 9.98919E-05
9.9901E-05 0.910055 0.0168644 9.9901E-05 9.9901E-05 9.9901E-05 9.9901E-05 9.9901E-05 9.9901E-05 9.9901E-05 0.0655122 0.00646926 9.9901E-05 9.9901E-05 9.9901E-05
0.0875072 9.99098E-05 0.0283362 9.99098E-05 9.99098E-05 9.99098E-05 9.99098E-05 9.99098E-05 9.99098E-05 9.99098E-05 0.055226 9.99098E-05 9.99098E-05 0.783389 0.0445422
9.98742E-05 9.98742E-05 9.98742E-05 9.98742E-05 9.98742E-05 9.98742E-05 9.98742E-05 9.98742E-05 9.98742E-05 9.98742E-05 9.98742E-05 0.998602 9.98742E-05 9.98742E-05 9.98742E-05
0.326726 9.99099E-05 9.99099E-05 9.99099E-05 9.99099E-05 0.0347853 0.0743259 9.99099E-05 9.99099E-05 9.99099E-05 0.428625 9.99099E-05 0.134539 9.99099E-05 9.99099E-05
9.9892E-05 9.9892E-05 0.0234029 9.9892E-05 9.9892E-05 9.9892E-05 9.9892E-05 9.9892E-05 9.9892E-05 9.9892E-05 9.9892E-05 0.0212588 9.9892E-05 0.95414 9.9892E-05
0.307193 0.0501491 9.99279E-05 9.99279E-05 0.0597169 9.99279E-05 0.485052 0.0180388 9.99279E-05 9.99279E-05 0.0545145 9.99279E-05 0.0245363 9.99279E-05 9.99279E-05
9.9874E-05 9.9874E-05 0.998602 9.9874E-05 9.9874E-05 9.9874E-05 9.9874E-05 9.9874E-05 9.9874E-05 9.9874E-05 9.9874E-05 9.9874E-05 9.9874E-05 9.9874E-05 9.9874E-05
9.9892E-05 9.9892E-05 0.061168 9.9892E-05 9.9892E-05 9.9892E-05 9.9892E-05 9.9892E-05 9.9892E-05 9.9892E-05 0.039781 0.897852 9.9892E-05 9.9892E-05 9.9892E-05
9.99013E-05 9.99013E-05 9.99013E-05 9.99013E-05 9.99013E-05 0.00474318 9.99013E-05 9.99013E-05 0.0029734 0.969615 9.99013E-05 9.99013E-05 9.99013E-05 9.99013E-05 0.0215697
9.98743E-05 9.98743E-05 9.98743E-05 9.98743E-05 9.98743E-05 9.98743E-05 9.98743E-05 9.98743E-05 9.98743E-05 0.998602 9.98743E-05 9.98743E-05 9.98743E-05 9.98743E-05 9.98743E-05
9.99188E-05 0.0532512 0.0176488 9.99188E-05 0.801048 0.0205394 0.0358047 9.99188E-05 9.99188E-05 9.99188E-05 0.0708086 9.99188E-05 9.99188E-05 9.99188E-05 9.99188E-05
9.99011E-05 9.99011E-05 9.99011E-05 9.99011E-05 0.00283818 9.99011E-05 9.99011E-05 9.99011E-05 0.0102783 0.936371 9.99011E-05 9.99011E-05 9.99011E-05 9.99011E-05 0.0494136
9.99101E-05 9.99101E-05 9.99101E-05 9.99101E-05 0.0152152 9.99101E-05 9.99101E-05 0.0308434 0.00904461 0.880478 9.99101E-05 9.99101E-05 9.99101E-05 9.99101E-05 0.0634196
9.99192E-05 9.99192E-05 9.99192E-05 0.244554 9.99192E-05 0.00671114 9.99192E-05 9.99192E-05 9.99192E-05 0.534099 9.99192E-05 9.99192E-05 0.0134173 0.0430632 0.157256
9.99188E-05 0.0117556 0.058021 0.598481 9.99188E-05 0.00818851 9.99188E-05 9.99188E-05 9.99188E-05 0.292602 9.99188E-05 9.99188E-05 9.99188E-05 9.99188E-05 0.0300533
9.98744E-05 9.98744E-05 9.98744E-05 9.98744E-05 9.98744E-05 9.98744E-05 9.98744E-05 0.998602 9.98744E-05 9.98744E-05 9.98744E-05 9.98744E-05 9.98744E-05 9.98744E-05 9.98744E-05
9.98921E-05 0.00801352 9.98921E-05 0.166551 9.98921E-05 9.98921E-05 9.98921E-05 9.98921E-05 9.98921E-05 0.824237 9.98921E-05 9.98921E-05 9.98921E-05 9.98921E-05 9.98921E-05
9.99013E-05 9.99013E-05 9.99013E-05 0.248793 9.99013E-05 9.99013E-05 0.00926274 0.0351109 9.99013E-05 9.99013E-05 9.99013E-05 9.99013E-05 9.99013E-05 9.99013E-05 0.705735
9.99277E-05 0.247101 9.99277E-05 0.0540587 0.485284 0.0921333 0.0346751 9.99277E-05 9.99277E-05 9.99277E-05 0.0420845 9.99277E-05 0.0438638 9.99277E-05 9.99277E-05
0.00630519 0.01135 9.99189E-05 0.0309928 0.00633086 9.99189E-05 9.99189E-05 9.99189E-05 9.99189E-05 0.91461 9.99189E-05 9.99189E-05 0.029512 9.99189E-05 9.99189E-05
9.98921E-05 9.98921E-05 9.98921E-05 0.0260727 9.98921E-05 9.98921E-05 0.962511 9.98921E-05 9.98921E-05 0.0102179 9.98921E-05 9.98921E-05 9.98921E-05 9.98921E-05 9.98921E-05
9.99189E-05 0.0497907 0.0429335 9.99189E-05 9.99189E-05 9.99189E-05 0.102996 0.204687 9.99189E-05 0.023365 0.575328 9.99189E-05 9.99189E-05 9.99189E-05 9.99189E-05
9.98831E-05 0.992813 9.98831E-05 0.00588851 9.98831E-05 9.98831E-05 9.98831E-05 9.98831E-05 9.98831E-05 9.98831E-05 9.98831E-05 9.98831E-05 9.98831E-05 9.98831E-05 9.98831E-05
0.362885 0.169295 9.99279E-05 9.99279E-05 9.99279E-05 9.99279E-05 0.158653 0.0184748 9.99279E-05 0.0840519 0.200463 9.99279E-05 0.00537748 9.99279E-05 9.99279E-05
0.325233 0.115855 9.99368E-05 9.99368E-05 9.99368E-05 0.00379168 0.240468 0.023649 9.99368E-05 0.0557616 0.201334 9.99368E-05 9.99368E-05 0.0332082 9.99368E-05
0.0212376 0.00280817 9.99189E-05 9.99189E-05 9.99189E-05 9.99189E-05 0.0490514 9.99189E-05 9.99189E-05 9.99189E-05 0.890221 0.0133302 0.0224522 9.99189E-05 9.99189E-05
0.859845 9.991E-05 9.991E-05 9.991E-05 0.0477029 9.991E-05 0.0318485 9.991E-05 0.0545773 9.991E-05 9.991E-05 9.991E-05 9.991E-05 0.00502734 9.991E-05
9.9892E-05 9.9892E-05 9.9892E-05 9.9892E-05 9.9892E-05 9.9892E-05 9.9892E-05 9.9892E-05 9.9892E-05 9.9892E-05 0.898831 9.9892E-05 0.0948001 9.9892E-05 0.00517069
0.0839828 9.99459E-05 0.106543 9.99459E-05 0.127511 0.0486006 0.0218733 0.0593469 9.99459E-05 9.99459E-05 0.285247 0.0661946 0.2001 9.99459E-05 9.99459E-05
0.138839 9.9937E-05 0.0386632 9.9937E-05 9.9937E-05 9.9937E-05 0.0951127 0.0676473 9.9937E-05 0.0351663 0.421512 9.9937E-05 0.187795 0.0145642 9.9937E-05
9.99459E-05 0.117136 9.99459E-05 0.0086318 0.0508851 9.99459E-05 0.200031 9.99459E-05 0.0843679 0.0649695 0.162763 9.99459E-05 0.263048 9.99459E-05 0.0475679
9.98928E-05 9.98928E-05 0.0115243 9.98928E-05 9.98928E-05 9.98928E-05 0.981021 9.98928E-05 9.98928E-05 9.98928E-05 9.98928E-05 9.98928E-05 9.98928E-05 0.00625597 9.98928E-05
9.98742E-05 9.98742E-05 9.98742E-05 9.98742E-05 9.98742E-05 9.98742E-05 9.98742E-05 9.98742E-05 9.98742E-05 9.98742E-05 9.98742E-05 9.98742E-05 9.98742E-05 9.98742E-05 0.998602
9.98741E-05 9.98741E-05 9.98741E-05 9.98741E-05 9.98741E-05 9.98741E-05 9.98741E-05 9.98741E-05 9.98741E-05 9.98741E-05 9.98741E-05 9.98741E-05 9.98741E-05 9.98741E-05 0.998602
9.98832E-05 9.98832E-05 9.98832E-05 9.98832E-05 9.98832E-05 9.98832E-05 9.98832E-05 9.98832E-05 9.98832E-05 9.98832E-05 0.0141049 9.98832E-05 9.98832E-05 9.98832E-05 0.984597
9.98742E-05 9.98742E-05 9.98742E-05 9.98742E-05 9.98742E-05 9.98742E-05 9.98742E-05 9.98742E-05 9.98742E-05 9.98742E-05 9.98742E-05 9.98742E-05 9.98742E-05 9.98742E-05 0.998602
9.98742E-05 9.98742E-05 9.98742E-05 9.98742E-05 9.98742E-05 9.98742E-05 9.98742E-05 9.98742E-05 9.98742E-05 9.98742E-05 9.98742E-05 9.98742E-05 9.98742E-05 9.98742E-05 0.998602
0.0845887 9.99281E-05 0.108286 0.310644 9.99281E-05 9.99281E-05 9.99281E-05 0.0482557 0.036771 0.0826519 9.99281E-05 9.99281E-05 9.99281E-05 9.99281E-05 0.328003
0.0103786 9.98921E-05 9.98921E-05 9.98921E-05 9.98921E-05 9.98921E-05 9.98921E-05 0.0985981 9.98921E-05 9.98921E-05 9.98921E-05 9.98921E-05 9.98921E-05 9.98921E-05 0.889825
0.134591 9.98918E-05 9.98918E-05 9.98918E-05 9.98918E-05 9.98918E-05 0.809671 9.98918E-05 9.98918E-05 9.98918E-05 9.98918E-05 9.98918E-05 0.0545392 9.98918E-05 9.98918E-05
9.99009E-05 9.99009E-05 9.99009E-05 9.99009E-05 9.99009E-05 0.00482055 9.99009E-05 0.943151 0.0482796 9.99009E-05 9.99009E-05 9.99009E-05 9.99009E-05 9.99009E-05 0.00264989
9.98829E-05 0.0276974 9.98829E-05 9.98829E-05 9.98829E-05 9.98829E-05 9.98829E-05 9.98829E-05 9.98829E-05 0.971004 9.98829E-05 9.98829E-05 9.98829E-05 9.98829E-05 9.98829E-05
0.0931751 9.99011E-05 9.99011E-05 9.99011E-05 0.83402 0.0365024 0.0352031 9.99011E-05 9.99011E-05 9.99011E-05 9.99011E-05 9.99011E-05 9.99011E-05 9.99011E-05 9.99011E-05
0.862019 9.98922E-05 9.98922E-05 9.98922E-05 0.0149292 9.98922E-05 9.98922E-05 9.98922E-05 9.98922E-05 9.98922E-05 9.98922E-05 9.98922E-05 0.121853 9.98922E-05 9.98922E-05
9.98836E-05 9.98836E-05 9.98836E-05 9.98836E-05 0.9929 9.98836E-05 9.98836E-05 9.98836E-05 0.00580115 9.98836E-05 9.98836E-05 9.98836E-05 9.98836E-05 9.98836E-05 9.98836E-05
9.98801E-05 9.98801E-05 9.98801E-05 9.98801E-05 0.891473 9.98801E-05 0.0130474 9.98801E-05 9.98801E-05 9.98801E-05 0.0942806 9.98801E-05 9.98801E-05 9.98801E-05 9.98801E-05
9.99188E-05 0.0030456 9.99188E-05 9.99188E-05 0.803708 0.0398779 9.99188E-05 9.99188E-05 9.99188E-05 9.99188E-05 0.0800954 0.0035451 0.0688287 9.99188E-05 9.99188E-05
9.98743E-05 9.98743E-05 9.98743E-05 9.98743E-05 9.98743E-05 9.98743E-05 9.98743E-05 9.98743E-05 9.98743E-05 9.98743E-05 9.98743E-05 9.98743E-05 9.98743E-05 0.998602 9.98743E-05
0.0405692 9.98835E-05 9.98835E-05 9.98835E-05 9.98835E-05 9.98835E-05 9.98835E-05 9.98835E-05 9.98835E-05 0.958132 9.98835E-05 9.98835E-05 9.98835E-05 9.98835E-05 9.98835E-05
0.303637 9.9973E-05 9.9973E-05 0.0321136 0.0460103 0.0191122 0.000272313 0.00477428 0.039644 0.30677 0.0169217 0.0538025 0.0823185 9.9973E-05 0.0943234
0.0285915 9.99104E-05 9.99104E-05 0.0286239 0.0113503 9.99104E-05 9.99104E-05 9.99104E-05 9.99104E-05 0.929902 9.99104E-05 9.99104E-05 9.99104E-05 9.99104E-05 0.000533099
9.991E-05 0.0234895 9.991E-05 9.991E-05 9.991E-05 9.991E-05 0.0419233 9.991E-05 0.0126711 0.912109 9.991E-05 9.991E-05 9.991E-05 9.991E-05 0.00880809
0.0437076 9.991E-05 9.991E-05 0.0595509 9.991E-05 9.991E-05 9.991E-05 9.991E-05 0.0128827 0.844658 9.991E-05 9.991E-05 9.991E-05 9.991E-05 0.0382018
0.0235138 9.99011E-05 9.99011E-05 0.102951 9.99011E-05 9.99011E-05 9.99011E-05 9.99011E-05 9.99011E-05 0.856095 9.99011E-05 0.016341 9.99011E-05 9.99011E-05 9.99011E-05
9.99012E-05 0.0243182 9.99012E-05 0.0928869 9.99012E-05 9.99012E-05 9.99012E-05 9.99012E-05 9.99012E-05 0.801483 0.0802126 9.99012E-05 9.99012E-05 9.99012E-05 9.99012E-05
9.99009E-05 0.0149549 9.99009E-05 0.0128537 9.99009E-05 9.99009E-05 9.99009E-05 9.99009E-05 9.99009E-05 0.948788 9.99009E-05 9.99009E-05 0.0223047 9.99009E-05 9.99009E-05
9.9874E-05 9.9874E-05 9.9874E-05 0.998602 9.9874E-05 9.9874E-05 9.9874E-05 9.9874E-05 9.9874E-05 9.9874E-05 9.9874E-05 9.9874E-05 9.9874E-05 9.9874E-05 9.9874E-05
9.9892E-05 9.9892E-05 9.9892E-05 0.929005 0.0371157 9.9892E-05 9.9892E-05 9.9892E-05 0.0326803 9.9892E-05 9.9892E-05 9.9892E-05 9.9892E-05 9.9892E-05 9.9892E-05
0.0458537 9.99101E-05 0.0249876 9.99101E-05 9.99101E-05 9.99101E-05 9.99101E-05 0.00540684 9.99101E-05 0.895794 9.99101E-05 9.99101E-05 9.99101E-05 9.99101E-05 0.026959
0.983438 0.00118939 9.98919E-05 9.98919E-05 9.98919E-05 9.98919E-05 9.98919E-05 9.98919E-05 9.98919E-05 9.98919E-05 9.98919E-05 9.98919E-05 9.98919E-05 9.98919E-05 0.0141744
0.975373 9.9883E-05 9.9883E-05 9.9883E-05 9.9883E-05 9.9883E-05 9.9883E-05 9.9883E-05 9.9883E-05 9.9883E-05 9.9883E-05 9.9883E-05 9.9883E-05 9.9883E-05 0.0233288
9.98832E-05 9.98832E-05 9.98832E-05 9.98832E-05 9.98832E-05 0.990881 0.00782057 9.98832E-05 9.98832E-05 9.98832E-05 9.98832E-05 9.98832E-05 9.98832E-05 9.98832E-05 9.98832E-05
9.98743E-05 9.98743E-05 9.98743E-05 9.98743E-05 9.98743E-05 0.998602 9.98743E-05 9.98743E-05 9.98743E-05 9.98743E-05 9.98743E-05 9.98743E-05 9.98743E-05 9.98743E-05 9.98743E-05
0.13165 9.99099E-05 9.99099E-05 9.99099E-05 0.0335481 9.99099E-05 0.0242029 0.0675978 9.99099E-05 9.99099E-05 0.742002 9.99099E-05 9.99099E-05 9.99099E-05 9.99099E-05
0.15841 9.99189E-05 9.99189E-05 9.99189E-05 0.0688737 9.99189E-05 0.0183542 0.0232548 9.99189E-05 9.99189E-05 0.723162 9.99189E-05 9.99189E-05 0.00704652 9.99189E-05
0.00215151 9.99012E-05 9.99012E-05 0.0176751 9.99012E-05 0.951961 9.99012E-05 9.99012E-05 9.99012E-05 9.99012E-05 0.0271133 9.99012E-05 9.99012E-05 9.99012E-05 9.99012E-05
9.98742E-05 9.98742E-05 9.98742E-05 9.98742E-05 9.98742E-05 0.998602 9.98742E-05 9.98742E-05 9.98742E-05 9.98742E-05 9.98742E-05 9.98742E-05 9.98742E-05 9.98742E-05 9.98742E-05
0.0058866 9.98919E-05 9.98919E-05 9.98919E-05 0.0516226 9.98919E-05 0.941292 9.98919E-05 9.98919E-05 9.98919E-05 9.98919E-05 9.98919E-05 9.98919E-05 9.98919E-05 9.98919E-05
0.466657 9.99459E-05 0.0129935 9.99459E-05 0.130041 9.99459E-05 0.0184835 0.0404176 0.107414 9.99459E-05 0.108195 9.99459E-05 0.0197995 0.0953999 9.99459E-05
9.9892E-05 9.9892E-05 9.9892E-05 9.9892E-05 9.9892E-05 9.9892E-05 9.9892E-05 0.846825 0.0635 9.9892E-05 9.9892E-05 9.9892E-05 9.9892E-05 9.9892E-05 0.0884758
9.98739E-05 9.98739E-05 9.98739E-05 9.98739E-05 9.98739E-05 9.98739E-05 9.98739E-05 9.98739E-05 9.98739E-05 9.98739E-05 9.98739E-05 9.98739E-05 0.998602 9.98739E-05 9.98739E-05
0.0447768 0.103675 9.99191E-05 9.99191E-05 0.02219 0.0157979 0.0268071 9.99191E-05 9.99191E-05 9.99191E-05 9.99191E-05 9.99191E-05 0.785854 9.99191E-05 9.99191E-05
9.99191E-05 9.99191E-05 0.0248905 0.683427 9.99191E-05 0.0280144 9.99191E-05 9.99191E-05 9.99191E-05 0.228343 9.99191E-05 9.99191E-05 9.99191E-05 0.0189722 0.0154537
