0.0609029 9.98738E-05 0.912634 9.98738E-05 9.98738E-05 0.0181809 0.00688441 9.98738E-05 9.98738E-05 9.98738E-05 9.98738E-05 9.98738E-05 9.98738E-05 9.98738E-05 9.98738E-05 9.98738E-05 9.98738E-05 9.98738E-05
9.98602E-05 9.98602E-05 9.98602E-05 9.98602E-05 9.98602E-05 0.0725249 9.98602E-05 9.98602E-05 9.98602E-05 9.98602E-05 9.98602E-05 0.150498 0.650709 9.98602E-05 9.98602E-05 9.98602E-05 9.98602E-05 0.12487
9.98472E-05 0.998303 9.98472E-05 9.98472E-05 9.98472E-05 9.98472E-05 9.98472E-05 9.98472E-05 9.98472E-05 9.98472E-05 9.98472E-05 9.98472E-05 9.98472E-05 9.98472E-05 9.98472E-05 9.98472E-05 9.98472E-05 9.98472E-05
9.98831E-05 9.98831E-05 9.98831E-05 0.0298431 9.98831E-05 9.98831E-05 9.98831E-05 0.000269202 9.98831E-05 9.98831E-05 9.98831E-05 9.98831E-05 9.98831E-05 0.0209166 9.98831E-05 0.0695614 9.98831E-05 0.878111
0.0725247 0.025826 9.99192E-05 9.99192E-05 9.99192E-05 9.99192E-05 0.0125389 9.99192E-05 9.99192E-05 0.216519 9.99192E-05 0.0434068 0.101437 0.107968 0.0152077 9.99192E-05 9.99192E-05 0.403673
9.98561E-05 9.98561E-05 9.98561E-05 9.98561E-05 9.98561E-05 9.98561E-05 9.98561E-05 0.0315522 9.98561E-05 9.98561E-05 9.98561E-05 9.98561E-05 9.98561E-05 9.98561E-05 9.98561E-05 9.98561E-05 9.98561E-05 0.96685
9.98472E-05 9.98472E-05 9.98472E-05 9.98472E-05 9.98472E-05 9.98472E-05 9.98472E-05 9.98472E-05 9.98472E-05 0.998303 9.98472E-05 9.98472E-05 9.98472E-05 9.98472E-05 9.98472E-05 9.98472E-05 9.98472E-05 9.98472E-05
0.0974277 0.0114581 9.99009E-05 9.99009E-05 9.99009E-05 9.99009E-05 9.99009E-05 0.281527 0.402265 9.99009E-05 9.99009E-05 9.99009E-05 0.0653855 0.105266 9.99009E-05 9.99009E-05 9.99009E-05 0.0355714
9.9865E-05 9.9865E-05 9.9865E-05 9.9865E-05 9.9865E-05 0.00415178 9.9865E-05 9.9865E-05 9.9865E-05 0.955765 9.9865E-05 9.9865E-05 0.038585 9.9865E-05 9.9865E-05 9.9865E-05 9.9865E-05 9.9865E-05
0.851843 9.98562E-05 9.98562E-05 9.98562E-05 9.98562E-05 9.98562E-05 9.98562E-05 9.98562E-05 9.98562E-05 0.146559 9.98562E-05 9.98562E-05 9.98562E-05 9.98562E-05 9.98562E-05 9.98562E-05 9.98562E-05 9.98562E-05
0.876563 9.98561E-05 9.98561E-05 9.98561E-05 9.98561E-05 9.98561E-05 9.98561E-05 9.98561E-05 9.98561E-05 0.12184 9.98561E-05 9.98561E-05 9.98561E-05 9.98561E-05 9.98561E-05 9.98561E-05 9.98561E-05 9.98561E-05
9.9901E-05 0.0111463 0.668002 0.142607 0.133285 9.9901E-05 9.9901E-05 9.9901E-05 0.0275833 9.9901E-05 9.9901E-05 9.9901E-05 9.9901E-05 9.9901E-05 0.0115624 0.00471488 9.9901E-05 9.9901E-05
9.98744E-05 9.98744E-05 9.98744E-05 9.98744E-05 0.943056 9.98744E-05 9.98744E-05 0.00789276 9.98744E-05 0.0261629 9.98744E-05 9.98744E-05 9.98744E-05 9.98744E-05 9.98744E-05 0.0214902 9.98744E-05 9.98744E-05
9.98741E-05 9.98741E-05 9.98741E-05 9.98741E-05 9.98741E-05 9.98741E-05 9.98741E-05 9.98741E-05 9.98741E-05 9.98741E-05 0.0192495 0.0323343 0.0115871 9.98741E-05 9.98741E-05 9.98741E-05 9.98741E-05 0.935431
9.98651E-05 9.98651E-05 0.0129088 9.98651E-05 9.98651E-05 9.98651E-05 0.0258321 9.98651E-05 9.98651E-05 9.98651E-05 9.98651E-05 9.98651E-05 9.98651E-05 9.98651E-05 9.98651E-05 9.98651E-05 9.98651E-05 0.959761
0.0050838 9.9874E-05 9.9874E-05 9.9874E-05 0.106624 9.9874E-05 9.9874E-05 9.9874E-05 9.9874E-05 9.9874E-05 9.9874E-05 9.9874E-05 9.9874E-05 9.9874E-05 0.139466 9.9874E-05 0.747428 9.9874E-05
0.105703 9.9874E-05 9.9874E-05 9.9874E-05 9.9874E-05 0.884856 0.00113568 9.9874E-05 9.9874E-05 9.9874E-05 0.00690697 9.9874E-05 9.9874E-05 9.9874E-05 9.9874E-05 9.9874E-05 9.9874E-05 9.9874E-05
9.98829E-05 9.98829E-05 9.98829E-05 9.98829E-05 9.98829E-05 9.98829E-05 0.149097 9.98829E-05 9.98829E-05 9.98829E-05 0.638618 0.154877 0.0296514 0.0264586 9.98829E-05 9.98829E-05 9.98829E-05 9.98829E-05
9.9856E-05 9.9856E-05 9.9856E-05 0.0901297 9.9856E-05 9.9856E-05 9.9856E-05 9.9856E-05 9.9856E-05 9.9856E-05 0.908273 9.9856E-05 9.9856E-05 9.9856E-05 9.9856E-05 9.9856E-05 9.9856E-05 9.9856E-05
0.431567 9.98828E-05 0.0747316 0.0242578 9.98828E-05 9.98828E-05 9.98828E-05 9.98828E-05 9.98828E-05 9.98828E-05 9.98828E-05 9.98828E-05 9.98828E-05 9.98828E-05 0.162585 9.98828E-05 0.30556 9.98828E-05
9.98561E-05 0.0138563 9.98561E-05 9.98561E-05 9.98561E-05 9.98561E-05 9.98561E-05 9.98561E-05 9.98561E-05 9.98561E-05 0.984546 9.98561E-05 9.98561E-05 9.98561E-05 9.98561E-05 9.98561E-05 9.98561E-05 9.98561E-05
0.0354864 9.99099E-05 0.422892 0.0178261 0.0387037 0.0243016 9.99099E-05 9.99099E-05 9.99099E-05 9.99099E-05 9.99099E-05 0.259661 9.99099E-05 9.99099E-05 0.00174682 9.99099E-05 0.198383 9.99099E-05
9.98468E-05 9.98468E-05 9.98468E-05 9.98468E-05 9.98468E-05 9.98468E-05 0.998303 9.98468E-05 9.98468E-05 9.98468E-05 9.98468E-05 9.98468E-05 9.98468E-05 9.98468E-05 9.98468E-05 9.98468E-05 9.98468E-05 9.98468E-05
9.9856E-05 9.9856E-05 9.9856E-05 9.9856E-05 9.9856E-05 9.9856E-05 0.294568 9.9856E-05 9.9856E-05 9.9856E-05 0.703834 9.9856E-05 9.9856E-05 9.9856E-05 9.9856E-05 9.9856E-05 9.9856E-05 9.9856E-05
9.98742E-05 0.0188426 9.98742E-05 9.98742E-05 9.98742E-05 9.98742E-05 9.98742E-05 9.98742E-05 0.0164166 9.98742E-05 9.98742E-05 9.98742E-05 9.98742E-05 9.98742E-05 9.98742E-05 0.532274 9.98742E-05 0.431068
9.98653E-05 9.98653E-05 9.98653E-05 9.98653E-05 9.98653E-05 9.98653E-05 9.98653E-05 9.98653E-05 9.98653E-05 9.98653E-05 9.98653E-05 9.98653E-05 9.98653E-05 0.010786 9.98653E-05 0.149757 9.98653E-05 0.837959
0.0973604 9.98827E-05 0.040732 0.0388243 0.759917 0.0618682 9.98827E-05 9.98827E-05 9.98827E-05 9.98827E-05 9.98827E-05 9.98827E-05 9.98827E-05 9.98827E-05 9.98827E-05 9.98827E-05 9.98827E-05 9.98827E-05
9.98473E-05 9.98473E-05 9.98473E-05 9.98473E-05 9.98473E-05 9.98473E-05 9.98473E-05 9.98473E-05 9.98473E-05 9.98473E-05 9.98473E-05 9.98473E-05 9.98473E-05 9.98473E-05 9.98473E-05 0.998303 9.98473E-05 9.98473E-05
9.98473E-05 9.98473E-05 9.98473E-05 9.98473E-05 9.98473E-05 9.98473E-05 9.98473E-05 9.98473E-05 9.98473E-05 9.98473E-05 9.98473E-05 9.98473E-05 9.98473E-05 9.98473E-05 9.98473E-05 0.998303 9.98473E-05 9.98473E-05
9.98923E-05 0.0179381 9.98923E-05 9.98923E-05 9.98923E-05 9.98923E-05 9.98923E-05 0.484184 9.98923E-05 9.98923E-05 9.98923E-05 0.038516 9.98923E-05 0.120632 9.98923E-05 0.149937 9.98923E-05 0.187595
9.98738E-05 9.98738E-05 9.98738E-05 9.98738E-05 9.98738E-05 0.010928 9.98738E-05 0.95945 9.98738E-05 9.98738E-05 9.98738E-05 9.98738E-05 9.98738E-05 9.98738E-05 0.00143079 9.98738E-05 9.98738E-05 0.0267934
9.98475E-05 9.98475E-05 9.98475E-05 9.98475E-05 9.98475E-05 9.98475E-05 9.98475E-05 9.98475E-05 9.98475E-05 9.98475E-05 9.98475E-05 9.98475E-05 0.998303 9.98475E-05 9.98475E-05 9.98475E-05 9.98475E-05 9.98475E-05
9.98653E-05 9.98653E-05 9.98653E-05 9.98653E-05 9.98653E-05 9.98653E-05 9.98653E-05 9.98653E-05 0.157338 9.98653E-05 9.98653E-05 9.98653E-05 9.98653E-05 9.98653E-05 9.98653E-05 0.239126 9.98653E-05 0.602038
9.98833E-05 9.98833E-05 0.0217376 9.98833E-05 9.98833E-05 9.98833E-05 9.98833E-05 0.060602 0.225841 9.98833E-05 9.98833E-05 9.98833E-05 9.98833E-05 0.668044 9.98833E-05 0.0224772 9.98833E-05 9.98833E-05
9.99007E-05 9.99007E-05 9.99007E-05 0.108997 0.439451 0.246553 9.99007E-05 0.0520512 0.00972542 9.99007E-05 9.99007E-05 0.0977166 9.99007E-05 9.99007E-05 0.0444064 9.99007E-05 9.99007E-05 9.99007E-05
9.98738E-05 9.98738E-05 9.98738E-05 9.98738E-05 9.98738E-05 9.98738E-05 9.98738E-05 9.98738E-05 0.0437409 9.98738E-05 9.98738E-05 9.98738E-05 9.98738E-05 9.98738E-05 0.0405126 0.515474 9.98738E-05 0.398875
9.98651E-05 9.98651E-05 0.933466 9.98651E-05 9.98651E-05 0.0134719 9.98651E-05 9.98651E-05 0.0515646 9.98651E-05 9.98651E-05 9.98651E-05 9.98651E-05 9.98651E-05 9.98651E-05 9.98651E-05 9.98651E-05 9.98651E-05
0.570057 9.99008E-05 0.0703182 9.99008E-05 9.99008E-05 0.0260975 0.029701 9.99008E-05 0.0741509 9.99008E-05 9.99008E-05 0.0812649 0.147312 9.99008E-05 9.99008E-05 9.99008E-05 9.99008E-05 9.99008E-05
9.98472E-05 9.98472E-05 9.98472E-05 9.98472E-05 9.98472E-05 0.998303 9.98472E-05 9.98472E-05 9.98472E-05 9.98472E-05 9.98472E-05 9.98472E-05 9.98472E-05 9.98472E-05 9.98472E-05 9.98472E-05 9.98472E-05 9.98472E-05
9.9856E-05 9.9856E-05 9.9856E-05 9.9856E-05 9.9856E-05 0.000716488 9.9856E-05 9.9856E-05 9.9856E-05 9.9856E-05 9.9856E-05 0.997686 9.9856E-05 9.9856E-05 9.9856E-05 9.9856E-05 9.9856E-05 9.9856E-05
9.9847E-05 9.9847E-05 9.9847E-05 9.9847E-05 9.9847E-05 9.9847E-05 9.9847E-05 9.9847E-05 9.9847E-05 9.9847E-05 9.9847E-05 0.998303 9.9847E-05 9.9847E-05 9.9847E-05 9.9847E-05 9.9847E-05 9.9847E-05
0.888481 9.9883E-05 0.0349697 9.9883E-05 9.9883E-05 0.0123075 9.9883E-05 9.9883E-05 9.9883E-05 9.9883E-05 9.9883E-05 0.0505758 9.9883E-05 9.9883E-05 9.9883E-05 9.9883E-05 0.0123671 9.9883E-05
0.035787 9.9892E-05 0.0132271 9.9892E-05 0.0402552 9.9892E-05 9.9892E-05 9.9892E-05 9.9892E-05 0.0894804 0.00718443 9.9892E-05 9.9892E-05 9.9892E-05 9.9892E-05 9.9892E-05 0.812867 9.9892E-05
0.868471 9.98829E-05 0.033549 9.98829E-05 9.98829E-05 0.0249766 9.98829E-05 9.98829E-05 9.98829E-05 9.98829E-05 9.98829E-05 9.98829E-05 9.98829E-05 9.98829E-05 0.0586792 9.98829E-05 0.0130255 9.98829E-05
0.267846 9.99099E-05 0.0156778 9.99099E-05 0.148398 9.99099E-05 0.208604 9.99099E-05 9.99099E-05 9.99099E-05 9.99099E-05 0.190784 0.0569601 9.99099E-05 0.0890304 9.99099E-05 0.0217004 9.99099E-05
0.36752 9.9937E-05 0.140731 9.9937E-05 9.9937E-05 9.9937E-05 0.020881 0.0484015 0.0012628 9.9937E-05 0.00991391 0.156071 0.00674798 9.9937E-05 0.0999246 9.9937E-05 0.119375 0.0284718
0.220804 0.0418185 0.207483 9.99279E-05 0.0137237 0.123507 9.99279E-05 0.0609211 9.99279E-05 0.0227714 9.99279E-05 9.99279E-05 9.99279E-05 0.0216915 0.273065 9.99279E-05 9.99279E-05 0.0134147
9.98569E-05 9.98569E-05 0.960011 9.98569E-05 9.98569E-05 9.98569E-05 0.0383915 9.98569E-05 9.98569E-05 9.98569E-05 9.98569E-05 9.98569E-05 9.98569E-05 9.98569E-05 9.98569E-05 9.98569E-05 9.98569E-05 9.98569E-05
9.98562E-05 9.98562E-05 9.98562E-05 9.98562E-05 9.98562E-05 9.98562E-05 9.98562E-05 0.00723606 9.98562E-05 9.98562E-05 9.98562E-05 9.98562E-05 9.98562E-05 0.991166 9.98562E-05 9.98562E-05 9.98562E-05 9.98562E-05
0.0143494 9.98831E-05 9.98831E-05 9.98831E-05 9.98831E-05 9.98831E-05 0.00559353 9.98831E-05 9.98831E-05 9.98831E-05 0.00169571 9.98831E-05 9.98831E-05 0.959141 0.0179219 9.98831E-05 9.98831E-05 9.98831E-05
9.98563E-05 9.98563E-05 9.98563E-05 9.98563E-05 9.98563E-05 9.98563E-05 9.98563E-05 9.98563E-05 9.98563E-05 9.98563E-05 9.98563E-05 9.98563E-05 9.98563E-05 0.995547 9.98563E-05 9.98563E-05 9.98563E-05 0.00285541
9.98473E-05 9.98473E-05 9.98473E-05 9.98473E-05 9.98473E-05 9.98473E-05 9.98473E-05 9.98473E-05 9.98473E-05 9.98473E-05 9.98473E-05 9.98473E-05 9.98473E-05 0.998303 9.98473E-05 9.98473E-05 9.98473E-05 9.98473E-05
9.98473E-05 9.98473E-05 9.98473E-05 9.98473E-05 9.98473E-05 9.98473E-05 9.98473E-05 9.98473E-05 9.98473E-05 9.98473E-05 9.98473E-05 9.98473E-05 9.98473E-05 0.998303 9.98473E-05 9.98473E-05 9.98473E-05 9.98473E-05
9.99012E-05 9.99012E-05 9.99012E-05 9.99012E-05 9.99012E-05 9.99012E-05 0.0725727 0.389214 0.0581671 0.0577701 9.99012E-05 9.99012E-05 9.99012E-05 0.310503 9.99012E-05 0.0373839 0.0732895 9.99012E-05
9.9883E-05 9.9883E-05 0.0089107 9.9883E-05 0.000468785 9.9883E-05 9.9883E-05 9.9883E-05 9.9883E-05 9.9883E-05 9.9883E-05 9.9883E-05 0.0647656 0.893937 9.9883E-05 9.9883E-05 0.0306198 9.9883E-05
9.98647E-05 9.98647E-05 0.754309 9.98647E-05 9.98647E-05 9.98647E-05 9.98647E-05 9.98647E-05 9.98647E-05 9.98647E-05 9.98647E-05 9.98647E-05 9.98647E-05 9.98647E-05 0.0942647 9.98647E-05 0.149928 9.98647E-05
9.9874E-05 9.9874E-05 9.9874E-05 9.9874E-05 9.9874E-05 9.9874E-05 9.9874E-05 9.9874E-05 9.9874E-05 0.0292265 9.9874E-05 9.9874E-05 0.931602 0.0304711 9.9874E-05 9.9874E-05 0.00730214 9.9874E-05
9.98739E-05 9.98739E-05 9.98739E-05 9.98739E-05 9.98739E-05 0.0146614 9.98739E-05 9.98739E-05 9.98739E-05 9.98739E-05 9.98739E-05 0.0201258 9.98739E-05 9.98739E-05 9.98739E-05 0.31304 9.98739E-05 0.650775
9.98741E-05 9.98741E-05 9.98741E-05 0.0256575 0.801327 9.98741E-05 9.98741E-05 9.98741E-05 9.98741E-05 9.98741E-05 9.98741E-05 0.138719 9.98741E-05 9.98741E-05 9.98741E-05 9.98741E-05 0.0328984 9.98741E-05
9.98565E-05 9.98565E-05 9.98565E-05 9.98565E-05 9.98565E-05 9.98565E-05 9.98565E-05 9.98565E-05 9.98565E-05 9.98565E-05 9.98565E-05 9.98565E-05 9.98565E-05 9.98565E-05 0.106278 9.98565E-05 0.892124 9.98565E-05
9.98567E-05 9.98567E-05 9.98567E-05 9.98567E-05 0.986573 9.98567E-05 9.98567E-05 9.98567E-05 0.0118288 9.98567E-05 9.98567E-05 9.98567E-05 9.98567E-05 9.98567E-05 9.98567E-05 9.98567E-05 9.98567E-05 9.98567E-05
0.0654408 0.0170903 9.98739E-05 9.98739E-05 0.896957 9.98739E-05 9.98739E-05 9.98739E-05 9.98739E-05 9.98739E-05 9.98739E-05 0.0191139 9.98739E-05 9.98739E-05 9.98739E-05 9.98739E-05 9.98739E-05 9.98739E-05
0.125769 9.98919E-05 9.98919E-05 0.0462187 0.798798 9.98919E-05 9.98919E-05 9.98919E-05 9.98919E-05 9.98919E-05 0.00427201 0.00747347 9.98919E-05 9.98919E-05 0.0162702 9.98919E-05 9.98919E-05 9.98919E-05
9.98654E-05 9.98654E-05 0.0564465 9.98654E-05 9.98654E-05 9.98654E-05 9.98654E-05 9.98654E-05 9.98654E-05 9.98654E-05 0.929224 0.0128312 9.98654E-05 9.98654E-05 9.98654E-05 9.98654E-05 9.98654E-05 9.98654E-05
9.98655E-05 0.0612827 9.98655E-05 9.98655E-05 9.98655E-05 9.98655E-05 9.98655E-05 9.98655E-05 9.98655E-05 9.98655E-05 9.98655E-05 9.98655E-05 9.98655E-05 9.98655E-05 9.98655E-05 0.656128 9.98655E-05 0.281092
0.161749 9.9937E-05 0.0726005 0.142784 9.9937E-05 9.9937E-05 9.9937E-05 0.189904 9.9937E-05 0.0159548 0.0339081 9.9937E-05 0.0959297 9.9937E-05 0.0212789 0.0202395 0.114663 0.130288
9.98833E-05 0.124655 9.98833E-05 9.98833E-05 9.98833E-05 9.98833E-05 9.98833E-05 9.98833E-05 0.0635223 9.98833E-05 9.98833E-05 9.98833E-05 9.98833E-05 9.98833E-05 9.98833E-05 0.0365106 0.00920025 0.764813
9.98921E-05 9.98921E-05 9.98921E-05 9.98921E-05 9.98921E-05 0.0155211 9.98921E-05 0.00222561 9.98921E-05 0.0193855 9.98921E-05 9.98921E-05 9.98921E-05 0.0166188 9.98921E-05 0.196069 9.98921E-05 0.748981
9.98652E-05 9.98652E-05 9.98652E-05 9.98652E-05 9.98652E-05 9.98652E-05 9.98652E-05 0.00351243 0.00453574 9.98652E-05 9.98652E-05 9.98652E-05 9.98652E-05 9.98652E-05 9.98652E-05 0.990454 9.98652E-05 9.98652E-05
9.98563E-05 9.98563E-05 9.98563E-05 9.98563E-05 9.98563E-05 9.98563E-05 9.98563E-05 9.98563E-05 9.98563E-05 0.0263206 9.98563E-05 9.98563E-05 9.98563E-05 9.98563E-05 9.98563E-05 0.972082 9.98563E-05 9.98563E-05
9.99012E-05 9.99012E-05 0.00788288 9.99012E-05 9.99012E-05 9.99012E-05 9.99012E-05 0.220796 9.99012E-05 0.00404122 9.99012E-05 0.0242589 9.99012E-05 9.99012E-05 0.00527002 0.0758073 9.99012E-05 0.660844
9.98829E-05 9.98829E-05 9.98829E-05 9.98829E-05 9.98829E-05 0.0174906 9.98829E-05 9.98829E-05 9.98829E-05 9.98829E-05 9.98829E-05 0.000952742 9.98829E-05 9.98829E-05 0.0194808 0.396301 9.98829E-05 0.564476
9.9865E-05 9.9865E-05 9.9865E-05 9.9865E-05 9.9865E-05 9.9865E-05 9.9865E-05 0.000527803 0.949009 9.9865E-05 9.9865E-05 9.9865E-05 9.9865E-05 0.0489654 9.9865E-05 9.9865E-05 9.9865E-05 9.9865E-05
9.98561E-05 9.98561E-05 9.98561E-05 9.98561E-05 0.0193532 9.98561E-05 9.98561E-05 9.98561E-05 0.979049 9.98561E-05 9.98561E-05 9.98561E-05 9.98561E-05 9.98561E-05 9.98561E-05 9.98561E-05 9.98561E-05 9.98561E-05
9.99191E-05 0.031773 9.99191E-05 0.00854887 0.00328779 9.99191E-05 0.00490577 0.0109254 9.99191E-05 9.99191E-05 9.99191E-05 9.99191E-05 9.99191E-05 0.0285335 9.99191E-05 0.087995 0.0106336 0.812498
9.9892E-05 9.9892E-05 9.9892E-05 0.00055567 9.9892E-05 0.00908037 0.00441073 9.9892E-05 9.9892E-05 9.9892E-05 9.9892E-05 9.9892E-05 9.9892E-05 0.0129498 9.9892E-05 9.9892E-05 0.962533 0.00927204
9.9856E-05 9.9856E-05 9.9856E-05 9.9856E-05 9.9856E-05 9.9856E-05 9.9856E-05 9.9856E-05 9.9856E-05 9.9856E-05 9.9856E-05 9.9856E-05 9.9856E-05 0.0153758 9.9856E-05 9.9856E-05 0.983027 9.9856E-05
9.98652E-05 9.98652E-05 0.00228513 0.991785 9.98652E-05 9.98652E-05 9.98652E-05 9.98652E-05 9.98652E-05 9.98652E-05 9.98652E-05 0.00443232 9.98652E-05 9.98652E-05 9.98652E-05 9.98652E-05 9.98652E-05 9.98652E-05
9.98474E-05 9.98474E-05 9.98474E-05 0.998303 9.98474E-05 9.98474E-05 9.98474E-05 9.98474E-05 9.98474E-05 9.98474E-05 9.98474E-05 9.98474E-05 9.98474E-05 9.98474E-05 9.98474E-05 9.98474E-05 9.98474E-05 9.98474E-05
0.738566 9.98829E-05 9.98829E-05 9.98829E-05 0.0200745 9.98829E-05 9.98829E-05 9.98829E-05 9.98829E-05 9.98829E-05 9.98829E-05 0.156437 0.0368338 9.98829E-05 9.98829E-05 9.98829E-05 0.046791 9.98829E-05
0.714642 9.9883E-05 9.9883E-05 9.9883E-05 0.0414297 9.9883E-05 9.9883E-05 9.9883E-05 9.9883E-05 9.9883E-05 9.9883E-05 0.137066 9.9883E-05 9.9883E-05 9.9883E-05 0.0248394 0.0807246 9.9883E-05
9.98922E-05 0.00364473 9.98922E-05 0.938781 9.98922E-05 9.98922E-05 0.0245938 9.98922E-05 0.00690014 9.98922E-05 9.98922E-05 9.98922E-05 0.0148711 9.98922E-05 9.98922E-05 9.98922E-05 0.0100101 9.98922E-05
9.98473E-05 9.98473E-05 9.98473E-05 0.998303 9.98473E-05 9.98473E-05 9.98473E-05 9.98473E-05 9.98473E-05 9.98473E-05 9.98473E-05 9.98473E-05 9.98473E-05 9.98473E-05 9.98473E-05 9.98473E-05 9.98473E-05 9.98473E-05
9.98739E-05 9.98739E-05 0.940133 9.98739E-05 0.0360345 9.98739E-05 9.98739E-05 9.98739E-05 9.98739E-05 9.98739E-05 9.98739E-05 9.98739E-05 9.98739E-05 0.00310789 9.98739E-05 9.98739E-05 0.019326 9.98739E-05
9.9883E-05 9.9883E-05 9.9883E-05 9.9883E-05 0.101161 9.9883E-05 9.9883E-05 9.9883E-05 9.9883E-05 0.133699 0.000393261 0.752885 9.9883E-05 9.9883E-05 9.9883E-05 9.9883E-05 0.0105632 9.9883E-05
9.9865E-05 9.9865E-05 9.9865E-05 9.9865E-05 9.9865E-05 9.9865E-05 9.9865E-05 9.9865E-05 9.9865E-05 0.0726154 9.9865E-05 9.9865E-05 0.877487 0.0483995 9.9865E-05 9.9865E-05 9.9865E-05 9.9865E-05
0.00751273 9.9865E-05 9.9865E-05 9.9865E-05 9.9865E-05 9.9865E-05 0.0818761 9.9865E-05 9.9865E-05 9.9865E-05 9.9865E-05 9.9865E-05 9.9865E-05 9.9865E-05 0.909113 9.9865E-05 9.9865E-05 9.9865E-05
9.98562E-05 9.98562E-05 9.98562E-05 9.98562E-05 9.98562E-05 9.98562E-05 9.98562E-05 9.98562E-05 9.98562E-05 9.98562E-05 9.98562E-05 9.98562E-05 9.98562E-05 9.98562E-05 0.970287 9.98562E-05 0.0281151 9.98562E-05
9.9847E-05 9.9847E-05 9.9847E-05 9.9847E-05 9.9847E-05 9.9847E-05 9.9847E-05 0.998303 9.9847E-05 9.9847E-05 9.9847E-05 9.9847E-05 9.9847E-05 9.9847E-05 9.9847E-05 9.9847E-05 9.9847E-05 9.9847E-05
