0.00428591 9.98738E-05 9.98738E-05 9.98738E-05 9.98738E-05 0.917439 9.98738E-05 9.98738E-05 9.98738E-05 9.98738E-05 9.98738E-05 9.98738E-05 9.98738E-05 0.0210606 9.98738E-05 0.0558157 9.98738E-05 9.98738E-05
9.98739E-05 9.98739E-05 9.98739E-05 9.98739E-05 9.98739E-05 9.98739E-05 9.98739E-05 9.98739E-05 9.98739E-05 0.114148 9.98739E-05 9.98739E-05 9.98739E-05 0.0560105 9.98739E-05 9.98739E-05 0.649441 0.179003
9.9847E-05 0.998303 9.9847E-05 9.9847E-05 9.9847E-05 9.9847E-05 9.9847E-05 9.9847E-05 9.9847E-05 9.9847E-05 9.9847E-05 9.9847E-05 9.9847E-05 9.9847E-05 9.9847E-05 9.9847E-05 9.9847E-05 9.9847E-05
0.0290777 0.0121519 9.98742E-05 9.98742E-05 9.98742E-05 9.98742E-05 9.98742E-05 9.98742E-05 9.98742E-05 0.954484 9.98742E-05 9.98742E-05 9.98742E-05 0.00288788 9.98742E-05 9.98742E-05 9.98742E-05 9.98742E-05
9.99101E-05 0.131203 0.0773881 9.99101E-05 0.154379 9.99101E-05 0.140145 9.99101E-05 0.08729 0.223958 9.99101E-05 9.99101E-05 9.99101E-05 9.99101E-05 9.99101E-05 9.99101E-05 0.0499451 0.134693
9.98741E-05 9.98741E-05 9.98741E-05 0.0371369 9.98741E-05 9.98741E-05 9.98741E-05 9.98741E-05 9.98741E-05 0.925155 0.0148034 9.98741E-05 9.98741E-05 9.98741E-05 9.98741E-05 9.98741E-05 9.98741E-05 0.0215062
9.98472E-05 9.98472E-05 9.98472E-05 9.98472E-05 9.98472E-05 9.98472E-05 0.998303 9.98472E-05 9.98472E-05 9.98472E-05 9.98472E-05 9.98472E-05 9.98472E-05 9.98472E-05 9.98472E-05 9.98472E-05 9.98472E-05 9.98472E-05
0.0132052 0.0507838 0.0429422 9.99098E-05 0.0611154 9.99098E-05 9.99098E-05 9.99098E-05 0.680191 0.0314499 9.99098E-05 9.99098E-05 9.99098E-05 9.99098E-05 9.99098E-05 0.0423463 0.0769668 9.99098E-05
9.98741E-05 9.98741E-05 9.98741E-05 9.98741E-05 0.00478166 0.00100743 0.944388 9.98741E-05 9.98741E-05 9.98741E-05 9.98741E-05 9.98741E-05 9.98741E-05 9.98741E-05 9.98741E-05 9.98741E-05 0.0484251 9.98741E-05
9.98403E-05 9.98403E-05 9.98403E-05 9.98403E-05 9.98403E-05 9.98403E-05 0.119673 9.98403E-05 9.98403E-05 9.98403E-05 9.98403E-05 9.98403E-05 9.98403E-05 9.98403E-05 9.98403E-05 0.87873 9.98403E-05 9.98403E-05
9.98563E-05 9.98563E-05 9.98563E-05 9.98563E-05 9.98563E-05 9.98563E-05 0.09933 9.98563E-05 9.98563E-05 9.98563E-05 9.98563E-05 9.98563E-05 9.98563E-05 9.98563E-05 9.98563E-05 0.899072 9.98563E-05 9.98563E-05
0.119343 0.0485095 9.98919E-05 9.98919E-05 9.98919E-05 0.660248 0.0128624 0.145371 9.98919E-05 9.98919E-05 9.98919E-05 9.98919E-05 0.0124677 9.98919E-05 9.98919E-05 9.98919E-05 9.98919E-05 9.98919E-05
9.98655E-05 9.98655E-05 9.98655E-05 9.98655E-05 9.98655E-05 9.98655E-05 0.016831 0.961687 0.0199839 9.98655E-05 9.98655E-05 9.98655E-05 9.98655E-05 9.98655E-05 9.98655E-05 9.98655E-05 9.98655E-05 9.98655E-05
9.98921E-05 0.0304185 9.98921E-05 0.0158115 9.98921E-05 9.98921E-05 9.98921E-05 9.98921E-05 9.98921E-05 0.863182 9.98921E-05 9.98921E-05 0.0303624 9.98921E-05 9.98921E-05 9.98921E-05 0.0107644 0.0482625
9.98742E-05 9.98742E-05 9.98742E-05 9.98742E-05 9.98742E-05 0.027566 9.98742E-05 9.98742E-05 9.98742E-05 0.914095 9.98742E-05 9.98742E-05 0.0219539 9.98742E-05 9.98742E-05 9.98742E-05 9.98742E-05 0.0349863
9.9874E-05 9.9874E-05 9.9874E-05 0.142388 9.9874E-05 9.9874E-05 9.9874E-05 0.0831168 9.9874E-05 9.9874E-05 9.9874E-05 0.757171 9.9874E-05 9.9874E-05 9.9874E-05 0.0159261 9.9874E-05 9.9874E-05
9.9865E-05 9.9865E-05 9.9865E-05 9.9865E-05 9.9865E-05 9.9865E-05 9.9865E-05 9.9865E-05 9.9865E-05 9.9865E-05 9.9865E-05 0.00599254 9.9865E-05 0.963369 9.9865E-05 0.0291407 9.9865E-05 9.9865E-05
9.98738E-05 9.98738E-05 9.98738E-05 9.98738E-05 0.0123681 9.98738E-05 9.98738E-05 9.98738E-05 9.98738E-05 9.98738E-05 9.98738E-05 9.98738E-05 0.825682 9.98738E-05 9.98738E-05 0.0791626 9.98738E-05 0.0813889
9.98652E-05 9.98652E-05 9.98652E-05 9.98652E-05 9.98652E-05 9.98652E-05 9.98652E-05 0.0141428 9.98652E-05 9.98652E-05 0.0431386 9.98652E-05 9.98652E-05 9.98652E-05 0.941221 9.98652E-05 9.98652E-05 9.98652E-05
9.98828E-05 9.98828E-05 9.98828E-05 0.144441 9.98828E-05 0.106287 9.98828E-05 9.98828E-05 9.98828E-05 9.98828E-05 9.98828E-05 0.282787 9.98828E-05 0.0221476 9.98828E-05 0.443039 9.98828E-05 9.98828E-05
9.9856E-05 9.9856E-05 9.9856E-05 9.9856E-05 9.9856E-05 9.9856E-05 9.9856E-05 9.9856E-05 9.9856E-05 9.9856E-05 0.0312265 9.9856E-05 0.967176 9.9856E-05 9.9856E-05 9.9856E-05 9.9856E-05 9.9856E-05
9.99099E-05 9.99099E-05 9.99099E-05 9.99099E-05 0.0503345 0.444908 9.99099E-05 0.0447549 9.99099E-05 9.99099E-05 0.00414957 0.223718 0.00465786 9.99099E-05 9.99099E-05 0.0402167 9.99099E-05 0.186261
0.179966 9.98922E-05 9.98922E-05 9.98922E-05 9.98922E-05 9.98922E-05 9.98922E-05 9.98922E-05 9.98922E-05 9.98922E-05 9.98922E-05 9.98922E-05 0.163557 0.279823 0.210383 0.164762 0.000310393 9.98922E-05
9.98561E-05 9.98561E-05 9.98561E-05 9.98561E-05 9.98561E-05 9.98561E-05 9.98561E-05 9.98561E-05 9.98561E-05 9.98561E-05 9.98561E-05 9.98561E-05 9.98561E-05 9.98561E-05 0.995654 0.00274828 9.98561E-05 9.98561E-05
9.98654E-05 0.0160404 9.98654E-05 9.98654E-05 9.98654E-05 9.98654E-05 0.00432152 9.98654E-05 9.98654E-05 0.97814 9.98654E-05 9.98654E-05 9.98654E-05 9.98654E-05 9.98654E-05 9.98654E-05 9.98654E-05 9.98654E-05
9.98563E-05 9.98563E-05 9.98563E-05 9.98563E-05 0.0131263 9.98563E-05 9.98563E-05 9.98563E-05 9.98563E-05 0.985276 9.98563E-05 9.98563E-05 9.98563E-05 9.98563E-05 9.98563E-05 9.98563E-05 9.98563E-05 9.98563E-05
0.0282534 9.98918E-05 9.98918E-05 9.98918E-05 0.00195862 0.0817751 9.98918E-05 0.782936 9.98918E-05 9.98918E-05 9.98918E-05 9.98918E-05 9.98918E-05 0.0502486 9.98918E-05 0.05363 9.98918E-05 9.98918E-05
9.98832E-05 9.98832E-05 0.0421808 9.98832E-05 9.98832E-05 9.98832E-05 9.98832E-05 0.00709025 9.98832E-05 0.934257 9.98832E-05 0.00594174 9.98832E-05 9.98832E-05 9.98832E-05 9.98832E-05 0.0092321 9.98832E-05
9.98742E-05 9.98742E-05 0.0551883 9.98742E-05 9.98742E-05 9.98742E-05 9.98742E-05 9.98742E-05 9.98742E-05 0.884991 9.98742E-05 0.0379382 9.98742E-05 9.98742E-05 9.98742E-05 9.98742E-05 0.0204842 9.98742E-05
0.0276058 9.9911E-05 0.0437823 9.9911E-05 0.0447691 0.00974472 9.9911E-05 9.9911E-05 0.323512 0.502673 0.029056 9.9911E-05 9.9911E-05 9.9911E-05 9.9911E-05 9.9911E-05 0.0178585 9.9911E-05
0.0207966 9.98919E-05 0.0114169 0.0103432 0.0485287 9.98919E-05 9.98919E-05 9.98919E-05 0.622243 0.285472 9.98919E-05 9.98919E-05 9.98919E-05 9.98919E-05 9.98919E-05 9.98919E-05 9.98919E-05 9.98919E-05
9.98474E-05 9.98474E-05 9.98474E-05 9.98474E-05 9.98474E-05 9.98474E-05 9.98474E-05 9.98474E-05 9.98474E-05 9.98474E-05 9.98474E-05 9.98474E-05 9.98474E-05 9.98474E-05 9.98474E-05 9.98474E-05 0.998303 9.98474E-05
9.98652E-05 9.98652E-05 9.98652E-05 9.98652E-05 9.98652E-05 9.98652E-05 9.98652E-05 9.98652E-05 0.143839 0.833481 9.98652E-05 0.021182 9.98652E-05 9.98652E-05 9.98652E-05 9.98652E-05 9.98652E-05 9.98652E-05
9.98833E-05 0.0271706 0.666204 9.98833E-05 9.98833E-05 0.00153028 9.98833E-05 9.98833E-05 0.297088 9.98833E-05 9.98833E-05 9.98833E-05 9.98833E-05 9.98833E-05 9.98833E-05 9.98833E-05 0.00670857 9.98833E-05
0.119051 9.99097E-05 9.99097E-05 0.0543192 0.0224193 0.0281688 9.99097E-05 0.473224 0.0147731 9.99097E-05 9.99097E-05 9.99097E-05 9.99097E-05 0.238647 9.99097E-05 9.99097E-05 9.99097E-05 0.0483981
9.98829E-05 9.98829E-05 9.98829E-05 0.0156976 9.98829E-05 9.98829E-05 0.0348827 9.98829E-05 0.0257588 0.896755 9.98829E-05 9.98829E-05 9.98829E-05 0.0256075 9.98829E-05 9.98829E-05 9.98829E-05 9.98829E-05
9.9874E-05 0.00848178 9.9874E-05 0.0226989 9.9874E-05 0.943441 9.9874E-05 9.9874E-05 0.0239802 9.9874E-05 9.9874E-05 9.9874E-05 9.9874E-05 9.9874E-05 9.9874E-05 9.9874E-05 9.9874E-05 9.9874E-05
9.9901E-05 9.9901E-05 9.9901E-05 9.9901E-05 9.9901E-05 0.0613504 9.9901E-05 9.9901E-05 0.00148692 9.9901E-05 0.0304884 9.9901E-05 9.9901E-05 0.0378186 9.9901E-05 0.575594 0.186176 0.105987
9.98651E-05 9.98651E-05 9.98651E-05 9.98651E-05 9.98651E-05 9.98651E-05 9.98651E-05 9.98651E-05 0.00192473 0.00791511 9.98651E-05 9.98651E-05 9.98651E-05 0.988662 9.98651E-05 9.98651E-05 9.98651E-05 9.98651E-05
9.98561E-05 9.98561E-05 9.98561E-05 9.98561E-05 9.98561E-05 9.98561E-05 9.98561E-05 9.98561E-05 9.98561E-05 0.00744779 9.98561E-05 9.98561E-05 9.98561E-05 9.98561E-05 9.98561E-05 9.98561E-05 9.98561E-05 0.990955
9.9856E-05 9.9856E-05 9.9856E-05 9.9856E-05 9.9856E-05 0.00475973 9.9856E-05 9.9856E-05 9.9856E-05 9.9856E-05 9.9856E-05 9.9856E-05 9.9856E-05 9.9856E-05 9.9856E-05 9.9856E-05 9.9856E-05 0.993643
9.98829E-05 9.98829E-05 9.98829E-05 9.98829E-05 9.98829E-05 0.0318212 9.98829E-05 9.98829E-05 9.98829E-05 9.98829E-05 9.98829E-05 9.98829E-05 9.98829E-05 0.026682 0.0188244 0.885498 9.98829E-05 0.0358763
9.9892E-05 9.9892E-05 9.9892E-05 9.9892E-05 9.9892E-05 0.00406779 0.0898027 0.0261046 9.9892E-05 9.9892E-05 9.9892E-05 0.817239 9.9892E-05 9.9892E-05 0.0168919 9.9892E-05 9.9892E-05 0.0446953
9.98829E-05 9.98829E-05 9.98829E-05 0.123663 9.98829E-05 0.00946383 9.98829E-05 0.00242885 9.98829E-05 9.98829E-05 9.98829E-05 9.98829E-05 9.98829E-05 0.00673229 9.98829E-05 0.856414 9.98829E-05 9.98829E-05
0.0483554 9.99279E-05 9.99279E-05 0.193453 9.99279E-05 0.0503752 0.00477093 0.108836 9.99279E-05 9.99279E-05 9.99279E-05 0.0221031 9.99279E-05 9.99279E-05 0.107063 0.292747 0.041564 0.129932
9.99279E-05 0.00992608 9.99279E-05 0.134587 0.0391018 0.0032294 9.99279E-05 9.99279E-05 0.00656215 9.99279E-05 0.0931741 0.12101 9.99279E-05 9.99279E-05 9.99279E-05 0.381018 0.0775043 0.133088
9.99189E-05 0.0740107 0.0173066 0.426637 0.0617321 0.0988619 0.0457172 9.99189E-05 9.99189E-05 0.0242467 9.99189E-05 9.99189E-05 9.99189E-05 0.0460325 9.99189E-05 0.204556 9.99189E-05 9.99189E-05
9.9857E-05 9.9857E-05 9.9857E-05 9.9857E-05 9.9857E-05 0.981801 9.9857E-05 9.9857E-05 9.9857E-05 9.9857E-05 9.9857E-05 9.9857E-05 9.9857E-05 9.9857E-05 0.0166012 9.9857E-05 9.9857E-05 9.9857E-05
9.98473E-05 9.98473E-05 0.998303 9.98473E-05 9.98473E-05 9.98473E-05 9.98473E-05 9.98473E-05 9.98473E-05 9.98473E-05 9.98473E-05 9.98473E-05 9.98473E-05 9.98473E-05 9.98473E-05 9.98473E-05 9.98473E-05 9.98473E-05
9.98473E-05 9.98473E-05 0.998303 9.98473E-05 9.98473E-05 9.98473E-05 9.98473E-05 9.98473E-05 9.98473E-05 9.98473E-05 9.98473E-05 9.98473E-05 9.98473E-05 9.98473E-05 9.98473E-05 9.98473E-05 9.98473E-05 9.98473E-05
9.98742E-05 9.98742E-05 0.981419 0.0130897 0.00168153 9.98742E-05 9.98742E-05 9.98742E-05 9.98742E-05 9.98742E-05 9.98742E-05 9.98742E-05 9.98742E-05 9.98742E-05 9.98742E-05 9.98742E-05 9.98742E-05 0.00241153
9.98474E-05 9.98474E-05 0.998303 9.98474E-05 9.98474E-05 9.98474E-05 9.98474E-05 9.98474E-05 9.98474E-05 9.98474E-05 9.98474E-05 9.98474E-05 9.98474E-05 9.98474E-05 9.98474E-05 9.98474E-05 9.98474E-05 9.98474E-05
9.98474E-05 9.98474E-05 0.998303 9.98474E-05 9.98474E-05 9.98474E-05 9.98474E-05 9.98474E-05 9.98474E-05 9.98474E-05 9.98474E-05 9.98474E-05 9.98474E-05 9.98474E-05 9.98474E-05 9.98474E-05 9.98474E-05 9.98474E-05
9.99102E-05 0.0176259 0.301424 9.99102E-05 9.99102E-05 0.0399992 0.0155898 9.99102E-05 0.468905 9.99102E-05 9.99102E-05 0.0812698 0.0351222 9.99102E-05 9.99102E-05 9.99102E-05 0.039065 9.99102E-05
9.98562E-05 9.98562E-05 0.923971 9.98562E-05 9.98562E-05 9.98562E-05 9.98562E-05 9.98562E-05 9.98562E-05 9.98562E-05 9.98562E-05 9.98562E-05 9.98562E-05 9.98562E-05 9.98562E-05 9.98562E-05 0.0744312 9.98562E-05
9.98739E-05 9.98739E-05 9.98739E-05 0.0481508 9.98739E-05 0.799531 0.00836445 9.98739E-05 9.98739E-05 9.98739E-05 9.98739E-05 0.142556 9.98739E-05 9.98739E-05 9.98739E-05 9.98739E-05 9.98739E-05 9.98739E-05
0.0279008 0.021079 0.0356318 9.98918E-05 9.98918E-05 0.00624585 0.0429188 9.98918E-05 9.98918E-05 9.98918E-05 9.98918E-05 9.98918E-05 9.98918E-05 9.98918E-05 9.98918E-05 9.98918E-05 0.865025 9.98918E-05
9.9874E-05 9.9874E-05 0.0137731 9.9874E-05 9.9874E-05 9.9874E-05 9.9874E-05 9.9874E-05 9.9874E-05 0.946087 9.9874E-05 9.9874E-05 9.9874E-05 0.00143483 9.9874E-05 9.9874E-05 9.9874E-05 0.0373068
0.0238187 9.9892E-05 9.9892E-05 9.9892E-05 9.9892E-05 0.0285802 9.9892E-05 0.809158 9.9892E-05 9.9892E-05 9.9892E-05 0.0104092 0.016025 9.9892E-05 9.9892E-05 9.9892E-05 9.9892E-05 0.11081
9.98654E-05 9.98654E-05 9.98654E-05 0.094571 9.98654E-05 9.98654E-05 9.98654E-05 0.0250683 9.98654E-05 9.98654E-05 9.98654E-05 0.878863 9.98654E-05 9.98654E-05 9.98654E-05 9.98654E-05 9.98654E-05 9.98654E-05
9.98477E-05 9.98477E-05 9.98477E-05 9.98477E-05 9.98477E-05 9.98477E-05 9.98477E-05 0.998303 9.98477E-05 9.98477E-05 9.98477E-05 9.98477E-05 9.98477E-05 9.98477E-05 9.98477E-05 9.98477E-05 9.98477E-05 9.98477E-05
9.98739E-05 0.000839465 9.98739E-05 9.98739E-05 9.98739E-05 9.98739E-05 9.98739E-05 0.87909 9.98739E-05 9.98739E-05 9.98739E-05 0.00603609 9.98739E-05 9.98739E-05 9.98739E-05 0.112636 9.98739E-05 9.98739E-05
0.0603497 9.98918E-05 9.98918E-05 0.0769558 9.98918E-05 9.98918E-05 9.98918E-05 0.791522 9.98918E-05 9.98918E-05 9.98918E-05 9.98918E-05 9.98918E-05 9.98918E-05 0.013437 0.0400238 9.98918E-05 0.0165136
9.98472E-05 9.98472E-05 9.98472E-05 9.98472E-05 9.98472E-05 9.98472E-05 9.98472E-05 9.98472E-05 9.98472E-05 9.98472E-05 0.998303 9.98472E-05 9.98472E-05 9.98472E-05 9.98472E-05 9.98472E-05 9.98472E-05 9.98472E-05
9.98567E-05 9.98567E-05 9.98567E-05 9.98567E-05 9.98567E-05 9.98567E-05 0.00132673 9.98567E-05 9.98567E-05 0.997076 9.98567E-05 9.98567E-05 9.98567E-05 9.98567E-05 9.98567E-05 9.98567E-05 9.98567E-05 9.98567E-05
9.9847E-05 9.9847E-05 9.9847E-05 9.9847E-05 0.998303 9.9847E-05 9.9847E-05 9.9847E-05 9.9847E-05 9.9847E-05 9.9847E-05 9.9847E-05 9.9847E-05 9.9847E-05 9.9847E-05 9.9847E-05 9.9847E-05 9.9847E-05
9.98655E-05 0.148501 9.98655E-05 9.98655E-05 9.98655E-05 9.98655E-05 9.98655E-05 9.98655E-05 9.98655E-05 0.81198 9.98655E-05 0.0380201 9.98655E-05 9.98655E-05 9.98655E-05 9.98655E-05 9.98655E-05 9.98655E-05
9.9892E-05 9.9892E-05 0.00975552 9.9892E-05 0.0285599 9.9892E-05 0.000182237 9.9892E-05 9.9892E-05 0.906466 9.9892E-05 9.9892E-05 9.9892E-05 0.0378499 9.9892E-05 9.9892E-05 9.9892E-05 0.0159875
9.98831E-05 9.98831E-05 0.0216683 9.98831E-05 9.98831E-05 9.98831E-05 9.98831E-05 9.98831E-05 0.0507638 0.864755 9.98831E-05 0.0472529 9.98831E-05 9.98831E-05 9.98831E-05 9.98831E-05 0.0142619 9.98831E-05
9.98832E-05 9.98832E-05 0.00144822 9.98832E-05 9.98832E-05 9.98832E-05 9.98832E-05 9.98832E-05 9.98832E-05 0.902863 9.98832E-05 0.0519503 0.0116067 9.98832E-05 9.98832E-05 9.98832E-05 0.0308332 9.98832E-05
9.98834E-05 9.98834E-05 9.98834E-05 0.0224719 0.084535 9.98834E-05 9.98834E-05 9.98834E-05 0.0572736 0.808284 9.98834E-05 9.98834E-05 9.98834E-05 9.98834E-05 9.98834E-05 9.98834E-05 9.98834E-05 0.0261367
9.9865E-05 9.9865E-05 9.9865E-05 9.9865E-05 0.00801707 9.9865E-05 9.9865E-05 9.9865E-05 9.9865E-05 0.955008 9.9865E-05 9.9865E-05 9.9865E-05 0.035477 9.9865E-05 9.9865E-05 9.9865E-05 9.9865E-05
9.9847E-05 9.9847E-05 9.9847E-05 9.9847E-05 9.9847E-05 9.9847E-05 9.9847E-05 9.9847E-05 0.998303 9.9847E-05 9.9847E-05 9.9847E-05 9.9847E-05 9.9847E-05 9.9847E-05 9.9847E-05 9.9847E-05 9.9847E-05
9.98562E-05 9.98562E-05 9.98562E-05 9.98562E-05 9.98562E-05 9.98562E-05 9.98562E-05 0.0290277 0.969375 9.98562E-05 9.98562E-05 9.98562E-05 9.98562E-05 9.98562E-05 9.98562E-05 9.98562E-05 9.98562E-05 9.98562E-05
9.98922E-05 0.0283963 9.98922E-05 9.98922E-05 9.98922E-05 0.0071473 9.98922E-05 9.98922E-05 9.98922E-05 0.915324 9.98922E-05 0.0288152 0.0170433 9.98922E-05 9.98922E-05 0.00207509 9.98922E-05 9.98922E-05
9.9874E-05 9.9874E-05 9.9874E-05 9.9874E-05 9.9874E-05 9.9874E-05 9.9874E-05 9.9874E-05 0.000649132 9.9874E-05 9.9874E-05 0.977762 9.9874E-05 0.0156451 9.9874E-05 9.9874E-05 0.00454548 9.9874E-05
9.98561E-05 9.98561E-05 0.0081769 9.98561E-05 9.98561E-05 9.98561E-05 9.98561E-05 9.98561E-05 9.98561E-05 9.98561E-05 9.98561E-05 0.990225 9.98561E-05 9.98561E-05 9.98561E-05 9.98561E-05 9.98561E-05 9.98561E-05
0.998303 9.98473E-05 9.98473E-05 9.98473E-05 9.98473E-05 9.98473E-05 9.98473E-05 9.98473E-05 9.98473E-05 9.98473E-05 9.98473E-05 9.98473E-05 9.98473E-05 9.98473E-05 9.98473E-05 9.98473E-05 9.98473E-05 9.98473E-05
0.998303 9.98474E-05 9.98474E-05 9.98474E-05 9.98474E-05 9.98474E-05 9.98474E-05 9.98474E-05 9.98474E-05 9.98474E-05 9.98474E-05 9.98474E-05 9.98474E-05 9.98474E-05 9.98474E-05 9.98474E-05 9.98474E-05 9.98474E-05
9.98829E-05 9.98829E-05 9.98829E-05 9.98829E-05 9.98829E-05 9.98829E-05 9.98829E-05 0.00855168 9.98829E-05 9.98829E-05 9.98829E-05 0.0307388 9.98829E-05 9.98829E-05 9.98829E-05 0.770561 0.0732368 0.115613
9.9901E-05 9.9901E-05 9.9901E-05 9.9901E-05 9.9901E-05 9.9901E-05 9.9901E-05 0.0637939 9.9901E-05 9.9901E-05 0.00226263 0.0350396 0.000311667 9.9901E-05 9.9901E-05 0.769472 0.0337467 0.0942747
0.962557 9.98563E-05 9.98563E-05 9.98563E-05 9.98563E-05 9.98563E-05 9.98563E-05 9.98563E-05 9.98563E-05 9.98563E-05 9.98563E-05 9.98563E-05 9.98563E-05 0.0358452 9.98563E-05 9.98563E-05 9.98563E-05 9.98563E-05
0.998303 9.98473E-05 9.98473E-05 9.98473E-05 9.98473E-05 9.98473E-05 9.98473E-05 9.98473E-05 9.98473E-05 9.98473E-05 9.98473E-05 9.98473E-05 9.98473E-05 9.98473E-05 9.98473E-05 9.98473E-05 9.98473E-05 9.98473E-05
9.9874E-05 9.9874E-05 0.0137106 9.9874E-05 9.9874E-05 0.948861 9.9874E-05 0.0137542 9.9874E-05 9.9874E-05 9.9874E-05 0.0222759 9.9874E-05 9.9874E-05 9.9874E-05 9.9874E-05 9.9874E-05 9.9874E-05
9.9883E-05 9.9883E-05 9.9883E-05 9.9883E-05 9.9883E-05 9.9883E-05 0.0948097 0.0687463 9.9883E-05 9.9883E-05 9.9883E-05 0.0785616 9.9883E-05 9.9883E-05 0.0284096 9.9883E-05 9.9883E-05 0.728174
9.98741E-05 9.98741E-05 0.0286194 9.98741E-05 0.00992213 9.98741E-05 0.0380988 9.98741E-05 9.98741E-05 9.98741E-05 9.98741E-05 9.98741E-05 9.98741E-05 9.98741E-05 9.98741E-05 9.98741E-05 0.921961 9.98741E-05
9.9847E-05 9.9847E-05 9.9847E-05 0.998303 9.9847E-05 9.9847E-05 9.9847E-05 9.9847E-05 9.9847E-05 9.9847E-05 9.9847E-05 9.9847E-05 9.9847E-05 9.9847E-05 9.9847E-05 9.9847E-05 9.9847E-05 9.9847E-05
0.0230485 9.98921E-05 9.98921E-05 0.839543 9.98921E-05 0.0127505 9.98921E-05 0.0592341 9.98921E-05 9.98921E-05 9.98921E-05 9.98921E-05 0.00343745 0.0607882 9.98921E-05 9.98921E-05 9.98921E-05 9.98921E-05
0.0114328 9.98831E-05 9.98831E-05 9.98831E-05 0.0215062 9.98831E-05 9.98831E-05 9.98831E-05 0.727066 0.187308 9.98831E-05 9.98831E-05 0.0513885 9.98831E-05 9.98831E-05 9.98831E-05 9.98831E-05 9.98831E-05
