9.999E-05 9.999E-05 0.9998
9.999E-05 0.51256 0.48734
0.05555 0.94435 9.99911E-05
9.999E-05 0.9998 9.999E-05
9.9991E-05 0.676244 0.323656
9.999E-05 0.9998 9.999E-05
9.999E-05 0.35127 0.64863
9.999E-05 0.822739 0.177161
9.9991E-05 0.361667 0.638233
9.9991E-05 0.0293512 0.970549
9.9991E-05 0.000314158 0.999586
9.9991E-05 0.0137476 0.986152
9.99911E-05 0.0313458 0.968554
0.0111491 0.988751 9.9991E-05
9.999E-05 0.9998 9.999E-05
9.9991E-05 0.0373253 0.962575
0.167983 0.0208652 0.811152
0.729774 0.0231478 0.247078
0.9998 9.999E-05 9.999E-05
9.999E-05 9.999E-05 0.9998
0.9998 9.999E-05 9.999E-05
9.999E-05 9.999E-05 0.9998
0.53911 0.133927 0.326964
0.982369 9.9991E-05 0.0175309
9.999E-05 0.9998 9.999E-05
9.999E-05 0.9998 9.999E-05
9.999E-05 9.999E-05 0.9998
9.999E-05 0.9998 9.999E-05
9.999E-05 0.9998 9.999E-05
0.0524903 0.914341 0.0331687
0.0272737 0.956106 0.0166199
9.99911E-05 0.592299 0.407601
9.999E-05 0.9998 9.999E-05
9.9991E-05 0.821221 0.178679
9.9991E-05 0.0720708 0.927829
9.999E-05 0.9998 9.999E-05
9.9991E-05 0.0480039 0.951896
0.040166 0.137289 0.822545
0.157734 0.16619 0.676076
9.9991E-05 0.116133 0.883767
9.9991E-05 0.0760236 0.923876
0.0157993 9.9991E-05 0.984101
9.9991E-05 0.018864 0.981036
0.00547579 9.9991E-05 0.994424
0.152303 9.9991E-05 0.847597
0.0363677 0.108577 0.855055
9.9991E-05 0.145683 0.854217
0.0249313 9.99911E-05 0.974969
0.0156096 0.840992 0.143398
0.0344179 0.809149 0.156433
0.0127225 0.783132 0.204145
0.0100361 0.822839 0.167125
0.0157538 0.851426 0.13282
0.0509082 0.754444 0.194648
9.9991E-05 0.79002 0.20988
9.999E-05 9.999E-05 0.9998
9.9991E-05 0.545561 0.454339
9.999E-05 0.9998 9.999E-05
9.999E-05 9.999E-05 0.9998
9.9991E-05 0.0338687 0.966031
0.00860818 9.99911E-05 0.991292
9.999E-05 9.999E-05 0.9998
0.027097 9.9991E-05 0.972803
0.928724 9.9991E-05 0.0711764
9.999E-05 0.9998 9.999E-05
0.0441705 0.400066 0.555763
9.999E-05 0.9998 9.999E-05
9.999E-05 0.9998 9.999E-05
9.999E-05 0.9998 9.999E-05
9.999E-05 0.9998 9.999E-05
9.9991E-05 0.947117 0.0527832
9.999E-05 0.9998 9.999E-05
9.99911E-05 0.950458 0.0494416
0.0065202 0.873654 0.119826
9.999E-05 0.9998 9.999E-05
9.9991E-05 0.15049 0.84941
9.9991E-05 0.146597 0.853303
0.235471 0.104541 0.659988
0.23792 0.108131 0.653949
9.9991E-05 0.0578012 0.942099
9.9991E-05 0.0382854 0.961615
0.230541 0.126918 0.642541
0.217969 0.113847 0.668184
9.999E-05 9.999E-05 0.9998
0.031798 0.029117 0.939085
9.9991E-05 0.56709 0.43281
0.181392 0.053132 0.765476
0.156197 9.9991E-05 0.843703
0.0667501 0.93315 9.9991E-05
