9.99369E-05 9.99369E-05 9.99369E-05 0.961731 9.99369E-05 9.99369E-05 0.0375694 9.99369E-05 9.99369E-05
0.0687596 9.99819E-05 0.0196883 0.218862 0.228668 9.99819E-05 0.0054833 0.0238377 0.434502
0.0320068 0.0449253 0.0483133 9.99822E-05 0.779247 0.0776864 9.99822E-05 0.00533903 0.0122821
0.000308997 9.9955E-05 0.0411961 9.9955E-05 0.956898 9.9955E-05 0.00109719 9.9955E-05 9.9955E-05
0.017413 9.9964E-05 9.9964E-05 0.113767 0.371435 9.9964E-05 9.9964E-05 0.0542311 0.442754
9.9964E-05 0.00349487 0.0171173 9.9964E-05 0.969525 0.000490072 9.9964E-05 0.00897286 9.9964E-05
9.99368E-05 9.99368E-05 9.99368E-05 9.99368E-05 9.99368E-05 0.185144 9.99368E-05 9.99368E-05 0.814156
0.248092 9.9973E-05 0.0107572 9.9973E-05 0.334233 9.9973E-05 0.00731611 0.000121057 0.39918
9.99368E-05 9.99368E-05 9.99368E-05 9.99368E-05 9.99368E-05 0.117994 9.99368E-05 9.99368E-05 0.881306
9.99371E-05 9.99371E-05 9.99371E-05 9.99371E-05 9.99371E-05 9.99371E-05 0.878079 9.99371E-05 0.121221
9.99372E-05 9.99372E-05 9.99372E-05 9.99372E-05 9.99372E-05 9.99372E-05 0.941633 9.99372E-05 0.0576677
9.99459E-05 9.99459E-05 0.151112 0.647345 9.99459E-05 0.200944 9.99459E-05 9.99459E-05 9.99459E-05
9.993E-05 9.993E-05 9.993E-05 9.993E-05 9.993E-05 0.999201 9.993E-05 9.993E-05 9.993E-05
9.9955E-05 0.0251113 9.9955E-05 0.026803 0.92797 9.9955E-05 9.9955E-05 0.0196156 9.9955E-05
9.9946E-05 0.0038381 9.9946E-05 0.0449356 0.950627 9.9946E-05 9.9946E-05 9.9946E-05 9.9946E-05
9.9973E-05 9.9973E-05 9.9973E-05 0.0373851 0.0363175 0.324516 0.562493 0.0122021 0.0267863
9.99369E-05 9.99369E-05 9.99369E-05 9.99369E-05 9.99369E-05 9.99369E-05 0.064168 0.935132 9.99369E-05
0.0409304 0.735534 9.99639E-05 0.0315175 9.99639E-05 9.99639E-05 0.171248 9.99639E-05 0.0203707
9.9946E-05 0.912853 0.0744457 9.9946E-05 9.9946E-05 0.0121013 9.9946E-05 9.9946E-05 9.9946E-05
9.9964E-05 9.9964E-05 0.0458139 0.104242 9.9964E-05 0.0266272 0.760085 0.0628317 9.9964E-05
9.993E-05 0.999201 9.993E-05 9.993E-05 9.993E-05 9.993E-05 9.993E-05 9.993E-05 9.993E-05
9.99549E-05 9.99549E-05 9.99549E-05 0.524994 9.99549E-05 0.11497 0.346237 0.0132985 9.99549E-05
0.0238149 0.372816 0.196217 9.9964E-05 9.9964E-05 9.9964E-05 0.0937757 0.312976 9.9964E-05
9.9946E-05 0.901642 0.0412002 9.9946E-05 9.9946E-05 9.9946E-05 9.9946E-05 0.0565583 9.9946E-05
0.00458942 9.99461E-05 9.99461E-05 9.99461E-05 0.98505 9.99461E-05 9.99461E-05 0.00976101 9.99461E-05
9.993E-05 9.993E-05 9.993E-05 9.993E-05 0.999201 9.993E-05 9.993E-05 9.993E-05 9.993E-05
0.00143926 9.99729E-05 0.0249519 0.0479337 9.99729E-05 0.781109 0.0813531 0.0629134 9.99729E-05
0.0367343 9.9955E-05 9.9955E-05 9.9955E-05 0.923723 0.00864531 9.9955E-05 9.9955E-05 0.0303971
0.0915395 9.9946E-05 9.9946E-05 9.9946E-05 0.891395 0.0164656 9.9946E-05 9.9946E-05 9.9946E-05
0.175174 0.0251916 0.00281259 0.025226 0.717361 0.00638666 9.99821E-05 9.99821E-05 0.0476478
0.168699 9.9964E-05 0.00745386 9.9964E-05 0.609416 9.9964E-05 9.9964E-05 0.0570703 0.156961
0.211949 9.99551E-05 9.99551E-05 0.155838 0.0332452 9.99551E-05 9.99551E-05 9.99551E-05 0.598468
9.993E-05 9.993E-05 9.993E-05 9.993E-05 0.999201 9.993E-05 9.993E-05 9.993E-05 9.993E-05
0.770928 9.99731E-05 0.00208041 9.99731E-05 0.139202 0.0158456 9.99731E-05 0.0141025 0.0575412
0.00436509 9.99819E-05 0.0787342 0.0861634 0.0078364 0.489447 0.0196733 0.31358 9.99819E-05
9.99549E-05 9.99549E-05 0.00390235 9.99549E-05 0.964978 0.0146975 9.99549E-05 9.99549E-05 0.0159225
9.9937E-05 9.9937E-05 9.9937E-05 0.982184 0.0171168 9.9937E-05 9.9937E-05 9.9937E-05 9.9937E-05
0.0354225 0.0244267 9.9982E-05 0.114753 0.0145077 9.9982E-05 0.714039 0.00290527 0.0937462
9.99369E-05 9.99369E-05 9.99369E-05 9.99369E-05 9.99369E-05 9.99369E-05 9.99369E-05 0.998713 0.000587921
9.99549E-05 9.99549E-05 9.99549E-05 0.281252 0.0961656 9.99549E-05 0.549368 0.0727145 9.99549E-05
9.99729E-05 0.00885471 0.0202264 0.297215 0.0715869 9.99729E-05 0.56527 0.0365462 9.99729E-05
9.9946E-05 0.00270859 9.9946E-05 9.9946E-05 9.9946E-05 9.9946E-05 0.977564 0.0191281 9.9946E-05
9.995E-05 9.995E-05 9.995E-05 0.130156 9.995E-05 0.217205 0.500335 9.995E-05 0.151805
9.9946E-05 9.9946E-05 9.9946E-05 9.9946E-05 9.9946E-05 0.00746553 0.945622 0.0463129 9.9946E-05
9.9964E-05 0.117703 0.0821576 0.032083 9.9964E-05 0.177169 0.590488 9.9964E-05 9.9964E-05
9.99641E-05 0.0442932 9.99641E-05 0.108847 0.0916266 0.0448245 0.710009 9.99641E-05 9.99641E-05
0.0514204 9.9991E-05 0.000356393 0.233285 0.0684325 0.149146 0.182421 0.304591 0.0102476
9.99374E-05 0.0135694 9.99374E-05 0.985731 9.99374E-05 9.99374E-05 9.99374E-05 9.99374E-05 9.99374E-05
0.999201 9.993E-05 9.993E-05 9.993E-05 9.993E-05 9.993E-05 9.993E-05 9.993E-05 9.993E-05
0.992055 0.00724557 9.9937E-05 9.9937E-05 9.9937E-05 9.9937E-05 9.9937E-05 9.9937E-05 9.9937E-05
0.974489 9.9955E-05 0.000234751 9.9955E-05 9.9955E-05 0.000195863 0.0245805 9.9955E-05 9.9955E-05
0.999201 9.993E-05 9.993E-05 9.993E-05 9.993E-05 9.993E-05 9.993E-05 9.993E-05 9.993E-05
0.999201 9.993E-05 9.993E-05 9.993E-05 9.993E-05 9.993E-05 9.993E-05 9.993E-05 9.993E-05
0.47775 0.0396208 9.9973E-05 9.9973E-05 0.167881 0.054445 0.013074 9.9973E-05 0.246929
0.966149 9.9946E-05 9.9946E-05 0.00731883 9.9946E-05 9.9946E-05 0.025933 9.9946E-05 9.9946E-05
9.99459E-05 9.99459E-05 9.99459E-05 0.849777 9.99459E-05 0.101819 0.0478039 9.99459E-05 9.99459E-05
0.194622 9.99638E-05 0.035189 0.137359 0.0239843 9.99638E-05 9.99638E-05 9.99638E-05 0.608446
9.99459E-05 9.99459E-05 9.99459E-05 0.0082675 0.971497 9.99459E-05 9.99459E-05 0.0196362 9.99459E-05
0.0196791 9.9955E-05 0.0357227 0.0494503 9.9955E-05 0.894648 9.9955E-05 9.9955E-05 9.9955E-05
9.99641E-05 9.99641E-05 9.99641E-05 0.112224 0.0580856 0.353465 0.436511 9.99641E-05 0.0393139
9.993E-05 9.993E-05 9.993E-05 9.993E-05 9.993E-05 0.999201 9.993E-05 9.993E-05 9.993E-05
9.99459E-05 9.99459E-05 9.99459E-05 9.99459E-05 0.00359262 0.856984 0.138823 9.99459E-05 9.99459E-05
9.996E-05 9.996E-05 0.0724369 0.010234 9.996E-05 0.819797 0.0790243 0.0181079 9.996E-05
9.99372E-05 0.933286 9.99372E-05 0.0660144 9.99372E-05 9.99372E-05 9.99372E-05 9.99372E-05 9.99372E-05
9.993E-05 9.993E-05 9.993E-05 9.993E-05 0.999201 9.993E-05 9.993E-05 9.993E-05 9.993E-05
0.104825 0.0422142 0.0716308 0.0757369 0.341104 0.217931 0.135372 0.00488105 0.00630457
9.99373E-05 9.99373E-05 9.99373E-05 9.99373E-05 0.969784 0.0295163 9.99373E-05 9.99373E-05 9.99373E-05
9.9946E-05 9.9946E-05 9.9946E-05 0.019183 0.9423 9.9946E-05 9.9946E-05 0.0379172 9.9946E-05
0.0413804 9.9955E-05 9.9955E-05 9.9955E-05 0.915277 0.0223438 9.9955E-05 9.9955E-05 0.0204994
0.0399506 0.00184626 9.99551E-05 0.048431 0.909272 9.99551E-05 9.99551E-05 9.99551E-05 9.99551E-05
9.99641E-05 9.99641E-05 0.00432562 0.0196732 0.913214 9.99641E-05 0.0335021 9.99641E-05 0.0288851
9.99369E-05 9.99369E-05 9.99369E-05 9.99369E-05 0.967872 9.99369E-05 9.99369E-05 0.0314281 9.99369E-05
0.195929 9.99551E-05 9.99551E-05 9.99551E-05 0.439617 9.99551E-05 9.99551E-05 0.00247073 0.361483
0.0318036 9.99552E-05 9.99552E-05 9.99552E-05 0.362039 0.0552732 9.99552E-05 9.99552E-05 0.550385
9.9955E-05 0.00380856 9.9955E-05 0.0314433 0.939226 9.9955E-05 0.0250223 9.9955E-05 9.9955E-05
0.0086614 9.9982E-05 9.9982E-05 0.0558172 0.074972 0.0906247 0.615151 0.0142791 0.140295
0.0202745 9.9973E-05 0.0112123 9.9973E-05 0.0501404 0.114318 0.671181 9.9973E-05 0.132574
9.993E-05 9.993E-05 0.999201 9.993E-05 9.993E-05 9.993E-05 9.993E-05 9.993E-05 9.993E-05
9.9946E-05 9.9946E-05 0.994815 0.00178172 9.9946E-05 0.00280387 9.9946E-05 9.9946E-05 9.9946E-05
9.9946E-05 9.9946E-05 9.9946E-05 0.00849492 9.9946E-05 0.00746512 0.98344 9.9946E-05 9.9946E-05
9.9937E-05 9.9937E-05 9.9937E-05 9.9937E-05 9.9937E-05 0.0382512 0.961049 9.9937E-05 9.9937E-05
9.99371E-05 9.99371E-05 0.975339 9.99371E-05 9.99371E-05 9.99371E-05 9.99371E-05 9.99371E-05 0.0239611
9.993E-05 9.993E-05 0.999201 9.993E-05 9.993E-05 9.993E-05 9.993E-05 9.993E-05 9.993E-05
9.99369E-05 9.99369E-05 9.99369E-05 0.959369 9.99369E-05 0.0399318 9.99369E-05 9.99369E-05 9.99369E-05
9.996E-05 0.063065 9.996E-05 0.0738483 9.996E-05 0.239606 0.488668 9.996E-05 0.134412
0.234483 9.99548E-05 9.99548E-05 0.140707 0.0107706 9.99548E-05 9.99548E-05 9.99548E-05 0.61354
0.0434337 0.096635 0.128905 9.99821E-05 0.0100414 0.319803 0.186957 0.214024 9.99821E-05
9.99641E-05 0.0351186 0.183818 0.160819 9.99641E-05 0.325466 9.99641E-05 0.294379 9.99641E-05
0.164484 0.029052 9.99641E-05 9.99641E-05 0.554349 9.99641E-05 9.99641E-05 0.0290199 0.222695
