9.99459E-05 9.99459E-05 9.99459E-05 9.99459E-05 0.930268 0.0484329 0.0206994 9.99459E-05 9.99459E-05
0.223689 9.99639E-05 9.99639E-05 0.532964 0.153301 0.0813825 0.00826416 9.99639E-05 9.99639E-05
0.705096 0.00953061 0.0981387 0.136027 9.99732E-05 0.046392 9.99732E-05 9.99732E-05 0.00451634
0.970293 0.00517565 9.9946E-05 9.9946E-05 9.9946E-05 0.0239319 9.9946E-05 9.9946E-05 9.9946E-05
0.429092 0.0822926 9.99641E-05 0.313318 0.0149465 9.99641E-05 0.159951 9.99641E-05 9.99641E-05
0.978891 9.9955E-05 9.9955E-05 9.9955E-05 0.00876165 0.0111264 9.9955E-05 0.000721409 9.9955E-05
9.9937E-05 9.9937E-05 0.215405 0.783896 9.9937E-05 9.9937E-05 9.9937E-05 9.9937E-05 9.9937E-05
0.368626 0.206781 9.9964E-05 0.37707 9.9964E-05 0.0139492 0.0331741 9.9964E-05 9.9964E-05
9.99369E-05 9.99369E-05 0.168402 0.830898 9.99369E-05 9.99369E-05 9.99369E-05 9.99369E-05 9.99369E-05
9.99371E-05 9.99371E-05 9.99371E-05 0.0369384 9.99371E-05 9.99371E-05 0.962362 9.99371E-05 9.99371E-05
9.99371E-05 9.99371E-05 9.99371E-05 0.0279465 9.99371E-05 9.99371E-05 0.971354 9.99371E-05 9.99371E-05
0.0131347 9.9955E-05 0.176847 9.9955E-05 0.677579 0.13194 9.9955E-05 9.9955E-05 9.9955E-05
0.00768709 9.99371E-05 0.991613 9.99371E-05 9.99371E-05 9.99371E-05 9.99371E-05 9.99371E-05 9.99371E-05
0.942786 9.9946E-05 9.9946E-05 9.9946E-05 0.0383621 9.9946E-05 9.9946E-05 9.9946E-05 0.0182525
0.965238 9.9946E-05 9.9946E-05 9.9946E-05 0.0273725 9.9946E-05 9.9946E-05 9.9946E-05 0.00678966
9.9964E-05 0.0313714 0.292134 0.0147612 0.0716767 9.9964E-05 0.589657 9.9964E-05 9.9964E-05
0.015675 9.99641E-05 0.128662 9.99641E-05 9.99641E-05 0.268602 0.52205 9.99641E-05 0.0646109
9.99639E-05 0.0448821 9.99639E-05 0.0243387 0.0484271 9.99639E-05 0.173393 9.99639E-05 0.708559
9.99461E-05 9.99461E-05 9.99461E-05 9.99461E-05 9.99461E-05 0.0502795 9.99461E-05 0.0748343 0.874287
9.9955E-05 9.9955E-05 0.00128389 9.9955E-05 0.142872 0.046766 0.808578 9.9955E-05 9.9955E-05
9.9937E-05 9.9937E-05 9.9937E-05 9.9937E-05 9.9937E-05 9.9937E-05 9.9937E-05 0.102486 0.896815
9.9964E-05 9.9964E-05 0.0781262 9.9964E-05 0.548178 0.0196535 0.349649 0.00399312 9.9964E-05
0.0138271 0.00766992 9.9964E-05 9.9964E-05 9.9964E-05 0.245048 0.269645 9.9964E-05 0.46341
9.9946E-05 9.9946E-05 9.9946E-05 9.9946E-05 9.9946E-05 0.0137138 0.035554 9.9946E-05 0.950133
0.992674 9.99371E-05 9.99371E-05 0.00662634 9.99371E-05 9.99371E-05 9.99371E-05 9.99371E-05 9.99371E-05
0.999201 9.993E-05 9.993E-05 9.993E-05 9.993E-05 9.993E-05 9.993E-05 9.993E-05 9.993E-05
9.99549E-05 9.99549E-05 0.756633 9.99549E-05 0.0837476 0.0683319 0.0907873 9.99549E-05 9.99549E-05
0.911022 0.0416861 9.99459E-05 0.0466925 9.99459E-05 9.99459E-05 9.99459E-05 9.99459E-05 9.99459E-05
0.91078 0.0310827 0.00191268 0.0557246 9.9955E-05 9.9955E-05 9.9955E-05 9.9955E-05 9.9955E-05
0.68482 0.22397 0.0087665 0.0118471 9.99731E-05 0.02138 9.99731E-05 0.0489159 9.99731E-05
0.673488 0.155368 9.99551E-05 0.142492 9.99551E-05 0.0281531 9.99551E-05 9.99551E-05 9.99551E-05
0.0213806 0.116455 9.9964E-05 0.77692 0.0803729 0.00447175 9.9964E-05 9.9964E-05 9.9964E-05
0.999201 9.993E-05 9.993E-05 9.993E-05 9.993E-05 9.993E-05 9.993E-05 9.993E-05 9.993E-05
0.0772345 0.773959 9.99461E-05 0.148207 9.99461E-05 9.99461E-05 9.99461E-05 9.99461E-05 9.99461E-05
0.0504762 0.0107592 0.591869 9.998E-05 0.0362431 0.181954 0.122053 0.00644589 9.998E-05
0.989304 9.99369E-05 9.99369E-05 0.00999655 9.99369E-05 9.99369E-05 9.99369E-05 9.99369E-05 9.99369E-05
0.01342 9.99371E-05 9.99371E-05 9.99371E-05 0.98588 9.99371E-05 9.99371E-05 9.99371E-05 9.99371E-05
0.0329286 9.99639E-05 9.99639E-05 0.173079 0.0798028 9.99639E-05 0.677706 0.0360841 9.99639E-05
0.132108 9.99641E-05 0.146287 9.99641E-05 9.99641E-05 0.332149 0.342223 9.99641E-05 0.0468329
0.11934 9.99549E-05 9.99549E-05 9.99549E-05 0.239034 0.0195536 0.621572 9.99549E-05 9.99549E-05
0.065834 9.996E-05 9.996E-05 9.996E-05 0.316322 0.0392487 0.56706 0.0111347 9.996E-05
9.9946E-05 9.9946E-05 0.0129415 9.9946E-05 0.0216085 9.9946E-05 0.96485 9.9946E-05 9.9946E-05
9.995E-05 9.995E-05 0.216392 0.143411 0.113456 9.995E-05 0.526242 9.995E-05 9.995E-05
9.9964E-05 0.00196348 0.00329179 9.9964E-05 9.9964E-05 0.0256952 0.96076 0.00788959 9.9964E-05
9.9964E-05 9.9964E-05 0.178045 9.9964E-05 0.0516086 0.0955607 0.543782 9.9964E-05 0.130604
0.0742296 9.9982E-05 0.0558174 0.00567088 0.104699 0.0257807 0.649012 0.0845911 9.9982E-05
0.140735 0.0278757 0.222839 9.9982E-05 0.191452 0.113708 0.262267 0.0409224 9.9982E-05
9.99374E-05 9.99374E-05 9.99374E-05 9.99374E-05 0.986819 9.99374E-05 9.99374E-05 9.99374E-05 0.0124813
9.993E-05 0.999201 9.993E-05 9.993E-05 9.993E-05 9.993E-05 9.993E-05 9.993E-05 9.993E-05
9.9937E-05 0.994542 9.9937E-05 9.9937E-05 9.9937E-05 9.9937E-05 9.9937E-05 9.9937E-05 0.00475828
9.9946E-05 0.98699 0.00411946 9.9946E-05 9.9946E-05 9.9946E-05 0.00829109 9.9946E-05 9.9946E-05
9.993E-05 0.999201 9.993E-05 9.993E-05 9.993E-05 9.993E-05 9.993E-05 9.993E-05 9.993E-05
9.993E-05 0.999201 9.993E-05 9.993E-05 9.993E-05 9.993E-05 9.993E-05 9.993E-05 9.993E-05
0.265635 0.441482 0.00648845 0.203722 9.99731E-05 9.99731E-05 0.0300475 9.99731E-05 0.0523261
9.9964E-05 0.94842 0.0189584 0.00357305 0.0266118 0.00203686 9.9964E-05 9.9964E-05 9.9964E-05
9.99459E-05 9.99459E-05 0.0588489 9.99459E-05 0.89451 9.99459E-05 0.0460413 9.99459E-05 9.99459E-05
0.0586567 0.0951128 9.99638E-05 0.711963 0.0974703 0.0363974 9.99638E-05 9.99638E-05 9.99638E-05
0.982994 9.99369E-05 9.99369E-05 9.99369E-05 0.0163067 9.99369E-05 9.99369E-05 9.99369E-05 9.99369E-05
9.9955E-05 0.00837275 0.856763 9.9955E-05 0.0851222 0.0492421 9.9955E-05 9.9955E-05 9.9955E-05
0.0940381 9.99551E-05 0.323883 9.99551E-05 0.174546 9.99551E-05 0.407033 9.99551E-05 9.99551E-05
9.993E-05 9.993E-05 0.999201 9.993E-05 9.993E-05 9.993E-05 9.993E-05 9.993E-05 9.993E-05
9.99459E-05 9.99459E-05 0.896548 9.99459E-05 0.00447324 9.99459E-05 0.098379 9.99459E-05 9.99459E-05
9.99459E-05 9.99459E-05 0.828779 9.99459E-05 9.99459E-05 0.0609425 0.109678 9.99459E-05 9.99459E-05
9.993E-05 9.993E-05 9.993E-05 9.993E-05 9.993E-05 9.993E-05 9.993E-05 0.999201 9.993E-05
0.976032 9.99462E-05 9.99462E-05 9.99462E-05 9.99462E-05 0.00420514 0.0191633 9.99462E-05 9.99462E-05
0.285319 0.0593397 0.0542702 0.130593 0.0725591 9.9982E-05 0.355763 9.9982E-05 0.0419558
0.972898 9.99373E-05 0.0264025 9.99373E-05 9.99373E-05 9.99373E-05 9.99373E-05 9.99373E-05 9.99373E-05
0.956779 0.00393929 9.9946E-05 9.9946E-05 0.0386824 9.9946E-05 9.9946E-05 9.9946E-05 9.9946E-05
0.914428 0.017412 9.9946E-05 0.0675606 9.9946E-05 9.9946E-05 9.9946E-05 9.9946E-05 9.9946E-05
0.88338 9.9946E-05 9.9946E-05 0.113459 0.00256156 9.9946E-05 9.9946E-05 9.9946E-05 9.9946E-05
0.902334 9.99551E-05 9.99551E-05 0.0350333 0.0121671 9.99551E-05 0.0499655 9.99551E-05 9.99551E-05
0.999201 9.993E-05 9.993E-05 9.993E-05 9.993E-05 9.993E-05 9.993E-05 9.993E-05 9.993E-05
0.44974 0.187288 9.99462E-05 0.362372 9.99462E-05 9.99462E-05 9.99462E-05 9.99462E-05 9.99462E-05
0.410984 0.0406048 0.0349098 0.513002 9.99552E-05 9.99552E-05 9.99552E-05 9.99552E-05 9.99552E-05
0.930297 0.0384831 9.9973E-05 9.9973E-05 0.00549827 0.00520544 0.0122239 9.9973E-05 0.00799237
0.0680189 9.9973E-05 0.0693045 0.153063 0.0570456 0.035932 0.616336 9.9973E-05 9.9973E-05
0.0338966 0.0129596 0.10963 0.184247 0.0658316 0.00443334 0.588802 9.9982E-05 9.9982E-05
9.993E-05 9.993E-05 9.993E-05 9.993E-05 9.993E-05 0.999201 9.993E-05 9.993E-05 9.993E-05
9.993E-05 9.993E-05 9.993E-05 9.993E-05 9.993E-05 0.999201 9.993E-05 9.993E-05 9.993E-05
9.9964E-05 9.9964E-05 0.0248764 0.0439825 0.022612 9.9964E-05 0.904169 0.00396071 9.9964E-05
9.9955E-05 9.9955E-05 0.047544 0.0582651 9.9955E-05 9.9955E-05 0.888121 0.00557051 9.9955E-05
9.9937E-05 9.9937E-05 9.9937E-05 0.00429399 9.9937E-05 0.995006 9.9937E-05 9.9937E-05 9.9937E-05
9.993E-05 9.993E-05 9.993E-05 9.993E-05 9.993E-05 0.999201 9.993E-05 9.993E-05 9.993E-05
9.994E-05 0.00467918 0.0286153 9.994E-05 0.966106 9.994E-05 9.994E-05 9.994E-05 9.994E-05
9.9964E-05 9.9964E-05 0.24767 0.14335 0.0589444 9.9964E-05 0.495627 9.9964E-05 0.0540087
9.99548E-05 0.161031 9.99548E-05 0.76571 0.0699351 0.00282418 9.99548E-05 9.99548E-05 9.99548E-05
0.0663486 9.99731E-05 0.322145 9.99731E-05 0.0101965 0.228307 0.258896 9.99731E-05 0.113807
9.99551E-05 9.99551E-05 0.419711 9.99551E-05 0.180078 0.282737 9.99551E-05 9.99551E-05 0.116974
0.615377 0.152176 9.99552E-05 0.187245 9.99552E-05 9.99552E-05 9.99552E-05 9.99552E-05 0.0447027
