9.98738E-05 0.0364111 9.98738E-05 9.98738E-05 9.98738E-05 9.98738E-05 0.00450957 9.98738E-05 9.98738E-05 9.98738E-05 0.027108 9.98738E-05 9.98738E-05 9.98738E-05 9.98738E-05 0.930573 9.98738E-05 9.98738E-05
9.98828E-05 9.98828E-05 9.98828E-05 9.98828E-05 9.98828E-05 9.98828E-05 9.98828E-05 0.769112 9.98828E-05 0.11926 0.0522602 9.98828E-05 9.98828E-05 9.98828E-05 9.98828E-05 0.0524063 9.98828E-05 0.00566269
0.0302877 9.99019E-05 0.136 9.99019E-05 0.0194561 9.99019E-05 0.0944421 9.99019E-05 9.99019E-05 0.501855 9.99019E-05 9.99019E-05 0.0638602 0.152999 9.99019E-05 9.99019E-05 9.99019E-05 9.99019E-05
0.0394007 9.9883E-05 9.9883E-05 0.00359157 9.9883E-05 9.9883E-05 0.0346998 9.9883E-05 9.9883E-05 0.879443 9.9883E-05 9.9883E-05 9.9883E-05 0.0415666 9.9883E-05 9.9883E-05 9.9883E-05 9.9883E-05
0.0551522 0.0601656 0.0195188 0.00117857 9.99191E-05 0.243147 9.99191E-05 9.99191E-05 0.0325942 0.380967 0.00821615 0.198161 9.99191E-05 9.99191E-05 9.99191E-05 9.99191E-05 9.99191E-05 9.99191E-05
0.00272529 9.9874E-05 9.9874E-05 9.9874E-05 9.9874E-05 9.9874E-05 9.9874E-05 9.9874E-05 9.9874E-05 0.979725 9.9874E-05 9.9874E-05 9.9874E-05 9.9874E-05 0.00456037 9.9874E-05 0.0115914 9.9874E-05
9.98471E-05 9.98471E-05 9.98471E-05 9.98471E-05 9.98471E-05 9.98471E-05 9.98471E-05 9.98471E-05 9.98471E-05 9.98471E-05 9.98471E-05 0.998303 9.98471E-05 9.98471E-05 9.98471E-05 9.98471E-05 9.98471E-05 9.98471E-05
0.251997 0.0490444 0.400778 0.0532236 9.99099E-05 0.190497 0.00327501 9.99099E-05 9.99099E-05 0.035887 9.99099E-05 9.99099E-05 9.99099E-05 0.0142988 9.99099E-05 9.99099E-05 9.99099E-05 9.99099E-05
9.9874E-05 9.9874E-05 9.9874E-05 0.022806 9.9874E-05 9.9874E-05 9.9874E-05 0.0265265 9.9874E-05 9.9874E-05 0.00468933 0.94458 9.9874E-05 9.9874E-05 9.9874E-05 9.9874E-05 9.9874E-05 9.9874E-05
9.98561E-05 0.870427 9.98561E-05 9.98561E-05 9.98561E-05 9.98561E-05 9.98561E-05 9.98561E-05 9.98561E-05 9.98561E-05 9.98561E-05 0.127975 9.98561E-05 9.98561E-05 9.98561E-05 9.98561E-05 9.98561E-05 9.98561E-05
9.98562E-05 0.875724 9.98562E-05 9.98562E-05 9.98562E-05 9.98562E-05 9.98562E-05 9.98562E-05 9.98562E-05 9.98562E-05 9.98562E-05 0.122679 9.98562E-05 9.98562E-05 9.98562E-05 9.98562E-05 9.98562E-05 9.98562E-05
9.9901E-05 9.9901E-05 9.9901E-05 9.9901E-05 9.9901E-05 9.9901E-05 0.0988229 9.9901E-05 9.9901E-05 9.9901E-05 0.0234881 0.000153048 0.158105 0.0250109 9.9901E-05 0.650468 0.042854 9.9901E-05
0.00554731 9.98744E-05 9.98744E-05 9.98744E-05 9.98744E-05 9.98744E-05 9.98744E-05 9.98744E-05 9.98744E-05 9.98744E-05 9.98744E-05 0.0293282 0.943703 9.98744E-05 9.98744E-05 9.98744E-05 0.0200233 9.98744E-05
9.9874E-05 9.9874E-05 9.9874E-05 9.9874E-05 0.0202105 0.0156886 9.9874E-05 0.0173038 9.9874E-05 0.945399 9.9874E-05 9.9874E-05 9.9874E-05 9.9874E-05 9.9874E-05 9.9874E-05 9.9874E-05 9.9874E-05
9.9883E-05 9.9883E-05 9.9883E-05 9.9883E-05 0.0180583 9.9883E-05 9.9883E-05 0.0202577 0.0212911 0.926054 9.9883E-05 9.9883E-05 9.9883E-05 9.9883E-05 9.9883E-05 0.0130403 9.9883E-05 9.9883E-05
9.9865E-05 9.9865E-05 9.9865E-05 9.9865E-05 9.9865E-05 9.9865E-05 9.9865E-05 9.9865E-05 9.9865E-05 9.9865E-05 9.9865E-05 9.9865E-05 0.101062 9.9865E-05 9.9865E-05 9.9865E-05 0.128778 0.768662
9.9874E-05 0.0624604 9.9874E-05 9.9874E-05 9.9874E-05 9.9874E-05 9.9874E-05 9.9874E-05 0.0131471 9.9874E-05 0.915822 9.9874E-05 9.9874E-05 9.9874E-05 0.00717198 9.9874E-05 9.9874E-05 9.9874E-05
9.99008E-05 0.0855432 9.99008E-05 0.00901069 0.799575 9.99008E-05 9.99008E-05 9.99008E-05 0.0747669 9.99008E-05 0.002237 0.00264284 9.99008E-05 9.99008E-05 9.99008E-05 9.99008E-05 9.99008E-05 0.025125
9.98562E-05 9.98562E-05 9.98562E-05 9.98562E-05 9.98562E-05 9.98562E-05 9.98562E-05 9.98562E-05 9.98562E-05 9.98562E-05 9.98562E-05 9.98562E-05 9.98562E-05 0.013632 0.98477 9.98562E-05 9.98562E-05 9.98562E-05
9.98919E-05 0.440196 9.98919E-05 9.98919E-05 9.98919E-05 9.98919E-05 0.0237932 9.98919E-05 9.98919E-05 9.98919E-05 9.98919E-05 9.98919E-05 9.98919E-05 9.98919E-05 0.00531168 0.0969554 0.119031 0.313514
9.98562E-05 9.98562E-05 9.98562E-05 9.98562E-05 0.896494 9.98562E-05 9.98562E-05 9.98562E-05 9.98562E-05 9.98562E-05 9.98562E-05 9.98562E-05 9.98562E-05 9.98562E-05 0.101908 9.98562E-05 9.98562E-05 9.98562E-05
9.98919E-05 0.118185 9.98919E-05 9.98919E-05 9.98919E-05 9.98919E-05 9.98919E-05 9.98919E-05 9.98919E-05 9.98919E-05 0.0332509 9.98919E-05 0.0553953 9.98919E-05 9.98919E-05 0.470243 0.0127861 0.308941
9.9847E-05 9.9847E-05 9.9847E-05 9.9847E-05 9.9847E-05 9.9847E-05 9.9847E-05 9.9847E-05 0.998303 9.9847E-05 9.9847E-05 9.9847E-05 9.9847E-05 9.9847E-05 9.9847E-05 9.9847E-05 9.9847E-05 9.9847E-05
9.98651E-05 0.000103944 9.98651E-05 9.98651E-05 9.98651E-05 9.98651E-05 9.98651E-05 9.98651E-05 0.0854645 9.98651E-05 9.98651E-05 9.98651E-05 9.98651E-05 9.98651E-05 0.912934 9.98651E-05 9.98651E-05 9.98651E-05
9.98563E-05 9.98563E-05 9.98563E-05 9.98563E-05 9.98563E-05 9.98563E-05 9.98563E-05 9.98563E-05 9.98563E-05 0.414256 9.98563E-05 9.98563E-05 9.98563E-05 0.584146 9.98563E-05 9.98563E-05 9.98563E-05 9.98563E-05
9.98563E-05 9.98563E-05 9.98563E-05 9.98563E-05 9.98563E-05 9.98563E-05 9.98563E-05 9.98563E-05 9.98563E-05 0.85678 9.98563E-05 9.98563E-05 9.98563E-05 0.141622 9.98563E-05 9.98563E-05 9.98563E-05 9.98563E-05
0.00605874 0.0530439 9.99098E-05 9.99098E-05 9.99098E-05 0.00119558 0.010611 9.99098E-05 0.0192194 9.99098E-05 0.039235 9.99098E-05 0.804739 9.99098E-05 9.99098E-05 0.0648987 9.99098E-05 9.99098E-05
9.98562E-05 9.98562E-05 9.98562E-05 9.98562E-05 9.98562E-05 0.00640417 9.98562E-05 9.98562E-05 9.98562E-05 9.98562E-05 9.98562E-05 9.98562E-05 9.98562E-05 0.991998 9.98562E-05 9.98562E-05 9.98562E-05 9.98562E-05
9.98473E-05 9.98473E-05 9.98473E-05 9.98473E-05 9.98473E-05 9.98473E-05 9.98473E-05 9.98473E-05 9.98473E-05 9.98473E-05 9.98473E-05 9.98473E-05 9.98473E-05 0.998303 9.98473E-05 9.98473E-05 9.98473E-05 9.98473E-05
0.545094 9.99102E-05 9.99102E-05 0.0320348 0.0173121 0.010422 9.99102E-05 9.99102E-05 9.99102E-05 0.162713 9.99102E-05 9.99102E-05 9.99102E-05 0.190457 9.99102E-05 0.0341423 0.00682615 9.99102E-05
0.92253 9.98558E-05 9.98558E-05 9.98558E-05 9.98558E-05 9.98558E-05 9.98558E-05 9.98558E-05 9.98558E-05 0.0758726 9.98558E-05 9.98558E-05 9.98558E-05 9.98558E-05 9.98558E-05 9.98558E-05 9.98558E-05 9.98558E-05
9.98472E-05 9.98472E-05 9.98472E-05 9.98472E-05 9.98472E-05 9.98472E-05 9.98472E-05 0.998303 9.98472E-05 9.98472E-05 9.98472E-05 9.98472E-05 9.98472E-05 9.98472E-05 9.98472E-05 9.98472E-05 9.98472E-05 9.98472E-05
9.98653E-05 9.98653E-05 0.149526 9.98653E-05 9.98653E-05 9.98653E-05 9.98653E-05 9.98653E-05 9.98653E-05 0.616875 9.98653E-05 9.98653E-05 9.98653E-05 0.232101 9.98653E-05 9.98653E-05 9.98653E-05 9.98653E-05
0.0821306 9.98833E-05 0.171285 0.692509 9.98833E-05 0.0208371 9.98833E-05 0.0319394 9.98833E-05 9.98833E-05 9.98833E-05 9.98833E-05 9.98833E-05 9.98833E-05 9.98833E-05 9.98833E-05 9.98833E-05 9.98833E-05
0.0698365 9.98917E-05 9.98917E-05 9.98917E-05 9.98917E-05 9.98917E-05 0.156161 9.98917E-05 9.98917E-05 9.98917E-05 0.186301 9.98917E-05 0.514708 9.98917E-05 9.98917E-05 0.0368285 0.0349675 9.98917E-05
9.98738E-05 9.98738E-05 0.0410029 9.98738E-05 9.98738E-05 9.98738E-05 9.98738E-05 9.98738E-05 9.98738E-05 0.401815 9.98738E-05 9.98738E-05 9.98738E-05 0.51816 9.98738E-05 9.98738E-05 0.0376239 9.98738E-05
9.98562E-05 9.98562E-05 0.0333573 9.98562E-05 9.98562E-05 9.98562E-05 9.98562E-05 9.98562E-05 9.98562E-05 9.98562E-05 9.98562E-05 9.98562E-05 9.98562E-05 9.98562E-05 9.98562E-05 0.965045 9.98562E-05 9.98562E-05
9.98919E-05 0.580891 0.0214624 9.98919E-05 9.98919E-05 9.98919E-05 9.98919E-05 0.221526 0.0734764 9.98919E-05 0.0140964 9.98919E-05 9.98919E-05 9.98919E-05 9.98919E-05 0.087349 9.98919E-05 9.98919E-05
9.98562E-05 9.98562E-05 0.0197543 9.98562E-05 9.98562E-05 9.98562E-05 9.98562E-05 9.98562E-05 9.98562E-05 9.98562E-05 0.978648 9.98562E-05 9.98562E-05 9.98562E-05 9.98562E-05 9.98562E-05 9.98562E-05 9.98562E-05
9.99098E-05 0.329479 9.99098E-05 9.99098E-05 0.0105748 9.99098E-05 9.99098E-05 0.0130665 9.99098E-05 0.112787 0.0892796 9.99098E-05 9.99098E-05 9.99098E-05 9.99098E-05 0.189789 0.0208467 0.233178
9.99008E-05 0.310897 9.99008E-05 9.99008E-05 0.0415618 9.99008E-05 9.99008E-05 0.0536042 9.99008E-05 0.0436538 0.0923623 9.99008E-05 9.99008E-05 9.99008E-05 9.99008E-05 0.214713 9.99008E-05 0.242108
9.98829E-05 0.851212 9.98829E-05 9.98829E-05 9.98829E-05 9.98829E-05 9.98829E-05 9.98829E-05 9.98829E-05 9.98829E-05 0.00609162 9.98829E-05 9.98829E-05 9.98829E-05 0.0174841 0.0730332 9.98829E-05 0.0508804
9.98741E-05 9.98741E-05 9.98741E-05 9.98741E-05 9.98741E-05 9.98741E-05 9.98741E-05 9.98741E-05 9.98741E-05 9.98741E-05 9.98741E-05 0.0679135 0.112477 9.98741E-05 0.0176836 9.98741E-05 9.98741E-05 0.800528
9.9874E-05 0.875564 9.9874E-05 9.9874E-05 9.9874E-05 0.0101004 9.9874E-05 9.9874E-05 9.9874E-05 9.9874E-05 9.9874E-05 9.9874E-05 9.9874E-05 9.9874E-05 9.9874E-05 0.0248146 0.0881226 9.9874E-05
9.99278E-05 0.227225 9.99278E-05 9.99278E-05 9.99278E-05 0.0692963 0.0187062 0.0365236 0.191627 9.99278E-05 9.99278E-05 9.99278E-05 0.110472 9.99278E-05 0.0441302 0.0580498 0.163581 0.0795896
0.0241762 0.383643 9.99189E-05 9.99189E-05 0.0583839 0.0846805 9.99189E-05 9.99189E-05 0.0322614 0.0292993 9.99189E-05 9.99189E-05 9.99189E-05 9.99189E-05 9.99189E-05 0.105043 0.161311 0.120302
0.0638045 0.124202 9.9919E-05 0.000415326 9.9919E-05 9.9919E-05 9.9919E-05 9.9919E-05 9.9919E-05 0.0324644 0.0916152 0.0605463 0.0168567 9.9919E-05 9.9919E-05 0.272673 0.336524 9.9919E-05
9.9857E-05 9.9857E-05 9.9857E-05 9.9857E-05 0.00325954 9.9857E-05 9.9857E-05 9.9857E-05 9.9857E-05 9.9857E-05 9.9857E-05 9.9857E-05 9.9857E-05 9.9857E-05 9.9857E-05 0.995143 9.9857E-05 9.9857E-05
9.98472E-05 9.98472E-05 9.98472E-05 0.998303 9.98472E-05 9.98472E-05 9.98472E-05 9.98472E-05 9.98472E-05 9.98472E-05 9.98472E-05 9.98472E-05 9.98472E-05 9.98472E-05 9.98472E-05 9.98472E-05 9.98472E-05 9.98472E-05
9.98472E-05 9.98472E-05 9.98472E-05 0.998303 9.98472E-05 9.98472E-05 9.98472E-05 9.98472E-05 9.98472E-05 9.98472E-05 9.98472E-05 9.98472E-05 9.98472E-05 9.98472E-05 9.98472E-05 9.98472E-05 9.98472E-05 9.98472E-05
9.98563E-05 9.98563E-05 9.98563E-05 0.99671 9.98563E-05 9.98563E-05 9.98563E-05 9.98563E-05 9.98563E-05 9.98563E-05 9.98563E-05 9.98563E-05 9.98563E-05 9.98563E-05 9.98563E-05 9.98563E-05 0.00169194 9.98563E-05
9.98563E-05 9.98563E-05 9.98563E-05 0.995632 0.0027703 9.98563E-05 9.98563E-05 9.98563E-05 9.98563E-05 9.98563E-05 9.98563E-05 9.98563E-05 9.98563E-05 9.98563E-05 9.98563E-05 9.98563E-05 9.98563E-05 9.98563E-05
9.98564E-05 9.98564E-05 9.98564E-05 0.994125 9.98564E-05 9.98564E-05 0.00427735 9.98564E-05 9.98564E-05 9.98564E-05 9.98564E-05 9.98564E-05 9.98564E-05 9.98564E-05 9.98564E-05 9.98564E-05 9.98564E-05 9.98564E-05
0.499221 9.98923E-05 9.98923E-05 0.308342 9.98923E-05 9.98923E-05 9.98923E-05 9.98923E-05 0.0442766 9.98923E-05 9.98923E-05 0.0541032 9.98923E-05 9.98923E-05 9.98923E-05 0.00413112 9.98923E-05 0.0887278
9.98741E-05 9.98741E-05 9.98741E-05 0.912595 9.98741E-05 0.0774564 9.98741E-05 0.00356253 9.98741E-05 9.98741E-05 9.98741E-05 9.98741E-05 9.98741E-05 9.98741E-05 9.98741E-05 0.00498758 9.98741E-05 9.98741E-05
9.98738E-05 9.98738E-05 9.98738E-05 9.98738E-05 9.98738E-05 9.98738E-05 9.98738E-05 9.98738E-05 9.98738E-05 9.98738E-05 9.98738E-05 9.98738E-05 0.0167335 9.98738E-05 9.98738E-05 0.797631 0.0302694 0.153968
9.98561E-05 9.98561E-05 9.98561E-05 9.98561E-05 9.98561E-05 0.981449 9.98561E-05 0.0169536 9.98561E-05 9.98561E-05 9.98561E-05 9.98561E-05 9.98561E-05 9.98561E-05 9.98561E-05 9.98561E-05 9.98561E-05 9.98561E-05
9.98739E-05 9.98739E-05 9.98739E-05 9.98739E-05 9.98739E-05 9.98739E-05 9.98739E-05 0.00843581 9.98739E-05 0.578098 9.98739E-05 9.98739E-05 9.98739E-05 0.409239 9.98739E-05 9.98739E-05 0.00282876 9.98739E-05
9.98831E-05 9.98831E-05 9.98831E-05 0.0218659 9.98831E-05 9.98831E-05 0.032141 9.98831E-05 9.98831E-05 9.98831E-05 9.98831E-05 9.98831E-05 0.882565 9.98831E-05 9.98831E-05 0.0101433 9.98831E-05 0.051986
9.98653E-05 9.98653E-05 9.98653E-05 9.98653E-05 9.98653E-05 9.98653E-05 9.98653E-05 9.98653E-05 9.98653E-05 9.98653E-05 9.98653E-05 9.98653E-05 0.0336203 9.98653E-05 9.98653E-05 9.98653E-05 0.0895768 0.875305
9.98655E-05 9.98655E-05 0.0237267 9.98655E-05 9.98655E-05 9.98655E-05 9.98655E-05 9.98655E-05 9.98655E-05 9.98655E-05 9.98655E-05 9.98655E-05 0.968085 9.98655E-05 0.00669044 9.98655E-05 9.98655E-05 9.98655E-05
9.98739E-05 0.0818144 9.98739E-05 9.98739E-05 9.98739E-05 9.98739E-05 9.98739E-05 0.00572168 9.98739E-05 0.000933259 9.98739E-05 9.98739E-05 0.910132 9.98739E-05 9.98739E-05 9.98739E-05 9.98739E-05 9.98739E-05
9.98919E-05 0.0950365 9.98919E-05 9.98919E-05 9.98919E-05 9.98919E-05 0.0267733 9.98919E-05 9.98919E-05 9.98919E-05 0.00955055 9.98919E-05 0.812693 9.98919E-05 0.008361 9.98919E-05 0.0463869 9.98919E-05
9.98474E-05 9.98474E-05 9.98474E-05 9.98474E-05 0.998303 9.98474E-05 9.98474E-05 9.98474E-05 9.98474E-05 9.98474E-05 9.98474E-05 9.98474E-05 9.98474E-05 9.98474E-05 9.98474E-05 9.98474E-05 9.98474E-05 9.98474E-05
9.98566E-05 9.98566E-05 9.98566E-05 9.98566E-05 9.98566E-05 9.98566E-05 9.98566E-05 9.98566E-05 9.98566E-05 0.366805 9.98566E-05 9.98566E-05 9.98566E-05 0.631598 9.98566E-05 9.98566E-05 9.98566E-05 9.98566E-05
0.125541 0.132658 0.0530897 9.99371E-05 0.0546281 9.99371E-05 0.09685 9.99371E-05 0.00220332 9.99371E-05 9.99371E-05 0.0623989 0.00313323 0.21159 9.99371E-05 0.110107 9.99371E-05 0.147101
9.98744E-05 9.98744E-05 0.108166 0.00193664 9.98744E-05 9.98744E-05 9.98744E-05 9.98744E-05 9.98744E-05 0.85906 9.98744E-05 9.98744E-05 9.98744E-05 0.0294383 9.98744E-05 9.98744E-05 9.98744E-05 9.98744E-05
0.0322141 9.99099E-05 0.0219825 0.00626413 9.99099E-05 9.99099E-05 9.99099E-05 9.99099E-05 9.99099E-05 0.700822 0.00467864 0.000609367 9.99099E-05 0.207162 9.99099E-05 0.0252684 9.99099E-05 9.99099E-05
9.98651E-05 9.98651E-05 0.000956905 9.98651E-05 9.98651E-05 9.98651E-05 9.98651E-05 9.98651E-05 0.0115563 9.98651E-05 9.98651E-05 9.98651E-05 9.98651E-05 0.985989 9.98651E-05 9.98651E-05 9.98651E-05 9.98651E-05
9.98562E-05 9.98562E-05 9.98562E-05 9.98562E-05 9.98562E-05 9.98562E-05 9.98562E-05 0.0175528 9.98562E-05 9.98562E-05 9.98562E-05 9.98562E-05 9.98562E-05 0.98085 9.98562E-05 9.98562E-05 9.98562E-05 9.98562E-05
0.205265 0.0174156 0.0160456 9.99101E-05 9.99101E-05 0.0013978 9.99101E-05 9.99101E-05 9.99101E-05 0.657494 9.99101E-05 0.0110643 9.99101E-05 0.0675368 9.99101E-05 9.99101E-05 0.022782 9.99101E-05
9.98602E-05 9.98602E-05 9.98602E-05 9.98602E-05 9.98602E-05 9.98602E-05 9.98602E-05 9.98602E-05 9.98602E-05 0.551819 0.00530076 9.98602E-05 9.98602E-05 0.432753 9.98602E-05 9.98602E-05 0.00872953 9.98602E-05
9.9856E-05 9.9856E-05 0.963364 0.0350385 9.9856E-05 9.9856E-05 9.9856E-05 9.9856E-05 9.9856E-05 9.9856E-05 9.9856E-05 9.9856E-05 9.9856E-05 9.9856E-05 9.9856E-05 9.9856E-05 9.9856E-05 9.9856E-05
9.9865E-05 9.9865E-05 0.954946 9.9865E-05 9.9865E-05 9.9865E-05 9.9865E-05 9.9865E-05 9.9865E-05 9.9865E-05 9.9865E-05 0.042259 0.00129736 9.9865E-05 9.9865E-05 9.9865E-05 9.9865E-05 9.9865E-05
9.98831E-05 9.98831E-05 9.98831E-05 0.0322 9.98831E-05 9.98831E-05 9.98831E-05 9.98831E-05 0.00893031 0.836477 9.98831E-05 9.98831E-05 9.98831E-05 0.114864 9.98831E-05 9.98831E-05 9.98831E-05 0.00623
9.98649E-05 9.98649E-05 9.98649E-05 0.0149289 9.98649E-05 9.98649E-05 9.98649E-05 9.98649E-05 0.0172631 9.98649E-05 9.98649E-05 9.98649E-05 9.98649E-05 9.98649E-05 9.98649E-05 9.98649E-05 9.98649E-05 0.96631
9.98471E-05 9.98471E-05 9.98471E-05 9.98471E-05 9.98471E-05 9.98471E-05 9.98471E-05 9.98471E-05 9.98471E-05 9.98471E-05 9.98471E-05 9.98471E-05 9.98471E-05 9.98471E-05 9.98471E-05 9.98471E-05 9.98471E-05 0.998303
9.98473E-05 9.98473E-05 9.98473E-05 9.98473E-05 9.98473E-05 9.98473E-05 0.998303 9.98473E-05 9.98473E-05 9.98473E-05 9.98473E-05 9.98473E-05 9.98473E-05 9.98473E-05 9.98473E-05 9.98473E-05 9.98473E-05 9.98473E-05
9.98563E-05 9.98563E-05 9.98563E-05 9.98563E-05 9.98563E-05 9.98563E-05 0.993311 0.00509108 9.98563E-05 9.98563E-05 9.98563E-05 9.98563E-05 9.98563E-05 9.98563E-05 9.98563E-05 9.98563E-05 9.98563E-05 9.98563E-05
9.98919E-05 0.812595 9.98919E-05 9.98919E-05 9.98919E-05 9.98919E-05 9.98919E-05 0.085782 9.98919E-05 9.98919E-05 9.98919E-05 9.98919E-05 0.0559412 0.0127639 9.98919E-05 0.0136204 9.98919E-05 0.0180992
9.98829E-05 0.783712 9.98829E-05 9.98829E-05 0.00344478 9.98829E-05 9.98829E-05 0.0537652 9.98829E-05 9.98829E-05 9.98829E-05 9.98829E-05 0.0688022 9.98829E-05 9.98829E-05 9.98829E-05 9.98829E-05 0.0889776
9.98653E-05 9.98653E-05 9.98653E-05 9.98653E-05 9.98653E-05 0.028041 0.958639 9.98653E-05 9.98653E-05 9.98653E-05 0.0118217 9.98653E-05 9.98653E-05 9.98653E-05 9.98653E-05 9.98653E-05 9.98653E-05 9.98653E-05
9.98473E-05 9.98473E-05 9.98473E-05 9.98473E-05 9.98473E-05 9.98473E-05 0.998303 9.98473E-05 9.98473E-05 9.98473E-05 9.98473E-05 9.98473E-05 9.98473E-05 9.98473E-05 9.98473E-05 9.98473E-05 9.98473E-05 9.98473E-05
9.98739E-05 9.98739E-05 9.98739E-05 0.0101879 9.98739E-05 9.98739E-05 9.98739E-05 9.98739E-05 9.98739E-05 9.98739E-05 9.98739E-05 0.0204063 0.0154884 9.98739E-05 9.98739E-05 0.952519 9.98739E-05 9.98739E-05
9.99189E-05 0.126482 9.99189E-05 9.99189E-05 0.065501 9.99189E-05 9.99189E-05 0.0304968 9.99189E-05 9.99189E-05 9.99189E-05 0.109602 0.17073 9.99189E-05 0.0189596 0.0271138 0.0117644 0.438451
9.98472E-05 9.98472E-05 9.98472E-05 9.98472E-05 9.98472E-05 0.998303 9.98472E-05 9.98472E-05 9.98472E-05 9.98472E-05 9.98472E-05 9.98472E-05 9.98472E-05 9.98472E-05 9.98472E-05 9.98472E-05 9.98472E-05 9.98472E-05
9.9847E-05 9.9847E-05 9.9847E-05 9.9847E-05 9.9847E-05 9.9847E-05 9.9847E-05 9.9847E-05 9.9847E-05 9.9847E-05 9.9847E-05 9.9847E-05 9.9847E-05 9.9847E-05 9.9847E-05 9.9847E-05 0.998303 9.9847E-05
9.9892E-05 9.9892E-05 9.9892E-05 9.9892E-05 9.9892E-05 9.9892E-05 0.0325069 9.9892E-05 9.9892E-05 9.9892E-05 0.0537858 9.9892E-05 0.0554018 9.9892E-05 9.9892E-05 0.0543063 0.786724 0.0160766
0.998303 9.9847E-05 9.9847E-05 9.9847E-05 9.9847E-05 9.9847E-05 9.9847E-05 9.9847E-05 9.9847E-05 9.9847E-05 9.9847E-05 9.9847E-05 9.9847E-05 9.9847E-05 9.9847E-05 9.9847E-05 9.9847E-05 9.9847E-05
