9.98738E-05 9.98738E-05 9.98738E-05 9.98738E-05 9.98738E-05 9.98738E-05 9.98738E-05 0.929252 0.0184919 9.98738E-05 9.98738E-05 0.0415888 9.98738E-05 9.98738E-05 9.98738E-05 0.00926944 9.98738E-05 9.98738E-05
9.98738E-05 9.98738E-05 9.98738E-05 0.137537 9.98738E-05 9.98738E-05 9.98738E-05 9.98738E-05 9.98738E-05 9.98738E-05 9.98738E-05 9.98738E-05 9.98738E-05 0.218993 9.98738E-05 0.00288161 9.98738E-05 0.639189
9.98471E-05 9.98471E-05 0.998303 9.98471E-05 9.98471E-05 9.98471E-05 9.98471E-05 9.98471E-05 9.98471E-05 9.98471E-05 9.98471E-05 9.98471E-05 9.98471E-05 9.98471E-05 9.98471E-05 9.98471E-05 9.98471E-05 9.98471E-05
9.98831E-05 0.0348451 0.0142881 0.910508 9.98831E-05 9.98831E-05 9.98831E-05 9.98831E-05 0.0161451 9.98831E-05 9.98831E-05 9.98831E-05 9.98831E-05 9.98831E-05 0.0229151 9.98831E-05 9.98831E-05 9.98831E-05
0.204174 0.0506481 0.0477214 0.329649 9.99282E-05 9.99282E-05 0.00939818 9.99282E-05 9.99282E-05 9.99282E-05 9.99282E-05 9.99282E-05 0.0389173 0.14394 9.99282E-05 0.0296638 0.035204 0.109885
9.9883E-05 0.00959745 0.00240392 0.964389 0.00423959 9.9883E-05 0.0180712 9.9883E-05 9.9883E-05 9.9883E-05 9.9883E-05 9.9883E-05 9.9883E-05 9.9883E-05 9.9883E-05 9.9883E-05 9.9883E-05 9.9883E-05
0.998303 9.98471E-05 9.98471E-05 9.98471E-05 9.98471E-05 9.98471E-05 9.98471E-05 9.98471E-05 9.98471E-05 9.98471E-05 9.98471E-05 9.98471E-05 9.98471E-05 9.98471E-05 9.98471E-05 9.98471E-05 9.98471E-05 9.98471E-05
9.99008E-05 0.275022 0.0671734 0.00840417 9.99008E-05 9.99008E-05 9.99008E-05 9.99008E-05 9.99008E-05 9.99008E-05 9.99008E-05 0.0733724 0.0224659 9.99008E-05 9.99008E-05 9.99008E-05 0.401253 0.15121
0.961206 9.98561E-05 9.98561E-05 9.98561E-05 9.98561E-05 9.98561E-05 9.98561E-05 9.98561E-05 9.98561E-05 9.98561E-05 9.98561E-05 9.98561E-05 9.98561E-05 9.98561E-05 9.98561E-05 9.98561E-05 9.98561E-05 0.0371965
0.143173 9.98562E-05 9.98562E-05 9.98562E-05 9.98562E-05 9.98562E-05 9.98562E-05 9.98562E-05 9.98562E-05 9.98562E-05 9.98562E-05 0.85523 9.98562E-05 9.98562E-05 9.98562E-05 9.98562E-05 9.98562E-05 9.98562E-05
0.120301 9.98562E-05 9.98562E-05 9.98562E-05 9.98562E-05 9.98562E-05 9.98562E-05 9.98562E-05 9.98562E-05 9.98562E-05 9.98562E-05 0.878101 9.98562E-05 9.98562E-05 9.98562E-05 9.98562E-05 9.98562E-05 9.98562E-05
9.98921E-05 9.98921E-05 9.98921E-05 0.0277569 9.98921E-05 9.98921E-05 9.98921E-05 0.664255 0.138068 0.149778 9.98921E-05 9.98921E-05 9.98921E-05 9.98921E-05 0.00474799 9.98921E-05 0.0141951 9.98921E-05
9.98655E-05 0.0118176 9.98655E-05 9.98655E-05 9.98655E-05 9.98655E-05 9.98655E-05 9.98655E-05 9.98655E-05 0.970597 9.98655E-05 9.98655E-05 9.98655E-05 9.98655E-05 0.016087 9.98655E-05 9.98655E-05 9.98655E-05
9.98741E-05 9.98741E-05 9.98741E-05 0.966063 0.00471224 9.98741E-05 9.98741E-05 9.98741E-05 9.98741E-05 0.0101282 9.98741E-05 9.98741E-05 9.98741E-05 9.98741E-05 9.98741E-05 9.98741E-05 9.98741E-05 0.017698
9.98831E-05 9.98831E-05 9.98831E-05 0.936279 9.98831E-05 0.0107275 9.98831E-05 0.0148226 9.98831E-05 9.98831E-05 9.98831E-05 9.98831E-05 0.0358218 0.00105092 9.98831E-05 9.98831E-05 9.98831E-05 9.98831E-05
9.9874E-05 9.9874E-05 9.9874E-05 9.9874E-05 9.9874E-05 9.9874E-05 0.10701 9.9874E-05 9.9874E-05 0.0847117 0.750487 0.0563934 9.9874E-05 9.9874E-05 9.9874E-05 9.9874E-05 9.9874E-05 9.9874E-05
9.9865E-05 9.9865E-05 9.9865E-05 9.9865E-05 9.9865E-05 9.9865E-05 9.9865E-05 9.9865E-05 9.9865E-05 0.00337035 9.9865E-05 0.017874 9.9865E-05 9.9865E-05 9.9865E-05 0.977258 9.9865E-05 9.9865E-05
9.98828E-05 9.98828E-05 9.98828E-05 9.98828E-05 0.00186942 0.695354 9.98828E-05 9.98828E-05 9.98828E-05 9.98828E-05 9.98828E-05 0.105036 9.98828E-05 0.145494 9.98828E-05 9.98828E-05 9.98828E-05 0.0509483
9.98652E-05 9.98652E-05 9.98652E-05 9.98652E-05 0.136953 0.801143 9.98652E-05 9.98652E-05 0.060406 9.98652E-05 9.98652E-05 9.98652E-05 9.98652E-05 9.98652E-05 9.98652E-05 9.98652E-05 9.98652E-05 9.98652E-05
9.98918E-05 9.98918E-05 9.98918E-05 9.98918E-05 9.98918E-05 9.98918E-05 0.155691 0.0258372 0.037094 9.98918E-05 0.305346 0.447362 9.98918E-05 9.98918E-05 9.98918E-05 0.0274711 9.98918E-05 9.98918E-05
9.98472E-05 9.98472E-05 9.98472E-05 9.98472E-05 9.98472E-05 0.998303 9.98472E-05 9.98472E-05 9.98472E-05 9.98472E-05 9.98472E-05 9.98472E-05 9.98472E-05 9.98472E-05 9.98472E-05 9.98472E-05 9.98472E-05 9.98472E-05
9.99009E-05 9.99009E-05 9.99009E-05 9.99009E-05 0.00539932 9.99009E-05 9.99009E-05 0.414651 9.99009E-05 0.044288 0.207092 0.0388618 9.99009E-05 0.256473 9.99009E-05 0.0321358 9.99009E-05 9.99009E-05
9.9892E-05 0.0647153 9.9892E-05 9.9892E-05 9.9892E-05 0.423592 0.0126544 9.9892E-05 0.112827 9.9892E-05 9.9892E-05 0.168228 9.9892E-05 9.9892E-05 9.9892E-05 0.216785 9.9892E-05 9.9892E-05
9.9865E-05 9.9865E-05 9.9865E-05 9.9865E-05 9.9865E-05 0.8559 0.113585 9.9865E-05 9.9865E-05 9.9865E-05 9.9865E-05 0.0290168 9.9865E-05 9.9865E-05 9.9865E-05 9.9865E-05 9.9865E-05 9.9865E-05
9.98832E-05 9.98832E-05 0.0157373 0.457455 9.98832E-05 9.98832E-05 9.98832E-05 9.98832E-05 9.98832E-05 9.98832E-05 9.98832E-05 9.98832E-05 0.019229 9.98832E-05 0.48622 9.98832E-05 0.0200596 9.98832E-05
9.98563E-05 9.98563E-05 9.98563E-05 0.841183 9.98563E-05 9.98563E-05 9.98563E-05 9.98563E-05 9.98563E-05 9.98563E-05 9.98563E-05 9.98563E-05 9.98563E-05 9.98563E-05 0.15722 9.98563E-05 9.98563E-05 9.98563E-05
9.98828E-05 9.98828E-05 9.98828E-05 9.98828E-05 9.98828E-05 9.98828E-05 9.98828E-05 0.0695617 0.0253671 0.777526 9.98828E-05 0.0874352 9.98828E-05 9.98828E-05 9.98828E-05 0.0388116 9.98828E-05 9.98828E-05
9.98652E-05 9.98652E-05 9.98652E-05 9.98652E-05 9.98652E-05 9.98652E-05 0.00890076 9.98652E-05 9.98652E-05 9.98652E-05 9.98652E-05 9.98652E-05 0.00542873 9.98652E-05 0.984173 9.98652E-05 9.98652E-05 9.98652E-05
9.98472E-05 9.98472E-05 9.98472E-05 9.98472E-05 9.98472E-05 9.98472E-05 9.98472E-05 9.98472E-05 9.98472E-05 9.98472E-05 9.98472E-05 9.98472E-05 9.98472E-05 9.98472E-05 0.998303 9.98472E-05 9.98472E-05 9.98472E-05
9.98921E-05 0.407077 0.0402124 0.300957 0.0569056 9.98921E-05 9.98921E-05 9.98921E-05 9.98921E-05 9.98921E-05 9.98921E-05 9.98921E-05 0.133693 9.98921E-05 0.0599558 9.98921E-05 9.98921E-05 9.98921E-05
9.98649E-05 0.952691 9.98649E-05 0.0424999 9.98649E-05 9.98649E-05 0.0033107 9.98649E-05 9.98649E-05 9.98649E-05 9.98649E-05 9.98649E-05 9.98649E-05 9.98649E-05 9.98649E-05 9.98649E-05 9.98649E-05 9.98649E-05
9.98475E-05 9.98475E-05 9.98475E-05 9.98475E-05 9.98475E-05 9.98475E-05 9.98475E-05 9.98475E-05 9.98475E-05 9.98475E-05 9.98475E-05 9.98475E-05 9.98475E-05 9.98475E-05 9.98475E-05 9.98475E-05 9.98475E-05 0.998303
9.98742E-05 0.0152386 9.98742E-05 0.658284 9.98742E-05 9.98742E-05 9.98742E-05 9.98742E-05 9.98742E-05 9.98742E-05 9.98742E-05 9.98742E-05 9.98742E-05 9.98742E-05 0.134378 9.98742E-05 0.190702 9.98742E-05
9.99012E-05 0.0475291 0.0221817 9.99012E-05 9.99012E-05 9.99012E-05 9.99012E-05 9.99012E-05 0.00539907 0.013699 9.99012E-05 9.99012E-05 0.715205 9.99012E-05 9.99012E-05 9.99012E-05 0.162475 0.0324124
9.99098E-05 0.041313 9.99098E-05 9.99098E-05 9.99098E-05 9.99098E-05 0.0252742 0.017002 0.0710678 0.460859 9.99098E-05 0.0256351 9.99098E-05 0.113856 9.99098E-05 0.243994 9.99098E-05 9.99098E-05
9.98919E-05 9.98919E-05 9.98919E-05 0.445585 9.98919E-05 9.98919E-05 0.01127 9.98919E-05 0.00627785 9.98919E-05 9.98919E-05 9.98919E-05 9.98919E-05 0.0206751 0.488049 9.98919E-05 0.0269446 9.98919E-05
9.98651E-05 9.98651E-05 0.0371641 9.98651E-05 9.98651E-05 9.98651E-05 9.98651E-05 0.945987 9.98651E-05 9.98651E-05 9.98651E-05 9.98651E-05 9.98651E-05 9.98651E-05 9.98651E-05 9.98651E-05 0.0153511 9.98651E-05
9.99099E-05 9.99099E-05 0.00318014 9.99099E-05 0.0341922 9.99099E-05 9.99099E-05 0.0354478 9.99099E-05 9.99099E-05 9.99099E-05 0.563037 9.99099E-05 0.0848844 9.99099E-05 0.0321071 0.0526472 0.193505
9.9865E-05 9.9865E-05 9.9865E-05 0.017778 9.9865E-05 9.9865E-05 9.9865E-05 9.9865E-05 9.9865E-05 9.9865E-05 9.9865E-05 9.9865E-05 9.9865E-05 9.9865E-05 9.9865E-05 0.97073 0.00999373 9.9865E-05
9.9856E-05 9.9856E-05 9.9856E-05 0.00778373 9.9856E-05 9.9856E-05 9.9856E-05 9.9856E-05 9.9856E-05 9.9856E-05 9.9856E-05 9.9856E-05 9.9856E-05 0.990619 9.9856E-05 9.9856E-05 9.9856E-05 9.9856E-05
9.9856E-05 9.9856E-05 9.9856E-05 9.9856E-05 9.9856E-05 9.9856E-05 9.9856E-05 0.000546897 9.9856E-05 9.9856E-05 9.9856E-05 9.9856E-05 9.9856E-05 0.997855 9.9856E-05 9.9856E-05 9.9856E-05 9.9856E-05
9.9874E-05 9.9874E-05 9.9874E-05 9.9874E-05 9.9874E-05 9.9874E-05 0.00347561 9.9874E-05 9.9874E-05 9.9874E-05 9.9874E-05 0.928738 9.9874E-05 0.0401147 9.9874E-05 0.0262731 9.9874E-05 9.9874E-05
0.0758669 9.99011E-05 9.99011E-05 9.99011E-05 0.000639356 9.99011E-05 9.99011E-05 0.00455328 9.99011E-05 0.0328268 0.840354 0.0369156 9.99011E-05 0.0077452 9.99011E-05 9.99011E-05 9.99011E-05 9.99011E-05
9.98829E-05 0.00659277 9.98829E-05 9.98829E-05 9.98829E-05 9.98829E-05 0.0849994 0.00883907 9.98829E-05 9.98829E-05 9.98829E-05 0.894535 9.98829E-05 9.98829E-05 0.00373545 9.98829E-05 9.98829E-05 9.98829E-05
9.99099E-05 9.99099E-05 9.99099E-05 9.99099E-05 9.99099E-05 0.100184 0.230953 9.99099E-05 0.0391948 0.0853299 0.0390195 0.354834 9.99099E-05 0.102283 9.99099E-05 9.99099E-05 9.99099E-05 0.047203
9.994E-05 0.00482501 9.994E-05 0.0408113 0.0858329 9.994E-05 0.164462 0.0304015 9.994E-05 9.994E-05 0.0756726 0.328801 0.0172618 0.211635 0.00227388 9.994E-05 0.0286417 0.0087819
0.0442496 0.0768779 0.0362995 9.99278E-05 0.0189011 9.99278E-05 0.252235 0.186746 9.99278E-05 0.0298884 9.99278E-05 0.154395 0.0456711 9.99278E-05 9.99278E-05 0.153938 9.99278E-05 9.99278E-05
9.9857E-05 9.9857E-05 9.9857E-05 9.9857E-05 0.00992079 9.9857E-05 9.9857E-05 0.988481 9.9857E-05 9.9857E-05 9.9857E-05 9.9857E-05 9.9857E-05 9.9857E-05 9.9857E-05 9.9857E-05 9.9857E-05 9.9857E-05
9.98472E-05 9.98472E-05 9.98472E-05 9.98472E-05 9.98472E-05 9.98472E-05 9.98472E-05 9.98472E-05 9.98472E-05 9.98472E-05 9.98472E-05 9.98472E-05 0.998303 9.98472E-05 9.98472E-05 9.98472E-05 9.98472E-05 9.98472E-05
9.98472E-05 9.98472E-05 9.98472E-05 9.98472E-05 9.98472E-05 9.98472E-05 9.98472E-05 9.98472E-05 9.98472E-05 9.98472E-05 9.98472E-05 9.98472E-05 0.998303 9.98472E-05 9.98472E-05 9.98472E-05 9.98472E-05 9.98472E-05
9.98652E-05 9.98652E-05 9.98652E-05 9.98652E-05 9.98652E-05 9.98652E-05 9.98652E-05 9.98652E-05 9.98652E-05 9.98652E-05 9.98652E-05 9.98652E-05 0.980598 0.00258753 0.0153163 9.98652E-05 9.98652E-05 9.98652E-05
9.98563E-05 9.98563E-05 9.98563E-05 0.000372497 9.98563E-05 9.98563E-05 9.98563E-05 9.98563E-05 9.98563E-05 9.98563E-05 9.98563E-05 9.98563E-05 0.99803 9.98563E-05 9.98563E-05 9.98563E-05 9.98563E-05 9.98563E-05
9.98563E-05 0.0102191 9.98563E-05 9.98563E-05 9.98563E-05 9.98563E-05 9.98563E-05 9.98563E-05 9.98563E-05 9.98563E-05 9.98563E-05 9.98563E-05 0.988183 9.98563E-05 9.98563E-05 9.98563E-05 9.98563E-05 9.98563E-05
0.0949045 0.314116 9.99192E-05 0.0253332 9.99192E-05 0.015701 9.99192E-05 0.013529 9.99192E-05 9.99192E-05 0.0815751 9.99192E-05 0.345783 9.99192E-05 9.99192E-05 9.99192E-05 0.0769632 0.0311962
9.98652E-05 9.98652E-05 9.98652E-05 9.98652E-05 9.98652E-05 9.98652E-05 9.98652E-05 9.98652E-05 9.98652E-05 9.98652E-05 9.98652E-05 9.98652E-05 0.914713 9.98652E-05 9.98652E-05 0.00716272 9.98652E-05 0.0766262
0.0134124 9.98738E-05 9.98738E-05 9.98738E-05 9.98738E-05 9.98738E-05 0.0611871 0.779708 9.98738E-05 9.98738E-05 0.144294 9.98738E-05 9.98738E-05 9.98738E-05 9.98738E-05 9.98738E-05 9.98738E-05 9.98738E-05
0.0520779 9.99008E-05 0.0182523 9.99008E-05 9.99008E-05 9.99008E-05 9.99008E-05 0.012412 0.00337032 9.99008E-05 0.00346353 9.99008E-05 0.0260056 9.99008E-05 9.99008E-05 9.99008E-05 9.99008E-05 0.883319
9.9865E-05 9.9865E-05 9.9865E-05 0.643354 9.9865E-05 9.9865E-05 9.9865E-05 9.9865E-05 9.9865E-05 9.9865E-05 9.9865E-05 9.9865E-05 9.9865E-05 0.00864341 0.346505 9.9865E-05 9.9865E-05 9.9865E-05
9.98651E-05 9.98651E-05 9.98651E-05 9.98651E-05 9.98651E-05 9.98651E-05 9.98651E-05 9.98651E-05 0.0336588 0.803947 9.98651E-05 9.98651E-05 9.98651E-05 0.160896 9.98651E-05 9.98651E-05 9.98651E-05 9.98651E-05
9.98653E-05 9.98653E-05 9.98653E-05 9.98653E-05 9.98653E-05 9.98653E-05 0.119021 9.98653E-05 9.98653E-05 0.0506269 0.828854 9.98653E-05 9.98653E-05 9.98653E-05 9.98653E-05 9.98653E-05 9.98653E-05 9.98653E-05
9.98654E-05 9.98654E-05 0.00520085 9.98654E-05 9.98654E-05 9.98654E-05 9.98654E-05 9.98654E-05 9.98654E-05 0.970055 9.98654E-05 9.98654E-05 9.98654E-05 9.98654E-05 9.98654E-05 9.98654E-05 0.0232458 9.98654E-05
9.98649E-05 9.98649E-05 9.98649E-05 0.0134311 9.98649E-05 9.98649E-05 9.98649E-05 9.98649E-05 9.98649E-05 0.860819 9.98649E-05 0.124252 9.98649E-05 9.98649E-05 9.98649E-05 9.98649E-05 9.98649E-05 9.98649E-05
9.98828E-05 9.98828E-05 9.98828E-05 9.98828E-05 9.98828E-05 9.98828E-05 0.0188421 9.98828E-05 0.063228 0.796942 9.98828E-05 0.108772 9.98828E-05 0.0109179 9.98828E-05 9.98828E-05 9.98828E-05 9.98828E-05
9.98471E-05 9.98471E-05 9.98471E-05 9.98471E-05 0.998303 9.98471E-05 9.98471E-05 9.98471E-05 9.98471E-05 9.98471E-05 9.98471E-05 9.98471E-05 9.98471E-05 9.98471E-05 9.98471E-05 9.98471E-05 9.98471E-05 9.98471E-05
9.98746E-05 9.98746E-05 0.0198475 0.359862 9.98746E-05 9.98746E-05 9.98746E-05 9.98746E-05 0.0042771 9.98746E-05 9.98746E-05 9.98746E-05 9.98746E-05 9.98746E-05 0.614615 9.98746E-05 9.98746E-05 9.98746E-05
9.99371E-05 0.0539156 9.99371E-05 0.215588 9.99371E-05 0.0377385 9.99371E-05 0.00940861 0.0486242 0.0273493 0.132725 0.145352 0.0258824 9.99371E-05 9.99371E-05 0.116395 9.99371E-05 0.186321
9.98742E-05 9.98742E-05 0.163404 0.737291 9.98742E-05 9.98742E-05 9.98742E-05 9.98742E-05 9.98742E-05 9.98742E-05 9.98742E-05 9.98742E-05 9.98742E-05 9.98742E-05 0.0293883 9.98742E-05 0.0685188 9.98742E-05
0.0319069 0.00399939 9.9892E-05 0.799452 9.9892E-05 9.9892E-05 9.9892E-05 9.9892E-05 9.9892E-05 9.9892E-05 9.9892E-05 9.9892E-05 0.0328919 9.9892E-05 0.0871602 0.0433905 9.9892E-05 9.9892E-05
9.98652E-05 0.0157439 9.98652E-05 9.98652E-05 9.98652E-05 9.98652E-05 9.98652E-05 9.98652E-05 9.98652E-05 9.98652E-05 9.98652E-05 9.98652E-05 9.98652E-05 9.98652E-05 0.972591 9.98652E-05 0.010167 9.98652E-05
9.98653E-05 9.98653E-05 9.98653E-05 9.98653E-05 9.98653E-05 0.00203441 9.98653E-05 0.0114232 9.98653E-05 9.98653E-05 9.98653E-05 9.98653E-05 9.98653E-05 9.98653E-05 0.985044 9.98653E-05 9.98653E-05 9.98653E-05
0.0301585 0.159971 9.99012E-05 0.717414 9.99012E-05 9.99012E-05 9.99012E-05 9.99012E-05 0.00184867 9.99012E-05 9.99012E-05 9.99012E-05 9.99012E-05 0.0367332 0.0350553 9.99012E-05 9.99012E-05 0.0177198
9.9874E-05 9.9874E-05 9.9874E-05 0.625749 9.9874E-05 9.9874E-05 9.9874E-05 9.9874E-05 9.9874E-05 9.9874E-05 9.9874E-05 9.9874E-05 9.9874E-05 9.9874E-05 0.344189 0.0220557 0.00660797 9.9874E-05
9.98651E-05 9.98651E-05 9.98651E-05 9.98651E-05 9.98651E-05 9.98651E-05 9.98651E-05 9.98651E-05 9.98651E-05 9.98651E-05 9.98651E-05 9.98651E-05 0.0164332 9.98651E-05 9.98651E-05 0.000250397 0.981818 9.98651E-05
9.98561E-05 9.98561E-05 9.98561E-05 9.98561E-05 9.98561E-05 9.98561E-05 9.98561E-05 9.98561E-05 9.98561E-05 0.0275296 9.98561E-05 9.98561E-05 9.98561E-05 9.98561E-05 9.98561E-05 9.98561E-05 0.970873 9.98561E-05
9.98742E-05 9.98742E-05 0.041611 0.860323 9.98742E-05 9.98742E-05 9.98742E-05 9.98742E-05 9.98742E-05 9.98742E-05 0.0242541 9.98742E-05 9.98742E-05 9.98742E-05 0.0724136 9.98742E-05 9.98742E-05 9.98742E-05
9.9874E-05 9.9874E-05 9.9874E-05 0.00847459 9.9874E-05 9.9874E-05 9.9874E-05 9.9874E-05 0.00270299 9.9874E-05 0.973205 9.9874E-05 0.0142187 9.9874E-05 9.9874E-05 9.9874E-05 9.9874E-05 9.9874E-05
9.9856E-05 9.9856E-05 9.9856E-05 9.9856E-05 9.9856E-05 9.9856E-05 9.9856E-05 9.9856E-05 9.9856E-05 9.9856E-05 0.990323 9.9856E-05 0.00807939 9.9856E-05 9.9856E-05 9.9856E-05 9.9856E-05 9.9856E-05
9.98562E-05 9.98562E-05 9.98562E-05 9.98562E-05 9.98562E-05 9.98562E-05 0.0186667 9.98562E-05 0.979736 9.98562E-05 9.98562E-05 9.98562E-05 9.98562E-05 9.98562E-05 9.98562E-05 9.98562E-05 9.98562E-05 9.98562E-05
9.98473E-05 9.98473E-05 9.98473E-05 9.98473E-05 9.98473E-05 9.98473E-05 9.98473E-05 9.98473E-05 0.998303 9.98473E-05 9.98473E-05 9.98473E-05 9.98473E-05 9.98473E-05 9.98473E-05 9.98473E-05 9.98473E-05 9.98473E-05
9.9901E-05 9.9901E-05 9.9901E-05 9.9901E-05 9.9901E-05 9.9901E-05 9.9901E-05 9.9901E-05 9.9901E-05 0.0158276 0.0291199 0.819865 9.9901E-05 0.0874906 0.0113338 9.9901E-05 0.00225736 0.0330065
9.9892E-05 9.9892E-05 9.9892E-05 9.9892E-05 0.00344156 9.9892E-05 9.9892E-05 0.000698978 9.9892E-05 0.0592168 0.0684797 0.78779 9.9892E-05 0.079174 9.9892E-05 9.9892E-05 9.9892E-05 9.9892E-05
9.98742E-05 9.98742E-05 9.98742E-05 9.98742E-05 9.98742E-05 9.98742E-05 9.98742E-05 9.98742E-05 0.939612 9.98742E-05 0.0150552 9.98742E-05 9.98742E-05 9.98742E-05 9.98742E-05 0.0240948 9.98742E-05 0.0198401
9.98563E-05 9.98563E-05 9.98563E-05 0.00126541 9.98563E-05 9.98563E-05 9.98563E-05 9.98563E-05 0.997137 9.98563E-05 9.98563E-05 9.98563E-05 9.98563E-05 9.98563E-05 9.98563E-05 9.98563E-05 9.98563E-05 9.98563E-05
0.0218303 9.98739E-05 9.98739E-05 9.98739E-05 9.98739E-05 9.98739E-05 9.98739E-05 0.916048 9.98739E-05 0.00921409 0.0515092 9.98739E-05 9.98739E-05 9.98739E-05 9.98739E-05 9.98739E-05 9.98739E-05 9.98739E-05
0.132085 9.98829E-05 9.98829E-05 9.98829E-05 9.98829E-05 0.027564 9.98829E-05 9.98829E-05 9.98829E-05 0.137864 0.0597542 9.98829E-05 9.98829E-05 0.641434 9.98829E-05 9.98829E-05 9.98829E-05 9.98829E-05
0.0669335 9.98649E-05 9.98649E-05 9.98649E-05 9.98649E-05 9.98649E-05 9.98649E-05 9.98649E-05 9.98649E-05 9.98649E-05 9.98649E-05 9.98649E-05 0.0532318 9.98649E-05 9.98649E-05 9.98649E-05 9.98649E-05 0.878337
9.98469E-05 9.98469E-05 9.98469E-05 9.98469E-05 9.98469E-05 9.98469E-05 0.998303 9.98469E-05 9.98469E-05 9.98469E-05 9.98469E-05 9.98469E-05 9.98469E-05 9.98469E-05 9.98469E-05 9.98469E-05 9.98469E-05 9.98469E-05
9.98742E-05 9.98742E-05 9.98742E-05 9.98742E-05 9.98742E-05 9.98742E-05 0.793298 0.0855177 9.98742E-05 0.0235984 9.98742E-05 9.98742E-05 9.98742E-05 9.98742E-05 9.98742E-05 0.0961877 9.98742E-05 9.98742E-05
9.9847E-05 0.998303 9.9847E-05 9.9847E-05 9.9847E-05 9.9847E-05 9.9847E-05 9.9847E-05 9.9847E-05 9.9847E-05 9.9847E-05 9.9847E-05 9.9847E-05 9.9847E-05 9.9847E-05 9.9847E-05 9.9847E-05 9.9847E-05
