9.99549E-05 0.0287531 9.99549E-05 9.99549E-05 9.99549E-05 0.0125781 9.99549E-05 0.958169
9.99819E-05 0.033705 0.277477 0.0130641 0.439949 0.0300088 9.99819E-05 0.205596
0.00979512 9.99822E-05 0.718724 0.0175525 0.15386 0.0455536 0.0543158 9.99822E-05
9.9955E-05 0.0126585 0.9796 0.0072421 9.9955E-05 9.9955E-05 9.9955E-05 9.9955E-05
9.9982E-05 0.0854121 0.406688 0.124611 0.340762 0.00757364 9.9982E-05 0.0347533
9.9955E-05 0.0164293 0.979955 9.9955E-05 9.9955E-05 9.9955E-05 9.9955E-05 0.00311619
9.99459E-05 9.99459E-05 9.99459E-05 9.99459E-05 0.943395 9.99459E-05 0.0560048 9.99459E-05
9.9973E-05 0.0238826 0.425116 0.247604 0.298312 0.00478579 9.9973E-05 9.9973E-05
9.99459E-05 9.99459E-05 9.99459E-05 9.99459E-05 0.968176 9.99459E-05 0.0312239 9.99459E-05
9.9946E-05 0.870262 9.9946E-05 9.9946E-05 0.129138 9.9946E-05 9.9946E-05 9.9946E-05
9.99461E-05 0.901537 9.99461E-05 9.99461E-05 0.0978629 9.99461E-05 9.99461E-05 9.99461E-05
9.9964E-05 9.9964E-05 0.00842526 9.9964E-05 9.9964E-05 0.117838 0.181437 0.6919
9.994E-05 9.994E-05 9.994E-05 9.994E-05 9.994E-05 9.994E-05 0.9993 9.994E-05
0.0167134 0.00451208 0.924274 9.9973E-05 9.9973E-05 0.0185581 9.9973E-05 0.035642
0.00159253 0.0191348 0.932307 9.9973E-05 9.9973E-05 0.00320661 9.9973E-05 0.0434587
9.99639E-05 0.315006 9.99639E-05 9.99639E-05 0.181646 9.99639E-05 0.326868 0.176079
0.0865033 0.457632 0.0106108 9.99731E-05 9.99731E-05 0.26269 0.182265 9.99731E-05
0.708896 0.194844 9.99729E-05 0.00640061 0.0347447 9.99729E-05 9.99729E-05 0.054815
0.916565 9.9946E-05 9.9946E-05 9.9946E-05 9.9946E-05 0.0828355 9.9946E-05 9.9946E-05
9.9964E-05 0.69311 9.9964E-05 9.9964E-05 9.9964E-05 0.0534538 0.0583355 0.194701
0.9993 9.994E-05 9.994E-05 9.994E-05 9.994E-05 9.994E-05 9.994E-05 9.994E-05
9.9964E-05 0.27473 9.9964E-05 9.9964E-05 9.9964E-05 0.0230308 0.0888449 0.612995
0.416512 0.265639 0.0247853 9.9964E-05 9.9964E-05 0.292664 9.9964E-05 9.9964E-05
0.899686 0.0382861 9.9955E-05 9.9955E-05 9.9955E-05 0.0615276 9.9955E-05 9.9955E-05
9.99461E-05 9.99461E-05 0.996341 0.00305956 9.99461E-05 9.99461E-05 9.99461E-05 9.99461E-05
9.994E-05 9.994E-05 0.9993 9.994E-05 9.994E-05 9.994E-05 9.994E-05 9.994E-05
9.99639E-05 0.105431 9.99639E-05 9.99639E-05 9.99639E-05 0.0476505 0.758957 0.0875617
9.9964E-05 9.9964E-05 0.92886 0.0486906 0.0146508 9.9964E-05 0.00739834 9.9964E-05
9.9964E-05 9.9964E-05 0.923221 0.0480513 0.0198981 9.9964E-05 0.00842934 9.9964E-05
0.0339196 9.99731E-05 0.68575 0.231574 0.00121322 0.0472436 9.99731E-05 9.99731E-05
0.00522435 9.99731E-05 0.7075 0.190587 0.0525399 0.0438487 9.99731E-05 9.99731E-05
9.99641E-05 9.99641E-05 0.0976805 0.258603 0.492679 9.99641E-05 9.99641E-05 0.150637
9.994E-05 9.994E-05 0.9993 9.994E-05 9.994E-05 9.994E-05 9.994E-05 9.994E-05
9.99642E-05 9.99642E-05 0.0999873 0.804163 0.09146 9.99642E-05 0.00398985 9.99642E-05
9.99729E-05 0.110607 0.0590534 9.99729E-05 9.99729E-05 0.156415 0.615342 0.0582826
9.99639E-05 9.99639E-05 0.972927 9.99639E-05 0.00934129 9.99639E-05 0.0120971 0.0052344
9.99461E-05 9.99461E-05 0.0165469 9.99461E-05 9.99461E-05 9.99461E-05 9.99461E-05 0.982853
0.0139093 0.701051 0.0272506 0.00295394 0.151584 9.9982E-05 9.9982E-05 0.103051
0.058824 0.281432 0.162007 9.9982E-05 9.9982E-05 0.323026 0.152058 0.0224532
9.99549E-05 0.55745 0.106984 9.99549E-05 9.99549E-05 9.99549E-05 9.99549E-05 0.335066
0.00830391 0.55737 0.0473942 9.99729E-05 9.99729E-05 0.0262276 9.99729E-05 0.360404
9.994E-05 0.9993 9.994E-05 9.994E-05 9.994E-05 9.994E-05 9.994E-05 9.994E-05
0.00369094 0.297983 9.99729E-05 9.99729E-05 0.285581 9.99729E-05 0.180913 0.231532
9.9955E-05 0.946546 9.9955E-05 9.9955E-05 9.9955E-05 0.00738591 0.0455684 9.9955E-05
0.0987147 0.516629 9.9982E-05 0.00651059 9.9982E-05 0.108619 0.209528 0.0597989
0.0344138 0.657357 0.0789297 0.0140557 9.9991E-05 0.0307686 0.055284 0.129092
9.9982E-05 0.334054 0.119356 0.0342041 9.9982E-05 0.0754551 0.219399 0.217332
0.0141607 9.99463E-05 9.99463E-05 9.99463E-05 9.99463E-05 9.99463E-05 9.99463E-05 0.98524
9.994E-05 9.994E-05 9.994E-05 0.9993 9.994E-05 9.994E-05 9.994E-05 9.994E-05
9.994E-05 9.994E-05 9.994E-05 0.9993 9.994E-05 9.994E-05 9.994E-05 9.994E-05
9.994E-05 9.994E-05 9.994E-05 0.9993 9.994E-05 9.994E-05 9.994E-05 9.994E-05
9.994E-05 9.994E-05 9.994E-05 0.9993 9.994E-05 9.994E-05 9.994E-05 9.994E-05
9.994E-05 9.994E-05 9.994E-05 0.9993 9.994E-05 9.994E-05 9.994E-05 9.994E-05
0.0321851 9.99731E-05 0.242782 0.482927 0.210792 9.99731E-05 0.0310141 9.99731E-05
9.9946E-05 9.9946E-05 9.9946E-05 0.968595 9.9946E-05 9.9946E-05 9.9946E-05 0.0308055
9.99549E-05 0.0213043 9.99549E-05 9.99549E-05 9.99549E-05 9.99549E-05 0.0792391 0.898957
9.99729E-05 9.99729E-05 0.0804273 0.225826 0.564029 0.0302379 9.99729E-05 0.0991796
9.99459E-05 9.99459E-05 0.994648 9.99459E-05 9.99459E-05 9.99459E-05 9.99459E-05 0.00475224
9.9964E-05 9.9964E-05 9.9964E-05 0.0320906 9.9964E-05 0.0239915 0.861252 0.0822661
9.9982E-05 0.195025 0.0298659 9.9982E-05 0.181448 0.00955839 0.326691 0.257211
9.99461E-05 9.99461E-05 9.99461E-05 9.99461E-05 0.0269358 9.99461E-05 0.972465 9.99461E-05
9.99459E-05 0.097534 9.99459E-05 9.99459E-05 9.99459E-05 9.99459E-05 0.901866 9.99459E-05
9.99549E-05 0.0726708 9.99549E-05 9.99549E-05 9.99549E-05 0.0554019 0.871428 9.99549E-05
0.872611 9.99551E-05 9.99551E-05 0.0395969 9.99551E-05 9.99551E-05 9.99551E-05 0.0872922
9.99462E-05 9.99462E-05 0.977893 9.99462E-05 0.0215072 9.99462E-05 9.99462E-05 9.99462E-05
0.00849758 0.172066 0.32842 0.0732055 0.0579846 0.130548 0.0459225 0.183357
9.99552E-05 9.99552E-05 0.96706 0.0147727 9.99552E-05 9.99552E-05 0.0176672 9.99552E-05
9.9955E-05 9.9955E-05 0.947899 0.00497766 9.9955E-05 9.9955E-05 9.9955E-05 0.046624
9.9955E-05 9.9955E-05 0.930373 0.0188386 0.0502891 9.9955E-05 9.9955E-05 9.9955E-05
0.00820752 9.9964E-05 0.952279 0.00315316 0.0359603 9.9964E-05 9.9964E-05 9.9964E-05
9.99551E-05 0.0510445 0.920359 9.99551E-05 9.99551E-05 9.99551E-05 9.99551E-05 0.0280967
9.9946E-05 9.9946E-05 0.998722 9.9946E-05 9.9946E-05 9.9946E-05 0.000678806 9.9946E-05
9.99551E-05 9.99551E-05 0.450508 0.24106 0.307931 9.99551E-05 9.99551E-05 9.99551E-05
9.99642E-05 9.99642E-05 0.47713 0.0595352 0.451386 9.99642E-05 0.0115485 9.99642E-05
9.9955E-05 9.9955E-05 0.947486 0.034077 9.9955E-05 9.9955E-05 9.9955E-05 0.0179374
9.99819E-05 0.365422 0.0267987 9.99819E-05 0.330544 0.0949826 0.0442949 0.137758
9.99819E-05 0.348425 9.99819E-05 0.00508408 0.356302 0.0627798 0.073996 0.153214
9.994E-05 9.994E-05 9.994E-05 9.994E-05 9.994E-05 0.9993 9.994E-05 9.994E-05
9.994E-05 9.994E-05 9.994E-05 9.994E-05 9.994E-05 0.9993 9.994E-05 9.994E-05
9.9973E-05 0.909976 0.0375737 9.9973E-05 0.0366667 9.9973E-05 0.00335232 0.0121314
9.9955E-05 0.900936 9.9955E-05 9.9955E-05 0.0622961 9.9955E-05 0.0362678 9.9955E-05
9.9946E-05 9.9946E-05 9.9946E-05 9.9946E-05 0.0203599 0.97904 9.9946E-05 9.9946E-05
9.994E-05 9.994E-05 9.994E-05 9.994E-05 9.994E-05 0.9993 9.994E-05 9.994E-05
9.99549E-05 9.99549E-05 9.99549E-05 0.0257397 9.99549E-05 9.99549E-05 0.024347 0.949413
0.0621108 0.396274 9.99729E-05 9.99729E-05 0.163883 9.99729E-05 0.19607 0.181362
9.99729E-05 9.99729E-05 0.0959172 0.255874 0.551221 0.00303365 9.99729E-05 0.0936543
0.107352 0.272086 0.0642153 9.99731E-05 9.99731E-05 0.21076 0.345288 9.99731E-05
0.0708415 9.99641E-05 9.99641E-05 9.99641E-05 9.99641E-05 0.273787 0.410147 0.244824
0.0562855 9.99641E-05 0.627022 0.205957 0.110335 9.99641E-05 9.99641E-05 9.99641E-05
