9.99279E-05 0.926973 9.99279E-05 0.0139562 9.99279E-05 9.99279E-05 9.99279E-05 0.0582714 9.99279E-05 9.99279E-05 9.99279E-05
0.109342 0.05875 0.0619589 9.99369E-05 9.99369E-05 9.99369E-05 9.99369E-05 9.99369E-05 9.99369E-05 9.99369E-05 0.76925
0.739634 9.99464E-05 9.99464E-05 0.0578366 0.0215623 9.99464E-05 9.99464E-05 9.99464E-05 0.0182428 0.162124 9.99464E-05
0.955627 9.9937E-05 0.00855714 0.0312734 9.9937E-05 9.9937E-05 9.9937E-05 0.00384296 9.9937E-05 9.9937E-05 9.9937E-05
0.391291 0.0266185 0.0617214 9.9964E-05 0.0273912 9.9964E-05 9.9964E-05 0.0709744 9.9964E-05 0.306453 0.115151
0.954791 9.9928E-05 0.039118 9.9928E-05 9.9928E-05 9.9928E-05 9.9928E-05 0.00529107 9.9928E-05 9.9928E-05 9.9928E-05
9.99278E-05 9.99278E-05 9.99278E-05 9.99278E-05 9.99278E-05 0.0398577 0.0189157 9.99278E-05 9.99278E-05 0.940427 9.99278E-05
0.360469 9.9955E-05 9.9955E-05 0.0141722 0.243144 9.9955E-05 9.9955E-05 0.0618759 9.9955E-05 0.233363 0.0864772
9.99368E-05 9.99368E-05 9.99368E-05 9.99368E-05 9.99368E-05 0.0657453 9.99368E-05 0.0426379 9.99368E-05 0.846648 0.0442689
9.9919E-05 9.9919E-05 9.9919E-05 9.9919E-05 9.9919E-05 9.9919E-05 9.9919E-05 0.875199 9.9919E-05 0.123902 9.9919E-05
9.9919E-05 9.9919E-05 9.9919E-05 9.9919E-05 9.9919E-05 9.9919E-05 9.9919E-05 0.859073 9.9919E-05 0.140027 9.9919E-05
0.0410346 0.668041 9.9946E-05 0.090782 9.9946E-05 9.9946E-05 0.17385 9.9946E-05 9.9946E-05 0.0256929 9.9946E-05
9.99191E-05 9.99191E-05 9.99191E-05 9.99191E-05 9.99191E-05 9.99191E-05 0.941883 9.99191E-05 9.99191E-05 0.057218 9.99191E-05
0.931541 0.00895174 0.0081986 9.9955E-05 9.9955E-05 9.9955E-05 0.0078845 9.9955E-05 0.0127871 9.9955E-05 0.0301373
0.935128 0.0518705 9.9946E-05 0.0013565 0.00425998 9.9946E-05 9.9946E-05 0.00678567 9.9946E-05 9.9946E-05 9.9946E-05
9.9937E-05 9.9937E-05 0.0223335 9.9937E-05 9.9937E-05 0.828576 0.124242 0.0241491 9.9937E-05 9.9937E-05 9.9937E-05
9.99278E-05 9.99278E-05 0.908229 9.99278E-05 9.99278E-05 0.0291323 9.99278E-05 0.0618388 9.99278E-05 9.99278E-05 9.99278E-05
9.99549E-05 0.0202739 9.99549E-05 9.99549E-05 0.057905 0.0781621 9.99549E-05 0.091619 0.701331 9.99549E-05 0.050209
9.9919E-05 9.9919E-05 9.9919E-05 0.0752573 9.9919E-05 9.9919E-05 9.9919E-05 9.9919E-05 0.923843 9.9919E-05 9.9919E-05
9.994E-05 0.0940024 0.0600091 0.0528492 9.994E-05 0.285039 9.994E-05 0.507501 9.994E-05 9.994E-05 9.994E-05
9.99102E-05 9.99102E-05 9.99102E-05 9.99102E-05 9.99102E-05 9.99102E-05 9.99102E-05 9.99102E-05 0.999001 9.99102E-05 9.99102E-05
9.99459E-05 0.516976 0.0430841 9.99459E-05 9.99459E-05 0.305115 0.0598303 0.0743942 9.99459E-05 9.99459E-05 9.99459E-05
9.9937E-05 9.9937E-05 0.337327 0.150902 9.9937E-05 9.9937E-05 9.9937E-05 0.184432 0.32664 9.9937E-05 9.9937E-05
9.99369E-05 9.99369E-05 0.0613322 0.0481122 9.99369E-05 9.99369E-05 9.99369E-05 0.0125201 0.877336 9.99369E-05 9.99369E-05
0.949613 9.99282E-05 9.99282E-05 9.99282E-05 0.026794 9.99282E-05 9.99282E-05 9.99282E-05 9.99282E-05 0.0227932 9.99282E-05
0.999001 9.99102E-05 9.99102E-05 9.99102E-05 9.99102E-05 9.99102E-05 9.99102E-05 9.99102E-05 9.99102E-05 9.99102E-05 9.99102E-05
9.99459E-05 0.0916487 0.0261188 0.0142441 9.99459E-05 9.99459E-05 0.769203 0.0981852 9.99459E-05 9.99459E-05 9.99459E-05
0.876799 9.9937E-05 9.9937E-05 9.9937E-05 0.0731694 0.0311119 9.9937E-05 9.9937E-05 9.9937E-05 9.9937E-05 0.0182197
0.86939 9.9928E-05 9.9928E-05 9.9928E-05 0.100475 0.029336 9.9928E-05 9.9928E-05 9.9928E-05 9.9928E-05 9.9928E-05
0.635205 0.00892258 9.99551E-05 9.99551E-05 0.255688 9.99551E-05 0.0156404 9.99551E-05 0.0285277 0.0555162 9.99551E-05
0.654353 9.9964E-05 0.039673 0.0331767 0.13781 9.9964E-05 9.9964E-05 0.0286616 9.9964E-05 0.0945239 0.0114014
9.99103E-05 9.99103E-05 9.99103E-05 9.99103E-05 9.99103E-05 9.99103E-05 9.99103E-05 9.99103E-05 9.99103E-05 9.99103E-05 0.999001
0.9692 9.99372E-05 0.0110922 9.99372E-05 9.99372E-05 0.0137893 9.99372E-05 9.99372E-05 9.99372E-05 0.00521933 9.99372E-05
0.0615529 9.99372E-05 9.99372E-05 0.00947276 0.833839 9.99372E-05 9.99372E-05 9.99372E-05 9.99372E-05 0.0944361 9.99372E-05
0.037245 0.0184404 0.259028 0.0910688 9.99548E-05 9.99548E-05 0.532397 0.0613208 9.99548E-05 9.99548E-05 9.99548E-05
0.921546 9.99459E-05 0.0327399 9.99459E-05 9.99459E-05 0.015253 0.0161963 9.99459E-05 9.99459E-05 0.0136654 9.99459E-05
0.00952656 0.981021 0.0086528 9.99281E-05 9.99281E-05 9.99281E-05 9.99281E-05 9.99281E-05 9.99281E-05 9.99281E-05 9.99281E-05
0.00283107 0.0999997 0.0019142 9.9946E-05 9.9946E-05 9.9946E-05 9.9946E-05 0.687815 9.9946E-05 9.9946E-05 0.20684
9.99101E-05 9.99101E-05 0.999001 9.99101E-05 9.99101E-05 9.99101E-05 9.99101E-05 9.99101E-05 9.99101E-05 9.99101E-05 9.99101E-05
0.0712545 0.215234 0.139007 9.99459E-05 9.99459E-05 0.236157 9.99459E-05 0.337748 9.99459E-05 9.99459E-05 9.99459E-05
0.0428743 0.274518 0.0727859 0.00717668 9.99639E-05 0.224788 9.99639E-05 0.359287 9.99639E-05 9.99639E-05 0.0181709
9.9928E-05 0.0523005 0.0158824 9.9928E-05 9.9928E-05 9.9928E-05 9.9928E-05 0.931018 9.9928E-05 9.9928E-05 9.9928E-05
9.9928E-05 9.9928E-05 9.9928E-05 9.9928E-05 9.9928E-05 0.892888 0.0864537 9.9928E-05 9.9928E-05 0.0198586 9.9928E-05
9.9946E-05 9.9946E-05 0.00509825 0.00499138 0.00469534 9.9946E-05 0.0530075 0.931608 9.9946E-05 9.9946E-05 9.9946E-05
9.997E-05 0.0217553 0.0171776 0.0818911 9.997E-05 0.0778002 0.155492 0.497526 0.0969183 9.997E-05 0.0511393
0.0611961 0.116712 0.0214874 9.99641E-05 9.99641E-05 0.183867 0.0143723 0.558206 0.0437594 9.99641E-05 9.99641E-05
0.0555464 0.189142 0.257203 9.9964E-05 0.0450965 9.9964E-05 0.158123 0.27361 9.9964E-05 0.0208798 9.9964E-05
9.99195E-05 0.988644 9.99195E-05 9.99195E-05 9.99195E-05 9.99195E-05 9.99195E-05 9.99195E-05 0.0104567 9.99195E-05 9.99195E-05
9.99101E-05 9.99101E-05 9.99101E-05 9.99101E-05 0.999001 9.99101E-05 9.99101E-05 9.99101E-05 9.99101E-05 9.99101E-05 9.99101E-05
9.9919E-05 0.00337723 9.9919E-05 9.9919E-05 0.995724 9.9919E-05 9.9919E-05 9.9919E-05 9.9919E-05 9.9919E-05 9.9919E-05
9.99191E-05 9.99191E-05 9.99191E-05 9.99191E-05 0.979187 0.019914 9.99191E-05 9.99191E-05 9.99191E-05 9.99191E-05 9.99191E-05
9.99191E-05 9.99191E-05 9.99191E-05 9.99191E-05 0.992371 9.99191E-05 9.99191E-05 9.99191E-05 0.00673019 9.99191E-05 9.99191E-05
9.99101E-05 9.99101E-05 9.99101E-05 9.99101E-05 0.999001 9.99101E-05 9.99101E-05 9.99101E-05 9.99101E-05 9.99101E-05 9.99101E-05
0.208308 9.99641E-05 0.0242054 9.99641E-05 0.424715 9.99641E-05 0.0451054 9.99641E-05 0.0140569 0.167512 0.115697
9.9928E-05 9.9928E-05 9.9928E-05 9.9928E-05 0.948493 9.9928E-05 0.00542779 9.9928E-05 9.9928E-05 9.9928E-05 0.0452793
9.99279E-05 0.799855 9.99279E-05 9.99279E-05 9.99279E-05 0.187832 0.0115134 9.99279E-05 9.99279E-05 9.99279E-05 9.99279E-05
9.99369E-05 9.99369E-05 9.99369E-05 9.99369E-05 0.0288941 9.99369E-05 0.0108199 9.99369E-05 9.99369E-05 0.0149992 0.944587
0.9785 0.00229557 0.0184055 9.99279E-05 9.99279E-05 9.99279E-05 9.99279E-05 9.99279E-05 9.99279E-05 9.99279E-05 9.99279E-05
9.9946E-05 0.0150488 9.9946E-05 0.0352459 0.00573416 0.0960981 0.847273 9.9946E-05 9.9946E-05 9.9946E-05 9.9946E-05
9.99193E-05 9.99193E-05 9.99193E-05 9.99193E-05 9.99193E-05 0.908099 0.091002 9.99193E-05 9.99193E-05 9.99193E-05 9.99193E-05
9.99191E-05 9.99191E-05 9.99191E-05 9.99191E-05 9.99191E-05 9.99191E-05 0.860477 9.99191E-05 9.99191E-05 0.138624 9.99191E-05
9.99279E-05 0.00272369 9.99279E-05 9.99279E-05 9.99279E-05 9.99279E-05 0.89687 0.0996065 9.99279E-05 9.99279E-05 9.99279E-05
9.99201E-05 9.99201E-05 9.99201E-05 0.0345181 9.99201E-05 9.99201E-05 0.842691 0.121992 9.99201E-05 9.99201E-05 9.99201E-05
9.99282E-05 0.0737357 9.99282E-05 9.99282E-05 0.0252846 9.99282E-05 9.99282E-05 9.99282E-05 0.90018 9.99282E-05 9.99282E-05
0.999001 9.99103E-05 9.99103E-05 9.99103E-05 9.99103E-05 9.99103E-05 9.99103E-05 9.99103E-05 9.99103E-05 9.99103E-05 9.99103E-05
0.265292 0.0377356 0.185978 9.998E-05 0.0681859 0.126884 9.998E-05 0.100655 0.028493 0.0850595 0.101517
0.93078 9.99373E-05 9.99373E-05 9.99373E-05 0.00463601 0.0519962 0.0118886 9.99373E-05 9.99373E-05 9.99373E-05 9.99373E-05
0.913641 9.9928E-05 0.042191 9.9928E-05 9.9928E-05 9.9928E-05 9.9928E-05 9.9928E-05 9.9928E-05 0.0433689 9.9928E-05
0.846062 9.99279E-05 9.99279E-05 9.99279E-05 0.06581 0.0873289 9.99279E-05 9.99279E-05 9.99279E-05 9.99279E-05 9.99279E-05
0.89825 9.9946E-05 9.9946E-05 9.9946E-05 0.0321132 0.0669959 9.9946E-05 9.9946E-05 0.000730447 9.9946E-05 0.00131086
0.896477 0.0239858 9.99372E-05 9.99372E-05 9.99372E-05 9.99372E-05 9.99372E-05 0.0768504 9.99372E-05 9.99372E-05 0.00198683
0.942552 9.99279E-05 0.0559537 9.99279E-05 9.99279E-05 0.000695208 9.99279E-05 9.99279E-05 9.99279E-05 9.99279E-05 9.99279E-05
0.397233 9.99371E-05 0.0153481 9.99371E-05 0.237029 9.99371E-05 9.99371E-05 9.99371E-05 9.99371E-05 0.34969 9.99371E-05
0.40904 9.99281E-05 9.99281E-05 9.99281E-05 0.069777 9.99281E-05 9.99281E-05 9.99281E-05 9.99281E-05 0.520384 9.99281E-05
0.932232 9.99461E-05 9.99461E-05 0.00119051 0.0130992 0.00260681 9.99461E-05 0.0502716 9.99461E-05 9.99461E-05 9.99461E-05
0.00745435 9.99369E-05 9.99369E-05 0.00206104 9.99369E-05 0.978104 9.99369E-05 9.99369E-05 9.99369E-05 9.99369E-05 0.0116814
9.9919E-05 9.9919E-05 9.9919E-05 9.9919E-05 0.00122225 0.997878 9.9919E-05 9.9919E-05 9.9919E-05 9.9919E-05 9.9919E-05
9.9919E-05 0.0367266 9.9919E-05 0.962374 9.9919E-05 9.9919E-05 9.9919E-05 9.9919E-05 9.9919E-05 9.9919E-05 9.9919E-05
9.99102E-05 9.99102E-05 9.99102E-05 0.999001 9.99102E-05 9.99102E-05 9.99102E-05 9.99102E-05 9.99102E-05 9.99102E-05 9.99102E-05
9.99369E-05 0.0191671 9.99369E-05 9.99369E-05 9.99369E-05 0.0831842 9.99369E-05 0.815369 9.99369E-05 9.99369E-05 0.0815803
9.99369E-05 9.99369E-05 9.99369E-05 9.99369E-05 9.99369E-05 0.0979846 0.0541397 0.804758 9.99369E-05 9.99369E-05 0.0424183
9.99371E-05 9.99371E-05 0.017251 0.956049 0.0139392 9.99371E-05 9.99371E-05 9.99371E-05 9.99371E-05 0.0120612 9.99371E-05
9.99101E-05 9.99101E-05 9.99101E-05 0.999001 9.99101E-05 9.99101E-05 9.99101E-05 9.99101E-05 9.99101E-05 9.99101E-05 9.99101E-05
9.99279E-05 0.912436 9.99279E-05 9.99279E-05 9.99279E-05 9.99279E-05 0.0651604 9.99279E-05 9.99279E-05 9.99279E-05 0.0216039
9.99549E-05 0.0121853 9.99549E-05 9.99549E-05 9.99549E-05 0.484965 0.131819 0.189755 0.0737127 0.107063 9.99549E-05
9.9928E-05 9.9928E-05 9.9928E-05 9.9928E-05 0.0408082 9.9928E-05 9.9928E-05 9.9928E-05 9.9928E-05 0.0393825 0.91901
0.0149223 9.99552E-05 0.418778 0.0209094 9.99552E-05 9.99552E-05 0.257214 0.234359 0.0533173 9.99552E-05 9.99552E-05
9.99551E-05 0.109109 0.570236 0.071672 9.99551E-05 0.000819032 0.242774 9.99551E-05 0.0048901 9.99551E-05 9.99551E-05
0.585679 9.99552E-05 9.99552E-05 0.0626673 0.179749 9.99552E-05 9.99552E-05 9.99552E-05 0.0230409 0.142799 0.0055644
