9.99189E-05 9.99189E-05 9.99189E-05 0.0725003 9.99189E-05 9.99189E-05 0.9266 9.99189E-05 9.99189E-05 9.99189E-05 9.99189E-05
9.99459E-05 9.99459E-05 9.99459E-05 9.99459E-05 0.143326 9.99459E-05 0.045339 0.69854 0.00995669 9.99459E-05 0.102239
9.99464E-05 0.337387 9.99464E-05 9.99464E-05 0.559502 0.0340867 9.99464E-05 9.99464E-05 0.0668015 0.00162342 9.99464E-05
9.9937E-05 9.9937E-05 9.9937E-05 0.00212938 0.961415 9.9937E-05 9.9937E-05 9.9937E-05 0.0268945 9.9937E-05 0.00886127
9.99551E-05 0.112897 0.0439766 0.154649 0.362667 9.99551E-05 9.99551E-05 0.279037 9.99551E-05 9.99551E-05 0.046273
9.99191E-05 9.99191E-05 9.99191E-05 9.99191E-05 0.954032 9.99191E-05 9.99191E-05 9.99191E-05 9.99191E-05 9.99191E-05 0.0450683
0.0540337 0.0408998 9.99371E-05 9.99371E-05 9.99371E-05 0.294136 9.99371E-05 0.610231 9.99371E-05 9.99371E-05 9.99371E-05
9.99549E-05 0.62078 0.0853477 0.115865 0.0881307 9.99549E-05 9.99549E-05 0.0832041 0.00617309 9.99549E-05 9.99549E-05
0.127448 0.0310781 9.99371E-05 9.99371E-05 9.99371E-05 0.150912 9.99371E-05 0.689862 9.99371E-05 9.99371E-05 9.99371E-05
9.99102E-05 9.99102E-05 9.99102E-05 0.999001 9.99102E-05 9.99102E-05 9.99102E-05 9.99102E-05 9.99102E-05 9.99102E-05 9.99102E-05
9.99102E-05 9.99102E-05 9.99102E-05 0.999001 9.99102E-05 9.99102E-05 9.99102E-05 9.99102E-05 9.99102E-05 9.99102E-05 9.99102E-05
9.9937E-05 9.9937E-05 9.9937E-05 9.9937E-05 0.0466991 0.173457 0.642392 9.9937E-05 0.136753 9.9937E-05 9.9937E-05
9.99191E-05 0.0262295 9.99191E-05 9.99191E-05 9.99191E-05 0.972871 9.99191E-05 9.99191E-05 9.99191E-05 9.99191E-05 9.99191E-05
9.99371E-05 9.99371E-05 9.99371E-05 9.99371E-05 0.938371 9.99371E-05 0.0125624 9.99371E-05 9.99371E-05 0.0268718 0.021495
9.9946E-05 9.9946E-05 9.9946E-05 9.9946E-05 0.963369 9.9946E-05 0.0293329 9.9946E-05 0.00114492 0.00464863 0.000905265
0.808159 9.9946E-05 0.0107091 9.9946E-05 9.9946E-05 0.154657 0.0232184 9.9946E-05 9.9946E-05 9.9946E-05 0.00265694
9.99189E-05 9.99189E-05 9.99189E-05 0.0351739 9.99189E-05 9.99189E-05 9.99189E-05 9.99189E-05 9.99189E-05 9.99189E-05 0.963927
0.101578 9.99639E-05 0.0442327 0.0663186 9.99639E-05 9.99639E-05 0.0193879 0.0353824 9.99639E-05 0.725822 0.00687837
9.9928E-05 9.9928E-05 9.9928E-05 9.9928E-05 9.9928E-05 0.0114543 9.9928E-05 9.9928E-05 0.0737081 0.914038 9.9928E-05
0.305792 9.99459E-05 9.99459E-05 0.468354 9.99459E-05 9.99459E-05 0.115327 9.99459E-05 0.0505868 9.99459E-05 0.0593402
9.99101E-05 9.99101E-05 9.99101E-05 9.99101E-05 9.99101E-05 9.99101E-05 9.99101E-05 9.99101E-05 9.99101E-05 0.999001 9.99101E-05
0.334334 9.99549E-05 9.99549E-05 0.0307865 9.99549E-05 0.0367497 0.475223 9.99549E-05 0.00758881 9.99549E-05 0.114818
9.9937E-05 9.9937E-05 9.9937E-05 0.156496 9.9937E-05 9.9937E-05 9.9937E-05 9.9937E-05 0.161434 0.370668 0.310702
9.99279E-05 9.99279E-05 9.99279E-05 0.0248869 9.99279E-05 9.99279E-05 9.99279E-05 9.99279E-05 0.0751941 0.89912 9.99279E-05
9.9912E-05 9.9912E-05 9.9912E-05 9.9912E-05 0.999001 9.9912E-05 9.9912E-05 9.9912E-05 9.9912E-05 9.9912E-05 9.9912E-05
9.99102E-05 9.99102E-05 9.99102E-05 9.99102E-05 0.999001 9.99102E-05 9.99102E-05 9.99102E-05 9.99102E-05 9.99102E-05 9.99102E-05
9.99458E-05 9.99458E-05 9.99458E-05 0.0715292 9.99458E-05 0.765732 0.0907492 9.99458E-05 0.0392937 9.99458E-05 0.0320965
9.99371E-05 0.0193628 0.053249 9.99371E-05 0.918896 0.00779284 9.99371E-05 9.99371E-05 9.99371E-05 9.99371E-05 9.99371E-05
9.9946E-05 0.044431 0.0668868 9.9946E-05 0.873884 0.00774849 9.9946E-05 0.00645048 9.9946E-05 9.9946E-05 9.9946E-05
9.9973E-05 0.198637 0.127087 9.9973E-05 0.546032 0.0347904 9.9973E-05 0.0235313 0.00551346 0.0172437 0.0468643
9.9955E-05 0.413313 0.114378 0.0182104 0.41623 9.9955E-05 9.9955E-05 9.9955E-05 0.0106516 9.9955E-05 0.026717
9.99192E-05 9.99192E-05 0.0185768 9.99192E-05 9.99192E-05 9.99192E-05 9.99192E-05 0.980524 9.99192E-05 9.99192E-05 9.99192E-05
9.99191E-05 0.16536 9.99191E-05 9.99191E-05 0.833741 9.99191E-05 9.99191E-05 9.99191E-05 9.99191E-05 9.99191E-05 9.99191E-05
9.99371E-05 0.253391 0.700484 9.99371E-05 9.99371E-05 9.99371E-05 9.99371E-05 0.0422732 0.00315244 9.99371E-05 9.99371E-05
9.99548E-05 0.0554242 9.99548E-05 0.0433823 9.99548E-05 0.468358 0.0231969 9.99548E-05 0.0740593 9.99548E-05 0.335079
0.0224598 0.0262438 9.99459E-05 9.99459E-05 0.92716 9.99459E-05 9.99459E-05 0.00774187 9.99459E-05 9.99459E-05 0.0157946
9.9928E-05 0.0360655 9.9928E-05 9.9928E-05 9.9928E-05 9.9928E-05 0.961985 9.9928E-05 9.9928E-05 9.9928E-05 0.00114963
9.99549E-05 9.99549E-05 0.0042032 0.629314 0.020633 9.99549E-05 0.0825186 0.204148 9.99549E-05 9.99549E-05 0.0586832
9.99101E-05 9.99101E-05 9.99101E-05 9.99101E-05 9.99101E-05 9.99101E-05 9.99101E-05 9.99101E-05 9.99101E-05 9.99101E-05 0.999001
0.360421 9.99459E-05 9.99459E-05 0.166393 0.055527 9.99459E-05 0.188162 9.99459E-05 9.99459E-05 9.99459E-05 0.228896
0.345848 9.99549E-05 9.99549E-05 0.224369 0.0048103 9.99549E-05 0.244348 0.00972845 9.99549E-05 9.99549E-05 0.170396
0.01437 9.99369E-05 9.99369E-05 0.920968 9.99369E-05 9.99369E-05 0.0430843 9.99369E-05 9.99369E-05 9.99369E-05 0.0208779
0.923882 9.9928E-05 9.9928E-05 9.9928E-05 9.9928E-05 0.0737157 9.9928E-05 0.00160302 9.9928E-05 9.9928E-05 9.9928E-05
9.9937E-05 9.9937E-05 9.9937E-05 0.949857 9.9937E-05 0.0231833 0.0204392 9.9937E-05 0.00582118 9.9937E-05 9.9937E-05
0.0588779 9.9982E-05 0.00197571 0.361507 9.9982E-05 0.177751 0.0631863 0.049377 0.139535 0.132197 0.0153936
0.229198 0.00557868 9.9964E-05 0.502566 0.0874783 9.9964E-05 0.097766 9.9964E-05 0.0407585 0.0362556 9.9964E-05
9.995E-05 9.995E-05 0.0485311 0.261183 0.103322 0.201381 0.168434 9.995E-05 9.995E-05 9.995E-05 0.216649
9.99195E-05 9.99195E-05 9.99195E-05 9.99195E-05 9.99195E-05 9.99195E-05 0.990398 9.99195E-05 9.99195E-05 0.00870305 9.99195E-05
9.99101E-05 9.99101E-05 0.999001 9.99101E-05 9.99101E-05 9.99101E-05 9.99101E-05 9.99101E-05 9.99101E-05 9.99101E-05 9.99101E-05
9.99101E-05 9.99101E-05 0.999001 9.99101E-05 9.99101E-05 9.99101E-05 9.99101E-05 9.99101E-05 9.99101E-05 9.99101E-05 9.99101E-05
0.00735283 9.99191E-05 0.991748 9.99191E-05 9.99191E-05 9.99191E-05 9.99191E-05 9.99191E-05 9.99191E-05 9.99191E-05 9.99191E-05
9.99371E-05 9.99371E-05 0.992331 9.99371E-05 9.99371E-05 9.99371E-05 0.00139805 9.99371E-05 0.00191701 0.00365402 9.99371E-05
9.99101E-05 9.99101E-05 0.999001 9.99101E-05 9.99101E-05 9.99101E-05 9.99101E-05 9.99101E-05 9.99101E-05 9.99101E-05 9.99101E-05
0.0346876 0.264893 0.475901 0.0664601 0.0840763 9.99641E-05 9.99641E-05 0.0540587 9.99641E-05 0.0195232 9.99641E-05
0.0168214 9.99371E-05 0.932778 9.99371E-05 9.99371E-05 9.99371E-05 9.99371E-05 0.0452592 9.99371E-05 9.99371E-05 0.00444228
0.136987 9.99279E-05 9.99279E-05 9.99279E-05 9.99279E-05 0.0247935 0.83742 9.99279E-05 9.99279E-05 9.99279E-05 9.99279E-05
9.99278E-05 9.99278E-05 0.0687488 9.99278E-05 9.99278E-05 9.99278E-05 0.00839568 0.922056 9.99278E-05 9.99278E-05 9.99278E-05
9.9919E-05 9.9919E-05 9.9919E-05 9.9919E-05 0.987758 9.9919E-05 9.9919E-05 9.9919E-05 9.9919E-05 9.9919E-05 0.0113427
0.124577 9.9946E-05 0.0141962 9.9946E-05 9.9946E-05 0.80378 0.03594 9.9946E-05 0.0209073 9.9946E-05 9.9946E-05
0.914069 0.0143435 9.99282E-05 9.99282E-05 9.99282E-05 0.0707879 9.99282E-05 9.99282E-05 9.99282E-05 9.99282E-05 9.99282E-05
9.99192E-05 0.017971 9.99192E-05 9.99192E-05 9.99192E-05 0.98113 9.99192E-05 9.99192E-05 9.99192E-05 9.99192E-05 9.99192E-05
9.99279E-05 9.99279E-05 9.99279E-05 0.1033 9.99279E-05 0.865858 0.0300428 9.99279E-05 9.99279E-05 9.99279E-05 9.99279E-05
9.99278E-05 9.99278E-05 9.99278E-05 0.0960589 9.99278E-05 0.823505 9.99278E-05 9.99278E-05 0.0796364 9.99278E-05 9.99278E-05
9.99231E-05 9.99231E-05 9.99231E-05 9.99231E-05 9.99231E-05 9.99231E-05 0.0934549 9.99231E-05 9.99231E-05 0.905646 9.99231E-05
9.99104E-05 9.99104E-05 9.99104E-05 9.99104E-05 0.999001 9.99104E-05 9.99104E-05 9.99104E-05 9.99104E-05 9.99104E-05 9.99104E-05
0.173769 0.0541598 0.0763798 0.103796 0.243491 0.0402578 9.9982E-05 0.114151 0.00979962 9.9982E-05 0.183996
0.0132595 0.098025 9.99283E-05 9.99283E-05 0.887916 9.99283E-05 9.99283E-05 9.99283E-05 9.99283E-05 9.99283E-05 9.99283E-05
9.9937E-05 9.9937E-05 0.031552 9.9937E-05 0.934074 9.9937E-05 0.00156102 9.9937E-05 9.9937E-05 9.9937E-05 0.0321135
0.0315238 0.0504016 0.0371302 9.9946E-05 0.870085 9.9946E-05 9.9946E-05 0.0102599 9.9946E-05 9.9946E-05 9.9946E-05
0.0174509 0.0174489 0.0305486 9.9955E-05 0.907657 9.9955E-05 9.9955E-05 0.0140987 9.9955E-05 0.0122966 9.9955E-05
9.99551E-05 0.0580213 9.99551E-05 0.0522529 0.835187 9.99551E-05 9.99551E-05 0.0390802 0.00314115 9.99551E-05 0.0118171
9.9928E-05 9.9928E-05 0.00363474 9.9928E-05 0.979074 9.9928E-05 9.9928E-05 9.9928E-05 9.9928E-05 9.9928E-05 0.0164919
9.99101E-05 0.999001 9.99101E-05 9.99101E-05 9.99101E-05 9.99101E-05 9.99101E-05 9.99101E-05 9.99101E-05 9.99101E-05 9.99101E-05
9.99189E-05 0.947653 9.99189E-05 9.99189E-05 9.99189E-05 0.0514476 9.99189E-05 9.99189E-05 9.99189E-05 9.99189E-05 9.99189E-05
0.00703067 9.99371E-05 0.0405513 9.99371E-05 0.944787 9.99371E-05 9.99371E-05 9.99371E-05 0.00693182 9.99371E-05 9.99371E-05
0.974145 0.00032247 0.0247327 9.9928E-05 9.9928E-05 9.9928E-05 9.9928E-05 9.9928E-05 9.9928E-05 9.9928E-05 9.9928E-05
0.991762 9.9919E-05 0.0073387 9.9919E-05 9.9919E-05 9.9919E-05 9.9919E-05 9.9919E-05 9.9919E-05 9.9919E-05 9.9919E-05
9.99101E-05 9.99101E-05 9.99101E-05 9.99101E-05 9.99101E-05 9.99101E-05 9.99101E-05 9.99101E-05 0.999001 9.99101E-05 9.99101E-05
9.99101E-05 9.99101E-05 9.99101E-05 9.99101E-05 9.99101E-05 9.99101E-05 9.99101E-05 9.99101E-05 0.999001 9.99101E-05 9.99101E-05
0.186716 9.99549E-05 9.99549E-05 0.740182 0.0194642 0.0117624 0.00349702 0.0378781 9.99549E-05 9.99549E-05 9.99549E-05
0.230562 9.99369E-05 9.99369E-05 0.696362 9.99369E-05 0.0506347 9.99369E-05 0.0217413 9.99369E-05 9.99369E-05 9.99369E-05
9.99191E-05 9.99191E-05 9.99191E-05 9.99191E-05 9.99191E-05 9.99191E-05 9.99191E-05 0.02614 0.972961 9.99191E-05 9.99191E-05
9.99191E-05 9.99191E-05 9.99191E-05 9.99191E-05 9.99191E-05 9.99191E-05 0.0034692 9.99191E-05 0.995632 9.99191E-05 9.99191E-05
9.99189E-05 9.99189E-05 9.99189E-05 9.99189E-05 9.99189E-05 0.0418351 0.957266 9.99189E-05 9.99189E-05 9.99189E-05 9.99189E-05
0.60039 9.995E-05 9.995E-05 0.0793049 9.995E-05 0.109091 9.995E-05 0.0959108 9.995E-05 0.0778455 0.0369576
9.99279E-05 9.99279E-05 0.0592554 9.99279E-05 9.99279E-05 9.99279E-05 9.99279E-05 0.930874 0.00907089 9.99279E-05 9.99279E-05
9.99552E-05 9.99552E-05 9.99552E-05 0.232408 0.0122043 0.258827 9.99552E-05 9.99552E-05 0.15022 0.0878962 0.257945
9.99462E-05 9.99462E-05 9.99462E-05 9.99462E-05 9.99462E-05 0.327643 0.0883125 9.99462E-05 0.158629 0.0209832 0.403833
9.9955E-05 0.441179 0.0601301 9.9955E-05 0.386248 9.9955E-05 9.9955E-05 0.0383896 0.0130074 0.0605459 9.9955E-05
