0.944383 0.0554169 9.9982E-05 9.9982E-05
0.438357 0.00537128 9.9991E-05 0.556172
9.999E-05 0.0990733 0.0322496 0.868577
9.9982E-05 0.0238296 9.9982E-05 0.97597
0.329752 9.99821E-05 9.99821E-05 0.670048
9.9982E-05 0.0129574 9.9982E-05 0.986843
0.709153 9.99821E-05 9.99821E-05 0.290647
0.168194 0.00379968 9.9991E-05 0.827906
0.658403 9.99821E-05 9.99821E-05 0.341397
0.851244 0.124146 9.9991E-05 0.0245103
0.847523 0.152277 9.9982E-05 9.9982E-05
0.747665 0.19305 9.9991E-05 0.0591847
0.875985 0.0724851 9.99911E-05 0.0514297
9.999E-05 0.0268767 0.000990865 0.972032
9.9982E-05 9.9982E-05 0.00946203 0.990338
0.926105 0.0323561 9.9991E-05 0.0414391
0.476501 0.442849 0.0805502 9.9991E-05
0.231225 9.9991E-05 0.722841 0.0458347
9.9982E-05 0.098031 0.901769 9.9982E-05
0.840851 0.158949 9.9982E-05 9.9982E-05
9.998E-05 9.998E-05 0.9997 9.998E-05
0.936453 0.0633475 9.9982E-05 9.9982E-05
0.123346 0.388369 0.447901 0.0403838
9.9982E-05 0.0815208 0.918279 9.9982E-05
9.9982E-05 0.00942585 9.9982E-05 0.990374
9.998E-05 9.998E-05 9.998E-05 0.9997
0.855637 0.144163 9.9982E-05 9.9982E-05
9.998E-05 9.998E-05 9.998E-05 0.9997
9.998E-05 9.998E-05 9.998E-05 0.9997
9.9991E-05 0.0252646 0.0430668 0.931569
9.9991E-05 0.0695051 0.00575766 0.924637
0.431436 9.9991E-05 0.0125029 0.555961
9.998E-05 9.998E-05 9.998E-05 0.9997
0.192136 9.9982E-05 9.9982E-05 0.807664
0.651921 0.277004 9.9991E-05 0.070975
9.9982E-05 0.00563128 9.9982E-05 0.994169
0.892834 0.0671855 9.9991E-05 0.0398801
0.795449 0.0214444 0.0322768 0.15083
0.36329 0.449761 0.0307394 0.15621
0.789109 0.0998087 0.0130533 0.0980285
0.811725 0.0918299 0.0236089 0.0728361
0.863824 0.0983267 0.0377493 9.9991E-05
0.99634 9.9982E-05 9.9982E-05 0.00345979
0.818237 0.145778 0.00557999 0.0304043
0.702705 0.187787 0.109408 9.9991E-05
0.760969 0.0989929 0.0387761 0.101262
0.68066 0.171298 9.9991E-05 0.147942
0.952824 9.99822E-05 0.0469758 9.99822E-05
0.185222 9.9991E-05 0.0410248 0.773653
0.141689 9.9991E-05 0.0635877 0.794624
0.167226 9.9991E-05 0.0536901 0.778984
0.138539 9.9991E-05 0.0502152 0.811146
0.127109 9.9991E-05 0.0358581 0.836933
0.23732 9.9991E-05 0.0385741 0.724006
0.200828 9.9991E-05 0.0145959 0.784476
0.9997 9.998E-05 9.998E-05 9.998E-05
0.465183 9.9982E-05 9.9982E-05 0.534617
9.998E-05 9.998E-05 9.998E-05 0.9997
0.907054 0.0927464 9.99821E-05 9.99821E-05
0.907193 0.042482 9.9991E-05 0.0502246
0.983586 9.99822E-05 0.0162142 9.99822E-05
0.938059 0.0617414 9.9982E-05 9.9982E-05
0.851678 0.13834 0.00988191 9.9991E-05
0.0425452 9.9991E-05 0.936202 0.021153
9.998E-05 9.998E-05 9.998E-05 0.9997
0.389054 0.19655 0.040065 0.374331
9.998E-05 9.998E-05 9.998E-05 0.9997
9.9982E-05 0.00809289 9.9982E-05 0.991707
9.998E-05 9.998E-05 9.998E-05 0.9997
9.998E-05 9.998E-05 9.998E-05 0.9997
9.9982E-05 0.0076721 9.9982E-05 0.992128
9.9982E-05 0.00699081 9.9982E-05 0.992809
0.0546601 9.99821E-05 9.99821E-05 0.94514
0.114284 9.99911E-05 0.0310087 0.854607
9.998E-05 9.998E-05 9.998E-05 0.9997
0.788007 0.060196 9.9991E-05 0.151697
0.839532 0.0336896 9.9991E-05 0.126678
9.998E-05 0.9997 9.998E-05 9.998E-05
9.998E-05 0.9997 9.998E-05 9.998E-05
0.869157 0.0930406 0.00311716 0.0346851
0.926913 0.0493406 0.0129718 0.0107749
9.998E-05 0.9997 9.998E-05 9.998E-05
9.998E-05 0.9997 9.998E-05 9.998E-05
0.9997 9.998E-05 9.998E-05 9.998E-05
0.891686 9.9991E-05 0.0626585 0.0455554
0.450702 9.9982E-05 9.9982E-05 0.549098
0.49298 0.341078 0.107759 0.0581828
0.562135 0.367736 0.0700296 9.9991E-05
9.9991E-05 0.0113917 0.0757667 0.912742
