0.966433 9.98801E-05 9.98801E-05 9.98801E-05 9.98801E-05 9.98801E-05 9.98801E-05 9.98801E-05 9.98801E-05 9.98801E-05 0.00523611 9.98801E-05 0.0271323 9.98801E-05 9.98801E-05
0.0391338 9.99099E-05 0.132431 9.99099E-05 9.99099E-05 0.0169681 9.99099E-05 9.99099E-05 9.99099E-05 9.99099E-05 0.0951515 9.99099E-05 9.99099E-05 9.99099E-05 0.715317
9.98739E-05 9.98739E-05 9.98739E-05 9.98739E-05 9.98739E-05 9.98739E-05 0.998602 9.98739E-05 9.98739E-05 9.98739E-05 9.98739E-05 9.98739E-05 9.98739E-05 9.98739E-05 9.98739E-05
9.99011E-05 9.99011E-05 0.955377 9.99011E-05 0.0216718 9.99011E-05 0.00870365 9.99011E-05 9.99011E-05 9.99011E-05 9.99011E-05 9.99011E-05 0.0131489 9.99011E-05 9.99011E-05
0.0457713 0.0596894 0.366238 9.99551E-05 9.99551E-05 9.99551E-05 0.00840738 0.0129697 0.0786658 9.99551E-05 0.0303941 9.99551E-05 0.0895476 0.231957 0.0758594
9.9919E-05 9.9919E-05 0.920886 9.9919E-05 9.9919E-05 9.9919E-05 0.00290767 0.0380476 0.0237632 9.9919E-05 0.00109045 0.0124054 9.9919E-05 9.9919E-05 9.9919E-05
9.98741E-05 9.98741E-05 9.98741E-05 9.98741E-05 9.98741E-05 9.98741E-05 9.98741E-05 9.98741E-05 9.98741E-05 9.98741E-05 9.98741E-05 9.98741E-05 9.98741E-05 0.998602 9.98741E-05
9.99369E-05 0.0793482 0.111224 9.99369E-05 0.000863547 9.99369E-05 0.00938694 9.99369E-05 0.567894 9.99369E-05 9.99369E-05 9.99369E-05 0.0970576 0.0237146 0.109812
0.00589235 9.991E-05 9.991E-05 9.991E-05 9.991E-05 0.00698389 9.991E-05 9.991E-05 9.991E-05 9.991E-05 0.0112226 9.991E-05 9.991E-05 0.952171 0.0227312
9.98702E-05 9.98702E-05 9.98702E-05 9.98702E-05 9.98702E-05 9.98702E-05 9.98702E-05 9.98702E-05 9.98702E-05 9.98702E-05 9.98702E-05 9.98702E-05 0.878009 0.120692 9.98702E-05
9.98702E-05 9.98702E-05 9.98702E-05 9.98702E-05 9.98702E-05 9.98702E-05 9.98702E-05 9.98702E-05 9.98702E-05 9.98702E-05 9.98702E-05 9.98702E-05 0.913196 0.0855057 9.98702E-05
0.658698 9.991E-05 0.0149609 9.991E-05 0.114889 9.991E-05 9.991E-05 0.0475994 9.991E-05 0.162853 9.991E-05 9.991E-05 9.991E-05 9.991E-05 9.991E-05
9.99013E-05 9.99013E-05 9.99013E-05 9.99013E-05 9.99013E-05 9.99013E-05 9.99013E-05 0.0332756 0.0235577 0.922042 9.99013E-05 9.99013E-05 9.99013E-05 0.020026 9.99013E-05
9.99281E-05 9.99281E-05 0.903321 9.99281E-05 0.000575625 9.99281E-05 0.00695456 0.0293073 9.99281E-05 9.99281E-05 0.0243796 0.0126291 9.99281E-05 9.99281E-05 0.0220334
0.0243162 9.99011E-05 0.942389 0.00902781 9.99011E-05 9.99011E-05 9.99011E-05 9.99011E-05 9.99011E-05 9.99011E-05 9.99011E-05 9.99011E-05 0.0231684 9.99011E-05 9.99011E-05
9.9901E-05 9.9901E-05 9.9901E-05 9.9901E-05 9.9901E-05 0.785199 9.9901E-05 0.110745 9.9901E-05 0.0765138 9.9901E-05 9.9901E-05 0.0264436 9.9901E-05 9.9901E-05
9.98829E-05 9.98829E-05 9.98829E-05 9.98829E-05 9.98829E-05 9.98829E-05 9.98829E-05 9.98829E-05 9.98829E-05 9.98829E-05 0.921162 9.98829E-05 0.0775394 9.98829E-05 9.98829E-05
9.99189E-05 0.0548361 9.99189E-05 0.737184 9.99189E-05 0.0691806 0.00172572 9.99189E-05 9.99189E-05 9.99189E-05 9.99189E-05 9.99189E-05 0.105155 9.99189E-05 0.0310197
9.99011E-05 9.99011E-05 9.99011E-05 0.781295 0.052352 9.99011E-05 9.99011E-05 0.00505595 9.99011E-05 9.99011E-05 9.99011E-05 0.160198 9.99011E-05 9.99011E-05 9.99011E-05
0.0651551 9.99099E-05 9.99099E-05 9.99099E-05 0.0132583 0.344085 9.99099E-05 0.158753 9.99099E-05 9.99099E-05 9.99099E-05 9.99099E-05 0.417749 9.99099E-05 9.99099E-05
9.98832E-05 9.98832E-05 9.98832E-05 0.894066 9.98832E-05 9.98832E-05 9.98832E-05 9.98832E-05 9.98832E-05 9.98832E-05 9.98832E-05 0.104635 9.98832E-05 9.98832E-05 9.98832E-05
0.524879 9.99369E-05 9.99369E-05 9.99369E-05 0.00799027 0.27528 9.99369E-05 0.027208 9.99369E-05 0.00510606 0.0492671 0.0096063 0.0999637 9.99369E-05 9.99369E-05
9.9919E-05 0.0122776 9.9919E-05 0.448655 0.141914 9.9919E-05 9.9919E-05 9.9919E-05 9.9919E-05 9.9919E-05 0.213364 9.9919E-05 0.152104 9.9919E-05 0.0307866
9.98919E-05 9.98919E-05 9.98919E-05 0.955223 9.98919E-05 9.98919E-05 9.98919E-05 0.0308561 9.98919E-05 9.98919E-05 9.98919E-05 9.98919E-05 0.0127227 9.98919E-05 9.98919E-05
9.98833E-05 9.98833E-05 0.948625 9.98833E-05 9.98833E-05 9.98833E-05 0.0500765 9.98833E-05 9.98833E-05 9.98833E-05 9.98833E-05 9.98833E-05 9.98833E-05 9.98833E-05 9.98833E-05
9.98744E-05 9.98744E-05 0.998602 9.98744E-05 9.98744E-05 9.98744E-05 9.98744E-05 9.98744E-05 9.98744E-05 9.98744E-05 9.98744E-05 9.98744E-05 9.98744E-05 9.98744E-05 9.98744E-05
0.0670173 9.99098E-05 9.99098E-05 9.99098E-05 0.053569 9.99098E-05 9.99098E-05 9.99098E-05 9.99098E-05 0.770226 0.0348859 9.99098E-05 0.0733032 9.99098E-05 9.99098E-05
9.98921E-05 0.0572812 0.908146 9.98921E-05 9.98921E-05 9.98921E-05 9.98921E-05 9.98921E-05 9.98921E-05 0.033374 9.98921E-05 9.98921E-05 9.98921E-05 9.98921E-05 9.98921E-05
9.99101E-05 0.0387954 0.908147 9.99101E-05 9.99101E-05 0.020037 0.0124019 9.99101E-05 9.99101E-05 9.99101E-05 9.99101E-05 9.99101E-05 9.99101E-05 0.0196196 9.99101E-05
9.99192E-05 0.180778 0.60286 9.99192E-05 0.0110181 9.99192E-05 9.99192E-05 9.99192E-05 0.146681 0.00409181 9.99192E-05 0.0536716 9.99192E-05 9.99192E-05 9.99192E-05
9.99201E-05 0.0765413 0.43273 9.99201E-05 0.00211017 9.99201E-05 9.99201E-05 0.015175 0.423331 9.99201E-05 0.0177182 9.99201E-05 0.0315947 9.99201E-05 9.99201E-05
9.98744E-05 9.98744E-05 9.98744E-05 9.98744E-05 9.98744E-05 9.98744E-05 9.98744E-05 9.98744E-05 9.98744E-05 9.98744E-05 9.98744E-05 9.98744E-05 9.98744E-05 9.98744E-05 0.998602
9.98832E-05 9.98832E-05 0.797034 9.98832E-05 9.98832E-05 9.98832E-05 9.98832E-05 9.98832E-05 0.201667 9.98832E-05 9.98832E-05 9.98832E-05 9.98832E-05 9.98832E-05 9.98832E-05
9.99102E-05 0.741228 9.99102E-05 9.99102E-05 9.99102E-05 9.99102E-05 0.0434244 9.99102E-05 0.192754 9.99102E-05 9.99102E-05 9.99102E-05 0.00733116 9.99102E-05 0.0142632
0.0502973 9.99187E-05 9.99187E-05 9.99187E-05 0.086091 9.99187E-05 9.99187E-05 0.0276966 0.0400686 0.483981 0.310966 9.99187E-05 9.99187E-05 9.99187E-05 9.99187E-05
9.99369E-05 9.99369E-05 0.903742 9.99369E-05 9.99369E-05 0.00221884 9.99369E-05 0.00317053 0.0357191 0.006013 0.032935 9.99369E-05 9.99369E-05 0.0117827 0.00371974
0.971565 9.98922E-05 9.98922E-05 9.98922E-05 9.98922E-05 9.98922E-05 0.0249319 9.98922E-05 0.00230399 9.98922E-05 9.98922E-05 9.98922E-05 9.98922E-05 9.98922E-05 9.98922E-05
0.0665671 9.99369E-05 0.0174423 9.99369E-05 9.99369E-05 9.99369E-05 0.00765588 9.99369E-05 9.99369E-05 0.021781 0.0215077 0.0301669 0.651179 9.99369E-05 0.183001
9.9874E-05 9.9874E-05 9.9874E-05 9.9874E-05 9.9874E-05 9.9874E-05 9.9874E-05 9.9874E-05 9.9874E-05 9.9874E-05 0.998602 9.9874E-05 9.9874E-05 9.9874E-05 9.9874E-05
0.226187 9.99278E-05 0.0778799 9.99278E-05 9.99278E-05 0.271157 9.99278E-05 0.0102419 9.99278E-05 9.99278E-05 0.194702 0.00249333 0.216539 9.99278E-05 9.99278E-05
0.272265 9.99188E-05 0.0758915 9.99188E-05 9.99188E-05 0.223163 9.99188E-05 9.99188E-05 9.99188E-05 9.99188E-05 0.160071 9.99188E-05 0.259349 9.99188E-05 0.00836085
0.0431923 9.991E-05 9.991E-05 9.991E-05 9.991E-05 0.044604 9.991E-05 0.00880032 9.991E-05 9.991E-05 0.0282133 9.991E-05 0.874191 9.991E-05 9.991E-05
0.0321447 9.991E-05 9.991E-05 0.0145112 9.991E-05 0.863121 9.991E-05 9.991E-05 9.991E-05 0.00798906 9.991E-05 9.991E-05 9.991E-05 0.0812351 9.991E-05
9.98829E-05 9.98829E-05 9.98829E-05 9.98829E-05 9.98829E-05 9.98829E-05 9.98829E-05 0.0892884 9.98829E-05 9.98829E-05 9.98829E-05 9.98829E-05 0.909413 9.98829E-05 9.98829E-05
0.0389086 9.99369E-05 9.99369E-05 0.102262 0.0777376 0.0734968 9.99369E-05 0.147951 9.99369E-05 0.14421 9.99369E-05 9.99369E-05 0.38197 9.99369E-05 0.0327647
0.109986 0.0094876 9.99369E-05 9.99369E-05 9.99369E-05 0.13117 0.05944 0.147288 0.0129976 9.99369E-05 9.99369E-05 0.0879153 0.441016 9.99369E-05 9.99369E-05
0.164378 0.0436079 0.0148873 9.99549E-05 9.99549E-05 9.99549E-05 0.0585026 0.332587 9.99549E-05 0.00669461 0.166139 0.00150583 0.107644 0.103555 9.99549E-05
0.988443 9.98838E-05 9.98838E-05 0.0102584 9.98838E-05 9.98838E-05 9.98838E-05 9.98838E-05 9.98838E-05 9.98838E-05 9.98838E-05 9.98838E-05 9.98838E-05 9.98838E-05 9.98838E-05
9.98742E-05 0.998602 9.98742E-05 9.98742E-05 9.98742E-05 9.98742E-05 9.98742E-05 9.98742E-05 9.98742E-05 9.98742E-05 9.98742E-05 9.98742E-05 9.98742E-05 9.98742E-05 9.98742E-05
9.98801E-05 0.992647 9.98801E-05 0.00515512 9.98801E-05 0.000999775 9.98801E-05 9.98801E-05 9.98801E-05 9.98801E-05 9.98801E-05 9.98801E-05 9.98801E-05 9.98801E-05 9.98801E-05
9.98922E-05 0.966828 9.98922E-05 9.98922E-05 0.0108227 9.98922E-05 9.98922E-05 9.98922E-05 9.98922E-05 9.98922E-05 9.98922E-05 9.98922E-05 0.0211508 9.98922E-05 9.98922E-05
9.98742E-05 0.998602 9.98742E-05 9.98742E-05 9.98742E-05 9.98742E-05 9.98742E-05 9.98742E-05 9.98742E-05 9.98742E-05 9.98742E-05 9.98742E-05 9.98742E-05 9.98742E-05 9.98742E-05
9.98741E-05 0.998602 9.98741E-05 9.98741E-05 9.98741E-05 9.98741E-05 9.98741E-05 9.98741E-05 9.98741E-05 9.98741E-05 9.98741E-05 9.98741E-05 9.98741E-05 9.98741E-05 9.98741E-05
9.99551E-05 0.379266 0.0910008 0.0181485 9.99551E-05 0.0370156 0.0395185 9.99551E-05 0.223581 9.99551E-05 0.0143795 9.99551E-05 0.0081167 0.0983642 0.0901092
9.98831E-05 0.914469 9.98831E-05 9.98831E-05 9.98831E-05 9.98831E-05 9.98831E-05 9.98831E-05 9.98831E-05 9.98831E-05 9.98831E-05 9.98831E-05 9.98831E-05 9.98831E-05 0.084232
0.770546 9.98918E-05 9.98918E-05 9.98918E-05 9.98918E-05 0.183352 9.98918E-05 0.0449033 9.98918E-05 9.98918E-05 9.98918E-05 9.98918E-05 9.98918E-05 9.98918E-05 9.98918E-05
9.99092E-05 0.0527444 9.99092E-05 9.99092E-05 9.99092E-05 9.99092E-05 0.0466191 9.99092E-05 9.99092E-05 9.99092E-05 9.99092E-05 9.99092E-05 9.99092E-05 0.0330409 0.866497
9.9892E-05 9.9892E-05 0.995437 9.9892E-05 9.9892E-05 9.9892E-05 9.9892E-05 9.9892E-05 0.00167158 9.9892E-05 0.0016931 9.9892E-05 9.9892E-05 9.9892E-05 9.9892E-05
0.0173191 9.99011E-05 9.99011E-05 9.99011E-05 0.0237585 0.112029 9.99011E-05 9.99011E-05 9.99011E-05 0.845795 9.99011E-05 9.99011E-05 9.99011E-05 9.99011E-05 9.99011E-05
9.98832E-05 9.98832E-05 9.98832E-05 9.98832E-05 9.98832E-05 0.917093 9.98832E-05 0.0816089 9.98832E-05 9.98832E-05 9.98832E-05 9.98832E-05 9.98832E-05 9.98832E-05 9.98832E-05
9.98745E-05 9.98745E-05 9.98745E-05 9.98745E-05 9.98745E-05 9.98745E-05 9.98745E-05 9.98745E-05 9.98745E-05 0.998602 9.98745E-05 9.98745E-05 9.98745E-05 9.98745E-05 9.98745E-05
9.98829E-05 9.98829E-05 9.98829E-05 9.98829E-05 9.98829E-05 9.98829E-05 9.98829E-05 9.98829E-05 9.98829E-05 0.874988 9.98829E-05 9.98829E-05 0.123713 9.98829E-05 9.98829E-05
9.99009E-05 9.99009E-05 9.99009E-05 9.99009E-05 0.0368962 9.99009E-05 9.99009E-05 0.0340762 9.99009E-05 0.856801 9.99009E-05 9.99009E-05 0.0711278 9.99009E-05 9.99009E-05
9.9874E-05 9.9874E-05 9.9874E-05 9.9874E-05 9.9874E-05 9.9874E-05 9.9874E-05 9.9874E-05 9.9874E-05 9.9874E-05 9.9874E-05 0.998602 9.9874E-05 9.9874E-05 9.9874E-05
9.98925E-05 9.98925E-05 0.97848 9.98925E-05 9.98925E-05 0.00419219 0.0161287 9.98925E-05 9.98925E-05 9.98925E-05 9.98925E-05 9.98925E-05 9.98925E-05 9.98925E-05 9.98925E-05
0.0740897 0.0591224 0.108226 0.0477533 0.0554117 0.150348 0.139441 9.9973E-05 0.0649048 0.0699632 9.9973E-05 9.9973E-05 0.0748118 0.0349891 0.120639
9.99013E-05 9.99013E-05 0.79641 9.99013E-05 9.99013E-05 0.0191856 0.181319 9.99013E-05 0.00198626 9.99013E-05 9.99013E-05 9.99013E-05 9.99013E-05 9.99013E-05 9.99013E-05
0.0340829 0.0132999 0.894352 9.991E-05 9.991E-05 9.991E-05 9.991E-05 9.991E-05 9.991E-05 9.991E-05 0.0221739 9.991E-05 9.991E-05 0.0350919 9.991E-05
9.991E-05 0.0376423 0.870497 9.991E-05 9.991E-05 0.0389075 9.991E-05 9.991E-05 0.0389705 9.991E-05 9.991E-05 9.991E-05 9.991E-05 0.0129834 9.991E-05
9.99281E-05 0.00965035 0.900549 0.00421782 9.99281E-05 0.0480074 0.0186167 9.99281E-05 0.000818934 9.99281E-05 9.99281E-05 9.99281E-05 9.99281E-05 9.99281E-05 0.0173406
0.024112 9.99192E-05 0.840434 9.99192E-05 0.0101553 9.99192E-05 9.99192E-05 9.99192E-05 0.0654132 9.99192E-05 9.99192E-05 9.99192E-05 0.0360514 0.0229348 9.99192E-05
9.991E-05 0.0247776 0.917576 9.991E-05 9.991E-05 9.991E-05 9.991E-05 9.991E-05 0.00455689 9.991E-05 0.0408387 9.991E-05 9.991E-05 0.0112518 9.991E-05
9.98739E-05 9.98739E-05 9.98739E-05 9.98739E-05 9.98739E-05 9.98739E-05 9.98739E-05 9.98739E-05 0.998602 9.98739E-05 9.98739E-05 9.98739E-05 9.98739E-05 9.98739E-05 9.98739E-05
9.98829E-05 9.98829E-05 9.98829E-05 9.98829E-05 9.98829E-05 9.98829E-05 9.98829E-05 9.98829E-05 0.943695 0.0550063 9.98829E-05 9.98829E-05 9.98829E-05 9.98829E-05 9.98829E-05
9.99101E-05 0.0407866 0.838605 9.99101E-05 9.99101E-05 0.0394462 0.0773511 0.00281183 9.99101E-05 9.99101E-05 9.99101E-05 9.99101E-05 9.99101E-05 9.99101E-05 9.99101E-05
9.991E-05 9.991E-05 9.991E-05 9.991E-05 0.000883094 0.962177 9.991E-05 9.991E-05 0.0122067 9.991E-05 0.00274411 9.991E-05 9.991E-05 9.991E-05 0.0209896
9.9883E-05 0.0267107 9.9883E-05 9.9883E-05 9.9883E-05 0.971991 9.9883E-05 9.9883E-05 9.9883E-05 9.9883E-05 9.9883E-05 9.9883E-05 9.9883E-05 9.9883E-05 9.9883E-05
0.0129337 9.98832E-05 9.98832E-05 9.98832E-05 0.985768 9.98832E-05 9.98832E-05 9.98832E-05 9.98832E-05 9.98832E-05 9.98832E-05 9.98832E-05 9.98832E-05 9.98832E-05 9.98832E-05
9.98743E-05 9.98743E-05 9.98743E-05 9.98743E-05 0.998602 9.98743E-05 9.98743E-05 9.98743E-05 9.98743E-05 9.98743E-05 9.98743E-05 9.98743E-05 9.98743E-05 9.98743E-05 9.98743E-05
0.041541 9.99099E-05 9.99099E-05 9.99099E-05 9.99099E-05 0.0958716 9.99099E-05 9.99099E-05 9.99099E-05 0.0118893 9.99099E-05 9.99099E-05 0.806669 9.99099E-05 0.0430299
0.0191738 9.99099E-05 9.99099E-05 9.99099E-05 9.99099E-05 0.119236 9.99099E-05 9.99099E-05 9.99099E-05 0.0967176 9.99099E-05 9.99099E-05 0.731612 9.99099E-05 0.0322613
9.98922E-05 9.98922E-05 9.98922E-05 9.98922E-05 0.966953 9.98922E-05 9.98922E-05 9.98922E-05 0.00575953 9.98922E-05 0.0260883 9.98922E-05 9.98922E-05 9.98922E-05 9.98922E-05
9.98742E-05 9.98742E-05 9.98742E-05 9.98742E-05 0.998602 9.98742E-05 9.98742E-05 9.98742E-05 9.98742E-05 9.98742E-05 9.98742E-05 9.98742E-05 9.98742E-05 9.98742E-05 9.98742E-05
0.948451 9.99009E-05 9.99009E-05 9.99009E-05 9.99009E-05 0.00725105 9.99009E-05 9.99009E-05 9.99009E-05 0.0295632 9.99009E-05 9.99009E-05 9.99009E-05 0.0136358 9.99009E-05
0.0117658 9.99459E-05 9.99459E-05 0.0360089 9.99459E-05 0.471717 9.99459E-05 0.0290354 9.99459E-05 0.150496 9.99459E-05 0.0382999 0.139385 0.0994022 0.0232905
9.9892E-05 0.0317903 9.9892E-05 9.9892E-05 9.9892E-05 9.9892E-05 9.9892E-05 9.9892E-05 9.9892E-05 9.9892E-05 9.9892E-05 9.9892E-05 9.9892E-05 0.0443951 0.922616
9.9874E-05 9.9874E-05 9.9874E-05 9.9874E-05 9.9874E-05 9.9874E-05 9.9874E-05 0.998602 9.9874E-05 9.9874E-05 9.9874E-05 9.9874E-05 9.9874E-05 9.9874E-05 9.9874E-05
0.0694746 9.99011E-05 9.99011E-05 9.99011E-05 0.0128432 9.99011E-05 9.99011E-05 0.860337 9.99011E-05 9.99011E-05 0.0562465 9.99011E-05 9.99011E-05 9.99011E-05 9.99011E-05
9.99192E-05 0.0980081 0.309715 0.0269087 0.0200938 9.99192E-05 9.99192E-05 9.99192E-05 0.495175 9.99192E-05 9.99192E-05 9.99192E-05 9.99192E-05 9.99192E-05 0.0491995
