9.98919E-05 0.00710324 9.98919E-05 0.052133 9.98919E-05 9.98919E-05 9.98919E-05 9.98919E-05 9.98919E-05 9.98919E-05 9.98919E-05 0.939565 9.98919E-05 9.98919E-05 9.98919E-05
9.99099E-05 9.99099E-05 0.00381416 9.99099E-05 9.99099E-05 9.99099E-05 9.99099E-05 0.709748 9.99099E-05 0.156091 9.99099E-05 0.0750049 9.99099E-05 0.0543432 9.99099E-05
9.99198E-05 0.0563117 9.99198E-05 9.99198E-05 0.0627006 9.99198E-05 0.0513887 9.99198E-05 0.267093 0.354964 0.206643 9.99198E-05 9.99198E-05 9.99198E-05 9.99198E-05
9.99101E-05 0.015512 9.99101E-05 9.99101E-05 9.99101E-05 9.99101E-05 9.99101E-05 9.99101E-05 0.0554746 0.905356 0.0152649 9.99101E-05 0.00739377 9.99101E-05 9.99101E-05
0.0721379 9.99461E-05 9.99461E-05 0.148875 9.99461E-05 9.99461E-05 9.99461E-05 0.141025 9.99461E-05 0.225462 0.245663 0.0366245 0.0788505 0.0102922 0.0404712
9.9901E-05 9.9901E-05 9.9901E-05 9.9901E-05 9.9901E-05 0.00986788 9.9901E-05 9.9901E-05 9.9901E-05 0.967524 0.0147976 9.9901E-05 9.9901E-05 9.9901E-05 0.00671171
0.311178 9.99012E-05 0.399892 9.99012E-05 9.99012E-05 9.99012E-05 0.186272 0.10156 9.99012E-05 9.99012E-05 9.99012E-05 9.99012E-05 9.99012E-05 9.99012E-05 9.99012E-05
0.330565 0.0177786 9.99188E-05 0.0725455 9.99188E-05 9.99188E-05 9.99188E-05 0.0955688 9.99188E-05 9.99188E-05 0.400519 9.99188E-05 0.0821236 9.99188E-05 9.99188E-05
0.256125 9.99101E-05 0.451937 0.0202738 9.99101E-05 9.99101E-05 0.0498913 0.220774 9.99101E-05 9.99101E-05 9.99101E-05 9.99101E-05 9.99101E-05 9.99101E-05 9.99101E-05
9.98743E-05 9.98743E-05 9.98743E-05 0.998602 9.98743E-05 9.98743E-05 9.98743E-05 9.98743E-05 9.98743E-05 9.98743E-05 9.98743E-05 9.98743E-05 9.98743E-05 9.98743E-05 9.98743E-05
9.98744E-05 9.98744E-05 9.98744E-05 0.998602 9.98744E-05 9.98744E-05 9.98744E-05 9.98744E-05 9.98744E-05 9.98744E-05 9.98744E-05 9.98744E-05 9.98744E-05 9.98744E-05 9.98744E-05
0.0209051 0.112978 9.9928E-05 9.9928E-05 9.9928E-05 9.9928E-05 0.157967 9.9928E-05 0.0239571 9.9928E-05 9.9928E-05 0.668881 9.9928E-05 0.00935769 0.00515415
0.0276702 9.98922E-05 9.98922E-05 9.98922E-05 9.98922E-05 9.98922E-05 0.909157 9.98922E-05 9.98922E-05 9.98922E-05 9.98922E-05 9.98922E-05 9.98922E-05 9.98922E-05 0.0619736
9.991E-05 9.991E-05 9.991E-05 9.991E-05 0.0173651 0.00171703 9.991E-05 0.0356539 9.991E-05 0.930478 9.991E-05 9.991E-05 9.991E-05 9.991E-05 0.0137873
9.98832E-05 9.98832E-05 9.98832E-05 0.0244288 9.98832E-05 9.98832E-05 9.98832E-05 9.98832E-05 9.98832E-05 0.974273 9.98832E-05 9.98832E-05 9.98832E-05 9.98832E-05 9.98832E-05
9.991E-05 9.991E-05 0.777202 0.0159864 9.991E-05 9.991E-05 0.097117 9.991E-05 9.991E-05 9.991E-05 9.991E-05 0.00793444 9.991E-05 9.991E-05 0.100762
9.9883E-05 9.9883E-05 9.9883E-05 0.0483163 9.9883E-05 9.9883E-05 9.9883E-05 9.9883E-05 9.9883E-05 9.9883E-05 9.9883E-05 9.9883E-05 9.9883E-05 0.950385 9.9883E-05
9.99188E-05 9.99188E-05 0.0272107 0.134147 0.725582 9.99188E-05 9.99188E-05 0.0526229 9.99188E-05 9.99188E-05 9.99188E-05 0.0214216 0.0381166 9.99188E-05 9.99188E-05
9.99011E-05 0.0470607 9.99011E-05 9.99011E-05 0.807441 0.134218 0.0101822 9.99011E-05 9.99011E-05 9.99011E-05 9.99011E-05 9.99011E-05 9.99011E-05 9.99011E-05 9.99011E-05
9.99188E-05 0.0315041 0.280287 0.405286 9.99188E-05 9.99188E-05 9.99188E-05 9.99188E-05 9.99188E-05 9.99188E-05 9.99188E-05 0.10134 9.99188E-05 0.0616688 0.119016
9.98831E-05 9.98831E-05 9.98831E-05 9.98831E-05 0.940504 0.0581979 9.98831E-05 9.98831E-05 9.98831E-05 9.98831E-05 9.98831E-05 9.98831E-05 9.98831E-05 9.98831E-05 9.98831E-05
9.99189E-05 9.99189E-05 0.27262 0.0561219 9.99189E-05 0.00371767 0.0393527 9.99189E-05 9.99189E-05 9.99189E-05 9.99189E-05 0.544279 9.99189E-05 0.0830091 9.99189E-05
9.9919E-05 0.139732 9.9919E-05 0.111804 0.423474 9.9919E-05 9.9919E-05 9.9919E-05 9.9919E-05 9.9919E-05 9.9919E-05 9.9919E-05 0.00380553 0.194028 0.126258
9.98828E-05 9.98828E-05 9.98828E-05 9.98828E-05 0.886895 9.98828E-05 9.98828E-05 9.98828E-05 9.98828E-05 9.98828E-05 9.98828E-05 9.98828E-05 9.98828E-05 9.98828E-05 0.111807
0.0337278 9.98923E-05 9.98923E-05 9.98923E-05 9.98923E-05 9.98923E-05 9.98923E-05 9.98923E-05 0.509899 0.455174 9.98923E-05 9.98923E-05 9.98923E-05 9.98923E-05 9.98923E-05
9.98921E-05 9.98921E-05 9.98921E-05 9.98921E-05 9.98921E-05 9.98921E-05 9.98921E-05 9.98921E-05 0.115685 0.869994 9.98921E-05 9.98921E-05 0.0131224 9.98921E-05 9.98921E-05
9.99098E-05 0.0200743 9.99098E-05 0.0531766 9.99098E-05 9.99098E-05 0.775693 9.99098E-05 9.99098E-05 9.99098E-05 9.99098E-05 0.0833309 9.99098E-05 0.0667262 9.99098E-05
9.98921E-05 0.0197914 9.98921E-05 9.98921E-05 9.98921E-05 9.98921E-05 9.98921E-05 9.98921E-05 0.977467 9.98921E-05 9.98921E-05 9.98921E-05 0.00154336 9.98921E-05 9.98921E-05
9.98741E-05 9.98741E-05 9.98741E-05 9.98741E-05 9.98741E-05 9.98741E-05 9.98741E-05 9.98741E-05 0.998602 9.98741E-05 9.98741E-05 9.98741E-05 9.98741E-05 9.98741E-05 9.98741E-05
9.99191E-05 9.99191E-05 9.99191E-05 9.99191E-05 9.99191E-05 0.0216987 9.99191E-05 9.99191E-05 0.0459623 0.231246 0.620895 9.99191E-05 0.0652378 9.99191E-05 0.0140608
9.98827E-05 9.98827E-05 9.98827E-05 9.98827E-05 9.98827E-05 9.98827E-05 9.98827E-05 9.98827E-05 9.98827E-05 0.120906 0.877796 9.98827E-05 9.98827E-05 9.98827E-05 9.98827E-05
9.98744E-05 9.98744E-05 9.98744E-05 9.98744E-05 9.98744E-05 9.98744E-05 9.98744E-05 0.998602 9.98744E-05 9.98744E-05 9.98744E-05 9.98744E-05 9.98744E-05 9.98744E-05 9.98744E-05
0.183093 9.98921E-05 9.98921E-05 9.98921E-05 9.98921E-05 9.98921E-05 9.98921E-05 9.98921E-05 0.22387 0.591839 9.98921E-05 9.98921E-05 9.98921E-05 9.98921E-05 9.98921E-05
0.123566 9.99012E-05 9.99012E-05 9.99012E-05 9.99012E-05 9.99012E-05 9.99012E-05 0.0514864 9.99012E-05 9.99012E-05 0.151174 9.99012E-05 0.672674 9.99012E-05 9.99012E-05
9.99187E-05 0.0935171 9.99187E-05 9.99187E-05 9.99187E-05 9.99187E-05 0.452127 9.99187E-05 9.99187E-05 9.99187E-05 0.0880287 0.0544218 9.99187E-05 0.269014 0.0419926
0.0318563 9.99008E-05 9.99008E-05 9.99008E-05 9.99008E-05 9.99008E-05 9.99008E-05 9.99008E-05 0.520527 0.407369 9.99008E-05 9.99008E-05 9.99008E-05 0.039149 9.99008E-05
0.0236125 9.98921E-05 9.98921E-05 9.98921E-05 9.98921E-05 9.98921E-05 9.98921E-05 9.98921E-05 9.98921E-05 9.98921E-05 9.98921E-05 0.96603 9.98921E-05 9.98921E-05 0.00915876
0.0423631 9.99189E-05 9.99189E-05 0.613737 9.99189E-05 0.0497901 9.99189E-05 0.153643 9.99189E-05 9.99189E-05 9.99189E-05 0.089743 9.99189E-05 0.0498239 9.99189E-05
0.00472311 9.9883E-05 9.9883E-05 9.9883E-05 9.9883E-05 9.9883E-05 9.9883E-05 9.9883E-05 9.9883E-05 9.9883E-05 9.9883E-05 9.9883E-05 9.9883E-05 0.993978 9.9883E-05
9.99278E-05 9.99278E-05 0.197266 0.291433 9.99278E-05 0.0127285 9.99278E-05 9.99278E-05 9.99278E-05 0.117195 9.99278E-05 0.235132 9.99278E-05 0.142508 0.00293796
9.99188E-05 9.99188E-05 0.205822 0.295561 0.0231209 9.99188E-05 9.99188E-05 9.99188E-05 9.99188E-05 0.0833054 9.99188E-05 0.283858 9.99188E-05 0.107434 9.99188E-05
9.99099E-05 9.99099E-05 9.99099E-05 0.870461 9.99099E-05 9.99099E-05 0.00520142 9.99099E-05 9.99099E-05 9.99099E-05 9.99099E-05 0.0582258 9.99099E-05 0.012306 0.052807
9.9901E-05 9.9901E-05 0.903834 0.0124869 9.9901E-05 9.9901E-05 0.048438 9.9901E-05 9.9901E-05 9.9901E-05 9.9901E-05 0.0341427 9.9901E-05 9.9901E-05 9.9901E-05
9.99189E-05 9.99189E-05 9.99189E-05 0.823988 9.99189E-05 9.99189E-05 9.99189E-05 9.99189E-05 0.00575642 9.99189E-05 9.99189E-05 0.0292834 0.0011222 0.00398929 0.134961
9.99368E-05 0.0411236 0.107002 0.31426 0.0839011 9.99368E-05 0.0709596 0.0388781 9.99368E-05 9.99368E-05 9.99368E-05 0.0142544 9.99368E-05 9.99368E-05 0.328921
9.99368E-05 9.99368E-05 0.0915731 0.398492 9.99368E-05 0.095329 9.99368E-05 0.0281567 9.99368E-05 0.0592188 0.0191942 0.0694586 9.99368E-05 9.99368E-05 0.237878
9.99279E-05 9.99279E-05 9.99279E-05 0.118932 9.99279E-05 0.00211407 0.0902594 9.99279E-05 9.99279E-05 9.99279E-05 0.187973 0.198248 9.99279E-05 0.120972 0.280702
9.98838E-05 9.98838E-05 9.98838E-05 9.98838E-05 0.00962976 9.98838E-05 9.98838E-05 9.98838E-05 9.98838E-05 9.98838E-05 9.98838E-05 0.989072 9.98838E-05 9.98838E-05 9.98838E-05
9.98741E-05 9.98741E-05 9.98741E-05 9.98741E-05 9.98741E-05 9.98741E-05 9.98741E-05 9.98741E-05 9.98741E-05 9.98741E-05 9.98741E-05 9.98741E-05 0.998602 9.98741E-05 9.98741E-05
9.99101E-05 9.99101E-05 0.011345 9.99101E-05 9.99101E-05 0.000496775 9.99101E-05 9.99101E-05 9.99101E-05 9.99101E-05 9.99101E-05 9.99101E-05 0.983193 0.00265045 0.0013154
9.98742E-05 9.98742E-05 9.98742E-05 9.98742E-05 9.98742E-05 9.98742E-05 9.98742E-05 9.98742E-05 9.98742E-05 9.98742E-05 9.98742E-05 9.98742E-05 0.998602 9.98742E-05 9.98742E-05
9.98742E-05 9.98742E-05 9.98742E-05 9.98742E-05 9.98742E-05 9.98742E-05 9.98742E-05 9.98742E-05 9.98742E-05 9.98742E-05 9.98742E-05 9.98742E-05 0.998602 9.98742E-05 9.98742E-05
9.98742E-05 9.98742E-05 9.98742E-05 9.98742E-05 9.98742E-05 9.98742E-05 9.98742E-05 9.98742E-05 9.98742E-05 9.98742E-05 9.98742E-05 9.98742E-05 0.998602 9.98742E-05 9.98742E-05
0.0906739 9.99551E-05 0.0859657 0.0260523 0.0306728 9.99551E-05 9.99551E-05 0.00221615 0.0109015 0.0362616 0.32309 9.99551E-05 0.387093 0.00657363 9.99551E-05
9.99011E-05 0.00722679 0.000535 9.99011E-05 9.99011E-05 9.99011E-05 9.99011E-05 0.0599635 9.99011E-05 9.99011E-05 9.99011E-05 9.99011E-05 0.931176 9.99011E-05 9.99011E-05
9.99008E-05 9.99008E-05 0.152508 9.99008E-05 9.99008E-05 9.99008E-05 0.00414211 9.99008E-05 9.99008E-05 9.99008E-05 9.99008E-05 0.824742 9.99008E-05 9.99008E-05 0.0175096
9.99189E-05 0.00757196 0.014829 9.99189E-05 9.99189E-05 9.99189E-05 0.000406054 0.944337 9.99189E-05 9.99189E-05 9.99189E-05 0.0178009 0.0141558 9.99189E-05 9.99189E-05
9.9901E-05 9.9901E-05 9.9901E-05 9.9901E-05 9.9901E-05 9.9901E-05 9.9901E-05 0.00491339 0.328741 0.660483 9.9901E-05 9.9901E-05 9.9901E-05 0.00476308 9.9901E-05
9.9919E-05 0.0348652 0.0510688 9.9919E-05 9.9919E-05 9.9919E-05 0.866051 9.9919E-05 9.9919E-05 9.9919E-05 9.9919E-05 0.0257352 0.0170337 0.00434647 9.9919E-05
9.98901E-05 9.98901E-05 0.83916 9.98901E-05 9.98901E-05 9.98901E-05 0.0229329 9.98901E-05 9.98901E-05 9.98901E-05 9.98901E-05 0.0187424 9.98901E-05 9.98901E-05 0.118066
0.0389274 9.98833E-05 9.98833E-05 9.98833E-05 9.98833E-05 9.98833E-05 0.959774 9.98833E-05 9.98833E-05 9.98833E-05 9.98833E-05 9.98833E-05 9.98833E-05 9.98833E-05 9.98833E-05
9.99009E-05 9.99009E-05 9.99009E-05 0.122599 9.99009E-05 9.99009E-05 0.845153 9.99009E-05 9.99009E-05 0.0071028 9.99009E-05 0.0240466 9.99009E-05 9.99009E-05 9.99009E-05
9.99098E-05 0.0461803 9.99098E-05 0.0867842 9.99098E-05 9.99098E-05 0.798072 9.99098E-05 9.99098E-05 9.99098E-05 9.99098E-05 9.99098E-05 9.99098E-05 0.0351776 0.0327871
9.98741E-05 9.98741E-05 9.98741E-05 9.98741E-05 9.98741E-05 0.998602 9.98741E-05 9.98741E-05 9.98741E-05 9.98741E-05 9.98741E-05 9.98741E-05 9.98741E-05 9.98741E-05 9.98741E-05
9.98835E-05 9.98835E-05 9.98835E-05 9.98835E-05 9.98835E-05 9.98835E-05 9.98835E-05 9.98835E-05 0.677128 0.321573 9.98835E-05 9.98835E-05 9.98835E-05 9.98835E-05 9.98835E-05
9.99641E-05 0.15997 0.132325 0.0992244 0.00350603 0.0338524 0.088995 0.0735585 0.199079 0.0108014 9.99641E-05 0.0578231 0.140465 9.99641E-05 9.99641E-05
0.115794 9.99013E-05 9.99013E-05 9.99013E-05 9.99013E-05 9.99013E-05 0.00703089 9.99013E-05 0.00817308 0.867903 9.99013E-05 9.99013E-05 9.99013E-05 9.99013E-05 9.99013E-05
0.00253928 9.9928E-05 9.9928E-05 9.9928E-05 9.9928E-05 9.9928E-05 9.9928E-05 9.9928E-05 0.107941 0.812225 0.00935524 0.00408861 0.03317 0.0298811 9.9928E-05
9.98742E-05 9.98742E-05 9.98742E-05 9.98742E-05 9.98742E-05 9.98742E-05 9.98742E-05 9.98742E-05 0.998602 9.98742E-05 9.98742E-05 9.98742E-05 9.98742E-05 9.98742E-05 9.98742E-05
9.98741E-05 9.98741E-05 9.98741E-05 9.98741E-05 9.98741E-05 9.98741E-05 9.98741E-05 9.98741E-05 0.998602 9.98741E-05 9.98741E-05 9.98741E-05 9.98741E-05 9.98741E-05 9.98741E-05
9.99101E-05 9.99101E-05 9.99101E-05 0.00559815 9.99101E-05 9.99101E-05 9.99101E-05 9.99101E-05 0.0147719 0.680695 0.261368 0.0365684 9.99101E-05 9.99101E-05 9.99101E-05
0.0191306 9.99009E-05 9.99009E-05 9.99009E-05 9.99009E-05 9.99009E-05 9.99009E-05 9.99009E-05 0.369825 0.580632 9.99009E-05 9.99009E-05 9.99009E-05 0.0293138 9.99009E-05
0.878606 9.98919E-05 9.98919E-05 9.98919E-05 9.98919E-05 9.98919E-05 9.98919E-05 9.98919E-05 9.98919E-05 0.0586932 9.98919E-05 9.98919E-05 0.0615026 9.98919E-05 9.98919E-05
0.990597 9.98829E-05 9.98829E-05 9.98829E-05 9.98829E-05 9.98829E-05 0.00810494 9.98829E-05 9.98829E-05 9.98829E-05 9.98829E-05 9.98829E-05 9.98829E-05 9.98829E-05 9.98829E-05
9.99011E-05 9.99011E-05 0.0256689 9.99011E-05 9.99011E-05 9.99011E-05 9.99011E-05 9.99011E-05 0.117781 0.841216 9.99011E-05 9.99011E-05 0.0142355 9.99011E-05 9.99011E-05
9.98919E-05 9.98919E-05 0.932471 9.98919E-05 9.98919E-05 9.98919E-05 9.98919E-05 9.98919E-05 9.98919E-05 0.00940585 9.98919E-05 9.98919E-05 9.98919E-05 0.0569241 9.98919E-05
9.98919E-05 0.0108045 0.981685 9.98919E-05 9.98919E-05 9.98919E-05 9.98919E-05 9.98919E-05 9.98919E-05 9.98919E-05 9.98919E-05 9.98919E-05 0.00631156 9.98919E-05 9.98919E-05
9.98922E-05 0.990107 9.98922E-05 9.98922E-05 9.98922E-05 9.98922E-05 9.98922E-05 9.98922E-05 9.98922E-05 0.00730861 9.98922E-05 0.00138594 9.98922E-05 9.98922E-05 9.98922E-05
9.98832E-05 0.994158 9.98832E-05 9.98832E-05 9.98832E-05 9.98832E-05 0.00454377 9.98832E-05 9.98832E-05 9.98832E-05 9.98832E-05 9.98832E-05 9.98832E-05 9.98832E-05 9.98832E-05
9.99279E-05 9.99279E-05 0.0512587 0.81241 9.99279E-05 0.00273322 0.0243119 0.0679219 0.00165001 9.99279E-05 9.99279E-05 0.0389154 9.99279E-05 9.99279E-05 9.99279E-05
9.99279E-05 9.99279E-05 0.0783917 0.758634 9.99279E-05 0.00347308 0.0822371 0.0538836 0.0162147 9.99279E-05 9.99279E-05 0.00636647 9.99279E-05 9.99279E-05 9.99279E-05
9.98922E-05 0.955482 9.98922E-05 0.0262176 9.98922E-05 9.98922E-05 9.98922E-05 9.98922E-05 9.98922E-05 9.98922E-05 9.98922E-05 9.98922E-05 9.98922E-05 0.0171012 9.98922E-05
9.98742E-05 0.998602 9.98742E-05 9.98742E-05 9.98742E-05 9.98742E-05 9.98742E-05 9.98742E-05 9.98742E-05 9.98742E-05 9.98742E-05 9.98742E-05 9.98742E-05 9.98742E-05 9.98742E-05
9.99009E-05 9.99009E-05 0.0161228 9.99009E-05 9.99009E-05 9.99009E-05 0.0374397 9.99009E-05 9.99009E-05 9.99009E-05 9.99009E-05 0.934565 0.0107737 9.99009E-05 9.99009E-05
9.9928E-05 9.9928E-05 0.509113 0.200075 0.0458144 0.0202018 0.154789 0.0152125 9.9928E-05 9.9928E-05 9.9928E-05 9.9928E-05 9.9928E-05 9.9928E-05 0.0539949
9.9901E-05 9.9901E-05 9.9901E-05 0.00461836 9.9901E-05 9.9901E-05 9.9901E-05 0.943938 9.9901E-05 9.9901E-05 9.9901E-05 9.9901E-05 0.042583 9.9901E-05 0.00776155
9.98737E-05 9.98737E-05 9.98737E-05 9.98737E-05 9.98737E-05 9.98737E-05 9.98737E-05 9.98737E-05 9.98737E-05 9.98737E-05 9.98737E-05 9.98737E-05 9.98737E-05 9.98737E-05 0.998602
9.99281E-05 0.0390316 0.00774232 9.99281E-05 0.00432925 9.99281E-05 0.145908 9.99281E-05 9.99281E-05 9.99281E-05 9.99281E-05 0.0660541 9.99281E-05 0.187696 0.548439
9.98739E-05 9.98739E-05 9.98739E-05 9.98739E-05 9.98739E-05 9.98739E-05 9.98739E-05 9.98739E-05 9.98739E-05 9.98739E-05 0.998602 9.98739E-05 9.98739E-05 9.98739E-05 9.98739E-05
