0.9998 9.999E-05 9.999E-05
0.44245 9.9991E-05 0.55745
0.0352997 0.0563925 0.908308
9.999E-05 9.999E-05 0.9998
0.301807 9.9991E-05 0.698093
9.999E-05 9.999E-05 0.9998
0.650245 9.99911E-05 0.349655
0.176522 9.9991E-05 0.823378
0.63879 9.999E-05 0.36111
0.97715 9.9991E-05 0.0227503
0.9998 9.999E-05 9.999E-05
0.980227 9.9991E-05 0.0196729
0.963541 9.99911E-05 0.0363591
0.00421189 0.018495 0.977293
0.00855046 0.00314978 0.9883
0.963114 9.9991E-05 0.0367864
0.825998 0.154223 0.0197797
0.239196 0.750454 0.0103491
9.999E-05 0.9998 9.999E-05
0.9998 9.999E-05 9.999E-05
9.999E-05 0.9998 9.999E-05
0.9998 9.999E-05 9.999E-05
0.372441 0.53327 0.0942882
0.0205852 0.979315 9.9991E-05
9.999E-05 9.999E-05 0.9998
9.999E-05 9.999E-05 0.9998
0.9998 9.999E-05 9.999E-05
9.999E-05 9.999E-05 0.9998
9.999E-05 9.999E-05 0.9998
9.9991E-05 0.0483724 0.951528
9.9991E-05 0.042271 0.957629
0.399303 9.99911E-05 0.600597
9.999E-05 9.999E-05 0.9998
0.136824 9.9991E-05 0.863076
0.923556 9.9991E-05 0.0763438
9.999E-05 9.999E-05 0.9998
0.940201 9.9991E-05 0.0596987
0.825647 0.00346088 0.170893
0.645719 0.166797 0.187484
0.906931 9.9991E-05 0.0929694
0.938983 9.9991E-05 0.0609167
0.985449 0.0144511 9.9991E-05
0.977231 9.9991E-05 0.0226687
0.977933 0.0129408 0.00912629
0.851678 0.148222 9.9991E-05
0.849086 0.0398202 0.111094
0.825581 9.9991E-05 0.174319
0.9998 9.999E-05 9.999E-05
0.120595 0.030589 0.848816
0.12524 0.053871 0.820889
0.134995 0.0556625 0.809343
0.101649 0.0687478 0.829604
0.0577305 0.0681452 0.874124
0.22472 0.0526054 0.722674
0.202361 0.0317339 0.765905
0.9998 9.999E-05 9.999E-05
0.411635 9.9991E-05 0.588265
9.999E-05 9.999E-05 0.9998
0.9998 9.999E-05 9.999E-05
0.950496 9.9991E-05 0.0494045
0.998915 9.99911E-05 0.000984769
0.9998 9.999E-05 9.999E-05
0.972756 0.0271438 9.9991E-05
0.0509236 0.930835 0.0182419
9.999E-05 9.999E-05 0.9998
0.48192 0.113069 0.405011
9.999E-05 9.999E-05 0.9998
0.00258543 9.9991E-05 0.997315
9.999E-05 9.999E-05 0.9998
9.999E-05 9.999E-05 0.9998
0.0052537 9.9991E-05 0.994646
9.999E-05 9.999E-05 0.9998
0.0594547 9.99911E-05 0.940445
0.0866772 0.0143016 0.899021
9.999E-05 9.999E-05 0.9998
0.860757 9.9991E-05 0.139143
0.870159 9.9991E-05 0.129741
0.630964 0.247031 0.122004
0.655932 0.242015 0.102053
0.959644 9.9991E-05 0.0402558
0.972756 9.9991E-05 0.0271438
0.6718 0.214368 0.113832
0.671511 0.21955 0.108939
0.9998 9.999E-05 9.999E-05
0.95997 0.0270198 0.0130097
0.439783 9.9991E-05 0.560117
0.756443 0.189712 0.0538443
0.864364 0.132544 0.0030916
0.000439107 0.0663438 0.933217
