9.9973E-05 0.0333362 9.9973E-05 9.9973E-05 0.966364
9.999E-05 0.0368681 0.287363 0.31447 0.361198
0.0281554 0.0759165 0.0493239 0.846504 9.99911E-05
9.9973E-05 0.0146651 9.9973E-05 0.985035 9.9973E-05
9.999E-05 0.0177742 0.295296 0.418402 0.268428
0.00664956 0.00461103 9.9982E-05 0.988539 9.9982E-05
9.99821E-05 9.99821E-05 0.360031 0.0470755 0.592693
9.9991E-05 0.0352842 0.464303 0.411609 0.0887036
9.99821E-05 9.99821E-05 0.448718 0.00310479 0.547978
9.9982E-05 0.147749 0.152419 9.9982E-05 0.699632
9.9982E-05 0.0988899 0.146751 9.9982E-05 0.754159
9.9982E-05 0.149377 9.9982E-05 0.0634171 0.787006
0.00306703 9.99821E-05 9.99821E-05 0.0684764 0.928257
0.0252092 0.0330045 9.9982E-05 0.941586 9.9982E-05
0.0190274 0.0108029 9.9991E-05 0.962751 0.00731908
9.999E-05 0.0252643 0.0435546 0.0155556 0.915526
0.0964711 0.394542 9.9991E-05 0.0192539 0.489633
0.73782 9.99819E-05 0.0927556 9.99819E-05 0.169224
0.919485 0.080215 9.9973E-05 9.9973E-05 9.9973E-05
9.9982E-05 0.178765 0.00579565 9.9982E-05 0.815239
0.9996 9.997E-05 9.997E-05 9.997E-05 9.997E-05
9.9982E-05 0.0581369 0.00371851 9.9982E-05 0.937945
0.408319 0.416164 0.0722517 0.0180101 0.085255
0.906573 0.0931267 9.9973E-05 9.9973E-05 9.9973E-05
9.997E-05 9.997E-05 9.997E-05 0.9996 9.997E-05
9.997E-05 9.997E-05 9.997E-05 0.9996 9.997E-05
9.9973E-05 0.0551536 9.9973E-05 9.9973E-05 0.944547
9.9973E-05 9.9973E-05 0.0720145 0.927686 9.9973E-05
9.9973E-05 9.9973E-05 0.0400751 0.959625 9.9973E-05
0.0160424 0.0230366 0.278466 0.656896 0.0255593
9.9982E-05 0.0765604 0.331262 0.591977 9.9982E-05
9.99821E-05 9.99821E-05 0.612019 0.0823072 0.305474
9.997E-05 9.997E-05 9.997E-05 0.9996 9.997E-05
9.9982E-05 0.0201236 0.908742 0.0709343 9.9982E-05
9.9982E-05 0.261852 9.9982E-05 0.0636394 0.674309
9.997E-05 9.997E-05 9.997E-05 0.9996 9.997E-05
9.99821E-05 0.0400545 9.99821E-05 0.0787736 0.880972
0.0377368 0.0381785 0.186923 0.0193622 0.717799
0.0623715 0.440184 9.9991E-05 0.139452 0.357893
0.0170591 0.0622829 9.9991E-05 0.123259 0.797299
0.0350195 0.0516821 0.0190872 0.100108 0.794103
0.0229312 0.113787 0.0212244 9.9991E-05 0.841958
9.9973E-05 9.9973E-05 0.068165 9.9973E-05 0.931535
0.00690756 0.125785 0.0601142 9.9991E-05 0.807093
0.117072 0.198791 0.04744 9.9991E-05 0.636597
0.0444924 0.117311 0.0712421 0.0727823 0.694172
9.9991E-05 0.169754 0.0734835 0.0900531 0.66661
0.0436238 9.99733E-05 9.99733E-05 9.99733E-05 0.956076
9.997E-05 9.997E-05 0.9996 9.997E-05 9.997E-05
9.997E-05 9.997E-05 0.9996 9.997E-05 9.997E-05
9.997E-05 9.997E-05 0.9996 9.997E-05 9.997E-05
9.997E-05 9.997E-05 0.9996 9.997E-05 9.997E-05
9.997E-05 9.997E-05 0.9996 9.997E-05 9.997E-05
0.0673377 9.9991E-05 0.587876 0.26093 0.0837556
9.9982E-05 0.0186751 0.978656 9.9982E-05 0.00246888
9.997E-05 9.997E-05 9.997E-05 9.997E-05 0.9996
9.9991E-05 0.00395082 0.598169 0.0794127 0.318367
9.997E-05 9.997E-05 9.997E-05 0.9996 9.997E-05
9.99821E-05 0.0661553 9.99821E-05 0.000957138 0.932688
9.9982E-05 0.0185933 9.9982E-05 0.0761264 0.90508
0.0160248 9.99732E-05 9.99732E-05 9.99732E-05 0.983675
9.9982E-05 0.00859588 9.9982E-05 0.0065031 0.984701
0.022342 0.0852729 9.9982E-05 9.9982E-05 0.892185
0.909043 9.9982E-05 0.0451708 9.9982E-05 0.0455866
9.997E-05 9.997E-05 9.997E-05 0.9996 9.997E-05
0.012546 0.104991 0.178712 0.250459 0.453292
9.99731E-05 9.99731E-05 0.0133729 0.986327 9.99731E-05
9.9982E-05 9.9982E-05 0.0225979 0.95886 0.0183423
9.9973E-05 9.9973E-05 0.0816278 0.918072 9.9973E-05
0.00682805 9.9991E-05 0.030897 0.937798 0.024377
9.9982E-05 0.004616 9.9982E-05 0.933339 0.061845
9.997E-05 9.997E-05 9.997E-05 0.9996 9.997E-05
9.99732E-05 9.99732E-05 0.49837 0.50133 9.99732E-05
0.0210541 9.99911E-05 0.386404 0.538139 0.054303
9.9991E-05 0.00310334 0.0217182 0.970739 0.00433919
9.9991E-05 0.0776435 0.158023 0.0493225 0.714911
9.9991E-05 0.0709614 0.147859 0.0523346 0.728745
9.997E-05 0.9996 9.997E-05 9.997E-05 9.997E-05
9.997E-05 0.9996 9.997E-05 9.997E-05 9.997E-05
9.99819E-05 0.0819658 0.124975 9.99819E-05 0.79286
9.99819E-05 0.0718952 0.0818189 9.99819E-05 0.846086
9.997E-05 0.9996 9.997E-05 9.997E-05 9.997E-05
9.997E-05 0.9996 9.997E-05 9.997E-05 9.997E-05
9.9973E-05 9.9973E-05 0.000934175 9.9973E-05 0.998766
0.0787614 9.9991E-05 0.0640481 0.00680837 0.850282
9.9982E-05 9.9982E-05 0.634421 0.0666514 0.298728
0.130537 0.291719 9.9991E-05 0.0710166 0.506628
0.0838097 0.331349 9.99821E-05 9.99821E-05 0.584642
0.0533996 0.0170172 0.359687 0.569796 9.9991E-05
