0.956014 9.9991E-05 0.0438862
0.350511 0.326597 0.322892
0.12129 0.766823 0.111887
9.999E-05 0.99364 0.00625989
0.23286 0.450143 0.316998
9.999E-05 0.9998 9.999E-05
0.472504 9.99911E-05 0.527396
0.0680938 0.359513 0.572393
0.454819 0.0211052 0.524075
0.78611 9.9991E-05 0.21379
0.786148 9.9991E-05 0.213752
0.873243 0.126657 9.9991E-05
0.907978 0.0919221 9.9991E-05
0.00724873 0.992651 9.9991E-05
0.00366434 0.996236 9.9991E-05
0.851873 9.9991E-05 0.148027
0.96378 0.0361201 9.9991E-05
0.915579 9.99911E-05 0.0843207
0.9998 9.999E-05 9.999E-05
0.904288 9.9991E-05 0.0956119
0.9998 9.999E-05 9.999E-05
0.904023 0.0392391 0.0567376
0.91007 0.0285692 0.0613608
0.9998 9.999E-05 9.999E-05
9.999E-05 0.9998 9.999E-05
9.999E-05 0.9998 9.999E-05
0.984471 9.9991E-05 0.0154293
9.9991E-05 0.912089 0.0878105
9.9991E-05 0.886867 0.113033
0.0259212 0.667559 0.30652
9.9991E-05 0.664854 0.335046
0.237144 0.0870892 0.675767
9.999E-05 0.9998 9.999E-05
9.9991E-05 0.0700988 0.929801
0.89322 0.10668 9.9991E-05
0.0176232 0.982277 9.9991E-05
0.90084 0.0990605 9.9991E-05
0.732247 0.031147 0.236606
0.819601 0.180299 9.9991E-05
0.81133 0.18857 9.9991E-05
0.84672 0.117356 0.0359235
0.914255 9.99909E-05 0.0856447
0.826345 9.9991E-05 0.173555
0.87049 9.99909E-05 0.12941
0.92111 9.9991E-05 0.0787899
0.806536 0.0747539 0.118711
0.781649 0.140989 0.0773619
0.941191 9.99911E-05 0.0587093
9.999E-05 9.999E-05 0.9998
9.999E-05 9.999E-05 0.9998
9.999E-05 9.999E-05 0.9998
9.999E-05 9.999E-05 0.9998
9.999E-05 9.999E-05 0.9998
0.115148 0.175231 0.709621
9.999E-05 9.999E-05 0.9998
0.939242 9.9991E-05 0.0606581
0.276304 0.0696546 0.654041
9.999E-05 0.9998 9.999E-05
0.930553 0.0323088 0.0371378
0.84251 0.0788594 0.0786309
0.976801 0.0190957 0.00410363
0.973886 0.0260136 9.9991E-05
0.9998 9.999E-05 9.999E-05
0.9998 9.999E-05 9.999E-05
9.999E-05 0.9998 9.999E-05
0.447243 0.330952 0.221805
9.9991E-05 0.974662 0.0252378
0.0186206 0.941329 0.0400506
9.9991E-05 0.901252 0.0986482
9.9991E-05 0.930224 0.0696755
0.00884002 0.966541 0.024619
9.999E-05 0.9998 9.999E-05
9.99911E-05 0.500186 0.499714
0.00845573 0.548746 0.442799
9.9991E-05 0.984077 0.0158228
0.731167 0.0614205 0.207412
0.722072 0.0603525 0.217576
0.874248 0.125652 9.9991E-05
0.885266 0.114634 9.9991E-05
0.813001 9.99909E-05 0.186899
0.826961 9.99909E-05 0.172939
0.874012 0.125888 9.9991E-05
0.867379 0.132521 9.9991E-05
0.934472 9.9991E-05 0.0654277
0.882656 9.9991E-05 0.117244
0.260194 0.0682091 0.671597
0.887527 0.112373 9.9991E-05
0.943147 0.0567535 9.9991E-05
9.99911E-05 0.574775 0.425125
