0.0717047 9.9982E-05 9.9982E-05 0.928095
0.0255144 0.519642 9.9991E-05 0.454743
0.173607 0.820257 0.00603641 9.99911E-05
0.0318781 0.967922 9.9982E-05 9.9982E-05
0.00685196 0.697488 9.9991E-05 0.29556
0.0634786 0.936321 9.9982E-05 9.9982E-05
9.99821E-05 0.313179 9.99821E-05 0.686621
0.0435525 0.777802 9.9991E-05 0.178546
9.99821E-05 0.331866 9.99821E-05 0.667934
0.179037 0.0171518 9.9991E-05 0.803711
0.165207 0.0264861 9.9991E-05 0.808207
0.184429 0.0219697 9.9991E-05 0.793502
0.0163882 0.0752124 9.99911E-05 0.908299
0.00243448 0.992505 0.00496009 9.9991E-05
0.0284432 0.971357 9.9982E-05 9.9982E-05
0.0417595 0.0391654 9.9991E-05 0.918975
0.435062 0.0228585 0.0574147 0.484664
9.9991E-05 0.0408807 0.724954 0.234066
0.0855177 9.9982E-05 0.914282 9.9982E-05
0.203663 9.9982E-05 9.9982E-05 0.796137
9.998E-05 9.998E-05 0.9997 9.998E-05
0.0770117 9.9982E-05 9.9982E-05 0.922788
0.428167 0.0540742 0.417848 0.0999105
0.0890938 9.9982E-05 0.910706 9.9982E-05
9.998E-05 0.9997 9.998E-05 9.998E-05
9.998E-05 0.9997 9.998E-05 9.998E-05
0.101633 9.9982E-05 9.9982E-05 0.898167
9.998E-05 0.9997 9.998E-05 9.998E-05
9.998E-05 0.9997 9.998E-05 9.998E-05
0.0471147 0.901348 0.0349886 0.0165485
0.0681056 0.92759 0.0042043 9.9991E-05
9.9991E-05 0.565971 0.0154624 0.418466
9.998E-05 0.9997 9.998E-05 9.998E-05
9.99821E-05 0.811343 9.99821E-05 0.188457
0.285503 0.0382621 9.9991E-05 0.676135
0.00681359 0.992986 9.9982E-05 9.9982E-05
0.054105 0.0526673 9.9991E-05 0.893128
0.0474347 0.16683 0.0507575 0.734978
0.478274 0.134567 0.053483 0.333675
0.121829 0.108658 9.9991E-05 0.769413
0.100924 0.0902378 0.00326022 0.805578
0.134587 9.9991E-05 0.0201667 0.845146
9.9982E-05 0.0299871 9.9982E-05 0.969813
0.14818 9.9991E-05 0.0232634 0.828457
0.218898 9.9991E-05 0.110972 0.67003
0.112475 0.101461 0.0455321 0.740532
0.167573 0.147333 9.9991E-05 0.684995
9.99822E-05 9.99822E-05 0.042471 0.957329
9.9991E-05 0.788819 0.0508153 0.160266
9.9991E-05 0.786525 0.0451378 0.168238
9.9991E-05 0.783925 0.0552827 0.160692
9.9991E-05 0.793566 0.0524883 0.153845
9.9991E-05 0.824859 0.0481741 0.126867
9.9991E-05 0.733089 0.0599115 0.2069
9.9991E-05 0.774958 0.0261187 0.198823
9.998E-05 9.998E-05 9.998E-05 0.9997
9.9982E-05 0.530478 9.9982E-05 0.469322
0.00135653 0.998444 9.9982E-05 9.9982E-05
0.0844707 9.99821E-05 9.99821E-05 0.915329
0.0531475 0.0704516 9.9991E-05 0.876301
9.99821E-05 9.99821E-05 0.018142 0.981658
0.0147996 9.9982E-05 9.9982E-05 0.985
0.117835 9.9991E-05 0.0200634 0.862001
9.99821E-05 9.99821E-05 0.936135 0.0636646
9.998E-05 0.9997 9.998E-05 9.998E-05
0.1159 0.371378 0.0353354 0.477386
9.998E-05 0.9997 9.998E-05 9.998E-05
0.00159718 0.998203 9.9982E-05 9.9982E-05
9.998E-05 0.9997 9.998E-05 9.998E-05
9.9982E-05 0.983928 0.015872 9.9982E-05
0.054092 0.905339 9.9991E-05 0.0404692
9.998E-05 0.9997 9.998E-05 9.998E-05
9.99821E-05 0.946603 9.99821E-05 0.0531971
9.99911E-05 0.865764 0.000655147 0.133481
0.0182035 0.981597 9.9982E-05 9.9982E-05
0.0678092 0.154343 9.9991E-05 0.777748
0.0562556 0.13985 9.9991E-05 0.803795
0.9997 9.998E-05 9.998E-05 9.998E-05
0.9997 9.998E-05 9.998E-05 9.998E-05
0.114325 0.0237856 0.0127847 0.849105
0.107076 0.0157916 0.017798 0.859335
0.9997 9.998E-05 9.998E-05 9.998E-05
0.9997 9.998E-05 9.998E-05 9.998E-05
9.998E-05 9.998E-05 9.998E-05 0.9997
0.0083325 9.9991E-05 0.0492413 0.942326
9.9982E-05 0.507714 9.9982E-05 0.492086
0.347121 0.0168116 0.120313 0.515754
0.392903 9.9991E-05 0.0636934 0.543303
0.0522375 0.872625 0.0578549 0.0172826
