0.0470111 0.952789 9.9982E-05 9.9982E-05
0.318567 0.410832 9.9991E-05 0.270501
0.102589 0.0397218 0.0568605 0.800829
9.998E-05 9.998E-05 9.998E-05 0.9997
0.311756 0.240297 9.9991E-05 0.447847
9.9982E-05 9.9982E-05 0.00254368 0.997256
0.411424 0.54956 9.99911E-05 0.0389167
0.480702 0.106463 9.9991E-05 0.412736
0.445583 0.531605 9.9991E-05 0.0227121
0.19752 0.80228 9.9982E-05 9.9982E-05
0.111089 0.888711 9.9982E-05 9.9982E-05
9.9982E-05 0.904595 9.9982E-05 0.0952049
9.99821E-05 0.922616 9.99821E-05 0.0771843
9.999E-05 0.00828391 0.0182562 0.97336
9.999E-05 0.00096125 0.0109767 0.987962
0.0607454 0.939055 9.9982E-05 9.9982E-05
9.9991E-05 0.796148 0.160317 0.0434346
0.114358 0.191714 0.693828 9.9991E-05
9.998E-05 9.998E-05 0.9997 9.998E-05
0.0361708 0.963629 9.9982E-05 9.9982E-05
9.998E-05 9.998E-05 0.9997 9.998E-05
0.0112084 0.988592 9.9982E-05 9.9982E-05
0.0805252 0.345178 0.532959 0.0413386
9.9982E-05 0.0123965 0.987404 9.9982E-05
9.998E-05 9.998E-05 9.998E-05 0.9997
9.998E-05 9.998E-05 9.998E-05 0.9997
9.998E-05 0.9997 9.998E-05 9.998E-05
0.0485911 9.9982E-05 9.9982E-05 0.951209
0.0640439 9.9982E-05 9.9982E-05 0.935756
0.285721 9.9991E-05 0.0514713 0.662708
0.32075 9.9991E-05 0.0318774 0.647273
0.619064 0.282826 9.9991E-05 0.0980105
9.998E-05 9.998E-05 9.998E-05 0.9997
0.930345 9.9982E-05 9.9982E-05 0.0694554
9.9982E-05 0.901744 9.9982E-05 0.098056
9.9982E-05 0.0175408 9.9982E-05 0.982259
9.99821E-05 0.916332 9.99821E-05 0.0834684
0.210774 0.768023 0.0211028 9.9991E-05
9.9991E-05 0.65659 0.161758 0.181552
9.9982E-05 0.873778 9.9982E-05 0.126022
0.0409996 0.869531 0.0028483 0.0866212
0.0301988 0.95714 0.0125611 9.9991E-05
0.0707911 0.929009 9.9982E-05 9.9982E-05
0.131814 0.867986 9.9982E-05 9.9982E-05
0.0506334 0.812257 0.137009 9.9991E-05
0.108199 0.805766 0.040354 0.045681
0.0826334 0.813722 9.9991E-05 0.103545
0.0275774 0.952094 0.0202289 9.99911E-05
0.9997 9.998E-05 9.998E-05 9.998E-05
0.9997 9.998E-05 9.998E-05 9.998E-05
0.9997 9.998E-05 9.998E-05 9.998E-05
0.9997 9.998E-05 9.998E-05 9.998E-05
0.9997 9.998E-05 9.998E-05 9.998E-05
0.627696 0.182533 0.00668706 0.183084
0.995568 0.00423181 9.9982E-05 9.9982E-05
9.998E-05 0.9997 9.998E-05 9.998E-05
0.63364 0.265562 9.9991E-05 0.100698
9.998E-05 9.998E-05 9.998E-05 0.9997
9.9982E-05 0.996881 9.9982E-05 0.00291872
9.9982E-05 0.925304 9.9982E-05 0.0744957
9.998E-05 0.9997 9.998E-05 9.998E-05
9.998E-05 0.9997 9.998E-05 9.998E-05
9.9982E-05 0.980255 0.0195446 9.9982E-05
0.0290758 0.0851715 0.885653 9.9991E-05
9.998E-05 9.998E-05 9.998E-05 0.9997
0.126676 0.435015 0.106902 0.331408
9.998E-05 9.998E-05 9.998E-05 0.9997
0.0123756 0.00387126 9.9991E-05 0.983653
0.0533381 9.9982E-05 9.9982E-05 0.946462
0.0434195 9.9982E-05 9.9982E-05 0.95638
0.0118428 0.0312781 9.9991E-05 0.956779
9.998E-05 9.998E-05 9.998E-05 0.9997
0.497877 9.99821E-05 9.99821E-05 0.501923
0.431942 0.0534635 0.0102854 0.504309
9.9991E-05 0.00279393 0.00650153 0.990605
0.179485 0.787272 9.9991E-05 0.0331431
0.164462 0.806995 9.9991E-05 0.0284432
9.9991E-05 0.629695 0.2396 0.130605
9.9991E-05 0.626208 0.241497 0.132195
0.13113 0.86867 9.99819E-05 9.99819E-05
0.105467 0.894333 9.99819E-05 9.99819E-05
0.00530012 0.633397 0.234836 0.126467
9.9991E-05 0.608575 0.237288 0.154037
0.0551522 0.944648 9.9982E-05 9.9982E-05
0.0482819 0.918283 0.0267476 0.00668773
0.626346 0.29292 9.9991E-05 0.080634
9.9991E-05 0.700085 0.189883 0.109932
9.9991E-05 0.835433 0.150756 0.0137109
0.281906 9.9991E-05 0.0730371 0.644957
