9.9991E-05 0.953703 0.0461971
0.284315 0.355958 0.359727
0.795918 0.108622 0.0954595
0.9998 9.999E-05 9.999E-05
0.444519 0.228907 0.326574
0.9998 9.999E-05 9.999E-05
9.999E-05 0.497656 0.502244
0.422998 0.0897795 0.487223
9.9991E-05 0.44916 0.55074
9.9991E-05 0.812612 0.187288
9.9991E-05 0.830821 0.169079
0.107618 0.892282 9.9991E-05
0.102624 0.897276 9.9991E-05
0.979123 0.0207772 9.9991E-05
0.979414 0.0204861 9.9991E-05
0.0283375 0.874964 0.0966987
0.0365453 0.963355 9.9991E-05
9.99911E-05 0.986574 0.0133259
9.999E-05 0.9998 9.999E-05
9.9991E-05 0.896769 0.103131
9.999E-05 0.9998 9.999E-05
0.0201452 0.918973 0.0608813
0.0463232 0.932093 0.0215834
9.999E-05 0.9998 9.999E-05
0.9998 9.999E-05 9.999E-05
0.9998 9.999E-05 9.999E-05
9.9991E-05 0.996504 0.00339573
0.929013 9.9991E-05 0.070887
0.905553 9.9991E-05 0.0943469
0.654135 0.0381733 0.307692
0.671438 0.0129768 0.315585
0.0451814 0.264557 0.690261
0.9998 9.999E-05 9.999E-05
0.0934637 9.9991E-05 0.906436
0.13247 0.86743 9.9991E-05
0.986295 0.0136049 9.9991E-05
0.121312 0.878588 9.9991E-05
0.018778 0.734317 0.246905
0.178692 0.821208 9.9991E-05
0.159761 0.840139 9.99909E-05
0.106382 0.858758 0.0348598
9.9991E-05 0.936152 0.0637481
9.9991E-05 0.863493 0.136407
9.99909E-05 0.879293 0.120607
9.9991E-05 0.91178 0.0881203
0.0628588 0.819378 0.117763
0.151771 0.795188 0.0530412
9.99911E-05 0.946376 0.0535239
9.999E-05 9.999E-05 0.9998
9.999E-05 9.999E-05 0.9998
9.999E-05 9.999E-05 0.9998
9.999E-05 9.999E-05 0.9998
9.999E-05 9.999E-05 0.9998
0.192902 0.113405 0.693693
9.999E-05 9.999E-05 0.9998
9.9991E-05 0.934713 0.0651874
0.0853236 0.266675 0.648001
0.9998 9.999E-05 9.999E-05
0.0138859 0.975121 0.0109931
0.064034 0.861644 0.0743222
0.0277285 0.972171 9.9991E-05
0.0210661 0.978834 9.9991E-05
9.999E-05 0.9998 9.999E-05
9.99913E-05 0.988525 0.0113748
0.9998 9.999E-05 9.999E-05
0.312399 0.583106 0.104495
0.963559 9.9991E-05 0.0363414
0.9998 9.999E-05 9.999E-05
0.894867 9.9991E-05 0.105033
0.93756 9.9991E-05 0.0623403
0.929731 0.0302303 0.0400386
0.995427 0.00447337 9.9991E-05
0.499311 9.99911E-05 0.500589
0.516646 0.035897 0.447457
0.979471 9.9991E-05 0.0204293
0.0205462 0.772488 0.206965
0.0584622 0.718812 0.222725
0.144301 0.855599 9.9991E-05
0.1282 0.8717 9.9991E-05
9.9991E-05 0.836175 0.163725
9.99909E-05 0.845088 0.154812
0.148543 0.851358 9.9991E-05
0.144237 0.855663 9.9991E-05
9.9991E-05 0.917726 0.0821738
0.018918 0.895854 0.085228
0.0418209 0.232967 0.725212
0.103402 0.896498 9.9991E-05
0.0417985 0.958102 9.9991E-05
0.652489 0.00922262 0.338288
