9.997E-05 9.997E-05 9.997E-05 0.9996 9.997E-05
9.9982E-05 0.501649 9.9982E-05 0.467016 0.0311355
0.129686 0.817804 0.0262376 9.99911E-05 0.026172
9.9973E-05 0.972082 9.9973E-05 9.9973E-05 0.0276182
9.99731E-05 0.673936 9.99731E-05 0.325764 9.99731E-05
9.9973E-05 0.970252 9.9973E-05 9.9973E-05 0.029448
0.593557 0.317585 9.99821E-05 0.0886574 9.99821E-05
9.99731E-05 0.781786 9.99731E-05 0.217914 9.99731E-05
0.425398 0.339317 9.99821E-05 0.235085 9.99821E-05
0.0229388 0.00757818 9.9991E-05 0.923819 0.0455644
0.044164 9.99821E-05 9.99821E-05 0.890814 0.0648223
0.264148 0.0110915 9.9991E-05 0.563438 0.161223
0.9996 9.997E-05 9.997E-05 9.997E-05 9.997E-05
9.9982E-05 0.963469 0.0265172 9.9982E-05 0.0098141
9.9982E-05 0.972544 9.9982E-05 0.0114579 0.0157983
0.418116 0.033033 9.9991E-05 0.53788 0.0108713
0.205569 9.9991E-05 0.0725776 0.324201 0.397552
9.9982E-05 0.0501723 0.702875 0.246752 9.9982E-05
9.9973E-05 9.9973E-05 0.892542 9.9973E-05 0.107158
0.0694467 9.9982E-05 9.9982E-05 0.824144 0.106209
9.997E-05 9.997E-05 0.9996 9.997E-05 9.997E-05
0.0862761 9.9982E-05 9.9982E-05 0.910908 0.00261644
9.999E-05 0.0137368 0.403438 0.163454 0.419271
9.9973E-05 9.9973E-05 0.89459 9.9973E-05 0.10511
9.997E-05 0.9996 9.997E-05 9.997E-05 9.997E-05
9.997E-05 0.9996 9.997E-05 9.997E-05 9.997E-05
0.769508 9.99819E-05 9.99819E-05 0.161099 0.069193
0.0124851 0.987215 9.9973E-05 9.9973E-05 9.9973E-05
0.022559 0.977141 9.9973E-05 9.9973E-05 9.9973E-05
0.0285246 0.915101 0.0229237 0.00392651 0.0295247
9.9991E-05 0.906823 0.0109704 0.00470057 0.0774061
9.99731E-05 0.487569 9.99731E-05 0.512131 9.99731E-05
9.997E-05 0.9996 9.997E-05 9.997E-05 9.997E-05
9.99731E-05 0.796698 9.99731E-05 0.203002 9.99731E-05
0.57944 0.0473441 9.9991E-05 0.10187 0.271246
0.00834792 0.989328 9.9982E-05 9.9982E-05 0.00212452
9.99732E-05 9.99732E-05 9.99732E-05 0.997535 0.00216509
9.9982E-05 0.0989267 0.0328089 0.868064 9.9982E-05
0.196282 0.120924 0.05026 0.197255 0.43528
9.9982E-05 0.0703885 9.9982E-05 0.906164 0.0232473
9.9991E-05 0.0414189 0.00258507 0.925671 0.0302247
9.9982E-05 9.9982E-05 0.013758 0.935624 0.0504182
0.328436 9.9973E-05 9.9973E-05 0.671264 9.9973E-05
0.0135879 9.9991E-05 0.0179063 0.877786 0.0906198
0.21635 9.9991E-05 0.082321 0.512667 0.188561
0.0440484 0.0729633 0.0406586 0.784459 0.0578704
0.204551 0.111879 9.9991E-05 0.557102 0.126368
9.99733E-05 9.99733E-05 0.0130801 0.98662 9.99733E-05
9.9982E-05 0.77216 0.0217645 0.205876 9.9982E-05
9.9982E-05 0.745178 0.0243651 0.230257 9.9982E-05
9.9982E-05 0.738189 0.0236099 0.238001 9.9982E-05
9.9982E-05 0.764176 0.0332847 0.202339 9.9982E-05
9.9982E-05 0.826922 0.00252826 0.17035 9.9982E-05
9.99821E-05 0.722756 0.0699609 0.207083 9.99821E-05
9.9973E-05 0.710389 9.9973E-05 0.289311 9.9973E-05
0.0980872 9.9973E-05 9.9973E-05 0.901613 9.9973E-05
9.9973E-05 0.476262 9.9973E-05 0.523438 9.9973E-05
9.997E-05 0.9996 9.997E-05 9.997E-05 9.997E-05
0.875696 0.00259512 9.9991E-05 0.0720094 0.0496
0.415337 0.0451853 9.9982E-05 0.539278 9.9982E-05
0.9996 9.997E-05 9.997E-05 9.997E-05 9.997E-05
0.943072 9.99819E-05 9.99819E-05 0.0317638 0.024964
0.826059 9.99819E-05 9.99819E-05 0.0702138 0.103527
9.99731E-05 9.99731E-05 0.915155 0.0845448 9.99731E-05
9.997E-05 0.9996 9.997E-05 9.997E-05 9.997E-05
0.19716 0.445491 0.124914 0.19792 0.0345158
0.0126521 0.987048 9.99731E-05 9.99731E-05 9.99731E-05
0.00171098 0.988136 9.9982E-05 0.00995323 9.9982E-05
0.0317657 0.967934 9.9973E-05 9.9973E-05 9.9973E-05
0.0131458 0.986554 9.9973E-05 9.9973E-05 9.9973E-05
9.9982E-05 0.942653 9.9982E-05 0.0505908 0.0065564
9.997E-05 0.9996 9.997E-05 9.997E-05 9.997E-05
0.0369584 0.901237 9.99821E-05 0.0616047 9.99821E-05
0.21045 0.78925 9.99732E-05 9.99732E-05 9.99732E-05
0.00552396 0.965385 9.9982E-05 9.9982E-05 0.0288915
0.145771 0.116894 9.9991E-05 0.695814 0.041421
0.202064 0.126781 9.9991E-05 0.634961 0.0360938
9.997E-05 9.997E-05 9.997E-05 9.997E-05 0.9996
9.997E-05 9.997E-05 9.997E-05 9.997E-05 0.9996
0.05307 0.0153062 9.9991E-05 0.903173 0.0283509
0.113497 9.9982E-05 0.00475504 0.881548 9.9982E-05
9.997E-05 9.997E-05 9.997E-05 9.997E-05 0.9996
9.997E-05 9.997E-05 9.997E-05 9.997E-05 0.9996
0.102494 9.9973E-05 9.9973E-05 0.897206 9.9973E-05
0.321483 0.0209664 0.0377409 0.619709 9.9991E-05
9.9973E-05 0.517454 9.9973E-05 0.482246 9.9973E-05
0.355134 0.0468316 0.12571 0.125814 0.34651
0.475389 9.9991E-05 0.0602965 0.088797 0.375418
9.99821E-05 0.873602 0.0717869 9.99821E-05 0.0544113
