9.98828E-05 0.0506671 9.98828E-05 9.98828E-05 9.98828E-05 9.98828E-05 9.98828E-05 9.98828E-05 9.98828E-05 9.98828E-05 9.98828E-05 0.0346607 9.98828E-05 9.98828E-05 9.98828E-05 0.913374
9.98801E-05 9.98801E-05 9.98801E-05 0.0824667 9.98801E-05 9.98801E-05 9.98801E-05 0.136887 9.98801E-05 9.98801E-05 0.721588 9.98801E-05 9.98801E-05 9.98801E-05 9.98801E-05 0.0578601
9.98652E-05 9.98652E-05 9.98652E-05 9.98652E-05 9.98652E-05 9.98652E-05 9.98652E-05 9.98652E-05 0.998502 9.98652E-05 9.98652E-05 9.98652E-05 9.98652E-05 9.98652E-05 9.98652E-05 9.98652E-05
9.99101E-05 9.99101E-05 0.0202391 9.99101E-05 0.0226222 9.99101E-05 9.99101E-05 0.918965 9.99101E-05 0.0181373 9.99101E-05 0.0113194 9.99101E-05 0.00771812 9.99101E-05 9.99101E-05
9.9865E-05 9.9865E-05 9.9865E-05 9.9865E-05 9.9865E-05 9.9865E-05 0.998502 9.9865E-05 9.9865E-05 9.9865E-05 9.9865E-05 9.9865E-05 9.9865E-05 9.9865E-05 9.9865E-05 9.9865E-05
9.98831E-05 9.98831E-05 9.98831E-05 9.98831E-05 9.98831E-05 9.98831E-05 0.00212572 0.993857 9.98831E-05 9.98831E-05 9.98831E-05 9.98831E-05 9.98831E-05 9.98831E-05 0.0027188 9.98831E-05
9.98652E-05 9.98652E-05 9.98652E-05 9.98652E-05 9.98652E-05 9.98652E-05 9.98652E-05 9.98652E-05 9.98652E-05 9.98652E-05 9.98652E-05 9.98652E-05 9.98652E-05 0.998502 9.98652E-05 9.98652E-05
9.99369E-05 0.0471723 9.99369E-05 9.99369E-05 0.0203294 0.619759 0.0867276 0.0156883 0.0441674 0.0776675 0.0774729 0.0103157 9.99369E-05 9.99369E-05 9.99369E-05 9.99369E-05
9.98831E-05 9.98831E-05 9.98831E-05 9.98831E-05 9.98831E-05 9.98831E-05 9.98831E-05 0.00179078 9.98831E-05 9.98831E-05 0.0428104 9.98831E-05 9.98831E-05 0.9541 9.98831E-05 9.98831E-05
9.9883E-05 0.792904 9.9883E-05 9.9883E-05 9.9883E-05 9.9883E-05 0.0850995 9.9883E-05 9.9883E-05 9.9883E-05 9.9883E-05 9.9883E-05 9.9883E-05 0.120698 9.9883E-05 9.9883E-05
9.98831E-05 0.826803 9.98831E-05 9.98831E-05 9.98831E-05 9.98831E-05 0.0719151 9.98831E-05 9.98831E-05 9.98831E-05 9.98831E-05 9.98831E-05 9.98831E-05 0.0999838 9.98831E-05 9.98831E-05
9.9892E-05 9.9892E-05 9.9892E-05 9.9892E-05 9.9892E-05 9.9892E-05 9.9892E-05 9.9892E-05 0.0314636 9.9892E-05 9.9892E-05 0.138438 0.165367 9.9892E-05 9.9892E-05 0.663533
9.98744E-05 9.98744E-05 9.98744E-05 9.98744E-05 9.98744E-05 0.0107249 9.98744E-05 9.98744E-05 9.98744E-05 9.98744E-05 9.98744E-05 9.98744E-05 0.987877 9.98744E-05 9.98744E-05 9.98744E-05
0.00265077 9.99101E-05 9.99101E-05 9.99101E-05 9.99101E-05 9.99101E-05 9.99101E-05 0.964767 9.99101E-05 9.99101E-05 0.0154022 0.00269477 9.99101E-05 9.99101E-05 0.012011 0.00147545
0.0115532 9.9892E-05 9.9892E-05 9.9892E-05 9.9892E-05 9.9892E-05 0.0299339 0.932415 9.9892E-05 9.9892E-05 9.9892E-05 9.9892E-05 9.9892E-05 9.9892E-05 9.9892E-05 0.0248987
9.98921E-05 0.0086746 0.822907 0.0136395 9.98921E-05 9.98921E-05 9.98921E-05 9.98921E-05 9.98921E-05 9.98921E-05 9.98921E-05 9.98921E-05 0.15358 9.98921E-05 9.98921E-05 9.98921E-05
9.98738E-05 0.0770446 9.98738E-05 0.921557 9.98738E-05 9.98738E-05 9.98738E-05 9.98738E-05 9.98738E-05 9.98738E-05 9.98738E-05 9.98738E-05 9.98738E-05 9.98738E-05 9.98738E-05 9.98738E-05
0.733485 0.0868353 0.0813564 9.99099E-05 9.99099E-05 9.99099E-05 9.99099E-05 9.99099E-05 9.99099E-05 9.99099E-05 0.0627511 9.99099E-05 9.99099E-05 0.0088675 9.99099E-05 0.0257053
0.888473 9.98832E-05 9.98832E-05 9.98832E-05 9.98832E-05 9.98832E-05 9.98832E-05 9.98832E-05 9.98832E-05 9.98832E-05 9.98832E-05 0.0359328 9.98832E-05 9.98832E-05 0.0742954 9.98832E-05
9.99009E-05 0.437957 0.364224 0.0805557 9.99009E-05 9.99009E-05 9.99009E-05 9.99009E-05 9.99009E-05 9.99009E-05 9.99009E-05 0.0252521 9.99009E-05 9.99009E-05 9.99009E-05 0.0909125
0.988104 9.98741E-05 9.98741E-05 9.98741E-05 9.98741E-05 9.98741E-05 9.98741E-05 9.98741E-05 0.010498 9.98741E-05 9.98741E-05 9.98741E-05 9.98741E-05 9.98741E-05 9.98741E-05 9.98741E-05
9.99189E-05 0.064354 0.258463 0.120745 9.99189E-05 9.99189E-05 9.99189E-05 9.99189E-05 9.99189E-05 9.99189E-05 9.99189E-05 0.0166406 0.039817 9.99189E-05 0.0101715 0.48891
0.421217 0.124641 9.9901E-05 0.225261 9.9901E-05 9.9901E-05 0.0395732 9.9901E-05 9.9901E-05 9.9901E-05 9.9901E-05 0.188209 9.9901E-05 9.9901E-05 9.9901E-05 9.9901E-05
0.919198 0.0697244 9.98831E-05 9.98831E-05 9.98831E-05 9.98831E-05 9.98831E-05 9.98831E-05 9.98831E-05 9.98831E-05 9.98831E-05 0.00977899 9.98831E-05 9.98831E-05 9.98831E-05 9.98831E-05
9.98833E-05 9.98833E-05 9.98833E-05 9.98833E-05 0.579213 9.98833E-05 9.98833E-05 0.415603 9.98833E-05 9.98833E-05 9.98833E-05 0.00388535 9.98833E-05 9.98833E-05 9.98833E-05 9.98833E-05
9.98742E-05 9.98742E-05 9.98742E-05 9.98742E-05 0.152527 9.98742E-05 9.98742E-05 0.846075 9.98742E-05 9.98742E-05 9.98742E-05 9.98742E-05 9.98742E-05 9.98742E-05 9.98742E-05 9.98742E-05
9.99008E-05 0.0823305 9.99008E-05 0.0558397 9.99008E-05 9.99008E-05 9.99008E-05 9.99008E-05 9.99008E-05 9.99008E-05 9.99008E-05 0.0276404 0.777999 9.99008E-05 9.99008E-05 0.0550912
9.98651E-05 9.98651E-05 9.98651E-05 9.98651E-05 0.998502 9.98651E-05 9.98651E-05 9.98651E-05 9.98651E-05 9.98651E-05 9.98651E-05 9.98651E-05 9.98651E-05 9.98651E-05 9.98651E-05 9.98651E-05
9.98653E-05 9.98653E-05 9.98653E-05 9.98653E-05 0.998502 9.98653E-05 9.98653E-05 9.98653E-05 9.98653E-05 9.98653E-05 9.98653E-05 9.98653E-05 9.98653E-05 9.98653E-05 9.98653E-05 9.98653E-05
9.99281E-05 9.99281E-05 9.99281E-05 9.99281E-05 0.236904 0.219305 0.0446541 0.307419 0.00984707 0.124982 9.99281E-05 0.00884537 9.99281E-05 9.99281E-05 0.0472446 9.99281E-05
9.99099E-05 9.99099E-05 9.99099E-05 0.00311192 0.0101757 0.587228 9.99099E-05 0.320278 9.99099E-05 0.0395063 9.99099E-05 0.0387005 9.99099E-05 9.99099E-05 9.99099E-05 9.99099E-05
9.98654E-05 9.98654E-05 9.98654E-05 9.98654E-05 9.98654E-05 9.98654E-05 9.98654E-05 9.98654E-05 9.98654E-05 9.98654E-05 0.998502 9.98654E-05 9.98654E-05 9.98654E-05 9.98654E-05 9.98654E-05
9.98832E-05 9.98832E-05 9.98832E-05 9.98832E-05 0.244177 0.165647 9.98832E-05 0.588878 9.98832E-05 9.98832E-05 9.98832E-05 9.98832E-05 9.98832E-05 9.98832E-05 9.98832E-05 9.98832E-05
9.99012E-05 0.014891 9.99012E-05 9.99012E-05 9.99012E-05 0.235941 9.99012E-05 9.99012E-05 9.99012E-05 0.671 0.0732511 9.99012E-05 0.00381835 9.99012E-05 9.99012E-05 9.99012E-05
9.99097E-05 9.99097E-05 9.99097E-05 0.289675 9.99097E-05 0.0264174 0.0435969 9.99097E-05 9.99097E-05 9.99097E-05 9.99097E-05 0.108404 0.51781 9.99097E-05 9.99097E-05 0.0130977
9.99009E-05 9.99009E-05 9.99009E-05 0.025298 0.47635 0.0144185 0.00217613 0.480659 9.99009E-05 9.99009E-05 9.99009E-05 9.99009E-05 9.99009E-05 9.99009E-05 9.99009E-05 9.99009E-05
9.9892E-05 9.9892E-05 9.9892E-05 0.00600985 9.9892E-05 9.9892E-05 0.0157876 9.9892E-05 0.0307792 9.9892E-05 9.9892E-05 9.9892E-05 9.9892E-05 9.9892E-05 9.9892E-05 0.946225
9.99189E-05 0.634982 9.99189E-05 0.0141001 9.99189E-05 0.010217 9.99189E-05 0.0212274 9.99189E-05 9.99189E-05 0.216858 9.99189E-05 9.99189E-05 9.99189E-05 0.0427356 0.0589806
9.98738E-05 9.98738E-05 9.98738E-05 0.985746 9.98738E-05 0.0128557 9.98738E-05 9.98738E-05 9.98738E-05 9.98738E-05 9.98738E-05 9.98738E-05 9.98738E-05 9.98738E-05 9.98738E-05 9.98738E-05
9.99188E-05 0.242085 0.24852 0.169275 9.99188E-05 9.99188E-05 0.0203124 0.0912057 9.99188E-05 9.99188E-05 9.99188E-05 9.99188E-05 9.99188E-05 9.99188E-05 0.00744254 0.22026
9.99187E-05 0.250736 0.239057 0.12512 9.99187E-05 9.99187E-05 0.0652059 0.042106 9.99187E-05 9.99187E-05 9.99187E-05 9.99187E-05 9.99187E-05 9.99187E-05 0.00364004 0.273236
9.9892E-05 0.931284 0.0103535 0.0214131 9.9892E-05 9.9892E-05 9.9892E-05 9.9892E-05 9.9892E-05 9.9892E-05 9.9892E-05 9.9892E-05 9.9892E-05 9.9892E-05 9.9892E-05 0.0357506
0.00157214 9.991E-05 0.873239 9.991E-05 9.991E-05 9.991E-05 9.991E-05 9.991E-05 9.991E-05 9.991E-05 9.991E-05 9.991E-05 0.0396082 0.065097 0.00639668 0.0130882
9.9901E-05 0.963407 9.9901E-05 0.0151365 9.9901E-05 9.9901E-05 9.9901E-05 9.9901E-05 0.0025293 9.9901E-05 9.9901E-05 0.00513744 0.0126904 9.9901E-05 9.9901E-05 9.9901E-05
0.105771 0.473684 0.0932485 9.9928E-05 9.9928E-05 9.9928E-05 9.9928E-05 9.9928E-05 9.9928E-05 9.9928E-05 0.0404035 0.10738 0.109068 0.00454809 9.9928E-05 0.0650975
9.99279E-05 0.462439 0.136136 9.99279E-05 9.99279E-05 9.99279E-05 0.0811844 0.0289848 0.0194996 9.99279E-05 9.99279E-05 0.012083 9.99279E-05 9.99279E-05 0.0907807 0.168093
9.99459E-05 0.208988 9.99459E-05 0.274265 9.99459E-05 9.99459E-05 0.0529294 0.0596987 0.00901135 9.99459E-05 9.99459E-05 0.0179021 0.112507 0.0797062 0.0170851 0.167307
0.0112846 9.98749E-05 9.98749E-05 9.98749E-05 9.98749E-05 9.98749E-05 9.98749E-05 9.98749E-05 9.98749E-05 9.98749E-05 9.98749E-05 9.98749E-05 9.98749E-05 9.98749E-05 9.98749E-05 0.987317
9.98651E-05 9.98651E-05 9.98651E-05 9.98651E-05 9.98651E-05 9.98651E-05 9.98651E-05 9.98651E-05 9.98651E-05 0.998502 9.98651E-05 9.98651E-05 9.98651E-05 9.98651E-05 9.98651E-05 9.98651E-05
9.98651E-05 9.98651E-05 9.98651E-05 9.98651E-05 9.98651E-05 9.98651E-05 9.98651E-05 9.98651E-05 9.98651E-05 0.998502 9.98651E-05 9.98651E-05 9.98651E-05 9.98651E-05 9.98651E-05 9.98651E-05
9.98741E-05 9.98741E-05 9.98741E-05 0.0218703 9.98741E-05 9.98741E-05 9.98741E-05 9.98741E-05 9.98741E-05 0.976731 9.98741E-05 9.98741E-05 9.98741E-05 9.98741E-05 9.98741E-05 9.98741E-05
0.00362174 9.98742E-05 9.98742E-05 9.98742E-05 9.98742E-05 9.98742E-05 9.98742E-05 9.98742E-05 9.98742E-05 0.99498 9.98742E-05 9.98742E-05 9.98742E-05 9.98742E-05 9.98742E-05 9.98742E-05
9.98653E-05 9.98653E-05 9.98653E-05 9.98653E-05 9.98653E-05 9.98653E-05 9.98653E-05 9.98653E-05 9.98653E-05 0.998502 9.98653E-05 9.98653E-05 9.98653E-05 9.98653E-05 9.98653E-05 9.98653E-05
0.0401744 0.0250866 0.0464074 9.99372E-05 0.0143488 0.252971 0.000121432 0.129345 9.99372E-05 0.426077 9.99372E-05 9.99372E-05 9.99372E-05 0.0647692 9.99372E-05 9.99372E-05
9.99011E-05 9.99011E-05 0.0275314 9.99011E-05 9.99011E-05 9.99011E-05 9.99011E-05 9.99011E-05 9.99011E-05 0.904958 0.0535631 9.99011E-05 0.00396519 9.99011E-05 9.99011E-05 0.00888298
9.9874E-05 9.9874E-05 0.163274 9.9874E-05 9.9874E-05 9.9874E-05 9.9874E-05 9.9874E-05 9.9874E-05 9.9874E-05 9.9874E-05 9.9874E-05 9.9874E-05 9.9874E-05 9.9874E-05 0.835328
9.99099E-05 9.99099E-05 0.00201259 9.99099E-05 0.0179379 9.99099E-05 0.00535651 9.99099E-05 9.99099E-05 0.0443718 0.885715 9.99099E-05 9.99099E-05 0.0436073 9.99099E-05 9.99099E-05
9.98829E-05 9.98829E-05 9.98829E-05 9.98829E-05 0.398884 9.98829E-05 0.0324981 0.567319 9.98829E-05 9.98829E-05 9.98829E-05 9.98829E-05 9.98829E-05 9.98829E-05 9.98829E-05 9.98829E-05
9.991E-05 9.991E-05 0.103182 9.991E-05 9.991E-05 9.991E-05 9.991E-05 9.991E-05 9.991E-05 0.0357208 9.991E-05 0.0245487 0.811816 0.00672227 9.991E-05 0.0170116
9.98834E-05 9.98834E-05 0.941641 9.98834E-05 9.98834E-05 9.98834E-05 0.00562009 9.98834E-05 9.98834E-05 9.98834E-05 9.98834E-05 9.98834E-05 0.0514404 9.98834E-05 9.98834E-05 9.98834E-05
9.98744E-05 9.98744E-05 9.98744E-05 9.98744E-05 9.98744E-05 9.98744E-05 9.98744E-05 9.98744E-05 9.98744E-05 9.98744E-05 9.98744E-05 9.98744E-05 0.947936 0.0506656 9.98744E-05 9.98744E-05
9.98739E-05 0.149876 9.98739E-05 9.98739E-05 9.98739E-05 9.98739E-05 9.98739E-05 9.98739E-05 9.98739E-05 9.98739E-05 9.98739E-05 9.98739E-05 0.848726 9.98739E-05 9.98739E-05 9.98739E-05
9.98918E-05 0.0935486 9.98918E-05 0.0146898 9.98918E-05 9.98918E-05 9.98918E-05 9.98918E-05 9.98918E-05 9.98918E-05 9.98918E-05 0.058931 0.831632 9.98918E-05 9.98918E-05 9.98918E-05
9.98651E-05 9.98651E-05 9.98651E-05 9.98651E-05 9.98651E-05 9.98651E-05 9.98651E-05 9.98651E-05 9.98651E-05 9.98651E-05 9.98651E-05 9.98651E-05 9.98651E-05 9.98651E-05 0.998502 9.98651E-05
9.99015E-05 9.99015E-05 9.99015E-05 9.99015E-05 0.738849 9.99015E-05 0.012264 0.228995 0.0141722 9.99015E-05 9.99015E-05 0.00462105 9.99015E-05 9.99015E-05 9.99015E-05 9.99015E-05
0.0486737 0.233711 9.9955E-05 0.033549 0.150442 0.0119254 9.9955E-05 0.0834383 9.9955E-05 0.0682563 9.9955E-05 0.114944 0.179575 0.0625753 0.0124099 9.9955E-05
9.98834E-05 9.98834E-05 9.98834E-05 9.98834E-05 9.98834E-05 0.0592985 9.98834E-05 0.817714 0.121689 9.98834E-05 9.98834E-05 9.98834E-05 9.98834E-05 9.98834E-05 9.98834E-05 9.98834E-05
9.99011E-05 9.99011E-05 9.99011E-05 9.99011E-05 0.150471 0.00128349 0.0604681 0.770125 9.99011E-05 0.0165539 9.99011E-05 9.99011E-05 9.99011E-05 9.99011E-05 9.99011E-05 9.99011E-05
9.98921E-05 0.00212572 0.00853041 9.98921E-05 0.98726 9.98921E-05 9.98921E-05 9.98921E-05 9.98921E-05 9.98921E-05 9.98921E-05 9.98921E-05 9.98921E-05 0.000885328 9.98921E-05 9.98921E-05
0.00149668 9.98742E-05 9.98742E-05 9.98742E-05 0.997105 9.98742E-05 9.98742E-05 9.98742E-05 9.98742E-05 9.98742E-05 9.98742E-05 9.98742E-05 9.98742E-05 9.98742E-05 9.98742E-05 9.98742E-05
9.99102E-05 0.0237651 9.99102E-05 0.00380456 0.0809116 0.110598 0.0492084 0.730714 9.99102E-05 9.99102E-05 9.99102E-05 9.99102E-05 9.99102E-05 9.99102E-05 9.99102E-05 9.99102E-05
9.98919E-05 9.98919E-05 9.98919E-05 0.0325787 0.410859 9.98919E-05 0.0198306 0.535533 9.98919E-05 9.98919E-05 9.98919E-05 9.98919E-05 9.98919E-05 9.98919E-05 9.98919E-05 9.98919E-05
9.98739E-05 9.98739E-05 9.98739E-05 9.98739E-05 9.98739E-05 0.964637 0.0339645 9.98739E-05 9.98739E-05 9.98739E-05 9.98739E-05 9.98739E-05 9.98739E-05 9.98739E-05 9.98739E-05 9.98739E-05
9.98831E-05 9.98831E-05 9.98831E-05 9.98831E-05 9.98831E-05 0.975182 9.98831E-05 9.98831E-05 9.98831E-05 9.98831E-05 9.98831E-05 9.98831E-05 0.0144983 0.00902168 9.98831E-05 9.98831E-05
9.99011E-05 9.99011E-05 0.0317924 9.99011E-05 0.0641103 9.99011E-05 9.99011E-05 0.831535 0.044092 0.0273711 9.99011E-05 9.99011E-05 9.99011E-05 9.99011E-05 9.99011E-05 9.99011E-05
9.9892E-05 9.9892E-05 0.962526 9.9892E-05 9.9892E-05 0.0177009 9.9892E-05 9.9892E-05 9.9892E-05 0.00952262 9.9892E-05 0.0090519 9.9892E-05 9.9892E-05 9.9892E-05 9.9892E-05
9.9874E-05 9.9874E-05 0.981144 9.9874E-05 9.9874E-05 9.9874E-05 9.9874E-05 9.9874E-05 9.9874E-05 0.0174579 9.9874E-05 9.9874E-05 9.9874E-05 9.9874E-05 9.9874E-05 9.9874E-05
9.98652E-05 9.98652E-05 9.98652E-05 9.98652E-05 9.98652E-05 9.98652E-05 9.98652E-05 9.98652E-05 9.98652E-05 9.98652E-05 9.98652E-05 0.998502 9.98652E-05 9.98652E-05 9.98652E-05 9.98652E-05
9.98652E-05 9.98652E-05 9.98652E-05 9.98652E-05 9.98652E-05 9.98652E-05 9.98652E-05 9.98652E-05 9.98652E-05 9.98652E-05 9.98652E-05 0.998502 9.98652E-05 9.98652E-05 9.98652E-05 9.98652E-05
9.99009E-05 0.854153 0.0820358 9.99009E-05 0.0094916 9.99009E-05 9.99009E-05 9.99009E-05 9.99009E-05 9.99009E-05 0.0504461 9.99009E-05 9.99009E-05 9.99009E-05 9.99009E-05 0.00277442
9.9901E-05 0.827154 0.0813149 9.9901E-05 0.00641513 9.9901E-05 9.9901E-05 9.9901E-05 9.9901E-05 9.9901E-05 0.0509197 9.9901E-05 0.0330978 9.9901E-05 9.9901E-05 9.9901E-05
9.98832E-05 9.98832E-05 0.00253782 9.98832E-05 9.98832E-05 0.0335612 9.98832E-05 9.98832E-05 9.98832E-05 9.98832E-05 9.98832E-05 0.962603 9.98832E-05 9.98832E-05 9.98832E-05 9.98832E-05
9.98652E-05 9.98652E-05 9.98652E-05 9.98652E-05 9.98652E-05 9.98652E-05 9.98652E-05 9.98652E-05 9.98652E-05 9.98652E-05 9.98652E-05 0.998502 9.98652E-05 9.98652E-05 9.98652E-05 9.98652E-05
9.98919E-05 9.98919E-05 9.98919E-05 9.98919E-05 9.98919E-05 9.98919E-05 9.98919E-05 9.98919E-05 9.98919E-05 0.0115065 9.98919E-05 9.98919E-05 0.0382555 0.00222388 9.98919E-05 0.946815
0.0662925 0.178389 0.39801 9.99189E-05 9.99189E-05 9.99189E-05 9.99189E-05 9.99189E-05 9.99189E-05 9.99189E-05 0.00769369 9.99189E-05 0.136129 0.134354 9.99189E-05 0.0782327
9.9883E-05 9.9883E-05 9.9883E-05 9.9883E-05 9.9883E-05 9.9883E-05 9.9883E-05 9.9883E-05 9.9883E-05 0.0372973 0.900694 9.9883E-05 9.9883E-05 0.0607102 9.9883E-05 9.9883E-05
9.99104E-05 0.186544 9.99104E-05 0.383839 9.99104E-05 9.99104E-05 0.0385973 9.99104E-05 9.99104E-05 9.99104E-05 9.99104E-05 0.0763463 0.248375 9.99104E-05 0.0652988 9.99104E-05
0.038057 9.99013E-05 9.99013E-05 0.43543 9.99013E-05 9.99013E-05 9.99013E-05 9.99013E-05 9.99013E-05 9.99013E-05 9.99013E-05 0.101524 0.324277 9.99013E-05 9.99013E-05 0.0996127
0.0417223 9.99191E-05 9.99191E-05 9.99191E-05 0.26468 0.58565 9.99191E-05 0.0427356 9.99191E-05 0.0392216 0.00449312 0.0205978 9.99191E-05 9.99191E-05 9.99191E-05 9.99191E-05
