0.0127727 0.968261 9.98919E-05 9.98919E-05 9.98919E-05 9.98919E-05 9.98919E-05 9.98919E-05 9.98919E-05 9.98919E-05 9.98919E-05 9.98919E-05 0.0132483 0.00451968 9.98919E-05 9.98919E-05
0.101346 0.0398442 9.98919E-05 0.736683 9.98919E-05 9.98919E-05 9.98919E-05 9.98919E-05 9.98919E-05 9.98919E-05 0.120928 9.98919E-05 9.98919E-05 9.98919E-05 9.98919E-05 9.98919E-05
9.99107E-05 9.99107E-05 9.99107E-05 9.99107E-05 0.171098 0.0454587 9.99107E-05 0.0403724 9.99107E-05 0.0656453 0.583986 0.0924397 9.99107E-05 9.99107E-05 9.99107E-05 9.99107E-05
9.9892E-05 9.9892E-05 0.0175237 9.9892E-05 9.9892E-05 0.0760024 9.9892E-05 0.0183937 9.9892E-05 9.9892E-05 0.886881 9.9892E-05 9.9892E-05 9.9892E-05 9.9892E-05 9.9892E-05
0.0229709 0.0277353 9.99461E-05 0.123106 0.152233 9.99461E-05 0.00571852 9.99461E-05 0.211386 9.99461E-05 0.342533 9.99461E-05 0.0633565 0.0192264 0.0311342 9.99461E-05
9.9883E-05 9.9883E-05 9.9883E-05 9.9883E-05 9.9883E-05 9.9883E-05 0.0149864 9.9883E-05 9.9883E-05 9.9883E-05 0.982727 9.9883E-05 9.9883E-05 9.9883E-05 0.000988481 9.9883E-05
9.98651E-05 9.98651E-05 9.98651E-05 9.98651E-05 9.98651E-05 9.98651E-05 9.98651E-05 9.98651E-05 0.998502 9.98651E-05 9.98651E-05 9.98651E-05 9.98651E-05 9.98651E-05 9.98651E-05 9.98651E-05
9.99098E-05 9.99098E-05 9.99098E-05 0.10321 0.665917 0.0516854 9.99098E-05 0.0199989 9.99098E-05 9.99098E-05 9.99098E-05 9.99098E-05 0.0850953 0.073094 9.99098E-05 9.99098E-05
9.98919E-05 9.98919E-05 0.012955 0.0495434 9.98919E-05 9.98919E-05 9.98919E-05 9.98919E-05 0.915047 9.98919E-05 9.98919E-05 9.98919E-05 9.98919E-05 0.0212563 9.98919E-05 9.98919E-05
9.98741E-05 9.98741E-05 9.98741E-05 9.98741E-05 9.98741E-05 9.98741E-05 9.98741E-05 9.98741E-05 0.117077 9.98741E-05 9.98741E-05 9.98741E-05 0.881525 9.98741E-05 9.98741E-05 9.98741E-05
9.98602E-05 9.98602E-05 9.98602E-05 9.98602E-05 9.98602E-05 9.98602E-05 9.98602E-05 9.98602E-05 0.118918 9.98602E-05 9.98602E-05 9.98602E-05 0.879684 9.98602E-05 9.98602E-05 9.98602E-05
0.00148977 0.687607 9.99011E-05 9.99011E-05 9.99011E-05 0.0302909 9.99011E-05 0.144309 9.99011E-05 0.135205 9.99011E-05 9.99011E-05 9.99011E-05 9.99011E-05 9.99011E-05 9.99011E-05
9.98924E-05 9.98924E-05 9.98924E-05 9.98924E-05 0.0360663 0.00392733 9.98924E-05 9.98924E-05 9.98924E-05 0.955535 9.98924E-05 9.98924E-05 9.98924E-05 9.98924E-05 0.0032724 9.98924E-05
9.98921E-05 9.98921E-05 9.98921E-05 0.0221126 9.98921E-05 9.98921E-05 9.98921E-05 9.98921E-05 9.98921E-05 9.98921E-05 0.966486 9.98921E-05 9.98921E-05 9.98921E-05 0.00236991 0.00783283
9.98921E-05 0.00278677 9.98921E-05 9.98921E-05 9.98921E-05 9.98921E-05 9.98921E-05 9.98921E-05 9.98921E-05 9.98921E-05 0.963749 0.0143096 0.0179562 9.98921E-05 9.98921E-05 9.98921E-05
9.9883E-05 9.9883E-05 0.747026 9.9883E-05 9.9883E-05 9.9883E-05 9.9883E-05 9.9883E-05 9.9883E-05 0.11819 9.9883E-05 9.9883E-05 9.9883E-05 9.9883E-05 0.133485 9.9883E-05
0.932091 9.9883E-05 9.9883E-05 9.9883E-05 9.9883E-05 9.9883E-05 9.9883E-05 9.9883E-05 9.9883E-05 9.9883E-05 9.9883E-05 9.9883E-05 0.0616909 9.9883E-05 9.9883E-05 0.00491948
9.98649E-05 9.98649E-05 9.98649E-05 9.98649E-05 9.98649E-05 9.98649E-05 9.98649E-05 9.98649E-05 9.98649E-05 9.98649E-05 9.98649E-05 0.998502 9.98649E-05 9.98649E-05 9.98649E-05 9.98649E-05
9.98921E-05 9.98921E-05 9.98921E-05 9.98921E-05 9.98921E-05 9.98921E-05 0.029115 0.0384952 9.98921E-05 0.0207033 9.98921E-05 9.98921E-05 9.98921E-05 9.98921E-05 9.98921E-05 0.910488
0.0102778 0.0724843 0.27542 9.99098E-05 9.99098E-05 9.99098E-05 9.99098E-05 0.0336297 9.99098E-05 9.99098E-05 9.99098E-05 9.99098E-05 0.46257 9.99098E-05 0.144619 9.99098E-05
9.98831E-05 9.98831E-05 9.98831E-05 9.98831E-05 9.98831E-05 9.98831E-05 0.0636113 9.98831E-05 9.98831E-05 9.98831E-05 9.98831E-05 0.124062 9.98831E-05 9.98831E-05 9.98831E-05 0.811029
0.0505664 0.50971 0.233949 9.99279E-05 9.99279E-05 9.99279E-05 0.026365 0.0247265 9.99279E-05 0.0639638 9.99279E-05 9.99279E-05 0.0877708 9.99279E-05 0.00214895 9.99279E-05
0.192675 9.9901E-05 9.9901E-05 9.9901E-05 9.9901E-05 9.9901E-05 9.9901E-05 0.138987 9.9901E-05 9.9901E-05 9.9901E-05 9.9901E-05 0.187758 0.0449866 9.9901E-05 0.434494
9.98829E-05 9.98829E-05 9.98829E-05 9.98829E-05 9.98829E-05 9.98829E-05 9.98829E-05 9.98829E-05 9.98829E-05 9.98829E-05 9.98829E-05 9.98829E-05 0.0226542 9.98829E-05 0.0386244 0.937423
9.98743E-05 9.98743E-05 9.98743E-05 9.98743E-05 9.98743E-05 0.601007 9.98743E-05 9.98743E-05 9.98743E-05 9.98743E-05 0.397595 9.98743E-05 9.98743E-05 9.98743E-05 9.98743E-05 9.98743E-05
9.98743E-05 9.98743E-05 9.98743E-05 9.98743E-05 9.98743E-05 0.167411 9.98743E-05 9.98743E-05 9.98743E-05 9.98743E-05 0.831191 9.98743E-05 9.98743E-05 9.98743E-05 9.98743E-05 9.98743E-05
0.0535201 0.0413486 0.0137767 9.99099E-05 9.99099E-05 9.99099E-05 9.99099E-05 0.0388925 9.99099E-05 0.824599 9.99099E-05 9.99099E-05 0.0268638 9.99099E-05 9.99099E-05 9.99099E-05
9.98741E-05 9.98741E-05 9.98741E-05 9.98741E-05 9.98741E-05 0.988747 9.98741E-05 9.98741E-05 9.98741E-05 9.98741E-05 9.98741E-05 9.98741E-05 9.98741E-05 0.00985427 9.98741E-05 9.98741E-05
9.98651E-05 9.98651E-05 9.98651E-05 9.98651E-05 9.98651E-05 0.998502 9.98651E-05 9.98651E-05 9.98651E-05 9.98651E-05 9.98651E-05 9.98651E-05 9.98651E-05 9.98651E-05 9.98651E-05 9.98651E-05
9.99281E-05 9.99281E-05 9.99281E-05 0.00164762 0.242851 0.182533 0.0332135 0.02022 9.99281E-05 0.00727039 0.387791 9.99281E-05 9.99281E-05 0.123674 9.99281E-05 9.99281E-05
0.0516759 9.99099E-05 9.99099E-05 9.99099E-05 0.517896 0.0515577 9.99099E-05 0.00677364 9.99099E-05 9.99099E-05 0.270642 9.99099E-05 9.99099E-05 0.100455 9.99099E-05 9.99099E-05
9.98654E-05 9.98654E-05 9.98654E-05 0.998502 9.98654E-05 9.98654E-05 9.98654E-05 9.98654E-05 9.98654E-05 9.98654E-05 9.98654E-05 9.98654E-05 9.98654E-05 9.98654E-05 9.98654E-05 9.98654E-05
9.98921E-05 9.98921E-05 0.0161174 9.98921E-05 0.152493 0.280055 9.98921E-05 9.98921E-05 9.98921E-05 9.98921E-05 0.550136 9.98921E-05 9.98921E-05 9.98921E-05 9.98921E-05 9.98921E-05
9.98923E-05 9.98923E-05 9.98923E-05 9.98923E-05 0.267186 9.98923E-05 9.98923E-05 0.00466333 9.98923E-05 9.98923E-05 9.98923E-05 9.98923E-05 0.0036194 0.723333 9.98923E-05 9.98923E-05
0.238692 0.0489839 9.99187E-05 9.99187E-05 0.0372298 9.99187E-05 9.99187E-05 0.127619 9.99187E-05 0.506367 9.99187E-05 9.99187E-05 0.0124621 9.99187E-05 0.0277474 9.99187E-05
0.0342699 9.99009E-05 9.99009E-05 9.99009E-05 0.00425704 0.631315 9.99009E-05 9.99009E-05 0.00163872 9.99009E-05 0.327421 9.99009E-05 9.99009E-05 9.99009E-05 9.99009E-05 9.99009E-05
9.9874E-05 0.946333 9.9874E-05 9.9874E-05 0.0522691 9.9874E-05 9.9874E-05 9.9874E-05 9.9874E-05 9.9874E-05 9.9874E-05 9.9874E-05 9.9874E-05 9.9874E-05 9.9874E-05 9.9874E-05
0.0494664 0.0717797 9.99099E-05 0.190022 0.0384955 9.99099E-05 0.014504 9.99099E-05 9.99099E-05 9.99099E-05 9.99099E-05 9.99099E-05 0.634734 9.99099E-05 9.99099E-05 9.99099E-05
0.984978 9.9874E-05 9.9874E-05 9.9874E-05 0.0136236 9.9874E-05 9.9874E-05 9.9874E-05 9.9874E-05 9.9874E-05 9.9874E-05 9.9874E-05 9.9874E-05 9.9874E-05 9.9874E-05 9.9874E-05
0.110608 0.254546 0.15582 9.99101E-05 9.99101E-05 9.99101E-05 9.99101E-05 9.99101E-05 9.99101E-05 9.99101E-05 0.14192 0.0527875 0.234898 9.99101E-05 0.0485215 9.99101E-05
0.0739309 0.314037 0.16316 0.00206933 9.99277E-05 9.99277E-05 9.99277E-05 0.00981034 9.99277E-05 9.99277E-05 0.0867801 0.0651912 0.284222 9.99277E-05 9.99277E-05 9.99277E-05
0.0259806 0.0252355 9.9892E-05 9.9892E-05 9.9892E-05 9.9892E-05 9.9892E-05 9.9892E-05 9.9892E-05 9.9892E-05 9.9892E-05 9.9892E-05 0.935036 9.9892E-05 0.0125488 9.9892E-05
9.9919E-05 0.0105911 0.823102 9.9919E-05 9.9919E-05 9.9919E-05 0.00447394 9.9919E-05 0.064293 0.0512205 9.9919E-05 0.00543458 0.0399851 9.9919E-05 9.9919E-05 9.9919E-05
9.99009E-05 0.0130934 9.99009E-05 9.99009E-05 9.99009E-05 9.99009E-05 9.99009E-05 9.99009E-05 9.99009E-05 0.0195384 9.99009E-05 9.99009E-05 0.885622 0.00205882 0.0785887 9.99009E-05
9.99188E-05 9.99188E-05 0.0301766 0.0840027 9.99188E-05 9.99188E-05 9.99188E-05 0.0676433 9.99188E-05 0.137414 9.99188E-05 9.99188E-05 0.391037 9.99188E-05 0.169759 0.119068
9.99189E-05 0.0831833 0.112459 0.0419954 9.99189E-05 9.99189E-05 0.0638429 9.99189E-05 9.99189E-05 9.99189E-05 0.0465318 9.99189E-05 0.461627 9.99189E-05 0.189461 9.99189E-05
0.0707935 0.203392 9.99279E-05 9.99279E-05 9.99279E-05 9.99279E-05 0.0054297 9.99279E-05 0.0870199 9.99279E-05 0.0877963 9.99279E-05 0.157937 0.0196073 0.367225 9.99279E-05
9.98838E-05 0.989299 9.98838E-05 9.98838E-05 9.98838E-05 9.98838E-05 0.00479926 9.98838E-05 9.98838E-05 9.98838E-05 9.98838E-05 0.00460295 9.98838E-05 9.98838E-05 9.98838E-05 9.98838E-05
9.98741E-05 9.98741E-05 9.98741E-05 9.98741E-05 9.98741E-05 9.98741E-05 9.98741E-05 9.98741E-05 0.0166647 9.98741E-05 9.98741E-05 9.98741E-05 9.98741E-05 0.981937 9.98741E-05 9.98741E-05
9.98702E-05 9.98702E-05 9.98702E-05 9.98702E-05 9.98702E-05 9.98702E-05 0.00138471 9.98702E-05 9.98702E-05 9.98702E-05 9.98702E-05 0.00781271 9.98702E-05 0.989504 9.98702E-05 9.98702E-05
9.98743E-05 9.98743E-05 9.98743E-05 9.98743E-05 9.98743E-05 0.00875762 9.98743E-05 9.98743E-05 9.98743E-05 9.98743E-05 9.98743E-05 9.98743E-05 9.98743E-05 0.989844 9.98743E-05 9.98743E-05
9.98652E-05 9.98652E-05 9.98652E-05 9.98652E-05 9.98652E-05 9.98652E-05 9.98652E-05 9.98652E-05 9.98652E-05 9.98652E-05 9.98652E-05 9.98652E-05 9.98652E-05 0.998502 9.98652E-05 9.98652E-05
9.98602E-05 9.98602E-05 9.98602E-05 9.98602E-05 9.98602E-05 0.00912179 9.98602E-05 9.98602E-05 9.98602E-05 9.98602E-05 9.98602E-05 9.98602E-05 9.98602E-05 0.98948 9.98602E-05 9.98602E-05
9.99371E-05 9.99371E-05 0.0844597 0.0544704 0.353251 0.00792133 9.99371E-05 9.99371E-05 0.0355497 0.00931858 0.0410452 9.99371E-05 9.99371E-05 0.377552 9.99371E-05 0.0357329
9.98831E-05 0.0172733 9.98831E-05 0.047556 9.98831E-05 9.98831E-05 9.98831E-05 9.98831E-05 9.98831E-05 9.98831E-05 9.98831E-05 9.98831E-05 9.98831E-05 0.933872 9.98831E-05 9.98831E-05
9.98828E-05 0.728904 0.213908 9.98828E-05 9.98828E-05 9.98828E-05 9.98828E-05 9.98828E-05 9.98828E-05 9.98828E-05 9.98828E-05 9.98828E-05 9.98828E-05 9.98828E-05 0.0558895 9.98828E-05
9.99009E-05 9.99009E-05 0.00127827 0.897884 9.99009E-05 0.0359843 9.99009E-05 0.0106895 0.0530652 9.99009E-05 9.99009E-05 9.99009E-05 9.99009E-05 9.99009E-05 9.99009E-05 9.99009E-05
0.01147 9.98828E-05 9.98828E-05 9.98828E-05 9.98828E-05 0.419652 9.98828E-05 9.98828E-05 9.98828E-05 9.98828E-05 0.567579 9.98828E-05 9.98828E-05 9.98828E-05 9.98828E-05 9.98828E-05
9.99011E-05 0.0115274 0.106971 9.99011E-05 9.99011E-05 9.99011E-05 9.99011E-05 0.0341488 9.99011E-05 0.839416 9.99011E-05 9.99011E-05 9.99011E-05 0.00683811 9.99011E-05 9.99011E-05
9.98833E-05 9.98833E-05 0.880586 9.98833E-05 9.98833E-05 9.98833E-05 9.98833E-05 9.98833E-05 9.98833E-05 0.00264561 9.98833E-05 9.98833E-05 9.98833E-05 9.98833E-05 0.11547 9.98833E-05
9.98656E-05 9.98656E-05 9.98656E-05 9.98656E-05 9.98656E-05 9.98656E-05 9.98656E-05 9.98656E-05 9.98656E-05 0.998502 9.98656E-05 9.98656E-05 9.98656E-05 9.98656E-05 9.98656E-05 9.98656E-05
9.98829E-05 9.98829E-05 9.98829E-05 9.98829E-05 9.98829E-05 9.98829E-05 9.98829E-05 9.98829E-05 9.98829E-05 0.888479 0.0104814 9.98829E-05 0.0997412 9.98829E-05 9.98829E-05 9.98829E-05
9.98918E-05 9.98918E-05 9.98918E-05 9.98918E-05 9.98918E-05 9.98918E-05 9.98918E-05 0.0562276 9.98918E-05 0.847816 9.98918E-05 9.98918E-05 0.0451495 9.98918E-05 0.0496081 9.98918E-05
9.98652E-05 9.98652E-05 9.98652E-05 9.98652E-05 9.98652E-05 9.98652E-05 0.998502 9.98652E-05 9.98652E-05 9.98652E-05 9.98652E-05 9.98652E-05 9.98652E-05 9.98652E-05 9.98652E-05 9.98652E-05
9.98745E-05 9.98745E-05 9.98745E-05 9.98745E-05 9.98745E-05 0.66359 9.98745E-05 9.98745E-05 9.98745E-05 9.98745E-05 0.335012 9.98745E-05 9.98745E-05 9.98745E-05 9.98745E-05 9.98745E-05
0.017112 0.0446487 0.0419784 0.0778907 0.0510459 0.24551 9.9955E-05 0.0390053 0.132016 9.9955E-05 9.9955E-05 9.9955E-05 0.160932 0.130436 9.9955E-05 0.0589242
9.98801E-05 9.98801E-05 9.98801E-05 9.98801E-05 0.00665149 0.0298781 9.98801E-05 9.98801E-05 9.98801E-05 0.00764724 0.954625 9.98801E-05 9.98801E-05 9.98801E-05 9.98801E-05 9.98801E-05
0.0253029 9.9901E-05 9.9901E-05 9.9901E-05 9.9901E-05 0.177634 9.9901E-05 9.9901E-05 0.0255364 9.9901E-05 0.755534 9.9901E-05 9.9901E-05 0.0148929 9.9901E-05 9.9901E-05
9.98741E-05 9.98741E-05 0.0220537 9.98741E-05 9.98741E-05 0.976548 9.98741E-05 9.98741E-05 9.98741E-05 9.98741E-05 9.98741E-05 9.98741E-05 9.98741E-05 9.98741E-05 9.98741E-05 9.98741E-05
9.98742E-05 0.0136185 9.98742E-05 9.98742E-05 9.98742E-05 0.984983 9.98742E-05 9.98742E-05 9.98742E-05 9.98742E-05 9.98742E-05 9.98742E-05 9.98742E-05 9.98742E-05 9.98742E-05 9.98742E-05
0.0122004 0.0148323 9.99281E-05 9.99281E-05 0.175281 0.0756703 9.99281E-05 0.0043088 9.99281E-05 9.99281E-05 0.697647 9.99281E-05 0.0169537 9.99281E-05 0.00230729 9.99281E-05
0.047821 9.98919E-05 9.98919E-05 9.98919E-05 9.98919E-05 0.521095 9.98919E-05 9.98919E-05 9.98919E-05 9.98919E-05 0.426864 9.98919E-05 9.98919E-05 9.98919E-05 0.00302185 9.98919E-05
9.98649E-05 9.98649E-05 9.98649E-05 9.98649E-05 0.998502 9.98649E-05 9.98649E-05 9.98649E-05 9.98649E-05 9.98649E-05 9.98649E-05 9.98649E-05 9.98649E-05 9.98649E-05 9.98649E-05 9.98649E-05
9.9874E-05 9.9874E-05 9.9874E-05 9.9874E-05 0.968126 9.9874E-05 9.9874E-05 9.9874E-05 0.0304762 9.9874E-05 9.9874E-05 9.9874E-05 9.9874E-05 9.9874E-05 9.9874E-05 9.9874E-05
9.98921E-05 9.98921E-05 0.00887498 9.98921E-05 9.98921E-05 0.12819 9.98921E-05 9.98921E-05 9.98921E-05 9.98921E-05 0.832161 9.98921E-05 9.98921E-05 0.029576 9.98921E-05 9.98921E-05
0.0243507 9.9892E-05 0.959623 0.00978327 9.9892E-05 9.9892E-05 9.9892E-05 9.9892E-05 9.9892E-05 9.9892E-05 0.00504397 9.9892E-05 9.9892E-05 9.9892E-05 9.9892E-05 9.9892E-05
9.9874E-05 9.9874E-05 0.992806 9.9874E-05 9.9874E-05 9.9874E-05 9.9874E-05 9.9874E-05 9.9874E-05 9.9874E-05 9.9874E-05 9.9874E-05 9.9874E-05 0.00579558 9.9874E-05 9.9874E-05
9.98742E-05 0.0011836 9.98742E-05 9.98742E-05 9.98742E-05 9.98742E-05 9.98742E-05 0.997418 9.98742E-05 9.98742E-05 9.98742E-05 9.98742E-05 9.98742E-05 9.98742E-05 9.98742E-05 9.98742E-05
9.98653E-05 9.98653E-05 9.98653E-05 9.98653E-05 9.98653E-05 9.98653E-05 9.98653E-05 0.998502 9.98653E-05 9.98653E-05 9.98653E-05 9.98653E-05 9.98653E-05 9.98653E-05 9.98653E-05 9.98653E-05
9.99189E-05 0.0187037 0.0114697 0.0462037 9.99189E-05 0.00404845 9.99189E-05 9.99189E-05 9.99189E-05 0.0566835 9.99189E-05 0.00619181 0.8558 9.99189E-05 9.99189E-05 9.99189E-05
9.99001E-05 9.99001E-05 0.063229 0.0239394 9.99001E-05 9.99001E-05 9.99001E-05 9.99001E-05 0.00430166 0.0685049 9.99001E-05 0.00749693 0.831529 9.99001E-05 9.99001E-05 9.99001E-05
0.015529 9.98922E-05 9.98922E-05 0.0149474 0.0124548 9.98922E-05 9.98922E-05 0.95587 9.98922E-05 9.98922E-05 9.98922E-05 9.98922E-05 9.98922E-05 9.98922E-05 9.98922E-05 9.98922E-05
9.98653E-05 9.98653E-05 9.98653E-05 9.98653E-05 9.98653E-05 9.98653E-05 9.98653E-05 0.998502 9.98653E-05 9.98653E-05 9.98653E-05 9.98653E-05 9.98653E-05 9.98653E-05 9.98653E-05 9.98653E-05
9.99009E-05 0.914085 0.00831825 9.99009E-05 9.99009E-05 9.99009E-05 9.99009E-05 9.99009E-05 0.0251495 0.0392488 9.99009E-05 9.99009E-05 9.99009E-05 0.0120998 9.99009E-05 9.99009E-05
9.99278E-05 0.0256554 0.320359 0.0341439 9.99278E-05 9.99278E-05 9.99278E-05 9.99278E-05 0.125779 0.135823 9.99278E-05 0.134829 0.136972 9.99278E-05 0.0856392 9.99278E-05
9.9892E-05 9.9892E-05 9.9892E-05 0.901918 9.9892E-05 9.9892E-05 9.9892E-05 9.9892E-05 0.0301908 0.00648475 9.9892E-05 9.9892E-05 9.9892E-05 0.0602082 9.9892E-05 9.9892E-05
9.9865E-05 9.9865E-05 9.9865E-05 9.9865E-05 9.9865E-05 9.9865E-05 9.9865E-05 9.9865E-05 9.9865E-05 9.9865E-05 9.9865E-05 9.9865E-05 9.9865E-05 9.9865E-05 0.998502 9.9865E-05
0.0498465 0.0131281 0.0299994 9.99101E-05 9.99101E-05 9.99101E-05 9.99101E-05 0.00648915 9.99101E-05 0.0174034 9.99101E-05 9.99101E-05 9.99101E-05 9.99101E-05 0.882134 9.99101E-05
9.98901E-05 9.98901E-05 9.98901E-05 9.98901E-05 0.527672 0.354173 9.98901E-05 0.00402413 9.98901E-05 9.98901E-05 9.98901E-05 9.98901E-05 9.98901E-05 0.0672468 9.98901E-05 0.0457848
