9.997E-05 0.9996 9.997E-05 9.997E-05 9.997E-05
9.9973E-05 0.5111 9.9973E-05 9.9973E-05 0.4886
0.103735 9.99911E-05 0.0518463 0.0198034 0.824515
9.9973E-05 9.9973E-05 0.0516776 9.9973E-05 0.948022
9.99731E-05 0.338149 9.99731E-05 9.99731E-05 0.661551
9.9973E-05 9.9973E-05 0.0317959 9.9973E-05 0.967904
0.549459 0.132361 9.99821E-05 9.99821E-05 0.31798
9.9982E-05 0.229162 0.00437433 9.9982E-05 0.766263
0.395755 0.271534 9.99821E-05 9.99821E-05 0.332511
9.99821E-05 0.91414 0.0584279 9.99821E-05 0.0272326
0.0130946 0.918639 0.0680668 9.99821E-05 9.99821E-05
0.248099 0.598022 0.141859 9.9991E-05 0.0119197
0.983454 9.9973E-05 9.9973E-05 9.9973E-05 0.0162461
0.00288207 9.9991E-05 0.0302752 0.00730293 0.95944
9.999E-05 0.0399326 0.0302863 0.0125876 0.917094
0.40097 0.549685 0.0205276 9.9991E-05 0.0287172
0.167434 0.40104 0.354284 0.077142 9.9991E-05
9.99729E-05 0.274968 9.99729E-05 0.724732 9.99729E-05
9.9973E-05 9.9973E-05 0.0901353 0.909565 9.9973E-05
0.0567359 0.828671 0.114394 9.9982E-05 9.9982E-05
9.9973E-05 9.9973E-05 9.9973E-05 0.992802 0.00689792
0.0901761 0.908203 0.0014211 9.9982E-05 9.9982E-05
9.999E-05 0.173257 0.347774 0.4227 0.0561693
9.9973E-05 9.9973E-05 0.0998317 0.899868 9.9973E-05
9.997E-05 9.997E-05 9.997E-05 9.997E-05 0.9996
9.997E-05 9.997E-05 9.997E-05 9.997E-05 0.9996
0.818327 0.118528 0.0629452 9.99819E-05 9.99819E-05
0.00913565 9.9973E-05 9.9973E-05 9.9973E-05 0.990564
0.0155091 9.9973E-05 9.9973E-05 9.9973E-05 0.984191
9.9982E-05 9.9982E-05 0.0412765 0.0511312 0.907392
0.0120927 9.9991E-05 0.0786474 0.00724501 0.901915
9.99731E-05 0.474119 9.99731E-05 9.99731E-05 0.525581
9.9973E-05 9.9973E-05 0.00191552 9.9973E-05 0.997785
9.99731E-05 0.21284 9.99731E-05 9.99731E-05 0.78686
0.555503 0.154956 0.254553 9.9991E-05 0.034888
0.0397172 9.9982E-05 0.00531224 9.9982E-05 0.954771
0.00225163 0.978485 0.00733311 9.99911E-05 0.0118302
9.9982E-05 0.867072 9.9982E-05 0.0274975 0.105231
0.144408 0.315642 0.389062 0.0463409 0.104547
9.9982E-05 0.865453 0.05334 9.9982E-05 0.0810067
9.9982E-05 0.918861 0.0404868 9.9982E-05 0.0404524
9.9982E-05 0.918238 0.0730413 0.00852118 9.9982E-05
0.315456 0.680582 9.9982E-05 9.9982E-05 0.0037623
0.0117451 0.869189 0.109269 0.00969688 9.9991E-05
0.196406 0.516468 0.175649 0.111378 9.9991E-05
0.0817735 0.717981 0.068616 0.043603 0.0880262
0.235238 0.444046 0.152282 9.9991E-05 0.168334
9.99733E-05 0.991254 9.99733E-05 0.00844574 9.99733E-05
9.9982E-05 0.201764 9.9982E-05 0.0297376 0.768298
9.9982E-05 0.221606 9.9982E-05 0.0364243 0.74177
9.9982E-05 0.242153 9.9982E-05 0.029095 0.728552
9.9982E-05 0.193173 9.9982E-05 0.0290009 0.777626
9.9982E-05 0.187521 9.9982E-05 0.0225508 0.789728
0.0177829 0.243359 9.9991E-05 0.039048 0.69971
9.9973E-05 0.2634 9.9973E-05 9.9973E-05 0.7363
0.0872826 0.912417 9.9973E-05 9.9973E-05 9.9973E-05
9.9973E-05 0.505283 9.9973E-05 9.9973E-05 0.494417
9.997E-05 9.997E-05 9.997E-05 9.997E-05 0.9996
0.940797 9.9973E-05 0.0589033 9.9973E-05 9.9973E-05
0.430485 0.530204 0.00175672 9.9991E-05 0.0374536
0.9996 9.997E-05 9.997E-05 9.997E-05 9.997E-05
0.942147 0.0229948 0.0346587 9.9982E-05 9.9982E-05
0.861928 0.017936 0.117309 0.00272767 9.9991E-05
9.99731E-05 0.0849907 9.99731E-05 0.914709 9.99731E-05
9.997E-05 9.997E-05 9.997E-05 9.997E-05 0.9996
0.15876 0.324534 0.0810783 0.0359443 0.399684
0.0389341 9.99731E-05 9.99731E-05 9.99731E-05 0.960766
9.9973E-05 9.9973E-05 0.0135139 9.9973E-05 0.986186
0.0424355 9.9973E-05 9.9973E-05 9.9973E-05 0.957265
0.0202097 9.9973E-05 9.9973E-05 9.9973E-05 0.97949
9.9982E-05 0.0374664 0.0150953 9.9982E-05 0.947238
9.997E-05 9.997E-05 9.997E-05 9.997E-05 0.9996
9.99732E-05 0.0926696 9.99732E-05 9.99732E-05 0.907031
0.182949 9.99732E-05 9.99732E-05 9.99732E-05 0.816751
0.00306614 9.9982E-05 0.0312789 9.9982E-05 0.965455
0.169921 0.689815 0.0378307 9.9991E-05 0.102334
0.206743 0.622859 0.044683 9.9991E-05 0.125615
9.997E-05 9.997E-05 0.9996 9.997E-05 9.997E-05
9.997E-05 9.997E-05 0.9996 9.997E-05 9.997E-05
0.0383045 0.916162 0.0453333 9.9982E-05 9.9982E-05
0.0836222 0.874399 0.021577 0.0114064 0.00899511
9.997E-05 9.997E-05 0.9996 9.997E-05 9.997E-05
9.997E-05 9.997E-05 0.9996 9.997E-05 9.997E-05
0.116809 0.882891 9.9973E-05 9.9973E-05 9.9973E-05
0.282293 0.690096 9.9982E-05 0.0274112 9.9982E-05
9.9973E-05 0.492464 9.9973E-05 9.9973E-05 0.507236
0.371898 0.127869 0.285323 0.123271 0.0916391
0.454397 0.111281 0.346981 0.0872409 9.9991E-05
0.0069068 0.00396402 0.0619828 0.044159 0.882987
