9.999E-05 0.9998 9.999E-05
0.512828 0.487072 9.9991E-05
0.889088 0.0441238 0.0667887
0.9998 9.999E-05 9.999E-05
0.701628 0.298272 9.9991E-05
0.9998 9.999E-05 9.999E-05
0.370978 0.628922 9.99911E-05
0.836549 0.163351 9.9991E-05
0.351072 0.648828 9.9991E-05
0.0359049 0.963995 9.9991E-05
0.0132742 0.986626 9.9991E-05
0.0434314 0.956469 9.9991E-05
0.00774439 0.992156 9.99911E-05
0.98374 9.9991E-05 0.0161602
0.996451 0.0034489 9.9991E-05
0.0160931 0.983807 9.9991E-05
0.0339379 0.767966 0.198096
0.0297667 0.237685 0.732548
9.999E-05 9.999E-05 0.9998
9.999E-05 0.9998 9.999E-05
9.999E-05 9.999E-05 0.9998
0.00174125 0.998159 9.9991E-05
0.068821 0.379782 0.551397
9.9991E-05 0.00632572 0.993574
0.9998 9.999E-05 9.999E-05
0.9998 9.999E-05 9.999E-05
9.999E-05 0.9998 9.999E-05
0.9998 9.999E-05 9.999E-05
0.9998 9.999E-05 9.999E-05
0.966811 0.0058949 0.0272942
0.931399 0.0187233 0.0498779
0.604461 0.388748 0.00679064
0.9998 9.999E-05 9.999E-05
0.826556 0.173344 9.9991E-05
0.0826108 0.912812 0.00457734
0.9998 9.999E-05 9.999E-05
0.0372109 0.962689 9.9991E-05
0.149849 0.823332 0.0268193
0.189362 0.628079 0.18256
0.126496 0.873404 9.9991E-05
0.0728872 0.927013 9.9991E-05
9.9991E-05 0.985453 0.014447
0.015641 0.984259 9.9991E-05
0.021332 0.968793 0.0098751
9.9991E-05 0.827334 0.172566
0.129834 0.812212 0.0579543
0.171239 0.810035 0.0187268
9.999E-05 0.9998 9.999E-05
0.840968 0.141995 0.0170366
0.776287 0.186887 0.036826
0.817638 0.173862 0.00850039
0.866422 0.103238 0.0303392
0.849224 0.12477 0.0260061
0.79079 0.169604 0.0396066
0.783836 0.216064 9.9991E-05
9.999E-05 0.9998 9.999E-05
0.553987 0.445914 9.9991E-05
0.9998 9.999E-05 9.999E-05
9.999E-05 0.9998 9.999E-05
0.0646955 0.935205 9.9991E-05
9.999E-05 0.9998 9.999E-05
9.999E-05 0.9998 9.999E-05
9.999E-05 0.9998 9.999E-05
9.9991E-05 0.098079 0.901821
0.9998 9.999E-05 9.999E-05
0.416841 0.503789 0.0793697
0.9998 9.999E-05 9.999E-05
0.9998 9.999E-05 9.999E-05
0.9998 9.999E-05 9.999E-05
0.996698 9.9991E-05 0.00320173
0.952699 0.0472015 9.9991E-05
0.9998 9.999E-05 9.999E-05
0.939472 0.0604284 9.99911E-05
0.844463 0.145523 0.0100133
0.9998 9.999E-05 9.999E-05
0.176336 0.823564 9.9991E-05
0.145003 0.854897 9.9991E-05
0.0930681 0.652169 0.254763
0.0919567 0.637984 0.270059
0.057284 0.942616 9.9991E-05
0.0301182 0.95936 0.0105214
0.128634 0.625367 0.245999
0.111843 0.627216 0.260941
9.999E-05 0.9998 9.999E-05
0.000292706 0.942709 0.0569986
0.558448 0.441452 9.9991E-05
0.0907024 0.703159 0.206139
9.9991E-05 0.814207 0.185693
0.927866 9.9991E-05 0.0720337
