9.99008E-05 9.99008E-05 9.99008E-05 9.99008E-05 9.99008E-05 9.99008E-05 9.99008E-05 9.99008E-05 9.99008E-05 9.99008E-05 0.0841976 0.914704 9.99008E-05
0.111128 9.99189E-05 9.99189E-05 9.99189E-05 9.99189E-05 0.721728 9.99189E-05 0.0333943 9.99189E-05 0.132851 9.99189E-05 9.99189E-05 9.99189E-05
9.99286E-05 0.000414508 9.99286E-05 0.353512 0.0944313 9.99286E-05 9.99286E-05 9.99286E-05 9.99286E-05 0.510287 9.99286E-05 9.99286E-05 0.0405565
9.9928E-05 0.0842617 9.9928E-05 9.9928E-05 9.9928E-05 9.9928E-05 0.0156428 0.000602255 9.9928E-05 0.876409 9.9928E-05 9.9928E-05 0.0222851
0.0269325 9.99551E-05 0.204207 0.093111 9.99551E-05 0.0699956 0.0441126 9.99551E-05 9.99551E-05 0.388443 0.142995 0.0297026 9.99551E-05
9.9892E-05 9.9892E-05 9.9892E-05 9.9892E-05 9.9892E-05 9.9892E-05 9.9892E-05 9.9892E-05 9.9892E-05 0.998801 9.9892E-05 9.9892E-05 9.9892E-05
9.98921E-05 9.98921E-05 0.998801 9.98921E-05 9.98921E-05 9.98921E-05 9.98921E-05 9.98921E-05 9.98921E-05 9.98921E-05 9.98921E-05 9.98921E-05 9.98921E-05
9.99459E-05 0.00804944 9.99459E-05 0.728066 9.99459E-05 0.0631436 0.0461878 9.99459E-05 9.99459E-05 0.0317172 0.105898 9.99459E-05 0.016338
9.991E-05 9.991E-05 0.955195 9.991E-05 9.991E-05 0.0267 0.0171059 9.991E-05 9.991E-05 9.991E-05 9.991E-05 9.991E-05 9.991E-05
9.9901E-05 9.9901E-05 0.112874 9.9901E-05 9.9901E-05 9.9901E-05 9.9901E-05 9.9901E-05 9.9901E-05 9.9901E-05 0.886027 9.9901E-05 9.9901E-05
9.9901E-05 9.9901E-05 0.127201 9.9901E-05 9.9901E-05 9.9901E-05 9.9901E-05 9.9901E-05 9.9901E-05 9.9901E-05 0.8717 9.9901E-05 9.9901E-05
9.9928E-05 0.00208645 9.9928E-05 9.9928E-05 0.172301 9.9928E-05 9.9928E-05 9.9928E-05 9.9928E-05 0.0186782 9.9928E-05 0.671466 0.134669
9.99101E-05 9.99101E-05 0.0205235 0.0243923 0.954085 9.99101E-05 9.99101E-05 9.99101E-05 9.99101E-05 9.99101E-05 9.99101E-05 9.99101E-05 9.99101E-05
9.9919E-05 9.9919E-05 9.9919E-05 9.9919E-05 9.9919E-05 0.00502682 9.9919E-05 9.9919E-05 0.0202591 0.968728 9.9919E-05 0.00508636 9.9919E-05
9.99101E-05 9.99101E-05 9.99101E-05 9.99101E-05 9.99101E-05 9.99101E-05 9.99101E-05 9.99101E-05 0.000178133 0.984023 9.99101E-05 0.0148 9.99101E-05
9.9919E-05 9.9919E-05 9.9919E-05 9.9919E-05 0.186639 9.9919E-05 0.00216295 0.775383 9.9919E-05 9.9919E-05 0.0349163 9.9919E-05 9.9919E-05
0.940936 9.99008E-05 9.99008E-05 9.99008E-05 9.99008E-05 9.99008E-05 9.99008E-05 9.99008E-05 9.99008E-05 9.99008E-05 0.0579654 9.99008E-05 9.99008E-05
9.99279E-05 9.99279E-05 9.99279E-05 9.99279E-05 9.99279E-05 0.0610473 9.99279E-05 0.102146 0.722216 9.99279E-05 0.0737878 0.0400035 9.99279E-05
9.99101E-05 9.99101E-05 9.99101E-05 9.99101E-05 0.000667446 9.99101E-05 9.99101E-05 9.99101E-05 0.917356 9.99101E-05 9.99101E-05 9.99101E-05 0.0809775
0.0557621 9.99279E-05 9.99279E-05 9.99279E-05 9.99279E-05 9.99279E-05 9.99279E-05 0.297322 9.99279E-05 9.99279E-05 0.492256 0.129366 0.0244943
9.99011E-05 9.99011E-05 9.99011E-05 9.99011E-05 9.99011E-05 9.99011E-05 9.99011E-05 9.99011E-05 0.997417 0.00148443 9.99011E-05 9.99011E-05 9.99011E-05
0.0954986 9.99279E-05 9.99279E-05 9.99279E-05 0.0531615 9.99279E-05 9.99279E-05 0.307891 9.99279E-05 9.99279E-05 0.0591035 0.483546 9.99279E-05
0.264382 9.9919E-05 9.9919E-05 9.9919E-05 9.9919E-05 9.9919E-05 9.9919E-05 9.9919E-05 0.372345 9.9919E-05 0.187177 9.9919E-05 0.175196
9.99099E-05 9.99099E-05 9.99099E-05 9.99099E-05 9.99099E-05 9.99099E-05 9.99099E-05 9.99099E-05 0.869886 9.99099E-05 0.0365253 9.99099E-05 0.0925895
9.99012E-05 0.746718 9.99012E-05 9.99012E-05 9.99012E-05 9.99012E-05 9.99012E-05 9.99012E-05 9.99012E-05 0.252183 9.99012E-05 9.99012E-05 9.99012E-05
9.99011E-05 0.1878 9.99011E-05 9.99011E-05 9.99011E-05 9.99011E-05 9.99011E-05 9.99011E-05 9.99011E-05 0.811101 9.99011E-05 9.99011E-05 9.99011E-05
0.00267668 9.99278E-05 9.99278E-05 9.99278E-05 0.792554 9.99278E-05 9.99278E-05 9.99278E-05 9.99278E-05 9.99278E-05 0.100231 0.0688441 0.0348948
9.98921E-05 0.998801 9.98921E-05 9.98921E-05 9.98921E-05 9.98921E-05 9.98921E-05 9.98921E-05 9.98921E-05 9.98921E-05 9.98921E-05 9.98921E-05 9.98921E-05
9.99011E-05 0.997057 9.99011E-05 9.99011E-05 0.00184435 9.99011E-05 9.99011E-05 9.99011E-05 9.99011E-05 9.99011E-05 9.99011E-05 9.99011E-05 9.99011E-05
9.99551E-05 0.276252 9.99551E-05 0.223704 0.0106424 9.99551E-05 0.132625 9.99551E-05 0.0297032 0.303126 9.99551E-05 0.00690748 0.0165407
0.00418252 0.0263532 9.99459E-05 0.519591 9.99459E-05 9.99459E-05 0.0652859 9.99459E-05 9.99459E-05 0.35409 0.0173597 9.99459E-05 0.012538
9.98923E-05 9.98923E-05 9.98923E-05 9.98923E-05 9.98923E-05 0.998801 9.98923E-05 9.98923E-05 9.98923E-05 9.98923E-05 9.98923E-05 9.98923E-05 9.98923E-05
9.99101E-05 0.299393 9.99101E-05 0.173012 9.99101E-05 9.99101E-05 9.99101E-05 9.99101E-05 9.99101E-05 0.526596 9.99101E-05 9.99101E-05 9.99101E-05
9.99192E-05 0.0577847 9.99192E-05 0.232023 9.99192E-05 9.99192E-05 0.696558 9.99192E-05 9.99192E-05 9.99192E-05 9.99192E-05 9.99192E-05 0.0127355
0.307622 0.00951482 9.99458E-05 0.0369324 0.510589 9.99458E-05 9.99458E-05 9.99458E-05 9.99458E-05 9.99458E-05 0.0488388 0.0188812 0.0670218
0.0364621 0.671783 0.00332496 0.00685593 9.99279E-05 9.99279E-05 9.99279E-05 9.99279E-05 9.99279E-05 0.280775 9.99279E-05 9.99279E-05 9.99279E-05
0.00653964 9.99101E-05 9.99101E-05 0.0206631 9.99101E-05 9.99101E-05 9.99101E-05 9.99101E-05 9.99101E-05 9.99101E-05 9.99101E-05 0.971798 9.99101E-05
0.0170361 9.99369E-05 9.99369E-05 0.00990114 9.99369E-05 0.209398 9.99369E-05 9.99369E-05 9.99369E-05 0.0129627 0.656972 0.0930304 9.99369E-05
0.998801 9.98918E-05 9.98918E-05 9.98918E-05 9.98918E-05 9.98918E-05 9.98918E-05 9.98918E-05 9.98918E-05 9.98918E-05 9.98918E-05 9.98918E-05 9.98918E-05
0.182614 9.99278E-05 9.99278E-05 9.99278E-05 9.99278E-05 9.99278E-05 9.99278E-05 0.404703 9.99278E-05 0.0902694 0.128048 0.193566 9.99278E-05
0.141132 9.99368E-05 9.99368E-05 9.99368E-05 9.99368E-05 9.99368E-05 9.99368E-05 0.387733 0.000583146 0.0511859 0.198841 0.219825 9.99368E-05
0.0238603 9.9919E-05 9.9919E-05 9.9919E-05 9.9919E-05 9.9919E-05 9.9919E-05 0.0622806 9.9919E-05 9.9919E-05 0.89082 0.0221395 9.9919E-05
9.9919E-05 9.9919E-05 0.0681905 9.9919E-05 0.0419803 9.9919E-05 9.9919E-05 0.886053 9.9919E-05 9.9919E-05 9.9919E-05 0.00287704 9.9919E-05
9.99099E-05 9.99099E-05 9.99099E-05 9.99099E-05 0.0386556 9.99099E-05 9.99099E-05 9.99099E-05 9.99099E-05 9.99099E-05 0.907247 0.0530979 9.99099E-05
9.99459E-05 9.99459E-05 9.99459E-05 9.99459E-05 0.167683 0.0534043 9.99459E-05 0.108087 0.119772 9.99459E-05 0.394271 0.0490065 0.107177
9.9946E-05 9.9946E-05 9.9946E-05 9.9946E-05 0.016465 9.9946E-05 9.9946E-05 0.311413 0.0430994 0.0811302 0.436059 0.0981081 0.0131252
0.256346 9.9955E-05 0.0447295 9.9955E-05 0.128034 9.9955E-05 0.0442165 9.9955E-05 9.9955E-05 0.063215 0.249032 0.187796 0.0261305
9.99017E-05 9.99017E-05 9.99017E-05 9.99017E-05 9.99017E-05 9.99017E-05 9.99017E-05 9.99017E-05 0.00268243 9.99017E-05 9.99017E-05 0.996219 9.99017E-05
9.98921E-05 9.98921E-05 9.98921E-05 9.98921E-05 9.98921E-05 9.98921E-05 0.998801 9.98921E-05 9.98921E-05 9.98921E-05 9.98921E-05 9.98921E-05 9.98921E-05
9.98921E-05 9.98921E-05 9.98921E-05 9.98921E-05 9.98921E-05 9.98921E-05 0.998801 9.98921E-05 9.98921E-05 9.98921E-05 9.98921E-05 9.98921E-05 9.98921E-05
9.98922E-05 9.98922E-05 9.98922E-05 9.98922E-05 9.98922E-05 9.98922E-05 0.998801 9.98922E-05 9.98922E-05 9.98922E-05 9.98922E-05 9.98922E-05 9.98922E-05
9.98922E-05 9.98922E-05 9.98922E-05 9.98922E-05 9.98922E-05 9.98922E-05 0.998801 9.98922E-05 9.98922E-05 9.98922E-05 9.98922E-05 9.98922E-05 9.98922E-05
9.98922E-05 9.98922E-05 9.98922E-05 9.98922E-05 9.98922E-05 9.98922E-05 0.998801 9.98922E-05 9.98922E-05 9.98922E-05 9.98922E-05 9.98922E-05 9.98922E-05
9.99461E-05 9.99461E-05 0.0362623 0.390277 9.99461E-05 0.059279 0.375284 0.064417 0.0366953 0.0371857 9.99461E-05 9.99461E-05 9.99461E-05
9.99101E-05 9.99101E-05 9.99101E-05 9.99101E-05 9.99101E-05 0.0494754 0.928947 9.99101E-05 9.99101E-05 9.99101E-05 9.99101E-05 0.0205789 9.99101E-05
9.99099E-05 9.99099E-05 9.99099E-05 9.99099E-05 0.00760339 9.99099E-05 9.99099E-05 0.158026 9.99099E-05 9.99099E-05 9.99099E-05 0.833372 9.99099E-05
9.99099E-05 9.99099E-05 0.043175 9.99099E-05 9.99099E-05 0.904337 0.0514893 9.99099E-05 9.99099E-05 9.99099E-05 9.99099E-05 9.99099E-05 9.99099E-05
0.0104364 0.485926 9.99099E-05 9.99099E-05 9.99099E-05 9.99099E-05 9.99099E-05 9.99099E-05 9.99099E-05 0.502638 9.99099E-05 9.99099E-05 9.99099E-05
9.99191E-05 9.99191E-05 9.99191E-05 9.99191E-05 0.845761 9.99191E-05 0.021548 0.125869 9.99191E-05 9.99191E-05 9.99191E-05 9.99191E-05 0.00592209
9.99013E-05 9.99013E-05 9.99013E-05 9.99013E-05 0.0646571 9.99013E-05 9.99013E-05 0.934244 9.99013E-05 9.99013E-05 9.99013E-05 9.99013E-05 9.99013E-05
9.99013E-05 9.99013E-05 0.0683137 9.99013E-05 0.930587 9.99013E-05 9.99013E-05 9.99013E-05 9.99013E-05 9.99013E-05 9.99013E-05 9.99013E-05 9.99013E-05
9.99099E-05 9.99099E-05 9.99099E-05 9.99099E-05 0.897418 9.99099E-05 9.99099E-05 9.99099E-05 9.99099E-05 0.004361 0.0972216 9.99099E-05 9.99099E-05
9.99099E-05 9.99099E-05 9.99099E-05 9.99099E-05 0.849939 9.99099E-05 9.99099E-05 9.99099E-05 9.99099E-05 9.99099E-05 0.123377 9.99099E-05 0.0256855
9.99013E-05 9.99013E-05 9.99013E-05 9.99013E-05 9.99013E-05 9.99013E-05 9.99013E-05 9.99013E-05 0.894486 9.99013E-05 9.99013E-05 0.104415 9.99013E-05
9.99014E-05 0.749405 9.99014E-05 9.99014E-05 9.99014E-05 9.99014E-05 9.99014E-05 9.99014E-05 9.99014E-05 0.249496 9.99014E-05 9.99014E-05 9.99014E-05
0.0641882 0.187159 9.99641E-05 0.100237 0.192953 0.0306005 9.99641E-05 0.197826 9.99641E-05 9.99641E-05 0.151903 0.0228389 0.0518948
9.99192E-05 0.0933405 9.99192E-05 0.0498592 0.00696201 9.99192E-05 9.99192E-05 9.99192E-05 9.99192E-05 0.848939 9.99192E-05 9.99192E-05 9.99192E-05
0.0176579 0.281799 0.0215917 9.99369E-05 9.99369E-05 9.99369E-05 0.018171 9.99369E-05 9.99369E-05 0.653297 9.99369E-05 0.00678439 9.99369E-05
9.9892E-05 0.998801 9.9892E-05 9.9892E-05 9.9892E-05 9.9892E-05 9.9892E-05 9.9892E-05 9.9892E-05 9.9892E-05 9.9892E-05 9.9892E-05 9.9892E-05
9.99101E-05 0.994184 9.99101E-05 9.99101E-05 9.99101E-05 9.99101E-05 9.99101E-05 9.99101E-05 0.00432395 9.99101E-05 9.99101E-05 0.000492961 9.99101E-05
0.00845829 0.225929 0.00724336 0.0447611 9.99551E-05 0.0207382 9.99551E-05 9.99551E-05 9.99551E-05 0.661983 0.0265614 9.99551E-05 0.00382655
0.0231113 0.458693 9.99099E-05 9.99099E-05 9.99099E-05 9.99099E-05 9.99099E-05 9.99099E-05 9.99099E-05 0.517197 9.99099E-05 9.99099E-05 9.99099E-05
9.98919E-05 9.98919E-05 9.98919E-05 0.998801 9.98919E-05 9.98919E-05 9.98919E-05 9.98919E-05 9.98919E-05 9.98919E-05 9.98919E-05 9.98919E-05 9.98919E-05
9.991E-05 9.991E-05 0.0277474 0.945366 0.0258879 9.991E-05 9.991E-05 9.991E-05 9.991E-05 9.991E-05 9.991E-05 9.991E-05 9.991E-05
9.9919E-05 0.0878932 9.9919E-05 9.9919E-05 9.9919E-05 9.9919E-05 0.0456122 0.00795591 9.9919E-05 0.857639 9.9919E-05 9.9919E-05 9.9919E-05
9.99009E-05 9.99009E-05 9.99009E-05 0.0250711 9.99009E-05 9.99009E-05 9.99009E-05 0.97383 9.99009E-05 9.99009E-05 9.99009E-05 9.99009E-05 9.99009E-05
9.99099E-05 0.000238719 9.99099E-05 9.99099E-05 9.99099E-05 9.99099E-05 0.00858049 0.990182 9.99099E-05 9.99099E-05 9.99099E-05 9.99099E-05 9.99099E-05
9.98921E-05 9.98921E-05 9.98921E-05 9.98921E-05 9.98921E-05 9.98921E-05 9.98921E-05 9.98921E-05 9.98921E-05 9.98921E-05 9.98921E-05 9.98921E-05 0.998801
9.98922E-05 9.98922E-05 9.98922E-05 9.98922E-05 9.98922E-05 9.98922E-05 9.98922E-05 9.98922E-05 9.98922E-05 9.98922E-05 9.98922E-05 9.98922E-05 0.998801
9.99189E-05 0.0102566 9.99189E-05 9.99189E-05 9.99189E-05 0.0866331 9.99189E-05 0.182736 9.99189E-05 9.99189E-05 0.719475 9.99189E-05 9.99189E-05
9.99189E-05 9.99189E-05 9.99189E-05 9.99189E-05 0.0307005 0.061256 9.99189E-05 0.210686 9.99189E-05 9.99189E-05 0.696458 9.99189E-05 9.99189E-05
9.99101E-05 9.99101E-05 9.99101E-05 9.99101E-05 9.99101E-05 0.0112314 9.99101E-05 0.00819361 9.99101E-05 9.99101E-05 9.99101E-05 9.99101E-05 0.979576
9.98921E-05 9.98921E-05 9.98921E-05 9.98921E-05 9.98921E-05 9.98921E-05 9.98921E-05 9.98921E-05 9.98921E-05 9.98921E-05 9.98921E-05 9.98921E-05 0.998801
9.99201E-05 9.99201E-05 0.0150798 9.99201E-05 0.0433583 9.99201E-05 0.00528131 0.00267682 9.99201E-05 9.99201E-05 9.99201E-05 0.932804 9.99201E-05
0.0110919 9.9955E-05 0.111062 9.9955E-05 0.104332 0.0137962 9.9955E-05 0.625778 0.087115 9.9955E-05 0.0406236 0.00570042 9.9955E-05
9.9919E-05 9.9919E-05 0.0606483 9.9919E-05 0.00345741 0.870071 0.0649244 9.9919E-05 9.9919E-05 9.9919E-05 9.9919E-05 9.9919E-05 9.9919E-05
0.285762 0.000655754 9.99552E-05 9.99552E-05 0.278405 9.99552E-05 0.0055891 9.99552E-05 0.0852864 0.0153872 0.214846 9.99552E-05 0.113569
0.442032 9.99282E-05 9.99282E-05 9.99282E-05 0.273027 9.99282E-05 9.99282E-05 9.99282E-05 0.0398182 9.99282E-05 9.99282E-05 0.117014 0.127309
9.99371E-05 0.270403 9.99371E-05 0.513376 9.99371E-05 9.99371E-05 0.0430185 9.99371E-05 0.0374581 0.126068 9.99371E-05 9.99371E-05 0.00897713
