9.99099E-05 0.0720071 9.99099E-05 9.99099E-05 9.99099E-05 0.919994 0.0069994 9.99099E-05 9.99099E-05 9.99099E-05 9.99099E-05 9.99099E-05 9.99099E-05
9.99189E-05 9.99189E-05 0.0917898 0.0647536 0.805999 0.036558 9.99189E-05 9.99189E-05 9.99189E-05 9.99189E-05 9.99189E-05 9.99189E-05 9.99189E-05
0.0656902 9.99377E-05 0.735483 9.99377E-05 9.99377E-05 9.99377E-05 9.99377E-05 9.99377E-05 9.99377E-05 0.0071132 0.0313929 0.0960235 0.0635975
9.99191E-05 0.0206799 0.954277 0.0128429 9.99191E-05 9.99191E-05 9.99191E-05 9.99191E-05 9.99191E-05 9.99191E-05 9.99191E-05 9.99191E-05 0.0113007
9.99282E-05 0.181337 0.322305 0.0522853 0.208525 9.99282E-05 9.99282E-05 9.99282E-05 9.99282E-05 9.99282E-05 9.99282E-05 0.234749 9.99282E-05
9.99101E-05 9.99101E-05 0.962656 0.0315229 9.99101E-05 9.99101E-05 9.99101E-05 0.00482168 9.99101E-05 9.99101E-05 9.99101E-05 9.99101E-05 9.99101E-05
0.282477 9.99191E-05 9.99191E-05 9.99191E-05 0.0480438 9.99191E-05 9.99191E-05 9.99191E-05 0.233999 9.99191E-05 9.99191E-05 0.434581 9.99191E-05
9.99369E-05 0.0671805 0.126458 9.99369E-05 0.069254 9.99369E-05 9.99369E-05 9.99369E-05 9.99369E-05 9.99369E-05 0.0930137 0.616214 0.0271797
0.150862 0.0621302 9.9928E-05 9.9928E-05 0.132566 9.9928E-05 9.9928E-05 9.9928E-05 0.248232 9.9928E-05 9.9928E-05 0.40541 9.9928E-05
9.99012E-05 0.980943 9.99012E-05 9.99012E-05 9.99012E-05 9.99012E-05 9.99012E-05 9.99012E-05 9.99012E-05 9.99012E-05 9.99012E-05 0.017958 9.99012E-05
9.99012E-05 0.95613 9.99012E-05 9.99012E-05 9.99012E-05 9.99012E-05 9.99012E-05 9.99012E-05 9.99012E-05 9.99012E-05 9.99012E-05 0.0427713 9.99012E-05
0.156312 9.9919E-05 0.0400806 9.9919E-05 9.9919E-05 0.692221 9.9919E-05 9.9919E-05 9.9919E-05 9.9919E-05 9.9919E-05 9.9919E-05 0.110487
0.956951 9.99012E-05 9.99012E-05 9.99012E-05 9.99012E-05 9.99012E-05 9.99012E-05 9.99012E-05 9.99012E-05 9.99012E-05 9.99012E-05 0.0419497 9.99012E-05
9.99191E-05 9.99191E-05 0.928536 0.0123373 0.0398421 9.99191E-05 9.99191E-05 9.99191E-05 9.99191E-05 0.0183848 9.99191E-05 9.99191E-05 9.99191E-05
9.99281E-05 0.0322135 0.925074 9.99281E-05 9.99281E-05 0.0279459 0.00700136 0.00696634 9.99281E-05 9.99281E-05 9.99281E-05 9.99281E-05 9.99281E-05
0.128299 0.0118454 9.9919E-05 0.0489925 9.9919E-05 9.9919E-05 9.9919E-05 9.9919E-05 0.809964 9.9919E-05 9.9919E-05 9.9919E-05 9.9919E-05
9.99188E-05 0.0651788 9.99188E-05 0.891708 9.99188E-05 9.99188E-05 0.03226 9.99188E-05 0.00995385 9.99188E-05 9.99188E-05 9.99188E-05 9.99188E-05
9.99369E-05 0.0625213 9.99369E-05 9.99369E-05 0.119603 0.0195975 9.99369E-05 9.99369E-05 0.0553939 0.712985 0.0292004 9.99369E-05 9.99369E-05
9.99011E-05 9.99011E-05 9.99011E-05 9.99011E-05 9.99011E-05 9.99011E-05 9.99011E-05 9.99011E-05 9.99011E-05 0.958742 9.99011E-05 9.99011E-05 0.0401595
9.9928E-05 0.501402 9.9928E-05 0.0958169 9.9928E-05 0.105326 9.9928E-05 9.9928E-05 0.27241 9.9928E-05 9.9928E-05 9.9928E-05 0.0242465
9.98921E-05 9.98921E-05 9.98921E-05 9.98921E-05 9.98921E-05 9.98921E-05 9.98921E-05 9.98921E-05 9.98921E-05 0.998801 9.98921E-05 9.98921E-05 9.98921E-05
0.0304545 0.0776968 9.9937E-05 0.0546306 9.9937E-05 0.520755 9.9937E-05 9.9937E-05 0.314849 9.9937E-05 9.9937E-05 9.9937E-05 0.000914829
9.98919E-05 9.98919E-05 9.98919E-05 9.98919E-05 9.98919E-05 9.98919E-05 0.998801 9.98919E-05 9.98919E-05 9.98919E-05 9.98919E-05 9.98919E-05 9.98919E-05
9.9928E-05 0.000451428 9.9928E-05 0.0154611 9.9928E-05 9.9928E-05 0.0826929 9.9928E-05 9.9928E-05 0.890145 9.9928E-05 9.9928E-05 0.0104501
9.99012E-05 9.99012E-05 0.969628 9.99012E-05 9.99012E-05 9.99012E-05 9.99012E-05 9.99012E-05 9.99012E-05 9.99012E-05 0.029273 9.99012E-05 9.99012E-05
9.98923E-05 9.98923E-05 0.998801 9.98923E-05 9.98923E-05 9.98923E-05 9.98923E-05 9.98923E-05 9.98923E-05 9.98923E-05 9.98923E-05 9.98923E-05 9.98923E-05
0.770609 0.0919261 9.99369E-05 0.0251637 0.00187883 0.0706543 9.99369E-05 9.99369E-05 9.99369E-05 9.99369E-05 9.99369E-05 9.99369E-05 0.0390685
9.9928E-05 9.9928E-05 0.887947 9.9928E-05 0.0115295 9.9928E-05 9.9928E-05 9.9928E-05 0.00205303 9.9928E-05 0.0816577 0.0160132 9.9928E-05
9.9928E-05 9.9928E-05 0.880605 9.9928E-05 0.00220617 9.9928E-05 9.9928E-05 9.9928E-05 0.0180613 9.9928E-05 0.0899557 0.00837228 9.9928E-05
9.9946E-05 9.9946E-05 0.534844 0.0139743 0.0417838 9.9946E-05 9.9946E-05 0.0532269 9.9946E-05 9.9946E-05 0.102678 0.241427 0.0114668
9.99369E-05 0.00138031 0.424483 0.0571624 9.99369E-05 9.99369E-05 9.99369E-05 9.99369E-05 9.99369E-05 9.99369E-05 0.0441981 0.430235 0.0418419
9.98924E-05 9.98924E-05 9.98924E-05 9.98924E-05 0.998801 9.98924E-05 9.98924E-05 9.98924E-05 9.98924E-05 9.98924E-05 9.98924E-05 9.98924E-05 9.98924E-05
9.99101E-05 9.99101E-05 0.838067 0.00194476 9.99101E-05 9.99101E-05 9.99101E-05 9.99101E-05 9.99101E-05 9.99101E-05 9.99101E-05 0.158989 9.99101E-05
9.99282E-05 9.99282E-05 0.0272619 9.99282E-05 9.99282E-05 0.00759789 9.99282E-05 9.99282E-05 9.99282E-05 9.99282E-05 0.736245 0.225726 0.00237006
0.450256 0.0528487 9.99368E-05 0.395188 9.99368E-05 0.00117214 9.99368E-05 9.99368E-05 9.99368E-05 9.99368E-05 9.99368E-05 0.0209189 0.0789164
9.99278E-05 9.99278E-05 0.890393 0.0310502 0.0100971 9.99278E-05 9.99278E-05 9.99278E-05 0.0103696 9.99278E-05 9.99278E-05 0.0572907 9.99278E-05
9.9919E-05 9.9919E-05 0.030412 0.00197277 9.9919E-05 0.962239 9.9919E-05 9.9919E-05 9.9919E-05 9.9919E-05 9.9919E-05 0.00447691 9.9919E-05
9.994E-05 0.63479 0.0143519 9.994E-05 0.178793 0.0822263 0.0615165 0.0157976 9.994E-05 9.994E-05 9.994E-05 0.0119252 9.994E-05
9.99009E-05 9.99009E-05 9.99009E-05 0.995349 9.99009E-05 9.99009E-05 9.99009E-05 9.99009E-05 9.99009E-05 9.99009E-05 9.99009E-05 0.00355227 9.99009E-05
9.99368E-05 0.301421 0.0641777 0.162907 0.0122927 0.196763 9.99368E-05 9.99368E-05 0.261739 9.99368E-05 9.99368E-05 9.99368E-05 9.99368E-05
9.99459E-05 0.275575 0.0306259 0.121548 0.0344706 0.24651 9.99459E-05 9.99459E-05 0.288658 9.99459E-05 9.99459E-05 9.99459E-05 0.00201226
0.00261865 0.894753 9.99279E-05 0.0279441 9.99279E-05 0.0663956 9.99279E-05 0.0074891 9.99279E-05 9.99279E-05 9.99279E-05 9.99279E-05 9.99279E-05
0.0755386 0.00193744 9.9928E-05 9.9928E-05 9.9928E-05 0.00638255 9.9928E-05 9.9928E-05 0.906009 0.00933326 9.9928E-05 9.9928E-05 9.9928E-05
0.00465418 0.929933 9.9919E-05 0.0518789 9.9919E-05 0.012635 9.9919E-05 9.9919E-05 9.9919E-05 9.9919E-05 9.9919E-05 9.9919E-05 9.9919E-05
0.178536 0.39983 9.9955E-05 9.9955E-05 0.004245 0.0576754 0.156867 9.9955E-05 0.0766394 0.0473083 9.9955E-05 9.9955E-05 0.0783987
0.00265793 0.480235 0.0604095 0.0487066 0.00432213 0.102146 0.024411 0.0945053 0.181649 9.9973E-05 9.9973E-05 9.9973E-05 0.000658129
0.137947 0.239393 0.0844929 0.314755 9.9937E-05 0.169546 9.9937E-05 9.9937E-05 9.9937E-05 9.9937E-05 0.0531671 9.9937E-05 9.9937E-05
9.99106E-05 9.99106E-05 9.99106E-05 9.99106E-05 9.99106E-05 0.990472 0.00683393 0.00169489 9.99106E-05 9.99106E-05 9.99106E-05 9.99106E-05 9.99106E-05
9.98921E-05 9.98921E-05 9.98921E-05 9.98921E-05 9.98921E-05 9.98921E-05 9.98921E-05 9.98921E-05 9.98921E-05 9.98921E-05 0.998801 9.98921E-05 9.98921E-05
9.99011E-05 9.99011E-05 9.99011E-05 9.99011E-05 9.99011E-05 9.99011E-05 0.00494825 9.99011E-05 9.99011E-05 9.99011E-05 0.993953 9.99011E-05 9.99011E-05
9.99101E-05 9.99101E-05 9.99101E-05 9.99101E-05 9.99101E-05 9.99101E-05 9.99101E-05 0.000581922 0.0135392 9.99101E-05 0.98488 9.99101E-05 9.99101E-05
9.99012E-05 9.99012E-05 9.99012E-05 9.99012E-05 9.99012E-05 9.99012E-05 9.99012E-05 0.00143107 9.99012E-05 9.99012E-05 0.99747 9.99012E-05 9.99012E-05
9.98921E-05 9.98921E-05 9.98921E-05 9.98921E-05 9.98921E-05 9.98921E-05 9.98921E-05 9.98921E-05 9.98921E-05 9.98921E-05 0.998801 9.98921E-05 9.98921E-05
9.99371E-05 9.99371E-05 0.135098 9.99371E-05 0.0775108 9.99371E-05 0.0906521 9.99371E-05 0.0512121 9.99371E-05 0.313108 0.331719 9.99371E-05
9.99011E-05 9.99011E-05 9.99011E-05 9.99011E-05 0.0544468 9.99011E-05 9.99011E-05 9.99011E-05 9.99011E-05 9.99011E-05 0.944454 9.99011E-05 9.99011E-05
0.00738006 9.99099E-05 9.99099E-05 9.99099E-05 9.99099E-05 0.798016 9.99099E-05 9.99099E-05 0.193605 9.99099E-05 9.99099E-05 9.99099E-05 9.99099E-05
9.99189E-05 9.99189E-05 9.99189E-05 9.99189E-05 0.948658 9.99189E-05 9.99189E-05 9.99189E-05 0.00726856 9.99189E-05 0.0339499 9.99189E-05 0.0092239
9.99009E-05 9.99009E-05 0.982455 0.0164461 9.99009E-05 9.99009E-05 9.99009E-05 9.99009E-05 9.99009E-05 9.99009E-05 9.99009E-05 9.99009E-05 9.99009E-05
0.81061 9.9928E-05 9.9928E-05 9.9928E-05 9.9928E-05 0.0360052 9.9928E-05 9.9928E-05 0.101005 9.9928E-05 0.00107702 9.9928E-05 0.0505042
0.0303881 9.99013E-05 9.99013E-05 9.99013E-05 9.99013E-05 9.99013E-05 9.99013E-05 9.99013E-05 0.968513 9.99013E-05 9.99013E-05 9.99013E-05 9.99013E-05
0.948368 9.99013E-05 9.99013E-05 9.99013E-05 9.99013E-05 9.99013E-05 9.99013E-05 9.99013E-05 9.99013E-05 9.99013E-05 9.99013E-05 0.050533 9.99013E-05
0.862058 0.116649 9.99099E-05 9.99099E-05 9.99099E-05 0.0202949 9.99099E-05 9.99099E-05 9.99099E-05 9.99099E-05 9.99099E-05 9.99099E-05 9.99099E-05
0.838488 0.0901058 9.99189E-05 0.0110198 9.99189E-05 9.99189E-05 9.99189E-05 9.99189E-05 9.99189E-05 9.99189E-05 9.99189E-05 9.99189E-05 0.0594867
9.98921E-05 9.98921E-05 9.98921E-05 9.98921E-05 9.98921E-05 9.98921E-05 9.98921E-05 0.998801 9.98921E-05 9.98921E-05 9.98921E-05 9.98921E-05 9.98921E-05
9.98925E-05 9.98925E-05 0.998801 9.98925E-05 9.98925E-05 9.98925E-05 9.98925E-05 9.98925E-05 9.98925E-05 9.98925E-05 9.98925E-05 9.98925E-05 9.98925E-05
0.121837 0.0222401 0.26683 0.0618141 0.126195 0.175428 9.9973E-05 0.05945 0.0265812 9.9973E-05 0.033126 9.9973E-05 0.106198
9.99193E-05 9.99193E-05 0.925205 9.99193E-05 9.99193E-05 9.99193E-05 9.99193E-05 9.99193E-05 0.0374725 9.99193E-05 0.0127837 0.0236398 9.99193E-05
9.9928E-05 9.9928E-05 0.911184 0.0405082 9.9928E-05 0.00903288 9.9928E-05 9.9928E-05 9.9928E-05 9.9928E-05 0.0193714 0.0191044 9.9928E-05
9.9919E-05 9.9919E-05 0.831571 9.9919E-05 9.9919E-05 9.9919E-05 9.9919E-05 9.9919E-05 0.0768111 9.9919E-05 0.0558599 0.0348589 9.9919E-05
9.9937E-05 9.9937E-05 0.884197 9.9937E-05 9.9937E-05 9.9937E-05 0.000961194 0.0148328 0.0458295 9.9937E-05 0.0314747 0.0220054 9.9937E-05
9.99282E-05 0.0564175 0.831554 0.0270884 9.99282E-05 0.023105 9.99282E-05 9.99282E-05 9.99282E-05 9.99282E-05 9.99282E-05 0.0610351 9.99282E-05
9.991E-05 9.991E-05 0.963625 0.0314265 9.991E-05 9.991E-05 9.991E-05 9.991E-05 9.991E-05 9.991E-05 0.00394917 9.991E-05 9.991E-05
9.99098E-05 9.99098E-05 9.99098E-05 0.0337889 9.99098E-05 9.99098E-05 9.99098E-05 9.99098E-05 9.99098E-05 9.99098E-05 0.0184654 0.946747 9.99098E-05
0.0445057 9.99009E-05 9.99009E-05 9.99009E-05 9.99009E-05 9.99009E-05 9.99009E-05 9.99009E-05 9.99009E-05 9.99009E-05 9.99009E-05 0.954395 9.99009E-05
9.99101E-05 9.99101E-05 0.95494 9.99101E-05 9.99101E-05 9.99101E-05 0.0331937 9.99101E-05 0.010867 9.99101E-05 9.99101E-05 9.99101E-05 9.99101E-05
9.99279E-05 9.99279E-05 0.0060318 9.99279E-05 0.00970763 9.99279E-05 0.0104532 9.99279E-05 0.966078 9.99279E-05 9.99279E-05 9.99279E-05 0.00692999
9.99099E-05 9.99099E-05 9.99099E-05 9.99099E-05 9.99099E-05 9.99099E-05 9.99099E-05 9.99099E-05 0.985072 9.99099E-05 0.00871876 0.00521033 9.99099E-05
9.99011E-05 9.99011E-05 9.99011E-05 9.99011E-05 9.99011E-05 0.0201597 9.99011E-05 9.99011E-05 9.99011E-05 9.99011E-05 9.99011E-05 9.99011E-05 0.978741
9.98922E-05 9.98922E-05 9.98922E-05 9.98922E-05 9.98922E-05 9.98922E-05 9.98922E-05 9.98922E-05 9.98922E-05 9.98922E-05 9.98922E-05 9.98922E-05 0.998801
9.99189E-05 0.783926 9.99189E-05 9.99189E-05 0.0818862 0.0346815 9.99189E-05 9.99189E-05 0.098607 9.99189E-05 9.99189E-05 9.99189E-05 9.99189E-05
0.0386771 0.790507 9.99369E-05 9.99369E-05 0.0228637 0.00182747 9.99369E-05 0.00313394 0.142291 9.99369E-05 9.99369E-05 9.99369E-05 9.99369E-05
9.99191E-05 0.0105919 9.99191E-05 9.99191E-05 9.99191E-05 9.99191E-05 0.0245457 9.99191E-05 9.99191E-05 9.99191E-05 9.99191E-05 0.020723 0.94324
9.98922E-05 9.98922E-05 9.98922E-05 9.98922E-05 9.98922E-05 9.98922E-05 9.98922E-05 9.98922E-05 9.98922E-05 9.98922E-05 9.98922E-05 9.98922E-05 0.998801
0.0535622 9.99279E-05 9.99279E-05 9.99279E-05 0.0050425 0.91878 9.99279E-05 9.99279E-05 0.00621088 9.99279E-05 0.0156054 9.99279E-05 9.99279E-05
0.183107 0.131922 9.995E-05 9.995E-05 0.0466337 0.0105983 0.00871554 0.0445715 0.544048 0.0299043 9.995E-05 9.995E-05 9.995E-05
0.0179589 9.9928E-05 9.9928E-05 9.9928E-05 0.926678 9.9928E-05 9.9928E-05 0.0061143 9.9928E-05 9.9928E-05 0.0464442 0.00200497 9.9928E-05
0.149147 0.159418 0.0113807 0.582205 9.99462E-05 9.99462E-05 0.0220511 0.0118723 9.99462E-05 0.0633268 9.99462E-05 9.99462E-05 9.99462E-05
0.200541 9.99371E-05 9.99371E-05 0.602858 9.99371E-05 0.0803497 9.99371E-05 9.99371E-05 0.0126393 0.0467521 9.99371E-05 9.99371E-05 0.056161
9.99461E-05 9.99461E-05 0.351832 9.99461E-05 0.00724474 9.99461E-05 0.0514688 9.99461E-05 9.99461E-05 0.00101794 0.096647 0.465499 0.0256907
