9.98918E-05 9.98918E-05 9.98918E-05 9.98918E-05 9.98918E-05 9.98918E-05 9.98918E-05 9.98918E-05 9.98918E-05 9.98918E-05 9.98918E-05 0.892323 9.98918E-05 0.106478
9.99101E-05 9.99101E-05 9.99101E-05 0.153148 0.0872877 9.99101E-05 9.99101E-05 9.99101E-05 9.99101E-05 9.99101E-05 0.705551 0.00285169 0.0502627 9.99101E-05
0.0397363 0.0258569 9.99287E-05 0.266845 9.99287E-05 9.99287E-05 9.99287E-05 0.439667 0.0922215 0.134874 9.99287E-05 9.99287E-05 9.99287E-05 9.99287E-05
9.991E-05 0.0337546 0.0312686 0.912081 9.991E-05 9.991E-05 9.991E-05 0.0218966 9.991E-05 9.991E-05 9.991E-05 9.991E-05 9.991E-05 9.991E-05
9.99551E-05 0.0106854 0.0518946 0.377242 0.00664337 0.222415 9.99551E-05 9.99551E-05 9.99551E-05 0.0534259 0.156991 0.0316384 9.99551E-05 0.0885638
9.98831E-05 9.98831E-05 9.98831E-05 0.998702 9.98831E-05 9.98831E-05 9.98831E-05 9.98831E-05 9.98831E-05 9.98831E-05 9.98831E-05 9.98831E-05 9.98831E-05 9.98831E-05
9.9883E-05 9.9883E-05 9.9883E-05 9.9883E-05 9.9883E-05 0.998702 9.9883E-05 9.9883E-05 9.9883E-05 9.9883E-05 9.9883E-05 9.9883E-05 9.9883E-05 9.9883E-05
9.993E-05 0.00264539 0.0421566 0.0528305 9.993E-05 9.993E-05 9.993E-05 0.0263683 9.993E-05 0.639741 0.170456 9.993E-05 9.993E-05 0.0651024
9.9901E-05 9.9901E-05 9.9901E-05 9.9901E-05 0.00156562 0.957561 9.9901E-05 9.9901E-05 9.9901E-05 9.9901E-05 0.0397747 9.9901E-05 9.9901E-05 9.9901E-05
9.9892E-05 9.9892E-05 9.9892E-05 9.9892E-05 9.9892E-05 0.172806 9.9892E-05 9.9892E-05 9.9892E-05 9.9892E-05 9.9892E-05 9.9892E-05 9.9892E-05 0.825995
9.98921E-05 9.98921E-05 9.98921E-05 9.98921E-05 9.98921E-05 0.151437 9.98921E-05 9.98921E-05 9.98921E-05 9.98921E-05 9.98921E-05 9.98921E-05 9.98921E-05 0.847365
9.991E-05 0.133172 9.991E-05 0.00866273 9.991E-05 9.991E-05 9.991E-05 9.991E-05 0.193422 9.991E-05 9.991E-05 0.663744 9.991E-05 9.991E-05
9.99013E-05 9.99013E-05 9.99013E-05 9.99013E-05 9.99013E-05 0.0317153 9.99013E-05 9.99013E-05 0.96522 0.00196579 9.99013E-05 9.99013E-05 9.99013E-05 9.99013E-05
0.0385273 9.98921E-05 9.98921E-05 0.960274 9.98921E-05 9.98921E-05 9.98921E-05 9.98921E-05 9.98921E-05 9.98921E-05 9.98921E-05 9.98921E-05 9.98921E-05 9.98921E-05
0.0101868 9.99011E-05 9.99011E-05 0.971041 9.99011E-05 9.99011E-05 9.99011E-05 9.99011E-05 9.99011E-05 9.99011E-05 9.99011E-05 0.0176731 9.99011E-05 9.99011E-05
9.99011E-05 9.99011E-05 9.99011E-05 9.99011E-05 9.99011E-05 9.99011E-05 9.99011E-05 9.99011E-05 0.161966 9.99011E-05 9.99011E-05 9.99011E-05 0.797374 0.0395612
9.98918E-05 9.98918E-05 9.98918E-05 9.98918E-05 0.912876 9.98918E-05 9.98918E-05 9.98918E-05 9.98918E-05 9.98918E-05 9.98918E-05 9.98918E-05 9.98918E-05 0.0859257
0.753369 9.99368E-05 0.0193102 9.99368E-05 9.99368E-05 0.00681371 9.99368E-05 9.99368E-05 9.99368E-05 9.99368E-05 0.0401791 0.0168856 0.081548 0.0811945
0.268098 0.0757954 9.99009E-05 9.99009E-05 9.99009E-05 9.99009E-05 0.655007 9.99009E-05 9.99009E-05 9.99009E-05 9.99009E-05 9.99009E-05 9.99009E-05 9.99009E-05
9.99189E-05 0.0336504 9.99189E-05 9.99189E-05 0.0496145 9.99189E-05 9.99189E-05 9.99189E-05 9.99189E-05 9.99189E-05 9.99189E-05 0.113547 0.314836 0.487453
0.998702 9.98831E-05 9.98831E-05 9.98831E-05 9.98831E-05 9.98831E-05 9.98831E-05 9.98831E-05 9.98831E-05 9.98831E-05 9.98831E-05 9.98831E-05 9.98831E-05 9.98831E-05
9.99189E-05 9.99189E-05 9.99189E-05 9.99189E-05 0.0497529 9.99189E-05 9.99189E-05 9.99189E-05 0.0689654 9.99189E-05 9.99189E-05 0.43969 0.339948 0.100744
0.394501 0.114068 9.991E-05 9.991E-05 0.331787 9.991E-05 9.991E-05 9.991E-05 9.991E-05 9.991E-05 9.991E-05 9.991E-05 9.991E-05 0.158644
0.822782 0.0462138 9.9901E-05 9.9901E-05 9.9901E-05 9.9901E-05 0.129906 9.9901E-05 9.9901E-05 9.9901E-05 9.9901E-05 9.9901E-05 9.9901E-05 9.9901E-05
9.98922E-05 9.98922E-05 9.98922E-05 0.430117 9.98922E-05 9.98922E-05 9.98922E-05 0.568684 9.98922E-05 9.98922E-05 9.98922E-05 9.98922E-05 9.98922E-05 9.98922E-05
9.98922E-05 9.98922E-05 9.98922E-05 0.857359 9.98922E-05 9.98922E-05 9.98922E-05 0.141443 9.98922E-05 9.98922E-05 9.98922E-05 9.98922E-05 9.98922E-05 9.98922E-05
9.99188E-05 0.0484163 9.99188E-05 9.99188E-05 0.0405561 9.99188E-05 9.99188E-05 9.99188E-05 0.771551 9.99188E-05 9.99188E-05 0.0420275 9.99188E-05 0.0965497
9.9892E-05 9.9892E-05 9.9892E-05 0.0200378 9.9892E-05 9.9892E-05 9.9892E-05 0.978763 9.9892E-05 9.9892E-05 9.9892E-05 9.9892E-05 9.9892E-05 9.9892E-05
9.9883E-05 9.9883E-05 9.9883E-05 9.9883E-05 9.9883E-05 9.9883E-05 9.9883E-05 0.998702 9.9883E-05 9.9883E-05 9.9883E-05 9.9883E-05 9.9883E-05 9.9883E-05
9.99281E-05 9.99281E-05 0.106903 0.393811 9.99281E-05 9.99281E-05 0.0502732 0.191775 9.99281E-05 0.217277 0.0391608 9.99281E-05 9.99281E-05 9.99281E-05
9.99279E-05 0.0121259 0.0840229 0.308672 0.0163064 9.99279E-05 9.99279E-05 0.0408544 9.99279E-05 0.537219 9.99279E-05 9.99279E-05 9.99279E-05 9.99279E-05
9.98833E-05 9.98833E-05 9.98833E-05 9.98833E-05 9.98833E-05 9.98833E-05 9.98833E-05 9.98833E-05 9.98833E-05 9.98833E-05 0.998702 9.98833E-05 9.98833E-05 9.98833E-05
9.99012E-05 9.99012E-05 9.99012E-05 0.639631 9.99012E-05 9.99012E-05 9.99012E-05 0.17223 9.99012E-05 0.18704 9.99012E-05 9.99012E-05 9.99012E-05 9.99012E-05
9.99101E-05 9.99101E-05 0.645241 9.99101E-05 9.99101E-05 9.99101E-05 9.99101E-05 9.99101E-05 9.99101E-05 0.292402 0.046333 9.99101E-05 9.99101E-05 0.0150254
9.994E-05 0.0665631 0.0158657 9.994E-05 0.32283 9.994E-05 9.994E-05 0.0009309 0.485295 0.030117 9.994E-05 0.0341632 9.994E-05 0.0436346
9.99098E-05 9.99098E-05 9.99098E-05 0.535072 0.0144123 9.99098E-05 9.99098E-05 0.417374 9.99098E-05 0.0321419 9.99098E-05 9.99098E-05 9.99098E-05 9.99098E-05
9.9901E-05 9.9901E-05 9.9901E-05 0.0194501 9.9901E-05 9.9901E-05 9.9901E-05 9.9901E-05 9.9901E-05 0.0187101 9.9901E-05 0.960741 9.9901E-05 9.9901E-05
9.9919E-05 9.9919E-05 9.9919E-05 9.9919E-05 0.037867 9.9919E-05 0.0185256 9.9919E-05 9.9919E-05 9.9919E-05 0.229769 0.0522935 9.9919E-05 0.660646
9.98828E-05 9.98828E-05 9.98828E-05 9.98828E-05 0.998702 9.98828E-05 9.98828E-05 9.98828E-05 9.98828E-05 9.98828E-05 9.98828E-05 9.98828E-05 9.98828E-05 9.98828E-05
9.99188E-05 9.99188E-05 9.99188E-05 0.104992 0.14671 9.99188E-05 9.99188E-05 9.99188E-05 9.99188E-05 9.99188E-05 9.99188E-05 0.160712 0.336265 0.250421
9.99368E-05 0.00980376 9.99368E-05 0.0834479 0.0769908 9.99368E-05 0.00200141 9.99368E-05 9.99368E-05 9.99368E-05 9.99368E-05 0.249348 0.268038 0.30967
9.9901E-05 9.9901E-05 9.9901E-05 9.9901E-05 0.0274631 9.9901E-05 9.9901E-05 9.9901E-05 9.9901E-05 9.9901E-05 9.9901E-05 0.0335796 9.9901E-05 0.937858
0.0196578 9.99099E-05 9.99099E-05 9.99099E-05 9.99099E-05 0.0642941 9.99099E-05 9.99099E-05 0.0695043 9.99099E-05 9.99099E-05 9.99099E-05 0.845545 9.99099E-05
9.99101E-05 9.99101E-05 9.99101E-05 9.99101E-05 0.0123891 9.99101E-05 9.99101E-05 0.00189703 9.99101E-05 9.99101E-05 9.99101E-05 0.0102422 9.99101E-05 0.974473
0.13704 0.0840925 9.99459E-05 9.99459E-05 0.00314939 9.99459E-05 9.99459E-05 9.99459E-05 0.156142 9.99459E-05 0.066964 0.0668446 0.0707843 0.414383
9.9928E-05 9.9928E-05 9.9928E-05 0.107741 9.9928E-05 9.9928E-05 0.0576416 9.9928E-05 9.9928E-05 9.9928E-05 0.0162941 0.140946 0.165898 0.51068
9.995E-05 9.995E-05 0.0179004 0.0742838 0.246425 0.0615768 0.0131413 0.000842633 0.116607 9.995E-05 9.995E-05 0.221243 9.995E-05 0.24748
9.98928E-05 9.98928E-05 9.98928E-05 9.98928E-05 9.98928E-05 9.98928E-05 0.0157793 9.98928E-05 9.98928E-05 9.98928E-05 9.98928E-05 0.983022 9.98928E-05 9.98928E-05
9.98831E-05 9.98831E-05 0.998702 9.98831E-05 9.98831E-05 9.98831E-05 9.98831E-05 9.98831E-05 9.98831E-05 9.98831E-05 9.98831E-05 9.98831E-05 9.98831E-05 9.98831E-05
9.99101E-05 9.99101E-05 0.988259 0.0025482 0.00463523 9.99101E-05 9.99101E-05 0.00355897 9.99101E-05 9.99101E-05 9.99101E-05 9.99101E-05 9.99101E-05 9.99101E-05
9.98922E-05 9.98922E-05 0.997745 9.98922E-05 9.98922E-05 9.98922E-05 9.98922E-05 0.00105646 9.98922E-05 9.98922E-05 9.98922E-05 9.98922E-05 9.98922E-05 9.98922E-05
9.98832E-05 9.98832E-05 0.998702 9.98832E-05 9.98832E-05 9.98832E-05 9.98832E-05 9.98832E-05 9.98832E-05 9.98832E-05 9.98832E-05 9.98832E-05 9.98832E-05 9.98832E-05
9.98832E-05 9.98832E-05 0.998702 9.98832E-05 9.98832E-05 9.98832E-05 9.98832E-05 9.98832E-05 9.98832E-05 9.98832E-05 9.98832E-05 9.98832E-05 9.98832E-05 9.98832E-05
0.0181619 9.99551E-05 0.374019 9.99551E-05 0.000557387 0.0236973 9.99551E-05 0.120484 9.99551E-05 0.311225 0.0720707 9.99551E-05 0.0688019 0.0104831
9.98921E-05 9.98921E-05 0.923292 9.98921E-05 9.98921E-05 9.98921E-05 9.98921E-05 9.98921E-05 9.98921E-05 9.98921E-05 0.0755091 9.98921E-05 9.98921E-05 9.98921E-05
9.98919E-05 9.98919E-05 9.98919E-05 9.98919E-05 9.98919E-05 9.98919E-05 9.98919E-05 9.98919E-05 9.98919E-05 9.98919E-05 9.98919E-05 0.809697 0.189104 9.98919E-05
9.99189E-05 0.00222859 0.0670678 9.99189E-05 9.99189E-05 0.053563 9.99189E-05 0.0169721 9.99189E-05 9.99189E-05 0.859269 9.99189E-05 9.99189E-05 9.99189E-05
9.99009E-05 9.99009E-05 9.99009E-05 0.745726 0.0217234 9.99009E-05 9.99009E-05 0.231452 9.99009E-05 9.99009E-05 9.99009E-05 9.99009E-05 9.99009E-05 9.99009E-05
9.9928E-05 0.0187233 0.00530227 9.9928E-05 9.9928E-05 9.9928E-05 9.9928E-05 9.9928E-05 0.795591 9.9928E-05 0.00786806 0.0630572 0.108659 9.9928E-05
9.98924E-05 9.98924E-05 9.98924E-05 9.98924E-05 9.98924E-05 9.98924E-05 9.98924E-05 9.98924E-05 0.115603 9.98924E-05 9.98924E-05 9.98924E-05 0.883198 9.98924E-05
9.98924E-05 9.98924E-05 9.98924E-05 9.98924E-05 9.98924E-05 0.029944 9.98924E-05 9.98924E-05 0.968857 9.98924E-05 9.98924E-05 9.98924E-05 9.98924E-05 9.98924E-05
9.98918E-05 9.98918E-05 9.98918E-05 9.98918E-05 9.98918E-05 9.98918E-05 9.98918E-05 9.98918E-05 0.867497 9.98918E-05 9.98918E-05 9.98918E-05 9.98918E-05 0.131305
9.99009E-05 0.0270254 9.99009E-05 9.99009E-05 9.99009E-05 9.99009E-05 9.99009E-05 9.99009E-05 0.831071 9.99009E-05 9.99009E-05 9.99009E-05 9.99009E-05 0.140805
9.98828E-05 9.98828E-05 9.98828E-05 9.98828E-05 9.98828E-05 9.98828E-05 0.998702 9.98828E-05 9.98828E-05 9.98828E-05 9.98828E-05 9.98828E-05 9.98828E-05 9.98828E-05
9.98924E-05 9.98924E-05 9.98924E-05 0.291987 9.98924E-05 9.98924E-05 9.98924E-05 0.706814 9.98924E-05 9.98924E-05 9.98924E-05 9.98924E-05 9.98924E-05 9.98924E-05
9.997E-05 0.0649466 0.0507743 0.168956 9.997E-05 0.118186 0.0739467 9.997E-05 0.0550628 0.035957 0.0178155 0.127277 0.223406 0.0633723
9.99103E-05 9.99103E-05 0.0220401 0.832529 9.99103E-05 9.99103E-05 9.99103E-05 0.0818415 9.99103E-05 0.0625908 9.99103E-05 9.99103E-05 9.99103E-05 9.99103E-05
9.9919E-05 9.9919E-05 0.00988889 0.82554 0.0199618 0.0436228 9.9919E-05 0.100087 9.9919E-05 9.9919E-05 9.9919E-05 9.9919E-05 9.9919E-05 9.9919E-05
9.9892E-05 9.9892E-05 9.9892E-05 9.9892E-05 9.9892E-05 9.9892E-05 9.9892E-05 0.971488 9.9892E-05 9.9892E-05 9.9892E-05 9.9892E-05 0.0273134 9.9892E-05
9.98921E-05 9.98921E-05 9.98921E-05 9.98921E-05 9.98921E-05 9.98921E-05 9.98921E-05 0.989239 9.98921E-05 9.98921E-05 0.00956227 9.98921E-05 9.98921E-05 9.98921E-05
9.99281E-05 0.0156909 9.99281E-05 0.790276 9.99281E-05 0.0272503 9.99281E-05 9.99281E-05 9.99281E-05 0.120901 0.0176281 9.99281E-05 9.99281E-05 0.0274542
9.99009E-05 9.99009E-05 9.99009E-05 0.660285 0.0292354 9.99009E-05 9.99009E-05 0.309381 9.99009E-05 9.99009E-05 9.99009E-05 9.99009E-05 9.99009E-05 9.99009E-05
9.98919E-05 9.98919E-05 0.00416277 9.98919E-05 9.98919E-05 9.98919E-05 9.98919E-05 9.98919E-05 9.98919E-05 0.994639 9.98919E-05 9.98919E-05 9.98919E-05 9.98919E-05
9.9901E-05 9.9901E-05 9.9901E-05 9.9901E-05 9.9901E-05 0.000542699 9.9901E-05 9.9901E-05 0.0423037 0.956055 9.9901E-05 9.9901E-05 9.9901E-05 9.9901E-05
0.0136161 9.99191E-05 0.0261658 0.828742 9.99191E-05 9.99191E-05 9.99191E-05 0.114732 9.99191E-05 9.99191E-05 9.99191E-05 9.99191E-05 0.0158451 9.99191E-05
9.98919E-05 9.98919E-05 9.98919E-05 9.98919E-05 9.98919E-05 9.98919E-05 9.98919E-05 9.98919E-05 9.98919E-05 0.041818 9.98919E-05 9.98919E-05 0.956983 9.98919E-05
9.9892E-05 9.9892E-05 0.0104166 9.9892E-05 9.9892E-05 9.9892E-05 9.9892E-05 9.9892E-05 9.9892E-05 9.9892E-05 9.9892E-05 9.9892E-05 0.988385 9.9892E-05
9.98922E-05 0.986457 9.98922E-05 9.98922E-05 9.98922E-05 9.98922E-05 9.98922E-05 9.98922E-05 9.98922E-05 9.98922E-05 9.98922E-05 0.0123447 9.98922E-05 9.98922E-05
9.98922E-05 0.975405 9.98922E-05 9.98922E-05 9.98922E-05 9.98922E-05 9.98922E-05 9.98922E-05 0.0233962 9.98922E-05 9.98922E-05 9.98922E-05 9.98922E-05 9.98922E-05
9.99099E-05 9.99099E-05 9.99099E-05 9.99099E-05 9.99099E-05 9.99099E-05 9.99099E-05 0.0283222 9.99099E-05 9.99099E-05 0.0742237 9.99099E-05 0.0750242 0.821431
9.99279E-05 9.99279E-05 9.99279E-05 9.99279E-05 9.99279E-05 0.000574471 9.99279E-05 0.00917569 0.0295846 9.99279E-05 0.0376829 9.99279E-05 0.100586 0.821597
9.99101E-05 0.970225 9.99101E-05 9.99101E-05 9.99101E-05 9.99101E-05 9.99101E-05 9.99101E-05 9.99101E-05 0.0168978 9.99101E-05 9.99101E-05 0.00412331 0.00775507
9.98831E-05 0.998702 9.98831E-05 9.98831E-05 9.98831E-05 9.98831E-05 9.98831E-05 9.98831E-05 9.98831E-05 9.98831E-05 9.98831E-05 9.98831E-05 9.98831E-05 9.98831E-05
9.99009E-05 9.99009E-05 0.0192072 9.99009E-05 9.99009E-05 0.0117203 9.99009E-05 9.99009E-05 9.99009E-05 9.99009E-05 9.99009E-05 0.967974 9.99009E-05 9.99009E-05
0.0535599 9.99549E-05 9.99549E-05 9.99549E-05 0.0106579 0.0872424 0.0149361 9.99549E-05 0.130545 9.99549E-05 0.0372712 0.0321308 0.444048 0.189109
9.9901E-05 9.9901E-05 0.0349469 9.9901E-05 9.9901E-05 0.0502927 9.9901E-05 9.9901E-05 9.9901E-05 9.9901E-05 0.913661 9.9901E-05 9.9901E-05 9.9901E-05
9.99283E-05 0.0761355 9.99283E-05 0.0247013 0.310148 9.99283E-05 0.107326 9.99283E-05 0.230453 9.99283E-05 9.99283E-05 9.99283E-05 9.99283E-05 0.250437
0.0504857 0.131105 9.99192E-05 9.99192E-05 0.37141 9.99192E-05 9.99192E-05 9.99192E-05 0.301937 9.99192E-05 9.99192E-05 0.144164 9.99192E-05 9.99192E-05
0.0423719 0.0200624 9.99191E-05 0.0160837 9.99191E-05 9.99191E-05 9.99191E-05 0.258258 9.99191E-05 0.662325 9.99191E-05 9.99191E-05 9.99191E-05 9.99191E-05
