9.998E-05 9.998E-05 9.998E-05 0.9997
9.999E-05 0.320772 0.289567 0.389561
0.049474 0.0887653 0.819454 0.0423067
9.998E-05 9.998E-05 0.9997 9.998E-05
9.999E-05 0.315332 0.452004 0.232564
0.00103527 9.9991E-05 0.997052 0.00181242
9.999E-05 0.445998 0.0129995 0.540903
9.999E-05 0.523398 0.402469 0.0740327
9.99821E-05 0.475516 9.99821E-05 0.524284
9.9982E-05 0.182088 9.9982E-05 0.817712
9.9982E-05 0.167013 9.9982E-05 0.832787
9.9982E-05 9.9982E-05 0.107711 0.892089
9.99821E-05 9.99821E-05 0.0492459 0.950554
0.0403666 9.9982E-05 0.959433 9.9982E-05
0.00711736 9.9991E-05 0.985175 0.00760776
9.9991E-05 0.0478216 0.0204602 0.931618
0.133151 9.9991E-05 0.0501748 0.816574
0.729375 0.106316 9.9991E-05 0.164209
0.9997 9.998E-05 9.998E-05 9.998E-05
9.9982E-05 0.0445898 9.9982E-05 0.95521
0.9997 9.998E-05 9.998E-05 9.998E-05
9.9982E-05 9.9982E-05 0.0280085 0.971792
0.51395 0.034443 0.0700607 0.381547
0.973425 9.9982E-05 9.9982E-05 0.0263753
9.998E-05 9.998E-05 0.9997 9.998E-05
9.998E-05 9.998E-05 0.9997 9.998E-05
9.998E-05 9.998E-05 9.998E-05 0.9997
9.9982E-05 0.0343373 0.965463 9.9982E-05
9.9982E-05 0.0696291 0.930171 9.9982E-05
0.0388421 0.260781 0.696997 0.00338046
0.0228899 0.354821 0.622189 9.9991E-05
9.99911E-05 0.654418 0.0627001 0.282782
9.998E-05 9.998E-05 0.9997 9.998E-05
9.9982E-05 0.92467 0.0751305 9.9982E-05
9.9982E-05 9.9982E-05 0.132153 0.867647
9.9982E-05 9.9982E-05 0.973597 0.0262035
9.99821E-05 9.99821E-05 0.0682396 0.93156
0.0133142 0.247901 9.9991E-05 0.738685
0.131419 9.9991E-05 0.187723 0.680758
9.99819E-05 9.99819E-05 0.159556 0.840244
9.99819E-05 9.99819E-05 0.108214 0.891587
0.00816113 0.0225168 9.9991E-05 0.969222
9.9982E-05 0.0791615 9.9982E-05 0.920639
9.9982E-05 0.0739808 9.9982E-05 0.925819
0.141811 0.058966 9.9991E-05 0.799123
0.0430657 0.0879319 0.0611261 0.807876
9.9991E-05 0.0806236 0.120679 0.798598
0.0221724 0.00948812 9.99911E-05 0.96824
9.998E-05 0.9997 9.998E-05 9.998E-05
9.998E-05 0.9997 9.998E-05 9.998E-05
9.998E-05 0.9997 9.998E-05 9.998E-05
9.998E-05 0.9997 9.998E-05 9.998E-05
9.998E-05 0.9997 9.998E-05 9.998E-05
0.0674332 0.661382 0.218881 0.0523041
9.998E-05 0.9997 9.998E-05 9.998E-05
9.998E-05 9.998E-05 9.998E-05 0.9997
9.9991E-05 0.574581 0.105549 0.31977
9.998E-05 9.998E-05 0.9997 9.998E-05
9.99821E-05 9.99821E-05 0.00825957 0.99154
9.9991E-05 0.00959629 0.0788677 0.911436
9.998E-05 9.998E-05 9.998E-05 0.9997
9.998E-05 9.998E-05 9.998E-05 0.9997
0.000110487 9.9982E-05 9.9982E-05 0.99969
0.909384 0.00961711 9.9991E-05 0.0808989
9.998E-05 9.998E-05 0.9997 9.998E-05
0.0994675 0.116237 0.352793 0.431502
9.99821E-05 0.037868 0.961932 9.99821E-05
9.9991E-05 0.00149487 0.98343 0.0149749
9.9982E-05 0.0784068 0.921393 9.9982E-05
0.00179789 0.0674799 0.930622 9.9991E-05
9.9991E-05 0.00235488 0.940097 0.057448
0.0016033 9.9982E-05 0.998197 9.9982E-05
9.99821E-05 0.494343 0.505457 9.99821E-05
9.99911E-05 0.435755 0.514809 0.049336
9.9982E-05 9.9982E-05 0.989408 0.0103919
9.9991E-05 0.132448 0.0475674 0.819885
9.9991E-05 0.161744 0.0453201 0.792836
0.21729 9.9991E-05 0.122957 0.659653
0.21748 9.9991E-05 0.114304 0.668116
9.99819E-05 0.119167 9.99819E-05 0.880633
0.000614167 0.122901 9.9991E-05 0.876385
0.221445 0.00529327 0.148288 0.624974
0.219545 9.9991E-05 0.154718 0.625637
9.9982E-05 0.0628417 9.9982E-05 0.936958
0.0369815 0.0465282 9.9991E-05 0.91639
9.9991E-05 0.683129 0.0435466 0.273224
0.19781 9.9991E-05 0.101612 0.700478
0.160954 9.9991E-05 0.0434779 0.795468
0.0564268 0.321976 0.621497 9.9991E-05
