9.9982E-05 9.9982E-05 0.973336 0.0174359 0.00902842
0.291665 9.9991E-05 0.382981 0.0164896 0.308765
0.0923436 0.0455321 0.0011137 0.0896613 0.771349
9.9973E-05 9.9973E-05 9.9973E-05 0.0133731 0.986327
0.314738 9.9991E-05 0.228301 0.0152632 0.441598
9.997E-05 9.997E-05 9.997E-05 9.997E-05 0.9996
0.34725 9.99821E-05 0.578409 9.99821E-05 0.0741414
0.458199 9.9991E-05 0.0677224 0.0289061 0.445073
0.428679 9.99821E-05 0.518054 9.99821E-05 0.0530668
0.160754 9.9982E-05 0.72244 0.116605 9.9982E-05
0.129609 9.9982E-05 0.739895 0.130296 9.9982E-05
9.9982E-05 9.9982E-05 0.790905 0.148805 0.0600895
9.99821E-05 0.00697456 0.943149 9.99821E-05 0.0496765
9.9973E-05 0.0188101 9.9973E-05 9.9973E-05 0.98089
9.9982E-05 0.0188744 0.0142023 9.9982E-05 0.966723
0.0239631 9.9991E-05 0.898723 0.00651257 0.0707009
9.999E-05 0.100374 0.514387 0.367955 0.0171837
0.0685146 0.713324 0.217961 9.9982E-05 9.9982E-05
9.9973E-05 0.894053 9.9973E-05 0.105647 9.9973E-05
0.0075729 9.9982E-05 0.838999 0.153229 9.9982E-05
9.9973E-05 0.980949 9.9973E-05 9.9973E-05 0.0187509
0.00223606 9.9991E-05 0.938227 0.049405 0.0100318
0.0388432 0.446475 0.128991 0.373409 0.0122817
9.9973E-05 0.916431 9.9973E-05 0.0832693 9.9973E-05
9.997E-05 9.997E-05 9.997E-05 9.997E-05 0.9996
9.997E-05 9.997E-05 9.997E-05 9.997E-05 0.9996
9.9973E-05 9.9973E-05 0.933778 0.0659225 9.9973E-05
0.0799043 9.9973E-05 9.9973E-05 9.9973E-05 0.919796
0.107066 9.9973E-05 9.9973E-05 9.9973E-05 0.892634
0.264333 0.00107401 9.9991E-05 0.0467874 0.687706
0.349471 9.9982E-05 9.9982E-05 0.0548546 0.595475
0.628823 9.99911E-05 0.292809 0.00150386 0.0767643
9.99731E-05 9.99731E-05 9.99731E-05 0.00311568 0.996584
0.886487 9.9973E-05 9.9973E-05 9.9973E-05 0.113213
9.9982E-05 9.9982E-05 0.703372 0.227022 0.0694058
9.99729E-05 9.99729E-05 0.0196321 9.99729E-05 0.980068
9.99821E-05 9.99821E-05 0.912417 0.0298515 0.0575319
0.21893 0.0429637 0.717694 0.0028792 0.0175336
9.9991E-05 0.0966011 0.351892 0.410002 0.141405
9.9991E-05 0.00331642 0.779523 0.0609693 0.156091
0.0118511 0.0039157 0.830143 0.0792897 0.0748004
0.0476705 0.0336763 0.807994 0.110559 9.9991E-05
0.0697742 9.9982E-05 0.919263 9.9982E-05 0.0107624
0.076964 0.00162071 0.746189 0.175127 9.9991E-05
0.0269497 0.126625 0.656415 0.18991 9.9991E-05
0.0849148 0.0480782 0.692802 0.110896 0.0633095
0.0617771 9.9991E-05 0.650668 0.14198 0.145475
0.00512815 0.0488037 0.945868 9.99822E-05 9.99822E-05
0.9996 9.997E-05 9.997E-05 9.997E-05 9.997E-05
0.9996 9.997E-05 9.997E-05 9.997E-05 9.997E-05
0.9996 9.997E-05 9.997E-05 9.997E-05 9.997E-05
0.9996 9.997E-05 9.997E-05 9.997E-05 9.997E-05
0.9996 9.997E-05 9.997E-05 9.997E-05 9.997E-05
0.637996 0.0232165 0.103295 9.9991E-05 0.235393
0.9996 9.997E-05 9.997E-05 9.997E-05 9.997E-05
9.997E-05 9.997E-05 0.9996 9.997E-05 9.997E-05
0.575327 9.9982E-05 0.301986 9.9982E-05 0.122488
9.997E-05 9.997E-05 9.997E-05 9.997E-05 0.9996
9.99731E-05 9.99731E-05 0.953959 0.0457414 9.99731E-05
9.9982E-05 9.9982E-05 0.878199 0.0347234 0.0868773
9.99732E-05 0.0141997 0.9855 9.99732E-05 9.99732E-05
9.9973E-05 9.9973E-05 0.944995 9.9973E-05 0.0547052
9.9982E-05 0.029422 0.899628 0.0707499 9.9982E-05
9.99731E-05 0.933998 0.0657023 9.99731E-05 9.99731E-05
9.997E-05 9.997E-05 9.997E-05 9.997E-05 0.9996
0.190636 0.0423305 0.348338 0.111009 0.307686
9.997E-05 9.997E-05 9.997E-05 9.997E-05 0.9996
0.0035474 9.9991E-05 0.0243613 0.00432075 0.967671
0.036918 9.9982E-05 0.0299438 9.9982E-05 0.932938
0.0406185 0.0104241 9.9982E-05 9.9982E-05 0.948757
0.0742683 9.9991E-05 0.035934 0.018063 0.871635
9.997E-05 9.997E-05 9.997E-05 9.997E-05 0.9996
0.53446 9.99732E-05 9.99732E-05 9.99732E-05 0.46524
0.373515 0.014271 0.0942655 9.99911E-05 0.517848
0.0374701 9.9982E-05 0.0317303 9.9982E-05 0.9306
0.095136 9.9991E-05 0.763787 0.0764257 0.0645509
0.1143 9.9991E-05 0.762796 0.058328 0.0644768
9.997E-05 9.997E-05 9.997E-05 0.9996 9.997E-05
9.997E-05 9.997E-05 9.997E-05 0.9996 9.997E-05
0.116864 9.99819E-05 0.802739 0.0801965 9.99819E-05
0.122855 0.00348003 0.816712 0.0568538 9.9991E-05
9.997E-05 9.997E-05 9.997E-05 0.9996 9.997E-05
9.997E-05 9.997E-05 9.997E-05 0.9996 9.997E-05
0.0346751 9.9973E-05 0.965025 9.9973E-05 9.9973E-05
0.018852 0.0428696 0.891979 9.9991E-05 0.0461998
0.623357 9.9982E-05 0.277837 9.9982E-05 0.0986054
9.9991E-05 0.124415 0.486563 0.342221 0.0467021
9.99821E-05 0.0558164 0.594334 0.349649 9.99821E-05
0.328167 0.0469524 9.9991E-05 0.052781 0.572
