0.9998 9.999E-05 9.999E-05
0.478198 9.9991E-05 0.521702
0.0812521 0.0308462 0.887902
9.999E-05 9.999E-05 0.9998
0.307204 9.9991E-05 0.692696
9.999E-05 9.999E-05 0.9998
0.674988 9.99911E-05 0.324912
0.186686 9.9991E-05 0.813214
0.633311 9.99911E-05 0.366589
0.956963 9.9991E-05 0.0429375
0.978025 9.9991E-05 0.0218749
0.958988 9.9991E-05 0.0409123
0.938067 9.99911E-05 0.0618334
9.9991E-05 0.0175869 0.982313
9.9991E-05 0.00413614 0.995764
0.960661 9.9991E-05 0.0392394
0.786295 0.190141 0.023564
0.232894 0.722383 0.0447228
9.999E-05 0.9998 9.999E-05
0.9998 9.999E-05 9.999E-05
9.999E-05 0.9998 9.999E-05
0.9998 9.999E-05 9.999E-05
0.350719 0.570945 0.0783356
0.00425574 0.995644 9.9991E-05
9.999E-05 9.999E-05 0.9998
9.999E-05 9.999E-05 0.9998
0.9998 9.999E-05 9.999E-05
9.999E-05 9.999E-05 0.9998
9.999E-05 9.999E-05 0.9998
9.9991E-05 0.0417285 0.958171
0.0101144 0.0463256 0.94356
0.413508 9.9991E-05 0.586392
9.999E-05 9.999E-05 0.9998
0.179916 9.9991E-05 0.819984
0.923344 9.9991E-05 0.0765565
9.999E-05 9.999E-05 0.9998
0.970251 9.9991E-05 0.0296491
0.822898 0.0167201 0.160382
0.649586 0.179898 0.170516
0.888807 9.9991E-05 0.111093
0.896347 9.9991E-05 0.103553
0.985209 0.0146906 9.9991E-05
0.9998 9.999E-05 9.999E-05
0.977489 0.00498661 0.0175247
0.844389 0.155511 9.9991E-05
0.83519 0.0490798 0.11573
0.836126 0.0179951 0.145879
0.9998 9.999E-05 9.999E-05
0.156208 0.0207112 0.823081
0.165094 0.0352291 0.799676
0.190444 0.0232116 0.786345
0.150102 0.0454633 0.804435
0.111173 0.0188204 0.870007
0.209905 0.0430436 0.747051
0.211302 9.9991E-05 0.788598
0.9998 9.999E-05 9.999E-05
0.454729 9.9991E-05 0.545171
9.999E-05 9.999E-05 0.9998
0.9998 9.999E-05 9.999E-05
0.939825 9.9991E-05 0.060075
0.9998 9.999E-05 9.999E-05
0.9998 9.999E-05 9.999E-05
0.978774 0.0211259 9.9991E-05
0.0801792 0.905967 0.0138543
9.999E-05 9.999E-05 0.9998
0.476232 0.11725 0.406518
9.999E-05 9.999E-05 0.9998
9.999E-05 9.999E-05 0.9998
0.00526998 9.9991E-05 0.99463
9.999E-05 9.999E-05 0.9998
0.0503919 9.9991E-05 0.949508
9.999E-05 9.999E-05 0.9998
0.0671875 9.99911E-05 0.932712
0.113786 0.0259866 0.860228
9.999E-05 9.999E-05 0.9998
0.821157 9.9991E-05 0.178743
0.871304 9.9991E-05 0.128596
0.591661 0.283308 0.125031
0.601771 0.270748 0.127481
0.952924 9.9991E-05 0.0469758
0.948006 0.00940916 0.0425845
0.611544 0.265149 0.123307
0.598091 0.288293 0.113616
0.9998 9.999E-05 9.999E-05
0.944064 0.0305105 0.0254258
0.432629 9.9991E-05 0.567271
0.660551 0.231548 0.107901
0.799704 0.200196 9.9991E-05
0.0320643 0.0682422 0.899694
