9.98918E-05 9.98918E-05 9.98918E-05 9.98918E-05 9.98918E-05 9.98918E-05 9.98918E-05 0.0320014 9.98918E-05 0.936366 0.0304335 9.98918E-05 9.98918E-05 9.98918E-05 9.98918E-05
9.99098E-05 9.99098E-05 0.0723571 9.99098E-05 9.99098E-05 9.99098E-05 0.178789 9.99098E-05 9.99098E-05 0.0968197 0.0318181 9.99098E-05 9.99098E-05 9.99098E-05 0.619217
9.99377E-05 9.99377E-05 9.99377E-05 9.99377E-05 0.0443345 0.086988 0.681196 9.99377E-05 0.0519434 9.99377E-05 0.0324115 0.0213549 9.99377E-05 0.000111332 0.0809606
9.9892E-05 9.9892E-05 9.9892E-05 9.9892E-05 9.9892E-05 9.9892E-05 0.922946 9.9892E-05 0.040959 9.9892E-05 0.0348967 9.9892E-05 9.9892E-05 9.9892E-05 9.9892E-05
0.0534732 9.99461E-05 0.043388 0.00294804 9.99461E-05 0.0181951 0.302854 0.129853 0.11392 9.99461E-05 9.99461E-05 9.99461E-05 0.0255993 9.99461E-05 0.30917
9.99011E-05 9.99011E-05 0.0292522 0.0111036 9.99011E-05 9.99011E-05 0.945899 9.99011E-05 0.0126461 9.99011E-05 9.99011E-05 9.99011E-05 9.99011E-05 9.99011E-05 9.99011E-05
9.98833E-05 9.98833E-05 9.98833E-05 9.98833E-05 0.233709 9.98833E-05 9.98833E-05 9.98833E-05 9.98833E-05 9.98833E-05 9.98833E-05 9.98833E-05 9.98833E-05 9.98833E-05 0.764993
0.0784375 9.99279E-05 9.99279E-05 9.99279E-05 9.99279E-05 0.461052 0.0352995 0.0946579 0.208542 9.99279E-05 0.0157558 9.99279E-05 9.99279E-05 9.99279E-05 0.105455
9.98921E-05 0.0372065 9.98921E-05 9.98921E-05 0.155854 9.98921E-05 9.98921E-05 9.98921E-05 9.98921E-05 9.98921E-05 9.98921E-05 9.98921E-05 9.98921E-05 9.98921E-05 0.805741
9.98833E-05 9.98833E-05 9.98833E-05 9.98833E-05 9.98833E-05 9.98833E-05 9.98833E-05 0.991229 9.98833E-05 9.98833E-05 9.98833E-05 9.98833E-05 9.98833E-05 9.98833E-05 0.00747242
9.98834E-05 9.98834E-05 9.98834E-05 9.98834E-05 9.98834E-05 9.98834E-05 9.98834E-05 0.996851 0.00185006 9.98834E-05 9.98834E-05 9.98834E-05 9.98834E-05 9.98834E-05 9.98834E-05
9.9901E-05 9.9901E-05 9.9901E-05 9.9901E-05 0.187086 9.9901E-05 0.0408889 9.9901E-05 9.9901E-05 0.649152 0.121775 9.9901E-05 9.9901E-05 9.9901E-05 9.9901E-05
9.98832E-05 9.98832E-05 9.98832E-05 9.98832E-05 0.946347 9.98832E-05 9.98832E-05 9.98832E-05 0.0523547 9.98832E-05 9.98832E-05 9.98832E-05 9.98832E-05 9.98832E-05 9.98832E-05
9.99011E-05 9.99011E-05 0.0394288 9.99011E-05 9.99011E-05 9.99011E-05 0.924534 9.99011E-05 9.99011E-05 0.0122836 9.99011E-05 9.99011E-05 9.99011E-05 0.0226547 9.99011E-05
9.99011E-05 9.99011E-05 9.99011E-05 9.99011E-05 9.99011E-05 9.99011E-05 0.940825 9.99011E-05 9.99011E-05 0.0127775 9.99011E-05 9.99011E-05 0.0262301 0.0190689 9.99011E-05
9.9901E-05 0.782828 0.0322847 9.9901E-05 0.137232 9.9901E-05 9.9901E-05 0.0465558 9.9901E-05 9.9901E-05 9.9901E-05 9.9901E-05 9.9901E-05 9.9901E-05 9.9901E-05
9.9883E-05 9.9883E-05 0.943974 9.9883E-05 9.9883E-05 9.9883E-05 9.9883E-05 0.0547277 9.9883E-05 9.9883E-05 9.9883E-05 9.9883E-05 9.9883E-05 9.9883E-05 9.9883E-05
9.98918E-05 0.066307 9.98918E-05 9.98918E-05 9.98918E-05 9.98918E-05 9.98918E-05 0.0452184 9.98918E-05 9.98918E-05 9.98918E-05 9.98918E-05 9.98918E-05 0.887276 9.98918E-05
9.98739E-05 9.98739E-05 9.98739E-05 9.98739E-05 9.98739E-05 9.98739E-05 9.98739E-05 9.98739E-05 9.98739E-05 9.98739E-05 9.98739E-05 0.998602 9.98739E-05 9.98739E-05 9.98739E-05
9.99099E-05 0.320992 0.0856912 9.99099E-05 9.99099E-05 9.99099E-05 9.99099E-05 0.431888 9.99099E-05 0.121425 0.0390047 9.99099E-05 9.99099E-05 9.99099E-05 9.99099E-05
9.9892E-05 9.9892E-05 9.9892E-05 0.0577969 9.9892E-05 9.9892E-05 9.9892E-05 9.9892E-05 9.9892E-05 9.9892E-05 9.9892E-05 0.115818 9.9892E-05 0.825186 9.9892E-05
9.99369E-05 0.261946 0.0729604 0.00771943 0.0387988 9.99369E-05 9.99369E-05 0.0887944 9.99369E-05 0.520751 0.00584419 9.99369E-05 9.99369E-05 0.00248642 9.99369E-05
9.98737E-05 9.98737E-05 9.98737E-05 9.98737E-05 9.98737E-05 9.98737E-05 9.98737E-05 9.98737E-05 9.98737E-05 9.98737E-05 9.98737E-05 9.98737E-05 0.998602 9.98737E-05 9.98737E-05
9.98919E-05 9.98919E-05 9.98919E-05 9.98919E-05 9.98919E-05 9.98919E-05 9.98919E-05 9.98919E-05 9.98919E-05 9.98919E-05 9.98919E-05 0.748668 0.179835 0.070299 9.98919E-05
0.000841397 9.98923E-05 9.98923E-05 9.98923E-05 9.98923E-05 9.98923E-05 0.978348 9.98923E-05 9.98923E-05 9.98923E-05 9.98923E-05 9.98923E-05 9.98923E-05 9.98923E-05 0.0196123
0.00034619 9.98833E-05 9.98833E-05 9.98833E-05 9.98833E-05 9.98833E-05 0.998355 9.98833E-05 9.98833E-05 9.98833E-05 9.98833E-05 9.98833E-05 9.98833E-05 9.98833E-05 9.98833E-05
0.00429743 9.99278E-05 0.0192108 0.000445487 0.754355 9.99278E-05 9.99278E-05 0.05216 9.99278E-05 0.115282 0.0534506 9.99278E-05 9.99278E-05 9.99278E-05 9.99278E-05
0.0356684 9.991E-05 9.991E-05 9.991E-05 0.0102357 9.991E-05 0.86146 9.991E-05 0.0840102 9.991E-05 9.991E-05 9.991E-05 9.991E-05 9.991E-05 0.00762631
0.0326968 9.991E-05 9.991E-05 9.991E-05 0.0212699 9.991E-05 0.888921 9.991E-05 0.0226127 9.991E-05 9.991E-05 9.991E-05 9.991E-05 9.991E-05 0.0335004
0.133409 9.99011E-05 9.99011E-05 0.0521014 9.99011E-05 9.99011E-05 0.339364 9.99011E-05 0.474027 9.99011E-05 9.99011E-05 9.99011E-05 9.99011E-05 9.99011E-05 9.99011E-05
0.00298452 9.99098E-05 0.00946319 9.99098E-05 9.99098E-05 0.0418997 0.114288 9.99098E-05 0.830365 9.99098E-05 9.99098E-05 9.99098E-05 9.99098E-05 9.99098E-05 9.99098E-05
0.0705627 9.99012E-05 9.99012E-05 9.99012E-05 9.99012E-05 9.99012E-05 9.99012E-05 9.99012E-05 0.0165442 0.0127933 9.99012E-05 9.99012E-05 9.99012E-05 9.99012E-05 0.899001
9.98922E-05 9.98922E-05 0.00117504 9.98922E-05 9.98922E-05 0.175822 0.821804 9.98922E-05 9.98922E-05 9.98922E-05 9.98922E-05 9.98922E-05 9.98922E-05 9.98922E-05 9.98922E-05
0.689947 9.99001E-05 9.99001E-05 9.99001E-05 9.99001E-05 0.225875 9.99001E-05 0.0147032 0.0579438 9.99001E-05 0.0105327 9.99001E-05 9.99001E-05 9.99001E-05 9.99001E-05
9.99277E-05 9.99277E-05 0.289348 9.99277E-05 0.508589 0.0262121 9.99277E-05 0.0150211 0.0678564 0.0166352 0.0755382 9.99277E-05 9.99277E-05 9.99277E-05 9.99277E-05
9.99009E-05 9.99009E-05 0.0294777 0.00243664 9.99009E-05 0.0715264 0.89546 9.99009E-05 9.99009E-05 9.99009E-05 9.99009E-05 9.99009E-05 9.99009E-05 9.99009E-05 9.99009E-05
9.98912E-05 9.98912E-05 9.98912E-05 9.98912E-05 9.98912E-05 0.0384994 9.98912E-05 9.98912E-05 9.98912E-05 0.960202 9.98912E-05 9.98912E-05 9.98912E-05 9.98912E-05 9.98912E-05
9.99188E-05 9.99188E-05 9.99188E-05 0.0111279 9.99188E-05 0.0677305 9.99188E-05 0.580037 9.99188E-05 0.128425 9.99188E-05 9.99188E-05 0.086279 9.99188E-05 0.125501
9.98829E-05 9.98829E-05 0.99114 9.98829E-05 9.98829E-05 0.00756174 9.98829E-05 9.98829E-05 9.98829E-05 9.98829E-05 9.98829E-05 9.98829E-05 9.98829E-05 9.98829E-05 9.98829E-05
9.99188E-05 0.267225 0.158266 9.99188E-05 9.99188E-05 9.99188E-05 0.08125 0.252842 9.99188E-05 0.227287 9.99188E-05 9.99188E-05 9.99188E-05 0.0122305 9.99188E-05
9.99278E-05 0.257616 0.123343 9.99278E-05 9.99278E-05 9.99278E-05 0.0662809 0.269031 9.99278E-05 0.259538 0.00174157 9.99278E-05 9.99278E-05 0.0216494 9.99278E-05
9.99189E-05 0.0045659 0.0294298 9.99189E-05 0.0101833 9.99189E-05 9.99189E-05 0.897562 9.99189E-05 0.0484936 9.99189E-05 0.0088659 9.99189E-05 9.99189E-05 9.99189E-05
9.99011E-05 0.88487 9.99011E-05 9.99011E-05 0.0468859 9.99011E-05 9.99011E-05 0.0555365 9.99011E-05 9.99011E-05 9.99011E-05 9.99011E-05 9.99011E-05 9.99011E-05 0.0116086
0.00849867 9.9928E-05 0.0313693 0.000509523 0.047943 9.9928E-05 9.9928E-05 0.886316 9.9928E-05 0.00751389 0.0170507 9.9928E-05 9.9928E-05 9.9928E-05 9.9928E-05
9.99279E-05 0.0955102 9.99279E-05 9.99279E-05 0.150123 9.99279E-05 9.99279E-05 0.28315 9.99279E-05 0.0707466 0.0168417 9.99279E-05 0.363818 9.99279E-05 0.0190114
9.99189E-05 0.156461 9.99189E-05 0.0498492 9.99189E-05 9.99189E-05 0.0698728 0.453422 9.99189E-05 0.129145 9.99189E-05 9.99189E-05 0.140349 9.99189E-05 9.99189E-05
9.9937E-05 9.9937E-05 0.248972 0.00572792 0.196348 9.9937E-05 0.0271242 0.188196 0.133707 0.177847 0.0213782 9.9937E-05 9.9937E-05 9.9937E-05 9.9937E-05
9.98837E-05 9.98837E-05 9.98837E-05 9.98837E-05 9.98837E-05 9.98837E-05 9.98837E-05 9.98837E-05 9.98837E-05 0.96519 9.98837E-05 9.98837E-05 9.98837E-05 0.0335115 9.98837E-05
0.997983 9.98832E-05 9.98832E-05 9.98832E-05 9.98832E-05 9.98832E-05 9.98832E-05 9.98832E-05 9.98832E-05 9.98832E-05 9.98832E-05 9.98832E-05 9.98832E-05 0.000718588 9.98832E-05
0.995519 9.99011E-05 0.000849664 9.99011E-05 9.99011E-05 9.99011E-05 9.99011E-05 9.99011E-05 9.99011E-05 9.99011E-05 9.99011E-05 0.00237171 9.99011E-05 0.000160821 9.99011E-05
0.986642 0.01206 9.98831E-05 9.98831E-05 9.98831E-05 9.98831E-05 9.98831E-05 9.98831E-05 9.98831E-05 9.98831E-05 9.98831E-05 9.98831E-05 9.98831E-05 9.98831E-05 9.98831E-05
0.998602 9.98742E-05 9.98742E-05 9.98742E-05 9.98742E-05 9.98742E-05 9.98742E-05 9.98742E-05 9.98742E-05 9.98742E-05 9.98742E-05 9.98742E-05 9.98742E-05 9.98742E-05 9.98742E-05
0.998602 9.98742E-05 9.98742E-05 9.98742E-05 9.98742E-05 9.98742E-05 9.98742E-05 9.98742E-05 9.98742E-05 9.98742E-05 9.98742E-05 9.98742E-05 9.98742E-05 9.98742E-05 9.98742E-05
0.333026 0.0271362 9.99281E-05 0.00462787 9.99281E-05 0.0613906 9.99281E-05 9.99281E-05 0.367749 9.99281E-05 9.99281E-05 9.99281E-05 0.069794 9.99281E-05 0.135477
0.931965 0.000828097 9.9919E-05 9.9919E-05 9.9919E-05 9.9919E-05 9.9919E-05 9.9919E-05 0.00988006 0.0167721 0.00300999 9.9919E-05 9.9919E-05 9.9919E-05 0.0366457
9.98919E-05 0.134187 9.98919E-05 9.98919E-05 0.0293693 9.98919E-05 9.98919E-05 9.98919E-05 9.98919E-05 0.835245 9.98919E-05 9.98919E-05 9.98919E-05 9.98919E-05 9.98919E-05
0.037854 9.99097E-05 9.99097E-05 9.99097E-05 9.99097E-05 9.99097E-05 0.0453099 9.99097E-05 9.99097E-05 0.0243168 0.0497824 9.99097E-05 9.99097E-05 9.99097E-05 0.841738
9.98919E-05 9.98919E-05 0.0212377 9.98919E-05 9.98919E-05 9.98919E-05 0.96889 9.98919E-05 9.98919E-05 9.98919E-05 9.98919E-05 0.00867388 9.98919E-05 9.98919E-05 9.98919E-05
0.0239109 0.0937489 9.9919E-05 9.9919E-05 0.783893 9.9919E-05 9.9919E-05 9.9919E-05 9.9919E-05 0.0663817 0.020887 9.9919E-05 9.9919E-05 0.010279 9.9919E-05
9.98833E-05 0.929364 9.98833E-05 9.98833E-05 0.0693375 9.98833E-05 9.98833E-05 9.98833E-05 9.98833E-05 9.98833E-05 9.98833E-05 9.98833E-05 9.98833E-05 9.98833E-05 9.98833E-05
9.98833E-05 9.98833E-05 9.98833E-05 9.98833E-05 0.978236 0.0204659 9.98833E-05 9.98833E-05 9.98833E-05 9.98833E-05 9.98833E-05 9.98833E-05 9.98833E-05 9.98833E-05 9.98833E-05
9.98919E-05 9.98919E-05 9.98919E-05 9.98919E-05 0.864171 9.98919E-05 9.98919E-05 0.109186 9.98919E-05 0.025444 9.98919E-05 9.98919E-05 9.98919E-05 9.98919E-05 9.98919E-05
9.99098E-05 9.99098E-05 0.0135729 9.99098E-05 0.833132 9.99098E-05 9.99098E-05 0.0984816 9.99098E-05 9.99098E-05 0.048786 9.99098E-05 9.99098E-05 0.00502805 9.99098E-05
9.98742E-05 9.98742E-05 9.98742E-05 0.998602 9.98742E-05 9.98742E-05 9.98742E-05 9.98742E-05 9.98742E-05 9.98742E-05 9.98742E-05 9.98742E-05 9.98742E-05 9.98742E-05 9.98742E-05
9.98925E-05 9.98925E-05 9.98925E-05 9.98925E-05 9.98925E-05 9.98925E-05 0.940959 0.00818944 0.0496531 9.98925E-05 9.98925E-05 9.98925E-05 9.98925E-05 9.98925E-05 9.98925E-05
0.111579 0.2033 9.9964E-05 9.9964E-05 0.0594695 0.0296449 0.239498 0.00414211 9.9964E-05 0.172173 0.0269619 9.9964E-05 0.0700191 0.0524668 0.0303454
9.98924E-05 0.0100834 9.98924E-05 9.98924E-05 9.98924E-05 0.132763 0.855955 9.98924E-05 9.98924E-05 9.98924E-05 9.98924E-05 9.98924E-05 9.98924E-05 9.98924E-05 9.98924E-05
9.9901E-05 9.9901E-05 0.0481584 9.9901E-05 9.9901E-05 9.9901E-05 0.847847 9.9901E-05 0.102715 0.000181073 9.9901E-05 9.9901E-05 9.9901E-05 9.9901E-05 9.9901E-05
0.0330083 0.0262943 9.99099E-05 9.99099E-05 9.99099E-05 0.0743918 0.787608 9.99099E-05 0.0776989 9.99099E-05 9.99099E-05 9.99099E-05 9.99099E-05 9.99099E-05 9.99099E-05
9.99101E-05 0.0185246 9.99101E-05 9.99101E-05 9.99101E-05 0.0032301 0.850947 9.99101E-05 0.0725447 9.99101E-05 9.99101E-05 9.99101E-05 9.99101E-05 9.99101E-05 0.0537549
9.99102E-05 9.99102E-05 9.99102E-05 9.99102E-05 9.99102E-05 0.0533494 0.660914 0.00877432 0.236293 0.0396697 9.99102E-05 9.99102E-05 9.99102E-05 9.99102E-05 9.99102E-05
9.9883E-05 9.9883E-05 0.0504071 9.9883E-05 9.9883E-05 9.9883E-05 0.948294 9.9883E-05 9.9883E-05 9.9883E-05 9.9883E-05 9.9883E-05 9.9883E-05 9.9883E-05 9.9883E-05
0.00436807 9.9883E-05 9.9883E-05 9.9883E-05 9.9883E-05 0.994333 9.9883E-05 9.9883E-05 9.9883E-05 9.9883E-05 9.9883E-05 9.9883E-05 9.9883E-05 9.9883E-05 9.9883E-05
9.9883E-05 9.9883E-05 9.9883E-05 9.9883E-05 0.0189074 0.979794 9.9883E-05 9.9883E-05 9.9883E-05 9.9883E-05 9.9883E-05 9.9883E-05 9.9883E-05 9.9883E-05 9.9883E-05
0.032002 9.99101E-05 9.99101E-05 9.99101E-05 9.99101E-05 9.99101E-05 0.922313 0.0205422 0.00260179 9.99101E-05 9.99101E-05 9.99101E-05 0.0215421 9.99101E-05 9.99101E-05
0.0194056 0.979296 9.9883E-05 9.9883E-05 9.9883E-05 9.9883E-05 9.9883E-05 9.9883E-05 9.9883E-05 9.9883E-05 9.9883E-05 9.9883E-05 9.9883E-05 9.9883E-05 9.9883E-05
0.0125372 0.98373 9.98919E-05 9.98919E-05 9.98919E-05 9.98919E-05 9.98919E-05 9.98919E-05 9.98919E-05 9.98919E-05 9.98919E-05 9.98919E-05 9.98919E-05 9.98919E-05 0.00253372
9.98742E-05 9.98742E-05 9.98742E-05 9.98742E-05 9.98742E-05 9.98742E-05 9.98742E-05 9.98742E-05 9.98742E-05 9.98742E-05 0.998602 9.98742E-05 9.98742E-05 9.98742E-05 9.98742E-05
9.98742E-05 9.98742E-05 9.98742E-05 9.98742E-05 9.98742E-05 9.98742E-05 9.98742E-05 9.98742E-05 9.98742E-05 9.98742E-05 0.998602 9.98742E-05 9.98742E-05 9.98742E-05 9.98742E-05
9.99279E-05 0.047084 9.99279E-05 9.99279E-05 0.00150821 0.013777 9.99279E-05 0.814862 9.99279E-05 0.0647118 9.99279E-05 9.99279E-05 9.99279E-05 0.0112849 0.0459723
9.9937E-05 0.141779 9.9937E-05 9.9937E-05 0.00700944 0.00577533 0.00268189 0.801332 9.9937E-05 0.0231756 9.9937E-05 9.9937E-05 9.9937E-05 0.00918142 0.00836552
9.99012E-05 9.99012E-05 9.99012E-05 9.99012E-05 9.99012E-05 0.0108677 9.99012E-05 0.0123587 9.99012E-05 9.99012E-05 0.950956 9.99012E-05 0.0247186 9.99012E-05 9.99012E-05
9.98742E-05 9.98742E-05 9.98742E-05 9.98742E-05 9.98742E-05 9.98742E-05 9.98742E-05 9.98742E-05 9.98742E-05 9.98742E-05 0.998602 9.98742E-05 9.98742E-05 9.98742E-05 9.98742E-05
0.0118465 9.98919E-05 9.98919E-05 9.98919E-05 0.0497968 9.98919E-05 9.98919E-05 9.98919E-05 9.98919E-05 0.937158 9.98919E-05 9.98919E-05 9.98919E-05 9.98919E-05 9.98919E-05
9.9924E-05 0.529103 9.9924E-05 9.9924E-05 0.144726 9.9924E-05 9.9924E-05 0.16197 9.9924E-05 9.9924E-05 9.9924E-05 0.0410326 9.9924E-05 0.021923 0.100347
0.110407 9.99098E-05 9.99098E-05 9.99098E-05 9.99098E-05 9.99098E-05 0.0174544 9.99098E-05 9.99098E-05 0.00235932 0.00300256 9.99098E-05 9.99098E-05 9.99098E-05 0.865778
9.99461E-05 9.99461E-05 0.112608 9.99461E-05 0.282025 0.0215453 0.0335122 0.105066 9.99461E-05 0.01265 0.0730707 0.0188458 0.340077 9.99461E-05 9.99461E-05
9.99102E-05 9.99102E-05 0.379884 9.99102E-05 0.28168 9.99102E-05 9.99102E-05 9.99102E-05 9.99102E-05 0.117336 0.142477 0.0776228 9.99102E-05 9.99102E-05 9.99102E-05
9.98739E-05 9.98739E-05 9.98739E-05 9.98739E-05 9.98739E-05 9.98739E-05 9.98739E-05 9.98739E-05 0.998602 9.98739E-05 9.98739E-05 9.98739E-05 9.98739E-05 9.98739E-05 9.98739E-05
