0.00513305 9.99008E-05 9.99008E-05 9.99008E-05 9.99008E-05 0.938309 9.99008E-05 9.99008E-05 0.0379748 9.99008E-05 9.99008E-05 9.99008E-05 9.99008E-05 0.0174843 9.99008E-05
9.99099E-05 0.722152 9.99099E-05 9.99099E-05 9.99099E-05 0.0335114 9.99099E-05 0.00702912 9.99099E-05 9.99099E-05 9.99099E-05 9.99099E-05 9.99099E-05 0.0880094 0.148299
9.98741E-05 9.98741E-05 0.998602 9.98741E-05 9.98741E-05 9.98741E-05 9.98741E-05 9.98741E-05 9.98741E-05 9.98741E-05 9.98741E-05 9.98741E-05 9.98741E-05 9.98741E-05 9.98741E-05
0.0114539 9.99101E-05 9.99101E-05 0.00647535 9.99101E-05 9.99101E-05 9.99101E-05 0.00837616 9.99101E-05 9.99101E-05 9.99101E-05 0.0879353 9.99101E-05 9.99101E-05 0.88476
9.99551E-05 0.111918 0.0551239 0.0569198 0.228703 0.0307665 9.99551E-05 9.99551E-05 0.0564283 0.123066 9.99551E-05 9.99551E-05 0.0553209 0.000219736 0.281034
9.98741E-05 9.98741E-05 9.98741E-05 9.98741E-05 9.98741E-05 9.98741E-05 9.98741E-05 9.98741E-05 9.98741E-05 9.98741E-05 9.98741E-05 9.98741E-05 9.98741E-05 9.98741E-05 0.998602
9.98741E-05 9.98741E-05 9.98741E-05 9.98741E-05 0.998602 9.98741E-05 9.98741E-05 9.98741E-05 9.98741E-05 9.98741E-05 9.98741E-05 9.98741E-05 9.98741E-05 9.98741E-05 9.98741E-05
0.0132826 0.0594894 9.99189E-05 0.0821336 9.99189E-05 9.99189E-05 9.99189E-05 9.99189E-05 0.0926352 0.750494 9.99189E-05 9.99189E-05 9.99189E-05 9.99189E-05 0.00106621
9.9892E-05 0.0272082 9.9892E-05 0.00107099 0.970522 9.9892E-05 9.9892E-05 9.9892E-05 9.9892E-05 9.9892E-05 9.9892E-05 9.9892E-05 9.9892E-05 9.9892E-05 9.9892E-05
9.98831E-05 9.98831E-05 9.98831E-05 9.98831E-05 0.136578 9.98831E-05 9.98831E-05 9.98831E-05 0.862124 9.98831E-05 9.98831E-05 9.98831E-05 9.98831E-05 9.98831E-05 9.98831E-05
9.98831E-05 9.98831E-05 9.98831E-05 9.98831E-05 0.138226 9.98831E-05 9.98831E-05 9.98831E-05 0.860475 9.98831E-05 9.98831E-05 9.98831E-05 9.98831E-05 9.98831E-05 9.98831E-05
0.140238 9.991E-05 0.00900041 9.991E-05 9.991E-05 0.671363 0.157186 9.991E-05 9.991E-05 9.991E-05 9.991E-05 9.991E-05 9.991E-05 9.991E-05 0.0212136
9.98834E-05 9.98834E-05 9.98834E-05 9.98834E-05 9.98834E-05 9.98834E-05 0.985209 9.98834E-05 9.98834E-05 0.0134922 9.98834E-05 9.98834E-05 9.98834E-05 9.98834E-05 9.98834E-05
9.991E-05 0.0293238 9.991E-05 9.991E-05 9.991E-05 9.991E-05 0.0178327 9.991E-05 9.991E-05 0.00373537 0.0146177 9.991E-05 9.991E-05 9.991E-05 0.933491
9.98921E-05 9.98921E-05 9.98921E-05 9.98921E-05 9.98921E-05 9.98921E-05 9.98921E-05 9.98921E-05 0.00432179 9.98921E-05 0.00677557 9.98921E-05 9.98921E-05 9.98921E-05 0.987704
9.9892E-05 9.9892E-05 9.9892E-05 9.9892E-05 9.9892E-05 9.9892E-05 0.170217 0.719592 9.9892E-05 9.9892E-05 9.9892E-05 9.9892E-05 0.108992 9.9892E-05 9.9892E-05
9.98829E-05 9.98829E-05 9.98829E-05 9.98829E-05 9.98829E-05 9.98829E-05 9.98829E-05 9.98829E-05 0.0525293 9.98829E-05 9.98829E-05 9.98829E-05 9.98829E-05 0.946172 9.98829E-05
9.99188E-05 0.0261816 0.0162675 0.0314097 9.99188E-05 0.0239354 9.99188E-05 9.99188E-05 0.176971 9.99188E-05 0.724336 9.99188E-05 9.99188E-05 9.99188E-05 9.99188E-05
0.0870189 9.98831E-05 9.98831E-05 9.98831E-05 9.98831E-05 9.98831E-05 9.98831E-05 9.98831E-05 9.98831E-05 9.98831E-05 0.911683 9.98831E-05 9.98831E-05 9.98831E-05 9.98831E-05
0.0114693 9.99098E-05 9.99098E-05 9.99098E-05 9.99098E-05 0.0864485 9.99098E-05 0.318384 0.399912 9.99098E-05 9.99098E-05 9.99098E-05 0.182787 9.99098E-05 9.99098E-05
9.98831E-05 9.98831E-05 0.0149057 9.98831E-05 9.98831E-05 9.98831E-05 9.98831E-05 9.98831E-05 9.98831E-05 9.98831E-05 0.983796 9.98831E-05 9.98831E-05 9.98831E-05 9.98831E-05
9.99099E-05 9.99099E-05 9.99099E-05 9.99099E-05 9.99099E-05 0.509332 0.0638981 0.283294 0.085834 9.99099E-05 9.99099E-05 9.99099E-05 0.0566426 9.99099E-05 9.99099E-05
0.207614 9.99102E-05 9.99102E-05 9.99102E-05 9.99102E-05 9.99102E-05 9.99102E-05 9.99102E-05 0.146188 9.99102E-05 0.347787 0.0157053 9.99102E-05 0.281706 9.99102E-05
0.0321339 9.98919E-05 9.98919E-05 9.98919E-05 9.98919E-05 9.98919E-05 9.98919E-05 9.98919E-05 9.98919E-05 9.98919E-05 0.863769 9.98919E-05 0.102899 9.98919E-05 9.98919E-05
9.98923E-05 9.98923E-05 0.021768 9.98923E-05 9.98923E-05 9.98923E-05 9.98923E-05 9.98923E-05 9.98923E-05 9.98923E-05 9.98923E-05 0.727528 9.98923E-05 9.98923E-05 0.249505
9.98831E-05 9.98831E-05 9.98831E-05 9.98831E-05 9.98831E-05 9.98831E-05 9.98831E-05 9.98831E-05 9.98831E-05 9.98831E-05 9.98831E-05 0.301567 9.98831E-05 9.98831E-05 0.697134
0.016091 9.99098E-05 9.99098E-05 9.99098E-05 9.99098E-05 0.0565109 0.806823 9.99098E-05 0.0485792 9.99098E-05 9.99098E-05 9.99098E-05 9.99098E-05 0.0709969 9.99098E-05
9.9883E-05 9.9883E-05 9.9883E-05 0.0125307 9.9883E-05 9.9883E-05 9.9883E-05 9.9883E-05 9.9883E-05 9.9883E-05 9.9883E-05 0.986171 9.9883E-05 9.9883E-05 9.9883E-05
9.98831E-05 9.98831E-05 9.98831E-05 0.0247653 9.98831E-05 9.98831E-05 9.98831E-05 9.98831E-05 9.98831E-05 9.98831E-05 9.98831E-05 0.973936 9.98831E-05 9.98831E-05 9.98831E-05
9.99282E-05 9.99282E-05 9.99282E-05 0.0740659 9.99282E-05 0.00269422 9.99282E-05 9.99282E-05 9.99282E-05 0.315187 0.0150468 0.164698 0.0235495 9.99282E-05 0.403959
0.0102847 9.99099E-05 9.99099E-05 0.0167528 9.99099E-05 9.99099E-05 9.99099E-05 9.99099E-05 9.99099E-05 0.674965 9.99099E-05 9.99099E-05 0.026513 9.99099E-05 0.270486
9.98744E-05 0.998602 9.98744E-05 9.98744E-05 9.98744E-05 9.98744E-05 9.98744E-05 9.98744E-05 9.98744E-05 9.98744E-05 9.98744E-05 9.98744E-05 9.98744E-05 9.98744E-05 9.98744E-05
9.98922E-05 9.98922E-05 9.98922E-05 9.98922E-05 9.98922E-05 9.98922E-05 9.98922E-05 9.98922E-05 9.98922E-05 0.142748 9.98922E-05 0.35972 9.98922E-05 9.98922E-05 0.496333
0.0137074 9.99282E-05 9.99282E-05 0.6691 9.99282E-05 0.0196709 0.00313646 9.99282E-05 9.99282E-05 0.251363 9.99282E-05 0.037349 0.00487418 9.99282E-05 9.99282E-05
0.0873499 9.99277E-05 9.99277E-05 9.99277E-05 9.99277E-05 0.0421349 0.467296 9.99277E-05 0.0245597 0.0744201 9.99277E-05 9.99277E-05 0.091159 0.21228 9.99277E-05
9.99099E-05 9.99099E-05 9.99099E-05 9.99099E-05 9.99099E-05 9.99099E-05 9.99099E-05 9.99099E-05 9.99099E-05 0.00181576 9.99099E-05 0.595661 0.016965 0.00527627 0.379283
9.98921E-05 9.98921E-05 0.0210953 9.98921E-05 9.98921E-05 0.940347 9.98921E-05 9.98921E-05 9.98921E-05 9.98921E-05 9.98921E-05 9.98921E-05 0.0373587 9.98921E-05 9.98921E-05
9.9919E-05 0.221794 9.9919E-05 9.9919E-05 9.9919E-05 0.10359 0.00205756 9.9919E-05 0.630089 9.9919E-05 0.0158688 9.9919E-05 9.9919E-05 9.9919E-05 0.0257008
9.9892E-05 9.9892E-05 9.9892E-05 9.9892E-05 9.9892E-05 9.9892E-05 9.9892E-05 9.9892E-05 9.9892E-05 0.0076973 9.9892E-05 9.9892E-05 9.9892E-05 0.974568 0.0165364
9.99278E-05 9.99278E-05 9.99278E-05 9.99278E-05 9.99278E-05 0.296981 9.99278E-05 0.248398 0.234009 9.99278E-05 0.0103871 9.99278E-05 0.0116331 0.061415 0.136378
0.0207611 9.99278E-05 9.99278E-05 9.99278E-05 9.99278E-05 0.309423 9.99278E-05 0.217062 0.353365 9.99278E-05 0.0228912 9.99278E-05 9.99278E-05 0.00630736 0.0693905
9.991E-05 9.991E-05 9.991E-05 9.991E-05 9.991E-05 0.0118802 9.991E-05 0.00911231 0.922338 9.991E-05 9.991E-05 9.991E-05 0.0351237 0.0205469 9.991E-05
9.99099E-05 9.99099E-05 9.99099E-05 9.99099E-05 0.0841018 0.0867137 0.0594407 0.760886 9.99099E-05 9.99099E-05 0.00785889 9.99099E-05 9.99099E-05 9.99099E-05 9.99099E-05
9.991E-05 9.991E-05 0.0045306 9.991E-05 9.991E-05 9.991E-05 0.0112216 9.991E-05 0.887393 9.991E-05 9.991E-05 9.991E-05 0.0850759 0.01078 9.991E-05
0.073805 0.0616734 9.99369E-05 9.99369E-05 9.99369E-05 0.0246584 0.106861 0.0507669 0.402776 9.99369E-05 0.0944638 9.99369E-05 0.184297 9.99369E-05 9.99369E-05
9.9928E-05 0.04102 9.9928E-05 9.9928E-05 9.9928E-05 0.0735089 9.9928E-05 0.139542 0.473559 9.9928E-05 0.0131719 9.9928E-05 0.202026 9.9928E-05 0.0563731
9.99369E-05 9.99369E-05 9.99369E-05 0.0400345 0.0563718 0.175137 0.046619 9.99369E-05 0.180158 9.99369E-05 9.99369E-05 9.99369E-05 0.34259 0.0870791 0.0713113
9.98837E-05 9.98837E-05 9.98837E-05 9.98837E-05 9.98837E-05 0.978097 9.98837E-05 9.98837E-05 9.98837E-05 9.98837E-05 0.020604 9.98837E-05 9.98837E-05 9.98837E-05 9.98837E-05
9.98741E-05 9.98741E-05 9.98741E-05 0.998602 9.98741E-05 9.98741E-05 9.98741E-05 9.98741E-05 9.98741E-05 9.98741E-05 9.98741E-05 9.98741E-05 9.98741E-05 9.98741E-05 9.98741E-05
9.98742E-05 9.98742E-05 9.98742E-05 0.998602 9.98742E-05 9.98742E-05 9.98742E-05 9.98742E-05 9.98742E-05 9.98742E-05 9.98742E-05 9.98742E-05 9.98742E-05 9.98742E-05 9.98742E-05
9.98922E-05 9.98922E-05 9.98922E-05 0.964683 9.98922E-05 9.98922E-05 9.98922E-05 9.98922E-05 0.000406275 9.98922E-05 9.98922E-05 9.98922E-05 0.0337123 9.98922E-05 9.98922E-05
9.98742E-05 9.98742E-05 9.98742E-05 0.998602 9.98742E-05 9.98742E-05 9.98742E-05 9.98742E-05 9.98742E-05 9.98742E-05 9.98742E-05 9.98742E-05 9.98742E-05 9.98742E-05 9.98742E-05
9.98742E-05 9.98742E-05 9.98742E-05 0.998602 9.98742E-05 9.98742E-05 9.98742E-05 9.98742E-05 9.98742E-05 9.98742E-05 9.98742E-05 9.98742E-05 9.98742E-05 9.98742E-05 9.98742E-05
9.99461E-05 0.0377446 0.0149837 0.346596 0.0414409 9.99461E-05 9.99461E-05 0.0626817 0.00843816 0.446412 0.0176796 9.99461E-05 9.99461E-05 9.99461E-05 0.023424
9.98921E-05 0.0592754 9.98921E-05 0.913375 9.98921E-05 9.98921E-05 9.98921E-05 0.0261511 9.98921E-05 9.98921E-05 9.98921E-05 9.98921E-05 9.98921E-05 9.98921E-05 9.98921E-05
9.99008E-05 9.99008E-05 9.99008E-05 9.99008E-05 9.99008E-05 0.781787 0.0226662 0.135279 9.99008E-05 9.99008E-05 9.99008E-05 9.99008E-05 0.059168 9.99008E-05 9.99008E-05
9.99188E-05 0.897177 0.0407476 0.00406236 0.0431173 9.99188E-05 9.99188E-05 0.00314036 9.99188E-05 9.99188E-05 9.99188E-05 0.0108561 9.99188E-05 9.99188E-05 9.99188E-05
9.98919E-05 9.98919E-05 9.98919E-05 9.98919E-05 9.98919E-05 9.98919E-05 9.98919E-05 9.98919E-05 9.98919E-05 9.98919E-05 9.98919E-05 0.512 9.98919E-05 0.0141883 0.472613
0.0262797 9.99101E-05 9.99101E-05 0.0375197 9.99101E-05 0.0307114 0.871881 0.032609 9.99101E-05 9.99101E-05 9.99101E-05 9.99101E-05 9.99101E-05 9.99101E-05 9.99101E-05
9.98921E-05 9.98921E-05 9.98921E-05 9.98921E-05 9.98921E-05 9.98921E-05 0.0321202 0.863856 9.98921E-05 9.98921E-05 9.98921E-05 9.98921E-05 0.102825 9.98921E-05 9.98921E-05
9.98835E-05 9.98835E-05 0.0156056 9.98835E-05 9.98835E-05 9.98835E-05 0.983096 9.98835E-05 9.98835E-05 9.98835E-05 9.98835E-05 9.98835E-05 9.98835E-05 9.98835E-05 9.98835E-05
9.98919E-05 9.98919E-05 9.98919E-05 9.98919E-05 9.98919E-05 9.98919E-05 0.879767 9.98919E-05 0.101872 9.98919E-05 9.98919E-05 9.98919E-05 9.98919E-05 9.98919E-05 0.0171625
0.0477779 9.99189E-05 9.99189E-05 9.99189E-05 9.99189E-05 9.99189E-05 0.795138 9.99189E-05 0.0414953 9.99189E-05 0.00823701 9.99189E-05 0.0759233 0.0305292 9.99189E-05
9.99013E-05 9.99013E-05 9.99013E-05 0.0033226 9.99013E-05 0.0642215 9.99013E-05 9.99013E-05 9.99013E-05 0.00875047 0.922607 9.99013E-05 9.99013E-05 9.99013E-05 9.99013E-05
9.98925E-05 9.98925E-05 0.00506162 9.98925E-05 9.98925E-05 9.98925E-05 9.98925E-05 9.98925E-05 9.98925E-05 9.98925E-05 9.98925E-05 0.72103 9.98925E-05 9.98925E-05 0.27271
0.0698374 0.182212 9.997E-05 0.0818103 0.0401661 0.068648 0.0506305 0.035202 0.0577025 9.997E-05 0.0374021 0.265559 0.104194 9.997E-05 0.00633597
9.99102E-05 9.99102E-05 0.147545 9.99102E-05 0.000300404 9.99102E-05 9.99102E-05 0.00174476 9.99102E-05 9.99102E-05 9.99102E-05 0.0947375 9.99102E-05 9.99102E-05 0.754673
9.9937E-05 9.9937E-05 0.00559847 0.0243516 0.0106537 0.012783 9.9937E-05 9.9937E-05 9.9937E-05 0.0347724 9.9937E-05 0.24368 9.9937E-05 0.0210357 0.646426
9.98831E-05 9.98831E-05 9.98831E-05 9.98831E-05 9.98831E-05 9.98831E-05 9.98831E-05 0.0118046 9.98831E-05 9.98831E-05 9.98831E-05 0.986897 9.98831E-05 9.98831E-05 9.98831E-05
9.98832E-05 9.98832E-05 9.98832E-05 9.98832E-05 9.98832E-05 9.98832E-05 9.98832E-05 9.98832E-05 9.98832E-05 9.98832E-05 0.0008399 0.997862 9.98832E-05 9.98832E-05 9.98832E-05
0.00441426 9.99281E-05 9.99281E-05 9.99281E-05 9.99281E-05 0.0151771 9.99281E-05 9.99281E-05 0.00770126 0.176286 9.99281E-05 0.172703 0.016834 9.99281E-05 0.606085
9.99009E-05 9.99009E-05 9.99009E-05 9.99009E-05 9.99009E-05 9.99009E-05 9.99009E-05 9.99009E-05 9.99009E-05 9.99009E-05 9.99009E-05 0.526755 0.0177719 0.0113923 0.442982
9.9874E-05 9.9874E-05 9.9874E-05 9.9874E-05 9.9874E-05 9.9874E-05 9.9874E-05 9.9874E-05 9.9874E-05 0.998602 9.9874E-05 9.9874E-05 9.9874E-05 9.9874E-05 9.9874E-05
9.98921E-05 9.98921E-05 9.98921E-05 9.98921E-05 0.0322464 9.98921E-05 0.0833244 9.98921E-05 9.98921E-05 0.88323 9.98921E-05 9.98921E-05 9.98921E-05 9.98921E-05 9.98921E-05
9.99011E-05 9.99011E-05 9.99011E-05 0.011368 9.99011E-05 9.99011E-05 9.99011E-05 0.0282556 9.99011E-05 9.99011E-05 9.99011E-05 0.0601753 9.99011E-05 9.99011E-05 0.899102
0.00029784 9.9901E-05 9.9901E-05 0.00616945 9.9901E-05 9.9901E-05 9.9901E-05 0.966907 9.9901E-05 0.0255271 9.9901E-05 9.9901E-05 9.9901E-05 9.9901E-05 9.9901E-05
9.9883E-05 9.9883E-05 9.9883E-05 0.0093963 9.9883E-05 9.9883E-05 9.9883E-05 0.989305 9.9883E-05 9.9883E-05 9.9883E-05 9.9883E-05 9.9883E-05 9.9883E-05 9.9883E-05
0.998602 9.98742E-05 9.98742E-05 9.98742E-05 9.98742E-05 9.98742E-05 9.98742E-05 9.98742E-05 9.98742E-05 9.98742E-05 9.98742E-05 9.98742E-05 9.98742E-05 9.98742E-05 9.98742E-05
0.994086 9.98832E-05 9.98832E-05 9.98832E-05 9.98832E-05 0.00461556 9.98832E-05 9.98832E-05 9.98832E-05 9.98832E-05 9.98832E-05 9.98832E-05 9.98832E-05 9.98832E-05 9.98832E-05
9.99099E-05 0.017916 9.99099E-05 9.99099E-05 9.99099E-05 0.0188838 0.0375409 0.13202 0.79264 9.99099E-05 9.99099E-05 9.99099E-05 9.99099E-05 9.99099E-05 9.99099E-05
9.9901E-05 9.9901E-05 9.9901E-05 9.9901E-05 9.9901E-05 9.9901E-05 0.0687087 0.0574258 0.86409 9.9901E-05 9.9901E-05 0.0086766 9.9901E-05 9.9901E-05 9.9901E-05
0.975908 0.00652962 9.99012E-05 9.99012E-05 9.99012E-05 9.99012E-05 9.99012E-05 0.00996191 9.99012E-05 0.0065017 9.99012E-05 9.99012E-05 9.99012E-05 9.99012E-05 9.99012E-05
0.998602 9.98742E-05 9.98742E-05 9.98742E-05 9.98742E-05 9.98742E-05 9.98742E-05 9.98742E-05 9.98742E-05 9.98742E-05 9.98742E-05 9.98742E-05 9.98742E-05 9.98742E-05 9.98742E-05
9.98829E-05 9.98829E-05 9.98829E-05 9.98829E-05 9.98829E-05 0.945608 0.0530936 9.98829E-05 9.98829E-05 9.98829E-05 9.98829E-05 9.98829E-05 9.98829E-05 9.98829E-05 9.98829E-05
9.9928E-05 0.0137521 9.9928E-05 9.9928E-05 0.103007 0.0723095 0.160189 0.373779 0.200787 9.9928E-05 0.0753769 9.9928E-05 9.9928E-05 9.9928E-05 9.9928E-05
9.9892E-05 0.896626 9.9892E-05 0.0356813 0.0664937 9.9892E-05 9.9892E-05 9.9892E-05 9.9892E-05 9.9892E-05 9.9892E-05 9.9892E-05 9.9892E-05 9.9892E-05 9.9892E-05
9.9874E-05 9.9874E-05 9.9874E-05 9.9874E-05 9.9874E-05 9.9874E-05 9.9874E-05 9.9874E-05 9.9874E-05 9.9874E-05 9.9874E-05 9.9874E-05 0.998602 9.9874E-05 9.9874E-05
0.0115158 9.99011E-05 9.99011E-05 9.99011E-05 9.99011E-05 0.0509546 9.99011E-05 9.99011E-05 9.99011E-05 9.99011E-05 9.99011E-05 9.99011E-05 0.921818 0.0146131 9.99011E-05
0.0219157 9.99191E-05 9.99191E-05 0.00413501 9.99191E-05 9.99191E-05 9.99191E-05 9.99191E-05 9.99191E-05 0.738255 0.0160734 0.168078 9.99191E-05 9.99191E-05 0.0506432
