9.98919E-05 9.98919E-05 9.98919E-05 9.98919E-05 9.98919E-05 0.00850552 9.98919E-05 9.98919E-05 0.00168108 9.98919E-05 9.98919E-05 9.98919E-05 0.0188767 9.98919E-05 0.969738 9.98919E-05
9.99099E-05 0.132534 9.99099E-05 9.99099E-05 0.724976 0.00961842 9.99099E-05 9.99099E-05 9.99099E-05 0.125646 9.99099E-05 9.99099E-05 9.99099E-05 9.99099E-05 0.00237317 0.00385271
9.99198E-05 9.99198E-05 0.0210245 9.99198E-05 9.99198E-05 9.99198E-05 0.229422 9.99198E-05 9.99198E-05 0.487627 0.0720266 0.0379327 0.0440868 0.106981 9.99198E-05 9.99198E-05
9.9901E-05 9.9901E-05 9.9901E-05 9.9901E-05 9.9901E-05 9.9901E-05 0.0679969 9.9901E-05 9.9901E-05 0.865802 9.9901E-05 0.0201409 0.0303738 0.0145876 9.9901E-05 9.9901E-05
0.00282188 0.00672667 9.99551E-05 0.227406 0.0227379 0.062697 9.99551E-05 9.99551E-05 0.0189146 0.449251 9.99551E-05 0.072943 0.00828212 0.0636472 0.0640727 9.99551E-05
0.00359058 9.9876E-05 9.9876E-05 9.9876E-05 9.9876E-05 9.9876E-05 9.9876E-05 9.9876E-05 9.9876E-05 0.995011 9.9876E-05 9.9876E-05 9.9876E-05 9.9876E-05 9.9876E-05 9.9876E-05
9.98651E-05 9.98651E-05 9.98651E-05 0.998502 9.98651E-05 9.98651E-05 9.98651E-05 9.98651E-05 9.98651E-05 9.98651E-05 9.98651E-05 9.98651E-05 9.98651E-05 9.98651E-05 9.98651E-05 9.98651E-05
9.99189E-05 9.99189E-05 9.99189E-05 9.99189E-05 0.111781 0.0873277 0.0229545 9.99189E-05 9.99189E-05 0.0473545 9.99189E-05 0.00684135 0.00318355 0.719658 9.99189E-05 9.99189E-05
9.9883E-05 9.9883E-05 9.9883E-05 0.957629 0.0256028 9.9883E-05 9.9883E-05 9.9883E-05 9.9883E-05 9.9883E-05 9.9883E-05 0.0154695 9.9883E-05 9.9883E-05 9.9883E-05 9.9883E-05
9.98742E-05 9.98742E-05 9.98742E-05 0.140012 9.98742E-05 0.85859 9.98742E-05 9.98742E-05 9.98742E-05 9.98742E-05 9.98742E-05 9.98742E-05 9.98742E-05 9.98742E-05 9.98742E-05 9.98742E-05
9.98742E-05 9.98742E-05 9.98742E-05 0.113106 9.98742E-05 0.885495 9.98742E-05 9.98742E-05 9.98742E-05 9.98742E-05 9.98742E-05 9.98742E-05 9.98742E-05 9.98742E-05 9.98742E-05 9.98742E-05
9.9901E-05 9.9901E-05 9.9901E-05 9.9901E-05 9.9901E-05 9.9901E-05 0.0303938 0.043788 9.9901E-05 9.9901E-05 0.168789 9.9901E-05 0.119034 9.9901E-05 0.636896 9.9901E-05
9.98923E-05 9.98923E-05 9.98923E-05 0.0117924 9.98923E-05 9.98923E-05 9.98923E-05 0.0154687 9.98923E-05 9.98923E-05 0.951463 9.98923E-05 9.98923E-05 0.0200775 9.98923E-05 9.98923E-05
9.99011E-05 9.99011E-05 0.000216902 9.99011E-05 0.00214196 9.99011E-05 9.99011E-05 9.99011E-05 9.99011E-05 0.976174 0.00579905 9.99011E-05 9.99011E-05 9.99011E-05 0.0145694 9.99011E-05
0.00553067 9.98921E-05 9.98921E-05 9.98921E-05 9.98921E-05 9.98921E-05 9.98921E-05 9.98921E-05 0.0217329 0.966221 9.98921E-05 9.98921E-05 9.98921E-05 9.98921E-05 0.00531708 9.98921E-05
9.9892E-05 9.9892E-05 9.9892E-05 9.9892E-05 9.9892E-05 0.0220943 9.9892E-05 0.108358 9.9892E-05 9.9892E-05 0.0901643 9.9892E-05 9.9892E-05 9.9892E-05 9.9892E-05 0.778185
9.98741E-05 0.980992 9.98741E-05 9.98741E-05 9.98741E-05 9.98741E-05 9.98741E-05 9.98741E-05 0.0176099 9.98741E-05 9.98741E-05 9.98741E-05 9.98741E-05 9.98741E-05 9.98741E-05 9.98741E-05
9.99008E-05 9.99008E-05 0.750928 9.99008E-05 0.0877508 0.111682 9.99008E-05 9.99008E-05 9.99008E-05 9.99008E-05 9.99008E-05 0.00937675 9.99008E-05 9.99008E-05 9.99008E-05 0.0391629
0.0639982 9.98831E-05 0.895648 9.98831E-05 9.98831E-05 9.98831E-05 9.98831E-05 9.98831E-05 9.98831E-05 9.98831E-05 9.98831E-05 9.98831E-05 0.0390558 9.98831E-05 9.98831E-05 9.98831E-05
9.98901E-05 9.98901E-05 9.98901E-05 9.98901E-05 9.98901E-05 0.45364 9.98901E-05 0.179001 9.98901E-05 9.98901E-05 9.98901E-05 9.98901E-05 0.0354376 9.98901E-05 0.056024 0.274799
9.98651E-05 9.98651E-05 0.998502 9.98651E-05 9.98651E-05 9.98651E-05 9.98651E-05 9.98651E-05 9.98651E-05 9.98651E-05 9.98651E-05 9.98651E-05 9.98651E-05 9.98651E-05 9.98651E-05 9.98651E-05
9.99009E-05 0.067346 9.99009E-05 9.99009E-05 9.99009E-05 0.0806048 9.99009E-05 9.99009E-05 9.99009E-05 9.99009E-05 0.0204866 9.99009E-05 9.99009E-05 9.99009E-05 0.503691 0.326772
9.9865E-05 9.9865E-05 9.9865E-05 9.9865E-05 9.9865E-05 9.9865E-05 9.9865E-05 9.9865E-05 0.998502 9.9865E-05 9.9865E-05 9.9865E-05 9.9865E-05 9.9865E-05 9.9865E-05 9.9865E-05
9.9892E-05 9.9892E-05 0.812124 9.9892E-05 9.9892E-05 0.00206764 9.9892E-05 0.0565439 0.128065 9.9892E-05 9.9892E-05 9.9892E-05 9.9892E-05 9.9892E-05 9.9892E-05 9.9892E-05
9.98743E-05 9.98743E-05 9.98743E-05 9.98743E-05 9.98743E-05 9.98743E-05 0.630089 9.98743E-05 9.98743E-05 0.368513 9.98743E-05 9.98743E-05 9.98743E-05 9.98743E-05 9.98743E-05 9.98743E-05
9.98742E-05 9.98742E-05 9.98742E-05 9.98742E-05 9.98742E-05 9.98742E-05 0.220882 9.98742E-05 9.98742E-05 0.77772 9.98742E-05 9.98742E-05 9.98742E-05 9.98742E-05 9.98742E-05 9.98742E-05
9.99008E-05 0.0405729 9.99008E-05 9.99008E-05 9.99008E-05 0.0920986 9.99008E-05 9.99008E-05 9.99008E-05 9.99008E-05 0.770448 9.99008E-05 0.028678 9.99008E-05 0.0671034 9.99008E-05
9.98831E-05 0.000341505 9.98831E-05 9.98831E-05 9.98831E-05 9.98831E-05 0.99108 9.98831E-05 9.98831E-05 9.98831E-05 9.98831E-05 9.98831E-05 0.00728016 9.98831E-05 9.98831E-05 9.98831E-05
9.9865E-05 9.9865E-05 9.9865E-05 9.9865E-05 9.9865E-05 9.9865E-05 0.998502 9.9865E-05 9.9865E-05 9.9865E-05 9.9865E-05 9.9865E-05 9.9865E-05 9.9865E-05 9.9865E-05 9.9865E-05
0.0560359 0.012553 9.9919E-05 9.9919E-05 0.0049665 9.9919E-05 0.190394 9.9919E-05 9.9919E-05 0.377376 9.9919E-05 0.117206 9.9919E-05 0.24057 9.9919E-05 9.9919E-05
9.99189E-05 0.00684204 9.99189E-05 9.99189E-05 9.99189E-05 9.99189E-05 9.99189E-05 0.0100364 0.000980334 0.254684 9.99189E-05 0.0415061 0.0387317 0.646321 9.99189E-05 9.99189E-05
9.98654E-05 9.98654E-05 9.98654E-05 9.98654E-05 0.998502 9.98654E-05 9.98654E-05 9.98654E-05 9.98654E-05 9.98654E-05 9.98654E-05 9.98654E-05 9.98654E-05 9.98654E-05 9.98654E-05 9.98654E-05
9.98921E-05 9.98921E-05 9.98921E-05 9.98921E-05 9.98921E-05 9.98921E-05 0.266383 9.98921E-05 9.98921E-05 0.598632 9.98921E-05 9.98921E-05 9.98921E-05 0.114073 9.98921E-05 0.019713
9.98922E-05 9.98922E-05 9.98922E-05 9.98922E-05 0.0027079 0.00713712 9.98922E-05 9.98922E-05 9.98922E-05 9.98922E-05 9.98922E-05 0.692183 9.98922E-05 0.296774 9.98922E-05 9.98922E-05
9.99187E-05 0.286684 9.99187E-05 9.99187E-05 9.99187E-05 0.0510693 9.99187E-05 0.0194174 9.99187E-05 9.99187E-05 0.461997 9.99187E-05 0.0953731 0.0747767 0.00978383 9.99187E-05
9.99008E-05 0.0286013 9.99008E-05 9.99008E-05 9.99008E-05 9.99008E-05 0.540749 0.011137 9.99008E-05 0.417176 9.99008E-05 9.99008E-05 9.99008E-05 0.00123751 9.99008E-05 9.99008E-05
9.98741E-05 9.98741E-05 9.98741E-05 9.98741E-05 9.98741E-05 9.98741E-05 9.98741E-05 9.98741E-05 9.98741E-05 9.98741E-05 9.98741E-05 9.98741E-05 9.98741E-05 0.0353688 0.963233 9.98741E-05
0.0124697 0.0264012 9.9919E-05 9.9919E-05 0.21829 0.641716 9.9919E-05 9.9919E-05 0.033496 9.9919E-05 9.9919E-05 9.9919E-05 9.9919E-05 0.00761297 0.059115 9.9919E-05
9.98651E-05 0.998502 9.98651E-05 9.98651E-05 9.98651E-05 9.98651E-05 9.98651E-05 9.98651E-05 9.98651E-05 9.98651E-05 9.98651E-05 9.98651E-05 9.98651E-05 9.98651E-05 9.98651E-05 9.98651E-05
0.0106219 0.165821 9.99097E-05 9.99097E-05 9.99097E-05 0.239778 9.99097E-05 9.99097E-05 9.99097E-05 0.128231 9.99097E-05 9.99097E-05 9.99097E-05 9.99097E-05 0.218476 0.236072
0.0199342 0.122761 9.99188E-05 9.99188E-05 0.0126922 0.309171 9.99188E-05 9.99188E-05 9.99188E-05 0.0840176 9.99188E-05 9.99188E-05 9.99188E-05 9.99188E-05 0.239584 0.210941
0.00179176 0.0452434 9.9892E-05 9.9892E-05 9.9892E-05 0.923393 9.9892E-05 0.0283727 9.9892E-05 9.9892E-05 9.9892E-05 9.9892E-05 9.9892E-05 9.9892E-05 9.9892E-05 9.9892E-05
0.00622347 9.991E-05 9.991E-05 0.0757413 9.991E-05 0.0461243 9.991E-05 9.991E-05 9.991E-05 9.991E-05 0.0313849 9.991E-05 9.991E-05 9.991E-05 0.00242632 0.837101
9.9892E-05 9.9892E-05 9.9892E-05 9.9892E-05 9.9892E-05 0.880381 0.00941758 0.0839557 9.9892E-05 9.9892E-05 9.9892E-05 9.9892E-05 9.9892E-05 9.9892E-05 0.0250474 9.9892E-05
9.9937E-05 9.9937E-05 0.0283657 9.9937E-05 0.0238344 0.402282 9.9937E-05 0.166978 0.154132 9.9937E-05 0.0937039 9.9937E-05 0.03311 9.9937E-05 0.0298812 0.0670137
0.0749424 9.99459E-05 9.99459E-05 9.99459E-05 0.0516486 0.476999 9.99459E-05 0.0955572 0.00752049 0.0469143 9.99459E-05 9.99459E-05 0.00434876 0.00151823 0.112647 0.127304
0.0126623 0.197235 9.99369E-05 0.0711033 9.99369E-05 0.153089 9.99369E-05 0.249843 9.99369E-05 0.0754259 0.00313925 0.0491244 9.99369E-05 9.99369E-05 0.187678 9.99369E-05
9.98749E-05 9.98749E-05 9.98749E-05 9.98749E-05 9.98749E-05 9.98749E-05 9.98749E-05 9.98749E-05 0.00285796 9.98749E-05 9.98749E-05 9.98749E-05 9.98749E-05 9.98749E-05 0.995744 9.98749E-05
9.98652E-05 9.98652E-05 9.98652E-05 9.98652E-05 9.98652E-05 9.98652E-05 9.98652E-05 9.98652E-05 9.98652E-05 9.98652E-05 9.98652E-05 0.998502 9.98652E-05 9.98652E-05 9.98652E-05 9.98652E-05
0.000765176 9.98742E-05 9.98742E-05 9.98742E-05 9.98742E-05 9.98742E-05 9.98742E-05 9.98742E-05 9.98742E-05 9.98742E-05 9.98742E-05 0.997837 9.98742E-05 9.98742E-05 9.98742E-05 9.98742E-05
9.98832E-05 9.98832E-05 9.98832E-05 9.98832E-05 9.98832E-05 9.98832E-05 0.00245692 9.98832E-05 9.98832E-05 9.98832E-05 9.98832E-05 0.988614 9.98832E-05 9.98832E-05 9.98832E-05 0.00763017
9.98742E-05 9.98742E-05 9.98742E-05 9.98742E-05 9.98742E-05 9.98742E-05 9.98742E-05 9.98742E-05 9.98742E-05 0.0134433 9.98742E-05 0.985158 9.98742E-05 9.98742E-05 9.98742E-05 9.98742E-05
9.98652E-05 9.98652E-05 9.98652E-05 9.98652E-05 9.98652E-05 9.98652E-05 9.98652E-05 9.98652E-05 9.98652E-05 9.98652E-05 9.98652E-05 0.998502 9.98652E-05 9.98652E-05 9.98652E-05 9.98652E-05
9.99281E-05 9.99281E-05 9.99281E-05 0.033021 0.0601129 9.99281E-05 0.0507255 9.99281E-05 0.0559221 0.044153 9.99281E-05 0.311082 9.99281E-05 0.335385 9.99281E-05 0.108799
9.98741E-05 9.98741E-05 9.98741E-05 9.98741E-05 0.0769512 9.98741E-05 9.98741E-05 9.98741E-05 9.98741E-05 9.98741E-05 9.98741E-05 0.921651 9.98741E-05 9.98741E-05 9.98741E-05 9.98741E-05
9.98918E-05 9.98918E-05 9.98918E-05 0.0091284 9.98918E-05 9.98918E-05 9.98918E-05 0.0582573 9.98918E-05 9.98918E-05 9.98918E-05 9.98918E-05 9.98918E-05 9.98918E-05 0.781415 0.150001
9.98919E-05 9.98919E-05 9.98919E-05 0.0582838 0.884199 9.98919E-05 9.98919E-05 9.98919E-05 9.98919E-05 9.98919E-05 9.98919E-05 0.0477645 0.00855397 9.98919E-05 9.98919E-05 9.98919E-05
9.98829E-05 0.000698937 9.98829E-05 9.98829E-05 9.98829E-05 9.98829E-05 0.442719 9.98829E-05 9.98829E-05 0.555283 9.98829E-05 9.98829E-05 9.98829E-05 9.98829E-05 9.98829E-05 9.98829E-05
9.991E-05 9.991E-05 9.991E-05 0.000762329 9.991E-05 9.991E-05 9.991E-05 9.991E-05 9.991E-05 9.991E-05 0.833166 0.0146983 0.0421445 9.991E-05 0.00698146 0.101248
9.98832E-05 9.98832E-05 9.98832E-05 9.98832E-05 9.98832E-05 9.98832E-05 9.98832E-05 0.101585 9.98832E-05 9.98832E-05 0.0385909 9.98832E-05 9.98832E-05 9.98832E-05 9.98832E-05 0.858526
9.98656E-05 9.98656E-05 9.98656E-05 9.98656E-05 9.98656E-05 9.98656E-05 9.98656E-05 9.98656E-05 9.98656E-05 9.98656E-05 0.998502 9.98656E-05 9.98656E-05 9.98656E-05 9.98656E-05 9.98656E-05
9.98829E-05 9.98829E-05 9.98829E-05 9.98829E-05 9.98829E-05 0.125042 9.98829E-05 9.98829E-05 9.98829E-05 0.00715795 0.866501 9.98829E-05 9.98829E-05 9.98829E-05 9.98829E-05 9.98829E-05
9.99009E-05 0.000312387 9.99009E-05 9.99009E-05 9.99009E-05 0.112413 9.99009E-05 0.0200799 9.99009E-05 9.99009E-05 0.817085 9.99009E-05 0.0490111 9.99009E-05 9.99009E-05 9.99009E-05
0.998502 9.98651E-05 9.98651E-05 9.98651E-05 9.98651E-05 9.98651E-05 9.98651E-05 9.98651E-05 9.98651E-05 9.98651E-05 9.98651E-05 9.98651E-05 9.98651E-05 9.98651E-05 9.98651E-05 9.98651E-05
9.98746E-05 9.98746E-05 9.98746E-05 9.98746E-05 9.98746E-05 9.98746E-05 0.634376 9.98746E-05 9.98746E-05 0.364226 9.98746E-05 9.98746E-05 9.98746E-05 9.98746E-05 9.98746E-05 9.98746E-05
9.9964E-05 0.0611354 0.0492197 9.9964E-05 0.0689808 0.103884 0.283259 0.0728691 0.0538359 9.9964E-05 9.9964E-05 0.141754 0.0374625 0.000858645 0.0142591 0.112082
9.98834E-05 9.98834E-05 9.98834E-05 9.98834E-05 9.98834E-05 9.98834E-05 0.0933721 9.98834E-05 9.98834E-05 0.860127 9.98834E-05 9.98834E-05 9.98834E-05 0.0452029 9.98834E-05 9.98834E-05
9.99189E-05 0.0377797 9.99189E-05 0.0180289 9.99189E-05 9.99189E-05 0.195004 9.99189E-05 0.000992012 0.707169 9.99189E-05 0.0306017 9.99189E-05 9.99189E-05 0.00952519 9.99189E-05
9.9874E-05 9.9874E-05 9.9874E-05 9.9874E-05 9.9874E-05 9.9874E-05 0.986788 9.9874E-05 9.9874E-05 9.9874E-05 9.9874E-05 9.9874E-05 9.9874E-05 9.9874E-05 9.9874E-05 0.0118133
0.00876813 9.98742E-05 9.98742E-05 9.98742E-05 9.98742E-05 9.98742E-05 0.989834 9.98742E-05 9.98742E-05 9.98742E-05 9.98742E-05 9.98742E-05 9.98742E-05 9.98742E-05 9.98742E-05 9.98742E-05
9.99281E-05 0.0220199 9.99281E-05 0.00853505 0.0297001 0.00613585 0.0426591 9.99281E-05 9.99281E-05 0.736265 9.99281E-05 9.99281E-05 0.00248488 0.151401 9.99281E-05 9.99281E-05
9.98973E-05 0.00565101 9.98973E-05 9.98973E-05 9.98973E-05 9.98973E-05 0.41633 9.98973E-05 9.98973E-05 0.570851 9.98973E-05 9.98973E-05 9.98973E-05 0.00596838 9.98973E-05 9.98973E-05
9.9865E-05 9.9865E-05 9.9865E-05 9.9865E-05 9.9865E-05 9.9865E-05 9.9865E-05 9.9865E-05 9.9865E-05 9.9865E-05 9.9865E-05 9.9865E-05 9.9865E-05 0.998502 9.9865E-05 9.9865E-05
9.98831E-05 9.98831E-05 9.98831E-05 0.0446943 9.98831E-05 9.98831E-05 9.98831E-05 9.98831E-05 9.98831E-05 9.98831E-05 0.0376461 9.98831E-05 9.98831E-05 0.916361 9.98831E-05 9.98831E-05
9.98921E-05 9.98921E-05 9.98921E-05 9.98921E-05 9.98921E-05 9.98921E-05 0.129489 9.98921E-05 0.00573566 0.858003 9.98921E-05 0.00557416 9.98921E-05 9.98921E-05 9.98921E-05 9.98921E-05
9.9892E-05 9.9892E-05 9.9892E-05 9.9892E-05 9.9892E-05 9.9892E-05 9.9892E-05 9.9892E-05 9.9892E-05 9.9892E-05 9.9892E-05 0.00107751 0.00383957 0.0161391 9.9892E-05 0.977745
9.9883E-05 9.9883E-05 9.9883E-05 9.9883E-05 9.9883E-05 9.9883E-05 9.9883E-05 9.9883E-05 9.9883E-05 9.9883E-05 9.9883E-05 0.0257732 0.00138593 9.9883E-05 9.9883E-05 0.971542
9.98743E-05 9.98743E-05 9.98743E-05 9.98743E-05 9.98743E-05 9.98743E-05 9.98743E-05 0.00169189 9.98743E-05 9.98743E-05 9.98743E-05 9.98743E-05 0.99691 9.98743E-05 9.98743E-05 9.98743E-05
9.98653E-05 9.98653E-05 9.98653E-05 9.98653E-05 9.98653E-05 9.98653E-05 9.98653E-05 9.98653E-05 9.98653E-05 9.98653E-05 9.98653E-05 9.98653E-05 0.998502 9.98653E-05 9.98653E-05 9.98653E-05
9.99009E-05 9.99009E-05 9.99009E-05 9.99009E-05 0.056422 0.868784 0.0168626 9.99009E-05 9.99009E-05 9.99009E-05 0.00632417 9.99009E-05 9.99009E-05 9.99009E-05 9.99009E-05 0.0505084
9.9901E-05 9.9901E-05 9.9901E-05 9.9901E-05 0.0235107 0.787862 0.00278189 9.9901E-05 9.9901E-05 9.9901E-05 0.086699 9.9901E-05 9.9901E-05 9.9901E-05 9.9901E-05 0.0980471
9.99102E-05 9.99102E-05 9.99102E-05 9.99102E-05 0.00619724 0.010099 9.99102E-05 9.99102E-05 9.99102E-05 9.99102E-05 9.99102E-05 0.00175382 0.9651 0.00249306 9.99102E-05 0.0133577
9.98653E-05 9.98653E-05 9.98653E-05 9.98653E-05 9.98653E-05 9.98653E-05 9.98653E-05 9.98653E-05 9.98653E-05 9.98653E-05 9.98653E-05 9.98653E-05 0.998502 9.98653E-05 9.98653E-05 9.98653E-05
9.98901E-05 9.98901E-05 9.98901E-05 0.0277358 9.98901E-05 9.98901E-05 9.98901E-05 9.98901E-05 9.98901E-05 9.98901E-05 0.0118453 0.00843756 9.98901E-05 9.98901E-05 0.920267 0.0306161
0.0289734 0.0113587 0.0479045 0.0917688 0.037562 0.122399 9.99279E-05 9.99279E-05 9.99279E-05 9.99279E-05 0.192829 9.99279E-05 9.99279E-05 9.99279E-05 9.99279E-05 0.466406
9.9883E-05 9.9883E-05 9.9883E-05 0.0583376 0.89158 9.9883E-05 9.9883E-05 9.9883E-05 9.9883E-05 9.9883E-05 9.9883E-05 0.0487838 9.9883E-05 9.9883E-05 9.9883E-05 9.9883E-05
9.9883E-05 9.9883E-05 9.9883E-05 9.9883E-05 9.9883E-05 0.00263282 9.9883E-05 0.975518 0.020551 9.9883E-05 9.9883E-05 9.9883E-05 9.9883E-05 9.9883E-05 9.9883E-05 9.9883E-05
9.98921E-05 0.0310972 9.98921E-05 9.98921E-05 9.98921E-05 9.98921E-05 9.98921E-05 0.882926 9.98921E-05 9.98921E-05 0.0282909 9.98921E-05 9.98921E-05 9.98921E-05 0.0564867 9.98921E-05
9.98921E-05 9.98921E-05 9.98921E-05 9.98921E-05 9.98921E-05 9.98921E-05 0.21211 9.98921E-05 0.058092 9.98921E-05 9.98921E-05 9.98921E-05 0.00444372 0.724155 9.98921E-05 9.98921E-05
