0.0137303 9.98828E-05 9.98828E-05 0.945685 9.98828E-05 0.0392867 9.98828E-05 9.98828E-05 9.98828E-05 9.98828E-05 9.98828E-05 9.98828E-05 9.98828E-05 9.98828E-05 9.98828E-05 9.98828E-05
9.99099E-05 9.99099E-05 0.046327 0.00428206 9.99099E-05 0.0304255 9.99099E-05 9.99099E-05 9.99099E-05 9.99099E-05 0.745922 9.99099E-05 9.99099E-05 9.99099E-05 0.15493 0.0171141
9.98651E-05 0.998502 9.98651E-05 9.98651E-05 9.98651E-05 9.98651E-05 9.98651E-05 9.98651E-05 9.98651E-05 9.98651E-05 9.98651E-05 9.98651E-05 9.98651E-05 9.98651E-05 9.98651E-05 9.98651E-05
0.0299591 0.0450352 9.991E-05 9.991E-05 9.991E-05 9.991E-05 9.991E-05 0.0447097 9.991E-05 9.991E-05 9.991E-05 0.00620534 0.00540017 9.991E-05 0.867691 9.991E-05
9.98602E-05 9.98602E-05 9.98602E-05 9.98602E-05 9.98602E-05 9.98602E-05 9.98602E-05 9.98602E-05 9.98602E-05 9.98602E-05 9.98602E-05 9.98602E-05 9.98602E-05 9.98602E-05 9.98602E-05 0.998502
9.98741E-05 9.98741E-05 9.98741E-05 9.98741E-05 9.98741E-05 9.98741E-05 9.98741E-05 9.98741E-05 9.98741E-05 0.00257487 9.98741E-05 9.98741E-05 9.98741E-05 9.98741E-05 0.996027 9.98741E-05
9.98652E-05 9.98652E-05 9.98652E-05 9.98652E-05 9.98652E-05 9.98652E-05 9.98652E-05 9.98652E-05 0.998502 9.98652E-05 9.98652E-05 9.98652E-05 9.98652E-05 9.98652E-05 9.98652E-05 9.98652E-05
0.00318389 9.99279E-05 9.99279E-05 9.99279E-05 0.661219 0.0484405 9.99279E-05 0.0383224 9.99279E-05 9.99279E-05 0.0785007 9.99279E-05 0.0729661 9.99279E-05 0.0210509 0.0755168
9.98831E-05 9.98831E-05 9.98831E-05 0.0014289 9.98831E-05 9.98831E-05 9.98831E-05 9.98831E-05 0.951541 9.98831E-05 0.045732 9.98831E-05 9.98831E-05 9.98831E-05 9.98831E-05 9.98831E-05
9.9883E-05 9.9883E-05 9.9883E-05 9.9883E-05 9.9883E-05 0.831747 9.9883E-05 9.9883E-05 0.115599 9.9883E-05 9.9883E-05 9.9883E-05 9.9883E-05 9.9883E-05 9.9883E-05 0.0513555
9.98832E-05 9.98832E-05 9.98832E-05 9.98832E-05 9.98832E-05 0.864348 9.98832E-05 9.98832E-05 0.0644421 9.98832E-05 9.98832E-05 9.98832E-05 9.98832E-05 9.98832E-05 9.98832E-05 0.0699117
0.133452 0.0132948 9.9901E-05 0.672764 9.9901E-05 9.9901E-05 9.9901E-05 9.9901E-05 9.9901E-05 0.17863 9.9901E-05 9.9901E-05 9.9901E-05 0.000760921 9.9901E-05 9.9901E-05
9.98833E-05 9.98833E-05 9.98833E-05 9.98833E-05 9.98833E-05 9.98833E-05 9.98833E-05 0.0160476 0.00741631 0.975238 9.98833E-05 9.98833E-05 9.98833E-05 9.98833E-05 9.98833E-05 9.98833E-05
9.9883E-05 9.9883E-05 9.9883E-05 9.9883E-05 9.9883E-05 9.9883E-05 9.9883E-05 9.9883E-05 9.9883E-05 9.9883E-05 0.0372999 9.9883E-05 9.9883E-05 0.0333131 0.928089 9.9883E-05
9.98831E-05 9.98831E-05 9.98831E-05 0.0192076 9.98831E-05 9.98831E-05 9.98831E-05 9.98831E-05 9.98831E-05 9.98831E-05 9.98831E-05 9.98831E-05 9.98831E-05 0.0267985 0.952695 9.98831E-05
9.98831E-05 9.98831E-05 9.98831E-05 9.98831E-05 9.98831E-05 0.0163921 9.98831E-05 9.98831E-05 9.98831E-05 0.191979 9.98831E-05 0.79033 9.98831E-05 9.98831E-05 9.98831E-05 9.98831E-05
9.98738E-05 9.98738E-05 0.958413 9.98738E-05 9.98738E-05 0.0401883 9.98738E-05 9.98738E-05 9.98738E-05 9.98738E-05 9.98738E-05 9.98738E-05 9.98738E-05 9.98738E-05 9.98738E-05 9.98738E-05
9.99008E-05 9.99008E-05 9.99008E-05 0.0399109 9.99008E-05 0.0971875 9.99008E-05 9.99008E-05 9.99008E-05 9.99008E-05 0.00025544 0.0330978 9.99008E-05 0.82845 9.99008E-05 9.99008E-05
0.0312795 9.9874E-05 9.9874E-05 9.9874E-05 9.9874E-05 9.9874E-05 0.967322 9.9874E-05 9.9874E-05 9.9874E-05 9.9874E-05 9.9874E-05 9.9874E-05 9.9874E-05 9.9874E-05 9.9874E-05
0.0333095 9.991E-05 0.0313698 0.136963 9.991E-05 0.449412 0.00924002 9.991E-05 9.991E-05 9.991E-05 9.991E-05 0.338706 9.991E-05 9.991E-05 9.991E-05 9.991E-05
9.9865E-05 9.9865E-05 9.9865E-05 9.9865E-05 9.9865E-05 9.9865E-05 9.9865E-05 9.9865E-05 9.9865E-05 9.9865E-05 9.9865E-05 9.9865E-05 9.9865E-05 0.998502 9.9865E-05 9.9865E-05
9.99009E-05 9.99009E-05 0.0587148 0.476395 9.99009E-05 0.122108 9.99009E-05 9.99009E-05 9.99009E-05 0.0532489 9.99009E-05 0.288434 9.99009E-05 9.99009E-05 9.99009E-05 9.99009E-05
0.157009 9.99012E-05 0.351322 9.99012E-05 9.99012E-05 0.113479 9.99012E-05 9.99012E-05 9.99012E-05 9.99012E-05 9.99012E-05 9.99012E-05 9.99012E-05 0.352794 9.99012E-05 0.0242959
0.0380393 9.9892E-05 0.00870142 9.9892E-05 9.9892E-05 9.9892E-05 0.856726 9.9892E-05 9.9892E-05 9.9892E-05 9.9892E-05 9.9892E-05 9.9892E-05 0.0953342 9.9892E-05 9.9892E-05
9.98832E-05 0.0128626 9.98832E-05 9.98832E-05 9.98832E-05 9.98832E-05 9.98832E-05 0.60559 9.98832E-05 9.98832E-05 9.98832E-05 9.98832E-05 9.98832E-05 9.98832E-05 0.380249 9.98832E-05
9.98742E-05 9.98742E-05 9.98742E-05 9.98742E-05 9.98742E-05 9.98742E-05 9.98742E-05 0.126849 9.98742E-05 9.98742E-05 9.98742E-05 9.98742E-05 9.98742E-05 9.98742E-05 0.871753 9.98742E-05
0.0214153 9.99098E-05 0.0742269 0.0471517 9.99098E-05 0.058748 9.99098E-05 9.99098E-05 9.99098E-05 0.750421 9.99098E-05 0.0470383 9.99098E-05 9.99098E-05 9.99098E-05 9.99098E-05
9.98741E-05 9.98741E-05 9.98741E-05 9.98741E-05 9.98741E-05 9.98741E-05 9.98741E-05 0.995137 9.98741E-05 9.98741E-05 9.98741E-05 9.98741E-05 9.98741E-05 9.98741E-05 9.98741E-05 0.00346449
9.98651E-05 9.98651E-05 9.98651E-05 9.98651E-05 9.98651E-05 9.98651E-05 9.98651E-05 0.998502 9.98651E-05 9.98651E-05 9.98651E-05 9.98651E-05 9.98651E-05 9.98651E-05 9.98651E-05 9.98651E-05
0.0107562 9.99371E-05 0.00681714 9.99371E-05 0.281848 9.99371E-05 0.0360824 0.225341 9.99371E-05 0.00428504 9.99371E-05 9.99371E-05 0.125526 9.99371E-05 0.29295 0.0156944
0.0300687 9.9919E-05 0.0050829 9.9919E-05 0.553068 9.9919E-05 9.9919E-05 0.132034 9.9919E-05 9.9919E-05 0.0212795 9.9919E-05 0.0232259 9.9919E-05 0.234342 9.9919E-05
9.98654E-05 9.98654E-05 9.98654E-05 9.98654E-05 9.98654E-05 9.98654E-05 9.98654E-05 9.98654E-05 9.98654E-05 9.98654E-05 0.998502 9.98654E-05 9.98654E-05 9.98654E-05 9.98654E-05 9.98654E-05
9.99101E-05 0.0175316 0.00182905 9.99101E-05 0.201244 9.99101E-05 9.99101E-05 0.244168 9.99101E-05 9.99101E-05 9.99101E-05 0.00789967 9.99101E-05 9.99101E-05 0.526329 9.99101E-05
9.99102E-05 0.0180663 9.99102E-05 9.99102E-05 0.228982 9.99102E-05 9.99102E-05 0.00822675 0.0271626 9.99102E-05 0.016567 9.99102E-05 0.699996 9.99102E-05 9.99102E-05 9.99102E-05
0.110219 9.99097E-05 0.281725 0.0484694 0.0635273 9.99097E-05 9.99097E-05 9.99097E-05 9.99097E-05 0.478969 9.99097E-05 9.99097E-05 9.99097E-05 9.99097E-05 9.99097E-05 0.0160904
9.99009E-05 9.99009E-05 0.00276387 9.99009E-05 0.0656246 9.99009E-05 9.99009E-05 0.510943 9.99009E-05 9.99009E-05 9.99009E-05 9.99009E-05 9.99009E-05 9.99009E-05 0.41504 0.0045303
9.9892E-05 0.0109752 9.9892E-05 0.950109 0.0317407 9.9892E-05 9.9892E-05 9.9892E-05 9.9892E-05 9.9892E-05 9.9892E-05 9.9892E-05 9.9892E-05 9.9892E-05 9.9892E-05 0.00597676
9.9892E-05 0.06089 9.9892E-05 0.056902 9.9892E-05 0.709493 9.9892E-05 9.9892E-05 9.9892E-05 9.9892E-05 0.171516 9.9892E-05 9.9892E-05 9.9892E-05 9.9892E-05 9.9892E-05
9.98738E-05 9.98738E-05 0.98787 9.98738E-05 0.0107313 9.98738E-05 9.98738E-05 9.98738E-05 9.98738E-05 9.98738E-05 9.98738E-05 9.98738E-05 9.98738E-05 9.98738E-05 9.98738E-05 9.98738E-05
9.99098E-05 9.99098E-05 0.141688 0.204758 9.99098E-05 0.282548 9.99098E-05 9.99098E-05 9.99098E-05 9.99098E-05 9.99098E-05 0.235963 9.99098E-05 9.99098E-05 0.100078 0.0339658
9.99278E-05 9.99278E-05 0.0676161 0.265183 9.99278E-05 0.324712 9.99278E-05 9.99278E-05 9.99278E-05 9.99278E-05 0.0143319 0.215032 9.99278E-05 0.0188785 0.0545578 0.0388894
9.9892E-05 9.9892E-05 0.00208521 0.0380526 9.9892E-05 0.936887 9.9892E-05 9.9892E-05 9.9892E-05 9.9892E-05 9.9892E-05 0.021777 9.9892E-05 9.9892E-05 9.9892E-05 9.9892E-05
9.9892E-05 9.9892E-05 9.9892E-05 0.0337288 9.9892E-05 9.9892E-05 9.9892E-05 9.9892E-05 0.073432 0.0936251 9.9892E-05 0.798015 9.9892E-05 9.9892E-05 9.9892E-05 9.9892E-05
0.00412011 9.991E-05 9.991E-05 0.0527702 9.991E-05 0.923091 9.991E-05 0.0015799 9.991E-05 0.0142247 9.991E-05 9.991E-05 0.00321518 9.991E-05 9.991E-05 9.991E-05
0.0846498 9.99279E-05 0.0264189 0.0401794 9.99279E-05 0.437796 0.116509 9.99279E-05 9.99279E-05 0.180325 0.0788083 0.0345139 9.99279E-05 9.99279E-05 9.99279E-05 9.99279E-05
9.9946E-05 9.9946E-05 0.00412154 0.084598 0.00508736 0.543588 0.0617748 9.9946E-05 9.9946E-05 0.0265417 0.00175342 0.147835 9.9946E-05 9.9946E-05 0.0562949 0.0678056
9.9919E-05 9.9919E-05 0.28202 0.223503 9.9919E-05 0.182005 9.9919E-05 9.9919E-05 0.0515723 0.115726 9.9919E-05 9.9919E-05 0.0311871 9.9919E-05 0.113087 9.9919E-05
9.98749E-05 9.98749E-05 9.98749E-05 0.994813 9.98749E-05 9.98749E-05 0.00378916 9.98749E-05 9.98749E-05 9.98749E-05 9.98749E-05 9.98749E-05 9.98749E-05 9.98749E-05 9.98749E-05 9.98749E-05
9.98651E-05 9.98651E-05 9.98651E-05 9.98651E-05 9.98651E-05 9.98651E-05 9.98651E-05 9.98651E-05 9.98651E-05 9.98651E-05 9.98651E-05 9.98651E-05 0.998502 9.98651E-05 9.98651E-05 9.98651E-05
9.98742E-05 9.98742E-05 9.98742E-05 9.98742E-05 9.98742E-05 9.98742E-05 9.98742E-05 9.98742E-05 9.98742E-05 9.98742E-05 9.98742E-05 9.98742E-05 0.989068 9.98742E-05 9.98742E-05 0.00953379
9.98743E-05 9.98743E-05 9.98743E-05 9.98743E-05 9.98743E-05 9.98743E-05 9.98743E-05 0.00247369 9.98743E-05 9.98743E-05 9.98743E-05 9.98743E-05 0.996128 9.98743E-05 9.98743E-05 9.98743E-05
9.98742E-05 9.98742E-05 9.98742E-05 9.98742E-05 9.98742E-05 9.98742E-05 9.98742E-05 9.98742E-05 9.98742E-05 9.98742E-05 9.98742E-05 9.98742E-05 0.996131 0.00247094 9.98742E-05 9.98742E-05
9.98832E-05 9.98832E-05 9.98832E-05 9.98832E-05 9.98832E-05 9.98832E-05 9.98832E-05 0.0170433 9.98832E-05 9.98832E-05 9.98832E-05 9.98832E-05 0.975897 9.98832E-05 0.00576119 9.98832E-05
9.99461E-05 0.013236 9.99461E-05 0.00583086 0.243596 9.99461E-05 9.99461E-05 0.150854 0.0656237 9.99461E-05 0.022674 0.100022 0.361201 0.0255089 9.99461E-05 0.0108536
9.98831E-05 9.98831E-05 9.98831E-05 0.0117332 9.98831E-05 9.98831E-05 9.98831E-05 9.98831E-05 9.98831E-05 9.98831E-05 0.0731088 9.98831E-05 0.91386 9.98831E-05 9.98831E-05 9.98831E-05
9.98829E-05 9.98829E-05 9.98829E-05 0.84147 9.98829E-05 9.98829E-05 9.98829E-05 9.98829E-05 9.98829E-05 0.0149213 9.98829E-05 0.142311 9.98829E-05 9.98829E-05 9.98829E-05 9.98829E-05
9.99009E-05 0.0160799 9.99009E-05 9.99009E-05 9.99009E-05 9.99009E-05 9.99009E-05 0.00184247 0.0467301 9.99009E-05 0.886896 9.99009E-05 0.0473528 9.99009E-05 9.99009E-05 9.99009E-05
9.98829E-05 9.98829E-05 9.98829E-05 9.98829E-05 9.98829E-05 9.98829E-05 9.98829E-05 0.379144 9.98829E-05 9.98829E-05 9.98829E-05 9.98829E-05 9.98829E-05 9.98829E-05 0.580951 0.0386067
0.0271336 9.991E-05 9.991E-05 0.0482801 9.991E-05 9.991E-05 9.991E-05 9.991E-05 9.991E-05 0.814451 9.991E-05 0.0809281 0.0207452 0.00746269 9.991E-05 9.991E-05
9.98744E-05 9.98744E-05 9.98744E-05 9.98744E-05 9.98744E-05 9.98744E-05 9.98744E-05 9.98744E-05 9.98744E-05 0.110075 9.98744E-05 0.888527 9.98744E-05 9.98744E-05 9.98744E-05 9.98744E-05
9.98745E-05 9.98745E-05 9.98745E-05 9.98745E-05 9.98745E-05 9.98745E-05 9.98745E-05 9.98745E-05 0.0255165 0.973085 9.98745E-05 9.98745E-05 9.98745E-05 9.98745E-05 9.98745E-05 9.98745E-05
9.98918E-05 0.0162627 9.98918E-05 9.98918E-05 9.98918E-05 0.0966569 9.98918E-05 9.98918E-05 9.98918E-05 0.884127 0.00175519 9.98918E-05 9.98918E-05 9.98918E-05 9.98918E-05 9.98918E-05
0.0580552 9.98918E-05 9.98918E-05 9.98918E-05 9.98918E-05 0.10828 0.00641435 9.98918E-05 9.98918E-05 0.826052 9.98918E-05 9.98918E-05 9.98918E-05 9.98918E-05 9.98918E-05 9.98918E-05
9.98832E-05 9.98832E-05 9.98832E-05 0.0442802 0.0314801 9.98832E-05 0.922941 9.98832E-05 9.98832E-05 9.98832E-05 9.98832E-05 9.98832E-05 9.98832E-05 9.98832E-05 9.98832E-05 9.98832E-05
9.98834E-05 0.0322277 9.98834E-05 9.98834E-05 9.98834E-05 9.98834E-05 9.98834E-05 0.576939 9.98834E-05 9.98834E-05 9.98834E-05 9.98834E-05 9.98834E-05 9.98834E-05 0.389535 9.98834E-05
0.153652 0.075755 9.9973E-05 0.0611464 9.9973E-05 0.0374717 0.0178488 0.0105201 0.0320769 0.0614618 0.031963 0.181498 0.0555987 0.0298465 0.250861 9.9973E-05
9.98923E-05 0.150968 9.98923E-05 9.98923E-05 0.0614361 9.98923E-05 9.98923E-05 0.0389907 9.98923E-05 9.98923E-05 9.98923E-05 9.98923E-05 9.98923E-05 9.98923E-05 0.747407 9.98923E-05
9.9892E-05 9.9892E-05 9.9892E-05 9.9892E-05 0.00359186 9.9892E-05 9.9892E-05 0.252389 9.9892E-05 9.9892E-05 9.9892E-05 9.9892E-05 9.9892E-05 9.9892E-05 0.655288 0.087533
9.98831E-05 9.98831E-05 9.98831E-05 9.98831E-05 9.98831E-05 9.98831E-05 9.98831E-05 0.958599 0.0216013 9.98831E-05 9.98831E-05 0.0185013 9.98831E-05 9.98831E-05 9.98831E-05 9.98831E-05
9.98832E-05 9.98832E-05 9.98832E-05 0.00899452 9.98832E-05 9.98832E-05 9.98832E-05 0.981788 9.98832E-05 9.98832E-05 9.98832E-05 9.98832E-05 9.98832E-05 0.00791856 9.98832E-05 9.98832E-05
0.0118766 9.99191E-05 9.99191E-05 0.0228158 0.0945253 9.99191E-05 9.99191E-05 0.0466318 0.0161567 9.99191E-05 9.99191E-05 9.99191E-05 9.99191E-05 9.99191E-05 0.751161 0.055934
9.98919E-05 9.98919E-05 0.00338703 9.98919E-05 9.98919E-05 9.98919E-05 9.98919E-05 0.397913 9.98919E-05 9.98919E-05 9.98919E-05 9.98919E-05 9.98919E-05 9.98919E-05 0.57563 0.0218717
9.98649E-05 9.98649E-05 9.98649E-05 9.98649E-05 0.998502 9.98649E-05 9.98649E-05 9.98649E-05 9.98649E-05 9.98649E-05 9.98649E-05 9.98649E-05 9.98649E-05 9.98649E-05 9.98649E-05 9.98649E-05
9.98831E-05 9.98831E-05 9.98831E-05 9.98831E-05 0.914896 9.98831E-05 9.98831E-05 9.98831E-05 0.0420299 0.041776 9.98831E-05 9.98831E-05 9.98831E-05 9.98831E-05 9.98831E-05 9.98831E-05
9.98901E-05 0.0187111 9.98901E-05 9.98901E-05 9.98901E-05 9.98901E-05 9.98901E-05 0.133551 9.98901E-05 9.98901E-05 9.98901E-05 9.98901E-05 0.0176373 0.00793408 0.821067 9.98901E-05
9.9883E-05 9.9883E-05 9.9883E-05 9.9883E-05 9.9883E-05 9.9883E-05 9.9883E-05 9.9883E-05 9.9883E-05 9.9883E-05 0.00904246 0.96683 0.0228294 9.9883E-05 9.9883E-05 9.9883E-05
9.9865E-05 9.9865E-05 9.9865E-05 9.9865E-05 9.9865E-05 9.9865E-05 9.9865E-05 9.9865E-05 9.9865E-05 9.9865E-05 9.9865E-05 0.998502 9.9865E-05 9.9865E-05 9.9865E-05 9.9865E-05
0.998502 9.98652E-05 9.98652E-05 9.98652E-05 9.98652E-05 9.98652E-05 9.98652E-05 9.98652E-05 9.98652E-05 9.98652E-05 9.98652E-05 9.98652E-05 9.98652E-05 9.98652E-05 9.98652E-05 9.98652E-05
0.983329 9.98832E-05 9.98832E-05 9.98832E-05 9.98832E-05 9.98832E-05 9.98832E-05 9.98832E-05 9.98832E-05 0.010967 9.98832E-05 0.00440537 9.98832E-05 9.98832E-05 9.98832E-05 9.98832E-05
9.99009E-05 9.99009E-05 9.99009E-05 9.99009E-05 9.99009E-05 0.858768 9.99009E-05 0.00770612 9.99009E-05 0.0172287 0.060986 0.0542126 9.99009E-05 9.99009E-05 9.99009E-05 9.99009E-05
9.99099E-05 9.99099E-05 9.99099E-05 9.99099E-05 9.99099E-05 0.795426 9.99099E-05 0.00458739 0.0088965 0.051752 0.0356302 0.102709 9.99099E-05 9.99099E-05 9.99099E-05 9.99099E-05
0.983605 9.98743E-05 9.98743E-05 9.98743E-05 9.98743E-05 9.98743E-05 9.98743E-05 9.98743E-05 9.98743E-05 9.98743E-05 9.98743E-05 0.0149967 9.98743E-05 9.98743E-05 9.98743E-05 9.98743E-05
0.998502 9.98652E-05 9.98652E-05 9.98652E-05 9.98652E-05 9.98652E-05 9.98652E-05 9.98652E-05 9.98652E-05 9.98652E-05 9.98652E-05 9.98652E-05 9.98652E-05 9.98652E-05 9.98652E-05 9.98652E-05
9.98829E-05 9.98829E-05 9.98829E-05 0.97445 9.98829E-05 9.98829E-05 9.98829E-05 9.98829E-05 0.0182279 9.98829E-05 9.98829E-05 9.98829E-05 0.00602375 9.98829E-05 9.98829E-05 9.98829E-05
9.99279E-05 9.99279E-05 9.99279E-05 0.0365308 9.99279E-05 0.159945 0.0391638 9.99279E-05 0.105081 0.178813 0.0622592 0.391063 9.99279E-05 0.0263452 9.99279E-05 9.99279E-05
9.9892E-05 9.9892E-05 9.9892E-05 9.9892E-05 9.9892E-05 9.9892E-05 9.9892E-05 9.9892E-05 0.062374 9.9892E-05 0.899529 9.9892E-05 0.0011758 9.9892E-05 9.9892E-05 0.0357227
0.0677527 9.99192E-05 0.313223 9.99192E-05 9.99192E-05 0.191739 0.135234 9.99192E-05 9.99192E-05 0.24517 9.99192E-05 9.99192E-05 9.99192E-05 9.99192E-05 0.0284308 0.0175513
0.111068 9.99102E-05 0.437741 0.153505 9.99102E-05 9.99102E-05 0.0255311 9.99102E-05 9.99102E-05 0.258215 9.99102E-05 9.99102E-05 9.99102E-05 9.99102E-05 9.99102E-05 0.0129407
0.0646461 9.99101E-05 9.99101E-05 9.99101E-05 0.543671 9.99101E-05 9.99101E-05 0.268798 9.99101E-05 9.99101E-05 0.0555235 9.99101E-05 0.0375345 0.0288286 9.99101E-05 9.99101E-05
