9.99549E-05 9.99549E-05 0.0298317 9.99549E-05 9.99549E-05 0.969668 9.99549E-05
0.311283 0.246222 0.174569 0.00511961 9.9982E-05 0.262607 9.9982E-05
0.746499 0.0548269 9.99822E-05 0.0312964 0.122423 9.99822E-05 0.0447542
0.945071 9.9955E-05 9.9955E-05 0.054429 9.9955E-05 9.9955E-05 9.9955E-05
0.477411 0.210102 0.222206 9.99731E-05 9.99731E-05 0.0899811 9.99731E-05
0.965115 9.9964E-05 9.9964E-05 0.0283896 9.9964E-05 0.006096 9.9964E-05
9.99642E-05 0.386193 0.0677922 9.99642E-05 0.545615 9.99642E-05 9.99642E-05
0.409529 0.433699 0.156372 9.99641E-05 9.99641E-05 9.99641E-05 9.99641E-05
9.99641E-05 0.413338 0.18627 9.99641E-05 0.399993 9.99641E-05 9.99641E-05
9.995E-05 9.995E-05 0.9994 9.995E-05 9.995E-05 9.995E-05 9.995E-05
9.995E-05 9.995E-05 0.9994 9.995E-05 9.995E-05 9.995E-05 9.995E-05
0.0020417 9.9973E-05 9.9973E-05 0.144492 0.166145 0.687022 9.9973E-05
9.995E-05 9.995E-05 9.995E-05 9.995E-05 0.9994 9.995E-05 9.995E-05
0.96399 9.9973E-05 9.9973E-05 0.00923579 9.9973E-05 0.000582245 0.0258919
0.952982 9.9955E-05 9.9955E-05 9.9955E-05 9.9955E-05 0.0465177 9.9955E-05
0.0110225 0.0371826 0.469582 0.0110616 0.407085 0.0639661 9.9991E-05
9.9973E-05 9.9973E-05 0.430363 0.337836 0.169309 9.9973E-05 0.0621928
9.99729E-05 0.0506391 0.209511 9.99729E-05 9.99729E-05 0.0374231 0.702127
9.9955E-05 9.9955E-05 9.9955E-05 0.0982062 9.9955E-05 9.9955E-05 0.901294
9.9973E-05 9.9973E-05 0.722491 0.0919241 0.0515416 0.133744 9.9973E-05
9.995E-05 9.995E-05 9.995E-05 9.995E-05 9.995E-05 9.995E-05 0.9994
9.99729E-05 9.99729E-05 0.272849 0.0385491 0.131035 0.557267 9.99729E-05
0.0107881 9.9973E-05 0.296719 0.291518 9.9973E-05 9.9973E-05 0.400675
9.99639E-05 9.99639E-05 0.0266835 0.0871812 9.99639E-05 9.99639E-05 0.885735
0.9994 9.995E-05 9.995E-05 9.995E-05 9.995E-05 9.995E-05 9.995E-05
0.9994 9.995E-05 9.995E-05 9.995E-05 9.995E-05 9.995E-05 9.995E-05
9.99729E-05 9.99729E-05 0.055207 0.0653345 0.799172 0.0799863 9.99729E-05
0.926061 0.0734391 9.9955E-05 9.9955E-05 9.9955E-05 9.9955E-05 9.9955E-05
0.929779 0.0614579 9.9964E-05 9.9964E-05 0.00836297 9.9964E-05 9.9964E-05
0.7071 0.242345 9.99731E-05 0.0175688 9.99731E-05 9.99731E-05 0.0326861
0.619771 0.31637 0.0018656 0.0568092 9.9982E-05 9.9982E-05 0.00498421
0.0797052 0.586935 0.0907665 9.99731E-05 9.99731E-05 0.242294 9.99731E-05
0.9994 9.995E-05 9.995E-05 9.995E-05 9.995E-05 9.995E-05 9.995E-05
0.122808 0.855457 9.99641E-05 0.0213353 9.99641E-05 9.99641E-05 9.99641E-05
0.0424142 9.99819E-05 0.115157 0.250662 0.535377 0.05619 9.99819E-05
0.980059 9.99549E-05 9.99549E-05 9.99549E-05 0.0194411 9.99549E-05 9.99549E-05
0.0151626 9.9955E-05 9.9955E-05 9.9955E-05 9.9955E-05 0.984338 9.9955E-05
0.0668918 0.038763 0.740076 9.9982E-05 9.9982E-05 0.153833 0.000235259
0.149561 9.9991E-05 0.250408 0.388723 0.146479 0.00868368 0.0560458
0.0992576 9.99729E-05 0.58952 0.0281762 9.99729E-05 0.282746 9.99729E-05
0.0659805 9.99729E-05 0.573855 0.0303962 9.99729E-05 0.329468 9.99729E-05
9.9955E-05 9.9955E-05 0.983835 9.9955E-05 9.9955E-05 0.0156656 9.9955E-05
9.9973E-05 0.0261534 0.507186 9.9973E-05 0.332266 0.134095 9.9973E-05
9.9973E-05 9.9973E-05 0.95546 0.0103599 0.00738223 0.0264977 9.9973E-05
9.9982E-05 9.9982E-05 0.507802 0.146097 0.20789 0.0445836 0.0934286
0.0770032 9.9991E-05 0.654408 0.0162681 0.0860041 0.138759 0.0274573
0.140383 0.0220415 0.255136 0.102467 0.212339 0.267534 9.9991E-05
9.99553E-05 9.99553E-05 9.99553E-05 9.99553E-05 9.99553E-05 0.979294 0.0202062
9.995E-05 0.9994 9.995E-05 9.995E-05 9.995E-05 9.995E-05 9.995E-05
9.995E-05 0.9994 9.995E-05 9.995E-05 9.995E-05 9.995E-05 9.995E-05
9.995E-05 0.9994 9.995E-05 9.995E-05 9.995E-05 9.995E-05 9.995E-05
9.995E-05 0.9994 9.995E-05 9.995E-05 9.995E-05 9.995E-05 9.995E-05
9.995E-05 0.9994 9.995E-05 9.995E-05 9.995E-05 9.995E-05 9.995E-05
0.216064 0.641056 0.0483851 9.99821E-05 0.0565403 9.99821E-05 0.0377547
9.99549E-05 0.990303 9.99549E-05 0.00919728 9.99549E-05 9.99549E-05 9.99549E-05
9.99639E-05 9.99639E-05 0.0596071 9.99639E-05 0.124365 0.815628 9.99639E-05
0.132842 0.523231 0.0690167 9.9973E-05 9.9973E-05 0.27461 9.9973E-05
0.9994 9.995E-05 9.995E-05 9.995E-05 9.995E-05 9.995E-05 9.995E-05
9.9964E-05 9.9964E-05 9.9964E-05 0.0754737 0.854745 0.0693819 9.9964E-05
0.0738977 9.9982E-05 0.393544 0.000671836 0.39154 0.140146 9.9982E-05
9.995E-05 9.995E-05 9.995E-05 9.995E-05 0.9994 9.995E-05 9.995E-05
9.99639E-05 9.99639E-05 0.118538 9.99639E-05 0.876326 0.00473587 9.99639E-05
9.99729E-05 9.99729E-05 0.0773328 0.0679801 0.852617 9.99729E-05 0.0017701
9.99551E-05 9.99551E-05 9.99551E-05 9.99551E-05 9.99551E-05 0.106698 0.892802
0.9994 9.995E-05 9.995E-05 9.995E-05 9.995E-05 9.995E-05 9.995E-05
0.171766 0.220392 0.169155 0.0759956 0.0790133 0.237234 0.0464438
0.992228 9.99552E-05 9.99552E-05 9.99552E-05 0.00727265 9.99552E-05 9.99552E-05
0.973361 9.9955E-05 9.9955E-05 9.9955E-05 9.9955E-05 0.0261397 9.9955E-05
0.916049 0.0596561 9.9964E-05 9.9964E-05 0.0238953 9.9964E-05 9.9964E-05
0.92803 0.0484695 9.9964E-05 9.9964E-05 9.9964E-05 0.0231009 9.9964E-05
0.919083 9.9973E-05 0.0488162 0.020251 9.9973E-05 0.0115503 9.9973E-05
0.950161 0.00731049 0.020879 0.0213496 9.9973E-05 9.9973E-05 9.9973E-05
0.522813 0.45795 0.0188376 9.99643E-05 9.99643E-05 9.99643E-05 9.99643E-05
0.496333 0.334017 9.99643E-05 9.99643E-05 0.16925 9.99643E-05 9.99643E-05
0.975415 0.00691831 9.9964E-05 0.0172671 9.9964E-05 9.9964E-05 9.9964E-05
0.107646 0.0257434 0.63955 0.0309816 0.132665 0.0633144 9.9991E-05
0.0649702 0.0894121 0.532645 0.0274106 0.233733 0.0517293 9.9991E-05
9.995E-05 9.995E-05 9.995E-05 0.9994 9.995E-05 9.995E-05 9.995E-05
9.995E-05 9.995E-05 9.995E-05 0.9994 9.995E-05 9.995E-05 9.995E-05
9.9964E-05 9.9964E-05 0.921914 9.9964E-05 0.0558917 0.0217943 9.9964E-05
9.9964E-05 9.9964E-05 0.914566 9.9964E-05 0.0698573 0.0151766 9.9964E-05
9.9955E-05 0.00716856 9.9955E-05 0.992332 9.9955E-05 9.9955E-05 9.9955E-05
9.995E-05 9.995E-05 9.995E-05 0.9994 9.995E-05 9.995E-05 9.995E-05
9.99549E-05 9.99549E-05 9.99549E-05 9.99549E-05 0.0482807 0.951219 9.99549E-05
9.9982E-05 0.0244117 0.520071 9.9982E-05 0.328293 0.0943446 0.0326794
0.0703556 0.608225 0.0974516 9.9982E-05 0.0137976 0.209971 9.9982E-05
0.0409456 9.99821E-05 0.310399 0.253769 0.290411 9.99821E-05 0.104275
9.9982E-05 9.9982E-05 0.0113846 0.352817 0.45716 0.111635 0.0668031
0.637801 0.322736 9.99642E-05 9.99642E-05 9.99642E-05 9.99642E-05 0.0390637
