0.083235 9.99639E-05 9.99639E-05 9.99639E-05 9.99639E-05 0.0193055 0.89706
0.164284 9.9982E-05 0.267374 9.9982E-05 0.285662 0.00698422 0.275495
9.99822E-05 0.0033241 0.0681 0.117253 0.754236 0.0568877 9.99822E-05
0.0113607 9.9964E-05 9.9964E-05 9.9964E-05 0.960738 0.0275017 9.9964E-05
0.209182 9.99731E-05 0.25156 9.99731E-05 0.459373 9.99731E-05 0.0795855
9.995E-05 9.995E-05 9.995E-05 9.995E-05 0.9994 9.995E-05 9.995E-05
0.196647 9.99642E-05 0.346027 0.456925 9.99642E-05 9.99642E-05 9.99642E-05
0.135953 9.99731E-05 0.445883 9.99731E-05 0.409552 0.00831201 9.99731E-05
0.287709 9.99731E-05 0.375184 0.332689 0.00411793 9.99731E-05 9.99731E-05
0.9994 9.995E-05 9.995E-05 9.995E-05 9.995E-05 9.995E-05 9.995E-05
0.9994 9.995E-05 9.995E-05 9.995E-05 9.995E-05 9.995E-05 9.995E-05
9.9973E-05 9.9973E-05 9.9973E-05 0.190685 0.00545694 0.132574 0.670983
9.995E-05 9.995E-05 9.995E-05 0.9994 9.995E-05 9.995E-05 9.995E-05
9.9973E-05 0.00259012 9.9973E-05 9.9973E-05 0.955148 0.0136633 0.0282988
9.9964E-05 0.000147211 9.9964E-05 9.9964E-05 0.935854 9.9964E-05 0.0635986
0.499409 9.9982E-05 0.0121925 0.369637 0.0266818 9.9982E-05 0.0918794
0.463219 0.0849863 9.9982E-05 0.132822 9.9982E-05 0.294999 0.023774
0.221085 0.718677 9.99639E-05 9.99639E-05 9.99639E-05 9.99639E-05 0.0598378
9.9955E-05 0.928026 9.9955E-05 9.9955E-05 9.9955E-05 0.0714745 9.9955E-05
0.762147 9.9973E-05 9.9973E-05 0.030417 9.9973E-05 0.0627509 0.144385
9.995E-05 0.9994 9.995E-05 9.995E-05 9.995E-05 9.995E-05 9.995E-05
0.30426 9.99729E-05 9.99729E-05 0.124108 9.99729E-05 0.0366088 0.534724
0.230025 0.397173 9.99641E-05 9.99641E-05 9.99641E-05 0.372403 9.99641E-05
0.0121509 0.896467 9.9964E-05 9.9964E-05 9.9964E-05 0.0909825 9.9964E-05
9.9955E-05 9.9955E-05 0.0190364 9.9955E-05 0.980464 9.9955E-05 9.9955E-05
9.995E-05 9.995E-05 9.995E-05 9.995E-05 0.9994 9.995E-05 9.995E-05
0.0632268 9.99729E-05 9.99729E-05 0.771217 9.99729E-05 0.0746351 0.0906215
9.9955E-05 9.9955E-05 0.0695201 9.9955E-05 0.92998 9.9955E-05 9.9955E-05
9.9973E-05 9.9973E-05 0.0658394 0.0382258 0.883685 9.9973E-05 0.0119499
9.99821E-05 0.0143067 0.265008 9.99821E-05 0.686727 0.0280628 0.00569528
9.99641E-05 9.99641E-05 0.321229 9.99641E-05 0.623975 0.054396 9.99641E-05
9.99642E-05 9.99642E-05 0.555056 9.99642E-05 0.105581 9.99642E-05 0.338964
9.995E-05 9.995E-05 9.995E-05 9.995E-05 0.9994 9.995E-05 9.995E-05
9.99551E-05 9.99551E-05 0.923082 9.99551E-05 0.0764186 9.99551E-05 9.99551E-05
0.0526905 9.99819E-05 9.99819E-05 0.600189 0.0527531 0.218451 0.0757167
9.99549E-05 9.99549E-05 9.99549E-05 9.99549E-05 0.981349 0.0181514 9.99549E-05
9.9955E-05 9.9955E-05 9.9955E-05 9.9955E-05 0.00587268 9.9955E-05 0.993628
0.7448 0.00517779 0.0823156 9.9982E-05 0.0440932 9.9982E-05 0.123413
0.344935 0.0619752 9.9982E-05 0.143445 0.112571 0.336873 9.9982E-05
0.593528 0.0102074 9.9973E-05 9.9973E-05 0.0925331 9.9973E-05 0.303431
0.596288 0.00397696 9.99819E-05 9.99819E-05 0.0704388 0.0117688 0.317327
0.995776 9.9955E-05 9.9955E-05 9.9955E-05 9.9955E-05 9.9955E-05 0.00372427
0.584339 9.9973E-05 0.00056804 0.273401 9.9973E-05 9.9973E-05 0.141392
0.938445 9.9973E-05 9.9973E-05 0.0205392 9.9973E-05 0.0384432 0.00227302
0.522685 0.0936451 9.9982E-05 0.146351 9.9982E-05 0.147405 0.089713
0.665995 0.0305734 9.9991E-05 0.0483512 0.0663406 0.030374 0.158266
0.305192 9.9991E-05 0.0387651 0.210784 0.103237 0.0966986 0.245224
9.99552E-05 0.00760966 9.99552E-05 9.99552E-05 9.99552E-05 9.99552E-05 0.991891
9.995E-05 9.995E-05 0.9994 9.995E-05 9.995E-05 9.995E-05 9.995E-05
9.995E-05 9.995E-05 0.9994 9.995E-05 9.995E-05 9.995E-05 9.995E-05
9.99639E-05 0.00424214 0.995256 9.99639E-05 9.99639E-05 0.000102426 9.99639E-05
9.995E-05 9.995E-05 0.9994 9.995E-05 9.995E-05 9.995E-05 9.995E-05
9.995E-05 9.995E-05 0.9994 9.995E-05 9.995E-05 9.995E-05 9.995E-05
0.112683 0.0533045 0.567465 9.99731E-05 0.266247 9.99731E-05 9.99731E-05
9.99639E-05 9.99639E-05 0.981951 9.99639E-05 9.99639E-05 0.0119359 0.00571304
0.0399972 9.99639E-05 9.99639E-05 0.0812059 9.99639E-05 9.99639E-05 0.878397
0.0799097 9.9973E-05 0.534153 9.9973E-05 0.149964 9.9973E-05 0.235673
9.995E-05 9.995E-05 9.995E-05 9.995E-05 0.9994 9.995E-05 9.995E-05
9.99639E-05 9.99639E-05 9.99639E-05 0.864949 9.99639E-05 0.0538679 0.0807833
0.375342 9.9973E-05 9.9973E-05 0.391147 0.0734921 9.9973E-05 0.15972
9.995E-05 9.995E-05 9.995E-05 0.9994 9.995E-05 9.995E-05 9.995E-05
0.096116 9.99639E-05 9.99639E-05 0.889932 9.99639E-05 9.99639E-05 0.0135517
0.0681409 0.00973475 9.99729E-05 0.847889 9.99729E-05 0.073935 9.99729E-05
9.99551E-05 0.885255 9.99551E-05 9.99551E-05 9.99551E-05 9.99551E-05 0.114245
9.995E-05 9.995E-05 9.995E-05 9.995E-05 0.9994 9.995E-05 9.995E-05
0.229592 0.0613839 0.162298 0.168184 0.248152 0.0478818 0.0825089
9.995E-05 9.995E-05 9.995E-05 9.995E-05 0.9994 9.995E-05 9.995E-05
9.9964E-05 9.9964E-05 0.00789562 9.9964E-05 0.955322 9.9964E-05 0.0363826
9.9964E-05 9.9964E-05 0.0829594 0.0254072 0.891234 9.9964E-05 9.9964E-05
9.9964E-05 9.9964E-05 0.0472725 9.9964E-05 0.931117 9.9964E-05 0.0212105
0.0753332 9.99551E-05 9.99551E-05 9.99551E-05 0.924167 9.99551E-05 9.99551E-05
9.99639E-05 0.00525735 9.99639E-05 9.99639E-05 0.990993 0.00334988 9.99639E-05
9.99553E-05 9.99553E-05 0.525185 9.99553E-05 0.474315 9.99553E-05 9.99553E-05
9.99643E-05 9.99643E-05 0.381839 0.162714 0.455047 9.99643E-05 9.99643E-05
0.0155909 9.9982E-05 0.00823821 0.00208318 0.970712 0.00317597 9.9982E-05
0.690256 9.9991E-05 0.0419162 0.0913724 0.0728019 0.0145089 0.0890449
0.634284 9.9991E-05 0.0560768 0.143701 0.0726847 0.0159619 0.077191
9.995E-05 9.995E-05 9.995E-05 9.995E-05 9.995E-05 0.9994 9.995E-05
9.995E-05 9.995E-05 9.995E-05 9.995E-05 9.995E-05 0.9994 9.995E-05
0.917611 9.9964E-05 9.9964E-05 0.0217342 9.9964E-05 9.9964E-05 0.0602553
0.926646 9.9964E-05 9.9964E-05 0.0575098 9.9964E-05 9.9964E-05 0.0154442
9.9955E-05 9.9955E-05 0.00721353 9.9955E-05 9.9955E-05 0.992287 9.9955E-05
9.995E-05 9.995E-05 9.995E-05 9.995E-05 9.995E-05 0.9994 9.995E-05
9.99549E-05 9.99549E-05 9.99549E-05 0.0402014 9.99549E-05 9.99549E-05 0.959299
0.57376 0.0273962 9.9982E-05 0.32274 0.00781711 9.9982E-05 0.0680864
0.0872754 9.9973E-05 0.568556 9.9973E-05 0.0967821 9.9973E-05 0.247086
0.230015 0.122142 9.9991E-05 0.335587 0.0646851 0.219045 0.0284253
9.99731E-05 0.0937793 9.99731E-05 0.439502 9.99731E-05 0.29062 0.175799
9.99821E-05 0.0289322 0.322565 0.00522735 0.599469 0.0436061 9.99821E-05
