9.99369E-05 0.0376717 9.99369E-05 0.00666024 9.99369E-05 0.940738 9.99369E-05 0.0142307 9.99369E-05 9.99369E-05 9.99369E-05
9.99458E-05 9.99458E-05 9.99458E-05 0.0267144 0.150165 0.123562 9.99458E-05 0.125193 0.573765 9.99458E-05 9.99458E-05
0.0515671 9.99554E-05 0.085202 0.0260159 0.729326 9.99554E-05 0.0257953 9.99554E-05 0.0815939 9.99554E-05 9.99554E-05
9.9937E-05 9.9937E-05 9.9937E-05 0.0326667 0.945941 9.9937E-05 9.9937E-05 0.00219144 9.9937E-05 0.018501 9.9937E-05
9.99461E-05 0.137443 9.99461E-05 9.99461E-05 0.397322 9.99461E-05 0.0767577 9.99461E-05 0.318198 9.99461E-05 0.0696802
9.9928E-05 9.9928E-05 9.9928E-05 9.9928E-05 0.974485 0.000123274 9.9928E-05 9.9928E-05 9.9928E-05 9.9928E-05 0.0245927
9.99281E-05 9.99281E-05 0.266243 9.99281E-05 9.99281E-05 9.99281E-05 9.99281E-05 9.99281E-05 0.6649 0.0680575 9.99281E-05
9.99371E-05 0.0910519 9.99371E-05 9.99371E-05 0.353187 9.99371E-05 0.217091 9.99371E-05 0.33797 9.99371E-05 9.99371E-05
9.9928E-05 9.9928E-05 0.206854 9.9928E-05 9.9928E-05 9.9928E-05 9.9928E-05 9.9928E-05 0.69658 0.0957666 9.9928E-05
9.99192E-05 0.987702 9.99192E-05 9.99192E-05 9.99192E-05 9.99192E-05 9.99192E-05 9.99192E-05 0.0113991 9.99192E-05 9.99192E-05
9.99102E-05 0.999001 9.99102E-05 9.99102E-05 9.99102E-05 9.99102E-05 9.99102E-05 9.99102E-05 9.99102E-05 9.99102E-05 9.99102E-05
9.9937E-05 9.9937E-05 0.181156 0.122555 0.0288097 0.66678 9.9937E-05 9.9937E-05 9.9937E-05 9.9937E-05 9.9937E-05
9.99281E-05 9.99281E-05 0.9755 9.99281E-05 0.0207583 9.99281E-05 9.99281E-05 9.99281E-05 9.99281E-05 9.99281E-05 0.00294223
0.0170999 9.9937E-05 9.9937E-05 9.9937E-05 0.929922 0.00457684 9.9937E-05 9.9937E-05 9.9937E-05 9.9937E-05 0.0477015
9.99281E-05 0.0124939 9.99281E-05 9.99281E-05 0.958004 0.0287024 9.99281E-05 9.99281E-05 9.99281E-05 9.99281E-05 9.99281E-05
9.99369E-05 0.00734399 0.103208 9.99369E-05 9.99369E-05 9.99369E-05 9.99369E-05 9.99369E-05 9.99369E-05 0.755357 0.133392
9.99189E-05 0.089849 9.99189E-05 9.99189E-05 9.99189E-05 9.99189E-05 9.99189E-05 0.909252 9.99189E-05 9.99189E-05 9.99189E-05
0.706504 0.0794922 9.99459E-05 9.99459E-05 9.99459E-05 0.0622268 0.0457712 9.99459E-05 9.99459E-05 0.105406 9.99459E-05
0.926399 9.9928E-05 9.9928E-05 0.0646193 9.9928E-05 9.9928E-05 9.9928E-05 9.9928E-05 9.9928E-05 9.9928E-05 0.008182
9.99458E-05 0.444636 9.99458E-05 0.0287076 9.99458E-05 0.0377709 9.99458E-05 9.99458E-05 9.99458E-05 0.308211 0.180074
0.999001 9.99101E-05 9.99101E-05 9.99101E-05 9.99101E-05 9.99101E-05 9.99101E-05 9.99101E-05 9.99101E-05 9.99101E-05 9.99101E-05
9.99549E-05 0.0724467 0.00346079 9.99549E-05 9.99549E-05 0.48397 9.99549E-05 0.0793343 9.99549E-05 0.318957 0.0413311
0.361116 0.187811 9.9955E-05 0.159738 9.9955E-05 9.9955E-05 0.00609571 0.265167 9.9955E-05 9.9955E-05 0.0195727
0.887191 0.037525 9.9946E-05 0.0369475 9.9946E-05 9.9946E-05 9.9946E-05 0.0130342 9.9946E-05 9.9946E-05 0.0247029
9.99191E-05 9.99191E-05 9.99191E-05 0.00207572 0.997025 9.99191E-05 9.99191E-05 9.99191E-05 9.99191E-05 9.99191E-05 9.99191E-05
9.99102E-05 9.99102E-05 9.99102E-05 9.99102E-05 0.999001 9.99102E-05 9.99102E-05 9.99102E-05 9.99102E-05 9.99102E-05 9.99102E-05
9.99458E-05 0.0887067 0.716973 0.0353567 9.99458E-05 0.0891937 9.99458E-05 0.06917 9.99458E-05 9.99458E-05 9.99458E-05
9.9946E-05 9.9946E-05 0.0109952 9.9946E-05 0.895794 9.9946E-05 0.0560353 9.9946E-05 0.0285382 0.0080382 9.9946E-05
9.9937E-05 9.9937E-05 9.9937E-05 9.9937E-05 0.927306 9.9937E-05 0.0331585 9.9937E-05 0.0359599 0.00287641 9.9937E-05
0.0208616 9.99552E-05 0.0242368 0.0204231 0.64529 9.99552E-05 0.232477 9.99552E-05 0.0562111 9.99552E-05 9.99552E-05
9.99461E-05 9.99461E-05 9.99461E-05 9.99461E-05 0.648067 9.99461E-05 0.182731 0.0473498 0.120891 9.99461E-05 0.000361369
9.9937E-05 9.9937E-05 9.9937E-05 0.0149284 9.9937E-05 0.0576814 0.052802 9.9937E-05 0.873889 9.9937E-05 9.9937E-05
9.99192E-05 9.99192E-05 9.99192E-05 9.99192E-05 0.973712 9.99192E-05 9.99192E-05 9.99192E-05 9.99192E-05 0.025389 9.99192E-05
9.99372E-05 9.99372E-05 9.99372E-05 9.99372E-05 0.155226 9.99372E-05 0.751766 0.000906712 0.0914016 9.99372E-05 9.99372E-05
9.99639E-05 9.99639E-05 0.449135 0.107417 0.0154947 0.0265744 0.0341823 0.303725 9.99639E-05 9.99639E-05 0.0630711
9.99369E-05 9.99369E-05 9.99369E-05 9.99369E-05 0.93626 9.99369E-05 9.99369E-05 9.99369E-05 0.0191289 0.0225184 0.0213935
9.99191E-05 9.99191E-05 9.99191E-05 9.99191E-05 0.0224807 0.97662 9.99191E-05 9.99191E-05 9.99191E-05 9.99191E-05 9.99191E-05
9.99459E-05 0.625154 9.99459E-05 9.99459E-05 0.0311272 0.160448 9.99459E-05 0.0427543 0.139917 9.99459E-05 9.99459E-05
9.99101E-05 9.99101E-05 9.99101E-05 9.99101E-05 9.99101E-05 9.99101E-05 9.99101E-05 0.999001 9.99101E-05 9.99101E-05 9.99101E-05
9.99459E-05 0.194549 9.99459E-05 9.99459E-05 0.0931354 0.232955 9.99459E-05 0.148803 9.99459E-05 0.329959 9.99459E-05
0.0103486 0.237311 9.99639E-05 0.000122966 0.0272269 0.27678 9.99639E-05 0.142303 9.99639E-05 0.305507 9.99639E-05
0.00349925 0.890168 9.9955E-05 9.9955E-05 9.9955E-05 0.0130699 9.9955E-05 0.0131145 9.9955E-05 0.0606418 0.0190068
9.9946E-05 0.0112516 0.0844249 9.9946E-05 9.9946E-05 0.00289563 9.9946E-05 9.9946E-05 0.0292363 0.871592 9.9946E-05
9.99369E-05 0.858789 9.99369E-05 9.99369E-05 9.99369E-05 0.0240763 9.99369E-05 0.00110031 9.99369E-05 9.99369E-05 0.115335
0.0944641 0.389628 0.0946948 0.0230425 9.9982E-05 0.039838 9.9982E-05 0.0161841 0.00631737 0.117336 0.218295
0.0250882 0.490951 9.9955E-05 9.9955E-05 0.0442451 0.121282 9.9955E-05 9.9955E-05 9.9955E-05 0.156806 0.161128
9.9964E-05 0.177 0.0678007 9.9964E-05 0.0681233 0.202612 0.0385168 0.163709 9.9964E-05 9.9964E-05 0.281839
0.00303672 9.99195E-05 9.99195E-05 9.99195E-05 9.99195E-05 0.996064 9.99195E-05 9.99195E-05 9.99195E-05 9.99195E-05 9.99195E-05
9.99101E-05 9.99101E-05 9.99101E-05 9.99101E-05 9.99101E-05 9.99101E-05 0.999001 9.99101E-05 9.99101E-05 9.99101E-05 9.99101E-05
9.9937E-05 9.9937E-05 9.9937E-05 9.9937E-05 9.9937E-05 9.9937E-05 0.964631 0.00748491 9.9937E-05 0.0187684 0.00841615
9.99191E-05 9.99191E-05 9.99191E-05 9.99191E-05 9.99191E-05 9.99191E-05 0.991534 9.99191E-05 9.99191E-05 9.99191E-05 0.00756663
9.99101E-05 9.99101E-05 9.99101E-05 9.99101E-05 9.99101E-05 9.99101E-05 0.999001 9.99101E-05 9.99101E-05 9.99101E-05 9.99101E-05
9.99101E-05 9.99101E-05 9.99101E-05 9.99101E-05 9.99101E-05 9.99101E-05 0.999001 9.99101E-05 9.99101E-05 9.99101E-05 9.99101E-05
0.0498422 9.99552E-05 9.99552E-05 9.99552E-05 0.25153 9.99552E-05 0.416008 0.00286381 0.20689 0.0723657 9.99552E-05
9.9937E-05 9.9937E-05 9.9937E-05 9.9937E-05 9.9937E-05 0.00534439 0.932764 9.9937E-05 0.0416179 0.0195744 9.9937E-05
9.99278E-05 9.99278E-05 9.99278E-05 9.99278E-05 9.99278E-05 0.752096 9.99278E-05 9.99278E-05 9.99278E-05 0.16614 0.0809649
9.99458E-05 9.99458E-05 9.99458E-05 0.0362479 9.99458E-05 0.0139975 0.0563017 9.99458E-05 0.877122 9.99458E-05 0.0157309
9.99279E-05 9.99279E-05 9.99279E-05 9.99279E-05 0.963895 9.99279E-05 9.99279E-05 0.0253983 9.99279E-05 9.99279E-05 0.00990757
9.9937E-05 9.9937E-05 0.795148 0.0365237 9.9937E-05 0.0306398 9.9937E-05 9.9937E-05 9.9937E-05 0.136989 9.9937E-05
9.99281E-05 9.99281E-05 0.0196195 9.99281E-05 9.99281E-05 9.99281E-05 9.99281E-05 9.99281E-05 9.99281E-05 0.881984 0.0975967
9.99103E-05 9.99103E-05 0.999001 9.99103E-05 9.99103E-05 9.99103E-05 9.99103E-05 9.99103E-05 9.99103E-05 9.99103E-05 9.99103E-05
9.99279E-05 0.0948369 0.885474 9.99279E-05 9.99279E-05 9.99279E-05 9.99279E-05 9.99279E-05 9.99279E-05 0.0188899 9.99279E-05
9.99368E-05 0.0981963 0.763721 0.0434042 9.99368E-05 9.99368E-05 9.99368E-05 9.99368E-05 9.99368E-05 9.99368E-05 0.0939794
0.884307 9.99282E-05 9.99282E-05 9.99282E-05 9.99282E-05 0.11089 0.00400345 9.99282E-05 9.99282E-05 9.99282E-05 9.99282E-05
9.99104E-05 9.99104E-05 9.99104E-05 9.99104E-05 0.999001 9.99104E-05 9.99104E-05 9.99104E-05 9.99104E-05 9.99104E-05 9.99104E-05
0.0184764 0.177808 0.0928562 0.0586686 0.313714 0.128195 0.0640441 9.9991E-05 0.0233729 0.0357142 0.0870509
9.99194E-05 9.99194E-05 9.99194E-05 9.99194E-05 0.956911 9.99194E-05 9.99194E-05 9.99194E-05 9.99194E-05 0.0421893 9.99194E-05
9.9937E-05 9.9937E-05 9.9937E-05 9.9937E-05 0.931272 0.0155633 0.0290516 0.0234138 9.9937E-05 9.9937E-05 9.9937E-05
9.9937E-05 9.9937E-05 9.9937E-05 9.9937E-05 0.925121 9.9937E-05 0.0370462 9.9937E-05 0.014112 0.0230213 9.9937E-05
9.9946E-05 9.9946E-05 9.9946E-05 9.9946E-05 0.875388 0.0162846 0.0207702 9.9946E-05 0.0603797 0.0265782 9.9946E-05
9.99551E-05 0.0279332 9.99551E-05 0.00381391 0.895554 0.0157523 9.99551E-05 9.99551E-05 0.052164 9.99551E-05 0.00428274
9.99279E-05 9.99279E-05 9.99279E-05 9.99279E-05 0.958578 9.99279E-05 9.99279E-05 0.00487355 9.99279E-05 9.99279E-05 0.0357489
9.99373E-05 9.99373E-05 9.99373E-05 9.99373E-05 0.443578 9.99373E-05 0.229901 0.0257758 0.300046 9.99373E-05 9.99373E-05
9.99373E-05 9.99373E-05 0.0901631 9.99373E-05 0.42717 9.99373E-05 0.0473319 9.99373E-05 0.434636 9.99373E-05 9.99373E-05
9.99461E-05 9.99461E-05 9.99461E-05 0.00193751 0.952387 0.0187466 0.0132154 9.99461E-05 9.99461E-05 0.0131138 9.99461E-05
9.99279E-05 9.99279E-05 9.99279E-05 0.0131464 9.99279E-05 9.99279E-05 0.0330386 9.99279E-05 9.99279E-05 0.953016 9.99279E-05
9.9919E-05 9.9919E-05 9.9919E-05 9.9919E-05 9.9919E-05 9.9919E-05 0.0228101 9.9919E-05 9.9919E-05 0.976291 9.9919E-05
9.99191E-05 9.99191E-05 9.99191E-05 0.988765 9.99191E-05 0.0103354 9.99191E-05 9.99191E-05 9.99191E-05 9.99191E-05 9.99191E-05
9.99101E-05 9.99101E-05 9.99101E-05 0.999001 9.99101E-05 9.99101E-05 9.99101E-05 9.99101E-05 9.99101E-05 9.99101E-05 9.99101E-05
9.99459E-05 0.81931 0.0137363 9.99459E-05 0.00221183 0.0492456 9.99459E-05 9.99459E-05 9.99459E-05 0.114897 9.99459E-05
9.99369E-05 0.754542 0.0578168 9.99369E-05 9.99369E-05 0.0439778 9.99369E-05 9.99369E-05 9.99369E-05 0.142964 9.99369E-05
9.99281E-05 0.000275037 9.99281E-05 0.973736 9.99281E-05 9.99281E-05 9.99281E-05 9.99281E-05 0.0251899 9.99281E-05 9.99281E-05
9.99101E-05 9.99101E-05 9.99101E-05 0.999001 9.99101E-05 9.99101E-05 9.99101E-05 9.99101E-05 9.99101E-05 9.99101E-05 9.99101E-05
9.99279E-05 9.99279E-05 0.0607572 9.99279E-05 9.99279E-05 0.932445 0.00599839 9.99279E-05 9.99279E-05 9.99279E-05 9.99279E-05
0.078307 0.11886 0.188461 9.99639E-05 9.99639E-05 0.0284816 9.99639E-05 9.99639E-05 0.0634192 0.517034 0.00503786
9.99278E-05 9.99278E-05 9.99278E-05 9.99278E-05 9.99278E-05 0.0490591 0.0886673 9.99278E-05 0.861474 9.99278E-05 9.99278E-05
9.99101E-05 9.99101E-05 9.99101E-05 9.99101E-05 9.99101E-05 9.99101E-05 9.99101E-05 9.99101E-05 9.99101E-05 9.99101E-05 0.999001
9.9946E-05 9.9946E-05 0.0415796 0.0129649 9.9946E-05 9.9946E-05 9.9946E-05 0.0363111 9.9946E-05 0.0385378 0.870007
0.0320391 9.99552E-05 9.99552E-05 0.0280671 0.600296 9.99552E-05 0.163821 0.00160295 0.173674 9.99552E-05 9.99552E-05
