0.00969008 0.952922 9.99279E-05 9.99279E-05 9.99279E-05 9.99279E-05 9.99279E-05 0.0365888 9.99279E-05 9.99279E-05 9.99279E-05
0.0174174 0.143112 0.213251 9.99549E-05 0.0227069 9.99549E-05 9.99549E-05 9.99549E-05 9.99549E-05 0.0157441 0.58727
9.99101E-05 9.99101E-05 9.99101E-05 9.99101E-05 9.99101E-05 0.999001 9.99101E-05 9.99101E-05 9.99101E-05 9.99101E-05 9.99101E-05
0.0388799 9.9928E-05 0.957866 9.9928E-05 9.9928E-05 0.0024542 9.9928E-05 9.9928E-05 9.9928E-05 9.9928E-05 9.9928E-05
9.99551E-05 9.99551E-05 0.373077 0.0320184 0.0492414 0.0640578 9.99551E-05 0.125957 9.99551E-05 9.99551E-05 0.355149
9.9937E-05 0.0128666 0.90979 9.9937E-05 0.0412781 0.0353661 9.9937E-05 9.9937E-05 9.9937E-05 9.9937E-05 9.9937E-05
9.99281E-05 9.99281E-05 9.99281E-05 9.99281E-05 9.99281E-05 9.99281E-05 9.99281E-05 9.99281E-05 0.261813 0.0352985 0.702089
0.0255657 9.9955E-05 0.310569 0.181655 9.9955E-05 0.0864787 9.9955E-05 0.0941464 9.9955E-05 9.9955E-05 0.301085
9.99279E-05 9.99279E-05 9.99279E-05 9.99279E-05 9.99279E-05 9.99279E-05 9.99279E-05 9.99279E-05 0.178516 0.0674665 0.753218
9.99192E-05 9.99192E-05 9.99192E-05 9.99192E-05 9.99192E-05 9.99192E-05 9.99192E-05 0.994695 9.99192E-05 9.99192E-05 0.00440574
9.99102E-05 9.99102E-05 9.99102E-05 9.99102E-05 9.99102E-05 9.99102E-05 9.99102E-05 0.999001 9.99102E-05 9.99102E-05 9.99102E-05
0.119565 0.692239 0.0329437 9.9937E-05 9.9937E-05 9.9937E-05 9.9937E-05 9.9937E-05 0.154553 9.9937E-05 9.9937E-05
9.99192E-05 9.99192E-05 0.0237536 9.99192E-05 9.99192E-05 9.99192E-05 9.99192E-05 9.99192E-05 0.975347 9.99192E-05 9.99192E-05
9.99371E-05 0.0586437 0.909545 9.99371E-05 0.0148016 9.99371E-05 0.0163103 9.99371E-05 9.99371E-05 9.99371E-05 9.99371E-05
9.99191E-05 0.0931255 0.905975 9.99191E-05 9.99191E-05 9.99191E-05 9.99191E-05 9.99191E-05 9.99191E-05 9.99191E-05 9.99191E-05
9.9937E-05 9.9937E-05 9.9937E-05 9.9937E-05 0.0362659 9.9937E-05 9.9937E-05 0.00436293 0.153536 0.805135 9.9937E-05
9.99278E-05 9.99278E-05 9.99278E-05 9.99278E-05 0.90934 9.99278E-05 9.99278E-05 0.0745574 9.99278E-05 0.0153037 9.99278E-05
9.99639E-05 0.0196064 9.99639E-05 0.0218232 9.99639E-05 0.0247726 0.698431 0.073719 9.99639E-05 0.0956951 0.0655526
0.0550235 9.9928E-05 9.9928E-05 9.9928E-05 9.9928E-05 9.9928E-05 0.917462 9.9928E-05 0.0267151 9.9928E-05 9.9928E-05
0.0198052 0.0901188 9.99459E-05 9.99459E-05 0.154733 9.99459E-05 9.99459E-05 0.434288 9.99459E-05 0.300455 9.99459E-05
9.9919E-05 9.9919E-05 9.9919E-05 9.9919E-05 9.9919E-05 0.0188548 0.980246 9.9919E-05 9.9919E-05 9.9919E-05 9.9919E-05
0.0171801 0.508186 9.9964E-05 9.9964E-05 0.0184902 9.9964E-05 0.00434757 0.100139 0.028763 0.322494 9.9964E-05
0.194987 9.9937E-05 9.9937E-05 9.9937E-05 0.352436 9.9937E-05 0.313696 0.13818 9.9937E-05 9.9937E-05 9.9937E-05
0.0769336 9.99279E-05 9.99279E-05 9.99279E-05 0.00807418 9.99279E-05 0.914193 9.99279E-05 9.99279E-05 9.99279E-05 9.99279E-05
9.99103E-05 9.99103E-05 0.999001 9.99103E-05 9.99103E-05 9.99103E-05 9.99103E-05 9.99103E-05 9.99103E-05 9.99103E-05 9.99103E-05
9.99102E-05 9.99102E-05 0.999001 9.99102E-05 9.99102E-05 9.99102E-05 9.99102E-05 9.99102E-05 9.99102E-05 9.99102E-05 9.99102E-05
0.0595913 0.090665 9.99549E-05 0.00142857 0.00476388 9.99549E-05 9.99549E-05 0.0750633 0.767988 9.99549E-05 9.99549E-05
9.9937E-05 9.9937E-05 0.951898 0.0340606 9.9937E-05 9.9937E-05 9.9937E-05 9.9937E-05 0.0128024 9.9937E-05 0.000539027
9.9946E-05 9.9946E-05 0.899477 0.052209 9.9946E-05 0.010819 9.9946E-05 9.9946E-05 0.0179004 0.0189945 9.9946E-05
0.00645312 0.0469753 0.689465 0.167161 0.00285615 0.0231281 0.0156798 9.99731E-05 9.99731E-05 9.99731E-05 0.0479807
9.99371E-05 9.99371E-05 0.646627 0.175166 0.0573898 9.99371E-05 9.99371E-05 9.99371E-05 9.99371E-05 9.99371E-05 0.120118
9.99281E-05 0.0176046 9.99281E-05 0.0711565 9.99281E-05 9.99281E-05 9.99281E-05 9.99281E-05 9.99281E-05 9.99281E-05 0.91044
9.99192E-05 9.99192E-05 0.945475 9.99192E-05 9.99192E-05 9.99192E-05 9.99192E-05 9.99192E-05 9.99192E-05 0.0536262 9.99192E-05
9.99372E-05 9.99372E-05 0.059772 0.781022 9.99372E-05 0.0392507 9.99372E-05 9.99372E-05 9.99372E-05 9.99372E-05 0.119256
0.120915 0.0648148 0.0133739 9.99548E-05 0.29484 9.99548E-05 9.99548E-05 0.068216 0.43734 9.99548E-05 9.99548E-05
9.99369E-05 9.99369E-05 0.965182 9.99369E-05 0.0087323 9.99369E-05 9.99369E-05 9.99369E-05 0.00834615 0.0170402 9.99369E-05
9.9937E-05 0.964136 0.00428305 9.9937E-05 0.000946123 0.0299354 9.9937E-05 9.9937E-05 9.9937E-05 9.9937E-05 9.9937E-05
9.9946E-05 0.136083 9.9946E-05 9.9946E-05 0.0113962 9.9946E-05 0.010024 0.642789 9.9946E-05 9.9946E-05 0.199108
9.99188E-05 9.99188E-05 0.0214643 9.99188E-05 0.977636 9.99188E-05 9.99188E-05 9.99188E-05 9.99188E-05 9.99188E-05 9.99188E-05
9.99458E-05 0.208051 0.0832898 9.99458E-05 0.123851 9.99458E-05 9.99458E-05 0.288135 9.99458E-05 0.296073 9.99458E-05
9.994E-05 0.261437 0.0446106 9.994E-05 0.0748646 9.994E-05 9.994E-05 0.345414 9.994E-05 0.273074 9.994E-05
9.9946E-05 0.0279432 9.9946E-05 9.9946E-05 0.0130106 9.9946E-05 9.9946E-05 0.947175 0.00483566 0.00643559 9.9946E-05
9.9937E-05 9.9937E-05 9.9937E-05 9.9937E-05 9.9937E-05 9.9937E-05 0.016245 9.9937E-05 0.0614861 0.919879 0.00169
0.00012642 0.0293208 9.99459E-05 9.99459E-05 0.0257466 9.99459E-05 9.99459E-05 0.915751 0.0284552 9.99459E-05 9.99459E-05
0.100153 0.0734717 9.9973E-05 9.9973E-05 0.0863569 9.9973E-05 0.0862331 0.437727 0.131391 0.0702799 0.0140877
0.0225564 0.0881602 0.0631833 9.9982E-05 0.0387983 9.9982E-05 0.0478974 0.503629 0.0102094 0.193946 0.03142
0.000319725 0.178538 0.0614426 0.0373404 0.306758 0.0450422 9.9982E-05 0.276675 0.0757114 9.9982E-05 0.0179725
9.99196E-05 0.996446 9.99196E-05 9.99196E-05 9.99196E-05 9.99196E-05 0.00265437 9.99196E-05 9.99196E-05 9.99196E-05 9.99196E-05
9.9919E-05 9.9919E-05 9.9919E-05 0.995368 9.9919E-05 9.9919E-05 9.9919E-05 9.9919E-05 9.9919E-05 0.00373267 9.9919E-05
9.99101E-05 9.99101E-05 9.99101E-05 0.999001 9.99101E-05 9.99101E-05 9.99101E-05 9.99101E-05 9.99101E-05 9.99101E-05 9.99101E-05
9.99191E-05 9.99191E-05 9.99191E-05 0.984191 9.99191E-05 9.99191E-05 9.99191E-05 9.99191E-05 9.99191E-05 0.0149093 9.99191E-05
9.99101E-05 9.99101E-05 9.99101E-05 0.999001 9.99101E-05 9.99101E-05 9.99101E-05 9.99101E-05 9.99101E-05 9.99101E-05 9.99101E-05
9.99101E-05 9.99101E-05 9.99101E-05 0.999001 9.99101E-05 9.99101E-05 9.99101E-05 9.99101E-05 9.99101E-05 9.99101E-05 9.99101E-05
9.998E-05 9.998E-05 0.194185 0.381903 0.0175449 0.0629107 0.0180399 0.0249015 0.01295 0.0130721 0.274293
9.9937E-05 0.00570313 9.9937E-05 0.925558 9.9937E-05 9.9937E-05 9.9937E-05 9.9937E-05 9.9937E-05 0.0303438 0.0376959
9.99279E-05 0.782255 9.99279E-05 9.99279E-05 9.99279E-05 9.99279E-05 9.99279E-05 9.99279E-05 0.0140419 0.202903 9.99279E-05
0.0692743 0.0410214 9.99367E-05 0.0955591 9.99367E-05 9.99367E-05 9.99367E-05 9.99367E-05 9.99367E-05 9.99367E-05 0.793446
9.9928E-05 9.9928E-05 0.980017 9.9928E-05 0.00666963 0.0125144 9.9928E-05 9.9928E-05 9.9928E-05 9.9928E-05 9.9928E-05
0.0599966 0.0722701 9.9946E-05 0.0256732 9.9946E-05 9.9946E-05 9.9946E-05 9.9946E-05 0.745291 0.0961699 9.9946E-05
9.99193E-05 9.99193E-05 9.99193E-05 9.99193E-05 9.99193E-05 9.99193E-05 9.99193E-05 9.99193E-05 0.055638 0.943463 9.99193E-05
9.99103E-05 9.99103E-05 9.99103E-05 9.99103E-05 9.99103E-05 9.99103E-05 9.99103E-05 9.99103E-05 0.999001 9.99103E-05 9.99103E-05
9.99369E-05 0.00251908 9.99369E-05 9.99369E-05 9.99369E-05 9.99369E-05 9.99369E-05 0.139258 0.846162 0.0113613 9.99369E-05
0.0916996 9.99279E-05 9.99279E-05 9.99279E-05 9.99279E-05 9.99279E-05 9.99279E-05 0.0900127 0.817488 9.99279E-05 9.99279E-05
9.99192E-05 0.0968425 9.99192E-05 9.99192E-05 9.99192E-05 9.99192E-05 0.902258 9.99192E-05 9.99192E-05 9.99192E-05 9.99192E-05
9.99192E-05 9.99192E-05 0.930168 9.99192E-05 9.99192E-05 0.0689331 9.99192E-05 9.99192E-05 9.99192E-05 9.99192E-05 9.99192E-05
0.0512013 0.124817 0.230214 0.163221 0.0495199 0.012274 0.0250079 0.156511 0.087812 0.0993213 9.9991E-05
9.99372E-05 9.99372E-05 0.793503 0.00537385 9.99372E-05 0.141391 9.99372E-05 9.99372E-05 9.99372E-05 0.0590329 9.99372E-05
9.993E-05 0.0123619 0.909546 0.0266502 0.0507425 9.993E-05 9.993E-05 9.993E-05 9.993E-05 9.993E-05 9.993E-05
9.994E-05 9.994E-05 0.901966 0.0285368 9.994E-05 9.994E-05 9.994E-05 9.994E-05 0.0257234 0.0291877 0.0139863
9.99371E-05 9.99371E-05 0.934576 0.0123154 9.99371E-05 9.99371E-05 0.0131239 9.99371E-05 9.99371E-05 0.0392849 9.99371E-05
9.993E-05 0.0185916 0.908106 9.993E-05 9.993E-05 9.993E-05 9.993E-05 0.0462601 9.993E-05 9.993E-05 0.0263425
9.99189E-05 9.99189E-05 0.969426 9.99189E-05 0.0296745 9.99189E-05 9.99189E-05 9.99189E-05 9.99189E-05 9.99189E-05 9.99189E-05
9.99372E-05 9.99372E-05 0.376392 0.248077 9.99372E-05 0.0902638 9.99372E-05 9.99372E-05 9.99372E-05 9.99372E-05 0.284568
9.99463E-05 9.99463E-05 0.406142 0.122892 9.99463E-05 0.0138724 9.99463E-05 9.99463E-05 0.0833644 9.99463E-05 0.373129
9.9937E-05 9.9937E-05 0.895164 9.9937E-05 9.9937E-05 0.0451715 9.9937E-05 0.0110509 9.9937E-05 0.0479143 9.9937E-05
9.9928E-05 9.9928E-05 9.9928E-05 0.0146648 9.9928E-05 9.9928E-05 9.9928E-05 9.9928E-05 9.9928E-05 0.98147 0.00306589
9.9919E-05 9.9919E-05 9.9919E-05 0.0106346 9.9919E-05 9.9919E-05 9.9919E-05 9.9919E-05 9.9919E-05 0.988466 9.9919E-05
0.998185 0.000915825 9.99191E-05 9.99191E-05 9.99191E-05 9.99191E-05 9.99191E-05 9.99191E-05 9.99191E-05 9.99191E-05 9.99191E-05
0.999001 9.99101E-05 9.99101E-05 9.99101E-05 9.99101E-05 9.99101E-05 9.99101E-05 9.99101E-05 9.99101E-05 9.99101E-05 9.99101E-05
9.99459E-05 0.0335503 0.00532915 0.00884853 9.99459E-05 9.99459E-05 9.99459E-05 0.868754 9.99459E-05 0.0829184 9.99459E-05
9.9937E-05 0.0206166 9.9937E-05 9.9937E-05 9.9937E-05 9.9937E-05 9.9937E-05 0.816199 0.0237725 0.138712 9.9937E-05
0.989306 9.99281E-05 9.99281E-05 9.99281E-05 9.99281E-05 0.00189925 9.99281E-05 9.99281E-05 9.99281E-05 9.99281E-05 0.00799561
0.999001 9.99101E-05 9.99101E-05 9.99101E-05 9.99101E-05 9.99101E-05 9.99101E-05 9.99101E-05 9.99101E-05 9.99101E-05 9.99101E-05
9.99279E-05 0.941927 9.99279E-05 9.99279E-05 9.99279E-05 9.99279E-05 9.99279E-05 9.99279E-05 0.0283761 0.0288976 9.99279E-05
9.9946E-05 9.9946E-05 9.9946E-05 9.9946E-05 9.9946E-05 9.9946E-05 0.0642678 0.159834 0.147526 0.53245 0.0953223
9.99278E-05 0.0351314 9.99278E-05 0.103405 9.99278E-05 9.99278E-05 9.99278E-05 9.99278E-05 9.99278E-05 9.99278E-05 0.860664
0.0124608 9.99462E-05 9.99462E-05 9.99462E-05 0.625209 9.99462E-05 0.0579939 0.174006 0.12973 9.99462E-05 9.99462E-05
0.0606917 0.0873127 9.99372E-05 9.99372E-05 0.648124 9.99372E-05 9.99372E-05 9.99372E-05 0.203172 9.99372E-05 9.99372E-05
0.00718004 9.99462E-05 0.599195 0.164522 9.99462E-05 9.99462E-05 0.0381302 9.99462E-05 9.99462E-05 9.99462E-05 0.190373
