9.98468E-05 9.98468E-05 9.98468E-05 9.98468E-05 9.98468E-05 0.0242152 9.98468E-05 9.98468E-05 9.98468E-05 9.98468E-05 0.908744 9.98468E-05 9.98468E-05 9.98468E-05 9.98468E-05 9.98468E-05 0.0653434 9.98468E-05 9.98468E-05 9.98468E-05
0.128441 9.98649E-05 9.98649E-05 9.98649E-05 9.98649E-05 0.0131461 9.98649E-05 9.98649E-05 0.162117 9.98649E-05 9.98649E-05 9.98649E-05 0.680293 9.98649E-05 9.98649E-05 9.98649E-05 9.98649E-05 9.98649E-05 9.98649E-05 0.0145048
0.714645 0.00474613 9.9884E-05 0.0406803 0.0606954 9.9884E-05 9.9884E-05 9.9884E-05 9.9884E-05 9.9884E-05 9.9884E-05 0.0318504 9.9884E-05 0.040511 9.9884E-05 9.9884E-05 9.9884E-05 0.105573 9.9884E-05 9.9884E-05
0.876988 9.98651E-05 9.98651E-05 9.98651E-05 9.98651E-05 9.98651E-05 9.98651E-05 9.98651E-05 9.98651E-05 0.0120022 9.98651E-05 9.98651E-05 9.98651E-05 9.98651E-05 9.98651E-05 0.0280497 0.00170106 9.98651E-05 0.0797611 9.98651E-05
9.9829E-05 9.9829E-05 9.9829E-05 9.9829E-05 9.9829E-05 9.9829E-05 9.9829E-05 9.9829E-05 9.9829E-05 9.9829E-05 9.9829E-05 9.9829E-05 9.9829E-05 9.9829E-05 9.9829E-05 9.9829E-05 9.9829E-05 9.9829E-05 9.9829E-05 0.998103
0.960204 0.000459809 0.0143483 9.9865E-05 9.9865E-05 9.9865E-05 9.9865E-05 9.9865E-05 0.0153828 9.9865E-05 9.9865E-05 9.9865E-05 9.9865E-05 9.9865E-05 9.9865E-05 9.9865E-05 9.9865E-05 0.00810746 9.9865E-05 9.9865E-05
9.98293E-05 9.98293E-05 9.98293E-05 9.98293E-05 9.98293E-05 9.98293E-05 9.98293E-05 9.98293E-05 9.98293E-05 9.98293E-05 9.98293E-05 9.98293E-05 9.98293E-05 0.998103 9.98293E-05 9.98293E-05 9.98293E-05 9.98293E-05 9.98293E-05 9.98293E-05
9.98829E-05 9.98829E-05 9.98829E-05 9.98829E-05 9.98829E-05 9.98829E-05 9.98829E-05 9.98829E-05 9.98829E-05 0.0663207 9.98829E-05 9.98829E-05 0.032404 9.98829E-05 9.98829E-05 0.0264973 0.082153 0.572204 0.0605612 0.158562
9.98561E-05 9.98561E-05 9.98561E-05 9.98561E-05 9.98561E-05 0.00248953 9.98561E-05 9.98561E-05 9.98561E-05 0.013609 9.98561E-05 9.98561E-05 0.0318687 0.950435 9.98561E-05 9.98561E-05 9.98561E-05 9.98561E-05 9.98561E-05 9.98561E-05
9.98471E-05 9.98471E-05 9.98471E-05 9.98471E-05 9.98471E-05 9.98471E-05 9.98471E-05 9.98471E-05 9.98471E-05 9.98471E-05 9.98471E-05 9.98471E-05 9.98471E-05 0.108522 9.98471E-05 9.98471E-05 0.84461 9.98471E-05 9.98471E-05 0.0451704
9.98471E-05 9.98471E-05 9.98471E-05 9.98471E-05 9.98471E-05 9.98471E-05 9.98471E-05 9.98471E-05 9.98471E-05 9.98471E-05 9.98471E-05 9.98471E-05 9.98471E-05 0.112215 9.98471E-05 9.98471E-05 0.832305 9.98471E-05 9.98471E-05 0.0537824
0.0116885 9.9883E-05 9.9883E-05 0.00446536 0.151547 9.9883E-05 9.9883E-05 0.102552 9.9883E-05 9.9883E-05 0.609263 9.9883E-05 9.9883E-05 9.9883E-05 9.9883E-05 0.108461 9.9883E-05 9.9883E-05 0.0107233 9.9883E-05
9.98564E-05 9.98564E-05 0.0130779 9.98564E-05 0.938536 9.98564E-05 9.98564E-05 9.98564E-05 9.98564E-05 9.98564E-05 9.98564E-05 9.98564E-05 9.98564E-05 0.00473924 9.98564E-05 9.98564E-05 9.98564E-05 9.98564E-05 0.0420495 9.98564E-05
0.926919 9.9865E-05 9.9865E-05 0.0144256 9.9865E-05 9.9865E-05 9.9865E-05 0.0342002 0.00137186 9.9865E-05 9.9865E-05 9.9865E-05 0.0215857 9.9865E-05 9.9865E-05 9.9865E-05 9.9865E-05 9.9865E-05 9.9865E-05 9.9865E-05
0.960694 9.98739E-05 9.98739E-05 0.0107569 9.98739E-05 9.98739E-05 9.98739E-05 9.98739E-05 0.00279547 9.98739E-05 0.00939566 0.0053696 9.98739E-05 9.98739E-05 9.98739E-05 9.98739E-05 9.98739E-05 9.98739E-05 9.98739E-05 0.00958981
9.9856E-05 9.9856E-05 0.0518632 9.9856E-05 0.12514 9.9856E-05 0.762137 0.0592625 9.9856E-05 9.9856E-05 9.9856E-05 9.9856E-05 9.9856E-05 9.9856E-05 9.9856E-05 9.9856E-05 9.9856E-05 9.9856E-05 9.9856E-05 9.9856E-05
9.9847E-05 9.9847E-05 9.9847E-05 9.9847E-05 9.9847E-05 0.895841 9.9847E-05 9.9847E-05 9.9847E-05 9.9847E-05 9.9847E-05 9.9847E-05 9.9847E-05 9.9847E-05 0.012284 9.9847E-05 0.090178 9.9847E-05 9.9847E-05 9.9847E-05
9.98558E-05 9.98558E-05 9.98558E-05 0.838894 9.98558E-05 9.98558E-05 9.98558E-05 9.98558E-05 0.0676128 0.0527659 9.98558E-05 9.98558E-05 9.98558E-05 9.98558E-05 9.98558E-05 9.98558E-05 0.0391295 9.98558E-05 9.98558E-05 9.98558E-05
9.98383E-05 9.98383E-05 9.98383E-05 9.98383E-05 9.98383E-05 9.98383E-05 9.98383E-05 9.98383E-05 9.98383E-05 9.98383E-05 9.98383E-05 9.98383E-05 9.98383E-05 9.98383E-05 0.991778 9.98383E-05 9.98383E-05 9.98383E-05 0.00642462 9.98383E-05
9.98739E-05 9.98739E-05 0.0180855 9.98739E-05 9.98739E-05 9.98739E-05 0.280354 0.155747 9.98739E-05 9.98739E-05 0.0474755 9.98739E-05 9.98739E-05 9.98739E-05 9.98739E-05 0.0167817 0.480159 9.98739E-05 9.98739E-05 9.98739E-05
9.98381E-05 9.98381E-05 9.98381E-05 0.966189 9.98381E-05 9.98381E-05 9.98381E-05 9.98381E-05 9.98381E-05 9.98381E-05 9.98381E-05 9.98381E-05 9.98381E-05 9.98381E-05 0.0320143 9.98381E-05 9.98381E-05 9.98381E-05 9.98381E-05 9.98381E-05
9.99099E-05 9.99099E-05 0.0123147 9.99099E-05 0.0599246 0.00196928 0.206167 0.00203373 0.275941 9.99099E-05 0.416399 9.99099E-05 9.99099E-05 9.99099E-05 0.00153205 0.0090368 0.0136821 9.99099E-05 9.99099E-05 9.99099E-05
9.98291E-05 9.98291E-05 9.98291E-05 9.98291E-05 9.98291E-05 9.98291E-05 9.98291E-05 9.98291E-05 9.98291E-05 9.98291E-05 9.98291E-05 0.998103 9.98291E-05 9.98291E-05 9.98291E-05 9.98291E-05 9.98291E-05 9.98291E-05 9.98291E-05 9.98291E-05
9.98561E-05 9.98561E-05 0.0193729 0.0178324 9.98561E-05 9.98561E-05 9.98561E-05 9.98561E-05 9.98561E-05 9.98561E-05 9.98561E-05 0.0884864 9.98561E-05 9.98561E-05 0.872711 9.98561E-05 9.98561E-05 9.98561E-05 9.98561E-05 9.98561E-05
0.355337 9.98383E-05 9.98383E-05 9.98383E-05 9.98383E-05 9.98383E-05 9.98383E-05 9.98383E-05 9.98383E-05 9.98383E-05 9.98383E-05 9.98383E-05 9.98383E-05 9.98383E-05 9.98383E-05 9.98383E-05 9.98383E-05 9.98383E-05 0.642866 9.98383E-05
0.786036 9.98473E-05 9.98473E-05 9.98473E-05 9.98473E-05 9.98473E-05 9.98473E-05 9.98473E-05 9.98473E-05 0.00240319 9.98473E-05 9.98473E-05 9.98473E-05 9.98473E-05 9.98473E-05 9.98473E-05 9.98473E-05 9.98473E-05 0.209864 9.98473E-05
9.98647E-05 9.98647E-05 9.98647E-05 9.98647E-05 0.769875 0.0455751 9.98647E-05 9.98647E-05 9.98647E-05 9.98647E-05 0.0473208 9.98647E-05 9.98647E-05 9.98647E-05 9.98647E-05 0.037773 0.0979586 9.98647E-05 9.98647E-05 9.98647E-05
9.98291E-05 9.98291E-05 9.98291E-05 9.98291E-05 9.98291E-05 9.98291E-05 9.98291E-05 9.98291E-05 9.98291E-05 9.98291E-05 9.98291E-05 9.98291E-05 9.98291E-05 9.98291E-05 9.98291E-05 9.98291E-05 9.98291E-05 9.98291E-05 0.998103 9.98291E-05
9.98292E-05 9.98292E-05 9.98292E-05 9.98292E-05 9.98292E-05 9.98292E-05 9.98292E-05 9.98292E-05 9.98292E-05 9.98292E-05 9.98292E-05 9.98292E-05 9.98292E-05 9.98292E-05 9.98292E-05 9.98292E-05 9.98292E-05 9.98292E-05 0.998103 9.98292E-05
0.284157 0.0460446 9.98924E-05 9.98924E-05 9.98924E-05 9.98924E-05 9.98924E-05 9.98924E-05 9.98924E-05 0.111518 9.98924E-05 9.98924E-05 0.0074326 0.0299622 9.98924E-05 0.0130549 9.98924E-05 0.12259 0.384043 9.98924E-05
0.0831421 9.9892E-05 9.9892E-05 9.9892E-05 9.9892E-05 0.0309249 9.9892E-05 9.9892E-05 9.9892E-05 0.0760342 9.9892E-05 9.9892E-05 0.0275038 9.9892E-05 9.9892E-05 0.0118419 9.9892E-05 0.333406 0.388002 0.0479465
9.98295E-05 9.98295E-05 9.98295E-05 9.98295E-05 9.98295E-05 9.98295E-05 9.98295E-05 9.98295E-05 9.98295E-05 9.98295E-05 9.98295E-05 9.98295E-05 0.998103 9.98295E-05 9.98295E-05 9.98295E-05 9.98295E-05 9.98295E-05 9.98295E-05 9.98295E-05
0.529296 9.98563E-05 9.98563E-05 9.98563E-05 9.98563E-05 9.98563E-05 9.98563E-05 9.98563E-05 0.003762 9.98563E-05 9.98563E-05 9.98563E-05 9.98563E-05 9.98563E-05 9.98563E-05 9.98563E-05 9.98563E-05 0.163363 0.301981 9.98563E-05
9.98657E-05 9.98657E-05 0.00616302 9.98657E-05 9.98657E-05 9.98657E-05 9.98657E-05 9.98657E-05 9.98657E-05 0.632999 9.98657E-05 9.98657E-05 9.98657E-05 9.98657E-05 9.98657E-05 0.0186218 9.98657E-05 0.314508 0.0262099 9.98657E-05
9.98737E-05 9.98737E-05 0.050627 9.98737E-05 0.472314 0.223715 9.98737E-05 9.98737E-05 0.110845 9.98737E-05 9.98737E-05 9.98737E-05 9.98737E-05 9.98737E-05 9.98737E-05 0.0922618 9.98737E-05 0.048838 9.98737E-05 9.98737E-05
0.254765 9.98828E-05 0.0229826 9.98828E-05 9.98828E-05 9.98828E-05 9.98828E-05 0.00415263 0.0202805 9.98828E-05 9.98828E-05 9.98828E-05 9.98828E-05 9.98828E-05 9.98828E-05 9.98828E-05 9.98828E-05 0.0262056 0.663876 0.00643866
9.98472E-05 9.98472E-05 9.98472E-05 9.98472E-05 9.98472E-05 0.0164822 9.98472E-05 9.98472E-05 9.98472E-05 9.98472E-05 0.927742 9.98472E-05 9.98472E-05 9.98472E-05 9.98472E-05 9.98472E-05 9.98472E-05 0.054078 9.98472E-05 9.98472E-05
9.99009E-05 0.0105582 9.99009E-05 9.99009E-05 0.00172836 0.0508209 9.99009E-05 9.99009E-05 0.00735511 9.99009E-05 0.10483 0.0142191 0.168659 9.99009E-05 9.99009E-05 9.99009E-05 0.586615 0.0541157 9.99009E-05 9.99009E-05
0.00217555 9.98472E-05 9.98472E-05 9.98472E-05 9.98472E-05 0.99254 9.98472E-05 9.98472E-05 9.98472E-05 9.98472E-05 9.98472E-05 9.98472E-05 9.98472E-05 9.98472E-05 9.98472E-05 9.98472E-05 9.98472E-05 0.0035872 9.98472E-05 9.98472E-05
0.00171465 9.98382E-05 9.98382E-05 9.98382E-05 9.98382E-05 9.98382E-05 9.98382E-05 9.98382E-05 0.996488 9.98382E-05 9.98382E-05 9.98382E-05 9.98382E-05 9.98382E-05 9.98382E-05 9.98382E-05 9.98382E-05 9.98382E-05 9.98382E-05 9.98382E-05
9.98381E-05 9.98381E-05 9.98381E-05 9.98381E-05 9.98381E-05 9.98381E-05 9.98381E-05 9.98381E-05 0.998084 9.98381E-05 9.98381E-05 9.98381E-05 9.98381E-05 9.98381E-05 9.98381E-05 9.98381E-05 0.000119097 9.98381E-05 9.98381E-05 9.98381E-05
9.9865E-05 9.9865E-05 9.9865E-05 9.9865E-05 9.9865E-05 0.00791395 9.9865E-05 9.9865E-05 0.0381611 9.9865E-05 0.00116967 9.9865E-05 9.9865E-05 9.9865E-05 0.023519 9.9865E-05 0.927738 9.9865E-05 9.9865E-05 9.9865E-05
9.9883E-05 9.9883E-05 9.9883E-05 0.00551831 0.0541022 9.9883E-05 0.775012 0.0132796 0.0126858 9.9883E-05 9.9883E-05 9.9883E-05 9.9883E-05 0.0979489 9.9883E-05 9.9883E-05 0.0401551 9.9883E-05 9.9883E-05 9.9883E-05
9.9856E-05 9.9856E-05 0.0681987 9.9856E-05 9.9856E-05 0.00468297 9.9856E-05 0.00845679 9.9856E-05 9.9856E-05 9.9856E-05 9.9856E-05 9.9856E-05 9.9856E-05 9.9856E-05 9.9856E-05 0.917064 9.9856E-05 9.9856E-05 9.9856E-05
9.99009E-05 9.99009E-05 0.285931 9.99009E-05 0.0692607 9.99009E-05 0.0275096 9.99009E-05 0.143192 9.99009E-05 9.99009E-05 0.111062 0.0462313 0.0331873 0.034827 9.99009E-05 0.2477 9.99009E-05 9.99009E-05 9.99009E-05
0.00742206 0.084878 0.165038 9.99008E-05 9.99008E-05 9.99008E-05 0.123556 9.99008E-05 0.104741 9.99008E-05 0.0940358 9.99008E-05 0.00734354 9.99008E-05 9.99008E-05 9.99008E-05 0.338594 9.99008E-05 9.99008E-05 0.0732931
0.0652973 0.0151392 0.283033 9.99099E-05 0.0437792 0.171975 9.99099E-05 9.99099E-05 9.99099E-05 0.0266306 0.194786 9.99099E-05 9.99099E-05 0.0415094 9.99099E-05 9.99099E-05 0.148482 9.99099E-05 0.00836947 9.99099E-05
9.98391E-05 9.98391E-05 9.98391E-05 9.98391E-05 9.98391E-05 9.98391E-05 9.98391E-05 9.98391E-05 9.98391E-05 9.98391E-05 0.980868 0.0173347 9.98391E-05 9.98391E-05 9.98391E-05 9.98391E-05 9.98391E-05 9.98391E-05 9.98391E-05 9.98391E-05
9.98292E-05 9.98292E-05 9.98292E-05 9.98292E-05 9.98292E-05 9.98292E-05 9.98292E-05 9.98292E-05 9.98292E-05 0.998103 9.98292E-05 9.98292E-05 9.98292E-05 9.98292E-05 9.98292E-05 9.98292E-05 9.98292E-05 9.98292E-05 9.98292E-05 9.98292E-05
9.98741E-05 9.98741E-05 9.98741E-05 0.010197 9.98741E-05 0.00167029 9.98741E-05 9.98741E-05 9.98741E-05 0.955822 9.98741E-05 9.98741E-05 9.98741E-05 9.98741E-05 9.98741E-05 9.98741E-05 0.00100149 9.98741E-05 0.000131188 0.0297802
9.98383E-05 9.98383E-05 9.98383E-05 9.98383E-05 9.98383E-05 9.98383E-05 9.98383E-05 9.98383E-05 9.98383E-05 0.986873 9.98383E-05 9.98383E-05 9.98383E-05 9.98383E-05 9.98383E-05 9.98383E-05 0.0113302 9.98383E-05 9.98383E-05 9.98383E-05
9.98294E-05 9.98294E-05 9.98294E-05 9.98294E-05 9.98294E-05 9.98294E-05 9.98294E-05 9.98294E-05 9.98294E-05 0.998103 9.98294E-05 9.98294E-05 9.98294E-05 9.98294E-05 9.98294E-05 9.98294E-05 9.98294E-05 9.98294E-05 9.98294E-05 9.98294E-05
9.98383E-05 9.98383E-05 9.98383E-05 9.98383E-05 9.98383E-05 9.98383E-05 9.98383E-05 9.98383E-05 9.98383E-05 0.992298 9.98383E-05 9.98383E-05 9.98383E-05 9.98383E-05 9.98383E-05 9.98383E-05 9.98383E-05 9.98383E-05 0.00590445 9.98383E-05
9.98833E-05 9.98833E-05 9.98833E-05 9.98833E-05 9.98833E-05 9.98833E-05 0.0526637 9.98833E-05 9.98833E-05 0.378613 9.98833E-05 0.0947778 9.98833E-05 0.0717194 9.98833E-05 9.98833E-05 9.98833E-05 0.193214 0.158114 0.0495986
9.98652E-05 9.98652E-05 9.98652E-05 9.98652E-05 9.98652E-05 9.98652E-05 0.00244149 0.00136532 9.98652E-05 0.907146 0.00341723 9.98652E-05 0.0841318 9.98652E-05 9.98652E-05 9.98652E-05 9.98652E-05 9.98652E-05 9.98652E-05 9.98652E-05
9.98303E-05 9.98303E-05 9.98303E-05 9.98303E-05 9.98303E-05 9.98303E-05 0.125582 0.0971935 9.98303E-05 9.98303E-05 0.775527 9.98303E-05 9.98303E-05 9.98303E-05 9.98303E-05 9.98303E-05 9.98303E-05 9.98303E-05 9.98303E-05 9.98303E-05
9.98739E-05 9.98739E-05 0.00190511 9.98739E-05 9.98739E-05 9.98739E-05 0.00224525 0.00201972 9.98739E-05 0.0393912 9.98739E-05 9.98739E-05 0.896918 0.056122 9.98739E-05 9.98739E-05 9.98739E-05 9.98739E-05 9.98739E-05 9.98739E-05
0.479504 9.98648E-05 9.98648E-05 9.98648E-05 9.98648E-05 9.98648E-05 9.98648E-05 0.00941102 0.0269829 9.98648E-05 9.98648E-05 9.98648E-05 9.98648E-05 9.98648E-05 9.98648E-05 9.98648E-05 9.98648E-05 9.98648E-05 0.473968 0.00863688
9.98652E-05 9.98652E-05 9.98652E-05 9.98652E-05 0.812905 9.98652E-05 0.0142282 0.00320839 0.135339 9.98652E-05 9.98652E-05 9.98652E-05 9.98652E-05 9.98652E-05 9.98652E-05 0.0328216 9.98652E-05 9.98652E-05 9.98652E-05 9.98652E-05
9.98475E-05 9.98475E-05 0.0347522 9.98475E-05 9.98475E-05 9.98475E-05 0.892019 0.0715319 9.98475E-05 9.98475E-05 9.98475E-05 9.98475E-05 9.98475E-05 9.98475E-05 9.98475E-05 9.98475E-05 9.98475E-05 9.98475E-05 9.98475E-05 9.98475E-05
9.98387E-05 9.98387E-05 9.98387E-05 9.98387E-05 0.989571 9.98387E-05 9.98387E-05 9.98387E-05 9.98387E-05 9.98387E-05 9.98387E-05 9.98387E-05 9.98387E-05 9.98387E-05 9.98387E-05 9.98387E-05 9.98387E-05 0.00863239 9.98387E-05 9.98387E-05
0.00169811 9.98739E-05 9.98739E-05 0.00448157 0.901621 9.98739E-05 9.98739E-05 9.98739E-05 0.0099978 9.98739E-05 0.00318037 9.98739E-05 9.98739E-05 9.98739E-05 9.98739E-05 9.98739E-05 0.0776228 9.98739E-05 9.98739E-05 9.98739E-05
9.98738E-05 9.98738E-05 0.0564309 9.98738E-05 0.761293 9.98738E-05 9.98738E-05 9.98738E-05 0.038252 9.98738E-05 9.98738E-05 9.98738E-05 9.98738E-05 9.98738E-05 0.00457057 0.0639735 0.0740816 9.98738E-05 9.98738E-05 9.98738E-05
9.98293E-05 0.998103 9.98293E-05 9.98293E-05 9.98293E-05 9.98293E-05 9.98293E-05 9.98293E-05 9.98293E-05 9.98293E-05 9.98293E-05 9.98293E-05 9.98293E-05 9.98293E-05 9.98293E-05 9.98293E-05 9.98293E-05 9.98293E-05 9.98293E-05 9.98293E-05
0.359679 9.98386E-05 9.98386E-05 9.98386E-05 9.98386E-05 9.98386E-05 9.98386E-05 9.98386E-05 9.98386E-05 9.98386E-05 9.98386E-05 9.98386E-05 9.98386E-05 9.98386E-05 9.98386E-05 9.98386E-05 9.98386E-05 9.98386E-05 0.638524 9.98386E-05
0.00123446 9.99461E-05 0.058137 0.00991429 0.0514533 0.00455892 0.136262 9.99461E-05 9.99461E-05 0.104181 0.0190677 0.0657027 0.0990433 9.99461E-05 9.99461E-05 0.034727 0.145313 9.99461E-05 0.0908614 0.178944
0.907401 9.98475E-05 9.98475E-05 9.98475E-05 9.98475E-05 9.98475E-05 0.0262571 9.98475E-05 9.98475E-05 9.98475E-05 9.98475E-05 9.98475E-05 9.98475E-05 9.98475E-05 9.98475E-05 9.98475E-05 9.98475E-05 0.0646443 9.98475E-05 9.98475E-05
0.627906 9.98559E-05 9.98559E-05 9.98559E-05 9.98559E-05 0.0309941 9.98559E-05 9.98559E-05 9.98559E-05 9.98559E-05 9.98559E-05 9.98559E-05 9.98559E-05 9.98559E-05 9.98559E-05 9.98559E-05 9.98559E-05 9.98559E-05 0.219289 0.120213
9.98292E-05 9.98292E-05 9.98292E-05 9.98292E-05 9.98292E-05 9.98292E-05 9.98292E-05 9.98292E-05 9.98292E-05 9.98292E-05 9.98292E-05 9.98292E-05 9.98292E-05 9.98292E-05 9.98292E-05 9.98292E-05 9.98292E-05 9.98292E-05 0.998103 9.98292E-05
9.98652E-05 9.98652E-05 9.98652E-05 9.98652E-05 9.98652E-05 9.98652E-05 0.00538551 9.98652E-05 9.98652E-05 9.98652E-05 0.0200814 0.000213007 9.98652E-05 9.98652E-05 0.00263796 9.98652E-05 9.98652E-05 9.98652E-05 0.970184 9.98652E-05
0.573738 9.98742E-05 9.98742E-05 9.98742E-05 9.98742E-05 9.98742E-05 9.98742E-05 9.98742E-05 0.017173 9.98742E-05 9.98742E-05 9.98742E-05 9.98742E-05 9.98742E-05 9.98742E-05 9.98742E-05 0.0286819 0.0805375 0.249976 0.0484952
0.401185 9.98738E-05 9.98738E-05 9.98738E-05 9.98738E-05 0.00664891 9.98738E-05 0.0295035 0.00883157 9.98738E-05 9.98738E-05 9.98738E-05 9.98738E-05 9.98738E-05 9.98738E-05 9.98738E-05 9.98738E-05 9.98738E-05 0.51563 0.0368027
9.98468E-05 9.98468E-05 9.98468E-05 9.98468E-05 9.98468E-05 9.98468E-05 9.98468E-05 9.98468E-05 9.98468E-05 0.00577765 9.98468E-05 9.98468E-05 9.98468E-05 9.98468E-05 9.98468E-05 9.98468E-05 9.98468E-05 0.970377 9.98468E-05 0.0221475
9.9847E-05 9.9847E-05 9.9847E-05 9.9847E-05 0.0175383 9.9847E-05 9.9847E-05 9.9847E-05 9.9847E-05 9.9847E-05 9.9847E-05 9.9847E-05 9.9847E-05 0.0270767 9.9847E-05 9.9847E-05 9.9847E-05 0.953688 9.9847E-05 9.9847E-05
0.865671 9.98651E-05 9.98651E-05 9.98651E-05 9.98651E-05 9.98651E-05 0.0179189 9.98651E-05 9.98651E-05 0.0337598 9.98651E-05 0.0153577 9.98651E-05 9.98651E-05 9.98651E-05 9.98651E-05 9.98651E-05 9.98651E-05 0.0657951 9.98651E-05
0.00581411 9.98561E-05 9.98561E-05 9.98561E-05 9.98561E-05 9.98561E-05 0.982507 9.98561E-05 9.98561E-05 0.000396926 9.98561E-05 0.0096842 9.98561E-05 9.98561E-05 9.98561E-05 9.98561E-05 9.98561E-05 9.98561E-05 9.98561E-05 9.98561E-05
9.98381E-05 9.98381E-05 9.98381E-05 9.98381E-05 9.98381E-05 9.98381E-05 0.973462 9.98381E-05 9.98381E-05 0.0247409 9.98381E-05 9.98381E-05 9.98381E-05 9.98381E-05 9.98381E-05 9.98381E-05 9.98381E-05 9.98381E-05 9.98381E-05 9.98381E-05
9.98563E-05 9.98563E-05 9.98563E-05 9.98563E-05 9.98563E-05 9.98563E-05 9.98563E-05 0.0112668 0.00824761 9.98563E-05 0.000117046 9.98563E-05 9.98563E-05 9.98563E-05 9.98563E-05 0.978771 9.98563E-05 9.98563E-05 9.98563E-05 9.98563E-05
9.98474E-05 9.98474E-05 9.98474E-05 0.000330103 0.000892925 9.98474E-05 9.98474E-05 9.98474E-05 9.98474E-05 9.98474E-05 9.98474E-05 9.98474E-05 9.98474E-05 9.98474E-05 9.98474E-05 0.99708 9.98474E-05 9.98474E-05 9.98474E-05 9.98474E-05
9.9856E-05 9.9856E-05 9.9856E-05 9.9856E-05 9.9856E-05 9.9856E-05 0.0566402 9.9856E-05 0.0784154 9.9856E-05 9.9856E-05 9.9856E-05 0.047642 9.9856E-05 9.9856E-05 9.9856E-05 0.815705 9.9856E-05 9.9856E-05 9.9856E-05
9.9883E-05 9.9883E-05 9.9883E-05 0.0118426 0.054399 9.9883E-05 0.0136427 9.9883E-05 0.0990086 9.9883E-05 9.9883E-05 9.9883E-05 0.00891303 9.9883E-05 9.9883E-05 9.9883E-05 0.791379 9.9883E-05 0.0195161 9.9883E-05
9.98564E-05 9.98564E-05 9.98564E-05 9.98564E-05 9.98564E-05 9.98564E-05 0.0293881 9.98564E-05 9.98564E-05 9.98564E-05 9.98564E-05 0.0109684 0.00686312 9.98564E-05 9.98564E-05 0.951183 9.98564E-05 9.98564E-05 9.98564E-05 9.98564E-05
9.98293E-05 9.98293E-05 9.98293E-05 9.98293E-05 9.98293E-05 9.98293E-05 9.98293E-05 9.98293E-05 9.98293E-05 9.98293E-05 9.98293E-05 9.98293E-05 9.98293E-05 9.98293E-05 9.98293E-05 0.998103 9.98293E-05 9.98293E-05 9.98293E-05 9.98293E-05
9.98739E-05 9.98739E-05 9.98739E-05 9.98739E-05 0.0215354 9.98739E-05 0.0242529 0.00218049 9.98739E-05 0.0237355 0.917448 9.98739E-05 9.98739E-05 0.00944913 9.98739E-05 9.98739E-05 9.98739E-05 9.98739E-05 9.98739E-05 9.98739E-05
9.98649E-05 9.98649E-05 9.98649E-05 9.98649E-05 0.110944 9.98649E-05 0.0113128 9.98649E-05 0.709638 9.98649E-05 9.98649E-05 9.98649E-05 9.98649E-05 0.138347 0.0282596 9.98649E-05 9.98649E-05 9.98649E-05 9.98649E-05 9.98649E-05
9.98649E-05 9.98649E-05 0.0115363 9.98649E-05 9.98649E-05 9.98649E-05 9.98649E-05 9.98649E-05 9.98649E-05 0.0664416 9.98649E-05 9.98649E-05 0.818827 0.0664243 9.98649E-05 9.98649E-05 9.98649E-05 9.98649E-05 9.98649E-05 0.035273
9.98288E-05 9.98288E-05 0.998103 9.98288E-05 9.98288E-05 9.98288E-05 9.98288E-05 9.98288E-05 9.98288E-05 9.98288E-05 9.98288E-05 9.98288E-05 9.98288E-05 9.98288E-05 9.98288E-05 9.98288E-05 9.98288E-05 9.98288E-05 9.98288E-05 9.98288E-05
9.98292E-05 9.98292E-05 9.98292E-05 9.98292E-05 9.98292E-05 9.98292E-05 9.98292E-05 0.998103 9.98292E-05 9.98292E-05 9.98292E-05 9.98292E-05 9.98292E-05 9.98292E-05 9.98292E-05 9.98292E-05 9.98292E-05 9.98292E-05 9.98292E-05 9.98292E-05
9.98833E-05 9.98833E-05 9.98833E-05 0.0312421 9.98833E-05 9.98833E-05 9.98833E-05 9.98833E-05 9.98833E-05 0.0911048 9.98833E-05 0.0308718 9.98833E-05 0.0172922 9.98833E-05 0.0248466 9.98833E-05 0.320641 0.482703 9.98833E-05
