9.98558E-05 0.0605273 9.98558E-05 9.98558E-05 9.98558E-05 9.98558E-05 9.98558E-05 9.98558E-05 9.98558E-05 9.98558E-05 9.98558E-05 0.0236868 0.00893154 9.98558E-05 9.98558E-05 0.905257 9.98558E-05 9.98558E-05 9.98558E-05 9.98558E-05
9.98559E-05 9.98559E-05 9.98559E-05 0.649391 9.98559E-05 9.98559E-05 9.98559E-05 0.170753 9.98559E-05 9.98559E-05 9.98559E-05 0.0579519 9.98559E-05 9.98559E-05 9.98559E-05 9.98559E-05 0.120307 9.98559E-05 9.98559E-05 9.98559E-05
9.98292E-05 9.98292E-05 9.98292E-05 9.98292E-05 9.98292E-05 9.98292E-05 9.98292E-05 9.98292E-05 9.98292E-05 9.98292E-05 9.98292E-05 9.98292E-05 9.98292E-05 9.98292E-05 0.998103 9.98292E-05 9.98292E-05 9.98292E-05 9.98292E-05 9.98292E-05
9.98652E-05 9.98652E-05 9.98652E-05 9.98652E-05 9.98652E-05 9.98652E-05 9.98652E-05 9.98652E-05 0.0353843 9.98652E-05 9.98652E-05 9.98652E-05 0.00911024 9.98652E-05 0.00523253 9.98652E-05 0.927514 0.0212607 9.98652E-05 9.98652E-05
9.98922E-05 9.98922E-05 0.0586375 0.0702965 9.98922E-05 0.106893 9.98922E-05 0.0707888 0.170117 9.98922E-05 9.98922E-05 9.98922E-05 0.187023 9.98922E-05 0.0844454 9.98922E-05 0.250601 9.98922E-05 9.98922E-05 9.98922E-05
9.98651E-05 9.98651E-05 9.98651E-05 9.98651E-05 9.98651E-05 9.98651E-05 0.0419459 0.023318 0.0657421 9.98651E-05 9.98651E-05 9.98651E-05 9.98651E-05 0.000676973 9.98651E-05 9.98651E-05 0.866819 9.98651E-05 9.98651E-05 9.98651E-05
9.98293E-05 9.98293E-05 9.98293E-05 9.98293E-05 9.98293E-05 0.998103 9.98293E-05 9.98293E-05 9.98293E-05 9.98293E-05 9.98293E-05 9.98293E-05 9.98293E-05 9.98293E-05 9.98293E-05 9.98293E-05 9.98293E-05 9.98293E-05 9.98293E-05 9.98293E-05
9.99009E-05 0.0171466 0.0827427 0.0741994 9.99009E-05 9.99009E-05 9.99009E-05 9.99009E-05 0.21169 9.99009E-05 9.99009E-05 9.99009E-05 0.0796127 9.99009E-05 0.0367125 9.99009E-05 0.0493788 0.0340631 0.413355 9.99009E-05
9.98561E-05 9.98561E-05 0.0136397 0.0238967 9.98561E-05 0.94864 9.98561E-05 9.98561E-05 9.98561E-05 9.98561E-05 9.98561E-05 0.0122262 9.98561E-05 9.98561E-05 9.98561E-05 9.98561E-05 9.98561E-05 9.98561E-05 9.98561E-05 9.98561E-05
9.98381E-05 9.98381E-05 9.98381E-05 9.98381E-05 9.98381E-05 0.00478041 9.98381E-05 9.98381E-05 9.98381E-05 9.98381E-05 9.98381E-05 9.98381E-05 0.993423 9.98381E-05 9.98381E-05 9.98381E-05 9.98381E-05 9.98381E-05 9.98381E-05 9.98381E-05
9.98291E-05 9.98291E-05 9.98291E-05 9.98291E-05 9.98291E-05 9.98291E-05 9.98291E-05 9.98291E-05 9.98291E-05 9.98291E-05 9.98291E-05 9.98291E-05 0.998103 9.98291E-05 9.98291E-05 9.98291E-05 9.98291E-05 9.98291E-05 9.98291E-05 9.98291E-05
0.136206 9.9892E-05 9.9892E-05 9.9892E-05 0.0202283 0.0161358 0.0423372 9.9892E-05 9.9892E-05 9.9892E-05 9.9892E-05 9.9892E-05 9.9892E-05 9.9892E-05 0.0052446 0.638894 9.9892E-05 0.105497 0.0342594 9.9892E-05
0.916427 9.98564E-05 9.98564E-05 9.98564E-05 9.98564E-05 0.013932 9.98564E-05 9.98564E-05 9.98564E-05 9.98564E-05 9.98564E-05 9.98564E-05 9.98564E-05 0.0170115 9.98564E-05 9.98564E-05 9.98564E-05 9.98564E-05 0.0510321 9.98564E-05
9.98651E-05 9.98651E-05 9.98651E-05 0.0148702 0.0350793 9.98651E-05 0.0606349 0.016188 9.98651E-05 9.98651E-05 9.98651E-05 9.98651E-05 9.98651E-05 9.98651E-05 9.98651E-05 9.98651E-05 0.87173 9.98651E-05 9.98651E-05 9.98651E-05
9.98652E-05 0.035028 9.98652E-05 9.98652E-05 0.0120176 9.98652E-05 9.98652E-05 0.0225337 9.98652E-05 9.98652E-05 9.98652E-05 9.98652E-05 9.98652E-05 9.98652E-05 9.98652E-05 0.0236279 0.905295 9.98652E-05 9.98652E-05 9.98652E-05
0.128839 9.9856E-05 9.9856E-05 9.9856E-05 9.9856E-05 9.9856E-05 0.0782286 9.9856E-05 9.9856E-05 9.9856E-05 0.731792 9.9856E-05 0.0595426 9.9856E-05 9.9856E-05 9.9856E-05 9.9856E-05 9.9856E-05 9.9856E-05 9.9856E-05
9.98471E-05 9.98471E-05 9.98471E-05 9.98471E-05 9.98471E-05 9.98471E-05 9.98471E-05 9.98471E-05 9.98471E-05 9.98471E-05 9.98471E-05 0.964006 0.0307724 9.98471E-05 9.98471E-05 9.98471E-05 9.98471E-05 9.98471E-05 9.98471E-05 0.00352463
9.98203E-05 9.98203E-05 9.98203E-05 9.98203E-05 9.98203E-05 9.98203E-05 9.98203E-05 9.98203E-05 9.98203E-05 0.998103 9.98203E-05 9.98203E-05 9.98203E-05 9.98203E-05 9.98203E-05 9.98203E-05 9.98203E-05 9.98203E-05 9.98203E-05 9.98203E-05
9.98382E-05 9.98382E-05 9.98382E-05 9.98382E-05 9.98382E-05 9.98382E-05 9.98382E-05 9.98382E-05 9.98382E-05 9.98382E-05 9.98382E-05 9.98382E-05 9.98382E-05 0.0767742 9.98382E-05 9.98382E-05 9.98382E-05 9.98382E-05 9.98382E-05 0.921429
9.98828E-05 0.113952 9.98828E-05 9.98828E-05 9.98828E-05 9.98828E-05 0.1689 9.98828E-05 9.98828E-05 9.98828E-05 0.274221 0.0464817 0.274183 9.98828E-05 9.98828E-05 0.111709 9.98828E-05 0.00925586 9.98828E-05 9.98828E-05
9.98294E-05 9.98294E-05 9.98294E-05 9.98294E-05 0.998103 9.98294E-05 9.98294E-05 9.98294E-05 9.98294E-05 9.98294E-05 9.98294E-05 9.98294E-05 9.98294E-05 9.98294E-05 9.98294E-05 9.98294E-05 9.98294E-05 9.98294E-05 9.98294E-05 9.98294E-05
0.0652499 9.9883E-05 9.9883E-05 9.9883E-05 0.00948143 9.9883E-05 9.9883E-05 0.261802 9.9883E-05 9.9883E-05 0.223453 0.0222839 0.00432517 9.9883E-05 9.9883E-05 0.412106 9.9883E-05 9.9883E-05 9.9883E-05 9.9883E-05
9.98742E-05 0.23807 0.00290076 9.98742E-05 9.98742E-05 9.98742E-05 9.98742E-05 9.98742E-05 0.00182145 9.98742E-05 9.98742E-05 0.243403 9.98742E-05 9.98742E-05 9.98742E-05 9.98742E-05 9.98742E-05 0.128873 9.98742E-05 0.383534
9.98291E-05 9.98291E-05 9.98291E-05 9.98291E-05 9.98291E-05 9.98291E-05 9.98291E-05 9.98291E-05 9.98291E-05 9.98291E-05 9.98291E-05 9.98291E-05 9.98291E-05 9.98291E-05 9.98291E-05 9.98291E-05 9.98291E-05 9.98291E-05 9.98291E-05 0.998103
9.98475E-05 9.98475E-05 9.98475E-05 9.98475E-05 9.98475E-05 9.98475E-05 9.98475E-05 9.98475E-05 9.98475E-05 9.98475E-05 9.98475E-05 9.98475E-05 9.98475E-05 9.98475E-05 0.019809 9.98475E-05 0.95257 9.98475E-05 0.0259234 9.98475E-05
9.98295E-05 9.98295E-05 9.98295E-05 9.98295E-05 9.98295E-05 9.98295E-05 9.98295E-05 9.98295E-05 9.98295E-05 9.98295E-05 9.98295E-05 9.98295E-05 9.98295E-05 9.98295E-05 9.98295E-05 9.98295E-05 0.998103 9.98295E-05 9.98295E-05 9.98295E-05
0.813698 0.0623138 9.98648E-05 9.98648E-05 9.98648E-05 9.98648E-05 9.98648E-05 9.98648E-05 9.98648E-05 9.98648E-05 9.98648E-05 0.0365435 9.98648E-05 9.98648E-05 9.98648E-05 0.054928 9.98648E-05 0.0310189 9.98648E-05 9.98648E-05
9.98562E-05 9.98562E-05 0.0646979 0.0159503 9.98562E-05 0.00640906 9.98562E-05 9.98562E-05 9.98562E-05 9.98562E-05 9.98562E-05 9.98562E-05 9.98562E-05 9.98562E-05 9.98562E-05 9.98562E-05 0.911345 9.98562E-05 9.98562E-05 9.98562E-05
9.98562E-05 9.98562E-05 0.0822705 9.98562E-05 9.98562E-05 9.98562E-05 9.98562E-05 9.98562E-05 9.98562E-05 9.98562E-05 0.0100552 9.98562E-05 9.98562E-05 9.98562E-05 0.0244313 9.98562E-05 0.881645 9.98562E-05 9.98562E-05 9.98562E-05
0.0147822 9.98833E-05 0.0894735 9.98833E-05 9.98833E-05 9.98833E-05 0.00917493 9.98833E-05 0.528843 0.0136431 9.98833E-05 9.98833E-05 9.98833E-05 0.00784137 9.98833E-05 9.98833E-05 0.334943 9.98833E-05 9.98833E-05 9.98833E-05
9.98469E-05 9.98469E-05 9.98469E-05 9.98469E-05 9.98469E-05 9.98469E-05 9.98469E-05 9.98469E-05 0.964657 9.98469E-05 9.98469E-05 9.98469E-05 9.98469E-05 9.98469E-05 9.98469E-05 9.98469E-05 0.0305339 9.98469E-05 0.00311177 9.98469E-05
9.98295E-05 9.98295E-05 9.98295E-05 0.998103 9.98295E-05 9.98295E-05 9.98295E-05 9.98295E-05 9.98295E-05 9.98295E-05 9.98295E-05 9.98295E-05 9.98295E-05 9.98295E-05 9.98295E-05 9.98295E-05 9.98295E-05 9.98295E-05 9.98295E-05 9.98295E-05
9.98473E-05 9.98473E-05 9.98473E-05 9.98473E-05 9.98473E-05 9.98473E-05 9.98473E-05 0.0217382 9.98473E-05 9.98473E-05 9.98473E-05 9.98473E-05 9.98473E-05 9.98473E-05 9.98473E-05 9.98473E-05 0.830025 9.98473E-05 0.146539 9.98473E-05
9.98663E-05 0.0179652 0.73786 9.98663E-05 9.98663E-05 9.98663E-05 9.98663E-05 9.98663E-05 9.98663E-05 9.98663E-05 9.98663E-05 9.98663E-05 9.98663E-05 9.98663E-05 0.0170205 9.98663E-05 9.98663E-05 0.000831102 0.224825 9.98663E-05
0.486597 9.98916E-05 9.98916E-05 9.98916E-05 9.98916E-05 9.98916E-05 0.0406135 0.0489775 0.0654827 9.98916E-05 9.98916E-05 0.230292 0.0287351 9.98916E-05 9.98916E-05 0.00293988 9.98916E-05 0.0951639 9.98916E-05 9.98916E-05
9.98739E-05 9.98739E-05 9.98739E-05 9.98739E-05 9.98739E-05 0.030433 0.00293504 9.98739E-05 0.00782855 9.98739E-05 9.98739E-05 0.0285479 9.98739E-05 9.98739E-05 9.98739E-05 9.98739E-05 0.923306 9.98739E-05 0.00555127 9.98739E-05
9.98562E-05 9.98562E-05 9.98562E-05 9.98562E-05 9.98562E-05 9.98562E-05 0.00433755 9.98562E-05 9.98562E-05 9.98562E-05 9.98562E-05 9.98562E-05 9.98562E-05 9.98562E-05 0.0146976 0.955657 9.98562E-05 9.98562E-05 0.0237106 9.98562E-05
9.98741E-05 0.713297 9.98741E-05 0.117262 9.98741E-05 9.98741E-05 9.98741E-05 9.98741E-05 9.98741E-05 9.98741E-05 9.98741E-05 0.0845813 0.0555053 9.98741E-05 9.98741E-05 0.0227768 9.98741E-05 9.98741E-05 0.00517949 9.98741E-05
9.9838E-05 9.9838E-05 9.9838E-05 9.9838E-05 9.9838E-05 9.9838E-05 9.9838E-05 9.9838E-05 9.9838E-05 9.9838E-05 9.9838E-05 0.969526 9.9838E-05 9.9838E-05 9.9838E-05 9.9838E-05 9.9838E-05 9.9838E-05 0.028677 9.9838E-05
9.98561E-05 9.98561E-05 9.98561E-05 9.98561E-05 9.98561E-05 9.98561E-05 0.00506651 0.99057 9.98561E-05 9.98561E-05 9.98561E-05 0.00102419 9.98561E-05 9.98561E-05 9.98561E-05 9.98561E-05 0.00174128 9.98561E-05 9.98561E-05 9.98561E-05
9.98471E-05 0.0116169 9.98471E-05 9.98471E-05 9.98471E-05 9.98471E-05 9.98471E-05 0.98573 9.98471E-05 9.98471E-05 9.98471E-05 9.98471E-05 9.98471E-05 9.98471E-05 9.98471E-05 0.000955254 9.98471E-05 9.98471E-05 9.98471E-05 9.98471E-05
9.98828E-05 0.457303 9.98828E-05 9.98828E-05 9.98828E-05 9.98828E-05 0.00916864 0.0618764 9.98828E-05 9.98828E-05 9.98828E-05 0.0272809 0.40701 9.98828E-05 9.98828E-05 0.0213468 9.98828E-05 9.98828E-05 9.98828E-05 0.014715
0.0499286 0.00782663 9.9892E-05 9.9892E-05 9.9892E-05 0.0866624 9.9892E-05 0.0631621 9.9892E-05 9.9892E-05 0.777209 9.9892E-05 9.9892E-05 0.00767975 9.9892E-05 0.00357154 9.9892E-05 9.9892E-05 9.9892E-05 0.00276097
9.98737E-05 0.369462 9.98737E-05 9.98737E-05 9.98737E-05 9.98737E-05 0.0789747 9.98737E-05 9.98737E-05 9.98737E-05 9.98737E-05 0.00209193 0.495032 9.98737E-05 9.98737E-05 0.0472332 9.98737E-05 0.0058086 9.98737E-05 9.98737E-05
0.0549042 0.620252 9.98739E-05 9.98739E-05 9.98739E-05 9.98739E-05 0.189438 0.0100072 9.98739E-05 9.98739E-05 9.98739E-05 9.98739E-05 9.98739E-05 9.98739E-05 9.98739E-05 9.98739E-05 9.98739E-05 0.0315932 9.98739E-05 0.0924069
9.99011E-05 0.671461 9.99011E-05 9.99011E-05 9.99011E-05 9.99011E-05 0.128708 0.0445888 0.0437936 9.99011E-05 0.0373005 9.99011E-05 9.99011E-05 0.060257 0.00471337 9.99011E-05 9.99011E-05 0.000700801 0.00737783 9.99011E-05
0.043958 0.128025 9.99009E-05 9.99009E-05 9.99009E-05 0.0284498 0.314567 9.99009E-05 0.145288 9.99009E-05 9.99009E-05 0.107863 0.0617623 0.00470291 9.99009E-05 0.164285 9.99009E-05 9.99009E-05 9.99009E-05 9.99009E-05
9.98391E-05 9.98391E-05 9.98391E-05 9.98391E-05 9.98391E-05 9.98391E-05 9.98391E-05 9.98391E-05 9.98391E-05 0.0296745 9.98391E-05 9.98391E-05 9.98391E-05 9.98391E-05 9.98391E-05 0.968528 9.98391E-05 9.98391E-05 9.98391E-05 9.98391E-05
9.98292E-05 9.98292E-05 0.998103 9.98292E-05 9.98292E-05 9.98292E-05 9.98292E-05 9.98292E-05 9.98292E-05 9.98292E-05 9.98292E-05 9.98292E-05 9.98292E-05 9.98292E-05 9.98292E-05 9.98292E-05 9.98292E-05 9.98292E-05 9.98292E-05 9.98292E-05
9.98382E-05 9.98382E-05 0.976854 9.98382E-05 9.98382E-05 9.98382E-05 9.98382E-05 9.98382E-05 9.98382E-05 0.0213492 9.98382E-05 9.98382E-05 9.98382E-05 9.98382E-05 9.98382E-05 9.98382E-05 9.98382E-05 9.98382E-05 9.98382E-05 9.98382E-05
9.98473E-05 9.98473E-05 0.993256 9.98473E-05 9.98473E-05 9.98473E-05 9.98473E-05 0.00365807 9.98473E-05 9.98473E-05 0.0013888 9.98473E-05 9.98473E-05 9.98473E-05 9.98473E-05 9.98473E-05 9.98473E-05 9.98473E-05 9.98473E-05 9.98473E-05
9.98384E-05 9.98384E-05 0.994111 9.98384E-05 9.98384E-05 9.98384E-05 9.98384E-05 9.98384E-05 9.98384E-05 9.98384E-05 9.98384E-05 9.98384E-05 9.98384E-05 9.98384E-05 9.98384E-05 9.98384E-05 0.00409179 9.98384E-05 9.98384E-05 9.98384E-05
9.98383E-05 9.98383E-05 0.986166 9.98383E-05 9.98383E-05 9.98383E-05 9.98383E-05 9.98383E-05 0.0120369 9.98383E-05 9.98383E-05 9.98383E-05 9.98383E-05 9.98383E-05 9.98383E-05 9.98383E-05 9.98383E-05 9.98383E-05 9.98383E-05 9.98383E-05
9.99192E-05 9.99192E-05 0.315116 0.0167199 9.99192E-05 0.0835947 9.99192E-05 9.99192E-05 0.267605 9.99192E-05 0.0887484 9.99192E-05 0.0233413 0.00162097 0.03587 0.0273078 0.0314874 9.99192E-05 0.107689 9.99192E-05
9.98472E-05 9.98472E-05 0.897112 0.101081 9.98472E-05 9.98472E-05 9.98472E-05 9.98472E-05 9.98472E-05 9.98472E-05 0.000110372 9.98472E-05 9.98472E-05 9.98472E-05 9.98472E-05 9.98472E-05 9.98472E-05 9.98472E-05 9.98472E-05 9.98472E-05
9.98557E-05 9.98557E-05 9.98557E-05 9.98557E-05 9.98557E-05 0.00939606 0.0628872 9.98557E-05 9.98557E-05 9.98557E-05 0.156559 9.98557E-05 9.98557E-05 9.98557E-05 9.98557E-05 0.76956 9.98557E-05 9.98557E-05 9.98557E-05 9.98557E-05
9.98738E-05 9.98738E-05 0.0401276 0.860414 9.98738E-05 0.0560056 9.98738E-05 9.98738E-05 9.98738E-05 9.98738E-05 9.98738E-05 9.98738E-05 9.98738E-05 9.98738E-05 0.00446429 0.00834563 9.98738E-05 0.0292445 9.98738E-05 9.98738E-05
9.98651E-05 9.98651E-05 9.98651E-05 9.98651E-05 9.98651E-05 9.98651E-05 9.98651E-05 0.02958 9.98651E-05 9.98651E-05 9.98651E-05 0.000872681 0.0117894 9.98651E-05 0.00613218 9.98651E-05 0.950128 9.98651E-05 9.98651E-05 9.98651E-05
0.791698 9.98831E-05 9.98831E-05 9.98831E-05 0.00935542 9.98831E-05 9.98831E-05 0.122726 9.98831E-05 9.98831E-05 0.0127678 9.98831E-05 9.98831E-05 9.98831E-05 0.0112225 0.0222245 9.98831E-05 0.0287072 9.98831E-05 9.98831E-05
0.00328282 9.98475E-05 9.98475E-05 9.98475E-05 9.98475E-05 9.98475E-05 0.0927781 9.98475E-05 9.98475E-05 9.98475E-05 0.902242 9.98475E-05 9.98475E-05 9.98475E-05 9.98475E-05 9.98475E-05 9.98475E-05 9.98475E-05 9.98475E-05 9.98475E-05
0.972319 9.98387E-05 9.98387E-05 9.98387E-05 9.98387E-05 9.98387E-05 9.98387E-05 9.98387E-05 9.98387E-05 9.98387E-05 9.98387E-05 9.98387E-05 9.98387E-05 9.98387E-05 9.98387E-05 9.98387E-05 9.98387E-05 9.98387E-05 0.025884 9.98387E-05
0.900124 0.0980786 9.9838E-05 9.9838E-05 9.9838E-05 9.9838E-05 9.9838E-05 9.9838E-05 9.9838E-05 9.9838E-05 9.9838E-05 9.9838E-05 9.9838E-05 9.9838E-05 9.9838E-05 9.9838E-05 9.9838E-05 9.9838E-05 9.9838E-05 9.9838E-05
0.820098 9.98828E-05 9.98828E-05 9.98828E-05 9.98828E-05 9.98828E-05 0.0346291 0.0129657 9.98828E-05 0.0067919 9.98828E-05 9.98828E-05 0.0748685 9.98828E-05 9.98828E-05 9.98828E-05 9.98828E-05 0.0364936 9.98828E-05 0.0128547
9.98293E-05 9.98293E-05 9.98293E-05 9.98293E-05 9.98293E-05 9.98293E-05 9.98293E-05 9.98293E-05 9.98293E-05 9.98293E-05 9.98293E-05 9.98293E-05 9.98293E-05 0.998103 9.98293E-05 9.98293E-05 9.98293E-05 9.98293E-05 9.98293E-05 9.98293E-05
9.98478E-05 9.98478E-05 9.98478E-05 9.98478E-05 9.98478E-05 9.98478E-05 9.98478E-05 9.98478E-05 9.98478E-05 9.98478E-05 9.98478E-05 9.98478E-05 0.00814819 9.98478E-05 0.0351553 9.98478E-05 0.954999 9.98478E-05 9.98478E-05 9.98478E-05
0.049663 0.146505 0.082435 0.000618528 9.9937E-05 0.0151738 0.068061 9.9937E-05 9.9937E-05 9.9937E-05 0.0318046 9.9937E-05 0.0782842 0.0632377 0.0512472 0.101815 0.305538 9.9937E-05 0.00491702 9.9937E-05
9.98597E-05 0.0165676 9.98597E-05 9.98597E-05 9.98597E-05 9.98597E-05 9.98597E-05 9.98597E-05 9.98597E-05 9.98597E-05 9.98597E-05 9.98597E-05 9.98597E-05 9.98597E-05 0.104899 9.98597E-05 0.767755 9.98597E-05 0.109181 9.98597E-05
9.98651E-05 9.98651E-05 0.0378968 9.98651E-05 9.98651E-05 9.98651E-05 9.98651E-05 0.000985982 0.0343528 9.98651E-05 9.98651E-05 0.0600628 9.98651E-05 9.98651E-05 9.98651E-05 9.98651E-05 0.865204 9.98651E-05 9.98651E-05 9.98651E-05
9.98741E-05 9.98741E-05 0.022098 0.00947179 9.98741E-05 0.00525267 9.98741E-05 9.98741E-05 9.98741E-05 9.98741E-05 0.0552904 9.98741E-05 9.98741E-05 9.98741E-05 9.98741E-05 9.98741E-05 0.861505 9.98741E-05 0.0449836 9.98741E-05
9.98653E-05 9.98653E-05 0.0343191 0.0316447 0.0046951 9.98653E-05 9.98653E-05 9.98653E-05 9.98653E-05 9.98653E-05 0.049333 9.98653E-05 9.98653E-05 9.98653E-05 9.98653E-05 9.98653E-05 0.87851 9.98653E-05 9.98653E-05 9.98653E-05
9.98564E-05 9.98564E-05 9.98564E-05 9.98564E-05 9.98564E-05 9.98564E-05 9.98564E-05 0.0337143 0.164708 9.98564E-05 9.98564E-05 9.98564E-05 0.0463133 9.98564E-05 9.98564E-05 9.98564E-05 0.753666 9.98564E-05 9.98564E-05 9.98564E-05
9.9856E-05 9.9856E-05 9.9856E-05 9.9856E-05 9.9856E-05 0.00861117 0.0178127 9.9856E-05 9.9856E-05 9.9856E-05 9.9856E-05 0.020449 9.9856E-05 9.9856E-05 9.9856E-05 9.9856E-05 0.951529 9.9856E-05 9.9856E-05 9.9856E-05
9.98471E-05 9.98471E-05 0.0743619 9.98471E-05 9.98471E-05 9.98471E-05 9.98471E-05 9.98471E-05 0.0116155 9.98471E-05 9.98471E-05 9.98471E-05 9.98471E-05 9.98471E-05 9.98471E-05 9.98471E-05 9.98471E-05 9.98471E-05 0.912325 9.98471E-05
0.0127111 9.98381E-05 9.98381E-05 9.98381E-05 9.98381E-05 9.98381E-05 9.98381E-05 9.98381E-05 9.98381E-05 9.98381E-05 9.98381E-05 9.98381E-05 9.98381E-05 9.98381E-05 9.98381E-05 9.98381E-05 9.98381E-05 9.98381E-05 0.985492 9.98381E-05
9.98832E-05 0.0369545 9.98832E-05 9.98832E-05 0.00527896 9.98832E-05 9.98832E-05 9.98832E-05 0.00560558 9.98832E-05 0.0219472 9.98832E-05 9.98832E-05 9.98832E-05 0.0209739 9.98832E-05 0.900902 0.0070398 9.98832E-05 9.98832E-05
9.98651E-05 9.98651E-05 9.98651E-05 9.98651E-05 9.98651E-05 9.98651E-05 9.98651E-05 9.98651E-05 9.98651E-05 9.98651E-05 0.977911 0.0117475 9.98651E-05 9.98651E-05 9.98651E-05 9.98651E-05 0.00504729 0.00256149 0.00123454 9.98651E-05
9.98291E-05 9.98291E-05 9.98291E-05 9.98291E-05 9.98291E-05 9.98291E-05 9.98291E-05 9.98291E-05 9.98291E-05 9.98291E-05 0.998103 9.98291E-05 9.98291E-05 9.98291E-05 9.98291E-05 9.98291E-05 9.98291E-05 9.98291E-05 9.98291E-05 9.98291E-05
9.98473E-05 9.98473E-05 9.98473E-05 9.98473E-05 9.98473E-05 9.98473E-05 0.00431934 0.000302505 9.98473E-05 9.98473E-05 9.98473E-05 9.98473E-05 9.98473E-05 9.98473E-05 9.98473E-05 9.98473E-05 9.98473E-05 0.993681 9.98473E-05 9.98473E-05
9.98384E-05 9.98384E-05 9.98384E-05 9.98384E-05 9.98384E-05 9.98384E-05 9.98384E-05 0.00767203 9.98384E-05 9.98384E-05 9.98384E-05 9.98384E-05 9.98384E-05 9.98384E-05 9.98384E-05 9.98384E-05 9.98384E-05 0.990531 9.98384E-05 9.98384E-05
9.98289E-05 0.998103 9.98289E-05 9.98289E-05 9.98289E-05 9.98289E-05 9.98289E-05 9.98289E-05 9.98289E-05 9.98289E-05 9.98289E-05 9.98289E-05 9.98289E-05 9.98289E-05 9.98289E-05 9.98289E-05 9.98289E-05 9.98289E-05 9.98289E-05 9.98289E-05
9.98291E-05 0.998103 9.98291E-05 9.98291E-05 9.98291E-05 9.98291E-05 9.98291E-05 9.98291E-05 9.98291E-05 9.98291E-05 9.98291E-05 9.98291E-05 9.98291E-05 9.98291E-05 9.98291E-05 9.98291E-05 9.98291E-05 9.98291E-05 9.98291E-05 9.98291E-05
9.98653E-05 9.98653E-05 0.0164387 9.98653E-05 9.98653E-05 9.98653E-05 9.98653E-05 9.98653E-05 0.000818849 9.98653E-05 9.98653E-05 0.0160828 9.98653E-05 9.98653E-05 9.98653E-05 9.98653E-05 9.98653E-05 0.952664 0.0124978 9.98653E-05
9.98294E-05 9.98294E-05 9.98294E-05 9.98294E-05 9.98294E-05 9.98294E-05 9.98294E-05 9.98294E-05 9.98294E-05 9.98294E-05 9.98294E-05 9.98294E-05 9.98294E-05 9.98294E-05 9.98294E-05 9.98294E-05 9.98294E-05 0.998103 9.98294E-05 9.98294E-05
0.0362321 9.98649E-05 0.0143534 9.98649E-05 9.98649E-05 0.00613779 9.98649E-05 9.98649E-05 9.98649E-05 9.98649E-05 0.0193836 9.98649E-05 9.98649E-05 9.98649E-05 9.98649E-05 0.922395 9.98649E-05 9.98649E-05 9.98649E-05 9.98649E-05
0.0855749 9.9865E-05 9.9865E-05 9.9865E-05 9.9865E-05 0.113403 9.9865E-05 0.719765 9.9865E-05 9.9865E-05 0.0422316 9.9865E-05 9.9865E-05 9.9865E-05 9.9865E-05 9.9865E-05 9.9865E-05 9.9865E-05 9.9865E-05 0.0375276
9.98471E-05 9.98471E-05 0.0283695 0.897587 9.98471E-05 0.0723461 9.98471E-05 9.98471E-05 9.98471E-05 9.98471E-05 9.98471E-05 9.98471E-05 9.98471E-05 9.98471E-05 9.98471E-05 9.98471E-05 9.98471E-05 9.98471E-05 9.98471E-05 9.98471E-05
9.98471E-05 0.0195903 9.98471E-05 9.98471E-05 9.98471E-05 9.98471E-05 0.97294 9.98471E-05 9.98471E-05 9.98471E-05 9.98471E-05 9.98471E-05 9.98471E-05 9.98471E-05 9.98471E-05 9.98471E-05 9.98471E-05 9.98471E-05 9.98471E-05 0.00577257
0.00977211 9.9874E-05 9.9874E-05 9.9874E-05 0.0523573 9.9874E-05 0.893612 9.9874E-05 9.9874E-05 9.9874E-05 9.9874E-05 0.028752 9.9874E-05 9.9874E-05 9.9874E-05 0.0106895 9.9874E-05 0.00341861 9.9874E-05 9.9874E-05
9.98291E-05 9.98291E-05 9.98291E-05 9.98291E-05 9.98291E-05 9.98291E-05 9.98291E-05 9.98291E-05 0.998103 9.98291E-05 9.98291E-05 9.98291E-05 9.98291E-05 9.98291E-05 9.98291E-05 9.98291E-05 9.98291E-05 9.98291E-05 9.98291E-05 9.98291E-05
