9.98649E-05 0.0119091 9.98649E-05 9.98649E-05 9.98649E-05 9.98649E-05 9.98649E-05 9.98649E-05 9.98649E-05 9.98649E-05 9.98649E-05 9.98649E-05 9.98649E-05 0.0055901 9.98649E-05 9.98649E-05 0.906682 9.98649E-05 0.0743208
0.68813 9.98649E-05 9.98649E-05 9.98649E-05 9.98649E-05 0.151502 9.98649E-05 9.98649E-05 9.98649E-05 9.98649E-05 0.0243534 9.98649E-05 9.98649E-05 9.98649E-05 9.98649E-05 9.98649E-05 9.98649E-05 9.98649E-05 0.134517
9.98383E-05 9.98383E-05 9.98383E-05 9.98383E-05 9.98383E-05 9.98383E-05 9.98383E-05 9.98383E-05 9.98383E-05 9.98383E-05 9.98383E-05 9.98383E-05 9.98383E-05 9.98383E-05 0.998203 9.98383E-05 9.98383E-05 9.98383E-05 9.98383E-05
9.98741E-05 9.98741E-05 0.00396814 0.056407 9.98741E-05 0.835064 9.98741E-05 9.98741E-05 0.0930344 9.98741E-05 9.98741E-05 9.98741E-05 9.98741E-05 9.98741E-05 9.98741E-05 9.98741E-05 9.98741E-05 0.0101281 9.98741E-05
0.114302 9.98923E-05 0.0511663 9.98923E-05 9.98923E-05 0.353991 9.98923E-05 0.150068 0.0201724 9.98923E-05 9.98923E-05 9.98923E-05 0.0737012 0.2354 9.98923E-05 9.98923E-05 9.98923E-05 9.98923E-05 9.98923E-05
9.98471E-05 9.98471E-05 9.98471E-05 0.0464419 9.98471E-05 0.951861 9.98471E-05 9.98471E-05 9.98471E-05 9.98471E-05 9.98471E-05 9.98471E-05 9.98471E-05 9.98471E-05 9.98471E-05 9.98471E-05 9.98471E-05 9.98471E-05 9.98471E-05
9.98382E-05 9.98382E-05 9.98382E-05 9.98382E-05 9.98382E-05 9.98382E-05 9.98382E-05 0.998203 9.98382E-05 9.98382E-05 9.98382E-05 9.98382E-05 9.98382E-05 9.98382E-05 9.98382E-05 9.98382E-05 9.98382E-05 9.98382E-05 9.98382E-05
0.091124 9.9901E-05 0.0788988 0.197505 9.9901E-05 9.9901E-05 9.9901E-05 9.9901E-05 0.0480004 9.9901E-05 9.9901E-05 9.9901E-05 0.480791 0.0713154 9.9901E-05 9.9901E-05 9.9901E-05 0.0151356 0.016131
0.0573358 9.9856E-05 0.0256697 9.9856E-05 9.9856E-05 9.9856E-05 9.9856E-05 0.915397 9.9856E-05 9.9856E-05 9.9856E-05 9.9856E-05 9.9856E-05 9.9856E-05 9.9856E-05 9.9856E-05 9.9856E-05 9.9856E-05 9.9856E-05
9.98381E-05 9.98381E-05 9.98381E-05 9.98381E-05 9.98381E-05 9.98381E-05 9.98381E-05 9.98381E-05 9.98381E-05 9.98381E-05 9.98381E-05 9.98381E-05 9.98381E-05 0.998203 9.98381E-05 9.98381E-05 9.98381E-05 9.98381E-05 9.98381E-05
9.98471E-05 9.98471E-05 9.98471E-05 9.98471E-05 9.98471E-05 9.98471E-05 9.98471E-05 0.00755765 9.98471E-05 9.98471E-05 9.98471E-05 9.98471E-05 9.98471E-05 0.990745 9.98471E-05 9.98471E-05 9.98471E-05 9.98471E-05 9.98471E-05
9.98741E-05 9.98741E-05 9.98741E-05 9.98741E-05 0.174562 9.98741E-05 9.98741E-05 9.98741E-05 0.0218701 9.98741E-05 9.98741E-05 9.98741E-05 9.98741E-05 9.98741E-05 9.98741E-05 0.00448142 0.694615 0.103073 9.98741E-05
9.98563E-05 9.98563E-05 9.98563E-05 9.98563E-05 0.956124 9.98563E-05 9.98563E-05 0.011261 9.98563E-05 9.98563E-05 9.98563E-05 9.98563E-05 0.031017 9.98563E-05 9.98563E-05 9.98563E-05 9.98563E-05 9.98563E-05 9.98563E-05
0.0214376 9.98562E-05 9.98562E-05 9.98562E-05 9.98562E-05 0.962433 9.98562E-05 9.98562E-05 9.98562E-05 9.98562E-05 9.98562E-05 9.98562E-05 9.98562E-05 9.98562E-05 9.98562E-05 0.0145316 9.98562E-05 9.98562E-05 9.98562E-05
9.98652E-05 9.98652E-05 9.98652E-05 9.98652E-05 9.98652E-05 0.976788 9.98652E-05 9.98652E-05 9.98652E-05 9.98652E-05 9.98652E-05 0.00326165 9.98652E-05 9.98652E-05 9.98652E-05 0.0134805 0.00497238 9.98652E-05 9.98652E-05
9.98651E-05 9.98651E-05 9.98651E-05 9.98651E-05 0.142839 9.98651E-05 0.813349 9.98651E-05 9.98651E-05 9.98651E-05 0.00349581 9.98651E-05 9.98651E-05 0.0388189 9.98651E-05 9.98651E-05 9.98651E-05 9.98651E-05 9.98651E-05
9.98648E-05 0.0289411 9.98648E-05 9.98648E-05 9.98648E-05 9.98648E-05 0.0212197 9.98648E-05 9.98648E-05 9.98648E-05 0.925772 9.98648E-05 9.98648E-05 0.0225692 9.98648E-05 9.98648E-05 9.98648E-05 9.98648E-05 9.98648E-05
9.98738E-05 9.98738E-05 0.0206436 9.98738E-05 9.98738E-05 9.98738E-05 0.0449407 9.98738E-05 9.98738E-05 9.98738E-05 9.98738E-05 9.98738E-05 9.98738E-05 0.00146138 9.98738E-05 0.822292 9.98738E-05 9.98738E-05 0.109264
9.98381E-05 9.98381E-05 9.98381E-05 9.98381E-05 9.98381E-05 9.98381E-05 9.98381E-05 9.98381E-05 9.98381E-05 0.998203 9.98381E-05 9.98381E-05 9.98381E-05 9.98381E-05 9.98381E-05 9.98381E-05 9.98381E-05 9.98381E-05 9.98381E-05
9.98918E-05 9.98918E-05 9.98918E-05 9.98918E-05 9.98918E-05 9.98918E-05 0.275417 9.98918E-05 9.98918E-05 0.00468187 0.106415 9.98918E-05 9.98918E-05 0.301526 9.98918E-05 9.98918E-05 0.123593 0.0349631 0.152206
9.98471E-05 9.98471E-05 9.98471E-05 9.98471E-05 9.98471E-05 9.98471E-05 9.98471E-05 9.98471E-05 9.98471E-05 0.0116982 9.98471E-05 9.98471E-05 9.98471E-05 9.98471E-05 9.98471E-05 0.986604 9.98471E-05 9.98471E-05 9.98471E-05
9.98739E-05 9.98739E-05 9.98739E-05 9.98739E-05 0.0265733 9.98739E-05 0.236231 9.98739E-05 9.98739E-05 9.98739E-05 0.0916286 9.98739E-05 9.98739E-05 9.98739E-05 9.98739E-05 9.98739E-05 0.506168 9.98739E-05 0.138001
9.98381E-05 0.998203 9.98381E-05 9.98381E-05 9.98381E-05 9.98381E-05 9.98381E-05 9.98381E-05 9.98381E-05 9.98381E-05 9.98381E-05 9.98381E-05 9.98381E-05 9.98381E-05 9.98381E-05 9.98381E-05 9.98381E-05 9.98381E-05 9.98381E-05
9.9865E-05 0.0848255 9.9865E-05 9.9865E-05 9.9865E-05 9.9865E-05 9.9865E-05 9.9865E-05 9.9865E-05 0.842755 9.9865E-05 9.9865E-05 9.9865E-05 9.9865E-05 9.9865E-05 0.0642262 9.9865E-05 9.9865E-05 0.00669574
9.98564E-05 9.98564E-05 9.98564E-05 9.98564E-05 9.98564E-05 0.185879 9.98564E-05 9.98564E-05 0.745676 9.98564E-05 9.98564E-05 9.98564E-05 9.98564E-05 9.98564E-05 0.0668479 9.98564E-05 9.98564E-05 9.98564E-05 9.98564E-05
9.98474E-05 9.98474E-05 9.98474E-05 9.98474E-05 9.98474E-05 0.698223 9.98474E-05 9.98474E-05 0.300079 9.98474E-05 9.98474E-05 9.98474E-05 9.98474E-05 9.98474E-05 9.98474E-05 9.98474E-05 9.98474E-05 9.98474E-05 9.98474E-05
9.99008E-05 0.0218695 9.99008E-05 9.99008E-05 0.770096 9.99008E-05 0.0143618 9.99008E-05 9.99008E-05 9.99008E-05 0.0335316 9.99008E-05 9.99008E-05 0.000299732 9.99008E-05 9.99008E-05 0.0761821 0.0101851 0.0723748
9.98382E-05 9.98382E-05 9.98382E-05 9.98382E-05 9.98382E-05 9.98382E-05 9.98382E-05 9.98382E-05 0.998203 9.98382E-05 9.98382E-05 9.98382E-05 9.98382E-05 9.98382E-05 9.98382E-05 9.98382E-05 9.98382E-05 9.98382E-05 9.98382E-05
9.98472E-05 9.98472E-05 0.00558066 9.98472E-05 9.98472E-05 9.98472E-05 9.98472E-05 9.98472E-05 0.992722 9.98472E-05 9.98472E-05 9.98472E-05 9.98472E-05 9.98472E-05 9.98472E-05 9.98472E-05 9.98472E-05 9.98472E-05 9.98472E-05
9.98833E-05 9.98833E-05 0.0514468 0.560261 9.98833E-05 0.11648 9.98833E-05 9.98833E-05 0.231123 9.98833E-05 9.98833E-05 0.0288102 9.98833E-05 9.98833E-05 9.98833E-05 9.98833E-05 0.0105812 9.98833E-05 9.98833E-05
9.98558E-05 9.98558E-05 9.98558E-05 0.927209 9.98558E-05 0.070694 9.98558E-05 9.98558E-05 9.98558E-05 9.98558E-05 9.98558E-05 9.98558E-05 0.000498902 9.98558E-05 9.98558E-05 9.98558E-05 9.98558E-05 9.98558E-05 9.98558E-05
0.998203 9.98385E-05 9.98385E-05 9.98385E-05 9.98385E-05 9.98385E-05 9.98385E-05 9.98385E-05 9.98385E-05 9.98385E-05 9.98385E-05 9.98385E-05 9.98385E-05 9.98385E-05 9.98385E-05 9.98385E-05 9.98385E-05 9.98385E-05 9.98385E-05
9.98652E-05 9.98652E-05 9.98652E-05 0.031325 9.98652E-05 0.53064 9.98652E-05 9.98652E-05 0.304676 9.98652E-05 9.98652E-05 9.98652E-05 0.131861 9.98652E-05 9.98652E-05 9.98652E-05 9.98652E-05 9.98652E-05 9.98652E-05
9.98833E-05 9.98833E-05 0.732695 0.0517464 9.98833E-05 9.98833E-05 9.98833E-05 0.0271475 0.00507736 9.98833E-05 9.98833E-05 9.98833E-05 0.163003 9.98833E-05 0.019032 9.98833E-05 9.98833E-05 9.98833E-05 9.98833E-05
9.98826E-05 9.98826E-05 9.98826E-05 0.0701073 0.51508 9.98826E-05 9.98826E-05 9.98826E-05 9.98826E-05 9.98826E-05 0.300167 9.98826E-05 9.98826E-05 0.0134885 9.98826E-05 9.98826E-05 0.0118145 0.0880446 9.98826E-05
9.98828E-05 9.98828E-05 9.98828E-05 0.0290018 9.98828E-05 0.299749 9.98828E-05 9.98828E-05 0.580277 9.98828E-05 0.035243 9.98828E-05 0.0530861 9.98828E-05 9.98828E-05 9.98828E-05 9.98828E-05 0.00134423 9.98828E-05
9.98651E-05 9.98651E-05 9.98651E-05 9.98651E-05 9.98651E-05 9.98651E-05 9.98651E-05 9.98651E-05 9.98651E-05 9.98651E-05 0.00899011 9.98651E-05 0.0466424 9.98651E-05 0.00698076 9.98651E-05 0.935889 9.98651E-05 9.98651E-05
0.141539 0.0425761 9.99009E-05 9.99009E-05 9.99009E-05 9.99009E-05 9.99009E-05 9.99009E-05 9.99009E-05 9.99009E-05 9.99009E-05 0.00235263 0.0379185 0.133134 0.00306009 9.99009E-05 0.00148656 9.99009E-05 0.636835
9.98469E-05 9.98469E-05 9.98469E-05 9.98469E-05 9.98469E-05 9.98469E-05 9.98469E-05 9.98469E-05 9.98469E-05 9.98469E-05 0.984371 9.98469E-05 0.0139317 9.98469E-05 9.98469E-05 9.98469E-05 9.98469E-05 9.98469E-05 9.98469E-05
9.98738E-05 9.98738E-05 9.98738E-05 9.98738E-05 9.98738E-05 0.0981691 0.0441587 9.98738E-05 9.98738E-05 9.98738E-05 0.129646 9.98738E-05 9.98738E-05 9.98738E-05 9.98738E-05 9.98738E-05 0.0661863 9.98738E-05 0.660442
9.98738E-05 9.98738E-05 9.98738E-05 9.98738E-05 9.98738E-05 0.0364213 0.0501128 9.98738E-05 9.98738E-05 9.98738E-05 0.082574 9.98738E-05 9.98738E-05 9.98738E-05 9.98738E-05 9.98738E-05 0.145824 9.98738E-05 0.68367
9.98602E-05 9.98602E-05 9.98602E-05 9.98602E-05 9.98602E-05 9.98602E-05 9.98602E-05 9.98602E-05 9.98602E-05 0.034667 0.0399345 9.98602E-05 9.98602E-05 0.415059 9.98602E-05 9.98602E-05 0.00202111 9.98602E-05 0.506921
9.98831E-05 9.98831E-05 9.98831E-05 9.98831E-05 0.0323826 9.98831E-05 0.842789 0.0634348 9.98831E-05 0.00320724 9.98831E-05 9.98831E-05 9.98831E-05 9.98831E-05 9.98831E-05 9.98831E-05 0.0187173 9.98831E-05 0.0381707
9.99009E-05 9.99009E-05 0.0181096 9.99009E-05 0.033461 9.99009E-05 0.0229676 9.99009E-05 9.99009E-05 9.99009E-05 0.0534349 9.99009E-05 9.99009E-05 0.619266 9.99009E-05 9.99009E-05 0.0261033 0.0272786 0.198281
9.98741E-05 0.104575 9.98741E-05 9.98741E-05 0.10136 9.98741E-05 9.98741E-05 9.98741E-05 9.98741E-05 0.0629272 9.98741E-05 9.98741E-05 9.98741E-05 9.98741E-05 9.98741E-05 9.98741E-05 9.98741E-05 0.0415305 0.688209
9.98833E-05 9.98833E-05 9.98833E-05 0.0661859 9.98833E-05 9.98833E-05 0.0547289 9.98833E-05 9.98833E-05 9.98833E-05 0.00755076 0.0294713 9.98833E-05 9.98833E-05 9.98833E-05 9.98833E-05 0.011041 9.98833E-05 0.829724
9.9901E-05 9.9901E-05 9.9901E-05 0.140413 0.108444 9.9901E-05 9.9901E-05 0.0483417 9.9901E-05 9.9901E-05 0.280257 0.0198434 9.9901E-05 0.0574772 9.9901E-05 9.9901E-05 0.161428 9.9901E-05 0.182697
9.9857E-05 9.9857E-05 9.9857E-05 9.9857E-05 9.9857E-05 9.9857E-05 9.9857E-05 9.9857E-05 9.9857E-05 9.9857E-05 9.9857E-05 0.0048969 9.9857E-05 9.9857E-05 9.9857E-05 0.00244179 0.991064 9.9857E-05 9.9857E-05
9.98472E-05 9.98472E-05 0.997384 9.98472E-05 9.98472E-05 9.98472E-05 9.98472E-05 9.98472E-05 9.98472E-05 9.98472E-05 9.98472E-05 9.98472E-05 9.98472E-05 9.98472E-05 9.98472E-05 0.000918692 9.98472E-05 9.98472E-05 9.98472E-05
9.98473E-05 9.98473E-05 0.995485 9.98473E-05 9.98473E-05 9.98473E-05 9.98473E-05 9.98473E-05 9.98473E-05 0.00281732 9.98473E-05 9.98473E-05 9.98473E-05 9.98473E-05 9.98473E-05 9.98473E-05 9.98473E-05 9.98473E-05 9.98473E-05
9.98473E-05 9.98473E-05 0.963434 9.98473E-05 9.98473E-05 9.98473E-05 9.98473E-05 9.98473E-05 9.98473E-05 9.98473E-05 9.98473E-05 9.98473E-05 9.98473E-05 9.98473E-05 9.98473E-05 9.98473E-05 9.98473E-05 9.98473E-05 0.0348682
9.98563E-05 9.98563E-05 0.989634 9.98563E-05 9.98563E-05 9.98563E-05 9.98563E-05 9.98563E-05 9.98563E-05 9.98563E-05 9.98563E-05 0.00529043 9.98563E-05 9.98563E-05 9.98563E-05 0.00347819 9.98563E-05 9.98563E-05 9.98563E-05
9.98652E-05 9.98652E-05 0.979066 0.0123816 9.98652E-05 0.00432858 9.98652E-05 9.98652E-05 0.00272548 9.98652E-05 9.98652E-05 9.98652E-05 9.98652E-05 9.98652E-05 9.98652E-05 9.98652E-05 9.98652E-05 9.98652E-05 9.98652E-05
0.0477228 0.100857 0.341593 0.217376 9.99192E-05 0.059769 0.0150114 0.0740495 9.99192E-05 9.99192E-05 9.99192E-05 9.99192E-05 0.124313 0.0155247 0.00288473 9.99192E-05 9.99192E-05 9.99192E-05 9.99192E-05
0.0727813 9.98652E-05 0.916519 9.98652E-05 9.98652E-05 9.98652E-05 0.00245602 9.98652E-05 9.98652E-05 9.98652E-05 9.98652E-05 9.98652E-05 9.98652E-05 9.98652E-05 9.98652E-05 9.98652E-05 0.00674608 9.98652E-05 9.98652E-05
9.98469E-05 9.98469E-05 9.98469E-05 9.98469E-05 9.98469E-05 9.98469E-05 0.193623 9.98469E-05 9.98469E-05 9.98469E-05 9.98469E-05 9.98469E-05 9.98469E-05 9.98469E-05 9.98469E-05 9.98469E-05 0.804679 9.98469E-05 9.98469E-05
0.941526 9.9874E-05 0.00431016 9.9874E-05 9.9874E-05 9.9874E-05 0.0307714 9.9874E-05 9.9874E-05 9.9874E-05 9.9874E-05 9.9874E-05 9.9874E-05 0.000504961 0.0214897 9.9874E-05 9.9874E-05 9.9874E-05 9.9874E-05
9.98559E-05 9.98559E-05 9.98559E-05 9.98559E-05 9.98559E-05 0.477023 9.98559E-05 9.98559E-05 0.517534 9.98559E-05 0.0038454 9.98559E-05 9.98559E-05 9.98559E-05 9.98559E-05 9.98559E-05 9.98559E-05 9.98559E-05 9.98559E-05
9.9883E-05 9.9883E-05 9.9883E-05 9.9883E-05 0.820136 9.9883E-05 0.0883055 9.9883E-05 9.9883E-05 9.9883E-05 9.9883E-05 9.9883E-05 9.9883E-05 9.9883E-05 0.00958341 0.0102615 0.0314052 0.0390095 9.9883E-05
9.98476E-05 9.98476E-05 9.98476E-05 9.98476E-05 0.0898565 9.98476E-05 0.908446 9.98476E-05 9.98476E-05 9.98476E-05 9.98476E-05 9.98476E-05 9.98476E-05 9.98476E-05 9.98476E-05 9.98476E-05 9.98476E-05 9.98476E-05 9.98476E-05
9.98565E-05 9.98565E-05 9.98565E-05 9.98565E-05 0.899391 9.98565E-05 9.98565E-05 0.0906431 9.98565E-05 9.98565E-05 9.98565E-05 9.98565E-05 0.00836857 9.98565E-05 9.98565E-05 9.98565E-05 9.98565E-05 9.98565E-05 9.98565E-05
9.98739E-05 0.00344955 9.98739E-05 9.98739E-05 0.885334 9.98739E-05 9.98739E-05 9.98739E-05 9.98739E-05 9.98739E-05 9.98739E-05 9.98739E-05 9.98739E-05 0.0229855 9.98739E-05 9.98739E-05 0.011055 9.98739E-05 0.0757774
9.98647E-05 9.98647E-05 9.98647E-05 9.98647E-05 0.829935 9.98647E-05 9.98647E-05 9.98647E-05 9.98647E-05 0.0226109 9.98647E-05 9.98647E-05 9.98647E-05 0.107048 9.98647E-05 9.98647E-05 9.98647E-05 0.0389083 9.98647E-05
9.98384E-05 9.98384E-05 9.98384E-05 9.98384E-05 9.98384E-05 9.98384E-05 9.98384E-05 9.98384E-05 9.98384E-05 9.98384E-05 9.98384E-05 0.998203 9.98384E-05 9.98384E-05 9.98384E-05 9.98384E-05 9.98384E-05 9.98384E-05 9.98384E-05
9.98566E-05 9.98566E-05 9.98566E-05 9.98566E-05 9.98566E-05 0.27215 9.98566E-05 9.98566E-05 0.711823 9.98566E-05 9.98566E-05 9.98566E-05 9.98566E-05 9.98566E-05 0.0144289 9.98566E-05 9.98566E-05 9.98566E-05 9.98566E-05
0.122703 0.0064448 0.00297957 9.99281E-05 0.176983 0.130873 9.99281E-05 9.99281E-05 0.177072 9.99281E-05 9.99281E-05 9.99281E-05 0.0211243 9.99281E-05 9.99281E-05 0.0788301 0.0665903 0.0587159 0.156885
9.98833E-05 9.98833E-05 0.00488383 9.98833E-05 9.98833E-05 0.788668 0.00930189 9.98833E-05 0.0228306 9.98833E-05 9.98833E-05 9.98833E-05 0.0500768 9.98833E-05 0.122941 9.98833E-05 9.98833E-05 9.98833E-05 9.98833E-05
9.9883E-05 9.9883E-05 0.00746494 0.0301139 9.9883E-05 0.630871 9.9883E-05 0.0297024 0.274787 9.9883E-05 0.0257625 9.9883E-05 9.9883E-05 9.9883E-05 9.9883E-05 9.9883E-05 9.9883E-05 9.9883E-05 9.9883E-05
9.98561E-05 9.98561E-05 0.00725351 9.98561E-05 9.98561E-05 9.98561E-05 0.0438019 9.98561E-05 0.947347 9.98561E-05 9.98561E-05 9.98561E-05 9.98561E-05 9.98561E-05 9.98561E-05 9.98561E-05 9.98561E-05 9.98561E-05 9.98561E-05
9.98474E-05 9.98474E-05 9.98474E-05 9.98474E-05 9.98474E-05 9.98474E-05 9.98474E-05 9.98474E-05 0.997565 9.98474E-05 9.98474E-05 9.98474E-05 9.98474E-05 9.98474E-05 9.98474E-05 9.98474E-05 0.000737427 9.98474E-05 9.98474E-05
0.024235 9.98832E-05 9.98832E-05 0.180833 9.98832E-05 0.557966 9.98832E-05 9.98832E-05 0.18436 9.98832E-05 9.98832E-05 9.98832E-05 0.0107345 0.0405722 9.98832E-05 9.98832E-05 9.98832E-05 9.98832E-05 9.98832E-05
9.9856E-05 9.9856E-05 9.9856E-05 9.9856E-05 9.9856E-05 0.473859 9.9856E-05 9.9856E-05 0.494667 9.9856E-05 0.0298757 9.9856E-05 9.9856E-05 9.9856E-05 9.9856E-05 9.9856E-05 9.9856E-05 9.9856E-05 9.9856E-05
9.98471E-05 9.98471E-05 0.0291529 9.98471E-05 9.98471E-05 9.98471E-05 9.98471E-05 9.98471E-05 9.98471E-05 9.98471E-05 9.98471E-05 9.98471E-05 0.96915 9.98471E-05 9.98471E-05 9.98471E-05 9.98471E-05 9.98471E-05 9.98471E-05
9.9856E-05 9.9856E-05 9.9856E-05 9.9856E-05 0.0315672 9.9856E-05 9.9856E-05 0.00597541 9.9856E-05 9.9856E-05 9.9856E-05 9.9856E-05 0.96086 9.9856E-05 9.9856E-05 9.9856E-05 9.9856E-05 9.9856E-05 9.9856E-05
9.98831E-05 0.0191531 0.0163455 9.98831E-05 9.98831E-05 0.857701 0.00653479 9.98831E-05 0.0547577 9.98831E-05 9.98831E-05 9.98831E-05 9.98831E-05 9.98831E-05 0.0442095 9.98831E-05 9.98831E-05 9.98831E-05 9.98831E-05
0.011816 0.010681 9.9874E-05 9.9874E-05 9.9874E-05 0.013811 0.960078 9.9874E-05 9.9874E-05 9.9874E-05 9.9874E-05 9.9874E-05 0.00221593 9.9874E-05 9.9874E-05 9.9874E-05 9.9874E-05 9.9874E-05 9.9874E-05
9.98711E-05 0.00427548 0.0048478 9.98711E-05 9.98711E-05 9.98711E-05 0.987481 9.98711E-05 9.98711E-05 9.98711E-05 9.98711E-05 9.98711E-05 0.00189807 9.98711E-05 9.98711E-05 9.98711E-05 9.98711E-05 9.98711E-05 9.98711E-05
9.98473E-05 9.98473E-05 9.98473E-05 9.98473E-05 9.98473E-05 9.98473E-05 9.98473E-05 9.98473E-05 9.98473E-05 9.98473E-05 9.98473E-05 9.98473E-05 9.98473E-05 9.98473E-05 9.98473E-05 9.98473E-05 0.0155654 0.982737 9.98473E-05
9.98384E-05 9.98384E-05 9.98384E-05 9.98384E-05 9.98384E-05 9.98384E-05 9.98384E-05 9.98384E-05 9.98384E-05 9.98384E-05 9.98384E-05 9.98384E-05 9.98384E-05 9.98384E-05 9.98384E-05 9.98384E-05 9.98384E-05 0.998203 9.98384E-05
9.98469E-05 9.98469E-05 9.98469E-05 9.98469E-05 9.98469E-05 9.98469E-05 9.98469E-05 9.98469E-05 9.98469E-05 9.98469E-05 9.98469E-05 9.98469E-05 9.98469E-05 0.021423 9.98469E-05 9.98469E-05 9.98469E-05 9.98469E-05 0.97688
9.9847E-05 9.9847E-05 9.9847E-05 9.9847E-05 9.9847E-05 9.9847E-05 9.9847E-05 9.9847E-05 9.9847E-05 9.9847E-05 9.9847E-05 9.9847E-05 9.9847E-05 0.0108701 9.9847E-05 9.9847E-05 9.9847E-05 9.9847E-05 0.987433
9.98743E-05 0.0147697 9.98743E-05 9.98743E-05 9.98743E-05 9.98743E-05 9.98743E-05 9.98743E-05 9.98743E-05 9.98743E-05 9.98743E-05 9.98743E-05 0.0126794 0.00588496 0.00591431 9.98743E-05 9.98743E-05 0.959353 9.98743E-05
9.98383E-05 9.98383E-05 9.98383E-05 9.98383E-05 9.98383E-05 9.98383E-05 9.98383E-05 9.98383E-05 9.98383E-05 9.98383E-05 9.98383E-05 9.98383E-05 9.98383E-05 9.98383E-05 9.98383E-05 9.98383E-05 9.98383E-05 0.998203 9.98383E-05
0.00192577 9.98649E-05 9.98649E-05 9.98649E-05 0.0450725 9.98649E-05 9.98649E-05 0.00418716 9.98649E-05 9.98649E-05 9.98649E-05 9.98649E-05 9.98649E-05 9.98649E-05 9.98649E-05 9.98649E-05 0.947317 9.98649E-05 9.98649E-05
9.9883E-05 9.9883E-05 9.9883E-05 9.9883E-05 0.0917068 9.9883E-05 0.260594 0.140357 9.9883E-05 0.0123738 9.9883E-05 0.036914 9.9883E-05 9.9883E-05 9.9883E-05 9.9883E-05 9.9883E-05 9.9883E-05 0.456756
0.885881 9.98561E-05 0.0469107 9.98561E-05 9.98561E-05 9.98561E-05 9.98561E-05 0.0656109 9.98561E-05 9.98561E-05 9.98561E-05 9.98561E-05 9.98561E-05 9.98561E-05 9.98561E-05 9.98561E-05 9.98561E-05 9.98561E-05 9.98561E-05
9.99012E-05 0.0201102 9.99012E-05 9.99012E-05 0.233931 0.0310708 9.99012E-05 9.99012E-05 9.99012E-05 0.159321 0.30708 9.99012E-05 9.99012E-05 0.0516061 9.99012E-05 9.99012E-05 9.99012E-05 0.0535348 0.142248
9.98833E-05 9.98833E-05 9.98833E-05 9.98833E-05 0.244601 9.98833E-05 9.98833E-05 9.98833E-05 9.98833E-05 0.0617889 0.484309 9.98833E-05 9.98833E-05 0.0232189 9.98833E-05 9.98833E-05 0.100873 0.0839103 9.98833E-05
9.98381E-05 9.98381E-05 9.98381E-05 0.998203 9.98381E-05 9.98381E-05 9.98381E-05 9.98381E-05 9.98381E-05 9.98381E-05 9.98381E-05 9.98381E-05 9.98381E-05 9.98381E-05 9.98381E-05 9.98381E-05 9.98381E-05 9.98381E-05 9.98381E-05
