9.98558E-05 0.0964563 9.98558E-05 9.98558E-05 0.889232 9.98558E-05 9.98558E-05 0.012714 9.98558E-05 9.98558E-05 9.98558E-05 9.98558E-05 9.98558E-05 9.98558E-05 9.98558E-05 9.98558E-05 9.98558E-05 9.98558E-05 9.98558E-05
9.9865E-05 9.9865E-05 9.9865E-05 9.9865E-05 9.9865E-05 9.9865E-05 0.190797 9.9865E-05 9.9865E-05 9.9865E-05 0.0278013 0.1099 9.9865E-05 9.9865E-05 9.9865E-05 9.9865E-05 0.670003 9.9865E-05 9.9865E-05
9.98383E-05 9.98383E-05 9.98383E-05 9.98383E-05 9.98383E-05 9.98383E-05 9.98383E-05 9.98383E-05 9.98383E-05 9.98383E-05 9.98383E-05 9.98383E-05 9.98383E-05 9.98383E-05 9.98383E-05 9.98383E-05 9.98383E-05 9.98383E-05 0.998203
0.0324505 9.98651E-05 9.98651E-05 0.0603444 9.98651E-05 9.98651E-05 9.98651E-05 9.98651E-05 9.98651E-05 9.98651E-05 9.98651E-05 0.870721 9.98651E-05 9.98651E-05 0.0349865 9.98651E-05 9.98651E-05 9.98651E-05 9.98651E-05
9.99192E-05 0.0804601 9.99192E-05 0.104752 0.0274272 9.99192E-05 0.0383565 0.016801 0.212298 0.0631389 9.99192E-05 0.322731 9.99192E-05 9.99192E-05 9.99192E-05 9.99192E-05 0.10201 9.99192E-05 0.0311253
9.98741E-05 9.98741E-05 0.00492165 0.00627836 9.98741E-05 9.98741E-05 9.98741E-05 9.98741E-05 9.98741E-05 9.98741E-05 9.98741E-05 0.980233 9.98741E-05 9.98741E-05 9.98741E-05 9.98741E-05 9.98741E-05 0.00364015 0.00352812
9.98382E-05 9.98382E-05 9.98382E-05 9.98382E-05 9.98382E-05 9.98382E-05 9.98382E-05 9.98382E-05 0.998203 9.98382E-05 9.98382E-05 9.98382E-05 9.98382E-05 9.98382E-05 9.98382E-05 9.98382E-05 9.98382E-05 9.98382E-05 9.98382E-05
0.0112826 0.0866817 9.98919E-05 0.234717 9.98919E-05 9.98919E-05 9.98919E-05 9.98919E-05 9.98919E-05 0.0740606 9.98919E-05 9.98919E-05 9.98919E-05 0.478403 0.0166641 9.98919E-05 0.0969922 9.98919E-05 9.98919E-05
9.9856E-05 9.9856E-05 9.9856E-05 9.9856E-05 9.9856E-05 9.9856E-05 9.9856E-05 9.9856E-05 0.945064 0.0294036 9.9856E-05 9.9856E-05 9.9856E-05 9.9856E-05 9.9856E-05 9.9856E-05 0.0239348 9.9856E-05 9.9856E-05
9.98472E-05 0.873292 9.98472E-05 9.98472E-05 9.98472E-05 9.98472E-05 9.98472E-05 9.98472E-05 0.12501 9.98472E-05 9.98472E-05 9.98472E-05 9.98472E-05 9.98472E-05 9.98472E-05 9.98472E-05 9.98472E-05 9.98472E-05 9.98472E-05
9.98472E-05 0.861774 9.98472E-05 9.98472E-05 9.98472E-05 9.98472E-05 9.98472E-05 9.98472E-05 0.136528 9.98472E-05 9.98472E-05 9.98472E-05 9.98472E-05 9.98472E-05 9.98472E-05 9.98472E-05 9.98472E-05 9.98472E-05 9.98472E-05
0.00433406 9.9883E-05 9.9883E-05 9.9883E-05 0.648791 0.189033 9.9883E-05 9.9883E-05 9.9883E-05 9.9883E-05 9.9883E-05 0.0185652 9.9883E-05 9.9883E-05 0.126992 0.0109856 9.9883E-05 9.9883E-05 9.9883E-05
9.98474E-05 9.98474E-05 9.98474E-05 0.0192107 9.98474E-05 0.979092 9.98474E-05 9.98474E-05 9.98474E-05 9.98474E-05 9.98474E-05 9.98474E-05 9.98474E-05 9.98474E-05 9.98474E-05 9.98474E-05 9.98474E-05 9.98474E-05 9.98474E-05
9.98472E-05 9.98472E-05 9.98472E-05 9.98472E-05 9.98472E-05 9.98472E-05 9.98472E-05 9.98472E-05 9.98472E-05 9.98472E-05 9.98472E-05 0.966541 9.98472E-05 9.98472E-05 9.98472E-05 0.031762 9.98472E-05 9.98472E-05 9.98472E-05
9.98562E-05 9.98562E-05 9.98562E-05 9.98562E-05 0.00362945 9.98562E-05 9.98562E-05 9.98562E-05 9.98562E-05 9.98562E-05 9.98562E-05 0.984678 9.98562E-05 9.98562E-05 9.98562E-05 0.010095 9.98562E-05 9.98562E-05 9.98562E-05
9.9874E-05 0.0375699 9.9874E-05 9.9874E-05 9.9874E-05 0.150316 9.9874E-05 9.9874E-05 9.9874E-05 9.9874E-05 0.0394139 9.9874E-05 0.765072 9.9874E-05 9.9874E-05 9.9874E-05 9.9874E-05 0.00622954 9.9874E-05
9.98559E-05 0.069764 9.98559E-05 9.98559E-05 9.98559E-05 9.98559E-05 9.98559E-05 0.0297339 9.98559E-05 9.98559E-05 0.898904 9.98559E-05 9.98559E-05 9.98559E-05 9.98559E-05 9.98559E-05 9.98559E-05 9.98559E-05 9.98559E-05
9.98649E-05 0.0476834 9.98649E-05 9.98649E-05 9.98649E-05 9.98649E-05 0.113321 9.98649E-05 9.98649E-05 0.0182514 9.98649E-05 9.98649E-05 9.98649E-05 9.98649E-05 9.98649E-05 0.819246 9.98649E-05 9.98649E-05 9.98649E-05
9.9865E-05 9.9865E-05 0.785793 9.9865E-05 9.9865E-05 9.9865E-05 9.9865E-05 0.0454402 9.9865E-05 9.9865E-05 9.9865E-05 9.9865E-05 9.9865E-05 9.9865E-05 0.0571418 9.9865E-05 9.9865E-05 0.110127 9.9865E-05
9.9883E-05 0.474944 9.9883E-05 9.9883E-05 0.0737894 9.9883E-05 9.9883E-05 9.9883E-05 9.9883E-05 9.9883E-05 0.0620794 9.9883E-05 0.338878 9.9883E-05 0.0426788 9.9883E-05 9.9883E-05 0.0063311 9.9883E-05
9.98382E-05 9.98382E-05 9.98382E-05 9.98382E-05 9.98382E-05 9.98382E-05 9.98382E-05 9.98382E-05 9.98382E-05 9.98382E-05 9.98382E-05 9.98382E-05 9.98382E-05 9.98382E-05 9.98382E-05 0.998203 9.98382E-05 9.98382E-05 9.98382E-05
9.9874E-05 9.9874E-05 9.9874E-05 9.9874E-05 0.413001 0.0435962 0.244229 9.9874E-05 9.9874E-05 9.9874E-05 0.101329 9.9874E-05 0.196448 9.9874E-05 9.9874E-05 9.9874E-05 9.9874E-05 9.9874E-05 9.9874E-05
9.98381E-05 9.98381E-05 9.98381E-05 9.98381E-05 9.98381E-05 9.98381E-05 9.98381E-05 0.998203 9.98381E-05 9.98381E-05 9.98381E-05 9.98381E-05 9.98381E-05 9.98381E-05 9.98381E-05 9.98381E-05 9.98381E-05 9.98381E-05 9.98381E-05
9.98378E-05 9.98378E-05 9.98378E-05 9.98378E-05 9.98378E-05 9.98378E-05 9.98378E-05 9.98378E-05 9.98378E-05 9.98378E-05 9.98378E-05 9.98378E-05 9.98378E-05 9.98378E-05 9.98378E-05 9.98378E-05 9.98378E-05 0.998203 9.98378E-05
0.719772 9.98654E-05 9.98654E-05 9.98654E-05 9.98654E-05 9.98654E-05 9.98654E-05 9.98654E-05 9.98654E-05 9.98654E-05 0.0095492 0.259195 9.98654E-05 9.98654E-05 9.98654E-05 9.98654E-05 9.98654E-05 9.98654E-05 0.0099852
0.254832 9.98473E-05 9.98473E-05 9.98473E-05 9.98473E-05 9.98473E-05 9.98473E-05 9.98473E-05 9.98473E-05 9.98473E-05 9.98473E-05 0.74347 9.98473E-05 9.98473E-05 9.98473E-05 9.98473E-05 9.98473E-05 9.98473E-05 9.98473E-05
9.98828E-05 0.0799261 9.98828E-05 9.98828E-05 0.0557963 0.765346 9.98828E-05 9.98828E-05 9.98828E-05 9.98828E-05 0.0463583 9.98828E-05 0.0140267 9.98828E-05 0.0372486 9.98828E-05 9.98828E-05 9.98828E-05 9.98828E-05
0.997984 9.98473E-05 9.98473E-05 9.98473E-05 9.98473E-05 9.98473E-05 9.98473E-05 9.98473E-05 9.98473E-05 9.98473E-05 9.98473E-05 9.98473E-05 9.98473E-05 9.98473E-05 0.000319037 9.98473E-05 9.98473E-05 9.98473E-05 9.98473E-05
0.998203 9.98382E-05 9.98382E-05 9.98382E-05 9.98382E-05 9.98382E-05 9.98382E-05 9.98382E-05 9.98382E-05 9.98382E-05 9.98382E-05 9.98382E-05 9.98382E-05 9.98382E-05 9.98382E-05 9.98382E-05 9.98382E-05 9.98382E-05 9.98382E-05
0.144994 9.98921E-05 0.0349775 0.550062 0.032161 9.98921E-05 0.00353992 9.98921E-05 9.98921E-05 0.0460255 9.98921E-05 0.187042 9.98921E-05 9.98921E-05 9.98921E-05 9.98921E-05 9.98921E-05 9.98921E-05 9.98921E-05
9.98559E-05 9.98559E-05 9.98559E-05 0.955145 9.98559E-05 9.98559E-05 9.98559E-05 9.98559E-05 9.98559E-05 0.0227 9.98559E-05 0.0205575 9.98559E-05 9.98559E-05 9.98559E-05 9.98559E-05 9.98559E-05 9.98559E-05 9.98559E-05
9.98385E-05 9.98385E-05 9.98385E-05 9.98385E-05 9.98385E-05 9.98385E-05 9.98385E-05 9.98385E-05 9.98385E-05 9.98385E-05 9.98385E-05 9.98385E-05 9.98385E-05 9.98385E-05 9.98385E-05 9.98385E-05 0.998203 9.98385E-05 9.98385E-05
0.279611 9.98653E-05 9.98653E-05 0.00289346 9.98653E-05 9.98653E-05 9.98653E-05 9.98653E-05 9.98653E-05 9.98653E-05 9.98653E-05 0.523927 9.98653E-05 0.19207 9.98653E-05 9.98653E-05 9.98653E-05 9.98653E-05 9.98653E-05
0.00529361 9.98833E-05 9.98833E-05 0.0381338 9.98833E-05 9.98833E-05 9.98833E-05 9.98833E-05 9.98833E-05 0.740668 9.98833E-05 9.98833E-05 0.00123036 0.209625 9.98833E-05 9.98833E-05 0.00375059 9.98833E-05 9.98833E-05
9.98916E-05 0.0557523 9.98916E-05 0.0492618 9.98916E-05 0.473378 0.0119462 9.98916E-05 9.98916E-05 0.00275564 0.345646 9.98916E-05 9.98916E-05 9.98916E-05 0.0600615 9.98916E-05 9.98916E-05 9.98916E-05 9.98916E-05
0.612526 9.98739E-05 9.98739E-05 9.98739E-05 9.98739E-05 9.98739E-05 0.0291435 9.98739E-05 9.98739E-05 9.98739E-05 0.0109992 0.316695 9.98739E-05 0.0292377 9.98739E-05 9.98739E-05 9.98739E-05 9.98739E-05 9.98739E-05
9.9865E-05 9.9865E-05 9.9865E-05 9.9865E-05 0.943051 9.9865E-05 9.9865E-05 9.9865E-05 9.9865E-05 9.9865E-05 0.000886819 9.9865E-05 9.9865E-05 0.0194382 9.9865E-05 9.9865E-05 9.9865E-05 9.9865E-05 0.0351256
9.98919E-05 0.502236 0.013512 9.98919E-05 0.0163771 9.98919E-05 0.186487 0.0615082 9.98919E-05 9.98919E-05 9.98919E-05 9.98919E-05 9.98919E-05 0.0397759 9.98919E-05 9.98919E-05 0.178904 9.98919E-05 9.98919E-05
9.9847E-05 9.9847E-05 9.9847E-05 9.9847E-05 9.9847E-05 9.9847E-05 9.9847E-05 9.9847E-05 9.9847E-05 9.9847E-05 0.989449 9.9847E-05 9.9847E-05 0.0088535 9.9847E-05 9.9847E-05 9.9847E-05 9.9847E-05 9.9847E-05
9.98471E-05 9.98471E-05 9.98471E-05 9.98471E-05 9.98471E-05 9.98471E-05 0.992074 9.98471E-05 9.98471E-05 9.98471E-05 9.98471E-05 0.00622861 9.98471E-05 9.98471E-05 9.98471E-05 9.98471E-05 9.98471E-05 9.98471E-05 9.98471E-05
9.98381E-05 9.98381E-05 9.98381E-05 9.98381E-05 9.98381E-05 9.98381E-05 0.998203 9.98381E-05 9.98381E-05 9.98381E-05 9.98381E-05 9.98381E-05 9.98381E-05 9.98381E-05 9.98381E-05 9.98381E-05 9.98381E-05 9.98381E-05 9.98381E-05
9.98829E-05 0.894585 9.98829E-05 9.98829E-05 0.0177273 9.98829E-05 0.0472877 0.0149619 9.98829E-05 9.98829E-05 0.00658488 9.98829E-05 0.0175552 9.98829E-05 9.98829E-05 9.98829E-05 9.98829E-05 9.98829E-05 9.98829E-05
9.9892E-05 0.0232586 9.9892E-05 9.9892E-05 0.00787085 0.0373535 0.00960698 9.9892E-05 0.0893503 9.9892E-05 9.9892E-05 9.9892E-05 0.806797 9.9892E-05 9.9892E-05 9.9892E-05 9.9892E-05 0.0245637 9.9892E-05
9.98651E-05 0.978629 9.98651E-05 9.98651E-05 0.0099193 0.00607905 9.98651E-05 9.98651E-05 9.98651E-05 9.98651E-05 0.00387468 9.98651E-05 9.98651E-05 9.98651E-05 9.98651E-05 9.98651E-05 9.98651E-05 9.98651E-05 9.98651E-05
9.99098E-05 0.192968 9.99098E-05 9.99098E-05 0.0285552 0.166963 0.192597 0.117364 9.99098E-05 9.99098E-05 9.99098E-05 9.99098E-05 0.0607462 9.99098E-05 0.0503869 9.99098E-05 0.0318827 0.157538 9.99098E-05
9.991E-05 0.368435 0.00200727 0.0235234 0.0797636 0.0160518 0.203866 9.991E-05 9.991E-05 9.991E-05 9.991E-05 0.0752852 0.165483 9.991E-05 9.991E-05 9.991E-05 9.991E-05 0.0645853 9.991E-05
9.9901E-05 0.235521 9.9901E-05 0.00202993 0.215392 0.115859 9.9901E-05 9.9901E-05 0.0463276 0.0269256 0.26175 0.0950968 9.9901E-05 9.9901E-05 9.9901E-05 9.9901E-05 9.9901E-05 9.9901E-05 9.9901E-05
9.9848E-05 9.9848E-05 9.9848E-05 9.9848E-05 0.951472 9.9848E-05 9.9848E-05 0.0468311 9.9848E-05 9.9848E-05 9.9848E-05 9.9848E-05 9.9848E-05 9.9848E-05 9.9848E-05 9.9848E-05 9.9848E-05 9.9848E-05 9.9848E-05
9.98382E-05 9.98382E-05 9.98382E-05 9.98382E-05 9.98382E-05 9.98382E-05 9.98382E-05 9.98382E-05 9.98382E-05 0.998203 9.98382E-05 9.98382E-05 9.98382E-05 9.98382E-05 9.98382E-05 9.98382E-05 9.98382E-05 9.98382E-05 9.98382E-05
9.98383E-05 9.98383E-05 9.98383E-05 9.98383E-05 9.98383E-05 9.98383E-05 9.98383E-05 9.98383E-05 9.98383E-05 0.998203 9.98383E-05 9.98383E-05 9.98383E-05 9.98383E-05 9.98383E-05 9.98383E-05 9.98383E-05 9.98383E-05 9.98383E-05
9.98563E-05 9.98563E-05 9.98563E-05 9.98563E-05 9.98563E-05 0.00871233 9.98563E-05 9.98563E-05 9.98563E-05 0.97999 0.00969988 9.98563E-05 9.98563E-05 9.98563E-05 9.98563E-05 9.98563E-05 9.98563E-05 9.98563E-05 9.98563E-05
9.98563E-05 9.98563E-05 9.98563E-05 9.98563E-05 9.98563E-05 9.98563E-05 9.98563E-05 0.00143971 9.98563E-05 0.992004 9.98563E-05 9.98563E-05 9.98563E-05 9.98563E-05 9.98563E-05 0.0049586 9.98563E-05 9.98563E-05 9.98563E-05
9.98473E-05 9.98473E-05 9.98473E-05 0.0287395 9.98473E-05 9.98473E-05 9.98473E-05 9.98473E-05 9.98473E-05 0.969563 9.98473E-05 9.98473E-05 9.98473E-05 9.98473E-05 9.98473E-05 9.98473E-05 9.98473E-05 9.98473E-05 9.98473E-05
9.99012E-05 9.99012E-05 9.99012E-05 0.245245 9.99012E-05 9.99012E-05 9.99012E-05 0.0824932 0.0894592 0.346633 9.99012E-05 0.0621004 0.0410942 0.104339 9.99012E-05 9.99012E-05 0.0275369 9.99012E-05 9.99012E-05
9.98652E-05 9.98652E-05 9.98652E-05 9.98652E-05 0.0342837 9.98652E-05 0.00923064 9.98652E-05 9.98652E-05 0.932945 9.98652E-05 9.98652E-05 9.98652E-05 9.98652E-05 9.98652E-05 9.98652E-05 0.0220422 9.98652E-05 9.98652E-05
9.98469E-05 9.98469E-05 9.98469E-05 9.98469E-05 0.814145 9.98469E-05 9.98469E-05 9.98469E-05 9.98469E-05 9.98469E-05 9.98469E-05 9.98469E-05 0.184158 9.98469E-05 9.98469E-05 9.98469E-05 9.98469E-05 9.98469E-05 9.98469E-05
0.0105296 9.98738E-05 9.98738E-05 9.98738E-05 9.98738E-05 9.98738E-05 9.98738E-05 9.98738E-05 0.0655276 0.0169329 9.98738E-05 9.98738E-05 9.98738E-05 9.98738E-05 9.98738E-05 9.98738E-05 0.896267 9.98738E-05 0.00934426
0.483106 9.9856E-05 9.9856E-05 9.9856E-05 9.9856E-05 9.9856E-05 0.0219797 9.9856E-05 9.9856E-05 9.9856E-05 9.9856E-05 0.493316 9.9856E-05 9.9856E-05 9.9856E-05 9.9856E-05 9.9856E-05 9.9856E-05 9.9856E-05
9.98702E-05 9.98702E-05 9.98702E-05 9.98702E-05 9.98702E-05 0.824222 0.128838 9.98702E-05 0.007902 9.98702E-05 9.98702E-05 9.98702E-05 0.00900266 9.98702E-05 0.0207141 0.00802269 9.98702E-05 9.98702E-05 9.98702E-05
9.98655E-05 9.98655E-05 9.98655E-05 9.98655E-05 0.00149949 0.0556926 9.98655E-05 9.98655E-05 9.98655E-05 9.98655E-05 9.98655E-05 9.98655E-05 0.931274 0.0100364 9.98655E-05 9.98655E-05 9.98655E-05 9.98655E-05 9.98655E-05
9.98655E-05 9.98655E-05 9.98655E-05 9.98655E-05 9.98655E-05 0.966978 9.98655E-05 9.98655E-05 0.0043862 9.98655E-05 9.98655E-05 9.98655E-05 9.98655E-05 0.00940056 9.98655E-05 9.98655E-05 9.98655E-05 9.98655E-05 0.0177368
9.98739E-05 0.101853 9.98739E-05 9.98739E-05 0.0036262 0.853219 0.0353134 9.98739E-05 9.98739E-05 9.98739E-05 9.98739E-05 0.00459014 9.98739E-05 9.98739E-05 9.98739E-05 9.98739E-05 9.98739E-05 9.98739E-05 9.98739E-05
9.98739E-05 0.112664 9.98739E-05 9.98739E-05 9.98739E-05 0.816781 9.98739E-05 9.98739E-05 9.98739E-05 9.98739E-05 0.0166005 9.98739E-05 9.98739E-05 9.98739E-05 0.0475562 9.98739E-05 9.98739E-05 0.00499969 9.98739E-05
9.98471E-05 9.98471E-05 0.990478 9.98471E-05 0.00782428 9.98471E-05 9.98471E-05 9.98471E-05 9.98471E-05 9.98471E-05 9.98471E-05 9.98471E-05 9.98471E-05 9.98471E-05 9.98471E-05 9.98471E-05 9.98471E-05 9.98471E-05 9.98471E-05
0.749548 9.98566E-05 9.98566E-05 9.98566E-05 9.98566E-05 9.98566E-05 9.98566E-05 9.98566E-05 9.98566E-05 9.98566E-05 9.98566E-05 0.2071 9.98566E-05 9.98566E-05 9.98566E-05 9.98566E-05 9.98566E-05 9.98566E-05 0.0417544
0.141471 9.99369E-05 9.99369E-05 9.99369E-05 0.0941092 0.0942857 9.99369E-05 0.0429252 0.0321318 0.00765478 9.99369E-05 0.110541 0.166425 0.0333889 9.99369E-05 9.99369E-05 0.142469 0.0952781 0.0386205
9.98502E-05 9.98502E-05 9.98502E-05 9.98502E-05 9.98502E-05 9.98502E-05 9.98502E-05 9.98502E-05 9.98502E-05 9.98502E-05 9.98502E-05 0.830663 0.00764595 0.0632704 9.98502E-05 9.98502E-05 9.98502E-05 9.98502E-05 0.0969227
0.273016 9.9883E-05 9.9883E-05 0.00161683 9.9883E-05 9.9883E-05 9.9883E-05 9.9883E-05 0.0297147 0.0215392 0.00572312 0.667092 9.9883E-05 9.9883E-05 9.9883E-05 9.9883E-05 9.9883E-05 9.9883E-05 9.9883E-05
0.998203 9.98382E-05 9.98382E-05 9.98382E-05 9.98382E-05 9.98382E-05 9.98382E-05 9.98382E-05 9.98382E-05 9.98382E-05 9.98382E-05 9.98382E-05 9.98382E-05 9.98382E-05 9.98382E-05 9.98382E-05 9.98382E-05 9.98382E-05 9.98382E-05
0.979501 9.98473E-05 9.98473E-05 9.98473E-05 9.98473E-05 9.98473E-05 9.98473E-05 0.0188016 9.98473E-05 9.98473E-05 9.98473E-05 9.98473E-05 9.98473E-05 9.98473E-05 9.98473E-05 9.98473E-05 9.98473E-05 9.98473E-05 9.98473E-05
0.191019 9.98742E-05 9.98742E-05 0.246779 9.98742E-05 9.98742E-05 0.0605195 9.98742E-05 9.98742E-05 9.98742E-05 0.0157075 0.484577 9.98742E-05 9.98742E-05 9.98742E-05 9.98742E-05 9.98742E-05 9.98742E-05 9.98742E-05
0.510074 9.98561E-05 9.98561E-05 9.98561E-05 9.98561E-05 9.98561E-05 9.98561E-05 9.98561E-05 9.98561E-05 9.98561E-05 0.0102116 0.478117 9.98561E-05 9.98561E-05 9.98561E-05 9.98561E-05 9.98561E-05 9.98561E-05 9.98561E-05
9.98471E-05 9.98471E-05 9.98471E-05 9.98471E-05 9.98471E-05 9.98471E-05 9.98471E-05 9.98471E-05 9.98471E-05 0.0227093 9.98471E-05 9.98471E-05 9.98471E-05 0.975593 9.98471E-05 9.98471E-05 9.98471E-05 9.98471E-05 9.98471E-05
9.9859E-05 9.9859E-05 9.9859E-05 9.9859E-05 9.9859E-05 0.0214989 9.9859E-05 9.9859E-05 0.00832841 9.9859E-05 9.9859E-05 9.9859E-05 9.9859E-05 0.968575 9.9859E-05 9.9859E-05 9.9859E-05 9.9859E-05 9.9859E-05
0.0551338 9.98741E-05 9.98741E-05 9.98741E-05 9.98741E-05 9.98741E-05 9.98741E-05 0.0144439 9.98741E-05 0.0262853 9.98741E-05 0.890845 0.0118935 9.98741E-05 9.98741E-05 9.98741E-05 9.98741E-05 9.98741E-05 9.98741E-05
9.9856E-05 9.9856E-05 9.9856E-05 9.9856E-05 9.9856E-05 9.9856E-05 9.9856E-05 0.017205 9.9856E-05 0.0144391 9.9856E-05 9.9856E-05 0.966758 9.9856E-05 9.9856E-05 9.9856E-05 9.9856E-05 9.9856E-05 9.9856E-05
9.9856E-05 9.9856E-05 9.9856E-05 9.9856E-05 9.9856E-05 9.9856E-05 9.9856E-05 0.00403386 9.9856E-05 0.014054 9.9856E-05 9.9856E-05 0.980314 9.9856E-05 9.9856E-05 9.9856E-05 9.9856E-05 9.9856E-05 9.9856E-05
9.98383E-05 9.98383E-05 9.98383E-05 9.98383E-05 9.98383E-05 9.98383E-05 9.98383E-05 9.98383E-05 9.98383E-05 9.98383E-05 9.98383E-05 9.98383E-05 9.98383E-05 9.98383E-05 0.998203 9.98383E-05 9.98383E-05 9.98383E-05 9.98383E-05
9.98385E-05 9.98385E-05 9.98385E-05 9.98385E-05 9.98385E-05 9.98385E-05 9.98385E-05 9.98385E-05 9.98385E-05 9.98385E-05 9.98385E-05 9.98385E-05 9.98385E-05 9.98385E-05 0.998203 9.98385E-05 9.98385E-05 9.98385E-05 9.98385E-05
0.00806525 0.691429 9.98919E-05 9.98919E-05 0.000498616 9.98919E-05 0.130214 9.98919E-05 9.98919E-05 9.98919E-05 9.98919E-05 9.98919E-05 0.0769313 9.98919E-05 9.98919E-05 0.0118192 0.0798439 9.98919E-05 9.98919E-05
9.98829E-05 0.695332 9.98829E-05 9.98829E-05 9.98829E-05 0.049517 0.111323 9.98829E-05 9.98829E-05 9.98829E-05 9.98829E-05 9.98829E-05 0.0902357 9.98829E-05 9.98829E-05 0.00627926 0.046014 9.98829E-05 9.98829E-05
9.98563E-05 9.98563E-05 9.98563E-05 9.98563E-05 9.98563E-05 9.98563E-05 9.98563E-05 9.98563E-05 9.98563E-05 9.98563E-05 9.98563E-05 9.98563E-05 0.0440865 9.98563E-05 0.95352 9.98563E-05 9.98563E-05 0.000795662 9.98563E-05
9.98383E-05 9.98383E-05 9.98383E-05 9.98383E-05 9.98383E-05 9.98383E-05 9.98383E-05 9.98383E-05 9.98383E-05 9.98383E-05 9.98383E-05 9.98383E-05 9.98383E-05 9.98383E-05 0.998203 9.98383E-05 9.98383E-05 9.98383E-05 9.98383E-05
9.98649E-05 9.98649E-05 9.98649E-05 9.98649E-05 0.943583 0.028683 9.98649E-05 9.98649E-05 9.98649E-05 0.00754123 9.98649E-05 9.98649E-05 0.0186949 9.98649E-05 9.98649E-05 9.98649E-05 9.98649E-05 9.98649E-05 9.98649E-05
9.98651E-05 9.98651E-05 9.98651E-05 9.98651E-05 9.98651E-05 0.0958101 0.752808 9.98651E-05 0.0956756 9.98651E-05 9.98651E-05 9.98651E-05 0.0542087 9.98651E-05 9.98651E-05 9.98651E-05 9.98651E-05 9.98651E-05 9.98651E-05
9.9856E-05 9.9856E-05 9.9856E-05 9.9856E-05 9.9856E-05 9.9856E-05 9.9856E-05 9.9856E-05 0.0523551 0.0712235 9.9856E-05 9.9856E-05 9.9856E-05 9.9856E-05 9.9856E-05 9.9856E-05 0.874824 9.9856E-05 9.9856E-05
0.00640429 0.131208 9.98921E-05 9.98921E-05 9.98921E-05 0.23525 9.98921E-05 9.98921E-05 9.98921E-05 9.98921E-05 0.215956 0.071896 9.98921E-05 9.98921E-05 0.0943463 9.98921E-05 9.98921E-05 0.24374 9.98921E-05
9.98833E-05 9.98833E-05 9.98833E-05 9.98833E-05 0.132013 0.239032 9.98833E-05 9.98833E-05 9.98833E-05 9.98833E-05 0.441731 9.98833E-05 9.98833E-05 9.98833E-05 0.10413 0.0140763 9.98833E-05 0.0677198 9.98833E-05
9.98381E-05 9.98381E-05 9.98381E-05 0.998203 9.98381E-05 9.98381E-05 9.98381E-05 9.98381E-05 9.98381E-05 9.98381E-05 9.98381E-05 9.98381E-05 9.98381E-05 9.98381E-05 9.98381E-05 9.98381E-05 9.98381E-05 9.98381E-05 9.98381E-05
