0.976325 9.9982E-05 0.00408181 0.019393 9.9982E-05
0.378197 9.9991E-05 0.264911 0.0370786 0.319714
0.0695392 0.049431 0.0507845 0.0427697 0.787476
9.9973E-05 9.9973E-05 9.9973E-05 0.0165551 0.983145
0.244007 9.99821E-05 0.306775 9.99821E-05 0.449018
9.9973E-05 9.9973E-05 9.9973E-05 0.0209314 0.978769
0.615298 9.99821E-05 0.325702 9.99821E-05 0.0588002
0.069535 9.9991E-05 0.497463 0.0265954 0.406307
0.529891 9.99821E-05 0.45394 9.99821E-05 0.0159692
0.716471 9.9982E-05 0.184014 0.099315 9.9982E-05
0.755935 9.9982E-05 0.131998 0.111866 9.9982E-05
0.773351 9.9982E-05 9.9982E-05 0.153956 0.072493
0.874481 0.0228014 9.99821E-05 9.99821E-05 0.102517
9.9982E-05 0.0194866 9.9982E-05 0.0183594 0.961954
0.00432157 0.0188232 9.9991E-05 0.00522005 0.971535
0.891755 9.9991E-05 0.0670724 0.0340254 0.00704756
0.505447 0.0850689 9.9991E-05 0.392274 0.01711
0.215363 0.714533 0.0699043 9.9982E-05 9.9982E-05
9.9973E-05 0.91689 9.9973E-05 0.0828104 9.9973E-05
0.805348 9.9982E-05 0.0326152 0.161836 9.9982E-05
9.997E-05 0.9996 9.997E-05 9.997E-05 9.997E-05
0.954109 9.9973E-05 9.9973E-05 0.0455913 9.9973E-05
0.120044 0.404563 0.0548954 0.420397 9.9991E-05
9.9973E-05 0.929109 9.9973E-05 0.0705913 9.9973E-05
9.997E-05 9.997E-05 9.997E-05 9.997E-05 0.9996
9.997E-05 9.997E-05 9.997E-05 9.997E-05 0.9996
0.914768 9.9973E-05 9.9973E-05 0.0849323 9.9973E-05
9.9973E-05 9.9973E-05 0.0526421 9.9973E-05 0.947058
9.9973E-05 9.9973E-05 0.084974 9.9973E-05 0.914726
9.9991E-05 0.0232213 0.281776 0.0343096 0.660593
9.9991E-05 0.00629677 0.268712 0.0525419 0.672349
0.284298 9.99821E-05 0.624339 9.99821E-05 0.0911624
9.99731E-05 9.99731E-05 9.99731E-05 0.0152236 0.984477
9.9973E-05 9.9973E-05 0.912785 9.9973E-05 0.0869149
0.682889 9.9982E-05 9.9982E-05 0.262898 0.0540133
9.99729E-05 9.99729E-05 9.99729E-05 0.00528065 0.994419
0.897818 9.99821E-05 9.99821E-05 0.0282616 0.0737207
0.740016 0.0453591 0.186209 0.028316 9.9991E-05
0.335793 0.0676266 9.9991E-05 0.440931 0.15555
0.791214 9.9982E-05 9.9982E-05 0.06692 0.141666
0.77875 0.0179285 9.9991E-05 0.105899 0.0973222
0.859522 0.0041432 0.0147187 0.121516 9.9991E-05
0.941927 9.9973E-05 0.0577731 9.9973E-05 9.9973E-05
0.778226 9.9982E-05 0.0796313 0.141943 9.9982E-05
0.678563 0.124011 0.0140984 0.183228 9.9991E-05
0.706768 0.0442029 0.0662127 0.122042 0.0607737
0.630011 9.9991E-05 0.024264 0.188817 0.156808
0.961709 0.0379911 9.99733E-05 9.99733E-05 9.99733E-05
9.997E-05 9.997E-05 0.9996 9.997E-05 9.997E-05
9.997E-05 9.997E-05 0.9996 9.997E-05 9.997E-05
9.99729E-05 0.00608074 0.993619 9.99729E-05 9.99729E-05
9.997E-05 9.997E-05 0.9996 9.997E-05 9.997E-05
9.997E-05 9.997E-05 0.9996 9.997E-05 9.997E-05
0.109729 0.0312802 0.650091 9.9991E-05 0.2088
9.997E-05 9.997E-05 0.9996 9.997E-05 9.997E-05
0.9996 9.997E-05 9.997E-05 9.997E-05 9.997E-05
0.314381 9.9982E-05 0.547403 9.9982E-05 0.138016
9.997E-05 9.997E-05 9.997E-05 9.997E-05 0.9996
0.939445 9.99821E-05 9.99821E-05 0.052453 0.00790192
0.91411 9.99731E-05 9.99731E-05 9.99731E-05 0.0855903
0.9752 0.0219951 9.99821E-05 9.99821E-05 0.00260452
0.995625 9.9982E-05 9.9982E-05 0.00241604 0.00175853
0.900438 0.0184439 9.9982E-05 0.0809184 9.9982E-05
0.0477135 0.944536 0.00755013 9.99821E-05 9.99821E-05
9.997E-05 9.997E-05 9.997E-05 9.997E-05 0.9996
0.398437 0.0542248 0.0709682 0.0745035 0.401866
9.997E-05 9.997E-05 9.997E-05 9.997E-05 0.9996
9.9973E-05 9.9973E-05 0.0136352 9.9973E-05 0.986065
0.0154721 9.9982E-05 0.0914298 9.9982E-05 0.892898
9.9982E-05 0.00588385 0.0520786 9.9982E-05 0.941838
0.05752 9.99731E-05 9.99731E-05 9.99731E-05 0.94218
9.997E-05 9.997E-05 9.997E-05 9.997E-05 0.9996
9.99732E-05 9.99732E-05 0.507468 9.99732E-05 0.492232
0.0747086 0.00999895 0.375344 9.99911E-05 0.539848
0.00168229 0.00043799 0.034142 9.9991E-05 0.963638
0.739307 9.9991E-05 0.103651 0.0762444 0.0806979
0.740735 9.9991E-05 0.0963479 0.0809949 0.0818218
9.997E-05 9.997E-05 9.997E-05 0.9996 9.997E-05
9.997E-05 9.997E-05 9.997E-05 0.9996 9.997E-05
0.780757 9.99819E-05 0.106709 0.112334 9.99819E-05
0.825317 9.99819E-05 0.0956791 0.0788039 9.99819E-05
9.997E-05 9.997E-05 9.997E-05 0.9996 9.997E-05
9.997E-05 9.997E-05 9.997E-05 0.9996 9.997E-05
0.968995 9.9973E-05 0.0307049 9.9973E-05 9.9973E-05
0.890286 0.0554887 0.0219727 9.9991E-05 0.0321527
0.304533 9.9982E-05 0.586253 9.9982E-05 0.109015
0.514117 0.131781 9.9991E-05 0.307333 0.0466687
0.584138 0.0713244 9.99821E-05 0.344338 9.99821E-05
9.9991E-05 0.0244875 0.361779 0.0410045 0.572629
