9.996E-05 0.9995 9.996E-05 9.996E-05 9.996E-05 9.996E-05
0.232503 0.434502 9.9973E-05 9.9973E-05 9.9973E-05 0.332695
0.0632041 9.99911E-05 0.0740784 0.022948 0.0978455 0.741824
9.9964E-05 9.9964E-05 9.9964E-05 9.9964E-05 0.0220761 0.977524
0.24576 0.295039 9.99731E-05 9.99731E-05 9.99731E-05 0.458901
9.9982E-05 0.00552416 9.9982E-05 0.00223057 0.0043876 0.987658
0.414008 9.99642E-05 0.585592 9.99642E-05 9.99642E-05 9.99642E-05
0.475518 0.0648014 0.00077192 9.9991E-05 0.0305879 0.428221
0.431511 0.115913 0.439545 9.9982E-05 9.9982E-05 0.0128314
0.126234 0.747868 0.0379402 9.9982E-05 0.0877579 9.9982E-05
0.0880658 0.723593 0.0993078 9.9982E-05 0.0888336 9.9982E-05
9.9982E-05 0.680864 0.131961 9.9982E-05 0.133458 0.053517
9.996E-05 9.996E-05 0.9995 9.996E-05 9.996E-05 9.996E-05
9.9973E-05 9.9973E-05 9.9973E-05 0.0293221 0.0252847 0.945093
9.9964E-05 0.0553571 9.9964E-05 9.9964E-05 9.9964E-05 0.944243
0.0420545 0.516664 0.390628 9.9991E-05 0.0461612 0.00439294
0.00163274 0.259638 0.269445 0.0854871 0.383698 9.9991E-05
0.101582 0.209598 9.99729E-05 0.688521 9.99729E-05 9.99729E-05
9.9964E-05 9.9964E-05 9.9964E-05 0.911968 0.0876321 9.9964E-05
9.9973E-05 0.791219 0.102368 9.9973E-05 0.106113 9.9973E-05
9.996E-05 9.996E-05 9.996E-05 0.9995 9.996E-05 9.996E-05
9.9973E-05 0.83212 0.120224 9.9973E-05 0.047356 9.9973E-05
0.0670419 0.129865 9.9982E-05 0.409021 0.393872 9.9982E-05
9.996E-05 9.996E-05 9.996E-05 0.901265 0.0983349 9.996E-05
0.0262529 9.9964E-05 9.9964E-05 9.9964E-05 9.9964E-05 0.973347
9.996E-05 9.996E-05 9.996E-05 9.996E-05 9.996E-05 0.9995
9.99729E-05 0.15118 0.757686 9.99729E-05 0.0908338 9.99729E-05
0.0762558 9.9964E-05 9.9964E-05 9.9964E-05 9.9964E-05 0.923344
0.0952482 9.9973E-05 0.00639523 9.9973E-05 9.9973E-05 0.898057
0.245158 9.9991E-05 0.0281969 0.0196121 0.0163605 0.690573
0.315247 9.9973E-05 9.9973E-05 9.9973E-05 0.0579246 0.626529
0.552859 0.319542 9.99731E-05 9.99731E-05 9.99731E-05 0.127299
9.996E-05 9.996E-05 9.996E-05 9.996E-05 9.996E-05 0.9995
0.909666 9.99641E-05 9.99641E-05 9.99641E-05 9.99641E-05 0.0899344
9.99819E-05 0.140107 0.586109 9.99819E-05 0.215383 0.0582014
9.99639E-05 9.99639E-05 0.016009 9.99639E-05 9.99639E-05 0.983591
9.99642E-05 0.960911 9.99642E-05 9.99642E-05 9.99642E-05 0.038689
0.164651 0.795992 9.9982E-05 0.0355962 9.9982E-05 0.00356093
9.9991E-05 0.202355 0.201459 0.0389577 0.398688 0.158439
9.99729E-05 0.878603 9.99729E-05 9.99729E-05 0.0156664 0.10543
9.9982E-05 0.893497 9.9982E-05 0.0032997 0.0319462 0.0710576
9.9982E-05 0.85509 0.0600401 0.0378784 0.0467919 9.9982E-05
0.0634833 0.65415 0.282066 9.9973E-05 9.9973E-05 9.9973E-05
0.0799933 0.768914 0.0708994 0.0109111 0.0691824 9.9991E-05
0.0125823 0.521789 0.198787 0.110717 0.156025 9.9991E-05
0.0179586 0.737486 0.0828902 0.0326986 0.0804942 0.0484721
0.0758312 0.44805 0.259589 9.9991E-05 0.119728 0.096702
9.996E-05 0.9995 9.996E-05 9.996E-05 9.996E-05 9.996E-05
0.9995 9.996E-05 9.996E-05 9.996E-05 9.996E-05 9.996E-05
0.9995 9.996E-05 9.996E-05 9.996E-05 9.996E-05 9.996E-05
0.996176 9.99639E-05 9.99639E-05 9.99639E-05 0.00342416 9.99639E-05
0.9995 9.996E-05 9.996E-05 9.996E-05 9.996E-05 9.996E-05
0.9995 9.996E-05 9.996E-05 9.996E-05 9.996E-05 9.996E-05
0.665289 0.0536093 0.0639408 0.0147624 9.9991E-05 0.202298
0.996631 9.99639E-05 9.99639E-05 9.99639E-05 0.00296915 9.99639E-05
9.9964E-05 0.942203 0.0573973 9.9964E-05 9.9964E-05 9.9964E-05
0.551543 0.338111 9.9973E-05 9.9973E-05 9.9973E-05 0.110047
9.996E-05 9.996E-05 9.996E-05 9.996E-05 9.996E-05 0.9995
0.00733765 0.0280527 0.898574 9.9982E-05 0.0658362 9.9982E-05
9.9973E-05 0.560341 0.384558 9.9973E-05 9.9973E-05 0.0548014
9.996E-05 9.996E-05 0.9995 9.996E-05 9.996E-05 9.996E-05
9.99639E-05 0.110395 0.889205 9.99639E-05 9.99639E-05 9.99639E-05
9.99729E-05 0.0117589 0.888077 9.99729E-05 0.0998642 9.99729E-05
9.99641E-05 0.0808017 9.99641E-05 0.918798 9.99641E-05 9.99641E-05
9.996E-05 9.996E-05 9.996E-05 9.996E-05 9.996E-05 0.9995
0.0957233 0.410234 0.0216436 0.113959 0.0390277 0.319413
9.99641E-05 9.99641E-05 0.0172663 9.99641E-05 9.99641E-05 0.982334
9.9964E-05 0.0238912 9.9964E-05 9.9964E-05 9.9964E-05 0.975709
0.107475 9.9973E-05 0.0094322 9.9973E-05 9.9973E-05 0.882793
0.0632218 9.9973E-05 9.9973E-05 0.00176721 9.9973E-05 0.934711
9.99731E-05 0.0510015 9.99731E-05 9.99731E-05 0.00298843 0.94571
9.9973E-05 0.0111183 0.000170415 9.9973E-05 9.9973E-05 0.988411
0.518545 9.99643E-05 9.99643E-05 9.99643E-05 9.99643E-05 0.481055
0.381998 9.99732E-05 0.148262 9.99732E-05 9.99732E-05 0.469439
0.0376683 0.0150039 9.9982E-05 9.9982E-05 0.00759132 0.939537
0.136536 0.644157 0.134518 9.9991E-05 0.0522871 0.0324017
0.136139 0.637927 0.158546 9.9991E-05 0.0396931 0.027594
9.996E-05 9.996E-05 9.996E-05 9.996E-05 0.9995 9.996E-05
9.996E-05 9.996E-05 9.996E-05 9.996E-05 0.9995 9.996E-05
0.104934 0.817982 0.0315624 0.00320521 0.042216 9.9991E-05
0.0636278 0.834192 0.0816971 0.0104133 0.00996938 9.9991E-05
9.996E-05 9.996E-05 9.996E-05 9.996E-05 0.9995 9.996E-05
9.996E-05 9.996E-05 9.996E-05 9.996E-05 0.9995 9.996E-05
9.99641E-05 0.963596 0.0360044 9.99641E-05 9.99641E-05 9.99641E-05
0.0774996 0.611057 0.255735 0.0555087 9.9982E-05 9.9982E-05
0.512466 0.3117 0.0123374 9.9982E-05 9.9982E-05 0.163297
9.9991E-05 0.112342 0.403232 0.128158 0.28954 0.0666268
9.9991E-05 0.174796 0.448878 0.0765003 0.297905 0.00182065
0.367731 9.99821E-05 9.99821E-05 0.0370596 0.0444301 0.550579
