9.98738E-05 9.98738E-05 9.98738E-05 9.98738E-05 0.0236546 9.98738E-05 9.98738E-05 9.98738E-05 9.98738E-05 9.98738E-05 9.98738E-05 9.98738E-05 0.946386 9.98738E-05 0.0285613 9.98738E-05 9.98738E-05
9.99008E-05 0.000219614 9.99008E-05 0.657161 9.99008E-05 9.99008E-05 9.99008E-05 9.99008E-05 9.99008E-05 9.99008E-05 0.126583 0.133352 0.0751007 9.99008E-05 0.00648468 9.99008E-05 9.99008E-05
9.98561E-05 9.98561E-05 9.98561E-05 9.98561E-05 9.98561E-05 9.98561E-05 9.98561E-05 9.98561E-05 0.998402 9.98561E-05 9.98561E-05 9.98561E-05 9.98561E-05 9.98561E-05 9.98561E-05 9.98561E-05 9.98561E-05
9.98921E-05 9.98921E-05 0.00755061 9.98921E-05 9.98921E-05 9.98921E-05 9.98921E-05 9.98921E-05 0.0232526 9.98921E-05 0.0193407 0.93271 9.98921E-05 9.98921E-05 0.0159476 9.98921E-05 9.98921E-05
9.99191E-05 9.99191E-05 0.00579661 0.336082 9.99191E-05 0.090191 9.99191E-05 9.99191E-05 0.104805 9.99191E-05 9.99191E-05 0.308533 0.0131894 0.0461945 9.99191E-05 9.99191E-05 0.0943085
9.9901E-05 9.9901E-05 9.9901E-05 9.9901E-05 9.9901E-05 0.0287845 9.9901E-05 0.00295259 0.0482455 9.9901E-05 0.0105047 0.89648 9.9901E-05 9.9901E-05 0.0119341 9.9901E-05 9.9901E-05
0.29235 9.98744E-05 9.98744E-05 0.683776 9.98744E-05 9.98744E-05 9.98744E-05 9.98744E-05 9.98744E-05 0.0224756 9.98744E-05 9.98744E-05 9.98744E-05 9.98744E-05 9.98744E-05 9.98744E-05 9.98744E-05
9.99008E-05 9.99008E-05 0.0705961 0.109371 9.99008E-05 9.99008E-05 9.99008E-05 9.99008E-05 0.0382573 9.99008E-05 9.99008E-05 0.0423234 9.99008E-05 0.635649 9.99008E-05 9.99008E-05 0.102704
0.205486 9.98743E-05 9.98743E-05 0.701155 9.98743E-05 9.98743E-05 9.98743E-05 9.98743E-05 9.98743E-05 0.0919603 9.98743E-05 9.98743E-05 9.98743E-05 9.98743E-05 9.98743E-05 9.98743E-05 9.98743E-05
9.98565E-05 9.98565E-05 9.98565E-05 9.98565E-05 9.98565E-05 9.98565E-05 9.98565E-05 9.98565E-05 9.98565E-05 9.98565E-05 9.98565E-05 9.98565E-05 9.98565E-05 9.98565E-05 9.98565E-05 9.98565E-05 0.998402
9.98565E-05 9.98565E-05 9.98565E-05 9.98565E-05 9.98565E-05 9.98565E-05 9.98565E-05 9.98565E-05 9.98565E-05 9.98565E-05 9.98565E-05 9.98565E-05 9.98565E-05 9.98565E-05 9.98565E-05 9.98565E-05 0.998402
0.149004 9.9919E-05 9.9919E-05 9.9919E-05 9.9919E-05 0.0208155 9.9919E-05 9.9919E-05 0.0190011 0.00441132 9.9919E-05 0.0196765 0.642725 9.9919E-05 0.127864 0.0156035 9.9919E-05
0.978271 9.98654E-05 9.98654E-05 9.98654E-05 9.98654E-05 9.98654E-05 9.98654E-05 9.98654E-05 9.98654E-05 9.98654E-05 9.98654E-05 9.98654E-05 9.98654E-05 0.020231 9.98654E-05 9.98654E-05 9.98654E-05
9.98742E-05 9.98742E-05 9.98742E-05 9.98742E-05 9.98742E-05 0.021779 9.98742E-05 9.98742E-05 9.98742E-05 9.98742E-05 9.98742E-05 0.948912 9.98742E-05 9.98742E-05 9.98742E-05 0.0279109 9.98742E-05
9.99011E-05 0.014488 9.99011E-05 9.99011E-05 0.0105847 9.99011E-05 9.99011E-05 9.99011E-05 9.99011E-05 9.99011E-05 9.99011E-05 0.927297 0.0230118 9.99011E-05 9.99011E-05 0.00464049 0.0188791
0.138792 9.98829E-05 9.98829E-05 9.98829E-05 9.98829E-05 0.124776 9.98829E-05 9.98829E-05 9.98829E-05 0.728003 9.98829E-05 9.98829E-05 9.98829E-05 9.98829E-05 9.98829E-05 9.98829E-05 0.0071305
9.9883E-05 9.9883E-05 9.9883E-05 9.9883E-05 0.0287758 9.9883E-05 0.00490762 9.9883E-05 9.9883E-05 9.9883E-05 0.907014 9.9883E-05 9.9883E-05 9.9883E-05 9.9883E-05 9.9883E-05 0.0580045
9.98561E-05 0.998402 9.98561E-05 9.98561E-05 9.98561E-05 9.98561E-05 9.98561E-05 9.98561E-05 9.98561E-05 9.98561E-05 9.98561E-05 9.98561E-05 9.98561E-05 9.98561E-05 9.98561E-05 9.98561E-05 9.98561E-05
9.98561E-05 9.98561E-05 9.98561E-05 9.98561E-05 9.98561E-05 9.98561E-05 0.998402 9.98561E-05 9.98561E-05 9.98561E-05 9.98561E-05 9.98561E-05 9.98561E-05 9.98561E-05 9.98561E-05 9.98561E-05 9.98561E-05
9.99008E-05 9.99008E-05 9.99008E-05 9.99008E-05 9.99008E-05 0.193564 9.99008E-05 9.99008E-05 9.99008E-05 0.281273 0.0149277 9.99008E-05 0.0776895 9.99008E-05 0.0165058 9.99008E-05 0.414941
9.98563E-05 9.98563E-05 9.98563E-05 9.98563E-05 9.98563E-05 9.98563E-05 9.98563E-05 9.98563E-05 9.98563E-05 9.98563E-05 9.98563E-05 9.98563E-05 9.98563E-05 9.98563E-05 9.98563E-05 0.998402 9.98563E-05
0.06796 9.99009E-05 9.99009E-05 9.99009E-05 9.99009E-05 9.99009E-05 9.99009E-05 0.00326876 9.99009E-05 0.25489 0.0698329 9.99009E-05 0.52127 9.99009E-05 9.99009E-05 9.99009E-05 0.08168
9.9856E-05 9.9856E-05 9.9856E-05 9.9856E-05 0.998402 9.9856E-05 9.9856E-05 9.9856E-05 9.9856E-05 9.9856E-05 9.9856E-05 9.9856E-05 9.9856E-05 9.9856E-05 9.9856E-05 9.9856E-05 9.9856E-05
9.9874E-05 0.0589039 9.9874E-05 9.9874E-05 0.136892 9.9874E-05 0.802806 9.9874E-05 9.9874E-05 9.9874E-05 9.9874E-05 9.9874E-05 9.9874E-05 9.9874E-05 9.9874E-05 9.9874E-05 9.9874E-05
0.00819187 9.98833E-05 0.0105221 9.98833E-05 9.98833E-05 9.98833E-05 9.98833E-05 9.98833E-05 0.0362753 9.98833E-05 9.98833E-05 0.943712 9.98833E-05 9.98833E-05 9.98833E-05 9.98833E-05 9.98833E-05
9.98564E-05 9.98564E-05 9.98564E-05 9.98564E-05 9.98564E-05 9.98564E-05 9.98564E-05 9.98564E-05 9.98564E-05 9.98564E-05 9.98564E-05 0.998402 9.98564E-05 9.98564E-05 9.98564E-05 9.98564E-05 9.98564E-05
0.794003 9.98918E-05 9.98918E-05 9.98918E-05 9.98918E-05 9.98918E-05 9.98918E-05 9.98918E-05 9.98918E-05 9.98918E-05 0.0445943 9.98918E-05 0.0743508 9.98918E-05 0.0501795 9.98918E-05 0.0356734
0.0200663 9.98831E-05 0.0555783 9.98831E-05 9.98831E-05 9.98831E-05 9.98831E-05 9.98831E-05 9.98831E-05 0.00636897 9.98831E-05 0.916688 9.98831E-05 9.98831E-05 9.98831E-05 9.98831E-05 9.98831E-05
0.0119065 9.98832E-05 0.0536749 9.98832E-05 9.98832E-05 9.98832E-05 9.98832E-05 9.98832E-05 9.98832E-05 0.0246913 9.98832E-05 0.908429 9.98832E-05 9.98832E-05 9.98832E-05 9.98832E-05 9.98832E-05
9.99191E-05 9.99191E-05 0.112585 9.99191E-05 9.99191E-05 0.00930161 9.99191E-05 0.0542739 9.99191E-05 9.99191E-05 0.000734776 0.476244 0.00495108 0.308924 0.0320866 9.99191E-05 9.99191E-05
9.99008E-05 9.99008E-05 0.0103777 9.99008E-05 0.0137124 9.99008E-05 9.99008E-05 9.99008E-05 9.99008E-05 9.99008E-05 0.0201312 0.258212 9.99008E-05 0.677627 0.0188413 9.99008E-05 9.99008E-05
9.98564E-05 9.98564E-05 9.98564E-05 0.998402 9.98564E-05 9.98564E-05 9.98564E-05 9.98564E-05 9.98564E-05 9.98564E-05 9.98564E-05 9.98564E-05 9.98564E-05 9.98564E-05 9.98564E-05 9.98564E-05 9.98564E-05
9.98833E-05 9.98833E-05 9.98833E-05 9.98833E-05 9.98833E-05 9.98833E-05 9.98833E-05 9.98833E-05 9.98833E-05 0.00197864 0.0120861 0.838273 9.98833E-05 0.146364 9.98833E-05 9.98833E-05 9.98833E-05
9.99013E-05 9.99013E-05 0.742958 9.99013E-05 9.99013E-05 9.99013E-05 9.99013E-05 9.99013E-05 0.0192265 0.0170559 9.99013E-05 0.0162017 9.99013E-05 0.202228 9.99013E-05 9.99013E-05 0.00123086
0.459353 9.99097E-05 9.99097E-05 9.99097E-05 9.99097E-05 0.0295428 9.99097E-05 9.99097E-05 9.99097E-05 9.99097E-05 0.234401 9.99097E-05 0.0900242 0.0519125 0.11904 9.99097E-05 0.0147278
0.00297173 9.98919E-05 9.98919E-05 9.98919E-05 9.98919E-05 9.98919E-05 9.98919E-05 9.98919E-05 9.98919E-05 0.00130026 0.0155571 0.951874 9.98919E-05 0.0270985 9.98919E-05 9.98919E-05 9.98919E-05
9.98741E-05 9.98741E-05 9.98741E-05 9.98741E-05 9.98741E-05 0.0233588 9.98741E-05 9.98741E-05 0.0331004 9.98741E-05 9.98741E-05 9.98741E-05 0.942143 9.98741E-05 9.98741E-05 9.98741E-05 9.98741E-05
9.99278E-05 9.99278E-05 0.0074501 0.172228 0.0631421 9.99278E-05 9.99278E-05 0.0310692 0.0296159 9.99278E-05 0.0438494 0.00428926 0.116629 9.99278E-05 9.99278E-05 9.99278E-05 0.530927
9.98562E-05 9.98562E-05 9.98562E-05 9.98562E-05 9.98562E-05 9.98562E-05 9.98562E-05 9.98562E-05 9.98562E-05 9.98562E-05 0.998402 9.98562E-05 9.98562E-05 9.98562E-05 9.98562E-05 9.98562E-05 9.98562E-05
9.99008E-05 0.0293131 9.99008E-05 9.99008E-05 9.99008E-05 9.99008E-05 9.99008E-05 9.99008E-05 9.99008E-05 0.277249 0.158799 0.0728583 0.256835 9.99008E-05 9.99008E-05 9.99008E-05 0.203847
9.99098E-05 0.07253 9.99098E-05 0.0171307 9.99098E-05 9.99098E-05 9.99098E-05 9.99098E-05 9.99098E-05 0.252754 0.0883178 0.0449291 0.297845 9.99098E-05 9.99098E-05 9.99098E-05 0.225494
9.99009E-05 9.99009E-05 9.99009E-05 9.99009E-05 9.99009E-05 0.0663228 0.0240934 9.99009E-05 9.99009E-05 0.0106239 0.0137605 9.99009E-05 0.0409726 9.99009E-05 9.99009E-05 9.99009E-05 0.843128
0.0683534 9.98921E-05 9.98921E-05 9.98921E-05 9.98921E-05 9.98921E-05 9.98921E-05 9.98921E-05 9.98921E-05 0.87319 9.98921E-05 9.98921E-05 0.00108598 9.98921E-05 9.98921E-05 0.000938294 0.0552332
9.98918E-05 9.98918E-05 9.98918E-05 9.98918E-05 9.98918E-05 0.128582 9.98918E-05 9.98918E-05 0.00353149 9.98918E-05 0.0281663 9.98918E-05 0.0462618 9.98918E-05 9.98918E-05 9.98918E-05 0.79226
0.134781 0.0229999 9.99278E-05 0.0325595 0.226986 0.181903 9.99278E-05 9.99278E-05 9.99278E-05 0.0735896 9.99278E-05 9.99278E-05 0.0554403 9.99278E-05 0.0189154 9.99278E-05 0.252025
9.99098E-05 9.99098E-05 9.99098E-05 9.99098E-05 0.0188669 0.188678 9.99098E-05 0.0986241 9.99098E-05 0.160373 9.99098E-05 0.0581062 0.10415 9.99098E-05 9.99098E-05 9.99098E-05 0.370204
0.107721 9.9928E-05 0.0493291 0.0204293 9.9928E-05 0.26266 9.9928E-05 9.9928E-05 0.00986914 9.9928E-05 0.154134 0.0499503 0.186706 9.9928E-05 9.9928E-05 9.9928E-05 0.158402
9.98749E-05 0.00464554 9.98749E-05 9.98749E-05 0.00362046 9.98749E-05 9.98749E-05 9.98749E-05 9.98749E-05 9.98749E-05 9.98749E-05 9.98749E-05 0.990336 9.98749E-05 9.98749E-05 9.98749E-05 9.98749E-05
9.98562E-05 9.98562E-05 0.998402 9.98562E-05 9.98562E-05 9.98562E-05 9.98562E-05 9.98562E-05 9.98562E-05 9.98562E-05 9.98562E-05 9.98562E-05 9.98562E-05 9.98562E-05 9.98562E-05 9.98562E-05 9.98562E-05
9.98562E-05 9.98562E-05 0.998402 9.98562E-05 9.98562E-05 9.98562E-05 9.98562E-05 9.98562E-05 9.98562E-05 9.98562E-05 9.98562E-05 9.98562E-05 9.98562E-05 9.98562E-05 9.98562E-05 9.98562E-05 9.98562E-05
9.98742E-05 9.98742E-05 0.981097 9.98742E-05 9.98742E-05 9.98742E-05 9.98742E-05 9.98742E-05 0.0154625 9.98742E-05 9.98742E-05 9.98742E-05 9.98742E-05 9.98742E-05 9.98742E-05 9.98742E-05 0.00204256
9.98742E-05 0.00779996 0.989848 9.98742E-05 9.98742E-05 9.98742E-05 9.98742E-05 0.00095424 9.98742E-05 9.98742E-05 9.98742E-05 9.98742E-05 9.98742E-05 9.98742E-05 9.98742E-05 9.98742E-05 9.98742E-05
9.98562E-05 9.98562E-05 0.998402 9.98562E-05 9.98562E-05 9.98562E-05 9.98562E-05 9.98562E-05 9.98562E-05 9.98562E-05 9.98562E-05 9.98562E-05 9.98562E-05 9.98562E-05 9.98562E-05 9.98562E-05 9.98562E-05
0.00070225 9.99192E-05 0.390061 0.0714161 0.0861539 9.99192E-05 9.99192E-05 9.99192E-05 0.00724712 0.0480712 9.99192E-05 0.0232407 9.99192E-05 0.372209 9.99192E-05 9.99192E-05 9.99192E-05
9.98741E-05 9.98741E-05 0.926808 0.0638614 9.98741E-05 9.98741E-05 9.98741E-05 9.98741E-05 9.98741E-05 9.98741E-05 0.00793191 9.98741E-05 9.98741E-05 9.98741E-05 9.98741E-05 9.98741E-05 9.98741E-05
9.98738E-05 9.98738E-05 9.98738E-05 9.98738E-05 9.98738E-05 0.0386207 9.98738E-05 9.98738E-05 9.98738E-05 0.142776 9.98738E-05 9.98738E-05 0.817205 9.98738E-05 9.98738E-05 9.98738E-05 9.98738E-05
9.98827E-05 9.98827E-05 0.0592749 0.911 9.98827E-05 9.98827E-05 9.98827E-05 9.98827E-05 9.98827E-05 9.98827E-05 9.98827E-05 9.98827E-05 0.0144852 9.98827E-05 0.0139411 9.98827E-05 9.98827E-05
9.9865E-05 9.9865E-05 9.9865E-05 9.9865E-05 9.9865E-05 9.9865E-05 9.9865E-05 9.9865E-05 9.9865E-05 9.9865E-05 0.0265363 0.971966 9.9865E-05 9.9865E-05 9.9865E-05 9.9865E-05 9.9865E-05
0.783117 9.9901E-05 9.9901E-05 9.9901E-05 9.9901E-05 9.9901E-05 9.9901E-05 9.9901E-05 9.9901E-05 0.080239 0.00796019 9.9901E-05 0.0427487 9.9901E-05 0.0723406 0.0124952 9.9901E-05
9.98653E-05 9.98653E-05 9.98653E-05 9.98653E-05 9.98653E-05 0.128465 9.98653E-05 9.98653E-05 9.98653E-05 0.870037 9.98653E-05 9.98653E-05 9.98653E-05 9.98653E-05 9.98653E-05 9.98653E-05 9.98653E-05
0.998402 9.98565E-05 9.98565E-05 9.98565E-05 9.98565E-05 9.98565E-05 9.98565E-05 9.98565E-05 9.98565E-05 9.98565E-05 9.98565E-05 9.98565E-05 9.98565E-05 9.98565E-05 9.98565E-05 9.98565E-05 9.98565E-05
0.874646 0.00887192 9.99009E-05 9.99009E-05 0.00441454 9.99009E-05 9.99009E-05 9.99009E-05 9.99009E-05 9.99009E-05 9.99009E-05 0.00703954 0.0134189 9.99009E-05 9.99009E-05 9.99009E-05 0.0905103
0.750206 9.99008E-05 9.99008E-05 9.99008E-05 9.99008E-05 0.0513372 0.00749032 9.99008E-05 9.99008E-05 9.99008E-05 0.0258307 9.99008E-05 9.99008E-05 9.99008E-05 0.0805637 9.99008E-05 0.083473
9.98562E-05 9.98562E-05 9.98562E-05 9.98562E-05 9.98562E-05 9.98562E-05 9.98562E-05 0.998402 9.98562E-05 9.98562E-05 9.98562E-05 9.98562E-05 9.98562E-05 9.98562E-05 9.98562E-05 9.98562E-05 9.98562E-05
9.98747E-05 9.98747E-05 9.98747E-05 9.98747E-05 9.98747E-05 9.98747E-05 9.98747E-05 9.98747E-05 0.00597411 9.98747E-05 9.98747E-05 0.972801 9.98747E-05 0.0198265 9.98747E-05 9.98747E-05 9.98747E-05
0.0955985 0.077396 0.099293 0.0496539 9.99551E-05 0.129833 9.99551E-05 9.99551E-05 9.99551E-05 0.00844828 0.0111239 0.300499 0.101267 0.0259222 0.0708154 9.99551E-05 0.0296495
0.0108211 9.98924E-05 9.98924E-05 9.98924E-05 9.98924E-05 9.98924E-05 9.98924E-05 9.98924E-05 0.154035 0.0119727 9.98924E-05 0.802897 9.98924E-05 0.0190759 9.98924E-05 9.98924E-05 9.98924E-05
9.98921E-05 9.98921E-05 0.0182239 9.98921E-05 9.98921E-05 9.98921E-05 9.98921E-05 9.98921E-05 0.0260972 9.98921E-05 0.0380717 0.903719 0.0126895 9.98921E-05 9.98921E-05 9.98921E-05 9.98921E-05
9.9892E-05 9.9892E-05 0.0299728 0.0200075 9.9892E-05 9.9892E-05 9.9892E-05 9.9892E-05 9.9892E-05 0.0316703 9.9892E-05 0.828852 9.9892E-05 0.0882992 9.9892E-05 9.9892E-05 9.9892E-05
9.98922E-05 9.98922E-05 9.98922E-05 0.00917067 9.98922E-05 9.98922E-05 0.0258189 9.98922E-05 9.98922E-05 0.0289759 9.98922E-05 0.890554 9.98922E-05 0.0442816 9.98922E-05 9.98922E-05 9.98922E-05
9.99001E-05 9.99001E-05 9.99001E-05 0.0140385 9.99001E-05 9.99001E-05 9.99001E-05 9.99001E-05 9.99001E-05 9.99001E-05 0.0231755 0.775862 0.00233758 0.101354 0.00238127 9.99001E-05 0.0798519
9.9865E-05 9.9865E-05 9.9865E-05 9.9865E-05 9.9865E-05 9.9865E-05 9.9865E-05 9.9865E-05 9.9865E-05 9.9865E-05 0.0310724 0.96743 9.9865E-05 9.9865E-05 9.9865E-05 9.9865E-05 9.9865E-05
9.98561E-05 9.98561E-05 9.98561E-05 9.98561E-05 9.98561E-05 9.98561E-05 9.98561E-05 9.98561E-05 9.98561E-05 9.98561E-05 9.98561E-05 9.98561E-05 9.98561E-05 0.998402 9.98561E-05 9.98561E-05 9.98561E-05
0.0633653 9.98653E-05 9.98653E-05 9.98653E-05 9.98653E-05 9.98653E-05 9.98653E-05 9.98653E-05 9.98653E-05 9.98653E-05 9.98653E-05 9.98653E-05 9.98653E-05 0.935137 9.98653E-05 9.98653E-05 9.98653E-05
9.99191E-05 9.99191E-05 0.00791441 9.99191E-05 0.0124996 9.99191E-05 9.99191E-05 9.99191E-05 0.0552612 0.0242265 9.99191E-05 0.881416 0.00374597 9.99191E-05 9.99191E-05 0.00200686 0.0120306
9.9883E-05 9.9883E-05 0.000976767 9.9883E-05 9.9883E-05 9.9883E-05 9.9883E-05 9.9883E-05 9.9883E-05 0.976377 9.9883E-05 9.9883E-05 9.9883E-05 0.0152984 0.00604927 9.9883E-05 9.9883E-05
9.9874E-05 9.9874E-05 0.00309199 9.9874E-05 9.9874E-05 9.9874E-05 9.9874E-05 9.9874E-05 9.9874E-05 0.984815 9.9874E-05 9.9874E-05 9.9874E-05 0.0106944 9.9874E-05 9.9874E-05 9.9874E-05
9.98564E-05 9.98564E-05 9.98564E-05 9.98564E-05 9.98564E-05 9.98564E-05 9.98564E-05 9.98564E-05 9.98564E-05 9.98564E-05 9.98564E-05 9.98564E-05 9.98564E-05 9.98564E-05 0.998402 9.98564E-05 9.98564E-05
9.98743E-05 9.98743E-05 9.98743E-05 9.98743E-05 9.98743E-05 9.98743E-05 9.98743E-05 9.98743E-05 9.98743E-05 9.98743E-05 9.98743E-05 9.98743E-05 0.00228401 9.98743E-05 0.993537 0.00278043 9.98743E-05
0.0201429 0.0225487 9.9901E-05 9.9901E-05 9.9901E-05 9.9901E-05 9.9901E-05 9.9901E-05 9.9901E-05 0.107611 9.9901E-05 0.00871411 0.025745 9.9901E-05 9.9901E-05 9.9901E-05 0.81414
0.0872513 0.0156382 9.99009E-05 0.00263451 9.99009E-05 9.99009E-05 9.99009E-05 9.99009E-05 9.99009E-05 0.0881285 9.99009E-05 9.99009E-05 0.0169501 9.99009E-05 9.99009E-05 9.99009E-05 0.788298
9.98923E-05 9.98923E-05 9.98923E-05 9.98923E-05 0.0106243 9.98923E-05 9.98923E-05 9.98923E-05 9.98923E-05 0.00108143 9.98923E-05 9.98923E-05 9.98923E-05 0.0161871 0.966136 9.98923E-05 0.00477251
9.98562E-05 9.98562E-05 9.98562E-05 9.98562E-05 9.98562E-05 9.98562E-05 9.98562E-05 9.98562E-05 9.98562E-05 9.98562E-05 9.98562E-05 9.98562E-05 9.98562E-05 9.98562E-05 0.998402 9.98562E-05 9.98562E-05
0.0360322 9.9865E-05 9.9865E-05 9.9865E-05 9.9865E-05 9.9865E-05 9.9865E-05 9.9865E-05 9.9865E-05 9.9865E-05 9.9865E-05 9.9865E-05 0.96247 9.9865E-05 9.9865E-05 9.9865E-05 9.9865E-05
0.146855 0.0822009 9.9919E-05 0.0800536 9.9919E-05 0.0178496 0.0221356 9.9919E-05 9.9919E-05 0.477385 9.9919E-05 9.9919E-05 0.0217467 9.9919E-05 9.9919E-05 9.9919E-05 0.150874
9.98828E-05 9.98828E-05 0.0909637 0.850175 9.98828E-05 0.016034 9.98828E-05 9.98828E-05 9.98828E-05 9.98828E-05 9.98828E-05 9.98828E-05 0.0415289 9.98828E-05 9.98828E-05 9.98828E-05 9.98828E-05
9.98649E-05 9.98649E-05 9.98649E-05 9.98649E-05 0.00572342 0.992779 9.98649E-05 9.98649E-05 9.98649E-05 9.98649E-05 9.98649E-05 9.98649E-05 9.98649E-05 9.98649E-05 9.98649E-05 9.98649E-05 9.98649E-05
0.0227502 9.9901E-05 9.9901E-05 9.9901E-05 9.9901E-05 0.799859 9.9901E-05 9.9901E-05 9.9901E-05 9.9901E-05 0.0987132 9.9901E-05 0.0187303 9.9901E-05 0.0232852 0.0355631 9.9901E-05
9.98831E-05 9.98831E-05 9.98831E-05 9.98831E-05 0.0374711 9.98831E-05 9.98831E-05 9.98831E-05 9.98831E-05 9.98831E-05 9.98831E-05 0.135469 9.98831E-05 0.787345 9.98831E-05 0.0384166 9.98831E-05
