9.98738E-05 9.98738E-05 0.0907656 9.98738E-05 9.98738E-05 9.98738E-05 9.98738E-05 9.98738E-05 9.98738E-05 9.98738E-05 9.98738E-05 9.98738E-05 0.904033 9.98738E-05 0.003803 9.98738E-05 9.98738E-05
9.98919E-05 0.772254 9.98919E-05 0.00363123 9.98919E-05 0.00232599 9.98919E-05 9.98919E-05 9.98919E-05 9.98919E-05 9.98919E-05 9.98919E-05 9.98919E-05 0.0875058 0.133084 9.98919E-05 9.98919E-05
9.9856E-05 9.9856E-05 9.9856E-05 9.9856E-05 9.9856E-05 9.9856E-05 9.9856E-05 9.9856E-05 9.9856E-05 0.998402 9.9856E-05 9.9856E-05 9.9856E-05 9.9856E-05 9.9856E-05 9.9856E-05 9.9856E-05
9.98922E-05 9.98922E-05 9.98922E-05 9.98922E-05 0.0208956 9.98922E-05 9.98922E-05 9.98922E-05 0.0132709 9.98922E-05 0.0164342 9.98922E-05 9.98922E-05 0.942715 0.00548525 9.98922E-05 9.98922E-05
0.14723 0.193529 0.106652 9.99191E-05 9.99191E-05 9.99191E-05 9.99191E-05 9.99191E-05 0.044481 0.216853 0.0397415 9.99191E-05 9.99191E-05 0.195733 9.99191E-05 0.0548817 9.99191E-05
9.98831E-05 9.98831E-05 9.98831E-05 9.98831E-05 9.98831E-05 9.98831E-05 9.98831E-05 9.98831E-05 9.98831E-05 9.98831E-05 0.0198584 9.98831E-05 9.98831E-05 0.933361 9.98831E-05 0.0386116 0.00687035
0.998402 9.98561E-05 9.98561E-05 9.98561E-05 9.98561E-05 9.98561E-05 9.98561E-05 9.98561E-05 9.98561E-05 9.98561E-05 9.98561E-05 9.98561E-05 9.98561E-05 9.98561E-05 9.98561E-05 9.98561E-05 9.98561E-05
9.99099E-05 0.120132 0.101309 0.475147 0.00982511 9.99099E-05 9.99099E-05 9.99099E-05 0.0518851 9.99099E-05 0.209644 9.99099E-05 9.99099E-05 0.031059 9.99099E-05 9.99099E-05 9.99099E-05
0.952031 0.0361655 9.9874E-05 9.9874E-05 9.9874E-05 9.9874E-05 9.9874E-05 9.9874E-05 9.9874E-05 9.9874E-05 9.9874E-05 9.9874E-05 9.9874E-05 9.9874E-05 0.0104053 9.9874E-05 9.9874E-05
0.130779 9.98651E-05 0.867723 9.98651E-05 9.98651E-05 9.98651E-05 9.98651E-05 9.98651E-05 9.98651E-05 9.98651E-05 9.98651E-05 9.98651E-05 9.98651E-05 9.98651E-05 9.98651E-05 9.98651E-05 9.98651E-05
0.120269 9.98652E-05 0.878233 9.98652E-05 9.98652E-05 9.98652E-05 9.98652E-05 9.98652E-05 9.98652E-05 9.98652E-05 9.98652E-05 9.98652E-05 9.98652E-05 9.98652E-05 9.98652E-05 9.98652E-05 9.98652E-05
9.9901E-05 9.9901E-05 9.9901E-05 0.00807407 0.103054 9.9901E-05 9.9901E-05 9.9901E-05 9.9901E-05 0.054768 9.9901E-05 0.160382 0.656342 0.0162814 9.9901E-05 9.9901E-05 9.9901E-05
0.011727 9.98744E-05 9.98744E-05 9.98744E-05 9.98744E-05 9.98744E-05 9.98744E-05 9.98744E-05 9.98744E-05 9.98744E-05 0.0171568 0.969718 9.98744E-05 9.98744E-05 9.98744E-05 9.98744E-05 9.98744E-05
9.98921E-05 0.018873 9.98921E-05 9.98921E-05 9.98921E-05 9.98921E-05 0.0269029 9.98921E-05 9.98921E-05 9.98921E-05 9.98921E-05 9.98921E-05 0.0136844 0.918561 9.98921E-05 0.0207797 9.98921E-05
9.98832E-05 9.98832E-05 9.98832E-05 9.98832E-05 9.98832E-05 0.010701 0.000536465 9.98832E-05 9.98832E-05 9.98832E-05 9.98832E-05 9.98832E-05 0.0417673 0.945697 9.98832E-05 9.98832E-05 9.98832E-05
9.98829E-05 9.98829E-05 0.0361072 9.98829E-05 9.98829E-05 9.98829E-05 9.98829E-05 0.753234 9.98829E-05 9.98829E-05 9.98829E-05 0.111095 9.98829E-05 9.98829E-05 9.98829E-05 0.0982654 9.98829E-05
9.98649E-05 9.98649E-05 0.0792108 9.98649E-05 9.98649E-05 9.98649E-05 9.98649E-05 9.98649E-05 9.98649E-05 9.98649E-05 9.98649E-05 9.98649E-05 9.98649E-05 9.98649E-05 0.919291 9.98649E-05 9.98649E-05
9.99099E-05 0.0203231 0.177668 9.99099E-05 9.99099E-05 9.99099E-05 0.655816 0.0865984 0.0322789 9.99099E-05 9.99099E-05 9.99099E-05 0.0183162 9.99099E-05 9.99099E-05 9.99099E-05 0.0080001
9.98741E-05 9.98741E-05 9.98741E-05 9.98741E-05 0.052115 9.98741E-05 0.790759 9.98741E-05 9.98741E-05 9.98741E-05 9.98741E-05 9.98741E-05 9.98741E-05 9.98741E-05 9.98741E-05 9.98741E-05 0.155728
9.99008E-05 9.99008E-05 0.415144 9.99008E-05 0.0168592 9.99008E-05 9.99008E-05 0.303416 9.99008E-05 9.99008E-05 9.99008E-05 9.99008E-05 0.0828871 9.99008E-05 0.022404 0.158191 9.99008E-05
9.98652E-05 9.98652E-05 9.98652E-05 9.98652E-05 9.98652E-05 9.98652E-05 0.984312 9.98652E-05 9.98652E-05 9.98652E-05 9.98652E-05 9.98652E-05 9.98652E-05 9.98652E-05 9.98652E-05 9.98652E-05 0.0141896
9.99189E-05 9.99189E-05 0.0396434 9.99189E-05 0.0010137 9.99189E-05 9.99189E-05 0.297216 9.99189E-05 9.99189E-05 9.99189E-05 0.0474958 0.531 9.99189E-05 0.0331076 0.0433651 0.00625902
9.98921E-05 9.98921E-05 0.174363 9.98921E-05 0.139536 9.98921E-05 0.407431 9.98921E-05 0.0160149 9.98921E-05 9.98921E-05 9.98921E-05 9.98921E-05 9.98921E-05 0.261456 9.98921E-05 9.98921E-05
9.9874E-05 9.9874E-05 0.0417808 9.9874E-05 9.9874E-05 9.9874E-05 0.903654 9.9874E-05 9.9874E-05 9.9874E-05 9.9874E-05 9.9874E-05 9.9874E-05 9.9874E-05 9.9874E-05 0.0531674 9.9874E-05
9.98654E-05 9.98654E-05 9.98654E-05 0.00983706 9.98654E-05 9.98654E-05 9.98654E-05 9.98654E-05 9.98654E-05 9.98654E-05 9.98654E-05 9.98654E-05 9.98654E-05 0.988665 9.98654E-05 9.98654E-05 9.98654E-05
9.98564E-05 9.98564E-05 9.98564E-05 9.98564E-05 9.98564E-05 9.98564E-05 9.98564E-05 9.98564E-05 9.98564E-05 9.98564E-05 9.98564E-05 9.98564E-05 9.98564E-05 0.998402 9.98564E-05 9.98564E-05 9.98564E-05
9.99008E-05 9.99008E-05 0.0776005 9.99008E-05 0.033102 9.99008E-05 9.99008E-05 0.0010078 9.99008E-05 9.99008E-05 9.99008E-05 0.802678 0.0396462 9.99008E-05 0.0448663 9.99008E-05 9.99008E-05
0.0120386 9.98742E-05 9.98742E-05 9.98742E-05 9.98742E-05 9.98742E-05 9.98742E-05 9.98742E-05 0.0427619 9.98742E-05 9.98742E-05 9.98742E-05 9.98742E-05 0.943801 9.98742E-05 9.98742E-05 9.98742E-05
0.016306 9.98922E-05 9.98922E-05 0.00133024 9.98922E-05 0.0168648 9.98922E-05 9.98922E-05 0.0655944 9.98922E-05 9.98922E-05 9.98922E-05 9.98922E-05 0.898706 9.98922E-05 9.98922E-05 9.98922E-05
9.99011E-05 9.99011E-05 9.99011E-05 9.99011E-05 9.99011E-05 9.99011E-05 9.99011E-05 9.99011E-05 0.118011 0.0121901 0.490503 9.99011E-05 9.99011E-05 0.328337 9.99011E-05 0.0073517 0.0425086
9.98739E-05 9.98739E-05 9.98739E-05 9.98739E-05 9.98739E-05 9.98739E-05 9.98739E-05 9.98739E-05 9.98739E-05 9.98739E-05 0.979132 9.98739E-05 9.98739E-05 0.0180212 9.98739E-05 0.00144878 9.98739E-05
9.98565E-05 0.998402 9.98565E-05 9.98565E-05 9.98565E-05 9.98565E-05 9.98565E-05 9.98565E-05 9.98565E-05 9.98565E-05 9.98565E-05 9.98565E-05 9.98565E-05 9.98565E-05 9.98565E-05 9.98565E-05 9.98565E-05
9.98743E-05 9.98743E-05 9.98743E-05 0.134642 9.98743E-05 9.98743E-05 9.98743E-05 9.98743E-05 9.98743E-05 9.98743E-05 9.98743E-05 9.98743E-05 9.98743E-05 0.828933 0.0350272 9.98743E-05 9.98743E-05
9.98923E-05 9.98923E-05 9.98923E-05 0.189802 0.00219474 9.98923E-05 9.98923E-05 9.98923E-05 0.731553 9.98923E-05 0.0629035 9.98923E-05 0.0123483 9.98923E-05 9.98923E-05 9.98923E-05 9.98923E-05
9.99006E-05 9.99006E-05 9.99006E-05 9.99006E-05 0.0967353 9.99006E-05 9.99006E-05 9.99006E-05 9.99006E-05 9.99006E-05 0.0452135 0.491968 0.0362573 9.99006E-05 0.242607 0.0861193 9.99006E-05
9.98829E-05 9.98829E-05 9.98829E-05 0.0612781 9.98829E-05 9.98829E-05 9.98829E-05 9.98829E-05 9.98829E-05 9.98829E-05 9.98829E-05 9.98829E-05 9.98829E-05 0.926865 0.00505034 0.00550781 9.98829E-05
9.98742E-05 9.98742E-05 9.98742E-05 0.0163306 9.98742E-05 9.98742E-05 9.98742E-05 9.98742E-05 9.98742E-05 9.98742E-05 9.98742E-05 9.98742E-05 0.981476 9.98742E-05 9.98742E-05 0.000795492 9.98742E-05
9.99099E-05 0.150873 0.624462 0.0576432 9.99099E-05 0.00743829 9.99099E-05 9.99099E-05 9.99099E-05 9.99099E-05 9.99099E-05 9.99099E-05 0.0703952 9.99099E-05 0.0453066 9.99099E-05 0.0428835
9.9856E-05 9.9856E-05 9.9856E-05 9.9856E-05 9.9856E-05 9.9856E-05 9.9856E-05 9.9856E-05 9.9856E-05 9.9856E-05 9.9856E-05 9.9856E-05 9.9856E-05 9.9856E-05 0.998402 9.9856E-05 9.9856E-05
9.99097E-05 9.99097E-05 0.19603 9.99097E-05 9.99097E-05 9.99097E-05 9.99097E-05 0.286107 9.99097E-05 9.99097E-05 9.99097E-05 9.99097E-05 0.223978 0.0821043 0.114622 0.066459 0.029701
9.99368E-05 0.0335268 0.210942 9.99368E-05 0.00840019 0.0158263 9.99368E-05 0.226433 9.99368E-05 9.99368E-05 9.99368E-05 9.99368E-05 0.292054 0.0429138 0.107172 0.028575 0.033457
9.9901E-05 9.9901E-05 0.903694 9.9901E-05 9.9901E-05 9.9901E-05 9.9901E-05 0.00244319 9.9901E-05 9.9901E-05 9.9901E-05 9.9901E-05 0.0661141 9.9901E-05 0.0214347 0.000727056 0.00448852
0.0524275 9.991E-05 0.0290604 9.991E-05 9.991E-05 0.00446459 0.0178578 0.794096 9.991E-05 9.991E-05 9.991E-05 0.047369 0.0537252 9.991E-05 9.991E-05 9.991E-05 9.991E-05
9.9883E-05 9.9883E-05 0.897689 9.9883E-05 9.9883E-05 9.9883E-05 9.9883E-05 9.9883E-05 9.9883E-05 9.9883E-05 0.0366577 9.9883E-05 0.00155447 9.9883E-05 9.9883E-05 0.0628006 9.9883E-05
9.99189E-05 0.0352055 0.402092 9.99189E-05 0.0345175 9.99189E-05 0.0932078 0.115286 9.99189E-05 9.99189E-05 9.99189E-05 0.111685 0.0296653 9.99189E-05 9.99189E-05 0.177442 9.99189E-05
9.99189E-05 0.0485265 0.42393 9.99189E-05 9.99189E-05 0.00143297 9.99189E-05 0.162401 9.99189E-05 9.99189E-05 9.99189E-05 9.99189E-05 0.100114 0.0368096 9.99189E-05 0.163105 0.0627818
0.0568897 9.99459E-05 0.18836 9.99459E-05 9.99459E-05 0.0195277 9.99459E-05 9.99459E-05 0.0410379 0.0435516 0.0213324 0.0452753 0.186529 9.99459E-05 0.145091 0.244632 0.00717281
9.98659E-05 9.98659E-05 9.98659E-05 9.98659E-05 9.98659E-05 9.98659E-05 9.98659E-05 9.98659E-05 9.98659E-05 9.98659E-05 9.98659E-05 9.98659E-05 0.989311 9.98659E-05 9.98659E-05 9.98659E-05 0.00919137
9.98562E-05 9.98562E-05 9.98562E-05 9.98562E-05 9.98562E-05 9.98562E-05 9.98562E-05 9.98562E-05 0.998402 9.98562E-05 9.98562E-05 9.98562E-05 9.98562E-05 9.98562E-05 9.98562E-05 9.98562E-05 9.98562E-05
9.98563E-05 9.98563E-05 9.98563E-05 9.98563E-05 9.98563E-05 9.98563E-05 9.98563E-05 9.98563E-05 0.998402 9.98563E-05 9.98563E-05 9.98563E-05 9.98563E-05 9.98563E-05 9.98563E-05 9.98563E-05 9.98563E-05
9.98652E-05 9.98652E-05 0.0315465 9.98652E-05 9.98652E-05 9.98652E-05 9.98652E-05 9.98652E-05 0.966955 9.98652E-05 9.98652E-05 9.98652E-05 9.98652E-05 9.98652E-05 9.98652E-05 9.98652E-05 9.98652E-05
9.98563E-05 9.98563E-05 9.98563E-05 9.98563E-05 9.98563E-05 9.98563E-05 9.98563E-05 9.98563E-05 0.998402 9.98563E-05 9.98563E-05 9.98563E-05 9.98563E-05 9.98563E-05 9.98563E-05 9.98563E-05 9.98563E-05
9.98562E-05 9.98562E-05 9.98562E-05 9.98562E-05 9.98562E-05 9.98562E-05 9.98562E-05 9.98562E-05 0.998402 9.98562E-05 9.98562E-05 9.98562E-05 9.98562E-05 9.98562E-05 9.98562E-05 9.98562E-05 9.98562E-05
0.0812473 0.0634644 9.99193E-05 0.0297371 9.99193E-05 9.99193E-05 0.0021063 0.0864285 0.310898 9.99193E-05 0.404488 9.99193E-05 0.0207315 9.99193E-05 9.99193E-05 9.99193E-05 9.99193E-05
9.98832E-05 0.0579235 9.98832E-05 9.98832E-05 9.98832E-05 9.98832E-05 9.98832E-05 0.0203695 0.916855 9.98832E-05 9.98832E-05 9.98832E-05 9.98832E-05 9.98832E-05 0.00355361 9.98832E-05 9.98832E-05
0.00583604 9.98828E-05 9.98828E-05 9.98828E-05 9.98828E-05 9.98828E-05 9.98828E-05 0.202446 9.98828E-05 9.98828E-05 9.98828E-05 9.98828E-05 0.742827 9.98828E-05 9.98828E-05 0.0475926 9.98828E-05
0.0514417 0.904638 9.98829E-05 9.98829E-05 9.98829E-05 9.98829E-05 9.98829E-05 9.98829E-05 0.029992 0.0126297 9.98829E-05 9.98829E-05 9.98829E-05 9.98829E-05 9.98829E-05 9.98829E-05 9.98829E-05
9.9874E-05 9.9874E-05 9.9874E-05 9.9874E-05 9.9874E-05 0.00151677 9.9874E-05 9.9874E-05 9.9874E-05 9.9874E-05 9.9874E-05 9.9874E-05 9.9874E-05 0.970119 9.9874E-05 0.0269662 9.9874E-05
9.9892E-05 9.9892E-05 9.9892E-05 9.9892E-05 0.0176853 9.9892E-05 9.9892E-05 0.100417 0.0158645 9.9892E-05 9.9892E-05 0.828702 0.0361323 9.9892E-05 9.9892E-05 9.9892E-05 9.9892E-05
9.98653E-05 9.98653E-05 9.98653E-05 9.98653E-05 9.98653E-05 9.98653E-05 9.98653E-05 0.89958 9.98653E-05 9.98653E-05 9.98653E-05 9.98653E-05 9.98653E-05 9.98653E-05 9.98653E-05 0.0989218 9.98653E-05
9.98655E-05 9.98655E-05 9.98655E-05 0.0167156 9.98655E-05 9.98655E-05 9.98655E-05 9.98655E-05 9.98655E-05 9.98655E-05 9.98655E-05 0.981786 9.98655E-05 9.98655E-05 9.98655E-05 9.98655E-05 9.98655E-05
9.98739E-05 9.98739E-05 0.0870424 9.98739E-05 9.98739E-05 0.00465373 9.98739E-05 9.98739E-05 9.98739E-05 9.98739E-05 9.98739E-05 0.906906 9.98739E-05 9.98739E-05 9.98739E-05 9.98739E-05 9.98739E-05
9.99009E-05 9.99009E-05 0.102601 9.99009E-05 0.0247995 9.99009E-05 0.005115 9.99009E-05 9.99009E-05 9.99009E-05 9.99009E-05 0.815372 9.99009E-05 9.99009E-05 9.99009E-05 0.0498037 0.00120971
9.98561E-05 9.98561E-05 9.98561E-05 9.98561E-05 9.98561E-05 9.98561E-05 9.98561E-05 9.98561E-05 9.98561E-05 9.98561E-05 9.98561E-05 9.98561E-05 9.98561E-05 9.98561E-05 9.98561E-05 9.98561E-05 0.998402
9.98835E-05 9.98835E-05 9.98835E-05 9.98835E-05 0.00385673 9.98835E-05 9.98835E-05 0.0204331 9.98835E-05 0.0316603 9.98835E-05 9.98835E-05 9.98835E-05 0.942751 9.98835E-05 9.98835E-05 9.98835E-05
9.98563E-05 9.98563E-05 9.98563E-05 9.98563E-05 9.98563E-05 0.998402 9.98563E-05 9.98563E-05 9.98563E-05 9.98563E-05 9.98563E-05 9.98563E-05 9.98563E-05 9.98563E-05 9.98563E-05 9.98563E-05 9.98563E-05
9.98745E-05 9.98745E-05 9.98745E-05 0.0473382 9.98745E-05 9.98745E-05 9.98745E-05 9.98745E-05 9.98745E-05 0.119297 9.98745E-05 9.98745E-05 9.98745E-05 0.831966 9.98745E-05 9.98745E-05 9.98745E-05
0.00141875 9.98901E-05 9.98901E-05 9.98901E-05 9.98901E-05 9.98901E-05 9.98901E-05 9.98901E-05 9.98901E-05 0.0829196 0.0490387 9.98901E-05 0.0231418 0.80977 0.0326127 9.98901E-05 9.98901E-05
9.98831E-05 9.98831E-05 9.98831E-05 0.0510985 9.98831E-05 9.98831E-05 9.98831E-05 0.0434047 0.0446565 9.98831E-05 9.98831E-05 9.98831E-05 9.98831E-05 0.859542 9.98831E-05 9.98831E-05 9.98831E-05
0.00476997 9.99012E-05 9.99012E-05 0.00943172 9.99012E-05 9.99012E-05 0.0117466 0.0358209 0.00886062 9.99012E-05 9.99012E-05 9.99012E-05 9.99012E-05 0.928271 9.99012E-05 9.99012E-05 9.99012E-05
9.98832E-05 9.98832E-05 0.0168563 9.98832E-05 9.98832E-05 9.98832E-05 9.98832E-05 9.98832E-05 9.98832E-05 9.98832E-05 0.181131 9.98832E-05 9.98832E-05 0.764468 9.98832E-05 0.0362454 9.98832E-05
9.9892E-05 9.9892E-05 9.9892E-05 0.0254001 9.9892E-05 0.0110365 9.9892E-05 9.9892E-05 9.9892E-05 9.9892E-05 9.9892E-05 9.9892E-05 9.9892E-05 0.94803 0.00583971 0.00849503 9.9892E-05
9.9874E-05 9.9874E-05 9.9874E-05 0.93595 9.9874E-05 9.9874E-05 9.9874E-05 9.9874E-05 0.0279118 0.0347403 9.9874E-05 9.9874E-05 9.9874E-05 9.9874E-05 9.9874E-05 9.9874E-05 9.9874E-05
9.98651E-05 9.98651E-05 9.98651E-05 0.992343 9.98651E-05 9.98651E-05 9.98651E-05 9.98651E-05 9.98651E-05 9.98651E-05 9.98651E-05 0.00615856 9.98651E-05 9.98651E-05 9.98651E-05 9.98651E-05 9.98651E-05
9.99012E-05 9.99012E-05 9.99012E-05 9.99012E-05 0.00310527 9.99012E-05 0.00232058 0.0170561 0.0257192 0.0135931 9.99012E-05 9.99012E-05 9.99012E-05 0.937107 9.99012E-05 9.99012E-05 9.99012E-05
9.9883E-05 9.9883E-05 9.9883E-05 9.9883E-05 0.000750675 9.9883E-05 9.9883E-05 0.988407 0.00184616 9.9883E-05 9.9883E-05 9.9883E-05 9.9883E-05 9.9883E-05 0.00769726 9.9883E-05 9.9883E-05
9.9874E-05 9.9874E-05 9.9874E-05 9.9874E-05 9.9874E-05 9.9874E-05 9.9874E-05 0.988127 0.00686067 9.9874E-05 9.9874E-05 9.9874E-05 9.9874E-05 0.0036138 9.9874E-05 9.9874E-05 9.9874E-05
9.98652E-05 9.98652E-05 9.98652E-05 9.98652E-05 0.989175 9.98652E-05 9.98652E-05 9.98652E-05 9.98652E-05 9.98652E-05 9.98652E-05 9.98652E-05 0.00932694 9.98652E-05 9.98652E-05 9.98652E-05 9.98652E-05
9.98563E-05 9.98563E-05 9.98563E-05 9.98563E-05 0.998402 9.98563E-05 9.98563E-05 9.98563E-05 9.98563E-05 9.98563E-05 9.98563E-05 9.98563E-05 9.98563E-05 9.98563E-05 9.98563E-05 9.98563E-05 9.98563E-05
9.98918E-05 0.0572535 0.829439 9.98918E-05 9.98918E-05 0.0265639 9.98918E-05 0.0395304 9.98918E-05 9.98918E-05 9.98918E-05 0.0460143 9.98918E-05 9.98918E-05 9.98918E-05 9.98918E-05 9.98918E-05
9.98919E-05 0.0129266 0.78477 9.98919E-05 9.98919E-05 0.0440117 9.98919E-05 0.0851041 9.98919E-05 9.98919E-05 9.98919E-05 0.0719894 9.98919E-05 9.98919E-05 9.98919E-05 9.98919E-05 9.98919E-05
9.98743E-05 9.98743E-05 9.98743E-05 0.0165744 0.975338 9.98743E-05 9.98743E-05 0.00668929 9.98743E-05 9.98743E-05 9.98743E-05 9.98743E-05 9.98743E-05 9.98743E-05 9.98743E-05 9.98743E-05 9.98743E-05
9.98563E-05 9.98563E-05 9.98563E-05 9.98563E-05 0.998402 9.98563E-05 9.98563E-05 9.98563E-05 9.98563E-05 9.98563E-05 9.98563E-05 9.98563E-05 9.98563E-05 9.98563E-05 9.98563E-05 9.98563E-05 9.98563E-05
9.9874E-05 9.9874E-05 9.9874E-05 9.9874E-05 9.9874E-05 9.9874E-05 9.9874E-05 9.9874E-05 0.0211577 9.9874E-05 9.9874E-05 0.031444 0.946 9.9874E-05 9.9874E-05 9.9874E-05 9.9874E-05
0.150171 0.0185761 0.125126 9.99369E-05 9.99369E-05 0.0069802 0.0490334 0.366397 9.99369E-05 9.99369E-05 9.99369E-05 0.14338 0.0652825 9.99369E-05 9.99369E-05 0.0503106 0.0240436
0.0632706 0.887802 9.9874E-05 9.9874E-05 9.9874E-05 9.9874E-05 9.9874E-05 9.9874E-05 0.047529 9.9874E-05 9.9874E-05 9.9874E-05 9.9874E-05 9.9874E-05 9.9874E-05 9.9874E-05 9.9874E-05
9.98561E-05 9.98561E-05 9.98561E-05 9.98561E-05 9.98561E-05 9.98561E-05 9.98561E-05 9.98561E-05 9.98561E-05 9.98561E-05 9.98561E-05 9.98561E-05 9.98561E-05 9.98561E-05 9.98561E-05 0.998402 9.98561E-05
9.98921E-05 9.98921E-05 9.98921E-05 9.98921E-05 0.00491668 9.98921E-05 9.98921E-05 0.00286323 9.98921E-05 9.98921E-05 9.98921E-05 9.98921E-05 0.0205004 9.98921E-05 0.0765138 0.894007 9.98921E-05
9.98561E-05 9.98561E-05 9.98561E-05 9.98561E-05 9.98561E-05 9.98561E-05 9.98561E-05 9.98561E-05 9.98561E-05 9.98561E-05 0.998402 9.98561E-05 9.98561E-05 9.98561E-05 9.98561E-05 9.98561E-05 9.98561E-05
