9.99369E-05 9.99369E-05 9.99369E-05 0.0536913 9.99369E-05 9.99369E-05 0.945609 9.99369E-05 9.99369E-05
0.0124402 9.99819E-05 0.346667 0.0677699 0.107262 0.0727237 0.240471 0.152466 9.99819E-05
0.07002 0.0700075 0.142996 9.99733E-05 9.99733E-05 0.0561798 9.99733E-05 0.65547 0.00502688
0.0229817 9.9955E-05 9.9955E-05 0.0273075 9.9955E-05 0.0114443 9.9955E-05 0.937767 9.9955E-05
9.997E-05 9.997E-05 0.386777 0.142014 0.0300724 0.0727177 0.10083 0.267289 9.997E-05
9.9946E-05 9.9946E-05 9.9946E-05 0.0267544 9.9946E-05 9.9946E-05 9.9946E-05 0.969293 0.0033532
9.99461E-05 0.110215 0.422992 9.99461E-05 0.466193 9.99461E-05 9.99461E-05 9.99461E-05 9.99461E-05
0.0268757 9.99639E-05 0.820665 0.044969 9.99639E-05 0.0705744 9.99639E-05 0.0365161 9.99639E-05
9.9946E-05 0.0326078 0.443374 9.9946E-05 0.523418 9.9946E-05 9.9946E-05 9.9946E-05 9.9946E-05
9.99371E-05 9.99371E-05 0.0106292 0.988671 9.99371E-05 9.99371E-05 9.99371E-05 9.99371E-05 9.99371E-05
9.99371E-05 9.99371E-05 0.0112773 0.988023 9.99371E-05 9.99371E-05 9.99371E-05 9.99371E-05 9.99371E-05
0.110467 0.20206 9.9955E-05 9.9955E-05 9.9955E-05 9.9955E-05 0.67794 0.00903287 9.9955E-05
9.99371E-05 0.974215 0.0250852 9.99371E-05 9.99371E-05 9.99371E-05 9.99371E-05 9.99371E-05 9.99371E-05
9.99551E-05 0.0107706 9.99551E-05 9.99551E-05 9.99551E-05 9.99551E-05 0.0106781 0.959981 0.0180701
9.9946E-05 9.9946E-05 9.9946E-05 0.00295926 9.9946E-05 9.9946E-05 0.0598084 0.936633 9.9946E-05
9.9955E-05 0.133904 9.9955E-05 0.0432349 0.813758 9.9955E-05 0.00860329 9.9955E-05 9.9955E-05
0.270776 0.208969 9.9973E-05 0.424475 0.0169923 9.9973E-05 0.0156662 9.9973E-05 0.0628224
9.99639E-05 9.99639E-05 9.99639E-05 0.171965 0.0199418 0.0554281 0.0837419 9.99639E-05 0.668523
0.109618 9.9937E-05 9.9937E-05 9.9937E-05 9.9937E-05 9.9937E-05 9.9937E-05 9.9937E-05 0.889682
0.0982659 0.0207692 9.99639E-05 0.513444 0.262553 9.99639E-05 0.104568 9.99639E-05 9.99639E-05
9.993E-05 9.993E-05 9.993E-05 9.993E-05 9.993E-05 9.993E-05 9.993E-05 9.993E-05 0.999201
0.0104866 0.0621563 9.99639E-05 0.103074 0.24114 9.99639E-05 0.582744 9.99639E-05 9.99639E-05
0.303961 9.9955E-05 0.00523158 0.286201 9.9955E-05 9.9955E-05 9.9955E-05 9.9955E-05 0.404107
0.0527178 9.99459E-05 9.99459E-05 0.0669382 9.99459E-05 9.99459E-05 9.99459E-05 9.99459E-05 0.879744
9.99372E-05 9.99372E-05 9.99372E-05 9.99372E-05 9.99372E-05 0.016256 9.99372E-05 0.983044 9.99372E-05
9.993E-05 9.993E-05 9.993E-05 9.993E-05 9.993E-05 9.993E-05 9.993E-05 0.999201 9.993E-05
0.0218772 0.843483 9.99639E-05 0.0868973 0.00232104 9.99639E-05 0.0450215 9.99639E-05 9.99639E-05
9.9946E-05 9.9946E-05 0.00204629 9.9946E-05 9.9946E-05 0.0480634 9.9946E-05 0.949291 9.9946E-05
9.9946E-05 9.9946E-05 9.9946E-05 9.9946E-05 0.0244462 0.0800293 9.9946E-05 0.894925 9.9946E-05
0.00485856 0.0574332 0.277594 9.99731E-05 9.99731E-05 0.142343 9.99731E-05 0.510666 0.00680467
0.00911033 9.99549E-05 0.553994 9.99549E-05 9.99549E-05 0.0844365 9.99549E-05 0.351959 9.99549E-05
9.9955E-05 9.9955E-05 0.49409 9.9955E-05 0.0958032 0.176633 0.232974 9.9955E-05 9.9955E-05
9.99461E-05 9.99461E-05 0.0966889 9.99461E-05 0.0239564 9.99461E-05 9.99461E-05 0.878755 9.99461E-05
9.99371E-05 9.99371E-05 0.260611 9.99371E-05 9.99371E-05 0.738689 9.99371E-05 9.99371E-05 9.99371E-05
0.181771 0.628729 9.99729E-05 0.0831402 9.99729E-05 0.00263203 0.0530459 0.0503817 9.99729E-05
9.99549E-05 0.0168244 0.025872 9.99549E-05 0.0139491 9.99549E-05 9.99549E-05 0.942855 9.99549E-05
9.9946E-05 0.000248419 0.0129445 9.9946E-05 9.9946E-05 9.9946E-05 0.986207 9.9946E-05 9.9946E-05
9.9964E-05 9.9964E-05 0.10203 0.688452 9.9964E-05 0.0419948 0.158821 0.00830175 9.9964E-05
0.331141 0.217066 0.0769978 0.240786 9.9973E-05 9.9973E-05 9.9973E-05 0.0789418 0.0547671
9.99549E-05 9.99549E-05 9.99549E-05 0.409633 0.15878 9.99549E-05 0.31715 0.113937 9.99549E-05
9.99549E-05 9.99549E-05 9.99549E-05 0.42722 0.166976 9.99549E-05 0.319466 0.0858386 9.99549E-05
9.99459E-05 9.99459E-05 9.99459E-05 0.889561 0.039054 9.99459E-05 0.0707855 9.99459E-05 9.99459E-05
9.99549E-05 0.0512601 9.99549E-05 0.0128943 0.896206 9.99549E-05 0.0391401 9.99549E-05 9.99549E-05
0.00837435 0.071863 9.9955E-05 0.911911 9.9955E-05 0.0073523 9.9955E-05 9.9955E-05 9.9955E-05
0.101424 0.139625 9.9982E-05 0.463466 0.0644161 0.00369396 0.116805 9.9982E-05 0.11037
0.0189528 0.024615 9.9982E-05 0.583037 0.0791868 9.9982E-05 0.189291 0.0810507 0.023667
0.082015 0.295356 9.9973E-05 0.293771 9.9973E-05 0.0460322 0.199793 0.0827328 9.9973E-05
9.99374E-05 9.99374E-05 9.99374E-05 9.99374E-05 9.99374E-05 9.99374E-05 0.997735 9.99374E-05 0.00156548
9.99371E-05 0.000186116 9.99371E-05 9.99371E-05 9.99371E-05 0.999114 9.99371E-05 9.99371E-05 9.99371E-05
9.993E-05 9.993E-05 9.993E-05 9.993E-05 9.993E-05 0.999201 9.993E-05 9.993E-05 9.993E-05
9.993E-05 9.993E-05 9.993E-05 9.993E-05 9.993E-05 0.999201 9.993E-05 9.993E-05 9.993E-05
9.993E-05 9.993E-05 9.993E-05 9.993E-05 9.993E-05 0.999201 9.993E-05 9.993E-05 9.993E-05
9.993E-05 9.993E-05 9.993E-05 9.993E-05 9.993E-05 0.999201 9.993E-05 9.993E-05 9.993E-05
9.99641E-05 9.99641E-05 0.375589 9.99641E-05 0.123798 0.332337 9.99641E-05 0.116615 0.0512615
9.9937E-05 9.9937E-05 9.9937E-05 9.9937E-05 9.9937E-05 0.970138 0.0291624 9.9937E-05 9.9937E-05
9.99459E-05 0.00772032 9.99459E-05 9.99459E-05 0.154543 9.99459E-05 0.837137 9.99459E-05 9.99459E-05
9.99548E-05 9.99548E-05 0.404559 9.99548E-05 0.150715 0.235245 0.208982 9.99548E-05 9.99548E-05
9.993E-05 9.993E-05 9.993E-05 9.993E-05 9.993E-05 9.993E-05 9.993E-05 0.999201 9.993E-05
0.0148343 0.77892 9.9955E-05 9.9955E-05 0.13835 9.9955E-05 0.0673963 9.9955E-05 9.9955E-05
9.99461E-05 0.0695477 9.99461E-05 9.99461E-05 0.901049 9.99461E-05 0.0288035 9.99461E-05 9.99461E-05
9.993E-05 0.999201 9.993E-05 9.993E-05 9.993E-05 9.993E-05 9.993E-05 9.993E-05 9.993E-05
9.99549E-05 0.888507 9.99549E-05 0.0744238 0.0240778 9.99549E-05 9.99549E-05 0.0124919 9.99549E-05
0.0348873 0.844513 9.99458E-05 0.12 9.99458E-05 9.99458E-05 9.99458E-05 9.99458E-05 9.99458E-05
9.99372E-05 9.99372E-05 9.99372E-05 9.99372E-05 9.99372E-05 9.99372E-05 0.131432 9.99372E-05 0.867869
9.993E-05 9.993E-05 9.993E-05 9.993E-05 9.993E-05 9.993E-05 9.993E-05 0.999201 9.993E-05
0.0410159 0.100996 9.9991E-05 0.193228 0.0234645 0.11769 0.174127 0.256181 0.0931982
9.99462E-05 0.00446366 9.99462E-05 9.99462E-05 0.0213502 9.99462E-05 9.99462E-05 0.973586 9.99462E-05
9.9955E-05 9.9955E-05 0.0263581 9.9955E-05 9.9955E-05 0.0339838 0.03555 0.903608 9.9955E-05
9.9946E-05 9.9946E-05 9.9946E-05 9.9946E-05 0.0608558 0.0322374 9.9946E-05 0.906307 9.9946E-05
9.9946E-05 9.9946E-05 0.0230426 9.9946E-05 0.064805 9.9946E-05 9.9946E-05 0.911553 9.9946E-05
9.9955E-05 9.9955E-05 0.172613 0.0537657 9.9955E-05 9.9955E-05 0.00073542 0.772386 9.9955E-05
9.9937E-05 9.9937E-05 9.9937E-05 9.9937E-05 9.9937E-05 0.0213159 9.9937E-05 0.977984 9.9937E-05
9.9946E-05 9.9946E-05 0.97089 9.9946E-05 9.9946E-05 0.00162413 9.9946E-05 0.0268858 9.9946E-05
9.99371E-05 0.0512977 0.948003 9.99371E-05 9.99371E-05 9.99371E-05 9.99371E-05 9.99371E-05 9.99371E-05
0.00678734 9.9982E-05 9.9982E-05 0.00488615 0.00627257 0.00768181 0.00229932 0.970317 0.00155582
0.0391176 9.99549E-05 9.99549E-05 9.99549E-05 0.912992 0.00418973 9.99549E-05 0.0432012 9.99549E-05
0.0314106 9.99549E-05 9.99549E-05 9.99549E-05 0.960828 0.00406617 9.99549E-05 0.00319576 9.99549E-05
0.999201 9.993E-05 9.993E-05 9.993E-05 9.993E-05 9.993E-05 9.993E-05 9.993E-05 9.993E-05
0.999201 9.993E-05 9.993E-05 9.993E-05 9.993E-05 9.993E-05 9.993E-05 9.993E-05 9.993E-05
9.99549E-05 9.99549E-05 9.99549E-05 0.80768 0.115852 9.99549E-05 0.0503521 0.0256161 9.99549E-05
9.99549E-05 0.0305423 9.99549E-05 0.760766 0.158122 9.99549E-05 0.0500697 9.99549E-05 9.99549E-05
0.971203 9.9946E-05 0.00393111 9.9946E-05 0.0242667 9.9946E-05 9.9946E-05 9.9946E-05 9.9946E-05
0.999201 9.993E-05 9.993E-05 9.993E-05 9.993E-05 9.993E-05 9.993E-05 9.993E-05 9.993E-05
9.99549E-05 0.0620012 9.99549E-05 9.99549E-05 0.018896 0.00289347 0.915709 9.99549E-05 9.99549E-05
9.9964E-05 0.0900015 9.9964E-05 0.228539 0.509001 9.9964E-05 0.0922659 9.9964E-05 0.0797932
9.99549E-05 9.99549E-05 0.431374 9.99549E-05 0.140956 0.242649 0.184521 9.99549E-05 9.99549E-05
0.218233 0.380172 9.996E-05 0.250475 9.996E-05 9.996E-05 9.996E-05 0.0559715 0.0947486
0.293215 0.464906 9.99641E-05 9.99641E-05 0.0241196 9.99641E-05 0.143019 9.99641E-05 0.0743396
0.0519684 9.9964E-05 0.654002 9.9964E-05 9.9964E-05 0.00240771 9.9964E-05 0.266947 0.0242752
