9.99549E-05 9.99549E-05 9.99549E-05 0.970376 9.99549E-05 9.99549E-05 0.0291241
9.9982E-05 9.9982E-05 0.247911 0.240356 0.00526688 0.318865 0.187401
0.0789399 0.0403323 0.0528671 9.99822E-05 0.00950593 0.818155 9.99822E-05
9.9964E-05 9.9964E-05 9.9964E-05 9.9964E-05 0.0344034 0.963934 0.00126245
9.997E-05 9.997E-05 0.227931 0.102429 9.997E-05 0.43249 0.236851
9.9955E-05 9.9955E-05 9.9955E-05 9.9955E-05 0.000624026 0.998876 9.9955E-05
0.559344 9.99731E-05 0.359012 9.99731E-05 9.99731E-05 0.0100315 0.0713124
9.99641E-05 9.99641E-05 0.415765 9.99641E-05 9.99641E-05 0.442622 0.141213
0.420399 9.997E-05 0.390104 9.997E-05 9.997E-05 0.0114034 0.177793
9.995E-05 9.995E-05 9.995E-05 9.995E-05 9.995E-05 9.995E-05 0.9994
9.995E-05 9.995E-05 9.995E-05 9.995E-05 9.995E-05 9.995E-05 0.9994
0.141999 9.9973E-05 9.9973E-05 0.682572 0.145632 0.0294967 9.9973E-05
0.9994 9.995E-05 9.995E-05 9.995E-05 9.995E-05 9.995E-05 9.995E-05
9.997E-05 0.0133611 9.997E-05 0.0199597 0.0172644 0.949115 9.997E-05
9.9964E-05 9.9964E-05 9.9964E-05 0.0572545 0.00222544 0.94012 9.9964E-05
0.383516 9.9982E-05 9.9982E-05 0.0739108 0.000696833 0.0343695 0.507307
0.13418 0.0577595 9.9982E-05 0.00170537 0.306476 9.9982E-05 0.49968
9.997E-05 0.677674 0.0315994 0.081953 9.997E-05 9.997E-05 0.208474
9.9955E-05 0.915613 9.9955E-05 9.9955E-05 0.0838872 9.9955E-05 9.9955E-05
0.0539528 9.9973E-05 9.9973E-05 0.125023 0.0606623 9.9973E-05 0.760063
9.995E-05 0.9994 9.995E-05 9.995E-05 9.995E-05 9.995E-05 9.995E-05
0.136742 0.00348214 9.9982E-05 0.587159 0.0215649 9.9982E-05 0.250853
9.9982E-05 0.384586 0.00219243 9.9982E-05 0.298112 0.00607217 0.308837
9.996E-05 0.869556 9.996E-05 9.996E-05 0.0996752 9.996E-05 0.0303693
9.99551E-05 9.99551E-05 0.00913216 9.99551E-05 9.99551E-05 0.990368 9.99551E-05
9.995E-05 9.995E-05 9.995E-05 9.995E-05 9.995E-05 0.9994 9.995E-05
0.765018 9.99729E-05 9.99729E-05 0.101726 0.0947183 9.99729E-05 0.038238
9.9955E-05 9.9955E-05 0.0427071 9.9955E-05 9.9955E-05 0.956793 9.9955E-05
0.0131636 9.9964E-05 0.072831 9.9964E-05 9.9964E-05 0.913606 9.9964E-05
9.99821E-05 0.0106988 0.267913 0.0143966 0.0298854 0.676906 9.99821E-05
9.99731E-05 0.00346902 0.283123 9.99731E-05 0.0611863 0.651922 9.99731E-05
9.997E-05 9.997E-05 0.591315 0.280976 9.997E-05 0.079447 0.0479622
9.995E-05 9.995E-05 9.995E-05 9.995E-05 9.995E-05 0.9994 9.995E-05
9.99641E-05 9.99641E-05 0.897462 9.99641E-05 0.00059062 0.101548 9.99641E-05
0.564445 9.99819E-05 9.99819E-05 0.0717717 0.227856 0.0363727 0.0993543
0.0258048 9.99639E-05 9.99639E-05 9.99639E-05 0.0113883 0.962407 9.99639E-05
9.9955E-05 9.9955E-05 9.9955E-05 0.979676 9.9955E-05 0.0198246 9.9955E-05
9.998E-05 0.000103097 0.0647772 0.180296 9.998E-05 0.030857 0.723766
0.120469 0.0443586 9.99821E-05 9.99821E-05 0.361053 0.11829 0.35563
9.99639E-05 9.99639E-05 9.99639E-05 0.267038 9.99639E-05 0.0927895 0.639773
9.99729E-05 9.99729E-05 9.99729E-05 0.333051 0.0141566 0.0580653 0.594427
9.9964E-05 0.000749429 9.9964E-05 0.0328927 9.9964E-05 9.9964E-05 0.965958
0.332623 9.9973E-05 0.00437263 0.1347 9.9973E-05 9.9973E-05 0.528005
9.9955E-05 9.9955E-05 9.9955E-05 9.9955E-05 0.0258882 9.9955E-05 0.973612
0.163269 0.118743 9.9982E-05 0.0489898 0.125841 9.9982E-05 0.542956
0.0330688 0.0479045 9.9991E-05 0.194962 0.0189398 0.0757468 0.629278
0.235354 9.9991E-05 0.0895408 0.21913 0.099769 0.0545962 0.30151
9.99553E-05 0.0178858 9.99553E-05 0.981614 9.99553E-05 9.99553E-05 9.99553E-05
9.995E-05 9.995E-05 0.9994 9.995E-05 9.995E-05 9.995E-05 9.995E-05
9.995E-05 9.995E-05 0.9994 9.995E-05 9.995E-05 9.995E-05 9.995E-05
9.995E-05 9.995E-05 0.9994 9.995E-05 9.995E-05 9.995E-05 9.995E-05
9.995E-05 9.995E-05 0.9994 9.995E-05 9.995E-05 9.995E-05 9.995E-05
9.995E-05 9.995E-05 0.9994 9.995E-05 9.995E-05 9.995E-05 9.995E-05
0.0363997 0.0226639 0.634573 9.998E-05 9.998E-05 0.224679 0.0814848
9.995E-05 9.995E-05 0.9994 9.995E-05 9.995E-05 9.995E-05 9.995E-05
0.0813502 9.99639E-05 9.99639E-05 0.905969 9.99639E-05 9.99639E-05 0.0122808
0.048423 9.999E-05 0.558117 0.234122 0.0145661 0.0922543 0.0524184
9.995E-05 9.995E-05 9.995E-05 9.995E-05 9.995E-05 0.9994 9.995E-05
0.889298 9.9964E-05 9.9964E-05 0.0672683 0.0430338 9.9964E-05 9.9964E-05
0.414693 9.997E-05 9.997E-05 0.16463 9.997E-05 0.0616985 0.358679
0.9994 9.995E-05 9.995E-05 9.995E-05 9.995E-05 9.995E-05 9.995E-05
0.850433 9.996E-05 9.996E-05 0.0375642 9.996E-05 9.996E-05 0.111603
0.818768 0.00362233 9.997E-05 9.997E-05 0.112554 9.997E-05 0.0647556
9.99551E-05 0.875504 9.99551E-05 0.123996 9.99551E-05 9.99551E-05 9.99551E-05
9.995E-05 9.995E-05 9.995E-05 9.995E-05 9.995E-05 0.9994 9.995E-05
0.148614 0.0361037 0.0376237 0.0704879 9.999E-05 0.344947 0.362124
0.023874 9.997E-05 0.0110883 9.997E-05 9.997E-05 0.945917 0.0188206
9.9955E-05 9.9955E-05 9.9955E-05 0.0367605 9.9955E-05 0.96274 9.9955E-05
0.0241929 9.9964E-05 0.0790984 9.9964E-05 9.9964E-05 0.896309 9.9964E-05
9.9973E-05 0.00297672 0.0436066 0.0468333 9.9973E-05 0.906284 9.9973E-05
9.997E-05 9.997E-05 9.997E-05 0.0241965 0.0208933 0.907848 0.0467623
9.9955E-05 9.9955E-05 9.9955E-05 9.9955E-05 0.000121213 0.999379 9.9955E-05
9.99642E-05 9.99642E-05 0.46601 9.99642E-05 9.99642E-05 0.527727 0.00586292
0.189202 9.99643E-05 0.308678 9.99643E-05 9.99643E-05 0.501721 9.99643E-05
9.9973E-05 9.9973E-05 0.0240167 0.00276054 9.9973E-05 0.959794 0.0131288
0.1718 9.999E-05 0.067514 0.102958 0.0132371 0.0689297 0.57546
0.215826 9.999E-05 0.0792794 0.0851424 0.0135934 0.0622376 0.543821
9.995E-05 9.995E-05 9.995E-05 9.995E-05 0.9994 9.995E-05 9.995E-05
9.995E-05 9.995E-05 9.995E-05 9.995E-05 0.9994 9.995E-05 9.995E-05
0.0294286 9.9964E-05 9.9964E-05 0.0522856 9.9964E-05 9.9964E-05 0.917886
0.0654438 9.9964E-05 9.9964E-05 0.0227776 9.9964E-05 9.9964E-05 0.911379
9.995E-05 9.995E-05 9.995E-05 9.995E-05 0.9994 9.995E-05 9.995E-05
9.995E-05 9.995E-05 9.995E-05 9.995E-05 0.9994 9.995E-05 9.995E-05
0.0563518 9.99549E-05 9.99549E-05 0.943148 9.99549E-05 9.99549E-05 9.99549E-05
0.291044 0.0246665 9.9973E-05 0.0897246 9.9973E-05 9.9973E-05 0.594265
0.0312131 9.9982E-05 0.584054 0.257328 9.9982E-05 0.0900941 0.0371109
0.311676 0.115908 9.998E-05 9.998E-05 0.269105 0.0475581 0.255552
0.394218 0.0751255 9.9982E-05 0.16466 0.319324 9.9982E-05 0.0464727
9.99731E-05 0.0418549 0.324085 9.99731E-05 0.0191563 0.614604 9.99731E-05
