0.0182178 0.95865 9.99639E-05 0.0227321 9.99639E-05 9.99639E-05 9.99639E-05
0.21566 0.224341 0.281686 0.000836801 0.277277 9.9982E-05 9.9982E-05
9.99822E-05 9.99822E-05 0.744147 0.0448216 0.0479885 0.0309114 0.131932
0.00791851 9.9964E-05 0.946918 0.0447634 9.9964E-05 9.9964E-05 9.9964E-05
0.194998 0.080252 0.4808 9.99731E-05 0.243649 9.99731E-05 9.99731E-05
9.9955E-05 0.000648667 0.998852 9.9955E-05 9.9955E-05 9.9955E-05 9.9955E-05
0.156556 9.99731E-05 0.00284946 9.99731E-05 0.357618 9.99731E-05 0.482676
0.186804 9.99641E-05 0.417827 9.99641E-05 0.394969 9.99641E-05 9.99641E-05
0.236995 9.99731E-05 0.0287069 9.99731E-05 0.371275 9.99731E-05 0.362723
0.9994 9.995E-05 9.995E-05 9.995E-05 9.995E-05 9.995E-05 9.995E-05
0.9994 9.995E-05 9.995E-05 9.995E-05 9.995E-05 9.995E-05 9.995E-05
9.9973E-05 0.701027 0.00369782 0.135423 9.9973E-05 9.9973E-05 0.159552
9.995E-05 9.995E-05 9.995E-05 9.995E-05 9.995E-05 9.995E-05 0.9994
9.9973E-05 0.0188538 0.966755 0.00488648 9.9973E-05 0.0092048 9.9973E-05
9.99555E-05 0.0314394 0.968061 9.99555E-05 9.99555E-05 9.99555E-05 9.99555E-05
0.525361 0.0763418 0.0434362 9.9982E-05 0.00261434 9.9982E-05 0.352047
0.40764 9.9973E-05 9.9973E-05 0.354476 9.9973E-05 0.0821905 0.155393
0.224426 9.99639E-05 9.99639E-05 9.99639E-05 0.0605903 0.714584 9.99639E-05
9.9955E-05 9.9955E-05 9.9955E-05 0.0818309 9.9955E-05 0.917669 9.9955E-05
0.738984 0.131803 9.9973E-05 0.0591192 9.9973E-05 9.9973E-05 0.069793
9.995E-05 9.995E-05 9.995E-05 9.995E-05 9.995E-05 0.9994 9.995E-05
0.34228 0.555668 9.99729E-05 0.0150653 9.99729E-05 9.99729E-05 0.0866867
0.297375 9.99731E-05 9.99731E-05 0.299818 0.0336251 0.368882 9.99731E-05
9.99549E-05 9.99549E-05 9.99549E-05 0.0907101 9.99549E-05 0.90879 9.99549E-05
9.9955E-05 9.9955E-05 0.993983 9.9955E-05 0.00551769 9.9955E-05 9.9955E-05
9.995E-05 9.995E-05 0.9994 9.995E-05 9.995E-05 9.995E-05 9.995E-05
0.0632154 0.085604 9.99729E-05 0.0771936 9.99729E-05 9.99729E-05 0.773687
9.9955E-05 9.9955E-05 0.92773 9.9955E-05 0.0717697 9.9955E-05 9.9955E-05
9.9955E-05 9.9955E-05 0.89488 9.9955E-05 0.10462 9.9955E-05 9.9955E-05
9.9982E-05 9.9982E-05 0.662543 0.0177154 0.284711 0.0234871 0.0113439
9.99641E-05 9.99641E-05 0.673754 0.0456007 0.280245 9.99641E-05 9.99641E-05
0.108266 0.250679 0.100111 9.99731E-05 0.540644 9.99731E-05 9.99731E-05
9.995E-05 9.995E-05 0.9994 9.995E-05 9.995E-05 9.995E-05 9.995E-05
9.99641E-05 9.99641E-05 0.0906444 0.00989152 0.899064 9.99641E-05 9.99641E-05
0.0748281 0.064767 0.053647 0.241786 9.99819E-05 9.99819E-05 0.564772
9.99639E-05 0.00356066 0.985702 9.99639E-05 9.99639E-05 9.99639E-05 0.0103373
9.995E-05 0.9994 9.995E-05 9.995E-05 9.995E-05 9.995E-05 9.995E-05
0.77824 0.105774 0.0270765 9.9982E-05 0.0789076 0.00980145 9.9982E-05
0.243561 9.9982E-05 0.138288 0.426297 9.9982E-05 0.0662238 0.12543
0.581178 0.256009 0.132041 0.0304728 9.99729E-05 9.99729E-05 9.99729E-05
0.602048 0.323195 0.0510519 0.0234054 9.99729E-05 9.99729E-05 9.99729E-05
0.985448 9.9955E-05 9.9955E-05 0.0140521 9.9955E-05 9.9955E-05 9.9955E-05
0.549008 0.158989 9.9973E-05 9.9973E-05 0.0213807 9.9973E-05 0.270322
0.950891 0.0133897 9.9973E-05 0.0338893 9.9973E-05 9.9973E-05 0.00153023
0.558437 0.0726922 9.9982E-05 0.141171 9.9982E-05 0.0875849 0.139915
0.711778 0.136184 0.0616855 0.0415851 9.9991E-05 0.0347531 0.0139142
0.267351 0.255228 0.10713 0.146637 0.0430397 9.9991E-05 0.180514
9.99552E-05 0.983609 9.99552E-05 9.99552E-05 9.99552E-05 0.0158912 9.99552E-05
9.995E-05 9.995E-05 9.995E-05 9.995E-05 0.9994 9.995E-05 9.995E-05
9.995E-05 9.995E-05 9.995E-05 9.995E-05 0.9994 9.995E-05 9.995E-05
9.99549E-05 9.99549E-05 9.99549E-05 0.00217368 0.997327 9.99549E-05 9.99549E-05
9.995E-05 9.995E-05 9.995E-05 9.995E-05 0.9994 9.995E-05 9.995E-05
9.995E-05 9.995E-05 9.995E-05 9.995E-05 0.9994 9.995E-05 9.995E-05
0.125737 9.99821E-05 0.198089 9.99821E-05 0.613877 0.00774107 0.0543552
0.00568106 0.00893375 9.9973E-05 0.00872925 0.976356 9.9973E-05 9.9973E-05
0.0439904 0.868036 9.99639E-05 9.99639E-05 9.99639E-05 9.99639E-05 0.0875736
0.115617 0.213786 0.145203 9.9982E-05 0.508514 9.9982E-05 0.0166805
9.99549E-05 0.0040957 0.995405 9.99549E-05 9.99549E-05 9.99549E-05 9.99549E-05
9.9964E-05 0.0716433 9.9964E-05 0.0483028 9.9964E-05 9.9964E-05 0.879654
0.391773 0.199057 0.047369 9.9973E-05 9.9973E-05 9.9973E-05 0.361501
9.995E-05 9.995E-05 9.995E-05 9.995E-05 9.995E-05 9.995E-05 0.9994
0.0943219 0.00716764 9.99729E-05 0.00388406 9.99729E-05 9.99729E-05 0.894327
9.99639E-05 9.99639E-05 9.99639E-05 0.0973223 9.99639E-05 0.0024536 0.899824
9.99641E-05 0.0724186 9.99641E-05 9.99641E-05 0.0139369 0.913245 9.99641E-05
9.995E-05 9.995E-05 0.9994 9.995E-05 9.995E-05 9.995E-05 9.995E-05
0.255422 0.0396099 0.331501 0.128392 0.0996301 0.0394898 0.105956
9.99641E-05 9.99641E-05 0.98194 0.0018645 9.99641E-05 9.99641E-05 0.0157955
9.9964E-05 0.0316437 0.959337 9.9964E-05 0.00861912 9.9964E-05 9.9964E-05
9.9964E-05 9.9964E-05 0.902033 9.9964E-05 0.0608839 9.9964E-05 0.0366836
9.9964E-05 9.9964E-05 0.940476 9.9964E-05 0.0574237 0.00169998 9.9964E-05
0.0109678 0.040196 0.93355 0.0149862 9.9973E-05 9.9973E-05 9.9973E-05
0.00094878 9.9964E-05 0.98996 0.00869132 9.9964E-05 9.9964E-05 9.9964E-05
0.0117944 9.99642E-05 0.482181 9.99642E-05 0.505624 9.99642E-05 9.99642E-05
9.99643E-05 9.99643E-05 0.507506 9.99643E-05 0.336133 9.99643E-05 0.155962
0.0154921 9.9964E-05 0.966795 9.9964E-05 0.0173134 9.9964E-05 9.9964E-05
0.626471 0.0667044 0.0943267 0.0389077 0.020625 9.9991E-05 0.152865
0.624076 0.0678909 0.069268 9.9982E-05 0.0716431 9.9982E-05 0.166922
9.995E-05 9.995E-05 9.995E-05 0.9994 9.995E-05 9.995E-05 9.995E-05
9.995E-05 9.995E-05 9.995E-05 0.9994 9.995E-05 9.995E-05 9.995E-05
0.957226 0.0306507 9.9964E-05 9.9964E-05 0.011724 9.9964E-05 9.9964E-05
0.94723 0.0195426 9.9964E-05 9.9964E-05 9.9964E-05 9.9964E-05 0.0328277
9.995E-05 9.995E-05 9.995E-05 0.9994 9.995E-05 9.995E-05 9.995E-05
9.995E-05 9.995E-05 9.995E-05 0.9994 9.995E-05 9.995E-05 9.995E-05
9.99549E-05 0.938385 9.99549E-05 9.99549E-05 9.99549E-05 9.99549E-05 0.0611157
0.555003 0.0918366 9.9973E-05 9.9973E-05 9.9973E-05 0.0553462 0.297515
0.136999 0.213974 0.105855 9.9973E-05 0.542872 9.9973E-05 9.9973E-05
0.135696 0.0493034 0.0739944 0.296734 9.9991E-05 0.124826 0.319347
9.9973E-05 0.203959 9.9973E-05 0.35454 9.9973E-05 0.0755663 0.365635
9.99821E-05 9.99821E-05 0.58464 0.0372998 0.345678 0.0217893 0.0103929
