9.99549E-05 0.00592049 9.99549E-05 9.99549E-05 0.978965 9.99549E-05 9.99549E-05 0.0146152
9.9973E-05 0.230586 0.330793 9.9973E-05 0.229883 9.9973E-05 0.18988 0.0185578
9.99644E-05 9.99644E-05 0.790727 0.110433 9.99644E-05 9.99644E-05 0.0482172 0.0502228
9.9946E-05 9.9946E-05 0.975318 9.9946E-05 9.9946E-05 9.9946E-05 9.9946E-05 0.0240823
0.028057 0.281454 0.433624 9.99731E-05 0.0345368 9.99731E-05 0.222028 9.99731E-05
0.0648041 9.9946E-05 0.934596 9.9946E-05 9.9946E-05 9.9946E-05 9.9946E-05 9.9946E-05
9.996E-05 0.275174 0.0509304 0.42624 9.996E-05 9.996E-05 0.247256 9.996E-05
9.99641E-05 0.14681 0.405079 9.99641E-05 9.99641E-05 9.99641E-05 0.443989 0.00372259
9.99641E-05 0.351747 0.0145265 0.278852 9.99641E-05 9.99641E-05 0.354474 9.99641E-05
9.994E-05 0.9993 9.994E-05 9.994E-05 9.994E-05 9.994E-05 9.994E-05 9.994E-05
9.994E-05 0.9993 9.994E-05 9.994E-05 9.994E-05 9.994E-05 9.994E-05 9.994E-05
0.00779311 9.9973E-05 0.020052 0.172507 0.6684 9.9973E-05 9.9973E-05 0.130948
9.99461E-05 9.99461E-05 0.0147073 0.984693 9.99461E-05 9.99461E-05 9.99461E-05 9.99461E-05
0.0514863 9.9964E-05 0.903186 9.9964E-05 0.0376365 0.00729097 9.9964E-05 9.9964E-05
9.9973E-05 0.00189579 0.91686 9.9973E-05 0.0592766 0.0139074 9.9973E-05 0.00776025
0.0088714 0.559664 0.0173721 0.308391 0.0924078 9.9991E-05 0.00663852 0.00655595
0.904439 0.0949615 9.99459E-05 9.99459E-05 9.99459E-05 9.99459E-05 9.99459E-05 9.99459E-05
9.99639E-05 0.169677 9.99639E-05 9.99639E-05 0.083165 0.713682 0.0330763 9.99639E-05
9.9946E-05 9.9946E-05 9.9946E-05 9.9946E-05 9.9946E-05 0.920833 9.9946E-05 0.0785675
0.106255 0.704825 9.9964E-05 9.9964E-05 0.155986 9.9964E-05 9.9964E-05 0.0325342
9.994E-05 9.994E-05 9.994E-05 9.994E-05 9.994E-05 0.9993 9.994E-05 9.994E-05
0.073114 0.318598 9.99639E-05 0.0697404 0.538147 9.99639E-05 9.99639E-05 9.99639E-05
0.297999 0.162364 9.9964E-05 9.9964E-05 9.9964E-05 0.339748 9.9964E-05 0.199489
0.0285715 0.0188776 9.9964E-05 9.9964E-05 9.9964E-05 0.914914 9.9964E-05 0.0372372
9.99461E-05 9.99461E-05 0.983591 9.99461E-05 9.99461E-05 9.99461E-05 0.015809 9.99461E-05
9.99461E-05 9.99461E-05 0.998487 9.99461E-05 9.99461E-05 9.99461E-05 0.000913137 9.99461E-05
0.0529187 0.00928953 9.99729E-05 0.765732 0.0763677 9.99729E-05 9.99729E-05 0.0953927
9.9955E-05 9.9955E-05 0.902301 0.0243089 9.9955E-05 9.9955E-05 0.0728907 9.9955E-05
9.9964E-05 9.9964E-05 0.873684 0.0114858 0.00286836 9.9964E-05 0.111562 9.9964E-05
0.0360762 9.9973E-05 0.658374 9.9973E-05 9.9973E-05 0.0227826 0.257743 0.0247239
0.127256 9.99551E-05 0.589313 9.99551E-05 9.99551E-05 9.99551E-05 0.282931 9.99551E-05
9.99642E-05 0.102714 0.137204 9.99642E-05 0.253157 9.99642E-05 0.506525 9.99642E-05
0.0262618 9.99551E-05 0.971994 9.99551E-05 9.99551E-05 9.99551E-05 9.99551E-05 0.00124426
0.0296672 9.99641E-05 0.0618316 9.99641E-05 9.99641E-05 9.99641E-05 0.897832 0.0102698
0.407328 9.99729E-05 9.99729E-05 0.421238 0.0429842 9.99729E-05 0.0361401 0.0920105
0.0203357 9.99639E-05 0.962735 0.0131877 0.00334128 9.99639E-05 9.99639E-05 9.99639E-05
0.0379217 9.9955E-05 0.00156831 9.9955E-05 0.96001 9.9955E-05 9.9955E-05 9.9955E-05
0.0453828 0.759552 0.0112656 9.9982E-05 0.105804 0.00476369 0.073032 9.9982E-05
0.9993 9.994E-05 9.994E-05 9.994E-05 9.994E-05 9.994E-05 9.994E-05 9.994E-05
0.173453 0.497561 0.0827289 9.99639E-05 0.245858 9.99639E-05 9.99639E-05 9.99639E-05
0.101158 0.559068 0.0441599 9.99729E-05 0.292742 9.99729E-05 9.99729E-05 0.00257236
0.055279 0.921209 9.99549E-05 9.99549E-05 0.0230119 9.99549E-05 9.99549E-05 9.99549E-05
9.9955E-05 0.624054 9.9955E-05 0.237402 0.138044 9.9955E-05 9.9955E-05 9.9955E-05
0.0943606 0.867526 9.9955E-05 9.9955E-05 9.9955E-05 9.9955E-05 9.9955E-05 0.0376141
0.0603105 0.564919 9.9982E-05 0.127765 0.027569 0.123838 9.9982E-05 0.0953983
0.114011 0.678951 0.0656214 9.9973E-05 0.109459 0.0316584 9.9973E-05 9.9973E-05
0.387414 0.137501 0.0377013 0.106223 0.2146 9.9991E-05 0.0924038 0.0240571
9.99463E-05 9.99463E-05 9.99463E-05 9.99463E-05 0.981563 0.0178375 9.99463E-05 9.99463E-05
9.994E-05 9.994E-05 9.994E-05 9.994E-05 9.994E-05 9.994E-05 0.9993 9.994E-05
9.994E-05 9.994E-05 9.994E-05 9.994E-05 9.994E-05 9.994E-05 0.9993 9.994E-05
9.99549E-05 0.002049 9.99549E-05 9.99549E-05 9.99549E-05 0.000863689 0.996588 9.99549E-05
9.994E-05 9.994E-05 9.994E-05 9.994E-05 9.994E-05 9.994E-05 0.9993 9.994E-05
9.994E-05 9.994E-05 9.994E-05 9.994E-05 9.994E-05 9.994E-05 0.9993 9.994E-05
9.99731E-05 0.131927 0.221204 0.0276012 9.99731E-05 0.0287279 0.59024 9.99731E-05
9.9955E-05 9.9955E-05 9.9955E-05 9.9955E-05 0.013496 9.9955E-05 0.984449 0.00155493
9.99549E-05 0.0704865 9.99549E-05 0.0455652 0.883449 9.99549E-05 9.99549E-05 9.99549E-05
9.9982E-05 0.141443 0.122686 0.0116242 0.219947 9.9982E-05 0.492893 0.0112062
0.00228059 9.99459E-05 0.99712 9.99459E-05 9.99459E-05 9.99459E-05 9.99459E-05 9.99459E-05
9.9955E-05 9.9955E-05 9.9955E-05 0.869214 0.0787436 9.9955E-05 9.9955E-05 0.0515428
9.99641E-05 0.409175 0.0458849 0.327896 0.216644 9.99641E-05 9.99641E-05 9.99641E-05
9.994E-05 9.994E-05 9.994E-05 0.9993 9.994E-05 9.994E-05 9.994E-05 9.994E-05
0.0278441 0.0913866 9.99639E-05 0.873568 0.00680193 9.99639E-05 9.99639E-05 9.99639E-05
0.0406029 0.0440149 9.99819E-05 0.821754 0.00501124 0.0106239 9.99819E-05 0.0777926
9.99551E-05 9.99551E-05 9.99551E-05 9.99551E-05 0.0563535 0.935407 0.00774023 9.99551E-05
9.994E-05 9.994E-05 0.9993 9.994E-05 9.994E-05 9.994E-05 9.994E-05 9.994E-05
0.146639 0.190336 0.257599 0.122811 0.0123857 9.999E-05 0.190581 0.0795498
9.99462E-05 9.99462E-05 0.972694 0.0267066 9.99462E-05 9.99462E-05 9.99462E-05 9.99462E-05
0.057728 9.9964E-05 0.936731 9.9964E-05 0.00274359 9.9964E-05 0.00239726 9.9964E-05
9.9964E-05 0.00441816 0.910553 0.0202116 9.9964E-05 9.9964E-05 0.0644178 9.9964E-05
9.9964E-05 9.9964E-05 0.923639 9.9964E-05 0.0342086 0.0163687 0.0253839 9.9964E-05
0.0339962 0.0601098 0.905394 9.99551E-05 9.99551E-05 9.99551E-05 9.99551E-05 9.99551E-05
0.0244997 9.99459E-05 0.974901 9.99459E-05 9.99459E-05 9.99459E-05 9.99459E-05 9.99459E-05
0.07371 9.99553E-05 0.438924 9.99553E-05 9.99553E-05 9.99553E-05 0.486866 9.99553E-05
9.995E-05 9.995E-05 0.46625 0.188044 9.995E-05 9.995E-05 0.345206 9.995E-05
9.996E-05 0.021254 0.945394 9.996E-05 0.0268515 9.996E-05 0.00610108 9.996E-05
9.9982E-05 0.714308 0.106826 0.0795556 0.0837507 9.9982E-05 0.0130688 0.00229052
9.9982E-05 0.675272 0.099432 0.165832 0.0284729 9.9982E-05 0.0159491 0.0148415
9.994E-05 9.994E-05 9.994E-05 9.994E-05 9.994E-05 9.994E-05 9.994E-05 0.9993
9.994E-05 9.994E-05 9.994E-05 9.994E-05 9.994E-05 9.994E-05 9.994E-05 0.9993
9.9955E-05 0.967588 0.00237088 9.9955E-05 0.0295417 9.9955E-05 9.9955E-05 9.9955E-05
9.99459E-05 0.942726 9.99459E-05 0.0566739 9.99459E-05 9.99459E-05 9.99459E-05 9.99459E-05
9.9955E-05 0.0436434 9.9955E-05 9.9955E-05 9.9955E-05 9.9955E-05 0.00438397 0.951473
9.994E-05 9.994E-05 9.994E-05 9.994E-05 9.994E-05 9.994E-05 9.994E-05 0.9993
9.99459E-05 9.99459E-05 9.99459E-05 0.0430995 0.956301 9.99459E-05 9.99459E-05 9.99459E-05
9.9973E-05 0.608701 0.00498223 0.255267 0.0968137 0.0339355 9.9973E-05 9.9973E-05
9.9973E-05 0.1951 0.0936775 0.0152647 0.16544 9.9973E-05 0.530218 9.9973E-05
0.568064 0.0912086 9.99731E-05 0.177206 9.99731E-05 0.0833265 9.99731E-05 0.0798952
0.564568 9.9973E-05 9.9973E-05 0.242207 0.0820281 0.028954 9.9973E-05 0.0819425
9.99731E-05 0.0244534 0.581799 9.99731E-05 9.99731E-05 0.0482634 0.317065 0.0281189
