9.99549E-05 0.0320878 9.99549E-05 0.00990131 9.99549E-05 9.99549E-05 0.948051 9.99549E-05 0.00945991
9.99639E-05 9.99639E-05 9.99639E-05 0.0416074 0.202487 0.556477 0.16847 9.99639E-05 0.0305591
0.0100431 9.99644E-05 0.131713 9.99644E-05 0.758389 0.0768226 9.99644E-05 9.99644E-05 0.0226324
9.9937E-05 9.9937E-05 9.9937E-05 9.9937E-05 0.967403 9.9937E-05 9.9937E-05 9.9937E-05 0.0318975
9.99551E-05 0.208085 9.99551E-05 9.99551E-05 0.428033 0.294789 0.0685939 9.99551E-05 9.99551E-05
9.9946E-05 9.9946E-05 0.00426251 9.9946E-05 0.981391 9.9946E-05 9.9946E-05 9.9946E-05 0.0137466
9.9946E-05 9.9946E-05 0.264257 0.0350658 9.9946E-05 0.700077 9.9946E-05 9.9946E-05 9.9946E-05
0.158698 0.0472774 9.9955E-05 9.9955E-05 0.375655 0.417869 9.9955E-05 9.9955E-05 9.9955E-05
9.99459E-05 9.99459E-05 0.137258 0.107682 9.99459E-05 0.75446 9.99459E-05 9.99459E-05 9.99459E-05
9.99371E-05 0.981196 9.99371E-05 9.99371E-05 9.99371E-05 0.0181046 9.99371E-05 9.99371E-05 9.99371E-05
9.99371E-05 0.986277 9.99371E-05 9.99371E-05 9.99371E-05 0.0130232 9.99371E-05 9.99371E-05 9.99371E-05
9.9955E-05 9.9955E-05 0.178118 9.9955E-05 0.0186963 9.9955E-05 0.68237 9.9955E-05 0.120316
9.99371E-05 9.99371E-05 0.985681 9.99371E-05 9.99371E-05 0.013619 9.99371E-05 9.99371E-05 9.99371E-05
9.9964E-05 9.9964E-05 9.9964E-05 0.00732708 0.9425 9.9964E-05 0.0183991 0.0194858 0.0118886
9.9946E-05 9.9946E-05 9.9946E-05 9.9946E-05 0.935058 9.9946E-05 0.0537931 0.0105492 9.9946E-05
9.9946E-05 0.0702842 0.179246 0.749871 9.9946E-05 9.9946E-05 9.9946E-05 9.9946E-05 9.9946E-05
9.9964E-05 0.357703 0.206364 0.0748595 9.9964E-05 9.9964E-05 9.9964E-05 0.0546823 0.305991
0.0347908 0.164763 9.99729E-05 0.0528038 9.99729E-05 0.0163763 0.0117695 0.719197 9.99729E-05
9.9937E-05 9.9937E-05 9.9937E-05 9.9937E-05 9.9937E-05 9.9937E-05 9.9937E-05 0.911413 0.0878879
9.99549E-05 0.476886 9.99549E-05 0.354292 9.99549E-05 9.99549E-05 0.101863 9.99549E-05 0.0664593
9.993E-05 9.993E-05 9.993E-05 9.993E-05 9.993E-05 9.993E-05 9.993E-05 0.999201 9.993E-05
9.9955E-05 0.110572 0.0513684 0.309909 9.9955E-05 9.9955E-05 0.52765 9.9955E-05 9.9955E-05
0.000805584 0.31214 9.99641E-05 9.99641E-05 0.00651117 9.99641E-05 9.99641E-05 0.390414 0.289729
9.99459E-05 0.058987 9.99459E-05 9.99459E-05 9.99459E-05 9.99459E-05 9.99459E-05 0.876539 0.0638746
9.993E-05 9.993E-05 9.993E-05 9.993E-05 0.999201 9.993E-05 9.993E-05 9.993E-05 9.993E-05
9.993E-05 9.993E-05 9.993E-05 9.993E-05 0.999201 9.993E-05 9.993E-05 9.993E-05 9.993E-05
9.99549E-05 0.0750041 0.779556 9.99549E-05 9.99549E-05 9.99549E-05 0.0972607 9.99549E-05 0.0476792
0.051354 9.9955E-05 0.0110762 9.9955E-05 0.905408 0.0316618 9.9955E-05 9.9955E-05 9.9955E-05
0.0515229 9.9964E-05 0.018005 0.0373988 0.888942 0.00373142 9.9964E-05 9.9964E-05 9.9964E-05
0.210532 9.99641E-05 9.99641E-05 9.99641E-05 0.677553 0.0505275 9.99641E-05 0.0166301 0.0443572
0.144554 0.0149166 9.9964E-05 9.9964E-05 0.587696 0.207494 9.9964E-05 9.9964E-05 0.0449395
0.0588275 9.9955E-05 9.9955E-05 9.9955E-05 9.9955E-05 0.887254 0.0347381 9.9955E-05 0.018681
9.99372E-05 9.99372E-05 9.99372E-05 0.0425535 0.956747 9.99372E-05 9.99372E-05 9.99372E-05 9.99372E-05
0.756859 9.99462E-05 9.99462E-05 9.99462E-05 0.102879 0.139663 9.99462E-05 9.99462E-05 9.99462E-05
0.032459 0.0860455 0.570509 9.99729E-05 0.0658007 9.99729E-05 0.064131 9.99729E-05 0.180755
9.99639E-05 9.99639E-05 0.0282785 9.99639E-05 0.924176 0.0219183 0.0228348 9.99639E-05 0.00239265
9.9937E-05 9.9937E-05 9.9937E-05 9.9937E-05 0.00756927 9.9937E-05 0.991731 9.9937E-05 9.9937E-05
9.99459E-05 0.626003 9.99459E-05 9.99459E-05 9.99459E-05 0.198552 0.174845 9.99459E-05 9.99459E-05
9.9973E-05 0.225429 0.180801 0.0211509 0.141545 9.9973E-05 9.9973E-05 0.0606119 0.370162
9.99639E-05 0.362906 9.99639E-05 0.303508 0.0862122 9.99639E-05 0.243249 0.00372539 9.99639E-05
9.99729E-05 0.358298 9.99729E-05 0.281292 0.0705213 9.99729E-05 0.263479 0.0124575 0.0136513
9.99549E-05 0.923601 0.00924142 0.0246309 9.99549E-05 9.99549E-05 0.0420268 9.99549E-05 9.99549E-05
9.9955E-05 9.9955E-05 0.0784417 0.901432 9.9955E-05 0.0178505 9.9955E-05 0.00177651 9.9955E-05
0.0059246 0.859625 0.047095 0.0159874 9.99729E-05 9.99729E-05 0.0440091 9.99729E-05 0.0270589
0.0102604 0.447566 0.168423 0.0648586 9.9991E-05 0.00996103 0.077399 0.097962 0.12347
9.9973E-05 0.51386 9.9973E-05 0.191781 0.0728862 9.9973E-05 0.178103 0.0290003 0.0140693
0.0354507 0.361545 0.240566 9.9973E-05 0.111766 9.9973E-05 0.212 9.9973E-05 0.0383724
9.99374E-05 9.99374E-05 9.99374E-05 9.99374E-05 9.99374E-05 9.99374E-05 0.992158 0.00714223 9.99374E-05
0.999201 9.993E-05 9.993E-05 9.993E-05 9.993E-05 9.993E-05 9.993E-05 9.993E-05 9.993E-05
0.999201 9.993E-05 9.993E-05 9.993E-05 9.993E-05 9.993E-05 9.993E-05 9.993E-05 9.993E-05
0.985461 0.0138398 9.9937E-05 9.9937E-05 9.9937E-05 9.9937E-05 9.9937E-05 9.9937E-05 9.9937E-05
0.999201 9.993E-05 9.993E-05 9.993E-05 9.993E-05 9.993E-05 9.993E-05 9.993E-05 9.993E-05
0.999201 9.993E-05 9.993E-05 9.993E-05 9.993E-05 9.993E-05 9.993E-05 9.993E-05 9.993E-05
0.422147 9.99641E-05 9.99641E-05 0.108024 0.226324 0.202161 9.99641E-05 0.0409439 9.99641E-05
0.962545 9.9946E-05 9.9946E-05 0.0173084 9.9946E-05 0.0195471 9.9946E-05 9.9946E-05 9.9946E-05
9.99459E-05 9.99459E-05 0.0357281 0.17056 9.99459E-05 9.99459E-05 0.793112 9.99459E-05 9.99459E-05
0.0810233 9.99548E-05 9.99548E-05 9.99548E-05 9.99548E-05 0.826915 0.0644218 9.99548E-05 0.0271403
9.993E-05 9.993E-05 9.993E-05 9.993E-05 0.999201 9.993E-05 9.993E-05 9.993E-05 9.993E-05
0.0438969 9.9964E-05 0.824027 0.0924093 9.9964E-05 9.9964E-05 0.0361109 9.9964E-05 0.00315611
9.99371E-05 9.99371E-05 0.119335 0.879965 9.99371E-05 9.99371E-05 9.99371E-05 9.99371E-05 9.99371E-05
9.99372E-05 9.99372E-05 0.985021 9.99372E-05 9.99372E-05 0.0142792 9.99372E-05 9.99372E-05 9.99372E-05
9.99459E-05 0.0845773 0.900046 9.99459E-05 9.99459E-05 9.99459E-05 0.0147766 9.99459E-05 9.99459E-05
9.994E-05 0.103522 0.857429 9.994E-05 9.994E-05 9.994E-05 9.994E-05 9.994E-05 0.0384493
9.99461E-05 9.99461E-05 9.99461E-05 9.99461E-05 9.99461E-05 0.0010704 0.0843169 0.914013 9.99461E-05
9.993E-05 9.993E-05 9.993E-05 9.993E-05 0.999201 9.993E-05 9.993E-05 9.993E-05 9.993E-05
0.0568191 0.292534 9.9991E-05 0.0788724 0.360675 0.0474433 0.0507298 0.0544416 0.0583844
9.99372E-05 9.99372E-05 9.99372E-05 0.0330745 0.966226 9.99372E-05 9.99372E-05 9.99372E-05 9.99372E-05
9.9937E-05 9.9937E-05 9.9937E-05 9.9937E-05 0.956419 9.9937E-05 0.0428809 9.9937E-05 9.9937E-05
0.0256486 9.99549E-05 9.99549E-05 0.0769362 0.840549 0.0563668 9.99549E-05 9.99549E-05 9.99549E-05
0.0255269 9.9964E-05 9.9964E-05 0.0240306 0.896438 0.0513835 9.9964E-05 0.00222162 9.9964E-05
9.99461E-05 0.0924144 9.99461E-05 9.99461E-05 0.88785 9.99461E-05 0.0191363 9.99461E-05 9.99461E-05
9.9946E-05 9.9946E-05 9.9946E-05 9.9946E-05 0.980639 9.9946E-05 0.00208473 9.9946E-05 0.0166762
0.185965 9.99462E-05 9.99462E-05 9.99462E-05 0.471128 0.342307 9.99462E-05 9.99462E-05 9.99462E-05
0.0718588 9.99552E-05 0.0357859 9.99552E-05 0.404823 0.487033 9.99552E-05 9.99552E-05 9.99552E-05
9.9946E-05 9.9946E-05 9.9946E-05 0.0166598 0.971675 9.9946E-05 9.9946E-05 9.9946E-05 0.0110657
0.0139854 9.9937E-05 9.9937E-05 0.985315 9.9937E-05 9.9937E-05 9.9937E-05 9.9937E-05 9.9937E-05
0.0245875 9.99369E-05 9.99369E-05 0.974713 9.99369E-05 9.99369E-05 9.99369E-05 9.99369E-05 9.99369E-05
9.993E-05 9.993E-05 9.993E-05 9.993E-05 9.993E-05 9.993E-05 9.993E-05 9.993E-05 0.999201
9.993E-05 9.993E-05 9.993E-05 9.993E-05 9.993E-05 9.993E-05 9.993E-05 9.993E-05 0.999201
9.99639E-05 0.773631 9.99639E-05 0.106003 0.00268903 0.0426017 0.0746753 9.99639E-05 9.99639E-05
9.9964E-05 0.739374 0.0122523 0.148123 9.9964E-05 0.0341987 0.0656523 9.9964E-05 9.9964E-05
9.9946E-05 9.9946E-05 9.9946E-05 0.00439321 9.9946E-05 0.0155263 9.9946E-05 9.9946E-05 0.979481
9.993E-05 9.993E-05 9.993E-05 9.993E-05 9.993E-05 9.993E-05 9.993E-05 9.993E-05 0.999201
0.0116489 9.99549E-05 0.0242928 0.0206994 9.99549E-05 9.99549E-05 0.942859 9.99549E-05 9.99549E-05
9.9973E-05 0.181602 0.198489 0.507135 9.9973E-05 0.0485219 0.0081871 0.055765 9.9973E-05
0.104551 9.99548E-05 9.99548E-05 9.99548E-05 9.99548E-05 0.830271 0.0469139 9.99548E-05 0.0177641
9.99641E-05 0.299948 0.309912 9.99641E-05 0.0817084 9.99641E-05 9.99641E-05 0.0962081 0.211823
9.99552E-05 9.99552E-05 0.432021 9.99552E-05 9.99552E-05 9.99552E-05 0.182017 0.0733839 0.312079
0.140658 0.00647603 9.99731E-05 9.99731E-05 0.548258 0.238639 9.99731E-05 0.0414668 0.0242024
