9.99369E-05 9.99369E-05 9.99369E-05 0.00874926 9.99369E-05 9.99369E-05 9.99369E-05 9.99369E-05 0.990551
0.142553 0.308375 0.273041 0.053672 0.0132034 9.99729E-05 9.99729E-05 9.99729E-05 0.208855
0.0618016 0.00777493 0.762406 0.0449056 9.99732E-05 0.0834264 0.0393854 9.99732E-05 9.99732E-05
9.9937E-05 9.9937E-05 0.972051 0.0272491 9.9937E-05 9.9937E-05 9.9937E-05 9.9937E-05 9.9937E-05
0.0856359 0.28884 0.4347 9.99674E-05 0.14838 9.99674E-05 9.99674E-05 0.0420444 9.99674E-05
9.9937E-05 9.9937E-05 0.993007 9.9937E-05 9.9937E-05 9.9937E-05 9.9937E-05 0.00629369 9.9937E-05
9.99369E-05 0.995027 9.99369E-05 9.99369E-05 9.99369E-05 0.00427381 9.99369E-05 9.99369E-05 9.99369E-05
0.298402 0.162072 0.428131 9.99641E-05 0.0956906 9.99641E-05 9.99641E-05 0.0153041 9.99641E-05
9.993E-05 0.999201 9.993E-05 9.993E-05 9.993E-05 9.993E-05 9.993E-05 9.993E-05 9.993E-05
9.993E-05 0.0475335 9.993E-05 9.993E-05 0.951767 9.993E-05 9.993E-05 9.993E-05 9.993E-05
9.99371E-05 0.0628495 9.99371E-05 9.99371E-05 0.936451 9.99371E-05 9.99371E-05 9.99371E-05 9.99371E-05
9.9946E-05 9.9946E-05 9.9946E-05 0.124068 9.9946E-05 0.20651 9.9946E-05 9.9946E-05 0.668822
9.99372E-05 9.99372E-05 0.00252048 9.99372E-05 9.99372E-05 0.99678 9.99372E-05 9.99372E-05 9.99372E-05
9.9955E-05 9.9955E-05 0.931103 9.9955E-05 9.9955E-05 9.9955E-05 0.0119631 0.0446865 0.0117481
9.9946E-05 9.9946E-05 0.952677 9.9946E-05 9.9946E-05 9.9946E-05 0.0019063 9.9946E-05 0.0448172
9.99639E-05 0.267457 9.99639E-05 9.99639E-05 0.287633 0.242281 9.99639E-05 0.05441 0.147819
9.99369E-05 9.99369E-05 9.99369E-05 9.99369E-05 0.0611411 9.99369E-05 9.99369E-05 0.938159 9.99369E-05
0.0539709 0.0151017 9.99639E-05 9.99639E-05 0.203117 9.99639E-05 0.704354 9.99639E-05 0.0230564
9.9946E-05 9.9946E-05 9.9946E-05 0.0540888 9.9946E-05 0.0254153 0.919896 9.9946E-05 9.9946E-05
9.9973E-05 0.0304148 9.9973E-05 0.0309241 0.629365 0.0290048 9.9973E-05 0.134975 0.145017
9.993E-05 9.993E-05 9.993E-05 9.993E-05 9.993E-05 9.993E-05 0.999201 9.993E-05 9.993E-05
0.00396597 9.9982E-05 0.00196059 0.0123939 0.195553 0.149081 9.9982E-05 0.0597025 0.577144
9.9955E-05 9.9955E-05 9.9955E-05 0.15623 0.161765 9.9955E-05 0.358557 0.322948 9.9955E-05
9.99549E-05 9.99549E-05 9.99549E-05 0.027953 0.0324725 9.99549E-05 0.853694 0.0853811 9.99549E-05
9.993E-05 9.993E-05 0.999201 9.993E-05 9.993E-05 9.993E-05 9.993E-05 9.993E-05 9.993E-05
9.993E-05 9.993E-05 0.999201 9.993E-05 9.993E-05 9.993E-05 9.993E-05 9.993E-05 9.993E-05
9.99639E-05 9.99639E-05 9.99639E-05 0.0410449 0.0871721 0.759107 9.99639E-05 0.0708087 0.0414678
0.0360881 0.0331422 0.920917 9.9955E-05 9.9955E-05 0.00935329 9.9955E-05 9.9955E-05 9.9955E-05
0.0527595 0.04138 0.905261 9.9946E-05 9.9946E-05 9.9946E-05 9.9946E-05 9.9946E-05 9.9946E-05
0.205776 9.99731E-05 0.709799 0.00339657 9.99731E-05 0.0376917 0.0420579 9.99731E-05 0.00097926
0.267722 9.99551E-05 0.650399 9.99551E-05 0.020566 9.99551E-05 9.99551E-05 0.0608135 9.99551E-05
0.313882 0.403344 0.104577 0.0206519 9.99641E-05 9.99641E-05 9.99641E-05 9.99641E-05 0.157146
9.99461E-05 0.0103348 0.970711 9.99461E-05 9.99461E-05 9.99461E-05 9.99461E-05 0.0183548 9.99461E-05
0.797311 0.101292 0.100527 9.99551E-05 9.99551E-05 9.99551E-05 9.99551E-05 0.000370387 9.99551E-05
0.00913551 9.99819E-05 0.0109461 0.0830315 0.128938 0.468575 9.99819E-05 0.27716 0.0220142
9.99459E-05 9.99459E-05 0.972783 9.99459E-05 9.99459E-05 9.99459E-05 9.99459E-05 0.0109632 0.0156541
9.99371E-05 9.99371E-05 9.99371E-05 9.99371E-05 9.99371E-05 9.99371E-05 9.99371E-05 0.0142407 0.98506
0.0916786 0.0175213 0.0671451 9.9973E-05 0.704164 9.9973E-05 0.00315935 9.9973E-05 0.116032
9.993E-05 9.993E-05 9.993E-05 9.993E-05 9.993E-05 9.993E-05 9.993E-05 0.999201 9.993E-05
9.99549E-05 9.99549E-05 0.10154 9.99549E-05 0.517719 9.99549E-05 9.99549E-05 0.0876578 0.292583
9.99639E-05 9.99639E-05 0.0856997 0.00692145 0.5061 9.99639E-05 9.99639E-05 0.0469196 0.353959
9.9946E-05 9.9946E-05 9.9946E-05 9.9946E-05 0.968697 9.9946E-05 9.9946E-05 0.00966306 0.0210401
9.99548E-05 0.344584 9.99548E-05 9.99548E-05 0.287161 0.182651 9.99548E-05 9.99548E-05 0.185105
0.000790513 9.9964E-05 9.9964E-05 0.0189382 0.917085 0.0334185 9.9964E-05 0.0293674 9.9964E-05
9.9973E-05 9.9973E-05 9.9973E-05 0.0786571 0.53197 0.13138 0.0997897 0.0846766 0.0732266
9.9973E-05 9.9973E-05 0.0971204 9.9973E-05 0.651691 0.0400912 0.0335885 0.0172411 0.159968
0.0295531 9.9982E-05 0.0975375 0.0113478 0.218234 0.136741 9.9982E-05 0.326803 0.179584
9.99374E-05 9.99374E-05 9.99374E-05 9.99374E-05 9.99374E-05 9.99374E-05 0.0236362 9.99374E-05 0.975664
0.999201 9.993E-05 9.993E-05 9.993E-05 9.993E-05 9.993E-05 9.993E-05 9.993E-05 9.993E-05
0.999201 9.993E-05 9.993E-05 9.993E-05 9.993E-05 9.993E-05 9.993E-05 9.993E-05 9.993E-05
0.997699 9.9937E-05 9.9937E-05 9.9937E-05 9.9937E-05 9.9937E-05 0.0016013 9.9937E-05 9.9937E-05
0.999201 9.993E-05 9.993E-05 9.993E-05 9.993E-05 9.993E-05 9.993E-05 9.993E-05 9.993E-05
0.999201 9.993E-05 9.993E-05 9.993E-05 9.993E-05 9.993E-05 9.993E-05 9.993E-05 9.993E-05
0.465329 0.141561 0.276184 9.99731E-05 0.0166981 9.99731E-05 0.0280942 0.0718338 9.99731E-05
0.978557 9.9946E-05 9.9946E-05 9.9946E-05 9.9946E-05 0.00822803 9.9946E-05 9.9946E-05 0.0126153
9.99459E-05 0.0550385 9.99459E-05 9.99459E-05 9.99459E-05 0.0707364 9.99459E-05 9.99459E-05 0.873625
0.301342 0.464391 0.102957 0.0236485 9.99638E-05 9.99638E-05 9.99638E-05 9.99638E-05 0.107262
9.99369E-05 9.99369E-05 0.953225 9.99369E-05 9.99369E-05 9.99369E-05 9.99369E-05 0.0460757 9.99369E-05
0.00984337 9.9955E-05 9.9955E-05 0.0253763 9.9955E-05 0.85866 9.9955E-05 9.9955E-05 0.10562
9.9973E-05 0.297233 9.9973E-05 0.0116438 0.148382 0.298723 9.9973E-05 0.0213626 0.222356
9.993E-05 9.993E-05 9.993E-05 9.993E-05 9.993E-05 0.999201 9.993E-05 9.993E-05 9.993E-05
9.99369E-05 9.99369E-05 9.99369E-05 9.99369E-05 0.136582 0.862718 9.99369E-05 9.99369E-05 9.99369E-05
9.99549E-05 9.99549E-05 9.99549E-05 0.0707349 0.0791296 0.818383 9.99549E-05 0.0312531 9.99549E-05
9.99372E-05 9.99372E-05 9.99372E-05 9.99372E-05 9.99372E-05 9.99372E-05 0.868634 9.99372E-05 0.130667
9.99373E-05 9.99373E-05 0.996068 0.00323272 9.99373E-05 9.99373E-05 9.99373E-05 9.99373E-05 9.99373E-05
0.185191 0.00997032 0.224824 0.0741547 0.210642 0.206265 0.0244377 9.9991E-05 0.0644158
9.99372E-05 9.99372E-05 0.960821 9.99372E-05 9.99372E-05 0.038479 9.99372E-05 9.99372E-05 9.99372E-05
0.00403087 9.9955E-05 0.926745 9.9955E-05 9.9955E-05 9.9955E-05 9.9955E-05 0.0410348 0.0276895
0.0324335 0.0746011 0.892366 9.99459E-05 9.99459E-05 9.99459E-05 9.99459E-05 9.99459E-05 9.99459E-05
0.000170275 0.0531338 0.938726 9.9955E-05 9.9955E-05 9.9955E-05 0.00747031 9.9955E-05 9.9955E-05
9.99551E-05 9.99551E-05 0.890784 0.0420133 0.0446844 9.99551E-05 9.99551E-05 9.99551E-05 0.0220188
9.99369E-05 9.99369E-05 0.956467 9.99369E-05 9.99369E-05 9.99369E-05 9.99369E-05 0.0428333 9.99369E-05
0.311933 0.213761 0.473706 9.99463E-05 9.99463E-05 9.99463E-05 9.99463E-05 9.99463E-05 9.99463E-05
0.0890523 0.430515 0.479833 9.99463E-05 9.99463E-05 9.99463E-05 9.99463E-05 9.99463E-05 9.99463E-05
0.0234943 9.9955E-05 0.935844 9.9955E-05 9.9955E-05 0.00376724 9.9955E-05 9.9955E-05 0.036395
9.99729E-05 0.423965 9.99729E-05 0.045201 0.293122 0.00251831 9.99729E-05 0.0678746 0.167019
9.99729E-05 0.451642 9.99729E-05 0.0622599 0.270394 0.012195 9.99729E-05 0.0210552 0.182154
9.993E-05 9.993E-05 9.993E-05 0.999201 9.993E-05 9.993E-05 9.993E-05 9.993E-05 9.993E-05
9.993E-05 9.993E-05 9.993E-05 0.999201 9.993E-05 9.993E-05 9.993E-05 9.993E-05 9.993E-05
9.9955E-05 9.9955E-05 0.031697 9.9955E-05 0.933434 0.0285905 9.9955E-05 9.9955E-05 0.00577828
9.9946E-05 0.0130276 9.9946E-05 9.9946E-05 0.910776 0.0755965 9.9946E-05 9.9946E-05 9.9946E-05
9.99371E-05 0.0333332 9.99371E-05 0.965967 9.99371E-05 9.99371E-05 9.99371E-05 9.99371E-05 9.99371E-05
9.99371E-05 9.99371E-05 9.99371E-05 0.997552 9.99371E-05 9.99371E-05 9.99371E-05 9.99371E-05 0.00174804
9.99369E-05 9.99369E-05 9.99369E-05 9.99369E-05 9.99369E-05 0.0572982 9.99369E-05 9.99369E-05 0.942002
9.99639E-05 0.233327 9.99639E-05 9.99639E-05 0.36609 0.201386 0.0704391 9.99639E-05 0.128357
0.345211 0.470677 0.0554166 9.99549E-05 9.99549E-05 9.99549E-05 9.99549E-05 9.99549E-05 0.128195
0.00929626 9.99821E-05 0.0204132 0.0397502 0.16377 0.214978 0.0624998 0.489093 9.99821E-05
9.99641E-05 9.99641E-05 9.99641E-05 0.0382788 9.99641E-05 0.263188 0.013399 0.596452 0.088282
0.227619 0.121884 0.598611 0.0111072 9.99642E-05 9.99642E-05 0.0403787 9.99642E-05 9.99642E-05
