9.99639E-05 0.971563 9.99639E-05 9.99639E-05 0.0263268 0.00171026 9.99639E-05
0.302086 0.23916 0.239796 9.9982E-05 0.211407 0.0073508 9.9982E-05
0.771068 9.99822E-05 0.058309 0.0404093 9.99822E-05 0.0330065 0.0970075
0.958282 9.9955E-05 9.9955E-05 9.9955E-05 9.9955E-05 0.0412181 9.9955E-05
0.466419 0.0337257 0.249936 9.99731E-05 0.249619 9.99731E-05 9.99731E-05
0.982896 0.00403326 9.9964E-05 9.9964E-05 0.0126711 9.9964E-05 9.9964E-05
0.0498501 9.99731E-05 0.299558 9.99731E-05 0.170009 9.99731E-05 0.480283
0.444026 9.99731E-05 0.397477 9.99731E-05 0.142234 0.0159624 9.99731E-05
0.0554507 9.997E-05 0.318842 9.997E-05 0.305209 9.997E-05 0.320199
9.995E-05 9.995E-05 9.995E-05 9.995E-05 0.9994 9.995E-05 9.995E-05
9.995E-05 9.995E-05 9.995E-05 9.995E-05 0.9994 9.995E-05 9.995E-05
0.00680148 0.71203 9.9973E-05 9.9973E-05 9.9973E-05 0.127912 0.152956
9.995E-05 9.995E-05 9.995E-05 9.995E-05 9.995E-05 9.995E-05 0.9994
0.934201 0.0428259 9.9964E-05 0.0225733 9.9964E-05 9.9964E-05 9.9964E-05
0.957305 0.0364614 9.9964E-05 0.0058333 9.9964E-05 9.9964E-05 9.9964E-05
0.021599 0.10694 0.0193241 9.9982E-05 0.508896 9.9982E-05 0.343041
9.9973E-05 9.9973E-05 9.9973E-05 0.0667133 0.428177 0.325904 0.178906
9.997E-05 0.0778965 0.0716119 0.713499 0.136693 9.997E-05 9.997E-05
9.9955E-05 9.9955E-05 9.9955E-05 0.913802 9.9955E-05 0.0856979 9.9955E-05
9.9973E-05 0.16632 9.9973E-05 9.9973E-05 0.72719 0.084499 0.0216904
9.995E-05 9.995E-05 9.995E-05 0.9994 9.995E-05 9.995E-05 9.995E-05
9.996E-05 0.613133 9.996E-05 9.996E-05 0.267213 9.996E-05 0.119255
0.0192981 9.9973E-05 9.9973E-05 0.416518 0.23177 0.332114 9.9973E-05
9.996E-05 9.996E-05 9.996E-05 0.892722 0.0219453 0.0849332 9.996E-05
0.9994 9.995E-05 9.995E-05 9.995E-05 9.995E-05 9.995E-05 9.995E-05
0.994328 0.00517193 9.99551E-05 9.99551E-05 9.99551E-05 9.99551E-05 9.99551E-05
9.997E-05 0.0892529 9.997E-05 9.997E-05 0.0572344 0.0791067 0.774106
0.901924 9.9955E-05 0.0975763 9.9955E-05 9.9955E-05 9.9955E-05 9.9955E-05
0.920808 9.9964E-05 0.0660004 9.9964E-05 9.9964E-05 9.9964E-05 0.0127919
0.688413 9.99821E-05 0.244836 0.0277783 9.99821E-05 0.00174064 0.0370328
0.631361 9.9973E-05 0.300786 9.9973E-05 0.00190545 0.0656477 9.9973E-05
0.0963765 0.237019 0.5459 9.99731E-05 0.120404 9.99731E-05 9.99731E-05
0.9994 9.995E-05 9.995E-05 9.995E-05 9.995E-05 9.995E-05 9.995E-05
0.076535 9.99641E-05 0.91661 9.99641E-05 9.99641E-05 0.00645483 9.99641E-05
0.0637962 0.0709469 9.99819E-05 9.99819E-05 0.0363049 0.234098 0.594654
0.969584 0.00166161 9.99729E-05 9.99729E-05 0.0143562 0.0140979 9.99729E-05
9.995E-05 0.9994 9.995E-05 9.995E-05 9.995E-05 9.995E-05 9.995E-05
0.0341854 0.104213 0.0919522 0.0243514 0.745098 9.998E-05 9.998E-05
0.117739 0.00654044 9.9991E-05 0.0440015 0.267375 0.374279 0.189965
0.114243 0.288595 9.99639E-05 9.99639E-05 0.596763 9.99639E-05 9.99639E-05
0.0599001 0.335462 9.998E-05 0.00371926 0.587571 0.0131473 9.998E-05
9.9964E-05 0.0178015 9.9964E-05 9.9964E-05 0.970715 0.0110838 9.9964E-05
0.0143125 0.114245 0.0113875 9.9982E-05 0.565474 9.9982E-05 0.294381
9.9973E-05 0.0220076 9.9973E-05 9.9973E-05 0.919078 0.0486404 0.00997384
9.998E-05 0.0798636 9.998E-05 0.120032 0.489192 0.126537 0.184175
0.105185 0.174431 9.9991E-05 0.0378181 0.604799 0.0269395 0.0507278
0.0981475 0.233136 0.0329666 9.9991E-05 0.282401 0.11796 0.235289
9.99552E-05 0.966262 9.99552E-05 0.0332381 9.99552E-05 9.99552E-05 9.99552E-05
9.995E-05 9.995E-05 0.9994 9.995E-05 9.995E-05 9.995E-05 9.995E-05
9.995E-05 9.995E-05 0.9994 9.995E-05 9.995E-05 9.995E-05 9.995E-05
9.9964E-05 9.9964E-05 0.983889 0.00788865 0.00782239 9.9964E-05 9.9964E-05
9.995E-05 9.995E-05 0.9994 9.995E-05 9.995E-05 9.995E-05 9.995E-05
9.995E-05 9.995E-05 0.9994 9.995E-05 9.995E-05 9.995E-05 9.995E-05
0.253776 9.998E-05 0.604089 0.0229333 0.10022 9.998E-05 0.0187822
9.99549E-05 9.99549E-05 0.995772 9.99549E-05 9.99549E-05 0.00372852 9.99549E-05
9.996E-05 0.858591 9.996E-05 9.996E-05 0.0487581 9.996E-05 0.092251
0.108099 0.211105 0.522664 9.9973E-05 0.157832 9.9973E-05 9.9973E-05
0.9994 9.995E-05 9.995E-05 9.995E-05 9.995E-05 9.995E-05 9.995E-05
9.9964E-05 0.0919833 9.9964E-05 9.9964E-05 9.9964E-05 0.0449936 0.862623
0.0654641 0.218106 9.998E-05 9.998E-05 0.378295 0.0129819 0.324953
9.995E-05 9.995E-05 9.995E-05 9.995E-05 9.995E-05 9.995E-05 0.9994
9.99639E-05 0.0106184 9.99639E-05 9.99639E-05 0.103093 9.99639E-05 0.885889
9.99729E-05 0.00898543 9.99729E-05 9.99729E-05 0.0406557 0.077644 0.872415
9.99641E-05 0.103502 0.011589 0.884509 9.99641E-05 9.99641E-05 9.99641E-05
0.9994 9.995E-05 9.995E-05 9.995E-05 9.995E-05 9.995E-05 9.995E-05
0.284669 9.999E-05 0.188355 0.0703164 0.215026 0.133161 0.108373
0.985498 9.99552E-05 9.99552E-05 9.99552E-05 9.99552E-05 9.99552E-05 0.0140025
0.948105 0.0513953 9.9955E-05 9.9955E-05 9.9955E-05 9.9955E-05 9.9955E-05
0.881543 9.9964E-05 0.100476 9.9964E-05 9.9964E-05 9.9964E-05 0.0175809
0.918574 0.00372278 0.0525557 0.00600904 0.0189381 9.9982E-05 9.9982E-05
0.911734 9.99551E-05 9.99551E-05 9.99551E-05 0.0877659 9.99551E-05 9.99551E-05
0.9994 9.995E-05 9.995E-05 9.995E-05 9.995E-05 9.995E-05 9.995E-05
0.519466 9.99553E-05 0.480034 9.99553E-05 9.99553E-05 9.99553E-05 9.99553E-05
0.516069 9.99643E-05 0.348708 9.99643E-05 9.99643E-05 9.99643E-05 0.134823
0.95784 0.0173045 0.00408253 0.000714403 9.9982E-05 0.0198588 9.9982E-05
0.0847266 0.0819604 0.0485982 9.9991E-05 0.603523 0.0336739 0.147418
0.0715801 0.0578781 0.0860082 9.9991E-05 0.611726 0.00617818 0.16653
9.995E-05 9.995E-05 9.995E-05 9.995E-05 9.995E-05 0.9994 9.995E-05
9.995E-05 9.995E-05 9.995E-05 9.995E-05 9.995E-05 0.9994 9.995E-05
0.00959711 0.0483247 9.9973E-05 9.9973E-05 0.931184 9.9973E-05 0.0105941
9.9973E-05 0.0314686 0.00212672 9.9973E-05 0.891889 9.9973E-05 0.0742156
9.9964E-05 9.9964E-05 0.0110388 9.9964E-05 0.00404514 0.984516 9.9964E-05
9.995E-05 9.995E-05 9.995E-05 9.995E-05 9.995E-05 0.9994 9.995E-05
9.99549E-05 0.989823 9.99549E-05 9.99549E-05 9.99549E-05 9.99549E-05 0.00967737
0.00610405 0.139322 9.9982E-05 0.0419993 0.548821 9.9982E-05 0.263554
0.0798426 0.17554 0.593476 9.9973E-05 0.150841 9.9973E-05 9.9973E-05
0.049963 0.00491379 9.999E-05 0.11816 0.184593 0.269734 0.372537
9.99731E-05 0.188336 9.99731E-05 0.0728174 9.99731E-05 0.316735 0.421811
0.622791 9.99731E-05 0.276843 0.056043 9.99731E-05 0.0440227 9.99731E-05
