9.98739E-05 0.961126 9.98739E-05 0.0245546 9.98739E-05 9.98739E-05 9.98739E-05 9.98739E-05 9.98739E-05 9.98739E-05 9.98739E-05 9.98739E-05 0.00399526 9.98739E-05 9.98739E-05 0.00892589 9.98739E-05 9.98739E-05
9.98649E-05 9.98649E-05 9.98649E-05 9.98649E-05 0.152155 0.642081 9.98649E-05 9.98649E-05 9.98649E-05 9.98649E-05 0.204266 9.98649E-05 9.98649E-05 9.98649E-05 9.98649E-05 9.98649E-05 9.98649E-05 9.98649E-05
0.998303 9.98472E-05 9.98472E-05 9.98472E-05 9.98472E-05 9.98472E-05 9.98472E-05 9.98472E-05 9.98472E-05 9.98472E-05 9.98472E-05 9.98472E-05 9.98472E-05 9.98472E-05 9.98472E-05 9.98472E-05 9.98472E-05 9.98472E-05
9.98651E-05 9.98651E-05 0.0594552 9.98651E-05 0.921369 9.98651E-05 9.98651E-05 9.98651E-05 9.98651E-05 9.98651E-05 9.98651E-05 9.98651E-05 0.0176777 9.98651E-05 9.98651E-05 9.98651E-05 9.98651E-05 9.98651E-05
0.0276167 0.0162702 0.250458 9.99191E-05 0.240149 0.0535838 9.99191E-05 9.99191E-05 0.0251833 9.99191E-05 0.143159 9.99191E-05 9.99191E-05 0.210301 0.032379 9.99191E-05 9.99191E-05 9.99191E-05
9.98652E-05 9.98652E-05 0.0171499 9.98652E-05 0.970436 9.98652E-05 9.98652E-05 9.98652E-05 9.98652E-05 9.98652E-05 0.0109163 9.98652E-05 9.98652E-05 9.98652E-05 9.98652E-05 9.98652E-05 9.98652E-05 9.98652E-05
9.98472E-05 9.98472E-05 9.98472E-05 9.98472E-05 9.98472E-05 9.98472E-05 9.98472E-05 9.98472E-05 9.98472E-05 9.98472E-05 9.98472E-05 9.98472E-05 9.98472E-05 0.998303 9.98472E-05 9.98472E-05 9.98472E-05 9.98472E-05
9.99099E-05 9.99099E-05 0.255552 0.0790493 0.0260633 0.14562 9.99099E-05 9.99099E-05 9.99099E-05 0.409004 9.99099E-05 9.99099E-05 0.0122212 9.99099E-05 0.0560085 9.99099E-05 0.0154833 9.99099E-05
9.98741E-05 9.98741E-05 9.98741E-05 9.98741E-05 9.98741E-05 0.0109707 9.98741E-05 9.98741E-05 9.98741E-05 9.98741E-05 9.98741E-05 9.98741E-05 9.98741E-05 0.96445 0.00998566 0.0131957 9.98741E-05 9.98741E-05
9.98562E-05 9.98562E-05 9.98562E-05 0.872899 9.98562E-05 9.98562E-05 9.98562E-05 9.98562E-05 9.98562E-05 9.98562E-05 9.98562E-05 9.98562E-05 9.98562E-05 0.125504 9.98562E-05 9.98562E-05 9.98562E-05 9.98562E-05
9.98562E-05 9.98562E-05 9.98562E-05 0.879888 9.98562E-05 9.98562E-05 9.98562E-05 9.98562E-05 9.98562E-05 9.98562E-05 9.98562E-05 9.98562E-05 9.98562E-05 0.118514 9.98562E-05 9.98562E-05 9.98562E-05 9.98562E-05
0.0292305 0.635694 9.9892E-05 9.9892E-05 9.9892E-05 9.9892E-05 9.9892E-05 0.168481 9.9892E-05 9.9892E-05 9.9892E-05 9.9892E-05 0.134242 0.0173474 9.9892E-05 9.9892E-05 0.0138061 9.9892E-05
9.98653E-05 9.98653E-05 0.0510521 9.98653E-05 9.98653E-05 9.98653E-05 9.98653E-05 0.934954 9.98653E-05 9.98653E-05 9.98653E-05 9.98653E-05 9.98653E-05 0.0124961 9.98653E-05 9.98653E-05 9.98653E-05 9.98653E-05
9.98741E-05 9.98741E-05 9.98741E-05 9.98741E-05 0.947218 0.0198285 9.98741E-05 9.98741E-05 9.98741E-05 9.98741E-05 9.98741E-05 9.98741E-05 0.00460009 9.98741E-05 9.98741E-05 9.98741E-05 9.98741E-05 0.0269552
9.98742E-05 0.0114046 9.98742E-05 0.00103512 0.975671 9.98742E-05 9.98742E-05 9.98742E-05 9.98742E-05 9.98742E-05 0.0104908 9.98742E-05 9.98742E-05 9.98742E-05 9.98742E-05 9.98742E-05 9.98742E-05 9.98742E-05
9.98921E-05 9.98921E-05 9.98921E-05 0.0395466 9.98921E-05 9.98921E-05 0.803843 0.127002 9.98921E-05 9.98921E-05 0.00525843 0.00437769 9.98921E-05 9.98921E-05 9.98921E-05 0.0187734 9.98921E-05 9.98921E-05
9.98649E-05 9.98649E-05 9.98649E-05 0.0846558 9.98649E-05 9.98649E-05 9.98649E-05 9.98649E-05 9.98649E-05 9.98649E-05 9.98649E-05 0.000862016 9.98649E-05 9.98649E-05 9.98649E-05 0.912984 9.98649E-05 9.98649E-05
9.98918E-05 9.98918E-05 9.98918E-05 0.0353262 9.98918E-05 0.0158478 0.0121439 9.98918E-05 0.0942944 9.98918E-05 0.0974361 9.98918E-05 9.98918E-05 9.98918E-05 9.98918E-05 9.98918E-05 9.98918E-05 0.743753
9.98471E-05 9.98471E-05 9.98471E-05 9.98471E-05 9.98471E-05 9.98471E-05 9.98471E-05 9.98471E-05 9.98471E-05 9.98471E-05 9.98471E-05 0.998303 9.98471E-05 9.98471E-05 9.98471E-05 9.98471E-05 9.98471E-05 9.98471E-05
9.98829E-05 0.0752276 9.98829E-05 0.492277 9.98829E-05 9.98829E-05 0.316345 9.98829E-05 9.98829E-05 9.98829E-05 9.98829E-05 9.98829E-05 0.0422276 9.98829E-05 9.98829E-05 0.0726238 9.98829E-05 9.98829E-05
9.98562E-05 9.98562E-05 9.98562E-05 9.98562E-05 9.98562E-05 9.98562E-05 9.98562E-05 9.98562E-05 9.98562E-05 9.98562E-05 9.98562E-05 0.0931908 9.98562E-05 9.98562E-05 9.98562E-05 9.98562E-05 9.98562E-05 0.905211
9.9901E-05 0.458086 9.9901E-05 0.0157368 9.9901E-05 9.9901E-05 0.203844 0.0289216 9.9901E-05 9.9901E-05 0.23852 9.9901E-05 0.0233872 9.9901E-05 9.9901E-05 0.0304063 9.9901E-05 9.9901E-05
9.98467E-05 9.98467E-05 9.98467E-05 9.98467E-05 9.98467E-05 9.98467E-05 9.98467E-05 9.98467E-05 0.998303 9.98467E-05 9.98467E-05 9.98467E-05 9.98467E-05 9.98467E-05 9.98467E-05 9.98467E-05 9.98467E-05 9.98467E-05
9.98559E-05 9.98559E-05 9.98559E-05 9.98559E-05 9.98559E-05 9.98559E-05 9.98559E-05 9.98559E-05 0.181975 9.98559E-05 9.98559E-05 0.816428 9.98559E-05 9.98559E-05 9.98559E-05 9.98559E-05 9.98559E-05 9.98559E-05
9.98564E-05 9.98564E-05 9.98564E-05 9.98564E-05 0.335523 9.98564E-05 9.98564E-05 9.98564E-05 9.98564E-05 9.98564E-05 9.98564E-05 9.98564E-05 9.98564E-05 9.98564E-05 9.98564E-05 9.98564E-05 0.662879 9.98564E-05
9.98562E-05 9.98562E-05 9.98562E-05 9.98562E-05 0.793374 9.98562E-05 9.98562E-05 9.98562E-05 9.98562E-05 9.98562E-05 9.98562E-05 9.98562E-05 9.98562E-05 9.98562E-05 9.98562E-05 9.98562E-05 0.205028 9.98562E-05
9.98828E-05 0.0791034 9.98828E-05 0.0760788 9.98828E-05 9.98828E-05 9.98828E-05 0.765011 9.98828E-05 9.98828E-05 9.98828E-05 9.98828E-05 0.0450885 9.98828E-05 9.98828E-05 0.0334196 9.98828E-05 9.98828E-05
9.98473E-05 9.98473E-05 9.98473E-05 9.98473E-05 9.98473E-05 9.98473E-05 9.98473E-05 9.98473E-05 9.98473E-05 9.98473E-05 9.98473E-05 9.98473E-05 9.98473E-05 9.98473E-05 9.98473E-05 9.98473E-05 0.998303 9.98473E-05
9.98471E-05 9.98471E-05 9.98471E-05 9.98471E-05 9.98471E-05 9.98471E-05 9.98471E-05 9.98471E-05 9.98471E-05 9.98471E-05 9.98471E-05 9.98471E-05 9.98471E-05 9.98471E-05 9.98471E-05 9.98471E-05 0.998303 9.98471E-05
0.0527492 9.99012E-05 0.440328 9.99012E-05 0.172232 9.99012E-05 9.99012E-05 0.00717018 9.99012E-05 9.99012E-05 9.99012E-05 9.99012E-05 9.99012E-05 9.99012E-05 0.131533 9.99012E-05 0.177176 0.0177127
9.98648E-05 9.98648E-05 0.879295 9.98648E-05 0.119088 9.98648E-05 9.98648E-05 9.98648E-05 9.98648E-05 9.98648E-05 9.98648E-05 9.98648E-05 9.98648E-05 9.98648E-05 9.98648E-05 0.0001187 9.98648E-05 9.98648E-05
9.98475E-05 9.98475E-05 9.98475E-05 9.98475E-05 9.98475E-05 0.998303 9.98475E-05 9.98475E-05 9.98475E-05 9.98475E-05 9.98475E-05 9.98475E-05 9.98475E-05 9.98475E-05 9.98475E-05 9.98475E-05 9.98475E-05 9.98475E-05
9.98653E-05 9.98653E-05 9.98653E-05 9.98653E-05 0.562036 9.98653E-05 9.98653E-05 9.98653E-05 9.98653E-05 0.142146 9.98653E-05 9.98653E-05 9.98653E-05 9.98653E-05 9.98653E-05 9.98653E-05 0.29432 9.98653E-05
0.01312 9.99103E-05 0.0261072 0.00919698 9.99103E-05 9.99103E-05 0.00955728 9.99103E-05 9.99103E-05 0.176327 9.99103E-05 9.99103E-05 0.00253509 9.99103E-05 0.738583 9.99103E-05 0.0235741 9.99103E-05
9.99007E-05 0.0067213 0.0368387 9.99007E-05 9.99007E-05 9.99007E-05 9.99007E-05 0.485839 9.99007E-05 0.00397942 0.079524 9.99007E-05 0.0964741 9.99007E-05 9.99007E-05 0.289525 9.99007E-05 9.99007E-05
9.98739E-05 9.98739E-05 9.98739E-05 9.98739E-05 0.390432 9.98739E-05 9.98739E-05 9.98739E-05 9.98739E-05 0.0305207 9.98739E-05 9.98739E-05 9.98739E-05 9.98739E-05 9.98739E-05 0.045179 0.53247 9.98739E-05
0.0237037 0.974699 9.98562E-05 9.98562E-05 9.98562E-05 9.98562E-05 9.98562E-05 9.98562E-05 9.98562E-05 9.98562E-05 9.98562E-05 9.98562E-05 9.98562E-05 9.98562E-05 9.98562E-05 9.98562E-05 9.98562E-05 9.98562E-05
9.99099E-05 0.0333997 9.99099E-05 0.539109 0.0278863 0.183423 9.99099E-05 9.99099E-05 0.062382 0.0258181 0.110564 9.99099E-05 9.99099E-05 9.99099E-05 9.99099E-05 9.99099E-05 9.99099E-05 0.0164194
9.98471E-05 9.98471E-05 9.98471E-05 9.98471E-05 9.98471E-05 9.98471E-05 9.98471E-05 9.98471E-05 9.98471E-05 9.98471E-05 9.98471E-05 9.98471E-05 9.98471E-05 9.98471E-05 9.98471E-05 0.998303 9.98471E-05 9.98471E-05
9.9856E-05 9.9856E-05 9.9856E-05 9.9856E-05 9.9856E-05 9.9856E-05 9.9856E-05 9.9856E-05 9.9856E-05 9.9856E-05 0.987998 9.9856E-05 9.9856E-05 9.9856E-05 9.9856E-05 0.0104048 9.9856E-05 9.9856E-05
9.9847E-05 9.9847E-05 9.9847E-05 9.9847E-05 9.9847E-05 9.9847E-05 9.9847E-05 9.9847E-05 9.9847E-05 9.9847E-05 0.998303 9.9847E-05 9.9847E-05 9.9847E-05 9.9847E-05 9.9847E-05 9.9847E-05 9.9847E-05
9.9892E-05 0.0218516 9.9892E-05 0.892143 9.9892E-05 9.9892E-05 0.0297594 9.9892E-05 9.9892E-05 9.9892E-05 0.00858598 0.0167148 9.9892E-05 9.9892E-05 9.9892E-05 0.029747 9.9892E-05 9.9892E-05
9.9883E-05 0.00564051 9.9883E-05 0.0523185 9.9883E-05 9.9883E-05 0.844225 9.9883E-05 9.9883E-05 9.9883E-05 9.9883E-05 9.9883E-05 9.9883E-05 0.0746875 9.9883E-05 9.9883E-05 9.9883E-05 0.0218297
9.98651E-05 9.98651E-05 9.98651E-05 0.972799 9.98651E-05 9.98651E-05 9.98651E-05 0.00393639 9.98651E-05 9.98651E-05 9.98651E-05 9.98651E-05 9.98651E-05 9.98651E-05 9.98651E-05 0.0217664 9.98651E-05 9.98651E-05
9.99189E-05 0.0371338 9.99189E-05 0.272355 9.99189E-05 0.0114729 0.0525223 0.13527 0.305711 9.99189E-05 0.121732 0.0283867 0.0345152 9.99189E-05 9.99189E-05 9.99189E-05 9.99189E-05 9.99189E-05
0.0339577 0.0931924 9.99371E-05 0.395898 0.0165644 9.99371E-05 0.12334 0.0287117 0.0959227 0.024398 0.14643 9.99371E-05 9.99371E-05 9.99371E-05 0.0305591 9.99371E-05 9.99371E-05 0.0103263
9.99011E-05 0.233054 0.0801393 0.224637 0.0408758 9.99011E-05 9.99011E-05 0.16719 9.99011E-05 9.99011E-05 9.99011E-05 9.99011E-05 9.99011E-05 9.99011E-05 0.0274215 0.225584 9.99011E-05 9.99011E-05
9.9857E-05 0.995335 9.9857E-05 9.9857E-05 9.9857E-05 9.9857E-05 9.9857E-05 9.9857E-05 9.9857E-05 9.9857E-05 9.9857E-05 9.9857E-05 9.9857E-05 9.9857E-05 9.9857E-05 9.9857E-05 9.9857E-05 0.003067
9.98559E-05 9.98559E-05 9.98559E-05 9.98559E-05 9.98559E-05 9.98559E-05 9.98559E-05 9.98559E-05 9.98559E-05 9.98559E-05 9.98559E-05 9.98559E-05 9.98559E-05 9.98559E-05 0.998302 9.98559E-05 9.98559E-05 9.98559E-05
9.98742E-05 9.98742E-05 9.98742E-05 9.98742E-05 9.98742E-05 9.98742E-05 9.98742E-05 9.98742E-05 0.00257739 0.0148343 9.98742E-05 9.98742E-05 9.98742E-05 9.98742E-05 0.978679 9.98742E-05 9.98742E-05 0.00251118
9.98474E-05 9.98474E-05 9.98474E-05 9.98474E-05 9.98474E-05 9.98474E-05 9.98474E-05 9.98474E-05 9.98474E-05 9.98474E-05 9.98474E-05 9.98474E-05 9.98474E-05 9.98474E-05 0.998303 9.98474E-05 9.98474E-05 9.98474E-05
9.98562E-05 9.98562E-05 9.98562E-05 9.98562E-05 9.98562E-05 0.00686403 9.98562E-05 9.98562E-05 9.98562E-05 9.98562E-05 9.98562E-05 9.98562E-05 9.98562E-05 9.98562E-05 0.991538 9.98562E-05 9.98562E-05 9.98562E-05
9.98472E-05 9.98472E-05 9.98472E-05 9.98472E-05 9.98472E-05 9.98472E-05 9.98472E-05 9.98472E-05 9.98472E-05 9.98472E-05 9.98472E-05 9.98472E-05 9.98472E-05 9.98472E-05 0.998303 9.98472E-05 9.98472E-05 9.98472E-05
0.0612959 9.99102E-05 0.276206 9.99102E-05 9.99102E-05 0.0642125 0.0864394 9.99102E-05 0.0589984 0.110931 9.99102E-05 9.99102E-05 9.99102E-05 9.99102E-05 0.337077 9.99102E-05 0.00384141 9.99102E-05
9.98741E-05 0.00467398 9.98741E-05 9.98741E-05 9.98741E-05 0.0725819 9.98741E-05 9.98741E-05 9.98741E-05 9.98741E-05 0.0138956 9.98741E-05 9.98741E-05 9.98741E-05 0.90745 9.98741E-05 9.98741E-05 9.98741E-05
9.98649E-05 0.775798 9.98649E-05 9.98649E-05 9.98649E-05 9.98649E-05 0.205381 9.98649E-05 9.98649E-05 9.98649E-05 0.0173226 9.98649E-05 9.98649E-05 9.98649E-05 9.98649E-05 9.98649E-05 9.98649E-05 9.98649E-05
0.00684857 9.99008E-05 9.99008E-05 9.99008E-05 9.99008E-05 0.884417 0.009986 9.99008E-05 9.99008E-05 9.99008E-05 9.99008E-05 9.99008E-05 0.013228 0.0298792 0.0331738 9.99008E-05 0.021369 9.99008E-05
9.98649E-05 9.98649E-05 9.98649E-05 9.98649E-05 0.544956 9.98649E-05 9.98649E-05 9.98649E-05 9.98649E-05 9.98649E-05 0.0159419 9.98649E-05 9.98649E-05 9.98649E-05 9.98649E-05 9.98649E-05 0.437604 9.98649E-05
9.98741E-05 9.98741E-05 9.98741E-05 9.98741E-05 9.98741E-05 9.98741E-05 0.0126367 0.833986 9.98741E-05 9.98741E-05 0.141724 9.98741E-05 0.0102548 9.98741E-05 9.98741E-05 9.98741E-05 9.98741E-05 9.98741E-05
9.98565E-05 9.98565E-05 9.98565E-05 9.98565E-05 9.98565E-05 9.98565E-05 0.945286 0.0531159 9.98565E-05 9.98565E-05 9.98565E-05 9.98565E-05 9.98565E-05 9.98565E-05 9.98565E-05 9.98565E-05 9.98565E-05 9.98565E-05
9.98655E-05 9.98655E-05 9.98655E-05 9.98655E-05 9.98655E-05 9.98655E-05 9.98655E-05 0.981714 9.98655E-05 0.00213174 9.98655E-05 9.98655E-05 9.98655E-05 0.0146565 9.98655E-05 9.98655E-05 9.98655E-05 9.98655E-05
9.98649E-05 9.98649E-05 9.98649E-05 0.150039 9.98649E-05 9.98649E-05 9.98649E-05 0.846581 9.98649E-05 9.98649E-05 0.00188163 9.98649E-05 9.98649E-05 9.98649E-05 9.98649E-05 9.98649E-05 9.98649E-05 9.98649E-05
9.98738E-05 9.98738E-05 9.98738E-05 0.0881333 9.98738E-05 9.98738E-05 9.98738E-05 0.842968 9.98738E-05 9.98738E-05 0.0335638 9.98738E-05 0.033937 9.98738E-05 9.98738E-05 9.98738E-05 9.98738E-05 9.98738E-05
9.98473E-05 9.98473E-05 9.98473E-05 9.98473E-05 9.98473E-05 9.98473E-05 9.98473E-05 9.98473E-05 9.98473E-05 9.98473E-05 9.98473E-05 9.98473E-05 9.98473E-05 9.98473E-05 9.98473E-05 9.98473E-05 9.98473E-05 0.998303
0.00455272 9.98746E-05 9.98746E-05 9.98746E-05 0.336704 9.98746E-05 9.98746E-05 9.98746E-05 9.98746E-05 9.98746E-05 9.98746E-05 9.98746E-05 9.98746E-05 0.00564341 9.98746E-05 9.98746E-05 0.651702 9.98746E-05
9.99201E-05 9.99201E-05 9.99201E-05 0.071857 0.0302778 0.172226 0.0108673 0.09028 9.99201E-05 0.0936435 0.25494 0.0732401 0.0194952 9.99201E-05 9.99201E-05 9.99201E-05 0.182373 9.99201E-05
0.0882227 9.98833E-05 9.98833E-05 9.98833E-05 0.798604 9.98833E-05 0.0190635 9.98833E-05 9.98833E-05 0.0586446 9.98833E-05 9.98833E-05 9.98833E-05 9.98833E-05 9.98833E-05 9.98833E-05 0.0341662 9.98833E-05
9.9892E-05 0.00295945 0.00777723 9.9892E-05 0.684856 9.9892E-05 9.9892E-05 9.9892E-05 9.9892E-05 9.9892E-05 9.9892E-05 9.9892E-05 9.9892E-05 0.0555805 9.9892E-05 0.016977 0.230651 9.9892E-05
9.98651E-05 9.98651E-05 9.98651E-05 9.98651E-05 9.98651E-05 9.98651E-05 0.00207649 9.98651E-05 9.98651E-05 0.0162138 9.98651E-05 9.98651E-05 9.98651E-05 9.98651E-05 9.98651E-05 9.98651E-05 0.980212 9.98651E-05
9.98474E-05 9.98474E-05 9.98474E-05 9.98474E-05 9.98474E-05 9.98474E-05 9.98474E-05 9.98474E-05 9.98474E-05 9.98474E-05 9.98474E-05 9.98474E-05 9.98474E-05 9.98474E-05 9.98474E-05 9.98474E-05 0.998303 9.98474E-05
9.98921E-05 9.98921E-05 0.244793 9.98921E-05 0.619801 9.98921E-05 9.98921E-05 9.98921E-05 9.98921E-05 9.98921E-05 0.0451212 9.98921E-05 9.98921E-05 0.00987962 9.98921E-05 0.0129586 0.0662475 9.98921E-05
9.9874E-05 9.9874E-05 9.9874E-05 9.9874E-05 0.483509 9.9874E-05 9.9874E-05 9.9874E-05 9.9874E-05 9.9874E-05 0.00711287 9.9874E-05 9.9874E-05 9.9874E-05 9.9874E-05 0.0268408 0.481139 9.9874E-05
9.98651E-05 9.98651E-05 9.98651E-05 9.98651E-05 0.00609702 9.98651E-05 9.98651E-05 9.98651E-05 9.98651E-05 0.952934 9.98651E-05 9.98651E-05 9.98651E-05 9.98651E-05 0.0394711 9.98651E-05 9.98651E-05 9.98651E-05
9.98651E-05 9.98651E-05 9.98651E-05 9.98651E-05 9.98651E-05 9.98651E-05 9.98651E-05 0.00141232 9.98651E-05 0.985384 9.98651E-05 9.98651E-05 9.98651E-05 0.0117057 9.98651E-05 9.98651E-05 9.98651E-05 9.98651E-05
0.0418832 9.98832E-05 9.98832E-05 9.98832E-05 0.859507 9.98832E-05 0.0331005 9.98832E-05 9.98832E-05 9.98832E-05 9.98832E-05 9.98832E-05 9.98832E-05 9.98832E-05 0.0285444 9.98832E-05 0.035666 9.98832E-05
9.9874E-05 9.9874E-05 9.9874E-05 9.9874E-05 0.0245006 0.0189079 0.94982 9.9874E-05 9.9874E-05 0.00537365 9.9874E-05 9.9874E-05 9.9874E-05 9.9874E-05 9.9874E-05 9.9874E-05 9.9874E-05 9.9874E-05
9.98561E-05 9.98561E-05 9.98561E-05 9.98561E-05 9.98561E-05 9.98561E-05 0.980264 9.98561E-05 9.98561E-05 9.98561E-05 9.98561E-05 9.98561E-05 9.98561E-05 9.98561E-05 0.0181381 9.98561E-05 9.98561E-05 9.98561E-05
9.98652E-05 9.98652E-05 9.98652E-05 0.00911538 9.98652E-05 9.98652E-05 9.98652E-05 0.00312205 9.98652E-05 9.98652E-05 9.98652E-05 9.98652E-05 0.986265 9.98652E-05 9.98652E-05 9.98652E-05 9.98652E-05 9.98652E-05
0.00509081 9.98563E-05 9.98563E-05 9.98563E-05 9.98563E-05 9.98563E-05 9.98563E-05 9.98563E-05 9.98563E-05 9.98563E-05 9.98563E-05 9.98563E-05 0.993311 9.98563E-05 9.98563E-05 9.98563E-05 9.98563E-05 9.98563E-05
9.9874E-05 9.9874E-05 9.9874E-05 0.80195 9.9874E-05 0.0610012 0.0254083 9.9874E-05 9.9874E-05 9.9874E-05 0.110242 9.9874E-05 9.9874E-05 9.9874E-05 9.9874E-05 9.9874E-05 9.9874E-05 9.9874E-05
9.9892E-05 0.025931 9.9892E-05 0.778562 9.9892E-05 0.0364294 0.107101 0.0390126 9.9892E-05 9.9892E-05 0.0117649 9.9892E-05 9.9892E-05 9.9892E-05 9.9892E-05 9.9892E-05 9.9892E-05 9.9892E-05
9.98653E-05 9.98653E-05 9.98653E-05 9.98653E-05 9.98653E-05 0.0122241 9.98653E-05 9.98653E-05 0.0125266 9.98653E-05 9.98653E-05 9.98653E-05 0.973751 9.98653E-05 9.98653E-05 9.98653E-05 9.98653E-05 9.98653E-05
9.98473E-05 9.98473E-05 9.98473E-05 9.98473E-05 9.98473E-05 9.98473E-05 9.98473E-05 9.98473E-05 9.98473E-05 9.98473E-05 9.98473E-05 9.98473E-05 0.998303 9.98473E-05 9.98473E-05 9.98473E-05 9.98473E-05 9.98473E-05
9.98829E-05 0.946639 9.98829E-05 9.98829E-05 9.98829E-05 9.98829E-05 0.0374797 0.000762658 9.98829E-05 9.98829E-05 9.98829E-05 9.98829E-05 9.98829E-05 0.0126377 0.00118203 9.98829E-05 9.98829E-05 9.98829E-05
9.98829E-05 9.98829E-05 9.98829E-05 9.98829E-05 9.98829E-05 9.98829E-05 0.0518191 0.11354 9.98829E-05 9.98829E-05 0.671752 0.035033 9.98829E-05 0.126557 9.98829E-05 9.98829E-05 9.98829E-05 9.98829E-05
9.98651E-05 9.98651E-05 9.98651E-05 9.98651E-05 9.98651E-05 0.904597 9.98651E-05 9.98651E-05 9.98651E-05 9.98651E-05 9.98651E-05 9.98651E-05 9.98651E-05 0.0364294 0.0574757 9.98651E-05 9.98651E-05 9.98651E-05
9.98921E-05 9.98921E-05 9.98921E-05 0.00275079 0.0437409 9.98921E-05 9.98921E-05 0.309259 0.568755 9.98921E-05 9.98921E-05 9.98921E-05 0.0670873 9.98921E-05 9.98921E-05 0.00720797 9.98921E-05 9.98921E-05
9.98924E-05 0.107903 9.98924E-05 9.98924E-05 9.98924E-05 9.98924E-05 9.98924E-05 0.261605 9.98924E-05 9.98924E-05 0.0455154 0.0803048 0.172124 9.98924E-05 9.98924E-05 0.33135 9.98924E-05 9.98924E-05
9.9847E-05 9.9847E-05 0.998303 9.9847E-05 9.9847E-05 9.9847E-05 9.9847E-05 9.9847E-05 9.9847E-05 9.9847E-05 9.9847E-05 9.9847E-05 9.9847E-05 9.9847E-05 9.9847E-05 9.9847E-05 9.9847E-05 9.9847E-05
