0.0184117 9.98649E-05 9.98649E-05 9.98649E-05 9.98649E-05 9.98649E-05 0.916274 9.98649E-05 9.98649E-05 9.98649E-05 9.98649E-05 9.98649E-05 9.98649E-05 9.98649E-05 9.98649E-05 9.98649E-05 0.0638168 9.98649E-05
9.99009E-05 9.99009E-05 0.0942249 9.99009E-05 9.99009E-05 0.00863068 0.0567421 9.99009E-05 0.699911 9.99009E-05 9.99009E-05 0.0751755 0.0430257 9.99009E-05 9.99009E-05 9.99009E-05 0.0211914 9.99009E-05
0.00545535 9.99108E-05 0.518669 9.99108E-05 9.99108E-05 9.99108E-05 9.99108E-05 9.99108E-05 0.0450273 0.072483 9.99108E-05 0.0718415 9.99108E-05 9.99108E-05 0.0394976 0.163994 9.99108E-05 0.0820324
0.0237088 9.9883E-05 0.904025 0.001687 9.9883E-05 0.00628919 9.9883E-05 9.9883E-05 9.9883E-05 9.9883E-05 9.9883E-05 9.9883E-05 9.9883E-05 9.9883E-05 9.9883E-05 9.9883E-05 9.9883E-05 0.0629911
9.9847E-05 9.9847E-05 9.9847E-05 9.9847E-05 9.9847E-05 9.9847E-05 9.9847E-05 9.9847E-05 9.9847E-05 9.9847E-05 9.9847E-05 0.998303 9.9847E-05 9.9847E-05 9.9847E-05 9.9847E-05 9.9847E-05 9.9847E-05
0.00152837 9.98741E-05 0.991333 9.98741E-05 9.98741E-05 9.98741E-05 9.98741E-05 9.98741E-05 9.98741E-05 0.00165968 9.98741E-05 9.98741E-05 9.98741E-05 9.98741E-05 0.00408032 9.98741E-05 9.98741E-05 9.98741E-05
9.98473E-05 9.98473E-05 9.98473E-05 9.98473E-05 9.98473E-05 9.98473E-05 9.98473E-05 0.998303 9.98473E-05 9.98473E-05 9.98473E-05 9.98473E-05 9.98473E-05 9.98473E-05 9.98473E-05 9.98473E-05 9.98473E-05 9.98473E-05
9.98919E-05 9.98919E-05 9.98919E-05 0.10313 9.98919E-05 9.98919E-05 9.98919E-05 9.98919E-05 0.0870584 9.98919E-05 0.361385 0.0988699 9.98919E-05 9.98919E-05 9.98919E-05 0.280556 0.0678016 9.98919E-05
9.98651E-05 9.98651E-05 9.98651E-05 9.98651E-05 9.98651E-05 9.98651E-05 9.98651E-05 0.955453 0.0305574 9.98651E-05 9.98651E-05 9.98651E-05 9.98651E-05 9.98651E-05 9.98651E-05 9.98651E-05 0.0124912 9.98651E-05
9.9865E-05 9.9865E-05 9.9865E-05 9.9865E-05 9.9865E-05 9.9865E-05 9.9865E-05 0.0920744 9.9865E-05 9.9865E-05 9.9865E-05 0.0812554 9.9865E-05 9.9865E-05 9.9865E-05 9.9865E-05 0.825172 9.9865E-05
9.98502E-05 9.98502E-05 9.98502E-05 9.98502E-05 9.98502E-05 9.98502E-05 9.98502E-05 0.110334 9.98502E-05 9.98502E-05 9.98502E-05 0.0611794 9.98502E-05 9.98502E-05 9.98502E-05 9.98502E-05 0.826989 9.98502E-05
0.102048 9.9892E-05 9.9892E-05 9.9892E-05 9.9892E-05 9.9892E-05 0.713817 9.9892E-05 9.9892E-05 0.149891 9.9892E-05 9.9892E-05 0.00799727 9.9892E-05 9.9892E-05 0.00298157 9.9892E-05 0.0220665
9.98559E-05 9.98559E-05 9.98559E-05 9.98559E-05 9.98559E-05 9.98559E-05 9.98559E-05 9.98559E-05 9.98559E-05 0.926861 9.98559E-05 9.98559E-05 9.98559E-05 0.0715411 9.98559E-05 9.98559E-05 9.98559E-05 9.98559E-05
9.9883E-05 9.9883E-05 0.927833 9.9883E-05 0.0315277 9.9883E-05 0.0155403 9.9883E-05 0.0187216 0.0050791 9.9883E-05 9.9883E-05 9.9883E-05 9.9883E-05 9.9883E-05 9.9883E-05 9.9883E-05 9.9883E-05
9.98742E-05 9.98742E-05 0.943963 9.98742E-05 9.98742E-05 9.98742E-05 0.0253521 9.98742E-05 9.98742E-05 9.98742E-05 9.98742E-05 0.0141592 9.98742E-05 9.98742E-05 9.98742E-05 9.98742E-05 0.0151276 9.98742E-05
9.98563E-05 0.789928 9.98563E-05 9.98563E-05 9.98563E-05 9.98563E-05 9.98563E-05 9.98563E-05 9.98563E-05 9.98563E-05 9.98563E-05 9.98563E-05 9.98563E-05 0.208475 9.98563E-05 9.98563E-05 9.98563E-05 9.98563E-05
9.98559E-05 9.98559E-05 9.98559E-05 9.98559E-05 9.98559E-05 9.98559E-05 9.98559E-05 9.98559E-05 9.98559E-05 9.98559E-05 9.98559E-05 9.98559E-05 0.941353 9.98559E-05 9.98559E-05 9.98559E-05 0.0570495 9.98559E-05
0.0337979 0.0393746 9.98918E-05 9.98918E-05 0.820081 9.98918E-05 9.98918E-05 9.98918E-05 0.0137525 9.98918E-05 9.98918E-05 9.98918E-05 0.0763469 9.98918E-05 9.98918E-05 9.98918E-05 0.0154488 9.98918E-05
9.98562E-05 9.98562E-05 9.98562E-05 9.98562E-05 9.98562E-05 9.98562E-05 9.98562E-05 9.98562E-05 9.98562E-05 9.98562E-05 9.98562E-05 9.98562E-05 9.98562E-05 0.0225291 0.975873 9.98562E-05 9.98562E-05 9.98562E-05
0.0160992 0.327586 9.98919E-05 9.98919E-05 9.98919E-05 9.98919E-05 0.0855317 9.98919E-05 9.98919E-05 9.98919E-05 9.98919E-05 9.98919E-05 0.0523552 0.0447704 9.98919E-05 9.98919E-05 0.472459 9.98919E-05
9.98561E-05 9.98561E-05 9.98561E-05 9.98561E-05 0.430475 9.98561E-05 9.98561E-05 9.98561E-05 9.98561E-05 9.98561E-05 9.98561E-05 9.98561E-05 9.98561E-05 9.98561E-05 0.567928 9.98561E-05 9.98561E-05 9.98561E-05
9.98919E-05 0.278635 9.98919E-05 9.98919E-05 9.98919E-05 0.0144955 0.524223 9.98919E-05 9.98919E-05 9.98919E-05 9.98919E-05 9.98919E-05 0.0462062 0.103249 9.98919E-05 9.98919E-05 0.0319935 9.98919E-05
0.132415 9.9892E-05 9.9892E-05 9.9892E-05 9.9892E-05 9.9892E-05 9.9892E-05 9.9892E-05 9.9892E-05 9.9892E-05 9.9892E-05 0.010592 0.210504 9.9892E-05 0.455646 0.0297531 0.159892 9.9892E-05
9.98559E-05 9.98559E-05 9.98559E-05 9.98559E-05 9.98559E-05 9.98559E-05 9.98559E-05 9.98559E-05 9.98559E-05 9.98559E-05 9.98559E-05 9.98559E-05 9.98559E-05 9.98559E-05 0.975789 9.98559E-05 0.0226133 9.98559E-05
9.98565E-05 9.98565E-05 0.460387 9.98565E-05 9.98565E-05 9.98565E-05 9.98565E-05 9.98565E-05 9.98565E-05 9.98565E-05 9.98565E-05 9.98565E-05 9.98565E-05 9.98565E-05 9.98565E-05 9.98565E-05 9.98565E-05 0.538016
9.98742E-05 9.98742E-05 0.849761 0.0077946 9.98742E-05 9.98742E-05 9.98742E-05 9.98742E-05 0.027412 9.98742E-05 9.98742E-05 9.98742E-05 9.98742E-05 9.98742E-05 9.98742E-05 9.98742E-05 9.98742E-05 0.113634
9.98561E-05 9.98561E-05 9.98561E-05 9.98561E-05 9.98561E-05 9.98561E-05 9.98561E-05 9.98561E-05 9.98561E-05 9.98561E-05 9.98561E-05 9.98561E-05 9.98561E-05 0.968541 9.98561E-05 9.98561E-05 0.0298611 9.98561E-05
9.98652E-05 9.98652E-05 9.98652E-05 9.98652E-05 9.98652E-05 0.0189347 9.98652E-05 9.98652E-05 9.98652E-05 9.98652E-05 9.98652E-05 0.0074426 9.98652E-05 9.98652E-05 9.98652E-05 9.98652E-05 9.98652E-05 0.972125
9.98562E-05 9.98562E-05 9.98562E-05 9.98562E-05 9.98562E-05 9.98562E-05 9.98562E-05 9.98562E-05 9.98562E-05 9.98562E-05 9.98562E-05 9.98562E-05 9.98562E-05 0.0016634 9.98562E-05 9.98562E-05 9.98562E-05 0.996739
9.99011E-05 9.99011E-05 0.260395 0.0551442 0.0169141 0.0931803 9.99011E-05 9.99011E-05 9.99011E-05 9.99011E-05 9.99011E-05 9.99011E-05 9.99011E-05 0.00407993 9.99011E-05 0.429991 9.99011E-05 0.139196
9.98558E-05 9.98558E-05 0.140513 9.98558E-05 9.98558E-05 9.98558E-05 9.98558E-05 9.98558E-05 9.98558E-05 9.98558E-05 9.98558E-05 9.98558E-05 9.98558E-05 9.98558E-05 9.98558E-05 0.85789 9.98558E-05 9.98558E-05
9.98475E-05 9.98475E-05 9.98475E-05 9.98475E-05 9.98475E-05 9.98475E-05 9.98475E-05 9.98475E-05 0.998303 9.98475E-05 9.98475E-05 9.98475E-05 9.98475E-05 9.98475E-05 9.98475E-05 9.98475E-05 9.98475E-05 9.98475E-05
9.98742E-05 0.0207301 0.604161 9.98742E-05 9.98742E-05 9.98742E-05 9.98742E-05 9.98742E-05 9.98742E-05 9.98742E-05 0.14698 9.98742E-05 9.98742E-05 9.98742E-05 9.98742E-05 9.98742E-05 9.98742E-05 0.22673
9.98834E-05 9.98834E-05 9.98834E-05 0.720333 9.98834E-05 0.0299685 9.98834E-05 9.98834E-05 0.00328493 9.98834E-05 0.155745 9.98834E-05 9.98834E-05 9.98834E-05 9.98834E-05 0.0893701 9.98834E-05 9.98834E-05
0.0724602 9.98917E-05 9.98917E-05 9.98917E-05 9.98917E-05 9.98917E-05 9.98917E-05 9.98917E-05 9.98917E-05 9.98917E-05 0.00513104 0.0472723 0.160966 0.680192 9.98917E-05 0.0327797 9.98917E-05 9.98917E-05
0.00429486 9.98919E-05 0.388698 9.98919E-05 9.98919E-05 9.98919E-05 9.98919E-05 9.98919E-05 9.98919E-05 9.98919E-05 0.0316448 0.0196894 0.0225008 9.98919E-05 9.98919E-05 9.98919E-05 9.98919E-05 0.531974
9.98561E-05 9.98561E-05 9.98561E-05 9.98561E-05 9.98561E-05 9.98561E-05 0.965436 9.98561E-05 9.98561E-05 9.98561E-05 0.0329668 9.98561E-05 9.98561E-05 9.98561E-05 9.98561E-05 9.98561E-05 9.98561E-05 9.98561E-05
9.9892E-05 9.9892E-05 9.9892E-05 9.9892E-05 0.0109019 9.9892E-05 0.0732575 9.9892E-05 0.172948 9.9892E-05 0.0772863 9.9892E-05 0.00232884 9.9892E-05 9.9892E-05 9.9892E-05 0.662079 9.9892E-05
9.98559E-05 9.98559E-05 9.98559E-05 9.98559E-05 9.98559E-05 9.98559E-05 9.98559E-05 9.98559E-05 9.98559E-05 9.98559E-05 0.00871384 9.98559E-05 0.989688 9.98559E-05 9.98559E-05 9.98559E-05 9.98559E-05 9.98559E-05
9.98917E-05 0.253686 0.0894937 9.98917E-05 9.98917E-05 9.98917E-05 0.199683 9.98917E-05 9.98917E-05 9.98917E-05 9.98917E-05 0.0610365 0.115835 9.98917E-05 9.98917E-05 9.98917E-05 0.279068 9.98917E-05
9.99007E-05 0.200465 0.0475314 9.99007E-05 0.0302642 9.99007E-05 0.263891 9.99007E-05 9.99007E-05 9.99007E-05 9.99007E-05 0.074461 0.0906535 9.99007E-05 9.99007E-05 9.99007E-05 0.291635 9.99007E-05
9.98921E-05 0.00443996 9.98921E-05 9.98921E-05 9.98921E-05 9.98921E-05 0.0191731 9.98921E-05 9.98921E-05 9.98921E-05 9.98921E-05 9.98921E-05 0.00376087 0.0357109 0.00639171 9.98921E-05 0.929325 9.98921E-05
9.9883E-05 0.820433 9.9883E-05 9.9883E-05 9.9883E-05 9.9883E-05 0.0273725 0.0839657 9.9883E-05 9.9883E-05 9.9883E-05 9.9883E-05 9.9883E-05 0.0618309 0.00509943 9.9883E-05 9.9883E-05 9.9883E-05
9.98741E-05 9.98741E-05 9.98741E-05 9.98741E-05 9.98741E-05 9.98741E-05 0.00515053 9.98741E-05 9.98741E-05 9.98741E-05 9.98741E-05 9.98741E-05 9.98741E-05 0.108292 9.98741E-05 0.000242914 0.884916 9.98741E-05
0.0910773 0.0620893 9.99008E-05 9.99008E-05 9.99008E-05 9.99008E-05 0.017399 9.99008E-05 0.0470857 0.204589 9.99008E-05 9.99008E-05 9.99008E-05 9.99008E-05 0.128855 9.99008E-05 0.447807 9.99008E-05
9.9919E-05 0.110033 9.9919E-05 9.9919E-05 0.0475682 0.0343126 0.0687654 9.9919E-05 0.0105937 0.130746 9.9919E-05 0.0865479 9.9919E-05 9.9919E-05 9.9919E-05 0.0278918 0.482642 9.9919E-05
0.00631513 9.991E-05 9.991E-05 9.991E-05 9.991E-05 0.290702 0.162587 9.991E-05 9.991E-05 0.057701 9.991E-05 9.991E-05 0.175507 0.132754 9.991E-05 0.0633171 0.110118 9.991E-05
9.98571E-05 9.98571E-05 9.98571E-05 9.98571E-05 9.98571E-05 9.98571E-05 0.996017 9.98571E-05 9.98571E-05 9.98571E-05 9.98571E-05 9.98571E-05 9.98571E-05 9.98571E-05 0.00238524 9.98571E-05 9.98571E-05 9.98571E-05
9.98473E-05 9.98473E-05 9.98473E-05 0.998303 9.98473E-05 9.98473E-05 9.98473E-05 9.98473E-05 9.98473E-05 9.98473E-05 9.98473E-05 9.98473E-05 9.98473E-05 9.98473E-05 9.98473E-05 9.98473E-05 9.98473E-05 9.98473E-05
9.98742E-05 0.00594435 9.98742E-05 0.984826 9.98742E-05 9.98742E-05 9.98742E-05 9.98742E-05 9.98742E-05 0.000899578 9.98742E-05 0.00693225 9.98742E-05 9.98742E-05 9.98742E-05 9.98742E-05 9.98742E-05 9.98742E-05
9.98474E-05 9.98474E-05 9.98474E-05 0.998303 9.98474E-05 9.98474E-05 9.98474E-05 9.98474E-05 9.98474E-05 9.98474E-05 9.98474E-05 9.98474E-05 9.98474E-05 9.98474E-05 9.98474E-05 9.98474E-05 9.98474E-05 9.98474E-05
9.98653E-05 9.98653E-05 9.98653E-05 0.983925 0.00635363 9.98653E-05 0.0082233 9.98653E-05 9.98653E-05 9.98653E-05 9.98653E-05 9.98653E-05 9.98653E-05 9.98653E-05 9.98653E-05 9.98653E-05 9.98653E-05 9.98653E-05
9.98473E-05 9.98473E-05 9.98473E-05 0.998303 9.98473E-05 9.98473E-05 9.98473E-05 9.98473E-05 9.98473E-05 9.98473E-05 9.98473E-05 9.98473E-05 9.98473E-05 9.98473E-05 9.98473E-05 9.98473E-05 9.98473E-05 9.98473E-05
9.99102E-05 0.0473878 9.99102E-05 0.278239 9.99102E-05 9.99102E-05 0.0410342 0.0576105 0.0236094 9.99102E-05 0.0749636 9.99102E-05 9.99102E-05 9.99102E-05 0.00532015 0.470836 9.99102E-05 9.99102E-05
9.98832E-05 0.0240577 9.98832E-05 0.950857 9.98832E-05 9.98832E-05 9.98832E-05 9.98832E-05 0.0184947 9.98832E-05 9.98832E-05 0.000100785 0.00519116 9.98832E-05 9.98832E-05 9.98832E-05 9.98832E-05 9.98832E-05
9.98649E-05 0.16865 9.98649E-05 9.98649E-05 9.98649E-05 9.98649E-05 0.809286 9.98649E-05 9.98649E-05 9.98649E-05 9.98649E-05 9.98649E-05 9.98649E-05 0.0205656 9.98649E-05 9.98649E-05 9.98649E-05 9.98649E-05
9.98919E-05 0.0101154 9.98919E-05 0.0301587 9.98919E-05 9.98919E-05 9.98919E-05 0.0499307 0.884562 9.98919E-05 9.98919E-05 9.98919E-05 9.98919E-05 0.0208022 9.98919E-05 9.98919E-05 9.98919E-05 0.00323237
9.98829E-05 9.98829E-05 0.627587 9.98829E-05 9.98829E-05 9.98829E-05 9.98829E-05 9.98829E-05 0.00348562 9.98829E-05 9.98829E-05 0.0505976 0.0042123 9.98829E-05 9.98829E-05 9.98829E-05 9.98829E-05 0.312819
9.98563E-05 9.98563E-05 9.98563E-05 9.98563E-05 9.98563E-05 9.98563E-05 9.98563E-05 0.0544861 9.98563E-05 9.98563E-05 9.98563E-05 9.98563E-05 9.98563E-05 0.943916 9.98563E-05 9.98563E-05 9.98563E-05 9.98563E-05
9.98652E-05 0.87892 9.98652E-05 9.98652E-05 9.98652E-05 9.98652E-05 9.98652E-05 9.98652E-05 9.98652E-05 0.114332 9.98652E-05 0.00525092 9.98652E-05 9.98652E-05 9.98652E-05 9.98652E-05 9.98652E-05 9.98652E-05
9.9847E-05 9.9847E-05 9.9847E-05 9.9847E-05 9.9847E-05 9.9847E-05 9.9847E-05 9.9847E-05 9.9847E-05 0.998303 9.9847E-05 9.9847E-05 9.9847E-05 9.9847E-05 9.9847E-05 9.9847E-05 9.9847E-05 9.9847E-05
9.98649E-05 9.98649E-05 9.98649E-05 9.98649E-05 9.98649E-05 9.98649E-05 9.98649E-05 9.98649E-05 9.98649E-05 0.344954 9.98649E-05 9.98649E-05 9.98649E-05 0.577284 9.98649E-05 9.98649E-05 0.0762644 9.98649E-05
9.98741E-05 9.98741E-05 9.98741E-05 9.98741E-05 9.98741E-05 9.98741E-05 9.98741E-05 9.98741E-05 9.98741E-05 0.100303 9.98741E-05 9.98741E-05 9.98741E-05 0.865328 0.00546557 9.98741E-05 0.0275048 9.98741E-05
9.98471E-05 9.98471E-05 9.98471E-05 9.98471E-05 0.998303 9.98471E-05 9.98471E-05 9.98471E-05 9.98471E-05 9.98471E-05 9.98471E-05 9.98471E-05 9.98471E-05 9.98471E-05 9.98471E-05 9.98471E-05 9.98471E-05 9.98471E-05
9.98745E-05 9.98745E-05 0.387629 9.98745E-05 9.98745E-05 9.98745E-05 9.98745E-05 9.98745E-05 9.98745E-05 9.98745E-05 9.98745E-05 0.00624973 9.98745E-05 9.98745E-05 9.98745E-05 0.0202278 9.98745E-05 0.584495
9.98469E-05 9.98469E-05 9.98469E-05 9.98469E-05 9.98469E-05 0.998303 9.98469E-05 9.98469E-05 9.98469E-05 9.98469E-05 9.98469E-05 9.98469E-05 9.98469E-05 9.98469E-05 9.98469E-05 9.98469E-05 9.98469E-05 9.98469E-05
9.98655E-05 9.98655E-05 0.872536 9.98655E-05 9.98655E-05 9.98655E-05 9.98655E-05 9.98655E-05 9.98655E-05 0.0102591 0.115707 9.98655E-05 9.98655E-05 9.98655E-05 9.98655E-05 9.98655E-05 9.98655E-05 9.98655E-05
9.98829E-05 9.98829E-05 0.768918 0.0292357 9.98829E-05 9.98829E-05 9.98829E-05 9.98829E-05 9.98829E-05 9.98829E-05 9.98829E-05 0.112182 0.0167022 9.98829E-05 9.98829E-05 9.98829E-05 9.98829E-05 0.0716636
9.98563E-05 9.98563E-05 9.98563E-05 9.98563E-05 9.98563E-05 9.98563E-05 9.98563E-05 9.98563E-05 9.98563E-05 9.98563E-05 0.0181684 9.98563E-05 9.98563E-05 9.98563E-05 9.98563E-05 9.98563E-05 9.98563E-05 0.980234
9.98563E-05 9.98563E-05 9.98563E-05 9.98563E-05 0.00210834 9.98563E-05 9.98563E-05 9.98563E-05 9.98563E-05 9.98563E-05 9.98563E-05 9.98563E-05 9.98563E-05 9.98563E-05 9.98563E-05 9.98563E-05 9.98563E-05 0.996294
9.99011E-05 9.99011E-05 0.689686 9.99011E-05 9.99011E-05 9.99011E-05 0.0334169 0.00755399 0.00984524 9.99011E-05 9.99011E-05 0.0169345 9.99011E-05 9.99011E-05 9.99011E-05 0.192117 9.99011E-05 0.0493467
9.98739E-05 9.98739E-05 0.550443 9.98739E-05 9.98739E-05 9.98739E-05 9.98739E-05 9.98739E-05 9.98739E-05 9.98739E-05 9.98739E-05 0.050452 0.0319511 9.98739E-05 9.98739E-05 9.98739E-05 9.98739E-05 0.365756
9.9865E-05 9.9865E-05 9.9865E-05 0.0288594 9.9865E-05 9.9865E-05 9.9865E-05 9.9865E-05 9.9865E-05 9.9865E-05 0.916838 0.0528051 9.9865E-05 9.9865E-05 9.9865E-05 9.9865E-05 9.9865E-05 9.9865E-05
9.9865E-05 9.9865E-05 9.9865E-05 9.9865E-05 9.9865E-05 9.9865E-05 9.9865E-05 0.00935235 9.9865E-05 0.0143605 0.974789 9.9865E-05 9.9865E-05 9.9865E-05 9.9865E-05 9.9865E-05 9.9865E-05 9.9865E-05
9.98832E-05 0.0261321 0.834046 0.0102892 9.98832E-05 9.98832E-05 9.98832E-05 9.98832E-05 9.98832E-05 9.98832E-05 9.98832E-05 9.98832E-05 9.98832E-05 0.0182115 9.98832E-05 9.98832E-05 9.98832E-05 0.110023
9.9874E-05 0.978455 0.00110788 9.9874E-05 9.9874E-05 9.9874E-05 9.9874E-05 9.9874E-05 9.9874E-05 9.9874E-05 0.00364084 9.9874E-05 9.9874E-05 9.9874E-05 9.9874E-05 0.0153978 9.9874E-05 9.9874E-05
9.98561E-05 0.99308 9.98561E-05 0.00532191 9.98561E-05 9.98561E-05 9.98561E-05 9.98561E-05 9.98561E-05 9.98561E-05 9.98561E-05 9.98561E-05 9.98561E-05 9.98561E-05 9.98561E-05 9.98561E-05 9.98561E-05 9.98561E-05
0.989883 9.98742E-05 0.00389527 9.98742E-05 9.98742E-05 9.98742E-05 9.98742E-05 0.00290749 9.98742E-05 9.98742E-05 9.98742E-05 0.00191607 9.98742E-05 9.98742E-05 9.98742E-05 9.98742E-05 9.98742E-05 9.98742E-05
0.998303 9.98473E-05 9.98473E-05 9.98473E-05 9.98473E-05 9.98473E-05 9.98473E-05 9.98473E-05 9.98473E-05 9.98473E-05 9.98473E-05 9.98473E-05 9.98473E-05 9.98473E-05 9.98473E-05 9.98473E-05 9.98473E-05 9.98473E-05
9.98829E-05 0.0408148 9.98829E-05 9.98829E-05 9.98829E-05 9.98829E-05 9.98829E-05 9.98829E-05 0.0566938 0.00376984 9.98829E-05 9.98829E-05 9.98829E-05 9.98829E-05 9.98829E-05 9.98829E-05 0.865259 0.0321638
9.99009E-05 0.0344879 9.99009E-05 9.99009E-05 9.99009E-05 9.99009E-05 0.0273077 0.0244033 0.0322861 0.0624928 9.99009E-05 9.99009E-05 9.99009E-05 9.99009E-05 9.99009E-05 9.99009E-05 0.784283 0.0336404
0.957199 9.98652E-05 9.98652E-05 9.98652E-05 9.98652E-05 9.98652E-05 9.98652E-05 9.98652E-05 9.98652E-05 9.98652E-05 0.0251119 9.98652E-05 9.98652E-05 9.98652E-05 9.98652E-05 9.98652E-05 0.0161912 9.98652E-05
0.998303 9.98472E-05 9.98472E-05 9.98472E-05 9.98472E-05 9.98472E-05 9.98472E-05 9.98472E-05 9.98472E-05 9.98472E-05 9.98472E-05 9.98472E-05 9.98472E-05 9.98472E-05 9.98472E-05 9.98472E-05 9.98472E-05 9.98472E-05
9.98829E-05 9.98829E-05 9.98829E-05 0.0137586 9.98829E-05 9.98829E-05 0.958943 0.00422496 9.98829E-05 0.0209899 9.98829E-05 9.98829E-05 9.98829E-05 0.000784668 9.98829E-05 9.98829E-05 9.98829E-05 9.98829E-05
9.99189E-05 0.471714 9.99189E-05 9.99189E-05 0.0600018 0.00955369 0.0267984 0.0764732 0.012978 0.171225 9.99189E-05 9.99189E-05 9.99189E-05 9.99189E-05 0.00923803 9.99189E-05 0.161119 9.99189E-05
9.9874E-05 9.9874E-05 9.9874E-05 0.0639186 9.9874E-05 9.9874E-05 9.9874E-05 0.053855 0.87904 9.9874E-05 9.9874E-05 0.00178771 9.9874E-05 9.9874E-05 9.9874E-05 9.9874E-05 9.9874E-05 9.9874E-05
0.137511 9.98921E-05 9.98921E-05 9.98921E-05 9.98921E-05 9.98921E-05 9.98921E-05 9.98921E-05 9.98921E-05 0.385806 9.98921E-05 0.0625304 0.187363 9.98921E-05 0.101725 9.98921E-05 0.123866 9.98921E-05
0.0860986 9.99011E-05 9.99011E-05 9.99011E-05 9.99011E-05 9.99011E-05 0.0999644 9.99011E-05 9.99011E-05 0.223298 9.99011E-05 0.0119652 0.41554 0.0967901 0.0652449 9.99011E-05 9.99011E-05 9.99011E-05
9.9847E-05 9.9847E-05 9.9847E-05 9.9847E-05 9.9847E-05 9.9847E-05 9.9847E-05 9.9847E-05 9.9847E-05 9.9847E-05 9.9847E-05 9.9847E-05 9.9847E-05 9.9847E-05 9.9847E-05 0.998303 9.9847E-05 9.9847E-05
