0.00858652 0.0329873 9.99639E-05 9.99639E-05 0.958026 9.99639E-05 9.99639E-05
9.9973E-05 0.269611 0.307517 0.221583 0.200989 9.9973E-05 9.9973E-05
0.0348257 9.99822E-05 0.751736 0.0752023 9.99822E-05 0.115716 0.0223198
0.0124885 9.9955E-05 0.987012 9.9955E-05 9.9955E-05 9.9955E-05 9.9955E-05
9.997E-05 0.215205 0.47659 0.232522 0.075382 9.997E-05 9.997E-05
9.9955E-05 9.9955E-05 0.985095 9.9955E-05 0.0144051 9.9955E-05 9.9955E-05
9.99732E-05 0.322877 0.0619099 0.256445 9.99732E-05 0.358468 9.99732E-05
9.99641E-05 0.137337 0.437086 0.425176 9.99641E-05 9.99641E-05 9.99641E-05
9.99731E-05 0.369647 0.0386145 0.33387 9.99731E-05 0.257569 9.99731E-05
9.995E-05 0.9994 9.995E-05 9.995E-05 9.995E-05 9.995E-05 9.995E-05
9.995E-05 0.9994 9.995E-05 9.995E-05 9.995E-05 9.995E-05 9.995E-05
0.123274 9.9973E-05 0.0175304 9.9973E-05 0.688082 0.170814 9.9973E-05
9.995E-05 9.995E-05 9.995E-05 9.995E-05 9.995E-05 0.9994 9.995E-05
0.0065319 9.9973E-05 0.948102 9.9973E-05 0.0216037 9.9973E-05 0.0234624
0.0042581 9.9964E-05 0.955389 9.9964E-05 0.0399526 9.9964E-05 9.9964E-05
9.9973E-05 0.574851 0.0173943 9.9973E-05 0.0597074 0.347747 9.9973E-05
0.309647 0.400603 9.9982E-05 9.9982E-05 0.0254326 0.174595 0.0895219
9.997E-05 0.217955 9.997E-05 0.0392983 0.0113425 9.997E-05 0.731104
0.10146 9.9955E-05 9.9955E-05 9.9955E-05 9.9955E-05 9.9955E-05 0.89804
0.0748401 0.742616 9.9973E-05 9.9973E-05 0.1514 0.0308444 9.9973E-05
9.995E-05 9.995E-05 9.995E-05 9.995E-05 9.995E-05 9.995E-05 0.9994
0.00965822 0.341543 9.99729E-05 9.99729E-05 0.554335 0.0941648 9.99729E-05
0.32311 0.242198 9.9973E-05 0.0305075 9.9973E-05 9.9973E-05 0.403885
0.121311 9.9955E-05 9.9955E-05 9.9955E-05 9.9955E-05 9.9955E-05 0.878189
9.9955E-05 9.9955E-05 0.989415 0.0100857 9.9955E-05 9.9955E-05 9.9955E-05
9.995E-05 9.995E-05 0.9994 9.995E-05 9.995E-05 9.995E-05 9.995E-05
0.0823835 0.102138 9.99729E-05 9.99729E-05 0.0876255 0.727553 9.99729E-05
9.9964E-05 9.9964E-05 0.917204 0.0642297 9.9964E-05 0.0181669 9.9964E-05
9.9964E-05 9.9964E-05 0.908336 0.0805561 9.9964E-05 0.0107082 9.9964E-05
0.039569 9.9982E-05 0.64393 0.287512 9.9982E-05 0.0153684 0.0134208
0.0344504 9.9973E-05 0.698538 0.254737 9.9973E-05 9.9973E-05 0.0119746
9.99731E-05 0.201796 0.134516 0.486052 0.177336 9.99731E-05 9.99731E-05
9.995E-05 9.995E-05 0.9994 9.995E-05 9.995E-05 9.995E-05 9.995E-05
0.0132433 9.99641E-05 0.101274 0.885082 9.99641E-05 9.99641E-05 9.99641E-05
0.218103 0.0316024 0.0578268 0.0185072 0.107403 0.566458 9.9991E-05
0.00435176 9.99639E-05 0.976938 9.99639E-05 9.99639E-05 0.01831 9.99639E-05
9.995E-05 9.995E-05 0.00289609 9.995E-05 0.996604 9.995E-05 9.995E-05
9.9982E-05 0.744441 0.0376482 0.0730801 0.114325 9.9982E-05 0.030306
0.34178 0.225405 0.136633 9.9991E-05 0.0733423 0.155544 0.0671951
0.010287 0.594244 0.0847265 9.9982E-05 0.300857 9.9982E-05 0.00968587
0.0165262 0.630811 0.0337986 9.998E-05 0.313273 9.998E-05 0.00539071
9.9964E-05 0.945278 9.9964E-05 9.9964E-05 0.0386389 9.9964E-05 0.0156835
9.9964E-05 0.680865 9.9964E-05 9.9964E-05 0.132702 0.186033 9.9964E-05
0.0500374 0.805857 9.9982E-05 9.9982E-05 0.0804322 0.0396277 0.0238461
0.158136 0.451141 9.9991E-05 0.00525365 0.0769696 0.213698 0.0947019
0.0659399 0.632596 0.0503687 0.00202694 0.172069 0.0267005 0.0502991
0.116227 0.237758 0.0707986 0.0778576 0.262499 0.23476 9.9991E-05
9.99553E-05 9.99553E-05 9.99553E-05 9.99553E-05 0.998733 9.99553E-05 0.000766975
9.995E-05 9.995E-05 9.995E-05 0.9994 9.995E-05 9.995E-05 9.995E-05
9.995E-05 9.995E-05 9.995E-05 0.9994 9.995E-05 9.995E-05 9.995E-05
9.995E-05 9.995E-05 9.995E-05 0.9994 9.995E-05 9.995E-05 9.995E-05
9.995E-05 9.995E-05 9.995E-05 0.9994 9.995E-05 9.995E-05 9.995E-05
9.995E-05 9.995E-05 9.995E-05 0.9994 9.995E-05 9.995E-05 9.995E-05
9.99821E-05 0.102297 0.217107 0.621754 9.99821E-05 0.0289377 0.0297035
0.018369 9.99549E-05 9.99549E-05 0.981131 9.99549E-05 9.99549E-05 9.99549E-05
9.99639E-05 0.0706044 9.99639E-05 9.99639E-05 0.846165 0.0828303 9.99639E-05
9.997E-05 0.186924 0.103111 0.517678 0.191986 9.997E-05 9.997E-05
9.995E-05 9.995E-05 0.9994 9.995E-05 9.995E-05 9.995E-05 9.995E-05
0.0618125 9.997E-05 9.997E-05 0.00704852 0.0690396 0.861799 9.997E-05
9.9973E-05 0.509589 0.0607203 9.9973E-05 0.141896 0.287495 9.9973E-05
9.995E-05 9.995E-05 9.995E-05 9.995E-05 9.995E-05 0.9994 9.995E-05
9.99639E-05 0.0805751 9.99639E-05 9.99639E-05 0.0261482 0.892877 9.99639E-05
0.092656 0.0654702 9.99729E-05 9.99729E-05 9.99729E-05 0.840905 0.000668596
9.99641E-05 9.99641E-05 9.99641E-05 0.00416222 0.108105 9.99641E-05 0.887333
9.995E-05 9.995E-05 0.9994 9.995E-05 9.995E-05 9.995E-05 9.995E-05
0.140422 0.27596 0.296491 0.101496 0.0969251 0.0886058 9.999E-05
9.99641E-05 9.99641E-05 0.969733 0.0014701 9.99641E-05 0.0283971 9.99641E-05
9.996E-05 9.996E-05 0.934276 0.0106609 0.0546637 9.996E-05 9.996E-05
9.9964E-05 9.9964E-05 0.934567 0.0495935 9.9964E-05 0.0154395 9.9964E-05
9.9982E-05 9.9982E-05 0.939728 0.0365111 0.00119036 0.0103971 0.0119732
0.00807875 0.0787152 0.89267 9.997E-05 0.0202366 9.997E-05 9.997E-05
9.995E-05 9.995E-05 0.9994 9.995E-05 9.995E-05 9.995E-05 9.995E-05
9.996E-05 0.0358623 0.512947 0.450791 9.996E-05 9.996E-05 9.996E-05
9.99642E-05 9.99642E-05 0.553612 0.282367 9.99642E-05 0.163621 9.99642E-05
9.9973E-05 0.0103368 0.932712 0.0371669 0.0194849 9.9973E-05 9.9973E-05
9.9982E-05 0.781833 0.0820665 0.0255914 0.0534453 0.0568638 9.9982E-05
9.9982E-05 0.787785 0.0629199 0.056983 0.0382235 0.0538882 9.9982E-05
0.9994 9.995E-05 9.995E-05 9.995E-05 9.995E-05 9.995E-05 9.995E-05
0.9994 9.995E-05 9.995E-05 9.995E-05 9.995E-05 9.995E-05 9.995E-05
0.0243975 0.900471 0.0278106 0.0261513 0.0209694 9.9982E-05 9.9982E-05
9.9964E-05 0.939565 9.9964E-05 9.9964E-05 0.0140549 0.0459798 9.9964E-05
0.988713 9.9955E-05 9.9955E-05 0.0107872 9.9955E-05 9.9955E-05 9.9955E-05
0.9994 9.995E-05 9.995E-05 9.995E-05 9.995E-05 9.995E-05 9.995E-05
9.996E-05 9.996E-05 9.996E-05 0.0247243 0.931848 0.0430282 9.996E-05
9.9973E-05 0.638006 9.9973E-05 9.9973E-05 0.070749 0.244144 0.0468015
9.9982E-05 0.187625 0.104603 0.54452 0.128125 0.0349271 9.9982E-05
0.308993 0.122089 0.0654857 9.9991E-05 0.02461 0.346733 0.13199
0.299955 9.99731E-05 9.99731E-05 9.99731E-05 0.209253 0.405742 0.0847506
0.0306194 0.0101884 0.637734 0.270009 9.99821E-05 9.99821E-05 0.0512496
