9.99098E-05 9.99098E-05 9.99098E-05 9.99098E-05 0.00366439 0.0296001 9.99098E-05 9.99098E-05 9.99098E-05 9.99098E-05 0.0608705 9.99098E-05 0.00569166 0.899174 9.99098E-05
0.756156 9.99009E-05 0.115906 9.99009E-05 9.99009E-05 9.99009E-05 9.99009E-05 9.99009E-05 9.99009E-05 9.99009E-05 9.99009E-05 9.99009E-05 9.99009E-05 0.0411661 0.0856735
9.9874E-05 9.9874E-05 9.9874E-05 9.9874E-05 9.9874E-05 9.9874E-05 0.998602 9.9874E-05 9.9874E-05 9.9874E-05 9.9874E-05 9.9874E-05 9.9874E-05 9.9874E-05 9.9874E-05
9.99101E-05 9.99101E-05 9.99101E-05 9.99101E-05 9.99101E-05 9.99101E-05 0.0344601 9.99101E-05 9.99101E-05 9.99101E-05 0.00784282 0.00129272 0.0140078 9.99101E-05 0.941397
0.117993 9.99551E-05 9.99551E-05 0.196532 9.99551E-05 0.0260257 0.0528401 9.99551E-05 0.139458 0.0365163 0.085065 0.0155193 9.99551E-05 0.0600561 0.269494
9.9901E-05 9.9901E-05 0.00454413 9.9901E-05 9.9901E-05 9.9901E-05 0.030119 9.9901E-05 9.9901E-05 0.0506831 9.9901E-05 9.9901E-05 9.9901E-05 9.9901E-05 0.913555
9.98741E-05 9.98741E-05 9.98741E-05 9.98741E-05 9.98741E-05 9.98741E-05 9.98741E-05 9.98741E-05 0.998602 9.98741E-05 9.98741E-05 9.98741E-05 9.98741E-05 9.98741E-05 9.98741E-05
0.0677101 9.99189E-05 9.99189E-05 0.694982 9.99189E-05 9.99189E-05 9.99189E-05 9.99189E-05 9.99189E-05 9.99189E-05 0.0836943 0.112891 0.00891685 9.99189E-05 0.0309059
0.0193784 9.991E-05 9.991E-05 9.991E-05 0.0331586 9.991E-05 9.991E-05 9.991E-05 0.931156 9.991E-05 9.991E-05 0.013404 9.991E-05 0.00190439 9.991E-05
9.98832E-05 9.98832E-05 9.98832E-05 9.98832E-05 9.98832E-05 9.98832E-05 9.98832E-05 9.98832E-05 0.118662 9.98832E-05 0.880039 9.98832E-05 9.98832E-05 9.98832E-05 9.98832E-05
9.98832E-05 9.98832E-05 9.98832E-05 9.98832E-05 9.98832E-05 9.98832E-05 9.98832E-05 9.98832E-05 0.114517 9.98832E-05 0.884184 9.98832E-05 9.98832E-05 9.98832E-05 9.98832E-05
9.9928E-05 9.9928E-05 0.0295629 0.01299 9.9928E-05 9.9928E-05 9.9928E-05 0.112882 9.9928E-05 0.0455493 9.9928E-05 9.9928E-05 0.117665 0.648734 0.031817
9.98834E-05 9.98834E-05 9.98834E-05 0.0181593 9.98834E-05 9.98834E-05 9.98834E-05 0.980542 9.98834E-05 9.98834E-05 9.98834E-05 9.98834E-05 9.98834E-05 9.98834E-05 9.98834E-05
0.00184004 0.0057776 0.0325562 9.99101E-05 9.99101E-05 9.99101E-05 9.99101E-05 9.99101E-05 9.99101E-05 0.0196965 9.99101E-05 9.99101E-05 9.99101E-05 9.99101E-05 0.939131
9.98922E-05 9.98922E-05 9.98922E-05 9.98922E-05 9.98922E-05 0.0308684 9.98922E-05 9.98922E-05 9.98922E-05 9.98922E-05 9.98922E-05 9.98922E-05 9.98922E-05 0.0279903 0.939943
9.98919E-05 9.98919E-05 9.98919E-05 9.98919E-05 0.763253 9.98919E-05 9.98919E-05 0.0958286 9.98919E-05 0.13972 9.98919E-05 9.98919E-05 9.98919E-05 9.98919E-05 9.98919E-05
9.9892E-05 9.9892E-05 0.897999 9.9892E-05 9.9892E-05 0.0432818 9.9892E-05 9.9892E-05 9.9892E-05 9.9892E-05 0.0575205 9.9892E-05 9.9892E-05 9.9892E-05 9.9892E-05
0.103926 0.635487 9.99188E-05 9.99188E-05 0.0100141 0.167187 9.99188E-05 9.99188E-05 0.0387265 9.99188E-05 0.0437594 9.99188E-05 9.99188E-05 9.99188E-05 9.99188E-05
9.9883E-05 0.929743 9.9883E-05 9.9883E-05 9.9883E-05 9.9883E-05 9.9883E-05 9.9883E-05 9.9883E-05 9.9883E-05 9.9883E-05 9.9883E-05 0.0689588 9.9883E-05 9.9883E-05
9.99189E-05 9.99189E-05 0.000360552 9.99189E-05 0.306397 9.99189E-05 9.99189E-05 9.99189E-05 9.99189E-05 0.214389 0.44564 9.99189E-05 0.00244643 0.0298678 9.99189E-05
9.98741E-05 0.998602 9.98741E-05 9.98741E-05 9.98741E-05 9.98741E-05 9.98741E-05 9.98741E-05 9.98741E-05 9.98741E-05 9.98741E-05 9.98741E-05 9.98741E-05 9.98741E-05 9.98741E-05
0.00978547 9.9919E-05 0.098807 9.9919E-05 0.297651 9.9919E-05 9.9919E-05 0.0464968 9.9919E-05 9.9919E-05 0.0708431 9.9919E-05 9.9919E-05 0.475517 9.9919E-05
9.98738E-05 9.98738E-05 9.98738E-05 9.98738E-05 9.98738E-05 0.998602 9.98738E-05 9.98738E-05 9.98738E-05 9.98738E-05 9.98738E-05 9.98738E-05 9.98738E-05 9.98738E-05 9.98738E-05
9.98829E-05 0.668565 9.98829E-05 9.98829E-05 9.98829E-05 0.330137 9.98829E-05 9.98829E-05 9.98829E-05 9.98829E-05 9.98829E-05 9.98829E-05 9.98829E-05 9.98829E-05 9.98829E-05
9.99013E-05 9.99013E-05 9.99013E-05 9.99013E-05 9.99013E-05 9.99013E-05 0.0207093 9.99013E-05 0.00475619 9.99013E-05 9.99013E-05 0.00209867 9.99013E-05 9.99013E-05 0.971337
9.98744E-05 9.98744E-05 9.98744E-05 9.98744E-05 9.98744E-05 9.98744E-05 9.98744E-05 9.98744E-05 9.98744E-05 9.98744E-05 9.98744E-05 9.98744E-05 9.98744E-05 9.98744E-05 0.998602
9.99189E-05 9.99189E-05 0.017111 9.99189E-05 9.99189E-05 0.00696782 9.99189E-05 0.805018 9.99189E-05 9.99189E-05 0.0889994 9.99189E-05 0.0389716 0.0420324 9.99189E-05
9.99011E-05 9.99011E-05 9.99011E-05 9.99011E-05 9.99011E-05 9.99011E-05 9.99011E-05 0.00178334 0.0190785 9.99011E-05 9.99011E-05 0.0586302 9.99011E-05 9.99011E-05 0.919409
9.99191E-05 9.99191E-05 9.99191E-05 9.99191E-05 0.0139175 9.99191E-05 0.00453157 0.0100692 0.00901599 9.99191E-05 9.99191E-05 0.0531553 9.99191E-05 9.99191E-05 0.908411
9.99281E-05 0.0288327 9.99281E-05 0.271337 9.99281E-05 9.99281E-05 0.0690814 0.000499076 9.99281E-05 9.99281E-05 9.99281E-05 0.0967146 9.99281E-05 0.0204931 0.512243
9.99189E-05 9.99189E-05 9.99189E-05 0.604198 9.99189E-05 9.99189E-05 9.99189E-05 9.99189E-05 9.99189E-05 0.0183677 0.00433451 0.0401149 0.0176583 9.99189E-05 0.314427
0.998602 9.98744E-05 9.98744E-05 9.98744E-05 9.98744E-05 9.98744E-05 9.98744E-05 9.98744E-05 9.98744E-05 9.98744E-05 9.98744E-05 9.98744E-05 9.98744E-05 9.98744E-05 9.98744E-05
9.98922E-05 9.98922E-05 0.0136667 0.146864 9.98922E-05 9.98922E-05 9.98922E-05 9.98922E-05 9.98922E-05 9.98922E-05 9.98922E-05 9.98922E-05 9.98922E-05 9.98922E-05 0.838271
9.98922E-05 9.98922E-05 9.98922E-05 0.253625 9.98922E-05 9.98922E-05 9.98922E-05 9.98922E-05 9.98922E-05 9.98922E-05 9.98922E-05 0.737145 0.00803195 9.98922E-05 9.98922E-05
9.99186E-05 9.99186E-05 0.216222 0.0861827 9.99186E-05 9.99186E-05 9.99186E-05 0.487541 9.99186E-05 0.0400984 9.99186E-05 9.99186E-05 0.0930739 0.0759832 9.99186E-05
9.99099E-05 9.99099E-05 0.00655115 0.0539937 9.99099E-05 9.99099E-05 9.99099E-05 0.00373967 9.99099E-05 0.0265556 9.99099E-05 9.99099E-05 9.99099E-05 9.99099E-05 0.908161
9.9892E-05 9.9892E-05 9.9892E-05 9.9892E-05 9.9892E-05 9.9892E-05 0.0385337 9.9892E-05 9.9892E-05 0.00141944 9.9892E-05 9.9892E-05 9.9892E-05 0.958848 9.9892E-05
0.190637 9.99279E-05 0.00778899 0.0251849 9.99279E-05 0.0494289 0.00815921 9.99279E-05 9.99279E-05 9.99279E-05 0.618013 9.99279E-05 9.99279E-05 0.0999887 9.99279E-05
9.98741E-05 9.98741E-05 0.998602 9.98741E-05 9.98741E-05 9.98741E-05 9.98741E-05 9.98741E-05 9.98741E-05 9.98741E-05 9.98741E-05 9.98741E-05 9.98741E-05 9.98741E-05 9.98741E-05
9.99135E-05 9.99135E-05 0.149963 9.99135E-05 0.21896 9.99135E-05 9.99135E-05 9.99135E-05 9.99135E-05 9.99135E-05 0.274714 9.99135E-05 9.99135E-05 0.266113 0.0892502
0.0313673 0.0122291 0.110113 9.99278E-05 0.221261 9.99278E-05 9.99278E-05 9.99278E-05 9.99278E-05 9.99278E-05 0.317056 9.99278E-05 9.99278E-05 0.284097 0.0230778
9.99099E-05 9.99099E-05 0.00130947 9.99099E-05 0.0354078 9.99099E-05 9.99099E-05 9.99099E-05 9.99099E-05 0.0404114 0.910109 9.99099E-05 9.99099E-05 0.0117629 9.99099E-05
9.9919E-05 0.00523238 9.9919E-05 9.9919E-05 0.881981 9.9919E-05 9.9919E-05 0.0300624 0.0542957 9.9919E-05 0.011014 9.9919E-05 9.9919E-05 0.0165157 9.9919E-05
9.991E-05 9.991E-05 9.991E-05 9.991E-05 9.991E-05 9.991E-05 9.991E-05 9.991E-05 9.991E-05 0.0750474 0.881252 0.000508062 0.0156953 0.0264984 9.991E-05
0.0565118 9.99279E-05 9.99279E-05 9.99279E-05 0.0912604 0.250321 9.99279E-05 0.106711 9.99279E-05 0.108354 0.337442 9.99279E-05 9.99279E-05 0.0486 9.99279E-05
9.9937E-05 0.00402969 9.9937E-05 0.051217 0.19672 0.0250309 0.0282176 9.9937E-05 9.9937E-05 0.154744 0.417338 9.9937E-05 9.9937E-05 0.122003 9.9937E-05
9.99369E-05 9.99369E-05 0.0793753 9.99369E-05 9.99369E-05 9.99369E-05 0.0664524 0.0548168 0.110073 0.334748 0.147348 0.0330777 9.99369E-05 0.173409 9.99369E-05
9.98839E-05 0.00944784 9.98839E-05 9.98839E-05 9.98839E-05 9.98839E-05 9.98839E-05 9.98839E-05 9.98839E-05 9.98839E-05 9.98839E-05 9.98839E-05 9.98839E-05 0.989254 9.98839E-05
9.98742E-05 9.98742E-05 9.98742E-05 9.98742E-05 9.98742E-05 9.98742E-05 9.98742E-05 9.98742E-05 9.98742E-05 9.98742E-05 9.98742E-05 0.998602 9.98742E-05 9.98742E-05 9.98742E-05
9.98742E-05 9.98742E-05 9.98742E-05 9.98742E-05 9.98742E-05 9.98742E-05 9.98742E-05 9.98742E-05 9.98742E-05 9.98742E-05 9.98742E-05 0.998602 9.98742E-05 9.98742E-05 9.98742E-05
9.98922E-05 9.98922E-05 9.98922E-05 9.98922E-05 9.98922E-05 9.98922E-05 9.98922E-05 9.98922E-05 9.98922E-05 9.98922E-05 0.0198737 0.967882 0.0110451 9.98922E-05 9.98922E-05
9.98832E-05 9.98832E-05 9.98832E-05 9.98832E-05 9.98832E-05 9.98832E-05 9.98832E-05 9.98832E-05 9.98832E-05 9.98832E-05 9.98832E-05 0.992569 9.98832E-05 9.98832E-05 0.00613247
9.98742E-05 9.98742E-05 9.98742E-05 9.98742E-05 9.98742E-05 9.98742E-05 9.98742E-05 9.98742E-05 9.98742E-05 9.98742E-05 9.98742E-05 0.998602 9.98742E-05 9.98742E-05 9.98742E-05
0.0740437 9.99281E-05 9.99281E-05 0.402964 0.06404 0.0598721 0.0341105 9.99281E-05 0.0175241 9.99281E-05 9.99281E-05 0.346646 9.99281E-05 9.99281E-05 9.99281E-05
0.118047 9.9883E-05 9.9883E-05 9.9883E-05 9.9883E-05 9.9883E-05 9.9883E-05 9.9883E-05 9.9883E-05 9.9883E-05 9.9883E-05 0.880654 9.9883E-05 9.9883E-05 9.9883E-05
9.98918E-05 9.98918E-05 9.98918E-05 9.98918E-05 0.151165 9.98918E-05 9.98918E-05 9.98918E-05 9.98918E-05 0.0666947 9.98918E-05 9.98918E-05 9.98918E-05 0.780942 9.98918E-05
0.926809 9.99099E-05 9.99099E-05 9.99099E-05 9.99099E-05 9.99099E-05 0.0137743 9.99099E-05 0.0322969 9.99099E-05 9.99099E-05 0.0214104 0.00471016 9.99099E-05 9.99099E-05
0.017538 0.00190712 0.00530848 9.991E-05 9.991E-05 9.991E-05 9.991E-05 9.991E-05 9.991E-05 0.000684391 9.991E-05 9.991E-05 9.991E-05 9.991E-05 0.973563
9.99101E-05 9.99101E-05 9.99101E-05 9.99101E-05 0.0854887 9.99101E-05 9.99101E-05 0.824131 9.99101E-05 9.99101E-05 9.99101E-05 0.0237091 0.0310816 0.0345908 9.99101E-05
9.98901E-05 9.98901E-05 9.98901E-05 9.98901E-05 0.832685 9.98901E-05 0.00661235 0.0625265 9.98901E-05 0.0970777 9.98901E-05 9.98901E-05 9.98901E-05 9.98901E-05 9.98901E-05
9.98834E-05 9.98834E-05 9.98834E-05 9.98834E-05 9.98834E-05 9.98834E-05 9.98834E-05 0.981104 0.017598 9.98834E-05 9.98834E-05 9.98834E-05 9.98834E-05 9.98834E-05 9.98834E-05
9.98829E-05 9.98829E-05 9.98829E-05 9.98829E-05 9.98829E-05 9.98829E-05 9.98829E-05 0.894238 9.98829E-05 9.98829E-05 0.104464 9.98829E-05 9.98829E-05 9.98829E-05 9.98829E-05
9.99009E-05 9.99009E-05 9.99009E-05 9.99009E-05 9.99009E-05 9.99009E-05 9.99009E-05 0.835499 9.99009E-05 0.0742526 0.0528562 9.99009E-05 0.0362936 9.99009E-05 9.99009E-05
9.98833E-05 0.93354 9.98833E-05 9.98833E-05 9.98833E-05 9.98833E-05 9.98833E-05 9.98833E-05 9.98833E-05 9.98833E-05 9.98833E-05 9.98833E-05 9.98833E-05 0.0651619 9.98833E-05
9.98924E-05 9.98924E-05 9.98924E-05 9.98924E-05 9.98924E-05 9.98924E-05 0.066555 9.98924E-05 0.00607648 9.98924E-05 9.98924E-05 9.98924E-05 9.98924E-05 9.98924E-05 0.92617
0.0307134 0.0804914 9.99551E-05 9.99551E-05 0.16092 9.99551E-05 9.99551E-05 0.0433245 0.0731236 9.99551E-05 0.131145 0.140835 0.0894346 0.0233502 0.226164
9.99013E-05 9.99013E-05 9.99013E-05 0.0194049 0.0212234 9.99013E-05 0.178125 9.99013E-05 9.99013E-05 9.99013E-05 9.99013E-05 9.99013E-05 9.99013E-05 9.99013E-05 0.780147
9.9901E-05 9.9901E-05 0.0596725 0.0127162 9.9901E-05 9.9901E-05 9.9901E-05 9.9901E-05 0.0132014 9.9901E-05 9.9901E-05 9.9901E-05 9.9901E-05 9.9901E-05 0.913311
9.99101E-05 9.99101E-05 9.99101E-05 0.0487234 0.0341662 9.99101E-05 9.99101E-05 9.99101E-05 0.0213533 9.99101E-05 9.99101E-05 0.0336366 9.99101E-05 9.99101E-05 0.861121
0.0232859 9.99012E-05 9.99012E-05 9.99012E-05 0.0278584 9.99012E-05 9.99012E-05 9.99012E-05 0.017676 9.99012E-05 9.99012E-05 9.99012E-05 9.99012E-05 9.99012E-05 0.930081
9.99012E-05 9.99012E-05 9.99012E-05 0.15776 9.99012E-05 9.99012E-05 9.99012E-05 9.99012E-05 9.99012E-05 0.0275565 0.0351224 9.99012E-05 9.99012E-05 9.99012E-05 0.778462
9.991E-05 9.991E-05 0.0211259 0.000341543 9.991E-05 9.991E-05 9.991E-05 9.991E-05 0.00392717 0.0259213 9.991E-05 9.991E-05 9.991E-05 9.991E-05 0.947685
9.98829E-05 9.98829E-05 9.98829E-05 0.992205 9.98829E-05 9.98829E-05 0.00649675 9.98829E-05 9.98829E-05 9.98829E-05 9.98829E-05 9.98829E-05 9.98829E-05 9.98829E-05 9.98829E-05
9.98831E-05 9.98831E-05 9.98831E-05 0.940787 9.98831E-05 9.98831E-05 9.98831E-05 0.0579143 9.98831E-05 9.98831E-05 9.98831E-05 9.98831E-05 9.98831E-05 9.98831E-05 9.98831E-05
9.99102E-05 9.99102E-05 9.99102E-05 9.99102E-05 0.0131614 0.0114502 0.0258647 9.99102E-05 9.99102E-05 9.99102E-05 9.99102E-05 0.0155057 9.99102E-05 9.99102E-05 0.933019
9.9892E-05 9.9892E-05 0.00622049 0.00622148 0.986359 9.9892E-05 9.9892E-05 9.9892E-05 9.9892E-05 9.9892E-05 9.9892E-05 9.9892E-05 9.9892E-05 9.9892E-05 9.9892E-05
9.9892E-05 9.9892E-05 9.9892E-05 0.00662464 0.989394 9.9892E-05 9.9892E-05 9.9892E-05 9.9892E-05 9.9892E-05 9.9892E-05 0.00278273 9.9892E-05 9.9892E-05 9.9892E-05
9.98922E-05 9.98922E-05 9.98922E-05 9.98922E-05 9.98922E-05 9.98922E-05 9.98922E-05 9.98922E-05 9.98922E-05 9.98922E-05 9.98922E-05 9.98922E-05 0.995594 0.00308595 0.000120971
9.98743E-05 9.98743E-05 9.98743E-05 9.98743E-05 9.98743E-05 9.98743E-05 9.98743E-05 9.98743E-05 9.98743E-05 9.98743E-05 9.98743E-05 9.98743E-05 0.998602 9.98743E-05 9.98743E-05
0.0113953 9.99099E-05 9.99099E-05 9.99099E-05 0.11627 9.99099E-05 9.99099E-05 0.0296753 9.99099E-05 9.99099E-05 0.791895 9.99099E-05 9.99099E-05 0.0497653 9.99099E-05
0.0320561 9.9901E-05 9.9901E-05 9.9901E-05 0.09699 9.9901E-05 9.9901E-05 0.0842158 9.9901E-05 9.9901E-05 0.785639 9.9901E-05 9.9901E-05 9.9901E-05 9.9901E-05
9.99012E-05 9.99012E-05 9.99012E-05 0.00773988 0.0109268 9.99012E-05 9.99012E-05 9.99012E-05 9.99012E-05 9.99012E-05 0.00337193 9.99012E-05 0.976863 9.99012E-05 9.99012E-05
9.98832E-05 9.98832E-05 9.98832E-05 9.98832E-05 9.98832E-05 9.98832E-05 9.98832E-05 9.98832E-05 9.98832E-05 9.98832E-05 9.98832E-05 0.00164548 0.997056 9.98832E-05 9.98832E-05
9.98919E-05 9.98919E-05 9.98919E-05 9.98919E-05 9.98919E-05 9.98919E-05 9.98919E-05 0.0574495 9.98919E-05 9.98919E-05 9.98919E-05 0.0162759 9.98919E-05 0.925076 9.98919E-05
0.0658852 0.0631307 9.99369E-05 9.99369E-05 0.347986 9.99369E-05 9.99369E-05 0.138886 0.104936 0.0249853 0.202187 9.99369E-05 9.99369E-05 0.0513037 9.99369E-05
0.911705 9.98921E-05 9.98921E-05 9.98921E-05 9.98921E-05 9.98921E-05 9.98921E-05 9.98921E-05 0.0692678 9.98921E-05 9.98921E-05 0.0178289 9.98921E-05 9.98921E-05 9.98921E-05
9.9883E-05 9.9883E-05 9.9883E-05 9.9883E-05 9.9883E-05 0.0619433 9.9883E-05 9.9883E-05 9.9883E-05 0.936758 9.9883E-05 9.9883E-05 9.9883E-05 9.9883E-05 9.9883E-05
9.98921E-05 9.98921E-05 0.0293428 9.98921E-05 9.98921E-05 9.98921E-05 9.98921E-05 0.00396355 9.98921E-05 0.965495 9.98921E-05 9.98921E-05 9.98921E-05 9.98921E-05 9.98921E-05
9.99101E-05 0.0334429 9.99101E-05 0.679107 9.99101E-05 9.99101E-05 9.99101E-05 9.99101E-05 9.99101E-05 9.99101E-05 9.99101E-05 0.0286283 0.0465947 9.99101E-05 0.211228
