9.99189E-05 0.002556 9.99189E-05 9.99189E-05 0.015404 9.99189E-05 9.99189E-05 0.959534 9.99189E-05 9.99189E-05 9.99189E-05 9.99189E-05 0.0216068
0.110928 0.0344744 9.99458E-05 9.99458E-05 0.0257104 9.99458E-05 0.554446 0.141231 9.99458E-05 9.99458E-05 0.123759 9.99458E-05 0.00885092
0.791432 9.99376E-05 0.0229675 9.99376E-05 9.99376E-05 0.0565383 0.0302708 9.99376E-05 9.99376E-05 0.0465574 9.99376E-05 9.99376E-05 0.051534
0.894089 9.99099E-05 9.99099E-05 9.99099E-05 9.99099E-05 9.99099E-05 9.99099E-05 9.99099E-05 9.99099E-05 9.99099E-05 9.99099E-05 0.0979211 0.00699035
0.387171 9.99461E-05 9.99461E-05 0.025658 0.143727 9.99461E-05 0.280068 0.0451257 0.0118261 0.105824 9.99461E-05 9.99461E-05 9.99461E-05
0.986919 9.9901E-05 9.9901E-05 0.011982 9.9901E-05 9.9901E-05 9.9901E-05 9.9901E-05 9.9901E-05 9.9901E-05 9.9901E-05 9.9901E-05 9.9901E-05
9.98921E-05 9.98921E-05 9.98921E-05 9.98921E-05 9.98921E-05 9.98921E-05 9.98921E-05 9.98921E-05 9.98921E-05 0.998801 9.98921E-05 9.98921E-05 9.98921E-05
0.114915 9.99369E-05 9.99369E-05 9.99369E-05 0.0444403 9.99369E-05 0.703392 9.99369E-05 0.0965705 9.99369E-05 9.99369E-05 0.0183818 0.0216007
9.991E-05 0.002946 9.991E-05 9.991E-05 9.991E-05 9.991E-05 9.991E-05 9.991E-05 0.025211 0.970844 9.991E-05 9.991E-05 9.991E-05
9.99011E-05 9.99011E-05 9.99011E-05 9.99011E-05 0.905772 9.99011E-05 9.99011E-05 9.99011E-05 9.99011E-05 0.0931293 9.99011E-05 9.99011E-05 9.99011E-05
9.99011E-05 9.99011E-05 9.99011E-05 9.99011E-05 0.906203 9.99011E-05 9.99011E-05 9.99011E-05 9.99011E-05 0.0926979 9.99011E-05 9.99011E-05 9.99011E-05
9.9919E-05 9.9919E-05 9.9919E-05 9.9919E-05 9.9919E-05 0.207716 9.9919E-05 0.6356 9.9919E-05 9.9919E-05 9.9919E-05 0.0463349 0.10945
9.99102E-05 9.99102E-05 9.99102E-05 9.99102E-05 9.99102E-05 0.953095 9.99102E-05 9.99102E-05 9.99102E-05 0.0189563 9.99102E-05 0.0269496 9.99102E-05
0.982415 0.0109754 0.00561092 9.991E-05 9.991E-05 9.991E-05 9.991E-05 9.991E-05 9.991E-05 9.991E-05 9.991E-05 9.991E-05 9.991E-05
0.956695 9.9919E-05 0.00429934 0.000223343 9.9919E-05 9.9919E-05 9.9919E-05 0.0378829 9.9919E-05 9.9919E-05 9.9919E-05 9.9919E-05 9.9919E-05
9.9928E-05 0.0105974 9.9928E-05 9.9928E-05 0.000101785 0.19077 9.9928E-05 9.9928E-05 0.00112723 9.9928E-05 0.796604 9.9928E-05 9.9928E-05
9.99009E-05 0.913484 9.99009E-05 9.99009E-05 0.0854173 9.99009E-05 9.99009E-05 9.99009E-05 9.99009E-05 9.99009E-05 9.99009E-05 9.99009E-05 9.99009E-05
9.99279E-05 9.99279E-05 0.721628 9.99279E-05 0.121975 9.99279E-05 9.99279E-05 0.0434155 0.0384916 9.99279E-05 0.0736904 9.99279E-05 9.99279E-05
9.9901E-05 9.9901E-05 0.892175 9.9901E-05 9.9901E-05 9.9901E-05 9.9901E-05 9.9901E-05 9.9901E-05 9.9901E-05 9.9901E-05 9.9901E-05 0.106726
9.9937E-05 0.0482347 9.9937E-05 0.0198696 0.449016 9.9937E-05 9.9937E-05 0.0840289 9.9937E-05 9.9937E-05 0.372628 9.9937E-05 0.0255232
9.98921E-05 9.98921E-05 0.998801 9.98921E-05 9.98921E-05 9.98921E-05 9.98921E-05 9.98921E-05 9.98921E-05 9.98921E-05 9.98921E-05 9.98921E-05 9.98921E-05
9.99279E-05 0.103269 9.99279E-05 9.99279E-05 0.0655325 0.0559468 9.99279E-05 0.506593 9.99279E-05 9.99279E-05 0.26786 9.99279E-05 9.99279E-05
9.98919E-05 9.98919E-05 9.98919E-05 0.998801 9.98919E-05 9.98919E-05 9.98919E-05 9.98919E-05 9.98919E-05 9.98919E-05 9.98919E-05 9.98919E-05 9.98919E-05
9.99008E-05 9.99008E-05 0.769386 0.229515 9.99008E-05 9.99008E-05 9.99008E-05 9.99008E-05 9.99008E-05 9.99008E-05 9.99008E-05 9.99008E-05 9.99008E-05
0.334851 9.99012E-05 9.99012E-05 9.99012E-05 9.99012E-05 9.99012E-05 9.99012E-05 9.99012E-05 9.99012E-05 9.99012E-05 9.99012E-05 0.66405 9.99012E-05
0.739283 9.99011E-05 9.99011E-05 9.99011E-05 9.99011E-05 9.99011E-05 9.99011E-05 9.99011E-05 9.99011E-05 9.99011E-05 9.99011E-05 0.259619 9.99011E-05
9.99278E-05 0.0464839 9.99278E-05 9.99278E-05 0.0968041 0.782908 9.99278E-05 0.0440284 9.99278E-05 9.99278E-05 9.99278E-05 9.99278E-05 0.0289758
9.9901E-05 9.9901E-05 9.9901E-05 9.9901E-05 9.9901E-05 9.9901E-05 9.9901E-05 9.9901E-05 0.00719427 9.9901E-05 9.9901E-05 0.991707 9.9901E-05
9.98921E-05 9.98921E-05 9.98921E-05 9.98921E-05 9.98921E-05 9.98921E-05 9.98921E-05 9.98921E-05 9.98921E-05 9.98921E-05 9.98921E-05 0.998801 9.98921E-05
0.392506 9.99372E-05 9.99372E-05 9.99372E-05 9.99372E-05 0.0342375 0.213131 9.99372E-05 0.111519 9.99372E-05 9.99372E-05 0.211546 0.0363614
0.366439 0.0202249 9.9928E-05 9.9928E-05 9.9928E-05 9.9928E-05 0.473826 9.9928E-05 0.0839168 9.9928E-05 9.9928E-05 0.0547941 9.9928E-05
9.99101E-05 9.99101E-05 9.99101E-05 9.99101E-05 9.99101E-05 9.99101E-05 0.806596 0.116924 9.99101E-05 9.99101E-05 0.075481 9.99101E-05 9.99101E-05
0.497157 0.00491691 9.99191E-05 9.99191E-05 9.99191E-05 9.99191E-05 0.0239244 9.99191E-05 9.99191E-05 9.99191E-05 9.99191E-05 0.473103 9.99191E-05
9.99102E-05 9.99102E-05 9.99102E-05 9.99102E-05 9.99102E-05 9.99102E-05 0.26145 9.99102E-05 0.710715 9.99102E-05 9.99102E-05 0.0268361 9.99102E-05
9.99368E-05 0.31859 9.99368E-05 9.99368E-05 0.0733743 0.491205 9.99368E-05 9.99368E-05 0.0181637 9.99368E-05 9.99368E-05 0.0086533 0.0893148
0.314641 0.00442903 9.99189E-05 9.99189E-05 9.99189E-05 9.99189E-05 9.99189E-05 9.99189E-05 9.99189E-05 0.00644307 9.99189E-05 0.673588 9.99189E-05
0.0114285 0.0226512 9.99101E-05 9.99101E-05 9.99101E-05 9.99101E-05 9.99101E-05 0.964921 9.99101E-05 9.99101E-05 9.99101E-05 9.99101E-05 9.99101E-05
9.99189E-05 9.99189E-05 9.99189E-05 0.0577688 0.589222 9.99189E-05 0.208634 0.143476 9.99189E-05 9.99189E-05 9.99189E-05 9.99189E-05 9.99189E-05
9.9901E-05 0.99243 9.9901E-05 9.9901E-05 9.9901E-05 9.9901E-05 0.0064711 9.9901E-05 9.9901E-05 9.9901E-05 9.9901E-05 9.9901E-05 9.9901E-05
0.108351 0.169778 9.99278E-05 9.99278E-05 0.184411 9.99278E-05 9.99278E-05 0.196984 9.99278E-05 9.99278E-05 0.339677 9.99278E-05 9.99278E-05
0.0661697 0.148193 0.00993137 9.99459E-05 0.192802 9.99459E-05 9.99459E-05 0.27562 9.99459E-05 9.99459E-05 0.30472 9.99459E-05 0.00196427
9.9928E-05 0.0266403 9.9928E-05 9.9928E-05 0.891221 0.0140502 9.9928E-05 0.0624674 9.9928E-05 9.9928E-05 0.00482157 9.9928E-05 9.9928E-05
9.9919E-05 9.9919E-05 9.9919E-05 9.9919E-05 9.9919E-05 0.0300568 9.9919E-05 0.0125364 9.9919E-05 0.0644947 0.892013 9.9919E-05 9.9919E-05
9.9919E-05 9.9919E-05 9.9919E-05 9.9919E-05 0.929967 0.046978 9.9919E-05 0.0014736 9.9919E-05 9.9919E-05 9.9919E-05 9.9919E-05 0.0206826
9.99459E-05 9.99459E-05 9.99459E-05 0.444863 0.246897 0.118317 9.99459E-05 0.077985 0.00748822 0.025959 0.07789 9.99459E-05 9.99459E-05
0.0886413 9.99369E-05 9.99369E-05 0.218084 0.298645 0.00881076 9.99369E-05 0.130585 9.99369E-05 9.99369E-05 0.254535 9.99369E-05 9.99369E-05
0.0902741 0.206721 9.9955E-05 0.0559799 0.28784 0.118705 9.9955E-05 0.187299 0.0500418 0.00263888 9.9955E-05 9.9955E-05 9.9955E-05
9.99017E-05 9.99017E-05 0.00577607 9.99017E-05 9.99017E-05 9.99017E-05 9.99017E-05 0.993125 9.99017E-05 9.99017E-05 9.99017E-05 9.99017E-05 9.99017E-05
9.98921E-05 9.98921E-05 9.98921E-05 9.98921E-05 9.98921E-05 9.98921E-05 9.98921E-05 9.98921E-05 0.998801 9.98921E-05 9.98921E-05 9.98921E-05 9.98921E-05
9.98921E-05 9.98921E-05 9.98921E-05 9.98921E-05 9.98921E-05 9.98921E-05 9.98921E-05 9.98921E-05 0.998801 9.98921E-05 9.98921E-05 9.98921E-05 9.98921E-05
9.98922E-05 9.98922E-05 9.98922E-05 9.98922E-05 9.98922E-05 9.98922E-05 9.98922E-05 9.98922E-05 0.998801 9.98922E-05 9.98922E-05 9.98922E-05 9.98922E-05
9.98922E-05 9.98922E-05 9.98922E-05 9.98922E-05 9.98922E-05 9.98922E-05 9.98922E-05 9.98922E-05 0.998801 9.98922E-05 9.98922E-05 9.98922E-05 9.98922E-05
0.00300961 9.99011E-05 9.99011E-05 9.99011E-05 9.99011E-05 9.99011E-05 9.99011E-05 9.99011E-05 0.995891 9.99011E-05 9.99011E-05 9.99011E-05 9.99011E-05
0.0296005 9.99461E-05 0.0301116 9.99461E-05 9.99461E-05 9.99461E-05 0.259278 9.99461E-05 0.38022 0.0705522 0.0776948 0.151943 9.99461E-05
9.99101E-05 9.99101E-05 9.99101E-05 9.99101E-05 9.99101E-05 9.99101E-05 9.99101E-05 0.0360994 0.948066 9.99101E-05 0.0148353 9.99101E-05 9.99101E-05
9.99098E-05 9.99098E-05 9.99098E-05 9.99098E-05 9.99098E-05 0.0293757 9.99098E-05 0.803973 9.99098E-05 9.99098E-05 0.165652 9.99098E-05 9.99098E-05
9.99458E-05 9.99458E-05 9.99458E-05 9.99458E-05 0.0106164 9.99458E-05 0.651169 0.119983 0.0650037 0.0716282 0.0690715 9.99458E-05 0.0119283
0.508152 0.00405029 9.99099E-05 9.99099E-05 9.99099E-05 9.99099E-05 9.99099E-05 9.99099E-05 9.99099E-05 9.99099E-05 9.99099E-05 0.486798 9.99099E-05
9.99191E-05 9.99191E-05 9.99191E-05 9.99191E-05 9.99191E-05 0.870687 9.99191E-05 9.99191E-05 0.0107919 9.99191E-05 0.0982979 9.99191E-05 0.0193242
9.99013E-05 9.99013E-05 9.99013E-05 9.99013E-05 9.99013E-05 0.0947643 9.99013E-05 9.99013E-05 9.99013E-05 9.99013E-05 0.904137 9.99013E-05 9.99013E-05
9.99013E-05 9.99013E-05 9.99013E-05 9.99013E-05 9.99013E-05 0.936419 9.99013E-05 9.99013E-05 9.99013E-05 0.0624818 9.99013E-05 9.99013E-05 9.99013E-05
9.99099E-05 9.99099E-05 9.99099E-05 9.99099E-05 0.0931744 0.903605 9.99099E-05 9.99099E-05 9.99099E-05 9.99099E-05 0.0022219 9.99099E-05 9.99099E-05
9.99098E-05 9.99098E-05 9.99098E-05 9.99098E-05 0.110628 0.826415 9.99098E-05 9.99098E-05 9.99098E-05 9.99098E-05 9.99098E-05 9.99098E-05 0.0619573
9.99012E-05 9.99012E-05 0.908428 9.99012E-05 9.99012E-05 9.99012E-05 9.99012E-05 0.0904729 9.99012E-05 9.99012E-05 9.99012E-05 9.99012E-05 9.99012E-05
0.30762 9.99014E-05 9.99014E-05 9.99014E-05 9.99014E-05 9.99014E-05 9.99014E-05 9.99014E-05 9.99014E-05 9.99014E-05 9.99014E-05 0.691281 9.99014E-05
0.068981 0.0702503 0.0208279 0.0715854 0.023007 0.0655577 0.0780502 0.19445 0.0952367 0.0707846 0.00625954 0.151825 0.0831848
0.931481 9.99372E-05 9.99372E-05 9.99372E-05 9.99372E-05 9.99372E-05 0.0296407 9.99372E-05 0.0135141 0.00448064 0.0125551 0.00762917 9.99372E-05
0.652974 0.00807556 9.99369E-05 9.99369E-05 9.99369E-05 9.99369E-05 9.99369E-05 0.0294264 0.032057 0.0258405 9.99369E-05 0.250927 9.99369E-05
9.9919E-05 9.9919E-05 9.9919E-05 9.9919E-05 9.9919E-05 0.00248321 9.9919E-05 0.000102242 9.9919E-05 9.9919E-05 0.00681601 0.989699 9.9919E-05
9.98922E-05 9.98922E-05 9.98922E-05 9.98922E-05 9.98922E-05 9.98922E-05 9.98922E-05 9.98922E-05 9.98922E-05 9.98922E-05 9.98922E-05 0.998801 9.98922E-05
0.710888 9.99371E-05 9.99371E-05 9.99371E-05 0.00413484 9.99371E-05 0.104509 0.0316766 9.99371E-05 0.02691 9.99371E-05 0.121183 9.99371E-05
0.428708 0.0339124 9.99098E-05 9.99098E-05 9.99098E-05 9.99098E-05 9.99098E-05 9.99098E-05 9.99098E-05 9.99098E-05 9.99098E-05 0.536381 9.99098E-05
0.0952489 9.99101E-05 9.99101E-05 9.99101E-05 9.99101E-05 9.99101E-05 0.90239 9.99101E-05 0.00136243 9.99101E-05 9.99101E-05 9.99101E-05 9.99101E-05
9.99192E-05 9.99192E-05 9.99192E-05 9.99192E-05 9.99192E-05 0.048 0.801861 9.99192E-05 9.99192E-05 0.00661085 9.99192E-05 0.142629 9.99192E-05
0.91506 9.991E-05 9.991E-05 9.991E-05 9.991E-05 9.991E-05 9.991E-05 9.991E-05 0.0369005 9.991E-05 9.991E-05 0.0470404 9.991E-05
9.991E-05 9.991E-05 9.991E-05 9.991E-05 9.991E-05 9.991E-05 0.00805084 9.991E-05 0.011717 9.991E-05 0.979233 9.991E-05 9.991E-05
9.99099E-05 9.99099E-05 9.99099E-05 9.99099E-05 9.99099E-05 9.99099E-05 9.99099E-05 9.99099E-05 0.00866137 0.00791525 0.982424 9.99099E-05 9.99099E-05
9.99012E-05 9.99012E-05 9.99012E-05 9.99012E-05 9.99012E-05 9.99012E-05 9.99012E-05 0.000278941 9.99012E-05 9.99012E-05 9.99012E-05 9.99012E-05 0.998622
9.98922E-05 9.98922E-05 9.98922E-05 9.98922E-05 9.98922E-05 9.98922E-05 9.98922E-05 9.98922E-05 9.98922E-05 9.98922E-05 9.98922E-05 9.98922E-05 0.998801
9.9928E-05 9.9928E-05 9.9928E-05 9.9928E-05 0.817379 9.9928E-05 0.00562817 0.0322743 9.9928E-05 9.9928E-05 0.118518 0.0254013 9.9928E-05
9.9937E-05 9.9937E-05 0.00178736 9.9937E-05 0.777159 0.0441402 9.9937E-05 9.9937E-05 9.9937E-05 0.0227818 0.115809 0.0376231 9.9937E-05
9.99281E-05 9.99281E-05 9.99281E-05 0.0191081 0.000577877 9.99281E-05 0.0157949 9.99281E-05 9.99281E-05 9.99281E-05 0.0026889 9.99281E-05 0.961031
9.99101E-05 9.99101E-05 9.99101E-05 9.99101E-05 9.99101E-05 9.99101E-05 9.99101E-05 0.000825373 0.0039685 9.99101E-05 9.99101E-05 9.99101E-05 0.994207
9.99099E-05 9.99099E-05 9.99099E-05 9.99099E-05 9.99099E-05 0.0325928 9.99099E-05 0.965982 0.000426107 9.99099E-05 9.99099E-05 9.99099E-05 9.99099E-05
9.99459E-05 9.99459E-05 0.0711476 0.0123244 0.122479 0.123226 9.99459E-05 0.038012 9.99459E-05 0.135647 0.496564 9.99459E-05 9.99459E-05
9.99277E-05 9.99277E-05 9.99277E-05 9.99277E-05 9.99277E-05 9.99277E-05 0.633874 0.13815 0.0878082 0.0861463 0.0532218 9.99277E-05 9.99277E-05
0.000783982 9.99189E-05 9.99189E-05 0.746482 9.99189E-05 0.214876 9.99189E-05 9.99189E-05 9.99189E-05 9.99189E-05 9.99189E-05 0.0369594 9.99189E-05
9.99372E-05 0.335107 9.99372E-05 0.143695 9.99372E-05 0.292819 9.99372E-05 0.138226 9.99372E-05 9.99372E-05 0.00340144 9.99372E-05 0.0860512
0.113555 9.99372E-05 0.0185364 9.99372E-05 9.99372E-05 9.99372E-05 0.527712 9.99372E-05 0.0606849 9.99372E-05 9.99372E-05 0.267543 0.0112688
