9.99008E-05 9.99008E-05 9.99008E-05 9.99008E-05 9.99008E-05 9.99008E-05 0.0884211 9.99008E-05 9.99008E-05 9.99008E-05 9.99008E-05 9.99008E-05 0.91048
9.99187E-05 0.207329 9.99187E-05 9.99187E-05 9.99187E-05 9.99187E-05 9.99187E-05 9.99187E-05 0.62817 9.99187E-05 9.99187E-05 0.088724 0.0748784
9.994E-05 0.46306 0.0350934 0.254617 0.0770459 0.138078 9.994E-05 9.994E-05 0.0114105 9.994E-05 0.0200952 9.994E-05 9.994E-05
9.991E-05 0.937248 9.991E-05 9.991E-05 9.991E-05 9.991E-05 9.991E-05 9.991E-05 9.991E-05 0.0339168 0.0278357 9.991E-05 9.991E-05
9.99383E-05 0.282368 9.99383E-05 0.19542 9.99383E-05 9.99383E-05 0.103304 9.99383E-05 0.35963 0.00303968 9.99383E-05 0.0555391 9.99383E-05
9.991E-05 0.9912 9.991E-05 0.0012221 9.991E-05 9.991E-05 9.991E-05 9.991E-05 9.991E-05 9.991E-05 9.991E-05 0.00657885 9.991E-05
0.0186319 9.99102E-05 9.99102E-05 9.99102E-05 0.294145 9.99102E-05 9.99102E-05 9.99102E-05 0.686224 9.99102E-05 9.99102E-05 9.99102E-05 9.99102E-05
9.99369E-05 9.99369E-05 9.99369E-05 0.659424 9.99369E-05 0.0898339 0.0673273 9.99369E-05 0.0843679 0.0650411 0.0333063 9.99369E-05 9.99369E-05
0.0167662 9.99101E-05 9.99101E-05 9.99101E-05 0.213547 9.99101E-05 9.99101E-05 9.99101E-05 0.768687 9.99101E-05 9.99101E-05 9.99101E-05 9.99101E-05
9.99013E-05 9.99013E-05 9.99013E-05 9.99013E-05 9.99013E-05 9.99013E-05 0.998545 9.99013E-05 0.000356145 9.99013E-05 9.99013E-05 9.99013E-05 9.99013E-05
9.98923E-05 9.98923E-05 9.98923E-05 9.98923E-05 9.98923E-05 9.98923E-05 0.998801 9.98923E-05 9.98923E-05 9.98923E-05 9.98923E-05 9.98923E-05 9.98923E-05
9.99281E-05 9.99281E-05 9.99281E-05 0.000697556 0.176668 0.0106732 9.99281E-05 9.99281E-05 9.99281E-05 9.99281E-05 0.136123 9.99281E-05 0.675039
9.98923E-05 9.98923E-05 9.98923E-05 9.98923E-05 0.998801 9.98923E-05 9.98923E-05 9.98923E-05 9.98923E-05 9.98923E-05 9.98923E-05 9.98923E-05 9.98923E-05
9.9919E-05 0.965702 0.0282416 9.9919E-05 0.00246083 9.9919E-05 9.9919E-05 9.9919E-05 9.9919E-05 9.9919E-05 9.9919E-05 0.00269682 9.9919E-05
9.991E-05 0.971369 0.00821263 9.991E-05 9.991E-05 9.991E-05 9.991E-05 9.991E-05 9.991E-05 9.991E-05 9.991E-05 9.991E-05 0.019419
0.815617 9.99101E-05 9.99101E-05 9.99101E-05 0.145438 9.99101E-05 0.0379456 9.99101E-05 9.99101E-05 9.99101E-05 9.99101E-05 9.99101E-05 9.99101E-05
9.99009E-05 9.99009E-05 9.99009E-05 9.99009E-05 9.99009E-05 9.99009E-05 0.0888534 9.99009E-05 9.99009E-05 9.99009E-05 9.99009E-05 0.910048 9.99009E-05
0.00446641 9.99279E-05 0.789867 9.99279E-05 9.99279E-05 9.99279E-05 0.180744 9.99279E-05 0.0131413 0.0109818 9.99279E-05 9.99279E-05 9.99279E-05
9.98921E-05 9.98921E-05 9.98921E-05 9.98921E-05 9.98921E-05 9.98921E-05 9.98921E-05 0.998801 9.98921E-05 9.98921E-05 9.98921E-05 9.98921E-05 9.98921E-05
0.337489 9.99369E-05 9.99369E-05 9.99369E-05 9.99369E-05 9.99369E-05 0.444085 0.0367736 9.99369E-05 9.99369E-05 0.0439622 0.0344952 0.102496
9.9901E-05 9.9901E-05 0.892652 9.9901E-05 9.9901E-05 9.9901E-05 9.9901E-05 0.106249 9.9901E-05 9.9901E-05 9.9901E-05 9.9901E-05 9.9901E-05
0.337492 9.99369E-05 9.99369E-05 9.99369E-05 0.0673983 9.99369E-05 0.100868 0.0156178 9.99369E-05 9.99369E-05 9.99369E-05 0.0354478 0.442477
9.9937E-05 9.9937E-05 9.9937E-05 9.9937E-05 9.9937E-05 0.00588141 0.206902 0.418554 9.9937E-05 0.0231588 0.0824503 0.262353 9.9937E-05
9.98919E-05 9.98919E-05 9.98919E-05 9.98919E-05 9.98919E-05 9.98919E-05 9.98919E-05 0.998801 9.98919E-05 9.98919E-05 9.98919E-05 9.98919E-05 9.98919E-05
9.99012E-05 0.387297 9.99012E-05 9.99012E-05 9.99012E-05 0.611604 9.99012E-05 9.99012E-05 9.99012E-05 9.99012E-05 9.99012E-05 9.99012E-05 9.99012E-05
9.99011E-05 0.808327 9.99011E-05 9.99011E-05 9.99011E-05 0.190575 9.99011E-05 9.99011E-05 9.99011E-05 9.99011E-05 9.99011E-05 9.99011E-05 9.99011E-05
9.99278E-05 9.99278E-05 9.99278E-05 9.99278E-05 0.755441 9.99278E-05 0.0757081 9.99278E-05 9.99278E-05 9.99278E-05 0.0679495 0.0163696 0.0837323
9.9892E-05 9.9892E-05 9.9892E-05 9.9892E-05 9.9892E-05 0.998801 9.9892E-05 9.9892E-05 9.9892E-05 9.9892E-05 9.9892E-05 9.9892E-05 9.9892E-05
9.9901E-05 9.9901E-05 9.9901E-05 9.9901E-05 0.00380178 0.995099 9.9901E-05 9.9901E-05 9.9901E-05 9.9901E-05 9.9901E-05 9.9901E-05 9.9901E-05
9.99371E-05 0.2898 0.0374488 0.180261 9.99371E-05 0.313036 9.99371E-05 9.99371E-05 9.99371E-05 0.148728 0.030027 9.99371E-05 9.99371E-05
9.99369E-05 0.218485 9.99369E-05 0.469952 9.99369E-05 0.181761 9.99369E-05 9.99369E-05 9.99369E-05 0.0862249 0.0186962 0.0241809 9.99369E-05
9.99192E-05 0.00784117 9.99192E-05 9.99192E-05 9.99192E-05 9.99192E-05 9.99192E-05 9.99192E-05 0.980882 0.00514373 9.99192E-05 9.99192E-05 0.00523395
9.99191E-05 0.589921 9.99191E-05 0.165044 9.99191E-05 0.232958 9.99191E-05 9.99191E-05 9.99191E-05 9.99191E-05 9.99191E-05 0.0111771 9.99191E-05
9.99461E-05 9.99461E-05 9.99461E-05 0.252962 9.99461E-05 0.0106058 0.012078 9.99461E-05 0.0492551 0.666548 0.00748587 0.000466039 9.99461E-05
9.99457E-05 9.99457E-05 9.99457E-05 0.0411261 0.465486 0.0128782 0.0482908 9.99457E-05 9.99457E-05 9.99457E-05 0.100821 0.299901 0.0308971
9.99189E-05 0.448951 9.99189E-05 9.99189E-05 9.99189E-05 0.536763 9.99189E-05 9.99189E-05 0.00993736 9.99189E-05 9.99189E-05 0.00344991 9.99189E-05
9.991E-05 9.991E-05 9.991E-05 0.0325963 9.991E-05 9.991E-05 9.991E-05 9.991E-05 9.991E-05 9.991E-05 9.991E-05 0.0144381 0.951967
9.994E-05 0.0173902 0.0251931 0.00284057 9.994E-05 9.994E-05 0.627491 9.994E-05 0.191638 9.994E-05 9.994E-05 0.0386704 0.0961764
9.99009E-05 9.99009E-05 9.99009E-05 0.00846767 9.99009E-05 9.99009E-05 9.99009E-05 9.99009E-05 9.99009E-05 9.99009E-05 9.99009E-05 0.990433 9.99009E-05
0.327546 0.0984069 9.99278E-05 9.99278E-05 9.99278E-05 9.99278E-05 0.240549 9.99278E-05 9.99278E-05 9.99278E-05 9.99278E-05 0.177885 0.154814
0.308704 0.0673051 0.0143415 9.99368E-05 9.99368E-05 9.99368E-05 0.271464 9.99368E-05 9.99368E-05 9.99368E-05 9.99368E-05 0.0911222 0.246364
0.00520242 9.99369E-05 9.99369E-05 9.99369E-05 0.0120081 9.99369E-05 0.879889 0.00909214 9.99369E-05 9.99369E-05 9.99369E-05 0.0339756 0.0591334
0.849844 9.9919E-05 9.9919E-05 9.9919E-05 0.0856388 9.9919E-05 0.0529864 9.9919E-05 0.0106314 9.9919E-05 9.9919E-05 9.9919E-05 9.9919E-05
9.9928E-05 9.9928E-05 9.9928E-05 9.9928E-05 0.00375608 9.9928E-05 0.936148 9.9928E-05 9.9928E-05 9.9928E-05 0.00939285 0.0114995 0.0384046
0.0684703 9.99459E-05 9.99459E-05 9.99459E-05 0.179905 9.99459E-05 0.399327 0.140875 0.0517537 9.99459E-05 0.0873904 9.99459E-05 0.0716789
0.203259 0.111468 0.0418766 9.9946E-05 0.0374135 9.9946E-05 0.447985 9.9946E-05 9.9946E-05 9.9946E-05 0.00721866 9.9946E-05 0.15018
9.996E-05 0.0727714 9.996E-05 9.996E-05 0.182471 0.00373515 0.257929 9.996E-05 0.0179796 0.0450515 0.000531683 0.211707 0.207423
9.99016E-05 9.99016E-05 0.0319869 9.99016E-05 9.99016E-05 9.99016E-05 9.99016E-05 9.99016E-05 9.99016E-05 9.99016E-05 9.99016E-05 9.99016E-05 0.966914
9.98921E-05 9.98921E-05 9.98921E-05 9.98921E-05 9.98921E-05 9.98921E-05 9.98921E-05 9.98921E-05 9.98921E-05 0.998801 9.98921E-05 9.98921E-05 9.98921E-05
9.99137E-05 9.99137E-05 9.99137E-05 9.99137E-05 9.99137E-05 0.00683506 9.99137E-05 0.00805415 9.99137E-05 0.984112 9.99137E-05 9.99137E-05 9.99137E-05
9.99011E-05 9.99011E-05 9.99011E-05 9.99011E-05 9.99011E-05 9.99011E-05 0.0145712 9.99011E-05 9.99011E-05 0.98433 9.99011E-05 9.99011E-05 9.99011E-05
9.98922E-05 9.98922E-05 9.98922E-05 9.98922E-05 9.98922E-05 9.98922E-05 9.98922E-05 9.98922E-05 9.98922E-05 0.998801 9.98922E-05 9.98922E-05 9.98922E-05
9.98921E-05 9.98921E-05 9.98921E-05 9.98921E-05 9.98921E-05 9.98921E-05 9.98921E-05 9.98921E-05 9.98921E-05 0.998801 9.98921E-05 9.98921E-05 9.98921E-05
0.0924972 0.0653319 9.99461E-05 0.230183 9.99461E-05 0.0843404 9.99461E-05 0.030584 0.101062 0.395402 9.99461E-05 9.99461E-05 9.99461E-05
9.99191E-05 9.99191E-05 9.99191E-05 9.99191E-05 9.99191E-05 9.99191E-05 9.99191E-05 9.99191E-05 0.0312847 0.952047 9.99191E-05 0.0109447 0.00482427
0.1526 9.99099E-05 9.99099E-05 9.99099E-05 0.0241756 9.99099E-05 9.99099E-05 9.99099E-05 9.99099E-05 9.99099E-05 9.99099E-05 9.99099E-05 0.822225
9.99188E-05 9.99188E-05 9.99188E-05 9.99188E-05 9.99188E-05 0.0279437 9.99188E-05 9.99188E-05 0.890105 0.0647283 0.016324 9.99188E-05 9.99188E-05
9.99009E-05 0.535121 9.99009E-05 9.99009E-05 9.99009E-05 0.46378 9.99009E-05 9.99009E-05 9.99009E-05 9.99009E-05 9.99009E-05 9.99009E-05 9.99009E-05
0.084076 9.9928E-05 9.9928E-05 9.9928E-05 0.763942 9.9928E-05 9.9928E-05 9.9928E-05 9.9928E-05 0.00967353 0.0309837 9.9928E-05 0.110525
0.899474 9.99013E-05 9.99013E-05 9.99013E-05 0.0994273 9.99013E-05 9.99013E-05 9.99013E-05 9.99013E-05 9.99013E-05 9.99013E-05 9.99013E-05 9.99013E-05
9.99013E-05 9.99013E-05 9.99013E-05 0.00488215 0.994019 9.99013E-05 9.99013E-05 9.99013E-05 9.99013E-05 9.99013E-05 9.99013E-05 9.99013E-05 9.99013E-05
9.99099E-05 0.00248163 9.99099E-05 9.99099E-05 0.864509 9.99099E-05 0.132011 9.99099E-05 9.99099E-05 9.99099E-05 9.99099E-05 9.99099E-05 9.99099E-05
9.99098E-05 9.99098E-05 9.99098E-05 9.99098E-05 0.796025 9.99098E-05 0.143125 9.99098E-05 9.99098E-05 9.99098E-05 0.059851 9.99098E-05 9.99098E-05
9.98922E-05 9.98922E-05 0.998801 9.98922E-05 9.98922E-05 9.98922E-05 9.98922E-05 9.98922E-05 9.98922E-05 9.98922E-05 9.98922E-05 9.98922E-05 9.98922E-05
9.99014E-05 0.350351 9.99014E-05 9.99014E-05 9.99014E-05 0.64855 9.99014E-05 9.99014E-05 9.99014E-05 9.99014E-05 9.99014E-05 9.99014E-05 9.99014E-05
0.108491 0.187636 0.0590792 0.0795843 0.113561 0.0631937 0.0842645 9.9982E-05 0.118975 0.0546131 0.0207869 0.109616 9.9982E-05
9.99102E-05 0.904007 9.99102E-05 0.0740258 9.99102E-05 9.99102E-05 9.99102E-05 9.99102E-05 9.99102E-05 0.0209678 9.99102E-05 9.99102E-05 9.99102E-05
9.9919E-05 0.714757 9.9919E-05 9.9919E-05 9.9919E-05 0.210847 9.9919E-05 9.9919E-05 9.9919E-05 0.0251514 9.9919E-05 0.0483459 9.9919E-05
0.0311306 9.9901E-05 9.9901E-05 9.9901E-05 9.9901E-05 0.96777 9.9901E-05 9.9901E-05 9.9901E-05 9.9901E-05 9.9901E-05 9.9901E-05 9.9901E-05
9.98921E-05 9.98921E-05 9.98921E-05 9.98921E-05 9.98921E-05 0.998801 9.98921E-05 9.98921E-05 9.98921E-05 9.98921E-05 9.98921E-05 9.98921E-05 9.98921E-05
9.99371E-05 0.640286 9.99371E-05 0.125785 9.99371E-05 0.150044 0.0436637 9.99371E-05 9.99371E-05 9.99371E-05 0.00523921 9.99371E-05 0.0342828
9.99099E-05 0.528719 9.99099E-05 9.99099E-05 9.99099E-05 0.446249 9.99099E-05 9.99099E-05 9.99099E-05 9.99099E-05 9.99099E-05 0.0240324 9.99099E-05
9.98918E-05 9.98918E-05 9.98918E-05 0.998801 9.98918E-05 9.98918E-05 9.98918E-05 9.98918E-05 9.98918E-05 9.98918E-05 9.98918E-05 9.98918E-05 9.98918E-05
9.99009E-05 9.99009E-05 9.99009E-05 0.935689 0.0632118 9.99009E-05 9.99009E-05 9.99009E-05 9.99009E-05 9.99009E-05 9.99009E-05 9.99009E-05 9.99009E-05
0.0402292 0.874989 9.99191E-05 9.99191E-05 9.99191E-05 0.0375679 9.99191E-05 9.99191E-05 9.99191E-05 0.0463142 9.99191E-05 9.99191E-05 9.99191E-05
0.983079 0.00547201 9.991E-05 0.0104496 9.991E-05 9.991E-05 9.991E-05 9.991E-05 9.991E-05 9.991E-05 9.991E-05 9.991E-05 9.991E-05
0.992392 9.99009E-05 9.99009E-05 9.99009E-05 9.99009E-05 9.99009E-05 9.99009E-05 9.99009E-05 9.99009E-05 0.00650885 9.99009E-05 9.99009E-05 9.99009E-05
9.99012E-05 9.99012E-05 9.99012E-05 9.99012E-05 9.99012E-05 9.99012E-05 9.99012E-05 9.99012E-05 9.99012E-05 9.99012E-05 0.994147 9.99012E-05 0.00475433
9.99012E-05 9.99012E-05 0.00302137 9.99012E-05 9.99012E-05 9.99012E-05 9.99012E-05 9.99012E-05 9.99012E-05 9.99012E-05 0.99588 9.99012E-05 9.99012E-05
0.0772121 0.0209797 9.99369E-05 9.99369E-05 0.0213525 0.00848992 0.811819 9.99369E-05 9.99369E-05 9.99369E-05 9.99369E-05 9.99369E-05 0.0594472
0.120661 9.99279E-05 9.99279E-05 9.99279E-05 0.0437428 9.99279E-05 0.777733 9.99279E-05 0.0168992 9.99279E-05 9.99279E-05 9.99279E-05 0.0401648
0.00411096 9.99191E-05 9.99191E-05 0.0152157 9.99191E-05 9.99191E-05 9.99191E-05 9.99191E-05 0.0162831 9.99191E-05 0.963491 9.99191E-05 9.99191E-05
9.98921E-05 9.98921E-05 9.98921E-05 9.98921E-05 9.98921E-05 9.98921E-05 9.98921E-05 9.98921E-05 9.98921E-05 9.98921E-05 0.998801 9.98921E-05 9.98921E-05
9.991E-05 9.991E-05 9.991E-05 9.991E-05 0.00423698 9.991E-05 9.991E-05 9.991E-05 9.991E-05 0.0226737 9.991E-05 9.991E-05 0.97209
0.550073 9.9955E-05 0.0549511 9.9955E-05 0.127171 9.9955E-05 0.152995 0.0295588 0.0483545 9.9955E-05 9.9955E-05 0.00267433 0.0337223
9.99009E-05 9.99009E-05 9.99009E-05 9.99009E-05 9.99009E-05 9.99009E-05 9.99009E-05 9.99009E-05 0.924895 0.0740062 9.99009E-05 9.99009E-05 9.99009E-05
9.99371E-05 0.0729342 9.99371E-05 9.99371E-05 0.249568 9.99371E-05 0.230135 0.175059 9.99371E-05 9.99371E-05 0.0868507 0.184754 9.99371E-05
9.99281E-05 9.99281E-05 9.99281E-05 9.99281E-05 0.306973 9.99281E-05 9.99281E-05 0.0693907 9.99281E-05 9.99281E-05 0.143484 0.352387 0.126965
9.99281E-05 9.99281E-05 0.0525527 0.512814 9.99281E-05 0.366736 9.99281E-05 9.99281E-05 9.99281E-05 0.0615419 0.00555563 9.99281E-05 9.99281E-05
