9.9973E-05 9.9973E-05 0.955672 9.9973E-05 0.0440278
0.279428 0.325977 0.368076 9.9991E-05 0.0264191
0.0543277 0.83011 0.0232727 0.0359399 0.05635
9.9973E-05 0.956536 9.9973E-05 9.9973E-05 0.0431641
0.292482 0.450654 0.256664 9.99821E-05 9.99821E-05
9.9973E-05 0.98806 9.9973E-05 0.0116397 9.9973E-05
0.392475 0.0375421 0.569783 9.99821E-05 9.99821E-05
0.464231 0.431696 0.0877331 9.9991E-05 0.0162399
0.424318 0.0350288 0.540454 9.99821E-05 9.99821E-05
0.15679 9.9982E-05 0.733022 9.9982E-05 0.109989
0.125225 9.9982E-05 0.724811 9.9982E-05 0.149765
9.9982E-05 0.0396749 0.800136 9.9982E-05 0.159989
9.99732E-05 0.0749742 0.924726 9.99732E-05 9.99732E-05
9.9973E-05 0.965763 9.9973E-05 0.0339376 9.9973E-05
9.9973E-05 0.988776 9.9973E-05 0.0109242 9.9973E-05
0.0450103 0.0279253 0.926864 9.9982E-05 9.9982E-05
9.9982E-05 9.9982E-05 0.485981 0.0919059 0.421913
0.0709323 9.9982E-05 0.207868 0.720999 9.9982E-05
9.9973E-05 9.9973E-05 9.9973E-05 0.927711 0.0719888
0.00820725 9.9982E-05 0.829479 9.9982E-05 0.162114
9.997E-05 9.997E-05 9.997E-05 0.9996 9.997E-05
9.9973E-05 9.9973E-05 0.952009 9.9973E-05 0.0476915
0.0838 0.000232242 0.111027 0.438158 0.366783
9.9973E-05 9.9973E-05 9.9973E-05 0.895081 0.104619
0.0147842 0.984916 9.9973E-05 9.9973E-05 9.9973E-05
9.997E-05 0.9996 9.997E-05 9.997E-05 9.997E-05
9.9973E-05 9.9973E-05 0.911808 9.9973E-05 0.0878917
0.0774138 0.922286 9.9973E-05 9.9973E-05 9.9973E-05
0.0884402 0.91126 9.9973E-05 9.9973E-05 9.9973E-05
0.267902 0.658832 9.9991E-05 0.0404058 0.0327598
0.326928 0.60569 9.9982E-05 9.9982E-05 0.0671813
0.592148 0.0987496 0.308902 9.99821E-05 9.99821E-05
9.99731E-05 0.989794 9.99731E-05 9.99731E-05 0.00990582
0.927025 0.0726749 9.9973E-05 9.9973E-05 9.9973E-05
9.9982E-05 0.0722748 0.682218 9.9982E-05 0.245308
9.99729E-05 0.964586 0.0351142 9.99729E-05 9.99729E-05
9.99821E-05 0.0701278 0.913508 9.99821E-05 0.0161638
0.191029 0.0418546 0.683402 0.033049 0.0506663
9.9991E-05 0.172659 0.315906 0.0640511 0.447284
9.9982E-05 0.134991 0.787622 9.9982E-05 0.0771878
9.9991E-05 0.0745864 0.81422 0.0196897 0.0914038
0.0443327 9.9991E-05 0.831165 0.038044 0.0863581
0.0772493 9.9973E-05 0.922451 9.9973E-05 9.9973E-05
0.0552107 9.9982E-05 0.801965 9.9982E-05 0.142624
0.0606731 9.9991E-05 0.633458 0.144871 0.160898
0.0695862 0.0493375 0.734272 0.053359 0.093445
0.0600613 0.104968 0.662176 9.9991E-05 0.172695
9.99822E-05 9.99822E-05 0.956363 0.0416971 0.00174007
0.9996 9.997E-05 9.997E-05 9.997E-05 9.997E-05
0.9996 9.997E-05 9.997E-05 9.997E-05 9.997E-05
0.996434 9.99729E-05 9.99729E-05 0.0032657 9.99729E-05
0.9996 9.997E-05 9.997E-05 9.997E-05 9.997E-05
0.9996 9.997E-05 9.997E-05 9.997E-05 9.997E-05
0.680029 0.154059 0.116601 0.0492109 9.9991E-05
0.9996 9.997E-05 9.997E-05 9.997E-05 9.997E-05
9.997E-05 9.997E-05 0.9996 9.997E-05 9.997E-05
0.535504 0.136149 0.328147 9.9982E-05 9.9982E-05
9.997E-05 0.9996 9.997E-05 9.997E-05 9.997E-05
9.99821E-05 0.023464 0.912307 9.99821E-05 0.0640291
9.9982E-05 0.0773258 0.908335 9.9982E-05 0.0141391
9.99732E-05 9.99732E-05 0.95271 0.0469896 9.99732E-05
9.9973E-05 0.00182414 0.997876 9.9973E-05 9.9973E-05
9.9982E-05 9.9982E-05 0.892516 0.0165808 0.0907035
0.0117777 9.9982E-05 0.0655319 0.92249 9.9982E-05
0.00567175 0.994028 9.99731E-05 9.99731E-05 9.99731E-05
0.254069 0.269992 0.392085 0.0271355 0.0567185
0.0187735 0.976669 0.00435803 9.99821E-05 9.99821E-05
0.00258942 0.990192 9.9982E-05 9.9982E-05 0.00701899
0.098946 0.877127 0.0237267 9.9982E-05 9.9982E-05
0.043906 0.948894 9.9982E-05 0.00700015 9.9982E-05
0.0351717 0.920853 0.0352867 9.9991E-05 0.00858889
9.997E-05 0.9996 9.997E-05 9.997E-05 9.997E-05
0.517451 0.482249 9.99732E-05 9.99732E-05 9.99732E-05
0.395423 0.505483 0.0956299 0.00336392 9.99911E-05
0.0573308 0.925076 9.9982E-05 9.9982E-05 0.0173934
0.0972268 0.0749666 0.771635 9.9991E-05 0.0560715
0.150971 0.0404182 0.758453 9.9991E-05 0.0500582
9.997E-05 9.997E-05 9.997E-05 9.997E-05 0.9996
9.997E-05 9.997E-05 9.997E-05 9.997E-05 0.9996
0.100168 9.9991E-05 0.829089 0.00786885 0.0627745
0.0910154 9.99819E-05 0.857489 9.99819E-05 0.0512954
0.0106899 9.9973E-05 9.9973E-05 9.9973E-05 0.98901
9.997E-05 9.997E-05 9.997E-05 9.997E-05 0.9996
9.997E-05 9.997E-05 0.9996 9.997E-05 9.997E-05
0.0375794 0.0304386 0.880427 0.0514548 9.9991E-05
0.595744 0.0782299 0.325826 9.9982E-05 9.9982E-05
9.9991E-05 0.0794085 0.499438 0.135832 0.285222
9.99821E-05 9.99821E-05 0.580017 0.0915702 0.328213
0.368549 0.574011 9.9991E-05 0.0342362 0.0231039
