9.99008E-05 9.99008E-05 9.99008E-05 9.99008E-05 9.99008E-05 9.99008E-05 9.99008E-05 9.99008E-05 0.878036 0.0128932 9.99008E-05 9.99008E-05 9.99008E-05 0.107972
9.99098E-05 0.181895 9.99098E-05 9.99098E-05 9.99098E-05 9.99098E-05 9.99098E-05 9.99098E-05 9.99098E-05 0.00498006 9.99098E-05 0.206352 0.605774 9.99098E-05
0.0198157 0.42263 9.99286E-05 9.99286E-05 0.397848 0.0180395 9.99286E-05 0.0509437 9.99286E-05 9.99286E-05 0.0899237 9.99286E-05 9.99286E-05 9.99286E-05
9.991E-05 0.940439 9.991E-05 9.991E-05 9.991E-05 9.991E-05 0.0125427 0.0268534 9.991E-05 9.991E-05 0.0191653 9.991E-05 9.991E-05 9.991E-05
9.99461E-05 0.353455 9.99461E-05 0.0320379 0.146447 9.99461E-05 0.0332866 9.99461E-05 9.99461E-05 9.99461E-05 0.013941 0.0707849 0.186833 0.162615
9.9919E-05 0.986839 9.9919E-05 0.0013476 9.9919E-05 0.00819952 9.9919E-05 9.9919E-05 9.9919E-05 0.00148919 9.9919E-05 0.00122586 9.9919E-05 9.9919E-05
9.99102E-05 9.99102E-05 0.18664 9.99102E-05 0.295929 0.302838 9.99102E-05 9.99102E-05 9.99102E-05 9.99102E-05 9.99102E-05 9.99102E-05 0.213594 9.99102E-05
9.99368E-05 0.0545864 9.99368E-05 9.99368E-05 0.617352 9.99368E-05 0.0665882 0.0107962 9.99368E-05 9.99368E-05 0.0579786 9.99368E-05 0.0964868 0.0955122
9.99191E-05 9.99191E-05 0.203084 9.99191E-05 0.244872 0.170346 9.99191E-05 9.99191E-05 9.99191E-05 9.99191E-05 9.99191E-05 9.99191E-05 0.315208 0.0655907
9.98833E-05 9.98833E-05 9.98833E-05 9.98833E-05 9.98833E-05 9.98833E-05 9.98833E-05 9.98833E-05 9.98833E-05 9.98833E-05 9.98833E-05 9.98833E-05 9.98833E-05 0.998702
9.98833E-05 9.98833E-05 9.98833E-05 9.98833E-05 9.98833E-05 9.98833E-05 9.98833E-05 9.98833E-05 9.98833E-05 9.98833E-05 9.98833E-05 9.98833E-05 9.98833E-05 0.998702
9.9919E-05 0.0176555 9.9919E-05 9.9919E-05 0.0136299 0.170757 9.9919E-05 0.126614 0.670444 9.9919E-05 9.9919E-05 9.9919E-05 9.9919E-05 9.9919E-05
9.98923E-05 9.98923E-05 9.98923E-05 9.98923E-05 0.0307922 0.968009 9.98923E-05 9.98923E-05 9.98923E-05 9.98923E-05 9.98923E-05 9.98923E-05 9.98923E-05 9.98923E-05
0.0306282 0.944769 9.9901E-05 9.9901E-05 9.9901E-05 9.9901E-05 9.9901E-05 9.9901E-05 0.023504 9.9901E-05 9.9901E-05 9.9901E-05 9.9901E-05 9.9901E-05
9.991E-05 0.96776 9.991E-05 0.0112477 9.991E-05 9.991E-05 0.00562738 9.991E-05 9.991E-05 9.991E-05 9.991E-05 0.0143654 9.991E-05 9.991E-05
9.9919E-05 9.9919E-05 0.782249 9.9919E-05 9.9919E-05 0.127412 9.9919E-05 9.9919E-05 0.0027095 0.0447819 9.9919E-05 9.9919E-05 9.9919E-05 0.0419484
9.98919E-05 9.98919E-05 9.98919E-05 9.98919E-05 9.98919E-05 9.98919E-05 9.98919E-05 9.98919E-05 9.98919E-05 0.947777 9.98919E-05 9.98919E-05 9.98919E-05 0.051024
0.686334 9.99279E-05 9.99279E-05 0.0261073 9.99279E-05 9.99279E-05 0.0168665 9.99279E-05 9.99279E-05 9.99279E-05 9.99279E-05 0.154764 0.0228709 0.092258
0.895067 9.9892E-05 9.9892E-05 9.9892E-05 9.9892E-05 9.9892E-05 9.9892E-05 0.103734 9.9892E-05 9.9892E-05 9.9892E-05 9.9892E-05 9.9892E-05 9.9892E-05
9.99279E-05 9.99279E-05 0.310227 0.000153855 9.99279E-05 9.99279E-05 9.99279E-05 9.99279E-05 0.0928634 0.142808 9.99279E-05 0.0220132 9.99279E-05 0.431135
0.998702 9.98831E-05 9.98831E-05 9.98831E-05 9.98831E-05 9.98831E-05 9.98831E-05 9.98831E-05 9.98831E-05 9.98831E-05 9.98831E-05 9.98831E-05 9.98831E-05 9.98831E-05
9.99369E-05 9.99369E-05 0.178002 9.99369E-05 9.99369E-05 0.0819006 9.99369E-05 0.00323406 0.382739 0.0136074 9.99369E-05 0.329045 9.99369E-05 0.0107722
9.98827E-05 9.98827E-05 9.98827E-05 0.998702 9.98827E-05 9.98827E-05 9.98827E-05 9.98827E-05 9.98827E-05 9.98827E-05 9.98827E-05 9.98827E-05 9.98827E-05 9.98827E-05
0.695028 9.98917E-05 9.98917E-05 0.303774 9.98917E-05 9.98917E-05 9.98917E-05 9.98917E-05 9.98917E-05 9.98917E-05 9.98917E-05 9.98917E-05 9.98917E-05 9.98917E-05
9.98922E-05 0.373693 9.98922E-05 9.98922E-05 9.98922E-05 9.98922E-05 9.98922E-05 9.98922E-05 9.98922E-05 9.98922E-05 0.625108 9.98922E-05 9.98922E-05 9.98922E-05
9.98922E-05 0.85438 9.98922E-05 9.98922E-05 9.98922E-05 9.98922E-05 9.98922E-05 9.98922E-05 9.98922E-05 9.98922E-05 0.144421 9.98922E-05 9.98922E-05 9.98922E-05
9.99188E-05 9.99188E-05 9.99188E-05 9.99188E-05 9.99188E-05 0.753228 9.99188E-05 0.0612607 0.0733837 0.0112718 9.99188E-05 9.99188E-05 9.99188E-05 0.0999563
9.9901E-05 0.0308357 9.9901E-05 9.9901E-05 9.9901E-05 9.9901E-05 0.0136625 9.9901E-05 9.9901E-05 9.9901E-05 0.954403 9.9901E-05 9.9901E-05 9.9901E-05
9.9892E-05 9.9892E-05 9.9892E-05 9.9892E-05 9.9892E-05 9.9892E-05 0.000433371 9.9892E-05 9.9892E-05 9.9892E-05 0.998368 9.9892E-05 9.9892E-05 9.9892E-05
0.0264971 0.359351 9.99461E-05 9.99461E-05 0.206551 9.99461E-05 0.159963 0.0250609 0.00329854 0.00177765 0.216902 9.99461E-05 9.99461E-05 9.99461E-05
9.99369E-05 0.317432 9.99369E-05 9.99369E-05 0.448442 9.99369E-05 0.0676095 0.0398538 9.99369E-05 0.00120067 0.119829 9.99369E-05 9.99369E-05 0.00493344
9.98833E-05 9.98833E-05 9.98833E-05 9.98833E-05 9.98833E-05 9.98833E-05 9.98833E-05 9.98833E-05 9.98833E-05 9.98833E-05 9.98833E-05 9.98833E-05 0.998702 9.98833E-05
9.99101E-05 0.623564 9.99101E-05 9.99101E-05 0.141594 9.99101E-05 9.99101E-05 9.99101E-05 9.99101E-05 9.99101E-05 0.227545 0.00629831 9.99101E-05 9.99101E-05
9.99191E-05 9.99191E-05 9.99191E-05 9.99191E-05 0.223209 9.99191E-05 0.726252 9.99191E-05 9.99191E-05 0.0112497 0.0310331 9.99191E-05 0.00735755 9.99191E-05
9.99458E-05 9.99458E-05 9.99458E-05 9.99458E-05 0.0200564 0.462392 9.99458E-05 0.0965706 0.0315606 0.306658 0.0220709 0.0501839 9.99458E-05 0.00990818
9.99189E-05 0.434539 9.99189E-05 9.99189E-05 0.0428389 9.99189E-05 9.99189E-05 9.99189E-05 9.99189E-05 0.0158854 0.49777 0.00806745 9.99189E-05 9.99189E-05
9.991E-05 0.0620344 9.991E-05 9.991E-05 0.00398743 9.991E-05 9.991E-05 9.991E-05 0.913528 0.0194506 9.991E-05 9.991E-05 9.991E-05 9.991E-05
9.9928E-05 0.0215579 9.9928E-05 0.0528609 9.9928E-05 9.9928E-05 9.9928E-05 9.9928E-05 0.0584893 9.9928E-05 9.9928E-05 0.102559 0.15728 0.606454
9.98829E-05 9.98829E-05 9.98829E-05 9.98829E-05 9.98829E-05 9.98829E-05 9.98829E-05 9.98829E-05 9.98829E-05 0.998702 9.98829E-05 9.98829E-05 9.98829E-05 9.98829E-05
9.9892E-05 0.00806594 9.9892E-05 9.9892E-05 9.9892E-05 9.9892E-05 9.9892E-05 9.9892E-05 9.9892E-05 9.9892E-05 9.9892E-05 0.990735 9.9892E-05 9.9892E-05
9.9883E-05 9.9883E-05 9.9883E-05 9.9883E-05 9.9883E-05 9.9883E-05 9.9883E-05 9.9883E-05 9.9883E-05 9.9883E-05 9.9883E-05 0.998702 9.9883E-05 9.9883E-05
9.9919E-05 9.9919E-05 9.9919E-05 0.00896136 9.9919E-05 9.9919E-05 9.9919E-05 9.9919E-05 0.0523851 0.0216748 9.9919E-05 0.0869797 9.9919E-05 0.8291
0.0115101 9.9928E-05 0.853191 9.9928E-05 9.9928E-05 0.0495446 9.9928E-05 9.9928E-05 9.9928E-05 9.9928E-05 9.9928E-05 0.0331961 0.0178286 0.03393
9.99189E-05 9.99189E-05 9.99189E-05 9.99189E-05 9.99189E-05 0.0338017 9.99189E-05 9.99189E-05 0.0275861 0.0473643 0.00204829 9.99189E-05 9.99189E-05 0.8883
9.99368E-05 9.99368E-05 9.99368E-05 0.369871 9.99368E-05 0.174146 9.99368E-05 0.0259689 0.0455441 9.99368E-05 9.99368E-05 0.197563 0.0260131 0.160194
9.99459E-05 0.0170081 0.128579 0.225776 0.0428884 0.0126705 9.99459E-05 9.99459E-05 0.086189 9.99459E-05 9.99459E-05 0.176868 9.99459E-05 0.309421
9.996E-05 0.0836985 9.996E-05 0.0321554 9.996E-05 0.104713 0.048723 0.033347 0.252982 0.183777 0.0160623 0.025458 9.996E-05 0.218684
9.98928E-05 9.98928E-05 9.98928E-05 0.00780861 9.98928E-05 9.98928E-05 9.98928E-05 9.98928E-05 0.990993 9.98928E-05 9.98928E-05 9.98928E-05 9.98928E-05 9.98928E-05
9.98831E-05 9.98831E-05 9.98831E-05 9.98831E-05 9.98831E-05 9.98831E-05 0.998702 9.98831E-05 9.98831E-05 9.98831E-05 9.98831E-05 9.98831E-05 9.98831E-05 9.98831E-05
9.98922E-05 9.98922E-05 0.00234706 9.98922E-05 9.98922E-05 9.98922E-05 0.996454 9.98922E-05 9.98922E-05 9.98922E-05 9.98922E-05 9.98922E-05 9.98922E-05 9.98922E-05
9.99127E-05 9.99127E-05 9.99127E-05 0.00323289 9.99127E-05 9.99127E-05 0.985814 9.99127E-05 9.99127E-05 0.00786362 9.99127E-05 0.0020908 9.99127E-05 9.99127E-05
0.00497081 9.98922E-05 9.98922E-05 9.98922E-05 9.98922E-05 9.98922E-05 0.99383 9.98922E-05 9.98922E-05 9.98922E-05 9.98922E-05 9.98922E-05 9.98922E-05 9.98922E-05
9.98831E-05 9.98831E-05 9.98831E-05 9.98831E-05 9.98831E-05 9.98831E-05 0.998702 9.98831E-05 9.98831E-05 9.98831E-05 9.98831E-05 9.98831E-05 9.98831E-05 9.98831E-05
9.99461E-05 0.0715027 9.99461E-05 0.126298 0.330829 0.0156615 0.356356 9.99461E-05 9.99461E-05 9.99461E-05 0.00677761 9.99461E-05 0.0860887 0.00588716
9.99101E-05 9.99101E-05 9.99101E-05 9.99101E-05 9.99101E-05 9.99101E-05 0.957589 9.99101E-05 0.00892778 9.99101E-05 9.99101E-05 0.00346471 0.0290199 9.99101E-05
9.99009E-05 9.99009E-05 0.174584 9.99009E-05 9.99009E-05 9.99009E-05 9.99009E-05 9.99009E-05 0.803059 9.99009E-05 9.99009E-05 9.99009E-05 9.99009E-05 0.021258
9.99098E-05 9.99098E-05 0.00225253 9.99098E-05 9.99098E-05 9.99098E-05 0.0644917 0.0204605 9.99098E-05 9.99098E-05 9.99098E-05 9.99098E-05 0.911796 9.99098E-05
9.99009E-05 0.61865 9.99009E-05 9.99009E-05 9.99009E-05 9.99009E-05 9.99009E-05 9.99009E-05 9.99009E-05 9.99009E-05 0.369496 0.0107548 9.99009E-05 9.99009E-05
9.9928E-05 9.9928E-05 0.0420474 9.9928E-05 9.9928E-05 0.783775 0.00447372 0.0148894 0.0134005 9.9928E-05 9.9928E-05 0.140615 9.9928E-05 9.9928E-05
9.98924E-05 9.98924E-05 0.923888 9.98924E-05 9.98924E-05 0.0749129 9.98924E-05 9.98924E-05 9.98924E-05 9.98924E-05 9.98924E-05 9.98924E-05 9.98924E-05 9.98924E-05
9.98923E-05 9.98923E-05 9.98923E-05 9.98923E-05 0.0132246 0.985577 9.98923E-05 9.98923E-05 9.98923E-05 9.98923E-05 9.98923E-05 9.98923E-05 9.98923E-05 9.98923E-05
9.99279E-05 0.0243327 0.00784508 9.99279E-05 9.99279E-05 0.838531 9.99279E-05 9.99279E-05 0.0172602 9.99279E-05 9.99279E-05 0.0126598 9.99279E-05 0.0985715
0.00370516 9.99278E-05 9.99278E-05 9.99278E-05 9.99278E-05 0.812689 9.99278E-05 0.054294 9.99278E-05 0.0130073 9.99278E-05 0.0434051 9.99278E-05 0.0721001
0.941844 9.99102E-05 9.99102E-05 9.99102E-05 0.0177162 9.99102E-05 9.99102E-05 9.99102E-05 0.0276118 9.99102E-05 9.99102E-05 0.0118288 9.99102E-05 9.99102E-05
9.98924E-05 0.328773 9.98924E-05 9.98924E-05 9.98924E-05 9.98924E-05 9.98924E-05 9.98924E-05 9.98924E-05 9.98924E-05 0.670028 9.98924E-05 9.98924E-05 9.98924E-05
0.0331889 9.99641E-05 0.0381689 0.145744 9.99641E-05 0.0671115 0.132104 9.99641E-05 0.141729 0.0278676 0.295725 0.0124082 9.99641E-05 0.105553
9.99192E-05 0.870736 0.0597808 9.99192E-05 0.0585906 9.99192E-05 0.00229962 9.99192E-05 9.99192E-05 9.99192E-05 0.0076939 9.99192E-05 9.99192E-05 9.99192E-05
9.9919E-05 0.760683 9.9919E-05 9.9919E-05 9.9919E-05 9.9919E-05 0.0303305 9.9919E-05 9.9919E-05 0.0251072 0.178445 0.00453495 9.9919E-05 9.9919E-05
9.9892E-05 9.9892E-05 0.0150876 9.9892E-05 9.9892E-05 9.9892E-05 9.9892E-05 9.9892E-05 9.9892E-05 9.9892E-05 0.983714 9.9892E-05 9.9892E-05 9.9892E-05
0.00577978 9.98922E-05 9.98922E-05 9.98922E-05 9.98922E-05 9.98922E-05 9.98922E-05 9.98922E-05 9.98922E-05 9.98922E-05 0.993022 9.98922E-05 9.98922E-05 9.98922E-05
9.99281E-05 0.745646 9.99281E-05 9.99281E-05 0.0639739 9.99281E-05 9.99281E-05 9.99281E-05 9.99281E-05 9.99281E-05 0.0874209 0.00808523 0.0286831 0.0653919
9.99099E-05 0.549093 9.99099E-05 9.99099E-05 9.99099E-05 9.99099E-05 9.99099E-05 9.99099E-05 9.99099E-05 0.0162368 0.429567 0.00410375 9.99099E-05 9.99099E-05
9.99008E-05 9.99008E-05 9.99008E-05 9.99008E-05 0.972878 9.99008E-05 0.0207566 9.99008E-05 9.99008E-05 0.00526675 9.99008E-05 9.99008E-05 9.99008E-05 9.99008E-05
9.9892E-05 9.9892E-05 9.9892E-05 9.9892E-05 0.976854 0.0219473 9.9892E-05 9.9892E-05 9.9892E-05 9.9892E-05 9.9892E-05 9.9892E-05 9.9892E-05 9.9892E-05
9.99281E-05 0.836073 0.0118837 9.99281E-05 9.99281E-05 0.00795185 0.0348565 0.00713441 9.99281E-05 9.99281E-05 0.101301 9.99281E-05 9.99281E-05 9.99281E-05
9.991E-05 0.00907129 0.938632 9.991E-05 9.991E-05 9.991E-05 9.991E-05 0.0213017 9.991E-05 9.991E-05 9.991E-05 9.991E-05 0.0299956 9.991E-05
9.99009E-05 9.99009E-05 0.976387 9.99009E-05 9.99009E-05 9.99009E-05 0.017476 0.00503764 9.99009E-05 9.99009E-05 9.99009E-05 9.99009E-05 9.99009E-05 9.99009E-05
9.98832E-05 9.98832E-05 9.98832E-05 9.98832E-05 9.98832E-05 9.98832E-05 9.98832E-05 0.998702 9.98832E-05 9.98832E-05 9.98832E-05 9.98832E-05 9.98832E-05 9.98832E-05
9.98833E-05 9.98833E-05 9.98833E-05 9.98833E-05 9.98833E-05 9.98833E-05 9.98833E-05 0.998702 9.98833E-05 9.98833E-05 9.98833E-05 9.98833E-05 9.98833E-05 9.98833E-05
9.99189E-05 9.99189E-05 0.0497961 9.99189E-05 9.99189E-05 9.99189E-05 9.99189E-05 9.99189E-05 9.99189E-05 9.99189E-05 0.0147342 0.165459 0.050399 0.718712
9.99189E-05 9.99189E-05 0.040982 9.99189E-05 9.99189E-05 0.0676227 9.99189E-05 9.99189E-05 9.99189E-05 9.99189E-05 9.99189E-05 0.177404 0.0284469 0.684645
9.99191E-05 9.99191E-05 0.00528551 0.0261171 0.00345667 9.99191E-05 9.99191E-05 0.962558 9.99191E-05 9.99191E-05 9.99191E-05 9.99191E-05 0.0016834 9.99191E-05
9.98921E-05 9.98921E-05 9.98921E-05 9.98921E-05 9.98921E-05 9.98921E-05 9.98921E-05 0.98886 9.98921E-05 9.98921E-05 9.98921E-05 0.00994132 9.98921E-05 9.98921E-05
9.99009E-05 9.99009E-05 0.0489064 9.99009E-05 9.99009E-05 0.0101276 9.99009E-05 9.99009E-05 0.939867 9.99009E-05 9.99009E-05 9.99009E-05 9.99009E-05 9.99009E-05
0.0186441 9.99101E-05 0.0844548 9.99101E-05 9.99101E-05 0.170663 9.99101E-05 9.99101E-05 9.99101E-05 9.99101E-05 9.99101E-05 0.725239 9.99101E-05 9.99101E-05
9.9892E-05 9.9892E-05 9.9892E-05 9.9892E-05 9.9892E-05 9.9892E-05 0.0461805 9.9892E-05 9.9892E-05 9.9892E-05 9.9892E-05 9.9892E-05 0.952621 9.9892E-05
9.9937E-05 0.0339118 9.9937E-05 0.610311 9.9937E-05 0.20699 9.9937E-05 0.0166879 0.06018 0.068401 9.9937E-05 9.9937E-05 9.9937E-05 0.00281916
0.0410958 9.99282E-05 9.99282E-05 0.00787428 9.99282E-05 0.189951 9.99282E-05 0.135738 0.117048 0.507494 9.99282E-05 9.99282E-05 9.99282E-05 9.99282E-05
0.0453101 0.00697537 9.9928E-05 9.9928E-05 0.490341 9.9928E-05 0.0823974 0.0196128 9.9928E-05 9.9928E-05 0.354564 9.9928E-05 9.9928E-05 9.9928E-05
