9.99008E-05 9.99008E-05 9.99008E-05 9.99008E-05 0.0700247 9.99008E-05 9.99008E-05 9.99008E-05 9.99008E-05 9.99008E-05 0.00884548 9.99008E-05 9.99008E-05 0.920031
0.00169928 0.760629 0.133154 9.99189E-05 0.00354747 9.99189E-05 9.99189E-05 0.100071 9.99189E-05 9.99189E-05 9.99189E-05 9.99189E-05 9.99189E-05 9.99189E-05
9.9883E-05 9.9883E-05 9.9883E-05 9.9883E-05 9.9883E-05 9.9883E-05 9.9883E-05 9.9883E-05 9.9883E-05 9.9883E-05 9.9883E-05 9.9883E-05 0.998702 9.9883E-05
9.99101E-05 9.99101E-05 9.99101E-05 0.0068437 0.0249286 9.99101E-05 9.99101E-05 0.912764 9.99101E-05 9.99101E-05 9.99101E-05 9.99101E-05 0.0544648 9.99101E-05
9.9964E-05 0.143917 0.0196299 0.0147673 0.0315899 0.190563 9.9964E-05 0.309968 0.137525 9.9964E-05 9.9964E-05 0.0689099 0.0485126 0.0342166
9.9919E-05 9.9919E-05 0.0291023 9.9919E-05 9.9919E-05 9.9919E-05 9.9919E-05 0.855928 0.0331411 9.9919E-05 9.9919E-05 0.0335145 0.0474146 9.9919E-05
9.98831E-05 9.98831E-05 9.98831E-05 9.98831E-05 9.98831E-05 0.998702 9.98831E-05 9.98831E-05 9.98831E-05 9.98831E-05 9.98831E-05 9.98831E-05 9.98831E-05 9.98831E-05
9.99189E-05 0.0921364 9.99189E-05 0.0601256 0.0668369 9.99189E-05 9.99189E-05 9.99189E-05 0.775912 9.99189E-05 0.00408963 9.99189E-05 9.99189E-05 9.99189E-05
9.9901E-05 0.0585514 9.9901E-05 0.00407307 9.9901E-05 0.936277 9.9901E-05 9.9901E-05 9.9901E-05 9.9901E-05 9.9901E-05 9.9901E-05 9.9901E-05 9.9901E-05
9.9892E-05 9.9892E-05 9.9892E-05 9.9892E-05 0.868017 0.130784 9.9892E-05 9.9892E-05 9.9892E-05 9.9892E-05 9.9892E-05 9.9892E-05 9.9892E-05 9.9892E-05
9.98921E-05 9.98921E-05 9.98921E-05 9.98921E-05 0.898914 0.099887 9.98921E-05 9.98921E-05 9.98921E-05 9.98921E-05 9.98921E-05 9.98921E-05 9.98921E-05 9.98921E-05
9.9919E-05 9.9919E-05 9.9919E-05 9.9919E-05 9.9919E-05 0.0185368 0.131971 9.9919E-05 9.9919E-05 9.9919E-05 0.114992 9.9919E-05 0.0485652 0.685036
9.99012E-05 9.99012E-05 9.99012E-05 9.99012E-05 9.99012E-05 0.00946644 0.931712 9.99012E-05 0.0577231 9.99012E-05 9.99012E-05 9.99012E-05 9.99012E-05 9.99012E-05
9.99281E-05 0.029304 0.038204 9.99281E-05 9.99281E-05 9.99281E-05 0.000845374 0.900748 9.99281E-05 0.0227489 9.99281E-05 9.99281E-05 9.99281E-05 0.00735034
9.99191E-05 9.99191E-05 9.99191E-05 9.99191E-05 0.0172189 9.99191E-05 9.99191E-05 0.932843 9.99191E-05 0.0158019 9.99191E-05 9.99191E-05 0.00867379 0.0245632
0.806286 9.99011E-05 9.99011E-05 9.99011E-05 0.033295 9.99011E-05 0.15932 9.99011E-05 9.99011E-05 9.99011E-05 9.99011E-05 9.99011E-05 9.99011E-05 9.99011E-05
9.9892E-05 9.9892E-05 0.911819 9.9892E-05 0.0869827 9.9892E-05 9.9892E-05 9.9892E-05 9.9892E-05 9.9892E-05 9.9892E-05 9.9892E-05 9.9892E-05 9.9892E-05
0.066751 0.0560913 0.0333002 9.99188E-05 0.130155 9.99188E-05 9.99188E-05 9.99188E-05 9.99188E-05 0.712803 9.99188E-05 9.99188E-05 9.99188E-05 9.99188E-05
9.98921E-05 9.98921E-05 9.98921E-05 9.98921E-05 9.98921E-05 9.98921E-05 9.98921E-05 9.98921E-05 9.98921E-05 0.900993 0.0978086 9.98921E-05 9.98921E-05 9.98921E-05
0.390951 9.99279E-05 0.0424217 9.99279E-05 0.420904 9.99279E-05 9.99279E-05 9.99279E-05 9.99279E-05 9.99279E-05 0.0662257 0.0194396 9.99279E-05 0.0592587
9.9883E-05 9.9883E-05 9.9883E-05 9.9883E-05 9.9883E-05 9.9883E-05 9.9883E-05 9.9883E-05 9.9883E-05 0.998702 9.9883E-05 9.9883E-05 9.9883E-05 9.9883E-05
0.251558 9.99279E-05 0.0769554 0.00470321 0.0866325 9.99279E-05 0.0697593 9.99279E-05 9.99279E-05 9.99279E-05 9.99279E-05 9.99279E-05 9.99279E-05 0.509592
9.98829E-05 9.98829E-05 9.98829E-05 9.98829E-05 9.98829E-05 9.98829E-05 9.98829E-05 9.98829E-05 9.98829E-05 9.98829E-05 9.98829E-05 0.998702 9.98829E-05 9.98829E-05
9.98917E-05 9.98917E-05 9.98917E-05 9.98917E-05 9.98917E-05 9.98917E-05 9.98917E-05 9.98917E-05 9.98917E-05 0.622838 9.98917E-05 0.375963 9.98917E-05 9.98917E-05
9.98923E-05 9.98923E-05 9.98923E-05 0.0307023 9.98923E-05 9.98923E-05 9.98923E-05 0.968099 9.98923E-05 9.98923E-05 9.98923E-05 9.98923E-05 9.98923E-05 9.98923E-05
9.98834E-05 9.98834E-05 9.98834E-05 9.98834E-05 9.98834E-05 9.98834E-05 9.98834E-05 0.998702 9.98834E-05 9.98834E-05 9.98834E-05 9.98834E-05 9.98834E-05 9.98834E-05
9.99188E-05 9.99188E-05 0.0286524 9.99188E-05 0.10275 9.99188E-05 0.78223 9.99188E-05 9.99188E-05 9.99188E-05 0.0234654 9.99188E-05 9.99188E-05 0.062003
9.99191E-05 9.99191E-05 9.99191E-05 0.0608516 9.99191E-05 0.0023059 0.00256249 0.91286 0.0205212 9.99191E-05 9.99191E-05 9.99191E-05 9.99191E-05 9.99191E-05
0.00467144 9.99101E-05 9.99101E-05 0.0823658 9.99101E-05 0.0344345 9.99101E-05 0.877529 9.99101E-05 9.99101E-05 9.99101E-05 9.99101E-05 9.99101E-05 9.99101E-05
9.99461E-05 9.99461E-05 0.0169449 0.145548 9.99461E-05 9.99461E-05 0.00549028 0.482771 0.283606 0.0161576 9.99461E-05 9.99461E-05 0.0215345 0.0273482
9.99189E-05 9.99189E-05 0.0186634 0.0332164 9.99189E-05 9.99189E-05 9.99189E-05 0.286477 0.649997 9.99189E-05 9.99189E-05 0.0107472 9.99189E-05 9.99189E-05
9.98801E-05 0.998702 9.98801E-05 9.98801E-05 9.98801E-05 9.98801E-05 9.98801E-05 9.98801E-05 9.98801E-05 9.98801E-05 9.98801E-05 9.98801E-05 9.98801E-05 9.98801E-05
9.98922E-05 9.98922E-05 9.98922E-05 9.98922E-05 9.98922E-05 9.98922E-05 9.98922E-05 0.823837 0.174964 9.98922E-05 9.98922E-05 9.98922E-05 9.98922E-05 9.98922E-05
9.99192E-05 0.00741026 9.99192E-05 0.709387 9.99192E-05 9.99192E-05 9.99192E-05 9.99192E-05 0.274283 9.99192E-05 0.00511614 9.99192E-05 0.00290422 9.99192E-05
9.99277E-05 9.99277E-05 0.239701 9.99277E-05 0.0141829 9.99277E-05 0.524143 9.99277E-05 0.0670275 9.99277E-05 0.116387 9.99277E-05 9.99277E-05 0.0377596
0.00165048 9.99189E-05 0.0261318 9.99189E-05 9.99189E-05 0.0138372 9.99189E-05 0.920931 0.0365498 9.99189E-05 9.99189E-05 9.99189E-05 9.99189E-05 9.99189E-05
9.991E-05 9.991E-05 0.00184186 9.991E-05 9.991E-05 9.991E-05 9.991E-05 9.991E-05 0.0270214 9.991E-05 9.991E-05 9.991E-05 0.0146368 0.955501
9.9919E-05 0.188875 0.0281306 9.9919E-05 0.681259 9.9919E-05 9.9919E-05 9.9919E-05 9.9919E-05 9.9919E-05 9.9919E-05 9.9919E-05 0.0247278 0.0761086
9.9892E-05 9.9892E-05 0.991745 9.9892E-05 9.9892E-05 9.9892E-05 9.9892E-05 9.9892E-05 0.00705586 9.9892E-05 9.9892E-05 9.9892E-05 9.9892E-05 9.9892E-05
0.278233 9.99188E-05 0.198323 9.99188E-05 0.254596 9.99188E-05 9.99188E-05 0.0630456 9.99188E-05 9.99188E-05 9.99188E-05 9.99188E-05 9.99188E-05 0.204903
0.246609 0.026622 0.151134 9.99368E-05 0.263092 9.99368E-05 9.99368E-05 0.0460851 9.99368E-05 0.00693391 9.99368E-05 9.99368E-05 9.99368E-05 0.258824
0.0666235 9.991E-05 0.0304845 9.991E-05 0.869526 9.991E-05 9.991E-05 9.991E-05 9.991E-05 9.991E-05 9.991E-05 9.991E-05 9.991E-05 0.032367
0.894908 9.9928E-05 9.9928E-05 9.9928E-05 0.00395599 0.0644749 0.0216527 9.9928E-05 9.9928E-05 0.00880879 9.9928E-05 9.9928E-05 9.9928E-05 0.00539995
0.0201075 9.9928E-05 9.9928E-05 9.9928E-05 0.876582 9.9928E-05 0.0612128 0.00362028 9.9928E-05 9.9928E-05 0.0244573 9.9928E-05 9.9928E-05 0.0132204
0.0508572 0.0465469 9.99368E-05 9.99368E-05 0.308428 9.99368E-05 0.163503 9.99368E-05 9.99368E-05 9.99368E-05 0.0486835 0.361056 9.99368E-05 0.0202268
0.175393 0.0150802 9.9937E-05 9.9937E-05 0.442282 9.9937E-05 9.9937E-05 0.0238087 9.9937E-05 9.9937E-05 9.9937E-05 0.171059 0.0300124 0.141665
9.9946E-05 9.9946E-05 0.213527 0.0514489 0.236598 0.00170834 0.155457 0.064203 9.9946E-05 9.9946E-05 9.9946E-05 0.0403976 9.9946E-05 0.23606
9.98839E-05 9.98839E-05 9.98839E-05 9.98839E-05 9.98839E-05 9.98839E-05 9.98839E-05 9.98839E-05 9.98839E-05 9.98839E-05 9.98839E-05 9.98839E-05 9.98839E-05 0.998702
9.98831E-05 9.98831E-05 9.98831E-05 0.998702 9.98831E-05 9.98831E-05 9.98831E-05 9.98831E-05 9.98831E-05 9.98831E-05 9.98831E-05 9.98831E-05 9.98831E-05 9.98831E-05
9.98832E-05 9.98832E-05 9.98832E-05 0.998702 9.98832E-05 9.98832E-05 9.98832E-05 9.98832E-05 9.98832E-05 9.98832E-05 9.98832E-05 9.98832E-05 9.98832E-05 9.98832E-05
9.98923E-05 9.98923E-05 0.00313055 0.995671 9.98923E-05 9.98923E-05 9.98923E-05 9.98923E-05 9.98923E-05 9.98923E-05 9.98923E-05 9.98923E-05 9.98923E-05 9.98923E-05
9.98831E-05 9.98831E-05 9.98831E-05 0.998702 9.98831E-05 9.98831E-05 9.98831E-05 9.98831E-05 9.98831E-05 9.98831E-05 9.98831E-05 9.98831E-05 9.98831E-05 9.98831E-05
9.98832E-05 9.98832E-05 9.98832E-05 0.998702 9.98832E-05 9.98832E-05 9.98832E-05 9.98832E-05 9.98832E-05 9.98832E-05 9.98832E-05 9.98832E-05 9.98832E-05 9.98832E-05
0.118625 0.0231143 9.99371E-05 0.326769 9.99371E-05 9.99371E-05 9.99371E-05 0.0448992 0.436386 0.036171 9.99371E-05 0.0133371 9.99371E-05 9.99371E-05
0.0120409 0.0617619 9.99101E-05 0.92345 9.99101E-05 9.99101E-05 9.99101E-05 9.99101E-05 9.99101E-05 9.99101E-05 0.00174861 9.99101E-05 9.99101E-05 9.99101E-05
0.169029 9.99099E-05 9.99099E-05 9.99099E-05 9.99099E-05 0.00391934 0.0502245 9.99099E-05 9.99099E-05 9.99099E-05 9.99099E-05 9.99099E-05 9.99099E-05 0.775828
0.000623485 0.907025 9.99279E-05 0.0226001 9.99279E-05 0.0626627 9.99279E-05 9.99279E-05 9.99279E-05 9.99279E-05 0.000973419 9.99279E-05 0.00531537 9.99279E-05
9.9892E-05 9.9892E-05 0.00526366 9.9892E-05 9.9892E-05 9.9892E-05 9.9892E-05 0.993538 9.9892E-05 9.9892E-05 9.9892E-05 9.9892E-05 9.9892E-05 9.9892E-05
0.0743049 9.99191E-05 9.99191E-05 0.0184722 9.99191E-05 9.99191E-05 0.869901 9.99191E-05 9.99191E-05 9.99191E-05 0.0321935 9.99191E-05 9.99191E-05 0.00422889
0.92233 9.98923E-05 9.98923E-05 9.98923E-05 9.98923E-05 9.98923E-05 0.0764716 9.98923E-05 9.98923E-05 9.98923E-05 9.98923E-05 9.98923E-05 9.98923E-05 9.98923E-05
9.99014E-05 9.99014E-05 9.99014E-05 9.99014E-05 9.99014E-05 0.0431007 0.955605 9.99014E-05 9.99014E-05 9.99014E-05 9.99014E-05 9.99014E-05 0.000195221 9.99014E-05
9.99009E-05 9.99009E-05 9.99009E-05 9.99009E-05 0.111471 9.99009E-05 0.887115 9.99009E-05 9.99009E-05 9.99009E-05 9.99009E-05 9.99009E-05 0.000314335 9.99009E-05
9.99189E-05 9.99189E-05 0.00453001 9.99189E-05 0.0562601 9.99189E-05 0.898328 9.99189E-05 9.99189E-05 0.000821358 0.0391615 9.99189E-05 9.99189E-05 9.99189E-05
9.98923E-05 9.98923E-05 9.98923E-05 9.98923E-05 9.98923E-05 9.98923E-05 9.98923E-05 9.98923E-05 9.98923E-05 0.93123 9.98923E-05 9.98923E-05 9.98923E-05 0.0675718
9.99015E-05 9.99015E-05 9.99015E-05 9.99015E-05 9.99015E-05 9.99015E-05 9.99015E-05 0.94675 9.99015E-05 9.99015E-05 0.00708116 9.99015E-05 0.0450695 9.99015E-05
0.0520722 0.104022 0.123511 0.0969822 0.0244393 0.0491308 0.0575912 0.139538 0.00221164 0.0851832 9.9982E-05 9.9982E-05 0.0924761 0.172644
0.00904313 9.99013E-05 9.99013E-05 9.99013E-05 9.99013E-05 9.99013E-05 9.99013E-05 0.825256 9.99013E-05 9.99013E-05 9.99013E-05 9.99013E-05 0.164602 9.99013E-05
9.9919E-05 9.9919E-05 0.0346025 9.9919E-05 9.9919E-05 0.0373495 9.9919E-05 0.864073 0.0563238 9.9919E-05 9.9919E-05 9.9919E-05 9.9919E-05 0.00675176
0.0204542 9.9919E-05 9.9919E-05 0.0452043 9.9919E-05 0.0311923 9.9919E-05 0.861773 0.0404771 9.9919E-05 9.9919E-05 9.9919E-05 9.9919E-05 9.9919E-05
0.0114377 0.0334552 9.99191E-05 0.0305001 9.99191E-05 0.0167651 9.99191E-05 0.906943 9.99191E-05 9.99191E-05 9.99191E-05 9.99191E-05 9.99191E-05 9.99191E-05
9.99192E-05 9.99192E-05 0.0174774 9.99192E-05 0.0251843 9.99192E-05 9.99192E-05 0.81473 0.121705 9.99192E-05 9.99192E-05 9.99192E-05 9.99192E-05 0.0200041
9.9901E-05 9.9901E-05 0.0239671 9.9901E-05 9.9901E-05 9.9901E-05 9.9901E-05 0.955747 0.0191868 9.9901E-05 9.9901E-05 9.9901E-05 9.9901E-05 9.9901E-05
9.98831E-05 9.98831E-05 9.98831E-05 9.98831E-05 9.98831E-05 9.98831E-05 9.98831E-05 9.98831E-05 0.998702 9.98831E-05 9.98831E-05 9.98831E-05 9.98831E-05 9.98831E-05
9.99011E-05 9.99011E-05 9.99011E-05 9.99011E-05 9.99011E-05 0.0235871 0.0503133 9.99011E-05 0.925001 9.99011E-05 9.99011E-05 9.99011E-05 9.99011E-05 9.99011E-05
0.00501738 9.99191E-05 9.99191E-05 0.0198401 0.0525511 9.99191E-05 9.99191E-05 0.867072 9.99191E-05 9.99191E-05 9.99191E-05 9.99191E-05 0.0546206 9.99191E-05
0.960582 0.00227858 9.991E-05 9.991E-05 9.991E-05 9.991E-05 9.991E-05 0.0348207 0.00131999 9.991E-05 9.991E-05 9.991E-05 9.991E-05 9.991E-05
0.992297 9.9892E-05 9.9892E-05 0.00650384 9.9892E-05 9.9892E-05 9.9892E-05 9.9892E-05 9.9892E-05 9.9892E-05 9.9892E-05 9.9892E-05 9.9892E-05 9.9892E-05
9.98921E-05 9.98921E-05 9.98921E-05 9.98921E-05 9.98921E-05 0.00396698 9.98921E-05 9.98921E-05 9.98921E-05 9.98921E-05 0.994834 9.98921E-05 9.98921E-05 9.98921E-05
9.98833E-05 9.98833E-05 9.98833E-05 9.98833E-05 9.98833E-05 9.98833E-05 9.98833E-05 9.98833E-05 9.98833E-05 9.98833E-05 0.998702 9.98833E-05 9.98833E-05 9.98833E-05
0.086158 0.0546802 9.99189E-05 9.99189E-05 0.819748 9.99189E-05 0.00579471 9.99189E-05 9.99189E-05 9.99189E-05 9.99189E-05 9.99189E-05 9.99189E-05 0.0327194
0.162607 0.0576999 9.991E-05 9.991E-05 0.769327 9.991E-05 9.991E-05 9.991E-05 9.991E-05 9.991E-05 9.991E-05 9.991E-05 9.991E-05 0.00936649
9.98923E-05 0.00491225 9.98923E-05 9.98923E-05 9.98923E-05 9.98923E-05 9.98923E-05 9.98923E-05 9.98923E-05 9.98923E-05 0.993889 9.98923E-05 9.98923E-05 9.98923E-05
9.98832E-05 9.98832E-05 9.98832E-05 9.98832E-05 9.98832E-05 9.98832E-05 9.98832E-05 9.98832E-05 9.98832E-05 9.98832E-05 0.998702 9.98832E-05 9.98832E-05 9.98832E-05
0.0585585 9.99099E-05 9.99099E-05 9.99099E-05 9.99099E-05 0.000822991 0.0414227 9.99099E-05 9.99099E-05 9.99099E-05 9.99099E-05 9.99099E-05 9.99099E-05 0.898197
0.490108 0.0298302 0.00256301 9.9946E-05 0.132674 0.0894555 0.189656 9.9946E-05 9.9946E-05 0.0643509 9.9946E-05 9.9946E-05 9.9946E-05 0.000762598
9.9901E-05 0.896289 9.9901E-05 0.0336962 9.9901E-05 0.0689159 9.9901E-05 9.9901E-05 9.9901E-05 9.9901E-05 9.9901E-05 9.9901E-05 9.9901E-05 9.9901E-05
9.99099E-05 9.99099E-05 9.99099E-05 9.99099E-05 9.99099E-05 9.99099E-05 0.239207 0.0303645 9.99099E-05 9.99099E-05 9.99099E-05 0.724269 9.99099E-05 0.00516109
0.00646501 9.99281E-05 0.197173 9.99281E-05 9.99281E-05 9.99281E-05 0.297826 9.99281E-05 9.99281E-05 9.99281E-05 0.10447 0.296992 9.99281E-05 0.0962748
0.0269698 0.00474089 9.9937E-05 0.0073778 9.9937E-05 9.9937E-05 9.9937E-05 0.162527 0.741124 0.0499739 0.00658693 9.9937E-05 9.9937E-05 9.9937E-05
