9.99369E-05 0.00293286 0.035192 9.99369E-05 0.0133767 9.99369E-05 9.99369E-05 0.947799 9.99369E-05 9.99369E-05 9.99369E-05
0.0942793 0.0160832 9.99369E-05 9.99369E-05 9.99369E-05 0.110583 9.99369E-05 9.99369E-05 9.99369E-05 9.99369E-05 0.778355
9.99465E-05 9.99465E-05 9.99465E-05 0.122106 0.0856344 0.667997 9.99465E-05 9.99465E-05 0.0401218 0.0835412 9.99465E-05
9.9937E-05 9.9937E-05 0.0181627 9.9937E-05 0.0348487 0.939939 9.9937E-05 9.9937E-05 9.9937E-05 0.0063503 9.9937E-05
0.0699137 9.99641E-05 0.0978404 0.232237 9.99641E-05 0.404997 9.99641E-05 0.019367 9.99641E-05 0.076907 0.0983381
0.020546 9.9937E-05 0.014663 9.9937E-05 9.9937E-05 0.96166 9.9937E-05 9.9937E-05 0.00243136 9.9937E-05 9.9937E-05
9.99188E-05 9.99188E-05 9.99188E-05 0.969636 9.99188E-05 9.99188E-05 0.0294645 9.99188E-05 9.99188E-05 9.99188E-05 9.99188E-05
0.0138776 9.9964E-05 0.0268422 0.224828 0.0111454 0.388635 9.9964E-05 9.9964E-05 9.9964E-05 0.225092 0.109179
9.99278E-05 0.0630012 9.99278E-05 0.900227 9.99278E-05 9.99278E-05 9.99278E-05 9.99278E-05 9.99278E-05 9.99278E-05 0.0359727
9.9919E-05 9.9919E-05 0.852527 0.146573 9.9919E-05 9.9919E-05 9.9919E-05 9.9919E-05 9.9919E-05 9.9919E-05 9.9919E-05
9.9919E-05 9.9919E-05 0.853405 0.145696 9.9919E-05 9.9919E-05 9.9919E-05 9.9919E-05 9.9919E-05 9.9919E-05 9.9919E-05
9.9937E-05 9.9937E-05 9.9937E-05 9.9937E-05 0.152766 0.00389128 0.15673 0.685912 9.9937E-05 9.9937E-05 9.9937E-05
9.99192E-05 9.99192E-05 9.99192E-05 0.0371956 9.99192E-05 9.99192E-05 0.961905 9.99192E-05 9.99192E-05 9.99192E-05 9.99192E-05
0.049345 9.9937E-05 9.9937E-05 9.9937E-05 9.9937E-05 0.903825 0.000955887 9.9937E-05 9.9937E-05 9.9937E-05 0.0451741
9.99371E-05 9.99371E-05 0.0248084 9.99371E-05 9.99371E-05 0.932162 9.99371E-05 0.0413366 0.000993227 9.99371E-05 9.99371E-05
9.9928E-05 0.771714 0.0874149 9.9928E-05 9.9928E-05 9.9928E-05 0.140071 9.9928E-05 9.9928E-05 9.9928E-05 9.9928E-05
0.924824 0.0119112 0.0624657 9.99278E-05 9.99278E-05 9.99278E-05 9.99278E-05 9.99278E-05 9.99278E-05 9.99278E-05 9.99278E-05
9.99549E-05 0.0912334 0.0657414 9.99549E-05 9.99549E-05 9.99549E-05 9.99549E-05 0.00918041 0.729694 0.0206683 0.0829832
9.9919E-05 9.9919E-05 9.9919E-05 9.9919E-05 0.0784695 9.9919E-05 9.9919E-05 9.9919E-05 0.920631 9.9919E-05 9.9919E-05
0.0611851 0.348537 0.477188 9.99459E-05 0.0456172 9.99459E-05 9.99459E-05 0.0668732 9.99459E-05 9.99459E-05 9.99459E-05
9.99102E-05 9.99102E-05 9.99102E-05 9.99102E-05 9.99102E-05 9.99102E-05 9.99102E-05 9.99102E-05 0.999001 9.99102E-05 9.99102E-05
0.0746028 0.287994 0.107165 9.99459E-05 9.99459E-05 9.99459E-05 0.0325598 0.497079 9.99459E-05 9.99459E-05 9.99459E-05
0.301154 9.99461E-05 0.167319 9.99461E-05 0.156321 9.99461E-05 9.99461E-05 9.99461E-05 0.350207 0.024399 9.99461E-05
0.0247601 9.99369E-05 0.0485977 9.99369E-05 0.0436735 9.99369E-05 9.99369E-05 9.99369E-05 0.882269 9.99369E-05 9.99369E-05
9.99192E-05 9.99192E-05 9.99192E-05 9.99192E-05 9.99192E-05 0.96826 9.99192E-05 9.99192E-05 9.99192E-05 0.0308408 9.99192E-05
9.99102E-05 9.99102E-05 9.99102E-05 9.99102E-05 9.99102E-05 0.999001 9.99102E-05 9.99102E-05 9.99102E-05 9.99102E-05 9.99102E-05
0.00497052 9.99459E-05 0.0948328 9.99459E-05 0.0480777 9.99459E-05 0.765235 0.0862842 9.99459E-05 9.99459E-05 9.99459E-05
9.9928E-05 9.9928E-05 9.9928E-05 0.00685848 9.9928E-05 0.922821 9.9928E-05 9.9928E-05 9.9928E-05 0.0695209 9.9928E-05
9.9937E-05 0.0356642 9.9937E-05 0.0226944 9.9937E-05 0.89129 9.9937E-05 9.9937E-05 9.9937E-05 0.0496516 9.9937E-05
0.0520542 9.99641E-05 9.99641E-05 9.99641E-05 0.00678593 0.65288 0.0289326 9.99641E-05 0.00889374 0.232025 0.0180285
0.0513969 9.99461E-05 9.99461E-05 0.063933 0.0426392 0.567003 9.99461E-05 9.99461E-05 9.99461E-05 0.274428 9.99461E-05
9.99103E-05 9.99103E-05 9.99103E-05 9.99103E-05 9.99103E-05 9.99103E-05 9.99103E-05 9.99103E-05 9.99103E-05 9.99103E-05 0.999001
0.00373261 0.0123128 9.99372E-05 0.0378102 9.99372E-05 0.945445 9.99372E-05 9.99372E-05 9.99372E-05 9.99372E-05 9.99372E-05
0.0111859 9.99641E-05 9.99641E-05 0.0586252 0.00455233 0.0726453 9.99641E-05 0.0028135 9.99641E-05 0.817767 0.0320108
0.353044 9.99639E-05 0.0412855 9.99639E-05 0.0815761 0.0227736 0.465636 0.0238325 9.99639E-05 0.0114519 9.99639E-05
0.0033053 0.0235242 9.99549E-05 0.0047207 0.0106084 0.952121 0.00522049 9.99549E-05 9.99549E-05 9.99549E-05 9.99549E-05
0.0197917 9.99191E-05 9.99191E-05 9.99191E-05 9.99191E-05 9.99191E-05 9.99191E-05 0.979309 9.99191E-05 9.99191E-05 9.99191E-05
0.0405731 9.9946E-05 0.686693 9.9946E-05 9.9946E-05 0.0109401 9.9946E-05 0.0506833 9.9946E-05 9.9946E-05 0.210511
0.999001 9.99101E-05 9.99101E-05 9.99101E-05 9.99101E-05 9.99101E-05 9.99101E-05 9.99101E-05 9.99101E-05 9.99101E-05 9.99101E-05
0.188652 0.301904 0.208216 9.99549E-05 9.99549E-05 0.0554053 9.99549E-05 0.213195 9.99549E-05 9.99549E-05 0.0321285
0.143362 0.286713 0.264832 9.99549E-05 9.99549E-05 0.0131552 9.99549E-05 0.224805 9.99549E-05 9.99549E-05 0.0666332
0.0158508 0.0386911 0.930641 9.99369E-05 9.99369E-05 9.99369E-05 0.0141176 9.99369E-05 9.99369E-05 9.99369E-05 9.99369E-05
9.9937E-05 0.886288 9.9937E-05 0.0691398 9.9937E-05 9.9937E-05 0.032922 9.9937E-05 0.0109509 9.9937E-05 9.9937E-05
9.9946E-05 0.000471354 0.948894 9.9946E-05 9.9946E-05 0.000316291 0.0251551 0.0245632 9.9946E-05 9.9946E-05 9.9946E-05
9.9964E-05 0.0222144 0.511461 9.9964E-05 0.100577 9.9964E-05 0.156498 0.0390901 0.111184 9.9964E-05 0.0585748
0.027893 0.143947 0.526417 9.9964E-05 9.9964E-05 0.0620909 9.9964E-05 0.110206 0.0368284 9.9964E-05 0.0922187
0.308473 9.9964E-05 0.222695 0.0375692 9.9964E-05 0.06171 0.0874362 0.211256 9.9964E-05 0.0704603 9.9964E-05
9.99196E-05 9.99196E-05 9.99196E-05 9.99196E-05 9.99196E-05 9.99196E-05 9.99196E-05 0.992991 0.00611004 9.99196E-05 9.99196E-05
9.99101E-05 9.99101E-05 9.99101E-05 9.99101E-05 9.99101E-05 9.99101E-05 9.99101E-05 9.99101E-05 9.99101E-05 0.999001 9.99101E-05
9.99101E-05 9.99101E-05 9.99101E-05 9.99101E-05 9.99101E-05 9.99101E-05 9.99101E-05 9.99101E-05 9.99101E-05 0.999001 9.99101E-05
9.9928E-05 0.00287424 0.00699691 9.9928E-05 9.9928E-05 9.9928E-05 9.9928E-05 9.9928E-05 9.9928E-05 0.989329 9.9928E-05
9.99191E-05 9.99191E-05 9.99191E-05 9.99191E-05 9.99191E-05 0.00904516 9.99191E-05 9.99191E-05 9.99191E-05 0.990056 9.99191E-05
9.99101E-05 9.99101E-05 9.99101E-05 9.99101E-05 9.99101E-05 9.99101E-05 9.99101E-05 9.99101E-05 9.99101E-05 0.999001 9.99101E-05
9.996E-05 0.0359408 0.0178512 0.176414 9.996E-05 0.236755 9.996E-05 9.996E-05 0.0181814 0.470878 0.0435788
9.9928E-05 0.0191001 9.9928E-05 9.9928E-05 9.9928E-05 9.9928E-05 9.9928E-05 9.9928E-05 9.9928E-05 0.907693 0.0724073
9.99279E-05 0.175294 9.99279E-05 9.99279E-05 9.99279E-05 9.99279E-05 0.00787645 0.81603 9.99279E-05 9.99279E-05 9.99279E-05
9.99459E-05 0.0136648 9.99459E-05 0.0489969 0.0188634 9.99459E-05 9.99459E-05 9.99459E-05 9.99459E-05 0.049551 0.868324
0.00628115 9.99279E-05 9.99279E-05 9.99279E-05 9.99279E-05 0.98721 9.99279E-05 0.00570978 9.99279E-05 9.99279E-05 9.99279E-05
9.9946E-05 0.144354 9.9946E-05 9.9946E-05 0.0421091 9.9946E-05 0.80087 0.0104175 9.9946E-05 0.00164927 9.9946E-05
9.99192E-05 0.914537 9.99192E-05 9.99192E-05 9.99192E-05 9.99192E-05 0.0845637 9.99192E-05 9.99192E-05 9.99192E-05 9.99192E-05
9.99192E-05 9.99192E-05 9.99192E-05 0.0350902 9.99192E-05 9.99192E-05 0.964011 9.99192E-05 9.99192E-05 9.99192E-05 9.99192E-05
9.99369E-05 0.0157475 0.109977 9.99369E-05 9.99369E-05 9.99369E-05 0.868643 9.99369E-05 9.99369E-05 9.99369E-05 0.0049327
9.99278E-05 9.99278E-05 0.0880901 9.99278E-05 0.0761768 9.99278E-05 0.834934 9.99278E-05 9.99278E-05 9.99278E-05 9.99278E-05
9.99282E-05 9.99282E-05 9.99282E-05 9.99282E-05 9.99282E-05 9.99282E-05 9.99282E-05 0.0804154 0.911808 9.99282E-05 0.00697694
9.99104E-05 9.99104E-05 9.99104E-05 9.99104E-05 9.99104E-05 0.999001 9.99104E-05 9.99104E-05 9.99104E-05 9.99104E-05 9.99104E-05
0.0277231 0.0143745 0.223585 0.136071 0.0170347 0.352327 0.0777503 0.0417489 0.0522046 0.011242 0.0459402
9.99193E-05 9.99193E-05 9.99193E-05 9.99193E-05 9.99193E-05 0.964388 0.0347132 9.99193E-05 9.99193E-05 9.99193E-05 9.99193E-05
0.060497 9.99459E-05 9.99459E-05 0.00562567 9.99459E-05 0.900329 9.99459E-05 0.0300403 9.99459E-05 0.00290846 9.99459E-05
9.9937E-05 0.0171071 9.9937E-05 0.0157993 9.9937E-05 0.896199 9.9937E-05 9.9937E-05 9.9937E-05 0.0701949 9.9937E-05
9.9946E-05 0.0371012 9.9946E-05 0.013447 9.9946E-05 0.907338 9.9946E-05 9.9946E-05 0.0177662 0.0237478 9.9946E-05
0.0186618 9.99551E-05 0.0538918 0.020684 0.00692434 0.873049 9.99551E-05 9.99551E-05 9.99551E-05 9.99551E-05 0.0262892
0.0250427 9.99279E-05 9.99279E-05 9.99279E-05 9.99279E-05 0.957005 9.99279E-05 9.99279E-05 9.99279E-05 9.99279E-05 0.0171532
0.0573572 9.99372E-05 9.99372E-05 0.290567 9.99372E-05 0.433931 9.99372E-05 9.99372E-05 9.99372E-05 0.217445 9.99372E-05
9.99282E-05 9.99282E-05 9.99282E-05 0.475662 9.99282E-05 0.439603 9.99282E-05 9.99282E-05 9.99282E-05 0.0839354 9.99282E-05
9.99371E-05 0.00489345 0.022327 9.99371E-05 0.0131941 0.958886 9.99371E-05 9.99371E-05 9.99371E-05 9.99371E-05 9.99371E-05
9.9919E-05 0.987667 9.9919E-05 9.9919E-05 9.9919E-05 9.9919E-05 9.9919E-05 9.9919E-05 9.9919E-05 0.0114339 9.9919E-05
9.9928E-05 0.978158 9.9928E-05 9.9928E-05 0.00391072 9.9928E-05 9.9928E-05 9.9928E-05 9.9928E-05 0.0171316 9.9928E-05
9.99101E-05 9.99101E-05 9.99101E-05 9.99101E-05 0.999001 9.99101E-05 9.99101E-05 9.99101E-05 9.99101E-05 9.99101E-05 9.99101E-05
9.99101E-05 9.99101E-05 9.99101E-05 9.99101E-05 0.999001 9.99101E-05 9.99101E-05 9.99101E-05 9.99101E-05 9.99101E-05 9.99101E-05
9.99459E-05 0.0704473 0.83668 9.99459E-05 9.99459E-05 9.99459E-05 0.00569516 0.00957578 9.99459E-05 9.99459E-05 0.0770026
9.99459E-05 0.112405 0.784347 9.99459E-05 9.99459E-05 9.99459E-05 0.0351538 0.0233558 9.99459E-05 9.99459E-05 0.0441391
9.99281E-05 0.0300993 9.99281E-05 9.99281E-05 0.955973 9.99281E-05 9.99281E-05 9.99281E-05 9.99281E-05 9.99281E-05 0.013128
9.99191E-05 9.99191E-05 9.99191E-05 9.99191E-05 0.997289 9.99191E-05 9.99191E-05 0.00181152 9.99191E-05 9.99191E-05 9.99191E-05
9.99279E-05 0.049282 9.99279E-05 9.99279E-05 9.99279E-05 9.99279E-05 0.017449 0.93247 9.99279E-05 9.99279E-05 9.99279E-05
0.0121976 0.469489 0.119041 0.101913 9.99729E-05 9.99729E-05 0.19067 0.0134459 0.0790802 9.99729E-05 0.0138633
9.9928E-05 9.9928E-05 9.9928E-05 0.0396518 9.9928E-05 9.9928E-05 9.9928E-05 9.9928E-05 9.9928E-05 0.073264 0.886285
0.327835 9.99552E-05 0.264452 9.99552E-05 0.0797428 0.011994 0.255145 9.99552E-05 0.0603305 9.99552E-05 9.99552E-05
0.417893 0.0206296 9.99551E-05 9.99551E-05 0.0881679 9.99551E-05 0.296315 0.137721 0.0387731 9.99551E-05 9.99551E-05
9.99462E-05 9.99462E-05 9.99462E-05 0.125476 0.0416713 0.572456 9.99462E-05 9.99462E-05 0.00429741 0.255499 9.99462E-05
