9.99369E-05 9.99369E-05 9.99369E-05 9.99369E-05 0.000394257 0.936994 9.99369E-05 9.99369E-05 9.99369E-05 0.049998 0.0119138
0.290306 9.99458E-05 9.99458E-05 0.527058 9.99458E-05 0.00605321 9.99458E-05 0.168126 9.99458E-05 9.99458E-05 0.00785683
9.99465E-05 9.99465E-05 9.99465E-05 0.069248 9.99465E-05 9.99465E-05 0.0370165 0.782114 0.0913979 9.99465E-05 0.0196236
9.9937E-05 0.00239922 9.9937E-05 9.9937E-05 9.9937E-05 9.9937E-05 9.9937E-05 0.926921 9.9937E-05 0.0319944 0.0379863
0.117386 0.0478251 9.99641E-05 0.396619 0.0249633 0.00148921 9.99641E-05 0.342675 9.99641E-05 0.0686417 9.99641E-05
0.0511983 9.9919E-05 9.9919E-05 9.9919E-05 9.9919E-05 9.9919E-05 9.9919E-05 0.947902 9.9919E-05 9.9919E-05 9.9919E-05
9.9928E-05 9.9928E-05 0.0415225 0.722889 9.9928E-05 9.9928E-05 9.9928E-05 9.9928E-05 0.234789 9.9928E-05 9.9928E-05
9.9946E-05 0.131073 9.9946E-05 0.479432 0.0129604 9.9946E-05 9.9946E-05 0.345198 9.9946E-05 0.0307372 9.9946E-05
9.99279E-05 9.99279E-05 0.112915 0.731138 9.99279E-05 9.99279E-05 9.99279E-05 9.99279E-05 0.155148 9.99279E-05 9.99279E-05
9.99191E-05 9.99191E-05 9.99191E-05 0.0478106 9.99191E-05 9.99191E-05 9.99191E-05 9.99191E-05 9.99191E-05 0.95129 9.99191E-05
9.99102E-05 9.99102E-05 9.99102E-05 9.99102E-05 9.99102E-05 9.99102E-05 9.99102E-05 9.99102E-05 9.99102E-05 0.999001 9.99102E-05
9.9946E-05 9.9946E-05 9.9946E-05 9.9946E-05 0.0206007 0.664849 9.9946E-05 0.0193213 0.160889 9.9946E-05 0.13374
9.99192E-05 9.99192E-05 9.99192E-05 9.99192E-05 9.99192E-05 9.99192E-05 9.99192E-05 0.0205173 0.978583 9.99192E-05 9.99192E-05
0.0482285 9.9937E-05 9.9937E-05 9.9937E-05 0.00959377 9.9937E-05 0.00208242 0.939396 9.9937E-05 9.9937E-05 9.9937E-05
0.0876782 9.99191E-05 9.99191E-05 9.99191E-05 9.99191E-05 9.99191E-05 9.99191E-05 0.911423 9.99191E-05 9.99191E-05 9.99191E-05
0.00352975 9.9946E-05 0.806174 9.9946E-05 0.0186202 9.9946E-05 9.9946E-05 9.9946E-05 0.143726 0.0273499 9.9946E-05
9.99188E-05 9.99188E-05 9.99188E-05 9.99188E-05 0.919844 9.99188E-05 9.99188E-05 9.99188E-05 9.99188E-05 0.0792566 9.99188E-05
0.231975 0.0277193 9.99369E-05 9.99369E-05 9.99369E-05 9.99369E-05 0.698965 9.99369E-05 9.99369E-05 0.0406408 9.99369E-05
9.9928E-05 9.9928E-05 9.9928E-05 9.9928E-05 9.9928E-05 9.9928E-05 0.931064 9.9928E-05 0.00671798 9.9928E-05 0.0614188
9.99459E-05 9.99459E-05 0.317688 9.99459E-05 0.0991965 0.10178 9.99459E-05 9.99459E-05 9.99459E-05 0.462665 0.0180704
9.99191E-05 9.99191E-05 9.99191E-05 9.99191E-05 9.99191E-05 9.99191E-05 0.997465 0.00163589 9.99191E-05 9.99191E-05 9.99191E-05
0.248173 9.99549E-05 0.203894 9.99549E-05 0.0501062 0.395413 9.99549E-05 9.99549E-05 0.0392246 0.0626896 9.99549E-05
9.99461E-05 9.99461E-05 9.99461E-05 9.99461E-05 0.317769 9.99461E-05 0.328015 0.00519964 9.99461E-05 0.187122 0.161295
9.99279E-05 9.99279E-05 9.99279E-05 9.99279E-05 9.99279E-05 9.99279E-05 0.903337 9.99279E-05 9.99279E-05 0.0399833 0.0558798
9.99281E-05 9.99281E-05 9.99281E-05 9.99281E-05 0.00502361 9.99281E-05 9.99281E-05 0.98505 0.00912659 9.99281E-05 9.99281E-05
9.99101E-05 9.99101E-05 9.99101E-05 9.99101E-05 9.99101E-05 9.99101E-05 9.99101E-05 0.999001 9.99101E-05 9.99101E-05 9.99101E-05
9.99549E-05 9.99549E-05 0.0627272 9.99549E-05 0.0388153 0.0544239 9.99549E-05 9.99549E-05 0.72338 0.093006 0.0271476
9.9919E-05 0.0713056 9.9919E-05 9.9919E-05 9.9919E-05 9.9919E-05 9.9919E-05 0.927795 9.9919E-05 9.9919E-05 9.9919E-05
9.99371E-05 0.0585927 0.026486 9.99371E-05 9.99371E-05 9.99371E-05 0.000963353 0.913258 9.99371E-05 9.99371E-05 9.99371E-05
9.99551E-05 0.14106 9.99551E-05 0.0731294 9.99551E-05 9.99551E-05 0.0203137 0.693594 0.0501917 9.99551E-05 0.0212116
9.9946E-05 0.127458 9.9946E-05 0.18295 0.0515379 9.9946E-05 9.9946E-05 0.603447 9.9946E-05 9.9946E-05 0.0340077
0.0186303 0.0509354 9.9937E-05 0.85915 9.9937E-05 0.0705849 9.9937E-05 9.9937E-05 9.9937E-05 9.9937E-05 9.9937E-05
9.99372E-05 0.00065758 0.0290865 0.0138429 9.99372E-05 9.99372E-05 9.99372E-05 0.955713 9.99372E-05 9.99372E-05 9.99372E-05
9.99372E-05 0.747858 9.99372E-05 0.160623 0.00456963 9.99372E-05 9.99372E-05 0.0862502 9.99372E-05 9.99372E-05 9.99372E-05
0.0901715 0.0308179 9.99638E-05 9.99638E-05 0.282496 0.00201144 9.99638E-05 0.0180162 0.464476 9.99638E-05 0.111611
0.0369794 9.99279E-05 9.99279E-05 9.99279E-05 0.00527737 9.99279E-05 9.99279E-05 0.956944 9.99279E-05 9.99279E-05 9.99279E-05
9.9928E-05 9.9928E-05 9.9928E-05 9.9928E-05 0.0118222 0.955336 9.9928E-05 0.0320424 9.9928E-05 9.9928E-05 9.9928E-05
0.161321 9.99369E-05 9.99369E-05 0.176623 9.99369E-05 0.0875451 9.99369E-05 9.99369E-05 9.99369E-05 0.573811 9.99369E-05
9.99188E-05 9.99188E-05 9.99188E-05 0.00758046 0.99152 9.99188E-05 9.99188E-05 9.99188E-05 9.99188E-05 9.99188E-05 9.99188E-05
0.999001 9.99101E-05 9.99101E-05 9.99101E-05 9.99101E-05 9.99101E-05 9.99101E-05 9.99101E-05 9.99101E-05 9.99101E-05 9.99101E-05
0.999001 9.99101E-05 9.99101E-05 9.99101E-05 9.99101E-05 9.99101E-05 9.99101E-05 9.99101E-05 9.99101E-05 9.99101E-05 9.99101E-05
0.040601 9.99369E-05 0.0417078 9.99369E-05 9.99369E-05 0.0485777 9.99369E-05 9.99369E-05 9.99369E-05 0.868414 9.99369E-05
9.9955E-05 9.9955E-05 0.81087 0.00636094 9.9955E-05 0.0359486 0.0118528 9.9955E-05 0.0968371 0.037631 9.9955E-05
9.9937E-05 9.9937E-05 9.9937E-05 9.9937E-05 0.0166325 0.0446738 9.9937E-05 9.9937E-05 0.019294 0.9187 9.9937E-05
0.231376 0.0180201 0.0114111 9.9982E-05 0.00266371 0.0333525 0.0985782 9.9982E-05 0.182347 0.333153 0.0888976
0.285398 9.9973E-05 0.0958156 9.9973E-05 0.0188604 0.0860886 0.0368171 0.0472637 0.0238103 0.405647 9.9973E-05
9.9955E-05 0.0241689 9.9955E-05 9.9955E-05 0.288507 0.248975 9.9955E-05 0.0964209 0.10261 0.238818 9.9955E-05
9.99196E-05 9.99196E-05 9.99196E-05 9.99196E-05 9.99196E-05 0.998376 0.000724318 9.99196E-05 9.99196E-05 9.99196E-05 9.99196E-05
9.99101E-05 0.999001 9.99101E-05 9.99101E-05 9.99101E-05 9.99101E-05 9.99101E-05 9.99101E-05 9.99101E-05 9.99101E-05 9.99101E-05
9.99101E-05 0.999001 9.99101E-05 9.99101E-05 9.99101E-05 9.99101E-05 9.99101E-05 9.99101E-05 9.99101E-05 9.99101E-05 9.99101E-05
9.99191E-05 0.994602 9.99191E-05 9.99191E-05 0.00449826 9.99191E-05 9.99191E-05 9.99191E-05 9.99191E-05 9.99191E-05 9.99191E-05
9.99102E-05 0.999001 9.99102E-05 9.99102E-05 9.99102E-05 9.99102E-05 9.99102E-05 9.99102E-05 9.99102E-05 9.99102E-05 9.99102E-05
9.99101E-05 0.996921 9.99101E-05 9.99101E-05 9.99101E-05 9.99101E-05 9.99101E-05 0.00217933 9.99101E-05 9.99101E-05 9.99101E-05
9.99641E-05 0.385599 0.0247656 0.307233 9.99641E-05 9.99641E-05 0.0334071 0.191418 0.00474188 0.0524355 9.99641E-05
9.9937E-05 0.941665 0.00375894 0.0221021 9.9937E-05 0.0317743 9.9937E-05 9.9937E-05 9.9937E-05 9.9937E-05 9.9937E-05
9.99189E-05 9.99189E-05 0.182704 9.99189E-05 9.99189E-05 0.816396 9.99189E-05 9.99189E-05 9.99189E-05 9.99189E-05 9.99189E-05
0.0366674 0.0884139 0.008961 0.764163 9.99548E-05 0.0715735 9.99548E-05 9.99548E-05 9.99548E-05 9.99548E-05 0.0297218
0.03081 9.99189E-05 9.99189E-05 9.99189E-05 9.99189E-05 9.99189E-05 9.99189E-05 0.968291 9.99189E-05 9.99189E-05 9.99189E-05
0.194605 0.0228124 0.0276266 9.9937E-05 9.9937E-05 9.9937E-05 9.9937E-05 9.9937E-05 0.754256 9.9937E-05 9.9937E-05
9.99192E-05 9.99192E-05 0.896944 9.99192E-05 9.99192E-05 9.99192E-05 9.99192E-05 9.99192E-05 0.102157 9.99192E-05 9.99192E-05
9.99103E-05 9.99103E-05 9.99103E-05 9.99103E-05 9.99103E-05 9.99103E-05 9.99103E-05 9.99103E-05 0.999001 9.99103E-05 9.99103E-05
0.0332988 9.99279E-05 9.99279E-05 9.99279E-05 9.99279E-05 9.99279E-05 9.99279E-05 9.99279E-05 0.881512 0.0843894 9.99279E-05
0.0522665 9.99549E-05 9.99549E-05 9.99549E-05 0.00815409 9.99549E-05 0.00433059 9.99549E-05 0.781875 0.0884971 0.0643767
0.0514884 9.99372E-05 9.99372E-05 9.99372E-05 9.99372E-05 0.0445661 0.89195 0.0112964 9.99372E-05 9.99372E-05 9.99372E-05
9.99283E-05 9.99283E-05 0.010012 9.99283E-05 9.99283E-05 9.99283E-05 9.99283E-05 0.983901 9.99283E-05 0.00528739 9.99283E-05
9.9982E-05 0.0454519 0.0743001 0.13912 0.122789 0.090177 0.0515811 0.216647 9.9982E-05 0.21085 0.0488841
9.99193E-05 9.99193E-05 9.99193E-05 9.99193E-05 9.99193E-05 9.99193E-05 9.99193E-05 0.968321 0.0307798 9.99193E-05 9.99193E-05
0.0111997 9.9937E-05 9.9937E-05 9.9937E-05 0.0312956 0.0202371 9.9937E-05 0.936568 9.9937E-05 9.9937E-05 9.9937E-05
9.99279E-05 0.0526503 0.0844905 9.99279E-05 9.99279E-05 9.99279E-05 9.99279E-05 0.86206 9.99279E-05 9.99279E-05 9.99279E-05
9.9946E-05 0.0120135 0.077392 0.0174862 9.9946E-05 9.9946E-05 0.000995216 0.891513 9.9946E-05 9.9946E-05 9.9946E-05
0.0347322 9.99371E-05 9.99371E-05 0.0468159 9.99371E-05 9.99371E-05 9.99371E-05 0.887749 9.99371E-05 0.0300035 9.99371E-05
0.0221272 0.00296024 9.99279E-05 9.99279E-05 9.99279E-05 9.99279E-05 9.99279E-05 0.974113 9.99279E-05 9.99279E-05 9.99279E-05
9.99372E-05 0.130892 9.99372E-05 0.437481 0.0189876 9.99372E-05 9.99372E-05 0.41194 9.99372E-05 9.99372E-05 9.99372E-05
9.99373E-05 0.0267954 9.99373E-05 0.483488 9.99373E-05 9.99373E-05 9.99373E-05 0.419351 0.0696656 9.99373E-05 9.99373E-05
0.0225684 0.019838 9.99371E-05 9.99371E-05 9.99371E-05 9.99371E-05 9.99371E-05 0.948516 9.99371E-05 9.99371E-05 0.00837771
0.0127863 0.0144573 0.971957 9.9928E-05 9.9928E-05 9.9928E-05 9.9928E-05 9.9928E-05 9.9928E-05 9.9928E-05 9.9928E-05
9.99101E-05 9.99101E-05 0.999001 9.99101E-05 9.99101E-05 9.99101E-05 9.99101E-05 9.99101E-05 9.99101E-05 9.99101E-05 9.99101E-05
0.000588527 9.99191E-05 9.99191E-05 9.99191E-05 9.99191E-05 9.99191E-05 9.99191E-05 9.99191E-05 9.99191E-05 9.99191E-05 0.998512
9.99281E-05 9.99281E-05 9.99281E-05 9.99281E-05 9.99281E-05 0.00393053 9.99281E-05 9.99281E-05 0.00948249 9.99281E-05 0.985788
0.13735 9.9946E-05 0.0426737 0.0203264 9.9946E-05 9.9946E-05 9.9946E-05 9.9946E-05 0.0244218 0.774629 9.9946E-05
0.14129 9.99369E-05 0.121846 9.99369E-05 9.99369E-05 9.99369E-05 9.99369E-05 9.99369E-05 0.0489745 0.68719 9.99369E-05
9.99191E-05 9.99191E-05 0.0278042 9.99191E-05 9.99191E-05 9.99191E-05 9.99191E-05 9.99191E-05 9.99191E-05 9.99191E-05 0.971297
9.99101E-05 9.99101E-05 9.99101E-05 9.99101E-05 9.99101E-05 9.99101E-05 9.99101E-05 9.99101E-05 9.99101E-05 9.99101E-05 0.999001
9.99279E-05 0.00468126 0.0308369 9.99279E-05 9.99279E-05 0.963682 9.99279E-05 9.99279E-05 9.99279E-05 9.99279E-05 9.99279E-05
0.721546 9.9928E-05 0.0846938 9.9928E-05 9.9928E-05 9.9928E-05 9.9928E-05 9.9928E-05 0.19296 9.9928E-05 9.9928E-05
0.0840544 0.0928237 9.99368E-05 0.77676 9.99368E-05 0.0456622 9.99368E-05 9.99368E-05 9.99368E-05 9.99368E-05 9.99368E-05
9.99551E-05 9.99551E-05 9.99551E-05 9.99551E-05 0.422501 9.99551E-05 0.0667223 0.0133815 0.244117 0.198819 0.0539596
9.99461E-05 9.99461E-05 9.99461E-05 9.99461E-05 0.560722 0.139129 0.00488815 9.99461E-05 0.229709 9.99461E-05 0.0649516
9.99462E-05 0.127057 9.99462E-05 0.265 9.99462E-05 9.99462E-05 0.0280767 0.534329 9.99462E-05 9.99462E-05 0.0449373
