9.99369E-05 9.99369E-05 9.99369E-05 0.920627 0.00484533 0.0738285 9.99369E-05 9.99369E-05 9.99369E-05 9.99369E-05
0.119868 0.0832474 9.99459E-05 0.0596645 9.99459E-05 9.99459E-05 9.99459E-05 0.73662 9.99459E-05 9.99459E-05
0.729006 9.99732E-05 0.0712641 9.99732E-05 0.0325435 9.99732E-05 0.0327671 0.0259621 0.0322827 0.0758746
0.958046 9.9937E-05 9.9937E-05 9.9937E-05 0.0216407 0.0196136 9.9937E-05 9.9937E-05 9.9937E-05 9.9937E-05
0.425761 0.0696583 0.122071 0.00847734 9.99731E-05 0.120378 0.0857447 0.16761 9.99731E-05 9.99731E-05
0.957868 0.0375989 9.9937E-05 9.9937E-05 9.9937E-05 0.00383384 9.9937E-05 9.9937E-05 9.9937E-05 9.9937E-05
9.99201E-05 9.99201E-05 0.999101 9.99201E-05 9.99201E-05 9.99201E-05 9.99201E-05 9.99201E-05 9.99201E-05 9.99201E-05
0.405215 9.99551E-05 0.0529486 9.99551E-05 9.99551E-05 0.102156 0.224296 0.214884 9.99551E-05 9.99551E-05
9.9928E-05 9.9928E-05 0.950738 9.9928E-05 9.9928E-05 9.9928E-05 9.9928E-05 0.0484631 9.9928E-05 9.9928E-05
9.99282E-05 9.99282E-05 0.0871112 9.99282E-05 9.99282E-05 0.912089 9.99282E-05 9.99282E-05 9.99282E-05 9.99282E-05
9.99281E-05 9.99281E-05 0.11689 9.99281E-05 9.99281E-05 0.88231 9.99281E-05 9.99281E-05 9.99281E-05 9.99281E-05
0.0177235 9.9946E-05 9.9946E-05 0.707636 0.108038 9.9946E-05 9.9946E-05 9.9946E-05 9.9946E-05 0.166003
0.014878 9.99282E-05 9.99282E-05 9.99282E-05 9.99282E-05 9.99282E-05 9.99282E-05 9.99282E-05 9.99282E-05 0.984323
0.933212 0.052394 9.9946E-05 0.0132121 9.9946E-05 9.9946E-05 9.9946E-05 9.9946E-05 0.000581956 9.9946E-05
0.936214 9.9937E-05 9.9937E-05 0.0472718 9.9937E-05 0.015815 9.9937E-05 9.9937E-05 9.9937E-05 9.9937E-05
9.99639E-05 0.0793874 0.330168 0.184784 0.0220473 0.178028 9.99639E-05 9.99639E-05 9.99639E-05 0.205186
9.99279E-05 0.949742 9.99279E-05 9.99279E-05 9.99279E-05 0.0494585 9.99279E-05 9.99279E-05 9.99279E-05 9.99279E-05
9.99729E-05 0.0233051 0.0453847 0.0351794 9.99729E-05 0.0794557 0.0703959 0.0242139 0.721765 9.99729E-05
9.9937E-05 9.9937E-05 9.9937E-05 9.9937E-05 0.0741742 9.9937E-05 9.9937E-05 9.9937E-05 0.909781 0.0153455
9.99549E-05 0.118817 0.0775752 0.168098 0.0462839 0.588726 9.99549E-05 9.99549E-05 9.99549E-05 9.99549E-05
9.99201E-05 9.99201E-05 9.99201E-05 9.99201E-05 9.99201E-05 9.99201E-05 9.99201E-05 9.99201E-05 0.999101 9.99201E-05
9.99639E-05 0.107219 9.99639E-05 0.594151 0.00549622 0.15804 9.99639E-05 0.0481883 9.99639E-05 0.0865059
9.9946E-05 0.351341 9.9946E-05 9.9946E-05 0.180577 0.110253 9.9946E-05 9.9946E-05 0.357229 9.9946E-05
9.9946E-05 0.0170678 9.9946E-05 9.9946E-05 0.0287124 0.0305095 9.9946E-05 9.9946E-05 0.923111 9.9946E-05
0.999101 9.99201E-05 9.99201E-05 9.99201E-05 9.99201E-05 9.99201E-05 9.99201E-05 9.99201E-05 9.99201E-05 9.99201E-05
0.999101 9.99201E-05 9.99201E-05 9.99201E-05 9.99201E-05 9.99201E-05 9.99201E-05 9.99201E-05 9.99201E-05 9.99201E-05
9.99549E-05 0.0475928 9.99549E-05 0.0523794 0.0250619 0.112353 9.99549E-05 9.99549E-05 9.99549E-05 0.762113
0.924214 9.9937E-05 0.017265 9.9937E-05 9.9937E-05 9.9937E-05 0.0578211 9.9937E-05 9.9937E-05 9.9937E-05
0.907089 9.9946E-05 0.0477721 9.9946E-05 9.9946E-05 9.9946E-05 0.0406714 9.9946E-05 9.9946E-05 0.00386823
0.708705 9.99641E-05 9.99641E-05 9.99641E-05 0.00842426 9.99641E-05 0.154726 0.0808321 0.0121903 0.0347228
0.708641 0.0552548 9.99551E-05 9.99551E-05 0.0240038 9.99551E-05 0.183296 0.0283038 9.99551E-05 9.99551E-05
9.99201E-05 9.99201E-05 9.99201E-05 9.99201E-05 9.99201E-05 9.99201E-05 9.99201E-05 0.999101 9.99201E-05 9.99201E-05
0.963464 0.0315568 0.00427969 9.99371E-05 9.99371E-05 9.99371E-05 9.99371E-05 9.99371E-05 9.99371E-05 9.99371E-05
0.128025 9.99551E-05 0.0177458 0.00689163 9.99551E-05 9.99551E-05 0.799822 0.0470161 9.99551E-05 9.99551E-05
0.0360837 0.266145 9.99729E-05 0.0273543 0.101999 0.0570096 0.0127201 9.99729E-05 9.99729E-05 0.498388
0.95742 0.0142482 0.0104478 0.0172846 9.99459E-05 9.99459E-05 9.99459E-05 9.99459E-05 9.99459E-05 9.99459E-05
0.0237197 9.99371E-05 9.99371E-05 0.972451 0.00312939 9.99371E-05 9.99371E-05 9.99371E-05 9.99371E-05 9.99371E-05
9.9946E-05 0.0325995 9.9946E-05 0.059673 9.9946E-05 0.678261 9.9946E-05 0.228867 9.9946E-05 9.9946E-05
9.99201E-05 0.999101 9.99201E-05 9.99201E-05 9.99201E-05 9.99201E-05 9.99201E-05 9.99201E-05 9.99201E-05 9.99201E-05
0.0837798 0.184705 9.99549E-05 0.307826 9.99549E-05 0.416291 9.99549E-05 0.00689884 9.99549E-05 9.99549E-05
0.0377258 0.129657 9.99549E-05 0.317258 9.99549E-05 0.432113 9.99549E-05 0.0827468 9.99549E-05 9.99549E-05
9.99201E-05 9.99201E-05 9.99201E-05 9.99201E-05 9.99201E-05 0.999101 9.99201E-05 9.99201E-05 9.99201E-05 9.99201E-05
9.99548E-05 9.99548E-05 0.5201 0.228027 9.99548E-05 0.158599 9.99548E-05 9.99548E-05 0.0155416 0.0772327
9.9937E-05 9.9937E-05 9.9937E-05 0.000113081 9.9937E-05 0.975542 9.9937E-05 9.9937E-05 9.9937E-05 0.0236458
9.9964E-05 9.9964E-05 9.9964E-05 0.01108 0.1163 0.523908 9.9964E-05 0.0428797 0.112531 0.192901
0.0708693 9.9973E-05 9.9973E-05 0.121614 0.00475225 0.654693 9.9973E-05 0.048148 0.0350981 0.0645255
0.135004 0.242276 9.9964E-05 0.130134 9.9964E-05 0.300695 0.0352039 9.9964E-05 9.9964E-05 0.156287
9.99285E-05 9.99285E-05 9.99285E-05 0.97513 9.99285E-05 9.99285E-05 9.99285E-05 9.99285E-05 0.0240701 9.99285E-05
9.99201E-05 9.99201E-05 9.99201E-05 9.99201E-05 9.99201E-05 9.99201E-05 0.999101 9.99201E-05 9.99201E-05 9.99201E-05
9.99201E-05 9.99201E-05 9.99201E-05 9.99201E-05 9.99201E-05 9.99201E-05 0.999101 9.99201E-05 9.99201E-05 9.99201E-05
9.99201E-05 9.99201E-05 9.99201E-05 9.99201E-05 9.99201E-05 9.99201E-05 0.999101 9.99201E-05 9.99201E-05 9.99201E-05
9.99201E-05 9.99201E-05 9.99201E-05 9.99201E-05 9.99201E-05 9.99201E-05 0.999101 9.99201E-05 9.99201E-05 9.99201E-05
9.99201E-05 9.99201E-05 9.99201E-05 9.99201E-05 9.99201E-05 9.99201E-05 0.999101 9.99201E-05 9.99201E-05 9.99201E-05
0.225287 0.0250932 0.0528213 9.9991E-05 0.00522338 0.0458012 0.512525 0.0882414 0.0294414 0.015466
9.9946E-05 9.9946E-05 9.9946E-05 0.00885543 0.003533 9.9946E-05 0.947503 0.0395084 9.9946E-05 9.9946E-05
9.99369E-05 9.99369E-05 0.0455731 0.893059 9.99369E-05 9.99369E-05 9.99369E-05 9.99369E-05 9.99369E-05 0.0606679
9.99369E-05 9.99369E-05 0.0630584 9.99369E-05 9.99369E-05 9.99369E-05 0.047713 0.888529 9.99369E-05 9.99369E-05
0.966369 0.0328319 9.99279E-05 9.99279E-05 9.99279E-05 9.99279E-05 9.99279E-05 9.99279E-05 9.99279E-05 9.99279E-05
9.9946E-05 9.9946E-05 0.0483224 0.0674796 0.0331966 9.9946E-05 9.9946E-05 9.9946E-05 9.9946E-05 0.850402
9.9955E-05 9.9955E-05 0.421433 0.289775 0.0240483 0.0887787 9.9955E-05 9.9955E-05 9.9955E-05 0.175465
9.99282E-05 9.99282E-05 0.0147947 9.99282E-05 9.99282E-05 9.99282E-05 9.99282E-05 9.99282E-05 9.99282E-05 0.984406
9.99279E-05 9.99279E-05 9.99279E-05 9.99279E-05 9.99279E-05 0.113112 9.99279E-05 9.99279E-05 9.99279E-05 0.886089
9.99459E-05 0.000866779 9.99459E-05 9.99459E-05 0.0529889 0.0895003 9.99459E-05 9.99459E-05 9.99459E-05 0.856044
9.99282E-05 9.99282E-05 9.99282E-05 0.0974128 9.99282E-05 9.99282E-05 9.99282E-05 9.99282E-05 0.901788 9.99282E-05
0.966828 9.99372E-05 0.0316549 9.99372E-05 0.000817176 9.99372E-05 9.99372E-05 9.99372E-05 9.99372E-05 9.99372E-05
0.09525 0.16317 0.109919 0.130279 0.0777705 0.031466 0.169022 0.133855 0.0211045 0.068165
0.975213 9.99373E-05 0.0160124 9.99373E-05 9.99373E-05 9.99373E-05 9.99373E-05 9.99373E-05 9.99373E-05 0.00807524
0.921291 0.0376449 9.9946E-05 0.0143136 9.9946E-05 9.9946E-05 0.0261513 9.9946E-05 9.9946E-05 9.9946E-05
0.905342 9.9937E-05 0.0396218 9.9937E-05 9.9937E-05 9.9937E-05 0.0543369 9.9937E-05 9.9937E-05 9.9937E-05
0.854556 9.9955E-05 0.0493251 9.9955E-05 9.9955E-05 9.9955E-05 0.0335202 0.0402237 0.0218754 9.9955E-05
0.889935 9.99551E-05 9.99551E-05 0.00747091 0.00410814 0.0699936 9.99551E-05 0.0279928 9.99551E-05 9.99551E-05
0.950582 0.0486187 9.99279E-05 9.99279E-05 9.99279E-05 9.99279E-05 9.99279E-05 9.99279E-05 9.99279E-05 9.99279E-05
0.495861 0.0221331 0.123305 9.99553E-05 9.99553E-05 9.99553E-05 0.338998 0.0192023 9.99553E-05 9.99553E-05
0.487427 9.99463E-05 0.301894 9.99463E-05 9.99463E-05 9.99463E-05 0.198223 9.99463E-05 9.99463E-05 0.0118554
0.931818 9.9955E-05 9.9955E-05 9.9955E-05 0.0283592 0.0145663 0.0119771 9.9955E-05 9.9955E-05 0.0127797
9.99548E-05 0.0706396 0.547399 0.20108 0.057271 0.123111 9.99548E-05 9.99548E-05 9.99548E-05 9.99548E-05
9.99548E-05 0.00966663 0.596007 0.167774 0.0871566 0.138896 9.99548E-05 9.99548E-05 9.99548E-05 9.99548E-05
9.99201E-05 9.99201E-05 9.99201E-05 9.99201E-05 0.999101 9.99201E-05 9.99201E-05 9.99201E-05 9.99201E-05 9.99201E-05
9.99201E-05 9.99201E-05 9.99201E-05 9.99201E-05 0.999101 9.99201E-05 9.99201E-05 9.99201E-05 9.99201E-05 9.99201E-05
9.99369E-05 9.99369E-05 9.99369E-05 9.99369E-05 9.99369E-05 0.903582 9.99369E-05 0.0862355 9.99369E-05 0.00948309
9.99459E-05 9.99459E-05 0.0219357 9.99459E-05 9.99459E-05 0.892848 9.99459E-05 0.0351513 9.99459E-05 0.0494649
9.99461E-05 9.99461E-05 0.00662138 9.99461E-05 0.984112 9.99461E-05 0.00184992 0.00681752 9.99461E-05 9.99461E-05
9.99201E-05 9.99201E-05 9.99201E-05 9.99201E-05 0.999101 9.99201E-05 9.99201E-05 9.99201E-05 9.99201E-05 9.99201E-05
9.99279E-05 9.99279E-05 9.99279E-05 0.97611 9.99279E-05 9.99279E-05 9.99279E-05 9.99279E-05 9.99279E-05 0.0230902
9.99729E-05 0.027841 0.302023 0.11223 9.99729E-05 0.249634 9.99729E-05 0.054669 0.0556866 0.197617
9.99369E-05 9.99369E-05 0.0509293 9.99369E-05 9.99369E-05 9.99369E-05 0.0454339 0.902937 9.99369E-05 9.99369E-05
0.025701 0.268914 9.99642E-05 9.99642E-05 0.115915 0.239211 9.99642E-05 9.99642E-05 0.0861875 0.26367
9.99551E-05 0.377872 9.99551E-05 0.17182 0.146991 9.99551E-05 9.99551E-05 9.99551E-05 0.0152578 0.287559
0.595779 9.99731E-05 0.0288161 9.99731E-05 0.0341137 0.0271953 0.175174 0.101997 0.036625 9.99731E-05
