0.00298516 0.931519 0.0650955 9.99639E-05 9.99639E-05 9.99639E-05 9.99639E-05
9.9973E-05 0.186 0.249344 0.253227 9.9973E-05 9.9973E-05 0.311129
0.0233995 9.99822E-05 9.99822E-05 0.0640451 0.0260664 0.122336 0.763953
0.0295416 9.9955E-05 9.9955E-05 9.9955E-05 9.9955E-05 9.9955E-05 0.969959
9.99731E-05 0.0832235 0.263791 0.231474 9.99731E-05 9.99731E-05 0.421212
0.0200588 9.9964E-05 0.021227 9.9964E-05 9.9964E-05 9.9964E-05 0.958314
9.99731E-05 9.99731E-05 0.219337 0.346329 9.99731E-05 0.419288 0.0147459
0.0104674 9.99731E-05 0.164033 0.385938 9.99731E-05 9.99731E-05 0.439261
9.99731E-05 9.99731E-05 0.33351 0.366587 9.99731E-05 0.29577 0.00383369
9.995E-05 9.995E-05 0.9994 9.995E-05 9.995E-05 9.995E-05 9.995E-05
0.0102717 9.99551E-05 0.989229 9.99551E-05 9.99551E-05 9.99551E-05 9.99551E-05
0.104819 0.72804 9.9973E-05 9.9973E-05 9.9973E-05 0.104934 0.0619076
9.9955E-05 9.9955E-05 9.9955E-05 9.9955E-05 9.9955E-05 0.991598 0.00790232
0.0127319 0.0205321 9.9973E-05 9.9973E-05 0.0199973 9.9973E-05 0.946439
9.9964E-05 0.0633781 9.9964E-05 9.9964E-05 0.00297286 9.9964E-05 0.933249
9.9982E-05 0.0470021 0.600049 0.00252926 9.9982E-05 0.332805 0.0174144
0.364208 0.0104051 0.339118 9.9982E-05 0.0864633 0.199606 9.9982E-05
9.99729E-05 0.00199996 0.232664 0.0581818 0.706854 9.99729E-05 9.99729E-05
0.100987 9.9955E-05 9.9955E-05 9.9955E-05 0.898514 9.9955E-05 9.9955E-05
0.0736646 0.134417 0.750119 9.9973E-05 9.9973E-05 0.0415001 9.9973E-05
9.995E-05 9.995E-05 9.995E-05 9.995E-05 0.9994 9.995E-05 9.995E-05
0.0217258 0.540546 0.319093 9.9973E-05 9.9973E-05 0.118335 9.9973E-05
0.345039 9.9982E-05 0.227408 0.0139005 0.388171 9.9982E-05 0.0252811
0.101658 9.99549E-05 9.99549E-05 9.99549E-05 0.897842 9.99549E-05 9.99549E-05
9.99551E-05 9.99551E-05 9.99551E-05 0.0258798 9.99551E-05 9.99551E-05 0.97362
9.995E-05 9.995E-05 9.995E-05 9.995E-05 9.995E-05 9.995E-05 0.9994
0.0942427 0.111228 0.0560163 9.99729E-05 9.99729E-05 0.738213 9.99729E-05
9.9955E-05 9.9955E-05 9.9955E-05 0.0525967 9.9955E-05 9.9955E-05 0.946904
9.9973E-05 0.0166705 9.9973E-05 0.0757511 9.9973E-05 0.00147338 0.905805
0.0267731 0.00812384 9.9982E-05 0.258909 0.0255063 9.9982E-05 0.680487
0.0541682 9.9973E-05 9.9973E-05 0.255043 0.0108131 9.9973E-05 0.679676
9.99731E-05 0.211143 0.12162 0.559831 9.99731E-05 9.99731E-05 0.107105
9.995E-05 9.995E-05 9.995E-05 9.995E-05 9.995E-05 9.995E-05 0.9994
0.00513263 9.99641E-05 9.99641E-05 0.89954 9.99641E-05 9.99641E-05 0.0949275
0.220331 0.0906177 0.0232682 9.99819E-05 9.99819E-05 0.621801 0.0437823
9.99639E-05 0.00545154 9.99639E-05 9.99639E-05 9.99639E-05 0.0302689 0.96388
0.0167022 0.980247 9.9964E-05 9.9964E-05 9.9964E-05 9.9964E-05 0.00265135
9.9982E-05 0.120113 0.762258 0.0616133 0.022417 9.9982E-05 0.033399
0.382162 0.00748833 0.235194 9.9991E-05 0.0419469 0.176084 0.157024
0.0232517 0.278124 0.618035 9.9973E-05 9.9973E-05 9.9973E-05 0.0802888
0.0339596 0.289322 0.61018 9.9982E-05 0.0123752 9.9982E-05 0.0539632
9.9964E-05 0.0482446 0.937841 9.9964E-05 0.0135142 9.9964E-05 9.9964E-05
9.9964E-05 0.0807225 0.705471 9.9964E-05 9.9964E-05 0.213407 9.9964E-05
0.0197111 0.0188411 0.929136 9.9973E-05 9.9973E-05 0.0320116 9.9973E-05
0.130789 0.0601907 0.553806 9.9982E-05 0.0984346 0.156579 9.9982E-05
0.0569112 0.199733 0.628034 9.9991E-05 0.0416111 0.00970028 0.0639097
0.114973 0.250438 0.227737 0.0644744 9.9991E-05 0.239656 0.102621
9.99553E-05 0.996801 9.99553E-05 9.99553E-05 0.00269882 9.99553E-05 9.99553E-05
9.995E-05 9.995E-05 9.995E-05 0.9994 9.995E-05 9.995E-05 9.995E-05
9.995E-05 9.995E-05 9.995E-05 0.9994 9.995E-05 9.995E-05 9.995E-05
9.995E-05 9.995E-05 9.995E-05 0.9994 9.995E-05 9.995E-05 9.995E-05
9.995E-05 9.995E-05 9.995E-05 0.9994 9.995E-05 9.995E-05 9.995E-05
9.995E-05 9.995E-05 9.995E-05 0.9994 9.995E-05 9.995E-05 9.995E-05
9.99821E-05 9.99821E-05 0.0949636 0.631226 0.0231556 0.0402394 0.210215
0.00140645 9.99549E-05 9.99549E-05 0.998094 9.99549E-05 9.99549E-05 9.99549E-05
9.99639E-05 0.84141 0.0866887 9.99639E-05 9.99639E-05 0.0715011 9.99639E-05
9.9973E-05 0.216097 0.14187 0.541608 9.9973E-05 9.9973E-05 0.100126
9.995E-05 9.995E-05 9.995E-05 9.995E-05 9.995E-05 9.995E-05 0.9994
0.0292127 0.110893 9.9964E-05 9.9964E-05 9.9964E-05 0.859494 9.9964E-05
0.011094 0.148801 0.446989 9.9982E-05 9.9982E-05 0.338461 0.0544549
9.995E-05 9.995E-05 9.995E-05 9.995E-05 9.995E-05 0.9994 9.995E-05
9.99639E-05 0.0049814 0.11924 9.99639E-05 9.99639E-05 0.875379 9.99639E-05
0.0985337 9.99729E-05 0.0385018 9.99729E-05 0.00103166 0.861633 9.99729E-05
9.99551E-05 0.0942504 9.99551E-05 9.99551E-05 0.90525 9.99551E-05 9.99551E-05
9.995E-05 9.995E-05 9.995E-05 9.995E-05 9.995E-05 9.995E-05 0.9994
0.138142 0.0779562 0.0881285 0.126435 0.0756968 0.21436 0.279282
9.99552E-05 9.99552E-05 9.99552E-05 9.99552E-05 9.99552E-05 0.02768 0.97182
9.9964E-05 0.0250047 9.9964E-05 0.0169528 9.9964E-05 9.9964E-05 0.957643
9.9964E-05 9.9964E-05 9.9964E-05 0.0714056 9.9964E-05 0.0150699 0.913125
9.9964E-05 9.9964E-05 9.9964E-05 0.0505856 0.0057005 9.9964E-05 0.943314
9.99641E-05 0.00461394 0.0634895 9.99641E-05 9.99641E-05 9.99641E-05 0.931497
0.00677366 0.00133249 9.99639E-05 9.99639E-05 9.99639E-05 9.99639E-05 0.991494
9.99553E-05 9.99553E-05 9.99553E-05 0.517568 9.99553E-05 9.99553E-05 0.481932
9.99642E-05 9.99642E-05 9.99642E-05 0.368211 9.99642E-05 0.171372 0.460017
9.9973E-05 9.9973E-05 0.040836 0.0169397 0.0028555 9.9973E-05 0.939069
9.9982E-05 0.0358175 0.748645 0.079187 9.9982E-05 0.0847666 0.0513835
9.9982E-05 0.00298418 0.76644 0.0916622 9.9982E-05 0.103279 0.0354345
0.9994 9.995E-05 9.995E-05 9.995E-05 9.995E-05 9.995E-05 9.995E-05
0.9994 9.995E-05 9.995E-05 9.995E-05 9.995E-05 9.995E-05 9.995E-05
0.00591685 0.0317282 0.953329 0.00872633 9.9973E-05 9.9973E-05 9.9973E-05
9.9964E-05 0.00662719 0.989767 9.9964E-05 9.9964E-05 0.00320587 9.9964E-05
0.994667 9.9955E-05 9.9955E-05 0.00483345 9.9955E-05 9.9955E-05 9.9955E-05
0.9994 9.995E-05 9.995E-05 9.995E-05 9.995E-05 9.995E-05 9.995E-05
9.99549E-05 0.968433 9.99549E-05 9.99549E-05 9.99549E-05 0.0310674 9.99549E-05
9.9982E-05 0.0561321 0.657096 9.9982E-05 0.0485818 0.232659 0.00533133
9.9982E-05 0.183655 0.122248 0.555094 9.9982E-05 0.018762 0.12004
0.279796 0.00758759 0.188769 9.9991E-05 0.115866 0.344167 0.0637155
0.327029 0.189266 9.9973E-05 9.9973E-05 0.0776791 0.405726 9.9973E-05
0.0245006 9.99731E-05 9.99731E-05 0.30335 0.0633433 9.99731E-05 0.608506
