9.99008E-05 9.99008E-05 9.99008E-05 9.99008E-05 9.99008E-05 0.0353828 9.99008E-05 9.99008E-05 9.99008E-05 9.99008E-05 0.0201049 9.99008E-05 0.943413 9.99008E-05
0.15103 9.99188E-05 9.99188E-05 9.99188E-05 9.99188E-05 9.99188E-05 0.679433 0.0981065 9.99188E-05 9.99188E-05 0.00318114 9.99188E-05 0.06735 9.99188E-05
9.98831E-05 9.98831E-05 9.98831E-05 9.98831E-05 9.98831E-05 9.98831E-05 9.98831E-05 9.98831E-05 9.98831E-05 9.98831E-05 9.98831E-05 9.98831E-05 9.98831E-05 0.998702
0.928992 9.991E-05 9.991E-05 9.991E-05 9.991E-05 9.991E-05 9.991E-05 9.991E-05 9.991E-05 9.991E-05 0.0381654 0.0282962 9.991E-05 0.00354752
0.240678 9.99551E-05 9.99551E-05 0.0411114 0.0150145 0.0973522 0.347717 0.0474132 0.0254368 9.99551E-05 9.99551E-05 0.162544 9.99551E-05 0.022233
0.890033 9.99191E-05 9.99191E-05 0.0200412 9.99191E-05 9.99191E-05 9.99191E-05 0.0284854 9.99191E-05 9.99191E-05 9.99191E-05 0.0359939 9.99191E-05 0.0245476
9.99102E-05 0.0552828 0.298848 9.99102E-05 9.99102E-05 9.99102E-05 0.530197 9.99102E-05 0.114673 9.99102E-05 9.99102E-05 9.99102E-05 9.99102E-05 9.99102E-05
0.0618009 9.993E-05 9.993E-05 9.993E-05 0.11289 0.0707657 0.116211 9.993E-05 0.430881 9.993E-05 0.013786 0.192966 9.993E-05 9.993E-05
9.99101E-05 0.100077 0.232994 9.99101E-05 9.99101E-05 9.99101E-05 0.600777 9.99101E-05 0.0651534 9.99101E-05 9.99101E-05 9.99101E-05 9.99101E-05 9.99101E-05
9.98834E-05 9.98834E-05 9.98834E-05 9.98834E-05 9.98834E-05 0.998702 9.98834E-05 9.98834E-05 9.98834E-05 9.98834E-05 9.98834E-05 9.98834E-05 9.98834E-05 9.98834E-05
9.98833E-05 9.98833E-05 9.98833E-05 9.98833E-05 9.98833E-05 0.998702 9.98833E-05 9.98833E-05 9.98833E-05 9.98833E-05 9.98833E-05 9.98833E-05 9.98833E-05 9.98833E-05
0.0224562 9.9919E-05 0.212362 9.9919E-05 9.9919E-05 9.9919E-05 9.9919E-05 9.9919E-05 9.9919E-05 9.9919E-05 0.113956 9.9919E-05 0.645731 0.0045955
9.99012E-05 9.99012E-05 0.965684 9.99012E-05 9.99012E-05 9.99012E-05 9.99012E-05 9.99012E-05 0.00720563 9.99012E-05 9.99012E-05 0.0260111 9.99012E-05 9.99012E-05
0.937518 9.99102E-05 9.99102E-05 0.00602535 9.99102E-05 9.99102E-05 9.99102E-05 0.0525224 9.99102E-05 0.00293482 9.99102E-05 9.99102E-05 9.99102E-05 9.99102E-05
0.949612 9.99012E-05 9.99012E-05 0.0222094 9.99012E-05 9.99012E-05 9.99012E-05 9.99012E-05 9.99012E-05 9.99012E-05 9.99012E-05 9.99012E-05 0.0270793 9.99012E-05
9.99101E-05 0.816784 0.0946118 9.99101E-05 9.99101E-05 0.0816649 9.99101E-05 0.00594017 9.99101E-05 9.99101E-05 9.99101E-05 9.99101E-05 9.99101E-05 9.99101E-05
9.98919E-05 9.98919E-05 9.98919E-05 9.98919E-05 9.98919E-05 0.0826707 9.98919E-05 0.916131 9.98919E-05 9.98919E-05 9.98919E-05 9.98919E-05 9.98919E-05 9.98919E-05
9.994E-05 0.0422556 9.994E-05 9.994E-05 0.0140893 0.125146 0.0537798 0.0379105 9.994E-05 0.696163 9.994E-05 9.994E-05 0.0231914 0.00686504
9.98922E-05 9.98922E-05 9.98922E-05 9.98922E-05 9.98922E-05 9.98922E-05 9.98922E-05 9.98922E-05 9.98922E-05 0.909431 0.0893708 9.98922E-05 9.98922E-05 9.98922E-05
9.99189E-05 0.322779 9.99189E-05 9.99189E-05 9.99189E-05 0.438335 9.99189E-05 0.100754 9.99189E-05 9.99189E-05 0.0266227 9.99189E-05 0.110609 9.99189E-05
9.9883E-05 9.9883E-05 9.9883E-05 9.9883E-05 9.9883E-05 9.9883E-05 9.9883E-05 9.9883E-05 9.9883E-05 0.998702 9.9883E-05 9.9883E-05 9.9883E-05 9.9883E-05
9.9919E-05 0.318867 0.0133534 9.9919E-05 9.9919E-05 0.0621685 9.9919E-05 0.0923375 9.9919E-05 9.9919E-05 9.9919E-05 9.9919E-05 0.512375 9.9919E-05
9.98829E-05 9.98829E-05 9.98829E-05 0.998702 9.98829E-05 9.98829E-05 9.98829E-05 9.98829E-05 9.98829E-05 9.98829E-05 9.98829E-05 9.98829E-05 9.98829E-05 9.98829E-05
9.98918E-05 9.98918E-05 9.98918E-05 0.292429 9.98918E-05 9.98918E-05 9.98918E-05 9.98918E-05 9.98918E-05 0.706372 9.98918E-05 9.98918E-05 9.98918E-05 9.98918E-05
0.966021 9.99103E-05 9.99103E-05 9.99103E-05 0.00238776 9.99103E-05 9.99103E-05 9.99103E-05 0.00333166 9.99103E-05 9.99103E-05 9.99103E-05 9.99103E-05 0.0272609
0.998702 9.98833E-05 9.98833E-05 9.98833E-05 9.98833E-05 9.98833E-05 9.98833E-05 9.98833E-05 9.98833E-05 9.98833E-05 9.98833E-05 9.98833E-05 9.98833E-05 9.98833E-05
9.99278E-05 0.00741845 0.733818 9.99278E-05 9.99278E-05 0.0655889 9.99278E-05 0.0264815 9.99278E-05 9.99278E-05 0.0559941 9.99278E-05 0.1099 9.99278E-05
0.917794 9.99101E-05 9.99101E-05 9.99101E-05 0.0488526 9.99101E-05 0.0123233 9.99101E-05 9.99101E-05 9.99101E-05 9.99101E-05 0.0200306 9.99101E-05 9.99101E-05
0.889526 9.99191E-05 0.0110575 9.99191E-05 0.0711977 9.99191E-05 0.0217317 9.99191E-05 9.99191E-05 9.99191E-05 9.99191E-05 9.99191E-05 9.99191E-05 0.00558779
0.308081 9.99192E-05 9.99192E-05 9.99192E-05 0.141622 9.99192E-05 9.99192E-05 9.99192E-05 9.99192E-05 9.99192E-05 9.99192E-05 0.468551 0.03384 0.0470064
0.0831193 9.99008E-05 9.99008E-05 9.99008E-05 9.99008E-05 9.99008E-05 9.99008E-05 9.99008E-05 0.027014 9.99008E-05 9.99008E-05 0.888768 9.99008E-05 9.99008E-05
9.98833E-05 9.98833E-05 9.98833E-05 9.98833E-05 9.98833E-05 9.98833E-05 0.998702 9.98833E-05 9.98833E-05 9.98833E-05 9.98833E-05 9.98833E-05 9.98833E-05 9.98833E-05
0.837746 9.98922E-05 9.98922E-05 9.98922E-05 9.98922E-05 9.98922E-05 9.98922E-05 9.98922E-05 0.161055 9.98922E-05 9.98922E-05 9.98922E-05 9.98922E-05 9.98922E-05
9.99282E-05 9.99282E-05 9.99282E-05 9.99282E-05 0.707167 9.99282E-05 0.0317843 0.00254625 0.177993 9.99282E-05 0.00802834 0.071682 9.99282E-05 9.99282E-05
9.99368E-05 9.99368E-05 0.493947 9.99368E-05 9.99368E-05 0.0474845 9.99368E-05 0.297371 0.000896693 9.99368E-05 0.0639085 0.0953155 0.000377209 9.99368E-05
0.93849 9.99099E-05 0.00939849 9.99099E-05 9.99099E-05 9.99099E-05 9.99099E-05 0.0147715 0.0363406 9.99099E-05 9.99099E-05 9.99099E-05 9.99099E-05 9.99099E-05
9.99011E-05 9.99011E-05 9.99011E-05 9.99011E-05 9.99011E-05 9.99011E-05 9.99011E-05 9.99011E-05 0.0243484 9.99011E-05 9.99011E-05 9.99011E-05 0.955425 0.0191275
9.99279E-05 9.99279E-05 9.99279E-05 0.0336418 9.99279E-05 0.599778 0.131961 0.0173759 0.0671116 9.99279E-05 9.99279E-05 9.99279E-05 0.149333 9.99279E-05
9.9892E-05 9.9892E-05 9.9892E-05 9.9892E-05 9.9892E-05 9.9892E-05 9.9892E-05 0.996312 0.00248928 9.9892E-05 9.9892E-05 9.9892E-05 9.9892E-05 9.9892E-05
0.0865121 0.29182 9.99188E-05 9.99188E-05 9.99188E-05 0.245115 9.99188E-05 0.148528 9.99188E-05 9.99188E-05 9.99188E-05 9.99188E-05 0.227126 9.99188E-05
0.0630824 0.306473 9.99368E-05 9.99368E-05 9.99368E-05 0.235372 9.99368E-05 0.114173 9.99368E-05 0.0172886 0.0123754 9.99368E-05 0.250537 9.99368E-05
9.99189E-05 0.00103696 0.00521718 9.99189E-05 9.99189E-05 0.890851 9.99189E-05 0.0519954 9.99189E-05 9.99189E-05 9.99189E-05 9.99189E-05 0.0500003 9.99189E-05
9.99191E-05 0.894102 0.0692452 9.99191E-05 9.99191E-05 0.0324075 0.00287125 9.99191E-05 9.99191E-05 9.99191E-05 9.99191E-05 9.99191E-05 0.000474737 9.99191E-05
9.9919E-05 9.9919E-05 0.0121234 9.9919E-05 0.00856204 0.899321 9.9919E-05 0.0480616 9.9919E-05 9.9919E-05 9.9919E-05 9.9919E-05 0.031033 9.9919E-05
9.99368E-05 0.100549 0.122956 0.406642 9.99368E-05 0.249562 0.0206216 9.99368E-05 9.99368E-05 9.99368E-05 0.0101694 9.99368E-05 0.0888 9.99368E-05
0.0580167 0.163841 9.99279E-05 0.212562 9.99279E-05 0.398986 9.99279E-05 9.99279E-05 0.00387032 9.99279E-05 9.99279E-05 9.99279E-05 0.161925 9.99279E-05
0.0562179 9.9946E-05 0.155667 0.0687663 0.0076823 0.212222 9.9946E-05 0.176272 9.9946E-05 9.9946E-05 9.9946E-05 0.0989285 0.223645 9.9946E-05
9.98927E-05 9.98927E-05 9.98927E-05 9.98927E-05 9.98927E-05 9.98927E-05 9.98927E-05 9.98927E-05 9.98927E-05 0.0198988 9.98927E-05 9.98927E-05 0.978902 9.98927E-05
9.98831E-05 9.98831E-05 9.98831E-05 9.98831E-05 0.998702 9.98831E-05 9.98831E-05 9.98831E-05 9.98831E-05 9.98831E-05 9.98831E-05 9.98831E-05 9.98831E-05 9.98831E-05
9.98832E-05 9.98832E-05 9.98832E-05 9.98832E-05 0.998702 9.98832E-05 9.98832E-05 9.98832E-05 9.98832E-05 9.98832E-05 9.98832E-05 9.98832E-05 9.98832E-05 9.98832E-05
9.98921E-05 9.98921E-05 9.98921E-05 9.98921E-05 0.970433 0.0283679 9.98921E-05 9.98921E-05 9.98921E-05 9.98921E-05 9.98921E-05 9.98921E-05 9.98921E-05 9.98921E-05
9.98832E-05 9.98832E-05 9.98832E-05 9.98832E-05 0.998702 9.98832E-05 9.98832E-05 9.98832E-05 9.98832E-05 9.98832E-05 9.98832E-05 9.98832E-05 9.98832E-05 9.98832E-05
9.98831E-05 9.98831E-05 9.98831E-05 9.98831E-05 0.998702 9.98831E-05 9.98831E-05 9.98831E-05 9.98831E-05 9.98831E-05 9.98831E-05 9.98831E-05 9.98831E-05 9.98831E-05
9.99461E-05 0.000167371 9.99461E-05 0.0685445 0.379162 0.0158344 0.0751911 9.99461E-05 0.0855597 9.99461E-05 9.99461E-05 0.311638 9.99461E-05 0.0633034
9.99101E-05 9.99101E-05 9.99101E-05 9.99101E-05 0.942361 9.99101E-05 0.0342456 9.99101E-05 9.99101E-05 9.99101E-05 0.00321201 9.99101E-05 0.0191825 9.99101E-05
9.99009E-05 0.16607 0.0188806 9.99009E-05 9.99009E-05 9.99009E-05 9.99009E-05 9.99009E-05 9.99009E-05 9.99009E-05 9.99009E-05 9.99009E-05 0.813951 9.99009E-05
9.99098E-05 9.99098E-05 9.99098E-05 9.99098E-05 0.0178602 9.99098E-05 0.946063 9.99098E-05 9.99098E-05 9.99098E-05 0.0276734 9.99098E-05 9.99098E-05 0.00740428
0.965392 9.9892E-05 9.9892E-05 9.9892E-05 9.9892E-05 9.9892E-05 9.9892E-05 0.033409 9.9892E-05 9.9892E-05 9.9892E-05 9.9892E-05 9.9892E-05 9.9892E-05
9.9919E-05 0.111063 0.786448 9.9919E-05 0.00700399 9.9919E-05 9.9919E-05 9.9919E-05 9.9919E-05 9.9919E-05 0.0408307 9.9919E-05 0.0537549 9.9919E-05
9.99013E-05 0.910947 0.0748818 9.99013E-05 9.99013E-05 9.99013E-05 9.99013E-05 9.99013E-05 9.99013E-05 9.99013E-05 9.99013E-05 9.99013E-05 9.99013E-05 0.0130721
9.99013E-05 9.99013E-05 0.982668 9.99013E-05 9.99013E-05 9.99013E-05 9.99013E-05 9.99013E-05 0.0141277 9.99013E-05 9.99013E-05 9.99013E-05 9.99013E-05 0.0021053
9.99099E-05 0.0048801 0.848159 9.99099E-05 9.99099E-05 0.0967357 9.99099E-05 9.99099E-05 9.99099E-05 9.99099E-05 9.99099E-05 9.99099E-05 0.0492259 9.99099E-05
9.99188E-05 9.99188E-05 0.794184 0.00058798 9.99188E-05 0.144974 9.99188E-05 0.0113121 9.99188E-05 9.99188E-05 0.0480417 9.99188E-05 9.99188E-05 9.99188E-05
9.99012E-05 9.99012E-05 9.99012E-05 9.99012E-05 9.99012E-05 0.0576262 9.99012E-05 9.99012E-05 9.99012E-05 0.925438 9.99012E-05 9.99012E-05 0.0158367 9.99012E-05
0.959845 9.99104E-05 9.99104E-05 9.99104E-05 9.99104E-05 9.99104E-05 9.99104E-05 9.99104E-05 9.99104E-05 9.99104E-05 0.0077114 0.027614 9.99104E-05 0.00383099
0.199505 0.145638 0.177806 0.0512132 0.160573 0.0418569 0.00639331 0.022823 0.027653 0.020717 0.0446022 0.0114976 0.0896226 9.9991E-05
0.776697 0.0100634 9.99102E-05 9.99102E-05 9.99102E-05 9.99102E-05 9.99102E-05 9.99102E-05 0.111602 9.99102E-05 9.99102E-05 9.99102E-05 9.99102E-05 0.100638
0.873499 9.9919E-05 9.9919E-05 9.9919E-05 0.0136099 9.9919E-05 9.9919E-05 0.0350056 9.9919E-05 9.9919E-05 9.9919E-05 0.0676429 9.9919E-05 0.009343
0.8679 0.04387 9.991E-05 9.991E-05 0.0341226 9.991E-05 9.991E-05 9.991E-05 0.053108 9.991E-05 9.991E-05 9.991E-05 9.991E-05 9.991E-05
0.896325 0.0304751 9.99101E-05 9.99101E-05 9.99101E-05 9.99101E-05 0.0682095 9.99101E-05 9.99101E-05 0.0039909 9.99101E-05 9.99101E-05 9.99101E-05 9.99101E-05
0.71251 9.99371E-05 9.99371E-05 9.99371E-05 9.99371E-05 0.0405292 9.99371E-05 0.00111691 0.0454343 9.99371E-05 0.00382991 0.190004 0.00587658 9.99371E-05
0.954307 9.9901E-05 9.9901E-05 9.9901E-05 0.00996931 9.9901E-05 9.9901E-05 0.0346244 9.9901E-05 9.9901E-05 9.9901E-05 9.9901E-05 9.9901E-05 9.9901E-05
9.9901E-05 9.9901E-05 9.9901E-05 9.9901E-05 0.0293449 9.9901E-05 9.9901E-05 0.00841526 0.961141 9.9901E-05 9.9901E-05 9.9901E-05 9.9901E-05 9.9901E-05
9.9901E-05 9.9901E-05 0.0140566 9.9901E-05 9.9901E-05 9.9901E-05 9.9901E-05 9.9901E-05 0.981896 0.00294808 9.9901E-05 9.9901E-05 9.9901E-05 9.9901E-05
0.88375 0.0216482 9.99281E-05 0.0119919 0.0477328 0.00344674 9.99281E-05 9.99281E-05 9.99281E-05 9.99281E-05 9.99281E-05 9.99281E-05 9.99281E-05 0.0306305
0.00580421 0.972622 9.991E-05 9.991E-05 9.991E-05 9.991E-05 9.991E-05 0.0149345 0.00563996 9.991E-05 9.991E-05 9.991E-05 9.991E-05 9.991E-05
9.9901E-05 0.984409 9.9901E-05 9.9901E-05 0.00891962 9.9901E-05 9.9901E-05 9.9901E-05 0.00557198 9.9901E-05 9.9901E-05 9.9901E-05 9.9901E-05 9.9901E-05
9.99011E-05 9.99011E-05 9.99011E-05 9.99011E-05 9.99011E-05 0.00379216 9.99011E-05 9.99011E-05 9.99011E-05 9.99011E-05 0.988934 9.99011E-05 0.00617499 9.99011E-05
9.98832E-05 9.98832E-05 9.98832E-05 9.98832E-05 9.98832E-05 9.98832E-05 9.98832E-05 9.98832E-05 9.98832E-05 9.98832E-05 0.998702 9.98832E-05 9.98832E-05 9.98832E-05
9.99189E-05 0.0746733 0.0231256 9.99189E-05 9.99189E-05 0.797602 0.0466308 9.99189E-05 9.99189E-05 9.99189E-05 9.99189E-05 9.99189E-05 0.0570691 9.99189E-05
9.9919E-05 0.138158 0.0245637 9.9919E-05 9.9919E-05 0.784287 0.0272731 9.9919E-05 9.9919E-05 9.9919E-05 9.9919E-05 9.9919E-05 0.024819 9.9919E-05
9.99011E-05 9.99011E-05 9.99011E-05 0.0242142 9.99011E-05 9.99011E-05 9.99011E-05 9.99011E-05 0.022917 9.99011E-05 0.95177 9.99011E-05 9.99011E-05 9.99011E-05
9.98832E-05 9.98832E-05 9.98832E-05 9.98832E-05 9.98832E-05 9.98832E-05 9.98832E-05 9.98832E-05 9.98832E-05 9.98832E-05 0.998702 9.98832E-05 9.98832E-05 9.98832E-05
9.99009E-05 9.99009E-05 0.02624 9.99009E-05 0.0234078 9.99009E-05 9.99009E-05 9.99009E-05 9.99009E-05 9.99009E-05 9.99009E-05 9.99009E-05 0.949253 9.99009E-05
9.9946E-05 0.534546 0.139284 0.0090495 9.9946E-05 0.178105 0.0543164 9.9946E-05 9.9946E-05 0.0541805 9.9946E-05 9.9946E-05 0.00260799 0.0273116
9.98919E-05 9.98919E-05 9.98919E-05 9.98919E-05 0.0457318 9.98919E-05 0.953069 9.98919E-05 9.98919E-05 9.98919E-05 9.98919E-05 9.98919E-05 9.98919E-05 9.98919E-05
0.0511977 9.99189E-05 0.261567 0.669365 9.99189E-05 9.99189E-05 9.99189E-05 9.99189E-05 9.99189E-05 9.99189E-05 0.00989399 9.99189E-05 0.00707656 9.99189E-05
9.99282E-05 9.99282E-05 0.298431 0.135785 9.99282E-05 9.99282E-05 9.99282E-05 0.291202 9.99282E-05 0.0271481 0.135325 9.99282E-05 0.11131 9.99282E-05
9.9883E-05 9.9883E-05 9.9883E-05 9.9883E-05 9.9883E-05 9.9883E-05 9.9883E-05 9.9883E-05 9.9883E-05 9.9883E-05 9.9883E-05 0.998702 9.9883E-05 9.9883E-05
