9.99549E-05 9.99549E-05 9.99549E-05 0.0207811 0.966898 9.99549E-05 9.99549E-05 0.0118211
9.997E-05 9.997E-05 0.577573 0.0913644 0.108178 9.997E-05 0.165645 0.0569394
0.00441373 9.997E-05 0.103735 9.997E-05 9.997E-05 0.0807541 0.715125 0.0956724
9.995E-05 0.00556967 9.995E-05 0.0198007 9.995E-05 9.995E-05 0.97413 9.995E-05
9.997E-05 0.0512386 0.3575 0.131457 0.0414508 9.997E-05 0.418054 9.997E-05
9.9955E-05 9.9955E-05 9.9955E-05 0.0190246 9.9955E-05 9.9955E-05 0.9639 0.0165756
9.9946E-05 9.9946E-05 0.712509 9.9946E-05 9.9946E-05 0.286891 9.9946E-05 9.9946E-05
9.997E-05 0.200551 0.37836 0.0339819 9.997E-05 9.997E-05 0.366539 0.020268
9.995E-05 9.995E-05 0.790919 0.0126953 9.995E-05 0.195886 9.995E-05 9.995E-05
9.99462E-05 9.99462E-05 0.0576368 0.941764 9.99462E-05 9.99462E-05 9.99462E-05 9.99462E-05
9.994E-05 9.994E-05 9.994E-05 0.9993 9.994E-05 9.994E-05 9.994E-05 9.994E-05
9.996E-05 9.996E-05 9.996E-05 9.996E-05 0.7268 0.137715 0.00997699 0.125109
9.99461E-05 9.99461E-05 9.99461E-05 9.99461E-05 9.99461E-05 0.982619 0.0167812 9.99461E-05
0.0175629 9.995E-05 9.995E-05 9.995E-05 0.060133 9.995E-05 0.921804 9.995E-05
9.99551E-05 9.99551E-05 9.99551E-05 0.00832288 0.0335882 9.99551E-05 0.957589 9.99551E-05
9.998E-05 0.0372993 0.0176399 0.550271 0.0385444 0.328019 0.0280265 9.998E-05
0.0663694 9.9964E-05 9.9964E-05 0.409906 9.9964E-05 0.224804 9.9964E-05 0.298521
0.72817 0.0475971 9.99639E-05 0.219581 0.0042516 9.99639E-05 9.99639E-05 9.99639E-05
0.900941 9.9955E-05 9.9955E-05 9.9955E-05 9.9955E-05 0.0108743 9.9955E-05 0.0876847
9.9964E-05 9.9964E-05 9.9964E-05 0.734707 0.107178 0.0715486 9.9964E-05 0.0861673
0.9993 9.994E-05 9.994E-05 9.994E-05 9.994E-05 9.994E-05 9.994E-05 9.994E-05
9.997E-05 0.000698182 9.997E-05 0.318416 0.563409 0.113656 9.997E-05 0.00352111
0.427927 0.0149874 9.9964E-05 0.228923 9.9964E-05 9.9964E-05 9.9964E-05 0.327762
0.876435 9.99549E-05 9.99549E-05 0.0170308 9.99549E-05 9.99549E-05 9.99549E-05 0.106034
9.99461E-05 0.0226963 9.99461E-05 9.99461E-05 9.99461E-05 9.99461E-05 0.976704 9.99461E-05
9.994E-05 9.994E-05 9.994E-05 9.994E-05 9.994E-05 9.994E-05 0.9993 9.994E-05
9.99639E-05 9.99639E-05 9.99639E-05 0.0925899 0.107163 0.763734 9.99639E-05 0.0361136
9.9955E-05 0.0490737 0.0560124 9.9955E-05 9.9955E-05 9.9955E-05 0.894414 9.9955E-05
9.9964E-05 0.0838978 0.0170784 9.9964E-05 9.9964E-05 0.0184762 0.880148 9.9964E-05
0.0316377 0.234183 0.0263655 9.9991E-05 0.0129502 0.00970077 0.670231 0.0148321
0.00132315 0.183993 0.130748 9.99731E-05 9.99731E-05 9.99731E-05 0.657644 0.0259919
9.9964E-05 0.0825179 0.877451 9.9964E-05 0.0205146 9.9964E-05 9.9964E-05 0.0191163
9.994E-05 9.994E-05 9.994E-05 9.994E-05 9.994E-05 9.994E-05 0.9993 9.994E-05
9.99551E-05 0.771551 0.122665 9.99551E-05 9.99551E-05 9.99551E-05 0.105284 9.99551E-05
9.99729E-05 9.99729E-05 9.99729E-05 0.0522677 0.0742978 0.605463 0.0525423 0.21513
9.99639E-05 9.99639E-05 0.0383014 9.99639E-05 0.00669397 9.99639E-05 0.937616 0.0169889
9.9946E-05 9.9946E-05 9.9946E-05 9.9946E-05 0.998322 9.9946E-05 0.00107865 9.9946E-05
0.006517 0.0360998 0.17139 0.718182 0.0634816 9.9982E-05 0.00413019 9.9982E-05
0.0633508 9.9973E-05 9.9973E-05 0.258961 9.9973E-05 0.189981 0.129985 0.357422
9.995E-05 9.995E-05 9.995E-05 0.638557 0.250844 9.995E-05 0.1101 9.995E-05
9.99639E-05 9.99639E-05 9.99639E-05 0.621636 0.282244 9.99639E-05 0.0745684 0.021152
9.994E-05 9.994E-05 9.994E-05 0.9993 9.994E-05 9.994E-05 9.994E-05 9.994E-05
9.996E-05 9.996E-05 0.137153 0.573168 0.0698094 0.21947 9.996E-05 9.996E-05
9.997E-05 0.00311325 9.997E-05 0.90303 0.0345271 0.0399905 9.997E-05 0.0190393
0.110913 9.9973E-05 9.9973E-05 0.550306 0.0317999 0.16969 9.9973E-05 0.136992
0.0351811 9.998E-05 0.00227008 0.688715 0.167178 0.0397102 0.0667453 9.998E-05
9.998E-05 0.0601169 9.998E-05 0.294104 0.266438 0.228281 0.08193 0.0689311
0.00730579 9.99463E-05 9.99463E-05 9.99463E-05 0.992095 9.99463E-05 9.99463E-05 9.99463E-05
9.994E-05 0.9993 9.994E-05 9.994E-05 9.994E-05 9.994E-05 9.994E-05 9.994E-05
9.994E-05 0.9993 9.994E-05 9.994E-05 9.994E-05 9.994E-05 9.994E-05 9.994E-05
9.994E-05 0.9993 9.994E-05 9.994E-05 9.994E-05 9.994E-05 9.994E-05 9.994E-05
9.994E-05 0.9993 9.994E-05 9.994E-05 9.994E-05 9.994E-05 9.994E-05 9.994E-05
9.994E-05 0.9993 9.994E-05 9.994E-05 9.994E-05 9.994E-05 9.994E-05 9.994E-05
0.0552102 0.403081 0.287089 0.0336503 9.9982E-05 0.0123927 0.208378 9.9982E-05
9.9973E-05 0.939958 0.0181368 0.00348753 0.0264895 9.9973E-05 9.9973E-05 0.0116279
9.996E-05 9.996E-05 0.00632387 0.0717779 0.844921 0.0765775 9.996E-05 9.996E-05
9.997E-05 0.070059 0.864416 9.997E-05 0.0270711 9.997E-05 0.00856308 0.0295911
9.99459E-05 9.99459E-05 9.99459E-05 9.99459E-05 0.000494447 9.99459E-05 0.998906 9.99459E-05
9.996E-05 0.0109372 9.996E-05 9.996E-05 0.0854724 0.881826 9.996E-05 0.0213646
9.99731E-05 0.0260968 9.99731E-05 0.488201 0.124008 0.315095 0.0463002 9.99731E-05
9.994E-05 9.994E-05 9.994E-05 9.994E-05 9.994E-05 0.9993 9.994E-05 9.994E-05
9.99549E-05 9.99549E-05 9.99549E-05 0.0553223 0.0393413 0.904837 9.99549E-05 9.99549E-05
9.995E-05 9.995E-05 9.995E-05 0.0642602 9.995E-05 0.875929 9.995E-05 0.0593106
0.909928 9.99462E-05 9.99462E-05 9.99462E-05 0.0894726 9.99462E-05 9.99462E-05 9.99462E-05
9.994E-05 9.994E-05 9.994E-05 9.994E-05 9.994E-05 9.994E-05 0.9993 9.994E-05
0.0365954 0.183733 9.999E-05 0.14565 0.145552 0.111139 0.304068 0.0731628
9.99462E-05 9.99462E-05 9.99462E-05 9.99462E-05 9.99462E-05 0.024245 0.975155 9.99462E-05
9.9955E-05 0.0188745 9.9955E-05 9.9955E-05 0.0385374 9.9955E-05 0.942088 9.9955E-05
9.997E-05 0.0333355 0.0661295 9.997E-05 0.00082841 0.0250398 0.874367 9.997E-05
0.00124215 9.9955E-05 0.100317 9.9955E-05 9.9955E-05 9.9955E-05 0.897941 9.9955E-05
9.99641E-05 9.99641E-05 0.0304055 0.0576281 0.0302993 9.99641E-05 0.881267 9.99641E-05
9.9946E-05 9.9946E-05 9.9946E-05 9.9946E-05 9.9946E-05 9.9946E-05 0.991942 0.00745797
9.99552E-05 0.15262 0.412405 9.99552E-05 9.99552E-05 9.99552E-05 0.434475 9.99552E-05
9.99642E-05 0.0943029 0.388574 9.99642E-05 9.99642E-05 0.0844048 0.432319 9.99642E-05
9.995E-05 0.0109525 9.995E-05 0.0494982 9.995E-05 9.995E-05 0.93905 9.995E-05
9.998E-05 9.998E-05 0.168501 0.607429 0.0535395 0.0981137 0.0596418 0.0125748
9.999E-05 0.0171934 0.136223 0.670696 0.0192944 0.112395 0.043393 0.0007042
9.994E-05 9.994E-05 9.994E-05 9.994E-05 9.994E-05 9.994E-05 9.994E-05 0.9993
9.994E-05 9.994E-05 9.994E-05 9.994E-05 9.994E-05 9.994E-05 9.994E-05 0.9993
9.9955E-05 9.9955E-05 0.0423013 0.951031 0.00616748 9.9955E-05 9.9955E-05 9.9955E-05
9.9964E-05 9.9964E-05 0.0413364 0.920813 0.00678558 0.0306651 9.9964E-05 9.9964E-05
9.9946E-05 9.9946E-05 0.00697909 9.9946E-05 9.9946E-05 9.9946E-05 9.9946E-05 0.992421
9.994E-05 9.994E-05 9.994E-05 9.994E-05 9.994E-05 9.994E-05 9.994E-05 0.9993
9.99459E-05 9.99459E-05 9.99459E-05 9.99459E-05 0.97543 0.0239701 9.99459E-05 9.99459E-05
0.0384535 9.9973E-05 0.104767 0.53699 0.0375288 0.281961 9.9973E-05 9.9973E-05
9.996E-05 0.100624 0.866046 9.996E-05 0.0231481 9.996E-05 9.996E-05 0.00978176
0.121963 9.998E-05 9.998E-05 0.209673 0.0721484 0.329524 0.0694181 0.197073
0.0826089 9.99731E-05 9.99731E-05 0.0203486 0.221503 0.392908 9.99731E-05 0.282332
0.0557457 0.139644 0.22864 9.998E-05 9.998E-05 0.00482361 0.569212 0.00173519
