9.99549E-05 9.99549E-05 0.0620391 0.0103868 0.927074 9.99549E-05 9.99549E-05 9.99549E-05
9.9982E-05 9.9982E-05 0.11905 0.00845916 0.181343 0.201919 0.185439 0.303591
0.0199261 0.0662232 9.99822E-05 0.0474817 9.99822E-05 0.00154984 0.0641128 0.800506
9.9964E-05 9.9964E-05 0.00321357 0.0293039 9.9964E-05 9.9964E-05 0.00122667 0.965856
9.997E-05 9.997E-05 0.175368 9.997E-05 0.0402253 0.190606 0.113352 0.48015
9.9946E-05 9.9946E-05 0.0293131 9.9946E-05 9.9946E-05 9.9946E-05 9.9946E-05 0.970087
9.994E-05 9.994E-05 9.994E-05 9.994E-05 9.994E-05 0.9993 9.994E-05 9.994E-05
9.99641E-05 9.99641E-05 0.0800197 9.99641E-05 9.99641E-05 0.0993281 0.423458 0.396794
9.99459E-05 9.99459E-05 9.99459E-05 9.99459E-05 9.99459E-05 0.974719 0.0246818 9.99459E-05
9.9946E-05 9.9946E-05 0.878302 9.9946E-05 9.9946E-05 0.121098 9.9946E-05 9.9946E-05
9.99461E-05 9.99461E-05 0.87663 9.99461E-05 9.99461E-05 0.122771 9.99461E-05 9.99461E-05
9.996E-05 0.203671 9.996E-05 0.114521 0.676954 9.996E-05 9.996E-05 0.00445408
9.99461E-05 0.970336 9.99461E-05 9.99461E-05 9.99461E-05 0.0290648 9.99461E-05 9.99461E-05
0.0271781 9.9964E-05 0.00494515 9.9964E-05 0.0284823 9.9964E-05 9.9964E-05 0.938995
9.9946E-05 9.9946E-05 0.0520449 9.9946E-05 9.9946E-05 9.9946E-05 9.9946E-05 0.947355
9.99729E-05 0.244025 0.23519 0.0270868 0.132079 0.36132 9.99729E-05 9.99729E-05
0.0612778 0.236116 0.399917 0.302289 9.9964E-05 9.9964E-05 9.9964E-05 9.9964E-05
0.709289 9.99729E-05 0.179844 9.99729E-05 0.0447538 0.03142 0.0343925 9.99729E-05
0.898207 9.9946E-05 9.9946E-05 0.101193 9.9946E-05 9.9946E-05 9.9946E-05 9.9946E-05
9.9973E-05 0.0665293 0.657405 0.0529528 0.169169 0.0536436 9.9973E-05 9.9973E-05
0.9993 9.994E-05 9.994E-05 9.994E-05 9.994E-05 9.994E-05 9.994E-05 9.994E-05
9.9964E-05 0.121413 0.229581 9.9964E-05 0.6191 0.0295056 9.9964E-05 9.9964E-05
0.382375 9.99641E-05 0.278824 0.301405 9.99641E-05 9.99641E-05 0.0369969 9.99641E-05
0.88244 9.9955E-05 0.0879204 0.0291401 9.9955E-05 9.9955E-05 9.9955E-05 9.9955E-05
9.994E-05 9.994E-05 9.994E-05 9.994E-05 9.994E-05 9.994E-05 9.994E-05 0.9993
9.994E-05 9.994E-05 9.994E-05 9.994E-05 9.994E-05 9.994E-05 9.994E-05 0.9993
9.99639E-05 0.802497 0.125126 0.0300467 0.0419308 9.99639E-05 9.99639E-05 9.99639E-05
9.9964E-05 0.00682028 9.9964E-05 9.9964E-05 9.9964E-05 0.0240747 0.073849 0.894856
9.9955E-05 9.9955E-05 9.9955E-05 9.9955E-05 9.9955E-05 0.0199625 0.0550896 0.924448
0.0222107 0.038436 9.99731E-05 0.0276112 9.99731E-05 9.99731E-05 0.266294 0.645148
9.99641E-05 9.99641E-05 0.0339031 0.0432534 9.99641E-05 9.99641E-05 0.250507 0.671937
9.99641E-05 9.99641E-05 9.99641E-05 9.99641E-05 0.191323 0.258826 0.49187 0.057581
9.99551E-05 9.99551E-05 9.99551E-05 0.00254762 9.99551E-05 0.00156249 9.99551E-05 0.99539
9.996E-05 0.0241025 9.996E-05 9.996E-05 9.996E-05 0.0106117 0.885448 0.0794376
9.99729E-05 0.651151 0.103387 0.168317 0.0347729 9.99729E-05 9.99729E-05 0.042072
9.99639E-05 9.99639E-05 9.99639E-05 0.0105673 0.00583322 0.0158636 9.99639E-05 0.967336
9.9955E-05 9.9955E-05 9.9955E-05 0.0116861 0.970765 9.9955E-05 9.9955E-05 0.0170487
9.9973E-05 9.9973E-05 0.790089 9.9973E-05 0.0728231 0.000340307 0.0872222 0.0492256
0.0410276 0.237114 0.258083 0.35374 9.99731E-05 9.99731E-05 9.99731E-05 0.109736
0.000131298 9.99639E-05 0.545725 9.99639E-05 0.332184 9.99639E-05 9.99639E-05 0.121561
9.99729E-05 9.99729E-05 0.500495 0.0151189 0.385532 0.0100781 9.99729E-05 0.0884759
9.9955E-05 0.0203202 0.938381 9.9955E-05 0.0407986 9.9955E-05 9.9955E-05 9.9955E-05
9.99639E-05 0.0897066 0.201012 9.99639E-05 0.195672 0.51321 9.99639E-05 9.99639E-05
9.9946E-05 0.0739529 0.925447 9.9946E-05 9.9946E-05 9.9946E-05 9.9946E-05 9.9946E-05
0.0865172 0.194197 0.542713 0.103776 0.0724965 9.9973E-05 9.9973E-05 9.9973E-05
0.0294206 0.0836682 0.625556 0.00156124 0.142403 0.0162464 0.0185072 0.0826373
9.998E-05 0.258099 0.299027 0.0626558 0.198674 9.998E-05 0.0591855 0.122158
0.00572608 9.99464E-05 9.99464E-05 9.99464E-05 0.993674 9.99464E-05 9.99464E-05 9.99464E-05
9.994E-05 9.994E-05 9.994E-05 9.994E-05 9.994E-05 9.994E-05 0.9993 9.994E-05
9.994E-05 9.994E-05 9.994E-05 9.994E-05 9.994E-05 9.994E-05 0.9993 9.994E-05
9.994E-05 9.994E-05 9.994E-05 9.994E-05 9.994E-05 9.994E-05 0.9993 9.994E-05
9.994E-05 9.994E-05 9.994E-05 9.994E-05 9.994E-05 9.994E-05 0.9993 9.994E-05
9.994E-05 9.994E-05 9.994E-05 9.994E-05 9.994E-05 9.994E-05 0.9993 9.994E-05
0.0277033 9.99731E-05 0.0169005 9.99731E-05 9.99731E-05 0.203936 0.51473 0.23643
9.9946E-05 9.9946E-05 9.9946E-05 9.9946E-05 0.0112479 9.9946E-05 0.988152 9.9946E-05
9.99639E-05 0.037653 0.0137492 9.99639E-05 0.868344 0.0798539 9.99639E-05 9.99639E-05
9.99819E-05 9.99819E-05 0.00881187 0.0137108 0.157422 0.326198 0.443675 0.0499827
9.99459E-05 9.99459E-05 9.99459E-05 9.99459E-05 0.0261635 9.99459E-05 9.99459E-05 0.973237
9.9955E-05 0.853131 9.9955E-05 9.9955E-05 0.0763663 0.0700029 9.9955E-05 9.9955E-05
9.9973E-05 0.210408 0.0232767 0.0522908 0.252764 0.46096 9.9973E-05 9.9973E-05
9.99461E-05 0.946081 9.99461E-05 9.99461E-05 9.99461E-05 0.0533189 9.99461E-05 9.99461E-05
9.99459E-05 0.905668 0.0937321 9.99459E-05 9.99459E-05 9.99459E-05 9.99459E-05 9.99459E-05
9.99549E-05 0.901417 0.0850359 0.0130477 9.99549E-05 9.99549E-05 9.99549E-05 9.99549E-05
0.891228 9.99461E-05 9.99461E-05 9.99461E-05 0.108172 9.99461E-05 9.99461E-05 9.99461E-05
9.99462E-05 9.99462E-05 9.99462E-05 0.00512352 9.99462E-05 9.99462E-05 9.99462E-05 0.994277
0.0303078 0.078605 0.170536 0.0823867 0.0781328 0.128696 0.120529 0.310806
9.99552E-05 0.0219882 9.99552E-05 9.99552E-05 9.99552E-05 0.0186659 9.99552E-05 0.958846
9.9955E-05 9.9955E-05 9.9955E-05 9.9955E-05 0.0196426 9.9955E-05 0.0128874 0.96697
9.9964E-05 0.00582254 9.9964E-05 9.9964E-05 9.9964E-05 0.0388089 0.052584 0.902385
0.0112497 9.9973E-05 9.9973E-05 9.9973E-05 0.00926129 0.0370355 0.0210439 0.92111
9.99461E-05 9.99461E-05 0.0835576 9.99461E-05 9.99461E-05 9.99461E-05 9.99461E-05 0.915843
9.99459E-05 9.99459E-05 9.99459E-05 0.00183554 9.99459E-05 9.99459E-05 9.99459E-05 0.997565
9.99553E-05 9.99553E-05 9.99553E-05 9.99553E-05 9.99553E-05 0.123759 0.387017 0.488724
9.99553E-05 9.99553E-05 9.99553E-05 9.99553E-05 9.99553E-05 0.33043 0.198835 0.470235
9.9973E-05 0.00281339 0.0073628 0.0173718 9.9973E-05 9.9973E-05 0.017961 0.954191
9.99638E-05 9.99638E-05 0.159855 0.0892633 0.168432 0.582049 9.99638E-05 9.99638E-05
9.99638E-05 9.99638E-05 0.1506 0.0993138 0.149509 0.600178 9.99638E-05 9.99638E-05
9.994E-05 9.994E-05 9.994E-05 0.9993 9.994E-05 9.994E-05 9.994E-05 9.994E-05
9.994E-05 9.994E-05 9.994E-05 0.9993 9.994E-05 9.994E-05 9.994E-05 9.994E-05
9.9982E-05 0.000335363 0.901207 9.9982E-05 0.0317623 0.0325284 0.0190567 0.0149103
9.9973E-05 0.0456705 0.864922 9.9973E-05 0.0084312 0.074601 0.00607513 9.9973E-05
9.9946E-05 9.9946E-05 9.9946E-05 0.992956 9.9946E-05 0.00644392 9.9946E-05 9.9946E-05
9.994E-05 9.994E-05 9.994E-05 0.9993 9.994E-05 9.994E-05 9.994E-05 9.994E-05
9.99549E-05 0.0260889 9.99549E-05 9.99549E-05 0.973137 9.99549E-05 0.000274524 9.99549E-05
0.0556896 0.159881 0.334927 9.997E-05 0.159255 0.289947 9.997E-05 9.997E-05
9.99639E-05 9.99639E-05 9.99639E-05 9.99639E-05 0.12878 0.341512 0.479308 0.050001
0.0817816 0.324486 0.283285 0.242797 0.00134477 9.99821E-05 9.99821E-05 0.0661059
0.0796219 0.457046 9.99641E-05 0.286458 0.176473 9.99641E-05 9.99641E-05 9.99641E-05
0.0546486 9.99641E-05 9.99641E-05 9.99641E-05 9.99641E-05 0.055416 0.302607 0.586929
