9.99369E-05 0.955938 9.99369E-05 0.0433624 9.99369E-05 9.99369E-05 9.99369E-05 9.99369E-05 9.99369E-05
0.597891 0.160811 9.99548E-05 9.99548E-05 0.19825 9.99548E-05 0.0425483 9.99548E-05 9.99548E-05
0.00743218 9.99732E-05 0.0134571 9.99732E-05 0.788709 0.0487587 0.0377951 9.99732E-05 0.103548
9.9946E-05 9.9946E-05 9.9946E-05 0.00114659 0.969295 9.9946E-05 0.0289587 9.9946E-05 9.9946E-05
0.37761 0.0436807 0.00239856 0.152284 0.423627 9.99641E-05 9.99641E-05 9.99641E-05 9.99641E-05
9.9955E-05 9.9955E-05 9.9955E-05 0.0282132 0.967873 9.9955E-05 0.00301477 9.9955E-05 0.000399363
0.737495 9.9937E-05 9.9937E-05 9.9937E-05 9.9937E-05 9.9937E-05 9.9937E-05 9.9937E-05 0.261806
0.367079 9.9964E-05 0.192888 0.0269659 0.383334 9.9964E-05 0.0293334 9.9964E-05 9.9964E-05
0.774084 9.9946E-05 9.9946E-05 9.9946E-05 9.9946E-05 9.9946E-05 9.9946E-05 0.0879911 0.137325
0.0581682 9.9937E-05 9.9937E-05 0.941132 9.9937E-05 9.9937E-05 9.9937E-05 9.9937E-05 9.9937E-05
0.00458386 9.99371E-05 9.99371E-05 0.994717 9.99371E-05 9.99371E-05 9.99371E-05 9.99371E-05 9.99371E-05
9.9955E-05 0.653777 9.9955E-05 9.9955E-05 0.0498375 9.9955E-05 0.14533 9.9955E-05 0.150556
9.99371E-05 9.99371E-05 9.99371E-05 9.99371E-05 0.00661309 9.99371E-05 9.99371E-05 9.99371E-05 0.992687
9.9955E-05 0.0217917 9.9955E-05 9.9955E-05 0.934763 0.0165841 0.0263618 9.9955E-05 9.9955E-05
9.9946E-05 0.0445872 9.9946E-05 9.9946E-05 0.950907 0.00390614 9.9946E-05 9.9946E-05 9.9946E-05
9.9946E-05 9.9946E-05 9.9946E-05 0.0143205 9.9946E-05 9.9946E-05 9.9946E-05 0.824324 0.160756
9.9973E-05 0.00755896 9.9973E-05 0.355724 9.9973E-05 0.0621849 0.316078 0.0468618 0.211292
0.038189 0.0265356 0.00903272 0.0725635 9.9973E-05 0.720973 9.9973E-05 0.132407 9.9973E-05
9.9946E-05 9.9946E-05 9.9946E-05 9.9946E-05 9.9946E-05 0.8932 0.0995801 9.9946E-05 0.00662017
9.9964E-05 0.0861302 9.9964E-05 0.504226 9.9964E-05 9.9964E-05 0.0669523 0.318787 0.0235052
9.993E-05 9.993E-05 9.993E-05 9.993E-05 9.993E-05 0.999201 9.993E-05 9.993E-05 9.993E-05
9.99639E-05 0.52384 9.99639E-05 0.129962 9.99639E-05 9.99639E-05 0.0310663 0.260031 0.0547004
9.9964E-05 9.9964E-05 0.00835094 0.318089 0.00543571 0.401334 0.266391 9.9964E-05 9.9964E-05
9.99459E-05 9.99459E-05 9.99459E-05 0.00278918 9.99459E-05 0.903768 0.0928432 9.99459E-05 9.99459E-05
9.993E-05 9.993E-05 9.993E-05 9.993E-05 0.999201 9.993E-05 9.993E-05 9.993E-05 9.993E-05
9.993E-05 9.993E-05 9.993E-05 9.993E-05 0.999201 9.993E-05 9.993E-05 9.993E-05 9.993E-05
9.99729E-05 0.0768559 0.00218067 0.0978488 9.99729E-05 9.99729E-05 0.0461236 0.00903636 0.767655
9.9946E-05 9.9946E-05 0.0957868 9.9946E-05 0.888776 9.9946E-05 9.9946E-05 9.9946E-05 0.0148371
9.9946E-05 9.9946E-05 0.0798262 9.9946E-05 0.911933 9.9946E-05 9.9946E-05 0.00764107 9.9946E-05
0.0102688 9.99731E-05 0.211457 9.99731E-05 0.711895 0.0188666 0.0268116 9.99731E-05 0.0204015
0.0903212 9.996E-05 0.208217 0.02281 0.641914 9.996E-05 0.0363379 9.996E-05 9.996E-05
0.815452 0.0638005 0.120148 9.9946E-05 9.9946E-05 9.9946E-05 9.9946E-05 9.9946E-05 9.9946E-05
9.99371E-05 9.99371E-05 9.99371E-05 9.99371E-05 0.953991 9.99371E-05 9.99371E-05 0.0453094 9.99371E-05
0.0837564 9.99551E-05 0.779422 9.99551E-05 0.135125 9.99551E-05 0.0011964 9.99551E-05 9.99551E-05
9.99729E-05 0.0758957 0.00088985 0.110894 0.0423191 9.99729E-05 0.211976 9.99729E-05 0.557726
9.99459E-05 9.99459E-05 9.99459E-05 9.99459E-05 0.968103 9.99459E-05 9.99459E-05 0.0131324 0.0181647
9.9937E-05 0.979544 9.9937E-05 9.9937E-05 0.0197561 9.9937E-05 9.9937E-05 9.9937E-05 9.9937E-05
0.219797 0.141187 9.99549E-05 0.636307 9.99549E-05 0.00220885 9.99549E-05 9.99549E-05 9.99549E-05
9.9973E-05 0.0451557 9.9973E-05 0.229536 0.135523 0.0559867 0.365227 9.9973E-05 0.168272
9.99729E-05 0.27279 9.99729E-05 0.345367 0.100556 0.00538105 0.017524 0.258082 9.99729E-05
9.99639E-05 0.274775 9.99639E-05 0.308393 0.0640687 9.99639E-05 0.0677577 0.284606 9.99639E-05
9.99549E-05 0.0395779 9.99549E-05 0.913442 9.99549E-05 9.99549E-05 9.99549E-05 0.0448446 0.00163592
0.0249107 9.9964E-05 9.9964E-05 0.0293407 9.9964E-05 0.0123563 9.9964E-05 0.87009 0.062902
9.9964E-05 0.0599353 0.0176496 0.884574 9.9964E-05 9.9964E-05 0.00300031 9.9964E-05 0.0344414
0.0259911 0.0884393 9.9982E-05 0.427417 9.9982E-05 0.0988256 0.112072 0.0795229 0.167532
9.9982E-05 0.121935 9.9982E-05 0.513678 0.0573022 0.0263928 0.043629 0.182471 0.054392
9.9973E-05 0.226377 0.068569 0.272167 0.100409 9.9973E-05 0.102775 9.9973E-05 0.229404
9.993E-05 0.975147 9.993E-05 9.993E-05 9.993E-05 0.0241536 9.993E-05 9.993E-05 9.993E-05
9.993E-05 9.993E-05 0.999201 9.993E-05 9.993E-05 9.993E-05 9.993E-05 9.993E-05 9.993E-05
9.993E-05 9.993E-05 0.999201 9.993E-05 9.993E-05 9.993E-05 9.993E-05 9.993E-05 9.993E-05
9.9937E-05 9.9937E-05 0.978161 9.9937E-05 9.9937E-05 9.9937E-05 9.9937E-05 0.0211399 9.9937E-05
9.993E-05 9.993E-05 0.999201 9.993E-05 9.993E-05 9.993E-05 9.993E-05 9.993E-05 9.993E-05
9.9937E-05 9.9937E-05 0.976427 9.9937E-05 0.0228735 9.9937E-05 9.9937E-05 9.9937E-05 9.9937E-05
0.215818 9.99641E-05 0.503455 0.0723147 0.184474 0.0235385 9.99641E-05 9.99641E-05 9.99641E-05
9.99371E-05 9.99371E-05 0.967255 9.99371E-05 9.99371E-05 9.99371E-05 9.99371E-05 0.0320458 9.99371E-05
9.99459E-05 0.83823 9.99459E-05 9.99459E-05 9.99459E-05 9.99459E-05 9.99459E-05 0.137567 0.0236025
0.790697 0.0528321 0.127351 9.99638E-05 0.00301864 9.99638E-05 0.0257011 9.99638E-05 9.99638E-05
9.993E-05 9.993E-05 9.993E-05 9.993E-05 0.999201 9.993E-05 9.993E-05 9.993E-05 9.993E-05
9.9964E-05 0.00702225 0.00963874 9.9964E-05 9.9964E-05 9.9964E-05 0.017421 0.117143 0.848375
9.99372E-05 9.99372E-05 9.99372E-05 9.99372E-05 9.99372E-05 9.99372E-05 9.99372E-05 0.902372 0.0969283
0.0182972 9.99371E-05 9.99371E-05 9.99371E-05 9.99371E-05 9.99371E-05 9.99371E-05 9.99371E-05 0.981003
9.99459E-05 0.0279264 9.99459E-05 0.0923361 9.99459E-05 9.99459E-05 9.99459E-05 9.99459E-05 0.879138
9.99549E-05 0.000472708 9.99549E-05 0.112937 9.99549E-05 9.99549E-05 0.0518402 9.99549E-05 0.83425
9.99371E-05 0.0870647 9.99371E-05 9.99371E-05 9.99371E-05 0.912236 9.99371E-05 9.99371E-05 9.99371E-05
9.99372E-05 9.99372E-05 9.99372E-05 9.99372E-05 0.973508 9.99372E-05 9.99372E-05 0.0257922 9.99372E-05
0.0764815 0.133736 0.124055 0.0994339 0.232457 0.0504625 0.178298 0.036977 0.0680983
9.99462E-05 9.99462E-05 9.99462E-05 9.99462E-05 0.964876 9.99462E-05 9.99462E-05 0.0189036 0.0156204
9.9937E-05 0.0629728 9.9937E-05 9.9937E-05 0.936328 9.9937E-05 9.9937E-05 9.9937E-05 9.9937E-05
9.994E-05 9.994E-05 0.0422931 9.994E-05 0.873626 9.994E-05 9.994E-05 0.083481 9.994E-05
0.0198255 9.9955E-05 0.028 9.9955E-05 0.891324 9.9955E-05 9.9955E-05 0.060351 9.9955E-05
0.0381622 0.0302423 9.996E-05 0.0323593 0.877535 9.996E-05 0.021301 9.996E-05 9.996E-05
9.99459E-05 9.99459E-05 0.0157541 0.0296721 0.953974 9.99459E-05 9.99459E-05 9.99459E-05 9.99459E-05
0.328381 9.99462E-05 0.214002 9.99462E-05 0.457018 9.99462E-05 9.99462E-05 9.99462E-05 9.99462E-05
0.431074 9.99552E-05 0.0417288 9.99552E-05 0.486194 9.99552E-05 9.99552E-05 9.99552E-05 0.0405038
9.99461E-05 9.99461E-05 9.99461E-05 9.99461E-05 0.955967 9.99461E-05 0.0165257 0.0269074 9.99461E-05
9.9937E-05 9.9937E-05 0.0078725 9.9937E-05 9.9937E-05 9.9937E-05 9.9937E-05 0.991428 9.9937E-05
9.99369E-05 9.99369E-05 9.99369E-05 9.99369E-05 9.99369E-05 9.99369E-05 9.99369E-05 0.999201 9.99369E-05
9.993E-05 9.993E-05 9.993E-05 9.993E-05 9.993E-05 9.993E-05 0.999201 9.993E-05 9.993E-05
9.993E-05 9.993E-05 9.993E-05 9.993E-05 9.993E-05 9.993E-05 0.999201 9.993E-05 9.993E-05
0.0508418 0.0566793 9.99549E-05 0.761015 9.99549E-05 9.99549E-05 9.99549E-05 0.130964 9.99549E-05
0.0275363 0.0185523 9.99639E-05 0.704215 9.99639E-05 9.99639E-05 9.99639E-05 0.224475 0.0248219
0.026835 9.9946E-05 9.9946E-05 9.9946E-05 9.9946E-05 9.9946E-05 0.971914 0.00065143 9.9946E-05
9.993E-05 9.993E-05 9.993E-05 9.993E-05 9.993E-05 9.993E-05 0.999201 9.993E-05 9.993E-05
9.99369E-05 0.964498 9.99369E-05 9.99369E-05 9.99369E-05 9.99369E-05 9.99369E-05 9.99369E-05 0.0348027
0.0753576 0.0211779 9.997E-05 0.177576 9.997E-05 0.055976 9.997E-05 0.451713 0.2179
0.837687 0.0531239 0.108342 9.99548E-05 9.99548E-05 9.99548E-05 0.000347569 9.99548E-05 9.99548E-05
9.996E-05 9.996E-05 9.996E-05 0.306929 0.0406701 0.111071 0.207342 9.996E-05 0.333588
9.99551E-05 0.159148 9.99551E-05 9.99551E-05 9.99551E-05 0.0620814 0.329892 9.99551E-05 0.448379
0.212782 9.99552E-05 0.198104 9.99552E-05 0.572504 0.0161106 9.99552E-05 9.99552E-05 9.99552E-05
