9.9982E-05 9.9982E-05 0.944789 0.0550111
0.532832 9.9991E-05 0.463849 0.00321923
0.906007 0.0288975 9.99911E-05 0.0649956
0.985474 9.9982E-05 9.9982E-05 0.0143259
0.695406 9.9991E-05 0.297707 0.00678763
0.99788 9.9982E-05 9.9982E-05 0.00192031
0.286464 9.99821E-05 0.713336 9.99821E-05
0.800146 9.9991E-05 0.176627 0.023127
0.317577 9.99821E-05 0.682223 9.99821E-05
0.0343624 9.9991E-05 0.847075 0.118462
0.00479089 9.9991E-05 0.868338 0.126771
0.0529344 9.9991E-05 0.759126 0.18784
0.0691134 9.99911E-05 0.920381 0.0104058
0.990299 0.0048605 9.9991E-05 0.00474096
0.984598 9.9982E-05 9.9982E-05 0.0152023
0.0219409 9.9991E-05 0.949009 0.0289498
9.9991E-05 0.0872229 0.47727 0.435407
9.9982E-05 0.738632 0.261168 9.9982E-05
9.9982E-05 0.894135 9.9982E-05 0.105665
9.9982E-05 9.9982E-05 0.862555 0.137245
9.998E-05 0.9997 9.998E-05 9.998E-05
9.9982E-05 9.9982E-05 0.915858 0.0839423
0.0335047 0.418824 0.141045 0.406626
9.9982E-05 0.910945 9.9982E-05 0.0888554
0.9997 9.998E-05 9.998E-05 9.998E-05
0.9997 9.998E-05 9.998E-05 9.998E-05
9.9982E-05 9.9982E-05 0.878761 0.121039
0.9997 9.998E-05 9.998E-05 9.998E-05
0.9997 9.998E-05 9.998E-05 9.998E-05
0.916146 0.0217921 0.0449127 0.0171495
0.907783 0.0252155 9.9991E-05 0.0669015
0.54688 0.00556853 0.447452 9.9991E-05
0.9997 9.998E-05 9.998E-05 9.998E-05
0.805884 9.9991E-05 0.193749 0.000267296
0.050768 9.9991E-05 0.655039 0.294093
0.991172 9.9982E-05 9.9982E-05 0.00862779
0.0671105 9.9991E-05 0.851767 0.0810224
0.15716 0.0463898 0.778376 0.0180733
0.0930512 0.0543896 0.35912 0.493439
0.105608 9.9991E-05 0.774945 0.119347
0.0905205 0.0124682 0.807419 0.0895925
9.9991E-05 0.00965088 0.858778 0.131471
0.0437681 9.9982E-05 0.956032 9.9982E-05
0.0107231 9.9991E-05 0.847188 0.141988
9.9991E-05 0.0962116 0.676355 0.227334
0.105419 0.0557451 0.726062 0.112774
0.169713 9.9991E-05 0.643578 0.186609
9.99911E-05 0.0289061 0.958589 0.0124046
0.812545 0.0289737 0.158381 9.9991E-05
0.805788 0.0420065 0.152105 9.9991E-05
0.788387 0.0481887 0.163324 9.9991E-05
0.798397 0.0569822 0.144521 9.9991E-05
0.844239 0.0325567 0.123105 9.9991E-05
0.71861 0.055865 0.225425 9.9991E-05
0.771446 0.0143367 0.214118 9.9991E-05
9.998E-05 9.998E-05 0.9997 9.998E-05
0.523079 9.9991E-05 0.470942 0.00587864
0.9997 9.998E-05 9.998E-05 9.998E-05
9.99821E-05 9.99821E-05 0.939207 0.0605935
0.0736209 9.9991E-05 0.913996 0.0122831
9.99821E-05 0.0137533 0.986047 9.99821E-05
9.9982E-05 9.9982E-05 0.975927 0.0238731
9.9991E-05 0.0134083 0.868291 0.1182
9.99821E-05 0.939155 0.0606448 9.99821E-05
0.9997 9.998E-05 9.998E-05 9.998E-05
0.421387 0.0741722 0.393343 0.111098
0.9997 9.998E-05 9.998E-05 9.998E-05
0.9997 9.998E-05 9.998E-05 9.998E-05
0.9997 9.998E-05 9.998E-05 9.998E-05
0.999499 0.000301251 9.9982E-05 9.9982E-05
0.968819 9.9982E-05 9.9982E-05 0.0309807
0.9997 9.998E-05 9.998E-05 9.998E-05
0.940043 9.99821E-05 0.0597566 9.99821E-05
0.824617 0.049289 0.125994 9.99911E-05
0.992592 9.9982E-05 9.9982E-05 0.00720766
0.156615 9.9991E-05 0.774537 0.0687482
0.14452 9.9991E-05 0.809448 0.0459317
9.998E-05 9.998E-05 9.998E-05 0.9997
9.998E-05 9.998E-05 9.998E-05 0.9997
0.077584 0.00398252 0.861503 0.0569304
0.0427881 0.00321483 0.910327 0.0436704
9.998E-05 9.998E-05 9.998E-05 0.9997
9.998E-05 9.998E-05 9.998E-05 0.9997
9.998E-05 9.998E-05 0.9997 9.998E-05
0.0245581 0.0504284 0.924914 9.9991E-05
0.54648 9.9982E-05 0.45332 9.9982E-05
0.0671849 0.095825 0.438178 0.398812
9.9991E-05 0.0698219 0.51497 0.415108
0.902898 0.0861205 9.9991E-05 0.0108812
