9.9982E-05 0.995171 9.9982E-05 0.00462898
9.999E-05 0.391082 0.309303 0.299515
0.0451721 0.0823857 0.850787 0.0216551
9.998E-05 9.998E-05 0.9997 9.998E-05
9.999E-05 0.23428 0.472769 0.292851
0.00479402 0.00047876 0.994627 9.9991E-05
9.99822E-05 0.57107 9.99822E-05 0.42873
9.999E-05 0.103813 0.402533 0.493554
9.99821E-05 0.513087 9.99821E-05 0.486713
9.9982E-05 0.840878 9.9982E-05 0.158922
9.9982E-05 0.859714 9.9982E-05 0.140086
9.9982E-05 0.913201 0.0865992 9.9982E-05
9.99821E-05 0.928285 0.0715155 9.99821E-05
0.0278727 0.00555878 0.966469 9.9991E-05
0.0233566 9.9982E-05 0.976443 9.9982E-05
9.9991E-05 0.903743 0.00354204 0.0926146
0.157882 0.800416 0.0416015 9.9991E-05
0.754717 0.133199 9.9991E-05 0.111984
0.9997 9.998E-05 9.998E-05 9.998E-05
9.9982E-05 0.973638 9.9982E-05 0.0261623
0.9997 9.998E-05 9.998E-05 9.998E-05
9.9982E-05 0.992013 9.9982E-05 0.00778662
0.563878 0.317055 0.0567912 0.0622751
0.985934 0.0138661 9.9982E-05 9.9982E-05
9.9982E-05 9.9982E-05 0.975539 0.0242609
9.998E-05 9.998E-05 0.9997 9.998E-05
9.998E-05 0.9997 9.998E-05 9.998E-05
9.9982E-05 9.9982E-05 0.913348 0.0864517
9.9982E-05 9.9982E-05 0.896377 0.103423
0.0355659 0.0129655 0.677085 0.274383
0.0221949 9.9991E-05 0.676791 0.300914
9.99911E-05 0.257412 0.0453656 0.697123
9.998E-05 9.998E-05 0.9997 9.998E-05
9.9982E-05 9.9982E-05 0.0840912 0.915709
9.9982E-05 0.923895 0.075905 9.9982E-05
9.9982E-05 0.0272898 0.97251 9.9982E-05
9.99821E-05 0.909418 0.0903816 9.99821E-05
0.0245354 0.736993 0.0169363 0.221535
0.161752 0.656927 0.18122 9.9991E-05
9.99819E-05 0.852326 0.147474 9.99819E-05
0.00899593 0.874902 0.0991394 0.0169625
0.00783638 0.946228 9.9991E-05 0.045836
9.9982E-05 0.920401 9.9982E-05 0.0793986
0.00395053 0.886435 9.9991E-05 0.109515
0.172802 0.778106 9.9991E-05 0.0489919
0.0368364 0.812252 0.056035 0.0948769
9.9991E-05 0.834668 0.0832267 0.082005
0.00841249 0.971464 9.99911E-05 0.0200232
9.998E-05 9.998E-05 9.998E-05 0.9997
9.998E-05 9.998E-05 9.998E-05 0.9997
9.998E-05 9.998E-05 9.998E-05 0.9997
9.998E-05 9.998E-05 9.998E-05 0.9997
9.998E-05 9.998E-05 9.998E-05 0.9997
0.0375598 0.11018 0.231656 0.620604
9.998E-05 9.998E-05 9.998E-05 0.9997
9.9982E-05 0.991662 9.9982E-05 0.00813784
9.9991E-05 0.291281 0.0834301 0.625189
9.998E-05 9.998E-05 0.9997 9.998E-05
9.998E-05 0.9997 9.998E-05 9.998E-05
9.9991E-05 0.898605 0.0583543 0.0429406
9.99822E-05 0.994851 0.00494928 9.99822E-05
9.998E-05 0.9997 9.998E-05 9.998E-05
9.998E-05 0.9997 9.998E-05 9.998E-05
0.945749 0.0182269 9.9991E-05 0.0359238
9.998E-05 9.998E-05 0.9997 9.998E-05
0.111853 0.51717 0.122204 0.248774
9.998E-05 9.998E-05 0.9997 9.998E-05
9.9991E-05 0.01762 0.978718 0.00356229
9.9982E-05 9.9982E-05 0.925071 0.0747294
9.9982E-05 9.9982E-05 0.92421 0.0755896
9.9991E-05 0.0611547 0.907265 0.0314804
9.998E-05 9.998E-05 0.9997 9.998E-05
9.99821E-05 9.99821E-05 0.545439 0.454361
0.0073775 0.0760157 0.509821 0.406786
0.000389387 0.02199 0.969492 0.00812821
9.9991E-05 0.787116 0.0678263 0.144958
9.9991E-05 0.802718 0.00634645 0.190836
0.243853 0.618631 0.137416 9.9991E-05
0.233713 0.616296 0.149891 9.9991E-05
9.99819E-05 0.873679 9.99819E-05 0.126121
0.00649574 0.857115 9.9991E-05 0.13629
0.250092 0.623647 0.115271 0.0109898
0.255114 0.589224 0.155562 9.9991E-05
9.9982E-05 0.960559 9.9982E-05 0.0392414
0.02363 0.90626 9.9991E-05 0.0700104
9.9991E-05 0.265606 0.0498017 0.684492
0.204118 0.682588 0.113194 9.9991E-05
0.148449 0.84327 0.00818062 9.9991E-05
0.0836687 9.9991E-05 0.608709 0.307523
