9.999E-05 9.999E-05 0.9998
9.999E-05 0.554641 0.445259
0.0441015 0.921714 0.0341841
9.999E-05 0.9998 9.999E-05
9.9991E-05 0.688375 0.311526
9.999E-05 0.9998 9.999E-05
9.999E-05 0.343517 0.656383
9.999E-05 0.828491 0.171409
9.9991E-05 0.394162 0.605738
9.9991E-05 0.0693328 0.930567
9.9991E-05 0.0380767 0.961823
9.9991E-05 0.0265656 0.973334
9.99911E-05 0.0502397 0.94966
0.0262843 0.962469 0.011247
0.00312584 0.996774 9.9991E-05
9.9991E-05 0.0481684 0.951732
0.17062 0.0233466 0.806033
0.719235 0.0423874 0.238378
0.9998 9.999E-05 9.999E-05
9.999E-05 9.999E-05 0.9998
0.9998 9.999E-05 9.999E-05
9.999E-05 9.999E-05 0.9998
0.546448 0.0729421 0.38061
0.992215 9.9991E-05 0.00768526
9.999E-05 0.9998 9.999E-05
9.999E-05 0.9998 9.999E-05
9.999E-05 9.999E-05 0.9998
9.999E-05 0.9998 9.999E-05
9.999E-05 0.9998 9.999E-05
0.0374793 0.949262 0.013259
0.0609395 0.937892 0.00116815
9.99911E-05 0.596368 0.403532
9.999E-05 0.9998 9.999E-05
9.9991E-05 0.858142 0.141758
9.9991E-05 0.0746321 0.925268
9.999E-05 0.9998 9.999E-05
9.9991E-05 0.0498679 0.950032
0.0158649 0.130981 0.853154
0.176057 0.172652 0.651291
9.9991E-05 0.117811 0.882089
9.9991E-05 0.0861032 0.913797
9.999E-05 9.999E-05 0.9998
9.9991E-05 0.031418 0.968482
9.9991E-05 0.00817716 0.991723
0.135924 9.9991E-05 0.863976
0.0435196 0.108172 0.848308
0.0208109 0.19402 0.785169
0.00586261 9.99911E-05 0.994037
0.0148408 0.860828 0.124332
0.0414949 0.852063 0.106442
0.0460178 0.837881 0.116101
0.0377195 0.859708 0.102573
0.0400651 0.892993 0.0669423
0.0556467 0.737854 0.206499
9.9991E-05 0.798172 0.201728
9.999E-05 9.999E-05 0.9998
9.9991E-05 0.533721 0.466179
9.999E-05 0.9998 9.999E-05
9.999E-05 9.999E-05 0.9998
9.9991E-05 0.026426 0.973474
9.999E-05 9.999E-05 0.9998
9.999E-05 9.999E-05 0.9998
0.0173182 9.9991E-05 0.982582
0.949872 0.0353948 0.014733
9.999E-05 0.9998 9.999E-05
0.0893758 0.500252 0.410372
9.999E-05 0.9998 9.999E-05
9.999E-05 0.9998 9.999E-05
9.999E-05 0.9998 9.999E-05
9.999E-05 0.9998 9.999E-05
9.9991E-05 0.978167 0.0217325
9.999E-05 0.9998 9.999E-05
9.99911E-05 0.94383 0.0560705
0.00184149 0.876033 0.122125
9.999E-05 0.9998 9.999E-05
9.9991E-05 0.145734 0.854166
9.9991E-05 0.137396 0.862504
0.305508 0.128478 0.566013
0.289796 0.114708 0.595495
9.9991E-05 0.0528604 0.94704
9.9991E-05 0.0148742 0.985026
0.256406 0.131516 0.612078
0.279952 0.126503 0.593545
9.999E-05 9.999E-05 0.9998
0.0199313 0.0131121 0.966957
9.9991E-05 0.591496 0.408404
0.210271 0.0414398 0.74829
0.174666 9.9991E-05 0.825234
0.0866832 0.913217 9.9991E-05
