9.9982E-05 9.9982E-05 0.991452 0.00834829
0.306603 9.9991E-05 0.381567 0.311731
0.791467 0.0717671 0.0300389 0.106727
0.973098 9.9982E-05 9.9982E-05 0.0267016
0.483041 9.9991E-05 0.234083 0.282776
0.998634 0.00116598 9.9982E-05 9.9982E-05
0.0546478 9.99911E-05 0.534322 0.41093
0.389229 9.9991E-05 0.088471 0.5222
0.0203796 9.9991E-05 0.511167 0.468354
9.9982E-05 9.9982E-05 0.84119 0.15861
9.9982E-05 9.9982E-05 0.853809 0.145991
0.0434831 9.9982E-05 0.956317 9.9982E-05
0.0652363 9.99821E-05 0.934564 9.99821E-05
0.973765 0.0156317 0.0105032 9.9991E-05
0.995458 0.00434186 9.9982E-05 9.9982E-05
0.0236521 9.9991E-05 0.932961 0.0432865
0.0341586 0.137233 0.828508 9.9991E-05
9.9991E-05 0.711839 0.19039 0.0976711
9.998E-05 0.9997 9.998E-05 9.998E-05
9.9982E-05 9.9982E-05 0.974855 0.024945
9.998E-05 0.9997 9.998E-05 9.998E-05
0.00939711 9.9991E-05 0.953097 0.0374058
0.0382779 0.531251 0.336123 0.0943488
9.9982E-05 0.98901 0.0107899 9.9982E-05
0.9997 9.998E-05 9.998E-05 9.998E-05
0.9997 9.998E-05 9.998E-05 9.998E-05
9.998E-05 9.998E-05 0.9997 9.998E-05
0.917717 9.9982E-05 9.9982E-05 0.0820831
0.859239 9.9982E-05 9.9982E-05 0.140561
0.719341 0.0357809 0.00944472 0.235434
0.676502 9.9982E-05 9.9982E-05 0.323298
0.0548091 9.9991E-05 0.308729 0.636362
0.9997 9.998E-05 9.998E-05 9.998E-05
0.0874334 9.9982E-05 9.9982E-05 0.912367
0.120304 9.9982E-05 0.879496 9.9982E-05
0.9997 9.998E-05 9.998E-05 9.998E-05
0.0657583 9.99821E-05 0.934042 9.99821E-05
0.0155017 0.0135667 0.731042 0.23989
0.212949 0.143877 0.643074 9.9991E-05
0.148839 9.9982E-05 0.850961 9.9982E-05
0.100532 0.0116564 0.887711 9.9991E-05
9.9991E-05 0.0174537 0.936663 0.0457833
9.9982E-05 9.9982E-05 0.939338 0.0604624
9.9991E-05 0.00151385 0.917378 0.0810086
9.9991E-05 0.137545 0.77872 0.0836355
0.0820464 0.0357736 0.817741 0.0644392
0.132393 9.9991E-05 0.807048 0.0604594
9.99822E-05 9.99822E-05 0.987011 0.0127895
9.9982E-05 0.00448751 9.9982E-05 0.995313
9.998E-05 9.998E-05 9.998E-05 0.9997
9.998E-05 9.998E-05 9.998E-05 0.9997
9.998E-05 9.998E-05 9.998E-05 0.9997
9.998E-05 9.998E-05 9.998E-05 0.9997
0.225768 0.0865129 0.0538866 0.633832
9.998E-05 9.998E-05 9.998E-05 0.9997
9.9982E-05 9.9982E-05 0.976272 0.0235281
0.0750981 9.9991E-05 0.334501 0.590301
0.9997 9.998E-05 9.998E-05 9.998E-05
9.998E-05 9.998E-05 0.9997 9.998E-05
0.0670929 9.9982E-05 0.932707 9.9982E-05
9.998E-05 9.998E-05 0.9997 9.998E-05
0.0147349 9.9982E-05 0.985065 9.9982E-05
9.9982E-05 0.00200737 0.997793 9.9982E-05
9.9991E-05 0.906732 0.0479975 0.0451709
0.9997 9.998E-05 9.998E-05 9.998E-05
0.221145 0.104969 0.474646 0.19924
0.965317 9.99821E-05 9.99821E-05 0.0344829
0.984683 9.9982E-05 9.9982E-05 0.0151173
0.891587 9.9982E-05 9.9982E-05 0.108213
0.897122 9.9982E-05 9.9982E-05 0.102678
0.93082 9.9991E-05 0.058897 0.0101827
0.996018 9.9982E-05 9.9982E-05 0.00378238
0.480554 9.99821E-05 9.99821E-05 0.519246
0.556592 0.0036698 0.0657523 0.373986
0.996445 0.000873763 0.0025812 9.9991E-05
0.0546115 9.9991E-05 0.795198 0.15009
0.0411769 9.9991E-05 0.783797 0.174926
0.131092 0.183592 0.685216 9.9991E-05
0.141337 0.197975 0.660589 9.9991E-05
9.99819E-05 9.99819E-05 0.869262 0.130538
9.9991E-05 0.00104689 0.877219 0.121634
0.147698 0.177609 0.674594 9.9991E-05
0.144042 0.180796 0.675062 9.9991E-05
9.9982E-05 9.9982E-05 0.954595 0.0452046
0.00402584 0.0592383 0.862034 0.0747016
0.0570137 9.9991E-05 0.285867 0.657019
0.106782 0.183671 0.709447 9.9991E-05
0.0524131 0.130588 0.816899 9.9991E-05
0.626097 0.046555 9.9991E-05 0.327248
