9.99369E-05 0.950024 9.99369E-05 9.99369E-05 9.99369E-05 0.0362409 9.99369E-05 9.99369E-05 9.99369E-05 0.013035
0.197713 0.132134 9.99549E-05 0.634919 9.99549E-05 0.000210373 9.99549E-05 9.99549E-05 9.99549E-05 0.0345236
9.99201E-05 9.99201E-05 9.99201E-05 9.99201E-05 9.99201E-05 9.99201E-05 0.999101 9.99201E-05 9.99201E-05 9.99201E-05
0.922732 9.9946E-05 9.9946E-05 9.9946E-05 0.0232477 9.9946E-05 0.0229758 9.9946E-05 9.9946E-05 0.0304447
0.273407 0.13263 9.99731E-05 0.257668 0.0182054 0.0555164 0.0270843 0.235188 9.99731E-05 9.99731E-05
0.961702 9.99371E-05 9.99371E-05 9.99371E-05 9.99371E-05 9.99371E-05 9.99371E-05 0.0204337 9.99371E-05 0.017165
9.99282E-05 9.99282E-05 0.263012 0.736189 9.99282E-05 9.99282E-05 9.99282E-05 9.99282E-05 9.99282E-05 9.99282E-05
0.0534882 9.99729E-05 9.99729E-05 0.111337 0.0554039 0.0589156 0.0232742 0.676791 9.99729E-05 0.0204901
9.9937E-05 9.9937E-05 0.192442 0.801184 9.9937E-05 0.00567468 9.9937E-05 9.9937E-05 9.9937E-05 9.9937E-05
9.99282E-05 9.99282E-05 9.99282E-05 0.0256642 9.99282E-05 0.973536 9.99282E-05 9.99282E-05 9.99282E-05 9.99282E-05
9.99282E-05 9.99282E-05 9.99282E-05 9.99282E-05 9.99282E-05 0.996743 9.99282E-05 0.00245796 9.99282E-05 9.99282E-05
9.9946E-05 0.695826 0.132792 9.9946E-05 9.9946E-05 9.9946E-05 0.0497177 9.9946E-05 9.9946E-05 0.121064
9.99281E-05 9.99281E-05 0.971199 9.99281E-05 9.99281E-05 9.99281E-05 9.99281E-05 0.0280012 9.99281E-05 9.99281E-05
0.930958 0.0315647 0.0102823 9.9946E-05 9.9946E-05 9.9946E-05 9.9946E-05 9.9946E-05 0.0265951 9.9946E-05
0.967193 0.0257226 9.99371E-05 9.99371E-05 9.99371E-05 9.99371E-05 9.99371E-05 9.99371E-05 0.00638519 9.99371E-05
0.0235072 0.0970574 0.319936 0.0738956 0.00984457 0.475359 9.99639E-05 9.99639E-05 9.99639E-05 9.99639E-05
0.0192282 9.99551E-05 0.186967 9.99551E-05 9.99551E-05 0.459529 9.99551E-05 9.99551E-05 0.0366808 0.297095
9.9955E-05 0.0111089 9.9955E-05 0.0226571 0.025152 0.226714 9.9955E-05 9.9955E-05 0.713868 9.9955E-05
9.9928E-05 9.9928E-05 9.9928E-05 9.9928E-05 9.9928E-05 9.9928E-05 9.9928E-05 9.9928E-05 0.910623 0.088578
9.99459E-05 0.16237 0.106859 9.99459E-05 9.99459E-05 0.659093 9.99459E-05 9.99459E-05 9.99459E-05 0.0710774
9.9928E-05 9.9928E-05 9.9928E-05 9.9928E-05 9.9928E-05 9.9928E-05 0.00811761 9.9928E-05 0.991083 9.9928E-05
0.0112875 0.517112 0.138324 9.9955E-05 0.01751 0.315266 9.9955E-05 9.9955E-05 9.9955E-05 9.9955E-05
0.00200209 9.9964E-05 9.9964E-05 9.9964E-05 9.9964E-05 0.265701 0.00151875 0.0412224 0.390434 0.298722
9.99369E-05 9.99369E-05 9.99369E-05 9.99369E-05 9.99369E-05 0.0190631 9.99369E-05 9.99369E-05 0.893107 0.0871303
0.96277 9.99282E-05 9.99282E-05 0.0364308 9.99282E-05 9.99282E-05 9.99282E-05 9.99282E-05 9.99282E-05 9.99282E-05
0.999101 9.99201E-05 9.99201E-05 9.99201E-05 9.99201E-05 9.99201E-05 9.99201E-05 9.99201E-05 9.99201E-05 9.99201E-05
9.99459E-05 0.0743752 0.816909 9.99459E-05 9.99459E-05 0.0729554 9.99459E-05 9.99459E-05 9.99459E-05 0.0351606
0.926883 9.9928E-05 9.9928E-05 9.9928E-05 0.0723175 9.9928E-05 9.9928E-05 9.9928E-05 9.9928E-05 9.9928E-05
0.891173 9.9955E-05 0.000806719 0.0231936 0.0673109 9.9955E-05 0.0170163 9.9955E-05 9.9955E-05 9.9955E-05
0.522787 0.0210654 9.99731E-05 9.99731E-05 0.139675 9.99731E-05 0.0326678 0.267155 0.0159115 0.000438004
0.276515 9.99459E-05 9.99459E-05 9.99459E-05 0.0123203 9.99459E-05 9.99459E-05 0.686891 9.99459E-05 0.0236736
9.99282E-05 9.99282E-05 9.99282E-05 0.951482 0.0477188 9.99282E-05 9.99282E-05 9.99282E-05 9.99282E-05 9.99282E-05
0.813097 9.99371E-05 9.99371E-05 9.99371E-05 9.99371E-05 9.99371E-05 0.00449064 0.181713 9.99371E-05 9.99371E-05
9.99461E-05 9.99461E-05 9.99461E-05 0.00996936 0.671383 9.99461E-05 0.0318675 0.286181 9.99461E-05 9.99461E-05
9.99458E-05 0.112565 0.557063 9.99458E-05 9.99458E-05 9.99458E-05 9.99458E-05 0.119205 9.99458E-05 0.210567
0.950657 9.9937E-05 0.00741765 9.9937E-05 9.9937E-05 9.9937E-05 9.9937E-05 0.0412259 9.9937E-05 9.9937E-05
9.9937E-05 0.979574 9.9937E-05 9.9937E-05 9.9937E-05 9.9937E-05 0.00664766 0.013079 9.9937E-05 9.9937E-05
9.9964E-05 0.112578 9.9964E-05 0.107144 9.9964E-05 0.678076 0.0434485 0.0543768 0.00397702 9.9964E-05
0.040728 0.0131191 0.181746 9.9973E-05 9.9973E-05 0.280757 9.9973E-05 0.0934642 0.0215895 0.368296
0.119258 0.296443 9.99549E-05 9.99549E-05 9.99549E-05 0.572802 9.99549E-05 9.99549E-05 0.00576283 0.00523453
0.0875568 0.331152 9.99549E-05 9.99549E-05 9.99549E-05 0.541872 9.99549E-05 9.99549E-05 0.00443204 0.0344868
9.99201E-05 9.99201E-05 9.99201E-05 9.99201E-05 9.99201E-05 0.999101 9.99201E-05 9.99201E-05 9.99201E-05 9.99201E-05
9.99459E-05 0.131137 0.236281 0.172516 9.99459E-05 0.459466 9.99459E-05 9.99459E-05 9.99459E-05 9.99459E-05
9.9937E-05 9.9937E-05 0.0187076 9.9937E-05 9.9937E-05 0.965183 9.9937E-05 9.9937E-05 9.9937E-05 0.0154094
9.9964E-05 0.0734704 0.165242 0.0276136 9.9964E-05 0.503949 9.9964E-05 9.9964E-05 0.121294 0.108031
0.0323791 0.176512 9.9964E-05 9.9964E-05 9.9964E-05 0.640603 9.9964E-05 0.0909293 0.0267857 0.0323903
0.0523851 0.245063 0.228398 9.9973E-05 0.0235646 0.280236 9.9973E-05 0.0627322 9.9973E-05 0.107322
9.99285E-05 0.993709 9.99285E-05 9.99285E-05 9.99285E-05 9.99285E-05 9.99285E-05 9.99285E-05 0.0054912 9.99285E-05
9.99201E-05 9.99201E-05 9.99201E-05 9.99201E-05 0.999101 9.99201E-05 9.99201E-05 9.99201E-05 9.99201E-05 9.99201E-05
9.99201E-05 9.99201E-05 9.99201E-05 9.99201E-05 0.999101 9.99201E-05 9.99201E-05 9.99201E-05 9.99201E-05 9.99201E-05
9.99201E-05 9.99201E-05 9.99201E-05 9.99201E-05 0.999101 9.99201E-05 9.99201E-05 9.99201E-05 9.99201E-05 9.99201E-05
9.99201E-05 9.99201E-05 9.99201E-05 9.99201E-05 0.999101 9.99201E-05 9.99201E-05 9.99201E-05 9.99201E-05 9.99201E-05
0.00528649 9.99281E-05 9.99281E-05 9.99281E-05 0.993914 9.99281E-05 9.99281E-05 9.99281E-05 9.99281E-05 9.99281E-05
0.0235304 0.0143656 0.00493672 0.0867393 0.372419 0.0404419 0.0121501 0.411386 0.0288327 0.00519773
9.9937E-05 0.0165565 9.9937E-05 0.0836264 0.899118 9.9937E-05 9.9937E-05 9.9937E-05 9.9937E-05 9.9937E-05
9.99459E-05 0.892005 0.07605 0.0161698 9.99459E-05 0.0151755 9.99459E-05 9.99459E-05 9.99459E-05 9.99459E-05
9.99548E-05 0.0073177 9.99548E-05 0.859118 0.0802137 9.99548E-05 0.0383955 9.99548E-05 9.99548E-05 0.0144553
0.994479 9.9937E-05 9.9937E-05 9.9937E-05 9.9937E-05 9.9937E-05 0.00225818 9.9937E-05 0.00256283 9.9937E-05
9.9946E-05 0.0976079 0.865951 9.9946E-05 0.0177412 9.9946E-05 9.9946E-05 9.9946E-05 9.9946E-05 0.0180999
0.0768605 0.183068 0.304123 0.0445027 9.9964E-05 0.382977 0.00806893 9.9964E-05 9.9964E-05 9.9964E-05
9.99282E-05 9.99282E-05 0.982087 9.99282E-05 9.99282E-05 9.99282E-05 0.0171138 9.99282E-05 9.99282E-05 9.99282E-05
9.99459E-05 0.0223116 0.851518 9.99459E-05 9.99459E-05 0.113519 0.0120515 9.99459E-05 9.99459E-05 9.99459E-05
9.99369E-05 9.99369E-05 0.87796 9.99369E-05 9.99369E-05 0.0579169 9.99369E-05 9.99369E-05 9.99369E-05 0.063424
9.99461E-05 0.115666 9.99461E-05 9.99461E-05 0.00208658 9.99461E-05 9.99461E-05 0.00592123 0.875726 9.99461E-05
0.981259 9.99284E-05 9.99284E-05 9.99284E-05 9.99284E-05 9.99284E-05 0.0179418 9.99284E-05 9.99284E-05 9.99284E-05
0.241115 0.0588858 0.0173871 0.132214 0.103255 0.239003 9.9991E-05 0.0784735 0.00177713 0.127789
0.829684 9.99372E-05 9.99372E-05 9.99372E-05 9.99372E-05 9.99372E-05 0.142274 0.0273421 9.99372E-05 9.99372E-05
0.884236 0.0269778 9.9955E-05 9.9955E-05 0.0504698 9.9955E-05 0.00424103 0.0335755 9.9955E-05 9.9955E-05
0.862448 9.9955E-05 0.000584132 0.0615405 0.0216887 9.9955E-05 9.9955E-05 0.0532389 9.9955E-05 9.9955E-05
0.903423 9.99551E-05 9.99551E-05 0.0709169 9.99551E-05 9.99551E-05 0.00659453 0.0129092 0.00565701 9.99551E-05
0.731151 0.0170792 9.99461E-05 9.99461E-05 9.99461E-05 0.0293845 9.99461E-05 0.221786 9.99461E-05 9.99461E-05
0.97956 9.9928E-05 9.9928E-05 9.9928E-05 9.9928E-05 9.9928E-05 9.9928E-05 0.0196408 9.9928E-05 9.9928E-05
9.99201E-05 9.99201E-05 9.99201E-05 9.99201E-05 9.99201E-05 9.99201E-05 9.99201E-05 0.999101 9.99201E-05 9.99201E-05
9.99281E-05 9.99281E-05 0.0493332 9.99281E-05 9.99281E-05 9.99281E-05 9.99281E-05 0.949867 9.99281E-05 9.99281E-05
0.930374 0.00185087 9.99461E-05 9.99461E-05 0.0477681 9.99461E-05 0.0194074 9.99461E-05 9.99461E-05 9.99461E-05
0.0340203 0.121333 0.0847946 0.121578 0.00591059 0.621854 9.9973E-05 9.9973E-05 9.9973E-05 0.0102105
0.0622236 0.0566388 0.11846 0.160864 0.016545 0.584869 9.99639E-05 9.99639E-05 9.99639E-05 9.99639E-05
9.99201E-05 9.99201E-05 9.99201E-05 9.99201E-05 9.99201E-05 9.99201E-05 9.99201E-05 9.99201E-05 9.99201E-05 0.999101
9.99201E-05 9.99201E-05 9.99201E-05 9.99201E-05 9.99201E-05 9.99201E-05 9.99201E-05 9.99201E-05 9.99201E-05 0.999101
9.9946E-05 0.0386633 9.9946E-05 0.0284873 9.9946E-05 0.929261 0.0029883 9.9946E-05 9.9946E-05 9.9946E-05
9.9964E-05 0.00449636 0.0279449 0.0128106 0.00335101 0.947774 0.00322361 9.9964E-05 9.9964E-05 9.9964E-05
9.9928E-05 9.9928E-05 9.9928E-05 0.0153671 9.9928E-05 9.9928E-05 9.9928E-05 9.9928E-05 9.9928E-05 0.983833
9.99201E-05 9.99201E-05 9.99201E-05 9.99201E-05 9.99201E-05 9.99201E-05 9.99201E-05 9.99201E-05 9.99201E-05 0.999101
9.99279E-05 0.955475 0.0437253 9.99279E-05 9.99279E-05 9.99279E-05 9.99279E-05 9.99279E-05 9.99279E-05 9.99279E-05
9.99549E-05 0.0890406 0.228967 0.167111 9.99549E-05 0.447653 9.99549E-05 9.99549E-05 0.0667289 9.99549E-05
9.99201E-05 9.99201E-05 9.99201E-05 0.887143 0.112057 9.99201E-05 9.99201E-05 9.99201E-05 9.99201E-05 9.99201E-05
0.0205451 9.99641E-05 0.373873 9.99641E-05 9.99641E-05 0.240128 9.99641E-05 0.0620444 0.107174 0.195836
0.00413226 0.153504 0.462182 9.99551E-05 9.99551E-05 9.99551E-05 9.99551E-05 9.99551E-05 0.0594679 0.320214
0.225284 9.99551E-05 9.99551E-05 9.99551E-05 0.0340708 9.99551E-05 9.99551E-05 0.70634 0.0230422 0.0107631
