9.9973E-05 0.971522 9.9973E-05 9.9973E-05 0.028178
0.296034 0.384891 0.313953 9.9991E-05 0.00502255
0.806961 0.0519895 0.0772591 0.0317859 0.0320049
0.962036 9.9973E-05 9.9973E-05 9.9973E-05 0.0376646
0.448293 0.202305 0.332947 9.9991E-05 0.0163548
0.9996 9.997E-05 9.997E-05 9.997E-05 9.997E-05
0.0185408 0.575005 0.406255 9.99821E-05 9.99821E-05
0.397693 0.0483136 0.478277 9.9991E-05 0.0756162
9.99731E-05 0.556092 0.443608 9.99731E-05 9.99731E-05
9.9982E-05 0.70419 0.161551 9.9982E-05 0.134059
9.9982E-05 0.672886 0.156192 9.9982E-05 0.170722
0.0690271 0.789365 9.9982E-05 9.9982E-05 0.141408
0.0591746 0.934362 9.99821E-05 0.00626301 9.99821E-05
0.968586 0.000398117 9.9991E-05 0.0244857 0.00643062
0.966756 0.00637284 9.9982E-05 0.0266711 9.9982E-05
0.0229488 0.884394 0.050526 9.9991E-05 0.0420317
9.9982E-05 0.506191 9.9982E-05 0.0670853 0.426524
9.9982E-05 0.177591 0.0982712 0.723938 9.9982E-05
9.9973E-05 9.9973E-05 9.9973E-05 0.903531 0.0961691
9.9982E-05 0.775418 0.030584 9.9982E-05 0.193798
0.00823812 9.9973E-05 9.9973E-05 0.991462 9.9973E-05
0.018722 0.94625 0.00178439 9.9991E-05 0.0331441
9.9991E-05 0.0526938 0.0827387 0.452969 0.411498
9.9973E-05 9.9973E-05 9.9973E-05 0.904634 0.0950657
0.969614 9.9973E-05 0.0300864 9.9973E-05 9.9973E-05
0.9996 9.997E-05 9.997E-05 9.997E-05 9.997E-05
9.9973E-05 0.904669 9.9973E-05 9.9973E-05 0.0950309
0.895789 9.9973E-05 0.103911 9.9973E-05 9.9973E-05
0.92988 9.9973E-05 0.0698196 9.9973E-05 9.9973E-05
0.706194 9.9991E-05 0.232101 0.0295405 0.0320649
0.654978 9.9982E-05 0.304783 9.9982E-05 0.040039
0.0661529 0.285874 0.647773 9.99821E-05 9.99821E-05
0.9996 9.997E-05 9.997E-05 9.997E-05 9.997E-05
0.104337 0.00432751 0.891135 9.9982E-05 9.9982E-05
0.0580124 0.662411 9.9982E-05 9.9982E-05 0.279376
0.977774 0.0219265 9.99729E-05 9.99729E-05 9.99729E-05
0.0440912 0.943999 9.99821E-05 9.99821E-05 0.0117098
9.9991E-05 0.679042 0.225376 0.055955 0.0395267
0.141683 0.355612 9.9991E-05 0.0772382 0.425367
0.141048 0.765337 9.9991E-05 0.00961811 0.0838969
0.100032 0.818189 0.0063274 0.00626966 0.0691821
9.9991E-05 0.814011 0.0459723 0.0276771 0.112239
9.9973E-05 0.942841 0.0568586 9.9973E-05 9.9973E-05
9.9991E-05 0.783538 0.0731473 0.0104274 0.132787
9.9991E-05 0.62468 0.0380823 0.128178 0.20896
0.0510957 0.719115 0.0755175 0.0398107 0.114461
0.0806283 0.665318 0.105417 9.9991E-05 0.148536
9.99822E-05 0.970711 0.00108626 0.0280027 9.99822E-05
9.997E-05 9.997E-05 0.9996 9.997E-05 9.997E-05
9.997E-05 9.997E-05 0.9996 9.997E-05 9.997E-05
9.997E-05 9.997E-05 0.9996 9.997E-05 9.997E-05
9.997E-05 9.997E-05 0.9996 9.997E-05 9.997E-05
9.997E-05 9.997E-05 0.9996 9.997E-05 9.997E-05
0.188939 0.068876 0.707496 0.0345892 9.9991E-05
9.9973E-05 9.9973E-05 0.996045 9.9973E-05 0.00365498
9.997E-05 0.9996 9.997E-05 9.997E-05 9.997E-05
0.0745026 0.322523 0.602774 9.9982E-05 9.9982E-05
0.9996 9.997E-05 9.997E-05 9.997E-05 9.997E-05
9.99731E-05 0.965398 9.99731E-05 9.99731E-05 0.0343017
0.0641171 0.916544 9.9982E-05 9.9982E-05 0.0191387
9.99732E-05 0.988639 9.99732E-05 0.0110615 9.99732E-05
0.00828155 0.986446 9.9982E-05 0.00507255 9.9982E-05
9.9982E-05 0.873731 9.9982E-05 0.0187621 0.107307
9.9982E-05 0.0397241 0.0311913 0.928885 9.9982E-05
0.9996 9.997E-05 9.997E-05 9.997E-05 9.997E-05
0.246885 0.37971 0.199159 0.0722149 0.102032
0.997001 9.99731E-05 0.00269957 9.99731E-05 9.99731E-05
0.984643 0.0150573 9.9973E-05 9.9973E-05 9.9973E-05
0.927049 0.0102444 0.0625063 9.9982E-05 9.9982E-05
0.919176 9.9982E-05 0.0603826 0.0202414 9.9982E-05
0.912213 0.0412368 0.0204627 9.9991E-05 0.0259878
0.983306 0.00935462 9.9982E-05 9.9982E-05 0.00713904
0.450665 9.99732E-05 0.549035 9.99732E-05 9.99732E-05
0.488906 0.0511852 0.436781 0.023028 9.99911E-05
0.972818 9.9982E-05 0.0121863 9.9982E-05 0.0147958
0.0325379 0.72262 0.162167 9.9991E-05 0.0825752
0.00944432 0.736686 0.173901 9.9991E-05 0.0798686
9.997E-05 9.997E-05 9.997E-05 9.997E-05 0.9996
9.997E-05 9.997E-05 9.997E-05 9.997E-05 0.9996
9.9991E-05 0.77101 0.138065 0.00455846 0.0862669
9.9991E-05 0.790538 0.118618 0.0322736 0.0584707
9.997E-05 9.997E-05 9.997E-05 9.997E-05 0.9996
9.997E-05 9.997E-05 9.997E-05 9.997E-05 0.9996
9.9973E-05 0.99636 0.00334036 9.9973E-05 9.9973E-05
0.0094962 0.87362 0.065036 0.0517479 9.9991E-05
0.066845 0.301533 0.631422 9.9982E-05 9.9982E-05
0.0763973 0.495628 9.9991E-05 0.137189 0.290686
9.99821E-05 0.602397 9.99821E-05 0.0657858 0.331617
0.593452 9.9991E-05 0.326506 0.0436499 0.0362928
