9.999E-05 9.999E-05 0.9998
9.999E-05 0.554511 0.445389
0.0491505 0.905731 0.045119
9.999E-05 0.9998 9.999E-05
9.9991E-05 0.693625 0.306275
9.999E-05 0.9998 9.999E-05
9.999E-05 0.334512 0.665388
9.999E-05 0.833687 0.166213
9.99911E-05 0.374488 0.625412
9.9991E-05 0.026975 0.972925
9.9991E-05 0.0195857 0.980314
9.9991E-05 0.0370645 0.962836
9.99911E-05 0.0581363 0.941764
0.0120819 0.987818 9.9991E-05
0.00763947 0.98015 0.0122101
9.9991E-05 0.0269382 0.972962
0.166343 0.033336 0.800321
0.739057 0.0238406 0.237102
0.9998 9.999E-05 9.999E-05
9.999E-05 9.999E-05 0.9998
0.9998 9.999E-05 9.999E-05
9.999E-05 9.999E-05 0.9998
0.571299 0.0996985 0.329002
0.9998 9.999E-05 9.999E-05
9.999E-05 0.9998 9.999E-05
9.999E-05 0.9998 9.999E-05
9.999E-05 9.999E-05 0.9998
9.999E-05 0.9998 9.999E-05
9.999E-05 0.9998 9.999E-05
0.050475 0.949425 9.9991E-05
0.0442467 0.955653 9.9991E-05
9.99911E-05 0.579041 0.420859
9.999E-05 0.9998 9.999E-05
9.9991E-05 0.858585 0.141315
9.9991E-05 0.0698925 0.930008
9.9991E-05 0.976572 0.0233285
9.9991E-05 0.0351971 0.964703
0.0373277 0.170817 0.791855
0.168517 0.179566 0.651917
9.9991E-05 0.112294 0.887606
9.9991E-05 0.085486 0.914414
0.00232197 9.9991E-05 0.997578
9.9991E-05 0.0184811 0.981419
9.9991E-05 0.0228621 0.977038
0.152276 0.00541936 0.842305
0.0418252 0.119938 0.838237
9.9991E-05 0.181319 0.818581
0.0305889 9.99911E-05 0.969311
0.0458323 0.844424 0.109744
0.0520928 0.843876 0.104031
0.027049 0.81507 0.157881
0.0366297 0.844907 0.118463
0.0130618 0.877211 0.109727
0.066448 0.754437 0.179115
0.00914623 0.790902 0.199952
9.999E-05 9.999E-05 0.9998
9.9991E-05 0.561837 0.438063
9.999E-05 0.9998 9.999E-05
9.999E-05 9.999E-05 0.9998
9.9991E-05 0.0591643 0.940736
9.999E-05 9.999E-05 0.9998
9.999E-05 9.999E-05 0.9998
0.00684837 9.9991E-05 0.993052
0.916105 9.9991E-05 0.0837947
9.999E-05 0.9998 9.999E-05
0.0829422 0.491041 0.426016
9.999E-05 0.9998 9.999E-05
9.999E-05 0.9998 9.999E-05
9.999E-05 0.9998 9.999E-05
9.999E-05 0.9998 9.999E-05
9.9991E-05 0.924094 0.0758062
9.999E-05 0.9998 9.999E-05
9.99911E-05 0.984377 0.0155235
0.00566325 0.884377 0.109959
9.999E-05 0.9998 9.999E-05
9.9991E-05 0.14987 0.85003
9.9991E-05 0.156098 0.843802
0.275073 0.0984868 0.62644
0.263068 0.126471 0.610461
9.9991E-05 0.063915 0.935985
9.9991E-05 0.0258485 0.974052
0.25587 0.102783 0.641346
0.276461 0.106807 0.616732
9.999E-05 9.999E-05 0.9998
0.0458116 0.0239048 0.930284
9.9991E-05 0.603936 0.395964
0.190432 0.0784872 0.731081
0.173256 9.9991E-05 0.826644
0.0935912 0.871789 0.0346202
