0.9998 9.999E-05 9.999E-05
0.461036 9.9991E-05 0.538864
0.037653 0.0797569 0.88259
9.999E-05 9.999E-05 0.9998
0.301651 9.9991E-05 0.698249
9.999E-05 9.999E-05 0.9998
0.667354 9.99911E-05 0.332546
0.210869 9.9991E-05 0.789031
0.6712 9.9991E-05 0.3287
0.984129 9.9991E-05 0.015771
0.980023 9.9991E-05 0.0198767
0.932557 0.00346793 0.0639752
0.98635 9.99911E-05 0.0135497
9.9991E-05 0.023219 0.976681
9.9991E-05 0.0164516 0.983448
0.964699 9.9991E-05 0.0352015
0.810364 0.162273 0.0273636
0.256925 0.731953 0.0111215
9.999E-05 0.9998 9.999E-05
0.9998 9.999E-05 9.999E-05
9.999E-05 0.9998 9.999E-05
0.9998 9.999E-05 9.999E-05
0.368796 0.559184 0.0720201
0.019751 0.980149 9.9991E-05
9.999E-05 9.999E-05 0.9998
9.999E-05 9.999E-05 0.9998
0.9998 9.999E-05 9.999E-05
9.999E-05 9.999E-05 0.9998
9.999E-05 9.999E-05 0.9998
0.0161678 0.0479015 0.935931
0.0277131 0.0400497 0.932237
0.423916 9.9991E-05 0.575984
9.999E-05 9.999E-05 0.9998
0.188219 9.9991E-05 0.811681
0.93492 9.9991E-05 0.0649797
9.999E-05 9.999E-05 0.9998
0.959018 9.9991E-05 0.0408821
0.842156 0.00641961 0.151424
0.644646 0.174709 0.180645
0.884803 9.9991E-05 0.115097
0.92351 0.00630594 0.0701844
0.997803 0.00209662 9.9991E-05
0.9998 9.999E-05 9.999E-05
0.983741 0.000733177 0.0155258
0.843549 0.156351 9.9991E-05
0.863292 0.0381108 0.098597
0.84758 9.9991E-05 0.15232
0.958753 0.0411473 9.99911E-05
0.180858 0.0240017 0.79514
0.175705 0.030784 0.793511
0.199728 0.0307222 0.769549
0.118808 0.041858 0.839334
0.112921 0.0166212 0.870458
0.202613 0.0544131 0.742974
0.223852 9.9991E-05 0.776048
0.9998 9.999E-05 9.999E-05
0.440472 9.9991E-05 0.559428
9.999E-05 9.999E-05 0.9998
0.9998 9.999E-05 9.999E-05
0.960397 9.9991E-05 0.0395033
0.9998 9.999E-05 9.999E-05
0.9998 9.999E-05 9.999E-05
0.9998 9.999E-05 9.999E-05
0.0808361 0.919064 9.9991E-05
9.999E-05 9.999E-05 0.9998
0.410335 0.126726 0.462938
9.999E-05 9.999E-05 0.9998
9.999E-05 9.999E-05 0.9998
9.999E-05 9.999E-05 0.9998
9.999E-05 9.999E-05 0.9998
0.0193131 9.9991E-05 0.980587
9.999E-05 9.999E-05 0.9998
0.0245032 9.99911E-05 0.975397
0.126435 0.0246681 0.848897
9.999E-05 9.999E-05 0.9998
0.863627 9.9991E-05 0.136273
0.844888 9.9991E-05 0.155013
0.605177 0.287101 0.107723
0.592643 0.293314 0.114043
0.965511 9.9991E-05 0.0343889
0.980138 9.9991E-05 0.0197617
0.58396 0.286743 0.129297
0.562907 0.300952 0.136141
0.9998 9.999E-05 9.999E-05
0.941127 0.0361036 0.0227689
0.443296 9.9991E-05 0.556604
0.707891 0.203278 0.0888305
0.831928 0.167972 9.9991E-05
0.0183965 0.105286 0.876317
