9.98558E-05 9.98558E-05 9.98558E-05 9.98558E-05 9.98558E-05 9.98558E-05 9.98558E-05 0.0255144 9.98558E-05 9.98558E-05 0.929487 9.98558E-05 0.0283556 9.98558E-05 9.98558E-05 0.0150456 9.98558E-05 9.98558E-05 9.98558E-05 9.98558E-05
9.98828E-05 9.98828E-05 9.98828E-05 9.98828E-05 9.98828E-05 9.98828E-05 0.00254167 0.0676109 0.000745798 9.98828E-05 0.0643105 9.98828E-05 9.98828E-05 0.636329 9.98828E-05 9.98828E-05 0.0983621 9.98828E-05 9.98828E-05 0.128802
9.98293E-05 9.98293E-05 0.998103 9.98293E-05 9.98293E-05 9.98293E-05 9.98293E-05 9.98293E-05 9.98293E-05 9.98293E-05 9.98293E-05 9.98293E-05 9.98293E-05 9.98293E-05 9.98293E-05 9.98293E-05 9.98293E-05 9.98293E-05 9.98293E-05 9.98293E-05
9.9874E-05 9.9874E-05 9.9874E-05 9.9874E-05 9.9874E-05 0.0320902 9.9874E-05 0.0081783 0.86466 9.9874E-05 9.9874E-05 9.9874E-05 9.9874E-05 9.9874E-05 0.0557071 9.9874E-05 9.9874E-05 9.9874E-05 0.00530186 0.0326639
9.98292E-05 9.98292E-05 9.98292E-05 9.98292E-05 9.98292E-05 9.98292E-05 9.98292E-05 9.98292E-05 9.98292E-05 9.98292E-05 9.98292E-05 9.98292E-05 9.98292E-05 9.98292E-05 9.98292E-05 9.98292E-05 0.998103 9.98292E-05 9.98292E-05 9.98292E-05
9.9856E-05 9.9856E-05 9.9856E-05 9.9856E-05 9.9856E-05 0.0282317 9.9856E-05 0.0175703 0.731838 9.9856E-05 9.9856E-05 9.9856E-05 9.9856E-05 9.9856E-05 9.9856E-05 9.9856E-05 9.9856E-05 9.9856E-05 9.9856E-05 0.220763
9.98293E-05 9.98293E-05 9.98293E-05 9.98293E-05 0.998103 9.98293E-05 9.98293E-05 9.98293E-05 9.98293E-05 9.98293E-05 9.98293E-05 9.98293E-05 9.98293E-05 9.98293E-05 9.98293E-05 9.98293E-05 9.98293E-05 9.98293E-05 9.98293E-05 9.98293E-05
9.99099E-05 9.99099E-05 0.0265167 0.0748527 9.99099E-05 0.174484 0.00850481 9.99099E-05 9.99099E-05 9.99099E-05 9.99099E-05 9.99099E-05 0.073151 0.110969 9.99099E-05 9.99099E-05 0.0491852 0.388942 0.00562538 0.0867697
9.98471E-05 9.98471E-05 9.98471E-05 0.0207196 0.919095 9.98471E-05 9.98471E-05 9.98471E-05 9.98471E-05 9.98471E-05 9.98471E-05 9.98471E-05 9.98471E-05 0.0584882 9.98471E-05 9.98471E-05 9.98471E-05 9.98471E-05 9.98471E-05 9.98471E-05
9.98472E-05 9.98472E-05 9.98472E-05 9.98472E-05 0.111793 9.98472E-05 9.98472E-05 9.98472E-05 9.98472E-05 9.98472E-05 9.98472E-05 9.98472E-05 0.866367 9.98472E-05 9.98472E-05 9.98472E-05 0.0201432 9.98472E-05 9.98472E-05 9.98472E-05
9.98473E-05 9.98473E-05 9.98473E-05 9.98473E-05 0.10114 9.98473E-05 9.98473E-05 9.98473E-05 9.98473E-05 9.98473E-05 9.98473E-05 9.98473E-05 0.873071 9.98473E-05 9.98473E-05 9.98473E-05 0.024091 9.98473E-05 9.98473E-05 9.98473E-05
0.0184979 0.144736 0.0291315 9.98921E-05 0.00209374 9.98921E-05 9.98921E-05 9.98921E-05 0.0160467 9.98921E-05 0.666353 9.98921E-05 9.98921E-05 9.98921E-05 9.98921E-05 9.98921E-05 9.98921E-05 9.98921E-05 0.10994 0.0120022
9.98385E-05 0.949395 9.98385E-05 9.98385E-05 9.98385E-05 9.98385E-05 9.98385E-05 9.98385E-05 9.98385E-05 9.98385E-05 9.98385E-05 9.98385E-05 9.98385E-05 9.98385E-05 9.98385E-05 9.98385E-05 9.98385E-05 0.0488077 9.98385E-05 9.98385E-05
0.0175125 9.98651E-05 9.98651E-05 9.98651E-05 9.98651E-05 9.98651E-05 9.98651E-05 9.98651E-05 0.734529 0.00657228 9.98651E-05 9.98651E-05 9.98651E-05 0.0207868 9.98651E-05 9.98651E-05 9.98651E-05 9.98651E-05 9.98651E-05 0.219102
9.98562E-05 9.98562E-05 9.98562E-05 9.98562E-05 9.98562E-05 9.98562E-05 9.98562E-05 9.98562E-05 0.853836 9.98562E-05 0.0124043 9.98562E-05 9.98562E-05 9.98562E-05 9.98562E-05 9.98562E-05 0.0349677 9.98562E-05 9.98562E-05 0.0971944
0.102033 0.109979 9.9847E-05 9.9847E-05 9.9847E-05 9.9847E-05 9.9847E-05 9.9847E-05 9.9847E-05 9.9847E-05 9.9847E-05 0.78629 9.9847E-05 9.9847E-05 9.9847E-05 9.9847E-05 9.9847E-05 9.9847E-05 9.9847E-05 9.9847E-05
9.98561E-05 9.98561E-05 9.98561E-05 9.98561E-05 9.98561E-05 9.98561E-05 9.98561E-05 0.93716 9.98561E-05 9.98561E-05 9.98561E-05 0.0179977 0.0276834 9.98561E-05 9.98561E-05 0.0155612 9.98561E-05 9.98561E-05 9.98561E-05 9.98561E-05
9.99008E-05 9.99008E-05 0.00633946 0.022664 0.00801424 9.99008E-05 0.0999414 9.99008E-05 9.99008E-05 0.638972 9.99008E-05 9.99008E-05 0.0891122 0.0384634 9.99008E-05 0.0845359 0.0108585 9.99008E-05 9.99008E-05 9.99008E-05
9.98381E-05 9.98381E-05 9.98381E-05 9.98381E-05 9.98381E-05 9.98381E-05 9.98381E-05 9.98381E-05 9.98381E-05 0.918611 9.98381E-05 9.98381E-05 9.98381E-05 9.98381E-05 9.98381E-05 9.98381E-05 9.98381E-05 9.98381E-05 0.0795916 9.98381E-05
0.109935 9.98739E-05 9.98739E-05 9.98739E-05 9.98739E-05 9.98739E-05 9.98739E-05 0.0228227 9.98739E-05 9.98739E-05 0.068151 0.235323 0.528144 9.98739E-05 9.98739E-05 9.98739E-05 9.98739E-05 9.98739E-05 0.0342253 9.98739E-05
9.98383E-05 9.98383E-05 0.000875738 9.98383E-05 9.98383E-05 9.98383E-05 9.98383E-05 9.98383E-05 9.98383E-05 0.997327 9.98383E-05 9.98383E-05 9.98383E-05 9.98383E-05 9.98383E-05 9.98383E-05 9.98383E-05 9.98383E-05 9.98383E-05 9.98383E-05
9.9865E-05 0.0824566 9.9865E-05 9.9865E-05 9.9865E-05 9.9865E-05 9.9865E-05 0.0734892 9.9865E-05 9.9865E-05 0.538533 0.234881 0.0691422 9.9865E-05 9.9865E-05 9.9865E-05 9.9865E-05 9.9865E-05 9.9865E-05 9.9865E-05
9.98289E-05 9.98289E-05 9.98289E-05 9.98289E-05 9.98289E-05 9.98289E-05 9.98289E-05 9.98289E-05 9.98289E-05 9.98289E-05 9.98289E-05 9.98289E-05 9.98289E-05 9.98289E-05 9.98289E-05 0.998103 9.98289E-05 9.98289E-05 9.98289E-05 9.98289E-05
0.0249792 9.98303E-05 9.98303E-05 9.98303E-05 9.98303E-05 9.98303E-05 9.98303E-05 9.98303E-05 9.98303E-05 0.734444 9.98303E-05 9.98303E-05 9.98303E-05 9.98303E-05 9.98303E-05 0.23888 9.98303E-05 9.98303E-05 9.98303E-05 9.98303E-05
9.98474E-05 9.98474E-05 0.0667587 9.98474E-05 9.98474E-05 9.98474E-05 9.98474E-05 9.98474E-05 9.98474E-05 9.98474E-05 9.98474E-05 9.98474E-05 9.98474E-05 9.98474E-05 0.395917 9.98474E-05 9.98474E-05 9.98474E-05 9.98474E-05 0.535626
9.98473E-05 9.98473E-05 9.98473E-05 9.98473E-05 9.98473E-05 9.98473E-05 9.98473E-05 9.98473E-05 0.207934 9.98473E-05 9.98473E-05 9.98473E-05 9.98473E-05 9.98473E-05 0.0299416 9.98473E-05 9.98473E-05 9.98473E-05 9.98473E-05 0.760427
9.98648E-05 0.754344 9.98648E-05 9.98648E-05 9.98648E-05 9.98648E-05 9.98648E-05 0.0668773 9.98648E-05 9.98648E-05 0.0696101 9.98648E-05 0.0928595 9.98648E-05 9.98648E-05 9.98648E-05 9.98648E-05 9.98648E-05 0.0148111 9.98648E-05
0.0057831 9.98562E-05 9.98562E-05 0.0112022 9.98562E-05 9.98562E-05 9.98562E-05 9.98562E-05 9.98562E-05 9.98562E-05 9.98562E-05 9.98562E-05 9.98562E-05 9.98562E-05 0.960373 9.98562E-05 9.98562E-05 9.98562E-05 9.98562E-05 0.0210436
9.98382E-05 9.98382E-05 9.98382E-05 0.00294319 9.98382E-05 9.98382E-05 9.98382E-05 9.98382E-05 9.98382E-05 9.98382E-05 9.98382E-05 9.98382E-05 9.98382E-05 9.98382E-05 0.99526 9.98382E-05 9.98382E-05 9.98382E-05 9.98382E-05 9.98382E-05
9.99101E-05 9.99101E-05 0.0384274 0.0663046 9.99101E-05 0.372915 9.99101E-05 9.99101E-05 0.0513492 0.00218975 0.0522063 9.99101E-05 9.99101E-05 9.99101E-05 0.20943 9.99101E-05 0.0380856 0.013183 9.99101E-05 0.154909
9.98379E-05 9.98379E-05 9.98379E-05 9.98379E-05 9.98379E-05 0.888333 9.98379E-05 9.98379E-05 9.98379E-05 9.98379E-05 9.98379E-05 9.98379E-05 9.98379E-05 9.98379E-05 9.98379E-05 9.98379E-05 9.98379E-05 9.98379E-05 9.98379E-05 0.10987
9.98296E-05 9.98296E-05 9.98296E-05 9.98296E-05 9.98296E-05 9.98296E-05 9.98296E-05 9.98296E-05 9.98296E-05 9.98296E-05 9.98296E-05 9.98296E-05 9.98296E-05 0.998103 9.98296E-05 9.98296E-05 9.98296E-05 9.98296E-05 9.98296E-05 9.98296E-05
9.98385E-05 9.98385E-05 9.98385E-05 9.98385E-05 9.98385E-05 9.98385E-05 9.98385E-05 9.98385E-05 9.98385E-05 9.98385E-05 9.98385E-05 9.98385E-05 9.98385E-05 9.98385E-05 9.98385E-05 9.98385E-05 9.98385E-05 0.074487 9.98385E-05 0.923716
9.98654E-05 9.98654E-05 0.0374491 0.750352 9.98654E-05 0.0399601 9.98654E-05 9.98654E-05 9.98654E-05 9.98654E-05 9.98654E-05 9.98654E-05 9.98654E-05 9.98654E-05 9.98654E-05 9.98654E-05 9.98654E-05 0.166881 0.00385962 9.98654E-05
0.0342122 0.48183 9.98917E-05 9.98917E-05 9.98917E-05 0.0583896 9.98917E-05 0.259177 9.98917E-05 9.98917E-05 0.0321329 9.98917E-05 0.0190639 9.98917E-05 9.98917E-05 9.98917E-05 0.0240682 9.98917E-05 0.0899269 9.98917E-05
0.0195202 9.98649E-05 9.98649E-05 9.98649E-05 0.0123388 9.98649E-05 9.98649E-05 9.98649E-05 9.98649E-05 9.98649E-05 9.98649E-05 9.98649E-05 9.98649E-05 9.98649E-05 0.286244 9.98649E-05 9.98649E-05 0.0327928 9.98649E-05 0.647606
0.00113008 9.98651E-05 0.0203829 9.98651E-05 9.98651E-05 9.98651E-05 9.98651E-05 9.98651E-05 9.98651E-05 9.98651E-05 0.944123 9.98651E-05 9.98651E-05 9.98651E-05 9.98651E-05 9.98651E-05 0.00808583 0.02478 9.98651E-05 9.98651E-05
9.98739E-05 9.98739E-05 9.98739E-05 9.98739E-05 9.98739E-05 9.98739E-05 9.98739E-05 0.03685 9.98739E-05 9.98739E-05 0.082593 9.98739E-05 0.598351 0.17639 9.98739E-05 0.0631353 9.98739E-05 0.0412825 9.98739E-05 9.98739E-05
9.98382E-05 9.98382E-05 9.98382E-05 9.98382E-05 9.98382E-05 9.98382E-05 9.98382E-05 0.987478 9.98382E-05 9.98382E-05 9.98382E-05 9.98382E-05 9.98382E-05 9.98382E-05 9.98382E-05 9.98382E-05 9.98382E-05 0.010725 9.98382E-05 9.98382E-05
9.98738E-05 9.98738E-05 9.98738E-05 9.98738E-05 9.98738E-05 9.98738E-05 9.98738E-05 0.141341 9.98738E-05 9.98738E-05 0.189755 0.238278 0.276016 9.98738E-05 9.98738E-05 9.98738E-05 0.0548554 9.98738E-05 9.98738E-05 0.0983559
9.98917E-05 9.98917E-05 9.98917E-05 9.98917E-05 9.98917E-05 9.98917E-05 9.98917E-05 0.0984754 9.98917E-05 0.00693318 0.246196 0.21442 0.29682 9.98917E-05 9.98917E-05 9.98917E-05 0.109722 9.98917E-05 0.0158842 0.0103493
0.0134048 9.9856E-05 9.9856E-05 9.9856E-05 9.9856E-05 9.9856E-05 9.9856E-05 0.0377794 9.9856E-05 9.9856E-05 0.0489099 9.9856E-05 0.898308 9.9856E-05 9.9856E-05 9.9856E-05 9.9856E-05 9.9856E-05 9.9856E-05 9.9856E-05
9.98651E-05 0.077251 9.98651E-05 9.98651E-05 0.028741 9.98651E-05 0.0228405 9.98651E-05 9.98651E-05 9.98651E-05 9.98651E-05 0.846653 0.0230162 9.98651E-05 9.98651E-05 9.98651E-05 9.98651E-05 9.98651E-05 9.98651E-05 9.98651E-05
0.117546 0.00475455 9.9856E-05 9.9856E-05 9.9856E-05 0.0154317 9.9856E-05 9.9856E-05 9.9856E-05 9.9856E-05 9.9856E-05 9.9856E-05 0.860671 9.9856E-05 9.9856E-05 9.9856E-05 9.9856E-05 9.9856E-05 9.9856E-05 9.9856E-05
0.166224 0.108107 9.98829E-05 9.98829E-05 9.98829E-05 9.98829E-05 9.98829E-05 9.98829E-05 9.98829E-05 9.98829E-05 0.0466087 0.0864977 0.268455 0.0478099 9.98829E-05 0.274999 9.98829E-05 9.98829E-05 9.98829E-05 9.98829E-05
0.157492 9.9901E-05 0.0235693 9.9901E-05 9.9901E-05 9.9901E-05 9.9901E-05 9.9901E-05 0.0412589 9.9901E-05 0.0824686 0.156545 0.428305 0.014452 9.9901E-05 0.0737718 0.0210379 9.9901E-05 9.9901E-05 9.9901E-05
0.340104 0.00964057 0.0493102 9.99008E-05 0.07811 0.0960967 9.99008E-05 0.120565 0.0065341 9.99008E-05 0.167152 9.99008E-05 0.131388 9.99008E-05 9.99008E-05 9.99008E-05 9.99008E-05 9.99008E-05 9.99008E-05 9.99008E-05
9.98303E-05 9.98303E-05 9.98303E-05 9.98303E-05 9.98303E-05 9.98303E-05 9.98303E-05 9.98303E-05 9.98303E-05 9.98303E-05 0.998103 9.98303E-05 9.98303E-05 9.98303E-05 9.98303E-05 9.98303E-05 9.98303E-05 9.98303E-05 9.98303E-05 9.98303E-05
9.98294E-05 9.98294E-05 9.98294E-05 0.998103 9.98294E-05 9.98294E-05 9.98294E-05 9.98294E-05 9.98294E-05 9.98294E-05 9.98294E-05 9.98294E-05 9.98294E-05 9.98294E-05 9.98294E-05 9.98294E-05 9.98294E-05 9.98294E-05 9.98294E-05 9.98294E-05
0.00619767 9.98561E-05 9.98561E-05 0.980037 9.98561E-05 9.98561E-05 9.98561E-05 9.98561E-05 9.98561E-05 9.98561E-05 9.98561E-05 9.98561E-05 9.98561E-05 9.98561E-05 9.98561E-05 0.0104655 9.98561E-05 0.00170209 9.98561E-05 9.98561E-05
9.98384E-05 9.98384E-05 9.98384E-05 0.99489 9.98384E-05 9.98384E-05 9.98384E-05 9.98384E-05 9.98384E-05 0.00331246 9.98384E-05 9.98384E-05 9.98384E-05 9.98384E-05 9.98384E-05 9.98384E-05 9.98384E-05 9.98384E-05 9.98384E-05 9.98384E-05
9.98328E-05 9.98328E-05 9.98328E-05 0.998103 9.98328E-05 9.98328E-05 9.98328E-05 9.98328E-05 9.98328E-05 9.98328E-05 9.98328E-05 9.98328E-05 9.98328E-05 9.98328E-05 9.98328E-05 9.98328E-05 9.98328E-05 9.98328E-05 9.98328E-05 9.98328E-05
9.98381E-05 9.98381E-05 9.98381E-05 0.964252 9.98381E-05 0.0339506 9.98381E-05 9.98381E-05 9.98381E-05 9.98381E-05 9.98381E-05 9.98381E-05 9.98381E-05 9.98381E-05 9.98381E-05 9.98381E-05 9.98381E-05 9.98381E-05 9.98381E-05 9.98381E-05
9.99014E-05 0.00906146 9.99014E-05 0.342955 9.99014E-05 0.382102 0.00520419 9.99014E-05 9.99014E-05 9.99014E-05 0.0218783 0.111346 9.99014E-05 0.0464594 9.99014E-05 0.0116624 9.99014E-05 0.0682321 9.99014E-05 9.99014E-05
9.98652E-05 0.00502206 9.98652E-05 0.91108 9.98652E-05 9.98652E-05 0.00469016 9.98652E-05 9.98652E-05 9.98652E-05 9.98652E-05 0.000464764 9.98652E-05 0.0772446 9.98652E-05 9.98652E-05 9.98652E-05 9.98652E-05 9.98652E-05 9.98652E-05
0.0537997 9.98468E-05 9.98468E-05 9.98468E-05 9.98468E-05 9.98468E-05 9.98468E-05 9.98468E-05 9.98468E-05 9.98468E-05 0.772478 0.172025 9.98468E-05 9.98468E-05 9.98468E-05 9.98468E-05 9.98468E-05 9.98468E-05 9.98468E-05 9.98468E-05
9.98559E-05 9.98559E-05 0.0249143 9.98559E-05 0.0489846 9.98559E-05 9.98559E-05 9.98559E-05 9.98559E-05 9.98559E-05 9.98559E-05 0.00698488 9.98559E-05 0.917519 9.98559E-05 9.98559E-05 9.98559E-05 9.98559E-05 9.98559E-05 9.98559E-05
9.98559E-05 9.98559E-05 9.98559E-05 9.98559E-05 9.98559E-05 9.98559E-05 9.98559E-05 9.98559E-05 0.0433061 9.98559E-05 9.98559E-05 9.98559E-05 9.98559E-05 9.98559E-05 0.192281 9.98559E-05 0.0163928 9.98559E-05 9.98559E-05 0.746423
9.98651E-05 0.841975 9.98651E-05 0.000424153 9.98651E-05 9.98651E-05 9.98651E-05 9.98651E-05 9.98651E-05 9.98651E-05 0.0104769 0.107052 9.98651E-05 9.98651E-05 9.98651E-05 9.98651E-05 9.98651E-05 9.98651E-05 0.0385739 9.98651E-05
0.083941 0.0390228 9.98474E-05 9.98474E-05 9.98474E-05 9.98474E-05 9.98474E-05 9.98474E-05 9.98474E-05 9.98474E-05 9.98474E-05 0.875339 9.98474E-05 9.98474E-05 9.98474E-05 9.98474E-05 9.98474E-05 9.98474E-05 9.98474E-05 9.98474E-05
9.98475E-05 0.916045 9.98475E-05 9.98475E-05 0.0159715 9.98475E-05 9.98475E-05 9.98475E-05 9.98475E-05 9.98475E-05 9.98475E-05 9.98475E-05 9.98475E-05 9.98475E-05 9.98475E-05 9.98475E-05 9.98475E-05 0.0662864 9.98475E-05 9.98475E-05
9.98559E-05 0.899528 9.98559E-05 9.98559E-05 9.98559E-05 9.98559E-05 9.98559E-05 9.98559E-05 9.98559E-05 9.98559E-05 0.00417517 9.98559E-05 0.0866954 9.98559E-05 9.98559E-05 0.00800377 9.98559E-05 9.98559E-05 9.98559E-05 9.98559E-05
0.048995 0.818778 9.98649E-05 9.98649E-05 9.98649E-05 9.98649E-05 9.98649E-05 0.0289746 9.98649E-05 9.98649E-05 9.98649E-05 9.98649E-05 0.0671638 9.98649E-05 9.98649E-05 9.98649E-05 9.98649E-05 9.98649E-05 0.0345903 9.98649E-05
9.98563E-05 9.98563E-05 9.98563E-05 9.98563E-05 9.98563E-05 9.98563E-05 9.98563E-05 9.98563E-05 9.98563E-05 0.902205 0.0606838 9.98563E-05 9.98563E-05 9.98563E-05 9.98563E-05 9.98563E-05 0.0133222 0.0221913 9.98563E-05 9.98563E-05
9.98565E-05 9.98565E-05 0.00749682 9.98565E-05 9.98565E-05 9.98565E-05 9.98565E-05 9.98565E-05 0.376389 9.98565E-05 9.98565E-05 9.98565E-05 9.98565E-05 9.98565E-05 0.613039 9.98565E-05 9.98565E-05 9.98565E-05 9.98565E-05 0.00147708
9.98293E-05 9.98293E-05 9.98293E-05 9.98293E-05 9.98293E-05 9.98293E-05 0.998103 9.98293E-05 9.98293E-05 9.98293E-05 9.98293E-05 9.98293E-05 9.98293E-05 9.98293E-05 9.98293E-05 9.98293E-05 9.98293E-05 9.98293E-05 9.98293E-05 9.98293E-05
9.98562E-05 9.98562E-05 0.0495558 9.98562E-05 9.98562E-05 9.98562E-05 9.98562E-05 9.98562E-05 0.840382 9.98562E-05 9.98562E-05 9.98562E-05 9.98562E-05 9.98562E-05 0.0235464 9.98562E-05 9.98562E-05 0.0849183 9.98562E-05 9.98562E-05
9.98381E-05 9.98381E-05 9.98381E-05 9.98381E-05 9.98381E-05 9.98381E-05 9.98381E-05 9.98381E-05 9.98381E-05 9.98381E-05 9.98381E-05 9.98381E-05 9.98381E-05 9.98381E-05 9.98381E-05 9.98381E-05 0.0672744 9.98381E-05 9.98381E-05 0.930928
9.98652E-05 9.98652E-05 9.98652E-05 9.98652E-05 9.98652E-05 0.000186985 0.0228534 9.98652E-05 9.98652E-05 9.98652E-05 9.98652E-05 9.98652E-05 0.000817912 0.00368777 0.970956 9.98652E-05 9.98652E-05 9.98652E-05 9.98652E-05 9.98652E-05
9.98384E-05 9.98384E-05 9.98384E-05 9.98384E-05 9.98384E-05 9.98384E-05 9.98384E-05 9.98384E-05 9.98384E-05 9.98384E-05 0.0132111 9.98384E-05 9.98384E-05 9.98384E-05 0.984992 9.98384E-05 9.98384E-05 9.98384E-05 9.98384E-05 9.98384E-05
9.98475E-05 9.98475E-05 9.98475E-05 9.98475E-05 9.98475E-05 0.0891722 9.98475E-05 9.98475E-05 9.98475E-05 9.98475E-05 9.98475E-05 9.98475E-05 0.035031 9.98475E-05 9.98475E-05 9.98475E-05 9.98475E-05 9.98475E-05 9.98475E-05 0.874099
0.000435066 9.9874E-05 9.9874E-05 9.9874E-05 9.9874E-05 9.9874E-05 9.9874E-05 0.000586361 0.031354 9.9874E-05 9.9874E-05 9.9874E-05 9.9874E-05 9.9874E-05 0.168234 9.9874E-05 0.0116618 9.9874E-05 9.9874E-05 0.786331
9.9856E-05 9.9856E-05 9.9856E-05 0.0194068 9.9856E-05 9.9856E-05 9.9856E-05 0.000134915 9.9856E-05 9.9856E-05 9.9856E-05 9.9856E-05 9.9856E-05 9.9856E-05 9.9856E-05 9.9856E-05 0.0465595 0.932301 9.9856E-05 9.9856E-05
9.98471E-05 0.0068029 9.98471E-05 9.98471E-05 0.0170703 9.98471E-05 9.98471E-05 9.98471E-05 9.98471E-05 9.98471E-05 9.98471E-05 9.98471E-05 9.98471E-05 9.98471E-05 9.98471E-05 9.98471E-05 9.98471E-05 0.974429 9.98471E-05 9.98471E-05
9.98383E-05 9.98383E-05 9.98383E-05 9.98383E-05 9.98383E-05 9.98383E-05 9.98383E-05 9.98383E-05 0.934895 9.98383E-05 9.98383E-05 9.98383E-05 9.98383E-05 9.98383E-05 0.0633083 9.98383E-05 9.98383E-05 9.98383E-05 9.98383E-05 9.98383E-05
9.9865E-05 9.9865E-05 9.9865E-05 9.9865E-05 9.9865E-05 9.9865E-05 9.9865E-05 0.0136654 9.9865E-05 9.9865E-05 9.9865E-05 0.963371 9.9865E-05 0.0133145 9.9865E-05 0.00542411 9.9865E-05 9.9865E-05 0.00272696 9.9865E-05
9.9847E-05 9.9847E-05 9.9847E-05 9.9847E-05 9.9847E-05 9.9847E-05 9.9847E-05 9.9847E-05 0.00124986 9.9847E-05 9.9847E-05 0.982516 9.9847E-05 9.9847E-05 9.9847E-05 9.9847E-05 9.9847E-05 0.014537 9.9847E-05 9.9847E-05
9.98472E-05 9.98472E-05 9.98472E-05 9.98472E-05 9.98472E-05 9.98472E-05 9.98472E-05 9.98472E-05 9.98472E-05 9.98472E-05 0.0199838 9.98472E-05 0.0100214 9.98472E-05 9.98472E-05 9.98472E-05 9.98472E-05 9.98472E-05 0.968297 9.98472E-05
9.98385E-05 9.98385E-05 0.00254324 9.98385E-05 9.98385E-05 9.98385E-05 9.98385E-05 9.98385E-05 9.98385E-05 9.98385E-05 9.98385E-05 9.98385E-05 9.98385E-05 9.98385E-05 9.98385E-05 9.98385E-05 9.98385E-05 9.98385E-05 0.99566 9.98385E-05
9.98919E-05 0.0221017 9.98919E-05 9.98919E-05 9.98919E-05 9.98919E-05 0.00307841 9.98919E-05 0.00336749 9.98919E-05 0.0271386 0.0219895 0.8577 0.041463 9.98919E-05 9.98919E-05 9.98919E-05 0.0219626 9.98919E-05 9.98919E-05
9.9865E-05 0.0615722 9.9865E-05 9.9865E-05 9.9865E-05 9.9865E-05 9.9865E-05 9.9865E-05 9.9865E-05 9.9865E-05 9.9865E-05 0.0504174 0.838024 0.0452071 0.00328162 9.9865E-05 9.9865E-05 9.9865E-05 9.9865E-05 9.9865E-05
9.98654E-05 9.98654E-05 0.00689165 9.98654E-05 9.98654E-05 9.98654E-05 9.98654E-05 0.0189866 9.98654E-05 9.98654E-05 9.98654E-05 0.00770758 9.98654E-05 9.98654E-05 9.98654E-05 9.98654E-05 9.98654E-05 0.00869089 0.956225 9.98654E-05
9.98294E-05 9.98294E-05 9.98294E-05 9.98294E-05 9.98294E-05 9.98294E-05 9.98294E-05 9.98294E-05 9.98294E-05 9.98294E-05 9.98294E-05 9.98294E-05 9.98294E-05 9.98294E-05 9.98294E-05 9.98294E-05 9.98294E-05 9.98294E-05 0.998103 9.98294E-05
9.98649E-05 0.042866 9.98649E-05 0.00280832 0.00220913 9.98649E-05 9.98649E-05 9.98649E-05 9.98649E-05 9.98649E-05 0.920419 0.0301998 9.98649E-05 9.98649E-05 9.98649E-05 9.98649E-05 9.98649E-05 9.98649E-05 9.98649E-05 9.98649E-05
9.98919E-05 0.158162 9.98919E-05 9.98919E-05 0.111782 9.98919E-05 9.98919E-05 9.98919E-05 9.98919E-05 0.0632929 0.00963821 0.428642 0.167094 9.98919E-05 9.98919E-05 0.0260057 0.0341843 9.98919E-05 9.98919E-05 9.98919E-05
0.00405459 9.98561E-05 9.98561E-05 0.0278534 0.0493958 9.98561E-05 9.98561E-05 9.98561E-05 9.98561E-05 9.98561E-05 9.98561E-05 9.98561E-05 9.98561E-05 0.917099 9.98561E-05 9.98561E-05 9.98561E-05 9.98561E-05 9.98561E-05 9.98561E-05
0.990954 9.9838E-05 9.9838E-05 9.9838E-05 9.9838E-05 9.9838E-05 9.9838E-05 9.9838E-05 9.9838E-05 9.9838E-05 9.9838E-05 9.9838E-05 9.9838E-05 9.9838E-05 9.9838E-05 0.0072485 9.9838E-05 9.9838E-05 9.9838E-05 9.9838E-05
0.855206 0.0133851 9.98651E-05 9.98651E-05 9.98651E-05 9.98651E-05 9.98651E-05 0.0701601 9.98651E-05 9.98651E-05 0.0214863 0.0382646 9.98651E-05 9.98651E-05 9.98651E-05 9.98651E-05 9.98651E-05 9.98651E-05 9.98651E-05 9.98651E-05
9.98291E-05 9.98291E-05 9.98291E-05 9.98291E-05 9.98291E-05 0.998103 9.98291E-05 9.98291E-05 9.98291E-05 9.98291E-05 9.98291E-05 9.98291E-05 9.98291E-05 9.98291E-05 9.98291E-05 9.98291E-05 9.98291E-05 9.98291E-05 9.98291E-05 9.98291E-05
