9.98557E-05 9.98557E-05 9.98557E-05 9.98557E-05 0.0162805 9.98557E-05 0.00468055 0.0950696 9.98557E-05 9.98557E-05 9.98557E-05 9.98557E-05 0.882372 9.98557E-05 9.98557E-05 9.98557E-05 9.98557E-05 9.98557E-05 9.98557E-05 9.98557E-05
0.186944 9.98559E-05 9.98559E-05 9.98559E-05 9.98559E-05 9.98559E-05 0.0332075 9.98559E-05 0.109892 9.98559E-05 9.98559E-05 9.98559E-05 9.98559E-05 9.98559E-05 9.98559E-05 9.98559E-05 9.98559E-05 9.98559E-05 9.98559E-05 0.668359
9.98661E-05 9.98661E-05 9.98661E-05 9.98661E-05 9.98661E-05 0.0265599 9.98661E-05 9.98661E-05 0.7221 9.98661E-05 9.98661E-05 9.98661E-05 9.98661E-05 9.98661E-05 0.0508928 0.174058 0.0248919 9.98661E-05 9.98661E-05 9.98661E-05
9.9883E-05 0.0468506 0.0130636 0.00701724 9.9883E-05 9.9883E-05 9.9883E-05 9.9883E-05 0.893504 0.00649206 0.0191772 9.9883E-05 9.9883E-05 9.9883E-05 9.9883E-05 9.9883E-05 0.0125969 9.9883E-05 9.9883E-05 9.9883E-05
0.0534651 9.98923E-05 9.98923E-05 0.0881001 9.98923E-05 9.98923E-05 9.98923E-05 9.98923E-05 0.238404 9.98923E-05 0.256325 0.0501376 0.0368752 9.98923E-05 9.98923E-05 9.98923E-05 9.98923E-05 9.98923E-05 0.189215 0.0862793
9.9847E-05 9.9847E-05 9.9847E-05 9.9847E-05 9.9847E-05 9.9847E-05 9.9847E-05 9.9847E-05 0.951632 9.9847E-05 0.0407679 0.0059031 9.9847E-05 9.9847E-05 9.9847E-05 9.9847E-05 9.9847E-05 9.9847E-05 9.9847E-05 9.9847E-05
9.98292E-05 9.98292E-05 9.98292E-05 9.98292E-05 9.98292E-05 9.98292E-05 9.98292E-05 9.98292E-05 9.98292E-05 9.98292E-05 9.98292E-05 9.98292E-05 9.98292E-05 9.98292E-05 9.98292E-05 9.98292E-05 9.98292E-05 9.98292E-05 0.998103 9.98292E-05
9.98739E-05 9.98739E-05 9.98739E-05 0.0482388 9.98739E-05 9.98739E-05 9.98739E-05 0.0675516 9.98739E-05 9.98739E-05 0.254141 9.98739E-05 9.98739E-05 9.98739E-05 9.98739E-05 0.497707 0.011612 9.98739E-05 9.98739E-05 0.119352
9.98471E-05 9.98471E-05 9.98471E-05 0.0294552 9.98471E-05 9.98471E-05 9.98471E-05 9.98471E-05 9.98471E-05 9.98471E-05 9.98471E-05 9.98471E-05 9.98471E-05 9.98471E-05 9.98471E-05 9.98471E-05 9.98471E-05 9.98471E-05 0.947164 0.0216837
9.98381E-05 9.98381E-05 9.98381E-05 9.98381E-05 9.98381E-05 9.98381E-05 9.98381E-05 0.870316 9.98381E-05 9.98381E-05 9.98381E-05 9.98381E-05 9.98381E-05 9.98381E-05 9.98381E-05 9.98381E-05 9.98381E-05 9.98381E-05 0.127887 9.98381E-05
9.98383E-05 9.98383E-05 9.98383E-05 9.98383E-05 9.98383E-05 9.98383E-05 9.98383E-05 0.902356 9.98383E-05 9.98383E-05 9.98383E-05 9.98383E-05 9.98383E-05 9.98383E-05 9.98383E-05 9.98383E-05 9.98383E-05 9.98383E-05 0.0958471 9.98383E-05
9.9883E-05 0.0204101 9.9883E-05 9.9883E-05 9.9883E-05 9.9883E-05 9.9883E-05 9.9883E-05 0.0137248 9.9883E-05 9.9883E-05 0.0263123 0.68164 9.9883E-05 0.110489 9.9883E-05 0.125415 0.0207105 9.9883E-05 9.9883E-05
9.98475E-05 9.98475E-05 9.98475E-05 9.98475E-05 9.98475E-05 9.98475E-05 9.98475E-05 9.98475E-05 9.98475E-05 9.98475E-05 0.0322144 9.98475E-05 9.98475E-05 9.98475E-05 0.958776 0.00731247 9.98475E-05 9.98475E-05 9.98475E-05 9.98475E-05
9.98559E-05 9.98559E-05 9.98559E-05 9.98559E-05 9.98559E-05 9.98559E-05 9.98559E-05 9.98559E-05 0.938822 9.98559E-05 9.98559E-05 0.00618184 0.00247624 9.98559E-05 9.98559E-05 9.98559E-05 9.98559E-05 0.0509217 9.98559E-05 9.98559E-05
0.017562 9.9856E-05 9.9856E-05 9.9856E-05 9.9856E-05 9.9856E-05 9.9856E-05 9.9856E-05 0.95542 9.9856E-05 9.9856E-05 9.9856E-05 0.0102435 9.9856E-05 9.9856E-05 9.9856E-05 9.9856E-05 0.0151764 9.9856E-05 9.9856E-05
9.9856E-05 9.9856E-05 0.772113 9.9856E-05 9.9856E-05 9.9856E-05 9.9856E-05 0.00977744 9.9856E-05 9.9856E-05 9.9856E-05 0.121354 9.9856E-05 9.9856E-05 0.0951584 9.9856E-05 9.9856E-05 9.9856E-05 9.9856E-05 9.9856E-05
9.98471E-05 9.98471E-05 9.98471E-05 9.98471E-05 0.0150639 9.98471E-05 0.947272 0.0359668 9.98471E-05 9.98471E-05 9.98471E-05 9.98471E-05 9.98471E-05 9.98471E-05 9.98471E-05 9.98471E-05 9.98471E-05 9.98471E-05 9.98471E-05 9.98471E-05
9.98293E-05 9.98293E-05 9.98293E-05 9.98293E-05 9.98293E-05 0.998103 9.98293E-05 9.98293E-05 9.98293E-05 9.98293E-05 9.98293E-05 9.98293E-05 9.98293E-05 9.98293E-05 9.98293E-05 9.98293E-05 9.98293E-05 9.98293E-05 9.98293E-05 9.98293E-05
9.98293E-05 9.98293E-05 9.98293E-05 9.98293E-05 9.98293E-05 9.98293E-05 9.98293E-05 9.98293E-05 9.98293E-05 0.998103 9.98293E-05 9.98293E-05 9.98293E-05 9.98293E-05 9.98293E-05 9.98293E-05 9.98293E-05 9.98293E-05 9.98293E-05 9.98293E-05
9.98739E-05 9.98739E-05 0.289277 9.98739E-05 9.98739E-05 9.98739E-05 0.00513961 0.461645 9.98739E-05 9.98739E-05 9.98739E-05 0.164364 0.0578298 9.98739E-05 9.98739E-05 9.98739E-05 0.0203464 9.98739E-05 9.98739E-05 9.98739E-05
9.98294E-05 9.98294E-05 9.98294E-05 9.98294E-05 9.98294E-05 9.98294E-05 9.98294E-05 9.98294E-05 9.98294E-05 9.98294E-05 9.98294E-05 9.98294E-05 9.98294E-05 9.98294E-05 9.98294E-05 9.98294E-05 9.98294E-05 0.998103 9.98294E-05 9.98294E-05
0.223774 9.98829E-05 0.207825 9.98829E-05 9.98829E-05 9.98829E-05 0.0687679 0.0231642 9.98829E-05 9.98829E-05 9.98829E-05 9.98829E-05 0.414716 0.0053269 0.0551281 9.98829E-05 9.98829E-05 9.98829E-05 9.98829E-05 9.98829E-05
9.98291E-05 9.98291E-05 9.98291E-05 9.98291E-05 0.998103 9.98291E-05 9.98291E-05 9.98291E-05 9.98291E-05 9.98291E-05 9.98291E-05 9.98291E-05 9.98291E-05 9.98291E-05 9.98291E-05 9.98291E-05 9.98291E-05 9.98291E-05 9.98291E-05 9.98291E-05
9.98471E-05 9.98471E-05 9.98471E-05 9.98471E-05 0.108561 0.0466938 9.98471E-05 9.98471E-05 9.98471E-05 0.843048 9.98471E-05 9.98471E-05 9.98471E-05 9.98471E-05 9.98471E-05 9.98471E-05 9.98471E-05 9.98471E-05 9.98471E-05 9.98471E-05
9.98475E-05 0.637404 9.98475E-05 9.98475E-05 9.98475E-05 9.98475E-05 9.98475E-05 9.98475E-05 0.36029 9.98475E-05 9.98475E-05 9.98475E-05 9.98475E-05 9.98475E-05 9.98475E-05 9.98475E-05 0.000609025 9.98475E-05 9.98475E-05 9.98475E-05
9.98383E-05 0.197158 9.98383E-05 9.98383E-05 9.98383E-05 9.98383E-05 9.98383E-05 9.98383E-05 0.801045 9.98383E-05 9.98383E-05 9.98383E-05 9.98383E-05 9.98383E-05 9.98383E-05 9.98383E-05 9.98383E-05 9.98383E-05 9.98383E-05 9.98383E-05
9.98738E-05 9.98738E-05 9.98738E-05 9.98738E-05 0.00685951 9.98738E-05 0.0335428 0.0493869 9.98738E-05 9.98738E-05 9.98738E-05 9.98738E-05 0.0602372 9.98738E-05 0.817422 9.98738E-05 0.0311531 9.98738E-05 9.98738E-05 9.98738E-05
9.98382E-05 0.983342 9.98382E-05 9.98382E-05 9.98382E-05 9.98382E-05 9.98382E-05 9.98382E-05 9.98382E-05 9.98382E-05 0.0148614 9.98382E-05 9.98382E-05 9.98382E-05 9.98382E-05 9.98382E-05 9.98382E-05 9.98382E-05 9.98382E-05 9.98382E-05
9.98294E-05 0.998103 9.98294E-05 9.98294E-05 9.98294E-05 9.98294E-05 9.98294E-05 9.98294E-05 9.98294E-05 9.98294E-05 9.98294E-05 9.98294E-05 9.98294E-05 9.98294E-05 9.98294E-05 9.98294E-05 9.98294E-05 9.98294E-05 9.98294E-05 9.98294E-05
9.98831E-05 0.104383 9.98831E-05 0.0735434 9.98831E-05 9.98831E-05 0.0247649 9.98831E-05 0.243736 9.98831E-05 0.498684 9.98831E-05 0.0133414 0.0402477 9.98831E-05 9.98831E-05 9.98831E-05 9.98831E-05 9.98831E-05 9.98831E-05
9.98468E-05 9.98468E-05 9.98468E-05 9.98468E-05 9.98468E-05 9.98468E-05 9.98468E-05 9.98468E-05 0.0248661 9.98468E-05 0.969526 0.00391044 9.98468E-05 9.98468E-05 9.98468E-05 9.98468E-05 9.98468E-05 9.98468E-05 9.98468E-05 9.98468E-05
9.98296E-05 9.98296E-05 9.98296E-05 9.98296E-05 9.98296E-05 9.98296E-05 9.98296E-05 9.98296E-05 9.98296E-05 9.98296E-05 9.98296E-05 9.98296E-05 9.98296E-05 9.98296E-05 9.98296E-05 9.98296E-05 9.98296E-05 9.98296E-05 9.98296E-05 0.998103
9.98562E-05 0.284261 9.98562E-05 9.98562E-05 9.98562E-05 9.98562E-05 9.98562E-05 9.98562E-05 0.512526 9.98562E-05 0.0509412 9.98562E-05 9.98562E-05 9.98562E-05 9.98562E-05 0.150674 9.98562E-05 9.98562E-05 9.98562E-05 9.98562E-05
9.98654E-05 0.0238421 9.98654E-05 0.717724 9.98654E-05 9.98654E-05 9.98654E-05 9.98654E-05 9.98654E-05 9.98654E-05 0.0230799 9.98654E-05 9.98654E-05 9.98654E-05 9.98654E-05 0.227763 0.00609273 9.98654E-05 9.98654E-05 9.98654E-05
0.0472457 9.98917E-05 9.98917E-05 9.98917E-05 9.98917E-05 9.98917E-05 0.249189 0.0150995 9.98917E-05 9.98917E-05 0.0521603 0.052506 9.98917E-05 9.98917E-05 0.5129 0.0035322 0.0661689 9.98917E-05 9.98917E-05 9.98917E-05
0.0200244 0.656626 9.98738E-05 9.98738E-05 9.98738E-05 9.98738E-05 0.0145077 9.98738E-05 0.2861 9.98738E-05 9.98738E-05 0.00215876 9.98738E-05 9.98738E-05 9.98738E-05 0.0191851 9.98738E-05 9.98738E-05 9.98738E-05 9.98738E-05
9.98471E-05 9.98471E-05 9.98471E-05 9.98471E-05 9.98471E-05 9.98471E-05 9.98471E-05 9.98471E-05 0.00516999 9.98471E-05 9.98471E-05 9.98471E-05 0.970914 9.98471E-05 9.98471E-05 0.0222189 9.98471E-05 9.98471E-05 9.98471E-05 9.98471E-05
0.131875 9.98919E-05 9.98919E-05 9.98919E-05 0.0496807 9.98919E-05 0.0314577 0.472945 9.98919E-05 9.98919E-05 9.98919E-05 9.98919E-05 0.0646479 0.0251659 9.98919E-05 0.0393326 9.98919E-05 9.98919E-05 9.98919E-05 0.183696
9.98472E-05 9.98472E-05 9.98472E-05 9.98472E-05 9.98472E-05 9.98472E-05 0.984774 9.98472E-05 0.0107185 9.98472E-05 9.98472E-05 9.98472E-05 9.98472E-05 9.98472E-05 9.98472E-05 0.00281017 9.98472E-05 9.98472E-05 9.98472E-05 9.98472E-05
0.998103 9.98292E-05 9.98292E-05 9.98292E-05 9.98292E-05 9.98292E-05 9.98292E-05 9.98292E-05 9.98292E-05 9.98292E-05 9.98292E-05 9.98292E-05 9.98292E-05 9.98292E-05 9.98292E-05 9.98292E-05 9.98292E-05 9.98292E-05 9.98292E-05 9.98292E-05
0.990263 9.9838E-05 9.9838E-05 9.9838E-05 9.9838E-05 9.9838E-05 9.9838E-05 9.9838E-05 9.9838E-05 9.9838E-05 9.9838E-05 9.9838E-05 9.9838E-05 9.9838E-05 9.9838E-05 9.9838E-05 0.00794018 9.9838E-05 9.9838E-05 9.9838E-05
9.9856E-05 9.9856E-05 9.9856E-05 9.9856E-05 9.9856E-05 9.9856E-05 0.0382778 0.918662 9.9856E-05 0.00979268 9.9856E-05 9.9856E-05 0.03167 9.9856E-05 9.9856E-05 9.9856E-05 9.9856E-05 9.9856E-05 9.9856E-05 9.9856E-05
9.9883E-05 9.9883E-05 0.789449 9.9883E-05 9.9883E-05 0.0118939 9.9883E-05 0.0392964 9.9883E-05 0.00114378 9.9883E-05 9.9883E-05 0.0188036 9.9883E-05 0.0679806 9.9883E-05 9.9883E-05 9.9883E-05 0.0701339 9.9883E-05
9.9856E-05 9.9856E-05 9.9856E-05 9.9856E-05 9.9856E-05 9.9856E-05 9.9856E-05 0.921388 9.9856E-05 9.9856E-05 0.0078213 0.0676255 9.9856E-05 9.9856E-05 9.9856E-05 9.9856E-05 0.00156793 9.9856E-05 9.9856E-05 9.9856E-05
0.160817 9.99099E-05 0.0204511 9.99099E-05 0.176581 9.99099E-05 9.99099E-05 0.240981 9.99099E-05 0.0384849 9.99099E-05 0.174561 0.00231205 9.99099E-05 0.139467 9.99099E-05 0.00707298 9.99099E-05 9.99099E-05 0.038273
0.204556 9.99009E-05 0.121069 9.99009E-05 0.00434081 9.99009E-05 9.99009E-05 0.365445 0.0491796 9.99009E-05 0.0366294 0.115324 0.0277599 0.074598 9.99009E-05 9.99009E-05 9.99009E-05 9.99009E-05 9.99009E-05 9.99009E-05
9.99099E-05 9.99099E-05 9.99099E-05 0.0172793 9.99099E-05 9.99099E-05 0.165098 0.234685 0.101743 9.99099E-05 0.00549601 0.163798 0.161509 0.0197042 0.0970566 9.99099E-05 9.99099E-05 9.99099E-05 0.0326319 9.99099E-05
9.98482E-05 9.98482E-05 9.98482E-05 9.98482E-05 0.00660476 0.0141612 9.98482E-05 9.98482E-05 9.98482E-05 9.98482E-05 9.98482E-05 9.98482E-05 0.977537 9.98482E-05 9.98482E-05 9.98482E-05 9.98482E-05 9.98482E-05 9.98482E-05 9.98482E-05
9.98292E-05 9.98292E-05 9.98292E-05 0.998103 9.98292E-05 9.98292E-05 9.98292E-05 9.98292E-05 9.98292E-05 9.98292E-05 9.98292E-05 9.98292E-05 9.98292E-05 9.98292E-05 9.98292E-05 9.98292E-05 9.98292E-05 9.98292E-05 9.98292E-05 9.98292E-05
9.98382E-05 9.98382E-05 9.98382E-05 0.992215 9.98382E-05 0.00598745 9.98382E-05 9.98382E-05 9.98382E-05 9.98382E-05 9.98382E-05 9.98382E-05 9.98382E-05 9.98382E-05 9.98382E-05 9.98382E-05 9.98382E-05 9.98382E-05 9.98382E-05 9.98382E-05
9.98563E-05 9.98563E-05 9.98563E-05 0.981646 9.98563E-05 9.98563E-05 9.98563E-05 0.00168623 9.98563E-05 9.98563E-05 9.98563E-05 0.0112077 9.98563E-05 9.98563E-05 9.98563E-05 9.98563E-05 9.98563E-05 9.98563E-05 9.98563E-05 0.00386265
9.98472E-05 0.00365475 9.98472E-05 0.98501 9.98472E-05 9.98472E-05 9.98472E-05 9.98472E-05 9.98472E-05 9.98472E-05 9.98472E-05 9.98472E-05 9.98472E-05 9.98472E-05 9.98472E-05 9.98472E-05 9.98472E-05 0.00963749 9.98472E-05 9.98472E-05
9.98294E-05 9.98294E-05 9.98294E-05 0.998103 9.98294E-05 9.98294E-05 9.98294E-05 9.98294E-05 9.98294E-05 9.98294E-05 9.98294E-05 9.98294E-05 9.98294E-05 9.98294E-05 9.98294E-05 9.98294E-05 9.98294E-05 9.98294E-05 9.98294E-05 9.98294E-05
0.0407455 0.00529481 0.0585307 0.361853 0.0874254 9.99013E-05 9.99013E-05 9.99013E-05 9.99013E-05 9.99013E-05 0.31493 9.99013E-05 9.99013E-05 9.99013E-05 9.99013E-05 0.0917553 9.99013E-05 9.99013E-05 0.0219363 0.0164297
9.98562E-05 9.98562E-05 0.0041905 0.946683 9.98562E-05 9.98562E-05 9.98562E-05 9.98562E-05 9.98562E-05 9.98562E-05 9.98562E-05 9.98562E-05 0.0304926 9.98562E-05 9.98562E-05 9.98562E-05 9.98562E-05 9.98562E-05 9.98562E-05 0.017036
9.98467E-05 9.98467E-05 0.142712 9.98467E-05 9.98467E-05 9.98467E-05 9.98467E-05 9.98467E-05 9.98467E-05 9.98467E-05 9.98467E-05 0.0822996 0.773291 9.98467E-05 9.98467E-05 9.98467E-05 9.98467E-05 9.98467E-05 9.98467E-05 9.98467E-05
9.98558E-05 0.0365115 9.98558E-05 0.0185673 9.98558E-05 9.98558E-05 9.98558E-05 9.98558E-05 9.98558E-05 9.98558E-05 9.98558E-05 9.98558E-05 9.98558E-05 9.98558E-05 9.98558E-05 9.98558E-05 9.98558E-05 9.98558E-05 0.0675712 0.875752
9.98559E-05 0.478441 9.98559E-05 9.98559E-05 9.98559E-05 9.98559E-05 0.00480357 9.98559E-05 0.508853 9.98559E-05 9.98559E-05 0.00630527 9.98559E-05 9.98559E-05 9.98559E-05 9.98559E-05 9.98559E-05 9.98559E-05 9.98559E-05 9.98559E-05
0.08207 9.98652E-05 0.0406911 9.98652E-05 9.98652E-05 9.98652E-05 9.98652E-05 9.98652E-05 9.98652E-05 9.98652E-05 9.98652E-05 9.98652E-05 9.98652E-05 9.98652E-05 0.856997 9.98652E-05 0.00171771 0.0170258 9.98652E-05 9.98652E-05
9.98384E-05 9.98384E-05 0.875172 9.98384E-05 9.98384E-05 9.98384E-05 9.98384E-05 9.98384E-05 9.98384E-05 9.98384E-05 9.98384E-05 0.123031 9.98384E-05 9.98384E-05 9.98384E-05 9.98384E-05 9.98384E-05 9.98384E-05 9.98384E-05 9.98384E-05
9.98565E-05 9.98565E-05 9.98565E-05 9.98565E-05 9.98565E-05 9.98565E-05 9.98565E-05 9.98565E-05 9.98565E-05 0.00421265 9.98565E-05 9.98565E-05 9.98565E-05 9.98565E-05 0.926341 0.0285292 9.98565E-05 9.98565E-05 0.0393194 9.98565E-05
9.98379E-05 9.98379E-05 9.98379E-05 9.98379E-05 9.98379E-05 9.98379E-05 9.98379E-05 0.116995 9.98379E-05 9.98379E-05 9.98379E-05 9.98379E-05 9.98379E-05 9.98379E-05 0.881208 9.98379E-05 9.98379E-05 9.98379E-05 9.98379E-05 9.98379E-05
9.98738E-05 9.98738E-05 9.98738E-05 9.98738E-05 9.98738E-05 0.00329378 9.98738E-05 0.0701138 9.98738E-05 0.0036151 9.98738E-05 0.0447107 9.98738E-05 9.98738E-05 0.832376 9.98738E-05 0.0444928 9.98738E-05 9.98738E-05 9.98738E-05
9.98203E-05 9.98203E-05 9.98203E-05 9.98203E-05 9.98203E-05 9.98203E-05 9.98203E-05 9.98203E-05 9.98203E-05 9.98203E-05 9.98203E-05 9.98203E-05 9.98203E-05 0.998103 9.98203E-05 9.98203E-05 9.98203E-05 9.98203E-05 9.98203E-05 9.98203E-05
9.98388E-05 0.656021 9.98388E-05 9.98388E-05 9.98388E-05 9.98388E-05 9.98388E-05 9.98388E-05 0.342182 9.98388E-05 9.98388E-05 9.98388E-05 9.98388E-05 9.98388E-05 9.98388E-05 9.98388E-05 9.98388E-05 9.98388E-05 9.98388E-05 9.98388E-05
0.0354244 9.99281E-05 0.0735563 0.0831164 9.99281E-05 0.0633964 9.99281E-05 0.125035 0.316291 0.0334442 9.99281E-05 0.0547504 0.101616 0.00661008 9.99281E-05 9.99281E-05 0.0418431 9.99281E-05 0.0641162 9.99281E-05
9.98384E-05 9.98384E-05 9.98384E-05 9.98384E-05 9.98384E-05 9.98384E-05 9.98384E-05 9.98384E-05 0.892118 9.98384E-05 9.98384E-05 9.98384E-05 9.98384E-05 9.98384E-05 9.98384E-05 0.106084 9.98384E-05 9.98384E-05 9.98384E-05 9.98384E-05
0.00382157 0.207607 9.98919E-05 0.0256749 9.98919E-05 9.98919E-05 0.0100283 9.98919E-05 0.682418 9.98919E-05 0.0461179 9.98919E-05 0.00752088 9.98919E-05 9.98919E-05 9.98919E-05 9.98919E-05 9.98919E-05 0.0156132 9.98919E-05
9.98382E-05 0.990716 0.00748714 9.98382E-05 9.98382E-05 9.98382E-05 9.98382E-05 9.98382E-05 9.98382E-05 9.98382E-05 9.98382E-05 9.98382E-05 9.98382E-05 9.98382E-05 9.98382E-05 9.98382E-05 9.98382E-05 9.98382E-05 9.98382E-05 9.98382E-05
9.98383E-05 0.972351 9.98383E-05 9.98383E-05 0.0258522 9.98383E-05 9.98383E-05 9.98383E-05 9.98383E-05 9.98383E-05 9.98383E-05 9.98383E-05 9.98383E-05 9.98383E-05 9.98383E-05 9.98383E-05 9.98383E-05 9.98383E-05 9.98383E-05 9.98383E-05
0.065169 0.131366 9.98652E-05 9.98652E-05 9.98652E-05 9.98652E-05 9.98652E-05 9.98652E-05 0.554541 9.98652E-05 0.236873 9.98652E-05 9.98652E-05 9.98652E-05 9.98652E-05 9.98652E-05 9.98652E-05 9.98652E-05 9.98652E-05 0.0105531
9.9856E-05 0.498831 9.9856E-05 9.9856E-05 9.9856E-05 9.9856E-05 0.0220018 9.9856E-05 0.469286 9.9856E-05 9.9856E-05 0.0082835 9.9856E-05 9.9856E-05 9.9856E-05 9.9856E-05 9.9856E-05 9.9856E-05 9.9856E-05 9.9856E-05
9.98381E-05 9.98381E-05 9.98381E-05 0.0365913 9.98381E-05 9.98381E-05 9.98381E-05 9.98381E-05 9.98381E-05 9.98381E-05 9.98381E-05 9.98381E-05 9.98381E-05 9.98381E-05 9.98381E-05 0.961612 9.98381E-05 9.98381E-05 9.98381E-05 9.98381E-05
9.9847E-05 9.9847E-05 9.9847E-05 9.9847E-05 9.9847E-05 9.9847E-05 9.9847E-05 9.9847E-05 9.9847E-05 9.9847E-05 9.9847E-05 9.9847E-05 9.9847E-05 9.9847E-05 0.0248309 0.96329 9.9847E-05 9.9847E-05 0.0101813 9.9847E-05
9.9865E-05 0.0482004 0.0130967 0.0486598 0.0153948 9.9865E-05 9.9865E-05 9.9865E-05 0.87315 9.9865E-05 9.9865E-05 9.9865E-05 9.9865E-05 9.9865E-05 9.9865E-05 9.9865E-05 9.9865E-05 9.9865E-05 9.9865E-05 9.9865E-05
9.98471E-05 9.98471E-05 0.969204 0.00997048 0.019128 9.98471E-05 9.98471E-05 9.98471E-05 9.98471E-05 9.98471E-05 9.98471E-05 9.98471E-05 9.98471E-05 9.98471E-05 9.98471E-05 9.98471E-05 9.98471E-05 9.98471E-05 9.98471E-05 9.98471E-05
9.9856E-05 9.9856E-05 0.97397 0.011669 9.9856E-05 9.9856E-05 9.9856E-05 9.9856E-05 9.9856E-05 9.9856E-05 9.9856E-05 9.9856E-05 9.9856E-05 9.9856E-05 9.9856E-05 9.9856E-05 9.9856E-05 0.000529628 9.9856E-05 0.0122337
9.98294E-05 9.98294E-05 9.98294E-05 9.98294E-05 9.98294E-05 9.98294E-05 9.98294E-05 9.98294E-05 9.98294E-05 9.98294E-05 9.98294E-05 9.98294E-05 9.98294E-05 9.98294E-05 9.98294E-05 9.98294E-05 0.998103 9.98294E-05 9.98294E-05 9.98294E-05
9.98295E-05 9.98295E-05 9.98295E-05 9.98295E-05 9.98295E-05 9.98295E-05 9.98295E-05 9.98295E-05 9.98295E-05 9.98295E-05 9.98295E-05 9.98295E-05 9.98295E-05 9.98295E-05 9.98295E-05 9.98295E-05 0.998103 9.98295E-05 9.98295E-05 9.98295E-05
0.0838021 0.00456905 0.0630293 9.99009E-05 9.99009E-05 0.0161734 9.99009E-05 0.732899 9.99009E-05 9.99009E-05 9.99009E-05 9.99009E-05 0.00204224 9.99009E-05 0.0142231 0.00945553 9.99009E-05 9.99009E-05 9.99009E-05 0.0727074
0.0868568 9.9874E-05 0.0793071 9.9874E-05 9.9874E-05 0.00697537 9.9874E-05 0.738028 9.9874E-05 9.9874E-05 9.9874E-05 9.9874E-05 9.9874E-05 9.9874E-05 0.07141 9.9874E-05 9.9874E-05 9.9874E-05 9.9874E-05 0.0160246
9.98653E-05 9.98653E-05 0.00445061 9.98653E-05 0.00234031 9.98653E-05 0.00105306 9.98653E-05 9.98653E-05 9.98653E-05 9.98653E-05 9.98653E-05 9.98653E-05 9.98653E-05 9.98653E-05 9.98653E-05 0.960092 9.98653E-05 9.98653E-05 0.0305657
9.98294E-05 9.98294E-05 9.98294E-05 9.98294E-05 9.98294E-05 9.98294E-05 9.98294E-05 9.98294E-05 9.98294E-05 9.98294E-05 9.98294E-05 9.98294E-05 9.98294E-05 9.98294E-05 9.98294E-05 9.98294E-05 0.998103 9.98294E-05 9.98294E-05 9.98294E-05
9.9847E-05 9.9847E-05 0.0304253 9.9847E-05 9.9847E-05 9.9847E-05 9.9847E-05 9.9847E-05 9.9847E-05 9.9847E-05 9.9847E-05 9.9847E-05 0.936438 9.9847E-05 0.031439 9.9847E-05 9.9847E-05 9.9847E-05 9.9847E-05 9.9847E-05
0.693393 9.98829E-05 0.0750039 9.98829E-05 9.98829E-05 0.0101836 9.98829E-05 9.98829E-05 9.98829E-05 0.0058726 9.98829E-05 9.98829E-05 9.98829E-05 9.98829E-05 0.0694068 9.98829E-05 9.98829E-05 0.0207045 0.124137 9.98829E-05
9.9856E-05 9.9856E-05 9.9856E-05 0.0639656 9.9856E-05 9.9856E-05 9.9856E-05 9.9856E-05 9.9856E-05 9.9856E-05 9.9856E-05 9.9856E-05 9.9856E-05 9.9856E-05 0.00970984 9.9856E-05 9.9856E-05 9.9856E-05 0.0527096 0.872017
9.98381E-05 9.98381E-05 9.98381E-05 9.98381E-05 0.0326293 9.98381E-05 9.98381E-05 9.98381E-05 9.98381E-05 9.98381E-05 9.98381E-05 0.965574 9.98381E-05 9.98381E-05 9.98381E-05 9.98381E-05 9.98381E-05 9.98381E-05 9.98381E-05 9.98381E-05
9.9865E-05 9.9865E-05 9.9865E-05 9.9865E-05 9.9865E-05 9.9865E-05 0.05699 9.9865E-05 9.9865E-05 9.9865E-05 9.9865E-05 0.876369 0.0155897 9.9865E-05 0.0167481 9.9865E-05 9.9865E-05 0.0328055 9.9865E-05 9.9865E-05
9.9838E-05 9.9838E-05 9.9838E-05 9.9838E-05 9.9838E-05 9.9838E-05 9.9838E-05 9.9838E-05 9.9838E-05 9.9838E-05 0.989942 9.9838E-05 9.9838E-05 9.9838E-05 9.9838E-05 9.9838E-05 9.9838E-05 0.0082611 9.9838E-05 9.9838E-05
