9.98919E-05 0.964124 9.98919E-05 9.98919E-05 9.98919E-05 9.98919E-05 0.034677 9.98919E-05 9.98919E-05 9.98919E-05 9.98919E-05 9.98919E-05 9.98919E-05 9.98919E-05
9.99187E-05 0.0725599 9.99187E-05 0.0953019 9.99187E-05 9.99187E-05 9.99187E-05 9.99187E-05 9.99187E-05 0.112651 0.0195079 9.99187E-05 0.69908 9.99187E-05
9.9883E-05 9.9883E-05 9.9883E-05 9.9883E-05 9.9883E-05 9.9883E-05 9.9883E-05 9.9883E-05 9.9883E-05 9.9883E-05 9.9883E-05 9.9883E-05 9.9883E-05 0.998702
9.99191E-05 9.99191E-05 0.0137747 9.99191E-05 0.00291629 9.99191E-05 0.000850878 9.99191E-05 9.99191E-05 0.949894 0.031665 9.99191E-05 9.99191E-05 9.99191E-05
0.010666 0.0176828 0.0382549 9.99461E-05 0.180895 9.99461E-05 0.137169 9.99461E-05 9.99461E-05 0.250849 9.99461E-05 0.0314084 0.332476 9.99461E-05
9.99102E-05 9.99102E-05 9.99102E-05 0.0150834 0.0345093 9.99102E-05 9.99102E-05 9.99102E-05 9.99102E-05 0.943043 9.99102E-05 0.00636489 9.99102E-05 9.99102E-05
0.0490406 9.99103E-05 9.99103E-05 9.99103E-05 9.99103E-05 0.0721796 9.99103E-05 0.311977 9.99103E-05 9.99103E-05 9.99103E-05 9.99103E-05 0.565804 9.99103E-05
0.385099 9.99369E-05 0.0887375 9.99369E-05 0.178505 9.99369E-05 0.0643183 9.99369E-05 9.99369E-05 0.0191782 9.99369E-05 9.99369E-05 0.165735 0.097727
9.99012E-05 9.99012E-05 9.99012E-05 9.99012E-05 9.99012E-05 0.0914787 9.99012E-05 0.204331 9.99012E-05 9.99012E-05 9.99012E-05 9.99012E-05 0.703091 9.99012E-05
9.98833E-05 9.98833E-05 9.98833E-05 9.98833E-05 9.98833E-05 9.98833E-05 0.998702 9.98833E-05 9.98833E-05 9.98833E-05 9.98833E-05 9.98833E-05 9.98833E-05 9.98833E-05
9.98834E-05 9.98834E-05 9.98834E-05 9.98834E-05 9.98834E-05 9.98834E-05 0.998702 9.98834E-05 9.98834E-05 9.98834E-05 9.98834E-05 9.98834E-05 9.98834E-05 9.98834E-05
9.9928E-05 0.665376 9.9928E-05 9.9928E-05 0.00890851 9.9928E-05 9.9928E-05 0.166371 9.9928E-05 0.0246684 0.130648 0.0032288 9.9928E-05 9.9928E-05
0.010472 9.99013E-05 9.99013E-05 9.99013E-05 0.0193144 9.99013E-05 9.99013E-05 0.969115 9.99013E-05 9.99013E-05 9.99013E-05 9.99013E-05 9.99013E-05 9.99013E-05
9.99281E-05 0.00715959 9.99281E-05 0.0115474 9.99281E-05 9.99281E-05 9.99281E-05 9.99281E-05 0.00745359 0.900879 9.99281E-05 0.0367047 0.0354559 9.99281E-05
9.99102E-05 0.0528072 9.99102E-05 9.99102E-05 9.99102E-05 9.99102E-05 0.00889352 9.99102E-05 0.000188715 0.937112 9.99102E-05 9.99102E-05 9.99102E-05 9.99102E-05
9.99009E-05 9.99009E-05 9.99009E-05 9.99009E-05 9.99009E-05 0.771463 9.99009E-05 0.0765724 9.99009E-05 9.99009E-05 9.99009E-05 0.150865 9.99009E-05 9.99009E-05
9.9892E-05 9.9892E-05 9.9892E-05 0.929149 9.9892E-05 9.9892E-05 0.0696525 9.9892E-05 9.9892E-05 9.9892E-05 9.9892E-05 9.9892E-05 9.9892E-05 9.9892E-05
9.99459E-05 0.0512099 0.0364582 0.0232629 9.99459E-05 0.077303 0.0867993 9.99459E-05 0.697969 9.99459E-05 9.99459E-05 9.99459E-05 0.0172129 0.00918491
9.9892E-05 9.9892E-05 9.9892E-05 9.9892E-05 9.9892E-05 9.9892E-05 9.9892E-05 9.9892E-05 0.90747 9.9892E-05 0.0913317 9.9892E-05 9.9892E-05 9.9892E-05
9.99188E-05 0.0582976 9.99188E-05 0.00784178 9.99188E-05 0.277939 0.467034 9.99188E-05 9.99188E-05 9.99188E-05 9.99188E-05 0.187988 9.99188E-05 9.99188E-05
9.98921E-05 9.98921E-05 9.98921E-05 9.98921E-05 9.98921E-05 9.98921E-05 9.98921E-05 9.98921E-05 0.992532 9.98921E-05 9.98921E-05 9.98921E-05 9.98921E-05 0.0062696
9.99369E-05 0.545674 0.0113356 0.0720669 9.99369E-05 0.319994 0.0111566 0.0336477 0.00542578 9.99369E-05 9.99369E-05 9.99369E-05 9.99369E-05 9.99369E-05
9.9937E-05 9.9937E-05 0.00619144 0.2004 0.0103483 9.9937E-05 0.15283 9.9937E-05 0.350981 9.9937E-05 0.164829 0.11372 9.9937E-05 9.9937E-05
9.99008E-05 9.99008E-05 9.99008E-05 9.99008E-05 9.99008E-05 9.99008E-05 9.99008E-05 9.99008E-05 0.836502 9.99008E-05 0.00753975 0.154859 9.99008E-05 9.99008E-05
0.0365866 9.99102E-05 0.0116721 9.99102E-05 9.99102E-05 9.99102E-05 9.99102E-05 9.99102E-05 9.99102E-05 0.94411 9.99102E-05 9.99102E-05 9.99102E-05 0.00663242
9.98923E-05 9.98923E-05 9.98923E-05 9.98923E-05 9.98923E-05 9.98923E-05 9.98923E-05 9.98923E-05 9.98923E-05 0.986454 9.98923E-05 9.98923E-05 9.98923E-05 0.0123468
9.99188E-05 0.0861061 9.99188E-05 0.0508124 9.99188E-05 9.99188E-05 0.0371925 0.757831 9.99188E-05 9.99188E-05 0.0671592 9.99188E-05 9.99188E-05 9.99188E-05
9.99101E-05 9.99101E-05 0.0479459 9.99101E-05 0.0137891 9.99101E-05 9.99101E-05 0.00556137 9.99101E-05 0.931705 9.99101E-05 9.99101E-05 9.99101E-05 9.99101E-05
9.99001E-05 9.99001E-05 0.0711886 9.99001E-05 9.99001E-05 0.0101832 9.99001E-05 0.00759599 9.99001E-05 0.910033 9.99001E-05 9.99001E-05 9.99001E-05 9.99001E-05
9.99192E-05 0.0479083 0.107733 9.99192E-05 0.487561 9.99192E-05 9.99192E-05 9.99192E-05 9.99192E-05 0.303974 9.99192E-05 9.99192E-05 9.99192E-05 0.051924
9.98919E-05 9.98919E-05 9.98919E-05 9.98919E-05 0.988891 9.98919E-05 9.98919E-05 9.98919E-05 9.98919E-05 0.00991063 9.98919E-05 9.98919E-05 9.98919E-05 9.98919E-05
9.98833E-05 9.98833E-05 9.98833E-05 9.98833E-05 9.98833E-05 9.98833E-05 9.98833E-05 9.98833E-05 9.98833E-05 9.98833E-05 9.98833E-05 9.98833E-05 0.998702 9.98833E-05
0.195481 9.98922E-05 9.98922E-05 9.98922E-05 9.98922E-05 9.98922E-05 9.98922E-05 9.98922E-05 9.98922E-05 0.803321 9.98922E-05 9.98922E-05 9.98922E-05 9.98922E-05
0.20421 9.99191E-05 0.672672 9.99191E-05 0.0195279 9.99191E-05 9.99191E-05 9.99191E-05 9.99191E-05 9.99191E-05 9.99191E-05 9.99191E-05 0.0833619 0.0193287
0.00452621 0.0748033 9.99458E-05 0.233039 0.0452888 9.99458E-05 0.00650203 0.500091 9.99458E-05 9.99458E-05 0.104755 0.0303959 9.99458E-05 9.99458E-05
0.0220303 9.99189E-05 9.99189E-05 0.0220833 0.0102243 9.99189E-05 9.99189E-05 9.99189E-05 9.99189E-05 0.931896 9.99189E-05 0.0128665 9.99189E-05 9.99189E-05
9.9892E-05 0.95592 9.9892E-05 9.9892E-05 9.9892E-05 9.9892E-05 9.9892E-05 9.9892E-05 9.9892E-05 9.9892E-05 9.9892E-05 9.9892E-05 9.9892E-05 0.042881
0.052449 0.156937 9.99189E-05 0.054632 9.99189E-05 9.99189E-05 0.606295 9.99189E-05 9.99189E-05 9.99189E-05 9.99189E-05 9.99189E-05 0.128787 9.99189E-05
0.0125801 9.9892E-05 9.9892E-05 0.986221 9.9892E-05 9.9892E-05 9.9892E-05 9.9892E-05 9.9892E-05 9.9892E-05 9.9892E-05 9.9892E-05 9.9892E-05 9.9892E-05
9.99188E-05 0.209349 9.99188E-05 0.171573 9.99188E-05 0.288018 0.25662 9.99188E-05 9.99188E-05 0.0735405 9.99188E-05 9.99188E-05 9.99188E-05 9.99188E-05
9.99278E-05 0.307584 9.99278E-05 0.111622 9.99278E-05 0.282639 0.247682 9.99278E-05 0.0033393 0.0463338 9.99278E-05 9.99278E-05 9.99278E-05 9.99278E-05
9.99099E-05 0.0773828 9.99099E-05 0.00241951 9.99099E-05 9.99099E-05 0.886509 9.99099E-05 9.99099E-05 9.99099E-05 9.99099E-05 0.0326895 9.99099E-05 9.99099E-05
9.991E-05 9.991E-05 9.991E-05 9.991E-05 9.991E-05 0.899634 0.0204715 0.0582975 0.0205977 9.991E-05 9.991E-05 9.991E-05 9.991E-05 9.991E-05
9.99009E-05 9.99009E-05 9.99009E-05 9.99009E-05 9.99009E-05 9.99009E-05 0.901002 9.99009E-05 9.99009E-05 9.99009E-05 9.99009E-05 0.08759 9.99009E-05 0.0103086
9.99459E-05 0.0612793 9.99459E-05 9.99459E-05 9.99459E-05 0.0676063 0.367952 0.0774325 0.0931276 9.99459E-05 0.0639344 0.236968 0.0310993 9.99459E-05
0.00370003 0.167485 9.9946E-05 9.9946E-05 0.0384759 0.153999 0.401504 9.9946E-05 0.00207264 0.0331528 9.9946E-05 0.199011 9.9946E-05 9.9946E-05
9.994E-05 0.23604 0.0252387 0.0752057 0.104353 9.994E-05 0.196283 0.0542004 9.994E-05 9.994E-05 9.994E-05 0.269127 9.994E-05 0.0389529
9.98927E-05 0.993309 9.98927E-05 9.98927E-05 9.98927E-05 9.98927E-05 9.98927E-05 9.98927E-05 0.00549247 9.98927E-05 9.98927E-05 9.98927E-05 9.98927E-05 9.98927E-05
9.98831E-05 9.98831E-05 0.998702 9.98831E-05 9.98831E-05 9.98831E-05 9.98831E-05 9.98831E-05 9.98831E-05 9.98831E-05 9.98831E-05 9.98831E-05 9.98831E-05 9.98831E-05
9.99011E-05 9.99011E-05 0.988132 9.99011E-05 9.99011E-05 9.99011E-05 9.99011E-05 9.99011E-05 0.00660171 9.99011E-05 9.99011E-05 0.00416688 9.99011E-05 9.99011E-05
9.98922E-05 9.98922E-05 0.987747 9.98922E-05 9.98922E-05 0.0110539 9.98922E-05 9.98922E-05 9.98922E-05 9.98922E-05 9.98922E-05 9.98922E-05 9.98922E-05 9.98922E-05
9.98832E-05 9.98832E-05 0.998702 9.98832E-05 9.98832E-05 9.98832E-05 9.98832E-05 9.98832E-05 9.98832E-05 9.98832E-05 9.98832E-05 9.98832E-05 9.98832E-05 9.98832E-05
9.98832E-05 9.98832E-05 0.998702 9.98832E-05 9.98832E-05 9.98832E-05 9.98832E-05 9.98832E-05 9.98832E-05 9.98832E-05 9.98832E-05 9.98832E-05 9.98832E-05 9.98832E-05
0.198628 9.99372E-05 0.344606 9.99372E-05 0.260896 0.149651 0.00344354 9.99372E-05 0.0214082 9.99372E-05 9.99372E-05 9.99372E-05 9.99372E-05 0.0206674
9.99101E-05 0.00633434 0.936277 9.99101E-05 9.99101E-05 9.99101E-05 9.99101E-05 9.99101E-05 9.99101E-05 9.99101E-05 0.000110378 9.99101E-05 0.0562789 9.99101E-05
9.99009E-05 0.79991 9.99009E-05 9.99009E-05 9.99009E-05 0.159623 9.99009E-05 9.99009E-05 9.99009E-05 9.99009E-05 9.99009E-05 0.0393675 9.99009E-05 9.99009E-05
9.99188E-05 0.0187716 0.0838661 9.99188E-05 9.99188E-05 9.99188E-05 9.99188E-05 9.99188E-05 9.99188E-05 0.019557 0.0204442 9.99188E-05 0.856462 9.99188E-05
9.9892E-05 9.9892E-05 9.9892E-05 0.00573284 9.9892E-05 9.9892E-05 9.9892E-05 9.9892E-05 9.9892E-05 0.993068 9.9892E-05 9.9892E-05 9.9892E-05 9.9892E-05
9.9919E-05 0.0199016 0.0177347 9.9919E-05 9.9919E-05 0.0901192 9.9919E-05 0.833584 9.9919E-05 9.9919E-05 0.0377612 9.9919E-05 9.9919E-05 9.9919E-05
9.98922E-05 9.98922E-05 9.98922E-05 9.98922E-05 9.98922E-05 0.897395 9.98922E-05 9.98922E-05 9.98922E-05 9.98922E-05 9.98922E-05 0.101407 9.98922E-05 9.98922E-05
0.0229705 9.98924E-05 9.98924E-05 9.98924E-05 9.98924E-05 9.98924E-05 9.98924E-05 0.975831 9.98924E-05 9.98924E-05 9.98924E-05 9.98924E-05 9.98924E-05 9.98924E-05
9.99009E-05 0.0193881 9.99009E-05 9.99009E-05 9.99009E-05 9.99009E-05 0.122038 0.857475 9.99009E-05 9.99009E-05 9.99009E-05 9.99009E-05 9.99009E-05 9.99009E-05
9.99279E-05 9.99279E-05 9.99279E-05 0.0110931 9.99279E-05 9.99279E-05 0.0882403 0.802562 0.00386715 9.99279E-05 0.0588824 0.0345552 9.99279E-05 9.99279E-05
9.99013E-05 0.102265 0.000243811 9.99013E-05 9.99013E-05 9.99013E-05 9.99013E-05 9.99013E-05 0.896392 9.99013E-05 9.99013E-05 9.99013E-05 9.99013E-05 9.99013E-05
9.99015E-05 9.99015E-05 0.00347413 9.99015E-05 9.99015E-05 9.99015E-05 9.99015E-05 9.99015E-05 9.99015E-05 0.946168 9.99015E-05 9.99015E-05 9.99015E-05 0.0492592
0.0305491 0.212038 0.0737732 0.00739649 0.13115 0.052516 0.0902887 0.00601048 0.0470394 0.171184 0.0644488 0.016349 0.0971562 9.9991E-05
0.0633005 9.99103E-05 9.99103E-05 9.99103E-05 9.99103E-05 0.0138114 9.99103E-05 9.99103E-05 9.99103E-05 0.747589 9.99103E-05 9.99103E-05 9.99103E-05 0.1743
9.9928E-05 0.0181612 0.000280769 0.0323459 0.0603745 9.9928E-05 9.9928E-05 9.9928E-05 9.9928E-05 0.877041 9.9928E-05 9.9928E-05 9.9928E-05 0.0109969
0.0457483 9.991E-05 0.0471781 9.991E-05 9.991E-05 0.0387087 9.991E-05 9.991E-05 9.991E-05 0.867366 9.991E-05 9.991E-05 9.991E-05 9.991E-05
0.0177355 9.99281E-05 0.02152 9.99281E-05 9.99281E-05 0.0195615 9.99281E-05 9.99281E-05 0.00175485 0.881663 9.99281E-05 9.99281E-05 0.0569653 9.99281E-05
9.99192E-05 0.0527807 9.99192E-05 9.99192E-05 0.241143 9.99192E-05 9.99192E-05 9.99192E-05 9.99192E-05 0.693253 0.00994203 0.0019821 9.99192E-05 9.99192E-05
0.027788 9.991E-05 9.991E-05 0.0112641 9.991E-05 9.991E-05 9.991E-05 9.991E-05 9.991E-05 0.95026 9.991E-05 0.0096892 9.991E-05 9.991E-05
0.943656 9.9901E-05 0.0481558 9.9901E-05 0.00708948 9.9901E-05 9.9901E-05 9.9901E-05 9.9901E-05 9.9901E-05 9.9901E-05 9.9901E-05 9.9901E-05 9.9901E-05
0.991232 9.9892E-05 9.9892E-05 9.9892E-05 9.9892E-05 9.9892E-05 9.9892E-05 0.00756934 9.9892E-05 9.9892E-05 9.9892E-05 9.9892E-05 9.9892E-05 9.9892E-05
9.99282E-05 9.99282E-05 0.00968449 9.99282E-05 9.99282E-05 0.0272451 0.0161981 9.99282E-05 9.99282E-05 0.933071 0.000360352 9.99282E-05 9.99282E-05 0.0126412
9.99036E-05 9.99036E-05 9.99036E-05 9.99036E-05 9.99036E-05 0.963189 9.99036E-05 9.99036E-05 9.99036E-05 0.025056 0.0106557 9.99036E-05 9.99036E-05 9.99036E-05
9.9892E-05 9.9892E-05 0.0144318 9.9892E-05 9.9892E-05 0.984369 9.9892E-05 9.9892E-05 9.9892E-05 9.9892E-05 9.9892E-05 9.9892E-05 9.9892E-05 9.9892E-05
9.98831E-05 9.98831E-05 9.98831E-05 9.98831E-05 9.98831E-05 9.98831E-05 9.98831E-05 9.98831E-05 9.98831E-05 9.98831E-05 0.998702 9.98831E-05 9.98831E-05 9.98831E-05
9.98833E-05 9.98833E-05 9.98833E-05 9.98833E-05 9.98833E-05 9.98833E-05 9.98833E-05 9.98833E-05 9.98833E-05 9.98833E-05 0.998702 9.98833E-05 9.98833E-05 9.98833E-05
0.0065507 0.0311686 9.99369E-05 9.99369E-05 9.99369E-05 0.0861236 0.810742 0.0474609 9.99369E-05 0.00769837 9.99369E-05 9.99369E-05 0.00955637 9.99369E-05
9.991E-05 9.991E-05 0.00726004 9.991E-05 9.991E-05 0.103239 0.793274 0.0952271 9.991E-05 9.991E-05 9.991E-05 9.991E-05 9.991E-05 9.991E-05
0.0129012 9.99281E-05 9.99281E-05 0.00793954 9.99281E-05 0.000777746 0.00374831 9.99281E-05 9.99281E-05 9.99281E-05 0.97297 9.99281E-05 0.000863756 9.99281E-05
9.98832E-05 9.98832E-05 9.98832E-05 9.98832E-05 9.98832E-05 9.98832E-05 9.98832E-05 9.98832E-05 9.98832E-05 9.98832E-05 0.998702 9.98832E-05 9.98832E-05 9.98832E-05
9.99009E-05 0.939839 0.00651525 9.99009E-05 9.99009E-05 9.99009E-05 9.99009E-05 0.0525469 9.99009E-05 9.99009E-05 9.99009E-05 9.99009E-05 9.99009E-05 9.99009E-05
9.9937E-05 0.0253335 9.9937E-05 9.9937E-05 9.9937E-05 0.572702 0.135672 0.149339 0.0806294 9.9937E-05 9.9937E-05 9.9937E-05 0.0230279 0.0125973
9.99009E-05 0.0163001 0.0477696 9.99009E-05 9.99009E-05 9.99009E-05 9.99009E-05 9.99009E-05 9.99009E-05 9.99009E-05 9.99009E-05 9.99009E-05 0.934831 9.99009E-05
9.98829E-05 9.98829E-05 9.98829E-05 9.98829E-05 9.98829E-05 9.98829E-05 9.98829E-05 9.98829E-05 9.98829E-05 9.98829E-05 9.98829E-05 0.998702 9.98829E-05 9.98829E-05
9.991E-05 0.0363872 9.991E-05 0.14371 9.991E-05 9.991E-05 9.991E-05 0.050821 9.991E-05 9.991E-05 9.991E-05 0.768082 9.991E-05 9.991E-05
9.9883E-05 9.9883E-05 9.9883E-05 9.9883E-05 0.998702 9.9883E-05 9.9883E-05 9.9883E-05 9.9883E-05 9.9883E-05 9.9883E-05 9.9883E-05 9.9883E-05 9.9883E-05
