9.99099E-05 9.99099E-05 9.99099E-05 9.99099E-05 9.99099E-05 0.0394939 9.99099E-05 9.99099E-05 0.00118365 0.0150348 9.99099E-05 0.943288 9.99099E-05 9.99099E-05
9.99098E-05 9.99098E-05 9.99098E-05 9.99098E-05 9.99098E-05 0.141256 9.99098E-05 0.0755016 9.99098E-05 9.99098E-05 9.99098E-05 9.99098E-05 0.10393 0.678313
9.99286E-05 9.99286E-05 9.99286E-05 9.99286E-05 0.136819 9.99286E-05 0.205038 9.99286E-05 9.99286E-05 0.0304866 0.0368435 9.99286E-05 0.586516 0.00349784
9.9919E-05 0.0108326 9.9919E-05 9.9919E-05 9.9919E-05 9.9919E-05 9.9919E-05 0.0215069 0.0174837 0.0294739 9.9919E-05 9.9919E-05 0.919804 9.9919E-05
9.99282E-05 0.0485218 9.99282E-05 9.99282E-05 9.99282E-05 9.99282E-05 0.0858624 0.000396116 0.30714 9.99282E-05 9.99282E-05 9.99282E-05 0.400536 0.156745
0.0295809 9.9919E-05 9.9919E-05 9.9919E-05 9.9919E-05 0.0147453 0.0268102 9.9919E-05 9.9919E-05 0.000655405 9.9919E-05 9.9919E-05 0.927309 9.9919E-05
9.99191E-05 9.99191E-05 0.0511422 9.99191E-05 0.240159 9.99191E-05 0.208735 9.99191E-05 0.228161 9.99191E-05 9.99191E-05 9.99191E-05 9.99191E-05 0.270903
9.99369E-05 0.0644528 9.99369E-05 9.99369E-05 9.99369E-05 0.0532649 0.684586 9.99369E-05 0.0267704 0.0327629 9.99369E-05 9.99369E-05 0.0497433 0.0877198
9.9919E-05 9.9919E-05 0.0564339 9.9919E-05 0.146077 9.9919E-05 0.17036 9.9919E-05 0.28312 9.9919E-05 9.9919E-05 9.9919E-05 9.9919E-05 0.343109
9.98829E-05 9.98829E-05 9.98829E-05 9.98829E-05 9.98829E-05 9.98829E-05 9.98829E-05 9.98829E-05 0.998702 9.98829E-05 9.98829E-05 9.98829E-05 9.98829E-05 9.98829E-05
9.9883E-05 9.9883E-05 9.9883E-05 9.9883E-05 9.9883E-05 9.9883E-05 9.9883E-05 9.9883E-05 0.998702 9.9883E-05 9.9883E-05 9.9883E-05 9.9883E-05 9.9883E-05
0.0414298 9.9928E-05 9.9928E-05 9.9928E-05 0.131628 9.9928E-05 0.0307256 9.9928E-05 9.9928E-05 0.113497 9.9928E-05 0.671609 0.0103101 9.9928E-05
0.00300777 9.99012E-05 9.99012E-05 9.99012E-05 0.956352 9.99012E-05 0.0395414 9.99012E-05 9.99012E-05 9.99012E-05 9.99012E-05 9.99012E-05 9.99012E-05 9.99012E-05
0.0204526 9.99191E-05 9.99191E-05 9.99191E-05 9.99191E-05 9.99191E-05 9.99191E-05 0.0162208 9.99191E-05 9.99191E-05 0.0171 9.99191E-05 0.9286 0.0167275
9.99101E-05 9.99101E-05 9.99101E-05 9.99101E-05 9.99101E-05 0.0695277 9.99101E-05 9.99101E-05 9.99101E-05 9.99101E-05 0.0117504 0.00152457 0.916198 9.99101E-05
0.154831 9.99099E-05 0.709879 9.99099E-05 0.0815745 9.99099E-05 9.99099E-05 9.99099E-05 0.0527163 9.99099E-05 9.99099E-05 9.99099E-05 9.99099E-05 9.99099E-05
9.9892E-05 9.9892E-05 9.9892E-05 9.9892E-05 9.9892E-05 9.9892E-05 9.9892E-05 0.962751 0.0360504 9.9892E-05 9.9892E-05 9.9892E-05 9.9892E-05 9.9892E-05
9.99098E-05 0.0645632 9.99098E-05 9.99098E-05 9.99098E-05 0.138774 9.99098E-05 9.99098E-05 0.00485352 9.99098E-05 0.790811 9.99098E-05 9.99098E-05 9.99098E-05
9.99009E-05 9.99009E-05 9.99009E-05 0.737722 9.99009E-05 9.99009E-05 9.99009E-05 9.99009E-05 9.99009E-05 0.077592 0.183587 9.99009E-05 9.99009E-05 9.99009E-05
0.150286 9.99278E-05 0.334096 9.99278E-05 9.99278E-05 0.133353 9.99278E-05 9.99278E-05 0.240189 0.0290425 9.99278E-05 0.112234 9.99278E-05 9.99278E-05
9.98921E-05 9.98921E-05 9.98921E-05 0.181489 9.98921E-05 9.98921E-05 9.98921E-05 9.98921E-05 9.98921E-05 9.98921E-05 0.817312 9.98921E-05 9.98921E-05 9.98921E-05
9.99189E-05 9.99189E-05 0.251181 9.99189E-05 0.0106882 0.23084 9.99189E-05 0.074982 9.99189E-05 9.99189E-05 9.99189E-05 0.431409 9.99189E-05 9.99189E-05
9.9928E-05 0.0264787 9.9928E-05 9.9928E-05 9.9928E-05 0.0143703 9.9928E-05 0.254735 0.108754 0.154113 0.440749 9.9928E-05 9.9928E-05 9.9928E-05
0.0359263 9.9892E-05 9.9892E-05 9.9892E-05 9.9892E-05 9.9892E-05 9.9892E-05 9.9892E-05 9.9892E-05 9.9892E-05 0.962875 9.9892E-05 9.9892E-05 9.9892E-05
9.99013E-05 0.0303234 9.99013E-05 9.99013E-05 9.99013E-05 9.99013E-05 0.00475864 9.99013E-05 9.99013E-05 9.99013E-05 9.99013E-05 9.99013E-05 0.963819 9.99013E-05
9.98832E-05 9.98832E-05 9.98832E-05 9.98832E-05 9.98832E-05 9.98832E-05 9.98832E-05 9.98832E-05 9.98832E-05 9.98832E-05 9.98832E-05 9.98832E-05 0.998702 9.98832E-05
9.99098E-05 9.99098E-05 9.99098E-05 9.99098E-05 0.792553 9.99098E-05 9.99098E-05 0.0559985 9.99098E-05 0.0677386 9.99098E-05 0.0827105 9.99098E-05 9.99098E-05
9.9928E-05 0.0612496 0.00152967 9.9928E-05 0.00599964 9.9928E-05 0.0141762 9.9928E-05 9.9928E-05 0.00303732 9.9928E-05 9.9928E-05 0.913208 9.9928E-05
9.99011E-05 0.0826744 0.0261362 9.99011E-05 9.99011E-05 9.99011E-05 9.99011E-05 9.99011E-05 9.99011E-05 9.99011E-05 9.99011E-05 9.99011E-05 0.89009 9.99011E-05
9.99191E-05 0.173203 9.99191E-05 0.045062 9.99191E-05 9.99191E-05 0.242502 9.99191E-05 9.99191E-05 0.0285423 9.99191E-05 9.99191E-05 0.509792 9.99191E-05
9.99279E-05 0.0790458 9.99279E-05 9.99279E-05 9.99279E-05 9.99279E-05 0.452783 0.0237943 0.0317253 0.0187136 9.99279E-05 9.99279E-05 0.393138 9.99279E-05
9.98832E-05 9.98832E-05 9.98832E-05 9.98832E-05 9.98832E-05 9.98832E-05 9.98832E-05 9.98832E-05 9.98832E-05 9.98832E-05 9.98832E-05 9.98832E-05 9.98832E-05 0.998702
9.99011E-05 9.99011E-05 9.99011E-05 9.99011E-05 9.99011E-05 9.99011E-05 0.19099 0.0115387 9.99011E-05 9.99011E-05 9.99011E-05 9.99011E-05 0.796372 9.99011E-05
9.99012E-05 0.685775 9.99012E-05 9.99012E-05 9.99012E-05 9.99012E-05 0.2873 9.99012E-05 9.99012E-05 9.99012E-05 9.99012E-05 0.0258262 9.99012E-05 9.99012E-05
0.047155 9.99367E-05 9.99367E-05 9.99367E-05 0.478763 9.99367E-05 0.0391934 0.238914 0.0514712 0.103779 9.99367E-05 0.040025 9.99367E-05 9.99367E-05
0.021977 9.99099E-05 0.010359 9.99099E-05 9.99099E-05 9.99099E-05 0.0925125 9.99099E-05 9.99099E-05 9.99099E-05 9.99099E-05 9.99099E-05 0.874152 9.99099E-05
9.98921E-05 9.98921E-05 9.98921E-05 9.98921E-05 9.98921E-05 9.98921E-05 0.0466663 9.98921E-05 9.98921E-05 9.98921E-05 9.98921E-05 0.952135 9.98921E-05 9.98921E-05
9.99201E-05 9.99201E-05 9.99201E-05 0.00760581 9.99201E-05 0.717051 0.0152302 0.0361404 0.0572822 9.99201E-05 9.99201E-05 9.99201E-05 9.99201E-05 0.165891
9.9883E-05 9.9883E-05 9.9883E-05 9.9883E-05 9.9883E-05 9.9883E-05 9.9883E-05 0.998702 9.9883E-05 9.9883E-05 9.9883E-05 9.9883E-05 9.9883E-05 9.9883E-05
9.99099E-05 9.99099E-05 9.99099E-05 9.99099E-05 9.99099E-05 0.824111 9.99099E-05 0.0929434 9.99099E-05 9.99099E-05 9.99099E-05 0.0271184 0.0548278 9.99099E-05
9.99099E-05 9.99099E-05 9.99099E-05 9.99099E-05 9.99099E-05 0.879523 9.99099E-05 0.0483944 9.99099E-05 9.99099E-05 9.99099E-05 0.0644302 0.00665304 9.99099E-05
0.0270375 9.99369E-05 9.99369E-05 0.00297359 9.99369E-05 0.521203 9.99369E-05 0.0104861 0.394282 0.0259769 9.99369E-05 0.0173418 9.99369E-05 9.99369E-05
9.99191E-05 9.99191E-05 0.884481 9.99191E-05 0.0459795 0.0303646 9.99191E-05 9.99191E-05 9.99191E-05 9.99191E-05 0.0120478 0.0262277 9.99191E-05 9.99191E-05
0.137421 9.99368E-05 0.0094932 9.99368E-05 9.99368E-05 0.322673 9.99368E-05 0.001064 0.472238 0.00289068 9.99368E-05 0.0535215 9.99368E-05 9.99368E-05
0.127642 9.99189E-05 9.99189E-05 9.99189E-05 0.0953949 0.617481 9.99189E-05 9.99189E-05 9.99189E-05 0.0595012 0.099081 9.99189E-05 9.99189E-05 9.99189E-05
0.108731 9.99281E-05 0.0321261 0.0124468 9.99281E-05 0.777089 0.0596875 9.99281E-05 9.99281E-05 9.99281E-05 9.99281E-05 0.00912014 9.99281E-05 9.99281E-05
0.189234 0.062289 9.9946E-05 9.9946E-05 0.0639733 0.156605 9.9946E-05 0.168722 0.115225 9.9946E-05 9.9946E-05 0.17677 0.0665816 9.9946E-05
9.98927E-05 9.98927E-05 9.98927E-05 9.98927E-05 9.98927E-05 9.98927E-05 9.98927E-05 9.98927E-05 9.98927E-05 9.98927E-05 0.0310087 0.967793 9.98927E-05 9.98927E-05
9.98831E-05 0.998702 9.98831E-05 9.98831E-05 9.98831E-05 9.98831E-05 9.98831E-05 9.98831E-05 9.98831E-05 9.98831E-05 9.98831E-05 9.98831E-05 9.98831E-05 9.98831E-05
9.99011E-05 0.961875 9.99011E-05 9.99011E-05 9.99011E-05 0.015426 9.99011E-05 9.99011E-05 9.99011E-05 9.99011E-05 9.99011E-05 9.99011E-05 0.0216001 9.99011E-05
0.0140566 0.981209 9.99011E-05 9.99011E-05 9.99011E-05 0.00363507 9.99011E-05 9.99011E-05 9.99011E-05 9.99011E-05 9.99011E-05 9.99011E-05 9.99011E-05 9.99011E-05
9.98832E-05 0.998702 9.98832E-05 9.98832E-05 9.98832E-05 9.98832E-05 9.98832E-05 9.98832E-05 9.98832E-05 9.98832E-05 9.98832E-05 9.98832E-05 9.98832E-05 9.98832E-05
9.98831E-05 0.998702 9.98831E-05 9.98831E-05 9.98831E-05 9.98831E-05 9.98831E-05 9.98831E-05 9.98831E-05 9.98831E-05 9.98831E-05 9.98831E-05 9.98831E-05 9.98831E-05
9.99371E-05 0.43907 0.0346315 9.99371E-05 9.99371E-05 9.99371E-05 0.220331 9.99371E-05 0.0938218 9.99371E-05 0.0509288 9.99371E-05 0.103167 0.0573499
9.9919E-05 0.894362 0.0155211 9.9919E-05 9.9919E-05 9.9919E-05 9.9919E-05 0.0252946 9.9919E-05 9.9919E-05 9.9919E-05 0.00602025 9.9919E-05 0.0579028
0.0679132 9.99099E-05 0.162079 9.99099E-05 9.99099E-05 9.99099E-05 9.99099E-05 9.99099E-05 0.000170143 9.99099E-05 9.99099E-05 0.768839 9.99099E-05 9.99099E-05
9.99009E-05 0.0278588 9.99009E-05 9.99009E-05 9.99009E-05 9.99009E-05 9.99009E-05 9.99009E-05 9.99009E-05 0.0181259 9.99009E-05 9.99009E-05 9.99009E-05 0.952916
0.0070878 9.99099E-05 9.99099E-05 9.99099E-05 9.99099E-05 0.0140066 9.99099E-05 0.0116022 9.99099E-05 9.99099E-05 9.99099E-05 9.99099E-05 0.966304 9.99099E-05
9.99191E-05 0.0158139 0.0899071 9.99191E-05 0.834032 9.99191E-05 9.99191E-05 9.99191E-05 9.99191E-05 0.0437876 9.99191E-05 0.0155605 9.99191E-05 9.99191E-05
0.111132 9.99102E-05 0.881614 9.99102E-05 0.000846979 9.99102E-05 0.00540797 9.99102E-05 9.99102E-05 9.99102E-05 9.99102E-05 9.99102E-05 9.99102E-05 9.99102E-05
9.98834E-05 9.98834E-05 9.98834E-05 9.98834E-05 0.998702 9.98834E-05 9.98834E-05 9.98834E-05 9.98834E-05 9.98834E-05 9.98834E-05 9.98834E-05 9.98834E-05 9.98834E-05
9.98919E-05 9.98919E-05 9.98919E-05 9.98919E-05 0.857361 0.141441 9.98919E-05 9.98919E-05 9.98919E-05 9.98919E-05 9.98919E-05 9.98919E-05 9.98919E-05 9.98919E-05
0.0534596 9.99098E-05 9.99098E-05 9.99098E-05 0.802124 9.99098E-05 9.99098E-05 9.99098E-05 0.0947261 0.0486915 9.99098E-05 9.99098E-05 9.99098E-05 9.99098E-05
9.98829E-05 9.98829E-05 9.98829E-05 0.998702 9.98829E-05 9.98829E-05 9.98829E-05 9.98829E-05 9.98829E-05 9.98829E-05 9.98829E-05 9.98829E-05 9.98829E-05 9.98829E-05
9.98925E-05 9.98925E-05 9.98925E-05 9.98925E-05 9.98925E-05 9.98925E-05 9.98925E-05 9.98925E-05 0.00607605 9.98925E-05 9.98925E-05 9.98925E-05 0.992725 9.98925E-05
0.00263714 0.0526034 0.0541268 0.0345939 0.0707376 0.12876 0.0303513 0.13974 0.00888718 0.0333497 9.9982E-05 9.9982E-05 0.156327 0.287686
9.99015E-05 0.0410268 9.99015E-05 9.99015E-05 9.99015E-05 9.99015E-05 0.0457702 9.99015E-05 9.99015E-05 9.99015E-05 9.99015E-05 9.99015E-05 0.912104 9.99015E-05
9.9919E-05 0.0111963 9.9919E-05 9.9919E-05 9.9919E-05 9.9919E-05 0.0104067 0.0590722 9.9919E-05 9.9919E-05 9.9919E-05 0.00234143 0.916084 9.9919E-05
9.991E-05 0.0318331 0.0709637 9.991E-05 9.991E-05 9.991E-05 0.056298 9.991E-05 9.991E-05 9.991E-05 9.991E-05 9.991E-05 0.839906 9.991E-05
9.99101E-05 0.0161353 0.0712828 9.99101E-05 9.99101E-05 9.99101E-05 0.0264823 9.99101E-05 9.99101E-05 9.99101E-05 9.99101E-05 9.99101E-05 0.8851 9.99101E-05
0.00278763 9.9946E-05 9.9946E-05 9.9946E-05 9.9946E-05 9.9946E-05 0.108584 0.0105741 0.0628563 0.00410262 9.9946E-05 0.0250176 0.776472 0.00900606
0.0315505 9.99099E-05 9.99099E-05 9.99099E-05 9.99099E-05 9.99099E-05 0.0427453 0.00764909 9.99099E-05 9.99099E-05 9.99099E-05 9.99099E-05 0.917056 9.99099E-05
9.98919E-05 0.0300323 9.98919E-05 9.98919E-05 9.98919E-05 9.98919E-05 0.968769 9.98919E-05 9.98919E-05 9.98919E-05 9.98919E-05 9.98919E-05 9.98919E-05 9.98919E-05
9.9892E-05 9.9892E-05 9.9892E-05 9.9892E-05 0.0184808 9.9892E-05 0.980321 9.9892E-05 9.9892E-05 9.9892E-05 9.9892E-05 9.9892E-05 9.9892E-05 9.9892E-05
9.99102E-05 0.0166799 0.0281615 9.99102E-05 9.99102E-05 9.99102E-05 9.99102E-05 9.99102E-05 9.99102E-05 9.99102E-05 0.00145723 9.99102E-05 0.952702 9.99102E-05
9.9919E-05 0.00735099 0.936103 9.9919E-05 9.9919E-05 9.9919E-05 9.9919E-05 0.0392348 9.9919E-05 0.0124742 9.9919E-05 9.9919E-05 0.0039377 9.9919E-05
9.9883E-05 9.9883E-05 0.998702 9.9883E-05 9.9883E-05 9.9883E-05 9.9883E-05 9.9883E-05 9.9883E-05 9.9883E-05 9.9883E-05 9.9883E-05 9.9883E-05 9.9883E-05
9.98832E-05 9.98832E-05 9.98832E-05 9.98832E-05 9.98832E-05 9.98832E-05 9.98832E-05 9.98832E-05 9.98832E-05 0.998702 9.98832E-05 9.98832E-05 9.98832E-05 9.98832E-05
9.98832E-05 9.98832E-05 9.98832E-05 9.98832E-05 9.98832E-05 9.98832E-05 9.98832E-05 9.98832E-05 9.98832E-05 0.998702 9.98832E-05 9.98832E-05 9.98832E-05 9.98832E-05
9.98919E-05 9.98919E-05 9.98919E-05 9.98919E-05 9.98919E-05 0.922076 9.98919E-05 9.98919E-05 0.0767255 9.98919E-05 9.98919E-05 9.98919E-05 9.98919E-05 9.98919E-05
9.9901E-05 9.9901E-05 9.9901E-05 9.9901E-05 0.0205804 0.915052 9.9901E-05 9.9901E-05 0.0632691 9.9901E-05 9.9901E-05 9.9901E-05 9.9901E-05 9.9901E-05
9.99012E-05 9.99012E-05 0.0049087 9.99012E-05 9.99012E-05 9.99012E-05 9.99012E-05 0.0343789 9.99012E-05 0.959614 9.99012E-05 9.99012E-05 9.99012E-05 9.99012E-05
9.98832E-05 9.98832E-05 9.98832E-05 9.98832E-05 9.98832E-05 9.98832E-05 9.98832E-05 9.98832E-05 9.98832E-05 0.998702 9.98832E-05 9.98832E-05 9.98832E-05 9.98832E-05
9.99099E-05 0.0425748 0.0106021 9.99099E-05 0.028597 9.99099E-05 9.99099E-05 9.99099E-05 9.99099E-05 9.99099E-05 9.99099E-05 0.917227 9.99099E-05 9.99099E-05
9.9928E-05 9.9928E-05 0.210205 0.00890897 0.155844 0.576117 9.9928E-05 9.9928E-05 9.9928E-05 9.9928E-05 0.037124 9.9928E-05 9.9928E-05 0.0110014
0.010182 0.040304 9.99009E-05 9.99009E-05 9.99009E-05 9.99009E-05 9.99009E-05 9.99009E-05 9.99009E-05 9.99009E-05 9.99009E-05 9.99009E-05 9.99009E-05 0.948415
0.998702 9.9883E-05 9.9883E-05 9.9883E-05 9.9883E-05 9.9883E-05 9.9883E-05 9.9883E-05 9.9883E-05 9.9883E-05 9.9883E-05 9.9883E-05 9.9883E-05 9.9883E-05
0.827994 9.9928E-05 0.0045869 9.9928E-05 0.00601368 9.9928E-05 9.9928E-05 0.113806 9.9928E-05 0.0240545 9.9928E-05 0.0227455 9.9928E-05 9.9928E-05
9.99461E-05 0.0528087 9.99461E-05 9.99461E-05 9.99461E-05 9.99461E-05 0.578798 0.0130495 0.0115174 0.00629559 0.0200328 9.99461E-05 0.308834 0.00806465
