9.999E-05 9.999E-05 0.9998
0.545727 9.9991E-05 0.454173
0.893087 0.0700892 0.0368238
0.9998 9.999E-05 9.999E-05
0.686182 9.9991E-05 0.313718
0.991691 0.00820853 9.9991E-05
0.332587 9.99911E-05 0.667313
0.819326 9.9991E-05 0.180574
0.352454 9.9991E-05 0.647446
0.03482 9.9991E-05 0.96508
0.0104161 9.9991E-05 0.989484
0.0480114 9.9991E-05 0.951889
0.0403022 9.99911E-05 0.959598
0.986434 0.0134664 9.9991E-05
0.9998 9.999E-05 9.999E-05
0.0388026 9.9991E-05 0.961097
0.0369413 0.182475 0.780584
0.0405884 0.740568 0.218844
9.999E-05 0.9998 9.999E-05
9.999E-05 9.999E-05 0.9998
9.999E-05 0.9998 9.999E-05
9.999E-05 9.999E-05 0.9998
0.10386 0.578453 0.317688
9.9991E-05 0.992375 0.00752529
0.9998 9.999E-05 9.999E-05
0.9998 9.999E-05 9.999E-05
9.999E-05 9.999E-05 0.9998
0.9998 9.999E-05 9.999E-05
0.9998 9.999E-05 9.999E-05
0.925934 0.0739657 9.9991E-05
0.961765 0.0320204 0.0062147
0.595932 0.00908645 0.394981
0.9998 9.999E-05 9.999E-05
0.8221 9.9991E-05 0.1778
0.0985277 0.000205072 0.901267
0.9998 9.999E-05 9.999E-05
0.0746582 9.9991E-05 0.925242
0.160328 9.9991E-05 0.839572
0.183194 0.148297 0.668509
0.118769 9.9991E-05 0.881131
0.0898674 9.9991E-05 0.910033
9.9991E-05 0.0206221 0.979278
0.0162385 9.9991E-05 0.983661
0.00930034 0.00881575 0.981884
9.9991E-05 0.155735 0.844165
0.094162 0.0372447 0.868593
0.168959 9.9991E-05 0.830941
9.99911E-05 0.0208379 0.979062
0.835886 0.00924086 0.154873
0.795414 0.0348429 0.169743
0.816953 0.0189997 0.164048
0.831569 0.0318385 0.136592
0.864871 0.00961052 0.125518
0.750209 0.0567655 0.193026
0.768987 9.9991E-05 0.230913
9.999E-05 9.999E-05 0.9998
0.581051 9.9991E-05 0.418849
0.9998 9.999E-05 9.999E-05
9.999E-05 9.999E-05 0.9998
0.0535054 9.9991E-05 0.946395
0.000390488 9.99911E-05 0.99951
9.999E-05 9.999E-05 0.9998
9.9991E-05 0.0222829 0.977617
0.000546793 0.9089 0.0905528
0.9998 9.999E-05 9.999E-05
0.441046 0.0036912 0.555263
0.9998 9.999E-05 9.999E-05
0.994573 9.9991E-05 0.00532716
0.9998 9.999E-05 9.999E-05
0.9998 9.999E-05 9.999E-05
0.963143 9.9991E-05 0.0367574
0.9998 9.999E-05 9.999E-05
0.915047 9.99911E-05 0.0848532
0.894624 0.00831282 0.0970633
0.997733 0.0021668 9.9991E-05
0.164303 9.9991E-05 0.835597
0.149918 9.9991E-05 0.849982
0.102539 0.262242 0.635219
0.104296 0.271307 0.624397
0.0653876 9.9991E-05 0.934512
0.0314432 0.00466563 0.963891
0.127762 0.249304 0.622934
0.136658 0.262647 0.600694
9.999E-05 9.999E-05 0.9998
0.0183828 0.0241832 0.957434
0.5586 9.9991E-05 0.4413
0.101042 0.202201 0.696757
9.9991E-05 0.173663 0.826237
0.909311 0.081012 0.00967702
