9.98648E-05 0.108047 9.98648E-05 9.98648E-05 9.98648E-05 9.98648E-05 0.00105438 9.98648E-05 9.98648E-05 9.98648E-05 9.98648E-05 9.98648E-05 9.98648E-05 9.98648E-05 9.98648E-05 9.98648E-05 0.889401 9.98648E-05
9.9883E-05 9.9883E-05 9.9883E-05 0.602605 0.154709 9.9883E-05 0.0240382 9.9883E-05 9.9883E-05 0.212988 9.9883E-05 9.9883E-05 9.9883E-05 9.9883E-05 9.9883E-05 9.9883E-05 0.00436167 9.9883E-05
0.161261 9.99107E-05 0.0100993 9.99107E-05 0.495641 9.99107E-05 9.99107E-05 0.0651502 0.136619 9.99107E-05 0.0164945 9.99107E-05 0.0597761 9.99107E-05 9.99107E-05 0.0539586 9.99107E-05 9.99107E-05
9.9892E-05 0.00212525 9.9892E-05 9.9892E-05 0.881533 9.9892E-05 9.9892E-05 0.0366487 0.0336617 9.9892E-05 0.0281254 0.0167076 9.9892E-05 9.9892E-05 9.9892E-05 9.9892E-05 9.9892E-05 9.9892E-05
0.054691 0.0207972 0.181346 0.083694 0.228287 9.99192E-05 9.99192E-05 9.99192E-05 9.99192E-05 0.178544 0.199304 0.0465814 9.99192E-05 9.99192E-05 0.00585595 9.99192E-05 9.99192E-05 9.99192E-05
0.00025546 9.98741E-05 9.98741E-05 9.98741E-05 0.990855 9.98741E-05 9.98741E-05 9.98741E-05 9.98741E-05 9.98741E-05 0.00674139 9.98741E-05 9.98741E-05 0.000750349 9.98741E-05 9.98741E-05 9.98741E-05 9.98741E-05
9.98472E-05 9.98472E-05 0.998303 9.98472E-05 9.98472E-05 9.98472E-05 9.98472E-05 9.98472E-05 9.98472E-05 9.98472E-05 9.98472E-05 9.98472E-05 9.98472E-05 9.98472E-05 9.98472E-05 9.98472E-05 9.98472E-05 9.98472E-05
0.465268 0.0485148 9.99099E-05 0.142949 0.0547051 9.99099E-05 9.99099E-05 0.021541 0.0186379 9.99099E-05 0.170387 0.0769979 9.99099E-05 9.99099E-05 9.99099E-05 9.99099E-05 9.99099E-05 9.99099E-05
9.9856E-05 9.9856E-05 0.929867 0.0685354 9.9856E-05 9.9856E-05 9.9856E-05 9.9856E-05 9.9856E-05 9.9856E-05 9.9856E-05 9.9856E-05 9.9856E-05 9.9856E-05 9.9856E-05 9.9856E-05 9.9856E-05 9.9856E-05
9.98561E-05 0.872325 0.126078 9.98561E-05 9.98561E-05 9.98561E-05 9.98561E-05 9.98561E-05 9.98561E-05 9.98561E-05 9.98561E-05 9.98561E-05 9.98561E-05 9.98561E-05 9.98561E-05 9.98561E-05 9.98561E-05 9.98561E-05
9.98561E-05 0.880849 0.117553 9.98561E-05 9.98561E-05 9.98561E-05 9.98561E-05 9.98561E-05 9.98561E-05 9.98561E-05 9.98561E-05 9.98561E-05 9.98561E-05 9.98561E-05 9.98561E-05 9.98561E-05 9.98561E-05 9.98561E-05
0.0176088 9.9892E-05 9.9892E-05 9.9892E-05 0.0119517 9.9892E-05 9.9892E-05 0.110993 9.9892E-05 9.9892E-05 9.9892E-05 9.9892E-05 9.9892E-05 9.9892E-05 0.0651723 0.144295 0.648781 9.9892E-05
9.98654E-05 9.98654E-05 9.98654E-05 9.98654E-05 9.98654E-05 9.98654E-05 9.98654E-05 9.98654E-05 9.98654E-05 9.98654E-05 0.00993364 9.98654E-05 9.98654E-05 0.0228687 9.98654E-05 0.9657 9.98654E-05 9.98654E-05
9.9865E-05 9.9865E-05 9.9865E-05 0.000489407 0.95905 9.9865E-05 9.9865E-05 9.9865E-05 9.9865E-05 9.9865E-05 9.9865E-05 9.9865E-05 0.0389631 9.9865E-05 9.9865E-05 9.9865E-05 9.9865E-05 9.9865E-05
9.98742E-05 9.98742E-05 9.98742E-05 9.98742E-05 0.930071 9.98742E-05 9.98742E-05 9.98742E-05 9.98742E-05 0.0499996 9.98742E-05 9.98742E-05 0.00118727 9.98742E-05 9.98742E-05 9.98742E-05 0.0173438 9.98742E-05
9.9892E-05 0.071012 9.9892E-05 9.9892E-05 9.9892E-05 0.683101 9.9892E-05 9.9892E-05 9.9892E-05 0.00229492 9.9892E-05 9.9892E-05 9.9892E-05 0.0322453 0.129559 0.0805887 9.9892E-05 9.9892E-05
9.98561E-05 0.0346177 9.98561E-05 9.98561E-05 9.98561E-05 9.98561E-05 0.963785 9.98561E-05 9.98561E-05 9.98561E-05 9.98561E-05 9.98561E-05 9.98561E-05 9.98561E-05 9.98561E-05 9.98561E-05 9.98561E-05 9.98561E-05
9.98917E-05 0.0649273 9.98917E-05 0.0176227 9.98917E-05 0.0196492 9.98917E-05 9.98917E-05 9.98917E-05 0.0971419 9.98917E-05 0.00315783 0.796302 9.98917E-05 9.98917E-05 9.98917E-05 9.98917E-05 9.98917E-05
9.9856E-05 9.9856E-05 9.9856E-05 9.9856E-05 9.9856E-05 9.9856E-05 9.9856E-05 0.0424992 9.9856E-05 9.9856E-05 9.9856E-05 9.9856E-05 9.9856E-05 9.9856E-05 9.9856E-05 9.9856E-05 9.9856E-05 0.955903
9.98829E-05 0.448938 9.98829E-05 9.98829E-05 9.98829E-05 0.301232 0.0266787 9.98829E-05 9.98829E-05 9.98829E-05 9.98829E-05 9.98829E-05 9.98829E-05 9.98829E-05 0.185118 9.98829E-05 0.0367343 9.98829E-05
9.98469E-05 9.98469E-05 9.98469E-05 9.98469E-05 9.98469E-05 9.98469E-05 9.98469E-05 9.98469E-05 9.98469E-05 9.98469E-05 9.98469E-05 9.98469E-05 0.998303 9.98469E-05 9.98469E-05 9.98469E-05 9.98469E-05 9.98469E-05
9.99009E-05 0.0220166 9.99009E-05 9.99009E-05 9.99009E-05 0.21 0.0228759 9.99009E-05 9.99009E-05 0.283942 9.99009E-05 9.99009E-05 9.99009E-05 9.99009E-05 0.00606193 0.0616564 0.392348 9.99009E-05
9.9883E-05 0.0510599 9.9883E-05 9.9883E-05 9.9883E-05 9.9883E-05 0.198416 0.0908139 9.9883E-05 9.9883E-05 9.9883E-05 9.9883E-05 0.359028 0.299383 9.9883E-05 9.9883E-05 9.9883E-05 9.9883E-05
9.98649E-05 9.98649E-05 9.98649E-05 9.98649E-05 9.98649E-05 9.98649E-05 9.98649E-05 9.98649E-05 9.98649E-05 9.98649E-05 9.98649E-05 9.98649E-05 0.16843 0.100738 9.98649E-05 9.98649E-05 9.98649E-05 0.729334
0.0157362 9.98653E-05 9.98653E-05 9.98653E-05 0.423177 9.98653E-05 9.98653E-05 9.98653E-05 0.559589 9.98653E-05 9.98653E-05 9.98653E-05 9.98653E-05 9.98653E-05 9.98653E-05 9.98653E-05 9.98653E-05 9.98653E-05
9.98562E-05 9.98562E-05 9.98562E-05 9.98562E-05 0.869163 9.98562E-05 9.98562E-05 9.98562E-05 0.129239 9.98562E-05 9.98562E-05 9.98562E-05 9.98562E-05 9.98562E-05 9.98562E-05 9.98562E-05 9.98562E-05 9.98562E-05
9.98828E-05 0.0459133 9.98828E-05 9.98828E-05 9.98828E-05 9.98828E-05 0.0474736 0.0638076 9.98828E-05 9.98828E-05 9.98828E-05 9.98828E-05 9.98828E-05 9.98828E-05 9.98828E-05 0.803948 0.0375594 9.98828E-05
9.98562E-05 9.98562E-05 9.98562E-05 9.98562E-05 9.98562E-05 9.98562E-05 9.98562E-05 9.98562E-05 0.997376 9.98562E-05 9.98562E-05 9.98562E-05 9.98562E-05 9.98562E-05 0.00102608 9.98562E-05 9.98562E-05 9.98562E-05
9.98562E-05 9.98562E-05 9.98562E-05 9.98562E-05 9.98562E-05 9.98562E-05 9.98562E-05 9.98562E-05 0.998252 9.98562E-05 9.98562E-05 9.98562E-05 9.98562E-05 9.98562E-05 9.98562E-05 0.000150665 9.98562E-05 9.98562E-05
9.99012E-05 9.99012E-05 9.99012E-05 9.99012E-05 0.232663 9.99012E-05 0.0122224 9.99012E-05 0.1925 9.99012E-05 0.435305 0.108866 9.99012E-05 9.99012E-05 9.99012E-05 9.99012E-05 0.00550784 0.0118372
9.98738E-05 9.98738E-05 9.98738E-05 9.98738E-05 0.161592 9.98738E-05 9.98738E-05 9.98738E-05 9.98738E-05 9.98738E-05 0.830586 0.00400007 9.98738E-05 9.98738E-05 0.00242324 9.98738E-05 9.98738E-05 9.98738E-05
9.98474E-05 9.98474E-05 9.98474E-05 0.998303 9.98474E-05 9.98474E-05 9.98474E-05 9.98474E-05 9.98474E-05 9.98474E-05 9.98474E-05 9.98474E-05 9.98474E-05 9.98474E-05 9.98474E-05 9.98474E-05 9.98474E-05 9.98474E-05
0.19255 9.98922E-05 9.98922E-05 9.98922E-05 0.59336 0.0140766 0.00628508 9.98922E-05 0.184337 9.98922E-05 0.00819239 9.98922E-05 9.98922E-05 9.98922E-05 9.98922E-05 9.98922E-05 9.98922E-05 9.98922E-05
0.232602 0.0158417 0.00631405 0.0510566 9.99017E-05 9.99017E-05 9.99017E-05 9.99017E-05 9.99017E-05 9.99017E-05 0.0210511 0.66517 9.99017E-05 9.99017E-05 9.99017E-05 9.99017E-05 0.00686489 9.99017E-05
0.020108 9.99007E-05 9.99007E-05 9.99007E-05 9.99007E-05 9.99007E-05 0.224915 0.0873129 9.99007E-05 0.0870771 0.0167342 9.99007E-05 9.99007E-05 0.0753847 9.99007E-05 0.487369 9.99007E-05 9.99007E-05
0.0179618 9.98918E-05 0.0241543 9.98918E-05 0.483265 9.98918E-05 9.98918E-05 9.98918E-05 0.449728 9.98918E-05 0.0143867 9.98918E-05 9.98918E-05 9.98918E-05 0.00930553 9.98918E-05 9.98918E-05 9.98918E-05
0.0280955 9.98741E-05 9.98741E-05 9.98741E-05 0.022301 9.98741E-05 9.98741E-05 9.98741E-05 9.98741E-05 9.98741E-05 9.98741E-05 9.98741E-05 9.98741E-05 0.000462969 9.98741E-05 9.98741E-05 0.947742 9.98741E-05
0.0311077 0.62094 9.99009E-05 0.177011 9.99009E-05 9.99009E-05 0.041398 9.99009E-05 9.99009E-05 0.0473656 9.99009E-05 9.99009E-05 9.99009E-05 9.99009E-05 9.99009E-05 9.99009E-05 0.0677129 0.0133654
0.0110558 9.98561E-05 9.98561E-05 9.98561E-05 9.98561E-05 9.98561E-05 0.987347 9.98561E-05 9.98561E-05 9.98561E-05 9.98561E-05 9.98561E-05 9.98561E-05 9.98561E-05 9.98561E-05 9.98561E-05 9.98561E-05 9.98561E-05
9.98561E-05 9.98561E-05 9.98561E-05 9.98561E-05 9.98561E-05 9.98561E-05 0.0146836 9.98561E-05 9.98561E-05 0.983719 9.98561E-05 9.98561E-05 9.98561E-05 9.98561E-05 9.98561E-05 9.98561E-05 9.98561E-05 9.98561E-05
9.98471E-05 9.98471E-05 9.98471E-05 9.98471E-05 9.98471E-05 9.98471E-05 9.98471E-05 9.98471E-05 9.98471E-05 0.998303 9.98471E-05 9.98471E-05 9.98471E-05 9.98471E-05 9.98471E-05 9.98471E-05 9.98471E-05 9.98471E-05
9.99009E-05 0.825308 9.99009E-05 9.99009E-05 9.99009E-05 9.99009E-05 0.0222951 9.99009E-05 9.99009E-05 0.0535458 9.99009E-05 9.99009E-05 9.99009E-05 0.0214193 0.000864969 9.99009E-05 0.0610785 0.0143897
9.99009E-05 0.0130088 0.0889151 9.99009E-05 9.99009E-05 0.76236 9.99009E-05 9.99009E-05 9.99009E-05 0.0210536 9.99009E-05 9.99009E-05 9.99009E-05 9.99009E-05 9.99009E-05 0.0604385 0.0354114 0.0177138
9.9883E-05 0.881289 9.9883E-05 9.9883E-05 9.9883E-05 9.9883E-05 9.9883E-05 9.9883E-05 9.9883E-05 9.9883E-05 9.9883E-05 9.9883E-05 9.9883E-05 0.0336425 0.0698731 0.00576821 0.00812857 9.9883E-05
9.99188E-05 0.215311 9.99188E-05 0.0424966 9.99188E-05 0.021559 9.99188E-05 0.041843 9.99188E-05 0.126208 9.99188E-05 9.99188E-05 0.0465641 0.384205 9.99188E-05 0.108401 0.012512 9.99188E-05
0.00115135 0.245383 9.99279E-05 0.0132915 0.0147504 0.140812 9.99279E-05 9.99279E-05 9.99279E-05 0.147824 0.0155163 0.00219458 9.99279E-05 0.333367 9.99279E-05 9.99279E-05 0.0849107 9.99279E-05
9.99279E-05 0.0884473 0.050518 9.99279E-05 0.019109 9.99279E-05 0.0784175 9.99279E-05 0.0247234 9.99279E-05 0.0447649 0.00958735 9.99279E-05 0.435447 9.99279E-05 0.0480445 0.200142 9.99279E-05
9.98659E-05 9.98659E-05 9.98659E-05 0.00461855 9.98659E-05 9.98659E-05 9.98659E-05 9.98659E-05 9.98659E-05 9.98659E-05 9.98659E-05 9.98659E-05 9.98659E-05 9.98659E-05 9.98659E-05 9.98659E-05 0.981614 0.0122692
9.98472E-05 9.98472E-05 9.98472E-05 9.98472E-05 9.98472E-05 9.98472E-05 9.98472E-05 9.98472E-05 9.98472E-05 9.98472E-05 9.98472E-05 0.998303 9.98472E-05 9.98472E-05 9.98472E-05 9.98472E-05 9.98472E-05 9.98472E-05
0.0021908 9.98652E-05 9.98652E-05 9.98652E-05 9.98652E-05 9.98652E-05 9.98652E-05 9.98652E-05 9.98652E-05 9.98652E-05 9.98652E-05 0.989405 9.98652E-05 0.0069058 9.98652E-05 9.98652E-05 9.98652E-05 9.98652E-05
9.98742E-05 0.0047268 9.98742E-05 9.98742E-05 9.98742E-05 9.98742E-05 9.98742E-05 9.98742E-05 0.011512 9.98742E-05 9.98742E-05 0.979201 9.98742E-05 9.98742E-05 0.00316155 9.98742E-05 9.98742E-05 9.98742E-05
9.98473E-05 9.98473E-05 9.98473E-05 9.98473E-05 9.98473E-05 9.98473E-05 9.98473E-05 9.98473E-05 9.98473E-05 9.98473E-05 9.98473E-05 0.998303 9.98473E-05 9.98473E-05 9.98473E-05 9.98473E-05 9.98473E-05 9.98473E-05
9.98474E-05 9.98474E-05 9.98474E-05 9.98474E-05 9.98474E-05 9.98474E-05 9.98474E-05 9.98474E-05 9.98474E-05 9.98474E-05 9.98474E-05 0.998303 9.98474E-05 9.98474E-05 9.98474E-05 9.98474E-05 9.98474E-05 9.98474E-05
0.102127 9.99013E-05 9.99013E-05 0.106103 9.99013E-05 0.0980861 9.99013E-05 9.99013E-05 9.99013E-05 0.00925171 0.389752 0.285586 9.99013E-05 9.99013E-05 9.99013E-05 9.99013E-05 0.00799492 9.99013E-05
9.98742E-05 9.98742E-05 9.98742E-05 0.0415377 9.98742E-05 0.0140251 9.98742E-05 9.98742E-05 9.98742E-05 9.98742E-05 9.98742E-05 0.939094 9.98742E-05 9.98742E-05 0.00394523 9.98742E-05 9.98742E-05 9.98742E-05
9.98647E-05 9.98647E-05 9.98647E-05 9.98647E-05 9.98647E-05 0.129842 9.98647E-05 9.98647E-05 9.98647E-05 9.98647E-05 9.98647E-05 9.98647E-05 9.98647E-05 9.98647E-05 0.129613 9.98647E-05 0.739048 9.98647E-05
9.98829E-05 9.98829E-05 0.0645507 0.854931 9.98829E-05 9.98829E-05 9.98829E-05 9.98829E-05 0.0370084 9.98829E-05 9.98829E-05 0.0392344 9.98829E-05 9.98829E-05 0.00297661 9.98829E-05 9.98829E-05 9.98829E-05
9.98829E-05 9.98829E-05 9.98829E-05 9.98829E-05 0.65496 9.98829E-05 0.0135822 9.98829E-05 0.320948 0.00403085 9.98829E-05 9.98829E-05 9.98829E-05 9.98829E-05 0.00518009 9.98829E-05 9.98829E-05 9.98829E-05
9.98831E-05 9.98831E-05 9.98831E-05 9.98831E-05 9.98831E-05 9.98831E-05 9.98831E-05 9.98831E-05 9.98831E-05 0.1155 9.98831E-05 0.00047518 9.98831E-05 9.98831E-05 0.0528491 0.823313 0.00656485 9.98831E-05
9.98743E-05 9.98743E-05 9.98743E-05 9.98743E-05 9.98743E-05 0.88169 9.98743E-05 9.98743E-05 9.98743E-05 9.98743E-05 9.98743E-05 9.98743E-05 9.98743E-05 0.0463329 0.0435073 0.0270718 9.98743E-05 9.98743E-05
0.0146726 9.98655E-05 0.000517084 9.98655E-05 9.98655E-05 9.98655E-05 9.98655E-05 9.98655E-05 9.98655E-05 9.98655E-05 9.98655E-05 9.98655E-05 9.98655E-05 9.98655E-05 9.98655E-05 0.983312 9.98655E-05 9.98655E-05
9.98559E-05 0.134126 9.98559E-05 9.98559E-05 9.98559E-05 9.98559E-05 9.98559E-05 9.98559E-05 9.98559E-05 9.98559E-05 9.98559E-05 9.98559E-05 9.98559E-05 9.98559E-05 9.98559E-05 0.864276 9.98559E-05 9.98559E-05
9.98602E-05 0.133668 9.98602E-05 9.98602E-05 9.98602E-05 9.98602E-05 9.98602E-05 0.0249734 9.98602E-05 9.98602E-05 9.98602E-05 9.98602E-05 9.98602E-05 9.98602E-05 0.0536284 0.786332 9.98602E-05 9.98602E-05
9.98652E-05 9.98652E-05 9.98652E-05 0.0117632 9.98652E-05 9.98652E-05 9.98652E-05 9.98652E-05 9.98652E-05 9.98652E-05 9.98652E-05 9.98652E-05 9.98652E-05 9.98652E-05 9.98652E-05 9.98652E-05 0.0241395 0.962599
9.98568E-05 9.98568E-05 9.98568E-05 9.98568E-05 0.351958 9.98568E-05 9.98568E-05 9.98568E-05 0.646445 9.98568E-05 9.98568E-05 9.98568E-05 9.98568E-05 9.98568E-05 9.98568E-05 9.98568E-05 9.98568E-05 9.98568E-05
9.99102E-05 0.16011 0.058456 0.0586563 0.296253 0.161273 0.156784 0.0400676 9.99102E-05 9.99102E-05 9.99102E-05 9.99102E-05 9.99102E-05 9.99102E-05 9.99102E-05 9.99102E-05 9.99102E-05 0.0674016
0.0993782 9.98744E-05 9.98744E-05 9.98744E-05 0.843267 9.98744E-05 9.98744E-05 9.98744E-05 0.0545068 9.98744E-05 9.98744E-05 0.00145013 9.98744E-05 9.98744E-05 9.98744E-05 9.98744E-05 9.98744E-05 9.98744E-05
9.9892E-05 9.9892E-05 0.0310019 9.9892E-05 0.757963 9.9892E-05 0.0288198 9.9892E-05 0.133135 9.9892E-05 0.0261819 0.0216998 9.9892E-05 9.9892E-05 9.9892E-05 9.9892E-05 9.9892E-05 9.9892E-05
9.98562E-05 9.98562E-05 9.98562E-05 9.98562E-05 9.98562E-05 0.0307316 9.98562E-05 9.98562E-05 0.967671 9.98562E-05 9.98562E-05 9.98562E-05 9.98562E-05 9.98562E-05 9.98562E-05 9.98562E-05 9.98562E-05 9.98562E-05
9.98563E-05 9.98563E-05 9.98563E-05 9.98563E-05 9.98563E-05 9.98563E-05 9.98563E-05 9.98563E-05 0.997999 9.98563E-05 9.98563E-05 9.98563E-05 0.000403567 9.98563E-05 9.98563E-05 9.98563E-05 9.98563E-05 9.98563E-05
0.00231909 9.98921E-05 0.0463397 9.98921E-05 0.692941 9.98921E-05 9.98921E-05 9.98921E-05 0.0733697 9.98921E-05 0.148957 9.98921E-05 9.98921E-05 9.98921E-05 9.98921E-05 9.98921E-05 0.034875 9.98921E-05
9.98739E-05 9.98739E-05 9.98739E-05 9.98739E-05 0.566923 9.98739E-05 0.0139591 9.98739E-05 0.394659 9.98739E-05 9.98739E-05 9.98739E-05 9.98739E-05 9.98739E-05 0.0230606 9.98739E-05 9.98739E-05 9.98739E-05
0.922038 9.98649E-05 9.98649E-05 9.98649E-05 9.98649E-05 9.98649E-05 9.98649E-05 9.98649E-05 9.98649E-05 9.98649E-05 0.00197065 0.074493 9.98649E-05 9.98649E-05 9.98649E-05 9.98649E-05 9.98649E-05 9.98649E-05
0.985583 9.9856E-05 9.9856E-05 9.9856E-05 9.9856E-05 9.9856E-05 9.9856E-05 9.9856E-05 9.9856E-05 9.9856E-05 9.9856E-05 9.9856E-05 9.9856E-05 9.9856E-05 9.9856E-05 0.0128191 9.9856E-05 9.9856E-05
9.98742E-05 9.98742E-05 9.98742E-05 9.98742E-05 0.836973 0.03884 9.98742E-05 9.98742E-05 0.110096 9.98742E-05 9.98742E-05 0.0126927 9.98742E-05 9.98742E-05 9.98742E-05 9.98742E-05 9.98742E-05 9.98742E-05
9.98561E-05 9.98561E-05 9.98561E-05 0.00340389 9.98561E-05 0.994998 9.98561E-05 9.98561E-05 9.98561E-05 9.98561E-05 9.98561E-05 9.98561E-05 9.98561E-05 9.98561E-05 9.98561E-05 9.98561E-05 9.98561E-05 9.98561E-05
9.9856E-05 9.9856E-05 9.9856E-05 9.9856E-05 9.9856E-05 0.970095 9.9856E-05 9.9856E-05 9.9856E-05 9.9856E-05 9.9856E-05 0.0283076 9.9856E-05 9.9856E-05 9.9856E-05 9.9856E-05 9.9856E-05 9.9856E-05
9.98832E-05 0.000645344 9.98832E-05 9.98832E-05 9.98832E-05 9.98832E-05 9.98832E-05 0.980623 9.98832E-05 0.000203352 9.98832E-05 9.98832E-05 9.98832E-05 9.98832E-05 0.0124811 9.98832E-05 0.00474869 9.98832E-05
9.98563E-05 9.98563E-05 9.98563E-05 9.98563E-05 9.98563E-05 9.98563E-05 9.98563E-05 0.981097 9.98563E-05 9.98563E-05 9.98563E-05 9.98563E-05 9.98563E-05 9.98563E-05 9.98563E-05 0.0173058 9.98563E-05 9.98563E-05
9.98919E-05 0.71522 9.98919E-05 0.0481048 9.98919E-05 0.0243817 9.98919E-05 9.98919E-05 0.0262424 0.142031 9.98919E-05 9.98919E-05 9.98919E-05 9.98919E-05 9.98919E-05 0.0428216 9.98919E-05 9.98919E-05
9.98919E-05 0.721359 9.98919E-05 0.0443467 9.98919E-05 0.034962 9.98919E-05 9.98919E-05 9.98919E-05 0.101347 9.98919E-05 9.98919E-05 9.98919E-05 9.98919E-05 9.98919E-05 0.0642459 0.0325403 9.98919E-05
0.019842 9.98653E-05 9.98653E-05 9.98653E-05 9.98653E-05 0.0144554 9.98653E-05 0.964205 9.98653E-05 9.98653E-05 9.98653E-05 9.98653E-05 9.98653E-05 9.98653E-05 9.98653E-05 9.98653E-05 9.98653E-05 9.98653E-05
9.98473E-05 9.98473E-05 9.98473E-05 9.98473E-05 9.98473E-05 9.98473E-05 9.98473E-05 0.998303 9.98473E-05 9.98473E-05 9.98473E-05 9.98473E-05 9.98473E-05 9.98473E-05 9.98473E-05 9.98473E-05 9.98473E-05 9.98473E-05
9.98829E-05 9.98829E-05 0.0140269 9.98829E-05 9.98829E-05 9.98829E-05 9.98829E-05 9.98829E-05 9.98829E-05 9.98829E-05 9.98829E-05 0.0224952 9.98829E-05 9.98829E-05 0.00897642 0.00225503 0.950948 9.98829E-05
9.9874E-05 9.9874E-05 0.101626 9.9874E-05 9.9874E-05 9.9874E-05 9.9874E-05 9.9874E-05 9.9874E-05 0.766167 9.9874E-05 9.9874E-05 9.9874E-05 9.9874E-05 9.9874E-05 0.108147 9.9874E-05 0.0226615
9.9874E-05 9.9874E-05 0.0505508 0.926094 9.9874E-05 9.9874E-05 9.9874E-05 9.9874E-05 9.9874E-05 9.9874E-05 9.9874E-05 0.0166064 9.9874E-05 0.0053506 9.9874E-05 9.9874E-05 9.9874E-05 9.9874E-05
9.98467E-05 9.98467E-05 9.98467E-05 9.98467E-05 9.98467E-05 9.98467E-05 9.98467E-05 9.98467E-05 9.98467E-05 9.98467E-05 9.98467E-05 9.98467E-05 9.98467E-05 0.998303 9.98467E-05 9.98467E-05 9.98467E-05 9.98467E-05
9.98471E-05 9.98471E-05 9.98471E-05 9.98471E-05 9.98471E-05 9.98471E-05 9.98471E-05 9.98471E-05 9.98471E-05 9.98471E-05 9.98471E-05 9.98471E-05 9.98471E-05 9.98471E-05 0.998303 9.98471E-05 9.98471E-05 9.98471E-05
9.9847E-05 9.9847E-05 9.9847E-05 9.9847E-05 9.9847E-05 9.9847E-05 9.9847E-05 9.9847E-05 9.9847E-05 9.9847E-05 0.998303 9.9847E-05 9.9847E-05 9.9847E-05 9.9847E-05 9.9847E-05 9.9847E-05 9.9847E-05
