9.98828E-05 9.98828E-05 9.98828E-05 9.98828E-05 0.00616429 9.98828E-05 9.98828E-05 9.98828E-05 9.98828E-05 9.98828E-05 0.0307723 0.00113079 9.98828E-05 0.023556 9.98828E-05 9.98828E-05 0.937078 9.98828E-05
9.98919E-05 9.98919E-05 0.00701181 0.635254 0.193751 9.98919E-05 0.0663504 9.98919E-05 9.98919E-05 9.98919E-05 9.98919E-05 9.98919E-05 0.0542383 9.98919E-05 0.0421963 9.98919E-05 9.98919E-05 9.98919E-05
9.98471E-05 9.98471E-05 9.98471E-05 9.98471E-05 9.98471E-05 9.98471E-05 9.98471E-05 9.98471E-05 9.98471E-05 9.98471E-05 9.98471E-05 9.98471E-05 9.98471E-05 9.98471E-05 9.98471E-05 9.98471E-05 9.98471E-05 0.998303
9.98921E-05 9.98921E-05 9.98921E-05 9.98921E-05 9.98921E-05 9.98921E-05 0.883087 0.0196529 9.98921E-05 9.98921E-05 0.00797539 0.0331927 9.98921E-05 9.98921E-05 0.00133871 9.98921E-05 9.98921E-05 0.0535545
9.98471E-05 9.98471E-05 9.98471E-05 9.98471E-05 9.98471E-05 9.98471E-05 9.98471E-05 9.98471E-05 9.98471E-05 9.98471E-05 9.98471E-05 9.98471E-05 0.998303 9.98471E-05 9.98471E-05 9.98471E-05 9.98471E-05 9.98471E-05
9.98921E-05 9.98921E-05 9.98921E-05 9.98921E-05 0.0181932 0.0181491 0.891878 0.00938079 9.98921E-05 9.98921E-05 9.98921E-05 9.98921E-05 0.0524955 9.98921E-05 9.98921E-05 9.98921E-05 9.98921E-05 0.00870515
0.998303 9.98473E-05 9.98473E-05 9.98473E-05 9.98473E-05 9.98473E-05 9.98473E-05 9.98473E-05 9.98473E-05 9.98473E-05 9.98473E-05 9.98473E-05 9.98473E-05 9.98473E-05 9.98473E-05 9.98473E-05 9.98473E-05 9.98473E-05
9.99099E-05 0.0797944 0.331457 0.118656 9.99099E-05 9.99099E-05 0.0266523 0.2697 9.99099E-05 9.99099E-05 9.99099E-05 9.99099E-05 0.0574321 0.0843682 9.99099E-05 9.99099E-05 9.99099E-05 0.0309406
0.941457 0.0182552 9.98651E-05 0.0387898 9.98651E-05 9.98651E-05 9.98651E-05 9.98651E-05 9.98651E-05 9.98651E-05 9.98651E-05 9.98651E-05 9.98651E-05 9.98651E-05 9.98651E-05 9.98651E-05 9.98651E-05 9.98651E-05
0.0770438 9.9865E-05 9.9865E-05 9.9865E-05 9.9865E-05 9.9865E-05 9.9865E-05 9.9865E-05 9.9865E-05 9.9865E-05 9.9865E-05 9.9865E-05 0.0919549 0.829503 9.9865E-05 9.9865E-05 9.9865E-05 9.9865E-05
0.0771777 9.98651E-05 9.98651E-05 9.98651E-05 9.98651E-05 9.98651E-05 9.98651E-05 9.98651E-05 9.98651E-05 9.98651E-05 9.98651E-05 9.98651E-05 0.0483483 0.872976 9.98651E-05 9.98651E-05 9.98651E-05 9.98651E-05
9.991E-05 9.991E-05 0.0243651 9.991E-05 9.991E-05 0.0447383 0.00125766 9.991E-05 9.991E-05 0.00288634 9.991E-05 0.0968393 9.991E-05 9.991E-05 9.991E-05 0.152818 0.643661 0.0324359
9.98564E-05 9.98564E-05 0.0334458 9.98564E-05 9.98564E-05 9.98564E-05 9.98564E-05 9.98564E-05 9.98564E-05 9.98564E-05 9.98564E-05 9.98564E-05 9.98564E-05 9.98564E-05 9.98564E-05 0.964957 9.98564E-05 9.98564E-05
9.99011E-05 9.99011E-05 9.99011E-05 9.99011E-05 0.0164261 0.00546545 0.885145 9.99011E-05 0.0110777 9.99011E-05 9.99011E-05 9.99011E-05 0.00658461 9.99011E-05 0.0355946 9.99011E-05 9.99011E-05 0.0386076
9.98742E-05 9.98742E-05 9.98742E-05 9.98742E-05 0.0438862 9.98742E-05 0.884468 9.98742E-05 9.98742E-05 9.98742E-05 0.0108556 9.98742E-05 0.0593924 9.98742E-05 9.98742E-05 9.98742E-05 9.98742E-05 9.98742E-05
9.98739E-05 9.98739E-05 9.98739E-05 9.98739E-05 9.98739E-05 0.113525 9.98739E-05 9.98739E-05 9.98739E-05 0.74927 9.98739E-05 9.98739E-05 9.98739E-05 0.0134059 9.98739E-05 0.122401 9.98739E-05 9.98739E-05
9.9865E-05 9.9865E-05 9.9865E-05 9.9865E-05 9.9865E-05 9.9865E-05 9.9865E-05 9.9865E-05 9.9865E-05 9.9865E-05 0.0141396 9.9865E-05 9.9865E-05 0.0773375 0.907025 9.9865E-05 9.9865E-05 9.9865E-05
0.00261061 0.0027127 9.99009E-05 0.0713708 0.136929 9.99009E-05 9.99009E-05 9.99009E-05 0.692722 9.99009E-05 9.99009E-05 9.99009E-05 9.99009E-05 0.0611843 9.99009E-05 9.99009E-05 9.99009E-05 0.0313715
9.98561E-05 9.98561E-05 9.98561E-05 9.98561E-05 9.98561E-05 9.98561E-05 9.98561E-05 9.98561E-05 0.897985 9.98561E-05 9.98561E-05 0.100418 9.98561E-05 9.98561E-05 9.98561E-05 9.98561E-05 9.98561E-05 9.98561E-05
9.98919E-05 9.98919E-05 9.98919E-05 9.98919E-05 9.98919E-05 0.160157 9.98919E-05 9.98919E-05 9.98919E-05 0.338689 9.98919E-05 0.00905454 9.98919E-05 0.388203 0.0124451 9.98919E-05 0.0902519 9.98919E-05
9.98561E-05 9.98561E-05 9.98561E-05 9.98561E-05 9.98561E-05 9.98561E-05 9.98561E-05 9.98561E-05 0.973657 9.98561E-05 0.0247452 9.98561E-05 9.98561E-05 9.98561E-05 9.98561E-05 9.98561E-05 9.98561E-05 9.98561E-05
9.98829E-05 9.98829E-05 9.98829E-05 9.98829E-05 0.274801 9.98829E-05 9.98829E-05 9.98829E-05 9.98829E-05 0.156426 9.98829E-05 9.98829E-05 9.98829E-05 9.98829E-05 0.0218196 0.0970855 0.448569 9.98829E-05
9.98468E-05 9.98468E-05 9.98468E-05 9.98468E-05 9.98468E-05 9.98468E-05 9.98468E-05 9.98468E-05 9.98468E-05 9.98468E-05 0.998303 9.98468E-05 9.98468E-05 9.98468E-05 9.98468E-05 9.98468E-05 9.98468E-05 9.98468E-05
9.9856E-05 9.9856E-05 9.9856E-05 9.9856E-05 9.9856E-05 9.9856E-05 9.9856E-05 9.9856E-05 0.792769 9.9856E-05 0.205633 9.9856E-05 9.9856E-05 9.9856E-05 9.9856E-05 9.9856E-05 9.9856E-05 9.9856E-05
9.98744E-05 0.0167987 0.0105436 9.98744E-05 9.98744E-05 9.98744E-05 0.959617 9.98744E-05 9.98744E-05 9.98744E-05 9.98744E-05 9.98744E-05 9.98744E-05 9.98744E-05 9.98744E-05 9.98744E-05 9.98744E-05 0.0116421
9.98475E-05 9.98475E-05 9.98475E-05 9.98475E-05 9.98475E-05 9.98475E-05 0.998303 9.98475E-05 9.98475E-05 9.98475E-05 9.98475E-05 9.98475E-05 9.98475E-05 9.98475E-05 9.98475E-05 9.98475E-05 9.98475E-05 9.98475E-05
9.98702E-05 9.98702E-05 9.98702E-05 9.98702E-05 9.98702E-05 9.98702E-05 9.98702E-05 9.98702E-05 9.98702E-05 9.98702E-05 9.98702E-05 0.0302136 9.98702E-05 0.0844733 0.0531642 0.764462 0.0663886 9.98702E-05
0.0251816 0.0454581 9.9883E-05 9.9883E-05 9.9883E-05 9.9883E-05 0.856679 0.0698853 9.9883E-05 9.9883E-05 9.9883E-05 9.9883E-05 9.9883E-05 9.9883E-05 9.9883E-05 0.00149709 9.9883E-05 9.9883E-05
9.98922E-05 0.0590377 9.98922E-05 0.0186871 9.98922E-05 9.98922E-05 0.865851 0.0272422 9.98922E-05 0.0154845 9.98922E-05 9.98922E-05 9.98922E-05 9.98922E-05 9.98922E-05 0.0124992 9.98922E-05 9.98922E-05
9.99102E-05 0.0468917 9.99102E-05 9.99102E-05 0.00947861 0.00118768 0.258428 0.612276 9.99102E-05 9.99102E-05 9.99102E-05 9.99102E-05 0.0369659 9.99102E-05 9.99102E-05 9.99102E-05 0.0162053 0.0175672
9.98648E-05 9.98648E-05 0.0367977 9.98648E-05 9.98648E-05 9.98648E-05 0.0522272 0.909477 9.98648E-05 9.98648E-05 9.98648E-05 9.98648E-05 9.98648E-05 9.98648E-05 9.98648E-05 9.98648E-05 9.98648E-05 9.98648E-05
9.98475E-05 9.98475E-05 9.98475E-05 0.998303 9.98475E-05 9.98475E-05 9.98475E-05 9.98475E-05 9.98475E-05 9.98475E-05 9.98475E-05 9.98475E-05 9.98475E-05 9.98475E-05 9.98475E-05 9.98475E-05 9.98475E-05 9.98475E-05
9.98743E-05 9.98743E-05 0.0807407 9.98743E-05 9.98743E-05 9.98743E-05 0.899568 9.98743E-05 9.98743E-05 9.98743E-05 9.98743E-05 9.98743E-05 0.0162378 9.98743E-05 0.00205488 9.98743E-05 9.98743E-05 9.98743E-05
9.98923E-05 0.736598 0.209459 9.98923E-05 9.98923E-05 9.98923E-05 9.98923E-05 0.0203572 9.98923E-05 9.98923E-05 9.98923E-05 0.00863028 9.98923E-05 9.98923E-05 9.98923E-05 9.98923E-05 0.0140903 0.00966661
9.99097E-05 9.99097E-05 9.99097E-05 9.99097E-05 0.0762858 0.00896918 9.99097E-05 0.0866818 9.99097E-05 9.99097E-05 9.99097E-05 0.0953831 0.0125716 9.99097E-05 0.240886 0.467329 0.0108945 9.99097E-05
9.98739E-05 9.98739E-05 0.0406689 9.98739E-05 9.98739E-05 0.0176105 0.916102 9.98739E-05 9.98739E-05 9.98739E-05 9.98739E-05 9.98739E-05 9.98739E-05 9.98739E-05 0.0242202 9.98739E-05 9.98739E-05 9.98739E-05
9.9874E-05 9.9874E-05 0.0329547 9.9874E-05 9.9874E-05 9.9874E-05 9.9874E-05 9.9874E-05 9.9874E-05 9.9874E-05 9.9874E-05 9.9874E-05 0.0202191 9.9874E-05 9.9874E-05 9.9874E-05 0.923173 0.0222549
9.99008E-05 9.99008E-05 0.0614206 0.194281 0.0887494 9.99008E-05 9.99008E-05 9.99008E-05 9.99008E-05 9.99008E-05 0.0372972 9.99008E-05 9.99008E-05 0.533368 0.0369687 9.99008E-05 0.0468164 9.99008E-05
9.98651E-05 9.98651E-05 0.00293824 9.98651E-05 9.98651E-05 9.98651E-05 0.0124356 9.98651E-05 9.98651E-05 9.98651E-05 9.98651E-05 9.98651E-05 9.98651E-05 9.98651E-05 0.983128 9.98651E-05 9.98651E-05 9.98651E-05
9.98471E-05 9.98471E-05 9.98471E-05 9.98471E-05 0.998303 9.98471E-05 9.98471E-05 9.98471E-05 9.98471E-05 9.98471E-05 9.98471E-05 9.98471E-05 9.98471E-05 9.98471E-05 9.98471E-05 9.98471E-05 9.98471E-05 9.98471E-05
9.9847E-05 9.9847E-05 9.9847E-05 9.9847E-05 0.998303 9.9847E-05 9.9847E-05 9.9847E-05 9.9847E-05 9.9847E-05 9.9847E-05 9.9847E-05 9.9847E-05 9.9847E-05 9.9847E-05 9.9847E-05 9.9847E-05 9.9847E-05
9.9874E-05 9.9874E-05 9.9874E-05 9.9874E-05 0.0824758 9.9874E-05 9.9874E-05 9.9874E-05 9.9874E-05 9.9874E-05 0.0180385 9.9874E-05 9.9874E-05 0.862005 9.9874E-05 9.9874E-05 0.0360822 9.9874E-05
0.0811064 9.9901E-05 9.9901E-05 9.9901E-05 0.069002 9.9901E-05 9.9901E-05 9.9901E-05 0.00605773 0.795807 9.9901E-05 9.9901E-05 9.9901E-05 0.0141168 9.9901E-05 0.0264724 0.00633841 9.9901E-05
9.9883E-05 9.9883E-05 9.9883E-05 9.9883E-05 9.9883E-05 0.0660017 9.9883E-05 0.00674695 9.9883E-05 9.9883E-05 9.9883E-05 9.9883E-05 9.9883E-05 0.911792 0.000707923 9.9883E-05 0.0134533 9.9883E-05
0.00397663 9.99099E-05 9.99099E-05 0.0148807 0.270127 0.141127 9.99099E-05 9.99099E-05 9.99099E-05 9.99099E-05 0.229487 0.0076858 9.99099E-05 0.199554 9.99099E-05 0.132163 9.99099E-05 9.99099E-05
9.99189E-05 9.99189E-05 0.0574084 9.99189E-05 0.199714 0.142326 9.99189E-05 0.036346 0.039536 0.125841 9.99189E-05 9.99189E-05 0.0153932 0.331964 9.99189E-05 9.99189E-05 0.0505717 9.99189E-05
0.00243515 9.99099E-05 9.99099E-05 9.99099E-05 9.99099E-05 0.216216 9.99099E-05 0.143303 9.99099E-05 9.99099E-05 9.99099E-05 9.99099E-05 9.99099E-05 0.238067 0.121094 0.0772081 0.164314 0.0363636
9.98659E-05 9.98659E-05 9.98659E-05 9.98659E-05 9.98659E-05 9.98659E-05 9.98659E-05 9.98659E-05 0.000841284 9.98659E-05 0.0234577 9.98659E-05 9.98659E-05 9.98659E-05 9.98659E-05 9.98659E-05 0.974203 9.98659E-05
9.98472E-05 0.998303 9.98472E-05 9.98472E-05 9.98472E-05 9.98472E-05 9.98472E-05 9.98472E-05 9.98472E-05 9.98472E-05 9.98472E-05 9.98472E-05 9.98472E-05 9.98472E-05 9.98472E-05 9.98472E-05 9.98472E-05 9.98472E-05
9.98652E-05 0.983846 9.98652E-05 9.98652E-05 0.00600152 9.98652E-05 9.98652E-05 9.98652E-05 0.00865448 9.98652E-05 9.98652E-05 9.98652E-05 9.98652E-05 9.98652E-05 9.98652E-05 9.98652E-05 9.98652E-05 9.98652E-05
9.98563E-05 0.993637 9.98563E-05 9.98563E-05 9.98563E-05 9.98563E-05 0.00476493 9.98563E-05 9.98563E-05 9.98563E-05 9.98563E-05 9.98563E-05 9.98563E-05 9.98563E-05 9.98563E-05 9.98563E-05 9.98563E-05 9.98563E-05
9.98474E-05 0.998303 9.98474E-05 9.98474E-05 9.98474E-05 9.98474E-05 9.98474E-05 9.98474E-05 9.98474E-05 9.98474E-05 9.98474E-05 9.98474E-05 9.98474E-05 9.98474E-05 9.98474E-05 9.98474E-05 9.98474E-05 9.98474E-05
9.98562E-05 0.991478 9.98562E-05 9.98562E-05 9.98562E-05 9.98562E-05 9.98562E-05 0.00692416 9.98562E-05 9.98562E-05 9.98562E-05 9.98562E-05 9.98562E-05 9.98562E-05 9.98562E-05 9.98562E-05 9.98562E-05 9.98562E-05
0.0621031 0.350544 0.0204151 9.99102E-05 9.99102E-05 9.99102E-05 9.99102E-05 0.420467 9.99102E-05 0.0163902 0.0702319 9.99102E-05 9.99102E-05 0.0200378 9.99102E-05 9.99102E-05 9.99102E-05 0.0388126
9.98704E-05 0.909739 9.98704E-05 0.0700534 9.98704E-05 9.98704E-05 9.98704E-05 9.98704E-05 9.98704E-05 0.0187093 9.98704E-05 9.98704E-05 9.98704E-05 9.98704E-05 9.98704E-05 9.98704E-05 9.98704E-05 9.98704E-05
9.98738E-05 9.98738E-05 9.98738E-05 9.98738E-05 9.98738E-05 0.0364648 9.98738E-05 9.98738E-05 9.98738E-05 0.171275 9.98738E-05 9.98738E-05 9.98738E-05 9.98738E-05 9.98738E-05 0.00573687 0.785125 9.98738E-05
0.0190407 0.0327738 9.9874E-05 0.929557 9.9874E-05 9.9874E-05 9.9874E-05 9.9874E-05 9.9874E-05 9.9874E-05 9.9874E-05 9.9874E-05 9.9874E-05 9.9874E-05 9.9874E-05 9.9874E-05 9.9874E-05 0.0172307
9.9865E-05 9.9865E-05 9.9865E-05 9.9865E-05 0.000374482 9.9865E-05 0.96435 9.9865E-05 9.9865E-05 9.9865E-05 9.9865E-05 9.9865E-05 0.0337775 9.9865E-05 9.9865E-05 9.9865E-05 9.9865E-05 9.9865E-05
9.98832E-05 9.98832E-05 9.98832E-05 9.98832E-05 0.11775 9.98832E-05 9.98832E-05 9.98832E-05 9.98832E-05 0.0143367 9.98832E-05 0.0127366 9.98832E-05 9.98832E-05 9.98832E-05 0.850963 0.00291436 9.98832E-05
9.98653E-05 9.98653E-05 9.98653E-05 9.98653E-05 9.98653E-05 0.110668 9.98653E-05 9.98653E-05 9.98653E-05 0.86096 9.98653E-05 9.98653E-05 9.98653E-05 9.98653E-05 9.98653E-05 0.026874 9.98653E-05 9.98653E-05
9.98565E-05 9.98565E-05 0.0181995 9.98565E-05 9.98565E-05 9.98565E-05 9.98565E-05 9.98565E-05 9.98565E-05 9.98565E-05 9.98565E-05 9.98565E-05 9.98565E-05 9.98565E-05 9.98565E-05 0.980203 9.98565E-05 9.98565E-05
9.98649E-05 9.98649E-05 9.98649E-05 9.98649E-05 0.0336175 9.98649E-05 9.98649E-05 9.98649E-05 9.98649E-05 9.98649E-05 9.98649E-05 9.98649E-05 9.98649E-05 0.0824096 9.98649E-05 0.882475 9.98649E-05 9.98649E-05
9.98738E-05 9.98738E-05 9.98738E-05 9.98738E-05 9.98738E-05 0.0563722 9.98738E-05 9.98738E-05 9.98738E-05 9.98738E-05 9.98738E-05 0.0475947 9.98738E-05 0.075828 9.98738E-05 0.818807 9.98738E-05 9.98738E-05
9.98653E-05 9.98653E-05 9.98653E-05 9.98653E-05 9.98653E-05 9.98653E-05 9.98653E-05 9.98653E-05 0.92062 9.98653E-05 9.98653E-05 9.98653E-05 9.98653E-05 0.0171996 9.98653E-05 9.98653E-05 0.0606829 9.98653E-05
0.00522183 9.98747E-05 9.98747E-05 9.98747E-05 9.98747E-05 9.98747E-05 0.984968 9.98747E-05 9.98747E-05 9.98747E-05 9.98747E-05 9.98747E-05 9.98747E-05 0.00216548 9.98747E-05 9.98747E-05 9.98747E-05 0.00624647
9.9955E-05 0.032167 9.9955E-05 0.0321646 9.9955E-05 9.9955E-05 0.163599 0.102757 9.9955E-05 0.0891211 0.112658 0.02628 0.105417 0.0171238 0.00902754 0.0621066 0.238625 0.00845382
9.98654E-05 9.98654E-05 0.0856775 9.98654E-05 9.98654E-05 9.98654E-05 0.765422 9.98654E-05 9.98654E-05 9.98654E-05 9.98654E-05 9.98654E-05 9.98654E-05 9.98654E-05 9.98654E-05 9.98654E-05 9.98654E-05 0.147402
9.9901E-05 0.0205377 9.9901E-05 9.9901E-05 0.0189617 9.9901E-05 0.828319 0.00356497 9.9901E-05 9.9901E-05 9.9901E-05 9.9901E-05 0.106845 9.9901E-05 0.0136703 9.9901E-05 9.9901E-05 0.00700241
9.9892E-05 0.0262246 0.0396866 0.00175347 9.9892E-05 9.9892E-05 0.851834 0.00216842 9.9892E-05 0.077134 9.9892E-05 9.9892E-05 9.9892E-05 9.9892E-05 9.9892E-05 9.9892E-05 9.9892E-05 9.9892E-05
0.00509509 9.98922E-05 0.00587279 0.0359197 9.98922E-05 9.98922E-05 0.90191 0.0227209 9.98922E-05 0.027283 9.98922E-05 9.98922E-05 9.98922E-05 9.98922E-05 9.98922E-05 9.98922E-05 9.98922E-05 9.98922E-05
9.99012E-05 9.99012E-05 0.0189982 9.99012E-05 0.047768 0.0197198 0.710282 0.168502 9.99012E-05 9.99012E-05 9.99012E-05 9.99012E-05 0.0333857 0.00024503 9.99012E-05 9.99012E-05 9.99012E-05 9.99012E-05
9.9874E-05 9.9874E-05 9.9874E-05 9.9874E-05 9.9874E-05 0.00852913 0.934677 9.9874E-05 9.9874E-05 9.9874E-05 9.9874E-05 9.9874E-05 0.0391146 9.9874E-05 0.0162807 9.9874E-05 9.9874E-05 9.9874E-05
9.9865E-05 0.0159463 0.929429 9.9865E-05 9.9865E-05 9.9865E-05 9.9865E-05 9.9865E-05 9.9865E-05 9.9865E-05 9.9865E-05 9.9865E-05 0.0531265 9.9865E-05 9.9865E-05 9.9865E-05 9.9865E-05 9.9865E-05
9.98561E-05 9.98561E-05 0.978322 9.98561E-05 9.98561E-05 9.98561E-05 9.98561E-05 9.98561E-05 9.98561E-05 9.98561E-05 9.98561E-05 9.98561E-05 9.98561E-05 9.98561E-05 9.98561E-05 0.0200806 9.98561E-05 9.98561E-05
9.98922E-05 0.0551094 9.98922E-05 9.98922E-05 9.98922E-05 9.98922E-05 0.854174 9.98922E-05 9.98922E-05 9.98922E-05 0.0220308 0.00737967 9.98922E-05 9.98922E-05 9.98922E-05 9.98922E-05 0.00515942 0.0549479
9.9883E-05 0.00316417 9.9883E-05 9.9883E-05 9.9883E-05 9.9883E-05 0.0077059 9.9883E-05 9.9883E-05 0.947497 0.038861 9.9883E-05 0.00147314 9.9883E-05 9.9883E-05 9.9883E-05 9.9883E-05 9.9883E-05
9.9856E-05 0.0119555 9.9856E-05 9.9856E-05 9.9856E-05 9.9856E-05 9.9856E-05 9.9856E-05 9.9856E-05 0.986447 9.9856E-05 9.9856E-05 9.9856E-05 9.9856E-05 9.9856E-05 9.9856E-05 9.9856E-05 9.9856E-05
9.98474E-05 9.98474E-05 9.98474E-05 9.98474E-05 9.98474E-05 9.98474E-05 9.98474E-05 9.98474E-05 9.98474E-05 9.98474E-05 9.98474E-05 0.998303 9.98474E-05 9.98474E-05 9.98474E-05 9.98474E-05 9.98474E-05 9.98474E-05
9.98474E-05 9.98474E-05 9.98474E-05 9.98474E-05 9.98474E-05 9.98474E-05 9.98474E-05 9.98474E-05 9.98474E-05 9.98474E-05 9.98474E-05 0.998303 9.98474E-05 9.98474E-05 9.98474E-05 9.98474E-05 9.98474E-05 9.98474E-05
9.98919E-05 9.98919E-05 0.00901361 0.0594557 0.131348 9.98919E-05 9.98919E-05 9.98919E-05 9.98919E-05 0.0365496 9.98919E-05 9.98919E-05 9.98919E-05 0.747265 9.98919E-05 0.0151699 9.98919E-05 9.98919E-05
0.00543889 9.99009E-05 0.0115609 0.0487484 0.135697 9.99009E-05 9.99009E-05 9.99009E-05 9.99009E-05 0.0620511 9.99009E-05 9.99009E-05 9.99009E-05 0.676022 9.99009E-05 0.0593824 9.99009E-05 9.99009E-05
9.98904E-05 9.98904E-05 0.00211805 9.98904E-05 9.98904E-05 9.98904E-05 9.98904E-05 9.98904E-05 9.98904E-05 0.0154985 0.00266692 0.963182 9.98904E-05 0.0152364 9.98904E-05 9.98904E-05 9.98904E-05 9.98904E-05
9.98563E-05 9.98563E-05 9.98563E-05 9.98563E-05 0.00772111 9.98563E-05 9.98563E-05 9.98563E-05 9.98563E-05 9.98563E-05 9.98563E-05 0.990681 9.98563E-05 9.98563E-05 9.98563E-05 9.98563E-05 9.98563E-05 9.98563E-05
9.98739E-05 0.000124846 9.98739E-05 9.98739E-05 9.98739E-05 9.98739E-05 9.98739E-05 9.98739E-05 9.98739E-05 0.0156592 9.98739E-05 9.98739E-05 9.98739E-05 9.98739E-05 9.98739E-05 0.041109 0.941709 9.98739E-05
0.133586 9.9883E-05 9.9883E-05 9.9883E-05 0.719042 9.9883E-05 9.9883E-05 9.9883E-05 0.0147725 0.000535508 9.9883E-05 9.9883E-05 9.9883E-05 9.9883E-05 9.9883E-05 0.130766 9.9883E-05 9.9883E-05
0.0630322 0.0330237 9.9865E-05 0.902446 9.9865E-05 9.9865E-05 9.9865E-05 9.9865E-05 9.9865E-05 9.9865E-05 9.9865E-05 9.9865E-05 9.9865E-05 9.9865E-05 9.9865E-05 9.9865E-05 9.9865E-05 9.9865E-05
9.9856E-05 9.9856E-05 9.9856E-05 9.9856E-05 9.9856E-05 0.968479 9.9856E-05 9.9856E-05 9.9856E-05 9.9856E-05 0.0299231 9.9856E-05 9.9856E-05 9.9856E-05 9.9856E-05 9.9856E-05 9.9856E-05 9.9856E-05
9.98831E-05 9.98831E-05 9.98831E-05 9.98831E-05 9.98831E-05 0.838968 9.98831E-05 9.98831E-05 9.98831E-05 0.0320121 9.98831E-05 0.00148943 9.98831E-05 9.98831E-05 0.0693235 9.98831E-05 0.0569087 9.98831E-05
9.9847E-05 9.9847E-05 9.9847E-05 9.9847E-05 9.9847E-05 9.9847E-05 9.9847E-05 0.998303 9.9847E-05 9.9847E-05 9.9847E-05 9.9847E-05 9.9847E-05 9.9847E-05 9.9847E-05 9.9847E-05 9.9847E-05 9.9847E-05
