9.99098E-05 9.99098E-05 9.99098E-05 9.99098E-05 9.99098E-05 9.99098E-05 9.99098E-05 0.0208046 9.99098E-05 0.922707 0.055489 9.99098E-05 9.99098E-05
0.300368 0.0660174 0.41457 9.99369E-05 0.0965902 9.99369E-05 9.99369E-05 9.99369E-05 9.99369E-05 0.0373299 9.99369E-05 0.0844254 9.99369E-05
0.185926 9.99287E-05 9.99287E-05 0.0467683 0.681431 9.99287E-05 9.99287E-05 0.0704632 9.99287E-05 9.99287E-05 9.99287E-05 9.99287E-05 0.0146121
9.99101E-05 0.00288258 9.99101E-05 9.99101E-05 0.967258 9.99101E-05 9.99101E-05 0.0288599 9.99101E-05 9.99101E-05 9.99101E-05 9.99101E-05 9.99101E-05
0.254246 0.0779308 0.201914 9.99551E-05 0.239338 0.00489817 0.0084 9.99551E-05 9.99551E-05 0.00612989 9.99551E-05 0.206643 9.99551E-05
9.99001E-05 9.99001E-05 0.0500594 9.99001E-05 0.936378 9.99001E-05 0.0125634 9.99001E-05 9.99001E-05 9.99001E-05 9.99001E-05 9.99001E-05 9.99001E-05
9.9892E-05 9.9892E-05 9.9892E-05 9.9892E-05 9.9892E-05 9.9892E-05 9.9892E-05 9.9892E-05 9.9892E-05 9.9892E-05 9.9892E-05 0.998801 9.9892E-05
0.800172 0.0660345 9.99369E-05 9.99369E-05 0.0235165 9.99369E-05 9.99369E-05 0.0171519 9.99369E-05 9.99369E-05 0.0907332 0.00169251 9.99369E-05
9.98919E-05 9.98919E-05 9.98919E-05 9.98919E-05 9.98919E-05 9.98919E-05 9.98919E-05 9.98919E-05 9.98919E-05 9.98919E-05 9.98919E-05 0.998801 9.98919E-05
9.99011E-05 9.99011E-05 9.99011E-05 9.99011E-05 9.99011E-05 9.99011E-05 9.99011E-05 9.99011E-05 9.99011E-05 9.99011E-05 0.88523 0.113671 9.99011E-05
9.99011E-05 9.99011E-05 9.99011E-05 9.99011E-05 9.99011E-05 9.99011E-05 9.99011E-05 9.99011E-05 9.99011E-05 9.99011E-05 0.891161 0.107741 9.99011E-05
9.9937E-05 9.9937E-05 9.9937E-05 0.191938 0.0181176 0.0151675 9.9937E-05 0.139036 0.0168756 0.618166 9.9937E-05 9.9937E-05 9.9937E-05
0.0272607 9.99012E-05 9.99012E-05 0.97164 9.99012E-05 9.99012E-05 9.99012E-05 9.99012E-05 9.99012E-05 9.99012E-05 9.99012E-05 9.99012E-05 9.99012E-05
9.99281E-05 9.99281E-05 0.0454793 9.99281E-05 0.943019 0.00821112 9.99281E-05 0.000238196 9.99281E-05 9.99281E-05 9.99281E-05 9.99281E-05 0.00225323
9.99101E-05 9.99101E-05 0.0721046 9.99101E-05 0.913719 9.99101E-05 0.0131777 9.99101E-05 9.99101E-05 9.99101E-05 9.99101E-05 9.99101E-05 9.99101E-05
9.99191E-05 9.99191E-05 9.99191E-05 0.138836 9.99191E-05 0.00324829 9.99191E-05 9.99191E-05 0.855776 9.99191E-05 0.0012409 9.99191E-05 9.99191E-05
9.99009E-05 9.99009E-05 9.99009E-05 9.99009E-05 9.99009E-05 0.92096 9.99009E-05 9.99009E-05 9.99009E-05 9.99009E-05 0.0779406 9.99009E-05 9.99009E-05
9.99369E-05 0.011691 0.12498 9.99369E-05 9.99369E-05 9.99369E-05 0.00131665 9.99369E-05 9.99369E-05 9.99369E-05 0.114339 0.0151044 0.731869
9.9901E-05 9.9901E-05 9.9901E-05 9.9901E-05 9.9901E-05 9.9901E-05 9.9901E-05 0.0817143 9.9901E-05 9.9901E-05 9.9901E-05 9.9901E-05 0.917187
9.99279E-05 9.99279E-05 9.99279E-05 9.99279E-05 9.99279E-05 0.0811057 9.99279E-05 0.0404663 0.327322 0.0802036 0.470103 9.99279E-05 9.99279E-05
9.98921E-05 9.98921E-05 9.98921E-05 9.98921E-05 9.98921E-05 9.98921E-05 9.98921E-05 9.98921E-05 9.98921E-05 9.98921E-05 9.98921E-05 9.98921E-05 0.998801
9.99459E-05 9.99459E-05 0.350166 0.0319033 9.99459E-05 0.0448449 9.99459E-05 0.00818146 0.184683 0.363414 0.0162083 9.99459E-05 9.99459E-05
9.98917E-05 9.98917E-05 9.98917E-05 9.98917E-05 9.98917E-05 9.98917E-05 0.998801 9.98917E-05 9.98917E-05 9.98917E-05 9.98917E-05 9.98917E-05 9.98917E-05
9.99007E-05 9.99007E-05 9.99007E-05 9.99007E-05 9.99007E-05 9.99007E-05 0.354523 9.99007E-05 9.99007E-05 9.99007E-05 9.99007E-05 9.99007E-05 0.644378
9.99012E-05 0.0111887 9.99012E-05 9.99012E-05 0.987712 9.99012E-05 9.99012E-05 9.99012E-05 9.99012E-05 9.99012E-05 9.99012E-05 9.99012E-05 9.99012E-05
9.99013E-05 0.00466425 9.99013E-05 9.99013E-05 0.994237 9.99013E-05 9.99013E-05 9.99013E-05 9.99013E-05 9.99013E-05 9.99013E-05 9.99013E-05 9.99013E-05
9.99368E-05 9.99368E-05 9.99368E-05 0.746685 9.99368E-05 0.0752892 9.99368E-05 0.0371182 0.00131932 0.0147142 0.124175 9.99368E-05 9.99368E-05
0.0128898 0.0554902 9.9919E-05 9.9919E-05 0.922633 9.9919E-05 9.9919E-05 9.9919E-05 9.9919E-05 9.9919E-05 9.9919E-05 0.00808734 9.9919E-05
0.0243679 0.0474294 9.99281E-05 9.99281E-05 0.896468 9.99281E-05 9.99281E-05 9.99281E-05 9.99281E-05 0.00410078 9.99281E-05 0.0268343 9.99281E-05
0.344619 0.111914 0.010618 0.017949 0.488837 9.99461E-05 9.99461E-05 9.99461E-05 9.99461E-05 0.0125713 9.99461E-05 9.99461E-05 0.012892
0.661034 0.033626 9.99278E-05 9.99278E-05 0.243066 0.0573192 9.99278E-05 0.00415555 9.99278E-05 9.99278E-05 9.99278E-05 9.99278E-05 9.99278E-05
0.377735 0.187181 0.0761336 9.99281E-05 9.99281E-05 9.99281E-05 9.99281E-05 9.99281E-05 9.99281E-05 0.193546 9.99281E-05 0.164605 9.99281E-05
0.13351 9.99102E-05 0.0184999 9.99102E-05 0.846991 9.99102E-05 9.99102E-05 9.99102E-05 9.99102E-05 9.99102E-05 9.99102E-05 9.99102E-05 9.99102E-05
0.2864 0.700186 9.99192E-05 9.99192E-05 9.99192E-05 9.99192E-05 9.99192E-05 9.99192E-05 9.99192E-05 0.00670279 0.00581218 9.99192E-05 9.99192E-05
0.0598156 9.99277E-05 0.0638935 0.472919 9.99277E-05 0.316424 9.99277E-05 0.0861484 9.99277E-05 9.99277E-05 9.99277E-05 9.99277E-05 9.99277E-05
9.99189E-05 9.99189E-05 0.0171456 9.99189E-05 0.922654 0.028909 9.99189E-05 9.99189E-05 9.99189E-05 9.99189E-05 9.99189E-05 0.0303919 9.99189E-05
0.0210823 9.99101E-05 9.99101E-05 9.99101E-05 9.99101E-05 0.0191077 9.99101E-05 9.99101E-05 9.99101E-05 0.958811 9.99101E-05 9.99101E-05 9.99101E-05
0.119801 0.0152364 0.141354 9.99459E-05 0.00276655 9.99459E-05 0.0633666 9.99459E-05 9.99459E-05 0.0395953 0.617281 9.99459E-05 9.99459E-05
0.0123885 9.99009E-05 9.99009E-05 9.99009E-05 9.99009E-05 0.986513 9.99009E-05 9.99009E-05 9.99009E-05 9.99009E-05 9.99009E-05 9.99009E-05 9.99009E-05
9.9892E-05 9.9892E-05 0.998801 9.9892E-05 9.9892E-05 9.9892E-05 9.9892E-05 9.9892E-05 9.9892E-05 9.9892E-05 9.9892E-05 9.9892E-05 9.9892E-05
9.99009E-05 9.99009E-05 0.983465 9.99009E-05 9.99009E-05 9.99009E-05 9.99009E-05 9.99009E-05 9.99009E-05 9.99009E-05 0.0154357 9.99009E-05 9.99009E-05
9.99279E-05 9.99279E-05 0.00433544 9.99279E-05 9.99279E-05 0.0392157 9.99279E-05 9.99279E-05 0.0182927 0.0128101 0.924547 9.99279E-05 9.99279E-05
9.9919E-05 9.9919E-05 0.05304 9.9919E-05 9.9919E-05 9.9919E-05 9.9919E-05 9.9919E-05 0.852466 9.9919E-05 9.9919E-05 0.0630235 0.0305713
9.99279E-05 0.00418839 9.99279E-05 9.99279E-05 9.99279E-05 0.0433221 9.99279E-05 9.99279E-05 0.0326994 0.0333641 0.885627 9.99279E-05 9.99279E-05
9.99458E-05 9.99458E-05 0.133153 0.152297 9.99458E-05 9.99458E-05 0.356844 0.0166612 0.0359451 0.0221026 0.282397 9.99458E-05 9.99458E-05
0.0507402 9.9955E-05 0.117407 0.0437123 0.0233572 9.9955E-05 0.165739 9.9955E-05 0.100973 0.0890689 0.408502 9.9955E-05 9.9955E-05
9.9946E-05 0.0195308 9.9946E-05 0.109642 0.105192 0.293796 9.9946E-05 9.9946E-05 9.9946E-05 0.222299 0.188127 0.0608136 9.9946E-05
9.99016E-05 9.99016E-05 9.99016E-05 9.99016E-05 9.99016E-05 9.99016E-05 9.99016E-05 9.99016E-05 9.99016E-05 0.968625 9.99016E-05 9.99016E-05 0.0302765
9.98921E-05 0.998801 9.98921E-05 9.98921E-05 9.98921E-05 9.98921E-05 9.98921E-05 9.98921E-05 9.98921E-05 9.98921E-05 9.98921E-05 9.98921E-05 9.98921E-05
9.991E-05 0.969484 9.991E-05 9.991E-05 9.991E-05 0.0201757 9.991E-05 9.991E-05 9.991E-05 9.991E-05 9.991E-05 9.991E-05 0.00934123
9.98922E-05 0.998801 9.98922E-05 9.98922E-05 9.98922E-05 9.98922E-05 9.98922E-05 9.98922E-05 9.98922E-05 9.98922E-05 9.98922E-05 9.98922E-05 9.98922E-05
9.98922E-05 0.998801 9.98922E-05 9.98922E-05 9.98922E-05 9.98922E-05 9.98922E-05 9.98922E-05 9.98922E-05 9.98922E-05 9.98922E-05 9.98922E-05 9.98922E-05
9.98921E-05 0.998801 9.98921E-05 9.98921E-05 9.98921E-05 9.98921E-05 9.98921E-05 9.98921E-05 9.98921E-05 9.98921E-05 9.98921E-05 9.98921E-05 9.98921E-05
0.402565 0.348777 9.99371E-05 9.99371E-05 0.0280684 9.99371E-05 0.0827389 9.99371E-05 0.124543 9.99371E-05 9.99371E-05 0.0126082 9.99371E-05
0.00372715 0.955723 9.99281E-05 0.00723504 9.99281E-05 9.99281E-05 9.99281E-05 0.0116293 9.99281E-05 0.0208863 9.99281E-05 9.99281E-05 9.99281E-05
9.99009E-05 9.99009E-05 9.99009E-05 9.99009E-05 9.99009E-05 9.99009E-05 9.99009E-05 9.99009E-05 0.193932 0.804969 9.99009E-05 9.99009E-05 9.99009E-05
0.275734 0.22609 0.0967789 9.99458E-05 9.99458E-05 9.99458E-05 9.99458E-05 0.00964685 0.0054292 0.13641 9.99458E-05 0.249311 9.99458E-05
9.99009E-05 9.99009E-05 0.0518551 9.99009E-05 0.947046 9.99009E-05 9.99009E-05 9.99009E-05 9.99009E-05 9.99009E-05 9.99009E-05 9.99009E-05 9.99009E-05
9.9919E-05 9.9919E-05 0.113152 0.791393 9.9919E-05 9.9919E-05 9.9919E-05 0.0471118 0.0474443 9.9919E-05 9.9919E-05 9.9919E-05 9.9919E-05
9.99013E-05 9.99013E-05 9.99013E-05 0.0630143 9.99013E-05 9.99013E-05 9.99013E-05 9.99013E-05 0.935887 9.99013E-05 9.99013E-05 9.99013E-05 9.99013E-05
9.99013E-05 9.99013E-05 9.99013E-05 0.961246 9.99013E-05 9.99013E-05 9.99013E-05 9.99013E-05 9.99013E-05 9.99013E-05 9.99013E-05 0.0376551 9.99013E-05
9.99099E-05 9.99099E-05 0.0123691 0.867092 9.99099E-05 9.99099E-05 9.99099E-05 9.99099E-05 9.99099E-05 9.99099E-05 0.11954 9.99099E-05 9.99099E-05
9.99279E-05 9.99279E-05 0.0125372 0.798769 9.99279E-05 0.0507905 9.99279E-05 0.0656906 9.99279E-05 9.99279E-05 0.0714129 9.99279E-05 9.99279E-05
0.0025773 9.99102E-05 9.99102E-05 9.99102E-05 9.99102E-05 9.99102E-05 9.99102E-05 9.99102E-05 9.99102E-05 0.0399438 9.99102E-05 9.99102E-05 0.95648
9.99194E-05 9.99194E-05 9.99194E-05 9.99194E-05 0.980688 9.99194E-05 9.99194E-05 0.00593737 9.99194E-05 9.99194E-05 0.00459647 0.00787918 9.99194E-05
0.336774 0.0630775 0.107012 0.135116 9.9946E-05 9.9946E-05 0.156123 0.0186228 9.9946E-05 9.9946E-05 0.182676 9.9946E-05 9.9946E-05
0.10636 9.99104E-05 9.99104E-05 0.0375629 0.855078 9.99104E-05 9.99104E-05 9.99104E-05 9.99104E-05 9.99104E-05 9.99104E-05 9.99104E-05 9.99104E-05
0.0192496 9.9928E-05 0.00663194 9.9928E-05 0.918227 0.0420265 9.9928E-05 9.9928E-05 9.9928E-05 0.0130652 9.9928E-05 9.9928E-05 9.9928E-05
0.0915688 0.0139729 9.9919E-05 9.9919E-05 0.827436 9.9919E-05 9.9919E-05 9.9919E-05 0.0661229 9.9919E-05 9.9919E-05 9.9919E-05 9.9919E-05
0.0200294 0.00950763 9.9946E-05 9.9946E-05 0.897601 9.9946E-05 9.9946E-05 9.9946E-05 0.0361872 0.0045564 9.9946E-05 0.0251398 0.0063786
0.191478 9.99191E-05 0.108124 9.99191E-05 0.691852 9.99191E-05 9.99191E-05 9.99191E-05 9.99191E-05 9.99191E-05 0.00764648 9.99191E-05 9.99191E-05
9.99099E-05 9.99099E-05 0.0170432 9.99099E-05 0.976265 0.00569304 9.99099E-05 9.99099E-05 9.99099E-05 9.99099E-05 9.99099E-05 9.99099E-05 9.99099E-05
0.998801 9.9892E-05 9.9892E-05 9.9892E-05 9.9892E-05 9.9892E-05 9.9892E-05 9.9892E-05 9.9892E-05 9.9892E-05 9.9892E-05 9.9892E-05 9.9892E-05
0.899617 9.99011E-05 9.99011E-05 0.0992843 9.99011E-05 9.99011E-05 9.99011E-05 9.99011E-05 9.99011E-05 9.99011E-05 9.99011E-05 9.99011E-05 9.99011E-05
9.99281E-05 0.0104197 9.99281E-05 9.99281E-05 0.953583 9.99281E-05 0.00183415 9.99281E-05 0.0103059 9.99281E-05 0.0230582 9.99281E-05 9.99281E-05
0.0477889 0.00196259 0.0136915 9.99369E-05 9.99369E-05 0.00628874 9.99369E-05 0.00108653 0.928482 9.99369E-05 9.99369E-05 9.99369E-05 9.99369E-05
9.991E-05 0.0174239 9.991E-05 9.991E-05 0.00381215 9.991E-05 9.991E-05 9.991E-05 0.977765 9.991E-05 9.991E-05 9.991E-05 9.991E-05
9.98921E-05 9.98921E-05 9.98921E-05 9.98921E-05 9.98921E-05 9.98921E-05 9.98921E-05 0.998801 9.98921E-05 9.98921E-05 9.98921E-05 9.98921E-05 9.98921E-05
9.98922E-05 9.98922E-05 9.98922E-05 9.98922E-05 9.98922E-05 9.98922E-05 9.98922E-05 0.998801 9.98922E-05 9.98922E-05 9.98922E-05 9.98922E-05 9.98922E-05
9.9919E-05 9.9919E-05 0.139585 0.00844125 9.9919E-05 9.9919E-05 9.9919E-05 9.9919E-05 0.0484935 9.9919E-05 0.802581 9.9919E-05 9.9919E-05
9.9937E-05 9.9937E-05 0.0688428 0.0567041 0.00794808 9.9937E-05 9.9937E-05 9.9937E-05 0.0518893 0.0150962 0.79882 9.9937E-05 9.9937E-05
0.00405647 9.99371E-05 9.99371E-05 9.99371E-05 9.99371E-05 9.99371E-05 0.0148414 0.938434 0.0365846 9.99371E-05 0.00174982 0.00363371 9.99371E-05
9.98921E-05 9.98921E-05 9.98921E-05 9.98921E-05 9.98921E-05 9.98921E-05 9.98921E-05 0.998801 9.98921E-05 9.98921E-05 9.98921E-05 9.98921E-05 9.98921E-05
9.99189E-05 0.0244481 9.99189E-05 0.0437155 9.99189E-05 9.99189E-05 9.99189E-05 9.99189E-05 0.025903 0.905034 9.99189E-05 9.99189E-05 9.99189E-05
9.9928E-05 9.9928E-05 0.660953 0.158357 9.9928E-05 9.9928E-05 9.9928E-05 9.9928E-05 0.070763 9.9928E-05 9.9928E-05 0.102163 0.00696432
0.244354 0.256779 0.0691151 9.99368E-05 9.99368E-05 9.99368E-05 0.00296921 9.99368E-05 9.99368E-05 0.148903 9.99368E-05 0.27718 9.99368E-05
9.9937E-05 9.9937E-05 9.9937E-05 0.318265 0.0151416 0.116641 0.520994 0.0182029 9.9937E-05 9.9937E-05 0.0100559 9.9937E-05 9.9937E-05
9.99371E-05 9.99371E-05 9.99371E-05 0.253649 9.99371E-05 0.407142 0.0429417 0.136903 9.99371E-05 0.133523 9.99371E-05 9.99371E-05 0.0251418
0.760321 0.0200604 9.9919E-05 9.9919E-05 0.172544 9.9919E-05 9.9919E-05 9.9919E-05 9.9919E-05 9.9919E-05 9.9919E-05 9.9919E-05 0.046175
