0.0803447 0.015184 9.99098E-05 9.99098E-05 9.99098E-05 9.99098E-05 0.903472 9.99098E-05 9.99098E-05 9.99098E-05 9.99098E-05 9.99098E-05 9.99098E-05
9.99099E-05 9.99099E-05 0.694528 9.99099E-05 9.99099E-05 9.99099E-05 9.99099E-05 9.99099E-05 0.214599 0.0898736 9.99099E-05 9.99099E-05 9.99099E-05
9.99288E-05 9.99288E-05 9.99288E-05 0.0237061 9.99288E-05 9.99288E-05 9.99288E-05 0.0411876 9.99288E-05 0.816935 9.99288E-05 0.0753316 0.0420405
0.00751102 9.9919E-05 9.9919E-05 9.9919E-05 9.9919E-05 9.9919E-05 9.9919E-05 9.9919E-05 9.9919E-05 0.95517 0.015204 9.9919E-05 0.0212154
0.041376 9.99641E-05 0.119374 9.99641E-05 0.148374 0.0341445 0.00311844 0.166157 0.134553 0.303991 0.0485127 9.99641E-05 9.99641E-05
9.9919E-05 9.9919E-05 9.9919E-05 9.9919E-05 9.9919E-05 0.0274443 9.9919E-05 0.0195417 0.0274757 0.924639 9.9919E-05 9.9919E-05 9.9919E-05
9.98921E-05 9.98921E-05 9.98921E-05 9.98921E-05 0.998801 9.98921E-05 9.98921E-05 9.98921E-05 9.98921E-05 9.98921E-05 9.98921E-05 9.98921E-05 9.98921E-05
0.0755169 9.99279E-05 0.0520762 9.99279E-05 9.99279E-05 9.99279E-05 9.99279E-05 0.759522 0.0263725 9.99279E-05 0.0857125 9.99279E-05 9.99279E-05
9.9937E-05 0.0220956 0.00173004 9.9937E-05 0.931114 0.0108566 0.0198945 9.9937E-05 9.9937E-05 9.9937E-05 0.0136096 9.9937E-05 9.9937E-05
0.884968 9.9901E-05 9.9901E-05 9.9901E-05 0.113933 9.9901E-05 9.9901E-05 9.9901E-05 9.9901E-05 9.9901E-05 9.9901E-05 9.9901E-05 9.9901E-05
0.894789 9.99011E-05 9.99011E-05 9.99011E-05 0.104112 9.99011E-05 9.99011E-05 9.99011E-05 9.99011E-05 9.99011E-05 9.99011E-05 9.99011E-05 9.99011E-05
9.9919E-05 9.9919E-05 9.9919E-05 9.9919E-05 9.9919E-05 9.9919E-05 0.659829 9.9919E-05 9.9919E-05 0.0368125 9.9919E-05 0.1532 0.14926
9.99102E-05 9.99102E-05 9.99102E-05 9.99102E-05 0.00394078 9.99102E-05 9.99102E-05 0.0112584 9.99102E-05 9.99102E-05 9.99102E-05 0.983802 9.99102E-05
9.99101E-05 9.99101E-05 0.00653623 9.99101E-05 9.99101E-05 0.0325776 9.99101E-05 9.99101E-05 0.0348876 0.925099 9.99101E-05 9.99101E-05 9.99101E-05
9.99101E-05 9.99101E-05 9.99101E-05 0.0048403 9.99101E-05 9.99101E-05 9.99101E-05 9.99101E-05 0.0872679 0.906893 9.99101E-05 9.99101E-05 9.99101E-05
0.0420837 0.780694 9.9919E-05 9.9919E-05 9.9919E-05 0.0458345 9.9919E-05 9.9919E-05 9.9919E-05 9.9919E-05 9.9919E-05 0.130488 9.9919E-05
0.0692009 9.99008E-05 9.99008E-05 9.99008E-05 9.99008E-05 0.9297 9.99008E-05 9.99008E-05 9.99008E-05 9.99008E-05 9.99008E-05 9.99008E-05 9.99008E-05
0.119333 9.99278E-05 0.059163 0.717426 0.0113452 9.99278E-05 9.99278E-05 9.99278E-05 0.0919332 9.99278E-05 9.99278E-05 9.99278E-05 9.99278E-05
9.99011E-05 9.99011E-05 9.99011E-05 0.931529 9.99011E-05 9.99011E-05 9.99011E-05 9.99011E-05 9.99011E-05 9.99011E-05 9.99011E-05 9.99011E-05 0.0673716
0.483016 0.335389 9.9928E-05 9.9928E-05 9.9928E-05 0.0998153 0.0325375 9.9928E-05 9.9928E-05 9.9928E-05 9.9928E-05 9.9928E-05 0.0484424
9.98921E-05 9.98921E-05 9.98921E-05 0.998801 9.98921E-05 9.98921E-05 9.98921E-05 9.98921E-05 9.98921E-05 9.98921E-05 9.98921E-05 9.98921E-05 9.98921E-05
0.010945 0.211358 9.9946E-05 9.9946E-05 9.9946E-05 0.0163184 0.447686 9.9946E-05 0.242373 9.9946E-05 9.9946E-05 0.066835 0.00388469
0.166147 9.99191E-05 9.99191E-05 0.371494 9.99191E-05 0.258387 9.99191E-05 9.99191E-05 9.99191E-05 9.99191E-05 9.99191E-05 9.99191E-05 0.203073
0.0703211 9.99099E-05 9.99099E-05 0.876538 9.99099E-05 9.99099E-05 9.99099E-05 9.99099E-05 9.99099E-05 9.99099E-05 9.99099E-05 9.99099E-05 0.0521422
9.99102E-05 9.99102E-05 0.00057215 9.99102E-05 0.0198504 9.99102E-05 9.99102E-05 9.99102E-05 9.99102E-05 0.978578 9.99102E-05 9.99102E-05 9.99102E-05
9.98922E-05 9.98922E-05 9.98922E-05 9.98922E-05 9.98922E-05 9.98922E-05 9.98922E-05 9.98922E-05 9.98922E-05 0.998801 9.98922E-05 9.98922E-05 9.98922E-05
0.0889751 9.99279E-05 9.99279E-05 9.99279E-05 9.99279E-05 0.0193258 0.044556 9.99279E-05 9.99279E-05 9.99279E-05 9.99279E-05 0.784875 0.0614687
9.9928E-05 0.000373726 9.9928E-05 9.9928E-05 0.0126211 9.9928E-05 9.9928E-05 9.9928E-05 9.9928E-05 0.922981 0.058394 0.00483058 9.9928E-05
9.99191E-05 0.0444009 0.0122901 9.99191E-05 9.99191E-05 9.99191E-05 9.99191E-05 9.99191E-05 9.99191E-05 0.904353 0.0380571 9.99191E-05 9.99191E-05
9.99371E-05 9.99371E-05 9.99371E-05 0.0120151 9.99371E-05 9.99371E-05 9.99371E-05 0.363574 0.0367749 0.503891 0.0710648 9.99371E-05 0.0119803
0.00696006 9.99189E-05 9.99189E-05 9.99189E-05 9.99189E-05 9.99189E-05 9.99189E-05 0.636191 9.99189E-05 0.279501 0.0764483 9.99189E-05 9.99189E-05
9.98923E-05 9.98923E-05 0.998801 9.98923E-05 9.98923E-05 9.98923E-05 9.98923E-05 9.98923E-05 9.98923E-05 9.98923E-05 9.98923E-05 9.98923E-05 9.98923E-05
9.99102E-05 9.99102E-05 9.99102E-05 9.99102E-05 9.99102E-05 9.99102E-05 9.99102E-05 0.112398 0.0131048 0.873498 9.99102E-05 9.99102E-05 9.99102E-05
9.99192E-05 9.99192E-05 0.0293027 9.99192E-05 9.99192E-05 9.99192E-05 0.00787867 0.257449 9.99192E-05 9.99192E-05 0.70447 9.99192E-05 9.99192E-05
9.99367E-05 9.99367E-05 9.99367E-05 9.99367E-05 9.99367E-05 0.258089 0.0200517 0.0893648 0.0524007 9.99367E-05 9.99367E-05 0.496549 0.0828452
9.99279E-05 0.0206682 9.99279E-05 9.99279E-05 9.99279E-05 0.0140115 9.99279E-05 0.0539129 0.00524997 0.905358 9.99279E-05 9.99279E-05 9.99279E-05
9.9919E-05 9.9919E-05 9.9919E-05 9.9919E-05 9.9919E-05 0.00821114 0.963886 0.0156224 9.9919E-05 0.0113808 9.9919E-05 9.9919E-05 9.9919E-05
0.621035 9.9955E-05 0.152277 9.9955E-05 9.9955E-05 0.00781809 0.0644289 0.0579869 0.0909397 0.00101138 0.00400323 9.9955E-05 9.9955E-05
9.99008E-05 9.99008E-05 9.99008E-05 9.99008E-05 9.99008E-05 0.981238 9.99008E-05 0.0176631 9.99008E-05 9.99008E-05 9.99008E-05 9.99008E-05 9.99008E-05
9.9892E-05 9.9892E-05 9.9892E-05 9.9892E-05 9.9892E-05 9.9892E-05 9.9892E-05 9.9892E-05 0.998801 9.9892E-05 9.9892E-05 9.9892E-05 9.9892E-05
0.00298044 9.9919E-05 9.9919E-05 9.9919E-05 9.9919E-05 9.9919E-05 0.00175609 9.9919E-05 0.990869 9.9919E-05 9.9919E-05 9.9919E-05 0.00349509
0.873775 0.0337101 9.99189E-05 9.99189E-05 9.99189E-05 0.0111789 9.99189E-05 9.99189E-05 0.0804365 9.99189E-05 9.99189E-05 9.99189E-05 9.99189E-05
0.0153336 0.845269 9.9946E-05 0.0201104 0.0538418 9.9946E-05 0.0120588 9.9946E-05 0.038685 9.9946E-05 9.9946E-05 0.014102 9.9946E-05
0.891954 0.0106184 0.010017 9.99459E-05 9.99459E-05 0.0287548 0.0122838 9.99459E-05 9.99459E-05 9.99459E-05 9.99459E-05 0.0347707 0.0110019
0.363569 0.0329349 0.0629199 0.10498 0.023373 0.0232343 0.0421978 9.9973E-05 0.141236 9.9973E-05 9.9973E-05 0.139116 0.0661398
0.424362 0.162479 9.9964E-05 0.0239984 9.9964E-05 0.00319268 0.115814 0.039321 0.161041 0.0458208 9.9964E-05 0.0235713 9.9964E-05
0.241559 9.9955E-05 9.9955E-05 9.9955E-05 0.0497128 0.252416 0.226937 9.9955E-05 9.9955E-05 0.080299 0.0281758 0.116649 0.00375113
9.99017E-05 9.99017E-05 9.99017E-05 0.00848228 9.99017E-05 9.99017E-05 0.990419 9.99017E-05 9.99017E-05 9.99017E-05 9.99017E-05 9.99017E-05 9.99017E-05
9.98921E-05 9.98921E-05 9.98921E-05 9.98921E-05 9.98921E-05 9.98921E-05 9.98921E-05 9.98921E-05 9.98921E-05 9.98921E-05 0.998801 9.98921E-05 9.98921E-05
9.98922E-05 9.98922E-05 9.98922E-05 9.98922E-05 9.98922E-05 9.98922E-05 9.98922E-05 9.98922E-05 9.98922E-05 9.98922E-05 0.998801 9.98922E-05 9.98922E-05
0.00593642 0.00244339 9.99281E-05 9.99281E-05 9.99281E-05 9.99281E-05 9.99281E-05 9.99281E-05 0.0139332 9.99281E-05 0.965107 0.0117802 9.99281E-05
9.98922E-05 9.98922E-05 9.98922E-05 9.98922E-05 9.98922E-05 9.98922E-05 9.98922E-05 9.98922E-05 9.98922E-05 9.98922E-05 0.998801 9.98922E-05 9.98922E-05
9.99011E-05 9.99011E-05 9.99011E-05 9.99011E-05 9.99011E-05 9.99011E-05 9.99011E-05 0.0118556 9.99011E-05 9.99011E-05 0.987046 9.99011E-05 9.99011E-05
9.99461E-05 0.092005 0.028567 0.0353773 9.99461E-05 0.02429 9.99461E-05 0.426553 9.99461E-05 0.0415689 0.351039 9.99461E-05 9.99461E-05
9.991E-05 9.991E-05 0.116303 9.991E-05 9.991E-05 9.991E-05 0.0021172 9.991E-05 9.991E-05 9.991E-05 0.880581 9.991E-05 9.991E-05
9.99098E-05 0.171593 9.99098E-05 9.99098E-05 0.00223327 9.99098E-05 0.825174 9.99098E-05 9.99098E-05 9.99098E-05 9.99098E-05 9.99098E-05 9.99098E-05
9.9928E-05 0.00692864 0.959802 9.9928E-05 0.0213399 9.9928E-05 9.9928E-05 9.9928E-05 9.9928E-05 9.9928E-05 0.00433211 9.9928E-05 0.00679789
9.99009E-05 9.99009E-05 9.99009E-05 9.99009E-05 9.99009E-05 9.99009E-05 9.99009E-05 9.99009E-05 0.0411136 0.957788 9.99009E-05 9.99009E-05 9.99009E-05
9.99281E-05 0.00352784 9.99281E-05 9.99281E-05 9.99281E-05 9.99281E-05 9.99281E-05 9.99281E-05 0.112536 9.99281E-05 0.0237495 0.85237 0.0070173
9.99102E-05 0.900909 9.99102E-05 9.99102E-05 9.99102E-05 9.99102E-05 0.0028045 9.99102E-05 9.99102E-05 9.99102E-05 9.99102E-05 0.0952875 9.99102E-05
9.99013E-05 9.99013E-05 9.99013E-05 9.99013E-05 0.0415241 9.99013E-05 9.99013E-05 9.99013E-05 9.99013E-05 9.99013E-05 9.99013E-05 0.957377 9.99013E-05
0.124435 9.99009E-05 9.99009E-05 9.99009E-05 9.99009E-05 9.99009E-05 9.99009E-05 9.99009E-05 9.99009E-05 9.99009E-05 9.99009E-05 0.874466 9.99009E-05
0.0954155 9.99099E-05 9.99099E-05 9.99099E-05 9.99099E-05 9.99099E-05 9.99099E-05 9.99099E-05 9.99099E-05 9.99099E-05 9.99099E-05 0.854651 0.0489347
9.99013E-05 9.99013E-05 9.99013E-05 0.86836 9.99013E-05 9.99013E-05 0.130541 9.99013E-05 9.99013E-05 9.99013E-05 9.99013E-05 9.99013E-05 9.99013E-05
0.0130631 9.99193E-05 9.99193E-05 9.99193E-05 0.00766483 9.99193E-05 9.99193E-05 9.99193E-05 9.99193E-05 0.975469 9.99193E-05 9.99193E-05 0.00290401
0.151701 0.0739669 9.99461E-05 0.07371 0.118321 0.053444 0.0935715 9.99461E-05 9.99461E-05 0.434686 9.99461E-05 9.99461E-05 9.99461E-05
9.99283E-05 0.0135107 9.99283E-05 9.99283E-05 0.0243722 9.99283E-05 9.99283E-05 0.0357247 9.99283E-05 0.916597 9.99283E-05 0.00899641 9.99283E-05
9.9937E-05 9.9937E-05 9.9937E-05 9.9937E-05 0.00182626 0.0372745 9.9937E-05 0.0349362 0.0309124 0.877676 0.0166754 9.9937E-05 9.9937E-05
9.9928E-05 0.0566383 9.9928E-05 9.9928E-05 0.0222482 9.9928E-05 9.9928E-05 0.0178357 9.9928E-05 0.877035 0.0254434 9.9928E-05 9.9928E-05
9.99191E-05 0.0418807 0.0276248 0.0102002 9.99191E-05 9.99191E-05 9.99191E-05 9.99191E-05 9.99191E-05 0.919395 9.99191E-05 9.99191E-05 9.99191E-05
0.0177025 9.99281E-05 9.99281E-05 9.99281E-05 9.99281E-05 0.00471167 9.99281E-05 0.206462 0.0284275 0.741897 9.99281E-05 9.99281E-05 9.99281E-05
9.99099E-05 9.99099E-05 9.99099E-05 9.99099E-05 9.99099E-05 0.0297825 9.99099E-05 9.99099E-05 0.0173603 0.951858 9.99099E-05 9.99099E-05 9.99099E-05
9.9892E-05 9.9892E-05 9.9892E-05 9.9892E-05 9.9892E-05 9.9892E-05 9.9892E-05 0.998801 9.9892E-05 9.9892E-05 9.9892E-05 9.9892E-05 9.9892E-05
9.99101E-05 9.99101E-05 9.99101E-05 9.99101E-05 0.048459 9.99101E-05 9.99101E-05 0.925386 9.99101E-05 9.99101E-05 9.99101E-05 0.0251556 9.99101E-05
0.00563103 0.0162237 9.99371E-05 9.99371E-05 9.99371E-05 9.99371E-05 9.99371E-05 9.99371E-05 0.0065997 0.954744 0.00766272 9.99371E-05 0.00843943
9.991E-05 0.976089 0.0107244 9.991E-05 9.991E-05 9.991E-05 9.991E-05 9.991E-05 9.991E-05 0.0121877 9.991E-05 9.991E-05 9.991E-05
9.991E-05 0.978447 9.991E-05 9.991E-05 9.991E-05 9.991E-05 9.991E-05 9.991E-05 9.991E-05 0.000796962 0.0197567 9.991E-05 9.991E-05
9.99011E-05 9.99011E-05 9.99011E-05 9.99011E-05 9.99011E-05 9.99011E-05 0.0122269 9.99011E-05 9.99011E-05 9.99011E-05 9.99011E-05 9.99011E-05 0.986674
9.98921E-05 9.98921E-05 9.98921E-05 9.98921E-05 9.98921E-05 9.98921E-05 9.98921E-05 9.98921E-05 9.98921E-05 9.98921E-05 9.98921E-05 9.98921E-05 0.998801
0.720821 0.0661983 0.054527 9.99459E-05 9.99459E-05 9.99459E-05 0.00387364 9.99459E-05 0.121795 9.99459E-05 0.00115534 0.0310304 9.99459E-05
0.693228 0.0808709 0.033895 9.99279E-05 9.99279E-05 9.99279E-05 9.99279E-05 9.99279E-05 0.128979 9.99279E-05 9.99279E-05 0.0622271 9.99279E-05
0.00231375 0.00829205 9.99191E-05 9.99191E-05 9.99191E-05 9.99191E-05 9.99191E-05 0.00941233 9.99191E-05 9.99191E-05 9.99191E-05 9.99191E-05 0.979083
9.99011E-05 9.99011E-05 9.99011E-05 9.99011E-05 9.99011E-05 9.99011E-05 9.99011E-05 9.99011E-05 0.00151345 9.99011E-05 9.99011E-05 9.99011E-05 0.997388
9.99099E-05 9.99099E-05 9.99099E-05 9.99099E-05 9.99099E-05 9.99099E-05 0.937038 9.99099E-05 9.99099E-05 9.99099E-05 0.0258865 0.0360763 9.99099E-05
9.99279E-05 0.0703985 9.99279E-05 0.0167367 0.127775 9.99279E-05 9.99279E-05 9.99279E-05 0.681476 9.99279E-05 9.99279E-05 0.102815 9.99279E-05
9.991E-05 9.991E-05 0.917204 9.991E-05 0.0490143 9.991E-05 9.991E-05 9.991E-05 9.991E-05 9.991E-05 0.0327824 9.991E-05 9.991E-05
0.232478 9.99372E-05 9.99372E-05 0.0637916 9.99372E-05 0.365534 9.99372E-05 9.99372E-05 9.99372E-05 0.0306239 9.99372E-05 0.21637 0.0905028
9.99372E-05 9.99372E-05 9.99372E-05 0.0423511 9.99372E-05 0.37401 0.108353 9.99372E-05 0.021225 9.99372E-05 9.99372E-05 0.326985 0.126376
9.99281E-05 9.99281E-05 9.99281E-05 0.0288192 9.99281E-05 9.99281E-05 9.99281E-05 0.701154 9.99281E-05 0.189954 0.0433479 9.99281E-05 0.0359258
