9.999E-05 0.9998 9.999E-05
9.999E-05 0.430446 0.569454
0.0721793 0.0155928 0.912228
9.999E-05 9.999E-05 0.9998
9.9991E-05 0.32355 0.67635
9.999E-05 9.999E-05 0.9998
9.999E-05 0.651707 0.348193
9.999E-05 0.199214 0.800686
9.9991E-05 0.639728 0.360172
9.9991E-05 0.981023 0.0188769
9.9991E-05 0.998272 0.00162775
9.9991E-05 0.979862 0.0200378
9.99911E-05 0.982181 0.0177188
0.00501942 9.9991E-05 0.994881
0.00275643 9.9991E-05 0.997144
9.9991E-05 0.954063 0.0458366
0.153236 0.818467 0.0282971
0.735731 0.193617 0.0706516
0.9998 9.999E-05 9.999E-05
9.999E-05 0.9998 9.999E-05
0.9998 9.999E-05 9.999E-05
9.999E-05 0.9998 9.999E-05
0.522697 0.371314 0.105988
0.999151 0.000748648 9.9991E-05
9.999E-05 9.999E-05 0.9998
9.999E-05 9.999E-05 0.9998
9.999E-05 0.9998 9.999E-05
9.999E-05 9.999E-05 0.9998
9.999E-05 9.999E-05 0.9998
0.0361889 0.0292565 0.934555
0.041962 9.9991E-05 0.957938
9.99911E-05 0.402897 0.597003
9.999E-05 9.999E-05 0.9998
9.9991E-05 0.164619 0.835281
9.9991E-05 0.91423 0.0856703
9.999E-05 9.999E-05 0.9998
9.9991E-05 0.979458 0.0204423
0.0214703 0.826124 0.152406
0.137528 0.690957 0.171515
0.0107787 0.891228 0.0979929
0.014506 0.903201 0.0822933
0.0225719 0.977328 9.9991E-05
9.9991E-05 0.99248 0.00741961
9.9991E-05 0.990584 0.00931555
0.145525 0.854375 9.9991E-05
0.0539746 0.83918 0.106846
9.9991E-05 0.83259 0.16731
9.999E-05 0.9998 9.999E-05
0.0376294 0.135276 0.827095
0.0302915 0.143082 0.826626
0.0269841 0.182357 0.790659
0.0461378 0.108329 0.845533
0.0294518 0.109456 0.861092
0.0362085 0.219746 0.744045
0.0145422 0.216629 0.768829
9.999E-05 0.9998 9.999E-05
9.9991E-05 0.434606 0.565294
9.999E-05 9.999E-05 0.9998
9.999E-05 0.9998 9.999E-05
9.9991E-05 0.9603 0.0395996
9.999E-05 0.9998 9.999E-05
9.999E-05 0.9998 9.999E-05
0.0150167 0.984883 9.9991E-05
0.933456 0.0617398 0.00480451
9.999E-05 9.999E-05 0.9998
0.0181378 0.543281 0.438581
9.999E-05 9.999E-05 0.9998
9.999E-05 9.999E-05 0.9998
9.999E-05 9.999E-05 0.9998
9.999E-05 9.999E-05 0.9998
9.9991E-05 0.0180909 0.981809
9.999E-05 9.999E-05 0.9998
9.99911E-05 0.031606 0.968294
0.0105025 0.109155 0.880342
9.999E-05 9.999E-05 0.9998
9.9991E-05 0.852176 0.147724
9.9991E-05 0.861378 0.138522
0.188342 0.734381 0.0772773
0.215047 0.703872 0.0810812
9.9991E-05 0.988369 0.0115314
9.9991E-05 0.978869 0.021031
0.183064 0.699587 0.117349
0.199674 0.69951 0.100816
9.999E-05 0.9998 9.999E-05
0.0472358 0.939648 0.0131159
9.9991E-05 0.411424 0.588476
0.203289 0.695939 0.100772
0.166321 0.833579 9.9991E-05
0.0764563 9.9991E-05 0.923444
