0.955174 9.9991E-05 0.0447259
0.384377 0.295547 0.320076
0.118468 0.800462 0.0810707
9.999E-05 0.9998 9.999E-05
0.224758 0.424487 0.350755
9.999E-05 0.9998 9.999E-05
0.493428 0.00951892 0.497053
0.0775126 0.403078 0.51941
0.472379 9.9991E-05 0.527521
0.793275 9.9991E-05 0.206625
0.810736 9.9991E-05 0.189164
0.905429 0.0944707 9.9991E-05
0.902415 0.0974848 9.9991E-05
0.0254964 0.974404 9.9991E-05
0.0026639 0.997236 9.9991E-05
0.862261 9.9991E-05 0.137639
0.958444 0.0414561 9.9991E-05
0.925285 9.99911E-05 0.0746149
0.9998 9.999E-05 9.999E-05
0.931586 9.9991E-05 0.0683139
0.9998 9.999E-05 9.999E-05
0.957936 0.0143793 0.027685
0.936624 9.99911E-05 0.0632762
0.9998 9.999E-05 9.999E-05
9.999E-05 0.9998 9.999E-05
9.999E-05 0.9998 9.999E-05
0.9998 9.999E-05 9.999E-05
9.9991E-05 0.930529 0.0693715
9.9991E-05 0.910329 0.0895715
0.0134362 0.734419 0.252144
9.9991E-05 0.696479 0.303421
0.254791 0.0976253 0.647584
9.999E-05 0.9998 9.999E-05
9.9991E-05 0.0846252 0.915275
0.851618 0.148282 9.9991E-05
9.999E-05 0.9998 9.999E-05
0.872334 0.127566 9.9991E-05
0.749624 0.0286241 0.221752
0.815239 0.184661 9.9991E-05
0.824781 0.175119 9.99909E-05
0.871329 0.11899 0.00968157
0.916299 9.99909E-05 0.0836006
0.87128 9.9991E-05 0.12862
0.884034 9.99909E-05 0.115866
0.924346 9.9991E-05 0.0755542
0.809738 0.0907431 0.0995189
0.778504 0.156064 0.0654313
0.93964 9.99911E-05 0.0602598
9.999E-05 9.999E-05 0.9998
9.999E-05 9.999E-05 0.9998
9.999E-05 9.999E-05 0.9998
9.999E-05 9.999E-05 0.9998
9.999E-05 9.999E-05 0.9998
0.127694 0.2725 0.599806
9.999E-05 9.999E-05 0.9998
0.97298 9.9991E-05 0.02692
0.291609 0.0955311 0.61286
9.999E-05 0.9998 9.999E-05
0.964824 0.0350765 9.9991E-05
0.833688 0.0927624 0.07355
0.972137 0.0277632 9.99911E-05
0.972112 0.0277883 9.9991E-05
0.9998 9.999E-05 9.999E-05
0.985913 9.99913E-05 0.0139873
9.999E-05 0.9998 9.999E-05
0.563968 0.345778 0.0902542
9.9991E-05 0.998803 0.00109736
9.9991E-05 0.985435 0.0144654
9.9991E-05 0.906532 0.0933683
9.9991E-05 0.921308 0.0785924
0.0334823 0.95227 0.014248
9.999E-05 0.9998 9.999E-05
9.99911E-05 0.472497 0.527403
0.0441177 0.499609 0.456274
0.0285736 0.971326 9.9991E-05
0.746081 0.0687739 0.185145
0.737755 0.0241268 0.238118
0.849305 0.150595 9.9991E-05
0.848643 0.151257 9.9991E-05
0.829674 9.99909E-05 0.170226
0.854935 9.99909E-05 0.144965
0.844202 0.126894 0.0289044
0.844476 0.155424 9.9991E-05
0.902677 9.9991E-05 0.0972232
0.900304 0.0178506 0.0818451
0.270253 0.0994347 0.630313
0.873665 0.126235 9.9991E-05
0.960792 0.0391078 9.9991E-05
9.99911E-05 0.633882 0.366018
