0.9998 9.999E-05 9.999E-05
0.454778 0.545122 9.9991E-05
0.0273683 0.902629 0.0700032
9.999E-05 0.9998 9.999E-05
0.298368 0.701532 9.9991E-05
9.999E-05 0.9998 9.999E-05
0.635249 0.364651 9.99911E-05
0.219272 0.780628 9.9991E-05
0.642169 0.357731 9.9991E-05
0.956458 0.043442 9.9991E-05
0.980186 0.0197137 9.9991E-05
0.967655 0.0322454 9.9991E-05
0.938066 0.0618343 9.99911E-05
9.9991E-05 0.980242 0.0196577
9.99906E-05 0.9998 9.99906E-05
0.995274 0.0046259 9.9991E-05
0.834179 0.00517237 0.160649
0.18368 0.0570401 0.75928
9.999E-05 9.999E-05 0.9998
0.9998 9.999E-05 9.999E-05
9.999E-05 9.999E-05 0.9998
0.9998 9.999E-05 9.999E-05
0.369999 0.101804 0.528197
9.999E-05 9.999E-05 0.9998
9.999E-05 0.9998 9.999E-05
9.999E-05 0.9998 9.999E-05
0.9998 9.999E-05 9.999E-05
9.999E-05 0.9998 9.999E-05
9.999E-05 0.9998 9.999E-05
0.0202759 0.933872 0.045852
9.9991E-05 0.959614 0.0402865
0.431499 0.568401 9.99911E-05
9.999E-05 0.9998 9.999E-05
0.17385 0.82605 9.9991E-05
0.936751 0.0631493 9.9991E-05
0.00306862 0.996831 9.9991E-05
0.946861 0.0530395 9.9991E-05
0.829085 0.147 0.023915
0.685186 0.166075 0.148739
0.895315 0.104585 9.9991E-05
0.897161 0.102739 9.9991E-05
0.979064 9.9991E-05 0.0208357
0.9998 9.999E-05 9.999E-05
0.991541 9.9991E-05 0.00835877
0.858273 9.9991E-05 0.141627
0.851547 0.1298 0.0186532
0.834761 0.165139 9.9991E-05
0.970647 9.99911E-05 0.0292532
0.167578 0.813687 0.0187353
0.137629 0.814689 0.0476824
0.210239 0.756571 0.0331906
0.151273 0.807668 0.041059
0.134176 0.843292 0.0225318
0.239654 0.720233 0.0401131
0.239508 0.760392 9.9991E-05
0.9998 9.999E-05 9.999E-05
0.445766 0.554134 9.9991E-05
9.999E-05 0.9998 9.999E-05
0.9998 9.999E-05 9.999E-05
0.959536 0.0403644 9.9991E-05
0.998707 9.99911E-05 0.00119341
0.9998 9.999E-05 9.999E-05
0.9998 9.999E-05 9.999E-05
0.0754054 0.00165279 0.922942
9.999E-05 0.9998 9.999E-05
0.502379 0.437051 0.0605699
9.999E-05 0.9998 9.999E-05
0.00152353 0.998376 9.9991E-05
9.999E-05 0.9998 9.999E-05
9.999E-05 0.9998 9.999E-05
0.0399658 0.959934 9.9991E-05
9.999E-05 0.9998 9.999E-05
0.0603608 0.939539 9.99911E-05
0.104345 0.865355 0.0303004
9.999E-05 0.9998 9.999E-05
0.863831 0.136069 9.9991E-05
0.883734 0.116166 9.9991E-05
0.676033 0.107872 0.216095
0.664533 0.116283 0.219184
0.934202 0.0656982 9.9991E-05
0.976346 0.0235536 9.9991E-05
0.677523 0.119216 0.20326
0.689761 0.102844 0.207396
0.9998 9.999E-05 9.999E-05
0.95849 0.0198356 0.0216743
0.423058 0.576842 9.9991E-05
0.747487 0.082599 0.169914
0.85516 9.9991E-05 0.14474
0.0143569 0.913829 0.0718146
