9.99549E-05 0.987594 9.99549E-05 0.0010323 0.0108735 9.99549E-05 9.99549E-05 9.99549E-05
9.99729E-05 0.176136 0.154841 0.127872 0.0173034 9.99729E-05 0.523547 9.99729E-05
9.99732E-05 9.99732E-05 0.707426 9.99732E-05 0.0372273 0.0197828 0.178925 0.0563385
0.00955856 9.9955E-05 0.937469 9.9955E-05 0.0524722 9.9955E-05 9.9955E-05 9.9955E-05
0.0718089 0.0503872 0.365089 0.154913 9.99731E-05 9.99731E-05 0.357502 9.99731E-05
9.9964E-05 9.9964E-05 0.956223 0.0287188 0.00940149 0.00525698 9.9964E-05 9.9964E-05
9.9946E-05 9.9946E-05 9.9946E-05 9.9946E-05 9.9946E-05 9.9946E-05 0.665334 0.334067
0.0991229 9.9973E-05 0.216103 0.0252591 0.0270002 9.9973E-05 0.632215 9.9973E-05
9.99549E-05 9.99549E-05 9.99549E-05 0.154477 9.99549E-05 9.99549E-05 0.628786 0.216237
9.99461E-05 9.99461E-05 9.99461E-05 0.970387 9.99461E-05 9.99461E-05 0.0290131 9.99461E-05
9.99462E-05 9.99462E-05 9.99462E-05 0.98886 9.99462E-05 9.99462E-05 0.0105407 9.99462E-05
9.9964E-05 0.673803 0.0370363 9.9964E-05 0.118556 9.9964E-05 9.9964E-05 0.170204
9.99461E-05 9.99461E-05 9.99461E-05 9.99461E-05 9.99461E-05 9.99461E-05 0.00501823 0.994382
9.9955E-05 0.0354281 0.949974 9.9955E-05 9.9955E-05 0.0140976 9.9955E-05 9.9955E-05
9.9955E-05 0.0447475 0.949569 9.9955E-05 9.9955E-05 0.00518402 9.9955E-05 9.9955E-05
0.0177552 0.103768 0.0331373 0.517391 9.9973E-05 9.9973E-05 9.9973E-05 0.327648
9.99641E-05 9.99641E-05 9.99641E-05 0.405949 0.321847 0.0672593 9.99641E-05 0.204545
0.0305131 0.0216417 9.9964E-05 0.233341 9.9964E-05 0.714104 9.9964E-05 9.9964E-05
9.9946E-05 9.9946E-05 9.9946E-05 9.9946E-05 0.0855933 0.913807 9.9946E-05 9.9946E-05
9.9964E-05 0.181333 9.9964E-05 0.735926 0.0555779 9.9964E-05 9.9964E-05 0.026764
9.994E-05 9.994E-05 9.994E-05 9.994E-05 9.994E-05 0.9993 9.994E-05 9.994E-05
9.9964E-05 0.547497 9.9964E-05 0.377595 0.0162555 9.9964E-05 9.9964E-05 0.0582529
9.99551E-05 9.99551E-05 9.99551E-05 0.307672 0.303724 0.388104 9.99551E-05 9.99551E-05
9.99459E-05 9.99459E-05 9.99459E-05 9.99459E-05 0.105521 0.893879 9.99459E-05 9.99459E-05
0.0164908 9.99461E-05 0.98291 9.99461E-05 9.99461E-05 9.99461E-05 9.99461E-05 9.99461E-05
9.994E-05 9.994E-05 0.9993 9.994E-05 9.994E-05 9.994E-05 9.994E-05 9.994E-05
9.99639E-05 0.0859542 9.99639E-05 0.0725536 0.0475252 9.99639E-05 9.99639E-05 0.793567
0.0543964 9.9955E-05 0.926553 9.9955E-05 9.9955E-05 9.9955E-05 9.9955E-05 0.0185511
0.0605602 9.9964E-05 0.917319 9.9964E-05 9.9964E-05 9.9964E-05 0.00931997 0.0124009
0.147577 0.0247538 0.678605 9.99821E-05 9.99821E-05 0.0153622 0.133335 0.000167507
0.135652 9.9964E-05 0.515992 9.9964E-05 0.0377017 9.9964E-05 0.310255 9.9964E-05
0.096827 0.175415 9.9973E-05 0.0576561 0.013836 9.9973E-05 0.655966 9.9973E-05
9.99461E-05 9.99461E-05 0.933577 9.99461E-05 9.99461E-05 9.99461E-05 0.0658235 9.99461E-05
0.741067 9.99551E-05 0.00651799 9.99551E-05 9.99551E-05 9.99551E-05 0.251915 9.99551E-05
9.99729E-05 0.0648488 0.0751227 0.0483066 0.217286 9.99729E-05 9.99729E-05 0.594136
9.9964E-05 0.00548199 0.969522 9.9964E-05 9.9964E-05 9.9964E-05 0.0207971 0.003799
9.9946E-05 0.993648 0.00575211 9.9946E-05 9.9946E-05 9.9946E-05 9.9946E-05 9.9946E-05
9.99639E-05 0.0753757 9.99639E-05 0.693191 9.99639E-05 0.0271564 0.203877 9.99639E-05
9.9982E-05 9.9982E-05 0.133122 0.219799 0.370171 0.0502416 0.0128151 0.213652
9.99549E-05 0.238831 0.0925208 0.668149 9.99549E-05 9.99549E-05 9.99549E-05 9.99549E-05
9.99639E-05 0.258142 0.077422 0.661972 0.00206407 9.99639E-05 9.99639E-05 9.99639E-05
9.994E-05 9.994E-05 9.994E-05 0.9993 9.994E-05 9.994E-05 9.994E-05 9.994E-05
9.9964E-05 0.148134 9.9964E-05 0.55932 9.9964E-05 9.9964E-05 0.0485009 0.243645
9.9964E-05 0.040765 9.9964E-05 0.944549 0.0125721 9.9964E-05 9.9964E-05 0.00171423
9.9973E-05 0.0525263 9.9973E-05 0.585534 0.130703 0.0995344 9.9973E-05 0.131403
9.9982E-05 0.107448 0.0575068 0.744705 0.0246253 0.025197 9.9982E-05 0.0403177
0.0529405 0.219661 0.111459 0.255288 0.118387 9.9982E-05 9.9982E-05 0.242064
9.99463E-05 0.983031 9.99463E-05 9.99463E-05 9.99463E-05 0.0163697 9.99463E-05 9.99463E-05
0.9993 9.994E-05 9.994E-05 9.994E-05 9.994E-05 9.994E-05 9.994E-05 9.994E-05
0.9993 9.994E-05 9.994E-05 9.994E-05 9.994E-05 9.994E-05 9.994E-05 9.994E-05
0.9993 9.994E-05 9.994E-05 9.994E-05 9.994E-05 9.994E-05 9.994E-05 9.994E-05
0.9993 9.994E-05 9.994E-05 9.994E-05 9.994E-05 9.994E-05 9.994E-05 9.994E-05
0.9993 9.994E-05 9.994E-05 9.994E-05 9.994E-05 9.994E-05 9.994E-05 9.994E-05
0.374072 9.9982E-05 0.17596 0.128449 9.9982E-05 0.0234822 0.297019 0.000818257
0.936796 0.0250935 9.9955E-05 0.0376109 9.9955E-05 9.9955E-05 9.9955E-05 9.9955E-05
9.99549E-05 0.882475 9.99549E-05 0.0666444 9.99549E-05 9.99549E-05 9.99549E-05 0.0503807
0.150841 0.192315 9.99638E-05 9.99638E-05 0.0231611 9.99638E-05 0.633282 9.99638E-05
9.994E-05 9.994E-05 0.9993 9.994E-05 9.994E-05 9.994E-05 9.994E-05 9.994E-05
0.0411354 0.0603121 9.9964E-05 9.9964E-05 0.00493705 9.9964E-05 9.9964E-05 0.893216
9.9964E-05 0.225132 0.0612909 0.455122 9.9964E-05 9.9964E-05 9.9964E-05 0.258055
9.994E-05 9.994E-05 9.994E-05 9.994E-05 9.994E-05 9.994E-05 9.994E-05 0.9993
9.99549E-05 0.0180596 9.99549E-05 0.0748158 9.99549E-05 9.99549E-05 9.99549E-05 0.906625
9.99549E-05 9.99549E-05 9.99549E-05 0.0458286 0.0805635 9.99549E-05 9.99549E-05 0.873108
9.99551E-05 0.0701138 9.99551E-05 9.99551E-05 9.99551E-05 0.905002 0.0243844 9.99551E-05
9.994E-05 9.994E-05 0.9993 9.994E-05 9.994E-05 9.994E-05 9.994E-05 9.994E-05
0.10321 0.0860947 0.236577 0.250807 0.0355002 0.0767953 0.0673203 0.143696
9.99552E-05 9.99552E-05 0.908732 9.99552E-05 9.99552E-05 9.99552E-05 0.0756333 0.0151346
0.00479817 0.0512457 0.943456 9.9955E-05 9.9955E-05 9.9955E-05 9.9955E-05 9.9955E-05
0.0493991 9.9973E-05 0.895517 0.00491763 9.9973E-05 9.9973E-05 0.0431722 0.00669454
9.9964E-05 0.012171 0.915568 9.9964E-05 9.9964E-05 0.0129138 0.0589472 9.9964E-05
9.997E-05 0.0272427 0.837075 0.0382299 0.00989705 9.997E-05 0.0872553 9.997E-05
0.0139831 9.9955E-05 0.984817 9.9955E-05 0.000700201 9.9955E-05 9.9955E-05 9.9955E-05
0.0528828 9.99551E-05 0.222846 9.99551E-05 9.99551E-05 9.99551E-05 0.723772 9.99551E-05
9.99551E-05 9.99551E-05 0.173552 9.99551E-05 9.99551E-05 9.99551E-05 0.81087 0.0150777
0.0339229 9.99551E-05 0.954325 0.0112522 9.99551E-05 9.99551E-05 9.99551E-05 9.99551E-05
0.0231996 0.0873599 0.0624431 0.671183 0.00108323 9.9991E-05 0.0826308 0.0720007
0.0185959 0.0843991 0.0668777 0.674353 9.9982E-05 9.9982E-05 0.065118 0.0904563
9.994E-05 9.994E-05 9.994E-05 9.994E-05 0.9993 9.994E-05 9.994E-05 9.994E-05
9.994E-05 9.994E-05 9.994E-05 9.994E-05 0.9993 9.994E-05 9.994E-05 9.994E-05
9.9946E-05 9.9946E-05 9.9946E-05 0.971055 9.9946E-05 9.9946E-05 0.0283457 9.9946E-05
9.9964E-05 0.00816114 9.9964E-05 0.970015 9.9964E-05 9.9964E-05 0.0165709 0.00485345
9.9946E-05 9.9946E-05 9.9946E-05 9.9946E-05 0.995054 9.9946E-05 0.0043462 9.9946E-05
9.994E-05 9.994E-05 9.994E-05 9.994E-05 0.9993 9.994E-05 9.994E-05 9.994E-05
0.0176117 0.960609 9.99549E-05 9.99549E-05 9.99549E-05 9.99549E-05 9.99549E-05 0.0212795
9.9973E-05 0.0689335 9.9973E-05 0.60545 9.9973E-05 0.0363424 0.0471746 0.241799
0.171961 0.155531 9.996E-05 0.0197795 9.996E-05 9.996E-05 0.652328 9.996E-05
9.99821E-05 0.00394256 0.0650677 0.243881 0.264244 0.112163 9.99821E-05 0.310501
9.99641E-05 0.197771 9.99641E-05 9.99641E-05 0.301782 0.0586551 9.99641E-05 0.441392
0.109969 9.99731E-05 0.455747 9.99731E-05 0.0198025 0.00795627 0.406225 9.99731E-05
