0.9998 9.999E-05 9.999E-05
0.47238 0.52752 9.9991E-05
0.0281321 0.896219 0.0756488
9.999E-05 0.9998 9.999E-05
0.269349 0.730551 9.9991E-05
9.999E-05 0.9998 9.999E-05
0.67246 0.32744 9.99911E-05
0.180364 0.819536 9.9991E-05
0.64127 0.35863 9.999E-05
0.988771 0.011129 9.9991E-05
0.993018 0.00688223 9.9991E-05
0.963416 0.0364837 9.9991E-05
0.958051 0.0395232 0.00242558
9.9991E-05 0.994314 0.00558563
9.9991E-05 0.989836 0.0100643
0.963554 0.0363463 9.9991E-05
0.819592 0.0155422 0.164866
0.214893 0.0685875 0.716519
9.999E-05 9.999E-05 0.9998
0.9998 9.999E-05 9.999E-05
9.999E-05 9.999E-05 0.9998
0.9998 9.999E-05 9.999E-05
0.345479 0.0899332 0.564587
0.0192242 9.9991E-05 0.980676
9.999E-05 0.9998 9.999E-05
9.999E-05 0.9998 9.999E-05
0.9998 9.999E-05 9.999E-05
9.999E-05 0.9998 9.999E-05
9.999E-05 0.9998 9.999E-05
0.0244241 0.943434 0.0321416
0.0196079 0.941014 0.0393782
0.427556 0.572344 9.9991E-05
9.999E-05 0.9998 9.999E-05
0.161752 0.838148 9.9991E-05
0.946448 0.0534516 9.9991E-05
9.999E-05 0.9998 9.999E-05
0.955512 0.0443884 9.9991E-05
0.85025 0.141057 0.00869327
0.667524 0.159609 0.172867
0.891778 0.108122 9.9991E-05
0.920055 0.0798452 9.9991E-05
0.984631 9.9991E-05 0.0152695
0.9998 9.999E-05 9.999E-05
0.982355 9.9991E-05 0.0175449
0.858874 9.9991E-05 0.141026
0.879293 0.0814292 0.0392775
0.841055 0.158845 9.9991E-05
0.994407 9.99911E-05 0.00549288
0.11507 0.862289 0.0226417
0.163316 0.806942 0.0297424
0.168092 0.807841 0.0240677
0.138561 0.82632 0.0351181
0.127081 0.859091 0.0138283
0.220481 0.738155 0.0413642
0.235558 0.764342 9.9991E-05
0.9998 9.999E-05 9.999E-05
0.483393 0.516507 9.9991E-05
9.999E-05 0.9998 9.999E-05
0.9998 9.999E-05 9.999E-05
0.947952 0.0519479 9.9991E-05
0.9998 9.999E-05 9.999E-05
0.9998 9.999E-05 9.999E-05
0.979435 9.9991E-05 0.0204646
0.0804058 0.0204905 0.899104
9.999E-05 0.9998 9.999E-05
0.548047 0.393584 0.0583685
9.999E-05 0.9998 9.999E-05
0.00142523 0.998475 9.9991E-05
9.999E-05 0.9998 9.999E-05
9.999E-05 0.9998 9.999E-05
0.037205 0.962695 9.9991E-05
9.999E-05 0.9998 9.999E-05
0.085312 0.914588 9.99911E-05
0.112546 0.866878 0.0205758
9.999E-05 0.9998 9.999E-05
0.839637 0.160263 9.9991E-05
0.869541 0.130359 9.9991E-05
0.635343 0.0941012 0.270556
0.601528 0.133524 0.264947
0.915824 0.0840758 9.9991E-05
0.970613 0.0292871 9.9991E-05
0.607874 0.121614 0.270513
0.635438 0.116388 0.248174
0.9998 9.999E-05 9.999E-05
0.951037 0.0206947 0.0282687
0.449639 0.550261 9.9991E-05
0.704678 0.0697394 0.225583
0.83199 9.9991E-05 0.16791
9.9991E-05 0.918291 0.0816092
