0.9998 9.999E-05 9.999E-05
0.459499 9.9991E-05 0.540401
0.0711265 0.0553083 0.873565
9.999E-05 9.999E-05 0.9998
0.326643 9.9991E-05 0.673257
9.999E-05 9.999E-05 0.9998
0.678747 9.99911E-05 0.321153
0.215693 9.9991E-05 0.784207
0.637521 9.9991E-05 0.362379
0.983211 9.9991E-05 0.0166885
0.9998 9.999E-05 9.999E-05
0.960556 9.9991E-05 0.0393436
0.954505 9.99911E-05 0.0453947
9.9991E-05 0.0157409 0.984159
9.9991E-05 0.0107084 0.989192
0.987266 9.9991E-05 0.0126341
0.792596 0.163271 0.0441332
0.248913 0.750987 9.9991E-05
9.999E-05 0.9998 9.999E-05
0.9998 9.999E-05 9.999E-05
9.999E-05 0.9998 9.999E-05
0.9998 9.999E-05 9.999E-05
0.359143 0.535317 0.10554
9.999E-05 0.9998 9.999E-05
9.999E-05 9.999E-05 0.9998
9.999E-05 9.999E-05 0.9998
0.9998 9.999E-05 9.999E-05
9.999E-05 9.999E-05 0.9998
9.999E-05 9.999E-05 0.9998
0.0486035 0.0268104 0.924586
0.00726966 0.047988 0.944742
0.447503 9.99911E-05 0.552397
9.999E-05 9.999E-05 0.9998
0.193336 9.9991E-05 0.806564
0.927297 9.9991E-05 0.0726029
9.999E-05 9.999E-05 0.9998
0.939381 9.9991E-05 0.0605191
0.779251 0.0275562 0.193192
0.628767 0.161088 0.210145
0.888893 9.9991E-05 0.111007
0.908114 0.00531794 0.0865679
0.997139 0.00276095 9.9991E-05
0.998648 9.9991E-05 0.00125212
0.987594 0.0123061 9.9991E-05
0.848817 0.151083 9.9991E-05
0.828625 0.0491042 0.122271
0.821294 9.9991E-05 0.178606
0.993826 0.00607449 9.99911E-05
0.149036 0.0166358 0.834328
0.16828 0.0189566 0.812764
0.178293 0.040426 0.781281
0.120112 0.0405472 0.83934
0.0809738 0.0265785 0.892448
0.262843 0.0445176 0.69264
0.23737 9.9991E-05 0.76253
0.9998 9.999E-05 9.999E-05
0.462584 9.9991E-05 0.537316
9.999E-05 9.999E-05 0.9998
0.9998 9.999E-05 9.999E-05
0.924018 9.9991E-05 0.0758816
0.9998 9.999E-05 9.999E-05
0.9998 9.999E-05 9.999E-05
0.991279 0.0086207 9.9991E-05
0.0844826 0.915417 9.9991E-05
9.999E-05 9.999E-05 0.9998
0.474332 0.0411487 0.484519
9.999E-05 9.999E-05 0.9998
9.999E-05 9.999E-05 0.9998
9.999E-05 9.999E-05 0.9998
9.999E-05 9.999E-05 0.9998
0.0421869 9.9991E-05 0.957713
9.999E-05 9.999E-05 0.9998
0.0862587 9.99911E-05 0.913641
0.136643 9.9994E-05 0.863257
9.999E-05 9.999E-05 0.9998
0.852039 9.9991E-05 0.147861
0.862566 9.9991E-05 0.137334
0.605657 0.252601 0.141742
0.616498 0.257988 0.125514
0.968791 9.9991E-05 0.031109
0.995523 9.9991E-05 0.00437666
0.620829 0.243259 0.135912
0.611389 0.244304 0.144307
0.9998 9.999E-05 9.999E-05
0.895912 0.0436322 0.0604558
0.437019 9.9991E-05 0.562881
0.691179 0.201167 0.107654
0.827887 0.172013 9.9991E-05
9.9991E-05 0.0846685 0.915232
