0.0078105 9.99098E-05 0.0430146 9.99098E-05 9.99098E-05 0.000994648 9.99098E-05 0.918696 9.99098E-05 9.99098E-05 9.99098E-05 0.028485 9.99098E-05 9.99098E-05 9.99098E-05
0.0498158 9.99007E-05 9.99007E-05 9.99007E-05 9.99007E-05 9.99007E-05 0.570909 9.99007E-05 9.99007E-05 0.178597 9.99007E-05 9.99007E-05 9.99007E-05 0.19958 9.99007E-05
9.99197E-05 9.99197E-05 9.99197E-05 9.99197E-05 0.11134 0.0246044 9.99197E-05 9.99197E-05 0.103881 0.497915 0.247248 9.99197E-05 0.0141127 9.99197E-05 9.99197E-05
9.9892E-05 9.9892E-05 9.9892E-05 9.9892E-05 9.9892E-05 0.0137118 9.9892E-05 9.9892E-05 9.9892E-05 0.898843 0.0862463 9.9892E-05 9.9892E-05 9.9892E-05 9.9892E-05
9.99193E-05 0.0684948 0.124518 0.0594247 0.0257041 9.99193E-05 0.334736 9.99193E-05 9.99193E-05 0.386224 9.99193E-05 9.99193E-05 9.99193E-05 9.99193E-05 9.99193E-05
9.9883E-05 0.00508986 9.9883E-05 9.9883E-05 9.9883E-05 9.9883E-05 9.9883E-05 9.9883E-05 9.9883E-05 0.993612 9.9883E-05 9.9883E-05 9.9883E-05 9.9883E-05 9.9883E-05
9.98923E-05 9.98923E-05 9.98923E-05 9.98923E-05 9.98923E-05 9.98923E-05 0.656539 9.98923E-05 0.292574 9.98923E-05 9.98923E-05 9.98923E-05 9.98923E-05 9.98923E-05 0.0496883
9.99279E-05 9.99279E-05 0.0954327 0.0811814 0.620573 0.0376558 0.0673382 9.99279E-05 9.99279E-05 0.0573897 0.0396301 9.99279E-05 9.99279E-05 9.99279E-05 9.99279E-05
9.99011E-05 9.99011E-05 9.99011E-05 9.99011E-05 0.00608549 9.99011E-05 0.717174 9.99011E-05 0.189921 9.99011E-05 9.99011E-05 9.99011E-05 9.99011E-05 9.99011E-05 0.085721
9.98833E-05 9.98833E-05 0.983921 9.98833E-05 9.98833E-05 9.98833E-05 0.0147804 9.98833E-05 9.98833E-05 9.98833E-05 9.98833E-05 9.98833E-05 9.98833E-05 9.98833E-05 9.98833E-05
9.98743E-05 9.98743E-05 0.998602 9.98743E-05 9.98743E-05 9.98743E-05 9.98743E-05 9.98743E-05 9.98743E-05 9.98743E-05 9.98743E-05 9.98743E-05 9.98743E-05 9.98743E-05 9.98743E-05
9.9919E-05 0.0130469 9.9919E-05 9.9919E-05 9.9919E-05 0.10839 9.9919E-05 0.662703 0.149325 9.9919E-05 0.0638189 9.9919E-05 9.9919E-05 0.00181724 9.9919E-05
9.99012E-05 0.0162517 9.99012E-05 9.99012E-05 0.00181902 9.99012E-05 9.99012E-05 9.99012E-05 0.946605 9.99012E-05 0.0342254 9.99012E-05 9.99012E-05 9.99012E-05 9.99012E-05
9.9901E-05 0.001043 9.9901E-05 9.9901E-05 9.9901E-05 9.9901E-05 9.9901E-05 0.0131373 9.9901E-05 0.954132 9.9901E-05 9.9901E-05 0.0305883 9.9901E-05 9.9901E-05
9.9901E-05 9.9901E-05 9.9901E-05 9.9901E-05 9.9901E-05 9.9901E-05 9.9901E-05 0.0237674 9.9901E-05 0.933582 9.9901E-05 0.0329046 9.9901E-05 0.00864698 9.9901E-05
9.9901E-05 0.143566 0.00591507 9.9901E-05 9.9901E-05 9.9901E-05 9.9901E-05 9.9901E-05 0.0954165 9.9901E-05 9.9901E-05 9.9901E-05 9.9901E-05 9.9901E-05 0.754004
0.946051 9.98921E-05 0.0411765 9.98921E-05 9.98921E-05 9.98921E-05 9.98921E-05 9.98921E-05 9.98921E-05 9.98921E-05 9.98921E-05 0.0115737 9.98921E-05 9.98921E-05 9.98921E-05
9.991E-05 9.991E-05 0.0388583 9.991E-05 9.991E-05 9.991E-05 0.0484355 9.991E-05 9.991E-05 9.991E-05 9.991E-05 0.0574892 0.676915 0.177303 9.991E-05
9.98831E-05 9.98831E-05 9.98831E-05 9.98831E-05 9.98831E-05 0.0637449 9.98831E-05 9.98831E-05 9.98831E-05 9.98831E-05 9.98831E-05 9.98831E-05 0.934957 9.98831E-05 9.98831E-05
0.0225749 0.190407 0.384544 9.99188E-05 9.99188E-05 0.00669107 9.99188E-05 0.0983607 9.99188E-05 9.99188E-05 9.99188E-05 9.99188E-05 9.99188E-05 9.99188E-05 0.296523
9.98742E-05 9.98742E-05 9.98742E-05 9.98742E-05 9.98742E-05 9.98742E-05 9.98742E-05 9.98742E-05 9.98742E-05 9.98742E-05 9.98742E-05 9.98742E-05 0.998602 9.98742E-05 9.98742E-05
0.0243753 0.0181606 9.9919E-05 9.9919E-05 9.9919E-05 9.9919E-05 9.9919E-05 0.422713 0.0154449 9.9919E-05 9.9919E-05 9.9919E-05 9.9919E-05 0.316975 0.201432
9.98739E-05 9.98739E-05 9.98739E-05 9.98739E-05 9.98739E-05 9.98739E-05 9.98739E-05 9.98739E-05 9.98739E-05 9.98739E-05 9.98739E-05 0.998602 9.98739E-05 9.98739E-05 9.98739E-05
9.98919E-05 0.0203247 9.98919E-05 9.98919E-05 9.98919E-05 9.98919E-05 9.98919E-05 9.98919E-05 9.98919E-05 9.98919E-05 9.98919E-05 0.16836 0.810117 9.98919E-05 9.98919E-05
9.98832E-05 9.98832E-05 9.98832E-05 9.98832E-05 9.98832E-05 9.98832E-05 9.98832E-05 9.98832E-05 9.98832E-05 0.406154 0.592548 9.98832E-05 9.98832E-05 9.98832E-05 9.98832E-05
9.98832E-05 9.98832E-05 9.98832E-05 9.98832E-05 9.98832E-05 9.98832E-05 9.98832E-05 9.98832E-05 9.98832E-05 0.823062 0.17564 9.98832E-05 9.98832E-05 9.98832E-05 9.98832E-05
0.057742 9.99188E-05 0.0583358 9.99188E-05 9.99188E-05 0.0407937 9.99188E-05 0.0759429 0.755586 9.99188E-05 9.99188E-05 0.0106999 9.99188E-05 9.99188E-05 9.99188E-05
9.98741E-05 9.98741E-05 9.98741E-05 9.98741E-05 9.98741E-05 9.98741E-05 9.98741E-05 9.98741E-05 9.98741E-05 9.98741E-05 0.998602 9.98741E-05 9.98741E-05 9.98741E-05 9.98741E-05
9.9874E-05 9.9874E-05 9.9874E-05 9.9874E-05 9.9874E-05 9.9874E-05 9.9874E-05 9.9874E-05 9.9874E-05 9.9874E-05 0.998602 9.9874E-05 9.9874E-05 9.9874E-05 9.9874E-05
0.0268909 0.0137763 9.99282E-05 0.148804 0.160089 9.99282E-05 9.99282E-05 9.99282E-05 9.99282E-05 0.354617 0.268148 9.99282E-05 0.0268756 9.99282E-05 9.99282E-05
0.0255924 0.0104011 9.99279E-05 0.0747342 0.535596 0.0181353 9.99279E-05 9.99279E-05 9.99279E-05 0.290441 0.044301 9.99279E-05 9.99279E-05 9.99279E-05 9.99279E-05
9.98833E-05 9.98833E-05 9.98833E-05 0.0104872 9.98833E-05 9.98833E-05 0.988214 9.98833E-05 9.98833E-05 9.98833E-05 9.98833E-05 9.98833E-05 9.98833E-05 9.98833E-05 9.98833E-05
9.9901E-05 9.9901E-05 9.9901E-05 9.9901E-05 0.166273 9.9901E-05 9.9901E-05 9.9901E-05 9.9901E-05 0.592764 0.222119 9.9901E-05 9.9901E-05 9.9901E-05 0.0177451
9.99012E-05 9.99012E-05 9.99012E-05 0.65426 0.30772 0.000143919 9.99012E-05 0.0367778 9.99012E-05 9.99012E-05 9.99012E-05 9.99012E-05 9.99012E-05 9.99012E-05 9.99012E-05
0.240773 0.0570336 9.99368E-05 9.99368E-05 0.0183157 0.130311 9.99368E-05 0.0220586 0.450907 9.99368E-05 0.0243581 9.99368E-05 9.99368E-05 0.0555443 9.99368E-05
0.0354071 0.00159335 9.99099E-05 9.99099E-05 9.99099E-05 9.99099E-05 9.99099E-05 9.99099E-05 9.99099E-05 0.356166 0.595779 9.99099E-05 9.99099E-05 0.0100558 9.99099E-05
9.9901E-05 0.0137304 9.9901E-05 9.9901E-05 0.0118364 9.9901E-05 9.9901E-05 0.958487 9.9901E-05 0.0148472 9.9901E-05 9.9901E-05 9.9901E-05 9.9901E-05 9.9901E-05
0.00656513 9.99369E-05 0.523679 9.99369E-05 0.017197 9.99369E-05 0.182582 0.128385 9.99369E-05 0.00363993 9.99369E-05 0.0513642 9.99369E-05 0.0858872 9.99369E-05
0.984142 9.98831E-05 9.98831E-05 9.98831E-05 9.98831E-05 9.98831E-05 9.98831E-05 9.98831E-05 9.98831E-05 0.014559 9.98831E-05 9.98831E-05 9.98831E-05 9.98831E-05 9.98831E-05
0.00425577 9.98919E-05 9.98919E-05 9.98919E-05 9.98919E-05 9.98919E-05 9.98919E-05 9.98919E-05 9.98919E-05 0.0219113 9.98919E-05 9.98919E-05 9.98919E-05 0.972634 9.98919E-05
9.9883E-05 9.9883E-05 0.00104373 9.9883E-05 9.9883E-05 9.9883E-05 9.9883E-05 9.9883E-05 9.9883E-05 9.9883E-05 9.9883E-05 9.9883E-05 9.9883E-05 0.997658 9.9883E-05
0.0344759 0.019409 0.85591 9.99189E-05 9.99189E-05 9.99189E-05 9.99189E-05 0.00823814 9.99189E-05 9.99189E-05 9.99189E-05 9.99189E-05 0.0037085 0.0773592 9.99189E-05
9.99101E-05 9.99101E-05 9.99101E-05 9.99101E-05 9.99101E-05 9.99101E-05 0.0193174 9.99101E-05 0.0831883 9.99101E-05 9.99101E-05 9.99101E-05 0.00728812 0.0451297 0.844077
0.0200181 0.0883885 0.865822 9.99009E-05 9.99009E-05 9.99009E-05 9.99009E-05 0.0246721 9.99009E-05 9.99009E-05 9.99009E-05 9.99009E-05 9.99009E-05 9.99009E-05 9.99009E-05
9.99459E-05 0.149166 0.22836 9.99459E-05 9.99459E-05 0.0315938 0.0335946 0.044193 0.111946 9.99459E-05 9.99459E-05 0.217128 9.99459E-05 0.150622 0.0327966
9.9946E-05 0.1301 0.387981 9.9946E-05 0.0211226 9.9946E-05 0.00152564 0.0410707 9.9946E-05 0.0513982 9.9946E-05 0.0434762 9.9946E-05 0.243694 0.0790317
0.0965527 0.240015 0.299491 0.0369503 9.9946E-05 9.9946E-05 0.0193901 0.145472 0.067701 0.0882964 0.00553259 9.9946E-05 9.9946E-05 9.9946E-05 9.9946E-05
9.98749E-05 9.98749E-05 9.98749E-05 9.98749E-05 9.98749E-05 9.98749E-05 9.98749E-05 0.998602 9.98749E-05 9.98749E-05 9.98749E-05 9.98749E-05 9.98749E-05 9.98749E-05 9.98749E-05
9.98741E-05 9.98741E-05 9.98741E-05 0.998602 9.98741E-05 9.98741E-05 9.98741E-05 9.98741E-05 9.98741E-05 9.98741E-05 9.98741E-05 9.98741E-05 9.98741E-05 9.98741E-05 9.98741E-05
9.98921E-05 0.00540311 9.98921E-05 0.992146 9.98921E-05 9.98921E-05 9.98921E-05 9.98921E-05 9.98921E-05 9.98921E-05 9.98921E-05 9.98921E-05 0.00125188 9.98921E-05 9.98921E-05
9.98742E-05 9.98742E-05 9.98742E-05 0.998602 9.98742E-05 9.98742E-05 9.98742E-05 9.98742E-05 9.98742E-05 9.98742E-05 9.98742E-05 9.98742E-05 9.98742E-05 9.98742E-05 9.98742E-05
9.98832E-05 9.98832E-05 9.98832E-05 0.982675 9.98832E-05 9.98832E-05 9.98832E-05 9.98832E-05 9.98832E-05 0.0160261 9.98832E-05 9.98832E-05 9.98832E-05 9.98832E-05 9.98832E-05
9.98743E-05 9.98743E-05 9.98743E-05 0.998602 9.98743E-05 9.98743E-05 9.98743E-05 9.98743E-05 9.98743E-05 9.98743E-05 9.98743E-05 9.98743E-05 9.98743E-05 9.98743E-05 9.98743E-05
9.99372E-05 9.99372E-05 0.0348913 0.321894 0.348923 9.99372E-05 0.0783153 9.99372E-05 9.99372E-05 9.99372E-05 0.118565 0.0724177 0.00627417 9.99372E-05 0.0180209
9.98921E-05 9.98921E-05 9.98921E-05 0.944646 9.98921E-05 9.98921E-05 0.0491973 9.98921E-05 9.98921E-05 9.98921E-05 9.98921E-05 9.98921E-05 9.98921E-05 9.98921E-05 0.00495821
9.98918E-05 0.0471619 9.98918E-05 9.98918E-05 9.98918E-05 9.98918E-05 9.98918E-05 0.771729 9.98918E-05 9.98918E-05 9.98918E-05 9.98918E-05 9.98918E-05 9.98918E-05 0.17991
9.99097E-05 9.99097E-05 9.99097E-05 0.0426406 9.99097E-05 0.0429606 0.829921 0.0321175 9.99097E-05 9.99097E-05 0.0513615 9.99097E-05 9.99097E-05 9.99097E-05 9.99097E-05
0.0237531 9.98918E-05 9.98918E-05 9.98918E-05 9.98918E-05 9.98918E-05 9.98918E-05 9.98918E-05 9.98918E-05 0.637462 0.337586 9.98918E-05 9.98918E-05 9.98918E-05 9.98918E-05
9.991E-05 9.991E-05 9.991E-05 9.991E-05 9.991E-05 0.0323889 9.991E-05 0.035655 0.757767 9.991E-05 9.991E-05 9.991E-05 9.991E-05 0.122389 0.0508016
9.99012E-05 0.0911621 9.99012E-05 9.99012E-05 9.99012E-05 9.99012E-05 9.99012E-05 0.00940464 0.0212455 9.99012E-05 9.99012E-05 9.99012E-05 9.99012E-05 9.99012E-05 0.877089
9.98745E-05 9.98745E-05 9.98745E-05 9.98745E-05 9.98745E-05 9.98745E-05 9.98745E-05 9.98745E-05 0.998602 9.98745E-05 9.98745E-05 9.98745E-05 9.98745E-05 9.98745E-05 9.98745E-05
9.99099E-05 9.99099E-05 0.102767 9.99099E-05 9.99099E-05 9.99099E-05 9.99099E-05 0.00519802 0.839782 9.99099E-05 9.99099E-05 9.99099E-05 9.99099E-05 0.050962 0.000292547
9.99098E-05 0.0671733 0.0391779 9.99098E-05 9.99098E-05 0.0737815 9.99098E-05 9.99098E-05 0.774736 9.99098E-05 9.99098E-05 9.99098E-05 9.99098E-05 0.0441324 9.99098E-05
9.99012E-05 9.99012E-05 0.0027258 9.99012E-05 9.99012E-05 9.99012E-05 9.99012E-05 0.0724176 9.99012E-05 9.99012E-05 9.99012E-05 9.99012E-05 0.922353 0.00140493 9.99012E-05
9.98835E-05 9.98835E-05 9.98835E-05 9.98835E-05 9.98835E-05 9.98835E-05 9.98835E-05 9.98835E-05 9.98835E-05 0.339438 0.659264 9.98835E-05 9.98835E-05 9.98835E-05 9.98835E-05
0.0206226 9.9982E-05 0.158778 0.140869 0.044576 0.0859292 0.0440253 0.0609021 0.0351886 0.0529088 0.206886 0.0210065 0.0156388 9.9982E-05 0.112469
9.99103E-05 9.99103E-05 9.99103E-05 0.000705799 0.0389339 9.99103E-05 9.99103E-05 9.99103E-05 9.99103E-05 0.860431 0.0606829 9.99103E-05 9.99103E-05 9.99103E-05 0.0382474
0.0423089 9.9901E-05 9.9901E-05 0.0452087 9.9901E-05 9.9901E-05 9.9901E-05 9.9901E-05 9.9901E-05 0.692084 0.2193 9.9901E-05 9.9901E-05 9.9901E-05 9.9901E-05
9.98921E-05 9.98921E-05 9.98921E-05 9.98921E-05 9.98921E-05 9.98921E-05 9.98921E-05 0.0019022 9.98921E-05 9.98921E-05 0.990689 0.00621022 9.98921E-05 9.98921E-05 9.98921E-05
9.98832E-05 9.98832E-05 9.98832E-05 9.98832E-05 9.98832E-05 9.98832E-05 9.98832E-05 9.98832E-05 9.98832E-05 9.98832E-05 0.998118 9.98832E-05 0.000583067 9.98832E-05 9.98832E-05
9.99281E-05 0.0181258 0.0276889 9.99281E-05 0.0896733 0.000897287 9.99281E-05 9.99281E-05 9.99281E-05 0.745248 0.112516 9.99281E-05 9.99281E-05 0.00505116 9.99281E-05
0.018573 0.0145995 9.99099E-05 0.00209512 9.99099E-05 9.99099E-05 9.99099E-05 9.99099E-05 9.99099E-05 0.543379 0.420354 9.99099E-05 9.99099E-05 9.99099E-05 9.99099E-05
9.98829E-05 9.98829E-05 9.98829E-05 0.000240089 0.998461 9.98829E-05 9.98829E-05 9.98829E-05 9.98829E-05 9.98829E-05 9.98829E-05 9.98829E-05 9.98829E-05 9.98829E-05 9.98829E-05
9.9883E-05 9.9883E-05 9.9883E-05 9.9883E-05 0.96953 9.9883E-05 9.9883E-05 9.9883E-05 0.0291714 9.9883E-05 9.9883E-05 9.9883E-05 9.9883E-05 9.9883E-05 9.9883E-05
9.991E-05 9.991E-05 9.991E-05 0.00554397 9.991E-05 9.991E-05 9.991E-05 9.991E-05 9.991E-05 0.812723 0.150887 0.00288192 9.991E-05 9.991E-05 0.0269647
0.00273751 9.99099E-05 9.99099E-05 9.99099E-05 0.00566133 9.99099E-05 9.99099E-05 9.99099E-05 9.99099E-05 0.0256231 9.99099E-05 0.0274983 9.99099E-05 9.99099E-05 0.937481
9.9892E-05 9.9892E-05 9.9892E-05 0.013374 9.9892E-05 9.9892E-05 9.9892E-05 9.9892E-05 9.9892E-05 9.9892E-05 9.9892E-05 0.00553001 9.9892E-05 9.9892E-05 0.979897
9.98922E-05 0.00223513 9.98922E-05 9.98922E-05 9.98922E-05 0.990023 9.98922E-05 0.00654323 9.98922E-05 9.98922E-05 9.98922E-05 9.98922E-05 9.98922E-05 9.98922E-05 9.98922E-05
9.98743E-05 9.98743E-05 9.98743E-05 9.98743E-05 9.98743E-05 0.998602 9.98743E-05 9.98743E-05 9.98743E-05 9.98743E-05 9.98743E-05 9.98743E-05 9.98743E-05 9.98743E-05 9.98743E-05
9.99189E-05 9.99189E-05 0.790975 9.99189E-05 9.99189E-05 9.99189E-05 9.99189E-05 0.0245767 0.00862578 9.99189E-05 0.0279929 9.99189E-05 9.99189E-05 0.136366 0.0105644
9.9919E-05 9.9919E-05 0.725662 9.9919E-05 9.9919E-05 9.9919E-05 0.00522524 9.9919E-05 0.043301 9.9919E-05 0.00814489 9.9919E-05 9.9919E-05 0.160166 0.0566014
0.0370832 9.99012E-05 9.99012E-05 0.0152669 9.99012E-05 0.943402 9.99012E-05 9.99012E-05 9.99012E-05 9.99012E-05 9.99012E-05 0.00314912 9.99012E-05 9.99012E-05 9.99012E-05
9.98742E-05 9.98742E-05 9.98742E-05 9.98742E-05 9.98742E-05 0.998602 9.98742E-05 9.98742E-05 9.98742E-05 9.98742E-05 9.98742E-05 9.98742E-05 9.98742E-05 9.98742E-05 9.98742E-05
9.99009E-05 9.99009E-05 9.99009E-05 0.0308446 9.99009E-05 9.99009E-05 9.99009E-05 0.89891 0.0225738 9.99009E-05 9.99009E-05 9.99009E-05 9.99009E-05 9.99009E-05 0.0465724
9.99101E-05 9.99101E-05 9.99101E-05 9.99101E-05 9.99101E-05 9.99101E-05 0.025272 9.99101E-05 0.122883 9.99101E-05 9.99101E-05 9.99101E-05 0.00130283 0.792448 0.0570952
9.98901E-05 9.98901E-05 9.98901E-05 0.0807609 9.98901E-05 0.00166866 0.910227 0.00624514 9.98901E-05 9.98901E-05 9.98901E-05 9.98901E-05 9.98901E-05 9.98901E-05 9.98901E-05
9.9883E-05 0.986699 9.9883E-05 9.9883E-05 9.9883E-05 9.9883E-05 9.9883E-05 9.9883E-05 9.9883E-05 9.9883E-05 9.9883E-05 0.012003 9.9883E-05 9.9883E-05 9.9883E-05
0.0482058 0.877745 9.99011E-05 9.99011E-05 9.99011E-05 9.99011E-05 9.99011E-05 0.00546976 0.0674806 9.99011E-05 9.99011E-05 9.99011E-05 9.99011E-05 9.99011E-05 9.99011E-05
9.99102E-05 9.99102E-05 9.99102E-05 0.0159789 0.575095 0.0258772 9.99102E-05 9.99102E-05 9.99102E-05 9.99102E-05 0.342971 0.0390784 9.99102E-05 9.99102E-05 9.99102E-05
