9.98829E-05 9.98829E-05 0.935072 9.98829E-05 9.98829E-05 9.98829E-05 9.98829E-05 9.98829E-05 9.98829E-05 9.98829E-05 9.98829E-05 9.98829E-05 0.0636297 9.98829E-05 9.98829E-05
9.99099E-05 0.772776 0.00869508 9.99099E-05 9.99099E-05 9.99099E-05 9.99099E-05 9.99099E-05 0.104817 9.99099E-05 9.99099E-05 0.031237 9.99099E-05 9.99099E-05 0.081475
9.98739E-05 9.98739E-05 9.98739E-05 9.98739E-05 9.98739E-05 9.98739E-05 9.98739E-05 9.98739E-05 9.98739E-05 0.998602 9.98739E-05 9.98739E-05 9.98739E-05 9.98739E-05 9.98739E-05
9.99101E-05 9.99101E-05 9.99101E-05 0.034841 0.005702 9.99101E-05 9.99101E-05 9.99101E-05 0.900947 0.0536086 9.99101E-05 9.99101E-05 0.00390238 9.99101E-05 9.99101E-05
9.99551E-05 0.132279 0.0086323 9.99551E-05 0.0827515 0.101038 0.163101 9.99551E-05 0.31124 0.0445521 9.99551E-05 9.99551E-05 0.132459 0.0107774 0.0126703
9.99011E-05 9.99011E-05 9.99011E-05 9.99011E-05 9.99011E-05 9.99011E-05 9.99011E-05 9.99011E-05 0.947802 0.0258925 9.99011E-05 9.99011E-05 9.99011E-05 0.00569903 0.019508
9.98741E-05 9.98741E-05 9.98741E-05 9.98741E-05 9.98741E-05 9.98741E-05 0.998602 9.98741E-05 9.98741E-05 9.98741E-05 9.98741E-05 9.98741E-05 9.98741E-05 9.98741E-05 9.98741E-05
9.99278E-05 0.0611801 9.99278E-05 0.00621038 0.0396949 0.665782 9.99278E-05 9.99278E-05 0.0341843 0.0656791 9.99278E-05 9.99278E-05 0.12647 9.99278E-05 9.99278E-05
9.9901E-05 0.0404623 9.9901E-05 9.9901E-05 0.00522566 9.9901E-05 0.943648 9.9901E-05 9.9901E-05 9.9901E-05 9.9901E-05 9.9901E-05 9.9901E-05 9.9901E-05 0.00956505
9.98831E-05 9.98831E-05 9.98831E-05 9.98831E-05 9.98831E-05 9.98831E-05 0.160917 9.98831E-05 9.98831E-05 9.98831E-05 9.98831E-05 9.98831E-05 0.837784 9.98831E-05 9.98831E-05
9.98831E-05 9.98831E-05 9.98831E-05 9.98831E-05 9.98831E-05 9.98831E-05 0.153196 9.98831E-05 9.98831E-05 9.98831E-05 9.98831E-05 9.98831E-05 0.845505 9.98831E-05 9.98831E-05
0.0059013 9.991E-05 0.65228 0.125338 9.991E-05 9.991E-05 9.991E-05 0.184225 9.991E-05 0.0312571 9.991E-05 9.991E-05 9.991E-05 9.991E-05 9.991E-05
9.98922E-05 9.98922E-05 9.98922E-05 9.98922E-05 9.98922E-05 9.98922E-05 0.035573 0.947492 0.0157364 9.98922E-05 9.98922E-05 9.98922E-05 9.98922E-05 9.98922E-05 9.98922E-05
0.0367715 0.0271738 9.99011E-05 9.99011E-05 9.99011E-05 9.99011E-05 9.99011E-05 9.99011E-05 0.905561 9.99011E-05 9.99011E-05 9.99011E-05 9.99011E-05 9.99011E-05 0.0293947
0.0225262 9.99011E-05 0.0124057 9.99011E-05 9.99011E-05 9.99011E-05 9.99011E-05 9.99011E-05 0.950049 9.99011E-05 9.99011E-05 9.99011E-05 0.0139206 9.99011E-05 9.99011E-05
9.9901E-05 9.9901E-05 9.9901E-05 9.9901E-05 9.9901E-05 9.9901E-05 9.9901E-05 0.176364 9.9901E-05 9.9901E-05 9.9901E-05 0.742827 0.0409904 9.9901E-05 0.0387189
9.98918E-05 9.98918E-05 9.98918E-05 9.98918E-05 9.98918E-05 9.98918E-05 9.98918E-05 9.98918E-05 9.98918E-05 9.98918E-05 0.0058212 9.98918E-05 0.0951906 9.98918E-05 0.897789
0.853624 0.00651215 9.99099E-05 9.99099E-05 0.0153124 9.99099E-05 9.99099E-05 9.99099E-05 9.99099E-05 9.99099E-05 9.99099E-05 0.0326261 0.0909259 9.99099E-05 9.99099E-05
0.0136835 9.9892E-05 9.9892E-05 9.9892E-05 9.9892E-05 9.9892E-05 9.9892E-05 9.9892E-05 9.9892E-05 9.9892E-05 0.831832 9.9892E-05 9.9892E-05 0.153286 9.9892E-05
9.99099E-05 9.99099E-05 0.0599142 0.0527082 9.99099E-05 9.99099E-05 9.99099E-05 9.99099E-05 9.99099E-05 9.99099E-05 9.99099E-05 0.307178 0.532063 9.99099E-05 0.0471371
0.947906 9.9892E-05 9.9892E-05 9.9892E-05 9.9892E-05 9.9892E-05 9.9892E-05 9.9892E-05 9.9892E-05 9.9892E-05 0.0443139 9.9892E-05 9.9892E-05 0.00658114 9.9892E-05
0.00252971 9.99279E-05 0.501145 0.00302083 9.99279E-05 9.99279E-05 9.99279E-05 0.0374956 9.99279E-05 9.99279E-05 9.99279E-05 0.287285 0.103176 9.99279E-05 0.0645489
9.99189E-05 9.99189E-05 9.99189E-05 0.138204 0.0288112 9.99189E-05 9.99189E-05 9.99189E-05 0.0176328 9.99189E-05 0.525363 9.99189E-05 0.211392 9.99189E-05 0.0776982
9.98738E-05 9.98738E-05 9.98738E-05 9.98738E-05 9.98738E-05 9.98738E-05 9.98738E-05 9.98738E-05 9.98738E-05 9.98738E-05 0.998602 9.98738E-05 9.98738E-05 9.98738E-05 9.98738E-05
9.98833E-05 9.98833E-05 9.98833E-05 9.98833E-05 0.0228103 9.98833E-05 9.98833E-05 9.98833E-05 0.975891 9.98833E-05 9.98833E-05 9.98833E-05 9.98833E-05 9.98833E-05 9.98833E-05
9.98745E-05 9.98745E-05 9.98745E-05 9.98745E-05 9.98745E-05 9.98745E-05 9.98745E-05 9.98745E-05 0.998602 9.98745E-05 9.98745E-05 9.98745E-05 9.98745E-05 9.98745E-05 9.98745E-05
9.99098E-05 9.99098E-05 0.0438746 0.0447461 9.99098E-05 9.99098E-05 9.99098E-05 0.738643 9.99098E-05 9.99098E-05 9.99098E-05 9.99098E-05 0.132759 9.99098E-05 0.0389787
9.99011E-05 9.99011E-05 9.99011E-05 9.99011E-05 0.0507567 9.99011E-05 0.0265105 0.0112688 0.910365 9.99011E-05 9.99011E-05 9.99011E-05 9.99011E-05 9.99011E-05 9.99011E-05
9.9919E-05 0.00859181 9.9919E-05 9.9919E-05 0.0489443 9.9919E-05 0.00327063 0.0152691 0.902531 0.0204936 9.9919E-05 9.9919E-05 9.9919E-05 9.9919E-05 9.9919E-05
9.99192E-05 0.0453611 9.99192E-05 9.99192E-05 0.133561 0.199107 9.99192E-05 0.0122412 0.560416 9.99192E-05 9.99192E-05 9.99192E-05 9.99192E-05 0.0484142 9.99192E-05
9.99189E-05 9.99189E-05 9.99189E-05 0.0281681 0.0374448 0.590499 9.99189E-05 9.99189E-05 0.292078 9.99189E-05 9.99189E-05 9.99189E-05 0.00533728 9.99189E-05 0.0455731
9.98744E-05 0.998602 9.98744E-05 9.98744E-05 9.98744E-05 9.98744E-05 9.98744E-05 9.98744E-05 9.98744E-05 9.98744E-05 9.98744E-05 9.98744E-05 9.98744E-05 9.98744E-05 9.98744E-05
9.98832E-05 9.98832E-05 9.98832E-05 9.98832E-05 9.98832E-05 0.193826 9.98832E-05 9.98832E-05 0.804875 9.98832E-05 9.98832E-05 9.98832E-05 9.98832E-05 9.98832E-05 9.98832E-05
9.99191E-05 9.99191E-05 0.000847044 9.99191E-05 0.690024 0.296121 0.000345941 9.99191E-05 9.99191E-05 0.0079683 9.99191E-05 0.00379454 9.99191E-05 9.99191E-05 9.99191E-05
9.99187E-05 9.99187E-05 9.99187E-05 0.076503 0.000522264 0.0393363 9.99187E-05 0.49224 9.99187E-05 9.99187E-05 9.99187E-05 9.99187E-05 0.10281 9.99187E-05 0.287689
9.99099E-05 9.99099E-05 0.00546002 9.99099E-05 9.99099E-05 0.055472 0.00669909 9.99099E-05 0.917746 9.99099E-05 9.99099E-05 9.99099E-05 9.99099E-05 9.99099E-05 0.0136241
9.9892E-05 9.9892E-05 0.923878 9.9892E-05 9.9892E-05 0.0405875 9.9892E-05 9.9892E-05 9.9892E-05 9.9892E-05 9.9892E-05 9.9892E-05 9.9892E-05 9.9892E-05 0.0343358
0.0077417 0.194293 0.098114 9.9955E-05 9.9955E-05 0.0195718 0.00200474 0.00424666 0.00114521 9.9955E-05 9.9955E-05 9.9955E-05 0.658457 0.000434605 0.0134913
9.98829E-05 9.98829E-05 9.98829E-05 9.98829E-05 9.98829E-05 0.00273674 9.98829E-05 9.98829E-05 9.98829E-05 9.98829E-05 9.98829E-05 9.98829E-05 9.98829E-05 9.98829E-05 0.995965
9.99188E-05 9.99188E-05 0.216358 9.99188E-05 9.99188E-05 9.99188E-05 9.99188E-05 9.99188E-05 0.0952955 9.99188E-05 9.99188E-05 0.27879 0.261378 0.0018112 0.145468
0.0164255 0.0227598 0.243233 0.0107142 9.99368E-05 9.99368E-05 9.99368E-05 9.99368E-05 0.0170426 9.99368E-05 9.99368E-05 0.266127 0.31385 9.99368E-05 0.109148
9.99189E-05 9.99189E-05 0.00719945 9.99189E-05 9.99189E-05 9.99189E-05 9.99189E-05 0.000714349 9.99189E-05 9.99189E-05 9.99189E-05 0.0286139 0.95317 0.00567749 0.00372513
9.9901E-05 9.9901E-05 9.9901E-05 9.9901E-05 9.9901E-05 9.9901E-05 0.096143 0.0197131 9.9901E-05 9.9901E-05 0.0140256 0.869019 9.9901E-05 9.9901E-05 9.9901E-05
9.991E-05 9.991E-05 0.0115995 0.00686585 9.991E-05 9.991E-05 9.991E-05 0.00576551 9.991E-05 9.991E-05 9.991E-05 9.991E-05 0.951548 9.991E-05 0.0232217
9.99279E-05 0.076245 0.0249508 0.058418 9.99279E-05 9.99279E-05 9.99279E-05 0.139381 9.99279E-05 9.99279E-05 0.160763 0.0609685 0.478475 9.99279E-05 9.99279E-05
9.9937E-05 0.0167876 0.114192 9.9937E-05 9.9937E-05 0.0072734 9.9937E-05 0.068005 0.0851463 9.9937E-05 9.9937E-05 0.105242 0.534698 0.0679568 9.9937E-05
9.99459E-05 9.99459E-05 0.174522 9.99459E-05 0.0546814 9.99459E-05 0.0446861 0.101347 0.0522335 0.0193927 9.99459E-05 9.99459E-05 0.206246 0.015953 0.330339
9.98749E-05 9.98749E-05 0.998602 9.98749E-05 9.98749E-05 9.98749E-05 9.98749E-05 9.98749E-05 9.98749E-05 9.98749E-05 9.98749E-05 9.98749E-05 9.98749E-05 9.98749E-05 9.98749E-05
9.98741E-05 9.98741E-05 9.98741E-05 9.98741E-05 0.998602 9.98741E-05 9.98741E-05 9.98741E-05 9.98741E-05 9.98741E-05 9.98741E-05 9.98741E-05 9.98741E-05 9.98741E-05 9.98741E-05
0.0134779 9.98921E-05 9.98921E-05 9.98921E-05 0.963319 9.98921E-05 9.98921E-05 9.98921E-05 9.98921E-05 9.98921E-05 9.98921E-05 9.98921E-05 9.98921E-05 9.98921E-05 0.0220046
9.98832E-05 9.98832E-05 9.98832E-05 9.98832E-05 0.997439 9.98832E-05 9.98832E-05 9.98832E-05 0.00126268 9.98832E-05 9.98832E-05 9.98832E-05 9.98832E-05 9.98832E-05 9.98832E-05
9.98742E-05 9.98742E-05 9.98742E-05 9.98742E-05 0.998602 9.98742E-05 9.98742E-05 9.98742E-05 9.98742E-05 9.98742E-05 9.98742E-05 9.98742E-05 9.98742E-05 9.98742E-05 9.98742E-05
9.98742E-05 9.98742E-05 9.98742E-05 9.98742E-05 0.998602 9.98742E-05 9.98742E-05 9.98742E-05 9.98742E-05 9.98742E-05 9.98742E-05 9.98742E-05 9.98742E-05 9.98742E-05 9.98742E-05
9.99281E-05 0.0287748 9.99281E-05 9.99281E-05 0.342215 0.445565 0.0559731 9.99281E-05 9.99281E-05 9.99281E-05 0.049404 0.0737661 0.0035031 9.99281E-05 9.99281E-05
9.99011E-05 0.0655994 0.00907497 9.99011E-05 0.905235 9.99011E-05 9.99011E-05 9.99011E-05 9.99011E-05 9.99011E-05 9.99011E-05 0.0189913 9.99011E-05 9.99011E-05 9.99011E-05
9.99009E-05 9.99009E-05 0.79318 9.99009E-05 9.99009E-05 9.99009E-05 0.0182832 0.00999397 9.99009E-05 9.99009E-05 9.99009E-05 0.177444 9.99009E-05 9.99009E-05 9.99009E-05
9.99009E-05 0.917013 9.99009E-05 9.99009E-05 0.0304749 9.99009E-05 0.0444961 9.99009E-05 9.99009E-05 0.00691711 9.99009E-05 9.99009E-05 9.99009E-05 9.99009E-05 9.99009E-05
9.98919E-05 0.0315317 9.98919E-05 9.98919E-05 9.98919E-05 9.98919E-05 9.98919E-05 9.98919E-05 0.941818 9.98919E-05 9.98919E-05 9.98919E-05 9.98919E-05 9.98919E-05 0.0254517
0.00968502 9.9901E-05 9.9901E-05 0.0425419 9.9901E-05 9.9901E-05 9.9901E-05 0.798933 9.9901E-05 9.9901E-05 9.9901E-05 0.147741 9.9901E-05 9.9901E-05 9.9901E-05
9.98833E-05 9.98833E-05 9.98833E-05 9.98833E-05 9.98833E-05 9.98833E-05 9.98833E-05 0.0860962 9.98833E-05 9.98833E-05 9.98833E-05 0.912605 9.98833E-05 9.98833E-05 9.98833E-05
9.98925E-05 9.98925E-05 9.98925E-05 9.98925E-05 9.98925E-05 9.98925E-05 0.00444316 0.993035 9.98925E-05 9.98925E-05 0.00132304 9.98925E-05 9.98925E-05 9.98925E-05 9.98925E-05
9.98829E-05 9.98829E-05 9.98829E-05 9.98829E-05 9.98829E-05 9.98829E-05 9.98829E-05 0.893643 9.98829E-05 9.98829E-05 9.98829E-05 9.98829E-05 0.105059 9.98829E-05 9.98829E-05
9.99008E-05 9.99008E-05 9.99008E-05 0.0656027 9.99008E-05 9.99008E-05 9.99008E-05 0.776418 9.99008E-05 9.99008E-05 0.0129638 9.99008E-05 0.143916 9.99008E-05 9.99008E-05
9.98741E-05 9.98741E-05 9.98741E-05 9.98741E-05 9.98741E-05 9.98741E-05 9.98741E-05 9.98741E-05 9.98741E-05 9.98741E-05 9.98741E-05 9.98741E-05 9.98741E-05 0.998602 9.98741E-05
9.98836E-05 9.98836E-05 9.98836E-05 9.98836E-05 9.98836E-05 9.98836E-05 9.98836E-05 9.98836E-05 0.979784 0.0189177 9.98836E-05 9.98836E-05 9.98836E-05 9.98836E-05 9.98836E-05
9.9982E-05 0.0488421 0.0368546 0.0604641 0.0234677 0.029558 0.00141535 0.0409213 0.238646 0.117411 9.9982E-05 0.0260581 0.281678 0.0407343 0.0537492
9.98923E-05 9.98923E-05 9.98923E-05 9.98923E-05 9.98923E-05 9.98923E-05 9.98923E-05 9.98923E-05 0.7602 0.228113 9.98923E-05 0.0104877 9.98923E-05 9.98923E-05 9.98923E-05
9.99191E-05 9.99191E-05 0.00295012 9.99191E-05 0.0240339 9.99191E-05 0.0276758 9.99191E-05 0.876159 0.0267628 9.99191E-05 9.99191E-05 9.99191E-05 9.99191E-05 0.0415193
9.99011E-05 9.99011E-05 9.99011E-05 9.99011E-05 0.0444151 0.0592902 9.99011E-05 9.99011E-05 0.874236 9.99011E-05 9.99011E-05 0.0209594 9.99011E-05 9.99011E-05 9.99011E-05
9.99191E-05 9.99191E-05 0.00737558 9.99191E-05 0.0164746 0.0553194 9.99191E-05 9.99191E-05 0.881751 9.99191E-05 0.00378171 0.0343987 9.99191E-05 9.99191E-05 9.99191E-05
9.99102E-05 9.99102E-05 0.00414595 0.0106047 9.99102E-05 0.122449 9.99102E-05 9.99102E-05 0.813854 9.99102E-05 9.99102E-05 9.99102E-05 0.0479473 9.99102E-05 9.99102E-05
9.9892E-05 9.9892E-05 9.9892E-05 9.9892E-05 9.9892E-05 0.00886824 9.9892E-05 9.9892E-05 0.949993 9.9892E-05 9.9892E-05 9.9892E-05 9.9892E-05 9.9892E-05 0.0399396
9.98829E-05 9.98829E-05 9.98829E-05 9.98829E-05 0.00665496 0.992047 9.98829E-05 9.98829E-05 9.98829E-05 9.98829E-05 9.98829E-05 9.98829E-05 9.98829E-05 9.98829E-05 9.98829E-05
9.98921E-05 9.98921E-05 9.98921E-05 9.98921E-05 9.98921E-05 0.929724 0.0331984 0.0358788 9.98921E-05 9.98921E-05 9.98921E-05 9.98921E-05 9.98921E-05 9.98921E-05 9.98921E-05
9.99191E-05 9.99191E-05 9.99191E-05 0.00102533 0.0287875 9.99191E-05 9.99191E-05 9.99191E-05 0.871223 0.0751466 9.99191E-05 0.00242116 0.0204976 9.99191E-05 9.99191E-05
9.9901E-05 9.9901E-05 9.9901E-05 0.00849651 0.0108487 0.0146334 9.9901E-05 9.9901E-05 9.9901E-05 9.9901E-05 9.9901E-05 0.964923 9.9901E-05 9.9901E-05 9.9901E-05
9.98702E-05 9.98702E-05 9.98702E-05 9.98702E-05 0.0306988 9.98702E-05 9.98702E-05 9.98702E-05 9.98702E-05 9.98702E-05 9.98702E-05 0.968003 9.98702E-05 9.98702E-05 9.98702E-05
9.98742E-05 9.98742E-05 9.98742E-05 0.998602 9.98742E-05 9.98742E-05 9.98742E-05 9.98742E-05 9.98742E-05 9.98742E-05 9.98742E-05 9.98742E-05 9.98742E-05 9.98742E-05 9.98742E-05
0.0018051 9.98832E-05 9.98832E-05 0.996896 9.98832E-05 9.98832E-05 9.98832E-05 9.98832E-05 9.98832E-05 9.98832E-05 9.98832E-05 9.98832E-05 9.98832E-05 9.98832E-05 9.98832E-05
9.99009E-05 0.0546082 0.0207004 9.99009E-05 9.99009E-05 9.99009E-05 9.99009E-05 9.99009E-05 9.99009E-05 9.99009E-05 9.99009E-05 0.103002 0.82059 9.99009E-05 9.99009E-05
0.0136482 0.0498277 0.00157044 9.99189E-05 9.99189E-05 9.99189E-05 9.99189E-05 0.0550227 9.99189E-05 9.99189E-05 9.99189E-05 0.13682 0.742211 9.99189E-05 9.99189E-05
9.98922E-05 0.0149322 9.98922E-05 0.967848 9.98922E-05 9.98922E-05 9.98922E-05 9.98922E-05 9.98922E-05 9.98922E-05 9.98922E-05 0.0160209 9.98922E-05 9.98922E-05 9.98922E-05
9.98742E-05 9.98742E-05 9.98742E-05 0.998602 9.98742E-05 9.98742E-05 9.98742E-05 9.98742E-05 9.98742E-05 9.98742E-05 9.98742E-05 9.98742E-05 9.98742E-05 9.98742E-05 9.98742E-05
9.99009E-05 9.99009E-05 0.933527 9.99009E-05 0.0212249 9.99009E-05 0.00856738 0.0355822 9.99009E-05 9.99009E-05 9.99009E-05 9.99009E-05 9.99009E-05 9.99009E-05 9.99009E-05
0.0225391 0.0390296 0.0153846 9.9937E-05 9.9937E-05 9.9937E-05 0.114041 0.145569 9.9937E-05 9.9937E-05 0.0597738 0.48237 0.120594 9.9937E-05 9.9937E-05
9.9892E-05 0.891405 9.9892E-05 9.9892E-05 0.0387669 9.9892E-05 0.0686291 9.9892E-05 9.9892E-05 9.9892E-05 9.9892E-05 9.9892E-05 9.9892E-05 9.9892E-05 9.9892E-05
9.99192E-05 9.99192E-05 9.99192E-05 0.0347884 9.99192E-05 9.99192E-05 9.99192E-05 0.226001 0.0477609 9.99192E-05 0.196226 9.99192E-05 0.195769 9.99192E-05 0.298555
0.0434538 9.99282E-05 0.0506654 0.111221 9.99282E-05 9.99282E-05 9.99282E-05 0.308302 9.99282E-05 9.99282E-05 0.0163998 0.0161026 9.99282E-05 9.99282E-05 0.453055
0.0391734 9.99101E-05 9.99101E-05 0.0266818 9.99101E-05 0.660993 9.99101E-05 9.99101E-05 0.26986 0.00229298 9.99101E-05 9.99101E-05 9.99101E-05 9.99101E-05 9.99101E-05
