9.998E-05 0.9997 9.998E-05 9.998E-05
9.999E-05 0.419294 0.285799 0.294807
0.0575416 9.99911E-05 0.887867 0.054491
9.998E-05 9.998E-05 0.9997 9.998E-05
9.999E-05 0.292443 0.428452 0.279005
9.998E-05 9.998E-05 0.9997 9.998E-05
9.999E-05 0.541357 0.015207 0.443336
9.999E-05 0.0861432 0.430252 0.483505
9.99821E-05 0.508477 9.99821E-05 0.491323
9.9982E-05 0.844188 9.9982E-05 0.155612
9.9982E-05 0.857623 9.9982E-05 0.142177
9.9982E-05 0.940014 0.0597861 9.9982E-05
9.99821E-05 0.929145 0.0706554 9.99821E-05
0.0216951 0.000673294 0.977532 9.9991E-05
9.9982E-05 0.0193885 0.980412 9.9982E-05
9.9991E-05 0.941878 0.00439369 0.0536278
0.165643 0.771791 0.0624659 9.9991E-05
0.751467 0.13834 9.9991E-05 0.110094
0.9997 9.998E-05 9.998E-05 9.998E-05
9.9982E-05 0.982154 9.9982E-05 0.017646
0.9997 9.998E-05 9.998E-05 9.998E-05
9.998E-05 0.9997 9.998E-05 9.998E-05
0.540892 0.337039 0.098657 0.0234122
0.982818 0.0169817 9.9982E-05 9.9982E-05
9.9982E-05 9.9982E-05 0.994939 0.00486077
9.998E-05 9.998E-05 0.9997 9.998E-05
9.998E-05 0.9997 9.998E-05 9.998E-05
9.9982E-05 9.9982E-05 0.914676 0.085124
9.9982E-05 9.9982E-05 0.904586 0.0952143
0.0214149 9.9991E-05 0.664529 0.313956
0.0201039 9.9991E-05 0.643269 0.336527
9.9991E-05 0.262463 0.0825172 0.65492
9.998E-05 9.998E-05 0.9997 9.998E-05
9.9982E-05 9.9982E-05 0.085562 0.914238
9.9982E-05 0.904582 0.0952183 9.9982E-05
9.998E-05 9.998E-05 0.9997 9.998E-05
9.99821E-05 0.917612 0.0821881 9.99821E-05
0.00461526 0.750547 0.035845 0.208993
0.154357 0.633722 0.211821 9.9991E-05
9.99819E-05 0.848552 0.151248 9.99819E-05
9.9991E-05 0.903534 0.0959488 0.000417405
0.0159114 0.962176 9.9991E-05 0.0218123
9.9982E-05 0.905558 9.9982E-05 0.0942421
0.00555685 0.915032 9.9991E-05 0.0793111
0.135323 0.812834 9.9991E-05 0.0517427
0.0436309 0.817138 0.0588545 0.0803769
9.9991E-05 0.812126 0.112028 0.075746
0.011019 0.976602 9.99911E-05 0.0122787
9.998E-05 9.998E-05 9.998E-05 0.9997
9.998E-05 9.998E-05 9.998E-05 0.9997
9.998E-05 9.998E-05 9.998E-05 0.9997
9.998E-05 9.998E-05 9.998E-05 0.9997
9.998E-05 9.998E-05 9.998E-05 0.9997
0.0314986 0.0906313 0.215715 0.662155
9.998E-05 9.998E-05 9.998E-05 0.9997
9.998E-05 0.9997 9.998E-05 9.998E-05
9.9991E-05 0.302913 0.0760321 0.620955
9.998E-05 9.998E-05 0.9997 9.998E-05
9.998E-05 0.9997 9.998E-05 9.998E-05
9.9991E-05 0.904455 0.0620455 0.0334
9.99822E-05 0.994544 0.00525579 9.99822E-05
9.998E-05 0.9997 9.998E-05 9.998E-05
0.00861218 0.991188 9.9982E-05 9.9982E-05
0.944133 0.00377326 9.9991E-05 0.0519942
9.998E-05 9.998E-05 0.9997 9.998E-05
0.0782019 0.407035 0.416524 0.098239
9.99821E-05 0.012427 0.987373 9.99821E-05
9.9982E-05 9.9982E-05 0.973609 0.0261909
9.9982E-05 9.9982E-05 0.892706 0.107094
0.000778176 0.0151087 0.926372 0.0577416
9.9991E-05 0.0429529 0.950267 0.00667988
9.998E-05 9.998E-05 0.9997 9.998E-05
9.99821E-05 9.99821E-05 0.522789 0.477011
0.0312276 9.99911E-05 0.549355 0.419318
9.9991E-05 0.0322946 0.951301 0.0163048
9.9991E-05 0.798152 0.0279981 0.17375
9.9991E-05 0.809484 0.0276073 0.162809
0.237557 0.615752 0.146592 9.9991E-05
0.230895 0.643545 0.12546 9.9991E-05
9.99819E-05 0.894522 9.99819E-05 0.105279
9.99819E-05 0.886272 9.99819E-05 0.113528
0.215633 0.628176 0.133421 0.0227703
0.220692 0.622523 0.156685 9.9991E-05
9.9982E-05 0.96631 9.9982E-05 0.0334898
0.0297489 0.917254 9.9991E-05 0.052897
9.9991E-05 0.333743 0.0329256 0.633231
0.181493 0.723281 0.0951259 9.9991E-05
0.133736 0.862524 0.00363983 9.9991E-05
0.0375738 9.9991E-05 0.616979 0.345348
