9.99099E-05 9.99099E-05 9.99099E-05 0.050696 9.99099E-05 9.99099E-05 0.948305 9.99099E-05 9.99099E-05 9.99099E-05 9.99099E-05 9.99099E-05
0.144918 9.9937E-05 9.9937E-05 0.0372605 0.741614 9.9937E-05 0.0687504 9.9937E-05 0.00675769 9.9937E-05 9.9937E-05 9.9937E-05
0.739363 0.0566236 0.0620597 9.99465E-05 9.99465E-05 9.99465E-05 9.99465E-05 9.99465E-05 0.0393099 0.0573833 9.99465E-05 0.0446607
0.940778 9.9928E-05 9.9928E-05 0.0264564 9.9928E-05 9.9928E-05 9.9928E-05 9.9928E-05 0.0225408 9.9928E-05 0.00942501 9.9928E-05
0.349831 0.119544 9.99551E-05 0.105379 0.132131 9.99551E-05 0.0308397 9.99551E-05 9.99551E-05 0.202747 0.0590296 9.99551E-05
0.958972 9.9928E-05 9.9928E-05 0.0146223 9.9928E-05 9.9928E-05 9.9928E-05 0.009516 0.0160899 9.9928E-05 9.9928E-05 9.9928E-05
9.9901E-05 9.9901E-05 9.9901E-05 9.9901E-05 9.9901E-05 9.9901E-05 9.9901E-05 9.9901E-05 9.9901E-05 0.998901 9.9901E-05 9.9901E-05
0.0315971 0.726719 9.99459E-05 0.0630251 0.102598 9.99459E-05 9.99459E-05 9.99459E-05 0.00501243 9.99459E-05 0.070448 9.99459E-05
9.99101E-05 9.99101E-05 9.99101E-05 9.99101E-05 0.0688756 0.0111236 9.99101E-05 9.99101E-05 9.99101E-05 0.919102 9.99101E-05 9.99101E-05
9.991E-05 9.991E-05 9.991E-05 0.868016 9.991E-05 9.991E-05 9.991E-05 9.991E-05 9.991E-05 0.130985 9.991E-05 9.991E-05
9.991E-05 9.991E-05 9.991E-05 0.866021 9.991E-05 9.991E-05 9.991E-05 9.991E-05 9.991E-05 0.13298 9.991E-05 9.991E-05
0.0188631 9.9937E-05 0.169051 9.9937E-05 9.9937E-05 9.9937E-05 0.672614 9.9937E-05 0.133077 0.00569535 9.9937E-05 9.9937E-05
9.99192E-05 0.0257328 0.943773 9.99192E-05 9.99192E-05 9.99192E-05 9.99192E-05 9.99192E-05 9.99192E-05 0.0295945 9.99192E-05 9.99192E-05
0.941817 9.99281E-05 9.99281E-05 9.99281E-05 0.0124506 9.99281E-05 0.0261389 9.99281E-05 9.99281E-05 9.99281E-05 9.99281E-05 0.0187945
0.953613 9.99281E-05 9.99281E-05 0.00340784 9.99281E-05 9.99281E-05 0.0392798 9.99281E-05 9.99281E-05 9.99281E-05 9.99281E-05 0.0028994
9.9919E-05 9.9919E-05 0.178896 0.0249118 9.9919E-05 0.795293 9.9919E-05 9.9919E-05 9.9919E-05 9.9919E-05 9.9919E-05 9.9919E-05
9.9937E-05 9.9937E-05 0.226527 0.275572 9.9937E-05 0.0995625 9.9937E-05 9.9937E-05 0.315453 9.9937E-05 9.9937E-05 0.0821861
9.99459E-05 9.99459E-05 9.99459E-05 0.131939 0.0369425 0.0423518 0.0371108 9.99459E-05 9.99459E-05 9.99459E-05 0.0131067 0.73795
9.9919E-05 9.9919E-05 9.9919E-05 9.9919E-05 9.9919E-05 9.9919E-05 9.9919E-05 0.782945 0.0750022 9.9919E-05 9.9919E-05 0.141153
9.99279E-05 9.99279E-05 9.99279E-05 0.512245 9.99279E-05 0.336448 0.084666 9.99279E-05 0.0658413 9.99279E-05 9.99279E-05 9.99279E-05
9.991E-05 9.991E-05 9.991E-05 9.991E-05 9.991E-05 9.991E-05 9.991E-05 0.0490252 9.991E-05 9.991E-05 9.991E-05 0.949976
9.99459E-05 9.99459E-05 0.092429 0.114369 9.99459E-05 0.255352 0.503982 0.0184956 0.0147732 9.99459E-05 9.99459E-05 9.99459E-05
0.00659858 9.9937E-05 9.9937E-05 0.261702 9.9937E-05 9.9937E-05 9.9937E-05 9.9937E-05 0.246483 9.9937E-05 0.0117837 0.472734
9.9928E-05 9.9928E-05 9.9928E-05 0.0404511 9.9928E-05 9.9928E-05 9.9928E-05 0.0276377 0.00512597 9.9928E-05 9.9928E-05 0.925986
0.983359 9.99102E-05 9.99102E-05 9.99102E-05 9.99102E-05 9.99102E-05 9.99102E-05 9.99102E-05 9.99102E-05 0.0156421 9.99102E-05 9.99102E-05
0.998901 9.99012E-05 9.99012E-05 9.99012E-05 9.99012E-05 9.99012E-05 9.99012E-05 9.99012E-05 9.99012E-05 9.99012E-05 9.99012E-05 9.99012E-05
9.99368E-05 9.99368E-05 0.848836 0.0538288 9.99368E-05 0.00814932 0.0551016 9.99368E-05 0.0333846 9.99368E-05 9.99368E-05 9.99368E-05
0.9095 0.0219955 9.9919E-05 9.9919E-05 9.9919E-05 9.9919E-05 9.9919E-05 9.9919E-05 9.9919E-05 9.9919E-05 0.0676052 9.9919E-05
0.888456 9.9946E-05 0.0260604 9.9946E-05 0.01092 0.00725709 9.9946E-05 9.9946E-05 9.9946E-05 0.0204885 0.0462185 9.9946E-05
0.561269 0.287074 0.00393728 9.9955E-05 0.0177902 9.9955E-05 9.9955E-05 0.0594052 0.00388709 9.9955E-05 0.0661376 9.9955E-05
0.298058 0.600488 9.99279E-05 9.99279E-05 9.99279E-05 9.99279E-05 9.99279E-05 9.99279E-05 0.0366931 9.99279E-05 0.0639622 9.99279E-05
9.99013E-05 9.99013E-05 9.99013E-05 9.99013E-05 0.998901 9.99013E-05 9.99013E-05 9.99013E-05 9.99013E-05 9.99013E-05 9.99013E-05 9.99013E-05
0.852435 0.146566 9.99101E-05 9.99101E-05 9.99101E-05 9.99101E-05 9.99101E-05 9.99101E-05 9.99101E-05 9.99101E-05 9.99101E-05 9.99101E-05
9.99102E-05 0.317546 9.99102E-05 9.99102E-05 9.99102E-05 9.99102E-05 9.99102E-05 9.99102E-05 9.99102E-05 9.99102E-05 0.681455 9.99102E-05
9.99368E-05 0.0781233 0.615401 0.1237 9.99368E-05 9.99368E-05 0.0105314 9.99368E-05 0.171545 9.99368E-05 9.99368E-05 9.99368E-05
0.931459 0.0240016 0.00320229 9.99369E-05 9.99369E-05 0.0132942 9.99369E-05 9.99369E-05 9.99369E-05 0.0273435 9.99369E-05 9.99369E-05
9.991E-05 0.0350405 9.991E-05 9.991E-05 9.991E-05 9.991E-05 0.96396 9.991E-05 9.991E-05 9.991E-05 9.991E-05 9.991E-05
0.002352 0.0491743 9.99369E-05 0.659906 0.161847 9.99369E-05 0.126022 9.99369E-05 9.99369E-05 9.99369E-05 9.99369E-05 9.99369E-05
0.0170878 0.167238 0.189655 0.136279 9.9964E-05 0.0456225 0.0204394 9.9964E-05 0.345916 9.9964E-05 9.9964E-05 0.0773629
0.129623 9.99459E-05 9.99459E-05 0.346237 9.99459E-05 0.226734 0.275434 0.0033886 0.0179829 9.99459E-05 9.99459E-05 9.99459E-05
0.0545457 9.99459E-05 9.99459E-05 0.337788 0.0148283 0.209524 0.316902 9.99459E-05 0.0658125 9.99459E-05 9.99459E-05 9.99459E-05
9.99369E-05 9.99369E-05 0.012253 0.940342 9.99369E-05 0.0179101 0.0258007 0.00299437 9.99369E-05 9.99369E-05 9.99369E-05 9.99369E-05
9.994E-05 9.994E-05 0.0411048 0.0426727 9.994E-05 0.820951 0.00714932 9.994E-05 9.994E-05 0.0721777 9.994E-05 0.0153448
9.99189E-05 9.99189E-05 0.0554175 0.919138 9.99189E-05 9.99189E-05 0.0245456 9.99189E-05 9.99189E-05 9.99189E-05 9.99189E-05 9.99189E-05
9.99549E-05 9.99549E-05 0.208887 0.43374 0.0299365 0.0613664 0.0275909 9.99549E-05 0.116823 9.99549E-05 9.99549E-05 0.121156
0.0867579 9.9964E-05 0.0191736 0.540559 0.010181 0.17199 0.121406 0.0390858 0.0104468 9.9964E-05 9.9964E-05 9.9964E-05
0.136728 9.9955E-05 0.21784 0.319213 9.9955E-05 9.9955E-05 0.21408 9.9955E-05 0.0573386 0.0300459 0.0242543 9.9955E-05
9.99106E-05 9.99106E-05 9.99106E-05 9.99106E-05 9.99106E-05 9.99106E-05 0.983857 9.99106E-05 9.99106E-05 9.99106E-05 9.99106E-05 0.0151442
9.99011E-05 9.99011E-05 9.99011E-05 9.99011E-05 9.99011E-05 9.99011E-05 9.99011E-05 9.99011E-05 9.99011E-05 9.99011E-05 0.998901 9.99011E-05
9.99191E-05 9.99191E-05 0.00133477 9.99191E-05 9.99191E-05 9.99191E-05 9.99191E-05 0.00674158 9.99191E-05 9.99191E-05 0.991024 9.99191E-05
9.99011E-05 9.99011E-05 9.99011E-05 9.99011E-05 9.99011E-05 9.99011E-05 9.99011E-05 9.99011E-05 9.99011E-05 9.99011E-05 0.998901 9.99011E-05
9.99011E-05 9.99011E-05 9.99011E-05 9.99011E-05 9.99011E-05 9.99011E-05 9.99011E-05 9.99011E-05 9.99011E-05 9.99011E-05 0.998901 9.99011E-05
0.0225906 9.99101E-05 9.99101E-05 9.99101E-05 9.99101E-05 9.99101E-05 9.99101E-05 9.99101E-05 9.99101E-05 9.99101E-05 0.97641 9.99101E-05
9.99461E-05 0.432142 9.99461E-05 0.0338775 0.0333413 0.0774595 9.99461E-05 9.99461E-05 9.99461E-05 9.99461E-05 0.40878 0.0138005
9.9928E-05 9.9928E-05 9.9928E-05 9.9928E-05 0.0677803 0.00203269 0.0211621 9.9928E-05 9.9928E-05 9.9928E-05 0.908225 9.9928E-05
9.99189E-05 9.99189E-05 0.0202504 9.99189E-05 9.99189E-05 0.220957 0.757893 9.99189E-05 9.99189E-05 9.99189E-05 9.99189E-05 9.99189E-05
9.9919E-05 9.9919E-05 9.9919E-05 9.9919E-05 0.931108 9.9919E-05 9.9919E-05 9.9919E-05 9.9919E-05 0.0657426 0.00225006 9.9919E-05
0.998901 9.99009E-05 9.99009E-05 9.99009E-05 9.99009E-05 9.99009E-05 9.99009E-05 9.99009E-05 9.99009E-05 9.99009E-05 9.99009E-05 9.99009E-05
9.9937E-05 9.9937E-05 0.844819 9.9937E-05 9.9937E-05 0.102527 0.0210174 9.9937E-05 9.9937E-05 0.0127175 0.0182193 9.9937E-05
9.99103E-05 9.99103E-05 0.0658874 9.99103E-05 9.99103E-05 0.933113 9.99103E-05 9.99103E-05 9.99103E-05 9.99103E-05 9.99103E-05 9.99103E-05
9.99103E-05 9.99103E-05 0.963664 9.99103E-05 9.99103E-05 9.99103E-05 9.99103E-05 9.99103E-05 9.99103E-05 0.0353374 9.99103E-05 9.99103E-05
9.99099E-05 9.99099E-05 0.898266 0.100735 9.99099E-05 9.99099E-05 9.99099E-05 9.99099E-05 9.99099E-05 9.99099E-05 9.99099E-05 9.99099E-05
9.99188E-05 9.99188E-05 0.900644 0.074988 9.99188E-05 9.99188E-05 9.99188E-05 9.99188E-05 0.0234691 9.99188E-05 9.99188E-05 9.99188E-05
9.9901E-05 9.9901E-05 9.9901E-05 9.9901E-05 9.9901E-05 9.9901E-05 9.9901E-05 0.998901 9.9901E-05 9.9901E-05 9.9901E-05 9.9901E-05
0.995469 9.99104E-05 9.99104E-05 9.99104E-05 9.99104E-05 0.00353159 9.99104E-05 9.99104E-05 9.99104E-05 9.99104E-05 9.99104E-05 9.99104E-05
0.305797 0.0145162 0.152003 0.04604 9.9982E-05 9.9982E-05 0.254822 0.000948408 0.0381354 0.0382395 0.0740049 0.0752938
0.995454 9.99105E-05 0.00354715 9.99105E-05 9.99105E-05 9.99105E-05 9.99105E-05 9.99105E-05 9.99105E-05 9.99105E-05 9.99105E-05 9.99105E-05
0.940986 9.9919E-05 9.9919E-05 9.9919E-05 9.9919E-05 9.9919E-05 0.0428903 9.9919E-05 9.9919E-05 0.0152246 9.9919E-05 9.9919E-05
0.846148 0.0367354 9.9937E-05 9.9937E-05 9.9937E-05 0.0870847 9.9937E-05 9.9937E-05 9.9937E-05 0.00982889 0.0195033 9.9937E-05
0.906657 0.0427148 9.9955E-05 9.9955E-05 0.01524 0.00621023 9.9955E-05 9.9955E-05 9.9955E-05 0.0113682 0.0020281 0.0152816
0.790685 0.15234 9.99461E-05 0.0154763 0.0190915 9.99461E-05 0.021175 9.99461E-05 0.000632581 9.99461E-05 9.99461E-05 9.99461E-05
0.951218 9.9928E-05 9.9928E-05 9.9928E-05 9.9928E-05 9.9928E-05 9.9928E-05 9.9928E-05 0.00126566 0.0240415 0.0226758 9.9928E-05
9.99009E-05 0.998901 9.99009E-05 9.99009E-05 9.99009E-05 9.99009E-05 9.99009E-05 9.99009E-05 9.99009E-05 9.99009E-05 9.99009E-05 9.99009E-05
9.9919E-05 0.92795 0.00263616 9.9919E-05 9.9919E-05 9.9919E-05 9.9919E-05 9.9919E-05 9.9919E-05 0.0685141 9.9919E-05 9.9919E-05
0.953512 9.99281E-05 9.99281E-05 9.99281E-05 9.99281E-05 9.99281E-05 0.0148048 9.99281E-05 0.0010514 9.99281E-05 0.0298323 9.99281E-05
9.9928E-05 9.9928E-05 9.9928E-05 9.9928E-05 0.0148408 0.969979 9.9928E-05 9.9928E-05 0.00470323 9.9928E-05 0.00967803 9.9928E-05
9.991E-05 9.991E-05 9.991E-05 9.991E-05 9.991E-05 0.992654 9.991E-05 9.991E-05 9.991E-05 9.991E-05 0.00634672 9.991E-05
9.9901E-05 9.9901E-05 9.9901E-05 9.9901E-05 9.9901E-05 9.9901E-05 9.9901E-05 9.9901E-05 0.998901 9.9901E-05 9.9901E-05 9.9901E-05
9.9901E-05 9.9901E-05 9.9901E-05 9.9901E-05 9.9901E-05 9.9901E-05 9.9901E-05 9.9901E-05 0.998901 9.9901E-05 9.9901E-05 9.9901E-05
9.99369E-05 9.99369E-05 0.00975076 0.791247 0.0761159 0.087432 0.0347548 9.99369E-05 9.99369E-05 9.99369E-05 9.99369E-05 9.99369E-05
9.9946E-05 9.9946E-05 0.0326667 0.75323 0.0389419 0.129307 0.0274382 9.9946E-05 9.9946E-05 0.0178162 9.9946E-05 9.9946E-05
9.991E-05 9.991E-05 9.991E-05 9.991E-05 0.0168452 9.991E-05 9.991E-05 9.991E-05 0.982156 9.991E-05 9.991E-05 9.991E-05
9.9901E-05 9.9901E-05 9.9901E-05 9.9901E-05 9.9901E-05 9.9901E-05 9.9901E-05 9.9901E-05 0.998901 9.9901E-05 9.9901E-05 9.9901E-05
9.99279E-05 9.99279E-05 0.0313476 9.99279E-05 9.99279E-05 0.0196986 0.934149 9.99279E-05 9.99279E-05 9.99279E-05 0.0140051 9.99279E-05
9.99639E-05 9.99639E-05 0.151117 0.189876 0.012724 0.386889 0.0625646 0.0514303 9.99639E-05 0.127412 9.99639E-05 0.0175865
9.9928E-05 9.9928E-05 0.0005871 9.9928E-05 0.892992 9.9928E-05 9.9928E-05 9.9928E-05 9.9928E-05 0.0416673 0.0639544 9.9928E-05
0.0616954 9.99373E-05 0.352538 0.327004 9.99373E-05 9.99373E-05 9.99373E-05 9.99373E-05 0.167341 9.99373E-05 9.99373E-05 0.0907222
9.99372E-05 9.99372E-05 0.457025 9.99372E-05 9.99372E-05 0.0649961 0.110993 9.99372E-05 0.276326 9.99372E-05 9.99372E-05 0.0899601
0.230679 0.684361 9.99371E-05 9.99371E-05 9.99371E-05 9.99371E-05 9.99371E-05 0.0214815 0.027715 9.99371E-05 0.0350635 9.99371E-05
