9.99279E-05 0.0575231 9.99279E-05 9.99279E-05 9.99279E-05 0.0148577 0.903008 9.99279E-05 9.99279E-05 0.0238119 9.99279E-05 9.99279E-05
9.99369E-05 9.99369E-05 0.052359 9.99369E-05 9.99369E-05 9.99369E-05 0.067971 9.99369E-05 0.119619 0.0103233 9.99369E-05 0.749028
9.99375E-05 9.99375E-05 9.99375E-05 9.99375E-05 0.272495 9.99375E-05 9.99375E-05 0.0183338 0.615073 0.0909074 0.00249078 9.99375E-05
0.00955899 0.0240604 9.9937E-05 0.0562245 9.9937E-05 9.9937E-05 9.9937E-05 9.9937E-05 0.888094 0.0213629 9.9937E-05 9.9937E-05
0.123328 0.174934 0.0385628 0.0505892 0.11317 9.99551E-05 9.99551E-05 9.99551E-05 0.281648 9.99551E-05 9.99551E-05 0.217268
0.00620001 9.99191E-05 0.0136786 9.99191E-05 9.99191E-05 9.99191E-05 9.99191E-05 9.99191E-05 0.979222 9.99191E-05 9.99191E-05 9.99191E-05
9.99281E-05 9.99281E-05 9.99281E-05 9.99281E-05 0.337478 0.328784 9.99281E-05 9.99281E-05 9.99281E-05 9.99281E-05 0.213144 0.119795
0.254428 0.0916438 9.99549E-05 0.0874699 0.382349 9.99549E-05 9.99549E-05 9.99549E-05 0.048923 0.00303287 9.99549E-05 0.131654
9.99281E-05 9.99281E-05 9.99281E-05 9.99281E-05 0.24815 0.378139 9.99281E-05 9.99281E-05 9.99281E-05 9.99281E-05 0.118574 0.254337
9.99013E-05 0.998901 9.99013E-05 9.99013E-05 9.99013E-05 9.99013E-05 9.99013E-05 9.99013E-05 9.99013E-05 9.99013E-05 9.99013E-05 9.99013E-05
0.00628404 0.992717 9.99102E-05 9.99102E-05 9.99102E-05 9.99102E-05 9.99102E-05 9.99102E-05 9.99102E-05 9.99102E-05 9.99102E-05 9.99102E-05
9.9928E-05 9.9928E-05 9.9928E-05 9.9928E-05 9.9928E-05 9.9928E-05 0.653702 9.9928E-05 0.0444931 0.135998 0.165007 9.9928E-05
0.029476 9.99102E-05 9.99102E-05 9.99102E-05 9.99102E-05 9.99102E-05 9.99102E-05 9.99102E-05 9.99102E-05 9.99102E-05 0.969525 9.99102E-05
9.9937E-05 9.9937E-05 0.0149978 9.9937E-05 9.9937E-05 9.9937E-05 0.0377638 0.0114719 0.934334 9.9937E-05 9.9937E-05 0.000733096
9.9937E-05 0.00825069 9.9937E-05 9.9937E-05 9.9937E-05 9.9937E-05 0.0483181 0.0138653 0.926252 9.9937E-05 9.9937E-05 0.0026146
9.9919E-05 9.9919E-05 0.0786532 9.9919E-05 9.9919E-05 0.792764 9.9919E-05 9.9919E-05 9.9919E-05 9.9919E-05 0.127684 9.9919E-05
9.99099E-05 0.102576 0.896425 9.99099E-05 9.99099E-05 9.99099E-05 9.99099E-05 9.99099E-05 9.99099E-05 9.99099E-05 9.99099E-05 9.99099E-05
9.994E-05 0.14288 9.994E-05 0.0129435 9.994E-05 0.0604843 0.0229173 0.744561 9.994E-05 9.994E-05 9.994E-05 0.0156143
9.99101E-05 9.99101E-05 9.99101E-05 9.99101E-05 9.99101E-05 9.99101E-05 9.99101E-05 0.929554 9.99101E-05 0.0694466 9.99101E-05 9.99101E-05
9.99368E-05 0.401045 0.152211 9.99368E-05 9.99368E-05 0.338232 0.0952042 9.99368E-05 9.99368E-05 0.0126089 9.99368E-05 9.99368E-05
9.99011E-05 9.99011E-05 9.99011E-05 9.99011E-05 9.99011E-05 9.99011E-05 9.99011E-05 0.998901 9.99011E-05 9.99011E-05 9.99011E-05 9.99011E-05
9.99369E-05 0.0897624 0.107343 9.99369E-05 9.99369E-05 0.308863 0.439677 9.99369E-05 9.99369E-05 9.99369E-05 0.0536544 9.99369E-05
0.0143697 0.118606 0.304456 9.9937E-05 9.9937E-05 9.9937E-05 9.9937E-05 0.378277 9.9937E-05 0.183593 9.9937E-05 9.9937E-05
9.99189E-05 9.99189E-05 0.0705891 9.99189E-05 9.99189E-05 9.99189E-05 9.99189E-05 0.882841 9.99189E-05 0.0456711 9.99189E-05 9.99189E-05
9.99102E-05 9.99102E-05 9.99102E-05 9.99102E-05 0.0167953 9.99102E-05 9.99102E-05 9.99102E-05 0.982206 9.99102E-05 9.99102E-05 9.99102E-05
9.99012E-05 9.99012E-05 9.99012E-05 9.99012E-05 9.99012E-05 9.99012E-05 9.99012E-05 9.99012E-05 0.998901 9.99012E-05 9.99012E-05 9.99012E-05
9.99369E-05 0.107593 0.0159405 9.99369E-05 9.99369E-05 9.99369E-05 0.0702636 9.99369E-05 9.99369E-05 0.0480302 0.757474 9.99369E-05
0.0636383 9.9919E-05 9.9919E-05 0.0513283 9.9919E-05 9.9919E-05 9.9919E-05 9.9919E-05 0.884134 9.9919E-05 9.9919E-05 9.9919E-05
0.0116943 9.99461E-05 9.99461E-05 0.0346872 9.99461E-05 0.0117153 9.99461E-05 9.99461E-05 0.893575 9.99461E-05 0.0030379 0.0446905
0.351665 9.99641E-05 9.99641E-05 0.107903 0.0374468 9.99641E-05 0.0196432 0.00086965 0.442141 9.99641E-05 0.000997947 0.0389332
0.941218 9.99189E-05 0.0139054 9.99189E-05 9.99189E-05 9.99189E-05 9.99189E-05 9.99189E-05 0.0439773 9.99189E-05 9.99189E-05 9.99189E-05
9.99013E-05 9.99013E-05 9.99013E-05 9.99013E-05 9.99013E-05 9.99013E-05 9.99013E-05 9.99013E-05 9.99013E-05 9.99013E-05 9.99013E-05 0.998901
9.99191E-05 9.99191E-05 0.0169661 9.99191E-05 0.114825 9.99191E-05 9.99191E-05 9.99191E-05 0.86731 9.99191E-05 9.99191E-05 9.99191E-05
0.0597709 9.99551E-05 0.0117819 0.682151 0.196395 9.99551E-05 0.00450367 9.99551E-05 9.99551E-05 0.00620096 9.99551E-05 0.0386973
0.0585704 9.99367E-05 0.329326 9.99367E-05 9.99367E-05 9.99367E-05 0.0312041 9.99367E-05 9.99367E-05 0.0942889 0.485911 9.99367E-05
0.0502451 9.99278E-05 0.0441216 9.99278E-05 0.0329089 9.99278E-05 9.99278E-05 9.99278E-05 0.871925 9.99278E-05 9.99278E-05 9.99278E-05
9.991E-05 9.991E-05 9.991E-05 9.991E-05 0.036223 9.991E-05 0.962778 9.991E-05 9.991E-05 9.991E-05 9.991E-05 9.991E-05
9.9946E-05 0.636586 9.9946E-05 9.9946E-05 0.0234871 9.9946E-05 0.114701 0.0161053 0.0243533 9.9946E-05 9.9946E-05 0.184167
9.99188E-05 9.99188E-05 0.961655 9.99188E-05 0.0322111 9.99188E-05 9.99188E-05 9.99188E-05 0.0052343 9.99188E-05 9.99188E-05 9.99188E-05
9.99368E-05 0.222659 0.156504 9.99368E-05 9.99368E-05 0.314438 0.210953 9.99368E-05 0.0947467 9.99368E-05 9.99368E-05 9.99368E-05
9.99639E-05 0.256399 0.135355 9.99639E-05 9.99639E-05 0.26249 0.247164 0.00266607 0.0551978 0.00326067 9.99639E-05 0.0370671
9.99279E-05 0.908752 0.0340089 9.99279E-05 9.99279E-05 0.00108708 0.0553529 9.99279E-05 9.99279E-05 9.99279E-05 9.99279E-05 9.99279E-05
9.9928E-05 9.9928E-05 9.9928E-05 9.9928E-05 9.9928E-05 0.904495 0.0289894 0.00825475 9.9928E-05 9.9928E-05 0.0574613 9.9928E-05
0.0207744 0.874296 0.0551442 9.99459E-05 9.99459E-05 9.99459E-05 0.0204427 9.99459E-05 9.99459E-05 0.0125403 0.0162026 9.99459E-05
9.99639E-05 0.396336 0.083596 9.99639E-05 9.99639E-05 0.122036 0.0673078 0.0929044 9.99639E-05 0.0904881 0.103685 0.0432465
0.00611363 0.469134 0.0351407 9.9973E-05 9.9973E-05 0.150339 0.200726 0.0384551 0.0645926 0.0325171 9.9973E-05 0.00268225
0.0691726 0.212123 0.305666 0.0387168 9.9964E-05 9.9964E-05 0.182337 9.9964E-05 0.0373335 9.9964E-05 0.143574 0.0106773
9.99016E-05 9.99016E-05 9.99016E-05 9.99016E-05 9.99016E-05 9.99016E-05 0.998901 9.99016E-05 9.99016E-05 9.99016E-05 9.99016E-05 9.99016E-05
9.99011E-05 9.99011E-05 9.99011E-05 0.998901 9.99011E-05 9.99011E-05 9.99011E-05 9.99011E-05 9.99011E-05 9.99011E-05 9.99011E-05 9.99011E-05
9.99011E-05 9.99011E-05 9.99011E-05 0.998901 9.99011E-05 9.99011E-05 9.99011E-05 9.99011E-05 9.99011E-05 9.99011E-05 9.99011E-05 9.99011E-05
9.99101E-05 9.99101E-05 9.99101E-05 0.989136 9.99101E-05 0.00986537 9.99101E-05 9.99101E-05 9.99101E-05 9.99101E-05 9.99101E-05 9.99101E-05
9.99012E-05 9.99012E-05 9.99012E-05 0.998901 9.99012E-05 9.99012E-05 9.99012E-05 9.99012E-05 9.99012E-05 9.99012E-05 9.99012E-05 9.99012E-05
0.00761882 9.99101E-05 9.99101E-05 0.991382 9.99101E-05 9.99101E-05 9.99101E-05 9.99101E-05 9.99101E-05 9.99101E-05 9.99101E-05 9.99101E-05
0.236457 9.99551E-05 9.99551E-05 0.39557 0.0951594 0.156016 9.99551E-05 0.0195306 0.0722074 9.99551E-05 9.99551E-05 0.0245609
0.0091353 9.9928E-05 9.9928E-05 0.894802 9.9928E-05 9.9928E-05 0.0321125 9.9928E-05 9.9928E-05 9.9928E-05 9.9928E-05 0.0631513
9.99098E-05 9.99098E-05 9.99098E-05 9.99098E-05 9.99098E-05 0.239608 0.759393 9.99098E-05 9.99098E-05 9.99098E-05 9.99098E-05 9.99098E-05
0.00487428 9.99279E-05 9.99279E-05 0.0378038 9.99279E-05 0.00987897 9.99279E-05 9.99279E-05 9.99279E-05 9.99279E-05 9.99279E-05 0.946643
9.991E-05 9.991E-05 0.00519217 9.991E-05 9.991E-05 9.991E-05 9.991E-05 9.991E-05 0.993809 9.991E-05 9.991E-05 9.991E-05
9.9928E-05 9.9928E-05 9.9928E-05 0.0267119 9.9928E-05 0.100177 9.9928E-05 9.9928E-05 9.9928E-05 0.0395997 0.832712 9.9928E-05
9.99192E-05 9.99192E-05 0.02352 9.99192E-05 9.99192E-05 0.917451 9.99192E-05 9.99192E-05 9.99192E-05 9.99192E-05 0.0581301 9.99192E-05
9.99102E-05 9.99102E-05 9.99102E-05 9.99102E-05 0.0385377 9.99102E-05 9.99102E-05 9.99102E-05 9.99102E-05 9.99102E-05 0.960463 9.99102E-05
9.99189E-05 0.144088 9.99189E-05 9.99189E-05 9.99189E-05 9.99189E-05 9.99189E-05 9.99189E-05 0.00212567 9.99189E-05 0.852887 9.99189E-05
9.99279E-05 0.0973712 0.0442027 9.99279E-05 9.99279E-05 9.99279E-05 9.99279E-05 9.99279E-05 9.99279E-05 0.0535624 0.804064 9.99279E-05
9.99102E-05 9.99102E-05 9.99102E-05 9.99102E-05 9.99102E-05 9.99102E-05 0.124125 0.874876 9.99102E-05 9.99102E-05 9.99102E-05 9.99102E-05
0.0198139 9.99283E-05 9.99283E-05 0.000578769 9.99283E-05 0.0131878 9.99283E-05 9.99283E-05 0.96562 9.99283E-05 9.99283E-05 9.99283E-05
9.9982E-05 0.161772 9.9982E-05 0.0426349 0.1883 0.0116406 0.083042 0.0499295 0.142889 0.0303544 0.175414 0.113823
9.99103E-05 9.99103E-05 9.99103E-05 9.99103E-05 0.128943 9.99103E-05 9.99103E-05 9.99103E-05 0.870058 9.99103E-05 9.99103E-05 9.99103E-05
0.074103 9.9946E-05 0.0435984 0.0267273 0.00328895 9.9946E-05 0.00764913 9.9946E-05 0.844033 9.9946E-05 9.9946E-05 9.9946E-05
0.0421505 9.9946E-05 9.9946E-05 0.0652969 0.0519033 0.0149907 9.9946E-05 9.9946E-05 0.821903 9.9946E-05 0.00315636 9.9946E-05
0.0806809 9.99551E-05 9.99551E-05 0.00881499 0.0101985 0.0147957 9.99551E-05 0.00363193 0.869672 9.99551E-05 9.99551E-05 0.0117066
0.165142 0.0708263 0.00243648 9.99371E-05 9.99371E-05 9.99371E-05 9.99371E-05 9.99371E-05 0.758238 9.99371E-05 9.99371E-05 0.00265788
9.991E-05 9.991E-05 0.0364203 9.991E-05 9.991E-05 9.991E-05 9.991E-05 9.991E-05 0.962581 9.991E-05 9.991E-05 9.991E-05
0.0603737 9.99278E-05 9.99278E-05 0.0799884 0.858161 9.99278E-05 9.99278E-05 9.99278E-05 0.000677199 9.99278E-05 9.99278E-05 9.99278E-05
9.99009E-05 9.99009E-05 9.99009E-05 9.99009E-05 0.998901 9.99009E-05 9.99009E-05 9.99009E-05 9.99009E-05 9.99009E-05 9.99009E-05 9.99009E-05
9.99281E-05 9.99281E-05 9.99281E-05 0.0264314 9.99281E-05 0.0293178 0.00431418 9.99281E-05 0.939137 9.99281E-05 9.99281E-05 9.99281E-05
9.9919E-05 9.9919E-05 9.9919E-05 9.9919E-05 9.9919E-05 0.975317 9.9919E-05 9.9919E-05 0.00174616 0.0220374 9.9919E-05 9.9919E-05
9.99189E-05 9.99189E-05 9.99189E-05 0.0215893 9.99189E-05 0.964865 9.99189E-05 9.99189E-05 9.99189E-05 0.0126468 9.99189E-05 9.99189E-05
9.99011E-05 9.99011E-05 9.99011E-05 9.99011E-05 9.99011E-05 9.99011E-05 9.99011E-05 9.99011E-05 9.99011E-05 0.998901 9.99011E-05 9.99011E-05
9.99012E-05 9.99012E-05 9.99012E-05 9.99012E-05 9.99012E-05 9.99012E-05 9.99012E-05 9.99012E-05 9.99012E-05 0.998901 9.99012E-05 9.99012E-05
9.99404E-05 0.799942 9.99404E-05 9.99404E-05 9.99404E-05 0.0905436 0.0606181 9.99404E-05 0.0005883 9.99404E-05 9.99404E-05 0.0476088
9.99369E-05 0.767371 9.99369E-05 9.99369E-05 9.99369E-05 0.0884396 0.0377988 9.99369E-05 9.99369E-05 9.99369E-05 0.071474 0.0342172
0.00673158 9.99371E-05 9.99371E-05 9.99371E-05 0.00420478 0.0343838 9.99371E-05 9.99371E-05 9.99371E-05 0.94926 9.99371E-05 0.00471995
9.99011E-05 9.99011E-05 9.99011E-05 9.99011E-05 9.99011E-05 9.99011E-05 9.99011E-05 9.99011E-05 9.99011E-05 0.998901 9.99011E-05 9.99011E-05
9.99279E-05 9.99279E-05 9.99279E-05 0.0189739 9.99279E-05 0.0215275 0.925934 9.99279E-05 9.99279E-05 9.99279E-05 0.0327648 9.99279E-05
9.9946E-05 0.124919 9.9946E-05 9.9946E-05 9.9946E-05 0.572508 0.0178103 0.0663072 9.9946E-05 9.9946E-05 0.16526 0.0525959
9.991E-05 9.991E-05 9.991E-05 0.0496239 9.991E-05 9.991E-05 9.991E-05 9.991E-05 9.991E-05 9.991E-05 9.991E-05 0.949377
9.99372E-05 0.142872 0.669514 9.99372E-05 9.99372E-05 9.99372E-05 9.99372E-05 0.0374004 0.00758845 9.99372E-05 0.141926 9.99372E-05
9.99282E-05 9.99282E-05 0.753419 9.99282E-05 9.99282E-05 9.99282E-05 0.0387188 9.99282E-05 9.99282E-05 0.00320653 0.203856 9.99282E-05
0.998901 9.9901E-05 9.9901E-05 9.9901E-05 9.9901E-05 9.9901E-05 9.9901E-05 9.9901E-05 9.9901E-05 9.9901E-05 9.9901E-05 9.9901E-05
