9.98919E-05 9.98919E-05 9.98919E-05 0.925417 0.0733838 9.98919E-05 9.98919E-05 9.98919E-05 9.98919E-05 9.98919E-05 9.98919E-05 9.98919E-05 9.98919E-05 9.98919E-05
9.99189E-05 9.99189E-05 9.99189E-05 0.0180605 0.0167589 9.99189E-05 0.149177 9.99189E-05 9.99189E-05 9.99189E-05 0.738612 0.0764925 9.99189E-05 9.99189E-05
9.9883E-05 9.9883E-05 9.9883E-05 9.9883E-05 9.9883E-05 0.998702 9.9883E-05 9.9883E-05 9.9883E-05 9.9883E-05 9.9883E-05 9.9883E-05 9.9883E-05 9.9883E-05
9.991E-05 0.013813 9.991E-05 9.991E-05 9.991E-05 0.00716195 0.920725 9.991E-05 9.991E-05 9.991E-05 9.991E-05 9.991E-05 9.991E-05 0.0573005
9.99371E-05 9.99371E-05 0.122221 0.0402377 0.0876026 9.99371E-05 0.44368 0.237968 9.99371E-05 9.99371E-05 0.0511998 0.0163912 9.99371E-05 9.99371E-05
9.9892E-05 9.9892E-05 9.9892E-05 9.9892E-05 9.9892E-05 9.9892E-05 0.996775 9.9892E-05 9.9892E-05 9.9892E-05 9.9892E-05 9.9892E-05 0.0020262 9.9892E-05
9.98917E-05 9.98917E-05 9.98917E-05 9.98917E-05 9.98917E-05 9.98917E-05 9.98917E-05 0.974745 9.98917E-05 0.0240567 9.98917E-05 9.98917E-05 9.98917E-05 9.98917E-05
9.9955E-05 0.000996221 0.236501 9.9955E-05 0.0689535 0.0725064 0.191761 0.180116 9.9955E-05 9.9955E-05 0.0872522 0.00112566 9.9955E-05 0.160288
9.99007E-05 9.99007E-05 9.99007E-05 9.99007E-05 0.0222531 9.99007E-05 9.99007E-05 0.888265 9.99007E-05 0.0883833 9.99007E-05 9.99007E-05 9.99007E-05 9.99007E-05
9.9892E-05 9.9892E-05 9.9892E-05 9.9892E-05 0.891043 9.9892E-05 9.9892E-05 0.107758 9.9892E-05 9.9892E-05 9.9892E-05 9.9892E-05 9.9892E-05 9.9892E-05
9.98921E-05 9.98921E-05 9.98921E-05 9.98921E-05 0.914769 9.98921E-05 9.98921E-05 0.0840328 9.98921E-05 9.98921E-05 9.98921E-05 9.98921E-05 9.98921E-05 9.98921E-05
0.169613 0.150444 9.9919E-05 0.669114 9.9919E-05 0.00595373 9.9919E-05 9.9919E-05 9.9919E-05 9.9919E-05 9.9919E-05 9.9919E-05 9.9919E-05 0.00397674
0.922081 9.99192E-05 9.99192E-05 9.99192E-05 9.99192E-05 0.00605348 9.99192E-05 0.0665489 9.99192E-05 9.99192E-05 9.99192E-05 9.99192E-05 0.00241976 0.00199761
9.99011E-05 9.99011E-05 9.99011E-05 9.99011E-05 9.99011E-05 9.99011E-05 0.980474 9.99011E-05 0.0043749 9.99011E-05 0.0140518 9.99011E-05 9.99011E-05 9.99011E-05
9.99011E-05 9.99011E-05 9.99011E-05 0.0143874 9.99011E-05 9.99011E-05 0.97916 9.99011E-05 0.00535338 9.99011E-05 9.99011E-05 9.99011E-05 9.99011E-05 9.99011E-05
0.118982 9.9901E-05 9.9901E-05 9.9901E-05 9.9901E-05 9.9901E-05 9.9901E-05 9.9901E-05 9.9901E-05 0.76179 9.9901E-05 9.9901E-05 0.118129 9.9901E-05
9.9892E-05 9.9892E-05 9.9892E-05 9.9892E-05 0.0465269 9.9892E-05 9.9892E-05 9.9892E-05 9.9892E-05 9.9892E-05 9.9892E-05 0.952274 9.9892E-05 9.9892E-05
9.99188E-05 9.99188E-05 0.0361375 9.99188E-05 0.173518 0.00210062 9.99188E-05 9.99188E-05 0.752784 9.99188E-05 0.0345605 9.99188E-05 9.99188E-05 9.99188E-05
9.98921E-05 0.0842945 9.98921E-05 9.98921E-05 9.98921E-05 9.98921E-05 9.98921E-05 9.98921E-05 0.914507 9.98921E-05 9.98921E-05 9.98921E-05 9.98921E-05 9.98921E-05
9.99279E-05 0.0280547 9.99279E-05 0.117937 0.410689 9.99279E-05 9.99279E-05 9.99279E-05 9.99279E-05 0.291541 9.99279E-05 0.00782881 0.14315 9.99279E-05
9.9892E-05 9.9892E-05 9.9892E-05 9.9892E-05 9.9892E-05 0.0177431 9.9892E-05 9.9892E-05 0.981058 9.9892E-05 9.9892E-05 9.9892E-05 9.9892E-05 9.9892E-05
0.024756 9.99189E-05 9.99189E-05 0.56816 0.0513072 9.99189E-05 9.99189E-05 9.99189E-05 9.99189E-05 0.280358 9.99189E-05 0.0745191 9.99189E-05 9.99189E-05
9.99191E-05 0.177433 9.99191E-05 9.99191E-05 0.142423 9.99191E-05 9.99191E-05 9.99191E-05 0.381053 9.99191E-05 9.99191E-05 0.259821 0.0383711 9.99191E-05
9.99009E-05 0.0441545 9.99009E-05 9.99009E-05 9.99009E-05 9.99009E-05 9.99009E-05 9.99009E-05 0.831988 9.99009E-05 9.99009E-05 9.99009E-05 0.122758 9.99009E-05
9.99011E-05 9.99011E-05 9.99011E-05 9.99011E-05 9.99011E-05 0.0139733 0.354603 9.99011E-05 9.99011E-05 9.99011E-05 9.99011E-05 9.99011E-05 9.99011E-05 0.630325
9.99011E-05 9.99011E-05 0.00424859 9.99011E-05 9.99011E-05 9.99011E-05 0.849065 9.99011E-05 9.99011E-05 9.99011E-05 9.99011E-05 9.99011E-05 9.99011E-05 0.145588
0.818731 0.0191204 9.99189E-05 0.067234 0.0545391 9.99189E-05 9.99189E-05 9.99189E-05 9.99189E-05 9.99189E-05 9.99189E-05 0.039476 9.99189E-05 9.99189E-05
9.9892E-05 9.9892E-05 9.9892E-05 9.9892E-05 9.9892E-05 0.000330149 9.9892E-05 9.9892E-05 9.9892E-05 9.9892E-05 9.9892E-05 9.9892E-05 9.9892E-05 0.998471
9.9892E-05 9.9892E-05 9.9892E-05 9.9892E-05 9.9892E-05 9.9892E-05 9.9892E-05 9.9892E-05 9.9892E-05 9.9892E-05 0.00428437 9.9892E-05 9.9892E-05 0.994517
9.99462E-05 9.99462E-05 0.171311 9.99462E-05 9.99462E-05 9.99462E-05 0.388939 0.00828366 0.00344872 9.99462E-05 0.00764677 0.0262163 0.0424353 0.351119
9.99461E-05 0.0140361 0.190935 9.99461E-05 9.99461E-05 9.99461E-05 0.479736 0.107937 9.99461E-05 9.99461E-05 0.0238147 0.0152393 0.0063433 0.161359
9.98834E-05 9.98834E-05 9.98834E-05 9.98834E-05 9.98834E-05 9.98834E-05 9.98834E-05 9.98834E-05 9.98834E-05 9.98834E-05 0.998702 9.98834E-05 9.98834E-05 9.98834E-05
9.98923E-05 9.98923E-05 9.98923E-05 9.98923E-05 9.98923E-05 9.98923E-05 0.674096 9.98923E-05 9.98923E-05 9.98923E-05 9.98923E-05 9.98923E-05 9.98923E-05 0.324706
9.99372E-05 0.00110493 0.78032 9.99372E-05 0.000685876 0.030447 9.99372E-05 0.0398022 9.99372E-05 9.99372E-05 0.0665472 9.99372E-05 9.99372E-05 0.0803928
0.547684 0.063371 0.0050634 0.0352815 9.99368E-05 9.99368E-05 9.99368E-05 9.99368E-05 9.99368E-05 9.99368E-05 9.99368E-05 0.277738 0.0346295 0.0355329
9.99099E-05 9.99099E-05 9.99099E-05 9.99099E-05 9.99099E-05 9.99099E-05 0.470896 9.99099E-05 9.99099E-05 9.99099E-05 9.99099E-05 0.00399253 0.000404637 0.523707
9.9901E-05 9.9901E-05 9.9901E-05 0.955378 9.9901E-05 0.0379519 9.9901E-05 9.9901E-05 9.9901E-05 9.9901E-05 9.9901E-05 9.9901E-05 0.00557082 9.9901E-05
9.99459E-05 9.99459E-05 9.99459E-05 0.129893 0.62717 9.99459E-05 0.0183979 0.00661275 0.00342743 9.99459E-05 0.161062 0.0413673 9.99459E-05 0.011469
9.9892E-05 9.9892E-05 9.9892E-05 9.9892E-05 9.9892E-05 9.9892E-05 0.00517453 9.9892E-05 9.9892E-05 9.9892E-05 9.9892E-05 0.993627 9.9892E-05 9.9892E-05
9.99188E-05 9.99188E-05 9.99188E-05 0.208135 0.255378 9.99188E-05 0.125826 9.99188E-05 9.99188E-05 0.265859 9.99188E-05 0.143903 9.99188E-05 9.99188E-05
9.99279E-05 9.99279E-05 9.99279E-05 0.272984 0.292796 9.99279E-05 0.0699206 9.99279E-05 0.00247492 0.251354 9.99279E-05 0.109671 9.99279E-05 9.99279E-05
0.011118 9.9919E-05 9.9919E-05 0.0241398 0.901161 9.9919E-05 9.9919E-05 9.9919E-05 9.9919E-05 0.033212 9.9919E-05 9.9919E-05 0.0294699 9.9919E-05
0.0670141 9.9919E-05 9.9919E-05 0.000341908 0.0177376 9.9919E-05 9.9919E-05 0.0642803 9.9919E-05 0.849727 9.9919E-05 9.9919E-05 9.9919E-05 9.9919E-05
0.0214951 9.9928E-05 0.0109358 0.00906439 0.869186 9.9928E-05 9.9928E-05 9.9928E-05 9.9928E-05 9.9928E-05 9.9928E-05 9.9928E-05 0.0875128 0.00100635
0.0964201 0.0346933 9.99369E-05 9.99369E-05 0.384592 9.99369E-05 9.99369E-05 9.99369E-05 0.0725094 0.135069 0.0340107 9.99369E-05 0.242006 9.99369E-05
9.9946E-05 9.9946E-05 9.9946E-05 0.105435 0.496318 9.9946E-05 0.0486282 9.9946E-05 0.0156185 0.112284 0.00849103 9.9946E-05 0.200108 0.0125169
9.99459E-05 9.99459E-05 0.0539569 0.208589 0.171836 0.0382193 0.0170287 0.0849633 9.99459E-05 9.99459E-05 9.99459E-05 0.110547 0.31426 9.99459E-05
9.99017E-05 9.99017E-05 9.99017E-05 0.953965 9.99017E-05 9.99017E-05 9.99017E-05 9.99017E-05 0.0284958 9.99017E-05 0.0164399 9.99017E-05 9.99017E-05 9.99017E-05
9.9883E-05 9.9883E-05 0.998702 9.9883E-05 9.9883E-05 9.9883E-05 9.9883E-05 9.9883E-05 9.9883E-05 9.9883E-05 9.9883E-05 9.9883E-05 9.9883E-05 9.9883E-05
9.9892E-05 9.9892E-05 0.997859 9.9892E-05 9.9892E-05 9.9892E-05 9.9892E-05 9.9892E-05 0.000942049 9.9892E-05 9.9892E-05 9.9892E-05 9.9892E-05 9.9892E-05
9.98922E-05 9.98922E-05 0.961587 9.98922E-05 9.98922E-05 9.98922E-05 9.98922E-05 9.98922E-05 9.98922E-05 9.98922E-05 9.98922E-05 9.98922E-05 9.98922E-05 0.0372146
9.98831E-05 9.98831E-05 0.998702 9.98831E-05 9.98831E-05 9.98831E-05 9.98831E-05 9.98831E-05 9.98831E-05 9.98831E-05 9.98831E-05 9.98831E-05 9.98831E-05 9.98831E-05
9.9883E-05 9.9883E-05 0.998702 9.9883E-05 9.9883E-05 9.9883E-05 9.9883E-05 9.9883E-05 9.9883E-05 9.9883E-05 9.9883E-05 9.9883E-05 9.9883E-05 9.9883E-05
9.99641E-05 9.99641E-05 0.474473 9.99641E-05 0.00448605 0.0407786 0.0733753 0.13412 0.0340693 0.0568294 0.0458606 0.0285141 9.99641E-05 0.107094
0.0043482 9.99101E-05 0.948384 0.018501 9.99101E-05 9.99101E-05 9.99101E-05 9.99101E-05 9.99101E-05 9.99101E-05 0.0277677 9.99101E-05 9.99101E-05 9.99101E-05
9.99008E-05 9.99008E-05 9.99008E-05 0.807592 9.99008E-05 9.99008E-05 9.99008E-05 9.99008E-05 9.99008E-05 0.148055 9.99008E-05 9.99008E-05 0.0432537 9.99008E-05
9.99189E-05 9.99189E-05 0.0306224 9.99189E-05 9.99189E-05 0.0244627 9.99189E-05 0.0247801 9.99189E-05 9.99189E-05 0.900776 9.99189E-05 0.018459 9.99189E-05
9.99009E-05 9.99009E-05 9.99009E-05 9.99009E-05 9.99009E-05 9.99009E-05 0.646113 9.99009E-05 9.99009E-05 9.99009E-05 9.99009E-05 0.00272418 9.99009E-05 0.350064
0.8592 0.00945148 0.00851381 0.00527628 9.99191E-05 9.99191E-05 9.99191E-05 9.99191E-05 9.99191E-05 0.116659 9.99191E-05 9.99191E-05 9.99191E-05 9.99191E-05
0.020187 9.99101E-05 9.99101E-05 9.99101E-05 9.99101E-05 0.00556635 9.99101E-05 9.99101E-05 9.99101E-05 0.855384 9.99101E-05 9.99101E-05 0.117864 9.99101E-05
0.942088 9.98923E-05 9.98923E-05 9.98923E-05 9.98923E-05 9.98923E-05 9.98923E-05 0.0567138 9.98923E-05 9.98923E-05 9.98923E-05 9.98923E-05 9.98923E-05 9.98923E-05
0.89875 9.98919E-05 9.98919E-05 9.98919E-05 0.100052 9.98919E-05 9.98919E-05 9.98919E-05 9.98919E-05 9.98919E-05 9.98919E-05 9.98919E-05 9.98919E-05 9.98919E-05
0.861266 0.0501494 9.99279E-05 9.99279E-05 0.0579027 9.99279E-05 9.99279E-05 9.99279E-05 0.0124801 9.99279E-05 9.99279E-05 0.00313821 0.0142646 9.99279E-05
9.98923E-05 9.98923E-05 9.98923E-05 0.0923664 9.98923E-05 9.98923E-05 9.98923E-05 9.98923E-05 0.906435 9.98923E-05 9.98923E-05 9.98923E-05 9.98923E-05 9.98923E-05
9.99013E-05 9.99013E-05 9.99013E-05 9.99013E-05 9.99013E-05 0.0581157 0.223706 9.99013E-05 9.99013E-05 9.99013E-05 9.99013E-05 9.99013E-05 9.99013E-05 0.717079
0.125463 0.0689907 0.0250793 0.0135956 9.99731E-05 9.99731E-05 0.190832 0.120139 0.00324764 0.202785 0.120478 0.0492276 9.99731E-05 0.0798626
9.99191E-05 9.99191E-05 9.99191E-05 9.99191E-05 9.99191E-05 0.157535 0.666181 0.00412142 9.99191E-05 0.0169298 9.99191E-05 9.99191E-05 9.99191E-05 0.154334
9.9919E-05 9.9919E-05 0.00779685 9.9919E-05 9.9919E-05 9.9919E-05 0.800664 0.028572 9.9919E-05 9.9919E-05 9.9919E-05 0.0222029 9.9919E-05 0.139865
9.9901E-05 9.9901E-05 9.9901E-05 0.0195566 9.9901E-05 9.9901E-05 9.9901E-05 9.9901E-05 9.9901E-05 0.00317556 9.9901E-05 9.9901E-05 9.9901E-05 0.976169
9.98831E-05 9.98831E-05 9.98831E-05 9.98831E-05 9.98831E-05 9.98831E-05 9.98831E-05 9.98831E-05 9.98831E-05 9.98831E-05 9.98831E-05 9.98831E-05 9.98831E-05 0.998702
9.99282E-05 9.99282E-05 9.99282E-05 0.00176065 0.0441886 9.99282E-05 0.828749 9.99282E-05 9.99282E-05 9.99282E-05 0.0307612 0.0181628 9.99282E-05 0.0755785
9.9901E-05 9.9901E-05 9.9901E-05 9.9901E-05 9.9901E-05 9.9901E-05 0.561659 9.9901E-05 9.9901E-05 9.9901E-05 9.9901E-05 9.9901E-05 0.0205185 0.416724
9.99193E-05 9.99193E-05 0.26498 9.99193E-05 9.99193E-05 0.0649128 0.240518 0.33021 9.99193E-05 9.99193E-05 9.99193E-05 9.99193E-05 9.99193E-05 0.0984795
9.99193E-05 9.99193E-05 0.0478879 9.99193E-05 9.99193E-05 0.0149259 0.0620751 0.49695 9.99193E-05 9.99193E-05 9.99193E-05 9.99193E-05 9.99193E-05 0.377262
9.99191E-05 9.99191E-05 0.0226796 9.99191E-05 9.99191E-05 0.057836 0.818048 9.99191E-05 9.99191E-05 0.00646052 9.99191E-05 9.99191E-05 9.99191E-05 0.0940769
9.9892E-05 9.9892E-05 0.0236525 9.9892E-05 9.9892E-05 9.9892E-05 9.9892E-05 9.9892E-05 9.9892E-05 0.975149 9.9892E-05 9.9892E-05 9.9892E-05 9.9892E-05
9.9892E-05 9.9892E-05 0.0125061 9.9892E-05 9.9892E-05 9.9892E-05 9.9892E-05 9.9892E-05 9.9892E-05 0.986295 9.9892E-05 9.9892E-05 9.9892E-05 9.9892E-05
9.98832E-05 0.998702 9.98832E-05 9.98832E-05 9.98832E-05 9.98832E-05 9.98832E-05 9.98832E-05 9.98832E-05 9.98832E-05 9.98832E-05 9.98832E-05 9.98832E-05 9.98832E-05
9.98832E-05 0.998702 9.98832E-05 9.98832E-05 9.98832E-05 9.98832E-05 9.98832E-05 9.98832E-05 9.98832E-05 9.98832E-05 9.98832E-05 9.98832E-05 9.98832E-05 9.98832E-05
0.0544075 9.99279E-05 9.99279E-05 0.0280336 0.808873 9.99279E-05 9.99279E-05 9.99279E-05 9.99279E-05 0.0464419 0.0532262 9.99279E-05 9.99279E-05 0.00821849
0.0702427 9.99189E-05 9.99189E-05 9.99189E-05 0.766627 9.99189E-05 9.99189E-05 9.99189E-05 9.99189E-05 0.112049 0.0404789 9.99189E-05 9.99189E-05 0.00970354
9.98922E-05 0.976071 9.98922E-05 9.98922E-05 9.98922E-05 9.98922E-05 9.98922E-05 9.98922E-05 9.98922E-05 0.0227303 9.98922E-05 9.98922E-05 9.98922E-05 9.98922E-05
9.98832E-05 0.998702 9.98832E-05 9.98832E-05 9.98832E-05 9.98832E-05 9.98832E-05 9.98832E-05 9.98832E-05 9.98832E-05 9.98832E-05 9.98832E-05 9.98832E-05 9.98832E-05
0.0180256 9.9901E-05 0.0132345 0.967641 9.9901E-05 9.9901E-05 9.9901E-05 9.9901E-05 9.9901E-05 9.9901E-05 9.9901E-05 9.9901E-05 9.9901E-05 9.9901E-05
0.149226 9.993E-05 9.993E-05 0.0432927 0.0954954 9.993E-05 9.993E-05 0.0878873 0.0802929 0.476629 0.0664777 9.993E-05 9.993E-05 9.993E-05
9.9901E-05 9.9901E-05 0.0306753 9.9901E-05 9.9901E-05 9.9901E-05 9.9901E-05 0.0388693 9.9901E-05 9.9901E-05 0.929356 9.9901E-05 9.9901E-05 9.9901E-05
9.98828E-05 9.98828E-05 9.98828E-05 9.98828E-05 9.98828E-05 9.98828E-05 9.98828E-05 9.98828E-05 9.98828E-05 9.98828E-05 9.98828E-05 9.98828E-05 0.998702 9.98828E-05
0.0752316 0.0358561 9.9928E-05 0.0180387 9.9928E-05 9.9928E-05 9.9928E-05 9.9928E-05 9.9928E-05 0.0297139 9.9928E-05 0.136827 0.703533 9.9928E-05
9.99551E-05 0.0315143 0.159209 9.99551E-05 9.99551E-05 0.0207412 0.220032 0.126166 0.0390078 9.99551E-05 0.00413549 0.000752322 9.99551E-05 0.397942
