0.033061 9.99009E-05 9.99009E-05 9.99009E-05 9.99009E-05 9.99009E-05 0.958241 9.99009E-05 9.99009E-05 9.99009E-05 9.99009E-05 9.99009E-05 9.99009E-05 0.00759907
0.0103771 9.99368E-05 9.99368E-05 9.99368E-05 9.99368E-05 0.105185 0.162274 9.99368E-05 0.347277 9.99368E-05 0.285266 9.99368E-05 0.0170593 0.0718611
9.99197E-05 9.99197E-05 9.99197E-05 9.99197E-05 0.0273351 9.99197E-05 9.99197E-05 0.072654 9.99197E-05 9.99197E-05 0.683502 0.162045 0.0535654 9.99197E-05
9.99011E-05 9.99011E-05 9.99011E-05 9.99011E-05 9.99011E-05 9.99011E-05 9.99011E-05 9.99011E-05 9.99011E-05 9.99011E-05 0.939357 9.99011E-05 0.0368143 0.0227295
0.0806195 9.99551E-05 0.0520742 9.99551E-05 9.99551E-05 0.0436222 0.0284447 9.99551E-05 0.308845 0.0133692 0.365485 0.0884146 9.99551E-05 0.0186268
9.99011E-05 9.99011E-05 0.0203525 9.99011E-05 9.99011E-05 9.99011E-05 9.99011E-05 9.99011E-05 9.99011E-05 9.99011E-05 0.967386 9.99011E-05 9.99011E-05 0.0111624
9.98919E-05 9.98919E-05 9.98919E-05 9.98919E-05 9.98919E-05 9.98919E-05 9.98919E-05 0.0418306 0.956971 9.98919E-05 9.98919E-05 9.98919E-05 9.98919E-05 9.98919E-05
0.101858 9.99279E-05 9.99279E-05 9.99279E-05 9.99279E-05 0.140215 9.99279E-05 9.99279E-05 0.0518354 9.99279E-05 0.120464 0.579106 0.00572211 9.99279E-05
9.98829E-05 9.98829E-05 9.98829E-05 9.98829E-05 9.98829E-05 9.98829E-05 9.98829E-05 9.98829E-05 0.998702 9.98829E-05 9.98829E-05 9.98829E-05 9.98829E-05 9.98829E-05
0.881775 9.98923E-05 9.98923E-05 9.98923E-05 9.98923E-05 9.98923E-05 9.98923E-05 9.98923E-05 0.117027 9.98923E-05 9.98923E-05 9.98923E-05 9.98923E-05 9.98923E-05
0.922235 9.98922E-05 9.98922E-05 9.98922E-05 9.98922E-05 9.98922E-05 9.98922E-05 9.98922E-05 0.0765659 9.98922E-05 9.98922E-05 9.98922E-05 9.98922E-05 9.98922E-05
9.9928E-05 9.9928E-05 0.0910539 9.9928E-05 9.9928E-05 9.9928E-05 0.637164 0.142448 9.9928E-05 9.9928E-05 0.0290451 0.00294165 0.0965472 9.9928E-05
9.98924E-05 9.98924E-05 9.98924E-05 9.98924E-05 9.98924E-05 9.98924E-05 9.98924E-05 0.975324 9.98924E-05 9.98924E-05 9.98924E-05 0.0234771 9.98924E-05 9.98924E-05
9.99101E-05 9.99101E-05 0.0211592 9.99101E-05 0.0109925 9.99101E-05 9.99101E-05 9.99101E-05 9.99101E-05 9.99101E-05 0.94705 9.99101E-05 9.99101E-05 0.0197993
9.99011E-05 9.99011E-05 9.99011E-05 9.99011E-05 9.99011E-05 9.99011E-05 0.046287 9.99011E-05 9.99011E-05 0.042541 0.910073 9.99011E-05 9.99011E-05 9.99011E-05
0.0312706 0.783173 0.13581 9.99099E-05 9.99099E-05 9.99099E-05 9.99099E-05 0.0487469 9.99099E-05 9.99099E-05 9.99099E-05 9.99099E-05 9.99099E-05 9.99099E-05
0.0304937 9.991E-05 9.991E-05 9.991E-05 0.0035471 9.991E-05 9.991E-05 9.991E-05 9.991E-05 0.0128809 9.991E-05 9.991E-05 9.991E-05 0.952079
0.166145 0.00901443 9.99279E-05 9.99279E-05 0.710622 0.0429829 0.0514826 9.99279E-05 0.0189539 9.99279E-05 9.99279E-05 9.99279E-05 9.99279E-05 9.99279E-05
9.99011E-05 9.99011E-05 9.99011E-05 0.00377486 0.953442 9.99011E-05 9.99011E-05 9.99011E-05 9.99011E-05 9.99011E-05 9.99011E-05 9.99011E-05 0.0416842 9.99011E-05
0.492555 0.301158 0.12805 9.99189E-05 9.99189E-05 9.99189E-05 0.0463347 9.99189E-05 9.99189E-05 9.99189E-05 9.99189E-05 9.99189E-05 0.0310028 9.99189E-05
9.98831E-05 9.98831E-05 9.98831E-05 9.98831E-05 0.998702 9.98831E-05 9.98831E-05 9.98831E-05 9.98831E-05 9.98831E-05 9.98831E-05 9.98831E-05 9.98831E-05 9.98831E-05
0.0799013 0.248083 9.99279E-05 0.0296275 9.99279E-05 9.99279E-05 0.489859 0.0425499 9.99279E-05 9.99279E-05 9.99279E-05 9.99279E-05 9.99279E-05 0.10918
9.98829E-05 9.98829E-05 9.98829E-05 9.98829E-05 9.98829E-05 9.98829E-05 9.98829E-05 9.98829E-05 9.98829E-05 0.998702 9.98829E-05 9.98829E-05 9.98829E-05 9.98829E-05
9.9901E-05 9.9901E-05 9.9901E-05 0.00161444 0.829458 9.9901E-05 9.9901E-05 9.9901E-05 9.9901E-05 0.167829 9.9901E-05 9.9901E-05 9.9901E-05 9.9901E-05
9.99013E-05 9.99013E-05 9.99013E-05 9.99013E-05 9.99013E-05 0.0309108 9.99013E-05 9.99013E-05 0.00373165 9.99013E-05 0.964259 9.99013E-05 9.99013E-05 9.99013E-05
9.98866E-05 9.98866E-05 9.98866E-05 9.98866E-05 9.98866E-05 9.98866E-05 9.98866E-05 9.98866E-05 9.98866E-05 9.98866E-05 0.998701 9.98866E-05 9.98866E-05 9.98866E-05
0.0899171 9.99279E-05 9.99279E-05 9.99279E-05 9.99279E-05 9.99279E-05 0.0644335 0.814003 9.99279E-05 0.00344906 9.99279E-05 9.99279E-05 0.0162902 0.0111073
9.991E-05 9.991E-05 9.991E-05 9.991E-05 9.991E-05 0.0500281 9.991E-05 9.991E-05 0.0198137 9.991E-05 0.922318 0.00684148 9.991E-05 9.991E-05
9.99011E-05 0.0342855 9.99011E-05 9.99011E-05 9.99011E-05 0.0769378 9.99011E-05 9.99011E-05 9.99011E-05 9.99011E-05 0.887678 9.99011E-05 9.99011E-05 9.99011E-05
9.99371E-05 9.99371E-05 0.0433621 0.0255878 9.99371E-05 0.125082 9.99371E-05 9.99371E-05 9.99371E-05 9.99371E-05 0.55259 0.214115 0.015652 0.0229115
9.99188E-05 9.99188E-05 0.0373243 9.99188E-05 9.99188E-05 0.0349633 9.99188E-05 9.99188E-05 9.99188E-05 9.99188E-05 0.28122 0.62288 0.0227133 9.99188E-05
9.993E-05 9.993E-05 9.993E-05 9.993E-05 9.993E-05 0.265533 0.172725 9.993E-05 0.450555 0.00142046 0.0874699 0.00554192 0.0160546 9.993E-05
9.99012E-05 0.0196466 9.99012E-05 9.99012E-05 9.99012E-05 9.99012E-05 9.99012E-05 9.99012E-05 9.99012E-05 9.99012E-05 0.804326 0.174929 9.99012E-05 9.99012E-05
0.00505331 9.99012E-05 9.99012E-05 9.99012E-05 9.99012E-05 0.720359 9.99012E-05 9.99012E-05 9.99012E-05 9.99012E-05 9.99012E-05 0.273489 9.99012E-05 9.99012E-05
0.0250729 9.99278E-05 0.055975 9.99278E-05 9.99278E-05 9.99278E-05 9.99278E-05 0.523959 9.99278E-05 9.99278E-05 9.99278E-05 0.0557435 0.0816503 0.2568
9.99189E-05 0.0145025 0.0314071 9.99189E-05 9.99189E-05 9.99189E-05 9.99189E-05 9.99189E-05 0.0266318 9.99189E-05 0.90371 0.0228493 9.99189E-05 9.99189E-05
9.991E-05 9.991E-05 0.0160313 9.991E-05 9.991E-05 9.991E-05 0.946849 9.991E-05 9.991E-05 9.991E-05 9.991E-05 0.0336675 9.991E-05 0.00245283
0.55659 9.99549E-05 9.99549E-05 0.0111316 9.99549E-05 0.0212331 0.122237 9.99549E-05 0.0812744 0.086546 0.0575647 0.0125453 9.99549E-05 0.0503788
9.9892E-05 9.9892E-05 9.9892E-05 9.9892E-05 9.9892E-05 9.9892E-05 9.9892E-05 9.9892E-05 9.9892E-05 9.9892E-05 9.9892E-05 0.0114829 9.9892E-05 0.987318
0.323742 0.209562 9.99279E-05 0.00568114 9.99279E-05 9.99279E-05 0.213425 9.99279E-05 9.99279E-05 9.99279E-05 0.0833586 9.99279E-05 9.99279E-05 0.163432
0.349378 0.179239 9.99368E-05 0.000455548 0.017846 9.99368E-05 0.273129 9.99368E-05 9.99368E-05 9.99368E-05 0.0452212 9.99368E-05 9.99368E-05 0.134032
0.963546 9.991E-05 0.00490987 9.991E-05 9.991E-05 9.991E-05 0.010074 9.991E-05 9.991E-05 9.991E-05 9.991E-05 9.991E-05 9.991E-05 0.0204714
0.0448729 0.852124 9.9919E-05 9.9919E-05 9.9919E-05 9.9919E-05 0.00628083 0.0428989 0.0529239 9.9919E-05 9.9919E-05 9.9919E-05 9.9919E-05 9.9919E-05
0.911632 9.9892E-05 0.0871689 9.9892E-05 9.9892E-05 9.9892E-05 9.9892E-05 9.9892E-05 9.9892E-05 9.9892E-05 9.9892E-05 9.9892E-05 9.9892E-05 9.9892E-05
0.402957 0.0279165 0.09283 9.99549E-05 0.026796 9.99549E-05 0.0520604 0.175958 0.0149302 0.173295 9.99549E-05 9.99549E-05 0.0327568 9.99549E-05
0.504464 0.105082 0.155949 0.0813207 9.99369E-05 9.99369E-05 0.0834598 9.99369E-05 9.99369E-05 9.99369E-05 0.0489234 0.0201018 9.99369E-05 9.99369E-05
0.169281 9.9955E-05 0.231475 0.00282896 9.9955E-05 0.0415222 0.198657 0.0612367 0.0554264 9.9955E-05 0.0588223 9.9955E-05 9.9955E-05 0.180251
9.98926E-05 9.98926E-05 9.98926E-05 9.98926E-05 9.98926E-05 9.98926E-05 0.968624 9.98926E-05 9.98926E-05 0.0301773 9.98926E-05 9.98926E-05 9.98926E-05 9.98926E-05
9.9883E-05 9.9883E-05 9.9883E-05 9.9883E-05 9.9883E-05 0.998702 9.9883E-05 9.9883E-05 9.9883E-05 9.9883E-05 9.9883E-05 9.9883E-05 9.9883E-05 9.9883E-05
9.98831E-05 9.98831E-05 9.98831E-05 9.98831E-05 9.98831E-05 0.998702 9.98831E-05 9.98831E-05 9.98831E-05 9.98831E-05 9.98831E-05 9.98831E-05 9.98831E-05 9.98831E-05
0.0166188 0.00300289 9.99011E-05 9.99011E-05 9.99011E-05 0.979279 9.99011E-05 9.99011E-05 9.99011E-05 9.99011E-05 9.99011E-05 9.99011E-05 9.99011E-05 9.99011E-05
9.98831E-05 9.98831E-05 9.98831E-05 9.98831E-05 9.98831E-05 0.998702 9.98831E-05 9.98831E-05 9.98831E-05 9.98831E-05 9.98831E-05 9.98831E-05 9.98831E-05 9.98831E-05
9.98831E-05 9.98831E-05 9.98831E-05 9.98831E-05 9.98831E-05 0.998702 9.98831E-05 9.98831E-05 9.98831E-05 9.98831E-05 9.98831E-05 9.98831E-05 9.98831E-05 9.98831E-05
9.9928E-05 0.0292726 9.9928E-05 9.9928E-05 9.9928E-05 0.260743 9.9928E-05 9.9928E-05 0.0780314 0.137893 0.0347332 0.458528 9.9928E-05 9.9928E-05
9.99101E-05 0.0189955 9.99101E-05 9.99101E-05 9.99101E-05 0.963321 0.00281467 9.99101E-05 9.99101E-05 9.99101E-05 9.99101E-05 9.99101E-05 9.99101E-05 0.0138696
9.99008E-05 0.147741 0.076368 9.99008E-05 9.99008E-05 9.99008E-05 0.774793 9.99008E-05 9.99008E-05 9.99008E-05 9.99008E-05 9.99008E-05 9.99008E-05 9.99008E-05
9.99187E-05 9.99187E-05 9.99187E-05 9.99187E-05 9.99187E-05 0.25295 0.108246 9.99187E-05 0.491557 9.99187E-05 0.0917053 9.99187E-05 0.0546424 9.99187E-05
9.99009E-05 9.99009E-05 0.0347346 9.99009E-05 9.99009E-05 9.99009E-05 9.99009E-05 9.99009E-05 9.99009E-05 9.99009E-05 0.957335 9.99009E-05 9.99009E-05 0.00683138
9.99191E-05 0.0466444 9.99191E-05 9.99191E-05 9.99191E-05 0.0156499 0.0146466 0.888646 9.99191E-05 9.99191E-05 9.99191E-05 9.99191E-05 0.0335138 9.99191E-05
9.99012E-05 0.869862 0.103975 9.99012E-05 9.99012E-05 9.99012E-05 9.99012E-05 0.0250637 9.99012E-05 9.99012E-05 9.99012E-05 9.99012E-05 9.99012E-05 9.99012E-05
9.98924E-05 9.98924E-05 9.98924E-05 9.98924E-05 9.98924E-05 9.98924E-05 9.98924E-05 0.985584 0.0132173 9.98924E-05 9.98924E-05 9.98924E-05 9.98924E-05 9.98924E-05
0.097632 9.98919E-05 9.98919E-05 9.98919E-05 9.98919E-05 9.98919E-05 9.98919E-05 0.901169 9.98919E-05 9.98919E-05 9.98919E-05 9.98919E-05 9.98919E-05 9.98919E-05
0.0639871 9.99099E-05 0.0455859 9.99099E-05 9.99099E-05 9.99099E-05 9.99099E-05 0.83047 9.99099E-05 9.99099E-05 9.99099E-05 9.99099E-05 0.0589576 9.99099E-05
9.98832E-05 9.98832E-05 9.98832E-05 0.998702 9.98832E-05 9.98832E-05 9.98832E-05 9.98832E-05 9.98832E-05 9.98832E-05 9.98832E-05 9.98832E-05 9.98832E-05 9.98832E-05
9.98925E-05 9.98925E-05 9.98925E-05 9.98925E-05 9.98925E-05 9.98925E-05 9.98925E-05 9.98925E-05 9.98925E-05 9.98925E-05 0.977225 9.98925E-05 0.0215763 9.98925E-05
0.0592199 0.225915 0.101393 0.00704665 0.0164465 0.228388 0.0303957 0.0899197 9.9973E-05 0.0225605 0.166201 9.9973E-05 0.0522139 9.9973E-05
9.99193E-05 0.0294311 9.99193E-05 9.99193E-05 9.99193E-05 0.00580118 9.99193E-05 0.0329075 9.99193E-05 9.99193E-05 0.926018 0.00494308 9.99193E-05 9.99193E-05
9.9928E-05 9.9928E-05 0.0317481 9.9928E-05 9.9928E-05 0.0338041 0.00862075 9.9928E-05 9.9928E-05 9.9928E-05 0.893801 0.00277023 9.9928E-05 0.0284566
9.991E-05 0.0807661 9.991E-05 9.991E-05 9.991E-05 0.0695364 9.991E-05 9.991E-05 9.991E-05 9.991E-05 0.807069 0.0416297 9.991E-05 9.991E-05
9.99281E-05 0.0364723 9.99281E-05 0.0128612 9.99281E-05 0.00419023 9.99281E-05 9.99281E-05 0.0120825 9.99281E-05 0.867266 0.066328 9.99281E-05 9.99281E-05
0.0375549 9.99371E-05 0.0410651 9.99371E-05 9.99371E-05 9.99371E-05 0.00234486 9.99371E-05 9.99371E-05 9.99371E-05 0.816752 0.0905084 0.00496197 0.00611329
9.98919E-05 9.98919E-05 0.0458179 9.98919E-05 9.98919E-05 9.98919E-05 9.98919E-05 9.98919E-05 9.98919E-05 9.98919E-05 0.952983 9.98919E-05 9.98919E-05 9.98919E-05
9.98829E-05 9.98829E-05 9.98829E-05 9.98829E-05 9.98829E-05 9.98829E-05 9.98829E-05 9.98829E-05 9.98829E-05 9.98829E-05 9.98829E-05 0.998702 9.98829E-05 9.98829E-05
9.98921E-05 9.98921E-05 9.98921E-05 9.98921E-05 9.98921E-05 9.98921E-05 9.98921E-05 0.0575186 9.98921E-05 9.98921E-05 9.98921E-05 0.941283 9.98921E-05 9.98921E-05
9.99191E-05 0.0376084 9.99191E-05 9.99191E-05 0.00173851 0.0110547 9.99191E-05 9.99191E-05 9.99191E-05 0.0219708 0.926728 9.99191E-05 9.99191E-05 9.99191E-05
9.99009E-05 0.942802 9.99009E-05 9.99009E-05 9.99009E-05 9.99009E-05 9.99009E-05 9.99009E-05 9.99009E-05 0.00520894 9.99009E-05 0.0508899 9.99009E-05 9.99009E-05
9.9892E-05 0.984313 9.9892E-05 9.9892E-05 9.9892E-05 0.0144888 9.9892E-05 9.9892E-05 9.9892E-05 9.9892E-05 9.9892E-05 9.9892E-05 9.9892E-05 9.9892E-05
9.98922E-05 9.98922E-05 0.00672856 9.98922E-05 9.98922E-05 9.98922E-05 9.98922E-05 9.98922E-05 9.98922E-05 9.98922E-05 9.98922E-05 9.98922E-05 0.992073 9.98922E-05
9.98833E-05 9.98833E-05 9.98833E-05 9.98833E-05 9.98833E-05 9.98833E-05 9.98833E-05 9.98833E-05 9.98833E-05 9.98833E-05 9.98833E-05 9.98833E-05 0.998702 9.98833E-05
0.893905 0.0470767 9.991E-05 9.991E-05 9.991E-05 9.991E-05 0.0409821 9.991E-05 9.991E-05 9.991E-05 0.0170375 9.991E-05 9.991E-05 9.991E-05
0.870834 0.0753675 9.9919E-05 0.00745282 9.9919E-05 9.9919E-05 0.0245853 0.0208606 9.9919E-05 9.9919E-05 9.9919E-05 9.9919E-05 9.9919E-05 9.9919E-05
9.99101E-05 9.99101E-05 9.99101E-05 9.99101E-05 9.99101E-05 9.99101E-05 9.99101E-05 9.99101E-05 9.99101E-05 0.0305726 9.99101E-05 0.0194622 0.933985 0.0149814
9.98832E-05 9.98832E-05 9.98832E-05 9.98832E-05 9.98832E-05 9.98832E-05 9.98832E-05 9.98832E-05 9.98832E-05 9.98832E-05 9.98832E-05 9.98832E-05 0.998702 9.98832E-05
9.9901E-05 0.00464866 9.9901E-05 9.9901E-05 9.9901E-05 9.9901E-05 0.952878 0.0413747 9.9901E-05 9.9901E-05 9.9901E-05 9.9901E-05 9.9901E-05 9.9901E-05
0.227647 0.37081 9.99279E-05 0.00198387 0.0801602 9.99279E-05 9.99279E-05 0.162456 0.156144 9.99279E-05 9.99279E-05 9.99279E-05 9.99279E-05 9.99279E-05
9.99188E-05 9.99188E-05 9.99188E-05 9.99188E-05 9.99188E-05 0.354783 0.106342 9.99188E-05 0.483687 9.99188E-05 0.0319921 9.99188E-05 0.0222963 9.99188E-05
9.9892E-05 9.9892E-05 0.918003 9.9892E-05 9.9892E-05 9.9892E-05 9.9892E-05 9.9892E-05 9.9892E-05 0.0807978 9.9892E-05 9.9892E-05 9.9892E-05 9.9892E-05
9.991E-05 0.00384092 0.971622 9.991E-05 9.991E-05 9.991E-05 0.00928728 9.991E-05 9.991E-05 9.991E-05 9.991E-05 9.991E-05 9.991E-05 0.0142508
9.9928E-05 9.9928E-05 9.9928E-05 9.9928E-05 0.0208169 0.0243973 9.9928E-05 9.9928E-05 9.9928E-05 0.0310783 0.173194 0.747847 0.00186722 9.9928E-05
