0.9998 9.999E-05 9.999E-05
0.451886 9.9991E-05 0.548014
0.0458676 0.0378328 0.9163
9.999E-05 9.999E-05 0.9998
0.318398 9.9991E-05 0.681502
0.00646344 0.00203015 0.991506
0.664746 9.99911E-05 0.335154
0.190854 9.9991E-05 0.809046
0.615671 9.9991E-05 0.384229
0.953673 0.00786594 0.0384611
0.994537 9.9991E-05 0.00536252
0.97919 9.9991E-05 0.0207105
0.952564 9.99911E-05 0.0473365
9.9991E-05 0.0261842 0.973716
0.00961053 0.00426155 0.986128
0.964013 9.9991E-05 0.0358874
0.765078 0.195068 0.0398538
0.282978 0.716922 9.9991E-05
9.999E-05 0.9998 9.999E-05
0.9998 9.999E-05 9.999E-05
9.999E-05 0.9998 9.999E-05
0.9998 9.999E-05 9.999E-05
0.301702 0.607158 0.0911407
9.999E-05 0.9998 9.999E-05
9.999E-05 9.999E-05 0.9998
9.999E-05 9.999E-05 0.9998
0.9998 9.999E-05 9.999E-05
9.999E-05 9.999E-05 0.9998
9.999E-05 9.999E-05 0.9998
0.0250822 0.05637 0.918548
0.00602633 0.0356157 0.958358
0.417006 9.9991E-05 0.582894
9.999E-05 9.999E-05 0.9998
0.185887 9.9991E-05 0.814013
0.923462 0.0126725 0.0638658
9.999E-05 9.999E-05 0.9998
0.930467 9.9991E-05 0.0694328
0.812453 0.0310386 0.156508
0.605831 0.21181 0.182359
0.892833 9.9991E-05 0.107067
0.936147 9.9991E-05 0.063753
0.982425 0.0174752 9.9991E-05
0.994663 9.9991E-05 0.00523724
0.98145 0.0184498 9.9991E-05
0.803704 0.196196 9.9991E-05
0.811643 0.0668017 0.121555
0.819103 9.9991E-05 0.180797
0.9998 9.999E-05 9.999E-05
0.127299 0.0298632 0.842838
0.186317 0.0333716 0.780311
0.16603 0.043942 0.790028
0.132668 0.0299759 0.837356
0.0984251 0.0369708 0.864604
0.242244 0.0591852 0.698571
0.214376 0.00881682 0.776807
0.9998 9.999E-05 9.999E-05
0.445723 9.9991E-05 0.554177
9.999E-05 9.999E-05 0.9998
0.9998 9.999E-05 9.999E-05
0.932939 9.9991E-05 0.0669612
0.9998 9.999E-05 9.999E-05
0.9998 9.999E-05 9.999E-05
0.991145 0.00875518 9.9991E-05
0.104321 0.895579 9.99911E-05
9.999E-05 9.999E-05 0.9998
0.48629 0.0651701 0.448539
9.999E-05 9.999E-05 0.9998
0.0197065 9.9991E-05 0.980193
9.999E-05 9.999E-05 0.9998
9.999E-05 9.999E-05 0.9998
0.05564 9.9991E-05 0.94426
9.999E-05 9.999E-05 0.9998
0.0395656 9.99911E-05 0.960334
0.116022 9.99911E-05 0.883879
9.999E-05 9.999E-05 0.9998
0.826261 9.9991E-05 0.173639
0.87036 9.9991E-05 0.12954
0.505266 0.371526 0.123209
0.525054 0.369077 0.105869
0.962838 9.9991E-05 0.0370622
0.980223 9.9991E-05 0.0196771
0.538942 0.346455 0.114603
0.525914 0.367561 0.106524
0.9998 9.999E-05 9.999E-05
0.965477 0.0128777 0.0216452
0.440683 9.9991E-05 0.559217
0.679536 0.245012 0.0754527
0.795641 0.204259 9.9991E-05
9.9991E-05 0.100254 0.899646
