9.99549E-05 9.99549E-05 9.99549E-05 0.949705 9.99549E-05 0.0497949 9.99549E-05
9.9982E-05 0.0191476 0.31584 0.231323 9.9982E-05 0.170894 0.262596
0.102653 0.0193602 0.837474 9.99822E-05 0.00593978 9.99822E-05 0.0343726
9.9955E-05 0.0384221 0.961078 9.9955E-05 9.9955E-05 9.9955E-05 9.9955E-05
9.99731E-05 9.99731E-05 0.471847 0.0246263 9.99731E-05 0.274798 0.228429
9.9964E-05 9.9964E-05 0.996678 0.00123949 0.00168224 9.9964E-05 9.9964E-05
0.429427 9.99732E-05 0.0238695 9.99732E-05 9.99732E-05 0.259977 0.286427
9.99641E-05 9.99641E-05 0.417036 9.99641E-05 9.99641E-05 0.153258 0.429306
0.299023 9.99731E-05 0.0479884 9.99731E-05 9.99731E-05 0.33984 0.312848
9.99551E-05 9.99551E-05 9.99551E-05 9.99551E-05 9.99551E-05 0.984634 0.0148662
9.995E-05 9.995E-05 9.995E-05 9.995E-05 9.995E-05 0.9994 9.995E-05
0.16285 0.110069 0.0244278 0.702354 9.9973E-05 9.9973E-05 9.9973E-05
0.9994 9.995E-05 9.995E-05 9.995E-05 9.995E-05 9.995E-05 9.995E-05
9.9973E-05 0.0182339 0.932655 0.0326594 0.0161517 9.9973E-05 9.9973E-05
9.9964E-05 9.9964E-05 0.938849 0.0581101 0.00264119 9.9964E-05 9.9964E-05
0.289263 0.00744895 0.0177266 0.0981704 9.9982E-05 0.587191 9.9982E-05
0.161668 0.349167 9.9982E-05 0.0459204 0.0888879 0.354157 9.9982E-05
9.99729E-05 9.99729E-05 9.99729E-05 0.0224096 0.712252 0.212866 0.0521733
9.9955E-05 0.0886115 9.9955E-05 9.9955E-05 0.910889 9.9955E-05 9.9955E-05
0.0296374 0.079141 9.9973E-05 0.162988 9.9973E-05 0.727934 9.9973E-05
9.995E-05 9.995E-05 9.995E-05 9.995E-05 0.9994 9.995E-05 9.995E-05
0.0497351 0.0291074 9.99729E-05 0.604167 9.99729E-05 0.31669 9.99729E-05
9.9973E-05 0.337781 9.9973E-05 9.9973E-05 0.410076 0.243347 0.0084961
9.9964E-05 0.0871193 9.9964E-05 9.9964E-05 0.90005 0.0124306 9.9964E-05
9.995E-05 9.995E-05 0.9994 9.995E-05 9.995E-05 9.995E-05 9.995E-05
9.995E-05 9.995E-05 0.9994 9.995E-05 9.995E-05 9.995E-05 9.995E-05
0.736886 0.0602795 9.99729E-05 0.111646 9.99729E-05 0.0908893 9.99729E-05
9.9955E-05 9.9955E-05 0.9261 9.9955E-05 9.9955E-05 9.9955E-05 0.0734007
0.0020474 9.9964E-05 0.902917 9.9964E-05 9.9964E-05 9.9964E-05 0.0946354
9.99821E-05 0.0533493 0.676929 0.00951798 0.0157755 9.99821E-05 0.244228
9.99641E-05 0.0555623 0.653834 9.99641E-05 9.99641E-05 9.99641E-05 0.290204
9.99821E-05 0.00824558 0.100364 0.247487 9.99821E-05 0.0787942 0.564909
9.99641E-05 9.99641E-05 0.987166 0.010512 9.99641E-05 9.99641E-05 0.00192226
9.99641E-05 0.00077065 0.0921253 9.99641E-05 9.99641E-05 9.99641E-05 0.906704
0.606137 0.228266 0.0650636 0.100233 9.99729E-05 9.99729E-05 9.99729E-05
0.0140688 9.99639E-05 0.984376 0.00115569 9.99639E-05 9.99639E-05 9.99639E-05
9.9955E-05 9.9955E-05 0.00689789 0.992602 9.9955E-05 9.9955E-05 9.9955E-05
9.9982E-05 9.9982E-05 0.0173908 0.116452 0.0274542 0.705954 0.13255
0.160157 0.417562 0.121753 0.0512351 0.0562492 0.192943 9.9991E-05
9.99639E-05 9.99639E-05 0.097397 0.287378 9.99639E-05 0.614825 9.99639E-05
9.99819E-05 0.0251458 0.0458076 0.28547 0.016961 0.626415 9.99819E-05
9.9964E-05 0.00140059 9.9964E-05 0.022873 9.9964E-05 0.975327 9.9964E-05
0.209568 9.9964E-05 9.9964E-05 0.11856 9.9964E-05 0.671473 9.9964E-05
0.00127664 0.0382269 9.9973E-05 0.0178822 9.9973E-05 0.942314 9.9973E-05
0.18149 0.12926 9.9991E-05 0.0524025 0.116705 0.512634 0.00740881
0.0398807 0.0321227 0.0784357 0.14995 0.0205399 0.678971 9.9991E-05
0.208186 0.152947 0.0938322 0.300404 0.00174657 0.182105 0.0607802
9.99553E-05 9.99553E-05 9.99553E-05 0.992332 0.00716835 9.99553E-05 9.99553E-05
9.995E-05 9.995E-05 9.995E-05 9.995E-05 9.995E-05 9.995E-05 0.9994
9.995E-05 9.995E-05 9.995E-05 9.995E-05 9.995E-05 9.995E-05 0.9994
9.99549E-05 9.99549E-05 9.99549E-05 9.99549E-05 0.00991137 9.99549E-05 0.989589
9.995E-05 9.995E-05 9.995E-05 9.995E-05 9.995E-05 9.995E-05 0.9994
9.995E-05 9.995E-05 9.995E-05 9.995E-05 9.995E-05 9.995E-05 0.9994
9.99731E-05 9.99731E-05 0.242052 9.99731E-05 0.0183992 0.161049 0.5782
9.99549E-05 9.99549E-05 9.99549E-05 0.0225594 9.99549E-05 9.99549E-05 0.976941
0.0650381 9.99639E-05 9.99639E-05 0.836569 9.99639E-05 0.0979929 9.99639E-05
9.9973E-05 9.9973E-05 0.1128 0.215472 9.9973E-05 0.146017 0.525411
9.995E-05 9.995E-05 0.9994 9.995E-05 9.995E-05 9.995E-05 9.995E-05
0.845505 0.0512291 9.9973E-05 0.0995015 9.9973E-05 9.9973E-05 0.00346472
0.315324 9.9973E-05 0.0341817 0.136587 9.9973E-05 0.513607 9.9973E-05
0.9994 9.995E-05 9.995E-05 9.995E-05 9.995E-05 9.995E-05 9.995E-05
0.894336 0.00144679 9.99729E-05 0.063661 9.99729E-05 0.0402562 9.99729E-05
0.866977 0.0644359 9.99729E-05 0.037221 9.99729E-05 0.031066 9.99729E-05
9.99551E-05 9.99551E-05 9.99551E-05 0.117218 0.882283 9.99551E-05 9.99551E-05
9.995E-05 9.995E-05 0.9994 9.995E-05 9.995E-05 9.995E-05 9.995E-05
0.110826 0.0655739 0.333265 0.0186102 0.0842926 0.308494 0.078938
0.0136994 9.99552E-05 0.985801 9.99552E-05 9.99552E-05 9.99552E-05 9.99552E-05
9.9955E-05 9.9955E-05 0.959472 0.040028 9.9955E-05 9.9955E-05 9.9955E-05
9.9964E-05 9.9964E-05 0.906581 0.00329042 9.9964E-05 9.9964E-05 0.0897285
9.9964E-05 9.9964E-05 0.909711 0.0118189 9.9964E-05 9.9964E-05 0.0780705
9.9973E-05 0.0250888 0.916987 0.0104451 9.9973E-05 0.0471797 9.9973E-05
9.995E-05 9.995E-05 0.9994 9.995E-05 9.995E-05 9.995E-05 9.995E-05
0.00525227 9.99732E-05 0.497618 9.99732E-05 9.99732E-05 0.0387009 0.458129
0.165126 9.99643E-05 0.485227 9.99643E-05 9.99643E-05 9.99643E-05 0.349247
9.9973E-05 0.00557399 0.947574 9.9973E-05 9.9973E-05 0.0262771 0.0202754
0.0746799 0.00732358 0.0939679 0.0667898 9.9991E-05 0.711912 0.0452269
0.110843 9.9982E-05 0.0486801 0.0552615 9.9982E-05 0.70296 0.0820551
9.995E-05 0.9994 9.995E-05 9.995E-05 9.995E-05 9.995E-05 9.995E-05
9.995E-05 0.9994 9.995E-05 9.995E-05 9.995E-05 9.995E-05 9.995E-05
9.9964E-05 9.9964E-05 0.0286097 0.0220285 9.9964E-05 0.948962 9.9964E-05
0.0131953 9.9964E-05 9.9964E-05 0.0201507 9.9964E-05 0.966254 9.9964E-05
9.9955E-05 0.988367 9.9955E-05 9.9955E-05 9.9955E-05 9.9955E-05 0.0111332
9.995E-05 0.9994 9.995E-05 9.995E-05 9.995E-05 9.995E-05 9.995E-05
0.0180085 9.9964E-05 9.9964E-05 0.980636 9.9964E-05 9.9964E-05 0.000955166
0.239543 9.9982E-05 0.019515 0.0543223 0.0505138 0.635906 9.9982E-05
9.9973E-05 9.9973E-05 0.0824252 0.187309 9.9973E-05 0.14364 0.586326
0.329256 0.252551 0.0572464 0.0588635 0.127015 0.174968 9.9991E-05
0.443849 0.303704 9.99731E-05 0.178046 0.0741018 9.99731E-05 9.99731E-05
9.99821E-05 0.0235378 0.633868 9.99821E-05 0.0384915 0.0299943 0.273909
