9.9955E-05 9.9955E-05 9.9955E-05 0.0147689 9.9955E-05 0.984731 9.9955E-05
0.35381 9.9982E-05 0.305854 0.138754 9.9982E-05 0.182139 0.0192431
0.396816 0.0292958 0.0171457 0.0322069 0.442388 9.99911E-05 0.0820472
0.906723 9.9964E-05 9.9964E-05 9.9964E-05 0.086318 9.9964E-05 0.00655898
0.511531 9.9982E-05 0.339833 0.101255 9.9982E-05 0.0344853 0.0126962
0.9994 9.995E-05 9.995E-05 9.995E-05 9.995E-05 9.995E-05 9.995E-05
9.995E-05 9.995E-05 0.9994 9.995E-05 9.995E-05 9.995E-05 9.995E-05
0.157853 9.9982E-05 0.181036 0.317091 0.287874 9.9982E-05 0.0559463
9.99549E-05 9.99549E-05 0.996091 9.99549E-05 0.00340924 9.99549E-05 9.99549E-05
9.99639E-05 9.99639E-05 0.533195 9.99639E-05 9.99639E-05 0.339562 0.126843
9.99639E-05 9.99639E-05 0.518922 9.99639E-05 9.99639E-05 0.368268 0.11241
9.99641E-05 9.99641E-05 9.99641E-05 9.99641E-05 0.0326405 0.853232 0.113728
9.99642E-05 9.99642E-05 0.127986 9.99642E-05 0.122526 0.749088 9.99642E-05
0.999114 0.000385756 9.9955E-05 9.9955E-05 9.9955E-05 9.9955E-05 9.9955E-05
0.995034 0.00446636 9.9955E-05 9.9955E-05 9.9955E-05 9.9955E-05 9.9955E-05
9.9982E-05 9.9982E-05 0.104424 0.00388632 0.0628778 0.817346 0.0112664
0.00929123 0.0674536 9.9973E-05 9.9973E-05 9.9973E-05 0.562102 0.360853
9.99729E-05 0.750029 0.117601 0.0503127 9.99729E-05 0.0817575 9.99729E-05
9.9955E-05 0.927494 9.9955E-05 9.9955E-05 9.9955E-05 9.9955E-05 0.0720067
9.99639E-05 9.99639E-05 0.0556445 9.99639E-05 9.99639E-05 0.797242 0.146714
9.995E-05 0.9994 9.995E-05 9.995E-05 9.995E-05 9.995E-05 9.995E-05
0.0293272 9.9964E-05 9.9964E-05 0.0158901 9.9964E-05 0.954383 9.9964E-05
0.00973535 0.438111 0.118587 0.00239077 9.9982E-05 9.9982E-05 0.430976
9.99549E-05 0.86353 9.99549E-05 9.99549E-05 9.99549E-05 9.99549E-05 0.13597
0.37863 9.9955E-05 9.9955E-05 9.9955E-05 0.62087 9.9955E-05 9.9955E-05
0.806738 9.9955E-05 9.9955E-05 9.9955E-05 0.192762 9.9955E-05 9.9955E-05
9.9955E-05 9.9955E-05 9.9955E-05 9.9955E-05 9.9955E-05 0.945016 0.0544846
0.0218338 9.99549E-05 9.99549E-05 9.99549E-05 0.977666 9.99549E-05 9.99549E-05
9.99549E-05 9.99549E-05 9.99549E-05 0.00412367 0.995377 9.99549E-05 9.99549E-05
0.56087 0.0258925 9.9982E-05 0.211234 0.191818 9.9982E-05 0.00998532
0.509966 9.9982E-05 0.054221 0.196092 0.194974 9.9982E-05 0.0445468
0.0752498 0.0145905 0.372044 0.389871 0.0807344 0.0674103 9.9991E-05
0.539545 9.99551E-05 9.99551E-05 9.99551E-05 0.459955 9.99551E-05 9.99551E-05
0.00938994 9.9982E-05 0.0428473 0.818268 0.113231 9.9982E-05 0.0160635
9.99639E-05 9.99639E-05 9.99639E-05 9.99639E-05 0.0801091 0.748056 0.171435
0.397105 9.99639E-05 9.99639E-05 9.99639E-05 0.601895 9.99639E-05 0.000599651
0.0690576 9.99551E-05 9.99551E-05 9.99551E-05 9.99551E-05 0.930443 9.99551E-05
0.0349593 0.0478898 0.265186 0.113602 9.9991E-05 0.474981 0.0632825
0.195764 0.0439023 9.99731E-05 9.99731E-05 9.99731E-05 0.360425 0.399609
0.186595 9.99729E-05 0.014984 9.99729E-05 9.99729E-05 0.778785 0.0193358
0.130655 0.0102897 0.0513949 9.99819E-05 9.99819E-05 0.759554 0.0479064
9.99729E-05 0.0257992 0.138407 9.99729E-05 9.99729E-05 0.727602 0.107892
9.99549E-05 9.99549E-05 0.317661 9.99549E-05 9.99549E-05 0.681839 9.99549E-05
9.9982E-05 0.000291324 0.0880334 0.0625843 9.9982E-05 0.68347 0.16542
9.99819E-05 0.109594 0.146583 0.0108933 9.99819E-05 0.561345 0.171384
0.0992494 0.0733475 0.111685 0.0134647 9.9991E-05 0.637837 0.0643161
0.129743 9.9982E-05 0.0401375 0.0834392 9.9982E-05 0.647467 0.0990139
9.99643E-05 0.049339 9.99643E-05 0.0286556 9.99643E-05 0.921606 9.99643E-05
9.995E-05 9.995E-05 9.995E-05 0.9994 9.995E-05 9.995E-05 9.995E-05
9.9955E-05 0.000419118 9.9955E-05 0.999081 9.9955E-05 9.9955E-05 9.9955E-05
9.9955E-05 9.9955E-05 9.9955E-05 0.999033 0.000467043 9.9955E-05 9.9955E-05
9.995E-05 9.995E-05 9.995E-05 0.9994 9.995E-05 9.995E-05 9.995E-05
9.995E-05 9.995E-05 9.995E-05 0.9994 9.995E-05 9.995E-05 9.995E-05
0.158303 0.0319315 0.180495 0.529467 0.0878194 0.00481532 0.00716955
9.9955E-05 9.9955E-05 9.9955E-05 0.986263 9.9955E-05 0.0132375 9.9955E-05
9.995E-05 9.995E-05 9.995E-05 9.995E-05 9.995E-05 0.9994 9.995E-05
0.0341865 9.9991E-05 0.39019 0.351487 0.094002 0.120501 0.00953297
0.65247 9.99549E-05 9.99549E-05 9.99549E-05 0.347031 9.99549E-05 9.99549E-05
9.99641E-05 9.99641E-05 0.0815123 9.99641E-05 9.99641E-05 0.914853 0.00323438
9.9973E-05 9.9973E-05 0.123491 9.9973E-05 0.104779 0.766754 0.00467682
9.99642E-05 0.015371 0.250829 9.99642E-05 9.99642E-05 0.7334 9.99642E-05
9.9955E-05 9.9955E-05 0.11259 9.9955E-05 9.9955E-05 0.88691 9.9955E-05
9.9973E-05 0.0194346 0.0108995 9.9973E-05 9.9973E-05 0.902078 0.0672883
0.00973857 0.931582 9.99731E-05 0.00956455 9.99731E-05 0.0488155 9.99731E-05
0.262809 9.99551E-05 9.99551E-05 9.99551E-05 0.736691 9.99551E-05 9.99551E-05
0.182663 0.0976985 0.0984732 0.170154 0.0931499 0.344438 0.013423
0.754105 9.99641E-05 0.000144096 9.99641E-05 0.245351 9.99641E-05 9.99641E-05
0.798905 9.9964E-05 9.9964E-05 9.9964E-05 0.177394 0.023301 9.9964E-05
9.99549E-05 9.99549E-05 9.99549E-05 9.99549E-05 0.980728 0.0187724 9.99549E-05
9.99549E-05 0.00666497 9.99549E-05 9.99549E-05 0.992835 9.99549E-05 9.99549E-05
0.784621 9.9973E-05 0.0194901 9.9973E-05 0.190611 9.9973E-05 0.004978
0.564719 9.99549E-05 9.99549E-05 9.99549E-05 0.434782 9.99549E-05 9.99549E-05
0.0555662 9.99731E-05 0.14517 0.354378 0.444587 9.99731E-05 9.99731E-05
9.99642E-05 9.99642E-05 0.311086 0.0856668 0.602847 9.99642E-05 9.99642E-05
0.84215 9.9964E-05 9.9964E-05 0.045541 0.111909 9.9964E-05 9.9964E-05
9.99819E-05 9.99819E-05 0.280254 0.0223141 0.0878557 0.549445 0.0599308
9.99819E-05 9.99819E-05 0.293337 0.020705 0.0647678 0.552524 0.0684668
9.995E-05 9.995E-05 9.995E-05 9.995E-05 9.995E-05 9.995E-05 0.9994
9.995E-05 9.995E-05 9.995E-05 9.995E-05 9.995E-05 9.995E-05 0.9994
9.99819E-05 0.0080875 0.250489 0.0276333 9.99819E-05 0.606828 0.106762
9.99819E-05 0.00548345 0.270588 0.00191657 9.99819E-05 0.631372 0.0904395
9.995E-05 9.995E-05 9.995E-05 9.995E-05 9.995E-05 9.995E-05 0.9994
9.995E-05 9.995E-05 9.995E-05 9.995E-05 9.995E-05 9.995E-05 0.9994
9.9955E-05 9.9955E-05 9.9955E-05 0.0184797 9.9955E-05 0.981021 9.9955E-05
9.99639E-05 0.0590243 0.342531 9.99639E-05 9.99639E-05 0.598045 9.99639E-05
0.111354 9.9982E-05 0.438236 0.363927 9.9982E-05 0.0784094 0.00787346
0.070664 0.129956 9.99731E-05 9.99731E-05 9.99731E-05 0.533382 0.265697
0.0103612 0.0664711 9.99731E-05 9.99731E-05 9.99731E-05 0.639836 0.283032
0.19758 0.0262052 0.0619758 0.203325 0.48252 9.9991E-05 0.0282944
