9.996E-05 0.9995 9.996E-05 9.996E-05 9.996E-05 9.996E-05
9.9973E-05 0.415016 0.30454 9.9973E-05 9.9973E-05 0.280144
0.0289289 9.99911E-05 0.836057 0.0263632 0.105293 0.00325741
0.026134 9.9964E-05 0.973466 9.9964E-05 9.9964E-05 9.9964E-05
9.99731E-05 0.27618 0.451395 9.99731E-05 9.99731E-05 0.272125
9.996E-05 9.996E-05 0.9995 9.996E-05 9.996E-05 9.996E-05
9.99642E-05 9.99642E-05 9.99642E-05 9.99642E-05 0.626209 0.373391
0.0171965 0.118022 0.401712 9.9982E-05 9.9982E-05 0.46287
9.99731E-05 0.124934 9.99731E-05 9.99731E-05 0.427186 0.44758
0.0733707 0.794314 9.9982E-05 9.9982E-05 0.0128584 0.119257
0.0970815 0.749395 9.9982E-05 9.9982E-05 0.070108 0.0832158
0.144885 0.606387 0.0450375 9.9982E-05 0.203491 9.9982E-05
9.996E-05 9.996E-05 9.996E-05 9.996E-05 0.9995 9.996E-05
9.9973E-05 0.0331731 0.940669 0.0258575 9.9973E-05 9.9973E-05
9.9973E-05 0.0604884 0.936446 0.00276526 9.9973E-05 9.9973E-05
0.0163511 0.625604 0.0131847 9.9991E-05 0.321853 0.0229073
0.357104 0.371671 9.9982E-05 0.0921824 0.178843 9.9982E-05
9.99729E-05 0.196034 9.99729E-05 0.696249 9.99729E-05 0.107417
0.102632 9.9964E-05 9.9964E-05 0.896968 9.9964E-05 9.9964E-05
0.131006 0.805148 9.9973E-05 9.9973E-05 0.0635466 9.9973E-05
9.996E-05 9.996E-05 9.996E-05 0.9995 9.996E-05 9.996E-05
0.00576923 0.948951 9.9973E-05 9.9973E-05 0.0449798 9.9973E-05
0.387238 0.13195 0.00921962 0.412782 9.9991E-05 0.0587098
0.103431 9.99639E-05 9.99639E-05 0.896169 9.99639E-05 9.99639E-05
9.996E-05 9.996E-05 0.9995 9.996E-05 9.996E-05 9.996E-05
9.996E-05 9.996E-05 0.9995 9.996E-05 9.996E-05 9.996E-05
0.0858361 0.169599 9.99729E-05 9.99729E-05 0.744265 9.99729E-05
9.9973E-05 9.9973E-05 0.927814 9.9973E-05 0.00436032 0.0675259
9.9973E-05 9.9973E-05 0.900552 9.9973E-05 0.00448544 0.0946624
0.0269289 9.9991E-05 0.699364 0.00974975 0.0246616 0.239196
0.0574755 9.9973E-05 0.615962 9.9973E-05 9.9973E-05 0.326263
9.99732E-05 0.336857 0.0722854 9.99732E-05 9.99732E-05 0.590557
9.996E-05 9.996E-05 0.9995 9.996E-05 9.996E-05 9.996E-05
0.00673326 9.9973E-05 0.0860601 9.9973E-05 9.9973E-05 0.906907
0.234191 0.184616 0.0628726 9.99819E-05 0.51812 9.99819E-05
0.0055189 9.99729E-05 0.970916 9.99729E-05 0.0232652 9.99729E-05
9.99642E-05 0.948998 0.0506018 9.99642E-05 9.99642E-05 9.99642E-05
9.9991E-05 0.786758 0.016449 0.0379473 0.0053404 0.153406
0.361978 0.291116 0.135118 0.0540223 0.157665 9.9991E-05
0.0189701 0.879257 0.101473 9.9973E-05 9.9973E-05 9.9973E-05
0.0272774 0.897383 0.0656861 0.00945335 9.9982E-05 9.9982E-05
0.0522428 0.862655 9.9982E-05 0.021611 0.0632911 9.9982E-05
9.9973E-05 0.703222 9.9973E-05 9.9973E-05 0.240258 0.056221
0.0883468 0.808719 9.9991E-05 0.00793106 0.0339525 0.0609503
0.196061 0.474603 9.9991E-05 0.118731 0.188418 0.0220866
0.0710483 0.723833 0.0759699 0.0394825 0.0571189 0.0325476
0.137214 0.501057 0.109195 9.9991E-05 0.20702 0.0454147
9.99644E-05 0.964045 9.99644E-05 0.0355555 9.99644E-05 9.99644E-05
9.996E-05 9.996E-05 9.996E-05 9.996E-05 9.996E-05 0.9995
9.996E-05 9.996E-05 9.996E-05 9.996E-05 9.996E-05 0.9995
9.996E-05 9.996E-05 9.996E-05 9.996E-05 9.996E-05 0.9995
9.996E-05 9.996E-05 9.996E-05 9.996E-05 9.996E-05 0.9995
9.996E-05 9.996E-05 9.996E-05 9.996E-05 9.996E-05 0.9995
9.9991E-05 0.0367856 0.235691 0.0448556 0.0460504 0.636518
0.00624781 0.00448589 9.9973E-05 9.9973E-05 9.9973E-05 0.988966
9.9964E-05 0.954428 9.9964E-05 9.9964E-05 0.0451717 9.9964E-05
9.9973E-05 0.338238 0.072137 9.9973E-05 9.9973E-05 0.589325
9.996E-05 9.996E-05 0.9995 9.996E-05 9.996E-05 9.996E-05
0.0707365 0.111579 9.9973E-05 9.9973E-05 0.817385 9.9973E-05
9.9973E-05 0.626783 0.0647133 9.9973E-05 0.308204 9.9973E-05
9.996E-05 9.996E-05 9.996E-05 9.996E-05 0.9995 9.996E-05
9.99639E-05 0.135597 9.99639E-05 9.99639E-05 0.864003 9.99639E-05
0.100541 0.0442007 9.99729E-05 9.99729E-05 0.854959 9.99729E-05
9.9982E-05 0.0810761 0.00225464 0.897563 9.9982E-05 0.0189067
9.996E-05 9.996E-05 0.9995 9.996E-05 9.996E-05 9.996E-05
0.0678557 0.128137 0.266095 0.0402231 0.274479 0.223211
9.99731E-05 9.99731E-05 0.968806 9.99731E-05 0.0207652 0.0101294
9.9973E-05 0.0124716 0.979421 9.9973E-05 9.9973E-05 0.00780794
9.9973E-05 9.9973E-05 0.915743 9.9973E-05 0.00952473 0.0744323
9.9982E-05 0.00278689 0.940573 0.0194644 9.9982E-05 0.0369762
0.0177255 0.0698773 0.899879 9.9982E-05 9.9982E-05 0.0123182
9.99729E-05 0.00686455 0.992343 0.000492327 9.99729E-05 9.99729E-05
9.99732E-05 9.99732E-05 0.465827 9.99732E-05 0.0304257 0.503448
9.99732E-05 9.99732E-05 0.474256 9.99732E-05 0.159465 0.365978
9.9973E-05 9.9973E-05 0.978455 0.00528849 9.9973E-05 0.0159563
0.0503309 0.68845 0.0606313 9.9991E-05 0.105339 0.0951486
0.0221252 0.686211 0.073416 9.9991E-05 0.105943 0.112205
0.9995 9.996E-05 9.996E-05 9.996E-05 9.996E-05 9.996E-05
0.9995 9.996E-05 9.996E-05 9.996E-05 9.996E-05 9.996E-05
0.0331504 0.831484 9.9991E-05 0.004704 0.0576526 0.0729086
0.0221024 0.848543 9.9991E-05 0.00633219 0.0802852 0.0426373
0.9995 9.996E-05 9.996E-05 9.996E-05 9.996E-05 9.996E-05
0.9995 9.996E-05 9.996E-05 9.996E-05 9.996E-05 9.996E-05
9.99641E-05 0.910453 9.99641E-05 9.99641E-05 0.0891472 9.99641E-05
9.9982E-05 0.65532 9.9982E-05 0.0475711 0.261408 0.0355012
9.9973E-05 0.30723 0.0724994 9.9973E-05 9.9973E-05 0.619971
0.331847 0.131104 0.0547615 0.145092 0.337096 9.9991E-05
0.328277 0.170553 9.99821E-05 0.0410978 0.459872 9.99821E-05
0.00987563 9.99821E-05 0.574236 0.0511625 9.99821E-05 0.364526
