9.996E-05 9.996E-05 9.996E-05 0.9995 9.996E-05 9.996E-05
9.9973E-05 9.9973E-05 0.281483 0.422472 0.295745 9.9973E-05
0.0044871 0.112857 0.0489187 9.99911E-05 0.824942 0.00869588
9.9964E-05 9.9964E-05 9.9964E-05 9.9964E-05 0.966252 0.0333482
9.99731E-05 9.99731E-05 0.28975 0.2668 0.44315 9.99731E-05
0.00145107 9.9973E-05 9.9973E-05 0.0090535 0.989196 9.9973E-05
9.99821E-05 0.556184 0.395666 0.0264722 0.0214777 9.99821E-05
9.9982E-05 9.9982E-05 0.454606 0.0970401 0.411962 0.036192
9.99821E-05 0.427984 0.427681 0.125341 0.0187941 9.99821E-05
9.99731E-05 9.99731E-05 0.146967 0.793329 9.99731E-05 0.0594039
9.99821E-05 0.0950726 0.135213 0.689471 9.99821E-05 0.0800433
9.9982E-05 0.200344 9.9982E-05 0.663843 0.0306926 0.10492
9.996E-05 0.9995 9.996E-05 9.996E-05 9.996E-05 9.996E-05
0.0153252 0.00352601 9.9991E-05 0.0200528 0.940732 0.0202635
0.00677628 9.9973E-05 9.9973E-05 0.0273076 0.965616 9.9973E-05
9.999E-05 0.360972 0.0345758 0.574198 0.021775 0.00837962
0.0777173 0.193193 9.9982E-05 0.352849 9.9982E-05 0.37604
0.713685 9.9973E-05 0.0760027 0.210013 9.9973E-05 9.9973E-05
0.938193 9.9964E-05 9.9964E-05 9.9964E-05 9.9964E-05 0.061407
9.9973E-05 0.0186413 9.9973E-05 0.862789 9.9973E-05 0.11827
0.987212 9.9964E-05 9.9964E-05 9.9964E-05 0.0123879 9.9964E-05
9.9964E-05 0.0940799 9.9964E-05 0.90552 9.9964E-05 9.9964E-05
0.446641 9.9982E-05 0.0950084 0.0943773 9.9982E-05 0.363774
0.912603 9.99639E-05 9.99639E-05 9.99639E-05 9.99639E-05 0.0869976
9.9964E-05 9.9964E-05 0.00607963 9.9964E-05 0.993521 9.9964E-05
9.996E-05 9.996E-05 9.996E-05 9.996E-05 0.9995 9.996E-05
9.99729E-05 0.796976 9.99729E-05 0.123379 9.99729E-05 0.0793451
9.9973E-05 0.0111736 0.0706711 9.9973E-05 0.917855 9.9973E-05
9.9973E-05 0.0119951 0.0498994 9.9973E-05 0.937806 9.9973E-05
0.0237352 0.0145029 0.266848 9.9991E-05 0.662197 0.0326165
9.9973E-05 9.9973E-05 0.288794 9.9973E-05 0.652768 0.0581381
9.99732E-05 9.99732E-05 0.590436 0.308774 0.100489 9.99732E-05
9.99641E-05 9.99641E-05 9.99641E-05 9.99641E-05 0.994595 0.00500475
9.9982E-05 0.00162905 0.868455 0.0181051 0.111611 9.9982E-05
9.99819E-05 0.58463 9.99819E-05 0.126047 0.0264982 0.262625
9.9982E-05 0.0116691 9.9982E-05 0.00485642 0.975477 0.0077972
9.99642E-05 9.99642E-05 9.99642E-05 0.994122 0.00547778 9.99642E-05
0.0637044 9.9982E-05 0.187132 0.745902 0.0030617 9.9982E-05
0.0768674 0.141991 9.9991E-05 0.241033 0.112192 0.427817
0.00283786 9.9982E-05 9.9982E-05 0.840876 0.115018 0.0410687
9.9982E-05 9.9982E-05 0.0029001 0.879265 0.0835203 0.0341143
0.0308771 9.9973E-05 9.9973E-05 0.914323 9.9973E-05 0.0544998
9.9973E-05 0.214499 0.0530019 0.732199 9.9973E-05 9.9973E-05
0.0151473 0.0293201 0.0504392 0.812306 9.9991E-05 0.0926878
0.143819 0.151153 0.0410418 0.484477 9.9991E-05 0.17941
0.0674833 0.0224304 0.00924465 0.746001 0.0694604 0.0853807
0.0129427 0.217579 0.104393 0.465279 0.0715805 0.128226
0.00386762 9.99644E-05 9.99644E-05 0.995733 9.99644E-05 9.99644E-05
9.996E-05 9.996E-05 0.9995 9.996E-05 9.996E-05 9.996E-05
0.00176325 9.99639E-05 0.997837 9.99639E-05 9.99639E-05 9.99639E-05
9.9964E-05 9.9964E-05 0.998223 9.9964E-05 9.9964E-05 0.00137705
9.996E-05 9.996E-05 0.9995 9.996E-05 9.996E-05 9.996E-05
9.996E-05 9.996E-05 0.9995 9.996E-05 9.996E-05 9.996E-05
0.0415411 0.0316412 0.617209 0.0570273 0.252482 9.9991E-05
9.99639E-05 9.99639E-05 0.997425 9.99639E-05 9.99639E-05 0.00217511
9.9964E-05 0.0726231 9.9964E-05 0.926977 9.9964E-05 9.9964E-05
9.9973E-05 9.9973E-05 0.534986 0.335017 0.129697 9.9973E-05
9.9964E-05 9.9964E-05 9.9964E-05 0.00160478 0.997995 9.9964E-05
9.9973E-05 0.896894 9.9973E-05 0.0438186 9.9973E-05 0.0589873
9.9982E-05 0.340846 9.9982E-05 0.591159 0.061176 0.00661931
9.996E-05 0.9995 9.996E-05 9.996E-05 9.996E-05 9.996E-05
9.99639E-05 0.868801 9.99639E-05 0.130799 9.99639E-05 9.99639E-05
9.99729E-05 0.86483 9.99729E-05 0.0301842 9.99729E-05 0.104686
0.89726 9.99641E-05 9.99641E-05 0.10234 9.99641E-05 9.99641E-05
9.996E-05 9.996E-05 9.996E-05 9.996E-05 0.9995 9.996E-05
0.0154875 0.166283 0.115286 0.268205 0.234718 0.20002
9.99641E-05 0.0220334 9.99641E-05 9.99641E-05 0.977567 9.99641E-05
9.9973E-05 9.9973E-05 0.00430554 0.0312311 0.964163 9.9973E-05
9.9982E-05 0.00687062 0.0233247 0.0330128 0.936592 9.9982E-05
0.0168894 0.00268762 0.0397257 9.9982E-05 0.940497 9.9982E-05
9.9982E-05 9.9982E-05 0.00612267 0.0600904 0.914757 0.0188296
9.9964E-05 9.9964E-05 0.00413438 9.9964E-05 0.995466 9.9964E-05
9.99642E-05 9.99642E-05 0.510373 9.99642E-05 0.489227 9.99642E-05
9.99732E-05 0.158284 0.366126 9.99732E-05 0.47529 9.99732E-05
0.00332219 9.9982E-05 0.0204086 9.9982E-05 0.975305 0.000763776
9.9991E-05 0.0892383 0.119924 0.680869 0.0535153 0.0563538
9.9991E-05 0.0871361 0.11726 0.696271 0.0580857 0.0411476
9.996E-05 9.996E-05 9.996E-05 9.996E-05 9.996E-05 0.9995
9.996E-05 9.996E-05 9.996E-05 9.996E-05 9.996E-05 0.9995
9.9982E-05 9.9982E-05 0.0755395 0.86405 0.00889524 0.0513155
0.00244959 0.0383461 0.0997222 0.849435 9.9991E-05 0.00994754
9.996E-05 9.996E-05 9.996E-05 9.996E-05 9.996E-05 0.9995
9.996E-05 9.996E-05 9.996E-05 9.996E-05 9.996E-05 0.9995
9.99641E-05 0.0433254 9.99641E-05 0.956275 9.99641E-05 9.99641E-05
0.0519273 0.228813 0.0359652 0.659108 0.0240863 9.9991E-05
9.9982E-05 0.00593622 0.534452 0.335822 0.12359 9.9982E-05
0.151977 0.335778 9.9991E-05 0.163241 0.0582708 0.290633
0.074594 0.436454 9.9982E-05 0.173048 9.9982E-05 0.315704
0.0690242 9.99821E-05 0.308313 9.99821E-05 0.617507 0.0049558
