9.9982E-05 9.9982E-05 0.00500081 0.963482 0.0313175
0.295586 9.9991E-05 0.31048 0.363119 0.0307151
0.0464787 0.0338375 0.833327 0.0251127 0.0612443
9.9973E-05 9.9973E-05 0.950012 9.9973E-05 0.0496884
0.318149 9.9991E-05 0.452679 0.210176 0.0188959
9.9973E-05 9.9973E-05 0.988961 9.9973E-05 0.0107388
0.378302 9.99821E-05 0.0543438 0.567154 9.99821E-05
0.464971 9.9991E-05 0.413708 0.0711902 0.0500306
0.404426 9.99821E-05 0.0193625 0.576012 9.99821E-05
0.126978 9.9982E-05 9.9982E-05 0.741653 0.131169
0.130487 9.9982E-05 9.9982E-05 0.750764 0.11855
9.9982E-05 9.9982E-05 0.116489 0.742171 0.141139
9.99732E-05 9.99732E-05 0.0749784 0.924722 9.99732E-05
9.9982E-05 0.0291175 0.959235 0.0114472 9.9982E-05
9.9982E-05 0.0241718 0.959513 0.0161148 9.9982E-05
0.0360362 9.9991E-05 0.0193648 0.928307 0.0161918
9.9982E-05 0.0980051 9.9982E-05 0.490254 0.411541
0.0887946 0.736873 9.9982E-05 0.174132 9.9982E-05
9.9973E-05 0.905583 9.9973E-05 9.9973E-05 0.0941169
9.99729E-05 9.99729E-05 9.99729E-05 0.827469 0.172231
9.997E-05 0.9996 9.997E-05 9.997E-05 9.997E-05
9.9982E-05 9.9982E-05 0.00913673 0.928064 0.0625989
0.0718381 0.441479 9.9991E-05 0.0550919 0.431491
9.9973E-05 0.877689 9.9973E-05 9.9973E-05 0.122011
0.00845388 9.9973E-05 0.991246 9.9973E-05 9.9973E-05
9.997E-05 9.997E-05 0.9996 9.997E-05 9.997E-05
9.9973E-05 9.9973E-05 9.9973E-05 0.921216 0.0784845
0.061059 9.9973E-05 0.938641 9.9973E-05 9.9973E-05
0.0747056 9.9973E-05 0.924994 9.9973E-05 9.9973E-05
0.274995 0.00935503 0.660534 9.9991E-05 0.0550161
0.317525 9.9982E-05 0.62164 9.9982E-05 0.0606349
0.63162 9.9991E-05 0.102573 0.262188 0.00351948
9.997E-05 9.997E-05 0.9996 9.997E-05 9.997E-05
0.9188 9.9982E-05 0.0551863 9.9982E-05 0.0258139
9.9982E-05 9.9982E-05 0.0670239 0.672391 0.260386
9.9982E-05 9.9982E-05 0.98738 0.00785856 0.00456117
9.99821E-05 9.99821E-05 0.0854444 0.910826 0.00352941
0.213037 0.0288522 0.0108158 0.683937 0.0633581
9.9991E-05 0.0598636 0.178795 0.320776 0.440466
9.9982E-05 9.9982E-05 0.148389 0.78459 0.0668214
0.0165427 0.0105294 0.100183 0.783151 0.0895939
0.0226739 0.0403241 9.9991E-05 0.811777 0.125125
0.0750491 9.9973E-05 9.9973E-05 0.924651 9.9973E-05
0.0713705 9.9982E-05 9.9982E-05 0.768947 0.159482
0.022258 0.113655 9.9991E-05 0.654587 0.2094
0.0471127 0.0546452 0.117528 0.68852 0.0921936
0.0705156 9.9991E-05 0.10521 0.689689 0.134486
0.00267885 0.0331378 9.99822E-05 0.963983 9.99822E-05
0.9996 9.997E-05 9.997E-05 9.997E-05 9.997E-05
0.9996 9.997E-05 9.997E-05 9.997E-05 9.997E-05
0.9996 9.997E-05 9.997E-05 9.997E-05 9.997E-05
0.9996 9.997E-05 9.997E-05 9.997E-05 9.997E-05
0.9996 9.997E-05 9.997E-05 9.997E-05 9.997E-05
0.617185 0.0333317 0.267815 0.0815679 9.9991E-05
0.9996 9.997E-05 9.997E-05 9.997E-05 9.997E-05
9.997E-05 9.997E-05 9.997E-05 0.9996 9.997E-05
0.601409 9.9982E-05 0.0958729 0.302518 9.9982E-05
9.9973E-05 9.9973E-05 0.984038 9.9973E-05 0.0156623
9.99731E-05 9.99731E-05 9.99731E-05 0.961213 0.038487
9.9982E-05 9.9982E-05 0.0792796 0.900125 0.0203952
9.99732E-05 0.00475504 9.99732E-05 0.994945 9.99732E-05
9.9973E-05 9.9973E-05 0.021127 0.978573 9.9973E-05
9.9982E-05 0.0188077 9.9982E-05 0.895632 0.0853608
0.00429071 0.917596 9.9982E-05 0.0779135 9.9982E-05
9.997E-05 9.997E-05 0.9996 9.997E-05 9.997E-05
0.13893 0.0416966 0.365946 0.399201 0.0542268
0.00250248 9.99821E-05 0.995589 0.00170806 9.99821E-05
0.00313564 9.9973E-05 0.996564 9.9973E-05 9.9973E-05
0.0527091 9.9973E-05 0.946991 9.9973E-05 9.9973E-05
0.0488312 0.0104501 0.940519 9.9982E-05 9.9982E-05
0.0215145 9.9991E-05 0.919145 0.026362 0.0328788
9.9973E-05 9.9973E-05 0.994361 9.9973E-05 0.00533859
0.538797 9.99732E-05 0.460903 9.99732E-05 9.99732E-05
0.371906 0.00661235 0.549495 0.0718863 9.99911E-05
9.9991E-05 0.000986635 0.995364 0.00315646 0.000392829
0.125928 9.9991E-05 0.0580962 0.755385 0.0604911
0.129818 9.9991E-05 0.0624638 0.74364 0.0639779
9.997E-05 9.997E-05 9.997E-05 9.997E-05 0.9996
9.997E-05 9.997E-05 9.997E-05 9.997E-05 0.9996
0.110241 9.99819E-05 9.99819E-05 0.761152 0.128407
0.098321 0.0052707 9.9991E-05 0.823383 0.0729249
9.997E-05 9.997E-05 9.997E-05 9.997E-05 0.9996
9.997E-05 9.997E-05 9.997E-05 9.997E-05 0.9996
0.0164856 9.9973E-05 9.9973E-05 0.983215 9.9973E-05
0.0351374 0.0616625 0.0172599 0.88584 9.9991E-05
0.580214 9.9982E-05 0.0967237 0.322862 9.9982E-05
9.9991E-05 0.108219 0.0657035 0.520428 0.305549
9.99821E-05 0.0758058 9.99821E-05 0.61143 0.312565
0.317259 0.0456497 0.609398 9.9991E-05 0.027594
