0.049273 0.919861 9.9982E-05 9.9982E-05 0.0306662
0.00943271 0.406762 9.9991E-05 0.278463 0.305242
0.0623599 9.99911E-05 0.0573288 0.845 0.035211
0.051642 9.9973E-05 9.9973E-05 0.948058 9.9973E-05
9.99821E-05 0.246955 9.99821E-05 0.46058 0.292265
0.00373371 9.9973E-05 9.9973E-05 0.995966 9.9973E-05
9.99821E-05 0.604238 9.99821E-05 0.055066 0.340496
0.0286933 0.0633039 9.9991E-05 0.444391 0.463511
9.998E-05 0.549642 9.998E-05 0.0477497 0.402408
0.140544 0.703594 9.9982E-05 9.9982E-05 0.155662
0.127995 0.754573 9.9982E-05 9.9982E-05 0.117232
0.117888 0.834872 9.9982E-05 0.0470399 9.9982E-05
9.99732E-05 0.910048 9.99732E-05 0.089652 9.99732E-05
0.0033654 0.00283875 0.0135598 0.980136 9.9991E-05
0.00189067 0.0161871 0.0368065 0.945016 9.9991E-05
0.023751 0.920834 9.9991E-05 0.0372635 0.0180515
0.388767 0.497089 0.0872352 0.0268089 9.9991E-05
9.998E-05 0.157652 0.717077 9.998E-05 0.125071
0.0981009 9.9973E-05 0.901599 9.9973E-05 9.9973E-05
0.181058 0.818642 9.99729E-05 9.99729E-05 9.99729E-05
9.997E-05 9.997E-05 0.9996 9.997E-05 9.997E-05
0.0414173 0.942564 9.9982E-05 0.0158183 9.9982E-05
0.397288 0.112893 0.424249 0.0165617 0.0490089
0.0974931 9.9973E-05 0.902207 9.9973E-05 9.9973E-05
9.997E-05 9.997E-05 9.997E-05 0.9996 9.997E-05
9.997E-05 9.997E-05 9.997E-05 0.9996 9.997E-05
0.0747953 0.924905 9.9973E-05 9.9973E-05 9.9973E-05
9.9973E-05 9.9973E-05 9.9973E-05 0.939049 0.0606511
9.9973E-05 9.9973E-05 9.9973E-05 0.915009 0.0846909
0.0212628 9.999E-05 0.0200516 0.676824 0.281761
0.0453709 9.9982E-05 9.9982E-05 0.673227 0.281202
9.998E-05 0.274406 9.998E-05 0.130516 0.594878
0.00753983 9.99731E-05 9.99731E-05 0.99216 9.99731E-05
0.00780268 9.998E-05 9.998E-05 0.105057 0.88694
0.23163 0.684043 9.9982E-05 0.0841272 9.9982E-05
9.99729E-05 0.0155177 9.99729E-05 0.984182 9.99729E-05
0.0317328 0.886922 9.998E-05 0.081145 9.998E-05
0.034441 0.754207 0.0189079 9.9991E-05 0.192344
0.426309 0.380992 0.0649707 0.127628 9.999E-05
0.0439361 0.787755 0.00659596 0.161613 9.9991E-05
0.105675 0.789659 9.99819E-05 0.104466 9.99819E-05
0.139893 0.825605 0.0172914 9.9991E-05 0.0171103
9.9982E-05 0.938033 9.9982E-05 0.000994418 0.0607721
0.156884 0.792994 0.00569595 9.9991E-05 0.0443254
0.193208 0.666537 0.0986233 9.9991E-05 0.0415317
0.114621 0.720654 0.0338277 0.0651225 0.0657744
0.138465 0.7026 9.999E-05 0.0919125 0.0669228
9.99822E-05 0.959696 0.0193094 9.99822E-05 0.0207946
9.997E-05 9.997E-05 9.997E-05 9.997E-05 0.9996
9.997E-05 9.997E-05 0.00700342 9.997E-05 0.992697
9.997E-05 9.997E-05 9.997E-05 9.997E-05 0.9996
9.997E-05 9.997E-05 9.997E-05 9.997E-05 0.9996
9.997E-05 9.997E-05 9.997E-05 9.997E-05 0.9996
9.999E-05 0.0797403 0.0352516 0.236853 0.648055
9.997E-05 9.997E-05 9.997E-05 9.997E-05 0.9996
9.997E-05 0.9996 9.997E-05 9.997E-05 9.997E-05
9.998E-05 0.332191 9.998E-05 0.114297 0.553312
9.997E-05 9.997E-05 9.997E-05 0.9996 9.997E-05
0.0485198 0.95118 9.99731E-05 9.99731E-05 9.99731E-05
9.9973E-05 0.912052 9.9973E-05 0.0876478 9.9973E-05
9.99732E-05 0.98276 0.0169401 9.99732E-05 9.99732E-05
9.997E-05 0.9996 9.997E-05 9.997E-05 9.997E-05
0.0820905 0.898333 0.0193766 9.9982E-05 9.9982E-05
9.998E-05 0.0513005 0.921346 9.998E-05 0.0271532
9.997E-05 9.997E-05 9.997E-05 0.9996 9.997E-05
0.0656485 0.50605 0.00410903 0.24117 0.183022
9.99796E-05 0.0276196 9.99796E-05 0.97208 9.99796E-05
9.9982E-05 0.0119637 9.9982E-05 0.982 0.0058364
9.9982E-05 0.0102449 9.9982E-05 0.879624 0.109931
9.9982E-05 9.9982E-05 0.00203786 0.924168 0.0735941
0.024204 0.0372899 9.9991E-05 0.90343 0.0349757
9.99711E-05 9.99711E-05 9.99711E-05 0.9996 9.99711E-05
9.99732E-05 9.99732E-05 9.99732E-05 0.504328 0.495372
9.998E-05 0.0716402 9.998E-05 0.511085 0.417075
0.0436968 9.99802E-05 9.99802E-05 0.956003 9.99802E-05
0.0429847 0.768234 9.9991E-05 0.0823791 0.106302
0.047097 0.75878 9.9991E-05 0.0355208 0.158503
0.9996 9.997E-05 9.997E-05 9.997E-05 9.997E-05
0.9996 9.997E-05 9.997E-05 9.997E-05 9.997E-05
0.0958183 0.794041 0.00755682 9.9991E-05 0.102484
0.0855745 0.796339 0.00996665 9.9991E-05 0.10802
0.992556 9.9973E-05 9.9973E-05 9.9973E-05 0.00714418
0.9996 9.997E-05 9.997E-05 9.997E-05 9.997E-05
9.9973E-05 0.996218 9.9973E-05 9.9973E-05 0.00348256
9.9991E-05 0.843487 0.0754427 0.052618 0.0283526
9.998E-05 0.295976 9.998E-05 0.0842993 0.619525
0.292522 0.471857 0.110476 0.125045 9.999E-05
0.338991 0.583452 0.077357 9.99821E-05 9.99821E-05
0.000505908 9.9991E-05 0.0492566 0.654961 0.295176
