9.9982E-05 0.0418919 9.9982E-05 0.957908
0.556959 0.00120595 9.9991E-05 0.441735
0.866715 0.0589009 0.0534206 0.0209631
0.970134 0.0296656 9.9982E-05 9.9982E-05
0.690495 0.00725241 9.9991E-05 0.302153
0.95294 0.0468597 9.9982E-05 9.9982E-05
0.313749 9.99821E-05 9.99821E-05 0.686051
0.79631 0.0521825 9.9991E-05 0.151408
0.337451 9.99821E-05 9.99821E-05 0.662349
0.0250805 0.156386 9.9991E-05 0.818433
0.0226253 0.179011 9.9991E-05 0.798263
0.00420305 0.193891 9.9991E-05 0.801806
0.0399916 0.00887211 9.99911E-05 0.951036
0.959805 0.0212913 0.018804 9.9991E-05
0.996953 0.00284692 9.9982E-05 9.9982E-05
0.0462356 0.035966 9.9991E-05 0.917698
9.9991E-05 0.425795 0.0866657 0.487439
0.0421332 9.9991E-05 0.752471 0.205296
9.9982E-05 0.0676547 0.932145 9.9982E-05
9.9982E-05 0.166859 9.9982E-05 0.832941
9.998E-05 9.998E-05 0.9997 9.998E-05
9.9982E-05 0.0478863 9.9982E-05 0.951914
0.0491352 0.429238 0.416652 0.104975
9.9982E-05 0.104352 0.895448 9.9982E-05
0.9997 9.998E-05 9.998E-05 9.998E-05
0.9997 9.998E-05 9.998E-05 9.998E-05
9.9982E-05 0.105933 9.9982E-05 0.893867
0.9997 9.998E-05 9.998E-05 9.998E-05
0.9997 9.998E-05 9.998E-05 9.998E-05
0.929241 0.0360808 0.0345781 9.9991E-05
0.918067 0.0677961 0.014037 9.9991E-05
0.548433 9.99911E-05 0.000253998 0.451213
0.995553 0.00424719 9.9982E-05 9.9982E-05
0.837348 0.00890277 9.9991E-05 0.153649
0.062252 0.274972 9.9991E-05 0.662676
0.988986 0.0108136 9.9982E-05 9.9982E-05
0.0339905 0.0503449 9.9991E-05 0.915565
0.153584 0.0462947 0.0413651 0.758756
0.138698 0.479739 0.0650405 0.316523
0.107074 0.127862 0.00496229 0.760101
0.0678849 0.130599 0.00151326 0.800003
9.9991E-05 0.15235 0.0162758 0.831275
0.0201399 9.9982E-05 9.9982E-05 0.97966
0.00476767 0.200366 0.00825234 0.786614
9.9991E-05 0.186177 0.124984 0.688739
0.108357 0.121974 0.0368147 0.732854
0.162852 0.166841 9.9991E-05 0.670207
9.99911E-05 0.000861845 0.0375336 0.961505
0.834583 9.9991E-05 0.059226 0.106091
0.817409 9.9991E-05 0.0522901 0.130201
0.780124 9.9991E-05 0.04159 0.178186
0.82506 9.9991E-05 0.0674236 0.107416
0.88213 9.9991E-05 0.0401963 0.0775734
0.76847 9.9991E-05 0.0426708 0.188759
0.767477 9.9991E-05 0.00223831 0.230184
9.998E-05 9.998E-05 9.998E-05 0.9997
0.540211 9.9982E-05 9.9982E-05 0.459589
0.9997 9.998E-05 9.998E-05 9.998E-05
9.99821E-05 0.0619117 9.99821E-05 0.937888
0.047682 0.0161073 9.9991E-05 0.936111
9.99821E-05 9.99821E-05 0.022444 0.977356
9.9982E-05 0.021127 9.9982E-05 0.978673
9.9991E-05 0.105591 0.0105013 0.883808
0.0110843 9.9991E-05 0.937011 0.0518052
0.999287 0.000512741 9.99821E-05 9.99821E-05
0.491557 0.0122566 0.0669625 0.429224
0.9997 9.998E-05 9.998E-05 9.998E-05
0.9997 9.998E-05 9.998E-05 9.998E-05
0.995737 9.9982E-05 9.9982E-05 0.00406276
0.999524 9.9982E-05 0.000276411 9.9982E-05
0.960987 0.0286992 9.9991E-05 0.0102141
0.9997 9.998E-05 9.998E-05 9.998E-05
0.932353 9.99821E-05 9.99821E-05 0.0674468
0.843946 9.99822E-05 9.99822E-05 0.155854
0.961697 0.0381029 9.9982E-05 9.9982E-05
0.157222 0.0632952 9.9991E-05 0.779383
0.151235 0.0404077 9.9991E-05 0.808257
9.998E-05 0.9997 9.998E-05 9.998E-05
9.998E-05 0.9997 9.998E-05 9.998E-05
0.049774 0.104089 9.9991E-05 0.846037
0.0202633 0.084552 9.9991E-05 0.895085
9.998E-05 0.9997 9.998E-05 9.998E-05
9.998E-05 0.9997 9.998E-05 9.998E-05
9.998E-05 9.998E-05 9.998E-05 0.9997
0.0367229 9.9991E-05 0.0860876 0.877089
0.577058 9.9982E-05 9.9982E-05 0.422742
0.0306847 0.351785 0.139992 0.477539
9.9991E-05 0.365188 0.0743803 0.560332
0.872086 0.0789414 0.0488726 9.9991E-05
