9.98648E-05 9.98648E-05 9.98648E-05 0.917492 9.98648E-05 9.98648E-05 9.98648E-05 0.0612585 0.0141333 9.98648E-05 9.98648E-05 0.00561862 9.98648E-05 9.98648E-05 9.98648E-05 9.98648E-05 9.98648E-05 9.98648E-05 9.98648E-05
9.98739E-05 0.0870762 9.98739E-05 0.0321518 0.152889 9.98739E-05 0.711497 9.98739E-05 9.98739E-05 9.98739E-05 9.98739E-05 9.98739E-05 9.98739E-05 9.98739E-05 9.98739E-05 9.98739E-05 9.98739E-05 0.0149881 9.98739E-05
9.98381E-05 9.98381E-05 9.98381E-05 9.98381E-05 9.98381E-05 9.98381E-05 9.98381E-05 9.98381E-05 9.98381E-05 9.98381E-05 9.98381E-05 9.98381E-05 9.98381E-05 0.998203 9.98381E-05 9.98381E-05 9.98381E-05 9.98381E-05 9.98381E-05
9.99011E-05 9.99011E-05 0.0346725 9.99011E-05 0.838228 0.0761122 9.99011E-05 0.00755298 9.99011E-05 0.0134519 0.00643013 0.0208556 9.99011E-05 9.99011E-05 9.99011E-05 9.99011E-05 9.99011E-05 0.00159778 9.99011E-05
0.256305 0.0263188 0.106398 9.99281E-05 0.270656 9.99281E-05 0.118528 0.00989372 9.99281E-05 0.0676736 9.99281E-05 9.99281E-05 0.0423893 0.0189909 9.99281E-05 9.99281E-05 9.99281E-05 0.066172 0.0158752
9.98561E-05 9.98561E-05 0.00315982 9.98561E-05 0.982444 9.98561E-05 9.98561E-05 9.98561E-05 9.98561E-05 9.98561E-05 9.98561E-05 9.98561E-05 9.98561E-05 9.98561E-05 9.98561E-05 9.98561E-05 9.98561E-05 9.98561E-05 0.0127989
0.998203 9.98381E-05 9.98381E-05 9.98381E-05 9.98381E-05 9.98381E-05 9.98381E-05 9.98381E-05 9.98381E-05 9.98381E-05 9.98381E-05 9.98381E-05 9.98381E-05 9.98381E-05 9.98381E-05 9.98381E-05 9.98381E-05 9.98381E-05 9.98381E-05
9.98919E-05 9.98919E-05 0.21764 9.98919E-05 0.0380299 9.98919E-05 0.0923259 0.0789787 9.98919E-05 0.0612502 9.98919E-05 0.0219613 0.488615 9.98919E-05 9.98919E-05 9.98919E-05 9.98919E-05 9.98919E-05 9.98919E-05
0.987887 9.98471E-05 9.98471E-05 9.98471E-05 9.98471E-05 9.98471E-05 9.98471E-05 9.98471E-05 9.98471E-05 0.0104156 9.98471E-05 9.98471E-05 9.98471E-05 9.98471E-05 9.98471E-05 9.98471E-05 9.98471E-05 9.98471E-05 9.98471E-05
0.195182 9.98472E-05 9.98472E-05 9.98472E-05 9.98472E-05 9.98472E-05 9.98472E-05 0.803121 9.98472E-05 9.98472E-05 9.98472E-05 9.98472E-05 9.98472E-05 9.98472E-05 9.98472E-05 9.98472E-05 9.98472E-05 9.98472E-05 9.98472E-05
0.193977 9.98472E-05 9.98472E-05 9.98472E-05 9.98472E-05 9.98472E-05 9.98472E-05 0.804325 9.98472E-05 9.98472E-05 9.98472E-05 9.98472E-05 9.98472E-05 9.98472E-05 9.98472E-05 9.98472E-05 9.98472E-05 9.98472E-05 9.98472E-05
9.9883E-05 9.9883E-05 9.9883E-05 0.658425 9.9883E-05 0.00810776 9.9883E-05 9.9883E-05 9.9883E-05 9.9883E-05 9.9883E-05 0.119401 9.9883E-05 0.0245399 0.149489 9.9883E-05 9.9883E-05 9.9883E-05 0.0387396
9.98475E-05 9.98475E-05 0.0442887 9.98475E-05 9.98475E-05 9.98475E-05 9.98475E-05 9.98475E-05 9.98475E-05 9.98475E-05 9.98475E-05 9.98475E-05 9.98475E-05 9.98475E-05 0.954014 9.98475E-05 9.98475E-05 9.98475E-05 9.98475E-05
9.98742E-05 9.98742E-05 9.98742E-05 9.98742E-05 0.951894 9.98742E-05 0.0136298 9.98742E-05 9.98742E-05 9.98742E-05 9.98742E-05 9.98742E-05 9.98742E-05 9.98742E-05 0.0077695 9.98742E-05 0.0219009 9.98742E-05 0.00340786
9.98651E-05 9.98651E-05 9.98651E-05 0.0110184 0.957348 9.98651E-05 9.98651E-05 9.98651E-05 0.0231009 9.98651E-05 9.98651E-05 9.98651E-05 9.98651E-05 9.98651E-05 9.98651E-05 9.98651E-05 0.00703523 9.98651E-05 9.98651E-05
9.98561E-05 9.98561E-05 9.98561E-05 9.98561E-05 9.98561E-05 9.98561E-05 9.98561E-05 9.98561E-05 9.98561E-05 9.98561E-05 0.776565 9.98561E-05 9.98561E-05 9.98561E-05 0.120169 9.98561E-05 9.98561E-05 9.98561E-05 0.101668
9.9856E-05 0.914317 9.9856E-05 9.9856E-05 9.9856E-05 9.9856E-05 9.9856E-05 0.0387482 0.0453374 9.9856E-05 9.9856E-05 9.9856E-05 9.9856E-05 9.9856E-05 9.9856E-05 9.9856E-05 9.9856E-05 9.9856E-05 9.9856E-05
9.98918E-05 9.98918E-05 9.98918E-05 0.0149143 9.98918E-05 9.98918E-05 0.0177919 0.0431321 9.98918E-05 0.0145493 0.0890083 9.98918E-05 9.98918E-05 0.00159663 9.98918E-05 9.98918E-05 0.817809 9.98918E-05 9.98918E-05
9.98651E-05 9.98651E-05 9.98651E-05 9.98651E-05 9.98651E-05 9.98651E-05 9.98651E-05 9.98651E-05 0.0328492 9.98651E-05 9.98651E-05 0.0404149 9.98651E-05 9.98651E-05 9.98651E-05 0.866708 0.0585304 9.98651E-05 9.98651E-05
9.98829E-05 0.0190478 9.98829E-05 0.057324 9.98829E-05 9.98829E-05 9.98829E-05 0.415116 9.98829E-05 9.98829E-05 0.33956 0.00883888 9.98829E-05 9.98829E-05 9.98829E-05 9.98829E-05 9.98829E-05 9.98829E-05 0.158815
9.98382E-05 9.98382E-05 9.98382E-05 9.98382E-05 9.98382E-05 9.98382E-05 9.98382E-05 9.98382E-05 9.98382E-05 9.98382E-05 9.98382E-05 9.98382E-05 9.98382E-05 9.98382E-05 9.98382E-05 9.98382E-05 0.998203 9.98382E-05 9.98382E-05
9.98919E-05 0.0438744 9.98919E-05 0.468104 9.98919E-05 9.98919E-05 9.98919E-05 0.089282 9.98919E-05 9.98919E-05 0.29572 0.0045661 9.98919E-05 9.98919E-05 0.0642123 9.98919E-05 9.98919E-05 9.98919E-05 0.0330429
9.9838E-05 9.9838E-05 9.9838E-05 9.9838E-05 9.9838E-05 9.9838E-05 9.9838E-05 9.9838E-05 0.998203 9.9838E-05 9.9838E-05 9.9838E-05 9.9838E-05 9.9838E-05 9.9838E-05 9.9838E-05 9.9838E-05 9.9838E-05 9.9838E-05
9.98741E-05 9.98741E-05 9.98741E-05 9.98741E-05 9.98741E-05 9.98741E-05 9.98741E-05 9.98741E-05 0.0910584 9.98741E-05 9.98741E-05 0.00620008 9.98741E-05 9.98741E-05 9.98741E-05 0.0661159 0.810249 9.98741E-05 0.0249788
9.98564E-05 9.98564E-05 9.98564E-05 9.98564E-05 0.346307 0.640175 9.98564E-05 9.98564E-05 9.98564E-05 9.98564E-05 9.98564E-05 9.98564E-05 0.0119202 9.98564E-05 9.98564E-05 9.98564E-05 9.98564E-05 9.98564E-05 9.98564E-05
9.98563E-05 9.98563E-05 9.98563E-05 9.98563E-05 0.796835 0.196736 9.98563E-05 9.98563E-05 9.98563E-05 0.00483154 9.98563E-05 9.98563E-05 9.98563E-05 9.98563E-05 9.98563E-05 9.98563E-05 9.98563E-05 9.98563E-05 9.98563E-05
9.98828E-05 0.0185759 9.98828E-05 0.0657892 9.98828E-05 9.98828E-05 9.98828E-05 0.0435419 0.0137463 9.98828E-05 9.98828E-05 0.0431508 9.98828E-05 9.98828E-05 0.813897 9.98828E-05 9.98828E-05 9.98828E-05 9.98828E-05
9.98472E-05 9.98472E-05 0.00363244 9.98472E-05 9.98472E-05 0.99467 9.98472E-05 9.98472E-05 9.98472E-05 9.98472E-05 9.98472E-05 9.98472E-05 9.98472E-05 9.98472E-05 9.98472E-05 9.98472E-05 9.98472E-05 9.98472E-05 9.98472E-05
0.0060229 9.98562E-05 9.98562E-05 9.98562E-05 9.98562E-05 0.992038 9.98562E-05 9.98562E-05 9.98562E-05 9.98562E-05 9.98562E-05 9.98562E-05 9.98562E-05 9.98562E-05 0.000341222 9.98562E-05 9.98562E-05 9.98562E-05 9.98562E-05
9.99011E-05 9.99011E-05 0.360297 9.99011E-05 0.197687 0.127876 9.99011E-05 9.99011E-05 9.99011E-05 0.114865 9.99011E-05 9.99011E-05 9.99011E-05 0.0949461 9.99011E-05 0.00183051 9.99011E-05 0.101074 0.000324883
9.98559E-05 9.98559E-05 0.92064 9.98559E-05 0.0722744 9.98559E-05 9.98559E-05 9.98559E-05 9.98559E-05 9.98559E-05 9.98559E-05 9.98559E-05 9.98559E-05 9.98559E-05 9.98559E-05 9.98559E-05 9.98559E-05 9.98559E-05 0.0054875
9.98386E-05 9.98386E-05 9.98386E-05 9.98386E-05 9.98386E-05 9.98386E-05 0.998203 9.98386E-05 9.98386E-05 9.98386E-05 9.98386E-05 9.98386E-05 9.98386E-05 9.98386E-05 9.98386E-05 9.98386E-05 9.98386E-05 9.98386E-05 9.98386E-05
9.98654E-05 9.98654E-05 9.98654E-05 9.98654E-05 0.569538 0.283819 9.98654E-05 9.98654E-05 9.98654E-05 9.98654E-05 9.98654E-05 9.98654E-05 0.1421 0.00304418 9.98654E-05 9.98654E-05 9.98654E-05 9.98654E-05 9.98654E-05
9.99102E-05 9.99102E-05 0.0206757 9.99102E-05 9.99102E-05 0.0128477 0.0205736 0.0107918 9.99102E-05 0.70317 9.99102E-05 9.99102E-05 0.216004 0.0101581 0.000949485 9.99102E-05 9.99102E-05 0.00383052 9.99102E-05
9.98917E-05 0.262926 0.0397676 0.0378504 9.98917E-05 9.98917E-05 9.98917E-05 9.98917E-05 9.98917E-05 9.98917E-05 9.98917E-05 0.093013 9.98917E-05 9.98917E-05 0.538234 9.98917E-05 9.98917E-05 0.00426348 0.0227465
9.98829E-05 0.016843 0.0167692 9.98829E-05 0.438298 0.467027 9.98829E-05 9.98829E-05 9.98829E-05 9.98829E-05 9.98829E-05 9.98829E-05 0.0412127 9.98829E-05 9.98829E-05 9.98829E-05 9.98829E-05 9.98829E-05 0.0185513
9.98471E-05 9.98471E-05 9.98471E-05 0.951776 9.98471E-05 9.98471E-05 9.98471E-05 9.98471E-05 9.98471E-05 9.98471E-05 9.98471E-05 9.98471E-05 0.0465265 9.98471E-05 9.98471E-05 9.98471E-05 9.98471E-05 9.98471E-05 9.98471E-05
9.98919E-05 0.0209947 9.98919E-05 0.0968845 9.98919E-05 9.98919E-05 0.146813 0.632934 0.0103929 9.98919E-05 9.98919E-05 9.98919E-05 0.0783573 9.98919E-05 9.98919E-05 0.0124252 9.98919E-05 9.98919E-05 9.98919E-05
9.98471E-05 0.983569 9.98471E-05 9.98471E-05 9.98471E-05 9.98471E-05 9.98471E-05 9.98471E-05 9.98471E-05 9.98471E-05 9.98471E-05 9.98471E-05 0.0147335 9.98471E-05 9.98471E-05 9.98471E-05 9.98471E-05 9.98471E-05 9.98471E-05
9.98702E-05 0.149635 9.98702E-05 0.217176 0.107763 9.98702E-05 9.98702E-05 0.237006 9.98702E-05 9.98702E-05 0.239888 9.98702E-05 9.98702E-05 9.98702E-05 9.98702E-05 9.98702E-05 9.98702E-05 0.0472348 9.98702E-05
9.98917E-05 0.128446 9.98917E-05 0.251505 0.0716358 9.98917E-05 9.98917E-05 0.249427 9.98917E-05 9.98917E-05 0.20936 9.98917E-05 9.98917E-05 9.98917E-05 9.98917E-05 9.98917E-05 0.00807422 0.0803523 9.98917E-05
9.9883E-05 0.00898055 9.9883E-05 0.00963997 9.9883E-05 9.9883E-05 9.9883E-05 0.927302 9.9883E-05 9.9883E-05 0.00349667 9.9883E-05 9.9883E-05 9.9883E-05 9.9883E-05 0.00620367 9.9883E-05 9.9883E-05 0.0430783
0.0265691 9.98741E-05 9.98741E-05 0.0139086 9.98741E-05 9.98741E-05 9.98741E-05 9.98741E-05 9.98741E-05 9.98741E-05 0.870988 9.98741E-05 9.98741E-05 9.98741E-05 0.071886 9.98741E-05 0.0152501 9.98741E-05 9.98741E-05
9.98649E-05 0.00139247 0.0271376 9.98649E-05 9.98649E-05 9.98649E-05 9.98649E-05 0.871829 9.98649E-05 9.98649E-05 9.98649E-05 9.98649E-05 9.98649E-05 9.98649E-05 9.98649E-05 9.98649E-05 9.98649E-05 9.98649E-05 0.0981427
9.99099E-05 9.99099E-05 9.99099E-05 0.0664865 9.99099E-05 9.99099E-05 0.0262479 0.370655 0.191522 9.99099E-05 0.0981895 0.0283144 9.99099E-05 9.99099E-05 0.0964731 9.99099E-05 0.0176385 9.99099E-05 0.103474
9.99011E-05 9.99011E-05 9.99011E-05 0.154789 0.0853171 9.99011E-05 0.00585849 0.511889 0.0106589 9.99011E-05 0.102934 9.99011E-05 9.99011E-05 9.99011E-05 9.99011E-05 0.0232424 9.99011E-05 9.99011E-05 0.104212
0.0607227 0.13506 0.0746108 0.180032 0.0210324 9.99279E-05 9.99279E-05 0.18604 9.99279E-05 0.0125471 9.99279E-05 9.99279E-05 9.99279E-05 0.0335497 0.0312475 9.99279E-05 9.99279E-05 0.00462486 0.259734
9.98392E-05 9.98392E-05 9.98392E-05 0.998203 9.98392E-05 9.98392E-05 9.98392E-05 9.98392E-05 9.98392E-05 9.98392E-05 9.98392E-05 9.98392E-05 9.98392E-05 9.98392E-05 9.98392E-05 9.98392E-05 9.98392E-05 9.98392E-05 9.98392E-05
9.98383E-05 9.98383E-05 9.98383E-05 9.98383E-05 9.98383E-05 9.98383E-05 9.98383E-05 9.98383E-05 9.98383E-05 0.998203 9.98383E-05 9.98383E-05 9.98383E-05 9.98383E-05 9.98383E-05 9.98383E-05 9.98383E-05 9.98383E-05 9.98383E-05
9.98382E-05 9.98382E-05 9.98382E-05 9.98382E-05 9.98382E-05 9.98382E-05 9.98382E-05 9.98382E-05 9.98382E-05 0.998203 9.98382E-05 9.98382E-05 9.98382E-05 9.98382E-05 9.98382E-05 9.98382E-05 9.98382E-05 9.98382E-05 9.98382E-05
9.98472E-05 9.98472E-05 9.98472E-05 9.98472E-05 9.98472E-05 9.98472E-05 9.98472E-05 9.98472E-05 9.98472E-05 0.988026 9.98472E-05 9.98472E-05 9.98472E-05 9.98472E-05 9.98472E-05 9.98472E-05 9.98472E-05 9.98472E-05 0.0102767
9.98383E-05 9.98383E-05 9.98383E-05 9.98383E-05 9.98383E-05 9.98383E-05 9.98383E-05 9.98383E-05 9.98383E-05 0.998203 9.98383E-05 9.98383E-05 9.98383E-05 9.98383E-05 9.98383E-05 9.98383E-05 9.98383E-05 9.98383E-05 9.98383E-05
9.98383E-05 9.98383E-05 9.98383E-05 9.98383E-05 9.98383E-05 9.98383E-05 9.98383E-05 9.98383E-05 9.98383E-05 0.998203 9.98383E-05 9.98383E-05 9.98383E-05 9.98383E-05 9.98383E-05 9.98383E-05 9.98383E-05 9.98383E-05 9.98383E-05
0.026132 9.99012E-05 0.244649 9.99012E-05 9.99012E-05 9.99012E-05 9.99012E-05 0.0278706 0.099967 0.390131 0.0279654 9.99012E-05 0.0759061 0.10628 9.99012E-05 9.99012E-05 9.99012E-05 9.99012E-05 9.99012E-05
9.98742E-05 9.98742E-05 0.00472434 0.0301244 9.98742E-05 9.98742E-05 0.0538564 9.98742E-05 9.98742E-05 0.906819 9.98742E-05 0.00307778 9.98742E-05 9.98742E-05 9.98742E-05 9.98742E-05 9.98742E-05 9.98742E-05 9.98742E-05
9.98558E-05 9.98558E-05 9.98558E-05 0.794836 9.98558E-05 9.98558E-05 9.98558E-05 9.98558E-05 9.98558E-05 9.98558E-05 0.16745 9.98558E-05 9.98558E-05 9.98558E-05 9.98558E-05 9.98558E-05 9.98558E-05 9.98558E-05 0.0361162
0.0433959 9.98829E-05 9.98829E-05 9.98829E-05 9.98829E-05 0.0125644 0.918268 9.98829E-05 9.98829E-05 0.0181839 0.000802349 9.98829E-05 9.98829E-05 0.00548676 9.98829E-05 9.98829E-05 9.98829E-05 9.98829E-05 9.98829E-05
9.9856E-05 0.014944 9.9856E-05 9.9856E-05 0.577945 0.405514 9.9856E-05 9.9856E-05 9.9856E-05 9.9856E-05 9.9856E-05 9.9856E-05 9.9856E-05 9.9856E-05 9.9856E-05 9.9856E-05 9.9856E-05 9.9856E-05 9.9856E-05
0.00586881 9.98831E-05 9.98831E-05 0.0165433 9.98831E-05 9.98831E-05 9.98831E-05 9.98831E-05 9.98831E-05 0.0160045 0.0721426 0.0269879 9.98831E-05 9.98831E-05 0.861154 9.98831E-05 9.98831E-05 9.98831E-05 9.98831E-05
9.98564E-05 9.98564E-05 9.98564E-05 9.98564E-05 9.98564E-05 9.98564E-05 9.98564E-05 9.98564E-05 9.98564E-05 9.98564E-05 0.906297 9.98564E-05 9.98564E-05 0.0163946 9.98564E-05 9.98564E-05 9.98564E-05 9.98564E-05 0.0757103
9.98476E-05 9.98476E-05 9.98476E-05 9.98476E-05 9.98476E-05 9.98476E-05 9.98476E-05 9.98476E-05 9.98476E-05 9.98476E-05 9.98476E-05 9.98476E-05 0.0299726 9.98476E-05 0.96833 9.98476E-05 9.98476E-05 9.98476E-05 9.98476E-05
9.9865E-05 9.9865E-05 9.9865E-05 9.9865E-05 0.0050467 9.9865E-05 9.9865E-05 0.100424 9.9865E-05 9.9865E-05 9.9865E-05 9.9865E-05 9.9865E-05 9.9865E-05 0.885406 9.9865E-05 9.9865E-05 9.9865E-05 0.00762515
9.98649E-05 9.98649E-05 9.98649E-05 9.98649E-05 9.98649E-05 9.98649E-05 9.98649E-05 0.0464369 9.98649E-05 9.98649E-05 9.98649E-05 0.0486486 9.98649E-05 9.98649E-05 0.822298 9.98649E-05 9.98649E-05 9.98649E-05 0.0811188
9.98561E-05 9.98561E-05 9.98561E-05 0.0144833 9.98561E-05 9.98561E-05 9.98561E-05 9.98561E-05 9.98561E-05 9.98561E-05 9.98561E-05 9.98561E-05 0.0144788 9.98561E-05 9.98561E-05 0.96944 9.98561E-05 9.98561E-05 9.98561E-05
9.98656E-05 9.98656E-05 9.98656E-05 9.98656E-05 0.296993 0.654993 9.98656E-05 9.98656E-05 9.98656E-05 9.98656E-05 9.98656E-05 9.98656E-05 9.98656E-05 0.0274737 9.98656E-05 9.98656E-05 9.98656E-05 0.0190424 9.98656E-05
9.98303E-05 9.98303E-05 9.98303E-05 9.98303E-05 9.98303E-05 9.98303E-05 9.98303E-05 9.98303E-05 9.98303E-05 9.98303E-05 9.98303E-05 9.98303E-05 9.98303E-05 9.98303E-05 9.98303E-05 9.98303E-05 9.98303E-05 0.998203 9.98303E-05
9.98564E-05 9.98564E-05 9.98564E-05 9.98564E-05 0.792982 9.98564E-05 9.98564E-05 9.98564E-05 9.98564E-05 9.98564E-05 9.98564E-05 9.98564E-05 0.0854923 0.119928 9.98564E-05 9.98564E-05 9.98564E-05 9.98564E-05 9.98564E-05
0.0103329 0.0266922 0.0526596 9.9883E-05 0.733633 0.137427 9.9883E-05 9.9883E-05 9.9883E-05 9.9883E-05 9.9883E-05 9.9883E-05 9.9883E-05 9.9883E-05 9.9883E-05 9.9883E-05 9.9883E-05 0.0379569 9.9883E-05
9.98473E-05 9.98473E-05 9.98473E-05 9.98473E-05 9.98473E-05 0.992851 9.98473E-05 9.98473E-05 9.98473E-05 9.98473E-05 0.00545189 9.98473E-05 9.98473E-05 9.98473E-05 9.98473E-05 9.98473E-05 9.98473E-05 9.98473E-05 9.98473E-05
9.98473E-05 9.98473E-05 9.98473E-05 9.98473E-05 9.98473E-05 0.990561 9.98473E-05 9.98473E-05 9.98473E-05 9.98473E-05 9.98473E-05 9.98473E-05 9.98473E-05 9.98473E-05 9.98473E-05 0.0077418 9.98473E-05 9.98473E-05 9.98473E-05
9.98832E-05 0.000573694 0.165416 9.98832E-05 0.670165 0.0942883 9.98832E-05 0.0218923 9.98832E-05 9.98832E-05 9.98832E-05 9.98832E-05 9.98832E-05 9.98832E-05 9.98832E-05 9.98832E-05 9.98832E-05 0.0463661 9.98832E-05
9.9856E-05 0.0432077 9.9856E-05 9.9856E-05 0.568219 0.386976 9.9856E-05 9.9856E-05 9.9856E-05 9.9856E-05 9.9856E-05 9.9856E-05 9.9856E-05 9.9856E-05 9.9856E-05 9.9856E-05 9.9856E-05 9.9856E-05 9.9856E-05
9.9856E-05 9.9856E-05 9.9856E-05 9.9856E-05 0.00445921 9.9856E-05 9.9856E-05 9.9856E-05 9.9856E-05 0.0426234 9.9856E-05 9.9856E-05 0.95132 9.9856E-05 9.9856E-05 9.9856E-05 9.9856E-05 9.9856E-05 9.9856E-05
9.98471E-05 9.98471E-05 9.98471E-05 9.98471E-05 9.98471E-05 9.98471E-05 9.98471E-05 9.98471E-05 9.98471E-05 9.98471E-05 9.98471E-05 9.98471E-05 0.977463 9.98471E-05 0.02084 9.98471E-05 9.98471E-05 9.98471E-05 9.98471E-05
9.98832E-05 9.98832E-05 9.98832E-05 9.98832E-05 0.854923 0.0830172 9.98832E-05 9.98832E-05 0.00953287 0.0145437 0.00601342 9.98832E-05 9.98832E-05 0.0306711 9.98832E-05 9.98832E-05 9.98832E-05 9.98832E-05 9.98832E-05
9.9874E-05 0.0166247 9.9874E-05 9.9874E-05 9.9874E-05 9.9874E-05 9.9874E-05 9.9874E-05 9.9874E-05 0.00304892 0.959435 0.00539996 9.9874E-05 9.9874E-05 9.9874E-05 9.9874E-05 9.9874E-05 0.0140934 9.9874E-05
9.98502E-05 9.98502E-05 9.98502E-05 9.98502E-05 9.98502E-05 0.00820625 9.98502E-05 9.98502E-05 9.98502E-05 0.016084 0.969876 9.98502E-05 0.00433601 9.98502E-05 9.98502E-05 9.98502E-05 9.98502E-05 9.98502E-05 9.98502E-05
9.98474E-05 9.98474E-05 9.98474E-05 9.98474E-05 0.00279698 9.98474E-05 9.98474E-05 9.98474E-05 9.98474E-05 9.98474E-05 9.98474E-05 0.995506 9.98474E-05 9.98474E-05 9.98474E-05 9.98474E-05 9.98474E-05 9.98474E-05 9.98474E-05
9.98564E-05 9.98564E-05 9.98564E-05 0.00342045 9.98564E-05 9.98564E-05 9.98564E-05 9.98564E-05 9.98564E-05 9.98564E-05 9.98564E-05 0.991022 9.98564E-05 9.98564E-05 9.98564E-05 9.98564E-05 9.98564E-05 0.00396007 9.98564E-05
9.9892E-05 9.9892E-05 9.9892E-05 0.0108657 0.00522053 9.9892E-05 0.0104164 0.896905 9.9892E-05 9.9892E-05 0.0488724 9.9892E-05 9.9892E-05 9.9892E-05 0.00972566 9.9892E-05 9.9892E-05 0.016795 9.9892E-05
9.9883E-05 9.9883E-05 9.9883E-05 9.9883E-05 9.9883E-05 0.00206105 0.00537967 0.8556 9.9883E-05 9.9883E-05 0.0770372 9.9883E-05 9.9883E-05 0.0026734 0.0559498 9.9883E-05 9.9883E-05 9.9883E-05 9.9883E-05
9.98832E-05 0.00544476 9.98832E-05 9.98832E-05 9.98832E-05 9.98832E-05 0.0027763 9.98832E-05 0.00037021 9.98832E-05 0.0192568 0.957414 0.0134397 9.98832E-05 9.98832E-05 9.98832E-05 9.98832E-05 9.98832E-05 9.98832E-05
9.98384E-05 9.98384E-05 9.98384E-05 9.98384E-05 9.98384E-05 9.98384E-05 9.98384E-05 9.98384E-05 9.98384E-05 9.98384E-05 9.98384E-05 0.998203 9.98384E-05 9.98384E-05 9.98384E-05 9.98384E-05 9.98384E-05 9.98384E-05 9.98384E-05
0.0141001 9.98649E-05 9.98649E-05 0.941077 9.98649E-05 9.98649E-05 9.98649E-05 9.98649E-05 9.98649E-05 9.98649E-05 0.0180634 9.98649E-05 9.98649E-05 9.98649E-05 0.0252615 9.98649E-05 9.98649E-05 9.98649E-05 9.98649E-05
0.155292 9.99009E-05 9.99009E-05 0.0455411 9.99009E-05 9.99009E-05 9.99009E-05 0.191368 9.99009E-05 9.99009E-05 0.37762 9.99009E-05 9.99009E-05 9.99009E-05 0.109722 0.0360398 0.0294781 9.99009E-05 0.0538407
0.0660402 9.9856E-05 9.9856E-05 9.9856E-05 9.9856E-05 9.9856E-05 0.89951 9.9856E-05 9.9856E-05 0.0328516 9.9856E-05 9.9856E-05 9.9856E-05 9.9856E-05 9.9856E-05 9.9856E-05 9.9856E-05 9.9856E-05 9.9856E-05
9.98561E-05 9.98561E-05 9.98561E-05 9.98561E-05 9.98561E-05 9.98561E-05 9.98561E-05 9.98561E-05 9.98561E-05 9.98561E-05 9.98561E-05 9.98561E-05 0.00376832 9.98561E-05 9.98561E-05 9.98561E-05 9.98561E-05 0.0209544 0.97368
9.98741E-05 0.0233655 9.98741E-05 9.98741E-05 9.98741E-05 9.98741E-05 9.98741E-05 9.98741E-05 9.98741E-05 9.98741E-05 0.0096853 9.98741E-05 9.98741E-05 9.98741E-05 0.0115188 9.98741E-05 0.00334837 9.98741E-05 0.950684
9.98381E-05 9.98381E-05 0.998203 9.98381E-05 9.98381E-05 9.98381E-05 9.98381E-05 9.98381E-05 9.98381E-05 9.98381E-05 9.98381E-05 9.98381E-05 9.98381E-05 9.98381E-05 9.98381E-05 9.98381E-05 9.98381E-05 9.98381E-05 9.98381E-05
