9.98649E-05 9.98649E-05 9.98649E-05 9.98649E-05 9.98649E-05 0.936449 9.98649E-05 9.98649E-05 9.98649E-05 0.0532856 9.98649E-05 9.98649E-05 0.00509943 0.00366833 9.98649E-05 9.98649E-05 9.98649E-05 9.98649E-05 9.98649E-05
9.9865E-05 9.9865E-05 9.9865E-05 0.0337757 9.9865E-05 9.9865E-05 0.681354 9.9865E-05 9.9865E-05 9.9865E-05 9.9865E-05 9.9865E-05 9.9865E-05 9.9865E-05 9.9865E-05 9.9865E-05 9.9865E-05 0.181761 0.101612
9.98382E-05 9.98382E-05 0.998203 9.98382E-05 9.98382E-05 9.98382E-05 9.98382E-05 9.98382E-05 9.98382E-05 9.98382E-05 9.98382E-05 9.98382E-05 9.98382E-05 9.98382E-05 9.98382E-05 9.98382E-05 9.98382E-05 9.98382E-05 9.98382E-05
9.98652E-05 9.98652E-05 0.0160793 9.98652E-05 9.98652E-05 9.98652E-05 9.98652E-05 9.98652E-05 9.98652E-05 0.0143797 9.98652E-05 9.98652E-05 9.98652E-05 0.0254879 9.98652E-05 9.98652E-05 9.98652E-05 9.98652E-05 0.942555
9.99102E-05 9.99102E-05 9.99102E-05 9.99102E-05 0.0309527 0.0159855 0.120982 9.99102E-05 0.187359 0.0231282 0.062999 9.99102E-05 9.99102E-05 9.99102E-05 9.99102E-05 9.99102E-05 0.180967 0.128693 0.247934
9.98741E-05 0.0215391 9.98741E-05 9.98741E-05 9.98741E-05 9.98741E-05 9.98741E-05 9.98741E-05 0.0365472 9.98741E-05 9.98741E-05 9.98741E-05 9.98741E-05 0.00368643 9.98741E-05 9.98741E-05 9.98741E-05 0.0237461 0.913083
9.98382E-05 9.98382E-05 9.98382E-05 9.98382E-05 9.98382E-05 9.98382E-05 9.98382E-05 9.98382E-05 9.98382E-05 9.98382E-05 9.98382E-05 9.98382E-05 9.98382E-05 9.98382E-05 9.98382E-05 9.98382E-05 0.998203 9.98382E-05 9.98382E-05
9.99009E-05 9.99009E-05 0.0204116 9.99009E-05 0.0364178 9.99009E-05 0.143436 9.99009E-05 0.236195 0.0659868 0.455118 9.99009E-05 9.99009E-05 0.0254242 9.99009E-05 9.99009E-05 9.99009E-05 9.99009E-05 0.0159122
0.00806317 9.9883E-05 9.9883E-05 0.00394804 0.0044291 9.9883E-05 0.0371618 9.9883E-05 9.9883E-05 9.9883E-05 9.9883E-05 9.9883E-05 0.00552478 9.9883E-05 9.9883E-05 9.9883E-05 0.939575 9.9883E-05 9.9883E-05
9.98472E-05 9.98472E-05 9.98472E-05 9.98472E-05 9.98472E-05 9.98472E-05 9.98472E-05 9.98472E-05 9.98472E-05 0.884593 9.98472E-05 9.98472E-05 9.98472E-05 9.98472E-05 9.98472E-05 9.98472E-05 0.113709 9.98472E-05 9.98472E-05
9.98303E-05 9.98303E-05 9.98303E-05 9.98303E-05 9.98303E-05 9.98303E-05 9.98303E-05 9.98303E-05 9.98303E-05 0.892142 9.98303E-05 9.98303E-05 9.98303E-05 9.98303E-05 9.98303E-05 9.98303E-05 0.106161 9.98303E-05 9.98303E-05
9.99011E-05 0.0209736 9.99011E-05 0.0385395 9.99011E-05 0.67604 9.99011E-05 9.99011E-05 9.99011E-05 9.99011E-05 0.0148549 9.99011E-05 9.99011E-05 0.124459 0.0989778 9.99011E-05 0.000253823 9.99011E-05 0.024803
9.98655E-05 0.0107503 9.98655E-05 9.98655E-05 9.98655E-05 9.98655E-05 9.98655E-05 9.98655E-05 0.0264364 9.98655E-05 0.00589109 9.98655E-05 9.98655E-05 9.98655E-05 0.955424 9.98655E-05 9.98655E-05 9.98655E-05 9.98655E-05
9.98742E-05 0.0218903 0.000822946 9.98742E-05 9.98742E-05 9.98742E-05 0.0256004 9.98742E-05 9.98742E-05 9.98742E-05 9.98742E-05 9.98742E-05 9.98742E-05 9.98742E-05 9.98742E-05 0.0392316 9.98742E-05 9.98742E-05 0.911057
9.98833E-05 9.98833E-05 9.98833E-05 9.98833E-05 9.98833E-05 0.0034883 9.98833E-05 0.00846399 9.98833E-05 0.0206683 9.98833E-05 9.98833E-05 0.0218925 9.98833E-05 9.98833E-05 9.98833E-05 9.98833E-05 0.00853238 0.935656
0.80124 0.110606 9.9865E-05 9.9865E-05 9.9865E-05 9.9865E-05 9.9865E-05 9.9865E-05 9.9865E-05 0.0135242 9.9865E-05 9.9865E-05 9.9865E-05 9.9865E-05 0.0731326 9.9865E-05 9.9865E-05 9.9865E-05 9.9865E-05
9.9856E-05 9.9856E-05 9.9856E-05 0.902241 9.9856E-05 9.9856E-05 9.9856E-05 9.9856E-05 9.9856E-05 0.057271 9.9856E-05 9.9856E-05 0.0388905 9.9856E-05 9.9856E-05 9.9856E-05 9.9856E-05 9.9856E-05 9.9856E-05
9.98384E-05 9.98384E-05 9.98384E-05 9.98384E-05 9.98384E-05 9.98384E-05 9.98384E-05 0.998203 9.98384E-05 9.98384E-05 9.98384E-05 9.98384E-05 9.98384E-05 9.98384E-05 9.98384E-05 9.98384E-05 9.98384E-05 9.98384E-05 9.98384E-05
9.98651E-05 9.98651E-05 9.98651E-05 9.98651E-05 9.98651E-05 9.98651E-05 9.98651E-05 9.98651E-05 9.98651E-05 9.98651E-05 9.98651E-05 0.754636 0.0500409 0.0512633 9.98651E-05 0.142562 9.98651E-05 9.98651E-05 9.98651E-05
0.331795 0.104905 9.98829E-05 0.0187846 9.98829E-05 0.0939194 9.98829E-05 9.98829E-05 9.98829E-05 0.430509 9.98829E-05 9.98829E-05 9.98829E-05 0.0187881 9.98829E-05 9.98829E-05 9.98829E-05 9.98829E-05 9.98829E-05
9.98383E-05 9.98383E-05 9.98383E-05 9.98383E-05 9.98383E-05 9.98383E-05 9.98383E-05 9.98383E-05 9.98383E-05 9.98383E-05 9.98383E-05 9.98383E-05 9.98383E-05 9.98383E-05 9.98383E-05 0.998203 9.98383E-05 9.98383E-05 9.98383E-05
0.202753 9.9892E-05 9.9892E-05 9.9892E-05 9.9892E-05 0.426351 9.9892E-05 9.9892E-05 9.9892E-05 0.0352822 9.9892E-05 0.00458579 9.9892E-05 0.0186608 0.0844607 9.9892E-05 9.9892E-05 0.226708 9.9892E-05
9.98381E-05 9.98381E-05 9.98381E-05 9.98381E-05 9.98381E-05 9.98381E-05 9.98381E-05 9.98381E-05 9.98381E-05 9.98381E-05 9.98381E-05 9.98381E-05 0.998203 9.98381E-05 9.98381E-05 9.98381E-05 9.98381E-05 9.98381E-05 9.98381E-05
9.9856E-05 0.0473651 9.9856E-05 9.9856E-05 9.9856E-05 9.9856E-05 9.9856E-05 9.9856E-05 9.9856E-05 9.9856E-05 9.9856E-05 9.9856E-05 0.0746534 9.9856E-05 9.9856E-05 0.876384 9.9856E-05 9.9856E-05 9.9856E-05
9.98565E-05 9.98565E-05 0.0159417 9.98565E-05 0.00506273 9.98565E-05 9.98565E-05 9.98565E-05 9.98565E-05 9.98565E-05 9.98565E-05 9.98565E-05 9.98565E-05 9.98565E-05 9.98565E-05 9.98565E-05 9.98565E-05 9.98565E-05 0.977398
9.98386E-05 9.98386E-05 9.98386E-05 9.98386E-05 9.98386E-05 9.98386E-05 9.98386E-05 9.98386E-05 9.98386E-05 9.98386E-05 9.98386E-05 9.98386E-05 9.98386E-05 9.98386E-05 9.98386E-05 9.98386E-05 9.98386E-05 9.98386E-05 0.998203
0.0130934 9.98828E-05 9.98828E-05 0.0531968 9.98828E-05 0.0338872 9.98828E-05 9.98828E-05 9.98828E-05 0.0713781 9.98828E-05 9.98828E-05 9.98828E-05 0.0272355 0.79991 9.98828E-05 9.98828E-05 9.98828E-05 9.98828E-05
9.98651E-05 9.98651E-05 9.98651E-05 9.98651E-05 0.0738285 9.98651E-05 0.0139148 9.98651E-05 9.98651E-05 9.98651E-05 9.98651E-05 9.98651E-05 9.98651E-05 9.98651E-05 9.98651E-05 9.98651E-05 0.0141296 9.98651E-05 0.896629
0.0103046 9.98742E-05 9.98742E-05 9.98742E-05 0.060961 9.98742E-05 9.98742E-05 9.98742E-05 9.98742E-05 9.98742E-05 0.0130355 9.98742E-05 9.98742E-05 9.98742E-05 9.98742E-05 9.98742E-05 0.0245665 9.98742E-05 0.889734
9.98833E-05 9.98833E-05 9.98833E-05 9.98833E-05 0.106065 0.0086091 9.98833E-05 9.98833E-05 0.550532 9.98833E-05 9.98833E-05 0.0135783 9.98833E-05 9.98833E-05 0.0165983 9.98833E-05 9.98833E-05 9.98833E-05 0.303319
9.98558E-05 9.98558E-05 9.98558E-05 9.98558E-05 0.0159369 9.98558E-05 9.98558E-05 9.98558E-05 0.94644 9.98558E-05 9.98558E-05 9.98558E-05 9.98558E-05 9.98558E-05 9.98558E-05 9.98558E-05 9.98558E-05 9.98558E-05 0.0360254
9.98385E-05 9.98385E-05 9.98385E-05 9.98385E-05 9.98385E-05 9.98385E-05 0.998203 9.98385E-05 9.98385E-05 9.98385E-05 9.98385E-05 9.98385E-05 9.98385E-05 9.98385E-05 9.98385E-05 9.98385E-05 9.98385E-05 9.98385E-05 9.98385E-05
0.00868757 9.98743E-05 9.98743E-05 9.98743E-05 9.98743E-05 9.98743E-05 9.98743E-05 9.98743E-05 0.00227957 9.98743E-05 0.158002 9.98743E-05 9.98743E-05 9.98743E-05 9.98743E-05 9.98743E-05 9.98743E-05 0.0108848 0.818748
9.98742E-05 9.98742E-05 0.0323028 9.98742E-05 0.695 9.98742E-05 9.98742E-05 9.98742E-05 0.0460275 9.98742E-05 0.223031 9.98742E-05 9.98742E-05 0.00224053 9.98742E-05 9.98742E-05 9.98742E-05 9.98742E-05 9.98742E-05
9.98826E-05 0.0868351 9.98826E-05 0.210218 9.98826E-05 9.98826E-05 9.98826E-05 9.98826E-05 0.0546353 9.98826E-05 9.98826E-05 9.98826E-05 9.98826E-05 0.0857563 0.463933 9.98826E-05 9.98826E-05 0.0973234 9.98826E-05
0.0134364 0.00106619 9.98829E-05 0.0185313 9.98829E-05 9.98829E-05 9.98829E-05 9.98829E-05 9.98829E-05 9.98829E-05 0.0573393 9.98829E-05 9.98829E-05 9.98829E-05 9.98829E-05 9.98829E-05 0.00618155 9.98829E-05 0.902147
9.98741E-05 0.0131901 0.0170482 0.000180244 9.98741E-05 0.954985 9.98741E-05 9.98741E-05 9.98741E-05 9.98741E-05 0.0131985 9.98741E-05 9.98741E-05 9.98741E-05 9.98741E-05 9.98741E-05 9.98741E-05 9.98741E-05 9.98741E-05
9.99099E-05 9.99099E-05 9.99099E-05 0.0145605 9.99099E-05 0.0656999 0.126959 0.00693197 9.99099E-05 0.550457 0.0706588 0.0129725 0.0213304 9.99099E-05 9.99099E-05 9.99099E-05 9.99099E-05 0.129432 9.99099E-05
9.98472E-05 9.98472E-05 9.98472E-05 0.975007 9.98472E-05 9.98472E-05 9.98472E-05 9.98472E-05 9.98472E-05 9.98472E-05 0.0232952 9.98472E-05 9.98472E-05 9.98472E-05 9.98472E-05 9.98472E-05 9.98472E-05 9.98472E-05 9.98472E-05
9.98381E-05 9.98381E-05 9.98381E-05 9.98381E-05 9.98381E-05 9.98381E-05 9.98381E-05 9.98381E-05 9.98381E-05 9.98381E-05 9.98381E-05 9.98381E-05 9.98381E-05 9.98381E-05 9.98381E-05 9.98381E-05 9.98381E-05 0.998203 9.98381E-05
9.9847E-05 9.9847E-05 9.9847E-05 9.9847E-05 9.9847E-05 9.9847E-05 9.9847E-05 9.9847E-05 9.9847E-05 9.9847E-05 9.9847E-05 9.9847E-05 9.9847E-05 0.0077665 9.9847E-05 9.9847E-05 9.9847E-05 0.990536 9.9847E-05
9.9883E-05 0.0327385 9.9883E-05 0.0174261 9.9883E-05 0.00857576 9.9883E-05 9.9883E-05 9.9883E-05 0.882151 9.9883E-05 0.000880252 9.9883E-05 9.9883E-05 9.9883E-05 9.9883E-05 9.9883E-05 0.0569303 9.9883E-05
0.783705 9.98829E-05 9.98829E-05 9.98829E-05 9.98829E-05 9.98829E-05 9.98829E-05 9.98829E-05 9.98829E-05 0.0324303 9.98829E-05 9.98829E-05 9.98829E-05 9.98829E-05 0.0468923 0.0428741 0.0681148 0.0246847 9.98829E-05
9.98559E-05 0.0873563 9.98559E-05 9.98559E-05 9.98559E-05 0.0249459 9.98559E-05 9.98559E-05 9.98559E-05 0.8861 9.98559E-05 9.98559E-05 9.98559E-05 9.98559E-05 9.98559E-05 9.98559E-05 9.98559E-05 9.98559E-05 9.98559E-05
9.99098E-05 0.192366 9.99098E-05 9.99098E-05 9.99098E-05 0.00604849 0.0623077 9.99098E-05 9.99098E-05 0.217705 9.99098E-05 9.99098E-05 0.175767 0.0394565 0.1637 0.0339998 9.99098E-05 0.107651 9.99098E-05
0.0762753 0.262576 0.0328424 9.99099E-05 9.99099E-05 0.0588311 0.0732161 9.99099E-05 9.99099E-05 0.336027 9.99099E-05 0.024539 9.99099E-05 9.99099E-05 9.99099E-05 9.99099E-05 9.99099E-05 0.125591 0.00910303
9.99189E-05 0.412932 0.0504641 0.065468 0.0103935 0.185846 9.99189E-05 9.99189E-05 0.0388263 0.154335 9.99189E-05 9.99189E-05 9.99189E-05 9.99189E-05 0.000931146 9.99189E-05 0.0388087 9.99189E-05 0.0410958
9.98479E-05 9.98479E-05 9.98479E-05 9.98479E-05 9.98479E-05 0.952342 9.98479E-05 0.0459604 9.98479E-05 9.98479E-05 9.98479E-05 9.98479E-05 9.98479E-05 9.98479E-05 9.98479E-05 9.98479E-05 9.98479E-05 9.98479E-05 9.98479E-05
9.98382E-05 9.98382E-05 9.98382E-05 9.98382E-05 0.998203 9.98382E-05 9.98382E-05 9.98382E-05 9.98382E-05 9.98382E-05 9.98382E-05 9.98382E-05 9.98382E-05 9.98382E-05 9.98382E-05 9.98382E-05 9.98382E-05 9.98382E-05 9.98382E-05
9.98383E-05 9.98383E-05 9.98383E-05 9.98383E-05 0.998203 9.98383E-05 9.98383E-05 9.98383E-05 9.98383E-05 9.98383E-05 9.98383E-05 9.98383E-05 9.98383E-05 9.98383E-05 9.98383E-05 9.98383E-05 9.98383E-05 9.98383E-05 9.98383E-05
9.98474E-05 9.98474E-05 9.98474E-05 9.98474E-05 0.983638 9.98474E-05 9.98474E-05 9.98474E-05 9.98474E-05 0.0146643 9.98474E-05 9.98474E-05 9.98474E-05 9.98474E-05 9.98474E-05 9.98474E-05 9.98474E-05 9.98474E-05 9.98474E-05
9.98383E-05 9.98383E-05 9.98383E-05 9.98383E-05 0.998203 9.98383E-05 9.98383E-05 9.98383E-05 9.98383E-05 9.98383E-05 9.98383E-05 9.98383E-05 9.98383E-05 9.98383E-05 9.98383E-05 9.98383E-05 9.98383E-05 9.98383E-05 9.98383E-05
9.98473E-05 9.98473E-05 9.98473E-05 9.98473E-05 0.990225 9.98473E-05 9.98473E-05 9.98473E-05 9.98473E-05 9.98473E-05 9.98473E-05 9.98473E-05 9.98473E-05 9.98473E-05 9.98473E-05 9.98473E-05 9.98473E-05 9.98473E-05 0.00807792
0.0447029 9.99102E-05 9.99102E-05 9.99102E-05 0.379731 0.00135053 0.00608753 9.99102E-05 0.380671 9.99102E-05 0.0670652 9.99102E-05 0.0644489 9.99102E-05 0.0197171 9.99102E-05 0.0352276 9.99102E-05 9.99102E-05
0.00391087 9.98651E-05 9.98651E-05 9.98651E-05 0.925687 0.0257222 0.0431824 9.98651E-05 9.98651E-05 9.98651E-05 9.98651E-05 9.98651E-05 9.98651E-05 9.98651E-05 9.98651E-05 9.98651E-05 9.98651E-05 9.98651E-05 9.98651E-05
0.230296 9.98558E-05 9.98558E-05 9.98558E-05 9.98558E-05 0.73799 9.98558E-05 9.98558E-05 9.98558E-05 9.98558E-05 9.98558E-05 9.98558E-05 9.98558E-05 9.98558E-05 9.98558E-05 9.98558E-05 9.98558E-05 0.0301161 9.98558E-05
0.0354689 9.98829E-05 0.0106126 9.98829E-05 0.0232927 0.00863557 0.889506 9.98829E-05 9.98829E-05 9.98829E-05 9.98829E-05 9.98829E-05 9.98829E-05 9.98829E-05 9.98829E-05 9.98829E-05 0.0311855 9.98829E-05 9.98829E-05
9.9847E-05 9.9847E-05 9.9847E-05 9.9847E-05 9.9847E-05 9.9847E-05 9.9847E-05 9.9847E-05 9.9847E-05 9.9847E-05 9.9847E-05 9.9847E-05 9.9847E-05 9.9847E-05 9.9847E-05 9.9847E-05 9.9847E-05 0.0326371 0.965665
0.0380242 9.98652E-05 9.98652E-05 9.98652E-05 9.98652E-05 9.98652E-05 9.98652E-05 9.98652E-05 9.98652E-05 9.98652E-05 9.98652E-05 9.98652E-05 9.98652E-05 0.0437577 0.806519 9.98652E-05 9.98652E-05 0.110202 9.98652E-05
0.895877 0.0969651 9.98564E-05 9.98564E-05 9.98564E-05 9.98564E-05 9.98564E-05 9.98564E-05 9.98564E-05 9.98564E-05 9.98564E-05 9.98564E-05 9.98564E-05 9.98564E-05 0.00555995 9.98564E-05 9.98564E-05 9.98564E-05 9.98564E-05
9.98566E-05 9.98566E-05 9.98566E-05 9.98566E-05 9.98566E-05 9.98566E-05 9.98566E-05 0.00333867 9.98566E-05 9.98566E-05 0.00640749 9.98566E-05 9.98566E-05 9.98566E-05 0.988656 9.98566E-05 9.98566E-05 9.98566E-05 9.98566E-05
9.9883E-05 9.9883E-05 9.9883E-05 9.9883E-05 9.9883E-05 9.9883E-05 9.9883E-05 0.00366473 9.9883E-05 0.0931313 9.9883E-05 9.9883E-05 0.000837184 9.9883E-05 0.891947 9.9883E-05 9.9883E-05 0.00108478 0.00803609
9.98828E-05 0.0609066 9.98828E-05 0.00670328 9.98828E-05 9.98828E-05 9.98828E-05 9.98828E-05 9.98828E-05 0.0855107 9.98828E-05 9.98828E-05 9.98828E-05 0.0309854 0.811215 9.98828E-05 9.98828E-05 0.00338092 9.98828E-05
9.98381E-05 9.98381E-05 9.98381E-05 9.98381E-05 9.98381E-05 9.98381E-05 9.98381E-05 9.98381E-05 9.98381E-05 9.98381E-05 9.98381E-05 0.998203 9.98381E-05 9.98381E-05 9.98381E-05 9.98381E-05 9.98381E-05 9.98381E-05 9.98381E-05
9.98568E-05 9.98568E-05 0.0318864 9.98568E-05 9.98568E-05 9.98568E-05 9.98568E-05 9.98568E-05 9.98568E-05 0.017904 9.98568E-05 9.98568E-05 9.98568E-05 9.98568E-05 9.98568E-05 9.98568E-05 9.98568E-05 9.98568E-05 0.948612
9.99461E-05 0.0902898 0.00354388 0.0641513 0.119613 9.99461E-05 0.0155607 9.99461E-05 0.041124 0.0836978 0.0704999 9.99461E-05 9.99461E-05 9.99461E-05 0.117264 0.0573339 0.0366236 0.106475 0.193225
9.98564E-05 9.98564E-05 0.153565 9.98564E-05 9.98564E-05 9.98564E-05 9.98564E-05 9.98564E-05 9.98564E-05 9.98564E-05 0.0493721 9.98564E-05 9.98564E-05 9.98564E-05 9.98564E-05 9.98564E-05 9.98564E-05 9.98564E-05 0.795465
9.98831E-05 9.98831E-05 0.0243047 0.0367101 0.00508633 9.98831E-05 9.98831E-05 9.98831E-05 9.98831E-05 9.98831E-05 9.98831E-05 9.98831E-05 9.98831E-05 9.98831E-05 9.98831E-05 9.98831E-05 0.0108284 0.0390638 0.882708
0.0583447 9.9874E-05 9.9874E-05 9.9874E-05 0.0201434 9.9874E-05 9.9874E-05 9.9874E-05 9.9874E-05 9.9874E-05 0.0604523 9.9874E-05 0.0039567 9.9874E-05 9.9874E-05 9.9874E-05 9.9874E-05 9.9874E-05 0.855705
0.03026 9.98833E-05 0.00392186 9.98833E-05 0.014868 9.98833E-05 0.0557961 9.98833E-05 9.98833E-05 9.98833E-05 9.98833E-05 9.98833E-05 9.98833E-05 9.98833E-05 9.98833E-05 9.98833E-05 0.00607013 9.98833E-05 0.887785
9.98562E-05 9.98562E-05 9.98562E-05 9.98562E-05 9.98562E-05 9.98562E-05 9.98562E-05 9.98562E-05 0.296618 9.98562E-05 9.98562E-05 9.98562E-05 9.98562E-05 9.98562E-05 9.98562E-05 9.98562E-05 9.98562E-05 0.0809633 0.620821
9.9874E-05 0.0218521 9.9874E-05 0.0452048 9.9874E-05 9.9874E-05 9.9874E-05 9.9874E-05 0.0119365 9.9874E-05 0.0117064 9.9874E-05 9.9874E-05 9.9874E-05 9.9874E-05 9.9874E-05 9.9874E-05 9.9874E-05 0.907902
9.98471E-05 9.98471E-05 9.98471E-05 9.98471E-05 0.00403034 9.98471E-05 9.98471E-05 9.98471E-05 9.98471E-05 9.98471E-05 0.994272 9.98471E-05 9.98471E-05 9.98471E-05 9.98471E-05 9.98471E-05 9.98471E-05 9.98471E-05 9.98471E-05
9.98561E-05 9.98561E-05 9.98561E-05 9.98561E-05 9.98561E-05 9.98561E-05 9.98561E-05 9.98561E-05 9.98561E-05 9.98561E-05 0.967742 9.98561E-05 9.98561E-05 9.98561E-05 0.0117049 9.98561E-05 0.0189553 9.98561E-05 9.98561E-05
0.00659416 9.98832E-05 0.0580593 9.98832E-05 0.0251775 9.98832E-05 9.98832E-05 9.98832E-05 9.98832E-05 9.98832E-05 9.98832E-05 9.98832E-05 0.00632683 0.00559403 9.98832E-05 9.98832E-05 9.98832E-05 9.98832E-05 0.89695
0.928197 9.9901E-05 9.9901E-05 0.00273284 9.9901E-05 9.9901E-05 0.0122626 9.9901E-05 0.0113289 9.9901E-05 9.9901E-05 9.9901E-05 0.00917413 0.000825873 9.9901E-05 9.9901E-05 9.9901E-05 0.0230995 0.0112803
0.976577 9.9865E-05 9.9865E-05 9.9865E-05 0.010464 9.9865E-05 9.9865E-05 9.9865E-05 9.9865E-05 9.9865E-05 0.00578037 9.9865E-05 0.0056809 9.9865E-05 9.9865E-05 9.9865E-05 9.9865E-05 9.9865E-05 9.9865E-05
9.98473E-05 9.98473E-05 9.98473E-05 9.98473E-05 9.98473E-05 0.00283191 9.98473E-05 9.98473E-05 9.98473E-05 9.98473E-05 9.98473E-05 9.98473E-05 9.98473E-05 0.995471 9.98473E-05 9.98473E-05 9.98473E-05 9.98473E-05 9.98473E-05
9.98474E-05 9.98474E-05 9.98474E-05 9.98474E-05 9.98474E-05 9.98474E-05 9.98474E-05 9.98474E-05 9.98474E-05 9.98474E-05 9.98474E-05 9.98474E-05 9.98474E-05 0.99083 9.98474E-05 0.00747281 9.98474E-05 9.98474E-05 9.98474E-05
0.0421228 9.98918E-05 9.98918E-05 9.98918E-05 9.98918E-05 9.98918E-05 0.0649632 0.0111332 9.98918E-05 0.755162 9.98918E-05 9.98918E-05 0.00169341 9.98918E-05 0.0685248 9.98918E-05 9.98918E-05 0.0552022 9.98918E-05
0.0891631 9.98829E-05 9.98829E-05 9.98829E-05 9.98829E-05 9.98829E-05 0.0449773 0.00398067 9.98829E-05 0.754776 9.98829E-05 9.98829E-05 9.98829E-05 9.98829E-05 0.0676695 9.98829E-05 9.98829E-05 0.0381351 9.98829E-05
9.98743E-05 9.98743E-05 9.98743E-05 0.00762045 9.98743E-05 9.98743E-05 0.0272023 9.98743E-05 9.98743E-05 9.98743E-05 0.0034765 9.98743E-05 0.00292422 0.957378 9.98743E-05 9.98743E-05 9.98743E-05 9.98743E-05 9.98743E-05
9.98474E-05 9.98474E-05 9.98474E-05 9.98474E-05 9.98474E-05 0.00217843 9.98474E-05 9.98474E-05 9.98474E-05 9.98474E-05 9.98474E-05 9.98474E-05 9.98474E-05 0.996124 9.98474E-05 9.98474E-05 9.98474E-05 9.98474E-05 9.98474E-05
0.0218516 9.98649E-05 9.98649E-05 9.98649E-05 0.00940105 0.942643 9.98649E-05 9.98649E-05 9.98649E-05 9.98649E-05 9.98649E-05 9.98649E-05 9.98649E-05 9.98649E-05 0.0246066 9.98649E-05 9.98649E-05 9.98649E-05 9.98649E-05
0.0720941 9.9883E-05 9.9883E-05 9.9883E-05 9.9883E-05 9.9883E-05 9.9883E-05 9.9883E-05 9.9883E-05 9.9883E-05 9.9883E-05 0.0177819 9.9883E-05 9.9883E-05 0.10456 0.0123541 0.127569 0.664343 9.9883E-05
9.9856E-05 9.9856E-05 9.9856E-05 9.9856E-05 0.0461605 9.9856E-05 0.907892 9.9856E-05 9.9856E-05 9.9856E-05 9.9856E-05 9.9856E-05 9.9856E-05 9.9856E-05 9.9856E-05 9.9856E-05 0.04435 9.9856E-05 9.9856E-05
9.98379E-05 0.998203 9.98379E-05 9.98379E-05 9.98379E-05 9.98379E-05 9.98379E-05 9.98379E-05 9.98379E-05 9.98379E-05 9.98379E-05 9.98379E-05 9.98379E-05 9.98379E-05 9.98379E-05 9.98379E-05 9.98379E-05 9.98379E-05 9.98379E-05
0.0488898 0.752749 9.98831E-05 0.0791212 9.98831E-05 9.98831E-05 9.98831E-05 9.98831E-05 9.98831E-05 9.98831E-05 9.98831E-05 9.98831E-05 9.98831E-05 0.0459702 0.0552175 0.0167538 9.98831E-05 9.98831E-05 9.98831E-05
9.98381E-05 9.98381E-05 9.98381E-05 9.98381E-05 9.98381E-05 9.98381E-05 9.98381E-05 9.98381E-05 0.998203 9.98381E-05 9.98381E-05 9.98381E-05 9.98381E-05 9.98381E-05 9.98381E-05 9.98381E-05 9.98381E-05 9.98381E-05 9.98381E-05
