9.999E-05 9.999E-05 0.9998
9.999E-05 0.552571 0.447329
0.0736738 0.877441 0.0488856
9.999E-05 0.9998 9.999E-05
9.9991E-05 0.706161 0.293739
9.999E-05 0.9998 9.999E-05
9.999E-05 0.372159 0.627741
9.999E-05 0.818602 0.181298
9.9991E-05 0.376482 0.623418
0.00895902 0.0208986 0.970142
9.9991E-05 0.0274371 0.972463
9.9991E-05 0.0246179 0.975282
9.99911E-05 0.0324536 0.967446
0.0208092 0.979091 9.9991E-05
0.00911857 0.990781 9.9991E-05
9.9991E-05 0.0507857 0.949114
0.195755 0.0228255 0.78142
0.748026 0.0310996 0.220875
0.9998 9.999E-05 9.999E-05
9.999E-05 9.999E-05 0.9998
0.9998 9.999E-05 9.999E-05
9.999E-05 9.999E-05 0.9998
0.611276 0.0772564 0.311468
0.9998 9.999E-05 9.999E-05
9.999E-05 0.9998 9.999E-05
9.999E-05 0.9998 9.999E-05
9.999E-05 9.999E-05 0.9998
9.999E-05 0.9998 9.999E-05
9.999E-05 0.9998 9.999E-05
0.0462003 0.931442 0.0223578
0.0400583 0.959842 9.9991E-05
9.99911E-05 0.560212 0.439688
9.999E-05 0.9998 9.999E-05
9.9991E-05 0.819648 0.180252
9.9991E-05 0.0874085 0.912492
9.9991E-05 0.99116 0.00873982
9.9991E-05 0.018953 0.980947
0.00416898 0.181597 0.814234
0.210052 0.212228 0.57772
9.9991E-05 0.0964863 0.903414
0.00205778 0.0722002 0.925742
0.0117528 9.9991E-05 0.988147
9.9991E-05 0.0150675 0.984833
0.00767362 0.00714685 0.98518
0.191947 9.9991E-05 0.807953
0.0523954 0.126802 0.820802
9.9991E-05 0.166975 0.832925
0.0150869 0.00237367 0.982539
0.0185176 0.841086 0.140397
0.0624816 0.818214 0.119304
0.0231595 0.802989 0.173851
0.0374847 0.808894 0.153621
0.0135579 0.876602 0.10984
0.0280845 0.753128 0.218788
9.9991E-05 0.768325 0.231575
9.999E-05 9.999E-05 0.9998
9.9991E-05 0.554135 0.445765
9.999E-05 0.9998 9.999E-05
9.999E-05 9.999E-05 0.9998
9.9991E-05 0.0452211 0.954679
9.999E-05 9.999E-05 0.9998
9.999E-05 9.999E-05 0.9998
0.0214849 9.9991E-05 0.978415
0.885365 0.00231023 0.112325
9.999E-05 0.9998 9.999E-05
0.0702849 0.410818 0.518897
9.999E-05 0.9998 9.999E-05
9.999E-05 0.9998 9.999E-05
9.999E-05 0.9998 9.999E-05
9.999E-05 0.9998 9.999E-05
9.9991E-05 0.970663 0.0292366
9.999E-05 0.9998 9.999E-05
9.99911E-05 0.921606 0.0782943
0.00673682 0.851976 0.141287
9.999E-05 0.9998 9.999E-05
9.9991E-05 0.146662 0.853238
9.9991E-05 0.140131 0.859769
0.335675 0.11024 0.554085
0.341228 0.108713 0.550059
9.9991E-05 0.0445756 0.955324
9.9991E-05 0.040324 0.959576
0.324474 0.14017 0.535356
0.33918 0.118243 0.542577
9.999E-05 9.999E-05 0.9998
0.0201729 0.03266 0.947167
9.9991E-05 0.563912 0.435988
0.258282 0.110927 0.630792
0.208917 9.9991E-05 0.790983
0.0741937 0.915112 0.0106942
