9.996E-05 9.996E-05 0.9995 9.996E-05 9.996E-05 9.996E-05
9.9973E-05 0.227446 0.44118 9.9973E-05 9.9973E-05 0.331074
0.0598799 0.100102 9.99911E-05 0.018312 0.070025 0.751581
0.0471475 0.0167712 9.9973E-05 9.9973E-05 9.9973E-05 0.935781
9.99731E-05 0.313763 0.253545 9.99731E-05 9.99731E-05 0.432392
0.00814194 9.9973E-05 0.00109537 9.9973E-05 9.9973E-05 0.990463
9.99731E-05 0.385704 0.0106671 9.99731E-05 0.603329 9.99731E-05
0.0223237 0.481383 0.125634 9.9982E-05 9.9982E-05 0.37046
9.9982E-05 0.415406 0.147186 9.9982E-05 0.414598 0.02261
0.0749422 0.0985902 0.826168 9.99731E-05 9.99731E-05 9.99731E-05
0.0812762 0.125007 0.749335 9.9982E-05 0.0441817 9.9982E-05
0.154849 9.9982E-05 0.566451 9.9982E-05 0.225314 0.0531868
0.00111025 9.99731E-05 9.99731E-05 9.99731E-05 0.993929 0.00466089
9.9973E-05 9.9973E-05 0.0244004 0.0217105 9.9973E-05 0.953589
9.9964E-05 9.9964E-05 0.065392 9.9964E-05 9.9964E-05 0.934208
0.00476966 0.0650373 0.614961 9.9982E-05 0.315032 9.9982E-05
0.363396 9.9991E-05 0.414894 0.0643134 0.155881 0.0014166
9.99729E-05 0.0592004 0.216853 0.723647 9.99729E-05 9.99729E-05
0.107982 9.9964E-05 9.9964E-05 0.891618 9.9964E-05 9.9964E-05
0.147374 9.9973E-05 0.847928 9.9973E-05 0.00439815 9.9973E-05
9.9964E-05 9.9964E-05 9.9964E-05 0.999049 9.9964E-05 0.000551036
9.9973E-05 9.9973E-05 0.905976 9.9973E-05 0.0845126 0.00921144
0.422424 0.0658558 0.102345 0.409175 9.9982E-05 9.9982E-05
0.10185 9.99639E-05 9.99639E-05 0.89775 9.99639E-05 9.99639E-05
9.99641E-05 0.000782586 9.99641E-05 9.99641E-05 9.99641E-05 0.998818
9.996E-05 9.996E-05 9.996E-05 9.996E-05 9.996E-05 0.9995
0.0780853 9.99729E-05 0.158549 9.99729E-05 0.763066 9.99729E-05
9.9973E-05 0.0811004 9.9973E-05 9.9973E-05 0.00554522 0.913054
9.9973E-05 0.0903249 9.9973E-05 9.9973E-05 0.0299684 0.879407
0.0616414 0.274145 9.9982E-05 0.0342256 9.9982E-05 0.629788
0.0766494 0.312372 9.9973E-05 9.9973E-05 9.9973E-05 0.610678
9.99732E-05 0.549159 0.302027 9.99732E-05 9.99732E-05 0.148515
0.0105989 9.99641E-05 9.99641E-05 9.99641E-05 9.99641E-05 0.989001
9.99641E-05 0.901884 9.99641E-05 9.99641E-05 9.99641E-05 0.0977159
0.253159 0.00190576 0.161465 9.9991E-05 0.52627 0.0571
9.99639E-05 9.99639E-05 9.99639E-05 9.99639E-05 0.0580269 0.941573
9.99642E-05 9.99642E-05 0.948895 9.99642E-05 9.99642E-05 0.0507049
9.9982E-05 0.141944 0.755853 0.0475524 9.9982E-05 0.0544506
0.416539 9.9991E-05 0.281541 0.059059 0.112772 0.129989
0.00445849 9.9982E-05 0.85907 0.0120311 9.9982E-05 0.124241
0.0197532 9.9982E-05 0.898702 0.0069046 9.9982E-05 0.0744399
0.059504 9.9973E-05 0.917797 0.0223994 9.9973E-05 9.9973E-05
9.9973E-05 0.0410986 0.717256 9.9973E-05 0.241346 9.9973E-05
0.0812574 0.0439037 0.860223 0.000811227 0.0137051 9.9991E-05
0.19299 0.00356618 0.525935 0.103513 0.173896 9.9991E-05
0.0730525 0.0506943 0.703825 0.0483267 0.0602808 0.0638202
0.126402 0.0952616 0.493109 9.9991E-05 0.223357 0.0617694
9.99644E-05 9.99644E-05 0.995367 0.00423336 9.99644E-05 9.99644E-05
9.996E-05 0.9995 9.996E-05 9.996E-05 9.996E-05 9.996E-05
9.996E-05 0.9995 9.996E-05 9.996E-05 9.996E-05 9.996E-05
9.996E-05 0.9995 9.996E-05 9.996E-05 9.996E-05 9.996E-05
9.996E-05 0.9995 9.996E-05 9.996E-05 9.996E-05 9.996E-05
9.996E-05 0.9995 9.996E-05 9.996E-05 9.996E-05 9.996E-05
0.0128429 0.676009 0.0919635 0.0254029 9.9991E-05 0.193681
9.996E-05 0.9995 9.996E-05 9.996E-05 9.996E-05 9.996E-05
9.9964E-05 9.9964E-05 0.947316 9.9964E-05 0.0522838 9.9964E-05
9.9982E-05 0.532294 0.339612 9.9982E-05 0.0223959 0.105499
9.9964E-05 9.9964E-05 0.0115999 9.9964E-05 9.9964E-05 0.988
0.0570715 9.9973E-05 0.114047 9.9973E-05 0.828581 9.9973E-05
0.00177129 9.9982E-05 0.619354 9.9982E-05 0.315151 0.0635235
9.996E-05 9.996E-05 9.996E-05 9.996E-05 0.9995 9.996E-05
9.99639E-05 9.99639E-05 0.116379 9.99639E-05 0.883221 9.99639E-05
0.11099 9.99819E-05 0.0518931 0.00281743 0.8341 9.99819E-05
9.99821E-05 0.00560186 0.0714692 0.920848 9.99821E-05 0.00188121
9.996E-05 9.996E-05 9.996E-05 9.996E-05 9.996E-05 0.9995
0.126284 0.159702 0.278214 0.00799085 0.137151 0.290659
9.99641E-05 9.99641E-05 9.99641E-05 9.99641E-05 0.0263312 0.973269
9.9973E-05 0.00301919 0.0430403 9.9973E-05 9.9973E-05 0.953641
9.9973E-05 0.0872418 9.9973E-05 9.9973E-05 0.0471978 0.86526
9.9964E-05 0.0627279 9.9964E-05 9.9964E-05 9.9964E-05 0.936872
0.0172829 0.0251177 0.0369897 9.9982E-05 9.9982E-05 0.92041
0.016213 9.9964E-05 9.9964E-05 9.9964E-05 9.9964E-05 0.983387
9.99643E-05 0.489738 9.99643E-05 9.99643E-05 9.99643E-05 0.509862
9.99732E-05 0.325673 9.99732E-05 9.99732E-05 0.134888 0.539138
9.9982E-05 0.0129832 0.0208291 0.0107134 9.9982E-05 0.955274
0.0265459 0.0766645 0.737665 9.9991E-05 0.0660881 0.0929368
0.0306704 0.0969074 0.674453 9.9991E-05 0.137367 0.0605018
0.9995 9.996E-05 9.996E-05 9.996E-05 9.996E-05 9.996E-05
0.9995 9.996E-05 9.996E-05 9.996E-05 9.996E-05 9.996E-05
0.0393267 0.0823543 0.864132 9.9982E-05 0.0139869 9.9982E-05
0.0304623 0.0638253 0.851989 0.0141688 0.0394542 9.9991E-05
0.9995 9.996E-05 9.996E-05 9.996E-05 9.996E-05 9.996E-05
0.9995 9.996E-05 9.996E-05 9.996E-05 9.996E-05 9.996E-05
9.99641E-05 9.99641E-05 0.943185 9.99641E-05 0.0564154 9.99641E-05
9.9982E-05 0.0483527 0.592632 0.0626431 0.296172 9.9982E-05
9.9982E-05 0.541664 0.311367 9.9982E-05 0.0261708 0.120599
0.326958 9.9991E-05 0.204603 0.127737 0.283198 0.057405
0.337962 9.99821E-05 0.242222 0.0595648 0.360051 9.99821E-05
0.00561899 0.372948 9.99821E-05 0.0532644 9.99821E-05 0.567969
