0.958696 0.0300643 9.99099E-05 9.99099E-05 9.99099E-05 9.99099E-05 9.99099E-05 9.99099E-05 0.0102406 9.99099E-05 9.99099E-05 9.99099E-05 9.99099E-05
0.0110277 9.99369E-05 9.99369E-05 9.99369E-05 9.99369E-05 0.0719109 0.0720576 9.99369E-05 0.00344266 9.99369E-05 0.81097 0.0298919 9.99369E-05
9.99285E-05 9.99285E-05 9.99285E-05 0.000604091 9.99285E-05 9.99285E-05 0.561841 0.0502324 0.0858424 9.99285E-05 9.99285E-05 9.99285E-05 0.300681
9.9919E-05 9.9919E-05 0.000975791 9.9919E-05 9.9919E-05 0.0300375 0.928897 9.9919E-05 0.0391907 9.9919E-05 9.9919E-05 9.9919E-05 9.9919E-05
9.99462E-05 0.140962 0.0187667 9.99462E-05 9.99462E-05 0.0343415 0.3991 9.99462E-05 9.99462E-05 0.202341 0.194419 9.99462E-05 0.00946872
0.00511961 0.00854924 9.9928E-05 9.9928E-05 9.9928E-05 0.0462523 0.87589 9.9928E-05 9.9928E-05 9.9928E-05 9.9928E-05 9.9928E-05 0.0633896
9.98921E-05 9.98921E-05 9.98921E-05 9.98921E-05 9.98921E-05 9.98921E-05 9.98921E-05 9.98921E-05 9.98921E-05 0.998801 9.98921E-05 9.98921E-05 9.98921E-05
9.99279E-05 0.105919 0.122754 9.99279E-05 9.99279E-05 9.99279E-05 0.133345 9.99279E-05 9.99279E-05 9.99279E-05 0.0756305 9.99279E-05 0.561552
0.0161545 9.99189E-05 0.0144282 9.99189E-05 9.99189E-05 9.99189E-05 9.99189E-05 9.99189E-05 9.99189E-05 0.936541 0.0319774 9.99189E-05 9.99189E-05
9.9901E-05 0.840862 9.9901E-05 9.9901E-05 9.9901E-05 9.9901E-05 9.9901E-05 9.9901E-05 9.9901E-05 0.158039 9.9901E-05 9.9901E-05 9.9901E-05
9.9901E-05 0.869964 9.9901E-05 9.9901E-05 9.9901E-05 9.9901E-05 9.9901E-05 9.9901E-05 9.9901E-05 0.128937 9.9901E-05 9.9901E-05 9.9901E-05
0.649116 9.9937E-05 9.9937E-05 0.140795 9.9937E-05 0.0419414 0.00528388 9.9937E-05 0.127567 9.9937E-05 9.9937E-05 9.9937E-05 0.0345976
9.99001E-05 9.99001E-05 9.99001E-05 0.982914 9.99001E-05 9.99001E-05 0.00374333 9.99001E-05 9.99001E-05 9.99001E-05 9.99001E-05 9.99001E-05 0.012344
9.99191E-05 9.99191E-05 9.99191E-05 9.99191E-05 9.99191E-05 0.0634854 0.911568 0.0159545 9.99191E-05 9.99191E-05 0.0080931 9.99191E-05 9.99191E-05
0.00542056 0.0384161 9.99191E-05 9.99191E-05 9.99191E-05 9.99191E-05 0.934336 0.0209276 9.99191E-05 9.99191E-05 9.99191E-05 9.99191E-05 9.99191E-05
9.991E-05 0.0677087 9.991E-05 0.164133 9.991E-05 9.991E-05 9.991E-05 9.991E-05 9.991E-05 9.991E-05 9.991E-05 0.767159 9.991E-05
9.99008E-05 0.0927056 9.99008E-05 9.99008E-05 9.99008E-05 0.906195 9.99008E-05 9.99008E-05 9.99008E-05 9.99008E-05 9.99008E-05 9.99008E-05 9.99008E-05
9.99369E-05 0.0758513 0.00705532 9.99369E-05 9.99369E-05 9.99369E-05 9.99369E-05 0.814507 0.00777226 9.99369E-05 0.0217597 0.0723544 9.99369E-05
9.99011E-05 9.99011E-05 9.99011E-05 9.99011E-05 0.953622 9.99011E-05 9.99011E-05 0.045279 9.99011E-05 9.99011E-05 9.99011E-05 9.99011E-05 9.99011E-05
0.0989829 0.4692 9.9928E-05 9.9928E-05 9.9928E-05 0.0774119 9.9928E-05 9.9928E-05 0.0171225 9.9928E-05 9.9928E-05 0.336483 9.9928E-05
9.9901E-05 9.9901E-05 9.9901E-05 9.9901E-05 0.0518761 9.9901E-05 9.9901E-05 0.947025 9.9901E-05 9.9901E-05 9.9901E-05 9.9901E-05 9.9901E-05
0.49358 0.0940489 9.99459E-05 0.0973466 9.99459E-05 0.0110187 9.99459E-05 0.00532831 0.0185077 9.99459E-05 9.99459E-05 0.27957 9.99459E-05
9.9937E-05 0.205094 0.00815683 9.9937E-05 0.420916 0.215068 9.9937E-05 9.9937E-05 0.131637 9.9937E-05 0.0184291 9.9937E-05 9.9937E-05
9.98919E-05 9.98919E-05 9.98919E-05 9.98919E-05 0.998801 9.98919E-05 9.98919E-05 9.98919E-05 9.98919E-05 9.98919E-05 9.98919E-05 9.98919E-05 9.98919E-05
9.99102E-05 9.99102E-05 0.00336591 9.99102E-05 9.99102E-05 9.99102E-05 0.992725 9.99102E-05 9.99102E-05 9.99102E-05 9.99102E-05 9.99102E-05 0.00291007
9.98921E-05 9.98921E-05 9.98921E-05 9.98921E-05 9.98921E-05 9.98921E-05 0.998801 9.98921E-05 9.98921E-05 9.98921E-05 9.98921E-05 9.98921E-05 9.98921E-05
0.0501885 0.121145 9.99279E-05 0.776498 9.99279E-05 0.000702782 9.99279E-05 9.99279E-05 0.0506662 9.99279E-05 9.99279E-05 9.99279E-05 9.99279E-05
9.991E-05 9.991E-05 0.0534738 9.991E-05 9.991E-05 9.991E-05 0.932744 9.991E-05 9.991E-05 0.0127833 9.991E-05 9.991E-05 9.991E-05
9.99101E-05 9.99101E-05 0.0533998 0.0292638 9.99101E-05 9.99101E-05 0.916337 9.99101E-05 9.99101E-05 9.99101E-05 9.99101E-05 9.99101E-05 9.99101E-05
9.99625E-05 9.99625E-05 0.150973 0.0196112 9.99625E-05 0.00652376 0.609918 0.0271532 0.00617151 9.99625E-05 0.0124364 9.99625E-05 0.166713
9.9937E-05 9.9937E-05 0.112601 9.9937E-05 9.9937E-05 0.0530173 0.46233 9.9937E-05 0.0186245 9.9937E-05 0.01495 9.9937E-05 0.337778
9.98923E-05 9.98923E-05 9.98923E-05 9.98923E-05 9.98923E-05 9.98923E-05 9.98923E-05 9.98923E-05 9.98923E-05 9.98923E-05 0.998801 9.98923E-05 9.98923E-05
9.99191E-05 9.99191E-05 9.99191E-05 9.99191E-05 9.99191E-05 0.00418023 0.828921 9.99191E-05 9.99191E-05 9.99191E-05 9.99191E-05 0.0080859 0.157914
9.99191E-05 9.99191E-05 0.712828 9.99191E-05 9.99191E-05 9.99191E-05 0.0324272 9.99191E-05 9.99191E-05 9.99191E-05 0.0505957 9.99191E-05 0.20325
0.0282802 0.0464391 0.00994065 0.510676 9.99458E-05 0.306646 9.99458E-05 9.99458E-05 0.0812917 9.99458E-05 9.99458E-05 9.99458E-05 0.0161266
9.99189E-05 9.99189E-05 9.99189E-05 0.0255928 9.99189E-05 0.0203394 0.91186 9.99189E-05 9.99189E-05 9.99189E-05 9.99189E-05 9.99189E-05 0.0413087
0.956114 9.991E-05 9.991E-05 9.991E-05 9.991E-05 0.0161201 9.991E-05 9.991E-05 9.991E-05 9.991E-05 9.991E-05 9.991E-05 0.0267668
0.102646 0.619179 9.99369E-05 9.99369E-05 9.99369E-05 0.0410007 9.99369E-05 0.0209978 9.99369E-05 9.99369E-05 0.166965 9.99369E-05 0.0485115
9.99008E-05 9.99008E-05 9.99008E-05 9.99008E-05 9.99008E-05 0.980997 9.99008E-05 9.99008E-05 9.99008E-05 9.99008E-05 9.99008E-05 9.99008E-05 0.0179041
0.211724 0.270027 9.99458E-05 9.99458E-05 9.99458E-05 0.180574 0.0529709 0.00939255 9.99458E-05 9.99458E-05 0.0318863 0.242826 9.99458E-05
0.241671 0.28279 9.99549E-05 9.99549E-05 9.99549E-05 0.100473 0.0560947 0.027858 0.0209151 9.99549E-05 0.0326035 0.237095 9.99549E-05
0.073367 0.890173 9.9928E-05 0.005145 9.9928E-05 0.00521714 9.9928E-05 9.9928E-05 9.9928E-05 9.9928E-05 9.9928E-05 0.0252982 9.9928E-05
0.013003 9.9919E-05 9.9919E-05 0.0580005 9.9919E-05 9.9919E-05 9.9919E-05 9.9919E-05 9.9919E-05 0.0578807 9.9919E-05 0.870217 9.9919E-05
0.0244264 0.913682 9.9919E-05 0.0184012 9.9919E-05 0.0425907 9.9919E-05 9.9919E-05 9.9919E-05 9.9919E-05 9.9919E-05 9.9919E-05 9.9919E-05
0.0258315 0.415993 9.99459E-05 0.154965 0.160101 9.99459E-05 9.99459E-05 9.99459E-05 0.0773559 9.99459E-05 0.0847983 0.0803568 9.99459E-05
0.0991604 0.496546 9.9964E-05 0.053185 0.0178363 9.9964E-05 0.0518131 0.0256045 0.0101447 9.9964E-05 0.031975 0.213335 9.9964E-05
0.222267 0.266799 0.0369772 0.0631843 9.9955E-05 0.271281 0.085281 9.9955E-05 0.0051876 0.0485225 9.9955E-05 9.9955E-05 9.9955E-05
0.98478 9.99017E-05 9.99017E-05 9.99017E-05 9.99017E-05 9.99017E-05 9.99017E-05 0.0141212 9.99017E-05 9.99017E-05 9.99017E-05 9.99017E-05 9.99017E-05
9.98922E-05 9.98922E-05 0.998801 9.98922E-05 9.98922E-05 9.98922E-05 9.98922E-05 9.98922E-05 9.98922E-05 9.98922E-05 9.98922E-05 9.98922E-05 9.98922E-05
9.98922E-05 9.98922E-05 0.998801 9.98922E-05 9.98922E-05 9.98922E-05 9.98922E-05 9.98922E-05 9.98922E-05 9.98922E-05 9.98922E-05 9.98922E-05 9.98922E-05
9.99101E-05 9.99101E-05 0.9842 9.99101E-05 9.99101E-05 9.99101E-05 9.99101E-05 9.99101E-05 9.99101E-05 0.00486557 9.99101E-05 0.00993552 9.99101E-05
9.98921E-05 9.98921E-05 0.998801 9.98921E-05 9.98921E-05 9.98921E-05 9.98921E-05 9.98921E-05 9.98921E-05 9.98921E-05 9.98921E-05 9.98921E-05 9.98921E-05
9.98922E-05 9.98922E-05 0.998801 9.98922E-05 9.98922E-05 9.98922E-05 9.98922E-05 9.98922E-05 9.98922E-05 9.98922E-05 9.98922E-05 9.98922E-05 9.98922E-05
9.99461E-05 0.0792185 0.401504 9.99461E-05 9.99461E-05 9.99461E-05 0.123152 0.0187111 9.99461E-05 0.0514528 0.0865692 9.99461E-05 0.238792
9.99011E-05 9.99011E-05 0.907767 9.99011E-05 9.99011E-05 9.99011E-05 9.99011E-05 9.99011E-05 9.99011E-05 9.99011E-05 0.0911344 9.99011E-05 9.99011E-05
0.833608 9.99189E-05 9.99189E-05 0.0334764 9.99189E-05 9.99189E-05 9.99189E-05 9.99189E-05 9.99189E-05 0.00675422 9.99189E-05 0.125262 9.99189E-05
0.00672238 9.99189E-05 0.0604065 9.99189E-05 9.99189E-05 9.99189E-05 9.99189E-05 9.99189E-05 9.99189E-05 0.0505175 0.881454 9.99189E-05 9.99189E-05
9.99009E-05 9.99009E-05 9.99009E-05 9.99009E-05 9.99009E-05 0.0177198 0.981181 9.99009E-05 9.99009E-05 9.99009E-05 9.99009E-05 9.99009E-05 9.99009E-05
0.00924465 9.9928E-05 0.0189103 0.848504 9.9928E-05 9.9928E-05 9.9928E-05 9.9928E-05 0.0117176 9.9928E-05 9.9928E-05 0.110824 9.9928E-05
0.00963939 9.99192E-05 9.99192E-05 0.0609197 9.99192E-05 9.99192E-05 9.99192E-05 9.99192E-05 9.99192E-05 9.99192E-05 9.99192E-05 0.927963 0.000578559
9.99103E-05 9.99103E-05 9.99103E-05 0.970958 9.99103E-05 9.99103E-05 9.99103E-05 9.99103E-05 9.99103E-05 0.0098185 9.99103E-05 9.99103E-05 0.0182242
0.00395224 0.101378 9.99099E-05 0.89367 9.99099E-05 9.99099E-05 9.99099E-05 9.99099E-05 9.99099E-05 9.99099E-05 9.99099E-05 9.99099E-05 9.99099E-05
9.99189E-05 0.0835647 9.99189E-05 0.840443 0.0210668 9.99189E-05 9.99189E-05 9.99189E-05 0.0540261 9.99189E-05 9.99189E-05 9.99189E-05 9.99189E-05
9.98923E-05 9.98923E-05 9.98923E-05 9.98923E-05 9.98923E-05 9.98923E-05 9.98923E-05 0.998801 9.98923E-05 9.98923E-05 9.98923E-05 9.98923E-05 9.98923E-05
9.99104E-05 9.99104E-05 9.99104E-05 9.99104E-05 9.99104E-05 9.99104E-05 0.990311 9.99104E-05 9.99104E-05 0.000607854 9.99104E-05 9.99104E-05 0.00808214
0.123424 9.9955E-05 0.0963762 0.0334612 0.114541 9.9955E-05 0.25657 9.9955E-05 9.9955E-05 9.9955E-05 0.0538208 0.251393 0.069914
9.99103E-05 9.99103E-05 9.99103E-05 9.99103E-05 9.99103E-05 9.99103E-05 0.886466 9.99103E-05 9.99103E-05 9.99103E-05 9.99103E-05 0.0403766 0.0721583
9.991E-05 9.991E-05 9.991E-05 9.991E-05 9.991E-05 0.0763888 0.907242 9.991E-05 9.991E-05 0.0153702 9.991E-05 9.991E-05 9.991E-05
9.99191E-05 9.99191E-05 0.0627525 9.99191E-05 9.99191E-05 9.99191E-05 0.900954 9.99191E-05 9.99191E-05 0.0237449 9.99191E-05 0.0116497 9.99191E-05
9.99191E-05 9.99191E-05 0.0261604 9.99191E-05 9.99191E-05 9.99191E-05 0.928299 0.0092645 9.99191E-05 0.0353768 9.99191E-05 9.99191E-05 9.99191E-05
9.99192E-05 0.0487189 9.99192E-05 9.99192E-05 9.99192E-05 0.0219342 0.856928 9.99192E-05 9.99192E-05 9.99192E-05 9.99192E-05 9.99192E-05 0.0715196
9.99099E-05 9.99099E-05 9.99099E-05 9.99099E-05 9.99099E-05 0.0225848 0.972581 9.99099E-05 9.99099E-05 9.99099E-05 9.99099E-05 9.99099E-05 0.00383511
9.99008E-05 9.99008E-05 0.00488524 9.99008E-05 9.99008E-05 9.99008E-05 9.99008E-05 9.99008E-05 9.99008E-05 9.99008E-05 9.99008E-05 9.99008E-05 0.994016
9.99009E-05 9.99009E-05 9.99009E-05 0.0318422 9.99009E-05 9.99009E-05 9.99009E-05 9.99009E-05 9.99009E-05 9.99009E-05 9.99009E-05 9.99009E-05 0.967059
9.99191E-05 9.99191E-05 0.0160048 9.99191E-05 9.99191E-05 9.99191E-05 0.957897 0.00863842 9.99191E-05 9.99191E-05 9.99191E-05 0.0165609 9.99191E-05
9.99099E-05 9.99099E-05 0.016824 9.99099E-05 9.99099E-05 9.99099E-05 9.99099E-05 9.99099E-05 9.99099E-05 9.99099E-05 9.99099E-05 0.971874 0.0103028
9.9892E-05 9.9892E-05 9.9892E-05 9.9892E-05 9.9892E-05 9.9892E-05 9.9892E-05 9.9892E-05 9.9892E-05 9.9892E-05 9.9892E-05 0.998801 9.9892E-05
9.98922E-05 9.98922E-05 9.98922E-05 9.98922E-05 9.98922E-05 9.98922E-05 9.98922E-05 9.98922E-05 0.998801 9.98922E-05 9.98922E-05 9.98922E-05 9.98922E-05
0.00625341 9.99012E-05 9.99012E-05 9.99012E-05 9.99012E-05 9.99012E-05 9.99012E-05 9.99012E-05 0.992648 9.99012E-05 9.99012E-05 9.99012E-05 9.99012E-05
9.99279E-05 0.826778 9.99279E-05 0.0112965 9.99279E-05 9.99279E-05 0.00149877 9.99279E-05 9.99279E-05 9.99279E-05 0.0752128 0.084415 9.99279E-05
9.9919E-05 0.763931 9.9919E-05 0.0711157 9.9919E-05 9.9919E-05 9.9919E-05 9.9919E-05 9.9919E-05 9.9919E-05 0.0246387 0.139416 9.9919E-05
9.99012E-05 9.99012E-05 9.99012E-05 9.99012E-05 9.99012E-05 9.99012E-05 9.99012E-05 9.99012E-05 0.969837 9.99012E-05 9.99012E-05 9.99012E-05 0.0290639
9.98921E-05 9.98921E-05 9.98921E-05 9.98921E-05 9.98921E-05 9.98921E-05 9.98921E-05 9.98921E-05 0.998801 9.98921E-05 9.98921E-05 9.98921E-05 9.98921E-05
0.952968 9.99099E-05 0.0180283 0.028005 9.99099E-05 9.99099E-05 9.99099E-05 9.99099E-05 9.99099E-05 9.99099E-05 9.99099E-05 9.99099E-05 9.99099E-05
0.0544384 0.112469 9.99639E-05 0.144998 0.0617222 0.000417085 9.99639E-05 0.0323574 9.99639E-05 0.104353 0.0352159 0.453629 9.99639E-05
9.991E-05 9.991E-05 0.0392416 9.991E-05 9.991E-05 9.991E-05 9.991E-05 9.991E-05 9.991E-05 0.0600409 0.899718 9.991E-05 9.991E-05
9.99372E-05 0.188802 9.99372E-05 0.22092 0.174054 0.350067 0.0386883 9.99372E-05 0.0267701 9.99372E-05 9.99372E-05 9.99372E-05 9.99372E-05
0.160227 9.99281E-05 9.99281E-05 0.204184 0.0741898 0.476335 9.99281E-05 9.99281E-05 0.0842642 9.99281E-05 9.99281E-05 9.99281E-05 9.99281E-05
9.99462E-05 0.0131216 0.110614 9.99462E-05 9.99462E-05 9.99462E-05 0.374715 0.0366288 0.0203728 9.99462E-05 0.0666752 9.99462E-05 0.377273
