9.99099E-05 9.99099E-05 9.99099E-05 9.99099E-05 9.99099E-05 9.99099E-05 0.0482426 9.99099E-05 9.99099E-05 9.99099E-05 0.000177268 9.99099E-05 0.950581
9.99279E-05 0.711672 9.99279E-05 9.99279E-05 0.0938448 9.99279E-05 0.0106912 9.99279E-05 9.99279E-05 9.99279E-05 9.99279E-05 0.139252 0.0437409
9.993E-05 9.993E-05 0.04583 9.993E-05 9.993E-05 0.0535078 9.993E-05 0.0280631 0.162388 9.993E-05 0.0427253 0.666786 9.993E-05
9.99101E-05 9.99101E-05 9.99101E-05 9.99101E-05 0.0189706 9.99101E-05 9.99101E-05 9.99101E-05 9.99101E-05 9.99101E-05 0.0249062 0.955124 9.99101E-05
9.99641E-05 0.1197 9.99641E-05 0.0362642 0.0423264 0.072842 0.190491 9.99641E-05 0.106148 0.0637038 9.99641E-05 0.336276 0.0318487
9.991E-05 9.991E-05 9.991E-05 9.991E-05 0.0299583 0.036401 9.991E-05 9.991E-05 9.991E-05 9.991E-05 9.991E-05 0.932642 9.991E-05
9.99193E-05 0.0025791 0.0697408 0.651009 9.99193E-05 9.99193E-05 9.99193E-05 9.99193E-05 0.275771 9.99193E-05 9.99193E-05 9.99193E-05 9.99193E-05
9.99369E-05 0.0892638 9.99369E-05 9.99369E-05 9.99369E-05 0.276519 0.0942182 9.99369E-05 0.373929 0.0872291 9.99369E-05 0.0781413 9.99369E-05
9.99191E-05 0.151343 0.007838 0.640486 9.99191E-05 9.99191E-05 9.99191E-05 9.99191E-05 0.199435 9.99191E-05 9.99191E-05 9.99191E-05 9.99191E-05
9.99013E-05 9.99013E-05 9.99013E-05 9.99013E-05 9.99013E-05 0.0235472 0.975354 9.99013E-05 9.99013E-05 9.99013E-05 9.99013E-05 9.99013E-05 9.99013E-05
9.99013E-05 9.99013E-05 9.99013E-05 0.0129182 9.99013E-05 9.99013E-05 0.985983 9.99013E-05 9.99013E-05 9.99013E-05 9.99013E-05 9.99013E-05 9.99013E-05
9.9928E-05 9.9928E-05 0.191805 0.0312282 9.9928E-05 9.9928E-05 9.9928E-05 9.9928E-05 0.0229979 9.9928E-05 0.0919267 9.9928E-05 0.661242
9.99102E-05 9.99102E-05 0.965939 9.99102E-05 9.99102E-05 0.019499 9.99102E-05 9.99102E-05 0.0135627 9.99102E-05 9.99102E-05 9.99102E-05 9.99102E-05
0.0013808 9.99191E-05 9.99191E-05 9.99191E-05 0.0565647 9.99191E-05 9.99191E-05 0.0158446 9.99191E-05 9.99191E-05 9.99191E-05 0.925311 9.99191E-05
9.99101E-05 9.99101E-05 9.99101E-05 9.99101E-05 9.99101E-05 9.99101E-05 0.000848719 9.99101E-05 9.99101E-05 9.99101E-05 9.99101E-05 0.94722 0.0509321
9.99369E-05 9.99369E-05 0.139007 0.655103 0.0762562 9.99369E-05 0.0925464 9.99369E-05 9.99369E-05 9.99369E-05 0.00815616 9.99369E-05 0.0282314
9.99008E-05 9.99008E-05 9.99008E-05 9.99008E-05 0.921644 9.99008E-05 0.0772573 9.99008E-05 9.99008E-05 9.99008E-05 9.99008E-05 9.99008E-05 9.99008E-05
0.0372663 0.091382 9.99459E-05 0.0501398 9.99459E-05 9.99459E-05 0.070827 0.686873 9.99459E-05 0.0131148 9.99459E-05 9.99459E-05 0.0497972
0.107546 9.99101E-05 9.99101E-05 9.99101E-05 9.99101E-05 9.99101E-05 9.99101E-05 0.85672 9.99101E-05 9.99101E-05 0.034735 9.99101E-05 9.99101E-05
9.99279E-05 9.99279E-05 9.99279E-05 0.211102 0.0562701 9.99279E-05 0.552425 9.99279E-05 9.99279E-05 9.99279E-05 0.0412622 9.99279E-05 0.138141
0.0179464 9.99101E-05 9.99101E-05 9.99101E-05 9.99101E-05 9.99101E-05 9.99101E-05 0.980625 0.000429063 9.99101E-05 9.99101E-05 9.99101E-05 9.99101E-05
9.99369E-05 0.00942996 0.0475428 0.175483 0.098033 9.99369E-05 0.130462 9.99369E-05 9.99369E-05 9.99369E-05 9.99369E-05 9.99369E-05 0.538349
9.9928E-05 9.9928E-05 9.9928E-05 9.9928E-05 0.206446 0.0162623 0.214691 0.423254 9.9928E-05 9.9928E-05 0.138546 9.9928E-05 9.9928E-05
9.99009E-05 9.99009E-05 9.99009E-05 9.99009E-05 9.99009E-05 9.99009E-05 0.0733945 0.925507 9.99009E-05 9.99009E-05 9.99009E-05 9.99009E-05 9.99009E-05
9.99102E-05 9.99102E-05 9.99102E-05 9.99102E-05 9.99102E-05 9.99102E-05 9.99102E-05 9.99102E-05 0.00187701 0.0244895 9.99102E-05 0.972634 9.99102E-05
9.98923E-05 9.98923E-05 9.98923E-05 9.98923E-05 9.98923E-05 9.98923E-05 9.98923E-05 9.98923E-05 9.98923E-05 9.98923E-05 9.98923E-05 0.998801 9.98923E-05
9.99279E-05 9.99279E-05 0.807442 9.99279E-05 0.0156182 9.99279E-05 0.0824358 9.99279E-05 9.99279E-05 9.99279E-05 0.0510377 9.99279E-05 0.0426666
9.9919E-05 9.9919E-05 9.9919E-05 9.9919E-05 9.9919E-05 0.0227946 9.9919E-05 9.9919E-05 0.00322608 0.0578566 9.9919E-05 0.915223 9.9919E-05
9.9937E-05 0.0340333 0.000220458 0.00616359 9.9937E-05 0.00838138 9.9937E-05 9.9937E-05 9.9937E-05 0.0611538 9.9937E-05 0.889348 9.9937E-05
0.000688375 9.99371E-05 9.99371E-05 9.99371E-05 9.99371E-05 0.480638 9.99371E-05 9.99371E-05 9.99371E-05 0.0672936 0.0137445 0.38595 0.0509865
9.99099E-05 9.99099E-05 9.99099E-05 9.99099E-05 0.000136603 0.956289 9.99099E-05 9.99099E-05 9.99099E-05 9.99099E-05 9.99099E-05 0.042575 9.99099E-05
9.98923E-05 0.998801 9.98923E-05 9.98923E-05 9.98923E-05 9.98923E-05 9.98923E-05 9.98923E-05 9.98923E-05 9.98923E-05 9.98923E-05 9.98923E-05 9.98923E-05
9.99191E-05 9.99191E-05 9.99191E-05 9.99191E-05 0.00794939 0.00875184 9.99191E-05 9.99191E-05 0.13953 9.99191E-05 9.99191E-05 0.842869 9.99191E-05
9.99371E-05 0.00857515 9.99371E-05 9.99371E-05 9.99371E-05 0.0387635 0.00532287 9.99371E-05 0.212345 0.733688 9.99371E-05 0.000606078 9.99371E-05
9.99367E-05 9.99367E-05 0.504019 9.99367E-05 0.302809 0.0472252 0.0313263 9.99367E-05 9.99367E-05 9.99367E-05 0.0793545 9.99367E-05 0.0345671
9.99189E-05 0.0298756 9.99189E-05 9.99189E-05 9.99189E-05 9.99189E-05 9.99189E-05 9.99189E-05 0.0292574 9.99189E-05 9.99189E-05 0.923469 0.0164989
9.991E-05 9.991E-05 9.991E-05 9.991E-05 0.0132788 9.991E-05 9.991E-05 9.991E-05 0.0416551 9.991E-05 9.991E-05 9.991E-05 0.944067
0.0181114 0.179884 9.99369E-05 9.99369E-05 0.0109392 9.99369E-05 0.639194 9.99369E-05 0.0516587 9.99369E-05 9.99369E-05 9.99369E-05 0.0995127
9.98919E-05 9.98919E-05 9.98919E-05 9.98919E-05 0.998801 9.98919E-05 9.98919E-05 9.98919E-05 9.98919E-05 9.98919E-05 9.98919E-05 9.98919E-05 9.98919E-05
0.0140844 9.99368E-05 9.99368E-05 0.144697 0.153688 9.99368E-05 0.326543 9.99368E-05 9.99368E-05 9.99368E-05 9.99368E-05 0.105408 0.254881
0.0115214 0.0118853 9.99549E-05 0.157979 0.0995365 9.99549E-05 0.354337 9.99549E-05 9.99549E-05 9.99549E-05 0.000112943 0.0526819 0.311446
0.00252538 9.99189E-05 9.99189E-05 9.99189E-05 0.0216167 9.99189E-05 0.943585 9.99189E-05 9.99189E-05 9.99189E-05 9.99189E-05 9.99189E-05 0.0313733
0.00491991 9.99279E-05 0.0206248 0.850325 9.99279E-05 9.99279E-05 0.0602 9.99279E-05 9.99279E-05 9.99279E-05 9.99279E-05 9.99279E-05 0.0631305
9.9928E-05 9.9928E-05 0.0257535 9.9928E-05 0.0189764 9.9928E-05 0.93957 9.9928E-05 9.9928E-05 9.9928E-05 0.00963096 9.9928E-05 0.00526952
9.99459E-05 0.0449156 0.143188 0.0467524 9.99459E-05 9.99459E-05 0.484667 0.133108 9.99459E-05 9.99459E-05 0.0904351 9.99459E-05 0.0563342
0.0755682 0.0110778 0.0531013 0.0311451 9.9973E-05 0.000505587 0.52045 9.9973E-05 9.9973E-05 0.00366439 0.0366595 0.0937747 0.173753
0.0212447 9.9955E-05 0.135946 9.9955E-05 0.285129 0.0355547 0.218077 9.9955E-05 9.9955E-05 0.0694779 9.9955E-05 0.0210033 0.213067
9.98928E-05 9.98928E-05 9.98928E-05 9.98928E-05 9.98928E-05 9.98928E-05 9.98928E-05 9.98928E-05 9.98928E-05 9.98928E-05 9.98928E-05 9.98928E-05 0.998801
9.98921E-05 9.98921E-05 9.98921E-05 9.98921E-05 9.98921E-05 9.98921E-05 9.98921E-05 9.98921E-05 9.98921E-05 0.998801 9.98921E-05 9.98921E-05 9.98921E-05
9.99011E-05 9.99011E-05 9.99011E-05 9.99011E-05 0.00405305 9.99011E-05 9.99011E-05 9.99011E-05 9.99011E-05 0.994848 9.99011E-05 9.99011E-05 9.99011E-05
9.99011E-05 9.99011E-05 9.99011E-05 9.99011E-05 9.99011E-05 9.99011E-05 9.99011E-05 9.99011E-05 9.99011E-05 0.994369 0.00453213 9.99011E-05 9.99011E-05
9.98922E-05 9.98922E-05 9.98922E-05 9.98922E-05 9.98922E-05 9.98922E-05 9.98922E-05 9.98922E-05 9.98922E-05 0.998801 9.98922E-05 9.98922E-05 9.98922E-05
9.98922E-05 9.98922E-05 9.98922E-05 9.98922E-05 9.98922E-05 9.98922E-05 9.98922E-05 9.98922E-05 9.98922E-05 0.998801 9.98922E-05 9.98922E-05 9.98922E-05
9.99461E-05 0.0143933 9.99461E-05 0.167536 9.99461E-05 0.246348 9.99461E-05 0.027706 0.110318 0.385942 9.99461E-05 0.0471575 9.99461E-05
9.9937E-05 0.0595173 0.00672609 9.9937E-05 9.9937E-05 9.9937E-05 0.00105998 9.9937E-05 9.9937E-05 0.915627 0.00426488 9.9937E-05 0.012105
9.99098E-05 9.99098E-05 0.00762715 0.16469 9.99098E-05 9.99098E-05 9.99098E-05 9.99098E-05 9.99098E-05 9.99098E-05 9.99098E-05 9.99098E-05 0.826684
9.99279E-05 0.915842 0.00657119 0.020552 9.99279E-05 9.99279E-05 9.99279E-05 9.99279E-05 9.99279E-05 0.0480635 9.99279E-05 9.99279E-05 0.00817214
0.00915176 0.00636112 9.991E-05 9.991E-05 9.991E-05 9.991E-05 9.991E-05 9.991E-05 9.991E-05 9.991E-05 9.991E-05 0.983488 9.991E-05
9.9937E-05 0.0074497 0.857854 0.0620077 9.9937E-05 9.9937E-05 9.9937E-05 9.9937E-05 9.9937E-05 0.00381808 0.0189318 9.9937E-05 0.0492389
9.9928E-05 9.9928E-05 0.0866007 0.762802 0.00013494 9.9928E-05 9.9928E-05 9.9928E-05 9.9928E-05 9.9928E-05 0.0264265 9.9928E-05 0.123237
9.99013E-05 9.99013E-05 0.983725 9.99013E-05 9.99013E-05 9.99013E-05 9.99013E-05 9.99013E-05 0.0151763 9.99013E-05 9.99013E-05 9.99013E-05 9.99013E-05
9.99009E-05 9.99009E-05 0.922943 9.99009E-05 9.99009E-05 9.99009E-05 0.0759583 9.99009E-05 9.99009E-05 9.99009E-05 9.99009E-05 9.99009E-05 9.99009E-05
9.99189E-05 9.99189E-05 0.821717 9.99189E-05 9.99189E-05 9.99189E-05 0.0930359 0.00884482 9.99189E-05 9.99189E-05 0.0755025 9.99189E-05 9.99189E-05
0.998801 9.98921E-05 9.98921E-05 9.98921E-05 9.98921E-05 9.98921E-05 9.98921E-05 9.98921E-05 9.98921E-05 9.98921E-05 9.98921E-05 9.98921E-05 9.98921E-05
9.99015E-05 9.99015E-05 9.99015E-05 9.99015E-05 9.99015E-05 9.99015E-05 9.99015E-05 9.99015E-05 9.99015E-05 9.99015E-05 0.0026801 0.996221 9.99015E-05
0.0136454 9.9973E-05 9.9973E-05 0.158371 0.0255339 9.9973E-05 0.0814062 0.0449014 0.211316 0.00813237 0.0962033 0.20693 0.15326
9.99193E-05 9.99193E-05 0.0230102 9.99193E-05 9.99193E-05 9.99193E-05 9.99193E-05 9.99193E-05 0.0761918 9.99193E-05 0.00866146 0.891237 9.99193E-05
9.9928E-05 0.000568631 9.9928E-05 9.9928E-05 0.0547805 0.0532072 9.9928E-05 9.9928E-05 9.9928E-05 0.0183287 9.9928E-05 0.872316 9.9928E-05
9.99369E-05 0.0138994 9.99369E-05 0.033119 9.99369E-05 0.0394414 9.99369E-05 9.99369E-05 0.0876302 0.0292149 9.99369E-05 0.795996 9.99369E-05
9.99371E-05 0.0467173 9.99371E-05 0.0338547 9.99371E-05 9.99371E-05 9.99371E-05 0.00791235 0.0244231 0.000372391 9.99371E-05 0.886021 9.99371E-05
9.99191E-05 9.99191E-05 9.99191E-05 9.99191E-05 9.99191E-05 0.230818 0.00960305 9.99191E-05 9.99191E-05 9.99191E-05 9.99191E-05 0.722681 0.0359983
9.9919E-05 9.9919E-05 9.9919E-05 9.9919E-05 0.00651014 9.9919E-05 9.9919E-05 9.9919E-05 0.0172097 0.0153682 9.9919E-05 0.960013 9.9919E-05
9.99188E-05 9.99188E-05 9.99188E-05 9.99188E-05 0.0119467 9.99188E-05 9.99188E-05 9.99188E-05 0.888213 0.090016 9.99188E-05 0.00892463 9.99188E-05
0.00322781 9.99098E-05 0.0114429 9.99098E-05 9.99098E-05 9.99098E-05 9.99098E-05 9.99098E-05 0.98433 9.99098E-05 9.99098E-05 9.99098E-05 9.99098E-05
9.99371E-05 9.99371E-05 0.0043627 9.99371E-05 9.99371E-05 9.99371E-05 0.00794031 0.00640961 9.99371E-05 9.99371E-05 0.00713499 0.966429 0.00702418
9.99188E-05 9.99188E-05 9.99188E-05 0.89799 0.0395383 9.99188E-05 9.99188E-05 9.99188E-05 9.99188E-05 9.99188E-05 0.0422215 9.99188E-05 0.0193506
9.99098E-05 9.99098E-05 9.99098E-05 0.930647 9.99098E-05 9.99098E-05 9.99098E-05 9.99098E-05 9.99098E-05 0.0133245 0.0550297 9.99098E-05 9.99098E-05
9.99011E-05 9.99011E-05 9.99011E-05 9.99011E-05 9.99011E-05 9.99011E-05 9.99011E-05 9.99011E-05 9.99011E-05 9.99011E-05 0.993633 9.99011E-05 0.00526786
9.99012E-05 9.99012E-05 9.99012E-05 9.99012E-05 9.99012E-05 9.99012E-05 9.99012E-05 9.99012E-05 9.99012E-05 9.99012E-05 0.99851 9.99012E-05 0.000391071
9.99459E-05 0.0453984 0.0211462 0.0447234 9.99459E-05 9.99459E-05 0.83209 9.99459E-05 0.0186564 9.99459E-05 9.99459E-05 0.000195416 0.0371901
9.9928E-05 0.02914 0.0574423 0.0768994 9.9928E-05 9.9928E-05 0.812883 9.9928E-05 9.9928E-05 9.9928E-05 9.9928E-05 9.9928E-05 0.0228359
9.99012E-05 9.99012E-05 9.99012E-05 9.99012E-05 9.99012E-05 9.99012E-05 9.99012E-05 9.99012E-05 0.00562328 9.99012E-05 0.993278 9.99012E-05 9.99012E-05
9.98922E-05 9.98922E-05 9.98922E-05 9.98922E-05 9.98922E-05 9.98922E-05 9.98922E-05 9.98922E-05 9.98922E-05 9.98922E-05 0.998801 9.98922E-05 9.98922E-05
9.99099E-05 9.99099E-05 0.0292731 0.0468337 9.99099E-05 9.99099E-05 9.99099E-05 9.99099E-05 9.99099E-05 9.99099E-05 9.99099E-05 9.99099E-05 0.922894
0.0381418 0.0255221 0.142876 0.494654 9.99459E-05 9.99459E-05 0.189823 0.0319223 9.99459E-05 9.99459E-05 9.99459E-05 9.99459E-05 0.0764616
9.9901E-05 0.938675 9.9901E-05 9.9901E-05 9.9901E-05 9.9901E-05 9.9901E-05 9.9901E-05 9.9901E-05 0.0602257 9.9901E-05 9.9901E-05 9.9901E-05
9.99372E-05 9.99372E-05 0.213165 9.99372E-05 0.339273 9.99372E-05 0.245603 0.0963767 9.99372E-05 9.99372E-05 0.0853339 0.0195485 9.99372E-05
9.99282E-05 9.99282E-05 0.308396 9.99282E-05 0.344323 9.99282E-05 9.99282E-05 0.0569062 9.99282E-05 9.99282E-05 0.128628 9.99282E-05 0.160947
9.9892E-05 9.9892E-05 9.9892E-05 9.9892E-05 9.9892E-05 0.998801 9.9892E-05 9.9892E-05 9.9892E-05 9.9892E-05 9.9892E-05 9.9892E-05 9.9892E-05
