0.980333 0.0194674 9.9982E-05 9.9982E-05
0.364601 0.338424 0.296875 9.9991E-05
0.089328 0.0672801 0.813577 0.0298151
9.998E-05 9.998E-05 0.9997 9.998E-05
0.206128 0.367963 0.425809 9.9991E-05
9.9982E-05 9.9982E-05 0.998897 0.000903392
0.504471 0.481233 0.0141952 9.99911E-05
0.069396 0.517643 0.412862 9.9991E-05
0.47637 0.52343 9.99821E-05 9.99821E-05
0.837262 0.162539 9.9982E-05 9.9982E-05
0.857378 0.142422 9.9982E-05 9.9982E-05
0.921126 9.9982E-05 0.0786742 9.9982E-05
0.956543 9.99822E-05 0.0432571 9.99822E-05
9.9982E-05 9.9982E-05 0.981256 0.0185437
9.9982E-05 9.9982E-05 0.99705 0.00274957
0.902319 0.0961301 0.00145117 9.9991E-05
0.798667 9.9991E-05 0.0461874 0.155046
0.16577 0.133314 9.9991E-05 0.700815
9.998E-05 9.998E-05 9.998E-05 0.9997
0.961449 0.0383512 9.9982E-05 9.9982E-05
9.998E-05 9.998E-05 9.998E-05 0.9997
0.993754 0.00604575 9.9982E-05 9.9982E-05
0.307791 0.0818206 0.0556794 0.554709
0.0067227 9.9982E-05 9.9982E-05 0.993077
9.998E-05 9.998E-05 0.9997 9.998E-05
9.998E-05 9.998E-05 0.9997 9.998E-05
0.9997 9.998E-05 9.998E-05 9.998E-05
9.9982E-05 0.0684693 0.931331 9.9982E-05
9.9982E-05 0.104577 0.895224 9.9982E-05
9.9991E-05 0.245223 0.723233 0.0314436
9.9991E-05 0.297782 0.67944 0.0226781
0.249987 0.698071 0.0518425 9.99911E-05
9.998E-05 9.998E-05 0.9997 9.998E-05
9.9982E-05 0.871803 0.127997 9.9982E-05
0.901966 9.9982E-05 0.0978337 9.9982E-05
0.0129967 9.9982E-05 0.986803 9.9982E-05
0.907341 9.9982E-05 0.0924586 9.9982E-05
0.768751 0.20927 0.00247627 0.0195024
0.649422 9.9991E-05 0.194176 0.156302
0.84711 9.99819E-05 0.15269 9.99819E-05
0.900571 0.0340595 0.0652692 9.9991E-05
0.93625 0.0554908 9.9991E-05 0.00815886
0.920602 0.0791975 9.9982E-05 9.9982E-05
0.905889 0.0923243 9.9991E-05 0.00168713
0.756095 0.0861121 9.9991E-05 0.157692
0.79695 0.109069 0.0464308 0.0475506
0.813895 0.0739293 0.108023 0.00415267
0.976328 0.00404304 9.99911E-05 0.0195293
9.998E-05 0.9997 9.998E-05 9.998E-05
9.998E-05 0.9997 9.998E-05 9.998E-05
9.998E-05 0.9997 9.998E-05 9.998E-05
9.998E-05 0.9997 9.998E-05 9.998E-05
9.998E-05 0.9997 9.998E-05 9.998E-05
0.0916043 0.64632 0.240705 0.0213714
9.998E-05 0.9997 9.998E-05 9.998E-05
0.9997 9.998E-05 9.998E-05 9.998E-05
0.290369 0.650665 0.058866 9.9991E-05
9.9982E-05 0.00325767 0.996542 9.9982E-05
0.9997 9.998E-05 9.998E-05 9.998E-05
0.884757 0.00837589 0.106767 9.9991E-05
0.996812 9.99822E-05 0.00298828 9.99822E-05
0.975136 9.9982E-05 0.0246644 9.9982E-05
0.985571 9.9982E-05 9.9982E-05 0.014229
0.0446744 0.0595759 9.9991E-05 0.89565
9.998E-05 9.998E-05 0.9997 9.998E-05
0.478439 0.257128 0.214351 0.0500817
0.0039167 0.0537678 0.942215 9.9991E-05
0.0137253 0.0342669 0.951908 9.9991E-05
0.0116375 0.124505 0.863758 9.9991E-05
9.9991E-05 0.0678638 0.928407 0.00362878
0.0371967 9.9982E-05 0.962603 9.9982E-05
0.0254819 9.9982E-05 0.974318 9.9982E-05
9.99821E-05 0.548892 0.450908 9.99821E-05
0.0225301 0.458235 0.493387 0.0258477
0.00703242 0.00499179 0.987876 9.9991E-05
0.802924 0.165944 0.0310322 9.9991E-05
0.799883 0.142885 0.0571319 9.9991E-05
0.664625 9.9991E-05 0.137859 0.197416
0.652413 9.9991E-05 0.131745 0.215741
0.846736 0.153064 9.99819E-05 9.99819E-05
0.843937 0.155863 9.99819E-05 9.99819E-05
0.646898 0.000845531 0.160964 0.191293
0.638001 9.9991E-05 0.146046 0.215854
0.940595 0.0592051 9.9982E-05 9.9982E-05
0.893606 0.0694791 9.9991E-05 0.0368147
0.258083 0.656096 0.0857211 9.9991E-05
0.703465 9.9991E-05 0.0920622 0.204373
0.805773 9.9991E-05 0.0335773 0.16055
9.9991E-05 0.364759 0.591378 0.0437626
