9.996E-05 9.996E-05 9.996E-05 9.996E-05 9.996E-05 0.9995
9.9973E-05 9.9973E-05 9.9973E-05 0.254348 0.314262 0.43109
0.015794 0.0599122 0.10563 9.99822E-05 0.818464 9.99822E-05
9.9964E-05 0.0385878 9.9964E-05 9.9964E-05 0.961012 9.9964E-05
9.99731E-05 9.99731E-05 9.99731E-05 0.256396 0.480975 0.262329
0.000207185 9.9964E-05 9.9964E-05 9.9964E-05 0.999393 9.9964E-05
9.99642E-05 9.99642E-05 0.571894 0.427706 9.99642E-05 9.99642E-05
9.9982E-05 0.0213562 9.9982E-05 0.465314 0.403753 0.109376
9.99821E-05 9.99821E-05 0.471499 0.424731 0.0045916 0.0989782
9.9982E-05 0.0892213 0.023408 0.120604 9.9982E-05 0.766566
9.9982E-05 0.0830326 0.0681172 0.083796 9.9982E-05 0.764854
9.9982E-05 0.115894 0.193933 9.9982E-05 0.0270561 0.662918
9.996E-05 9.996E-05 0.9995 9.996E-05 9.996E-05 9.996E-05
0.0164466 0.00220255 9.9982E-05 9.9982E-05 0.969914 0.0112373
0.012241 9.9973E-05 9.9973E-05 9.9973E-05 0.965729 0.02173
9.9982E-05 9.9982E-05 0.3125 0.0416263 0.0335507 0.612123
0.0832311 0.371726 0.146275 9.9982E-05 9.9982E-05 0.398568
0.723772 9.99729E-05 9.99729E-05 0.0515285 9.99729E-05 0.224399
0.917315 0.0822851 9.9964E-05 9.9964E-05 9.9964E-05 9.9964E-05
9.9973E-05 0.112276 0.0500026 9.9973E-05 9.9973E-05 0.837421
0.9995 9.996E-05 9.996E-05 9.996E-05 9.996E-05 9.996E-05
9.9964E-05 9.9964E-05 0.0351916 9.9964E-05 9.9964E-05 0.964409
0.40616 0.393625 9.9982E-05 0.0668058 9.9982E-05 0.13321
0.915427 0.084173 9.9964E-05 9.9964E-05 9.9964E-05 9.9964E-05
9.9964E-05 9.9964E-05 9.9964E-05 0.0153476 0.984253 9.9964E-05
9.996E-05 9.996E-05 9.996E-05 9.996E-05 0.9995 9.996E-05
9.99729E-05 0.0896386 0.79508 9.99729E-05 9.99729E-05 0.114981
9.9964E-05 9.9964E-05 9.9964E-05 0.079402 0.920198 9.9964E-05
9.9973E-05 9.9973E-05 0.00244133 0.114766 0.882493 9.9973E-05
0.0176993 0.0311366 0.0118656 0.223809 0.71539 9.9991E-05
9.9973E-05 0.0233543 9.9973E-05 0.348858 0.627488 9.9973E-05
9.99731E-05 9.99731E-05 9.99731E-05 0.546681 0.122528 0.330491
9.996E-05 9.996E-05 9.996E-05 9.996E-05 0.9995 9.996E-05
9.9964E-05 9.9964E-05 9.9964E-05 0.914699 0.0849007 9.9964E-05
9.99819E-05 0.229198 0.558894 9.99819E-05 0.0386323 0.173076
9.99639E-05 9.99639E-05 0.00347627 9.99639E-05 0.996124 9.99639E-05
9.99642E-05 9.99642E-05 9.99642E-05 9.99642E-05 0.0678015 0.931799
0.0166463 0.00233585 9.9991E-05 0.151273 0.0191288 0.810516
0.0690754 0.414149 0.134419 9.9991E-05 0.142113 0.240143
9.9973E-05 0.0276329 9.9973E-05 9.9973E-05 0.137144 0.834923
0.00581527 0.0108661 9.9982E-05 9.9982E-05 0.0717945 0.911324
0.0204423 0.102185 9.9973E-05 9.9973E-05 9.9973E-05 0.877073
9.9973E-05 9.9973E-05 0.268278 0.0376328 9.9973E-05 0.69379
9.9982E-05 0.1157 0.011089 0.0275233 9.9982E-05 0.845488
0.107978 0.173748 0.149409 0.00289204 9.9991E-05 0.565874
0.0458087 0.0675994 0.0312502 0.0241493 0.0846088 0.746584
9.9991E-05 0.173125 0.179846 0.0499645 0.120778 0.476187
0.0187321 9.99644E-05 9.99644E-05 9.99644E-05 9.99644E-05 0.980868
9.996E-05 9.996E-05 9.996E-05 0.9995 9.996E-05 9.996E-05
0.000453636 9.99639E-05 9.99639E-05 0.999147 9.99639E-05 9.99639E-05
9.9964E-05 0.000907909 9.9964E-05 0.998692 9.9964E-05 9.9964E-05
9.996E-05 9.996E-05 9.996E-05 0.9995 9.996E-05 9.996E-05
9.996E-05 9.996E-05 9.996E-05 0.9995 9.996E-05 9.996E-05
0.0267519 9.9991E-05 0.0255699 0.641755 0.201429 0.104395
9.99639E-05 0.00571265 9.99639E-05 0.993887 9.99639E-05 9.99639E-05
9.9964E-05 9.9964E-05 0.0178975 9.9964E-05 9.9964E-05 0.981703
9.9982E-05 9.9982E-05 0.00690045 0.510753 0.142449 0.339697
9.996E-05 9.996E-05 9.996E-05 9.996E-05 0.9995 9.996E-05
9.9991E-05 0.0622627 0.88544 0.0121366 0.0010215 0.039039
9.9973E-05 9.9973E-05 0.320069 9.9973E-05 0.071059 0.608572
9.996E-05 9.996E-05 0.9995 9.996E-05 9.996E-05 9.996E-05
9.99729E-05 0.0102473 0.890266 9.99729E-05 9.99729E-05 0.099187
0.00509607 0.0944949 0.880827 9.99819E-05 9.99819E-05 0.0193824
0.900487 9.99731E-05 9.99731E-05 0.013216 9.99731E-05 0.0859967
9.996E-05 9.996E-05 9.996E-05 9.996E-05 0.9995 9.996E-05
0.114401 0.119731 0.115379 0.139394 0.316567 0.194528
9.99731E-05 9.99731E-05 0.00592666 0.019072 0.974701 9.99731E-05
9.9973E-05 9.9973E-05 9.9973E-05 0.0203178 0.973598 0.00578425
9.9973E-05 9.9973E-05 0.0199714 0.108014 0.871715 9.9973E-05
9.9973E-05 9.9973E-05 0.0108282 0.068189 0.920683 9.9973E-05
9.9982E-05 0.00732458 9.9982E-05 0.016688 0.892658 0.0831297
9.9973E-05 9.9973E-05 0.00830904 9.9973E-05 0.989699 0.00169176
9.99642E-05 9.99642E-05 9.99642E-05 0.496815 0.502785 9.99642E-05
9.99732E-05 9.99732E-05 0.166673 0.343678 0.48935 9.99732E-05
0.00053554 0.00460823 9.9982E-05 9.9982E-05 0.97958 0.0150761
9.9991E-05 0.0686617 0.12398 0.0618851 0.0952444 0.650129
9.9991E-05 0.0306883 0.145581 0.113691 0.0560209 0.653918
9.996E-05 0.9995 9.996E-05 9.996E-05 9.996E-05 9.996E-05
9.996E-05 0.9995 9.996E-05 9.996E-05 9.996E-05 9.996E-05
9.99729E-05 0.0508589 9.99729E-05 0.101747 9.99729E-05 0.847095
0.0079234 0.0278184 0.056672 0.0682213 9.9991E-05 0.839265
9.996E-05 0.9995 9.996E-05 9.996E-05 9.996E-05 9.996E-05
9.996E-05 0.9995 9.996E-05 9.996E-05 9.996E-05 9.996E-05
9.9964E-05 9.9964E-05 0.0525622 9.9964E-05 9.9964E-05 0.947038
0.0586002 9.9982E-05 0.279942 0.0247316 9.9982E-05 0.636526
9.9982E-05 9.9982E-05 0.015618 0.580064 0.0803344 0.323783
0.108717 0.298261 0.304054 9.9991E-05 0.0323457 0.256523
0.0673153 0.337317 0.391 9.9982E-05 9.9982E-05 0.204168
0.0249257 0.0389843 0.00169458 0.359547 0.574748 9.9991E-05
