9.996E-05 9.996E-05 0.9995 9.996E-05 9.996E-05 9.996E-05
0.239342 9.9973E-05 0.438914 0.321445 9.9973E-05 9.9973E-05
0.000763075 0.0218254 9.99911E-05 0.839413 0.112119 0.0257797
9.9964E-05 9.9964E-05 9.9964E-05 0.968475 9.9964E-05 0.0311247
0.266837 9.99731E-05 0.301489 0.431375 9.99731E-05 9.99731E-05
9.9964E-05 9.9964E-05 0.00349574 0.996104 9.9964E-05 9.9964E-05
0.352546 9.99731E-05 9.99731E-05 0.00883539 0.638319 9.99731E-05
0.4279 9.9991E-05 0.0941832 0.452279 0.000944207 0.0245945
0.433053 9.9982E-05 0.0486161 0.000647182 0.517484 9.9982E-05
0.110666 9.99821E-05 0.802444 9.99821E-05 0.0202538 0.0664355
0.0594062 9.9982E-05 0.822156 9.9982E-05 0.0709602 0.0472777
9.9982E-05 9.9982E-05 0.623018 0.0638477 0.191249 0.121686
9.996E-05 9.996E-05 9.996E-05 9.996E-05 0.9995 9.996E-05
9.9982E-05 0.0199113 0.0141725 0.955261 9.9982E-05 0.0104554
9.9964E-05 9.9964E-05 0.0652667 0.934333 9.9964E-05 9.9964E-05
0.0827471 9.9982E-05 0.507797 9.9982E-05 0.378335 0.0309211
9.9982E-05 0.0854759 0.368624 9.9982E-05 0.181737 0.363963
0.0793716 0.700701 0.219628 9.99729E-05 9.99729E-05 9.99729E-05
9.9964E-05 0.914873 9.9964E-05 9.9964E-05 9.9964E-05 0.0847274
9.9973E-05 9.9973E-05 0.828516 9.9973E-05 0.0642818 0.106902
9.996E-05 0.9995 9.996E-05 9.996E-05 9.996E-05 9.996E-05
9.9964E-05 9.9964E-05 0.886212 9.9964E-05 0.113388 9.9964E-05
0.0364206 0.418944 0.152839 9.9982E-05 9.9982E-05 0.391596
9.99639E-05 0.885773 9.99639E-05 9.99639E-05 9.99639E-05 0.113827
9.996E-05 9.996E-05 9.996E-05 0.9995 9.996E-05 9.996E-05
9.996E-05 9.996E-05 9.996E-05 0.9995 9.996E-05 9.996E-05
9.99729E-05 9.99729E-05 0.156453 9.99729E-05 0.753196 0.0900508
0.0563778 9.9964E-05 9.9964E-05 0.943222 9.9964E-05 9.9964E-05
0.0809317 9.9973E-05 9.9973E-05 0.909856 0.00891252 9.9973E-05
0.290199 0.0139622 9.99821E-05 0.656202 9.99821E-05 0.0394364
0.276461 0.00654495 9.9982E-05 0.667943 9.9982E-05 0.0488512
0.538727 9.99732E-05 0.353134 0.107839 9.99732E-05 9.99732E-05
9.996E-05 9.996E-05 9.996E-05 0.9995 9.996E-05 9.996E-05
0.897008 9.9982E-05 9.9982E-05 0.0925221 0.00807467 0.00219495
9.99819E-05 9.99819E-05 0.162738 0.0326531 0.558209 0.2462
9.99639E-05 9.99639E-05 9.99639E-05 0.984603 9.99639E-05 0.0149976
9.99642E-05 9.99642E-05 0.937009 0.062591 9.99642E-05 9.99642E-05
0.170501 0.0165421 0.797026 0.010944 0.00488775 9.9991E-05
9.9991E-05 0.0646842 0.254608 0.134024 0.164836 0.381747
9.9973E-05 9.9973E-05 0.864243 0.135118 9.9973E-05 0.00033944
9.9973E-05 9.9973E-05 0.922047 0.0739525 9.9973E-05 0.00370041
9.9982E-05 0.00301488 0.944308 9.9982E-05 0.00373376 0.0487433
0.0276067 9.9973E-05 0.657011 9.9973E-05 0.315082 9.9973E-05
0.0504042 9.9982E-05 0.821285 9.9982E-05 0.0266745 0.101436
9.9982E-05 0.118363 0.549157 9.9982E-05 0.160732 0.171548
0.0298416 0.031064 0.774579 0.0782027 0.0527519 0.0335605
0.0781687 9.9991E-05 0.483211 0.091824 0.247985 0.0987106
9.99644E-05 0.012426 0.987174 9.99644E-05 9.99644E-05 9.99644E-05
0.9995 9.996E-05 9.996E-05 9.996E-05 9.996E-05 9.996E-05
0.9995 9.996E-05 9.996E-05 9.996E-05 9.996E-05 9.996E-05
0.9995 9.996E-05 9.996E-05 9.996E-05 9.996E-05 9.996E-05
0.9995 9.996E-05 9.996E-05 9.996E-05 9.996E-05 9.996E-05
0.9995 9.996E-05 9.996E-05 9.996E-05 9.996E-05 9.996E-05
0.628085 0.0313327 0.0597573 0.224084 0.0566411 9.9991E-05
0.9995 9.996E-05 9.996E-05 9.996E-05 9.996E-05 9.996E-05
9.99641E-05 9.99641E-05 0.95924 9.99641E-05 0.0403597 9.99641E-05
0.533635 9.9982E-05 0.33803 0.126492 9.9982E-05 0.00164355
9.996E-05 9.996E-05 9.996E-05 0.9995 9.996E-05 9.996E-05
9.9973E-05 9.9973E-05 0.0535463 9.9973E-05 0.888785 0.0573689
9.9982E-05 9.9982E-05 0.533802 0.0734655 0.386604 0.00592779
9.996E-05 9.996E-05 9.996E-05 9.996E-05 0.9995 9.996E-05
9.99639E-05 9.99639E-05 0.175666 9.99639E-05 0.823934 9.99639E-05
9.99819E-05 0.0187523 0.0911445 9.99819E-05 0.814996 0.0749073
0.0291985 0.92359 0.0469112 9.99731E-05 9.99731E-05 9.99731E-05
0.0015798 9.99642E-05 9.99642E-05 0.99802 9.99642E-05 9.99642E-05
0.214876 0.0266847 0.221819 0.191597 0.202036 0.142987
0.000818693 9.99731E-05 9.99731E-05 0.960646 0.0382354 9.99731E-05
0.029097 9.9973E-05 0.0165785 0.954025 9.9973E-05 9.9973E-05
0.0946455 9.9973E-05 9.9973E-05 0.877875 0.0271798 9.9973E-05
0.0622565 0.00270705 0.0153102 0.902331 0.0172956 9.9991E-05
9.9973E-05 9.9973E-05 0.0689913 0.926019 9.9973E-05 0.00468929
9.99639E-05 9.99639E-05 9.99639E-05 0.983549 9.99639E-05 0.016051
0.45215 9.99642E-05 9.99642E-05 0.54745 9.99642E-05 9.99642E-05
0.302209 9.99732E-05 9.99732E-05 0.537303 0.160189 9.99732E-05
0.0201133 9.9982E-05 0.0214218 0.955611 0.00265387 9.9982E-05
0.0902673 9.9991E-05 0.612054 0.0907992 0.151339 0.0554406
0.10907 9.9991E-05 0.581654 0.046263 0.223809 0.0391046
9.996E-05 9.996E-05 9.996E-05 9.996E-05 9.996E-05 0.9995
9.996E-05 9.996E-05 9.996E-05 9.996E-05 9.996E-05 0.9995
0.0395837 9.9982E-05 0.875795 9.9982E-05 0.0444689 0.0399519
0.0513269 9.9982E-05 0.832848 9.9982E-05 0.100324 0.015301
9.996E-05 9.996E-05 9.996E-05 9.996E-05 9.996E-05 0.9995
9.996E-05 9.996E-05 9.996E-05 9.996E-05 9.996E-05 0.9995
9.99641E-05 9.99641E-05 0.915638 9.99641E-05 0.0839619 9.99641E-05
0.0187132 0.0443253 0.623019 0.00538574 0.308456 9.9991E-05
0.583181 9.9982E-05 0.300206 0.0884461 0.0279672 9.9982E-05
9.9991E-05 0.128335 0.235938 0.0378138 0.345954 0.251859
9.99821E-05 0.0881155 0.194426 9.99821E-05 0.400546 0.316712
0.291589 0.0337424 9.9991E-05 0.627032 0.0302368 0.0172997
