9.99009E-05 9.99009E-05 0.0623057 9.99009E-05 9.99009E-05 9.99009E-05 9.99009E-05 9.99009E-05 0.0162295 9.99009E-05 9.99009E-05 9.99009E-05 9.99009E-05 0.920366
9.99099E-05 9.99099E-05 9.99099E-05 9.99099E-05 9.99099E-05 9.99099E-05 9.99099E-05 9.99099E-05 0.102219 0.786886 9.99099E-05 9.99099E-05 0.0890782 0.0208169
0.0135794 0.149907 9.99465E-05 9.99465E-05 0.0102281 0.0211599 0.0344185 9.99465E-05 9.99465E-05 0.0417286 0.0512911 9.99465E-05 0.677087 9.99465E-05
9.99011E-05 9.99011E-05 9.99011E-05 9.99011E-05 9.99011E-05 9.99011E-05 0.0244843 9.99011E-05 9.99011E-05 9.99011E-05 9.99011E-05 0.0185456 0.955871 9.99011E-05
9.99282E-05 0.159841 0.173871 9.99282E-05 0.15458 9.99282E-05 9.99282E-05 9.99282E-05 9.99282E-05 0.168598 9.99282E-05 0.000362208 0.341948 9.99282E-05
9.9919E-05 9.9919E-05 0.00182094 0.0245908 9.9919E-05 0.0209994 9.9919E-05 9.9919E-05 0.019251 9.9919E-05 9.9919E-05 9.9919E-05 0.932439 9.9919E-05
9.98831E-05 9.98831E-05 9.98831E-05 9.98831E-05 0.998702 9.98831E-05 9.98831E-05 9.98831E-05 9.98831E-05 9.98831E-05 9.98831E-05 9.98831E-05 9.98831E-05 9.98831E-05
9.99279E-05 0.716004 0.0768447 9.99279E-05 9.99279E-05 9.99279E-05 0.00513372 9.99279E-05 9.99279E-05 0.105383 9.99279E-05 0.0335988 0.0622364 9.99279E-05
9.9901E-05 9.9901E-05 9.9901E-05 9.9901E-05 0.939859 9.9901E-05 9.9901E-05 9.9901E-05 9.9901E-05 0.0219694 9.9901E-05 0.0370723 9.9901E-05 9.9901E-05
9.9892E-05 9.9892E-05 0.852658 9.9892E-05 0.146143 9.9892E-05 9.9892E-05 9.9892E-05 9.9892E-05 9.9892E-05 9.9892E-05 9.9892E-05 9.9892E-05 9.9892E-05
9.98922E-05 9.98922E-05 0.893484 9.98922E-05 0.105317 9.98922E-05 9.98922E-05 9.98922E-05 9.98922E-05 9.98922E-05 9.98922E-05 9.98922E-05 9.98922E-05 9.98922E-05
9.99101E-05 9.99101E-05 9.99101E-05 9.99101E-05 9.99101E-05 9.99101E-05 0.120285 9.99101E-05 9.99101E-05 9.99101E-05 0.154472 9.99101E-05 0.0248416 0.699402
9.99102E-05 0.0442608 9.99102E-05 0.0428638 0.00998196 9.99102E-05 9.99102E-05 9.99102E-05 9.99102E-05 9.99102E-05 0.901894 9.99102E-05 9.99102E-05 9.99102E-05
9.99281E-05 9.99281E-05 9.99281E-05 0.00453642 9.99281E-05 0.0110864 9.99281E-05 9.99281E-05 0.0327818 0.00214351 9.99281E-05 9.99281E-05 0.940149 0.00850345
0.00757325 9.99102E-05 0.0174035 9.99102E-05 9.99102E-05 9.99102E-05 9.99102E-05 9.99102E-05 9.99102E-05 9.99102E-05 9.99102E-05 9.99102E-05 0.928646 0.0453782
9.9901E-05 9.9901E-05 9.9901E-05 0.0848489 9.9901E-05 9.9901E-05 9.9901E-05 0.771036 9.9901E-05 9.9901E-05 0.143016 9.9901E-05 9.9901E-05 9.9901E-05
9.9892E-05 9.9892E-05 0.0548345 9.9892E-05 9.9892E-05 9.9892E-05 9.9892E-05 9.9892E-05 0.943967 9.9892E-05 9.9892E-05 9.9892E-05 9.9892E-05 9.9892E-05
0.708646 9.99369E-05 0.184551 9.99369E-05 0.00151881 9.99369E-05 9.99369E-05 0.00459732 9.99369E-05 0.0456825 9.99369E-05 0.0224606 9.99369E-05 0.0318444
0.764813 9.99011E-05 9.99011E-05 9.99011E-05 9.99011E-05 0.151227 0.0828609 9.99011E-05 9.99011E-05 9.99011E-05 9.99011E-05 9.99011E-05 9.99011E-05 9.99011E-05
9.99278E-05 9.99278E-05 0.442348 0.0936282 9.99278E-05 9.99278E-05 0.0454157 0.309136 0.0387971 9.99278E-05 9.99278E-05 9.99278E-05 9.99278E-05 0.0698753
0.975867 9.98921E-05 9.98921E-05 9.98921E-05 9.98921E-05 0.0229341 9.98921E-05 9.98921E-05 9.98921E-05 9.98921E-05 9.98921E-05 9.98921E-05 9.98921E-05 9.98921E-05
9.994E-05 9.994E-05 0.0342102 0.0150903 9.994E-05 0.0207826 9.994E-05 0.324806 0.0782341 0.00316753 0.0754397 9.994E-05 9.994E-05 0.44767
0.43658 9.9928E-05 0.186539 0.0341919 9.9928E-05 9.9928E-05 0.173057 9.9928E-05 0.159342 9.9928E-05 9.9928E-05 9.9928E-05 0.00949044 9.9928E-05
0.879581 9.98919E-05 9.98919E-05 0.11922 9.98919E-05 9.98919E-05 9.98919E-05 9.98919E-05 9.98919E-05 9.98919E-05 9.98919E-05 9.98919E-05 9.98919E-05 9.98919E-05
9.98923E-05 9.98923E-05 9.98923E-05 9.98923E-05 9.98923E-05 9.98923E-05 9.98923E-05 9.98923E-05 9.98923E-05 9.98923E-05 9.98923E-05 0.0327354 0.966066 9.98923E-05
9.98922E-05 9.98922E-05 9.98922E-05 9.98922E-05 9.98922E-05 9.98922E-05 9.98922E-05 9.98922E-05 9.98922E-05 9.98922E-05 9.98922E-05 0.00941377 0.989388 9.98922E-05
9.99189E-05 9.99189E-05 0.0598285 9.99189E-05 9.99189E-05 9.99189E-05 0.0203584 9.99189E-05 0.0486352 9.99189E-05 0.825466 9.99189E-05 9.99189E-05 0.0448122
9.9901E-05 9.9901E-05 9.9901E-05 9.9901E-05 0.0139332 9.9901E-05 9.9901E-05 9.9901E-05 9.9901E-05 9.9901E-05 9.9901E-05 0.064077 0.920891 9.9901E-05
9.99101E-05 9.99101E-05 9.99101E-05 9.99101E-05 9.99101E-05 9.99101E-05 9.99101E-05 9.99101E-05 9.99101E-05 0.0308565 0.0234461 0.0688842 0.875814 9.99101E-05
9.99371E-05 0.30182 9.99371E-05 0.0272242 9.99371E-05 0.0395781 9.99371E-05 9.99371E-05 0.0032784 0.00675779 9.99371E-05 0.114192 0.50645 9.99371E-05
9.99008E-05 0.702499 9.99008E-05 0.0432599 9.99008E-05 9.99008E-05 9.99008E-05 9.99008E-05 9.99008E-05 9.99008E-05 9.99008E-05 9.99008E-05 0.253142 9.99008E-05
9.98834E-05 9.98834E-05 9.98834E-05 9.98834E-05 9.98834E-05 9.98834E-05 9.98834E-05 9.98834E-05 9.98834E-05 0.998702 9.98834E-05 9.98834E-05 9.98834E-05 9.98834E-05
9.99101E-05 0.194371 9.99101E-05 9.99101E-05 9.99101E-05 9.99101E-05 9.99101E-05 0.0137528 0.00121186 9.99101E-05 9.99101E-05 9.99101E-05 0.789665 9.99101E-05
9.99192E-05 0.242996 9.99192E-05 9.99192E-05 9.99192E-05 9.99192E-05 0.00219397 9.99192E-05 0.00133344 9.99192E-05 9.99192E-05 0.725831 9.99192E-05 0.026746
9.99367E-05 0.0477107 0.0146448 0.0632588 9.99367E-05 9.99367E-05 0.096431 9.99367E-05 0.254295 9.99367E-05 0.496731 9.99367E-05 9.99367E-05 0.0262291
9.99189E-05 0.0512163 9.99189E-05 0.00804842 0.0285833 9.99189E-05 9.99189E-05 9.99189E-05 0.00876534 9.99189E-05 9.99189E-05 9.99189E-05 0.902487 9.99189E-05
9.9901E-05 0.0351969 9.9901E-05 0.0423227 9.9901E-05 9.9901E-05 9.9901E-05 9.9901E-05 9.9901E-05 9.9901E-05 9.9901E-05 9.9901E-05 9.9901E-05 0.921381
9.99189E-05 9.99189E-05 0.618241 9.99189E-05 9.99189E-05 0.0367562 9.99189E-05 9.99189E-05 0.0426709 0.186841 9.99189E-05 9.99189E-05 9.99189E-05 0.114592
9.9892E-05 0.0259809 9.9892E-05 9.9892E-05 9.9892E-05 9.9892E-05 9.9892E-05 9.9892E-05 0.97282 9.9892E-05 9.9892E-05 9.9892E-05 9.9892E-05 9.9892E-05
9.99278E-05 9.99278E-05 0.236846 9.99278E-05 9.99278E-05 0.00657295 9.99278E-05 0.32866 0.161928 9.99278E-05 9.99278E-05 9.99278E-05 0.078041 0.187152
9.99369E-05 9.99369E-05 0.250966 9.99369E-05 9.99369E-05 9.99369E-05 0.00831398 0.311957 0.128719 0.0100472 9.99369E-05 9.99369E-05 0.0696852 0.219613
9.9919E-05 9.9919E-05 0.933448 0.0123448 9.9919E-05 9.9919E-05 9.9919E-05 0.0139514 0.0178236 9.9919E-05 9.9919E-05 9.9919E-05 9.9919E-05 0.0215332
0.00704649 9.99189E-05 9.99189E-05 9.99189E-05 0.0979028 9.99189E-05 9.99189E-05 0.783432 9.99189E-05 9.99189E-05 0.0709017 9.99189E-05 9.99189E-05 0.039818
9.99009E-05 9.99009E-05 0.857361 0.130695 9.99009E-05 9.99009E-05 9.99009E-05 9.99009E-05 9.99009E-05 9.99009E-05 0.0108455 9.99009E-05 9.99009E-05 9.99009E-05
0.0821913 9.99459E-05 0.346238 0.208237 9.99459E-05 9.99459E-05 0.0728488 0.0404415 9.99459E-05 0.0938764 0.143723 9.99459E-05 9.99459E-05 0.0118444
9.99459E-05 0.0136977 0.351864 0.252049 9.99459E-05 0.0825906 9.99459E-05 0.167888 9.99459E-05 0.0246071 9.99459E-05 9.99459E-05 0.0177727 0.0889312
9.99459E-05 9.99459E-05 0.145932 0.414198 0.0552884 9.99459E-05 9.99459E-05 9.99459E-05 0.0742431 9.99459E-05 0.0518606 0.0480545 0.0546161 0.155207
0.00288153 9.98927E-05 9.98927E-05 9.98927E-05 9.98927E-05 9.98927E-05 9.98927E-05 9.98927E-05 9.98927E-05 9.98927E-05 9.98927E-05 9.98927E-05 9.98927E-05 0.99592
9.98831E-05 9.98831E-05 9.98831E-05 9.98831E-05 9.98831E-05 9.98831E-05 9.98831E-05 9.98831E-05 9.98831E-05 9.98831E-05 9.98831E-05 0.998702 9.98831E-05 9.98831E-05
9.99011E-05 9.99011E-05 9.99011E-05 9.99011E-05 9.99011E-05 0.00656837 0.0104879 9.99011E-05 9.99011E-05 9.99011E-05 9.99011E-05 0.981845 9.99011E-05 9.99011E-05
9.99011E-05 9.99011E-05 9.99011E-05 0.0125655 9.99011E-05 9.99011E-05 9.99011E-05 9.99011E-05 9.99011E-05 0.00617357 9.99011E-05 0.980162 9.99011E-05 9.99011E-05
9.98832E-05 9.98832E-05 9.98832E-05 9.98832E-05 9.98832E-05 9.98832E-05 9.98832E-05 9.98832E-05 9.98832E-05 9.98832E-05 9.98832E-05 0.998702 9.98832E-05 9.98832E-05
9.98831E-05 9.98831E-05 9.98831E-05 9.98831E-05 9.98831E-05 9.98831E-05 9.98831E-05 9.98831E-05 9.98831E-05 9.98831E-05 9.98831E-05 0.998702 9.98831E-05 9.98831E-05
0.0436866 0.445227 9.99192E-05 9.99192E-05 9.99192E-05 9.99192E-05 9.99192E-05 0.130104 9.99192E-05 0.0608867 9.99192E-05 0.319197 9.99192E-05 9.99192E-05
9.98922E-05 9.98922E-05 9.98922E-05 9.98922E-05 9.98922E-05 9.98922E-05 9.98922E-05 9.98922E-05 9.98922E-05 0.0659359 9.98922E-05 0.932865 9.98922E-05 9.98922E-05
9.99009E-05 9.99009E-05 9.99009E-05 0.0216229 9.99009E-05 9.99009E-05 9.99009E-05 0.163586 9.99009E-05 9.99009E-05 9.99009E-05 9.99009E-05 9.99009E-05 0.813692
9.99189E-05 9.99189E-05 9.99189E-05 9.99189E-05 0.0562673 9.99189E-05 0.00829914 0.0120201 9.99189E-05 0.900704 9.99189E-05 0.0218102 9.99189E-05 9.99189E-05
9.9901E-05 9.9901E-05 9.9901E-05 9.9901E-05 9.9901E-05 9.9901E-05 9.9901E-05 9.9901E-05 0.00911088 0.00739995 9.9901E-05 9.9901E-05 0.98239 9.9901E-05
9.99191E-05 9.99191E-05 9.99191E-05 9.99191E-05 9.99191E-05 9.99191E-05 0.0382334 0.0933139 9.99191E-05 9.99191E-05 0.843767 0.00814259 9.99191E-05 0.0156443
9.99012E-05 9.99012E-05 9.99012E-05 0.0727721 9.99012E-05 9.99012E-05 9.99012E-05 0.890154 9.99012E-05 9.99012E-05 0.0359748 9.99012E-05 9.99012E-05 9.99012E-05
9.98924E-05 9.98924E-05 9.98924E-05 9.98924E-05 0.0249068 9.98924E-05 9.98924E-05 9.98924E-05 9.98924E-05 9.98924E-05 0.973895 9.98924E-05 9.98924E-05 9.98924E-05
9.9892E-05 9.9892E-05 0.066229 9.9892E-05 9.9892E-05 9.9892E-05 9.9892E-05 9.9892E-05 9.9892E-05 9.9892E-05 0.932572 9.9892E-05 9.9892E-05 9.9892E-05
9.99098E-05 9.99098E-05 0.0656081 0.0359572 9.99098E-05 9.99098E-05 0.058016 9.99098E-05 9.99098E-05 9.99098E-05 0.83942 9.99098E-05 9.99098E-05 9.99098E-05
9.9883E-05 9.9883E-05 9.9883E-05 9.9883E-05 9.9883E-05 0.998702 9.9883E-05 9.9883E-05 9.9883E-05 9.9883E-05 9.9883E-05 9.9883E-05 9.9883E-05 9.9883E-05
9.99014E-05 9.99014E-05 9.99014E-05 9.99014E-05 0.00343927 9.99014E-05 0.00841241 9.99014E-05 9.99014E-05 9.99014E-05 9.99014E-05 9.99014E-05 0.987049 9.99014E-05
0.0632514 0.0996214 0.00541804 0.13805 9.9973E-05 9.9973E-05 9.9973E-05 0.0943235 0.0219476 0.0280169 0.0791087 0.0338949 0.240152 0.195915
9.99283E-05 0.0195772 9.99283E-05 9.99283E-05 0.0124533 9.99283E-05 9.99283E-05 0.0300114 9.99283E-05 9.99283E-05 0.0105807 0.000667243 0.925911 9.99283E-05
9.9928E-05 0.0271103 9.9928E-05 9.9928E-05 0.0104503 9.9928E-05 9.9928E-05 9.9928E-05 0.0259855 9.9928E-05 9.9928E-05 0.0168367 0.888799 0.0300185
9.9919E-05 0.0739947 9.9919E-05 9.9919E-05 0.0232121 9.9919E-05 9.9919E-05 0.0467125 9.9919E-05 9.9919E-05 9.9919E-05 0.0507426 0.804439 9.9919E-05
9.99191E-05 9.99191E-05 9.99191E-05 9.99191E-05 0.0302289 9.99191E-05 9.99191E-05 0.019662 9.99191E-05 0.00808278 9.99191E-05 0.027849 0.913278 9.99191E-05
9.99191E-05 0.150843 0.0472737 0.00567056 9.99191E-05 9.99191E-05 9.99191E-05 9.99191E-05 9.99191E-05 9.99191E-05 9.99191E-05 9.99191E-05 0.768611 0.0267023
9.9892E-05 9.9892E-05 9.9892E-05 9.9892E-05 9.9892E-05 9.9892E-05 9.9892E-05 9.9892E-05 0.0450257 9.9892E-05 9.9892E-05 9.9892E-05 0.953776 9.9892E-05
9.9883E-05 0.998702 9.9883E-05 9.9883E-05 9.9883E-05 9.9883E-05 9.9883E-05 9.9883E-05 9.9883E-05 9.9883E-05 9.9883E-05 9.9883E-05 9.9883E-05 9.9883E-05
9.9901E-05 0.92588 9.9901E-05 9.9901E-05 0.0291529 9.9901E-05 9.9901E-05 9.9901E-05 9.9901E-05 9.9901E-05 0.0438683 9.9901E-05 9.9901E-05 9.9901E-05
0.00548524 9.99192E-05 9.99192E-05 9.99192E-05 9.99192E-05 9.99192E-05 0.0235534 0.0164797 9.99192E-05 9.99192E-05 9.99192E-05 0.0198218 0.933761 9.99192E-05
9.991E-05 0.0171436 9.991E-05 9.991E-05 9.991E-05 9.991E-05 9.991E-05 0.960553 9.991E-05 0.00705735 9.991E-05 0.0142467 9.991E-05 9.991E-05
9.9901E-05 0.015378 9.9901E-05 9.9901E-05 9.9901E-05 9.9901E-05 9.9901E-05 0.976026 9.9901E-05 9.9901E-05 9.9901E-05 0.00749753 9.9901E-05 9.9901E-05
9.98922E-05 9.98922E-05 9.98922E-05 9.98922E-05 9.98922E-05 9.98922E-05 0.984831 9.98922E-05 9.98922E-05 9.98922E-05 9.98922E-05 9.98922E-05 9.98922E-05 0.0139706
9.98832E-05 9.98832E-05 9.98832E-05 9.98832E-05 9.98832E-05 9.98832E-05 0.998702 9.98832E-05 9.98832E-05 9.98832E-05 9.98832E-05 9.98832E-05 9.98832E-05 9.98832E-05
9.99278E-05 9.99278E-05 0.736579 9.99278E-05 9.99278E-05 0.00787197 9.99278E-05 0.0588547 9.99278E-05 0.0785149 0.0644077 9.99278E-05 9.99278E-05 0.0529727
9.99189E-05 9.99189E-05 0.768873 9.99189E-05 9.99189E-05 0.00252957 9.99189E-05 0.096597 9.99189E-05 0.0393152 0.0917859 9.99189E-05 9.99189E-05 9.99189E-05
9.99012E-05 0.0158632 0.00960285 9.99012E-05 9.99012E-05 9.99012E-05 0.973435 9.99012E-05 9.99012E-05 9.99012E-05 9.99012E-05 9.99012E-05 9.99012E-05 9.99012E-05
9.98832E-05 9.98832E-05 9.98832E-05 9.98832E-05 9.98832E-05 9.98832E-05 0.998702 9.98832E-05 9.98832E-05 9.98832E-05 9.98832E-05 9.98832E-05 9.98832E-05 9.98832E-05
9.99009E-05 9.99009E-05 9.99009E-05 9.99009E-05 0.00915281 9.99009E-05 9.99009E-05 9.99009E-05 9.99009E-05 9.99009E-05 0.0250749 9.99009E-05 9.99009E-05 0.964673
0.0657537 9.99549E-05 0.128711 0.0172633 0.110349 0.000907406 9.99549E-05 0.464297 9.99549E-05 0.0321252 0.133647 9.99549E-05 9.99549E-05 0.0464467
9.9901E-05 9.9901E-05 9.9901E-05 9.9901E-05 0.0535859 9.9901E-05 9.9901E-05 9.9901E-05 9.9901E-05 0.9023 9.9901E-05 0.0430151 9.9901E-05 9.9901E-05
9.98828E-05 9.98828E-05 9.98828E-05 0.998702 9.98828E-05 9.98828E-05 9.98828E-05 9.98828E-05 9.98828E-05 9.98828E-05 9.98828E-05 9.98828E-05 9.98828E-05 9.98828E-05
0.00118522 9.99281E-05 9.99281E-05 0.621934 9.99281E-05 9.99281E-05 0.0111631 9.99281E-05 0.18932 9.99281E-05 0.118924 9.99281E-05 9.99281E-05 0.0566738
0.038905 0.76708 9.99101E-05 9.99101E-05 9.99101E-05 9.99101E-05 0.00935529 9.99101E-05 9.99101E-05 9.99101E-05 9.99101E-05 9.99101E-05 0.18366 9.99101E-05
