9.99009E-05 9.99009E-05 9.99009E-05 9.99009E-05 9.99009E-05 0.0127819 9.99009E-05 9.99009E-05 9.99009E-05 9.99009E-05 0.977863 9.99009E-05 0.0082559 9.99009E-05
0.00833761 9.99188E-05 9.99188E-05 9.99188E-05 9.99188E-05 9.99188E-05 9.99188E-05 0.740889 0.0970232 0.146054 0.00679702 9.99188E-05 9.99188E-05 9.99188E-05
9.9883E-05 9.9883E-05 9.9883E-05 0.998702 9.9883E-05 9.9883E-05 9.9883E-05 9.9883E-05 9.9883E-05 9.9883E-05 9.9883E-05 9.9883E-05 9.9883E-05 9.9883E-05
9.9901E-05 9.9901E-05 9.9901E-05 9.9901E-05 9.9901E-05 9.9901E-05 9.9901E-05 9.9901E-05 9.9901E-05 0.8399 9.9901E-05 9.9901E-05 0.0284631 0.130538
9.99461E-05 9.99461E-05 0.0838121 0.0604883 9.99461E-05 0.0983626 9.99461E-05 0.179232 0.0528843 0.31885 0.0523008 0.153471 9.99461E-05 9.99461E-05
9.991E-05 9.991E-05 9.991E-05 0.0133615 9.991E-05 9.991E-05 9.991E-05 9.991E-05 0.000467586 0.982744 9.991E-05 9.991E-05 0.00242758 9.991E-05
0.244595 0.231615 9.99101E-05 9.99101E-05 9.99101E-05 9.99101E-05 9.99101E-05 0.106333 9.99101E-05 9.99101E-05 9.99101E-05 0.416459 9.99101E-05 9.99101E-05
9.99459E-05 9.99459E-05 0.109953 0.00806456 9.99459E-05 0.0671369 9.99459E-05 0.0881366 9.99459E-05 0.107249 9.99459E-05 0.601982 0.00935276 0.00752496
0.346509 0.11515 9.9919E-05 9.9919E-05 9.9919E-05 0.0315373 9.9919E-05 0.156025 9.9919E-05 9.9919E-05 9.9919E-05 0.349879 9.9919E-05 9.9919E-05
9.98921E-05 9.98921E-05 9.98921E-05 9.98921E-05 9.98921E-05 0.974082 9.98921E-05 9.98921E-05 9.98921E-05 9.98921E-05 9.98921E-05 0.0247196 9.98921E-05 9.98921E-05
9.98922E-05 9.98922E-05 9.98922E-05 9.98922E-05 9.98922E-05 0.990532 9.98922E-05 9.98922E-05 9.98922E-05 9.98922E-05 9.98922E-05 0.0082693 9.98922E-05 9.98922E-05
9.9919E-05 0.127158 9.9919E-05 9.9919E-05 9.9919E-05 9.9919E-05 9.9919E-05 9.9919E-05 9.9919E-05 9.9919E-05 0.683154 0.0357819 0.131166 0.0218415
9.99011E-05 0.91927 9.99011E-05 9.99011E-05 9.99011E-05 9.99011E-05 9.99011E-05 9.99011E-05 9.99011E-05 9.99011E-05 9.99011E-05 0.0643716 9.99011E-05 0.0152599
9.9901E-05 9.9901E-05 9.9901E-05 9.9901E-05 0.0243345 9.9901E-05 9.9901E-05 0.0110589 9.9901E-05 0.963508 9.9901E-05 9.9901E-05 9.9901E-05 9.9901E-05
9.9901E-05 9.9901E-05 9.9901E-05 9.9901E-05 0.0173481 9.9901E-05 9.9901E-05 9.9901E-05 9.9901E-05 0.951811 0.0297416 9.9901E-05 9.9901E-05 9.9901E-05
0.772686 0.175721 0.0130778 9.9919E-05 9.9919E-05 0.0206051 9.9919E-05 9.9919E-05 0.0170105 9.9919E-05 9.9919E-05 9.9919E-05 9.9919E-05 9.9919E-05
9.98918E-05 9.98918E-05 9.98918E-05 9.98918E-05 9.98918E-05 0.0918078 9.98918E-05 9.98918E-05 0.906993 9.98918E-05 9.98918E-05 9.98918E-05 9.98918E-05 9.98918E-05
0.0490512 9.99368E-05 0.0243994 0.0180123 0.770662 0.0845196 9.99368E-05 0.00978368 9.99368E-05 9.99368E-05 0.0428728 9.99368E-05 9.99368E-05 9.99368E-05
9.9901E-05 9.9901E-05 9.9901E-05 9.9901E-05 0.222223 9.9901E-05 0.689538 9.9901E-05 9.9901E-05 9.9901E-05 9.9901E-05 9.9901E-05 0.0871402 9.9901E-05
0.326774 9.99189E-05 9.99189E-05 9.99189E-05 9.99189E-05 0.451354 9.99189E-05 9.99189E-05 0.0595184 9.99189E-05 0.112187 9.99189E-05 0.0492677 9.99189E-05
9.98921E-05 9.98921E-05 9.98921E-05 9.98921E-05 0.932909 9.98921E-05 0.0658925 9.98921E-05 9.98921E-05 9.98921E-05 9.98921E-05 9.98921E-05 9.98921E-05 9.98921E-05
0.236719 0.0728718 0.00847608 9.99369E-05 9.99369E-05 0.0572227 9.99369E-05 9.99369E-05 0.082359 9.99369E-05 0.540574 9.99369E-05 0.00107783 9.99369E-05
9.991E-05 9.991E-05 9.991E-05 9.991E-05 0.46103 0.188451 9.991E-05 9.991E-05 0.181001 9.991E-05 9.991E-05 9.991E-05 0.16852 9.991E-05
9.991E-05 9.991E-05 9.991E-05 9.991E-05 0.938703 0.0314804 9.991E-05 9.991E-05 0.00165023 9.991E-05 9.991E-05 9.991E-05 0.0271668 9.991E-05
9.99011E-05 9.99011E-05 9.99011E-05 0.0491281 9.99011E-05 9.99011E-05 9.99011E-05 9.99011E-05 9.99011E-05 0.250309 9.99011E-05 9.99011E-05 9.99011E-05 0.699464
9.98921E-05 9.98921E-05 9.98921E-05 9.98921E-05 9.98921E-05 9.98921E-05 9.98921E-05 9.98921E-05 9.98921E-05 0.71259 9.98921E-05 9.98921E-05 9.98921E-05 0.286212
9.99188E-05 0.764826 9.99188E-05 9.99188E-05 9.99188E-05 0.0808752 9.99188E-05 9.99188E-05 0.0369229 9.99188E-05 0.0647235 9.99188E-05 0.0517533 9.99188E-05
9.9892E-05 9.9892E-05 0.00736178 9.9892E-05 9.9892E-05 9.9892E-05 9.9892E-05 9.9892E-05 9.9892E-05 9.9892E-05 9.9892E-05 9.9892E-05 9.9892E-05 0.99144
9.99011E-05 9.99011E-05 0.000991955 0.00242083 9.99011E-05 9.99011E-05 9.99011E-05 9.99011E-05 9.99011E-05 9.99011E-05 9.99011E-05 9.99011E-05 9.99011E-05 0.995488
9.99461E-05 9.99461E-05 0.162988 0.0161051 9.99461E-05 9.99461E-05 0.0280923 9.99461E-05 0.0217985 0.224483 9.99461E-05 0.193443 0.00131438 0.351177
9.9928E-05 9.9928E-05 0.122689 9.9928E-05 9.9928E-05 9.9928E-05 9.9928E-05 9.9928E-05 0.0376382 0.296186 9.9928E-05 0.372568 0.0279781 0.142141
9.98834E-05 9.98834E-05 9.98834E-05 9.98834E-05 9.98834E-05 9.98834E-05 9.98834E-05 0.998702 9.98834E-05 9.98834E-05 9.98834E-05 9.98834E-05 9.98834E-05 9.98834E-05
9.99012E-05 9.99012E-05 9.99012E-05 9.99012E-05 9.99012E-05 9.99012E-05 9.99012E-05 9.99012E-05 9.99012E-05 0.550073 9.99012E-05 0.113384 9.99012E-05 0.335444
9.99191E-05 9.99191E-05 0.695094 0.00658019 9.99191E-05 9.99191E-05 9.99191E-05 0.00535898 9.99191E-05 9.99191E-05 9.99191E-05 0.253513 0.0385546 9.99191E-05
9.99368E-05 0.481796 9.99368E-05 9.99368E-05 9.99368E-05 0.00946731 9.99368E-05 9.99368E-05 0.304865 9.99368E-05 0.0601685 0.00637588 0.10349 0.0331379
9.99099E-05 9.99099E-05 9.99099E-05 9.99099E-05 9.99099E-05 9.99099E-05 9.99099E-05 9.99099E-05 0.014818 0.335602 9.99099E-05 0.0245614 9.99099E-05 0.62402
9.99011E-05 9.99011E-05 9.99011E-05 0.0238377 9.99011E-05 9.99011E-05 9.99011E-05 9.99011E-05 0.0158235 9.99011E-05 0.95924 9.99011E-05 9.99011E-05 9.99011E-05
9.99459E-05 0.00166009 9.99459E-05 9.99459E-05 0.00971625 0.608375 0.025331 0.224429 0.0325961 9.99459E-05 0.0633143 0.0339779 9.99459E-05 9.99459E-05
9.98918E-05 9.98918E-05 9.98918E-05 9.98918E-05 9.98918E-05 9.98918E-05 9.98918E-05 9.98918E-05 0.976182 9.98918E-05 9.98918E-05 0.0226195 9.98918E-05 9.98918E-05
0.208897 9.99187E-05 9.99187E-05 9.99187E-05 9.99187E-05 0.237098 9.99187E-05 9.99187E-05 0.135247 0.140634 0.277226 9.99187E-05 9.99187E-05 9.99187E-05
0.24003 9.99368E-05 9.99368E-05 9.99368E-05 9.99368E-05 0.257259 0.00482667 0.0282343 0.10436 0.0692919 0.295299 9.99368E-05 9.99368E-05 9.99368E-05
9.99099E-05 9.99099E-05 9.99099E-05 9.99099E-05 9.99099E-05 0.899503 0.00654968 9.99099E-05 0.0414041 9.99099E-05 0.0515442 9.99099E-05 9.99099E-05 9.99099E-05
0.916246 0.0413265 9.9919E-05 9.9919E-05 0.0138289 9.9919E-05 9.9919E-05 0.00909846 9.9919E-05 9.9919E-05 0.0186006 9.9919E-05 9.9919E-05 9.9919E-05
9.9919E-05 0.00485195 9.9919E-05 9.9919E-05 9.9919E-05 0.907014 9.9919E-05 9.9919E-05 0.00715341 9.9919E-05 0.0643239 9.9919E-05 0.0157575 9.9919E-05
0.067221 0.20522 9.99369E-05 9.99369E-05 0.149467 0.388205 9.99369E-05 0.0396299 9.99369E-05 9.99369E-05 0.0253556 9.99369E-05 0.124202 9.99369E-05
0.143509 0.0240431 9.9955E-05 9.9955E-05 9.9955E-05 0.464324 0.0772024 0.028932 0.0428281 0.096396 0.115823 9.9955E-05 0.00644273 9.9955E-05
9.9937E-05 0.153492 0.0518928 9.9937E-05 9.9937E-05 0.317064 9.9937E-05 9.9937E-05 0.200641 0.067409 0.187538 9.9937E-05 9.9937E-05 0.0212634
9.98927E-05 9.98927E-05 9.98927E-05 9.98927E-05 9.98927E-05 9.98927E-05 0.0118545 9.98927E-05 9.98927E-05 9.98927E-05 0.986947 9.98927E-05 9.98927E-05 9.98927E-05
9.98832E-05 9.98832E-05 0.998702 9.98832E-05 9.98832E-05 9.98832E-05 9.98832E-05 9.98832E-05 9.98832E-05 9.98832E-05 9.98832E-05 9.98832E-05 9.98832E-05 9.98832E-05
9.98921E-05 9.98921E-05 0.988777 9.98921E-05 9.98921E-05 9.98921E-05 0.0100243 9.98921E-05 9.98921E-05 9.98921E-05 9.98921E-05 9.98921E-05 9.98921E-05 9.98921E-05
0.0118341 9.98921E-05 0.986967 9.98921E-05 9.98921E-05 9.98921E-05 9.98921E-05 9.98921E-05 9.98921E-05 9.98921E-05 9.98921E-05 9.98921E-05 9.98921E-05 9.98921E-05
9.98901E-05 9.98901E-05 0.994134 0.000217038 9.98901E-05 9.98901E-05 0.00455066 9.98901E-05 9.98901E-05 9.98901E-05 9.98901E-05 9.98901E-05 9.98901E-05 9.98901E-05
9.98831E-05 9.98831E-05 0.998702 9.98831E-05 9.98831E-05 9.98831E-05 9.98831E-05 9.98831E-05 9.98831E-05 9.98831E-05 9.98831E-05 9.98831E-05 9.98831E-05 9.98831E-05
0.113784 9.99461E-05 0.34519 0.0589109 9.99461E-05 9.99461E-05 0.0168173 0.0800453 9.99461E-05 9.99461E-05 0.0117494 0.329752 9.99461E-05 0.0431509
9.99011E-05 0.0208887 0.936484 9.99011E-05 9.99011E-05 9.99011E-05 9.99011E-05 0.0415279 9.99011E-05 9.99011E-05 9.99011E-05 9.99011E-05 9.99011E-05 9.99011E-05
0.191202 9.98919E-05 9.98919E-05 9.98919E-05 9.98919E-05 9.98919E-05 9.98919E-05 9.98919E-05 9.98919E-05 9.98919E-05 0.807599 9.98919E-05 9.98919E-05 9.98919E-05
0.00833953 9.99189E-05 0.0319774 0.0221669 9.99189E-05 9.99189E-05 9.99189E-05 0.929999 9.99189E-05 9.99189E-05 9.99189E-05 9.99189E-05 9.99189E-05 0.00661751
9.9901E-05 9.9901E-05 9.9901E-05 9.9901E-05 9.9901E-05 9.9901E-05 9.9901E-05 9.9901E-05 0.0159975 0.478135 9.9901E-05 9.9901E-05 9.9901E-05 0.504769
0.102373 0.800718 0.0206528 9.9919E-05 9.9919E-05 9.9919E-05 9.9919E-05 9.9919E-05 9.9919E-05 9.9919E-05 0.0587028 9.9919E-05 0.0166534 9.9919E-05
0.950281 0.0485206 9.98923E-05 9.98923E-05 9.98923E-05 9.98923E-05 9.98923E-05 9.98923E-05 9.98923E-05 9.98923E-05 9.98923E-05 9.98923E-05 9.98923E-05 9.98923E-05
9.98923E-05 0.987255 9.98923E-05 0.0115465 9.98923E-05 9.98923E-05 9.98923E-05 9.98923E-05 9.98923E-05 9.98923E-05 9.98923E-05 9.98923E-05 9.98923E-05 9.98923E-05
9.99009E-05 0.889684 9.99009E-05 9.99009E-05 9.99009E-05 0.0790804 9.99009E-05 9.99009E-05 9.99009E-05 0.0301371 9.99009E-05 9.99009E-05 9.99009E-05 9.99009E-05
9.99008E-05 0.831422 9.99008E-05 9.99008E-05 9.99008E-05 0.104547 9.99008E-05 9.99008E-05 9.99008E-05 9.99008E-05 9.99008E-05 9.99008E-05 0.0629318 9.99008E-05
9.98829E-05 9.98829E-05 9.98829E-05 9.98829E-05 9.98829E-05 9.98829E-05 0.998702 9.98829E-05 9.98829E-05 9.98829E-05 9.98829E-05 9.98829E-05 9.98829E-05 9.98829E-05
9.99014E-05 9.99014E-05 9.99014E-05 0.0502743 9.99014E-05 9.99014E-05 9.99014E-05 9.99014E-05 9.99014E-05 0.206275 9.99014E-05 9.99014E-05 9.99014E-05 0.742352
0.0640351 0.0800707 0.114943 0.112461 0.00121386 0.219936 9.99641E-05 9.99641E-05 0.0774695 0.00318058 0.14904 9.99641E-05 9.99641E-05 0.17725
0.000561886 0.00695824 0.011341 0.111887 9.99371E-05 9.99371E-05 9.99371E-05 9.99371E-05 9.99371E-05 0.768476 9.99371E-05 0.0505487 9.99371E-05 0.0495276
9.991E-05 9.991E-05 0.0344756 9.991E-05 9.991E-05 9.991E-05 9.991E-05 9.991E-05 0.0309668 0.633322 9.991E-05 9.991E-05 9.991E-05 0.300236
0.0392109 9.9892E-05 9.9892E-05 9.9892E-05 9.9892E-05 9.9892E-05 9.9892E-05 9.9892E-05 9.9892E-05 9.9892E-05 9.9892E-05 9.9892E-05 9.9892E-05 0.95959
0.00160679 9.98921E-05 9.98921E-05 9.98921E-05 9.98921E-05 9.98921E-05 9.98921E-05 9.98921E-05 9.98921E-05 9.98921E-05 9.98921E-05 9.98921E-05 9.98921E-05 0.997195
9.99281E-05 9.99281E-05 9.99281E-05 9.99281E-05 9.99281E-05 0.0378205 9.99281E-05 9.99281E-05 0.0055503 0.580233 9.99281E-05 0.10545 0.00632227 0.263825
9.99009E-05 9.99009E-05 9.99009E-05 9.99009E-05 9.99009E-05 9.99009E-05 9.99009E-05 9.99009E-05 0.0292263 0.436703 9.99009E-05 9.99009E-05 9.99009E-05 0.532972
9.98918E-05 9.98918E-05 0.0576715 9.98918E-05 9.98918E-05 9.98918E-05 9.98918E-05 9.98918E-05 9.98918E-05 9.98918E-05 9.98918E-05 0.94113 9.98918E-05 9.98918E-05
9.98919E-05 0.0244094 9.98919E-05 9.98919E-05 9.98919E-05 9.98919E-05 9.98919E-05 9.98919E-05 9.98919E-05 9.98919E-05 9.98919E-05 0.974392 9.98919E-05 9.98919E-05
0.0280791 9.99101E-05 9.99101E-05 0.0220798 9.99101E-05 9.99101E-05 9.99101E-05 9.99101E-05 9.99101E-05 0.881548 9.99101E-05 9.99101E-05 9.99101E-05 0.0672939
0.963474 9.99099E-05 0.0148276 9.99099E-05 9.99099E-05 9.99099E-05 9.99099E-05 9.99099E-05 0.0152444 0.00545496 9.99099E-05 9.99099E-05 9.99099E-05 9.99099E-05
0.995416 9.9901E-05 9.9901E-05 0.00296548 9.9901E-05 9.9901E-05 9.9901E-05 9.9901E-05 9.9901E-05 9.9901E-05 9.9901E-05 9.9901E-05 9.9901E-05 0.00051911
9.98921E-05 9.98921E-05 9.98921E-05 9.98921E-05 9.98921E-05 9.98921E-05 9.98921E-05 9.98921E-05 9.98921E-05 9.98921E-05 0.00336488 9.98921E-05 0.995436 9.98921E-05
9.98831E-05 9.98831E-05 9.98831E-05 9.98831E-05 9.98831E-05 9.98831E-05 9.98831E-05 9.98831E-05 9.98831E-05 9.98831E-05 9.98831E-05 9.98831E-05 0.998702 9.98831E-05
0.124922 9.99009E-05 9.99009E-05 9.99009E-05 9.99009E-05 0.80726 9.99009E-05 0.0667195 9.99009E-05 9.99009E-05 9.99009E-05 9.99009E-05 9.99009E-05 9.99009E-05
0.124944 0.0339497 9.99189E-05 9.99189E-05 9.99189E-05 0.774526 9.99189E-05 0.0621663 9.99189E-05 9.99189E-05 0.00351417 9.99189E-05 9.99189E-05 9.99189E-05
0.00349342 9.99101E-05 9.99101E-05 9.99101E-05 9.99101E-05 0.0127865 9.99101E-05 9.99101E-05 9.99101E-05 9.99101E-05 9.99101E-05 0.0123213 0.9704 9.99101E-05
9.98832E-05 9.98832E-05 9.98832E-05 9.98832E-05 9.98832E-05 9.98832E-05 9.98832E-05 9.98832E-05 9.98832E-05 9.98832E-05 9.98832E-05 9.98832E-05 0.998702 9.98832E-05
0.02582 0.0128844 0.01369 9.99099E-05 9.99099E-05 9.99099E-05 9.99099E-05 9.99099E-05 9.99099E-05 9.99099E-05 0.946606 9.99099E-05 9.99099E-05 9.99099E-05
0.474099 0.179051 9.99369E-05 9.99369E-05 0.0588452 0.179134 0.0128829 0.068437 9.99369E-05 9.99369E-05 0.0268502 9.99369E-05 9.99369E-05 9.99369E-05
9.98921E-05 9.98921E-05 0.0377779 9.98921E-05 9.98921E-05 9.98921E-05 9.98921E-05 0.961023 9.98921E-05 9.98921E-05 9.98921E-05 9.98921E-05 9.98921E-05 9.98921E-05
9.99463E-05 0.252023 0.0222048 9.99463E-05 0.0821772 0.223895 9.99463E-05 9.99463E-05 0.223346 0.0621375 0.00908082 9.99463E-05 0.124536 9.99463E-05
0.0198576 0.29652 9.99282E-05 9.99282E-05 0.0466746 9.99282E-05 9.99282E-05 9.99282E-05 0.346911 9.99282E-05 0.13182 9.99282E-05 0.157418 9.99282E-05
9.9928E-05 9.9928E-05 0.0548903 9.9928E-05 0.0446779 9.9928E-05 9.9928E-05 9.9928E-05 9.9928E-05 0.0223528 9.9928E-05 0.451644 0.0722611 0.353375
