9.9982E-05 0.0053993 0.0609927 0.933408 9.9982E-05
9.999E-05 0.314453 0.0556561 0.358194 0.271597
0.016243 0.0580454 0.0848938 0.00915627 0.831661
9.9973E-05 9.9973E-05 0.0435981 9.9973E-05 0.956102
9.999E-05 0.281043 0.00929872 0.248366 0.461192
9.9973E-05 9.9973E-05 0.0158814 9.9973E-05 0.983819
9.99821E-05 0.380601 9.99821E-05 0.594143 0.025056
9.9991E-05 0.491247 0.0279943 0.0660788 0.41458
9.99821E-05 0.445439 9.99821E-05 0.535898 0.0184639
9.9982E-05 0.155946 0.123259 0.720595 9.9982E-05
9.9982E-05 0.117514 0.1422 0.740086 9.9982E-05
9.9982E-05 9.9982E-05 0.16789 0.764492 0.0674178
9.99732E-05 9.99732E-05 9.99732E-05 0.947958 0.051742
0.0319503 9.9991E-05 0.00255841 0.00792785 0.957463
0.00930562 9.9973E-05 9.9973E-05 9.9973E-05 0.990394
9.9982E-05 0.0625831 9.9982E-05 0.922629 0.0145876
0.0647135 9.9991E-05 0.406439 0.526339 0.00240899
0.742945 0.0831509 9.9982E-05 0.173704 9.9982E-05
0.915577 9.9973E-05 0.0841235 9.9973E-05 9.9973E-05
9.9982E-05 0.0419097 0.156372 0.801519 9.9982E-05
0.997185 9.9973E-05 9.9973E-05 9.9973E-05 0.00251514
9.9973E-05 9.9973E-05 0.0418667 0.957833 9.9973E-05
0.419914 0.0433065 0.419495 0.117184 9.9991E-05
0.899084 9.9973E-05 0.100616 9.9973E-05 9.9973E-05
9.9982E-05 0.000909534 0.00145108 9.9982E-05 0.997439
9.997E-05 9.997E-05 9.997E-05 9.997E-05 0.9996
9.9973E-05 9.9973E-05 0.0934858 0.906214 9.9973E-05
9.9973E-05 0.0864843 9.9973E-05 9.9973E-05 0.913216
9.9982E-05 0.108172 9.9982E-05 0.00824782 0.88338
0.0183097 0.264543 0.0283708 9.9991E-05 0.688676
9.9982E-05 0.303794 0.0489987 9.9982E-05 0.647008
9.9991E-05 0.635839 0.00282384 0.325558 0.0356785
9.997E-05 9.997E-05 9.997E-05 9.997E-05 0.9996
9.9973E-05 0.917176 9.9973E-05 9.9973E-05 0.0825242
9.9982E-05 9.9982E-05 0.268767 0.659816 0.0712172
9.997E-05 9.997E-05 9.997E-05 9.997E-05 0.9996
9.99821E-05 9.99821E-05 0.0621315 0.84412 0.0935487
0.0338595 0.189072 0.0459957 0.714489 0.0165839
0.052152 9.9991E-05 0.441692 0.353577 0.15248
9.99819E-05 9.99819E-05 0.0806022 0.789048 0.13015
0.0207771 0.00235307 0.0871541 0.791841 0.0978748
0.0238138 0.0334657 0.11001 0.832611 9.9991E-05
9.9973E-05 0.0704514 9.9973E-05 0.929249 9.9973E-05
0.0117384 0.0829523 0.137463 0.767746 9.9991E-05
0.116753 0.0352581 0.192288 0.655601 9.9991E-05
0.0446987 0.0817274 0.108739 0.713944 0.0508913
9.9991E-05 0.0442666 0.134612 0.716305 0.104716
0.0573797 0.0333686 9.99822E-05 0.909052 9.99822E-05
9.997E-05 0.9996 9.997E-05 9.997E-05 9.997E-05
9.997E-05 0.9996 9.997E-05 9.997E-05 9.997E-05
9.9973E-05 0.996237 0.00346277 9.9973E-05 9.9973E-05
9.997E-05 0.9996 9.997E-05 9.997E-05 9.997E-05
9.997E-05 0.9996 9.997E-05 9.997E-05 9.997E-05
0.0418815 0.649315 9.9991E-05 0.0623086 0.246395
9.997E-05 0.9996 9.997E-05 9.997E-05 9.997E-05
9.997E-05 9.997E-05 9.997E-05 0.9996 9.997E-05
9.9991E-05 0.606242 0.00199918 0.301475 0.0901832
9.997E-05 9.997E-05 9.997E-05 9.997E-05 0.9996
9.99731E-05 9.99731E-05 0.0532372 0.946463 9.99731E-05
9.9973E-05 9.9973E-05 9.9973E-05 0.926493 0.073207
0.0231852 9.99732E-05 9.99732E-05 0.976515 9.99732E-05
9.997E-05 9.997E-05 9.997E-05 0.9996 9.997E-05
0.00830356 9.9982E-05 0.086852 0.904645 9.9982E-05
0.900556 0.00746439 9.9982E-05 0.0917793 9.9982E-05
9.997E-05 9.997E-05 9.997E-05 9.997E-05 0.9996
9.9991E-05 0.225049 0.176477 0.420565 0.177809
9.997E-05 9.997E-05 9.997E-05 9.997E-05 0.9996
9.9982E-05 0.00721415 9.9982E-05 0.0292294 0.963356
9.9982E-05 0.086631 9.9982E-05 0.0166324 0.896537
0.013412 0.0566081 9.9982E-05 9.9982E-05 0.92978
9.9991E-05 0.0256947 0.0621036 0.0298668 0.882235
9.9973E-05 9.9973E-05 0.018766 9.9973E-05 0.980934
9.99732E-05 0.521147 9.99732E-05 9.99732E-05 0.478553
0.0266134 0.40394 9.99911E-05 0.0503597 0.518987
9.9982E-05 0.0263664 9.9982E-05 0.0134857 0.959948
9.9991E-05 0.172398 0.0648284 0.720225 0.0424477
9.9991E-05 0.140378 0.0458061 0.758547 0.055168
9.997E-05 9.997E-05 0.9996 9.997E-05 9.997E-05
9.997E-05 9.997E-05 0.9996 9.997E-05 9.997E-05
9.99819E-05 0.119931 0.0989617 0.780907 9.99819E-05
0.00335953 0.112719 0.0965243 0.787297 9.9991E-05
9.997E-05 9.997E-05 0.9996 9.997E-05 9.997E-05
9.997E-05 9.997E-05 0.9996 9.997E-05 9.997E-05
9.9973E-05 0.0223494 9.9973E-05 0.977351 9.9973E-05
0.078424 0.0416062 9.9991E-05 0.873119 0.00675121
9.9982E-05 0.618823 9.9982E-05 0.291778 0.0891991
0.137693 9.9991E-05 0.291297 0.522224 0.0486854
0.0891656 9.99821E-05 0.314396 0.596238 9.99821E-05
0.0470983 0.338857 0.0191324 9.9991E-05 0.594812
