9.9982E-05 0.00379685 9.9982E-05 0.0365889 0.959414
0.362981 0.248525 9.9991E-05 0.0306714 0.357723
0.819058 0.0252908 0.0501033 0.105448 9.99911E-05
0.963346 9.9973E-05 9.9973E-05 0.036354 9.9973E-05
0.46038 0.280793 9.9991E-05 0.00953003 0.249197
0.995522 9.9973E-05 0.00417805 9.9973E-05 9.9973E-05
0.0726056 0.359042 9.99821E-05 9.99821E-05 0.568152
0.383262 0.498712 9.9991E-05 0.0684674 0.049458
0.00522475 0.409085 9.99821E-05 9.99821E-05 0.58549
9.9982E-05 0.172529 9.9982E-05 0.118035 0.709236
9.9982E-05 0.141042 9.9982E-05 0.128924 0.729834
0.0677253 9.9982E-05 9.9982E-05 0.13059 0.801485
0.0666903 9.99821E-05 0.00736479 9.99821E-05 0.925745
0.953681 9.9991E-05 0.0275133 0.0116539 0.00705182
0.985762 9.9982E-05 0.0035144 9.9982E-05 0.0105236
0.0100625 0.0533681 9.9991E-05 0.00463258 0.931837
0.0254143 9.9991E-05 0.0813155 0.398127 0.495043
9.99819E-05 0.108568 0.723108 9.99819E-05 0.168124
9.9973E-05 9.9973E-05 0.935886 0.0638141 9.9973E-05
9.9982E-05 0.0336034 9.9982E-05 0.203873 0.762324
9.997E-05 9.997E-05 0.9996 9.997E-05 9.997E-05
9.9973E-05 9.9973E-05 9.9973E-05 0.0711695 0.928531
9.999E-05 0.057453 0.417749 0.45886 0.0658379
9.9973E-05 9.9973E-05 0.884924 0.114776 9.9973E-05
0.9996 9.997E-05 9.997E-05 9.997E-05 9.997E-05
0.9996 9.997E-05 9.997E-05 9.997E-05 9.997E-05
9.9973E-05 9.9973E-05 9.9973E-05 0.0623516 0.937348
0.960431 0.0384574 9.9982E-05 9.9982E-05 0.000911602
0.913333 0.0863674 9.9973E-05 9.9973E-05 9.9973E-05
0.675952 0.269685 0.0351225 0.0191403 9.9991E-05
0.629068 0.308459 9.9982E-05 0.0622731 9.9982E-05
0.112061 0.584545 9.99821E-05 9.99821E-05 0.303194
0.9996 9.997E-05 9.997E-05 9.997E-05 9.997E-05
0.0532712 0.946429 9.9973E-05 9.9973E-05 9.9973E-05
0.0700608 9.9982E-05 9.9982E-05 0.244678 0.685061
0.960621 9.99729E-05 9.99729E-05 9.99729E-05 0.0390789
0.0952701 9.99821E-05 9.99821E-05 0.00103148 0.903498
0.0207901 0.21296 0.0315525 0.0543991 0.680298
0.139814 9.9991E-05 0.0525894 0.449904 0.357593
0.164093 9.9982E-05 9.9982E-05 0.0455681 0.790139
0.0953764 0.038945 0.00920264 0.07009 0.786386
9.9991E-05 0.0204601 0.0114905 0.130035 0.837915
0.012187 0.0458307 9.9982E-05 9.9982E-05 0.941782
9.9991E-05 0.0773384 0.00141407 0.158732 0.762416
9.9991E-05 0.0441276 0.10418 0.19951 0.652082
0.0477675 0.0686874 0.038446 0.116462 0.728637
0.0910108 0.0688287 9.9991E-05 0.141007 0.699053
9.99822E-05 0.0342605 0.0589916 9.99822E-05 0.906548
9.997E-05 0.9996 9.997E-05 9.997E-05 9.997E-05
9.997E-05 0.9996 9.997E-05 9.997E-05 9.997E-05
9.997E-05 0.9996 9.997E-05 9.997E-05 9.997E-05
9.997E-05 0.9996 9.997E-05 9.997E-05 9.997E-05
9.997E-05 0.9996 9.997E-05 9.997E-05 9.997E-05
0.220162 0.64765 0.0681586 0.0284668 0.0355629
9.9982E-05 0.991543 9.9982E-05 0.00578873 0.00246845
9.997E-05 9.997E-05 9.997E-05 9.997E-05 0.9996
0.135785 0.539127 9.9982E-05 9.9982E-05 0.324887
0.9996 9.997E-05 9.997E-05 9.997E-05 9.997E-05
0.0144466 9.99821E-05 9.99821E-05 0.0322147 0.953139
0.077981 9.9982E-05 9.9982E-05 0.00264848 0.919171
9.99732E-05 9.99732E-05 0.020465 9.99732E-05 0.979235
9.997E-05 9.997E-05 9.997E-05 9.997E-05 0.9996
9.9982E-05 9.9982E-05 0.0164166 0.0767961 0.906587
9.9982E-05 0.0124422 0.915961 9.9982E-05 0.071397
0.987117 0.00102853 9.99821E-05 0.0116546 9.99821E-05
0.324261 0.116755 0.0194866 0.099591 0.439906
0.993411 0.00628874 9.99731E-05 9.99731E-05 9.99731E-05
0.998344 9.9973E-05 9.9973E-05 9.9973E-05 0.00135626
0.908844 0.0908561 9.9973E-05 9.9973E-05 9.9973E-05
0.947593 0.0267605 0.00419075 9.9991E-05 0.0213559
0.952977 9.9982E-05 9.9982E-05 0.0271106 0.0197125
0.999179 9.9973E-05 9.9973E-05 0.000521566 9.9973E-05
0.465346 0.534354 9.99732E-05 9.99732E-05 9.99732E-05
0.489045 0.418498 0.0328092 9.99911E-05 0.059548
0.978876 0.00694834 0.013976 9.9982E-05 9.9982E-05
0.0413326 0.141567 9.9991E-05 0.0578621 0.759138
0.0593313 0.142109 9.9991E-05 0.06813 0.73033
9.997E-05 9.997E-05 9.997E-05 0.9996 9.997E-05
9.997E-05 9.997E-05 9.997E-05 0.9996 9.997E-05
9.99819E-05 0.0973517 9.99819E-05 0.133288 0.76916
9.9991E-05 0.0980973 0.0131402 0.107353 0.781309
9.997E-05 9.997E-05 9.997E-05 0.9996 9.997E-05
9.997E-05 9.997E-05 9.997E-05 0.9996 9.997E-05
9.9973E-05 0.0187031 9.9973E-05 9.9973E-05 0.980997
0.0323781 0.0438275 0.0718549 9.9991E-05 0.85184
0.095004 0.625126 9.9982E-05 9.9982E-05 0.27967
0.0750716 9.9991E-05 0.128581 0.286363 0.509885
9.99821E-05 9.99821E-05 0.0780486 0.339614 0.582137
0.575024 0.318204 0.0506474 0.0560241 9.9991E-05
