0.0157848 9.9991E-05 0.976359 0.00775584
0.323625 9.9991E-05 0.354415 0.32186
0.116151 0.0598271 0.00116733 0.822854
9.998E-05 9.998E-05 9.998E-05 0.9997
0.340939 9.9991E-05 0.216377 0.442584
9.998E-05 9.998E-05 9.998E-05 0.9997
0.409402 9.99911E-05 0.558329 0.0321688
0.486652 9.9991E-05 0.102795 0.410453
0.480658 9.99821E-05 0.519142 9.99821E-05
0.169682 9.9982E-05 0.830118 9.9982E-05
0.1491 9.9982E-05 0.8507 9.9982E-05
9.9982E-05 9.9982E-05 0.937414 0.0623862
9.99821E-05 9.99821E-05 0.935845 0.0639552
9.999E-05 0.0278516 0.00844461 0.963604
9.9982E-05 0.0122819 9.9982E-05 0.987518
0.0707522 9.9991E-05 0.926974 0.00217368
9.9991E-05 0.205464 0.745593 0.0488425
0.0826547 0.71446 0.202786 9.9991E-05
9.998E-05 0.9997 9.998E-05 9.998E-05
0.00724873 9.9982E-05 0.992551 9.9982E-05
9.998E-05 0.9997 9.998E-05 9.998E-05
9.998E-05 9.998E-05 0.9997 9.998E-05
0.0523296 0.607109 0.2881 0.0524616
9.998E-05 0.9997 9.998E-05 9.998E-05
9.998E-05 9.998E-05 9.998E-05 0.9997
9.998E-05 9.998E-05 9.998E-05 0.9997
9.998E-05 9.998E-05 0.9997 9.998E-05
0.0814707 9.9982E-05 9.9982E-05 0.918329
0.102618 9.9982E-05 9.9982E-05 0.897182
0.264912 0.0429559 0.00739531 0.684737
0.300385 0.0260654 9.9991E-05 0.67345
0.692819 9.9991E-05 0.244025 0.0630555
9.998E-05 9.998E-05 9.998E-05 0.9997
0.903851 9.9982E-05 9.9982E-05 0.0959493
9.9982E-05 9.9982E-05 0.901798 0.0980019
9.998E-05 9.998E-05 9.998E-05 0.9997
9.99821E-05 9.99821E-05 0.911497 0.0883032
0.232731 0.0119402 0.735587 0.0197411
9.9991E-05 0.206027 0.609813 0.18406
9.9982E-05 9.9982E-05 0.867594 0.132206
0.0290858 9.9991E-05 0.880489 0.0903248
0.0264938 0.00506098 0.968345 9.9991E-05
0.0646427 9.9982E-05 0.935157 9.9982E-05
0.099374 9.9982E-05 0.900426 9.9982E-05
0.0512796 0.160376 0.788244 9.9991E-05
0.0992309 0.0251483 0.83856 0.0370608
0.0554278 0.00635329 0.791353 0.146866
0.000759645 9.99822E-05 0.99904 9.99822E-05
0.9997 9.998E-05 9.998E-05 9.998E-05
0.9997 9.998E-05 9.998E-05 9.998E-05
0.9997 9.998E-05 9.998E-05 9.998E-05
0.9997 9.998E-05 9.998E-05 9.998E-05
0.9997 9.998E-05 9.998E-05 9.998E-05
0.615566 0.0626047 0.0951387 0.22669
0.9997 9.998E-05 9.998E-05 9.998E-05
9.998E-05 9.998E-05 0.9997 9.998E-05
0.612381 9.9991E-05 0.289521 0.0979972
9.998E-05 9.998E-05 9.998E-05 0.9997
0.00233675 9.9991E-05 0.991221 0.00634214
9.9982E-05 9.9982E-05 0.907244 0.0925563
9.99822E-05 9.99822E-05 0.990476 0.00932398
9.998E-05 9.998E-05 0.9997 9.998E-05
9.9982E-05 0.008908 0.990892 9.9982E-05
0.0487199 0.870541 0.0806389 9.9991E-05
9.998E-05 9.998E-05 9.998E-05 0.9997
0.249408 0.128819 0.295336 0.326436
0.0307092 9.99821E-05 9.99821E-05 0.969091
0.0203464 9.9991E-05 0.0207768 0.958777
0.090022 9.9982E-05 9.9982E-05 0.909778
0.0724471 9.9982E-05 9.9982E-05 0.927353
9.9982E-05 9.9982E-05 0.0645056 0.935294
9.998E-05 9.998E-05 9.998E-05 0.9997
0.542019 9.99821E-05 9.99821E-05 0.457781
0.45646 0.0213727 0.0151471 0.507021
0.0508983 9.9991E-05 0.0101858 0.938816
0.163505 9.9991E-05 0.775254 0.061141
0.168206 9.9991E-05 0.798152 0.0335412
9.9991E-05 0.315737 0.538568 0.145595
9.9991E-05 0.35875 0.517185 0.123965
0.113118 9.99819E-05 0.886682 9.99819E-05
0.111108 9.99819E-05 0.888692 9.99819E-05
9.9991E-05 0.332148 0.536606 0.131146
9.9991E-05 0.325468 0.53567 0.138762
0.0353481 9.9982E-05 0.964452 9.9982E-05
0.043104 0.0230449 0.926362 0.00748902
0.687517 9.9991E-05 0.272692 0.0396908
9.9991E-05 0.21052 0.688505 0.100875
9.9991E-05 0.164271 0.805963 0.0296663
0.326702 0.0772744 9.9991E-05 0.595924
