9.99459E-05 9.99459E-05 0.930604 9.99459E-05 9.99459E-05 0.000293632 0.0685023 9.99459E-05 9.99459E-05
9.997E-05 9.997E-05 0.110645 0.621079 0.00560229 0.0384125 0.0367646 9.997E-05 0.187196
0.0528193 0.00908027 9.99733E-05 0.0348767 9.99733E-05 0.0527777 9.99733E-05 0.0944306 0.755715
0.0179095 9.9946E-05 9.9946E-05 9.9946E-05 9.9946E-05 0.037466 9.9946E-05 9.9946E-05 0.944025
0.0407784 9.99731E-05 0.0662495 0.436112 0.081546 9.99731E-05 0.00549606 9.99731E-05 0.369518
9.9937E-05 9.9937E-05 9.9937E-05 9.9937E-05 0.0554941 9.9937E-05 9.9937E-05 9.9937E-05 0.943806
9.9937E-05 9.9937E-05 9.9937E-05 0.707226 9.9937E-05 9.9937E-05 9.9937E-05 0.292074 9.9937E-05
0.216843 9.99551E-05 9.99551E-05 0.414383 0.0243476 9.99551E-05 9.99551E-05 9.99551E-05 0.343927
9.9937E-05 9.9937E-05 9.9937E-05 0.762586 9.9937E-05 9.9937E-05 9.9937E-05 0.236715 9.9937E-05
9.994E-05 9.994E-05 9.994E-05 0.0522664 0.013995 9.994E-05 0.933139 9.994E-05 9.994E-05
9.99372E-05 9.99372E-05 9.99372E-05 0.0124519 9.99372E-05 9.99372E-05 0.986849 9.99372E-05 9.99372E-05
9.995E-05 9.995E-05 0.667517 9.995E-05 9.995E-05 0.128632 9.995E-05 0.187047 0.0163047
9.99371E-05 9.99371E-05 9.99371E-05 9.99371E-05 9.99371E-05 9.99371E-05 9.99371E-05 0.98462 0.01468
9.9955E-05 0.012933 0.00143361 9.9955E-05 0.0655297 9.9955E-05 9.9955E-05 9.9955E-05 0.919604
9.9955E-05 0.00857853 0.0528676 9.9955E-05 9.9955E-05 9.9955E-05 0.00427083 9.9955E-05 0.933783
0.00531723 9.9973E-05 0.109447 0.0349263 9.9973E-05 9.9973E-05 0.506014 0.319844 0.0241522
9.99369E-05 9.99369E-05 9.99369E-05 9.99369E-05 0.892648 9.99369E-05 0.106653 9.99369E-05 9.99369E-05
0.030181 0.699216 9.99549E-05 0.0829744 9.99549E-05 9.99549E-05 0.187129 9.99549E-05 9.99549E-05
9.99371E-05 0.931952 9.99371E-05 9.99371E-05 9.99371E-05 0.0673487 9.99371E-05 9.99371E-05 9.99371E-05
9.9955E-05 9.9955E-05 0.135682 9.9955E-05 0.1126 0.0103595 0.74086 9.9955E-05 9.9955E-05
9.993E-05 0.999201 9.993E-05 9.993E-05 9.993E-05 9.993E-05 9.993E-05 9.993E-05 9.993E-05
9.9955E-05 9.9955E-05 0.532647 9.9955E-05 0.00884801 9.9955E-05 0.36066 0.0973447 9.9955E-05
0.00953327 0.33612 9.9964E-05 9.9964E-05 0.38277 0.144534 0.126643 9.9964E-05 9.9964E-05
9.99459E-05 0.89034 9.99459E-05 9.99459E-05 0.0327475 0.0763129 9.99459E-05 9.99459E-05 9.99459E-05
9.993E-05 9.993E-05 9.993E-05 9.993E-05 9.993E-05 9.993E-05 9.993E-05 9.993E-05 0.999201
9.993E-05 9.993E-05 9.993E-05 9.993E-05 9.993E-05 9.993E-05 9.993E-05 9.993E-05 0.999201
9.99639E-05 9.99639E-05 0.0638197 9.99639E-05 0.0611135 0.0508447 0.0530497 0.770773 9.99639E-05
0.0705692 9.9937E-05 9.9937E-05 9.9937E-05 9.9937E-05 9.9937E-05 9.9937E-05 9.9937E-05 0.928731
0.0724073 9.9946E-05 9.9946E-05 9.9946E-05 9.9946E-05 9.9946E-05 9.9946E-05 0.0111806 0.915812
0.186718 0.0258169 9.99731E-05 0.0698278 9.99731E-05 0.0382337 9.99731E-05 0.0264143 0.652689
0.152225 9.9955E-05 9.9955E-05 0.141126 0.0882561 9.9955E-05 9.9955E-05 9.9955E-05 0.617893
0.0808151 9.99551E-05 0.0124535 0.899515 9.99551E-05 0.00671691 9.99551E-05 9.99551E-05 9.99551E-05
9.99372E-05 9.99372E-05 9.99372E-05 9.99372E-05 9.99372E-05 0.00354198 9.99372E-05 9.99372E-05 0.995758
0.779779 9.99551E-05 9.99551E-05 0.102828 0.00448177 9.99551E-05 9.99551E-05 9.99551E-05 0.112411
0.0112193 9.99729E-05 0.0761819 9.99729E-05 0.295535 0.117782 9.99729E-05 0.464072 0.0349095
9.99369E-05 9.99369E-05 9.99369E-05 9.99369E-05 0.0234814 9.99369E-05 9.99369E-05 9.99369E-05 0.975819
9.9946E-05 9.9946E-05 0.94519 9.9946E-05 0.0461357 9.9946E-05 9.9946E-05 9.9946E-05 0.00807462
9.997E-05 0.0104593 0.0572792 0.159868 0.0400586 9.997E-05 0.690647 9.997E-05 0.0413876
9.99369E-05 9.99369E-05 9.99369E-05 9.99369E-05 0.991668 9.99369E-05 9.99369E-05 9.99369E-05 0.00763261
9.99639E-05 0.00180996 0.273545 9.99639E-05 0.0895877 9.99639E-05 0.554935 9.99639E-05 0.0797232
9.99729E-05 0.00791394 0.322061 9.99729E-05 0.0101582 0.0353621 0.55912 9.99729E-05 0.0650843
9.9955E-05 0.00863474 0.00109771 9.9955E-05 0.0161915 9.9955E-05 0.973576 9.9955E-05 9.9955E-05
9.995E-05 9.995E-05 0.0891401 0.0726461 9.995E-05 9.995E-05 0.62564 0.212075 9.995E-05
9.9937E-05 9.9937E-05 9.9937E-05 9.9937E-05 0.0914761 9.9937E-05 0.907824 9.9937E-05 9.9937E-05
9.9982E-05 0.105942 0.0199088 0.015613 0.0833189 0.0873776 0.555104 0.132536 9.9982E-05
9.9982E-05 0.00970127 0.113458 0.00173227 0.136447 9.9982E-05 0.642228 0.04762 0.0486126
0.0962863 9.9982E-05 0.162412 0.0142556 0.490393 9.9982E-05 0.130383 0.0949346 0.0111364
9.99373E-05 0.028665 0.970635 9.99373E-05 9.99373E-05 9.99373E-05 9.99373E-05 9.99373E-05 9.99373E-05
0.999201 9.993E-05 9.993E-05 9.993E-05 9.993E-05 9.993E-05 9.993E-05 9.993E-05 9.993E-05
0.999201 9.993E-05 9.993E-05 9.993E-05 9.993E-05 9.993E-05 9.993E-05 9.993E-05 9.993E-05
0.964604 9.9946E-05 9.9946E-05 9.9946E-05 9.9946E-05 0.000634346 0.0341618 9.9946E-05 9.9946E-05
0.999201 9.993E-05 9.993E-05 9.993E-05 9.993E-05 9.993E-05 9.993E-05 9.993E-05 9.993E-05
0.999201 9.993E-05 9.993E-05 9.993E-05 9.993E-05 9.993E-05 9.993E-05 9.993E-05 9.993E-05
0.483024 0.0287854 9.99821E-05 0.161991 0.00147907 9.99821E-05 0.0500741 0.000670745 0.273775
0.90608 9.9955E-05 0.0195726 0.064083 9.9955E-05 9.9955E-05 0.00976422 9.9955E-05 9.9955E-05
9.99459E-05 9.99459E-05 0.866836 9.99459E-05 9.99459E-05 9.99459E-05 0.075376 0.057188 9.99459E-05
0.119669 9.99548E-05 0.0561411 0.801554 9.99548E-05 0.0221363 9.99548E-05 9.99548E-05 9.99548E-05
9.99369E-05 9.99369E-05 9.99369E-05 9.99369E-05 0.0209935 9.99369E-05 9.99369E-05 9.99369E-05 0.978307
0.0234319 9.9955E-05 0.0639844 9.9955E-05 9.9955E-05 0.0379264 9.9955E-05 0.874158 9.9955E-05
9.99551E-05 9.99551E-05 0.155799 9.99551E-05 9.99551E-05 9.99551E-05 0.464872 0.309125 0.0697046
9.993E-05 9.993E-05 9.993E-05 9.993E-05 9.993E-05 9.993E-05 9.993E-05 0.999201 9.993E-05
9.995E-05 9.995E-05 9.995E-05 9.995E-05 9.995E-05 0.00113342 0.106687 0.890202 0.00147849
9.99729E-05 0.0118523 0.00393457 9.99729E-05 0.0692198 0.0526689 0.0401507 0.821874 9.99729E-05
9.99371E-05 0.894179 0.105121 9.99371E-05 9.99371E-05 9.99371E-05 9.99371E-05 9.99371E-05 9.99371E-05
9.99372E-05 9.99372E-05 9.99372E-05 9.99372E-05 9.99372E-05 9.99372E-05 0.0232018 9.99372E-05 0.976099
9.998E-05 0.0130852 9.998E-05 0.172315 0.0883813 0.102976 0.269453 0.0346367 0.318954
9.99372E-05 9.99372E-05 9.99372E-05 9.99372E-05 9.99372E-05 9.99372E-05 9.99372E-05 0.0275912 0.971709
9.9946E-05 9.9946E-05 0.0467904 9.9946E-05 0.0391766 9.9946E-05 9.9946E-05 9.9946E-05 0.913433
0.041717 9.9955E-05 9.9955E-05 0.0464041 9.9955E-05 9.9955E-05 9.9955E-05 0.00715366 0.904226
0.033045 9.9946E-05 9.9946E-05 0.0163 9.9946E-05 9.9946E-05 9.9946E-05 9.9946E-05 0.950055
9.99641E-05 9.99641E-05 0.0133866 0.0550224 0.0375408 9.99641E-05 0.0158194 9.99641E-05 0.877831
9.99369E-05 9.99369E-05 9.99369E-05 9.99369E-05 0.0516828 9.99369E-05 9.99369E-05 9.99369E-05 0.947618
0.235547 9.99552E-05 9.99552E-05 0.303632 0.0251964 9.99552E-05 9.99552E-05 9.99552E-05 0.435125
0.0932643 9.99553E-05 9.99553E-05 0.343192 9.99553E-05 9.99553E-05 9.99553E-05 0.0739696 0.489075
0.00647 9.99461E-05 9.99461E-05 9.99461E-05 9.99461E-05 9.99461E-05 0.0224057 9.99461E-05 0.970525
0.00910265 9.9982E-05 0.0421802 0.0739174 9.9982E-05 0.00594571 0.70061 0.0745346 0.0935089
9.9973E-05 9.9973E-05 0.0233168 0.0822167 9.9973E-05 0.00675472 0.682575 0.13517 0.0696671
9.993E-05 9.993E-05 9.993E-05 9.993E-05 9.993E-05 0.999201 9.993E-05 9.993E-05 9.993E-05
9.993E-05 9.993E-05 9.993E-05 9.993E-05 9.993E-05 0.999201 9.993E-05 9.993E-05 9.993E-05
9.9946E-05 9.9946E-05 9.9946E-05 9.9946E-05 9.9946E-05 9.9946E-05 0.983333 0.00740663 0.0086604
9.9946E-05 9.9946E-05 9.9946E-05 0.000891595 9.9946E-05 9.9946E-05 0.952707 0.0458016 9.9946E-05
9.99371E-05 9.99371E-05 9.99371E-05 0.0270705 9.99371E-05 0.97223 9.99371E-05 9.99371E-05 9.99371E-05
9.993E-05 9.993E-05 9.993E-05 9.993E-05 9.993E-05 0.999201 9.993E-05 9.993E-05 9.993E-05
0.0418291 9.994E-05 0.918308 9.994E-05 9.994E-05 9.994E-05 9.994E-05 0.0392638 9.994E-05
9.9964E-05 0.0572012 0.0746398 0.110069 9.9964E-05 9.9964E-05 0.513468 0.244222 9.9964E-05
0.115534 9.995E-05 0.0393363 0.831418 9.995E-05 0.0132117 9.995E-05 9.995E-05 9.995E-05
9.99551E-05 0.0394619 9.99551E-05 9.99551E-05 0.821142 9.99551E-05 0.0423757 0.096521 9.99551E-05
9.996E-05 0.0152234 0.116758 9.996E-05 0.543349 0.0778277 9.996E-05 0.246443 9.996E-05
0.194916 0.0260443 9.99641E-05 0.214495 9.99641E-05 0.0260034 9.99641E-05 9.99641E-05 0.538142
