0.934668 0.064533 9.99278E-05 9.99278E-05 9.99278E-05 9.99278E-05 9.99278E-05 9.99278E-05 9.99278E-05 9.99278E-05
0.1542 9.99548E-05 0.604562 9.99548E-05 0.180103 0.0261972 0.0344384 9.99548E-05 9.99548E-05 9.99548E-05
9.995E-05 9.995E-05 0.0517 9.995E-05 0.796894 0.0704629 9.995E-05 0.00480441 9.995E-05 0.0756385
9.9946E-05 0.00443293 9.9946E-05 0.00490918 0.944199 0.0458593 9.9946E-05 9.9946E-05 9.9946E-05 9.9946E-05
9.99551E-05 0.200426 0.339408 0.0781197 0.352957 9.99551E-05 0.0285898 9.99551E-05 9.99551E-05 9.99551E-05
9.9928E-05 9.9928E-05 9.9928E-05 9.9928E-05 0.959087 9.9928E-05 0.040114 9.9928E-05 9.9928E-05 9.9928E-05
9.9937E-05 9.9937E-05 0.691469 9.9937E-05 9.9937E-05 9.9937E-05 9.9937E-05 9.9937E-05 0.00543296 0.302398
9.9955E-05 0.0339854 0.436898 0.176223 0.33309 0.0193032 9.9955E-05 9.9955E-05 9.9955E-05 9.9955E-05
9.99369E-05 9.99369E-05 0.717457 9.99369E-05 9.99369E-05 9.99369E-05 9.99369E-05 9.99369E-05 0.0951818 0.186661
9.99281E-05 0.956711 0.0424893 9.99281E-05 9.99281E-05 9.99281E-05 9.99281E-05 9.99281E-05 9.99281E-05 9.99281E-05
9.99282E-05 0.977277 0.021924 9.99282E-05 9.99282E-05 9.99282E-05 9.99282E-05 9.99282E-05 9.99282E-05 9.99282E-05
0.654245 9.9946E-05 9.9946E-05 9.9946E-05 0.021527 0.139754 9.9946E-05 9.9946E-05 9.9946E-05 0.183875
9.99281E-05 9.99281E-05 9.99281E-05 9.99281E-05 0.0508718 9.99281E-05 9.99281E-05 9.99281E-05 9.99281E-05 0.948329
0.0170016 9.9946E-05 9.9946E-05 9.9946E-05 0.924082 9.9946E-05 0.0437291 0.0145874 9.9946E-05 9.9946E-05
0.0491883 0.00543434 9.9946E-05 9.9946E-05 0.932269 9.9946E-05 9.9946E-05 0.0125087 9.9946E-05 9.9946E-05
9.994E-05 0.120405 9.994E-05 9.994E-05 9.994E-05 9.994E-05 0.0161803 9.994E-05 0.738615 0.1242
9.99278E-05 0.0743631 9.99278E-05 9.99278E-05 9.99278E-05 9.99278E-05 0.924837 9.99278E-05 9.99278E-05 9.99278E-05
0.0298598 0.0983228 9.99549E-05 0.0480808 9.99549E-05 9.99549E-05 9.99549E-05 0.7412 0.0820366 9.99549E-05
9.9928E-05 9.9928E-05 9.9928E-05 9.9928E-05 9.9928E-05 0.073628 9.9928E-05 0.925573 9.9928E-05 9.9928E-05
0.0861787 0.505481 9.9946E-05 9.9946E-05 9.9946E-05 9.9946E-05 0.08415 9.9946E-05 0.32359 9.9946E-05
9.99201E-05 9.99201E-05 9.99201E-05 9.99201E-05 9.99201E-05 9.99201E-05 9.99201E-05 0.999101 9.99201E-05 9.99201E-05
0.533959 0.058083 9.99549E-05 9.99549E-05 9.99549E-05 9.99549E-05 0.0562398 9.99549E-05 0.284943 0.0662756
9.99551E-05 0.195898 9.99551E-05 0.00270774 9.99551E-05 0.145401 0.300639 0.354854 9.99551E-05 9.99551E-05
9.9946E-05 0.0529219 9.9946E-05 9.9946E-05 9.9946E-05 0.0166 0.034922 0.894957 9.9946E-05 9.9946E-05
9.99282E-05 9.99282E-05 9.99282E-05 0.015853 0.983348 9.99282E-05 9.99282E-05 9.99282E-05 9.99282E-05 9.99282E-05
9.99201E-05 9.99201E-05 9.99201E-05 9.99201E-05 0.999101 9.99201E-05 9.99201E-05 9.99201E-05 9.99201E-05 9.99201E-05
0.0888776 0.0853171 9.99549E-05 9.99549E-05 9.99549E-05 0.025312 0.058095 9.99549E-05 9.99549E-05 0.741898
9.9937E-05 9.9937E-05 9.9937E-05 0.0530345 0.941195 9.9937E-05 9.9937E-05 9.9937E-05 0.00507059 9.9937E-05
9.9946E-05 9.9946E-05 0.00481608 0.079513 0.891476 9.9946E-05 9.9946E-05 9.9946E-05 9.9946E-05 0.0235956
9.99731E-05 9.99731E-05 0.0691908 0.205517 0.660024 0.00850096 0.00712397 0.0175326 9.99731E-05 0.0318106
9.9955E-05 9.9955E-05 0.134338 0.20374 0.614046 0.0109221 0.0364541 9.9955E-05 9.9955E-05 9.9955E-05
0.0539207 9.99461E-05 0.926524 0.0160089 9.99461E-05 9.99461E-05 9.99461E-05 0.00294699 9.99461E-05 9.99461E-05
9.99282E-05 9.99282E-05 9.99282E-05 9.99282E-05 0.965805 9.99282E-05 9.99282E-05 9.99282E-05 0.0333956 9.99282E-05
9.99372E-05 9.99372E-05 0.140591 0.806514 0.052196 9.99372E-05 9.99372E-05 9.99372E-05 9.99372E-05 9.99372E-05
0.0694065 0.0265052 9.99729E-05 0.0172085 0.0317516 0.103996 0.293894 9.99729E-05 9.99729E-05 0.456939
9.99279E-05 9.99279E-05 9.99279E-05 9.99279E-05 0.968075 9.99279E-05 9.99279E-05 9.99279E-05 0.0311261 9.99279E-05
0.999101 9.99201E-05 9.99201E-05 9.99201E-05 9.99201E-05 9.99201E-05 9.99201E-05 9.99201E-05 9.99201E-05 9.99201E-05
0.136728 0.61634 0.219403 9.99549E-05 9.99549E-05 9.99549E-05 0.0261163 0.000913061 9.99549E-05 9.99549E-05
9.99278E-05 9.99278E-05 0.0122252 9.99278E-05 9.99278E-05 9.99278E-05 0.986975 9.99278E-05 9.99278E-05 9.99278E-05
0.265594 0.213144 9.996E-05 9.996E-05 0.0818587 9.996E-05 0.105042 0.00189971 0.332061 9.996E-05
0.288849 0.271462 9.99729E-05 9.99729E-05 0.0729882 0.00408429 0.0726068 0.0060302 0.283679 9.99729E-05
0.0492465 0.947043 9.9937E-05 9.9937E-05 9.9937E-05 9.9937E-05 0.00301097 9.9937E-05 9.9937E-05 9.9937E-05
0.0424659 9.9946E-05 9.9946E-05 9.9946E-05 9.9946E-05 9.9946E-05 9.9946E-05 0.00270523 0.86934 0.0848889
0.00357141 0.947726 9.9955E-05 0.00828224 9.9955E-05 9.9955E-05 0.0293381 9.9955E-05 9.9955E-05 0.0105821
0.0715492 0.49672 9.9964E-05 9.9964E-05 9.9964E-05 0.0842964 9.9964E-05 0.0996999 0.078782 0.168552
0.121107 0.541263 9.9973E-05 9.9973E-05 0.0749367 9.9973E-05 0.0189272 0.03129 0.194851 0.0173255
0.176684 0.237535 0.0496214 0.0363191 0.0550503 9.9973E-05 0.322526 9.9973E-05 9.9973E-05 0.121965
0.969875 9.99285E-05 9.99285E-05 9.99285E-05 9.99285E-05 9.99285E-05 9.99285E-05 0.0293251 9.99285E-05 9.99285E-05
9.99201E-05 9.99201E-05 9.99201E-05 0.999101 9.99201E-05 9.99201E-05 9.99201E-05 9.99201E-05 9.99201E-05 9.99201E-05
9.99201E-05 9.99201E-05 9.99201E-05 0.999101 9.99201E-05 9.99201E-05 9.99201E-05 9.99201E-05 9.99201E-05 9.99201E-05
9.99201E-05 9.99201E-05 9.99201E-05 0.999101 9.99201E-05 9.99201E-05 9.99201E-05 9.99201E-05 9.99201E-05 9.99201E-05
9.99201E-05 9.99201E-05 9.99201E-05 0.999101 9.99201E-05 9.99201E-05 9.99201E-05 9.99201E-05 9.99201E-05 9.99201E-05
9.99201E-05 9.99201E-05 9.99201E-05 0.999101 9.99201E-05 9.99201E-05 9.99201E-05 9.99201E-05 9.99201E-05 9.99201E-05
9.995E-05 9.995E-05 0.127473 0.427375 0.304253 9.995E-05 9.995E-05 0.0277847 0.112614 9.995E-05
0.0310539 9.9937E-05 0.0187782 0.949468 9.9937E-05 9.9937E-05 9.9937E-05 9.9937E-05 9.9937E-05 9.9937E-05
0.819093 9.99369E-05 9.99369E-05 9.99369E-05 9.99369E-05 9.99369E-05 9.99369E-05 9.99369E-05 0.164226 0.0159814
0.0705593 9.99457E-05 0.806414 0.0874901 9.99457E-05 0.0349365 9.99457E-05 9.99457E-05 9.99457E-05 9.99457E-05
9.99279E-05 9.99279E-05 9.99279E-05 9.99279E-05 0.978444 9.99279E-05 0.0207566 9.99279E-05 9.99279E-05 9.99279E-05
0.0423576 9.9955E-05 9.9955E-05 0.00474973 9.9955E-05 0.029767 9.9955E-05 9.9955E-05 0.0891887 0.833437
9.99282E-05 9.99282E-05 9.99282E-05 9.99282E-05 9.99282E-05 9.99282E-05 9.99282E-05 9.99282E-05 0.883282 0.115918
9.99201E-05 9.99201E-05 9.99201E-05 9.99201E-05 9.99201E-05 9.99201E-05 9.99201E-05 9.99201E-05 9.99201E-05 0.999101
9.99279E-05 0.120246 9.99279E-05 9.99279E-05 9.99279E-05 9.99279E-05 9.99279E-05 9.99279E-05 9.99279E-05 0.878954
9.99459E-05 0.103774 9.99459E-05 9.99459E-05 9.99459E-05 0.0725409 0.0090072 9.99459E-05 9.99459E-05 0.814078
0.0797111 9.99461E-05 9.99461E-05 9.99461E-05 0.00742269 9.99461E-05 9.99461E-05 0.908481 0.0037858 9.99461E-05
9.99283E-05 9.99283E-05 9.99283E-05 9.99283E-05 0.989303 0.00989711 9.99283E-05 9.99283E-05 9.99283E-05 9.99283E-05
0.100251 0.043498 0.108823 0.204998 0.137642 0.0588909 0.0901979 0.0437129 0.0963569 0.115629
9.99283E-05 9.99283E-05 9.99283E-05 9.99283E-05 0.956998 9.99283E-05 9.99283E-05 9.99283E-05 0.0422023 9.99283E-05
0.0440231 9.9946E-05 9.9946E-05 0.00962718 0.906847 9.9946E-05 0.0389029 9.9946E-05 9.9946E-05 9.9946E-05
9.9946E-05 9.9946E-05 0.0300949 0.0344208 0.880285 9.9946E-05 9.9946E-05 9.9946E-05 0.0545998 9.9946E-05
9.9955E-05 9.9955E-05 0.0150787 0.00307556 0.909489 9.9955E-05 9.9955E-05 0.0116164 0.0602403 9.9955E-05
9.99371E-05 0.0500402 0.121763 9.99371E-05 0.827497 9.99371E-05 9.99371E-05 9.99371E-05 9.99371E-05 9.99371E-05
9.99369E-05 9.99369E-05 9.99369E-05 0.00744245 0.958673 9.99369E-05 0.0331849 9.99369E-05 9.99369E-05 9.99369E-05
9.99373E-05 9.99373E-05 0.368874 0.200331 0.430095 9.99373E-05 9.99373E-05 9.99373E-05 9.99373E-05 9.99373E-05
9.99463E-05 9.99463E-05 0.444726 0.0505698 0.459947 9.99463E-05 9.99463E-05 9.99463E-05 9.99463E-05 0.0441576
0.0235593 0.0102891 9.9955E-05 0.00490168 0.924438 9.9955E-05 9.9955E-05 9.9955E-05 0.0363119 9.9955E-05
9.9928E-05 9.9928E-05 9.9928E-05 0.000675974 9.9928E-05 9.9928E-05 9.9928E-05 9.9928E-05 0.998525 9.9928E-05
9.99279E-05 9.99279E-05 9.99279E-05 0.000184054 9.99279E-05 9.99279E-05 9.99279E-05 9.99279E-05 0.999017 9.99279E-05
9.99201E-05 9.99201E-05 9.99201E-05 9.99201E-05 9.99201E-05 0.999101 9.99201E-05 9.99201E-05 9.99201E-05 9.99201E-05
0.00394771 9.99371E-05 9.99371E-05 9.99371E-05 9.99371E-05 0.993987 9.99371E-05 9.99371E-05 9.99371E-05 0.00136589
0.0380334 0.751713 0.0399134 9.99549E-05 9.99549E-05 9.99549E-05 9.99549E-05 9.99549E-05 0.103606 0.0662353
9.9946E-05 0.797607 0.0298067 9.9946E-05 9.9946E-05 9.9946E-05 9.9946E-05 9.9946E-05 0.114507 0.0574795
9.99371E-05 9.99371E-05 9.99371E-05 0.0136182 9.99371E-05 0.975271 9.99371E-05 9.99371E-05 0.0104109 9.99371E-05
9.99201E-05 9.99201E-05 9.99201E-05 9.99201E-05 9.99201E-05 0.999101 9.99201E-05 9.99201E-05 9.99201E-05 9.99201E-05
0.970652 9.99369E-05 9.99369E-05 9.99369E-05 9.99369E-05 9.99369E-05 9.99369E-05 9.99369E-05 0.00635321 0.0222952
0.0193092 0.166724 0.0730707 9.9964E-05 9.9964E-05 9.9964E-05 9.9964E-05 0.0782274 0.504157 0.158112
0.0501748 9.99458E-05 0.844814 0.102909 9.99458E-05 0.00150229 9.99458E-05 9.99458E-05 9.99458E-05 9.99458E-05
9.99641E-05 0.222908 9.99641E-05 9.99641E-05 0.0256753 0.00145717 0.537904 0.0414936 9.99641E-05 0.170162
0.127032 9.99551E-05 9.99551E-05 9.99551E-05 9.99551E-05 0.0891328 0.480716 0.0434385 9.99551E-05 0.259181
9.99552E-05 9.99552E-05 0.264979 0.146262 0.509798 0.0446845 9.99552E-05 0.033776 9.99552E-05 9.99552E-05
