9.99369E-05 9.99369E-05 9.99369E-05 9.99369E-05 9.99369E-05 9.99369E-05 0.0358909 0.00532601 0.958084 9.99369E-05
9.995E-05 9.995E-05 0.64069 9.995E-05 9.995E-05 9.995E-05 0.0124139 0.0370581 0.123026 0.186313
0.0551726 0.0909948 0.0137178 9.99643E-05 9.99643E-05 0.143246 9.99643E-05 0.0165982 9.99643E-05 0.679871
9.9937E-05 9.9937E-05 9.9937E-05 0.00517509 9.9937E-05 9.9937E-05 9.9937E-05 0.029491 9.9937E-05 0.964634
9.996E-05 9.996E-05 0.349309 0.00832463 9.996E-05 0.162031 0.122194 9.996E-05 0.0383879 0.319353
9.9946E-05 9.9946E-05 9.9946E-05 9.9946E-05 9.9946E-05 9.9946E-05 0.0116995 0.009643 0.00330459 0.974753
9.99282E-05 0.311112 0.688089 9.99282E-05 9.99282E-05 9.99282E-05 9.99282E-05 9.99282E-05 9.99282E-05 9.99282E-05
9.995E-05 9.995E-05 0.0757213 0.0836601 9.995E-05 0.653277 0.0886263 9.995E-05 9.995E-05 0.0982156
9.9937E-05 0.203268 0.765676 9.9937E-05 0.0303557 9.9937E-05 9.9937E-05 9.9937E-05 9.9937E-05 9.9937E-05
9.99281E-05 9.99281E-05 0.0298568 9.99281E-05 9.99281E-05 9.99281E-05 0.969344 9.99281E-05 9.99281E-05 9.99281E-05
9.99372E-05 9.99372E-05 0.0022414 9.99372E-05 9.99372E-05 0.00202384 0.995035 9.99372E-05 9.99372E-05 9.99372E-05
9.9955E-05 0.133271 9.9955E-05 9.9955E-05 0.00601855 9.9955E-05 9.9955E-05 0.0949378 0.715246 0.0500264
9.99281E-05 0.979997 9.99281E-05 9.99281E-05 9.99281E-05 0.0192032 9.99281E-05 9.99281E-05 9.99281E-05 9.99281E-05
0.0122105 9.9946E-05 9.9946E-05 9.9946E-05 9.9946E-05 9.9946E-05 9.9946E-05 0.0119462 0.0225776 0.952666
0.00256162 9.99461E-05 9.99461E-05 9.99461E-05 9.99461E-05 9.99461E-05 0.00629871 9.99461E-05 0.037141 0.953399
9.9937E-05 0.123729 9.9937E-05 9.9937E-05 0.823826 9.9937E-05 0.0517452 9.9937E-05 9.9937E-05 9.9937E-05
0.0816594 0.212451 9.9973E-05 9.9973E-05 0.0960024 9.9973E-05 0.280085 0.314727 0.012278 0.00249735
0.719778 9.99639E-05 0.0025608 0.0405552 0.0926876 9.99639E-05 0.107151 9.99639E-05 0.0368669 9.99639E-05
0.885223 0.00874531 9.9937E-05 9.9937E-05 9.9937E-05 9.9937E-05 9.9937E-05 0.105332 9.9937E-05 9.9937E-05
9.99459E-05 9.99459E-05 9.99459E-05 9.99459E-05 0.322516 9.99459E-05 0.498455 0.0861702 0.0922592 9.99459E-05
0.999101 9.99201E-05 9.99201E-05 9.99201E-05 9.99201E-05 9.99201E-05 9.99201E-05 9.99201E-05 9.99201E-05 9.99201E-05
9.9955E-05 0.00556537 9.9955E-05 9.9955E-05 0.359417 9.9955E-05 0.124811 0.000583702 0.509123 9.9955E-05
0.399826 9.99461E-05 9.99461E-05 9.99461E-05 9.99461E-05 0.00999096 0.262023 0.327561 9.99461E-05 9.99461E-05
0.877385 9.99369E-05 9.99369E-05 9.99369E-05 9.99369E-05 9.99369E-05 0.0370934 0.0848219 9.99369E-05 9.99369E-05
9.99282E-05 9.99282E-05 9.99282E-05 0.0351768 9.99282E-05 9.99282E-05 9.99282E-05 9.99282E-05 9.99282E-05 0.964024
9.99201E-05 9.99201E-05 9.99201E-05 9.99201E-05 9.99201E-05 9.99201E-05 9.99201E-05 9.99201E-05 9.99201E-05 0.999101
9.995E-05 0.770773 9.995E-05 0.0165208 9.995E-05 9.995E-05 0.0996279 0.0455416 0.0670367 9.995E-05
9.9946E-05 9.9946E-05 0.0256937 0.0456062 9.9946E-05 0.00468925 9.9946E-05 9.9946E-05 9.9946E-05 0.923411
9.9955E-05 0.00547794 0.0119812 0.0942774 9.9955E-05 0.000278878 9.9955E-05 9.9955E-05 9.9955E-05 0.887485
0.00939793 0.00379172 9.99731E-05 0.179267 9.99731E-05 0.252903 9.99731E-05 0.0136287 0.0516793 0.489033
9.99549E-05 9.99549E-05 9.99549E-05 0.0256592 9.99549E-05 0.545124 0.0421627 0.0231233 9.99549E-05 0.363431
9.99282E-05 9.99282E-05 0.976044 0.0231564 9.99282E-05 9.99282E-05 9.99282E-05 9.99282E-05 9.99282E-05 9.99282E-05
9.99281E-05 9.99281E-05 9.99281E-05 9.99281E-05 9.99281E-05 0.157004 9.99281E-05 9.99281E-05 9.99281E-05 0.842196
9.99371E-05 9.99371E-05 9.99371E-05 0.673675 9.99371E-05 0.314284 9.99371E-05 9.99371E-05 0.0113411 9.99371E-05
9.996E-05 0.550217 9.996E-05 9.996E-05 9.996E-05 0.0838354 0.0728668 0.188233 0.103731 0.000716877
9.996E-05 0.00890276 0.00577487 9.996E-05 9.996E-05 0.0636415 9.996E-05 0.0153911 0.0311508 0.874739
9.9928E-05 9.9928E-05 9.9928E-05 9.9928E-05 9.9928E-05 0.0529425 9.9928E-05 9.9928E-05 0.946258 9.9928E-05
9.99549E-05 9.99549E-05 0.179412 9.99549E-05 9.99549E-05 0.0182492 0.660892 9.99549E-05 0.120197 0.0207498
0.0718938 0.206361 9.9982E-05 9.9982E-05 0.058807 0.0890972 0.158741 0.366895 0.0104911 0.0375143
0.00612393 9.99639E-05 9.99639E-05 9.99639E-05 0.294462 9.99639E-05 0.329457 0.0111447 0.275132 0.0832806
0.00654986 9.99639E-05 9.99639E-05 9.99639E-05 0.26274 9.99639E-05 0.331546 0.0121483 0.32236 0.064256
9.99369E-05 9.99369E-05 9.99369E-05 9.99369E-05 0.0372855 9.99369E-05 0.928629 9.99369E-05 0.033386 9.99369E-05
0.00382973 0.0604743 0.03591 9.9946E-05 0.899186 9.9946E-05 9.9946E-05 9.9946E-05 9.9946E-05 9.9946E-05
9.9946E-05 0.0391884 9.9946E-05 9.9946E-05 9.9946E-05 9.9946E-05 0.905606 0.0230642 0.0315421 9.9946E-05
0.0978318 0.147073 0.0562955 9.9973E-05 0.0161431 9.9973E-05 0.486923 0.119809 0.0756241 9.9973E-05
0.0398359 9.9973E-05 0.00953336 9.9973E-05 0.1251 0.0142266 0.536505 9.9973E-05 0.195537 0.0789632
9.996E-05 0.212439 9.996E-05 0.0237398 9.996E-05 9.996E-05 0.293602 0.0822693 0.244849 0.142701
0.0048851 9.99285E-05 9.99285E-05 9.99285E-05 9.99285E-05 9.99285E-05 9.99285E-05 9.99285E-05 0.994315 9.99285E-05
9.99201E-05 9.99201E-05 9.99201E-05 0.999101 9.99201E-05 9.99201E-05 9.99201E-05 9.99201E-05 9.99201E-05 9.99201E-05
9.99201E-05 9.99201E-05 9.99201E-05 0.999101 9.99201E-05 9.99201E-05 9.99201E-05 9.99201E-05 9.99201E-05 9.99201E-05
9.99281E-05 9.99281E-05 9.99281E-05 0.98444 9.99281E-05 9.99281E-05 9.99281E-05 9.99281E-05 9.99281E-05 0.014761
0.00192421 9.99281E-05 9.99281E-05 0.997276 9.99281E-05 9.99281E-05 9.99281E-05 9.99281E-05 9.99281E-05 9.99281E-05
9.99201E-05 9.99201E-05 9.99201E-05 0.97782 9.99201E-05 0.0213806 9.99201E-05 9.99201E-05 9.99201E-05 9.99201E-05
0.0423292 0.00788753 0.0761948 0.353627 0.113915 0.355364 9.99731E-05 9.99731E-05 9.99731E-05 0.0503823
9.9946E-05 9.9946E-05 0.0360941 0.936831 0.00575831 9.9946E-05 9.9946E-05 9.9946E-05 0.0207168 9.9946E-05
9.99369E-05 0.0136883 9.99369E-05 9.99369E-05 0.19711 9.99369E-05 9.99369E-05 9.99369E-05 0.788502 9.99369E-05
9.99548E-05 9.99548E-05 0.863853 0.0820921 9.99548E-05 9.99548E-05 9.99548E-05 0.0244608 0.0272237 0.00187092
9.9928E-05 9.9928E-05 9.9928E-05 9.9928E-05 9.9928E-05 9.9928E-05 0.00103497 9.9928E-05 9.9928E-05 0.998166
9.9955E-05 0.830047 9.9955E-05 0.0242876 0.10443 9.9955E-05 9.9955E-05 0.00987036 0.0308646 9.9955E-05
9.99371E-05 0.0434473 9.99371E-05 9.99371E-05 0.942547 9.99371E-05 9.99371E-05 9.99371E-05 0.0133065 9.99371E-05
9.99201E-05 0.999101 9.99201E-05 9.99201E-05 9.99201E-05 9.99201E-05 9.99201E-05 9.99201E-05 9.99201E-05 9.99201E-05
9.99459E-05 0.849459 9.99459E-05 9.99459E-05 9.99459E-05 9.99459E-05 0.106479 9.99459E-05 0.0421291 0.0013328
9.99369E-05 0.826641 9.99369E-05 9.99369E-05 9.99369E-05 9.99369E-05 0.0838637 0.0887952 9.99369E-05 9.99369E-05
0.872479 9.99282E-05 9.99282E-05 9.99282E-05 9.99282E-05 9.99282E-05 9.99282E-05 9.99282E-05 0.126722 9.99282E-05
9.99201E-05 9.99201E-05 9.99201E-05 9.99201E-05 9.99201E-05 9.99201E-05 9.99201E-05 9.99201E-05 9.99201E-05 0.999101
0.0561792 0.162952 9.9982E-05 0.139881 0.0542705 0.115136 0.102887 9.9982E-05 0.209245 0.159249
9.99372E-05 9.99372E-05 9.99372E-05 9.99372E-05 0.00987408 0.0735921 9.99372E-05 9.99372E-05 9.99372E-05 0.915834
9.9946E-05 9.9946E-05 9.9946E-05 0.0394871 9.9946E-05 0.0303532 9.9946E-05 9.9946E-05 0.0219902 0.90757
9.994E-05 9.994E-05 9.994E-05 0.0407444 0.0570739 0.0544486 9.994E-05 9.994E-05 9.994E-05 0.847134
0.00112622 9.9955E-05 0.0523011 9.9955E-05 0.0295983 0.0269305 9.9955E-05 9.9955E-05 9.9955E-05 0.889544
9.99551E-05 9.99551E-05 9.99551E-05 9.99551E-05 9.99551E-05 0.14141 0.0542289 0.00391599 0.00624366 0.793702
9.9955E-05 9.9955E-05 9.9955E-05 0.0113729 9.9955E-05 0.0174635 0.0102499 0.00365168 9.9955E-05 0.956762
9.99201E-05 9.99201E-05 9.99201E-05 9.99201E-05 9.99201E-05 0.999101 9.99201E-05 9.99201E-05 9.99201E-05 9.99201E-05
9.9928E-05 0.0666659 9.9928E-05 9.9928E-05 9.9928E-05 0.932535 9.9928E-05 9.9928E-05 9.9928E-05 9.9928E-05
0.00930378 0.00303696 9.99461E-05 9.99461E-05 0.025196 9.99461E-05 9.99461E-05 9.99461E-05 9.99461E-05 0.961864
9.9937E-05 9.9937E-05 0.0220919 9.9937E-05 0.975366 0.00184204 9.9937E-05 9.9937E-05 9.9937E-05 9.9937E-05
9.99369E-05 9.99369E-05 9.99369E-05 0.0285445 0.953572 0.0171838 9.99369E-05 9.99369E-05 9.99369E-05 9.99369E-05
9.99201E-05 9.99201E-05 9.99201E-05 9.99201E-05 9.99201E-05 9.99201E-05 9.99201E-05 0.999101 9.99201E-05 9.99201E-05
9.99201E-05 9.99201E-05 9.99201E-05 9.99201E-05 9.99201E-05 9.99201E-05 9.99201E-05 0.999101 9.99201E-05 9.99201E-05
9.99549E-05 9.99549E-05 0.0368821 0.00210952 0.0477606 9.99549E-05 0.854847 9.99549E-05 0.057901 9.99549E-05
9.99549E-05 0.0115111 0.0388472 9.99549E-05 0.122472 9.99549E-05 0.790486 9.99549E-05 0.0361839 9.99549E-05
9.99201E-05 9.99201E-05 9.99201E-05 9.99201E-05 9.99201E-05 9.99201E-05 9.99201E-05 0.999101 9.99201E-05 9.99201E-05
9.99201E-05 9.99201E-05 9.99201E-05 9.99201E-05 9.99201E-05 9.99201E-05 9.99201E-05 0.999101 9.99201E-05 9.99201E-05
9.99369E-05 0.0737802 9.99369E-05 0.0167719 9.99369E-05 9.99369E-05 9.99369E-05 9.99369E-05 0.908748 9.99369E-05
0.0627566 0.200007 0.0818517 9.9955E-05 0.46317 9.9955E-05 0.191714 9.9955E-05 9.9955E-05 9.9955E-05
9.99369E-05 9.99369E-05 0.910242 0.083238 9.99369E-05 9.99369E-05 9.99369E-05 9.99369E-05 0.0058201 9.99369E-05
0.0879366 0.327227 9.99641E-05 9.99641E-05 9.99641E-05 9.99641E-05 0.275522 0.234659 0.0372713 0.0369837
0.0701496 0.404118 9.99551E-05 9.99551E-05 0.00910137 9.99551E-05 9.99551E-05 0.301174 0.214957 9.99551E-05
0.0224585 9.9964E-05 0.0485264 0.0318165 9.9964E-05 0.638064 9.9964E-05 0.0146324 9.9964E-05 0.244102
