9.98648E-05 0.890833 9.98648E-05 9.98648E-05 9.98648E-05 9.98648E-05 9.98648E-05 9.98648E-05 9.98648E-05 9.98648E-05 9.98648E-05 9.98648E-05 0.0131357 9.98648E-05 9.98648E-05 9.98648E-05 9.98648E-05 0.0945334
9.98739E-05 9.98739E-05 9.98739E-05 9.98739E-05 0.211861 9.98739E-05 9.98739E-05 0.692347 9.98739E-05 9.98739E-05 9.98739E-05 9.98739E-05 0.0196868 9.98739E-05 0.0747063 9.98739E-05 9.98739E-05 9.98739E-05
9.98472E-05 9.98472E-05 9.98472E-05 9.98472E-05 9.98472E-05 9.98472E-05 9.98472E-05 9.98472E-05 0.998303 9.98472E-05 9.98472E-05 9.98472E-05 9.98472E-05 9.98472E-05 9.98472E-05 9.98472E-05 9.98472E-05 9.98472E-05
9.98653E-05 9.98653E-05 9.98653E-05 9.98653E-05 9.98653E-05 9.98653E-05 9.98653E-05 9.98653E-05 9.98653E-05 9.98653E-05 0.0340278 9.98653E-05 9.98653E-05 9.98653E-05 0.937415 9.98653E-05 9.98653E-05 0.0270594
9.99281E-05 9.99281E-05 9.99281E-05 0.0308298 0.10873 9.99281E-05 0.242164 0.121301 0.0108923 9.99281E-05 9.99281E-05 9.99281E-05 9.99281E-05 0.13733 0.215501 0.0600088 0.0194557 0.052989
9.98702E-05 9.98702E-05 9.98702E-05 9.98702E-05 0.0378473 9.98702E-05 0.0540696 9.98702E-05 0.0128923 9.98702E-05 9.98702E-05 9.98702E-05 9.98702E-05 9.98702E-05 0.852053 9.98702E-05 0.04184 9.98702E-05
9.98472E-05 9.98472E-05 9.98472E-05 9.98472E-05 9.98472E-05 9.98472E-05 9.98472E-05 9.98472E-05 9.98472E-05 9.98472E-05 9.98472E-05 9.98472E-05 9.98472E-05 0.998303 9.98472E-05 9.98472E-05 9.98472E-05 9.98472E-05
0.0276363 9.99099E-05 9.99099E-05 0.375876 9.99099E-05 9.99099E-05 0.3291 0.118547 9.99099E-05 9.99099E-05 0.0184876 9.99099E-05 9.99099E-05 9.99099E-05 0.0225571 0.0794535 9.99099E-05 0.0273425
9.98651E-05 9.98651E-05 9.98651E-05 9.98651E-05 9.98651E-05 9.98651E-05 9.98651E-05 0.0289911 9.98651E-05 9.98651E-05 9.98651E-05 9.98651E-05 9.98651E-05 0.968043 9.98651E-05 0.00146753 9.98651E-05 9.98651E-05
9.98403E-05 9.98403E-05 9.98403E-05 9.98403E-05 9.98403E-05 9.98403E-05 9.98403E-05 9.98403E-05 9.98403E-05 9.98403E-05 9.98403E-05 9.98403E-05 9.98403E-05 0.108329 9.98403E-05 9.98403E-05 9.98403E-05 0.890073
9.98562E-05 9.98562E-05 9.98562E-05 9.98562E-05 9.98562E-05 9.98562E-05 9.98562E-05 9.98562E-05 9.98562E-05 9.98562E-05 9.98562E-05 9.98562E-05 9.98562E-05 0.0887823 9.98562E-05 9.98562E-05 9.98562E-05 0.90962
9.9892E-05 0.682387 9.9892E-05 9.9892E-05 9.9892E-05 9.9892E-05 9.9892E-05 9.9892E-05 9.9892E-05 0.143363 0.121641 9.9892E-05 0.00988836 9.9892E-05 0.0311053 9.9892E-05 0.0104166 9.9892E-05
9.98654E-05 9.98654E-05 9.98654E-05 0.0161231 9.98654E-05 9.98654E-05 0.0286178 9.98654E-05 9.98654E-05 0.953761 9.98654E-05 9.98654E-05 9.98654E-05 9.98654E-05 9.98654E-05 9.98654E-05 9.98654E-05 9.98654E-05
9.98833E-05 9.98833E-05 0.00387854 9.98833E-05 0.0155696 9.98833E-05 9.98833E-05 9.98833E-05 9.98833E-05 9.98833E-05 9.98833E-05 9.98833E-05 0.0210659 9.98833E-05 0.930786 9.98833E-05 0.0274017 9.98833E-05
9.98742E-05 0.00208824 0.0126071 9.98742E-05 0.0777344 9.98742E-05 9.98742E-05 9.98742E-05 9.98742E-05 9.98742E-05 9.98742E-05 9.98742E-05 9.98742E-05 9.98742E-05 0.906172 9.98742E-05 9.98742E-05 9.98742E-05
0.0246981 9.9874E-05 9.9874E-05 9.9874E-05 9.9874E-05 0.789204 9.9874E-05 9.9874E-05 9.9874E-05 0.090323 9.9874E-05 9.9874E-05 9.9874E-05 9.9874E-05 9.9874E-05 9.9874E-05 0.0943772 9.9874E-05
9.9865E-05 9.9865E-05 9.9865E-05 9.9865E-05 9.9865E-05 9.9865E-05 9.9865E-05 9.9865E-05 9.9865E-05 0.0201626 9.9865E-05 9.9865E-05 0.919648 9.9865E-05 9.9865E-05 9.9865E-05 9.9865E-05 0.0586919
9.99008E-05 9.99008E-05 0.551724 9.99008E-05 0.0881861 9.99008E-05 9.99008E-05 0.0222928 9.99008E-05 9.99008E-05 9.99008E-05 0.208252 0.0645038 9.99008E-05 9.99008E-05 0.0314267 9.99008E-05 0.0325158
9.98563E-05 9.98563E-05 9.98563E-05 9.98563E-05 9.98563E-05 9.98563E-05 9.98563E-05 9.98563E-05 9.98563E-05 0.0236269 9.98563E-05 0.974775 9.98563E-05 9.98563E-05 9.98563E-05 9.98563E-05 9.98563E-05 9.98563E-05
9.98828E-05 0.0742867 9.98828E-05 9.98828E-05 9.98828E-05 0.350014 9.98828E-05 9.98828E-05 9.98828E-05 9.98828E-05 0.0110756 9.98828E-05 9.98828E-05 9.98828E-05 9.98828E-05 9.98828E-05 0.149234 0.414092
9.98562E-05 9.98562E-05 0.104812 9.98562E-05 9.98562E-05 9.98562E-05 9.98562E-05 9.98562E-05 9.98562E-05 9.98562E-05 9.98562E-05 0.893591 9.98562E-05 9.98562E-05 9.98562E-05 9.98562E-05 9.98562E-05 9.98562E-05
9.9901E-05 0.401112 9.9901E-05 9.9901E-05 0.29929 0.184866 9.9901E-05 9.9901E-05 9.9901E-05 0.0437148 9.9901E-05 9.9901E-05 0.0157909 9.9901E-05 9.9901E-05 9.9901E-05 0.0217043 0.032423
9.98921E-05 9.98921E-05 9.98921E-05 9.98921E-05 9.98921E-05 9.98921E-05 0.0255946 9.98921E-05 9.98921E-05 9.98921E-05 0.121107 0.419842 0.177201 9.98921E-05 9.98921E-05 9.98921E-05 0.0153346 0.239722
9.98649E-05 9.98649E-05 9.98649E-05 9.98649E-05 9.98649E-05 9.98649E-05 9.98649E-05 9.98649E-05 9.98649E-05 9.98649E-05 9.98649E-05 0.892664 9.98649E-05 9.98649E-05 9.98649E-05 9.98649E-05 0.0392154 0.0666228
9.98702E-05 9.98702E-05 9.98702E-05 0.0145415 9.98702E-05 9.98702E-05 9.98702E-05 9.98702E-05 0.0500182 9.98702E-05 9.98702E-05 9.98702E-05 9.98702E-05 0.0204604 0.913262 0.00041999 9.98702E-05 9.98702E-05
9.98475E-05 9.98475E-05 9.98475E-05 9.98475E-05 9.98475E-05 9.98475E-05 9.98475E-05 9.98475E-05 9.98475E-05 9.98475E-05 9.98475E-05 9.98475E-05 9.98475E-05 9.98475E-05 0.998303 9.98475E-05 9.98475E-05 9.98475E-05
9.98917E-05 0.0476694 9.98917E-05 9.98917E-05 9.98917E-05 0.0285355 9.98917E-05 9.98917E-05 9.98917E-05 0.790008 0.0313992 9.98917E-05 0.0471224 9.98917E-05 9.98917E-05 9.98917E-05 9.98917E-05 0.0540673
9.98832E-05 9.98832E-05 9.98832E-05 9.98832E-05 9.98832E-05 9.98832E-05 9.98832E-05 0.0282811 9.98832E-05 9.98832E-05 0.00394863 9.98832E-05 9.98832E-05 0.00485203 0.929982 0.0316377 9.98832E-05 9.98832E-05
9.98921E-05 9.98921E-05 9.98921E-05 9.98921E-05 9.98921E-05 0.00265213 9.98921E-05 0.0375691 9.98921E-05 0.0111252 9.98921E-05 9.98921E-05 9.98921E-05 0.009644 0.862961 0.07485 9.98921E-05 9.98921E-05
9.99012E-05 9.99012E-05 0.0173217 9.99012E-05 0.011289 9.99012E-05 0.592236 9.99012E-05 0.0168252 0.00648628 9.99012E-05 9.99012E-05 9.99012E-05 9.99012E-05 0.270831 0.0839129 9.99012E-05 9.99012E-05
9.98648E-05 9.98648E-05 9.98648E-05 0.0077571 9.98648E-05 9.98648E-05 0.956144 9.98648E-05 9.98648E-05 9.98648E-05 9.98648E-05 9.98648E-05 9.98648E-05 9.98648E-05 0.0346014 9.98648E-05 9.98648E-05 9.98648E-05
9.98475E-05 9.98475E-05 9.98475E-05 9.98475E-05 9.98475E-05 9.98475E-05 9.98475E-05 0.998303 9.98475E-05 9.98475E-05 9.98475E-05 9.98475E-05 9.98475E-05 9.98475E-05 9.98475E-05 9.98475E-05 9.98475E-05 9.98475E-05
9.98652E-05 9.98652E-05 9.98652E-05 0.192856 9.98652E-05 9.98652E-05 9.98652E-05 9.98652E-05 0.0194698 9.98652E-05 9.98652E-05 9.98652E-05 9.98652E-05 9.98652E-05 0.786176 9.98652E-05 9.98652E-05 9.98652E-05
0.00482547 9.98833E-05 9.98833E-05 0.223091 9.98833E-05 9.98833E-05 0.0415244 0.0318242 9.98833E-05 9.98833E-05 9.98833E-05 9.98833E-05 9.98833E-05 9.98833E-05 9.98833E-05 0.697436 9.98833E-05 9.98833E-05
9.99097E-05 0.0148981 9.99097E-05 0.00152502 0.0848556 9.99097E-05 0.0652269 9.99097E-05 9.99097E-05 0.466472 0.08128 9.99097E-05 0.217274 9.99097E-05 9.99097E-05 9.99097E-05 0.0674694 9.99097E-05
0.0095858 9.98919E-05 9.98919E-05 0.0550307 0.00765638 9.98919E-05 9.98919E-05 9.98919E-05 9.98919E-05 9.98919E-05 9.98919E-05 9.98919E-05 0.00716209 9.98919E-05 0.906725 9.98919E-05 0.0126413 9.98919E-05
9.98651E-05 0.93572 9.98651E-05 0.0480418 9.98651E-05 9.98651E-05 9.98651E-05 9.98651E-05 9.98651E-05 9.98651E-05 9.98651E-05 9.98651E-05 9.98651E-05 9.98651E-05 9.98651E-05 9.98651E-05 0.0147406 9.98651E-05
9.99009E-05 0.0478571 0.00613967 0.0523539 0.0585809 9.99009E-05 9.99009E-05 0.201706 9.99009E-05 9.99009E-05 9.99009E-05 9.99009E-05 0.0563347 9.99009E-05 9.99009E-05 9.99009E-05 9.99009E-05 0.575928
9.9865E-05 9.9865E-05 9.9865E-05 0.0152148 9.9865E-05 9.9865E-05 9.9865E-05 9.9865E-05 9.9865E-05 9.9865E-05 9.9865E-05 9.9865E-05 0.970314 9.9865E-05 0.012973 9.9865E-05 9.9865E-05 9.9865E-05
9.9856E-05 9.9856E-05 9.9856E-05 9.9856E-05 0.992228 9.9856E-05 9.9856E-05 9.9856E-05 9.9856E-05 9.9856E-05 9.9856E-05 9.9856E-05 9.9856E-05 9.9856E-05 0.00617388 9.9856E-05 9.9856E-05 9.9856E-05
9.9847E-05 9.9847E-05 9.9847E-05 9.9847E-05 0.998303 9.9847E-05 9.9847E-05 9.9847E-05 9.9847E-05 9.9847E-05 9.9847E-05 9.9847E-05 9.9847E-05 9.9847E-05 9.9847E-05 9.9847E-05 9.9847E-05 9.9847E-05
9.99009E-05 0.011579 9.99009E-05 9.99009E-05 0.0379391 0.0240233 9.99009E-05 9.99009E-05 9.99009E-05 0.0034644 9.99009E-05 9.99009E-05 0.0148088 9.99009E-05 9.99009E-05 9.99009E-05 0.0321563 0.87493
9.99009E-05 0.0213762 0.0193403 9.99009E-05 0.0552832 0.77344 9.99009E-05 9.99009E-05 9.99009E-05 0.0503803 9.99009E-05 9.99009E-05 9.99009E-05 0.0684635 9.99009E-05 9.99009E-05 9.99009E-05 0.0106175
9.98649E-05 0.0118818 9.98649E-05 9.98649E-05 9.98649E-05 9.98649E-05 9.98649E-05 9.98649E-05 9.98649E-05 9.98649E-05 9.98649E-05 9.98649E-05 9.98649E-05 9.98649E-05 9.98649E-05 9.98649E-05 0.106859 0.879761
9.99009E-05 9.99009E-05 9.99009E-05 9.99009E-05 0.197907 9.99009E-05 9.99009E-05 0.0346168 9.99009E-05 0.166279 0.0812671 0.0829012 9.99009E-05 9.99009E-05 9.99009E-05 9.99009E-05 0.150116 0.285814
0.0716757 0.041136 0.0669618 9.99189E-05 0.155899 0.0829915 0.0914504 9.99189E-05 9.99189E-05 0.00145478 9.99189E-05 9.99189E-05 9.99189E-05 9.99189E-05 9.99189E-05 9.99189E-05 0.153212 0.334319
0.0190865 0.171683 9.99278E-05 9.99278E-05 9.99278E-05 9.99278E-05 0.117137 9.99278E-05 0.0241526 0.0501475 9.99278E-05 9.99278E-05 0.0951011 0.065742 9.99278E-05 0.006057 0.277282 0.172811
9.98569E-05 0.960354 0.0380479 9.98569E-05 9.98569E-05 9.98569E-05 9.98569E-05 9.98569E-05 9.98569E-05 9.98569E-05 9.98569E-05 9.98569E-05 9.98569E-05 9.98569E-05 9.98569E-05 9.98569E-05 9.98569E-05 9.98569E-05
9.98562E-05 9.98562E-05 9.98562E-05 9.98562E-05 9.98562E-05 9.98562E-05 0.00148302 9.98562E-05 9.98562E-05 9.98562E-05 9.98562E-05 9.98562E-05 9.98562E-05 9.98562E-05 9.98562E-05 0.996919 9.98562E-05 9.98562E-05
9.98472E-05 9.98472E-05 9.98472E-05 9.98472E-05 9.98472E-05 9.98472E-05 9.98472E-05 9.98472E-05 9.98472E-05 9.98472E-05 9.98472E-05 9.98472E-05 9.98472E-05 9.98472E-05 9.98472E-05 0.998303 9.98472E-05 9.98472E-05
9.98652E-05 9.98652E-05 9.98652E-05 9.98652E-05 9.98652E-05 0.00733486 9.98652E-05 9.98652E-05 9.98652E-05 9.98652E-05 9.98652E-05 9.98652E-05 9.98652E-05 9.98652E-05 9.98652E-05 0.985875 0.00529261 9.98652E-05
9.98563E-05 9.98563E-05 9.98563E-05 9.98563E-05 9.98563E-05 9.98563E-05 9.98563E-05 9.98563E-05 0.00804069 9.98563E-05 9.98563E-05 9.98563E-05 9.98563E-05 9.98563E-05 9.98563E-05 0.990362 9.98563E-05 9.98563E-05
9.98563E-05 9.98563E-05 9.98563E-05 9.98563E-05 9.98563E-05 9.98563E-05 0.0087461 9.98563E-05 9.98563E-05 9.98563E-05 9.98563E-05 9.98563E-05 9.98563E-05 9.98563E-05 9.98563E-05 0.989656 9.98563E-05 9.98563E-05
9.99102E-05 9.99102E-05 9.99102E-05 0.0752691 9.99102E-05 0.118569 0.365228 0.0474969 0.0376755 9.99102E-05 9.99102E-05 0.0191098 9.99102E-05 0.0156195 9.99102E-05 0.320034 9.99102E-05 9.99102E-05
9.98921E-05 9.98921E-05 9.98921E-05 9.98921E-05 9.98921E-05 0.00477805 9.98921E-05 0.058969 9.98921E-05 0.0206425 9.98921E-05 9.98921E-05 9.98921E-05 9.98921E-05 9.98921E-05 0.900986 0.00664682 0.00677845
9.98648E-05 0.773523 9.98648E-05 9.98648E-05 9.98648E-05 0.191594 9.98648E-05 9.98648E-05 9.98648E-05 9.98648E-05 9.98648E-05 9.98648E-05 9.98648E-05 9.98648E-05 9.98648E-05 9.98648E-05 0.0333856 9.98648E-05
9.9874E-05 9.9874E-05 9.9874E-05 9.9874E-05 9.9874E-05 9.9874E-05 9.9874E-05 0.96126 0.0140676 9.9874E-05 9.9874E-05 9.9874E-05 9.9874E-05 0.0144206 9.9874E-05 9.9874E-05 0.00885324 9.9874E-05
9.9865E-05 9.9865E-05 9.9865E-05 9.9865E-05 0.022103 9.9865E-05 9.9865E-05 9.9865E-05 9.9865E-05 9.9865E-05 9.9865E-05 9.9865E-05 0.00256815 9.9865E-05 0.973831 9.9865E-05 9.9865E-05 9.9865E-05
9.98741E-05 9.98741E-05 9.98741E-05 9.98741E-05 0.164781 0.0284624 9.98741E-05 9.98741E-05 9.98741E-05 0.785475 0.0198833 9.98741E-05 9.98741E-05 9.98741E-05 9.98741E-05 9.98741E-05 9.98741E-05 9.98741E-05
9.98564E-05 9.98564E-05 9.98564E-05 9.98564E-05 9.98564E-05 0.882912 9.98564E-05 9.98564E-05 9.98564E-05 9.98564E-05 9.98564E-05 9.98564E-05 9.98564E-05 9.98564E-05 9.98564E-05 9.98564E-05 0.11549 9.98564E-05
9.98656E-05 9.98656E-05 9.98656E-05 0.0142458 9.98656E-05 9.98656E-05 9.98656E-05 9.98656E-05 0.00283891 0.981417 9.98656E-05 9.98656E-05 9.98656E-05 9.98656E-05 9.98656E-05 9.98656E-05 9.98656E-05 9.98656E-05
0.0394397 9.98649E-05 9.98649E-05 9.98649E-05 9.98649E-05 9.98649E-05 9.98649E-05 9.98649E-05 9.98649E-05 0.88057 9.98649E-05 9.98649E-05 9.98649E-05 9.98649E-05 9.98649E-05 9.98649E-05 9.98649E-05 0.0784922
9.99008E-05 9.99008E-05 9.99008E-05 9.99008E-05 0.000280869 9.99008E-05 9.99008E-05 9.99008E-05 9.99008E-05 0.78087 0.0369437 0.000929208 0.00259717 9.99008E-05 9.99008E-05 9.99008E-05 0.0650935 0.112187
9.98468E-05 9.98468E-05 0.998303 9.98468E-05 9.98468E-05 9.98468E-05 9.98468E-05 9.98468E-05 9.98468E-05 9.98468E-05 9.98468E-05 9.98468E-05 9.98468E-05 9.98468E-05 9.98468E-05 9.98468E-05 9.98468E-05 9.98468E-05
0.0294075 9.98835E-05 9.98835E-05 9.98835E-05 9.98835E-05 0.0195301 0.0112241 9.98835E-05 0.0557653 9.98835E-05 9.98835E-05 9.98835E-05 9.98835E-05 9.98835E-05 0.882775 9.98835E-05 9.98835E-05 9.98835E-05
0.998303 9.98473E-05 9.98473E-05 9.98473E-05 9.98473E-05 9.98473E-05 9.98473E-05 9.98473E-05 9.98473E-05 9.98473E-05 9.98473E-05 9.98473E-05 9.98473E-05 9.98473E-05 9.98473E-05 9.98473E-05 9.98473E-05 9.98473E-05
9.98745E-05 9.98745E-05 9.98745E-05 0.0609778 9.98745E-05 0.0264093 9.98745E-05 9.98745E-05 0.0961638 9.98745E-05 9.98745E-05 9.98745E-05 9.98745E-05 9.98745E-05 0.815051 9.98745E-05 9.98745E-05 9.98745E-05
9.9892E-05 0.0269461 9.9892E-05 9.9892E-05 0.0336377 9.9892E-05 0.0790442 9.9892E-05 9.9892E-05 9.9892E-05 9.9892E-05 9.9892E-05 0.0167535 9.9892E-05 0.838676 0.00374417 9.9892E-05 9.9892E-05
9.9892E-05 9.9892E-05 9.9892E-05 0.0465912 9.9892E-05 0.0401173 9.9892E-05 0.00569409 9.9892E-05 9.9892E-05 9.9892E-05 9.9892E-05 9.9892E-05 0.0170098 0.854738 0.0346513 9.9892E-05 9.9892E-05
0.0215285 9.99012E-05 9.99012E-05 0.0314698 9.99012E-05 9.99012E-05 9.99012E-05 0.0174575 9.99012E-05 9.99012E-05 9.99012E-05 0.00413359 9.99012E-05 0.00490351 0.903411 0.0159969 9.99012E-05 9.99012E-05
9.98653E-05 9.98653E-05 9.98653E-05 9.98653E-05 0.0717163 9.98653E-05 0.204979 9.98653E-05 9.98653E-05 9.98653E-05 9.98653E-05 9.98653E-05 9.98653E-05 9.98653E-05 0.721806 9.98653E-05 9.98653E-05 9.98653E-05
9.9883E-05 9.9883E-05 9.9883E-05 0.0166646 9.9883E-05 9.9883E-05 9.9883E-05 9.9883E-05 9.9883E-05 9.9883E-05 9.9883E-05 9.9883E-05 0.0272704 0.00539315 0.940209 9.9883E-05 0.00916405 9.9883E-05
9.98651E-05 9.98651E-05 9.98651E-05 0.981043 9.98651E-05 9.98651E-05 0.00841152 9.98651E-05 9.98651E-05 9.98651E-05 9.98651E-05 9.98651E-05 9.98651E-05 9.98651E-05 9.98651E-05 0.00904762 9.98651E-05 9.98651E-05
9.98561E-05 9.98561E-05 9.98561E-05 0.976303 9.98561E-05 9.98561E-05 9.98561E-05 9.98561E-05 9.98561E-05 0.0220991 9.98561E-05 9.98561E-05 9.98561E-05 9.98561E-05 9.98561E-05 9.98561E-05 9.98561E-05 9.98561E-05
0.0148954 0.00557733 9.99011E-05 9.99011E-05 9.99011E-05 0.0407208 9.99011E-05 9.99011E-05 0.0188754 9.99011E-05 9.99011E-05 9.99011E-05 9.99011E-05 9.99011E-05 0.864315 0.0470731 9.99011E-05 0.00744432
9.98741E-05 9.98741E-05 9.98741E-05 9.98741E-05 0.00974029 0.970491 0.00483387 9.98741E-05 9.98741E-05 9.98741E-05 9.98741E-05 9.98741E-05 9.98741E-05 9.98741E-05 9.98741E-05 0.0135365 9.98741E-05 9.98741E-05
9.98651E-05 9.98651E-05 9.98651E-05 9.98651E-05 9.98651E-05 0.991255 9.98651E-05 9.98651E-05 9.98651E-05 9.98651E-05 9.98651E-05 9.98651E-05 9.98651E-05 9.98651E-05 0.000927675 0.00631923 9.98651E-05 9.98651E-05
9.98563E-05 9.98563E-05 9.98563E-05 9.98563E-05 0.00423301 9.98563E-05 9.98563E-05 9.98563E-05 9.98563E-05 9.98563E-05 0.994169 9.98563E-05 9.98563E-05 9.98563E-05 9.98563E-05 9.98563E-05 9.98563E-05 9.98563E-05
9.98473E-05 9.98473E-05 9.98473E-05 9.98473E-05 9.98473E-05 9.98473E-05 9.98473E-05 9.98473E-05 9.98473E-05 9.98473E-05 0.998303 9.98473E-05 9.98473E-05 9.98473E-05 9.98473E-05 9.98473E-05 9.98473E-05 9.98473E-05
9.98919E-05 0.0129691 9.98919E-05 9.98919E-05 0.15165 0.0766405 9.98919E-05 0.0684093 9.98919E-05 0.0440031 9.98919E-05 9.98919E-05 9.98919E-05 9.98919E-05 9.98919E-05 9.98919E-05 9.98919E-05 0.645129
9.98919E-05 0.0252279 9.98919E-05 9.98919E-05 0.125078 0.0742092 9.98919E-05 0.0225715 9.98919E-05 0.06079 9.98919E-05 9.98919E-05 9.98919E-05 9.98919E-05 9.98919E-05 9.98919E-05 9.98919E-05 0.690924
9.98653E-05 9.98653E-05 9.98653E-05 0.0160835 9.98653E-05 0.0311334 9.98653E-05 9.98653E-05 9.98653E-05 9.98653E-05 0.951285 9.98653E-05 9.98653E-05 9.98653E-05 9.98653E-05 9.98653E-05 9.98653E-05 9.98653E-05
9.98474E-05 9.98474E-05 9.98474E-05 9.98474E-05 9.98474E-05 9.98474E-05 9.98474E-05 9.98474E-05 9.98474E-05 9.98474E-05 0.998303 9.98474E-05 9.98474E-05 9.98474E-05 9.98474E-05 9.98474E-05 9.98474E-05 9.98474E-05
9.98829E-05 0.911968 9.98829E-05 9.98829E-05 9.98829E-05 0.0315244 9.98829E-05 0.00105092 9.98829E-05 0.0534752 9.98829E-05 9.98829E-05 9.98829E-05 9.98829E-05 9.98829E-05 0.000683461 9.98829E-05 9.98829E-05
9.98829E-05 9.98829E-05 9.98829E-05 9.98829E-05 0.68685 0.0289079 9.98829E-05 9.98829E-05 9.98829E-05 0.120812 9.98829E-05 0.0269393 9.98829E-05 0.135192 9.98829E-05 9.98829E-05 9.98829E-05 9.98829E-05
9.9865E-05 9.9865E-05 9.9865E-05 9.9865E-05 9.9865E-05 9.9865E-05 9.9865E-05 0.860404 9.9865E-05 9.9865E-05 9.9865E-05 9.9865E-05 9.9865E-05 0.0681644 9.9865E-05 0.0699339 9.9865E-05 9.9865E-05
9.98469E-05 9.98469E-05 9.98469E-05 9.98469E-05 9.98469E-05 9.98469E-05 9.98469E-05 9.98469E-05 9.98469E-05 9.98469E-05 9.98469E-05 9.98469E-05 9.98469E-05 9.98469E-05 9.98469E-05 9.98469E-05 0.998303 9.98469E-05
9.98921E-05 0.0518043 9.98921E-05 9.98921E-05 9.98921E-05 0.0174189 9.98921E-05 9.98921E-05 9.98921E-05 0.0721131 0.0423244 9.98921E-05 0.0963149 9.98921E-05 9.98921E-05 9.98921E-05 0.718826 9.98921E-05
9.98471E-05 9.98471E-05 9.98471E-05 9.98471E-05 9.98471E-05 9.98471E-05 0.998303 9.98471E-05 9.98471E-05 9.98471E-05 9.98471E-05 9.98471E-05 9.98471E-05 9.98471E-05 9.98471E-05 9.98471E-05 9.98471E-05 9.98471E-05
