9.99459E-05 9.99459E-05 9.99459E-05 9.99459E-05 0.0550332 0.0135394 9.99459E-05 0.930828 9.99459E-05
9.99548E-05 9.99548E-05 9.99548E-05 9.99548E-05 9.99548E-05 0.0383632 0.194517 0.158471 0.608149
0.00565927 0.00340201 0.0618937 9.99732E-05 9.99732E-05 0.0361917 0.786057 9.99732E-05 0.106496
9.9937E-05 9.9937E-05 9.9937E-05 9.9937E-05 9.9937E-05 0.0267708 0.97253 9.9937E-05 9.9937E-05
9.996E-05 0.0206404 9.996E-05 9.996E-05 0.235016 9.996E-05 0.467485 0.00123615 0.275223
9.9937E-05 9.9937E-05 9.9937E-05 9.9937E-05 0.0393713 9.9937E-05 0.959929 9.9937E-05 9.9937E-05
0.252685 9.9946E-05 9.9946E-05 0.00591221 9.9946E-05 9.9946E-05 9.9946E-05 9.9946E-05 0.740803
9.9955E-05 0.18822 9.9955E-05 9.9955E-05 0.107753 9.9955E-05 0.407954 9.9955E-05 0.295574
0.156014 9.9946E-05 9.9946E-05 0.0793355 9.9946E-05 9.9946E-05 9.9946E-05 9.9946E-05 0.76405
9.99371E-05 9.99371E-05 9.99371E-05 9.99371E-05 0.97364 9.99371E-05 9.99371E-05 9.99371E-05 0.0256609
9.99371E-05 9.99371E-05 9.99371E-05 9.99371E-05 0.95748 9.99371E-05 9.99371E-05 9.99371E-05 0.0418208
0.165818 9.9955E-05 9.9955E-05 9.9955E-05 9.9955E-05 0.130623 0.00940441 0.693655 9.9955E-05
0.985638 9.99371E-05 9.99371E-05 9.99371E-05 9.99371E-05 9.99371E-05 0.0136626 9.99371E-05 9.99371E-05
0.00755814 9.9964E-05 0.0144591 9.9964E-05 9.9964E-05 0.00617384 0.964663 0.00674625 9.9964E-05
9.9937E-05 9.9937E-05 9.9937E-05 9.9937E-05 9.9937E-05 9.9937E-05 0.948205 0.0510955 9.9937E-05
0.195241 9.9946E-05 9.9946E-05 0.759371 0.0447885 9.9946E-05 9.9946E-05 9.9946E-05 9.9946E-05
0.204881 9.9973E-05 0.0749746 0.103959 0.330138 0.285394 0.000352969 9.9973E-05 9.9973E-05
9.997E-05 0.0495041 0.717685 0.0670947 0.0999794 9.997E-05 9.997E-05 0.0304416 0.0349954
0.00644118 9.9946E-05 0.911221 9.9946E-05 9.9946E-05 0.0817382 9.9946E-05 9.9946E-05 9.9946E-05
9.9955E-05 9.9955E-05 9.9955E-05 0.320925 0.517123 0.057626 9.9955E-05 0.103827 9.9955E-05
9.993E-05 9.993E-05 0.999201 9.993E-05 9.993E-05 9.993E-05 9.993E-05 9.993E-05 9.993E-05
0.0458253 9.9964E-05 9.9964E-05 0.32083 0.136826 0.000346037 9.9964E-05 0.495773 9.9964E-05
9.9955E-05 9.9955E-05 0.406356 9.9955E-05 0.304958 0.2734 0.0147861 9.9955E-05 9.9955E-05
9.99459E-05 9.99459E-05 0.908327 9.99459E-05 0.037635 0.0534387 9.99459E-05 9.99459E-05 9.99459E-05
9.99371E-05 0.00691721 9.99371E-05 9.99371E-05 9.99371E-05 9.99371E-05 0.992383 9.99371E-05 9.99371E-05
9.99371E-05 0.00151156 9.99371E-05 9.99371E-05 9.99371E-05 9.99371E-05 0.997789 9.99371E-05 9.99371E-05
0.73577 9.99639E-05 9.99639E-05 0.0367458 0.0592421 0.0758286 9.99639E-05 0.0920136 9.99639E-05
9.99369E-05 0.059387 9.99369E-05 9.99369E-05 9.99369E-05 9.99369E-05 0.939913 9.99369E-05 9.99369E-05
9.9955E-05 0.0330371 9.9955E-05 0.019911 9.9955E-05 9.9955E-05 0.892686 9.9955E-05 0.0538665
0.0453962 0.173701 0.0262549 9.99641E-05 9.99641E-05 9.99641E-05 0.705408 9.99641E-05 0.04884
9.99641E-05 0.184682 9.99641E-05 9.99641E-05 0.0428449 0.0226729 0.68257 9.99641E-05 0.0668307
9.9955E-05 0.0617349 9.9955E-05 9.9955E-05 9.9955E-05 0.0101786 9.9955E-05 0.0396235 0.887963
9.99461E-05 9.99461E-05 9.99461E-05 0.00931834 9.99461E-05 0.003492 0.98659 9.99461E-05 9.99461E-05
9.99461E-05 0.785287 9.99461E-05 9.99461E-05 9.99461E-05 9.99461E-05 0.113378 9.99461E-05 0.100735
0.56923 0.0111179 9.99729E-05 9.99729E-05 0.0770848 0.170371 0.0727379 0.0991586 9.99729E-05
0.00357948 9.99459E-05 9.99459E-05 0.0213252 9.99459E-05 9.99459E-05 0.974496 9.99459E-05 9.99459E-05
9.9937E-05 9.9937E-05 9.9937E-05 9.9937E-05 9.9937E-05 9.9937E-05 0.00706395 0.992236 9.9937E-05
9.99549E-05 9.99549E-05 9.99549E-05 9.99549E-05 0.625496 9.99549E-05 0.0285154 0.138482 0.207007
0.192738 9.9973E-05 0.0439574 9.9973E-05 0.287381 0.337661 0.133584 0.0043791 9.9973E-05
9.996E-05 9.996E-05 9.996E-05 0.288992 0.336854 0.0107786 0.0991643 0.263811 9.996E-05
9.99729E-05 9.99729E-05 0.00956663 0.276958 0.361492 0.0402581 0.0447538 0.266671 9.99729E-05
9.99459E-05 9.99459E-05 9.99459E-05 0.0273417 0.904082 9.99459E-05 9.99459E-05 0.067977 9.99459E-05
0.0922983 9.9964E-05 9.9964E-05 0.844867 0.00429242 9.9964E-05 9.9964E-05 0.0200441 0.0380985
0.04414 9.99459E-05 9.99459E-05 9.99459E-05 0.918404 9.99459E-05 9.99459E-05 0.0368567 9.99459E-05
0.19443 9.9982E-05 0.0862759 0.0940174 0.447515 0.125569 9.9982E-05 0.0386159 0.0133767
0.0126779 9.9982E-05 0.0175504 0.212431 0.544268 0.00218976 0.0864467 0.124236 9.9982E-05
0.233777 0.0401146 9.9973E-05 9.9973E-05 0.383042 0.056847 0.129206 0.156713 9.9973E-05
9.99374E-05 9.99374E-05 0.0104719 9.99374E-05 9.99374E-05 9.99374E-05 9.99374E-05 0.988829 9.99374E-05
9.993E-05 0.999201 9.993E-05 9.993E-05 9.993E-05 9.993E-05 9.993E-05 9.993E-05 9.993E-05
9.993E-05 0.999201 9.993E-05 9.993E-05 9.993E-05 9.993E-05 9.993E-05 9.993E-05 9.993E-05
9.9937E-05 0.985971 9.9937E-05 0.0133298 9.9937E-05 9.9937E-05 9.9937E-05 9.9937E-05 9.9937E-05
9.993E-05 0.999201 9.993E-05 9.993E-05 9.993E-05 9.993E-05 9.993E-05 9.993E-05 9.993E-05
9.993E-05 0.999201 9.993E-05 9.993E-05 9.993E-05 9.993E-05 9.993E-05 9.993E-05 9.993E-05
9.99731E-05 0.41203 0.0373568 0.0272488 0.0281684 9.99731E-05 0.28444 9.99731E-05 0.210456
9.994E-05 0.947107 9.994E-05 9.994E-05 9.994E-05 9.994E-05 9.994E-05 0.0334339 0.018859
0.0374153 9.99459E-05 9.99459E-05 0.181914 9.99459E-05 9.99459E-05 9.99459E-05 0.780071 9.99459E-05
9.99548E-05 0.0906421 9.99548E-05 9.99548E-05 9.99548E-05 0.0269666 9.99548E-05 0.0507228 0.831169
9.99369E-05 9.99369E-05 9.99369E-05 9.99369E-05 9.99369E-05 9.99369E-05 0.998464 0.000836941 9.99369E-05
0.838015 9.9955E-05 9.9955E-05 0.101437 9.9955E-05 0.0135354 9.9955E-05 0.0465127 9.9955E-05
0.103082 9.99461E-05 9.99461E-05 0.889009 9.99461E-05 9.99461E-05 9.99461E-05 0.00731 9.99461E-05
0.999201 9.993E-05 9.993E-05 9.993E-05 9.993E-05 9.993E-05 9.993E-05 9.993E-05 9.993E-05
0.882761 9.99369E-05 9.99369E-05 9.99369E-05 0.11654 9.99369E-05 9.99369E-05 9.99369E-05 9.99369E-05
0.866613 9.99459E-05 9.99459E-05 9.99459E-05 0.0864294 0.0463575 9.99459E-05 9.99459E-05 9.99459E-05
9.99462E-05 0.00227136 0.878034 9.99462E-05 9.99462E-05 9.99462E-05 9.99462E-05 0.119095 9.99462E-05
9.99373E-05 9.99373E-05 9.99373E-05 0.00140663 9.99373E-05 9.99373E-05 0.997894 9.99373E-05 9.99373E-05
0.0665732 0.0442936 0.0795511 0.215721 9.9991E-05 0.0786192 0.231352 0.157572 0.126217
9.99373E-05 9.99373E-05 9.99373E-05 0.0300017 9.99373E-05 9.99373E-05 0.969299 9.99373E-05 9.99373E-05
9.9946E-05 0.0356821 9.9946E-05 9.9946E-05 9.9946E-05 9.9946E-05 0.924999 0.0387196 9.9946E-05
9.9955E-05 0.0582365 9.9955E-05 0.0411939 9.9955E-05 9.9955E-05 0.896387 9.9955E-05 0.00368299
9.9946E-05 9.9946E-05 0.00462688 9.9946E-05 9.9946E-05 9.9946E-05 0.894172 9.9946E-05 0.100601
9.99551E-05 9.99551E-05 9.99551E-05 9.99551E-05 0.0530514 9.99551E-05 0.918154 0.0106109 0.0176842
0.0138916 9.9946E-05 0.00962582 9.9946E-05 9.9946E-05 9.9946E-05 0.975883 9.9946E-05 9.9946E-05
9.99463E-05 0.232165 9.99463E-05 9.99463E-05 9.99463E-05 9.99463E-05 0.49178 9.99463E-05 0.275456
0.0768401 0.0962157 9.99552E-05 9.99552E-05 9.99552E-05 9.99552E-05 0.451748 9.99552E-05 0.374697
9.9955E-05 0.00805809 9.9955E-05 0.0283677 9.9955E-05 0.0112195 0.951855 9.9955E-05 9.9955E-05
9.9946E-05 0.00857351 9.9946E-05 0.989888 9.9946E-05 9.9946E-05 0.000939152 9.9946E-05 9.9946E-05
9.993E-05 9.993E-05 9.993E-05 0.999201 9.993E-05 9.993E-05 9.993E-05 9.993E-05 9.993E-05
9.993E-05 9.993E-05 9.993E-05 9.993E-05 9.993E-05 0.999201 9.993E-05 9.993E-05 9.993E-05
9.993E-05 9.993E-05 9.993E-05 9.993E-05 9.993E-05 0.999201 9.993E-05 9.993E-05 9.993E-05
0.00109711 9.99639E-05 9.99639E-05 0.0859449 0.802173 9.99639E-05 9.99639E-05 0.0678583 0.0425271
0.0183819 9.99639E-05 9.99639E-05 0.18221 0.715229 9.99639E-05 9.99639E-05 0.0266679 0.0571115
9.9937E-05 9.9937E-05 9.9937E-05 9.9937E-05 9.9937E-05 0.967067 9.9937E-05 9.9937E-05 0.032233
9.993E-05 9.993E-05 9.993E-05 9.993E-05 9.993E-05 0.999201 9.993E-05 9.993E-05 9.993E-05
0.0218765 9.99459E-05 9.99459E-05 0.0185503 9.99459E-05 9.99459E-05 9.99459E-05 0.958974 9.99459E-05
0.201221 9.997E-05 0.0659271 0.492785 0.142328 9.997E-05 9.997E-05 0.0166155 0.0808231
9.99458E-05 0.091239 9.99458E-05 9.99458E-05 9.99458E-05 9.99458E-05 9.99458E-05 0.0407641 0.867397
0.371573 9.996E-05 0.0915976 9.996E-05 0.297529 0.192234 0.0466659 9.996E-05 9.996E-05
0.498646 9.99551E-05 0.0783571 9.99551E-05 9.99551E-05 0.285024 9.99551E-05 0.137473 9.99551E-05
9.99641E-05 0.193642 0.0379795 9.99641E-05 9.99641E-05 0.00358528 0.537179 9.99641E-05 0.227215
