9.99279E-05 0.057865 9.99279E-05 9.99279E-05 9.99279E-05 0.933791 9.99279E-05 9.99279E-05 9.99279E-05 9.99279E-05 0.00754511
0.683284 9.99368E-05 9.99368E-05 9.99368E-05 0.160554 0.0495758 9.99368E-05 9.99368E-05 9.99368E-05 0.105886 9.99368E-05
9.99554E-05 9.99554E-05 0.103316 0.1044 0.695561 9.99554E-05 9.99554E-05 0.0280338 0.0118468 9.99554E-05 0.0563422
9.9946E-05 0.0061096 9.9946E-05 9.9946E-05 0.93188 9.9946E-05 9.9946E-05 9.9946E-05 0.0264094 0.0197228 0.015279
0.328685 0.079055 9.99641E-05 0.0710609 0.353398 0.00608983 9.99641E-05 9.99641E-05 0.0408102 0.120501 9.99641E-05
9.9928E-05 9.9928E-05 9.9928E-05 0.000323842 0.95464 9.9928E-05 9.9928E-05 9.9928E-05 9.9928E-05 0.0442372 9.9928E-05
0.717772 9.99282E-05 0.271737 9.99282E-05 9.99282E-05 9.99282E-05 0.00969222 9.99282E-05 9.99282E-05 9.99282E-05 9.99282E-05
0.0725742 0.0998969 9.99549E-05 0.770011 0.0189155 9.99549E-05 9.99549E-05 9.99549E-05 0.0220932 9.99549E-05 0.0160091
0.790941 9.99281E-05 0.169063 9.99281E-05 9.99281E-05 9.99281E-05 0.0391963 9.99281E-05 9.99281E-05 9.99281E-05 9.99281E-05
9.99102E-05 0.999001 9.99102E-05 9.99102E-05 9.99102E-05 9.99102E-05 9.99102E-05 9.99102E-05 9.99102E-05 9.99102E-05 9.99102E-05
9.99102E-05 0.999001 9.99102E-05 9.99102E-05 9.99102E-05 9.99102E-05 9.99102E-05 9.99102E-05 9.99102E-05 9.99102E-05 9.99102E-05
9.9937E-05 9.9937E-05 0.174189 9.9937E-05 0.0210523 0.683163 9.9937E-05 9.9937E-05 9.9937E-05 9.9937E-05 0.120896
9.99192E-05 9.99192E-05 0.964453 0.0346475 9.99192E-05 9.99192E-05 9.99192E-05 9.99192E-05 9.99192E-05 9.99192E-05 9.99192E-05
9.99281E-05 9.99281E-05 9.99281E-05 9.99281E-05 0.934944 9.99281E-05 9.99281E-05 0.0118941 9.99281E-05 0.0523623 9.99281E-05
9.99551E-05 0.00166574 9.99551E-05 9.99551E-05 0.935288 0.045783 9.99551E-05 0.00554475 0.00481847 0.00640014 9.99551E-05
9.9937E-05 0.00784425 0.143855 9.9937E-05 9.9937E-05 9.9937E-05 0.812116 9.9937E-05 9.9937E-05 0.0354852 9.9937E-05
9.99188E-05 0.11295 9.99188E-05 9.99188E-05 9.99188E-05 9.99188E-05 9.99188E-05 9.99188E-05 9.99188E-05 0.886151 9.99188E-05
0.0431546 0.126168 9.99459E-05 9.99459E-05 9.99459E-05 9.99459E-05 0.0464173 0.721803 0.0618572 9.99459E-05 9.99459E-05
9.99191E-05 9.99191E-05 9.99191E-05 9.99191E-05 9.99191E-05 9.99191E-05 9.99191E-05 0.918995 9.99191E-05 9.99191E-05 0.0801061
9.99459E-05 0.462046 9.99459E-05 9.99459E-05 9.99459E-05 0.0998515 0.349523 9.99459E-05 9.99459E-05 0.043559 0.0444208
9.99101E-05 9.99101E-05 9.99101E-05 9.99101E-05 9.99101E-05 9.99101E-05 9.99101E-05 0.999001 9.99101E-05 9.99101E-05 9.99101E-05
9.99459E-05 0.112985 0.0142032 9.99459E-05 9.99459E-05 0.472646 0.333407 9.99459E-05 9.99459E-05 0.0661605 9.99459E-05
9.99371E-05 0.217458 9.99371E-05 9.99371E-05 9.99371E-05 9.99371E-05 9.99371E-05 0.330388 9.99371E-05 0.337108 0.114346
9.99279E-05 0.0447306 9.99279E-05 9.99279E-05 9.99279E-05 9.99279E-05 9.99279E-05 0.906851 9.99279E-05 9.99279E-05 0.0476192
9.99192E-05 9.99192E-05 9.99192E-05 9.99192E-05 0.993494 9.99192E-05 9.99192E-05 9.99192E-05 0.00560722 9.99192E-05 9.99192E-05
9.99101E-05 9.99101E-05 9.99101E-05 9.99101E-05 0.999001 9.99101E-05 9.99101E-05 9.99101E-05 9.99101E-05 9.99101E-05 9.99101E-05
9.99459E-05 0.0787954 0.792162 9.99459E-05 9.99459E-05 0.0666958 9.99459E-05 9.99459E-05 9.99459E-05 0.0109213 0.0508261
9.9937E-05 9.9937E-05 9.9937E-05 0.0373885 0.904628 9.9937E-05 9.9937E-05 9.9937E-05 0.0565623 9.9937E-05 0.000721454
0.00468245 9.9946E-05 0.00616805 9.9946E-05 0.892869 9.9946E-05 0.0206603 9.9946E-05 0.0750207 9.9946E-05 9.9946E-05
0.0456455 9.99641E-05 0.00235084 0.29855 0.535043 0.0215274 9.99641E-05 0.0111229 0.0853604 9.99641E-05 9.99641E-05
9.99369E-05 9.99369E-05 9.99369E-05 0.594564 0.300177 9.99369E-05 9.99369E-05 9.99369E-05 0.0520105 0.0525492 9.99369E-05
0.949484 9.99192E-05 9.99192E-05 9.99192E-05 9.99192E-05 9.99192E-05 9.99192E-05 9.99192E-05 0.049617 9.99192E-05 9.99192E-05
9.99191E-05 9.99191E-05 9.99191E-05 0.167168 0.831933 9.99191E-05 9.99191E-05 9.99191E-05 9.99191E-05 9.99191E-05 9.99191E-05
9.99281E-05 9.99281E-05 9.99281E-05 0.34238 9.99281E-05 0.0148288 9.99281E-05 9.99281E-05 0.641992 9.99281E-05 9.99281E-05
9.99548E-05 0.0524901 0.477386 0.0873586 9.99548E-05 0.0196612 9.99548E-05 9.99548E-05 9.99548E-05 0.272948 0.0896571
0.00062447 9.99459E-05 0.00544754 0.0675824 0.91018 9.99459E-05 0.0155656 9.99459E-05 9.99459E-05 9.99459E-05 9.99459E-05
9.9928E-05 9.9928E-05 9.9928E-05 0.0146615 9.9928E-05 0.955009 9.9928E-05 9.9928E-05 9.9928E-05 0.0295295 9.9928E-05
0.128614 0.68295 9.9946E-05 0.039171 0.0223172 0.126349 9.9946E-05 9.9946E-05 9.9946E-05 9.9946E-05 9.9946E-05
9.99101E-05 9.99101E-05 9.99101E-05 9.99101E-05 9.99101E-05 9.99101E-05 9.99101E-05 9.99101E-05 9.99101E-05 0.999001 9.99101E-05
9.994E-05 0.211863 9.994E-05 9.994E-05 0.0739314 0.207145 0.28758 9.994E-05 9.994E-05 0.218881 9.994E-05
9.995E-05 0.282136 9.995E-05 9.995E-05 0.0598306 0.229938 0.319693 0.00688313 9.995E-05 0.101019 9.995E-05
9.9946E-05 0.923705 9.9946E-05 9.9946E-05 9.9946E-05 0.0416377 0.0169668 9.9946E-05 9.9946E-05 0.016316 0.000774903
0.0219838 9.9928E-05 0.0572196 9.9928E-05 9.9928E-05 9.9928E-05 0.919997 9.9928E-05 9.9928E-05 9.9928E-05 9.9928E-05
9.9946E-05 0.931123 0.00919677 9.9946E-05 9.9946E-05 0.0261904 9.9946E-05 9.9946E-05 0.00807786 0.0248123 9.9946E-05
0.0221031 0.474617 0.16111 9.9964E-05 9.9964E-05 0.0791555 0.050003 0.0989863 9.9964E-05 9.9964E-05 0.113625
9.9973E-05 0.527308 0.0090599 0.0646549 0.0426932 0.1464 0.147824 0.029139 9.9973E-05 0.03262 9.9973E-05
0.0187193 0.277621 0.153452 9.9973E-05 0.0927748 0.191525 9.9973E-05 9.9973E-05 0.0285671 0.22561 0.0114315
9.99195E-05 9.99195E-05 9.99195E-05 9.99195E-05 9.99195E-05 0.998736 9.99195E-05 0.000364492 9.99195E-05 9.99195E-05 9.99195E-05
9.99101E-05 9.99101E-05 9.99101E-05 9.99101E-05 9.99101E-05 9.99101E-05 9.99101E-05 9.99101E-05 0.999001 9.99101E-05 9.99101E-05
9.9937E-05 9.9937E-05 9.9937E-05 9.9937E-05 0.00732488 9.9937E-05 0.00564071 9.9937E-05 0.957579 0.0287557 9.9937E-05
9.99281E-05 0.00062278 9.99281E-05 9.99281E-05 9.99281E-05 9.99281E-05 9.99281E-05 9.99281E-05 0.995786 9.99281E-05 0.00279169
9.99101E-05 9.99101E-05 9.99101E-05 9.99101E-05 9.99101E-05 9.99101E-05 9.99101E-05 9.99101E-05 0.999001 9.99101E-05 9.99101E-05
9.99102E-05 9.99102E-05 9.99102E-05 9.99102E-05 9.99102E-05 9.99102E-05 9.99102E-05 9.99102E-05 0.999001 9.99102E-05 9.99102E-05
0.116084 9.99641E-05 0.00104193 0.424398 0.0324868 9.99641E-05 0.0851762 0.0319215 0.308491 9.99641E-05 9.99641E-05
0.0386113 9.9937E-05 9.9937E-05 9.9937E-05 9.9937E-05 9.9937E-05 0.00748454 9.9937E-05 0.936992 0.0162124 9.9937E-05
9.99189E-05 9.99189E-05 9.99189E-05 9.99189E-05 9.99189E-05 0.808493 0.190607 9.99189E-05 9.99189E-05 9.99189E-05 9.99189E-05
0.885654 9.99368E-05 9.99368E-05 9.99368E-05 0.0170664 9.99368E-05 9.99368E-05 9.99368E-05 0.0681593 9.99368E-05 0.0284211
9.99189E-05 9.99189E-05 9.99189E-05 9.99189E-05 0.976102 9.99189E-05 9.99189E-05 9.99189E-05 9.99189E-05 0.0229986 9.99189E-05
9.9946E-05 9.9946E-05 0.852162 9.9946E-05 9.9946E-05 0.034946 0.0725645 9.9946E-05 0.0122362 9.9946E-05 0.0274919
9.99282E-05 9.99282E-05 0.0826385 9.99282E-05 9.99282E-05 0.0201248 0.896437 9.99282E-05 9.99282E-05 9.99282E-05 9.99282E-05
9.99103E-05 9.99103E-05 0.999001 9.99103E-05 9.99103E-05 9.99103E-05 9.99103E-05 9.99103E-05 9.99103E-05 9.99103E-05 9.99103E-05
9.99279E-05 0.110368 0.879909 9.99279E-05 9.99279E-05 0.00892337 9.99279E-05 9.99279E-05 9.99279E-05 9.99279E-05 9.99279E-05
9.99369E-05 0.0790537 0.849567 9.99369E-05 9.99369E-05 9.99369E-05 9.99369E-05 9.99369E-05 9.99369E-05 0.0175884 0.0530914
9.99372E-05 9.99372E-05 9.99372E-05 0.0215013 9.99372E-05 0.0748859 0.00541381 0.897499 9.99372E-05 9.99372E-05 9.99372E-05
9.99193E-05 9.99193E-05 9.99193E-05 9.99193E-05 0.997259 9.99193E-05 9.99193E-05 9.99193E-05 9.99193E-05 9.99193E-05 0.00184187
9.9982E-05 0.00581924 0.0300273 0.0741408 0.343006 0.0918923 0.299483 0.0719099 9.9982E-05 0.0491263 0.0343958
9.99462E-05 9.99462E-05 0.00386026 0.0543806 0.931943 9.99462E-05 9.99462E-05 9.99462E-05 0.00838447 9.99462E-05 0.000831665
0.00434044 9.9946E-05 9.9946E-05 0.00948532 0.917101 9.9946E-05 9.9946E-05 9.9946E-05 0.00976294 0.0587106 9.9946E-05
9.9937E-05 9.9937E-05 9.9937E-05 0.11552 0.826086 9.9937E-05 0.0366105 9.9937E-05 0.0210841 9.9937E-05 9.9937E-05
9.99461E-05 9.99461E-05 9.99461E-05 0.0550955 0.878743 9.99461E-05 0.0481052 0.00788931 0.00956684 9.99461E-05 9.99461E-05
9.9946E-05 0.0292496 9.9946E-05 0.14057 0.771927 0.0222986 9.9946E-05 9.9946E-05 9.9946E-05 0.0353557 9.9946E-05
9.9928E-05 9.9928E-05 9.9928E-05 0.0525708 0.909661 9.9928E-05 9.9928E-05 9.9928E-05 9.9928E-05 0.0369683 9.9928E-05
9.9919E-05 9.9919E-05 9.9919E-05 0.997917 9.9919E-05 9.9919E-05 9.9919E-05 9.9919E-05 0.00118382 9.9919E-05 9.9919E-05
9.99191E-05 9.99191E-05 0.0345595 0.964541 9.99191E-05 9.99191E-05 9.99191E-05 9.99191E-05 9.99191E-05 9.99191E-05 9.99191E-05
9.99281E-05 9.99281E-05 9.99281E-05 9.99281E-05 0.955631 0.0075397 0.0360304 9.99281E-05 9.99281E-05 9.99281E-05 9.99281E-05
9.99279E-05 9.99279E-05 9.99279E-05 0.0391759 9.99279E-05 9.99279E-05 0.95262 9.99279E-05 9.99279E-05 9.99279E-05 0.00740456
9.99189E-05 9.99189E-05 9.99189E-05 9.99189E-05 9.99189E-05 9.99189E-05 0.990509 9.99189E-05 0.00859214 9.99189E-05 9.99189E-05
9.99101E-05 9.99101E-05 9.99101E-05 9.99101E-05 9.99101E-05 9.99101E-05 9.99101E-05 9.99101E-05 9.99101E-05 9.99101E-05 0.999001
9.99101E-05 9.99101E-05 9.99101E-05 9.99101E-05 9.99101E-05 9.99101E-05 9.99101E-05 9.99101E-05 9.99101E-05 9.99101E-05 0.999001
0.061172 0.815284 9.99459E-05 9.99459E-05 0.00227544 0.0531227 0.0675466 9.99459E-05 9.99459E-05 9.99459E-05 9.99459E-05
9.99369E-05 0.766094 0.0185795 9.99369E-05 9.99369E-05 0.0366167 0.178011 9.99369E-05 9.99369E-05 9.99369E-05 9.99369E-05
9.99371E-05 0.000411063 9.99371E-05 0.0109782 9.99371E-05 9.99371E-05 0.0133909 9.99371E-05 9.99371E-05 9.99371E-05 0.97452
9.99101E-05 9.99101E-05 9.99101E-05 9.99101E-05 9.99101E-05 9.99101E-05 9.99101E-05 9.99101E-05 9.99101E-05 9.99101E-05 0.999001
9.99369E-05 9.99369E-05 0.075149 9.99369E-05 9.99369E-05 0.908405 0.0019994 9.99369E-05 0.013747 9.99369E-05 9.99369E-05
0.0820062 0.140021 0.165455 9.99549E-05 9.99549E-05 0.00318401 0.533873 0.0749604 9.99549E-05 9.99549E-05 9.99549E-05
0.901473 9.99279E-05 9.99279E-05 9.99279E-05 9.99279E-05 0.00366187 9.99279E-05 9.99279E-05 0.0940659 9.99279E-05 9.99279E-05
9.99552E-05 0.210795 0.205646 9.99552E-05 0.0143666 9.99552E-05 9.99552E-05 0.0651161 9.99552E-05 0.442235 0.0613419
9.99461E-05 9.99461E-05 0.244773 9.99461E-05 9.99461E-05 0.102559 9.99461E-05 0.00281057 9.99461E-05 0.534254 0.115004
9.99461E-05 9.99461E-05 9.99461E-05 0.768908 0.174534 9.99461E-05 9.99461E-05 0.0177739 0.0247227 9.99461E-05 0.013462
