9.99189E-05 9.99189E-05 9.99189E-05 9.99189E-05 0.958069 9.99189E-05 9.99189E-05 9.99189E-05 9.99189E-05 9.99189E-05 0.0410316
9.99457E-05 9.99457E-05 0.582905 9.99457E-05 0.14466 0.165119 0.0150253 9.99457E-05 0.0916908 9.99457E-05 9.99457E-05
0.0971416 9.99554E-05 0.0418576 0.00468444 9.99554E-05 0.799863 0.0418765 9.99554E-05 9.99554E-05 0.0140767 9.99554E-05
9.9937E-05 0.00071966 9.9937E-05 9.9937E-05 9.9937E-05 0.96674 0.0259227 9.9937E-05 9.9937E-05 9.9937E-05 0.00591796
9.996E-05 9.996E-05 0.375434 0.044635 0.0451112 0.352875 9.996E-05 0.0842339 0.0266698 9.996E-05 0.0706416
9.9919E-05 9.9919E-05 9.9919E-05 9.9919E-05 9.9919E-05 0.968526 9.9919E-05 0.0305749 9.9919E-05 9.9919E-05 9.9919E-05
0.294944 0.0219294 0.682328 9.99281E-05 9.99281E-05 9.99281E-05 9.99281E-05 9.99281E-05 9.99281E-05 9.99281E-05 9.99281E-05
9.9946E-05 9.9946E-05 0.37494 0.207133 9.9946E-05 0.362301 0.00632379 9.9946E-05 9.9946E-05 9.9946E-05 0.0487027
0.16395 0.101666 0.733585 9.9928E-05 9.9928E-05 9.9928E-05 9.9928E-05 9.9928E-05 9.9928E-05 9.9928E-05 9.9928E-05
9.99102E-05 9.99102E-05 9.99102E-05 9.99102E-05 9.99102E-05 9.99102E-05 9.99102E-05 9.99102E-05 9.99102E-05 9.99102E-05 0.999001
9.99192E-05 9.99192E-05 0.00478693 9.99192E-05 9.99192E-05 9.99192E-05 9.99192E-05 9.99192E-05 9.99192E-05 9.99192E-05 0.994314
0.141973 9.9937E-05 9.9937E-05 9.9937E-05 0.690449 0.0262906 0.140588 9.9937E-05 9.9937E-05 9.9937E-05 9.9937E-05
0.955163 9.99281E-05 9.99281E-05 9.99281E-05 9.99281E-05 0.0166289 9.99281E-05 0.0274083 9.99281E-05 9.99281E-05 9.99281E-05
9.9937E-05 9.9937E-05 9.9937E-05 9.9937E-05 0.0152217 0.940742 9.9937E-05 0.02774 0.0155964 9.9937E-05 9.9937E-05
9.9937E-05 9.9937E-05 9.9937E-05 9.9937E-05 0.0442712 0.937849 9.9937E-05 9.9937E-05 9.9937E-05 0.00446679 0.0127138
0.0791389 0.810504 9.9937E-05 9.9937E-05 9.9937E-05 9.9937E-05 9.9937E-05 0.109217 9.9937E-05 9.9937E-05 0.000440285
9.9919E-05 9.9919E-05 9.9919E-05 9.9919E-05 9.9919E-05 9.9919E-05 9.9919E-05 9.9919E-05 0.937377 9.9919E-05 0.0617234
9.99459E-05 0.0663364 9.99459E-05 0.0401329 0.0133007 9.99459E-05 9.99459E-05 9.99459E-05 9.99459E-05 0.70005 0.17958
0.00808689 9.9928E-05 9.9928E-05 9.9928E-05 9.9928E-05 9.9928E-05 0.0810548 9.9928E-05 9.9928E-05 0.910059 9.9928E-05
9.99549E-05 0.31808 9.99549E-05 9.99549E-05 0.0573018 9.99549E-05 0.0115966 0.158934 0.000219062 9.99549E-05 0.453368
9.99101E-05 9.99101E-05 9.99101E-05 9.99101E-05 9.99101E-05 9.99101E-05 9.99101E-05 9.99101E-05 9.99101E-05 0.999001 9.99101E-05
0.0732871 0.278513 9.9964E-05 9.9964E-05 0.555139 9.9964E-05 0.001438 9.9964E-05 0.0633491 0.0109143 0.01696
9.9946E-05 9.9946E-05 9.9946E-05 9.9946E-05 9.9946E-05 9.9946E-05 0.155448 0.169405 0.183526 0.3437 0.14732
9.99188E-05 9.99188E-05 9.99188E-05 9.99188E-05 9.99188E-05 9.99188E-05 9.99188E-05 0.17751 9.99188E-05 0.821591 9.99188E-05
9.99281E-05 9.99281E-05 9.99281E-05 0.0208368 9.99281E-05 0.97376 0.00460407 9.99281E-05 9.99281E-05 9.99281E-05 9.99281E-05
9.99102E-05 9.99102E-05 9.99102E-05 9.99102E-05 9.99102E-05 0.999001 9.99102E-05 9.99102E-05 9.99102E-05 9.99102E-05 9.99102E-05
0.777502 9.99458E-05 9.99458E-05 9.99458E-05 0.0557917 9.99458E-05 0.0368083 9.99458E-05 0.0510406 9.99458E-05 0.0782578
9.9919E-05 9.9919E-05 9.9919E-05 0.0504703 9.9919E-05 0.94863 9.9919E-05 9.9919E-05 9.9919E-05 9.9919E-05 9.9919E-05
0.00175779 0.00130416 9.9937E-05 0.0668973 9.9937E-05 0.929341 9.9937E-05 9.9937E-05 9.9937E-05 9.9937E-05 9.9937E-05
9.99551E-05 9.99551E-05 0.0862861 0.203793 9.99551E-05 0.664382 0.00654558 9.99551E-05 0.0190361 0.0194567 9.99551E-05
9.9955E-05 9.9955E-05 0.201866 0.135418 9.9955E-05 0.605365 0.0123084 0.0229129 0.0216303 9.9955E-05 9.9955E-05
9.9937E-05 9.9937E-05 0.901457 0.025566 0.0573056 9.9937E-05 0.0149721 9.9937E-05 9.9937E-05 9.9937E-05 9.9937E-05
9.99282E-05 0.0246394 9.99282E-05 9.99282E-05 9.99282E-05 0.958985 9.99282E-05 9.99282E-05 0.0155759 9.99282E-05 9.99282E-05
9.99371E-05 9.99371E-05 0.145304 0.762445 9.99371E-05 0.0866189 9.99371E-05 9.99371E-05 0.00493234 9.99371E-05 9.99371E-05
0.512845 9.99639E-05 9.99639E-05 9.99639E-05 0.0529886 0.0228682 0.114874 0.0292326 0.242046 9.99639E-05 0.0247452
9.99369E-05 9.99369E-05 9.99369E-05 9.99369E-05 0.00526534 0.969894 9.99369E-05 0.0207926 0.00334854 9.99369E-05 9.99369E-05
9.99281E-05 9.99281E-05 9.99281E-05 9.99281E-05 0.96529 0.0238188 9.99281E-05 9.99281E-05 0.0100921 9.99281E-05 9.99281E-05
9.99459E-05 9.99459E-05 0.129768 9.99459E-05 0.112883 0.0550802 9.99459E-05 9.99459E-05 0.0441336 9.99459E-05 0.657535
9.99101E-05 9.99101E-05 9.99101E-05 9.99101E-05 9.99101E-05 9.99101E-05 9.99101E-05 9.99101E-05 0.999001 9.99101E-05 9.99101E-05
9.994E-05 0.242223 9.994E-05 9.994E-05 0.231861 0.0896711 9.994E-05 9.994E-05 0.166455 9.994E-05 0.26919
9.99639E-05 0.24307 9.99639E-05 9.99639E-05 0.305092 0.0431153 0.00310616 9.99639E-05 0.115184 0.0201753 0.269857
9.99369E-05 9.99369E-05 9.99369E-05 9.99369E-05 0.0695606 9.99369E-05 9.99369E-05 0.0223426 0.015998 9.99369E-05 0.891399
0.081185 0.864013 9.9937E-05 9.9937E-05 0.0113392 9.9937E-05 9.9937E-05 9.9937E-05 9.9937E-05 9.9937E-05 0.0427636
0.00948749 9.99369E-05 9.99369E-05 9.99369E-05 9.99369E-05 9.99369E-05 0.0217711 0.109478 9.99369E-05 9.99369E-05 0.858564
0.0697189 0.0673063 9.99639E-05 9.99639E-05 0.0658854 9.99639E-05 0.0426266 0.305465 9.99639E-05 0.0632081 0.38539
9.995E-05 0.121404 9.995E-05 9.995E-05 0.120856 0.0639411 9.995E-05 0.218705 9.995E-05 0.000475806 0.474118
0.0855074 9.9973E-05 0.0248545 0.0629402 0.185507 0.0765578 9.9973E-05 0.285475 0.104038 9.9973E-05 0.17482
9.99196E-05 9.99196E-05 9.99196E-05 9.99196E-05 0.998072 9.99196E-05 9.99196E-05 9.99196E-05 9.99196E-05 0.00102915 9.99196E-05
9.99101E-05 9.99101E-05 9.99101E-05 0.999001 9.99101E-05 9.99101E-05 9.99101E-05 9.99101E-05 9.99101E-05 9.99101E-05 9.99101E-05
9.99191E-05 9.99191E-05 9.99191E-05 0.996121 9.99191E-05 9.99191E-05 9.99191E-05 9.99191E-05 9.99191E-05 0.00298004 9.99191E-05
9.99191E-05 0.0461229 9.99191E-05 0.952978 9.99191E-05 9.99191E-05 9.99191E-05 9.99191E-05 9.99191E-05 9.99191E-05 9.99191E-05
9.99101E-05 9.99101E-05 9.99101E-05 0.999001 9.99101E-05 9.99101E-05 9.99101E-05 9.99101E-05 9.99101E-05 9.99101E-05 9.99101E-05
9.99101E-05 9.99101E-05 9.99101E-05 0.999001 9.99101E-05 9.99101E-05 9.99101E-05 9.99101E-05 9.99101E-05 9.99101E-05 9.99101E-05
0.00445697 0.0188629 0.169905 0.468697 9.99641E-05 0.237359 9.99641E-05 9.99641E-05 9.99641E-05 0.0334995 0.0668193
9.9937E-05 0.00901043 0.0288776 0.946056 0.0153565 9.9937E-05 9.9937E-05 9.9937E-05 9.9937E-05 9.9937E-05 9.9937E-05
9.99279E-05 0.128549 9.99279E-05 9.99279E-05 0.830439 9.99279E-05 9.99279E-05 0.0402124 9.99279E-05 9.99279E-05 9.99279E-05
9.99367E-05 9.99367E-05 0.747955 0.123779 0.0799492 9.99367E-05 0.0476168 9.99367E-05 9.99367E-05 9.99367E-05 9.99367E-05
9.99279E-05 9.99279E-05 9.99279E-05 9.99279E-05 9.99279E-05 0.982985 9.99279E-05 0.000970317 0.0152455 9.99279E-05 9.99279E-05
0.836688 0.0778289 9.9937E-05 9.9937E-05 0.0398059 9.9937E-05 0.0449778 9.9937E-05 9.9937E-05 9.9937E-05 9.9937E-05
0.0131197 0.902026 9.99282E-05 9.99282E-05 9.99282E-05 9.99282E-05 9.99282E-05 0.0840552 9.99282E-05 9.99282E-05 9.99282E-05
0.999001 9.99104E-05 9.99104E-05 9.99104E-05 9.99104E-05 9.99104E-05 9.99104E-05 9.99104E-05 9.99104E-05 9.99104E-05 9.99104E-05
0.854297 9.99279E-05 9.99279E-05 9.99279E-05 0.0169435 9.99279E-05 9.99279E-05 9.99279E-05 9.99279E-05 9.99279E-05 0.12796
0.827931 9.99459E-05 9.99459E-05 9.99459E-05 9.99459E-05 9.99459E-05 0.0588273 0.0247529 0.00309325 9.99459E-05 0.0847956
9.99192E-05 9.99192E-05 9.99192E-05 9.99192E-05 0.106518 9.99192E-05 9.99192E-05 9.99192E-05 9.99192E-05 0.892582 9.99192E-05
9.99104E-05 9.99104E-05 9.99104E-05 9.99104E-05 9.99104E-05 0.999001 9.99104E-05 9.99104E-05 9.99104E-05 9.99104E-05 9.99104E-05
0.0466123 0.158239 0.0548612 0.0924944 0.0863571 0.242742 0.0770166 0.202621 0.0264773 9.9991E-05 0.0124796
0.0166558 0.0143264 9.99283E-05 9.99283E-05 9.99283E-05 0.968218 9.99283E-05 9.99283E-05 9.99283E-05 9.99283E-05 9.99283E-05
9.9937E-05 9.9937E-05 9.9937E-05 0.00916171 0.0210707 0.924569 9.9937E-05 9.9937E-05 0.0444995 9.9937E-05 9.9937E-05
9.9937E-05 0.0782478 0.00929386 0.0533489 9.9937E-05 0.85841 9.9937E-05 9.9937E-05 9.9937E-05 9.9937E-05 9.9937E-05
9.9955E-05 0.0714851 0.0195492 0.0157514 0.00473873 0.883649 9.9955E-05 9.9955E-05 9.9955E-05 0.00432639 9.9955E-05
9.99551E-05 9.99551E-05 0.0376011 9.99551E-05 0.0145674 0.921435 0.00471781 0.0047938 9.99551E-05 9.99551E-05 0.0163854
9.99279E-05 9.99279E-05 9.99279E-05 9.99279E-05 9.99279E-05 0.956423 9.99279E-05 0.0304271 0.012351 9.99279E-05 9.99279E-05
9.99283E-05 9.99283E-05 0.343927 0.204416 9.99283E-05 0.450857 9.99283E-05 9.99283E-05 9.99283E-05 9.99283E-05 9.99283E-05
0.057008 9.99374E-05 0.430444 0.0651251 9.99374E-05 0.446723 9.99374E-05 9.99374E-05 9.99374E-05 9.99374E-05 9.99374E-05
9.99461E-05 0.0146279 9.99461E-05 0.0251202 9.99461E-05 0.933471 0.00647912 9.99461E-05 9.99461E-05 9.99461E-05 0.0197017
9.994E-05 0.960472 9.994E-05 0.00795472 9.994E-05 0.0026071 0.0134188 9.994E-05 0.0149474 9.994E-05 9.994E-05
9.993E-05 0.978611 0.0115464 0.00416836 9.993E-05 9.993E-05 0.00497478 9.993E-05 9.993E-05 9.993E-05 9.993E-05
9.99101E-05 9.99101E-05 9.99101E-05 9.99101E-05 9.99101E-05 9.99101E-05 0.999001 9.99101E-05 9.99101E-05 9.99101E-05 9.99101E-05
9.99102E-05 9.99102E-05 9.99102E-05 9.99102E-05 9.99102E-05 9.99102E-05 0.999001 9.99102E-05 9.99102E-05 9.99102E-05 9.99102E-05
0.0374468 0.0542565 9.99459E-05 9.99459E-05 0.0448619 0.0185458 9.99459E-05 9.99459E-05 9.99459E-05 9.99459E-05 0.844289
0.0451776 0.100561 9.9928E-05 9.9928E-05 9.9928E-05 9.9928E-05 9.9928E-05 9.9928E-05 9.9928E-05 9.9928E-05 0.853462
9.99371E-05 0.00215361 0.00550914 9.99371E-05 9.99371E-05 9.99371E-05 0.980831 9.99371E-05 9.99371E-05 9.99371E-05 0.0108064
9.99101E-05 9.99101E-05 9.99101E-05 9.99101E-05 9.99101E-05 9.99101E-05 0.999001 9.99101E-05 9.99101E-05 9.99101E-05 9.99101E-05
0.0593583 9.99279E-05 9.99279E-05 0.0070745 0.932768 9.99279E-05 9.99279E-05 9.99279E-05 9.99279E-05 9.99279E-05 9.99279E-05
0.187331 0.462092 0.0395147 9.99549E-05 0.0486651 9.99549E-05 9.99549E-05 9.99549E-05 9.99549E-05 0.0828079 0.179089
9.99368E-05 9.99368E-05 0.801665 0.115485 0.0686906 9.99368E-05 9.99368E-05 0.0134592 9.99368E-05 9.99368E-05 9.99368E-05
9.99101E-05 9.99101E-05 9.99101E-05 9.99101E-05 9.99101E-05 9.99101E-05 9.99101E-05 0.999001 9.99101E-05 9.99101E-05 9.99101E-05
0.097234 0.00461639 9.9955E-05 9.9955E-05 0.0712332 9.9955E-05 0.0385467 0.695012 0.0928574 9.9955E-05 9.9955E-05
9.99462E-05 9.99462E-05 0.27532 0.124068 9.99462E-05 0.553097 0.0251906 9.99462E-05 9.99462E-05 0.0217253 9.99462E-05
