0.0111601 9.99639E-05 9.99639E-05 9.99639E-05 9.99639E-05 0.955545 0.0328954
0.186425 9.9982E-05 0.235734 0.323774 9.9982E-05 0.252778 0.00108859
9.99822E-05 0.050341 0.103193 0.766947 0.00479757 9.99822E-05 0.0745214
9.9955E-05 9.9955E-05 9.9955E-05 0.961517 9.9955E-05 9.9955E-05 0.0379835
0.253688 9.99731E-05 0.174899 0.50989 9.99731E-05 0.0612223 9.99731E-05
0.00440275 9.9982E-05 9.9982E-05 0.957675 0.00079548 0.00965817 0.0272683
0.211604 0.429413 0.314854 0.0438298 9.99731E-05 9.99731E-05 9.99731E-05
0.14743 9.9973E-05 0.395802 0.450524 9.9973E-05 9.9973E-05 0.00594339
0.315376 0.310049 0.363075 0.0112001 9.99731E-05 9.99731E-05 9.99731E-05
0.9994 9.995E-05 9.995E-05 9.995E-05 9.995E-05 9.995E-05 9.995E-05
0.9994 9.995E-05 9.995E-05 9.995E-05 9.995E-05 9.995E-05 9.995E-05
9.9973E-05 0.211644 9.9973E-05 0.0196786 9.9973E-05 0.636213 0.132165
9.995E-05 0.9994 9.995E-05 9.995E-05 9.995E-05 9.995E-05 9.995E-05
9.9964E-05 9.9964E-05 9.9964E-05 0.964773 0.0172386 0.0175888 9.9964E-05
0.012114 9.9973E-05 9.9973E-05 0.955973 0.00153781 0.0300755 9.9973E-05
0.492973 0.396523 9.9982E-05 0.0289228 9.9982E-05 0.0764296 0.00495172
0.417578 0.180174 9.9973E-05 9.9973E-05 0.066319 9.9973E-05 0.335628
0.217386 9.99729E-05 0.0370083 9.99729E-05 0.706775 0.0385309 9.99729E-05
9.9955E-05 9.9955E-05 9.9955E-05 9.9955E-05 0.917622 9.9955E-05 0.0818785
0.73085 0.019202 9.9973E-05 9.9973E-05 9.9973E-05 0.144773 0.104875
9.9955E-05 0.0111305 9.9955E-05 9.9955E-05 0.98837 9.9955E-05 9.9955E-05
0.260774 0.105397 9.9973E-05 9.9973E-05 9.9973E-05 0.61057 0.0229596
0.24857 9.9964E-05 9.9964E-05 9.9964E-05 0.409471 9.9964E-05 0.341559
9.9955E-05 9.9955E-05 9.9955E-05 9.9955E-05 0.901775 9.9955E-05 0.0977256
9.995E-05 9.995E-05 9.995E-05 0.9994 9.995E-05 9.995E-05 9.995E-05
9.995E-05 9.995E-05 9.995E-05 0.9994 9.995E-05 9.995E-05 9.995E-05
0.0528866 0.808387 9.99729E-05 9.99729E-05 9.99729E-05 0.0735321 0.0648947
9.9964E-05 0.0124433 0.0667508 0.920406 9.9964E-05 9.9964E-05 9.9964E-05
9.9964E-05 0.00368735 0.0781912 0.917722 9.9964E-05 9.9964E-05 9.9964E-05
9.9982E-05 9.9982E-05 0.254938 0.682289 0.0373656 0.0167392 0.00846844
9.99641E-05 9.99641E-05 0.282588 0.656342 9.99641E-05 9.99641E-05 0.0606701
0.0966161 9.99731E-05 0.528008 0.132972 9.99731E-05 0.242104 9.99731E-05
9.99551E-05 9.99551E-05 9.99551E-05 0.998249 9.99551E-05 9.99551E-05 0.0012512
9.99641E-05 9.99641E-05 0.921021 0.0702026 9.99641E-05 0.00837637 9.99641E-05
0.0466026 0.554114 0.00191793 0.0389094 9.9991E-05 0.111126 0.24723
9.99639E-05 0.0121552 9.99639E-05 0.985086 9.99639E-05 0.00235864 9.99639E-05
9.99602E-05 9.99602E-05 9.99602E-05 9.99602E-05 9.99602E-05 0.998079 0.00142093
0.74435 9.9982E-05 0.0550385 0.082238 0.0202646 0.0979086 9.9982E-05
0.25745 0.155983 9.9982E-05 0.124347 0.0677375 9.9982E-05 0.394282
0.627634 9.99639E-05 9.99639E-05 0.107961 9.99639E-05 0.264005 9.99639E-05
0.639775 9.99729E-05 9.99729E-05 0.0499123 9.99729E-05 0.299255 0.0107575
0.980982 9.9964E-05 9.9964E-05 9.9964E-05 9.9964E-05 0.00712327 0.0114946
0.635007 0.254835 0.000221174 9.9973E-05 9.9973E-05 0.109637 9.9973E-05
0.909759 0.0158797 9.9973E-05 9.9973E-05 9.9973E-05 0.0341226 0.0399387
0.478953 0.175216 9.9982E-05 9.9982E-05 0.115118 0.0960903 0.134422
0.650215 0.0537885 9.9991E-05 0.0635329 0.0462217 0.158512 0.0276298
0.209705 0.234451 0.0689103 0.0656183 9.9991E-05 0.267394 0.153822
9.99553E-05 9.99553E-05 9.99553E-05 9.99553E-05 0.00670596 0.992794 9.99553E-05
9.995E-05 9.995E-05 0.9994 9.995E-05 9.995E-05 9.995E-05 9.995E-05
9.995E-05 9.995E-05 0.9994 9.995E-05 9.995E-05 9.995E-05 9.995E-05
9.9955E-05 9.9955E-05 0.997921 9.9955E-05 9.9955E-05 9.9955E-05 0.00157938
9.995E-05 9.995E-05 0.9994 9.995E-05 9.995E-05 9.995E-05 9.995E-05
9.995E-05 9.995E-05 0.9994 9.995E-05 9.995E-05 9.995E-05 9.995E-05
0.0437799 0.0599108 0.61868 0.23107 0.0331673 0.0132922 9.9991E-05
9.995E-05 9.995E-05 0.9994 9.995E-05 9.995E-05 9.995E-05 9.995E-05
0.0167511 0.0719139 9.99639E-05 9.99639E-05 9.99639E-05 0.910935 9.99639E-05
0.111889 9.9973E-05 0.558856 0.105762 9.9973E-05 0.223193 9.9973E-05
9.995E-05 9.995E-05 9.995E-05 0.9994 9.995E-05 9.995E-05 9.995E-05
9.99639E-05 0.826098 9.99639E-05 9.99639E-05 9.99639E-05 0.110713 0.0627893
0.47678 0.333416 9.9973E-05 0.0565706 9.9973E-05 0.132934 9.9973E-05
9.995E-05 0.9994 9.995E-05 9.995E-05 9.995E-05 9.995E-05 9.995E-05
0.0720953 0.880184 9.99639E-05 9.99639E-05 9.99639E-05 0.0473209 9.99639E-05
0.0832744 0.805243 9.99639E-05 9.99639E-05 9.99639E-05 9.99639E-05 0.111083
9.99641E-05 9.99641E-05 0.010048 9.99641E-05 0.897446 0.0921057 9.99641E-05
9.995E-05 9.995E-05 9.995E-05 0.9994 9.995E-05 9.995E-05 9.995E-05
0.278527 0.159084 0.118157 0.266753 0.0306042 0.108111 0.0387638
9.99641E-05 0.0160782 0.0109513 0.972571 9.99641E-05 9.99641E-05 9.99641E-05
9.9964E-05 9.9964E-05 0.00903291 0.968967 9.9964E-05 0.0216 9.9964E-05
9.9964E-05 0.000899813 0.0701151 0.928585 9.9964E-05 9.9964E-05 9.9964E-05
9.9982E-05 0.00338089 0.0466389 0.919331 0.0146293 0.01582 9.9982E-05
0.0632372 9.99731E-05 0.00607798 0.914685 9.99731E-05 9.99731E-05 0.0156997
9.995E-05 9.995E-05 9.995E-05 0.9994 9.995E-05 9.995E-05 9.995E-05
9.99732E-05 0.000780215 0.500526 0.495554 9.99732E-05 0.00284008 9.99732E-05
9.99643E-05 0.1634 0.339388 0.496813 9.99643E-05 9.99643E-05 9.99643E-05
0.0151478 9.9973E-05 0.00605422 0.977859 9.9973E-05 0.000639424 9.9973E-05
0.638633 0.0859867 0.056172 0.0846132 9.9991E-05 0.0990948 0.0353998
0.691626 0.1206 0.0402442 0.0867957 9.9982E-05 0.0605338 9.9982E-05
9.995E-05 9.995E-05 9.995E-05 9.995E-05 9.995E-05 9.995E-05 0.9994
9.995E-05 9.995E-05 9.995E-05 9.995E-05 9.995E-05 9.995E-05 0.9994
0.957854 9.9973E-05 0.0111978 9.9973E-05 9.9973E-05 0.0276116 0.00303672
0.906842 0.0747949 9.9964E-05 9.9964E-05 9.9964E-05 0.017963 9.9964E-05
9.995E-05 9.995E-05 9.995E-05 9.995E-05 9.995E-05 9.995E-05 0.9994
9.995E-05 9.995E-05 9.995E-05 9.995E-05 9.995E-05 9.995E-05 0.9994
9.99549E-05 0.0226113 9.99549E-05 9.99549E-05 9.99549E-05 0.976889 9.99549E-05
0.626799 0.241433 9.9973E-05 9.9973E-05 0.0368733 0.0945944 9.9973E-05
0.153083 0.0136754 0.516771 0.112589 9.9982E-05 0.203682 9.9982E-05
0.254473 0.321191 9.9991E-05 0.0283544 0.132868 0.000922306 0.262091
9.99731E-05 0.397706 9.99731E-05 9.99731E-05 0.0751631 0.18886 0.337972
0.00389077 9.99821E-05 0.32185 0.586055 0.0426485 9.99821E-05 0.0453564
