9.99639E-05 9.99639E-05 0.0922437 0.883626 9.99639E-05 0.0237301 9.99639E-05
9.9982E-05 0.287332 0.154322 0.271343 9.9982E-05 0.0125147 0.274288
0.0320114 0.794359 9.99822E-05 9.99822E-05 0.041654 0.0734602 0.0583151
9.9955E-05 0.960885 9.9955E-05 9.9955E-05 9.9955E-05 0.0386151 9.9955E-05
9.99731E-05 0.468953 0.277991 0.0413655 9.99731E-05 9.99731E-05 0.211391
9.9955E-05 0.962904 9.9955E-05 9.9955E-05 9.9955E-05 0.0365958 9.9955E-05
0.507479 0.0017025 0.14297 9.99732E-05 9.99732E-05 9.99732E-05 0.347548
9.99731E-05 0.413719 0.165199 9.99731E-05 9.99731E-05 0.00292965 0.417852
0.376446 9.99641E-05 0.231179 9.99641E-05 9.99641E-05 9.99641E-05 0.391976
9.995E-05 9.995E-05 0.9994 9.995E-05 9.995E-05 9.995E-05 9.995E-05
9.995E-05 9.995E-05 0.9994 9.995E-05 9.995E-05 9.995E-05 9.995E-05
0.160091 0.0418307 9.9973E-05 0.657278 9.9973E-05 0.1405 9.9973E-05
0.9994 9.995E-05 9.995E-05 9.995E-05 9.995E-05 9.995E-05 9.995E-05
9.9964E-05 0.946837 9.9964E-05 0.0275647 0.0251982 9.9964E-05 9.9964E-05
9.9955E-05 0.943208 9.9955E-05 0.0562921 9.9955E-05 9.9955E-05 9.9955E-05
0.393287 0.0162973 0.529397 0.0607189 9.9973E-05 9.9973E-05 9.9973E-05
0.105291 9.9973E-05 0.476678 9.9973E-05 0.087153 0.330578 9.9973E-05
9.99729E-05 9.99729E-05 0.232311 0.053552 0.670864 9.99729E-05 0.0429736
9.9955E-05 9.9955E-05 9.9955E-05 9.9955E-05 0.920812 0.0786884 9.9955E-05
0.0468804 9.9973E-05 0.74312 0.136097 9.9973E-05 0.0736029 9.9973E-05
9.995E-05 9.995E-05 9.995E-05 9.995E-05 0.9994 9.995E-05 9.995E-05
0.0869915 9.9973E-05 0.29283 0.59837 9.9973E-05 0.0215086 9.9973E-05
9.9973E-05 9.9973E-05 0.262342 9.9973E-05 0.402633 0.297154 0.0375712
9.9964E-05 9.9964E-05 0.0442218 9.9964E-05 0.926752 0.0286263 9.9964E-05
9.995E-05 0.9994 9.995E-05 9.995E-05 9.995E-05 9.995E-05 9.995E-05
9.995E-05 0.9994 9.995E-05 9.995E-05 9.995E-05 9.995E-05 9.995E-05
0.757613 9.99729E-05 0.0838402 0.087008 9.99729E-05 0.0712386 9.99729E-05
0.00654446 0.929415 9.9964E-05 9.9964E-05 9.9964E-05 9.9964E-05 0.0636406
9.9964E-05 0.896736 9.9964E-05 0.00170756 9.9964E-05 9.9964E-05 0.101157
9.99731E-05 0.656853 9.99731E-05 9.99731E-05 0.0283867 0.0437934 0.270667
9.9973E-05 0.637505 9.9973E-05 9.9973E-05 0.0184932 0.0361481 0.307554
9.99731E-05 0.14288 0.0491889 0.307393 9.99731E-05 9.99731E-05 0.500238
9.99551E-05 0.997139 9.99551E-05 9.99551E-05 9.99551E-05 0.00236135 9.99551E-05
9.99551E-05 0.054477 9.99551E-05 9.99551E-05 9.99551E-05 9.99551E-05 0.945023
0.567224 0.0563347 0.0730757 0.0645813 9.99819E-05 0.238585 9.99819E-05
0.00770965 0.974998 9.99639E-05 9.99639E-05 9.99639E-05 0.0168927 9.99639E-05
9.9955E-05 0.00169056 9.9955E-05 0.99781 9.9955E-05 9.9955E-05 9.9955E-05
9.9982E-05 0.0280596 0.773626 0.100148 0.0200977 9.9982E-05 0.0778687
0.130258 0.134126 0.283883 9.9982E-05 0.0734735 0.37806 9.9982E-05
9.99729E-05 0.109039 0.575428 0.29873 9.99729E-05 0.016503 9.99729E-05
9.9982E-05 0.0558577 0.53484 0.393218 0.0135108 0.00237274 9.9982E-05
9.9955E-05 9.9955E-05 0.96007 0.0394305 9.9955E-05 9.9955E-05 9.9955E-05
0.286943 9.9973E-05 0.597005 0.101543 9.9973E-05 9.9973E-05 0.0142085
9.9955E-05 9.9955E-05 0.967309 9.9955E-05 9.9955E-05 0.0321907 9.9955E-05
0.158679 9.9982E-05 0.551659 0.058306 0.109228 0.121927 9.9982E-05
0.0507635 0.0490043 0.674901 0.183086 0.0420459 9.9982E-05 9.9982E-05
0.212554 0.113614 0.301958 0.246314 9.9991E-05 0.0844583 0.041002
9.995E-05 9.995E-05 9.995E-05 0.9994 9.995E-05 9.995E-05 9.995E-05
9.995E-05 9.995E-05 9.995E-05 9.995E-05 9.995E-05 9.995E-05 0.9994
9.995E-05 9.995E-05 9.995E-05 9.995E-05 9.995E-05 9.995E-05 0.9994
9.995E-05 9.995E-05 9.995E-05 9.995E-05 9.995E-05 9.995E-05 0.9994
9.995E-05 9.995E-05 9.995E-05 9.995E-05 9.995E-05 9.995E-05 0.9994
9.995E-05 9.995E-05 9.995E-05 9.995E-05 9.995E-05 9.995E-05 0.9994
0.0770599 0.20113 0.0718036 0.000105323 0.0299181 9.9991E-05 0.619883
9.995E-05 9.995E-05 9.995E-05 9.995E-05 9.995E-05 9.995E-05 0.9994
0.0924889 9.99639E-05 0.09888 0.808231 9.99639E-05 9.99639E-05 9.99639E-05
0.00477789 0.121029 0.12661 0.195946 9.9982E-05 9.9982E-05 0.551437
9.99549E-05 0.994429 9.99549E-05 0.00507084 9.99549E-05 9.99549E-05 9.99549E-05
0.84093 9.99639E-05 9.99639E-05 0.0979462 9.99639E-05 0.0607235 9.99639E-05
0.373694 0.0675942 0.440452 0.11796 9.9973E-05 9.9973E-05 9.9973E-05
0.9994 9.995E-05 9.995E-05 9.995E-05 9.995E-05 9.995E-05 9.995E-05
0.887055 9.99549E-05 0.112445 9.99549E-05 9.99549E-05 9.99549E-05 9.99549E-05
0.845081 9.99729E-05 0.0438449 9.99729E-05 0.0157567 0.0950179 9.99729E-05
9.99551E-05 9.99551E-05 9.99551E-05 0.116986 0.882514 9.99551E-05 9.99551E-05
9.995E-05 0.9994 9.995E-05 9.995E-05 9.995E-05 9.995E-05 9.995E-05
0.039681 0.174448 0.222377 0.201758 0.0502244 0.132314 0.179197
0.006731 0.992769 9.99552E-05 9.99552E-05 9.99552E-05 9.99552E-05 9.99552E-05
9.9964E-05 0.950885 9.9964E-05 0.0485114 9.9964E-05 9.9964E-05 0.000203763
0.0197005 0.898087 9.9964E-05 9.9964E-05 9.9964E-05 9.9964E-05 0.0818124
0.000819257 0.948432 9.9982E-05 0.000964025 0.00424181 9.9982E-05 0.0453433
9.99551E-05 0.924335 0.0751657 9.99551E-05 9.99551E-05 9.99551E-05 9.99551E-05
9.9955E-05 0.992814 9.9955E-05 9.9955E-05 9.9955E-05 0.00668585 9.9955E-05
9.99643E-05 0.513661 0.0224915 9.99643E-05 9.99643E-05 9.99643E-05 0.463447
0.179546 0.471638 9.99643E-05 9.99643E-05 9.99643E-05 9.99643E-05 0.348416
9.9964E-05 0.965887 0.0238609 9.9964E-05 9.9964E-05 9.9964E-05 0.0098518
0.182104 0.0924861 0.596751 0.054933 9.9991E-05 0.0149257 0.0587001
0.218005 0.0633287 0.598489 0.0436458 9.9982E-05 9.9982E-05 0.0763316
9.995E-05 9.995E-05 9.995E-05 9.995E-05 9.995E-05 0.9994 9.995E-05
9.995E-05 9.995E-05 9.995E-05 9.995E-05 9.995E-05 0.9994 9.995E-05
9.9964E-05 9.9964E-05 0.959029 0.0303875 9.9964E-05 9.9964E-05 0.0101835
0.0526298 9.9964E-05 0.937311 0.00965911 9.9964E-05 9.9964E-05 9.9964E-05
9.995E-05 9.995E-05 9.995E-05 9.995E-05 9.995E-05 0.9994 9.995E-05
9.995E-05 9.995E-05 9.995E-05 9.995E-05 9.995E-05 0.9994 9.995E-05
0.0386322 9.99549E-05 9.99549E-05 0.960868 9.99549E-05 9.99549E-05 9.99549E-05
0.322243 9.9973E-05 0.520857 0.119828 0.0367723 9.9973E-05 9.9973E-05
0.0291862 0.0778298 0.0891712 0.213894 9.9982E-05 9.9982E-05 0.589719
0.29854 0.033136 0.281134 9.9982E-05 0.142277 0.244713 9.9982E-05
0.399156 9.9982E-05 0.010214 0.17739 0.099387 0.313653 9.9982E-05
9.99731E-05 0.596024 9.99731E-05 9.99731E-05 0.0546792 0.014956 0.334041
