9.99009E-05 9.99009E-05 9.99009E-05 9.99009E-05 9.99009E-05 0.0338529 0.965048 9.99009E-05 9.99009E-05 9.99009E-05 9.99009E-05 9.99009E-05 9.99009E-05
9.99188E-05 9.99188E-05 0.166206 9.99188E-05 9.99188E-05 9.99188E-05 0.119453 9.99188E-05 9.99188E-05 9.99188E-05 0.671341 9.99188E-05 0.0421017
0.0253397 9.99465E-05 0.541132 9.99465E-05 0.187543 9.99465E-05 9.99465E-05 0.10137 9.99465E-05 0.0950758 0.00322964 9.99465E-05 0.0457096
9.993E-05 9.993E-05 0.821172 9.993E-05 9.993E-05 0.00506997 9.993E-05 9.993E-05 0.0194388 0.132356 9.993E-05 0.00448484 0.0167788
9.99461E-05 0.0237086 0.278177 9.99461E-05 0.202604 0.132708 0.054532 9.99461E-05 0.0442689 9.99461E-05 0.263401 9.99461E-05 9.99461E-05
9.9901E-05 9.9901E-05 0.996837 9.9901E-05 0.00206415 9.9901E-05 9.9901E-05 9.9901E-05 9.9901E-05 9.9901E-05 9.9901E-05 9.9901E-05 9.9901E-05
9.99013E-05 9.99013E-05 9.99013E-05 9.99013E-05 9.99013E-05 9.99013E-05 9.99013E-05 0.313889 9.99013E-05 9.99013E-05 0.685012 9.99013E-05 9.99013E-05
9.99369E-05 9.99369E-05 0.0456434 9.99369E-05 0.735957 0.0843666 9.99369E-05 9.99369E-05 0.0504688 9.99369E-05 0.0701493 9.99369E-05 0.0127153
9.99101E-05 9.99101E-05 9.99101E-05 9.99101E-05 9.99101E-05 9.99101E-05 9.99101E-05 0.194461 9.99101E-05 9.99101E-05 0.752464 0.0520758 9.99101E-05
9.98923E-05 9.98923E-05 9.98923E-05 9.98923E-05 9.98923E-05 0.998801 9.98923E-05 9.98923E-05 9.98923E-05 9.98923E-05 9.98923E-05 9.98923E-05 9.98923E-05
9.98923E-05 9.98923E-05 9.98923E-05 9.98923E-05 9.98923E-05 0.998801 9.98923E-05 9.98923E-05 9.98923E-05 9.98923E-05 9.98923E-05 9.98923E-05 9.98923E-05
9.99281E-05 9.99281E-05 0.0261173 9.99281E-05 0.00327086 9.99281E-05 0.690721 0.131741 9.99281E-05 9.99281E-05 9.99281E-05 9.99281E-05 0.14735
9.99102E-05 9.99102E-05 9.99102E-05 9.99102E-05 0.0252788 9.99102E-05 9.99102E-05 0.940214 9.99102E-05 0.0335078 9.99102E-05 9.99102E-05 9.99102E-05
0.0140718 9.9919E-05 0.937911 9.9919E-05 9.9919E-05 9.9919E-05 0.0207374 9.9919E-05 9.9919E-05 9.9919E-05 0.0263803 9.9919E-05 9.9919E-05
9.99059E-05 9.99059E-05 0.963727 9.99059E-05 9.99059E-05 9.99059E-05 0.0351737 9.99059E-05 9.99059E-05 9.99059E-05 9.99059E-05 9.99059E-05 9.99059E-05
9.9919E-05 0.0782996 9.9919E-05 9.9919E-05 9.9919E-05 0.00422103 9.9919E-05 0.130154 9.9919E-05 9.9919E-05 9.9919E-05 0.786426 9.9919E-05
9.99098E-05 0.905708 9.99098E-05 9.99098E-05 9.99098E-05 0.0598065 9.99098E-05 9.99098E-05 9.99098E-05 9.99098E-05 9.99098E-05 0.0334862 9.99098E-05
0.702967 9.99369E-05 9.99369E-05 9.99369E-05 9.99369E-05 0.106637 0.0415634 9.99369E-05 0.0361626 9.99369E-05 0.0122794 0.0996908 9.99369E-05
0.832243 9.9919E-05 9.9919E-05 0.0915286 9.9919E-05 9.9919E-05 9.9919E-05 0.0144771 9.9919E-05 9.9919E-05 9.9919E-05 9.9919E-05 0.060852
9.99279E-05 0.162438 9.99279E-05 9.99279E-05 9.99279E-05 0.456625 0.0657785 9.99279E-05 9.99279E-05 9.99279E-05 9.99279E-05 0.305273 0.00908687
0.944986 9.991E-05 9.991E-05 0.0475741 9.991E-05 9.991E-05 9.991E-05 9.991E-05 9.991E-05 0.00644035 9.991E-05 9.991E-05 9.991E-05
9.9946E-05 0.0749342 9.9946E-05 0.00486945 9.9946E-05 0.0274536 0.523285 0.0355634 0.0173333 9.9946E-05 9.9946E-05 0.315961 9.9946E-05
0.406448 0.2872 9.9928E-05 9.9928E-05 9.9928E-05 0.165079 9.9928E-05 9.9928E-05 0.01815 9.9928E-05 9.9928E-05 9.9928E-05 0.122323
0.918589 0.050447 9.99099E-05 9.99099E-05 9.99099E-05 0.0299652 9.99099E-05 9.99099E-05 9.99099E-05 9.99099E-05 9.99099E-05 9.99099E-05 9.99099E-05
9.99012E-05 9.99012E-05 0.323331 9.99012E-05 9.99012E-05 9.99012E-05 9.99012E-05 9.99012E-05 9.99012E-05 0.67557 9.99012E-05 9.99012E-05 9.99012E-05
9.99011E-05 9.99011E-05 0.73838 9.99011E-05 9.99011E-05 9.99011E-05 9.99011E-05 9.99011E-05 9.99011E-05 0.260521 9.99011E-05 9.99011E-05 9.99011E-05
9.99278E-05 0.0116591 9.99278E-05 9.99278E-05 9.99278E-05 0.0794098 0.0938437 0.761369 9.99278E-05 9.99278E-05 9.99278E-05 9.99278E-05 0.0529187
9.98921E-05 9.98921E-05 9.98921E-05 9.98921E-05 9.98921E-05 9.98921E-05 9.98921E-05 9.98921E-05 9.98921E-05 0.998801 9.98921E-05 9.98921E-05 9.98921E-05
9.98921E-05 9.98921E-05 9.98921E-05 9.98921E-05 9.98921E-05 9.98921E-05 9.98921E-05 9.98921E-05 9.98921E-05 0.998801 9.98921E-05 9.98921E-05 9.98921E-05
9.99461E-05 9.99461E-05 0.370432 0.0457652 0.246056 9.99461E-05 0.00864284 9.99461E-05 0.134094 0.184538 9.99461E-05 9.99461E-05 0.00987316
9.99189E-05 9.99189E-05 0.334643 9.99189E-05 0.563914 9.99189E-05 9.99189E-05 9.99189E-05 0.0664805 9.99189E-05 9.99189E-05 9.99189E-05 0.0340626
9.98923E-05 9.98923E-05 9.98923E-05 9.98923E-05 9.98923E-05 9.98923E-05 9.98923E-05 9.98923E-05 9.98923E-05 9.98923E-05 0.998801 9.98923E-05 9.98923E-05
9.99101E-05 9.99101E-05 0.526433 9.99101E-05 0.175567 9.99101E-05 9.99101E-05 9.99101E-05 9.99101E-05 0.297001 9.99101E-05 9.99101E-05 9.99101E-05
9.99192E-05 9.99192E-05 9.99192E-05 9.99192E-05 0.278568 9.99192E-05 0.0176775 9.99192E-05 0.693536 9.99192E-05 0.00931951 9.99192E-05 9.99192E-05
9.99367E-05 0.298983 9.99367E-05 9.99367E-05 0.0590502 0.0202413 0.0650488 0.46608 9.99367E-05 9.99367E-05 9.99367E-05 9.99367E-05 0.0898971
9.99279E-05 0.0469006 0.31973 9.99279E-05 0.00545248 9.99279E-05 9.99279E-05 9.99279E-05 9.99279E-05 0.6268 9.99279E-05 9.99279E-05 0.000317738
9.99101E-05 0.0124558 9.99101E-05 9.99101E-05 0.0205604 9.99101E-05 0.965985 9.99101E-05 9.99101E-05 9.99101E-05 9.99101E-05 9.99101E-05 9.99101E-05
9.99549E-05 0.0168745 0.00118389 0.030858 0.0482992 0.601339 0.119883 9.99549E-05 9.99549E-05 0.0124627 0.1686 9.99549E-05 9.99549E-05
9.99008E-05 0.942443 9.99008E-05 9.99008E-05 0.0564578 9.99008E-05 9.99008E-05 9.99008E-05 9.99008E-05 9.99008E-05 9.99008E-05 9.99008E-05 9.99008E-05
9.99368E-05 0.124752 0.106673 0.00258321 9.99368E-05 0.260444 0.165077 9.99368E-05 9.99368E-05 9.99368E-05 9.99368E-05 0.339773 9.99368E-05
9.99458E-05 0.0835374 0.0689442 0.00953617 9.99458E-05 0.286195 0.231089 9.99458E-05 9.99458E-05 9.99458E-05 9.99458E-05 0.319417 0.000680442
9.99189E-05 0.0219685 9.99189E-05 9.99189E-05 9.99189E-05 0.918529 0.0491388 9.99189E-05 9.99189E-05 9.99189E-05 9.99189E-05 0.0094641 9.99189E-05
0.00521352 9.9946E-05 9.9946E-05 0.00341625 9.9946E-05 0.00387527 0.0173384 0.0658433 9.9946E-05 9.9946E-05 0.0131168 0.890597 9.9946E-05
9.9937E-05 0.0485971 9.9937E-05 9.9937E-05 9.9937E-05 0.895633 0.0149761 0.0249277 0.00972282 9.9937E-05 9.9937E-05 9.9937E-05 0.00544402
0.132552 0.0883162 9.99549E-05 9.99549E-05 9.99549E-05 0.409942 0.0638727 0.11389 9.99549E-05 9.99549E-05 0.0231609 0.0930604 0.0747065
9.9955E-05 0.0549931 0.094444 0.0897594 9.9955E-05 0.515291 0.0924484 0.00367002 9.9955E-05 9.9955E-05 0.00342853 0.145466 9.9955E-05
9.9946E-05 0.332903 0.0814344 0.00597336 9.9946E-05 0.204627 0.206509 0.100851 0.0671024 9.9946E-05 9.9946E-05 9.9946E-05 9.9946E-05
0.00047067 9.99106E-05 9.99106E-05 0.0211709 9.99106E-05 9.99106E-05 0.977359 9.99106E-05 9.99106E-05 9.99106E-05 9.99106E-05 9.99106E-05 9.99106E-05
9.98921E-05 9.98921E-05 9.98921E-05 9.98921E-05 9.98921E-05 9.98921E-05 9.98921E-05 9.98921E-05 0.998801 9.98921E-05 9.98921E-05 9.98921E-05 9.98921E-05
0.00439888 9.99101E-05 9.99101E-05 0.00283358 9.99101E-05 9.99101E-05 9.99101E-05 9.99101E-05 0.991768 9.99101E-05 9.99101E-05 9.99101E-05 9.99101E-05
9.99101E-05 9.99101E-05 9.99101E-05 0.000189421 9.99101E-05 9.99101E-05 9.99101E-05 9.99101E-05 0.971364 9.99101E-05 9.99101E-05 0.027447 9.99101E-05
9.98922E-05 9.98922E-05 9.98922E-05 9.98922E-05 9.98922E-05 9.98922E-05 9.98922E-05 9.98922E-05 0.998801 9.98922E-05 9.98922E-05 9.98922E-05 9.98922E-05
9.98921E-05 9.98921E-05 9.98921E-05 9.98921E-05 9.98921E-05 9.98921E-05 9.98921E-05 9.98921E-05 0.998801 9.98921E-05 9.98921E-05 9.98921E-05 9.98921E-05
0.0312253 9.99641E-05 0.00703682 9.99641E-05 0.418657 0.0313717 0.00459555 0.0105841 0.383843 9.99641E-05 0.0204732 0.0918135 9.99641E-05
9.99191E-05 9.99191E-05 9.99191E-05 9.99191E-05 9.99191E-05 9.99191E-05 0.0049713 9.99191E-05 0.953141 9.99191E-05 0.0378672 0.00312156 9.99191E-05
9.99009E-05 9.99009E-05 9.99009E-05 9.99009E-05 9.99009E-05 9.99009E-05 0.832544 9.99009E-05 9.99009E-05 9.99009E-05 9.99009E-05 0.166357 9.99009E-05
9.99278E-05 9.99278E-05 9.99278E-05 9.99278E-05 9.99278E-05 9.99278E-05 0.000688918 9.99278E-05 0.0635696 0.0430484 0.853984 9.99278E-05 0.0379094
9.99099E-05 0.00824477 0.533076 9.99099E-05 9.99099E-05 9.99099E-05 9.99099E-05 9.99099E-05 9.99099E-05 0.45768 9.99099E-05 9.99099E-05 9.99099E-05
9.9928E-05 9.9928E-05 9.9928E-05 9.9928E-05 9.9928E-05 9.9928E-05 0.0333275 0.832272 0.00247666 9.9928E-05 9.9928E-05 0.109765 0.0213587
9.99013E-05 9.99013E-05 9.99013E-05 9.99013E-05 9.99013E-05 9.99013E-05 9.99013E-05 0.0664506 9.99013E-05 9.99013E-05 9.99013E-05 0.93245 9.99013E-05
9.99014E-05 9.99014E-05 9.99014E-05 9.99014E-05 0.00469834 9.99014E-05 9.99014E-05 0.994203 9.99014E-05 9.99014E-05 9.99014E-05 9.99014E-05 9.99014E-05
9.99099E-05 9.99099E-05 9.99099E-05 9.99099E-05 9.99099E-05 0.121869 0.018333 0.858798 9.99099E-05 9.99099E-05 9.99099E-05 9.99099E-05 9.99099E-05
9.99188E-05 0.0292235 9.99188E-05 9.99188E-05 9.99188E-05 0.107119 9.99188E-05 0.798154 9.99188E-05 9.99188E-05 9.99188E-05 9.99188E-05 0.0646047
9.98921E-05 9.98921E-05 9.98921E-05 0.998801 9.98921E-05 9.98921E-05 9.98921E-05 9.98921E-05 9.98921E-05 9.98921E-05 9.98921E-05 9.98921E-05 9.98921E-05
9.99014E-05 9.99014E-05 0.37278 9.99014E-05 9.99014E-05 9.99014E-05 9.99014E-05 9.99014E-05 9.99014E-05 0.626121 9.99014E-05 9.99014E-05 9.99014E-05
0.0477562 0.0256262 0.108837 9.9991E-05 0.0732817 0.0844242 0.142979 0.0287874 0.020839 0.188849 0.0918318 0.0923705 0.0943173
9.99282E-05 9.99282E-05 0.873725 9.99282E-05 0.0186211 9.99282E-05 9.99282E-05 9.99282E-05 0.0227509 0.0532584 9.99282E-05 0.0308456 9.99282E-05
9.99279E-05 0.0496705 0.652894 9.99279E-05 0.0361104 9.99279E-05 0.00308818 9.99279E-05 9.99279E-05 0.257437 9.99279E-05 9.99279E-05 9.99279E-05
9.991E-05 9.991E-05 9.991E-05 9.991E-05 9.991E-05 9.991E-05 9.991E-05 9.991E-05 0.00527736 0.972802 9.991E-05 0.0209212 9.991E-05
9.99012E-05 9.99012E-05 9.99012E-05 9.99012E-05 9.99012E-05 9.99012E-05 9.99012E-05 9.99012E-05 9.99012E-05 0.993212 9.99012E-05 0.00568865 9.99012E-05
9.99191E-05 9.99191E-05 0.645938 9.99191E-05 0.142564 9.99191E-05 0.0238475 9.99191E-05 9.99191E-05 0.186751 9.99191E-05 9.99191E-05 9.99191E-05
9.99189E-05 0.0296379 0.466676 9.99189E-05 0.0362276 9.99189E-05 9.99189E-05 9.99189E-05 9.99189E-05 0.46656 9.99189E-05 9.99189E-05 9.99189E-05
9.98919E-05 9.98919E-05 9.98919E-05 9.98919E-05 0.998801 9.98919E-05 9.98919E-05 9.98919E-05 9.98919E-05 9.98919E-05 9.98919E-05 9.98919E-05 9.98919E-05
9.9901E-05 9.9901E-05 9.9901E-05 9.9901E-05 0.956858 9.9901E-05 9.9901E-05 0.0420435 9.9901E-05 9.9901E-05 9.9901E-05 9.9901E-05 9.9901E-05
9.9928E-05 9.9928E-05 0.878128 9.9928E-05 9.9928E-05 9.9928E-05 9.9928E-05 9.9928E-05 0.029729 0.0602442 9.9928E-05 0.0297903 0.00130914
9.99189E-05 9.99189E-05 9.99189E-05 9.99189E-05 0.0245085 9.99189E-05 9.99189E-05 9.99189E-05 0.0207011 9.99189E-05 9.99189E-05 0.949948 0.00394266
9.991E-05 9.991E-05 9.991E-05 9.991E-05 9.991E-05 9.991E-05 9.991E-05 9.991E-05 0.00514841 9.991E-05 0.000678772 0.993174 9.991E-05
9.98922E-05 9.98922E-05 9.98922E-05 9.98922E-05 9.98922E-05 9.98922E-05 9.98922E-05 9.98922E-05 9.98922E-05 9.98922E-05 9.98922E-05 9.98922E-05 0.998801
9.98922E-05 9.98922E-05 9.98922E-05 9.98922E-05 9.98922E-05 9.98922E-05 9.98922E-05 9.98922E-05 9.98922E-05 9.98922E-05 9.98922E-05 9.98922E-05 0.998801
9.99369E-05 9.99369E-05 9.99369E-05 9.99369E-05 9.99369E-05 0.824441 0.0495333 0.018744 9.99369E-05 0.025233 0.00523585 0.0761134 9.99369E-05
9.9928E-05 9.9928E-05 9.9928E-05 0.0053088 9.9928E-05 0.843488 9.9928E-05 0.0378176 9.9928E-05 0.00475905 9.9928E-05 0.107827 9.9928E-05
9.99012E-05 9.99012E-05 9.99012E-05 9.99012E-05 9.99012E-05 0.0239086 9.99012E-05 9.99012E-05 9.99012E-05 9.99012E-05 9.99012E-05 9.99012E-05 0.974993
9.99011E-05 9.99011E-05 0.0133763 9.99011E-05 9.99011E-05 9.99011E-05 9.99011E-05 9.99011E-05 9.99011E-05 9.99011E-05 9.99011E-05 9.99011E-05 0.985525
9.99189E-05 9.99189E-05 9.99189E-05 9.99189E-05 9.99189E-05 9.99189E-05 0.918874 0.0657309 0.00524916 9.99189E-05 9.99189E-05 0.00924639 9.99189E-05
0.0699151 9.9937E-05 9.9937E-05 0.00115824 9.9937E-05 0.154683 9.9937E-05 0.156245 9.9937E-05 9.9937E-05 0.0277809 0.589519 9.9937E-05
9.99009E-05 9.99009E-05 9.99009E-05 9.99009E-05 9.99009E-05 9.99009E-05 9.99009E-05 9.99009E-05 0.0788608 9.99009E-05 0.92004 9.99009E-05 9.99009E-05
0.057143 0.681488 0.0039049 9.99462E-05 9.99462E-05 0.0935595 9.99462E-05 0.146887 0.0123366 0.00408127 9.99462E-05 9.99462E-05 9.99462E-05
0.00847959 0.731883 9.99371E-05 9.99371E-05 9.99371E-05 9.99371E-05 0.0811507 0.154592 9.99371E-05 9.99371E-05 9.99371E-05 0.0121087 0.0110859
0.0311916 9.99281E-05 0.088583 9.99281E-05 0.583791 9.99281E-05 9.99281E-05 9.99281E-05 9.99281E-05 0.2602 9.99281E-05 9.99281E-05 0.0354345
