9.99009E-05 9.99009E-05 9.99009E-05 9.99009E-05 0.056439 0.942462 9.99009E-05 9.99009E-05 9.99009E-05 9.99009E-05 9.99009E-05 9.99009E-05 9.99009E-05
0.113883 0.00724925 9.9946E-05 9.9946E-05 0.0424649 0.0409292 0.00560262 0.788382 9.9946E-05 0.000889807 9.9946E-05 9.9946E-05 9.9946E-05
9.9892E-05 0.998801 9.9892E-05 9.9892E-05 9.9892E-05 9.9892E-05 9.9892E-05 9.9892E-05 9.9892E-05 9.9892E-05 9.9892E-05 9.9892E-05 9.9892E-05
0.896677 0.0439094 0.0322955 9.9919E-05 9.9919E-05 9.9919E-05 9.9919E-05 9.9919E-05 9.9919E-05 0.0262187 9.9919E-05 9.9919E-05 9.9919E-05
0.27928 0.0258383 0.237678 9.99641E-05 0.0975811 0.0401881 9.99641E-05 0.0840206 0.060342 0.000560212 9.99641E-05 0.174112 9.99641E-05
0.888753 0.0311098 0.0671356 9.9919E-05 9.9919E-05 9.9919E-05 9.9919E-05 9.9919E-05 9.9919E-05 0.0121022 9.9919E-05 9.9919E-05 9.9919E-05
9.9892E-05 9.9892E-05 9.9892E-05 9.9892E-05 9.9892E-05 9.9892E-05 9.9892E-05 9.9892E-05 9.9892E-05 9.9892E-05 9.9892E-05 0.998801 9.9892E-05
0.00492286 0.00366051 0.285204 9.99549E-05 0.0830123 9.99549E-05 9.99549E-05 0.0974224 0.0789795 9.99549E-05 9.99549E-05 0.00104217 0.445257
9.9901E-05 9.9901E-05 9.9901E-05 9.9901E-05 9.9901E-05 9.9901E-05 9.9901E-05 0.0297453 9.9901E-05 9.9901E-05 9.9901E-05 0.969156 9.9901E-05
9.9901E-05 9.9901E-05 9.9901E-05 9.9901E-05 0.851035 9.9901E-05 9.9901E-05 9.9901E-05 9.9901E-05 9.9901E-05 9.9901E-05 0.147866 9.9901E-05
9.99011E-05 9.99011E-05 9.99011E-05 9.99011E-05 0.830365 9.99011E-05 9.99011E-05 9.99011E-05 9.99011E-05 9.99011E-05 9.99011E-05 0.168536 9.99011E-05
9.9937E-05 0.0107034 9.9937E-05 9.9937E-05 9.9937E-05 0.671462 9.9937E-05 9.9937E-05 9.9937E-05 0.120917 0.175628 0.00553803 0.0150528
9.99102E-05 9.99102E-05 9.99102E-05 9.99102E-05 9.99102E-05 9.99102E-05 9.99102E-05 9.99102E-05 9.99102E-05 9.99102E-05 0.977864 0.020229 0.000908367
0.943501 0.000870946 9.99191E-05 0.0316688 9.99191E-05 9.99191E-05 9.99191E-05 0.0230599 9.99191E-05 9.99191E-05 9.99191E-05 9.99191E-05 9.99191E-05
0.94098 9.99191E-05 9.99191E-05 0.0044151 0.0345819 0.0191234 9.99191E-05 9.99191E-05 9.99191E-05 9.99191E-05 9.99191E-05 9.99191E-05 9.99191E-05
9.99101E-05 9.99101E-05 9.99101E-05 9.99101E-05 0.0492661 9.99101E-05 0.797111 9.99101E-05 9.99101E-05 9.99101E-05 0.152624 9.99101E-05 9.99101E-05
9.99371E-05 9.99371E-05 0.0393778 0.0717203 0.370672 9.99371E-05 0.0411867 9.99371E-05 9.99371E-05 0.303497 0.172846 9.99371E-05 9.99371E-05
9.99411E-05 0.0175146 9.99411E-05 0.716812 0.0875525 9.99411E-05 0.0789034 0.0768345 0.021683 9.99411E-05 9.99411E-05 9.99411E-05 9.99411E-05
9.9901E-05 9.9901E-05 9.9901E-05 0.89824 9.9901E-05 9.9901E-05 9.9901E-05 9.9901E-05 9.9901E-05 0.100661 9.9901E-05 9.9901E-05 9.9901E-05
9.9919E-05 9.9919E-05 9.9919E-05 9.9919E-05 0.517368 0.0945213 0.335195 9.9919E-05 9.9919E-05 0.0520165 9.9919E-05 9.9919E-05 9.9919E-05
9.99101E-05 0.009458 0.000751708 0.988791 9.99101E-05 9.99101E-05 9.99101E-05 9.99101E-05 9.99101E-05 9.99101E-05 9.99101E-05 9.99101E-05 9.99101E-05
9.99279E-05 9.99279E-05 9.99279E-05 9.99279E-05 0.115369 0.520481 0.302761 0.0134966 9.99279E-05 9.99279E-05 0.0470931 9.99279E-05 9.99279E-05
0.00258019 9.99371E-05 0.0449714 0.385553 0.306913 9.99371E-05 9.99371E-05 9.99371E-05 0.00269755 0.256585 9.99371E-05 9.99371E-05 9.99371E-05
9.99099E-05 9.99099E-05 9.99099E-05 0.905568 0.0171782 9.99099E-05 9.99099E-05 9.99099E-05 9.99099E-05 0.0762544 9.99099E-05 9.99099E-05 9.99099E-05
0.942957 9.99012E-05 9.99012E-05 9.99012E-05 9.99012E-05 9.99012E-05 9.99012E-05 9.99012E-05 9.99012E-05 9.99012E-05 9.99012E-05 9.99012E-05 0.0559438
0.998801 9.98923E-05 9.98923E-05 9.98923E-05 9.98923E-05 9.98923E-05 9.98923E-05 9.98923E-05 9.98923E-05 9.98923E-05 9.98923E-05 9.98923E-05 9.98923E-05
9.99188E-05 9.99188E-05 9.99188E-05 9.99188E-05 0.0619575 0.0672902 9.99188E-05 9.99188E-05 9.99188E-05 0.0407688 0.829084 9.99188E-05 9.99188E-05
0.875102 9.991E-05 9.991E-05 9.991E-05 9.991E-05 9.991E-05 9.991E-05 9.991E-05 0.0909795 9.991E-05 9.991E-05 9.991E-05 0.0329189
0.869198 9.99101E-05 9.99101E-05 9.99101E-05 9.99101E-05 9.99101E-05 0.0103656 9.99101E-05 0.119437 9.99101E-05 9.99101E-05 9.99101E-05 9.99101E-05
0.25782 0.00234873 0.671297 9.99461E-05 9.99461E-05 0.0182369 9.99461E-05 0.00187269 0.0312482 9.99461E-05 0.0165766 9.99461E-05 9.99461E-05
0.10757 9.99098E-05 0.888169 9.99098E-05 9.99098E-05 9.99098E-05 9.99098E-05 9.99098E-05 0.00326161 9.99098E-05 9.99098E-05 9.99098E-05 9.99098E-05
9.98923E-05 9.98923E-05 9.98923E-05 9.98923E-05 9.98923E-05 9.98923E-05 9.98923E-05 0.998801 9.98923E-05 9.98923E-05 9.98923E-05 9.98923E-05 9.98923E-05
0.80055 9.99102E-05 0.000581237 9.99102E-05 9.99102E-05 9.99102E-05 9.99102E-05 9.99102E-05 9.99102E-05 9.99102E-05 9.99102E-05 9.99102E-05 0.19787
9.99371E-05 0.00358115 0.0805492 9.99371E-05 0.000373194 0.00335142 9.99371E-05 9.99371E-05 0.705813 9.99371E-05 9.99371E-05 9.99371E-05 0.205633
9.99368E-05 9.99368E-05 0.0874772 9.99368E-05 0.0917775 0.0238385 9.99368E-05 9.99368E-05 9.99368E-05 0.175645 0.610713 9.99368E-05 0.00984924
0.919365 9.991E-05 9.991E-05 9.991E-05 9.991E-05 9.991E-05 0.0158664 9.991E-05 9.991E-05 9.991E-05 9.991E-05 9.991E-05 0.0637698
9.991E-05 0.00429858 9.991E-05 9.991E-05 9.991E-05 0.9717 9.991E-05 9.991E-05 9.991E-05 9.991E-05 9.991E-05 9.991E-05 0.0230018
9.99189E-05 9.99189E-05 9.99189E-05 9.99189E-05 0.682851 0.0447251 9.99189E-05 0.206417 9.99189E-05 9.99189E-05 9.99189E-05 9.99189E-05 0.0651068
0.0220202 9.99461E-05 0.138725 0.0435311 0.292531 9.99461E-05 9.99461E-05 9.99461E-05 9.99461E-05 0.35503 0.142114 9.99461E-05 0.00544876
0.131015 9.99279E-05 9.99279E-05 9.99279E-05 0.36357 0.214757 0.249299 9.99279E-05 9.99279E-05 0.0405594 9.99279E-05 9.99279E-05 9.99279E-05
0.0671929 9.99459E-05 9.99459E-05 0.0154108 0.399504 0.259721 0.245562 0.0109491 9.99459E-05 0.00106083 9.99459E-05 9.99459E-05 9.99459E-05
9.991E-05 9.991E-05 9.991E-05 9.991E-05 0.953166 0.030106 0.0157288 9.991E-05 9.991E-05 9.991E-05 9.991E-05 9.991E-05 9.991E-05
9.9928E-05 9.9928E-05 9.9928E-05 0.00399893 9.9928E-05 0.0228105 0.877497 9.9928E-05 9.9928E-05 9.9928E-05 0.025813 0.0690813 9.9928E-05
9.991E-05 9.991E-05 9.991E-05 9.991E-05 0.93688 0.0256482 9.991E-05 9.991E-05 9.991E-05 9.991E-05 0.036473 9.991E-05 9.991E-05
9.9946E-05 9.9946E-05 9.9946E-05 0.0828434 0.483672 0.0279144 0.0661289 0.0449282 9.9946E-05 0.119923 0.173991 9.9946E-05 9.9946E-05
0.033119 9.9973E-05 0.0457438 0.0223187 0.60173 0.0953948 0.108392 0.054274 9.9973E-05 0.00220161 0.0303254 9.9973E-05 0.00619992
0.037487 9.9946E-05 0.156334 9.9946E-05 0.344417 0.183801 9.9946E-05 9.9946E-05 9.9946E-05 0.0751171 0.193989 0.00825561 9.9946E-05
9.99017E-05 9.99017E-05 9.99017E-05 0.00272127 9.99017E-05 0.99618 9.99017E-05 9.99017E-05 9.99017E-05 9.99017E-05 9.99017E-05 9.99017E-05 9.99017E-05
9.98921E-05 9.98921E-05 9.98921E-05 9.98921E-05 9.98921E-05 9.98921E-05 9.98921E-05 9.98921E-05 0.998801 9.98921E-05 9.98921E-05 9.98921E-05 9.98921E-05
0.00228485 9.99191E-05 9.99191E-05 9.99191E-05 9.99191E-05 9.99191E-05 0.0175937 9.99191E-05 0.962483 9.99191E-05 9.99191E-05 0.0167396 9.99191E-05
9.99191E-05 9.99191E-05 9.99191E-05 0.0032127 0.00730872 9.99191E-05 9.99191E-05 9.99191E-05 0.985954 0.00262522 9.99191E-05 9.99191E-05 9.99191E-05
0.00621425 9.99011E-05 9.99011E-05 9.99011E-05 9.99011E-05 9.99011E-05 9.99011E-05 9.99011E-05 0.992687 9.99011E-05 9.99011E-05 9.99011E-05 9.99011E-05
9.98922E-05 9.98922E-05 9.98922E-05 9.98922E-05 9.98922E-05 9.98922E-05 9.98922E-05 9.98922E-05 0.998801 9.98922E-05 9.98922E-05 9.98922E-05 9.98922E-05
9.99372E-05 0.0328158 0.354476 9.99372E-05 0.0729588 9.99372E-05 0.0630103 9.99372E-05 0.333731 9.99372E-05 9.99372E-05 9.99372E-05 0.142309
9.993E-05 9.993E-05 9.993E-05 9.993E-05 0.0158478 0.00436015 0.000414514 0.0754416 0.898778 0.00445809 9.993E-05 9.993E-05 9.993E-05
9.99099E-05 9.99099E-05 9.99099E-05 9.99099E-05 9.99099E-05 0.819681 0.174544 9.99099E-05 9.99099E-05 9.99099E-05 0.00477661 9.99099E-05 9.99099E-05
9.991E-05 9.991E-05 9.991E-05 9.991E-05 9.991E-05 9.991E-05 9.991E-05 0.932657 0.0278 9.991E-05 9.991E-05 0.0385435 9.991E-05
0.981006 9.991E-05 9.991E-05 9.991E-05 0.0113625 0.0066323 9.991E-05 9.991E-05 9.991E-05 9.991E-05 9.991E-05 9.991E-05 9.991E-05
9.99281E-05 9.99281E-05 9.99281E-05 9.99281E-05 9.99281E-05 0.0285607 0.0932004 9.99281E-05 0.0193458 0.00747564 0.850618 9.99281E-05 9.99281E-05
9.99103E-05 9.99103E-05 9.99103E-05 9.99103E-05 9.99103E-05 9.99103E-05 0.934893 9.99103E-05 9.99103E-05 9.99103E-05 0.0493604 9.99103E-05 0.0147479
9.99012E-05 9.99012E-05 9.99012E-05 9.99012E-05 9.99012E-05 9.99012E-05 9.99012E-05 9.99012E-05 9.99012E-05 9.99012E-05 0.940153 0.0587482 9.99012E-05
9.99189E-05 9.99189E-05 9.99189E-05 9.99189E-05 0.0961775 9.99189E-05 0.000625038 0.00408109 9.99189E-05 9.99189E-05 0.898217 9.99189E-05 9.99189E-05
9.99099E-05 9.99099E-05 9.99099E-05 9.99099E-05 0.0560309 9.99099E-05 9.99099E-05 9.99099E-05 9.99099E-05 0.0415679 0.901402 9.99099E-05 9.99099E-05
9.99282E-05 9.99282E-05 9.99282E-05 0.892186 0.0314731 0.0353365 9.99282E-05 9.99282E-05 0.0342732 9.99282E-05 9.99282E-05 9.99282E-05 0.00593192
0.966673 0.0322286 9.99015E-05 9.99015E-05 9.99015E-05 9.99015E-05 9.99015E-05 9.99015E-05 9.99015E-05 9.99015E-05 9.99015E-05 9.99015E-05 9.99015E-05
0.0573457 0.0627459 0.0821236 0.103898 0.104876 0.17678 9.9973E-05 0.0017173 0.19956 0.0535486 9.9973E-05 0.157105 9.9973E-05
0.781333 0.156758 9.99282E-05 9.99282E-05 9.99282E-05 9.99282E-05 0.000602454 9.99282E-05 0.00436839 9.99282E-05 9.99282E-05 9.99282E-05 0.0561391
0.87733 0.0229085 0.0658324 9.9928E-05 9.9928E-05 0.00967917 9.9928E-05 9.9928E-05 9.9928E-05 9.9928E-05 9.9928E-05 0.0234504 9.9928E-05
0.802975 9.9928E-05 9.9928E-05 9.9928E-05 9.9928E-05 9.9928E-05 0.0380926 9.9928E-05 0.0553636 9.9928E-05 9.9928E-05 0.0163538 0.0864157
0.876963 0.00266196 9.99371E-05 9.99371E-05 9.99371E-05 9.99371E-05 0.0609067 9.99371E-05 0.0252718 9.99371E-05 9.99371E-05 0.00596621 0.0275304
0.700128 9.99281E-05 0.23392 9.99281E-05 0.0190565 0.039649 9.99281E-05 9.99281E-05 9.99281E-05 0.00644782 9.99281E-05 9.99281E-05 9.99281E-05
0.966571 9.991E-05 0.00533733 9.991E-05 9.991E-05 9.991E-05 9.991E-05 9.991E-05 9.991E-05 9.991E-05 9.991E-05 0.0270927 9.991E-05
9.9901E-05 9.9901E-05 9.9901E-05 9.9901E-05 9.9901E-05 9.9901E-05 9.9901E-05 9.9901E-05 0.0611656 9.9901E-05 9.9901E-05 9.9901E-05 0.937735
9.98921E-05 9.98921E-05 9.98921E-05 9.98921E-05 9.98921E-05 9.98921E-05 9.98921E-05 9.98921E-05 9.98921E-05 9.98921E-05 9.98921E-05 9.98921E-05 0.998801
0.907522 0.0544692 9.99281E-05 0.00562948 0.0133144 9.99281E-05 9.99281E-05 9.99281E-05 0.0182659 9.99281E-05 9.99281E-05 9.99281E-05 9.99281E-05
0.017922 9.9919E-05 9.9919E-05 9.9919E-05 9.9919E-05 9.9919E-05 0.968297 9.9919E-05 9.9919E-05 0.00687389 9.9919E-05 9.9919E-05 0.00600821
9.9901E-05 9.9901E-05 9.9901E-05 9.9901E-05 9.9901E-05 9.9901E-05 0.997464 9.9901E-05 0.00143742 9.9901E-05 9.9901E-05 9.9901E-05 9.9901E-05
9.9892E-05 9.9892E-05 9.9892E-05 9.9892E-05 9.9892E-05 9.9892E-05 9.9892E-05 9.9892E-05 9.9892E-05 0.998801 9.9892E-05 9.9892E-05 9.9892E-05
9.98919E-05 9.98919E-05 9.98919E-05 9.98919E-05 9.98919E-05 9.98919E-05 9.98919E-05 9.98919E-05 9.98919E-05 0.998801 9.98919E-05 9.98919E-05 9.98919E-05
9.99189E-05 9.99189E-05 9.99189E-05 9.99189E-05 0.792596 9.99189E-05 0.0939584 0.0954336 9.99189E-05 9.99189E-05 9.99189E-05 9.99189E-05 0.0171125
9.99459E-05 9.99459E-05 9.99459E-05 9.99459E-05 0.759789 0.00217787 0.149957 0.0241254 9.99459E-05 9.99459E-05 0.028483 0.0184531 0.0164146
9.98921E-05 9.98921E-05 9.98921E-05 9.98921E-05 9.98921E-05 9.98921E-05 9.98921E-05 9.98921E-05 9.98921E-05 0.998801 9.98921E-05 9.98921E-05 9.98921E-05
9.9892E-05 9.9892E-05 9.9892E-05 9.9892E-05 9.9892E-05 9.9892E-05 9.9892E-05 9.9892E-05 9.9892E-05 0.998801 9.9892E-05 9.9892E-05 9.9892E-05
9.99254E-05 9.99254E-05 9.99254E-05 9.99254E-05 9.99254E-05 0.92989 0.012468 9.99254E-05 0.0139111 9.99254E-05 0.0428311 9.99254E-05 9.99254E-05
9.99459E-05 9.99459E-05 9.99459E-05 0.0751529 0.175998 0.00861284 0.479774 0.0206732 9.99459E-05 9.99459E-05 0.144477 0.0947114 9.99459E-05
9.991E-05 9.991E-05 9.991E-05 9.991E-05 9.991E-05 9.991E-05 9.991E-05 0.884738 0.0569085 9.991E-05 9.991E-05 0.0573545 9.991E-05
0.056301 9.99283E-05 9.99283E-05 0.115154 0.348783 9.99283E-05 9.99283E-05 9.99283E-05 9.99283E-05 0.173515 0.305448 9.99283E-05 9.99283E-05
9.99282E-05 9.99282E-05 9.99282E-05 0.0684771 9.99282E-05 0.174762 0.0573442 9.99282E-05 9.99282E-05 0.311649 0.386968 9.99282E-05 9.99282E-05
9.9892E-05 9.9892E-05 0.998801 9.9892E-05 9.9892E-05 9.9892E-05 9.9892E-05 9.9892E-05 9.9892E-05 9.9892E-05 9.9892E-05 9.9892E-05 9.9892E-05
