0.934394 9.99279E-05 0.0648068 9.99279E-05 9.99279E-05 9.99279E-05 9.99279E-05 9.99279E-05 9.99279E-05 9.99279E-05
0.0878258 9.99459E-05 9.99459E-05 9.99459E-05 9.99459E-05 9.99459E-05 0.787986 0.0176397 0.105949 9.99459E-05
9.99643E-05 0.0134996 9.99643E-05 0.25556 0.0959609 9.99643E-05 0.0250356 9.99643E-05 0.595789 0.0137553
9.99371E-05 0.0384884 9.99371E-05 9.99371E-05 9.99371E-05 0.0102799 9.99371E-05 9.99371E-05 0.950532 9.99371E-05
0.0368847 9.99731E-05 0.108848 0.230283 9.99731E-05 0.0285254 0.239918 0.0796232 0.275618 9.99731E-05
9.9928E-05 9.9928E-05 9.9928E-05 9.9928E-05 9.9928E-05 9.9928E-05 9.9928E-05 0.0604579 0.938743 9.9928E-05
9.99372E-05 9.99372E-05 9.99372E-05 0.107599 0.407122 9.99372E-05 0.48458 9.99372E-05 9.99372E-05 9.99372E-05
9.99639E-05 0.00234435 0.071713 0.719434 9.99639E-05 0.0496933 0.109132 9.99639E-05 0.0472837 9.99639E-05
9.99461E-05 9.99461E-05 0.0788798 0.103665 0.248701 9.99461E-05 0.568155 9.99461E-05 9.99461E-05 9.99461E-05
9.99282E-05 9.99282E-05 0.97404 0.0251609 9.99282E-05 9.99282E-05 9.99282E-05 9.99282E-05 9.99282E-05 9.99282E-05
9.99201E-05 9.99201E-05 0.999101 9.99201E-05 9.99201E-05 9.99201E-05 9.99201E-05 9.99201E-05 9.99201E-05 9.99201E-05
0.691368 0.135698 9.9946E-05 9.9946E-05 0.14928 9.9946E-05 9.9946E-05 9.9946E-05 0.0230547 9.9946E-05
9.99281E-05 9.99281E-05 9.99281E-05 0.052253 0.946948 9.99281E-05 9.99281E-05 9.99281E-05 9.99281E-05 9.99281E-05
0.0132602 9.99551E-05 9.99551E-05 9.99551E-05 9.99551E-05 9.99551E-05 0.0413975 0.0261048 0.898305 0.0204326
0.0274706 9.99461E-05 0.0120234 9.99461E-05 9.99461E-05 9.99461E-05 9.99461E-05 9.99461E-05 0.956724 0.00318218
0.0480798 0.018109 0.4809 9.9964E-05 0.343714 0.0134501 0.0953473 9.9964E-05 9.9964E-05 9.9964E-05
9.99278E-05 9.99278E-05 0.0637634 9.99278E-05 9.99278E-05 9.99278E-05 9.99278E-05 0.935437 9.99278E-05 9.99278E-05
0.0258473 9.99549E-05 0.166392 9.99549E-05 9.99549E-05 0.0272652 0.0454359 9.99549E-05 9.99549E-05 0.73456
9.9928E-05 0.0734637 9.9928E-05 9.9928E-05 9.9928E-05 9.9928E-05 9.9928E-05 9.9928E-05 9.9928E-05 0.925737
0.170234 0.0452708 0.673454 9.99549E-05 0.0138614 9.99549E-05 9.99549E-05 0.0966801 9.99549E-05 9.99549E-05
9.99201E-05 9.99201E-05 9.99201E-05 9.99201E-05 9.99201E-05 9.99201E-05 9.99201E-05 9.99201E-05 9.99201E-05 0.999101
0.5165 0.0183468 0.34143 9.99549E-05 0.0996574 9.99549E-05 9.99549E-05 0.0235662 9.99549E-05 9.99549E-05
9.9955E-05 0.188942 0.0401619 9.9955E-05 9.9955E-05 9.9955E-05 0.00967349 0.423756 9.9955E-05 0.336967
9.9937E-05 0.0148324 9.9937E-05 9.9937E-05 9.9937E-05 9.9937E-05 9.9937E-05 0.104431 9.9937E-05 0.880037
9.99372E-05 9.99372E-05 9.99372E-05 9.99372E-05 0.00211698 0.00937 9.99372E-05 9.99372E-05 0.987813 9.99372E-05
9.99201E-05 9.99201E-05 9.99201E-05 9.99201E-05 9.99201E-05 9.99201E-05 9.99201E-05 9.99201E-05 0.999101 9.99201E-05
0.111572 0.0624489 0.050373 9.99549E-05 0.731393 9.99549E-05 9.99549E-05 0.0437137 9.99549E-05 9.99549E-05
9.9946E-05 9.9946E-05 9.9946E-05 0.0263609 9.9946E-05 0.0405341 0.0105064 9.9946E-05 0.921999 9.9946E-05
9.994E-05 9.994E-05 9.994E-05 9.994E-05 0.0348597 0.0565077 0.00995962 9.994E-05 0.898073 9.994E-05
9.99641E-05 0.00552418 9.99641E-05 0.310276 9.99641E-05 0.127633 9.99641E-05 0.051718 0.50302 0.00142887
9.99549E-05 0.0109056 9.99549E-05 0.6429 9.99549E-05 0.0250018 9.99549E-05 0.0319777 0.288715 9.99549E-05
9.99201E-05 9.99201E-05 9.99201E-05 9.99201E-05 9.99201E-05 9.99201E-05 0.999101 9.99201E-05 9.99201E-05 9.99201E-05
9.99281E-05 9.99281E-05 9.99281E-05 0.174948 9.99281E-05 9.99281E-05 9.99281E-05 9.99281E-05 0.824253 9.99281E-05
9.99551E-05 0.00358081 0.0127432 0.279314 9.99551E-05 0.702413 0.00144948 9.99551E-05 9.99551E-05 9.99551E-05
0.0626956 0.0922643 9.99548E-05 0.0605367 0.454265 9.99548E-05 9.99548E-05 0.329739 9.99548E-05 9.99548E-05
9.99639E-05 0.00139396 9.99639E-05 0.0729035 0.0200709 9.99639E-05 0.00234719 0.0161493 0.886735 9.99639E-05
0.97625 9.9937E-05 9.9937E-05 0.017758 9.9937E-05 9.9937E-05 9.9937E-05 0.00529227 9.9937E-05 9.9937E-05
0.0820053 9.9964E-05 0.624104 9.9964E-05 9.9964E-05 9.9964E-05 0.238586 0.0326774 0.01011 0.0121175
9.99369E-05 9.99369E-05 9.99369E-05 0.00940307 9.99369E-05 9.99369E-05 0.00597071 0.983927 9.99369E-05 9.99369E-05
0.243069 9.99459E-05 0.575223 9.99459E-05 9.99459E-05 9.99459E-05 9.99459E-05 0.0698813 0.111227 9.99459E-05
0.299039 0.00491939 0.569019 9.99549E-05 9.99549E-05 9.99549E-05 9.99549E-05 0.031041 0.0954819 9.99549E-05
9.99279E-05 9.99279E-05 0.951028 9.99279E-05 9.99279E-05 9.99279E-05 9.99279E-05 0.0481721 9.99279E-05 9.99279E-05
0.0913566 9.99459E-05 0.444157 9.99459E-05 0.307426 9.99459E-05 0.15646 9.99459E-05 9.99459E-05 9.99459E-05
9.9937E-05 0.0142389 0.909498 9.9937E-05 9.9937E-05 9.9937E-05 9.9937E-05 0.0755639 9.9937E-05 9.9937E-05
0.0530122 0.104048 0.454872 9.9973E-05 0.149525 9.9973E-05 0.0172599 0.110374 9.9973E-05 0.11061
0.11727 9.9973E-05 0.646765 0.0420896 0.0254233 9.9973E-05 9.9973E-05 0.0657357 0.0621936 0.040223
0.200694 9.9973E-05 0.148463 9.9973E-05 0.0876987 0.0515597 0.0144471 0.434289 0.0625484 9.9973E-05
0.986077 9.99284E-05 9.99284E-05 9.99284E-05 9.99284E-05 9.99284E-05 9.99284E-05 9.99284E-05 9.99284E-05 0.0131238
9.99201E-05 9.99201E-05 9.99201E-05 9.99201E-05 9.99201E-05 0.999101 9.99201E-05 9.99201E-05 9.99201E-05 9.99201E-05
9.9928E-05 9.9928E-05 9.9928E-05 9.9928E-05 9.9928E-05 0.990962 9.9928E-05 9.9928E-05 9.9928E-05 0.00823877
9.99334E-05 9.99334E-05 0.0106837 9.99334E-05 9.99334E-05 0.988517 9.99334E-05 9.99334E-05 9.99334E-05 9.99334E-05
9.99201E-05 9.99201E-05 9.99201E-05 9.99201E-05 9.99201E-05 0.999101 9.99201E-05 9.99201E-05 9.99201E-05 9.99201E-05
9.99281E-05 9.99281E-05 9.99281E-05 9.99281E-05 9.99281E-05 0.993851 9.99281E-05 9.99281E-05 0.00535 9.99281E-05
0.00637923 9.9982E-05 0.0165088 0.363006 0.0622005 0.377054 0.146121 9.9982E-05 0.00992214 0.0186082
9.99281E-05 9.99281E-05 9.99281E-05 9.99281E-05 9.99281E-05 0.927161 0.0720401 9.99281E-05 9.99281E-05 9.99281E-05
0.814703 9.99369E-05 0.101398 9.99369E-05 0.0831997 9.99369E-05 9.99369E-05 9.99369E-05 9.99369E-05 9.99369E-05
9.99278E-05 9.99278E-05 9.99278E-05 9.99278E-05 9.99278E-05 0.020058 0.979143 9.99278E-05 9.99278E-05 9.99278E-05
9.99279E-05 9.99279E-05 9.99279E-05 9.99279E-05 9.99279E-05 9.99279E-05 9.99279E-05 0.0145312 0.984669 9.99279E-05
0.0634997 0.0520901 9.9946E-05 9.9946E-05 0.860009 0.0238014 9.9946E-05 9.9946E-05 9.9946E-05 9.9946E-05
0.173014 9.99551E-05 0.388116 0.00748689 0.373728 9.99551E-05 9.99551E-05 9.99551E-05 0.0571558 9.99551E-05
9.99201E-05 9.99201E-05 9.99201E-05 9.99201E-05 0.999101 9.99201E-05 9.99201E-05 9.99201E-05 9.99201E-05 9.99201E-05
0.0324477 9.99549E-05 0.0687377 9.99549E-05 0.880874 9.99549E-05 9.99549E-05 0.00484544 0.0125952 9.99549E-05
9.99459E-05 0.0532406 0.0436448 9.99459E-05 0.850963 9.99459E-05 9.99459E-05 0.0515522 9.99459E-05 9.99459E-05
0.0811583 9.99372E-05 9.99372E-05 0.00287734 9.99372E-05 9.99372E-05 9.99372E-05 9.99372E-05 9.99372E-05 0.915265
9.99201E-05 9.99201E-05 9.99201E-05 9.99201E-05 9.99201E-05 9.99201E-05 9.99201E-05 9.99201E-05 0.999101 9.99201E-05
9.998E-05 0.140103 0.0681921 0.141467 0.204695 0.131488 0.17453 9.998E-05 0.123184 0.0161408
9.99373E-05 9.99373E-05 9.99373E-05 0.0164817 0.036607 9.99373E-05 9.99373E-05 9.99373E-05 0.946212 9.99373E-05
0.0212536 9.9955E-05 9.9955E-05 0.0398434 9.9955E-05 0.0123973 9.9955E-05 0.0575434 0.868463 9.9955E-05
9.9946E-05 9.9946E-05 9.9946E-05 0.0705958 0.0254633 0.0393289 9.9946E-05 9.9946E-05 0.864012 9.9946E-05
9.9955E-05 9.9955E-05 9.9955E-05 0.0483908 0.00680147 9.9955E-05 0.0719832 9.9955E-05 0.857273 0.0150521
0.0105516 0.0267256 0.0367733 0.164699 9.99551E-05 9.99551E-05 9.99551E-05 9.99551E-05 0.760751 9.99551E-05
9.9937E-05 9.9937E-05 9.9937E-05 0.0403176 9.9937E-05 9.9937E-05 9.9937E-05 0.0206103 0.938373 9.9937E-05
9.99201E-05 9.99201E-05 9.99201E-05 0.999101 9.99201E-05 9.99201E-05 9.99201E-05 9.99201E-05 9.99201E-05 9.99201E-05
9.9928E-05 9.9928E-05 9.9928E-05 0.942235 0.0569655 9.9928E-05 9.9928E-05 9.9928E-05 9.9928E-05 9.9928E-05
9.99641E-05 0.000728916 0.00527393 9.99641E-05 0.0314553 0.0373229 9.99641E-05 9.99641E-05 0.922542 0.00227682
0.0142901 0.0422878 0.558113 9.9973E-05 0.13303 0.0297764 0.180564 9.9973E-05 0.0416385 9.9973E-05
0.0126357 0.0263443 0.519664 9.99729E-05 0.199428 0.00971435 0.201053 9.99729E-05 0.0308607 9.99729E-05
9.99201E-05 0.999101 9.99201E-05 9.99201E-05 9.99201E-05 9.99201E-05 9.99201E-05 9.99201E-05 9.99201E-05 9.99201E-05
9.99281E-05 0.993695 9.99281E-05 9.99281E-05 0.00550548 9.99281E-05 9.99281E-05 9.99281E-05 9.99281E-05 9.99281E-05
0.0202767 9.9946E-05 0.93475 9.9946E-05 0.00435789 9.9946E-05 0.0400158 9.9946E-05 9.9946E-05 9.9946E-05
0.00603192 9.9946E-05 0.93831 9.9946E-05 0.0411265 9.9946E-05 0.013932 9.9946E-05 9.9946E-05 9.9946E-05
9.99551E-05 0.970484 9.99551E-05 0.0129357 9.99551E-05 0.000327238 0.00122024 0.0145329 9.99551E-05 9.99551E-05
9.99201E-05 0.999101 9.99201E-05 9.99201E-05 9.99201E-05 9.99201E-05 9.99201E-05 9.99201E-05 9.99201E-05 9.99201E-05
0.929265 9.99369E-05 9.99369E-05 9.99369E-05 0.0460789 0.0239568 9.99369E-05 9.99369E-05 9.99369E-05 9.99369E-05
0.0228423 9.9955E-05 0.538566 9.9955E-05 0.274403 9.9955E-05 0.123525 9.9955E-05 9.9955E-05 0.0401648
9.99279E-05 9.99279E-05 9.99279E-05 9.99279E-05 9.99279E-05 0.0628267 0.936374 9.99279E-05 9.99279E-05 9.99279E-05
9.99641E-05 0.0313073 0.0486073 9.99641E-05 0.171873 9.99641E-05 9.99641E-05 0.698589 0.0129483 0.0362746
0.105227 0.0793869 9.99461E-05 9.99461E-05 0.230524 9.99461E-05 9.99461E-05 0.584263 9.99461E-05 9.99461E-05
9.9955E-05 0.0216947 9.9955E-05 0.742759 9.9955E-05 0.0363807 9.9955E-05 9.9955E-05 0.183446 0.01522
