9.99279E-05 9.99279E-05 0.977819 9.99279E-05 9.99279E-05 9.99279E-05 0.0213815 9.99279E-05 9.99279E-05 9.99279E-05
0.0250982 0.0925659 0.126214 0.556979 9.99548E-05 0.198643 9.99548E-05 9.99548E-05 9.99548E-05 9.99548E-05
0.0870027 9.99554E-05 9.99554E-05 0.0616312 9.99554E-05 0.744534 9.99554E-05 9.99554E-05 0.0497273 0.0566053
0.028041 9.9928E-05 9.9928E-05 9.9928E-05 9.9928E-05 0.97116 9.9928E-05 9.9928E-05 9.9928E-05 9.9928E-05
9.99551E-05 9.99551E-05 0.00611343 0.354922 9.99551E-05 0.393828 0.156402 0.0882348 9.99551E-05 9.99551E-05
9.9937E-05 9.9937E-05 9.9937E-05 9.9937E-05 0.0148177 0.976766 0.00771631 9.9937E-05 9.9937E-05 9.9937E-05
9.9928E-05 9.9928E-05 9.9928E-05 0.736764 9.9928E-05 9.9928E-05 9.9928E-05 9.9928E-05 0.262437 9.9928E-05
0.0247757 9.9955E-05 9.9955E-05 0.412872 9.9955E-05 0.352874 0.0304887 0.178491 9.9955E-05 9.9955E-05
9.99369E-05 0.0538319 9.99369E-05 0.760558 9.99369E-05 9.99369E-05 9.99369E-05 9.99369E-05 0.18491 9.99369E-05
9.99281E-05 9.99281E-05 9.99281E-05 0.0331045 9.99281E-05 9.99281E-05 0.966096 9.99281E-05 9.99281E-05 9.99281E-05
9.99281E-05 9.99281E-05 9.99281E-05 0.0518064 9.99281E-05 9.99281E-05 0.947394 9.99281E-05 9.99281E-05 9.99281E-05
0.121433 9.9946E-05 0.706459 9.9946E-05 9.9946E-05 0.0362377 9.9946E-05 9.9946E-05 0.135271 9.9946E-05
9.99201E-05 9.99201E-05 9.99201E-05 9.99201E-05 9.99201E-05 9.99201E-05 9.99201E-05 9.99201E-05 0.999101 9.99201E-05
0.0130035 9.9946E-05 0.0344169 9.9946E-05 9.9946E-05 0.924136 9.9946E-05 9.9946E-05 9.9946E-05 0.0278443
9.9946E-05 9.9946E-05 0.031095 9.9946E-05 9.9946E-05 0.934905 0.00931105 9.9946E-05 9.9946E-05 0.0240888
9.9937E-05 0.818709 9.9937E-05 9.9937E-05 9.9937E-05 9.9937E-05 0.00808191 9.9937E-05 0.17251 9.9937E-05
0.295519 0.137736 9.99639E-05 9.99639E-05 0.125367 9.99639E-05 0.288481 9.99639E-05 0.152397 9.99639E-05
0.0211886 0.102217 9.995E-05 9.995E-05 9.995E-05 9.995E-05 0.0771993 0.0155473 9.995E-05 0.783348
9.9928E-05 9.9928E-05 9.9928E-05 9.9928E-05 0.963514 9.9928E-05 9.9928E-05 9.9928E-05 9.9928E-05 0.0356869
0.0537789 0.356369 0.0916462 9.9946E-05 9.9946E-05 9.9946E-05 0.497606 9.9946E-05 9.9946E-05 9.9946E-05
9.9928E-05 9.9928E-05 9.9928E-05 9.9928E-05 0.0128292 9.9928E-05 9.9928E-05 9.9928E-05 9.9928E-05 0.986371
0.0354491 0.360087 0.462765 9.99549E-05 9.99549E-05 9.99549E-05 0.0982105 9.99549E-05 0.0429885 9.99549E-05
0.243185 9.9955E-05 9.9955E-05 9.9955E-05 0.504818 0.00169628 0.182509 0.0672916 9.9955E-05 9.9955E-05
9.99201E-05 9.99201E-05 9.99201E-05 9.99201E-05 0.999101 9.99201E-05 9.99201E-05 9.99201E-05 9.99201E-05 9.99201E-05
9.99201E-05 9.99201E-05 9.99201E-05 9.99201E-05 9.99201E-05 0.999101 9.99201E-05 9.99201E-05 9.99201E-05 9.99201E-05
9.99201E-05 9.99201E-05 9.99201E-05 9.99201E-05 9.99201E-05 0.999101 9.99201E-05 9.99201E-05 9.99201E-05 9.99201E-05
0.0485459 9.99459E-05 0.106381 9.99459E-05 9.99459E-05 9.99459E-05 0.045334 9.99459E-05 0.799139 9.99459E-05
9.9937E-05 9.9937E-05 9.9937E-05 9.9937E-05 9.9937E-05 0.930807 9.9937E-05 0.0563065 0.0121872 9.9937E-05
9.9928E-05 9.9928E-05 9.9928E-05 9.9928E-05 9.9928E-05 0.908923 9.9928E-05 0.090278 9.9928E-05 9.9928E-05
0.0198881 9.99731E-05 0.0197976 0.0550021 9.99731E-05 0.694415 9.99731E-05 0.169607 0.00589715 0.0350928
0.0534666 9.99551E-05 9.99551E-05 0.166517 9.99551E-05 0.627127 0.00969059 0.142699 9.99551E-05 9.99551E-05
9.9937E-05 9.9937E-05 0.0959732 0.837264 9.9937E-05 9.9937E-05 9.9937E-05 0.0660635 9.9937E-05 9.9937E-05
9.99282E-05 0.00184973 9.99282E-05 9.99282E-05 9.99282E-05 0.997351 9.99282E-05 9.99282E-05 9.99282E-05 9.99282E-05
9.99371E-05 9.99371E-05 9.99371E-05 0.13544 9.99371E-05 0.0790726 9.99371E-05 0.784788 9.99371E-05 9.99371E-05
0.196315 9.99639E-05 0.0813541 9.99639E-05 9.99639E-05 0.0180513 0.112569 0.027663 0.563648 9.99639E-05
0.0163857 0.0128612 9.99369E-05 9.99369E-05 9.99369E-05 0.970054 9.99369E-05 9.99369E-05 9.99369E-05 9.99369E-05
9.99281E-05 9.99281E-05 0.987814 9.99281E-05 9.99281E-05 0.0113864 9.99281E-05 9.99281E-05 9.99281E-05 9.99281E-05
9.995E-05 9.995E-05 0.11923 0.190277 9.995E-05 9.995E-05 0.665097 0.00501606 9.995E-05 0.0198806
0.347836 0.152706 0.0046497 9.9973E-05 0.0818921 0.141505 0.130963 9.9973E-05 0.140149 9.9973E-05
0.032808 0.473546 0.209752 9.99549E-05 9.99549E-05 0.0758569 0.207537 9.99549E-05 9.99549E-05 9.99549E-05
0.0242556 0.455744 0.229856 9.99639E-05 9.99639E-05 0.0494945 0.230602 9.99639E-05 9.99639E-05 0.00964904
9.99459E-05 0.0265907 0.05685 9.99459E-05 0.0156651 9.99459E-05 0.900295 9.99459E-05 9.99459E-05 9.99459E-05
9.9937E-05 0.923097 9.9937E-05 0.0141037 9.9937E-05 9.9937E-05 9.9937E-05 9.9937E-05 0.0620998 9.9937E-05
9.99369E-05 9.99369E-05 0.0362971 9.99369E-05 9.99369E-05 9.99369E-05 0.929406 9.99369E-05 0.0335972 9.99369E-05
0.070822 0.124675 0.069206 9.997E-05 0.16076 9.997E-05 0.439504 0.0019923 0.13274 9.997E-05
9.9955E-05 0.206651 0.136251 9.9955E-05 9.9955E-05 0.0785908 0.530037 9.9955E-05 9.9955E-05 0.0479703
0.0524902 9.9964E-05 0.218033 9.9964E-05 9.9964E-05 0.0935763 0.413411 0.0517334 0.170356 9.9964E-05
9.99284E-05 9.99284E-05 0.984692 9.99284E-05 0.014509 9.99284E-05 9.99284E-05 9.99284E-05 9.99284E-05 9.99284E-05
9.99201E-05 9.99201E-05 9.99201E-05 9.99201E-05 9.99201E-05 9.99201E-05 9.99201E-05 0.999101 9.99201E-05 9.99201E-05
9.99201E-05 9.99201E-05 9.99201E-05 9.99201E-05 9.99201E-05 9.99201E-05 9.99201E-05 0.999101 9.99201E-05 9.99201E-05
9.9937E-05 9.9937E-05 9.9937E-05 9.9937E-05 9.9937E-05 9.9937E-05 0.00985086 0.985593 9.9937E-05 0.00385697
9.99201E-05 9.99201E-05 9.99201E-05 9.99201E-05 9.99201E-05 9.99201E-05 9.99201E-05 0.999101 9.99201E-05 9.99201E-05
9.99201E-05 9.99201E-05 9.99201E-05 9.99201E-05 9.99201E-05 9.99201E-05 9.99201E-05 0.999101 9.99201E-05 9.99201E-05
9.99731E-05 0.0327575 9.99731E-05 0.233958 0.0335954 0.139804 0.047323 0.500096 0.0121667 9.99731E-05
9.9946E-05 0.00261602 0.0259777 0.0424 9.9946E-05 9.9946E-05 9.9946E-05 0.928407 9.9946E-05 9.9946E-05
9.99369E-05 0.172223 0.793108 9.99369E-05 9.99369E-05 9.99369E-05 9.99369E-05 9.99369E-05 0.033969 9.99369E-05
0.0304567 0.0344994 0.0684158 0.741524 9.99638E-05 0.0127389 9.99638E-05 0.111965 9.99638E-05 9.99638E-05
9.99201E-05 9.99201E-05 9.99201E-05 9.99201E-05 9.99201E-05 0.999101 9.99201E-05 9.99201E-05 9.99201E-05 9.99201E-05
0.0179027 0.126705 0.0506119 9.9964E-05 9.9964E-05 9.9964E-05 9.9964E-05 0.0158205 0.777017 0.0115429
9.99371E-05 0.846447 0.0124401 9.99371E-05 9.99371E-05 9.99371E-05 9.99371E-05 9.99371E-05 0.140413 9.99371E-05
9.99201E-05 9.99201E-05 9.99201E-05 9.99201E-05 9.99201E-05 9.99201E-05 9.99201E-05 9.99201E-05 0.999101 9.99201E-05
9.994E-05 0.00329363 9.994E-05 9.994E-05 9.994E-05 0.00216286 0.12188 9.994E-05 0.872064 9.994E-05
0.0685629 9.99458E-05 9.99458E-05 9.99458E-05 0.00341885 9.99458E-05 0.0849289 9.99458E-05 0.84249 9.99458E-05
9.99281E-05 9.99281E-05 9.99281E-05 9.99281E-05 9.99281E-05 9.99281E-05 0.012789 9.99281E-05 9.99281E-05 0.986412
9.99283E-05 9.99283E-05 9.99283E-05 9.99283E-05 9.99283E-05 0.980713 9.99283E-05 0.0184877 9.99283E-05 9.99283E-05
0.036838 9.9973E-05 0.116204 9.9973E-05 9.9973E-05 0.276657 0.249136 0.153227 0.142879 0.0247583
9.99372E-05 0.0422303 9.99372E-05 0.0163611 9.99372E-05 0.940709 9.99372E-05 9.99372E-05 9.99372E-05 9.99372E-05
9.993E-05 9.993E-05 0.0345353 9.993E-05 9.993E-05 0.922619 9.993E-05 0.0421457 9.993E-05 9.993E-05
9.9937E-05 0.0574764 9.9937E-05 9.9937E-05 9.9937E-05 0.921314 9.9937E-05 0.0205104 9.9937E-05 9.9937E-05
9.995E-05 0.0532266 9.995E-05 0.00474679 0.0078732 0.912904 9.995E-05 0.0207496 9.995E-05 9.995E-05
0.00416771 9.99461E-05 9.99461E-05 0.0839909 9.99461E-05 0.850699 0.0605424 9.99461E-05 9.99461E-05 9.99461E-05
9.9928E-05 0.00361039 9.9928E-05 9.9928E-05 9.9928E-05 0.99559 9.9928E-05 9.9928E-05 9.9928E-05 9.9928E-05
9.99373E-05 9.99373E-05 9.99373E-05 0.416084 9.99373E-05 0.416972 9.99373E-05 0.166244 9.99373E-05 9.99373E-05
9.99462E-05 9.99462E-05 9.99462E-05 0.516734 9.99462E-05 0.416556 9.99462E-05 0.0219847 0.0441252 9.99462E-05
0.014564 0.00675402 9.9964E-05 9.9964E-05 9.9964E-05 0.94212 9.9964E-05 0.0237502 0.0102237 0.00218797
9.9937E-05 0.984467 9.9937E-05 0.0141163 9.9937E-05 9.9937E-05 9.9937E-05 0.000716719 9.9937E-05 9.9937E-05
9.9928E-05 0.997536 9.9928E-05 9.9928E-05 9.9928E-05 9.9928E-05 9.9928E-05 0.00166414 9.9928E-05 9.9928E-05
0.999101 9.99201E-05 9.99201E-05 9.99201E-05 9.99201E-05 9.99201E-05 9.99201E-05 9.99201E-05 9.99201E-05 9.99201E-05
0.999101 9.99201E-05 9.99201E-05 9.99201E-05 9.99201E-05 9.99201E-05 9.99201E-05 9.99201E-05 9.99201E-05 9.99201E-05
9.9955E-05 0.124189 0.0117774 0.0260743 9.9955E-05 0.0409672 0.796493 9.9955E-05 9.9955E-05 9.9955E-05
9.9964E-05 0.214837 0.00337202 0.0380598 9.9964E-05 9.9964E-05 0.695005 9.9964E-05 0.0439624 0.00436336
0.996056 0.00314433 9.9928E-05 9.9928E-05 9.9928E-05 9.9928E-05 9.9928E-05 9.9928E-05 9.9928E-05 9.9928E-05
0.999101 9.99201E-05 9.99201E-05 9.99201E-05 9.99201E-05 9.99201E-05 9.99201E-05 9.99201E-05 9.99201E-05 9.99201E-05
9.994E-05 0.0091532 0.938657 9.994E-05 9.994E-05 9.994E-05 9.994E-05 0.00861296 0.0429767 9.994E-05
9.9973E-05 0.63425 0.00452292 0.0444871 0.0462002 9.9973E-05 0.0821487 9.9973E-05 0.160739 0.027353
9.99368E-05 9.99368E-05 0.0532314 0.772993 9.99368E-05 9.99368E-05 9.99368E-05 0.173076 9.99368E-05 9.99368E-05
0.153577 9.99551E-05 9.99551E-05 9.99551E-05 0.20279 0.0734905 0.249484 9.99551E-05 0.320159 9.99551E-05
0.27647 0.0706931 0.165454 9.99551E-05 0.10732 9.99551E-05 9.99551E-05 9.99551E-05 0.379563 9.99551E-05
9.99462E-05 9.99462E-05 9.99462E-05 0.275044 0.0270415 0.567962 9.99462E-05 0.129353 9.99462E-05 9.99462E-05
