9.999E-05 9.999E-05 0.9998
9.999E-05 0.558049 0.441851
0.0292721 0.936235 0.0344931
9.999E-05 0.9998 9.999E-05
9.9991E-05 0.697521 0.302379
9.999E-05 0.9998 9.999E-05
9.999E-05 0.348379 0.651521
9.999E-05 0.830724 0.169176
9.9991E-05 0.380518 0.619382
9.9991E-05 0.0620714 0.937829
9.9991E-05 0.014706 0.985194
9.9991E-05 0.0159677 0.983932
9.99911E-05 0.0426087 0.957291
0.0160061 0.983894 9.9991E-05
0.00977522 0.983102 0.00712277
9.9991E-05 0.0427341 0.957166
0.176164 0.00957129 0.814265
0.735162 0.0459669 0.218871
0.9998 9.999E-05 9.999E-05
9.999E-05 9.999E-05 0.9998
0.9998 9.999E-05 9.999E-05
9.999E-05 9.999E-05 0.9998
0.538048 0.0977226 0.364229
0.986306 9.9991E-05 0.0135935
9.999E-05 0.9998 9.999E-05
9.999E-05 0.9998 9.999E-05
9.999E-05 9.999E-05 0.9998
9.999E-05 0.9998 9.999E-05
9.999E-05 0.9998 9.999E-05
0.0304759 0.946057 0.0234675
0.0371454 0.941767 0.0210873
9.99911E-05 0.54394 0.45596
9.999E-05 0.9998 9.999E-05
9.9991E-05 0.825832 0.174068
9.9991E-05 0.0617227 0.938177
9.999E-05 0.9998 9.999E-05
9.9991E-05 0.0561483 0.943752
0.0269611 0.150327 0.822712
0.167173 0.177775 0.655051
9.9991E-05 0.121489 0.878411
9.9991E-05 0.0858208 0.914079
9.999E-05 9.999E-05 0.9998
9.9991E-05 0.00662135 0.993279
0.00494495 0.0153299 0.979725
0.159734 9.9991E-05 0.840166
0.051697 0.100792 0.847511
9.9991E-05 0.15044 0.84946
9.999E-05 9.999E-05 0.9998
0.00897132 0.823702 0.167327
0.0173584 0.825266 0.157376
0.0222935 0.782181 0.195525
0.0236891 0.808169 0.168142
0.00698567 0.843459 0.149555
0.0441638 0.771239 0.184597
9.9991E-05 0.766366 0.233534
9.999E-05 9.999E-05 0.9998
9.9991E-05 0.563572 0.436329
9.999E-05 0.9998 9.999E-05
9.9991E-05 0.00618223 0.993718
9.9991E-05 0.0641551 0.935745
9.999E-05 9.999E-05 0.9998
9.999E-05 9.999E-05 0.9998
0.00875711 9.9991E-05 0.991143
0.886979 0.0138348 0.099186
9.999E-05 0.9998 9.999E-05
0.0520095 0.499131 0.448859
9.999E-05 0.9998 9.999E-05
9.999E-05 0.9998 9.999E-05
9.999E-05 0.9998 9.999E-05
9.999E-05 0.9998 9.999E-05
9.9991E-05 0.974868 0.0250318
9.999E-05 0.9998 9.999E-05
9.99911E-05 0.917051 0.082849
0.0280914 0.863546 0.108363
9.999E-05 0.9998 9.999E-05
9.9991E-05 0.138812 0.861088
9.9991E-05 0.135804 0.864096
0.243005 0.099442 0.657553
0.231732 0.119146 0.649122
0.00112242 0.0659073 0.93297
9.9991E-05 0.0202512 0.979649
0.24459 0.127067 0.628343
0.249074 0.133003 0.617923
9.999E-05 9.999E-05 0.9998
0.0455354 0.0193894 0.935075
9.9991E-05 0.584905 0.414995
0.205445 0.0569444 0.737611
0.135519 9.9991E-05 0.864381
0.0761725 0.923728 9.9991E-05
