9.999E-05 9.999E-05 0.9998
9.999E-05 0.558436 0.441464
0.0487885 0.858445 0.0927663
9.999E-05 0.9998 9.999E-05
9.9991E-05 0.672912 0.326988
9.999E-05 0.9998 9.999E-05
9.999E-05 0.335498 0.664402
9.999E-05 0.808567 0.191333
9.99911E-05 0.33947 0.66043
9.9991E-05 0.0490041 0.950896
9.9991E-05 0.0633541 0.936546
9.9991E-05 0.0124183 0.987482
9.99911E-05 0.0286342 0.971266
0.00482057 0.995079 9.9991E-05
0.00191409 0.997986 9.9991E-05
9.9991E-05 0.0167969 0.983103
0.182787 0.0259682 0.791245
0.749477 0.00774706 0.242776
0.9998 9.999E-05 9.999E-05
9.999E-05 9.999E-05 0.9998
0.9998 9.999E-05 9.999E-05
9.999E-05 9.999E-05 0.9998
0.533916 0.103474 0.362611
0.987856 9.9991E-05 0.012044
9.999E-05 0.9998 9.999E-05
9.999E-05 0.9998 9.999E-05
9.999E-05 9.999E-05 0.9998
9.999E-05 0.9998 9.999E-05
9.999E-05 0.9998 9.999E-05
0.0413899 0.929117 0.0294933
0.0288544 0.971046 9.9991E-05
9.99911E-05 0.569916 0.429984
9.999E-05 0.9998 9.999E-05
9.9991E-05 0.84197 0.15793
9.9991E-05 0.0757391 0.924161
9.999E-05 0.9998 9.999E-05
9.9991E-05 0.0493975 0.950503
0.0124002 0.158212 0.829388
0.163298 0.187768 0.648934
9.9991E-05 0.117598 0.882302
9.9991E-05 0.0730337 0.926866
9.999E-05 9.999E-05 0.9998
9.9991E-05 0.0611865 0.938714
9.9991E-05 0.0234554 0.976445
0.149493 9.9991E-05 0.850407
0.0415604 0.1151 0.84334
9.9991E-05 0.143152 0.856748
0.0143544 9.99911E-05 0.985546
0.0367482 0.840892 0.12236
0.0363157 0.823244 0.140441
0.0521112 0.807416 0.140473
0.0562422 0.839307 0.104451
0.0295344 0.859335 0.111131
0.0564033 0.698227 0.24537
9.9991E-05 0.774154 0.225746
9.999E-05 9.999E-05 0.9998
9.9991E-05 0.548811 0.451089
9.999E-05 0.9998 9.999E-05
9.9991E-05 0.00582792 0.994072
9.9991E-05 0.065939 0.933961
9.99911E-05 0.00329397 0.996606
9.999E-05 9.999E-05 0.9998
0.00140371 9.9991E-05 0.998496
0.888916 0.0197339 0.09135
9.999E-05 0.9998 9.999E-05
0.113139 0.476745 0.410116
9.999E-05 0.9998 9.999E-05
9.999E-05 0.9998 9.999E-05
9.9991E-05 0.999583 0.000317206
9.999E-05 0.9998 9.999E-05
9.9991E-05 0.984072 0.0158278
9.999E-05 0.9998 9.999E-05
9.99911E-05 0.960894 0.039006
0.013308 0.888772 0.0979203
9.999E-05 0.9998 9.999E-05
9.9991E-05 0.145058 0.854842
9.9991E-05 0.134178 0.865722
0.251057 0.116401 0.632542
0.269886 0.134458 0.595657
9.9991E-05 0.0424041 0.957496
9.9991E-05 0.0221393 0.977761
0.254865 0.0970824 0.648052
0.248891 0.116799 0.63431
9.999E-05 9.999E-05 0.9998
0.0116428 0.0131567 0.975201
9.9991E-05 0.567874 0.432026
0.215234 0.0670773 0.717689
0.187533 9.9991E-05 0.812367
0.0803832 0.90224 0.0173765
