0.943815 9.9991E-05 0.0560849
0.374834 0.27325 0.351916
0.102226 0.818099 0.0796748
9.999E-05 0.9998 9.999E-05
0.202752 0.404578 0.39267
9.999E-05 0.9998 9.999E-05
0.479714 9.99911E-05 0.520186
0.0818063 0.424805 0.493389
0.460536 0.008435 0.531029
0.833123 9.9991E-05 0.166777
0.826325 9.9991E-05 0.173575
0.898949 0.100951 9.9991E-05
0.902632 0.0972676 9.9991E-05
0.0184829 0.981417 9.9991E-05
0.00463116 0.995269 9.9991E-05
0.857172 9.9991E-05 0.142728
0.91416 0.0696356 0.0162048
0.928625 9.99911E-05 0.0712751
0.9998 9.999E-05 9.999E-05
0.945473 9.9991E-05 0.0544273
0.9998 9.999E-05 9.999E-05
0.931722 0.0230244 0.0452537
0.936285 0.0419392 0.0217761
0.9998 9.999E-05 9.999E-05
9.999E-05 0.9998 9.999E-05
9.999E-05 0.9998 9.999E-05
0.973574 9.9991E-05 0.0263257
9.9991E-05 0.943518 0.056382
9.9991E-05 0.920057 0.0798433
0.00151213 0.686218 0.31227
9.9991E-05 0.719112 0.280788
0.255857 0.0941241 0.650019
9.999E-05 0.9998 9.999E-05
9.9991E-05 0.0791443 0.920756
0.877826 0.122074 9.9991E-05
9.999E-05 0.9998 9.999E-05
0.865312 0.134588 9.9991E-05
0.753996 9.9991E-05 0.245904
0.805101 0.194799 9.9991E-05
0.832058 0.167842 9.99909E-05
0.852056 0.109036 0.0389075
0.943818 9.99909E-05 0.0560819
0.856649 9.9991E-05 0.143251
0.895874 9.99909E-05 0.104026
0.945169 9.9991E-05 0.054731
0.810869 0.0760704 0.113061
0.763485 0.195694 0.0408216
0.96278 9.99911E-05 0.0371198
9.999E-05 9.999E-05 0.9998
9.999E-05 9.999E-05 0.9998
9.999E-05 9.999E-05 0.9998
9.999E-05 9.999E-05 0.9998
9.999E-05 9.999E-05 0.9998
0.0802566 0.252566 0.667177
9.999E-05 9.999E-05 0.9998
0.955317 9.9991E-05 0.0445833
0.313724 0.0984076 0.587869
9.999E-05 0.9998 9.999E-05
0.959422 0.0348108 0.00576678
0.84673 0.107435 0.0458347
0.976795 0.00317405 0.0200314
0.971349 0.0285511 9.9991E-05
0.9998 9.999E-05 9.999E-05
0.967352 9.99912E-05 0.0325475
9.999E-05 0.9998 9.999E-05
0.579877 0.320038 0.100085
9.9991E-05 0.978287 0.0216132
9.9991E-05 0.985023 0.0148772
9.9991E-05 0.93642 0.06348
9.9991E-05 0.932707 0.067193
0.00259486 0.969827 0.0275784
9.999E-05 0.9998 9.999E-05
9.99911E-05 0.508168 0.491732
0.030042 0.514008 0.45595
0.00824225 0.943302 0.0484555
0.723336 0.07278 0.203884
0.758561 0.0276231 0.213815
0.875921 0.123979 9.9991E-05
0.870346 0.129554 9.9991E-05
0.855154 9.99909E-05 0.144746
0.849944 9.99909E-05 0.149956
0.891036 0.101548 0.00741618
0.872683 0.127217 9.9991E-05
0.912571 9.9991E-05 0.0873289
0.868077 0.00762827 0.124295
0.254621 0.0678839 0.677495
0.87888 0.12102 9.9991E-05
0.986639 0.0132609 9.9991E-05
0.00856542 0.659124 0.332311
