0.9998 9.999E-05 9.999E-05
0.450164 0.549736 9.9991E-05
0.0458609 0.9048 0.0493387
9.999E-05 0.9998 9.999E-05
0.266438 0.733462 9.9991E-05
9.999E-05 0.9998 9.999E-05
0.650921 0.348979 9.99911E-05
0.161175 0.838725 9.9991E-05
0.626439 0.373461 9.99911E-05
0.951794 0.0481059 9.9991E-05
0.952552 0.0473481 9.9991E-05
0.984735 0.0151646 9.9991E-05
0.930486 0.0694139 9.99911E-05
0.0264828 0.971608 0.00190945
0.0035027 0.994429 0.00206831
0.954818 0.0450817 9.9991E-05
0.820982 9.9991E-05 0.178918
0.208642 0.0358159 0.755542
9.999E-05 9.999E-05 0.9998
0.9998 9.999E-05 9.999E-05
9.999E-05 9.999E-05 0.9998
0.9998 9.999E-05 9.999E-05
0.309417 0.0956769 0.594907
0.000753917 9.9991E-05 0.999146
9.999E-05 0.9998 9.999E-05
9.999E-05 0.9998 9.999E-05
0.9998 9.999E-05 9.999E-05
9.999E-05 0.9998 9.999E-05
9.999E-05 0.9998 9.999E-05
0.0342252 0.932413 0.0333618
0.00705553 0.939339 0.0536059
0.401089 0.598811 9.99967E-05
9.999E-05 0.9998 9.999E-05
0.165332 0.834568 9.9991E-05
0.931533 0.0683667 9.9991E-05
9.999E-05 0.9998 9.999E-05
0.956775 0.0431247 9.9991E-05
0.812171 0.175166 0.0126635
0.654218 0.182188 0.163593
0.889767 0.110133 9.9991E-05
0.892625 0.0985039 0.00887064
0.994643 9.9991E-05 0.00525686
0.974238 0.0256623 9.9991E-05
0.977192 0.0139928 0.00881516
0.822104 9.9991E-05 0.177796
0.864142 0.105791 0.0300671
0.853914 0.145986 9.9991E-05
0.995512 9.99911E-05 0.00438775
0.124339 0.859707 0.0159547
0.159749 0.817322 0.0229294
0.180071 0.80101 0.0189186
0.0898248 0.86634 0.0438349
0.0902109 0.885618 0.0241715
0.156908 0.759572 0.0835208
0.225322 0.771979 0.00269871
0.9998 9.999E-05 9.999E-05
0.446583 0.553317 9.9991E-05
9.999E-05 0.9998 9.999E-05
0.9998 9.999E-05 9.999E-05
0.955662 0.0442384 9.9991E-05
0.9998 9.999E-05 9.999E-05
0.9998 9.999E-05 9.999E-05
0.986012 9.9991E-05 0.0138881
0.033053 0.000630328 0.966317
9.999E-05 0.9998 9.999E-05
0.49375 0.433261 0.0729891
9.999E-05 0.9998 9.999E-05
9.999E-05 0.9998 9.999E-05
9.999E-05 0.9998 9.999E-05
9.999E-05 0.9998 9.999E-05
0.038669 0.961231 9.9991E-05
9.999E-05 0.9998 9.999E-05
0.0532823 0.946618 9.99911E-05
0.105097 0.886479 0.00842397
0.00729764 0.992602 9.9991E-05
0.812722 0.187178 9.9991E-05
0.872044 0.127856 9.9991E-05
0.592897 0.115903 0.2912
0.621506 0.10242 0.276074
0.963144 0.0367563 9.9991E-05
0.951388 0.0485119 9.9991E-05
0.575447 0.140058 0.284495
0.569767 0.145913 0.28432
0.9998 9.999E-05 9.999E-05
0.957049 0.023826 0.0191246
0.424345 0.575555 9.9991E-05
0.709754 0.0846598 0.205587
0.834872 9.9991E-05 0.165028
0.0144431 0.884529 0.101027
