9.999E-05 0.9998 9.999E-05
0.534524 0.465376 9.9991E-05
0.871141 0.0473628 0.0814957
0.9998 9.999E-05 9.999E-05
0.676511 0.323389 9.9991E-05
0.9998 9.999E-05 9.999E-05
0.315297 0.684603 9.99911E-05
0.796498 0.203402 9.9991E-05
0.355266 0.644634 9.99911E-05
0.0214098 0.97849 9.9991E-05
0.00930555 0.990594 9.9991E-05
0.00400995 0.99589 9.9991E-05
0.0511677 0.948732 9.99911E-05
0.986259 9.9991E-05 0.0136412
0.993186 9.9991E-05 0.00671392
0.0238312 0.976069 9.9991E-05
0.0126565 0.802816 0.184527
0.0253715 0.2314 0.743229
9.999E-05 9.999E-05 0.9998
9.999E-05 0.9998 9.999E-05
9.999E-05 9.999E-05 0.9998
9.999E-05 0.9998 9.999E-05
0.090842 0.316278 0.59288
9.9991E-05 0.00618642 0.993714
0.9998 9.999E-05 9.999E-05
0.9998 9.999E-05 9.999E-05
9.999E-05 0.9998 9.999E-05
0.9998 9.999E-05 9.999E-05
0.9998 9.999E-05 9.999E-05
0.914291 0.0509756 0.0347339
0.947034 9.9991E-05 0.052866
0.590253 0.409647 9.99911E-05
0.9998 9.999E-05 9.999E-05
0.813971 0.185929 9.9991E-05
0.0688761 0.931024 9.9991E-05
0.9998 9.999E-05 9.999E-05
0.0648828 0.935017 9.9991E-05
0.146649 0.841515 0.0118359
0.167545 0.649941 0.182513
0.114838 0.885062 9.9991E-05
0.0881654 0.911735 9.9991E-05
9.9991E-05 0.966687 0.0332133
0.0378277 0.962072 9.9991E-05
9.9991E-05 0.981561 0.0183394
9.9991E-05 0.851047 0.148853
0.092888 0.864649 0.0424633
0.159846 0.835354 0.00479996
9.99911E-05 0.9749 0.0249998
0.819574 0.172531 0.00789474
0.808492 0.171947 0.0195608
0.810806 0.160907 0.0282868
0.793991 0.17482 0.0311884
0.861116 0.138497 0.000386628
0.730998 0.215083 0.0539192
0.769427 0.228552 0.00202151
9.999E-05 0.9998 9.999E-05
0.555397 0.444503 9.9991E-05
0.9998 9.999E-05 9.999E-05
9.999E-05 0.9998 9.999E-05
0.0721754 0.927725 9.9991E-05
9.999E-05 0.9998 9.999E-05
9.999E-05 0.9998 9.999E-05
9.9991E-05 0.984754 0.0151463
9.9991E-05 0.0623511 0.937549
0.9998 9.999E-05 9.999E-05
0.304322 0.619113 0.0765644
0.9998 9.999E-05 9.999E-05
0.9998 9.999E-05 9.999E-05
0.9998 9.999E-05 9.999E-05
0.9998 9.999E-05 9.999E-05
0.965929 0.0339714 9.9991E-05
0.9998 9.999E-05 9.999E-05
0.929709 0.0701914 9.99911E-05
0.863806 0.125467 0.0107278
0.9998 9.999E-05 9.999E-05
0.127513 0.872387 9.9991E-05
0.141805 0.858095 9.9991E-05
0.0974559 0.570582 0.331962
0.108726 0.576102 0.315172
0.0389077 0.960992 9.9991E-05
0.0158261 0.984074 9.9991E-05
0.125894 0.555522 0.318584
0.136902 0.559668 0.30343
9.999E-05 0.9998 9.999E-05
0.0143545 0.965106 0.0205394
0.552052 0.447848 9.9991E-05
0.0929431 0.67833 0.228727
0.0133591 0.782807 0.203834
0.917792 9.9991E-05 0.0821081
