9.98558E-05 9.98558E-05 9.98558E-05 9.98558E-05 9.98558E-05 9.98558E-05 9.98558E-05 0.944369 9.98558E-05 9.98558E-05 9.98558E-05 9.98558E-05 0.0257151 9.98558E-05 0.0283183 9.98558E-05 9.98558E-05 9.98558E-05 9.98558E-05
0.712436 9.98739E-05 9.98739E-05 9.98739E-05 9.98739E-05 9.98739E-05 9.98739E-05 0.0486518 9.98739E-05 9.98739E-05 9.98739E-05 9.98739E-05 9.98739E-05 9.98739E-05 0.0932364 0.0099459 9.98739E-05 0.134332 9.98739E-05
9.98382E-05 9.98382E-05 9.98382E-05 9.98382E-05 9.98382E-05 0.998203 9.98382E-05 9.98382E-05 9.98382E-05 9.98382E-05 9.98382E-05 9.98382E-05 9.98382E-05 9.98382E-05 9.98382E-05 9.98382E-05 9.98382E-05 9.98382E-05 9.98382E-05
9.98832E-05 9.98832E-05 0.0431496 0.00664911 9.98832E-05 9.98832E-05 0.0017473 9.98832E-05 9.98832E-05 9.98832E-05 9.98832E-05 9.98832E-05 9.98832E-05 0.0130412 9.98832E-05 9.98832E-05 0.0061312 0.927983 9.98832E-05
0.107018 9.99371E-05 9.99371E-05 0.13438 9.99371E-05 0.0509652 0.191163 0.0363612 9.99371E-05 0.0419711 9.99371E-05 9.99371E-05 0.00113315 9.99371E-05 0.0286574 0.0921641 0.0921179 0.210852 0.0125179
9.98472E-05 9.98472E-05 9.98472E-05 9.98472E-05 9.98472E-05 9.98472E-05 9.98472E-05 9.98472E-05 9.98472E-05 0.00354486 9.98472E-05 9.98472E-05 9.98472E-05 9.98472E-05 9.98472E-05 9.98472E-05 9.98472E-05 0.994758 9.98472E-05
9.98382E-05 9.98382E-05 9.98382E-05 9.98382E-05 9.98382E-05 9.98382E-05 0.998203 9.98382E-05 9.98382E-05 9.98382E-05 9.98382E-05 9.98382E-05 9.98382E-05 9.98382E-05 9.98382E-05 9.98382E-05 9.98382E-05 9.98382E-05 9.98382E-05
0.127173 0.436886 0.0431293 0.219129 9.99009E-05 0.00410387 9.99009E-05 9.99009E-05 9.99009E-05 9.99009E-05 9.99009E-05 9.99009E-05 0.073102 0.0119726 9.99009E-05 9.99009E-05 0.0834057 9.99009E-05 9.99009E-05
0.00839208 9.98403E-05 9.98403E-05 9.98403E-05 9.98403E-05 9.98403E-05 0.947428 9.98403E-05 9.98403E-05 9.98403E-05 9.98403E-05 9.98403E-05 9.98403E-05 9.98403E-05 9.98403E-05 9.98403E-05 0.0425825 9.98403E-05 9.98403E-05
9.98472E-05 9.98472E-05 9.98472E-05 9.98472E-05 9.98472E-05 9.98472E-05 0.114333 9.98472E-05 9.98472E-05 9.98472E-05 9.98472E-05 9.98472E-05 0.883969 9.98472E-05 9.98472E-05 9.98472E-05 9.98472E-05 9.98472E-05 9.98472E-05
9.98474E-05 9.98474E-05 9.98474E-05 9.98474E-05 9.98474E-05 9.98474E-05 0.123574 9.98474E-05 9.98474E-05 9.98474E-05 9.98474E-05 9.98474E-05 0.874729 9.98474E-05 9.98474E-05 9.98474E-05 9.98474E-05 9.98474E-05 9.98474E-05
9.98921E-05 0.00668473 0.0071002 9.98921E-05 9.98921E-05 0.00530708 9.98921E-05 0.699979 9.98921E-05 9.98921E-05 0.131238 9.98921E-05 9.98921E-05 0.118448 9.98921E-05 9.98921E-05 9.98921E-05 0.030045 9.98921E-05
9.98475E-05 0.0347603 9.98475E-05 9.98475E-05 9.98475E-05 9.98475E-05 9.98475E-05 9.98475E-05 9.98475E-05 9.98475E-05 0.963542 9.98475E-05 9.98475E-05 9.98475E-05 9.98475E-05 9.98475E-05 9.98475E-05 9.98475E-05 9.98475E-05
9.98561E-05 9.98561E-05 9.98561E-05 9.98561E-05 9.98561E-05 9.98561E-05 9.98561E-05 9.98561E-05 9.98561E-05 9.98561E-05 9.98561E-05 0.0158954 9.98561E-05 9.98561E-05 9.98561E-05 0.0448709 9.98561E-05 0.937636 9.98561E-05
9.98562E-05 9.98562E-05 9.98562E-05 9.98562E-05 9.98562E-05 9.98562E-05 9.98562E-05 9.98562E-05 9.98562E-05 9.98562E-05 9.98562E-05 0.0163369 9.98562E-05 9.98562E-05 9.98562E-05 9.98562E-05 9.98562E-05 0.97327 0.00879515
9.98561E-05 9.98561E-05 9.98561E-05 9.98561E-05 0.799698 9.98561E-05 9.98561E-05 9.98561E-05 9.98561E-05 0.0842843 0.11442 9.98561E-05 9.98561E-05 9.98561E-05 9.98561E-05 9.98561E-05 9.98561E-05 9.98561E-05 9.98561E-05
9.98561E-05 9.98561E-05 9.98561E-05 9.98561E-05 9.98561E-05 9.98561E-05 9.98561E-05 9.98561E-05 9.98561E-05 9.98561E-05 9.98561E-05 9.98561E-05 0.0516908 9.98561E-05 0.934697 9.98561E-05 9.98561E-05 9.98561E-05 0.0120141
9.98379E-05 9.98379E-05 9.98379E-05 9.98379E-05 9.98379E-05 9.98379E-05 9.98379E-05 9.98379E-05 9.98379E-05 9.98379E-05 9.98379E-05 0.998203 9.98379E-05 9.98379E-05 9.98379E-05 9.98379E-05 9.98379E-05 9.98379E-05 9.98379E-05
9.98471E-05 9.98471E-05 9.98471E-05 9.98471E-05 9.98471E-05 9.98471E-05 9.98471E-05 9.98471E-05 0.966185 9.98471E-05 9.98471E-05 9.98471E-05 9.98471E-05 0.0321179 9.98471E-05 9.98471E-05 9.98471E-05 9.98471E-05 9.98471E-05
9.98828E-05 9.98828E-05 9.98828E-05 9.98828E-05 0.293953 9.98828E-05 9.98828E-05 0.100656 9.98828E-05 0.135164 9.98828E-05 9.98828E-05 0.421463 0.0342473 0.0132169 9.98828E-05 9.98828E-05 9.98828E-05 9.98828E-05
9.98472E-05 9.98472E-05 9.98472E-05 9.98472E-05 9.98472E-05 9.98472E-05 9.98472E-05 9.98472E-05 0.634138 9.98472E-05 9.98472E-05 0.364164 9.98472E-05 9.98472E-05 9.98472E-05 9.98472E-05 9.98472E-05 9.98472E-05 9.98472E-05
9.98919E-05 9.98919E-05 9.98919E-05 9.98919E-05 0.294199 9.98919E-05 9.98919E-05 0.518761 9.98919E-05 9.98919E-05 0.0368449 0.0102683 0.0601367 9.98919E-05 0.0706743 0.00791677 9.98919E-05 9.98919E-05 9.98919E-05
9.98379E-05 9.98379E-05 9.98379E-05 9.98379E-05 9.98379E-05 9.98379E-05 9.98379E-05 9.98379E-05 9.98379E-05 9.98379E-05 9.98379E-05 9.98379E-05 9.98379E-05 9.98379E-05 9.98379E-05 9.98379E-05 9.98379E-05 9.98379E-05 0.998203
9.98649E-05 9.98649E-05 9.98649E-05 9.98649E-05 9.98649E-05 9.98649E-05 9.98649E-05 9.98649E-05 0.727109 0.0153391 9.98649E-05 0.0455619 9.98649E-05 9.98649E-05 9.98649E-05 9.98649E-05 9.98649E-05 9.98649E-05 0.210492
9.98653E-05 0.00178643 0.626136 9.98653E-05 9.98653E-05 0.0285828 9.98653E-05 9.98653E-05 9.98653E-05 9.98653E-05 9.98653E-05 9.98653E-05 9.98653E-05 9.98653E-05 9.98653E-05 9.98653E-05 9.98653E-05 0.341997 9.98653E-05
9.98563E-05 9.98563E-05 0.225579 9.98563E-05 9.98563E-05 0.00163858 9.98563E-05 9.98563E-05 9.98563E-05 9.98563E-05 9.98563E-05 9.98563E-05 9.98563E-05 9.98563E-05 9.98563E-05 9.98563E-05 9.98563E-05 0.771185 9.98563E-05
9.98738E-05 9.98738E-05 9.98738E-05 9.98738E-05 9.98738E-05 9.98738E-05 9.98738E-05 0.0912505 9.98738E-05 9.98738E-05 0.79338 9.98738E-05 0.0646302 0.0254544 0.0238867 9.98738E-05 9.98738E-05 9.98738E-05 9.98738E-05
9.98382E-05 9.98382E-05 0.998203 9.98382E-05 9.98382E-05 9.98382E-05 9.98382E-05 9.98382E-05 9.98382E-05 9.98382E-05 9.98382E-05 9.98382E-05 9.98382E-05 9.98382E-05 9.98382E-05 9.98382E-05 9.98382E-05 9.98382E-05 9.98382E-05
9.98472E-05 9.98472E-05 0.976469 9.98472E-05 9.98472E-05 9.98472E-05 9.98472E-05 9.98472E-05 9.98472E-05 9.98472E-05 9.98472E-05 9.98472E-05 9.98472E-05 9.98472E-05 9.98472E-05 9.98472E-05 0.0218336 9.98472E-05 9.98472E-05
0.000119883 9.99192E-05 0.18481 0.455229 9.99192E-05 0.0113123 9.99192E-05 0.00583761 0.00288092 0.0278328 9.99192E-05 9.99192E-05 9.99192E-05 9.99192E-05 9.99192E-05 0.0506634 0.0619879 0.198427 9.99192E-05
9.98469E-05 9.98469E-05 9.98469E-05 0.956246 9.98469E-05 9.98469E-05 9.98469E-05 9.98469E-05 9.98469E-05 9.98469E-05 9.98469E-05 9.98469E-05 9.98469E-05 9.98469E-05 9.98469E-05 9.98469E-05 9.98469E-05 0.042057 9.98469E-05
0.998203 9.98385E-05 9.98385E-05 9.98385E-05 9.98385E-05 9.98385E-05 9.98385E-05 9.98385E-05 9.98385E-05 9.98385E-05 9.98385E-05 9.98385E-05 9.98385E-05 9.98385E-05 9.98385E-05 9.98385E-05 9.98385E-05 9.98385E-05 9.98385E-05
9.98652E-05 0.165342 0.291033 0.0205642 9.98652E-05 9.98652E-05 9.98652E-05 9.98652E-05 9.98652E-05 9.98652E-05 9.98652E-05 9.98652E-05 9.98652E-05 9.98652E-05 9.98652E-05 9.98652E-05 9.98652E-05 0.521563 9.98652E-05
0.0118111 0.195246 0.0258105 0.0293669 9.98743E-05 9.98743E-05 9.98743E-05 9.98743E-05 9.98743E-05 9.98743E-05 9.98743E-05 9.98743E-05 9.98743E-05 9.98743E-05 9.98743E-05 9.98743E-05 0.736367 9.98743E-05 9.98743E-05
9.98917E-05 9.98917E-05 9.98917E-05 0.0521651 9.98917E-05 9.98917E-05 9.98917E-05 0.0539803 9.98917E-05 0.0326274 0.478447 9.98917E-05 0.0530673 0.0870474 0.241467 9.98917E-05 9.98917E-05 9.98917E-05 9.98917E-05
9.98829E-05 0.0348278 0.587674 9.98829E-05 9.98829E-05 9.98829E-05 9.98829E-05 9.98829E-05 9.98829E-05 0.0255042 9.98829E-05 9.98829E-05 9.98829E-05 0.00483025 0.0189535 9.98829E-05 9.98829E-05 0.326912 9.98829E-05
9.98561E-05 0.0469596 9.98561E-05 9.98561E-05 9.98561E-05 9.98561E-05 9.98561E-05 0.941046 9.98561E-05 0.0103969 9.98561E-05 9.98561E-05 9.98561E-05 9.98561E-05 9.98561E-05 9.98561E-05 9.98561E-05 9.98561E-05 9.98561E-05
0.195709 0.0547454 9.98829E-05 9.98829E-05 9.98829E-05 9.98829E-05 9.98829E-05 0.0717574 9.98829E-05 9.98829E-05 9.98829E-05 9.98829E-05 0.607856 9.98829E-05 9.98829E-05 0.0137515 9.98829E-05 9.98829E-05 0.0548826
9.98471E-05 0.026568 9.98471E-05 9.98471E-05 9.98471E-05 9.98471E-05 9.98471E-05 9.98471E-05 9.98471E-05 9.98471E-05 9.98471E-05 9.98471E-05 9.98471E-05 9.98471E-05 0.971735 9.98471E-05 9.98471E-05 9.98471E-05 9.98471E-05
9.98918E-05 9.98918E-05 9.98918E-05 9.98918E-05 0.320552 9.98918E-05 9.98918E-05 0.213775 9.98918E-05 0.0137107 9.98918E-05 0.0244886 0.200797 9.98918E-05 0.103863 9.98918E-05 9.98918E-05 0.121615 9.98918E-05
0.0166836 9.98917E-05 9.98917E-05 9.98917E-05 0.250121 9.98917E-05 9.98917E-05 0.246984 9.98917E-05 9.98917E-05 9.98917E-05 0.0621448 0.252448 9.98917E-05 0.0781062 9.98917E-05 9.98917E-05 0.0923136 9.98917E-05
9.9883E-05 9.9883E-05 9.9883E-05 9.9883E-05 0.0112633 9.9883E-05 9.9883E-05 0.0618525 9.9883E-05 0.00704765 9.9883E-05 9.9883E-05 0.89646 9.9883E-05 0.00342149 9.9883E-05 9.9883E-05 9.9883E-05 0.0186567
9.98741E-05 9.98741E-05 9.98741E-05 9.98741E-05 0.878202 9.98741E-05 0.0455867 9.98741E-05 0.00777693 9.98741E-05 0.0409056 9.98741E-05 0.0261305 9.98741E-05 9.98741E-05 9.98741E-05 9.98741E-05 9.98741E-05 9.98741E-05
9.98829E-05 9.98829E-05 9.98829E-05 0.0172133 9.98829E-05 0.0121362 9.98829E-05 0.0176241 9.98829E-05 0.0829437 0.0141838 9.98829E-05 0.8546 9.98829E-05 9.98829E-05 9.98829E-05 9.98829E-05 9.98829E-05 9.98829E-05
0.0442653 9.99098E-05 9.99098E-05 9.99098E-05 0.123073 9.99098E-05 9.99098E-05 0.0216114 0.0194805 0.175694 0.112224 9.99098E-05 0.294295 0.00754289 9.99098E-05 9.99098E-05 9.99098E-05 9.99098E-05 0.200815
0.0480539 0.0050208 9.9919E-05 9.9919E-05 0.156889 9.9919E-05 9.9919E-05 0.0783484 0.00446944 0.211426 9.9919E-05 9.9919E-05 0.414334 9.9919E-05 9.9919E-05 0.0367045 9.9919E-05 0.0302856 0.0135693
9.99189E-05 9.99189E-05 9.99189E-05 0.0954203 9.99189E-05 0.0553805 0.00782623 0.169131 9.99189E-05 0.23926 0.0436794 9.99189E-05 0.200549 9.99189E-05 0.113844 0.0569271 0.0170842 9.99189E-05 9.99189E-05
9.98568E-05 9.98568E-05 9.98568E-05 9.98568E-05 9.98568E-05 9.98568E-05 9.98568E-05 0.941407 9.98568E-05 9.98568E-05 9.98568E-05 0.0353284 9.98568E-05 9.98568E-05 9.98568E-05 9.98568E-05 9.98568E-05 9.98568E-05 0.021667
9.98383E-05 9.98383E-05 9.98383E-05 9.98383E-05 9.98383E-05 9.98383E-05 9.98383E-05 9.98383E-05 9.98383E-05 9.98383E-05 9.98383E-05 9.98383E-05 9.98383E-05 9.98383E-05 9.98383E-05 9.98383E-05 0.998203 9.98383E-05 9.98383E-05
9.98382E-05 9.98382E-05 9.98382E-05 9.98382E-05 9.98382E-05 9.98382E-05 9.98382E-05 9.98382E-05 9.98382E-05 9.98382E-05 9.98382E-05 9.98382E-05 9.98382E-05 9.98382E-05 9.98382E-05 9.98382E-05 0.998203 9.98382E-05 9.98382E-05
9.98562E-05 9.98562E-05 9.98562E-05 9.98562E-05 9.98562E-05 9.98562E-05 9.98562E-05 9.98562E-05 9.98562E-05 0.00152846 9.98562E-05 9.98562E-05 0.00812349 9.98562E-05 9.98562E-05 9.98562E-05 0.98875 9.98562E-05 9.98562E-05
0.00347358 9.98653E-05 9.98653E-05 9.98653E-05 9.98653E-05 9.98653E-05 9.98653E-05 0.00790907 9.98653E-05 9.98653E-05 9.98653E-05 0.00697717 9.98653E-05 9.98653E-05 9.98653E-05 9.98653E-05 0.980142 9.98653E-05 9.98653E-05
9.98383E-05 9.98383E-05 9.98383E-05 9.98383E-05 9.98383E-05 9.98383E-05 9.98383E-05 9.98383E-05 9.98383E-05 9.98383E-05 9.98383E-05 9.98383E-05 9.98383E-05 9.98383E-05 9.98383E-05 9.98383E-05 0.998203 9.98383E-05 9.98383E-05
0.00329713 0.081531 9.99102E-05 0.326929 0.0183577 9.99102E-05 0.0196154 0.00536716 9.99102E-05 9.99102E-05 9.99102E-05 9.99102E-05 9.99102E-05 9.99102E-05 9.99102E-05 0.127341 0.365816 9.99102E-05 0.0507462
0.0799422 9.98563E-05 9.98563E-05 9.98563E-05 9.98563E-05 0.00609557 9.98563E-05 9.98563E-05 9.98563E-05 9.98563E-05 9.98563E-05 9.98563E-05 9.98563E-05 9.98563E-05 9.98563E-05 9.98563E-05 0.912364 9.98563E-05 9.98563E-05
9.98559E-05 9.98559E-05 9.98559E-05 9.98559E-05 0.170528 9.98559E-05 9.98559E-05 0.793836 9.98559E-05 0.0340386 9.98559E-05 9.98559E-05 9.98559E-05 9.98559E-05 9.98559E-05 9.98559E-05 9.98559E-05 9.98559E-05 9.98559E-05
0.894338 9.98919E-05 0.00387105 9.98919E-05 0.00545414 0.0186858 0.0340476 9.98919E-05 9.98919E-05 9.98919E-05 9.98919E-05 9.98919E-05 9.98919E-05 0.00153695 9.98919E-05 9.98919E-05 0.0408679 9.98919E-05 9.98919E-05
9.9847E-05 9.9847E-05 0.430309 9.9847E-05 9.9847E-05 9.9847E-05 9.9847E-05 9.9847E-05 9.9847E-05 9.9847E-05 9.9847E-05 9.9847E-05 9.9847E-05 9.9847E-05 9.9847E-05 9.9847E-05 9.9847E-05 0.567994 9.9847E-05
9.98741E-05 9.98741E-05 9.98741E-05 9.98741E-05 0.0737276 9.98741E-05 9.98741E-05 0.0581494 9.98741E-05 9.98741E-05 0.825281 9.98741E-05 9.98741E-05 0.0294817 9.98741E-05 9.98741E-05 0.0119624 9.98741E-05 9.98741E-05
9.98563E-05 9.98563E-05 9.98563E-05 9.98563E-05 0.879974 9.98563E-05 9.98563E-05 9.98563E-05 9.98563E-05 0.0956706 0.0227574 9.98563E-05 9.98563E-05 9.98563E-05 9.98563E-05 9.98563E-05 9.98563E-05 9.98563E-05 9.98563E-05
9.98476E-05 9.98476E-05 9.98476E-05 9.98476E-05 9.98476E-05 9.98476E-05 0.0225074 9.98476E-05 9.98476E-05 9.98476E-05 0.975795 9.98476E-05 9.98476E-05 9.98476E-05 9.98476E-05 9.98476E-05 9.98476E-05 9.98476E-05 9.98476E-05
9.98559E-05 9.98559E-05 9.98559E-05 9.98559E-05 9.98559E-05 9.98559E-05 9.98559E-05 9.98559E-05 9.98559E-05 9.98559E-05 0.877888 9.98559E-05 0.0957966 9.98559E-05 9.98559E-05 0.0247174 9.98559E-05 9.98559E-05 9.98559E-05
9.98738E-05 9.98738E-05 9.98738E-05 9.98738E-05 9.98738E-05 9.98738E-05 9.98738E-05 9.98738E-05 9.98738E-05 0.0468136 0.828765 0.0176216 0.0246478 0.0807534 9.98738E-05 9.98738E-05 9.98738E-05 9.98738E-05 9.98738E-05
9.98562E-05 9.98562E-05 9.98562E-05 9.98562E-05 9.98562E-05 9.98562E-05 9.98562E-05 0.0416754 0.94674 9.98562E-05 9.98562E-05 9.98562E-05 9.98562E-05 9.98562E-05 9.98562E-05 9.98562E-05 0.00998686 9.98562E-05 9.98562E-05
9.98656E-05 9.98656E-05 0.756239 9.98656E-05 9.98656E-05 0.0469994 9.98656E-05 9.98656E-05 9.98656E-05 9.98656E-05 9.98656E-05 9.98656E-05 9.98656E-05 0.00800381 9.98656E-05 9.98656E-05 9.98656E-05 0.18726 9.98656E-05
9.98381E-05 9.98381E-05 9.98381E-05 9.98381E-05 9.98381E-05 9.98381E-05 9.98381E-05 9.98381E-05 9.98381E-05 9.98381E-05 9.98381E-05 9.98381E-05 9.98381E-05 9.98381E-05 9.98381E-05 0.998203 9.98381E-05 9.98381E-05 9.98381E-05
9.98653E-05 0.0549027 0.0473021 9.98653E-05 9.98653E-05 0.0866287 9.98653E-05 9.98653E-05 9.98653E-05 9.98653E-05 9.98653E-05 9.98653E-05 9.98653E-05 9.98653E-05 9.98653E-05 9.98653E-05 9.98653E-05 0.809669 9.98653E-05
9.9892E-05 9.9892E-05 0.207241 0.0939254 9.9892E-05 0.0069891 0.0149511 9.9892E-05 9.9892E-05 9.9892E-05 9.9892E-05 9.9892E-05 9.9892E-05 9.9892E-05 0.0222597 9.9892E-05 0.00655237 0.646883 9.9892E-05
9.98382E-05 9.98382E-05 0.998203 9.98382E-05 9.98382E-05 9.98382E-05 9.98382E-05 9.98382E-05 9.98382E-05 9.98382E-05 9.98382E-05 9.98382E-05 9.98382E-05 9.98382E-05 9.98382E-05 9.98382E-05 9.98382E-05 9.98382E-05 9.98382E-05
9.98563E-05 9.98563E-05 0.981505 9.98563E-05 9.98563E-05 9.98563E-05 9.98563E-05 9.98563E-05 0.0138932 9.98563E-05 9.98563E-05 0.00300451 9.98563E-05 9.98563E-05 9.98563E-05 9.98563E-05 9.98563E-05 9.98563E-05 9.98563E-05
0.0142003 0.0217029 0.111922 0.258827 9.98922E-05 9.98922E-05 9.98922E-05 9.98922E-05 9.98922E-05 9.98922E-05 9.98922E-05 9.98922E-05 0.0283662 9.98922E-05 9.98922E-05 0.0129433 9.98922E-05 0.55084 9.98922E-05
9.9865E-05 0.0199472 0.549816 9.9865E-05 9.9865E-05 9.9865E-05 9.9865E-05 9.9865E-05 9.9865E-05 9.9865E-05 9.9865E-05 9.9865E-05 9.9865E-05 9.9865E-05 0.0106224 9.9865E-05 9.9865E-05 0.418116 9.9865E-05
9.9865E-05 0.945141 9.9865E-05 9.9865E-05 9.9865E-05 0.0178167 9.9865E-05 9.9865E-05 9.9865E-05 9.9865E-05 9.9865E-05 9.9865E-05 9.9865E-05 9.9865E-05 0.000280306 9.9865E-05 0.035264 9.9865E-05 9.9865E-05
9.98561E-05 0.970268 9.98561E-05 9.98561E-05 9.98561E-05 9.98561E-05 0.0276981 9.98561E-05 9.98561E-05 9.98561E-05 0.000435876 9.98561E-05 9.98561E-05 9.98561E-05 9.98561E-05 9.98561E-05 9.98561E-05 9.98561E-05 9.98561E-05
9.98652E-05 9.98652E-05 0.146087 9.98652E-05 9.98652E-05 9.98652E-05 9.98652E-05 9.98652E-05 9.98652E-05 9.98652E-05 9.98652E-05 9.98652E-05 9.98652E-05 9.98652E-05 9.98652E-05 9.98652E-05 0.0173495 0.815581 0.0194846
0.0052451 0.0179563 9.98829E-05 9.98829E-05 0.958421 9.98829E-05 9.98829E-05 9.98829E-05 9.98829E-05 9.98829E-05 9.98829E-05 9.98829E-05 9.98829E-05 9.98829E-05 9.98829E-05 9.98829E-05 0.00309333 0.0123646 0.0016213
9.98381E-05 9.98381E-05 9.98381E-05 9.98381E-05 0.998203 9.98381E-05 9.98381E-05 9.98381E-05 9.98381E-05 9.98381E-05 9.98381E-05 9.98381E-05 9.98381E-05 9.98381E-05 9.98381E-05 9.98381E-05 9.98381E-05 9.98381E-05 9.98381E-05
9.98563E-05 9.98563E-05 9.98563E-05 9.98563E-05 9.98563E-05 9.98563E-05 9.98563E-05 0.0138404 9.98563E-05 9.98563E-05 9.98563E-05 9.98563E-05 9.98563E-05 0.983739 9.98563E-05 0.00082336 9.98563E-05 9.98563E-05 9.98563E-05
9.98564E-05 9.98564E-05 9.98564E-05 9.98564E-05 9.98564E-05 0.00137298 9.98564E-05 9.98564E-05 9.98564E-05 9.98564E-05 9.98564E-05 9.98564E-05 9.98564E-05 0.994623 0.00240595 9.98564E-05 9.98564E-05 9.98564E-05 9.98564E-05
0.0432608 9.9883E-05 0.0164044 9.9883E-05 0.0923315 9.9883E-05 9.9883E-05 9.9883E-05 9.9883E-05 9.9883E-05 0.0137722 9.9883E-05 0.831855 0.00107783 9.9883E-05 9.9883E-05 9.9883E-05 9.9883E-05 9.9883E-05
0.00982812 9.9883E-05 0.0129679 9.9883E-05 0.119359 9.9883E-05 9.9883E-05 9.9883E-05 9.9883E-05 9.9883E-05 0.0628029 0.00256243 0.791181 9.9883E-05 9.9883E-05 9.9883E-05 9.9883E-05 9.9883E-05 9.9883E-05
9.98653E-05 0.00609435 9.98653E-05 9.98653E-05 9.98653E-05 9.98653E-05 9.98653E-05 9.98653E-05 9.98653E-05 9.98653E-05 9.98653E-05 9.98653E-05 9.98653E-05 0.969425 9.98653E-05 9.98653E-05 0.00263324 9.98653E-05 0.0203496
9.98384E-05 9.98384E-05 9.98384E-05 9.98384E-05 9.98384E-05 9.98384E-05 9.98384E-05 9.98384E-05 9.98384E-05 9.98384E-05 9.98384E-05 9.98384E-05 9.98384E-05 0.998203 9.98384E-05 9.98384E-05 9.98384E-05 9.98384E-05 9.98384E-05
9.9856E-05 9.9856E-05 9.9856E-05 9.9856E-05 0.036959 9.9856E-05 9.9856E-05 0.939905 9.9856E-05 9.9856E-05 0.0215382 9.9856E-05 9.9856E-05 9.9856E-05 9.9856E-05 9.9856E-05 9.9856E-05 9.9856E-05 9.9856E-05
0.056078 9.99099E-05 9.99099E-05 9.99099E-05 0.524638 9.99099E-05 0.0794796 0.00429223 0.0447737 0.027744 0.111471 0.0678642 0.0826603 9.99099E-05 9.99099E-05 9.99099E-05 9.99099E-05 9.99099E-05 9.99099E-05
0.881662 9.9865E-05 9.9865E-05 9.9865E-05 9.9865E-05 9.9865E-05 0.0469504 9.9865E-05 9.9865E-05 0.0128384 9.9865E-05 9.9865E-05 9.9865E-05 9.9865E-05 9.9865E-05 9.9865E-05 0.0570511 9.9865E-05 9.9865E-05
9.9838E-05 9.9838E-05 9.9838E-05 9.9838E-05 9.9838E-05 9.9838E-05 9.9838E-05 9.9838E-05 9.9838E-05 0.998203 9.9838E-05 9.9838E-05 9.9838E-05 9.9838E-05 9.9838E-05 9.9838E-05 9.9838E-05 9.9838E-05 9.9838E-05
9.98831E-05 9.98831E-05 9.98831E-05 9.98831E-05 0.0415083 9.98831E-05 9.98831E-05 0.0416736 9.98831E-05 0.765736 0.0227424 9.98831E-05 9.98831E-05 0.0258143 0.101227 9.98831E-05 9.98831E-05 9.98831E-05 9.98831E-05
9.98381E-05 9.98381E-05 9.98381E-05 0.998203 9.98381E-05 9.98381E-05 9.98381E-05 9.98381E-05 9.98381E-05 9.98381E-05 9.98381E-05 9.98381E-05 9.98381E-05 9.98381E-05 9.98381E-05 9.98381E-05 9.98381E-05 9.98381E-05 9.98381E-05
