9.9856E-05 9.9856E-05 0.0132516 0.915169 0.0699818 9.9856E-05 9.9856E-05 9.9856E-05 9.9856E-05 9.9856E-05 9.9856E-05 9.9856E-05 9.9856E-05 9.9856E-05 9.9856E-05 9.9856E-05 9.9856E-05 9.9856E-05 9.9856E-05
0.0984671 9.9865E-05 9.9865E-05 9.9865E-05 9.9865E-05 9.9865E-05 0.0214016 0.223277 9.9865E-05 9.9865E-05 0.655357 9.9865E-05 9.9865E-05 9.9865E-05 9.9865E-05 9.9865E-05 9.9865E-05 9.9865E-05 9.9865E-05
0.670434 9.98754E-05 9.98754E-05 9.98754E-05 9.98754E-05 9.98754E-05 9.98754E-05 9.98754E-05 0.102363 9.98754E-05 9.98754E-05 9.98754E-05 9.98754E-05 9.98754E-05 0.0181086 0.0532267 9.98754E-05 9.98754E-05 0.154469
0.954653 9.98742E-05 9.98742E-05 9.98742E-05 0.00409283 0.00523573 9.98742E-05 9.98742E-05 9.98742E-05 9.98742E-05 9.98742E-05 9.98742E-05 9.98742E-05 9.98742E-05 9.98742E-05 0.0269825 9.98742E-05 0.00763777 9.98742E-05
0.309612 9.98923E-05 9.98923E-05 9.98923E-05 9.98923E-05 9.98923E-05 9.98923E-05 0.0513914 0.184116 9.98923E-05 0.117877 9.98923E-05 0.0211652 0.0298433 9.98923E-05 9.98923E-05 9.98923E-05 0.284797 9.98923E-05
0.946056 9.98831E-05 9.98831E-05 9.98831E-05 9.98831E-05 0.0149521 9.98831E-05 0.0293775 0.000280189 0.0063128 9.98831E-05 9.98831E-05 9.98831E-05 9.98831E-05 9.98831E-05 0.00172318 9.98831E-05 9.98831E-05 9.98831E-05
9.98384E-05 9.98384E-05 9.98384E-05 9.98384E-05 9.98384E-05 9.98384E-05 9.98384E-05 9.98384E-05 9.98384E-05 9.98384E-05 9.98384E-05 9.98384E-05 9.98384E-05 0.998203 9.98384E-05 9.98384E-05 9.98384E-05 9.98384E-05 9.98384E-05
0.0316306 9.99009E-05 9.99009E-05 9.99009E-05 0.0903211 9.99009E-05 9.99009E-05 0.00763681 0.743463 9.99009E-05 0.0717233 9.99009E-05 0.0352757 9.99009E-05 9.99009E-05 0.0133902 9.99009E-05 0.00546011 9.99009E-05
9.98651E-05 9.98651E-05 9.98651E-05 9.98651E-05 9.98651E-05 9.98651E-05 0.0172205 9.98651E-05 9.98651E-05 9.98651E-05 0.0443415 9.98651E-05 0.008828 0.928112 9.98651E-05 9.98651E-05 9.98651E-05 9.98651E-05 9.98651E-05
9.98381E-05 9.98381E-05 9.98381E-05 9.98381E-05 9.98381E-05 9.98381E-05 9.98381E-05 9.98381E-05 9.98381E-05 9.98381E-05 9.98381E-05 9.98381E-05 9.98381E-05 9.98381E-05 9.98381E-05 9.98381E-05 9.98381E-05 0.998203 9.98381E-05
9.98471E-05 9.98471E-05 9.98471E-05 9.98471E-05 9.98471E-05 9.98471E-05 9.98471E-05 9.98471E-05 9.98471E-05 9.98471E-05 9.98471E-05 9.98471E-05 9.98471E-05 9.98471E-05 9.98471E-05 9.98471E-05 9.98471E-05 0.982931 0.015372
0.0154184 9.98832E-05 9.98832E-05 0.801298 9.98832E-05 0.00446546 9.98832E-05 9.98832E-05 9.98832E-05 9.98832E-05 9.98832E-05 9.98832E-05 9.98832E-05 0.000812458 9.98832E-05 0.0974558 0.0792515 9.98832E-05 9.98832E-05
0.00868401 9.98654E-05 9.98654E-05 9.98654E-05 9.98654E-05 9.98654E-05 9.98654E-05 9.98654E-05 0.00103792 9.98654E-05 9.98654E-05 9.98654E-05 9.98654E-05 0.0370685 9.98654E-05 9.98654E-05 0.951712 9.98654E-05 9.98654E-05
0.870579 9.98831E-05 9.98831E-05 0.0122461 9.98831E-05 0.00894822 9.98831E-05 0.0461307 9.98831E-05 9.98831E-05 0.035131 9.98831E-05 9.98831E-05 9.98831E-05 0.0256664 9.98831E-05 9.98831E-05 9.98831E-05 9.98831E-05
0.911573 9.98653E-05 9.98653E-05 0.0268467 9.98653E-05 9.98653E-05 9.98653E-05 0.0588818 9.98653E-05 9.98653E-05 9.98653E-05 9.98653E-05 9.98653E-05 9.98653E-05 0.00120046 9.98653E-05 9.98653E-05 9.98653E-05 9.98653E-05
9.9874E-05 9.9874E-05 9.9874E-05 9.9874E-05 9.9874E-05 0.0959741 9.9874E-05 9.9874E-05 9.9874E-05 9.9874E-05 9.9874E-05 0.775533 9.9874E-05 9.9874E-05 9.9874E-05 9.9874E-05 0.0547697 0.0215503 0.0507747
9.9865E-05 9.9865E-05 9.9865E-05 9.9865E-05 9.9865E-05 9.9865E-05 0.960924 9.9865E-05 9.9865E-05 9.9865E-05 9.9865E-05 9.9865E-05 9.9865E-05 9.9865E-05 9.9865E-05 9.9865E-05 0.00841851 0.0227605 0.0063986
9.98918E-05 9.98918E-05 0.0106248 9.98918E-05 0.0794963 9.98918E-05 9.98918E-05 0.0679724 9.98918E-05 9.98918E-05 0.00792239 9.98918E-05 0.0111664 9.98918E-05 0.810086 9.98918E-05 9.98918E-05 0.0115334 9.98918E-05
9.98472E-05 0.957217 9.98472E-05 9.98472E-05 9.98472E-05 9.98472E-05 9.98472E-05 9.98472E-05 9.98472E-05 0.0410854 9.98472E-05 9.98472E-05 9.98472E-05 9.98472E-05 9.98472E-05 9.98472E-05 9.98472E-05 9.98472E-05 9.98472E-05
9.99098E-05 9.99098E-05 0.0381927 0.0427507 0.130068 0.192253 0.00528144 0.0200185 9.99098E-05 9.99098E-05 9.99098E-05 0.37189 9.99098E-05 9.99098E-05 9.99098E-05 0.00504198 9.99098E-05 0.193505 9.99098E-05
9.98382E-05 9.98382E-05 9.98382E-05 9.98382E-05 9.98382E-05 9.98382E-05 9.98382E-05 9.98382E-05 9.98382E-05 9.98382E-05 9.98382E-05 9.98382E-05 9.98382E-05 9.98382E-05 0.998203 9.98382E-05 9.98382E-05 9.98382E-05 9.98382E-05
9.98919E-05 9.98919E-05 0.0856351 0.315018 0.052326 9.98919E-05 0.0106093 0.263154 9.98919E-05 9.98919E-05 9.98919E-05 0.232316 9.98919E-05 9.98919E-05 9.98919E-05 9.98919E-05 0.0397424 9.98919E-05 9.98919E-05
9.98921E-05 0.407029 9.98921E-05 9.98921E-05 0.137214 9.98921E-05 0.284426 9.98921E-05 9.98921E-05 9.98921E-05 9.98921E-05 9.98921E-05 0.00746765 9.98921E-05 0.0043341 0.157946 9.98921E-05 0.00038392 9.98921E-05
9.9838E-05 0.998203 9.9838E-05 9.9838E-05 9.9838E-05 9.9838E-05 9.9838E-05 9.9838E-05 9.9838E-05 9.9838E-05 9.9838E-05 9.9838E-05 9.9838E-05 9.9838E-05 9.9838E-05 9.9838E-05 9.9838E-05 9.9838E-05 9.9838E-05
0.973708 9.98474E-05 9.98474E-05 9.98474E-05 9.98474E-05 9.98474E-05 9.98474E-05 9.98474E-05 9.98474E-05 9.98474E-05 9.98474E-05 9.98474E-05 9.98474E-05 0.0245943 9.98474E-05 9.98474E-05 9.98474E-05 9.98474E-05 9.98474E-05
0.996707 9.98474E-05 9.98474E-05 9.98474E-05 9.98474E-05 9.98474E-05 9.98474E-05 9.98474E-05 9.98474E-05 0.001596 9.98474E-05 9.98474E-05 9.98474E-05 9.98474E-05 9.98474E-05 9.98474E-05 9.98474E-05 9.98474E-05 9.98474E-05
9.99008E-05 9.99008E-05 0.0409549 0.029734 0.0444744 9.99008E-05 0.0243034 9.99008E-05 9.99008E-05 9.99008E-05 9.99008E-05 0.0209708 9.99008E-05 9.99008E-05 9.99008E-05 0.0381715 0.785846 0.0144457 9.99008E-05
0.916516 9.9883E-05 9.9883E-05 9.9883E-05 9.9883E-05 9.9883E-05 9.9883E-05 9.9883E-05 0.00591134 9.9883E-05 0.00194051 9.9883E-05 0.0506774 9.9883E-05 9.9883E-05 9.9883E-05 0.0118896 9.9883E-05 0.011767
0.880371 9.98651E-05 9.98651E-05 9.98651E-05 9.98651E-05 9.98651E-05 9.98651E-05 9.98651E-05 9.98651E-05 9.98651E-05 9.98651E-05 0.0440182 0.0690236 0.00508926 9.98651E-05 9.98651E-05 9.98651E-05 9.98651E-05 9.98651E-05
0.55569 9.98922E-05 9.98922E-05 0.0193662 9.98922E-05 9.98922E-05 9.98922E-05 0.0101774 0.268977 0.0352103 0.00179275 9.98922E-05 0.107588 9.98922E-05 9.98922E-05 9.98922E-05 9.98922E-05 9.98922E-05 9.98922E-05
0.398446 9.98739E-05 9.98739E-05 9.98739E-05 9.98739E-05 0.0246166 0.00587594 9.98739E-05 0.53764 9.98739E-05 9.98739E-05 9.98739E-05 9.98739E-05 9.98739E-05 9.98739E-05 9.98739E-05 9.98739E-05 0.0320238 9.98739E-05
9.98386E-05 9.98386E-05 9.98386E-05 9.98386E-05 9.98386E-05 9.98386E-05 9.98386E-05 9.98386E-05 9.98386E-05 9.98386E-05 0.998203 9.98386E-05 9.98386E-05 9.98386E-05 9.98386E-05 9.98386E-05 9.98386E-05 9.98386E-05 9.98386E-05
0.811582 9.98652E-05 9.98652E-05 9.98652E-05 9.98652E-05 9.98652E-05 9.98652E-05 0.00770429 0.153782 9.98652E-05 9.98652E-05 9.98652E-05 9.98652E-05 9.98652E-05 9.98652E-05 9.98652E-05 9.98652E-05 9.98652E-05 0.0254337
9.98563E-05 9.98563E-05 9.98563E-05 9.98563E-05 0.0252948 9.98563E-05 9.98563E-05 9.98563E-05 0.311465 9.98563E-05 9.98563E-05 9.98563E-05 0.661642 9.98563E-05 9.98563E-05 9.98563E-05 9.98563E-05 9.98563E-05 9.98563E-05
9.98827E-05 9.98827E-05 9.98827E-05 9.98827E-05 9.98827E-05 0.03581 0.171133 0.118418 0.0522751 9.98827E-05 9.98827E-05 9.98827E-05 9.98827E-05 9.98827E-05 9.98827E-05 0.111019 0.510047 9.98827E-05 9.98827E-05
0.880222 9.98829E-05 9.98829E-05 9.98829E-05 9.98829E-05 0.00455544 9.98829E-05 0.0333534 0.0305279 9.98829E-05 0.00192459 0.0481186 9.98829E-05 9.98829E-05 9.98829E-05 9.98829E-05 9.98829E-05 9.98829E-05 9.98829E-05
9.98474E-05 9.98474E-05 9.98474E-05 0.980307 9.98474E-05 9.98474E-05 9.98474E-05 9.98474E-05 0.0179957 9.98474E-05 9.98474E-05 9.98474E-05 9.98474E-05 9.98474E-05 9.98474E-05 9.98474E-05 9.98474E-05 9.98474E-05 9.98474E-05
9.98831E-05 9.98831E-05 9.98831E-05 0.0183129 0.721456 9.98831E-05 0.094698 9.98831E-05 0.0259995 9.98831E-05 0.120567 9.98831E-05 9.98831E-05 9.98831E-05 9.98831E-05 9.98831E-05 9.98831E-05 0.0176676 9.98831E-05
0.0090655 9.98561E-05 9.98561E-05 9.98561E-05 9.98561E-05 9.98561E-05 0.988967 0.000370134 9.98561E-05 9.98561E-05 9.98561E-05 9.98561E-05 9.98561E-05 9.98561E-05 9.98561E-05 9.98561E-05 9.98561E-05 9.98561E-05 9.98561E-05
9.98382E-05 9.98382E-05 9.98382E-05 9.98382E-05 9.98382E-05 9.98382E-05 9.98382E-05 0.998203 9.98382E-05 9.98382E-05 9.98382E-05 9.98382E-05 9.98382E-05 9.98382E-05 9.98382E-05 9.98382E-05 9.98382E-05 9.98382E-05 9.98382E-05
9.98651E-05 9.98651E-05 0.00339709 9.98651E-05 9.98651E-05 9.98651E-05 9.98651E-05 0.971966 9.98651E-05 9.98651E-05 9.98651E-05 9.98651E-05 9.98651E-05 0.00226656 9.98651E-05 9.98651E-05 9.98651E-05 9.98651E-05 0.0208727
9.98828E-05 0.0177147 9.98828E-05 9.98828E-05 0.502211 0.0435213 0.0557008 0.063592 9.98828E-05 9.98828E-05 9.98828E-05 9.98828E-05 9.98828E-05 9.98828E-05 9.98828E-05 9.98828E-05 9.98828E-05 0.315962 9.98828E-05
9.9901E-05 9.9901E-05 9.9901E-05 0.0309471 0.00436846 9.9901E-05 9.9901E-05 9.9901E-05 9.9901E-05 0.00187741 9.9901E-05 0.741293 9.9901E-05 0.0743313 9.9901E-05 9.9901E-05 0.0349047 0.0321719 0.0790074
9.99008E-05 9.99008E-05 0.00714719 0.0260596 0.397305 0.118385 0.0306674 9.99008E-05 9.99008E-05 9.99008E-05 9.99008E-05 9.99008E-05 9.99008E-05 9.99008E-05 9.99008E-05 0.00549421 0.017832 0.396011 9.99008E-05
9.98829E-05 0.100021 9.98829E-05 9.98829E-05 0.503172 0.172679 9.98829E-05 9.98829E-05 9.98829E-05 9.98829E-05 9.98829E-05 9.98829E-05 9.98829E-05 9.98829E-05 9.98829E-05 0.0829324 0.0449701 9.98829E-05 0.0949266
9.9901E-05 9.9901E-05 9.9901E-05 0.00431273 0.563988 0.175341 9.9901E-05 0.0811359 0.0567811 0.0554427 9.9901E-05 0.00940622 9.9901E-05 9.9901E-05 9.9901E-05 9.9901E-05 9.9901E-05 9.9901E-05 0.0524934
0.0809988 9.99549E-05 0.0927395 0.0451532 0.00919401 0.272207 0.144623 9.99549E-05 9.99549E-05 0.00835202 0.0106067 9.99549E-05 0.0385293 0.00284601 9.99549E-05 0.00203388 0.111942 0.136188 0.0440866
9.98382E-05 9.98382E-05 0.998203 9.98382E-05 9.98382E-05 9.98382E-05 9.98382E-05 9.98382E-05 9.98382E-05 9.98382E-05 9.98382E-05 9.98382E-05 9.98382E-05 9.98382E-05 9.98382E-05 9.98382E-05 9.98382E-05 9.98382E-05 9.98382E-05
9.98472E-05 9.98472E-05 9.98472E-05 9.98472E-05 9.98472E-05 9.98472E-05 9.98472E-05 9.98472E-05 9.98472E-05 9.98472E-05 9.98472E-05 9.98472E-05 0.995131 0.00317134 9.98472E-05 9.98472E-05 9.98472E-05 9.98472E-05 9.98472E-05
9.98651E-05 9.98651E-05 9.98651E-05 9.98651E-05 9.98651E-05 0.00200203 0.0143935 9.98651E-05 9.98651E-05 0.00709861 9.98651E-05 9.98651E-05 0.975008 9.98651E-05 9.98651E-05 9.98651E-05 9.98651E-05 9.98651E-05 9.98651E-05
9.98652E-05 9.98652E-05 9.98652E-05 9.98652E-05 9.98652E-05 9.98652E-05 0.00351361 9.98652E-05 9.98652E-05 9.98652E-05 9.98652E-05 0.00929762 0.978201 0.00748993 9.98652E-05 9.98652E-05 9.98652E-05 9.98652E-05 9.98652E-05
9.98383E-05 9.98383E-05 9.98383E-05 9.98383E-05 9.98383E-05 9.98383E-05 9.98383E-05 9.98383E-05 9.98383E-05 9.98383E-05 9.98383E-05 9.98383E-05 0.998203 9.98383E-05 9.98383E-05 9.98383E-05 9.98383E-05 9.98383E-05 9.98383E-05
0.00655781 9.98473E-05 9.98473E-05 9.98473E-05 9.98473E-05 9.98473E-05 9.98473E-05 9.98473E-05 9.98473E-05 9.98473E-05 9.98473E-05 9.98473E-05 0.991745 9.98473E-05 9.98473E-05 9.98473E-05 9.98473E-05 9.98473E-05 9.98473E-05
0.0781327 0.00447558 0.0420245 9.99192E-05 9.99192E-05 9.99192E-05 9.99192E-05 9.99192E-05 0.328819 9.99192E-05 0.057086 0.0724936 0.341159 0.037492 0.000144385 9.99192E-05 9.99192E-05 0.0372735 9.99192E-05
9.98652E-05 9.98652E-05 0.017436 9.98652E-05 9.98652E-05 9.98652E-05 9.98652E-05 0.00400487 9.98652E-05 9.98652E-05 0.0867491 9.98652E-05 0.890312 9.98652E-05 9.98652E-05 9.98652E-05 9.98652E-05 9.98652E-05 9.98652E-05
9.98559E-05 9.98559E-05 9.98559E-05 0.808584 9.98559E-05 9.98559E-05 9.98559E-05 9.98559E-05 9.98559E-05 9.98559E-05 9.98559E-05 0.165548 9.98559E-05 9.98559E-05 9.98559E-05 9.98559E-05 9.98559E-05 0.02427 9.98559E-05
9.98919E-05 9.98919E-05 9.98919E-05 0.00216747 9.98919E-05 0.00942019 9.98919E-05 9.98919E-05 9.98919E-05 9.98919E-05 0.91182 0.0140094 0.026217 0.0281424 9.98919E-05 9.98919E-05 9.98919E-05 9.98919E-05 0.00702459
0.950745 9.9856E-05 9.9856E-05 9.9856E-05 9.9856E-05 0.0011531 9.9856E-05 0.0465039 9.9856E-05 9.9856E-05 9.9856E-05 9.9856E-05 9.9856E-05 9.9856E-05 9.9856E-05 9.9856E-05 9.9856E-05 9.9856E-05 9.9856E-05
9.98651E-05 9.98651E-05 9.98651E-05 9.98651E-05 9.98651E-05 9.98651E-05 9.98651E-05 0.145495 9.98651E-05 9.98651E-05 9.98651E-05 0.0429222 9.98651E-05 0.00294758 9.98651E-05 9.98651E-05 0.807137 9.98651E-05 9.98651E-05
9.98742E-05 9.98742E-05 9.98742E-05 0.0139651 9.98742E-05 0.108153 9.98742E-05 9.98742E-05 9.98742E-05 9.98742E-05 9.98742E-05 0.797423 9.98742E-05 9.98742E-05 9.98742E-05 9.98742E-05 0.00107165 9.98742E-05 0.0779891
9.98476E-05 9.98476E-05 9.98476E-05 9.98476E-05 9.98476E-05 9.98476E-05 9.98476E-05 9.98476E-05 9.98476E-05 9.98476E-05 9.98476E-05 9.98476E-05 9.98476E-05 0.0231194 9.98476E-05 9.98476E-05 0.975183 9.98476E-05 9.98476E-05
9.98559E-05 9.98559E-05 9.98559E-05 9.98559E-05 0.115622 9.98559E-05 9.98559E-05 9.98559E-05 9.98559E-05 9.98559E-05 9.98559E-05 9.98559E-05 9.98559E-05 9.98559E-05 9.98559E-05 9.98559E-05 0.82641 9.98559E-05 0.05637
9.98828E-05 0.00233942 9.98828E-05 9.98828E-05 9.98828E-05 0.0194157 9.98828E-05 9.98828E-05 9.98828E-05 9.98828E-05 9.98828E-05 9.98828E-05 9.98828E-05 9.98828E-05 9.98828E-05 0.0382977 0.791993 0.0632053 0.0834503
9.98303E-05 9.98303E-05 9.98303E-05 9.98303E-05 9.98303E-05 9.98303E-05 9.98303E-05 9.98303E-05 9.98303E-05 0.998203 9.98303E-05 9.98303E-05 9.98303E-05 9.98303E-05 9.98303E-05 9.98303E-05 9.98303E-05 9.98303E-05 9.98303E-05
0.998203 9.98387E-05 9.98387E-05 9.98387E-05 9.98387E-05 9.98387E-05 9.98387E-05 9.98387E-05 9.98387E-05 9.98387E-05 9.98387E-05 9.98387E-05 9.98387E-05 9.98387E-05 9.98387E-05 9.98387E-05 9.98387E-05 9.98387E-05 9.98387E-05
0.211046 0.0734397 9.9937E-05 0.19733 0.0486419 9.9937E-05 9.9937E-05 9.9937E-05 0.0770434 0.0129264 0.0489737 9.9937E-05 0.106341 9.9937E-05 0.0079025 0.0318582 0.174236 9.9937E-05 0.00956129
0.931626 9.98656E-05 9.98656E-05 9.98656E-05 0.0462119 9.98656E-05 9.98656E-05 9.98656E-05 0.00681338 9.98656E-05 9.98656E-05 0.0138508 9.98656E-05 9.98656E-05 9.98656E-05 9.98656E-05 9.98656E-05 9.98656E-05 9.98656E-05
0.83132 9.9874E-05 9.9874E-05 9.9874E-05 9.9874E-05 9.9874E-05 0.0416026 0.060368 0.0408597 9.9874E-05 9.9874E-05 9.9874E-05 9.9874E-05 0.0244519 9.9874E-05 9.9874E-05 9.9874E-05 9.9874E-05 9.9874E-05
0.864738 9.9865E-05 9.9865E-05 9.9865E-05 9.9865E-05 9.9865E-05 9.9865E-05 9.9865E-05 0.0458739 9.9865E-05 9.9865E-05 0.0630832 0.0248065 9.9865E-05 9.9865E-05 9.9865E-05 9.9865E-05 9.9865E-05 9.9865E-05
0.901238 9.99011E-05 0.0280283 9.99011E-05 9.99011E-05 9.99011E-05 9.99011E-05 9.99011E-05 0.00184127 0.008309 0.0176888 0.0339285 0.0011383 9.99011E-05 0.00672927 9.99011E-05 9.99011E-05 9.99011E-05 9.99011E-05
0.715509 9.98652E-05 9.98652E-05 9.98652E-05 9.98652E-05 9.98652E-05 9.98652E-05 0.085642 0.1588 9.98652E-05 9.98652E-05 9.98652E-05 9.98652E-05 9.98652E-05 9.98652E-05 9.98652E-05 9.98652E-05 0.0385504 9.98652E-05
0.938119 9.9865E-05 9.9865E-05 9.9865E-05 9.9865E-05 0.00404123 9.9865E-05 0.038107 0.018235 9.9865E-05 9.9865E-05 9.9865E-05 9.9865E-05 9.9865E-05 9.9865E-05 9.9865E-05 9.9865E-05 9.9865E-05 9.9865E-05
9.9838E-05 9.9838E-05 9.9838E-05 9.9838E-05 9.9838E-05 9.9838E-05 9.9838E-05 9.9838E-05 0.998203 9.9838E-05 9.9838E-05 9.9838E-05 9.9838E-05 9.9838E-05 9.9838E-05 9.9838E-05 9.9838E-05 9.9838E-05 9.9838E-05
9.98652E-05 9.98652E-05 9.98652E-05 9.98652E-05 9.98652E-05 9.98652E-05 9.98652E-05 9.98652E-05 0.949422 9.98652E-05 9.98652E-05 9.98652E-05 9.98652E-05 0.00255495 9.98652E-05 9.98652E-05 0.0166324 9.98652E-05 0.0298926
0.917344 9.98743E-05 0.000704015 9.98743E-05 0.0340616 9.98743E-05 9.98743E-05 9.98743E-05 9.98743E-05 9.98743E-05 9.98743E-05 9.98743E-05 0.039992 9.98743E-05 9.98743E-05 9.98743E-05 9.98743E-05 9.98743E-05 0.0065005
0.00235176 9.98741E-05 9.98741E-05 9.98741E-05 9.98741E-05 9.98741E-05 0.00813233 0.0262389 9.98741E-05 9.98741E-05 9.98741E-05 0.94495 0.0169291 9.98741E-05 9.98741E-05 9.98741E-05 9.98741E-05 9.98741E-05 9.98741E-05
9.98381E-05 9.98381E-05 9.98381E-05 9.98381E-05 9.98381E-05 9.98381E-05 9.98381E-05 9.98381E-05 9.98381E-05 9.98381E-05 9.98381E-05 0.998203 9.98381E-05 9.98381E-05 9.98381E-05 9.98381E-05 9.98381E-05 9.98381E-05 9.98381E-05
9.98519E-05 9.98519E-05 9.98519E-05 9.98519E-05 9.98519E-05 9.98519E-05 9.98519E-05 9.98519E-05 9.98519E-05 9.98519E-05 9.98519E-05 9.98519E-05 9.98519E-05 0.00728615 9.98519E-05 0.991016 9.98519E-05 9.98519E-05 9.98519E-05
9.98653E-05 9.98653E-05 9.98653E-05 9.98653E-05 9.98653E-05 9.98653E-05 9.98653E-05 9.98653E-05 9.98653E-05 0.00220563 0.0038831 9.98653E-05 9.98653E-05 9.98653E-05 9.98653E-05 0.990512 0.00190175 9.98653E-05 9.98653E-05
9.98381E-05 9.98381E-05 9.98381E-05 9.98381E-05 0.998203 9.98381E-05 9.98381E-05 9.98381E-05 9.98381E-05 9.98381E-05 9.98381E-05 9.98381E-05 9.98381E-05 9.98381E-05 9.98381E-05 9.98381E-05 9.98381E-05 9.98381E-05 9.98381E-05
9.98381E-05 9.98381E-05 9.98381E-05 9.98381E-05 0.998203 9.98381E-05 9.98381E-05 9.98381E-05 9.98381E-05 9.98381E-05 9.98381E-05 9.98381E-05 9.98381E-05 9.98381E-05 9.98381E-05 9.98381E-05 9.98381E-05 9.98381E-05 9.98381E-05
9.98653E-05 9.98653E-05 9.98653E-05 9.98653E-05 9.98653E-05 9.98653E-05 9.98653E-05 9.98653E-05 9.98653E-05 9.98653E-05 0.0103139 0.00606387 9.98653E-05 9.98653E-05 9.98653E-05 0.972689 9.98653E-05 0.00943508 9.98653E-05
9.98473E-05 9.98473E-05 0.00504798 9.98473E-05 9.98473E-05 9.98473E-05 9.98473E-05 9.98473E-05 9.98473E-05 9.98473E-05 9.98473E-05 9.98473E-05 9.98473E-05 9.98473E-05 9.98473E-05 0.993255 9.98473E-05 9.98473E-05 9.98473E-05
9.9874E-05 9.9874E-05 0.0946613 0.848843 9.9874E-05 9.9874E-05 9.9874E-05 9.9874E-05 9.9874E-05 9.9874E-05 0.00982805 0.0145304 9.9874E-05 9.9874E-05 9.9874E-05 9.9874E-05 0.0307387 9.9874E-05 9.9874E-05
9.9847E-05 9.9847E-05 9.9847E-05 9.9847E-05 9.9847E-05 9.9847E-05 9.9847E-05 0.000945442 9.9847E-05 9.9847E-05 9.9847E-05 9.9847E-05 9.9847E-05 9.9847E-05 9.9847E-05 9.9847E-05 9.9847E-05 9.9847E-05 0.997357
9.9856E-05 9.9856E-05 9.9856E-05 9.9856E-05 9.9856E-05 9.9856E-05 9.9856E-05 9.9856E-05 9.9856E-05 9.9856E-05 0.906265 9.9856E-05 0.0353612 0.0567758 9.9856E-05 9.9856E-05 9.9856E-05 9.9856E-05 9.9856E-05
9.98381E-05 9.98381E-05 9.98381E-05 9.98381E-05 9.98381E-05 0.998203 9.98381E-05 9.98381E-05 9.98381E-05 9.98381E-05 9.98381E-05 9.98381E-05 9.98381E-05 9.98381E-05 9.98381E-05 9.98381E-05 9.98381E-05 9.98381E-05 9.98381E-05
9.98831E-05 9.98831E-05 9.98831E-05 0.0775164 9.98831E-05 0.864073 0.0228703 9.98831E-05 9.98831E-05 9.98831E-05 9.98831E-05 9.98831E-05 9.98831E-05 9.98831E-05 0.0152099 0.00205855 0.0169732 9.98831E-05 9.98831E-05
0.276152 9.98832E-05 9.98832E-05 9.98832E-05 9.98832E-05 9.98832E-05 9.98832E-05 9.98832E-05 0.592864 9.98832E-05 0.0374143 9.98832E-05 0.0345165 9.98832E-05 0.0395595 0.0181956 9.98832E-05 9.98832E-05 9.98832E-05
