0.9998 9.999E-05 9.999E-05
0.464521 0.535379 9.9991E-05
0.0789293 0.855572 0.0654986
9.999E-05 0.9998 9.999E-05
0.301742 0.698158 9.9991E-05
9.999E-05 0.9998 9.999E-05
0.646687 0.353213 9.99911E-05
0.214363 0.785537 9.9991E-05
0.641389 0.358511 9.9991E-05
0.951882 0.0480178 9.9991E-05
0.993167 0.00673284 9.9991E-05
0.966918 0.0329825 9.9991E-05
0.946067 0.0538329 9.99911E-05
0.00347596 0.98273 0.0137943
0.00789672 0.972758 0.0193455
0.954204 0.0456963 9.9991E-05
0.824547 0.0165347 0.158918
0.21417 0.0107398 0.77509
9.999E-05 9.999E-05 0.9998
0.9998 9.999E-05 9.999E-05
9.999E-05 9.999E-05 0.9998
0.9998 9.999E-05 9.999E-05
0.350508 0.10938 0.540112
9.999E-05 9.999E-05 0.9998
9.999E-05 0.9998 9.999E-05
9.999E-05 0.9998 9.999E-05
0.9998 9.999E-05 9.999E-05
9.999E-05 0.9998 9.999E-05
9.999E-05 0.9998 9.999E-05
0.01561 0.923323 0.061067
0.0423172 0.930296 0.0273864
0.433052 0.566848 9.99911E-05
9.999E-05 0.9998 9.999E-05
0.158145 0.841755 9.9991E-05
0.925897 0.0740028 9.9991E-05
9.999E-05 0.9998 9.999E-05
0.931323 0.0685768 9.9991E-05
0.836819 0.142614 0.0205668
0.689617 0.163295 0.147088
0.870256 0.129644 9.9991E-05
0.935188 0.064712 9.9991E-05
0.989843 9.9991E-05 0.0100575
0.980616 0.0192836 9.9991E-05
0.9998 9.999E-05 9.999E-05
0.828612 0.027717 0.143671
0.839014 0.114303 0.0466833
0.849227 0.150673 9.9991E-05
0.99004 9.99911E-05 0.00986037
0.123097 0.839744 0.0371588
0.131936 0.81766 0.0504036
0.128858 0.83091 0.0402317
0.126162 0.829537 0.044301
0.109587 0.858103 0.0323103
0.251528 0.729878 0.0185941
0.216216 0.783684 9.9991E-05
0.9998 9.999E-05 9.999E-05
0.450596 0.549304 9.9991E-05
9.999E-05 0.9998 9.999E-05
0.9998 9.999E-05 9.999E-05
0.944031 0.0558692 9.9991E-05
0.9998 9.999E-05 9.999E-05
0.9998 9.999E-05 9.999E-05
0.980486 9.9991E-05 0.0194144
0.0764476 9.9991E-05 0.923452
9.999E-05 0.9998 9.999E-05
0.538769 0.415291 0.0459405
9.999E-05 0.9998 9.999E-05
9.999E-05 0.9998 9.999E-05
9.999E-05 0.9998 9.999E-05
9.9991E-05 0.995867 0.0040327
0.0508523 0.949048 9.9991E-05
9.999E-05 0.9998 9.999E-05
0.0769662 0.922934 9.99911E-05
0.11518 0.867232 0.0175881
9.999E-05 0.9998 9.999E-05
0.812237 0.187663 9.9991E-05
0.848191 0.151709 9.9991E-05
0.639309 0.133082 0.227609
0.670612 0.0935863 0.235802
0.95945 0.0404499 9.9991E-05
0.974348 0.0255523 9.9991E-05
0.635244 0.143379 0.221377
0.670521 0.109072 0.220408
0.9998 9.999E-05 9.999E-05
0.958546 0.0142086 0.0272456
0.416221 0.583679 9.9991E-05
0.768999 0.0537914 0.17721
0.856829 9.9991E-05 0.143071
0.0579837 0.886855 0.0551609
