9.98828E-05 9.98828E-05 9.98828E-05 0.0251625 9.98828E-05 0.0180847 9.98828E-05 9.98828E-05 9.98828E-05 9.98828E-05 9.98828E-05 9.98828E-05 9.98828E-05 9.98828E-05 0.955454 9.98828E-05
0.0711047 9.99009E-05 9.99009E-05 9.99009E-05 9.99009E-05 9.99009E-05 9.99009E-05 0.0215416 9.99009E-05 0.149696 9.99009E-05 9.99009E-05 0.744163 9.99009E-05 0.0123961 9.99009E-05
9.9865E-05 9.9865E-05 9.9865E-05 9.9865E-05 9.9865E-05 9.9865E-05 0.998502 9.9865E-05 9.9865E-05 9.9865E-05 9.9865E-05 9.9865E-05 9.9865E-05 9.9865E-05 9.9865E-05 9.9865E-05
9.99011E-05 9.99011E-05 0.0172415 9.99011E-05 0.0764001 0.00818054 9.99011E-05 9.99011E-05 0.0298395 0.867239 9.99011E-05 9.99011E-05 9.99011E-05 9.99011E-05 9.99011E-05 9.99011E-05
9.99371E-05 9.99371E-05 0.0855651 0.0112003 9.99371E-05 9.99371E-05 0.0518037 9.99371E-05 0.0635536 0.335795 9.99371E-05 0.0655373 0.0816342 9.99371E-05 0.0862026 0.218009
9.98831E-05 9.98831E-05 0.0370206 9.98831E-05 9.98831E-05 9.98831E-05 9.98831E-05 9.98831E-05 9.98831E-05 0.955754 9.98831E-05 0.00592735 9.98831E-05 9.98831E-05 9.98831E-05 9.98831E-05
9.98651E-05 9.98651E-05 9.98651E-05 9.98651E-05 9.98651E-05 9.98651E-05 9.98651E-05 9.98651E-05 9.98651E-05 9.98651E-05 9.98651E-05 9.98651E-05 9.98651E-05 9.98651E-05 9.98651E-05 0.998502
9.99369E-05 9.99369E-05 0.202104 0.0895702 0.00237937 0.00743168 0.00856646 9.99369E-05 0.0904598 0.0465133 9.99369E-05 9.99369E-05 0.0792458 0.47303 9.99369E-05 9.99369E-05
9.9883E-05 9.9883E-05 9.9883E-05 9.9883E-05 9.9883E-05 9.9883E-05 9.9883E-05 9.9883E-05 0.00202841 9.9883E-05 9.9883E-05 9.9883E-05 0.0574393 9.9883E-05 9.9883E-05 0.939234
9.98741E-05 9.98741E-05 9.98741E-05 0.875373 9.98741E-05 9.98741E-05 9.98741E-05 9.98741E-05 9.98741E-05 9.98741E-05 9.98741E-05 9.98741E-05 9.98741E-05 9.98741E-05 9.98741E-05 0.123229
9.98742E-05 9.98742E-05 9.98742E-05 0.899066 9.98742E-05 9.98742E-05 9.98742E-05 9.98742E-05 9.98742E-05 9.98742E-05 9.98742E-05 9.98742E-05 9.98742E-05 9.98742E-05 9.98742E-05 0.0995358
0.0271692 9.99146E-05 9.99146E-05 9.99146E-05 0.0589458 0.113549 0.00106756 9.99146E-05 9.99146E-05 9.99146E-05 0.125247 9.99146E-05 9.99146E-05 9.99146E-05 0.673022 9.99146E-05
9.99012E-05 9.99012E-05 0.0188513 9.99012E-05 0.0107764 9.99012E-05 9.99012E-05 9.99012E-05 9.99012E-05 9.99012E-05 0.925446 9.99012E-05 9.99012E-05 0.00485212 9.99012E-05 0.0389751
9.99011E-05 0.00513791 9.99011E-05 9.99011E-05 9.99011E-05 9.99011E-05 9.99011E-05 9.99011E-05 9.99011E-05 0.95351 0.00832653 9.99011E-05 0.0258837 9.99011E-05 9.99011E-05 0.0060433
9.98831E-05 0.00625368 9.98831E-05 9.98831E-05 9.98831E-05 9.98831E-05 9.98831E-05 9.98831E-05 9.98831E-05 0.974793 9.98831E-05 9.98831E-05 9.98831E-05 9.98831E-05 0.0176544 9.98831E-05
9.9892E-05 9.9892E-05 9.9892E-05 0.0249133 9.9892E-05 9.9892E-05 9.9892E-05 0.796648 9.9892E-05 9.9892E-05 0.167834 0.00940602 9.9892E-05 9.9892E-05 9.9892E-05 9.9892E-05
0.920289 9.9874E-05 9.9874E-05 0.0783126 9.9874E-05 9.9874E-05 9.9874E-05 9.9874E-05 9.9874E-05 9.9874E-05 9.9874E-05 9.9874E-05 9.9874E-05 9.9874E-05 9.9874E-05 9.9874E-05
0.0452637 0.723739 9.99188E-05 0.13132 9.99188E-05 9.99188E-05 9.99188E-05 0.0111237 0.0193921 9.99188E-05 9.99188E-05 9.99188E-05 0.0564403 9.99188E-05 9.99188E-05 0.0118218
9.98741E-05 0.908136 9.98741E-05 9.98741E-05 9.98741E-05 0.0904656 9.98741E-05 9.98741E-05 9.98741E-05 9.98741E-05 9.98741E-05 9.98741E-05 9.98741E-05 9.98741E-05 9.98741E-05 9.98741E-05
0.0246253 9.99099E-05 9.99099E-05 0.45153 9.99099E-05 0.0685024 9.99099E-05 0.353935 9.99099E-05 9.99099E-05 9.99099E-05 0.0087333 9.99099E-05 9.99099E-05 0.0916752 9.99099E-05
9.98651E-05 0.998502 9.98651E-05 9.98651E-05 9.98651E-05 9.98651E-05 9.98651E-05 9.98651E-05 9.98651E-05 9.98651E-05 9.98651E-05 9.98651E-05 9.98651E-05 9.98651E-05 9.98651E-05 9.98651E-05
0.0372118 0.00358821 9.99189E-05 0.0530443 9.99189E-05 0.00184252 9.99189E-05 0.293338 9.99189E-05 9.99189E-05 0.0870932 9.99189E-05 9.99189E-05 9.99189E-05 0.522982 9.99189E-05
9.98649E-05 9.98649E-05 9.98649E-05 9.98649E-05 9.98649E-05 9.98649E-05 9.98649E-05 9.98649E-05 9.98649E-05 9.98649E-05 9.98649E-05 0.998502 9.98649E-05 9.98649E-05 9.98649E-05 9.98649E-05
9.98738E-05 0.649389 9.98738E-05 9.98738E-05 9.98738E-05 9.98738E-05 9.98738E-05 9.98738E-05 9.98738E-05 9.98738E-05 9.98738E-05 0.349213 9.98738E-05 9.98738E-05 9.98738E-05 9.98738E-05
9.98833E-05 9.98833E-05 9.98833E-05 9.98833E-05 0.615282 9.98833E-05 9.98833E-05 9.98833E-05 9.98833E-05 0.373859 9.98833E-05 9.98833E-05 9.98833E-05 0.00956023 9.98833E-05 9.98833E-05
9.98922E-05 9.98922E-05 9.98922E-05 9.98922E-05 0.231324 9.98922E-05 0.000136545 9.98922E-05 0.00949232 0.757849 9.98922E-05 9.98922E-05 9.98922E-05 9.98922E-05 9.98922E-05 9.98922E-05
0.0434308 9.99008E-05 9.99008E-05 0.0488918 9.99008E-05 0.0292702 9.99008E-05 9.99008E-05 9.99008E-05 9.99008E-05 0.81312 9.99008E-05 9.99008E-05 9.99008E-05 0.0641884 9.99008E-05
9.98741E-05 9.98741E-05 9.98741E-05 9.98741E-05 0.990053 9.98741E-05 9.98741E-05 9.98741E-05 0.00854901 9.98741E-05 9.98741E-05 9.98741E-05 9.98741E-05 9.98741E-05 9.98741E-05 9.98741E-05
9.98922E-05 9.98922E-05 9.98922E-05 9.98922E-05 0.983204 9.98922E-05 9.98922E-05 9.98922E-05 9.98922E-05 9.98922E-05 0.00465279 9.98922E-05 9.98922E-05 0.00759311 9.98922E-05 0.00335118
9.99102E-05 9.99102E-05 0.486062 9.99102E-05 0.2026 9.99102E-05 0.0669708 9.99102E-05 0.0901636 0.136238 9.99102E-05 9.99102E-05 9.99102E-05 9.99102E-05 0.0169664 9.99102E-05
9.98738E-05 9.98738E-05 0.939117 9.98738E-05 9.98738E-05 9.98738E-05 9.98738E-05 9.98738E-05 9.98738E-05 0.0594846 9.98738E-05 9.98738E-05 9.98738E-05 9.98738E-05 9.98738E-05 9.98738E-05
9.98654E-05 9.98654E-05 9.98654E-05 9.98654E-05 9.98654E-05 9.98654E-05 9.98654E-05 9.98654E-05 9.98654E-05 9.98654E-05 9.98654E-05 9.98654E-05 0.998502 9.98654E-05 9.98654E-05 9.98654E-05
9.98921E-05 9.98921E-05 0.0841755 9.98921E-05 0.257882 9.98921E-05 9.98921E-05 9.98921E-05 9.98921E-05 0.555179 9.98921E-05 9.98921E-05 9.98921E-05 0.101565 9.98921E-05 9.98921E-05
9.98923E-05 9.98923E-05 0.0396477 9.98923E-05 9.98923E-05 0.0238481 9.98923E-05 9.98923E-05 0.695715 9.98923E-05 9.98923E-05 9.98923E-05 9.98923E-05 0.239591 9.98923E-05 9.98923E-05
0.223718 9.99187E-05 0.030945 0.0246021 9.99187E-05 0.103061 9.99187E-05 9.99187E-05 9.99187E-05 9.99187E-05 0.526953 9.99187E-05 9.99187E-05 0.0444581 0.0453644 9.99187E-05
0.0288616 9.98918E-05 9.98918E-05 9.98918E-05 0.547607 9.98918E-05 9.98918E-05 9.98918E-05 9.98918E-05 0.401239 9.98918E-05 9.98918E-05 9.98918E-05 0.0210934 9.98918E-05 9.98918E-05
9.98831E-05 9.98831E-05 9.98831E-05 9.98831E-05 9.98831E-05 9.98831E-05 0.0204505 9.98831E-05 9.98831E-05 9.98831E-05 9.98831E-05 9.98831E-05 9.98831E-05 0.0293006 0.94895 9.98831E-05
0.0616384 9.99279E-05 9.99279E-05 0.550212 9.99279E-05 9.99279E-05 0.0220253 9.99279E-05 9.99279E-05 9.99279E-05 9.99279E-05 0.0170005 0.242154 0.01717 0.0757873 0.0132137
0.974684 9.9874E-05 9.9874E-05 9.9874E-05 9.9874E-05 9.9874E-05 9.9874E-05 9.9874E-05 9.9874E-05 9.9874E-05 9.9874E-05 9.9874E-05 9.9874E-05 0.0239175 9.9874E-05 9.9874E-05
0.110741 9.99098E-05 9.99098E-05 0.216307 9.99098E-05 9.99098E-05 9.99098E-05 0.266639 9.99098E-05 0.125233 9.99098E-05 0.00645786 9.99098E-05 9.99098E-05 0.273624 9.99098E-05
0.0494128 0.00164542 9.99368E-05 0.215254 9.99368E-05 0.0181113 9.99368E-05 0.261228 9.99368E-05 0.0778166 9.99368E-05 0.0537161 0.00921031 9.99368E-05 0.312906 9.99368E-05
0.0508827 9.9883E-05 9.9883E-05 0.919271 9.9883E-05 9.9883E-05 9.9883E-05 9.9883E-05 9.9883E-05 9.9883E-05 9.9883E-05 9.9883E-05 9.9883E-05 9.9883E-05 0.0285475 9.9883E-05
9.9901E-05 0.0206835 9.9901E-05 9.9901E-05 9.9901E-05 9.9901E-05 9.9901E-05 0.823576 9.9901E-05 9.9901E-05 0.049701 9.9901E-05 9.9901E-05 9.9901E-05 0.0225192 0.0824217
9.991E-05 9.991E-05 0.0034093 0.895451 0.00653476 0.00786845 9.991E-05 9.991E-05 9.991E-05 9.991E-05 0.0354165 9.991E-05 9.991E-05 9.991E-05 0.0503211 9.991E-05
9.99188E-05 9.99188E-05 9.99188E-05 0.219683 9.99188E-05 0.0088991 9.99188E-05 0.04174 9.99188E-05 9.99188E-05 0.190276 0.444352 0.0453185 9.99188E-05 0.0488319 9.99188E-05
9.991E-05 9.991E-05 9.991E-05 0.360537 9.991E-05 9.991E-05 9.991E-05 0.187331 9.991E-05 0.0901856 0.00772721 0.210722 9.991E-05 9.991E-05 0.142498 9.991E-05
0.128032 9.994E-05 0.0290368 0.195646 9.994E-05 0.00940443 9.994E-05 9.994E-05 0.0376198 0.0680043 0.173994 0.10283 9.994E-05 9.994E-05 0.219346 0.0354866
9.98749E-05 0.0123872 9.98749E-05 9.98749E-05 9.98749E-05 9.98749E-05 9.98749E-05 9.98749E-05 9.98749E-05 9.98749E-05 9.98749E-05 9.98749E-05 9.98749E-05 9.98749E-05 0.986215 9.98749E-05
9.98831E-05 9.98831E-05 0.00716676 9.98831E-05 9.98831E-05 9.98831E-05 0.00726048 9.98831E-05 0.984274 9.98831E-05 9.98831E-05 9.98831E-05 9.98831E-05 9.98831E-05 9.98831E-05 9.98831E-05
9.98651E-05 9.98651E-05 9.98651E-05 9.98651E-05 9.98651E-05 9.98651E-05 9.98651E-05 9.98651E-05 0.998502 9.98651E-05 9.98651E-05 9.98651E-05 9.98651E-05 9.98651E-05 9.98651E-05 9.98651E-05
9.98742E-05 9.98742E-05 9.98742E-05 0.0159203 9.98742E-05 9.98742E-05 9.98742E-05 9.98742E-05 0.982681 9.98742E-05 9.98742E-05 9.98742E-05 9.98742E-05 9.98742E-05 9.98742E-05 9.98742E-05
9.98742E-05 0.00211877 9.98742E-05 9.98742E-05 9.98742E-05 9.98742E-05 9.98742E-05 9.98742E-05 0.996483 9.98742E-05 9.98742E-05 9.98742E-05 9.98742E-05 9.98742E-05 9.98742E-05 9.98742E-05
9.98653E-05 9.98653E-05 9.98653E-05 9.98653E-05 9.98653E-05 9.98653E-05 9.98653E-05 9.98653E-05 0.998502 9.98653E-05 9.98653E-05 9.98653E-05 9.98653E-05 9.98653E-05 9.98653E-05 9.98653E-05
9.99192E-05 0.0167214 0.422506 9.99192E-05 9.99192E-05 9.99192E-05 9.99192E-05 0.0425813 0.299176 9.99192E-05 9.99192E-05 0.0187598 9.99192E-05 0.0972052 9.99192E-05 0.102151
9.98832E-05 9.98832E-05 9.98832E-05 9.98832E-05 9.98832E-05 9.98832E-05 9.98832E-05 0.0207709 0.900609 9.98832E-05 9.98832E-05 9.98832E-05 0.0773219 9.98832E-05 9.98832E-05 9.98832E-05
9.98919E-05 9.98919E-05 9.98919E-05 9.98919E-05 9.98919E-05 9.98919E-05 9.98919E-05 0.167192 9.98919E-05 9.98919E-05 0.0163528 9.98919E-05 9.98919E-05 9.98919E-05 0.806003 0.00925365
9.99099E-05 9.99099E-05 9.99099E-05 9.99099E-05 9.99099E-05 0.000434192 0.0238559 0.024825 0.0275152 9.99099E-05 9.99099E-05 9.99099E-05 0.904169 9.99099E-05 9.99099E-05 0.0182013
0.0175956 9.98919E-05 9.98919E-05 9.98919E-05 0.430043 9.98919E-05 9.98919E-05 9.98919E-05 9.98919E-05 0.545295 9.98919E-05 9.98919E-05 9.98919E-05 0.00586791 9.98919E-05 9.98919E-05
9.99011E-05 9.99011E-05 9.99011E-05 9.99011E-05 9.99011E-05 0.0250173 9.99011E-05 0.103713 0.0152081 9.99011E-05 0.830073 9.99011E-05 9.99011E-05 9.99011E-05 0.0248893 9.99011E-05
9.98743E-05 9.98743E-05 9.98743E-05 9.98743E-05 9.98743E-05 9.98743E-05 9.98743E-05 0.903099 9.98743E-05 9.98743E-05 0.0955027 9.98743E-05 9.98743E-05 9.98743E-05 9.98743E-05 9.98743E-05
9.98744E-05 9.98744E-05 9.98744E-05 9.98744E-05 9.98744E-05 9.98744E-05 9.98744E-05 9.98744E-05 9.98744E-05 9.98744E-05 0.93688 9.98744E-05 9.98744E-05 9.98744E-05 9.98744E-05 0.0617219
9.98829E-05 9.98829E-05 9.98829E-05 0.084496 9.98829E-05 9.98829E-05 9.98829E-05 9.98829E-05 9.98829E-05 0.00847558 0.90573 9.98829E-05 9.98829E-05 9.98829E-05 9.98829E-05 9.98829E-05
9.98919E-05 9.98919E-05 9.98919E-05 0.0988328 9.98919E-05 0.0441043 9.98919E-05 9.98919E-05 9.98919E-05 9.98919E-05 0.82455 0.0313147 9.98919E-05 9.98919E-05 9.98919E-05 9.98919E-05
9.98832E-05 0.915809 9.98832E-05 9.98832E-05 9.98832E-05 9.98832E-05 9.98832E-05 9.98832E-05 9.98832E-05 9.98832E-05 9.98832E-05 9.98832E-05 9.98832E-05 0.0130902 0.0698027 9.98832E-05
9.98835E-05 9.98835E-05 9.98835E-05 9.98835E-05 0.678162 9.98835E-05 0.0552386 9.98835E-05 9.98835E-05 0.265301 9.98835E-05 9.98835E-05 9.98835E-05 9.98835E-05 9.98835E-05 9.98835E-05
0.0678338 0.0265849 0.0156073 0.134276 0.0977766 0.0662019 0.142766 0.106374 0.059702 9.999E-05 0.0127838 0.0599559 0.0904426 0.0719938 0.0136243 0.0339773
9.98922E-05 9.98922E-05 9.98922E-05 9.98922E-05 0.0335436 9.98922E-05 0.108139 9.98922E-05 9.98922E-05 0.77136 9.98922E-05 9.98922E-05 9.98922E-05 0.0857579 9.98922E-05 9.98922E-05
9.98901E-05 9.98901E-05 0.0568602 9.98901E-05 0.247372 9.98901E-05 9.98901E-05 9.98901E-05 0.0270962 0.652931 9.98901E-05 9.98901E-05 9.98901E-05 9.98901E-05 0.0146418 9.98901E-05
9.98741E-05 9.98741E-05 9.98741E-05 9.98741E-05 0.96943 9.98741E-05 9.98741E-05 0.0291718 9.98741E-05 9.98741E-05 9.98741E-05 9.98741E-05 9.98741E-05 9.98741E-05 9.98741E-05 9.98741E-05
9.98742E-05 0.00962353 9.98742E-05 9.98742E-05 0.988978 9.98742E-05 9.98742E-05 9.98742E-05 9.98742E-05 9.98742E-05 9.98742E-05 9.98742E-05 9.98742E-05 9.98742E-05 9.98742E-05 9.98742E-05
9.99012E-05 9.99012E-05 0.23673 0.0330089 0.154449 9.99012E-05 9.99012E-05 9.99012E-05 9.99012E-05 0.570511 9.99012E-05 9.99012E-05 0.00420263 9.99012E-05 9.99012E-05 9.99012E-05
0.0248747 9.9883E-05 9.9883E-05 9.9883E-05 0.493645 9.9883E-05 9.9883E-05 9.9883E-05 9.9883E-05 0.480182 9.9883E-05 9.9883E-05 9.9883E-05 9.9883E-05 9.9883E-05 9.9883E-05
9.9874E-05 9.9874E-05 9.9874E-05 9.9874E-05 9.9874E-05 9.9874E-05 9.9874E-05 9.9874E-05 0.0278023 9.9874E-05 9.9874E-05 9.9874E-05 9.9874E-05 0.970799 9.9874E-05 9.9874E-05
9.9883E-05 9.9883E-05 9.9883E-05 9.9883E-05 9.9883E-05 9.9883E-05 9.9883E-05 9.9883E-05 9.9883E-05 9.9883E-05 0.0184021 9.9883E-05 9.9883E-05 0.968495 9.9883E-05 0.0118045
9.99012E-05 9.99012E-05 9.99012E-05 0.00506289 0.108419 9.99012E-05 0.0286792 9.99012E-05 0.0257396 0.831 9.99012E-05 9.99012E-05 9.99012E-05 9.99012E-05 9.99012E-05 9.99012E-05
0.00331343 9.9892E-05 0.00472719 9.9892E-05 9.9892E-05 9.9892E-05 9.9892E-05 0.963735 0.0270258 9.9892E-05 9.9892E-05 9.9892E-05 9.9892E-05 9.9892E-05 9.9892E-05 9.9892E-05
9.9865E-05 9.9865E-05 9.9865E-05 9.9865E-05 9.9865E-05 9.9865E-05 9.9865E-05 0.998502 9.9865E-05 9.9865E-05 9.9865E-05 9.9865E-05 9.9865E-05 9.9865E-05 9.9865E-05 9.9865E-05
9.98743E-05 9.98743E-05 9.98743E-05 9.98743E-05 9.98743E-05 0.991853 9.98743E-05 9.98743E-05 9.98743E-05 9.98743E-05 9.98743E-05 9.98743E-05 9.98743E-05 9.98743E-05 0.00674835 9.98743E-05
9.98743E-05 9.98743E-05 9.98743E-05 9.98743E-05 9.98743E-05 0.995925 9.98743E-05 9.98743E-05 9.98743E-05 9.98743E-05 0.00267628 9.98743E-05 9.98743E-05 9.98743E-05 9.98743E-05 9.98743E-05
9.99009E-05 9.99009E-05 9.99009E-05 0.814499 9.99009E-05 9.99009E-05 9.99009E-05 0.0631488 9.99009E-05 9.99009E-05 0.0164401 9.99009E-05 0.096451 9.99009E-05 0.0083618 9.99009E-05
9.99099E-05 0.00374252 9.99099E-05 0.753421 9.99099E-05 9.99099E-05 9.99099E-05 0.0818269 9.99099E-05 9.99099E-05 0.0465263 9.99099E-05 0.0785501 9.99099E-05 0.0349345 9.99099E-05
0.0163823 9.99011E-05 9.99011E-05 0.00554966 9.99011E-05 0.95604 9.99011E-05 9.99011E-05 9.99011E-05 9.99011E-05 9.99011E-05 0.00907689 9.99011E-05 0.011852 9.99011E-05 9.99011E-05
9.98653E-05 9.98653E-05 9.98653E-05 9.98653E-05 9.98653E-05 0.998502 9.98653E-05 9.98653E-05 9.98653E-05 9.98653E-05 9.98653E-05 9.98653E-05 9.98653E-05 9.98653E-05 9.98653E-05 9.98653E-05
9.98829E-05 9.98829E-05 9.98829E-05 9.98829E-05 9.98829E-05 9.98829E-05 9.98829E-05 9.98829E-05 0.00151943 9.98829E-05 0.0240979 9.98829E-05 9.98829E-05 9.98829E-05 0.973084 9.98829E-05
9.99279E-05 0.0394999 9.99279E-05 0.122597 9.99279E-05 9.99279E-05 9.99279E-05 0.430673 9.99279E-05 9.99279E-05 0.112988 0.0857209 0.000663921 9.99279E-05 0.0663523 0.140705
9.9883E-05 9.9883E-05 9.9883E-05 9.9883E-05 9.9883E-05 9.9883E-05 9.9883E-05 9.9883E-05 0.0458941 9.9883E-05 9.9883E-05 9.9883E-05 0.883562 9.9883E-05 9.9883E-05 0.069245
9.98919E-05 9.98919E-05 9.98919E-05 9.98919E-05 0.019101 9.98919E-05 9.98919E-05 9.98919E-05 9.98919E-05 0.0159866 0.237271 0.726443 9.98919E-05 9.98919E-05 9.98919E-05 9.98919E-05
0.166377 9.99103E-05 9.99103E-05 9.99103E-05 9.99103E-05 0.123043 9.99103E-05 0.0359296 9.99103E-05 9.99103E-05 0.33889 0.23356 9.99103E-05 9.99103E-05 0.101201 9.99103E-05
9.9865E-05 9.9865E-05 0.998502 9.9865E-05 9.9865E-05 9.9865E-05 9.9865E-05 9.9865E-05 9.9865E-05 9.9865E-05 9.9865E-05 9.9865E-05 9.9865E-05 9.9865E-05 9.9865E-05 9.9865E-05
