9.98829E-05 9.98829E-05 0.930449 0.0106016 9.98829E-05 9.98829E-05 9.98829E-05 0.0576512 9.98829E-05 9.98829E-05 9.98829E-05 9.98829E-05 9.98829E-05 9.98829E-05 9.98829E-05 9.98829E-05
9.99008E-05 9.99008E-05 9.99008E-05 0.00740465 9.99008E-05 0.199385 9.99008E-05 9.99008E-05 0.0331109 9.99008E-05 0.648301 9.99008E-05 9.99008E-05 9.99008E-05 0.1107 9.99008E-05
9.9865E-05 9.9865E-05 9.9865E-05 9.9865E-05 9.9865E-05 9.9865E-05 9.9865E-05 9.9865E-05 9.9865E-05 9.9865E-05 9.9865E-05 0.998502 9.9865E-05 9.9865E-05 9.9865E-05 9.9865E-05
9.99101E-05 9.99101E-05 9.99101E-05 0.032401 9.99101E-05 9.99101E-05 0.0116686 9.99101E-05 0.0117907 9.99101E-05 9.99101E-05 0.00731443 9.99101E-05 0.00628802 0.929538 9.99101E-05
0.0657925 9.99281E-05 9.99281E-05 9.99281E-05 9.99281E-05 0.0620471 0.187237 0.0755063 9.99281E-05 9.99281E-05 0.28199 0.128739 9.99281E-05 0.00961689 0.188272 9.99281E-05
0.0189508 9.991E-05 9.991E-05 9.991E-05 9.991E-05 0.049895 0.0185033 9.991E-05 9.991E-05 0.0016295 9.991E-05 0.0217505 9.991E-05 9.991E-05 0.888272 9.991E-05
9.98923E-05 0.343847 9.98923E-05 9.98923E-05 9.98923E-05 9.98923E-05 9.98923E-05 9.98923E-05 9.98923E-05 9.98923E-05 0.588585 9.98923E-05 0.0432602 9.98923E-05 9.98923E-05 0.0231093
9.99279E-05 9.99279E-05 9.99279E-05 0.00401852 9.99279E-05 9.99279E-05 0.232822 0.0690304 9.99279E-05 9.99279E-05 0.0956795 0.0666814 9.99279E-05 0.0924356 0.0191851 0.419348
9.99012E-05 0.191079 9.99012E-05 9.99012E-05 9.99012E-05 9.99012E-05 9.99012E-05 0.0327536 9.99012E-05 9.99012E-05 0.680498 9.99012E-05 0.0941722 9.99012E-05 9.99012E-05 0.00039804
9.98708E-05 9.98708E-05 9.98708E-05 9.98708E-05 9.98708E-05 9.98708E-05 9.98708E-05 0.998502 9.98708E-05 9.98708E-05 9.98708E-05 9.98708E-05 9.98708E-05 9.98708E-05 9.98708E-05 9.98708E-05
9.98654E-05 9.98654E-05 9.98654E-05 9.98654E-05 9.98654E-05 9.98654E-05 9.98654E-05 0.998502 9.98654E-05 9.98654E-05 9.98654E-05 9.98654E-05 9.98654E-05 9.98654E-05 9.98654E-05 9.98654E-05
9.9892E-05 0.126627 0.709912 0.104382 9.9892E-05 9.9892E-05 9.9892E-05 9.9892E-05 9.9892E-05 9.9892E-05 9.9892E-05 0.0578795 9.9892E-05 9.9892E-05 9.9892E-05 9.9892E-05
0.0390327 0.924101 9.98832E-05 9.98832E-05 9.98832E-05 9.98832E-05 0.0355681 9.98832E-05 9.98832E-05 9.98832E-05 9.98832E-05 9.98832E-05 9.98832E-05 9.98832E-05 9.98832E-05 9.98832E-05
9.99102E-05 9.99102E-05 9.99102E-05 9.99102E-05 0.013514 9.99102E-05 9.99102E-05 9.99102E-05 0.012701 0.0112539 0.00649089 0.00608958 9.99102E-05 9.99102E-05 0.948952 9.99102E-05
9.98833E-05 9.98833E-05 9.98833E-05 9.98833E-05 9.98833E-05 0.071883 9.98833E-05 9.98833E-05 9.98833E-05 9.98833E-05 9.98833E-05 0.00367544 9.98833E-05 9.98833E-05 0.923143 9.98833E-05
0.0488004 0.140764 9.9892E-05 9.9892E-05 9.9892E-05 9.9892E-05 9.9892E-05 0.00756261 9.9892E-05 9.9892E-05 9.9892E-05 9.9892E-05 0.801674 9.9892E-05 9.9892E-05 9.9892E-05
9.9883E-05 9.9883E-05 9.9883E-05 9.9883E-05 0.00845361 9.9883E-05 9.9883E-05 0.0521866 0.938061 9.9883E-05 9.9883E-05 9.9883E-05 9.9883E-05 9.9883E-05 9.9883E-05 9.9883E-05
9.99008E-05 9.99008E-05 9.99008E-05 9.99008E-05 0.686972 0.160755 9.99008E-05 0.0785217 9.99008E-05 9.99008E-05 0.0702832 9.99008E-05 9.99008E-05 0.00236904 9.99008E-05 9.99008E-05
9.98831E-05 9.98831E-05 9.98831E-05 0.0604145 0.913237 9.98831E-05 9.98831E-05 9.98831E-05 9.98831E-05 0.0250495 9.98831E-05 9.98831E-05 9.98831E-05 9.98831E-05 9.98831E-05 9.98831E-05
0.0321676 9.99099E-05 0.114004 0.0406289 9.99099E-05 9.99099E-05 9.99099E-05 0.420372 0.104377 9.99099E-05 9.99099E-05 9.99099E-05 0.287452 9.99099E-05 9.99099E-05 9.99099E-05
9.98652E-05 9.98652E-05 9.98652E-05 9.98652E-05 0.998502 9.98652E-05 9.98652E-05 9.98652E-05 9.98652E-05 9.98652E-05 9.98652E-05 9.98652E-05 9.98652E-05 9.98652E-05 9.98652E-05 9.98652E-05
9.99279E-05 0.0393394 0.419037 0.0015587 9.99279E-05 0.235907 9.99279E-05 0.00905333 0.0599034 0.00372376 9.99279E-05 9.99279E-05 0.230678 9.99279E-05 9.99279E-05 9.99279E-05
0.776816 9.98919E-05 9.98919E-05 0.0328014 0.184295 9.98919E-05 9.98919E-05 9.98919E-05 0.0048886 9.98919E-05 9.98919E-05 9.98919E-05 9.98919E-05 9.98919E-05 9.98919E-05 9.98919E-05
0.215492 9.98738E-05 9.98738E-05 9.98738E-05 0.78311 9.98738E-05 9.98738E-05 9.98738E-05 9.98738E-05 9.98738E-05 9.98738E-05 9.98738E-05 9.98738E-05 9.98738E-05 9.98738E-05 9.98738E-05
9.98833E-05 9.98833E-05 9.98833E-05 9.98833E-05 9.98833E-05 9.98833E-05 9.98833E-05 9.98833E-05 9.98833E-05 9.98833E-05 9.98833E-05 9.98833E-05 9.98833E-05 0.00161406 0.972444 0.024643
9.98744E-05 9.98744E-05 9.98744E-05 9.98744E-05 9.98744E-05 9.98744E-05 9.98744E-05 9.98744E-05 9.98744E-05 9.98744E-05 9.98744E-05 0.0227476 9.98744E-05 9.98744E-05 0.975854 9.98744E-05
9.99008E-05 0.769912 0.0677605 0.0325624 9.99008E-05 9.99008E-05 9.99008E-05 0.0631031 0.0655632 9.99008E-05 9.99008E-05 9.99008E-05 9.99008E-05 9.99008E-05 9.99008E-05 9.99008E-05
9.98922E-05 0.000270655 9.98922E-05 9.98922E-05 9.98922E-05 9.98922E-05 0.0270611 9.98922E-05 9.98922E-05 9.98922E-05 9.98922E-05 9.98922E-05 9.98922E-05 0.0395471 0.931922 9.98922E-05
9.98922E-05 9.98922E-05 9.98922E-05 9.98922E-05 9.98922E-05 9.98922E-05 9.98922E-05 9.98922E-05 9.98922E-05 9.98922E-05 0.0241473 9.98922E-05 0.0120753 0.0804388 0.88214 9.98922E-05
9.99013E-05 9.99013E-05 0.0125415 9.99013E-05 9.99013E-05 9.99013E-05 0.396738 9.99013E-05 9.99013E-05 0.0252671 9.99013E-05 9.99013E-05 9.99013E-05 0.101086 0.463268 9.99013E-05
9.98739E-05 9.98739E-05 9.98739E-05 9.98739E-05 9.98739E-05 9.98739E-05 0.947607 9.98739E-05 9.98739E-05 9.98739E-05 9.98739E-05 9.98739E-05 9.98739E-05 9.98739E-05 0.0509944 9.98739E-05
9.98654E-05 9.98654E-05 9.98654E-05 9.98654E-05 9.98654E-05 9.98654E-05 9.98654E-05 9.98654E-05 9.98654E-05 9.98654E-05 0.998502 9.98654E-05 9.98654E-05 9.98654E-05 9.98654E-05 9.98654E-05
9.98833E-05 9.98833E-05 9.98833E-05 9.98833E-05 9.98833E-05 9.98833E-05 0.0412926 9.98833E-05 9.98833E-05 9.98833E-05 9.98833E-05 9.98833E-05 9.98833E-05 9.98833E-05 0.807387 0.150022
9.99102E-05 9.99102E-05 9.99102E-05 9.99102E-05 9.99102E-05 9.99102E-05 0.0563507 0.0024954 9.99102E-05 9.99102E-05 0.030379 9.99102E-05 0.00350917 0.714262 9.99102E-05 0.192005
9.99097E-05 0.483957 0.0533435 0.0907186 9.99097E-05 0.0576183 0.0552673 9.99097E-05 0.258096 9.99097E-05 9.99097E-05 9.99097E-05 9.99097E-05 9.99097E-05 9.99097E-05 9.99097E-05
9.98919E-05 9.98919E-05 9.98919E-05 9.98919E-05 9.98919E-05 9.98919E-05 9.98919E-05 9.98919E-05 0.0214292 9.98919E-05 9.98919E-05 9.98919E-05 0.00801306 9.98919E-05 0.909044 0.0603146
0.00295007 9.98921E-05 0.955423 9.98921E-05 9.98921E-05 9.98921E-05 9.98921E-05 9.98921E-05 0.00204541 9.98921E-05 9.98921E-05 9.98921E-05 9.98921E-05 9.98921E-05 9.98921E-05 0.0383824
0.0147768 9.99279E-05 0.0823584 9.99279E-05 9.99279E-05 0.126984 9.99279E-05 0.525953 0.0144776 0.0286047 0.158204 9.99279E-05 9.99279E-05 9.99279E-05 9.99279E-05 0.0478422
9.9883E-05 9.9883E-05 9.9883E-05 9.9883E-05 9.9883E-05 9.9883E-05 9.9883E-05 9.9883E-05 0.960059 9.9883E-05 9.9883E-05 9.9883E-05 9.9883E-05 9.9883E-05 0.0045169 0.0341252
9.9874E-05 9.9874E-05 9.9874E-05 9.9874E-05 9.9874E-05 0.979253 9.9874E-05 9.9874E-05 0.0193486 9.9874E-05 9.9874E-05 9.9874E-05 9.9874E-05 9.9874E-05 9.9874E-05 9.9874E-05
9.9874E-05 9.9874E-05 9.9874E-05 0.0183268 9.9874E-05 0.980275 9.9874E-05 9.9874E-05 9.9874E-05 9.9874E-05 9.9874E-05 9.9874E-05 9.9874E-05 9.9874E-05 9.9874E-05 9.9874E-05
0.0416685 9.99099E-05 0.0343975 9.99099E-05 9.99099E-05 0.0727193 9.99099E-05 0.827368 0.0198405 9.99099E-05 9.99099E-05 9.99099E-05 0.00300689 9.99099E-05 9.99099E-05 9.99099E-05
9.99189E-05 0.0813885 0.0156462 9.99189E-05 0.0247416 0.0709853 9.99189E-05 0.0113458 9.99189E-05 9.99189E-05 0.0602283 9.99189E-05 0.734765 9.99189E-05 9.99189E-05 9.99189E-05
0.0752451 9.98919E-05 0.0471408 9.98919E-05 9.98919E-05 9.98919E-05 9.98919E-05 0.850458 0.025957 9.98919E-05 9.98919E-05 9.98919E-05 9.98919E-05 9.98919E-05 9.98919E-05 9.98919E-05
0.422941 0.119666 0.0147308 0.00693401 9.99279E-05 0.187337 9.99279E-05 0.207567 9.99279E-05 9.99279E-05 0.023038 9.99279E-05 0.0169874 9.99279E-05 9.99279E-05 9.99279E-05
0.271622 9.99368E-05 0.0771039 9.99368E-05 9.99368E-05 0.170666 0.00914295 0.263728 9.99368E-05 0.0483882 9.99368E-05 0.00324039 0.143201 9.99368E-05 9.99368E-05 0.0122078
0.248017 0.0901606 0.237041 9.99279E-05 9.99279E-05 9.99279E-05 0.0941136 0.146003 0.126738 9.99279E-05 9.99279E-05 9.99279E-05 9.99279E-05 0.0493225 0.00780487 9.99279E-05
9.98749E-05 9.98749E-05 0.992077 9.98749E-05 0.00652435 9.98749E-05 9.98749E-05 9.98749E-05 9.98749E-05 9.98749E-05 9.98749E-05 9.98749E-05 9.98749E-05 9.98749E-05 9.98749E-05 9.98749E-05
9.98742E-05 9.98742E-05 9.98742E-05 9.98742E-05 9.98742E-05 9.98742E-05 9.98742E-05 9.98742E-05 9.98742E-05 0.00239104 9.98742E-05 9.98742E-05 9.98742E-05 0.996211 9.98742E-05 9.98742E-05
9.98652E-05 9.98652E-05 9.98652E-05 9.98652E-05 9.98652E-05 9.98652E-05 9.98652E-05 9.98652E-05 9.98652E-05 9.98652E-05 9.98652E-05 9.98652E-05 9.98652E-05 0.998502 9.98652E-05 9.98652E-05
9.98922E-05 9.98922E-05 9.98922E-05 0.00747915 9.98922E-05 0.00374227 9.98922E-05 0.0143462 9.98922E-05 9.98922E-05 9.98922E-05 9.98922E-05 9.98922E-05 0.973234 9.98922E-05 9.98922E-05
9.98653E-05 9.98653E-05 9.98653E-05 9.98653E-05 9.98653E-05 9.98653E-05 9.98653E-05 9.98653E-05 9.98653E-05 9.98653E-05 9.98653E-05 9.98653E-05 9.98653E-05 0.998502 9.98653E-05 9.98653E-05
9.98652E-05 9.98652E-05 9.98652E-05 9.98652E-05 9.98652E-05 9.98652E-05 9.98652E-05 9.98652E-05 9.98652E-05 9.98652E-05 9.98652E-05 9.98652E-05 9.98652E-05 0.998502 9.98652E-05 9.98652E-05
0.0464121 9.99371E-05 9.99371E-05 9.99371E-05 0.0211946 9.99371E-05 0.257005 0.0137065 9.99371E-05 9.99371E-05 0.0389204 0.0308066 0.0444766 0.377556 9.99371E-05 0.169223
9.98921E-05 9.98921E-05 0.00572368 9.98921E-05 9.98921E-05 9.98921E-05 9.98921E-05 9.98921E-05 9.98921E-05 9.98921E-05 0.0602467 9.98921E-05 0.0173245 0.915506 9.98921E-05 9.98921E-05
9.98738E-05 9.98738E-05 0.802802 9.98738E-05 9.98738E-05 9.98738E-05 9.98738E-05 9.98738E-05 9.98738E-05 9.98738E-05 9.98738E-05 9.98738E-05 0.1958 9.98738E-05 9.98738E-05 9.98738E-05
9.99007E-05 9.99007E-05 0.0401732 0.0262066 9.99007E-05 9.99007E-05 9.99007E-05 9.99007E-05 9.99007E-05 9.99007E-05 0.870788 9.99007E-05 9.99007E-05 0.0537245 0.00800898 9.99007E-05
9.99009E-05 9.99009E-05 9.99009E-05 9.99009E-05 9.99009E-05 0.00658955 9.99009E-05 9.99009E-05 0.0120363 9.99009E-05 0.0205934 9.99009E-05 9.99009E-05 9.99009E-05 0.955899 0.00378273
9.9901E-05 0.78707 0.00454068 0.0140638 9.9901E-05 0.149355 9.9901E-05 9.9901E-05 9.9901E-05 9.9901E-05 9.9901E-05 9.9901E-05 0.0438717 9.9901E-05 9.9901E-05 9.9901E-05
9.98834E-05 0.0487438 0.0224244 9.98834E-05 9.98834E-05 9.98834E-05 9.98834E-05 9.98834E-05 9.98834E-05 9.98834E-05 9.98834E-05 9.98834E-05 0.927533 9.98834E-05 9.98834E-05 9.98834E-05
9.98743E-05 0.970514 9.98743E-05 9.98743E-05 9.98743E-05 9.98743E-05 9.98743E-05 9.98743E-05 9.98743E-05 9.98743E-05 9.98743E-05 9.98743E-05 9.98743E-05 9.98743E-05 9.98743E-05 0.0280874
9.98918E-05 0.868499 0.0305374 9.98918E-05 9.98918E-05 0.0126411 9.98918E-05 0.0871242 9.98918E-05 9.98918E-05 9.98918E-05 9.98918E-05 9.98918E-05 9.98918E-05 9.98918E-05 9.98918E-05
0.0136044 0.80622 9.99008E-05 0.0657138 9.99008E-05 0.0601679 9.99008E-05 0.0531952 9.99008E-05 9.99008E-05 9.99008E-05 9.99008E-05 9.99008E-05 9.99008E-05 9.99008E-05 9.99008E-05
9.98653E-05 9.98653E-05 9.98653E-05 9.98653E-05 9.98653E-05 9.98653E-05 9.98653E-05 9.98653E-05 9.98653E-05 0.998502 9.98653E-05 9.98653E-05 9.98653E-05 9.98653E-05 9.98653E-05 9.98653E-05
9.98836E-05 9.98836E-05 9.98836E-05 0.00508706 9.98836E-05 9.98836E-05 9.98836E-05 9.98836E-05 9.98836E-05 9.98836E-05 9.98836E-05 0.0165781 9.98836E-05 9.98836E-05 0.977036 9.98836E-05
9.9937E-05 0.118706 9.9937E-05 0.0534621 0.107425 0.129283 9.9937E-05 0.0924688 0.0656032 9.9937E-05 9.9937E-05 9.9937E-05 9.9937E-05 0.109691 0.261003 0.0616588
9.98834E-05 9.98834E-05 9.98834E-05 9.98834E-05 9.98834E-05 9.98834E-05 9.98834E-05 9.98834E-05 9.98834E-05 9.98834E-05 9.98834E-05 0.144403 9.98834E-05 9.98834E-05 0.772932 0.0813659
9.99101E-05 9.99101E-05 9.99101E-05 9.99101E-05 9.99101E-05 0.0326214 0.0139118 9.99101E-05 0.0175903 9.99101E-05 9.99101E-05 0.0170606 9.99101E-05 0.0379949 0.879822 9.99101E-05
9.9901E-05 9.9901E-05 9.9901E-05 9.9901E-05 9.9901E-05 9.9901E-05 0.0132448 9.9901E-05 9.9901E-05 9.9901E-05 9.9901E-05 9.9901E-05 0.07418 0.0662413 0.779686 0.0655494
9.99102E-05 9.99102E-05 9.99102E-05 9.99102E-05 9.99102E-05 9.99102E-05 0.0348454 9.99102E-05 9.99102E-05 9.99102E-05 0.00246642 9.99102E-05 0.0327642 0.0257429 0.892329 0.0108527
9.98923E-05 9.98923E-05 9.98923E-05 9.98923E-05 9.98923E-05 0.0441477 0.189724 0.0165725 9.98923E-05 9.98923E-05 9.98923E-05 9.98923E-05 9.98923E-05 9.98923E-05 0.748357 9.98923E-05
9.9883E-05 9.9883E-05 9.9883E-05 9.9883E-05 9.9883E-05 9.9883E-05 9.9883E-05 9.9883E-05 0.0193369 9.9883E-05 9.9883E-05 9.9883E-05 9.9883E-05 9.9883E-05 0.97593 0.00343511
9.98831E-05 9.98831E-05 9.98831E-05 9.98831E-05 9.98831E-05 9.98831E-05 0.00287015 9.98831E-05 9.98831E-05 9.98831E-05 9.98831E-05 9.98831E-05 9.98831E-05 0.0150998 9.98831E-05 0.980732
9.98741E-05 0.0150292 9.98741E-05 9.98741E-05 9.98741E-05 9.98741E-05 9.98741E-05 9.98741E-05 9.98741E-05 9.98741E-05 9.98741E-05 9.98741E-05 9.98741E-05 9.98741E-05 9.98741E-05 0.983573
9.99012E-05 9.99012E-05 9.99012E-05 0.0244204 9.99012E-05 9.99012E-05 9.99012E-05 9.99012E-05 9.99012E-05 9.99012E-05 9.99012E-05 0.056527 0.00610761 0.0265227 0.885323 9.99012E-05
9.99189E-05 9.99189E-05 9.99189E-05 0.00293505 9.99189E-05 9.99189E-05 0.00314007 9.99189E-05 0.00859614 9.99189E-05 0.0273061 9.99189E-05 0.928908 0.0162096 0.0120062 9.99189E-05
9.9874E-05 9.9874E-05 9.9874E-05 9.9874E-05 9.9874E-05 9.9874E-05 9.9874E-05 9.9874E-05 9.9874E-05 9.9874E-05 9.9874E-05 9.9874E-05 0.974047 0.0245544 9.9874E-05 9.9874E-05
9.98702E-05 9.98702E-05 0.00264077 0.983576 9.98702E-05 0.0124845 9.98702E-05 9.98702E-05 9.98702E-05 9.98702E-05 9.98702E-05 9.98702E-05 9.98702E-05 9.98702E-05 9.98702E-05 9.98702E-05
9.98653E-05 9.98653E-05 9.98653E-05 0.998502 9.98653E-05 9.98653E-05 9.98653E-05 9.98653E-05 9.98653E-05 9.98653E-05 9.98653E-05 9.98653E-05 9.98653E-05 9.98653E-05 9.98653E-05 9.98653E-05
9.99369E-05 0.0365876 0.0201563 0.0114927 9.99369E-05 0.0982142 9.99369E-05 0.697891 9.99369E-05 9.99369E-05 0.0389074 9.99369E-05 0.069066 0.018257 9.99369E-05 0.00872768
9.99009E-05 0.0705848 9.99009E-05 9.99009E-05 9.99009E-05 0.142932 9.99009E-05 0.730636 9.99009E-05 9.99009E-05 0.0155583 9.99009E-05 0.0391898 9.99009E-05 9.99009E-05 9.99009E-05
0.00139173 9.99012E-05 9.99012E-05 0.966184 9.99012E-05 9.99012E-05 9.99012E-05 0.0192315 9.99012E-05 9.99012E-05 9.99012E-05 9.99012E-05 0.00752086 9.99012E-05 9.99012E-05 0.004573
9.98653E-05 9.98653E-05 9.98653E-05 0.998502 9.98653E-05 9.98653E-05 9.98653E-05 9.98653E-05 9.98653E-05 9.98653E-05 9.98653E-05 9.98653E-05 9.98653E-05 9.98653E-05 9.98653E-05 9.98653E-05
9.98829E-05 0.000500946 0.962527 9.98829E-05 9.98829E-05 9.98829E-05 9.98829E-05 9.98829E-05 9.98829E-05 9.98829E-05 9.98829E-05 9.98829E-05 0.035674 9.98829E-05 9.98829E-05 9.98829E-05
9.98921E-05 0.173589 9.98921E-05 9.98921E-05 9.98921E-05 0.748638 9.98921E-05 9.98921E-05 9.98921E-05 9.98921E-05 0.0110082 9.98921E-05 0.0655656 9.98921E-05 9.98921E-05 9.98921E-05
0.00841906 9.98828E-05 9.98828E-05 9.98828E-05 9.98828E-05 9.98828E-05 9.98828E-05 9.98828E-05 9.98828E-05 9.98828E-05 0.927114 9.98828E-05 9.98828E-05 0.0631689 9.98828E-05 9.98828E-05
0.910263 0.0883387 9.98737E-05 9.98737E-05 9.98737E-05 9.98737E-05 9.98737E-05 9.98737E-05 9.98737E-05 9.98737E-05 9.98737E-05 9.98737E-05 9.98737E-05 9.98737E-05 9.98737E-05 9.98737E-05
0.37808 0.212529 0.144624 0.0777516 0.00431005 9.99102E-05 9.99102E-05 9.99102E-05 0.181707 9.99102E-05 9.99102E-05 9.99102E-05 9.99102E-05 9.99102E-05 9.99102E-05 9.99102E-05
9.9865E-05 9.9865E-05 9.9865E-05 9.9865E-05 9.9865E-05 9.9865E-05 0.998502 9.9865E-05 9.9865E-05 9.9865E-05 9.9865E-05 9.9865E-05 9.9865E-05 9.9865E-05 9.9865E-05 9.9865E-05
