9.99459E-05 9.99459E-05 0.96668 9.99459E-05 9.99459E-05 9.99459E-05 0.0120173 0.0207029 9.99459E-05
9.99639E-05 0.553715 0.150421 9.99639E-05 9.99639E-05 0.204611 9.99639E-05 0.0452315 0.0456219
0.0297572 0.0303196 9.99733E-05 0.0130151 0.0678499 0.797102 9.99733E-05 0.0616566 9.99733E-05
9.9946E-05 9.9946E-05 9.9946E-05 9.9946E-05 9.9946E-05 0.961711 9.9946E-05 0.0121286 0.0255604
9.99731E-05 0.366731 0.00676945 0.0610491 9.99731E-05 0.387772 0.0818983 9.99731E-05 0.0954808
9.9937E-05 9.9937E-05 9.9937E-05 9.9937E-05 9.9937E-05 0.956924 9.9937E-05 9.9937E-05 0.042376
9.9937E-05 0.77577 9.9937E-05 9.9937E-05 0.223531 9.9937E-05 9.9937E-05 9.9937E-05 9.9937E-05
9.9964E-05 0.385021 9.9964E-05 0.18532 9.9964E-05 0.34164 0.0249384 0.0626815 9.9964E-05
9.99369E-05 0.825292 9.99369E-05 9.99369E-05 0.174008 9.99369E-05 9.99369E-05 9.99369E-05 9.99369E-05
9.99371E-05 0.0648373 9.99371E-05 9.99371E-05 9.99371E-05 9.99371E-05 0.934463 9.99371E-05 9.99371E-05
9.99372E-05 0.0320361 9.99372E-05 9.99372E-05 9.99372E-05 9.99372E-05 0.967264 9.99372E-05 9.99372E-05
9.995E-05 9.995E-05 0.690712 9.995E-05 0.141442 0.0466516 9.995E-05 0.120695 9.995E-05
9.99461E-05 0.00353647 9.99461E-05 9.99461E-05 0.977502 0.0183616 9.99461E-05 9.99461E-05 9.99461E-05
0.00728491 9.9955E-05 0.0180114 9.9955E-05 9.9955E-05 0.922149 9.9955E-05 9.9955E-05 0.0520554
0.00222261 9.9946E-05 0.0604324 9.9946E-05 9.9946E-05 0.936745 9.9946E-05 9.9946E-05 9.9946E-05
9.9964E-05 0.00274699 0.0447633 9.9964E-05 0.323393 0.0406148 0.588082 9.9964E-05 9.9964E-05
9.99368E-05 9.99368E-05 9.99368E-05 9.99368E-05 9.99368E-05 9.99368E-05 0.0272979 9.99368E-05 0.972003
0.694797 0.0754026 0.00187984 0.0243495 9.99639E-05 9.99639E-05 0.203172 9.99639E-05 9.99639E-05
0.932835 9.9946E-05 9.9946E-05 9.9946E-05 0.000473849 9.9946E-05 9.9946E-05 0.0660914 9.9946E-05
9.9964E-05 9.9964E-05 0.140287 9.9964E-05 0.0030462 9.9964E-05 0.710518 0.0319106 0.113838
0.992804 9.9937E-05 9.9937E-05 9.9937E-05 9.9937E-05 0.00649642 9.9937E-05 9.9937E-05 9.9937E-05
9.9964E-05 9.9964E-05 0.554087 9.9964E-05 0.0685443 9.9964E-05 0.333832 0.0114076 0.0317286
0.322116 9.9955E-05 9.9955E-05 9.9955E-05 9.9955E-05 9.9955E-05 0.114413 0.160987 0.401984
0.908095 9.9946E-05 9.9946E-05 9.9946E-05 9.9946E-05 9.9946E-05 9.9946E-05 0.0322136 0.059092
9.993E-05 9.993E-05 9.993E-05 9.993E-05 9.993E-05 0.999201 9.993E-05 9.993E-05 9.993E-05
9.993E-05 9.993E-05 9.993E-05 9.993E-05 9.993E-05 0.999201 9.993E-05 9.993E-05 9.993E-05
9.99639E-05 9.99639E-05 0.130247 9.99639E-05 0.737865 9.99639E-05 0.00973658 0.0566226 0.065129
9.9946E-05 9.9946E-05 9.9946E-05 0.0455634 0.00313289 0.950704 9.9946E-05 9.9946E-05 9.9946E-05
9.9955E-05 0.00220958 9.9955E-05 0.0609266 0.0231081 0.913256 9.9955E-05 9.9955E-05 9.9955E-05
0.0386186 0.0182137 9.9982E-05 0.184846 0.0174291 0.710457 9.9982E-05 0.0120618 0.0181739
9.9955E-05 0.123264 9.9955E-05 0.187064 9.9955E-05 0.603012 9.9955E-05 9.9955E-05 0.0861595
9.9955E-05 0.731846 0.111483 0.144011 9.9955E-05 9.9955E-05 9.9955E-05 0.0121609 9.9955E-05
9.99461E-05 9.99461E-05 9.99461E-05 9.99461E-05 9.99461E-05 0.981217 0.0135608 0.00462208 9.99461E-05
9.99551E-05 0.12519 9.99551E-05 0.76981 9.99551E-05 0.0923993 9.99551E-05 0.0121012 9.99551E-05
9.997E-05 9.997E-05 0.0667076 0.0134642 0.463602 0.00388323 9.997E-05 0.12207 0.329973
9.99459E-05 9.99459E-05 9.99459E-05 9.99459E-05 0.022599 0.955994 9.99459E-05 9.99459E-05 0.0208078
9.9946E-05 9.9946E-05 0.972775 9.9946E-05 9.9946E-05 0.0137246 9.9946E-05 9.9946E-05 0.0129004
0.0250766 0.17355 0.0762356 9.9973E-05 9.9973E-05 0.00487558 0.689963 9.9973E-05 0.0299995
9.99459E-05 0.00160518 9.99459E-05 9.99459E-05 9.99459E-05 0.0148396 9.99459E-05 9.99459E-05 0.982956
9.99549E-05 9.99549E-05 0.201178 9.99549E-05 9.99549E-05 0.0871661 0.597697 9.99549E-05 0.113459
9.99549E-05 9.99549E-05 0.244789 9.99549E-05 9.99549E-05 0.038611 0.664637 9.99549E-05 0.0514628
9.99369E-05 9.99369E-05 9.99369E-05 9.99369E-05 9.99369E-05 9.99369E-05 0.948398 9.99369E-05 0.0509025
9.995E-05 0.137378 0.0711776 9.995E-05 0.197203 9.995E-05 0.593741 9.995E-05 9.995E-05
9.9946E-05 9.9946E-05 9.9946E-05 9.9946E-05 9.9946E-05 9.9946E-05 0.936458 0.0072738 0.0556684
0.111334 9.9973E-05 0.0784655 9.9973E-05 0.134412 9.9973E-05 0.46301 0.101273 0.111205
0.0419364 9.9982E-05 0.0999464 9.9982E-05 0.03149 0.0521109 0.710558 0.0361122 0.0276457
9.999E-05 0.0293555 0.152633 0.0206295 0.0706699 0.103892 0.2289 0.00223202 0.391588
0.0196226 9.99374E-05 0.979678 9.99374E-05 9.99374E-05 9.99374E-05 9.99374E-05 9.99374E-05 9.99374E-05
9.9937E-05 9.9937E-05 9.9937E-05 0.987829 9.9937E-05 9.9937E-05 0.0114716 9.9937E-05 9.9937E-05
9.993E-05 9.993E-05 9.993E-05 0.999201 9.993E-05 9.993E-05 9.993E-05 9.993E-05 9.993E-05
9.993E-05 9.993E-05 9.993E-05 0.999201 9.993E-05 9.993E-05 9.993E-05 9.993E-05 9.993E-05
9.993E-05 9.993E-05 9.993E-05 0.999201 9.993E-05 9.993E-05 9.993E-05 9.993E-05 9.993E-05
9.993E-05 9.993E-05 9.993E-05 0.999201 9.993E-05 9.993E-05 9.993E-05 9.993E-05 9.993E-05
0.014735 0.269001 9.99731E-05 0.433805 0.013159 0.186013 9.99731E-05 9.99731E-05 0.082987
9.9955E-05 0.0363688 0.0292763 0.932585 9.9955E-05 9.9955E-05 0.00127052 9.9955E-05 9.9955E-05
9.99459E-05 9.99459E-05 0.832866 9.99459E-05 0.0525772 9.99459E-05 0.113957 9.99459E-05 9.99459E-05
9.99638E-05 0.701272 0.101991 0.114135 9.99638E-05 0.030342 9.99638E-05 0.0518604 9.99638E-05
9.99369E-05 9.99369E-05 9.99369E-05 9.99369E-05 9.99369E-05 0.979483 9.99369E-05 9.99369E-05 0.0198176
9.9946E-05 9.9946E-05 0.130932 9.9946E-05 0.812726 9.9946E-05 9.9946E-05 0.0557417 9.9946E-05
9.995E-05 9.995E-05 0.106733 9.995E-05 0.317929 0.0677501 0.507088 9.995E-05 9.995E-05
9.993E-05 9.993E-05 9.993E-05 9.993E-05 0.999201 9.993E-05 9.993E-05 9.993E-05 9.993E-05
9.99459E-05 9.99459E-05 0.0244314 9.99459E-05 0.867351 9.99459E-05 0.107618 9.99459E-05 9.99459E-05
0.00380994 9.99639E-05 9.99639E-05 9.99639E-05 0.83727 9.99639E-05 0.0433016 0.0805912 0.0346278
0.890743 9.99371E-05 0.108557 9.99371E-05 9.99371E-05 9.99371E-05 9.99371E-05 9.99371E-05 9.99371E-05
9.993E-05 9.993E-05 9.993E-05 9.993E-05 9.993E-05 0.999201 9.993E-05 9.993E-05 9.993E-05
0.0221594 0.114569 0.00980214 0.131324 0.200769 0.217561 0.104793 0.0610446 0.137978
9.99641E-05 0.00428996 9.99641E-05 0.0130324 0.0254489 0.93949 0.0173392 9.99641E-05 9.99641E-05
9.99549E-05 9.99549E-05 0.0129215 0.033016 9.99549E-05 0.911446 9.99549E-05 9.99549E-05 0.0421164
9.9955E-05 0.033798 9.9955E-05 0.0463986 0.013717 0.905587 9.9955E-05 9.9955E-05 9.9955E-05
0.00656822 0.0310701 0.0152771 0.0107693 9.9964E-05 0.935916 9.9964E-05 9.9964E-05 9.9964E-05
9.99641E-05 0.0270449 0.0429739 9.99641E-05 9.99641E-05 0.882124 0.0251161 9.99641E-05 0.0223415
9.993E-05 9.993E-05 9.993E-05 9.993E-05 9.993E-05 0.975556 9.993E-05 9.993E-05 0.023744
9.99462E-05 0.343907 9.99462E-05 0.247182 9.99462E-05 0.408311 9.99462E-05 9.99462E-05 9.99462E-05
9.99552E-05 0.439155 9.99552E-05 0.0802613 0.0666601 0.413424 9.99552E-05 9.99552E-05 9.99552E-05
9.9955E-05 9.9955E-05 0.00719488 0.00434342 9.9955E-05 0.955833 0.032129 9.9955E-05 9.9955E-05
9.9973E-05 0.127597 0.00538709 9.9973E-05 0.0865149 0.0725121 0.680711 0.0269781 9.9973E-05
9.9982E-05 0.122565 0.0175664 0.0245711 0.0998478 0.0582051 0.670716 0.00632885 9.9982E-05
9.993E-05 9.993E-05 0.00304644 9.993E-05 9.993E-05 9.993E-05 9.993E-05 0.996254 9.993E-05
9.993E-05 9.993E-05 9.993E-05 9.993E-05 9.993E-05 9.993E-05 9.993E-05 0.999201 9.993E-05
9.9946E-05 9.9946E-05 9.9946E-05 0.0167065 9.9946E-05 0.00169808 0.980996 9.9946E-05 9.9946E-05
9.9937E-05 9.9937E-05 9.9937E-05 9.9937E-05 0.0294243 9.9937E-05 0.969876 9.9937E-05 9.9937E-05
9.99461E-05 9.99461E-05 9.99461E-05 0.0122471 9.99461E-05 9.99461E-05 9.99461E-05 0.978067 0.00908617
9.993E-05 9.993E-05 9.993E-05 9.993E-05 9.993E-05 9.993E-05 9.993E-05 0.999201 9.993E-05
9.99459E-05 9.99459E-05 0.949206 0.000572825 0.0496214 9.99459E-05 9.99459E-05 9.99459E-05 9.99459E-05
0.0564642 0.123239 9.9955E-05 9.9955E-05 0.234087 9.9955E-05 0.585709 9.9955E-05 9.9955E-05
9.99458E-05 0.777828 0.0633137 0.158259 9.99458E-05 9.99458E-05 9.99458E-05 9.99458E-05 9.99458E-05
0.0743323 9.99641E-05 9.99641E-05 9.99641E-05 0.140044 9.99641E-05 0.0956973 0.0295715 0.659955
0.00615965 9.99641E-05 0.0852589 9.99641E-05 0.256901 9.99641E-05 9.99641E-05 0.119805 0.531475
0.0185047 0.200304 9.99552E-05 0.199271 9.99552E-05 0.581421 9.99552E-05 9.99552E-05 9.99552E-05
