9.98648E-05 9.98648E-05 9.98648E-05 0.0504057 9.98648E-05 0.948096 9.98648E-05 9.98648E-05 9.98648E-05 9.98648E-05 9.98648E-05 9.98648E-05 9.98648E-05 9.98648E-05 9.98648E-05 9.98648E-05 9.98648E-05
9.98829E-05 9.98829E-05 9.98829E-05 9.98829E-05 9.98829E-05 9.98829E-05 0.086269 9.98829E-05 9.98829E-05 9.98829E-05 0.168872 0.702114 9.98829E-05 9.98829E-05 9.98829E-05 9.98829E-05 0.0414466
9.98561E-05 9.98561E-05 9.98561E-05 9.98561E-05 9.98561E-05 9.98561E-05 9.98561E-05 9.98561E-05 9.98561E-05 9.98561E-05 9.98561E-05 9.98561E-05 9.98561E-05 0.998402 9.98561E-05 9.98561E-05 9.98561E-05
9.98921E-05 9.98921E-05 9.98921E-05 0.0114445 0.0355513 9.98921E-05 0.908318 9.98921E-05 9.98921E-05 9.98921E-05 9.98921E-05 9.98921E-05 0.0258096 0.017678 9.98921E-05 9.98921E-05 9.98921E-05
0.0669385 9.99551E-05 0.00582306 0.10529 9.99551E-05 0.0153477 0.246622 9.99551E-05 9.99551E-05 0.161025 0.0249379 0.0625849 0.111372 0.0569494 0.104768 0.0378415 9.99551E-05
9.98921E-05 9.98921E-05 9.98921E-05 9.98921E-05 9.98921E-05 9.98921E-05 0.880814 9.98921E-05 9.98921E-05 9.98921E-05 0.00811223 9.98921E-05 0.0610571 0.0244658 9.98921E-05 0.0243522 9.98921E-05
9.98562E-05 9.98562E-05 9.98562E-05 9.98562E-05 9.98562E-05 9.98562E-05 9.98562E-05 9.98562E-05 9.98562E-05 0.998402 9.98562E-05 9.98562E-05 9.98562E-05 9.98562E-05 9.98562E-05 9.98562E-05 9.98562E-05
0.0687889 9.99189E-05 0.460011 0.0987623 0.00661772 9.99189E-05 0.0616078 9.99189E-05 9.99189E-05 9.99189E-05 9.99189E-05 0.0780093 0.191516 0.0337879 9.99189E-05 9.99189E-05 9.99189E-05
9.98651E-05 9.98651E-05 9.98651E-05 9.98651E-05 9.98651E-05 9.98651E-05 9.98651E-05 9.98651E-05 9.98651E-05 0.943492 9.98651E-05 0.0550095 9.98651E-05 9.98651E-05 9.98651E-05 9.98651E-05 9.98651E-05
9.9865E-05 9.9865E-05 9.9865E-05 0.896044 9.9865E-05 9.9865E-05 9.9865E-05 9.9865E-05 9.9865E-05 0.102458 9.9865E-05 9.9865E-05 9.9865E-05 9.9865E-05 9.9865E-05 9.9865E-05 9.9865E-05
9.9865E-05 9.9865E-05 9.9865E-05 0.89404 9.9865E-05 9.9865E-05 9.9865E-05 9.9865E-05 9.9865E-05 0.104462 9.9865E-05 9.9865E-05 9.9865E-05 9.9865E-05 9.9865E-05 9.9865E-05 9.9865E-05
9.991E-05 0.0798763 9.991E-05 9.991E-05 0.123953 0.67969 0.00715076 9.991E-05 9.991E-05 0.0150426 9.991E-05 9.991E-05 9.991E-05 0.0260479 9.991E-05 0.0672398 9.991E-05
9.98744E-05 0.968067 0.025298 9.98744E-05 9.98744E-05 9.98744E-05 9.98744E-05 9.98744E-05 9.98744E-05 0.00523629 9.98744E-05 9.98744E-05 9.98744E-05 9.98744E-05 9.98744E-05 9.98744E-05 9.98744E-05
9.98922E-05 9.98922E-05 9.98922E-05 9.98922E-05 9.98922E-05 9.98922E-05 0.897185 9.98922E-05 9.98922E-05 9.98922E-05 0.0104958 0.0212872 9.98922E-05 9.98922E-05 0.0224157 0.0474174 9.98922E-05
9.98743E-05 9.98743E-05 9.98743E-05 9.98743E-05 9.98743E-05 0.0109951 0.895923 9.98743E-05 9.98743E-05 9.98743E-05 0.091684 9.98743E-05 9.98743E-05 9.98743E-05 9.98743E-05 9.98743E-05 9.98743E-05
9.98829E-05 0.0865748 9.98829E-05 0.0605875 9.98829E-05 9.98829E-05 9.98829E-05 9.98829E-05 0.745911 9.98829E-05 9.98829E-05 9.98829E-05 9.98829E-05 9.98829E-05 9.98829E-05 0.105628 9.98829E-05
9.9865E-05 9.9865E-05 9.9865E-05 0.0537482 9.9865E-05 9.9865E-05 9.9865E-05 9.9865E-05 9.9865E-05 9.9865E-05 9.9865E-05 9.9865E-05 9.9865E-05 9.9865E-05 9.9865E-05 9.9865E-05 0.944754
9.99189E-05 9.99189E-05 9.99189E-05 0.0409423 9.99189E-05 0.013452 9.99189E-05 0.682736 0.0714755 0.00926375 0.0984601 0.0607729 9.99189E-05 0.0219985 9.99189E-05 9.99189E-05 9.99189E-05
9.9874E-05 0.00314639 9.9874E-05 9.9874E-05 0.0902339 9.9874E-05 9.9874E-05 0.905221 9.9874E-05 9.9874E-05 9.9874E-05 9.9874E-05 9.9874E-05 9.9874E-05 9.9874E-05 9.9874E-05 9.9874E-05
9.99008E-05 9.99008E-05 9.99008E-05 0.456173 0.003733 0.0776483 9.99008E-05 9.99008E-05 0.290748 9.99008E-05 9.99008E-05 9.99008E-05 9.99008E-05 9.99008E-05 9.99008E-05 0.164617 0.00598084
9.98562E-05 9.98562E-05 9.98562E-05 9.98562E-05 9.98562E-05 9.98562E-05 9.98562E-05 0.998402 9.98562E-05 9.98562E-05 9.98562E-05 9.98562E-05 9.98562E-05 9.98562E-05 9.98562E-05 9.98562E-05 9.98562E-05
9.9892E-05 0.0655037 9.9892E-05 9.9892E-05 9.9892E-05 0.486384 9.9892E-05 9.9892E-05 0.161966 9.9892E-05 0.25116 9.9892E-05 9.9892E-05 9.9892E-05 9.9892E-05 9.9892E-05 0.0337883
9.99011E-05 9.99011E-05 9.99011E-05 0.18882 0.145524 9.99011E-05 9.99011E-05 0.351511 9.99011E-05 9.99011E-05 9.99011E-05 9.99011E-05 9.99011E-05 9.99011E-05 0.0207982 0.0415307 0.250717
9.98829E-05 9.98829E-05 9.98829E-05 9.98829E-05 0.0214266 9.98829E-05 9.98829E-05 0.866414 9.98829E-05 9.98829E-05 9.98829E-05 9.98829E-05 9.98829E-05 9.98829E-05 9.98829E-05 0.102965 0.00789621
0.0155691 9.98833E-05 0.0192224 9.98833E-05 9.98833E-05 9.98833E-05 0.960116 9.98833E-05 9.98833E-05 0.00379376 9.98833E-05 9.98833E-05 9.98833E-05 9.98833E-05 9.98833E-05 9.98833E-05 9.98833E-05
9.98653E-05 9.98653E-05 9.98653E-05 9.98653E-05 9.98653E-05 9.98653E-05 0.967816 9.98653E-05 9.98653E-05 9.98653E-05 9.98653E-05 9.98653E-05 9.98653E-05 0.0306862 9.98653E-05 9.98653E-05 9.98653E-05
9.99009E-05 0.826143 9.99009E-05 0.0532309 0.0475846 0.0273029 9.99009E-05 9.99009E-05 0.00885452 9.99009E-05 9.99009E-05 9.99009E-05 9.99009E-05 9.99009E-05 9.99009E-05 9.99009E-05 0.0357849
0.0658969 9.98741E-05 9.98741E-05 9.98741E-05 9.98741E-05 9.98741E-05 0.919527 9.98741E-05 9.98741E-05 0.0131774 9.98741E-05 9.98741E-05 9.98741E-05 9.98741E-05 9.98741E-05 9.98741E-05 9.98741E-05
0.0684968 9.98831E-05 0.00306608 9.98831E-05 9.98831E-05 9.98831E-05 0.906593 9.98831E-05 0.0205459 9.98831E-05 9.98831E-05 9.98831E-05 9.98831E-05 9.98831E-05 9.98831E-05 9.98831E-05 9.98831E-05
0.0852144 9.98924E-05 9.98924E-05 9.98924E-05 9.98924E-05 0.013685 0.375552 9.98924E-05 9.98924E-05 9.98924E-05 9.98924E-05 9.98924E-05 0.518664 0.0056853 9.98924E-05 9.98924E-05 9.98924E-05
9.98649E-05 9.98649E-05 9.98649E-05 9.98649E-05 9.98649E-05 9.98649E-05 0.00133912 9.98649E-05 9.98649E-05 9.98649E-05 9.98649E-05 9.98649E-05 0.997163 9.98649E-05 9.98649E-05 9.98649E-05 9.98649E-05
9.98564E-05 9.98564E-05 9.98564E-05 9.98564E-05 9.98564E-05 9.98564E-05 9.98564E-05 9.98564E-05 9.98564E-05 9.98564E-05 9.98564E-05 0.998402 9.98564E-05 9.98564E-05 9.98564E-05 9.98564E-05 9.98564E-05
9.98743E-05 9.98743E-05 0.187958 9.98743E-05 9.98743E-05 9.98743E-05 0.809784 9.98743E-05 9.98743E-05 9.98743E-05 9.98743E-05 9.98743E-05 9.98743E-05 9.98743E-05 9.98743E-05 9.98743E-05 0.000859986
0.728534 9.99192E-05 0.208365 0.00206934 9.99192E-05 0.00449938 9.99192E-05 9.99192E-05 9.99192E-05 9.99192E-05 9.99192E-05 0.0195277 0.00229647 0.0307445 9.99192E-05 9.99192E-05 0.00306434
9.99187E-05 0.564952 9.99187E-05 0.0105576 0.095789 0.0243512 9.99187E-05 9.99187E-05 9.99187E-05 9.99187E-05 0.0215335 9.99187E-05 0.0439867 9.99187E-05 9.99187E-05 0.0231161 0.214815
9.99009E-05 9.99009E-05 0.0163942 9.99009E-05 9.99009E-05 9.99009E-05 0.928855 9.99009E-05 9.99009E-05 0.00917179 9.99009E-05 9.99009E-05 0.0104567 9.99009E-05 9.99009E-05 0.0288012 0.00522181
9.98831E-05 9.98831E-05 0.0335757 9.98831E-05 9.98831E-05 0.938105 9.98831E-05 9.98831E-05 9.98831E-05 9.98831E-05 9.98831E-05 9.98831E-05 9.98831E-05 0.00973221 9.98831E-05 9.98831E-05 0.0172887
9.99008E-05 9.99008E-05 0.0474518 0.450312 9.99008E-05 0.0927389 9.99008E-05 9.99008E-05 9.99008E-05 9.99008E-05 0.1373 0.176631 9.99008E-05 9.99008E-05 9.99008E-05 9.99008E-05 0.094467
9.98502E-05 9.98502E-05 0.0242642 9.98502E-05 9.98502E-05 9.98502E-05 9.98502E-05 9.98502E-05 9.98502E-05 9.98502E-05 9.98502E-05 9.98502E-05 9.98502E-05 9.98502E-05 9.98502E-05 9.98502E-05 0.974238
9.98559E-05 9.98559E-05 9.98559E-05 9.98559E-05 9.98559E-05 9.98559E-05 9.98559E-05 9.98559E-05 9.98559E-05 9.98559E-05 0.998402 9.98559E-05 9.98559E-05 9.98559E-05 9.98559E-05 9.98559E-05 9.98559E-05
9.98559E-05 9.98559E-05 9.98559E-05 9.98559E-05 9.98559E-05 9.98559E-05 9.98559E-05 9.98559E-05 9.98559E-05 9.98559E-05 0.998402 9.98559E-05 9.98559E-05 9.98559E-05 9.98559E-05 9.98559E-05 9.98559E-05
9.98919E-05 0.00140913 9.98919E-05 0.777637 9.98919E-05 0.0604837 9.98919E-05 9.98919E-05 9.98919E-05 9.98919E-05 0.15706 9.98919E-05 9.98919E-05 9.98919E-05 9.98919E-05 9.98919E-05 0.0022108
9.98901E-05 0.0206738 9.98901E-05 0.00620775 9.98901E-05 0.0247538 9.98901E-05 0.0245182 0.845944 0.076804 9.98901E-05 9.98901E-05 9.98901E-05 9.98901E-05 9.98901E-05 9.98901E-05 9.98901E-05
9.99009E-05 9.99009E-05 9.99009E-05 0.893125 9.99009E-05 0.0105565 9.99009E-05 9.99009E-05 0.0270693 9.99009E-05 9.99009E-05 9.99009E-05 0.0158981 9.99009E-05 9.99009E-05 0.0501487 0.00210344
9.991E-05 0.0995482 9.991E-05 0.16241 0.0786107 9.991E-05 9.991E-05 0.0847294 9.991E-05 9.991E-05 0.449605 0.006288 9.991E-05 9.991E-05 9.991E-05 0.11781 9.991E-05
9.99101E-05 9.99101E-05 0.0440497 0.225836 9.99101E-05 0.027766 9.99101E-05 9.99101E-05 0.0290978 9.99101E-05 0.530472 9.99101E-05 0.0203965 9.99101E-05 9.99101E-05 0.121383 9.99101E-05
0.0125717 0.102942 9.99279E-05 0.175517 9.99279E-05 0.194799 9.99279E-05 9.99279E-05 9.99279E-05 0.0165572 0.0368876 9.99279E-05 0.152572 9.99279E-05 9.99279E-05 0.214625 0.0927296
9.98659E-05 9.98659E-05 9.98659E-05 9.98659E-05 9.98659E-05 0.968164 9.98659E-05 0.0303377 9.98659E-05 9.98659E-05 9.98659E-05 9.98659E-05 9.98659E-05 9.98659E-05 9.98659E-05 9.98659E-05 9.98659E-05
0.998402 9.98562E-05 9.98562E-05 9.98562E-05 9.98562E-05 9.98562E-05 9.98562E-05 9.98562E-05 9.98562E-05 9.98562E-05 9.98562E-05 9.98562E-05 9.98562E-05 9.98562E-05 9.98562E-05 9.98562E-05 9.98562E-05
0.990566 9.98742E-05 9.98742E-05 9.98742E-05 9.98742E-05 9.98742E-05 9.98742E-05 0.00541876 9.98742E-05 9.98742E-05 0.00261652 9.98742E-05 9.98742E-05 9.98742E-05 9.98742E-05 9.98742E-05 9.98742E-05
0.978944 9.98832E-05 9.98832E-05 0.0169195 9.98832E-05 9.98832E-05 9.98832E-05 9.98832E-05 0.00135339 9.98832E-05 9.98832E-05 9.98832E-05 9.98832E-05 9.98832E-05 0.00148505 9.98832E-05 9.98832E-05
0.998402 9.98563E-05 9.98563E-05 9.98563E-05 9.98563E-05 9.98563E-05 9.98563E-05 9.98563E-05 9.98563E-05 9.98563E-05 9.98563E-05 9.98563E-05 9.98563E-05 9.98563E-05 9.98563E-05 9.98563E-05 9.98563E-05
0.998402 9.98562E-05 9.98562E-05 9.98562E-05 9.98562E-05 9.98562E-05 9.98562E-05 9.98562E-05 9.98562E-05 9.98562E-05 9.98562E-05 9.98562E-05 9.98562E-05 9.98562E-05 9.98562E-05 9.98562E-05 9.98562E-05
0.391667 9.99282E-05 0.187224 9.99282E-05 9.99282E-05 9.99282E-05 9.99282E-05 0.0119513 0.0762582 0.0795212 0.0204419 0.00697507 0.192098 0.0330631 9.99282E-05 9.99282E-05 9.99282E-05
0.919622 9.98742E-05 9.98742E-05 9.98742E-05 9.98742E-05 0.00516637 9.98742E-05 9.98742E-05 9.98742E-05 9.98742E-05 9.98742E-05 0.0738137 9.98742E-05 9.98742E-05 9.98742E-05 9.98742E-05 9.98742E-05
9.98738E-05 9.98738E-05 9.98738E-05 9.98738E-05 9.98738E-05 0.792468 9.98738E-05 9.98738E-05 0.134693 9.98738E-05 9.98738E-05 9.98738E-05 9.98738E-05 9.98738E-05 9.98738E-05 0.0714401 9.98738E-05
0.0507379 0.00752145 9.99009E-05 9.99009E-05 0.00907552 9.99009E-05 9.99009E-05 9.99009E-05 0.00214488 0.0545484 9.99009E-05 0.874873 9.99009E-05 9.99009E-05 9.99009E-05 9.99009E-05 9.99009E-05
9.98829E-05 9.98829E-05 9.98829E-05 9.98829E-05 9.98829E-05 9.98829E-05 0.976267 9.98829E-05 9.98829E-05 9.98829E-05 0.00412753 9.98829E-05 9.98829E-05 9.98829E-05 9.98829E-05 0.0160771 0.00222955
0.00506899 0.829603 9.99011E-05 9.99011E-05 0.0237058 9.99011E-05 9.99011E-05 9.99011E-05 0.0233564 0.025334 0.0918332 9.99011E-05 9.99011E-05 9.99011E-05 9.99011E-05 9.99011E-05 9.99011E-05
9.98744E-05 0.0263486 9.98744E-05 9.98744E-05 9.98744E-05 9.98744E-05 9.98744E-05 9.98744E-05 0.900089 9.98744E-05 9.98744E-05 9.98744E-05 9.98744E-05 9.98744E-05 9.98744E-05 0.0721642 9.98744E-05
9.98834E-05 0.960798 0.0182193 9.98834E-05 9.98834E-05 9.98834E-05 9.98834E-05 9.98834E-05 9.98834E-05 0.0195078 9.98834E-05 9.98834E-05 9.98834E-05 0.000176414 9.98834E-05 9.98834E-05 9.98834E-05
9.98829E-05 0.875677 9.98829E-05 0.098147 9.98829E-05 0.00574342 9.98829E-05 9.98829E-05 9.98829E-05 9.98829E-05 9.98829E-05 0.0191344 9.98829E-05 9.98829E-05 9.98829E-05 9.98829E-05 9.98829E-05
9.98919E-05 0.821753 9.98919E-05 0.125459 0.0398268 9.98919E-05 9.98919E-05 0.000816545 9.98919E-05 9.98919E-05 9.98919E-05 9.98919E-05 9.98919E-05 9.98919E-05 9.98919E-05 0.010946 9.98919E-05
9.98654E-05 9.98654E-05 9.98654E-05 9.98654E-05 9.98654E-05 0.106808 9.98654E-05 0.891694 9.98654E-05 9.98654E-05 9.98654E-05 9.98654E-05 9.98654E-05 9.98654E-05 9.98654E-05 9.98654E-05 9.98654E-05
9.98657E-05 9.98657E-05 9.98657E-05 9.98657E-05 9.98657E-05 9.98657E-05 0.933559 9.98657E-05 9.98657E-05 9.98657E-05 9.98657E-05 9.98657E-05 9.98657E-05 0.064943 9.98657E-05 9.98657E-05 9.98657E-05
9.98561E-05 9.98561E-05 9.98561E-05 9.98561E-05 9.98561E-05 9.98561E-05 9.98561E-05 9.98561E-05 9.98561E-05 9.98561E-05 9.98561E-05 9.98561E-05 9.98561E-05 9.98561E-05 0.998402 9.98561E-05 9.98561E-05
9.98923E-05 0.00753335 0.0944249 9.98923E-05 9.98923E-05 9.98923E-05 0.738807 9.98923E-05 0.00212616 9.98923E-05 9.98923E-05 9.98923E-05 9.98923E-05 0.15591 9.98923E-05 9.98923E-05 9.98923E-05
0.00963256 9.9919E-05 9.9919E-05 9.9919E-05 9.9919E-05 9.9919E-05 0.886677 9.9919E-05 9.9919E-05 0.00560192 0.00775532 9.9919E-05 0.0279606 0.00260879 0.0356302 9.9919E-05 0.0232346
0.0633534 9.9892E-05 0.0548733 9.9892E-05 9.9892E-05 9.9892E-05 0.821273 9.9892E-05 0.0554472 9.9892E-05 9.9892E-05 9.9892E-05 0.00385408 9.9892E-05 9.9892E-05 9.9892E-05 9.9892E-05
0.0156905 9.98922E-05 0.0488114 9.98922E-05 9.98922E-05 9.98922E-05 0.872579 9.98922E-05 0.0569541 9.98922E-05 9.98922E-05 0.00476577 9.98922E-05 9.98922E-05 9.98922E-05 9.98922E-05 9.98922E-05
9.98922E-05 9.98922E-05 9.98922E-05 0.020271 9.98922E-05 0.00727912 0.711153 9.98922E-05 9.98922E-05 9.98922E-05 0.0145957 9.98922E-05 0.245503 9.98922E-05 9.98922E-05 9.98922E-05 9.98922E-05
9.9883E-05 9.9883E-05 0.019911 9.9883E-05 9.9883E-05 9.9883E-05 0.930282 9.9883E-05 9.9883E-05 9.9883E-05 9.9883E-05 9.9883E-05 9.9883E-05 9.9883E-05 9.9883E-05 0.0429942 0.00551474
0.0450052 9.9865E-05 0.953497 9.9865E-05 9.9865E-05 9.9865E-05 9.9865E-05 9.9865E-05 9.9865E-05 9.9865E-05 9.9865E-05 9.9865E-05 9.9865E-05 9.9865E-05 9.9865E-05 9.9865E-05 9.9865E-05
9.98651E-05 0.00360552 0.994896 9.98651E-05 9.98651E-05 9.98651E-05 9.98651E-05 9.98651E-05 9.98651E-05 9.98651E-05 9.98651E-05 9.98651E-05 9.98651E-05 9.98651E-05 9.98651E-05 9.98651E-05 9.98651E-05
0.0476454 9.99012E-05 9.99012E-05 0.00211154 9.99012E-05 9.99012E-05 0.876248 9.99012E-05 0.0266628 9.99012E-05 0.00480678 9.99012E-05 9.99012E-05 0.0414266 9.99012E-05 9.99012E-05 9.99012E-05
0.00230534 9.9919E-05 9.9919E-05 9.9919E-05 0.000578326 9.9919E-05 0.0310894 9.9919E-05 0.945823 9.9919E-05 0.00137998 9.9919E-05 0.00146275 9.9919E-05 0.0123386 9.9919E-05 0.00412325
0.0096433 9.9874E-05 0.0175748 9.9874E-05 9.9874E-05 9.9874E-05 9.9874E-05 9.9874E-05 0.971384 9.9874E-05 9.9874E-05 9.9874E-05 9.9874E-05 9.9874E-05 9.9874E-05 9.9874E-05 9.9874E-05
9.98562E-05 9.98562E-05 9.98562E-05 9.98562E-05 0.998402 9.98562E-05 9.98562E-05 9.98562E-05 9.98562E-05 9.98562E-05 9.98562E-05 9.98562E-05 9.98562E-05 9.98562E-05 9.98562E-05 9.98562E-05 9.98562E-05
9.98653E-05 9.98653E-05 9.98653E-05 9.98653E-05 0.99796 9.98653E-05 9.98653E-05 9.98653E-05 9.98653E-05 9.98653E-05 9.98653E-05 9.98653E-05 9.98653E-05 0.000542184 9.98653E-05 9.98653E-05 9.98653E-05
9.98919E-05 0.0231495 9.98919E-05 0.606997 9.98919E-05 9.98919E-05 9.98919E-05 9.98919E-05 0.053546 9.98919E-05 0.258672 0.0564364 9.98919E-05 9.98919E-05 9.98919E-05 9.98919E-05 9.98919E-05
9.98919E-05 0.0463403 9.98919E-05 0.590598 9.98919E-05 9.98919E-05 9.98919E-05 9.98919E-05 0.0807567 9.98919E-05 0.24102 0.0400861 9.98919E-05 9.98919E-05 9.98919E-05 9.98919E-05 9.98919E-05
9.98743E-05 9.98743E-05 0.0156885 9.98743E-05 0.972858 9.98743E-05 9.98743E-05 9.98743E-05 9.98743E-05 9.98743E-05 9.98743E-05 9.98743E-05 9.98743E-05 9.98743E-05 9.98743E-05 9.98743E-05 0.0100555
9.98742E-05 9.98742E-05 9.98742E-05 9.98742E-05 0.988471 0.000663596 9.98742E-05 9.98742E-05 9.98742E-05 9.98742E-05 0.00946715 9.98742E-05 9.98742E-05 9.98742E-05 9.98742E-05 9.98742E-05 9.98742E-05
0.00576401 0.0340626 9.98919E-05 9.98919E-05 9.98919E-05 0.942276 9.98919E-05 9.98919E-05 0.00224231 0.0144562 9.98919E-05 9.98919E-05 9.98919E-05 9.98919E-05 9.98919E-05 9.98919E-05 9.98919E-05
9.98919E-05 0.0802112 9.98919E-05 9.98919E-05 9.98919E-05 9.98919E-05 9.98919E-05 0.0014666 0.0358116 0.151486 0.729826 9.98919E-05 9.98919E-05 9.98919E-05 9.98919E-05 9.98919E-05 9.98919E-05
0.031805 9.9883E-05 9.9883E-05 9.9883E-05 9.9883E-05 9.9883E-05 9.9883E-05 9.9883E-05 9.9883E-05 0.0507282 9.9883E-05 0.897207 0.0189609 9.9883E-05 9.9883E-05 9.9883E-05 9.9883E-05
9.98651E-05 9.98651E-05 0.00686684 9.98651E-05 9.98651E-05 9.98651E-05 9.98651E-05 9.98651E-05 9.98651E-05 9.98651E-05 9.98651E-05 9.98651E-05 9.98651E-05 9.98651E-05 9.98651E-05 0.991635 9.98651E-05
9.98921E-05 0.00832876 9.98921E-05 9.98921E-05 9.98921E-05 0.0298241 9.98921E-05 9.98921E-05 0.032294 9.98921E-05 9.98921E-05 9.98921E-05 9.98921E-05 9.98921E-05 9.98921E-05 0.876855 0.0514995
9.98561E-05 9.98561E-05 9.98561E-05 9.98561E-05 9.98561E-05 9.98561E-05 9.98561E-05 9.98561E-05 9.98561E-05 9.98561E-05 9.98561E-05 9.98561E-05 0.998402 9.98561E-05 9.98561E-05 9.98561E-05 9.98561E-05
