9.98649E-05 9.98649E-05 9.98649E-05 0.951801 9.98649E-05 9.98649E-05 0.00162482 9.98649E-05 9.98649E-05 0.00475986 9.98649E-05 9.98649E-05 9.98649E-05 0.0216884 9.98649E-05 0.0186281 9.98649E-05 9.98649E-05 9.98649E-05 9.98649E-05
0.0022951 0.129091 9.98649E-05 9.98649E-05 9.98649E-05 9.98649E-05 9.98649E-05 0.0276203 9.98649E-05 9.98649E-05 0.657779 9.98649E-05 9.98649E-05 9.98649E-05 0.181717 9.98649E-05 9.98649E-05 9.98649E-05 9.98649E-05 9.98649E-05
0.306616 0.483641 9.9884E-05 9.9884E-05 9.9884E-05 0.0778705 9.9884E-05 9.9884E-05 0.0656054 9.9884E-05 9.9884E-05 9.9884E-05 9.9884E-05 9.9884E-05 9.9884E-05 0.0370344 9.9884E-05 0.00579643 0.0221377 9.9884E-05
9.9856E-05 0.874619 9.9856E-05 9.9856E-05 9.9856E-05 0.0445836 9.9856E-05 9.9856E-05 9.9856E-05 9.9856E-05 9.9856E-05 9.9856E-05 9.9856E-05 9.9856E-05 9.9856E-05 0.0319386 9.9856E-05 9.9856E-05 0.0472609 9.9856E-05
0.0237304 0.400223 0.101542 9.98833E-05 9.98833E-05 9.98833E-05 0.256941 9.98833E-05 9.98833E-05 9.98833E-05 0.137888 9.98833E-05 9.98833E-05 9.98833E-05 9.98833E-05 9.98833E-05 0.0370117 9.98833E-05 0.0413658 9.98833E-05
9.98649E-05 0.944382 9.98649E-05 9.98649E-05 0.0202492 9.98649E-05 9.98649E-05 9.98649E-05 9.98649E-05 9.98649E-05 9.98649E-05 9.98649E-05 9.98649E-05 9.98649E-05 0.0228628 9.98649E-05 9.98649E-05 9.98649E-05 0.00728369 0.00372478
9.98293E-05 9.98293E-05 0.998103 9.98293E-05 9.98293E-05 9.98293E-05 9.98293E-05 9.98293E-05 9.98293E-05 9.98293E-05 9.98293E-05 9.98293E-05 9.98293E-05 9.98293E-05 9.98293E-05 9.98293E-05 9.98293E-05 9.98293E-05 9.98293E-05 9.98293E-05
0.455248 0.012621 9.98829E-05 9.98829E-05 9.98829E-05 9.98829E-05 0.0592896 9.98829E-05 9.98829E-05 9.98829E-05 0.123272 9.98829E-05 9.98829E-05 0.0266998 9.98829E-05 9.98829E-05 0.0695161 9.98829E-05 0.252055 9.98829E-05
9.98561E-05 9.98561E-05 0.93313 9.98561E-05 9.98561E-05 9.98561E-05 9.98561E-05 0.00402062 9.98561E-05 9.98561E-05 0.0478995 9.98561E-05 9.98561E-05 9.98561E-05 9.98561E-05 9.98561E-05 0.0133525 9.98561E-05 9.98561E-05 9.98561E-05
9.98291E-05 9.98291E-05 9.98291E-05 9.98291E-05 9.98291E-05 9.98291E-05 0.998103 9.98291E-05 9.98291E-05 9.98291E-05 9.98291E-05 9.98291E-05 9.98291E-05 9.98291E-05 9.98291E-05 9.98291E-05 9.98291E-05 9.98291E-05 9.98291E-05 9.98291E-05
9.98203E-05 9.98203E-05 9.98203E-05 9.98203E-05 9.98203E-05 9.98203E-05 0.998103 9.98203E-05 9.98203E-05 9.98203E-05 9.98203E-05 9.98203E-05 9.98203E-05 9.98203E-05 9.98203E-05 9.98203E-05 9.98203E-05 9.98203E-05 9.98203E-05 9.98203E-05
9.98741E-05 9.98741E-05 9.98741E-05 0.644581 9.98741E-05 0.0485889 9.98741E-05 0.0097102 0.105434 9.98741E-05 9.98741E-05 9.98741E-05 9.98741E-05 9.98741E-05 9.98741E-05 0.141034 9.98741E-05 9.98741E-05 9.98741E-05 0.0492544
0.0460854 9.98564E-05 0.00110671 9.98564E-05 9.98564E-05 0.00998578 9.98564E-05 9.98564E-05 0.941224 9.98564E-05 9.98564E-05 9.98564E-05 9.98564E-05 9.98564E-05 9.98564E-05 9.98564E-05 9.98564E-05 9.98564E-05 9.98564E-05 9.98564E-05
9.98741E-05 0.946331 9.98741E-05 0.00828806 0.00280538 9.98741E-05 9.98741E-05 9.98741E-05 9.98741E-05 9.98741E-05 0.00461283 0.0154839 9.98741E-05 9.98741E-05 9.98741E-05 9.98741E-05 9.98741E-05 9.98741E-05 9.98741E-05 0.0210809
9.98471E-05 0.967637 9.98471E-05 0.0152692 9.98471E-05 9.98471E-05 9.98471E-05 9.98471E-05 9.98471E-05 0.0153961 9.98471E-05 9.98471E-05 9.98471E-05 9.98471E-05 9.98471E-05 9.98471E-05 9.98471E-05 9.98471E-05 9.98471E-05 9.98471E-05
9.9865E-05 9.9865E-05 9.9865E-05 9.9865E-05 9.9865E-05 9.9865E-05 0.0383104 0.00307937 0.0947791 9.9865E-05 9.9865E-05 9.9865E-05 0.777354 9.9865E-05 9.9865E-05 9.9865E-05 9.9865E-05 9.9865E-05 9.9865E-05 0.0849791
9.98651E-05 9.98651E-05 9.98651E-05 9.98651E-05 9.98651E-05 9.98651E-05 0.0103144 0.969378 0.00100642 0.00935088 9.98651E-05 9.98651E-05 9.98651E-05 9.98651E-05 9.98651E-05 9.98651E-05 9.98651E-05 0.00845232 9.98651E-05 9.98651E-05
9.98739E-05 0.0300063 9.98739E-05 9.98739E-05 9.98739E-05 9.98739E-05 9.98739E-05 9.98739E-05 0.00100141 9.98739E-05 0.0324776 9.98739E-05 9.98739E-05 9.98739E-05 0.056391 9.98739E-05 0.020618 0.858107 9.98739E-05 9.98739E-05
9.98382E-05 9.98382E-05 9.98382E-05 9.98382E-05 9.98382E-05 9.98382E-05 9.98382E-05 9.98382E-05 9.98382E-05 9.98382E-05 9.98382E-05 0.942671 9.98382E-05 9.98382E-05 9.98382E-05 0.0555315 9.98382E-05 9.98382E-05 9.98382E-05 9.98382E-05
9.98828E-05 9.98828E-05 9.98828E-05 0.0896398 9.98828E-05 9.98828E-05 0.243814 9.98828E-05 9.98828E-05 9.98828E-05 9.98828E-05 9.98828E-05 0.296268 0.127743 0.00390742 0.0166001 9.98828E-05 9.98828E-05 9.98828E-05 0.220729
9.98383E-05 9.98383E-05 0.0111103 9.98383E-05 9.98383E-05 9.98383E-05 9.98383E-05 9.98383E-05 9.98383E-05 9.98383E-05 9.98383E-05 0.987093 9.98383E-05 9.98383E-05 9.98383E-05 9.98383E-05 9.98383E-05 9.98383E-05 9.98383E-05 9.98383E-05
9.9883E-05 9.9883E-05 9.9883E-05 0.437826 0.00337225 9.9883E-05 0.0202095 0.020351 0.0390633 9.9883E-05 9.9883E-05 9.9883E-05 0.201193 9.9883E-05 0.276687 9.9883E-05 9.9883E-05 9.9883E-05 9.9883E-05 9.9883E-05
9.98293E-05 9.98293E-05 9.98293E-05 9.98293E-05 9.98293E-05 9.98293E-05 9.98293E-05 9.98293E-05 9.98293E-05 0.998103 9.98293E-05 9.98293E-05 9.98293E-05 9.98293E-05 9.98293E-05 9.98293E-05 9.98293E-05 9.98293E-05 9.98293E-05 9.98293E-05
9.98382E-05 9.98382E-05 9.98382E-05 9.98382E-05 9.98382E-05 9.98382E-05 9.98382E-05 9.98382E-05 9.98382E-05 0.0062631 9.98382E-05 9.98382E-05 9.98382E-05 9.98382E-05 9.98382E-05 9.98382E-05 9.98382E-05 0.99194 9.98382E-05 9.98382E-05
0.0130658 0.447632 9.98474E-05 9.98474E-05 9.98474E-05 0.537604 9.98474E-05 9.98474E-05 9.98474E-05 9.98474E-05 9.98474E-05 9.98474E-05 9.98474E-05 9.98474E-05 9.98474E-05 9.98474E-05 9.98474E-05 9.98474E-05 9.98474E-05 9.98474E-05
9.98384E-05 0.856978 9.98384E-05 9.98384E-05 9.98384E-05 0.141224 9.98384E-05 9.98384E-05 9.98384E-05 9.98384E-05 9.98384E-05 9.98384E-05 9.98384E-05 9.98384E-05 9.98384E-05 9.98384E-05 9.98384E-05 9.98384E-05 9.98384E-05 9.98384E-05
9.98828E-05 9.98828E-05 9.98828E-05 0.0464113 9.98828E-05 9.98828E-05 0.01026 0.0512314 0.774814 9.98828E-05 9.98828E-05 9.98828E-05 0.0134395 0.0641115 9.98828E-05 0.0384341 9.98828E-05 9.98828E-05 9.98828E-05 9.98828E-05
9.98383E-05 9.98383E-05 9.98383E-05 9.98383E-05 9.98383E-05 0.984948 9.98383E-05 9.98383E-05 9.98383E-05 9.98383E-05 9.98383E-05 9.98383E-05 9.98383E-05 9.98383E-05 9.98383E-05 9.98383E-05 9.98383E-05 9.98383E-05 9.98383E-05 0.0132554
9.98293E-05 9.98293E-05 9.98293E-05 9.98293E-05 9.98293E-05 0.998103 9.98293E-05 9.98293E-05 9.98293E-05 9.98293E-05 9.98293E-05 9.98293E-05 9.98293E-05 9.98293E-05 9.98293E-05 9.98293E-05 9.98293E-05 9.98293E-05 9.98293E-05 9.98293E-05
9.98653E-05 0.206241 9.98653E-05 9.98653E-05 0.0239262 0.144665 9.98653E-05 9.98653E-05 9.98653E-05 9.98653E-05 9.98653E-05 9.98653E-05 9.98653E-05 9.98653E-05 9.98653E-05 9.98653E-05 0.13008 9.98653E-05 0.493589 9.98653E-05
9.98468E-05 0.0590831 9.98468E-05 9.98468E-05 9.98468E-05 9.98468E-05 9.98468E-05 9.98468E-05 9.98468E-05 9.98468E-05 9.98468E-05 9.98468E-05 9.98468E-05 9.98468E-05 9.98468E-05 9.98468E-05 9.98468E-05 9.98468E-05 0.937861 0.00135878
9.98295E-05 9.98295E-05 9.98295E-05 9.98295E-05 9.98295E-05 9.98295E-05 9.98295E-05 9.98295E-05 9.98295E-05 9.98295E-05 0.998103 9.98295E-05 9.98295E-05 9.98295E-05 9.98295E-05 9.98295E-05 9.98295E-05 9.98295E-05 9.98295E-05 9.98295E-05
0.183777 0.626566 9.98562E-05 9.98562E-05 9.98562E-05 0.183054 9.98562E-05 9.98562E-05 9.98562E-05 9.98562E-05 9.98562E-05 9.98562E-05 9.98562E-05 9.98562E-05 0.00500495 9.98562E-05 9.98562E-05 9.98562E-05 9.98562E-05 9.98562E-05
0.230095 9.98653E-05 9.98653E-05 9.98653E-05 9.98653E-05 0.00638635 9.98653E-05 9.98653E-05 9.98653E-05 9.98653E-05 9.98653E-05 9.98653E-05 9.98653E-05 0.0239467 9.98653E-05 9.98653E-05 0.725108 9.98653E-05 0.0129663 9.98653E-05
9.98917E-05 9.98917E-05 9.98917E-05 0.0376634 9.98917E-05 9.98917E-05 0.0541576 0.268545 0.465664 9.98917E-05 9.98917E-05 9.98917E-05 9.98917E-05 9.98917E-05 0.0194406 0.0991034 9.98917E-05 9.98917E-05 0.0359531 0.0182742
0.0135181 0.396411 9.98739E-05 9.98739E-05 9.98739E-05 0.556246 9.98739E-05 0.0012208 9.98739E-05 9.98739E-05 9.98739E-05 9.98739E-05 9.98739E-05 9.98739E-05 0.00484492 9.98739E-05 9.98739E-05 9.98739E-05 9.98739E-05 0.0263603
0.0501925 9.98471E-05 9.98471E-05 0.918807 9.98471E-05 9.98471E-05 9.98471E-05 0.0293032 9.98471E-05 9.98471E-05 9.98471E-05 9.98471E-05 9.98471E-05 9.98471E-05 9.98471E-05 9.98471E-05 9.98471E-05 9.98471E-05 9.98471E-05 9.98471E-05
0.0707779 9.9883E-05 9.9883E-05 9.9883E-05 0.00458027 9.9883E-05 0.0169967 0.0739711 9.9883E-05 0.0114724 0.134402 9.9883E-05 9.9883E-05 0.686501 9.9883E-05 9.9883E-05 9.9883E-05 9.9883E-05 9.9883E-05 9.9883E-05
0.00865085 0.000325163 9.98472E-05 9.98472E-05 9.98472E-05 9.98472E-05 9.98472E-05 0.989327 9.98472E-05 9.98472E-05 9.98472E-05 9.98472E-05 9.98472E-05 9.98472E-05 9.98472E-05 9.98472E-05 9.98472E-05 9.98472E-05 9.98472E-05 9.98472E-05
9.98381E-05 0.0198949 9.98381E-05 9.98381E-05 9.98381E-05 9.98381E-05 9.98381E-05 9.98381E-05 9.98381E-05 9.98381E-05 9.98381E-05 9.98381E-05 9.98381E-05 9.98381E-05 0.978308 9.98381E-05 9.98381E-05 9.98381E-05 9.98381E-05 9.98381E-05
9.98292E-05 9.98292E-05 9.98292E-05 9.98292E-05 9.98292E-05 9.98292E-05 9.98292E-05 9.98292E-05 9.98292E-05 9.98292E-05 9.98292E-05 9.98292E-05 9.98292E-05 9.98292E-05 0.998103 9.98292E-05 9.98292E-05 9.98292E-05 9.98292E-05 9.98292E-05
9.98739E-05 9.98739E-05 9.98739E-05 0.0106229 9.98739E-05 9.98739E-05 0.396765 0.00922702 9.98739E-05 9.98739E-05 9.98739E-05 9.98739E-05 9.98739E-05 0.483086 0.0609682 9.98739E-05 9.98739E-05 9.98739E-05 9.98739E-05 0.0379323
9.9874E-05 9.9874E-05 0.0878416 0.0167893 9.9874E-05 9.9874E-05 9.9874E-05 9.9874E-05 0.00766567 9.9874E-05 9.9874E-05 9.9874E-05 0.824233 9.9874E-05 0.0212002 9.9874E-05 9.9874E-05 0.0408722 9.9874E-05 9.9874E-05
9.98648E-05 9.98648E-05 9.98648E-05 0.0426821 9.98648E-05 9.98648E-05 0.462211 9.98648E-05 9.98648E-05 9.98648E-05 9.98648E-05 9.98648E-05 9.98648E-05 0.386653 9.98648E-05 0.00619103 9.98648E-05 9.98648E-05 9.98648E-05 0.100764
9.9883E-05 9.9883E-05 9.9883E-05 9.9883E-05 9.9883E-05 9.9883E-05 9.9883E-05 9.9883E-05 0.0779872 0.101874 9.9883E-05 9.9883E-05 9.9883E-05 0.606613 0.0214849 0.021016 9.9883E-05 0.0612577 9.9883E-05 0.108468
9.9883E-05 9.9883E-05 9.9883E-05 0.00266841 0.0529907 9.9883E-05 9.9883E-05 9.9883E-05 9.9883E-05 9.9883E-05 9.9883E-05 9.9883E-05 0.0724956 0.576564 0.0439147 9.9883E-05 9.9883E-05 9.9883E-05 0.069125 0.180943
9.99189E-05 0.0429748 0.0436297 0.167662 0.00312714 9.99189E-05 0.0909235 0.203505 0.0457008 9.99189E-05 9.99189E-05 9.99189E-05 9.99189E-05 0.105812 9.99189E-05 9.99189E-05 0.0318111 9.99189E-05 0.0383461 0.225608
9.9857E-05 9.9857E-05 9.9857E-05 0.95854 0.0107766 9.9857E-05 9.9857E-05 9.9857E-05 9.9857E-05 0.0174657 0.0116198 9.9857E-05 9.9857E-05 9.9857E-05 9.9857E-05 9.9857E-05 9.9857E-05 9.9857E-05 9.9857E-05 9.9857E-05
9.98293E-05 9.98293E-05 9.98293E-05 9.98293E-05 9.98293E-05 9.98293E-05 9.98293E-05 9.98293E-05 9.98293E-05 9.98293E-05 9.98293E-05 9.98293E-05 9.98293E-05 9.98293E-05 9.98293E-05 9.98293E-05 0.998103 9.98293E-05 9.98293E-05 9.98293E-05
9.98383E-05 9.98383E-05 9.98383E-05 9.98383E-05 0.000879389 9.98383E-05 9.98383E-05 9.98383E-05 9.98383E-05 9.98383E-05 9.98383E-05 9.98383E-05 9.98383E-05 9.98383E-05 9.98383E-05 9.98383E-05 0.997324 9.98383E-05 9.98383E-05 9.98383E-05
9.98472E-05 9.98472E-05 9.98472E-05 9.98472E-05 9.98472E-05 9.98472E-05 0.0332856 9.98472E-05 9.98472E-05 9.98472E-05 9.98472E-05 9.98472E-05 9.98472E-05 9.98472E-05 9.98472E-05 9.98472E-05 0.956976 0.00804065 9.98472E-05 9.98472E-05
9.98473E-05 9.98473E-05 9.98473E-05 9.98473E-05 0.00170692 9.98473E-05 9.98473E-05 9.98473E-05 9.98473E-05 9.98473E-05 9.98473E-05 9.98473E-05 9.98473E-05 9.98473E-05 9.98473E-05 9.98473E-05 0.987777 0.00881819 9.98473E-05 9.98473E-05
9.98382E-05 9.98382E-05 9.98382E-05 9.98382E-05 9.98382E-05 0.00615021 9.98382E-05 9.98382E-05 9.98382E-05 9.98382E-05 9.98382E-05 9.98382E-05 9.98382E-05 9.98382E-05 9.98382E-05 9.98382E-05 0.992053 9.98382E-05 9.98382E-05 9.98382E-05
0.022761 9.99013E-05 0.0210961 9.99013E-05 0.00863278 0.0596138 9.99013E-05 9.99013E-05 9.99013E-05 0.0440403 0.0590483 9.99013E-05 0.112607 9.99013E-05 9.99013E-05 9.99013E-05 0.331213 9.99013E-05 0.339889 9.99013E-05
9.98562E-05 9.98562E-05 9.98562E-05 9.98562E-05 9.98562E-05 9.98562E-05 9.98562E-05 0.00653324 9.98562E-05 9.98562E-05 0.0541541 9.98562E-05 0.00356596 9.98562E-05 9.98562E-05 9.98562E-05 0.934149 9.98562E-05 9.98562E-05 9.98562E-05
9.98468E-05 9.98468E-05 9.98468E-05 0.797782 9.98468E-05 9.98468E-05 9.98468E-05 9.98468E-05 9.98468E-05 9.98468E-05 9.98468E-05 9.98468E-05 0.150299 9.98468E-05 9.98468E-05 9.98468E-05 9.98468E-05 9.98468E-05 9.98468E-05 0.0502215
9.98739E-05 9.98739E-05 0.0334722 9.98739E-05 9.98739E-05 0.0209759 0.00366324 9.98739E-05 9.98739E-05 9.98739E-05 0.912289 9.98739E-05 0.0238953 9.98739E-05 9.98739E-05 9.98739E-05 0.00430623 9.98739E-05 9.98739E-05 9.98739E-05
9.98469E-05 0.597565 9.98469E-05 9.98469E-05 9.98469E-05 0.378305 9.98469E-05 9.98469E-05 9.98469E-05 9.98469E-05 9.98469E-05 9.98469E-05 9.98469E-05 9.98469E-05 0.0224327 9.98469E-05 9.98469E-05 9.98469E-05 9.98469E-05 9.98469E-05
9.98741E-05 9.98741E-05 9.98741E-05 9.98741E-05 9.98741E-05 9.98741E-05 9.98741E-05 9.98741E-05 0.792027 9.98741E-05 9.98741E-05 0.00170547 0.0312638 9.98741E-05 0.143503 0.0170937 0.0130086 9.98741E-05 9.98741E-05 9.98741E-05
9.98474E-05 9.98474E-05 9.98474E-05 9.98474E-05 9.98474E-05 9.98474E-05 9.98474E-05 9.98474E-05 0.0327702 9.98474E-05 9.98474E-05 9.98474E-05 0.862684 9.98474E-05 9.98474E-05 9.98474E-05 9.98474E-05 9.98474E-05 9.98474E-05 0.102848
0.0250138 9.98476E-05 0.00771252 9.98476E-05 9.98476E-05 9.98476E-05 9.98476E-05 9.98476E-05 0.965576 9.98476E-05 9.98476E-05 9.98476E-05 9.98476E-05 9.98476E-05 9.98476E-05 9.98476E-05 9.98476E-05 9.98476E-05 9.98476E-05 9.98476E-05
9.9838E-05 9.9838E-05 9.9838E-05 9.9838E-05 9.9838E-05 9.9838E-05 9.9838E-05 9.9838E-05 0.864828 9.9838E-05 9.9838E-05 9.9838E-05 9.9838E-05 0.133375 9.9838E-05 9.9838E-05 9.9838E-05 9.9838E-05 9.9838E-05 9.9838E-05
9.98738E-05 9.98738E-05 9.98738E-05 9.98738E-05 9.98738E-05 9.98738E-05 0.0921212 9.98738E-05 0.815983 9.98738E-05 9.98738E-05 9.98738E-05 9.98738E-05 9.98738E-05 0.0053741 0.0449487 9.98738E-05 0.0150419 9.98738E-05 0.0251326
9.98294E-05 9.98294E-05 9.98294E-05 9.98294E-05 0.998103 9.98294E-05 9.98294E-05 9.98294E-05 9.98294E-05 9.98294E-05 9.98294E-05 9.98294E-05 9.98294E-05 9.98294E-05 9.98294E-05 9.98294E-05 9.98294E-05 9.98294E-05 9.98294E-05 9.98294E-05
9.98477E-05 0.366635 9.98477E-05 9.98477E-05 9.98477E-05 0.628908 9.98477E-05 9.98477E-05 9.98477E-05 9.98477E-05 9.98477E-05 9.98477E-05 9.98477E-05 9.98477E-05 9.98477E-05 9.98477E-05 9.98477E-05 9.98477E-05 0.00275963 9.98477E-05
0.0646104 0.143821 0.0972945 0.13147 9.9937E-05 0.0205591 0.0437625 9.9937E-05 0.0818149 0.0260304 9.9937E-05 0.0186355 0.0295932 9.9937E-05 0.0821341 0.0824407 9.9937E-05 9.9937E-05 0.177134 9.9937E-05
0.0934412 0.888022 9.98475E-05 9.98475E-05 9.98475E-05 9.98475E-05 9.98475E-05 9.98475E-05 9.98475E-05 9.98475E-05 9.98475E-05 9.98475E-05 0.0168396 9.98475E-05 9.98475E-05 9.98475E-05 9.98475E-05 9.98475E-05 9.98475E-05 9.98475E-05
9.9874E-05 0.758475 9.9874E-05 0.0101878 9.9874E-05 0.161346 9.9874E-05 0.0419995 9.9874E-05 9.9874E-05 9.9874E-05 9.9874E-05 9.9874E-05 9.9874E-05 9.9874E-05 9.9874E-05 0.017452 9.9874E-05 0.00914141 9.9874E-05
9.98651E-05 9.98651E-05 9.98651E-05 9.98651E-05 9.98651E-05 0.956125 9.98651E-05 9.98651E-05 9.98651E-05 0.00189281 9.98651E-05 9.98651E-05 0.0221819 0.00629894 9.98651E-05 9.98651E-05 9.98651E-05 9.98651E-05 0.0120033 9.98651E-05
9.98384E-05 9.98384E-05 9.98384E-05 9.98384E-05 9.98384E-05 0.993482 9.98384E-05 9.98384E-05 9.98384E-05 9.98384E-05 0.00472041 9.98384E-05 9.98384E-05 9.98384E-05 9.98384E-05 9.98384E-05 9.98384E-05 9.98384E-05 9.98384E-05 9.98384E-05
0.0246018 0.611222 9.98831E-05 9.98831E-05 9.98831E-05 0.100088 0.0666956 9.98831E-05 9.98831E-05 9.98831E-05 0.0108197 9.98831E-05 9.98831E-05 9.98831E-05 0.0224996 9.98831E-05 9.98831E-05 9.98831E-05 0.162775 9.98831E-05
9.9856E-05 0.533373 0.0205403 9.9856E-05 9.9856E-05 0.416818 9.9856E-05 0.0276714 9.9856E-05 9.9856E-05 9.9856E-05 9.9856E-05 9.9856E-05 9.9856E-05 9.9856E-05 9.9856E-05 9.9856E-05 9.9856E-05 9.9856E-05 9.9856E-05
0.980442 9.9847E-05 9.9847E-05 9.9847E-05 9.9847E-05 9.9847E-05 0.00437633 9.9847E-05 9.9847E-05 9.9847E-05 9.9847E-05 9.9847E-05 9.9847E-05 9.9847E-05 9.9847E-05 9.9847E-05 0.0134839 9.9847E-05 9.9847E-05 9.9847E-05
0.950829 9.98559E-05 0.0352313 9.98559E-05 0.00474327 9.98559E-05 9.98559E-05 9.98559E-05 0.00759856 9.98559E-05 9.98559E-05 9.98559E-05 9.98559E-05 9.98559E-05 9.98559E-05 9.98559E-05 9.98559E-05 9.98559E-05 9.98559E-05 9.98559E-05
9.98741E-05 0.865389 9.98741E-05 9.98741E-05 9.98741E-05 0.0609338 9.98741E-05 9.98741E-05 9.98741E-05 0.00717538 9.98741E-05 0.0141101 0.00721075 9.98741E-05 9.98741E-05 9.98741E-05 0.0437827 9.98741E-05 9.98741E-05 9.98741E-05
0.000763613 9.9856E-05 9.9856E-05 9.9856E-05 9.9856E-05 9.9856E-05 9.9856E-05 9.9856E-05 9.9856E-05 0.0193544 0.00849785 9.9856E-05 0.969786 9.9856E-05 9.9856E-05 9.9856E-05 9.9856E-05 9.9856E-05 9.9856E-05 9.9856E-05
9.9856E-05 9.9856E-05 9.9856E-05 9.9856E-05 9.9856E-05 9.9856E-05 9.9856E-05 9.9856E-05 9.9856E-05 0.00193042 9.9856E-05 9.9856E-05 0.98859 9.9856E-05 9.9856E-05 0.00113012 0.00675192 9.9856E-05 9.9856E-05 9.9856E-05
9.98383E-05 9.98383E-05 9.98383E-05 0.00610809 9.98383E-05 9.98383E-05 9.98383E-05 9.98383E-05 9.98383E-05 9.98383E-05 9.98383E-05 9.98383E-05 9.98383E-05 9.98383E-05 9.98383E-05 0.992095 9.98383E-05 9.98383E-05 9.98383E-05 9.98383E-05
9.98384E-05 9.98384E-05 9.98384E-05 9.98384E-05 9.98384E-05 9.98384E-05 9.98384E-05 9.98384E-05 9.98384E-05 9.98384E-05 9.98384E-05 9.98384E-05 9.98384E-05 9.98384E-05 0.00689331 0.99131 9.98384E-05 9.98384E-05 9.98384E-05 9.98384E-05
9.9829E-05 9.9829E-05 9.9829E-05 9.9829E-05 9.9829E-05 9.9829E-05 9.9829E-05 9.9829E-05 9.9829E-05 9.9829E-05 9.9829E-05 9.9829E-05 9.9829E-05 0.998103 9.9829E-05 9.9829E-05 9.9829E-05 9.9829E-05 9.9829E-05 9.9829E-05
9.98361E-05 9.98361E-05 9.98361E-05 9.98361E-05 9.98361E-05 9.98361E-05 9.98361E-05 9.98361E-05 9.98361E-05 9.98361E-05 9.98361E-05 9.98361E-05 9.98361E-05 0.998103 9.98361E-05 9.98361E-05 9.98361E-05 9.98361E-05 9.98361E-05 9.98361E-05
9.98564E-05 9.98564E-05 0.00256165 9.98564E-05 9.98564E-05 9.98564E-05 9.98564E-05 9.98564E-05 9.98564E-05 9.98564E-05 9.98564E-05 9.98564E-05 0.0127966 0.0222691 9.98564E-05 0.960775 9.98564E-05 9.98564E-05 9.98564E-05 9.98564E-05
9.98294E-05 9.98294E-05 9.98294E-05 9.98294E-05 9.98294E-05 9.98294E-05 9.98294E-05 9.98294E-05 9.98294E-05 9.98294E-05 9.98294E-05 9.98294E-05 9.98294E-05 9.98294E-05 9.98294E-05 0.998103 9.98294E-05 9.98294E-05 9.98294E-05 9.98294E-05
9.9838E-05 9.9838E-05 9.9838E-05 0.951491 9.9838E-05 9.9838E-05 9.9838E-05 9.9838E-05 0.0467123 9.9838E-05 9.9838E-05 9.9838E-05 9.9838E-05 9.9838E-05 9.9838E-05 9.9838E-05 9.9838E-05 9.9838E-05 9.9838E-05 9.9838E-05
9.9874E-05 9.9874E-05 0.0983922 9.9874E-05 9.9874E-05 9.9874E-05 9.9874E-05 9.9874E-05 0.133939 9.9874E-05 9.9874E-05 0.00259368 0.054335 9.9874E-05 0.695793 9.9874E-05 9.9874E-05 0.0135492 9.9874E-05 9.9874E-05
9.98471E-05 9.98471E-05 0.0286718 9.98471E-05 9.98471E-05 9.98471E-05 9.98471E-05 9.98471E-05 9.98471E-05 9.98471E-05 0.929886 9.98471E-05 9.98471E-05 9.98471E-05 9.98471E-05 9.98471E-05 0.0397451 9.98471E-05 9.98471E-05 9.98471E-05
9.98471E-05 9.98471E-05 9.98471E-05 9.98471E-05 9.98471E-05 9.98471E-05 9.98471E-05 9.98471E-05 9.98471E-05 0.0215555 9.98471E-05 9.98471E-05 9.98471E-05 0.0237971 9.98471E-05 9.98471E-05 9.98471E-05 9.98471E-05 9.98471E-05 0.95295
9.9865E-05 9.9865E-05 9.9865E-05 0.0410574 9.9865E-05 9.9865E-05 9.9865E-05 0.00329068 9.9865E-05 9.9865E-05 9.9865E-05 0.0283207 9.9865E-05 9.9865E-05 9.9865E-05 0.0109175 9.9865E-05 9.9865E-05 9.9865E-05 0.914916
9.98291E-05 9.98291E-05 9.98291E-05 9.98291E-05 9.98291E-05 9.98291E-05 9.98291E-05 9.98291E-05 9.98291E-05 9.98291E-05 9.98291E-05 9.98291E-05 9.98291E-05 9.98291E-05 9.98291E-05 9.98291E-05 9.98291E-05 9.98291E-05 0.998103 9.98291E-05
