9.98468E-05 9.98468E-05 9.98468E-05 9.98468E-05 9.98468E-05 9.98468E-05 0.0310885 9.98468E-05 9.98468E-05 9.98468E-05 9.98468E-05 9.98468E-05 9.98468E-05 9.98468E-05 0.906968 9.98468E-05 0.0602458 9.98468E-05 9.98468E-05 9.98468E-05
9.98559E-05 9.98559E-05 0.111073 9.98559E-05 9.98559E-05 9.98559E-05 0.0315114 9.98559E-05 0.212442 9.98559E-05 9.98559E-05 9.98559E-05 9.98559E-05 0.643376 9.98559E-05 9.98559E-05 9.98559E-05 9.98559E-05 9.98559E-05 9.98559E-05
9.98203E-05 9.98203E-05 9.98203E-05 9.98203E-05 9.98203E-05 9.98203E-05 9.98203E-05 9.98203E-05 9.98203E-05 0.998103 9.98203E-05 9.98203E-05 9.98203E-05 9.98203E-05 9.98203E-05 9.98203E-05 9.98203E-05 9.98203E-05 9.98203E-05 9.98203E-05
9.98831E-05 9.98831E-05 0.901455 9.98831E-05 9.98831E-05 9.98831E-05 0.000507274 9.98831E-05 0.00155668 0.0129406 0.0474254 9.98831E-05 9.98831E-05 9.98831E-05 9.98831E-05 9.98831E-05 0.00051721 0.0342995 9.98831E-05 9.98831E-05
9.98291E-05 9.98291E-05 9.98291E-05 9.98291E-05 9.98291E-05 0.998103 9.98291E-05 9.98291E-05 9.98291E-05 9.98291E-05 9.98291E-05 9.98291E-05 9.98291E-05 9.98291E-05 9.98291E-05 9.98291E-05 9.98291E-05 9.98291E-05 9.98291E-05 9.98291E-05
9.98741E-05 9.98741E-05 0.874824 9.98741E-05 9.98741E-05 9.98741E-05 9.98741E-05 0.035544 0.0120928 0.011853 9.98741E-05 0.0340734 9.98741E-05 9.98741E-05 9.98741E-05 9.98741E-05 9.98741E-05 0.0302146 9.98741E-05 9.98741E-05
9.98294E-05 9.98294E-05 9.98294E-05 0.998103 9.98294E-05 9.98294E-05 9.98294E-05 9.98294E-05 9.98294E-05 9.98294E-05 9.98294E-05 9.98294E-05 9.98294E-05 9.98294E-05 9.98294E-05 9.98294E-05 9.98294E-05 9.98294E-05 9.98294E-05 9.98294E-05
9.98919E-05 0.0553612 9.98919E-05 9.98919E-05 9.98919E-05 0.099564 9.98919E-05 9.98919E-05 9.98919E-05 0.0222391 0.0261241 0.376493 9.98919E-05 0.114291 9.98919E-05 9.98919E-05 0.0432254 0.261503 9.98919E-05 9.98919E-05
9.98768E-05 0.00410483 9.98768E-05 0.938751 9.98768E-05 9.98768E-05 0.014202 9.98768E-05 9.98768E-05 9.98768E-05 9.98768E-05 9.98768E-05 9.98768E-05 0.0248225 9.98768E-05 0.00650779 9.98768E-05 9.98768E-05 9.98768E-05 0.0102137
9.98471E-05 9.98471E-05 9.98471E-05 0.0803425 9.98471E-05 0.0337149 9.98471E-05 9.98471E-05 9.98471E-05 9.98471E-05 9.98471E-05 9.98471E-05 9.98471E-05 9.98471E-05 9.98471E-05 9.98471E-05 0.884245 9.98471E-05 9.98471E-05 9.98471E-05
9.98472E-05 9.98472E-05 9.98472E-05 0.0870478 9.98472E-05 0.0316583 9.98472E-05 9.98472E-05 9.98472E-05 9.98472E-05 9.98472E-05 9.98472E-05 9.98472E-05 9.98472E-05 9.98472E-05 9.98472E-05 0.879596 9.98472E-05 9.98472E-05 9.98472E-05
9.98739E-05 9.98739E-05 9.98739E-05 9.98739E-05 9.98739E-05 9.98739E-05 9.98739E-05 0.13147 9.98739E-05 0.0404701 0.078477 0.00371947 0.0854344 9.98739E-05 0.659031 9.98739E-05 9.98739E-05 9.98739E-05 9.98739E-05 9.98739E-05
9.98472E-05 9.98472E-05 9.98472E-05 9.98472E-05 9.98472E-05 9.98472E-05 9.98472E-05 9.98472E-05 9.98472E-05 9.98472E-05 0.0210821 9.98472E-05 0.95351 9.98472E-05 9.98472E-05 9.98472E-05 9.98472E-05 0.023711 9.98472E-05 9.98472E-05
9.98832E-05 9.98832E-05 0.914218 9.98832E-05 0.0186479 9.98832E-05 9.98832E-05 0.0270475 0.0194883 9.98832E-05 0.00536622 9.98832E-05 9.98832E-05 0.0137952 9.98832E-05 9.98832E-05 9.98832E-05 9.98832E-05 0.00013865 9.98832E-05
9.98563E-05 9.98563E-05 0.892798 9.98563E-05 9.98563E-05 0.0610512 9.98563E-05 9.98563E-05 0.0373388 9.98563E-05 9.98563E-05 9.98563E-05 9.98563E-05 9.98563E-05 9.98563E-05 9.98563E-05 9.98563E-05 9.98563E-05 0.00721409 9.98563E-05
0.14234 9.98651E-05 9.98651E-05 9.98651E-05 9.98651E-05 9.98651E-05 9.98651E-05 0.0549967 9.98651E-05 9.98651E-05 9.98651E-05 9.98651E-05 9.98651E-05 9.98651E-05 9.98651E-05 0.0463499 0.0259408 9.98651E-05 9.98651E-05 0.728875
0.0229562 9.98561E-05 9.98561E-05 9.98561E-05 9.98561E-05 9.98561E-05 0.904869 9.98561E-05 9.98561E-05 9.98561E-05 9.98561E-05 9.98561E-05 9.98561E-05 9.98561E-05 9.98561E-05 9.98561E-05 0.0534905 9.98561E-05 0.017087 9.98561E-05
9.98649E-05 0.0371408 9.98649E-05 9.98649E-05 0.7173 9.98649E-05 9.98649E-05 9.98649E-05 0.0661853 9.98649E-05 9.98649E-05 9.98649E-05 9.98649E-05 0.0459393 9.98649E-05 9.98649E-05 0.131937 9.98649E-05 9.98649E-05 9.98649E-05
9.98382E-05 9.98382E-05 9.98382E-05 9.98382E-05 0.935824 9.98382E-05 9.98382E-05 9.98382E-05 9.98382E-05 9.98382E-05 0.0623792 9.98382E-05 9.98382E-05 9.98382E-05 9.98382E-05 9.98382E-05 9.98382E-05 9.98382E-05 9.98382E-05 9.98382E-05
9.98919E-05 9.98919E-05 9.98919E-05 9.98919E-05 9.98919E-05 9.98919E-05 0.00300753 0.106483 0.00667049 9.98919E-05 0.0197724 9.98919E-05 9.98919E-05 9.98919E-05 0.0526504 0.0553977 0.444656 9.98919E-05 9.98919E-05 0.310163
9.98292E-05 9.98292E-05 9.98292E-05 9.98292E-05 0.998103 9.98292E-05 9.98292E-05 9.98292E-05 9.98292E-05 9.98292E-05 9.98292E-05 9.98292E-05 9.98292E-05 9.98292E-05 9.98292E-05 9.98292E-05 9.98292E-05 9.98292E-05 9.98292E-05 9.98292E-05
0.182797 9.98649E-05 9.98649E-05 9.98649E-05 9.98649E-05 9.98649E-05 9.98649E-05 9.98649E-05 0.232648 9.98649E-05 0.00192413 9.98649E-05 9.98649E-05 9.98649E-05 0.40127 9.98649E-05 9.98649E-05 9.98649E-05 9.98649E-05 0.179862
9.98291E-05 9.98291E-05 9.98291E-05 9.98291E-05 9.98291E-05 9.98291E-05 9.98291E-05 9.98291E-05 9.98291E-05 9.98291E-05 9.98291E-05 9.98291E-05 9.98291E-05 9.98291E-05 9.98291E-05 9.98291E-05 9.98291E-05 9.98291E-05 0.998103 9.98291E-05
9.98469E-05 9.98469E-05 9.98469E-05 9.98469E-05 0.776107 9.98469E-05 9.98469E-05 9.98469E-05 9.98469E-05 9.98469E-05 9.98469E-05 9.98469E-05 9.98469E-05 9.98469E-05 9.98469E-05 0.0714713 9.98469E-05 9.98469E-05 0.150725 9.98469E-05
9.98475E-05 9.98475E-05 0.971661 9.98475E-05 9.98475E-05 9.98475E-05 9.98475E-05 9.98475E-05 9.98475E-05 0.0211021 9.98475E-05 0.0055399 9.98475E-05 9.98475E-05 9.98475E-05 9.98475E-05 9.98475E-05 9.98475E-05 9.98475E-05 9.98475E-05
9.98295E-05 9.98295E-05 0.998103 9.98295E-05 9.98295E-05 9.98295E-05 9.98295E-05 9.98295E-05 9.98295E-05 9.98295E-05 9.98295E-05 9.98295E-05 9.98295E-05 9.98295E-05 9.98295E-05 9.98295E-05 9.98295E-05 9.98295E-05 9.98295E-05 9.98295E-05
0.989774 9.98471E-05 9.98471E-05 9.98471E-05 9.98471E-05 9.98471E-05 9.98471E-05 9.98471E-05 9.98471E-05 9.98471E-05 9.98471E-05 9.98471E-05 9.98471E-05 9.98471E-05 0.00171141 9.98471E-05 0.00681671 9.98471E-05 9.98471E-05 9.98471E-05
0.0122202 0.030751 0.900615 0.0385563 9.98741E-05 9.98741E-05 9.98741E-05 9.98741E-05 9.98741E-05 9.98741E-05 9.98741E-05 9.98741E-05 9.98741E-05 0.000685966 9.98741E-05 9.98741E-05 9.98741E-05 0.0157729 9.98741E-05 9.98741E-05
0.015622 0.0692823 0.885482 0.0280155 9.98563E-05 9.98563E-05 9.98563E-05 9.98563E-05 9.98563E-05 9.98563E-05 9.98563E-05 9.98563E-05 9.98563E-05 9.98563E-05 9.98563E-05 9.98563E-05 9.98563E-05 9.98563E-05 9.98563E-05 9.98563E-05
9.98832E-05 0.0972136 0.270233 9.98832E-05 0.00688254 9.98832E-05 9.98832E-05 9.98832E-05 9.98832E-05 0.0103917 9.98832E-05 9.98832E-05 9.98832E-05 0.0339519 0.0120691 9.98832E-05 9.98832E-05 0.567959 9.98832E-05 9.98832E-05
9.98469E-05 9.98469E-05 0.0331605 9.98469E-05 9.98469E-05 0.0331426 9.98469E-05 9.98469E-05 9.98469E-05 9.98469E-05 9.98469E-05 9.98469E-05 9.98469E-05 9.98469E-05 9.98469E-05 9.98469E-05 9.98469E-05 0.932 9.98469E-05 9.98469E-05
9.98296E-05 9.98296E-05 9.98296E-05 9.98296E-05 9.98296E-05 9.98296E-05 9.98296E-05 9.98296E-05 9.98296E-05 9.98296E-05 9.98296E-05 9.98296E-05 9.98296E-05 0.998103 9.98296E-05 9.98296E-05 9.98296E-05 9.98296E-05 9.98296E-05 9.98296E-05
9.98742E-05 9.98742E-05 0.769414 9.98742E-05 9.98742E-05 9.98742E-05 0.000537614 9.98742E-05 0.00732941 0.000905087 9.98742E-05 0.187486 9.98742E-05 9.98742E-05 9.98742E-05 9.98742E-05 9.98742E-05 0.0329299 9.98742E-05 9.98742E-05
9.98744E-05 0.721044 9.98744E-05 9.98744E-05 9.98744E-05 9.98744E-05 9.98744E-05 9.98744E-05 9.98744E-05 0.00590329 0.00355624 0.199369 9.98744E-05 0.0120081 9.98744E-05 9.98744E-05 9.98744E-05 0.0567213 9.98744E-05 9.98744E-05
0.689512 9.98738E-05 9.98738E-05 9.98738E-05 9.98738E-05 0.0124498 0.168375 9.98738E-05 9.98738E-05 9.98738E-05 0.0566728 9.98738E-05 9.98738E-05 9.98738E-05 9.98738E-05 0.0388678 9.98738E-05 0.032724 9.98738E-05 9.98738E-05
9.98829E-05 9.98829E-05 0.84972 0.0314082 9.98829E-05 9.98829E-05 0.0306283 0.0129601 9.98829E-05 9.98829E-05 9.98829E-05 0.0309096 0.00563122 9.98829E-05 9.98829E-05 9.98829E-05 9.98829E-05 0.0374443 9.98829E-05 9.98829E-05
9.9865E-05 9.9865E-05 9.9865E-05 9.9865E-05 9.9865E-05 0.0394233 9.9865E-05 9.9865E-05 9.9865E-05 0.0134735 9.9865E-05 0.000532071 9.9865E-05 9.9865E-05 0.923817 0.0212564 9.9865E-05 9.9865E-05 9.9865E-05 9.9865E-05
9.99008E-05 9.99008E-05 9.99008E-05 9.99008E-05 0.00512406 9.99008E-05 0.0130698 9.99008E-05 0.110123 9.99008E-05 9.99008E-05 0.0468306 0.0370888 0.168046 0.0665888 9.99008E-05 0.513592 9.99008E-05 0.0384384 9.99008E-05
9.98472E-05 9.98472E-05 9.98472E-05 9.98472E-05 9.98472E-05 0.000956451 0.978734 9.98472E-05 9.98472E-05 9.98472E-05 9.98472E-05 0.018612 9.98472E-05 9.98472E-05 9.98472E-05 9.98472E-05 9.98472E-05 9.98472E-05 9.98472E-05 9.98472E-05
9.98382E-05 9.98382E-05 9.98382E-05 9.98382E-05 9.98382E-05 9.98382E-05 0.00321556 9.98382E-05 0.994987 9.98382E-05 9.98382E-05 9.98382E-05 9.98382E-05 9.98382E-05 9.98382E-05 9.98382E-05 9.98382E-05 9.98382E-05 9.98382E-05 9.98382E-05
9.98381E-05 0.000177557 9.98381E-05 9.98381E-05 9.98381E-05 9.98381E-05 9.98381E-05 9.98381E-05 0.998025 9.98381E-05 9.98381E-05 9.98381E-05 9.98381E-05 9.98381E-05 9.98381E-05 9.98381E-05 9.98381E-05 9.98381E-05 9.98381E-05 9.98381E-05
0.0194174 9.9874E-05 9.9874E-05 9.9874E-05 0.000601908 9.9874E-05 9.9874E-05 9.9874E-05 0.064152 9.9874E-05 9.9874E-05 9.9874E-05 9.9874E-05 9.9874E-05 0.0151704 0.0152362 0.884024 9.9874E-05 9.9874E-05 9.9874E-05
0.00725005 9.9883E-05 9.9883E-05 0.0659484 0.0247656 9.9883E-05 9.9883E-05 9.9883E-05 0.054375 9.9883E-05 9.9883E-05 9.9883E-05 0.0426299 9.9883E-05 0.0053323 9.9883E-05 9.9883E-05 9.9883E-05 9.9883E-05 0.7984
0.0139528 9.9865E-05 9.9865E-05 9.9865E-05 9.9865E-05 9.9865E-05 9.9865E-05 0.0131008 9.9865E-05 9.9865E-05 9.9865E-05 9.9865E-05 9.9865E-05 9.9865E-05 0.0136934 0.0849983 0.872757 9.9865E-05 9.9865E-05 9.9865E-05
9.99098E-05 9.99098E-05 9.99098E-05 9.99098E-05 0.00290753 9.99098E-05 9.99098E-05 9.99098E-05 0.126605 9.99098E-05 0.0304096 9.99098E-05 0.118691 0.000708592 0.033953 0.363801 0.145197 9.99098E-05 0.117543 0.059185
9.9892E-05 9.9892E-05 9.9892E-05 9.9892E-05 0.00470486 0.041294 9.9892E-05 9.9892E-05 0.139975 9.9892E-05 9.9892E-05 9.9892E-05 9.9892E-05 9.9892E-05 0.0991064 0.308784 0.253295 0.0107887 9.9892E-05 0.140853
0.0870421 0.0131539 0.0211922 0.0307434 9.99008E-05 9.99008E-05 0.0750334 9.99008E-05 9.99008E-05 9.99008E-05 9.99008E-05 9.99008E-05 9.99008E-05 9.99008E-05 0.194637 0.40639 0.0937317 0.0769779 9.99008E-05 9.99008E-05
9.98391E-05 9.98391E-05 9.98391E-05 9.98391E-05 0.0173038 9.98391E-05 9.98391E-05 9.98391E-05 9.98391E-05 9.98391E-05 9.98391E-05 9.98391E-05 9.98391E-05 9.98391E-05 0.980899 9.98391E-05 9.98391E-05 9.98391E-05 9.98391E-05 9.98391E-05
9.98293E-05 0.998103 9.98293E-05 9.98293E-05 9.98293E-05 9.98293E-05 9.98293E-05 9.98293E-05 9.98293E-05 9.98293E-05 9.98293E-05 9.98293E-05 9.98293E-05 9.98293E-05 9.98293E-05 9.98293E-05 9.98293E-05 9.98293E-05 9.98293E-05 9.98293E-05
9.98383E-05 0.997708 9.98383E-05 9.98383E-05 9.98383E-05 9.98383E-05 9.98383E-05 9.98383E-05 9.98383E-05 9.98383E-05 9.98383E-05 9.98383E-05 9.98383E-05 9.98383E-05 9.98383E-05 9.98383E-05 9.98383E-05 9.98383E-05 0.000494933 9.98383E-05
9.98473E-05 0.969764 9.98473E-05 9.98473E-05 9.98473E-05 9.98473E-05 9.98473E-05 0.00964009 9.98473E-05 9.98473E-05 9.98473E-05 9.98473E-05 9.98473E-05 9.98473E-05 9.98473E-05 9.98473E-05 9.98473E-05 9.98473E-05 9.98473E-05 0.0188982
9.98563E-05 0.967514 9.98563E-05 9.98563E-05 0.00347528 0.0257327 9.98563E-05 9.98563E-05 9.98563E-05 9.98563E-05 9.98563E-05 0.00168014 9.98563E-05 9.98563E-05 9.98563E-05 9.98563E-05 9.98563E-05 9.98563E-05 9.98563E-05 9.98563E-05
9.98293E-05 0.998103 9.98293E-05 9.98293E-05 9.98293E-05 9.98293E-05 9.98293E-05 9.98293E-05 9.98293E-05 9.98293E-05 9.98293E-05 9.98293E-05 9.98293E-05 9.98293E-05 9.98293E-05 9.98293E-05 9.98293E-05 9.98293E-05 9.98293E-05 9.98293E-05
9.99013E-05 0.305249 0.0033113 0.0473033 9.99013E-05 9.99013E-05 9.99013E-05 9.99013E-05 9.99013E-05 9.99013E-05 9.99013E-05 0.0526843 9.99013E-05 0.04347 0.0130313 9.99013E-05 9.99013E-05 0.377024 0.0587266 0.0981011
9.98472E-05 0.931797 9.98472E-05 9.98472E-05 9.98472E-05 9.98472E-05 9.98472E-05 9.98472E-05 0.00148936 9.98472E-05 9.98472E-05 9.98472E-05 9.98472E-05 0.0650163 9.98472E-05 9.98472E-05 9.98472E-05 9.98472E-05 9.98472E-05 9.98472E-05
9.98466E-05 9.98466E-05 9.98466E-05 9.98466E-05 9.98466E-05 9.98466E-05 9.98466E-05 0.113752 9.98466E-05 9.98466E-05 9.98466E-05 9.98466E-05 9.98466E-05 9.98466E-05 0.708439 9.98466E-05 9.98466E-05 9.98466E-05 9.98466E-05 0.176112
9.98739E-05 0.00549618 9.98739E-05 0.0508785 9.98739E-05 9.98739E-05 9.98739E-05 0.00885818 9.98739E-05 0.020723 0.00171801 9.98739E-05 9.98739E-05 0.910928 9.98739E-05 9.98739E-05 9.98739E-05 9.98739E-05 9.98739E-05 9.98739E-05
9.9847E-05 9.9847E-05 0.947976 9.9847E-05 9.9847E-05 0.0135409 9.9847E-05 9.9847E-05 0.0367858 9.9847E-05 9.9847E-05 9.9847E-05 9.9847E-05 9.9847E-05 9.9847E-05 9.9847E-05 9.9847E-05 9.9847E-05 9.9847E-05 9.9847E-05
0.927235 9.98383E-05 9.98383E-05 0.0709684 9.98383E-05 9.98383E-05 9.98383E-05 9.98383E-05 9.98383E-05 9.98383E-05 9.98383E-05 9.98383E-05 9.98383E-05 9.98383E-05 9.98383E-05 9.98383E-05 9.98383E-05 9.98383E-05 9.98383E-05 9.98383E-05
9.98562E-05 9.98562E-05 9.98562E-05 9.98562E-05 9.98562E-05 9.98562E-05 9.98562E-05 0.0120834 9.98562E-05 9.98562E-05 9.98562E-05 9.98562E-05 0.0712312 9.98562E-05 9.98562E-05 0.0807715 9.98562E-05 9.98562E-05 9.98562E-05 0.834316
9.98293E-05 9.98293E-05 9.98293E-05 9.98293E-05 9.98293E-05 9.98293E-05 9.98293E-05 9.98293E-05 9.98293E-05 9.98293E-05 9.98293E-05 9.98293E-05 0.998103 9.98293E-05 9.98293E-05 9.98293E-05 9.98293E-05 9.98293E-05 9.98293E-05 9.98293E-05
0.580315 9.9856E-05 9.9856E-05 9.9856E-05 9.9856E-05 9.9856E-05 9.9856E-05 9.9856E-05 9.9856E-05 9.9856E-05 9.9856E-05 9.9856E-05 0.365745 9.9856E-05 9.9856E-05 9.9856E-05 0.0492209 9.9856E-05 9.9856E-05 0.00312087
0.750732 9.9874E-05 9.9874E-05 9.9874E-05 9.9874E-05 9.9874E-05 9.9874E-05 0.0207874 9.9874E-05 9.9874E-05 9.9874E-05 9.9874E-05 0.165204 9.9874E-05 9.9874E-05 0.0181469 0.0282573 9.9874E-05 0.0154742 9.9874E-05
9.98475E-05 9.98475E-05 9.98475E-05 9.98475E-05 0.910829 0.000810766 9.98475E-05 9.98475E-05 9.98475E-05 9.98475E-05 9.98475E-05 9.98475E-05 9.98475E-05 9.98475E-05 0.0866629 9.98475E-05 9.98475E-05 9.98475E-05 9.98475E-05 9.98475E-05
9.98656E-05 9.98656E-05 0.928634 0.00915281 9.98656E-05 9.98656E-05 9.98656E-05 9.98656E-05 9.98656E-05 0.0440016 0.00266603 9.98656E-05 9.98656E-05 9.98656E-05 9.98656E-05 9.98656E-05 0.0140481 9.98656E-05 9.98656E-05 9.98656E-05
0.0766827 0.00415808 0.203398 9.9937E-05 0.060683 0.18084 9.9937E-05 9.9937E-05 9.9937E-05 9.9937E-05 0.0257434 0.0133576 9.9937E-05 0.154758 9.9937E-05 0.0722986 0.066783 0.0333868 0.0251051 0.0821056
9.98565E-05 9.98565E-05 0.830538 9.98565E-05 9.98565E-05 9.98565E-05 9.98565E-05 9.98565E-05 9.98565E-05 0.086159 9.98565E-05 0.0626845 9.98565E-05 9.98565E-05 9.98565E-05 9.98565E-05 9.98565E-05 9.98565E-05 9.98565E-05 0.0190207
9.9865E-05 9.9865E-05 0.820287 9.9865E-05 9.9865E-05 0.063016 0.0126367 9.9865E-05 0.0297528 9.9865E-05 9.9865E-05 9.9865E-05 9.9865E-05 9.9865E-05 9.9865E-05 9.9865E-05 9.9865E-05 0.0728099 9.9865E-05 9.9865E-05
9.9874E-05 0.0245319 0.831109 0.0275769 9.9874E-05 9.9874E-05 9.9874E-05 9.9874E-05 9.9874E-05 9.9874E-05 9.9874E-05 0.0458606 9.9874E-05 9.9874E-05 9.9874E-05 9.9874E-05 9.9874E-05 0.0144209 9.9874E-05 0.0551021
9.98743E-05 9.98743E-05 0.916605 0.0232175 9.98743E-05 9.98743E-05 9.98743E-05 9.98743E-05 9.98743E-05 9.98743E-05 9.98743E-05 0.0103066 9.98743E-05 0.00747097 0.0010595 9.98743E-05 9.98743E-05 9.98743E-05 9.98743E-05 0.0399419
9.98652E-05 9.98652E-05 0.654197 9.98652E-05 9.98652E-05 0.0131627 9.98652E-05 9.98652E-05 0.0607543 9.98652E-05 9.98652E-05 9.98652E-05 9.98652E-05 9.98652E-05 9.98652E-05 9.98652E-05 0.0037408 0.266647 9.98652E-05 9.98652E-05
9.9856E-05 9.9856E-05 0.938336 9.9856E-05 9.9856E-05 0.0251155 0.0070684 0.0278824 9.9856E-05 9.9856E-05 9.9856E-05 9.9856E-05 9.9856E-05 9.9856E-05 9.9856E-05 9.9856E-05 9.9856E-05 9.9856E-05 9.9856E-05 9.9856E-05
9.98381E-05 9.98381E-05 9.98381E-05 9.98381E-05 9.98381E-05 0.0380762 9.98381E-05 9.98381E-05 9.98381E-05 9.98381E-05 9.98381E-05 0.960127 9.98381E-05 9.98381E-05 9.98381E-05 9.98381E-05 9.98381E-05 9.98381E-05 9.98381E-05 9.98381E-05
9.9838E-05 9.9838E-05 9.9838E-05 9.9838E-05 9.9838E-05 9.9838E-05 9.9838E-05 9.9838E-05 9.9838E-05 9.9838E-05 9.9838E-05 0.950756 0.0474474 9.9838E-05 9.9838E-05 9.9838E-05 9.9838E-05 9.9838E-05 9.9838E-05 9.9838E-05
9.98564E-05 9.98564E-05 0.939901 9.98564E-05 9.98564E-05 9.98564E-05 9.98564E-05 9.98564E-05 9.98564E-05 0.0170043 9.98564E-05 9.98564E-05 9.98564E-05 9.98564E-05 9.98564E-05 9.98564E-05 9.98564E-05 9.98564E-05 0.0171232 0.0243735
9.9856E-05 9.9856E-05 9.9856E-05 9.9856E-05 9.9856E-05 9.9856E-05 9.9856E-05 9.9856E-05 9.9856E-05 9.9856E-05 0.00914128 9.9856E-05 9.9856E-05 0.0322674 9.9856E-05 9.9856E-05 9.9856E-05 9.9856E-05 0.000766358 0.956227
9.98381E-05 0.00255304 9.98381E-05 9.98381E-05 9.98381E-05 9.98381E-05 9.98381E-05 9.98381E-05 9.98381E-05 9.98381E-05 9.98381E-05 9.98381E-05 9.98381E-05 9.98381E-05 9.98381E-05 9.98381E-05 9.98381E-05 9.98381E-05 9.98381E-05 0.99565
9.98473E-05 9.98473E-05 9.98473E-05 9.98473E-05 9.98473E-05 9.98473E-05 9.98473E-05 0.0211752 9.98473E-05 9.98473E-05 0.976607 9.98473E-05 9.98473E-05 9.98473E-05 0.000520564 9.98473E-05 9.98473E-05 9.98473E-05 9.98473E-05 9.98473E-05
0.0229717 9.98384E-05 9.98384E-05 9.98384E-05 9.98384E-05 9.98384E-05 9.98384E-05 9.98384E-05 9.98384E-05 9.98384E-05 0.975231 9.98384E-05 9.98384E-05 9.98384E-05 9.98384E-05 9.98384E-05 9.98384E-05 9.98384E-05 9.98384E-05 9.98384E-05
9.98739E-05 9.98739E-05 9.98739E-05 9.98739E-05 9.98739E-05 9.98739E-05 9.98739E-05 9.98739E-05 0.10972 9.98739E-05 9.98739E-05 9.98739E-05 0.0729214 0.0543387 0.00669947 9.98739E-05 0.721951 9.98739E-05 9.98739E-05 0.0329719
9.98739E-05 9.98739E-05 9.98739E-05 9.98739E-05 9.98739E-05 9.98739E-05 9.98739E-05 9.98739E-05 0.0998356 9.98739E-05 9.98739E-05 9.98739E-05 0.108074 0.0419805 0.00100525 9.98739E-05 0.726349 9.98739E-05 9.98739E-05 0.021357
9.98564E-05 9.98564E-05 9.98564E-05 9.98564E-05 9.98564E-05 9.98564E-05 9.98564E-05 9.98564E-05 9.98564E-05 9.98564E-05 0.957813 9.98564E-05 9.98564E-05 0.0122187 9.98564E-05 0.00686328 9.98564E-05 9.98564E-05 9.98564E-05 0.0215072
9.98294E-05 9.98294E-05 9.98294E-05 9.98294E-05 9.98294E-05 9.98294E-05 9.98294E-05 9.98294E-05 9.98294E-05 9.98294E-05 0.998103 9.98294E-05 9.98294E-05 9.98294E-05 9.98294E-05 9.98294E-05 9.98294E-05 9.98294E-05 9.98294E-05 9.98294E-05
9.98665E-05 9.98665E-05 9.98665E-05 0.0034521 9.98665E-05 9.98665E-05 9.98665E-05 0.0174784 9.98665E-05 9.98665E-05 9.98665E-05 9.98665E-05 0.0320654 9.98665E-05 0.916714 9.98665E-05 9.98665E-05 9.98665E-05 9.98665E-05 0.0287918
9.98649E-05 9.98649E-05 9.98649E-05 0.100013 0.0222897 9.98649E-05 9.98649E-05 9.98649E-05 0.651632 9.98649E-05 9.98649E-05 9.98649E-05 0.169243 9.98649E-05 9.98649E-05 9.98649E-05 9.98649E-05 9.98649E-05 9.98649E-05 0.0553241
9.9856E-05 0.00710507 9.9856E-05 0.0620002 9.9856E-05 0.00323578 9.9856E-05 9.9856E-05 9.9856E-05 9.9856E-05 9.9856E-05 9.9856E-05 9.9856E-05 0.926061 9.9856E-05 9.9856E-05 9.9856E-05 9.9856E-05 9.9856E-05 9.9856E-05
9.98288E-05 9.98288E-05 9.98288E-05 9.98288E-05 9.98288E-05 9.98288E-05 9.98288E-05 9.98288E-05 9.98288E-05 9.98288E-05 9.98288E-05 9.98288E-05 9.98288E-05 9.98288E-05 9.98288E-05 0.998103 9.98288E-05 9.98288E-05 9.98288E-05 9.98288E-05
9.98292E-05 9.98292E-05 9.98292E-05 9.98292E-05 9.98292E-05 9.98292E-05 9.98292E-05 0.998103 9.98292E-05 9.98292E-05 9.98292E-05 9.98292E-05 9.98292E-05 9.98292E-05 9.98292E-05 9.98292E-05 9.98292E-05 9.98292E-05 9.98292E-05 9.98292E-05
9.98291E-05 9.98291E-05 9.98291E-05 9.98291E-05 9.98291E-05 9.98291E-05 9.98291E-05 9.98291E-05 9.98291E-05 9.98291E-05 9.98291E-05 9.98291E-05 9.98291E-05 9.98291E-05 9.98291E-05 9.98291E-05 9.98291E-05 0.998103 9.98291E-05 9.98291E-05
