9.99549E-05 0.0476642 9.99549E-05 9.99549E-05 9.99549E-05 9.99549E-05 0.951836
0.335088 0.222589 0.233045 9.9973E-05 9.9973E-05 9.9973E-05 0.208978
0.766433 9.99822E-05 0.0613136 0.00927993 0.105113 0.0576604 9.99822E-05
0.955575 9.9955E-05 9.9955E-05 9.9955E-05 9.9955E-05 0.0439257 9.9955E-05
0.477653 0.285389 0.207369 9.99731E-05 9.99731E-05 9.99731E-05 0.0292891
0.995068 9.9964E-05 9.9964E-05 0.000421073 9.9964E-05 0.00411104 9.9964E-05
0.0242422 0.262225 0.265909 9.99732E-05 0.447323 9.99732E-05 9.99732E-05
0.392442 0.127839 0.466697 9.99731E-05 9.99731E-05 0.0127226 9.99731E-05
0.0251293 0.352934 0.340436 9.99731E-05 0.2812 9.99731E-05 9.99731E-05
9.995E-05 0.9994 9.995E-05 9.995E-05 9.995E-05 9.995E-05 9.995E-05
9.995E-05 0.9994 9.995E-05 9.995E-05 9.995E-05 9.995E-05 9.995E-05
0.0238927 9.9973E-05 9.9973E-05 9.9973E-05 0.149012 0.122912 0.703883
9.995E-05 9.995E-05 9.995E-05 9.995E-05 0.9994 9.995E-05 9.995E-05
0.945583 0.00248313 9.9973E-05 0.0235823 9.9973E-05 0.0280514 9.9973E-05
0.929805 9.9955E-05 9.9955E-05 9.9955E-05 9.9955E-05 9.9955E-05 0.069695
0.0247158 0.56058 0.00114905 9.9982E-05 0.320241 9.9982E-05 0.0931133
9.9982E-05 0.405491 9.9982E-05 0.0754359 0.188859 0.306411 0.0236027
9.9973E-05 0.231784 0.0466309 0.716124 9.9973E-05 9.9973E-05 0.00516096
9.9955E-05 9.9955E-05 9.9955E-05 0.915267 9.9955E-05 0.0842329 9.9955E-05
9.9973E-05 0.725933 9.9973E-05 9.9973E-05 0.00484901 0.0986005 0.170317
9.995E-05 9.995E-05 9.995E-05 0.9994 9.995E-05 9.995E-05 9.995E-05
9.9973E-05 0.325497 9.9973E-05 9.9973E-05 0.0864908 0.0200751 0.567637
0.0129068 0.224811 0.024717 0.399322 9.9982E-05 0.338043 9.9982E-05
9.9964E-05 0.0284768 9.9964E-05 0.88927 9.9964E-05 0.0818534 9.9964E-05
0.971994 9.99551E-05 0.0275062 9.99551E-05 9.99551E-05 9.99551E-05 9.99551E-05
0.9994 9.995E-05 9.995E-05 9.995E-05 9.995E-05 9.995E-05 9.995E-05
9.99729E-05 0.0669507 9.99729E-05 9.99729E-05 0.780098 0.0642569 0.0883948
0.898458 9.9964E-05 0.0876091 9.9964E-05 0.0135329 9.9964E-05 9.9964E-05
0.905861 9.9973E-05 0.0733075 9.9973E-05 0.0153429 9.9973E-05 0.00518832
0.636683 9.9982E-05 0.305189 0.0217713 0.00161366 0.0345434 9.9982E-05
0.611317 9.9973E-05 0.323548 0.00222488 9.9973E-05 0.0626102 9.9973E-05
0.104046 0.116835 0.572957 9.99731E-05 9.99731E-05 9.99731E-05 0.205863
0.969209 0.00359003 9.99731E-05 9.99731E-05 0.00615408 9.99731E-05 0.0207472
0.059942 9.9964E-05 0.915755 9.9964E-05 9.9964E-05 0.0239033 9.9964E-05
0.0619342 0.0399104 0.0103273 9.9991E-05 0.568703 0.234156 0.0848687
0.964257 9.99639E-05 9.99639E-05 9.99639E-05 0.0303082 9.99639E-05 0.00503518
0.0194092 9.9955E-05 9.9955E-05 9.9955E-05 9.9955E-05 9.9955E-05 0.980091
0.0319919 0.735859 0.0753505 0.0180405 9.9982E-05 9.9982E-05 0.138558
0.120224 0.233604 9.9982E-05 0.0601225 0.174754 0.411097 9.9982E-05
0.0938471 0.653288 9.9982E-05 0.00204467 9.9982E-05 0.00690319 0.243717
0.0790161 0.612342 9.9982E-05 0.00462693 9.9982E-05 0.0233759 0.280439
9.9973E-05 0.958425 9.9973E-05 0.00384647 9.9973E-05 0.00346366 0.0339645
9.9964E-05 0.690225 9.9964E-05 9.9964E-05 0.226549 9.9964E-05 0.082826
9.9973E-05 0.85589 9.9973E-05 9.9973E-05 0.0194274 0.0833467 0.0410357
9.999E-05 0.501982 0.0117529 0.116796 0.154498 0.137642 0.0772292
0.0879861 0.65862 9.9991E-05 0.0377844 0.0346113 0.050485 0.130413
0.0950841 0.323597 0.0414393 9.99957E-05 0.186994 0.0961532 0.256632
9.99553E-05 9.99553E-05 9.99553E-05 0.0141585 9.99553E-05 9.99553E-05 0.985342
9.995E-05 9.995E-05 0.9994 9.995E-05 9.995E-05 9.995E-05 9.995E-05
9.995E-05 9.995E-05 0.9994 9.995E-05 9.995E-05 9.995E-05 9.995E-05
9.9955E-05 0.0135512 0.985949 9.9955E-05 9.9955E-05 9.9955E-05 9.9955E-05
9.995E-05 9.995E-05 0.9994 9.995E-05 9.995E-05 9.995E-05 9.995E-05
9.995E-05 9.995E-05 0.9994 9.995E-05 9.995E-05 9.995E-05 9.995E-05
0.219622 0.106101 0.615719 0.0231044 0.0352539 9.9982E-05 9.9982E-05
9.99549E-05 9.99549E-05 0.99349 9.99549E-05 9.99549E-05 9.99549E-05 0.00601007
9.99639E-05 0.0935583 9.99639E-05 9.99639E-05 0.0498417 9.99639E-05 0.8562
0.106429 0.155765 0.549228 9.9973E-05 9.9973E-05 9.9973E-05 0.188277
0.9994 9.995E-05 9.995E-05 9.995E-05 9.995E-05 9.995E-05 9.995E-05
9.9973E-05 9.9973E-05 0.0223963 9.9973E-05 0.863236 0.0238836 0.0901844
0.0560602 0.467002 9.9973E-05 9.9973E-05 0.298511 9.9973E-05 0.178126
9.995E-05 9.995E-05 9.995E-05 9.995E-05 0.9994 9.995E-05 9.995E-05
9.99639E-05 0.05843 9.99639E-05 9.99639E-05 0.910776 9.99639E-05 0.0303938
9.99729E-05 0.0471 9.99729E-05 0.00685008 0.861221 0.0845294 9.99729E-05
9.99551E-05 9.99551E-05 9.99551E-05 0.911715 9.99551E-05 9.99551E-05 0.0877853
0.9994 9.995E-05 9.995E-05 9.995E-05 9.995E-05 9.995E-05 9.995E-05
0.137097 0.109824 0.250883 0.00690078 0.208121 0.111308 0.175867
0.991017 9.99552E-05 9.99552E-05 9.99552E-05 0.00848273 9.99552E-05 9.99552E-05
0.960522 9.9964E-05 0.0132794 9.9964E-05 9.9964E-05 9.9964E-05 0.0257982
0.854366 9.9964E-05 0.107986 9.9964E-05 0.0372475 9.9964E-05 9.9964E-05
0.929227 9.9964E-05 0.0662247 9.9964E-05 9.9964E-05 9.9964E-05 0.00414876
0.901569 0.0979315 9.99551E-05 9.99551E-05 9.99551E-05 9.99551E-05 9.99551E-05
0.977453 9.9955E-05 9.9955E-05 9.9955E-05 9.9955E-05 0.0220467 9.9955E-05
0.527351 0.0193796 0.45287 9.99642E-05 9.99642E-05 9.99642E-05 9.99642E-05
0.443227 9.99643E-05 0.392317 9.99643E-05 0.164056 9.99643E-05 9.99643E-05
0.978623 9.9982E-05 9.9982E-05 0.00425779 0.00310112 0.0113009 0.00251718
0.100257 0.762549 0.0102412 9.9982E-05 0.0525976 9.9982E-05 0.0741545
0.0914704 0.760081 0.0472514 9.9991E-05 0.0474582 0.0240041 0.0296349
9.995E-05 9.995E-05 9.995E-05 9.995E-05 9.995E-05 0.9994 9.995E-05
9.995E-05 9.995E-05 9.995E-05 9.995E-05 9.995E-05 0.9994 9.995E-05
9.9973E-05 0.930578 0.0274186 9.9973E-05 9.9973E-05 0.00835633 0.0333469
9.99749E-05 0.912666 9.99749E-05 9.99749E-05 0.0194248 0.00192155 0.0656874
9.9964E-05 0.0069784 0.00171889 9.9964E-05 9.9964E-05 0.990903 9.9964E-05
9.995E-05 9.995E-05 9.995E-05 9.995E-05 9.995E-05 0.9994 9.995E-05
9.99549E-05 9.99549E-05 9.99549E-05 9.99549E-05 0.0321375 9.99549E-05 0.967363
9.9973E-05 0.652652 9.9973E-05 0.0302552 0.257129 9.9973E-05 0.059664
0.0904563 0.182939 0.57498 9.9973E-05 9.9973E-05 9.9973E-05 0.151325
0.0699712 0.159043 9.9991E-05 0.12184 0.327253 0.299222 0.0225713
9.99731E-05 9.99731E-05 9.99731E-05 0.0684744 0.407488 0.347602 0.176135
0.573562 0.0131324 0.330535 0.0560199 9.99821E-05 0.0265498 9.99821E-05
