9.99549E-05 0.978399 9.99549E-05 9.99549E-05 9.99549E-05 0.0211007 9.99549E-05
9.9982E-05 0.23661 0.28723 0.302932 9.9982E-05 0.149818 0.0232096
0.0472197 9.99733E-05 0.826645 9.99733E-05 0.0931547 9.99733E-05 0.0326806
9.9964E-05 9.9964E-05 0.967474 9.9964E-05 9.9964E-05 0.0119426 0.0201839
9.99732E-05 0.0316019 0.482227 0.190961 9.99732E-05 0.294911 9.99732E-05
9.9955E-05 9.9955E-05 0.999198 9.9955E-05 9.9955E-05 0.000301915 9.9955E-05
9.99731E-05 9.99731E-05 0.0100046 0.367435 0.59825 0.0240105 9.99731E-05
9.99641E-05 9.99641E-05 0.423866 0.420896 9.99641E-05 0.154837 9.99641E-05
9.99641E-05 9.99641E-05 9.99641E-05 0.416854 0.44776 0.134985 9.99641E-05
9.995E-05 9.995E-05 9.995E-05 9.995E-05 9.995E-05 0.9994 9.995E-05
9.995E-05 9.995E-05 9.995E-05 9.995E-05 9.995E-05 0.9994 9.995E-05
9.9973E-05 0.711883 0.0159494 9.9973E-05 0.150912 9.9973E-05 0.120955
9.995E-05 9.995E-05 9.995E-05 9.995E-05 0.9994 9.995E-05 9.995E-05
0.019802 0.0313544 0.947683 9.9973E-05 9.9973E-05 9.9973E-05 0.000860565
9.9955E-05 0.0436538 0.955846 9.9955E-05 9.9955E-05 9.9955E-05 9.9955E-05
9.9982E-05 0.0710528 9.9982E-05 0.0357117 0.393089 0.482802 0.0171448
0.070254 0.024518 9.9982E-05 9.9982E-05 0.107733 0.463007 0.334288
0.697155 0.0700861 9.9973E-05 0.0547744 9.9973E-05 0.177685 9.9973E-05
0.927143 9.9955E-05 9.9955E-05 9.9955E-05 9.9955E-05 9.9955E-05 0.0723568
9.9973E-05 0.109486 9.9973E-05 9.9973E-05 0.0594996 0.744366 0.0863483
0.9994 9.995E-05 9.995E-05 9.995E-05 9.995E-05 9.995E-05 9.995E-05
9.99729E-05 0.565349 9.99729E-05 9.99729E-05 0.125385 0.29692 0.0120459
0.391659 9.9964E-05 9.9964E-05 9.9964E-05 9.9964E-05 0.270181 0.33776
0.890189 9.9964E-05 9.9964E-05 9.9964E-05 9.9964E-05 0.0232486 0.0861622
9.995E-05 9.995E-05 0.9994 9.995E-05 9.995E-05 9.995E-05 9.995E-05
9.995E-05 9.995E-05 0.9994 9.995E-05 9.995E-05 9.995E-05 9.995E-05
9.99729E-05 0.0932823 9.99729E-05 9.99729E-05 0.758654 0.0757147 0.0720486
9.9964E-05 9.9964E-05 0.912741 0.078911 0.00794843 9.9964E-05 9.9964E-05
9.9964E-05 9.9964E-05 0.91101 0.0706417 0.0179483 9.9964E-05 9.9964E-05
0.0385242 9.99641E-05 0.668625 0.292451 9.99641E-05 9.99641E-05 9.99641E-05
9.99641E-05 9.99641E-05 0.633572 0.331476 9.99641E-05 9.99641E-05 0.0345521
9.99731E-05 0.274711 0.0520063 0.630704 9.99731E-05 0.0422794 9.99731E-05
9.995E-05 9.995E-05 0.9994 9.995E-05 9.995E-05 9.995E-05 9.995E-05
9.99641E-05 9.99641E-05 0.0756719 0.902309 9.99641E-05 9.99641E-05 0.0216197
9.99819E-05 0.0932457 0.0487058 9.99819E-05 0.488311 0.155661 0.213877
9.99639E-05 0.00692303 0.952011 9.99639E-05 0.0406658 9.99639E-05 9.99639E-05
9.9955E-05 0.998788 0.00071227 9.9955E-05 9.9955E-05 9.9955E-05 9.9955E-05
0.000242506 0.102547 0.045148 0.0639752 9.9982E-05 0.787888 9.9982E-05
0.0279112 0.0603936 0.118239 9.9991E-05 0.169891 0.252335 0.371131
9.99639E-05 0.254964 0.117548 9.99639E-05 9.99639E-05 0.627088 9.99639E-05
9.99729E-05 0.34075 0.056689 9.99729E-05 9.99729E-05 0.585492 0.0167694
0.00270319 0.00113628 9.9964E-05 9.9964E-05 9.9964E-05 0.995761 9.9964E-05
9.9973E-05 0.129685 9.9973E-05 0.0298664 0.327361 0.512788 9.9973E-05
9.9955E-05 9.9955E-05 9.9955E-05 9.9955E-05 9.9955E-05 0.954183 0.0453175
0.107739 0.0346236 9.9982E-05 9.9982E-05 0.155653 0.56494 0.136844
0.0331653 0.131792 0.0807551 9.9991E-05 0.0165126 0.712526 0.0251497
9.999E-05 0.228249 0.0928522 0.047485 0.168034 0.322578 0.140701
0.0117551 0.987745 9.99553E-05 9.99553E-05 9.99553E-05 9.99553E-05 9.99553E-05
9.995E-05 9.995E-05 9.995E-05 0.9994 9.995E-05 9.995E-05 9.995E-05
0.000500117 9.99549E-05 9.99549E-05 0.999 9.99549E-05 9.99549E-05 9.99549E-05
0.00508892 9.99549E-05 9.99549E-05 0.994411 9.99549E-05 9.99549E-05 9.99549E-05
9.995E-05 9.995E-05 9.995E-05 0.9994 9.995E-05 9.995E-05 9.995E-05
9.995E-05 9.995E-05 9.995E-05 0.9994 9.995E-05 9.995E-05 9.995E-05
0.0479036 0.014763 0.25247 0.58583 0.032621 0.0663121 9.9991E-05
9.9964E-05 0.000114176 9.9964E-05 0.998133 9.9964E-05 9.9964E-05 0.00135285
9.99639E-05 0.837434 9.99639E-05 9.99639E-05 0.103258 0.0589074 9.99639E-05
9.9991E-05 0.252212 0.0623452 0.596175 0.0137243 0.0623905 0.0130522
9.995E-05 9.995E-05 0.9994 9.995E-05 9.995E-05 9.995E-05 9.995E-05
9.9973E-05 0.0801454 9.9973E-05 0.0133115 0.861472 9.9973E-05 0.0447707
9.9973E-05 0.160245 0.0687558 9.9973E-05 0.377627 0.393072 9.9973E-05
9.995E-05 9.995E-05 9.995E-05 9.995E-05 0.9994 9.995E-05 9.995E-05
9.99639E-05 0.0101229 9.99639E-05 9.99639E-05 0.86604 0.123437 9.99639E-05
0.0136212 9.99729E-05 9.99729E-05 9.99729E-05 0.815655 0.0681896 0.102234
0.905213 0.0661847 9.99641E-05 9.99641E-05 9.99641E-05 0.0282024 9.99641E-05
9.995E-05 9.995E-05 0.9994 9.995E-05 9.995E-05 9.995E-05 9.995E-05
0.0743343 0.0895318 0.243286 0.200338 0.14379 0.15915 0.0895699
9.99552E-05 9.99552E-05 0.984432 9.99552E-05 0.0150687 9.99552E-05 9.99552E-05
9.9964E-05 0.0575329 0.941863 0.000204382 9.9964E-05 9.9964E-05 9.9964E-05
9.9964E-05 9.9964E-05 0.900559 0.0785108 0.0205303 9.9964E-05 9.9964E-05
0.00786203 0.0104052 0.91986 0.0615724 9.9973E-05 9.9973E-05 9.9973E-05
9.9973E-05 0.00473597 0.914342 0.00326275 9.9973E-05 0.0773589 9.9973E-05
9.9964E-05 9.9964E-05 0.970799 0.014692 9.9964E-05 9.9964E-05 0.0141088
9.99732E-05 0.00262756 0.475702 0.51734 0.00403047 9.99732E-05 9.99732E-05
9.99642E-05 9.99642E-05 0.474706 0.337643 0.187252 9.99642E-05 9.99642E-05
0.0135342 0.0216438 0.944436 0.0101375 9.9982E-05 0.0100481 9.9982E-05
9.9991E-05 0.124841 0.0745714 0.0470031 0.180114 0.554065 0.0193056
9.9991E-05 0.097105 0.0493715 0.0635613 0.198524 0.581475 0.00986257
9.995E-05 9.995E-05 9.995E-05 9.995E-05 9.995E-05 9.995E-05 0.9994
9.995E-05 9.995E-05 9.995E-05 9.995E-05 9.995E-05 9.995E-05 0.9994
9.9955E-05 0.0366981 9.9955E-05 9.9955E-05 9.9955E-05 0.962802 9.9955E-05
9.9955E-05 9.9955E-05 9.9955E-05 9.9955E-05 0.0771477 0.922352 9.9955E-05
9.9955E-05 9.9955E-05 9.9955E-05 0.0159618 9.9955E-05 9.9955E-05 0.983538
9.995E-05 9.995E-05 9.995E-05 9.995E-05 9.995E-05 9.995E-05 0.9994
9.99549E-05 0.957714 9.99549E-05 9.99549E-05 0.0417858 9.99549E-05 9.99549E-05
0.0473418 0.100251 9.9973E-05 9.9973E-05 0.338616 0.513492 9.9973E-05
9.9982E-05 0.205904 0.0483853 0.6452 0.0122138 0.0880974 9.9982E-05
0.138306 0.0221149 0.0350792 9.9991E-05 0.285086 0.256318 0.262995
0.0859325 0.189365 9.9982E-05 9.9982E-05 0.387149 0.00507894 0.332274
0.0415028 9.99821E-05 0.525437 0.405357 9.99821E-05 0.0168097 0.0106938
