9.98828E-05 0.0293428 0.0023612 9.98828E-05 9.98828E-05 0.0238484 9.98828E-05 9.98828E-05 9.98828E-05 9.98828E-05 9.98828E-05 9.98828E-05 9.98828E-05 0.0132215 0.928239 9.98828E-05 9.98828E-05 9.98828E-05 0.00168886
9.98738E-05 9.98738E-05 0.196107 9.98738E-05 0.0305024 9.98738E-05 9.98738E-05 9.98738E-05 9.98738E-05 9.98738E-05 9.98738E-05 0.664358 0.0906329 9.98738E-05 9.98738E-05 9.98738E-05 9.98738E-05 9.98738E-05 0.0170007
9.98381E-05 9.98381E-05 9.98381E-05 0.998203 9.98381E-05 9.98381E-05 9.98381E-05 9.98381E-05 9.98381E-05 9.98381E-05 9.98381E-05 9.98381E-05 9.98381E-05 9.98381E-05 9.98381E-05 9.98381E-05 9.98381E-05 9.98381E-05 9.98381E-05
9.98831E-05 9.98831E-05 9.98831E-05 0.0826227 0.00592359 9.98831E-05 9.98831E-05 9.98831E-05 9.98831E-05 9.98831E-05 0.00139002 9.98831E-05 0.864374 0.0238512 9.98831E-05 0.0205403 9.98831E-05 9.98831E-05 9.98831E-05
9.98832E-05 9.98832E-05 9.98832E-05 9.98832E-05 9.98832E-05 9.98832E-05 9.98832E-05 0.324841 9.98832E-05 0.0211578 9.98832E-05 0.179072 0.355614 9.98832E-05 9.98832E-05 9.98832E-05 0.0232096 9.98832E-05 0.0948075
9.98651E-05 9.98651E-05 9.98651E-05 0.0507471 9.98651E-05 9.98651E-05 9.98651E-05 9.98651E-05 0.03378 9.98651E-05 9.98651E-05 9.98651E-05 0.870249 9.98651E-05 9.98651E-05 0.0437261 9.98651E-05 9.98651E-05 9.98651E-05
9.98384E-05 9.98384E-05 9.98384E-05 9.98384E-05 9.98384E-05 9.98384E-05 9.98384E-05 9.98384E-05 9.98384E-05 9.98384E-05 9.98384E-05 9.98384E-05 9.98384E-05 9.98384E-05 9.98384E-05 9.98384E-05 0.998203 9.98384E-05 9.98384E-05
9.99099E-05 0.0770308 9.99099E-05 0.0750495 9.99099E-05 9.99099E-05 9.99099E-05 0.0454731 9.99099E-05 0.0764375 9.99099E-05 0.119499 0.0204374 0.00992962 9.99099E-05 0.219203 9.99099E-05 9.99099E-05 0.355941
9.98741E-05 9.98741E-05 9.98741E-05 9.98741E-05 9.98741E-05 9.98741E-05 9.98741E-05 0.00245915 9.98741E-05 0.0115709 9.98741E-05 0.0404388 9.98741E-05 9.98741E-05 9.98741E-05 0.00931964 0.934813 9.98741E-05 9.98741E-05
9.98381E-05 9.98381E-05 9.98381E-05 9.98381E-05 9.98381E-05 9.98381E-05 9.98381E-05 0.998203 9.98381E-05 9.98381E-05 9.98381E-05 9.98381E-05 9.98381E-05 9.98381E-05 9.98381E-05 9.98381E-05 9.98381E-05 9.98381E-05 9.98381E-05
9.98381E-05 9.98381E-05 9.98381E-05 9.98381E-05 9.98381E-05 9.98381E-05 9.98381E-05 0.998203 9.98381E-05 9.98381E-05 9.98381E-05 9.98381E-05 9.98381E-05 9.98381E-05 9.98381E-05 9.98381E-05 9.98381E-05 9.98381E-05 9.98381E-05
0.0175013 9.98831E-05 9.98831E-05 9.98831E-05 9.98831E-05 9.98831E-05 9.98831E-05 9.98831E-05 9.98831E-05 9.98831E-05 9.98831E-05 9.98831E-05 0.0239802 0.139129 0.607577 9.98831E-05 9.98831E-05 0.198676 0.0118381
9.98565E-05 9.98565E-05 9.98565E-05 9.98565E-05 9.98565E-05 9.98565E-05 9.98565E-05 9.98565E-05 9.98565E-05 9.98565E-05 9.98565E-05 9.98565E-05 9.98565E-05 9.98565E-05 9.98565E-05 9.98565E-05 0.00499705 0.958127 0.0352785
9.98832E-05 9.98832E-05 0.0162067 0.00638648 0.0150767 9.98832E-05 0.0381717 9.98832E-05 9.98832E-05 9.98832E-05 9.98832E-05 0.0097002 0.91316 9.98832E-05 9.98832E-05 9.98832E-05 9.98832E-05 9.98832E-05 9.98832E-05
9.98653E-05 0.0067788 0.0495866 9.98653E-05 9.98653E-05 0.0171394 9.98653E-05 9.98653E-05 9.98653E-05 9.98653E-05 9.98653E-05 9.98653E-05 0.924997 9.98653E-05 9.98653E-05 9.98653E-05 9.98653E-05 9.98653E-05 9.98653E-05
0.709406 9.9874E-05 9.9874E-05 9.9874E-05 9.9874E-05 9.9874E-05 9.9874E-05 0.0553638 0.108868 9.9874E-05 9.9874E-05 9.9874E-05 9.9874E-05 9.9874E-05 0.0125783 9.9874E-05 9.9874E-05 0.112386 9.9874E-05
9.9874E-05 0.00739842 9.9874E-05 9.9874E-05 0.913166 0.020324 9.9874E-05 0.0516382 9.9874E-05 9.9874E-05 0.00607498 9.9874E-05 9.9874E-05 9.9874E-05 9.9874E-05 9.9874E-05 9.9874E-05 9.9874E-05 9.9874E-05
9.99008E-05 0.00455905 0.132347 0.0336904 9.99008E-05 0.0410509 0.742439 0.0272082 9.99008E-05 0.00396194 9.99008E-05 9.99008E-05 9.99008E-05 0.0136449 9.99008E-05 9.99008E-05 9.99008E-05 9.99008E-05 9.99008E-05
9.98383E-05 9.98383E-05 9.98383E-05 9.98383E-05 9.98383E-05 9.98383E-05 9.98383E-05 9.98383E-05 9.98383E-05 9.98383E-05 0.998203 9.98383E-05 9.98383E-05 9.98383E-05 9.98383E-05 9.98383E-05 9.98383E-05 9.98383E-05 9.98383E-05
0.27746 0.223206 9.98828E-05 9.98828E-05 9.98828E-05 9.98828E-05 9.98828E-05 0.194419 0.165006 9.98828E-05 9.98828E-05 9.98828E-05 9.98828E-05 0.042967 0.0956434 9.98828E-05 9.98828E-05 9.98828E-05 9.98828E-05
9.9856E-05 9.9856E-05 9.9856E-05 9.9856E-05 9.9856E-05 0.0438763 0.93908 9.9856E-05 9.9856E-05 9.9856E-05 0.0154456 9.9856E-05 9.9856E-05 9.9856E-05 9.9856E-05 9.9856E-05 9.9856E-05 9.9856E-05 9.9856E-05
0.143196 9.98919E-05 0.266939 9.98919E-05 0.0333749 9.98919E-05 0.0094414 0.00978479 9.98919E-05 9.98919E-05 9.98919E-05 9.98919E-05 9.98919E-05 9.98919E-05 0.451429 9.98919E-05 9.98919E-05 0.0846359 9.98919E-05
9.98381E-05 9.98381E-05 9.98381E-05 9.98381E-05 9.98381E-05 0.998203 9.98381E-05 9.98381E-05 9.98381E-05 9.98381E-05 9.98381E-05 9.98381E-05 9.98381E-05 9.98381E-05 9.98381E-05 9.98381E-05 9.98381E-05 9.98381E-05 9.98381E-05
9.98561E-05 9.98561E-05 9.98561E-05 9.98561E-05 9.98561E-05 0.0982326 0.0131266 9.98561E-05 9.98561E-05 9.98561E-05 0.887043 9.98561E-05 9.98561E-05 9.98561E-05 9.98561E-05 9.98561E-05 9.98561E-05 9.98561E-05 9.98561E-05
9.98654E-05 9.98654E-05 9.98654E-05 0.0290289 9.98654E-05 9.98654E-05 9.98654E-05 9.98654E-05 9.98654E-05 0.0227354 9.98654E-05 9.98654E-05 0.942264 9.98654E-05 9.98654E-05 9.98654E-05 9.98654E-05 9.98654E-05 0.00447333
9.98385E-05 9.98385E-05 9.98385E-05 9.98385E-05 9.98385E-05 9.98385E-05 9.98385E-05 9.98385E-05 9.98385E-05 9.98385E-05 9.98385E-05 9.98385E-05 0.998203 9.98385E-05 9.98385E-05 9.98385E-05 9.98385E-05 9.98385E-05 9.98385E-05
9.98738E-05 0.0995187 9.98738E-05 9.98738E-05 0.0552863 9.98738E-05 9.98738E-05 9.98738E-05 9.98738E-05 9.98738E-05 9.98738E-05 9.98738E-05 9.98738E-05 0.0135207 0.0433391 9.98738E-05 9.98738E-05 0.786937 9.98738E-05
9.98741E-05 9.98741E-05 9.98741E-05 9.98741E-05 9.98741E-05 9.98741E-05 9.98741E-05 9.98741E-05 9.98741E-05 0.0454492 9.98741E-05 9.98741E-05 0.897417 9.98741E-05 9.98741E-05 0.023561 0.0294542 9.98741E-05 0.00272068
0.033042 9.98742E-05 9.98742E-05 9.98742E-05 9.98742E-05 9.98742E-05 9.98742E-05 9.98742E-05 9.98742E-05 0.0669012 9.98742E-05 9.98742E-05 0.878227 9.98742E-05 9.98742E-05 9.98742E-05 9.98742E-05 0.00993398 0.0104977
9.98832E-05 9.98832E-05 0.0214404 0.0551005 9.98832E-05 9.98832E-05 9.98832E-05 9.98832E-05 9.98832E-05 0.0748859 0.000149721 9.98832E-05 0.317158 9.98832E-05 9.98832E-05 0.529967 9.98832E-05 9.98832E-05 9.98832E-05
9.98559E-05 9.98559E-05 9.98559E-05 9.98559E-05 9.98559E-05 9.98559E-05 9.98559E-05 9.98559E-05 9.98559E-05 9.98559E-05 9.98559E-05 9.98559E-05 0.00744734 9.98559E-05 9.98559E-05 0.975788 9.98559E-05 9.98559E-05 0.0151666
9.98385E-05 9.98385E-05 9.98385E-05 9.98385E-05 9.98385E-05 9.98385E-05 9.98385E-05 9.98385E-05 9.98385E-05 9.98385E-05 9.98385E-05 0.998203 9.98385E-05 9.98385E-05 9.98385E-05 9.98385E-05 9.98385E-05 9.98385E-05 9.98385E-05
9.98653E-05 9.98653E-05 9.98653E-05 9.98653E-05 0.012497 9.98653E-05 9.98653E-05 9.98653E-05 9.98653E-05 9.98653E-05 9.98653E-05 9.98653E-05 0.855624 9.98653E-05 9.98653E-05 0.0139095 9.98653E-05 9.98653E-05 0.116471
9.98833E-05 0.0368595 9.98833E-05 0.0346769 9.98833E-05 9.98833E-05 9.98833E-05 9.98833E-05 9.98833E-05 0.689583 9.98833E-05 9.98833E-05 9.98833E-05 9.98833E-05 9.98833E-05 0.0361516 0.000386452 9.98833E-05 0.201044
9.99008E-05 9.99008E-05 0.115128 9.99008E-05 0.1882 9.99008E-05 9.99008E-05 0.0136408 0.0309777 9.99008E-05 9.99008E-05 9.99008E-05 9.99008E-05 0.105118 9.99008E-05 0.0320981 9.99008E-05 0.488966 0.0247725
9.98696E-05 9.98696E-05 9.98696E-05 9.98696E-05 9.98696E-05 9.98696E-05 9.98696E-05 9.98696E-05 0.016709 9.98696E-05 9.98696E-05 9.98696E-05 0.92487 9.98696E-05 9.98696E-05 9.98696E-05 0.010768 9.98696E-05 0.046155
9.98651E-05 9.98651E-05 9.98651E-05 0.0277153 9.98651E-05 9.98651E-05 9.98651E-05 9.98651E-05 0.000704735 9.98651E-05 9.98651E-05 9.98651E-05 9.98651E-05 9.98651E-05 0.938771 9.98651E-05 9.98651E-05 9.98651E-05 0.0313114
9.9892E-05 0.688986 0.00241818 9.9892E-05 0.0790856 0.0287621 9.9892E-05 0.0258891 9.9892E-05 9.9892E-05 9.9892E-05 0.13135 9.9892E-05 9.9892E-05 9.9892E-05 9.9892E-05 9.9892E-05 9.9892E-05 0.04231
9.98562E-05 9.98562E-05 9.98562E-05 9.98562E-05 0.975147 9.98562E-05 9.98562E-05 9.98562E-05 9.98562E-05 9.98562E-05 9.98562E-05 9.98562E-05 0.00795305 9.98562E-05 9.98562E-05 9.98562E-05 9.98562E-05 9.98562E-05 0.0153027
9.98381E-05 9.98381E-05 0.998203 9.98381E-05 9.98381E-05 9.98381E-05 9.98381E-05 9.98381E-05 9.98381E-05 9.98381E-05 9.98381E-05 9.98381E-05 9.98381E-05 9.98381E-05 9.98381E-05 9.98381E-05 9.98381E-05 9.98381E-05 9.98381E-05
9.98471E-05 9.98471E-05 0.972292 9.98471E-05 9.98471E-05 9.98471E-05 9.98471E-05 9.98471E-05 9.98471E-05 9.98471E-05 9.98471E-05 9.98471E-05 9.98471E-05 9.98471E-05 0.0260104 9.98471E-05 9.98471E-05 9.98471E-05 9.98471E-05
9.98828E-05 0.581019 9.98828E-05 9.98828E-05 0.0195235 9.98828E-05 9.98828E-05 0.265907 0.0642641 9.98828E-05 0.0206363 9.98828E-05 9.98828E-05 9.98828E-05 0.0473521 9.98828E-05 9.98828E-05 9.98828E-05 9.98828E-05
0.826877 0.0621856 0.0185622 9.9892E-05 9.9892E-05 9.9892E-05 0.00496602 9.9892E-05 9.9892E-05 9.9892E-05 9.9892E-05 9.9892E-05 9.9892E-05 9.9892E-05 0.00863518 9.9892E-05 0.0519793 0.0255964 9.9892E-05
9.98828E-05 0.47094 9.98828E-05 9.98828E-05 0.000670299 9.98828E-05 9.98828E-05 0.363798 0.12577 9.98828E-05 9.98828E-05 9.98828E-05 9.98828E-05 0.0145303 0.0229934 9.98828E-05 9.98828E-05 9.98828E-05 9.98828E-05
9.98919E-05 0.520322 0.0636053 9.98919E-05 9.98919E-05 0.111354 9.98919E-05 9.98919E-05 0.161141 9.98919E-05 0.0546484 9.98919E-05 9.98919E-05 0.0368459 9.98919E-05 9.98919E-05 9.98919E-05 0.0508852 9.98919E-05
0.104384 0.497429 0.0935186 9.98921E-05 9.98921E-05 9.98921E-05 0.0213328 9.98921E-05 0.167015 9.98921E-05 9.98921E-05 9.98921E-05 9.98921E-05 9.98921E-05 0.0524577 0.0626645 9.98921E-05 9.98921E-05 9.98921E-05
9.99099E-05 0.147837 9.99099E-05 0.057044 0.123362 9.99099E-05 9.99099E-05 0.0311315 0.28597 9.99099E-05 9.99099E-05 9.99099E-05 9.99099E-05 9.99099E-05 0.211598 0.101508 0.0197242 0.0208264 9.99099E-05
9.98569E-05 9.98569E-05 9.98569E-05 9.98569E-05 9.98569E-05 0.00205344 9.98569E-05 9.98569E-05 9.98569E-05 9.98569E-05 0.0278498 9.98569E-05 9.98569E-05 9.98569E-05 0.968499 9.98569E-05 9.98569E-05 9.98569E-05 9.98569E-05
9.98472E-05 9.98472E-05 9.98472E-05 9.98472E-05 9.98472E-05 9.98472E-05 9.98472E-05 9.98472E-05 9.98472E-05 0.995865 9.98472E-05 9.98472E-05 0.00243737 9.98472E-05 9.98472E-05 9.98472E-05 9.98472E-05 9.98472E-05 9.98472E-05
9.98472E-05 9.98472E-05 0.0268516 9.98472E-05 9.98472E-05 9.98472E-05 9.98472E-05 9.98472E-05 9.98472E-05 0.971451 9.98472E-05 9.98472E-05 9.98472E-05 9.98472E-05 9.98472E-05 9.98472E-05 9.98472E-05 9.98472E-05 9.98472E-05
9.98384E-05 9.98384E-05 9.98384E-05 9.98384E-05 9.98384E-05 9.98384E-05 9.98384E-05 9.98384E-05 9.98384E-05 0.998203 9.98384E-05 9.98384E-05 9.98384E-05 9.98384E-05 9.98384E-05 9.98384E-05 9.98384E-05 9.98384E-05 9.98384E-05
9.98384E-05 9.98384E-05 9.98384E-05 9.98384E-05 9.98384E-05 9.98384E-05 9.98384E-05 9.98384E-05 9.98384E-05 0.998203 9.98384E-05 9.98384E-05 9.98384E-05 9.98384E-05 9.98384E-05 9.98384E-05 9.98384E-05 9.98384E-05 9.98384E-05
9.98383E-05 9.98383E-05 9.98383E-05 9.98383E-05 9.98383E-05 9.98383E-05 9.98383E-05 9.98383E-05 9.98383E-05 0.998203 9.98383E-05 9.98383E-05 9.98383E-05 9.98383E-05 9.98383E-05 9.98383E-05 9.98383E-05 9.98383E-05 9.98383E-05
0.0480936 9.99012E-05 9.99012E-05 9.99012E-05 9.99012E-05 0.0855973 9.99012E-05 0.00452678 9.99012E-05 0.358241 9.99012E-05 0.0556521 9.99012E-05 9.99012E-05 9.99012E-05 0.275077 0.0428008 9.99012E-05 0.128913
0.00598419 9.98562E-05 9.98562E-05 9.98562E-05 9.98562E-05 9.98562E-05 9.98562E-05 9.98562E-05 9.98562E-05 0.951144 9.98562E-05 0.0412739 9.98562E-05 9.98562E-05 9.98562E-05 9.98562E-05 9.98562E-05 9.98562E-05 9.98562E-05
0.178548 9.98647E-05 9.98647E-05 9.98647E-05 9.98647E-05 9.98647E-05 9.98647E-05 0.0111367 0.0835631 9.98647E-05 9.98647E-05 9.98647E-05 9.98647E-05 9.98647E-05 0.725254 9.98647E-05 9.98647E-05 9.98647E-05 9.98647E-05
9.98919E-05 9.98919E-05 9.98919E-05 0.0216541 9.98919E-05 9.98919E-05 9.98919E-05 0.00348625 9.98919E-05 0.0364318 9.98919E-05 0.896131 9.98919E-05 9.98919E-05 0.00243792 9.98919E-05 0.0325456 0.00611474 9.98919E-05
9.98471E-05 9.98471E-05 0.01598 9.98471E-05 9.98471E-05 9.98471E-05 9.98471E-05 9.98471E-05 9.98471E-05 9.98471E-05 9.98471E-05 9.98471E-05 0.982323 9.98471E-05 9.98471E-05 9.98471E-05 9.98471E-05 9.98471E-05 9.98471E-05
0.0131996 9.98742E-05 0.126693 9.98742E-05 9.98742E-05 9.98742E-05 9.98742E-05 9.98742E-05 9.98742E-05 0.00503623 9.98742E-05 9.98742E-05 9.98742E-05 0.0113822 9.98742E-05 9.98742E-05 9.98742E-05 0.84229 9.98742E-05
0.870732 9.98564E-05 9.98564E-05 9.98564E-05 9.98564E-05 9.98564E-05 9.98564E-05 9.98564E-05 0.0870346 9.98564E-05 9.98564E-05 9.98564E-05 9.98564E-05 9.98564E-05 9.98564E-05 9.98564E-05 9.98564E-05 0.0406353 9.98564E-05
9.98654E-05 9.98654E-05 9.98654E-05 0.00772844 9.98654E-05 9.98654E-05 9.98654E-05 9.98654E-05 9.98654E-05 9.98654E-05 9.98654E-05 9.98654E-05 9.98654E-05 9.98654E-05 9.98654E-05 9.98654E-05 0.0128864 0.959584 0.018303
9.98649E-05 0.098301 0.00999308 9.98649E-05 9.98649E-05 9.98649E-05 9.98649E-05 0.00326024 9.98649E-05 9.98649E-05 9.98649E-05 9.98649E-05 9.98649E-05 9.98649E-05 9.98649E-05 9.98649E-05 9.98649E-05 0.886948 9.98649E-05
9.98738E-05 9.98738E-05 9.98738E-05 9.98738E-05 9.98738E-05 9.98738E-05 9.98738E-05 0.0817781 0.0569193 9.98738E-05 0.00901247 9.98738E-05 9.98738E-05 0.0469015 9.98738E-05 9.98738E-05 9.98738E-05 0.80399 9.98738E-05
9.98474E-05 9.98474E-05 9.98474E-05 9.98474E-05 9.98474E-05 9.98474E-05 0.989959 9.98474E-05 9.98474E-05 9.98474E-05 9.98474E-05 9.98474E-05 9.98474E-05 9.98474E-05 0.00834358 9.98474E-05 9.98474E-05 9.98474E-05 9.98474E-05
9.98478E-05 9.98478E-05 9.98478E-05 0.00645579 9.98478E-05 9.98478E-05 9.98478E-05 9.98478E-05 9.98478E-05 9.98478E-05 9.98478E-05 9.98478E-05 0.991847 9.98478E-05 9.98478E-05 9.98478E-05 9.98478E-05 9.98478E-05 9.98478E-05
0.0777709 0.130239 0.0445155 0.0212202 9.99641E-05 0.0676514 9.99641E-05 0.00518151 9.99641E-05 0.0345976 0.0299103 9.99641E-05 0.267229 0.0495587 0.0624285 0.0868806 0.00170738 0.051746 0.0689632
9.98564E-05 9.98564E-05 9.98564E-05 0.191865 9.98564E-05 9.98564E-05 9.98564E-05 9.98564E-05 9.98564E-05 9.98564E-05 9.98564E-05 9.98564E-05 0.720386 9.98564E-05 9.98564E-05 9.98564E-05 9.98564E-05 9.98564E-05 0.0861519
9.9883E-05 9.9883E-05 0.0530928 9.9883E-05 0.013543 9.9883E-05 9.9883E-05 0.00720654 9.9883E-05 0.0198235 9.9883E-05 9.9883E-05 0.834827 9.9883E-05 9.9883E-05 0.0702088 9.9883E-05 9.9883E-05 9.9883E-05
0.0453338 9.9874E-05 9.9874E-05 9.9874E-05 9.9874E-05 9.9874E-05 9.9874E-05 9.9874E-05 9.9874E-05 0.0340145 9.9874E-05 9.9874E-05 0.863345 9.9874E-05 9.9874E-05 9.9874E-05 0.0167459 9.9874E-05 0.0391629
0.0553895 9.98653E-05 9.98653E-05 9.98653E-05 9.98653E-05 9.98653E-05 9.98653E-05 9.98653E-05 9.98653E-05 9.98653E-05 9.98653E-05 9.98653E-05 0.922038 9.98653E-05 9.98653E-05 9.98653E-05 0.0162258 9.98653E-05 0.00484864
9.98743E-05 9.98743E-05 0.0232958 9.98743E-05 9.98743E-05 9.98743E-05 9.98743E-05 0.0632366 9.98743E-05 9.98743E-05 9.98743E-05 9.98743E-05 0.680774 9.98743E-05 9.98743E-05 0.22538 9.98743E-05 9.98743E-05 0.00591515
9.9865E-05 9.9865E-05 0.000689878 9.9865E-05 0.0259068 9.9865E-05 9.9865E-05 9.9865E-05 0.00461423 9.9865E-05 9.9865E-05 9.9865E-05 0.967291 9.9865E-05 9.9865E-05 9.9865E-05 9.9865E-05 9.9865E-05 9.9865E-05
9.98471E-05 9.98471E-05 9.98471E-05 9.98471E-05 9.98471E-05 9.98471E-05 9.98471E-05 9.98471E-05 9.98471E-05 0.0166821 9.98471E-05 9.98471E-05 9.98471E-05 9.98471E-05 9.98471E-05 9.98471E-05 9.98471E-05 9.98471E-05 0.981621
9.98471E-05 9.98471E-05 9.98471E-05 9.98471E-05 9.98471E-05 9.98471E-05 9.98471E-05 9.98471E-05 9.98471E-05 9.98471E-05 9.98471E-05 9.98471E-05 9.98471E-05 9.98471E-05 9.98471E-05 9.98471E-05 9.98471E-05 0.0321391 0.966163
0.00106214 9.98742E-05 9.98742E-05 0.0618415 9.98742E-05 0.0283743 9.98742E-05 9.98742E-05 9.98742E-05 0.0409273 9.98742E-05 9.98742E-05 0.866397 9.98742E-05 9.98742E-05 9.98742E-05 9.98742E-05 9.98742E-05 9.98742E-05
0.936791 9.9883E-05 9.9883E-05 9.9883E-05 0.00881335 0.0196154 9.9883E-05 9.9883E-05 9.9883E-05 0.0122288 9.9883E-05 9.9883E-05 0.0190882 0.00216464 9.9883E-05 9.9883E-05 9.9883E-05 9.9883E-05 9.9883E-05
0.987585 9.98303E-05 9.98303E-05 9.98303E-05 9.98303E-05 9.98303E-05 9.98303E-05 9.98303E-05 9.98303E-05 0.0107177 9.98303E-05 9.98303E-05 9.98303E-05 9.98303E-05 9.98303E-05 9.98303E-05 9.98303E-05 9.98303E-05 9.98303E-05
9.98448E-05 9.98448E-05 9.98448E-05 9.98448E-05 9.98448E-05 9.98448E-05 9.98448E-05 9.98448E-05 9.98448E-05 9.98448E-05 9.98448E-05 9.98448E-05 9.98448E-05 0.998203 9.98448E-05 9.98448E-05 9.98448E-05 9.98448E-05 9.98448E-05
9.98474E-05 9.98474E-05 9.98474E-05 9.98474E-05 9.98474E-05 9.98474E-05 9.98474E-05 9.98474E-05 9.98474E-05 9.98474E-05 0.00463727 9.98474E-05 9.98474E-05 0.993665 9.98474E-05 9.98474E-05 9.98474E-05 9.98474E-05 9.98474E-05
9.9838E-05 0.998203 9.9838E-05 9.9838E-05 9.9838E-05 9.9838E-05 9.9838E-05 9.9838E-05 9.9838E-05 9.9838E-05 9.9838E-05 9.9838E-05 9.9838E-05 9.9838E-05 9.9838E-05 9.9838E-05 9.9838E-05 9.9838E-05 9.9838E-05
9.9847E-05 0.9733 9.9847E-05 9.9847E-05 9.9847E-05 9.9847E-05 9.9847E-05 9.9847E-05 9.9847E-05 9.9847E-05 9.9847E-05 9.9847E-05 9.9847E-05 9.9847E-05 9.9847E-05 9.9847E-05 0.0250025 9.9847E-05 9.9847E-05
0.00261923 9.98654E-05 9.98654E-05 9.98654E-05 9.98654E-05 9.98654E-05 9.98654E-05 9.98654E-05 9.98654E-05 9.98654E-05 9.98654E-05 0.00607357 9.98654E-05 0.978699 9.98654E-05 9.98654E-05 9.98654E-05 9.98654E-05 0.0111105
9.98474E-05 9.98474E-05 0.00477834 9.98474E-05 9.98474E-05 9.98474E-05 9.98474E-05 9.98474E-05 9.98474E-05 9.98474E-05 9.98474E-05 9.98474E-05 9.98474E-05 0.993524 9.98474E-05 9.98474E-05 9.98474E-05 9.98474E-05 9.98474E-05
0.010395 9.98649E-05 9.98649E-05 9.98649E-05 9.98649E-05 9.98649E-05 9.98649E-05 9.98649E-05 9.98649E-05 0.0280783 9.98649E-05 9.98649E-05 9.98649E-05 9.98649E-05 0.927921 9.98649E-05 9.98649E-05 0.0321074 9.98649E-05
0.0344583 9.9874E-05 0.697835 9.9874E-05 9.9874E-05 9.9874E-05 9.9874E-05 9.9874E-05 9.9874E-05 9.9874E-05 0.0293591 9.9874E-05 9.9874E-05 9.9874E-05 9.9874E-05 9.9874E-05 0.139993 0.096956 9.9874E-05
9.98649E-05 9.98649E-05 9.98649E-05 9.98649E-05 9.98649E-05 9.98649E-05 9.98649E-05 9.98649E-05 0.0209901 0.055826 9.98649E-05 0.867734 9.98649E-05 9.98649E-05 9.98649E-05 9.98649E-05 0.0539523 9.98649E-05 9.98649E-05
9.98471E-05 9.98471E-05 9.98471E-05 9.98471E-05 9.98471E-05 0.0362631 9.98471E-05 9.98471E-05 0.96204 9.98471E-05 9.98471E-05 9.98471E-05 9.98471E-05 9.98471E-05 9.98471E-05 9.98471E-05 9.98471E-05 9.98471E-05 9.98471E-05
0.0392415 9.98741E-05 9.98741E-05 9.98741E-05 0.0208719 9.98741E-05 9.98741E-05 9.98741E-05 0.930316 9.98741E-05 9.98741E-05 9.98741E-05 9.98741E-05 0.00734918 0.000823535 9.98741E-05 9.98741E-05 9.98741E-05 9.98741E-05
9.98381E-05 9.98381E-05 9.98381E-05 9.98381E-05 9.98381E-05 9.98381E-05 9.98381E-05 9.98381E-05 9.98381E-05 9.98381E-05 9.98381E-05 9.98381E-05 9.98381E-05 9.98381E-05 9.98381E-05 0.998203 9.98381E-05 9.98381E-05 9.98381E-05
