9.98648E-05 9.98648E-05 0.0946676 9.98648E-05 9.98648E-05 9.98648E-05 9.98648E-05 9.98648E-05 9.98648E-05 9.98648E-05 9.98648E-05 0.0185496 0.885026 9.98648E-05 9.98648E-05 9.98648E-05 0.000258451 9.98648E-05 9.98648E-05
9.98649E-05 9.98649E-05 9.98649E-05 9.98649E-05 9.98649E-05 9.98649E-05 9.98649E-05 0.126443 9.98649E-05 9.98649E-05 0.646505 9.98649E-05 9.98649E-05 9.98649E-05 0.0518673 9.98649E-05 0.173687 9.98649E-05 9.98649E-05
9.98382E-05 9.98382E-05 9.98382E-05 9.98382E-05 9.98382E-05 9.98382E-05 0.998203 9.98382E-05 9.98382E-05 9.98382E-05 9.98382E-05 9.98382E-05 9.98382E-05 9.98382E-05 9.98382E-05 9.98382E-05 9.98382E-05 9.98382E-05 9.98382E-05
9.98741E-05 9.98741E-05 9.98741E-05 9.98741E-05 9.98741E-05 0.0139456 0.000887569 0.935601 9.98741E-05 9.98741E-05 9.98741E-05 9.98741E-05 9.98741E-05 0.0272159 9.98741E-05 9.98741E-05 9.98741E-05 9.98741E-05 0.0209514
9.99371E-05 0.145828 0.0462711 0.0782737 9.99371E-05 0.0256311 0.00612376 0.191556 9.99371E-05 9.99371E-05 0.122786 0.00872373 0.00634041 9.99371E-05 9.99371E-05 9.99371E-05 0.149318 0.20296 0.0154881
9.98831E-05 9.98831E-05 9.98831E-05 0.0103482 9.98831E-05 9.98831E-05 9.98831E-05 0.973796 9.98831E-05 0.00203404 9.98831E-05 9.98831E-05 9.98831E-05 9.98831E-05 0.000680462 0.00884855 9.98831E-05 0.00299394 9.98831E-05
9.98382E-05 0.998203 9.98382E-05 9.98382E-05 9.98382E-05 9.98382E-05 9.98382E-05 9.98382E-05 9.98382E-05 9.98382E-05 9.98382E-05 9.98382E-05 9.98382E-05 9.98382E-05 9.98382E-05 9.98382E-05 9.98382E-05 9.98382E-05 9.98382E-05
9.991E-05 9.991E-05 0.0771023 0.471251 9.991E-05 0.0482382 0.0196893 0.0189969 9.991E-05 9.991E-05 0.146669 9.991E-05 9.991E-05 0.00457911 9.991E-05 9.991E-05 9.991E-05 0.133858 0.0786165
9.9874E-05 0.930463 9.9874E-05 9.9874E-05 9.9874E-05 9.9874E-05 9.9874E-05 9.9874E-05 0.00538176 9.9874E-05 0.0407724 9.9874E-05 9.9874E-05 9.9874E-05 0.00395872 9.9874E-05 9.9874E-05 9.9874E-05 0.0180263
9.98472E-05 0.108245 0.890057 9.98472E-05 9.98472E-05 9.98472E-05 9.98472E-05 9.98472E-05 9.98472E-05 9.98472E-05 9.98472E-05 9.98472E-05 9.98472E-05 9.98472E-05 9.98472E-05 9.98472E-05 9.98472E-05 9.98472E-05 9.98472E-05
9.98472E-05 0.0942336 0.904069 9.98472E-05 9.98472E-05 9.98472E-05 9.98472E-05 9.98472E-05 9.98472E-05 9.98472E-05 9.98472E-05 9.98472E-05 9.98472E-05 9.98472E-05 9.98472E-05 9.98472E-05 9.98472E-05 9.98472E-05 9.98472E-05
0.161288 9.98651E-05 9.98651E-05 9.98651E-05 9.98651E-05 9.98651E-05 0.0343342 9.98651E-05 9.98651E-05 9.98651E-05 9.98651E-05 9.98651E-05 0.673884 0.128995 9.98651E-05 9.98651E-05 9.98651E-05 9.98651E-05 9.98651E-05
0.969471 9.98564E-05 9.98564E-05 9.98564E-05 9.98564E-05 9.98564E-05 9.98564E-05 9.98564E-05 9.98564E-05 0.00105065 9.98564E-05 9.98564E-05 9.98564E-05 9.98564E-05 9.98564E-05 9.98564E-05 9.98564E-05 0.0278809 9.98564E-05
9.98562E-05 9.98562E-05 9.98562E-05 9.98562E-05 0.0225642 9.98562E-05 9.98562E-05 0.971722 9.98562E-05 9.98562E-05 0.00411617 9.98562E-05 9.98562E-05 9.98562E-05 9.98562E-05 9.98562E-05 9.98562E-05 9.98562E-05 9.98562E-05
9.98742E-05 9.98742E-05 9.98742E-05 9.98742E-05 0.000631336 9.98742E-05 9.98742E-05 0.957544 9.98742E-05 9.98742E-05 9.98742E-05 9.98742E-05 0.0266594 9.98742E-05 9.98742E-05 0.00239517 0.0113717 9.98742E-05 9.98742E-05
0.0806848 9.9865E-05 0.0433751 9.9865E-05 9.9865E-05 9.9865E-05 9.9865E-05 9.9865E-05 0.736583 0.137859 9.9865E-05 9.9865E-05 9.9865E-05 9.9865E-05 9.9865E-05 9.9865E-05 9.9865E-05 9.9865E-05 9.9865E-05
9.98651E-05 9.98651E-05 0.0303158 9.98651E-05 0.0128665 9.98651E-05 9.98651E-05 9.98651E-05 9.98651E-05 9.98651E-05 9.98651E-05 0.00198906 9.98651E-05 9.98651E-05 0.953331 9.98651E-05 9.98651E-05 9.98651E-05 9.98651E-05
9.98739E-05 9.98739E-05 0.0429304 9.98739E-05 0.695948 9.98739E-05 9.98739E-05 9.98739E-05 9.98739E-05 9.98739E-05 0.0157915 9.98739E-05 9.98739E-05 9.98739E-05 9.98739E-05 9.98739E-05 0.201161 9.98739E-05 0.0427711
9.98474E-05 9.98474E-05 9.98474E-05 9.98474E-05 0.982463 9.98474E-05 9.98474E-05 9.98474E-05 9.98474E-05 9.98474E-05 9.98474E-05 9.98474E-05 9.98474E-05 0.0158397 9.98474E-05 9.98474E-05 9.98474E-05 9.98474E-05 9.98474E-05
9.98828E-05 9.98828E-05 0.42054 9.98828E-05 9.98828E-05 9.98828E-05 9.98828E-05 9.98828E-05 0.329948 0.120412 9.98828E-05 9.98828E-05 0.0749402 0.0026128 0.0502484 9.98828E-05 9.98828E-05 9.98828E-05 9.98828E-05
9.98473E-05 9.98473E-05 9.98473E-05 9.98473E-05 0.998202 9.98473E-05 9.98473E-05 9.98473E-05 9.98473E-05 9.98473E-05 9.98473E-05 9.98473E-05 9.98473E-05 9.98473E-05 9.98473E-05 9.98473E-05 9.98473E-05 0.000100899 9.98473E-05
0.0834254 9.98829E-05 9.98829E-05 9.98829E-05 9.98829E-05 9.98829E-05 9.98829E-05 9.98829E-05 0.246346 0.0144379 9.98829E-05 9.98829E-05 0.343744 9.98829E-05 9.98829E-05 0.0105651 0.300183 9.98829E-05 9.98829E-05
9.98381E-05 9.98381E-05 9.98381E-05 9.98381E-05 9.98381E-05 9.98381E-05 9.98381E-05 9.98381E-05 9.98381E-05 9.98381E-05 9.98381E-05 0.998203 9.98381E-05 9.98381E-05 9.98381E-05 9.98381E-05 9.98381E-05 9.98381E-05 9.98381E-05
9.9856E-05 9.9856E-05 9.9856E-05 9.9856E-05 0.896223 9.9856E-05 9.9856E-05 9.9856E-05 9.9856E-05 0.0771192 9.9856E-05 0.0250605 9.9856E-05 9.9856E-05 9.9856E-05 9.9856E-05 9.9856E-05 9.9856E-05 9.9856E-05
9.98565E-05 9.98565E-05 9.98565E-05 0.00880446 9.98565E-05 0.585717 9.98565E-05 0.403881 9.98565E-05 9.98565E-05 9.98565E-05 9.98565E-05 9.98565E-05 9.98565E-05 9.98565E-05 9.98565E-05 9.98565E-05 9.98565E-05 9.98565E-05
9.98473E-05 9.98473E-05 9.98473E-05 9.98473E-05 9.98473E-05 0.119218 9.98473E-05 0.879084 9.98473E-05 9.98473E-05 9.98473E-05 9.98473E-05 9.98473E-05 9.98473E-05 9.98473E-05 9.98473E-05 9.98473E-05 9.98473E-05 9.98473E-05
0.776777 9.98738E-05 0.0843047 9.98738E-05 9.98738E-05 9.98738E-05 9.98738E-05 9.98738E-05 9.98738E-05 9.98738E-05 9.98738E-05 9.98738E-05 0.032282 0.0558587 0.0493795 9.98738E-05 9.98738E-05 9.98738E-05 9.98738E-05
9.98472E-05 9.98472E-05 9.98472E-05 9.98472E-05 9.98472E-05 0.994019 9.98472E-05 9.98472E-05 9.98472E-05 9.98472E-05 9.98472E-05 9.98472E-05 9.98472E-05 0.00428346 9.98472E-05 9.98472E-05 9.98472E-05 9.98472E-05 9.98472E-05
9.98472E-05 9.98472E-05 9.98472E-05 9.98472E-05 9.98472E-05 0.994429 0.00387333 9.98472E-05 9.98472E-05 9.98472E-05 9.98472E-05 9.98472E-05 9.98472E-05 9.98472E-05 9.98472E-05 9.98472E-05 9.98472E-05 9.98472E-05 9.98472E-05
9.99012E-05 9.99012E-05 9.99012E-05 9.99012E-05 9.99012E-05 0.178129 0.0276629 0.222737 9.99012E-05 9.99012E-05 0.00956192 9.99012E-05 0.0167931 9.99012E-05 9.99012E-05 0.0149114 9.99012E-05 0.425728 0.103377
9.98648E-05 9.98648E-05 9.98648E-05 9.98648E-05 9.98648E-05 9.98648E-05 9.98648E-05 0.143629 9.98648E-05 0.0075067 9.98648E-05 9.98648E-05 9.98648E-05 9.98648E-05 9.98648E-05 9.98648E-05 9.98648E-05 0.837128 0.0102386
9.98385E-05 9.98385E-05 9.98385E-05 9.98385E-05 9.98385E-05 9.98385E-05 9.98385E-05 9.98385E-05 9.98385E-05 9.98385E-05 0.998203 9.98385E-05 9.98385E-05 9.98385E-05 9.98385E-05 9.98385E-05 9.98385E-05 9.98385E-05 9.98385E-05
9.98653E-05 9.98653E-05 9.98653E-05 0.162291 9.98653E-05 0.196263 9.98653E-05 0.632802 9.98653E-05 9.98653E-05 9.98653E-05 9.98653E-05 9.98653E-05 9.98653E-05 9.98653E-05 9.98653E-05 0.00714672 9.98653E-05 9.98653E-05
9.98831E-05 9.98831E-05 0.0288973 0.197836 9.98831E-05 9.98831E-05 0.0633699 9.98831E-05 9.98831E-05 9.98831E-05 0.0297777 9.98831E-05 9.98831E-05 9.98831E-05 9.98831E-05 9.98831E-05 9.98831E-05 0.0276524 0.651168
0.454049 9.98827E-05 9.98827E-05 0.0361269 9.98827E-05 9.98827E-05 9.98827E-05 9.98827E-05 9.98827E-05 0.0851236 9.98827E-05 9.98827E-05 9.98827E-05 0.0971101 0.225268 9.98827E-05 0.101024 9.98827E-05 9.98827E-05
9.98739E-05 9.98739E-05 9.98739E-05 0.0383088 9.98739E-05 0.441952 9.98739E-05 0.504771 9.98739E-05 0.00667014 9.98739E-05 9.98739E-05 9.98739E-05 9.98739E-05 0.00689981 9.98739E-05 9.98739E-05 9.98739E-05 9.98739E-05
9.9865E-05 9.9865E-05 9.9865E-05 0.0170087 9.9865E-05 9.9865E-05 0.0433072 9.9865E-05 9.9865E-05 0.000191891 9.9865E-05 9.9865E-05 0.937994 9.9865E-05 9.9865E-05 9.9865E-05 9.9865E-05 9.9865E-05 9.9865E-05
9.99008E-05 9.99008E-05 0.539912 0.0402563 9.99008E-05 9.99008E-05 9.99008E-05 9.99008E-05 9.99008E-05 9.99008E-05 0.191348 0.0549523 0.0511658 9.99008E-05 0.0323771 0.0356529 0.0532359 9.99008E-05 9.99008E-05
9.98561E-05 9.98561E-05 9.98561E-05 0.0184641 9.98561E-05 9.98561E-05 9.98561E-05 0.0112948 9.98561E-05 9.98561E-05 9.98561E-05 9.98561E-05 9.98561E-05 9.98561E-05 0.968643 9.98561E-05 9.98561E-05 9.98561E-05 9.98561E-05
9.9856E-05 9.9856E-05 9.9856E-05 9.9856E-05 9.9856E-05 9.9856E-05 9.9856E-05 0.0145676 9.9856E-05 9.9856E-05 9.9856E-05 9.9856E-05 9.9856E-05 9.9856E-05 0.0116071 9.9856E-05 0.972228 9.9856E-05 9.9856E-05
9.9838E-05 9.9838E-05 9.9838E-05 9.9838E-05 9.9838E-05 9.9838E-05 9.9838E-05 9.9838E-05 9.9838E-05 9.9838E-05 9.9838E-05 9.9838E-05 9.9838E-05 9.9838E-05 9.9838E-05 9.9838E-05 0.998203 9.9838E-05 9.9838E-05
9.9874E-05 9.9874E-05 0.844575 9.9874E-05 9.9874E-05 9.9874E-05 9.9874E-05 9.9874E-05 9.9874E-05 9.9874E-05 9.9874E-05 0.0218216 0.0668049 9.9874E-05 0.0225895 9.9874E-05 0.0428112 9.9874E-05 9.9874E-05
0.0528464 0.0698385 0.0351166 9.99009E-05 0.00490451 9.99009E-05 9.99009E-05 9.99009E-05 0.777319 9.99009E-05 9.99009E-05 9.99009E-05 0.0163441 9.99009E-05 9.99009E-05 0.00457044 0.037962 9.99009E-05 9.99009E-05
9.9856E-05 9.9856E-05 0.893521 9.9856E-05 9.9856E-05 9.9856E-05 9.9856E-05 9.9856E-05 9.9856E-05 0.0977921 9.9856E-05 9.9856E-05 0.00708922 9.9856E-05 9.9856E-05 9.9856E-05 9.9856E-05 9.9856E-05 9.9856E-05
0.132523 9.99188E-05 0.242865 9.99188E-05 0.0289956 9.99188E-05 9.99188E-05 9.99188E-05 0.0230794 0.189079 0.0480157 0.131404 0.0491159 0.0240275 9.99188E-05 9.99188E-05 0.129995 9.99188E-05 9.99188E-05
9.99008E-05 9.99008E-05 0.29078 9.99008E-05 9.99008E-05 9.99008E-05 9.99008E-05 0.0459024 0.106309 0.215955 0.079975 9.99008E-05 0.0410752 9.99008E-05 9.99008E-05 0.0785838 0.140321 9.99008E-05 9.99008E-05
9.99099E-05 0.0486783 0.121213 9.99099E-05 9.99099E-05 0.0258922 0.0519276 9.99099E-05 9.99099E-05 0.512728 9.99099E-05 9.99099E-05 0.152898 9.99099E-05 0.0556273 9.99099E-05 9.99099E-05 0.0151469 0.0148894
9.98502E-05 9.98502E-05 9.98502E-05 9.98502E-05 9.98502E-05 9.98502E-05 9.98502E-05 9.98502E-05 9.98502E-05 9.98502E-05 0.00908897 0.00242042 0.968591 9.98502E-05 9.98502E-05 0.018402 9.98502E-05 9.98502E-05 9.98502E-05
9.98382E-05 9.98382E-05 9.98382E-05 9.98382E-05 9.98382E-05 9.98382E-05 9.98382E-05 9.98382E-05 9.98382E-05 9.98382E-05 9.98382E-05 9.98382E-05 9.98382E-05 9.98382E-05 9.98382E-05 9.98382E-05 9.98382E-05 9.98382E-05 0.998203
9.98652E-05 9.98652E-05 9.98652E-05 9.98652E-05 0.0116599 0.00936557 9.98652E-05 9.98652E-05 9.98652E-05 0.00883165 9.98652E-05 9.98652E-05 9.98652E-05 9.98652E-05 9.98652E-05 9.98652E-05 9.98652E-05 9.98652E-05 0.968645
9.98473E-05 9.98473E-05 9.98473E-05 9.98473E-05 9.98473E-05 9.98473E-05 9.98473E-05 9.98473E-05 0.0107945 9.98473E-05 9.98473E-05 9.98473E-05 9.98473E-05 9.98473E-05 9.98473E-05 9.98473E-05 9.98473E-05 9.98473E-05 0.987508
9.98384E-05 9.98384E-05 9.98384E-05 9.98384E-05 9.98384E-05 9.98384E-05 9.98384E-05 9.98384E-05 9.98384E-05 9.98384E-05 9.98384E-05 9.98384E-05 9.98384E-05 9.98384E-05 9.98384E-05 9.98384E-05 9.98384E-05 9.98384E-05 0.998203
9.98384E-05 9.98384E-05 9.98384E-05 9.98384E-05 9.98384E-05 9.98384E-05 9.98384E-05 9.98384E-05 9.98384E-05 9.98384E-05 9.98384E-05 9.98384E-05 9.98384E-05 9.98384E-05 9.98384E-05 9.98384E-05 9.98384E-05 9.98384E-05 0.998203
0.0160909 0.0359185 9.99101E-05 0.106652 9.99101E-05 9.99101E-05 0.0248094 9.99101E-05 0.0510424 9.99101E-05 0.0542383 0.0778563 9.99101E-05 9.99101E-05 9.99101E-05 9.99101E-05 9.99101E-05 0.319314 0.313079
9.98742E-05 9.98742E-05 0.00459529 9.98742E-05 9.98742E-05 9.98742E-05 9.98742E-05 9.98742E-05 0.0110256 9.98742E-05 0.0355922 9.98742E-05 0.00945463 9.98742E-05 9.98742E-05 9.98742E-05 9.98742E-05 9.98742E-05 0.937934
9.98559E-05 9.98559E-05 9.98559E-05 9.98559E-05 9.98559E-05 9.98559E-05 9.98559E-05 9.98559E-05 0.152011 0.0381769 9.98559E-05 9.98559E-05 0.808215 9.98559E-05 9.98559E-05 9.98559E-05 9.98559E-05 9.98559E-05 9.98559E-05
9.98738E-05 0.0588332 9.98738E-05 9.98738E-05 9.98738E-05 0.0174206 9.98738E-05 9.98738E-05 9.98738E-05 9.98738E-05 0.871782 9.98738E-05 9.98738E-05 0.0127487 9.98738E-05 9.98738E-05 9.98738E-05 9.98738E-05 0.0378172
9.98649E-05 9.98649E-05 9.98649E-05 9.98649E-05 9.98649E-05 0.298975 9.98649E-05 0.671625 9.98649E-05 0.000813513 9.98649E-05 9.98649E-05 9.98649E-05 9.98649E-05 9.98649E-05 9.98649E-05 0.0270887 9.98649E-05 9.98649E-05
0.796764 9.98741E-05 9.98741E-05 9.98741E-05 9.98741E-05 9.98741E-05 9.98741E-05 9.98741E-05 0.0206084 9.98741E-05 9.98741E-05 9.98741E-05 9.98741E-05 0.031633 9.98741E-05 9.98741E-05 0.141167 9.98741E-05 0.00842962
0.0144764 9.98653E-05 9.98653E-05 9.98653E-05 9.98653E-05 9.98653E-05 0.00499572 9.98653E-05 0.856695 0.122335 9.98653E-05 9.98653E-05 9.98653E-05 9.98653E-05 9.98653E-05 9.98653E-05 9.98653E-05 9.98653E-05 9.98653E-05
0.965455 0.0328471 9.98476E-05 9.98476E-05 9.98476E-05 9.98476E-05 9.98476E-05 9.98476E-05 9.98476E-05 9.98476E-05 9.98476E-05 9.98476E-05 9.98476E-05 9.98476E-05 9.98476E-05 9.98476E-05 9.98476E-05 9.98476E-05 9.98476E-05
0.865285 9.98469E-05 0.133017 9.98469E-05 9.98469E-05 9.98469E-05 9.98469E-05 9.98469E-05 9.98469E-05 9.98469E-05 9.98469E-05 9.98469E-05 9.98469E-05 9.98469E-05 9.98469E-05 9.98469E-05 9.98469E-05 9.98469E-05 9.98469E-05
0.784333 9.98649E-05 0.111437 9.98649E-05 9.98649E-05 9.98649E-05 9.98649E-05 9.98649E-05 9.98649E-05 0.058939 9.98649E-05 9.98649E-05 9.98649E-05 0.0437931 9.98649E-05 9.98649E-05 9.98649E-05 9.98649E-05 9.98649E-05
9.98383E-05 9.98383E-05 9.98383E-05 9.98383E-05 9.98383E-05 9.98383E-05 9.98383E-05 9.98383E-05 9.98383E-05 9.98383E-05 9.98383E-05 9.98383E-05 9.98383E-05 9.98383E-05 9.98383E-05 0.998203 9.98383E-05 9.98383E-05 9.98383E-05
9.98657E-05 9.98657E-05 9.98657E-05 9.98657E-05 9.98657E-05 0.730089 0.00949053 0.254861 9.98657E-05 9.98657E-05 9.98657E-05 9.98657E-05 9.98657E-05 0.00406098 9.98657E-05 9.98657E-05 9.98657E-05 9.98657E-05 9.98657E-05
0.199385 9.9946E-05 0.138569 0.0297916 9.9946E-05 9.9946E-05 0.0577548 0.0967004 0.0803803 9.9946E-05 0.107979 0.0275452 0.0397917 0.0299322 9.9946E-05 0.036375 9.9946E-05 0.146029 0.0091672
9.98563E-05 9.98563E-05 9.98563E-05 0.0966666 9.98563E-05 9.98563E-05 0.121302 0.780434 9.98563E-05 9.98563E-05 9.98563E-05 9.98563E-05 9.98563E-05 9.98563E-05 9.98563E-05 9.98563E-05 9.98563E-05 9.98563E-05 9.98563E-05
9.98921E-05 0.0215335 9.98921E-05 9.98921E-05 9.98921E-05 0.122448 9.98921E-05 0.788769 9.98921E-05 9.98921E-05 9.98921E-05 9.98921E-05 0.000264386 9.98921E-05 0.0291693 9.98921E-05 9.98921E-05 0.0125006 0.024117
0.00219546 9.98561E-05 9.98561E-05 9.98561E-05 9.98561E-05 0.965655 9.98561E-05 9.98561E-05 0.0305518 9.98561E-05 9.98561E-05 9.98561E-05 9.98561E-05 9.98561E-05 9.98561E-05 9.98561E-05 9.98561E-05 9.98561E-05 9.98561E-05
9.98563E-05 9.98563E-05 9.98563E-05 9.98563E-05 0.000512001 0.983172 9.98563E-05 9.98563E-05 0.0147184 9.98563E-05 9.98563E-05 9.98563E-05 9.98563E-05 9.98563E-05 9.98563E-05 9.98563E-05 9.98563E-05 9.98563E-05 9.98563E-05
9.99101E-05 0.0117026 0.00569368 0.0118483 9.99101E-05 0.0502051 9.99101E-05 0.69468 9.99101E-05 9.99101E-05 9.99101E-05 9.99101E-05 0.000974515 0.0175619 9.99101E-05 9.99101E-05 0.0344332 0.171902 9.99101E-05
9.9874E-05 9.9874E-05 9.9874E-05 9.9874E-05 9.9874E-05 0.370686 9.9874E-05 0.596944 9.9874E-05 9.9874E-05 9.9874E-05 9.9874E-05 9.9874E-05 0.000298919 0.0255605 9.9874E-05 0.00511227 9.9874E-05 9.9874E-05
9.98471E-05 9.98471E-05 9.98471E-05 0.956818 9.98471E-05 9.98471E-05 9.98471E-05 9.98471E-05 9.98471E-05 9.98471E-05 9.98471E-05 9.98471E-05 9.98471E-05 9.98471E-05 9.98471E-05 9.98471E-05 9.98471E-05 9.98471E-05 0.0414845
0.0170176 0.00312685 9.98561E-05 0.978258 9.98561E-05 9.98561E-05 9.98561E-05 9.98561E-05 9.98561E-05 9.98561E-05 9.98561E-05 9.98561E-05 9.98561E-05 9.98561E-05 9.98561E-05 9.98561E-05 9.98561E-05 9.98561E-05 9.98561E-05
9.98832E-05 9.98832E-05 9.98832E-05 9.98832E-05 9.98832E-05 0.122725 0.0157132 0.822886 0.0156389 9.98832E-05 9.98832E-05 0.0123837 9.98832E-05 9.98832E-05 9.98832E-05 9.98832E-05 9.98832E-05 9.98832E-05 0.00935472
9.98651E-05 9.98651E-05 9.98651E-05 9.98651E-05 9.98651E-05 9.98651E-05 9.98651E-05 0.0103032 0.973625 9.98651E-05 9.98651E-05 0.00757563 9.98651E-05 9.98651E-05 9.98651E-05 9.98651E-05 9.98651E-05 9.98651E-05 0.00699836
9.98471E-05 9.98471E-05 9.98471E-05 9.98471E-05 9.98471E-05 9.98471E-05 9.98471E-05 9.98471E-05 0.980851 9.98471E-05 9.98471E-05 9.98471E-05 9.98471E-05 9.98471E-05 9.98471E-05 9.98471E-05 9.98471E-05 9.98471E-05 0.0174512
9.98563E-05 9.98563E-05 9.98563E-05 9.98563E-05 9.98563E-05 9.98563E-05 9.98563E-05 9.98563E-05 9.98563E-05 9.98563E-05 9.98563E-05 9.98563E-05 0.009164 0.984554 9.98563E-05 0.0046844 9.98563E-05 9.98563E-05 9.98563E-05
0.0154376 9.98474E-05 9.98474E-05 9.98474E-05 9.98474E-05 9.98474E-05 9.98474E-05 9.98474E-05 9.98474E-05 9.98474E-05 9.98474E-05 9.98474E-05 9.98474E-05 0.982865 9.98474E-05 9.98474E-05 9.98474E-05 9.98474E-05 9.98474E-05
0.0632199 9.98829E-05 0.722715 9.98829E-05 9.98829E-05 9.98829E-05 9.98829E-05 0.0114128 0.0288608 9.98829E-05 0.0394693 9.98829E-05 9.98829E-05 9.98829E-05 9.98829E-05 9.98829E-05 0.133024 9.98829E-05 9.98829E-05
0.0727744 9.98829E-05 0.725618 9.98829E-05 9.98829E-05 9.98829E-05 9.98829E-05 9.98829E-05 0.0593633 9.98829E-05 0.032806 9.98829E-05 9.98829E-05 9.98829E-05 9.98829E-05 0.0152097 0.0929298 9.98829E-05 9.98829E-05
9.98653E-05 9.98653E-05 9.98653E-05 0.00805158 9.98653E-05 9.98653E-05 9.98653E-05 9.98653E-05 0.0258575 9.98653E-05 9.98653E-05 0.0201275 9.98653E-05 0.944465 9.98653E-05 9.98653E-05 9.98653E-05 9.98653E-05 9.98653E-05
9.98383E-05 9.98383E-05 9.98383E-05 9.98383E-05 9.98383E-05 9.98383E-05 9.98383E-05 9.98383E-05 9.98383E-05 9.98383E-05 9.98383E-05 9.98383E-05 9.98383E-05 0.998203 9.98383E-05 9.98383E-05 9.98383E-05 9.98383E-05 9.98383E-05
0.000313166 0.00920406 9.9865E-05 9.9865E-05 9.9865E-05 9.9865E-05 9.9865E-05 9.9865E-05 9.9865E-05 9.9865E-05 9.9865E-05 9.9865E-05 0.964814 9.9865E-05 9.9865E-05 9.9865E-05 9.9865E-05 9.9865E-05 0.0241706
0.107609 0.0942541 9.9874E-05 9.9874E-05 0.0244785 9.9874E-05 9.9874E-05 9.9874E-05 0.0576692 9.9874E-05 9.9874E-05 9.9874E-05 9.9874E-05 9.9874E-05 9.9874E-05 9.9874E-05 0.714591 9.9874E-05 9.9874E-05
9.98561E-05 0.0387615 9.98561E-05 9.98561E-05 9.98561E-05 9.98561E-05 9.98561E-05 9.98561E-05 9.98561E-05 9.98561E-05 0.926366 9.98561E-05 9.98561E-05 9.98561E-05 9.98561E-05 9.98561E-05 9.98561E-05 9.98561E-05 0.0332747
9.98379E-05 9.98379E-05 9.98379E-05 9.98379E-05 9.98379E-05 9.98379E-05 9.98379E-05 9.98379E-05 9.98379E-05 0.998203 9.98379E-05 9.98379E-05 9.98379E-05 9.98379E-05 9.98379E-05 9.98379E-05 9.98379E-05 9.98379E-05 9.98379E-05
0.0779378 9.98921E-05 9.98921E-05 9.98921E-05 0.022277 9.98921E-05 9.98921E-05 9.98921E-05 0.00443539 0.697853 9.98921E-05 9.98921E-05 0.0487869 0.043731 0.103781 9.98921E-05 9.98921E-05 9.98921E-05 9.98921E-05
9.9838E-05 9.9838E-05 9.9838E-05 9.9838E-05 9.9838E-05 9.9838E-05 9.9838E-05 9.9838E-05 9.9838E-05 9.9838E-05 9.9838E-05 9.9838E-05 9.9838E-05 9.9838E-05 9.9838E-05 9.9838E-05 9.9838E-05 0.998203 9.9838E-05
