9.998E-05 9.998E-05 9.998E-05 0.9997
9.999E-05 0.266113 0.351289 0.382498
0.0528375 0.85204 0.0448396 0.0502833
9.998E-05 0.9997 9.998E-05 9.998E-05
9.999E-05 0.430031 0.341088 0.22878
9.9982E-05 0.98819 9.9982E-05 0.0116099
9.999E-05 0.00478149 0.451063 0.544055
9.999E-05 0.45903 0.450608 0.0902627
9.999E-05 0.0191888 0.481107 0.499604
9.9982E-05 9.9982E-05 0.161937 0.837863
9.9982E-05 9.9982E-05 0.121698 0.878102
9.9982E-05 0.0932453 9.9982E-05 0.906555
9.99821E-05 0.0549592 9.99821E-05 0.944841
0.0175702 0.98223 9.9982E-05 9.9982E-05
0.0161238 0.968973 9.9991E-05 0.0148028
9.9991E-05 0.00441707 0.0533391 0.942144
0.164731 0.0601247 9.9991E-05 0.775044
0.737699 9.9991E-05 0.112036 0.150165
0.9997 9.998E-05 9.998E-05 9.998E-05
9.9982E-05 9.9982E-05 0.0340646 0.965735
0.9997 9.998E-05 9.998E-05 9.998E-05
9.9982E-05 9.9982E-05 0.00890599 0.990894
0.544797 0.0719676 0.0408186 0.342417
0.9997 9.998E-05 9.998E-05 9.998E-05
9.998E-05 0.9997 9.998E-05 9.998E-05
9.998E-05 0.9997 9.998E-05 9.998E-05
9.9982E-05 9.9982E-05 0.00273955 0.99706
9.9982E-05 0.924914 0.074886 9.9982E-05
0.000379709 0.889238 0.110283 9.9991E-05
0.0178376 0.699457 0.282606 9.9991E-05
0.00603922 0.65007 0.34379 9.9991E-05
9.9991E-05 0.0603541 0.682198 0.257348
9.998E-05 0.9997 9.998E-05 9.998E-05
9.9982E-05 0.0999839 0.899816 9.9982E-05
9.9982E-05 0.0948313 9.9982E-05 0.904969
9.998E-05 0.9997 9.998E-05 9.998E-05
9.99821E-05 0.0872386 9.99821E-05 0.912561
0.0343271 9.9991E-05 0.237 0.728573
0.164411 0.187612 9.9991E-05 0.647877
9.9982E-05 0.146699 9.9982E-05 0.853101
9.9991E-05 0.0859192 0.0521869 0.861794
0.016627 9.9991E-05 0.0708445 0.912429
9.9982E-05 9.9982E-05 0.0700734 0.929727
9.9982E-05 9.9982E-05 0.0748593 0.924941
0.145471 9.9991E-05 0.0717073 0.782722
0.0438418 0.0231161 0.121043 0.811999
9.9991E-05 0.113655 0.106799 0.779445
9.99822E-05 9.99822E-05 0.0115306 0.988269
9.998E-05 9.998E-05 0.9997 9.998E-05
9.998E-05 9.998E-05 0.9997 9.998E-05
9.998E-05 9.998E-05 0.9997 9.998E-05
9.998E-05 9.998E-05 0.9997 9.998E-05
9.998E-05 9.998E-05 0.9997 9.998E-05
0.0402224 0.197477 0.687305 0.0749965
9.998E-05 9.998E-05 0.9997 9.998E-05
9.998E-05 9.998E-05 9.998E-05 0.9997
9.9991E-05 0.0775139 0.617053 0.305333
9.998E-05 0.9997 9.998E-05 9.998E-05
9.9991E-05 0.0178653 0.000907027 0.981128
9.9991E-05 0.0683746 0.00890419 0.922621
9.998E-05 9.998E-05 9.998E-05 0.9997
9.998E-05 9.998E-05 9.998E-05 0.9997
0.0124491 9.9982E-05 9.9982E-05 0.987351
0.910539 9.9991E-05 0.0364674 0.052894
9.998E-05 0.9997 9.998E-05 9.998E-05
0.0687026 0.313789 0.210007 0.407502
9.99821E-05 0.993567 0.00623301 9.99821E-05
9.9982E-05 0.979203 0.0205975 9.9982E-05
9.9982E-05 0.909199 0.0906013 9.9982E-05
0.00469743 0.952759 0.0424436 9.9991E-05
9.9991E-05 0.916772 0.0704847 0.0126437
9.998E-05 0.9997 9.998E-05 9.998E-05
9.99821E-05 0.474498 0.525302 9.99821E-05
0.0192995 0.464544 0.489586 0.0265699
9.998E-05 0.9997 9.998E-05 9.998E-05
9.9991E-05 0.033491 0.139269 0.82714
9.9991E-05 0.0420584 0.167265 0.790576
0.186617 0.140638 9.9991E-05 0.672645
0.194921 0.135134 9.9991E-05 0.669845
9.99819E-05 9.99819E-05 0.126725 0.873075
9.99819E-05 9.99819E-05 0.138287 0.861513
0.186251 0.187661 9.9991E-05 0.625987
0.202377 0.161935 9.9991E-05 0.635588
9.9982E-05 9.9982E-05 0.028942 0.970858
0.0463094 9.9991E-05 0.0767939 0.876797
9.9991E-05 0.0231372 0.682068 0.294695
0.189404 0.0923514 9.9991E-05 0.718145
0.139555 0.0133718 9.9991E-05 0.846974
0.032276 0.602037 0.365587 9.9991E-05
