9.98828E-05 9.98828E-05 9.98828E-05 9.98828E-05 9.98828E-05 9.98828E-05 9.98828E-05 9.98828E-05 9.98828E-05 0.0582872 9.98828E-05 0.906786 9.98828E-05 9.98828E-05 9.98828E-05 0.0336281
9.98919E-05 9.98919E-05 9.98919E-05 9.98919E-05 9.98919E-05 9.98919E-05 0.678545 0.161539 9.98919E-05 9.98919E-05 9.98919E-05 9.98919E-05 0.137286 9.98919E-05 9.98919E-05 0.0214312
0.0121702 0.0462721 0.159508 9.99107E-05 0.0801024 9.99107E-05 9.99107E-05 9.99107E-05 9.99107E-05 9.99107E-05 9.99107E-05 9.99107E-05 0.410735 9.99107E-05 0.290213 9.99107E-05
9.98921E-05 0.0197455 0.0491853 9.98921E-05 9.98921E-05 9.98921E-05 9.98921E-05 9.98921E-05 0.0265689 9.98921E-05 9.98921E-05 9.98921E-05 0.903302 9.98921E-05 9.98921E-05 9.98921E-05
9.99371E-05 9.99371E-05 9.99371E-05 9.99371E-05 9.99371E-05 9.99371E-05 0.0996361 0.00571846 0.0496296 0.0985179 0.1802 0.0298713 0.349108 0.0224852 0.164134 9.99371E-05
9.98921E-05 9.98921E-05 9.98921E-05 0.0125817 9.98921E-05 9.98921E-05 9.98921E-05 9.98921E-05 9.98921E-05 9.98921E-05 0.00445544 9.98921E-05 0.96462 0.0171441 9.98921E-05 9.98921E-05
9.98652E-05 9.98652E-05 9.98652E-05 9.98652E-05 9.98652E-05 9.98652E-05 9.98652E-05 9.98652E-05 9.98652E-05 9.98652E-05 0.998502 9.98652E-05 9.98652E-05 9.98652E-05 9.98652E-05 9.98652E-05
9.99189E-05 0.00259927 0.0277359 9.99189E-05 9.99189E-05 9.99189E-05 0.115166 9.99189E-05 0.0391352 0.079424 9.99189E-05 9.99189E-05 0.0509436 9.99189E-05 0.684097 9.99189E-05
9.9892E-05 9.9892E-05 9.9892E-05 9.9892E-05 9.9892E-05 0.0325888 0.00645684 9.9892E-05 0.00322788 9.9892E-05 0.956528 9.9892E-05 9.9892E-05 9.9892E-05 9.9892E-05 9.9892E-05
9.98742E-05 9.98742E-05 9.98742E-05 9.98742E-05 9.98742E-05 9.98742E-05 9.98742E-05 9.98742E-05 9.98742E-05 0.893045 0.105556 9.98742E-05 9.98742E-05 9.98742E-05 9.98742E-05 9.98742E-05
9.98742E-05 9.98742E-05 9.98742E-05 9.98742E-05 9.98742E-05 9.98742E-05 9.98742E-05 9.98742E-05 9.98742E-05 0.878624 0.119978 9.98742E-05 9.98742E-05 9.98742E-05 9.98742E-05 9.98742E-05
9.99011E-05 0.112886 0.0164735 9.99011E-05 0.135286 9.99011E-05 9.99011E-05 9.99011E-05 9.99011E-05 9.99011E-05 9.99011E-05 0.705368 0.0288874 9.99011E-05 9.99011E-05 9.99011E-05
9.98833E-05 9.98833E-05 9.98833E-05 9.98833E-05 0.951544 9.98833E-05 9.98833E-05 9.98833E-05 9.98833E-05 9.98833E-05 9.98833E-05 9.98833E-05 9.98833E-05 0.00829209 0.0388659 9.98833E-05
0.00590334 9.991E-05 9.991E-05 0.0145253 9.991E-05 9.991E-05 0.0203139 9.991E-05 9.991E-05 9.991E-05 9.991E-05 0.00204844 0.935733 9.991E-05 9.991E-05 0.0204764
9.98741E-05 9.98741E-05 9.98741E-05 9.98741E-05 9.98741E-05 9.98741E-05 9.98741E-05 9.98741E-05 9.98741E-05 9.98741E-05 9.98741E-05 0.0156009 0.983001 9.98741E-05 9.98741E-05 9.98741E-05
9.9892E-05 9.9892E-05 9.9892E-05 9.9892E-05 0.132425 0.732328 9.9892E-05 9.9892E-05 9.9892E-05 0.0472429 9.9892E-05 9.9892E-05 9.9892E-05 0.0868047 9.9892E-05 9.9892E-05
9.9874E-05 9.9874E-05 9.9874E-05 9.9874E-05 9.9874E-05 9.9874E-05 9.9874E-05 9.9874E-05 9.9874E-05 0.050971 9.9874E-05 9.9874E-05 9.9874E-05 9.9874E-05 9.9874E-05 0.947631
0.710703 9.99099E-05 9.99099E-05 9.99099E-05 9.99099E-05 9.99099E-05 0.00573389 0.188305 0.0432614 0.032237 0.0187607 9.99099E-05 9.99099E-05 9.99099E-05 9.99099E-05 9.99099E-05
0.868806 0.0195822 9.98922E-05 0.108844 9.98922E-05 9.98922E-05 9.98922E-05 9.98922E-05 9.98922E-05 9.98922E-05 9.98922E-05 9.98922E-05 9.98922E-05 0.00156874 9.98922E-05 9.98922E-05
9.99098E-05 0.0272114 9.99098E-05 9.99098E-05 9.99098E-05 0.298323 9.99098E-05 9.99098E-05 9.99098E-05 0.455509 9.99098E-05 0.0843735 9.99098E-05 0.0852855 9.99098E-05 0.0482991
0.940676 9.98741E-05 9.98741E-05 0.0579261 9.98741E-05 9.98741E-05 9.98741E-05 9.98741E-05 9.98741E-05 9.98741E-05 9.98741E-05 9.98741E-05 9.98741E-05 9.98741E-05 9.98741E-05 9.98741E-05
9.99099E-05 0.0286342 9.99099E-05 9.99099E-05 0.0595014 0.171444 9.99099E-05 0.23922 9.99099E-05 9.99099E-05 9.99099E-05 0.453035 9.99099E-05 9.99099E-05 9.99099E-05 0.0471663
0.413434 0.133351 0.01367 9.9919E-05 9.9919E-05 9.9919E-05 9.9919E-05 9.9919E-05 0.0102721 0.0826396 9.9919E-05 9.9919E-05 9.9919E-05 0.128058 9.9919E-05 0.217676
0.89966 9.98739E-05 9.98739E-05 9.98739E-05 9.98739E-05 9.98739E-05 9.98739E-05 9.98739E-05 9.98739E-05 9.98739E-05 9.98739E-05 9.98739E-05 9.98739E-05 0.0989418 9.98739E-05 9.98739E-05
9.98743E-05 9.98743E-05 0.557065 9.98743E-05 9.98743E-05 9.98743E-05 9.98743E-05 9.98743E-05 9.98743E-05 9.98743E-05 9.98743E-05 9.98743E-05 0.441536 9.98743E-05 9.98743E-05 9.98743E-05
9.98743E-05 9.98743E-05 0.140708 9.98743E-05 9.98743E-05 9.98743E-05 9.98743E-05 9.98743E-05 9.98743E-05 9.98743E-05 9.98743E-05 9.98743E-05 0.857893 9.98743E-05 9.98743E-05 9.98743E-05
9.99008E-05 0.0296013 9.99008E-05 9.99008E-05 0.766278 9.99008E-05 9.99008E-05 9.99008E-05 9.99008E-05 0.0728845 9.99008E-05 0.0686227 9.99008E-05 9.99008E-05 9.99008E-05 0.0615148
9.98651E-05 9.98651E-05 0.998502 9.98651E-05 9.98651E-05 9.98651E-05 9.98651E-05 9.98651E-05 9.98651E-05 9.98651E-05 9.98651E-05 9.98651E-05 9.98651E-05 9.98651E-05 9.98651E-05 9.98651E-05
9.98652E-05 9.98652E-05 0.998502 9.98652E-05 9.98652E-05 9.98652E-05 9.98652E-05 9.98652E-05 9.98652E-05 9.98652E-05 9.98652E-05 9.98652E-05 9.98652E-05 9.98652E-05 9.98652E-05 9.98652E-05
9.99371E-05 0.0255953 0.242248 0.0265438 9.99371E-05 9.99371E-05 0.0642985 9.99371E-05 0.0834212 9.99371E-05 9.99371E-05 9.99371E-05 0.258041 0.0161861 0.265847 0.0171194
9.99098E-05 0.0347405 0.0221978 9.99098E-05 9.99098E-05 9.99098E-05 9.99098E-05 9.99098E-05 0.0682493 9.99098E-05 9.99098E-05 9.99098E-05 0.31758 9.99098E-05 0.538304 0.0179285
9.98655E-05 9.98655E-05 9.98655E-05 9.98655E-05 9.98655E-05 9.98655E-05 0.998502 9.98655E-05 9.98655E-05 9.98655E-05 9.98655E-05 9.98655E-05 9.98655E-05 9.98655E-05 9.98655E-05 9.98655E-05
9.98831E-05 9.98831E-05 0.247088 9.98831E-05 9.98831E-05 9.98831E-05 9.98831E-05 9.98831E-05 9.98831E-05 9.98831E-05 9.98831E-05 9.98831E-05 0.53297 9.98831E-05 0.218643 9.98831E-05
9.98832E-05 9.98832E-05 9.98832E-05 9.98832E-05 9.98832E-05 9.98832E-05 0.00707965 9.98832E-05 0.699977 9.98832E-05 9.98832E-05 9.98832E-05 9.98832E-05 9.98832E-05 0.291645 9.98832E-05
9.99277E-05 0.126912 9.99277E-05 9.99277E-05 0.499247 9.99277E-05 9.99277E-05 0.0189725 9.99277E-05 0.026682 9.99277E-05 0.0336044 9.99277E-05 0.0029154 0.0510629 0.239804
9.99278E-05 9.99278E-05 0.449355 9.99278E-05 9.99278E-05 9.99278E-05 0.00287581 0.00282038 9.99278E-05 9.99278E-05 0.0124528 9.99278E-05 0.428841 0.00965824 0.0615035 0.0316939
9.9883E-05 9.9883E-05 9.9883E-05 9.9883E-05 9.9883E-05 9.9883E-05 9.9883E-05 9.9883E-05 9.9883E-05 9.9883E-05 9.9883E-05 0.936816 9.9883E-05 0.0125812 0.0493044 9.9883E-05
9.99279E-05 9.99279E-05 9.99279E-05 0.0275895 0.000911114 9.99279E-05 0.186358 0.0862812 9.99279E-05 0.587133 9.99279E-05 0.0266091 0.0371699 9.99279E-05 9.99279E-05 0.0471489
9.98741E-05 9.98741E-05 9.98741E-05 9.98741E-05 9.98741E-05 9.98741E-05 9.98741E-05 9.98741E-05 9.98741E-05 9.98741E-05 9.98741E-05 9.98741E-05 0.0153642 9.98741E-05 9.98741E-05 0.983238
9.9874E-05 9.9874E-05 9.9874E-05 9.9874E-05 9.9874E-05 9.9874E-05 9.9874E-05 0.97853 9.9874E-05 9.9874E-05 9.9874E-05 9.9874E-05 0.0200716 9.9874E-05 9.9874E-05 9.9874E-05
9.9865E-05 9.9865E-05 9.9865E-05 9.9865E-05 9.9865E-05 9.9865E-05 9.9865E-05 0.998502 9.9865E-05 9.9865E-05 9.9865E-05 9.9865E-05 9.9865E-05 9.9865E-05 9.9865E-05 9.9865E-05
9.9901E-05 9.9901E-05 9.9901E-05 9.9901E-05 9.9901E-05 9.9901E-05 9.9901E-05 0.06695 9.9901E-05 0.884325 9.9901E-05 0.0128309 9.9901E-05 0.0337028 9.9901E-05 0.00109196
0.00241722 9.9919E-05 9.9919E-05 0.0225358 0.0374177 0.828577 9.9919E-05 0.0239802 9.9919E-05 9.9919E-05 0.0812147 0.00295817 9.9919E-05 9.9919E-05 9.9919E-05 9.9919E-05
9.9901E-05 9.9901E-05 9.9901E-05 9.9901E-05 9.9901E-05 0.0138696 9.9901E-05 9.9901E-05 9.9901E-05 0.892363 9.9901E-05 0.00757354 9.9901E-05 0.0705065 9.9901E-05 0.0145889
0.0612945 0.0389098 9.99278E-05 9.99278E-05 0.0924955 0.0646456 0.0654854 0.0758148 9.99278E-05 0.230795 9.99278E-05 9.99278E-05 9.99278E-05 0.36976 9.99278E-05 9.99278E-05
9.993E-05 9.993E-05 9.993E-05 0.0617437 9.993E-05 0.108679 0.0323763 0.139987 9.993E-05 0.286879 9.993E-05 0.0464066 0.00342488 0.308624 0.0111805 9.993E-05
9.99369E-05 9.99369E-05 0.0551759 9.99369E-05 0.0223547 9.99369E-05 9.99369E-05 9.99369E-05 0.0287824 0.150361 0.0335667 0.204652 0.0210271 0.426572 9.99369E-05 0.0568096
0.0181641 9.98749E-05 9.98749E-05 9.98749E-05 9.98749E-05 9.98749E-05 9.98749E-05 9.98749E-05 9.98749E-05 9.98749E-05 9.98749E-05 0.980438 9.98749E-05 9.98749E-05 9.98749E-05 9.98749E-05
9.98652E-05 9.98652E-05 9.98652E-05 9.98652E-05 9.98652E-05 9.98652E-05 9.98652E-05 9.98652E-05 0.998502 9.98652E-05 9.98652E-05 9.98652E-05 9.98652E-05 9.98652E-05 9.98652E-05 9.98652E-05
9.98652E-05 9.98652E-05 9.98652E-05 9.98652E-05 9.98652E-05 9.98652E-05 9.98652E-05 9.98652E-05 0.998502 9.98652E-05 9.98652E-05 9.98652E-05 9.98652E-05 9.98652E-05 9.98652E-05 9.98652E-05
9.98832E-05 9.98832E-05 9.98832E-05 9.98832E-05 9.98832E-05 0.00239908 9.98832E-05 9.98832E-05 0.988408 9.98832E-05 9.98832E-05 9.98832E-05 9.98832E-05 0.00789411 9.98832E-05 9.98832E-05
9.98653E-05 9.98653E-05 9.98653E-05 9.98653E-05 9.98653E-05 9.98653E-05 9.98653E-05 9.98653E-05 0.998502 9.98653E-05 9.98653E-05 9.98653E-05 9.98653E-05 9.98653E-05 9.98653E-05 9.98653E-05
9.98832E-05 9.98832E-05 0.00106408 9.98832E-05 9.98832E-05 9.98832E-05 9.98832E-05 9.98832E-05 0.987766 9.98832E-05 9.98832E-05 9.98832E-05 0.00987096 9.98832E-05 9.98832E-05 9.98832E-05
0.0280476 9.99103E-05 0.0974355 9.99103E-05 9.99103E-05 0.12222 0.0410328 9.99103E-05 0.337586 9.99103E-05 9.99103E-05 9.99103E-05 9.99103E-05 9.99103E-05 0.372679 9.99103E-05
9.9883E-05 9.9883E-05 9.9883E-05 9.9883E-05 9.9883E-05 9.9883E-05 0.0994093 9.9883E-05 0.873259 9.9883E-05 9.9883E-05 0.0260327 9.9883E-05 9.9883E-05 9.9883E-05 9.9883E-05
9.98919E-05 9.98919E-05 9.98919E-05 9.98919E-05 9.98919E-05 0.195203 9.98919E-05 9.98919E-05 9.98919E-05 0.00294666 9.98919E-05 0.78745 9.98919E-05 0.0132016 9.98919E-05 9.98919E-05
9.99009E-05 9.99009E-05 0.0165196 9.99009E-05 9.99009E-05 0.0257378 0.897938 9.99009E-05 0.0202136 9.99009E-05 0.0384922 9.99009E-05 9.99009E-05 9.99009E-05 9.99009E-05 9.99009E-05
9.98829E-05 9.98829E-05 0.352079 9.98829E-05 9.98829E-05 9.98829E-05 9.98829E-05 0.0106219 9.98829E-05 9.98829E-05 9.98829E-05 9.98829E-05 0.636001 9.98829E-05 9.98829E-05 9.98829E-05
9.98921E-05 0.0267973 9.98921E-05 9.98921E-05 0.833926 0.00877292 9.98921E-05 0.129305 9.98921E-05 9.98921E-05 9.98921E-05 9.98921E-05 9.98921E-05 9.98921E-05 9.98921E-05 9.98921E-05
9.98833E-05 9.98833E-05 9.98833E-05 9.98833E-05 0.0416874 0.878635 9.98833E-05 9.98833E-05 9.98833E-05 9.98833E-05 9.98833E-05 9.98833E-05 9.98833E-05 0.0783794 9.98833E-05 9.98833E-05
9.98744E-05 9.98744E-05 9.98744E-05 9.98744E-05 0.980632 9.98744E-05 9.98744E-05 9.98744E-05 9.98744E-05 9.98744E-05 0.0179698 9.98744E-05 9.98744E-05 9.98744E-05 9.98744E-05 9.98744E-05
9.98919E-05 9.98919E-05 9.98919E-05 9.98919E-05 0.882951 0.007014 9.98919E-05 0.00849527 9.98919E-05 0.100341 9.98919E-05 9.98919E-05 9.98919E-05 9.98919E-05 9.98919E-05 9.98919E-05
9.99009E-05 0.045115 9.99009E-05 9.99009E-05 0.814222 9.99009E-05 9.99009E-05 9.99009E-05 9.99009E-05 0.081665 9.99009E-05 9.99009E-05 9.99009E-05 0.0533242 9.99009E-05 0.00457514
9.98651E-05 9.98651E-05 9.98651E-05 0.998502 9.98651E-05 9.98651E-05 9.98651E-05 9.98651E-05 9.98651E-05 9.98651E-05 9.98651E-05 9.98651E-05 9.98651E-05 9.98651E-05 9.98651E-05 9.98651E-05
9.98835E-05 0.0238861 0.70519 9.98835E-05 9.98835E-05 9.98835E-05 9.98835E-05 9.98835E-05 9.98835E-05 9.98835E-05 9.98835E-05 9.98835E-05 0.269626 9.98835E-05 9.98835E-05 9.98835E-05
0.015367 0.0196648 9.9982E-05 0.0410307 0.0902574 0.0846186 0.010676 9.9982E-05 0.0694197 0.102388 0.0361727 0.0985687 0.281408 0.0383072 0.0627729 0.0491488
9.98924E-05 9.98924E-05 0.165953 9.98924E-05 9.98924E-05 0.0396367 9.98924E-05 9.98924E-05 0.000479475 9.98924E-05 9.98924E-05 9.98924E-05 0.792732 9.98924E-05 9.98924E-05 9.98924E-05
9.991E-05 9.991E-05 0.171291 9.991E-05 9.991E-05 9.991E-05 9.991E-05 0.0256467 9.991E-05 9.991E-05 0.0039973 9.991E-05 0.747084 9.991E-05 0.0277676 0.0232148
9.98831E-05 9.98831E-05 0.977158 9.98831E-05 9.98831E-05 0.0162215 9.98831E-05 9.98831E-05 9.98831E-05 9.98831E-05 9.98831E-05 9.98831E-05 9.98831E-05 9.98831E-05 0.00532183 9.98831E-05
9.98832E-05 9.98832E-05 0.989122 9.98832E-05 9.98832E-05 0.0091279 0.000451371 9.98832E-05 9.98832E-05 9.98832E-05 9.98832E-05 9.98832E-05 9.98832E-05 9.98832E-05 9.98832E-05 9.98832E-05
9.99191E-05 0.00515562 0.154359 9.99191E-05 9.99191E-05 9.99191E-05 9.99191E-05 0.0373426 9.99191E-05 0.0242202 0.010453 9.99191E-05 0.648472 9.99191E-05 0.119098 9.99191E-05
9.9901E-05 9.9901E-05 0.42745 9.9901E-05 9.9901E-05 9.9901E-05 9.9901E-05 0.00355838 9.9901E-05 9.9901E-05 0.000189947 9.9901E-05 0.551173 9.9901E-05 9.9901E-05 0.0165296
9.98649E-05 9.98649E-05 9.98649E-05 9.98649E-05 9.98649E-05 9.98649E-05 9.98649E-05 9.98649E-05 9.98649E-05 9.98649E-05 9.98649E-05 9.98649E-05 9.98649E-05 9.98649E-05 0.998502 9.98649E-05
9.9883E-05 9.9883E-05 9.9883E-05 9.9883E-05 0.0502378 9.9883E-05 9.9883E-05 9.9883E-05 9.9883E-05 9.9883E-05 0.0063164 9.9883E-05 9.9883E-05 9.9883E-05 0.942147 9.9883E-05
9.98921E-05 9.98921E-05 0.103507 9.98921E-05 9.98921E-05 0.0202438 9.98921E-05 9.98921E-05 0.0132605 9.98921E-05 9.98921E-05 9.98921E-05 0.86179 9.98921E-05 9.98921E-05 9.98921E-05
9.9883E-05 0.0020688 9.9883E-05 9.9883E-05 9.9883E-05 0.963369 0.033264 9.9883E-05 9.9883E-05 9.9883E-05 9.9883E-05 9.9883E-05 9.9883E-05 9.9883E-05 9.9883E-05 9.9883E-05
9.9874E-05 9.9874E-05 9.9874E-05 9.9874E-05 9.9874E-05 0.973963 9.9874E-05 9.9874E-05 0.0246389 9.9874E-05 9.9874E-05 9.9874E-05 9.9874E-05 9.9874E-05 9.9874E-05 9.9874E-05
9.98742E-05 0.992282 9.98742E-05 9.98742E-05 9.98742E-05 9.98742E-05 9.98742E-05 9.98742E-05 9.98742E-05 9.98742E-05 9.98742E-05 0.00631973 9.98742E-05 9.98742E-05 9.98742E-05 9.98742E-05
9.98832E-05 0.976692 9.98832E-05 9.98832E-05 0.013834 9.98832E-05 9.98832E-05 0.00817536 9.98832E-05 9.98832E-05 9.98832E-05 9.98832E-05 9.98832E-05 9.98832E-05 9.98832E-05 9.98832E-05
9.9901E-05 9.9901E-05 9.9901E-05 9.9901E-05 0.000274276 0.0786318 0.0534514 0.100926 9.9901E-05 0.765618 9.9901E-05 9.9901E-05 9.9901E-05 9.9901E-05 9.9901E-05 9.9901E-05
9.99009E-05 9.99009E-05 9.99009E-05 9.99009E-05 0.0535488 0.0509691 0.0588146 0.107626 9.99009E-05 0.727943 9.99009E-05 9.99009E-05 9.99009E-05 9.99009E-05 9.99009E-05 9.99009E-05
9.98922E-05 0.963944 9.98922E-05 9.98922E-05 9.98922E-05 0.0229595 9.98922E-05 9.98922E-05 9.98922E-05 9.98922E-05 0.00609842 9.98922E-05 9.98922E-05 9.98922E-05 9.98922E-05 0.00579962
9.98652E-05 0.998502 9.98652E-05 9.98652E-05 9.98652E-05 9.98652E-05 9.98652E-05 9.98652E-05 9.98652E-05 9.98652E-05 9.98652E-05 9.98652E-05 9.98652E-05 9.98652E-05 9.98652E-05 9.98652E-05
9.9892E-05 9.9892E-05 9.9892E-05 9.9892E-05 0.0172216 9.9892E-05 9.9892E-05 9.9892E-05 0.0126386 9.9892E-05 0.00439183 0.964549 9.9892E-05 9.9892E-05 9.9892E-05 9.9892E-05
9.9901E-05 9.9901E-05 9.9901E-05 0.00368011 0.12593 0.0652366 9.9901E-05 0.712755 9.9901E-05 9.9901E-05 0.0912994 9.9901E-05 9.9901E-05 9.9901E-05 9.9901E-05 9.9901E-05
9.98831E-05 9.98831E-05 9.98831E-05 9.98831E-05 9.98831E-05 9.98831E-05 0.928118 9.98831E-05 0.0232055 9.98831E-05 0.0473777 9.98831E-05 9.98831E-05 9.98831E-05 9.98831E-05 9.98831E-05
9.98648E-05 9.98648E-05 9.98648E-05 9.98648E-05 9.98648E-05 9.98648E-05 9.98648E-05 9.98648E-05 9.98648E-05 9.98648E-05 9.98648E-05 9.98648E-05 9.98648E-05 0.998502 9.98648E-05 9.98648E-05
0.0173666 0.126267 9.99101E-05 9.99101E-05 0.153716 9.99101E-05 9.99101E-05 9.99101E-05 9.99101E-05 9.99101E-05 9.99101E-05 0.111972 9.99101E-05 0.452347 9.99101E-05 0.137331
9.99101E-05 0.0477792 0.194014 0.0300484 9.99101E-05 9.99101E-05 9.99101E-05 9.99101E-05 9.99101E-05 0.00555331 9.99101E-05 9.99101E-05 0.0860959 9.99101E-05 0.63551 9.99101E-05
