9.98828E-05 9.98828E-05 9.98828E-05 0.0163977 9.98828E-05 9.98828E-05 0.932709 9.98828E-05 9.98828E-05 9.98828E-05 9.98828E-05 9.98828E-05 9.98828E-05 0.0495945 9.98828E-05 9.98828E-05
0.149402 9.98918E-05 0.706606 9.98918E-05 9.98918E-05 9.98918E-05 0.031462 9.98918E-05 9.98918E-05 0.111331 9.98918E-05 9.98918E-05 9.98918E-05 9.98918E-05 9.98918E-05 9.98918E-05
9.98651E-05 9.98651E-05 9.98651E-05 9.98651E-05 9.98651E-05 0.998502 9.98651E-05 9.98651E-05 9.98651E-05 9.98651E-05 9.98651E-05 9.98651E-05 9.98651E-05 9.98651E-05 9.98651E-05 9.98651E-05
0.897624 0.0711071 9.99011E-05 0.0196282 9.99011E-05 9.99011E-05 9.99011E-05 9.99011E-05 0.000438442 9.99011E-05 9.99011E-05 9.99011E-05 0.0101029 9.99011E-05 9.99011E-05 9.99011E-05
0.346143 9.99461E-05 0.120756 9.99461E-05 9.99461E-05 0.0044456 0.0509218 9.99461E-05 9.99461E-05 9.99461E-05 0.0169907 0.0381263 0.0491694 0.0565273 0.197579 0.118742
0.990397 9.98741E-05 9.98741E-05 9.98741E-05 9.98741E-05 9.98741E-05 9.98741E-05 9.98741E-05 9.98741E-05 9.98741E-05 9.98741E-05 0.00820439 9.98741E-05 9.98741E-05 9.98741E-05 9.98741E-05
9.98651E-05 9.98651E-05 9.98651E-05 9.98651E-05 9.98651E-05 9.98651E-05 9.98651E-05 9.98651E-05 9.98651E-05 9.98651E-05 9.98651E-05 9.98651E-05 9.98651E-05 9.98651E-05 0.998502 9.98651E-05
0.0419917 9.99099E-05 0.109108 9.99099E-05 9.99099E-05 0.0197729 9.99099E-05 9.99099E-05 9.99099E-05 9.99099E-05 9.99099E-05 9.99099E-05 0.0450598 0.101711 9.99099E-05 0.681359
9.9883E-05 9.9883E-05 0.0404301 9.9883E-05 9.9883E-05 9.9883E-05 9.9883E-05 9.9883E-05 9.9883E-05 0.00392313 9.9883E-05 9.9883E-05 9.9883E-05 9.9883E-05 0.954348 9.9883E-05
9.98742E-05 9.98742E-05 9.98742E-05 9.98742E-05 9.98742E-05 9.98742E-05 9.98742E-05 9.98742E-05 9.98742E-05 9.98742E-05 9.98742E-05 9.98742E-05 9.98742E-05 0.872885 0.125717 9.98742E-05
9.98742E-05 9.98742E-05 9.98742E-05 9.98742E-05 9.98742E-05 9.98742E-05 9.98742E-05 9.98742E-05 9.98742E-05 9.98742E-05 9.98742E-05 9.98742E-05 9.98742E-05 0.898128 0.100474 9.98742E-05
9.99366E-05 0.0471472 9.99366E-05 0.11768 0.121103 0.0221693 0.615787 9.99366E-05 0.00623048 9.99366E-05 9.99366E-05 0.0684553 9.99366E-05 9.99366E-05 0.000628538 9.99366E-05
9.98833E-05 9.98833E-05 9.98833E-05 9.98833E-05 0.930218 9.98833E-05 9.98833E-05 9.98833E-05 9.98833E-05 9.98833E-05 9.98833E-05 9.98833E-05 9.98833E-05 9.98833E-05 0.0128012 0.0556829
0.961895 9.98922E-05 0.0154544 9.98922E-05 9.98922E-05 9.98922E-05 0.000687647 0.0207647 9.98922E-05 9.98922E-05 9.98922E-05 9.98922E-05 9.98922E-05 9.98922E-05 9.98922E-05 9.98922E-05
0.983905 9.98831E-05 9.98831E-05 9.98831E-05 9.98831E-05 9.98831E-05 0.00012538 9.98831E-05 9.98831E-05 9.98831E-05 0.0146714 9.98831E-05 9.98831E-05 9.98831E-05 9.98831E-05 9.98831E-05
9.9892E-05 9.9892E-05 9.9892E-05 9.9892E-05 0.0931693 9.9892E-05 9.9892E-05 9.9892E-05 0.802632 9.9892E-05 9.9892E-05 0.0965002 9.9892E-05 0.00650032 9.9892E-05 9.9892E-05
9.98702E-05 9.98702E-05 9.98702E-05 9.98702E-05 9.98702E-05 9.98702E-05 9.98702E-05 9.98702E-05 9.98702E-05 0.928658 0.0425945 9.98702E-05 9.98702E-05 0.027449 9.98702E-05 9.98702E-05
9.99099E-05 9.99099E-05 0.043482 9.99099E-05 9.99099E-05 9.99099E-05 9.99099E-05 0.722489 0.0700855 0.0510962 0.0172867 9.99099E-05 9.99099E-05 0.0945616 9.99099E-05 9.99099E-05
9.98741E-05 9.98741E-05 9.98741E-05 0.067995 9.98741E-05 9.98741E-05 9.98741E-05 0.930607 9.98741E-05 9.98741E-05 9.98741E-05 9.98741E-05 9.98741E-05 9.98741E-05 9.98741E-05 9.98741E-05
9.99009E-05 9.99009E-05 9.99009E-05 0.0320537 9.99009E-05 9.99009E-05 0.0455542 9.99009E-05 0.257791 9.99009E-05 9.99009E-05 0.211304 9.99009E-05 0.452198 9.99009E-05 9.99009E-05
9.98652E-05 9.98652E-05 9.98652E-05 9.98652E-05 9.98652E-05 9.98652E-05 9.98652E-05 0.998502 9.98652E-05 9.98652E-05 9.98652E-05 9.98652E-05 9.98652E-05 9.98652E-05 9.98652E-05 9.98652E-05
9.99099E-05 9.99099E-05 9.99099E-05 9.99099E-05 0.0300128 9.99099E-05 0.516056 9.99099E-05 0.275023 0.0749484 9.99099E-05 0.0086816 9.99099E-05 0.0942789 9.99099E-05 9.99099E-05
9.98647E-05 9.98647E-05 9.98647E-05 9.98647E-05 9.98647E-05 9.98647E-05 9.98647E-05 9.98647E-05 9.98647E-05 9.98647E-05 0.998502 9.98647E-05 9.98647E-05 9.98647E-05 9.98647E-05 9.98647E-05
9.98739E-05 9.98739E-05 9.98739E-05 9.98739E-05 9.98739E-05 9.98739E-05 9.98739E-05 0.695924 9.98739E-05 9.98739E-05 0.302678 9.98739E-05 9.98739E-05 9.98739E-05 9.98739E-05 9.98739E-05
0.435152 0.56345 9.98743E-05 9.98743E-05 9.98743E-05 9.98743E-05 9.98743E-05 9.98743E-05 9.98743E-05 9.98743E-05 9.98743E-05 9.98743E-05 9.98743E-05 9.98743E-05 9.98743E-05 9.98743E-05
0.837887 0.160715 9.98743E-05 9.98743E-05 9.98743E-05 9.98743E-05 9.98743E-05 9.98743E-05 9.98743E-05 9.98743E-05 9.98743E-05 9.98743E-05 9.98743E-05 9.98743E-05 9.98743E-05 9.98743E-05
9.99098E-05 9.99098E-05 9.99098E-05 0.0343005 0.773797 9.99098E-05 0.0635302 9.99098E-05 0.0196233 0.0318486 9.99098E-05 9.99098E-05 9.99098E-05 0.0759017 9.99098E-05 9.99098E-05
9.98651E-05 0.998502 9.98651E-05 9.98651E-05 9.98651E-05 9.98651E-05 9.98651E-05 9.98651E-05 9.98651E-05 9.98651E-05 9.98651E-05 9.98651E-05 9.98651E-05 9.98651E-05 9.98651E-05 9.98651E-05
9.98652E-05 0.998502 9.98652E-05 9.98652E-05 9.98652E-05 9.98652E-05 9.98652E-05 9.98652E-05 9.98652E-05 9.98652E-05 9.98652E-05 9.98652E-05 9.98652E-05 9.98652E-05 9.98652E-05 9.98652E-05
0.276728 0.252322 9.99372E-05 0.0168066 9.99372E-05 0.00635946 9.99372E-05 0.0148709 9.99372E-05 0.00627664 9.99372E-05 0.0140079 0.125248 9.99372E-05 9.99372E-05 0.286681
0.313724 0.0250216 9.99009E-05 0.0317932 9.99009E-05 9.99009E-05 9.99009E-05 9.99009E-05 9.99009E-05 9.99009E-05 9.99009E-05 9.99009E-05 0.0339258 9.99009E-05 9.99009E-05 0.594436
9.98654E-05 9.98654E-05 0.998502 9.98654E-05 9.98654E-05 9.98654E-05 9.98654E-05 9.98654E-05 9.98654E-05 9.98654E-05 9.98654E-05 9.98654E-05 9.98654E-05 9.98654E-05 9.98654E-05 9.98654E-05
0.647829 0.135486 9.98832E-05 9.98832E-05 9.98832E-05 9.98832E-05 9.98832E-05 9.98832E-05 9.98832E-05 9.98832E-05 9.98832E-05 9.98832E-05 9.98832E-05 9.98832E-05 9.98832E-05 0.215387
9.98922E-05 9.98922E-05 9.98922E-05 9.98922E-05 9.98922E-05 0.0309289 0.00445365 9.98922E-05 9.98922E-05 9.98922E-05 9.98922E-05 9.98922E-05 0.689617 9.98922E-05 9.98922E-05 0.273802
9.99277E-05 0.014767 9.99277E-05 0.101605 0.429603 9.99277E-05 0.00421317 9.99277E-05 9.99277E-05 0.288028 9.99277E-05 0.065505 9.99277E-05 0.0467537 9.99277E-05 0.0487255
0.429847 0.530554 9.99099E-05 9.99099E-05 0.00545636 9.99099E-05 9.99099E-05 9.99099E-05 9.99099E-05 0.00601346 9.99099E-05 0.00332105 9.99099E-05 9.99099E-05 9.99099E-05 0.0238092
9.9901E-05 9.9901E-05 9.9901E-05 0.00405953 9.9901E-05 0.00722996 0.946616 9.9901E-05 9.9901E-05 0.0127063 9.9901E-05 9.9901E-05 9.9901E-05 9.9901E-05 9.9901E-05 0.0282892
9.99009E-05 9.99009E-05 0.231968 9.99009E-05 9.99009E-05 9.99009E-05 0.0399729 9.99009E-05 9.99009E-05 0.0670312 0.0426181 9.99009E-05 9.99009E-05 0.61731 9.99009E-05 9.99009E-05
9.98741E-05 9.98741E-05 9.98741E-05 9.98741E-05 9.98741E-05 9.98741E-05 9.98741E-05 9.98741E-05 9.98741E-05 0.987603 9.98741E-05 9.98741E-05 9.98741E-05 9.98741E-05 9.98741E-05 0.0109983
0.12593 9.99098E-05 9.99098E-05 9.99098E-05 9.99098E-05 9.99098E-05 0.175443 0.00425904 0.215164 0.155918 9.99098E-05 9.99098E-05 9.99098E-05 0.322287 9.99098E-05 9.99098E-05
0.0836022 9.99278E-05 0.0141292 0.004793 9.99278E-05 9.99278E-05 0.248191 0.00454142 0.171669 0.121112 9.99278E-05 9.99278E-05 9.99278E-05 0.351162 9.99278E-05 9.99278E-05
9.98831E-05 9.98831E-05 9.98831E-05 9.98831E-05 9.98831E-05 9.98831E-05 0.0259789 9.98831E-05 0.0251473 9.98831E-05 9.98831E-05 9.98831E-05 9.98831E-05 0.947575 9.98831E-05 9.98831E-05
9.9901E-05 9.9901E-05 9.9901E-05 9.9901E-05 0.0301576 9.9901E-05 0.0236585 0.00976214 0.854807 9.9901E-05 9.9901E-05 9.9901E-05 9.9901E-05 9.9901E-05 0.0805162 9.9901E-05
9.98829E-05 9.98829E-05 9.98829E-05 9.98829E-05 9.98829E-05 0.0127647 9.98829E-05 9.98829E-05 9.98829E-05 9.98829E-05 9.98829E-05 0.110964 9.98829E-05 0.874973 9.98829E-05 9.98829E-05
9.99189E-05 9.99189E-05 0.0332327 0.0333756 0.180972 9.99189E-05 0.0648937 9.99189E-05 0.0849649 9.99189E-05 0.307358 9.99189E-05 9.99189E-05 0.294304 9.99189E-05 9.99189E-05
0.0708356 9.9937E-05 0.0180729 9.9937E-05 0.00876209 9.9937E-05 0.139717 9.9937E-05 0.137275 9.9937E-05 0.0700866 0.0993053 0.00692769 0.448318 9.9937E-05 9.9937E-05
0.040665 0.020493 9.9946E-05 9.9946E-05 0.107539 0.0166623 0.175454 9.9946E-05 9.9946E-05 0.201344 9.9946E-05 0.115549 0.0260487 0.244617 0.05103 9.9946E-05
9.98838E-05 9.98838E-05 9.98838E-05 9.98838E-05 9.98838E-05 9.98838E-05 0.986705 0.00358355 9.98838E-05 9.98838E-05 0.00841307 9.98838E-05 9.98838E-05 9.98838E-05 9.98838E-05 9.98838E-05
9.98652E-05 9.98652E-05 9.98652E-05 9.98652E-05 9.98652E-05 9.98652E-05 9.98652E-05 9.98652E-05 9.98652E-05 9.98652E-05 9.98652E-05 9.98652E-05 0.998502 9.98652E-05 9.98652E-05 9.98652E-05
9.98742E-05 9.98742E-05 9.98742E-05 9.98742E-05 9.98742E-05 9.98742E-05 9.98742E-05 9.98742E-05 9.98742E-05 9.98742E-05 9.98742E-05 0.00716253 0.991439 9.98742E-05 9.98742E-05 9.98742E-05
9.98742E-05 9.98742E-05 9.98742E-05 9.98742E-05 9.98742E-05 9.98742E-05 9.98742E-05 9.98742E-05 9.98742E-05 9.98742E-05 9.98742E-05 9.98742E-05 0.968619 0.0299826 9.98742E-05 9.98742E-05
9.98653E-05 9.98653E-05 9.98653E-05 9.98653E-05 9.98653E-05 9.98653E-05 9.98653E-05 9.98653E-05 9.98653E-05 9.98653E-05 9.98653E-05 9.98653E-05 0.998502 9.98653E-05 9.98653E-05 9.98653E-05
9.98652E-05 9.98652E-05 9.98652E-05 9.98652E-05 9.98652E-05 9.98652E-05 9.98652E-05 9.98652E-05 9.98652E-05 9.98652E-05 9.98652E-05 9.98652E-05 0.998502 9.98652E-05 9.98652E-05 9.98652E-05
0.0419487 0.0744182 9.99371E-05 9.99371E-05 9.99371E-05 0.0624914 9.99371E-05 0.0159799 0.0719008 9.99371E-05 0.0632169 9.99371E-05 0.419731 9.99371E-05 0.0647097 0.184904
9.98741E-05 9.98741E-05 0.0591308 9.98741E-05 9.98741E-05 9.98741E-05 9.98741E-05 9.98741E-05 9.98741E-05 9.98741E-05 9.98741E-05 9.98741E-05 0.939471 9.98741E-05 9.98741E-05 9.98741E-05
9.98918E-05 9.98918E-05 9.98918E-05 9.98918E-05 0.00344131 9.98918E-05 0.756869 9.98918E-05 0.148829 9.98918E-05 9.98918E-05 0.0896619 9.98918E-05 9.98918E-05 9.98918E-05 9.98918E-05
9.99099E-05 0.0436255 0.915238 9.99099E-05 9.99099E-05 9.99099E-05 9.99099E-05 9.99099E-05 0.00345328 9.99099E-05 9.99099E-05 0.0107353 0.0113059 9.99099E-05 0.0146431 9.99099E-05
0.66581 0.332792 9.98739E-05 9.98739E-05 9.98739E-05 9.98739E-05 9.98739E-05 9.98739E-05 9.98739E-05 9.98739E-05 9.98739E-05 9.98739E-05 9.98739E-05 9.98739E-05 9.98739E-05 9.98739E-05
9.99101E-05 9.99101E-05 9.99101E-05 0.0405835 0.801026 0.000852797 0.0222813 9.99101E-05 0.124803 9.99101E-05 9.99101E-05 9.99101E-05 0.00945417 9.99101E-05 9.99101E-05 9.99101E-05
9.98832E-05 9.98832E-05 9.98832E-05 9.98832E-05 0.0301041 9.98832E-05 9.98832E-05 9.98832E-05 0.85859 9.98832E-05 9.98832E-05 0.110007 9.98832E-05 9.98832E-05 9.98832E-05 9.98832E-05
9.98745E-05 9.98745E-05 9.98745E-05 9.98745E-05 0.991936 0.0066659 9.98745E-05 9.98745E-05 9.98745E-05 9.98745E-05 9.98745E-05 9.98745E-05 9.98745E-05 9.98745E-05 9.98745E-05 9.98745E-05
9.98739E-05 9.98739E-05 9.98739E-05 9.98739E-05 0.887545 9.98739E-05 9.98739E-05 9.98739E-05 9.98739E-05 9.98739E-05 9.98739E-05 9.98739E-05 9.98739E-05 0.111057 9.98739E-05 9.98739E-05
9.98919E-05 9.98919E-05 9.98919E-05 0.0509723 0.84613 9.98919E-05 9.98919E-05 9.98919E-05 9.98919E-05 9.98919E-05 9.98919E-05 0.0348908 9.98919E-05 0.0668083 9.98919E-05 9.98919E-05
9.98833E-05 9.98833E-05 9.98833E-05 9.98833E-05 9.98833E-05 9.98833E-05 0.0671912 0.914507 9.98833E-05 9.98833E-05 9.98833E-05 9.98833E-05 9.98833E-05 0.017003 9.98833E-05 9.98833E-05
0.262503 0.678974 9.98834E-05 9.98834E-05 9.98834E-05 0.0572243 9.98834E-05 9.98834E-05 9.98834E-05 9.98834E-05 9.98834E-05 9.98834E-05 9.98834E-05 9.98834E-05 9.98834E-05 9.98834E-05
0.0741447 0.208397 0.237622 0.0203138 0.0908224 9.99641E-05 0.0849606 0.0129251 9.99641E-05 0.0577547 0.00944141 0.0586819 0.0377972 0.10674 9.99641E-05 9.99641E-05
0.849395 9.98834E-05 9.98834E-05 9.98834E-05 9.98834E-05 0.143783 9.98834E-05 9.98834E-05 9.98834E-05 9.98834E-05 9.98834E-05 9.98834E-05 0.00552308 9.98834E-05 9.98834E-05 9.98834E-05
0.744367 0.156084 9.991E-05 9.991E-05 9.991E-05 9.991E-05 0.0326415 9.991E-05 9.991E-05 0.00954533 9.991E-05 9.991E-05 0.028292 9.991E-05 9.991E-05 0.0280713
9.98741E-05 0.986403 9.98741E-05 9.98741E-05 9.98741E-05 9.98741E-05 9.98741E-05 9.98741E-05 0.0121989 9.98741E-05 9.98741E-05 9.98741E-05 9.98741E-05 9.98741E-05 9.98741E-05 9.98741E-05
9.98653E-05 0.998502 9.98653E-05 9.98653E-05 9.98653E-05 9.98653E-05 9.98653E-05 9.98653E-05 9.98653E-05 9.98653E-05 9.98653E-05 9.98653E-05 9.98653E-05 9.98653E-05 9.98653E-05 9.98653E-05
0.671044 0.0775504 0.0201227 0.0319838 9.99101E-05 9.99101E-05 9.99101E-05 9.99101E-05 9.99101E-05 9.99101E-05 9.99101E-05 9.99101E-05 9.99101E-05 0.029108 9.99101E-05 0.169192
0.561788 0.405011 9.9901E-05 9.9901E-05 9.9901E-05 9.9901E-05 9.9901E-05 9.9901E-05 9.9901E-05 0.0137151 0.00521552 9.9901E-05 9.9901E-05 9.9901E-05 9.9901E-05 0.0131711
9.9865E-05 9.9865E-05 9.9865E-05 9.9865E-05 9.9865E-05 9.9865E-05 9.9865E-05 9.9865E-05 9.9865E-05 9.9865E-05 9.9865E-05 9.9865E-05 9.9865E-05 9.9865E-05 9.9865E-05 0.998502
9.9883E-05 9.9883E-05 9.9883E-05 9.9883E-05 0.0329838 9.9883E-05 9.9883E-05 9.9883E-05 9.9883E-05 9.9883E-05 9.9883E-05 9.9883E-05 9.9883E-05 9.9883E-05 0.041727 0.923991
0.867227 0.0609456 9.99011E-05 9.99011E-05 9.99011E-05 0.0276808 9.99011E-05 9.99011E-05 0.0141105 9.99011E-05 9.99011E-05 9.99011E-05 0.0289371 9.99011E-05 9.99011E-05 9.99011E-05
9.9901E-05 9.9901E-05 0.0152707 0.00933488 9.9901E-05 9.9901E-05 9.9901E-05 9.9901E-05 0.963194 9.9901E-05 0.00447495 9.9901E-05 0.0066267 9.9901E-05 9.9901E-05 9.9901E-05
9.9874E-05 9.9874E-05 9.9874E-05 9.9874E-05 9.9874E-05 9.9874E-05 9.9874E-05 9.9874E-05 0.971662 9.9874E-05 9.9874E-05 9.9874E-05 0.0269397 9.9874E-05 9.9874E-05 9.9874E-05
9.98653E-05 9.98653E-05 9.98653E-05 0.998502 9.98653E-05 9.98653E-05 9.98653E-05 9.98653E-05 9.98653E-05 9.98653E-05 9.98653E-05 9.98653E-05 9.98653E-05 9.98653E-05 9.98653E-05 9.98653E-05
9.98832E-05 9.98832E-05 9.98832E-05 0.983244 0.0100515 9.98832E-05 9.98832E-05 9.98832E-05 9.98832E-05 0.00540557 9.98832E-05 9.98832E-05 9.98832E-05 9.98832E-05 9.98832E-05 9.98832E-05
9.99009E-05 9.99009E-05 0.0885016 9.99009E-05 0.0126989 9.99009E-05 0.0134453 9.99009E-05 0.0682939 9.99009E-05 9.99009E-05 9.99009E-05 9.99009E-05 0.815961 9.99009E-05 9.99009E-05
9.99099E-05 0.00701606 0.0654194 9.99099E-05 0.0562473 9.99099E-05 9.99099E-05 9.99099E-05 0.0990425 9.99099E-05 9.99099E-05 9.99099E-05 9.99099E-05 0.765274 0.00600132 9.99099E-05
9.98923E-05 9.98923E-05 9.98923E-05 0.966069 9.98923E-05 9.98923E-05 9.98923E-05 9.98923E-05 0.00244618 9.98923E-05 9.98923E-05 9.98923E-05 9.98923E-05 0.0252777 9.98923E-05 0.0050085
9.98653E-05 9.98653E-05 9.98653E-05 0.998502 9.98653E-05 9.98653E-05 9.98653E-05 9.98653E-05 9.98653E-05 9.98653E-05 9.98653E-05 9.98653E-05 9.98653E-05 9.98653E-05 9.98653E-05 9.98653E-05
9.98919E-05 9.98919E-05 9.98919E-05 9.98919E-05 0.0305453 9.98919E-05 0.947014 9.98919E-05 9.98919E-05 9.98919E-05 9.98919E-05 9.98919E-05 0.00010165 9.98919E-05 0.0211402 9.98919E-05
9.99279E-05 9.99279E-05 0.0254026 9.99279E-05 0.161624 9.99279E-05 0.0164713 0.0673575 0.376723 9.99279E-05 0.025384 9.99279E-05 9.99279E-05 0.225004 0.101234 9.99279E-05
9.98829E-05 9.98829E-05 0.86538 9.98829E-05 9.98829E-05 9.98829E-05 9.98829E-05 9.98829E-05 9.98829E-05 9.98829E-05 9.98829E-05 9.98829E-05 0.0819029 9.98829E-05 0.0514185 9.98829E-05
9.9874E-05 9.9874E-05 9.9874E-05 9.9874E-05 9.9874E-05 9.9874E-05 9.9874E-05 9.9874E-05 9.9874E-05 9.9874E-05 0.0904032 0.908199 9.9874E-05 9.9874E-05 9.9874E-05 9.9874E-05
9.98921E-05 9.98921E-05 9.98921E-05 0.00597156 9.98921E-05 9.98921E-05 0.00879238 9.98921E-05 9.98921E-05 0.0029608 9.98921E-05 0.981077 9.98921E-05 9.98921E-05 9.98921E-05 9.98921E-05
0.00301461 0.259809 9.99192E-05 0.00935369 9.99192E-05 9.99192E-05 9.99192E-05 0.00803071 9.99192E-05 9.99192E-05 0.0485232 9.99192E-05 0.0256754 9.99192E-05 9.99192E-05 0.644694
