1 0.895408 0.756117 0.762849 0.929317 0.929124 0.970527 0.970028 0.982426 0.970213 0.764728 0.970281 0.974383 0.973432 0.974165 0.973231 0.97423 0.974118 0.974237 0.974468 0.968176 0.774714 0.774153 0.89874 0.722897 0.970825 0.774009 0.987865 0.973631 0.971668 0.972851 0.972757 0.972314 0.968007 0.972482 0.97035 0.97266 0.96917 0.981409 0.712379 0.714578 0.713892 0.713001 0.731195 0.984537 0.889877 0.7736 0.967753 0.967224 0.969791 0.969718 0.970731 0.974942 0.765102 0.76649 0.777659 0.781622 0.780198 0.77524 0.75681 0.969036 0.968695 0.972622 0.972289 0.971588 0.971902 0.972343 0.972402 0.986482 0.974727 0.890283 0.973238 0.973606 0.755874 
0.895408 1 0.75917 0.762544 0.896746 0.89613 0.896659 0.89654 0.896609 0.896417 0.769586 0.896335 0.89596 0.897744 0.896685 0.896958 0.897163 0.897897 0.896495 0.897298 0.893444 0.773684 0.773239 0.946911 0.719646 0.893691 0.773126 0.895986 0.89829 0.896022 0.897293 0.897152 0.896886 0.893887 0.897505 0.89705 0.896595 0.897411 0.897633 0.711441 0.713253 0.712704 0.711776 0.735409 0.896952 0.948871 0.774028 0.893782 0.893817 0.897941 0.897739 0.89759 0.896775 0.764158 0.768421 0.776919 0.776882 0.776369 0.775086 0.761144 0.896125 0.895785 0.894581 0.894517 0.895987 0.896264 0.894153 0.894486 0.89746 0.897017 0.949691 0.897839 0.897066 0.748348 
0.756117 0.75917 1 0.97713 0.757243 0.757398 0.754358 0.754352 0.754297 0.755229 0.906835 0.754669 0.755347 0.754971 0.755226 0.754738 0.754962 0.755415 0.754149 0.755297 0.75245 0.892981 0.892797 0.757466 0.709915 0.754272 0.896205 0.755792 0.756384 0.756544 0.757625 0.757627 0.753877 0.752568 0.75424 0.75494 0.756 0.755397 0.755534 0.707129 0.707956 0.707564 0.707509 0.714384 0.754919 0.75699 0.897686 0.75233 0.752688 0.754528 0.754149 0.754073 0.754222 0.897054 0.895949 0.890531 0.891692 0.891189 0.892883 0.897095 0.75507 0.754902 0.754484 0.754214 0.754645 0.75454 0.754307 0.754392 0.755418 0.756966 0.756587 0.75532 0.755013 0.804773 
0.762849 0.762544 0.97713 1 0.761955 0.762146 0.760878 0.760987 0.76094 0.76178 0.906031 0.761309 0.762245 0.761589 0.761612 0.761344 0.761323 0.761972 0.760583 0.761738 0.759015 0.894196 0.893804 0.761857 0.712078 0.760778 0.899909 0.762409 0.762312 0.763056 0.763851 0.76393 0.760408 0.759047 0.760752 0.761375 0.762426 0.761855 0.762216 0.708922 0.709941 0.709565 0.709232 0.716907 0.761702 0.760516 0.900499 0.758852 0.759186 0.761002 0.76084 0.760673 0.760734 0.898346 0.893675 0.894229 0.895018 0.89418 0.895884 0.892974 0.761585 0.761419 0.761034 0.760758 0.761212 0.761082 0.760955 0.760921 0.762052 0.763378 0.760382 0.761864 0.76178 0.808077 
0.929317 0.896746 0.757243 0.761955 1 0.980966 0.932844 0.932971 0.932061 0.933283 0.765357 0.932078 0.930329 0.931832 0.931093 0.930912 0.931599 0.931631 0.931064 0.932019 0.928724 0.773922 0.773556 0.896453 0.723697 0.927495 0.77204 0.928571 0.931727 0.928886 0.929093 0.92913 0.931507 0.928277 0.931884 0.931983 0.931773 0.932005 0.930683 0.712716 0.7142 0.713662 0.71312 0.731673 0.931542 0.893126 0.7717 0.929582 0.929539 0.931318 0.932815 0.932252 0.931436 0.763557 0.766242 0.77625 0.778573 0.778041 0.773593 0.757971 0.933051 0.932993 0.92914 0.929268 0.930842 0.931063 0.928845 0.929136 0.931343 0.930973 0.893078 0.931412 0.931873 0.753225 
0.929124 0.89613 0.757398 0.762146 0.980966 1 0.931838 0.931849 0.931273 0.932316 0.765589 0.931302 0.929584 0.931177 0.930421 0.930564 0.931431 0.931111 0.930528 0.93141 0.928054 0.774434 0.774198 0.896083 0.722993 0.92681 0.772383 0.92831 0.931064 0.928436 0.928271 0.928315 0.930956 0.927904 0.931135 0.931297 0.931301 0.931473 0.930186 0.712106 0.713938 0.713425 0.712487 0.731093 0.9314 0.892567 0.772063 0.928345 0.928561 0.930529 0.931859 0.931601 0.93132 0.763768 0.766196 0.776184 0.778795 0.77813 0.773214 0.757916 0.931962 0.931765 0.928562 0.928567 0.930274 0.930529 0.92812 0.928484 0.930997 0.930241 0.89257 0.930709 0.931109 0.753238 
0.970527 0.896659 0.754358 0.760878 0.932844 0.931838 1 0.992901 0.973909 0.973491 0.763406 0.975472 0.972907 0.974815 0.974937 0.976739 0.974487 0.975807 0.974022 0.974471 0.971754 0.772854 0.772353 0.899436 0.725046 0.970612 0.772053 0.968882 0.981559 0.970093 0.969946 0.96973 0.987244 0.971382 0.985971 0.9743 0.973638 0.973403 0.973519 0.713229 0.715356 0.714729 0.713715 0.732599 0.973834 0.891365 0.771999 0.972291 0.97243 0.97434 0.977069 0.976514 0.975922 0.763731 0.7655 0.77664 0.779861 0.778671 0.773955 0.75597 0.974372 0.974413 0.970516 0.970833 0.982188 0.982354 0.970403 0.970462 0.97381 0.972863 0.892859 0.973479 0.975208 0.756718 
0.970028 0.89654 0.754352 0.760987 0.932971 0.931849 0.992901 1 0.973673 0.973205 0.763451 0.97511 0.972499 0.974391 0.97445 0.976328 0.974008 0.975313 0.973519 0.974113 0.971337 0.772836 0.772322 0.899392 0.725151 0.970201 0.772056 0.968426 0.981193 0.969656 0.969595 0.969472 0.98681 0.970917 0.985434 0.974008 0.973293 0.973137 0.97305 0.713312 0.715411 0.714848 0.713761 0.732603 0.973317 0.891312 0.772069 0.97245 0.972219 0.974047 0.976807 0.976096 0.975339 0.763848 0.76571 0.776695 0.779966 0.778667 0.77406 0.756076 0.974227 0.974357 0.970134 0.970421 0.981753 0.982034 0.970041 0.970055 0.973258 0.97251 0.892665 0.97299 0.974719 0.756648 
0.982426 0.896609 0.754297 0.76094 0.932061 0.931273 0.973909 0.973673 1 0.973003 0.763449 0.97299 0.972085 0.974409 0.974452 0.973751 0.974799 0.975457 0.973892 0.974108 0.969831 0.772755 0.772249 0.899262 0.724115 0.968633 0.772206 0.978721 0.973533 0.968938 0.970161 0.9698 0.974393 0.969286 0.974378 0.971934 0.973088 0.971581 0.981294 0.712373 0.714499 0.713919 0.713039 0.73218 0.984275 0.891338 0.772174 0.970209 0.969787 0.971553 0.973088 0.972904 0.975542 0.763545 0.765059 0.776362 0.78009 0.778862 0.773553 0.755239 0.973311 0.973103 0.96974 0.969902 0.972655 0.972896 0.969389 0.969691 0.985763 0.973149 0.892347 0.974033 0.974865 0.755767 
0.970213 0.896417 0.755229 0.76178 0.933283 0.932316 0.973491 0.973205 0.973003 1 0.764347 0.974508 0.97203 0.973601 0.974435 0.974578 0.97389 0.974311 0.974175 0.974353 0.984507 0.77387 0.773504 0.90011 0.724588 0.981763 0.77311 0.968546 0.972616 0.968319 0.967995 0.96782 0.973915 0.969901 0.973613 0.971896 0.973411 0.971916 0.971122 0.711868 0.713812 0.713297 0.712502 0.731833 0.972548 0.891369 0.773038 0.984297 0.971881 0.984812 0.986403 0.986983 0.973773 0.76425 0.766058 0.777197 0.780886 0.779644 0.773975 0.756038 0.973033 0.972882 0.969192 0.969252 0.97338 0.973475 0.968824 0.96884 0.9742 0.971087 0.893633 0.974325 0.974293 0.756782 
0.764728 0.769586 0.906835 0.906031 0.765357 0.765589 0.763406 0.763451 0.763449 0.764347 1 0.76353 0.763687 0.765409 0.764477 0.763739 0.765111 0.764694 0.764447 0.764721 0.760421 0.89039 0.889819 0.768101 0.710881 0.76148 0.893504 0.764427 0.764759 0.764483 0.765202 0.765292 0.76339 0.760692 0.763256 0.764036 0.764163 0.764441 0.76418 0.709293 0.710547 0.710206 0.709632 0.717556 0.763728 0.767714 0.89386 0.760458 0.761455 0.763214 0.763664 0.763394 0.763998 0.892642 0.91793 0.888968 0.888951 0.888677 0.892379 0.922395 0.764307 0.764072 0.762637 0.76246 0.763061 0.763694 0.762824 0.762681 0.764276 0.764955 0.76755 0.764412 0.764655 0.794763 
0.970281 0.896335 0.754669 0.761309 0.932078 0.931302 0.975472 0.97511 0.97299 0.974508 0.76353 1 0.973577 0.975477 0.976402 0.976119 0.975722 0.976793 0.975805 0.976583 0.973136 0.772963 0.772424 0.900436 0.723681 0.97082 0.772096 0.968796 0.9735 0.969955 0.969421 0.969145 0.975215 0.983122 0.975565 0.973563 0.974996 0.974273 0.97322 0.712157 0.71417 0.713528 0.71282 0.731693 0.973826 0.891104 0.772111 0.973475 0.987188 0.975705 0.97593 0.975429 0.974836 0.763557 0.765345 0.776267 0.780214 0.779038 0.773006 0.755566 0.985949 0.986038 0.971599 0.971715 0.974189 0.974392 0.970921 0.971045 0.97448 0.97252 0.892681 0.975481 0.975823 0.756238 
0.974383 0.89596 0.755347 0.762245 0.930329 0.929584 0.972907 0.972499 0.972085 0.97203 0.763687 0.973577 1 0.977464 0.977923 0.974178 0.976946 0.974741 0.976258 0.97862 0.970346 0.774882 0.774373 0.899521 0.723407 0.972581 0.774198 0.97236 0.974921 0.984574 0.972296 0.971883 0.973912 0.970458 0.974082 0.973689 0.972843 0.972406 0.973579 0.711865 0.713999 0.713289 0.712397 0.731525 0.973474 0.890929 0.773851 0.969695 0.970018 0.972422 0.972644 0.973042 0.975589 0.764754 0.766506 0.777268 0.78218 0.780959 0.775052 0.755542 0.971853 0.97159 0.974869 0.974688 0.973542 0.973741 0.974456 0.974727 0.974382 0.975279 0.891321 0.976448 0.976325 0.755998 
0.973432 0.897744 0.754971 0.761589 0.931832 0.931177 0.974815 0.974391 0.974409 0.973601 0.765409 0.975477 0.977464 1 0.983074 0.977009 0.984921 0.976858 0.98198 0.983224 0.973111 0.773672 0.773184 0.901238 0.721881 0.97128 0.773166 0.971626 0.976153 0.974035 0.971458 0.971021 0.976029 0.973221 0.976382 0.976359 0.976322 0.975769 0.978073 0.712915 0.714797 0.714186 0.713576 0.731493 0.975389 0.892704 0.77308 0.972457 0.972762 0.973245 0.974851 0.975489 0.981831 0.764068 0.766051 0.77782 0.781495 0.780425 0.774586 0.757234 0.974611 0.974371 0.974969 0.975245 0.975413 0.975588 0.974531 0.974782 0.976171 0.974306 0.893747 0.978773 0.978435 0.756352 
0.974165 0.896685 0.755226 0.761612 0.931093 0.930421 0.974937 0.97445 0.974452 0.974435 0.764477 0.976402 0.977923 0.983074 1 0.978317 0.984887 0.978276 0.982022 0.984366 0.974597 0.773411 0.772988 0.901003 0.721485 0.972051 0.772598 0.972362 0.976526 0.974219 0.971426 0.970965 0.976279 0.974269 0.976638 0.976085 0.976443 0.974526 0.978374 0.711875 0.714356 0.713723 0.712442 0.73094 0.975757 0.891952 0.772378 0.973891 0.973593 0.974598 0.974831 0.975536 0.982742 0.764055 0.766428 0.776864 0.780908 0.779897 0.773385 0.756838 0.974217 0.974043 0.974703 0.974939 0.97594 0.976111 0.974051 0.974597 0.977128 0.97401 0.892502 0.979794 0.978947 0.755675 
0.973231 0.896958 0.754738 0.761344 0.930912 0.930564 0.976739 0.976328 0.973751 0.974578 0.763739 0.976119 0.974178 0.977009 0.978317 1 0.976926 0.977713 0.976577 0.977813 0.973802 0.773256 0.772738 0.900068 0.724088 0.972148 0.772317 0.970999 0.976298 0.971077 0.969749 0.969348 0.978738 0.973511 0.979213 0.975791 0.976776 0.975133 0.975236 0.712633 0.714924 0.714192 0.713247 0.73272 0.976296 0.891815 0.772387 0.9729 0.973393 0.975271 0.975186 0.975275 0.978206 0.763707 0.765394 0.77632 0.780397 0.77919 0.773179 0.755734 0.973703 0.973465 0.972297 0.972519 0.97726 0.977273 0.971752 0.971961 0.977574 0.972339 0.89319 0.97685 0.9772 0.756753 
0.97423 0.897163 0.754962 0.761323 0.931599 0.931431 0.974487 0.974008 0.974799 0.97389 0.765111 0.975722 0.976946 0.984921 0.984887 0.976926 1 0.977422 0.981825 0.984 0.9736 0.773743 0.773244 0.902468 0.717666 0.971434 0.77219 0.972374 0.97595 0.973373 0.97074 0.970304 0.975472 0.973436 0.975605 0.976327 0.976255 0.974922 0.978575 0.708593 0.710029 0.709398 0.709223 0.727383 0.976249 0.892471 0.772088 0.973075 0.972679 0.974007 0.97505 0.975658 0.982652 0.763669 0.766434 0.775663 0.780652 0.779612 0.770975 0.757368 0.974486 0.974392 0.974598 0.974845 0.974852 0.975215 0.974005 0.974466 0.97677 0.973452 0.893499 0.978666 0.978499 0.752734 
0.974118 0.897897 0.755415 0.761972 0.931631 0.931111 0.975807 0.975313 0.975457 0.974311 0.764694 0.976793 0.974741 0.976858 0.978276 0.977713 0.977422 1 0.97785 0.977832 0.972691 0.774748 0.774308 0.901418 0.724342 0.970996 0.773586 0.972192 0.975706 0.971261 0.97256 0.972303 0.97681 0.973415 0.976931 0.974587 0.976042 0.974284 0.97594 0.713436 0.715553 0.714902 0.714078 0.733585 0.976913 0.89262 0.77345 0.971959 0.972965 0.97471 0.974459 0.975362 0.980162 0.764773 0.766109 0.7777 0.781823 0.780511 0.774741 0.756518 0.973679 0.973452 0.971976 0.972033 0.975807 0.976265 0.971333 0.971796 0.978765 0.975787 0.893885 0.977013 0.976166 0.75732 
0.974237 0.896495 0.754149 0.760583 0.931064 0.930528 0.974022 0.973519 0.973892 0.974175 0.764447 0.975805 0.976258 0.98198 0.982022 0.976577 0.981825 0.97785 1 0.982831 0.973383 0.773243 0.772735 0.90131 0.721854 0.97136 0.772327 0.972295 0.975933 0.97268 0.971501 0.97127 0.975456 0.973658 0.975439 0.975226 0.976531 0.97363 0.976986 0.711875 0.714068 0.713412 0.712481 0.730862 0.976013 0.892339 0.772057 0.973011 0.97267 0.974213 0.974478 0.975217 0.981172 0.763568 0.765612 0.77655 0.780545 0.779491 0.773301 0.756173 0.974273 0.9741 0.974254 0.974358 0.975025 0.975277 0.97393 0.974095 0.977028 0.97423 0.893206 0.979838 0.978472 0.755427 
0.974468 0.897298 0.755297 0.761738 0.932019 0.93141 0.974471 0.974113 0.974108 0.974353 0.764721 0.976583 0.97862 0.983224 0.984366 0.977813 0.984 0.977832 0.982831 1 0.973968 0.773124 0.772823 0.901686 0.721828 0.971813 0.772495 0.972547 0.976403 0.974943 0.971896 0.971465 0.975991 0.974198 0.976394 0.976355 0.976752 0.975051 0.977984 0.711499 0.713936 0.713247 0.712131 0.730676 0.976071 0.892326 0.772334 0.973507 0.973798 0.974273 0.974674 0.975391 0.982381 0.764036 0.76614 0.776924 0.780789 0.779681 0.773316 0.756607 0.974279 0.974071 0.975688 0.975831 0.975713 0.97572 0.975087 0.975498 0.977353 0.974637 0.893405 0.981055 0.978905 0.756124 
0.968176 0.893444 0.75245 0.759015 0.928724 0.928054 0.971754 0.971337 0.969831 0.984507 0.760421 0.973136 0.970346 0.973111 0.974597 0.973802 0.9736 0.972691 0.973383 0.973968 1 0.770585 0.770139 0.898551 0.724312 0.987033 0.769781 0.966399 0.971563 0.96671 0.96611 0.965655 0.972479 0.974802 0.972631 0.970506 0.971619 0.970391 0.970866 0.71163 0.713677 0.71306 0.712238 0.730144 0.971347 0.889749 0.769575 0.990678 0.9749 0.982565 0.984536 0.985151 0.973392 0.761165 0.762739 0.773655 0.777835 0.776703 0.770373 0.752633 0.970443 0.970363 0.968393 0.968303 0.972861 0.971906 0.967992 0.967934 0.972338 0.969229 0.891331 0.9731 0.972952 0.754863 
0.774714 0.773684 0.892981 0.894196 0.773922 0.774434 0.772854 0.772836 0.772755 0.77387 0.89039 0.772963 0.774882 0.773672 0.773411 0.773256 0.773743 0.774748 0.773243 0.773124 0.770585 1 0.986199 0.774039 0.714596 0.771826 0.974073 0.773147 0.77452 0.77343 0.774088 0.77405 0.772723 0.770544 0.772707 0.772622 0.773918 0.773531 0.773878 0.708412 0.709642 0.709027 0.70881 0.717397 0.773752 0.771541 0.971759 0.770049 0.771204 0.771727 0.773377 0.772712 0.773015 0.936118 0.880835 0.934924 0.976907 0.97796 0.970556 0.867483 0.772947 0.772879 0.77288 0.772672 0.772202 0.773005 0.772955 0.772778 0.7742 0.774937 0.772028 0.773616 0.772642 0.810311 
0.774153 0.773239 0.892797 0.893804 0.773556 0.774198 0.772353 0.772322 0.772249 0.773504 0.889819 0.772424 0.774373 0.773184 0.772988 0.772738 0.773244 0.774308 0.772735 0.772823 0.770139 0.986199 1 0.773717 0.714515 0.771415 0.973599 0.77262 0.773999 0.772967 0.773588 0.773426 0.772169 0.770034 0.772274 0.772079 0.773423 0.773075 0.773435 0.708256 0.709455 0.708889 0.708682 0.717165 0.773228 0.77134 0.971401 0.769611 0.770634 0.771337 0.772953 0.772287 0.77255 0.935769 0.880607 0.934488 0.976765 0.9778 0.970239 0.86728 0.772419 0.772463 0.772396 0.772193 0.771705 0.772535 0.772363 0.772254 0.773686 0.774368 0.771499 0.773194 0.772138 0.810061 
0.89874 0.946911 0.757466 0.761857 0.896453 0.896083 0.899436 0.899392 0.899262 0.90011 0.768101 0.900436 0.899521 0.901238 0.901003 0.900068 0.902468 0.901418 0.90131 0.901686 0.898551 0.774039 0.773717 1 0.7198 0.897199 0.771419 0.898023 0.901421 0.897413 0.897891 0.897372 0.899782 0.899444 0.900002 0.899713 0.89982 0.901123 0.903221 0.712271 0.714556 0.713895 0.712762 0.734799 0.900299 0.957633 0.772638 0.898877 0.898155 0.899761 0.899772 0.900155 0.901601 0.763313 0.767122 0.774177 0.779022 0.778422 0.772204 0.760102 0.899228 0.899138 0.898399 0.898206 0.899415 0.899452 0.897988 0.898181 0.901176 0.899317 0.958587 0.901103 0.900367 0.753517 
0.722897 0.719646 0.709915 0.712078 0.723697 0.722993 0.725046 0.725151 0.724115 0.724588 0.710881 0.723681 0.723407 0.721881 0.721485 0.724088 0.717666 0.724342 0.721854 0.721828 0.724312 0.714596 0.714515 0.7198 1 0.723879 0.711686 0.720954 0.721206 0.722668 0.722609 0.722364 0.724299 0.72295 0.724293 0.724219 0.725204 0.723497 0.724343 0.934577 0.935135 0.935025 0.934574 0.92463 0.724628 0.719251 0.711982 0.724096 0.72323 0.722606 0.724906 0.724529 0.718987 0.713229 0.712902 0.71468 0.717367 0.717189 0.713421 0.712731 0.724406 0.724613 0.722845 0.722653 0.724349 0.724514 0.722708 0.722799 0.724505 0.724304 0.720306 0.724221 0.725465 0.724365 
0.970825 0.893691 0.754272 0.760778 0.927495 0.92681 0.970612 0.970201 0.968633 0.981763 0.76148 0.97082 0.972581 0.97128 0.972051 0.972148 0.971434 0.970996 0.97136 0.971813 0.987033 0.771826 0.771415 0.897199 0.723879 1 0.771574 0.968943 0.971705 0.969284 0.969296 0.968959 0.971741 0.971701 0.971993 0.969863 0.970227 0.969604 0.969071 0.711585 0.713668 0.713049 0.712258 0.729898 0.969816 0.889359 0.771278 0.986095 0.972545 0.980676 0.983097 0.984515 0.971456 0.762846 0.764376 0.775784 0.779125 0.777792 0.772428 0.753424 0.968765 0.968519 0.970213 0.969751 0.971849 0.970854 0.969765 0.969807 0.97074 0.971612 0.890573 0.971287 0.972169 0.753692 
0.774009 0.773126 0.896205 0.899909 0.77204 0.772383 0.772053 0.772056 0.772206 0.77311 0.893504 0.772096 0.774198 0.773166 0.772598 0.772317 0.77219 0.773586 0.772327 0.772495 0.769781 0.974073 0.973599 0.771419 0.711686 0.771574 1 0.773505 0.774394 0.774272 0.774699 0.774782 0.771842 0.769423 0.772249 0.772208 0.77308 0.773186 0.773103 0.706426 0.707483 0.707088 0.706769 0.71528 0.772528 0.769975 0.978302 0.769271 0.770154 0.771768 0.772767 0.771979 0.771424 0.933096 0.88374 0.938736 0.971965 0.971243 0.974148 0.869265 0.772513 0.772462 0.772229 0.771916 0.771662 0.772351 0.772178 0.772005 0.773154 0.774255 0.769936 0.772888 0.772217 0.807289 
0.987865 0.895986 0.755792 0.762409 0.928571 0.92831 0.968882 0.968426 0.978721 0.968546 0.764427 0.968796 0.97236 0.971626 0.972362 0.970999 0.972374 0.972192 0.972295 0.972547 0.966399 0.773147 0.77262 0.898023 0.720954 0.968943 0.773505 1 0.973047 0.972995 0.973944 0.974108 0.970473 0.966183 0.970588 0.96871 0.970943 0.96763 0.979738 0.710261 0.712448 0.711862 0.710883 0.729451 0.980661 0.88955 0.773262 0.966219 0.965861 0.970415 0.968175 0.969097 0.972869 0.763325 0.766336 0.777342 0.779664 0.778262 0.774931 0.756271 0.967605 0.967163 0.970566 0.970312 0.969849 0.969895 0.970187 0.970273 0.982291 0.972406 0.889834 0.971514 0.971755 0.753543 
0.973631 0.89829 0.756384 0.762312 0.931727 0.931064 0.981559 0.981193 0.973533 0.972616 0.764759 0.9735 0.974921 0.976153 0.976526 0.976298 0.97595 0.975706 0.975933 0.976403 0.971563 0.77452 0.773999 0.901421 0.721206 0.971705 0.774394 0.973047 1 0.973501 0.973394 0.973338 0.982489 0.971378 0.982383 0.97336 0.973738 0.972648 0.975718 0.71095 0.712721 0.712261 0.711486 0.730181 0.974355 0.893542 0.774125 0.971216 0.970724 0.973902 0.97368 0.974363 0.976755 0.764914 0.7672 0.778242 0.781091 0.779929 0.776048 0.757225 0.972812 0.972506 0.971846 0.971993 0.981325 0.981475 0.971442 0.971695 0.975283 0.974073 0.894164 0.97384 0.97451 0.753501 
0.971668 0.896022 0.756544 0.763056 0.928886 0.928436 0.970093 0.969656 0.968938 0.968319 0.764483 0.969955 0.984574 0.974035 0.974219 0.971077 0.973373 0.971261 0.97268 0.974943 0.96671 0.77343 0.772967 0.897413 0.722668 0.969284 0.774272 0.972995 0.973501 1 0.973174 0.973377 0.971325 0.966932 0.970925 0.971187 0.970034 0.970265 0.970723 0.711081 0.713089 0.712508 0.711695 0.730541 0.970029 0.889746 0.773992 0.966498 0.966638 0.971393 0.969462 0.970046 0.972109 0.763982 0.766776 0.778129 0.780234 0.778815 0.775334 0.755548 0.969387 0.968844 0.97242 0.972157 0.970292 0.970414 0.971926 0.972178 0.971298 0.971654 0.890102 0.972679 0.973054 0.754464 
0.972851 0.897293 0.757625 0.763851 0.929093 0.928271 0.969946 0.969595 0.970161 0.967995 0.765202 0.969421 0.972296 0.971458 0.971426 0.969749 0.97074 0.97256 0.971501 0.971896 0.96611 0.774088 0.773588 0.897891 0.722609 0.969296 0.774699 0.973944 0.973394 0.973174 1 0.990354 0.970721 0.966756 0.971044 0.969678 0.971155 0.968554 0.971129 0.711794 0.713695 0.713059 0.712397 0.730859 0.971445 0.890365 0.774568 0.966133 0.966248 0.970836 0.968728 0.969341 0.971716 0.764821 0.767733 0.77894 0.780659 0.779422 0.775898 0.756443 0.968541 0.968091 0.969656 0.969551 0.969347 0.969408 0.969083 0.969193 0.972104 0.987069 0.891287 0.971646 0.971535 0.754054 
0.972757 0.897152 0.757627 0.76393 0.92913 0.928315 0.96973 0.969472 0.9698 0.96782 0.765292 0.969145 0.971883 0.971021 0.970965 0.969348 0.970304 0.972303 0.97127 0.971465 0.965655 0.77405 0.773426 0.897372 0.722364 0.968959 0.774782 0.974108 0.973338 0.973377 0.990354 1 0.97049 0.966403 0.970639 0.969393 0.970764 0.968241 0.970488 0.711722 0.713509 0.712863 0.712242 0.730573 0.971014 0.889909 0.774585 0.965767 0.965896 0.970795 0.968419 0.969132 0.971241 0.764738 0.767849 0.779014 0.780388 0.779134 0.776107 0.756459 0.968407 0.967909 0.969225 0.969118 0.969095 0.969138 0.968783 0.968891 0.971747 0.987473 0.891016 0.970871 0.970894 0.753723 
0.972314 0.896886 0.753877 0.760408 0.931507 0.930956 0.987244 0.98681 0.974393 0.973915 0.76339 0.975215 0.973912 0.976029 0.976279 0.978738 0.975472 0.97681 0.975456 0.975991 0.972479 0.772723 0.772169 0.899782 0.724299 0.971741 0.771842 0.970473 0.982489 0.971325 0.970721 0.97049 1 0.97226 0.989765 0.975959 0.975291 0.974611 0.975014 0.713126 0.71537 0.714682 0.713725 0.732929 0.975512 0.891709 0.77169 0.971738 0.972348 0.974436 0.97679 0.977506 0.977162 0.76319 0.764827 0.776651 0.779748 0.778581 0.77368 0.755386 0.973793 0.97351 0.971179 0.971402 0.984751 0.98502 0.970805 0.970864 0.976453 0.973491 0.893049 0.975031 0.975791 0.756275 
0.968007 0.893887 0.752568 0.759047 0.928277 0.927904 0.971382 0.970917 0.969286 0.969901 0.760692 0.983122 0.970458 0.973221 0.974269 0.973511 0.973436 0.973415 0.973658 0.974198 0.974802 0.770544 0.770034 0.899444 0.72295 0.971701 0.769423 0.966183 0.971378 0.966932 0.966756 0.966403 0.97226 1 0.972708 0.971484 0.972959 0.971845 0.970817 0.711159 0.713498 0.712855 0.711738 0.729531 0.970643 0.890557 0.769337 0.9746 0.983846 0.970102 0.97071 0.970889 0.972714 0.76141 0.762482 0.773171 0.777692 0.776715 0.770351 0.753024 0.981718 0.981583 0.969402 0.969396 0.972201 0.971578 0.968785 0.968819 0.971639 0.969701 0.891807 0.972163 0.97265 0.754493 
0.972482 0.897505 0.75424 0.760752 0.931884 0.931135 0.985971 0.985434 0.974378 0.973613 0.763256 0.975565 0.974082 0.976382 0.976638 0.979213 0.975605 0.976931 0.975439 0.976394 0.972631 0.772707 0.772274 0.900002 0.724293 0.971993 0.772249 0.970588 0.982383 0.970925 0.971044 0.970639 0.989765 0.972708 1 0.975647 0.975461 0.974644 0.975382 0.713805 0.71581 0.715151 0.714372 0.733192 0.97568 0.892034 0.772188 0.971875 0.973023 0.974403 0.976203 0.976389 0.976922 0.763669 0.765016 0.776886 0.78007 0.778883 0.77363 0.755467 0.973917 0.973729 0.971209 0.971367 0.984285 0.984466 0.97068 0.970883 0.976606 0.973934 0.89348 0.97547 0.97614 0.756639 
0.97035 0.89705 0.75494 0.761375 0.931983 0.931297 0.9743 0.974008 0.971934 0.971896 0.764036 0.973563 0.973689 0.976359 0.976085 0.975791 0.976327 0.974587 0.975226 0.976355 0.970506 0.772622 0.772079 0.899713 0.724219 0.969863 0.772208 0.96871 0.97336 0.971187 0.969678 0.969393 0.975959 0.971484 0.975647 1 0.981313 0.977069 0.972892 0.713662 0.715481 0.714898 0.71417 0.733287 0.973335 0.891712 0.771989 0.969673 0.970609 0.972725 0.974218 0.974569 0.976084 0.763683 0.765176 0.776873 0.78019 0.779025 0.77359 0.755888 0.972439 0.972045 0.972939 0.973189 0.974227 0.974642 0.972463 0.972792 0.973825 0.972624 0.892824 0.976481 0.97643 0.757545 
0.97266 0.896595 0.756 0.762426 0.931773 0.931301 0.973638 0.973293 0.973088 0.973411 0.764163 0.974996 0.972843 0.976322 0.976443 0.976776 0.976255 0.976042 0.976531 0.976752 0.971619 0.773918 0.773423 0.89982 0.725204 0.970227 0.77308 0.970943 0.973738 0.970034 0.971155 0.970764 0.975291 0.972959 0.975461 0.981313 1 0.976672 0.974421 0.71374 0.71581 0.715166 0.714328 0.733148 0.975038 0.891589 0.772862 0.97106 0.972116 0.973314 0.973186 0.973065 0.976571 0.764684 0.76586 0.777295 0.781137 0.779778 0.774321 0.756478 0.973672 0.973377 0.972321 0.972339 0.97478 0.975109 0.971786 0.972076 0.975964 0.974094 0.892557 0.976375 0.976127 0.757826 
0.96917 0.897411 0.755397 0.761855 0.932005 0.931473 0.973403 0.973137 0.971581 0.971916 0.764441 0.974273 0.972406 0.975769 0.974526 0.975133 0.974922 0.974284 0.97363 0.975051 0.970391 0.773531 0.773075 0.901123 0.723497 0.969604 0.773186 0.96763 0.972648 0.970265 0.968554 0.968241 0.974611 0.971845 0.974644 0.977069 0.976672 1 0.973214 0.713484 0.714575 0.713935 0.714127 0.732522 0.972768 0.89309 0.772936 0.969722 0.970958 0.972151 0.973156 0.973657 0.975063 0.764741 0.766408 0.777777 0.781057 0.779934 0.774735 0.756171 0.972811 0.972566 0.97063 0.970873 0.972176 0.972506 0.970142 0.970407 0.973317 0.971409 0.894639 0.974143 0.974394 0.75702 
0.981409 0.897633 0.755534 0.762216 0.930683 0.930186 0.973519 0.97305 0.981294 0.971122 0.76418 0.97322 0.973579 0.978073 0.978374 0.975236 0.978575 0.97594 0.976986 0.977984 0.970866 0.773878 0.773435 0.903221 0.724343 0.969071 0.773103 0.979738 0.975718 0.970723 0.971129 0.970488 0.975014 0.970817 0.975382 0.972892 0.974421 0.973214 1 0.713919 0.716524 0.715781 0.71459 0.733125 0.983805 0.892558 0.772787 0.970116 0.97021 0.972306 0.972776 0.973341 0.979081 0.764838 0.767043 0.776865 0.782129 0.780916 0.774166 0.757054 0.971467 0.971285 0.971907 0.971983 0.973574 0.973598 0.971459 0.971438 0.983725 0.973294 0.892984 0.975107 0.975115 0.759266 
0.712379 0.711441 0.707129 0.708922 0.712716 0.712106 0.713229 0.713312 0.712373 0.711868 0.709293 0.712157 0.711865 0.712915 0.711875 0.712633 0.708593 0.713436 0.711875 0.711499 0.71163 0.708412 0.708256 0.712271 0.934577 0.711585 0.706426 0.710261 0.71095 0.711081 0.711794 0.711722 0.713126 0.711159 0.713805 0.713662 0.71374 0.713484 0.713919 1 0.980431 0.980661 0.984658 0.968933 0.712592 0.712733 0.706161 0.711352 0.711327 0.71036 0.712319 0.712329 0.708834 0.708949 0.709716 0.71034 0.711341 0.711143 0.707859 0.711591 0.712739 0.712941 0.711978 0.711764 0.712998 0.713368 0.711964 0.712021 0.713314 0.713486 0.712581 0.712818 0.713759 0.718643 
0.714578 0.713253 0.707956 0.709941 0.7142 0.713938 0.715356 0.715411 0.714499 0.713812 0.710547 0.71417 0.713999 0.714797 0.714356 0.714924 0.710029 0.715553 0.714068 0.713936 0.713677 0.709642 0.709455 0.714556 0.935135 0.713668 0.707483 0.712448 0.712721 0.713089 0.713695 0.713509 0.71537 0.713498 0.71581 0.715481 0.71581 0.714575 0.716524 0.980431 1 0.983577 0.980413 0.971737 0.714977 0.714286 0.707269 0.7134 0.713239 0.712217 0.714506 0.71448 0.710279 0.710159 0.710876 0.711972 0.712555 0.712413 0.709577 0.712863 0.715058 0.715258 0.71431 0.714057 0.715046 0.715335 0.714316 0.71432 0.715486 0.715262 0.714216 0.714944 0.715873 0.71925 
0.713892 0.712704 0.707564 0.709565 0.713662 0.713425 0.714729 0.714848 0.713919 0.713297 0.710206 0.713528 0.713289 0.714186 0.713723 0.714192 0.709398 0.714902 0.713412 0.713247 0.71306 0.709027 0.708889 0.713895 0.935025 0.713049 0.707088 0.711862 0.712261 0.712508 0.713059 0.712863 0.714682 0.712855 0.715151 0.714898 0.715166 0.713935 0.715781 0.980661 0.983577 1 0.980649 0.972015 0.714288 0.713743 0.706854 0.712791 0.712671 0.71175 0.713937 0.71393 0.709695 0.709743 0.710512 0.711549 0.712021 0.711868 0.709278 0.712497 0.714464 0.714603 0.713683 0.713475 0.714439 0.71477 0.713724 0.713723 0.714845 0.714557 0.713708 0.714307 0.715235 0.7188 
0.713001 0.711776 0.707509 0.709232 0.71312 0.712487 0.713715 0.713761 0.713039 0.712502 0.709632 0.71282 0.712397 0.713576 0.712442 0.713247 0.709223 0.714078 0.712481 0.712131 0.712238 0.70881 0.708682 0.712762 0.934574 0.712258 0.706769 0.710883 0.711486 0.711695 0.712397 0.712242 0.713725 0.711738 0.714372 0.71417 0.714328 0.714127 0.71459 0.984658 0.980413 0.980649 1 0.969256 0.71327 0.713206 0.706576 0.712029 0.711956 0.711012 0.713027 0.712999 0.709484 0.709321 0.710093 0.710744 0.711715 0.711595 0.708168 0.712006 0.713356 0.713512 0.712567 0.71239 0.713648 0.71397 0.712563 0.71258 0.713945 0.714092 0.712996 0.713504 0.714374 0.719045 
0.731195 0.735409 0.714384 0.716907 0.731673 0.731093 0.732599 0.732603 0.73218 0.731833 0.717556 0.731693 0.731525 0.731493 0.73094 0.73272 0.727383 0.733585 0.730862 0.730676 0.730144 0.717397 0.717165 0.734799 0.92463 0.729898 0.71528 0.729451 0.730181 0.730541 0.730859 0.730573 0.732929 0.729531 0.733192 0.733287 0.733148 0.732522 0.733125 0.968933 0.971737 0.972015 0.969256 1 0.732807 0.735301 0.715497 0.730004 0.72996 0.730336 0.732403 0.732487 0.727667 0.717005 0.717811 0.720066 0.7208 0.720577 0.717241 0.718446 0.732236 0.732398 0.730387 0.730285 0.731658 0.732234 0.730228 0.730501 0.733453 0.732708 0.73599 0.732893 0.733542 0.724019 
0.984537 0.896952 0.754919 0.761702 0.931542 0.9314 0.973834 0.973317 0.984275 0.972548 0.763728 0.973826 0.973474 0.975389 0.975757 0.976296 0.976249 0.976913 0.976013 0.976071 0.971347 0.773752 0.773228 0.900299 0.724628 0.969816 0.772528 0.980661 0.974355 0.970029 0.971445 0.971014 0.975512 0.970643 0.97568 0.973335 0.975038 0.972768 0.983805 0.712592 0.714977 0.714288 0.71327 0.732807 1 0.891391 0.77224 0.970749 0.970717 0.972785 0.97334 0.97395 0.977273 0.764058 0.765754 0.776353 0.780573 0.779406 0.773614 0.755818 0.971911 0.971568 0.971029 0.971202 0.973359 0.973531 0.970577 0.970728 0.988328 0.974632 0.89256 0.976377 0.976832 0.757128 
0.889877 0.948871 0.75699 0.760516 0.893126 0.892567 0.891365 0.891312 0.891338 0.891369 0.767714 0.891104 0.890929 0.892704 0.891952 0.891815 0.892471 0.89262 0.892339 0.892326 0.889749 0.771541 0.77134 0.957633 0.719251 0.889359 0.769975 0.88955 0.893542 0.889746 0.890365 0.889909 0.891709 0.890557 0.892034 0.891712 0.891589 0.89309 0.892558 0.712733 0.714286 0.713743 0.713206 0.735301 0.891391 1 0.770481 0.889971 0.889019 0.891195 0.891747 0.89202 0.891237 0.761798 0.765336 0.772674 0.775434 0.775053 0.771387 0.759222 0.890844 0.890778 0.889696 0.889616 0.890912 0.890916 0.889383 0.889548 0.892198 0.891492 0.963241 0.892214 0.892067 0.748358 
0.7736 0.774028 0.897686 0.900499 0.7717 0.772063 0.771999 0.772069 0.772174 0.773038 0.89386 0.772111 0.773851 0.77308 0.772378 0.772387 0.772088 0.77345 0.772057 0.772334 0.769575 0.971759 0.971401 0.772638 0.711982 0.771278 0.978302 0.773262 0.774125 0.773992 0.774568 0.774585 0.77169 0.769337 0.772188 0.771989 0.772862 0.772936 0.772787 0.706161 0.707269 0.706854 0.706576 0.715497 0.77224 0.770481 1 0.769317 0.770137 0.771837 0.772639 0.771855 0.771262 0.930934 0.883865 0.937698 0.969381 0.968826 0.972249 0.870149 0.772565 0.772403 0.771756 0.7716 0.771473 0.772174 0.771652 0.771659 0.772783 0.773987 0.770802 0.772675 0.771933 0.806518 
0.967753 0.893782 0.75233 0.758852 0.929582 0.928345 0.972291 0.97245 0.970209 0.984297 0.760458 0.973475 0.969695 0.972457 0.973891 0.9729 0.973075 0.971959 0.973011 0.973507 0.990678 0.770049 0.769611 0.898877 0.724096 0.986095 0.769271 0.966219 0.971216 0.966498 0.966133 0.965767 0.971738 0.9746 0.971875 0.969673 0.97106 0.969722 0.970116 0.711352 0.7134 0.712791 0.712029 0.730004 0.970749 0.889971 0.769317 1 0.975227 0.982894 0.984309 0.984252 0.973046 0.760703 0.762339 0.77315 0.77736 0.776223 0.769915 0.752496 0.970985 0.971103 0.967806 0.96769 0.972617 0.971586 0.96732 0.967343 0.971868 0.968931 0.891509 0.972334 0.972354 0.754289 
0.967224 0.893817 0.752688 0.759186 0.929539 0.928561 0.97243 0.972219 0.969787 0.971881 0.761455 0.987188 0.970018 0.972762 0.973593 0.973393 0.972679 0.972965 0.97267 0.973798 0.9749 0.771204 0.770634 0.898155 0.72323 0.972545 0.770154 0.965861 0.970724 0.966638 0.966248 0.965896 0.972348 0.983846 0.973023 0.970609 0.972116 0.970958 0.97021 0.711327 0.713239 0.712671 0.711956 0.72996 0.970717 0.889019 0.770137 0.975227 1 0.972777 0.972969 0.972999 0.971906 0.761699 0.763227 0.773989 0.778308 0.777195 0.770906 0.753191 0.982591 0.982688 0.9689 0.968949 0.972166 0.971874 0.968286 0.968394 0.971282 0.969156 0.890432 0.972172 0.972801 0.754664 
0.969791 0.897941 0.754528 0.761002 0.931318 0.930529 0.97434 0.974047 0.971553 0.984812 0.763214 0.975705 0.972422 0.973245 0.974598 0.975271 0.974007 0.97471 0.974213 0.974273 0.982565 0.771727 0.771337 0.899761 0.722606 0.980676 0.771768 0.970415 0.973902 0.971393 0.970836 0.970795 0.974436 0.970102 0.974403 0.972725 0.973314 0.972151 0.972306 0.71036 0.712217 0.71175 0.711012 0.730336 0.972785 0.891195 0.771837 0.982894 0.972777 1 0.98521 0.985229 0.973761 0.762596 0.764418 0.775955 0.778567 0.777191 0.772493 0.754626 0.972225 0.972079 0.969056 0.969127 0.973511 0.973291 0.968458 0.968642 0.973978 0.970901 0.893072 0.974454 0.974112 0.755029 
0.969718 0.897739 0.754149 0.76084 0.932815 0.931859 0.977069 0.976807 0.973088 0.986403 0.763664 0.97593 0.972644 0.974851 0.974831 0.975186 0.97505 0.974459 0.974478 0.974674 0.984536 0.773377 0.772953 0.899772 0.724906 0.983097 0.772767 0.968175 0.97368 0.969462 0.968728 0.968419 0.97679 0.97071 0.976203 0.974218 0.973186 0.973156 0.972776 0.712319 0.714506 0.713937 0.713027 0.732403 0.97334 0.891747 0.772639 0.984309 0.972969 0.98521 1 0.99037 0.974949 0.764035 0.765841 0.777033 0.78043 0.779276 0.773983 0.755378 0.973428 0.97338 0.970309 0.970375 0.974134 0.974254 0.969859 0.97008 0.973371 0.971822 0.893394 0.974384 0.975468 0.756481 
0.970731 0.89759 0.754073 0.760673 0.932252 0.931601 0.976514 0.976096 0.972904 0.986983 0.763394 0.975429 0.973042 0.975489 0.975536 0.975275 0.975658 0.975362 0.975217 0.975391 0.985151 0.772712 0.772287 0.900155 0.724529 0.984515 0.771979 0.969097 0.974363 0.970046 0.969341 0.969132 0.977506 0.970889 0.976389 0.974569 0.973065 0.973657 0.973341 0.712329 0.71448 0.71393 0.712999 0.732487 0.97395 0.89202 0.771855 0.984252 0.972999 0.985229 0.99037 1 0.975908 0.763532 0.765116 0.77654 0.779955 0.778654 0.773661 0.755128 0.972421 0.97234 0.97047 0.970474 0.974347 0.974413 0.970139 0.970243 0.974413 0.972462 0.893649 0.975203 0.975718 0.756469 
0.974942 0.896775 0.754222 0.760734 0.931436 0.93132 0.975922 0.975339 0.975542 0.973773 0.763998 0.974836 0.975589 0.981831 0.982742 0.978206 0.982652 0.980162 0.981172 0.982381 0.973392 0.773015 0.77255 0.901601 0.718987 0.971456 0.771424 0.972869 0.976755 0.972109 0.971716 0.971241 0.977162 0.972714 0.976922 0.976084 0.976571 0.975063 0.979081 0.708834 0.710279 0.709695 0.709484 0.727667 0.977273 0.891237 0.771262 0.973046 0.971906 0.973761 0.974949 0.975908 1 0.76301 0.76541 0.774371 0.780101 0.778861 0.769924 0.756091 0.973224 0.972928 0.974614 0.974544 0.976017 0.976131 0.973968 0.974443 0.977745 0.974524 0.892676 0.978279 0.977315 0.754091 
0.765102 0.764158 0.897054 0.898346 0.763557 0.763768 0.763731 0.763848 0.763545 0.76425 0.892642 0.763557 0.764754 0.764068 0.764055 0.763707 0.763669 0.764773 0.763568 0.764036 0.761165 0.936118 0.935769 0.763313 0.713229 0.762846 0.933096 0.763325 0.764914 0.763982 0.764821 0.764738 0.76319 0.76141 0.763669 0.763683 0.764684 0.764741 0.764838 0.708949 0.710159 0.709743 0.709321 0.717005 0.764058 0.761798 0.930934 0.760703 0.761699 0.762596 0.764035 0.763532 0.76301 1 0.882622 0.923439 0.934881 0.935501 0.93085 0.874904 0.764027 0.763946 0.763306 0.762988 0.76293 0.763467 0.76319 0.763204 0.764643 0.765652 0.761885 0.764148 0.764236 0.811532 
0.76649 0.768421 0.895949 0.893675 0.766242 0.766196 0.7655 0.76571 0.765059 0.766058 0.91793 0.765345 0.766506 0.766051 0.766428 0.765394 0.766434 0.766109 0.765612 0.76614 0.762739 0.880835 0.880607 0.767122 0.712902 0.764376 0.88374 0.766336 0.7672 0.766776 0.767733 0.767849 0.764827 0.762482 0.765016 0.765176 0.76586 0.766408 0.767043 0.709716 0.710876 0.710512 0.710093 0.717811 0.765754 0.765336 0.883865 0.762339 0.763227 0.764418 0.765841 0.765116 0.76541 0.882622 1 0.879332 0.880326 0.880158 0.881027 0.930327 0.765783 0.765708 0.765196 0.76491 0.764382 0.764685 0.765025 0.765007 0.766191 0.76742 0.765429 0.765699 0.765804 0.785647 
0.777659 0.776919 0.890531 0.894229 0.77625 0.776184 0.77664 0.776695 0.776362 0.777197 0.888968 0.776267 0.777268 0.77782 0.776864 0.77632 0.775663 0.7777 0.77655 0.776924 0.773655 0.934924 0.934488 0.774177 0.71468 0.775784 0.938736 0.777342 0.778242 0.778129 0.77894 0.779014 0.776651 0.773171 0.776886 0.776873 0.777295 0.777777 0.776865 0.71034 0.711972 0.711549 0.710744 0.720066 0.776353 0.772674 0.937698 0.77315 0.773989 0.775955 0.777033 0.77654 0.774371 0.923439 0.879332 1 0.933546 0.932472 0.937862 0.867406 0.777042 0.776845 0.77584 0.775566 0.775606 0.776071 0.77592 0.775781 0.777029 0.778453 0.773586 0.776702 0.776828 0.810776 
0.781622 0.776882 0.891692 0.895018 0.778573 0.778795 0.779861 0.779966 0.78009 0.780886 0.888951 0.780214 0.78218 0.781495 0.780908 0.780397 0.780652 0.781823 0.780545 0.780789 0.777835 0.976907 0.976765 0.779022 0.717367 0.779125 0.971965 0.779664 0.781091 0.780234 0.780659 0.780388 0.779748 0.777692 0.78007 0.78019 0.781137 0.781057 0.782129 0.711341 0.712555 0.712021 0.711715 0.7208 0.780573 0.775434 0.969381 0.77736 0.778308 0.778567 0.78043 0.779955 0.780101 0.934881 0.880326 0.933546 1 0.983 0.96555 0.866088 0.780263 0.780275 0.780129 0.779904 0.779653 0.780314 0.780048 0.779895 0.781467 0.781981 0.775625 0.781107 0.780333 0.814152 
0.780198 0.776369 0.891189 0.89418 0.778041 0.77813 0.778671 0.778667 0.778862 0.779644 0.888677 0.779038 0.780959 0.780425 0.779897 0.77919 0.779612 0.780511 0.779491 0.779681 0.776703 0.97796 0.9778 0.778422 0.717189 0.777792 0.971243 0.778262 0.779929 0.778815 0.779422 0.779134 0.778581 0.776715 0.778883 0.779025 0.779778 0.779934 0.780916 0.711143 0.712413 0.711868 0.711595 0.720577 0.779406 0.775053 0.968826 0.776223 0.777195 0.777191 0.779276 0.778654 0.778861 0.935501 0.880158 0.932472 0.983 1 0.965389 0.866217 0.779008 0.779052 0.778728 0.778522 0.778478 0.779142 0.778695 0.778539 0.780282 0.780784 0.775204 0.779913 0.779048 0.813598 
0.77524 0.775086 0.892883 0.895884 0.773593 0.773214 0.773955 0.77406 0.773553 0.773975 0.892379 0.773006 0.775052 0.774586 0.773385 0.773179 0.770975 0.774741 0.773301 0.773316 0.770373 0.970556 0.970239 0.772204 0.713421 0.772428 0.974148 0.774931 0.776048 0.775334 0.775898 0.776107 0.77368 0.770351 0.77363 0.77359 0.774321 0.774735 0.774166 0.707859 0.709577 0.709278 0.708168 0.717241 0.773614 0.771387 0.972249 0.769915 0.770906 0.772493 0.773983 0.773661 0.769924 0.93085 0.881027 0.937862 0.96555 0.965389 1 0.867821 0.774049 0.773995 0.773592 0.773422 0.773083 0.773741 0.773705 0.773537 0.774302 0.775531 0.771216 0.773355 0.773648 0.808195 
0.75681 0.761144 0.897095 0.892974 0.757971 0.757916 0.75597 0.756076 0.755239 0.756038 0.922395 0.755566 0.755542 0.757234 0.756838 0.755734 0.757368 0.756518 0.756173 0.756607 0.752633 0.867483 0.86728 0.760102 0.712731 0.753424 0.869265 0.756271 0.757225 0.755548 0.756443 0.756459 0.755386 0.753024 0.755467 0.755888 0.756478 0.756171 0.757054 0.711591 0.712863 0.712497 0.712006 0.718446 0.755818 0.759222 0.870149 0.752496 0.753191 0.754626 0.755378 0.755128 0.756091 0.874904 0.930327 0.867406 0.866088 0.866217 0.867821 1 0.756571 0.756418 0.75485 0.7547 0.755469 0.756103 0.75495 0.754902 0.75632 0.756387 0.759261 0.756367 0.756156 0.784705 
0.969036 0.896125 0.75507 0.761585 0.933051 0.931962 0.974372 0.974227 0.973311 0.973033 0.764307 0.985949 0.971853 0.974611 0.974217 0.973703 0.974486 0.973679 0.974273 0.974279 0.970443 0.772947 0.772419 0.899228 0.724406 0.968765 0.772513 0.967605 0.972812 0.969387 0.968541 0.968407 0.973793 0.981718 0.973917 0.972439 0.973672 0.972811 0.971467 0.712739 0.715058 0.714464 0.713356 0.732236 0.971911 0.890844 0.772565 0.970985 0.982591 0.972225 0.973428 0.972421 0.973224 0.764027 0.765783 0.777042 0.780263 0.779008 0.774049 0.756571 1 0.993602 0.969801 0.96995 0.973201 0.973312 0.969504 0.969426 0.972285 0.971016 0.892235 0.972457 0.974241 0.755443 
