9.99369E-05 9.99369E-05 9.99369E-05 0.976798 9.99369E-05 9.99369E-05 0.00562297 9.99369E-05 9.99369E-05 0.0168791
9.9964E-05 9.9964E-05 0.126447 0.0687333 0.769299 9.9964E-05 0.00455319 0.0207463 9.9964E-05 0.00982106
0.0517124 0.0933573 0.770536 9.99554E-05 9.99554E-05 0.0131394 0.0707556 9.99554E-05 9.99554E-05 9.99554E-05
9.9928E-05 9.9928E-05 0.966594 9.9928E-05 9.9928E-05 9.9928E-05 0.0326063 9.9928E-05 9.9928E-05 9.9928E-05
9.99641E-05 0.241546 0.42959 0.0435051 0.0614355 0.0679386 9.99641E-05 9.99641E-05 9.99641E-05 0.155584
9.99281E-05 9.99281E-05 0.97493 9.99281E-05 9.99281E-05 9.99281E-05 9.99281E-05 9.99281E-05 9.99281E-05 0.0242708
9.99278E-05 0.972891 9.99278E-05 9.99278E-05 9.99278E-05 9.99278E-05 9.99278E-05 0.0263094 9.99278E-05 9.99278E-05
9.9964E-05 0.209191 0.364164 9.9964E-05 0.0848544 0.255346 0.00909721 9.9964E-05 9.9964E-05 0.076948
9.99458E-05 0.887667 9.99458E-05 9.99458E-05 0.0180526 9.99458E-05 9.99458E-05 0.0609204 9.99458E-05 0.0327605
9.99279E-05 0.148171 9.99279E-05 9.99279E-05 9.99279E-05 9.99279E-05 9.99279E-05 9.99279E-05 9.99279E-05 0.85103
9.9928E-05 0.115543 9.9928E-05 9.9928E-05 9.9928E-05 9.9928E-05 9.9928E-05 9.9928E-05 9.9928E-05 0.883657
9.9955E-05 0.0214572 0.0277088 0.657326 9.9955E-05 9.9955E-05 0.122913 9.9955E-05 0.170095 9.9955E-05
9.99371E-05 0.0846994 0.00453775 9.99371E-05 9.99371E-05 9.99371E-05 9.99371E-05 9.99371E-05 0.910063 9.99371E-05
0.0157404 9.995E-05 0.951119 0.0193794 0.00181848 9.995E-05 0.0114432 9.995E-05 9.995E-05 9.995E-05
9.9937E-05 9.9937E-05 0.955816 0.0359952 9.9937E-05 9.9937E-05 9.9937E-05 9.9937E-05 9.9937E-05 0.00748907
9.9937E-05 9.9937E-05 9.9937E-05 9.9937E-05 9.9937E-05 9.9937E-05 9.9937E-05 0.827147 0.138628 0.0335249
0.0481559 9.99551E-05 9.99551E-05 9.99551E-05 9.99551E-05 9.99551E-05 0.290602 0.00804525 0.241712 0.410985
0.733673 9.99549E-05 9.99549E-05 9.99549E-05 0.0761963 0.0109552 9.99549E-05 0.119779 9.99549E-05 0.0588967
0.90643 9.99281E-05 9.99281E-05 9.99281E-05 9.99281E-05 9.99281E-05 0.0927704 9.99281E-05 9.99281E-05 9.99281E-05
9.9955E-05 9.9955E-05 9.9955E-05 0.0967361 9.9955E-05 9.9955E-05 0.0433889 0.339514 0.00240375 0.517457
0.992097 9.9928E-05 0.00710381 9.9928E-05 9.9928E-05 9.9928E-05 9.9928E-05 9.9928E-05 9.9928E-05 9.9928E-05
9.99519E-05 9.99519E-05 9.99519E-05 0.529662 9.99519E-05 9.99519E-05 9.99519E-05 0.281969 0.0573785 0.13039
0.406332 9.99551E-05 0.00143166 9.99551E-05 9.99551E-05 0.0287297 0.298996 9.99551E-05 9.99551E-05 0.264011
0.916923 9.99369E-05 9.99369E-05 9.99369E-05 9.99369E-05 9.99369E-05 0.051556 9.99369E-05 9.99369E-05 0.0308213
9.99201E-05 9.99201E-05 0.999101 9.99201E-05 9.99201E-05 9.99201E-05 9.99201E-05 9.99201E-05 9.99201E-05 9.99201E-05
9.99201E-05 9.99201E-05 0.999101 9.99201E-05 9.99201E-05 9.99201E-05 9.99201E-05 9.99201E-05 9.99201E-05 9.99201E-05
9.99458E-05 9.99458E-05 9.99458E-05 0.108468 9.99458E-05 9.99458E-05 0.0262616 9.99458E-05 0.787759 0.0769126
9.9955E-05 0.00170623 0.923442 9.9955E-05 9.9955E-05 0.0312011 9.9955E-05 0.013428 0.0297233 9.9955E-05
9.9955E-05 0.00712645 0.927405 9.9955E-05 0.0245612 0.0250087 9.9955E-05 9.9955E-05 0.0153987 9.9955E-05
0.0278457 9.99642E-05 0.671333 0.00958279 0.0529765 0.227665 0.0101966 9.99642E-05 9.99642E-05 9.99642E-05
9.99551E-05 0.06557 0.646066 9.99551E-05 9.99551E-05 0.234041 0.00735783 9.99551E-05 9.99551E-05 0.0464648
9.99201E-05 9.99201E-05 9.99201E-05 9.99201E-05 0.999101 9.99201E-05 9.99201E-05 9.99201E-05 9.99201E-05 9.99201E-05
9.99371E-05 0.00647656 0.966311 9.99371E-05 9.99371E-05 9.99371E-05 9.99371E-05 0.0265133 9.99371E-05 9.99371E-05
9.99461E-05 0.0778112 0.0779949 9.99461E-05 0.00244253 0.841152 9.99461E-05 9.99461E-05 9.99461E-05 9.99461E-05
9.996E-05 9.996E-05 0.0283138 0.0439137 9.996E-05 0.0182537 0.178868 9.996E-05 0.616716 0.113536
9.99549E-05 0.0314208 0.942183 0.00861224 9.99549E-05 9.99549E-05 0.00661492 0.0106696 9.99549E-05 9.99549E-05
9.99281E-05 9.99281E-05 0.00596414 0.993236 9.99281E-05 9.99281E-05 9.99281E-05 9.99281E-05 9.99281E-05 9.99281E-05
9.9955E-05 0.0370596 0.0226915 0.0461969 0.207324 9.9955E-05 9.9955E-05 9.9955E-05 9.9955E-05 0.686228
0.0273432 9.99641E-05 0.120631 9.99641E-05 9.99641E-05 9.99641E-05 0.338599 0.0222411 0.204524 0.286262
9.99549E-05 9.99549E-05 0.101224 0.223831 9.99549E-05 9.99549E-05 0.00389581 0.299877 9.99549E-05 0.370673
0.0138149 9.99729E-05 0.0755303 0.25232 0.0183847 9.99729E-05 0.0257325 0.282061 9.99729E-05 0.331856
9.99369E-05 9.99369E-05 9.99369E-05 0.0242137 9.99369E-05 9.99369E-05 9.99369E-05 0.0519481 9.99369E-05 0.923139
0.0096108 0.0433753 9.9964E-05 0.027251 9.9964E-05 9.9964E-05 9.9964E-05 0.883588 0.0142038 0.0215709
9.9946E-05 9.9946E-05 9.9946E-05 0.0367427 9.9946E-05 0.00350535 9.9946E-05 9.9946E-05 0.0233655 0.935787
0.0923228 9.99729E-05 9.99729E-05 0.0391429 0.0652038 9.99729E-05 0.123139 0.0637933 0.186416 0.429682
0.0272901 9.9982E-05 0.052015 0.0977033 0.0541845 9.9982E-05 0.00934471 0.182395 0.0303032 0.546564
9.9964E-05 9.9964E-05 0.103401 0.17488 9.9964E-05 0.0412784 0.0778792 9.9964E-05 0.208039 0.394123
0.00526275 9.99285E-05 9.99285E-05 0.993938 9.99285E-05 9.99285E-05 9.99285E-05 9.99285E-05 9.99285E-05 9.99285E-05
9.99201E-05 9.99201E-05 9.99201E-05 9.99201E-05 9.99201E-05 0.999101 9.99201E-05 9.99201E-05 9.99201E-05 9.99201E-05
9.9928E-05 9.9928E-05 9.9928E-05 9.9928E-05 9.9928E-05 0.986183 9.9928E-05 0.0130176 9.9928E-05 9.9928E-05
9.9928E-05 9.9928E-05 9.9928E-05 9.9928E-05 9.9928E-05 0.969247 9.9928E-05 9.9928E-05 9.9928E-05 0.0299536
9.99201E-05 9.99201E-05 9.99201E-05 9.99201E-05 9.99201E-05 0.999101 9.99201E-05 9.99201E-05 9.99201E-05 9.99201E-05
9.99201E-05 9.99201E-05 9.99201E-05 9.99201E-05 9.99201E-05 0.999101 9.99201E-05 9.99201E-05 9.99201E-05 9.99201E-05
0.0198401 0.12011 0.194667 9.99731E-05 0.0994055 0.487226 9.99731E-05 0.0566218 9.99731E-05 0.0218299
9.9928E-05 9.9928E-05 9.9928E-05 9.9928E-05 0.0734921 0.925708 9.9928E-05 9.9928E-05 9.9928E-05 9.9928E-05
9.99369E-05 9.99369E-05 9.99369E-05 0.788859 9.99369E-05 9.99369E-05 9.99369E-05 0.197291 0.0131507 9.99369E-05
9.99369E-05 0.0315589 9.99369E-05 9.99369E-05 0.892176 0.0755656 9.99369E-05 9.99369E-05 9.99369E-05 9.99369E-05
9.99414E-05 9.99414E-05 0.991469 0.00609923 9.99414E-05 9.99414E-05 9.99414E-05 9.99414E-05 9.99414E-05 0.00173199
9.9946E-05 9.9946E-05 9.9946E-05 0.0273631 9.9946E-05 0.00566681 9.9946E-05 0.113588 0.852782 9.9946E-05
9.99282E-05 9.99282E-05 9.99282E-05 9.99282E-05 9.99282E-05 9.99282E-05 9.99282E-05 0.948988 0.0502126 9.99282E-05
9.99281E-05 0.0740062 9.99281E-05 9.99281E-05 9.99281E-05 9.99281E-05 9.99281E-05 9.99281E-05 0.925194 9.99281E-05
9.99549E-05 9.99549E-05 9.99549E-05 0.0132222 0.0174501 9.99549E-05 9.99549E-05 0.0210897 0.884505 0.063233
9.99369E-05 9.99369E-05 9.99369E-05 9.99369E-05 9.99369E-05 9.99369E-05 0.0405866 9.99369E-05 0.887705 0.0710087
0.912079 9.99372E-05 9.99372E-05 0.0732837 9.99372E-05 0.0139377 9.99372E-05 9.99372E-05 9.99372E-05 9.99372E-05
9.99201E-05 9.99201E-05 0.999101 9.99201E-05 9.99201E-05 9.99201E-05 9.99201E-05 9.99201E-05 9.99201E-05 9.99201E-05
0.0596672 0.0609391 0.32603 0.117357 0.19042 9.9991E-05 0.0436158 0.0675925 0.110012 0.0242669
9.99552E-05 0.000254317 0.973947 9.99552E-05 9.99552E-05 0.00163202 9.99552E-05 0.00700888 0.0166579 9.99552E-05
9.9937E-05 0.0157848 0.941879 0.0416362 9.9937E-05 9.9937E-05 9.9937E-05 9.9937E-05 9.9937E-05 9.9937E-05
9.99459E-05 0.0213149 0.908149 9.99459E-05 9.99459E-05 0.0275862 9.99459E-05 0.0423502 9.99459E-05 9.99459E-05
9.9937E-05 9.9937E-05 0.914046 9.9937E-05 0.0324374 9.9937E-05 9.9937E-05 0.0528173 9.9937E-05 9.9937E-05
9.99641E-05 0.0189571 0.887953 0.014347 0.00223604 9.99641E-05 0.0104836 9.99641E-05 9.99641E-05 0.0656235
9.99459E-05 0.0224527 0.941242 9.99459E-05 9.99459E-05 0.0255691 9.99459E-05 9.99459E-05 9.99459E-05 0.0101365
9.99372E-05 0.284768 0.411051 9.99372E-05 9.99372E-05 0.303482 9.99372E-05 9.99372E-05 9.99372E-05 9.99372E-05
9.99372E-05 0.50282 0.381685 9.99372E-05 9.99372E-05 0.114795 9.99372E-05 9.99372E-05 9.99372E-05 9.99372E-05
9.99371E-05 9.99371E-05 0.908574 9.99371E-05 9.99371E-05 0.0496769 9.99371E-05 0.04105 9.99371E-05 9.99371E-05
9.9946E-05 9.9946E-05 9.9946E-05 9.9946E-05 0.0217583 0.0102172 0.00326724 0.964158 9.9946E-05 9.9946E-05
9.99279E-05 9.99279E-05 9.99279E-05 9.99279E-05 9.99279E-05 0.0325852 9.99279E-05 0.966615 9.99279E-05 9.99279E-05
9.99201E-05 9.99201E-05 9.99201E-05 9.99201E-05 9.99201E-05 9.99201E-05 0.999101 9.99201E-05 9.99201E-05 9.99201E-05
9.99201E-05 9.99201E-05 9.99201E-05 9.99201E-05 9.99201E-05 9.99201E-05 0.999101 9.99201E-05 9.99201E-05 9.99201E-05
9.99459E-05 9.99459E-05 9.99459E-05 0.0141911 0.0749319 9.99459E-05 9.99459E-05 0.129534 9.99459E-05 0.780744
9.99549E-05 0.0248937 9.99549E-05 9.99549E-05 0.0535755 9.99549E-05 9.99549E-05 0.16742 0.0521173 0.701494
9.99201E-05 9.99201E-05 9.99201E-05 9.99201E-05 9.99201E-05 9.99201E-05 0.999101 9.99201E-05 9.99201E-05 9.99201E-05
9.99201E-05 9.99201E-05 9.99201E-05 9.99201E-05 9.99201E-05 9.99201E-05 0.999101 9.99201E-05 9.99201E-05 9.99201E-05
9.99459E-05 9.99459E-05 9.99459E-05 0.959001 9.99459E-05 0.0035078 9.99459E-05 0.0177091 0.0191823 9.99459E-05
0.0694861 0.0761456 9.9973E-05 0.00598161 0.0537094 9.9973E-05 9.9973E-05 0.526215 0.164376 0.103787
9.9937E-05 0.0240898 9.9937E-05 9.9937E-05 0.918825 0.0563853 9.9937E-05 9.9937E-05 9.9937E-05 9.9937E-05
0.0543572 9.99552E-05 0.0484136 9.99552E-05 9.99552E-05 9.99552E-05 0.220878 9.99552E-05 0.389986 0.285866
0.0579975 9.99641E-05 9.99641E-05 0.174303 9.99641E-05 9.99641E-05 0.286978 0.0149499 0.464583 0.000789149
0.022679 0.144017 0.58158 9.99641E-05 0.0013843 0.230615 0.0193255 9.99641E-05 9.99641E-05 9.99641E-05
