9.99279E-05 9.99279E-05 9.99279E-05 0.0539188 9.99279E-05 9.99279E-05 9.99279E-05 0.945282 9.99279E-05 9.99279E-05
9.99548E-05 0.1779 0.0498296 9.99548E-05 9.99548E-05 0.599634 0.0142177 0.157919 9.99548E-05 9.99548E-05
9.99201E-05 9.99201E-05 9.99201E-05 9.99201E-05 0.999101 9.99201E-05 9.99201E-05 9.99201E-05 9.99201E-05 9.99201E-05
0.00861017 0.951762 0.0173205 9.9946E-05 0.0217077 9.9946E-05 9.9946E-05 9.9946E-05 9.9946E-05 9.9946E-05
0.0651386 0.365153 9.99551E-05 0.177541 0.0447214 0.346945 9.99551E-05 9.99551E-05 9.99551E-05 9.99551E-05
9.9955E-05 0.925721 0.019675 0.0152351 0.0358115 9.9955E-05 9.9955E-05 0.00305736 9.9955E-05 9.9955E-05
9.9928E-05 9.9928E-05 9.9928E-05 9.9928E-05 9.9928E-05 0.732708 9.9928E-05 9.9928E-05 9.9928E-05 0.266493
0.243584 0.337522 9.9955E-05 0.114877 0.0155767 0.287941 9.9955E-05 9.9955E-05 9.9955E-05 9.9955E-05
9.99369E-05 9.99369E-05 9.99369E-05 9.99369E-05 9.99369E-05 0.776096 0.0760913 9.99369E-05 9.99369E-05 0.147113
9.99281E-05 9.99281E-05 9.99281E-05 0.983077 9.99281E-05 0.0161236 9.99281E-05 9.99281E-05 9.99281E-05 9.99281E-05
9.99281E-05 9.99281E-05 9.99281E-05 0.996911 9.99281E-05 0.00228953 9.99281E-05 9.99281E-05 9.99281E-05 9.99281E-05
9.9955E-05 0.0145735 0.103842 9.9955E-05 9.9955E-05 9.9955E-05 0.0201005 0.697051 9.9955E-05 0.163934
9.99281E-05 0.00289565 9.99281E-05 9.99281E-05 9.99281E-05 9.99281E-05 9.99281E-05 9.99281E-05 9.99281E-05 0.996305
9.9955E-05 0.931933 0.00128966 9.9955E-05 0.0198816 9.9955E-05 9.9955E-05 0.0274327 0.0189635 9.9955E-05
9.99371E-05 0.942175 9.99371E-05 0.0262659 9.99371E-05 9.99371E-05 9.99371E-05 0.0308594 9.99371E-05 9.99371E-05
0.0068786 9.9946E-05 9.9946E-05 0.00720176 9.9946E-05 9.9946E-05 0.840914 9.9946E-05 9.9946E-05 0.144406
9.9955E-05 9.9955E-05 0.286964 0.421351 9.9955E-05 9.9955E-05 0.00797948 9.9955E-05 0.0692424 0.213964
0.0460124 9.99639E-05 9.99639E-05 0.127717 0.0160487 9.99639E-05 0.0856388 0.0123739 0.71181 9.99639E-05
9.9937E-05 9.9937E-05 0.0678222 9.9937E-05 9.9937E-05 9.9937E-05 9.9937E-05 9.9937E-05 0.916605 0.0148729
9.99459E-05 9.99459E-05 0.0621136 0.467472 9.99459E-05 9.99459E-05 0.362616 0.107198 9.99459E-05 9.99459E-05
9.9928E-05 9.9928E-05 9.9928E-05 9.9928E-05 0.0116627 9.9928E-05 9.9928E-05 9.9928E-05 0.987538 9.9928E-05
9.99459E-05 9.99459E-05 9.99459E-05 0.0762171 9.99459E-05 9.99459E-05 0.351845 0.532325 9.99459E-05 0.0390139
0.00502652 0.00543812 0.327604 0.263297 0.000463644 9.9964E-05 9.9964E-05 9.9964E-05 0.397771 9.9964E-05
9.9937E-05 9.9937E-05 0.064956 0.0120732 9.9937E-05 9.9937E-05 9.9937E-05 9.9937E-05 0.922271 9.9937E-05
0.00987369 0.968403 9.99372E-05 9.99372E-05 0.0210242 9.99372E-05 9.99372E-05 9.99372E-05 9.99372E-05 9.99372E-05
9.99281E-05 0.991965 9.99281E-05 9.99281E-05 0.00723536 9.99281E-05 9.99281E-05 9.99281E-05 9.99281E-05 9.99281E-05
9.99549E-05 9.99549E-05 0.0331142 0.0760404 9.99549E-05 9.99549E-05 0.0283003 0.0975875 9.99549E-05 0.764458
0.0526397 0.934871 9.9937E-05 9.9937E-05 0.0117897 9.9937E-05 9.9937E-05 9.9937E-05 9.9937E-05 9.9937E-05
0.0935949 0.840384 9.9955E-05 9.9955E-05 0.0265021 9.9955E-05 0.0113642 9.9955E-05 9.9955E-05 0.0276551
0.198749 0.693762 9.99731E-05 9.99731E-05 0.00731882 0.0400628 9.99731E-05 0.00415131 0.0364889 0.019167
0.214755 0.639181 0.037436 0.0547997 9.99551E-05 0.0533291 9.99551E-05 9.99551E-05 9.99551E-05 9.99551E-05
0.0918065 0.00160464 0.00358824 9.9955E-05 9.9955E-05 0.869306 9.9955E-05 0.0331953 9.9955E-05 9.9955E-05
9.99282E-05 0.972704 9.99282E-05 9.99282E-05 9.99282E-05 9.99282E-05 0.0264961 9.99282E-05 9.99282E-05 9.99282E-05
0.806498 0.0707026 9.99461E-05 9.99461E-05 0.0225191 0.099681 9.99461E-05 9.99461E-05 9.99461E-05 9.99461E-05
9.99548E-05 0.0732067 0.182617 0.111388 9.99548E-05 9.99548E-05 9.99548E-05 0.0812756 9.99548E-05 0.551012
9.9955E-05 0.960604 0.0102373 9.9955E-05 9.9955E-05 0.00397991 9.9955E-05 0.00633969 9.9955E-05 0.0183393
9.99281E-05 9.99281E-05 9.99281E-05 9.99281E-05 0.00582893 9.99281E-05 9.99281E-05 0.993372 9.99281E-05 9.99281E-05
9.99549E-05 0.00730764 9.99549E-05 0.654094 9.99549E-05 0.164533 9.99549E-05 0.166586 0.00698002 9.99549E-05
9.99641E-05 0.119838 0.349367 0.260154 9.99641E-05 9.99641E-05 9.99641E-05 0.0226912 0.0503253 0.197223
9.994E-05 0.0592641 9.994E-05 0.337562 9.994E-05 9.994E-05 0.3923 0.210275 9.994E-05 9.994E-05
9.99639E-05 0.0645613 0.00732932 0.328059 9.99639E-05 9.99639E-05 0.335482 0.258859 0.00530947 9.99639E-05
9.99369E-05 9.99369E-05 9.99369E-05 0.85862 9.99369E-05 9.99369E-05 0.0505833 0.0900967 9.99369E-05 9.99369E-05
9.9955E-05 9.9955E-05 9.9955E-05 0.0209686 9.9955E-05 0.0213614 0.888127 9.9955E-05 0.00248547 0.0665576
9.99549E-05 9.99549E-05 0.00318303 0.885363 9.99549E-05 9.99549E-05 0.0272713 0.0595754 9.99549E-05 0.0241073
9.9973E-05 9.9973E-05 0.127456 0.441706 9.9973E-05 0.00164817 0.154565 0.027854 0.111138 0.135333
9.9973E-05 0.0718793 0.00455858 0.541723 9.9973E-05 9.9973E-05 0.192378 0.132011 0.0345586 0.0225917
0.0194968 0.128786 0.0661779 0.337946 0.0052918 9.9973E-05 9.9973E-05 0.224532 9.9973E-05 0.21747
9.99201E-05 9.99201E-05 9.99201E-05 9.99201E-05 9.99201E-05 9.99201E-05 9.99201E-05 0.999101 9.99201E-05 9.99201E-05
0.999101 9.99201E-05 9.99201E-05 9.99201E-05 9.99201E-05 9.99201E-05 9.99201E-05 9.99201E-05 9.99201E-05 9.99201E-05
0.969979 9.9928E-05 9.9928E-05 9.9928E-05 9.9928E-05 9.9928E-05 0.0292212 9.9928E-05 9.9928E-05 9.9928E-05
0.999101 9.99201E-05 9.99201E-05 9.99201E-05 9.99201E-05 9.99201E-05 9.99201E-05 9.99201E-05 9.99201E-05 9.99201E-05
0.999101 9.99201E-05 9.99201E-05 9.99201E-05 9.99201E-05 9.99201E-05 9.99201E-05 9.99201E-05 9.99201E-05 9.99201E-05
0.999101 9.99201E-05 9.99201E-05 9.99201E-05 9.99201E-05 9.99201E-05 9.99201E-05 9.99201E-05 9.99201E-05 9.99201E-05
0.436413 0.181999 9.9973E-05 0.0442483 0.0789008 0.193535 9.9973E-05 9.9973E-05 0.0268462 0.0377575
0.969233 9.9937E-05 9.9937E-05 9.9937E-05 9.9937E-05 9.9937E-05 0.028444 0.00162363 9.9937E-05 9.9937E-05
9.99369E-05 9.99369E-05 9.99369E-05 9.99369E-05 9.99369E-05 9.99369E-05 0.164376 0.806654 9.99369E-05 0.0282711
0.104764 9.99548E-05 0.0309691 9.99548E-05 0.016107 0.762158 9.99548E-05 0.0855021 9.99548E-05 9.99548E-05
9.9928E-05 0.996722 9.9928E-05 9.9928E-05 9.9928E-05 9.9928E-05 9.9928E-05 9.9928E-05 0.0024783 9.9928E-05
9.9946E-05 9.9946E-05 0.0234276 9.9946E-05 9.9946E-05 9.9946E-05 0.119329 0.0479176 9.9946E-05 0.808726
9.99281E-05 9.99281E-05 9.99281E-05 9.99281E-05 9.99281E-05 9.99281E-05 0.930089 9.99281E-05 9.99281E-05 0.0691111
9.99282E-05 9.99282E-05 9.99282E-05 9.99282E-05 0.022899 9.99282E-05 9.99282E-05 9.99282E-05 9.99282E-05 0.976302
9.99549E-05 9.99549E-05 9.99549E-05 0.106863 0.0018452 9.99549E-05 0.0317281 0.0290778 9.99549E-05 0.829986
9.99368E-05 9.99368E-05 0.0509796 0.120259 9.99368E-05 9.99368E-05 9.99368E-05 9.99368E-05 9.99368E-05 0.828062
0.00540658 9.99462E-05 9.99462E-05 9.99462E-05 9.99462E-05 0.011213 9.99462E-05 0.0929896 0.889791 9.99462E-05
9.99283E-05 0.988894 9.99283E-05 9.99283E-05 0.0103066 9.99283E-05 9.99283E-05 9.99283E-05 9.99283E-05 9.99283E-05
0.0874681 0.214227 0.133254 0.109066 0.0186163 0.0106459 0.250007 0.0405796 9.9991E-05 0.136035
9.99372E-05 0.817842 9.99372E-05 9.99372E-05 0.129562 9.99372E-05 0.0518967 9.99372E-05 9.99372E-05 9.99372E-05
0.0309649 0.935481 9.9946E-05 9.9946E-05 0.000922156 9.9946E-05 9.9946E-05 0.0320322 9.9946E-05 9.9946E-05
0.0491753 0.903884 9.9946E-05 9.9946E-05 9.9946E-05 0.00851124 0.0378302 9.9946E-05 9.9946E-05 9.9946E-05
0.0178911 0.919221 9.9955E-05 9.9955E-05 9.9955E-05 0.0456773 0.0106248 9.9955E-05 0.0060856 9.9955E-05
9.99461E-05 0.922738 9.99461E-05 0.0582323 9.99461E-05 0.0149462 9.99461E-05 0.00348341 9.99461E-05 9.99461E-05
9.9937E-05 0.989621 9.9937E-05 9.9937E-05 9.9937E-05 9.9937E-05 9.9937E-05 0.000758234 9.9937E-05 0.00892163
0.236434 0.469365 9.99463E-05 9.99463E-05 0.0123282 0.281273 9.99463E-05 9.99463E-05 9.99463E-05 9.99463E-05
0.107938 0.425044 9.99463E-05 9.99463E-05 9.99463E-05 0.386189 9.99463E-05 9.99463E-05 9.99463E-05 0.0802297
9.9955E-05 0.89918 0.00604019 0.00269664 0.0507649 9.9955E-05 0.0408183 9.9955E-05 9.9955E-05 9.9955E-05
9.9946E-05 0.0145547 0.00936342 9.9946E-05 9.9946E-05 0.0140045 0.961478 9.9946E-05 9.9946E-05 9.9946E-05
0.0325849 9.99279E-05 9.99279E-05 9.99279E-05 9.99279E-05 9.99279E-05 0.966616 9.99279E-05 9.99279E-05 9.99279E-05
9.99201E-05 9.99201E-05 0.999101 9.99201E-05 9.99201E-05 9.99201E-05 9.99201E-05 9.99201E-05 9.99201E-05 9.99201E-05
9.99201E-05 9.99201E-05 0.999101 9.99201E-05 9.99201E-05 9.99201E-05 9.99201E-05 9.99201E-05 9.99201E-05 9.99201E-05
0.00345021 0.00336293 9.99639E-05 0.758001 9.99639E-05 0.0205034 0.17486 0.0394226 9.99639E-05 9.99639E-05
9.99549E-05 9.99549E-05 9.99549E-05 0.699331 9.99549E-05 0.0568849 0.180653 0.0365053 9.99549E-05 0.0261263
0.0124211 9.9937E-05 0.975178 0.0117016 9.9937E-05 9.9937E-05 9.9937E-05 9.9937E-05 9.9937E-05 9.9937E-05
9.99201E-05 9.99201E-05 0.999101 9.99201E-05 9.99201E-05 9.99201E-05 9.99201E-05 9.99201E-05 9.99201E-05 9.99201E-05
0.0199602 9.9937E-05 9.9937E-05 9.9937E-05 9.9937E-05 9.9937E-05 9.9937E-05 0.950669 9.9937E-05 0.028671
9.9955E-05 9.9955E-05 9.9955E-05 0.114371 9.9955E-05 0.0540025 0.602756 9.9955E-05 0.0783496 0.150022
0.145267 9.99459E-05 0.0230175 9.99459E-05 9.99459E-05 0.787965 9.99459E-05 0.043151 9.99459E-05 9.99459E-05
9.99552E-05 0.0818634 0.22212 0.293695 9.99552E-05 9.99552E-05 9.99552E-05 9.99552E-05 0.0833867 0.318435
9.99551E-05 9.99551E-05 0.274017 9.99551E-05 9.99551E-05 9.99551E-05 0.0598043 0.151047 0.0704468 0.444185
0.206366 0.50483 0.0306163 9.99642E-05 0.0336771 0.195566 9.99642E-05 9.99642E-05 0.0285449 9.99642E-05
