9.98738E-05 9.98738E-05 9.98738E-05 9.98738E-05 9.98738E-05 0.90847 9.98738E-05 9.98738E-05 9.98738E-05 0.0118077 9.98738E-05 9.98738E-05 9.98738E-05 0.0109253 9.98738E-05 9.98738E-05 9.98738E-05 0.0673987
9.9883E-05 9.9883E-05 9.9883E-05 0.0937592 0.677158 9.9883E-05 0.183286 9.9883E-05 9.9883E-05 0.033025 9.9883E-05 9.9883E-05 9.9883E-05 9.9883E-05 9.9883E-05 0.0114733 9.9883E-05 9.9883E-05
9.98471E-05 9.98471E-05 9.98471E-05 9.98471E-05 9.98471E-05 9.98471E-05 9.98471E-05 9.98471E-05 9.98471E-05 9.98471E-05 9.98471E-05 9.98471E-05 9.98471E-05 9.98471E-05 0.998303 9.98471E-05 9.98471E-05 9.98471E-05
9.98921E-05 9.98921E-05 9.98921E-05 0.936581 9.98921E-05 9.98921E-05 9.98921E-05 9.98921E-05 9.98921E-05 0.0147514 9.98921E-05 9.98921E-05 0.00434389 0.0207545 0.00980258 9.98921E-05 0.0125676 9.98921E-05
0.0302816 9.99102E-05 9.99102E-05 0.191612 0.0678208 9.99102E-05 0.194272 9.99102E-05 9.99102E-05 9.99102E-05 9.99102E-05 0.118041 9.99102E-05 9.99102E-05 0.0523799 0.303616 0.0409766 9.99102E-05
0.0351774 9.99011E-05 9.99011E-05 0.878968 9.99011E-05 9.99011E-05 9.99011E-05 0.00876401 9.99011E-05 9.99011E-05 9.99011E-05 9.99011E-05 0.00302412 0.0045563 0.0421345 0.0262767 9.99011E-05 9.99011E-05
9.98562E-05 9.98562E-05 0.016681 9.98562E-05 9.98562E-05 9.98562E-05 9.98562E-05 9.98562E-05 9.98562E-05 9.98562E-05 9.98562E-05 0.981721 9.98562E-05 9.98562E-05 9.98562E-05 9.98562E-05 9.98562E-05 9.98562E-05
0.00697307 9.99008E-05 9.99008E-05 0.0477628 0.144082 9.99008E-05 9.99008E-05 9.99008E-05 9.99008E-05 9.99008E-05 9.99008E-05 9.99008E-05 9.99008E-05 9.99008E-05 0.0125616 0.69584 0.0206598 0.0710211
9.98651E-05 9.98651E-05 9.98651E-05 9.98651E-05 0.0232033 9.98651E-05 9.98651E-05 9.98651E-05 9.98651E-05 9.98651E-05 9.98651E-05 0.97213 9.98651E-05 9.98651E-05 9.98651E-05 9.98651E-05 0.00316888 9.98651E-05
9.98637E-05 9.98637E-05 9.98637E-05 9.98637E-05 9.98637E-05 9.98637E-05 9.98637E-05 9.98637E-05 9.98637E-05 9.98637E-05 9.98637E-05 0.127099 9.98637E-05 9.98637E-05 9.98637E-05 9.98637E-05 9.98637E-05 0.871303
9.98562E-05 9.98562E-05 9.98562E-05 9.98562E-05 9.98562E-05 9.98562E-05 9.98562E-05 9.98562E-05 9.98562E-05 9.98562E-05 9.98562E-05 0.101443 9.98562E-05 9.98562E-05 9.98562E-05 9.98562E-05 9.98562E-05 0.896959
9.99009E-05 9.99009E-05 0.0356365 9.99009E-05 9.99009E-05 0.659595 9.99009E-05 9.99009E-05 9.99009E-05 9.99009E-05 0.0680155 0.0236775 0.0690504 0.119695 0.0232314 9.99009E-05 9.99009E-05 9.99009E-05
0.00855349 9.98741E-05 0.960772 9.98741E-05 9.98741E-05 9.98741E-05 9.98741E-05 9.98741E-05 9.98741E-05 9.98741E-05 9.98741E-05 9.98741E-05 0.00419661 0.0250796 9.98741E-05 9.98741E-05 9.98741E-05 9.98741E-05
9.98922E-05 9.98922E-05 9.98922E-05 0.913207 9.98922E-05 9.98922E-05 0.0355324 9.98922E-05 0.0214682 0.0013195 9.98922E-05 9.98922E-05 0.0269159 9.98922E-05 0.000358779 9.98922E-05 9.98922E-05 9.98922E-05
9.98653E-05 9.98653E-05 9.98653E-05 0.915318 9.98653E-05 9.98653E-05 0.0690571 9.98653E-05 0.0141273 9.98653E-05 9.98653E-05 9.98653E-05 9.98653E-05 9.98653E-05 9.98653E-05 9.98653E-05 9.98653E-05 9.98653E-05
0.0298201 0.749104 9.9874E-05 9.9874E-05 9.9874E-05 9.9874E-05 9.9874E-05 9.9874E-05 9.9874E-05 9.9874E-05 0.176104 9.9874E-05 0.0435742 9.9874E-05 9.9874E-05 9.9874E-05 9.9874E-05 9.9874E-05
9.9856E-05 9.9856E-05 9.9856E-05 9.9856E-05 9.9856E-05 9.9856E-05 9.9856E-05 9.9856E-05 9.9856E-05 0.921665 9.9856E-05 9.9856E-05 9.9856E-05 9.9856E-05 9.9856E-05 9.9856E-05 9.9856E-05 0.0767369
9.98918E-05 9.98918E-05 9.98918E-05 9.98918E-05 0.0351702 9.98918E-05 0.233181 9.98918E-05 0.715365 9.98918E-05 9.98918E-05 0.00144256 9.98918E-05 9.98918E-05 9.98918E-05 9.98918E-05 0.00152915 0.0121137
9.98831E-05 9.98831E-05 0.0176103 9.98831E-05 9.98831E-05 9.98831E-05 9.98831E-05 0.0983278 0.822855 9.98831E-05 9.98831E-05 9.98831E-05 0.0306968 0.0292114 9.98831E-05 9.98831E-05 9.98831E-05 9.98831E-05
0.0495756 0.30495 9.98919E-05 9.98919E-05 9.98919E-05 0.0543268 9.98919E-05 9.98919E-05 9.98919E-05 0.0122157 9.98919E-05 9.98919E-05 0.121718 9.98919E-05 9.98919E-05 9.98919E-05 9.98919E-05 0.456015
9.98472E-05 9.98472E-05 9.98472E-05 9.98472E-05 9.98472E-05 9.98472E-05 9.98472E-05 9.98472E-05 0.998303 9.98472E-05 9.98472E-05 9.98472E-05 9.98472E-05 9.98472E-05 9.98472E-05 9.98472E-05 9.98472E-05 9.98472E-05
9.98739E-05 0.181769 9.98739E-05 9.98739E-05 9.98739E-05 0.391567 0.261504 9.98739E-05 9.98739E-05 9.98739E-05 0.163761 9.98739E-05 9.98739E-05 9.98739E-05 9.98739E-05 9.98739E-05 9.98739E-05 9.98739E-05
0.126853 9.9901E-05 9.9901E-05 0.00220897 9.9901E-05 9.9901E-05 9.9901E-05 9.9901E-05 0.41581 0.169992 9.9901E-05 9.9901E-05 9.9901E-05 0.149307 9.9901E-05 0.0152713 9.9901E-05 0.119459
0.141971 9.98559E-05 9.98559E-05 9.98559E-05 9.98559E-05 9.98559E-05 9.98559E-05 9.98559E-05 0.856431 9.98559E-05 9.98559E-05 9.98559E-05 9.98559E-05 9.98559E-05 9.98559E-05 9.98559E-05 9.98559E-05 9.98559E-05
9.98654E-05 9.98654E-05 9.98654E-05 0.935421 9.98654E-05 9.98654E-05 9.98654E-05 9.98654E-05 9.98654E-05 9.98654E-05 9.98654E-05 0.0370092 9.98654E-05 9.98654E-05 0.0260718 9.98654E-05 9.98654E-05 9.98654E-05
9.98474E-05 9.98474E-05 9.98474E-05 0.998303 9.98474E-05 9.98474E-05 9.98474E-05 9.98474E-05 9.98474E-05 9.98474E-05 9.98474E-05 9.98474E-05 9.98474E-05 9.98474E-05 9.98474E-05 9.98474E-05 9.98474E-05 9.98474E-05
9.98561E-05 9.98561E-05 9.98561E-05 9.98561E-05 9.98561E-05 9.98561E-05 9.98561E-05 9.98561E-05 9.98561E-05 9.98561E-05 0.945644 9.98561E-05 9.98561E-05 9.98561E-05 9.98561E-05 9.98561E-05 9.98561E-05 0.052758
9.98831E-05 9.98831E-05 9.98831E-05 0.937474 9.98831E-05 9.98831E-05 9.98831E-05 9.98831E-05 9.98831E-05 9.98831E-05 0.00859607 0.0140675 9.98831E-05 9.98831E-05 9.98831E-05 0.00815053 0.0304132 9.98831E-05
9.98831E-05 0.031303 9.98831E-05 0.87735 9.98831E-05 9.98831E-05 9.98831E-05 9.98831E-05 9.98831E-05 9.98831E-05 0.00891271 0.0139516 9.98831E-05 9.98831E-05 9.98831E-05 9.98831E-05 0.067184 9.98831E-05
0.00402967 9.99101E-05 9.99101E-05 0.49053 9.99101E-05 9.99101E-05 9.99101E-05 0.0413621 9.99101E-05 9.99101E-05 0.0277959 9.99101E-05 9.99101E-05 0.0138836 0.049639 0.256602 0.115158 9.99101E-05
9.9874E-05 9.9874E-05 9.9874E-05 0.341911 9.9874E-05 9.9874E-05 9.9874E-05 9.9874E-05 9.9874E-05 9.9874E-05 9.9874E-05 9.9874E-05 9.9874E-05 0.0470408 9.9874E-05 0.600794 0.00885573 9.9874E-05
9.98475E-05 9.98475E-05 9.98475E-05 9.98475E-05 0.998303 9.98475E-05 9.98475E-05 9.98475E-05 9.98475E-05 9.98475E-05 9.98475E-05 9.98475E-05 9.98475E-05 9.98475E-05 9.98475E-05 9.98475E-05 9.98475E-05 9.98475E-05
9.98744E-05 0.0182052 9.98744E-05 0.867382 9.98744E-05 9.98744E-05 9.98744E-05 9.98744E-05 9.98744E-05 0.000824602 9.98744E-05 9.98744E-05 9.98744E-05 9.98744E-05 9.98744E-05 0.11219 9.98744E-05 9.98744E-05
9.98743E-05 9.98743E-05 9.98743E-05 9.98743E-05 9.98743E-05 0.0183994 9.98743E-05 9.98743E-05 9.98743E-05 9.98743E-05 0.0125733 9.98743E-05 9.98743E-05 9.98743E-05 9.98743E-05 0.2661 0.701529 9.98743E-05
0.0684027 9.98827E-05 9.98827E-05 9.98827E-05 9.98827E-05 9.98827E-05 9.98827E-05 9.98827E-05 9.98827E-05 0.171829 0.658271 9.98827E-05 9.98827E-05 0.0334987 9.98827E-05 0.0666999 9.98827E-05 9.98827E-05
9.98829E-05 0.00100186 9.98829E-05 0.942622 0.0224282 9.98829E-05 9.98829E-05 9.98829E-05 9.98829E-05 0.00369121 9.98829E-05 9.98829E-05 0.0289581 9.98829E-05 9.98829E-05 9.98829E-05 9.98829E-05 9.98829E-05
0.0283703 9.9883E-05 9.9883E-05 9.9883E-05 9.9883E-05 0.917565 9.9883E-05 9.9883E-05 9.9883E-05 0.00858896 9.9883E-05 9.9883E-05 9.9883E-05 9.9883E-05 0.0307957 0.0133814 9.9883E-05 9.9883E-05
9.99009E-05 9.99009E-05 0.0167654 9.99009E-05 0.224777 0.064479 0.0553992 0.0305791 9.99009E-05 0.0396676 9.99009E-05 9.99009E-05 9.99009E-05 9.99009E-05 9.99009E-05 9.99009E-05 9.99009E-05 0.567234
9.98561E-05 9.98561E-05 9.98561E-05 0.0108535 9.98561E-05 9.98561E-05 9.98561E-05 9.98561E-05 9.98561E-05 0.987549 9.98561E-05 9.98561E-05 9.98561E-05 9.98561E-05 9.98561E-05 9.98561E-05 9.98561E-05 9.98561E-05
9.9856E-05 9.9856E-05 9.9856E-05 0.00505848 9.9856E-05 9.9856E-05 0.993344 9.9856E-05 9.9856E-05 9.9856E-05 9.9856E-05 9.9856E-05 9.9856E-05 9.9856E-05 9.9856E-05 9.9856E-05 9.9856E-05 9.9856E-05
9.9847E-05 9.9847E-05 9.9847E-05 9.9847E-05 9.9847E-05 9.9847E-05 0.998303 9.9847E-05 9.9847E-05 9.9847E-05 9.9847E-05 9.9847E-05 9.9847E-05 9.9847E-05 9.9847E-05 9.9847E-05 9.9847E-05 9.9847E-05
0.0377159 9.98919E-05 9.98919E-05 9.98919E-05 9.98919E-05 0.00858273 0.0427105 9.98919E-05 9.98919E-05 0.0256572 9.98919E-05 9.98919E-05 0.00230214 9.98919E-05 9.98919E-05 9.98919E-05 9.98919E-05 0.881833
9.99009E-05 0.723852 0.0224421 9.99009E-05 9.99009E-05 0.0859483 0.0116976 9.99009E-05 0.01875 9.99009E-05 9.99009E-05 0.101874 9.99009E-05 9.99009E-05 9.99009E-05 9.99009E-05 9.99009E-05 0.0343374
0.0421528 9.9892E-05 9.9892E-05 9.9892E-05 9.9892E-05 9.9892E-05 9.9892E-05 9.9892E-05 9.9892E-05 0.00796175 0.01434 9.9892E-05 0.0285576 9.9892E-05 0.00205546 9.9892E-05 9.9892E-05 0.903734
0.165142 0.00560004 0.138622 9.99188E-05 0.0288305 0.0148103 0.168556 9.99188E-05 0.090688 9.99188E-05 9.99188E-05 9.99188E-05 9.99188E-05 0.0652554 9.99188E-05 9.99188E-05 9.99188E-05 0.321597
0.179144 0.135186 0.0133604 0.0291137 9.99099E-05 0.046866 0.152459 0.0807431 9.99099E-05 9.99099E-05 9.99099E-05 9.99099E-05 9.99099E-05 9.99099E-05 9.99099E-05 9.99099E-05 9.99099E-05 0.362128
0.378127 9.99098E-05 9.99098E-05 0.0607165 9.99098E-05 0.166926 9.99098E-05 9.99098E-05 9.99098E-05 0.12596 0.0778128 0.0815459 9.99098E-05 9.99098E-05 0.0235844 9.99098E-05 9.99098E-05 0.0843286
9.9857E-05 9.9857E-05 9.9857E-05 9.9857E-05 9.9857E-05 0.968259 9.9857E-05 0.030143 9.9857E-05 9.9857E-05 9.9857E-05 9.9857E-05 9.9857E-05 9.9857E-05 9.9857E-05 9.9857E-05 9.9857E-05 9.9857E-05
9.98471E-05 9.98471E-05 9.98471E-05 9.98471E-05 9.98471E-05 9.98471E-05 9.98471E-05 9.98471E-05 9.98471E-05 9.98471E-05 9.98471E-05 9.98471E-05 9.98471E-05 9.98471E-05 9.98471E-05 9.98471E-05 0.998303 9.98471E-05
9.98563E-05 9.98563E-05 9.98563E-05 9.98563E-05 0.00368599 9.98563E-05 9.98563E-05 9.98563E-05 9.98563E-05 9.98563E-05 9.98563E-05 9.98563E-05 9.98563E-05 9.98563E-05 9.98563E-05 9.98563E-05 0.994716 9.98563E-05
0.0119511 0.0146523 9.98742E-05 9.98742E-05 9.98742E-05 9.98742E-05 9.98742E-05 9.98742E-05 9.98742E-05 9.98742E-05 9.98742E-05 9.98742E-05 0.00975327 9.98742E-05 9.98742E-05 9.98742E-05 0.962245 9.98742E-05
9.98563E-05 9.98563E-05 9.98563E-05 9.98563E-05 9.98563E-05 9.98563E-05 9.98563E-05 0.000601033 9.98563E-05 9.98563E-05 9.98563E-05 9.98563E-05 9.98563E-05 9.98563E-05 9.98563E-05 9.98563E-05 0.997801 9.98563E-05
9.98473E-05 9.98473E-05 9.98473E-05 9.98473E-05 9.98473E-05 9.98473E-05 9.98473E-05 9.98473E-05 9.98473E-05 9.98473E-05 9.98473E-05 9.98473E-05 9.98473E-05 9.98473E-05 9.98473E-05 9.98473E-05 0.998303 9.98473E-05
9.99191E-05 0.0530298 0.0195766 9.99191E-05 0.0269504 9.99191E-05 9.99191E-05 9.99191E-05 0.0382648 9.99191E-05 9.99191E-05 0.0415387 9.99191E-05 9.99191E-05 0.0380961 0.345486 0.411554 0.0246045
9.98742E-05 9.98742E-05 9.98742E-05 9.98742E-05 0.0588923 9.98742E-05 0.00480624 9.98742E-05 9.98742E-05 9.98742E-05 0.00601887 9.98742E-05 9.98742E-05 9.98742E-05 9.98742E-05 9.98742E-05 0.928884 9.98742E-05
9.98647E-05 0.139766 9.98647E-05 9.98647E-05 9.98647E-05 0.743597 9.98647E-05 9.98647E-05 9.98647E-05 9.98647E-05 9.98647E-05 9.98647E-05 0.115139 9.98647E-05 9.98647E-05 9.98647E-05 9.98647E-05 9.98647E-05
9.98919E-05 9.98919E-05 9.98919E-05 9.98919E-05 0.911912 9.98919E-05 9.98919E-05 9.98919E-05 9.98919E-05 9.98919E-05 9.98919E-05 0.051421 0.00860664 0.00218021 0.00305149 9.98919E-05 0.0216304 9.98919E-05
9.9856E-05 9.9856E-05 9.9856E-05 0.96542 9.9856E-05 9.9856E-05 0.032982 9.9856E-05 9.9856E-05 9.9856E-05 9.9856E-05 9.9856E-05 9.9856E-05 9.9856E-05 9.9856E-05 9.9856E-05 9.9856E-05 9.9856E-05
9.98563E-05 9.98563E-05 9.98563E-05 9.98563E-05 9.98563E-05 9.98563E-05 9.98563E-05 9.98563E-05 9.98563E-05 9.98563E-05 0.978497 0.0199054 9.98563E-05 9.98563E-05 9.98563E-05 9.98563E-05 9.98563E-05 9.98563E-05
0.0507399 0.870385 0.0477078 9.98742E-05 9.98742E-05 9.98742E-05 9.98742E-05 9.98742E-05 9.98742E-05 9.98742E-05 9.98742E-05 9.98742E-05 0.0297693 9.98742E-05 9.98742E-05 9.98742E-05 9.98742E-05 9.98742E-05
9.98562E-05 9.98562E-05 0.996567 9.98562E-05 9.98562E-05 9.98562E-05 9.98562E-05 9.98562E-05 9.98562E-05 0.00183522 9.98562E-05 9.98562E-05 9.98562E-05 9.98562E-05 9.98562E-05 9.98562E-05 9.98562E-05 9.98562E-05
9.98649E-05 9.98649E-05 0.305741 9.98649E-05 9.98649E-05 9.98649E-05 9.98649E-05 9.98649E-05 9.98649E-05 9.98649E-05 0.592013 9.98649E-05 9.98649E-05 9.98649E-05 9.98649E-05 9.98649E-05 9.98649E-05 0.100748
0.0778492 9.98831E-05 0.0870247 9.98831E-05 9.98831E-05 9.98831E-05 9.98831E-05 9.98831E-05 9.98831E-05 9.98831E-05 0.810136 0.00240569 0.0212862 9.98831E-05 9.98831E-05 9.98831E-05 9.98831E-05 9.98831E-05
9.98471E-05 9.98471E-05 9.98471E-05 9.98471E-05 9.98471E-05 9.98471E-05 9.98471E-05 0.998303 9.98471E-05 9.98471E-05 9.98471E-05 9.98471E-05 9.98471E-05 9.98471E-05 9.98471E-05 9.98471E-05 9.98471E-05 9.98471E-05
9.98567E-05 9.98567E-05 9.98567E-05 0.966038 9.98567E-05 9.98567E-05 9.98567E-05 9.98567E-05 9.98567E-05 9.98567E-05 9.98567E-05 9.98567E-05 9.98567E-05 9.98567E-05 0.0323638 9.98567E-05 9.98567E-05 9.98567E-05
9.994E-05 0.154691 9.994E-05 0.0596626 9.994E-05 0.118838 0.147325 9.994E-05 0.00377241 9.994E-05 0.0583959 9.994E-05 0.0135409 0.125347 0.00802859 0.159211 0.103001 0.0475882
9.98744E-05 9.98744E-05 0.0203681 0.790475 9.98744E-05 9.98744E-05 9.98744E-05 9.98744E-05 9.98744E-05 9.98744E-05 9.98744E-05 9.98744E-05 9.98744E-05 9.98744E-05 0.185495 0.00226401 9.98744E-05 9.98744E-05
9.98921E-05 9.98921E-05 9.98921E-05 0.891932 9.98921E-05 9.98921E-05 0.0349229 9.98921E-05 9.98921E-05 9.98921E-05 9.98921E-05 0.00947943 0.0100302 9.98921E-05 9.98921E-05 0.040407 0.0120294 9.98921E-05
9.98831E-05 0.0753492 9.98831E-05 0.896585 9.98831E-05 9.98831E-05 9.98831E-05 9.98831E-05 9.98831E-05 9.98831E-05 9.98831E-05 0.00611312 9.98831E-05 9.98831E-05 9.98831E-05 0.0185297 0.00212451 9.98831E-05
9.99012E-05 0.0387534 9.99012E-05 0.89517 9.99012E-05 0.020007 9.99012E-05 0.0026294 0.00587349 9.99012E-05 9.99012E-05 9.99012E-05 9.99012E-05 9.99012E-05 0.00377737 9.99012E-05 0.0326908 9.99012E-05
0.00890584 9.99013E-05 9.99013E-05 0.811569 0.020658 9.99013E-05 0.0175466 9.99013E-05 9.99013E-05 9.99013E-05 9.99013E-05 9.99013E-05 0.011841 9.99013E-05 9.99013E-05 0.0970585 9.99013E-05 0.0313224
9.9865E-05 9.9865E-05 9.9865E-05 0.955308 9.9865E-05 9.9865E-05 0.00628309 9.9865E-05 9.9865E-05 9.9865E-05 9.9865E-05 9.9865E-05 0.0369105 9.9865E-05 9.9865E-05 9.9865E-05 9.9865E-05 9.9865E-05
9.9847E-05 9.9847E-05 9.9847E-05 9.9847E-05 9.9847E-05 9.9847E-05 9.9847E-05 9.9847E-05 9.9847E-05 9.9847E-05 9.9847E-05 9.9847E-05 9.9847E-05 9.9847E-05 9.9847E-05 0.998303 9.9847E-05 9.9847E-05
9.98649E-05 9.98649E-05 0.106939 9.98649E-05 9.98649E-05 9.98649E-05 9.98649E-05 9.98649E-05 9.98649E-05 9.98649E-05 9.98649E-05 0.0176265 9.98649E-05 9.98649E-05 9.98649E-05 0.873936 9.98649E-05 9.98649E-05
9.98832E-05 0.0290242 9.98832E-05 0.862887 9.98832E-05 9.98832E-05 9.98832E-05 9.98832E-05 9.98832E-05 9.98832E-05 9.98832E-05 9.98832E-05 9.98832E-05 9.98832E-05 0.0700761 9.98832E-05 0.0295991 0.00711558
9.9865E-05 0.952375 9.9865E-05 9.9865E-05 9.9865E-05 9.9865E-05 9.9865E-05 9.9865E-05 9.9865E-05 9.9865E-05 9.9865E-05 9.9865E-05 9.9865E-05 0.0072026 9.9865E-05 0.0389243 9.9865E-05 9.9865E-05
9.9856E-05 0.994211 9.9856E-05 9.9856E-05 9.9856E-05 9.9856E-05 9.9856E-05 9.9856E-05 9.9856E-05 9.9856E-05 9.9856E-05 9.9856E-05 9.9856E-05 9.9856E-05 9.9856E-05 9.9856E-05 0.0041916 9.9856E-05
9.98473E-05 9.98473E-05 9.98473E-05 9.98473E-05 9.98473E-05 9.98473E-05 9.98473E-05 9.98473E-05 9.98473E-05 9.98473E-05 9.98473E-05 9.98473E-05 9.98473E-05 0.998303 9.98473E-05 9.98473E-05 9.98473E-05 9.98473E-05
9.98653E-05 9.98653E-05 9.98653E-05 9.98653E-05 9.98653E-05 0.00234247 9.98653E-05 9.98653E-05 9.98653E-05 9.98653E-05 0.0014777 9.98653E-05 9.98653E-05 0.994682 9.98653E-05 9.98653E-05 9.98653E-05 9.98653E-05
9.98918E-05 0.0336257 0.07035 9.98918E-05 0.0334762 0.00321981 0.0977945 9.98918E-05 9.98918E-05 9.98918E-05 9.98918E-05 9.98918E-05 9.98918E-05 9.98918E-05 9.98918E-05 9.98918E-05 9.98918E-05 0.760335
9.9874E-05 0.0153381 0.082461 9.9874E-05 9.9874E-05 9.9874E-05 0.0857891 9.9874E-05 9.9874E-05 9.9874E-05 9.9874E-05 9.9874E-05 9.9874E-05 9.9874E-05 9.9874E-05 9.9874E-05 9.9874E-05 0.815014
0.008171 0.0168791 9.98742E-05 9.98742E-05 9.98742E-05 9.98742E-05 9.98742E-05 9.98742E-05 9.98742E-05 9.98742E-05 9.98742E-05 9.98742E-05 9.98742E-05 0.965588 9.98742E-05 0.00796412 9.98742E-05 9.98742E-05
9.98562E-05 9.98562E-05 9.98562E-05 9.98562E-05 9.98562E-05 9.98562E-05 0.0134211 9.98562E-05 9.98562E-05 9.98562E-05 9.98562E-05 9.98562E-05 9.98562E-05 0.984981 9.98562E-05 9.98562E-05 9.98562E-05 9.98562E-05
9.98649E-05 0.0291823 0.0170994 9.98649E-05 9.98649E-05 0.95222 9.98649E-05 9.98649E-05 9.98649E-05 9.98649E-05 9.98649E-05 9.98649E-05 9.98649E-05 9.98649E-05 9.98649E-05 9.98649E-05 9.98649E-05 9.98649E-05
9.98919E-05 0.0471554 0.160894 9.98919E-05 9.98919E-05 9.98919E-05 0.687297 9.98919E-05 0.0164257 9.98919E-05 9.98919E-05 0.0865059 0.000524316 9.98919E-05 9.98919E-05 9.98919E-05 9.98919E-05 9.98919E-05
0.01366 9.9874E-05 9.9874E-05 9.9874E-05 0.892809 9.9874E-05 9.9874E-05 9.9874E-05 9.9874E-05 9.9874E-05 9.9874E-05 0.0630498 9.9874E-05 9.9874E-05 9.9874E-05 9.9874E-05 0.0290828 9.9874E-05
0.998303 9.98468E-05 9.98468E-05 9.98468E-05 9.98468E-05 9.98468E-05 9.98468E-05 9.98468E-05 9.98468E-05 9.98468E-05 9.98468E-05 9.98468E-05 9.98468E-05 9.98468E-05 9.98468E-05 9.98468E-05 9.98468E-05 9.98468E-05
9.98472E-05 9.98472E-05 9.98472E-05 9.98472E-05 9.98472E-05 9.98472E-05 9.98472E-05 9.98472E-05 9.98472E-05 9.98472E-05 9.98472E-05 9.98472E-05 0.998303 9.98472E-05 9.98472E-05 9.98472E-05 9.98472E-05 9.98472E-05
9.98921E-05 9.98921E-05 9.98921E-05 0.253601 9.98921E-05 9.98921E-05 9.98921E-05 9.98921E-05 0.0395429 9.98921E-05 9.98921E-05 9.98921E-05 9.98921E-05 0.0344279 9.98921E-05 0.621205 0.0489112 0.00111379
