9.98738E-05 9.98738E-05 0.0247901 9.98738E-05 0.0202733 9.98738E-05 9.98738E-05 9.98738E-05 9.98738E-05 9.98738E-05 0.926186 9.98738E-05 9.98738E-05 0.0273525 9.98738E-05 9.98738E-05 9.98738E-05 9.98738E-05
9.98739E-05 0.697516 9.98739E-05 0.152372 0.040608 9.98739E-05 9.98739E-05 9.98739E-05 0.108105 9.98739E-05 9.98739E-05 9.98739E-05 9.98739E-05 9.98739E-05 9.98739E-05 9.98739E-05 9.98739E-05 9.98739E-05
9.99018E-05 0.043761 0.026132 9.99018E-05 9.99018E-05 9.99018E-05 0.14749 0.0282683 0.651761 0.0693289 9.99018E-05 9.99018E-05 9.99018E-05 9.99018E-05 9.99018E-05 9.99018E-05 9.99018E-05 0.03216
9.9874E-05 9.9874E-05 0.019113 9.9874E-05 9.9874E-05 0.00838595 9.9874E-05 9.9874E-05 0.883404 9.9874E-05 9.9874E-05 9.9874E-05 9.9874E-05 9.9874E-05 9.9874E-05 9.9874E-05 9.9874E-05 0.0876992
0.0439614 0.155005 9.99192E-05 0.0945234 9.99192E-05 9.99192E-05 9.99192E-05 9.99192E-05 0.295429 0.0665108 9.99192E-05 0.0559622 9.99192E-05 0.01677 9.99192E-05 0.201761 9.99192E-05 0.069178
9.9865E-05 9.9865E-05 9.9865E-05 0.0155682 9.9865E-05 9.9865E-05 9.9865E-05 9.9865E-05 0.979021 9.9865E-05 9.9865E-05 9.9865E-05 9.9865E-05 9.9865E-05 0.00391324 9.9865E-05 9.9865E-05 9.9865E-05
9.98472E-05 9.98472E-05 9.98472E-05 9.98472E-05 9.98472E-05 9.98472E-05 9.98472E-05 9.98472E-05 9.98472E-05 9.98472E-05 9.98472E-05 9.98472E-05 9.98472E-05 9.98472E-05 9.98472E-05 0.998303 9.98472E-05 9.98472E-05
9.99099E-05 0.0830881 0.0144134 0.0273218 9.99099E-05 9.99099E-05 9.99099E-05 9.99099E-05 0.0554043 0.646372 9.99099E-05 0.0704884 9.99099E-05 0.0378968 9.99099E-05 9.99099E-05 9.99099E-05 0.0640161
9.98651E-05 0.0140472 9.98651E-05 9.98651E-05 0.0116514 9.98651E-05 9.98651E-05 9.98651E-05 9.98651E-05 9.98651E-05 9.98651E-05 9.98651E-05 9.98651E-05 9.98651E-05 9.98651E-05 0.972803 9.98651E-05 9.98651E-05
9.98561E-05 9.98561E-05 9.98561E-05 9.98561E-05 9.98561E-05 9.98561E-05 9.98561E-05 9.98561E-05 9.98561E-05 9.98561E-05 9.98561E-05 9.98561E-05 9.98561E-05 0.917174 9.98561E-05 0.0812284 9.98561E-05 9.98561E-05
9.98562E-05 9.98562E-05 9.98562E-05 9.98562E-05 9.98562E-05 9.98562E-05 9.98562E-05 9.98562E-05 9.98562E-05 9.98562E-05 9.98562E-05 9.98562E-05 9.98562E-05 0.917731 9.98562E-05 0.0806714 9.98562E-05 9.98562E-05
0.016581 9.98831E-05 0.137039 9.98831E-05 9.98831E-05 9.98831E-05 0.142485 9.98831E-05 9.98831E-05 9.98831E-05 0.679141 9.98831E-05 9.98831E-05 9.98831E-05 9.98831E-05 9.98831E-05 9.98831E-05 0.023456
0.031891 9.9883E-05 0.00420464 9.9883E-05 9.9883E-05 9.9883E-05 0.943556 9.9883E-05 9.9883E-05 9.9883E-05 9.9883E-05 9.9883E-05 0.00121357 9.9883E-05 9.9883E-05 9.9883E-05 9.9883E-05 0.0178366
0.000527804 9.9874E-05 9.9874E-05 9.9874E-05 0.00896923 9.9874E-05 9.9874E-05 0.0198286 0.969276 9.9874E-05 9.9874E-05 9.9874E-05 9.9874E-05 9.9874E-05 9.9874E-05 9.9874E-05 9.9874E-05 9.9874E-05
9.9883E-05 9.9883E-05 9.9883E-05 0.013083 9.9883E-05 9.9883E-05 9.9883E-05 0.00110741 0.943353 9.9883E-05 0.0289604 9.9883E-05 9.9883E-05 9.9883E-05 9.9883E-05 9.9883E-05 0.0121977 9.9883E-05
0.121765 9.9874E-05 9.9874E-05 9.9874E-05 9.9874E-05 0.716438 9.9874E-05 9.9874E-05 9.9874E-05 9.9874E-05 9.9874E-05 9.9874E-05 0.128795 0.0316033 9.9874E-05 9.9874E-05 9.9874E-05 9.9874E-05
9.9883E-05 9.9883E-05 9.9883E-05 9.9883E-05 0.90724 9.9883E-05 9.9883E-05 0.0013431 9.9883E-05 9.9883E-05 0.00164369 9.9883E-05 0.00850959 0.0799652 9.9883E-05 9.9883E-05 9.9883E-05 9.9883E-05
9.98828E-05 0.0540057 9.98828E-05 0.161563 9.98828E-05 9.98828E-05 9.98828E-05 0.695513 9.98828E-05 9.98828E-05 9.98828E-05 0.027406 9.98828E-05 0.0602141 9.98828E-05 9.98828E-05 9.98828E-05 9.98828E-05
9.98653E-05 9.98653E-05 0.0585602 9.98653E-05 9.98653E-05 9.98653E-05 9.98653E-05 0.922573 9.98653E-05 9.98653E-05 9.98653E-05 9.98653E-05 9.98653E-05 9.98653E-05 0.0173692 9.98653E-05 9.98653E-05 9.98653E-05
0.16762 9.98829E-05 9.98829E-05 9.98829E-05 0.0128973 0.337347 9.98829E-05 9.98829E-05 9.98829E-05 9.98829E-05 0.0702431 9.98829E-05 9.98829E-05 0.410594 9.98829E-05 9.98829E-05 9.98829E-05 9.98829E-05
9.98561E-05 9.98561E-05 9.98561E-05 9.98561E-05 9.98561E-05 9.98561E-05 9.98561E-05 0.980195 9.98561E-05 9.98561E-05 9.98561E-05 9.98561E-05 9.98561E-05 9.98561E-05 0.0182073 9.98561E-05 9.98561E-05 9.98561E-05
9.9874E-05 9.9874E-05 9.9874E-05 0.255559 9.9874E-05 0.150364 9.9874E-05 9.9874E-05 9.9874E-05 9.9874E-05 0.404744 9.9874E-05 0.187936 9.9874E-05 9.9874E-05 9.9874E-05 9.9874E-05 9.9874E-05
9.98468E-05 9.98468E-05 9.98468E-05 9.98468E-05 9.98468E-05 9.98468E-05 9.98468E-05 9.98468E-05 9.98468E-05 9.98468E-05 9.98468E-05 9.98468E-05 9.98468E-05 9.98468E-05 9.98468E-05 9.98468E-05 0.998303 9.98468E-05
0.0296193 9.98651E-05 9.98651E-05 9.98651E-05 9.98651E-05 9.98651E-05 9.98651E-05 0.865083 9.98651E-05 9.98651E-05 9.98651E-05 9.98651E-05 9.98651E-05 9.98651E-05 9.98651E-05 9.98651E-05 0.103799 9.98651E-05
9.98564E-05 9.98564E-05 9.98564E-05 9.98564E-05 9.98564E-05 9.98564E-05 9.98564E-05 9.98564E-05 0.362059 9.98564E-05 9.98564E-05 9.98564E-05 9.98564E-05 9.98564E-05 9.98564E-05 9.98564E-05 9.98564E-05 0.636343
9.98652E-05 0.0165885 9.98652E-05 9.98652E-05 9.98652E-05 9.98652E-05 9.98652E-05 9.98652E-05 0.810378 9.98652E-05 9.98652E-05 9.98652E-05 9.98652E-05 9.98652E-05 9.98652E-05 9.98652E-05 9.98652E-05 0.171536
9.98561E-05 9.98561E-05 9.98561E-05 9.98561E-05 9.98561E-05 9.98561E-05 9.98561E-05 9.98561E-05 9.98561E-05 9.98561E-05 9.98561E-05 9.98561E-05 0.992518 9.98561E-05 9.98561E-05 9.98561E-05 0.00588455 9.98561E-05
9.98561E-05 9.98561E-05 9.98561E-05 9.98561E-05 9.98561E-05 9.98561E-05 9.98561E-05 9.98561E-05 9.98561E-05 9.98561E-05 9.98561E-05 0.000737198 9.98561E-05 9.98561E-05 9.98561E-05 9.98561E-05 9.98561E-05 0.997665
9.98472E-05 9.98472E-05 9.98472E-05 9.98472E-05 9.98472E-05 9.98472E-05 9.98472E-05 9.98472E-05 9.98472E-05 9.98472E-05 9.98472E-05 9.98472E-05 9.98472E-05 9.98472E-05 9.98472E-05 9.98472E-05 9.98472E-05 0.998303
9.98922E-05 9.98922E-05 9.98922E-05 9.98922E-05 9.98922E-05 9.98922E-05 9.98922E-05 9.98922E-05 0.37012 0.161382 9.98922E-05 0.16067 0.019811 9.98922E-05 0.0586185 9.98922E-05 9.98922E-05 0.228201
0.00886995 0.0431041 0.00537059 9.99189E-05 0.0297987 9.99189E-05 9.99189E-05 9.99189E-05 0.341556 0.299666 9.99189E-05 0.101358 9.99189E-05 9.99189E-05 9.99189E-05 9.99189E-05 0.0125197 0.156858
9.98474E-05 0.998303 9.98474E-05 9.98474E-05 9.98474E-05 9.98474E-05 9.98474E-05 9.98474E-05 9.98474E-05 9.98474E-05 9.98474E-05 9.98474E-05 9.98474E-05 9.98474E-05 9.98474E-05 9.98474E-05 9.98474E-05 9.98474E-05
9.98741E-05 9.98741E-05 9.98741E-05 0.00281116 9.98741E-05 9.98741E-05 9.98741E-05 9.98741E-05 0.498533 0.140934 9.98741E-05 9.98741E-05 9.98741E-05 9.98741E-05 9.98741E-05 9.98741E-05 9.98741E-05 0.356324
9.98923E-05 0.00832085 0.000118733 9.98923E-05 9.98923E-05 9.98923E-05 9.98923E-05 9.98923E-05 9.98923E-05 0.272102 9.98923E-05 0.6972 0.0179504 0.0031089 9.98923E-05 9.98923E-05 9.98923E-05 9.98923E-05
0.0764764 9.98828E-05 0.0126643 9.98828E-05 0.12807 9.98828E-05 9.98828E-05 9.98828E-05 9.98828E-05 0.0868078 9.98828E-05 9.98828E-05 0.694683 9.98828E-05 9.98828E-05 9.98828E-05 9.98828E-05 9.98828E-05
9.98828E-05 9.98828E-05 9.98828E-05 0.00580664 0.0266085 9.98828E-05 9.98828E-05 9.98828E-05 0.342498 0.0215481 9.98828E-05 9.98828E-05 9.98828E-05 9.98828E-05 9.98828E-05 9.98828E-05 9.98828E-05 0.60224
9.98561E-05 9.98561E-05 9.98561E-05 9.98561E-05 9.98561E-05 9.98561E-05 9.98561E-05 9.98561E-05 9.98561E-05 0.062899 0.935503 9.98561E-05 9.98561E-05 9.98561E-05 9.98561E-05 9.98561E-05 9.98561E-05 9.98561E-05
9.99099E-05 0.159445 9.99099E-05 0.0372734 9.99099E-05 9.99099E-05 0.0350414 9.99099E-05 9.99099E-05 0.0409447 0.0785513 9.99099E-05 9.99099E-05 0.580739 0.0168798 9.99099E-05 0.0501255 9.99099E-05
9.98562E-05 9.98562E-05 9.98562E-05 9.98562E-05 0.978604 9.98562E-05 9.98562E-05 9.98562E-05 0.0197987 9.98562E-05 9.98562E-05 9.98562E-05 9.98562E-05 9.98562E-05 9.98562E-05 9.98562E-05 9.98562E-05 9.98562E-05
9.9856E-05 9.9856E-05 9.9856E-05 0.988767 9.9856E-05 9.9856E-05 9.9856E-05 9.9856E-05 0.0096354 9.9856E-05 9.9856E-05 9.9856E-05 9.9856E-05 9.9856E-05 9.9856E-05 9.9856E-05 9.9856E-05 9.9856E-05
9.98561E-05 9.98561E-05 0.00614251 0.99226 9.98561E-05 9.98561E-05 9.98561E-05 9.98561E-05 9.98561E-05 9.98561E-05 9.98561E-05 9.98561E-05 9.98561E-05 9.98561E-05 9.98561E-05 9.98561E-05 9.98561E-05 9.98561E-05
9.9892E-05 9.9892E-05 9.9892E-05 0.0340075 0.0312478 0.00759221 9.9892E-05 9.9892E-05 9.9892E-05 9.9892E-05 0.0527318 9.9892E-05 0.0351487 0.838073 9.9892E-05 9.9892E-05 9.9892E-05 9.9892E-05
9.9901E-05 9.9901E-05 9.9901E-05 9.9901E-05 9.9901E-05 0.794458 0.0313657 9.9901E-05 9.9901E-05 9.9901E-05 0.055823 9.9901E-05 0.0261591 0.0189853 0.00938804 0.0627222 9.9901E-05 9.9901E-05
0.090956 9.98829E-05 9.98829E-05 9.98829E-05 0.0351475 9.98829E-05 9.98829E-05 9.98829E-05 9.98829E-05 9.98829E-05 9.98829E-05 0.00783852 0.0160478 0.848712 9.98829E-05 9.98829E-05 9.98829E-05 9.98829E-05
0.12271 0.0517726 0.00842325 0.0975196 9.99098E-05 9.99098E-05 0.18722 9.99098E-05 9.99098E-05 9.99098E-05 0.0346385 9.99098E-05 9.99098E-05 0.234729 9.99098E-05 9.99098E-05 0.261988 9.99098E-05
0.170511 0.0678185 9.99369E-05 0.117305 9.99369E-05 0.0901023 0.0345838 9.99369E-05 0.0139251 0.0136284 0.0543061 9.99369E-05 9.99369E-05 0.36213 0.07354 9.99369E-05 0.00144962 9.99369E-05
0.351854 9.99279E-05 9.99279E-05 9.99279E-05 0.0896997 9.99279E-05 0.013855 9.99279E-05 0.0936751 9.99279E-05 0.190168 0.0103085 0.0146402 0.148485 0.00867943 0.0778355 9.99279E-05 9.99279E-05
9.9866E-05 9.9866E-05 9.9866E-05 9.9866E-05 9.9866E-05 9.9866E-05 9.9866E-05 9.9866E-05 9.9866E-05 9.9866E-05 0.975307 9.9866E-05 9.9866E-05 9.9866E-05 0.00257231 9.9866E-05 0.0206228 9.9866E-05
9.98472E-05 9.98472E-05 9.98472E-05 9.98472E-05 9.98472E-05 9.98472E-05 9.98472E-05 9.98472E-05 9.98472E-05 9.98472E-05 9.98472E-05 0.998303 9.98472E-05 9.98472E-05 9.98472E-05 9.98472E-05 9.98472E-05 9.98472E-05
9.98562E-05 9.98562E-05 9.98562E-05 9.98562E-05 9.98562E-05 9.98562E-05 9.98562E-05 9.98562E-05 9.98562E-05 9.98562E-05 9.98562E-05 0.995502 9.98562E-05 9.98562E-05 9.98562E-05 0.00290014 9.98562E-05 9.98562E-05
9.98563E-05 9.98563E-05 9.98563E-05 0.00417486 9.98563E-05 9.98563E-05 9.98563E-05 9.98563E-05 9.98563E-05 9.98563E-05 9.98563E-05 0.994227 9.98563E-05 9.98563E-05 9.98563E-05 9.98563E-05 9.98563E-05 9.98563E-05
9.98473E-05 9.98473E-05 9.98473E-05 9.98473E-05 9.98473E-05 9.98473E-05 9.98473E-05 9.98473E-05 9.98473E-05 9.98473E-05 9.98473E-05 0.998303 9.98473E-05 9.98473E-05 9.98473E-05 9.98473E-05 9.98473E-05 9.98473E-05
9.98473E-05 9.98473E-05 9.98473E-05 9.98473E-05 9.98473E-05 9.98473E-05 9.98473E-05 9.98473E-05 9.98473E-05 9.98473E-05 9.98473E-05 0.998303 9.98473E-05 9.98473E-05 9.98473E-05 9.98473E-05 9.98473E-05 9.98473E-05
9.99012E-05 0.0759265 9.99012E-05 9.99012E-05 9.99012E-05 9.99012E-05 9.99012E-05 9.99012E-05 0.0390333 0.249464 9.99012E-05 0.380564 0.0434449 9.99012E-05 9.99012E-05 9.99012E-05 0.122858 0.0876107
9.98651E-05 0.0677814 9.98651E-05 9.98651E-05 9.98651E-05 0.0242714 9.98651E-05 9.98651E-05 9.98651E-05 9.98651E-05 9.98651E-05 0.906449 9.98651E-05 9.98651E-05 9.98651E-05 9.98651E-05 9.98651E-05 9.98651E-05
0.0649304 9.98648E-05 9.98648E-05 9.98648E-05 9.98648E-05 0.129504 9.98648E-05 9.98648E-05 9.98648E-05 9.98648E-05 0.804068 9.98648E-05 9.98648E-05 9.98648E-05 9.98648E-05 9.98648E-05 9.98648E-05 9.98648E-05
9.98829E-05 0.901682 9.98829E-05 9.98829E-05 9.98829E-05 0.0102323 9.98829E-05 9.98829E-05 9.98829E-05 9.98829E-05 9.98829E-05 9.98829E-05 0.0460356 9.98829E-05 9.98829E-05 0.0241853 9.98829E-05 0.0165667
9.98739E-05 9.98739E-05 9.98739E-05 0.040112 0.00643053 9.98739E-05 9.98739E-05 9.98739E-05 0.483573 9.98739E-05 9.98739E-05 9.98739E-05 9.98739E-05 9.98739E-05 9.98739E-05 9.98739E-05 9.98739E-05 0.468486
9.98563E-05 9.98563E-05 9.98563E-05 9.98563E-05 9.98563E-05 9.98563E-05 9.98563E-05 9.98563E-05 9.98563E-05 9.98563E-05 9.98563E-05 9.98563E-05 0.963909 9.98563E-05 9.98563E-05 0.0344934 9.98563E-05 9.98563E-05
0.101111 9.98653E-05 9.98653E-05 9.98653E-05 9.98653E-05 0.836318 0.0610729 9.98653E-05 9.98653E-05 9.98653E-05 9.98653E-05 9.98653E-05 9.98653E-05 9.98653E-05 9.98653E-05 9.98653E-05 9.98653E-05 9.98653E-05
9.98472E-05 9.98472E-05 9.98472E-05 9.98472E-05 9.98472E-05 9.98472E-05 0.998303 9.98472E-05 9.98472E-05 9.98472E-05 9.98472E-05 9.98472E-05 9.98472E-05 9.98472E-05 9.98472E-05 9.98472E-05 9.98472E-05 9.98472E-05
9.98649E-05 9.98649E-05 9.98649E-05 9.98649E-05 9.98649E-05 9.98649E-05 0.420092 9.98649E-05 9.98649E-05 9.98649E-05 9.98649E-05 9.98649E-05 0.501587 0.0768229 9.98649E-05 9.98649E-05 9.98649E-05 9.98649E-05
0.052122 9.98739E-05 9.98739E-05 9.98739E-05 9.98739E-05 9.98739E-05 0.201767 9.98739E-05 9.98739E-05 9.98739E-05 9.98739E-05 9.98739E-05 0.651852 0.0928615 9.98739E-05 9.98739E-05 9.98739E-05 9.98739E-05
9.98472E-05 9.98472E-05 9.98472E-05 9.98472E-05 9.98472E-05 9.98472E-05 9.98472E-05 9.98472E-05 9.98472E-05 9.98472E-05 9.98472E-05 9.98472E-05 9.98472E-05 9.98472E-05 0.998303 9.98472E-05 9.98472E-05 9.98472E-05
9.98656E-05 9.98656E-05 9.98656E-05 9.98656E-05 9.98656E-05 9.98656E-05 9.98656E-05 9.98656E-05 0.338763 9.98656E-05 9.98656E-05 9.98656E-05 9.98656E-05 0.00794781 9.98656E-05 9.98656E-05 9.98656E-05 0.651791
9.99282E-05 0.122202 0.115413 9.99282E-05 0.0950171 9.99282E-05 9.99282E-05 0.0118413 0.227197 9.99282E-05 0.146491 0.0253842 0.0433926 0.0771017 9.99282E-05 0.135161 9.99282E-05 9.99282E-05
9.98744E-05 9.98744E-05 9.98744E-05 9.98744E-05 9.98744E-05 0.0307658 9.98744E-05 9.98744E-05 0.872532 0.0858603 9.98744E-05 9.98744E-05 9.98744E-05 9.98744E-05 9.98744E-05 0.00944365 9.98744E-05 9.98744E-05
9.9892E-05 9.9892E-05 9.9892E-05 0.0134067 0.0298795 9.9892E-05 9.9892E-05 9.9892E-05 0.631128 9.9892E-05 9.9892E-05 0.00738039 9.9892E-05 9.9892E-05 9.9892E-05 0.020248 9.9892E-05 0.296758
9.98562E-05 9.98562E-05 9.98562E-05 9.98562E-05 9.98562E-05 0.00617129 9.98562E-05 9.98562E-05 9.98562E-05 9.98562E-05 9.98562E-05 9.98562E-05 9.98562E-05 9.98562E-05 9.98562E-05 9.98562E-05 9.98562E-05 0.992231
9.98562E-05 9.98562E-05 9.98562E-05 9.98562E-05 9.98562E-05 0.0141898 9.98562E-05 9.98562E-05 9.98562E-05 9.98562E-05 9.98562E-05 9.98562E-05 9.98562E-05 9.98562E-05 9.98562E-05 9.98562E-05 9.98562E-05 0.984213
0.000757461 9.98831E-05 9.98831E-05 0.0508914 9.98831E-05 9.98831E-05 9.98831E-05 9.98831E-05 0.60392 0.177449 9.98831E-05 9.98831E-05 9.98831E-05 9.98831E-05 9.98831E-05 9.98831E-05 9.98831E-05 0.165684
9.98829E-05 9.98829E-05 9.98829E-05 0.0424983 0.0053563 9.98829E-05 9.98829E-05 9.98829E-05 0.465523 0.014703 9.98829E-05 9.98829E-05 9.98829E-05 9.98829E-05 9.98829E-05 9.98829E-05 9.98829E-05 0.470621
9.98469E-05 9.98469E-05 9.98469E-05 9.98469E-05 9.98469E-05 9.98469E-05 9.98469E-05 9.98469E-05 9.98469E-05 0.998303 9.98469E-05 9.98469E-05 9.98469E-05 9.98469E-05 9.98469E-05 9.98469E-05 9.98469E-05 9.98469E-05
9.98559E-05 9.98559E-05 9.98559E-05 9.98559E-05 9.98559E-05 9.98559E-05 0.0605132 9.98559E-05 9.98559E-05 0.937889 9.98559E-05 9.98559E-05 9.98559E-05 9.98559E-05 9.98559E-05 9.98559E-05 9.98559E-05 9.98559E-05
9.9892E-05 9.9892E-05 9.9892E-05 9.9892E-05 9.9892E-05 0.0117848 9.9892E-05 9.9892E-05 0.791526 9.9892E-05 9.9892E-05 0.0343339 0.00343655 9.9892E-05 9.9892E-05 9.9892E-05 0.0268122 0.130908
9.9874E-05 0.00139557 9.9874E-05 9.9874E-05 0.0126124 0.977363 9.9874E-05 9.9874E-05 0.00723057 9.9874E-05 9.9874E-05 9.9874E-05 9.9874E-05 9.9874E-05 9.9874E-05 9.9874E-05 9.9874E-05 9.9874E-05
9.9856E-05 9.9856E-05 9.9856E-05 9.9856E-05 9.9856E-05 0.98689 9.9856E-05 9.9856E-05 9.9856E-05 9.9856E-05 9.9856E-05 0.0115125 9.9856E-05 9.9856E-05 9.9856E-05 9.9856E-05 9.9856E-05 9.9856E-05
9.98653E-05 9.98653E-05 0.987909 0.0075471 9.98653E-05 9.98653E-05 9.98653E-05 9.98653E-05 9.98653E-05 9.98653E-05 0.00304599 9.98653E-05 9.98653E-05 9.98653E-05 9.98653E-05 9.98653E-05 9.98653E-05 9.98653E-05
9.98474E-05 9.98474E-05 0.998303 9.98474E-05 9.98474E-05 9.98474E-05 9.98474E-05 9.98474E-05 9.98474E-05 9.98474E-05 9.98474E-05 9.98474E-05 9.98474E-05 9.98474E-05 9.98474E-05 9.98474E-05 9.98474E-05 9.98474E-05
9.98918E-05 0.0930875 9.98918E-05 0.118535 9.98918E-05 0.00107782 0.0745294 9.98918E-05 9.98918E-05 9.98918E-05 0.00317749 9.98918E-05 9.98918E-05 0.708394 9.98918E-05 9.98918E-05 9.98918E-05 9.98918E-05
9.98919E-05 0.0395076 9.98919E-05 0.147222 9.98919E-05 0.0609843 0.058523 9.98919E-05 9.98919E-05 9.98919E-05 9.98919E-05 9.98919E-05 9.98919E-05 0.69229 0.000274389 9.98919E-05 9.98919E-05 9.98919E-05
9.98831E-05 9.98831E-05 0.937814 9.98831E-05 0.0219546 9.98831E-05 9.98831E-05 9.98831E-05 9.98831E-05 0.0191135 9.98831E-05 9.98831E-05 9.98831E-05 0.002475 9.98831E-05 9.98831E-05 0.0173445 9.98831E-05
9.98473E-05 9.98473E-05 0.998303 9.98473E-05 9.98473E-05 9.98473E-05 9.98473E-05 9.98473E-05 9.98473E-05 9.98473E-05 9.98473E-05 9.98473E-05 9.98473E-05 9.98473E-05 9.98473E-05 9.98473E-05 9.98473E-05 9.98473E-05
9.98739E-05 9.98739E-05 9.98739E-05 9.98739E-05 9.98739E-05 0.000888899 0.0206823 9.98739E-05 9.98739E-05 9.98739E-05 0.951279 0.0257512 9.98739E-05 9.98739E-05 9.98739E-05 9.98739E-05 9.98739E-05 9.98739E-05
9.98702E-05 9.98702E-05 9.98702E-05 0.663241 9.98702E-05 0.0836002 0.140695 0.00734585 9.98702E-05 9.98702E-05 9.98702E-05 9.98702E-05 9.98702E-05 9.98702E-05 9.98702E-05 0.10382 9.98702E-05 9.98702E-05
9.9865E-05 0.905 9.9865E-05 9.9865E-05 9.9865E-05 9.9865E-05 9.9865E-05 9.9865E-05 9.9865E-05 9.9865E-05 9.9865E-05 0.0393945 9.9865E-05 9.9865E-05 9.9865E-05 0.0541072 9.9865E-05 9.9865E-05
0.99307 9.9865E-05 9.9865E-05 9.9865E-05 9.9865E-05 9.9865E-05 9.9865E-05 9.9865E-05 9.9865E-05 0.00317562 9.9865E-05 9.9865E-05 9.9865E-05 9.9865E-05 9.9865E-05 9.9865E-05 0.00225663 9.9865E-05
0.863454 9.98831E-05 0.00677752 9.98831E-05 0.0364271 9.98831E-05 9.98831E-05 0.00387071 9.98831E-05 9.98831E-05 9.98831E-05 9.98831E-05 0.0881725 9.98831E-05 9.98831E-05 9.98831E-05 9.98831E-05 9.98831E-05
9.99014E-05 0.0044629 9.99014E-05 9.99014E-05 9.99014E-05 9.99014E-05 9.99014E-05 9.99014E-05 0.070271 0.238945 9.99014E-05 0.0932912 9.99014E-05 9.99014E-05 9.99014E-05 0.024064 0.0717429 0.496124
