9.996E-05 9.996E-05 0.9995 9.996E-05 9.996E-05 9.996E-05
0.335893 0.260162 0.403645 9.9973E-05 9.9973E-05 9.9973E-05
0.829081 0.0248783 9.99911E-05 0.0197917 0.030995 0.0951536
0.953258 9.9964E-05 9.9964E-05 0.0463424 9.9964E-05 9.9964E-05
0.478046 0.229058 0.292596 9.99731E-05 9.99731E-05 9.99731E-05
0.9995 9.996E-05 9.996E-05 9.996E-05 9.996E-05 9.996E-05
9.99642E-05 0.384305 9.99642E-05 9.99642E-05 9.99642E-05 0.615295
0.42158 0.434277 0.107403 0.0365404 9.9982E-05 9.9982E-05
0.0055417 0.421109 0.0725168 9.9982E-05 9.9982E-05 0.500632
9.99731E-05 0.125044 0.818517 0.0561392 9.99731E-05 9.99731E-05
9.9982E-05 0.102752 0.779083 0.0867517 9.9982E-05 0.0312133
0.0460215 9.9982E-05 0.618589 0.117376 9.9982E-05 0.217813
9.996E-05 9.996E-05 9.996E-05 9.996E-05 9.996E-05 0.9995
0.935899 9.9982E-05 0.0271264 0.0218156 0.0149589 9.9982E-05
0.961739 9.9973E-05 0.0265244 9.9973E-05 0.0114369 9.9973E-05
0.0244763 0.0355823 0.543349 0.0145987 9.9991E-05 0.381894
0.00346408 9.9991E-05 0.4081 0.372999 0.091734 0.123602
9.99729E-05 0.0608823 0.214855 9.99729E-05 0.723963 9.99729E-05
9.9964E-05 9.9964E-05 9.9964E-05 0.0741418 0.925458 9.9964E-05
9.9973E-05 9.9973E-05 0.879354 0.106516 9.9973E-05 0.0138299
9.996E-05 9.996E-05 9.996E-05 9.996E-05 0.9995 9.996E-05
9.9964E-05 9.9964E-05 0.89824 9.9964E-05 9.9964E-05 0.10136
9.9982E-05 0.02927 0.16912 0.382744 0.418666 9.9982E-05
9.99639E-05 9.99639E-05 9.99639E-05 0.091406 0.908194 9.99639E-05
0.9995 9.996E-05 9.996E-05 9.996E-05 9.996E-05 9.996E-05
0.9995 9.996E-05 9.996E-05 9.996E-05 9.996E-05 9.996E-05
9.99729E-05 9.99729E-05 0.193656 0.0463182 9.99729E-05 0.759726
0.879637 0.103382 9.9973E-05 9.9973E-05 9.9973E-05 0.0166812
0.89797 0.067747 9.9973E-05 9.9973E-05 9.9973E-05 0.033983
0.66754 0.278081 9.9991E-05 0.0137762 0.0351893 0.00531354
0.633535 0.305893 9.9973E-05 0.0602718 9.9973E-05 9.9973E-05
0.0873646 0.586667 0.325668 9.99732E-05 9.99732E-05 9.99732E-05
0.9995 9.996E-05 9.996E-05 9.996E-05 9.996E-05 9.996E-05
0.0510336 0.93103 9.99731E-05 9.99731E-05 9.99731E-05 0.0176366
0.0451704 9.99819E-05 0.14352 0.229579 9.99819E-05 0.581531
0.965649 9.99639E-05 9.99639E-05 9.99639E-05 9.99639E-05 0.0339513
0.0498583 9.99642E-05 0.949742 9.99642E-05 9.99642E-05 9.99642E-05
0.0489794 0.153397 0.76511 9.9982E-05 0.0323133 9.9982E-05
0.135919 9.9991E-05 0.267201 0.396144 0.0782657 0.12237
0.128115 9.9973E-05 0.867856 0.00372825 9.9973E-05 9.9973E-05
0.0921313 9.99639E-05 0.907469 9.99639E-05 9.99639E-05 9.99639E-05
9.9973E-05 9.9973E-05 0.918483 0.062149 0.0190678 9.9973E-05
9.9973E-05 0.0284279 0.668217 9.9973E-05 9.9973E-05 0.303055
9.9973E-05 0.0553363 0.832117 0.112247 9.9973E-05 9.9973E-05
9.9991E-05 0.00986601 0.542069 0.188692 0.100539 0.158734
0.0935028 9.9991E-05 0.724707 0.0502409 0.0324355 0.099014
0.104537 0.0362928 0.495337 0.124862 9.9991E-05 0.238871
9.99644E-05 9.99644E-05 0.993229 9.99644E-05 0.00637112 9.99644E-05
9.996E-05 0.9995 9.996E-05 9.996E-05 9.996E-05 9.996E-05
9.996E-05 0.9995 9.996E-05 9.996E-05 9.996E-05 9.996E-05
9.9964E-05 0.993961 9.9964E-05 0.00563871 9.9964E-05 9.9964E-05
9.996E-05 0.9995 9.996E-05 9.996E-05 9.996E-05 9.996E-05
9.996E-05 0.9995 9.996E-05 9.996E-05 9.996E-05 9.996E-05
0.20455 0.637812 0.0505937 9.9991E-05 0.0315249 0.0754195
9.996E-05 0.9995 9.996E-05 9.996E-05 9.996E-05 9.996E-05
9.9964E-05 9.9964E-05 0.930784 9.9964E-05 9.9964E-05 0.0688161
0.085931 0.540928 0.372842 9.9973E-05 9.9973E-05 9.9973E-05
0.9995 9.996E-05 9.996E-05 9.996E-05 9.996E-05 9.996E-05
9.9973E-05 0.036151 9.9973E-05 0.0505061 9.9973E-05 0.913043
0.0527734 9.9982E-05 0.537719 0.00144545 9.9982E-05 0.407862
9.996E-05 9.996E-05 9.996E-05 9.996E-05 9.996E-05 0.9995
9.99639E-05 9.99639E-05 0.117288 9.99639E-05 9.99639E-05 0.882312
9.99819E-05 9.99819E-05 0.103226 0.0771653 0.0181507 0.801258
9.99641E-05 9.99641E-05 0.0613371 9.99641E-05 0.938263 9.99641E-05
0.9995 9.996E-05 9.996E-05 9.996E-05 9.996E-05 9.996E-05
0.317667 0.219038 0.280798 0.0896439 0.0644025 0.0284507
0.947976 0.0203587 9.99731E-05 9.99731E-05 9.99731E-05 0.031365
0.972793 9.9964E-05 0.0268075 9.9964E-05 9.9964E-05 9.9964E-05
0.915428 0.0518849 9.9973E-05 9.9973E-05 9.9973E-05 0.0323875
0.911053 0.0772332 9.9973E-05 9.9973E-05 0.0114135 9.9973E-05
0.930123 0.0227437 0.0468331 9.99731E-05 9.99731E-05 9.99731E-05
0.984749 9.99639E-05 9.99639E-05 0.0148516 9.99639E-05 9.99639E-05
0.463608 0.535992 9.99643E-05 9.99643E-05 9.99643E-05 9.99643E-05
0.447532 0.347867 9.99732E-05 9.99732E-05 9.99732E-05 0.2043
0.970576 0.00277251 0.0253542 0.00109771 9.9982E-05 9.9982E-05
0.0804227 0.0928615 0.616624 0.0368994 9.9991E-05 0.173092
0.0675018 0.0904678 0.61429 0.0377163 9.9991E-05 0.189924
9.996E-05 9.996E-05 9.996E-05 0.9995 9.996E-05 9.996E-05
9.996E-05 9.996E-05 9.996E-05 0.9995 9.996E-05 9.996E-05
9.9982E-05 0.0832873 0.884604 0.028118 9.9982E-05 0.00379043
9.9991E-05 0.0568948 0.867276 0.0323008 0.00601098 0.0374176
9.9964E-05 0.0016293 9.9964E-05 0.997971 9.9964E-05 9.9964E-05
9.996E-05 9.996E-05 9.996E-05 0.9995 9.996E-05 9.996E-05
9.99691E-05 9.99691E-05 0.923942 9.99691E-05 9.99691E-05 0.0756576
0.000900339 0.0305823 0.642949 9.9991E-05 0.0490191 0.276449
0.0800925 0.610402 0.29794 9.9982E-05 9.9982E-05 0.0113655
0.0615161 9.9991E-05 0.239743 0.284946 0.0930788 0.320616
9.99821E-05 9.99821E-05 0.12363 0.34009 0.0675143 0.468565
0.569064 0.354499 9.99821E-05 0.0483943 0.027843 9.99821E-05
