9.98559E-05 9.98559E-05 9.98559E-05 9.98559E-05 9.98559E-05 9.98559E-05 0.932741 9.98559E-05 9.98559E-05 0.018746 9.98559E-05 9.98559E-05 9.98559E-05 0.0469154 9.98559E-05 9.98559E-05 9.98559E-05 9.98559E-05 9.98559E-05
9.98649E-05 9.98649E-05 9.98649E-05 9.98649E-05 9.98649E-05 0.0599999 9.98649E-05 9.98649E-05 9.98649E-05 9.98649E-05 9.98649E-05 0.183667 9.98649E-05 9.98649E-05 9.98649E-05 0.0897131 0.665122 9.98649E-05 9.98649E-05
9.9875E-05 9.9875E-05 9.9875E-05 9.9875E-05 9.9875E-05 9.9875E-05 9.9875E-05 0.105248 9.9875E-05 0.017128 0.171526 9.9875E-05 9.9875E-05 9.9875E-05 9.9875E-05 0.657219 9.9875E-05 9.9875E-05 0.0474807
9.98561E-05 9.98561E-05 9.98561E-05 9.98561E-05 9.98561E-05 9.98561E-05 9.98561E-05 9.98561E-05 0.0726096 9.98561E-05 9.98561E-05 9.98561E-05 9.98561E-05 9.98561E-05 9.98561E-05 0.905455 9.98561E-05 9.98561E-05 0.0203377
9.99192E-05 9.99192E-05 0.172095 9.99192E-05 0.00934545 0.000887443 0.0132613 9.99192E-05 9.99192E-05 9.99192E-05 0.156284 0.0535622 0.0327812 0.0764585 9.99192E-05 0.346128 0.138297 9.99192E-05 9.99192E-05
9.98649E-05 9.98649E-05 9.98649E-05 9.98649E-05 9.98649E-05 9.98649E-05 9.98649E-05 9.98649E-05 9.98649E-05 9.98649E-05 0.0281461 0.0379419 9.98649E-05 9.98649E-05 9.98649E-05 0.928403 9.98649E-05 0.00401128 9.98649E-05
9.98382E-05 9.98382E-05 0.998203 9.98382E-05 9.98382E-05 9.98382E-05 9.98382E-05 9.98382E-05 9.98382E-05 9.98382E-05 9.98382E-05 9.98382E-05 9.98382E-05 9.98382E-05 9.98382E-05 9.98382E-05 9.98382E-05 9.98382E-05 9.98382E-05
9.98919E-05 9.98919E-05 9.98919E-05 9.98919E-05 9.98919E-05 9.98919E-05 9.98919E-05 9.98919E-05 0.0488797 9.98919E-05 0.701556 9.98919E-05 0.0636329 0.0679143 9.98919E-05 0.0107101 0.0874553 9.98919E-05 0.0186535
9.98651E-05 9.98651E-05 0.947151 9.98651E-05 9.98651E-05 9.98651E-05 9.98651E-05 9.98651E-05 0.00223919 9.98651E-05 9.98651E-05 9.98651E-05 0.0357005 9.98651E-05 9.98651E-05 9.98651E-05 0.0134111 9.98651E-05 9.98651E-05
9.98561E-05 9.98561E-05 0.14207 9.98561E-05 9.98561E-05 0.00740107 9.98561E-05 9.98561E-05 9.98561E-05 9.98561E-05 9.98561E-05 9.98561E-05 9.98561E-05 0.848931 9.98561E-05 9.98561E-05 9.98561E-05 9.98561E-05 9.98561E-05
9.98473E-05 9.98473E-05 0.108297 9.98473E-05 9.98473E-05 9.98473E-05 9.98473E-05 9.98473E-05 9.98473E-05 9.98473E-05 9.98473E-05 9.98473E-05 9.98473E-05 0.890006 9.98473E-05 9.98473E-05 9.98473E-05 9.98473E-05 9.98473E-05
9.98653E-05 9.98653E-05 9.98653E-05 9.98653E-05 9.98653E-05 9.98653E-05 0.796143 0.0832568 0.00782735 9.98653E-05 9.98653E-05 9.98653E-05 9.98653E-05 9.98653E-05 9.98653E-05 9.98653E-05 9.98653E-05 9.98653E-05 0.111275
9.9856E-05 9.9856E-05 9.9856E-05 9.9856E-05 0.0726273 9.9856E-05 9.9856E-05 0.906545 0.01923 9.9856E-05 9.9856E-05 9.9856E-05 9.9856E-05 9.9856E-05 9.9856E-05 9.9856E-05 9.9856E-05 9.9856E-05 9.9856E-05
9.98561E-05 9.98561E-05 9.98561E-05 0.0172832 9.98561E-05 9.98561E-05 0.0188413 9.98561E-05 9.98561E-05 9.98561E-05 9.98561E-05 9.98561E-05 9.98561E-05 9.98561E-05 9.98561E-05 0.962278 9.98561E-05 9.98561E-05 9.98561E-05
9.98651E-05 9.98651E-05 9.98651E-05 0.0160678 9.98651E-05 9.98651E-05 0.0134131 9.98651E-05 9.98651E-05 9.98651E-05 9.98651E-05 0.00782224 9.98651E-05 9.98651E-05 9.98651E-05 0.961199 9.98651E-05 9.98651E-05 9.98651E-05
0.143587 0.747616 9.9856E-05 9.9856E-05 0.107199 9.9856E-05 9.9856E-05 9.9856E-05 9.9856E-05 9.9856E-05 9.9856E-05 9.9856E-05 9.9856E-05 9.9856E-05 9.9856E-05 9.9856E-05 9.9856E-05 9.9856E-05 9.9856E-05
9.98471E-05 9.98471E-05 9.98471E-05 9.98471E-05 9.98471E-05 0.92908 9.98471E-05 9.98471E-05 9.98471E-05 9.98471E-05 9.98471E-05 9.98471E-05 9.98471E-05 0.0692226 9.98471E-05 9.98471E-05 9.98471E-05 9.98471E-05 9.98471E-05
9.98828E-05 9.98828E-05 9.98828E-05 9.98828E-05 9.98828E-05 9.98828E-05 9.98828E-05 9.98828E-05 9.98828E-05 0.762981 9.98828E-05 0.129911 0.032772 9.98828E-05 0.0182612 9.98828E-05 0.0170385 0.0377371 9.98828E-05
9.98561E-05 9.98561E-05 9.98561E-05 0.921013 9.98561E-05 9.98561E-05 9.98561E-05 9.98561E-05 9.98561E-05 9.98561E-05 9.98561E-05 9.98561E-05 9.98561E-05 9.98561E-05 9.98561E-05 9.98561E-05 9.98561E-05 0.00781385 0.0695759
9.98918E-05 0.334361 9.98918E-05 9.98918E-05 0.128326 0.0552163 0.0688347 9.98918E-05 9.98918E-05 9.98918E-05 9.98918E-05 9.98918E-05 9.98918E-05 0.398978 0.00147962 9.98918E-05 9.98918E-05 9.98918E-05 0.0116045
9.98384E-05 9.98384E-05 9.98384E-05 0.998203 9.98384E-05 9.98384E-05 9.98384E-05 9.98384E-05 9.98384E-05 9.98384E-05 9.98384E-05 9.98384E-05 9.98384E-05 9.98384E-05 9.98384E-05 9.98384E-05 9.98384E-05 9.98384E-05 9.98384E-05
0.130195 0.223983 9.9883E-05 9.9883E-05 9.9883E-05 0.030795 0.322802 9.9883E-05 9.9883E-05 9.9883E-05 9.9883E-05 0.241106 9.9883E-05 9.9883E-05 0.0498204 9.9883E-05 9.9883E-05 9.9883E-05 9.9883E-05
9.98919E-05 9.98919E-05 9.98919E-05 9.98919E-05 0.0101829 0.185907 9.98919E-05 9.98919E-05 9.98919E-05 0.531963 9.98919E-05 9.98919E-05 0.014504 0.119512 9.98919E-05 0.0102455 9.98919E-05 9.98919E-05 0.126487
9.98469E-05 9.98469E-05 9.98469E-05 9.98469E-05 9.98469E-05 9.98469E-05 9.98469E-05 9.98469E-05 9.98469E-05 0.986584 9.98469E-05 9.98469E-05 9.98469E-05 9.98469E-05 9.98469E-05 9.98469E-05 9.98469E-05 0.0117186 9.98469E-05
9.98474E-05 9.98474E-05 9.98474E-05 9.98474E-05 9.98474E-05 9.98474E-05 9.98474E-05 9.98474E-05 0.74121 9.98474E-05 9.98474E-05 9.98474E-05 9.98474E-05 9.98474E-05 9.98474E-05 0.257092 9.98474E-05 9.98474E-05 9.98474E-05
9.98472E-05 9.98472E-05 9.98472E-05 9.98472E-05 9.98472E-05 9.98472E-05 9.98472E-05 9.98472E-05 0.19169 9.98472E-05 9.98472E-05 9.98472E-05 9.98472E-05 9.98472E-05 9.98472E-05 0.806613 9.98472E-05 9.98472E-05 9.98472E-05
0.968893 9.98471E-05 9.98471E-05 9.98471E-05 9.98471E-05 9.98471E-05 9.98471E-05 9.98471E-05 9.98471E-05 9.98471E-05 9.98471E-05 9.98471E-05 9.98471E-05 0.0294097 9.98471E-05 9.98471E-05 9.98471E-05 9.98471E-05 9.98471E-05
9.98382E-05 9.98382E-05 9.98382E-05 9.98382E-05 9.98382E-05 9.98382E-05 9.98382E-05 9.98382E-05 0.998203 9.98382E-05 9.98382E-05 9.98382E-05 9.98382E-05 9.98382E-05 9.98382E-05 9.98382E-05 9.98382E-05 9.98382E-05 9.98382E-05
9.98382E-05 9.98382E-05 9.98382E-05 9.98382E-05 9.98382E-05 9.98382E-05 9.98382E-05 9.98382E-05 0.998203 9.98382E-05 9.98382E-05 9.98382E-05 9.98382E-05 9.98382E-05 9.98382E-05 9.98382E-05 9.98382E-05 9.98382E-05 9.98382E-05
0.0312906 9.99012E-05 9.99012E-05 9.99012E-05 9.99012E-05 9.99012E-05 0.00423775 9.99012E-05 0.274855 9.99012E-05 0.237633 9.99012E-05 0.122684 9.99012E-05 9.99012E-05 0.273672 0.0175018 0.0370264 9.99012E-05
9.98919E-05 9.98919E-05 9.98919E-05 9.98919E-05 0.0213796 9.98919E-05 9.98919E-05 9.98919E-05 0.157544 9.98919E-05 0.553661 9.98919E-05 0.0572274 0.0112771 9.98919E-05 0.188746 9.98919E-05 9.98919E-05 0.00896576
9.98385E-05 9.98385E-05 9.98385E-05 9.98385E-05 9.98385E-05 9.98385E-05 9.98385E-05 9.98385E-05 9.98385E-05 9.98385E-05 9.98385E-05 9.98385E-05 9.98385E-05 9.98385E-05 9.98385E-05 9.98385E-05 0.998203 9.98385E-05 9.98385E-05
9.98561E-05 9.98561E-05 9.98561E-05 9.98561E-05 9.98561E-05 9.98561E-05 9.98561E-05 9.98561E-05 0.352112 9.98561E-05 0.185079 9.98561E-05 9.98561E-05 9.98561E-05 9.98561E-05 0.461212 9.98561E-05 9.98561E-05 9.98561E-05
9.98743E-05 0.0165876 9.98743E-05 9.98743E-05 0.00208162 9.98743E-05 9.98743E-05 9.98743E-05 9.98743E-05 9.98743E-05 0.249039 9.98743E-05 0.697375 0.0335192 9.98743E-05 9.98743E-05 9.98743E-05 9.98743E-05 9.98743E-05
0.71106 9.98737E-05 9.98737E-05 9.98737E-05 0.0542917 0.137964 9.98737E-05 9.98737E-05 9.98737E-05 9.98737E-05 0.0572807 9.98737E-05 9.98737E-05 9.98737E-05 9.98737E-05 9.98737E-05 9.98737E-05 9.98737E-05 0.0380048
9.98828E-05 9.98828E-05 9.98828E-05 9.98828E-05 0.00779807 0.0188046 9.98828E-05 9.98828E-05 0.651837 9.98828E-05 0.0255798 0.0113235 9.98828E-05 9.98828E-05 9.98828E-05 0.283358 9.98828E-05 9.98828E-05 9.98828E-05
9.98474E-05 9.98474E-05 9.98474E-05 9.98474E-05 9.98474E-05 9.98474E-05 0.971157 9.98474E-05 9.98474E-05 9.98474E-05 0.0271461 9.98474E-05 9.98474E-05 9.98474E-05 9.98474E-05 9.98474E-05 9.98474E-05 9.98474E-05 9.98474E-05
9.98919E-05 9.98919E-05 9.98919E-05 9.98919E-05 9.98919E-05 0.0311604 0.0472681 9.98919E-05 9.98919E-05 0.00757441 9.98919E-05 0.0845051 9.98919E-05 0.58666 9.98919E-05 9.98919E-05 0.207699 0.0339348 9.98919E-05
9.98561E-05 9.98561E-05 9.98561E-05 9.98561E-05 9.98561E-05 0.982377 9.98561E-05 9.98561E-05 9.98561E-05 9.98561E-05 0.000401045 9.98561E-05 9.98561E-05 9.98561E-05 9.98561E-05 0.0156238 9.98561E-05 9.98561E-05 9.98561E-05
9.98561E-05 9.98561E-05 9.98561E-05 9.98561E-05 9.98561E-05 0.0156458 9.98561E-05 9.98561E-05 9.98561E-05 9.98561E-05 9.98561E-05 0.974346 9.98561E-05 9.98561E-05 9.98561E-05 0.00841033 9.98561E-05 9.98561E-05 9.98561E-05
9.9856E-05 9.9856E-05 9.9856E-05 9.9856E-05 9.9856E-05 9.9856E-05 9.9856E-05 9.9856E-05 9.9856E-05 9.9856E-05 9.9856E-05 0.984479 9.9856E-05 9.9856E-05 0.00188436 9.9856E-05 9.9856E-05 9.9856E-05 0.0120393
9.9883E-05 0.0238456 9.9883E-05 9.9883E-05 0.0175639 0.0180059 9.9883E-05 9.9883E-05 9.9883E-05 9.9883E-05 9.9883E-05 0.0461124 9.9883E-05 0.864644 0.0285299 9.9883E-05 9.9883E-05 9.9883E-05 9.9883E-05
0.0276676 0.733823 0.124298 9.99009E-05 9.99009E-05 9.99009E-05 0.0268566 0.0176257 9.99009E-05 0.0202585 9.99009E-05 0.0364567 9.99009E-05 9.99009E-05 0.0119151 9.99009E-05 9.99009E-05 9.99009E-05 9.99009E-05
0.0236487 9.98559E-05 9.98559E-05 9.98559E-05 0.103726 9.98559E-05 9.98559E-05 9.98559E-05 9.98559E-05 9.98559E-05 9.98559E-05 9.98559E-05 9.98559E-05 0.871028 9.98559E-05 9.98559E-05 9.98559E-05 9.98559E-05 9.98559E-05
9.99007E-05 9.99007E-05 9.99007E-05 9.99007E-05 0.154206 9.99007E-05 9.99007E-05 0.136485 9.99007E-05 0.138903 9.99007E-05 0.167329 9.99007E-05 0.284255 0.0110982 9.99007E-05 0.0432076 9.99007E-05 0.0634186
9.99098E-05 0.0908368 9.99098E-05 9.99098E-05 0.221318 9.99098E-05 0.0466658 9.99098E-05 9.99098E-05 9.99098E-05 0.0323054 0.194617 9.99098E-05 0.298762 0.0201526 0.00878992 9.99098E-05 0.085554 9.99098E-05
0.08092 9.99279E-05 0.0328961 9.99279E-05 0.289754 0.095402 0.0965268 0.0161163 9.99279E-05 9.99279E-05 9.99279E-05 9.99279E-05 0.0231452 0.163527 0.0923105 0.105069 9.99279E-05 0.00353261 9.99279E-05
9.98382E-05 9.98382E-05 9.98382E-05 9.98382E-05 9.98382E-05 9.98382E-05 9.98382E-05 9.98382E-05 9.98382E-05 9.98382E-05 9.98382E-05 9.98382E-05 9.98382E-05 9.98382E-05 0.998203 9.98382E-05 9.98382E-05 9.98382E-05 9.98382E-05
9.98382E-05 9.98382E-05 9.98382E-05 9.98382E-05 9.98382E-05 9.98382E-05 9.98382E-05 9.98382E-05 9.98382E-05 9.98382E-05 9.98382E-05 9.98382E-05 0.998203 9.98382E-05 9.98382E-05 9.98382E-05 9.98382E-05 9.98382E-05 9.98382E-05
9.98562E-05 9.98562E-05 9.98562E-05 9.98562E-05 9.98562E-05 9.98562E-05 9.98562E-05 9.98562E-05 9.98562E-05 9.98562E-05 9.98562E-05 9.98562E-05 0.992417 9.98562E-05 9.98562E-05 9.98562E-05 9.98562E-05 0.00292567 0.00305921
9.98473E-05 0.0252983 9.98473E-05 9.98473E-05 9.98473E-05 9.98473E-05 9.98473E-05 9.98473E-05 9.98473E-05 9.98473E-05 9.98473E-05 9.98473E-05 0.973004 9.98473E-05 9.98473E-05 9.98473E-05 9.98473E-05 9.98473E-05 9.98473E-05
9.98383E-05 9.98383E-05 9.98383E-05 9.98383E-05 9.98383E-05 9.98383E-05 9.98383E-05 9.98383E-05 9.98383E-05 9.98383E-05 9.98383E-05 9.98383E-05 0.998203 9.98383E-05 9.98383E-05 9.98383E-05 9.98383E-05 9.98383E-05 9.98383E-05
9.98384E-05 9.98384E-05 9.98384E-05 9.98384E-05 9.98384E-05 9.98384E-05 9.98384E-05 9.98384E-05 9.98384E-05 9.98384E-05 9.98384E-05 9.98384E-05 0.998203 9.98384E-05 9.98384E-05 9.98384E-05 9.98384E-05 9.98384E-05 9.98384E-05
9.99012E-05 0.0840085 0.0214766 0.0224481 9.99012E-05 9.99012E-05 9.99012E-05 9.99012E-05 0.0250642 0.0157062 0.401123 9.99012E-05 0.335379 9.99012E-05 9.99012E-05 9.99012E-05 0.093695 9.99012E-05 9.99012E-05
9.98562E-05 0.0108182 9.98562E-05 9.98562E-05 9.98562E-05 9.98562E-05 9.98562E-05 9.98562E-05 9.98562E-05 9.98562E-05 9.98562E-05 9.98562E-05 0.924611 9.98562E-05 9.98562E-05 9.98562E-05 0.0629731 9.98562E-05 9.98562E-05
9.9856E-05 0.149429 0.000741748 9.9856E-05 9.9856E-05 9.9856E-05 0.848231 9.9856E-05 9.9856E-05 9.9856E-05 9.9856E-05 9.9856E-05 9.9856E-05 9.9856E-05 9.9856E-05 9.9856E-05 9.9856E-05 9.9856E-05 9.9856E-05
9.98829E-05 0.0211501 0.0433593 9.98829E-05 0.000719942 9.98829E-05 9.98829E-05 9.98829E-05 0.0408542 9.98829E-05 9.98829E-05 9.98829E-05 0.0135615 9.98829E-05 9.98829E-05 9.98829E-05 0.879056 9.98829E-05 9.98829E-05
9.98649E-05 9.98649E-05 9.98649E-05 9.98649E-05 9.98649E-05 0.0142482 9.98649E-05 9.98649E-05 0.505941 9.98649E-05 9.98649E-05 9.98649E-05 9.98649E-05 9.98649E-05 9.98649E-05 0.475339 0.00297297 9.98649E-05 9.98649E-05
0.95942 0.00162881 0.0329713 9.98653E-05 9.98653E-05 9.98653E-05 9.98653E-05 9.98653E-05 9.98653E-05 9.98653E-05 9.98653E-05 0.00448204 9.98653E-05 9.98653E-05 9.98653E-05 9.98653E-05 9.98653E-05 9.98653E-05 9.98653E-05
9.98653E-05 0.851946 9.98653E-05 9.98653E-05 0.0677161 9.98653E-05 0.03615 0.0426898 9.98653E-05 9.98653E-05 9.98653E-05 9.98653E-05 9.98653E-05 9.98653E-05 9.98653E-05 9.98653E-05 9.98653E-05 9.98653E-05 9.98653E-05
9.98382E-05 9.98382E-05 9.98382E-05 9.98382E-05 9.98382E-05 9.98382E-05 9.98382E-05 0.998203 9.98382E-05 9.98382E-05 9.98382E-05 9.98382E-05 9.98382E-05 9.98382E-05 9.98382E-05 9.98382E-05 9.98382E-05 9.98382E-05 9.98382E-05
0.494165 9.98559E-05 9.98559E-05 9.98559E-05 9.98559E-05 9.98559E-05 9.98559E-05 0.420823 9.98559E-05 9.98559E-05 9.98559E-05 9.98559E-05 9.98559E-05 0.0834146 9.98559E-05 9.98559E-05 9.98559E-05 9.98559E-05 9.98559E-05
0.706025 9.98781E-05 9.98781E-05 9.98781E-05 0.0534229 9.98781E-05 9.98781E-05 0.19895 9.98781E-05 0.00492633 9.98781E-05 9.98781E-05 9.98781E-05 0.0352773 9.98781E-05 9.98781E-05 9.98781E-05 9.98781E-05 9.98781E-05
9.98383E-05 9.98383E-05 9.98383E-05 9.98383E-05 9.98383E-05 9.98383E-05 9.98383E-05 9.98383E-05 9.98383E-05 9.98383E-05 9.98383E-05 9.98383E-05 9.98383E-05 9.98383E-05 9.98383E-05 9.98383E-05 9.98383E-05 0.998203 9.98383E-05
9.98477E-05 9.98477E-05 9.98477E-05 9.98477E-05 9.98477E-05 9.98477E-05 9.98477E-05 9.98477E-05 0.675217 9.98477E-05 9.98477E-05 9.98477E-05 9.98477E-05 9.98477E-05 9.98477E-05 0.323085 9.98477E-05 9.98477E-05 9.98477E-05
9.99279E-05 9.99279E-05 0.0503295 0.00838165 0.332281 9.99279E-05 9.99279E-05 0.0611901 0.194695 9.99279E-05 0.105269 0.000334798 0.040242 0.0982638 0.0784346 0.0297798 9.99279E-05 9.99279E-05 9.99279E-05
9.98833E-05 0.0238941 0.00278998 9.98833E-05 9.98833E-05 9.98833E-05 9.98833E-05 0.0158089 0.00301056 9.98833E-05 0.0094723 9.98833E-05 9.98833E-05 9.98833E-05 9.98833E-05 0.943726 9.98833E-05 9.98833E-05 9.98833E-05
9.99009E-05 9.99009E-05 0.0202415 9.99009E-05 9.99009E-05 0.0282038 9.99009E-05 9.99009E-05 0.231605 9.99009E-05 0.0141467 0.0174946 0.0146509 9.99009E-05 0.0151563 0.657403 9.99009E-05 9.99009E-05 9.99009E-05
9.98472E-05 0.0249199 9.98472E-05 9.98472E-05 9.98472E-05 9.98472E-05 9.98472E-05 9.98472E-05 0.973383 9.98472E-05 9.98472E-05 9.98472E-05 9.98472E-05 9.98472E-05 9.98472E-05 9.98472E-05 9.98472E-05 9.98472E-05 9.98472E-05
9.98472E-05 9.98472E-05 9.98472E-05 9.98472E-05 9.98472E-05 9.98472E-05 9.98472E-05 9.98472E-05 0.990492 9.98472E-05 9.98472E-05 9.98472E-05 9.98472E-05 9.98472E-05 0.00781046 9.98472E-05 9.98472E-05 9.98472E-05 9.98472E-05
9.98921E-05 9.98921E-05 9.98921E-05 9.98921E-05 0.01685 9.98921E-05 9.98921E-05 9.98921E-05 0.247083 9.98921E-05 0.132619 0.0275286 9.98921E-05 0.0065383 0.0256846 0.542497 9.98921E-05 9.98921E-05 9.98921E-05
9.9856E-05 9.9856E-05 9.9856E-05 9.9856E-05 9.9856E-05 0.0234746 9.9856E-05 9.9856E-05 0.544951 9.9856E-05 9.9856E-05 9.9856E-05 9.9856E-05 9.9856E-05 9.9856E-05 0.429977 9.9856E-05 9.9856E-05 9.9856E-05
9.9838E-05 9.9838E-05 9.9838E-05 9.9838E-05 9.9838E-05 9.9838E-05 9.9838E-05 9.9838E-05 9.9838E-05 9.9838E-05 0.998203 9.9838E-05 9.9838E-05 9.9838E-05 9.9838E-05 9.9838E-05 9.9838E-05 9.9838E-05 9.9838E-05
9.9847E-05 9.9847E-05 9.9847E-05 9.9847E-05 9.9847E-05 9.9847E-05 9.9847E-05 0.0702694 9.9847E-05 9.9847E-05 0.928033 9.9847E-05 9.9847E-05 9.9847E-05 9.9847E-05 9.9847E-05 9.9847E-05 9.9847E-05 9.9847E-05
0.0433612 9.98651E-05 9.98651E-05 9.98651E-05 9.98651E-05 9.98651E-05 9.98651E-05 9.98651E-05 0.0595349 9.98651E-05 9.98651E-05 9.98651E-05 0.0294687 9.98651E-05 9.98651E-05 0.866137 9.98651E-05 9.98651E-05 9.98651E-05
9.9874E-05 0.951244 9.9874E-05 9.9874E-05 9.9874E-05 0.00669735 9.9874E-05 9.9874E-05 9.9874E-05 9.9874E-05 9.9874E-05 9.9874E-05 0.0124946 9.9874E-05 9.9874E-05 0.020565 0.00760118 9.9874E-05 9.9874E-05
9.98471E-05 0.990635 9.98471E-05 9.98471E-05 9.98471E-05 9.98471E-05 9.98471E-05 9.98471E-05 9.98471E-05 9.98471E-05 9.98471E-05 9.98471E-05 0.00766802 9.98471E-05 9.98471E-05 9.98471E-05 9.98471E-05 9.98471E-05 9.98471E-05
9.98562E-05 9.98562E-05 9.98562E-05 9.98562E-05 9.98562E-05 9.98562E-05 0.0203351 9.98562E-05 9.98562E-05 9.98562E-05 9.98562E-05 0.00263496 9.98562E-05 9.98562E-05 9.98562E-05 9.98562E-05 9.98562E-05 9.98562E-05 0.975432
9.98474E-05 9.98474E-05 0.00227992 9.98474E-05 9.98474E-05 9.98474E-05 9.98474E-05 9.98474E-05 9.98474E-05 9.98474E-05 9.98474E-05 9.98474E-05 9.98474E-05 9.98474E-05 9.98474E-05 9.98474E-05 9.98474E-05 9.98474E-05 0.996023
9.98828E-05 0.0518691 9.98828E-05 9.98828E-05 9.98828E-05 9.98828E-05 9.98828E-05 0.0338307 9.98828E-05 9.98828E-05 9.98828E-05 0.0860305 9.98828E-05 0.755995 0.0282098 9.98828E-05 0.042766 9.98828E-05 9.98828E-05
9.98829E-05 0.0443197 9.98829E-05 9.98829E-05 9.98829E-05 9.98829E-05 9.98829E-05 0.0660016 9.98829E-05 9.98829E-05 9.98829E-05 0.0563851 9.98829E-05 0.781137 0.013298 9.98829E-05 0.0375606 9.98829E-05 9.98829E-05
9.98502E-05 0.000301916 9.98502E-05 9.98502E-05 9.98502E-05 9.98502E-05 9.98502E-05 9.98502E-05 9.98502E-05 9.98502E-05 0.0294322 9.98502E-05 9.98502E-05 0.00468465 9.98502E-05 9.98502E-05 9.98502E-05 9.98502E-05 0.964084
9.98384E-05 9.98384E-05 9.98384E-05 9.98384E-05 9.98384E-05 9.98384E-05 9.98384E-05 9.98384E-05 9.98384E-05 9.98384E-05 9.98384E-05 9.98384E-05 9.98384E-05 9.98384E-05 9.98384E-05 9.98384E-05 9.98384E-05 9.98384E-05 0.998203
0.00703766 0.00466752 9.98739E-05 9.98739E-05 9.98739E-05 9.98739E-05 0.874907 0.00539919 9.98739E-05 9.98739E-05 9.98739E-05 9.98739E-05 9.98739E-05 9.98739E-05 0.106591 9.98739E-05 9.98739E-05 9.98739E-05 9.98739E-05
9.9856E-05 9.9856E-05 0.0911703 9.9856E-05 9.9856E-05 9.9856E-05 9.9856E-05 0.156366 9.9856E-05 9.9856E-05 9.9856E-05 0.750866 9.9856E-05 9.9856E-05 9.9856E-05 9.9856E-05 9.9856E-05 9.9856E-05 9.9856E-05
9.98561E-05 9.98561E-05 0.0462721 9.98561E-05 9.98561E-05 9.98561E-05 9.98561E-05 9.98561E-05 9.98561E-05 9.98561E-05 9.98561E-05 9.98561E-05 0.0261658 9.98561E-05 9.98561E-05 9.98561E-05 0.925964 9.98561E-05 9.98561E-05
9.98378E-05 9.98378E-05 9.98378E-05 9.98378E-05 0.998203 9.98378E-05 9.98378E-05 9.98378E-05 9.98378E-05 9.98378E-05 9.98378E-05 9.98378E-05 9.98378E-05 9.98378E-05 9.98378E-05 9.98378E-05 9.98378E-05 9.98378E-05 9.98378E-05
0.0607951 9.9874E-05 9.9874E-05 0.0434269 0.688996 0.12385 0.0815339 9.9874E-05 9.9874E-05 9.9874E-05 9.9874E-05 9.9874E-05 9.9874E-05 9.9874E-05 9.9874E-05 9.9874E-05 9.9874E-05 9.9874E-05 9.9874E-05
9.98831E-05 9.98831E-05 9.98831E-05 0.0460042 9.98831E-05 9.98831E-05 9.98831E-05 9.98831E-05 0.311276 9.98831E-05 0.590661 9.98831E-05 0.0278565 9.98831E-05 9.98831E-05 9.98831E-05 0.0101523 9.98831E-05 0.012751
