9.98649E-05 9.98649E-05 9.98649E-05 0.933768 9.98649E-05 9.98649E-05 9.98649E-05 9.98649E-05 9.98649E-05 9.98649E-05 0.0127916 9.98649E-05 0.047973 9.98649E-05 0.00396916 9.98649E-05 9.98649E-05 9.98649E-05 9.98649E-05
9.98502E-05 9.98502E-05 9.98502E-05 9.98502E-05 9.98502E-05 0.685349 0.123598 9.98502E-05 9.98502E-05 9.98502E-05 9.98502E-05 9.98502E-05 9.98502E-05 9.98502E-05 0.0386367 0.150919 9.98502E-05 9.98502E-05 9.98502E-05
9.98382E-05 9.98382E-05 9.98382E-05 9.98382E-05 9.98382E-05 9.98382E-05 9.98382E-05 9.98382E-05 9.98382E-05 9.98382E-05 9.98382E-05 0.998203 9.98382E-05 9.98382E-05 9.98382E-05 9.98382E-05 9.98382E-05 9.98382E-05 9.98382E-05
9.98651E-05 9.98651E-05 0.0710074 9.98651E-05 9.98651E-05 9.98651E-05 0.890894 9.98651E-05 0.00745528 9.98651E-05 9.98651E-05 9.98651E-05 9.98651E-05 9.98651E-05 9.98651E-05 9.98651E-05 9.98651E-05 9.98651E-05 0.0291454
9.99101E-05 9.99101E-05 9.99101E-05 0.0223019 9.99101E-05 0.153668 0.32976 9.99101E-05 0.0912693 0.015499 9.99101E-05 0.0605912 0.103683 9.99101E-05 9.99101E-05 9.99101E-05 0.0808685 0.14136 9.99101E-05
9.98561E-05 9.98561E-05 9.98561E-05 9.98561E-05 9.98561E-05 9.98561E-05 0.979271 9.98561E-05 9.98561E-05 9.98561E-05 9.98561E-05 9.98561E-05 9.98561E-05 9.98561E-05 0.00581165 9.98561E-05 9.98561E-05 9.98561E-05 0.0133199
9.98382E-05 9.98382E-05 9.98382E-05 9.98382E-05 9.98382E-05 9.98382E-05 9.98382E-05 9.98382E-05 9.98382E-05 9.98382E-05 9.98382E-05 9.98382E-05 9.98382E-05 9.98382E-05 9.98382E-05 9.98382E-05 9.98382E-05 0.998203 9.98382E-05
9.99009E-05 9.99009E-05 0.0126965 9.99009E-05 0.401801 0.129141 0.0108106 9.99009E-05 0.0679596 9.99009E-05 9.99009E-05 0.0398279 0.0651087 9.99009E-05 9.99009E-05 9.99009E-05 0.271556 9.99009E-05 9.99009E-05
9.98561E-05 9.98561E-05 9.98561E-05 9.98561E-05 9.98561E-05 9.98561E-05 9.98561E-05 9.98561E-05 0.0302736 9.98561E-05 9.98561E-05 9.98561E-05 0.0159114 9.98561E-05 9.98561E-05 9.98561E-05 9.98561E-05 0.952217 9.98561E-05
9.98471E-05 9.98471E-05 9.98471E-05 9.98471E-05 9.98471E-05 9.98471E-05 9.98471E-05 9.98471E-05 9.98471E-05 9.98471E-05 9.98471E-05 9.98471E-05 0.953855 9.98471E-05 9.98471E-05 9.98471E-05 9.98471E-05 0.0444475 9.98471E-05
9.98471E-05 9.98471E-05 9.98471E-05 9.98471E-05 9.98471E-05 9.98471E-05 9.98471E-05 9.98471E-05 9.98471E-05 9.98471E-05 9.98471E-05 9.98471E-05 0.934212 9.98471E-05 9.98471E-05 9.98471E-05 9.98471E-05 0.0640908 9.98471E-05
0.117803 9.991E-05 0.0160702 0.686237 9.991E-05 9.991E-05 9.991E-05 0.00254687 9.991E-05 0.00910266 9.991E-05 0.0253155 9.991E-05 9.991E-05 0.0322632 9.991E-05 9.991E-05 0.0144991 0.0951634
0.922471 9.98743E-05 0.020004 9.98743E-05 0.00453419 9.98743E-05 9.98743E-05 9.98743E-05 9.98743E-05 9.98743E-05 9.98743E-05 9.98743E-05 9.98743E-05 9.98743E-05 9.98743E-05 9.98743E-05 0.0164924 0.0350998 9.98743E-05
9.98651E-05 9.98651E-05 9.98651E-05 9.98651E-05 9.98651E-05 0.0248518 0.941773 0.0193214 9.98651E-05 9.98651E-05 9.98651E-05 9.98651E-05 9.98651E-05 9.98651E-05 9.98651E-05 9.98651E-05 9.98651E-05 0.0125556 9.98651E-05
9.98741E-05 9.98741E-05 9.98741E-05 0.0171858 9.98741E-05 9.98741E-05 0.9499 0.00536603 9.98741E-05 9.98741E-05 0.0107267 9.98741E-05 9.98741E-05 9.98741E-05 9.98741E-05 0.015423 9.98741E-05 9.98741E-05 9.98741E-05
0.127704 0.718515 9.9865E-05 9.9865E-05 9.9865E-05 9.9865E-05 9.9865E-05 9.9865E-05 9.9865E-05 0.144396 9.9865E-05 9.9865E-05 0.00788653 9.9865E-05 9.9865E-05 9.9865E-05 9.9865E-05 9.9865E-05 9.9865E-05
9.98651E-05 9.98651E-05 9.98651E-05 9.98651E-05 9.98651E-05 9.98651E-05 9.98651E-05 0.00359231 9.98651E-05 9.98651E-05 9.98651E-05 9.98651E-05 0.0755215 0.00132256 0.918066 9.98651E-05 9.98651E-05 9.98651E-05 9.98651E-05
9.98648E-05 0.0143656 9.98648E-05 9.98648E-05 9.98648E-05 9.98648E-05 9.98648E-05 0.81698 9.98648E-05 9.98648E-05 9.98648E-05 9.98648E-05 0.0803827 9.98648E-05 9.98648E-05 0.0867737 9.98648E-05 9.98648E-05 9.98648E-05
9.98471E-05 9.98471E-05 9.98471E-05 9.98471E-05 9.98471E-05 9.98471E-05 9.98471E-05 9.98471E-05 9.98471E-05 9.98471E-05 9.98471E-05 9.98471E-05 9.98471E-05 0.960359 9.98471E-05 9.98471E-05 9.98471E-05 9.98471E-05 0.0379437
9.98737E-05 0.301684 9.98737E-05 0.0901681 9.98737E-05 9.98737E-05 9.98737E-05 9.98737E-05 9.98737E-05 0.166125 9.98737E-05 9.98737E-05 0.413794 9.98737E-05 9.98737E-05 9.98737E-05 9.98737E-05 9.98737E-05 0.0268303
9.98382E-05 9.98382E-05 9.98382E-05 9.98382E-05 9.98382E-05 9.98382E-05 9.98382E-05 0.998203 9.98382E-05 9.98382E-05 9.98382E-05 9.98382E-05 9.98382E-05 9.98382E-05 9.98382E-05 9.98382E-05 9.98382E-05 9.98382E-05 9.98382E-05
0.0462244 0.168437 9.9883E-05 0.425232 9.9883E-05 9.9883E-05 9.9883E-05 9.9883E-05 9.9883E-05 0.0293389 9.9883E-05 9.9883E-05 0.0436508 9.9883E-05 9.9883E-05 0.285818 9.9883E-05 9.9883E-05 9.9883E-05
9.98379E-05 9.98379E-05 9.98379E-05 9.98379E-05 9.98379E-05 9.98379E-05 9.98379E-05 9.98379E-05 9.98379E-05 9.98379E-05 0.998203 9.98379E-05 9.98379E-05 9.98379E-05 9.98379E-05 9.98379E-05 9.98379E-05 9.98379E-05 9.98379E-05
9.98649E-05 9.98649E-05 9.98649E-05 9.98649E-05 9.98649E-05 9.98649E-05 9.98649E-05 0.100878 9.98649E-05 0.00304839 0.258039 9.98649E-05 9.98649E-05 0.636537 9.98649E-05 9.98649E-05 9.98649E-05 9.98649E-05 9.98649E-05
9.98563E-05 9.98563E-05 0.732414 9.98563E-05 9.98563E-05 9.98563E-05 0.239854 9.98563E-05 9.98563E-05 9.98563E-05 9.98563E-05 0.0261341 9.98563E-05 9.98563E-05 9.98563E-05 9.98563E-05 9.98563E-05 9.98563E-05 9.98563E-05
9.98474E-05 9.98474E-05 0.307053 9.98474E-05 9.98474E-05 9.98474E-05 0.691249 9.98474E-05 9.98474E-05 9.98474E-05 9.98474E-05 9.98474E-05 9.98474E-05 9.98474E-05 9.98474E-05 9.98474E-05 9.98474E-05 9.98474E-05 9.98474E-05
0.799279 9.98828E-05 9.98828E-05 0.0537017 9.98828E-05 9.98828E-05 9.98828E-05 9.98828E-05 9.98828E-05 9.98828E-05 0.00470432 9.98828E-05 0.0648234 9.98828E-05 0.0416811 9.98828E-05 9.98828E-05 9.98828E-05 0.0345117
9.98472E-05 9.98472E-05 0.982464 9.98472E-05 9.98472E-05 9.98472E-05 9.98472E-05 9.98472E-05 0.015839 9.98472E-05 9.98472E-05 9.98472E-05 9.98472E-05 9.98472E-05 9.98472E-05 9.98472E-05 9.98472E-05 9.98472E-05 9.98472E-05
0.0129003 9.98472E-05 0.985402 9.98472E-05 9.98472E-05 9.98472E-05 9.98472E-05 9.98472E-05 9.98472E-05 9.98472E-05 9.98472E-05 9.98472E-05 9.98472E-05 9.98472E-05 9.98472E-05 9.98472E-05 9.98472E-05 9.98472E-05 9.98472E-05
9.99012E-05 9.99012E-05 0.227716 0.00523202 0.0267655 0.00322016 0.0935892 9.99012E-05 0.0909952 9.99012E-05 9.99012E-05 0.0633992 9.99012E-05 9.99012E-05 9.99012E-05 9.99012E-05 0.487984 9.99012E-05 9.99012E-05
9.98468E-05 9.98468E-05 9.98468E-05 9.98468E-05 9.98468E-05 9.98468E-05 0.0618158 9.98468E-05 9.98468E-05 9.98468E-05 9.98468E-05 9.98468E-05 9.98468E-05 9.98468E-05 9.98468E-05 9.98468E-05 0.936487 9.98468E-05 9.98468E-05
9.98385E-05 9.98385E-05 9.98385E-05 9.98385E-05 9.98385E-05 0.998203 9.98385E-05 9.98385E-05 9.98385E-05 9.98385E-05 9.98385E-05 9.98385E-05 9.98385E-05 9.98385E-05 9.98385E-05 9.98385E-05 9.98385E-05 9.98385E-05 9.98385E-05
9.98743E-05 0.000361501 0.36776 9.98743E-05 0.12882 9.98743E-05 0.493833 9.98743E-05 9.98743E-05 9.98743E-05 9.98743E-05 9.98743E-05 9.98743E-05 9.98743E-05 0.00782763 9.98743E-05 9.98743E-05 9.98743E-05 9.98743E-05
9.98832E-05 9.98832E-05 9.98832E-05 9.98832E-05 0.241538 0.02039 9.98832E-05 9.98832E-05 0.690177 9.98832E-05 9.98832E-05 0.0157197 9.98832E-05 9.98832E-05 9.98832E-05 9.98832E-05 0.0145897 9.98832E-05 0.0162881
0.502133 9.99007E-05 9.99007E-05 9.99007E-05 0.0257775 9.99007E-05 9.99007E-05 9.99007E-05 9.99007E-05 0.0612151 9.99007E-05 9.99007E-05 0.00987534 9.99007E-05 0.205032 0.0412958 0.0388094 9.99007E-05 0.114763
9.98738E-05 9.98738E-05 0.633825 9.98738E-05 0.0352514 9.98738E-05 0.301101 9.98738E-05 9.98738E-05 0.0109517 9.98738E-05 9.98738E-05 9.98738E-05 9.98738E-05 0.0174727 9.98738E-05 9.98738E-05 9.98738E-05 9.98738E-05
9.98741E-05 9.98741E-05 9.98741E-05 0.944907 9.98741E-05 9.98741E-05 0.0121372 9.98741E-05 9.98741E-05 0.00211915 9.98741E-05 0.033439 9.98741E-05 9.98741E-05 0.00599907 9.98741E-05 9.98741E-05 9.98741E-05 9.98741E-05
9.99009E-05 9.99009E-05 9.99009E-05 0.0183343 0.044025 0.153556 9.99009E-05 9.99009E-05 9.99009E-05 9.99009E-05 0.0572955 9.99009E-05 0.344617 0.00267669 0.0366416 0.341754 9.99009E-05 9.99009E-05 9.99009E-05
9.98561E-05 9.98561E-05 9.98561E-05 9.98561E-05 0.0217187 9.98561E-05 0.00277269 9.98561E-05 9.98561E-05 9.98561E-05 9.98561E-05 9.98561E-05 9.98561E-05 9.98561E-05 0.973911 9.98561E-05 9.98561E-05 9.98561E-05 9.98561E-05
9.98403E-05 9.98403E-05 9.98403E-05 9.98403E-05 9.98403E-05 9.98403E-05 0.0090043 9.98403E-05 9.98403E-05 9.98403E-05 9.98403E-05 9.98403E-05 9.98403E-05 9.98403E-05 0.00444371 0.984955 9.98403E-05 9.98403E-05 9.98403E-05
9.98379E-05 9.98379E-05 9.98379E-05 9.98379E-05 9.98379E-05 9.98379E-05 9.98379E-05 9.98379E-05 9.98379E-05 9.98379E-05 9.98379E-05 9.98379E-05 9.98379E-05 9.98379E-05 9.98379E-05 0.998203 9.98379E-05 9.98379E-05 9.98379E-05
0.0188962 9.98828E-05 9.98828E-05 0.0426492 9.98828E-05 9.98828E-05 9.98828E-05 9.98828E-05 9.98828E-05 9.98828E-05 9.98828E-05 9.98828E-05 0.744214 0.0195233 0.026541 0.146878 9.98828E-05 9.98828E-05 9.98828E-05
0.0112939 0.829533 9.98831E-05 0.0388255 9.98831E-05 9.98831E-05 9.98831E-05 9.98831E-05 9.98831E-05 9.98831E-05 9.98831E-05 9.98831E-05 9.98831E-05 0.0184281 9.98831E-05 0.0316124 9.98831E-05 0.0690088 9.98831E-05
9.9874E-05 9.9874E-05 0.000212707 0.0571703 9.9874E-05 9.9874E-05 9.9874E-05 9.9874E-05 9.9874E-05 0.0572115 9.9874E-05 9.9874E-05 0.871005 9.9874E-05 9.9874E-05 9.9874E-05 0.0130022 9.9874E-05 9.9874E-05
0.129934 9.99009E-05 9.99009E-05 9.99009E-05 9.99009E-05 0.00357287 9.99009E-05 9.99009E-05 9.99009E-05 0.217569 0.166757 9.99009E-05 0.0412983 0.0140206 9.99009E-05 0.369015 9.99009E-05 9.99009E-05 0.0567339
9.98831E-05 0.0715735 9.98831E-05 9.98831E-05 9.98831E-05 9.98831E-05 9.98831E-05 9.98831E-05 9.98831E-05 0.178108 9.98831E-05 9.98831E-05 0.13631 0.0196801 9.98831E-05 0.50546 0.0875694 9.98831E-05 9.98831E-05
0.106809 9.991E-05 9.991E-05 0.170947 9.991E-05 9.991E-05 0.0713081 9.991E-05 0.0298475 0.201901 9.991E-05 9.991E-05 0.211194 9.991E-05 0.145584 9.991E-05 0.0360191 0.025392 9.991E-05
9.98481E-05 9.98481E-05 9.98481E-05 0.967526 9.98481E-05 9.98481E-05 9.98481E-05 9.98481E-05 9.98481E-05 9.98481E-05 0.0307762 9.98481E-05 9.98481E-05 9.98481E-05 9.98481E-05 9.98481E-05 9.98481E-05 9.98481E-05 9.98481E-05
9.98473E-05 9.98473E-05 9.98473E-05 9.98473E-05 9.98473E-05 9.98473E-05 9.98473E-05 9.98473E-05 0.995209 9.98473E-05 9.98473E-05 0.003094 9.98473E-05 9.98473E-05 9.98473E-05 9.98473E-05 9.98473E-05 9.98473E-05 9.98473E-05
9.98472E-05 9.98472E-05 9.98472E-05 9.98472E-05 9.98472E-05 9.98472E-05 9.98472E-05 0.00876833 0.989534 9.98472E-05 9.98472E-05 9.98472E-05 9.98472E-05 9.98472E-05 9.98472E-05 9.98472E-05 9.98472E-05 9.98472E-05 9.98472E-05
9.98562E-05 9.98562E-05 9.98562E-05 9.98562E-05 9.98562E-05 9.98562E-05 9.98562E-05 9.98562E-05 0.97233 0.0211741 9.98562E-05 9.98562E-05 9.98562E-05 9.98562E-05 9.98562E-05 0.00489859 9.98562E-05 9.98562E-05 9.98562E-05
9.98384E-05 9.98384E-05 9.98384E-05 9.98384E-05 9.98384E-05 9.98384E-05 9.98384E-05 9.98384E-05 0.998203 9.98384E-05 9.98384E-05 9.98384E-05 9.98384E-05 9.98384E-05 9.98384E-05 9.98384E-05 9.98384E-05 9.98384E-05 9.98384E-05
9.98563E-05 9.98563E-05 9.98563E-05 9.98563E-05 0.00269131 9.98563E-05 9.98563E-05 9.98563E-05 0.995247 9.98563E-05 9.98563E-05 0.000463844 9.98563E-05 9.98563E-05 9.98563E-05 9.98563E-05 9.98563E-05 9.98563E-05 9.98563E-05
9.99012E-05 0.0681289 9.99012E-05 9.99012E-05 0.0934725 0.00816525 9.99012E-05 9.99012E-05 0.363799 9.99012E-05 0.0777704 9.99012E-05 0.00701862 9.99012E-05 9.99012E-05 9.99012E-05 0.334532 0.0460146 9.99012E-05
9.98652E-05 0.00991602 9.98652E-05 0.00637852 9.98652E-05 0.0518724 9.98652E-05 9.98652E-05 0.930335 9.98652E-05 9.98652E-05 9.98652E-05 9.98652E-05 9.98652E-05 9.98652E-05 9.98652E-05 9.98652E-05 9.98652E-05 9.98652E-05
9.98558E-05 0.144139 9.98558E-05 0.792185 9.98558E-05 9.98558E-05 9.98558E-05 9.98558E-05 9.98558E-05 0.0620776 9.98558E-05 9.98558E-05 9.98558E-05 9.98558E-05 9.98558E-05 9.98558E-05 9.98558E-05 9.98558E-05 9.98558E-05
9.98829E-05 9.98829E-05 0.00792155 9.98829E-05 9.98829E-05 0.904289 9.98829E-05 9.98829E-05 0.0524384 9.98829E-05 9.98829E-05 0.0103317 9.98829E-05 9.98829E-05 9.98829E-05 9.98829E-05 9.98829E-05 0.0219318 0.00178942
9.9874E-05 9.9874E-05 0.552234 9.9874E-05 0.00183437 9.9874E-05 0.423538 9.9874E-05 9.9874E-05 0.00552456 9.9874E-05 9.9874E-05 9.9874E-05 9.9874E-05 0.0154709 9.9874E-05 9.9874E-05 9.9874E-05 9.9874E-05
0.82241 0.0822762 9.9883E-05 0.017126 9.9883E-05 9.9883E-05 9.9883E-05 0.00960948 9.9883E-05 9.9883E-05 9.9883E-05 9.9883E-05 9.9883E-05 9.9883E-05 9.9883E-05 0.0479064 9.9883E-05 9.9883E-05 0.0193733
0.0323275 0.86582 9.98563E-05 9.98563E-05 9.98563E-05 9.98563E-05 9.98563E-05 9.98563E-05 9.98563E-05 0.100255 9.98563E-05 9.98563E-05 9.98563E-05 9.98563E-05 9.98563E-05 9.98563E-05 9.98563E-05 9.98563E-05 9.98563E-05
0.975356 9.98476E-05 9.98476E-05 9.98476E-05 9.98476E-05 9.98476E-05 9.98476E-05 9.98476E-05 9.98476E-05 9.98476E-05 9.98476E-05 9.98476E-05 9.98476E-05 9.98476E-05 9.98476E-05 9.98476E-05 9.98476E-05 0.0229463 9.98476E-05
0.89476 9.98778E-05 9.98778E-05 9.98778E-05 9.98778E-05 9.98778E-05 0.0027218 9.98778E-05 9.98778E-05 9.98778E-05 9.98778E-05 0.00701382 0.0914308 9.98778E-05 9.98778E-05 0.00267477 9.98778E-05 9.98778E-05 9.98778E-05
0.81117 9.98649E-05 9.98649E-05 9.98649E-05 9.98649E-05 9.98649E-05 9.98649E-05 9.98649E-05 9.98649E-05 0.00399393 9.98649E-05 9.98649E-05 0.133482 9.98649E-05 9.98649E-05 9.98649E-05 9.98649E-05 9.98649E-05 0.0498563
9.98472E-05 9.98472E-05 9.98472E-05 9.98472E-05 9.98472E-05 0.0190645 9.98472E-05 9.98472E-05 9.98472E-05 9.98472E-05 9.98472E-05 9.98472E-05 9.98472E-05 0.979238 9.98472E-05 9.98472E-05 9.98472E-05 9.98472E-05 9.98472E-05
9.98746E-05 9.98746E-05 0.726369 9.98746E-05 9.98746E-05 9.98746E-05 0.252299 9.98746E-05 9.98746E-05 9.98746E-05 9.98746E-05 0.000639233 9.98746E-05 9.98746E-05 9.98746E-05 9.98746E-05 0.00879828 9.98746E-05 0.0104956
0.0161198 0.0230474 0.0955074 0.155482 0.00820272 9.9946E-05 0.138784 9.9946E-05 0.11539 9.9946E-05 0.056464 9.9946E-05 0.121958 0.0526572 0.0598823 0.0049436 9.9946E-05 0.150963 9.9946E-05
0.000877919 9.98653E-05 9.98653E-05 9.98653E-05 0.105417 9.98653E-05 0.808047 9.98653E-05 9.98653E-05 9.98653E-05 9.98653E-05 0.0841599 9.98653E-05 9.98653E-05 9.98653E-05 9.98653E-05 9.98653E-05 9.98653E-05 9.98653E-05
9.9901E-05 9.9901E-05 0.332923 9.9901E-05 9.9901E-05 9.9901E-05 0.557035 9.9901E-05 0.00494425 0.00460699 9.9901E-05 0.00618799 9.9901E-05 9.9901E-05 0.0239691 9.9901E-05 0.0523126 0.0169216 9.9901E-05
9.98471E-05 0.024427 0.973876 9.98471E-05 9.98471E-05 9.98471E-05 9.98471E-05 9.98471E-05 9.98471E-05 9.98471E-05 9.98471E-05 9.98471E-05 9.98471E-05 9.98471E-05 9.98471E-05 9.98471E-05 9.98471E-05 9.98471E-05 9.98471E-05
9.98563E-05 0.00596868 0.98827 9.98563E-05 9.98563E-05 9.98563E-05 9.98563E-05 9.98563E-05 9.98563E-05 9.98563E-05 9.98563E-05 9.98563E-05 9.98563E-05 0.00416329 9.98563E-05 9.98563E-05 9.98563E-05 9.98563E-05 9.98563E-05
9.99012E-05 9.99012E-05 0.200139 0.012513 0.00474327 0.0127869 0.484091 9.99012E-05 9.99012E-05 9.99012E-05 9.99012E-05 9.99012E-05 0.0168731 9.99012E-05 9.99012E-05 0.0131473 0.254607 9.99012E-05 9.99012E-05
9.9865E-05 9.9865E-05 0.581975 9.9865E-05 9.9865E-05 9.9865E-05 0.395629 9.9865E-05 9.9865E-05 0.0100621 9.9865E-05 9.9865E-05 9.9865E-05 9.9865E-05 0.0108358 9.9865E-05 9.9865E-05 9.9865E-05 9.9865E-05
9.98471E-05 9.98471E-05 9.98471E-05 9.98471E-05 0.961848 9.98471E-05 9.98471E-05 9.98471E-05 0.0364542 9.98471E-05 9.98471E-05 9.98471E-05 9.98471E-05 9.98471E-05 9.98471E-05 9.98471E-05 9.98471E-05 9.98471E-05 9.98471E-05
9.98471E-05 9.98471E-05 9.98471E-05 9.98471E-05 0.966243 9.98471E-05 9.98471E-05 9.98471E-05 9.98471E-05 9.98471E-05 9.98471E-05 9.98471E-05 9.98471E-05 9.98471E-05 9.98471E-05 9.98471E-05 9.98471E-05 0.03206 9.98471E-05
9.98742E-05 0.0055916 0.052169 9.98742E-05 9.98742E-05 9.98742E-05 0.897794 9.98742E-05 0.0222976 9.98742E-05 9.98742E-05 0.0207492 9.98742E-05 9.98742E-05 9.98742E-05 9.98742E-05 9.98742E-05 9.98742E-05 9.98742E-05
9.9892E-05 0.962388 9.9892E-05 9.9892E-05 9.9892E-05 9.9892E-05 0.0271435 9.9892E-05 0.00652265 9.9892E-05 0.00171328 9.9892E-05 9.9892E-05 9.9892E-05 0.000158197 9.9892E-05 0.000146658 9.9892E-05 0.000728572
9.9856E-05 0.979757 9.9856E-05 9.9856E-05 0.00157382 9.9856E-05 9.9856E-05 9.9856E-05 0.0170716 9.9856E-05 9.9856E-05 9.9856E-05 9.9856E-05 9.9856E-05 9.9856E-05 9.9856E-05 9.9856E-05 9.9856E-05 9.9856E-05
9.98474E-05 9.98474E-05 9.98474E-05 9.98474E-05 9.98474E-05 9.98474E-05 9.98474E-05 9.98474E-05 9.98474E-05 9.98474E-05 9.98474E-05 9.98474E-05 9.98474E-05 9.98474E-05 9.98474E-05 0.0113414 9.98474E-05 9.98474E-05 0.986961
0.007775 9.98474E-05 9.98474E-05 9.98474E-05 9.98474E-05 9.98474E-05 9.98474E-05 9.98474E-05 9.98474E-05 9.98474E-05 9.98474E-05 9.98474E-05 9.98474E-05 9.98474E-05 9.98474E-05 9.98474E-05 9.98474E-05 9.98474E-05 0.990528
0.0162134 0.04598 9.98829E-05 9.98829E-05 0.0103515 0.0458485 9.98829E-05 9.98829E-05 9.98829E-05 9.98829E-05 9.98829E-05 9.98829E-05 0.494974 9.98829E-05 9.98829E-05 0.385334 9.98829E-05 9.98829E-05 9.98829E-05
0.0521816 0.0356036 9.98739E-05 9.98739E-05 9.98739E-05 0.0499233 9.98739E-05 9.98739E-05 9.98739E-05 9.98739E-05 9.98739E-05 9.98739E-05 0.481404 9.98739E-05 9.98739E-05 0.379489 9.98739E-05 9.98739E-05 9.98739E-05
9.98653E-05 0.0229248 9.98653E-05 9.98653E-05 9.98653E-05 9.98653E-05 9.98653E-05 9.98653E-05 9.98653E-05 9.98653E-05 0.00995917 9.98653E-05 0.00416137 9.98653E-05 9.98653E-05 9.98653E-05 9.98653E-05 9.98653E-05 0.961457
9.98384E-05 9.98384E-05 9.98384E-05 9.98384E-05 9.98384E-05 9.98384E-05 9.98384E-05 9.98384E-05 9.98384E-05 9.98384E-05 9.98384E-05 9.98384E-05 9.98384E-05 9.98384E-05 9.98384E-05 9.98384E-05 9.98384E-05 9.98384E-05 0.998203
0.0123493 0.0106283 9.98649E-05 0.947621 9.98649E-05 9.98649E-05 9.98649E-05 9.98649E-05 0.0279033 9.98649E-05 9.98649E-05 9.98649E-05 9.98649E-05 9.98649E-05 9.98649E-05 9.98649E-05 9.98649E-05 9.98649E-05 9.98649E-05
0.0871061 0.018608 9.9865E-05 9.9865E-05 9.9865E-05 9.9865E-05 9.9865E-05 9.9865E-05 9.9865E-05 9.9865E-05 9.9865E-05 9.9865E-05 9.9865E-05 9.9865E-05 9.9865E-05 0.787919 9.9865E-05 0.104869 9.9865E-05
0.00841864 9.98651E-05 9.98651E-05 9.98651E-05 9.98651E-05 0.945807 9.98651E-05 9.98651E-05 0.0220245 9.98651E-05 9.98651E-05 9.98651E-05 9.98651E-05 9.98651E-05 9.98651E-05 9.98651E-05 9.98651E-05 0.0222519 9.98651E-05
9.9847E-05 9.9847E-05 9.9847E-05 9.9847E-05 9.9847E-05 0.0103914 9.9847E-05 9.9847E-05 9.9847E-05 0.987911 9.9847E-05 9.9847E-05 9.9847E-05 9.9847E-05 9.9847E-05 9.9847E-05 9.9847E-05 9.9847E-05 9.9847E-05
0.028174 9.98831E-05 9.98831E-05 0.0245781 9.98831E-05 9.98831E-05 9.98831E-05 0.0355032 9.98831E-05 0.861789 9.98831E-05 9.98831E-05 9.98831E-05 9.98831E-05 0.0415335 9.98831E-05 9.98831E-05 9.98831E-05 0.00712411
9.98381E-05 9.98381E-05 9.98381E-05 9.98381E-05 9.98381E-05 9.98381E-05 9.98381E-05 9.98381E-05 9.98381E-05 9.98381E-05 9.98381E-05 9.98381E-05 9.98381E-05 9.98381E-05 9.98381E-05 9.98381E-05 0.998203 9.98381E-05 9.98381E-05
