9.99459E-05 9.99459E-05 9.99459E-05 9.99459E-05 9.99459E-05 0.0353919 0.964008 9.99459E-05
0.042826 0.428925 0.257346 9.99819E-05 0.0485267 0.038338 0.183839 9.99819E-05
0.0428702 0.0134118 0.827407 0.0819736 9.99733E-05 9.99733E-05 9.99733E-05 0.0340376
0.029034 9.9946E-05 0.970366 9.9946E-05 9.9946E-05 9.9946E-05 9.9946E-05 9.9946E-05
0.0128331 0.340013 0.39643 9.9982E-05 0.103285 0.108939 0.0383007 9.9982E-05
9.994E-05 9.994E-05 0.9993 9.994E-05 9.994E-05 9.994E-05 9.994E-05 9.994E-05
9.99459E-05 0.909097 9.99459E-05 0.0903034 9.99459E-05 9.99459E-05 9.99459E-05 9.99459E-05
0.000767231 0.287759 0.38878 9.9973E-05 0.257748 0.064646 9.9973E-05 9.9973E-05
9.99549E-05 0.932263 9.99549E-05 0.0660031 9.99549E-05 0.00123392 9.99549E-05 9.99549E-05
9.9946E-05 0.162477 9.9946E-05 9.9946E-05 9.9946E-05 0.836923 9.9946E-05 9.9946E-05
9.99461E-05 0.116499 9.99461E-05 9.99461E-05 9.99461E-05 0.882902 9.99461E-05 9.99461E-05
0.098969 9.9964E-05 0.0214961 0.192127 9.9964E-05 9.9964E-05 0.687008 9.9964E-05
9.994E-05 9.994E-05 9.994E-05 0.9993 9.994E-05 9.994E-05 9.994E-05 9.994E-05
0.0152253 9.9964E-05 0.956756 9.9964E-05 9.9964E-05 9.9964E-05 0.0150568 0.012562
9.9964E-05 9.9964E-05 0.96779 9.9964E-05 9.9964E-05 0.00522875 0.0171286 0.00945241
9.9973E-05 0.0508642 0.00653536 0.31106 9.9973E-05 0.525988 0.105252 9.9973E-05
0.330813 9.99641E-05 9.99641E-05 0.148798 9.99641E-05 0.45146 9.99641E-05 0.0685288
9.9973E-05 0.0390513 9.9973E-05 9.9973E-05 0.0517652 0.191903 0.0391891 0.677791
0.100713 9.9946E-05 9.9946E-05 9.9946E-05 9.9946E-05 9.9946E-05 9.9946E-05 0.898687
0.0575287 9.9964E-05 9.9964E-05 0.0466471 9.9964E-05 0.785119 0.110306 9.9964E-05
9.994E-05 9.994E-05 9.994E-05 9.994E-05 9.994E-05 9.994E-05 9.994E-05 0.9993
0.0104885 9.9973E-05 0.00798385 0.0989611 9.9973E-05 0.330649 0.551617 9.9973E-05
0.360548 9.99641E-05 9.99641E-05 9.99641E-05 0.0510402 0.189376 9.99641E-05 0.398636
0.0730664 9.99549E-05 9.99549E-05 9.99549E-05 9.99549E-05 0.0388887 9.99549E-05 0.887545
9.99461E-05 9.99461E-05 0.990333 9.99461E-05 0.00906782 9.99461E-05 9.99461E-05 9.99461E-05
9.99461E-05 9.99461E-05 0.995183 9.99461E-05 0.00421728 9.99461E-05 9.99461E-05 9.99461E-05
0.0385174 9.99639E-05 9.99639E-05 0.796575 9.99639E-05 0.0964855 0.0680219 9.99639E-05
9.9955E-05 0.0156698 0.929092 9.9955E-05 0.0547387 9.9955E-05 9.9955E-05 9.9955E-05
9.9964E-05 0.00178304 0.900321 0.0017259 0.0957707 9.9964E-05 9.9964E-05 9.9964E-05
0.0217928 9.99821E-05 0.746271 0.0208327 0.183077 9.99821E-05 0.00371349 0.0241123
0.033831 0.118836 0.680683 9.9964E-05 0.166251 9.9964E-05 9.9964E-05 9.9964E-05
0.0323207 0.494729 0.0493059 9.9973E-05 0.243597 9.9973E-05 0.179748 9.9973E-05
9.99461E-05 9.99461E-05 0.989057 9.99461E-05 9.99461E-05 9.99461E-05 0.0103436 9.99461E-05
9.99551E-05 0.0953227 0.108339 9.99551E-05 0.795839 9.99551E-05 9.99551E-05 9.99551E-05
0.158636 9.99639E-05 0.0625885 0.62961 9.99639E-05 0.148766 9.99639E-05 9.99639E-05
9.99549E-05 0.0165385 0.967164 0.0157974 9.99549E-05 9.99549E-05 9.99549E-05 9.99549E-05
9.9946E-05 9.9946E-05 0.0194935 9.9946E-05 9.9946E-05 9.9946E-05 0.979907 9.9946E-05
9.9982E-05 0.132558 0.052818 9.9982E-05 0.0190882 0.646521 0.1236 0.0252142
0.39391 9.9982E-05 0.144408 0.137744 9.9982E-05 0.244576 0.0237321 0.0554301
9.99549E-05 9.99549E-05 0.121269 9.99549E-05 9.99549E-05 0.656852 0.22138 9.99549E-05
0.0134011 9.99729E-05 0.0789273 9.99729E-05 9.99729E-05 0.619834 0.280309 0.00722955
9.994E-05 9.994E-05 9.994E-05 9.994E-05 9.994E-05 0.9993 9.994E-05 9.994E-05
9.99639E-05 0.211035 9.99639E-05 0.185424 9.99639E-05 0.479565 0.123575 9.99639E-05
9.994E-05 9.994E-05 9.994E-05 9.994E-05 9.994E-05 0.9993 9.994E-05 9.994E-05
0.116109 0.0370899 9.9991E-05 0.188866 0.0183534 0.529914 0.0127852 0.0967828
0.0214057 9.9982E-05 0.0831062 0.0613893 9.9982E-05 0.694106 0.130175 0.00961755
0.113396 0.0305793 0.108578 0.194024 0.0262434 0.286497 0.240581 9.9991E-05
9.99463E-05 9.99463E-05 9.99463E-05 9.99463E-05 9.99463E-05 9.99463E-05 0.979029 0.020371
9.994E-05 9.994E-05 9.994E-05 9.994E-05 0.9993 9.994E-05 9.994E-05 9.994E-05
9.994E-05 9.994E-05 9.994E-05 9.994E-05 0.9993 9.994E-05 9.994E-05 9.994E-05
9.9955E-05 9.9955E-05 9.9955E-05 0.0121895 0.959282 0.0280289 9.9955E-05 9.9955E-05
9.994E-05 9.994E-05 9.994E-05 9.994E-05 0.9993 9.994E-05 9.994E-05 9.994E-05
9.994E-05 9.994E-05 9.994E-05 9.994E-05 0.9993 9.994E-05 9.994E-05 9.994E-05
9.99731E-05 0.201265 0.222867 9.99731E-05 0.460195 0.0943534 9.99731E-05 0.02102
9.9946E-05 9.9946E-05 9.9946E-05 9.9946E-05 0.97041 9.9946E-05 0.0289907 9.9946E-05
9.99549E-05 9.99549E-05 9.99549E-05 0.0978446 9.99549E-05 0.0455126 0.856143 9.99549E-05
0.051642 0.552978 0.0897726 9.99729E-05 0.191837 9.99729E-05 0.11347 9.99729E-05
9.99459E-05 9.99459E-05 0.995173 9.99459E-05 9.99459E-05 9.99459E-05 0.00422742 9.99459E-05
0.0295059 9.9964E-05 9.9964E-05 0.872895 0.0257776 9.9964E-05 0.0714221 9.9964E-05
9.9973E-05 0.0652128 0.0412409 0.349206 9.9973E-05 0.39286 0.151181 9.9973E-05
9.99461E-05 0.0411675 9.99461E-05 0.958233 9.99461E-05 9.99461E-05 9.99461E-05 9.99461E-05
9.99459E-05 9.99459E-05 9.99459E-05 0.91012 9.99459E-05 0.0892808 9.99459E-05 9.99459E-05
0.0401622 9.99549E-05 9.99549E-05 0.866052 9.99549E-05 0.0932861 9.99549E-05 9.99549E-05
9.99551E-05 9.99551E-05 9.99551E-05 9.99551E-05 0.00984346 9.99551E-05 0.109381 0.880276
9.994E-05 9.994E-05 0.9993 9.994E-05 9.994E-05 9.994E-05 9.994E-05 9.994E-05
0.124254 0.125998 0.268506 0.139785 0.172832 0.0295693 0.111987 0.0270703
9.99462E-05 9.99462E-05 0.979549 0.0198517 9.99462E-05 9.99462E-05 9.99462E-05 9.99462E-05
9.9955E-05 9.9955E-05 0.940553 9.9955E-05 0.0154293 9.9955E-05 0.0435176 9.9955E-05
9.9964E-05 0.0263586 0.907833 0.0159335 0.0494751 9.9964E-05 9.9964E-05 9.9964E-05
9.9964E-05 0.0368197 0.935827 9.9964E-05 9.9964E-05 9.9964E-05 0.0185465 0.00840693
0.00924444 9.99641E-05 0.904616 9.99641E-05 9.99641E-05 0.0772319 0.00850755 9.99641E-05
9.994E-05 9.994E-05 0.9993 9.994E-05 9.994E-05 9.994E-05 9.994E-05 9.994E-05
9.99552E-05 0.295761 0.478619 9.99552E-05 0.22512 9.99552E-05 9.99552E-05 9.99552E-05
9.99642E-05 0.407993 0.476593 0.0280552 0.0869594 9.99642E-05 9.99642E-05 9.99642E-05
9.9964E-05 9.9964E-05 0.967482 0.000347044 0.0097243 0.0220464 9.9964E-05 9.9964E-05
0.0200677 0.180805 0.0764228 0.0789886 9.9982E-05 0.515951 0.127564 9.9982E-05
0.0169964 0.209418 0.0404084 0.125417 0.0217248 0.471637 0.114299 9.9991E-05
0.9993 9.994E-05 9.994E-05 9.994E-05 9.994E-05 9.994E-05 9.994E-05 9.994E-05
0.9993 9.994E-05 9.994E-05 9.994E-05 9.994E-05 9.994E-05 9.994E-05 9.994E-05
9.9964E-05 0.0409446 0.0100309 9.9964E-05 9.9964E-05 0.931988 0.0166371 9.9964E-05
9.9964E-05 0.0547943 9.9964E-05 0.0135577 9.9964E-05 0.916578 0.0146705 9.9964E-05
0.9993 9.994E-05 9.994E-05 9.994E-05 9.994E-05 9.994E-05 9.994E-05 9.994E-05
0.9993 9.994E-05 9.994E-05 9.994E-05 9.994E-05 9.994E-05 9.994E-05 9.994E-05
9.99459E-05 9.99459E-05 9.99459E-05 0.0381375 9.99459E-05 9.99459E-05 0.961263 9.99459E-05
9.99729E-05 0.18961 9.99729E-05 0.204621 9.99729E-05 0.510374 0.0305073 0.0645886
9.99639E-05 0.558477 0.0421998 9.99639E-05 0.273626 9.99639E-05 0.125297 9.99639E-05
0.216771 9.99731E-05 0.0579116 0.344404 9.99731E-05 0.279396 9.99731E-05 0.101218
0.293985 9.99641E-05 9.99641E-05 0.448217 9.99641E-05 9.99641E-05 0.185366 0.0720331
0.00573726 0.173863 0.595783 9.99731E-05 0.179211 9.99731E-05 9.99731E-05 0.0451059
