0.0465724 9.9973E-05 9.9973E-05 9.9973E-05 0.953128
0.0403336 9.9991E-05 0.335311 0.259972 0.364283
9.999E-05 0.0454333 0.784374 0.0531597 0.116933
0.0378434 9.9973E-05 0.961857 9.9973E-05 9.9973E-05
9.99821E-05 9.99821E-05 0.450378 0.305916 0.243506
9.997E-05 9.997E-05 0.9996 9.997E-05 9.997E-05
9.99822E-05 9.99822E-05 0.0198797 0.379942 0.599979
0.0503083 9.9991E-05 0.447831 0.476733 0.0250277
9.99821E-05 9.99821E-05 0.0416148 0.401573 0.556612
0.117618 9.9982E-05 9.9982E-05 0.163293 0.718889
0.100524 9.9982E-05 9.9982E-05 0.147113 0.752163
0.120019 9.9982E-05 0.0538504 9.9982E-05 0.825931
0.00325903 9.99821E-05 0.0664146 9.99821E-05 0.930126
0.0120573 0.0301383 0.957604 9.9982E-05 9.9982E-05
9.9982E-05 0.0110745 0.987814 9.9982E-05 0.00091117
0.0375519 9.9991E-05 0.0287616 0.0910248 0.842562
0.367333 0.0765878 0.00608635 9.9991E-05 0.549893
9.9982E-05 0.734037 9.9982E-05 0.0720404 0.193723
0.0565709 0.943129 9.9973E-05 9.9973E-05 9.9973E-05
0.1699 9.9973E-05 9.9973E-05 9.9973E-05 0.8298
9.997E-05 0.9996 9.997E-05 9.997E-05 9.997E-05
0.051904 9.9982E-05 0.00113663 9.9982E-05 0.946759
0.361048 0.437769 9.9991E-05 0.0982914 0.102791
0.0864171 0.913283 9.9973E-05 9.9973E-05 9.9973E-05
9.997E-05 9.997E-05 0.9996 9.997E-05 9.997E-05
9.997E-05 9.997E-05 0.9996 9.997E-05 9.997E-05
0.0752716 9.9973E-05 9.9973E-05 9.9973E-05 0.924429
9.9973E-05 9.9973E-05 0.921774 0.0779264 9.9973E-05
9.9973E-05 9.9973E-05 0.905775 0.0939247 9.9973E-05
0.0314856 0.0246141 0.696571 0.244517 0.00281266
0.047026 0.000922333 0.637083 0.314868 9.9991E-05
9.99821E-05 9.99821E-05 0.0971856 0.590328 0.312286
9.997E-05 9.997E-05 0.9996 9.997E-05 9.997E-05
9.9973E-05 9.9973E-05 0.0919112 0.907789 9.9973E-05
0.237882 9.9982E-05 0.0578272 9.9982E-05 0.704091
9.9973E-05 9.9973E-05 0.992138 9.9973E-05 0.00756195
0.0475074 9.99821E-05 0.0881039 9.99821E-05 0.864189
0.0341037 0.0354211 0.0211898 0.197883 0.711402
0.424376 0.061072 0.13598 9.9991E-05 0.378473
0.0787027 9.99819E-05 0.144118 9.99819E-05 0.776979
0.0986207 0.0121061 0.0788093 0.00623476 0.804229
0.105337 0.0236026 9.9991E-05 0.0260963 0.844864
9.9973E-05 9.9973E-05 9.9973E-05 0.0468115 0.952889
0.140269 0.00503207 9.9991E-05 0.0587509 0.795848
0.184322 0.117583 9.9991E-05 0.0352196 0.662775
0.114463 0.0443229 0.0518208 0.083595 0.705799
0.149105 9.9991E-05 0.108062 0.0486476 0.694086
0.0117347 0.0289396 9.99822E-05 9.99822E-05 0.959126
9.997E-05 9.997E-05 9.997E-05 0.9996 9.997E-05
9.997E-05 9.997E-05 9.997E-05 0.9996 9.997E-05
9.997E-05 9.997E-05 9.997E-05 0.9996 9.997E-05
9.997E-05 9.997E-05 9.997E-05 0.9996 9.997E-05
9.997E-05 9.997E-05 9.997E-05 0.9996 9.997E-05
9.9991E-05 0.0424836 0.219783 0.647264 0.0903697
0.000936339 9.9973E-05 9.9973E-05 0.998764 9.9973E-05
9.997E-05 9.997E-05 9.997E-05 9.997E-05 0.9996
9.9982E-05 9.9982E-05 0.111822 0.577455 0.310524
9.997E-05 9.997E-05 0.9996 9.997E-05 9.997E-05
0.0221484 0.00260136 0.00499793 9.9991E-05 0.970152
0.0108731 9.9982E-05 0.0903221 9.9982E-05 0.898605
9.99732E-05 0.0119506 9.99732E-05 9.99732E-05 0.987749
9.9973E-05 9.9973E-05 0.00122534 9.9973E-05 0.998475
0.0944433 0.015649 9.9982E-05 9.9982E-05 0.889708
9.99821E-05 0.913388 9.99821E-05 0.0122282 0.0741838
9.997E-05 9.997E-05 0.9996 9.997E-05 9.997E-05
0.033466 0.0601134 0.258849 0.26846 0.379112
9.99731E-05 9.99731E-05 0.984532 0.0151684 9.99731E-05
0.00321813 9.9991E-05 0.928765 0.043236 0.0246804
9.9973E-05 9.9973E-05 0.874975 0.124725 9.9973E-05
9.9982E-05 0.0111461 0.927027 0.0616274 9.9982E-05
0.023963 9.9982E-05 0.96333 9.9982E-05 0.0125072
9.997E-05 9.997E-05 0.9996 9.997E-05 9.997E-05
9.99732E-05 9.99732E-05 0.430187 0.569513 9.99732E-05
9.99911E-05 0.0179027 0.506215 0.393952 0.0818298
9.9982E-05 9.9982E-05 0.974283 0.00102445 0.0244928
0.0573832 9.9991E-05 0.069864 0.12113 0.751523
0.0593553 9.9991E-05 0.0856816 0.129746 0.725117
0.9996 9.997E-05 9.997E-05 9.997E-05 9.997E-05
0.9996 9.997E-05 9.997E-05 9.997E-05 9.997E-05
0.0945089 0.0120735 9.9991E-05 0.0921117 0.801206
0.0845267 0.00200039 9.9991E-05 0.108615 0.804758
0.9996 9.997E-05 9.997E-05 9.997E-05 9.997E-05
0.9996 9.997E-05 9.997E-05 9.997E-05 9.997E-05
9.9973E-05 9.9973E-05 9.9973E-05 0.0014573 0.998243
9.9991E-05 0.0642717 0.00533551 0.0647098 0.865583
9.9982E-05 9.9982E-05 0.0831601 0.624137 0.292503
0.289047 0.139206 0.059975 9.9991E-05 0.511672
0.324583 0.0785677 9.99821E-05 9.99821E-05 0.59665
0.0354433 0.0470593 0.588456 0.328942 9.9991E-05
