0.00206178 0.962593 9.9982E-05 9.9982E-05 0.0351448
0.316954 0.383061 0.286904 9.9991E-05 0.0129804
0.00356241 9.99911E-05 0.874167 0.0497028 0.0724674
9.9973E-05 9.9973E-05 0.96833 9.9973E-05 0.0313702
0.281256 0.251571 0.466972 9.99821E-05 9.99821E-05
9.9982E-05 0.0118959 0.987257 0.000646697 9.9982E-05
0.327207 0.592293 0.0803002 9.99821E-05 9.99821E-05
0.432934 0.0541754 0.461659 9.9991E-05 0.0511314
0.403708 0.547801 0.0482911 9.99821E-05 9.99821E-05
0.168568 0.695248 9.9982E-05 9.9982E-05 0.135985
0.113502 0.743939 9.9982E-05 9.9982E-05 0.142359
9.9982E-05 0.779372 0.0718771 9.9982E-05 0.148551
9.99821E-05 0.93019 0.0480838 0.0215259 9.99821E-05
9.999E-05 0.0170517 0.947943 0.0162972 0.0186078
9.9982E-05 0.000481475 0.968465 0.0308541 9.9982E-05
0.0569049 0.899681 0.0240605 9.9991E-05 0.0192536
9.9982E-05 0.514277 9.9982E-05 0.0823202 0.403203
0.0940256 0.13749 9.9982E-05 0.768285 9.9982E-05
9.9973E-05 9.9973E-05 9.9973E-05 0.89252 0.10718
9.9973E-05 0.83729 9.9973E-05 9.9973E-05 0.16241
9.997E-05 9.997E-05 9.997E-05 0.9996 9.997E-05
9.9982E-05 0.948498 0.00203751 9.9982E-05 0.0492641
0.0719594 0.110421 0.00883772 0.400817 0.407965
9.9973E-05 9.9973E-05 9.9973E-05 0.906738 0.0929622
0.00718171 9.9973E-05 0.992518 9.9973E-05 9.9973E-05
9.997E-05 9.997E-05 0.9996 9.997E-05 9.997E-05
9.9973E-05 0.925431 9.9973E-05 9.9973E-05 0.0742688
0.0613022 9.9973E-05 0.938398 9.9973E-05 9.9973E-05
0.0888293 9.9973E-05 0.910871 9.9973E-05 9.9973E-05
0.291427 9.99821E-05 0.672592 0.035781 9.99821E-05
0.29057 9.9982E-05 0.662004 9.9982E-05 0.047226
0.641259 0.273556 0.0849851 9.99821E-05 9.99821E-05
9.997E-05 9.997E-05 0.9996 9.997E-05 9.997E-05
0.911075 9.9973E-05 0.0886252 9.9973E-05 9.9973E-05
9.9982E-05 0.70153 0.0576742 9.9982E-05 0.240596
9.99729E-05 0.0249704 0.97473 9.99729E-05 9.99729E-05
9.99821E-05 0.909901 0.069695 9.99821E-05 0.0202043
0.212252 0.694776 9.9991E-05 0.0226368 0.0702356
9.9991E-05 0.362921 0.149628 0.0494016 0.437949
9.9991E-05 0.810577 0.134523 0.00178215 0.0530174
9.9991E-05 0.765624 0.109879 0.00700132 0.117396
0.0384278 0.832709 9.9991E-05 0.0170165 0.111747
0.0780483 0.921652 9.9973E-05 9.9973E-05 9.9973E-05
0.0890446 0.750594 9.9991E-05 0.0110502 0.149211
0.0405789 0.618625 9.9991E-05 0.100919 0.239777
0.0736052 0.707261 0.0582512 0.0473564 0.113526
0.0716452 0.658644 0.132685 9.9991E-05 0.136926
0.0315161 0.929587 9.99822E-05 0.0386974 9.99822E-05
0.9996 9.997E-05 9.997E-05 9.997E-05 9.997E-05
0.9996 9.997E-05 9.997E-05 9.997E-05 9.997E-05
0.998334 9.9973E-05 9.9973E-05 0.00136624 9.9973E-05
0.9996 9.997E-05 9.997E-05 9.997E-05 9.997E-05
0.9996 9.997E-05 9.997E-05 9.997E-05 9.997E-05
0.636886 0.0667234 0.260059 0.0362312 9.9991E-05
0.996911 9.9973E-05 9.9973E-05 9.9973E-05 0.00278899
9.997E-05 0.9996 9.997E-05 9.997E-05 9.997E-05
0.587317 0.332646 0.0798371 9.9982E-05 9.9982E-05
9.997E-05 9.997E-05 0.9996 9.997E-05 9.997E-05
9.99821E-05 0.934397 0.0208323 9.99821E-05 0.0445707
9.9973E-05 0.912476 0.0872244 9.9973E-05 9.9973E-05
9.99732E-05 0.961411 9.99732E-05 0.0382887 9.99732E-05
9.9982E-05 0.977793 0.0179715 9.9982E-05 0.00403519
9.9982E-05 0.866857 9.9982E-05 0.0238227 0.10912
0.0305142 0.0311603 9.9982E-05 0.938126 9.9982E-05
9.997E-05 9.997E-05 0.9996 9.997E-05 9.997E-05
0.183567 0.359032 0.304523 0.0247907 0.128087
9.99731E-05 0.00676506 0.992935 9.99731E-05 9.99731E-05
0.00805981 0.0477702 0.940753 9.9991E-05 0.00331652
0.050247 9.9973E-05 0.949453 9.9973E-05 9.9973E-05
0.0375094 9.9982E-05 0.956361 0.00593001 9.9982E-05
9.9982E-05 0.0599778 0.935315 9.9982E-05 0.00450689
9.997E-05 9.997E-05 0.9996 9.997E-05 9.997E-05
0.481397 9.99732E-05 0.518304 9.99732E-05 9.99732E-05
0.372199 0.0688801 0.548232 0.0105885 9.99911E-05
0.0130642 9.9982E-05 0.978303 0.00843305 9.9982E-05
0.0980926 0.746973 0.0818899 9.9991E-05 0.0729444
0.100926 0.749493 0.06703 9.9991E-05 0.0824504
9.997E-05 9.997E-05 9.997E-05 9.997E-05 0.9996
9.997E-05 9.997E-05 9.997E-05 9.997E-05 0.9996
0.14087 0.770204 9.9991E-05 0.00334425 0.0854818
0.104741 0.809131 9.9991E-05 0.00696675 0.0790615
9.997E-05 9.997E-05 9.997E-05 9.997E-05 0.9996
9.997E-05 9.997E-05 9.997E-05 9.997E-05 0.9996
0.0139815 0.985719 9.9973E-05 9.9973E-05 9.9973E-05
0.0348495 0.907985 0.00297588 0.0540892 9.9991E-05
0.635613 0.294928 0.0692588 9.9982E-05 9.9982E-05
9.9991E-05 0.487176 0.0912419 0.121563 0.299919
9.9991E-05 0.581248 0.0133131 0.0875711 0.317768
0.315557 9.9991E-05 0.613467 0.0529005 0.0179752
