0.0535131 9.98403E-05 9.98403E-05 9.98403E-05 9.98403E-05 9.98403E-05 9.98403E-05 9.98403E-05 9.98403E-05 9.98403E-05 9.98403E-05 9.98403E-05 9.98403E-05 9.98403E-05 0.942691 9.98403E-05 9.98403E-05 9.98403E-05 0.00219857
9.98649E-05 0.149466 9.98649E-05 9.98649E-05 9.98649E-05 9.98649E-05 9.98649E-05 0.675318 9.98649E-05 9.98649E-05 9.98649E-05 9.98649E-05 9.98649E-05 9.98649E-05 9.98649E-05 0.11132 0.0623972 9.98649E-05 9.98649E-05
9.98382E-05 9.98382E-05 9.98382E-05 9.98382E-05 9.98382E-05 9.98382E-05 9.98382E-05 9.98382E-05 9.98382E-05 0.998203 9.98382E-05 9.98382E-05 9.98382E-05 9.98382E-05 9.98382E-05 9.98382E-05 9.98382E-05 9.98382E-05 9.98382E-05
0.00450745 9.9892E-05 9.9892E-05 9.9892E-05 9.9892E-05 0.124188 9.9892E-05 9.9892E-05 9.9892E-05 0.00655411 0.0228412 0.0217391 9.9892E-05 9.9892E-05 9.9892E-05 0.814076 0.0048956 9.9892E-05 9.9892E-05
0.0135121 0.136927 9.99461E-05 0.145085 9.99461E-05 9.99461E-05 9.99461E-05 0.0303784 0.218829 0.0398392 0.0694111 0.0045172 9.99461E-05 0.0166067 0.0172634 0.304603 0.0019322 9.99461E-05 0.000496208
9.98471E-05 9.98471E-05 9.98471E-05 9.98471E-05 9.98471E-05 9.98471E-05 9.98471E-05 9.98471E-05 9.98471E-05 9.98471E-05 9.98471E-05 9.98471E-05 9.98471E-05 0.0126415 9.98471E-05 0.985661 9.98471E-05 9.98471E-05 9.98471E-05
9.98381E-05 9.98381E-05 9.98381E-05 9.98381E-05 9.98381E-05 9.98381E-05 9.98381E-05 9.98381E-05 0.998203 9.98381E-05 9.98381E-05 9.98381E-05 9.98381E-05 9.98381E-05 9.98381E-05 9.98381E-05 9.98381E-05 9.98381E-05 9.98381E-05
0.0910786 9.98828E-05 9.98828E-05 0.718258 9.98828E-05 9.98828E-05 9.98828E-05 0.0712777 9.98828E-05 0.0107452 0.0459864 9.98828E-05 9.98828E-05 9.98828E-05 9.98828E-05 0.0613559 9.98828E-05 9.98828E-05 9.98828E-05
9.9865E-05 9.9865E-05 9.9865E-05 9.9865E-05 9.9865E-05 9.9865E-05 9.9865E-05 0.0416822 0.948259 9.9865E-05 0.00357066 9.9865E-05 9.9865E-05 9.9865E-05 9.9865E-05 9.9865E-05 0.00499052 9.9865E-05 9.9865E-05
0.866443 9.98472E-05 9.98472E-05 9.98472E-05 9.98472E-05 9.98472E-05 9.98472E-05 9.98472E-05 0.131859 9.98472E-05 9.98472E-05 9.98472E-05 9.98472E-05 9.98472E-05 9.98472E-05 9.98472E-05 9.98472E-05 9.98472E-05 9.98472E-05
0.853039 9.98472E-05 9.98472E-05 9.98472E-05 9.98472E-05 9.98472E-05 9.98472E-05 9.98472E-05 0.145264 9.98472E-05 9.98472E-05 9.98472E-05 9.98472E-05 9.98472E-05 9.98472E-05 9.98472E-05 9.98472E-05 9.98472E-05 9.98472E-05
9.9892E-05 9.9892E-05 9.9892E-05 9.9892E-05 0.000666779 9.9892E-05 9.9892E-05 9.9892E-05 9.9892E-05 0.0350595 9.9892E-05 0.126261 0.0136314 9.9892E-05 0.689011 0.0160824 9.9892E-05 0.11809 9.9892E-05
9.98654E-05 9.98654E-05 9.98654E-05 0.0120045 9.98654E-05 0.0189715 9.98654E-05 9.98654E-05 9.98654E-05 9.98654E-05 9.98654E-05 9.98654E-05 0.0167851 9.98654E-05 9.98654E-05 9.98654E-05 9.98654E-05 0.950741 9.98654E-05
9.98652E-05 9.98652E-05 9.98652E-05 9.98652E-05 0.0134867 9.98652E-05 9.98652E-05 0.0268661 9.98652E-05 9.98652E-05 9.98652E-05 9.98652E-05 0.00496227 9.98652E-05 9.98652E-05 0.953187 9.98652E-05 9.98652E-05 9.98652E-05
9.98651E-05 0.0291994 9.98651E-05 9.98651E-05 0.0123029 9.98651E-05 9.98651E-05 9.98651E-05 9.98651E-05 9.98651E-05 9.98651E-05 9.98651E-05 9.98651E-05 9.98651E-05 0.00193837 0.955061 9.98651E-05 9.98651E-05 9.98651E-05
0.0168923 9.98649E-05 0.748279 9.98649E-05 9.98649E-05 9.98649E-05 9.98649E-05 9.98649E-05 9.98649E-05 9.98649E-05 9.98649E-05 9.98649E-05 0.156447 9.98649E-05 9.98649E-05 9.98649E-05 9.98649E-05 0.0768834 9.98649E-05
0.0593529 9.98561E-05 9.98561E-05 9.98561E-05 9.98561E-05 9.98561E-05 9.98561E-05 9.98561E-05 9.98561E-05 9.98561E-05 9.98561E-05 9.98561E-05 9.98561E-05 9.98561E-05 9.98561E-05 9.98561E-05 0.912406 9.98561E-05 0.0266432
0.0794917 0.0879916 9.98738E-05 9.98738E-05 0.811292 9.98738E-05 9.98738E-05 0.0100862 9.98738E-05 9.98738E-05 0.00974004 9.98738E-05 9.98738E-05 9.98738E-05 9.98738E-05 9.98738E-05 9.98738E-05 9.98738E-05 9.98738E-05
9.98562E-05 9.98562E-05 9.98562E-05 9.98562E-05 9.98562E-05 9.98562E-05 0.975309 9.98562E-05 9.98562E-05 9.98562E-05 9.98562E-05 9.98562E-05 9.98562E-05 0.0210055 9.98562E-05 9.98562E-05 9.98562E-05 0.00208791 9.98562E-05
0.461798 9.98828E-05 0.301224 9.98828E-05 9.98828E-05 9.98828E-05 9.98828E-05 9.98828E-05 9.98828E-05 9.98828E-05 9.98828E-05 0.0056188 0.152898 9.98828E-05 0.0575912 9.98828E-05 0.0195718 9.98828E-05 9.98828E-05
9.98471E-05 9.98471E-05 9.98471E-05 9.98471E-05 0.960412 9.98471E-05 0.0378903 9.98471E-05 9.98471E-05 9.98471E-05 9.98471E-05 9.98471E-05 9.98471E-05 9.98471E-05 9.98471E-05 9.98471E-05 9.98471E-05 9.98471E-05 9.98471E-05
0.0137836 0.242146 0.205185 9.99189E-05 9.99189E-05 9.99189E-05 0.00552723 0.00576149 9.99189E-05 9.99189E-05 9.99189E-05 9.99189E-05 0.00219429 9.99189E-05 0.456792 9.99189E-05 0.0303821 0.0368523 0.000476501
9.98381E-05 9.98381E-05 9.98381E-05 9.98381E-05 9.98381E-05 9.98381E-05 9.98381E-05 9.98381E-05 9.98381E-05 9.98381E-05 9.98381E-05 9.98381E-05 9.98381E-05 9.98381E-05 9.98381E-05 9.98381E-05 9.98381E-05 9.98381E-05 0.998203
0.00029158 9.98561E-05 9.98561E-05 9.98561E-05 9.98561E-05 9.98561E-05 0.912157 9.98561E-05 9.98561E-05 9.98561E-05 9.98561E-05 9.98561E-05 9.98561E-05 9.98561E-05 9.98561E-05 9.98561E-05 9.98561E-05 9.98561E-05 0.0859533
9.98563E-05 9.98563E-05 9.98563E-05 9.98563E-05 9.98563E-05 0.6559 9.98563E-05 9.98563E-05 9.98563E-05 0.0128892 9.98563E-05 9.98563E-05 9.98563E-05 9.98563E-05 9.98563E-05 0.329613 9.98563E-05 9.98563E-05 9.98563E-05
9.98472E-05 9.98472E-05 9.98472E-05 9.98472E-05 9.98472E-05 0.181619 9.98472E-05 9.98472E-05 9.98472E-05 9.98472E-05 9.98472E-05 9.98472E-05 9.98472E-05 9.98472E-05 9.98472E-05 0.816684 9.98472E-05 9.98472E-05 9.98472E-05
0.0414192 9.98828E-05 9.98828E-05 9.98828E-05 9.98828E-05 9.98828E-05 9.98828E-05 9.98828E-05 9.98828E-05 9.98828E-05 9.98828E-05 0.0394269 9.98828E-05 9.98828E-05 0.0394937 9.98828E-05 0.0495446 0.816525 0.0122922
9.98383E-05 9.98383E-05 9.98383E-05 9.98383E-05 9.98383E-05 0.998203 9.98383E-05 9.98383E-05 9.98383E-05 9.98383E-05 9.98383E-05 9.98383E-05 9.98383E-05 9.98383E-05 9.98383E-05 9.98383E-05 9.98383E-05 9.98383E-05 9.98383E-05
9.98382E-05 9.98382E-05 9.98382E-05 9.98382E-05 9.98382E-05 0.998203 9.98382E-05 9.98382E-05 9.98382E-05 9.98382E-05 9.98382E-05 9.98382E-05 9.98382E-05 9.98382E-05 9.98382E-05 9.98382E-05 9.98382E-05 9.98382E-05 9.98382E-05
9.98833E-05 9.98833E-05 9.98833E-05 0.299334 9.98833E-05 0.199043 9.98833E-05 9.98833E-05 9.98833E-05 9.98833E-05 0.135147 0.0165872 9.98833E-05 0.0425305 9.98833E-05 0.30606 9.98833E-05 9.98833E-05 9.98833E-05
9.99009E-05 9.99009E-05 9.99009E-05 0.593235 9.99009E-05 0.0477491 9.99009E-05 9.99009E-05 9.99009E-05 9.99009E-05 0.0423167 0.0300428 0.0236413 9.99009E-05 9.99009E-05 0.248058 0.00174534 9.99009E-05 0.0121133
9.98385E-05 9.98385E-05 9.98385E-05 9.98385E-05 9.98385E-05 9.98385E-05 9.98385E-05 0.998203 9.98385E-05 9.98385E-05 9.98385E-05 9.98385E-05 9.98385E-05 9.98385E-05 9.98385E-05 9.98385E-05 9.98385E-05 9.98385E-05 9.98385E-05
9.98562E-05 9.98562E-05 9.98562E-05 0.189533 9.98562E-05 0.247065 9.98562E-05 9.98562E-05 9.98562E-05 9.98562E-05 9.98562E-05 9.98562E-05 9.98562E-05 9.98562E-05 9.98562E-05 0.561805 9.98562E-05 9.98562E-05 9.98562E-05
9.98743E-05 9.98743E-05 9.98743E-05 0.297238 9.98743E-05 9.98743E-05 9.98743E-05 0.00166306 0.016624 9.98743E-05 0.682361 9.98743E-05 9.98743E-05 9.98743E-05 9.98743E-05 9.98743E-05 9.98743E-05 0.000715794 9.98743E-05
9.98917E-05 0.0583368 9.98917E-05 0.0616943 9.98917E-05 9.98917E-05 9.98917E-05 9.98917E-05 9.98917E-05 9.98917E-05 9.98917E-05 0.108505 0.0275088 9.98917E-05 0.0269187 9.98917E-05 0.199511 0.516327 9.98917E-05
9.98739E-05 0.00667551 9.98739E-05 9.98739E-05 9.98739E-05 0.580043 9.98739E-05 9.98739E-05 0.00221032 9.98739E-05 9.98739E-05 9.98739E-05 0.0249469 9.98739E-05 9.98739E-05 0.384726 9.98739E-05 9.98739E-05 9.98739E-05
9.98651E-05 9.98651E-05 9.98651E-05 0.00327611 9.98651E-05 9.98651E-05 9.98651E-05 9.98651E-05 9.98651E-05 0.0358864 9.98651E-05 9.98651E-05 9.98651E-05 9.98651E-05 0.957429 0.00191092 9.98651E-05 9.98651E-05 9.98651E-05
0.558942 0.0214809 9.99099E-05 9.99099E-05 9.99099E-05 9.99099E-05 9.99099E-05 0.183545 9.99099E-05 0.0206253 0.0218182 9.99099E-05 9.99099E-05 0.0155785 0.114817 9.99099E-05 0.0246845 9.99099E-05 0.0375098
9.98472E-05 9.98472E-05 9.98472E-05 9.98472E-05 9.98472E-05 9.98472E-05 9.98472E-05 9.98472E-05 9.98472E-05 9.98472E-05 9.98472E-05 9.98472E-05 9.98472E-05 9.98472E-05 9.98472E-05 0.0216471 0.976655 9.98472E-05 9.98472E-05
9.9856E-05 0.983142 9.9856E-05 9.9856E-05 9.9856E-05 9.9856E-05 9.9856E-05 9.9856E-05 9.9856E-05 9.9856E-05 9.9856E-05 9.9856E-05 9.9856E-05 9.9856E-05 9.9856E-05 0.00935625 0.00590403 9.9856E-05 9.9856E-05
9.98381E-05 0.998203 9.98381E-05 9.98381E-05 9.98381E-05 9.98381E-05 9.98381E-05 9.98381E-05 9.98381E-05 9.98381E-05 9.98381E-05 9.98381E-05 9.98381E-05 9.98381E-05 9.98381E-05 9.98381E-05 9.98381E-05 9.98381E-05 9.98381E-05
0.88431 0.0906946 9.9883E-05 9.9883E-05 9.9883E-05 9.9883E-05 0.0119592 9.9883E-05 9.9883E-05 9.9883E-05 9.9883E-05 9.9883E-05 0.0050145 9.9883E-05 0.00560544 9.9883E-05 0.00111798 9.9883E-05 9.9883E-05
0.033767 0.0687286 0.766085 9.991E-05 0.00124006 9.991E-05 0.00420277 9.991E-05 0.0753629 9.991E-05 9.991E-05 9.991E-05 9.991E-05 0.00957693 0.00167956 9.991E-05 9.991E-05 0.0383577 9.991E-05
0.912946 9.9865E-05 9.9865E-05 9.9865E-05 9.9865E-05 9.9865E-05 9.9865E-05 9.9865E-05 9.9865E-05 9.9865E-05 0.00111681 9.9865E-05 0.0791004 9.9865E-05 9.9865E-05 9.9865E-05 0.00533842 9.9865E-05 9.9865E-05
0.276117 0.139628 0.0130747 9.99188E-05 9.99188E-05 9.99188E-05 0.0539601 0.0413313 9.99188E-05 9.99188E-05 9.99188E-05 0.00406113 0.139298 9.99188E-05 0.00394647 9.99188E-05 9.99188E-05 0.152402 0.175282
0.336272 0.170322 0.0970746 0.0247791 9.99099E-05 9.99099E-05 9.99099E-05 9.99099E-05 9.99099E-05 0.00446499 9.99099E-05 9.99099E-05 0.136027 0.0752516 0.0677889 0.0870207 9.99099E-05 9.99099E-05 9.99099E-05
0.194975 9.99279E-05 9.99279E-05 9.99279E-05 9.99279E-05 0.0450862 9.99279E-05 9.99279E-05 0.0400945 0.00510153 0.0544661 9.99279E-05 0.310289 0.0199325 0.200945 0.0224469 0.0828266 0.0230378 9.99279E-05
9.9857E-05 9.9857E-05 9.9857E-05 9.9857E-05 9.9857E-05 9.9857E-05 9.9857E-05 9.9857E-05 9.9857E-05 9.9857E-05 9.9857E-05 9.9857E-05 9.9857E-05 0.0212611 0.964411 9.9857E-05 9.9857E-05 9.9857E-05 0.0127298
9.98383E-05 9.98383E-05 9.98383E-05 9.98383E-05 9.98383E-05 9.98383E-05 9.98383E-05 9.98383E-05 9.98383E-05 9.98383E-05 0.998203 9.98383E-05 9.98383E-05 9.98383E-05 9.98383E-05 9.98383E-05 9.98383E-05 9.98383E-05 9.98383E-05
9.98383E-05 9.98383E-05 9.98383E-05 9.98383E-05 9.98383E-05 9.98383E-05 9.98383E-05 9.98383E-05 9.98383E-05 9.98383E-05 0.998203 9.98383E-05 9.98383E-05 9.98383E-05 9.98383E-05 9.98383E-05 9.98383E-05 9.98383E-05 9.98383E-05
0.0089963 0.00202637 0.0051074 9.98742E-05 9.98742E-05 0.0170935 9.98742E-05 9.98742E-05 9.98742E-05 9.98742E-05 0.965378 9.98742E-05 9.98742E-05 9.98742E-05 9.98742E-05 9.98742E-05 9.98742E-05 9.98742E-05 9.98742E-05
9.98384E-05 9.98384E-05 9.98384E-05 9.98384E-05 9.98384E-05 9.98384E-05 9.98384E-05 9.98384E-05 9.98384E-05 9.98384E-05 0.998203 9.98384E-05 9.98384E-05 9.98384E-05 9.98384E-05 9.98384E-05 9.98384E-05 9.98384E-05 9.98384E-05
9.98383E-05 9.98383E-05 9.98383E-05 9.98383E-05 9.98383E-05 9.98383E-05 9.98383E-05 9.98383E-05 9.98383E-05 9.98383E-05 0.998203 9.98383E-05 9.98383E-05 9.98383E-05 9.98383E-05 9.98383E-05 9.98383E-05 9.98383E-05 9.98383E-05
9.98744E-05 9.98744E-05 0.104364 0.438348 9.98744E-05 9.98744E-05 9.98744E-05 0.0130325 9.98744E-05 9.98744E-05 0.369281 9.98744E-05 9.98744E-05 9.98744E-05 9.98744E-05 9.98744E-05 9.98744E-05 9.98744E-05 0.0735767
9.98562E-05 9.98562E-05 0.0134416 9.98562E-05 9.98562E-05 9.98562E-05 9.98562E-05 0.066992 9.98562E-05 9.98562E-05 0.917969 9.98562E-05 9.98562E-05 9.98562E-05 9.98562E-05 9.98562E-05 9.98562E-05 9.98562E-05 9.98562E-05
9.98559E-05 9.98559E-05 0.149472 9.98559E-05 9.98559E-05 9.98559E-05 9.98559E-05 9.98559E-05 9.98559E-05 9.98559E-05 9.98559E-05 9.98559E-05 0.0550405 9.98559E-05 0.79389 9.98559E-05 9.98559E-05 9.98559E-05 9.98559E-05
9.98739E-05 9.98739E-05 9.98739E-05 9.98739E-05 9.98739E-05 0.0327019 9.98739E-05 0.846115 0.0362019 9.98739E-05 0.0779183 0.00566508 9.98739E-05 9.98739E-05 9.98739E-05 9.98739E-05 9.98739E-05 9.98739E-05 9.98739E-05
9.98559E-05 0.0016301 9.98559E-05 9.98559E-05 9.98559E-05 0.441299 9.98559E-05 9.98559E-05 9.98559E-05 9.98559E-05 9.98559E-05 9.98559E-05 9.98559E-05 9.98559E-05 9.98559E-05 0.555473 9.98559E-05 9.98559E-05 9.98559E-05
9.98742E-05 0.101404 9.98742E-05 9.98742E-05 0.000231019 9.98742E-05 9.98742E-05 9.98742E-05 9.98742E-05 9.98742E-05 0.00606308 0.0173532 9.98742E-05 9.98742E-05 9.98742E-05 9.98742E-05 9.98742E-05 0.87355 9.98742E-05
9.98564E-05 9.98564E-05 0.92317 9.98564E-05 9.98564E-05 9.98564E-05 9.98564E-05 9.98564E-05 9.98564E-05 9.98564E-05 9.98564E-05 9.98564E-05 0.0648083 9.98564E-05 9.98564E-05 9.98564E-05 9.98564E-05 0.0104238 9.98564E-05
9.98566E-05 9.98566E-05 9.98566E-05 9.98566E-05 9.98566E-05 9.98566E-05 9.98566E-05 9.98566E-05 0.00542527 0.0122664 9.98566E-05 9.98566E-05 9.98566E-05 9.98566E-05 9.98566E-05 9.98566E-05 9.98566E-05 0.980711 9.98566E-05
0.134019 0.00246741 9.9865E-05 9.9865E-05 9.9865E-05 9.9865E-05 9.9865E-05 9.9865E-05 9.9865E-05 9.9865E-05 9.9865E-05 9.9865E-05 9.9865E-05 9.9865E-05 0.000446198 9.9865E-05 9.9865E-05 0.86157 9.9865E-05
0.114325 0.00359439 9.98829E-05 9.98829E-05 9.98829E-05 9.98829E-05 0.0152498 9.98829E-05 9.98829E-05 9.98829E-05 9.98829E-05 0.0318117 0.0255017 9.98829E-05 9.98829E-05 9.98829E-05 9.98829E-05 0.808219 9.98829E-05
9.98383E-05 9.98383E-05 9.98383E-05 9.98383E-05 9.98383E-05 9.98383E-05 9.98383E-05 9.98383E-05 9.98383E-05 9.98383E-05 9.98383E-05 9.98383E-05 9.98383E-05 0.998203 9.98383E-05 9.98383E-05 9.98383E-05 9.98383E-05 9.98383E-05
9.98567E-05 9.98567E-05 9.98567E-05 9.98567E-05 9.98567E-05 0.706556 9.98567E-05 9.98567E-05 9.98567E-05 0.00527002 9.98567E-05 9.98567E-05 9.98567E-05 9.98567E-05 9.98567E-05 0.286576 9.98567E-05 9.98567E-05 9.98567E-05
0.129326 0.155519 9.99369E-05 9.99369E-05 9.99369E-05 0.141949 0.107383 0.0254658 0.135847 9.99369E-05 0.0439652 9.99369E-05 9.99369E-05 0.00664931 0.104088 0.0588926 0.0830402 0.00717655 9.99369E-05
9.98744E-05 9.98744E-05 0.0251598 9.98744E-05 9.98744E-05 0.053236 9.98744E-05 9.98744E-05 9.98744E-05 0.135496 0.0173112 9.98744E-05 9.98744E-05 9.98744E-05 9.98744E-05 0.767399 9.98744E-05 9.98744E-05 9.98744E-05
9.9892E-05 0.0306726 9.9892E-05 0.00308042 9.9892E-05 0.221116 9.9892E-05 9.9892E-05 0.0230254 9.9892E-05 0.00632104 9.9892E-05 9.9892E-05 9.9892E-05 9.9892E-05 0.706825 0.00776116 9.9892E-05 9.9892E-05
9.98562E-05 9.98562E-05 0.0117755 9.98562E-05 9.98562E-05 0.985623 9.98562E-05 9.98562E-05 9.98562E-05 9.98562E-05 9.98562E-05 9.98562E-05 9.98562E-05 9.98562E-05 9.98562E-05 9.98562E-05 9.98562E-05 9.98562E-05 0.00100335
9.98473E-05 9.98473E-05 9.98473E-05 9.98473E-05 9.98473E-05 0.980623 9.98473E-05 0.0176792 9.98473E-05 9.98473E-05 9.98473E-05 9.98473E-05 9.98473E-05 9.98473E-05 9.98473E-05 9.98473E-05 9.98473E-05 9.98473E-05 9.98473E-05
9.98922E-05 0.0045915 9.98922E-05 0.129336 9.98922E-05 0.135611 9.98922E-05 0.0114418 9.98922E-05 9.98922E-05 9.98922E-05 9.98922E-05 0.0185648 9.98922E-05 0.0190483 0.680208 9.98922E-05 9.98922E-05 9.98922E-05
9.9883E-05 0.00200838 9.9883E-05 0.00765087 9.9883E-05 0.442476 9.9883E-05 9.9883E-05 9.9883E-05 9.9883E-05 9.9883E-05 9.9883E-05 0.0234684 9.9883E-05 9.9883E-05 0.522953 0.00014511 9.9883E-05 9.9883E-05
9.9847E-05 9.9847E-05 9.9847E-05 0.997812 9.9847E-05 9.9847E-05 9.9847E-05 9.9847E-05 9.9847E-05 9.9847E-05 0.000490612 9.9847E-05 9.9847E-05 9.9847E-05 9.9847E-05 9.9847E-05 9.9847E-05 9.9847E-05 9.9847E-05
9.98472E-05 9.98472E-05 9.98472E-05 0.962333 9.98472E-05 9.98472E-05 9.98472E-05 9.98472E-05 9.98472E-05 9.98472E-05 9.98472E-05 9.98472E-05 9.98472E-05 9.98472E-05 9.98472E-05 9.98472E-05 9.98472E-05 0.0359698 9.98472E-05
9.98921E-05 9.98921E-05 0.0123231 9.98921E-05 0.00629768 0.0839071 9.98921E-05 9.98921E-05 9.98921E-05 0.00601899 0.0401254 9.98921E-05 9.98921E-05 9.98921E-05 9.98921E-05 0.845889 9.98921E-05 9.98921E-05 0.00423948
9.9874E-05 9.9874E-05 0.915942 0.00715347 9.9874E-05 9.9874E-05 9.9874E-05 9.9874E-05 9.9874E-05 9.9874E-05 9.9874E-05 0.0267041 9.9874E-05 9.9874E-05 9.9874E-05 0.00584114 0.0429608 9.9874E-05 9.9874E-05
9.9856E-05 9.9856E-05 0.984101 9.9856E-05 9.9856E-05 9.9856E-05 9.9856E-05 0.0114813 0.00281959 9.9856E-05 9.9856E-05 9.9856E-05 9.9856E-05 9.9856E-05 9.9856E-05 9.9856E-05 9.9856E-05 9.9856E-05 9.9856E-05
9.98474E-05 9.98474E-05 9.98474E-05 9.98474E-05 9.98474E-05 9.98474E-05 9.98474E-05 9.98474E-05 9.98474E-05 9.98474E-05 9.98474E-05 0.998131 9.98474E-05 9.98474E-05 0.000171681 9.98474E-05 9.98474E-05 9.98474E-05 9.98474E-05
9.98474E-05 9.98474E-05 9.98474E-05 9.98474E-05 0.00767547 9.98474E-05 9.98474E-05 9.98474E-05 9.98474E-05 9.98474E-05 9.98474E-05 0.990627 9.98474E-05 9.98474E-05 9.98474E-05 9.98474E-05 9.98474E-05 9.98474E-05 9.98474E-05
0.797493 0.0799741 0.0167799 9.98829E-05 0.000845994 9.98829E-05 9.98829E-05 0.0461212 9.98829E-05 9.98829E-05 9.98829E-05 9.98829E-05 9.98829E-05 9.98829E-05 9.98829E-05 9.98829E-05 9.98829E-05 0.0574877 9.98829E-05
0.788378 0.051216 0.0811945 9.9883E-05 0.00230415 9.9883E-05 9.9883E-05 0.0376967 9.9883E-05 9.9883E-05 9.9883E-05 9.9883E-05 9.9883E-05 9.9883E-05 9.9883E-05 9.9883E-05 9.9883E-05 0.0379124 9.9883E-05
9.98742E-05 9.98742E-05 0.0134151 0.0112505 9.98742E-05 9.98742E-05 9.98742E-05 9.98742E-05 9.98742E-05 9.98742E-05 9.98742E-05 0.955603 9.98742E-05 9.98742E-05 9.98742E-05 9.98742E-05 0.00610258 9.98742E-05 0.0122305
9.98563E-05 0.00509873 9.98563E-05 9.98563E-05 9.98563E-05 9.98563E-05 9.98563E-05 9.98563E-05 9.98563E-05 9.98563E-05 9.98563E-05 0.99083 9.98563E-05 9.98563E-05 0.00247381 9.98563E-05 9.98563E-05 9.98563E-05 9.98563E-05
9.98739E-05 9.98739E-05 0.0230667 9.98739E-05 9.98739E-05 9.98739E-05 9.98739E-05 0.0144618 9.98739E-05 9.98739E-05 0.000128551 9.98739E-05 9.98739E-05 9.98739E-05 0.92982 9.98739E-05 9.98739E-05 0.0311245 9.98739E-05
9.9874E-05 0.71308 0.0547037 9.9874E-05 9.9874E-05 9.9874E-05 0.0218178 9.9874E-05 0.127785 9.9874E-05 9.9874E-05 9.9874E-05 9.9874E-05 9.9874E-05 9.9874E-05 9.9874E-05 9.9874E-05 0.0812155 9.9874E-05
9.9865E-05 9.9865E-05 9.9865E-05 9.9865E-05 9.9865E-05 9.9865E-05 9.9865E-05 0.906657 0.048711 9.9865E-05 0.0330581 9.9865E-05 0.0100757 9.9865E-05 9.9865E-05 9.9865E-05 9.9865E-05 9.9865E-05 9.9865E-05
9.9847E-05 9.9847E-05 9.9847E-05 9.9847E-05 9.9847E-05 9.9847E-05 9.9847E-05 9.9847E-05 9.9847E-05 9.9847E-05 9.9847E-05 9.9847E-05 0.964486 9.9847E-05 9.9847E-05 9.9847E-05 9.9847E-05 9.9847E-05 0.033817
9.9865E-05 9.9865E-05 9.9865E-05 9.9865E-05 0.0224138 9.9865E-05 9.9865E-05 9.9865E-05 9.9865E-05 9.9865E-05 9.9865E-05 9.9865E-05 0.87352 9.9865E-05 0.0410343 9.9865E-05 0.0615335 9.9865E-05 9.9865E-05
9.99011E-05 9.99011E-05 9.99011E-05 0.636417 0.0243476 0.261221 9.99011E-05 9.99011E-05 9.99011E-05 9.99011E-05 0.00071893 0.000686302 9.99011E-05 0.00381064 9.99011E-05 0.0222616 9.99011E-05 9.99011E-05 0.049438
