0.0172623 9.98738E-05 9.98738E-05 9.98738E-05 9.98738E-05 9.98738E-05 0.934358 0.00645886 9.98738E-05 9.98738E-05 9.98738E-05 9.98738E-05 9.98738E-05 9.98738E-05 9.98738E-05 0.0390871 0.00143518 9.98738E-05 9.98738E-05
9.98649E-05 9.98649E-05 9.98649E-05 9.98649E-05 0.118178 9.98649E-05 9.98649E-05 9.98649E-05 9.98649E-05 9.98649E-05 0.682287 9.98649E-05 9.98649E-05 0.170016 9.98649E-05 0.0280214 9.98649E-05 9.98649E-05 9.98649E-05
9.99109E-05 9.99109E-05 9.99109E-05 0.061294 0.785186 0.0376641 9.99109E-05 0.0188758 0.0189404 9.99109E-05 9.99109E-05 9.99109E-05 0.039213 9.99109E-05 9.99109E-05 9.99109E-05 0.0219982 0.0152563 0.000572778
9.9874E-05 9.9874E-05 9.9874E-05 9.9874E-05 0.874875 0.00952152 9.9874E-05 0.0327671 9.9874E-05 0.0584339 9.9874E-05 9.9874E-05 9.9874E-05 9.9874E-05 0.0230041 9.9874E-05 9.9874E-05 9.9874E-05 9.9874E-05
9.99012E-05 9.99012E-05 0.00649518 9.99012E-05 0.297095 0.0581902 9.99012E-05 9.99012E-05 9.99012E-05 9.99012E-05 0.138905 9.99012E-05 9.99012E-05 0.123037 0.178533 0.00137625 9.99012E-05 0.19527 9.99012E-05
9.9865E-05 9.9865E-05 0.00521626 9.9865E-05 0.936067 9.9865E-05 9.9865E-05 9.9865E-05 9.9865E-05 9.9865E-05 9.9865E-05 0.00894709 9.9865E-05 9.9865E-05 0.0482714 9.9865E-05 9.9865E-05 9.9865E-05 9.9865E-05
9.98382E-05 9.98382E-05 9.98382E-05 9.98382E-05 9.98382E-05 9.98382E-05 9.98382E-05 9.98382E-05 9.98382E-05 9.98382E-05 9.98382E-05 9.98382E-05 9.98382E-05 9.98382E-05 9.98382E-05 9.98382E-05 9.98382E-05 0.998203 9.98382E-05
0.0746783 9.99099E-05 9.99099E-05 9.99099E-05 0.00745413 0.0200047 9.99099E-05 0.00746913 9.99099E-05 0.00679437 0.131949 9.99099E-05 0.392245 9.99099E-05 0.330369 9.99099E-05 9.99099E-05 9.99099E-05 0.028037
9.98561E-05 9.98561E-05 9.98561E-05 9.98561E-05 9.98561E-05 9.98561E-05 9.98561E-05 9.98561E-05 9.98561E-05 9.98561E-05 0.0341293 9.98561E-05 9.98561E-05 9.98561E-05 9.98561E-05 9.98561E-05 9.98561E-05 0.961093 0.00318021
0.896011 9.98472E-05 9.98472E-05 9.98472E-05 9.98472E-05 9.98472E-05 9.98472E-05 9.98472E-05 9.98472E-05 9.98472E-05 9.98472E-05 9.98472E-05 9.98472E-05 9.98472E-05 9.98472E-05 9.98472E-05 9.98472E-05 0.102292 9.98472E-05
0.87473 9.98472E-05 9.98472E-05 9.98472E-05 9.98472E-05 9.98472E-05 9.98472E-05 9.98472E-05 9.98472E-05 9.98472E-05 9.98472E-05 9.98472E-05 9.98472E-05 9.98472E-05 9.98472E-05 9.98472E-05 9.98472E-05 0.123572 9.98472E-05
9.98831E-05 9.98831E-05 0.0597183 0.10226 9.98831E-05 9.98831E-05 0.632844 0.104209 9.98831E-05 9.98831E-05 9.98831E-05 9.98831E-05 0.0183769 0.0812934 9.98831E-05 9.98831E-05 9.98831E-05 9.98831E-05 9.98831E-05
9.98565E-05 9.98565E-05 9.98565E-05 0.960788 9.98565E-05 9.98565E-05 9.98565E-05 9.98565E-05 9.98565E-05 9.98565E-05 9.98565E-05 9.98565E-05 0.0149009 9.98565E-05 9.98565E-05 9.98565E-05 9.98565E-05 0.0227133 9.98565E-05
9.9865E-05 9.9865E-05 0.0113614 9.9865E-05 0.949864 9.9865E-05 9.9865E-05 9.9865E-05 0.0177571 9.9865E-05 0.0195194 9.9865E-05 9.9865E-05 9.9865E-05 9.9865E-05 9.9865E-05 9.9865E-05 9.9865E-05 9.9865E-05
0.0180822 9.98831E-05 9.98831E-05 9.98831E-05 0.960589 0.00453547 0.00802797 9.98831E-05 9.98831E-05 9.98831E-05 9.98831E-05 0.00699585 9.98831E-05 0.000470877 9.98831E-05 9.98831E-05 9.98831E-05 9.98831E-05 9.98831E-05
0.0230398 0.722642 0.143719 0.109102 9.9865E-05 9.9865E-05 9.9865E-05 9.9865E-05 9.9865E-05 9.9865E-05 9.9865E-05 9.9865E-05 9.9865E-05 9.9865E-05 9.9865E-05 9.9865E-05 9.9865E-05 9.9865E-05 9.9865E-05
0.0474931 9.98471E-05 9.98471E-05 9.98471E-05 9.98471E-05 9.98471E-05 9.98471E-05 9.98471E-05 9.98471E-05 9.98471E-05 9.98471E-05 9.98471E-05 9.98471E-05 9.98471E-05 9.98471E-05 0.950809 9.98471E-05 9.98471E-05 9.98471E-05
0.0444412 9.98919E-05 9.98919E-05 9.98919E-05 9.98919E-05 0.00532326 9.98919E-05 9.98919E-05 0.120897 9.98919E-05 0.0158484 0.444606 9.98919E-05 0.1243 9.98919E-05 9.98919E-05 0.243386 9.98919E-05 9.98919E-05
9.98562E-05 9.98562E-05 9.98562E-05 9.98562E-05 9.98562E-05 9.98562E-05 9.98562E-05 0.048562 0.917528 9.98562E-05 9.98562E-05 9.98562E-05 9.98562E-05 9.98562E-05 9.98562E-05 9.98562E-05 0.032312 9.98562E-05 9.98562E-05
0.427275 0.302236 0.187411 9.98738E-05 9.98738E-05 9.98738E-05 0.0723519 0.009328 9.98738E-05 9.98738E-05 9.98738E-05 9.98738E-05 9.98738E-05 9.98738E-05 9.98738E-05 9.98738E-05 9.98738E-05 9.98738E-05 9.98738E-05
9.98473E-05 9.98473E-05 9.98473E-05 9.98473E-05 9.98473E-05 9.98473E-05 9.98473E-05 9.98473E-05 0.99435 9.98473E-05 9.98473E-05 9.98473E-05 0.00395263 9.98473E-05 9.98473E-05 9.98473E-05 9.98473E-05 9.98473E-05 9.98473E-05
0.0240428 0.228792 9.98919E-05 0.0435593 9.98919E-05 9.98919E-05 0.43457 9.98919E-05 9.98919E-05 9.98919E-05 9.98919E-05 0.00522328 9.98919E-05 0.211379 9.98919E-05 0.0512352 9.98919E-05 9.98919E-05 9.98919E-05
0.0673867 9.98737E-05 9.98737E-05 9.98737E-05 9.98737E-05 9.98737E-05 9.98737E-05 0.0972753 9.98737E-05 9.98737E-05 9.98737E-05 9.98737E-05 9.98737E-05 9.98737E-05 9.98737E-05 0.172855 0.552577 9.98737E-05 0.108507
9.98303E-05 9.98303E-05 9.98303E-05 9.98303E-05 9.98303E-05 9.98303E-05 9.98303E-05 9.98303E-05 9.98303E-05 9.98303E-05 9.98303E-05 9.98303E-05 9.98303E-05 9.98303E-05 9.98303E-05 9.98303E-05 0.998203 9.98303E-05 9.98303E-05
9.98743E-05 9.98743E-05 9.98743E-05 9.98743E-05 0.468618 0.00428392 9.98743E-05 9.98743E-05 9.98743E-05 0.507627 9.98743E-05 9.98743E-05 0.0167146 9.98743E-05 9.98743E-05 9.98743E-05 9.98743E-05 9.98743E-05 0.0013579
9.98562E-05 9.98562E-05 9.98562E-05 9.98562E-05 0.894889 9.98562E-05 9.98562E-05 9.98562E-05 9.98562E-05 0.101795 9.98562E-05 9.98562E-05 9.98562E-05 9.98562E-05 9.98562E-05 9.98562E-05 9.98562E-05 9.98562E-05 0.00171828
0.045458 0.00470139 9.98829E-05 0.830988 9.98829E-05 9.98829E-05 0.0620601 0.0262634 9.98829E-05 9.98829E-05 9.98829E-05 9.98829E-05 9.98829E-05 9.98829E-05 9.98829E-05 0.0292305 9.98829E-05 9.98829E-05 9.98829E-05
9.98562E-05 9.98562E-05 0.00718357 9.98562E-05 0.0212592 9.98562E-05 9.98562E-05 9.98562E-05 9.98562E-05 0.96996 9.98562E-05 9.98562E-05 9.98562E-05 9.98562E-05 9.98562E-05 9.98562E-05 9.98562E-05 9.98562E-05 9.98562E-05
9.98382E-05 9.98382E-05 9.98382E-05 9.98382E-05 9.98382E-05 9.98382E-05 9.98382E-05 9.98382E-05 9.98382E-05 0.998203 9.98382E-05 9.98382E-05 9.98382E-05 9.98382E-05 9.98382E-05 9.98382E-05 9.98382E-05 9.98382E-05 9.98382E-05
9.98921E-05 9.98921E-05 9.98921E-05 9.98921E-05 0.102637 0.012911 0.0123082 9.98921E-05 9.98921E-05 0.0993474 9.98921E-05 0.0332588 9.98921E-05 0.0108692 0.72747 9.98921E-05 9.98921E-05 9.98921E-05 9.98921E-05
9.98559E-05 9.98559E-05 9.98559E-05 9.98559E-05 0.085083 9.98559E-05 9.98559E-05 9.98559E-05 9.98559E-05 9.98559E-05 9.98559E-05 9.98559E-05 0.0100967 9.98559E-05 0.903223 9.98559E-05 9.98559E-05 9.98559E-05 9.98559E-05
9.98385E-05 9.98385E-05 9.98385E-05 9.98385E-05 9.98385E-05 9.98385E-05 9.98385E-05 9.98385E-05 9.98385E-05 9.98385E-05 0.998203 9.98385E-05 9.98385E-05 9.98385E-05 9.98385E-05 9.98385E-05 9.98385E-05 9.98385E-05 9.98385E-05
9.98607E-05 9.98607E-05 9.98607E-05 9.98607E-05 0.66803 9.98607E-05 9.98607E-05 9.98607E-05 9.98607E-05 0.166005 9.98607E-05 9.98607E-05 0.164367 9.98607E-05 9.98607E-05 9.98607E-05 9.98607E-05 9.98607E-05 9.98607E-05
9.98653E-05 9.98653E-05 9.98653E-05 9.98653E-05 9.98653E-05 0.692365 9.98653E-05 9.98653E-05 9.98653E-05 9.98653E-05 0.00411025 9.98653E-05 0.231737 9.98653E-05 0.0702899 9.98653E-05 9.98653E-05 9.98653E-05 9.98653E-05
9.98917E-05 9.98917E-05 9.98917E-05 0.514523 9.98917E-05 9.98917E-05 0.00257769 0.0831549 9.98917E-05 9.98917E-05 9.98917E-05 9.98917E-05 9.98917E-05 0.0807869 0.0416511 0.226642 9.98917E-05 9.98917E-05 0.0494658
9.98829E-05 9.98829E-05 0.00531959 9.98829E-05 0.454551 9.98829E-05 9.98829E-05 9.98829E-05 9.98829E-05 0.461759 9.98829E-05 9.98829E-05 0.0418001 0.0132291 0.0220434 9.98829E-05 9.98829E-05 9.98829E-05 9.98829E-05
9.98562E-05 9.98562E-05 9.98562E-05 9.98562E-05 9.98562E-05 9.98562E-05 0.947686 9.98562E-05 9.98562E-05 9.98562E-05 9.98562E-05 9.98562E-05 0.0491165 9.98562E-05 9.98562E-05 0.00159954 9.98562E-05 9.98562E-05 9.98562E-05
0.611158 9.9892E-05 9.9892E-05 9.9892E-05 9.9892E-05 9.9892E-05 0.0556175 9.9892E-05 9.9892E-05 9.9892E-05 0.175403 0.0251254 0.0544684 0.0529807 9.9892E-05 0.0240479 9.9892E-05 9.9892E-05 9.9892E-05
9.98471E-05 9.98471E-05 9.98471E-05 9.98471E-05 9.98471E-05 9.98471E-05 9.98471E-05 9.98471E-05 9.98471E-05 9.98471E-05 9.98471E-05 9.98471E-05 0.0299417 9.98471E-05 9.98471E-05 0.968361 9.98471E-05 9.98471E-05 9.98471E-05
9.9847E-05 9.9847E-05 9.9847E-05 9.9847E-05 0.014274 9.9847E-05 9.9847E-05 9.9847E-05 9.9847E-05 9.9847E-05 9.9847E-05 9.9847E-05 9.9847E-05 0.984029 9.9847E-05 9.9847E-05 9.9847E-05 9.9847E-05 9.9847E-05
0.00243402 9.9856E-05 9.9856E-05 9.9856E-05 9.9856E-05 9.9856E-05 0.00274309 9.9856E-05 9.9856E-05 9.9856E-05 9.9856E-05 9.9856E-05 9.9856E-05 0.993225 9.9856E-05 9.9856E-05 9.9856E-05 9.9856E-05 9.9856E-05
0.903668 9.98651E-05 0.0181285 9.98651E-05 9.98651E-05 9.98651E-05 0.0136418 9.98651E-05 9.98651E-05 9.98651E-05 9.98651E-05 9.98651E-05 9.98651E-05 0.0630641 9.98651E-05 9.98651E-05 9.98651E-05 9.98651E-05 9.98651E-05
9.9883E-05 0.831629 9.9883E-05 0.0412108 9.9883E-05 9.9883E-05 0.027652 9.9883E-05 9.9883E-05 9.9883E-05 9.9883E-05 9.9883E-05 9.9883E-05 0.0189519 9.9883E-05 9.9883E-05 0.0221123 0.0571459 9.9883E-05
0.870898 9.98829E-05 0.0979626 9.98829E-05 9.98829E-05 0.000498739 0.021076 9.98829E-05 9.98829E-05 0.00545441 9.98829E-05 9.98829E-05 9.98829E-05 9.98829E-05 9.98829E-05 0.00281216 9.98829E-05 9.98829E-05 9.98829E-05
0.268408 0.0121915 0.0956391 0.144815 9.99097E-05 9.99097E-05 0.0274978 0.0547415 9.99097E-05 9.99097E-05 0.0639253 9.99097E-05 9.99097E-05 0.133292 9.99097E-05 9.99097E-05 0.198491 9.99097E-05 9.99097E-05
0.394138 0.0393977 0.119865 9.9928E-05 9.9928E-05 9.9928E-05 0.0252856 9.9928E-05 9.9928E-05 0.00253466 0.0386207 0.0646833 0.0227848 0.23389 0.0413481 9.9928E-05 9.9928E-05 9.9928E-05 0.0166521
0.223363 9.9928E-05 0.15235 0.069803 0.00865028 0.0149982 0.167968 0.00382167 9.9928E-05 9.9928E-05 9.9928E-05 9.9928E-05 9.9928E-05 0.0525402 0.132439 0.125099 9.9928E-05 0.0481687 9.9928E-05
9.9857E-05 9.9857E-05 9.9857E-05 9.9857E-05 9.9857E-05 9.9857E-05 0.975465 9.9857E-05 9.9857E-05 9.9857E-05 9.9857E-05 0.0225113 9.9857E-05 9.9857E-05 9.9857E-05 9.9857E-05 0.000426416 9.9857E-05 9.9857E-05
9.98473E-05 9.98473E-05 9.98473E-05 9.98473E-05 9.98473E-05 0.982567 9.98473E-05 9.98473E-05 9.98473E-05 9.98473E-05 9.98473E-05 9.98473E-05 9.98473E-05 9.98473E-05 9.98473E-05 9.98473E-05 9.98473E-05 9.98473E-05 0.0157358
9.98652E-05 9.98652E-05 9.98652E-05 9.98652E-05 9.98652E-05 0.981574 9.98652E-05 9.98652E-05 9.98652E-05 9.98652E-05 9.98652E-05 0.00725982 9.98652E-05 0.000328265 9.98652E-05 0.00933997 9.98652E-05 9.98652E-05 9.98652E-05
0.0104385 9.98473E-05 9.98473E-05 9.98473E-05 9.98473E-05 0.987864 9.98473E-05 9.98473E-05 9.98473E-05 9.98473E-05 9.98473E-05 9.98473E-05 9.98473E-05 9.98473E-05 9.98473E-05 9.98473E-05 9.98473E-05 9.98473E-05 9.98473E-05
9.98384E-05 9.98384E-05 9.98384E-05 9.98384E-05 9.98384E-05 0.998203 9.98384E-05 9.98384E-05 9.98384E-05 9.98384E-05 9.98384E-05 9.98384E-05 9.98384E-05 9.98384E-05 9.98384E-05 9.98384E-05 9.98384E-05 9.98384E-05 9.98384E-05
9.98474E-05 9.98474E-05 9.98474E-05 9.98474E-05 9.98474E-05 0.989846 9.98474E-05 9.98474E-05 9.98474E-05 9.98474E-05 9.98474E-05 9.98474E-05 9.98474E-05 9.98474E-05 0.00845619 9.98474E-05 9.98474E-05 9.98474E-05 9.98474E-05
9.98382E-05 9.98382E-05 9.98382E-05 9.98382E-05 9.98382E-05 9.98382E-05 9.98382E-05 9.98382E-05 9.98382E-05 9.98382E-05 9.98382E-05 9.98382E-05 9.98382E-05 9.98382E-05 9.98382E-05 9.98382E-05 9.98382E-05 9.98382E-05 0.998203
9.98652E-05 9.98652E-05 0.00300842 9.98652E-05 9.98652E-05 0.934819 9.98652E-05 9.98652E-05 9.98652E-05 9.98652E-05 0.0566093 9.98652E-05 9.98652E-05 9.98652E-05 9.98652E-05 0.00406557 9.98652E-05 9.98652E-05 9.98652E-05
9.98649E-05 0.151496 0.0754421 9.98649E-05 9.98649E-05 9.98649E-05 0.763887 9.98649E-05 9.98649E-05 9.98649E-05 9.98649E-05 9.98649E-05 9.98649E-05 9.98649E-05 9.98649E-05 9.98649E-05 9.98649E-05 0.00767603 9.98649E-05
9.98683E-05 9.98683E-05 9.98683E-05 9.98683E-05 9.98683E-05 9.98683E-05 9.98683E-05 9.98683E-05 9.98683E-05 0.0156482 0.920616 9.98683E-05 9.98683E-05 9.98683E-05 9.98683E-05 9.98683E-05 9.98683E-05 0.0498705 0.0123674
9.98558E-05 9.98558E-05 9.98558E-05 9.98558E-05 0.622579 9.98558E-05 9.98558E-05 9.98558E-05 9.98558E-05 0.341312 9.98558E-05 9.98558E-05 9.98558E-05 0.0345117 9.98558E-05 9.98558E-05 9.98558E-05 9.98558E-05 9.98558E-05
9.98831E-05 0.0377607 9.98831E-05 0.829379 9.98831E-05 0.00480954 9.98831E-05 0.0267524 0.00802914 9.98831E-05 9.98831E-05 9.98831E-05 9.98831E-05 0.0919708 9.98831E-05 9.98831E-05 9.98831E-05 9.98831E-05 9.98831E-05
9.98653E-05 0.872631 0.112342 0.00837958 9.98653E-05 9.98653E-05 9.98653E-05 9.98653E-05 9.98653E-05 9.98653E-05 9.98653E-05 9.98653E-05 0.00514934 9.98653E-05 9.98653E-05 9.98653E-05 9.98653E-05 9.98653E-05 9.98653E-05
9.98475E-05 9.98475E-05 9.98475E-05 0.975977 9.98475E-05 9.98475E-05 9.98475E-05 9.98475E-05 9.98475E-05 9.98475E-05 9.98475E-05 9.98475E-05 9.98475E-05 9.98475E-05 9.98475E-05 9.98475E-05 9.98475E-05 0.0223251 9.98475E-05
0.0942978 9.98559E-05 9.98559E-05 0.883062 9.98559E-05 9.98559E-05 9.98559E-05 9.98559E-05 9.98559E-05 9.98559E-05 9.98559E-05 9.98559E-05 9.98559E-05 0.0210425 9.98559E-05 9.98559E-05 9.98559E-05 9.98559E-05 9.98559E-05
0.0531793 9.98649E-05 0.0321229 0.867037 9.98649E-05 9.98649E-05 9.98649E-05 0.0461624 9.98649E-05 9.98649E-05 9.98649E-05 9.98649E-05 9.98649E-05 9.98649E-05 9.98649E-05 9.98649E-05 9.98649E-05 9.98649E-05 9.98649E-05
9.98377E-05 9.98377E-05 9.98377E-05 9.98377E-05 9.98377E-05 9.98377E-05 9.98377E-05 9.98377E-05 9.98377E-05 9.98377E-05 9.98377E-05 0.998203 9.98377E-05 9.98377E-05 9.98377E-05 9.98377E-05 9.98377E-05 9.98377E-05 9.98377E-05
9.98566E-05 9.98566E-05 9.98566E-05 9.98566E-05 0.373 9.98566E-05 9.98566E-05 0.0068482 9.98566E-05 0.618554 9.98566E-05 9.98566E-05 9.98566E-05 9.98566E-05 9.98566E-05 9.98566E-05 9.98566E-05 9.98566E-05 9.98566E-05
0.144462 0.197527 9.99281E-05 0.0797713 0.146665 0.147134 9.99281E-05 0.0209826 0.0593261 9.99281E-05 0.0967142 9.99281E-05 0.0212228 9.99281E-05 9.99281E-05 9.99281E-05 9.99281E-05 0.0123884 0.0730079
9.98565E-05 0.0128097 9.98565E-05 9.98565E-05 0.92265 9.98565E-05 9.98565E-05 9.98565E-05 9.98565E-05 9.98565E-05 9.98565E-05 9.98565E-05 0.0629422 9.98565E-05 9.98565E-05 9.98565E-05 9.98565E-05 9.98565E-05 9.98565E-05
9.9892E-05 9.9892E-05 9.9892E-05 9.9892E-05 0.792677 0.00461538 9.9892E-05 9.9892E-05 9.9892E-05 0.0790229 9.9892E-05 9.9892E-05 9.9892E-05 0.0176468 0.0769111 0.0265036 9.9892E-05 0.00142457 9.9892E-05
9.98473E-05 0.0213894 9.98473E-05 9.98473E-05 9.98473E-05 9.98473E-05 9.98473E-05 9.98473E-05 9.98473E-05 0.976913 9.98473E-05 9.98473E-05 9.98473E-05 9.98473E-05 9.98473E-05 9.98473E-05 9.98473E-05 9.98473E-05 9.98473E-05
9.98563E-05 0.00300755 9.98563E-05 9.98563E-05 9.98563E-05 9.98563E-05 9.98563E-05 9.98563E-05 9.98563E-05 0.992927 9.98563E-05 9.98563E-05 9.98563E-05 9.98563E-05 9.98563E-05 9.98563E-05 0.00246771 9.98563E-05 9.98563E-05
9.98921E-05 9.98921E-05 0.00750753 9.98921E-05 0.601267 9.98921E-05 0.0104762 9.98921E-05 9.98921E-05 0.0328609 0.00334751 9.98921E-05 9.98921E-05 0.0337229 0.309619 9.98921E-05 9.98921E-05 9.98921E-05 9.98921E-05
9.98919E-05 9.98919E-05 0.0216303 9.98919E-05 0.608739 9.98919E-05 9.98919E-05 9.98919E-05 9.98919E-05 0.32975 9.98919E-05 9.98919E-05 0.00862472 0.00736959 0.00154887 9.98919E-05 9.98919E-05 0.0211395 9.98919E-05
9.98651E-05 9.98651E-05 9.98651E-05 9.98651E-05 9.98651E-05 0.0533768 9.98651E-05 9.98651E-05 9.98651E-05 9.98651E-05 9.98651E-05 9.98651E-05 0.930697 9.98651E-05 9.98651E-05 0.00202054 9.98651E-05 9.98651E-05 0.0124073
9.98471E-05 9.98471E-05 9.98471E-05 0.00449488 9.98471E-05 9.98471E-05 9.98471E-05 9.98471E-05 9.98471E-05 9.98471E-05 9.98471E-05 9.98471E-05 0.993808 9.98471E-05 9.98471E-05 9.98471E-05 9.98471E-05 9.98471E-05 9.98471E-05
0.0055156 0.00159232 9.98921E-05 9.98921E-05 0.749156 0.00118633 9.98921E-05 9.98921E-05 0.00114622 0.18819 9.98921E-05 9.98921E-05 9.98921E-05 9.98921E-05 9.98921E-05 9.98921E-05 9.98921E-05 9.98921E-05 0.052015
9.98651E-05 0.967882 9.98651E-05 9.98651E-05 0.010318 9.98651E-05 9.98651E-05 0.000876604 9.98651E-05 9.98651E-05 9.98651E-05 9.98651E-05 9.98651E-05 9.98651E-05 9.98651E-05 0.0194251 9.98651E-05 9.98651E-05 9.98651E-05
9.9856E-05 0.987721 9.9856E-05 9.9856E-05 9.9856E-05 0.0055247 9.9856E-05 9.9856E-05 9.9856E-05 9.9856E-05 9.9856E-05 9.9856E-05 9.9856E-05 9.9856E-05 9.9856E-05 9.9856E-05 9.9856E-05 9.9856E-05 0.00515617
9.98384E-05 9.98384E-05 9.98384E-05 9.98384E-05 9.98384E-05 9.98384E-05 9.98384E-05 0.998203 9.98384E-05 9.98384E-05 9.98384E-05 9.98384E-05 9.98384E-05 9.98384E-05 9.98384E-05 9.98384E-05 9.98384E-05 9.98384E-05 9.98384E-05
9.98384E-05 9.98384E-05 9.98384E-05 9.98384E-05 9.98384E-05 9.98384E-05 9.98384E-05 0.998203 9.98384E-05 9.98384E-05 9.98384E-05 9.98384E-05 9.98384E-05 9.98384E-05 9.98384E-05 9.98384E-05 9.98384E-05 9.98384E-05 9.98384E-05
0.791767 0.0164637 9.98739E-05 0.0108271 9.98739E-05 9.98739E-05 9.98739E-05 9.98739E-05 9.98739E-05 9.98739E-05 0.0713257 9.98739E-05 9.98739E-05 0.108218 9.98739E-05 9.98739E-05 9.98739E-05 9.98739E-05 9.98739E-05
0.731934 0.0577326 9.9892E-05 0.0186166 9.9892E-05 9.9892E-05 9.9892E-05 9.9892E-05 9.9892E-05 0.0171495 0.013839 0.0106065 9.9892E-05 0.148923 9.9892E-05 9.9892E-05 9.9892E-05 9.9892E-05 9.9892E-05
9.98563E-05 0.0116189 9.98563E-05 9.98563E-05 9.98563E-05 9.98563E-05 9.98563E-05 0.950609 9.98563E-05 9.98563E-05 9.98563E-05 9.98563E-05 9.98563E-05 9.98563E-05 9.98563E-05 0.0361747 9.98563E-05 9.98563E-05 9.98563E-05
9.98473E-05 9.98473E-05 9.98473E-05 9.98473E-05 9.98473E-05 9.98473E-05 9.98473E-05 0.97179 9.98473E-05 9.98473E-05 9.98473E-05 9.98473E-05 9.98473E-05 0.0265125 9.98473E-05 9.98473E-05 9.98473E-05 9.98473E-05 9.98473E-05
9.98649E-05 0.031265 9.98649E-05 0.0365176 9.98649E-05 0.0219699 0.90875 9.98649E-05 9.98649E-05 9.98649E-05 9.98649E-05 9.98649E-05 9.98649E-05 9.98649E-05 9.98649E-05 9.98649E-05 9.98649E-05 9.98649E-05 9.98649E-05
9.98829E-05 0.0375729 9.98829E-05 0.100703 9.98829E-05 9.98829E-05 9.98829E-05 9.98829E-05 0.00308036 9.98829E-05 9.98829E-05 9.98829E-05 9.98829E-05 0.71671 9.98829E-05 9.98829E-05 0.0270396 0.113596 9.98829E-05
9.98561E-05 9.98561E-05 9.98561E-05 9.98561E-05 9.98561E-05 0.0686981 9.98561E-05 9.98561E-05 9.98561E-05 9.98561E-05 0.880987 9.98561E-05 9.98561E-05 9.98561E-05 9.98561E-05 9.98561E-05 9.98561E-05 0.0487174 9.98561E-05
9.9856E-05 9.9856E-05 0.940267 9.9856E-05 9.9856E-05 9.9856E-05 9.9856E-05 9.9856E-05 9.9856E-05 9.9856E-05 9.9856E-05 9.9856E-05 9.9856E-05 9.9856E-05 9.9856E-05 9.9856E-05 0.0288611 9.9856E-05 0.0292739
9.9874E-05 0.00327491 0.927238 9.9874E-05 9.9874E-05 9.9874E-05 9.9874E-05 0.0248797 0.0218477 9.9874E-05 9.9874E-05 9.9874E-05 9.9874E-05 9.9874E-05 9.9874E-05 0.0213613 9.9874E-05 9.9874E-05 9.9874E-05
9.98382E-05 9.98382E-05 9.98382E-05 9.98382E-05 9.98382E-05 9.98382E-05 9.98382E-05 9.98382E-05 9.98382E-05 9.98382E-05 9.98382E-05 9.98382E-05 9.98382E-05 9.98382E-05 0.998203 9.98382E-05 9.98382E-05 9.98382E-05 9.98382E-05
