0.954567 9.98738E-05 9.98738E-05 9.98738E-05 9.98738E-05 9.98738E-05 9.98738E-05 9.98738E-05 9.98738E-05 0.0311469 9.98738E-05 9.98738E-05 9.98738E-05 9.98738E-05 0.0128876 9.98738E-05 9.98738E-05
0.0461052 0.0141055 9.98918E-05 9.98918E-05 0.706241 9.98918E-05 9.98918E-05 0.144299 0.08805 9.98918E-05 9.98918E-05 9.98918E-05 9.98918E-05 9.98918E-05 9.98918E-05 9.98918E-05 9.98918E-05
9.98561E-05 9.98561E-05 9.98561E-05 9.98561E-05 9.98561E-05 0.998402 9.98561E-05 9.98561E-05 9.98561E-05 9.98561E-05 9.98561E-05 9.98561E-05 9.98561E-05 9.98561E-05 9.98561E-05 9.98561E-05 9.98561E-05
9.98831E-05 9.98831E-05 0.0389385 9.98831E-05 9.98831E-05 9.98831E-05 9.98831E-05 0.877805 9.98831E-05 9.98831E-05 9.98831E-05 0.000745271 9.98831E-05 9.98831E-05 9.98831E-05 9.98831E-05 0.0812131
0.00709154 9.99371E-05 0.0220398 9.99371E-05 0.161462 0.126311 9.99371E-05 0.319071 9.99371E-05 0.07469 0.17986 9.99371E-05 0.0531298 9.99371E-05 0.0259229 0.0297222 9.99371E-05
9.98831E-05 9.98831E-05 9.98831E-05 9.98831E-05 9.98831E-05 0.00802454 9.98831E-05 0.981571 0.00133467 9.98831E-05 9.98831E-05 9.98831E-05 9.98831E-05 9.98831E-05 9.98831E-05 0.0077709 9.98831E-05
9.98561E-05 9.98561E-05 9.98561E-05 9.98561E-05 9.98561E-05 9.98561E-05 9.98561E-05 9.98561E-05 9.98561E-05 9.98561E-05 0.998402 9.98561E-05 9.98561E-05 9.98561E-05 9.98561E-05 9.98561E-05 9.98561E-05
9.99099E-05 9.99099E-05 0.0591607 9.99099E-05 0.105815 0.00581551 9.99099E-05 0.0388239 9.99099E-05 0.0895516 9.99099E-05 0.00777698 0.692057 9.99099E-05 9.99099E-05 9.99099E-05 9.99099E-05
9.9883E-05 9.9883E-05 0.0225429 9.9883E-05 0.0194654 9.9883E-05 9.9883E-05 9.9883E-05 0.0136413 9.9883E-05 0.943052 9.9883E-05 9.9883E-05 9.9883E-05 9.9883E-05 9.9883E-05 9.9883E-05
9.98652E-05 9.98652E-05 9.98652E-05 9.98652E-05 9.98652E-05 9.98652E-05 9.98652E-05 9.98652E-05 9.98652E-05 0.883278 0.115224 9.98652E-05 9.98652E-05 9.98652E-05 9.98652E-05 9.98652E-05 9.98652E-05
9.98652E-05 9.98652E-05 9.98652E-05 9.98652E-05 9.98652E-05 9.98652E-05 9.98652E-05 9.98652E-05 9.98652E-05 0.910871 0.0876314 9.98652E-05 9.98652E-05 9.98652E-05 9.98652E-05 9.98652E-05 9.98652E-05
0.677724 9.99011E-05 9.99011E-05 9.99011E-05 9.99011E-05 9.99011E-05 9.99011E-05 9.99011E-05 9.99011E-05 9.99011E-05 0.00491294 0.129626 9.99011E-05 0.15077 9.99011E-05 0.0200353 0.0158337
9.98654E-05 9.98654E-05 9.98654E-05 9.98654E-05 9.98654E-05 9.98654E-05 9.98654E-05 9.98654E-05 9.98654E-05 9.98654E-05 9.98654E-05 9.98654E-05 0.0543439 0.944158 9.98654E-05 9.98654E-05 9.98654E-05
9.98921E-05 9.98921E-05 9.98921E-05 9.98921E-05 0.0232917 9.98921E-05 0.0063423 0.965386 0.00175483 9.98921E-05 9.98921E-05 9.98921E-05 9.98921E-05 9.98921E-05 9.98921E-05 0.00202674 9.98921E-05
9.98741E-05 0.013718 9.98741E-05 9.98741E-05 9.98741E-05 9.98741E-05 9.98741E-05 0.976992 9.98741E-05 9.98741E-05 9.98741E-05 9.98741E-05 9.98741E-05 9.98741E-05 0.00789224 9.98741E-05 9.98741E-05
9.9883E-05 9.9883E-05 9.9883E-05 0.762726 9.9883E-05 9.9883E-05 9.9883E-05 9.9883E-05 9.9883E-05 0.000816072 9.9883E-05 9.9883E-05 9.9883E-05 0.117395 9.9883E-05 0.117765 9.9883E-05
9.98741E-05 9.98741E-05 9.98741E-05 9.98741E-05 9.98741E-05 9.98741E-05 9.98741E-05 9.98741E-05 0.936254 0.0450484 9.98741E-05 9.98741E-05 9.98741E-05 9.98741E-05 0.0172995 9.98741E-05 9.98741E-05
9.9856E-05 0.998402 9.9856E-05 9.9856E-05 9.9856E-05 9.9856E-05 9.9856E-05 9.9856E-05 9.9856E-05 9.9856E-05 9.9856E-05 9.9856E-05 9.9856E-05 9.9856E-05 9.9856E-05 9.9856E-05 9.9856E-05
9.98648E-05 9.98648E-05 9.98648E-05 9.98648E-05 9.98648E-05 9.98648E-05 0.913163 9.98648E-05 9.98648E-05 9.98648E-05 9.98648E-05 0.0853395 9.98648E-05 9.98648E-05 9.98648E-05 9.98648E-05 9.98648E-05
0.0575606 9.98918E-05 9.98918E-05 0.329739 9.98918E-05 9.98918E-05 9.98918E-05 9.98918E-05 9.98918E-05 0.403861 9.98918E-05 0.0322177 9.98918E-05 9.98918E-05 9.98918E-05 0.175423 9.98918E-05
9.98741E-05 0.181835 9.98741E-05 9.98741E-05 9.98741E-05 9.98741E-05 0.806595 9.98741E-05 9.98741E-05 9.98741E-05 9.98741E-05 9.98741E-05 9.98741E-05 9.98741E-05 0.0101722 9.98741E-05 9.98741E-05
0.500312 0.0148956 9.99188E-05 0.236698 9.99188E-05 9.99188E-05 9.99188E-05 9.99188E-05 0.0406402 0.0957537 9.99188E-05 0.00258731 9.99188E-05 0.0571453 9.99188E-05 0.0510683 9.99188E-05
9.98557E-05 9.98557E-05 9.98557E-05 9.98557E-05 9.98557E-05 9.98557E-05 9.98557E-05 9.98557E-05 9.98557E-05 9.98557E-05 9.98557E-05 9.98557E-05 9.98557E-05 9.98557E-05 0.998402 9.98557E-05 9.98557E-05
9.98648E-05 9.98648E-05 9.98648E-05 9.98648E-05 9.98648E-05 9.98648E-05 0.642713 9.98648E-05 9.98648E-05 9.98648E-05 9.98648E-05 9.98648E-05 9.98648E-05 9.98648E-05 0.355789 9.98648E-05 9.98648E-05
9.98832E-05 9.98832E-05 0.010336 9.98832E-05 9.98832E-05 0.047293 9.98832E-05 0.387785 9.98832E-05 9.98832E-05 9.98832E-05 9.98832E-05 9.98832E-05 9.98832E-05 9.98832E-05 9.98832E-05 0.553288
9.98742E-05 9.98742E-05 0.00257092 9.98742E-05 9.98742E-05 9.98742E-05 9.98742E-05 0.840895 9.98742E-05 9.98742E-05 9.98742E-05 9.98742E-05 9.98742E-05 9.98742E-05 9.98742E-05 9.98742E-05 0.155136
0.0493652 9.99008E-05 9.99008E-05 9.99008E-05 9.99008E-05 9.99008E-05 9.99008E-05 9.99008E-05 0.0414806 0.0687817 9.99008E-05 0.0216198 9.99008E-05 0.806256 0.0113982 9.99008E-05 9.99008E-05
9.98741E-05 9.98741E-05 0.000269454 9.98741E-05 9.98741E-05 9.98741E-05 9.98741E-05 9.98741E-05 9.98741E-05 9.98741E-05 9.98741E-05 0.000486397 9.98741E-05 9.98741E-05 9.98741E-05 9.98741E-05 0.997846
9.98562E-05 9.98562E-05 9.98562E-05 9.98562E-05 9.98562E-05 9.98562E-05 9.98562E-05 9.98562E-05 9.98562E-05 9.98562E-05 9.98562E-05 9.98562E-05 9.98562E-05 9.98562E-05 9.98562E-05 9.98562E-05 0.998402
9.99192E-05 9.99192E-05 0.141916 9.99192E-05 0.00324688 0.0406343 0.020324 0.34963 9.99192E-05 9.99192E-05 9.99192E-05 0.00359285 0.25494 9.99192E-05 9.99192E-05 9.99192E-05 0.184816
9.99009E-05 9.99009E-05 0.0382279 9.99009E-05 9.99009E-05 9.99009E-05 9.99009E-05 0.318321 0.00536713 9.99009E-05 9.99009E-05 0.00699893 0.62034 9.99009E-05 9.99009E-05 0.00964574 9.99009E-05
9.98564E-05 9.98564E-05 9.98564E-05 9.98564E-05 0.998402 9.98564E-05 9.98564E-05 9.98564E-05 9.98564E-05 9.98564E-05 9.98564E-05 9.98564E-05 9.98564E-05 9.98564E-05 9.98564E-05 9.98564E-05 9.98564E-05
9.98742E-05 9.98742E-05 9.98742E-05 9.98742E-05 9.98742E-05 9.98742E-05 9.98742E-05 0.574066 9.98742E-05 9.98742E-05 9.98742E-05 9.98742E-05 0.183998 9.98742E-05 9.98742E-05 9.98742E-05 0.240538
9.99102E-05 9.99102E-05 0.695171 0.00238579 0.00825096 0.0276824 9.99102E-05 9.99102E-05 9.99102E-05 9.99102E-05 9.99102E-05 0.00294276 0.258047 9.99102E-05 9.99102E-05 9.99102E-05 0.0045212
0.0379165 9.99097E-05 9.99097E-05 9.99097E-05 9.99097E-05 9.99097E-05 9.99097E-05 9.99097E-05 0.199153 0.015518 9.99097E-05 0.110638 0.0454844 0.498246 9.99097E-05 0.0920442 9.99097E-05
9.98919E-05 9.98919E-05 9.98919E-05 9.98919E-05 9.98919E-05 9.98919E-05 9.98919E-05 0.421955 0.0332009 9.98919E-05 9.98919E-05 9.98919E-05 0.0197325 9.98919E-05 9.98919E-05 0.00398813 0.519925
0.957704 9.98741E-05 9.98741E-05 9.98741E-05 9.98741E-05 0.030489 9.98741E-05 9.98741E-05 9.98741E-05 9.98741E-05 9.98741E-05 9.98741E-05 9.98741E-05 9.98741E-05 9.98741E-05 0.0104084 9.98741E-05
0.104016 9.99189E-05 0.00836021 9.99189E-05 0.188149 9.99189E-05 0.00871884 0.00194647 0.0518592 0.615283 9.99189E-05 9.99189E-05 9.99189E-05 9.99189E-05 0.0207685 9.99189E-05 9.99189E-05
9.98741E-05 9.98741E-05 9.98741E-05 9.98741E-05 9.98741E-05 9.98741E-05 9.98741E-05 0.00879649 0.96988 9.98741E-05 9.98741E-05 9.98741E-05 0.0199251 9.98741E-05 9.98741E-05 9.98741E-05 9.98741E-05
0.244982 0.0533824 9.99097E-05 0.236589 9.99097E-05 9.99097E-05 9.99097E-05 0.117232 0.102493 0.215151 9.99097E-05 9.99097E-05 9.99097E-05 9.99097E-05 9.99097E-05 0.0291711 9.99097E-05
0.285811 0.0954546 9.99187E-05 0.195473 0.0240689 9.99187E-05 9.99187E-05 0.0808764 0.035703 0.266285 9.99187E-05 0.015428 9.99187E-05 9.99187E-05 9.99187E-05 9.99187E-05 9.99187E-05
0.0293696 9.9892E-05 9.9892E-05 0.0304935 9.9892E-05 9.9892E-05 9.9892E-05 9.9892E-05 0.0393324 0.895009 9.9892E-05 9.9892E-05 9.9892E-05 9.9892E-05 9.9892E-05 0.00459674 9.9892E-05
9.98921E-05 9.98921E-05 9.98921E-05 0.87167 9.98921E-05 9.98921E-05 0.00636763 9.98921E-05 9.98921E-05 0.0626323 0.0386526 9.98921E-05 9.98921E-05 0.0194789 9.98921E-05 9.98921E-05 9.98921E-05
0.043434 9.9919E-05 0.000188079 9.9919E-05 9.9919E-05 0.000624714 9.9919E-05 9.9919E-05 0.0155051 0.836401 9.9919E-05 0.0147255 9.9919E-05 0.0161533 9.9919E-05 0.0720689 9.9919E-05
0.0478218 9.99189E-05 9.99189E-05 0.020032 0.047694 9.99189E-05 9.99189E-05 9.99189E-05 9.99189E-05 0.32681 9.99189E-05 0.0519459 9.99189E-05 0.174228 0.258183 0.0723858 9.99189E-05
0.100871 9.9919E-05 9.9919E-05 0.188005 0.0130664 9.9919E-05 0.0253131 0.0766578 9.9919E-05 0.462883 9.9919E-05 9.9919E-05 9.9919E-05 9.9919E-05 0.00788484 0.12442 9.9919E-05
0.180757 9.9928E-05 0.0852968 9.9928E-05 9.9928E-05 0.0149225 9.9928E-05 0.012563 0.142251 0.178954 0.0184512 9.9928E-05 9.9928E-05 0.0736742 9.9928E-05 0.29233 9.9928E-05
0.988202 0.0102998 9.9866E-05 9.9866E-05 9.9866E-05 9.9866E-05 9.9866E-05 9.9866E-05 9.9866E-05 9.9866E-05 9.9866E-05 9.9866E-05 9.9866E-05 9.9866E-05 9.9866E-05 9.9866E-05 9.9866E-05
9.98602E-05 9.98602E-05 0.988788 9.98602E-05 9.98602E-05 0.00654941 9.98602E-05 9.98602E-05 9.98602E-05 9.98602E-05 9.98602E-05 9.98602E-05 9.98602E-05 9.98602E-05 9.98602E-05 9.98602E-05 0.0032642
9.98742E-05 0.00910742 0.986793 9.98742E-05 9.98742E-05 9.98742E-05 9.98742E-05 9.98742E-05 9.98742E-05 9.98742E-05 9.98742E-05 9.98742E-05 9.98742E-05 9.98742E-05 9.98742E-05 0.00270156 9.98742E-05
9.98653E-05 9.98653E-05 0.99773 9.98653E-05 9.98653E-05 9.98653E-05 9.98653E-05 9.98653E-05 9.98653E-05 9.98653E-05 9.98653E-05 9.98653E-05 9.98653E-05 9.98653E-05 9.98653E-05 0.000772464 9.98653E-05
9.98563E-05 9.98563E-05 0.998402 9.98563E-05 9.98563E-05 9.98563E-05 9.98563E-05 9.98563E-05 9.98563E-05 9.98563E-05 9.98563E-05 9.98563E-05 9.98563E-05 9.98563E-05 9.98563E-05 9.98563E-05 9.98563E-05
9.98563E-05 9.98563E-05 0.998402 9.98563E-05 9.98563E-05 9.98563E-05 9.98563E-05 9.98563E-05 9.98563E-05 9.98563E-05 9.98563E-05 9.98563E-05 9.98563E-05 9.98563E-05 9.98563E-05 9.98563E-05 9.98563E-05
9.99191E-05 9.99191E-05 0.334017 0.0747597 0.0625366 0.0402541 9.99191E-05 0.0284172 9.99191E-05 9.99191E-05 0.0266704 9.99191E-05 0.344351 9.99191E-05 0.0880948 9.99191E-05 9.99191E-05
9.98831E-05 9.98831E-05 0.90389 0.011199 0.073306 9.98831E-05 9.98831E-05 9.98831E-05 9.98831E-05 9.98831E-05 9.98831E-05 0.0103066 9.98831E-05 9.98831E-05 9.98831E-05 9.98831E-05 9.98831E-05
0.763168 9.98828E-05 9.98828E-05 0.169667 9.98828E-05 9.98828E-05 9.98828E-05 9.98828E-05 9.98828E-05 9.98828E-05 9.98828E-05 9.98828E-05 9.98828E-05 0.0051278 9.98828E-05 0.0607387 9.98828E-05
9.98919E-05 9.98919E-05 0.0140448 9.98919E-05 0.886137 0.000882561 9.98919E-05 9.98919E-05 9.98919E-05 9.98919E-05 0.0419909 9.98919E-05 9.98919E-05 9.98919E-05 9.98919E-05 9.98919E-05 0.055746
9.98649E-05 9.98649E-05 9.98649E-05 9.98649E-05 9.98649E-05 9.98649E-05 9.98649E-05 0.612991 9.98649E-05 9.98649E-05 9.98649E-05 9.98649E-05 9.98649E-05 9.98649E-05 9.98649E-05 9.98649E-05 0.385511
0.000816249 9.98922E-05 0.0269288 0.0667739 9.98922E-05 9.98922E-05 9.98922E-05 9.98922E-05 9.98922E-05 9.98922E-05 9.98922E-05 0.0453448 9.98922E-05 0.858938 9.98922E-05 9.98922E-05 9.98922E-05
9.98743E-05 9.98743E-05 9.98743E-05 0.86745 9.98743E-05 9.98743E-05 9.98743E-05 9.98743E-05 9.98743E-05 9.98743E-05 9.98743E-05 9.98743E-05 9.98743E-05 0.050618 9.98743E-05 0.0805338 9.98743E-05
9.98655E-05 9.98655E-05 9.98655E-05 9.98655E-05 9.98655E-05 9.98655E-05 9.98655E-05 9.98655E-05 9.98655E-05 9.98655E-05 0.0585003 9.98655E-05 9.98655E-05 0.940002 9.98655E-05 9.98655E-05 9.98655E-05
0.000321533 0.0141677 9.98829E-05 9.98829E-05 9.98829E-05 9.98829E-05 9.98829E-05 9.98829E-05 9.98829E-05 0.0580583 9.98829E-05 9.98829E-05 9.98829E-05 0.926154 9.98829E-05 9.98829E-05 9.98829E-05
9.98919E-05 0.00676595 9.98919E-05 9.98919E-05 9.98919E-05 9.98919E-05 9.98919E-05 9.98919E-05 9.98919E-05 0.0554313 9.98919E-05 0.0215817 9.98919E-05 0.851332 9.98919E-05 0.0636904 9.98919E-05
0.0540068 9.98651E-05 9.98651E-05 9.98651E-05 9.98651E-05 9.98651E-05 0.944495 9.98651E-05 9.98651E-05 9.98651E-05 9.98651E-05 9.98651E-05 9.98651E-05 9.98651E-05 9.98651E-05 9.98651E-05 9.98651E-05
9.98745E-05 9.98745E-05 9.98745E-05 9.98745E-05 9.98745E-05 0.0214294 9.98745E-05 0.282306 9.98745E-05 9.98745E-05 9.98745E-05 9.98745E-05 9.98745E-05 9.98745E-05 9.98745E-05 9.98745E-05 0.694867
0.0167993 9.99102E-05 9.99102E-05 0.121052 0.271941 9.99102E-05 0.0545549 9.99102E-05 0.103041 9.99102E-05 9.99102E-05 0.0407076 9.99102E-05 9.99102E-05 9.99102E-05 9.99102E-05 0.390905
9.98923E-05 9.98923E-05 0.0290217 9.98923E-05 9.98923E-05 0.134067 9.98923E-05 0.801494 9.98923E-05 9.98923E-05 9.98923E-05 9.98923E-05 9.98923E-05 0.00805894 9.98923E-05 9.98923E-05 0.0261591
0.00880575 9.991E-05 0.0032516 9.991E-05 9.991E-05 9.991E-05 9.991E-05 0.756598 0.0102633 9.991E-05 0.017642 9.991E-05 0.0611659 9.991E-05 9.991E-05 9.991E-05 0.141274
9.98561E-05 9.98561E-05 9.98561E-05 9.98561E-05 9.98561E-05 9.98561E-05 9.98561E-05 9.98561E-05 9.98561E-05 9.98561E-05 9.98561E-05 9.98561E-05 9.98561E-05 9.98561E-05 9.98561E-05 9.98561E-05 0.998402
9.98652E-05 0.00363964 9.98652E-05 9.98652E-05 9.98652E-05 9.98652E-05 9.98652E-05 9.98652E-05 9.98652E-05 9.98652E-05 9.98652E-05 9.98652E-05 9.98652E-05 9.98652E-05 9.98652E-05 9.98652E-05 0.994862
0.0261515 9.99102E-05 9.99102E-05 9.99102E-05 0.0146409 9.99102E-05 9.99102E-05 0.725824 9.99102E-05 0.0396454 9.99102E-05 0.00336664 0.114968 9.99102E-05 9.99102E-05 9.99102E-05 0.0744047
9.98741E-05 9.98741E-05 9.98741E-05 9.98741E-05 9.98741E-05 9.98741E-05 9.98741E-05 0.561433 0.0158484 9.98741E-05 9.98741E-05 9.98741E-05 9.98741E-05 9.98741E-05 9.98741E-05 9.98741E-05 0.42132
9.98561E-05 9.98561E-05 9.98561E-05 9.98561E-05 9.98561E-05 9.98561E-05 9.98561E-05 9.98561E-05 9.98561E-05 9.98561E-05 9.98561E-05 9.98561E-05 0.998402 9.98561E-05 9.98561E-05 9.98561E-05 9.98561E-05
9.98742E-05 9.98742E-05 9.98742E-05 9.98742E-05 9.98742E-05 9.98742E-05 9.98742E-05 9.98742E-05 9.98742E-05 9.98742E-05 0.0337561 9.98742E-05 0.951006 0.0138395 9.98742E-05 9.98742E-05 9.98742E-05
9.99012E-05 9.99012E-05 0.0130512 0.0299617 9.99012E-05 0.00540808 9.99012E-05 0.896567 9.99012E-05 9.99012E-05 9.99012E-05 9.99012E-05 9.99012E-05 9.99012E-05 0.00426848 9.99012E-05 0.049645
9.9883E-05 9.9883E-05 0.00554458 0.957885 9.9883E-05 9.9883E-05 9.9883E-05 0.015634 9.9883E-05 9.9883E-05 9.9883E-05 9.9883E-05 9.9883E-05 9.9883E-05 0.0196375 9.9883E-05 9.9883E-05
9.9865E-05 9.9865E-05 0.014091 0.984411 9.9865E-05 9.9865E-05 9.9865E-05 9.9865E-05 9.9865E-05 9.9865E-05 9.9865E-05 9.9865E-05 9.9865E-05 9.9865E-05 9.9865E-05 9.9865E-05 9.9865E-05
9.98563E-05 9.98563E-05 9.98563E-05 9.98563E-05 9.98563E-05 9.98563E-05 9.98563E-05 9.98563E-05 9.98563E-05 9.98563E-05 9.98563E-05 0.998402 9.98563E-05 9.98563E-05 9.98563E-05 9.98563E-05 9.98563E-05
0.0063353 9.98653E-05 9.98653E-05 9.98653E-05 9.98653E-05 9.98653E-05 9.98653E-05 9.98653E-05 9.98653E-05 9.98653E-05 9.98653E-05 0.992167 9.98653E-05 9.98653E-05 9.98653E-05 9.98653E-05 9.98653E-05
0.0312128 9.98918E-05 9.98918E-05 0.0760501 0.0573059 9.98918E-05 9.98918E-05 9.98918E-05 9.98918E-05 0.791179 9.98918E-05 9.98918E-05 9.98918E-05 0.0430537 9.98918E-05 9.98918E-05 9.98918E-05
0.00462249 9.98919E-05 9.98919E-05 0.110424 0.0456531 9.98919E-05 9.98919E-05 9.98919E-05 9.98919E-05 0.77733 9.98919E-05 9.98919E-05 9.98919E-05 0.0607715 9.98919E-05 9.98919E-05 9.98919E-05
9.98923E-05 9.98923E-05 9.98923E-05 0.00525019 9.98923E-05 9.98923E-05 9.98923E-05 9.98923E-05 0.0143581 9.98923E-05 0.00278272 0.971407 9.98923E-05 9.98923E-05 0.00500312 9.98923E-05 9.98923E-05
9.98563E-05 9.98563E-05 9.98563E-05 9.98563E-05 9.98563E-05 9.98563E-05 9.98563E-05 9.98563E-05 9.98563E-05 9.98563E-05 9.98563E-05 0.998402 9.98563E-05 9.98563E-05 9.98563E-05 9.98563E-05 9.98563E-05
0.916099 9.98829E-05 0.0170997 0.0249408 9.98829E-05 9.98829E-05 9.98829E-05 9.98829E-05 9.98829E-05 9.98829E-05 9.98829E-05 9.98829E-05 9.98829E-05 0.0405623 9.98829E-05 9.98829E-05 9.98829E-05
0.061329 0.10383 9.99189E-05 0.37921 0.00997268 9.99189E-05 9.99189E-05 9.99189E-05 9.99189E-05 0.112565 0.140181 9.99189E-05 9.99189E-05 0.159098 9.99189E-05 0.0329149 9.99189E-05
9.98739E-05 9.98739E-05 0.042982 9.98739E-05 0.886427 9.98739E-05 9.98739E-05 9.98739E-05 9.98739E-05 9.98739E-05 0.069193 9.98739E-05 9.98739E-05 9.98739E-05 9.98739E-05 9.98739E-05 9.98739E-05
9.9865E-05 9.9865E-05 9.9865E-05 9.9865E-05 9.9865E-05 9.9865E-05 9.9865E-05 9.9865E-05 9.9865E-05 9.9865E-05 9.9865E-05 9.9865E-05 9.9865E-05 9.9865E-05 0.0324678 0.966034 9.9865E-05
9.98831E-05 9.98831E-05 9.98831E-05 9.98831E-05 9.98831E-05 9.98831E-05 9.98831E-05 9.98831E-05 0.00906443 9.98831E-05 9.98831E-05 0.022339 9.98831E-05 0.0300681 9.98831E-05 0.93723 9.98831E-05
9.99101E-05 9.99101E-05 0.0296323 9.99101E-05 0.0151139 9.99101E-05 0.0143185 0.0382046 9.99101E-05 9.99101E-05 9.99101E-05 9.99101E-05 0.634621 9.99101E-05 0.0427149 9.99101E-05 0.224395
