9.98738E-05 9.98738E-05 9.98738E-05 9.98738E-05 0.897133 9.98738E-05 0.0709193 9.98738E-05 9.98738E-05 9.98738E-05 9.98738E-05 9.98738E-05 9.98738E-05 9.98738E-05 9.98738E-05 9.98738E-05 0.0305491
9.98829E-05 9.98829E-05 9.98829E-05 9.98829E-05 9.98829E-05 9.98829E-05 9.98829E-05 0.183052 9.98829E-05 0.200392 9.98829E-05 9.98829E-05 9.98829E-05 9.98829E-05 9.98829E-05 0.596947 0.0183104
9.99018E-05 9.99018E-05 9.99018E-05 0.0617173 9.99018E-05 9.99018E-05 9.99018E-05 9.99018E-05 9.99018E-05 0.564278 9.99018E-05 0.00582019 0.104363 0.13686 0.125863 9.99018E-05 9.99018E-05
9.98831E-05 9.98831E-05 9.98831E-05 0.0227947 9.98831E-05 9.98831E-05 9.98831E-05 9.98831E-05 9.98831E-05 0.957947 0.0041665 9.98831E-05 0.0137931 9.98831E-05 9.98831E-05 9.98831E-05 9.98831E-05
9.99191E-05 0.190285 0.0777599 9.99191E-05 9.99191E-05 9.99191E-05 0.0211566 0.088582 9.99191E-05 0.372398 0.0423908 9.99191E-05 9.99191E-05 0.0826602 9.99191E-05 0.123868 9.99191E-05
9.98741E-05 9.98741E-05 0.00262168 9.98741E-05 9.98741E-05 9.98741E-05 9.98741E-05 9.98741E-05 9.98741E-05 0.995103 9.98741E-05 9.98741E-05 9.98741E-05 9.98741E-05 9.98741E-05 9.98741E-05 0.000877001
9.98561E-05 0.998402 9.98561E-05 9.98561E-05 9.98561E-05 9.98561E-05 9.98561E-05 9.98561E-05 9.98561E-05 9.98561E-05 9.98561E-05 9.98561E-05 9.98561E-05 9.98561E-05 9.98561E-05 9.98561E-05 9.98561E-05
9.99098E-05 9.99098E-05 9.99098E-05 0.0171261 9.99098E-05 9.99098E-05 0.0898622 9.99098E-05 9.99098E-05 0.0366056 0.0604746 9.99098E-05 0.0541231 0.604442 9.99098E-05 0.136367 9.99098E-05
9.98651E-05 0.97221 9.98651E-05 9.98651E-05 9.98651E-05 9.98651E-05 9.98651E-05 9.98651E-05 9.98651E-05 9.98651E-05 9.98651E-05 9.98651E-05 9.98651E-05 9.98651E-05 9.98651E-05 0.0262923 9.98651E-05
9.98502E-05 0.138321 9.98502E-05 9.98502E-05 9.98502E-05 9.98502E-05 0.860182 9.98502E-05 9.98502E-05 9.98502E-05 9.98502E-05 9.98502E-05 9.98502E-05 9.98502E-05 9.98502E-05 9.98502E-05 9.98502E-05
9.98652E-05 0.120844 9.98652E-05 9.98652E-05 9.98652E-05 9.98652E-05 0.877658 9.98652E-05 9.98652E-05 9.98652E-05 9.98652E-05 9.98652E-05 9.98652E-05 9.98652E-05 9.98652E-05 9.98652E-05 9.98652E-05
9.98921E-05 9.98921E-05 9.98921E-05 0.131875 0.691106 9.98921E-05 9.98921E-05 9.98921E-05 9.98921E-05 0.0143808 9.98921E-05 0.14928 0.0121601 9.98921E-05 9.98921E-05 9.98921E-05 9.98921E-05
9.98834E-05 0.021359 9.98834E-05 9.98834E-05 9.98834E-05 9.98834E-05 9.98834E-05 9.98834E-05 9.98834E-05 9.98834E-05 9.98834E-05 0.965029 0.0037438 0.00856981 9.98834E-05 9.98834E-05 9.98834E-05
9.9892E-05 9.9892E-05 9.9892E-05 9.9892E-05 9.9892E-05 0.021486 9.9892E-05 9.9892E-05 0.00119161 0.943346 9.9892E-05 9.9892E-05 9.9892E-05 9.9892E-05 0.00515818 0.02762 9.9892E-05
9.9883E-05 9.9883E-05 9.9883E-05 9.9883E-05 0.0143528 9.9883E-05 9.9883E-05 9.9883E-05 0.0337965 0.948415 9.9883E-05 9.9883E-05 9.9883E-05 9.9883E-05 9.9883E-05 0.00213772 9.9883E-05
0.77212 9.9883E-05 0.109418 9.9883E-05 9.9883E-05 9.9883E-05 0.000596814 9.9883E-05 9.9883E-05 9.9883E-05 9.9883E-05 0.116566 9.9883E-05 9.9883E-05 9.9883E-05 9.9883E-05 9.9883E-05
9.98741E-05 9.98741E-05 9.98741E-05 9.98741E-05 9.98741E-05 9.98741E-05 0.0660691 9.98741E-05 0.0133138 9.98741E-05 9.98741E-05 9.98741E-05 9.98741E-05 9.98741E-05 9.98741E-05 9.98741E-05 0.919219
9.98559E-05 9.98559E-05 9.98559E-05 9.98559E-05 9.98559E-05 9.98559E-05 9.98559E-05 9.98559E-05 9.98559E-05 9.98559E-05 9.98559E-05 9.98559E-05 9.98559E-05 9.98559E-05 0.998402 9.98559E-05 9.98559E-05
9.98649E-05 9.98649E-05 9.98649E-05 0.0659114 9.98649E-05 0.932591 9.98649E-05 9.98649E-05 9.98649E-05 9.98649E-05 9.98649E-05 9.98649E-05 9.98649E-05 9.98649E-05 9.98649E-05 9.98649E-05 9.98649E-05
0.325201 9.98918E-05 0.154287 9.98918E-05 0.0757939 9.98918E-05 0.417225 9.98918E-05 9.98918E-05 9.98918E-05 9.98918E-05 9.98918E-05 9.98918E-05 9.98918E-05 9.98918E-05 9.98918E-05 0.0262947
9.98741E-05 9.98741E-05 9.98741E-05 9.98741E-05 9.98741E-05 0.771553 9.98741E-05 9.98741E-05 0.00532178 9.98741E-05 9.98741E-05 9.98741E-05 9.98741E-05 9.98741E-05 0.221727 9.98741E-05 9.98741E-05
0.164823 9.991E-05 0.0175944 9.991E-05 0.371164 9.991E-05 0.0322511 0.321754 9.991E-05 9.991E-05 9.991E-05 0.0886966 9.991E-05 9.991E-05 0.00271765 9.991E-05 9.991E-05
9.98559E-05 9.98559E-05 9.98559E-05 9.98559E-05 9.98559E-05 9.98559E-05 9.98559E-05 9.98559E-05 0.998402 9.98559E-05 9.98559E-05 9.98559E-05 9.98559E-05 9.98559E-05 9.98559E-05 9.98559E-05 9.98559E-05
9.98649E-05 9.98649E-05 9.98649E-05 9.98649E-05 9.98649E-05 0.76434 9.98649E-05 9.98649E-05 0.234162 9.98649E-05 9.98649E-05 9.98649E-05 9.98649E-05 9.98649E-05 9.98649E-05 9.98649E-05 9.98649E-05
9.98654E-05 9.98654E-05 9.98654E-05 9.98654E-05 9.98654E-05 9.98654E-05 9.98654E-05 9.98654E-05 9.98654E-05 0.325273 9.98654E-05 9.98654E-05 0.673229 9.98654E-05 9.98654E-05 9.98654E-05 9.98654E-05
9.98652E-05 9.98652E-05 9.98652E-05 9.98652E-05 9.98652E-05 9.98652E-05 9.98652E-05 9.98652E-05 9.98652E-05 0.842344 9.98652E-05 9.98652E-05 0.156158 9.98652E-05 9.98652E-05 9.98652E-05 9.98652E-05
9.98918E-05 9.98918E-05 9.98918E-05 0.0583556 0.0329875 9.98918E-05 0.0949517 9.98918E-05 9.98918E-05 9.98918E-05 9.98918E-05 0.805122 9.98918E-05 9.98918E-05 9.98918E-05 9.98918E-05 0.0073842
9.98741E-05 9.98741E-05 0.00869854 9.98741E-05 9.98741E-05 9.98741E-05 9.98741E-05 9.98741E-05 9.98741E-05 9.98741E-05 0.00961771 9.98741E-05 0.980286 9.98741E-05 9.98741E-05 9.98741E-05 9.98741E-05
9.98562E-05 9.98562E-05 9.98562E-05 9.98562E-05 9.98562E-05 9.98562E-05 9.98562E-05 9.98562E-05 9.98562E-05 9.98562E-05 9.98562E-05 9.98562E-05 0.998402 9.98562E-05 9.98562E-05 9.98562E-05 9.98562E-05
9.99282E-05 9.99282E-05 9.99282E-05 0.0183235 9.99282E-05 0.010287 9.99282E-05 9.99282E-05 9.99282E-05 0.30991 0.131372 9.99282E-05 0.313846 0.126637 0.0141308 0.0455846 0.0291094
9.991E-05 9.991E-05 0.00709803 0.0342987 9.991E-05 9.991E-05 9.991E-05 9.991E-05 9.991E-05 0.304086 0.0812541 9.991E-05 0.144786 0.402548 9.991E-05 9.991E-05 0.0249307
9.98565E-05 9.98565E-05 9.98565E-05 9.98565E-05 9.98565E-05 9.98565E-05 9.98565E-05 9.98565E-05 9.98565E-05 9.98565E-05 9.98565E-05 9.98565E-05 9.98565E-05 9.98565E-05 9.98565E-05 0.998402 9.98565E-05
9.98832E-05 9.98832E-05 9.98832E-05 9.98832E-05 9.98832E-05 9.98832E-05 9.98832E-05 0.00257414 9.98832E-05 0.57587 9.98832E-05 9.98832E-05 0.260826 0.159431 9.98832E-05 9.98832E-05 9.98832E-05
0.000267037 9.98833E-05 9.98833E-05 9.98833E-05 9.98833E-05 9.98833E-05 9.98833E-05 9.98833E-05 9.98833E-05 9.98833E-05 0.732261 9.98833E-05 9.98833E-05 0.240307 9.98833E-05 0.0258665 9.98833E-05
9.99097E-05 9.99097E-05 0.0805719 0.0837015 9.99097E-05 9.99097E-05 9.99097E-05 0.0765958 9.99097E-05 9.99097E-05 9.99097E-05 0.502877 0.000155906 0.0543821 9.99097E-05 9.99097E-05 0.200716
9.98919E-05 9.98919E-05 9.98919E-05 9.98919E-05 9.98919E-05 9.98919E-05 9.98919E-05 0.0125586 9.98919E-05 0.402083 9.98919E-05 9.98919E-05 0.56159 0.00850107 9.98919E-05 9.98919E-05 0.0140685
9.98741E-05 9.98741E-05 9.98741E-05 9.98741E-05 0.926898 9.98741E-05 9.98741E-05 9.98741E-05 9.98741E-05 9.98741E-05 9.98741E-05 9.98741E-05 9.98741E-05 0.0208979 9.98741E-05 9.98741E-05 0.0508063
9.99189E-05 9.99189E-05 9.99189E-05 9.99189E-05 0.0653904 9.99189E-05 0.618773 0.0519642 0.042739 0.0035413 9.99189E-05 9.99189E-05 9.99189E-05 0.0016896 9.99189E-05 0.186408 0.028595
9.98742E-05 9.98742E-05 9.98742E-05 9.98742E-05 9.98742E-05 9.98742E-05 9.98742E-05 9.98742E-05 9.98742E-05 0.00364854 9.98742E-05 9.98742E-05 9.98742E-05 0.00932432 9.98742E-05 9.98742E-05 0.985629
9.9865E-05 9.9865E-05 9.9865E-05 9.9865E-05 9.9865E-05 9.9865E-05 9.9865E-05 0.975918 9.9865E-05 9.9865E-05 9.9865E-05 9.9865E-05 9.9865E-05 9.9865E-05 9.9865E-05 9.9865E-05 0.0225844
9.9856E-05 9.9856E-05 9.9856E-05 9.9856E-05 9.9856E-05 9.9856E-05 9.9856E-05 0.998402 9.9856E-05 9.9856E-05 9.9856E-05 9.9856E-05 9.9856E-05 9.9856E-05 9.9856E-05 9.9856E-05 9.9856E-05
9.9901E-05 9.9901E-05 0.0194276 9.9901E-05 0.025698 0.00210933 0.876363 0.0525702 9.9901E-05 9.9901E-05 9.9901E-05 9.9901E-05 9.9901E-05 9.9901E-05 9.9901E-05 9.9901E-05 0.0227326
0.825681 0.0632708 9.98921E-05 9.98921E-05 0.0248203 9.98921E-05 0.0490867 9.98921E-05 9.98921E-05 9.98921E-05 9.98921E-05 0.035942 9.98921E-05 9.98921E-05 9.98921E-05 9.98921E-05 9.98921E-05
0.0201618 9.98919E-05 0.139703 9.98919E-05 0.00685131 9.98919E-05 0.818943 9.98919E-05 9.98919E-05 9.98919E-05 9.98919E-05 0.0131421 9.98919E-05 9.98919E-05 9.98919E-05 9.98919E-05 9.98919E-05
0.0555863 9.99189E-05 0.168626 0.0230368 9.99189E-05 9.99189E-05 0.259186 0.141223 0.184093 9.99189E-05 9.99189E-05 0.148009 9.99189E-05 9.99189E-05 9.99189E-05 0.0193418 9.99189E-05
0.109756 9.9937E-05 0.170736 9.9937E-05 0.00666143 0.0322539 0.385806 0.209382 9.9937E-05 0.0118707 9.9937E-05 0.0113155 9.9937E-05 0.0107116 9.9937E-05 0.0508077 9.9937E-05
9.99369E-05 0.0293349 0.350008 9.99369E-05 0.141205 9.99369E-05 0.205422 0.0144647 9.99369E-05 0.0221749 0.0296655 0.0643929 0.0494085 9.99369E-05 9.99369E-05 9.99369E-05 0.0932248
9.98838E-05 9.98838E-05 9.98838E-05 9.98838E-05 0.963251 9.98838E-05 9.98838E-05 9.98838E-05 0.0249072 9.98838E-05 9.98838E-05 9.98838E-05 9.98838E-05 9.98838E-05 0.0102264 0.000316816 9.98838E-05
9.98562E-05 9.98562E-05 9.98562E-05 9.98562E-05 9.98562E-05 9.98562E-05 9.98562E-05 9.98562E-05 9.98562E-05 9.98562E-05 0.998402 9.98562E-05 9.98562E-05 9.98562E-05 9.98562E-05 9.98562E-05 9.98562E-05
9.98741E-05 9.98741E-05 9.98741E-05 0.00287849 9.98741E-05 9.98741E-05 9.98741E-05 9.98741E-05 9.98741E-05 9.98741E-05 0.990698 9.98741E-05 9.98741E-05 9.98741E-05 0.00502531 9.98741E-05 9.98741E-05
9.98652E-05 9.98652E-05 9.98652E-05 9.98652E-05 9.98652E-05 9.98652E-05 9.98652E-05 9.98652E-05 9.98652E-05 9.98652E-05 0.99296 9.98652E-05 9.98652E-05 9.98652E-05 0.00554217 9.98652E-05 9.98652E-05
9.98653E-05 9.98653E-05 9.98653E-05 9.98653E-05 9.98653E-05 0.000169214 9.98653E-05 9.98653E-05 9.98653E-05 9.98653E-05 0.998333 9.98653E-05 9.98653E-05 9.98653E-05 9.98653E-05 9.98653E-05 9.98653E-05
9.98562E-05 9.98562E-05 9.98562E-05 9.98562E-05 9.98562E-05 9.98562E-05 9.98562E-05 9.98562E-05 9.98562E-05 9.98562E-05 0.998402 9.98562E-05 9.98562E-05 9.98562E-05 9.98562E-05 9.98562E-05 9.98562E-05
0.00232519 0.0959462 9.99192E-05 9.99192E-05 9.99192E-05 9.99192E-05 9.99192E-05 9.99192E-05 0.0952313 0.0687564 0.386 9.99192E-05 0.0239519 0.287436 9.99192E-05 0.0394546 9.99192E-05
9.98742E-05 9.98742E-05 9.98742E-05 9.98742E-05 0.0209838 9.98742E-05 9.98742E-05 9.98742E-05 9.98742E-05 9.98742E-05 0.929278 9.98742E-05 9.98742E-05 9.98742E-05 9.98742E-05 0.0483404 9.98742E-05
0.156024 9.98738E-05 0.0669648 9.98738E-05 0.775613 9.98738E-05 9.98738E-05 9.98738E-05 9.98738E-05 9.98738E-05 9.98738E-05 9.98738E-05 9.98738E-05 9.98738E-05 9.98738E-05 9.98738E-05 9.98738E-05
0.0193818 0.0171182 0.00484754 9.99099E-05 9.99099E-05 9.99099E-05 9.99099E-05 9.99099E-05 9.99099E-05 9.99099E-05 0.0316434 0.00701031 0.00230308 9.99099E-05 9.99099E-05 0.916697 9.99099E-05
9.98739E-05 9.98739E-05 9.98739E-05 9.98739E-05 9.98739E-05 9.98739E-05 9.98739E-05 0.00787633 9.98739E-05 0.588237 9.98739E-05 9.98739E-05 0.402488 9.98739E-05 9.98739E-05 9.98739E-05 9.98739E-05
0.0291733 0.0100301 9.99011E-05 0.0135314 0.0162034 9.99011E-05 9.99011E-05 0.113217 9.99011E-05 9.99011E-05 9.99011E-05 0.816745 9.99011E-05 9.99011E-05 9.99011E-05 9.99011E-05 9.99011E-05
0.869467 9.98742E-05 0.104138 9.98742E-05 9.98742E-05 9.98742E-05 9.98742E-05 9.98742E-05 9.98742E-05 9.98742E-05 9.98742E-05 0.0249968 9.98742E-05 9.98742E-05 9.98742E-05 9.98742E-05 9.98742E-05
9.98656E-05 0.0145937 9.98656E-05 9.98656E-05 9.98656E-05 9.98656E-05 9.98656E-05 9.98656E-05 9.98656E-05 9.98656E-05 9.98656E-05 0.983908 9.98656E-05 9.98656E-05 9.98656E-05 9.98656E-05 9.98656E-05
9.9883E-05 9.9883E-05 9.9883E-05 9.9883E-05 9.9883E-05 9.9883E-05 0.0863553 0.00501791 9.9883E-05 0.00469395 9.9883E-05 0.902634 9.9883E-05 9.9883E-05 9.9883E-05 9.9883E-05 9.9883E-05
9.99008E-05 9.99008E-05 0.0761474 0.0323572 9.99008E-05 9.99008E-05 0.0515647 0.019443 9.99008E-05 9.99008E-05 9.99008E-05 0.81683 9.99008E-05 9.99008E-05 0.00255827 9.99008E-05 9.99008E-05
9.98652E-05 9.98652E-05 9.98652E-05 9.98652E-05 0.0482381 0.950264 9.98652E-05 9.98652E-05 9.98652E-05 9.98652E-05 9.98652E-05 9.98652E-05 9.98652E-05 9.98652E-05 9.98652E-05 9.98652E-05 9.98652E-05
9.98655E-05 9.98655E-05 9.98655E-05 9.98655E-05 9.98655E-05 9.98655E-05 9.98655E-05 9.98655E-05 9.98655E-05 0.354986 9.98655E-05 9.98655E-05 0.643516 9.98655E-05 9.98655E-05 9.98655E-05 9.98655E-05
0.0221443 0.0224591 0.186897 0.0687382 0.0556227 0.0449946 0.119612 9.99461E-05 9.99461E-05 0.228887 0.0830107 9.99461E-05 0.076373 9.99461E-05 9.99461E-05 0.0906613 9.99461E-05
0.0375771 9.98923E-05 9.98923E-05 9.98923E-05 9.98923E-05 9.98923E-05 9.98923E-05 9.98923E-05 9.98923E-05 0.900154 9.98923E-05 0.00595372 0.01667 0.0384468 9.98923E-05 9.98923E-05 9.98923E-05
9.99099E-05 0.0324313 0.000705224 9.99099E-05 9.99099E-05 9.99099E-05 9.99099E-05 0.0101603 9.99099E-05 0.734014 0.00806716 9.99099E-05 0.190201 9.99099E-05 9.99099E-05 9.99099E-05 0.0234224
0.0211092 9.98651E-05 9.98651E-05 9.98651E-05 9.98651E-05 9.98651E-05 9.98651E-05 9.98651E-05 9.98651E-05 9.98651E-05 9.98651E-05 9.98651E-05 0.977393 9.98651E-05 9.98651E-05 9.98651E-05 9.98651E-05
9.98742E-05 9.98742E-05 9.98742E-05 9.98742E-05 9.98742E-05 9.98742E-05 9.98742E-05 9.98742E-05 0.00385075 9.98742E-05 9.98742E-05 9.98742E-05 0.992265 9.98742E-05 9.98742E-05 0.00248562 9.98742E-05
9.99101E-05 0.0109925 0.00784785 9.99101E-05 9.99101E-05 9.99101E-05 0.0173047 0.0408008 9.99101E-05 0.673653 9.99101E-05 9.99101E-05 0.158859 0.0895433 9.99101E-05 9.99101E-05 9.99101E-05
9.98739E-05 9.98739E-05 9.98739E-05 9.98739E-05 9.98739E-05 9.98739E-05 9.98739E-05 9.98739E-05 9.98739E-05 0.556276 9.98739E-05 9.98739E-05 0.431554 9.98739E-05 9.98739E-05 9.98739E-05 0.010772
9.98559E-05 9.98559E-05 9.98559E-05 9.98559E-05 9.98559E-05 9.98559E-05 9.98559E-05 9.98559E-05 9.98559E-05 9.98559E-05 9.98559E-05 9.98559E-05 9.98559E-05 0.998402 9.98559E-05 9.98559E-05 9.98559E-05
9.9865E-05 9.9865E-05 9.9865E-05 9.9865E-05 9.9865E-05 9.9865E-05 9.9865E-05 9.9865E-05 9.9865E-05 9.9865E-05 9.9865E-05 0.0344552 9.9865E-05 0.964047 9.9865E-05 9.9865E-05 9.9865E-05
0.0260269 9.98921E-05 9.98921E-05 9.98921E-05 9.98921E-05 9.98921E-05 9.98921E-05 9.98921E-05 0.00631625 0.83234 0.0367877 9.98921E-05 0.09733 9.98921E-05 9.98921E-05 9.98921E-05 9.98921E-05
0.965039 9.9892E-05 9.9892E-05 0.00153562 9.9892E-05 9.9892E-05 9.9892E-05 9.9892E-05 0.0203555 0.00879833 9.9892E-05 9.9892E-05 9.9892E-05 9.9892E-05 9.9892E-05 0.0030725 9.9892E-05
0.972264 9.9874E-05 9.9874E-05 9.9874E-05 9.9874E-05 9.9874E-05 9.9874E-05 9.9874E-05 9.9874E-05 0.0166561 9.9874E-05 9.9874E-05 9.9874E-05 0.00968165 9.9874E-05 9.9874E-05 9.9874E-05
9.98653E-05 9.98653E-05 0.000949919 0.997552 9.98653E-05 9.98653E-05 9.98653E-05 9.98653E-05 9.98653E-05 9.98653E-05 9.98653E-05 9.98653E-05 9.98653E-05 9.98653E-05 9.98653E-05 9.98653E-05 9.98653E-05
9.98563E-05 9.98563E-05 9.98563E-05 0.998402 9.98563E-05 9.98563E-05 9.98563E-05 9.98563E-05 9.98563E-05 9.98563E-05 9.98563E-05 9.98563E-05 9.98563E-05 9.98563E-05 9.98563E-05 9.98563E-05 9.98563E-05
0.0524011 9.99009E-05 9.99009E-05 9.99009E-05 9.99009E-05 9.99009E-05 0.786228 0.079392 9.99009E-05 9.99009E-05 9.99009E-05 0.0288401 9.99009E-05 9.99009E-05 0.00495745 0.0470826 9.99009E-05
0.0554559 9.99099E-05 9.99099E-05 9.99099E-05 9.99099E-05 9.99099E-05 0.767834 0.0701903 9.99099E-05 9.99099E-05 9.99099E-05 0.0789297 0.0115484 9.99099E-05 0.00222192 0.0128203 9.99099E-05
0.00725305 0.00221232 9.99011E-05 0.953991 9.99011E-05 9.99011E-05 9.99011E-05 9.99011E-05 0.021187 9.99011E-05 9.99011E-05 9.99011E-05 9.99011E-05 0.00259372 9.99011E-05 9.99011E-05 0.011664
9.98652E-05 9.98652E-05 9.98652E-05 0.979774 9.98652E-05 9.98652E-05 9.98652E-05 0.0187281 9.98652E-05 9.98652E-05 9.98652E-05 9.98652E-05 9.98652E-05 9.98652E-05 9.98652E-05 9.98652E-05 9.98652E-05
0.0196214 0.00380903 9.98829E-05 9.98829E-05 0.944433 9.98829E-05 9.98829E-05 9.98829E-05 9.98829E-05 9.98829E-05 9.98829E-05 0.030838 9.98829E-05 9.98829E-05 9.98829E-05 9.98829E-05 9.98829E-05
0.032249 0.132887 9.9892E-05 9.9892E-05 9.9892E-05 0.0193972 9.9892E-05 0.692714 9.9892E-05 9.9892E-05 9.9892E-05 0.121554 9.9892E-05 9.9892E-05 9.9892E-05 9.9892E-05 9.9892E-05
9.98651E-05 0.0488912 9.98651E-05 9.98651E-05 9.98651E-05 9.98651E-05 9.98651E-05 9.98651E-05 9.98651E-05 9.98651E-05 9.98651E-05 9.98651E-05 9.98651E-05 9.98651E-05 9.98651E-05 0.949611 9.98651E-05
9.9865E-05 9.9865E-05 0.984116 9.9865E-05 9.9865E-05 9.9865E-05 9.9865E-05 9.9865E-05 0.0143864 9.9865E-05 9.9865E-05 9.9865E-05 9.9865E-05 9.9865E-05 9.9865E-05 9.9865E-05 9.9865E-05
0.0279913 9.99101E-05 0.922968 0.00352632 0.0208003 9.99101E-05 9.99101E-05 9.99101E-05 9.99101E-05 9.99101E-05 9.99101E-05 0.0119124 9.99101E-05 9.99101E-05 0.00542402 9.99101E-05 0.00637897
9.99101E-05 9.99101E-05 9.99101E-05 0.00891093 9.99101E-05 0.0228839 9.99101E-05 9.99101E-05 0.0330738 9.99101E-05 0.0925403 9.99101E-05 0.403948 0.417974 9.99101E-05 0.0196696 9.99101E-05
