9.998E-05 0.9997 9.998E-05 9.998E-05
0.324275 0.38679 9.9991E-05 0.288834
0.904055 0.036019 0.0598265 9.99911E-05
0.9997 9.998E-05 9.998E-05 9.998E-05
0.438579 0.283397 9.9991E-05 0.277923
0.9997 9.998E-05 9.998E-05 9.998E-05
0.019544 0.573572 9.99911E-05 0.406784
0.41199 0.0710429 9.9991E-05 0.516867
0.0338211 0.566596 9.9991E-05 0.399483
9.9982E-05 0.865353 9.9982E-05 0.134447
9.9982E-05 0.873877 9.9982E-05 0.125923
0.0644932 0.935307 9.9982E-05 9.9982E-05
0.0359836 0.963816 9.99822E-05 9.99822E-05
0.977553 9.9982E-05 0.0222466 9.9982E-05
0.95808 0.04172 9.9982E-05 9.9982E-05
0.0218031 0.944674 9.9991E-05 0.0334229
0.0552658 0.76427 0.180364 9.9991E-05
9.9991E-05 0.140198 0.752531 0.107171
9.998E-05 9.998E-05 0.9997 9.998E-05
9.9982E-05 0.970075 9.9982E-05 0.0297248
9.998E-05 9.998E-05 0.9997 9.998E-05
9.9982E-05 0.991706 9.9982E-05 0.00809384
0.010682 0.368081 0.534162 0.0870747
9.998E-05 9.998E-05 0.9997 9.998E-05
0.969091 9.9982E-05 9.9982E-05 0.0307093
0.9997 9.998E-05 9.998E-05 9.998E-05
9.998E-05 0.9997 9.998E-05 9.998E-05
0.954899 9.9982E-05 9.9982E-05 0.0449007
0.893965 9.9982E-05 9.9982E-05 0.105835
0.667989 9.9991E-05 0.0310513 0.30086
0.681144 9.9991E-05 0.0252182 0.293538
0.111985 0.274807 9.9991E-05 0.613108
0.9997 9.998E-05 9.998E-05 9.998E-05
0.0975435 9.9982E-05 9.9982E-05 0.902257
0.105894 0.893906 9.9982E-05 9.9982E-05
0.973226 0.0265739 9.9982E-05 9.9982E-05
0.0841438 0.915656 9.99821E-05 9.99821E-05
0.0144193 0.740966 0.0157832 0.228831
0.226103 0.604843 0.168954 9.9991E-05
0.144997 0.854803 9.99819E-05 9.99819E-05
0.102142 0.882999 9.9991E-05 0.0147596
9.9991E-05 0.94068 0.0210427 0.0381771
9.9982E-05 0.930127 9.9982E-05 0.0696729
9.9982E-05 0.923968 9.9982E-05 0.0758322
9.9991E-05 0.803022 0.149365 0.0475132
0.0411316 0.808393 0.0467009 0.103774
0.119559 0.83917 9.9991E-05 0.0411704
9.99822E-05 0.98137 9.99822E-05 0.0184305
9.998E-05 9.998E-05 9.998E-05 0.9997
9.998E-05 9.998E-05 9.998E-05 0.9997
9.998E-05 9.998E-05 9.998E-05 0.9997
9.998E-05 9.998E-05 9.998E-05 0.9997
9.998E-05 9.998E-05 9.998E-05 0.9997
0.240748 0.104887 0.0189212 0.635443
9.998E-05 9.998E-05 9.998E-05 0.9997
9.9982E-05 0.998976 9.9982E-05 0.000824014
0.100298 0.309488 9.9991E-05 0.590114
0.9997 9.998E-05 9.998E-05 9.998E-05
0.00367497 0.996125 9.99821E-05 9.99821E-05
0.0795924 0.920208 9.9982E-05 9.9982E-05
9.998E-05 0.9997 9.998E-05 9.998E-05
9.998E-05 0.9997 9.998E-05 9.998E-05
9.998E-05 0.9997 9.998E-05 9.998E-05
9.9991E-05 0.045268 0.926417 0.0282149
0.9997 9.998E-05 9.998E-05 9.998E-05
0.192424 0.505803 0.0714828 0.230289
0.986403 9.9982E-05 9.9982E-05 0.0133967
0.964961 9.9982E-05 9.9982E-05 0.0348392
0.91024 9.9982E-05 9.9982E-05 0.0895604
0.92453 9.9991E-05 0.000465325 0.074905
0.928213 0.041844 9.9991E-05 0.0298433
0.9997 9.998E-05 9.998E-05 9.998E-05
0.49729 9.99821E-05 9.99821E-05 0.502511
0.496689 0.0526214 9.99911E-05 0.45059
0.923019 0.0660788 0.00273464 0.00816745
0.0716128 0.777278 9.9991E-05 0.151009
0.0444395 0.8155 9.9991E-05 0.139961
0.169261 0.551537 0.279102 9.9991E-05
0.140681 0.579833 0.279387 9.9991E-05
9.99819E-05 0.881931 9.99819E-05 0.117869
9.99819E-05 0.888582 9.99819E-05 0.111218
0.164722 0.558042 0.277136 9.9991E-05
0.182117 0.546911 0.270873 9.9991E-05
9.9982E-05 0.973067 9.9982E-05 0.0267329
0.013928 0.915606 0.0327824 0.0376839
0.110297 0.29124 9.9991E-05 0.598363
0.10231 0.683999 0.213591 9.9991E-05
0.033099 0.798783 0.168018 9.9991E-05
0.612939 9.9991E-05 0.0703172 0.316643
