0.0144528 9.9982E-05 0.942177 0.0431702 9.9982E-05
0.265122 9.9991E-05 0.358345 0.0483147 0.328118
0.0695285 0.0439784 9.99911E-05 0.0518343 0.834559
9.9973E-05 9.9973E-05 9.9973E-05 0.0233083 0.976392
0.273613 9.9991E-05 0.278608 0.0214841 0.426195
9.997E-05 9.997E-05 9.997E-05 9.997E-05 0.9996
0.385772 9.99821E-05 0.595664 9.99821E-05 0.0183637
0.496306 9.9991E-05 0.0684679 0.0650734 0.370053
0.429814 9.99821E-05 0.553975 9.99821E-05 0.0160112
0.161038 9.9982E-05 0.719291 0.119471 9.9982E-05
0.123198 9.9982E-05 0.727632 0.14897 9.9982E-05
9.9982E-05 9.9982E-05 0.803635 0.154215 0.0419503
9.99751E-05 9.99751E-05 0.904653 9.99751E-05 0.0950472
9.9982E-05 0.0206903 9.9982E-05 0.00603416 0.973076
9.9982E-05 0.0151719 0.023647 9.9982E-05 0.960981
0.0533716 9.9991E-05 0.879436 0.0278976 0.0391949
0.00305394 0.0922795 0.475229 0.417222 0.0122154
0.0722706 0.735487 0.192042 9.9982E-05 9.9982E-05
9.9973E-05 0.929196 9.9973E-05 0.0705038 9.9973E-05
9.9973E-05 9.9973E-05 0.817054 0.182646 9.9973E-05
9.997E-05 0.9996 9.997E-05 9.997E-05 9.997E-05
9.9982E-05 9.9982E-05 0.930861 0.0436847 0.0252548
0.0557354 0.423355 0.102556 0.377825 0.040528
9.9973E-05 0.902845 9.9973E-05 0.0968556 9.9973E-05
0.0432947 9.9973E-05 9.9973E-05 9.9973E-05 0.956405
9.997E-05 9.997E-05 9.997E-05 9.997E-05 0.9996
9.9973E-05 9.9973E-05 0.932926 0.0667739 9.9973E-05
0.078979 9.9973E-05 9.9973E-05 9.9973E-05 0.920721
0.0865882 9.9973E-05 9.9973E-05 9.9973E-05 0.913112
0.294678 0.0323194 9.9991E-05 0.00212388 0.670779
0.348192 9.9982E-05 9.9982E-05 0.0669801 0.584628
0.618636 9.99821E-05 0.276914 9.99821E-05 0.10425
9.997E-05 9.997E-05 9.997E-05 9.997E-05 0.9996
0.92471 9.9973E-05 9.9973E-05 9.9973E-05 0.0749899
9.9982E-05 9.9982E-05 0.674416 0.261993 0.063391
9.9973E-05 9.9973E-05 0.0160726 9.9973E-05 0.983627
9.99821E-05 9.99821E-05 0.886354 0.0260503 0.0873953
0.184256 0.0472953 0.691575 0.0227918 0.0540814
9.9991E-05 0.0601382 0.32965 0.472769 0.137343
9.99819E-05 9.99819E-05 0.726042 0.104944 0.168813
0.0300597 0.00837991 0.783979 0.092064 0.0855176
0.0354306 0.0150612 0.817762 0.131646 9.9991E-05
0.0966685 9.9973E-05 0.903032 9.9973E-05 9.9973E-05
0.0803417 0.00472979 0.737191 0.177637 9.9991E-05
0.0311163 0.101405 0.68345 0.183929 9.9991E-05
0.0668089 0.0380231 0.687091 0.142764 0.0653126
0.0725346 9.9991E-05 0.677573 0.163632 0.08616
9.99733E-05 0.0342293 0.965471 9.99733E-05 9.99733E-05
0.9996 9.997E-05 9.997E-05 9.997E-05 9.997E-05
0.9996 9.997E-05 9.997E-05 9.997E-05 9.997E-05
0.9996 9.997E-05 9.997E-05 9.997E-05 9.997E-05
0.9996 9.997E-05 9.997E-05 9.997E-05 9.997E-05
0.9996 9.997E-05 9.997E-05 9.997E-05 9.997E-05
0.604467 0.0430006 0.0860581 9.9991E-05 0.266374
0.987688 9.9982E-05 0.00504024 0.00707189 9.9982E-05
9.997E-05 9.997E-05 0.9996 9.997E-05 9.997E-05
0.591316 9.9991E-05 0.307453 0.0223786 0.0787528
9.997E-05 9.997E-05 9.997E-05 9.997E-05 0.9996
9.99731E-05 9.99731E-05 0.930771 0.0689289 9.99731E-05
0.0345022 9.9991E-05 0.885185 0.0043186 0.075894
9.99732E-05 0.0212529 0.978447 9.99732E-05 9.99732E-05
9.997E-05 9.997E-05 0.9996 9.997E-05 9.997E-05
9.9982E-05 0.0207281 0.906242 0.0728296 9.9982E-05
0.0319452 0.95902 0.00883528 9.9982E-05 9.9982E-05
9.997E-05 9.997E-05 9.997E-05 9.997E-05 0.9996
0.242574 0.0189556 0.445622 0.0424394 0.250409
9.99731E-05 9.99731E-05 0.0174159 9.99731E-05 0.982284
0.031457 9.9973E-05 9.9973E-05 9.9973E-05 0.968243
0.0861596 9.9973E-05 9.9973E-05 9.9973E-05 0.91354
0.0474656 9.9982E-05 0.00783902 9.9982E-05 0.944495
0.0285948 9.9991E-05 0.0108054 0.0344506 0.926049
9.9973E-05 9.9973E-05 9.9973E-05 0.0172171 0.982483
0.477142 9.99732E-05 9.99732E-05 9.99732E-05 0.522558
0.380658 0.0302328 0.0585287 9.99911E-05 0.53048
0.0198164 9.9991E-05 0.0338436 0.00466813 0.941572
0.142349 9.9991E-05 0.718512 0.0835664 0.055473
0.161946 9.9991E-05 0.733074 0.0703976 0.0344823
9.997E-05 9.997E-05 9.997E-05 0.9996 9.997E-05
9.997E-05 9.997E-05 9.997E-05 0.9996 9.997E-05
0.0965644 9.99819E-05 0.822528 0.0807079 9.99819E-05
0.110567 0.00431055 0.825233 0.0597893 9.9991E-05
9.997E-05 9.997E-05 9.997E-05 0.9996 9.997E-05
9.997E-05 9.997E-05 9.997E-05 0.9996 9.997E-05
0.0279041 9.9973E-05 0.971796 9.9973E-05 9.9973E-05
0.0423819 0.0543025 0.881246 9.9991E-05 0.0219698
0.598848 9.9991E-05 0.327584 0.00425705 0.0692106
9.9991E-05 0.140169 0.491462 0.295552 0.0727168
9.99821E-05 0.064968 0.577444 0.357389 9.99821E-05
0.345467 0.034942 9.9991E-05 0.00817517 0.611316
