9.99189E-05 0.0545277 0.00453916 9.99189E-05 0.940034 9.99189E-05 9.99189E-05 9.99189E-05 9.99189E-05 9.99189E-05 9.99189E-05 9.99189E-05
9.99279E-05 9.99279E-05 0.0994842 9.99279E-05 0.0409425 9.99279E-05 9.99279E-05 0.119704 9.99279E-05 9.99279E-05 0.73907 9.99279E-05
9.99376E-05 9.99376E-05 9.99376E-05 9.99376E-05 9.99376E-05 9.99376E-05 0.0222335 0.742752 0.0743451 0.152857 9.99376E-05 0.00711276
0.00360778 0.00178156 9.99281E-05 9.99281E-05 9.99281E-05 9.99281E-05 0.0408268 0.952984 9.99281E-05 9.99281E-05 9.99281E-05 9.99281E-05
9.99551E-05 0.179888 0.0310143 0.0132733 0.0402983 9.99551E-05 9.99551E-05 0.30196 9.99551E-05 0.303433 0.129634 9.99551E-05
9.9919E-05 9.9919E-05 9.9919E-05 0.051408 9.9919E-05 9.9919E-05 9.9919E-05 0.934557 9.9919E-05 0.0131355 9.9919E-05 9.9919E-05
9.99191E-05 9.99191E-05 9.99191E-05 9.99191E-05 9.99191E-05 0.240367 9.99191E-05 9.99191E-05 0.263827 0.494907 9.99191E-05 9.99191E-05
0.0892747 0.057601 9.99459E-05 9.99459E-05 9.99459E-05 9.99459E-05 0.0316189 0.151695 9.99459E-05 0.589236 0.0799749 9.99459E-05
9.9937E-05 0.0727851 9.9937E-05 9.9937E-05 9.9937E-05 0.215626 9.9937E-05 9.9937E-05 0.140326 0.386622 0.183941 9.9937E-05
9.99012E-05 0.998901 9.99012E-05 9.99012E-05 9.99012E-05 9.99012E-05 9.99012E-05 9.99012E-05 9.99012E-05 9.99012E-05 9.99012E-05 9.99012E-05
9.99102E-05 0.959521 9.99102E-05 9.99102E-05 9.99102E-05 9.99102E-05 9.99102E-05 9.99102E-05 9.99102E-05 0.0394797 9.99102E-05 9.99102E-05
9.9946E-05 9.9946E-05 9.9946E-05 0.0279309 0.680249 9.9946E-05 0.102929 0.0286737 0.142179 0.0174387 9.9946E-05 9.9946E-05
9.99191E-05 9.99191E-05 9.99191E-05 0.0105562 9.99191E-05 9.99191E-05 9.99191E-05 9.99191E-05 0.943483 0.0450618 9.99191E-05 9.99191E-05
9.99281E-05 9.99281E-05 9.99281E-05 0.0218515 9.99281E-05 9.99281E-05 9.99281E-05 0.919778 9.99281E-05 9.99281E-05 0.0349282 0.0226428
9.99101E-05 9.99101E-05 9.99101E-05 9.99101E-05 0.0648702 9.99101E-05 9.99101E-05 0.934131 9.99101E-05 9.99101E-05 9.99101E-05 9.99101E-05
9.99189E-05 9.99189E-05 9.99189E-05 0.12095 9.99189E-05 0.7937 9.99189E-05 9.99189E-05 0.0844509 9.99189E-05 9.99189E-05 9.99189E-05
9.991E-05 0.0506459 0.948355 9.991E-05 9.991E-05 9.991E-05 9.991E-05 9.991E-05 9.991E-05 9.991E-05 9.991E-05 9.991E-05
0.0160662 0.180535 9.99369E-05 9.99369E-05 9.99369E-05 0.0203865 9.99369E-05 9.99369E-05 9.99369E-05 9.99369E-05 0.0835955 0.698717
9.991E-05 9.991E-05 9.991E-05 9.991E-05 9.991E-05 9.991E-05 0.0727798 9.991E-05 9.991E-05 9.991E-05 9.991E-05 0.926221
9.99369E-05 0.454997 9.99369E-05 0.136592 0.121091 0.258504 0.0281161 9.99369E-05 9.99369E-05 9.99369E-05 9.99369E-05 9.99369E-05
9.99011E-05 9.99011E-05 9.99011E-05 9.99011E-05 9.99011E-05 9.99011E-05 9.99011E-05 9.99011E-05 9.99011E-05 9.99011E-05 9.99011E-05 0.998901
9.99459E-05 0.0695603 0.0309054 9.99459E-05 0.547509 0.293666 0.00160796 9.99459E-05 0.0561512 9.99459E-05 9.99459E-05 9.99459E-05
0.000740014 0.202113 0.251732 9.99371E-05 9.99371E-05 9.99371E-05 0.213736 9.99371E-05 9.99371E-05 9.99371E-05 9.99371E-05 0.330979
9.99189E-05 9.99189E-05 9.99189E-05 0.124102 9.99189E-05 9.99189E-05 0.022315 9.99189E-05 9.99189E-05 9.99189E-05 9.99189E-05 0.852684
0.0429003 9.99193E-05 9.99193E-05 9.99193E-05 9.99193E-05 9.99193E-05 9.99193E-05 0.954981 0.0012196 9.99193E-05 9.99193E-05 9.99193E-05
9.99013E-05 9.99013E-05 9.99013E-05 9.99013E-05 9.99013E-05 9.99013E-05 9.99013E-05 0.998901 9.99013E-05 9.99013E-05 9.99013E-05 9.99013E-05
0.00915462 0.051786 0.059247 9.99459E-05 0.0903263 9.99459E-05 0.0279964 9.99459E-05 0.76089 9.99459E-05 9.99459E-05 9.99459E-05
0.0775385 9.9919E-05 9.9919E-05 9.9919E-05 9.9919E-05 0.00586253 9.9919E-05 0.9157 9.9919E-05 9.9919E-05 9.9919E-05 9.9919E-05
0.0746333 9.9928E-05 9.9928E-05 9.9928E-05 9.9928E-05 0.0152659 9.9928E-05 0.907608 9.9928E-05 9.9928E-05 0.00169333 9.9928E-05
0.15052 9.9964E-05 0.0186706 9.9964E-05 0.0146249 9.9964E-05 0.00392722 0.536911 9.9964E-05 0.221395 0.0236638 0.0298884
0.0702013 9.99459E-05 0.0146132 0.016668 9.99459E-05 9.99459E-05 0.0260793 0.410625 9.99459E-05 0.461213 9.99459E-05 9.99459E-05
9.99013E-05 9.99013E-05 9.99013E-05 9.99013E-05 9.99013E-05 9.99013E-05 9.99013E-05 9.99013E-05 9.99013E-05 9.99013E-05 0.998901 9.99013E-05
9.99191E-05 9.99191E-05 0.0243752 9.99191E-05 9.99191E-05 9.99191E-05 9.99191E-05 0.878388 9.99191E-05 0.0963376 9.99191E-05 9.99191E-05
0.790905 9.99192E-05 9.99192E-05 9.99192E-05 9.99192E-05 9.99192E-05 9.99192E-05 0.00233057 9.99192E-05 0.205865 9.99192E-05 9.99192E-05
9.99548E-05 0.0279468 0.254421 0.055192 0.050634 9.99548E-05 0.106307 0.0255802 0.479419 9.99548E-05 9.99548E-05 9.99548E-05
9.99278E-05 9.99278E-05 9.99278E-05 0.028217 9.99278E-05 0.0293589 9.99278E-05 0.879739 9.99278E-05 0.0618853 9.99278E-05 9.99278E-05
9.991E-05 9.991E-05 9.991E-05 9.991E-05 0.957316 9.991E-05 9.991E-05 9.991E-05 9.991E-05 0.0416845 9.991E-05 9.991E-05
9.9946E-05 0.659209 0.0492707 9.9946E-05 0.0835966 9.9946E-05 9.9946E-05 9.9946E-05 9.9946E-05 0.00848913 0.195715 0.00311963
9.9901E-05 9.9901E-05 0.998901 9.9901E-05 9.9901E-05 9.9901E-05 9.9901E-05 9.9901E-05 9.9901E-05 9.9901E-05 9.9901E-05 9.9901E-05
9.99458E-05 0.307412 0.123408 0.029515 0.230511 0.221348 9.99458E-05 0.087206 9.99458E-05 9.99458E-05 9.99458E-05 9.99458E-05
9.99549E-05 0.34077 0.101133 9.99549E-05 0.281216 0.210245 0.000124993 0.038074 9.99549E-05 9.99549E-05 0.0279366 9.99549E-05
9.99279E-05 0.902582 0.0313312 0.0270028 0.0382842 9.99279E-05 9.99279E-05 9.99279E-05 9.99279E-05 9.99279E-05 9.99279E-05 9.99279E-05
9.99281E-05 0.0335532 9.99281E-05 9.99281E-05 0.0107492 0.894276 9.99281E-05 9.99281E-05 0.0606218 9.99281E-05 9.99281E-05 9.99281E-05
0.0151542 0.865178 9.9946E-05 0.110599 0.000703989 9.9946E-05 0.00553195 9.9946E-05 0.0022335 9.9946E-05 9.9946E-05 9.9946E-05
9.99639E-05 0.372001 9.99639E-05 0.23843 0.00941853 0.0625516 0.0681663 9.99639E-05 0.106678 9.99639E-05 0.057367 0.0849873
9.9964E-05 0.459648 9.9964E-05 0.178814 0.104144 0.167466 9.9964E-05 0.0356288 9.9964E-05 0.0124052 0.014225 0.0272697
0.0634384 0.211071 0.102502 0.273375 0.144294 9.9955E-05 9.9955E-05 0.0882333 0.116586 9.9955E-05 9.9955E-05 9.9955E-05
9.99017E-05 9.99017E-05 9.99017E-05 9.99017E-05 0.998901 9.99017E-05 9.99017E-05 9.99017E-05 9.99017E-05 9.99017E-05 9.99017E-05 9.99017E-05
0.998901 9.99011E-05 9.99011E-05 9.99011E-05 9.99011E-05 9.99011E-05 9.99011E-05 9.99011E-05 9.99011E-05 9.99011E-05 9.99011E-05 9.99011E-05
0.998901 9.99011E-05 9.99011E-05 9.99011E-05 9.99011E-05 9.99011E-05 9.99011E-05 9.99011E-05 9.99011E-05 9.99011E-05 9.99011E-05 9.99011E-05
0.991281 9.99101E-05 9.99101E-05 0.00772017 9.99101E-05 9.99101E-05 9.99101E-05 9.99101E-05 9.99101E-05 9.99101E-05 9.99101E-05 9.99101E-05
0.998901 9.99011E-05 9.99011E-05 9.99011E-05 9.99011E-05 9.99011E-05 9.99011E-05 9.99011E-05 9.99011E-05 9.99011E-05 9.99011E-05 9.99011E-05
0.997497 9.99101E-05 9.99101E-05 9.99101E-05 9.99101E-05 9.99101E-05 9.99101E-05 0.00150433 9.99101E-05 9.99101E-05 9.99101E-05 9.99101E-05
0.338983 0.0319264 9.99551E-05 9.99551E-05 9.99551E-05 0.0875362 9.99551E-05 0.0803102 9.99551E-05 0.382167 0.046208 0.0323696
0.930875 9.9928E-05 9.9928E-05 9.9928E-05 9.9928E-05 0.00349133 0.0106283 9.9928E-05 9.9928E-05 9.9928E-05 0.054206 9.9928E-05
9.99279E-05 9.99279E-05 9.99279E-05 0.0278175 0.798183 0.166272 9.99279E-05 9.99279E-05 0.00692897 9.99279E-05 9.99279E-05 9.99279E-05
0.029819 9.99369E-05 9.99369E-05 9.99369E-05 9.99369E-05 0.0365706 9.99369E-05 9.99369E-05 0.015154 0.00860218 0.909155 9.99369E-05
9.99099E-05 9.99099E-05 0.00887061 9.99099E-05 9.99099E-05 9.99099E-05 9.99099E-05 0.99013 9.99099E-05 9.99099E-05 9.99099E-05 9.99099E-05
0.0153783 9.9937E-05 9.9937E-05 9.9937E-05 0.0555079 0.0611607 0.0496949 9.9937E-05 0.817559 9.9937E-05 9.9937E-05 9.9937E-05
9.99191E-05 9.99191E-05 9.99191E-05 0.111799 9.99191E-05 0.86813 9.99191E-05 9.99191E-05 0.0191716 9.99191E-05 9.99191E-05 9.99191E-05
9.99103E-05 9.99103E-05 9.99103E-05 9.99103E-05 9.99103E-05 9.99103E-05 9.99103E-05 9.99103E-05 0.969978 0.0290229 9.99103E-05 9.99103E-05
9.99099E-05 0.101747 9.99099E-05 9.99099E-05 9.99099E-05 9.99099E-05 9.99099E-05 9.99099E-05 0.897254 9.99099E-05 9.99099E-05 9.99099E-05
9.99368E-05 0.0608362 0.0168767 0.0599976 9.99368E-05 9.99368E-05 0.048894 9.99368E-05 0.812696 9.99368E-05 9.99368E-05 9.99368E-05
9.99192E-05 9.99192E-05 9.99192E-05 9.99192E-05 0.0854769 9.99192E-05 9.99192E-05 9.99192E-05 9.99192E-05 0.0358672 9.99192E-05 0.877757
9.99014E-05 9.99014E-05 9.99014E-05 9.99014E-05 9.99014E-05 9.99014E-05 9.99014E-05 0.998901 9.99014E-05 9.99014E-05 9.99014E-05 9.99014E-05
0.219923 0.18577 9.9982E-05 0.0433813 0.0921217 0.0112328 0.0486259 0.206016 0.151839 0.0152838 9.9982E-05 0.0256073
0.00139962 9.99373E-05 9.99373E-05 9.99373E-05 9.99373E-05 0.041573 9.99373E-05 0.92359 0.0120287 0.0207092 9.99373E-05 9.99373E-05
0.0189362 9.9928E-05 0.054208 9.9928E-05 9.9928E-05 9.9928E-05 9.9928E-05 0.919131 9.9928E-05 0.00692535 9.9928E-05 9.9928E-05
0.0540696 9.9928E-05 9.9928E-05 9.9928E-05 9.9928E-05 0.0758354 9.9928E-05 0.839501 9.9928E-05 0.0297943 9.9928E-05 9.9928E-05
0.0340397 9.9937E-05 9.9937E-05 9.9937E-05 9.9937E-05 0.0367177 9.9937E-05 0.859626 9.9937E-05 0.0247694 0.0441477 9.9937E-05
9.993E-05 0.033573 9.993E-05 0.019533 0.0440187 9.993E-05 9.993E-05 0.818933 9.993E-05 0.083243 9.993E-05 9.993E-05
9.9928E-05 9.9928E-05 0.035569 0.0014521 9.9928E-05 9.9928E-05 9.9928E-05 0.96202 9.9928E-05 0.000159826 9.9928E-05 9.9928E-05
0.0610445 9.99278E-05 0.0104996 9.99278E-05 9.99278E-05 9.99278E-05 9.99278E-05 0.00973674 9.99278E-05 0.91792 9.99278E-05 9.99278E-05
9.99099E-05 9.99099E-05 9.99099E-05 9.99099E-05 9.99099E-05 9.99099E-05 9.99099E-05 9.99099E-05 0.0372158 0.961785 9.99099E-05 9.99099E-05
0.00774038 0.0250603 9.99371E-05 9.99371E-05 9.99371E-05 0.00410251 0.00802715 0.95437 9.99371E-05 9.99371E-05 9.99371E-05 9.99371E-05
9.99189E-05 9.99189E-05 0.00650574 9.99189E-05 9.99189E-05 0.983035 9.99189E-05 0.00956042 9.99189E-05 9.99189E-05 9.99189E-05 9.99189E-05
0.00882978 9.991E-05 9.991E-05 9.991E-05 9.991E-05 0.990171 9.991E-05 9.991E-05 9.991E-05 9.991E-05 9.991E-05 9.991E-05
9.991E-05 9.991E-05 9.991E-05 9.991E-05 0.0220201 9.991E-05 0.976981 9.991E-05 9.991E-05 9.991E-05 9.991E-05 9.991E-05
9.99012E-05 9.99012E-05 9.99012E-05 9.99012E-05 9.99012E-05 9.99012E-05 0.998901 9.99012E-05 9.99012E-05 9.99012E-05 9.99012E-05 9.99012E-05
9.99369E-05 0.836075 9.99369E-05 9.99369E-05 0.0137643 0.0988125 9.99369E-05 9.99369E-05 0.00484625 9.99369E-05 0.0458019 9.99369E-05
9.9928E-05 0.839694 9.9928E-05 9.9928E-05 9.9928E-05 0.0890514 9.9928E-05 9.9928E-05 0.0541058 9.9928E-05 0.0163491 9.9928E-05
9.99281E-05 0.00413832 0.0215874 9.99281E-05 9.99281E-05 9.99281E-05 0.962648 9.99281E-05 9.99281E-05 0.0108265 9.99281E-05 9.99281E-05
9.99011E-05 9.99011E-05 9.99011E-05 9.99011E-05 9.99011E-05 9.99011E-05 0.998901 9.99011E-05 9.99011E-05 9.99011E-05 9.99011E-05 9.99011E-05
9.99189E-05 9.99189E-05 9.99189E-05 9.99189E-05 0.904504 0.0249178 9.99189E-05 9.99189E-05 0.0696787 9.99189E-05 9.99189E-05 9.99189E-05
9.9955E-05 0.172309 0.00041469 9.9955E-05 0.0105218 0.502018 9.9955E-05 9.9955E-05 0.189839 9.9955E-05 0.0391844 0.0852142
0.0320568 9.9937E-05 9.9937E-05 0.00533172 9.9937E-05 9.9937E-05 9.9937E-05 9.9937E-05 0.00910547 0.00400672 0.9488 9.9937E-05
9.99009E-05 9.99009E-05 9.99009E-05 0.998901 9.99009E-05 9.99009E-05 9.99009E-05 9.99009E-05 9.99009E-05 9.99009E-05 9.99009E-05 9.99009E-05
9.9946E-05 9.9946E-05 0.0966714 0.737562 0.0186533 0.0231095 0.0401259 9.9946E-05 0.0832777 9.9946E-05 9.9946E-05 9.9946E-05
0.0584917 9.9937E-05 9.9937E-05 9.9937E-05 9.9937E-05 9.9937E-05 0.0666598 0.344485 9.9937E-05 0.504311 9.9937E-05 0.025353
