9.99099E-05 9.99099E-05 9.99099E-05 9.99099E-05 9.99099E-05 0.0779785 0.921022 9.99099E-05 9.99099E-05 9.99099E-05 9.99099E-05 9.99099E-05
0.674984 9.99369E-05 9.99369E-05 9.99369E-05 0.00370859 9.99369E-05 0.0808752 0.111231 0.128501 9.99369E-05 9.99369E-05 9.99369E-05
9.99286E-05 9.99286E-05 9.99286E-05 0.315124 0.0514779 9.99286E-05 9.99286E-05 9.99286E-05 0.524851 9.99286E-05 0.107748 9.99286E-05
9.99281E-05 0.00736875 9.99281E-05 9.99281E-05 0.0142606 9.99281E-05 9.99281E-05 0.0142475 0.963324 9.99281E-05 9.99281E-05 9.99281E-05
0.302173 0.0434316 9.99462E-05 0.0958838 9.99462E-05 0.121673 9.99462E-05 0.0573806 0.378858 9.99462E-05 9.99462E-05 9.99462E-05
9.9928E-05 9.9928E-05 9.9928E-05 0.00780534 9.9928E-05 9.9928E-05 9.9928E-05 0.0191424 0.944797 9.9928E-05 9.9928E-05 0.0274556
0.660304 9.99282E-05 0.0196003 0.00458657 9.99282E-05 9.99282E-05 9.99282E-05 9.99282E-05 9.99282E-05 9.99282E-05 0.31471 9.99282E-05
0.0995397 0.0559638 9.99459E-05 0.720524 0.00207351 0.0827249 9.99459E-05 9.99459E-05 0.0385746 9.99459E-05 9.99459E-05 9.99459E-05
0.717715 9.99192E-05 0.0966638 9.99192E-05 9.99192E-05 9.99192E-05 9.99192E-05 9.99192E-05 9.99192E-05 9.99192E-05 0.184721 9.99192E-05
9.99012E-05 9.99012E-05 9.99012E-05 9.99012E-05 9.99012E-05 0.998901 9.99012E-05 9.99012E-05 9.99012E-05 9.99012E-05 9.99012E-05 9.99012E-05
9.99013E-05 9.99013E-05 9.99013E-05 9.99013E-05 9.99013E-05 0.998901 9.99013E-05 9.99013E-05 9.99013E-05 9.99013E-05 9.99013E-05 9.99013E-05
9.9937E-05 9.9937E-05 0.0147029 9.9937E-05 0.134241 9.9937E-05 0.642503 9.9937E-05 0.0262579 9.9937E-05 0.181595 9.9937E-05
9.99101E-05 9.99101E-05 9.99101E-05 0.02657 9.99101E-05 9.99101E-05 9.99101E-05 9.99101E-05 9.99101E-05 9.99101E-05 0.972431 9.99101E-05
9.99281E-05 9.99281E-05 9.99281E-05 9.99281E-05 9.99281E-05 9.99281E-05 0.017747 0.0248182 0.929092 0.0275439 9.99281E-05 9.99281E-05
9.99191E-05 9.99191E-05 9.99191E-05 9.99191E-05 9.99191E-05 9.99191E-05 0.0425165 9.99191E-05 0.951545 9.99191E-05 9.99191E-05 0.00503941
9.99281E-05 0.0112672 0.835201 9.99281E-05 9.99281E-05 9.99281E-05 9.99281E-05 9.99281E-05 9.99281E-05 9.99281E-05 0.13507 0.0176631
9.99099E-05 9.99099E-05 9.99099E-05 9.99099E-05 9.99099E-05 0.0729199 9.99099E-05 0.926081 9.99099E-05 9.99099E-05 9.99099E-05 9.99099E-05
0.0427166 0.0192512 0.102183 9.996E-05 9.996E-05 0.0441078 0.0386021 0.0228111 9.996E-05 0.699916 9.996E-05 0.0300125
9.991E-05 9.991E-05 9.991E-05 9.991E-05 0.116778 9.991E-05 9.991E-05 9.991E-05 9.991E-05 0.882223 9.991E-05 9.991E-05
9.9937E-05 9.9937E-05 0.301874 9.9937E-05 0.0494039 0.495933 0.106443 0.0456461 9.9937E-05 9.9937E-05 9.9937E-05 9.9937E-05
9.99011E-05 9.99011E-05 9.99011E-05 9.99011E-05 9.99011E-05 9.99011E-05 9.99011E-05 9.99011E-05 9.99011E-05 0.998901 9.99011E-05 9.99011E-05
9.9937E-05 9.9937E-05 0.353917 9.9937E-05 9.9937E-05 0.0483116 0.469336 0.109433 9.9937E-05 9.9937E-05 0.0183033 9.9937E-05
9.99009E-05 9.99009E-05 9.99009E-05 9.99009E-05 9.99009E-05 9.99009E-05 9.99009E-05 9.99009E-05 9.99009E-05 9.99009E-05 9.99009E-05 0.998901
9.99098E-05 9.99098E-05 9.99098E-05 9.99098E-05 9.99098E-05 9.99098E-05 9.99098E-05 9.99098E-05 9.99098E-05 0.650984 9.99098E-05 0.348017
9.99192E-05 0.0205592 9.99192E-05 9.99192E-05 9.99192E-05 9.99192E-05 9.99192E-05 9.99192E-05 0.973849 9.99192E-05 0.00469289 9.99192E-05
9.99012E-05 9.99012E-05 9.99012E-05 9.99012E-05 9.99012E-05 9.99012E-05 9.99012E-05 9.99012E-05 0.998901 9.99012E-05 9.99012E-05 9.99012E-05
9.99368E-05 9.99368E-05 9.99368E-05 9.99368E-05 0.03713 0.0958713 0.0842299 0.0430726 9.99368E-05 9.99368E-05 0.738997 9.99368E-05
0.0145598 0.0559389 9.99281E-05 0.00995227 9.99281E-05 9.99281E-05 9.99281E-05 9.99281E-05 0.91875 9.99281E-05 9.99281E-05 9.99281E-05
9.9937E-05 0.0619537 0.0279692 0.00178444 9.9937E-05 9.9937E-05 9.9937E-05 9.9937E-05 0.900288 9.9937E-05 0.0073049 9.9937E-05
9.99551E-05 0.14669 9.99551E-05 0.245342 0.0138821 9.99551E-05 0.0211407 0.0435614 0.496888 0.0319967 9.99551E-05 9.99551E-05
9.99279E-05 0.0646957 9.99279E-05 0.580849 9.99279E-05 9.99279E-05 9.99279E-05 9.99279E-05 0.313503 9.99279E-05 9.99279E-05 0.0401533
0.998901 9.99013E-05 9.99013E-05 9.99013E-05 9.99013E-05 9.99013E-05 9.99013E-05 9.99013E-05 9.99013E-05 9.99013E-05 9.99013E-05 9.99013E-05
9.99281E-05 9.99281E-05 0.0226498 0.142585 9.99281E-05 9.99281E-05 9.99281E-05 0.0170538 0.816912 9.99281E-05 9.99281E-05 9.99281E-05
0.0285953 0.710192 0.00587189 0.251898 9.99371E-05 9.99371E-05 0.0027433 9.99371E-05 9.99371E-05 9.99371E-05 9.99371E-05 9.99371E-05
9.99458E-05 0.0319323 9.99458E-05 0.0146367 0.0769211 0.0668381 9.99458E-05 0.334932 9.99458E-05 9.99458E-05 0.47414 9.99458E-05
0.00323798 9.99369E-05 9.99369E-05 0.0133276 9.99369E-05 9.99369E-05 9.99369E-05 0.0336628 0.930095 9.99369E-05 0.0189771 9.99369E-05
9.991E-05 9.991E-05 9.991E-05 0.034246 9.991E-05 9.991E-05 0.964755 9.991E-05 9.991E-05 9.991E-05 9.991E-05 9.991E-05
0.182802 9.99459E-05 9.99459E-05 9.99459E-05 9.99459E-05 0.615466 0.123794 0.0129604 0.0058454 9.99459E-05 9.99459E-05 0.058532
9.9901E-05 9.9901E-05 9.9901E-05 9.9901E-05 9.9901E-05 9.9901E-05 9.9901E-05 0.998901 9.9901E-05 9.9901E-05 9.9901E-05 9.9901E-05
9.99369E-05 9.99369E-05 0.367718 9.99369E-05 9.99369E-05 0.171345 0.176662 0.224748 0.0588285 9.99369E-05 9.99369E-05 9.99369E-05
9.99369E-05 9.99369E-05 0.366253 9.99369E-05 9.99369E-05 0.225484 0.237364 0.163409 9.99369E-05 0.00679043 9.99369E-05 9.99369E-05
9.9928E-05 9.9928E-05 0.0131585 9.9928E-05 9.9928E-05 0.914939 0.0495148 0.0215885 9.9928E-05 9.9928E-05 9.9928E-05 9.9928E-05
9.9928E-05 9.9928E-05 0.86284 9.9928E-05 9.9928E-05 0.0300866 0.0183163 9.9928E-05 9.9928E-05 9.9928E-05 0.0879581 9.9928E-05
9.9928E-05 9.9928E-05 9.9928E-05 9.9928E-05 0.0194828 0.897474 0.0521241 9.9928E-05 9.9928E-05 9.9928E-05 0.0301195 9.9928E-05
0.0203385 9.99458E-05 0.124123 9.99458E-05 9.99458E-05 0.160257 0.0825226 9.99458E-05 9.99458E-05 9.99458E-05 0.113904 0.498255
9.994E-05 9.994E-05 0.248119 0.00609183 9.994E-05 0.364846 0.13486 9.994E-05 0.0667052 9.994E-05 9.994E-05 0.178779
9.9955E-05 0.0734162 9.9955E-05 9.9955E-05 9.9955E-05 0.247809 0.170581 0.232158 0.0831624 9.9955E-05 0.148087 0.0442863
9.99106E-05 9.99106E-05 9.99106E-05 9.99106E-05 9.99106E-05 9.99106E-05 0.994662 9.99106E-05 9.99106E-05 0.00433931 9.99106E-05 9.99106E-05
9.99011E-05 0.998901 9.99011E-05 9.99011E-05 9.99011E-05 9.99011E-05 9.99011E-05 9.99011E-05 9.99011E-05 9.99011E-05 9.99011E-05 9.99011E-05
9.99011E-05 0.998901 9.99011E-05 9.99011E-05 9.99011E-05 9.99011E-05 9.99011E-05 9.99011E-05 9.99011E-05 9.99011E-05 9.99011E-05 9.99011E-05
9.99191E-05 0.992137 9.99191E-05 9.99191E-05 9.99191E-05 0.00210996 9.99191E-05 9.99191E-05 9.99191E-05 0.00485388 9.99191E-05 9.99191E-05
9.99011E-05 0.998901 9.99011E-05 9.99011E-05 9.99011E-05 9.99011E-05 9.99011E-05 9.99011E-05 9.99011E-05 9.99011E-05 9.99011E-05 9.99011E-05
9.99011E-05 0.998901 9.99011E-05 9.99011E-05 9.99011E-05 9.99011E-05 9.99011E-05 9.99011E-05 9.99011E-05 9.99011E-05 9.99011E-05 9.99011E-05
0.0123798 0.301354 0.0961715 0.453122 9.99461E-05 9.99461E-05 9.99461E-05 9.99461E-05 0.0633143 9.99461E-05 9.99461E-05 0.0730586
0.000351762 0.964788 0.00703113 9.9955E-05 0.000623003 0.000259777 0.0203529 0.00609336 9.9955E-05 9.9955E-05 9.9955E-05 9.9955E-05
9.99189E-05 9.99189E-05 0.203845 9.99189E-05 9.99189E-05 9.99189E-05 0.787114 9.99189E-05 9.99189E-05 9.99189E-05 0.00814187 9.99189E-05
0.922946 0.05675 9.99278E-05 9.99278E-05 0.00685611 9.99278E-05 0.0126484 9.99278E-05 9.99278E-05 9.99278E-05 9.99278E-05 9.99278E-05
9.99099E-05 9.99099E-05 9.99099E-05 9.99099E-05 9.99099E-05 9.99099E-05 9.99099E-05 0.0186163 0.980385 9.99099E-05 9.99099E-05 9.99099E-05
9.9937E-05 0.00285258 0.123727 9.9937E-05 0.0449136 9.9937E-05 0.00875265 9.9937E-05 9.9937E-05 9.9937E-05 0.819055 9.9937E-05
9.99102E-05 9.99102E-05 0.923333 9.99102E-05 9.99102E-05 9.99102E-05 9.99102E-05 9.99102E-05 9.99102E-05 9.99102E-05 0.0756682 9.99102E-05
9.99103E-05 9.99103E-05 9.99103E-05 0.0122515 9.99103E-05 9.99103E-05 9.99103E-05 9.99103E-05 9.99103E-05 9.99103E-05 0.986749 9.99103E-05
9.99189E-05 9.99189E-05 9.99189E-05 9.99189E-05 9.99189E-05 0.125649 0.0401576 9.99189E-05 9.99189E-05 9.99189E-05 0.833294 9.99189E-05
9.99188E-05 9.99188E-05 9.99188E-05 9.99188E-05 0.0529535 0.132029 9.99188E-05 9.99188E-05 9.99188E-05 9.99188E-05 0.814119 9.99188E-05
9.99192E-05 9.99192E-05 9.99192E-05 0.000781226 9.99192E-05 9.99192E-05 0.0498293 9.99192E-05 9.99192E-05 0.94849 9.99192E-05 9.99192E-05
9.99015E-05 9.99015E-05 9.99015E-05 9.99015E-05 9.99015E-05 9.99015E-05 9.99015E-05 9.99015E-05 0.998901 9.99015E-05 9.99015E-05 9.99015E-05
0.0196009 0.190116 0.190648 9.997E-05 0.0362596 0.0188712 0.1232 9.997E-05 0.201765 9.997E-05 0.107329 0.11191
9.99283E-05 9.99283E-05 0.0212256 0.0597749 9.99283E-05 9.99283E-05 9.99283E-05 9.99283E-05 0.917767 9.99283E-05 0.000432812 9.99283E-05
9.9928E-05 0.0158315 9.9928E-05 9.9928E-05 9.9928E-05 9.9928E-05 0.0201613 0.0243398 0.938868 9.9928E-05 9.9928E-05 9.9928E-05
9.9928E-05 0.0556739 0.0158071 0.0365556 9.9928E-05 9.9928E-05 9.9928E-05 9.9928E-05 0.891164 9.9928E-05 9.9928E-05 9.9928E-05
9.99371E-05 0.0561786 0.0273489 9.99371E-05 9.99371E-05 9.99371E-05 0.0075937 9.99371E-05 0.90178 0.00639938 9.99371E-05 9.99371E-05
0.0230349 9.99371E-05 9.99371E-05 0.0930191 9.99371E-05 0.0391859 9.99371E-05 0.037222 0.806839 9.99371E-05 9.99371E-05 9.99371E-05
9.99279E-05 0.00531532 9.99279E-05 0.000487887 9.99279E-05 9.99279E-05 9.99279E-05 0.0300039 0.963394 9.99279E-05 9.99279E-05 9.99279E-05
9.99009E-05 9.99009E-05 9.99009E-05 0.998901 9.99009E-05 9.99009E-05 9.99009E-05 9.99009E-05 9.99009E-05 9.99009E-05 9.99009E-05 9.99009E-05
9.991E-05 9.991E-05 9.991E-05 0.931699 9.991E-05 9.991E-05 9.991E-05 9.991E-05 9.991E-05 9.991E-05 0.0673014 9.991E-05
9.99371E-05 0.0517362 0.0307231 9.99371E-05 0.00750469 9.99371E-05 9.99371E-05 9.99371E-05 0.902037 9.99371E-05 9.99371E-05 0.00729924
9.99099E-05 9.99099E-05 0.965597 0.0334034 9.99099E-05 9.99099E-05 9.99099E-05 9.99099E-05 9.99099E-05 9.99099E-05 9.99099E-05 9.99099E-05
9.99099E-05 0.0168889 0.982112 9.99099E-05 9.99099E-05 9.99099E-05 9.99099E-05 9.99099E-05 9.99099E-05 9.99099E-05 9.99099E-05 9.99099E-05
9.99012E-05 9.99012E-05 9.99012E-05 9.99012E-05 0.998901 9.99012E-05 9.99012E-05 9.99012E-05 9.99012E-05 9.99012E-05 9.99012E-05 9.99012E-05
9.99012E-05 9.99012E-05 9.99012E-05 9.99012E-05 0.998901 9.99012E-05 9.99012E-05 9.99012E-05 9.99012E-05 9.99012E-05 9.99012E-05 9.99012E-05
0.0506035 9.9955E-05 0.170134 9.9955E-05 0.0111741 0.700012 0.042094 9.9955E-05 0.000194726 9.9955E-05 9.9955E-05 0.0252886
0.0321905 9.99369E-05 0.181021 9.99369E-05 9.99369E-05 0.704392 9.99369E-05 9.99369E-05 9.99369E-05 0.00808575 0.0736107 9.99369E-05
0.0181292 9.99101E-05 9.99101E-05 9.99101E-05 0.980872 9.99101E-05 9.99101E-05 9.99101E-05 9.99101E-05 9.99101E-05 9.99101E-05 9.99101E-05
9.99101E-05 9.99101E-05 9.99101E-05 9.99101E-05 0.995524 9.99101E-05 0.00347663 9.99101E-05 9.99101E-05 9.99101E-05 9.99101E-05 9.99101E-05
9.99279E-05 0.00105176 0.00042164 9.99279E-05 9.99279E-05 9.99279E-05 0.94805 9.99279E-05 9.99279E-05 9.99279E-05 0.0496773 9.99279E-05
0.0792604 9.9955E-05 0.585959 9.9955E-05 9.9955E-05 0.0723009 0.0219718 9.9955E-05 9.9955E-05 0.0807411 0.120214 0.0390537
0.897853 0.0930408 9.99188E-05 9.99188E-05 0.00820736 9.99188E-05 9.99188E-05 9.99188E-05 9.99188E-05 9.99188E-05 9.99188E-05 9.99188E-05
9.9946E-05 9.9946E-05 9.9946E-05 9.9946E-05 9.9946E-05 0.0091575 0.0153841 0.0239219 0.0325582 9.9946E-05 0.224175 0.694204
9.99372E-05 9.99372E-05 9.99372E-05 9.99372E-05 0.105654 9.99372E-05 0.0872381 0.39073 9.99372E-05 9.99372E-05 0.273358 0.142321
9.9928E-05 9.9928E-05 9.9928E-05 0.643936 0.0319505 9.9928E-05 9.9928E-05 9.9928E-05 0.288151 0.0351637 9.9928E-05 9.9928E-05
