0.937727 9.9973E-05 0.0619727 9.9973E-05 9.9973E-05
0.354282 9.9991E-05 0.0176329 0.345723 0.282262
0.0140458 0.0308181 0.0677674 0.0458585 0.84151
9.9982E-05 9.9982E-05 0.0271024 0.0148218 0.957876
0.228992 9.9991E-05 0.0115203 0.327488 0.431899
9.997E-05 9.997E-05 9.997E-05 9.997E-05 0.9996
0.608511 9.99821E-05 9.99821E-05 0.342295 0.0489944
0.0363821 9.9991E-05 0.0677847 0.507998 0.387735
0.577561 9.99821E-05 9.99821E-05 0.377431 0.0448076
0.710924 9.9982E-05 0.142171 0.146705 9.9982E-05
0.71887 9.9982E-05 0.141509 0.139421 9.9982E-05
0.79346 9.9982E-05 0.149199 9.9982E-05 0.0571413
0.935798 9.99732E-05 9.99732E-05 9.99732E-05 0.0639019
0.0118768 0.0242234 0.0154963 9.9991E-05 0.948304
9.9973E-05 0.016886 9.9973E-05 9.9973E-05 0.982814
0.887859 9.9991E-05 0.0353618 0.0296982 0.0469811
0.492764 0.0828341 0.406729 9.9991E-05 0.0175728
0.153886 0.745546 9.99819E-05 0.100369 9.99819E-05
9.9973E-05 0.92493 0.0747702 9.9973E-05 9.9973E-05
0.785052 9.9982E-05 0.196052 0.0186959 9.9982E-05
9.997E-05 0.9996 9.997E-05 9.997E-05 9.997E-05
0.914833 9.9982E-05 0.0536539 0.0313134 9.9982E-05
0.091168 0.418642 0.413108 0.0769826 9.9991E-05
9.9973E-05 0.904002 0.0956977 9.9973E-05 9.9973E-05
9.997E-05 9.997E-05 9.997E-05 9.997E-05 0.9996
9.997E-05 9.997E-05 9.997E-05 9.997E-05 0.9996
0.950638 9.9973E-05 0.0490619 9.9973E-05 9.9973E-05
9.9973E-05 9.9973E-05 9.9973E-05 0.110569 0.889131
0.00654378 9.9982E-05 9.9982E-05 0.0938073 0.899449
9.9982E-05 0.0279605 9.9982E-05 0.287517 0.684323
9.9982E-05 9.9982E-05 0.0592629 0.286577 0.65396
0.262319 9.99821E-05 9.99821E-05 0.653634 0.0838469
9.997E-05 9.997E-05 9.997E-05 9.997E-05 0.9996
9.9982E-05 9.9982E-05 0.00484461 0.932451 0.062504
0.699876 9.9982E-05 0.196879 9.9982E-05 0.103045
0.00630167 9.9973E-05 9.9973E-05 9.9973E-05 0.993398
0.883254 9.99821E-05 0.037192 9.99821E-05 0.0793541
0.663564 0.0256737 0.0612873 0.216754 0.0327205
0.314607 0.072854 0.467079 9.9991E-05 0.14536
0.781056 0.00740584 0.0714488 9.9991E-05 0.139989
0.815034 9.9991E-05 0.0773735 0.012998 0.0944943
0.796034 0.029217 0.161954 0.012695 9.9991E-05
0.946565 9.9973E-05 9.9973E-05 0.0531356 9.9973E-05
0.718525 0.00631588 0.190366 0.0846932 9.9991E-05
0.666684 0.0775514 0.21993 0.0357345 9.9991E-05
0.731923 0.0359455 0.0993322 0.0534337 0.0793657
0.694137 9.9991E-05 0.125109 0.0639748 0.116679
0.927273 0.0338988 0.0178552 0.0161421 0.00483121
9.997E-05 9.997E-05 9.997E-05 0.9996 9.997E-05
9.997E-05 9.997E-05 9.997E-05 0.9996 9.997E-05
9.997E-05 9.997E-05 9.997E-05 0.9996 9.997E-05
9.997E-05 9.997E-05 9.997E-05 0.9996 9.997E-05
9.997E-05 9.997E-05 9.997E-05 0.9996 9.997E-05
0.0597631 0.038021 0.0153712 0.696917 0.189928
9.997E-05 9.997E-05 9.997E-05 0.9996 9.997E-05
0.9996 9.997E-05 9.997E-05 9.997E-05 9.997E-05
0.318583 9.9991E-05 0.00440161 0.58847 0.0884459
9.997E-05 9.997E-05 9.997E-05 9.997E-05 0.9996
0.963573 9.99821E-05 0.0248624 9.99821E-05 0.0113648
0.908433 9.9982E-05 0.00320237 9.9982E-05 0.0881642
0.979026 0.0206743 9.99732E-05 9.99732E-05 9.99732E-05
0.996017 9.9973E-05 9.9973E-05 9.9973E-05 0.00368357
0.912616 0.0252125 0.0619719 9.9982E-05 9.9982E-05
0.0431414 0.952622 9.9982E-05 0.00403689 9.9982E-05
9.99731E-05 9.99731E-05 9.99731E-05 0.007364 0.992336
0.455207 0.0315514 0.0307296 0.129949 0.352563
9.99821E-05 9.99821E-05 0.000988377 0.0288685 0.969943
0.00306249 9.9982E-05 9.9982E-05 0.0324225 0.964315
0.00868844 9.9982E-05 9.9982E-05 0.0983892 0.892722
0.00644037 0.0117653 9.9991E-05 0.0686576 0.913037
0.0290106 9.9982E-05 9.9982E-05 0.0128604 0.957929
9.9973E-05 9.9973E-05 0.0105728 9.9973E-05 0.989127
9.99732E-05 9.99732E-05 9.99732E-05 0.484952 0.514748
0.0952186 0.0148134 9.99911E-05 0.387501 0.502367
9.9982E-05 9.9982E-05 0.0213476 0.0439683 0.934484
0.728675 9.9991E-05 0.0773751 0.131629 0.0622216
0.735561 9.9991E-05 0.0983742 0.127933 0.038031
9.997E-05 9.997E-05 0.9996 9.997E-05 9.997E-05
9.997E-05 9.997E-05 0.9996 9.997E-05 9.997E-05
0.776091 0.00236251 0.116468 0.104979 9.9991E-05
0.803333 0.00991052 0.100605 0.0860512 9.9991E-05
9.9973E-05 9.9973E-05 0.988551 0.0111495 9.9973E-05
9.997E-05 9.997E-05 0.9996 9.997E-05 9.997E-05
0.959071 9.9973E-05 9.9973E-05 0.0406294 9.9973E-05
0.876417 0.061624 9.9991E-05 0.0357209 0.0261376
0.297421 9.9982E-05 9.9982E-05 0.657785 0.0445937
0.557692 0.104981 0.281291 9.9991E-05 0.0559361
0.570529 0.074482 0.354789 9.99821E-05 9.99821E-05
9.9991E-05 0.0359736 0.0152679 0.370647 0.578011
