0.0434794 9.9982E-05 0.00575741 0.950563 9.9982E-05
0.0282242 9.9991E-05 0.292548 0.372829 0.306299
0.104017 0.0222549 0.873528 9.99822E-05 9.99822E-05
0.0382778 9.9973E-05 0.961422 9.9973E-05 9.9973E-05
0.00469747 0.00680328 0.465248 0.267222 0.256029
0.0154207 9.9973E-05 0.984279 9.9973E-05 9.9973E-05
9.99821E-05 9.99821E-05 0.0494785 0.587073 0.363249
0.0597673 9.9991E-05 0.412017 0.0597955 0.46832
9.99821E-05 9.99821E-05 0.0087405 0.566859 0.4242
0.108899 9.9982E-05 9.9982E-05 0.751591 0.13931
0.127804 9.9982E-05 9.9982E-05 0.76408 0.107916
0.152506 9.9982E-05 0.0543814 0.792913 9.9982E-05
9.99732E-05 9.99732E-05 0.0594467 0.940253 9.99732E-05
0.00538061 0.0365838 0.936546 0.0213899 9.9991E-05
0.00175264 0.0168709 0.969547 0.0117298 9.9991E-05
0.00990421 9.9991E-05 0.0166634 0.914535 0.0587971
0.424503 0.0749759 0.01494 0.485481 9.9991E-05
9.9982E-05 0.746066 9.9982E-05 0.162966 0.0907683
0.0980339 0.901666 9.9973E-05 9.9973E-05 9.9973E-05
0.137554 9.9982E-05 9.9982E-05 0.83984 0.0224056
9.997E-05 0.9996 9.997E-05 9.997E-05 9.997E-05
0.0413334 9.9982E-05 0.010636 0.947831 9.9982E-05
0.388769 0.416949 0.0101461 0.114814 0.0693219
0.0943647 0.905335 9.9973E-05 9.9973E-05 9.9973E-05
9.9973E-05 9.9973E-05 0.954261 9.9973E-05 0.0454387
9.997E-05 9.997E-05 0.9996 9.997E-05 9.997E-05
0.0779548 9.9973E-05 9.9973E-05 0.921745 9.9973E-05
9.9973E-05 9.9973E-05 0.94803 9.9973E-05 0.0516701
9.9973E-05 9.9973E-05 0.919061 9.9973E-05 0.0806392
9.99821E-05 0.0217917 0.730521 9.99821E-05 0.247487
0.0800072 9.9982E-05 0.613765 9.9982E-05 0.306027
9.99821E-05 9.99821E-05 0.122575 0.281144 0.596081
0.00681853 9.99731E-05 0.992882 9.99731E-05 9.99731E-05
9.9973E-05 9.9973E-05 0.0801535 9.9973E-05 0.919547
0.239745 9.9982E-05 0.0747835 0.685272 9.9982E-05
9.9973E-05 9.9973E-05 0.99215 0.00754961 9.9973E-05
0.0423656 9.99821E-05 0.0911805 0.866254 9.99821E-05
0.0260579 0.0487816 0.0254977 0.695262 0.204401
0.403323 0.0670646 0.131125 0.398387 9.9991E-05
0.0692451 0.0152303 0.139453 0.775972 9.9991E-05
0.0667047 0.00830905 0.0901165 0.819098 0.0157719
0.0852348 0.0241275 9.9991E-05 0.86228 0.0282574
9.9973E-05 9.9973E-05 9.9973E-05 0.943116 0.0565839
0.150407 0.00785437 9.9991E-05 0.767147 0.0744917
0.19702 0.134544 9.9991E-05 0.632485 0.0358518
0.117927 0.0389216 0.0618472 0.723914 0.0573908
0.142075 9.9991E-05 0.123463 0.702861 0.0315015
0.0356685 0.0610759 9.99822E-05 0.903056 9.99822E-05
9.997E-05 9.997E-05 9.997E-05 9.997E-05 0.9996
9.997E-05 9.997E-05 9.997E-05 9.997E-05 0.9996
9.997E-05 9.997E-05 9.997E-05 9.997E-05 0.9996
9.997E-05 9.997E-05 9.997E-05 9.997E-05 0.9996
9.997E-05 9.997E-05 9.997E-05 9.997E-05 0.9996
9.9991E-05 0.0241547 0.230146 0.124272 0.621327
9.997E-05 9.997E-05 9.997E-05 9.997E-05 0.9996
9.997E-05 9.997E-05 9.997E-05 0.9996 9.997E-05
0.00887831 9.9991E-05 0.118778 0.283481 0.588762
9.997E-05 9.997E-05 0.9996 9.997E-05 9.997E-05
0.0544417 9.99731E-05 9.99731E-05 0.945258 9.99731E-05
0.0217856 9.9982E-05 0.083451 0.894563 9.9982E-05
9.99732E-05 0.0141229 9.99732E-05 0.985577 9.99732E-05
9.997E-05 9.997E-05 9.997E-05 0.9996 9.997E-05
0.111131 0.0161492 9.9982E-05 0.87252 9.9982E-05
9.99821E-05 0.960016 9.99821E-05 0.0291858 0.0105982
9.99731E-05 9.99731E-05 0.991301 9.99731E-05 0.00839865
0.0922632 0.0134555 0.248323 0.40882 0.237138
9.99821E-05 9.99821E-05 0.960206 0.0344953 0.00509918
9.9973E-05 9.9973E-05 0.994559 0.00514112 9.9973E-05
9.9973E-05 9.9973E-05 0.918569 9.9973E-05 0.0811313
9.9982E-05 0.00104969 0.957005 9.9982E-05 0.0417458
0.0226694 9.9982E-05 0.933305 0.0438252 9.9982E-05
9.997E-05 9.997E-05 0.9996 9.997E-05 9.997E-05
9.99732E-05 9.99732E-05 0.510144 9.99732E-05 0.489556
9.99911E-05 0.0120064 0.587137 0.0382839 0.362472
0.00771219 9.9991E-05 0.964628 0.00655422 0.0210054
0.0645923 9.9991E-05 0.0585218 0.746634 0.130151
0.0620854 9.9991E-05 0.0199454 0.74457 0.173299
0.9996 9.997E-05 9.997E-05 9.997E-05 9.997E-05
0.9996 9.997E-05 9.997E-05 9.997E-05 9.997E-05
0.0813646 9.9982E-05 9.9982E-05 0.812286 0.106149
0.0533754 0.0131423 9.9991E-05 0.81386 0.119522
0.9996 9.997E-05 9.997E-05 9.997E-05 9.997E-05
0.9996 9.997E-05 9.997E-05 9.997E-05 9.997E-05
9.9973E-05 9.9973E-05 9.9973E-05 0.959321 0.0403792
9.9991E-05 0.0614369 0.0230544 0.882342 0.0330669
9.9982E-05 9.9982E-05 0.0634744 0.288104 0.648221
0.300203 0.125978 0.0544324 0.519287 9.9991E-05
0.334258 0.0729254 9.99821E-05 0.592617 9.99821E-05
0.0293945 0.049817 0.563787 9.9991E-05 0.356901
