9.99189E-05 9.99189E-05 0.069381 9.99189E-05 9.99189E-05 9.99189E-05 0.92972 9.99189E-05 9.99189E-05 9.99189E-05 9.99189E-05
9.99369E-05 0.715844 9.99369E-05 0.116915 0.110528 9.99369E-05 9.99369E-05 9.99369E-05 0.0560131 9.99369E-05 9.99369E-05
0.0438655 0.035823 9.99466E-05 0.801902 9.99466E-05 9.99466E-05 9.99466E-05 9.99466E-05 9.99466E-05 0.0848314 0.0329782
9.9946E-05 9.9946E-05 0.0103704 0.958683 9.9946E-05 0.00126988 9.9946E-05 9.9946E-05 0.00362002 9.9946E-05 0.0254571
9.9964E-05 0.0832991 0.0777277 0.38828 0.0793103 0.0829912 0.046771 9.9964E-05 9.9964E-05 0.241221 9.9964E-05
9.9919E-05 9.9919E-05 9.9919E-05 0.960978 0.0381223 9.9919E-05 9.9919E-05 9.9919E-05 9.9919E-05 9.9919E-05 9.9919E-05
0.0217408 9.99188E-05 9.99188E-05 9.99188E-05 9.99188E-05 9.99188E-05 9.99188E-05 9.99188E-05 9.99188E-05 0.97736 9.99188E-05
9.9955E-05 0.121396 0.0735718 0.406454 9.9955E-05 0.232507 9.9955E-05 9.9955E-05 9.9955E-05 0.158488 0.00708316
9.99368E-05 0.0145739 0.00515166 9.99368E-05 9.99368E-05 9.99368E-05 9.99368E-05 9.99368E-05 0.0612148 0.91836 9.99368E-05
9.9919E-05 9.9919E-05 0.854305 9.9919E-05 9.9919E-05 9.9919E-05 9.9919E-05 9.9919E-05 9.9919E-05 0.144795 9.9919E-05
9.9919E-05 9.9919E-05 0.85567 9.9919E-05 9.9919E-05 9.9919E-05 9.9919E-05 9.9919E-05 9.9919E-05 0.143431 9.9919E-05
0.163926 9.9964E-05 9.9964E-05 0.0129357 0.0293562 9.9964E-05 0.673035 9.9964E-05 0.0061983 0.0037233 0.110425
0.966851 9.99282E-05 9.99282E-05 0.00562485 9.99282E-05 9.99282E-05 9.99282E-05 9.99282E-05 9.99282E-05 0.0267248 9.99282E-05
9.9937E-05 0.0175045 9.9937E-05 0.926441 0.037775 9.9937E-05 9.9937E-05 0.0175798 9.9937E-05 9.9937E-05 9.9937E-05
9.99191E-05 9.99191E-05 9.99191E-05 0.938392 9.99191E-05 9.99191E-05 0.0607085 9.99191E-05 9.99191E-05 9.99191E-05 9.99191E-05
0.162489 9.9937E-05 0.0685265 9.9937E-05 0.0144326 9.9937E-05 9.9937E-05 9.9937E-05 0.753852 9.9937E-05 9.9937E-05
9.99278E-05 9.99278E-05 0.0907802 9.99278E-05 0.887093 9.99278E-05 9.99278E-05 9.99278E-05 0.0213274 9.99278E-05 9.99278E-05
9.99459E-05 0.0614897 0.0826284 9.99459E-05 9.99459E-05 0.0277711 9.99459E-05 0.741732 0.0857795 9.99459E-05 9.99459E-05
9.99191E-05 9.99191E-05 9.99191E-05 9.99191E-05 9.99191E-05 9.99191E-05 9.99191E-05 0.930909 9.99191E-05 9.99191E-05 0.0681915
9.99459E-05 9.99459E-05 0.474493 9.99459E-05 0.0667142 9.99459E-05 0.126956 9.99459E-05 0.311398 9.99459E-05 0.0198388
9.99191E-05 9.99191E-05 9.99191E-05 0.00384154 9.99191E-05 9.99191E-05 9.99191E-05 0.995259 9.99191E-05 9.99191E-05 9.99191E-05
0.0652587 9.99459E-05 0.0889418 9.99459E-05 0.0598471 9.99459E-05 0.464498 9.99459E-05 0.320855 9.99459E-05 9.99459E-05
9.99371E-05 9.99371E-05 0.252932 9.99371E-05 0.20615 9.99371E-05 9.99371E-05 0.359597 9.99371E-05 9.99371E-05 0.18062
9.99369E-05 9.99369E-05 0.0382828 9.99369E-05 0.0112988 9.99369E-05 9.99369E-05 0.904915 9.99369E-05 9.99369E-05 0.0448033
9.99102E-05 9.99102E-05 9.99102E-05 0.999001 9.99102E-05 9.99102E-05 9.99102E-05 9.99102E-05 9.99102E-05 9.99102E-05 9.99102E-05
9.99102E-05 9.99102E-05 9.99102E-05 0.999001 9.99102E-05 9.99102E-05 9.99102E-05 9.99102E-05 9.99102E-05 9.99102E-05 9.99102E-05
0.760159 9.99459E-05 0.10887 9.99459E-05 0.0496287 9.99459E-05 0.054386 9.99459E-05 9.99459E-05 9.99459E-05 0.0263563
0.0121561 9.9937E-05 9.9937E-05 0.940352 9.9937E-05 0.0373934 9.9937E-05 9.9937E-05 9.9937E-05 0.00939886 9.9937E-05
9.9928E-05 9.9928E-05 9.9928E-05 0.896122 9.9928E-05 0.0613508 9.9928E-05 9.9928E-05 0.0417277 9.9928E-05 9.9928E-05
0.0116609 9.99462E-05 9.99462E-05 0.656489 0.0687947 0.258618 9.99462E-05 9.99462E-05 9.99462E-05 9.99462E-05 0.00383716
9.9955E-05 0.0179431 9.9955E-05 0.663888 0.0677505 0.175058 9.9955E-05 9.9955E-05 9.9955E-05 0.0660914 0.00876905
9.99102E-05 0.999001 9.99102E-05 9.99102E-05 9.99102E-05 9.99102E-05 9.99102E-05 9.99102E-05 9.99102E-05 9.99102E-05 9.99102E-05
9.99193E-05 9.99193E-05 9.99193E-05 0.99449 9.99193E-05 9.99193E-05 9.99193E-05 9.99193E-05 0.00461031 9.99193E-05 9.99193E-05
9.99372E-05 0.043552 9.99372E-05 0.0939871 9.99372E-05 0.788343 9.99372E-05 9.99372E-05 9.99372E-05 0.0734183 9.99372E-05
0.474348 9.99638E-05 0.0595108 0.00139772 0.365567 0.0105859 0.0275312 9.99638E-05 9.99638E-05 9.99638E-05 0.0606593
0.00322164 9.99369E-05 9.99369E-05 0.968409 0.00767793 9.99369E-05 9.99369E-05 9.99369E-05 0.0199915 9.99369E-05 9.99369E-05
9.9928E-05 9.9928E-05 9.9928E-05 0.00925304 0.0466863 9.9928E-05 0.943261 9.9928E-05 9.9928E-05 9.9928E-05 9.9928E-05
9.9937E-05 0.213349 0.675945 9.9937E-05 0.0177012 9.9937E-05 0.0923048 9.9937E-05 9.9937E-05 9.9937E-05 9.9937E-05
9.99101E-05 9.99101E-05 9.99101E-05 9.99101E-05 0.999001 9.99101E-05 9.99101E-05 9.99101E-05 9.99101E-05 9.99101E-05 9.99101E-05
9.994E-05 9.994E-05 0.233441 0.0630878 0.178878 9.994E-05 0.131106 9.994E-05 0.392887 9.994E-05 9.994E-05
9.99549E-05 0.020906 0.251746 0.0370063 0.0775306 9.99549E-05 0.226598 9.99549E-05 0.385713 9.99549E-05 9.99549E-05
0.0135486 9.99369E-05 0.917659 9.99369E-05 9.99369E-05 9.99369E-05 0.0371159 9.99369E-05 0.0309773 9.99369E-05 9.99369E-05
0.0611052 9.9928E-05 9.9928E-05 9.9928E-05 9.9928E-05 9.9928E-05 9.9928E-05 9.9928E-05 0.871286 0.0668099 9.9928E-05
0.0471584 9.9928E-05 0.935161 9.9928E-05 9.9928E-05 9.9928E-05 0.0168814 9.9928E-05 9.9928E-05 9.9928E-05 9.9928E-05
0.11759 0.0395413 0.432026 9.9973E-05 0.000958493 9.9973E-05 0.0478662 0.110809 0.141659 9.9973E-05 0.10925
0.023412 0.00136738 0.50195 0.0776298 0.018233 0.0139268 0.166753 0.0262034 0.159481 9.9991E-05 0.0109442
0.130731 9.9955E-05 0.222377 0.0343455 0.269066 0.108756 0.234225 9.9955E-05 9.9955E-05 9.9955E-05 9.9955E-05
9.99195E-05 9.99195E-05 9.99195E-05 9.99195E-05 9.99195E-05 9.99195E-05 0.982456 0.016645 9.99195E-05 9.99195E-05 9.99195E-05
9.99101E-05 9.99101E-05 9.99101E-05 9.99101E-05 9.99101E-05 0.999001 9.99101E-05 9.99101E-05 9.99101E-05 9.99101E-05 9.99101E-05
9.99101E-05 9.99101E-05 9.99101E-05 9.99101E-05 9.99101E-05 0.999001 9.99101E-05 9.99101E-05 9.99101E-05 9.99101E-05 9.99101E-05
9.9919E-05 9.9919E-05 9.9919E-05 9.9919E-05 9.9919E-05 0.970873 9.9919E-05 9.9919E-05 0.0282282 9.9919E-05 9.9919E-05
9.99101E-05 9.99101E-05 9.99101E-05 9.99101E-05 9.99101E-05 0.999001 9.99101E-05 9.99101E-05 9.99101E-05 9.99101E-05 9.99101E-05
9.9919E-05 9.9919E-05 9.9919E-05 0.00337625 9.9919E-05 0.995724 9.9919E-05 9.9919E-05 9.9919E-05 9.9919E-05 9.9919E-05
9.99731E-05 0.091435 0.0107552 0.224958 9.99731E-05 0.478504 9.99731E-05 0.0392033 0.00494331 0.147471 0.00243003
9.9937E-05 0.104117 9.9937E-05 9.9937E-05 9.9937E-05 0.875174 9.9937E-05 9.9937E-05 0.003125 9.9937E-05 0.0168843
9.99189E-05 9.99189E-05 9.99189E-05 9.99189E-05 9.99189E-05 9.99189E-05 0.810513 9.99189E-05 0.188588 9.99189E-05 9.99189E-05
0.00530473 0.88784 9.99369E-05 9.99369E-05 9.99369E-05 0.0604814 9.99369E-05 9.99369E-05 9.99369E-05 0.0456743 9.99369E-05
9.9937E-05 0.0182931 9.9937E-05 0.968996 0.0111437 9.9937E-05 9.9937E-05 0.00086735 9.9937E-05 9.9937E-05 9.9937E-05
0.834305 9.9937E-05 9.9937E-05 9.9937E-05 9.9937E-05 9.9937E-05 0.0150957 9.9937E-05 0.114451 9.9937E-05 0.0354485
0.0927127 9.99282E-05 9.99282E-05 9.99282E-05 9.99282E-05 9.99282E-05 0.00170373 9.99282E-05 0.904784 9.99282E-05 9.99282E-05
0.956662 9.99192E-05 9.99192E-05 9.99192E-05 9.99192E-05 9.99192E-05 9.99192E-05 9.99192E-05 9.99192E-05 0.0424387 9.99192E-05
0.897645 9.99189E-05 0.101456 9.99189E-05 9.99189E-05 9.99189E-05 9.99189E-05 9.99189E-05 9.99189E-05 9.99189E-05 9.99189E-05
0.832696 9.99279E-05 0.0994975 9.99279E-05 9.99279E-05 9.99279E-05 9.99279E-05 9.99279E-05 9.99279E-05 9.99279E-05 0.0670076
9.99372E-05 9.99372E-05 9.99372E-05 9.99372E-05 9.99372E-05 0.0319289 0.0697704 0.889988 0.00761264 9.99372E-05 9.99372E-05
9.99104E-05 9.99104E-05 9.99104E-05 0.999001 9.99104E-05 9.99104E-05 9.99104E-05 9.99104E-05 9.99104E-05 9.99104E-05 9.99104E-05
0.147729 0.070549 0.139299 0.29616 0.0627517 0.0345352 0.0460511 0.0776321 0.0989889 9.9991E-05 0.026204
0.00611447 9.99372E-05 9.99372E-05 0.947526 9.99372E-05 9.99372E-05 9.99372E-05 9.99372E-05 0.0376442 9.99372E-05 0.00801545
9.99459E-05 9.99459E-05 9.99459E-05 0.905917 0.0550129 0.00250516 0.0332423 9.99459E-05 9.99459E-05 0.00272242 9.99459E-05
9.9937E-05 9.9937E-05 9.9937E-05 0.911726 9.9937E-05 0.0501836 9.9937E-05 9.9937E-05 0.0284517 0.00893943 9.9937E-05
9.99371E-05 0.0213797 9.99371E-05 0.916651 9.99371E-05 9.99371E-05 9.99371E-05 0.0105968 0.0506727 9.99371E-05 9.99371E-05
9.99461E-05 0.0072258 0.0337406 0.891858 0.0430578 9.99461E-05 9.99461E-05 9.99461E-05 9.99461E-05 0.0235184 9.99461E-05
9.99189E-05 9.99189E-05 9.99189E-05 0.978422 0.0206791 9.99189E-05 9.99189E-05 9.99189E-05 9.99189E-05 9.99189E-05 9.99189E-05
9.99372E-05 9.99372E-05 9.99372E-05 0.41737 0.011529 0.306599 9.99372E-05 9.99372E-05 9.99372E-05 0.263803 9.99372E-05
9.99283E-05 9.99283E-05 9.99283E-05 0.440598 9.99283E-05 0.113594 9.99283E-05 9.99283E-05 9.99283E-05 0.445009 9.99283E-05
9.99371E-05 9.99371E-05 9.99371E-05 0.954729 9.99371E-05 0.0196194 9.99371E-05 9.99371E-05 0.00780973 9.99371E-05 0.0171424
9.9919E-05 9.9919E-05 9.9919E-05 9.9919E-05 9.9919E-05 0.0178363 9.9919E-05 9.9919E-05 0.981264 9.9919E-05 9.9919E-05
9.9919E-05 9.9919E-05 9.9919E-05 9.9919E-05 9.9919E-05 0.0137491 9.9919E-05 9.9919E-05 0.985352 9.9919E-05 9.9919E-05
9.99191E-05 9.99191E-05 9.99191E-05 9.99191E-05 9.99191E-05 9.99191E-05 0.00180341 9.99191E-05 9.99191E-05 9.99191E-05 0.997297
9.99101E-05 9.99101E-05 9.99101E-05 9.99101E-05 9.99101E-05 9.99101E-05 9.99101E-05 9.99101E-05 9.99101E-05 9.99101E-05 0.999001
0.00953047 0.0610446 0.79832 0.0132322 9.99549E-05 9.99549E-05 0.00127688 9.99549E-05 0.116096 9.99549E-05 9.99549E-05
0.0473334 0.05294 0.760035 9.99369E-05 9.99369E-05 9.99369E-05 9.99369E-05 9.99369E-05 0.138992 9.99369E-05 9.99369E-05
9.99192E-05 0.00243412 9.99192E-05 9.99192E-05 9.99192E-05 9.99192E-05 9.99192E-05 9.99192E-05 9.99192E-05 9.99192E-05 0.996667
9.99101E-05 9.99101E-05 9.99101E-05 9.99101E-05 9.99101E-05 9.99101E-05 9.99101E-05 9.99101E-05 9.99101E-05 9.99101E-05 0.999001
0.0381238 9.99189E-05 9.99189E-05 9.99189E-05 9.99189E-05 9.99189E-05 0.960977 9.99189E-05 9.99189E-05 9.99189E-05 9.99189E-05
0.148808 0.018207 0.0702518 9.9964E-05 9.9964E-05 9.9964E-05 0.00330884 0.0775002 0.609722 0.0718023 9.9964E-05
9.9928E-05 0.917093 9.9928E-05 9.9928E-05 9.9928E-05 0.0512583 9.9928E-05 9.9928E-05 9.9928E-05 0.0308489 9.9928E-05
0.191587 9.99551E-05 0.224649 0.0207848 0.417414 9.99551E-05 9.99551E-05 0.0860519 9.99551E-05 9.99551E-05 0.0590133
0.243367 9.99462E-05 9.99462E-05 9.99462E-05 0.51894 9.99462E-05 0.154669 0.00915593 9.99462E-05 9.99462E-05 0.0732691
9.99552E-05 0.0135653 9.99552E-05 0.609853 9.99552E-05 0.165049 9.99552E-05 0.0353773 9.99552E-05 0.13332 0.0423365
