9.99369E-05 0.0510092 9.99369E-05 0.00109842 0.00777743 9.99369E-05 9.99369E-05 9.99369E-05 0.939415 9.99369E-05 9.99369E-05
0.642235 9.99548E-05 0.130174 0.0240673 0.0860272 9.99548E-05 0.00584079 9.99548E-05 0.111156 9.99548E-05 9.99548E-05
0.103841 9.99465E-05 0.753683 0.0876186 9.99465E-05 0.0153926 9.99465E-05 9.99465E-05 9.99465E-05 0.0388644 9.99465E-05
9.9928E-05 9.9928E-05 0.950445 0.0464075 0.00234771 9.9928E-05 9.9928E-05 9.9928E-05 9.9928E-05 9.9928E-05 9.9928E-05
0.338694 0.143036 0.406834 9.99551E-05 9.99551E-05 9.99551E-05 9.99551E-05 0.0653674 0.0291072 9.99551E-05 0.0164608
9.9946E-05 0.0081985 0.93473 9.9946E-05 0.00725949 9.9946E-05 9.9946E-05 0.0408793 0.00833319 9.9946E-05 9.9946E-05
0.660742 9.9928E-05 9.9928E-05 9.9928E-05 9.9928E-05 0.278266 0.0601926 9.9928E-05 9.9928E-05 9.9928E-05 9.9928E-05
0.420779 0.0422912 0.363084 9.9946E-05 0.0201058 9.9946E-05 9.9946E-05 9.9946E-05 9.9946E-05 9.9946E-05 0.153141
0.702494 9.9928E-05 9.9928E-05 9.9928E-05 9.9928E-05 0.179651 0.117056 9.9928E-05 9.9928E-05 9.9928E-05 9.9928E-05
0.023553 0.975548 9.99192E-05 9.99192E-05 9.99192E-05 9.99192E-05 9.99192E-05 9.99192E-05 9.99192E-05 9.99192E-05 9.99192E-05
9.99102E-05 0.999001 9.99102E-05 9.99102E-05 9.99102E-05 9.99102E-05 9.99102E-05 9.99102E-05 9.99102E-05 9.99102E-05 9.99102E-05
9.9955E-05 9.9955E-05 0.0389343 0.12323 9.9955E-05 0.12604 0.0176433 0.0220359 0.671617 9.9955E-05 9.9955E-05
9.99192E-05 9.99192E-05 0.0144031 9.99192E-05 9.99192E-05 0.984698 9.99192E-05 9.99192E-05 9.99192E-05 9.99192E-05 9.99192E-05
9.9928E-05 9.9928E-05 0.90819 9.9928E-05 0.0384902 9.9928E-05 9.9928E-05 0.0525205 9.9928E-05 9.9928E-05 9.9928E-05
9.99281E-05 0.0343542 0.931058 9.99281E-05 9.99281E-05 9.99281E-05 9.99281E-05 9.99281E-05 0.0337883 9.99281E-05 9.99281E-05
9.99369E-05 0.0203613 9.99369E-05 9.99369E-05 9.99369E-05 0.118865 0.737449 0.122625 9.99369E-05 9.99369E-05 9.99369E-05
9.99189E-05 0.0597177 9.99189E-05 9.99189E-05 0.939383 9.99189E-05 9.99189E-05 9.99189E-05 9.99189E-05 9.99189E-05 9.99189E-05
0.00275158 0.161846 9.99549E-05 9.99549E-05 9.99549E-05 9.99549E-05 0.0340318 9.99549E-05 0.00383986 0.741774 0.0552568
9.9928E-05 9.9928E-05 9.9928E-05 0.0841244 9.9928E-05 0.00932439 9.9928E-05 9.9928E-05 9.9928E-05 0.905752 9.9928E-05
9.995E-05 0.478959 9.995E-05 0.0208626 0.00327088 9.995E-05 0.266886 0.161012 0.06851 9.995E-05 9.995E-05
9.99101E-05 9.99101E-05 9.99101E-05 9.99101E-05 9.99101E-05 9.99101E-05 9.99101E-05 9.99101E-05 9.99101E-05 0.999001 9.99101E-05
9.99584E-05 0.1346 9.99584E-05 9.99584E-05 0.0465702 0.0321154 0.257741 0.0191557 0.509318 9.99584E-05 9.99584E-05
9.99461E-05 0.177296 9.99461E-05 0.19213 0.223404 9.99461E-05 9.99461E-05 0.0495608 9.99461E-05 0.357009 9.99461E-05
9.99279E-05 9.99279E-05 9.99279E-05 0.0259662 9.99279E-05 9.99279E-05 9.99279E-05 0.0891538 9.99279E-05 0.884081 9.99279E-05
9.99191E-05 9.99191E-05 0.994762 9.99191E-05 9.99191E-05 9.99191E-05 9.99191E-05 9.99191E-05 9.99191E-05 9.99191E-05 0.00433859
9.99101E-05 9.99101E-05 0.999001 9.99101E-05 9.99101E-05 9.99101E-05 9.99101E-05 9.99101E-05 9.99101E-05 9.99101E-05 9.99101E-05
9.99459E-05 0.0812082 9.99459E-05 0.0382156 0.0489654 0.753113 9.99459E-05 9.99459E-05 0.0778985 9.99459E-05 9.99459E-05
0.0200392 9.9937E-05 0.901495 9.9937E-05 9.9937E-05 0.0102121 9.9937E-05 9.9937E-05 9.9937E-05 9.9937E-05 0.0675543
9.9937E-05 9.9937E-05 0.909202 9.9937E-05 9.9937E-05 0.00245218 0.0252078 9.9937E-05 9.9937E-05 9.9937E-05 0.0624382
0.0959047 9.99461E-05 0.673134 0.0187561 9.99461E-05 9.99461E-05 9.99461E-05 9.99461E-05 9.99461E-05 0.0375677 0.174038
0.16475 9.9946E-05 0.600627 9.9946E-05 0.0377869 9.9946E-05 9.9946E-05 0.0422478 9.9946E-05 9.9946E-05 0.153988
0.915612 9.9937E-05 9.9937E-05 0.00795442 9.9937E-05 9.9937E-05 9.9937E-05 9.9937E-05 0.0548144 9.9937E-05 0.0209198
9.99192E-05 9.99192E-05 0.973187 9.99192E-05 9.99192E-05 9.99192E-05 0.0259138 9.99192E-05 9.99192E-05 9.99192E-05 9.99192E-05
0.137876 9.99282E-05 0.0802189 9.99282E-05 9.99282E-05 9.99282E-05 9.99282E-05 9.99282E-05 9.99282E-05 9.99282E-05 0.781105
9.99729E-05 0.0462536 0.0132733 0.0983177 0.265004 0.47027 9.99729E-05 0.0563878 0.0494127 9.99729E-05 0.000780356
9.99459E-05 9.99459E-05 0.963973 9.99459E-05 0.000947961 0.0166603 9.99459E-05 0.00994432 0.00787496 9.99459E-05 9.99459E-05
9.9928E-05 9.9928E-05 0.011097 9.9928E-05 9.9928E-05 9.9928E-05 9.9928E-05 0.00375897 0.984345 9.9928E-05 9.9928E-05
0.183113 0.612993 0.0185537 9.99549E-05 0.068413 9.99549E-05 9.99549E-05 9.99549E-05 0.104791 0.0116367 9.99549E-05
9.99101E-05 9.99101E-05 9.99101E-05 9.99101E-05 0.999001 9.99101E-05 9.99101E-05 9.99101E-05 9.99101E-05 9.99101E-05 9.99101E-05
9.99459E-05 0.296106 0.0766335 9.99459E-05 0.168041 9.99459E-05 0.225428 9.99459E-05 0.233191 9.99459E-05 9.99459E-05
9.99639E-05 0.295974 0.0534141 0.0120279 0.109366 9.99639E-05 0.219871 9.99639E-05 0.30805 0.000897205 9.99639E-05
9.99549E-05 0.869714 9.99549E-05 9.99549E-05 0.0245147 0.00562539 0.0259652 0.0353199 0.0383608 9.99549E-05 9.99549E-05
9.9946E-05 0.0178015 9.9946E-05 9.9946E-05 9.9946E-05 0.0456088 0.883 9.9946E-05 0.0518632 0.00112711 9.9946E-05
9.99279E-05 0.867492 9.99279E-05 9.99279E-05 9.99279E-05 9.99279E-05 0.024495 0.107214 9.99279E-05 9.99279E-05 9.99279E-05
0.000807241 0.362217 9.9973E-05 0.0897571 9.9973E-05 0.120184 0.0744587 0.205796 0.0570711 0.0894089 9.9973E-05
9.9964E-05 0.484463 0.0476823 0.00897361 9.9964E-05 9.9964E-05 0.156255 0.163225 0.11691 0.022092 9.9964E-05
9.9964E-05 0.244475 0.0746646 9.9964E-05 0.125071 0.0498854 9.9964E-05 0.2768 0.19074 9.9964E-05 0.0379637
9.99195E-05 9.99195E-05 9.99195E-05 9.99195E-05 9.99195E-05 9.99195E-05 9.99195E-05 9.99195E-05 0.996112 0.0029886 9.99195E-05
9.99101E-05 9.99101E-05 9.99101E-05 9.99101E-05 9.99101E-05 9.99101E-05 9.99101E-05 9.99101E-05 9.99101E-05 9.99101E-05 0.999001
9.99101E-05 9.99101E-05 9.99101E-05 9.99101E-05 9.99101E-05 9.99101E-05 9.99101E-05 9.99101E-05 9.99101E-05 9.99101E-05 0.999001
9.9928E-05 0.000166841 9.9928E-05 9.9928E-05 9.9928E-05 9.9928E-05 0.0256873 9.9928E-05 9.9928E-05 9.9928E-05 0.973346
9.99101E-05 9.99101E-05 9.99101E-05 9.99101E-05 9.99101E-05 9.99101E-05 9.99101E-05 9.99101E-05 9.99101E-05 9.99101E-05 0.999001
9.99101E-05 9.99101E-05 9.99101E-05 9.99101E-05 9.99101E-05 9.99101E-05 9.99101E-05 9.99101E-05 9.99101E-05 9.99101E-05 0.999001
0.363726 9.99641E-05 0.212715 0.0196524 0.000927399 0.0133802 9.99641E-05 9.99641E-05 9.99641E-05 0.0307158 0.358484
0.0536657 9.9946E-05 9.9946E-05 9.9946E-05 0.0013365 9.9946E-05 0.00106561 9.9946E-05 0.0155819 9.9946E-05 0.927751
9.99369E-05 9.99369E-05 9.99369E-05 9.99369E-05 9.99369E-05 0.00556292 0.152486 0.0364784 0.804773 9.99369E-05 9.99369E-05
0.790432 9.99367E-05 9.99367E-05 0.0178728 9.99367E-05 9.99367E-05 9.99367E-05 9.99367E-05 0.10121 9.99367E-05 0.0897857
9.99189E-05 9.99189E-05 0.981627 9.99189E-05 0.0174741 9.99189E-05 9.99189E-05 9.99189E-05 9.99189E-05 9.99189E-05 9.99189E-05
9.9955E-05 9.9955E-05 9.9955E-05 0.0387252 0.00063699 0.833021 0.0777761 9.9955E-05 0.0409488 9.9955E-05 0.00839207
9.99281E-05 9.99281E-05 9.99281E-05 9.99281E-05 9.99281E-05 0.00944603 0.905129 0.0846259 9.99281E-05 9.99281E-05 9.99281E-05
9.99103E-05 9.99103E-05 9.99103E-05 9.99103E-05 9.99103E-05 0.999001 9.99103E-05 9.99103E-05 9.99103E-05 9.99103E-05 9.99103E-05
9.99279E-05 0.129392 9.99279E-05 9.99279E-05 9.99279E-05 0.851998 9.99279E-05 9.99279E-05 0.0178105 9.99279E-05 9.99279E-05
9.99369E-05 0.0632989 9.99369E-05 0.0810285 9.99369E-05 0.802394 9.99369E-05 0.0525794 9.99369E-05 9.99369E-05 9.99369E-05
9.99192E-05 9.99192E-05 9.99192E-05 9.99192E-05 9.99192E-05 9.99192E-05 9.99192E-05 9.99192E-05 0.088025 0.911076 9.99192E-05
9.99283E-05 9.99283E-05 0.99041 0.00567067 9.99283E-05 9.99283E-05 0.00311972 9.99283E-05 9.99283E-05 9.99283E-05 9.99283E-05
0.0897588 0.0499038 0.257505 0.115836 9.9982E-05 0.0424457 0.139105 9.9982E-05 0.10048 0.0533545 0.151411
9.99193E-05 9.99193E-05 0.954626 9.99193E-05 9.99193E-05 9.99193E-05 0.0444747 9.99193E-05 9.99193E-05 9.99193E-05 9.99193E-05
9.9946E-05 9.9946E-05 0.900566 9.9946E-05 0.0451709 9.9946E-05 9.9946E-05 0.0299956 0.0197028 9.9946E-05 0.00396471
9.9937E-05 9.9937E-05 0.910956 9.9937E-05 9.9937E-05 0.00537833 0.038916 9.9937E-05 9.9937E-05 9.9937E-05 0.04405
0.038542 9.9937E-05 0.939368 9.9937E-05 9.9937E-05 9.9937E-05 0.0180636 9.9937E-05 9.9937E-05 0.00332654 9.9937E-05
0.0420172 0.0253067 0.869298 9.99461E-05 9.99461E-05 9.99461E-05 9.99461E-05 0.0499445 0.0128342 9.99461E-05 9.99461E-05
9.99279E-05 9.99279E-05 0.962515 9.99279E-05 0.0278584 9.99279E-05 9.99279E-05 0.00882707 9.99279E-05 9.99279E-05 9.99279E-05
0.322586 9.99373E-05 0.44729 9.99373E-05 0.0253983 9.99373E-05 9.99373E-05 9.99373E-05 9.99373E-05 9.99373E-05 0.204025
0.436898 9.99373E-05 0.445919 9.99373E-05 9.99373E-05 0.0732146 9.99373E-05 9.99373E-05 9.99373E-05 9.99373E-05 0.0432693
9.99371E-05 0.0109905 0.931233 9.99371E-05 9.99371E-05 9.99371E-05 0.0275684 9.99371E-05 9.99371E-05 9.99371E-05 0.0295085
9.9928E-05 9.9928E-05 9.9928E-05 0.0118474 9.9928E-05 9.9928E-05 0.964059 9.9928E-05 9.9928E-05 9.9928E-05 0.0232939
9.9928E-05 9.9928E-05 9.9928E-05 0.00772571 9.9928E-05 9.9928E-05 0.983652 9.9928E-05 9.9928E-05 9.9928E-05 0.00782304
9.99191E-05 9.99191E-05 9.99191E-05 0.992321 9.99191E-05 9.99191E-05 9.99191E-05 9.99191E-05 0.00677939 9.99191E-05 9.99191E-05
9.99101E-05 9.99101E-05 9.99101E-05 0.999001 9.99101E-05 9.99101E-05 9.99101E-05 9.99101E-05 9.99101E-05 9.99101E-05 9.99101E-05
9.9946E-05 0.821096 0.0256949 9.9946E-05 9.9946E-05 0.0336696 0.114126 9.9946E-05 0.00481326 9.9946E-05 9.9946E-05
9.99369E-05 0.79392 9.99369E-05 9.99369E-05 9.99369E-05 0.0789895 0.113321 9.99369E-05 0.0130697 9.99369E-05 9.99369E-05
0.00660404 9.99281E-05 9.99281E-05 0.981231 9.99281E-05 9.99281E-05 0.0113654 9.99281E-05 9.99281E-05 9.99281E-05 9.99281E-05
9.99101E-05 9.99101E-05 9.99101E-05 0.999001 9.99101E-05 9.99101E-05 9.99101E-05 9.99101E-05 9.99101E-05 9.99101E-05 9.99101E-05
9.99369E-05 9.99369E-05 9.99369E-05 9.99369E-05 9.99369E-05 0.0276286 0.0295177 9.99369E-05 0.934473 9.99369E-05 0.00768129
0.0615324 0.173349 9.9964E-05 9.9964E-05 9.9964E-05 0.189591 0.480312 0.00561766 0.0228575 0.0663407 9.9964E-05
0.878684 9.99368E-05 9.99368E-05 9.99368E-05 9.99368E-05 9.99368E-05 9.99368E-05 0.0034083 0.037317 9.99368E-05 0.0798915
9.99101E-05 9.99101E-05 9.99101E-05 9.99101E-05 9.99101E-05 9.99101E-05 9.99101E-05 0.999001 9.99101E-05 9.99101E-05 9.99101E-05
9.9946E-05 9.9946E-05 9.9946E-05 0.0196051 0.0354916 0.0258528 9.9946E-05 0.831136 0.0873144 9.9946E-05 9.9946E-05
0.265875 9.99372E-05 0.536035 9.99372E-05 9.99372E-05 9.99372E-05 9.99372E-05 9.99372E-05 9.99372E-05 0.0467678 0.150623
