9.99549E-05 9.99549E-05 0.010467 0.926674 9.99549E-05 9.99549E-05 0.0623593 9.99549E-05
0.30639 0.215708 0.0046035 0.221176 0.199519 9.9982E-05 0.0524038 9.9982E-05
0.837648 9.99643E-05 0.0545609 9.99643E-05 9.99643E-05 0.0944814 9.99643E-05 0.0129102
0.95531 9.9955E-05 0.0406965 9.9955E-05 0.00349356 9.9955E-05 9.9955E-05 9.9955E-05
0.449656 0.143316 9.99731E-05 0.0174732 0.188991 9.99731E-05 0.200263 9.99731E-05
0.959152 9.9955E-05 0.0281538 0.0121949 9.9955E-05 9.9955E-05 9.9955E-05 9.9955E-05
9.99463E-05 0.903545 9.99463E-05 9.99463E-05 0.0958556 9.99463E-05 9.99463E-05 9.99463E-05
0.423318 9.99551E-05 9.99551E-05 9.99551E-05 0.401518 9.99551E-05 0.174664 9.99551E-05
9.99461E-05 0.843432 9.99461E-05 9.99461E-05 0.155968 9.99461E-05 9.99461E-05 9.99461E-05
9.994E-05 9.994E-05 9.994E-05 9.994E-05 9.994E-05 9.994E-05 0.9993 9.994E-05
9.99461E-05 0.013448 9.99461E-05 9.99461E-05 9.99461E-05 9.99461E-05 0.985952 9.99461E-05
0.04764 9.9964E-05 0.113716 0.651957 9.9964E-05 0.186288 9.9964E-05 9.9964E-05
0.0155064 9.99461E-05 9.99461E-05 9.99461E-05 9.99461E-05 0.983894 9.99461E-05 9.99461E-05
0.933733 9.9955E-05 9.9955E-05 0.055169 9.9955E-05 9.9955E-05 9.9955E-05 0.0105978
0.911829 9.9946E-05 9.9946E-05 0.0875712 9.9946E-05 9.9946E-05 9.9946E-05 9.9946E-05
9.99729E-05 0.676048 0.0222652 0.0619906 9.99729E-05 0.1704 0.0689958 9.99729E-05
9.99641E-05 9.99641E-05 0.307519 9.99641E-05 9.99641E-05 0.256604 0.354386 0.0810922
9.99729E-05 0.0798236 9.99729E-05 0.0683857 0.0513708 9.99729E-05 0.063533 0.736587
9.9955E-05 9.9955E-05 0.093381 9.9955E-05 9.9955E-05 0.0145913 9.9955E-05 0.891528
9.99729E-05 0.209839 0.103784 0.163504 9.99729E-05 0.0139788 0.508594 9.99729E-05
0.0104664 9.9946E-05 9.9946E-05 9.9946E-05 9.9946E-05 9.9946E-05 9.9946E-05 0.988934
9.99729E-05 0.151783 0.0374305 0.566362 9.99729E-05 0.10329 0.140835 9.99729E-05
0.000744345 9.9973E-05 0.32234 9.9973E-05 0.0132887 9.9973E-05 0.253325 0.410001
9.99459E-05 9.99459E-05 0.0884835 9.99459E-05 9.99459E-05 9.99459E-05 9.99459E-05 0.910917
0.9993 9.994E-05 9.994E-05 9.994E-05 9.994E-05 9.994E-05 9.994E-05 9.994E-05
0.9993 9.994E-05 9.994E-05 9.994E-05 9.994E-05 9.994E-05 9.994E-05 9.994E-05
9.996E-05 9.996E-05 0.0161615 0.0537985 9.996E-05 0.825926 0.103714 9.996E-05
0.912911 0.00756187 9.9955E-05 9.9955E-05 0.0790275 9.9955E-05 9.9955E-05 9.9955E-05
0.869404 0.032048 9.9964E-05 9.9964E-05 0.0956116 0.00253642 9.9964E-05 9.9964E-05
0.619966 9.99731E-05 0.0242756 9.99731E-05 0.277938 0.0488889 9.99731E-05 0.0286318
0.65729 9.99641E-05 0.0440744 9.99641E-05 0.25425 9.99641E-05 0.043985 9.99641E-05
0.136582 0.192546 9.99642E-05 0.192629 0.477844 9.99642E-05 9.99642E-05 9.99642E-05
0.976136 0.0232645 9.99461E-05 9.99461E-05 9.99461E-05 9.99461E-05 9.99461E-05 9.99461E-05
0.105472 9.99551E-05 9.99551E-05 9.99551E-05 0.885085 9.99551E-05 0.00894342 9.99551E-05
0.069258 9.99729E-05 0.186973 0.0231942 9.99729E-05 0.612288 0.107987 9.99729E-05
0.966488 0.0155596 0.00209726 9.99639E-05 9.99639E-05 0.0154553 9.99639E-05 9.99639E-05
9.994E-05 9.994E-05 9.994E-05 0.9993 9.994E-05 9.994E-05 9.994E-05 9.994E-05
0.0466755 9.9973E-05 9.9973E-05 0.171778 0.0842175 9.9973E-05 0.693167 0.00386213
0.117723 9.9982E-05 0.356574 0.02311 9.9982E-05 0.171128 0.272645 0.0586203
0.117238 0.132738 0.0424711 0.313112 9.99819E-05 9.99819E-05 0.393997 0.000243327
0.0399922 0.192924 0.0398841 0.302139 9.99819E-05 9.99819E-05 0.424258 0.000601972
9.9955E-05 9.9955E-05 9.9955E-05 0.0340177 9.9955E-05 0.0316472 0.933835 9.9955E-05
9.99639E-05 0.812342 9.99639E-05 0.113714 9.99639E-05 0.0366337 0.0369105 9.99639E-05
9.9955E-05 9.9955E-05 9.9955E-05 0.0448516 9.9955E-05 0.0429638 0.911685 9.9955E-05
9.9982E-05 0.052161 0.142922 0.106429 9.9982E-05 0.176641 0.425906 0.0957409
0.0852992 0.0699847 0.0262992 0.146912 9.9991E-05 0.0980318 0.530529 0.0428437
0.100753 9.9982E-05 0.0609552 0.185353 0.0392044 0.223256 0.390278 9.9982E-05
9.99463E-05 9.99463E-05 9.99463E-05 0.994431 9.99463E-05 9.99463E-05 9.99463E-05 0.00496886
9.994E-05 9.994E-05 9.994E-05 9.994E-05 0.9993 9.994E-05 9.994E-05 9.994E-05
9.994E-05 9.994E-05 9.994E-05 9.994E-05 0.9993 9.994E-05 9.994E-05 9.994E-05
9.994E-05 9.994E-05 9.994E-05 9.994E-05 0.9993 9.994E-05 9.994E-05 9.994E-05
9.994E-05 9.994E-05 9.994E-05 9.994E-05 0.9993 9.994E-05 9.994E-05 9.994E-05
9.994E-05 9.994E-05 9.994E-05 9.994E-05 0.9993 9.994E-05 9.994E-05 9.994E-05
0.241885 0.202292 9.99641E-05 9.99641E-05 0.52136 9.99641E-05 9.99641E-05 0.0340636
9.9946E-05 9.9946E-05 0.000733613 9.9946E-05 0.998667 9.9946E-05 9.9946E-05 9.9946E-05
9.99549E-05 0.122512 9.99549E-05 0.84806 9.99549E-05 0.0289279 9.99549E-05 9.99549E-05
0.100389 0.302049 0.00190483 0.166037 0.42932 9.99729E-05 9.99729E-05 9.99729E-05
0.9993 9.994E-05 9.994E-05 9.994E-05 9.994E-05 9.994E-05 9.994E-05 9.994E-05
9.9973E-05 0.0879548 0.00111974 0.0910007 0.00317589 0.816449 9.9973E-05 9.9973E-05
9.9964E-05 0.726081 0.0261783 0.119442 9.9964E-05 0.127898 9.9964E-05 9.9964E-05
9.99461E-05 0.0202192 9.99461E-05 9.99461E-05 9.99461E-05 0.979181 9.99461E-05 9.99461E-05
9.99549E-05 0.01732 9.99549E-05 9.99549E-05 9.99549E-05 0.920621 0.0615598 9.99549E-05
9.99549E-05 9.99549E-05 0.0157812 9.99549E-05 9.99549E-05 0.913656 0.070063 9.99549E-05
9.99551E-05 9.99551E-05 9.99551E-05 0.0685635 0.0129124 9.99551E-05 9.99551E-05 0.918024
0.9993 9.994E-05 9.994E-05 9.994E-05 9.994E-05 9.994E-05 9.994E-05 9.994E-05
0.183571 0.147288 0.116123 9.9991E-05 0.223278 0.1419 0.171418 0.0163222
0.960116 0.0151617 9.99551E-05 9.99551E-05 9.99551E-05 0.0242229 9.99551E-05 9.99551E-05
0.955527 9.9955E-05 9.9955E-05 0.0416338 9.9955E-05 9.9955E-05 0.00233978 9.9955E-05
0.886656 0.052049 9.9955E-05 9.9955E-05 0.0607955 9.9955E-05 9.9955E-05 9.9955E-05
0.944564 0.026702 9.9964E-05 9.9964E-05 0.0181174 9.9964E-05 9.9964E-05 0.0102169
0.929848 9.99551E-05 9.99551E-05 0.021541 9.99551E-05 9.99551E-05 0.0481108 9.99551E-05
0.99092 9.99459E-05 0.00848056 9.99459E-05 9.99459E-05 9.99459E-05 9.99459E-05 9.99459E-05
0.55714 9.99554E-05 9.99554E-05 9.99554E-05 0.396539 9.99554E-05 0.0458208 9.99554E-05
0.585777 0.146536 9.99643E-05 9.99643E-05 0.222918 0.0443695 9.99643E-05 9.99643E-05
0.940213 9.9982E-05 0.00459702 0.0150334 0.0284085 9.9982E-05 0.00644439 0.00510346
9.99548E-05 0.831023 0.101873 0.0666047 9.99548E-05 9.99548E-05 9.99548E-05 9.99548E-05
9.99639E-05 0.852301 0.0982627 0.0413568 0.00768003 9.99639E-05 9.99639E-05 9.99639E-05
9.994E-05 9.994E-05 0.9993 9.994E-05 9.994E-05 9.994E-05 9.994E-05 9.994E-05
9.994E-05 9.994E-05 0.9993 9.994E-05 9.994E-05 9.994E-05 9.994E-05 9.994E-05
0.00685849 0.0466512 9.9973E-05 0.0929987 0.0175345 9.9973E-05 0.835657 9.9973E-05
9.9964E-05 0.120011 9.9964E-05 0.0326024 0.00166963 9.9964E-05 0.845317 9.9964E-05
9.9946E-05 0.00656203 0.992838 9.9946E-05 9.9946E-05 9.9946E-05 9.9946E-05 9.9946E-05
9.994E-05 9.994E-05 0.9993 9.994E-05 9.994E-05 9.994E-05 9.994E-05 9.994E-05
9.99549E-05 9.99549E-05 9.99549E-05 0.943709 0.00965105 0.0461405 9.99549E-05 9.99549E-05
9.99729E-05 0.498889 9.99729E-05 0.0467786 9.99729E-05 0.144424 0.230791 0.0788173
0.112813 0.264532 9.9964E-05 0.151212 0.471043 9.9964E-05 9.9964E-05 9.9964E-05
0.0586221 9.99731E-05 0.247505 9.99731E-05 9.99731E-05 0.327949 0.262672 0.102951
9.99641E-05 9.99641E-05 0.308574 0.174898 9.99641E-05 0.453928 9.99641E-05 0.062201
0.628687 0.052312 9.99731E-05 9.99731E-05 0.27586 9.99731E-05 0.0064804 0.0363615
