9.998E-05 9.998E-05 0.9997 9.998E-05
0.253153 9.9991E-05 0.370571 0.376176
0.828471 0.0616273 0.0434353 0.0664664
0.9997 9.998E-05 9.998E-05 9.998E-05
0.427216 9.9991E-05 0.25367 0.319015
0.99656 9.9982E-05 0.00324003 9.9982E-05
0.014353 9.99911E-05 0.539434 0.446113
0.414542 9.9991E-05 0.0987116 0.486646
9.99821E-05 9.99821E-05 0.505975 0.493825
9.9982E-05 9.9982E-05 0.818945 0.180855
9.9982E-05 9.9982E-05 0.871687 0.128113
0.0880205 9.9982E-05 0.911779 9.9982E-05
0.0764958 9.99821E-05 0.923304 9.99821E-05
0.98421 0.0155899 9.9982E-05 9.9982E-05
0.945715 0.032371 0.0218139 9.9991E-05
0.0280506 9.9991E-05 0.906962 0.0648879
0.0363075 0.164267 0.799326 9.9991E-05
9.9991E-05 0.733955 0.159545 0.1064
9.998E-05 0.9997 9.998E-05 9.998E-05
9.9982E-05 9.9982E-05 0.989515 0.0102853
9.998E-05 0.9997 9.998E-05 9.998E-05
9.9982E-05 9.9982E-05 0.987534 0.0122656
0.0137146 0.552274 0.333899 0.100113
9.998E-05 0.9997 9.998E-05 9.998E-05
0.9997 9.998E-05 9.998E-05 9.998E-05
0.9997 9.998E-05 9.998E-05 9.998E-05
9.998E-05 9.998E-05 0.9997 9.998E-05
0.913699 9.9982E-05 9.9982E-05 0.0861006
0.898159 9.9982E-05 9.9982E-05 0.101641
0.691784 0.0371777 9.9991E-05 0.270938
0.678895 0.0232901 9.9991E-05 0.297715
0.0677116 9.9991E-05 0.284124 0.648065
0.981587 9.9982E-05 9.9982E-05 0.0182129
0.0877522 9.9982E-05 9.9982E-05 0.912048
0.0873659 9.9982E-05 0.912434 9.9982E-05
0.957561 9.9982E-05 0.0422392 9.9982E-05
0.0833287 9.99821E-05 0.916471 9.99821E-05
0.009737 0.0353955 0.710964 0.243903
0.171744 0.164188 0.663968 9.9991E-05
0.145694 9.9982E-05 0.854106 9.9982E-05
0.117551 9.9991E-05 0.876958 0.00539157
9.9991E-05 0.019492 0.926875 0.0535331
9.9982E-05 9.9982E-05 0.927941 0.0718595
9.9991E-05 0.0104733 0.918534 0.0708931
9.9991E-05 0.15542 0.814846 0.0296336
0.027405 0.0505021 0.788729 0.133364
0.135394 9.9991E-05 0.811897 0.0526093
9.99822E-05 9.99822E-05 0.986402 0.0133977
9.998E-05 9.998E-05 9.998E-05 0.9997
9.998E-05 9.998E-05 9.998E-05 0.9997
9.998E-05 9.998E-05 9.998E-05 0.9997
9.998E-05 9.998E-05 9.998E-05 0.9997
9.998E-05 9.998E-05 9.998E-05 0.9997
0.207808 0.0355578 0.0616898 0.694945
9.998E-05 9.998E-05 9.998E-05 0.9997
9.9982E-05 9.9982E-05 0.997693 0.00210672
0.0825909 9.9991E-05 0.303758 0.613551
0.9997 9.998E-05 9.998E-05 9.998E-05
0.0178539 9.99821E-05 0.981946 9.99821E-05
0.0820652 9.9991E-05 0.912278 0.00555708
0.00719056 9.99821E-05 0.992609 9.99821E-05
0.00342186 9.9982E-05 0.996378 9.9982E-05
9.998E-05 9.998E-05 0.9997 9.998E-05
9.9991E-05 0.900616 0.0465471 0.0527369
0.9997 9.998E-05 9.998E-05 9.998E-05
0.390039 0.0414675 0.452479 0.116014
0.9997 9.998E-05 9.998E-05 9.998E-05
0.997803 9.9982E-05 9.9982E-05 0.001997
0.921033 9.9982E-05 9.9982E-05 0.0787669
0.908311 9.9982E-05 9.9982E-05 0.0914895
0.955594 9.9991E-05 0.0286946 0.0156111
0.9997 9.998E-05 9.998E-05 9.998E-05
0.449072 9.99821E-05 9.99821E-05 0.550728
0.49807 0.0200973 0.00996829 0.471864
0.951125 0.00780667 0.0270923 0.0139758
0.0338004 9.9991E-05 0.799252 0.166847
0.0144298 9.9991E-05 0.806896 0.178574
0.14713 0.254308 0.598463 9.9991E-05
0.134068 0.258943 0.606889 9.9991E-05
9.9991E-05 0.00535901 0.855671 0.13887
9.9991E-05 0.0114882 0.871291 0.117121
0.158943 0.248416 0.592541 9.9991E-05
0.121375 0.253859 0.624666 9.9991E-05
9.9982E-05 9.9982E-05 0.961571 0.0382285
9.9991E-05 0.00909533 0.905063 0.0857417
0.0746225 9.9991E-05 0.287048 0.63823
0.13045 0.188458 0.680992 9.9991E-05
0.0239898 0.148154 0.827756 9.9991E-05
0.587602 0.0593368 9.9991E-05 0.352961
