0.9998 9.999E-05 9.999E-05
0.477688 0.522212 9.9991E-05
0.0958447 0.851229 0.0529267
9.999E-05 0.9998 9.999E-05
0.288172 0.711728 9.9991E-05
9.999E-05 0.9998 9.999E-05
0.65165 0.34825 9.99911E-05
0.212007 0.787893 9.9991E-05
0.640978 0.358922 9.99911E-05
0.973005 0.026895 9.9991E-05
0.98497 0.0149303 9.9991E-05
0.962646 0.0372541 9.9991E-05
0.972682 0.0272176 9.99911E-05
9.9991E-05 0.974033 0.0258672
9.9991E-05 0.994487 0.00541255
0.958589 0.0413109 9.9991E-05
0.809139 0.0295244 0.161337
0.218971 0.0385092 0.742519
9.999E-05 9.999E-05 0.9998
0.9998 9.999E-05 9.999E-05
9.999E-05 9.999E-05 0.9998
0.9998 9.999E-05 9.999E-05
0.344779 0.117307 0.537913
0.0124577 9.9991E-05 0.987442
9.999E-05 0.9998 9.999E-05
9.999E-05 0.9998 9.999E-05
0.9998 9.999E-05 9.999E-05
9.999E-05 0.9998 9.999E-05
9.999E-05 0.9998 9.999E-05
0.0387836 0.929953 0.0312633
0.00571406 0.958718 0.0355679
0.419255 0.580645 9.99911E-05
9.999E-05 0.9998 9.999E-05
0.167293 0.832607 9.9991E-05
0.91886 0.0810404 9.9991E-05
9.999E-05 0.9998 9.999E-05
0.960201 0.039699 9.9991E-05
0.77659 0.184188 0.0392223
0.648581 0.192802 0.158618
0.887634 0.112266 9.9991E-05
0.898249 0.0895519 0.0121989
0.983716 9.9991E-05 0.0161836
0.9998 9.999E-05 9.999E-05
0.995443 9.9991E-05 0.00445723
0.855568 9.9991E-05 0.144332
0.843666 0.118837 0.0374972
0.830834 0.161926 0.00723995
0.999139 9.99911E-05 0.000760557
0.153964 0.818954 0.0270824
0.145785 0.803322 0.0508929
0.144657 0.80978 0.0455626
0.114625 0.847895 0.0374795
0.0890659 0.89131 0.0196242
0.165933 0.748643 0.0854235
0.214146 0.785754 9.9991E-05
0.9998 9.999E-05 9.999E-05
0.459193 0.540707 9.9991E-05
9.999E-05 0.9998 9.999E-05
0.9998 9.999E-05 9.999E-05
0.949388 0.0505118 9.9991E-05
0.9998 9.999E-05 9.999E-05
0.9998 9.999E-05 9.999E-05
0.9998 9.999E-05 9.999E-05
0.0635858 0.0106373 0.925777
9.999E-05 0.9998 9.999E-05
0.584775 0.351348 0.0638769
9.999E-05 0.9998 9.999E-05
9.999E-05 0.9998 9.999E-05
0.000846929 0.999053 9.9991E-05
9.999E-05 0.9998 9.999E-05
0.0375368 0.962363 9.9991E-05
9.999E-05 0.9998 9.999E-05
0.0426984 0.957202 9.99911E-05
0.124509 0.863376 0.0121158
9.999E-05 0.9998 9.999E-05
0.864017 0.135883 9.9991E-05
0.877607 0.122293 9.9991E-05
0.666058 0.112614 0.221328
0.619372 0.143599 0.237029
0.943991 0.0559086 9.9991E-05
0.945747 0.0473263 0.00692621
0.660469 0.124207 0.215323
0.661847 0.12077 0.217383
0.9998 9.999E-05 9.999E-05
0.927474 0.035708 0.0368184
0.448451 0.551449 9.9991E-05
0.686714 0.119905 0.19338
0.852756 9.9991E-05 0.147144
0.0194228 0.91187 0.0687076
