9.99189E-05 9.99189E-05 9.99189E-05 9.99189E-05 9.99189E-05 0.0414606 9.99189E-05 9.99189E-05 0.95764 9.99189E-05 9.99189E-05
9.99729E-05 9.99729E-05 0.0311879 0.15519 0.0510941 0.0482838 9.99729E-05 0.390274 0.223082 0.0979593 0.00262815
0.0724473 9.99463E-05 0.034227 0.549579 9.99463E-05 9.99463E-05 9.99463E-05 0.284428 9.99463E-05 9.99463E-05 0.058719
9.9928E-05 9.9928E-05 0.0277895 0.961146 0.0102646 9.9928E-05 9.9928E-05 9.9928E-05 9.9928E-05 9.9928E-05 9.9928E-05
9.99551E-05 9.99551E-05 9.99551E-05 0.3603 0.0869141 0.167027 0.0139309 0.179196 9.99551E-05 0.192132 9.99551E-05
9.9928E-05 0.00369259 9.9928E-05 0.978744 9.9928E-05 9.9928E-05 0.0167636 9.9928E-05 9.9928E-05 9.9928E-05 9.9928E-05
0.00776728 9.99282E-05 9.99282E-05 9.99282E-05 9.99282E-05 9.99282E-05 9.99282E-05 0.133554 9.99282E-05 0.857879 9.99282E-05
9.99459E-05 9.99459E-05 9.99459E-05 0.0828668 0.0626402 0.104674 0.0176066 0.731613 9.99459E-05 9.99459E-05 9.99459E-05
9.9919E-05 9.9919E-05 9.9919E-05 9.9919E-05 9.9919E-05 9.9919E-05 9.9919E-05 0.194492 9.9919E-05 0.804609 9.9919E-05
9.99103E-05 9.99103E-05 9.99103E-05 9.99103E-05 9.99103E-05 0.999001 9.99103E-05 9.99103E-05 9.99103E-05 9.99103E-05 9.99103E-05
9.99192E-05 9.99192E-05 9.99192E-05 9.99192E-05 9.99192E-05 0.95646 9.99192E-05 9.99192E-05 9.99192E-05 0.0426406 9.99192E-05
0.186215 9.9937E-05 0.104249 0.0396915 9.9937E-05 9.9937E-05 9.9937E-05 9.9937E-05 0.669144 9.9937E-05 9.9937E-05
0.992243 9.99192E-05 9.99192E-05 9.99192E-05 9.99192E-05 9.99192E-05 9.99192E-05 0.0068573 9.99192E-05 9.99192E-05 9.99192E-05
9.9937E-05 9.9937E-05 9.9937E-05 0.914198 9.9937E-05 9.9937E-05 0.0354141 9.9937E-05 0.0112324 9.9937E-05 0.0384554
9.99371E-05 9.99371E-05 9.99371E-05 0.962589 9.99371E-05 0.0163925 9.99371E-05 9.99371E-05 0.00310865 9.99371E-05 0.0172107
0.123657 9.99548E-05 0.00374174 9.99548E-05 9.99548E-05 0.0985314 0.114338 9.99548E-05 0.0944785 0.564754 9.99548E-05
9.99189E-05 9.99189E-05 9.99189E-05 9.99189E-05 9.99189E-05 0.0812181 0.917883 9.99189E-05 9.99189E-05 9.99189E-05 9.99189E-05
9.99458E-05 9.99458E-05 9.99458E-05 9.99458E-05 0.00817825 0.176957 9.99458E-05 9.99458E-05 0.0205257 0.0280557 0.765684
9.9919E-05 0.96142 0.037681 9.9919E-05 9.9919E-05 9.9919E-05 9.9919E-05 9.9919E-05 9.9919E-05 9.9919E-05 9.9919E-05
9.99459E-05 9.99459E-05 0.0478511 9.99459E-05 9.99459E-05 0.529156 0.137566 9.99459E-05 0.126498 0.15833 9.99459E-05
9.99101E-05 9.99101E-05 9.99101E-05 9.99101E-05 9.99101E-05 9.99101E-05 9.99101E-05 9.99101E-05 9.99101E-05 9.99101E-05 0.999001
0.121759 9.99549E-05 0.0145433 9.99549E-05 9.99549E-05 0.0993583 0.0590801 9.99549E-05 0.584824 0.119936 9.99549E-05
9.9937E-05 9.9937E-05 0.221654 9.9937E-05 9.9937E-05 0.19719 0.183898 9.9937E-05 9.9937E-05 9.9937E-05 0.396559
9.9946E-05 0.904254 0.0420546 9.9946E-05 9.9946E-05 0.0320089 0.00309527 9.9946E-05 9.9946E-05 9.9946E-05 0.0179875
9.99192E-05 9.99192E-05 9.99192E-05 0.988342 0.010759 9.99192E-05 9.99192E-05 9.99192E-05 9.99192E-05 9.99192E-05 9.99192E-05
9.99102E-05 9.99102E-05 9.99102E-05 0.999001 9.99102E-05 9.99102E-05 9.99102E-05 9.99102E-05 9.99102E-05 9.99102E-05 9.99102E-05
0.768428 9.99459E-05 0.0218892 9.99459E-05 9.99459E-05 0.0899189 0.0557657 9.99459E-05 0.0633981 9.99459E-05 9.99459E-05
9.9937E-05 9.9937E-05 9.9937E-05 0.887242 0.0369246 9.9937E-05 9.9937E-05 0.0492388 9.9937E-05 0.025895 9.9937E-05
0.0359763 9.99461E-05 9.99461E-05 0.866417 0.0606426 9.99461E-05 9.99461E-05 0.0283991 9.99461E-05 0.00796546 9.99461E-05
9.99462E-05 0.0292343 9.99462E-05 0.569943 0.195764 9.99462E-05 0.0164048 0.188054 9.99462E-05 9.99462E-05 9.99462E-05
9.99459E-05 9.99459E-05 0.0177205 0.391614 0.105853 9.99459E-05 0.0308103 0.453402 9.99459E-05 9.99459E-05 9.99459E-05
9.99551E-05 9.99551E-05 9.99551E-05 9.99551E-05 0.128123 0.0146809 9.99551E-05 0.583495 0.244125 0.0271683 0.00190817
9.99282E-05 9.99282E-05 9.99282E-05 0.889628 9.99282E-05 9.99282E-05 0.0140601 0.0955125 9.99282E-05 9.99282E-05 9.99282E-05
9.99282E-05 9.99282E-05 0.0246457 9.99282E-05 0.688078 9.99282E-05 9.99282E-05 0.286477 9.99282E-05 9.99282E-05 9.99282E-05
0.435031 9.99639E-05 0.0753901 0.0206335 9.99639E-05 0.050301 0.360645 0.00521512 0.0523841 9.99639E-05 9.99639E-05
0.0181583 9.99459E-05 9.99459E-05 0.958716 9.99459E-05 9.99459E-05 0.00708316 0.00949116 0.00595217 9.99459E-05 9.99459E-05
9.99191E-05 9.99191E-05 9.99191E-05 9.99191E-05 9.99191E-05 9.99191E-05 0.0394218 9.99191E-05 0.959679 9.99191E-05 9.99191E-05
9.9928E-05 9.9928E-05 9.9928E-05 9.9928E-05 9.9928E-05 0.69926 9.9928E-05 0.196017 0.103923 9.9928E-05 9.9928E-05
9.99189E-05 9.99189E-05 9.99189E-05 9.99189E-05 9.99189E-05 9.99189E-05 0.989737 0.00936371 9.99189E-05 9.99189E-05 9.99189E-05
9.99458E-05 9.99458E-05 9.99458E-05 0.0856524 9.99458E-05 0.319326 0.179469 9.99458E-05 0.294309 0.120644 9.99458E-05
9.99548E-05 9.99548E-05 0.0146662 0.0571625 9.99548E-05 0.315951 0.138547 9.99548E-05 0.340579 0.132595 9.99548E-05
9.99279E-05 9.99279E-05 9.99279E-05 9.99279E-05 9.99279E-05 0.912864 0.0279363 9.99279E-05 0.0583998 9.99279E-05 9.99279E-05
0.040114 0.0140279 9.99458E-05 9.99458E-05 9.99458E-05 0.108554 9.99458E-05 9.99458E-05 0.14282 0.693884 9.99458E-05
0.0325848 9.9946E-05 0.0168644 9.9946E-05 0.0064337 0.919598 0.023919 9.9946E-05 9.9946E-05 9.9946E-05 9.9946E-05
0.175526 0.131194 0.104163 9.9964E-05 0.0164757 0.520404 9.9964E-05 9.9964E-05 0.0504704 0.00136688 9.9964E-05
0.0403994 0.062324 0.00269118 0.0930759 9.9973E-05 0.630892 9.9973E-05 0.0244227 0.124131 0.0217646 9.9973E-05
0.139156 9.9955E-05 9.9955E-05 0.116494 0.0261379 0.246487 0.317766 9.9955E-05 0.153459 9.9955E-05 9.9955E-05
9.99195E-05 0.0126713 9.99195E-05 9.99195E-05 9.99195E-05 9.99195E-05 9.99195E-05 9.99195E-05 0.986429 9.99195E-05 9.99195E-05
9.99101E-05 9.99101E-05 9.99101E-05 9.99101E-05 0.999001 9.99101E-05 9.99101E-05 9.99101E-05 9.99101E-05 9.99101E-05 9.99101E-05
9.99101E-05 9.99101E-05 9.99101E-05 9.99101E-05 0.999001 9.99101E-05 9.99101E-05 9.99101E-05 9.99101E-05 9.99101E-05 9.99101E-05
9.99101E-05 9.99101E-05 9.99101E-05 9.99101E-05 0.999001 9.99101E-05 9.99101E-05 9.99101E-05 9.99101E-05 9.99101E-05 9.99101E-05
9.99101E-05 9.99101E-05 9.99101E-05 9.99101E-05 0.999001 9.99101E-05 9.99101E-05 9.99101E-05 9.99101E-05 9.99101E-05 9.99101E-05
9.99101E-05 9.99101E-05 9.99101E-05 9.99101E-05 0.999001 9.99101E-05 9.99101E-05 9.99101E-05 9.99101E-05 9.99101E-05 9.99101E-05
9.9955E-05 9.9955E-05 9.9955E-05 0.0734741 0.346995 9.9955E-05 0.0139463 0.414509 9.9955E-05 0.0898712 0.0607045
9.99281E-05 9.99281E-05 9.99281E-05 9.99281E-05 0.968393 9.99281E-05 0.0191976 9.99281E-05 0.0116102 9.99281E-05 9.99281E-05
0.040199 9.99278E-05 9.99278E-05 9.99278E-05 9.99278E-05 9.99278E-05 9.99278E-05 9.99278E-05 0.814287 0.144715 9.99278E-05
9.99458E-05 9.99458E-05 0.0118734 9.99458E-05 0.180068 9.99458E-05 9.99458E-05 0.471543 0.169189 0.166728 9.99458E-05
9.99279E-05 9.99279E-05 9.99279E-05 0.972675 9.99279E-05 9.99279E-05 0.0176432 0.00888277 9.99279E-05 9.99279E-05 9.99279E-05
0.848783 9.9946E-05 0.024007 9.9946E-05 0.0248316 9.9946E-05 9.9946E-05 9.9946E-05 0.0758169 0.0259622 9.9946E-05
0.0966873 9.9946E-05 0.0302237 9.9946E-05 9.9946E-05 9.9946E-05 0.0632759 9.9946E-05 0.147069 0.662144 9.9946E-05
0.991057 9.99193E-05 9.99193E-05 9.99193E-05 9.99193E-05 9.99193E-05 9.99193E-05 0.00804384 9.99193E-05 9.99193E-05 9.99193E-05
0.853188 9.99189E-05 9.99189E-05 9.99189E-05 9.99189E-05 0.145913 9.99189E-05 9.99189E-05 9.99189E-05 9.99189E-05 9.99189E-05
0.811369 0.000466626 0.0515583 9.99459E-05 9.99459E-05 0.0783906 0.0576156 9.99459E-05 9.99459E-05 9.99459E-05 9.99459E-05
9.99281E-05 0.935143 9.99281E-05 9.99281E-05 9.99281E-05 9.99281E-05 9.99281E-05 0.0226403 0.0414174 9.99281E-05 9.99281E-05
9.99194E-05 9.99194E-05 0.0202081 0.978893 9.99194E-05 9.99194E-05 9.99194E-05 9.99194E-05 9.99194E-05 9.99194E-05 9.99194E-05
0.0812942 0.0238211 9.9991E-05 0.146305 0.00209223 0.0759973 0.121604 0.233052 0.140392 0.163857 0.0114849
0.0106605 9.99373E-05 9.99373E-05 0.95043 9.99373E-05 9.99373E-05 9.99373E-05 0.0200258 9.99373E-05 0.0181845 9.99373E-05
9.9946E-05 9.9946E-05 9.9946E-05 0.89529 0.0270457 9.9946E-05 0.0190273 0.0239603 0.0340769 9.9946E-05 9.9946E-05
9.9937E-05 9.9937E-05 9.9937E-05 0.856055 0.0268521 9.9937E-05 9.9937E-05 0.0594494 9.9937E-05 0.0569435 9.9937E-05
9.99461E-05 9.99461E-05 9.99461E-05 0.88836 0.0326922 9.99461E-05 9.99461E-05 0.0394835 9.99461E-05 0.0299191 0.00894532
9.99461E-05 9.99461E-05 0.0211454 0.790954 9.99461E-05 0.0491779 0.0161571 0.121966 9.99461E-05 9.99461E-05 9.99461E-05
9.9919E-05 9.9919E-05 9.9919E-05 0.960085 9.9919E-05 9.9919E-05 0.0390152 9.9919E-05 9.9919E-05 9.9919E-05 9.9919E-05
9.9919E-05 9.9919E-05 9.9919E-05 9.9919E-05 0.0419655 9.9919E-05 9.9919E-05 0.957135 9.9919E-05 9.9919E-05 9.9919E-05
0.0536249 9.9919E-05 9.9919E-05 9.9919E-05 9.9919E-05 9.9919E-05 9.9919E-05 0.945476 9.9919E-05 9.9919E-05 9.9919E-05
9.9937E-05 9.9937E-05 9.9937E-05 0.946411 0.013687 9.9937E-05 9.9937E-05 9.9937E-05 9.9937E-05 0.0145918 0.0246105
9.99458E-05 9.99458E-05 0.08741 9.99458E-05 9.99458E-05 0.00628046 0.0565654 9.99458E-05 0.0803645 0.76878 9.99458E-05
9.99458E-05 9.99458E-05 0.0847538 9.99458E-05 9.99458E-05 0.00867952 0.011871 9.99458E-05 0.0762875 0.817809 9.99458E-05
9.99191E-05 9.99191E-05 0.996935 9.99191E-05 9.99191E-05 0.00216547 9.99191E-05 9.99191E-05 9.99191E-05 9.99191E-05 9.99191E-05
9.99191E-05 9.99191E-05 0.996305 9.99191E-05 9.99191E-05 9.99191E-05 9.99191E-05 9.99191E-05 0.00279621 9.99191E-05 9.99191E-05
0.0362127 9.9946E-05 9.9946E-05 9.9946E-05 9.9946E-05 0.895597 9.9946E-05 0.0198069 0.0423609 0.00542277 9.9946E-05
0.0759023 9.99369E-05 9.99369E-05 9.99369E-05 9.99369E-05 0.875251 9.99369E-05 9.99369E-05 0.0204549 0.0276922 9.99369E-05
9.99191E-05 9.99191E-05 0.984693 9.99191E-05 9.99191E-05 9.99191E-05 9.99191E-05 9.99191E-05 9.99191E-05 0.0144076 9.99191E-05
9.99101E-05 9.99101E-05 0.999001 9.99101E-05 9.99101E-05 9.99101E-05 9.99101E-05 9.99101E-05 9.99101E-05 9.99101E-05 9.99101E-05
0.0543752 9.9919E-05 9.9919E-05 9.9919E-05 9.9919E-05 9.9919E-05 9.9919E-05 9.9919E-05 0.944726 9.9919E-05 9.9919E-05
0.134025 0.00283234 9.996E-05 9.996E-05 9.996E-05 0.177085 0.0153463 9.996E-05 0.123447 0.475772 0.0710917
9.99368E-05 9.99368E-05 9.99368E-05 9.99368E-05 0.220394 9.99368E-05 9.99368E-05 0.452608 0.165646 0.160653 9.99368E-05
0.208957 0.145214 0.0764247 0.013326 9.99551E-05 0.180176 0.375403 9.99551E-05 9.99551E-05 9.99551E-05 9.99551E-05
0.254382 9.99461E-05 0.0884876 9.99461E-05 9.99461E-05 9.99461E-05 0.493644 9.99461E-05 0.0963581 9.99461E-05 0.066529
9.99461E-05 0.0108939 0.00439559 0.302465 0.125843 9.99461E-05 9.99461E-05 0.555802 9.99461E-05 9.99461E-05 9.99461E-05
