9.99189E-05 9.99189E-05 9.99189E-05 9.99189E-05 0.947332 9.99189E-05 9.99189E-05 0.0517686 9.99189E-05 9.99189E-05 9.99189E-05
9.99368E-05 9.99368E-05 9.99368E-05 0.647191 0.105916 9.99368E-05 9.99368E-05 9.99368E-05 0.171614 9.99368E-05 0.0745788
0.108424 9.99377E-05 9.99377E-05 9.99377E-05 9.99377E-05 0.0119431 9.99377E-05 9.99377E-05 0.814777 0.0641561 9.99377E-05
9.9919E-05 9.9919E-05 9.9919E-05 9.9919E-05 9.9919E-05 9.9919E-05 9.9919E-05 9.9919E-05 0.949022 0.0500785 9.9919E-05
9.99551E-05 0.0084031 9.99551E-05 0.357026 0.00256363 9.99551E-05 9.99551E-05 0.122289 0.417011 9.99551E-05 0.0922077
9.9919E-05 9.9919E-05 9.9919E-05 9.9919E-05 9.9919E-05 9.9919E-05 0.0155016 9.9919E-05 0.983599 9.9919E-05 9.9919E-05
0.283435 9.99281E-05 0.0824944 0.633271 9.99281E-05 9.99281E-05 9.99281E-05 9.99281E-05 9.99281E-05 9.99281E-05 9.99281E-05
9.99461E-05 0.196905 9.99461E-05 0.364298 9.99461E-05 9.99461E-05 9.99461E-05 0.0399079 0.367312 0.0309773 9.99461E-05
0.160798 9.9928E-05 0.145995 0.692408 9.9928E-05 9.9928E-05 9.9928E-05 9.9928E-05 9.9928E-05 9.9928E-05 9.9928E-05
9.99192E-05 9.99192E-05 9.99192E-05 0.00744204 9.99192E-05 9.99192E-05 9.99192E-05 0.991659 9.99192E-05 9.99192E-05 9.99192E-05
9.99102E-05 9.99102E-05 9.99102E-05 9.99102E-05 9.99102E-05 9.99102E-05 9.99102E-05 0.999001 9.99102E-05 9.99102E-05 9.99102E-05
0.174264 9.9937E-05 9.9937E-05 9.9937E-05 0.700473 9.9937E-05 9.9937E-05 9.9937E-05 0.0196643 0.104899 9.9937E-05
0.978245 9.99282E-05 9.99282E-05 0.00654882 9.99282E-05 9.99282E-05 9.99282E-05 9.99282E-05 0.014407 9.99282E-05 9.99282E-05
9.9946E-05 9.9946E-05 9.9946E-05 9.9946E-05 0.0145525 0.00944488 9.9946E-05 9.9946E-05 0.916066 0.0056614 0.0536759
9.99281E-05 9.99281E-05 9.99281E-05 9.99281E-05 0.0340474 9.99281E-05 9.99281E-05 0.0322114 0.932942 9.99281E-05 9.99281E-05
0.145463 9.9937E-05 0.772589 9.9937E-05 9.9937E-05 9.9937E-05 9.9937E-05 0.0486264 9.9937E-05 9.9937E-05 0.0326214
9.99278E-05 9.99278E-05 0.0258215 9.99278E-05 9.99278E-05 9.99278E-05 9.99278E-05 0.0884545 9.99278E-05 9.99278E-05 0.884925
9.99549E-05 0.0465853 0.0525108 9.99549E-05 0.0977803 0.726708 0.00329476 0.0726207 9.99549E-05 9.99549E-05 9.99549E-05
0.00861893 9.99371E-05 9.99371E-05 9.99371E-05 9.99371E-05 0.81947 0.121382 9.99371E-05 9.99371E-05 0.0498288 9.99371E-05
9.99459E-05 9.99459E-05 0.346204 9.99459E-05 0.0980977 9.99459E-05 9.99459E-05 0.452104 9.99459E-05 0.0287751 0.0742195
9.99191E-05 9.99191E-05 9.99191E-05 9.99191E-05 9.99191E-05 0.970909 0.0281916 9.99191E-05 9.99191E-05 9.99191E-05 9.99191E-05
0.0210864 9.99549E-05 0.286746 9.99549E-05 0.519366 9.99549E-05 0.0108193 0.0592084 9.99549E-05 9.99549E-05 0.102274
9.9946E-05 0.0110043 9.9946E-05 9.9946E-05 9.9946E-05 0.450092 9.9946E-05 0.173779 9.9946E-05 0.135721 0.228804
9.9919E-05 9.9919E-05 9.9919E-05 9.9919E-05 9.9919E-05 0.941273 9.9919E-05 0.0578279 9.9919E-05 9.9919E-05 9.9919E-05
9.99192E-05 0.000657629 9.99192E-05 9.99192E-05 9.99192E-05 9.99192E-05 9.99192E-05 9.99192E-05 0.998443 9.99192E-05 9.99192E-05
9.99101E-05 9.99101E-05 9.99101E-05 9.99101E-05 9.99101E-05 9.99101E-05 9.99101E-05 9.99101E-05 0.999001 9.99101E-05 9.99101E-05
0.75006 9.99459E-05 9.99459E-05 9.99459E-05 0.0580644 9.99459E-05 9.99459E-05 0.0633116 9.99459E-05 0.0706703 0.057294
0.0066671 0.0683628 9.9937E-05 0.0120961 9.9937E-05 9.9937E-05 9.9937E-05 9.9937E-05 0.912174 9.9937E-05 9.9937E-05
9.9928E-05 0.0608986 0.0702385 9.9928E-05 9.9928E-05 9.9928E-05 9.9928E-05 9.9928E-05 0.868063 9.9928E-05 9.9928E-05
9.99461E-05 0.223171 9.99461E-05 0.0692551 9.99461E-05 9.99461E-05 0.0454635 9.99461E-05 0.631485 0.0300258 9.99461E-05
9.9946E-05 0.170039 9.9946E-05 0.144428 9.9946E-05 9.9946E-05 9.9946E-05 9.9946E-05 0.605845 0.0185545 0.0605338
9.99371E-05 0.0273656 9.99371E-05 0.940209 0.0273471 9.99371E-05 9.99371E-05 9.99371E-05 9.99371E-05 0.00437918 9.99371E-05
9.99282E-05 9.99282E-05 0.0508342 9.99282E-05 9.99282E-05 9.99282E-05 9.99282E-05 9.99282E-05 0.939338 9.99282E-05 0.00902871
9.99372E-05 0.807275 9.99372E-05 0.0970248 9.99372E-05 9.99372E-05 9.99372E-05 9.99372E-05 0.0855518 0.00944848 9.99372E-05
0.454505 0.0377667 9.99548E-05 9.99548E-05 0.0524153 9.99548E-05 9.99548E-05 0.0413351 9.99548E-05 0.0940482 0.31943
0.00540824 9.99459E-05 0.016437 0.00244873 0.0383675 9.99459E-05 9.99459E-05 9.99459E-05 0.936739 9.99459E-05 9.99459E-05
9.99281E-05 9.99281E-05 9.99281E-05 9.99281E-05 0.957684 9.99281E-05 9.99281E-05 9.99281E-05 0.0171378 9.99281E-05 0.024379
9.996E-05 0.00223048 9.996E-05 0.179644 0.128492 9.996E-05 0.0268724 0.636461 0.0132402 9.996E-05 0.0126608
9.99188E-05 9.99188E-05 9.99188E-05 0.013316 9.99188E-05 9.99188E-05 9.99188E-05 9.99188E-05 9.99188E-05 9.99188E-05 0.985785
9.99458E-05 9.99458E-05 0.265534 9.99458E-05 0.237312 9.99458E-05 9.99458E-05 0.260521 0.0652372 9.99458E-05 0.170796
9.99549E-05 9.99549E-05 0.270434 9.99549E-05 0.274593 0.0149609 9.99549E-05 0.278851 0.0498568 9.99549E-05 0.110803
0.00325171 9.99549E-05 0.0139953 9.99549E-05 0.0610926 9.99549E-05 0.0100317 0.901402 9.99549E-05 9.99549E-05 0.00972727
0.0161462 9.9955E-05 0.917527 0.0083802 0.0136322 0.00140992 9.9955E-05 0.0424051 9.9955E-05 9.9955E-05 9.9955E-05
0.0282734 9.99549E-05 0.0190525 9.99549E-05 0.0184125 9.99549E-05 9.99549E-05 0.888889 9.99549E-05 0.0237406 0.0211319
0.158432 0.0195321 0.0167537 0.0194137 0.110405 0.128756 9.9973E-05 0.465722 9.9973E-05 0.0806856 9.9973E-05
0.00796852 0.00472807 0.191205 9.9973E-05 0.144289 9.9973E-05 0.0748312 0.488315 0.0562692 9.9973E-05 0.0320938
0.127204 0.0466885 9.9964E-05 9.9964E-05 0.202727 9.9964E-05 0.0180421 0.209657 0.05863 9.9964E-05 0.336651
9.99195E-05 9.99195E-05 9.99195E-05 9.99195E-05 0.992382 0.00671826 9.99195E-05 9.99195E-05 9.99195E-05 9.99195E-05 9.99195E-05
9.99101E-05 0.999001 9.99101E-05 9.99101E-05 9.99101E-05 9.99101E-05 9.99101E-05 9.99101E-05 9.99101E-05 9.99101E-05 9.99101E-05
9.9919E-05 0.996674 9.9919E-05 9.9919E-05 9.9919E-05 0.00242639 9.9919E-05 9.9919E-05 9.9919E-05 9.9919E-05 9.9919E-05
9.9928E-05 0.963646 0.0210336 9.9928E-05 9.9928E-05 9.9928E-05 9.9928E-05 0.0145207 9.9928E-05 9.9928E-05 9.9928E-05
9.99101E-05 0.999001 9.99101E-05 9.99101E-05 9.99101E-05 9.99101E-05 9.99101E-05 9.99101E-05 9.99101E-05 9.99101E-05 9.99101E-05
9.99101E-05 0.999001 9.99101E-05 9.99101E-05 9.99101E-05 9.99101E-05 9.99101E-05 9.99101E-05 9.99101E-05 9.99101E-05 9.99101E-05
9.99641E-05 0.410587 0.069092 0.25466 9.99641E-05 0.0478693 9.99641E-05 0.000362227 0.209768 0.00726198 9.99641E-05
9.9928E-05 0.943874 9.9928E-05 0.0391675 0.0161595 9.9928E-05 9.9928E-05 9.9928E-05 9.9928E-05 9.9928E-05 9.9928E-05
9.99189E-05 9.99189E-05 0.188783 9.99189E-05 0.810317 9.99189E-05 9.99189E-05 9.99189E-05 9.99189E-05 9.99189E-05 9.99189E-05
9.99367E-05 0.0784949 9.99367E-05 0.859743 0.0493778 9.99367E-05 9.99367E-05 9.99367E-05 9.99367E-05 0.011685 9.99367E-05
9.99279E-05 9.99279E-05 9.99279E-05 9.99279E-05 9.99279E-05 0.00464163 9.99279E-05 9.99279E-05 0.99259 9.99279E-05 0.0019687
0.808734 0.0223265 0.0964255 9.9946E-05 0.037299 9.9946E-05 9.9946E-05 9.9946E-05 9.9946E-05 0.0346156 9.9946E-05
0.0962667 9.99192E-05 0.902834 9.99192E-05 9.99192E-05 9.99192E-05 9.99192E-05 9.99192E-05 9.99192E-05 9.99192E-05 9.99192E-05
0.999001 9.99103E-05 9.99103E-05 9.99103E-05 9.99103E-05 9.99103E-05 9.99103E-05 9.99103E-05 9.99103E-05 9.99103E-05 9.99103E-05
0.886763 9.99279E-05 9.99279E-05 9.99279E-05 0.0243906 9.99279E-05 9.99279E-05 0.0880471 9.99279E-05 9.99279E-05 9.99279E-05
0.803813 9.99368E-05 9.99368E-05 9.99368E-05 9.99368E-05 9.99368E-05 9.99368E-05 0.0979083 9.99368E-05 0.0671083 0.0304709
9.99101E-05 9.99101E-05 9.99101E-05 9.99101E-05 9.99101E-05 9.99101E-05 0.999001 9.99101E-05 9.99101E-05 9.99101E-05 9.99101E-05
9.99193E-05 9.99193E-05 0.0197956 9.99193E-05 9.99193E-05 9.99193E-05 9.99193E-05 9.99193E-05 0.979305 9.99193E-05 9.99193E-05
0.00423588 0.150447 0.0803783 0.0916617 0.0621739 9.9982E-05 0.0661062 0.206368 0.231903 0.106526 9.9982E-05
0.000715761 9.99283E-05 0.0143794 9.99283E-05 9.99283E-05 9.99283E-05 9.99283E-05 9.99283E-05 0.984105 9.99283E-05 9.99283E-05
9.99279E-05 9.99279E-05 9.99279E-05 9.99279E-05 0.0188033 9.99279E-05 9.99279E-05 9.99279E-05 0.940067 9.99279E-05 0.0403305
9.99279E-05 0.0645966 0.0845786 9.99279E-05 9.99279E-05 9.99279E-05 9.99279E-05 9.99279E-05 0.850025 9.99279E-05 9.99279E-05
9.9937E-05 0.0332626 0.0398468 0.0298484 9.9937E-05 9.9937E-05 9.9937E-05 9.9937E-05 0.896343 9.9937E-05 9.9937E-05
9.99281E-05 9.99281E-05 9.99281E-05 9.99281E-05 9.99281E-05 9.99281E-05 9.99281E-05 0.0661762 0.888515 9.99281E-05 0.0445096
9.99189E-05 9.99189E-05 9.99189E-05 9.99189E-05 9.99189E-05 9.99189E-05 9.99189E-05 9.99189E-05 0.958345 9.99189E-05 0.0407553
9.99373E-05 0.249009 9.99373E-05 0.264629 9.99373E-05 9.99373E-05 9.99373E-05 9.99373E-05 0.453551 9.99373E-05 0.0321113
0.0882615 0.151463 9.99374E-05 0.359903 9.99374E-05 9.99374E-05 9.99374E-05 9.99374E-05 0.399673 9.99374E-05 9.99374E-05
9.99461E-05 0.00182489 0.0219451 9.99461E-05 0.00782497 9.99461E-05 9.99461E-05 0.0136991 0.954106 9.99461E-05 9.99461E-05
9.9928E-05 0.00220016 0.990375 9.9928E-05 9.9928E-05 9.9928E-05 9.9928E-05 9.9928E-05 0.00662497 9.9928E-05 9.9928E-05
9.99189E-05 0.0273478 0.971753 9.99189E-05 9.99189E-05 9.99189E-05 9.99189E-05 9.99189E-05 9.99189E-05 9.99189E-05 9.99189E-05
9.99191E-05 9.99191E-05 9.99191E-05 9.99191E-05 9.99191E-05 9.99191E-05 9.99191E-05 9.99191E-05 0.00314742 0.995953 9.99191E-05
9.99101E-05 9.99101E-05 9.99101E-05 9.99101E-05 9.99101E-05 9.99101E-05 9.99101E-05 9.99101E-05 9.99101E-05 0.999001 9.99101E-05
0.00108171 0.00645581 0.0584219 0.0442399 0.0819177 9.99549E-05 9.99549E-05 0.807383 9.99549E-05 9.99549E-05 9.99549E-05
0.0432965 9.99459E-05 0.13495 0.0237121 0.0602764 9.99459E-05 9.99459E-05 0.737165 9.99459E-05 9.99459E-05 9.99459E-05
9.99281E-05 9.99281E-05 0.0249069 9.99281E-05 9.99281E-05 9.99281E-05 9.99281E-05 0.0103256 9.99281E-05 0.963968 9.99281E-05
9.99101E-05 9.99101E-05 9.99101E-05 9.99101E-05 9.99101E-05 9.99101E-05 9.99101E-05 9.99101E-05 9.99101E-05 0.999001 9.99101E-05
0.00884863 0.0133603 0.0465489 9.99369E-05 0.930543 9.99369E-05 9.99369E-05 9.99369E-05 9.99369E-05 9.99369E-05 9.99369E-05
0.178326 9.9955E-05 0.510381 0.050395 0.00373641 0.0729189 9.9955E-05 0.183743 9.9955E-05 9.9955E-05 9.9955E-05
9.99278E-05 0.0688547 9.99278E-05 0.893962 0.0363837 9.99278E-05 9.99278E-05 9.99278E-05 9.99278E-05 9.99278E-05 9.99278E-05
0.183845 9.99641E-05 9.99641E-05 9.99641E-05 9.99641E-05 0.0154035 0.0616822 0.194726 0.0155844 0.067847 0.460512
0.215258 9.99461E-05 9.99461E-05 9.99461E-05 0.109471 0.0438354 9.99461E-05 9.99461E-05 9.99461E-05 0.080763 0.550074
9.99462E-05 0.182808 9.99462E-05 0.234864 9.99462E-05 0.037723 9.99462E-05 9.99462E-05 0.521318 0.0226876 9.99462E-05
