9.99279E-05 9.99279E-05 9.99279E-05 9.99279E-05 0.0654906 0.00177675 9.99279E-05 9.99279E-05 9.99279E-05 9.99279E-05 0.0154933 0.91644
9.9955E-05 0.0281762 9.9955E-05 9.9955E-05 0.0407611 0.683915 0.0247955 0.15867 9.9955E-05 9.9955E-05 0.00497728 0.0582057
0.105047 9.99465E-05 9.99465E-05 0.0387263 9.99465E-05 9.99465E-05 9.99465E-05 0.583578 0.00475483 0.226099 0.0411961 9.99465E-05
9.99101E-05 9.99101E-05 9.99101E-05 9.99101E-05 9.99101E-05 9.99101E-05 9.99101E-05 0.967283 9.99101E-05 9.99101E-05 0.0317175 9.99101E-05
0.197347 9.99641E-05 0.0649329 9.99641E-05 0.127341 0.0586299 0.0534134 0.409185 9.99641E-05 0.0810892 9.99641E-05 0.00766098
9.99101E-05 9.99101E-05 9.99101E-05 9.99101E-05 9.99101E-05 9.99101E-05 0.0409031 0.958098 9.99101E-05 9.99101E-05 9.99101E-05 9.99101E-05
0.998901 9.9901E-05 9.9901E-05 9.9901E-05 9.9901E-05 9.9901E-05 9.9901E-05 9.9901E-05 9.9901E-05 9.9901E-05 9.9901E-05 9.9901E-05
9.99369E-05 9.99369E-05 0.0184381 9.99369E-05 0.0994215 0.110569 9.99369E-05 0.0502727 9.99369E-05 0.720599 9.99369E-05 9.99369E-05
0.944846 9.99189E-05 0.0168228 9.99189E-05 9.99189E-05 0.0374321 9.99189E-05 9.99189E-05 9.99189E-05 9.99189E-05 9.99189E-05 9.99189E-05
0.146673 9.99101E-05 9.99101E-05 9.99101E-05 0.852328 9.99101E-05 9.99101E-05 9.99101E-05 9.99101E-05 9.99101E-05 9.99101E-05 9.99101E-05
0.144008 9.99101E-05 9.99101E-05 9.99101E-05 0.854993 9.99101E-05 9.99101E-05 9.99101E-05 9.99101E-05 9.99101E-05 9.99101E-05 9.99101E-05
9.9928E-05 9.9928E-05 9.9928E-05 0.175123 9.9928E-05 9.9928E-05 9.9928E-05 0.0140388 9.9928E-05 9.9928E-05 0.125631 0.684408
9.99192E-05 9.99192E-05 9.99192E-05 0.957165 9.99192E-05 9.99192E-05 9.99192E-05 0.00438273 9.99192E-05 0.0375534 9.99192E-05 9.99192E-05
9.99281E-05 9.99281E-05 9.99281E-05 9.99281E-05 9.99281E-05 9.99281E-05 0.0208351 0.937598 0.0181833 9.99281E-05 9.99281E-05 0.0225839
9.993E-05 9.993E-05 0.00104924 9.993E-05 0.0212396 9.993E-05 9.993E-05 0.94 0.00864331 9.993E-05 9.993E-05 0.028368
9.9919E-05 0.827884 9.9919E-05 0.117351 9.9919E-05 9.9919E-05 0.0538657 9.9919E-05 9.9919E-05 9.9919E-05 9.9919E-05 9.9919E-05
9.99188E-05 0.0453746 9.99188E-05 9.99188E-05 0.0757702 9.99188E-05 0.877956 9.99188E-05 9.99188E-05 9.99188E-05 9.99188E-05 9.99188E-05
9.99459E-05 0.0687822 0.020523 9.99459E-05 0.131951 0.0175673 9.99459E-05 9.99459E-05 0.719188 9.99459E-05 9.99459E-05 0.0413885
9.991E-05 9.991E-05 9.991E-05 9.991E-05 9.991E-05 9.991E-05 9.991E-05 9.991E-05 0.910984 9.991E-05 0.0880165 9.991E-05
9.99279E-05 0.330999 9.99279E-05 9.99279E-05 0.484 9.99279E-05 0.107001 9.99279E-05 9.99279E-05 9.99279E-05 9.99279E-05 0.0772002
9.99101E-05 9.99101E-05 9.99101E-05 9.99101E-05 9.99101E-05 9.99101E-05 9.99101E-05 9.99101E-05 0.992172 0.0068287 9.99101E-05 9.99101E-05
9.99549E-05 0.266801 9.99549E-05 0.0737445 0.15815 9.99549E-05 0.0207693 9.99549E-05 0.00271985 9.99549E-05 0.00497988 0.472336
9.9937E-05 9.9937E-05 0.0551734 9.9937E-05 0.105348 9.9937E-05 0.357249 9.9937E-05 0.340638 9.9937E-05 0.140892 9.9937E-05
9.99279E-05 9.99279E-05 9.99279E-05 9.99279E-05 0.0533406 9.99279E-05 0.0350151 9.99279E-05 0.877207 9.99279E-05 0.0336383 9.99279E-05
9.99013E-05 9.99013E-05 9.99013E-05 9.99013E-05 9.99013E-05 9.99013E-05 9.99013E-05 0.998901 9.99013E-05 9.99013E-05 9.99013E-05 9.99013E-05
9.99103E-05 9.99103E-05 0.0180748 9.99103E-05 9.99103E-05 9.99103E-05 9.99103E-05 0.980926 9.99103E-05 9.99103E-05 9.99103E-05 9.99103E-05
9.99459E-05 9.99459E-05 9.99459E-05 0.784936 0.102427 0.00622789 0.0251684 9.99459E-05 9.99459E-05 9.99459E-05 0.064056 0.0165856
0.0193627 9.9928E-05 0.0659754 0.000993914 9.9928E-05 9.9928E-05 9.9928E-05 0.912869 9.9928E-05 9.9928E-05 9.9928E-05 9.9928E-05
9.99281E-05 0.020119 0.0736438 0.0202634 9.99281E-05 9.99281E-05 9.99281E-05 0.885174 9.99281E-05 9.99281E-05 9.99281E-05 9.99281E-05
9.99551E-05 9.99551E-05 0.0940109 9.99551E-05 9.99551E-05 0.0290094 9.99551E-05 0.503521 0.0170696 0.306467 0.0086211 0.0408008
9.99369E-05 9.99369E-05 0.000126387 9.99369E-05 9.99369E-05 9.99369E-05 0.0277926 0.291214 9.99369E-05 0.657198 0.0229697 9.99369E-05
9.99012E-05 9.99012E-05 9.99012E-05 9.99012E-05 9.99012E-05 0.998901 9.99012E-05 9.99012E-05 9.99012E-05 9.99012E-05 9.99012E-05 9.99012E-05
9.99191E-05 0.00223373 9.99191E-05 9.99191E-05 9.99191E-05 9.99191E-05 9.99191E-05 0.824522 9.99191E-05 0.172345 9.99191E-05 9.99191E-05
9.99191E-05 9.99191E-05 0.695088 9.99191E-05 9.99191E-05 0.0321203 9.99191E-05 9.99191E-05 9.99191E-05 0.271892 9.99191E-05 9.99191E-05
9.99457E-05 9.99457E-05 9.99457E-05 0.492332 0.0380855 9.99457E-05 0.290893 9.99457E-05 9.99457E-05 0.070478 0.0809852 0.026627
0.00875387 0.0157443 9.99459E-05 9.99459E-05 9.99459E-05 9.99459E-05 0.0124096 0.891325 9.99459E-05 0.0701505 0.00101654 9.99459E-05
9.9919E-05 9.9919E-05 9.9919E-05 9.9919E-05 9.9919E-05 9.9919E-05 0.0160383 9.9919E-05 9.9919E-05 0.0205718 9.9919E-05 0.962491
9.9937E-05 9.9937E-05 9.9937E-05 0.00926405 0.700555 0.217909 9.9937E-05 0.00317316 9.9937E-05 9.9937E-05 9.9937E-05 0.0683996
9.99098E-05 9.99098E-05 9.99098E-05 9.99098E-05 9.99098E-05 9.99098E-05 0.980372 9.99098E-05 9.99098E-05 0.0186287 9.99098E-05 9.99098E-05
9.99459E-05 0.21959 9.99459E-05 9.99459E-05 0.399084 9.99459E-05 0.0793393 0.0990462 0.0106284 9.99459E-05 9.99459E-05 0.191713
9.99549E-05 0.188544 9.99549E-05 9.99549E-05 0.377658 9.99549E-05 0.0232711 0.0788501 0.0174763 9.99549E-05 0.0155006 0.2982
9.99191E-05 0.0677751 9.99191E-05 9.99191E-05 0.908531 9.99191E-05 9.99191E-05 9.99191E-05 9.99191E-05 9.99191E-05 9.99191E-05 0.0227947
0.0591104 0.824708 9.9937E-05 0.0473482 0.0282961 9.9937E-05 9.9937E-05 9.9937E-05 9.9937E-05 9.9937E-05 9.9937E-05 0.0398378
9.9919E-05 9.9919E-05 9.9919E-05 0.0388845 0.868144 9.9919E-05 0.0920727 9.9919E-05 9.9919E-05 9.9919E-05 9.9919E-05 9.9919E-05
9.9964E-05 0.0634807 9.9964E-05 0.206328 0.403903 0.0434684 0.0628391 9.9964E-05 0.0847582 9.9964E-05 0.0984255 0.0363976
9.9964E-05 0.164696 9.9964E-05 0.0374206 0.503263 0.0694816 0.0548517 0.0382271 0.0438423 9.9964E-05 9.9964E-05 0.0878175
0.00885712 9.9955E-05 0.0188787 0.085385 0.226815 9.9955E-05 0.346496 0.110461 9.9955E-05 9.9955E-05 9.9955E-05 0.202607
9.99017E-05 9.99017E-05 9.99017E-05 9.99017E-05 9.99017E-05 9.99017E-05 9.99017E-05 9.99017E-05 9.99017E-05 9.99017E-05 9.99017E-05 0.998901
9.99011E-05 9.99011E-05 0.998901 9.99011E-05 9.99011E-05 9.99011E-05 9.99011E-05 9.99011E-05 9.99011E-05 9.99011E-05 9.99011E-05 9.99011E-05
9.99101E-05 9.99101E-05 0.993218 9.99101E-05 9.99101E-05 9.99101E-05 9.99101E-05 9.99101E-05 9.99101E-05 9.99101E-05 0.00578274 9.99101E-05
0.00770681 0.00393336 0.982144 9.99281E-05 9.99281E-05 9.99281E-05 9.99281E-05 0.00541591 9.99281E-05 9.99281E-05 9.99281E-05 9.99281E-05
9.99011E-05 9.99011E-05 0.998901 9.99011E-05 9.99011E-05 9.99011E-05 9.99011E-05 9.99011E-05 9.99011E-05 9.99011E-05 9.99011E-05 9.99011E-05
9.99101E-05 9.99101E-05 0.98349 9.99101E-05 9.99101E-05 9.99101E-05 9.99101E-05 9.99101E-05 9.99101E-05 0.0155106 9.99101E-05 9.99101E-05
9.99461E-05 0.177788 0.354406 9.99461E-05 9.99461E-05 0.00527714 9.99461E-05 0.0126235 0.0123351 0.43697 9.99461E-05 9.99461E-05
9.99191E-05 9.99191E-05 0.935719 9.99191E-05 9.99191E-05 0.0315445 9.99191E-05 9.99191E-05 9.99191E-05 9.99191E-05 9.99191E-05 0.0318376
0.00132107 0.175778 9.99189E-05 9.99189E-05 9.99189E-05 9.99189E-05 9.99189E-05 9.99189E-05 9.99189E-05 9.99189E-05 9.99189E-05 0.822001
0.0280157 9.99279E-05 0.0562583 9.99279E-05 9.99279E-05 0.913884 9.99279E-05 9.99279E-05 9.99279E-05 9.99279E-05 0.00104211 9.99279E-05
9.99099E-05 9.99099E-05 9.99099E-05 9.99099E-05 9.99099E-05 9.99099E-05 0.00458097 0.99442 9.99099E-05 9.99099E-05 9.99099E-05 9.99099E-05
9.99281E-05 0.101578 9.99281E-05 0.827569 9.99281E-05 9.99281E-05 9.99281E-05 9.99281E-05 9.99281E-05 9.99281E-05 0.0305641 0.0394892
9.99103E-05 0.94088 9.99103E-05 0.0581207 9.99103E-05 9.99103E-05 9.99103E-05 9.99103E-05 9.99103E-05 9.99103E-05 9.99103E-05 9.99103E-05
0.0302107 9.99103E-05 9.99103E-05 0.96879 9.99103E-05 9.99103E-05 9.99103E-05 9.99103E-05 9.99103E-05 9.99103E-05 9.99103E-05 9.99103E-05
9.99099E-05 9.99099E-05 9.99099E-05 0.87964 0.11936 9.99099E-05 9.99099E-05 9.99099E-05 9.99099E-05 9.99099E-05 9.99099E-05 9.99099E-05
9.99279E-05 9.99279E-05 9.99279E-05 0.839428 0.0778441 9.99279E-05 0.0442986 9.99279E-05 9.99279E-05 9.99279E-05 0.0376295 9.99279E-05
9.99103E-05 9.99103E-05 9.99103E-05 9.99103E-05 9.99103E-05 9.99103E-05 9.99103E-05 9.99103E-05 0.912538 9.99103E-05 9.99103E-05 0.0864626
9.99104E-05 0.00933912 9.99104E-05 9.99104E-05 9.99104E-05 9.99104E-05 9.99104E-05 0.989662 9.99104E-05 9.99104E-05 9.99104E-05 9.99104E-05
9.9964E-05 0.132614 9.9964E-05 0.114831 0.190496 0.121546 9.9964E-05 0.110161 0.0353685 0.215643 0.0789409 9.9964E-05
9.99283E-05 0.0234439 0.00625602 9.99283E-05 9.99283E-05 0.0155561 9.99283E-05 0.953945 9.99283E-05 9.99283E-05 9.99283E-05 9.99283E-05
0.0263439 9.9937E-05 0.00182964 9.9937E-05 9.9937E-05 9.9937E-05 0.0453577 0.922869 9.9937E-05 0.0029 9.9937E-05 9.9937E-05
9.9928E-05 0.0479767 0.0344818 9.9928E-05 9.9928E-05 9.9928E-05 9.9928E-05 0.863639 9.9928E-05 0.0531035 9.9928E-05 9.9928E-05
0.02914 0.0395798 0.0366436 9.99551E-05 9.99551E-05 0.010574 9.99551E-05 0.878614 0.00121537 0.0037338 9.99551E-05 9.99551E-05
9.99281E-05 9.99281E-05 9.99281E-05 9.99281E-05 0.0641931 0.00563623 9.99281E-05 0.774584 9.99281E-05 0.154787 9.99281E-05 9.99281E-05
0.00435821 9.99279E-05 0.00125358 9.99279E-05 9.99279E-05 9.99279E-05 0.0201148 0.973474 9.99279E-05 9.99279E-05 9.99279E-05 9.99279E-05
9.9901E-05 9.9901E-05 9.9901E-05 9.9901E-05 9.9901E-05 9.9901E-05 9.9901E-05 9.9901E-05 9.9901E-05 0.998901 9.9901E-05 9.9901E-05
0.0524594 9.9919E-05 9.9919E-05 0.0400215 9.9919E-05 9.9919E-05 9.9919E-05 9.9919E-05 9.9919E-05 0.90662 9.9919E-05 9.9919E-05
9.99191E-05 0.0382663 0.0296875 9.99191E-05 9.99191E-05 9.99191E-05 9.99191E-05 0.931147 9.99191E-05 9.99191E-05 9.99191E-05 9.99191E-05
9.9919E-05 0.966997 9.9919E-05 9.9919E-05 9.9919E-05 9.9919E-05 9.9919E-05 9.9919E-05 9.9919E-05 0.0176441 0.0144597 9.9919E-05
9.9919E-05 0.977236 0.00821354 9.9919E-05 9.9919E-05 9.9919E-05 9.9919E-05 9.9919E-05 9.9919E-05 0.0136513 9.9919E-05 9.9919E-05
9.99011E-05 9.99011E-05 9.99011E-05 9.99011E-05 9.99011E-05 9.99011E-05 9.99011E-05 9.99011E-05 9.99011E-05 9.99011E-05 0.998901 9.99011E-05
9.99012E-05 9.99012E-05 9.99012E-05 9.99012E-05 9.99012E-05 9.99012E-05 9.99012E-05 9.99012E-05 9.99012E-05 9.99012E-05 0.998901 9.99012E-05
9.99369E-05 0.0627107 9.99369E-05 0.0446273 0.830711 0.0416665 9.99369E-05 9.99369E-05 9.99369E-05 9.99369E-05 9.99369E-05 0.0195853
0.00123011 0.068644 9.99369E-05 0.0953294 0.790935 0.0431624 9.99369E-05 9.99369E-05 9.99369E-05 9.99369E-05 9.99369E-05 9.99369E-05
9.99102E-05 9.99102E-05 9.99102E-05 9.99102E-05 9.99102E-05 9.99102E-05 9.99102E-05 9.99102E-05 9.99102E-05 0.0119 0.987101 9.99102E-05
9.99101E-05 9.99101E-05 9.99101E-05 9.99101E-05 9.99101E-05 9.99101E-05 9.99101E-05 9.99101E-05 9.99101E-05 9.99101E-05 0.998035 0.000965849
9.99099E-05 9.99099E-05 9.99099E-05 0.0364766 9.99099E-05 9.99099E-05 9.99099E-05 9.99099E-05 9.99099E-05 9.99099E-05 9.99099E-05 0.962524
0.132329 0.36803 9.99549E-05 0.109131 0.215624 0.0337344 9.99549E-05 9.99549E-05 0.0803435 9.99549E-05 9.99549E-05 0.0603076
0.0635011 9.9919E-05 0.0198327 9.9919E-05 9.9919E-05 0.915767 9.9919E-05 9.9919E-05 9.9919E-05 9.9919E-05 9.9919E-05 9.9919E-05
9.99551E-05 9.99551E-05 9.99551E-05 0.118464 0.160779 0.00586483 0.656078 0.0230904 0.0274907 9.99551E-05 0.00773379 9.99551E-05
9.99371E-05 9.99371E-05 9.99371E-05 0.147912 9.99371E-05 9.99371E-05 0.670242 9.99371E-05 0.00806268 9.99371E-05 0.0474602 0.125624
9.9937E-05 9.9937E-05 0.0363877 9.9937E-05 9.9937E-05 9.9937E-05 9.9937E-05 0.18405 0.0122994 0.751955 0.0146079 9.9937E-05
