9.99189E-05 9.99189E-05 9.99189E-05 9.99189E-05 0.962798 0.0219575 9.99189E-05 9.99189E-05 9.99189E-05 9.99189E-05 0.0143452 9.99189E-05
9.99369E-05 9.99369E-05 9.99369E-05 9.99369E-05 0.0704471 0.0434308 0.142057 9.99369E-05 9.99369E-05 9.99369E-05 0.0313032 0.712062
0.0143637 0.0622384 0.224423 9.99464E-05 9.99464E-05 9.99464E-05 0.651863 9.99464E-05 9.99464E-05 0.00238023 0.0441319 9.99464E-05
0.0509134 9.9928E-05 9.9928E-05 9.9928E-05 9.9928E-05 9.9928E-05 0.929248 0.0146579 9.9928E-05 9.9928E-05 0.00438177 9.9928E-05
9.99551E-05 9.99551E-05 0.180387 9.99551E-05 0.0178812 0.102765 0.352172 0.0180182 0.0711893 9.99551E-05 9.99551E-05 0.257087
9.991E-05 9.991E-05 9.991E-05 9.991E-05 9.991E-05 9.991E-05 0.988336 9.991E-05 0.0106646 9.991E-05 9.991E-05 9.991E-05
9.99281E-05 0.157712 0.332843 0.418258 9.99281E-05 9.99281E-05 9.99281E-05 9.99281E-05 9.99281E-05 9.99281E-05 9.99281E-05 0.0903876
0.000466675 9.99549E-05 0.647341 9.99549E-05 9.99549E-05 0.0855597 0.0705624 0.0988105 9.99549E-05 9.99549E-05 0.0161325 0.0806274
9.99281E-05 0.0388266 0.298034 0.447767 9.99281E-05 9.99281E-05 9.99281E-05 9.99281E-05 9.99281E-05 9.99281E-05 9.99281E-05 0.214572
9.99102E-05 9.99102E-05 0.039344 9.99102E-05 9.99102E-05 0.959657 9.99102E-05 9.99102E-05 9.99102E-05 9.99102E-05 9.99102E-05 9.99102E-05
9.99102E-05 9.99102E-05 0.000943976 9.99102E-05 9.99102E-05 0.998057 9.99102E-05 9.99102E-05 9.99102E-05 9.99102E-05 9.99102E-05 9.99102E-05
0.0259679 0.166277 9.9928E-05 9.9928E-05 0.67016 9.9928E-05 9.9928E-05 9.9928E-05 9.9928E-05 9.9928E-05 0.136796 9.9928E-05
9.99102E-05 0.955702 0.0432986 9.99102E-05 9.99102E-05 9.99102E-05 9.99102E-05 9.99102E-05 9.99102E-05 9.99102E-05 9.99102E-05 9.99102E-05
9.9928E-05 9.9928E-05 9.9928E-05 9.9928E-05 9.9928E-05 9.9928E-05 0.948004 9.9928E-05 0.01376 0.00446418 9.9928E-05 0.0329723
9.9919E-05 9.9919E-05 9.9919E-05 9.9919E-05 0.0282052 0.00715705 0.963739 9.9919E-05 9.9919E-05 9.9919E-05 9.9919E-05 9.9919E-05
9.99337E-05 0.117616 9.99337E-05 0.770642 9.99337E-05 0.0229836 9.99337E-05 9.99337E-05 0.0879589 9.99337E-05 9.99337E-05 9.99337E-05
9.99188E-05 9.99188E-05 9.99188E-05 0.0157308 9.99188E-05 0.0544646 9.99188E-05 9.99188E-05 0.928905 9.99188E-05 9.99188E-05 9.99188E-05
9.99369E-05 9.99369E-05 9.99369E-05 0.0338812 0.0211723 0.193342 9.99369E-05 0.0472294 9.99369E-05 0.703676 9.99369E-05 9.99369E-05
9.99101E-05 9.99101E-05 9.99101E-05 9.99101E-05 9.99101E-05 9.99101E-05 9.99101E-05 9.99101E-05 9.99101E-05 0.892211 0.10679 9.99101E-05
9.99369E-05 9.99369E-05 9.99369E-05 0.293424 0.0972142 0.427784 9.99369E-05 9.99369E-05 0.149129 9.99369E-05 0.031749 9.99369E-05
9.99011E-05 9.99011E-05 9.99011E-05 9.99011E-05 9.99011E-05 9.99011E-05 9.99011E-05 9.99011E-05 9.99011E-05 0.998901 9.99011E-05 9.99011E-05
9.99459E-05 0.0328657 9.99459E-05 0.210176 0.530062 0.118625 9.99459E-05 9.99459E-05 0.105635 9.99459E-05 9.99459E-05 0.0020368
9.99371E-05 9.99371E-05 9.99371E-05 9.99371E-05 9.99371E-05 0.0954091 9.99371E-05 0.00221032 0.460893 0.317132 0.123656 9.99371E-05
9.99189E-05 9.99189E-05 9.99189E-05 9.99189E-05 9.99189E-05 9.99189E-05 9.99189E-05 9.99189E-05 0.154916 0.831394 0.0127912 9.99189E-05
0.543871 9.99191E-05 9.99191E-05 9.99191E-05 9.99191E-05 9.99191E-05 0.424067 0.0311625 9.99191E-05 9.99191E-05 9.99191E-05 9.99191E-05
0.181162 9.99101E-05 9.99101E-05 9.99101E-05 9.99101E-05 9.99101E-05 0.817839 9.99101E-05 9.99101E-05 9.99101E-05 9.99101E-05 9.99101E-05
9.99278E-05 0.791526 9.99278E-05 9.99278E-05 0.0737683 0.091662 9.99278E-05 9.99278E-05 9.99278E-05 9.99278E-05 0.0422441 9.99278E-05
0.998901 9.9901E-05 9.9901E-05 9.9901E-05 9.9901E-05 9.9901E-05 9.9901E-05 9.9901E-05 9.9901E-05 9.9901E-05 9.9901E-05 9.9901E-05
0.996656 0.00234534 9.99101E-05 9.99101E-05 9.99101E-05 9.99101E-05 9.99101E-05 9.99101E-05 9.99101E-05 9.99101E-05 9.99101E-05 9.99101E-05
0.200927 9.9955E-05 0.290341 9.9955E-05 0.00927364 9.9955E-05 0.313084 0.141812 9.9955E-05 0.0141561 0.0299059 9.9955E-05
0.0963532 9.99459E-05 0.471153 9.99459E-05 9.99459E-05 9.99459E-05 0.314062 0.0676029 0.0343338 9.99459E-05 0.015896 9.99459E-05
9.99013E-05 9.99013E-05 9.99013E-05 9.99013E-05 9.99013E-05 9.99013E-05 9.99013E-05 9.99013E-05 9.99013E-05 9.99013E-05 9.99013E-05 0.998901
0.254797 9.99191E-05 0.146993 9.99191E-05 9.99191E-05 9.99191E-05 0.59731 9.99191E-05 9.99191E-05 9.99191E-05 9.99191E-05 9.99191E-05
0.0132455 9.99371E-05 0.238013 9.99371E-05 9.99371E-05 0.0062899 9.99371E-05 0.730384 9.99371E-05 9.99371E-05 9.99371E-05 0.0113681
9.99458E-05 0.46716 0.0475297 9.99458E-05 0.074107 0.0202372 9.99458E-05 9.99458E-05 0.283635 9.99458E-05 0.106731 9.99458E-05
0.581778 9.99279E-05 0.00583264 9.99279E-05 9.99279E-05 9.99279E-05 0.383534 9.99279E-05 0.028056 9.99279E-05 9.99279E-05 9.99279E-05
9.991E-05 9.991E-05 0.0383572 9.991E-05 0.960644 9.991E-05 9.991E-05 9.991E-05 9.991E-05 9.991E-05 9.991E-05 9.991E-05
9.9955E-05 9.9955E-05 0.00845201 9.9955E-05 0.0895157 0.697951 0.0235959 9.9955E-05 0.00138329 0.00727221 9.9955E-05 0.17133
9.99278E-05 9.99278E-05 0.0353264 9.99278E-05 9.99278E-05 9.99278E-05 0.0253579 9.99278E-05 0.919896 9.99278E-05 0.0186201 9.99278E-05
9.99369E-05 9.99369E-05 9.99369E-05 0.186249 0.275903 0.336105 0.122258 9.99369E-05 0.0787857 9.99369E-05 9.99369E-05 9.99369E-05
9.99639E-05 9.99639E-05 9.99639E-05 0.157011 0.297072 0.402772 0.0723323 9.99639E-05 0.0216377 0.010142 0.0172577 0.0213759
9.9928E-05 9.9928E-05 9.9928E-05 0.00713508 0.0338937 0.938875 9.9928E-05 9.9928E-05 0.0192965 9.9928E-05 9.9928E-05 9.9928E-05
9.99369E-05 0.0272859 9.99369E-05 0.850401 0.063163 0.0566662 9.99369E-05 9.99369E-05 9.99369E-05 0.00178469 9.99369E-05 9.99369E-05
0.00769417 0.0314386 9.9955E-05 9.9955E-05 0.0202119 0.845424 9.9955E-05 0.00760773 0.0843812 9.9955E-05 0.00274244 9.9955E-05
9.99549E-05 0.174138 9.99549E-05 9.99549E-05 0.0263368 0.445797 9.99549E-05 9.99549E-05 0.128989 0.104848 0.0892478 0.0301436
9.9973E-05 0.00524489 9.9973E-05 0.142472 0.144519 0.573506 0.0689904 9.9973E-05 0.0259966 0.0250647 0.00381749 0.0100892
9.9946E-05 0.122989 9.9946E-05 9.9946E-05 0.236722 0.170911 0.0364876 0.0902049 0.342086 9.9946E-05 9.9946E-05 9.9946E-05
9.99021E-05 9.99021E-05 9.99021E-05 9.99021E-05 0.998901 9.99021E-05 9.99021E-05 9.99021E-05 9.99021E-05 9.99021E-05 9.99021E-05 9.99021E-05
9.99012E-05 9.99012E-05 9.99012E-05 9.99012E-05 9.99012E-05 9.99012E-05 9.99012E-05 0.998901 9.99012E-05 9.99012E-05 9.99012E-05 9.99012E-05
9.99101E-05 9.99101E-05 9.99101E-05 0.00192423 9.99101E-05 9.99101E-05 9.99101E-05 0.997077 9.99101E-05 9.99101E-05 9.99101E-05 9.99101E-05
9.99101E-05 9.99101E-05 9.99101E-05 0.024753 9.99101E-05 9.99101E-05 9.99101E-05 0.974248 9.99101E-05 9.99101E-05 9.99101E-05 9.99101E-05
9.99012E-05 9.99012E-05 9.99012E-05 9.99012E-05 9.99012E-05 9.99012E-05 9.99012E-05 0.998901 9.99012E-05 9.99012E-05 9.99012E-05 9.99012E-05
9.99011E-05 9.99011E-05 9.99011E-05 9.99011E-05 9.99011E-05 9.99011E-05 9.99011E-05 0.998901 9.99011E-05 9.99011E-05 9.99011E-05 9.99011E-05
0.0662862 9.99461E-05 0.433716 0.106274 9.99461E-05 9.99461E-05 9.99461E-05 0.303283 9.99461E-05 0.0400757 9.99461E-05 0.0497662
9.9928E-05 9.9928E-05 9.9928E-05 0.0048023 0.0183664 9.9928E-05 9.9928E-05 0.931314 9.9928E-05 9.9928E-05 9.9928E-05 0.0447175
9.99188E-05 0.0245823 9.99188E-05 0.197564 0.776955 9.99188E-05 9.99188E-05 9.99188E-05 9.99188E-05 9.99188E-05 9.99188E-05 9.99188E-05
0.00422709 9.99279E-05 9.99279E-05 0.0160826 9.99279E-05 9.99279E-05 9.99279E-05 0.0198867 9.99279E-05 9.99279E-05 9.99279E-05 0.959004
0.393576 9.99099E-05 9.99099E-05 9.99099E-05 9.99099E-05 9.99099E-05 0.605424 9.99099E-05 9.99099E-05 9.99099E-05 9.99099E-05 9.99099E-05
9.99371E-05 0.843137 9.99371E-05 0.0701686 0.0350065 9.99371E-05 9.99371E-05 0.0105074 9.99371E-05 9.99371E-05 0.0404811 9.99371E-05
9.99281E-05 0.047921 9.99281E-05 0.855307 0.0573126 9.99281E-05 9.99281E-05 9.99281E-05 0.0386598 9.99281E-05 9.99281E-05 9.99281E-05
9.99103E-05 0.998604 0.000396993 9.99103E-05 9.99103E-05 9.99103E-05 9.99103E-05 9.99103E-05 9.99103E-05 9.99103E-05 9.99103E-05 9.99103E-05
9.991E-05 0.914353 9.991E-05 9.991E-05 9.991E-05 0.0846483 9.991E-05 9.991E-05 9.991E-05 9.991E-05 9.991E-05 9.991E-05
9.99279E-05 0.842503 9.99279E-05 9.99279E-05 9.99279E-05 0.0666114 9.99279E-05 9.99279E-05 0.0602333 9.99279E-05 0.0298527 9.99279E-05
9.99192E-05 9.99192E-05 0.00644515 9.99192E-05 0.0848828 9.99192E-05 9.99192E-05 9.99192E-05 9.99192E-05 0.907773 9.99192E-05 9.99192E-05
0.704613 9.99103E-05 9.99103E-05 9.99103E-05 9.99103E-05 9.99103E-05 0.294388 9.99103E-05 9.99103E-05 9.99103E-05 9.99103E-05 9.99103E-05
0.0157752 0.085556 0.147804 0.02706 0.124838 0.0300344 0.16455 0.0988136 0.147659 0.0578148 0.0154152 0.0846794
0.0135902 9.99282E-05 0.00420615 0.0346552 9.99282E-05 9.99282E-05 0.946749 9.99282E-05 9.99282E-05 9.99282E-05 9.99282E-05 9.99282E-05
0.24885 9.9946E-05 0.031077 9.9946E-05 0.00388554 9.9946E-05 0.652917 0.0359874 0.0266833 9.9946E-05 9.9946E-05 9.9946E-05
0.989772 9.991E-05 9.991E-05 0.00922876 9.991E-05 9.991E-05 9.991E-05 9.991E-05 9.991E-05 9.991E-05 9.991E-05 9.991E-05
0.998901 9.99011E-05 9.99011E-05 9.99011E-05 9.99011E-05 9.99011E-05 9.99011E-05 9.99011E-05 9.99011E-05 9.99011E-05 9.99011E-05 9.99011E-05
0.148866 9.9946E-05 0.140913 9.9946E-05 0.0140718 0.0449426 0.641651 9.9946E-05 9.9946E-05 9.9946E-05 0.00895631 9.9946E-05
0.438682 9.99172E-05 9.99172E-05 9.99172E-05 9.99172E-05 9.99172E-05 0.560319 9.99172E-05 9.99172E-05 9.99172E-05 9.99172E-05 9.99172E-05
9.99099E-05 9.99099E-05 0.976328 9.99099E-05 9.99099E-05 9.99099E-05 0.0226732 9.99099E-05 9.99099E-05 9.99099E-05 9.99099E-05 9.99099E-05
9.99099E-05 0.0388241 0.960177 9.99099E-05 9.99099E-05 9.99099E-05 9.99099E-05 9.99099E-05 9.99099E-05 9.99099E-05 9.99099E-05 9.99099E-05
0.118186 9.99371E-05 9.99371E-05 0.00930477 9.99371E-05 9.99371E-05 0.860943 0.0089754 9.99371E-05 9.99371E-05 0.00189143 9.99371E-05
9.99279E-05 9.99279E-05 9.99279E-05 0.922523 9.99279E-05 9.99279E-05 0.0431745 0.00476114 9.99279E-05 9.99279E-05 0.0287421 9.99279E-05
9.99189E-05 9.99189E-05 9.99189E-05 0.974898 9.99189E-05 9.99189E-05 9.99189E-05 0.0236787 9.99189E-05 9.99189E-05 0.000523753 9.99189E-05
9.99101E-05 9.99101E-05 9.99101E-05 9.99101E-05 0.0095475 9.99101E-05 9.99101E-05 9.99101E-05 9.99101E-05 9.99101E-05 0.989453 9.99101E-05
9.99102E-05 9.99102E-05 9.99102E-05 9.99102E-05 0.00695267 9.99102E-05 9.99102E-05 9.99102E-05 9.99102E-05 9.99102E-05 0.992048 9.99102E-05
0.00389528 0.0323603 9.99459E-05 0.0359394 0.0448186 0.860362 9.99459E-05 9.99459E-05 9.99459E-05 9.99459E-05 9.99459E-05 0.0220251
0.0264503 0.0476614 9.9937E-05 0.0834248 9.9937E-05 0.834925 9.9937E-05 9.9937E-05 9.9937E-05 9.9937E-05 9.9937E-05 0.00683864
9.99281E-05 9.99281E-05 0.0140562 0.00475133 9.99281E-05 9.99281E-05 9.99281E-05 9.99281E-05 9.99281E-05 9.99281E-05 0.978165 0.0022284
9.99011E-05 9.99011E-05 9.99011E-05 9.99011E-05 9.99011E-05 9.99011E-05 9.99011E-05 9.99011E-05 9.99011E-05 9.99011E-05 0.998901 9.99011E-05
9.99199E-05 0.0349771 9.99199E-05 0.0449459 0.919178 9.99199E-05 9.99199E-05 9.99199E-05 9.99199E-05 9.99199E-05 9.99199E-05 9.99199E-05
9.9946E-05 0.176294 9.9946E-05 0.456655 0.0171068 0.229127 9.9946E-05 9.9946E-05 9.9946E-05 0.0730456 9.9946E-05 0.0471721
9.9919E-05 0.00445104 9.9919E-05 9.9919E-05 9.9919E-05 9.9919E-05 9.9919E-05 0.0512064 9.9919E-05 9.9919E-05 9.9919E-05 0.943443
0.0360944 0.0746485 9.99372E-05 9.99372E-05 9.99372E-05 0.0773643 9.99372E-05 9.99372E-05 0.80767 9.99372E-05 9.99372E-05 0.00352359
9.99371E-05 0.167569 9.99371E-05 0.0286888 0.0970856 9.99371E-05 9.99371E-05 9.99371E-05 0.660241 9.99371E-05 0.0457161 9.99371E-05
0.360975 9.9955E-05 0.460396 9.9955E-05 9.9955E-05 9.9955E-05 0.0233848 0.0840465 9.9955E-05 0.0540268 0.0040196 0.0126511
