9.99549E-05 9.99549E-05 0.00709654 9.99549E-05 0.0028192 0.989584 9.99549E-05 9.99549E-05
9.99639E-05 0.679444 0.0429241 0.171845 9.99639E-05 0.105387 9.99639E-05 9.99639E-05
0.0133948 9.99733E-05 0.0458385 0.839679 9.99733E-05 9.99733E-05 0.000597397 0.100191
9.9946E-05 9.9946E-05 0.0549959 0.944404 9.9946E-05 9.9946E-05 9.9946E-05 9.9946E-05
0.147395 0.257618 9.99731E-05 0.393836 0.143627 0.0572241 9.99731E-05 9.99731E-05
9.9964E-05 9.9964E-05 0.00936796 0.981981 9.9964E-05 0.00647922 0.0017715 9.9964E-05
9.9946E-05 0.676561 9.9946E-05 9.9946E-05 9.9946E-05 9.9946E-05 9.9946E-05 0.322839
0.2838 0.29104 9.99641E-05 0.373697 0.0510639 9.99641E-05 9.99641E-05 9.99641E-05
9.9955E-05 0.764129 9.9955E-05 9.9955E-05 0.00993623 9.9955E-05 9.9955E-05 0.225435
9.994E-05 9.994E-05 9.994E-05 9.994E-05 0.9993 9.994E-05 9.994E-05 9.994E-05
9.994E-05 9.994E-05 9.994E-05 9.994E-05 0.9993 9.994E-05 9.994E-05 9.994E-05
9.9964E-05 9.9964E-05 0.12408 0.0451377 9.9964E-05 0.693925 9.9964E-05 0.136457
9.99461E-05 9.99461E-05 9.99461E-05 0.0123771 9.99461E-05 9.99461E-05 9.99461E-05 0.987023
9.9964E-05 0.0224133 9.9964E-05 0.934412 9.9964E-05 0.019242 0.0235332 9.9964E-05
9.9955E-05 9.9955E-05 9.9955E-05 0.935399 0.0152015 0.0488993 9.9955E-05 9.9955E-05
9.99639E-05 0.103848 9.99639E-05 9.99639E-05 0.392519 0.128039 9.99639E-05 0.375194
9.9964E-05 9.9964E-05 0.343247 9.9964E-05 0.407439 9.9964E-05 0.0684829 0.180431
0.00612534 0.0525748 9.9973E-05 9.9973E-05 0.183492 0.0389768 0.718532 9.9973E-05
9.9946E-05 9.9946E-05 0.0631904 9.9946E-05 9.9946E-05 9.9946E-05 0.93621 9.9946E-05
9.9964E-05 9.9964E-05 0.0759647 9.9964E-05 0.667798 0.203829 9.9964E-05 0.0520088
9.994E-05 9.994E-05 9.994E-05 9.994E-05 9.994E-05 9.994E-05 0.9993 9.994E-05
9.996E-05 9.996E-05 0.0147131 9.996E-05 0.247524 0.620653 9.996E-05 0.116709
0.009133 9.99641E-05 0.331217 9.99641E-05 0.260278 9.99641E-05 0.398972 9.99641E-05
9.99549E-05 9.99549E-05 0.0941352 9.99549E-05 0.0266227 9.99549E-05 0.878742 9.99549E-05
9.994E-05 9.994E-05 9.994E-05 0.9993 9.994E-05 9.994E-05 9.994E-05 9.994E-05
9.994E-05 9.994E-05 9.994E-05 0.9993 9.994E-05 9.994E-05 9.994E-05 9.994E-05
9.99639E-05 9.99639E-05 0.0611406 9.99639E-05 0.0821417 0.0806487 9.99639E-05 0.775669
0.0824486 9.9946E-05 9.9946E-05 0.916952 9.9946E-05 9.9946E-05 9.9946E-05 9.9946E-05
0.11506 9.9955E-05 9.9955E-05 0.866273 9.9955E-05 9.9955E-05 9.9955E-05 0.018168
0.219081 9.99821E-05 0.0128107 0.701869 9.99821E-05 0.0149574 0.0094988 0.0415827
0.26388 0.0827455 0.052293 0.600682 9.9964E-05 9.9964E-05 9.9964E-05 9.9964E-05
0.0238755 0.975525 9.99461E-05 9.99461E-05 9.99461E-05 9.99461E-05 9.99461E-05 9.99461E-05
9.994E-05 9.994E-05 9.994E-05 0.9993 9.994E-05 9.994E-05 9.994E-05 9.994E-05
0.838176 0.089411 9.99551E-05 0.0719131 9.99551E-05 9.99551E-05 9.99551E-05 9.99551E-05
0.0198807 9.99819E-05 0.223737 0.0547851 0.0474201 0.0781821 9.99819E-05 0.575795
9.99549E-05 0.0137555 9.99549E-05 0.97735 9.99549E-05 9.99549E-05 9.99549E-05 0.00839495
9.99461E-05 9.99461E-05 9.99461E-05 0.00621602 9.99461E-05 0.993184 9.99461E-05 9.99461E-05
9.9973E-05 0.190573 9.9973E-05 0.0237897 0.719709 0.0636804 0.00194824 9.9973E-05
9.99731E-05 9.99731E-05 0.412091 0.140683 0.243083 9.99731E-05 0.051219 0.152624
9.99549E-05 9.99549E-05 9.99549E-05 0.146114 0.514609 0.338777 9.99549E-05 9.99549E-05
9.99729E-05 9.99729E-05 0.0281575 0.086187 0.513168 0.371081 0.00110617 9.99729E-05
9.994E-05 9.994E-05 9.994E-05 9.994E-05 0.9993 9.994E-05 9.994E-05 9.994E-05
9.99639E-05 0.188422 9.99639E-05 9.99639E-05 0.36162 0.182824 9.99639E-05 0.266734
9.9955E-05 9.9955E-05 0.0246484 9.9955E-05 0.958488 9.9955E-05 9.9955E-05 0.0163641
0.0174448 9.9982E-05 0.141251 9.9982E-05 0.450833 0.0444001 0.114179 0.231693
9.9982E-05 9.9982E-05 0.0182374 0.116731 0.612654 0.161583 0.0438023 0.0467917
0.0474755 9.9982E-05 0.0996971 0.0949798 0.32973 0.205371 9.9982E-05 0.222547
9.99464E-05 9.99464E-05 9.99464E-05 9.99464E-05 9.99464E-05 0.974281 0.0251191 9.99464E-05
0.9993 9.994E-05 9.994E-05 9.994E-05 9.994E-05 9.994E-05 9.994E-05 9.994E-05
0.995787 9.9946E-05 9.9946E-05 9.9946E-05 9.9946E-05 9.9946E-05 0.003613 9.9946E-05
0.9993 9.994E-05 9.994E-05 9.994E-05 9.994E-05 9.994E-05 9.994E-05 9.994E-05
0.9993 9.994E-05 9.994E-05 9.994E-05 9.994E-05 9.994E-05 9.994E-05 9.994E-05
0.9993 9.994E-05 9.994E-05 9.994E-05 9.994E-05 9.994E-05 9.994E-05 9.994E-05
0.446987 0.212469 9.99821E-05 0.265197 0.00750369 9.99821E-05 0.059813 0.00783009
0.970057 9.9946E-05 9.9946E-05 9.9946E-05 9.9946E-05 0.029343 9.9946E-05 9.9946E-05
9.99549E-05 0.017241 9.99549E-05 9.99549E-05 9.99549E-05 0.917396 9.99549E-05 0.0648635
0.0718579 0.883198 0.0104696 9.99639E-05 9.99639E-05 0.0340744 9.99639E-05 9.99639E-05
9.99549E-05 9.99549E-05 0.00223276 0.975557 9.99549E-05 0.02171 9.99549E-05 9.99549E-05
0.00572578 9.9964E-05 0.0236395 9.9964E-05 9.9964E-05 0.106448 9.9964E-05 0.863787
9.9973E-05 0.0612156 9.9973E-05 0.0361845 0.237877 0.24758 9.9973E-05 0.416843
9.994E-05 9.994E-05 9.994E-05 9.994E-05 9.994E-05 9.994E-05 9.994E-05 0.9993
9.99549E-05 9.99549E-05 9.99549E-05 9.99549E-05 0.0687229 0.0138913 9.99549E-05 0.916886
9.99549E-05 9.99549E-05 0.0773628 9.99549E-05 0.0906955 9.99549E-05 9.99549E-05 0.831442
9.99641E-05 0.00368209 9.99641E-05 9.99641E-05 0.0080196 0.0804679 0.907431 9.99641E-05
0.00617072 9.99462E-05 9.99462E-05 0.99323 9.99462E-05 9.99462E-05 9.99462E-05 9.99462E-05
0.0941777 0.19637 0.141218 0.204369 0.143558 0.0525671 0.00762756 0.160113
0.00486435 9.99552E-05 9.99552E-05 0.971406 9.99552E-05 9.99552E-05 9.99552E-05 0.0232301
0.0125762 9.9955E-05 9.9955E-05 0.963559 9.9955E-05 0.0233653 9.9955E-05 9.9955E-05
0.0294643 0.0521683 9.9964E-05 0.913281 9.9964E-05 9.9964E-05 9.9964E-05 0.00468663
0.0143256 0.0409075 9.9964E-05 0.940976 9.9964E-05 9.9964E-05 0.00339059 9.9964E-05
9.99551E-05 0.0102128 9.99551E-05 0.929335 0.0599528 9.99551E-05 9.99551E-05 9.99551E-05
9.99459E-05 9.99459E-05 0.0128045 0.986596 9.99459E-05 9.99459E-05 9.99459E-05 9.99459E-05
0.348548 0.236757 9.99553E-05 0.414195 9.99553E-05 9.99553E-05 9.99553E-05 9.99553E-05
0.170545 0.279142 9.99642E-05 0.441296 9.99642E-05 9.99642E-05 9.99642E-05 0.108617
9.9964E-05 9.9964E-05 9.9964E-05 0.954877 0.0191272 0.00814728 9.9964E-05 0.0174482
9.9982E-05 0.253277 0.0392563 0.0389995 0.388224 0.128745 9.9982E-05 0.151298
9.9982E-05 0.266334 0.0145993 0.012489 0.414283 0.123138 9.9982E-05 0.168957
9.994E-05 9.994E-05 0.9993 9.994E-05 9.994E-05 9.994E-05 9.994E-05 9.994E-05
9.994E-05 9.994E-05 0.9993 9.994E-05 9.994E-05 9.994E-05 9.994E-05 9.994E-05
0.0143718 0.063764 9.9964E-05 9.9964E-05 0.918505 9.9964E-05 9.9964E-05 0.00295964
9.9964E-05 0.069203 9.9964E-05 9.9964E-05 0.869307 0.0244908 9.9964E-05 0.036599
9.9946E-05 0.0107538 0.988647 9.9946E-05 9.9946E-05 9.9946E-05 9.9946E-05 9.9946E-05
9.994E-05 9.994E-05 0.9993 9.994E-05 9.994E-05 9.994E-05 9.994E-05 9.994E-05
0.00435841 9.99549E-05 9.99549E-05 9.99549E-05 9.99549E-05 0.971905 9.99549E-05 0.0232366
9.9973E-05 0.148179 9.9973E-05 9.9973E-05 0.41858 0.103018 0.0486988 0.281224
0.0877806 0.893484 9.99549E-05 9.99549E-05 9.99549E-05 0.018236 9.99549E-05 9.99549E-05
9.9982E-05 9.9982E-05 0.206514 0.0636906 0.241224 0.0191054 0.124222 0.345044
9.99641E-05 9.99641E-05 0.300509 9.99641E-05 9.99641E-05 0.157406 0.0809698 0.460716
0.215892 0.146098 0.0633956 0.547669 9.99731E-05 9.99731E-05 0.0266456 9.99731E-05
