0.0122689 0.0308373 9.99549E-05 0.956394 9.99549E-05 9.99549E-05 9.99549E-05 9.99549E-05
0.0599539 0.0218984 9.99729E-05 0.177533 9.99729E-05 0.179715 9.99729E-05 0.5606
0.0552048 9.99822E-05 0.0471691 9.99822E-05 0.0631987 0.724289 0.0710646 0.0388733
0.0214938 0.0183464 9.9964E-05 9.9964E-05 0.0165604 0.9432 9.9964E-05 9.9964E-05
9.99641E-05 0.188979 9.99641E-05 9.99641E-05 0.0623689 0.438435 9.99641E-05 0.309818
0.0011866 9.9964E-05 0.00145233 0.00641561 9.9964E-05 0.990546 9.9964E-05 9.9964E-05
9.9946E-05 9.9946E-05 9.9946E-05 9.9946E-05 9.9946E-05 9.9946E-05 0.219452 0.779948
0.0239334 9.9964E-05 9.9964E-05 9.9964E-05 0.22719 0.348582 9.9964E-05 0.399894
9.99549E-05 0.0347418 9.99549E-05 9.99549E-05 9.99549E-05 9.99549E-05 0.140388 0.824371
9.99461E-05 0.927884 9.99461E-05 9.99461E-05 9.99461E-05 9.99461E-05 9.99461E-05 0.0715165
9.99462E-05 0.97073 9.99462E-05 9.99462E-05 9.99462E-05 9.99462E-05 9.99462E-05 0.0286707
0.116215 9.9964E-05 9.9964E-05 0.707016 9.9964E-05 0.0340608 0.142308 9.9964E-05
9.99551E-05 9.99551E-05 9.99551E-05 9.99551E-05 9.99551E-05 0.0146603 0.967992 0.0168483
9.9955E-05 9.9955E-05 0.0309893 0.0083578 9.9955E-05 0.960153 9.9955E-05 9.9955E-05
9.9955E-05 9.9955E-05 0.00455659 0.0575422 9.9955E-05 0.937401 9.9955E-05 9.9955E-05
9.9973E-05 0.527521 9.9973E-05 0.0724243 0.00333216 9.9973E-05 0.332729 0.0636932
0.312123 0.426652 0.0698621 9.9964E-05 9.9964E-05 9.9964E-05 0.190963 9.9964E-05
9.99729E-05 0.219681 0.704335 0.00461707 0.0238815 9.99729E-05 9.99729E-05 0.0471856
0.094943 9.9946E-05 0.904457 9.9946E-05 9.9946E-05 9.9946E-05 9.9946E-05 9.9946E-05
0.0582985 0.777055 9.9964E-05 0.139699 9.9964E-05 9.9964E-05 0.0245481 9.9964E-05
9.994E-05 9.994E-05 0.9993 9.994E-05 9.994E-05 9.994E-05 9.994E-05 9.994E-05
0.00441005 0.315602 9.99639E-05 0.51791 9.99639E-05 9.99639E-05 0.161678 9.99639E-05
0.329506 0.268896 0.398015 9.9964E-05 0.00318296 9.9964E-05 9.9964E-05 9.9964E-05
0.089855 0.0169739 0.892671 9.99549E-05 9.99549E-05 9.99549E-05 9.99549E-05 9.99549E-05
9.99461E-05 9.99461E-05 9.99461E-05 9.99461E-05 0.00416863 0.995232 9.99461E-05 9.99461E-05
9.994E-05 9.994E-05 9.994E-05 9.994E-05 9.994E-05 0.9993 9.994E-05 9.994E-05
0.0478735 0.0688758 9.99639E-05 0.0765202 9.99639E-05 9.99639E-05 0.806331 9.99639E-05
9.9964E-05 9.9964E-05 9.9964E-05 9.9964E-05 0.0525433 0.928603 0.00463767 0.0138158
9.9964E-05 9.9964E-05 9.9964E-05 9.9964E-05 0.0847804 0.872379 0.008173 0.0342678
0.01207 9.99821E-05 0.0234592 9.99821E-05 0.25407 0.665135 0.0321629 0.0129026
0.0207381 9.99641E-05 9.99641E-05 9.99641E-05 0.186876 0.661843 9.99641E-05 0.130144
9.9964E-05 9.9964E-05 9.9964E-05 0.103068 0.0947876 0.0172941 9.9964E-05 0.78445
9.994E-05 9.994E-05 9.994E-05 9.994E-05 9.994E-05 0.9993 9.994E-05 9.994E-05
0.00829195 9.99641E-05 9.99641E-05 9.99641E-05 0.8209 0.0896187 9.99641E-05 0.0807893
0.192652 0.0449469 9.99729E-05 0.0810304 9.99729E-05 0.0653601 0.615711 9.99729E-05
0.000570914 9.99729E-05 9.99729E-05 0.00283212 9.99729E-05 0.966749 0.0278537 0.00169465
0.00376529 9.9955E-05 9.9955E-05 0.989982 9.9955E-05 0.00575317 9.9955E-05 9.9955E-05
9.9982E-05 0.709972 0.0121854 0.100195 0.0123579 0.00726245 9.9982E-05 0.157828
0.377795 0.244448 0.0519344 0.00240923 9.9982E-05 0.162372 0.160841 9.9982E-05
9.99549E-05 0.628015 9.99549E-05 0.246906 9.99549E-05 0.124579 9.99549E-05 9.99549E-05
0.0228627 0.634212 9.99639E-05 0.258524 9.99639E-05 0.0840021 9.99639E-05 9.99639E-05
9.994E-05 0.9993 9.994E-05 9.994E-05 9.994E-05 9.994E-05 9.994E-05 9.994E-05
9.99639E-05 0.467198 9.99639E-05 0.142686 9.99639E-05 9.99639E-05 0.235177 0.15454
0.0326899 0.898345 9.9955E-05 9.9955E-05 9.9955E-05 9.9955E-05 0.0684653 9.9955E-05
0.127585 0.557662 0.0927346 0.0461474 0.00222297 9.9991E-05 0.166871 0.00667697
0.0532201 0.679573 0.0170947 0.14903 9.9982E-05 0.0644879 0.036394 9.9982E-05
0.112629 0.245801 9.9982E-05 0.213375 0.0785423 0.101235 0.248218 9.9982E-05
9.99464E-05 9.99464E-05 0.00205596 0.997344 9.99464E-05 9.99464E-05 9.99464E-05 9.99464E-05
9.994E-05 9.994E-05 9.994E-05 9.994E-05 0.9993 9.994E-05 9.994E-05 9.994E-05
9.99529E-05 0.0130511 9.99529E-05 9.99529E-05 0.986349 9.99529E-05 9.99529E-05 9.99529E-05
9.994E-05 9.994E-05 9.994E-05 9.994E-05 0.9993 9.994E-05 9.994E-05 9.994E-05
9.994E-05 9.994E-05 9.994E-05 9.994E-05 0.9993 9.994E-05 9.994E-05 9.994E-05
9.994E-05 9.994E-05 9.994E-05 9.994E-05 0.9993 9.994E-05 9.994E-05 9.994E-05
9.99821E-05 0.06394 0.0165568 9.99821E-05 0.466061 0.207604 0.0435149 0.202124
9.9955E-05 9.9955E-05 9.9955E-05 0.0366697 0.923089 9.9955E-05 9.9955E-05 0.0397418
9.99549E-05 0.0380658 9.99549E-05 0.871748 9.99549E-05 9.99549E-05 0.0896864 9.99549E-05
0.0310883 9.99728E-05 9.99728E-05 0.118108 0.126887 0.0140183 9.99728E-05 0.709599
9.99459E-05 9.99459E-05 9.99459E-05 0.00440472 9.99459E-05 0.994996 9.99459E-05 9.99459E-05
0.0361969 9.9964E-05 9.9964E-05 0.0947478 0.0153649 9.9964E-05 0.85329 9.9964E-05
9.9973E-05 0.458485 9.9973E-05 0.170079 9.9973E-05 0.0460787 0.303068 0.02199
9.99462E-05 9.99462E-05 9.99462E-05 9.99462E-05 9.99462E-05 9.99462E-05 0.995911 0.00348961
9.99459E-05 0.0526061 9.99459E-05 9.99459E-05 9.99459E-05 9.99459E-05 0.946794 9.99459E-05
0.0792551 0.0374424 9.99549E-05 9.99549E-05 9.99549E-05 9.99549E-05 0.882803 9.99549E-05
9.99551E-05 9.99551E-05 0.890692 0.0863698 0.0224384 9.99551E-05 9.99551E-05 9.99551E-05
0.00229574 9.99462E-05 9.99462E-05 9.99462E-05 9.99462E-05 0.997105 9.99462E-05 9.99462E-05
0.0913284 0.181272 0.0774184 0.0526411 0.155423 0.143447 0.10746 0.19101
9.99552E-05 9.99552E-05 9.99552E-05 9.99552E-05 9.99552E-05 0.95021 0.0132287 0.0360618
9.9955E-05 9.9955E-05 9.9955E-05 0.0577406 0.0518601 0.889899 9.9955E-05 9.9955E-05
9.9964E-05 9.9964E-05 9.9964E-05 9.9964E-05 0.0599985 0.861229 0.0164394 0.061933
9.9955E-05 9.9955E-05 9.9955E-05 9.9955E-05 0.000327171 0.935559 9.9955E-05 0.0636142
0.00888397 0.0601437 9.9973E-05 0.0258077 9.9973E-05 0.90164 9.9973E-05 0.00322511
0.000315639 9.9946E-05 9.9946E-05 9.9946E-05 9.9946E-05 0.999085 9.9946E-05 9.9946E-05
9.99552E-05 9.99552E-05 9.99552E-05 9.99552E-05 0.204536 0.462691 9.99552E-05 0.332274
9.99642E-05 9.99642E-05 9.99642E-05 9.99642E-05 0.0614273 0.438405 0.0106593 0.489109
0.00130764 0.0169462 9.9973E-05 0.00166177 0.0381393 0.941645 9.9973E-05 9.9973E-05
0.0255192 0.585826 9.9982E-05 0.0768142 9.9982E-05 0.057697 0.0702984 0.183646
9.9973E-05 0.632259 9.9973E-05 0.0390702 9.9973E-05 0.0507904 0.126739 0.150841
0.9993 9.994E-05 9.994E-05 9.994E-05 9.994E-05 9.994E-05 9.994E-05 9.994E-05
0.9993 9.994E-05 9.994E-05 9.994E-05 9.994E-05 9.994E-05 9.994E-05 9.994E-05
9.9964E-05 0.910003 9.9964E-05 0.026514 0.0202067 9.9964E-05 9.9964E-05 0.0428766
9.9955E-05 0.924253 9.9955E-05 9.9955E-05 9.9955E-05 9.9955E-05 0.0240837 0.0511632
0.983422 9.9946E-05 9.9946E-05 9.9946E-05 9.9946E-05 9.9946E-05 9.9946E-05 0.0159783
0.9993 9.994E-05 9.994E-05 9.994E-05 9.994E-05 9.994E-05 9.994E-05 9.994E-05
9.99459E-05 9.99459E-05 9.99459E-05 0.953017 9.99459E-05 9.99459E-05 0.0463835 9.99459E-05
9.9973E-05 0.481366 0.0397147 0.100984 9.9973E-05 9.9973E-05 0.238504 0.139131
9.99548E-05 9.99548E-05 9.99548E-05 0.0702385 0.160536 9.99548E-05 9.99548E-05 0.768726
0.242432 0.203839 0.117294 9.99731E-05 9.99731E-05 0.074759 0.361376 9.99731E-05
0.302605 9.99641E-05 0.0717955 0.186455 9.99641E-05 9.99641E-05 0.438744 9.99641E-05
0.0271095 9.99731E-05 0.018358 9.99731E-05 0.170824 0.55492 9.99731E-05 0.228489
