9.99279E-05 9.99279E-05 0.0372881 9.99279E-05 9.99279E-05 9.99279E-05 9.99279E-05 0.954538 9.99279E-05 0.00737425 9.99279E-05
9.99548E-05 9.99548E-05 9.99548E-05 0.539007 9.99548E-05 0.201795 9.99548E-05 0.155354 0.0400792 0.0124441 0.0508209
9.99465E-05 0.0193512 9.99465E-05 0.0505297 9.99465E-05 0.789786 0.118834 9.99465E-05 9.99465E-05 0.0208995 9.99465E-05
9.9928E-05 9.9928E-05 9.9928E-05 9.9928E-05 0.00031477 0.962419 9.9928E-05 9.9928E-05 9.9928E-05 0.0364665 9.9928E-05
0.0396378 9.99641E-05 0.0934061 0.355086 0.0224821 0.409372 9.99641E-05 0.0626276 9.99641E-05 9.99641E-05 0.0169878
0.0386545 9.9937E-05 0.000371128 9.9937E-05 9.9937E-05 0.951858 9.9937E-05 0.00841678 9.9937E-05 9.9937E-05 9.9937E-05
9.99191E-05 9.99191E-05 9.99191E-05 0.719116 9.99191E-05 9.99191E-05 0.279985 9.99191E-05 9.99191E-05 9.99191E-05 9.99191E-05
9.9955E-05 9.9955E-05 0.0606349 0.393013 0.185039 0.342065 9.9955E-05 9.9955E-05 9.9955E-05 0.0139184 0.00482927
9.99279E-05 9.99279E-05 9.99279E-05 0.772037 9.99279E-05 9.99279E-05 0.168815 9.99279E-05 0.0583484 9.99279E-05 9.99279E-05
9.99192E-05 9.99192E-05 0.989227 0.00987396 9.99192E-05 9.99192E-05 9.99192E-05 9.99192E-05 9.99192E-05 9.99192E-05 9.99192E-05
9.99103E-05 9.99103E-05 0.999001 9.99103E-05 9.99103E-05 9.99103E-05 9.99103E-05 9.99103E-05 9.99103E-05 9.99103E-05 9.99103E-05
9.9946E-05 9.9946E-05 9.9946E-05 9.9946E-05 9.9946E-05 0.0305646 0.13087 0.706265 9.9946E-05 0.123076 0.00862476
9.99282E-05 9.99282E-05 9.99282E-05 0.0189552 9.99282E-05 0.00718405 0.973061 9.99282E-05 9.99282E-05 9.99282E-05 9.99282E-05
9.9928E-05 0.0109583 9.9928E-05 9.9928E-05 9.9928E-05 0.929715 9.9928E-05 9.9928E-05 9.9928E-05 9.9928E-05 0.0585269
0.0304142 9.9928E-05 9.9928E-05 9.9928E-05 9.9928E-05 0.919284 9.9928E-05 0.0495027 9.9928E-05 9.9928E-05 9.9928E-05
9.9937E-05 9.9937E-05 0.0286552 9.9937E-05 9.9937E-05 9.9937E-05 0.182941 9.9937E-05 0.786339 9.9937E-05 0.00136574
9.99189E-05 9.99189E-05 0.0695555 9.99189E-05 9.99189E-05 9.99189E-05 9.99189E-05 9.99189E-05 9.99189E-05 9.99189E-05 0.929545
9.99549E-05 0.724775 0.0686965 0.0275091 0.0304938 9.99549E-05 9.99549E-05 0.0238065 0.124219 9.99549E-05 9.99549E-05
9.9919E-05 0.905869 9.9919E-05 9.9919E-05 9.9919E-05 9.9919E-05 9.9919E-05 9.9919E-05 9.9919E-05 0.0932315 9.9919E-05
9.99549E-05 9.99549E-05 0.410467 9.99549E-05 9.99549E-05 9.99549E-05 0.00864413 0.132406 0.324686 0.0393627 0.0839353
9.99101E-05 0.999001 9.99101E-05 9.99101E-05 9.99101E-05 9.99101E-05 9.99101E-05 9.99101E-05 9.99101E-05 9.99101E-05 9.99101E-05
9.9964E-05 0.00883531 0.0702073 9.9964E-05 9.9964E-05 9.9964E-05 0.0791152 0.457967 0.350194 0.0163744 0.0169064
0.999001 9.99101E-05 9.99101E-05 9.99101E-05 9.99101E-05 9.99101E-05 9.99101E-05 9.99101E-05 9.99101E-05 9.99101E-05 9.99101E-05
0.333988 0.665113 9.99188E-05 9.99188E-05 9.99188E-05 9.99188E-05 9.99188E-05 9.99188E-05 9.99188E-05 9.99188E-05 9.99188E-05
9.99192E-05 9.99192E-05 9.99192E-05 9.99192E-05 0.00760294 0.991498 9.99192E-05 9.99192E-05 9.99192E-05 9.99192E-05 9.99192E-05
9.99102E-05 9.99102E-05 9.99102E-05 9.99102E-05 9.99102E-05 0.999001 9.99102E-05 9.99102E-05 9.99102E-05 9.99102E-05 9.99102E-05
9.99549E-05 9.99549E-05 0.0654165 9.99549E-05 9.99549E-05 9.99549E-05 0.783703 0.0508294 0.0342667 0.0452864 0.0199983
9.9919E-05 9.9919E-05 9.9919E-05 9.9919E-05 0.0592631 0.939838 9.9919E-05 9.9919E-05 9.9919E-05 9.9919E-05 9.9919E-05
9.9937E-05 9.9937E-05 9.9937E-05 9.9937E-05 0.0268717 0.902042 0.0040442 9.9937E-05 0.0663422 9.9937E-05 9.9937E-05
9.99641E-05 0.012182 9.99641E-05 0.0506963 0.167428 0.708811 9.99641E-05 0.0217937 9.99641E-05 0.00642326 0.0322662
0.0306626 9.9946E-05 9.9946E-05 0.105803 0.180801 0.622309 9.9946E-05 9.9946E-05 9.9946E-05 9.9946E-05 0.0598257
9.99371E-05 9.99371E-05 9.99371E-05 0.875316 0.0811466 9.99371E-05 9.99371E-05 0.0380995 9.99371E-05 0.00473813 9.99371E-05
9.99282E-05 9.99282E-05 9.99282E-05 9.99282E-05 9.99282E-05 0.976439 9.99282E-05 9.99282E-05 0.0132458 9.99282E-05 0.00951615
9.99282E-05 9.99282E-05 9.99282E-05 0.133396 0.801591 0.0642139 9.99282E-05 9.99282E-05 9.99282E-05 9.99282E-05 9.99282E-05
9.99639E-05 9.99639E-05 0.0136362 9.99639E-05 0.00082091 0.0381824 0.486553 0.0657915 9.99639E-05 0.0793701 0.315246
9.99279E-05 9.99279E-05 9.99279E-05 9.99279E-05 9.99279E-05 0.954659 9.99279E-05 0.025937 9.99279E-05 9.99279E-05 0.0186043
9.99191E-05 9.99191E-05 9.99191E-05 9.99191E-05 9.99191E-05 0.0307067 9.99191E-05 0.968394 9.99191E-05 9.99191E-05 9.99191E-05
0.128992 9.99549E-05 0.529995 0.164545 0.00310234 0.0130002 9.99549E-05 0.159865 9.99549E-05 9.99549E-05 9.99549E-05
9.99101E-05 9.99101E-05 9.99101E-05 9.99101E-05 9.99101E-05 9.99101E-05 9.99101E-05 9.99101E-05 9.99101E-05 9.99101E-05 0.999001
0.0108238 0.00641152 0.198968 9.99639E-05 9.99639E-05 0.0677113 9.99639E-05 0.232973 0.295147 9.99639E-05 0.187565
9.99549E-05 0.018649 0.223231 9.99549E-05 9.99549E-05 0.0711801 9.99549E-05 0.291975 0.258085 9.99549E-05 0.136381
9.99279E-05 9.99279E-05 0.891985 9.99279E-05 9.99279E-05 9.99279E-05 9.99279E-05 0.0453763 9.99279E-05 9.99279E-05 0.0618392
9.99281E-05 9.99281E-05 9.99281E-05 0.0188663 9.99281E-05 9.99281E-05 0.0680266 9.99281E-05 0.912308 9.99281E-05 9.99281E-05
0.00587379 9.9946E-05 0.914315 9.9946E-05 9.9946E-05 9.9946E-05 0.043124 9.9946E-05 9.9946E-05 0.00791197 0.0281758
0.435292 9.99549E-05 0.184618 9.99549E-05 9.99549E-05 9.99549E-05 0.132908 0.0717227 0.166313 0.00864661 9.99549E-05
0.266048 9.99459E-05 0.334386 9.99459E-05 9.99459E-05 0.0669165 9.99459E-05 0.115655 0.216395 9.99459E-05 9.99459E-05
0.0869507 9.9973E-05 0.16291 0.0265032 0.0565248 0.0485805 0.161987 0.234175 9.9973E-05 9.9973E-05 0.222069
9.99195E-05 0.00516046 9.99195E-05 9.99195E-05 9.99195E-05 9.99195E-05 9.99195E-05 0.99394 9.99195E-05 9.99195E-05 9.99195E-05
9.99101E-05 9.99101E-05 9.99101E-05 9.99101E-05 0.999001 9.99101E-05 9.99101E-05 9.99101E-05 9.99101E-05 9.99101E-05 9.99101E-05
9.99101E-05 9.99101E-05 9.99101E-05 9.99101E-05 0.999001 9.99101E-05 9.99101E-05 9.99101E-05 9.99101E-05 9.99101E-05 9.99101E-05
0.00558347 9.9919E-05 9.9919E-05 9.9919E-05 0.993517 9.9919E-05 9.9919E-05 9.9919E-05 9.9919E-05 9.9919E-05 9.9919E-05
9.99101E-05 9.99101E-05 9.99101E-05 9.99101E-05 0.999001 9.99101E-05 9.99101E-05 9.99101E-05 9.99101E-05 9.99101E-05 9.99101E-05
9.99101E-05 9.99101E-05 9.99101E-05 9.99101E-05 0.999001 9.99101E-05 9.99101E-05 9.99101E-05 9.99101E-05 9.99101E-05 9.99101E-05
0.110654 9.99552E-05 9.99552E-05 0.189686 0.433382 0.239113 0.0129674 9.99552E-05 0.0136983 9.99552E-05 9.99552E-05
9.9937E-05 9.9937E-05 9.9937E-05 0.0302783 0.918565 9.9937E-05 9.9937E-05 0.0115713 0.0388858 9.9937E-05 9.9937E-05
9.99279E-05 9.99279E-05 9.99279E-05 9.99279E-05 9.99279E-05 9.99279E-05 0.0155533 0.835174 0.148473 9.99279E-05 9.99279E-05
9.99367E-05 9.99367E-05 9.99367E-05 0.799238 0.100013 9.99367E-05 9.99367E-05 0.0916319 9.99367E-05 0.00841794 9.99367E-05
0.000270521 9.99279E-05 9.99279E-05 9.99279E-05 9.99279E-05 0.985944 9.99279E-05 9.99279E-05 9.99279E-05 9.99279E-05 0.0129858
9.9937E-05 9.9937E-05 9.9937E-05 9.9937E-05 9.9937E-05 9.9937E-05 0.818656 0.0337416 0.116477 0.0304267 9.9937E-05
9.99192E-05 9.99192E-05 9.99192E-05 9.99192E-05 9.99192E-05 9.99192E-05 0.0945442 9.99192E-05 0.904557 9.99192E-05 9.99192E-05
9.99103E-05 9.99103E-05 9.99103E-05 9.99103E-05 9.99103E-05 9.99103E-05 0.999001 9.99103E-05 9.99103E-05 9.99103E-05 9.99103E-05
9.99369E-05 9.99369E-05 0.116692 9.99369E-05 9.99369E-05 0.00137513 0.849875 0.0313584 9.99369E-05 9.99369E-05 9.99369E-05
0.00211339 0.0201173 0.0708886 9.99459E-05 9.99459E-05 9.99459E-05 0.843047 9.99459E-05 9.99459E-05 0.0632341 9.99459E-05
9.99461E-05 0.900568 0.0175176 0.0163582 0.0109067 9.99461E-05 9.99461E-05 0.0540498 9.99461E-05 9.99461E-05 9.99461E-05
9.99193E-05 9.99193E-05 0.00557318 9.99193E-05 9.99193E-05 0.993528 9.99193E-05 9.99193E-05 9.99193E-05 9.99193E-05 9.99193E-05
9.999E-05 0.022875 0.126679 0.0327185 0.084121 0.285325 0.132848 0.175961 0.0029096 0.0473339 0.089129
9.99283E-05 9.99283E-05 9.99283E-05 9.99283E-05 9.99283E-05 0.958036 0.0212662 9.99283E-05 0.019898 9.99283E-05 9.99283E-05
9.99369E-05 9.99369E-05 9.99369E-05 9.99369E-05 0.0404077 0.885 9.99369E-05 0.0187148 9.99369E-05 9.99369E-05 0.0551783
9.99279E-05 9.99279E-05 9.99279E-05 9.99279E-05 0.0283539 0.90249 9.99279E-05 9.99279E-05 0.0683569 9.99279E-05 9.99279E-05
9.9937E-05 0.000228661 9.9937E-05 0.0453309 9.9937E-05 0.923251 9.9937E-05 9.9937E-05 0.0304895 9.9937E-05 9.9937E-05
9.99461E-05 9.99461E-05 0.0835497 0.014182 9.99461E-05 0.89281 9.99461E-05 9.99461E-05 9.99461E-05 0.000138364 0.0087203
9.99189E-05 9.99189E-05 9.99189E-05 9.99189E-05 9.99189E-05 0.985208 9.99189E-05 9.99189E-05 9.99189E-05 9.99189E-05 0.0138932
9.99283E-05 9.99283E-05 9.99283E-05 0.343528 0.220403 0.435269 9.99283E-05 9.99283E-05 9.99283E-05 9.99283E-05 9.99283E-05
9.99373E-05 9.99373E-05 9.99373E-05 0.464909 0.0933187 0.40086 0.0402132 9.99373E-05 9.99373E-05 9.99373E-05 9.99373E-05
0.0100447 9.99371E-05 9.99371E-05 9.99371E-05 0.00284758 0.946672 9.99371E-05 9.99371E-05 0.0397361 9.99371E-05 9.99371E-05
9.9919E-05 9.9919E-05 9.9919E-05 9.9919E-05 0.00923934 9.9919E-05 9.9919E-05 9.9919E-05 0.989861 9.9919E-05 9.9919E-05
9.9919E-05 9.9919E-05 9.9919E-05 9.9919E-05 0.011485 9.9919E-05 9.9919E-05 9.9919E-05 0.987616 9.9919E-05 9.9919E-05
9.99101E-05 9.99101E-05 9.99101E-05 9.99101E-05 9.99101E-05 9.99101E-05 9.99101E-05 9.99101E-05 9.99101E-05 0.999001 9.99101E-05
9.99281E-05 9.99281E-05 0.00711509 9.99281E-05 9.99281E-05 9.99281E-05 0.00456817 9.99281E-05 9.99281E-05 0.987517 9.99281E-05
9.99459E-05 9.99459E-05 0.808362 0.0269012 0.0126227 9.99459E-05 9.99459E-05 0.0350688 0.116446 9.99459E-05 9.99459E-05
9.9946E-05 9.9946E-05 0.801353 9.9946E-05 0.00258061 9.9946E-05 0.0218847 0.010596 0.162986 9.9946E-05 9.9946E-05
0.0191227 9.99281E-05 9.99281E-05 0.0260985 9.99281E-05 9.99281E-05 9.99281E-05 9.99281E-05 9.99281E-05 0.953979 9.99281E-05
9.99191E-05 9.99191E-05 9.99191E-05 9.99191E-05 9.99191E-05 9.99191E-05 9.99191E-05 0.00779222 9.99191E-05 0.991309 9.99191E-05
9.99279E-05 9.99279E-05 9.99279E-05 9.99279E-05 9.99279E-05 9.99279E-05 0.0597035 0.908227 0.0312705 9.99279E-05 9.99279E-05
0.0714488 0.0586286 0.0974039 0.0833023 9.99639E-05 9.99639E-05 0.215078 0.0254385 0.4483 9.99639E-05 9.99639E-05
9.99278E-05 9.99278E-05 9.99278E-05 0.806423 0.135736 9.99278E-05 9.99278E-05 0.0570412 9.99278E-05 9.99278E-05 9.99278E-05
0.679363 9.9937E-05 9.9937E-05 9.9937E-05 9.9937E-05 0.0185565 0.273456 9.9937E-05 9.9937E-05 9.9937E-05 0.0279249
0.108713 0.0297688 9.99551E-05 9.99551E-05 9.99551E-05 9.99551E-05 0.33657 0.118618 9.99551E-05 0.143885 0.261946
9.99462E-05 0.0255213 9.99462E-05 0.2036 0.213781 0.524758 9.99462E-05 9.99462E-05 9.99462E-05 0.03174 9.99462E-05
