9.99189E-05 9.99189E-05 9.99189E-05 9.99189E-05 9.99189E-05 9.99189E-05 9.99189E-05 9.99189E-05 0.0804633 0.918637 9.99189E-05
0.091826 9.99368E-05 0.12523 9.99368E-05 9.99368E-05 9.99368E-05 0.655809 9.99368E-05 9.99368E-05 0.126436 9.99368E-05
9.99554E-05 0.105875 0.664895 0.168279 0.0310969 9.99554E-05 0.0132786 0.0160758 9.99554E-05 9.99554E-05 9.99554E-05
0.00103193 9.9946E-05 0.938066 9.9946E-05 0.0243295 9.9946E-05 9.9946E-05 9.9946E-05 0.00902765 9.9946E-05 0.0269452
0.0440623 9.99551E-05 0.323223 0.16272 9.99551E-05 9.99551E-05 0.251406 9.99551E-05 0.193551 9.99551E-05 0.0245377
0.0550958 9.9928E-05 0.922545 0.0215597 9.9928E-05 9.9928E-05 9.9928E-05 9.9928E-05 9.9928E-05 9.9928E-05 9.9928E-05
9.99371E-05 0.294113 9.99371E-05 0.00063287 9.99371E-05 0.0160914 0.688463 9.99371E-05 9.99371E-05 9.99371E-05 9.99371E-05
9.99549E-05 9.99549E-05 0.0697861 0.677265 0.0187143 9.99549E-05 0.128983 9.99549E-05 0.059711 9.99549E-05 0.0450409
9.99281E-05 0.185559 9.99281E-05 9.99281E-05 9.99281E-05 0.0477468 0.765895 9.99281E-05 9.99281E-05 9.99281E-05 9.99281E-05
9.99281E-05 9.99281E-05 9.99281E-05 0.0112435 9.99281E-05 9.99281E-05 0.0345854 9.99281E-05 0.953372 9.99281E-05 9.99281E-05
9.99102E-05 9.99102E-05 9.99102E-05 9.99102E-05 9.99102E-05 9.99102E-05 9.99102E-05 9.99102E-05 0.999001 9.99102E-05 9.99102E-05
9.9937E-05 0.175763 0.0312545 9.9937E-05 0.123421 9.9937E-05 9.9937E-05 9.9937E-05 9.9937E-05 0.668861 9.9937E-05
9.99192E-05 0.969688 9.99192E-05 0.0294129 9.99192E-05 9.99192E-05 9.99192E-05 9.99192E-05 9.99192E-05 9.99192E-05 9.99192E-05
0.0687122 9.99191E-05 0.930389 9.99191E-05 9.99191E-05 9.99191E-05 9.99191E-05 9.99191E-05 9.99191E-05 9.99191E-05 9.99191E-05
9.9937E-05 9.9937E-05 0.938398 9.9937E-05 9.9937E-05 9.9937E-05 9.9937E-05 0.00950892 0.0155617 0.0358318 9.9937E-05
9.99191E-05 0.120567 9.99191E-05 9.99191E-05 9.99191E-05 0.878534 9.99191E-05 9.99191E-05 9.99191E-05 9.99191E-05 9.99191E-05
0.925774 9.99278E-05 9.99278E-05 9.99278E-05 9.99278E-05 0.00281223 9.99278E-05 9.99278E-05 0.0706144 9.99278E-05 9.99278E-05
9.99549E-05 9.99549E-05 9.99549E-05 9.99549E-05 9.99549E-05 0.0752084 0.0160681 0.701547 0.104521 0.0604408 0.041715
9.9919E-05 9.9919E-05 9.9919E-05 9.9919E-05 0.0983922 9.9919E-05 9.9919E-05 0.900708 9.9919E-05 9.9919E-05 9.9919E-05
0.0607065 9.99459E-05 9.99459E-05 9.99459E-05 0.0382074 0.410558 9.99459E-05 9.99459E-05 0.412046 0.0778826 9.99459E-05
9.99191E-05 9.99191E-05 9.99191E-05 0.00533929 9.99191E-05 9.99191E-05 9.99191E-05 0.993761 9.99191E-05 9.99191E-05 9.99191E-05
0.0903716 0.0328085 9.99459E-05 9.99459E-05 9.99459E-05 0.336467 9.99459E-05 9.99459E-05 0.040988 0.498765 9.99459E-05
0.273967 9.99371E-05 9.99371E-05 9.99371E-05 0.113834 9.99371E-05 9.99371E-05 0.36026 0.251239 9.99371E-05 9.99371E-05
0.00980783 9.9937E-05 9.9937E-05 9.9937E-05 0.0436695 9.9937E-05 9.9937E-05 0.900744 0.0450788 9.9937E-05 9.9937E-05
9.99192E-05 9.99192E-05 0.996177 9.99192E-05 9.99192E-05 9.99192E-05 9.99192E-05 9.99192E-05 9.99192E-05 9.99192E-05 0.00292328
9.99102E-05 9.99102E-05 0.999001 9.99102E-05 9.99102E-05 9.99102E-05 9.99102E-05 9.99102E-05 9.99102E-05 9.99102E-05 9.99102E-05
0.0379696 0.788315 9.99549E-05 9.99549E-05 0.0372271 0.0112068 9.99549E-05 9.99549E-05 0.0667146 0.0580675 9.99549E-05
9.99281E-05 0.0132648 0.932648 9.99281E-05 9.99281E-05 9.99281E-05 9.99281E-05 9.99281E-05 9.99281E-05 9.99281E-05 0.0532879
9.9937E-05 0.0214543 0.881185 9.9937E-05 9.9937E-05 9.9937E-05 0.0267081 9.9937E-05 9.9937E-05 9.9937E-05 0.0699533
9.995E-05 0.000777128 0.521838 0.265917 0.0452279 9.995E-05 9.995E-05 0.0184912 9.995E-05 9.995E-05 0.147249
0.0229363 9.99459E-05 0.28172 0.631104 0.0475564 9.99459E-05 9.99459E-05 9.99459E-05 9.99459E-05 9.99459E-05 0.0160831
9.99371E-05 9.99371E-05 9.99371E-05 9.99371E-05 0.00336334 9.99371E-05 0.979005 0.00580678 9.99371E-05 9.99371E-05 0.0111253
9.99191E-05 9.99191E-05 0.80214 0.196961 9.99191E-05 9.99191E-05 9.99191E-05 9.99191E-05 9.99191E-05 9.99191E-05 9.99191E-05
9.99371E-05 9.99371E-05 9.99371E-05 0.29174 0.0147472 9.99371E-05 9.99371E-05 9.99371E-05 9.99371E-05 0.00689743 0.685916
0.27892 0.488086 9.99548E-05 0.0635127 0.0841597 9.99548E-05 9.99548E-05 9.99548E-05 0.0473846 0.0374373 9.99548E-05
0.0183774 9.9946E-05 0.938299 0.0365468 0.00152893 0.00464806 9.9946E-05 9.9946E-05 9.9946E-05 9.9946E-05 9.9946E-05
0.0113412 9.9928E-05 9.9928E-05 0.0217988 9.9928E-05 9.9928E-05 9.9928E-05 9.9928E-05 9.9928E-05 0.966061 9.9928E-05
9.99459E-05 9.99459E-05 0.0473723 9.99459E-05 9.99459E-05 9.99459E-05 0.210078 0.0109205 0.615541 0.115488 9.99459E-05
0.983497 9.99279E-05 9.99279E-05 0.0111908 9.99279E-05 9.99279E-05 0.00451252 9.99279E-05 9.99279E-05 9.99279E-05 9.99279E-05
0.1435 9.99459E-05 0.0797312 9.99459E-05 9.99459E-05 0.400799 9.99459E-05 9.99459E-05 0.194142 0.181228 9.99459E-05
0.0861711 9.99549E-05 0.0534642 9.99549E-05 9.99549E-05 0.354783 9.99549E-05 0.0116434 0.215602 0.277837 9.99549E-05
9.99279E-05 9.99279E-05 9.99279E-05 9.99279E-05 9.99279E-05 0.0321858 9.99279E-05 9.99279E-05 0.939197 0.0278176 9.99279E-05
9.9937E-05 0.0716542 9.9937E-05 9.9937E-05 9.9937E-05 0.893263 0.0332476 0.00113562 9.9937E-05 9.9937E-05 9.9937E-05
0.0175175 0.0117727 9.9937E-05 9.9937E-05 9.9937E-05 9.9937E-05 9.9937E-05 9.9937E-05 0.956659 0.0133508 9.9937E-05
0.00716114 0.196128 9.9973E-05 9.9973E-05 0.125984 0.0828527 0.00216077 0.0980408 0.450032 0.037341 9.9973E-05
0.00399628 0.041137 0.0556291 0.0400173 0.0132961 0.145755 9.9982E-05 0.0341053 0.517508 0.148357 9.9982E-05
0.282502 0.130482 0.0736299 0.00884849 9.9964E-05 9.9964E-05 9.9964E-05 9.9964E-05 0.21241 0.236937 0.0547907
9.99196E-05 9.99196E-05 9.99196E-05 9.99196E-05 9.99196E-05 9.99196E-05 9.99196E-05 0.00745813 9.99196E-05 0.991643 9.99196E-05
9.99101E-05 9.99101E-05 9.99101E-05 9.99101E-05 9.99101E-05 9.99101E-05 9.99101E-05 9.99101E-05 9.99101E-05 9.99101E-05 0.999001
9.99101E-05 9.99101E-05 9.99101E-05 9.99101E-05 9.99101E-05 9.99101E-05 9.99101E-05 9.99101E-05 9.99101E-05 9.99101E-05 0.999001
9.99191E-05 9.99191E-05 9.99191E-05 9.99191E-05 9.99191E-05 0.011007 9.99191E-05 9.99191E-05 9.99191E-05 9.99191E-05 0.988094
9.99102E-05 9.99102E-05 9.99102E-05 9.99102E-05 9.99102E-05 9.99102E-05 9.99102E-05 9.99102E-05 9.99102E-05 9.99102E-05 0.999001
9.99101E-05 9.99101E-05 9.99101E-05 9.99101E-05 9.99101E-05 9.99101E-05 9.99101E-05 9.99101E-05 9.99101E-05 9.99101E-05 0.999001
9.99551E-05 9.99551E-05 0.116519 0.343308 9.99551E-05 0.142956 0.0378432 0.0243683 9.99551E-05 9.99551E-05 0.334505
9.9946E-05 9.9946E-05 9.9946E-05 9.9946E-05 9.9946E-05 0.0135584 0.0572237 9.9946E-05 0.00435914 0.0123258 0.911933
9.99279E-05 0.0108525 9.99279E-05 9.99279E-05 9.99279E-05 0.192104 9.99279E-05 9.99279E-05 9.99279E-05 0.796244 9.99279E-05
9.99458E-05 9.99458E-05 0.0469997 9.99458E-05 0.000504178 9.99458E-05 0.85347 9.99458E-05 9.99458E-05 0.063288 0.0351386
0.0269019 9.99189E-05 0.972199 9.99189E-05 9.99189E-05 9.99189E-05 9.99189E-05 9.99189E-05 9.99189E-05 9.99189E-05 9.99189E-05
9.9937E-05 0.820002 9.9937E-05 9.9937E-05 0.0447605 0.07712 9.9937E-05 9.9937E-05 9.9937E-05 0.0574183 9.9937E-05
9.99192E-05 0.0626721 9.99192E-05 9.99192E-05 9.99192E-05 0.936429 9.99192E-05 9.99192E-05 9.99192E-05 9.99192E-05 9.99192E-05
9.99103E-05 0.999001 9.99103E-05 9.99103E-05 9.99103E-05 9.99103E-05 9.99103E-05 9.99103E-05 9.99103E-05 9.99103E-05 9.99103E-05
9.99279E-05 0.838676 9.99279E-05 9.99279E-05 9.99279E-05 9.99279E-05 9.99279E-05 9.99279E-05 0.127901 0.0326238 9.99279E-05
0.0153633 0.7926 9.99368E-05 9.99368E-05 0.0632118 9.99368E-05 9.99368E-05 9.99368E-05 0.128125 9.99368E-05 9.99368E-05
9.99282E-05 9.99282E-05 9.99282E-05 0.00131508 9.99282E-05 9.99282E-05 9.99282E-05 0.885867 9.99282E-05 0.112019 9.99282E-05
9.99193E-05 9.99193E-05 0.975902 9.99193E-05 9.99193E-05 0.0231983 9.99193E-05 9.99193E-05 9.99193E-05 9.99193E-05 9.99193E-05
0.0561615 0.0890604 0.301738 9.9991E-05 0.0185178 0.044206 0.0313727 0.121731 0.00240027 0.247311 0.0874013
9.99283E-05 0.0227307 0.95141 9.99283E-05 9.99283E-05 0.0250597 9.99283E-05 9.99283E-05 9.99283E-05 9.99283E-05 9.99283E-05
0.0411514 9.9946E-05 0.903201 0.0264131 9.9946E-05 9.9946E-05 9.9946E-05 9.9946E-05 9.9946E-05 0.0192076 0.00942673
9.9955E-05 0.00783335 0.832169 0.0348464 9.9955E-05 0.0330303 0.00934713 9.9955E-05 9.9955E-05 9.9955E-05 0.0822736
9.99551E-05 9.99551E-05 0.930533 0.0178567 9.99551E-05 0.0203959 0.0131287 0.00847375 9.99551E-05 9.99551E-05 0.00911161
0.0188118 9.99371E-05 0.795824 0.138739 9.99371E-05 9.99371E-05 9.99371E-05 9.99371E-05 0.0459251 9.99371E-05 9.99371E-05
0.0482781 9.99279E-05 0.901629 0.0492932 9.99279E-05 9.99279E-05 9.99279E-05 9.99279E-05 9.99279E-05 9.99279E-05 9.99279E-05
9.99101E-05 9.99101E-05 9.99101E-05 0.999001 9.99101E-05 9.99101E-05 9.99101E-05 9.99101E-05 9.99101E-05 9.99101E-05 9.99101E-05
9.9919E-05 0.0552549 9.9919E-05 0.943846 9.9919E-05 9.9919E-05 9.9919E-05 9.9919E-05 9.9919E-05 9.9919E-05 9.9919E-05
9.99371E-05 9.99371E-05 0.916848 9.99371E-05 9.99371E-05 0.0367406 9.99371E-05 9.99371E-05 9.99371E-05 0.0269161 0.0187959
9.9919E-05 9.9919E-05 9.9919E-05 9.9919E-05 9.9919E-05 0.976204 9.9919E-05 9.9919E-05 9.9919E-05 9.9919E-05 0.022897
9.99189E-05 9.99189E-05 9.99189E-05 9.99189E-05 9.99189E-05 0.960675 9.99189E-05 9.99189E-05 9.99189E-05 9.99189E-05 0.0384255
9.99101E-05 9.99101E-05 9.99101E-05 9.99101E-05 0.999001 9.99101E-05 9.99101E-05 9.99101E-05 9.99101E-05 9.99101E-05 9.99101E-05
9.99102E-05 9.99102E-05 9.99102E-05 9.99102E-05 0.999001 9.99102E-05 9.99102E-05 9.99102E-05 9.99102E-05 9.99102E-05 9.99102E-05
9.99639E-05 0.0348355 0.00569284 9.99639E-05 0.00533952 0.0915932 0.0330003 9.99639E-05 0.781187 0.0479513 9.99639E-05
9.99459E-05 0.049655 9.99459E-05 9.99459E-05 9.99459E-05 0.0980171 0.00502544 9.99459E-05 0.771742 0.0749604 9.99459E-05
9.9937E-05 9.9937E-05 9.9937E-05 0.0249106 0.950703 9.9937E-05 0.00115123 9.9937E-05 0.0225358 9.9937E-05 9.9937E-05
9.99101E-05 9.99101E-05 9.99101E-05 9.99101E-05 0.999001 9.99101E-05 9.99101E-05 9.99101E-05 9.99101E-05 9.99101E-05 9.99101E-05
9.99279E-05 0.0716399 9.99279E-05 9.99279E-05 9.99279E-05 0.00704893 9.99279E-05 9.99279E-05 9.99279E-05 0.920512 9.99279E-05
9.99459E-05 0.12746 9.99459E-05 9.99459E-05 9.99459E-05 0.576852 0.118199 0.0880989 0.0887899 9.99459E-05 9.99459E-05
9.99279E-05 9.99279E-05 9.99279E-05 9.99279E-05 9.99279E-05 9.99279E-05 0.898314 9.99279E-05 9.99279E-05 0.0123962 0.0884903
0.470365 0.22018 0.00293425 9.99552E-05 0.0842727 9.99552E-05 9.99552E-05 0.0415038 0.180244 9.99552E-05 9.99552E-05
0.470829 0.268002 9.99461E-05 9.99461E-05 0.12529 0.0692289 9.99461E-05 9.99461E-05 9.99461E-05 0.066051 9.99461E-05
9.99371E-05 9.99371E-05 0.205801 0.742895 0.0365938 9.99371E-05 9.99371E-05 0.01401 9.99371E-05 9.99371E-05 9.99371E-05
