9.98649E-05 9.98649E-05 9.98649E-05 9.98649E-05 9.98649E-05 9.98649E-05 9.98649E-05 0.0409123 9.98649E-05 9.98649E-05 9.98649E-05 9.98649E-05 9.98649E-05 0.0118946 0.945695 9.98649E-05 9.98649E-05 9.98649E-05
9.98739E-05 9.98739E-05 0.682693 9.98739E-05 9.98739E-05 9.98739E-05 9.98739E-05 9.98739E-05 9.98739E-05 0.0394254 9.98739E-05 9.98739E-05 0.170996 9.98739E-05 9.98739E-05 9.98739E-05 0.105487 9.98739E-05
9.99021E-05 0.0412586 0.0312547 9.99021E-05 9.99021E-05 9.99021E-05 0.0495563 9.99021E-05 9.99021E-05 9.99021E-05 0.0757231 0.00875335 9.99021E-05 9.99021E-05 9.99021E-05 0.098228 0.694127 9.99021E-05
9.9883E-05 0.0137849 9.9883E-05 0.00425837 9.9883E-05 9.9883E-05 9.9883E-05 9.9883E-05 9.9883E-05 0.00429882 0.0568491 9.9883E-05 9.9883E-05 9.9883E-05 9.9883E-05 9.9883E-05 0.91951 9.9883E-05
0.0372987 9.99192E-05 0.0495195 0.137055 9.99192E-05 0.0759298 9.99192E-05 0.0958916 9.99192E-05 9.99192E-05 9.99192E-05 9.99192E-05 0.0260185 9.99192E-05 0.0209605 9.99192E-05 0.370188 0.18624
0.01179 9.9874E-05 9.9874E-05 0.03363 9.9874E-05 9.9874E-05 9.9874E-05 9.9874E-05 9.9874E-05 9.9874E-05 9.9874E-05 9.9874E-05 0.00852709 9.9874E-05 9.9874E-05 9.9874E-05 0.944655 9.9874E-05
9.98472E-05 9.98472E-05 9.98472E-05 9.98472E-05 9.98472E-05 9.98472E-05 9.98472E-05 9.98472E-05 9.98472E-05 9.98472E-05 9.98472E-05 9.98472E-05 9.98472E-05 9.98472E-05 9.98472E-05 9.98472E-05 9.98472E-05 0.998303
9.99099E-05 0.00818326 0.081764 0.270306 9.99099E-05 0.103798 0.407564 0.0647281 9.99099E-05 9.99099E-05 0.0155321 9.99099E-05 9.99099E-05 9.99099E-05 9.99099E-05 9.99099E-05 0.0471261 9.99099E-05
9.9874E-05 9.9874E-05 0.0182822 9.9874E-05 9.9874E-05 0.0085752 9.9874E-05 9.9874E-05 9.9874E-05 0.0268418 9.9874E-05 9.9874E-05 9.9874E-05 9.9874E-05 9.9874E-05 9.9874E-05 9.9874E-05 0.944903
9.98562E-05 9.98562E-05 9.98562E-05 9.98562E-05 9.98562E-05 9.98562E-05 9.98562E-05 0.881764 9.98562E-05 9.98562E-05 9.98562E-05 9.98562E-05 9.98562E-05 9.98562E-05 9.98562E-05 9.98562E-05 9.98562E-05 0.116638
9.98562E-05 9.98562E-05 9.98562E-05 9.98562E-05 9.98562E-05 9.98562E-05 9.98562E-05 0.917097 9.98562E-05 9.98562E-05 9.98562E-05 9.98562E-05 9.98562E-05 9.98562E-05 9.98562E-05 9.98562E-05 9.98562E-05 0.0813053
9.98652E-05 0.140075 9.98652E-05 9.98652E-05 9.98652E-05 9.98652E-05 9.98652E-05 9.98652E-05 9.98652E-05 9.98652E-05 9.98652E-05 9.98652E-05 9.98652E-05 9.98652E-05 0.741165 0.117262 9.98652E-05 9.98652E-05
0.0064939 9.98743E-05 9.98743E-05 0.0493547 9.98743E-05 9.98743E-05 9.98743E-05 9.98743E-05 9.98743E-05 9.98743E-05 9.98743E-05 9.98743E-05 9.98743E-05 9.98743E-05 9.98743E-05 0.928072 9.98743E-05 0.0146815
0.00144851 9.9883E-05 0.0180572 9.9883E-05 9.9883E-05 9.9883E-05 9.9883E-05 9.9883E-05 9.9883E-05 0.0135408 9.9883E-05 0.0138481 9.9883E-05 9.9883E-05 9.9883E-05 9.9883E-05 0.951807 9.9883E-05
9.98741E-05 9.98741E-05 9.98741E-05 9.98741E-05 0.00564798 9.98741E-05 9.98741E-05 9.98741E-05 9.98741E-05 9.98741E-05 9.98741E-05 9.98741E-05 0.0241869 0.00458159 9.98741E-05 9.98741E-05 0.964185 9.98741E-05
0.125939 9.9883E-05 9.9883E-05 9.9883E-05 0.0179693 9.9883E-05 9.9883E-05 0.0125027 0.737686 9.9883E-05 9.9883E-05 9.9883E-05 9.9883E-05 9.9883E-05 9.9883E-05 0.104605 9.9883E-05 9.9883E-05
9.9865E-05 9.9865E-05 9.9865E-05 9.9865E-05 9.9865E-05 9.9865E-05 9.9865E-05 0.0789843 9.9865E-05 0.906576 9.9865E-05 9.9865E-05 9.9865E-05 0.012942 9.9865E-05 9.9865E-05 9.9865E-05 9.9865E-05
9.99098E-05 9.99098E-05 0.0197733 9.99098E-05 0.0459716 0.018635 9.99098E-05 0.0241534 9.99098E-05 9.99098E-05 9.99098E-05 0.673284 0.127605 0.0880237 9.99098E-05 9.99098E-05 9.99098E-05 0.00155454
9.98561E-05 0.0853263 9.98561E-05 9.98561E-05 9.98561E-05 9.98561E-05 9.98561E-05 9.98561E-05 9.98561E-05 9.98561E-05 9.98561E-05 0.913076 9.98561E-05 9.98561E-05 9.98561E-05 9.98561E-05 9.98561E-05 9.98561E-05
0.13205 0.020789 9.98918E-05 9.98918E-05 9.98918E-05 9.98918E-05 9.98918E-05 0.424892 0.321082 0.0019017 9.98918E-05 9.98918E-05 9.98918E-05 9.98918E-05 0.0980863 9.98918E-05 9.98918E-05 9.98918E-05
9.98562E-05 9.98562E-05 9.98562E-05 9.98562E-05 9.98562E-05 9.98562E-05 9.98562E-05 9.98562E-05 9.98562E-05 9.98562E-05 9.98562E-05 0.974604 9.98562E-05 0.0237986 9.98562E-05 9.98562E-05 9.98562E-05 9.98562E-05
9.99011E-05 0.000244273 9.99011E-05 9.99011E-05 0.00971309 9.99011E-05 9.99011E-05 9.99011E-05 0.170954 0.0150448 9.99011E-05 9.99011E-05 0.336188 9.99011E-05 0.442839 0.0239183 9.99011E-05 9.99011E-05
9.98468E-05 9.98468E-05 9.98468E-05 9.98468E-05 9.98468E-05 9.98468E-05 9.98468E-05 9.98468E-05 9.98468E-05 9.98468E-05 9.98468E-05 9.98468E-05 9.98468E-05 0.998303 9.98468E-05 9.98468E-05 9.98468E-05 9.98468E-05
0.062437 9.98649E-05 9.98649E-05 9.98649E-05 9.98649E-05 9.98649E-05 9.98649E-05 9.98649E-05 9.98649E-05 9.98649E-05 9.98649E-05 0.656078 9.98649E-05 0.279987 9.98649E-05 9.98649E-05 9.98649E-05 9.98649E-05
9.98563E-05 9.98563E-05 9.98563E-05 9.98563E-05 9.98563E-05 9.98563E-05 9.98563E-05 9.98563E-05 9.98563E-05 9.98563E-05 0.600841 9.98563E-05 9.98563E-05 9.98563E-05 9.98563E-05 9.98563E-05 0.397561 9.98563E-05
9.98651E-05 9.98651E-05 9.98651E-05 9.98651E-05 9.98651E-05 0.00136042 9.98651E-05 9.98651E-05 9.98651E-05 9.98651E-05 0.14548 9.98651E-05 9.98651E-05 9.98651E-05 9.98651E-05 9.98651E-05 0.851661 9.98651E-05
9.98917E-05 0.0341846 9.98917E-05 9.98917E-05 0.0781448 9.98917E-05 9.98917E-05 0.0339883 0.0580214 0.0549625 9.98917E-05 9.98917E-05 9.98917E-05 9.98917E-05 9.98917E-05 0.7395 9.98917E-05 9.98917E-05
9.98472E-05 9.98472E-05 9.98472E-05 9.98472E-05 9.98472E-05 9.98472E-05 9.98472E-05 9.98472E-05 9.98472E-05 9.98472E-05 0.998303 9.98472E-05 9.98472E-05 9.98472E-05 9.98472E-05 9.98472E-05 9.98472E-05 9.98472E-05
9.98562E-05 9.98562E-05 9.98562E-05 9.98562E-05 9.98562E-05 0.0033309 9.98562E-05 9.98562E-05 9.98562E-05 9.98562E-05 0.995071 9.98562E-05 9.98562E-05 9.98562E-05 9.98562E-05 9.98562E-05 9.98562E-05 9.98562E-05
0.00125472 9.99012E-05 9.99012E-05 0.561299 9.99012E-05 0.0265602 9.99012E-05 9.99012E-05 9.99012E-05 9.99012E-05 0.252359 9.99012E-05 0.0132768 9.99012E-05 0.031497 9.99012E-05 0.112654 9.99012E-05
0.00159531 9.98648E-05 9.98648E-05 0.91946 9.98648E-05 9.98648E-05 9.98648E-05 9.98648E-05 9.98648E-05 9.98648E-05 9.98648E-05 9.98648E-05 9.98648E-05 9.98648E-05 9.98648E-05 9.98648E-05 0.0774469 9.98648E-05
9.98475E-05 9.98475E-05 0.998303 9.98475E-05 9.98475E-05 9.98475E-05 9.98475E-05 9.98475E-05 9.98475E-05 9.98475E-05 9.98475E-05 9.98475E-05 9.98475E-05 9.98475E-05 9.98475E-05 9.98475E-05 9.98475E-05 9.98475E-05
9.98651E-05 9.98651E-05 9.98651E-05 9.98651E-05 9.98651E-05 9.98651E-05 0.177994 9.98651E-05 9.98651E-05 9.98651E-05 0.228426 9.98651E-05 9.98651E-05 9.98651E-05 9.98651E-05 9.98651E-05 0.592082 9.98651E-05
9.98833E-05 9.98833E-05 0.048372 0.0783777 9.98833E-05 0.675278 0.188255 9.98833E-05 9.98833E-05 0.00841842 9.98833E-05 9.98833E-05 9.98833E-05 9.98833E-05 9.98833E-05 9.98833E-05 9.98833E-05 9.98833E-05
0.0553039 0.0738425 9.99007E-05 0.07193 9.99007E-05 9.99007E-05 9.99007E-05 9.99007E-05 9.99007E-05 0.205689 9.99007E-05 9.99007E-05 0.0704306 9.99007E-05 0.0103639 0.511341 9.99007E-05 9.99007E-05
9.98919E-05 9.98919E-05 9.98919E-05 9.98919E-05 9.98919E-05 9.98919E-05 0.0131183 9.98919E-05 9.98919E-05 0.027644 0.51319 9.98919E-05 0.00110163 9.98919E-05 9.98919E-05 9.98919E-05 0.424129 0.0196179
9.98743E-05 9.98743E-05 9.98743E-05 9.98743E-05 0.0147004 9.98743E-05 0.0228908 9.98743E-05 9.98743E-05 9.98743E-05 9.98743E-05 9.98743E-05 9.98743E-05 9.98743E-05 0.956205 9.98743E-05 0.00480586 9.98743E-05
9.99009E-05 9.99009E-05 0.125619 9.99009E-05 9.99009E-05 9.99009E-05 0.072416 0.574438 9.99009E-05 0.00913371 9.99009E-05 9.99009E-05 0.0994042 0.0130132 0.104876 9.99009E-05 9.99009E-05 9.99009E-05
9.98562E-05 9.98562E-05 9.98562E-05 9.98562E-05 9.98562E-05 9.98562E-05 0.015944 9.98562E-05 9.98562E-05 0.982458 9.98562E-05 9.98562E-05 9.98562E-05 9.98562E-05 9.98562E-05 9.98562E-05 9.98562E-05 9.98562E-05
9.9856E-05 9.9856E-05 9.9856E-05 9.9856E-05 9.9856E-05 9.9856E-05 9.9856E-05 9.9856E-05 9.9856E-05 9.9856E-05 9.9856E-05 9.9856E-05 0.980411 9.9856E-05 9.9856E-05 9.9856E-05 0.0179915 9.9856E-05
9.9847E-05 9.9847E-05 9.9847E-05 9.9847E-05 9.9847E-05 9.9847E-05 9.9847E-05 9.9847E-05 9.9847E-05 9.9847E-05 9.9847E-05 9.9847E-05 0.998303 9.9847E-05 9.9847E-05 9.9847E-05 9.9847E-05 9.9847E-05
0.0192384 9.99009E-05 9.99009E-05 9.99009E-05 0.0453918 9.99009E-05 9.99009E-05 0.851735 0.0194673 0.0144914 9.99009E-05 9.99009E-05 0.0481464 9.99009E-05 9.99009E-05 0.000430325 9.99009E-05 9.99009E-05
9.9892E-05 9.9892E-05 9.9892E-05 9.9892E-05 9.9892E-05 9.9892E-05 9.9892E-05 0.0470048 0.806312 9.9892E-05 9.9892E-05 0.0190924 9.9892E-05 9.9892E-05 0.0215927 0.0532944 9.9892E-05 0.0515046
0.0995391 9.98739E-05 9.98739E-05 9.98739E-05 9.98739E-05 9.98739E-05 9.98739E-05 0.882122 9.98739E-05 9.98739E-05 9.98739E-05 9.98739E-05 9.98739E-05 9.98739E-05 0.012706 0.00423492 9.98739E-05 9.98739E-05
0.154811 0.0250929 0.0332322 9.99278E-05 0.0283821 9.99278E-05 9.99278E-05 0.227679 0.013125 9.99278E-05 9.99278E-05 9.99278E-05 0.19009 0.205398 9.99278E-05 0.10886 9.99278E-05 0.0125301
0.184228 9.9901E-05 9.9901E-05 0.0485285 0.0549382 9.9901E-05 9.9901E-05 0.373455 0.0839402 9.9901E-05 9.9901E-05 9.9901E-05 0.236345 9.9901E-05 9.9901E-05 9.9901E-05 0.0174664 9.9901E-05
0.299251 9.99188E-05 9.99188E-05 0.0939492 0.0503072 0.00882744 9.99188E-05 0.188236 9.99188E-05 0.134313 9.99188E-05 9.99188E-05 9.99188E-05 9.99188E-05 0.128834 0.0214549 9.99188E-05 0.0739276
9.98472E-05 9.98472E-05 9.98472E-05 9.98472E-05 0.998303 9.98472E-05 9.98472E-05 9.98472E-05 9.98472E-05 9.98472E-05 9.98472E-05 9.98472E-05 9.98472E-05 9.98472E-05 9.98472E-05 9.98472E-05 9.98472E-05 9.98472E-05
0.0021944 9.98741E-05 9.98741E-05 9.98741E-05 9.98741E-05 0.975137 9.98741E-05 9.98741E-05 9.98741E-05 9.98741E-05 9.98741E-05 9.98741E-05 9.98741E-05 9.98741E-05 0.0074666 9.98741E-05 9.98741E-05 0.0138039
9.98562E-05 9.98562E-05 9.98562E-05 9.98562E-05 9.98562E-05 0.993047 9.98562E-05 9.98562E-05 9.98562E-05 9.98562E-05 9.98562E-05 0.00535523 9.98562E-05 9.98562E-05 9.98562E-05 9.98562E-05 9.98562E-05 9.98562E-05
9.98743E-05 9.98743E-05 9.98743E-05 9.98743E-05 9.98743E-05 0.975806 9.98743E-05 0.0140921 9.98743E-05 9.98743E-05 0.003615 9.98743E-05 9.98743E-05 0.00508843 9.98743E-05 9.98743E-05 9.98743E-05 9.98743E-05
9.98473E-05 9.98473E-05 9.98473E-05 9.98473E-05 9.98473E-05 0.998303 9.98473E-05 9.98473E-05 9.98473E-05 9.98473E-05 9.98473E-05 9.98473E-05 9.98473E-05 9.98473E-05 9.98473E-05 9.98473E-05 9.98473E-05 9.98473E-05
9.98472E-05 9.98472E-05 9.98472E-05 9.98472E-05 9.98472E-05 0.998303 9.98472E-05 9.98472E-05 9.98472E-05 9.98472E-05 9.98472E-05 9.98472E-05 9.98472E-05 9.98472E-05 9.98472E-05 9.98472E-05 9.98472E-05 9.98472E-05
9.99102E-05 9.99102E-05 0.0136432 0.416439 9.99102E-05 0.321126 0.0759551 0.0390625 0.0237178 9.99102E-05 9.99102E-05 9.99102E-05 9.99102E-05 0.0690749 9.99102E-05 9.99102E-05 9.99102E-05 0.0399833
9.98652E-05 9.98652E-05 0.0425052 9.98652E-05 9.98652E-05 0.953988 9.98652E-05 9.98652E-05 9.98652E-05 9.98652E-05 9.98652E-05 9.98652E-05 9.98652E-05 9.98652E-05 9.98652E-05 0.00200877 9.98652E-05 9.98652E-05
0.017299 9.9865E-05 9.9865E-05 9.9865E-05 9.9865E-05 9.9865E-05 9.9865E-05 9.9865E-05 0.104941 9.9865E-05 9.9865E-05 9.9865E-05 9.9865E-05 9.9865E-05 0.876262 9.9865E-05 9.9865E-05 9.9865E-05
9.98919E-05 0.010889 0.891403 9.98919E-05 9.98919E-05 0.0281882 9.98919E-05 9.98919E-05 9.98919E-05 9.98919E-05 0.00122013 9.98919E-05 9.98919E-05 9.98919E-05 0.0257379 9.98919E-05 9.98919E-05 0.0413628
9.98648E-05 9.98648E-05 9.98648E-05 9.98648E-05 9.98648E-05 9.98648E-05 9.98648E-05 9.98648E-05 9.98648E-05 0.018526 0.370153 9.98648E-05 9.98648E-05 9.98648E-05 9.98648E-05 9.98648E-05 0.609823 9.98648E-05
9.98741E-05 0.0176167 9.98741E-05 9.98741E-05 9.98741E-05 9.98741E-05 9.98741E-05 9.98741E-05 0.0395272 9.98741E-05 9.98741E-05 9.98741E-05 0.125917 9.98741E-05 9.98741E-05 0.81554 9.98741E-05 9.98741E-05
0.109479 9.98743E-05 9.98743E-05 9.98743E-05 9.98743E-05 9.98743E-05 9.98743E-05 9.98743E-05 0.880064 9.98743E-05 9.98743E-05 9.98743E-05 9.98743E-05 9.98743E-05 0.00763017 0.00142866 9.98743E-05 9.98743E-05
9.98502E-05 9.98502E-05 9.98502E-05 9.98502E-05 9.98502E-05 9.98502E-05 0.0158604 9.98502E-05 9.98502E-05 9.98502E-05 9.98502E-05 9.98502E-05 9.98502E-05 9.98502E-05 9.98502E-05 0.957541 9.98502E-05 0.0251013
9.98919E-05 9.98919E-05 9.98919E-05 9.98919E-05 0.00239747 9.98919E-05 9.98919E-05 0.106106 9.98919E-05 9.98919E-05 9.98919E-05 9.98919E-05 0.00130637 9.98919E-05 0.00304281 0.882794 0.00315453 9.98919E-05
0.0358255 0.0399917 9.98828E-05 9.98828E-05 9.98828E-05 9.98828E-05 9.98828E-05 0.0994738 9.98828E-05 9.98828E-05 9.98828E-05 9.98828E-05 9.98828E-05 0.013408 9.98828E-05 0.810002 9.98828E-05 9.98828E-05
9.98653E-05 9.98653E-05 9.98653E-05 9.98653E-05 9.98653E-05 9.98653E-05 9.98653E-05 0.0222725 9.98653E-05 9.98653E-05 9.98653E-05 0.945727 9.98653E-05 9.98653E-05 0.0305025 9.98653E-05 9.98653E-05 9.98653E-05
9.98656E-05 0.00608183 9.98656E-05 9.98656E-05 9.98656E-05 9.98656E-05 9.98656E-05 9.98656E-05 9.98656E-05 9.98656E-05 0.733811 9.98656E-05 9.98656E-05 9.98656E-05 9.98656E-05 9.98656E-05 0.25861 9.98656E-05
0.123912 0.0095626 0.101588 9.99371E-05 9.99371E-05 0.0939273 9.99371E-05 9.99371E-05 0.159423 9.99371E-05 0.0986335 9.99371E-05 0.0779742 0.0852396 9.99371E-05 0.0533101 0.136472 0.0592577
9.98923E-05 9.98923E-05 9.98923E-05 9.98923E-05 9.98923E-05 9.98923E-05 0.0414289 9.98923E-05 0.0230247 9.98923E-05 0.0968671 9.98923E-05 9.98923E-05 9.98923E-05 9.98923E-05 0.00414276 0.822727 0.0106107
9.9883E-05 9.9883E-05 9.9883E-05 0.0792147 9.9883E-05 9.9883E-05 9.9883E-05 9.9883E-05 9.9883E-05 0.0368603 0.121559 9.9883E-05 0.0415981 9.9883E-05 9.9883E-05 9.9883E-05 0.719469 9.9883E-05
9.98831E-05 9.98831E-05 9.98831E-05 9.98831E-05 0.000232659 9.98831E-05 9.98831E-05 9.98831E-05 0.00380306 9.98831E-05 0.979486 9.98831E-05 9.98831E-05 0.00797702 0.00720301 9.98831E-05 9.98831E-05 9.98831E-05
9.98653E-05 9.98653E-05 9.98653E-05 9.98653E-05 0.00555577 9.98653E-05 9.98653E-05 9.98653E-05 9.98653E-05 9.98653E-05 0.991461 0.00148486 9.98653E-05 9.98653E-05 9.98653E-05 9.98653E-05 9.98653E-05 9.98653E-05
9.98922E-05 9.98922E-05 0.01212 0.210441 9.98922E-05 9.98922E-05 9.98922E-05 0.0393546 9.98922E-05 9.98922E-05 0.0493602 9.98922E-05 0.00996115 9.98922E-05 9.98922E-05 9.98922E-05 0.677564 9.98922E-05
0.00879069 9.9874E-05 9.9874E-05 9.9874E-05 9.9874E-05 9.9874E-05 9.9874E-05 9.9874E-05 9.9874E-05 0.0142862 0.42918 9.9874E-05 9.9874E-05 9.9874E-05 9.9874E-05 9.9874E-05 0.546345 9.9874E-05
9.98561E-05 9.98561E-05 9.98561E-05 9.98561E-05 9.98561E-05 0.036259 0.962143 9.98561E-05 9.98561E-05 9.98561E-05 9.98561E-05 9.98561E-05 9.98561E-05 9.98561E-05 9.98561E-05 9.98561E-05 9.98561E-05 9.98561E-05
9.98561E-05 9.98561E-05 9.98561E-05 9.98561E-05 9.98561E-05 9.98561E-05 0.971315 9.98561E-05 9.98561E-05 9.98561E-05 9.98561E-05 9.98561E-05 9.98561E-05 9.98561E-05 9.98561E-05 0.0270872 9.98561E-05 9.98561E-05
9.98832E-05 9.98832E-05 9.98832E-05 9.98832E-05 9.98832E-05 0.023534 9.98832E-05 0.00518668 0.0220935 9.98832E-05 0.125117 9.98832E-05 9.98832E-05 9.98832E-05 9.98832E-05 9.98832E-05 0.822771 9.98832E-05
9.9883E-05 9.9883E-05 9.9883E-05 9.9883E-05 9.9883E-05 0.0127045 9.9883E-05 9.9883E-05 0.971572 0.00202693 0.0103225 9.9883E-05 9.9883E-05 9.9883E-05 9.9883E-05 9.9883E-05 0.00207599 9.9883E-05
9.9856E-05 9.9856E-05 9.9856E-05 9.9856E-05 9.9856E-05 0.00769587 9.9856E-05 9.9856E-05 0.990706 9.9856E-05 9.9856E-05 9.9856E-05 9.9856E-05 9.9856E-05 9.9856E-05 9.9856E-05 9.9856E-05 9.9856E-05
9.98563E-05 0.99313 9.98563E-05 9.98563E-05 9.98563E-05 9.98563E-05 9.98563E-05 9.98563E-05 9.98563E-05 9.98563E-05 9.98563E-05 9.98563E-05 9.98563E-05 9.98563E-05 0.0052726 9.98563E-05 9.98563E-05 9.98563E-05
9.98564E-05 0.996531 9.98564E-05 9.98564E-05 9.98564E-05 9.98564E-05 9.98564E-05 9.98564E-05 9.98564E-05 9.98564E-05 9.98564E-05 9.98564E-05 9.98564E-05 9.98564E-05 9.98564E-05 0.00187083 9.98564E-05 9.98564E-05
9.99099E-05 9.99099E-05 0.0368315 9.99099E-05 0.0242367 9.99099E-05 0.0162921 0.732757 0.0395931 9.99099E-05 0.0143524 9.99099E-05 0.106441 9.99099E-05 9.99099E-05 0.0284969 9.99099E-05 9.99099E-05
9.991E-05 9.991E-05 0.0307104 9.991E-05 0.0044817 9.991E-05 0.0148006 0.675156 0.0924893 9.991E-05 9.991E-05 0.000939308 0.112056 9.991E-05 9.991E-05 0.0683673 9.991E-05 9.991E-05
9.98742E-05 0.957592 9.98742E-05 9.98742E-05 9.98742E-05 9.98742E-05 9.98742E-05 9.98742E-05 0.020264 0.00987142 9.98742E-05 9.98742E-05 9.98742E-05 0.0108742 9.98742E-05 9.98742E-05 9.98742E-05 9.98742E-05
9.98653E-05 0.990793 9.98653E-05 9.98653E-05 9.98653E-05 0.00442238 9.98653E-05 9.98653E-05 9.98653E-05 9.98653E-05 9.98653E-05 9.98653E-05 0.00328689 9.98653E-05 9.98653E-05 9.98653E-05 9.98653E-05 9.98653E-05
9.9874E-05 9.9874E-05 9.9874E-05 9.9874E-05 0.0636822 0.00752031 9.9874E-05 9.9874E-05 9.9874E-05 9.9874E-05 9.9874E-05 9.9874E-05 9.9874E-05 9.9874E-05 0.916424 9.9874E-05 9.9874E-05 0.0109755
9.9883E-05 9.9883E-05 9.9883E-05 9.9883E-05 9.9883E-05 9.9883E-05 9.9883E-05 9.9883E-05 0.0495881 9.9883E-05 9.9883E-05 0.00362951 0.681756 9.9883E-05 9.9883E-05 0.122959 9.9883E-05 0.140769
0.000308408 9.9883E-05 0.87127 9.9883E-05 9.9883E-05 0.0507957 9.9883E-05 9.9883E-05 9.9883E-05 9.9883E-05 9.9883E-05 9.9883E-05 9.9883E-05 9.9883E-05 9.9883E-05 0.00942428 9.9883E-05 0.0669026
0.998303 9.98468E-05 9.98468E-05 9.98468E-05 9.98468E-05 9.98468E-05 9.98468E-05 9.98468E-05 9.98468E-05 9.98468E-05 9.98468E-05 9.98468E-05 9.98468E-05 9.98468E-05 9.98468E-05 9.98468E-05 9.98468E-05 9.98468E-05
0.630514 0.0552526 9.98921E-05 9.98921E-05 9.98921E-05 9.98921E-05 9.98921E-05 9.98921E-05 0.00516407 0.111899 9.98921E-05 9.98921E-05 9.98921E-05 9.98921E-05 0.107742 0.08823 9.98921E-05 9.98921E-05
9.9847E-05 9.9847E-05 9.9847E-05 0.998303 9.9847E-05 9.9847E-05 9.9847E-05 9.9847E-05 9.9847E-05 9.9847E-05 9.9847E-05 9.9847E-05 9.9847E-05 9.9847E-05 9.9847E-05 9.9847E-05 9.9847E-05 9.9847E-05
