9.98649E-05 9.98649E-05 9.98649E-05 9.98649E-05 9.98649E-05 9.98649E-05 0.944201 9.98649E-05 9.98649E-05 9.98649E-05 9.98649E-05 9.98649E-05 0.0408937 9.98649E-05 0.0134069 9.98649E-05 9.98649E-05 9.98649E-05
9.98829E-05 0.663411 0.110992 9.98829E-05 9.98829E-05 9.98829E-05 9.98829E-05 9.98829E-05 9.98829E-05 0.0157655 9.98829E-05 9.98829E-05 9.98829E-05 9.98829E-05 0.0106784 0.197855 9.98829E-05 9.98829E-05
9.98468E-05 9.98468E-05 9.98468E-05 9.98468E-05 9.98468E-05 9.98468E-05 9.98468E-05 9.98468E-05 9.98468E-05 9.98468E-05 9.98468E-05 9.98468E-05 9.98468E-05 0.998303 9.98468E-05 9.98468E-05 9.98468E-05 9.98468E-05
9.98742E-05 9.98742E-05 0.934707 9.98742E-05 0.021612 0.000258425 9.98742E-05 9.98742E-05 9.98742E-05 9.98742E-05 9.98742E-05 9.98742E-05 9.98742E-05 9.98742E-05 9.98742E-05 9.98742E-05 0.0420246 9.98742E-05
9.99012E-05 0.0336374 0.162117 9.99012E-05 0.189117 0.185705 9.99012E-05 9.99012E-05 9.99012E-05 9.99012E-05 9.99012E-05 9.99012E-05 9.99012E-05 0.11256 9.99012E-05 0.216091 9.99012E-05 0.0996735
9.98742E-05 9.98742E-05 0.916887 9.98742E-05 0.0073573 9.98742E-05 9.98742E-05 9.98742E-05 9.98742E-05 9.98742E-05 9.98742E-05 0.019926 9.98742E-05 9.98742E-05 9.98742E-05 0.0544319 9.98742E-05 9.98742E-05
9.98472E-05 9.98472E-05 9.98472E-05 9.98472E-05 9.98472E-05 0.998303 9.98472E-05 9.98472E-05 9.98472E-05 9.98472E-05 9.98472E-05 9.98472E-05 9.98472E-05 9.98472E-05 9.98472E-05 9.98472E-05 9.98472E-05 9.98472E-05
9.99099E-05 0.127462 0.0685517 9.99099E-05 0.267381 9.99099E-05 9.99099E-05 9.99099E-05 9.99099E-05 0.341409 9.99099E-05 9.99099E-05 0.0610891 0.00257978 9.99099E-05 9.99099E-05 0.00852821 0.122
9.98561E-05 0.0288199 9.98561E-05 9.98561E-05 9.98561E-05 0.969582 9.98561E-05 9.98561E-05 9.98561E-05 9.98561E-05 9.98561E-05 9.98561E-05 9.98561E-05 9.98561E-05 9.98561E-05 9.98561E-05 9.98561E-05 9.98561E-05
9.98562E-05 9.98562E-05 9.98562E-05 9.98562E-05 9.98562E-05 0.150202 9.98562E-05 9.98562E-05 9.98562E-05 9.98562E-05 9.98562E-05 9.98562E-05 0.8482 9.98562E-05 9.98562E-05 9.98562E-05 9.98562E-05 9.98562E-05
9.98562E-05 9.98562E-05 9.98562E-05 9.98562E-05 9.98562E-05 0.105529 9.98562E-05 9.98562E-05 9.98562E-05 9.98562E-05 9.98562E-05 9.98562E-05 0.892873 9.98562E-05 9.98562E-05 9.98562E-05 9.98562E-05 9.98562E-05
0.147469 9.9892E-05 0.0464718 9.9892E-05 9.9892E-05 0.0237202 0.645638 9.9892E-05 9.9892E-05 9.9892E-05 9.9892E-05 0.0224208 9.9892E-05 9.9892E-05 9.9892E-05 9.9892E-05 0.113081 9.9892E-05
0.972622 9.98565E-05 9.98565E-05 9.98565E-05 9.98565E-05 9.98565E-05 9.98565E-05 9.98565E-05 9.98565E-05 0.0257802 9.98565E-05 9.98565E-05 9.98565E-05 9.98565E-05 9.98565E-05 9.98565E-05 9.98565E-05 9.98565E-05
9.98922E-05 9.98922E-05 0.941229 9.98922E-05 9.98922E-05 9.98922E-05 9.98922E-05 0.00502232 0.013688 9.98922E-05 9.98922E-05 0.0127709 9.98922E-05 9.98922E-05 0.00917395 0.0169172 9.98922E-05 9.98922E-05
9.98654E-05 9.98654E-05 0.941805 9.98654E-05 9.98654E-05 9.98654E-05 9.98654E-05 0.00611171 9.98654E-05 9.98654E-05 9.98654E-05 9.98654E-05 9.98654E-05 9.98654E-05 9.98654E-05 0.0505851 9.98654E-05 9.98654E-05
0.0808206 9.98829E-05 9.98829E-05 0.743826 9.98829E-05 9.98829E-05 9.98829E-05 9.98829E-05 9.98829E-05 9.98829E-05 9.98829E-05 0.162864 0.00751498 9.98829E-05 9.98829E-05 0.00367532 9.98829E-05 9.98829E-05
9.9856E-05 9.9856E-05 9.9856E-05 9.9856E-05 9.9856E-05 9.9856E-05 9.9856E-05 9.9856E-05 9.9856E-05 9.9856E-05 9.9856E-05 9.9856E-05 0.0532991 9.9856E-05 0.945103 9.9856E-05 9.9856E-05 9.9856E-05
9.98473E-05 9.98473E-05 9.98473E-05 9.98473E-05 9.98473E-05 9.98473E-05 9.98473E-05 0.998303 9.98473E-05 9.98473E-05 9.98473E-05 9.98473E-05 9.98473E-05 9.98473E-05 9.98473E-05 9.98473E-05 9.98473E-05 9.98473E-05
0.00655197 9.98741E-05 9.98741E-05 9.98741E-05 9.98741E-05 9.98741E-05 9.98741E-05 9.98741E-05 0.932298 9.98741E-05 0.0381221 9.98741E-05 9.98741E-05 9.98741E-05 9.98741E-05 9.98741E-05 0.0216296 9.98741E-05
9.98829E-05 9.98829E-05 9.98829E-05 0.276462 9.98829E-05 9.98829E-05 0.056619 9.98829E-05 9.98829E-05 9.98829E-05 9.98829E-05 0.146673 0.489002 9.98829E-05 9.98829E-05 9.98829E-05 0.0299459 9.98829E-05
9.98742E-05 9.98742E-05 9.98742E-05 9.98742E-05 9.98742E-05 9.98742E-05 9.98742E-05 0.0609966 0.921255 0.00118758 0.0151623 9.98742E-05 9.98742E-05 9.98742E-05 9.98742E-05 9.98742E-05 9.98742E-05 9.98742E-05
0.0232979 9.991E-05 9.991E-05 0.190412 9.991E-05 9.991E-05 0.420926 9.991E-05 9.991E-05 9.991E-05 0.00054162 0.0118715 9.991E-05 9.991E-05 0.00675939 0.336772 0.00842084 9.991E-05
9.98921E-05 9.98921E-05 0.0026716 9.98921E-05 0.0142495 9.98921E-05 9.98921E-05 9.98921E-05 0.407921 9.98921E-05 9.98921E-05 9.98921E-05 0.199936 9.98921E-05 0.237324 9.98921E-05 0.1367 9.98921E-05
9.9874E-05 9.9874E-05 9.9874E-05 9.9874E-05 9.9874E-05 9.9874E-05 9.9874E-05 0.0400059 0.866989 9.9874E-05 9.9874E-05 0.0442564 0.0473504 9.9874E-05 9.9874E-05 9.9874E-05 9.9874E-05 9.9874E-05
9.98653E-05 9.98653E-05 0.938605 9.98653E-05 9.98653E-05 9.98653E-05 9.98653E-05 9.98653E-05 9.98653E-05 0.00143595 9.98653E-05 9.98653E-05 9.98653E-05 0.0584607 9.98653E-05 9.98653E-05 9.98653E-05 9.98653E-05
9.98565E-05 9.98565E-05 0.993273 9.98565E-05 9.98565E-05 9.98565E-05 9.98565E-05 9.98565E-05 9.98565E-05 9.98565E-05 9.98565E-05 9.98565E-05 9.98565E-05 9.98565E-05 9.98565E-05 9.98565E-05 9.98565E-05 0.00512961
0.774293 9.98801E-05 9.98801E-05 0.0265333 9.98801E-05 9.98801E-05 0.0721434 9.98801E-05 9.98801E-05 9.98801E-05 9.98801E-05 9.98801E-05 0.0853329 9.98801E-05 0.0278697 9.98801E-05 0.0126296 9.98801E-05
9.9874E-05 9.9874E-05 0.902472 9.9874E-05 0.0272277 0.0256981 9.9874E-05 9.9874E-05 9.9874E-05 9.9874E-05 9.9874E-05 9.9874E-05 9.9874E-05 9.9874E-05 9.9874E-05 9.9874E-05 9.9874E-05 0.0432041
9.98832E-05 9.98832E-05 0.87308 0.0299722 9.98832E-05 9.98832E-05 9.98832E-05 9.98832E-05 9.98832E-05 0.00513984 9.98832E-05 9.98832E-05 9.98832E-05 0.0103054 9.98832E-05 9.98832E-05 9.98832E-05 0.0802038
9.99101E-05 0.0102165 0.395137 9.99101E-05 0.430351 9.99101E-05 0.00948736 9.99101E-05 9.99101E-05 9.99101E-05 0.0481731 9.99101E-05 9.99101E-05 0.0366035 9.99101E-05 0.00509395 9.99101E-05 0.0639388
9.98558E-05 9.98558E-05 0.0491084 9.98558E-05 0.949294 9.98558E-05 9.98558E-05 9.98558E-05 9.98558E-05 9.98558E-05 9.98558E-05 9.98558E-05 9.98558E-05 9.98558E-05 9.98558E-05 9.98558E-05 9.98558E-05 9.98558E-05
9.98474E-05 0.998303 9.98474E-05 9.98474E-05 9.98474E-05 9.98474E-05 9.98474E-05 9.98474E-05 9.98474E-05 9.98474E-05 9.98474E-05 9.98474E-05 9.98474E-05 9.98474E-05 9.98474E-05 9.98474E-05 9.98474E-05 9.98474E-05
9.98653E-05 9.98653E-05 0.829706 9.98653E-05 9.98653E-05 9.98653E-05 9.98653E-05 9.98653E-05 9.98653E-05 0.164747 9.98653E-05 9.98653E-05 9.98653E-05 9.98653E-05 9.98653E-05 0.004049 9.98653E-05 9.98653E-05
9.98923E-05 0.0131548 9.98923E-05 9.98923E-05 0.0361252 9.98923E-05 9.98923E-05 9.98923E-05 9.98923E-05 0.160013 9.98923E-05 9.98923E-05 0.024174 0.0245075 9.98923E-05 9.98923E-05 9.98923E-05 0.740827
0.51959 9.99007E-05 9.99007E-05 9.99007E-05 0.0543085 9.99007E-05 9.99007E-05 9.99007E-05 9.99007E-05 0.0232068 9.99007E-05 0.0566665 9.99007E-05 9.99007E-05 0.230487 0.0424116 0.0722303 9.99007E-05
9.98829E-05 9.98829E-05 0.911247 9.98829E-05 9.98829E-05 0.0102708 9.98829E-05 9.98829E-05 9.98829E-05 0.0480538 9.98829E-05 0.0208921 9.98829E-05 9.98829E-05 9.98829E-05 0.0082378 9.98829E-05 9.98829E-05
9.98741E-05 9.98741E-05 9.98741E-05 9.98741E-05 9.98741E-05 9.98741E-05 0.937372 9.98741E-05 9.98741E-05 0.0370105 9.98741E-05 9.98741E-05 9.98741E-05 0.00426986 0.0199495 9.98741E-05 9.98741E-05 9.98741E-05
9.99009E-05 0.141689 9.99009E-05 9.99009E-05 9.99009E-05 9.99009E-05 0.0448031 0.0438389 9.99009E-05 0.0758057 9.99009E-05 9.99009E-05 0.624265 0.0114917 0.0570079 9.99009E-05 9.99009E-05 9.99009E-05
9.9865E-05 9.9865E-05 0.00310296 9.9865E-05 9.9865E-05 9.9865E-05 9.9865E-05 9.9865E-05 9.9865E-05 0.00227953 9.9865E-05 9.9865E-05 9.9865E-05 9.9865E-05 0.99312 9.9865E-05 9.9865E-05 9.9865E-05
9.9847E-05 9.9847E-05 9.9847E-05 9.9847E-05 9.9847E-05 9.9847E-05 9.9847E-05 9.9847E-05 9.9847E-05 9.9847E-05 9.9847E-05 9.9847E-05 9.9847E-05 9.9847E-05 9.9847E-05 0.998303 9.9847E-05 9.9847E-05
9.9865E-05 9.9865E-05 9.9865E-05 9.9865E-05 9.9865E-05 9.9865E-05 0.000396587 9.9865E-05 9.9865E-05 9.9865E-05 9.9865E-05 9.9865E-05 0.00218185 9.9865E-05 9.9865E-05 0.995924 9.9865E-05 9.9865E-05
9.9883E-05 9.9883E-05 9.9883E-05 9.9883E-05 9.9883E-05 9.9883E-05 9.9883E-05 9.9883E-05 0.00306838 9.9883E-05 9.9883E-05 0.00318358 0.875005 9.9883E-05 0.0365463 0.0808986 9.9883E-05 9.9883E-05
0.0252674 9.9901E-05 9.9901E-05 0.816065 9.9901E-05 0.074532 0.0204805 0.00874424 0.00264169 9.9901E-05 9.9901E-05 9.9901E-05 0.0511705 9.9901E-05 9.9901E-05 9.9901E-05 9.9901E-05 9.9901E-05
9.9874E-05 9.9874E-05 9.9874E-05 9.9874E-05 0.0152996 9.9874E-05 9.9874E-05 9.9874E-05 9.9874E-05 9.9874E-05 9.9874E-05 0.0648139 0.917445 0.00104368 9.9874E-05 9.9874E-05 9.9874E-05 9.9874E-05
0.119005 0.0495945 9.99189E-05 0.0255501 9.99189E-05 9.99189E-05 9.99189E-05 0.033251 0.0824044 9.99189E-05 9.99189E-05 0.213776 0.333984 9.99189E-05 9.99189E-05 0.1132 0.0283363 9.99189E-05
9.9928E-05 0.015497 0.0191409 0.11363 0.0241837 9.9928E-05 0.0479555 9.9928E-05 9.9928E-05 9.9928E-05 0.0578687 0.183213 0.408159 0.00748079 9.9928E-05 0.122072 9.9928E-05 9.9928E-05
0.052764 9.99369E-05 0.0254652 9.99369E-05 0.0887474 0.0707967 0.172335 9.99369E-05 9.99369E-05 9.99369E-05 0.0100821 0.229071 0.179053 0.0148365 0.150488 9.99369E-05 9.99369E-05 0.00566089
9.98569E-05 9.98569E-05 9.98569E-05 9.98569E-05 9.98569E-05 9.98569E-05 0.954611 0.0437913 9.98569E-05 9.98569E-05 9.98569E-05 9.98569E-05 9.98569E-05 9.98569E-05 9.98569E-05 9.98569E-05 9.98569E-05 9.98569E-05
9.98561E-05 9.98561E-05 9.98561E-05 9.98561E-05 9.98561E-05 9.98561E-05 9.98561E-05 9.98561E-05 9.98561E-05 9.98561E-05 9.98561E-05 9.98561E-05 9.98561E-05 0.0009999 9.98561E-05 9.98561E-05 9.98561E-05 0.997402
9.98562E-05 9.98562E-05 9.98562E-05 9.98562E-05 9.98562E-05 9.98562E-05 9.98562E-05 0.00735107 9.98562E-05 9.98562E-05 9.98562E-05 9.98562E-05 9.98562E-05 9.98562E-05 9.98562E-05 9.98562E-05 9.98562E-05 0.991051
9.98831E-05 9.98831E-05 9.98831E-05 9.98831E-05 9.98831E-05 0.00204682 9.98831E-05 9.98831E-05 9.98831E-05 9.98831E-05 0.0134331 9.98831E-05 0.0112416 9.98831E-05 9.98831E-05 0.0188556 9.98831E-05 0.953124
9.98473E-05 9.98473E-05 9.98473E-05 9.98473E-05 9.98473E-05 9.98473E-05 9.98473E-05 9.98473E-05 9.98473E-05 9.98473E-05 9.98473E-05 9.98473E-05 9.98473E-05 9.98473E-05 9.98473E-05 9.98473E-05 9.98473E-05 0.998303
9.98472E-05 9.98472E-05 9.98472E-05 9.98472E-05 9.98472E-05 9.98472E-05 9.98472E-05 9.98472E-05 9.98472E-05 9.98472E-05 9.98472E-05 9.98472E-05 9.98472E-05 9.98472E-05 9.98472E-05 9.98472E-05 9.98472E-05 0.998303
0.0122342 0.0593353 9.99283E-05 0.0944658 0.465533 0.0347591 9.99283E-05 9.99283E-05 0.00780915 0.00972746 9.99283E-05 9.99283E-05 9.99283E-05 0.00898203 9.99283E-05 0.00873498 9.99283E-05 0.29762
9.98831E-05 0.057517 9.98831E-05 0.00266795 9.98831E-05 9.98831E-05 0.0224246 9.98831E-05 9.98831E-05 9.98831E-05 9.98831E-05 9.98831E-05 9.98831E-05 9.98831E-05 9.98831E-05 0.00692324 9.98831E-05 0.909169
9.98649E-05 9.98649E-05 9.98649E-05 0.160696 9.98649E-05 9.98649E-05 0.800664 9.98649E-05 9.98649E-05 9.98649E-05 9.98649E-05 0.0371422 9.98649E-05 9.98649E-05 9.98649E-05 9.98649E-05 9.98649E-05 9.98649E-05
9.98738E-05 0.905152 9.98738E-05 0.0271652 9.98738E-05 0.0606632 9.98738E-05 9.98738E-05 9.98738E-05 9.98738E-05 9.98738E-05 9.98738E-05 9.98738E-05 9.98738E-05 9.98738E-05 9.98738E-05 0.00562113 9.98738E-05
9.9865E-05 9.9865E-05 0.973019 9.9865E-05 9.9865E-05 9.9865E-05 9.9865E-05 9.9865E-05 9.9865E-05 9.9865E-05 9.9865E-05 0.0053249 9.9865E-05 9.9865E-05 9.9865E-05 0.0201586 9.9865E-05 9.9865E-05
0.818796 9.98741E-05 9.98741E-05 9.98741E-05 9.98741E-05 9.98741E-05 9.98741E-05 9.98741E-05 9.98741E-05 9.98741E-05 9.98741E-05 9.98741E-05 9.98741E-05 9.98741E-05 9.98741E-05 0.151027 0.0152247 0.0135546
0.0671696 9.98654E-05 9.98654E-05 0.84392 9.98654E-05 9.98654E-05 9.98654E-05 9.98654E-05 9.98654E-05 9.98654E-05 9.98654E-05 0.0874127 9.98654E-05 9.98654E-05 9.98654E-05 9.98654E-05 9.98654E-05 9.98654E-05
0.960869 9.98566E-05 9.98566E-05 9.98566E-05 9.98566E-05 0.0375329 9.98566E-05 9.98566E-05 9.98566E-05 9.98566E-05 9.98566E-05 9.98566E-05 9.98566E-05 9.98566E-05 9.98566E-05 9.98566E-05 9.98566E-05 9.98566E-05
0.905396 0.00856529 0.000130684 9.98829E-05 9.98829E-05 9.98829E-05 9.98829E-05 9.98829E-05 9.98829E-05 9.98829E-05 9.98829E-05 9.98829E-05 0.0565279 9.98829E-05 9.98829E-05 0.0280815 9.98829E-05 9.98829E-05
0.798087 9.98829E-05 9.98829E-05 9.98829E-05 9.98829E-05 9.98829E-05 9.98829E-05 0.00778909 9.98829E-05 9.98829E-05 9.98829E-05 0.099083 0.0601346 9.98829E-05 9.98829E-05 9.98829E-05 0.0336074 9.98829E-05
9.98473E-05 9.98473E-05 9.98473E-05 9.98473E-05 9.98473E-05 9.98473E-05 9.98473E-05 9.98473E-05 9.98473E-05 9.98473E-05 0.998303 9.98473E-05 9.98473E-05 9.98473E-05 9.98473E-05 9.98473E-05 9.98473E-05 9.98473E-05
9.98657E-05 9.98657E-05 0.941941 9.98657E-05 9.98657E-05 9.98657E-05 9.98657E-05 9.98657E-05 9.98657E-05 9.98657E-05 9.98657E-05 9.98657E-05 9.98657E-05 0.0372096 9.98657E-05 9.98657E-05 0.0193513 9.98657E-05
0.0687497 0.137403 0.0715094 0.0159958 9.99461E-05 0.025748 0.0324383 9.99461E-05 9.99461E-05 9.99461E-05 0.00550817 9.99461E-05 0.0400487 0.223075 0.139988 0.149645 9.99461E-05 0.0892907
9.98744E-05 9.98744E-05 0.791941 0.020713 9.98744E-05 9.98744E-05 9.98744E-05 9.98744E-05 9.98744E-05 0.0578794 9.98744E-05 9.98744E-05 9.98744E-05 0.128069 9.98744E-05 9.98744E-05 9.98744E-05 9.98744E-05
9.98921E-05 9.98921E-05 0.851173 9.98921E-05 0.0572955 0.00617959 9.98921E-05 9.98921E-05 9.98921E-05 9.98921E-05 9.98921E-05 9.98921E-05 9.98921E-05 9.98921E-05 0.0210549 0.0433505 9.98921E-05 0.019748
0.000470923 9.9901E-05 0.82522 0.0487822 0.0429134 0.00246566 9.9901E-05 9.9901E-05 9.9901E-05 0.0187367 9.9901E-05 9.9901E-05 9.9901E-05 9.9901E-05 9.9901E-05 9.9901E-05 9.9901E-05 0.0603125
9.99101E-05 0.00251198 0.831736 0.0320196 0.0739092 0.0314391 9.99101E-05 9.99101E-05 9.99101E-05 0.00250211 9.99101E-05 9.99101E-05 9.99101E-05 0.000510113 9.99101E-05 9.99101E-05 9.99101E-05 0.0243725
9.98832E-05 9.98832E-05 0.778568 9.98832E-05 0.129251 9.98832E-05 9.98832E-05 9.98832E-05 9.98832E-05 9.98832E-05 9.98832E-05 0.0177296 0.00395314 9.98832E-05 9.98832E-05 0.0691998 9.98832E-05 9.98832E-05
9.9865E-05 9.9865E-05 0.967285 9.9865E-05 9.9865E-05 9.9865E-05 9.9865E-05 9.9865E-05 9.9865E-05 9.9865E-05 9.9865E-05 0.0298305 9.9865E-05 9.9865E-05 0.00138623 9.9865E-05 9.9865E-05 9.9865E-05
9.9865E-05 9.9865E-05 9.9865E-05 9.9865E-05 0.0324375 9.9865E-05 9.9865E-05 9.9865E-05 9.9865E-05 0.946379 9.9865E-05 9.9865E-05 9.9865E-05 9.9865E-05 9.9865E-05 9.9865E-05 9.9865E-05 0.0196857
0.0277329 9.98561E-05 9.98561E-05 9.98561E-05 9.98561E-05 9.98561E-05 9.98561E-05 9.98561E-05 9.98561E-05 0.970669 9.98561E-05 9.98561E-05 9.98561E-05 9.98561E-05 9.98561E-05 9.98561E-05 9.98561E-05 9.98561E-05
9.99012E-05 9.99012E-05 0.952018 0.0288693 9.99012E-05 9.99012E-05 9.99012E-05 0.00137721 0.00353756 9.99012E-05 9.99012E-05 9.99012E-05 9.99012E-05 0.00228354 9.99012E-05 9.99012E-05 0.00997142 0.000844363
9.98741E-05 9.98741E-05 0.0129703 0.968633 9.98741E-05 9.98741E-05 9.98741E-05 9.98741E-05 9.98741E-05 0.00230083 9.98741E-05 9.98741E-05 9.98741E-05 9.98741E-05 0.0146977 9.98741E-05 9.98741E-05 9.98741E-05
9.9856E-05 9.9856E-05 9.9856E-05 0.984786 9.9856E-05 9.9856E-05 9.9856E-05 9.9856E-05 9.9856E-05 9.9856E-05 9.9856E-05 9.9856E-05 9.9856E-05 9.9856E-05 9.9856E-05 9.9856E-05 9.9856E-05 0.0136167
9.98563E-05 9.98563E-05 9.98563E-05 9.98563E-05 9.98563E-05 9.98563E-05 9.98563E-05 9.98563E-05 9.98563E-05 9.98563E-05 9.98563E-05 0.000757705 9.98563E-05 9.98563E-05 9.98563E-05 9.98563E-05 0.997645 9.98563E-05
9.98474E-05 9.98474E-05 9.98474E-05 9.98474E-05 9.98474E-05 9.98474E-05 9.98474E-05 9.98474E-05 9.98474E-05 9.98474E-05 9.98474E-05 9.98474E-05 9.98474E-05 9.98474E-05 9.98474E-05 9.98474E-05 0.998303 9.98474E-05
9.9883E-05 0.0469545 9.9883E-05 0.0012493 9.9883E-05 9.9883E-05 0.0136357 9.9883E-05 9.9883E-05 9.9883E-05 9.9883E-05 9.9883E-05 0.86776 9.9883E-05 9.9883E-05 0.0691024 9.9883E-05 9.9883E-05
0.0257786 0.0161382 9.9892E-05 0.055135 9.9892E-05 9.9892E-05 9.9892E-05 0.0041162 9.9892E-05 9.9892E-05 9.9892E-05 9.9892E-05 0.860589 9.9892E-05 9.9892E-05 0.0370443 9.9892E-05 9.9892E-05
9.98742E-05 9.98742E-05 9.98742E-05 0.00247116 9.98742E-05 9.98742E-05 9.98742E-05 9.98742E-05 9.98742E-05 0.0126966 9.98742E-05 9.98742E-05 9.98742E-05 9.98742E-05 0.0300344 9.98742E-05 0.9534 9.98742E-05
9.98564E-05 9.98564E-05 9.98564E-05 9.98564E-05 9.98564E-05 9.98564E-05 0.00112043 9.98564E-05 9.98564E-05 9.98564E-05 9.98564E-05 9.98564E-05 9.98564E-05 9.98564E-05 9.98564E-05 9.98564E-05 0.997282 9.98564E-05
0.0145405 9.9883E-05 9.9883E-05 0.0040344 9.9883E-05 0.00592428 0.953562 9.9883E-05 9.9883E-05 9.9883E-05 9.9883E-05 9.9883E-05 9.9883E-05 9.9883E-05 9.9883E-05 9.9883E-05 9.9883E-05 0.0206405
0.128913 9.98919E-05 9.98919E-05 0.0593138 9.98919E-05 0.144457 9.98919E-05 0.0168233 0.015861 9.98919E-05 9.98919E-05 9.98919E-05 9.98919E-05 9.98919E-05 9.98919E-05 0.633433 9.98919E-05 9.98919E-05
9.9874E-05 0.878831 9.9874E-05 9.9874E-05 9.9874E-05 0.0446337 9.9874E-05 9.9874E-05 9.9874E-05 9.9874E-05 0.0012398 9.9874E-05 9.9874E-05 9.9874E-05 9.9874E-05 9.9874E-05 9.9874E-05 0.0738973
9.98561E-05 0.00667517 9.98561E-05 9.98561E-05 9.98561E-05 9.98561E-05 9.98561E-05 9.98561E-05 9.98561E-05 9.98561E-05 9.98561E-05 0.991727 9.98561E-05 9.98561E-05 9.98561E-05 9.98561E-05 9.98561E-05 9.98561E-05
9.98652E-05 9.98652E-05 9.98652E-05 9.98652E-05 9.98652E-05 9.98652E-05 0.053382 9.98652E-05 9.98652E-05 9.98652E-05 9.98652E-05 0.936039 9.98652E-05 9.98652E-05 0.00908098 9.98652E-05 9.98652E-05 9.98652E-05
9.9847E-05 9.9847E-05 9.9847E-05 9.9847E-05 0.998303 9.9847E-05 9.9847E-05 9.9847E-05 9.9847E-05 9.9847E-05 9.9847E-05 9.9847E-05 9.9847E-05 9.9847E-05 9.9847E-05 9.9847E-05 9.9847E-05 9.9847E-05
