9.99369E-05 0.954549 0.0183347 9.99369E-05 9.99369E-05 9.99369E-05 9.99369E-05 9.99369E-05 0.0264163 9.99369E-05
0.738297 0.0864003 0.00106346 9.9955E-05 9.9955E-05 0.119308 9.9955E-05 9.9955E-05 0.0544315 9.9955E-05
9.99644E-05 9.99644E-05 0.0397142 0.0426324 0.0248067 0.768162 0.0907257 9.99644E-05 9.99644E-05 0.0335587
9.993E-05 9.993E-05 0.0348295 9.993E-05 9.993E-05 0.952985 9.993E-05 9.993E-05 0.0114859 9.993E-05
0.109706 0.0898527 0.00346712 9.99731E-05 0.0507907 0.384723 0.277007 9.99731E-05 0.0841543 9.99731E-05
9.9937E-05 0.0322716 9.9937E-05 9.9937E-05 9.9937E-05 0.943778 9.9937E-05 9.9937E-05 0.0232513 9.9937E-05
9.99201E-05 9.99201E-05 9.99201E-05 9.99201E-05 9.99201E-05 9.99201E-05 0.999101 9.99201E-05 9.99201E-05 9.99201E-05
0.118502 9.9964E-05 0.010683 9.9964E-05 0.28006 0.376791 0.146872 9.9964E-05 0.0666919 9.9964E-05
0.0511087 9.99459E-05 9.99459E-05 9.99459E-05 0.0107993 9.99459E-05 0.91131 0.026182 9.99459E-05 9.99459E-05
9.99201E-05 9.99201E-05 9.99201E-05 9.99201E-05 9.99201E-05 9.99201E-05 0.163496 9.99201E-05 0.835704 9.99201E-05
9.9928E-05 9.9928E-05 9.9928E-05 9.9928E-05 9.9928E-05 9.9928E-05 0.149652 9.9928E-05 0.849548 9.9928E-05
9.9955E-05 0.658228 0.114097 0.18824 9.9955E-05 0.0162696 0.0226659 9.9955E-05 9.9955E-05 9.9955E-05
9.99281E-05 9.99281E-05 9.99281E-05 0.956627 9.99281E-05 9.99281E-05 0.0425731 9.99281E-05 9.99281E-05 9.99281E-05
0.00511438 0.019748 9.9946E-05 9.9946E-05 9.9946E-05 0.943615 9.9946E-05 9.9946E-05 9.9946E-05 0.0309225
9.9946E-05 0.0508243 9.9946E-05 9.9946E-05 9.9946E-05 0.932632 9.9946E-05 9.9946E-05 0.00998923 0.00595438
9.9937E-05 9.9937E-05 9.9937E-05 0.135283 9.9937E-05 9.9937E-05 9.9937E-05 0.83613 0.0278875 9.9937E-05
9.99731E-05 0.00181953 0.266608 0.190505 9.99731E-05 0.000219674 9.99731E-05 0.0794287 0.392218 0.068901
0.037655 0.0546499 9.99639E-05 9.99639E-05 9.99639E-05 9.99639E-05 0.0241561 0.0421758 0.124413 0.71655
9.9928E-05 9.9928E-05 0.090614 9.9928E-05 9.9928E-05 9.9928E-05 9.9928E-05 9.9928E-05 9.9928E-05 0.908587
9.9946E-05 0.0740166 0.0459889 9.9946E-05 9.9946E-05 9.9946E-05 9.9946E-05 0.367064 0.512331 9.9946E-05
9.99201E-05 9.99201E-05 9.99201E-05 9.99201E-05 9.99201E-05 9.99201E-05 9.99201E-05 9.99201E-05 9.99201E-05 0.999101
9.9955E-05 0.517835 0.0201041 0.0331412 9.9955E-05 9.9955E-05 9.9955E-05 0.344396 0.0840239 9.9955E-05
9.9946E-05 9.9946E-05 0.28654 9.9946E-05 9.9946E-05 0.01886 9.9946E-05 9.9946E-05 0.312753 0.381248
9.9937E-05 9.9937E-05 0.0682315 9.9937E-05 9.9937E-05 9.9937E-05 9.9937E-05 9.9937E-05 0.0226599 0.908409
9.99201E-05 9.99201E-05 9.99201E-05 9.99201E-05 9.99201E-05 0.999101 9.99201E-05 9.99201E-05 9.99201E-05 9.99201E-05
9.99282E-05 9.99282E-05 9.99282E-05 9.99282E-05 0.00576477 0.993436 9.99282E-05 9.99282E-05 9.99282E-05 9.99282E-05
9.99548E-05 0.108906 0.0614543 0.729436 9.99548E-05 9.99548E-05 9.99548E-05 0.0419065 0.057797 9.99548E-05
9.9946E-05 9.9946E-05 9.9946E-05 9.9946E-05 0.019288 0.932745 0.0316485 0.0157185 9.9946E-05 9.9946E-05
9.9946E-05 9.9946E-05 9.9946E-05 9.9946E-05 0.0650465 0.919221 0.00272278 0.0124099 9.9946E-05 9.9946E-05
9.99551E-05 0.0160612 0.03756 0.0551403 0.211549 0.67919 9.99551E-05 9.99551E-05 9.99551E-05 9.99551E-05
0.00108741 9.99551E-05 0.0401245 9.99551E-05 0.295059 0.592381 0.0708478 9.99551E-05 9.99551E-05 9.99551E-05
0.999101 9.99201E-05 9.99201E-05 9.99201E-05 9.99201E-05 9.99201E-05 9.99201E-05 9.99201E-05 9.99201E-05 9.99201E-05
9.99282E-05 9.99282E-05 9.99282E-05 9.99282E-05 9.99282E-05 0.959306 9.99282E-05 0.0398942 9.99282E-05 9.99282E-05
0.0566513 9.99551E-05 0.00655701 9.99551E-05 0.814194 0.0696739 0.0524237 9.99551E-05 9.99551E-05 9.99551E-05
9.99549E-05 0.0412704 0.17252 0.626217 9.99549E-05 0.0609156 9.99549E-05 9.99549E-05 0.0985777 9.99549E-05
9.99279E-05 9.99279E-05 9.99279E-05 0.0346513 9.99279E-05 0.964549 9.99279E-05 9.99279E-05 9.99279E-05 9.99279E-05
9.9928E-05 0.966344 9.9928E-05 9.9928E-05 9.9928E-05 0.0328564 9.9928E-05 9.9928E-05 9.9928E-05 9.9928E-05
0.21818 0.0581261 9.9946E-05 9.9946E-05 9.9946E-05 0.0301501 9.9946E-05 9.9946E-05 0.692944 9.9946E-05
9.997E-05 0.0216126 0.310207 0.14516 9.997E-05 0.176196 9.997E-05 0.0153726 0.285757 0.0453937
9.99549E-05 0.264104 0.0173603 9.99549E-05 9.99549E-05 0.119913 9.99549E-05 0.224164 0.373959 9.99549E-05
0.010604 0.319891 9.99639E-05 9.99639E-05 9.99639E-05 0.0687363 9.99639E-05 0.194675 0.398548 0.00714642
9.99459E-05 0.0217077 9.99459E-05 0.0220655 9.99459E-05 9.99459E-05 9.99459E-05 0.056502 0.899125 9.99459E-05
9.9964E-05 0.0144365 9.9964E-05 0.0379536 9.9964E-05 9.9964E-05 0.0888322 0.815841 0.0417051 0.000831926
9.99549E-05 0.0408077 0.0142137 0.0548748 0.0144757 9.99549E-05 9.99549E-05 9.99549E-05 0.875128 9.99549E-05
0.0505623 0.0406423 0.0935725 0.159375 9.9973E-05 9.9973E-05 9.9973E-05 0.0732101 0.477617 0.104721
0.0502212 0.128507 0.00757802 0.0483282 9.9982E-05 0.0759354 9.9982E-05 0.124485 0.538334 0.0264114
9.996E-05 0.192451 0.056508 0.262953 0.0396299 0.124827 9.996E-05 9.996E-05 0.323232 9.996E-05
9.99201E-05 0.999101 9.99201E-05 9.99201E-05 9.99201E-05 9.99201E-05 9.99201E-05 9.99201E-05 9.99201E-05 9.99201E-05
9.99201E-05 9.99201E-05 9.99201E-05 9.99201E-05 0.999101 9.99201E-05 9.99201E-05 9.99201E-05 9.99201E-05 9.99201E-05
9.9937E-05 9.9937E-05 9.9937E-05 9.9937E-05 0.985373 9.9937E-05 9.9937E-05 0.00549834 0.00842927 9.9937E-05
9.9937E-05 0.00340327 9.9937E-05 9.9937E-05 0.950465 9.9937E-05 9.9937E-05 0.0454326 9.9937E-05 9.9937E-05
9.99201E-05 9.99201E-05 9.99201E-05 9.99201E-05 0.999101 9.99201E-05 9.99201E-05 9.99201E-05 9.99201E-05 9.99201E-05
9.99201E-05 9.99201E-05 9.99201E-05 9.99201E-05 0.999101 9.99201E-05 9.99201E-05 9.99201E-05 9.99201E-05 9.99201E-05
0.0799453 9.99641E-05 9.99641E-05 9.99641E-05 0.437393 0.184248 0.100062 0.166776 9.99641E-05 0.0311752
0.0906185 9.9928E-05 9.9928E-05 9.9928E-05 0.908582 9.9928E-05 9.9928E-05 9.9928E-05 9.9928E-05 9.9928E-05
9.99369E-05 0.803585 9.99369E-05 0.0405429 9.99369E-05 9.99369E-05 9.99369E-05 0.155173 9.99369E-05 9.99369E-05
0.884637 9.99459E-05 9.99459E-05 9.99459E-05 0.0458376 9.99459E-05 0.0568405 0.0120849 9.99459E-05 9.99459E-05
9.99201E-05 9.99201E-05 9.99201E-05 9.99201E-05 9.99201E-05 0.999101 9.99201E-05 9.99201E-05 9.99201E-05 9.99201E-05
9.9955E-05 0.0454888 0.0061897 0.831157 9.9955E-05 9.9955E-05 0.0122042 0.104461 9.9955E-05 9.9955E-05
9.99282E-05 9.99282E-05 9.99282E-05 0.0655157 9.99282E-05 9.99282E-05 9.99282E-05 0.933685 9.99282E-05 9.99282E-05
9.99282E-05 9.99282E-05 9.99282E-05 0.953047 9.99282E-05 9.99282E-05 0.0461539 9.99282E-05 9.99282E-05 9.99282E-05
0.0121228 9.99459E-05 9.99459E-05 0.902374 9.99459E-05 9.99459E-05 9.99459E-05 0.0353056 0.0495977 9.99459E-05
9.99369E-05 9.99369E-05 0.0535413 0.865479 9.99369E-05 9.99369E-05 9.99369E-05 9.99369E-05 0.08028 9.99369E-05
9.99372E-05 0.0976527 9.99372E-05 9.99372E-05 0.0214976 9.99372E-05 9.99372E-05 9.99372E-05 9.99372E-05 0.88015
9.99282E-05 9.99282E-05 9.99282E-05 9.99282E-05 9.99282E-05 0.99247 9.99282E-05 0.00673081 9.99282E-05 9.99282E-05
0.169813 9.99552E-05 0.0844746 0.270606 9.99552E-05 0.297958 9.99552E-05 9.99552E-05 0.176649 9.99552E-05
9.99283E-05 9.99283E-05 9.99283E-05 9.99283E-05 9.99283E-05 0.965672 9.99283E-05 0.0335286 9.99283E-05 9.99283E-05
9.9937E-05 0.044186 9.9937E-05 9.9937E-05 9.9937E-05 0.949419 0.00569536 9.9937E-05 9.9937E-05 9.9937E-05
9.9946E-05 9.9946E-05 9.9946E-05 9.9946E-05 0.0339952 0.912715 0.0111466 0.0415437 9.9946E-05 9.9946E-05
0.00711793 9.9946E-05 9.9946E-05 9.9946E-05 0.0272236 0.918871 9.9946E-05 0.0461875 9.9946E-05 9.9946E-05
0.0211032 9.99461E-05 9.99461E-05 9.99461E-05 9.99461E-05 0.876015 0.0137057 9.99461E-05 0.0885761 9.99461E-05
9.9937E-05 9.9937E-05 0.00530103 0.00261113 9.9937E-05 0.991388 9.9937E-05 9.9937E-05 9.9937E-05 9.9937E-05
9.99372E-05 9.99372E-05 9.99372E-05 9.99372E-05 0.295991 0.448634 0.254676 9.99372E-05 9.99372E-05 9.99372E-05
9.99372E-05 9.99372E-05 9.99372E-05 9.99372E-05 0.152911 0.42998 0.416409 9.99372E-05 9.99372E-05 9.99372E-05
9.9937E-05 9.9937E-05 9.9937E-05 9.9937E-05 0.0256548 0.928517 9.9937E-05 0.0451281 9.9937E-05 9.9937E-05
0.0305182 9.9937E-05 9.9937E-05 9.9937E-05 9.9937E-05 0.0073462 9.9937E-05 0.961436 9.9937E-05 9.9937E-05
9.9928E-05 9.9928E-05 9.9928E-05 9.9928E-05 0.0278492 9.9928E-05 9.9928E-05 0.971351 9.9928E-05 9.9928E-05
9.99201E-05 9.99201E-05 0.999101 9.99201E-05 9.99201E-05 9.99201E-05 9.99201E-05 9.99201E-05 9.99201E-05 9.99201E-05
9.99201E-05 9.99201E-05 0.999101 9.99201E-05 9.99201E-05 9.99201E-05 9.99201E-05 9.99201E-05 9.99201E-05 9.99201E-05
0.0801074 0.0352423 9.99459E-05 9.99459E-05 9.99459E-05 9.99459E-05 9.99459E-05 0.0615631 0.822488 9.99459E-05
0.056902 9.99459E-05 9.99459E-05 0.0299669 9.99459E-05 9.99459E-05 9.99459E-05 0.112535 0.799997 9.99459E-05
0.0217857 9.9928E-05 0.977415 9.9928E-05 9.9928E-05 9.9928E-05 9.9928E-05 9.9928E-05 9.9928E-05 9.9928E-05
9.99201E-05 9.99201E-05 0.999101 9.99201E-05 9.99201E-05 9.99201E-05 9.99201E-05 9.99201E-05 9.99201E-05 9.99201E-05
9.99459E-05 0.95877 9.99459E-05 0.0144485 9.99459E-05 9.99459E-05 0.013601 0.0125812 9.99459E-05 9.99459E-05
9.99639E-05 0.0758706 9.99639E-05 0.106372 9.99639E-05 9.99639E-05 0.141886 0.412156 0.194151 0.0691633
0.913008 9.9937E-05 9.9937E-05 9.9937E-05 0.0213872 9.9937E-05 0.0649053 9.9937E-05 9.9937E-05 9.9937E-05
9.99551E-05 9.99551E-05 0.186394 0.354715 9.99551E-05 0.0532105 9.99551E-05 9.99551E-05 0.309726 0.095455
9.99551E-05 0.174243 0.265097 0.460692 9.99551E-05 9.99551E-05 9.99551E-05 0.0211068 9.99551E-05 0.0783615
0.0913546 9.99642E-05 0.0186078 9.99642E-05 0.235023 0.538867 0.102729 9.99642E-05 9.99642E-05 0.0130191
