0.977259 9.9973E-05 9.9973E-05 9.9973E-05 0.0224414
0.373359 9.9991E-05 0.308219 0.296876 0.0214465
0.0589901 0.0510218 0.764339 0.0775417 0.0481075
9.9982E-05 9.9982E-05 0.953443 0.00472966 0.0416272
0.199899 9.9991E-05 0.448727 0.313799 0.0374758
9.9982E-05 0.000567333 0.993221 9.9982E-05 0.0060115
0.547027 9.99821E-05 0.0684974 0.384275 9.99821E-05
0.0478505 9.9991E-05 0.409046 0.472144 0.0708597
0.5531 9.99821E-05 0.0110481 0.435652 9.99821E-05
0.692213 9.9982E-05 9.9982E-05 0.135946 0.171641
0.714382 9.9982E-05 9.9982E-05 0.11214 0.173278
0.771005 9.9982E-05 0.0804395 9.9982E-05 0.148356
0.911009 0.0106603 0.0781309 9.99821E-05 9.99821E-05
9.9982E-05 0.024013 0.96772 9.9982E-05 0.00806694
9.9973E-05 0.0145911 0.985109 9.9973E-05 9.9973E-05
0.88175 9.9991E-05 0.0194088 0.0647964 0.0339449
0.506238 0.0873383 9.9982E-05 9.9982E-05 0.406224
0.197001 0.704653 9.9982E-05 0.0981457 9.9982E-05
9.9973E-05 0.939984 9.9973E-05 9.9973E-05 0.0597159
0.770069 9.9982E-05 9.9982E-05 0.00827293 0.221458
9.997E-05 0.9996 9.997E-05 9.997E-05 9.997E-05
0.928327 9.9973E-05 9.9973E-05 9.9973E-05 0.0713734
0.118322 0.411507 0.00480286 0.0498908 0.415477
9.9973E-05 0.909396 9.9973E-05 9.9973E-05 0.0903045
9.997E-05 9.997E-05 0.9996 9.997E-05 9.997E-05
9.997E-05 9.997E-05 0.9996 9.997E-05 9.997E-05
0.934221 9.9973E-05 9.9973E-05 9.9973E-05 0.0654795
9.9982E-05 9.9982E-05 0.92786 0.0647256 0.00721475
9.9973E-05 9.9973E-05 0.904684 0.0950161 9.9973E-05
9.9991E-05 0.0265237 0.712588 0.232211 0.0285764
9.9991E-05 0.00120921 0.665163 0.267358 0.0661702
0.269241 0.00363772 0.0947794 0.632242 9.9991E-05
9.997E-05 9.997E-05 0.9996 9.997E-05 9.997E-05
9.9973E-05 9.9973E-05 0.0795764 0.920124 9.9973E-05
0.681798 9.9982E-05 0.0846418 9.9982E-05 0.23336
0.0122847 9.99729E-05 0.987415 9.99729E-05 9.99729E-05
0.915504 9.99731E-05 0.0841964 9.99731E-05 9.99731E-05
0.692632 0.0308714 9.9991E-05 0.225144 0.051252
0.344669 0.0679689 0.132779 9.9991E-05 0.454482
0.80304 9.9982E-05 0.147102 9.9982E-05 0.0496585
0.83537 9.99819E-05 0.103175 9.99819E-05 0.0612546
0.845853 0.00112913 9.9991E-05 0.0309989 0.121919
0.927894 9.9973E-05 9.9973E-05 0.071806 9.9973E-05
0.725571 9.99819E-05 9.99819E-05 0.0758214 0.198408
0.653997 0.0934321 9.9991E-05 0.0318447 0.220626
0.696342 0.0462306 0.0352121 0.121077 0.101138
0.679365 9.9991E-05 0.11289 0.0702412 0.137404
0.973056 0.0266436 9.99733E-05 9.99733E-05 9.99733E-05
9.997E-05 9.997E-05 9.997E-05 0.9996 9.997E-05
9.997E-05 9.997E-05 9.997E-05 0.9996 9.997E-05
9.997E-05 9.997E-05 9.997E-05 0.9996 9.997E-05
9.997E-05 9.997E-05 9.997E-05 0.9996 9.997E-05
9.99713E-05 9.99713E-05 9.99713E-05 0.9996 9.99713E-05
0.110219 0.0438208 0.287904 0.557956 9.9991E-05
9.997E-05 9.997E-05 9.997E-05 0.9996 9.997E-05
0.9996 9.997E-05 9.997E-05 9.997E-05 9.997E-05
0.296241 9.9982E-05 0.103564 0.599995 9.9982E-05
9.997E-05 9.997E-05 0.9996 9.997E-05 9.997E-05
0.95186 0.00189626 0.00945611 9.9991E-05 0.0366873
0.890846 9.9982E-05 0.092383 9.9982E-05 0.0165709
0.981827 0.0178728 9.99732E-05 9.99732E-05 9.99732E-05
0.994725 9.99731E-05 9.99731E-05 9.99731E-05 0.00497521
0.880317 0.0153117 9.9982E-05 9.9982E-05 0.104171
0.0672875 0.915715 9.99821E-05 0.0167978 9.99821E-05
9.997E-05 9.997E-05 0.9996 9.997E-05 9.997E-05
0.430119 0.0750574 0.200406 0.236588 0.0578291
9.99731E-05 9.99731E-05 0.976109 0.0235908 9.99731E-05
0.00212001 9.9982E-05 0.964701 0.0329786 9.9982E-05
9.9973E-05 9.9973E-05 0.916451 0.0832491 9.9973E-05
9.9982E-05 0.0127853 0.936849 0.0501656 9.9982E-05
0.0298845 9.9991E-05 0.931624 0.0258622 0.0125291
9.997E-05 9.997E-05 0.9996 9.997E-05 9.997E-05
9.99732E-05 9.99732E-05 0.532521 0.467179 9.99732E-05
0.0552286 0.0180563 0.559955 0.36666 9.99911E-05
0.00972979 0.00401239 0.964528 0.0216295 9.9991E-05
0.720085 9.9991E-05 0.0480858 0.154979 0.0767498
0.769082 9.9991E-05 0.019481 0.14786 0.0634776
9.997E-05 9.997E-05 9.997E-05 9.997E-05 0.9996
9.997E-05 9.997E-05 9.997E-05 9.997E-05 0.9996
0.754692 9.99819E-05 9.99819E-05 0.141317 0.103791
0.80851 0.000116264 9.9991E-05 0.106736 0.0845385
9.9973E-05 9.9973E-05 9.9973E-05 0.00322398 0.996476
9.997E-05 9.997E-05 9.997E-05 9.997E-05 0.9996
0.994199 9.9973E-05 9.9973E-05 0.00550074 9.9973E-05
0.893567 0.0718983 0.0135923 0.0208421 9.9991E-05
0.279669 9.9982E-05 0.0834098 0.636721 9.9982E-05
0.531909 0.130125 0.0567828 9.9991E-05 0.281084
0.61179 0.0860271 9.99821E-05 9.99821E-05 0.301982
9.9991E-05 0.034175 0.617053 0.292648 0.0560239
