0.0507336 9.9982E-05 0.949066 9.9982E-05
0.0159866 9.9991E-05 0.435033 0.54888
0.0455473 0.0132252 0.0277236 0.913504
0.0210751 9.9982E-05 9.9982E-05 0.978725
0.00210986 9.9991E-05 0.296492 0.701298
0.011006 9.9982E-05 9.9982E-05 0.988794
9.99821E-05 9.99821E-05 0.701132 0.298668
0.0142818 9.9991E-05 0.149007 0.836611
9.99821E-05 9.99821E-05 0.662222 0.337578
0.13723 9.9991E-05 0.796761 0.0659082
0.139018 9.9991E-05 0.845088 0.0157934
0.186211 9.9991E-05 0.787377 0.0263121
0.0242988 9.99911E-05 0.919716 0.0558857
0.0231009 0.00757956 9.9991E-05 0.96922
0.00455438 9.9982E-05 9.9982E-05 0.995246
0.018957 9.9991E-05 0.930351 0.0505925
0.43085 0.0877534 0.481297 9.9991E-05
0.00710366 0.731861 0.219653 0.0413819
0.0888449 0.910955 9.9982E-05 9.9982E-05
0.16497 9.9982E-05 0.83483 9.9982E-05
9.998E-05 0.9997 9.998E-05 9.998E-05
0.0294961 9.9982E-05 0.970304 9.9982E-05
0.433183 0.430822 0.0993698 0.0366252
0.0712864 0.928514 9.9982E-05 9.9982E-05
9.998E-05 9.998E-05 9.998E-05 0.9997
9.998E-05 9.998E-05 9.998E-05 0.9997
0.087953 9.9982E-05 0.911847 9.9982E-05
9.998E-05 9.998E-05 9.998E-05 0.9997
9.998E-05 9.998E-05 9.998E-05 0.9997
0.026645 0.0464017 9.9991E-05 0.926853
0.0307116 0.00939054 9.9991E-05 0.959798
9.99911E-05 0.0165908 0.379794 0.603516
0.00385235 9.9982E-05 9.9982E-05 0.995948
9.9982E-05 9.9982E-05 0.163479 0.836321
0.287127 9.9991E-05 0.634215 0.0785584
9.998E-05 9.998E-05 9.998E-05 0.9997
0.0357213 9.9991E-05 0.8865 0.0776792
0.041708 0.0309415 0.769405 0.157946
0.464841 0.0487601 0.358278 0.128121
0.0879294 9.9991E-05 0.791659 0.120312
0.0972743 9.9991E-05 0.810461 0.092165
0.108888 0.0235048 0.867507 9.9991E-05
9.9982E-05 9.9982E-05 0.956285 0.0435148
0.171433 0.00640944 0.822057 9.9991E-05
0.212586 0.106425 0.680889 9.9991E-05
0.124905 0.0370445 0.726526 0.111525
0.176144 9.9991E-05 0.669322 0.154434
9.99822E-05 0.0512857 0.948514 9.99822E-05
9.9991E-05 0.0352643 0.145584 0.819052
9.9991E-05 0.041188 0.161771 0.796941
9.9991E-05 0.0378844 0.125109 0.836907
9.9991E-05 0.0524237 0.126874 0.820602
9.9991E-05 0.0168481 0.133674 0.849378
9.9991E-05 0.0547122 0.19953 0.745658
9.9991E-05 0.00945436 0.208318 0.782128
9.998E-05 9.998E-05 0.9997 9.998E-05
9.9982E-05 9.9982E-05 0.426894 0.572906
9.998E-05 9.998E-05 9.998E-05 0.9997
0.0554896 9.99821E-05 0.94431 9.99821E-05
0.0161287 9.9991E-05 0.926144 0.0576273
9.99821E-05 0.0133103 0.98649 9.99821E-05
9.998E-05 9.998E-05 0.9997 9.998E-05
0.125023 0.00543553 0.869441 9.9991E-05
9.9982E-05 0.90782 0.0919798 9.9982E-05
9.998E-05 9.998E-05 9.998E-05 0.9997
0.0725558 0.0448473 0.453275 0.429321
9.998E-05 9.998E-05 9.998E-05 0.9997
0.0109145 9.9982E-05 9.9982E-05 0.988886
9.998E-05 9.998E-05 9.998E-05 0.9997
9.998E-05 9.998E-05 9.998E-05 0.9997
0.0433123 9.9982E-05 9.9982E-05 0.956488
0.0131188 9.9982E-05 9.9982E-05 0.986681
9.99821E-05 9.99821E-05 0.0674782 0.932322
9.99911E-05 0.0450789 0.0863101 0.868511
0.00812563 9.9982E-05 9.9982E-05 0.991674
0.067466 9.9991E-05 0.780077 0.152357
0.0642281 9.9991E-05 0.802035 0.133637
0.9997 9.998E-05 9.998E-05 9.998E-05
0.9997 9.998E-05 9.998E-05 9.998E-05
0.103414 0.0034567 0.835274 0.0578547
0.0699652 0.00133462 0.880377 0.0483235
0.9997 9.998E-05 9.998E-05 9.998E-05
0.9997 9.998E-05 9.998E-05 9.998E-05
9.998E-05 9.998E-05 0.9997 9.998E-05
9.9991E-05 0.0676568 0.921374 0.0108688
9.9982E-05 9.9982E-05 0.447297 0.552503
0.350498 0.108567 0.475335 0.0656001
0.356436 0.0654826 0.577981 9.9991E-05
0.0413098 0.0525463 9.9991E-05 0.906044
