0.0389358 9.9982E-05 9.9982E-05 0.960864
0.00321653 9.9991E-05 0.54315 0.453533
0.0893449 0.0659912 0.844564 9.99911E-05
0.0325561 9.9982E-05 0.967244 9.9982E-05
0.000359192 9.9991E-05 0.677452 0.322089
0.00915941 9.9982E-05 0.990641 9.9982E-05
9.99822E-05 9.99822E-05 0.313118 0.686682
0.0414703 9.9991E-05 0.821137 0.137293
9.99821E-05 9.99821E-05 0.324834 0.674966
0.125858 9.9991E-05 0.0302111 0.843831
0.138533 9.9982E-05 9.9982E-05 0.861267
0.191016 9.9982E-05 9.9982E-05 0.808784
0.0121064 0.0261885 0.0513215 0.910384
0.00635259 0.0163841 0.977163 9.9991E-05
0.0180307 0.00561172 0.969318 0.00704
0.0609486 9.9991E-05 0.0405526 0.898399
0.403788 0.0942551 9.9991E-05 0.501857
9.9991E-05 0.723957 0.0438458 0.232097
0.0995527 0.900247 9.9982E-05 9.9982E-05
0.171131 9.9982E-05 9.9982E-05 0.828669
9.9982E-05 0.993937 0.00586271 9.9982E-05
0.0544528 9.9982E-05 9.9982E-05 0.945347
0.382773 0.431193 0.0591145 0.12692
0.0860484 0.913752 9.9982E-05 9.9982E-05
9.998E-05 9.998E-05 0.9997 9.998E-05
9.998E-05 9.998E-05 0.9997 9.998E-05
0.113246 9.9982E-05 9.9982E-05 0.886554
9.998E-05 9.998E-05 0.9997 9.998E-05
9.998E-05 9.998E-05 0.9997 9.998E-05
0.059913 0.0359826 0.904004 9.9991E-05
0.0543692 0.0178297 0.927701 9.9991E-05
9.99821E-05 9.99821E-05 0.569696 0.430104
0.0232274 9.9982E-05 0.976573 9.9982E-05
9.9982E-05 9.9982E-05 0.814228 0.185572
0.273076 9.9991E-05 0.0592833 0.667541
0.00156879 9.9982E-05 0.998231 9.9982E-05
0.0532457 9.9991E-05 0.0490785 0.897576
0.0300104 0.0408205 0.146309 0.78286
0.433811 0.0738774 0.108583 0.383728
0.109903 9.9991E-05 0.10245 0.787547
0.133022 9.9991E-05 0.0764793 0.790399
0.111612 0.0294599 9.9991E-05 0.858828
9.998E-05 9.998E-05 9.998E-05 0.9997
0.151843 9.9982E-05 9.9982E-05 0.847957
0.175511 0.100318 9.9991E-05 0.724071
0.100803 0.0340416 0.12631 0.738845
0.142497 9.9991E-05 0.149663 0.70774
9.99822E-05 0.0398138 9.99822E-05 0.959986
9.9991E-05 0.0329615 0.837212 0.129726
9.9991E-05 0.038393 0.801579 0.159928
9.9991E-05 0.0304084 0.802336 0.167156
9.9991E-05 0.040827 0.808843 0.15023
9.9991E-05 0.00715603 0.846993 0.145751
9.9991E-05 0.0588868 0.738047 0.202966
9.9982E-05 9.9982E-05 0.763342 0.236458
9.998E-05 9.998E-05 9.998E-05 0.9997
9.9982E-05 9.9982E-05 0.542963 0.456837
0.00371697 9.9982E-05 0.996083 9.9982E-05
0.0701748 9.99821E-05 9.99821E-05 0.929625
0.0261117 9.9991E-05 0.0856598 0.888128
9.99822E-05 0.0269485 9.99822E-05 0.972852
0.00766787 9.9982E-05 9.9982E-05 0.992132
0.0848199 0.0149347 9.9991E-05 0.900145
9.99821E-05 0.933536 9.99821E-05 0.0662637
9.998E-05 9.998E-05 0.9997 9.998E-05
0.00269409 0.040375 0.463163 0.493768
9.998E-05 9.998E-05 0.9997 9.998E-05
9.9982E-05 9.9982E-05 0.999534 0.000266233
9.998E-05 9.998E-05 0.9997 9.998E-05
9.9982E-05 0.000765523 0.999035 9.9982E-05
0.0387687 9.9991E-05 0.940134 0.0209968
0.00972904 9.9982E-05 0.990071 9.9982E-05
9.99821E-05 9.99821E-05 0.940787 0.0590133
9.99911E-05 0.0448978 0.834345 0.120657
0.00772026 9.9982E-05 0.99208 9.9982E-05
0.0575405 9.9991E-05 0.165537 0.776822
0.0564781 9.9991E-05 0.138721 0.804701
0.9997 9.998E-05 9.998E-05 9.998E-05
0.9997 9.998E-05 9.998E-05 9.998E-05
0.111323 9.9991E-05 0.0692842 0.819292
0.0572282 0.00367482 9.9991E-05 0.938997
0.9997 9.998E-05 9.998E-05 9.998E-05
0.9997 9.998E-05 9.998E-05 9.998E-05
9.998E-05 9.998E-05 9.998E-05 0.9997
0.0144556 0.0485353 0.0404856 0.896524
9.9982E-05 9.9982E-05 0.550671 0.449129
0.301334 0.115895 0.0433104 0.53946
0.334493 0.063592 9.9991E-05 0.601815
0.0665936 0.044373 0.888933 9.9991E-05
