0.943986 9.99549E-05 9.99549E-05 9.99549E-05 9.99549E-05 9.99549E-05 0.0461798 0.00933411
0.199248 0.277639 0.309843 9.9982E-05 9.9982E-05 0.093327 0.11319 0.00655302
9.997E-05 0.0988921 0.733223 0.0440228 9.997E-05 0.0519403 9.997E-05 0.0716217
9.9946E-05 9.9946E-05 0.984504 9.9946E-05 9.9946E-05 9.9946E-05 9.9946E-05 0.0148958
0.0208347 0.220149 0.456459 9.99731E-05 9.99731E-05 0.137401 0.164858 9.99731E-05
0.0109265 9.9955E-05 0.968357 9.9955E-05 9.9955E-05 9.9955E-05 0.0202171 9.9955E-05
9.994E-05 0.9993 9.994E-05 9.994E-05 9.994E-05 9.994E-05 9.994E-05 9.994E-05
9.9973E-05 0.130683 0.458698 9.9973E-05 9.9973E-05 0.28334 0.118874 0.00810431
9.994E-05 0.9993 9.994E-05 9.994E-05 9.994E-05 9.994E-05 9.994E-05 9.994E-05
9.9946E-05 0.0984973 9.9946E-05 9.9946E-05 9.9946E-05 9.9946E-05 0.900903 9.9946E-05
9.99461E-05 0.0777239 9.99461E-05 9.99461E-05 9.99461E-05 9.99461E-05 0.921676 9.99461E-05
0.690707 9.996E-05 0.0441249 9.996E-05 0.145768 9.996E-05 9.996E-05 0.119
9.99461E-05 0.0550996 9.99461E-05 9.99461E-05 0.944301 9.99461E-05 9.99461E-05 9.99461E-05
0.0435821 9.9955E-05 0.9377 0.0182178 9.9955E-05 9.9955E-05 9.9955E-05 9.9955E-05
0.0732038 9.9946E-05 0.926197 9.9946E-05 9.9946E-05 9.9946E-05 9.9946E-05 9.9946E-05
0.135534 0.231788 9.99729E-05 9.99729E-05 0.294985 9.99729E-05 0.335391 0.00200151
0.0127182 9.9982E-05 0.00907607 0.0699699 0.249234 9.9982E-05 0.382866 0.275936
0.0813755 0.0138863 9.9973E-05 0.681641 9.9973E-05 0.0130006 0.209796 9.9973E-05
9.9955E-05 9.9955E-05 9.9955E-05 0.927433 0.00958254 9.9955E-05 9.9955E-05 0.0624845
0.152358 9.9964E-05 9.9964E-05 9.9964E-05 0.0894375 9.9964E-05 0.698544 0.0592612
9.9946E-05 9.9946E-05 0.00802645 0.991374 9.9946E-05 9.9946E-05 9.9946E-05 9.9946E-05
0.565996 0.00851091 9.9973E-05 9.9973E-05 0.163634 9.9973E-05 0.256541 0.0050181
9.9973E-05 9.9973E-05 0.0107973 0.368487 9.9973E-05 0.00454698 0.300325 0.315544
9.99459E-05 9.99459E-05 9.99459E-05 0.920843 9.99459E-05 9.99459E-05 9.99459E-05 0.0785577
9.994E-05 9.994E-05 0.9993 9.994E-05 9.994E-05 9.994E-05 9.994E-05 9.994E-05
9.994E-05 9.994E-05 0.9993 9.994E-05 9.994E-05 9.994E-05 9.994E-05 9.994E-05
0.106718 9.99639E-05 9.99639E-05 9.99639E-05 0.827459 9.99639E-05 0.0287298 0.0366937
9.99549E-05 0.0482284 0.926546 9.99549E-05 9.99549E-05 0.024726 9.99549E-05 9.99549E-05
9.9964E-05 0.0541954 0.904985 9.9964E-05 0.0014614 0.0389579 9.9964E-05 9.9964E-05
9.996E-05 9.996E-05 0.662335 0.0197949 0.0447101 0.27276 9.996E-05 9.996E-05
9.99731E-05 9.99731E-05 0.656931 9.99731E-05 0.0056555 0.286579 0.0252028 0.0253323
0.1475 0.402028 0.0953381 9.99731E-05 9.99731E-05 0.344826 9.99731E-05 0.0100081
9.99461E-05 0.0196814 0.979719 9.99461E-05 9.99461E-05 9.99461E-05 9.99461E-05 9.99461E-05
0.0237985 0.0564882 0.0893514 9.99641E-05 9.99641E-05 0.829962 9.99641E-05 9.99641E-05
0.040868 9.99729E-05 0.0544886 9.99729E-05 0.619638 9.99729E-05 0.0904527 0.194253
9.99639E-05 0.0183261 0.963105 9.99639E-05 0.0146852 9.99639E-05 9.99639E-05 0.0034835
0.990803 9.9946E-05 0.00859711 9.9946E-05 9.9946E-05 9.9946E-05 9.9946E-05 9.9946E-05
0.136346 0.0707272 0.0595288 9.9973E-05 9.9973E-05 0.00845146 0.724646 9.9973E-05
9.9973E-05 9.9973E-05 0.129865 0.0564763 0.196828 9.9973E-05 0.292712 0.323819
0.290229 9.99549E-05 0.122009 9.99549E-05 9.99549E-05 9.99549E-05 0.587262 9.99549E-05
0.319401 0.00588123 0.0710781 9.99639E-05 9.99639E-05 9.99639E-05 0.60324 9.99639E-05
9.994E-05 9.994E-05 9.994E-05 9.994E-05 9.994E-05 9.994E-05 0.9993 9.994E-05
0.212464 0.389292 9.99639E-05 9.99639E-05 0.131727 9.99639E-05 0.266118 9.99639E-05
9.9946E-05 9.9946E-05 9.9946E-05 9.9946E-05 0.0476765 9.9946E-05 0.951724 9.9946E-05
0.064339 9.9973E-05 9.9973E-05 0.089376 0.187395 9.9973E-05 0.535642 0.122948
0.110695 0.0186294 0.0780453 0.00980714 0.0534254 0.0068964 0.697073 0.0254293
0.193062 9.9982E-05 0.0938781 9.9982E-05 0.206792 0.048197 0.371315 0.0865557
0.99173 9.99464E-05 9.99464E-05 0.00767052 9.99464E-05 9.99464E-05 9.99464E-05 9.99464E-05
9.994E-05 9.994E-05 9.994E-05 9.994E-05 9.994E-05 0.9993 9.994E-05 9.994E-05
9.994E-05 9.994E-05 9.994E-05 9.994E-05 9.994E-05 0.9993 9.994E-05 9.994E-05
9.994E-05 9.994E-05 9.994E-05 9.994E-05 9.994E-05 0.9993 9.994E-05 9.994E-05
9.994E-05 9.994E-05 0.0170996 9.994E-05 9.994E-05 0.982301 9.994E-05 9.994E-05
9.994E-05 9.994E-05 9.994E-05 9.994E-05 9.994E-05 0.9993 9.994E-05 9.994E-05
9.99731E-05 0.146237 0.24595 0.0458417 9.99731E-05 0.517353 0.0443192 9.99731E-05
0.0243932 9.99459E-05 9.99459E-05 9.99459E-05 9.99459E-05 0.975007 9.99459E-05 9.99459E-05
0.879961 0.0483759 9.99639E-05 9.99639E-05 0.0650109 9.99639E-05 0.00625267 9.99639E-05
0.149124 0.451246 0.0681179 9.99729E-05 9.99729E-05 0.299279 9.99729E-05 0.0319334
9.9946E-05 9.9946E-05 0.97121 9.9946E-05 9.9946E-05 9.9946E-05 0.02819 9.9946E-05
0.132929 0.0193425 9.9973E-05 9.9973E-05 0.797535 0.00408385 9.9973E-05 0.0458089
0.263457 0.321738 9.9973E-05 9.9973E-05 0.210466 9.9973E-05 0.176686 0.0273537
9.994E-05 9.994E-05 9.994E-05 9.994E-05 0.9993 9.994E-05 9.994E-05 9.994E-05
9.99459E-05 9.99459E-05 9.99459E-05 9.99459E-05 0.93366 9.99459E-05 0.0657403 9.99459E-05
9.99549E-05 9.99549E-05 9.99549E-05 9.99549E-05 0.881251 9.99549E-05 0.0755402 0.042709
0.106538 9.99461E-05 9.99461E-05 0.892862 9.99461E-05 9.99461E-05 9.99461E-05 9.99461E-05
9.994E-05 9.994E-05 0.9993 9.994E-05 9.994E-05 9.994E-05 9.994E-05 9.994E-05
0.121388 0.0800351 0.304169 0.0646928 0.0586918 0.174666 0.196257 9.999E-05
9.99641E-05 0.00692331 0.927886 9.99641E-05 0.0347597 0.0300309 9.99641E-05 9.99641E-05
0.0439883 9.9955E-05 0.912986 9.9955E-05 9.9955E-05 0.0425261 9.9955E-05 9.9955E-05
9.9955E-05 0.0746801 0.902696 9.9955E-05 9.9955E-05 0.0221237 9.9955E-05 9.9955E-05
9.99565E-05 0.0654245 0.929514 0.00456141 9.99565E-05 9.99565E-05 9.99565E-05 9.99565E-05
0.0128833 9.99551E-05 0.928784 9.99551E-05 9.99551E-05 9.99551E-05 0.0578332 9.99551E-05
9.9946E-05 9.9946E-05 0.996232 9.9946E-05 9.9946E-05 9.9946E-05 9.9946E-05 0.00316832
9.99552E-05 0.15288 0.505621 9.99552E-05 9.99552E-05 0.340999 9.99552E-05 9.99552E-05
9.99552E-05 0.363996 0.468653 9.99552E-05 9.99552E-05 0.166851 9.99552E-05 9.99552E-05
0.0423756 9.9955E-05 0.952439 9.9955E-05 9.9955E-05 9.9955E-05 0.00468568 9.9955E-05
0.161707 0.462758 0.0101306 9.99729E-05 9.99729E-05 9.99729E-05 0.283274 0.0818303
0.148072 0.461944 9.99819E-05 9.99819E-05 0.0296329 0.000376642 0.311254 0.0485199
9.994E-05 9.994E-05 9.994E-05 9.994E-05 9.994E-05 9.994E-05 9.994E-05 0.9993
9.994E-05 9.994E-05 9.994E-05 9.994E-05 9.994E-05 9.994E-05 9.994E-05 0.9993
0.0317607 9.9964E-05 0.0209971 9.9964E-05 9.9964E-05 0.0110743 0.935768 9.9964E-05
0.0781448 0.038918 9.9964E-05 9.9964E-05 0.034884 9.9964E-05 0.847653 9.9964E-05
9.9946E-05 0.0116867 9.9946E-05 9.9946E-05 9.9946E-05 9.9946E-05 9.9946E-05 0.987714
9.994E-05 9.994E-05 9.994E-05 9.994E-05 9.994E-05 9.994E-05 9.994E-05 0.9993
0.940874 9.99459E-05 9.99459E-05 9.99459E-05 0.0585265 9.99459E-05 9.99459E-05 9.99459E-05
0.107857 0.286048 9.997E-05 0.0430948 0.160432 9.997E-05 0.402268 9.997E-05
0.112843 0.490641 0.0507946 9.99639E-05 9.99639E-05 0.345322 9.99639E-05 9.99639E-05
9.99731E-05 9.99731E-05 0.0389197 0.12706 0.306171 9.99731E-05 0.336525 0.191025
0.157322 9.99731E-05 0.00128312 0.0643013 0.475897 9.99731E-05 9.99731E-05 0.300896
9.99713E-05 0.101853 0.612798 0.0368566 9.99713E-05 0.248093 9.99713E-05 9.99713E-05
