0.942835 9.99549E-05 9.99549E-05 9.99549E-05 0.0434838 0.0131815 9.99549E-05 9.99549E-05
0.142435 0.595975 9.99729E-05 9.99729E-05 0.00931136 0.0594178 0.192561 9.99729E-05
9.99732E-05 0.0864278 0.0591747 9.99732E-05 9.99732E-05 0.00739242 0.802193 0.0445126
9.9955E-05 9.9955E-05 9.9955E-05 9.9955E-05 0.0122632 0.0356106 0.951626 9.9955E-05
0.0656518 0.340606 9.99731E-05 0.0873725 0.0925147 9.99731E-05 0.413555 9.99731E-05
9.9946E-05 9.9946E-05 9.9946E-05 9.9946E-05 9.9946E-05 0.0128751 0.986525 9.9946E-05
9.9946E-05 0.761155 9.9946E-05 9.9946E-05 9.9946E-05 9.9946E-05 9.9946E-05 0.238245
9.9964E-05 0.303692 9.9964E-05 0.212695 0.0971635 9.9964E-05 0.386049 9.9964E-05
9.99459E-05 0.803408 9.99459E-05 9.99459E-05 9.99459E-05 9.99459E-05 9.99459E-05 0.195992
9.99461E-05 0.0937942 9.99461E-05 9.99461E-05 0.905606 9.99461E-05 9.99461E-05 9.99461E-05
9.99461E-05 0.0655942 9.99461E-05 9.99461E-05 0.933806 9.99461E-05 9.99461E-05 9.99461E-05
0.651511 9.9964E-05 9.9964E-05 9.9964E-05 9.9964E-05 0.144352 0.0133954 0.190342
9.994E-05 9.994E-05 9.994E-05 9.994E-05 9.994E-05 9.994E-05 9.994E-05 0.9993
0.0367274 9.9964E-05 0.00860997 9.9964E-05 9.9964E-05 0.00728512 0.946978 9.9964E-05
0.0373011 9.9946E-05 9.9946E-05 9.9946E-05 9.9946E-05 9.9946E-05 0.962099 9.9946E-05
0.0486825 0.0202015 9.9973E-05 9.9973E-05 0.567804 9.9973E-05 0.0323894 0.330623
0.0130295 9.9973E-05 0.0487331 9.9973E-05 0.432885 0.312747 9.9973E-05 0.192305
0.0695299 9.99639E-05 0.713669 0.0461954 0.170205 9.99639E-05 9.99639E-05 9.99639E-05
9.9946E-05 9.9946E-05 0.920448 9.9946E-05 9.9946E-05 0.0789525 9.9946E-05 9.9946E-05
0.14117 9.9955E-05 9.9955E-05 9.9955E-05 0.792151 0.0661789 9.9955E-05 9.9955E-05
9.994E-05 9.994E-05 0.9993 9.994E-05 9.994E-05 9.994E-05 9.994E-05 9.994E-05
0.541654 9.9964E-05 9.9964E-05 9.9964E-05 0.348331 0.0255489 9.9964E-05 0.0840663
9.9973E-05 9.9973E-05 0.395517 0.0386601 0.211174 0.344245 0.0101043 9.9973E-05
9.9955E-05 9.9955E-05 0.916123 9.9955E-05 0.002323 0.0810539 9.9955E-05 9.9955E-05
9.99551E-05 9.99551E-05 9.99551E-05 0.0117691 9.99551E-05 9.99551E-05 0.983835 0.0038961
9.994E-05 9.994E-05 9.994E-05 9.994E-05 9.994E-05 9.994E-05 0.9993 9.994E-05
0.0890419 9.99639E-05 9.99639E-05 9.99639E-05 0.0733657 0.0705893 9.99639E-05 0.766603
9.9955E-05 0.0250651 9.9955E-05 0.0260474 9.9955E-05 9.9955E-05 0.948388 9.9955E-05
9.9964E-05 0.0107954 9.9964E-05 0.0562473 9.9964E-05 9.9964E-05 0.924788 0.00776893
9.99821E-05 0.0347946 0.0315599 0.212421 9.99821E-05 0.00492331 0.682184 0.0339168
9.99641E-05 0.130996 9.99641E-05 0.207936 9.99641E-05 0.0552736 0.605395 9.99641E-05
0.0572142 0.843807 9.9964E-05 0.0914937 9.9964E-05 0.00708539 9.9964E-05 9.9964E-05
9.994E-05 9.994E-05 9.994E-05 9.994E-05 9.994E-05 9.994E-05 0.9993 9.994E-05
9.99551E-05 0.0873271 9.99551E-05 0.77469 9.99551E-05 9.99551E-05 0.137484 9.99551E-05
0.0467085 9.99819E-05 9.99819E-05 0.0331196 0.120926 0.201031 0.0299615 0.568053
0.0183991 0.0204866 9.99639E-05 9.99639E-05 9.99639E-05 9.99639E-05 0.94093 0.0197848
0.964053 9.9946E-05 9.9946E-05 9.9946E-05 9.9946E-05 9.9946E-05 0.0353477 9.9946E-05
0.115941 0.171491 0.0130221 0.0013272 0.680698 9.9982E-05 0.0173201 9.9982E-05
9.99731E-05 9.99731E-05 0.0368202 9.99731E-05 0.270455 0.362459 0.125907 0.204059
0.210722 9.99549E-05 9.99549E-05 9.99549E-05 0.678369 9.99549E-05 0.110409 9.99549E-05
0.233672 9.9973E-05 0.00640664 9.9973E-05 0.689367 0.00456446 0.0656897 9.9973E-05
9.994E-05 9.994E-05 9.994E-05 9.994E-05 0.9993 9.994E-05 9.994E-05 9.994E-05
0.0904677 0.163683 9.99639E-05 9.99639E-05 0.512607 9.99639E-05 9.99639E-05 0.232842
0.0104068 9.9955E-05 9.9955E-05 9.9955E-05 0.974196 0.0148972 9.9955E-05 9.9955E-05
0.0238003 0.0454036 0.117823 9.9982E-05 0.560702 0.0883793 9.9982E-05 0.163692
0.144023 0.0216859 0.022553 9.9991E-05 0.681333 0.00116145 0.0525209 0.0766222
0.239688 9.9982E-05 9.9982E-05 0.0238468 0.314315 0.0931267 0.10812 0.220704
0.9993 9.994E-05 9.994E-05 9.994E-05 9.994E-05 9.994E-05 9.994E-05 9.994E-05
9.994E-05 9.994E-05 9.994E-05 0.9993 9.994E-05 9.994E-05 9.994E-05 9.994E-05
9.9955E-05 9.9955E-05 9.9955E-05 0.987827 0.0096301 0.00204322 9.9955E-05 9.9955E-05
9.9946E-05 9.9946E-05 9.9946E-05 0.984515 9.9946E-05 9.9946E-05 9.9946E-05 0.014885
9.994E-05 9.994E-05 9.994E-05 0.9993 9.994E-05 9.994E-05 9.994E-05 9.994E-05
9.994E-05 9.994E-05 9.994E-05 0.9993 9.994E-05 9.994E-05 9.994E-05 9.994E-05
9.99821E-05 0.200408 0.0298717 0.424556 0.0576606 9.99821E-05 0.265787 0.0215169
0.0307946 0.0168034 9.9955E-05 0.951902 9.9955E-05 9.9955E-05 9.9955E-05 9.9955E-05
0.845077 9.99549E-05 9.99549E-05 9.99549E-05 0.0517692 9.99549E-05 9.99549E-05 0.102654
0.0668801 0.770196 9.99729E-05 0.134264 9.99729E-05 0.0254964 0.00286351 9.99729E-05
0.0174034 9.99549E-05 9.99549E-05 9.99549E-05 9.99549E-05 0.000435505 0.981661 9.99549E-05
0.0888432 9.9973E-05 9.9973E-05 0.00904839 9.9973E-05 0.0213501 0.00134185 0.879117
0.120218 9.99641E-05 9.99641E-05 9.99641E-05 0.500739 9.99641E-05 0.0718543 0.306789
9.994E-05 9.994E-05 9.994E-05 9.994E-05 9.994E-05 9.994E-05 9.994E-05 0.9993
9.99459E-05 9.99459E-05 9.99459E-05 9.99459E-05 0.0901534 9.99459E-05 9.99459E-05 0.909247
9.99639E-05 9.99639E-05 0.000134841 9.99639E-05 0.160792 0.0559422 9.99639E-05 0.782732
0.0759918 9.99551E-05 0.912947 0.0105612 9.99551E-05 9.99551E-05 9.99551E-05 9.99551E-05
9.994E-05 9.994E-05 9.994E-05 9.994E-05 9.994E-05 9.994E-05 0.9993 9.994E-05
0.156769 0.101394 0.0530485 0.11194 0.262811 0.0360615 0.230946 0.0470305
9.99552E-05 9.99552E-05 9.99552E-05 0.00157127 9.99552E-05 9.99552E-05 0.977161 0.0207684
0.0375925 9.9955E-05 9.9955E-05 0.0150198 9.9955E-05 9.9955E-05 0.946888 9.9955E-05
9.9955E-05 0.0194714 9.9955E-05 0.0331417 9.9955E-05 9.9955E-05 0.946887 9.9955E-05
0.0199361 0.0701745 0.00892853 0.0717944 9.9973E-05 9.9973E-05 0.828866 9.9973E-05
0.0182435 0.0628167 9.99641E-05 9.99641E-05 0.03424 9.99641E-05 0.8843 9.99641E-05
9.99459E-05 9.99459E-05 9.99459E-05 9.99459E-05 9.99459E-05 0.0214474 0.977953 9.99459E-05
9.99552E-05 0.256673 9.99552E-05 0.282573 9.99552E-05 9.99552E-05 0.460254 9.99552E-05
9.996E-05 0.370856 9.996E-05 0.097017 9.996E-05 9.996E-05 0.473106 0.0586212
9.9955E-05 9.9955E-05 9.9955E-05 9.9955E-05 0.0286567 9.9955E-05 0.966317 0.00452676
0.0560051 0.167101 9.9982E-05 9.9982E-05 0.585211 0.034797 0.0600213 0.0966643
0.0461204 0.1575 9.9991E-05 0.0182686 0.621321 0.00128968 0.0365246 0.118876
9.994E-05 9.994E-05 9.994E-05 9.994E-05 9.994E-05 0.9993 9.994E-05 9.994E-05
9.994E-05 9.994E-05 9.994E-05 9.994E-05 9.994E-05 0.9993 9.994E-05 9.994E-05
0.0189931 0.0228674 9.9955E-05 9.9955E-05 0.95764 9.9955E-05 9.9955E-05 9.9955E-05
0.00163593 0.0171473 9.9964E-05 9.9964E-05 0.923135 9.9964E-05 9.9964E-05 0.0576822
9.9946E-05 0.00947894 9.9946E-05 9.9946E-05 9.9946E-05 0.989921 9.9946E-05 9.9946E-05
9.994E-05 9.994E-05 9.994E-05 9.994E-05 9.994E-05 0.9993 9.994E-05 9.994E-05
0.949055 9.99549E-05 9.99549E-05 0.0102745 9.99549E-05 9.99549E-05 9.99549E-05 0.040171
9.9964E-05 0.133419 0.0436504 9.9964E-05 0.561104 9.9964E-05 9.9964E-05 0.261427
0.072785 0.766432 9.99548E-05 0.160283 9.99548E-05 9.99548E-05 9.99548E-05 9.99548E-05
9.99731E-05 9.99731E-05 0.125688 9.99731E-05 0.251202 0.210649 0.0542797 0.357882
0.160505 9.99731E-05 0.0624293 9.99731E-05 0.0017664 0.313927 9.99731E-05 0.461072
9.99731E-05 0.200356 0.0167688 0.166551 9.99731E-05 0.0346103 0.581414 9.99731E-05
