9.99008E-05 9.99008E-05 9.99008E-05 9.99008E-05 0.0243857 0.00478238 9.99008E-05 9.99008E-05 9.99008E-05 0.0424144 0.927319 9.99008E-05 9.99008E-05 9.99008E-05 9.99008E-05
9.99189E-05 9.99189E-05 0.726255 9.99189E-05 0.0213769 9.99189E-05 9.99189E-05 9.99189E-05 0.162252 0.00603281 0.0706235 0.0125602 9.99189E-05 9.99189E-05 9.99189E-05
9.98742E-05 9.98742E-05 9.98742E-05 9.98742E-05 9.98742E-05 9.98742E-05 9.98742E-05 9.98742E-05 9.98742E-05 9.98742E-05 9.98742E-05 9.98742E-05 9.98742E-05 0.998602 9.98742E-05
0.0280835 9.99191E-05 9.99191E-05 0.00491047 9.99191E-05 0.0326434 9.99191E-05 9.99191E-05 0.872138 9.99191E-05 9.99191E-05 9.99191E-05 9.99191E-05 0.0050391 0.0562864
0.0487578 9.99282E-05 0.129771 0.247973 9.99282E-05 9.99282E-05 0.0833823 9.99282E-05 0.34949 0.076276 9.99282E-05 0.0635505 9.99282E-05 9.99282E-05 9.99282E-05
9.98831E-05 9.98831E-05 9.98831E-05 9.98831E-05 9.98831E-05 9.98831E-05 9.98831E-05 0.00500988 0.993692 9.98831E-05 9.98831E-05 9.98831E-05 9.98831E-05 9.98831E-05 9.98831E-05
9.98741E-05 9.98741E-05 9.98741E-05 0.998602 9.98741E-05 9.98741E-05 9.98741E-05 9.98741E-05 9.98741E-05 9.98741E-05 9.98741E-05 9.98741E-05 9.98741E-05 9.98741E-05 9.98741E-05
0.0658771 9.99279E-05 0.121342 9.99279E-05 0.0173648 9.99279E-05 0.632421 9.99279E-05 0.0399218 0.0894927 9.99279E-05 9.99279E-05 9.99279E-05 9.99279E-05 0.0327808
0.0156236 9.9892E-05 0.0198716 0.963306 9.9892E-05 9.9892E-05 9.9892E-05 9.9892E-05 9.9892E-05 9.9892E-05 9.9892E-05 9.9892E-05 9.9892E-05 9.9892E-05 9.9892E-05
9.98831E-05 9.98831E-05 9.98831E-05 0.13942 9.98831E-05 9.98831E-05 9.98831E-05 9.98831E-05 9.98831E-05 0.859282 9.98831E-05 9.98831E-05 9.98831E-05 9.98831E-05 9.98831E-05
9.98831E-05 9.98831E-05 9.98831E-05 0.159954 9.98831E-05 9.98831E-05 9.98831E-05 9.98831E-05 9.98831E-05 0.838747 9.98831E-05 9.98831E-05 9.98831E-05 9.98831E-05 9.98831E-05
9.991E-05 9.991E-05 9.991E-05 9.991E-05 0.144062 9.991E-05 9.991E-05 9.991E-05 9.991E-05 9.991E-05 0.634456 9.991E-05 0.175125 0.0266373 0.0187204
9.98833E-05 9.98833E-05 9.98833E-05 9.98833E-05 9.98833E-05 9.98833E-05 0.0250354 9.98833E-05 9.98833E-05 9.98833E-05 9.98833E-05 9.98833E-05 0.973666 9.98833E-05 9.98833E-05
9.99011E-05 0.0227025 0.0186025 9.99011E-05 9.99011E-05 9.99011E-05 9.99011E-05 9.99011E-05 0.955515 9.99011E-05 0.00208092 9.99011E-05 9.99011E-05 9.99011E-05 9.99011E-05
9.98921E-05 0.00708337 9.98921E-05 9.98921E-05 9.98921E-05 9.98921E-05 9.98921E-05 9.98921E-05 0.97172 9.98921E-05 0.019998 9.98921E-05 9.98921E-05 9.98921E-05 9.98921E-05
9.9901E-05 9.9901E-05 9.9901E-05 9.9901E-05 9.9901E-05 0.790332 9.9901E-05 9.9901E-05 9.9901E-05 0.00657453 9.9901E-05 0.0475024 0.154492 9.9901E-05 9.9901E-05
9.98919E-05 9.98919E-05 9.98919E-05 9.98919E-05 9.98919E-05 0.00126164 9.98919E-05 9.98919E-05 9.98919E-05 0.0584658 9.98919E-05 0.939074 9.98919E-05 9.98919E-05 9.98919E-05
0.023395 0.736888 0.0462317 9.99188E-05 9.99188E-05 0.025495 9.99188E-05 9.99188E-05 9.99188E-05 0.130561 0.0365299 9.99188E-05 9.99188E-05 9.99188E-05 9.99188E-05
9.98921E-05 0.778521 9.98921E-05 9.98921E-05 0.0588954 9.98921E-05 9.98921E-05 0.161385 9.98921E-05 9.98921E-05 9.98921E-05 9.98921E-05 9.98921E-05 9.98921E-05 9.98921E-05
9.99098E-05 9.99098E-05 9.99098E-05 9.99098E-05 0.00119425 0.339674 9.99098E-05 9.99098E-05 9.99098E-05 0.422824 0.0911327 0.144176 9.99098E-05 9.99098E-05 9.99098E-05
9.98831E-05 0.997997 9.98831E-05 9.98831E-05 9.98831E-05 9.98831E-05 9.98831E-05 9.98831E-05 9.98831E-05 9.98831E-05 9.98831E-05 9.98831E-05 9.98831E-05 0.000704134 9.98831E-05
9.99189E-05 9.99189E-05 0.0101547 9.99189E-05 9.99189E-05 0.300462 9.99189E-05 9.99189E-05 9.99189E-05 0.0752893 0.449735 0.125731 0.0377285 9.99189E-05 9.99189E-05
9.991E-05 0.430509 9.991E-05 9.991E-05 0.205337 9.991E-05 9.991E-05 9.991E-05 9.991E-05 0.164695 9.991E-05 0.191251 9.991E-05 0.00720834 9.991E-05
9.9901E-05 0.91743 9.9901E-05 9.9901E-05 0.0016271 9.9901E-05 9.9901E-05 9.9901E-05 9.9901E-05 0.0510205 9.9901E-05 0.0288238 9.9901E-05 9.9901E-05 9.9901E-05
9.98832E-05 9.98832E-05 9.98832E-05 9.98832E-05 9.98832E-05 9.98832E-05 9.98832E-05 9.98832E-05 0.453583 9.98832E-05 9.98832E-05 9.98832E-05 9.98832E-05 9.98832E-05 0.545119
0.018528 9.98922E-05 9.98922E-05 9.98922E-05 9.98922E-05 9.98922E-05 9.98922E-05 9.98922E-05 0.826071 9.98922E-05 9.98922E-05 9.98922E-05 9.98922E-05 9.98922E-05 0.154203
9.99098E-05 9.99098E-05 9.99098E-05 9.99098E-05 0.0521143 9.99098E-05 9.99098E-05 9.99098E-05 9.99098E-05 0.0420641 0.0779134 0.037619 0.78929 9.99098E-05 9.99098E-05
9.98741E-05 9.98741E-05 9.98741E-05 9.98741E-05 9.98741E-05 9.98741E-05 9.98741E-05 9.98741E-05 9.98741E-05 9.98741E-05 9.98741E-05 9.98741E-05 9.98741E-05 9.98741E-05 0.998602
9.9892E-05 9.9892E-05 9.9892E-05 9.9892E-05 9.9892E-05 9.9892E-05 9.9892E-05 9.9892E-05 9.9892E-05 9.9892E-05 9.9892E-05 9.9892E-05 0.010608 0.00630346 0.98189
0.11299 9.99282E-05 0.0282322 9.99282E-05 9.99282E-05 9.99282E-05 0.182931 0.0484348 0.289383 9.99282E-05 9.99282E-05 0.0216098 9.99282E-05 9.99282E-05 0.31562
0.0876496 9.99189E-05 9.99189E-05 9.99189E-05 0.0449677 9.99189E-05 0.437292 9.99189E-05 0.249901 9.99189E-05 9.99189E-05 0.0455737 9.99189E-05 9.99189E-05 0.133716
9.98744E-05 9.98744E-05 0.998602 9.98744E-05 9.98744E-05 9.98744E-05 9.98744E-05 9.98744E-05 9.98744E-05 9.98744E-05 9.98744E-05 9.98744E-05 9.98744E-05 9.98744E-05 9.98744E-05
9.99012E-05 9.99012E-05 9.99012E-05 9.99012E-05 9.99012E-05 9.99012E-05 0.140628 9.99012E-05 0.554832 9.99012E-05 9.99012E-05 0.0005283 9.99012E-05 9.99012E-05 0.302913
0.722322 9.99012E-05 0.0359747 9.99012E-05 9.99012E-05 9.99012E-05 0.228991 9.99012E-05 9.99012E-05 9.99012E-05 9.99012E-05 9.99012E-05 9.99012E-05 0.0116135 9.99012E-05
9.99187E-05 9.99187E-05 9.99187E-05 9.99187E-05 0.0834961 9.99187E-05 0.0337445 9.99187E-05 9.99187E-05 9.99187E-05 0.0217913 0.353077 0.486772 9.99187E-05 0.0202204
9.99009E-05 9.99009E-05 9.99009E-05 9.99009E-05 9.99009E-05 9.99009E-05 0.015482 9.99009E-05 0.468517 9.99009E-05 9.99009E-05 0.0237325 9.99009E-05 9.99009E-05 0.49117
9.9892E-05 9.9892E-05 9.9892E-05 9.9892E-05 9.9892E-05 9.9892E-05 0.049942 9.9892E-05 9.9892E-05 9.9892E-05 0.946665 9.9892E-05 9.9892E-05 0.00219479 9.9892E-05
9.99279E-05 9.99279E-05 0.183354 9.99279E-05 9.99279E-05 9.99279E-05 0.00689493 0.0341845 9.99279E-05 0.67597 0.0634599 9.99279E-05 0.0173247 0.0180129 9.99279E-05
9.98827E-05 9.98827E-05 9.98827E-05 9.98827E-05 9.98827E-05 9.98827E-05 0.0497075 9.98827E-05 9.98827E-05 9.98827E-05 9.98827E-05 0.948994 9.98827E-05 9.98827E-05 9.98827E-05
9.99098E-05 9.99098E-05 9.99098E-05 9.99098E-05 9.99098E-05 0.230157 9.99098E-05 9.99098E-05 0.125573 0.262339 0.217667 0.163264 9.99098E-05 9.99098E-05 9.99098E-05
9.99288E-05 0.00351783 0.0398856 9.99288E-05 9.99288E-05 0.221709 9.99288E-05 9.99288E-05 0.0626472 0.257708 0.256935 0.156798 9.99288E-05 9.99288E-05 9.99288E-05
9.99009E-05 9.99009E-05 9.99009E-05 9.99009E-05 9.99009E-05 0.00574587 9.99009E-05 9.99009E-05 9.99009E-05 0.936376 0.0275177 0.0292612 9.99009E-05 9.99009E-05 9.99009E-05
9.99099E-05 0.0144314 9.99099E-05 0.067194 9.99099E-05 0.812294 9.99099E-05 9.99099E-05 9.99099E-05 9.99099E-05 0.0386701 9.99099E-05 0.0664118 9.99099E-05 9.99099E-05
9.9901E-05 9.9901E-05 9.9901E-05 9.9901E-05 9.9901E-05 9.9901E-05 9.9901E-05 9.9901E-05 9.9901E-05 0.932916 0.0221703 0.0399443 0.00387073 9.9901E-05 9.9901E-05
9.9937E-05 0.109664 0.0245139 9.9937E-05 0.100293 0.0758156 9.9937E-05 9.9937E-05 9.9937E-05 0.447291 0.051235 0.00176027 0.188729 9.9937E-05 9.9937E-05
9.9937E-05 9.9937E-05 0.00693356 9.9937E-05 0.024818 0.148797 9.9937E-05 0.0827808 0.094572 0.527231 0.110557 9.9937E-05 0.00361135 9.9937E-05 9.9937E-05
0.0452733 9.99369E-05 9.99369E-05 0.064345 9.99369E-05 9.99369E-05 9.99369E-05 0.0254906 0.0724019 0.246771 0.140067 0.310841 0.0941111 9.99369E-05 9.99369E-05
9.98838E-05 0.00722413 9.98838E-05 9.98838E-05 9.98838E-05 9.98838E-05 9.98838E-05 9.98838E-05 9.98838E-05 9.98838E-05 0.991477 9.98838E-05 9.98838E-05 9.98838E-05 9.98838E-05
0.998602 9.98741E-05 9.98741E-05 9.98741E-05 9.98741E-05 9.98741E-05 9.98741E-05 9.98741E-05 9.98741E-05 9.98741E-05 9.98741E-05 9.98741E-05 9.98741E-05 9.98741E-05 9.98741E-05
0.998602 9.98742E-05 9.98742E-05 9.98742E-05 9.98742E-05 9.98742E-05 9.98742E-05 9.98742E-05 9.98742E-05 9.98742E-05 9.98742E-05 9.98742E-05 9.98742E-05 9.98742E-05 9.98742E-05
0.990642 9.98832E-05 9.98832E-05 9.98832E-05 9.98832E-05 0.00805949 9.98832E-05 9.98832E-05 9.98832E-05 9.98832E-05 9.98832E-05 9.98832E-05 9.98832E-05 9.98832E-05 9.98832E-05
0.992098 0.00660317 9.98832E-05 9.98832E-05 9.98832E-05 9.98832E-05 9.98832E-05 9.98832E-05 9.98832E-05 9.98832E-05 9.98832E-05 9.98832E-05 9.98832E-05 9.98832E-05 9.98832E-05
0.998602 9.98742E-05 9.98742E-05 9.98742E-05 9.98742E-05 9.98742E-05 9.98742E-05 9.98742E-05 9.98742E-05 9.98742E-05 9.98742E-05 9.98742E-05 9.98742E-05 9.98742E-05 9.98742E-05
0.301385 0.0439173 0.0750058 0.0666808 9.99371E-05 0.0879844 0.249548 9.99371E-05 0.00674122 9.99371E-05 9.99371E-05 9.99371E-05 9.99371E-05 9.99371E-05 0.168037
0.932417 9.99011E-05 0.0444891 9.99011E-05 0.00118131 9.99011E-05 9.99011E-05 9.99011E-05 9.99011E-05 9.99011E-05 0.0208132 9.99011E-05 9.99011E-05 9.99011E-05 9.99011E-05
9.98919E-05 9.98919E-05 9.98919E-05 9.98919E-05 9.98919E-05 0.166243 9.98919E-05 9.98919E-05 9.98919E-05 9.98919E-05 0.806976 9.98919E-05 0.0255819 9.98919E-05 9.98919E-05
0.0238534 9.99099E-05 0.910211 0.027744 9.99099E-05 0.0224742 9.99099E-05 9.99099E-05 9.99099E-05 9.99099E-05 9.99099E-05 9.99099E-05 9.99099E-05 9.99099E-05 0.0147181
9.98801E-05 9.98801E-05 9.98801E-05 9.98801E-05 9.98801E-05 9.98801E-05 9.98801E-05 9.98801E-05 0.58178 9.98801E-05 9.98801E-05 0.00796205 9.98801E-05 9.98801E-05 0.409059
0.0111226 9.9919E-05 9.9919E-05 0.014204 0.0512088 0.062226 9.9919E-05 9.9919E-05 9.9919E-05 9.9919E-05 0.0459995 9.9919E-05 0.81434 9.9919E-05 9.9919E-05
9.98924E-05 9.98924E-05 9.98924E-05 9.98924E-05 9.98924E-05 0.923172 9.98924E-05 9.98924E-05 9.98924E-05 9.98924E-05 9.98924E-05 9.98924E-05 0.0729257 0.00270396 9.98924E-05
9.98924E-05 9.98924E-05 9.98924E-05 0.00854858 9.98924E-05 9.98924E-05 9.98924E-05 9.98924E-05 9.98924E-05 9.98924E-05 9.98924E-05 9.98924E-05 0.985028 0.00522518 9.98924E-05
9.98829E-05 9.98829E-05 9.98829E-05 9.98829E-05 9.98829E-05 9.98829E-05 9.98829E-05 9.98829E-05 9.98829E-05 0.109498 9.98829E-05 9.98829E-05 0.889203 9.98829E-05 9.98829E-05
9.99099E-05 0.00522857 9.99099E-05 9.99099E-05 0.0420963 9.99099E-05 9.99099E-05 9.99099E-05 9.99099E-05 0.119282 9.99099E-05 0.0197855 0.812609 9.99099E-05 9.99099E-05
9.9874E-05 9.9874E-05 9.9874E-05 9.9874E-05 9.9874E-05 9.9874E-05 9.9874E-05 0.998602 9.9874E-05 9.9874E-05 9.9874E-05 9.9874E-05 9.9874E-05 9.9874E-05 9.9874E-05
9.98925E-05 9.98925E-05 9.98925E-05 9.98925E-05 9.98925E-05 9.98925E-05 9.98925E-05 9.98925E-05 0.328969 9.98925E-05 9.98925E-05 9.98925E-05 9.98925E-05 0.0380707 0.631761
0.1478 9.99371E-05 0.073243 9.99371E-05 0.134857 9.99371E-05 9.99371E-05 9.99371E-05 9.99371E-05 0.0997804 0.118489 0.00753086 0.110308 9.99371E-05 0.307293
9.98922E-05 9.98922E-05 9.98922E-05 9.98922E-05 9.98922E-05 9.98922E-05 0.0326158 9.98922E-05 0.833625 9.98922E-05 9.98922E-05 9.98922E-05 9.98922E-05 0.13256 9.98922E-05
0.0452365 9.9928E-05 9.9928E-05 0.0328382 9.9928E-05 9.9928E-05 0.00571397 9.9928E-05 0.754245 9.9928E-05 0.00177153 0.00687057 9.9928E-05 9.9928E-05 0.152525
9.98831E-05 9.98831E-05 9.98831E-05 9.98831E-05 9.98831E-05 0.00489531 9.98831E-05 9.98831E-05 9.98831E-05 9.98831E-05 9.98831E-05 9.98831E-05 9.98831E-05 9.98831E-05 0.993806
9.98742E-05 9.98742E-05 9.98742E-05 9.98742E-05 9.98742E-05 9.98742E-05 9.98742E-05 9.98742E-05 9.98742E-05 9.98742E-05 9.98742E-05 9.98742E-05 9.98742E-05 9.98742E-05 0.998602
9.99102E-05 9.99102E-05 9.99102E-05 9.99102E-05 9.99102E-05 9.99102E-05 0.0840068 9.99102E-05 0.684313 0.0458217 9.99102E-05 0.00382 9.99102E-05 9.99102E-05 0.18104
9.98919E-05 9.98919E-05 9.98919E-05 9.98919E-05 9.98919E-05 9.98919E-05 9.98919E-05 9.98919E-05 0.558129 9.98919E-05 9.98919E-05 0.0365306 9.98919E-05 9.98919E-05 0.404142
0.000768765 9.98829E-05 9.98829E-05 9.98829E-05 9.98829E-05 9.98829E-05 0.997933 9.98829E-05 9.98829E-05 9.98829E-05 9.98829E-05 9.98829E-05 9.98829E-05 9.98829E-05 9.98829E-05
9.9883E-05 9.9883E-05 9.9883E-05 9.9883E-05 9.9883E-05 9.9883E-05 0.963584 9.9883E-05 9.9883E-05 9.9883E-05 9.9883E-05 9.9883E-05 0.0351174 9.9883E-05 9.9883E-05
0.0460981 9.99101E-05 9.99101E-05 9.99101E-05 9.99101E-05 0.018145 9.99101E-05 9.99101E-05 0.840512 9.99101E-05 9.99101E-05 9.99101E-05 9.99101E-05 0.0272024 0.0670429
9.98831E-05 9.98831E-05 9.98831E-05 9.98831E-05 0.00581556 0.992886 9.98831E-05 9.98831E-05 9.98831E-05 9.98831E-05 9.98831E-05 9.98831E-05 9.98831E-05 9.98831E-05 9.98831E-05
9.9883E-05 9.9883E-05 9.9883E-05 9.9883E-05 9.9883E-05 0.985894 9.9883E-05 9.9883E-05 9.9883E-05 9.9883E-05 9.9883E-05 9.9883E-05 9.9883E-05 0.0128071 9.9883E-05
9.98742E-05 9.98742E-05 9.98742E-05 9.98742E-05 0.998602 9.98742E-05 9.98742E-05 9.98742E-05 9.98742E-05 9.98742E-05 9.98742E-05 9.98742E-05 9.98742E-05 9.98742E-05 9.98742E-05
9.98742E-05 9.98742E-05 9.98742E-05 9.98742E-05 0.998602 9.98742E-05 9.98742E-05 9.98742E-05 9.98742E-05 9.98742E-05 9.98742E-05 9.98742E-05 9.98742E-05 9.98742E-05 9.98742E-05
9.9919E-05 9.9919E-05 0.0563352 9.9919E-05 9.9919E-05 0.0703433 9.9919E-05 9.9919E-05 9.9919E-05 0.845678 0.00442156 9.9919E-05 0.0112501 9.9919E-05 0.0110721
9.99099E-05 9.99099E-05 0.0290822 9.99099E-05 9.99099E-05 0.0982625 9.99099E-05 9.99099E-05 9.99099E-05 0.79581 0.00707297 9.99099E-05 0.0687737 9.99099E-05 9.99099E-05
9.99011E-05 9.99011E-05 0.00425032 9.99011E-05 0.956023 0.0214915 0.0171359 9.99011E-05 9.99011E-05 9.99011E-05 9.99011E-05 9.99011E-05 9.99011E-05 9.99011E-05 9.99011E-05
9.98742E-05 9.98742E-05 9.98742E-05 9.98742E-05 0.998602 9.98742E-05 9.98742E-05 9.98742E-05 9.98742E-05 9.98742E-05 9.98742E-05 9.98742E-05 9.98742E-05 9.98742E-05 9.98742E-05
0.0208145 9.98919E-05 9.98919E-05 9.98919E-05 9.98919E-05 9.98919E-05 9.98919E-05 9.98919E-05 9.98919E-05 9.98919E-05 0.9483 9.98919E-05 0.0296873 9.98919E-05 9.98919E-05
9.99279E-05 0.0605399 9.99279E-05 0.116468 9.99279E-05 0.417732 9.99279E-05 0.00371423 9.99279E-05 0.207042 0.043409 9.99279E-05 0.150295 9.99279E-05 9.99279E-05
0.0373739 9.9892E-05 0.907122 0.0543051 9.9892E-05 9.9892E-05 9.9892E-05 9.9892E-05 9.9892E-05 9.9892E-05 9.9892E-05 9.9892E-05 9.9892E-05 9.9892E-05 9.9892E-05
9.99193E-05 9.99193E-05 9.99193E-05 9.99193E-05 9.99193E-05 9.99193E-05 9.99193E-05 0.0748037 0.00728898 0.137185 9.99193E-05 0.597062 0.181985 9.99193E-05 0.000776154
9.99103E-05 0.0387284 9.99103E-05 9.99103E-05 0.0176694 9.99103E-05 9.99103E-05 9.99103E-05 9.99103E-05 9.99103E-05 0.04785 0.669891 0.224862 9.99103E-05 9.99103E-05
0.039488 0.0394213 9.99191E-05 9.99191E-05 0.037966 9.99191E-05 0.494688 0.00226387 9.99191E-05 9.99191E-05 9.99191E-05 9.99191E-05 9.99191E-05 9.99191E-05 0.385274
