9.9982E-05 0.0652586 0.934541 9.9982E-05
0.521621 0.0524612 0.425818 9.9991E-05
0.864839 0.0990611 0.0117996 0.0243006
0.973284 0.0265161 9.9982E-05 9.9982E-05
0.682244 9.99821E-05 0.317556 9.99821E-05
0.995278 0.00452176 9.9982E-05 9.9982E-05
0.316201 9.99821E-05 0.683599 9.99821E-05
0.829182 0.0161069 0.154611 9.9991E-05
0.361547 9.99821E-05 0.638253 9.99821E-05
0.0331798 0.129554 0.837166 9.9991E-05
9.9982E-05 0.130131 0.869669 9.9982E-05
0.0512152 0.182104 0.766581 9.9991E-05
0.0221563 0.0360061 0.93832 0.00351762
0.971696 0.014467 9.9991E-05 0.0137367
0.978066 0.00908708 9.9991E-05 0.0127472
0.0377093 0.032486 0.929705 9.9991E-05
9.9991E-05 0.392624 0.530165 0.077111
0.039335 9.9991E-05 0.225886 0.734679
9.9982E-05 0.0988792 9.9982E-05 0.900921
9.9982E-05 0.163143 0.836657 9.9982E-05
9.998E-05 9.998E-05 9.998E-05 0.9997
9.9982E-05 0.0765926 0.923207 9.9982E-05
0.0347311 0.402299 0.129699 0.433272
9.9982E-05 0.0996096 9.9982E-05 0.90019
0.998704 0.00109559 9.9982E-05 9.9982E-05
0.9997 9.998E-05 9.998E-05 9.998E-05
9.9982E-05 0.105015 0.894785 9.9982E-05
0.9997 9.998E-05 9.998E-05 9.998E-05
0.9997 9.998E-05 9.998E-05 9.998E-05
0.922909 0.05877 9.9991E-05 0.0182215
0.921453 0.0774855 9.9991E-05 0.000961609
0.563722 9.99821E-05 0.436078 9.99821E-05
0.984093 0.0157068 9.9982E-05 9.9982E-05
0.83721 9.9982E-05 0.16259 9.9982E-05
0.0558621 0.280903 0.663134 9.9991E-05
0.981836 0.0179638 9.9982E-05 9.9982E-05
0.0427552 0.0412061 0.915939 9.9991E-05
0.160759 0.00990354 0.787347 0.0419898
0.119024 0.474629 0.321964 0.084383
0.11932 0.0926966 0.787195 0.000789277
0.0598996 0.102365 0.837636 9.9991E-05
9.9991E-05 0.126313 0.854358 0.0192292
0.0266197 9.9982E-05 0.97318 9.9982E-05
9.9982E-05 0.183814 0.815986 9.9982E-05
9.9991E-05 0.192333 0.678241 0.129326
0.111142 0.126291 0.722429 0.0401377
0.154972 0.158682 0.686247 9.9991E-05
9.99822E-05 9.99822E-05 0.946803 0.0529968
0.82885 9.9991E-05 0.116668 0.0543828
0.785975 9.9991E-05 0.167299 0.0466262
0.81073 9.9991E-05 0.155683 0.0334868
0.811206 9.9991E-05 0.135344 0.0533501
0.847124 9.9991E-05 0.121022 0.0317541
0.732854 9.9991E-05 0.227485 0.0395613
0.761207 9.9991E-05 0.23728 0.00141342
9.998E-05 9.998E-05 0.9997 9.998E-05
0.560691 9.9982E-05 0.439109 9.9982E-05
0.9997 9.998E-05 9.998E-05 9.998E-05
9.9991E-05 0.0612379 0.928484 0.0101781
0.0800372 0.0429386 0.876924 9.9991E-05
9.99821E-05 9.99821E-05 0.974024 0.0257761
9.9982E-05 0.0430734 0.956727 9.9982E-05
9.9991E-05 0.113003 0.865365 0.0215321
0.00367146 9.9991E-05 0.0588077 0.937421
0.9997 9.998E-05 9.998E-05 9.998E-05
0.396201 0.183166 0.370025 0.0506079
0.9997 9.998E-05 9.998E-05 9.998E-05
0.984715 0.015085 9.9982E-05 9.9982E-05
0.9997 9.998E-05 9.998E-05 9.998E-05
0.9997 9.998E-05 9.998E-05 9.998E-05
0.952315 0.0474847 9.9982E-05 9.9982E-05
0.996229 0.0035709 9.9982E-05 9.9982E-05
0.918042 9.99821E-05 0.0817577 9.99821E-05
0.846999 9.99911E-05 0.13802 0.0148818
0.988688 0.0111123 9.9982E-05 9.9982E-05
0.140242 0.0552449 0.804413 9.9991E-05
0.135017 0.0687934 0.796089 9.9991E-05
9.998E-05 0.9997 9.998E-05 9.998E-05
9.998E-05 0.9997 9.998E-05 9.998E-05
0.0325905 0.0819961 0.877306 0.00810753
0.0185342 0.0653496 0.904805 0.0113107
9.998E-05 0.9997 9.998E-05 9.998E-05
9.998E-05 0.9997 9.998E-05 9.998E-05
9.998E-05 9.998E-05 0.9997 9.998E-05
0.0690719 9.9991E-05 0.890541 0.0402868
0.592393 9.9982E-05 0.407407 9.9982E-05
0.0424033 0.363893 0.493526 0.100178
9.9991E-05 0.359436 0.542617 0.0978469
0.891246 0.0378505 9.9991E-05 0.0708031
