0.953056 9.9973E-05 0.046644 9.9973E-05 9.9973E-05
0.35909 0.326781 0.03111 9.9991E-05 0.282919
0.0220224 0.792981 0.09612 0.0399243 0.0489525
9.9982E-05 0.962918 0.0324385 9.9982E-05 0.00444318
0.241563 0.478017 0.0154098 9.9991E-05 0.26491
0.0181107 0.955016 0.0243158 0.00245727 9.9991E-05
0.579277 0.0470442 9.99821E-05 9.99821E-05 0.373479
0.060499 0.405692 0.040561 9.9991E-05 0.493148
0.549851 9.99731E-05 9.99731E-05 9.99731E-05 0.449849
0.662255 9.9982E-05 0.160285 9.9982E-05 0.17726
0.714418 9.9982E-05 0.159282 9.9982E-05 0.1261
0.786239 0.0476113 0.165949 9.9982E-05 9.9982E-05
0.932053 0.0676468 9.99732E-05 9.99732E-05 9.99732E-05
0.00146875 0.970899 9.9982E-05 0.0274327 9.9982E-05
9.9973E-05 0.968885 9.9973E-05 0.0308149 9.9973E-05
0.871369 0.0149829 0.0597412 9.9991E-05 0.0538068
0.515522 0.0204988 0.385094 0.0787852 9.9991E-05
0.195838 9.99819E-05 9.99819E-05 0.713291 0.090671
9.9973E-05 9.9973E-05 0.0943133 0.905387 9.9973E-05
0.782161 9.9982E-05 0.187827 9.9982E-05 0.0298119
9.997E-05 9.997E-05 9.997E-05 0.9996 9.997E-05
0.949322 9.9973E-05 0.0503783 9.9973E-05 9.9973E-05
0.0926536 9.9991E-05 0.402974 0.438176 0.0660968
9.9973E-05 9.9973E-05 0.0726557 0.927044 9.9973E-05
9.9973E-05 0.988338 9.9973E-05 9.9973E-05 0.0113621
9.997E-05 0.9996 9.997E-05 9.997E-05 9.997E-05
0.918693 9.9973E-05 0.0810075 9.9973E-05 9.9973E-05
9.9973E-05 0.918745 9.9973E-05 9.9973E-05 0.0809548
9.9973E-05 0.935849 9.9973E-05 9.9973E-05 0.0638511
9.9991E-05 0.65793 0.0370091 0.0355507 0.26941
9.9982E-05 0.649626 0.0690486 9.9982E-05 0.281125
0.282386 0.119091 9.99821E-05 9.99821E-05 0.598323
9.997E-05 0.9996 9.997E-05 9.997E-05 9.997E-05
9.9982E-05 0.0723888 0.00650291 9.9982E-05 0.920908
0.700886 0.0645146 0.2344 9.9982E-05 9.9982E-05
9.997E-05 0.9996 9.997E-05 9.997E-05 9.997E-05
0.889396 0.0858405 0.0245636 9.99821E-05 9.99821E-05
0.671567 0.0391616 0.0578684 0.0464217 0.184981
0.356075 0.164425 0.403672 0.0757286 9.9991E-05
0.81036 0.126731 0.062709 9.9982E-05 9.9982E-05
0.79551 0.0995947 0.0953147 0.00948041 9.9991E-05
0.837807 9.9991E-05 0.107714 0.0234306 0.0309483
0.92694 9.9973E-05 9.9973E-05 9.9973E-05 0.0727596
0.737111 9.9991E-05 0.160517 0.0120187 0.0902532
0.647825 9.9991E-05 0.205666 0.108491 0.0379186
0.730936 0.0652165 0.111994 0.0357193 0.0561342
0.688612 0.0974856 0.139914 9.9991E-05 0.0738881
0.951406 9.99822E-05 9.99822E-05 0.0444395 0.00395431
9.997E-05 9.997E-05 9.997E-05 9.997E-05 0.9996
9.997E-05 9.997E-05 9.997E-05 9.997E-05 0.9996
9.997E-05 9.997E-05 9.997E-05 9.997E-05 0.9996
9.997E-05 9.997E-05 9.997E-05 9.997E-05 0.9996
9.997E-05 9.997E-05 9.997E-05 9.997E-05 0.9996
0.0670909 0.225542 9.9991E-05 0.0465948 0.660672
9.997E-05 9.997E-05 9.997E-05 9.997E-05 0.9996
0.9996 9.997E-05 9.997E-05 9.997E-05 9.997E-05
0.311421 0.0969253 0.0105791 9.9991E-05 0.580975
9.997E-05 0.9996 9.997E-05 9.997E-05 9.997E-05
0.921945 9.99731E-05 0.0777552 9.99731E-05 9.99731E-05
0.897979 0.101721 9.99731E-05 9.99731E-05 9.99731E-05
0.989771 9.99732E-05 9.99732E-05 0.00992902 9.99732E-05
0.994728 0.00497186 9.9973E-05 9.9973E-05 9.9973E-05
0.885785 9.9982E-05 0.103736 0.0102787 9.9982E-05
0.0662841 9.99821E-05 9.99821E-05 0.924705 0.00881143
9.997E-05 0.9996 9.997E-05 9.997E-05 9.997E-05
0.511038 0.143062 0.121504 0.000903529 0.223492
9.99731E-05 0.986387 9.99731E-05 9.99731E-05 0.0133129
9.9973E-05 0.978872 9.9973E-05 9.9973E-05 0.0208279
9.9973E-05 0.928462 9.9973E-05 9.9973E-05 0.0712378
9.9982E-05 0.925791 9.9982E-05 0.0039478 0.070061
0.0371056 0.908828 0.0467749 9.9991E-05 0.00719153
9.997E-05 0.9996 9.997E-05 9.997E-05 9.997E-05
9.99732E-05 0.553601 9.99732E-05 9.99732E-05 0.446099
0.0639604 0.552416 9.99911E-05 0.00674959 0.376774
0.00732398 0.992376 9.9973E-05 9.9973E-05 9.9973E-05
0.721405 0.08848 0.0811019 9.9991E-05 0.108913
0.732383 0.066465 0.0678908 9.9991E-05 0.133162
9.997E-05 9.997E-05 0.9996 9.997E-05 9.997E-05
9.997E-05 9.997E-05 0.9996 9.997E-05 9.997E-05
0.793166 9.9991E-05 0.102726 0.000214958 0.103792
0.803673 9.9991E-05 0.0945473 0.00234352 0.0993366
9.997E-05 9.997E-05 0.9996 9.997E-05 9.997E-05
9.997E-05 9.997E-05 0.9996 9.997E-05 9.997E-05
0.9996 9.997E-05 9.997E-05 9.997E-05 9.997E-05
0.877066 0.0391766 9.9991E-05 0.0531238 0.0305334
0.320712 0.0985261 9.9982E-05 9.9982E-05 0.580562
0.539618 0.0433443 0.28768 0.129258 9.9991E-05
0.559271 9.99821E-05 0.353239 0.0872899 9.99821E-05
9.9991E-05 0.608481 0.0111999 0.060236 0.319983
