9.9982E-05 0.035435 0.0258054 0.93856 9.9982E-05
0.319647 0.0403689 0.289923 0.34996 9.9991E-05
0.71984 0.0813471 0.140258 0.0101677 0.0483866
0.988415 0.0112853 9.9973E-05 9.9973E-05 9.9973E-05
0.435857 0.0126202 0.27543 0.275993 9.9991E-05
0.996998 0.00270165 9.9973E-05 9.9973E-05 9.9973E-05
0.0461682 9.99821E-05 0.347507 0.606125 9.99821E-05
0.424418 0.0258695 0.450205 0.0994082 9.9991E-05
0.0143615 9.99821E-05 0.390342 0.595097 9.99821E-05
9.9982E-05 0.118385 0.162312 0.719103 9.9982E-05
9.9982E-05 0.137719 0.0967912 0.765289 9.9982E-05
0.0992843 0.142766 9.9982E-05 0.757749 9.9982E-05
0.0720013 9.99732E-05 9.99732E-05 0.927699 9.99732E-05
0.976517 9.9973E-05 9.9973E-05 9.9973E-05 0.0231827
0.985881 9.9973E-05 9.9973E-05 9.9973E-05 0.013819
0.0400577 0.0149644 0.0431373 0.901741 9.9991E-05
9.9982E-05 0.41709 9.9982E-05 0.508465 0.0742446
9.9982E-05 9.9982E-05 0.0916518 0.227907 0.680241
9.9973E-05 0.0928562 9.9973E-05 9.9973E-05 0.906844
9.9982E-05 0.169538 0.0312815 0.79898 9.9982E-05
9.997E-05 9.997E-05 9.997E-05 9.997E-05 0.9996
9.9982E-05 0.0812957 0.00568431 0.91282 9.9982E-05
9.999E-05 0.399109 0.0857479 0.107519 0.407525
9.99729E-05 0.0876029 9.99729E-05 9.99729E-05 0.912097
0.999198 9.9973E-05 0.000502476 9.9973E-05 9.9973E-05
0.9996 9.997E-05 9.997E-05 9.997E-05 9.997E-05
9.9973E-05 0.0967867 9.9973E-05 0.902913 9.9973E-05
0.952463 9.9973E-05 0.0472369 9.9973E-05 9.9973E-05
0.908108 9.9973E-05 0.0915923 9.9973E-05 9.9973E-05
0.709663 0.00590511 0.249498 9.9991E-05 0.0348337
0.641771 0.0581488 0.29988 9.9982E-05 9.9982E-05
0.155239 0.0129211 0.561765 0.269975 9.9991E-05
0.990922 0.00877777 9.99731E-05 9.99731E-05 9.99731E-05
0.091121 0.0021692 0.90651 9.9982E-05 9.9982E-05
0.0790248 0.250718 9.9982E-05 0.670057 9.9982E-05
0.985825 0.0138751 9.99729E-05 9.99729E-05 9.99729E-05
0.104833 0.0385981 9.99821E-05 0.856369 9.99821E-05
0.0204357 0.0626605 0.188829 0.675889 0.0521863
0.14227 0.449942 9.9991E-05 0.345449 0.0622389
0.157108 0.0715804 9.9991E-05 0.768789 0.00242229
0.123369 0.0739365 0.0131694 0.787717 0.00180732
9.9982E-05 0.130116 9.9982E-05 0.859525 0.0101593
9.9973E-05 9.9973E-05 0.0451317 0.954568 9.9973E-05
9.9991E-05 0.177066 0.0835185 0.731819 0.00749687
9.9991E-05 0.167909 0.0252587 0.703019 0.103713
0.081726 0.101907 0.059506 0.717893 0.0389672
0.108907 0.140762 0.0636289 0.686603 9.9991E-05
9.99822E-05 9.99822E-05 0.0234221 0.921489 0.0548888
9.997E-05 9.997E-05 0.9996 9.997E-05 9.997E-05
9.997E-05 9.997E-05 0.9996 9.997E-05 9.997E-05
9.997E-05 9.997E-05 0.9996 9.997E-05 9.997E-05
9.997E-05 9.997E-05 0.9996 9.997E-05 9.997E-05
9.997E-05 9.997E-05 0.9996 9.997E-05 9.997E-05
0.261172 9.9991E-05 0.571213 0.14971 0.0178058
9.9982E-05 0.0106752 0.978986 0.0101387 9.9982E-05
9.997E-05 9.997E-05 9.997E-05 0.9996 9.997E-05
0.120539 9.9982E-05 0.584883 0.294378 9.9982E-05
0.9996 9.997E-05 9.997E-05 9.997E-05 9.997E-05
9.99731E-05 0.0354724 9.99731E-05 0.964228 9.99731E-05
0.0794131 0.0318527 9.9982E-05 0.888534 9.9982E-05
9.99732E-05 9.99732E-05 9.99732E-05 0.990423 0.0092768
0.0111845 0.00786114 9.9982E-05 0.980754 9.9982E-05
9.9982E-05 0.0871988 9.9982E-05 0.883234 0.0293672
9.9982E-05 9.9982E-05 0.0132741 0.0694632 0.917063
0.9996 9.997E-05 9.997E-05 9.997E-05 9.997E-05
0.218764 0.128856 0.235655 0.376896 0.0398281
0.998172 9.99731E-05 0.00152792 9.99731E-05 9.99731E-05
0.954326 9.9982E-05 0.0272397 0.0182347 9.9982E-05
0.919979 9.9973E-05 0.0797212 9.9973E-05 9.9973E-05
0.946709 9.9973E-05 0.0529906 9.9973E-05 9.9973E-05
0.927112 0.0144218 0.027359 0.0310075 9.9991E-05
0.989836 9.9973E-05 0.00986437 9.9973E-05 9.9973E-05
0.506191 9.99821E-05 0.478895 0.0147143 9.99821E-05
0.566887 9.99911E-05 0.330538 0.0706117 0.0318631
0.980121 0.00999979 0.0096789 9.9982E-05 9.9982E-05
0.093885 0.0701122 0.100905 0.734997 9.9991E-05
0.0570228 0.0314847 0.130063 0.781329 9.9991E-05
9.997E-05 0.9996 9.997E-05 9.997E-05 9.997E-05
9.997E-05 0.9996 9.997E-05 9.997E-05 9.997E-05
9.9991E-05 0.0945638 0.10942 0.794721 0.00119584
9.9991E-05 0.0730113 0.106031 0.813904 0.00695398
9.997E-05 0.9996 9.997E-05 9.997E-05 9.997E-05
9.997E-05 0.9996 9.997E-05 9.997E-05 9.997E-05
9.9973E-05 9.9973E-05 0.0524319 0.947268 9.9973E-05
0.00605668 9.9991E-05 0.0556073 0.88834 0.0498962
0.10868 9.9982E-05 0.573477 0.317643 9.9982E-05
0.060362 0.267635 9.9991E-05 0.527926 0.143977
9.99821E-05 0.321971 9.99821E-05 0.595811 0.0820176
0.626518 0.0434235 0.31415 9.9991E-05 0.0158086
