0.0140377 0.985762 9.9982E-05 9.9982E-05
0.334169 0.378825 0.286906 9.9991E-05
0.00964854 0.0485195 0.892835 0.0489965
9.998E-05 9.998E-05 0.9997 9.998E-05
0.305251 0.248163 0.446486 9.9991E-05
9.9991E-05 0.0147031 0.982191 0.00300629
0.411112 0.557778 0.0310102 9.99911E-05
0.472328 0.104355 0.423217 9.9991E-05
0.510625 0.489175 9.99821E-05 9.99821E-05
0.170018 0.829782 9.9982E-05 9.9982E-05
0.140082 0.859718 9.9982E-05 9.9982E-05
9.9982E-05 0.920469 0.0793313 9.9982E-05
9.99821E-05 0.922573 0.0772267 9.99821E-05
9.999E-05 0.00369336 0.976032 0.0201749
9.999E-05 0.0147636 0.960979 0.0241577
0.0683434 0.931457 9.9982E-05 9.9982E-05
9.9991E-05 0.777545 0.0565142 0.16584
0.0979138 0.176504 9.9991E-05 0.725482
9.998E-05 9.998E-05 9.998E-05 0.9997
0.0360453 0.963755 9.9982E-05 9.9982E-05
9.998E-05 9.998E-05 9.998E-05 0.9997
0.0412056 0.958594 9.9982E-05 9.9982E-05
0.0600604 0.357649 0.0486634 0.533627
9.9982E-05 0.0159134 9.9982E-05 0.983887
9.998E-05 9.998E-05 0.9997 9.998E-05
9.998E-05 9.998E-05 0.9997 9.998E-05
9.998E-05 0.9997 9.998E-05 9.998E-05
0.0595418 9.9982E-05 0.940258 9.9982E-05
0.0987563 9.9982E-05 0.901044 9.9982E-05
0.2876 9.9991E-05 0.659016 0.0532842
0.296297 9.9991E-05 0.671007 0.0325964
0.61937 0.283671 0.0968587 9.99911E-05
9.998E-05 9.998E-05 0.9997 9.998E-05
0.904182 9.9982E-05 0.0956181 9.9982E-05
9.9982E-05 0.904564 0.0952358 9.9982E-05
9.9982E-05 0.00247977 0.99732 9.9982E-05
9.9982E-05 0.931211 0.0685894 9.9982E-05
0.192771 0.770661 9.9991E-05 0.0364684
9.9991E-05 0.668734 0.184079 0.147086
9.99819E-05 0.855419 0.144381 9.99819E-05
0.00451768 0.911793 0.0835893 9.9991E-05
0.014236 0.980681 9.9991E-05 0.00498296
0.0677718 0.932028 9.9982E-05 9.9982E-05
0.0887187 0.910937 9.9991E-05 0.000244618
0.0322611 0.825993 9.9991E-05 0.141646
0.0898967 0.830504 0.046378 0.0332213
0.0801122 0.818747 0.0970477 0.00409264
0.0102681 0.987646 9.99911E-05 0.00198545
0.9997 9.998E-05 9.998E-05 9.998E-05
0.9997 9.998E-05 9.998E-05 9.998E-05
0.9997 9.998E-05 9.998E-05 9.998E-05
0.9997 9.998E-05 9.998E-05 9.998E-05
0.9997 9.998E-05 9.998E-05 9.998E-05
0.623991 0.111102 0.229176 0.0357306
0.9997 9.998E-05 9.998E-05 9.998E-05
9.998E-05 0.9997 9.998E-05 9.998E-05
0.573762 0.325281 0.100857 9.9991E-05
9.998E-05 9.998E-05 0.9997 9.998E-05
9.99821E-05 0.994242 0.00555825 9.99821E-05
9.9982E-05 0.9361 0.0636996 9.9982E-05
9.99822E-05 0.992415 0.0073852 9.99822E-05
9.998E-05 0.9997 9.998E-05 9.998E-05
9.9982E-05 0.990164 9.9982E-05 0.00963608
0.0422441 9.99821E-05 9.99821E-05 0.957556
9.998E-05 9.998E-05 0.9997 9.998E-05
0.0878022 0.565524 0.265237 0.0814371
9.998E-05 9.998E-05 0.9997 9.998E-05
9.9982E-05 0.0212064 0.978594 9.9982E-05
0.0922574 9.9982E-05 0.907543 9.9982E-05
0.0635287 9.9991E-05 0.929583 0.00678817
0.0157916 0.0415622 0.942546 9.9991E-05
9.998E-05 9.998E-05 0.9997 9.998E-05
0.50004 9.99821E-05 0.49976 9.99821E-05
0.378413 0.0532392 0.56325 0.00509854
0.00266193 0.0258163 0.971422 9.9991E-05
0.120902 0.791596 0.0874028 9.9991E-05
0.123721 0.827842 0.0483367 9.9991E-05
9.9991E-05 0.658512 0.139521 0.201867
9.9991E-05 0.702505 0.110217 0.187177
0.120594 0.879206 9.99819E-05 9.99819E-05
0.0918092 0.907991 9.9982E-05 9.9982E-05
9.9991E-05 0.69722 0.133809 0.168871
9.9991E-05 0.682553 0.120245 0.197102
0.0374224 0.962378 9.9982E-05 9.9982E-05
0.0670635 0.909413 9.9991E-05 0.023423
0.63116 0.304171 0.0645691 9.9991E-05
9.9991E-05 0.738806 0.0764497 0.184645
9.9991E-05 0.843618 0.0151889 0.141093
0.323099 9.9991E-05 0.61656 0.0602408
