9.99009E-05 9.99009E-05 9.99009E-05 0.917045 9.99009E-05 9.99009E-05 9.99009E-05 9.99009E-05 0.0818563 9.99009E-05 9.99009E-05 9.99009E-05 9.99009E-05
9.99279E-05 0.761191 0.0740561 0.0124889 9.99279E-05 9.99279E-05 9.99279E-05 0.0701301 9.99279E-05 0.0813343 9.99279E-05 9.99279E-05 9.99279E-05
9.99285E-05 9.99285E-05 9.99285E-05 9.99285E-05 9.99285E-05 9.99285E-05 0.0306577 9.99285E-05 9.99285E-05 0.515442 0.346996 0.0106834 0.0954218
9.99191E-05 9.99191E-05 0.00752469 9.99191E-05 9.99191E-05 9.99191E-05 9.99191E-05 9.99191E-05 0.0032686 0.966834 9.99191E-05 0.0214737 9.99191E-05
0.109553 0.151372 0.0586701 0.03943 0.0456494 9.99551E-05 9.99551E-05 9.99551E-05 0.134738 0.299451 0.160636 9.99551E-05 9.99551E-05
9.991E-05 9.991E-05 0.0557558 9.991E-05 9.991E-05 9.991E-05 9.991E-05 9.991E-05 9.991E-05 0.921512 0.0217334 9.991E-05 9.991E-05
0.998801 9.98921E-05 9.98921E-05 9.98921E-05 9.98921E-05 9.98921E-05 9.98921E-05 9.98921E-05 9.98921E-05 9.98921E-05 9.98921E-05 9.98921E-05 9.98921E-05
9.99369E-05 0.122746 9.99369E-05 9.99369E-05 0.0497219 9.99369E-05 9.99369E-05 9.99369E-05 0.0532353 0.0893911 0.668313 0.0158929 9.99369E-05
0.953985 0.0380955 9.991E-05 9.991E-05 0.00692049 9.991E-05 9.991E-05 9.991E-05 9.991E-05 9.991E-05 9.991E-05 9.991E-05 9.991E-05
0.149912 9.9901E-05 9.9901E-05 9.9901E-05 9.9901E-05 9.9901E-05 9.9901E-05 9.9901E-05 0.848989 9.9901E-05 9.9901E-05 9.9901E-05 9.9901E-05
0.139151 9.9901E-05 9.9901E-05 9.9901E-05 9.9901E-05 9.9901E-05 9.9901E-05 9.9901E-05 0.85975 9.9901E-05 9.9901E-05 9.9901E-05 9.9901E-05
9.9919E-05 9.9919E-05 9.9919E-05 0.680874 9.9919E-05 9.9919E-05 0.152624 9.9919E-05 9.9919E-05 0.0559305 9.9919E-05 0.109672 9.9919E-05
9.99013E-05 9.99013E-05 9.99013E-05 9.99013E-05 9.99013E-05 9.99013E-05 0.968269 9.99013E-05 9.99013E-05 9.99013E-05 0.0306318 9.99013E-05 9.99013E-05
9.99191E-05 0.0180376 0.0318249 9.99191E-05 9.99191E-05 9.99191E-05 9.99191E-05 9.99191E-05 9.99191E-05 0.935795 9.99191E-05 9.99191E-05 0.0134435
9.99101E-05 9.99101E-05 9.99101E-05 0.0448266 9.99101E-05 9.99101E-05 9.99101E-05 9.99101E-05 9.99101E-05 0.910958 9.99101E-05 9.99101E-05 0.0432159
9.99012E-05 9.99012E-05 9.99012E-05 9.99012E-05 9.99012E-05 9.99012E-05 0.142785 0.856116 9.99012E-05 9.99012E-05 9.99012E-05 9.99012E-05 9.99012E-05
9.99189E-05 9.99189E-05 0.934398 9.99189E-05 9.99189E-05 9.99189E-05 9.99189E-05 0.0127657 0.0476003 9.99189E-05 9.99189E-05 9.99189E-05 0.00433694
9.99278E-05 9.99278E-05 9.99278E-05 0.000501006 0.00698937 9.99278E-05 9.99278E-05 0.0351619 0.019514 9.99278E-05 9.99278E-05 9.99278E-05 0.937034
9.9901E-05 9.9901E-05 9.9901E-05 9.9901E-05 9.9901E-05 0.971279 9.9901E-05 9.9901E-05 9.9901E-05 9.9901E-05 9.9901E-05 0.0276225 9.9901E-05
9.99279E-05 9.99279E-05 0.0312441 0.0631393 9.99279E-05 9.99279E-05 9.99279E-05 0.374926 0.501998 9.99279E-05 9.99279E-05 0.0278933 9.99279E-05
9.99009E-05 9.99009E-05 9.99009E-05 9.99009E-05 9.99009E-05 0.218016 9.99009E-05 9.99009E-05 9.99009E-05 9.99009E-05 9.99009E-05 9.99009E-05 0.780885
9.99279E-05 9.99279E-05 0.0707869 0.490372 9.99279E-05 9.99279E-05 0.0237456 0.346958 0.0673379 9.99279E-05 9.99279E-05 9.99279E-05 9.99279E-05
9.9919E-05 9.9919E-05 0.188333 9.9919E-05 9.9919E-05 9.9919E-05 9.9919E-05 9.9919E-05 0.151001 9.9919E-05 9.9919E-05 0.16448 0.495286
9.99189E-05 9.99189E-05 9.99189E-05 9.99189E-05 9.99189E-05 0.823971 9.99189E-05 9.99189E-05 0.0625621 9.99189E-05 9.99189E-05 0.00692557 0.105642
0.0249428 9.99013E-05 9.99013E-05 9.99013E-05 9.99013E-05 9.99013E-05 9.99013E-05 9.99013E-05 9.99013E-05 0.973958 9.99013E-05 9.99013E-05 9.99013E-05
9.98922E-05 9.98922E-05 9.98922E-05 9.98922E-05 9.98922E-05 9.98922E-05 9.98922E-05 9.98922E-05 9.98922E-05 0.998801 9.98922E-05 9.98922E-05 9.98922E-05
9.99278E-05 9.99278E-05 0.0315737 0.0638594 9.99278E-05 9.99278E-05 0.786499 9.99278E-05 0.0754611 9.99278E-05 9.99278E-05 0.0418075 9.99278E-05
0.0264293 9.99101E-05 9.99101E-05 9.99101E-05 0.0405522 9.99101E-05 9.99101E-05 9.99101E-05 9.99101E-05 0.932019 9.99101E-05 9.99101E-05 9.99101E-05
9.9919E-05 0.00842913 9.9919E-05 9.9919E-05 0.0954032 9.9919E-05 0.021058 9.9919E-05 9.9919E-05 0.87421 9.9919E-05 9.9919E-05 9.9919E-05
9.99461E-05 9.99461E-05 0.0107245 9.99461E-05 0.14249 0.0266791 0.00152976 9.99461E-05 9.99461E-05 0.466461 0.297618 0.0538991 9.99461E-05
9.99279E-05 9.99279E-05 0.0318635 9.99279E-05 0.0493272 9.99279E-05 9.99279E-05 9.99279E-05 9.99279E-05 0.326978 0.562083 0.0289489 9.99279E-05
9.98923E-05 0.998801 9.98923E-05 9.98923E-05 9.98923E-05 9.98923E-05 9.98923E-05 9.98923E-05 9.98923E-05 9.98923E-05 9.98923E-05 9.98923E-05 9.98923E-05
9.99101E-05 9.99101E-05 0.00813614 9.99101E-05 9.99101E-05 9.99101E-05 9.99101E-05 9.99101E-05 9.99101E-05 0.800548 0.190317 9.99101E-05 9.99101E-05
0.0100715 9.99192E-05 9.99192E-05 9.99192E-05 0.700278 9.99192E-05 9.99192E-05 9.99192E-05 9.99192E-05 9.99192E-05 0.287493 0.00125904 9.99192E-05
9.993E-05 9.993E-05 0.313083 0.0390936 9.993E-05 9.993E-05 0.48152 9.993E-05 0.0538347 9.993E-05 0.0452587 0.0665107 9.993E-05
9.99189E-05 9.99189E-05 0.0272199 9.99189E-05 9.99189E-05 9.99189E-05 0.0133238 9.99189E-05 9.99189E-05 0.940854 0.017703 9.99189E-05 9.99189E-05
9.99101E-05 9.99101E-05 0.0257377 0.968344 9.99101E-05 9.99101E-05 9.99101E-05 9.99101E-05 9.99101E-05 9.99101E-05 0.0049191 9.99101E-05 9.99101E-05
9.99459E-05 0.236013 0.00723338 0.0889321 9.99459E-05 9.99459E-05 9.99459E-05 9.99459E-05 0.639639 0.00583703 0.00849439 9.99459E-05 0.0132517
9.98919E-05 9.98919E-05 0.998801 9.98919E-05 9.98919E-05 9.98919E-05 9.98919E-05 9.98919E-05 9.98919E-05 9.98919E-05 9.98919E-05 9.98919E-05 9.98919E-05
9.99369E-05 0.027254 0.155275 0.14601 9.99369E-05 9.99369E-05 9.99369E-05 0.380579 0.229754 0.0604282 9.99369E-05 9.99369E-05 9.99369E-05
9.99459E-05 0.045306 0.115375 0.216468 9.99459E-05 9.99459E-05 9.99459E-05 0.358586 0.198974 0.045691 9.99459E-05 9.99459E-05 0.0190005
9.9937E-05 9.9937E-05 0.0133336 0.0244941 9.9937E-05 0.00189483 0.00989133 0.0176885 0.931998 9.9937E-05 9.9937E-05 9.9937E-05 9.9937E-05
0.0783313 9.99189E-05 9.99189E-05 0.0312179 9.99189E-05 9.99189E-05 0.0563634 0.833188 9.99189E-05 9.99189E-05 9.99189E-05 9.99189E-05 9.99189E-05
9.9919E-05 9.9919E-05 0.00171839 9.9919E-05 9.9919E-05 9.9919E-05 0.0404537 9.9919E-05 0.946491 0.0104379 9.9919E-05 9.9919E-05 9.9919E-05
9.9955E-05 0.0348147 9.9955E-05 0.0242443 9.9955E-05 0.0943047 0.191961 0.0889126 0.440154 9.9955E-05 9.9955E-05 0.113694 0.0114147
9.9964E-05 0.0191638 9.9964E-05 0.109067 9.9964E-05 0.0474551 0.0357905 0.159678 0.523498 0.0699676 0.0262621 0.00871803 9.9964E-05
0.0905899 9.9946E-05 0.28217 0.190539 0.0585626 9.9946E-05 0.106349 9.9946E-05 0.217025 0.0541649 9.9946E-05 9.9946E-05 9.9946E-05
9.99016E-05 9.99016E-05 9.99016E-05 0.975585 9.99016E-05 9.99016E-05 9.99016E-05 9.99016E-05 9.99016E-05 9.99016E-05 9.99016E-05 9.99016E-05 0.0233157
9.98921E-05 9.98921E-05 9.98921E-05 9.98921E-05 0.998801 9.98921E-05 9.98921E-05 9.98921E-05 9.98921E-05 9.98921E-05 9.98921E-05 9.98921E-05 9.98921E-05
9.9901E-05 9.9901E-05 9.9901E-05 9.9901E-05 0.989064 9.9901E-05 9.9901E-05 9.9901E-05 9.9901E-05 9.9901E-05 9.9901E-05 9.9901E-05 0.00983676
9.99011E-05 9.99011E-05 9.99011E-05 9.99011E-05 0.980153 9.99011E-05 9.99011E-05 0.018748 9.99011E-05 9.99011E-05 9.99011E-05 9.99011E-05 9.99011E-05
9.99012E-05 9.99012E-05 9.99012E-05 9.99012E-05 0.997138 9.99012E-05 9.99012E-05 9.99012E-05 9.99012E-05 9.99012E-05 9.99012E-05 9.99012E-05 0.00176357
9.98922E-05 9.98922E-05 9.98922E-05 9.98922E-05 0.998801 9.98922E-05 9.98922E-05 9.98922E-05 9.98922E-05 9.98922E-05 9.98922E-05 9.98922E-05 9.98922E-05
0.0362276 0.0118519 9.99551E-05 9.99551E-05 0.341179 9.99551E-05 9.99551E-05 0.0768606 0.031001 0.0570532 0.432372 9.99551E-05 0.0129551
9.9919E-05 0.0663601 9.9919E-05 0.00586926 0.895488 9.9919E-05 9.9919E-05 0.0313834 9.9919E-05 9.9919E-05 9.9919E-05 9.9919E-05 9.9919E-05
9.99009E-05 9.99009E-05 9.99009E-05 0.808671 9.99009E-05 9.99009E-05 9.99009E-05 0.19023 9.99009E-05 9.99009E-05 9.99009E-05 9.99009E-05 9.99009E-05
0.0234215 0.939795 9.99279E-05 9.99279E-05 0.0165834 9.99279E-05 9.99279E-05 0.000861635 9.99279E-05 0.0185393 9.99279E-05 9.99279E-05 9.99279E-05
9.99009E-05 9.99009E-05 0.0211357 9.99009E-05 9.99009E-05 9.99009E-05 9.99009E-05 9.99009E-05 9.99009E-05 0.977765 9.99009E-05 9.99009E-05 9.99009E-05
0.00254451 9.9928E-05 9.9928E-05 0.0672711 9.9928E-05 9.9928E-05 0.784282 0.0981953 9.9928E-05 9.9928E-05 9.9928E-05 0.0469075 9.9928E-05
9.99013E-05 9.99013E-05 9.99013E-05 9.99013E-05 9.99013E-05 9.99013E-05 0.0689564 0.929945 9.99013E-05 9.99013E-05 9.99013E-05 9.99013E-05 9.99013E-05
9.98924E-05 9.98924E-05 9.98924E-05 9.98924E-05 9.98924E-05 9.98924E-05 0.998801 9.98924E-05 9.98924E-05 9.98924E-05 9.98924E-05 9.98924E-05 9.98924E-05
9.99008E-05 9.99008E-05 9.99008E-05 9.99008E-05 9.99008E-05 9.99008E-05 0.872817 9.99008E-05 0.126084 9.99008E-05 9.99008E-05 9.99008E-05 9.99008E-05
9.99189E-05 9.99189E-05 0.0414392 9.99189E-05 9.99189E-05 9.99189E-05 0.809461 9.99189E-05 0.10234 9.99189E-05 9.99189E-05 0.0458612 9.99189E-05
9.99191E-05 0.00450059 9.99191E-05 0.0268152 9.99191E-05 0.94769 9.99191E-05 9.99191E-05 9.99191E-05 9.99191E-05 0.0200951 9.99191E-05 9.99191E-05
9.99015E-05 9.99015E-05 9.99015E-05 9.99015E-05 9.99015E-05 9.99015E-05 9.99015E-05 0.0391822 9.99015E-05 0.959719 9.99015E-05 9.99015E-05 9.99015E-05
0.0535303 0.07353 9.9964E-05 9.9964E-05 0.136409 0.0615218 0.144401 9.9964E-05 0.146403 0.277768 9.9964E-05 0.100891 0.00514744
9.99194E-05 9.99194E-05 9.99194E-05 9.99194E-05 9.99194E-05 9.99194E-05 0.0269249 0.00658169 9.99194E-05 0.922589 0.0430049 9.99194E-05 9.99194E-05
0.0291177 9.99279E-05 0.0679604 0.00794606 0.00237877 9.99279E-05 9.99279E-05 9.99279E-05 9.99279E-05 0.891798 9.99279E-05 9.99279E-05 9.99279E-05
0.0375888 9.9928E-05 9.9928E-05 9.9928E-05 0.0711092 9.9928E-05 9.9928E-05 0.0292511 9.9928E-05 0.853832 0.00741986 9.9928E-05 9.9928E-05
0.0176958 0.00936354 9.99371E-05 9.99371E-05 0.032436 0.000610969 9.99371E-05 9.99371E-05 9.99371E-05 0.912447 0.0267474 9.99371E-05 9.99371E-05
9.99191E-05 9.99191E-05 0.0540941 9.99191E-05 9.99191E-05 9.99191E-05 9.99191E-05 9.99191E-05 0.0349397 0.818804 0.0912632 9.99191E-05 9.99191E-05
9.991E-05 9.991E-05 0.049178 9.991E-05 9.991E-05 9.991E-05 9.991E-05 9.991E-05 9.991E-05 0.92284 0.0269829 9.991E-05 9.991E-05
9.98919E-05 9.98919E-05 9.98919E-05 9.98919E-05 9.98919E-05 9.98919E-05 9.98919E-05 9.98919E-05 9.98919E-05 9.98919E-05 0.998801 9.98919E-05 9.98919E-05
0.0253528 9.991E-05 9.991E-05 9.991E-05 9.991E-05 9.991E-05 0.0365527 9.991E-05 9.991E-05 9.991E-05 0.937095 9.991E-05 9.991E-05
9.99281E-05 9.99281E-05 9.99281E-05 0.0220844 0.0403544 9.99281E-05 9.99281E-05 0.00750919 9.99281E-05 0.909611 9.99281E-05 9.99281E-05 0.0196415
9.9901E-05 9.9901E-05 9.9901E-05 9.9901E-05 0.0311809 9.9901E-05 9.9901E-05 0.96772 9.9901E-05 9.9901E-05 9.9901E-05 9.9901E-05 9.9901E-05
0.00602748 9.99099E-05 9.99099E-05 9.99099E-05 0.0273013 9.99099E-05 9.99099E-05 0.965672 9.99099E-05 9.99099E-05 9.99099E-05 9.99099E-05 9.99099E-05
9.99011E-05 9.99011E-05 9.99011E-05 0.0075856 9.99011E-05 9.99011E-05 9.99011E-05 9.99011E-05 9.99011E-05 9.99011E-05 9.99011E-05 0.991315 9.99011E-05
9.98922E-05 9.98922E-05 9.98922E-05 9.98922E-05 9.98922E-05 9.98922E-05 9.98922E-05 9.98922E-05 9.98922E-05 9.98922E-05 9.98922E-05 0.998801 9.98922E-05
9.99279E-05 0.0645541 9.99279E-05 9.99279E-05 9.99279E-05 9.99279E-05 0.0412653 0.119391 0.772082 9.99279E-05 9.99279E-05 0.00190798 9.99279E-05
9.99279E-05 0.0406227 9.99279E-05 0.036173 9.99279E-05 9.99279E-05 0.0768452 0.0875224 0.758037 9.99279E-05 9.99279E-05 9.99279E-05 9.99279E-05
9.99101E-05 9.99101E-05 9.99101E-05 9.99101E-05 9.99101E-05 9.99101E-05 9.99101E-05 9.99101E-05 0.029139 9.99101E-05 0.0144755 0.955386 9.99101E-05
9.98921E-05 9.98921E-05 9.98921E-05 9.98921E-05 9.98921E-05 9.98921E-05 9.98921E-05 9.98921E-05 9.98921E-05 9.98921E-05 9.98921E-05 0.998801 9.98921E-05
9.99099E-05 9.99099E-05 9.99099E-05 0.930445 9.99099E-05 9.99099E-05 0.0435624 0.0249937 9.99099E-05 9.99099E-05 9.99099E-05 9.99099E-05 9.99099E-05
0.0824778 0.0411994 9.99369E-05 9.99369E-05 9.99369E-05 9.99369E-05 0.142146 0.515218 0.112022 9.99369E-05 9.99369E-05 9.99369E-05 0.106238
0.0554186 0.862487 9.991E-05 9.991E-05 0.0810957 9.991E-05 9.991E-05 9.991E-05 9.991E-05 9.991E-05 9.991E-05 9.991E-05 9.991E-05
9.99372E-05 9.99372E-05 0.315652 9.99372E-05 9.99372E-05 0.104636 0.213205 9.99372E-05 0.227721 0.0333735 9.99372E-05 0.104713 9.99372E-05
9.99372E-05 9.99372E-05 0.406912 0.0922299 9.99372E-05 0.0187367 0.252921 0.0696213 9.99372E-05 9.99372E-05 9.99372E-05 0.15888 9.99372E-05
9.9937E-05 0.0130513 9.9937E-05 9.9937E-05 0.015731 9.9937E-05 9.9937E-05 9.9937E-05 9.9937E-05 0.246589 0.642405 0.0398526 0.0416719
