9.99098E-05 9.99098E-05 0.0105172 9.99098E-05 9.99098E-05 0.948377 9.99098E-05 9.99098E-05 9.99098E-05 0.0401068 9.99098E-05 9.99098E-05 9.99098E-05
9.99279E-05 0.0686663 9.99279E-05 0.717997 9.99279E-05 0.0623881 0.130352 9.99279E-05 9.99279E-05 9.99279E-05 9.99279E-05 9.99279E-05 0.0197966
0.00629116 9.99197E-05 0.0622662 9.99197E-05 0.304218 9.99197E-05 0.626325 9.99197E-05 9.99197E-05 9.99197E-05 9.99197E-05 9.99197E-05 9.99197E-05
9.9937E-05 9.9937E-05 0.0186262 0.000505879 0.00532585 9.9937E-05 0.885866 0.0451796 9.9937E-05 9.9937E-05 9.9937E-05 0.0437971 9.9937E-05
9.9964E-05 0.00864519 9.9964E-05 0.0946024 0.278521 0.0752326 0.331402 9.9964E-05 0.00675788 0.146474 9.9964E-05 0.0378194 0.0201459
9.9901E-05 9.9901E-05 9.9901E-05 9.9901E-05 9.9901E-05 9.9901E-05 0.974358 9.9901E-05 0.0245429 9.9901E-05 9.9901E-05 9.9901E-05 9.9901E-05
9.9919E-05 9.9919E-05 9.9919E-05 0.0189754 0.474902 9.9919E-05 9.9919E-05 9.9919E-05 9.9919E-05 9.9919E-05 0.239935 9.9919E-05 0.265289
9.99458E-05 9.99458E-05 0.0184551 0.121568 0.5573 9.99458E-05 0.160521 0.000282428 9.99458E-05 0.0548704 9.99458E-05 0.0864026 9.99458E-05
9.99189E-05 9.99189E-05 9.99189E-05 0.132512 0.403518 9.99189E-05 9.99189E-05 9.99189E-05 9.99189E-05 9.99189E-05 0.133782 9.99189E-05 0.329289
9.99012E-05 9.99012E-05 9.99012E-05 9.99012E-05 0.00100686 9.99012E-05 9.99012E-05 9.99012E-05 9.99012E-05 0.997894 9.99012E-05 9.99012E-05 9.99012E-05
9.98923E-05 9.98923E-05 9.98923E-05 9.98923E-05 9.98923E-05 9.98923E-05 9.98923E-05 9.98923E-05 9.98923E-05 0.998801 9.98923E-05 9.98923E-05 9.98923E-05
9.9937E-05 0.0223861 0.136667 9.9937E-05 0.0146882 0.642802 9.9937E-05 0.0320698 9.9937E-05 9.9937E-05 0.150688 9.9937E-05 9.9937E-05
9.99013E-05 9.99013E-05 9.99013E-05 9.99013E-05 0.0412199 9.99013E-05 9.99013E-05 9.99013E-05 9.99013E-05 9.99013E-05 0.957681 9.99013E-05 9.99013E-05
0.00748014 9.9919E-05 9.9919E-05 0.0158856 9.9919E-05 9.9919E-05 0.94412 9.9919E-05 9.9919E-05 9.9919E-05 0.0316154 9.9919E-05 9.9919E-05
9.99101E-05 9.99101E-05 9.99101E-05 9.99101E-05 9.99101E-05 0.0112358 0.983649 9.99101E-05 9.99101E-05 0.00411582 9.99101E-05 9.99101E-05 9.99101E-05
9.9928E-05 9.9928E-05 9.9928E-05 9.9928E-05 9.9928E-05 0.00542411 9.9928E-05 9.9928E-05 0.119748 0.0174439 0.10882 9.9928E-05 0.747765
9.99099E-05 0.951565 9.99099E-05 9.99099E-05 9.99099E-05 9.99099E-05 9.99099E-05 9.99099E-05 9.99099E-05 0.0440106 9.99099E-05 9.99099E-05 0.0034257
0.703419 9.99279E-05 9.99279E-05 0.0684975 9.99279E-05 9.99279E-05 9.99279E-05 9.99279E-05 9.99279E-05 0.14622 9.99279E-05 0.0255628 0.0555007
0.928484 9.991E-05 0.0547095 9.991E-05 9.991E-05 9.991E-05 9.991E-05 9.991E-05 9.991E-05 9.991E-05 0.0158077 9.991E-05 9.991E-05
9.99368E-05 0.0412226 0.0306741 9.99368E-05 9.99368E-05 0.106937 9.99368E-05 9.99368E-05 0.150959 0.365535 9.99368E-05 9.99368E-05 0.303972
0.998801 9.98921E-05 9.98921E-05 9.98921E-05 9.98921E-05 9.98921E-05 9.98921E-05 9.98921E-05 9.98921E-05 9.98921E-05 9.98921E-05 9.98921E-05 9.98921E-05
9.99459E-05 0.0281178 0.0124231 0.00371469 9.99459E-05 0.459061 9.99459E-05 9.99459E-05 9.99459E-05 0.105283 0.0996551 9.99459E-05 0.291145
0.370442 0.259204 0.16198 9.99191E-05 9.99191E-05 9.99191E-05 9.99191E-05 9.99191E-05 9.99191E-05 0.207475 9.99191E-05 9.99191E-05 9.99191E-05
0.861241 9.99099E-05 9.99099E-05 9.99099E-05 9.99099E-05 9.99099E-05 9.99099E-05 9.99099E-05 0.103146 0.0346142 9.99099E-05 9.99099E-05 9.99099E-05
9.99012E-05 9.99012E-05 9.99012E-05 9.99012E-05 9.99012E-05 9.99012E-05 0.365459 0.633442 9.99012E-05 9.99012E-05 9.99012E-05 9.99012E-05 9.99012E-05
9.99012E-05 9.99012E-05 9.99012E-05 9.99012E-05 9.99012E-05 9.99012E-05 0.789877 0.209024 9.99012E-05 9.99012E-05 9.99012E-05 9.99012E-05 9.99012E-05
9.99278E-05 0.059537 0.0293607 9.99278E-05 9.99278E-05 0.0515622 9.99278E-05 9.99278E-05 9.99278E-05 0.0679937 0.790747 9.99278E-05 9.99278E-05
9.9892E-05 9.9892E-05 9.9892E-05 9.9892E-05 9.9892E-05 9.9892E-05 9.9892E-05 0.998801 9.9892E-05 9.9892E-05 9.9892E-05 9.9892E-05 9.9892E-05
9.99011E-05 9.99011E-05 9.99011E-05 9.99011E-05 9.99011E-05 9.99011E-05 9.99011E-05 0.983856 9.99011E-05 9.99011E-05 0.0150453 9.99011E-05 9.99011E-05
0.00198571 9.99551E-05 0.0229135 9.99551E-05 0.210528 0.0301442 0.209409 0.420808 9.99551E-05 9.99551E-05 0.000685052 0.103027 9.99551E-05
9.99459E-05 0.0262698 0.0322799 9.99459E-05 0.380304 9.99459E-05 0.283335 0.181763 0.00774042 9.99459E-05 9.99459E-05 0.0877087 9.99459E-05
9.98923E-05 9.98923E-05 9.98923E-05 0.998801 9.98923E-05 9.98923E-05 9.98923E-05 9.98923E-05 9.98923E-05 9.98923E-05 9.98923E-05 9.98923E-05 9.98923E-05
9.99101E-05 9.99101E-05 9.99101E-05 9.99101E-05 0.141815 9.99101E-05 0.440003 0.417183 9.99101E-05 9.99101E-05 9.99101E-05 9.99101E-05 9.99101E-05
9.99281E-05 9.99281E-05 0.00429889 0.0287577 0.216271 9.99281E-05 9.99281E-05 0.025668 9.99281E-05 9.99281E-05 9.99281E-05 0.724205 9.99281E-05
9.99458E-05 0.276215 0.0965743 9.99458E-05 9.99458E-05 0.0460612 9.99458E-05 0.0477525 0.0364544 0.02316 0.473183 9.99458E-05 9.99458E-05
9.99369E-05 0.00850833 9.99369E-05 0.0175591 0.0138112 9.99369E-05 0.331569 0.617318 0.0105355 9.99369E-05 9.99369E-05 9.99369E-05 9.99369E-05
9.99011E-05 9.99011E-05 9.99011E-05 9.99011E-05 9.99011E-05 0.964846 0.034055 9.99011E-05 9.99011E-05 9.99011E-05 9.99011E-05 9.99011E-05 9.99011E-05
0.00965327 0.0586698 9.9937E-05 0.185325 9.9937E-05 0.120307 9.9937E-05 0.0148044 9.9937E-05 0.610541 9.9937E-05 9.9937E-05 9.9937E-05
9.9892E-05 0.998801 9.9892E-05 9.9892E-05 9.9892E-05 9.9892E-05 9.9892E-05 9.9892E-05 9.9892E-05 9.9892E-05 9.9892E-05 9.9892E-05 9.9892E-05
9.99278E-05 0.167619 9.99278E-05 9.99278E-05 9.99278E-05 0.219463 0.128223 9.99278E-05 9.99278E-05 0.229253 9.99278E-05 9.99278E-05 0.254643
0.00677302 0.130901 9.99368E-05 9.99368E-05 9.99368E-05 0.283295 0.0747964 9.99368E-05 9.99368E-05 0.249075 9.99368E-05 9.99368E-05 0.25446
9.99279E-05 0.0106073 9.99279E-05 9.99279E-05 9.99279E-05 0.0299168 9.99279E-05 9.99279E-05 0.0805268 0.852849 9.99279E-05 9.99279E-05 0.0253008
0.00334642 9.9928E-05 9.9928E-05 9.9928E-05 9.9928E-05 0.00704979 9.9928E-05 9.9928E-05 9.9928E-05 0.0027713 0.0650415 9.9928E-05 0.920992
9.99279E-05 0.0166434 9.99279E-05 9.99279E-05 9.99279E-05 0.00182761 9.99279E-05 9.99279E-05 0.102382 0.873604 0.00474371 9.99279E-05 9.99279E-05
0.0889917 9.99549E-05 0.0428329 0.0650922 9.99549E-05 0.0209985 9.99549E-05 9.99549E-05 0.254939 0.332101 0.066461 9.99549E-05 0.128084
0.00420224 9.9955E-05 9.9955E-05 0.0311191 0.0217431 0.125152 0.0717005 9.9955E-05 0.232019 0.401618 9.9955E-05 9.9955E-05 0.111947
9.9955E-05 0.154176 9.9955E-05 0.0252351 9.9955E-05 0.202045 0.0465264 9.9955E-05 0.353553 0.129598 0.0371781 0.0511886 9.9955E-05
9.98928E-05 9.98928E-05 9.98928E-05 9.98928E-05 9.98928E-05 0.998801 9.98928E-05 9.98928E-05 9.98928E-05 9.98928E-05 9.98928E-05 9.98928E-05 9.98928E-05
9.98921E-05 9.98921E-05 9.98921E-05 9.98921E-05 9.98921E-05 9.98921E-05 9.98921E-05 9.98921E-05 9.98921E-05 9.98921E-05 9.98921E-05 0.998801 9.98921E-05
9.99011E-05 9.99011E-05 9.99011E-05 9.99011E-05 9.99011E-05 9.99011E-05 9.99011E-05 9.99011E-05 0.00375255 9.99011E-05 9.99011E-05 0.995149 9.99011E-05
9.99101E-05 9.99101E-05 9.99101E-05 9.99101E-05 9.99101E-05 9.99101E-05 9.99101E-05 9.99101E-05 9.99101E-05 0.00594961 0.00790999 0.985141 9.99101E-05
9.98922E-05 9.98922E-05 9.98922E-05 9.98922E-05 9.98922E-05 9.98922E-05 9.98922E-05 9.98922E-05 9.98922E-05 9.98922E-05 9.98922E-05 0.998801 9.98922E-05
9.99011E-05 9.99011E-05 9.99011E-05 9.99011E-05 9.99011E-05 9.99011E-05 0.00931791 9.99011E-05 9.99011E-05 9.99011E-05 9.99011E-05 0.989583 9.99011E-05
0.04208 9.99372E-05 9.99372E-05 9.99372E-05 0.312042 9.99372E-05 9.99372E-05 0.188834 9.99372E-05 0.0925683 9.99372E-05 0.359823 0.00395263
9.99011E-05 9.99011E-05 9.99011E-05 0.0785173 9.99011E-05 9.99011E-05 9.99011E-05 9.99011E-05 9.99011E-05 9.99011E-05 9.99011E-05 0.920384 9.99011E-05
9.99099E-05 9.99099E-05 9.99099E-05 9.99099E-05 9.99099E-05 0.800869 9.99099E-05 9.99099E-05 0.0282448 9.99099E-05 9.99099E-05 9.99099E-05 0.169887
9.99369E-05 9.99369E-05 9.99369E-05 0.953812 0.0275465 9.99369E-05 9.99369E-05 0.00565529 0.00115446 9.99369E-05 9.99369E-05 0.00462653 0.00650543
9.99189E-05 0.00719159 9.99189E-05 9.99189E-05 9.99189E-05 9.99189E-05 0.483713 0.490852 0.0173438 9.99189E-05 9.99189E-05 9.99189E-05 9.99189E-05
9.9928E-05 9.9928E-05 0.041511 9.9928E-05 9.9928E-05 0.0215309 9.9928E-05 9.9928E-05 9.9928E-05 9.9928E-05 0.821712 0.00779009 0.106656
9.99191E-05 9.99191E-05 9.99191E-05 9.99191E-05 9.99191E-05 9.99191E-05 9.99191E-05 0.00613644 0.114985 9.99191E-05 0.00952567 9.99191E-05 0.868454
9.99013E-05 9.99013E-05 9.99013E-05 9.99013E-05 0.00641823 9.99013E-05 9.99013E-05 9.99013E-05 9.99013E-05 9.99013E-05 0.992483 9.99013E-05 9.99013E-05
9.99099E-05 9.99099E-05 9.99099E-05 9.99099E-05 9.99099E-05 0.0346278 9.99099E-05 9.99099E-05 9.99099E-05 0.120327 0.844046 9.99099E-05 9.99099E-05
9.99279E-05 0.00997619 0.0371991 9.99279E-05 9.99279E-05 9.99279E-05 9.99279E-05 9.99279E-05 0.0664822 0.0819525 0.803591 9.99279E-05 9.99279E-05
0.869047 9.99192E-05 9.99192E-05 9.99192E-05 0.0164529 0.0851778 9.99192E-05 9.99192E-05 9.99192E-05 0.028423 9.99192E-05 9.99192E-05 9.99192E-05
9.99014E-05 9.99014E-05 9.99014E-05 9.99014E-05 9.99014E-05 9.99014E-05 0.391173 0.607728 9.99014E-05 9.99014E-05 9.99014E-05 9.99014E-05 9.99014E-05
0.0465962 9.9973E-05 0.0344344 0.0747898 0.0810411 0.172669 0.204042 9.9973E-05 0.0111466 9.9973E-05 0.179595 0.0794211 0.115965
9.99192E-05 9.99192E-05 9.99192E-05 9.99192E-05 0.0585395 9.99192E-05 0.916574 9.99192E-05 9.99192E-05 9.99192E-05 0.0177301 9.99192E-05 0.00625677
9.9928E-05 0.00927376 9.9928E-05 9.9928E-05 9.9928E-05 0.0416768 0.756028 0.151168 9.9928E-05 9.9928E-05 9.9928E-05 0.0410541 9.9928E-05
9.9901E-05 9.9901E-05 9.9901E-05 9.9901E-05 9.9901E-05 9.9901E-05 9.9901E-05 0.987061 9.9901E-05 9.9901E-05 9.9901E-05 9.9901E-05 0.0118401
9.98922E-05 9.98922E-05 9.98922E-05 9.98922E-05 9.98922E-05 9.98922E-05 9.98922E-05 0.998801 9.98922E-05 9.98922E-05 9.98922E-05 9.98922E-05 9.98922E-05
9.9946E-05 0.00350128 9.9946E-05 0.00274313 0.130127 9.9946E-05 0.585312 0.227025 0.00535643 0.0453359 9.9946E-05 9.9946E-05 9.9946E-05
9.99099E-05 0.016219 9.99099E-05 9.99099E-05 9.99099E-05 9.99099E-05 0.467386 0.515396 9.99099E-05 9.99099E-05 9.99099E-05 9.99099E-05 9.99099E-05
9.99098E-05 9.99098E-05 9.99098E-05 9.99098E-05 0.842585 9.99098E-05 0.0536825 9.99098E-05 9.99098E-05 9.99098E-05 9.99098E-05 0.102733 9.99098E-05
9.99009E-05 9.99009E-05 9.99009E-05 9.99009E-05 0.987263 9.99009E-05 9.99009E-05 0.0116386 9.99009E-05 9.99009E-05 9.99009E-05 9.99009E-05 9.99009E-05
9.9919E-05 9.9919E-05 9.9919E-05 9.9919E-05 9.9919E-05 9.9919E-05 0.926181 0.0340128 9.9919E-05 9.9919E-05 9.9919E-05 0.00816539 0.0307413
9.991E-05 9.991E-05 0.0241881 9.991E-05 9.991E-05 9.991E-05 9.991E-05 9.991E-05 9.991E-05 9.991E-05 9.991E-05 0.012922 0.961891
9.99189E-05 9.99189E-05 0.00231139 9.99189E-05 9.99189E-05 9.99189E-05 0.00925046 9.99189E-05 9.99189E-05 9.99189E-05 9.99189E-05 0.0197833 0.967756
9.98921E-05 9.98921E-05 0.998801 9.98921E-05 9.98921E-05 9.98921E-05 9.98921E-05 9.98921E-05 9.98921E-05 9.98921E-05 9.98921E-05 9.98921E-05 9.98921E-05
9.99012E-05 9.99012E-05 0.996887 9.99012E-05 9.99012E-05 9.99012E-05 9.99012E-05 9.99012E-05 9.99012E-05 9.99012E-05 0.00201427 9.99012E-05 9.99012E-05
9.99369E-05 9.99369E-05 9.99369E-05 0.0499875 9.99369E-05 0.031738 9.99369E-05 0.00354653 9.99369E-05 0.801657 0.00316123 9.99369E-05 0.109211
9.9928E-05 9.9928E-05 9.9928E-05 9.9928E-05 9.9928E-05 0.0239561 9.9928E-05 0.00626801 9.9928E-05 0.774317 0.0372225 9.9928E-05 0.157437
9.99012E-05 9.99012E-05 0.98626 9.99012E-05 0.0126413 9.99012E-05 9.99012E-05 9.99012E-05 9.99012E-05 9.99012E-05 9.99012E-05 9.99012E-05 9.99012E-05
9.99011E-05 9.99011E-05 0.994105 9.99011E-05 9.99011E-05 0.00479602 9.99011E-05 9.99011E-05 9.99011E-05 9.99011E-05 9.99011E-05 9.99011E-05 9.99011E-05
9.99189E-05 9.99189E-05 9.99189E-05 9.99189E-05 9.99189E-05 0.900546 9.99189E-05 9.99189E-05 0.0014302 9.99189E-05 0.0398773 9.99189E-05 0.0572475
0.077362 0.0127201 9.994E-05 0.0657955 9.994E-05 0.0132335 9.994E-05 9.994E-05 9.994E-05 0.142314 0.184401 9.994E-05 0.503575
9.9901E-05 9.9901E-05 9.9901E-05 0.929863 9.9901E-05 9.9901E-05 9.9901E-05 9.9901E-05 9.9901E-05 9.9901E-05 9.9901E-05 0.0690383 9.9901E-05
9.98919E-05 9.98919E-05 9.98919E-05 9.98919E-05 9.98919E-05 9.98919E-05 9.98919E-05 9.98919E-05 0.998801 9.98919E-05 9.98919E-05 9.98919E-05 9.98919E-05
9.9937E-05 0.0139063 0.0567877 9.9937E-05 9.9937E-05 0.0232081 9.9937E-05 9.9937E-05 0.813712 9.9937E-05 0.082106 9.9937E-05 0.00958079
0.00800622 9.99371E-05 0.0514254 9.99371E-05 0.492584 9.99371E-05 0.017086 0.368995 9.99371E-05 9.99371E-05 9.99371E-05 0.061204 9.99371E-05
