9.99099E-05 9.99099E-05 0.0176502 9.99099E-05 9.99099E-05 9.99099E-05 9.99099E-05 0.970544 9.99099E-05 9.99099E-05 9.99099E-05 9.99099E-05 0.0108066
9.99279E-05 9.99279E-05 0.00608878 9.99279E-05 9.99279E-05 0.741136 9.99279E-05 0.0581044 9.99279E-05 0.18828 9.99279E-05 9.99279E-05 0.00559175
9.99465E-05 9.99465E-05 9.99465E-05 0.0774363 0.0364805 0.0216385 9.99465E-05 9.99465E-05 0.0579665 0.325686 9.99465E-05 0.443597 0.0365958
9.9919E-05 9.9919E-05 9.9919E-05 9.9919E-05 9.9919E-05 9.9919E-05 0.0247292 9.9919E-05 9.9919E-05 0.833283 9.9919E-05 0.111281 0.0298079
9.99461E-05 0.234489 0.135022 0.0710753 9.99461E-05 0.0396227 0.0783964 0.0256896 9.99461E-05 0.415105 9.99461E-05 9.99461E-05 9.99461E-05
9.9892E-05 9.9892E-05 9.9892E-05 9.9892E-05 9.9892E-05 9.9892E-05 9.9892E-05 9.9892E-05 9.9892E-05 0.998801 9.9892E-05 9.9892E-05 9.9892E-05
9.9892E-05 0.998801 9.9892E-05 9.9892E-05 9.9892E-05 9.9892E-05 9.9892E-05 9.9892E-05 9.9892E-05 9.9892E-05 9.9892E-05 9.9892E-05 9.9892E-05
9.99279E-05 9.99279E-05 0.0791125 0.760829 9.99279E-05 0.103195 0.0372805 9.99279E-05 9.99279E-05 9.99279E-05 9.99279E-05 0.0187837 9.99279E-05
9.991E-05 0.929734 9.991E-05 9.991E-05 9.991E-05 0.0556418 0.0136253 9.991E-05 9.991E-05 9.991E-05 9.991E-05 9.991E-05 9.991E-05
9.9901E-05 0.141128 0.857773 9.9901E-05 9.9901E-05 9.9901E-05 9.9901E-05 9.9901E-05 9.9901E-05 9.9901E-05 9.9901E-05 9.9901E-05 9.9901E-05
9.9901E-05 0.109981 0.88892 9.9901E-05 9.9901E-05 9.9901E-05 9.9901E-05 9.9901E-05 9.9901E-05 9.9901E-05 9.9901E-05 9.9901E-05 9.9901E-05
9.9919E-05 9.9919E-05 9.9919E-05 9.9919E-05 9.9919E-05 9.9919E-05 9.9919E-05 0.65335 0.19798 9.9919E-05 9.9919E-05 0.00810246 0.139668
9.99012E-05 0.0651512 9.99012E-05 9.99012E-05 9.99012E-05 9.99012E-05 9.99012E-05 9.99012E-05 0.93375 9.99012E-05 9.99012E-05 9.99012E-05 9.99012E-05
9.991E-05 9.991E-05 9.991E-05 9.991E-05 0.0269097 0.00976711 9.991E-05 9.991E-05 9.991E-05 0.962324 9.991E-05 9.991E-05 9.991E-05
9.991E-05 9.991E-05 9.991E-05 9.991E-05 0.0284262 9.991E-05 9.991E-05 0.00263818 9.991E-05 0.967936 9.991E-05 9.991E-05 9.991E-05
9.991E-05 9.991E-05 0.029343 9.991E-05 9.991E-05 9.991E-05 9.991E-05 9.991E-05 0.160057 9.991E-05 0.809601 9.991E-05 9.991E-05
0.10323 9.99371E-05 0.334017 0.0203031 9.99371E-05 9.99371E-05 9.99371E-05 9.99371E-05 0.233901 9.99371E-05 0.0688893 9.99371E-05 0.23896
9.99188E-05 9.99188E-05 0.145297 9.99188E-05 0.799158 0.0514696 9.99188E-05 9.99188E-05 9.99188E-05 9.99188E-05 9.99188E-05 9.99188E-05 0.00317687
0.998801 9.98921E-05 9.98921E-05 9.98921E-05 9.98921E-05 9.98921E-05 9.98921E-05 9.98921E-05 9.98921E-05 9.98921E-05 9.98921E-05 9.98921E-05 9.98921E-05
0.0201662 9.9928E-05 0.475492 9.9928E-05 9.9928E-05 9.9928E-05 9.9928E-05 0.142634 9.9928E-05 9.9928E-05 0.323984 9.9928E-05 0.036925
0.00128126 9.9901E-05 9.9901E-05 9.9901E-05 0.99762 9.9901E-05 9.9901E-05 9.9901E-05 9.9901E-05 9.9901E-05 9.9901E-05 9.9901E-05 9.9901E-05
9.99279E-05 9.99279E-05 0.164183 9.99279E-05 9.99279E-05 9.99279E-05 9.99279E-05 0.481188 0.0651425 9.99279E-05 0.287513 9.99279E-05 0.00117407
0.45285 9.9946E-05 0.28794 0.016003 9.9946E-05 9.9946E-05 0.00977084 9.9946E-05 9.9946E-05 0.00596563 9.9946E-05 0.00423294 0.222638
0.998801 9.98919E-05 9.98919E-05 9.98919E-05 9.98919E-05 9.98919E-05 9.98919E-05 9.98919E-05 9.98919E-05 9.98919E-05 9.98919E-05 9.98919E-05 9.98919E-05
9.99011E-05 9.99011E-05 9.99011E-05 9.99011E-05 9.99011E-05 9.99011E-05 9.99011E-05 9.99011E-05 9.99011E-05 0.452201 9.99011E-05 0.5467 9.99011E-05
9.99011E-05 9.99011E-05 9.99011E-05 9.99011E-05 9.99011E-05 9.99011E-05 9.99011E-05 9.99011E-05 9.99011E-05 0.830923 9.99011E-05 0.167978 9.99011E-05
9.99369E-05 9.99369E-05 0.0704347 9.99369E-05 9.99369E-05 0.00534787 9.99369E-05 0.0542251 0.810034 9.99369E-05 0.0345416 9.99369E-05 0.024717
9.99011E-05 9.99011E-05 9.99011E-05 9.99011E-05 9.99011E-05 9.99011E-05 0.00222995 9.99011E-05 9.99011E-05 9.99011E-05 9.99011E-05 0.996671 9.99011E-05
9.9892E-05 9.9892E-05 9.9892E-05 9.9892E-05 9.9892E-05 9.9892E-05 9.9892E-05 9.9892E-05 9.9892E-05 9.9892E-05 9.9892E-05 0.998801 9.9892E-05
0.00768232 9.99731E-05 9.99731E-05 0.35208 0.0104256 0.003136 0.0508385 0.0176208 0.00636341 0.293695 9.99731E-05 0.243902 0.0139563
9.99279E-05 9.99279E-05 9.99279E-05 0.729714 9.99279E-05 9.99279E-05 0.00027583 9.99279E-05 9.99279E-05 0.191873 9.99279E-05 0.0494353 0.0279018
9.98923E-05 9.98923E-05 9.98923E-05 9.98923E-05 9.98923E-05 0.998801 9.98923E-05 9.98923E-05 9.98923E-05 9.98923E-05 9.98923E-05 9.98923E-05 9.98923E-05
9.99191E-05 9.99191E-05 9.99191E-05 0.117308 9.99191E-05 9.99191E-05 9.99191E-05 9.99191E-05 9.99191E-05 0.687241 0.0056837 0.188868 9.99191E-05
9.99282E-05 0.0131981 9.99282E-05 0.232899 9.99282E-05 0.0342159 0.695072 9.99282E-05 9.99282E-05 9.99282E-05 9.99282E-05 0.0238156 9.99282E-05
9.99278E-05 9.99278E-05 0.0588659 0.0952188 9.99278E-05 9.99278E-05 9.99278E-05 0.0498984 0.606522 9.99278E-05 9.99278E-05 9.99278E-05 0.188696
9.99099E-05 9.99099E-05 9.99099E-05 0.0197223 9.99099E-05 9.99099E-05 9.99099E-05 9.99099E-05 9.99099E-05 0.507562 9.99099E-05 0.471717 9.99099E-05
9.99011E-05 9.99011E-05 9.99011E-05 0.0276059 9.99011E-05 9.99011E-05 9.99011E-05 0.971295 9.99011E-05 9.99011E-05 9.99011E-05 9.99011E-05 9.99011E-05
0.0097476 9.9928E-05 0.648569 9.9928E-05 9.9928E-05 0.20581 9.9928E-05 0.110679 9.9928E-05 0.0243959 9.9928E-05 9.9928E-05 9.9928E-05
0.0837428 9.9955E-05 0.151064 0.0641629 9.9955E-05 9.9955E-05 9.9955E-05 0.0147202 0.244968 0.0974501 0.0145332 9.9955E-05 0.32886
9.99278E-05 9.99278E-05 0.395694 9.99278E-05 9.99278E-05 9.99278E-05 9.99278E-05 0.204122 9.99278E-05 0.141705 0.251552 9.99278E-05 0.00612806
9.99459E-05 9.99459E-05 0.363646 9.99459E-05 0.0320885 0.0155993 9.99459E-05 0.234747 9.99459E-05 0.071885 0.250146 9.99459E-05 0.031288
9.99099E-05 9.99099E-05 0.91268 9.99099E-05 9.99099E-05 9.99099E-05 9.99099E-05 0.0358861 9.99099E-05 9.99099E-05 0.0504344 9.99099E-05 9.99099E-05
0.00130782 0.0483233 9.9937E-05 9.9937E-05 0.0052587 9.9937E-05 9.9937E-05 0.0324337 0.0538518 9.9937E-05 0.858125 9.9937E-05 9.9937E-05
9.9928E-05 9.9928E-05 0.89849 0.000764089 9.9928E-05 9.9928E-05 9.9928E-05 0.0486766 0.0430015 9.9928E-05 9.9928E-05 0.00826857 9.9928E-05
0.143293 0.0159875 0.413689 9.99549E-05 9.99549E-05 0.11775 9.99549E-05 0.0220723 0.155125 9.99549E-05 0.0382663 9.99549E-05 0.0933165
9.994E-05 9.994E-05 0.574656 9.994E-05 0.0449539 0.054211 9.994E-05 0.102619 0.0164905 0.082373 0.124097 9.994E-05 9.994E-05
9.9946E-05 0.0312605 0.285274 9.9946E-05 9.9946E-05 9.9946E-05 0.0169884 0.251149 0.243244 0.115466 9.9946E-05 9.9946E-05 0.0560198
9.99017E-05 9.99017E-05 9.99017E-05 9.99017E-05 9.99017E-05 0.0037188 9.99017E-05 0.995182 9.99017E-05 9.99017E-05 9.99017E-05 9.99017E-05 9.99017E-05
9.98921E-05 9.98921E-05 9.98921E-05 9.98921E-05 9.98921E-05 9.98921E-05 0.998801 9.98921E-05 9.98921E-05 9.98921E-05 9.98921E-05 9.98921E-05 9.98921E-05
9.98921E-05 9.98921E-05 9.98921E-05 9.98921E-05 9.98921E-05 9.98921E-05 0.998801 9.98921E-05 9.98921E-05 9.98921E-05 9.98921E-05 9.98921E-05 9.98921E-05
9.99101E-05 9.99101E-05 0.00368861 9.99101E-05 9.99101E-05 9.99101E-05 0.987801 9.99101E-05 9.99101E-05 9.99101E-05 9.99101E-05 9.99101E-05 0.00751132
9.99012E-05 9.99012E-05 9.99012E-05 9.99012E-05 9.99012E-05 9.99012E-05 0.99291 0.00599083 9.99012E-05 9.99012E-05 9.99012E-05 9.99012E-05 9.99012E-05
9.99011E-05 9.99011E-05 9.99011E-05 9.99011E-05 9.99011E-05 9.99011E-05 0.984654 9.99011E-05 9.99011E-05 9.99011E-05 9.99011E-05 0.0142467 9.99011E-05
0.0401764 0.0720296 0.0644467 0.405198 9.99461E-05 9.99461E-05 0.325264 9.99461E-05 9.99461E-05 9.99461E-05 0.0330083 0.0592764 9.99461E-05
9.9901E-05 9.9901E-05 9.9901E-05 9.9901E-05 9.9901E-05 0.109894 0.889008 9.9901E-05 9.9901E-05 9.9901E-05 9.9901E-05 9.9901E-05 9.9901E-05
9.99098E-05 9.99098E-05 9.99098E-05 9.99098E-05 9.99098E-05 9.99098E-05 9.99098E-05 0.805842 0.00916166 9.99098E-05 0.183997 9.99098E-05 9.99098E-05
9.99279E-05 0.0226074 9.99279E-05 9.99279E-05 9.99279E-05 0.903308 0.0385695 9.99279E-05 9.99279E-05 9.99279E-05 0.0144612 0.020255 9.99279E-05
9.99009E-05 9.99009E-05 9.99009E-05 9.99009E-05 9.99009E-05 9.99009E-05 9.99009E-05 9.99009E-05 9.99009E-05 0.615547 9.99009E-05 0.383354 9.99009E-05
9.9928E-05 0.00779504 9.9928E-05 9.9928E-05 9.9928E-05 9.9928E-05 0.0129606 0.0539748 0.816876 9.9928E-05 0.107595 9.9928E-05 9.9928E-05
9.99013E-05 9.99013E-05 9.99013E-05 9.99013E-05 9.99013E-05 9.99013E-05 9.99013E-05 9.99013E-05 0.0680466 9.99013E-05 0.930854 9.99013E-05 9.99013E-05
9.99013E-05 0.0596692 9.99013E-05 9.99013E-05 9.99013E-05 9.99013E-05 9.99013E-05 9.99013E-05 0.939232 9.99013E-05 9.99013E-05 9.99013E-05 9.99013E-05
9.99098E-05 9.99098E-05 0.0764816 9.99098E-05 9.99098E-05 0.037618 9.99098E-05 9.99098E-05 0.884901 9.99098E-05 9.99098E-05 9.99098E-05 9.99098E-05
9.99098E-05 9.99098E-05 0.104846 9.99098E-05 9.99098E-05 9.99098E-05 9.99098E-05 9.99098E-05 0.868073 9.99098E-05 9.99098E-05 9.99098E-05 0.0260818
9.99102E-05 9.99102E-05 0.001112 9.99102E-05 0.968599 9.99102E-05 9.99102E-05 0.0292898 9.99102E-05 9.99102E-05 9.99102E-05 9.99102E-05 9.99102E-05
9.99013E-05 9.99013E-05 9.99013E-05 9.99013E-05 9.99013E-05 9.99013E-05 9.99013E-05 9.99013E-05 9.99013E-05 0.375068 9.99013E-05 0.623833 9.99013E-05
9.9964E-05 0.0474167 0.265287 9.9964E-05 0.0929785 9.9964E-05 0.0937864 0.0753433 0.0644553 0.150344 9.9964E-05 0.148016 0.0619726
9.99193E-05 0.0015711 9.99193E-05 9.99193E-05 9.99193E-05 9.99193E-05 0.047097 9.99193E-05 9.99193E-05 0.796825 9.99193E-05 0.153608 9.99193E-05
9.9928E-05 0.0253609 9.9928E-05 0.023714 9.9928E-05 9.9928E-05 9.9928E-05 0.0134372 9.9928E-05 0.777433 9.9928E-05 0.159255 9.9928E-05
9.99011E-05 9.99011E-05 9.99011E-05 9.99011E-05 9.99011E-05 9.99011E-05 9.99011E-05 9.99011E-05 9.99011E-05 9.99011E-05 0.0242184 0.974683 9.99011E-05
9.991E-05 9.991E-05 9.991E-05 9.991E-05 0.0102258 9.991E-05 9.991E-05 0.0182637 9.991E-05 9.991E-05 9.991E-05 0.970511 9.991E-05
9.99281E-05 9.99281E-05 0.0273419 0.199407 9.99281E-05 9.99281E-05 9.99281E-05 9.99281E-05 9.99281E-05 0.703493 9.99281E-05 0.0401168 0.0288415
9.99099E-05 9.99099E-05 9.99099E-05 9.99099E-05 9.99099E-05 9.99099E-05 0.014325 9.99099E-05 9.99099E-05 0.612475 9.99099E-05 0.372201 9.99099E-05
9.9892E-05 9.9892E-05 9.9892E-05 0.998801 9.9892E-05 9.9892E-05 9.9892E-05 9.9892E-05 9.9892E-05 9.9892E-05 9.9892E-05 9.9892E-05 9.9892E-05
9.99191E-05 0.115013 9.99191E-05 0.825457 9.99191E-05 9.99191E-05 9.99191E-05 9.99191E-05 0.0332888 9.99191E-05 9.99191E-05 0.0253418 9.99191E-05
9.99281E-05 9.99281E-05 9.99281E-05 9.99281E-05 0.00361425 9.99281E-05 0.0293682 9.99281E-05 9.99281E-05 0.801025 0.00434204 0.160851 9.99281E-05
9.9901E-05 9.9901E-05 9.9901E-05 9.9901E-05 9.9901E-05 9.9901E-05 0.0186921 9.9901E-05 9.9901E-05 9.9901E-05 0.980209 9.9901E-05 9.9901E-05
9.9919E-05 9.9919E-05 9.9919E-05 0.00295051 9.9919E-05 9.9919E-05 0.00408174 9.9919E-05 9.9919E-05 9.9919E-05 0.989127 0.00294182 9.9919E-05
9.9892E-05 9.9892E-05 9.9892E-05 9.9892E-05 9.9892E-05 9.9892E-05 9.9892E-05 9.9892E-05 9.9892E-05 9.9892E-05 9.9892E-05 9.9892E-05 0.998801
9.98921E-05 9.98921E-05 9.98921E-05 9.98921E-05 9.98921E-05 9.98921E-05 9.98921E-05 9.98921E-05 9.98921E-05 9.98921E-05 9.98921E-05 9.98921E-05 0.998801
9.99369E-05 9.99369E-05 0.81657 9.99369E-05 9.99369E-05 0.0843424 9.99369E-05 0.0174575 0.000868377 9.99369E-05 0.0796631 0.000398835 9.99369E-05
9.99303E-05 9.99303E-05 0.760204 9.99303E-05 9.99303E-05 0.0568684 9.99303E-05 0.0159982 0.0392926 9.99303E-05 0.126838 9.99303E-05 9.99303E-05
9.99101E-05 9.99101E-05 0.00312615 9.99101E-05 9.99101E-05 0.00787451 9.99101E-05 9.99101E-05 9.99101E-05 9.99101E-05 9.99101E-05 9.99101E-05 0.988
9.9892E-05 9.9892E-05 9.9892E-05 9.9892E-05 9.9892E-05 9.9892E-05 9.9892E-05 9.9892E-05 9.9892E-05 9.9892E-05 9.9892E-05 9.9892E-05 0.998801
9.991E-05 0.00956315 9.991E-05 9.991E-05 9.991E-05 9.991E-05 9.991E-05 0.954703 9.991E-05 9.991E-05 0.0347345 9.991E-05 9.991E-05
0.00958081 0.106619 0.205435 9.995E-05 0.0713499 0.0227523 9.995E-05 0.0175511 0.153218 9.995E-05 0.412994 9.995E-05 9.995E-05
9.991E-05 0.0619999 9.991E-05 9.991E-05 9.991E-05 0.924684 0.0123165 9.991E-05 9.991E-05 9.991E-05 9.991E-05 9.991E-05 9.991E-05
0.17966 9.99282E-05 0.259926 9.99282E-05 9.99282E-05 9.99282E-05 9.99282E-05 9.99282E-05 0.389836 0.0812648 9.99282E-05 9.99282E-05 0.0885136
0.0946529 9.99372E-05 9.99372E-05 9.99372E-05 9.99372E-05 9.99372E-05 9.99372E-05 0.144527 0.510414 0.00291818 0.0322384 9.99372E-05 0.21455
9.99101E-05 9.99101E-05 9.99101E-05 0.8319 9.99101E-05 9.99101E-05 9.99101E-05 9.99101E-05 9.99101E-05 9.99101E-05 9.99101E-05 0.123621 0.0434802
