0.950433 9.99099E-05 0.0165301 0.0320381 9.99099E-05 9.99099E-05 9.99099E-05 9.99099E-05 9.99099E-05 9.99099E-05 9.99099E-05 9.99099E-05 9.99099E-05
0.0932308 0.136176 9.99187E-05 9.99187E-05 9.99187E-05 0.124072 9.99187E-05 9.99187E-05 9.99187E-05 9.99187E-05 9.99187E-05 0.645621 9.99187E-05
9.99286E-05 0.651223 9.99286E-05 0.033156 9.99286E-05 9.99286E-05 0.0469351 0.0983592 0.169527 9.99286E-05 9.99286E-05 9.99286E-05 9.99286E-05
9.991E-05 0.936484 9.991E-05 0.0470099 9.991E-05 9.991E-05 9.991E-05 9.991E-05 0.0155068 9.991E-05 9.991E-05 9.991E-05 9.991E-05
0.0274229 0.346253 0.132389 9.99461E-05 0.0665975 9.99461E-05 9.99461E-05 9.99461E-05 0.148316 9.99461E-05 0.0116494 0.266773 9.99461E-05
9.99011E-05 0.936702 9.99011E-05 9.99011E-05 0.0621992 9.99011E-05 9.99011E-05 9.99011E-05 9.99011E-05 9.99011E-05 9.99011E-05 9.99011E-05 9.99011E-05
9.99013E-05 9.99013E-05 9.99013E-05 9.99013E-05 9.99013E-05 9.99013E-05 0.335739 9.99013E-05 9.99013E-05 9.99013E-05 9.99013E-05 0.663162 9.99013E-05
9.99369E-05 0.0869917 0.0690137 0.00678638 9.99369E-05 9.99369E-05 9.99369E-05 9.99369E-05 0.644864 9.99369E-05 0.0580691 0.133575 9.99369E-05
9.99102E-05 9.99102E-05 9.99102E-05 9.99102E-05 9.99102E-05 9.99102E-05 0.185987 9.99102E-05 9.99102E-05 0.0662394 9.99102E-05 0.746775 9.99102E-05
9.99013E-05 9.99013E-05 0.987391 9.99013E-05 9.99013E-05 9.99013E-05 9.99013E-05 9.99013E-05 9.99013E-05 9.99013E-05 9.99013E-05 0.0115104 9.99013E-05
9.98923E-05 9.98923E-05 0.998801 9.98923E-05 9.98923E-05 9.98923E-05 9.98923E-05 9.98923E-05 9.98923E-05 9.98923E-05 9.98923E-05 9.98923E-05 9.98923E-05
0.674262 0.0170536 9.9919E-05 0.142103 9.9919E-05 9.9919E-05 0.165682 9.9919E-05 9.9919E-05 9.9919E-05 9.9919E-05 9.9919E-05 9.9919E-05
9.99012E-05 9.99012E-05 9.99012E-05 9.99012E-05 9.99012E-05 9.99012E-05 0.973621 9.99012E-05 0.0252801 9.99012E-05 9.99012E-05 9.99012E-05 9.99012E-05
0.0220546 0.910803 9.99281E-05 9.99281E-05 9.99281E-05 0.0312605 9.99281E-05 9.99281E-05 9.99281E-05 9.99281E-05 9.99281E-05 0.0162589 0.0188237
0.034717 0.929112 0.00584748 0.00524868 0.014398 9.99371E-05 9.99371E-05 0.00997737 9.99371E-05 9.99371E-05 9.99371E-05 9.99371E-05 9.99371E-05
9.9919E-05 9.9919E-05 0.0974316 9.9919E-05 0.0178347 9.9919E-05 0.130034 9.9919E-05 9.9919E-05 0.7538 9.9919E-05 9.9919E-05 9.9919E-05
9.9901E-05 9.9901E-05 0.0825834 9.9901E-05 9.9901E-05 0.916318 9.9901E-05 9.9901E-05 9.9901E-05 9.9901E-05 9.9901E-05 9.9901E-05 9.9901E-05
9.98919E-05 9.98919E-05 9.98919E-05 9.98919E-05 9.98919E-05 9.98919E-05 9.98919E-05 0.998801 9.98919E-05 9.98919E-05 9.98919E-05 9.98919E-05 9.98919E-05
9.99009E-05 9.99009E-05 9.99009E-05 0.0446541 9.99009E-05 9.99009E-05 9.99009E-05 9.99009E-05 9.99009E-05 9.99009E-05 9.99009E-05 9.99009E-05 0.954247
0.0960134 9.99369E-05 0.455975 0.0660324 0.0379883 0.0167912 9.99369E-05 9.99369E-05 9.99369E-05 0.326501 9.99369E-05 9.99369E-05 9.99369E-05
9.99011E-05 9.99011E-05 9.99011E-05 9.99011E-05 9.99011E-05 9.99011E-05 9.99011E-05 0.129787 9.99011E-05 9.99011E-05 9.99011E-05 9.99011E-05 0.869114
0.521428 9.99369E-05 0.0775127 9.99369E-05 9.99369E-05 0.0619599 0.0250552 0.0257393 9.99369E-05 0.287605 9.99369E-05 9.99369E-05 9.99369E-05
9.9892E-05 9.9892E-05 9.9892E-05 9.9892E-05 0.998801 9.9892E-05 9.9892E-05 9.9892E-05 9.9892E-05 9.9892E-05 9.9892E-05 9.9892E-05 9.9892E-05
9.99097E-05 9.99097E-05 9.99097E-05 9.99097E-05 0.349483 9.99097E-05 9.99097E-05 0.0255185 9.99097E-05 9.99097E-05 9.99097E-05 9.99097E-05 0.624
9.99012E-05 0.98063 9.99012E-05 9.99012E-05 9.99012E-05 9.99012E-05 9.99012E-05 9.99012E-05 9.99012E-05 9.99012E-05 0.0182707 9.99012E-05 9.99012E-05
9.98923E-05 0.998801 9.98923E-05 9.98923E-05 9.98923E-05 9.98923E-05 9.98923E-05 9.98923E-05 9.98923E-05 9.98923E-05 9.98923E-05 9.98923E-05 9.98923E-05
0.10656 9.99278E-05 0.0696452 0.0472999 9.99278E-05 0.0304306 0.745265 9.99278E-05 9.99278E-05 9.99278E-05 9.99278E-05 9.99278E-05 9.99278E-05
9.99011E-05 0.914442 9.99011E-05 9.99011E-05 9.99011E-05 9.99011E-05 9.99011E-05 9.99011E-05 9.99011E-05 9.99011E-05 0.0844587 9.99011E-05 9.99011E-05
9.9928E-05 0.900871 9.9928E-05 9.9928E-05 9.9928E-05 9.9928E-05 0.00535784 9.9928E-05 0.000786583 0.0328561 0.0593287 9.9928E-05 9.9928E-05
9.99461E-05 0.543645 9.99461E-05 0.00943406 9.99461E-05 0.0239214 9.99461E-05 9.99461E-05 0.2385 9.99461E-05 0.133251 0.0233189 0.02733
9.99338E-05 0.300602 9.99338E-05 0.0361042 9.99338E-05 0.0164592 9.99338E-05 9.99338E-05 0.562763 9.99338E-05 0.0832716 9.99338E-05 9.99338E-05
9.98923E-05 9.98923E-05 9.98923E-05 9.98923E-05 9.98923E-05 9.98923E-05 9.98923E-05 9.98923E-05 9.98923E-05 9.98923E-05 9.98923E-05 0.998801 9.98923E-05
9.99191E-05 0.830186 9.99191E-05 9.99191E-05 9.99191E-05 0.00559372 9.99191E-05 9.99191E-05 0.138713 0.0246087 9.99191E-05 9.99191E-05 9.99191E-05
9.99281E-05 9.99281E-05 0.00313523 0.00701006 9.99281E-05 9.99281E-05 9.99281E-05 9.99281E-05 0.255961 9.99281E-05 0.722125 0.0109696 9.99281E-05
0.0471686 9.99367E-05 0.0581712 0.0967157 9.99367E-05 0.274487 0.464262 9.99367E-05 0.0584961 9.99367E-05 9.99367E-05 9.99367E-05 9.99367E-05
9.99369E-05 0.929155 9.99369E-05 0.000255391 9.99369E-05 0.0176404 0.0280962 9.99369E-05 0.00956931 0.0145845 9.99369E-05 9.99369E-05 9.99369E-05
0.963176 9.99011E-05 9.99011E-05 9.99011E-05 9.99011E-05 9.99011E-05 9.99011E-05 9.99011E-05 0.0357246 9.99011E-05 9.99011E-05 9.99011E-05 9.99011E-05
0.0730682 9.99459E-05 0.660597 9.99459E-05 0.00509648 0.019001 9.99459E-05 0.0210367 0.0436099 9.99459E-05 9.99459E-05 0.176991 9.99459E-05
9.9892E-05 9.9892E-05 9.9892E-05 9.9892E-05 9.9892E-05 0.998801 9.9892E-05 9.9892E-05 9.9892E-05 9.9892E-05 9.9892E-05 9.9892E-05 9.9892E-05
0.244577 0.0669426 0.200772 9.99368E-05 9.99368E-05 0.168812 9.99368E-05 0.0465863 9.99368E-05 0.271612 9.99368E-05 9.99368E-05 9.99368E-05
0.240622 0.0279349 0.255627 9.99368E-05 9.99368E-05 0.125596 9.99368E-05 0.077829 9.99368E-05 0.271691 9.99368E-05 9.99368E-05 9.99368E-05
0.0119395 9.9919E-05 0.920701 9.9919E-05 9.9919E-05 0.0554138 9.9919E-05 9.9919E-05 9.9919E-05 0.0110463 9.9919E-05 9.9919E-05 9.9919E-05
9.991E-05 9.991E-05 0.0544815 9.991E-05 9.991E-05 9.991E-05 0.0404834 9.991E-05 9.991E-05 0.904036 9.991E-05 9.991E-05 9.991E-05
0.0531032 9.9928E-05 0.88773 0.00592662 9.9928E-05 0.0211117 0.0313288 9.9928E-05 9.9928E-05 9.9928E-05 9.9928E-05 9.9928E-05 9.9928E-05
0.0768423 9.99459E-05 0.258332 0.00391814 0.455253 9.99459E-05 0.108471 9.99459E-05 9.99459E-05 0.0820972 9.99459E-05 0.0144865 9.99459E-05
0.161695 0.0541142 0.418657 9.9955E-05 0.170372 9.9955E-05 9.9955E-05 9.9955E-05 0.0150208 0.14283 9.9955E-05 0.0344601 0.00235119
0.217375 0.0873009 0.156654 9.9955E-05 0.126866 0.250813 0.108732 9.9955E-05 9.9955E-05 9.9955E-05 0.0467128 0.00504586 9.9955E-05
0.953147 9.99016E-05 9.99016E-05 9.99016E-05 9.99016E-05 9.99016E-05 9.99016E-05 0.0457537 9.99016E-05 9.99016E-05 9.99016E-05 9.99016E-05 9.99016E-05
9.98922E-05 9.98922E-05 9.98922E-05 9.98922E-05 9.98922E-05 9.98922E-05 9.98922E-05 9.98922E-05 9.98922E-05 9.98922E-05 0.998801 9.98922E-05 9.98922E-05
9.99011E-05 9.99011E-05 9.99011E-05 9.99011E-05 9.99011E-05 9.99011E-05 9.99011E-05 0.00647873 9.99011E-05 9.99011E-05 0.992422 9.99011E-05 9.99011E-05
9.98922E-05 9.98922E-05 9.98922E-05 9.98922E-05 9.98922E-05 9.98922E-05 9.98922E-05 9.98922E-05 9.98922E-05 9.98922E-05 0.998801 9.98922E-05 9.98922E-05
9.98922E-05 9.98922E-05 9.98922E-05 9.98922E-05 9.98922E-05 9.98922E-05 9.98922E-05 9.98922E-05 9.98922E-05 9.98922E-05 0.998801 9.98922E-05 9.98922E-05
9.99012E-05 9.99012E-05 9.99012E-05 9.99012E-05 9.99012E-05 9.99012E-05 9.99012E-05 0.000191419 9.99012E-05 9.99012E-05 0.99871 9.99012E-05 9.99012E-05
0.000569021 9.99371E-05 9.99371E-05 9.99371E-05 0.0660363 9.99371E-05 9.99371E-05 9.99371E-05 0.424872 0.078373 0.318326 0.111124 9.99371E-05
0.00935449 9.9928E-05 9.9928E-05 9.9928E-05 9.9928E-05 0.0100796 9.9928E-05 9.9928E-05 9.9928E-05 0.000522535 0.925112 0.0541322 9.9928E-05
0.834803 9.99099E-05 9.99099E-05 9.99099E-05 9.99099E-05 9.99099E-05 0.0144654 9.99099E-05 9.99099E-05 0.149733 9.99099E-05 9.99099E-05 9.99099E-05
0.0202671 9.99187E-05 9.99187E-05 0.0200416 9.99187E-05 9.99187E-05 9.99187E-05 9.99187E-05 9.99187E-05 9.99187E-05 0.0779051 0.880887 9.99187E-05
9.99099E-05 0.971163 9.99099E-05 9.99099E-05 9.99099E-05 0.0196582 9.99099E-05 0.0081799 9.99099E-05 9.99099E-05 9.99099E-05 9.99099E-05 9.99099E-05
0.0529097 9.9928E-05 9.9928E-05 0.0366595 9.9928E-05 9.9928E-05 0.800898 0.00597715 9.9928E-05 0.102756 9.9928E-05 9.9928E-05 9.9928E-05
9.99012E-05 9.99012E-05 9.99012E-05 9.99012E-05 9.99012E-05 9.99012E-05 0.0857463 9.99012E-05 9.99012E-05 0.913155 9.99012E-05 9.99012E-05 9.99012E-05
9.98924E-05 9.98924E-05 9.98924E-05 9.98924E-05 9.98924E-05 9.98924E-05 0.998801 9.98924E-05 9.98924E-05 9.98924E-05 9.98924E-05 9.98924E-05 9.98924E-05
9.99279E-05 0.000731013 0.122762 9.99279E-05 9.99279E-05 9.99279E-05 0.849179 0.00384385 9.99279E-05 0.0226852 9.99279E-05 9.99279E-05 9.99279E-05
9.99278E-05 9.99278E-05 0.0848223 0.0581856 9.99278E-05 0.00780107 0.813119 0.0352729 9.99278E-05 9.99278E-05 9.99278E-05 9.99278E-05 9.99278E-05
0.0642063 9.99011E-05 9.99011E-05 9.99011E-05 9.99011E-05 9.99011E-05 9.99011E-05 9.99011E-05 9.99011E-05 9.99011E-05 9.99011E-05 9.99011E-05 0.934695
9.99015E-05 0.996078 9.99015E-05 0.00282326 9.99015E-05 9.99015E-05 9.99015E-05 9.99015E-05 9.99015E-05 9.99015E-05 9.99015E-05 9.99015E-05 9.99015E-05
0.14461 0.296895 0.195379 0.0587624 9.9973E-05 9.9973E-05 9.9973E-05 0.0406853 0.0656678 0.0363008 0.0424318 0.0982101 0.0207586
9.99193E-05 0.922955 9.99193E-05 9.99193E-05 9.99193E-05 9.99193E-05 0.00354469 9.99193E-05 0.0527926 0.0198085 9.99193E-05 9.99193E-05 9.99193E-05
0.0250026 0.879904 9.9928E-05 9.9928E-05 9.9928E-05 0.0501789 9.9928E-05 9.9928E-05 0.0270893 9.9928E-05 0.017026 9.9928E-05 9.9928E-05
9.9919E-05 0.872949 9.9919E-05 9.9919E-05 9.9919E-05 9.9919E-05 9.9919E-05 9.9919E-05 0.0474742 0.028116 0.0505618 9.9919E-05 9.9919E-05
9.99281E-05 0.888067 9.99281E-05 9.99281E-05 9.99281E-05 9.99281E-05 9.99281E-05 0.00306022 9.99281E-05 0.0746422 0.0272186 9.99281E-05 0.00621287
9.99281E-05 0.782653 0.053826 9.99281E-05 9.99281E-05 0.0326621 9.99281E-05 9.99281E-05 0.0976303 9.99281E-05 9.99281E-05 0.0324293 9.99281E-05
9.991E-05 0.95655 9.991E-05 9.991E-05 9.991E-05 0.0206546 9.991E-05 9.991E-05 9.991E-05 9.991E-05 9.991E-05 0.0217966 9.991E-05
9.98919E-05 9.98919E-05 9.98919E-05 9.98919E-05 9.98919E-05 9.98919E-05 9.98919E-05 9.98919E-05 0.998801 9.98919E-05 9.98919E-05 9.98919E-05 9.98919E-05
9.99011E-05 9.99011E-05 9.99011E-05 9.99011E-05 9.99011E-05 9.99011E-05 0.0366887 9.99011E-05 0.962212 9.99011E-05 9.99011E-05 9.99011E-05 9.99011E-05
9.99281E-05 0.97637 0.00492092 9.99281E-05 9.99281E-05 9.99281E-05 9.99281E-05 9.99281E-05 9.99281E-05 0.008442 0.00915268 9.99281E-05 0.00031522
9.991E-05 9.991E-05 9.991E-05 0.00132472 9.991E-05 9.991E-05 9.991E-05 9.991E-05 9.991E-05 0.97382 0.0238563 9.991E-05 9.991E-05
9.991E-05 9.991E-05 9.991E-05 0.00977609 9.991E-05 9.991E-05 9.991E-05 9.991E-05 9.991E-05 0.970094 0.0191304 9.991E-05 9.991E-05
9.98922E-05 9.98922E-05 9.98922E-05 0.998801 9.98922E-05 9.98922E-05 9.98922E-05 9.98922E-05 9.98922E-05 9.98922E-05 9.98922E-05 9.98922E-05 9.98922E-05
9.98922E-05 9.98922E-05 9.98922E-05 0.998801 9.98922E-05 9.98922E-05 9.98922E-05 9.98922E-05 9.98922E-05 9.98922E-05 9.98922E-05 9.98922E-05 9.98922E-05
0.020429 0.00821666 0.834655 9.9946E-05 9.9946E-05 9.9946E-05 0.0148977 9.9946E-05 9.9946E-05 0.0687096 0.00842107 0.0440719 9.9946E-05
0.00421255 9.99369E-05 0.793436 9.99369E-05 9.99369E-05 9.99369E-05 0.0585582 0.0218205 9.99369E-05 0.115214 9.99369E-05 0.00605888 9.99369E-05
9.99102E-05 9.99102E-05 9.99102E-05 0.965768 9.99102E-05 9.99102E-05 9.99102E-05 9.99102E-05 9.99102E-05 0.00314319 9.99102E-05 0.0300896 9.99102E-05
9.98922E-05 9.98922E-05 9.98922E-05 0.998801 9.98922E-05 9.98922E-05 9.98922E-05 9.98922E-05 9.98922E-05 9.98922E-05 9.98922E-05 9.98922E-05 9.98922E-05
0.927374 9.991E-05 9.991E-05 9.991E-05 9.991E-05 9.991E-05 0.0104383 9.991E-05 9.991E-05 0.0611891 9.991E-05 9.991E-05 9.991E-05
9.9937E-05 9.9937E-05 0.134196 9.9937E-05 9.9937E-05 9.9937E-05 0.237987 0.0836978 9.9937E-05 0.487092 9.9937E-05 0.0504654 0.00586123
9.99008E-05 9.99008E-05 9.99008E-05 9.99008E-05 9.99008E-05 9.99008E-05 9.99008E-05 9.99008E-05 9.99008E-05 9.99008E-05 0.0935921 0.905309 9.99008E-05
9.99001E-05 0.023432 9.99001E-05 9.99001E-05 0.756415 9.99001E-05 0.219154 9.99001E-05 9.99001E-05 9.99001E-05 9.99001E-05 9.99001E-05 9.99001E-05
0.17097 9.99282E-05 9.99282E-05 0.0789381 0.246601 0.213501 0.289191 9.99282E-05 9.99282E-05 9.99282E-05 9.99282E-05 9.99282E-05 9.99282E-05
9.99371E-05 0.270174 9.99371E-05 0.0372126 9.99371E-05 9.99371E-05 9.99371E-05 9.99371E-05 0.626065 9.99371E-05 0.0382101 0.0232088 0.0044305
