9.999E-05 0.9998 9.999E-05
9.999E-05 0.472264 0.527636
0.0803084 0.0188771 0.900815
9.999E-05 9.999E-05 0.9998
9.9991E-05 0.302191 0.697709
9.999E-05 9.999E-05 0.9998
9.999E-05 0.621436 0.378464
9.999E-05 0.168582 0.831318
9.9991E-05 0.632489 0.367411
9.9991E-05 0.985426 0.0144738
9.999E-05 0.9998 9.999E-05
9.9991E-05 0.947068 0.052832
9.99911E-05 0.9579 0.0420003
0.0135281 9.9991E-05 0.986372
0.00245727 9.9991E-05 0.997443
9.9991E-05 0.971822 0.0280775
0.142155 0.844805 0.0130403
0.734911 0.240261 0.0248288
0.9998 9.999E-05 9.999E-05
9.999E-05 0.9998 9.999E-05
0.9998 9.999E-05 9.999E-05
9.999E-05 0.9998 9.999E-05
0.50208 0.401058 0.0968628
0.984015 0.0158853 9.9991E-05
9.999E-05 9.999E-05 0.9998
9.999E-05 9.999E-05 0.9998
9.999E-05 0.9998 9.999E-05
9.999E-05 9.999E-05 0.9998
9.999E-05 9.999E-05 0.9998
0.0456321 0.012659 0.941709
0.0351819 0.0349562 0.929862
0.00386404 0.388873 0.607263
9.999E-05 9.999E-05 0.9998
9.9991E-05 0.171553 0.828347
9.9991E-05 0.920114 0.0797858
9.999E-05 9.999E-05 0.9998
9.9991E-05 0.937457 0.0624431
0.0102264 0.856892 0.132881
0.142944 0.704691 0.152365
9.9991E-05 0.886781 0.113119
9.9991E-05 0.923039 0.076861
9.999E-05 0.9998 9.999E-05
9.9991E-05 0.978582 0.0213185
0.00111039 0.995909 0.00298108
0.128352 0.871548 9.9991E-05
0.0388591 0.842257 0.118884
9.9991E-05 0.861741 0.138159
0.00976045 0.99014 9.99911E-05
0.0509267 0.120789 0.828285
0.0401026 0.136278 0.82362
0.0452203 0.132254 0.822526
0.0323568 0.146968 0.820675
0.021083 0.100018 0.878899
0.0537681 0.230929 0.715302
0.018583 0.200182 0.781235
9.999E-05 0.9998 9.999E-05
9.9991E-05 0.447101 0.552799
9.999E-05 9.999E-05 0.9998
9.9991E-05 0.999151 0.000748617
9.9991E-05 0.926384 0.0735165
9.999E-05 0.9998 9.999E-05
9.999E-05 0.9998 9.999E-05
0.0171292 0.982771 9.9991E-05
0.918375 0.0755392 0.00608599
9.999E-05 9.999E-05 0.9998
0.0605446 0.469693 0.469763
9.999E-05 9.999E-05 0.9998
9.999E-05 9.999E-05 0.9998
9.999E-05 9.999E-05 0.9998
9.999E-05 9.999E-05 0.9998
9.9991E-05 0.0206001 0.9793
9.999E-05 9.999E-05 0.9998
9.99911E-05 0.0330214 0.966879
0.0346218 0.124121 0.841257
9.999E-05 9.999E-05 0.9998
9.9991E-05 0.862009 0.137891
9.9991E-05 0.868153 0.131747
0.172019 0.669398 0.158583
0.187537 0.683499 0.128964
9.9991E-05 0.965874 0.0340261
9.9991E-05 0.989722 0.0101783
0.193293 0.682937 0.12377
0.196964 0.661823 0.141213
9.999E-05 0.9998 9.999E-05
0.029946 0.969954 9.9991E-05
9.9991E-05 0.425864 0.574036
0.17295 0.756926 0.0701243
0.123106 0.876795 9.99911E-05
0.0841073 9.9991E-05 0.915793
