9.99549E-05 9.99549E-05 9.99549E-05 0.0369901 9.99549E-05 9.99549E-05 0.936671 0.0258393
0.156811 9.99729E-05 9.99729E-05 0.0379921 9.99729E-05 0.650625 0.153693 0.000579117
0.699029 0.0789633 0.0399802 0.0535634 0.0668641 0.0614005 9.99821E-05 9.99821E-05
0.9631 9.9955E-05 9.9955E-05 0.0362168 9.9955E-05 9.9955E-05 9.9955E-05 0.000183372
0.444346 9.99821E-05 9.99821E-05 0.00196063 0.0618181 0.302104 0.0085309 0.181041
0.990759 9.9955E-05 9.9955E-05 0.00569387 9.9955E-05 9.9955E-05 0.00304779 9.9955E-05
9.9946E-05 0.270847 9.9946E-05 9.9946E-05 9.9946E-05 0.728553 9.9946E-05 9.9946E-05
0.370791 9.9973E-05 9.9973E-05 0.00454453 0.237862 0.328935 9.9973E-05 0.0575681
9.9955E-05 0.18268 9.9955E-05 9.9955E-05 9.9955E-05 0.809781 9.9955E-05 0.00703874
9.99461E-05 9.99461E-05 9.99461E-05 9.99461E-05 9.99461E-05 0.0197995 9.99461E-05 0.979601
9.994E-05 9.994E-05 9.994E-05 9.994E-05 9.994E-05 9.994E-05 9.994E-05 0.9993
0.0313419 0.187252 9.9964E-05 0.11506 9.9964E-05 9.9964E-05 0.665946 9.9964E-05
9.994E-05 0.9993 9.994E-05 9.994E-05 9.994E-05 9.994E-05 9.994E-05 9.994E-05
0.957239 9.9955E-05 0.0187035 9.9955E-05 9.9955E-05 9.9955E-05 0.023558 9.9955E-05
0.937415 9.9964E-05 9.9964E-05 0.00198888 9.9964E-05 9.9964E-05 0.0543509 0.00584576
0.00549626 0.351971 9.9982E-05 0.00267138 9.9982E-05 0.0832076 0.145005 0.411449
9.9964E-05 0.165205 0.0682452 0.314343 9.9964E-05 9.9964E-05 9.9964E-05 0.451807
9.997E-05 9.997E-05 0.692872 9.997E-05 0.0297478 0.0748658 0.026497 0.175717
9.9946E-05 9.9946E-05 0.919344 0.0800568 9.9946E-05 9.9946E-05 9.9946E-05 9.9946E-05
9.9964E-05 0.060474 9.9964E-05 0.0914388 9.9964E-05 9.9964E-05 0.139588 0.708099
0.000411559 9.9946E-05 0.998989 9.9946E-05 9.9946E-05 9.9946E-05 9.9946E-05 9.9946E-05
9.9964E-05 0.112662 9.9964E-05 0.0155103 9.9964E-05 9.9964E-05 0.564339 0.307089
0.0115815 9.9973E-05 0.42326 0.285441 0.016426 9.9973E-05 9.9973E-05 0.262991
9.995E-05 9.995E-05 0.87782 0.103303 9.995E-05 9.995E-05 9.995E-05 0.018377
0.994155 9.9946E-05 9.9946E-05 9.9946E-05 0.00524484 9.9946E-05 9.9946E-05 9.9946E-05
0.9993 9.994E-05 9.994E-05 9.994E-05 9.994E-05 9.994E-05 9.994E-05 9.994E-05
9.99639E-05 0.792187 9.99639E-05 0.0598452 9.99639E-05 9.99639E-05 0.0836295 0.0639382
0.858881 9.99549E-05 9.99549E-05 9.99549E-05 0.0741623 0.0664566 9.99549E-05 9.99549E-05
0.901502 0.00322064 9.9964E-05 9.9964E-05 0.042247 0.0526306 9.9964E-05 9.9964E-05
0.682536 0.0307446 0.0326553 0.0162436 0.23752 9.997E-05 9.997E-05 9.997E-05
0.662558 9.99641E-05 9.99641E-05 0.0303774 0.212027 0.0946377 9.99641E-05 9.99641E-05
0.00295774 9.99641E-05 9.99641E-05 0.00680837 0.0551679 0.934666 9.99641E-05 9.99641E-05
0.978316 9.99551E-05 9.99551E-05 0.0194313 9.99551E-05 0.00175246 9.99551E-05 9.99551E-05
0.13824 9.99641E-05 9.99641E-05 0.0166291 0.757173 0.087558 9.99641E-05 9.99641E-05
0.0604848 0.587903 9.99729E-05 0.188346 9.99729E-05 9.99729E-05 0.0841809 0.0787858
0.960404 0.0210571 9.99549E-05 9.99549E-05 9.99549E-05 0.0180396 9.99549E-05 9.99549E-05
9.99461E-05 9.99461E-05 9.99461E-05 0.00518976 9.99461E-05 9.99461E-05 0.994211 9.99461E-05
0.042554 9.9973E-05 9.9973E-05 9.9973E-05 0.0110041 0.111029 0.0916716 0.743441
0.130121 0.182028 0.046615 0.385227 9.9982E-05 9.9982E-05 0.00594949 0.249859
0.0955476 9.99639E-05 9.99639E-05 0.020536 9.99639E-05 9.99639E-05 0.300974 0.582543
0.0905801 9.99639E-05 9.99639E-05 0.0128479 9.99639E-05 9.99639E-05 0.296157 0.600015
9.9946E-05 9.9946E-05 9.9946E-05 9.9946E-05 9.9946E-05 9.9946E-05 0.00337764 0.996023
9.996E-05 0.223013 9.996E-05 9.996E-05 9.996E-05 0.189782 0.184248 0.402557
9.9955E-05 0.0108025 9.9955E-05 0.0417581 9.9955E-05 9.9955E-05 9.9955E-05 0.94694
9.9973E-05 0.173367 0.100983 0.122038 9.9973E-05 9.9973E-05 0.0540472 0.549265
0.0995898 0.0542052 0.0173516 0.0127453 9.998E-05 9.998E-05 0.137969 0.677939
0.11711 0.216175 9.9982E-05 0.0863943 0.0491992 9.9982E-05 0.179678 0.351244
9.99464E-05 9.99464E-05 0.012225 9.99464E-05 9.99464E-05 9.99464E-05 0.987175 9.99464E-05
9.994E-05 9.994E-05 9.994E-05 9.994E-05 0.9993 9.994E-05 9.994E-05 9.994E-05
9.994E-05 9.994E-05 9.994E-05 9.994E-05 0.9993 9.994E-05 9.994E-05 9.994E-05
9.9946E-05 9.9946E-05 9.9946E-05 9.9946E-05 0.98924 9.9946E-05 9.9946E-05 0.0101598
9.994E-05 9.994E-05 9.994E-05 9.994E-05 0.9993 9.994E-05 9.994E-05 9.994E-05
9.994E-05 9.994E-05 9.994E-05 9.994E-05 0.9993 9.994E-05 9.994E-05 9.994E-05
0.244782 0.00374764 0.0415964 9.99821E-05 0.424323 0.182589 9.99821E-05 0.102762
9.9955E-05 9.9955E-05 9.9955E-05 9.9955E-05 0.958085 9.9955E-05 0.0374547 0.00396029
9.99549E-05 0.0571984 9.99549E-05 9.99549E-05 9.99549E-05 9.99549E-05 0.939036 0.00326635
9.99638E-05 9.99638E-05 9.99638E-05 0.0114054 0.123043 0.823291 0.0418607 9.99638E-05
0.992431 9.99459E-05 9.99459E-05 9.99459E-05 9.99459E-05 9.99459E-05 0.00696972 9.99459E-05
9.9964E-05 0.851842 9.9964E-05 0.00426516 0.0250662 9.9964E-05 0.118427 9.9964E-05
0.0442477 0.311105 9.9973E-05 9.9973E-05 9.9973E-05 0.0773013 0.278335 0.288711
9.994E-05 0.9993 9.994E-05 9.994E-05 9.994E-05 9.994E-05 9.994E-05 9.994E-05
9.99549E-05 0.876666 9.99549E-05 9.99549E-05 9.99549E-05 9.99549E-05 0.0345305 0.0883042
9.99549E-05 0.860776 9.99549E-05 0.0736745 9.99549E-05 9.99549E-05 9.99549E-05 0.0650501
9.99461E-05 9.99461E-05 0.874455 9.99461E-05 9.99461E-05 9.99461E-05 0.124945 9.99461E-05
0.9993 9.994E-05 9.994E-05 9.994E-05 9.994E-05 9.994E-05 9.994E-05 9.994E-05
0.251527 0.178935 0.0369554 0.0388731 0.219109 9.999E-05 0.129992 0.144508
0.967399 0.0320013 9.99462E-05 9.99462E-05 9.99462E-05 9.99462E-05 9.99462E-05 9.99462E-05
0.955178 9.995E-05 9.995E-05 9.995E-05 0.0063431 9.995E-05 0.0379796 9.995E-05
0.875852 9.9955E-05 9.9955E-05 9.9955E-05 0.0618275 0.0618208 9.9955E-05 9.9955E-05
0.873947 9.9973E-05 0.00916507 9.9973E-05 0.0334541 0.0588149 0.0243194 9.9973E-05
0.920087 9.99551E-05 9.99551E-05 9.99551E-05 9.99551E-05 9.99551E-05 0.00205113 0.0773621
0.994633 9.9946E-05 9.9946E-05 0.0047678 9.9946E-05 9.9946E-05 9.9946E-05 9.9946E-05
0.451682 9.99553E-05 9.99553E-05 9.99553E-05 0.352587 0.195231 9.99553E-05 9.99553E-05
0.457591 0.0633957 9.99642E-05 9.99642E-05 0.114586 0.364028 9.99642E-05 9.99642E-05
0.961473 9.9964E-05 9.9964E-05 0.0121543 0.010736 9.9964E-05 0.0152365 9.9964E-05
0.0343237 0.0808484 9.9982E-05 0.0614645 9.9982E-05 0.206769 0.18953 0.426864
0.020698 0.125804 9.999E-05 0.0336614 0.018039 0.249586 0.133738 0.418374
9.994E-05 9.994E-05 9.994E-05 0.9993 9.994E-05 9.994E-05 9.994E-05 9.994E-05
9.994E-05 9.994E-05 9.994E-05 0.9993 9.994E-05 9.994E-05 9.994E-05 9.994E-05
0.0109071 9.9964E-05 9.9964E-05 9.9964E-05 0.00795664 0.0403396 9.9964E-05 0.940397
9.9964E-05 0.0376288 9.9964E-05 9.9964E-05 9.9964E-05 0.0649983 0.0147538 0.882219
9.9946E-05 9.9946E-05 9.9946E-05 0.984282 9.9946E-05 0.0151182 9.9946E-05 9.9946E-05
9.9946E-05 9.9946E-05 9.9946E-05 0.995863 9.9946E-05 9.9946E-05 0.00353727 9.9946E-05
9.99459E-05 0.0407846 9.99459E-05 9.99459E-05 9.99459E-05 9.99459E-05 0.958616 9.99459E-05
9.997E-05 0.254499 0.0206175 9.997E-05 9.997E-05 0.144501 0.0863476 0.493735
9.99549E-05 9.99549E-05 9.99549E-05 9.99549E-05 0.10613 0.891512 0.00185839 9.99549E-05
0.0927167 0.329549 0.13152 0.208001 9.99731E-05 9.99731E-05 9.99731E-05 0.237913
9.99641E-05 0.415277 0.0657856 0.320234 9.99641E-05 9.99641E-05 0.198304 9.99641E-05
0.632054 9.99731E-05 0.0387825 0.00316593 0.142439 0.183259 9.99731E-05 9.99731E-05
