9.999E-05 0.9998 9.999E-05
9.999E-05 0.480074 0.519826
0.0967129 0.0726398 0.830647
9.999E-05 9.999E-05 0.9998
9.9991E-05 0.317809 0.682091
9.999E-05 9.999E-05 0.9998
9.999E-05 0.662364 0.337536
9.999E-05 0.196504 0.803396
9.99911E-05 0.668622 0.331278
9.9991E-05 0.964943 0.0349568
9.9991E-05 0.974242 0.0256581
9.9991E-05 0.991046 0.00885361
9.99911E-05 0.959674 0.0402257
0.0066873 9.9991E-05 0.993213
0.00552565 9.9991E-05 0.994374
9.9991E-05 0.948487 0.0514126
0.173269 0.815913 0.0108178
0.703683 0.264509 0.0318084
0.9998 9.999E-05 9.999E-05
9.999E-05 0.9998 9.999E-05
0.9998 9.999E-05 9.999E-05
9.999E-05 0.9998 9.999E-05
0.527389 0.377946 0.0946656
0.9786 0.0212997 9.9991E-05
9.999E-05 9.999E-05 0.9998
9.999E-05 9.999E-05 0.9998
9.999E-05 0.9998 9.999E-05
9.999E-05 9.999E-05 0.9998
9.999E-05 9.999E-05 0.9998
0.0570314 9.9991E-05 0.942869
0.0500634 9.9991E-05 0.949837
9.9991E-05 0.45154 0.54836
9.999E-05 9.999E-05 0.9998
9.9991E-05 0.180529 0.819371
9.9991E-05 0.938796 0.0611044
9.9991E-05 0.00948034 0.99042
9.9991E-05 0.933301 0.066599
0.0247268 0.80736 0.167913
0.162499 0.663398 0.174104
9.9991E-05 0.885837 0.114063
9.9991E-05 0.929569 0.0703315
0.0068549 0.993045 9.9991E-05
9.999E-05 0.9998 9.999E-05
0.021357 0.960181 0.0184618
0.140475 0.846201 0.0133245
0.0543636 0.865357 0.0802794
9.9991E-05 0.84864 0.15126
0.00655653 0.993343 9.99911E-05
0.0320444 0.136516 0.831439
0.0296618 0.190416 0.779923
0.0391427 0.158083 0.802775
0.0203633 0.168933 0.810704
0.0165622 0.138871 0.844567
0.0393554 0.212534 0.74811
9.9991E-05 0.217736 0.782164
9.999E-05 0.9998 9.999E-05
9.9991E-05 0.466403 0.533497
9.999E-05 9.999E-05 0.9998
9.999E-05 0.9998 9.999E-05
9.9991E-05 0.93765 0.0622499
9.999E-05 0.9998 9.999E-05
9.999E-05 0.9998 9.999E-05
0.00532777 0.994572 9.9991E-05
0.883335 0.0990591 0.0176063
9.999E-05 9.999E-05 0.9998
0.0857507 0.538309 0.375941
9.999E-05 9.999E-05 0.9998
9.9991E-05 0.000971077 0.998929
9.999E-05 9.999E-05 0.9998
9.999E-05 9.999E-05 0.9998
9.9991E-05 0.00620986 0.99369
9.999E-05 9.999E-05 0.9998
9.99911E-05 0.0278464 0.972054
0.0111015 0.104358 0.884541
9.999E-05 9.999E-05 0.9998
9.9991E-05 0.84675 0.15315
9.9991E-05 0.84672 0.15318
0.264126 0.629426 0.106447
0.278468 0.603623 0.117909
0.0024354 0.948941 0.0486239
9.9991E-05 0.982792 0.0171084
0.276835 0.582845 0.14032
0.264974 0.609318 0.125708
9.999E-05 0.9998 9.999E-05
0.0124296 0.98747 9.9991E-05
9.9991E-05 0.451258 0.548642
0.199955 0.712479 0.0875661
0.146744 0.853156 9.9991E-05
0.0742023 0.00888618 0.916912
