9.9982E-05 0.978788 9.9982E-05 0.0210122
9.999E-05 0.393645 0.309183 0.297072
0.0733021 0.0727443 0.803938 0.0500155
9.998E-05 9.998E-05 0.9997 9.998E-05
9.999E-05 0.265383 0.450034 0.284484
9.9982E-05 0.00119837 0.998602 9.9982E-05
9.999E-05 0.530561 0.00312089 0.466218
9.999E-05 0.0809217 0.450244 0.468734
9.999E-05 0.5234 0.00136423 0.475136
9.9982E-05 0.856306 9.9982E-05 0.143494
9.9982E-05 0.866035 9.9982E-05 0.133765
9.9982E-05 0.938341 0.061459 9.9982E-05
9.99821E-05 0.953872 0.0459284 9.99821E-05
0.0256834 0.00429174 0.969925 9.9991E-05
0.00609767 9.9982E-05 0.993702 9.9982E-05
9.9982E-05 0.908724 9.9982E-05 0.0910763
0.166739 0.794155 0.0390057 9.9991E-05
0.759851 0.138876 9.9991E-05 0.101173
0.9997 9.998E-05 9.998E-05 9.998E-05
0.00324523 0.986662 9.9991E-05 0.00999235
0.9997 9.998E-05 9.998E-05 9.998E-05
9.998E-05 0.9997 9.998E-05 9.998E-05
0.608352 0.244231 0.0847905 0.0626272
0.9997 9.998E-05 9.998E-05 9.998E-05
9.998E-05 9.998E-05 0.9997 9.998E-05
9.998E-05 9.998E-05 0.9997 9.998E-05
9.998E-05 0.9997 9.998E-05 9.998E-05
9.9982E-05 9.9982E-05 0.917965 0.0818349
9.9982E-05 9.9982E-05 0.924614 0.0751862
0.0327734 9.9991E-05 0.721932 0.245194
0.0412772 9.9991E-05 0.671233 0.287389
9.9991E-05 0.267977 0.092576 0.639347
9.998E-05 9.998E-05 0.9997 9.998E-05
9.9982E-05 9.9982E-05 0.0538758 0.945924
9.9982E-05 0.904979 0.0948212 9.9982E-05
9.9982E-05 0.0136619 0.986138 9.9982E-05
9.99821E-05 0.926463 0.0733369 9.99821E-05
0.0218878 0.766573 0.00314607 0.208393
0.157459 0.620809 0.221632 9.9991E-05
9.9982E-05 0.834745 0.165055 9.9982E-05
0.00820195 0.885089 0.0928475 0.0138613
0.0116477 0.971756 9.9991E-05 0.0164962
9.9982E-05 0.922898 9.9982E-05 0.0769017
9.9982E-05 0.920583 9.9982E-05 0.0792167
0.1883 0.740429 9.9991E-05 0.0711708
0.0442653 0.809797 0.0894982 0.05644
9.9991E-05 0.817338 0.129734 0.0528282
0.0198514 0.938706 9.99911E-05 0.0413422
9.998E-05 9.998E-05 9.998E-05 0.9997
0.00619302 9.9982E-05 9.9982E-05 0.993607
9.998E-05 9.998E-05 9.998E-05 0.9997
9.998E-05 9.998E-05 9.998E-05 0.9997
9.998E-05 9.998E-05 9.998E-05 0.9997
0.036732 0.0963214 0.207451 0.659496
9.998E-05 9.998E-05 9.998E-05 0.9997
9.998E-05 0.9997 9.998E-05 9.998E-05
9.9991E-05 0.312244 0.0777714 0.609885
9.998E-05 9.998E-05 0.9997 9.998E-05
9.99821E-05 0.999089 0.000711134 9.99821E-05
9.9991E-05 0.931634 0.0537147 0.0145515
9.998E-05 0.9997 9.998E-05 9.998E-05
9.9982E-05 0.996651 0.00314895 9.9982E-05
0.00221382 0.997586 9.9982E-05 9.9982E-05
0.889693 0.0154471 9.9991E-05 0.0947598
9.998E-05 9.998E-05 0.9997 9.998E-05
0.0396022 0.528194 0.196978 0.235225
9.998E-05 9.998E-05 0.9997 9.998E-05
9.9982E-05 0.0237648 0.976035 9.9982E-05
9.9982E-05 9.9982E-05 0.899602 0.100198
9.9982E-05 9.9982E-05 0.930431 0.0693689
9.9982E-05 0.0666522 0.933148 9.9982E-05
9.998E-05 9.998E-05 0.9997 9.998E-05
9.99821E-05 9.99821E-05 0.488144 0.511656
9.99911E-05 0.0384487 0.51544 0.446011
0.0209536 9.9991E-05 0.971065 0.00788124
9.9991E-05 0.786518 0.0918404 0.121542
9.9991E-05 0.798203 0.0276776 0.17402
0.304203 0.545165 0.150532 9.9991E-05
0.329627 0.510119 0.160154 9.9991E-05
9.9982E-05 0.890469 9.9982E-05 0.109331
9.99819E-05 0.873019 9.99819E-05 0.126781
0.308821 0.545488 0.135475 0.0102164
0.312853 0.518148 0.168899 9.9991E-05
9.9982E-05 0.95412 9.9982E-05 0.0456797
0.0304773 0.905952 9.9991E-05 0.0634712
9.9991E-05 0.256873 0.0719604 0.671066
0.2257 0.673718 0.100483 9.9991E-05
0.16196 0.774442 0.0634977 9.9991E-05
0.0832428 9.9991E-05 0.6235 0.293157
