0.0254093 0.974391 9.9982E-05 9.9982E-05
0.310213 0.383005 9.9991E-05 0.306683
0.101787 0.0233055 0.0512394 0.823668
0.0156989 9.9982E-05 9.9982E-05 0.984101
0.332681 0.224251 9.9991E-05 0.442969
9.9982E-05 0.0233952 9.9982E-05 0.976405
0.440651 0.516252 9.99911E-05 0.0429966
0.483385 0.154121 9.9991E-05 0.362393
0.490554 0.493567 9.9991E-05 0.015779
0.148938 0.850862 9.9982E-05 9.9982E-05
0.12147 0.87833 9.9982E-05 9.9982E-05
9.9982E-05 0.926093 9.9982E-05 0.0737073
9.99821E-05 0.924238 9.99821E-05 0.0755621
9.999E-05 0.00391389 0.0224209 0.973565
9.9982E-05 0.0254373 9.9982E-05 0.974363
0.0648887 0.897585 9.9991E-05 0.0374264
9.9991E-05 0.753305 0.176452 0.0701438
0.137944 0.118265 0.74369 9.9991E-05
9.998E-05 9.998E-05 0.9997 9.998E-05
0.0296692 0.970131 9.9982E-05 9.9982E-05
9.998E-05 9.998E-05 0.9997 9.998E-05
0.000864772 0.970571 9.9991E-05 0.0284642
0.0676203 0.335693 0.529139 0.067548
9.998E-05 9.998E-05 0.9997 9.998E-05
0.0244986 9.9982E-05 9.9982E-05 0.975301
9.998E-05 9.998E-05 9.998E-05 0.9997
9.998E-05 0.9997 9.998E-05 9.998E-05
0.0924215 9.9982E-05 9.9982E-05 0.907379
0.148973 0.00916147 9.9991E-05 0.841765
0.244739 9.9991E-05 0.0238252 0.731335
0.326631 9.9991E-05 0.0136919 0.659577
0.60333 0.278222 9.9991E-05 0.118347
9.998E-05 9.998E-05 9.998E-05 0.9997
0.933263 9.9982E-05 9.9982E-05 0.0665375
9.9982E-05 0.909008 9.9982E-05 0.0907919
9.9982E-05 0.057901 9.9982E-05 0.941899
9.99821E-05 0.934972 9.99821E-05 0.0648282
0.1809 0.767301 0.0260215 0.0257773
9.9991E-05 0.638803 0.158674 0.202423
9.9982E-05 0.860753 9.9982E-05 0.139047
0.0168931 0.8834 0.00106622 0.0986407
0.0239972 0.970097 0.00580543 9.9991E-05
0.101475 0.898325 9.9982E-05 9.9982E-05
0.0827936 0.917006 9.9982E-05 9.9982E-05
0.0335151 0.828892 0.137493 9.9991E-05
0.0809975 0.839426 0.0233662 0.0562104
0.0806813 0.813337 9.9991E-05 0.105882
0.0337583 0.954941 0.0112004 9.99911E-05
0.9997 9.998E-05 9.998E-05 9.998E-05
0.997916 9.9982E-05 0.00188362 9.9982E-05
0.9997 9.998E-05 9.998E-05 9.998E-05
0.9997 9.998E-05 9.998E-05 9.998E-05
0.9997 9.998E-05 9.998E-05 9.998E-05
0.6478 0.0905114 0.0375632 0.224125
0.9997 9.998E-05 9.998E-05 9.998E-05
9.998E-05 0.9997 9.998E-05 9.998E-05
0.605481 0.314671 9.9991E-05 0.0797482
9.998E-05 9.998E-05 9.998E-05 0.9997
9.998E-05 0.9997 9.998E-05 9.998E-05
0.0332573 0.903375 9.9991E-05 0.0632676
9.998E-05 0.9997 9.998E-05 9.998E-05
9.998E-05 0.9997 9.998E-05 9.998E-05
9.9982E-05 0.983261 0.0165389 9.9982E-05
0.0201974 0.0322286 0.947474 9.9991E-05
9.998E-05 9.998E-05 9.998E-05 0.9997
0.156454 0.455108 0.084407 0.304031
0.030934 9.9982E-05 9.9982E-05 0.968866
9.9982E-05 0.0112285 9.9982E-05 0.988571
0.13527 9.9982E-05 9.9982E-05 0.86453
0.0380985 9.9991E-05 0.00306308 0.958738
9.9982E-05 0.0219822 9.9982E-05 0.977818
9.998E-05 9.998E-05 9.998E-05 0.9997
0.484584 9.99821E-05 9.99821E-05 0.515216
0.437717 0.0255328 0.0197007 0.51705
0.0434736 0.00756821 9.9991E-05 0.948858
0.152091 0.775182 9.9991E-05 0.0726274
0.173574 0.763439 9.9991E-05 0.0628872
9.9991E-05 0.648213 0.207678 0.14401
9.9991E-05 0.631998 0.235822 0.13208
0.102665 0.897135 9.99819E-05 9.99819E-05
0.121974 0.877271 0.000654941 9.9991E-05
0.00926892 0.682218 0.211893 0.09662
9.9991E-05 0.631908 0.223049 0.144943
0.0342951 0.965505 9.9982E-05 9.9982E-05
0.070647 0.892081 0.0371716 9.9991E-05
0.619884 0.263181 9.9991E-05 0.116835
9.9991E-05 0.713953 0.174775 0.111172
9.9991E-05 0.820004 0.14983 0.0300655
0.318904 9.9991E-05 0.0457501 0.635246
