9.99459E-05 0.922422 9.99459E-05 9.99459E-05 0.014609 9.99459E-05 9.99459E-05 9.99459E-05 0.0623688
0.045507 0.111905 0.171859 0.651481 0.0188481 9.99639E-05 9.99639E-05 9.99639E-05 9.99639E-05
9.99643E-05 9.99643E-05 0.742207 0.128725 0.0685378 0.0216103 9.99643E-05 0.0385202 9.99643E-05
0.00117016 9.9955E-05 0.953169 9.9955E-05 0.0345069 9.9955E-05 9.9955E-05 9.9955E-05 0.0106538
0.0613886 0.0364755 0.405027 0.314088 9.99731E-05 9.99731E-05 0.0491902 9.99731E-05 0.133531
0.0325354 0.0049445 0.96192 9.9946E-05 9.9946E-05 9.9946E-05 9.9946E-05 9.9946E-05 9.9946E-05
9.99371E-05 9.99371E-05 9.99371E-05 0.692093 9.99371E-05 9.99371E-05 9.99371E-05 0.307207 9.99371E-05
9.9964E-05 9.9964E-05 0.36518 0.403596 0.0325641 9.9964E-05 0.192835 9.9964E-05 0.0054248
9.9946E-05 9.9946E-05 9.9946E-05 0.737615 9.9946E-05 9.9946E-05 9.9946E-05 0.2417 0.0200854
9.99372E-05 9.99372E-05 9.99372E-05 0.0316576 9.99372E-05 9.99372E-05 9.99372E-05 9.99372E-05 0.967643
9.993E-05 9.993E-05 9.993E-05 9.993E-05 9.993E-05 9.993E-05 9.993E-05 9.993E-05 0.999201
9.9946E-05 0.726505 9.9946E-05 9.9946E-05 0.131442 9.9946E-05 9.9946E-05 0.141454 9.9946E-05
9.99372E-05 9.99372E-05 0.0049621 9.99372E-05 9.99372E-05 9.99372E-05 9.99372E-05 0.994338 9.99372E-05
0.0502224 0.0193032 0.888725 0.0186459 9.9964E-05 0.0227034 9.9964E-05 9.9964E-05 9.9964E-05
9.995E-05 0.0349386 0.927748 9.995E-05 9.995E-05 0.0220748 9.995E-05 9.995E-05 0.0147387
0.00670663 0.0308867 0.0339681 9.9973E-05 9.9973E-05 9.9973E-05 0.0145145 0.310802 0.602822
0.960883 9.99369E-05 9.99369E-05 9.99369E-05 9.99369E-05 9.99369E-05 9.99369E-05 9.99369E-05 0.0384175
9.99639E-05 0.0190178 9.99639E-05 0.0788805 9.99639E-05 0.750191 0.0106251 9.99639E-05 0.140886
9.9937E-05 9.9937E-05 9.9937E-05 9.9937E-05 0.0883471 0.910953 9.9937E-05 9.9937E-05 9.9937E-05
0.165144 0.122215 9.9955E-05 9.9955E-05 0.00455726 9.9955E-05 9.9955E-05 9.9955E-05 0.707584
9.993E-05 9.993E-05 9.993E-05 9.993E-05 9.993E-05 0.999201 9.993E-05 9.993E-05 9.993E-05
0.0923526 0.520835 9.99549E-05 9.99549E-05 9.99549E-05 9.99549E-05 9.99549E-05 0.0999408 0.286372
0.368181 9.9973E-05 9.9973E-05 0.0061361 0.177976 0.356436 0.00126429 9.9973E-05 0.0897067
0.0569346 9.9946E-05 9.9946E-05 9.9946E-05 0.0334833 0.908982 9.9946E-05 9.9946E-05 9.9946E-05
9.99461E-05 9.99461E-05 0.983138 9.99461E-05 0.011678 9.99461E-05 0.00458446 9.99461E-05 9.99461E-05
9.993E-05 9.993E-05 0.999201 9.993E-05 9.993E-05 9.993E-05 9.993E-05 9.993E-05 9.993E-05
0.0601057 0.0454843 9.99639E-05 9.99639E-05 0.0469285 9.99639E-05 9.99639E-05 0.733526 0.113556
9.9946E-05 9.9946E-05 0.930236 9.9946E-05 9.9946E-05 9.9946E-05 0.0501795 0.0189845 9.9946E-05
9.9946E-05 9.9946E-05 0.914284 9.9946E-05 9.9946E-05 9.9946E-05 0.0680693 0.0170466 9.9946E-05
0.0213995 0.00826529 0.659204 0.0494106 9.99821E-05 0.0228365 0.231313 0.00737173 9.99821E-05
0.0728754 9.9964E-05 0.608514 0.172506 0.0097109 9.9964E-05 0.135993 9.9964E-05 9.9964E-05
9.9946E-05 0.0389355 9.9946E-05 0.95626 0.00420475 9.9946E-05 9.9946E-05 9.9946E-05 9.9946E-05
0.00934527 9.99462E-05 0.986849 9.99462E-05 0.00320634 9.99462E-05 9.99462E-05 9.99462E-05 9.99462E-05
9.99462E-05 9.99462E-05 0.0927239 0.0884284 9.99462E-05 9.99462E-05 0.818248 9.99462E-05 9.99462E-05
0.428844 0.0501687 0.0410056 9.99638E-05 0.0724944 9.99638E-05 9.99638E-05 0.407088 9.99638E-05
0.00165756 0.0176993 0.945583 0.0180103 0.00422621 9.9973E-05 9.9973E-05 0.0125236 9.9973E-05
0.0035635 0.994465 0.00137186 9.99461E-05 9.99461E-05 9.99461E-05 9.99461E-05 9.99461E-05 9.99461E-05
0.0724098 0.0704553 0.0232527 0.164957 9.9973E-05 0.0146535 9.9973E-05 9.9973E-05 0.653971
0.972649 9.99459E-05 0.0139939 0.0127578 9.99459E-05 9.99459E-05 9.99459E-05 9.99459E-05 9.99459E-05
0.144682 0.239253 0.0923082 9.99549E-05 9.99549E-05 9.99549E-05 9.99549E-05 9.99549E-05 0.523257
0.0612461 0.292304 0.0598037 9.99639E-05 9.99639E-05 0.000846184 9.99639E-05 9.99639E-05 0.5854
0.0709926 0.00960966 9.99459E-05 9.99459E-05 9.99459E-05 9.99459E-05 9.99459E-05 9.99459E-05 0.918798
9.9955E-05 0.0777695 9.9955E-05 0.0926249 9.9955E-05 9.9955E-05 9.9955E-05 0.242944 0.586162
0.127725 9.9946E-05 9.9946E-05 9.9946E-05 0.00733887 9.9946E-05 9.9946E-05 9.9946E-05 0.864337
0.123574 0.0438372 9.9982E-05 0.00656845 0.0999402 0.124788 9.9982E-05 0.14338 0.457713
0.0746654 0.13167 0.0657449 9.9973E-05 0.00250446 0.0361752 9.9973E-05 9.9973E-05 0.68894
0.439065 0.22284 0.0447234 0.0481384 9.9982E-05 9.9982E-05 0.0458541 0.0862576 0.112921
9.99374E-05 0.963615 9.99374E-05 9.99374E-05 9.99374E-05 0.0356851 9.99374E-05 9.99374E-05 9.99374E-05
9.993E-05 9.993E-05 9.993E-05 9.993E-05 9.993E-05 9.993E-05 0.999201 9.993E-05 9.993E-05
9.993E-05 9.993E-05 9.993E-05 9.993E-05 9.993E-05 9.993E-05 0.999201 9.993E-05 9.993E-05
9.9937E-05 9.9937E-05 9.9937E-05 9.9937E-05 9.9937E-05 9.9937E-05 0.975668 9.9937E-05 0.0236325
9.993E-05 9.993E-05 9.993E-05 9.993E-05 9.993E-05 9.993E-05 0.999201 9.993E-05 9.993E-05
9.993E-05 9.993E-05 9.993E-05 9.993E-05 9.993E-05 9.993E-05 0.999201 9.993E-05 9.993E-05
0.0510469 9.99821E-05 0.190491 0.203792 9.99821E-05 0.021769 0.484356 0.00678113 0.0415652
9.9946E-05 0.0059202 9.9946E-05 0.0501677 9.9946E-05 9.9946E-05 0.943312 9.9946E-05 9.9946E-05
9.99459E-05 0.87607 9.99459E-05 9.99459E-05 9.99459E-05 9.99459E-05 9.99459E-05 0.0607722 0.0625583
9.99548E-05 0.0497132 9.99548E-05 0.851925 0.0275459 9.99548E-05 0.0703158 9.99548E-05 9.99548E-05
0.00166189 9.9937E-05 0.997639 9.9937E-05 9.9937E-05 9.9937E-05 9.9937E-05 9.9937E-05 9.9937E-05
9.9955E-05 0.0660104 9.9955E-05 9.9955E-05 0.0698243 9.9955E-05 0.00473826 0.858927 9.9955E-05
9.99551E-05 0.135422 0.0493592 9.99551E-05 9.99551E-05 9.99551E-05 9.99551E-05 0.291579 0.523141
9.993E-05 9.993E-05 9.993E-05 9.993E-05 9.993E-05 9.993E-05 9.993E-05 0.999201 9.993E-05
9.99459E-05 9.99459E-05 9.99459E-05 9.99459E-05 0.00816886 9.99459E-05 9.99459E-05 0.872741 0.118491
0.0892921 9.99459E-05 9.99459E-05 9.99459E-05 0.0821114 9.99459E-05 9.99459E-05 0.827997 9.99459E-05
9.99372E-05 0.0742048 9.99372E-05 9.99372E-05 9.99372E-05 0.925096 9.99372E-05 9.99372E-05 9.99372E-05
9.99372E-05 9.99372E-05 0.998101 9.99372E-05 0.00119986 9.99372E-05 9.99372E-05 9.99372E-05 9.99372E-05
0.120319 0.0643691 0.251593 0.1531 0.00608889 9.9991E-05 0.0860512 0.144661 0.173717
9.99552E-05 9.99552E-05 0.922308 0.0259626 9.99552E-05 9.99552E-05 9.99552E-05 0.0471523 0.00407707
0.0346832 0.0289252 0.935792 9.9946E-05 9.9946E-05 9.9946E-05 9.9946E-05 9.9946E-05 9.9946E-05
9.9955E-05 9.9955E-05 0.910254 0.00310164 9.9955E-05 9.9955E-05 0.0723813 0.0137628 9.9955E-05
9.9955E-05 9.9955E-05 0.945684 0.0342859 9.9955E-05 0.0156623 9.9955E-05 0.00386812 9.9955E-05
9.99551E-05 0.00514594 0.885144 0.00974104 9.99551E-05 9.99551E-05 9.99551E-05 9.99551E-05 0.0994697
0.0287863 9.99369E-05 0.970514 9.99369E-05 9.99369E-05 9.99369E-05 9.99369E-05 9.99369E-05 9.99369E-05
9.99463E-05 9.99463E-05 0.458832 0.324054 9.99463E-05 9.99463E-05 0.216514 9.99463E-05 9.99463E-05
9.99553E-05 9.99553E-05 0.491699 0.412015 9.99553E-05 9.99553E-05 0.0431509 0.0526352 9.99553E-05
9.9973E-05 0.00291953 0.948721 9.9973E-05 0.0173376 9.9973E-05 0.00414987 0.00883685 0.0177352
9.9982E-05 0.0641444 0.0847988 0.0783889 0.0101533 9.9982E-05 0.0311622 0.105428 0.625724
9.9973E-05 0.0199559 0.0781394 0.0623968 9.9973E-05 9.9973E-05 0.0253244 0.185314 0.628569
9.993E-05 0.00364591 9.993E-05 9.993E-05 0.995655 9.993E-05 9.993E-05 9.993E-05 9.993E-05
9.993E-05 9.993E-05 9.993E-05 9.993E-05 0.999201 9.993E-05 9.993E-05 9.993E-05 9.993E-05
9.993E-05 9.993E-05 9.993E-05 9.993E-05 9.993E-05 9.993E-05 9.993E-05 9.993E-05 0.999201
9.9946E-05 9.9946E-05 9.9946E-05 9.9946E-05 9.9946E-05 0.00202857 9.9946E-05 0.00448921 0.992883
9.993E-05 9.993E-05 9.993E-05 9.993E-05 0.999201 9.993E-05 9.993E-05 9.993E-05 9.993E-05
9.99371E-05 0.0102798 9.99371E-05 9.99371E-05 0.989021 9.99371E-05 9.99371E-05 9.99371E-05 9.99371E-05
9.99369E-05 0.947123 9.99369E-05 9.99369E-05 9.99369E-05 9.99369E-05 9.99369E-05 0.0521773 9.99369E-05
9.996E-05 0.0279385 9.996E-05 0.077648 9.996E-05 0.0621507 9.996E-05 0.273186 0.558677
9.99549E-05 0.00737979 9.99549E-05 0.871575 9.99549E-05 0.00434497 0.116201 9.99549E-05 9.99549E-05
0.809557 9.99641E-05 9.99641E-05 9.99641E-05 0.000279633 0.032275 9.99641E-05 0.131146 0.0263422
0.635649 0.0264501 9.99551E-05 9.99551E-05 0.0811072 9.99551E-05 9.99551E-05 0.256294 9.99551E-05
9.99642E-05 9.99642E-05 0.589832 0.209152 0.023768 0.0259209 0.150927 9.99642E-05 9.99642E-05
