9.9982E-05 0.941299 0.0585012 9.9982E-05
9.9982E-05 0.453748 9.9982E-05 0.546052
0.0366019 9.99911E-05 0.070456 0.892842
9.9982E-05 9.9982E-05 0.0167374 0.983063
9.999E-05 0.30462 0.00515577 0.690124
9.9982E-05 9.9982E-05 0.0163327 0.983467
9.99821E-05 0.694516 9.99821E-05 0.305284
9.999E-05 0.17106 0.0437905 0.785049
9.99821E-05 0.673536 9.99821E-05 0.326264
9.999E-05 0.862664 0.124108 0.0131283
9.99821E-05 0.867012 0.132788 9.99821E-05
9.999E-05 0.789866 0.193801 0.0162329
0.00738339 0.943431 0.0137302 0.0354558
0.00838878 9.9991E-05 0.020853 0.970658
0.00362216 9.9991E-05 0.0084096 0.987868
9.9991E-05 0.949031 0.00112523 0.0497438
0.0828273 0.51757 0.399502 9.9991E-05
0.739032 0.231115 9.9991E-05 0.0297527
0.888252 9.9982E-05 0.111548 9.9982E-05
9.9982E-05 0.844573 0.155227 9.9982E-05
0.9997 9.998E-05 9.998E-05 9.998E-05
9.9982E-05 0.925601 0.0741993 9.9982E-05
0.422245 0.164875 0.37133 0.0415502
0.90679 9.9982E-05 0.0930101 9.9982E-05
9.998E-05 9.998E-05 9.998E-05 0.9997
9.998E-05 9.998E-05 9.998E-05 0.9997
9.9982E-05 0.895945 0.103855 9.9982E-05
9.998E-05 9.998E-05 9.998E-05 0.9997
9.998E-05 9.998E-05 9.998E-05 0.9997
0.0426583 9.9991E-05 0.0411033 0.916138
9.9982E-05 9.9982E-05 0.091505 0.908295
9.99821E-05 0.433073 9.99821E-05 0.566727
9.998E-05 9.998E-05 9.998E-05 0.9997
9.99821E-05 0.174459 9.99821E-05 0.825341
9.9991E-05 0.693845 0.245042 0.0610128
9.998E-05 9.998E-05 9.998E-05 0.9997
9.9991E-05 0.87654 0.0592323 0.064128
0.0396534 0.782663 0.0324284 0.145255
0.0699215 0.408136 0.412621 0.109322
0.00220987 0.76662 0.111823 0.119347
0.00353259 0.825554 0.0979242 0.0729888
0.020453 0.862809 0.116638 9.9991E-05
9.9982E-05 0.987481 9.9982E-05 0.0123187
0.0105705 0.822505 0.160438 0.00648703
0.131549 0.66638 0.20197 9.9991E-05
0.0322621 0.775945 0.10203 0.0897631
9.9991E-05 0.70906 0.157471 0.133369
0.0567793 0.905769 0.037352 9.99911E-05
0.0359898 0.164291 9.9991E-05 0.799619
0.0409285 0.16395 9.9991E-05 0.795021
0.03736 0.17244 9.9991E-05 0.7901
0.0535506 0.145305 9.9991E-05 0.801045
0.0292913 0.130544 9.9991E-05 0.840065
0.0590269 0.223787 9.9991E-05 0.717086
9.9982E-05 0.240995 9.9982E-05 0.758805
9.998E-05 0.9997 9.998E-05 9.998E-05
9.9991E-05 0.432304 0.00750413 0.560092
9.998E-05 9.998E-05 9.998E-05 0.9997
9.99821E-05 0.93282 0.0669796 9.99821E-05
9.9991E-05 0.918743 0.0230064 0.0581501
0.0343458 0.965454 9.99821E-05 9.99821E-05
9.998E-05 0.9997 9.998E-05 9.998E-05
0.0208283 0.872173 0.106899 9.9991E-05
0.923693 0.0741262 9.9991E-05 0.00208045
9.998E-05 9.998E-05 9.998E-05 0.9997
0.0642904 0.45633 0.0393015 0.440078
9.998E-05 9.998E-05 9.998E-05 0.9997
9.998E-05 9.998E-05 9.998E-05 0.9997
9.998E-05 9.998E-05 9.998E-05 0.9997
9.998E-05 9.998E-05 9.998E-05 0.9997
9.9991E-05 0.00222038 0.0405205 0.957159
9.998E-05 9.998E-05 9.998E-05 0.9997
9.99821E-05 0.0756173 9.99821E-05 0.924183
0.0263596 0.108382 9.99911E-05 0.865158
9.9982E-05 9.9982E-05 0.0182446 0.981555
9.9991E-05 0.80237 0.0552599 0.14227
9.9991E-05 0.807579 0.0585198 0.133801
9.998E-05 9.998E-05 0.9997 9.998E-05
9.998E-05 9.998E-05 0.9997 9.998E-05
9.9991E-05 0.866499 0.101432 0.0319691
0.00948918 0.888403 0.0574274 0.0446807
9.998E-05 9.998E-05 0.9997 9.998E-05
9.998E-05 9.998E-05 0.9997 9.998E-05
9.998E-05 0.9997 9.998E-05 9.998E-05
0.0547492 0.926205 9.9991E-05 0.0189459
9.9982E-05 0.455685 9.9982E-05 0.544115
0.115072 0.526684 0.337815 0.0204297
0.0836335 0.539907 0.37636 9.9991E-05
0.0525575 9.9991E-05 0.0425482 0.904794
