9.98828E-05 9.98828E-05 0.903757 9.98828E-05 9.98828E-05 0.0106139 9.98828E-05 9.98828E-05 9.98828E-05 0.0745166 9.98828E-05 9.98828E-05 0.00981447 9.98828E-05 9.98828E-05 9.98828E-05 9.98828E-05
9.98829E-05 9.98829E-05 9.98829E-05 0.10994 9.98829E-05 9.98829E-05 0.229393 9.98829E-05 9.98829E-05 9.98829E-05 9.98829E-05 9.98829E-05 0.000884661 0.658483 9.98829E-05 9.98829E-05 9.98829E-05
9.98928E-05 9.98928E-05 9.98928E-05 0.471592 0.0426513 0.016972 9.98928E-05 9.98928E-05 9.98928E-05 9.98928E-05 9.98928E-05 0.045973 9.98928E-05 9.98928E-05 9.98928E-05 0.421613 9.98928E-05
9.991E-05 0.0112492 9.991E-05 0.917598 9.991E-05 0.0304297 9.991E-05 9.991E-05 0.0034069 9.991E-05 9.991E-05 9.991E-05 9.991E-05 9.991E-05 0.0128415 0.00907792 0.0143982
9.99371E-05 9.99371E-05 0.023613 0.333503 9.99371E-05 9.99371E-05 0.0924176 9.99371E-05 0.0352 0.0579871 9.99371E-05 9.99371E-05 0.00800224 0.0879857 0.168591 0.181652 0.0103493
9.98829E-05 9.98829E-05 9.98829E-05 0.946222 9.98829E-05 9.98829E-05 0.00191573 0.0145754 9.98829E-05 9.98829E-05 0.035988 9.98829E-05 9.98829E-05 9.98829E-05 9.98829E-05 9.98829E-05 9.98829E-05
9.98562E-05 9.98562E-05 9.98562E-05 9.98562E-05 9.98562E-05 9.98562E-05 9.98562E-05 9.98562E-05 9.98562E-05 9.98562E-05 9.98562E-05 9.98562E-05 9.98562E-05 9.98562E-05 0.998402 9.98562E-05 9.98562E-05
9.99099E-05 9.99099E-05 9.99099E-05 0.0709853 9.99099E-05 0.0186668 9.99099E-05 9.99099E-05 0.0793849 0.0666087 9.99099E-05 9.99099E-05 9.99099E-05 0.0950128 9.99099E-05 0.654472 0.0138702
0.00362829 0.00457141 9.9901E-05 9.9901E-05 9.9901E-05 9.9901E-05 9.9901E-05 9.9901E-05 0.00142757 9.9901E-05 9.9901E-05 9.9901E-05 0.00532323 0.0374987 0.946452 9.9901E-05 9.9901E-05
9.98651E-05 9.98651E-05 9.98651E-05 9.98651E-05 9.98651E-05 9.98651E-05 9.98651E-05 9.98651E-05 9.98651E-05 0.889652 9.98651E-05 9.98651E-05 9.98651E-05 9.98651E-05 0.10885 9.98651E-05 9.98651E-05
9.98653E-05 9.98653E-05 9.98653E-05 9.98653E-05 9.98653E-05 9.98653E-05 9.98653E-05 9.98653E-05 9.98653E-05 0.934783 9.98653E-05 9.98653E-05 9.98653E-05 9.98653E-05 0.0637189 9.98653E-05 9.98653E-05
9.98921E-05 0.0311612 0.688587 0.00835896 0.153008 0.117686 9.98921E-05 9.98921E-05 9.98921E-05 9.98921E-05 9.98921E-05 9.98921E-05 9.98921E-05 9.98921E-05 9.98921E-05 9.98921E-05 9.98921E-05
9.98833E-05 0.00306195 9.98833E-05 9.98833E-05 0.970445 9.98833E-05 9.98833E-05 9.98833E-05 9.98833E-05 9.98833E-05 9.98833E-05 9.98833E-05 9.98833E-05 9.98833E-05 0.0153936 0.0098014 9.98833E-05
9.98921E-05 9.98921E-05 9.98921E-05 0.956802 9.98921E-05 9.98921E-05 9.98921E-05 9.98921E-05 9.98921E-05 9.98921E-05 0.0100805 0.0130975 0.01204 0.0067811 9.98921E-05 9.98921E-05 9.98921E-05
9.9892E-05 9.9892E-05 0.00620477 0.97564 9.9892E-05 9.9892E-05 0.00275262 0.000769198 9.9892E-05 9.9892E-05 9.9892E-05 0.0134347 9.9892E-05 9.9892E-05 9.9892E-05 9.9892E-05 9.9892E-05
0.739335 9.9892E-05 9.9892E-05 9.9892E-05 0.120475 9.9892E-05 9.9892E-05 9.9892E-05 9.9892E-05 0.0398555 0.0968942 9.9892E-05 9.9892E-05 9.9892E-05 9.9892E-05 9.9892E-05 0.00224151
0.000524077 9.9874E-05 9.9874E-05 9.9874E-05 9.9874E-05 9.9874E-05 9.9874E-05 9.9874E-05 9.9874E-05 0.0456415 9.9874E-05 9.9874E-05 0.952436 9.9874E-05 9.9874E-05 9.9874E-05 9.9874E-05
0.0294707 9.99098E-05 9.99098E-05 9.99098E-05 9.99098E-05 9.99098E-05 0.157842 9.99098E-05 0.0309469 0.0325605 9.99098E-05 0.717159 9.99098E-05 0.0249841 0.00603788 9.99098E-05 9.99098E-05
9.98742E-05 9.98742E-05 9.98742E-05 9.98742E-05 9.98742E-05 0.0410396 9.98742E-05 0.101263 9.98742E-05 9.98742E-05 9.98742E-05 0.856299 9.98742E-05 9.98742E-05 9.98742E-05 9.98742E-05 9.98742E-05
0.294442 9.99008E-05 0.0664656 9.99008E-05 9.99008E-05 0.0239382 9.99008E-05 9.99008E-05 9.99008E-05 0.403491 0.153962 9.99008E-05 0.0566023 9.99008E-05 9.99008E-05 9.99008E-05 9.99008E-05
9.98651E-05 9.98651E-05 9.98651E-05 9.98651E-05 9.98651E-05 9.98651E-05 9.98651E-05 0.120147 9.98651E-05 9.98651E-05 9.98651E-05 0.878355 9.98651E-05 9.98651E-05 9.98651E-05 9.98651E-05 9.98651E-05
0.245998 9.991E-05 0.42261 9.991E-05 0.0880325 0.0283653 0.210507 0.00265007 9.991E-05 9.991E-05 9.991E-05 9.991E-05 9.991E-05 9.991E-05 9.991E-05 9.991E-05 0.000838272
9.99011E-05 9.99011E-05 9.99011E-05 0.00980985 9.99011E-05 0.15937 9.99011E-05 9.99011E-05 0.00729737 0.189542 9.99011E-05 0.454792 0.178089 9.99011E-05 9.99011E-05 9.99011E-05 9.99011E-05
9.98739E-05 9.98739E-05 9.98739E-05 9.98739E-05 9.98739E-05 9.98739E-05 9.98739E-05 9.98739E-05 9.98739E-05 0.00954342 0.090897 0.898161 9.98739E-05 9.98739E-05 9.98739E-05 9.98739E-05 9.98739E-05
9.98833E-05 0.627625 9.98833E-05 0.355886 9.98833E-05 9.98833E-05 9.98833E-05 9.98833E-05 0.00445074 9.98833E-05 9.98833E-05 9.98833E-05 9.98833E-05 9.98833E-05 9.98833E-05 0.0107397 9.98833E-05
9.98653E-05 0.164167 9.98653E-05 0.834335 9.98653E-05 9.98653E-05 9.98653E-05 9.98653E-05 9.98653E-05 9.98653E-05 9.98653E-05 9.98653E-05 9.98653E-05 9.98653E-05 9.98653E-05 9.98653E-05 9.98653E-05
0.0217339 9.99008E-05 0.0369269 9.99008E-05 0.795712 0.0345318 9.99008E-05 9.99008E-05 9.99008E-05 0.0630986 9.99008E-05 9.99008E-05 0.0468981 9.99008E-05 9.99008E-05 9.99008E-05 9.99008E-05
9.98741E-05 0.993478 9.98741E-05 9.98741E-05 9.98741E-05 9.98741E-05 9.98741E-05 9.98741E-05 0.00436454 9.98741E-05 9.98741E-05 9.98741E-05 9.98741E-05 9.98741E-05 9.98741E-05 9.98741E-05 0.000758976
9.98562E-05 0.998402 9.98562E-05 9.98562E-05 9.98562E-05 9.98562E-05 9.98562E-05 9.98562E-05 9.98562E-05 9.98562E-05 9.98562E-05 9.98562E-05 9.98562E-05 9.98562E-05 9.98562E-05 9.98562E-05 9.98562E-05
9.99192E-05 0.236394 0.0223605 0.363741 9.99192E-05 0.00385772 9.99192E-05 0.0267733 0.137687 9.99192E-05 0.0243047 9.99192E-05 9.99192E-05 9.99192E-05 9.99192E-05 0.183982 9.99192E-05
9.99189E-05 0.00713682 9.99189E-05 0.367817 9.99189E-05 0.0269126 9.99189E-05 9.99189E-05 0.0575124 9.99189E-05 0.0184699 9.99189E-05 0.00942621 9.99189E-05 9.99189E-05 0.497993 0.0138335
9.98565E-05 9.98565E-05 9.98565E-05 9.98565E-05 9.98565E-05 9.98565E-05 9.98565E-05 9.98565E-05 9.98565E-05 9.98565E-05 9.98565E-05 9.98565E-05 9.98565E-05 0.998402 9.98565E-05 9.98565E-05 9.98565E-05
9.98921E-05 0.336783 9.98921E-05 0.471924 9.98921E-05 9.98921E-05 0.00236354 9.98921E-05 9.98921E-05 9.98921E-05 9.98921E-05 9.98921E-05 0.0149677 9.98921E-05 9.98921E-05 0.172763 9.98921E-05
9.98832E-05 9.98832E-05 9.98832E-05 9.98832E-05 9.98832E-05 0.0114574 9.98832E-05 9.98832E-05 0.703897 9.98832E-05 9.98832E-05 9.98832E-05 9.98832E-05 0.0408664 9.98832E-05 0.242481 9.98832E-05
9.99097E-05 9.99097E-05 0.0322059 9.99097E-05 0.461671 0.0961304 0.0360091 9.99097E-05 9.99097E-05 9.99097E-05 0.0628544 9.99097E-05 0.262496 9.99097E-05 9.99097E-05 0.0476335 9.99097E-05
9.99009E-05 0.64132 9.99009E-05 0.310917 9.99009E-05 9.99009E-05 9.99009E-05 9.99009E-05 9.99009E-05 9.99009E-05 0.01629 9.99009E-05 0.0196702 0.00648752 9.99009E-05 0.00421623 9.99009E-05
9.98741E-05 9.98741E-05 0.953649 0.0234164 9.98741E-05 9.98741E-05 9.98741E-05 9.98741E-05 9.98741E-05 9.98741E-05 9.98741E-05 9.98741E-05 9.98741E-05 9.98741E-05 9.98741E-05 0.0215363 9.98741E-05
9.99099E-05 9.99099E-05 0.0456509 0.0127034 9.99099E-05 9.99099E-05 0.112471 0.0298034 9.99099E-05 0.544558 9.99099E-05 9.99099E-05 0.0571526 0.196662 9.99099E-05 9.99099E-05 9.99099E-05
9.98562E-05 9.98562E-05 9.98562E-05 9.98562E-05 9.98562E-05 9.98562E-05 9.98562E-05 9.98562E-05 9.98562E-05 9.98562E-05 9.98562E-05 9.98562E-05 0.998402 9.98562E-05 9.98562E-05 9.98562E-05 9.98562E-05
9.9865E-05 9.9865E-05 9.9865E-05 0.00414963 9.9865E-05 9.9865E-05 0.994352 9.9865E-05 9.9865E-05 9.9865E-05 9.9865E-05 9.9865E-05 9.9865E-05 9.9865E-05 9.9865E-05 9.9865E-05 9.9865E-05
9.9865E-05 9.9865E-05 9.9865E-05 9.9865E-05 9.9865E-05 0.00213938 0.996363 9.9865E-05 9.9865E-05 9.9865E-05 9.9865E-05 9.9865E-05 9.9865E-05 9.9865E-05 9.9865E-05 9.9865E-05 9.9865E-05
9.98919E-05 9.98919E-05 0.00625447 9.98919E-05 9.98919E-05 9.98919E-05 0.0418482 9.98919E-05 9.98919E-05 0.853901 0.0602938 9.98919E-05 0.0365034 9.98919E-05 9.98919E-05 9.98919E-05 9.98919E-05
0.835095 9.9901E-05 0.0206677 9.9901E-05 0.0359795 9.9901E-05 0.01308 0.0137311 9.9901E-05 9.9901E-05 9.9901E-05 9.9901E-05 9.9901E-05 9.9901E-05 0.0803474 9.9901E-05 9.9901E-05
9.98829E-05 9.98829E-05 9.98829E-05 9.98829E-05 9.98829E-05 9.98829E-05 9.98829E-05 9.98829E-05 0.00641933 0.866762 0.108702 9.98829E-05 0.0168182 9.98829E-05 9.98829E-05 9.98829E-05 9.98829E-05
0.0586607 9.99369E-05 0.024172 9.99369E-05 0.0689448 0.0679117 0.161925 9.99369E-05 9.99369E-05 0.285355 0.195923 0.0850369 9.99369E-05 0.0304585 0.0209129 9.99369E-05 9.99369E-05
0.106697 9.99279E-05 0.055829 0.0670654 9.99279E-05 9.99279E-05 0.13932 0.0558542 9.99279E-05 0.372683 0.165443 9.99279E-05 9.99279E-05 9.99279E-05 9.99279E-05 0.00970957 0.0265994
9.99279E-05 9.99279E-05 0.231657 0.0442238 9.99279E-05 9.99279E-05 9.99279E-05 0.0228989 0.0152868 0.0849007 0.322141 9.99279E-05 0.11127 9.99279E-05 0.0812871 9.99279E-05 0.0855352
9.98659E-05 9.98659E-05 0.98848 9.98659E-05 9.98659E-05 9.98659E-05 9.98659E-05 9.98659E-05 9.98659E-05 9.98659E-05 9.98659E-05 0.010022 9.98659E-05 9.98659E-05 9.98659E-05 9.98659E-05 9.98659E-05
9.98562E-05 9.98562E-05 9.98562E-05 9.98562E-05 9.98562E-05 9.98562E-05 9.98562E-05 9.98562E-05 0.998402 9.98562E-05 9.98562E-05 9.98562E-05 9.98562E-05 9.98562E-05 9.98562E-05 9.98562E-05 9.98562E-05
9.98741E-05 9.98741E-05 9.98741E-05 9.98741E-05 9.98741E-05 9.98741E-05 9.98741E-05 0.0154618 0.949033 9.98741E-05 0.0341065 9.98741E-05 9.98741E-05 9.98741E-05 9.98741E-05 9.98741E-05 9.98741E-05
9.98652E-05 9.98652E-05 9.98652E-05 9.98652E-05 9.98652E-05 9.98652E-05 9.98652E-05 9.98652E-05 0.992771 9.98652E-05 9.98652E-05 9.98652E-05 9.98652E-05 9.98652E-05 9.98652E-05 9.98652E-05 0.00573134
9.98562E-05 9.98562E-05 9.98562E-05 9.98562E-05 9.98562E-05 9.98562E-05 9.98562E-05 9.98562E-05 0.998402 9.98562E-05 9.98562E-05 9.98562E-05 9.98562E-05 9.98562E-05 9.98562E-05 9.98562E-05 9.98562E-05
9.98652E-05 9.98652E-05 9.98652E-05 0.0200273 9.98652E-05 9.98652E-05 9.98652E-05 9.98652E-05 0.978475 9.98652E-05 9.98652E-05 9.98652E-05 9.98652E-05 9.98652E-05 9.98652E-05 9.98652E-05 9.98652E-05
0.044268 0.135827 9.99193E-05 9.99193E-05 9.99193E-05 9.99193E-05 9.99193E-05 9.99193E-05 0.449168 9.99193E-05 9.99193E-05 0.0129047 0.000596236 9.99193E-05 0.077926 0.184605 0.0938055
0.0285143 9.98741E-05 9.98741E-05 9.98741E-05 9.98741E-05 9.98741E-05 9.98741E-05 9.98741E-05 0.897178 9.98741E-05 9.98741E-05 9.98741E-05 9.98741E-05 0.072909 9.98741E-05 9.98741E-05 9.98741E-05
0.159843 9.98829E-05 0.824148 9.98829E-05 9.98829E-05 9.98829E-05 9.98829E-05 9.98829E-05 9.98829E-05 9.98829E-05 0.0134565 9.98829E-05 9.98829E-05 9.98829E-05 0.00125368 9.98829E-05 9.98829E-05
9.98919E-05 0.0163515 9.98919E-05 9.98919E-05 9.98919E-05 9.98919E-05 9.98919E-05 9.98919E-05 9.98919E-05 9.98919E-05 0.00653231 9.98919E-05 9.98919E-05 0.915822 0.042418 0.0176774 9.98919E-05
9.98739E-05 0.46638 9.98739E-05 0.507036 9.98739E-05 9.98739E-05 0.0251858 9.98739E-05 9.98739E-05 9.98739E-05 9.98739E-05 9.98739E-05 9.98739E-05 9.98739E-05 9.98739E-05 9.98739E-05 9.98739E-05
0.0290294 9.98831E-05 9.98831E-05 9.98831E-05 0.827979 0.0207583 0.120935 9.98831E-05 9.98831E-05 9.98831E-05 9.98831E-05 9.98831E-05 9.98831E-05 9.98831E-05 9.98831E-05 9.98831E-05 9.98831E-05
0.860009 9.98743E-05 9.98743E-05 9.98743E-05 0.0170902 9.98743E-05 9.98743E-05 9.98743E-05 9.98743E-05 9.98743E-05 0.121503 9.98743E-05 9.98743E-05 9.98743E-05 9.98743E-05 9.98743E-05 9.98743E-05
9.98656E-05 9.98656E-05 9.98656E-05 9.98656E-05 0.995747 9.98656E-05 9.98656E-05 9.98656E-05 9.98656E-05 9.98656E-05 9.98656E-05 9.98656E-05 9.98656E-05 9.98656E-05 0.00275549 9.98656E-05 9.98656E-05
9.99009E-05 9.99009E-05 0.0014882 0.00379086 0.863788 9.99009E-05 0.0209882 9.99009E-05 9.99009E-05 0.107834 0.0010112 9.99009E-05 9.99009E-05 9.99009E-05 9.99009E-05 9.99009E-05 9.99009E-05
9.99099E-05 9.99099E-05 9.99099E-05 9.99099E-05 0.816222 0.0258561 0.019409 9.99099E-05 9.99099E-05 0.0322716 0.0974789 9.99099E-05 0.00392272 9.99099E-05 9.99099E-05 9.99099E-05 0.0038406
9.98502E-05 9.98502E-05 9.98502E-05 9.98502E-05 9.98502E-05 9.98502E-05 9.98502E-05 0.998402 9.98502E-05 9.98502E-05 9.98502E-05 9.98502E-05 9.98502E-05 9.98502E-05 9.98502E-05 9.98502E-05 9.98502E-05
9.98656E-05 0.613883 9.98656E-05 0.384619 9.98656E-05 9.98656E-05 9.98656E-05 9.98656E-05 9.98656E-05 9.98656E-05 9.98656E-05 9.98656E-05 9.98656E-05 9.98656E-05 9.98656E-05 9.98656E-05 9.98656E-05
9.98561E-05 9.98561E-05 9.98561E-05 9.98561E-05 9.98561E-05 9.98561E-05 9.98561E-05 9.98561E-05 9.98561E-05 9.98561E-05 9.98561E-05 9.98561E-05 9.98561E-05 9.98561E-05 9.98561E-05 9.98561E-05 0.998402
0.02721 9.98834E-05 9.98834E-05 0.903779 0.0128987 9.98834E-05 9.98834E-05 9.98834E-05 9.98834E-05 9.98834E-05 9.98834E-05 9.98834E-05 9.98834E-05 9.98834E-05 9.98834E-05 0.0548139 9.98834E-05
9.99099E-05 0.145703 0.0118906 0.724552 9.99099E-05 9.99099E-05 0.0177333 9.99099E-05 0.075961 9.99099E-05 9.99099E-05 9.99099E-05 0.0214185 9.99099E-05 0.00174188 9.99099E-05 9.99099E-05
9.98651E-05 0.988483 9.98651E-05 9.98651E-05 9.98651E-05 9.98651E-05 9.98651E-05 9.98651E-05 9.98651E-05 9.98651E-05 9.98651E-05 9.98651E-05 9.98651E-05 9.98651E-05 0.0100188 9.98651E-05 9.98651E-05
9.98563E-05 0.998402 9.98563E-05 9.98563E-05 9.98563E-05 9.98563E-05 9.98563E-05 9.98563E-05 9.98563E-05 9.98563E-05 9.98563E-05 9.98563E-05 9.98563E-05 9.98563E-05 9.98563E-05 9.98563E-05 9.98563E-05
9.99191E-05 0.133458 9.99191E-05 0.610921 9.99191E-05 9.99191E-05 0.0601611 9.99191E-05 9.99191E-05 0.00507567 9.99191E-05 9.99191E-05 9.99191E-05 0.0114541 0.0106581 0.150722 0.016651
9.9883E-05 0.557991 9.9883E-05 0.407818 9.9883E-05 9.9883E-05 0.0231818 9.9883E-05 9.9883E-05 9.9883E-05 9.9883E-05 9.9883E-05 0.00971083 9.9883E-05 9.9883E-05 9.9883E-05 9.9883E-05
9.98649E-05 9.98649E-05 9.98649E-05 9.98649E-05 9.98649E-05 9.98649E-05 9.98649E-05 9.98649E-05 0.00774219 9.98649E-05 9.98649E-05 9.98649E-05 9.98649E-05 9.98649E-05 9.98649E-05 0.99076 9.98649E-05
9.98739E-05 9.98739E-05 9.98739E-05 9.98739E-05 0.0167911 9.98739E-05 9.98739E-05 9.98739E-05 9.98739E-05 9.98739E-05 9.98739E-05 9.98739E-05 9.98739E-05 9.98739E-05 0.0476494 0.934161 9.98739E-05
0.0163175 0.0772965 9.98741E-05 0.904988 9.98741E-05 9.98741E-05 9.98741E-05 9.98741E-05 9.98741E-05 9.98741E-05 9.98741E-05 9.98741E-05 9.98741E-05 9.98741E-05 9.98741E-05 9.98741E-05 9.98741E-05
0.981358 9.98651E-05 9.98651E-05 9.98651E-05 9.98651E-05 9.98651E-05 9.98651E-05 9.98651E-05 0.0171439 9.98651E-05 9.98651E-05 9.98651E-05 9.98651E-05 9.98651E-05 9.98651E-05 9.98651E-05 9.98651E-05
0.987573 9.98651E-05 9.98651E-05 9.98651E-05 9.98651E-05 9.98651E-05 9.98651E-05 9.98651E-05 0.010929 9.98651E-05 9.98651E-05 9.98651E-05 9.98651E-05 9.98651E-05 9.98651E-05 9.98651E-05 9.98651E-05
9.98563E-05 9.98563E-05 9.98563E-05 9.98563E-05 9.98563E-05 0.998402 9.98563E-05 9.98563E-05 9.98563E-05 9.98563E-05 9.98563E-05 9.98563E-05 9.98563E-05 9.98563E-05 9.98563E-05 9.98563E-05 9.98563E-05
9.98653E-05 9.98653E-05 9.98653E-05 9.98653E-05 0.0105381 0.987964 9.98653E-05 9.98653E-05 9.98653E-05 9.98653E-05 9.98653E-05 9.98653E-05 9.98653E-05 9.98653E-05 9.98653E-05 9.98653E-05 9.98653E-05
0.0753862 9.99009E-05 0.00216574 9.99009E-05 0.0166621 9.99009E-05 0.0769618 9.99009E-05 9.99009E-05 0.782573 9.99009E-05 9.99009E-05 9.99009E-05 0.0451518 9.99009E-05 9.99009E-05 9.99009E-05
0.109861 0.0305082 9.98919E-05 9.98919E-05 0.0431253 9.98919E-05 0.0592592 9.98919E-05 9.98919E-05 0.756047 9.98919E-05 9.98919E-05 9.98919E-05 9.98919E-05 9.98919E-05 9.98919E-05 9.98919E-05
0.013793 9.98832E-05 9.98832E-05 9.98832E-05 9.98832E-05 0.967212 9.98832E-05 9.98832E-05 9.98832E-05 9.98832E-05 9.98832E-05 9.98832E-05 9.98832E-05 0.0175859 9.98832E-05 0.000110982 9.98832E-05
9.98563E-05 9.98563E-05 9.98563E-05 9.98563E-05 9.98563E-05 0.998402 9.98563E-05 9.98563E-05 9.98563E-05 9.98563E-05 9.98563E-05 9.98563E-05 9.98563E-05 9.98563E-05 9.98563E-05 9.98563E-05 9.98563E-05
0.0170317 9.98919E-05 0.946877 9.98919E-05 0.0140233 9.98919E-05 9.98919E-05 9.98919E-05 0.0203361 9.98919E-05 9.98919E-05 9.98919E-05 9.98919E-05 9.98919E-05 0.000533273 9.98919E-05 9.98919E-05
0.00288563 9.99009E-05 9.99009E-05 9.99009E-05 0.130273 9.99009E-05 0.665 0.00124546 9.99009E-05 9.99009E-05 9.99009E-05 0.0248657 9.99009E-05 9.99009E-05 0.17463 9.99009E-05 9.99009E-05
9.9874E-05 9.9874E-05 9.9874E-05 9.9874E-05 9.9874E-05 9.9874E-05 9.9874E-05 9.9874E-05 0.0504447 9.9874E-05 9.9874E-05 9.9874E-05 9.9874E-05 0.896197 0.0519596 9.9874E-05 9.9874E-05
9.9856E-05 9.9856E-05 9.9856E-05 9.9856E-05 9.9856E-05 9.9856E-05 9.9856E-05 9.9856E-05 9.9856E-05 9.9856E-05 0.998402 9.9856E-05 9.9856E-05 9.9856E-05 9.9856E-05 9.9856E-05 9.9856E-05
9.98921E-05 9.98921E-05 0.0348996 9.98921E-05 0.0294871 0.0421397 9.98921E-05 9.98921E-05 9.98921E-05 9.98921E-05 0.836027 9.98921E-05 0.0562482 9.98921E-05 9.98921E-05 9.98921E-05 9.98921E-05
9.99192E-05 0.196716 9.99192E-05 0.14153 9.99192E-05 9.99192E-05 9.99192E-05 0.00969739 0.0879614 9.99192E-05 9.99192E-05 0.00499575 9.99192E-05 0.0109906 9.99192E-05 0.473838 0.0733718
