9.99188E-05 9.99188E-05 9.99188E-05 9.99188E-05 9.99188E-05 9.99188E-05 0.0123874 0.0578673 9.99188E-05 0.928846 9.99188E-05 9.99188E-05
9.9937E-05 9.9937E-05 0.803963 9.9937E-05 0.104354 9.9937E-05 9.9937E-05 0.00316018 9.9937E-05 0.0204666 9.9937E-05 0.0673564
0.148445 9.99376E-05 0.000241193 9.99376E-05 0.709966 9.99376E-05 0.085477 9.99376E-05 0.0551706 9.99376E-05 9.99376E-05 9.99376E-05
9.99371E-05 9.99371E-05 9.99371E-05 0.00433432 0.926964 9.99371E-05 0.0398123 0.0249966 9.99371E-05 9.99371E-05 9.99371E-05 0.00319344
0.379133 9.9955E-05 0.103426 0.0464847 0.291377 9.9955E-05 9.9955E-05 0.0845857 9.9955E-05 0.0362982 9.9955E-05 0.0581952
9.99191E-05 9.99191E-05 9.99191E-05 9.99191E-05 0.958805 9.99191E-05 9.99191E-05 9.99191E-05 9.99191E-05 9.99191E-05 0.00259544 0.0376998
0.729042 0.128755 9.99187E-05 9.99187E-05 9.99187E-05 0.141303 9.99187E-05 9.99187E-05 9.99187E-05 9.99187E-05 9.99187E-05 9.99187E-05
0.437769 9.99459E-05 0.0531602 0.164144 0.276169 9.99459E-05 0.0395759 0.028583 9.99459E-05 9.99459E-05 9.99459E-05 9.99459E-05
0.68373 0.224632 0.0238927 9.99277E-05 9.99277E-05 0.0669464 9.99277E-05 9.99277E-05 9.99277E-05 9.99277E-05 9.99277E-05 9.99277E-05
0.144391 9.991E-05 9.991E-05 9.991E-05 9.991E-05 9.991E-05 9.991E-05 0.85461 9.991E-05 9.991E-05 9.991E-05 9.991E-05
0.0993967 9.991E-05 9.991E-05 9.991E-05 9.991E-05 9.991E-05 9.991E-05 0.899604 9.991E-05 9.991E-05 9.991E-05 9.991E-05
0.00832464 9.9928E-05 9.9928E-05 9.9928E-05 9.9928E-05 0.185754 0.142557 9.9928E-05 9.9928E-05 0.662566 9.9928E-05 9.9928E-05
0.0187803 9.99102E-05 9.99102E-05 9.99102E-05 9.99102E-05 0.980221 9.99102E-05 9.99102E-05 9.99102E-05 9.99102E-05 9.99102E-05 9.99102E-05
9.9937E-05 9.9937E-05 0.0361522 9.9937E-05 0.905543 9.9937E-05 9.9937E-05 9.9937E-05 0.0244446 0.0196999 9.9937E-05 0.0134602
9.99201E-05 9.99201E-05 9.99201E-05 9.99201E-05 0.91463 9.99201E-05 9.99201E-05 0.0299224 0.0242325 0.0304159 9.99201E-05 9.99201E-05
9.99201E-05 0.797573 9.99201E-05 9.99201E-05 9.99201E-05 0.160602 9.99201E-05 0.0237056 9.99201E-05 9.99201E-05 9.99201E-05 0.01732
9.99098E-05 9.99098E-05 9.99098E-05 9.99098E-05 9.99098E-05 9.99098E-05 9.99098E-05 0.0765367 9.99098E-05 9.99098E-05 9.99098E-05 0.922464
9.99459E-05 0.0279392 0.0455539 0.0250484 9.99459E-05 9.99459E-05 9.99459E-05 0.14684 0.736011 0.0180079 9.99459E-05 9.99459E-05
9.99191E-05 9.99191E-05 9.99191E-05 9.99191E-05 9.99191E-05 9.99191E-05 0.0528011 9.99191E-05 0.813734 9.99191E-05 0.132565 9.99191E-05
9.99369E-05 0.285504 9.99369E-05 9.99369E-05 9.99369E-05 9.99369E-05 0.0134097 0.489547 9.99369E-05 0.120967 9.99369E-05 0.0898734
0.00121598 9.99191E-05 9.99191E-05 9.99191E-05 0.00267968 9.99191E-05 9.99191E-05 9.99191E-05 0.995205 9.99191E-05 9.99191E-05 9.99191E-05
9.9946E-05 0.287503 9.9946E-05 9.9946E-05 9.9946E-05 0.036052 9.9946E-05 0.150367 9.9946E-05 0.487945 0.00232526 0.0352091
9.9928E-05 9.9928E-05 9.9928E-05 9.9928E-05 9.9928E-05 9.9928E-05 0.134729 0.17566 0.397584 9.9928E-05 9.9928E-05 0.291228
9.9919E-05 9.9919E-05 9.9919E-05 9.9919E-05 9.9919E-05 9.9919E-05 0.0160545 0.0453872 0.937659 9.9919E-05 9.9919E-05 9.9919E-05
9.99012E-05 9.99012E-05 9.99012E-05 9.99012E-05 0.998901 9.99012E-05 9.99012E-05 9.99012E-05 9.99012E-05 9.99012E-05 9.99012E-05 9.99012E-05
9.99012E-05 9.99012E-05 9.99012E-05 9.99012E-05 0.998901 9.99012E-05 9.99012E-05 9.99012E-05 9.99012E-05 9.99012E-05 9.99012E-05 9.99012E-05
9.99369E-05 9.99369E-05 9.99369E-05 9.99369E-05 9.99369E-05 0.78962 0.0462565 0.0820849 9.99369E-05 0.045039 9.99369E-05 0.0363
9.9919E-05 0.0244613 9.9919E-05 0.0643481 0.910291 9.9919E-05 9.9919E-05 9.9919E-05 9.9919E-05 9.9919E-05 9.9919E-05 9.9919E-05
9.9928E-05 9.9928E-05 0.00685003 0.0742739 0.887287 0.0307896 9.9928E-05 9.9928E-05 9.9928E-05 9.9928E-05 9.9928E-05 9.9928E-05
0.141256 9.99461E-05 9.99461E-05 0.157618 0.604628 9.99461E-05 0.02099 9.99461E-05 9.99461E-05 9.99461E-05 0.0402132 0.0346954
0.265256 9.9937E-05 9.9937E-05 0.0961769 0.578424 9.9937E-05 0.0303232 9.9937E-05 9.9937E-05 9.9937E-05 9.9937E-05 0.0291209
9.99013E-05 9.99013E-05 0.998901 9.99013E-05 9.99013E-05 9.99013E-05 9.99013E-05 9.99013E-05 9.99013E-05 9.99013E-05 9.99013E-05 9.99013E-05
0.100525 0.0345523 9.99281E-05 9.99281E-05 0.863995 9.99281E-05 0.000128486 9.99281E-05 9.99281E-05 9.99281E-05 9.99281E-05 9.99281E-05
0.127956 9.99282E-05 0.0160023 0.800853 0.0543896 9.99282E-05 9.99282E-05 9.99282E-05 9.99282E-05 9.99282E-05 9.99282E-05 9.99282E-05
9.99548E-05 9.99548E-05 9.99548E-05 0.0252748 0.0243564 0.484265 0.125032 0.00314218 9.99548E-05 0.0442164 9.99548E-05 0.293213
0.0225375 0.0141101 9.99459E-05 9.99459E-05 0.93301 0.010113 9.99459E-05 9.99459E-05 9.99459E-05 0.00314787 9.99459E-05 0.0164819
9.9919E-05 9.9919E-05 9.9919E-05 9.9919E-05 0.00836082 9.9919E-05 9.9919E-05 9.9919E-05 9.9919E-05 0.959872 9.9919E-05 0.0308683
9.9946E-05 9.9946E-05 0.200636 9.9946E-05 0.0149926 9.9946E-05 9.9946E-05 0.675068 9.9946E-05 0.0811207 0.0219602 0.00562235
9.99098E-05 9.99098E-05 0.00356664 9.99098E-05 9.99098E-05 9.99098E-05 9.99098E-05 9.99098E-05 9.99098E-05 9.99098E-05 9.99098E-05 0.995434
9.99459E-05 0.238525 9.99459E-05 9.99459E-05 0.0802679 9.99459E-05 9.99459E-05 0.315943 9.99459E-05 0.206653 0.0129471 0.145064
9.99639E-05 0.222069 0.0416776 9.99639E-05 0.0515308 9.99639E-05 9.99639E-05 0.330398 0.00494098 0.257704 0.0138199 0.0774593
9.9928E-05 0.00729696 9.9928E-05 9.9928E-05 9.9928E-05 9.9928E-05 9.9928E-05 0.937216 9.9928E-05 0.00728981 9.9928E-05 0.0473975
9.9937E-05 0.805015 9.9937E-05 9.9937E-05 9.9937E-05 0.12194 9.9937E-05 0.0336343 9.9937E-05 0.029995 0.00871593 9.9937E-05
9.9937E-05 9.9937E-05 9.9937E-05 9.9937E-05 9.9937E-05 0.018299 0.00421197 0.929115 9.9937E-05 0.0166181 9.9937E-05 0.0310559
9.99639E-05 0.00283554 0.105981 9.99639E-05 9.99639E-05 0.186369 0.0771855 0.467073 0.128602 0.026995 9.99639E-05 0.00455942
9.9964E-05 0.128566 0.0354418 9.9964E-05 0.0635534 0.0168607 9.9964E-05 0.543102 9.9964E-05 0.0750566 0.100258 0.0367616
0.0327947 9.9964E-05 9.9964E-05 0.0413642 0.0554425 0.134917 9.9964E-05 0.185833 9.9964E-05 0.223571 0.0245501 0.301128
9.99106E-05 9.99106E-05 9.99106E-05 9.99106E-05 9.99106E-05 9.99106E-05 9.99106E-05 9.99106E-05 0.0205252 0.978476 9.99106E-05 9.99106E-05
9.9901E-05 9.9901E-05 9.9901E-05 0.998901 9.9901E-05 9.9901E-05 9.9901E-05 9.9901E-05 9.9901E-05 9.9901E-05 9.9901E-05 9.9901E-05
9.99011E-05 9.99011E-05 9.99011E-05 0.998901 9.99011E-05 9.99011E-05 9.99011E-05 9.99011E-05 9.99011E-05 9.99011E-05 9.99011E-05 9.99011E-05
9.99011E-05 9.99011E-05 9.99011E-05 0.998901 9.99011E-05 9.99011E-05 9.99011E-05 9.99011E-05 9.99011E-05 9.99011E-05 9.99011E-05 9.99011E-05
9.99101E-05 9.99101E-05 9.99101E-05 0.997488 9.99101E-05 9.99101E-05 9.99101E-05 9.99101E-05 9.99101E-05 0.00151269 9.99101E-05 9.99101E-05
9.99191E-05 9.99191E-05 9.99191E-05 0.984303 0.0119613 9.99191E-05 0.00283693 9.99191E-05 9.99191E-05 9.99191E-05 9.99191E-05 9.99191E-05
0.286313 0.0556749 0.027844 0.385382 0.185191 9.9955E-05 9.9955E-05 9.9955E-05 0.05148 9.9955E-05 9.9955E-05 0.00761597
9.991E-05 9.991E-05 0.106964 0.892037 9.991E-05 9.991E-05 9.991E-05 9.991E-05 9.991E-05 9.991E-05 9.991E-05 9.991E-05
9.99189E-05 0.17781 9.99189E-05 9.99189E-05 9.99189E-05 0.0119644 9.99189E-05 9.99189E-05 9.99189E-05 0.809326 9.99189E-05 9.99189E-05
9.9928E-05 0.0182397 0.917613 0.0495306 9.9928E-05 0.0138177 9.9928E-05 9.9928E-05 9.9928E-05 9.9928E-05 9.9928E-05 9.9928E-05
9.991E-05 9.991E-05 9.991E-05 9.991E-05 0.981348 9.991E-05 9.991E-05 9.991E-05 9.991E-05 0.0176532 9.991E-05 9.991E-05
9.9937E-05 0.0964056 9.9937E-05 0.0340597 9.9937E-05 0.802945 0.0207433 9.9937E-05 9.9937E-05 0.0451468 9.9937E-05 9.9937E-05
9.99192E-05 0.89508 9.99192E-05 9.99192E-05 9.99192E-05 0.0923154 9.99192E-05 9.99192E-05 9.99192E-05 0.0117051 9.99192E-05 9.99192E-05
0.0216304 9.99104E-05 9.99104E-05 9.99104E-05 9.99104E-05 0.977371 9.99104E-05 9.99104E-05 9.99104E-05 9.99104E-05 9.99104E-05 9.99104E-05
9.99189E-05 9.99189E-05 9.99189E-05 9.99189E-05 0.00240878 0.892996 9.99189E-05 0.103695 9.99189E-05 9.99189E-05 9.99189E-05 9.99189E-05
9.99279E-05 9.99279E-05 9.99279E-05 9.99279E-05 9.99279E-05 0.840929 0.0554224 0.0876452 9.99279E-05 9.99279E-05 9.99279E-05 0.0152044
9.9901E-05 9.9901E-05 9.9901E-05 9.9901E-05 9.9901E-05 9.9901E-05 9.9901E-05 9.9901E-05 9.9901E-05 9.9901E-05 0.998901 9.9901E-05
0.00286761 9.99104E-05 9.99104E-05 9.99104E-05 0.996133 9.99104E-05 9.99104E-05 9.99104E-05 9.99104E-05 9.99104E-05 9.99104E-05 9.99104E-05
0.0343372 0.152709 9.9982E-05 0.12701 0.238019 0.0642015 0.0335233 0.00106753 0.0419653 0.109781 9.9982E-05 0.197186
0.0230174 9.99373E-05 0.00872753 0.0105338 0.937928 0.0190933 9.99373E-05 9.99373E-05 9.99373E-05 9.99373E-05 9.99373E-05 9.99373E-05
0.026217 9.99369E-05 9.99369E-05 0.000116064 0.911813 9.99369E-05 9.99369E-05 9.99369E-05 9.99369E-05 0.0362594 9.99369E-05 0.0248953
9.9919E-05 0.078023 9.9919E-05 0.076018 0.84506 9.9919E-05 9.9919E-05 9.9919E-05 9.9919E-05 9.9919E-05 9.9919E-05 9.9919E-05
9.99281E-05 0.0804537 0.0112583 0.00826168 0.899227 9.99281E-05 9.99281E-05 9.99281E-05 9.99281E-05 9.99281E-05 9.99281E-05 9.99281E-05
0.0642765 9.99281E-05 9.99281E-05 9.99281E-05 0.855552 9.99281E-05 0.0296611 0.0497107 9.99281E-05 9.99281E-05 9.99281E-05 9.99281E-05
9.9919E-05 9.9919E-05 9.9919E-05 0.0151099 0.965425 9.9919E-05 9.9919E-05 9.9919E-05 9.9919E-05 9.9919E-05 9.9919E-05 0.0185655
0.641329 9.99279E-05 9.99279E-05 0.0869304 0.266118 9.99279E-05 9.99279E-05 9.99279E-05 9.99279E-05 9.99279E-05 9.99279E-05 0.00482281
0.750694 9.991E-05 9.991E-05 9.991E-05 0.248307 9.991E-05 9.991E-05 9.991E-05 9.991E-05 9.991E-05 9.991E-05 9.991E-05
9.99551E-05 0.020295 9.99551E-05 0.0167377 0.938966 0.00415181 0.00610494 0.00427333 0.00897127 9.99551E-05 9.99551E-05 9.99551E-05
9.991E-05 0.970634 9.991E-05 0.0283667 9.991E-05 9.991E-05 9.991E-05 9.991E-05 9.991E-05 9.991E-05 9.991E-05 9.991E-05
9.99099E-05 0.998093 9.99099E-05 0.000908368 9.99099E-05 9.99099E-05 9.99099E-05 9.99099E-05 9.99099E-05 9.99099E-05 9.99099E-05 9.99099E-05
9.99011E-05 9.99011E-05 9.99011E-05 9.99011E-05 9.99011E-05 9.99011E-05 0.998901 9.99011E-05 9.99011E-05 9.99011E-05 9.99011E-05 9.99011E-05
9.99101E-05 9.99101E-05 9.99101E-05 9.99101E-05 9.99101E-05 0.0118983 0.987103 9.99101E-05 9.99101E-05 9.99101E-05 9.99101E-05 9.99101E-05
9.99279E-05 0.0694745 0.0584889 9.99279E-05 9.99279E-05 0.00952592 9.99279E-05 0.861711 9.99279E-05 9.99279E-05 9.99279E-05 9.99279E-05
9.99279E-05 0.106652 0.0268395 9.99279E-05 9.99279E-05 0.0418922 9.99279E-05 0.823816 9.99279E-05 9.99279E-05 9.99279E-05 9.99279E-05
9.99192E-05 0.00396731 0.0101505 9.99192E-05 9.99192E-05 9.99192E-05 0.984983 9.99192E-05 9.99192E-05 9.99192E-05 9.99192E-05 9.99192E-05
9.99011E-05 9.99011E-05 9.99011E-05 9.99011E-05 9.99011E-05 9.99011E-05 0.998901 9.99011E-05 9.99011E-05 9.99011E-05 9.99011E-05 9.99011E-05
9.9919E-05 0.0229255 9.9919E-05 9.9919E-05 9.9919E-05 0.0155527 9.9919E-05 9.9919E-05 9.9919E-05 0.960623 9.9919E-05 9.9919E-05
0.00701309 0.464346 0.0522797 9.9964E-05 9.9964E-05 0.180726 9.9964E-05 0.182609 0.0726628 0.0290537 0.01091 9.9964E-05
0.00417531 9.9937E-05 0.97166 0.0136544 9.9937E-05 0.00205216 9.9937E-05 0.00775813 9.9937E-05 9.9937E-05 9.9937E-05 9.9937E-05
9.99552E-05 9.99552E-05 9.99552E-05 9.99552E-05 0.0255743 0.223191 0.0287902 0.192708 0.0597199 9.99552E-05 0.0154421 0.454075
9.99371E-05 9.99371E-05 9.99371E-05 9.99371E-05 9.99371E-05 0.264523 0.0822558 9.99371E-05 0.0293857 0.111685 9.99371E-05 0.511451
0.264481 9.99461E-05 0.0277842 0.167437 0.453481 9.99461E-05 0.0506364 9.99461E-05 9.99461E-05 9.99461E-05 0.0355806 9.99461E-05
