9.99189E-05 9.99189E-05 0.0150377 9.99189E-05 0.0404815 0.943582 9.99189E-05 9.99189E-05 9.99189E-05 9.99189E-05 9.99189E-05 9.99189E-05
0.0455137 9.99549E-05 0.000120846 0.019172 9.99549E-05 0.0237876 9.99549E-05 0.350767 0.234607 0.325532 9.99549E-05 9.99549E-05
0.0508885 9.99555E-05 0.0688366 0.0371198 9.99555E-05 9.99555E-05 0.0912736 9.99555E-05 0.713564 0.0145934 9.99555E-05 0.0232239
9.9919E-05 9.9919E-05 0.0248677 9.9919E-05 0.0241397 9.9919E-05 9.9919E-05 9.9919E-05 0.950093 9.9919E-05 9.9919E-05 9.9919E-05
0.00733811 9.9946E-05 9.9946E-05 0.185298 9.9946E-05 9.9946E-05 9.9946E-05 0.142246 0.286483 0.260769 0.117267 9.9946E-05
9.9919E-05 9.9919E-05 9.9919E-05 0.0317919 9.9919E-05 9.9919E-05 9.9919E-05 0.0382982 0.929011 9.9919E-05 9.9919E-05 9.9919E-05
9.99099E-05 9.99099E-05 9.99099E-05 9.99099E-05 9.99099E-05 9.99099E-05 0.125586 9.99099E-05 9.99099E-05 0.873415 9.99099E-05 9.99099E-05
0.0334517 9.99459E-05 0.0116744 0.661407 0.0868653 9.99459E-05 9.99459E-05 9.99459E-05 0.130994 0.0750077 9.99459E-05 9.99459E-05
9.99098E-05 9.99098E-05 9.99098E-05 9.99098E-05 9.99098E-05 9.99098E-05 0.0491891 9.99098E-05 9.99098E-05 0.949812 9.99098E-05 9.99098E-05
9.991E-05 9.991E-05 9.991E-05 9.991E-05 0.85688 9.991E-05 9.991E-05 9.991E-05 9.991E-05 0.142121 9.991E-05 9.991E-05
9.99101E-05 9.99101E-05 9.99101E-05 9.99101E-05 0.906551 9.99101E-05 9.99101E-05 9.99101E-05 9.99101E-05 0.0924499 9.99101E-05 9.99101E-05
9.9928E-05 9.9928E-05 0.115628 9.9928E-05 9.9928E-05 0.678404 0.18371 9.9928E-05 0.0214581 9.9928E-05 9.9928E-05 9.9928E-05
9.99102E-05 9.99102E-05 9.99102E-05 0.0270686 9.99102E-05 9.99102E-05 0.971932 9.99102E-05 9.99102E-05 9.99102E-05 9.99102E-05 9.99102E-05
9.99191E-05 9.99191E-05 9.99191E-05 9.99191E-05 9.99191E-05 9.99191E-05 9.99191E-05 0.0662412 0.924963 9.99191E-05 0.00789607 9.99191E-05
0.00696418 9.99281E-05 9.99281E-05 9.99281E-05 9.99281E-05 0.0139696 9.99281E-05 0.0734468 0.90482 9.99281E-05 9.99281E-05 9.99281E-05
9.9928E-05 0.755215 9.9928E-05 9.9928E-05 0.068299 9.9928E-05 0.0999853 9.9928E-05 9.9928E-05 9.9928E-05 0.0757013 9.9928E-05
9.99188E-05 0.0268874 9.99188E-05 9.99188E-05 0.0749387 9.99188E-05 9.99188E-05 9.99188E-05 9.99188E-05 9.99188E-05 0.897275 9.99188E-05
0.0290937 0.0611404 9.99459E-05 9.99459E-05 0.0255647 9.99459E-05 9.99459E-05 0.142422 9.99459E-05 0.0129108 9.99459E-05 0.728269
9.99101E-05 9.99101E-05 0.061154 9.99101E-05 9.99101E-05 9.99101E-05 9.99101E-05 9.99101E-05 9.99101E-05 9.99101E-05 9.99101E-05 0.937847
9.99369E-05 0.330711 0.0425219 9.99369E-05 0.496394 0.0629882 9.99369E-05 9.99369E-05 9.99369E-05 9.99369E-05 0.0666859 9.99369E-05
9.99011E-05 9.99011E-05 9.99011E-05 9.99011E-05 9.99011E-05 9.99011E-05 9.99011E-05 9.99011E-05 9.99011E-05 9.99011E-05 9.99011E-05 0.998901
9.99459E-05 0.201784 9.99459E-05 9.99459E-05 0.051618 0.452866 0.0456522 0.212013 9.99459E-05 9.99459E-05 0.0354667 9.99459E-05
0.00932509 9.9946E-05 0.116904 0.00844522 0.194059 9.9946E-05 9.9946E-05 9.9946E-05 9.9946E-05 9.9946E-05 0.319631 0.351035
9.99279E-05 9.99279E-05 0.0282878 9.99279E-05 0.0360904 9.99279E-05 9.99279E-05 9.99279E-05 9.99279E-05 9.99279E-05 0.0723234 0.862499
0.0284332 9.99102E-05 9.99102E-05 9.99102E-05 9.99102E-05 9.99102E-05 9.99102E-05 9.99102E-05 0.970568 9.99102E-05 9.99102E-05 9.99102E-05
9.99012E-05 9.99012E-05 9.99012E-05 9.99012E-05 9.99012E-05 9.99012E-05 9.99012E-05 9.99012E-05 0.998901 9.99012E-05 9.99012E-05 9.99012E-05
9.99369E-05 9.99369E-05 0.0524704 9.99369E-05 0.0821224 0.107576 0.741253 9.99369E-05 9.99369E-05 9.99369E-05 0.0158794 9.99369E-05
0.0600569 9.9928E-05 0.00688976 9.9928E-05 9.9928E-05 9.9928E-05 9.9928E-05 9.9928E-05 0.911768 0.0204861 9.9928E-05 9.9928E-05
0.0501054 0.0305713 9.9928E-05 9.9928E-05 9.9928E-05 9.9928E-05 0.0190799 9.9928E-05 0.899444 9.9928E-05 9.9928E-05 9.9928E-05
0.162192 9.99551E-05 0.00456422 0.249409 9.99551E-05 0.0110203 9.99551E-05 9.99551E-05 0.521044 9.99551E-05 0.025188 0.0260828
0.0994445 9.99459E-05 0.0456664 0.487472 0.00306232 9.99459E-05 9.99459E-05 9.99459E-05 0.319074 9.99459E-05 0.044681 9.99459E-05
0.180524 9.99461E-05 0.0301693 9.99461E-05 9.99461E-05 0.105881 9.99461E-05 0.00588213 0.0677626 0.609182 9.99461E-05 9.99461E-05
9.99191E-05 9.99191E-05 9.99191E-05 0.152565 9.99191E-05 9.99191E-05 9.99191E-05 0.0337027 0.812833 9.99191E-05 9.99191E-05 9.99191E-05
0.717934 9.99102E-05 9.99102E-05 0.281067 9.99102E-05 9.99102E-05 9.99102E-05 9.99102E-05 9.99102E-05 9.99102E-05 9.99102E-05 9.99102E-05
9.99548E-05 9.99548E-05 0.0812647 0.0792121 0.00649494 0.0267663 0.422769 0.111392 9.99548E-05 9.99548E-05 0.271602 9.99548E-05
9.99369E-05 0.00226858 9.99369E-05 0.0384379 9.99369E-05 9.99369E-05 9.99369E-05 0.0321361 0.900845 9.99369E-05 0.0256128 9.99369E-05
9.99191E-05 9.99191E-05 9.99191E-05 0.0106366 9.99191E-05 0.982635 9.99191E-05 9.99191E-05 9.99191E-05 9.99191E-05 0.00582944 9.99191E-05
9.9946E-05 9.9946E-05 9.9946E-05 0.106229 0.632639 0.0510689 9.9946E-05 0.183262 9.9946E-05 0.0258752 9.9946E-05 0.00032617
9.99188E-05 9.99188E-05 9.99188E-05 0.0137061 9.99188E-05 9.99188E-05 9.99188E-05 0.0482859 9.99188E-05 9.99188E-05 0.937109 9.99188E-05
9.99009E-05 9.99009E-05 9.99009E-05 9.99009E-05 9.99009E-05 9.99009E-05 9.99009E-05 0.998901 9.99009E-05 9.99009E-05 9.99009E-05 9.99009E-05
9.99099E-05 9.99099E-05 9.99099E-05 9.99099E-05 0.0103297 9.99099E-05 9.99099E-05 0.988671 9.99099E-05 9.99099E-05 9.99099E-05 9.99099E-05
9.99369E-05 0.0277047 9.99369E-05 9.99369E-05 0.894159 0.00193184 9.99369E-05 0.0454615 9.99369E-05 9.99369E-05 0.0300438 9.99369E-05
9.9955E-05 0.840643 9.9955E-05 9.9955E-05 0.00497424 0.0120802 0.0251703 0.0498993 9.9955E-05 0.05748 9.9955E-05 0.00925275
9.99189E-05 9.99189E-05 9.99189E-05 9.99189E-05 0.936769 0.02236 9.99189E-05 9.99189E-05 9.99189E-05 9.99189E-05 0.0399714 9.99189E-05
9.9964E-05 0.0288657 0.0798429 9.9964E-05 0.426905 0.00483498 0.133392 0.164586 9.9964E-05 9.9964E-05 0.0403596 0.120814
9.9964E-05 0.0922511 9.9964E-05 9.9964E-05 0.48236 0.0705559 0.029349 0.206201 0.0535552 9.9964E-05 0.0450879 0.0202403
0.0278594 9.99549E-05 9.99549E-05 9.99549E-05 0.215786 0.197152 0.0527177 9.99549E-05 0.0885933 0.0362695 0.381122 9.99549E-05
9.99106E-05 9.99106E-05 9.99106E-05 9.99106E-05 9.99106E-05 0.993894 9.99106E-05 9.99106E-05 9.99106E-05 9.99106E-05 9.99106E-05 0.0051071
0.998901 9.9901E-05 9.9901E-05 9.9901E-05 9.9901E-05 9.9901E-05 9.9901E-05 9.9901E-05 9.9901E-05 9.9901E-05 9.9901E-05 9.9901E-05
0.998833 9.99101E-05 9.99101E-05 9.99101E-05 0.000167502 9.99101E-05 9.99101E-05 9.99101E-05 9.99101E-05 9.99101E-05 9.99101E-05 9.99101E-05
0.986908 9.99191E-05 9.99191E-05 9.99191E-05 0.0060932 9.99191E-05 9.99191E-05 0.00609996 9.99191E-05 9.99191E-05 9.99191E-05 9.99191E-05
0.998901 9.99012E-05 9.99012E-05 9.99012E-05 9.99012E-05 9.99012E-05 9.99012E-05 9.99012E-05 9.99012E-05 9.99012E-05 9.99012E-05 9.99012E-05
0.998901 9.99011E-05 9.99011E-05 9.99011E-05 9.99011E-05 9.99011E-05 9.99011E-05 9.99011E-05 9.99011E-05 9.99011E-05 9.99011E-05 9.99011E-05
0.377136 0.0855101 9.99551E-05 0.301436 0.0506142 9.99551E-05 9.99551E-05 9.99551E-05 0.108867 0.065747 9.99551E-05 0.0101893
0.955795 0.0283768 9.9928E-05 9.9928E-05 9.9928E-05 0.0126543 9.9928E-05 0.00237478 9.9928E-05 9.9928E-05 9.9928E-05 9.9928E-05
9.99099E-05 0.195413 9.99099E-05 9.99099E-05 9.99099E-05 0.803588 9.99099E-05 9.99099E-05 9.99099E-05 9.99099E-05 9.99099E-05 9.99099E-05
0.223086 9.99458E-05 0.0460913 9.99458E-05 9.99458E-05 0.102996 9.99458E-05 0.00294696 0.0484819 0.575798 9.99458E-05 9.99458E-05
9.99098E-05 9.99098E-05 9.99098E-05 9.99098E-05 9.99098E-05 9.99098E-05 9.99098E-05 0.0399154 0.959086 9.99098E-05 9.99098E-05 9.99098E-05
9.9919E-05 9.9919E-05 0.0168638 9.9919E-05 9.9919E-05 9.9919E-05 0.808595 0.173642 9.9919E-05 9.9919E-05 9.9919E-05 9.9919E-05
9.99103E-05 0.927988 9.99103E-05 9.99103E-05 9.99103E-05 9.99103E-05 0.0710129 9.99103E-05 9.99103E-05 9.99103E-05 9.99103E-05 9.99103E-05
9.99013E-05 9.99013E-05 9.99013E-05 9.99013E-05 9.99013E-05 9.99013E-05 0.998901 9.99013E-05 9.99013E-05 9.99013E-05 9.99013E-05 9.99013E-05
9.99279E-05 9.99279E-05 9.99279E-05 9.99279E-05 0.127681 9.99279E-05 0.854386 0.0120695 0.00506394 9.99279E-05 9.99279E-05 9.99279E-05
9.99279E-05 9.99279E-05 0.0644214 9.99279E-05 0.0999427 9.99279E-05 0.812731 0.022106 9.99279E-05 9.99279E-05 9.99279E-05 9.99279E-05
9.99192E-05 9.99192E-05 9.99192E-05 9.99192E-05 0.0162927 0.0769514 9.99192E-05 9.99192E-05 9.99192E-05 9.99192E-05 9.99192E-05 0.905857
9.99101E-05 0.00601981 0.00373043 9.99101E-05 9.99101E-05 9.99101E-05 9.99101E-05 9.99101E-05 0.989351 9.99101E-05 9.99101E-05 9.99101E-05
0.0465369 9.9991E-05 0.0599686 0.0524148 0.200741 0.0271677 0.112154 0.00277073 0.353308 0.0692703 0.0269328 0.0486355
9.99194E-05 9.99194E-05 9.99194E-05 0.0540112 9.99194E-05 9.99194E-05 0.0155675 9.99194E-05 0.929522 9.99194E-05 9.99194E-05 9.99194E-05
9.9928E-05 9.9928E-05 9.9928E-05 0.0223647 9.9928E-05 9.9928E-05 9.9928E-05 0.0550842 0.891918 9.9928E-05 0.0298333 9.9928E-05
0.0673991 0.0340805 9.9937E-05 0.0315708 9.9937E-05 9.9937E-05 9.9937E-05 9.9937E-05 0.836833 0.0294171 9.9937E-05 9.9937E-05
0.0351643 0.0281093 9.9946E-05 0.00119975 9.9946E-05 9.9946E-05 9.9946E-05 9.9946E-05 0.89669 0.0201698 9.9946E-05 0.0180674
9.99281E-05 9.99281E-05 0.000693825 0.133628 9.99281E-05 9.99281E-05 9.99281E-05 0.111619 0.75326 9.99281E-05 9.99281E-05 9.99281E-05
9.9928E-05 9.9928E-05 9.9928E-05 0.00824261 9.9928E-05 9.9928E-05 9.9928E-05 0.0368731 0.952395 9.9928E-05 0.00168953 9.9928E-05
9.99009E-05 9.99009E-05 9.99009E-05 0.998901 9.99009E-05 9.99009E-05 9.99009E-05 9.99009E-05 9.99009E-05 9.99009E-05 9.99009E-05 9.99009E-05
9.991E-05 9.991E-05 9.991E-05 0.950126 9.991E-05 9.991E-05 0.0488746 9.991E-05 9.991E-05 9.991E-05 9.991E-05 9.991E-05
9.99191E-05 9.99191E-05 0.00472562 9.99191E-05 0.0332971 9.99191E-05 9.99191E-05 9.99191E-05 0.961078 9.99191E-05 9.99191E-05 9.99191E-05
0.0189488 0.958503 9.9937E-05 0.011615 9.9937E-05 9.9937E-05 9.9937E-05 0.00979098 0.000442489 9.9937E-05 9.9937E-05 9.9937E-05
0.0194067 0.974195 0.00549912 9.99189E-05 9.99189E-05 9.99189E-05 9.99189E-05 9.99189E-05 9.99189E-05 9.99189E-05 9.99189E-05 9.99189E-05
9.99101E-05 9.99101E-05 0.993463 9.99101E-05 9.99101E-05 0.00553747 9.99101E-05 9.99101E-05 9.99101E-05 9.99101E-05 9.99101E-05 9.99101E-05
9.99011E-05 9.99011E-05 0.998901 9.99011E-05 9.99011E-05 9.99011E-05 9.99011E-05 9.99011E-05 9.99011E-05 9.99011E-05 9.99011E-05 9.99011E-05
0.00501272 0.0420184 9.9937E-05 9.9937E-05 0.816647 9.9937E-05 9.9937E-05 0.125879 0.00974395 9.9937E-05 9.9937E-05 9.9937E-05
9.9928E-05 0.092298 9.9928E-05 9.9928E-05 0.766326 9.9928E-05 0.0235585 0.117018 9.9928E-05 9.9928E-05 9.9928E-05 9.9928E-05
9.99281E-05 0.0356247 0.953306 0.00741751 9.99281E-05 9.99281E-05 9.99281E-05 9.99281E-05 9.99281E-05 0.00285235 9.99281E-05 9.99281E-05
9.99011E-05 9.99011E-05 0.998901 9.99011E-05 9.99011E-05 9.99011E-05 9.99011E-05 9.99011E-05 9.99011E-05 9.99011E-05 9.99011E-05 9.99011E-05
9.99306E-05 0.0573299 9.99306E-05 9.99306E-05 9.99306E-05 0.912991 0.0182126 9.99306E-05 9.99306E-05 0.0106669 9.99306E-05 9.99306E-05
9.9937E-05 0.0860255 9.9937E-05 9.9937E-05 9.9937E-05 9.9937E-05 0.177296 0.648894 9.9937E-05 0.0654853 9.9937E-05 0.0215992
0.257266 9.99368E-05 9.99368E-05 9.99368E-05 9.99368E-05 0.0967856 9.99368E-05 0.0156594 0.030888 0.598702 9.99368E-05 9.99368E-05
9.99283E-05 9.99283E-05 9.99283E-05 9.99283E-05 0.226996 9.99283E-05 0.120733 9.99283E-05 9.99283E-05 9.99283E-05 0.642145 0.00932675
9.99371E-05 9.99371E-05 0.0466651 9.99371E-05 9.99371E-05 0.144635 0.218063 9.99371E-05 9.99371E-05 9.99371E-05 0.589791 0.0001473
0.0616971 9.99461E-05 0.0552181 0.538376 0.00897203 9.99461E-05 9.99461E-05 9.99461E-05 0.320644 9.99461E-05 9.99461E-05 0.0144937
