9.99098E-05 9.99098E-05 0.038685 9.99098E-05 9.99098E-05 9.99098E-05 9.99098E-05 9.99098E-05 9.99098E-05 9.99098E-05 9.99098E-05 0.960316
9.99459E-05 9.99459E-05 0.0234138 9.99459E-05 9.99459E-05 0.722156 0.026424 0.150419 9.99459E-05 9.99459E-05 0.0306294 0.0463585
9.9901E-05 0.998901 9.9901E-05 9.9901E-05 9.9901E-05 9.9901E-05 9.9901E-05 9.9901E-05 9.9901E-05 9.9901E-05 9.9901E-05 9.9901E-05
9.9928E-05 9.9928E-05 0.0241477 9.9928E-05 0.00683296 9.9928E-05 9.9928E-05 0.945144 9.9928E-05 9.9928E-05 0.0230761 9.9928E-05
9.9964E-05 0.0874318 0.189255 0.19972 0.0254908 0.192812 9.9964E-05 0.243929 9.9964E-05 0.00955027 9.9964E-05 0.0514113
9.99101E-05 9.99101E-05 9.99101E-05 9.99101E-05 9.99101E-05 9.99101E-05 9.99101E-05 0.989619 9.99101E-05 0.00938232 9.99101E-05 9.99101E-05
0.321457 9.99282E-05 9.99282E-05 0.250829 9.99282E-05 0.330539 0.0963749 9.99282E-05 9.99282E-05 9.99282E-05 9.99282E-05 9.99282E-05
9.99549E-05 0.0551404 0.0744623 0.657867 0.0795967 0.067106 9.99549E-05 0.0597884 9.99549E-05 9.99549E-05 0.00553952 9.99549E-05
0.192242 9.99281E-05 9.99281E-05 0.181561 9.99281E-05 0.464937 0.16046 9.99281E-05 9.99281E-05 9.99281E-05 9.99281E-05 9.99281E-05
9.99102E-05 9.99102E-05 0.985202 0.0137991 9.99102E-05 9.99102E-05 9.99102E-05 9.99102E-05 9.99102E-05 9.99102E-05 9.99102E-05 9.99102E-05
9.99102E-05 9.99102E-05 0.990516 0.00848448 9.99102E-05 9.99102E-05 9.99102E-05 9.99102E-05 9.99102E-05 9.99102E-05 9.99102E-05 9.99102E-05
0.121407 9.9937E-05 9.9937E-05 0.0298297 9.9937E-05 9.9937E-05 0.000818605 9.9937E-05 9.9937E-05 9.9937E-05 0.14768 0.699566
0.956448 9.99102E-05 9.99102E-05 0.0425534 9.99102E-05 9.99102E-05 9.99102E-05 9.99102E-05 9.99102E-05 9.99102E-05 9.99102E-05 9.99102E-05
9.99461E-05 9.99461E-05 9.99461E-05 9.99461E-05 9.99461E-05 0.00225084 9.99461E-05 0.95114 0.013003 0.0012617 0.0176981 0.0140466
9.993E-05 9.993E-05 0.013864 9.993E-05 0.0019224 9.993E-05 9.993E-05 0.923307 0.00227761 9.993E-05 9.993E-05 0.0579293
0.146788 0.000680942 0.0406529 9.9928E-05 9.9928E-05 9.9928E-05 0.811078 9.9928E-05 9.9928E-05 9.9928E-05 9.9928E-05 9.9928E-05
0.18393 9.99371E-05 0.346941 9.99371E-05 9.99371E-05 9.99371E-05 0.0806289 9.99371E-05 0.0984872 9.99371E-05 0.289313 9.99371E-05
9.99459E-05 9.99459E-05 0.139434 9.99459E-05 0.0246353 0.0730421 0.0373642 9.99459E-05 0.702387 9.99459E-05 9.99459E-05 0.0225373
9.9919E-05 9.9919E-05 9.9919E-05 9.9919E-05 9.9919E-05 9.9919E-05 9.9919E-05 9.9919E-05 0.799503 0.14547 0.0541273 9.9919E-05
9.99279E-05 9.99279E-05 0.560409 9.99279E-05 9.99279E-05 9.99279E-05 0.30194 9.99279E-05 9.99279E-05 9.99279E-05 0.0608645 0.0759865
9.99101E-05 9.99101E-05 9.99101E-05 9.99101E-05 9.99101E-05 9.99101E-05 9.99101E-05 9.99101E-05 0.925368 0.0736325 9.99101E-05 9.99101E-05
0.0333521 9.9946E-05 0.0830018 9.9946E-05 0.003319 9.9946E-05 0.347767 9.9946E-05 9.9946E-05 9.9946E-05 0.0233146 0.508646
9.9937E-05 9.9937E-05 0.325683 9.9937E-05 0.00599727 9.9937E-05 9.9937E-05 0.0193855 0.438513 9.9937E-05 0.209722 9.9937E-05
9.99189E-05 9.99189E-05 0.0674516 9.99189E-05 9.99189E-05 9.99189E-05 9.99189E-05 9.99189E-05 0.917769 9.99189E-05 0.0138806 9.99189E-05
9.99192E-05 0.0132621 9.99192E-05 9.99192E-05 0.0185501 9.99192E-05 9.99192E-05 0.967289 9.99192E-05 9.99192E-05 9.99192E-05 9.99192E-05
9.99102E-05 0.0154696 9.99102E-05 9.99102E-05 9.99102E-05 9.99102E-05 9.99102E-05 0.983531 9.99102E-05 9.99102E-05 9.99102E-05 9.99102E-05
0.774266 9.99459E-05 0.0714315 9.99459E-05 0.000435734 9.99459E-05 0.00747367 9.99459E-05 9.99459E-05 9.99459E-05 0.0462578 0.0995355
9.99191E-05 9.99191E-05 9.99191E-05 0.00959007 0.0544403 9.99191E-05 9.99191E-05 0.93507 9.99191E-05 9.99191E-05 9.99191E-05 9.99191E-05
9.99371E-05 0.00809219 9.99371E-05 9.99371E-05 0.0964496 0.00238704 0.00534438 0.887027 9.99371E-05 9.99371E-05 9.99371E-05 9.99371E-05
0.00149242 9.99551E-05 9.99551E-05 0.201806 0.202401 9.99551E-05 9.99551E-05 0.545872 9.99551E-05 0.0372425 0.0073792 0.00330697
9.99369E-05 9.99369E-05 0.0265086 0.489498 0.0591839 9.99369E-05 9.99369E-05 0.392839 9.99369E-05 9.99369E-05 0.0312715 9.99369E-05
9.99012E-05 9.99012E-05 9.99012E-05 9.99012E-05 9.99012E-05 0.998901 9.99012E-05 9.99012E-05 9.99012E-05 9.99012E-05 9.99012E-05 9.99012E-05
9.99102E-05 9.99102E-05 9.99102E-05 0.194496 9.99102E-05 9.99102E-05 9.99102E-05 0.804505 9.99102E-05 9.99102E-05 9.99102E-05 9.99102E-05
9.99281E-05 0.0138071 9.99281E-05 0.241836 0.732242 9.99281E-05 9.99281E-05 9.99281E-05 9.99281E-05 9.99281E-05 9.99281E-05 0.0113153
0.564159 9.99458E-05 0.112315 0.025752 9.99458E-05 9.99458E-05 9.99458E-05 0.0387535 9.99458E-05 9.99458E-05 0.170956 0.0874644
0.0151252 9.9937E-05 9.9937E-05 0.0344788 9.9937E-05 0.00683493 9.9937E-05 0.928936 9.9937E-05 9.9937E-05 0.0139256 9.9937E-05
9.9919E-05 0.022419 9.9919E-05 0.0105004 9.9919E-05 9.9919E-05 9.9919E-05 9.9919E-05 9.9919E-05 9.9919E-05 9.9919E-05 0.966181
9.99549E-05 9.99549E-05 0.649187 0.00173449 0.00366273 0.20435 9.99549E-05 0.0292461 9.99549E-05 0.00890618 9.99549E-05 0.102413
0.173673 9.99551E-05 0.211849 0.043041 9.99551E-05 9.99551E-05 0.0589232 0.105979 0.0697747 9.99551E-05 0.33626 9.99551E-05
9.99369E-05 9.99369E-05 0.354729 9.99369E-05 9.99369E-05 9.99369E-05 0.349445 0.102153 9.99369E-05 0.0127798 9.99369E-05 0.180193
9.99549E-05 9.99549E-05 0.32497 9.99549E-05 9.99549E-05 0.0399136 0.308617 0.0471489 9.99549E-05 0.00959542 0.0229972 0.246257
9.99189E-05 9.99189E-05 0.914439 9.99189E-05 9.99189E-05 9.99189E-05 0.0152465 9.99189E-05 9.99189E-05 9.99189E-05 9.99189E-05 0.0694151
0.0531823 9.9946E-05 0.0238563 9.9946E-05 9.9946E-05 9.9946E-05 0.905853 9.9946E-05 0.000977187 0.0101619 9.9946E-05 0.00536921
0.0242643 0.0178472 0.942134 9.9946E-05 0.00517102 9.9946E-05 9.9946E-05 9.9946E-05 9.9946E-05 9.9946E-05 0.00596961 0.00401394
0.150506 9.99549E-05 0.430137 9.99549E-05 9.99549E-05 0.0340998 0.0898722 9.99549E-05 0.126462 9.99549E-05 0.110346 0.0580766
9.9946E-05 9.9946E-05 0.504827 9.9946E-05 9.9946E-05 9.9946E-05 0.190035 0.0900601 9.9946E-05 0.0854628 0.0160421 0.112973
0.203153 0.00968421 0.349982 9.9964E-05 0.0587808 9.9964E-05 9.9964E-05 0.109282 9.9964E-05 0.0107827 0.0376169 0.220319
9.99106E-05 9.99106E-05 9.99106E-05 9.99106E-05 9.99106E-05 9.99106E-05 9.99106E-05 9.99106E-05 9.99106E-05 0.0230015 9.99106E-05 0.975999
9.99011E-05 9.99011E-05 9.99011E-05 9.99011E-05 0.998901 9.99011E-05 9.99011E-05 9.99011E-05 9.99011E-05 9.99011E-05 9.99011E-05 9.99011E-05
9.99191E-05 9.99191E-05 9.99191E-05 9.99191E-05 0.99219 9.99191E-05 9.99191E-05 9.99191E-05 0.00444855 0.00246208 9.99191E-05 9.99191E-05
9.99191E-05 9.99191E-05 9.99191E-05 9.99191E-05 0.982062 9.99191E-05 0.00929844 9.99191E-05 9.99191E-05 9.99191E-05 9.99191E-05 0.00774061
9.99011E-05 9.99011E-05 9.99011E-05 9.99011E-05 0.998901 9.99011E-05 9.99011E-05 9.99011E-05 9.99011E-05 9.99011E-05 9.99011E-05 9.99011E-05
9.99101E-05 9.99101E-05 9.99101E-05 9.99101E-05 0.996985 9.99101E-05 9.99101E-05 0.00201558 9.99101E-05 9.99101E-05 9.99101E-05 9.99101E-05
9.99641E-05 0.0109473 0.01657 0.38503 0.375089 0.0475258 0.0718257 0.0502982 0.0423144 9.99641E-05 9.99641E-05 9.99641E-05
9.9928E-05 9.9928E-05 9.9928E-05 9.9928E-05 0.934605 0.0482282 0.0131013 9.9928E-05 9.9928E-05 9.9928E-05 0.00326582 9.9928E-05
9.991E-05 9.991E-05 9.991E-05 9.991E-05 9.991E-05 9.991E-05 0.142169 9.991E-05 9.991E-05 9.991E-05 9.991E-05 0.856832
9.99278E-05 9.99278E-05 9.99278E-05 9.99278E-05 0.10706 0.863791 9.99278E-05 9.99278E-05 9.99278E-05 9.99278E-05 0.0175402 0.01081
9.9901E-05 9.9901E-05 9.9901E-05 9.9901E-05 9.9901E-05 9.9901E-05 9.9901E-05 0.998901 9.9901E-05 9.9901E-05 9.9901E-05 9.9901E-05
0.846919 9.9937E-05 9.9937E-05 9.9937E-05 0.0196928 9.9937E-05 0.0771896 9.9937E-05 9.9937E-05 9.9937E-05 0.0267418 0.0287574
0.0605391 9.99102E-05 9.99102E-05 9.99102E-05 9.99102E-05 9.99102E-05 0.938462 9.99102E-05 9.99102E-05 9.99102E-05 9.99102E-05 9.99102E-05
0.982411 0.0165895 9.99102E-05 9.99102E-05 9.99102E-05 9.99102E-05 9.99102E-05 9.99102E-05 9.99102E-05 9.99102E-05 9.99102E-05 9.99102E-05
0.848996 9.99278E-05 0.103041 9.99278E-05 9.99278E-05 9.99278E-05 0.00704744 9.99278E-05 9.99278E-05 9.99278E-05 9.99278E-05 0.0401168
0.828958 9.99188E-05 0.103588 9.99188E-05 9.99188E-05 9.99188E-05 9.99188E-05 9.99188E-05 9.99188E-05 9.99188E-05 0.0665544 9.99188E-05
9.9901E-05 9.9901E-05 9.9901E-05 9.9901E-05 9.9901E-05 9.9901E-05 9.9901E-05 9.9901E-05 9.9901E-05 0.998901 9.9901E-05 9.9901E-05
9.99284E-05 0.0386954 9.99284E-05 9.99284E-05 0.00190667 9.99284E-05 0.0128797 0.945719 9.99284E-05 9.99284E-05 9.99284E-05 9.99284E-05
9.9982E-05 0.039026 0.183623 0.0162991 0.0108078 0.0427592 0.147925 0.354788 0.0592782 9.9982E-05 0.112261 0.0330328
0.0028795 0.134135 9.99193E-05 9.99193E-05 9.99193E-05 9.99193E-05 9.99193E-05 0.862086 9.99193E-05 9.99193E-05 9.99193E-05 9.99193E-05
9.9937E-05 0.00687903 9.9937E-05 0.0415549 0.00804098 9.9937E-05 9.9937E-05 0.908984 9.9937E-05 9.9937E-05 9.9937E-05 0.0338416
9.9928E-05 9.9928E-05 9.9928E-05 0.0547192 0.0611603 9.9928E-05 0.0572551 0.826066 9.9928E-05 9.9928E-05 9.9928E-05 9.9928E-05
9.99371E-05 9.99371E-05 9.99371E-05 0.00753544 0.0225355 0.0506708 0.0396127 0.878946 9.99371E-05 9.99371E-05 9.99371E-05 9.99371E-05
9.99371E-05 9.99371E-05 0.00378718 0.135432 9.99371E-05 9.99371E-05 9.99371E-05 0.808133 9.99371E-05 9.99371E-05 0.017655 0.0342936
9.991E-05 9.991E-05 9.991E-05 0.0377315 9.991E-05 9.991E-05 9.991E-05 0.961269 9.991E-05 9.991E-05 9.991E-05 9.991E-05
9.99189E-05 0.000391268 9.99189E-05 0.990312 0.00839734 9.99189E-05 9.99189E-05 9.99189E-05 9.99189E-05 9.99189E-05 9.99189E-05 9.99189E-05
0.018643 9.991E-05 9.991E-05 0.980358 9.991E-05 9.991E-05 9.991E-05 9.991E-05 9.991E-05 9.991E-05 9.991E-05 9.991E-05
9.99281E-05 0.0362127 9.99281E-05 9.99281E-05 0.0355604 9.99281E-05 9.99281E-05 0.919714 9.99281E-05 9.99281E-05 9.99281E-05 0.00771375
9.99369E-05 9.99369E-05 9.99369E-05 0.0181387 0.00445418 9.99369E-05 0.939346 0.0113254 9.99369E-05 9.99369E-05 0.026036 9.99369E-05
9.9919E-05 9.9919E-05 9.9919E-05 0.0168008 0.00149387 9.9919E-05 0.980806 9.9919E-05 9.9919E-05 9.9919E-05 9.9919E-05 9.9919E-05
9.99009E-05 9.99009E-05 9.99009E-05 9.99009E-05 9.99009E-05 9.99009E-05 9.99009E-05 9.99009E-05 9.99009E-05 9.99009E-05 0.998901 9.99009E-05
9.99011E-05 9.99011E-05 9.99011E-05 9.99011E-05 9.99011E-05 9.99011E-05 9.99011E-05 9.99011E-05 9.99011E-05 9.99011E-05 0.998901 9.99011E-05
0.0321748 9.99369E-05 0.771857 9.99369E-05 9.99369E-05 0.0587989 0.112055 9.99369E-05 9.99369E-05 9.99369E-05 9.99369E-05 0.024414
0.0355973 9.99459E-05 0.772039 9.99459E-05 0.00176969 0.0362952 0.153455 9.99459E-05 9.99459E-05 9.99459E-05 9.99459E-05 0.000243763
9.991E-05 9.991E-05 9.991E-05 9.991E-05 9.991E-05 0.017852 9.991E-05 9.991E-05 9.991E-05 9.991E-05 0.981149 9.991E-05
9.9901E-05 9.9901E-05 9.9901E-05 9.9901E-05 9.9901E-05 9.9901E-05 9.9901E-05 9.9901E-05 9.9901E-05 9.9901E-05 0.998901 9.9901E-05
0.0480243 9.99279E-05 9.99279E-05 9.99279E-05 0.000767645 9.99279E-05 0.0091329 9.99279E-05 9.99279E-05 9.99279E-05 9.99279E-05 0.941276
0.153139 9.9946E-05 0.153405 9.9946E-05 9.9946E-05 0.0393096 0.581482 9.9946E-05 0.0394471 0.0326187 9.9946E-05 9.9946E-05
9.99099E-05 9.99099E-05 9.99099E-05 9.99099E-05 0.0491456 0.949855 9.99099E-05 9.99099E-05 9.99099E-05 9.99099E-05 9.99099E-05 9.99099E-05
0.355651 9.99373E-05 0.297559 9.99373E-05 9.99373E-05 9.99373E-05 9.99373E-05 0.0557457 0.107854 9.99373E-05 0.182491 9.99373E-05
0.410906 9.99372E-05 9.99372E-05 9.99372E-05 9.99372E-05 9.99372E-05 0.07103 9.99372E-05 0.094117 9.99372E-05 0.260693 0.162554
9.99551E-05 9.99551E-05 0.00853526 0.579544 0.0494883 9.99551E-05 0.00612474 0.295095 0.0467214 9.99551E-05 0.0139911 9.99551E-05
