9.99188E-05 9.99188E-05 0.0148251 9.99188E-05 9.99188E-05 9.99188E-05 9.99188E-05 0.0437789 9.99188E-05 9.99188E-05 9.99188E-05 0.940497
0.046262 9.99458E-05 0.0331298 9.99458E-05 0.242918 0.0660583 9.99458E-05 9.99458E-05 9.99458E-05 0.411524 9.99458E-05 0.199508
9.99011E-05 0.998901 9.99011E-05 9.99011E-05 9.99011E-05 9.99011E-05 9.99011E-05 9.99011E-05 9.99011E-05 9.99011E-05 9.99011E-05 9.99011E-05
0.0140607 0.0352671 0.0241649 9.9937E-05 0.887969 0.0378385 9.9937E-05 9.9937E-05 9.9937E-05 9.9937E-05 9.9937E-05 9.9937E-05
0.0743031 0.0173425 9.99641E-05 9.99641E-05 0.344041 0.0875107 0.0831687 0.0758256 9.99641E-05 0.27356 9.99641E-05 0.0438484
9.9928E-05 0.0386568 9.9928E-05 9.9928E-05 0.911124 0.0452255 0.00419472 9.9928E-05 9.9928E-05 9.9928E-05 9.9928E-05 9.9928E-05
9.99099E-05 9.99099E-05 9.99099E-05 9.99099E-05 9.99099E-05 9.99099E-05 9.99099E-05 9.99099E-05 0.076239 0.922762 9.99099E-05 9.99099E-05
0.0518105 9.99459E-05 0.0121773 9.99459E-05 0.0240151 9.99459E-05 0.786939 0.107378 9.99459E-05 0.0170796 9.99459E-05 9.99459E-05
9.99099E-05 9.99099E-05 9.99099E-05 9.99099E-05 9.99099E-05 9.99099E-05 9.99099E-05 9.99099E-05 0.0350412 0.96396 9.99099E-05 9.99099E-05
9.99101E-05 9.99101E-05 9.99101E-05 9.99101E-05 9.99101E-05 9.99101E-05 9.99101E-05 0.898161 9.99101E-05 0.10084 9.99101E-05 9.99101E-05
9.99101E-05 9.99101E-05 9.99101E-05 9.99101E-05 9.99101E-05 9.99101E-05 9.99101E-05 0.899895 9.99101E-05 0.0991063 9.99101E-05 9.99101E-05
9.9928E-05 0.0264883 0.136749 9.9928E-05 9.9928E-05 9.9928E-05 9.9928E-05 9.9928E-05 0.169552 9.9928E-05 9.9928E-05 0.66641
9.99102E-05 9.99102E-05 9.99102E-05 9.99102E-05 9.99102E-05 9.99102E-05 0.0148689 9.99102E-05 0.984132 9.99102E-05 9.99102E-05 9.99102E-05
9.99371E-05 0.0177119 9.99371E-05 0.0222302 0.918005 0.0333761 9.99371E-05 9.99371E-05 9.99371E-05 9.99371E-05 9.99371E-05 0.00797749
9.99371E-05 9.99371E-05 9.99371E-05 0.00819886 0.934943 0.0319149 9.99371E-05 0.00657546 9.99371E-05 9.99371E-05 9.99371E-05 0.0176684
0.000400748 9.99371E-05 9.99371E-05 9.99371E-05 9.99371E-05 0.0185926 9.99371E-05 0.00891002 0.128435 9.99371E-05 0.842962 9.99371E-05
9.99098E-05 9.99098E-05 9.99098E-05 9.99098E-05 9.99098E-05 0.938059 9.99098E-05 0.0609415 9.99098E-05 9.99098E-05 9.99098E-05 9.99098E-05
0.0310636 0.00807061 9.99549E-05 0.702635 9.99549E-05 9.99549E-05 9.99549E-05 0.153337 9.99549E-05 0.0215388 0.050315 0.0325399
9.99191E-05 9.99191E-05 0.0713767 0.913769 9.99191E-05 9.99191E-05 9.99191E-05 9.99191E-05 0.0139548 9.99191E-05 9.99191E-05 9.99191E-05
9.99369E-05 9.99369E-05 0.0451359 9.99369E-05 9.99369E-05 0.0348112 9.99369E-05 0.462618 9.99369E-05 9.99369E-05 0.361681 0.0950546
9.9919E-05 0.0141262 9.9919E-05 0.972142 9.9919E-05 9.9919E-05 0.0128329 9.9919E-05 9.9919E-05 9.9919E-05 9.9919E-05 9.9919E-05
9.99369E-05 9.99369E-05 9.99369E-05 9.99369E-05 9.99369E-05 0.0688315 9.99369E-05 0.0657705 0.0191187 9.99369E-05 0.360913 0.484667
0.0133528 9.99371E-05 0.124867 0.338653 9.99371E-05 0.348845 9.99371E-05 0.173583 9.99371E-05 9.99371E-05 9.99371E-05 9.99371E-05
9.99189E-05 9.99189E-05 0.0520588 0.900759 9.99189E-05 9.99189E-05 9.99189E-05 0.0462825 9.99189E-05 9.99189E-05 9.99189E-05 9.99189E-05
0.0230122 9.99102E-05 9.99102E-05 9.99102E-05 0.975989 9.99102E-05 9.99102E-05 9.99102E-05 9.99102E-05 9.99102E-05 9.99102E-05 9.99102E-05
9.99013E-05 9.99013E-05 9.99013E-05 9.99013E-05 0.998901 9.99013E-05 9.99013E-05 9.99013E-05 9.99013E-05 9.99013E-05 9.99013E-05 9.99013E-05
9.99459E-05 9.99459E-05 0.0305228 9.99459E-05 9.99459E-05 0.0378352 9.99459E-05 0.0599651 0.80416 9.99459E-05 0.00554399 0.0613734
0.0817357 9.9919E-05 9.9919E-05 9.9919E-05 0.913497 9.9919E-05 9.9919E-05 9.9919E-05 0.00386789 9.9919E-05 9.9919E-05 9.9919E-05
0.0781831 9.9928E-05 9.9928E-05 9.9928E-05 0.895908 9.9928E-05 9.9928E-05 9.9928E-05 0.00364226 9.9928E-05 0.021467 9.9928E-05
0.100231 9.99461E-05 0.0253828 0.005079 0.457399 0.0364984 0.37481 9.99461E-05 9.99461E-05 9.99461E-05 9.99461E-05 9.99461E-05
0.0271343 9.99369E-05 0.0112321 9.99369E-05 0.290187 0.0419487 0.628798 9.99369E-05 9.99369E-05 9.99369E-05 9.99369E-05 9.99369E-05
0.192672 9.99461E-05 0.0125558 9.99461E-05 0.070031 9.99461E-05 0.0248267 9.99461E-05 9.99461E-05 0.578461 9.99461E-05 0.120854
9.99192E-05 9.99192E-05 9.99192E-05 9.99192E-05 0.796897 9.99192E-05 0.179065 9.99192E-05 9.99192E-05 9.99192E-05 0.0231389 9.99192E-05
0.696197 9.99192E-05 9.99192E-05 9.99192E-05 9.99192E-05 9.99192E-05 0.296319 9.99192E-05 9.99192E-05 9.99192E-05 9.99192E-05 0.00658426
9.99457E-05 9.99457E-05 0.0932847 9.99457E-05 9.99457E-05 0.277697 0.0561156 0.0571099 0.492605 9.99457E-05 9.99457E-05 0.0225878
9.9919E-05 9.9919E-05 9.9919E-05 9.9919E-05 0.927096 9.9919E-05 0.0606201 9.9919E-05 9.9919E-05 9.9919E-05 0.0113845 9.9919E-05
9.9928E-05 0.0239041 9.9928E-05 9.9928E-05 9.9928E-05 0.0208326 0.00786336 9.9928E-05 9.9928E-05 9.9928E-05 9.9928E-05 0.946601
0.0108075 0.00646584 9.9964E-05 9.9964E-05 0.0577805 0.018792 0.00348662 0.661354 9.9964E-05 0.120653 9.9964E-05 0.120261
9.99098E-05 9.99098E-05 9.99098E-05 9.99098E-05 9.99098E-05 0.997754 0.00124726 9.99098E-05 9.99098E-05 9.99098E-05 9.99098E-05 9.99098E-05
9.99368E-05 9.99368E-05 9.99368E-05 9.99368E-05 0.122245 0.175044 9.99368E-05 0.258352 9.99368E-05 9.99368E-05 0.222119 0.221541
9.99458E-05 9.99458E-05 9.99458E-05 0.00163755 0.0709037 0.102972 9.99458E-05 0.357729 9.99458E-05 9.99458E-05 0.204783 0.261375
9.9919E-05 9.9919E-05 9.9919E-05 9.9919E-05 9.9919E-05 9.9919E-05 9.9919E-05 0.942326 9.9919E-05 9.9919E-05 0.0218569 0.0349182
9.99201E-05 9.99201E-05 9.99201E-05 0.00381313 9.99201E-05 9.99201E-05 9.99201E-05 9.99201E-05 0.0429043 0.0497231 0.90276 9.99201E-05
9.9928E-05 9.9928E-05 9.9928E-05 9.9928E-05 9.9928E-05 9.9928E-05 9.9928E-05 0.964486 0.00808898 9.9928E-05 0.0256129 0.00101232
9.9964E-05 9.9964E-05 0.0931104 0.108733 9.9964E-05 0.00204398 9.9964E-05 0.485041 0.141368 0.00108852 0.0810384 0.0871772
9.9964E-05 9.9964E-05 9.9964E-05 0.0280664 0.073962 0.0282292 0.00349045 0.589132 0.023165 9.9964E-05 0.107687 0.145868
0.0183666 0.00096775 0.00910628 9.9982E-05 0.0705313 0.216687 0.0217052 0.282374 0.150967 0.0174415 9.9982E-05 0.211654
9.99017E-05 9.99017E-05 9.99017E-05 9.99017E-05 9.99017E-05 9.99017E-05 9.99017E-05 9.99017E-05 9.99017E-05 9.99017E-05 9.99017E-05 0.998901
0.998901 9.99011E-05 9.99011E-05 9.99011E-05 9.99011E-05 9.99011E-05 9.99011E-05 9.99011E-05 9.99011E-05 9.99011E-05 9.99011E-05 9.99011E-05
0.977021 0.00424371 9.99281E-05 9.99281E-05 0.00956501 0.00837115 9.99281E-05 9.99281E-05 9.99281E-05 9.99281E-05 9.99281E-05 9.99281E-05
0.998901 9.99011E-05 9.99011E-05 9.99011E-05 9.99011E-05 9.99011E-05 9.99011E-05 9.99011E-05 9.99011E-05 9.99011E-05 9.99011E-05 9.99011E-05
0.998901 9.9901E-05 9.9901E-05 9.9901E-05 9.9901E-05 9.9901E-05 9.9901E-05 9.9901E-05 9.9901E-05 9.9901E-05 9.9901E-05 9.9901E-05
0.997949 9.99101E-05 9.99101E-05 9.99101E-05 9.99101E-05 9.99101E-05 0.00105235 9.99101E-05 9.99101E-05 9.99101E-05 9.99101E-05 9.99101E-05
0.327036 9.99462E-05 9.99462E-05 0.0265676 0.0571304 9.99462E-05 0.38314 9.99462E-05 9.99462E-05 0.0588222 0.146704 9.99462E-05
0.959281 9.9928E-05 9.9928E-05 9.9928E-05 9.9928E-05 0.00854676 9.9928E-05 0.00640337 9.9928E-05 9.9928E-05 0.0249698 9.9928E-05
9.99189E-05 9.99189E-05 9.99189E-05 9.99189E-05 9.99189E-05 9.99189E-05 9.99189E-05 9.99189E-05 0.00840195 9.99189E-05 0.196762 0.793937
0.207515 9.994E-05 0.0232971 9.994E-05 0.0774098 9.994E-05 0.00741155 9.994E-05 9.994E-05 0.542877 9.994E-05 0.140891
9.991E-05 9.991E-05 9.991E-05 9.991E-05 0.994878 0.00412305 9.991E-05 9.991E-05 9.991E-05 9.991E-05 9.991E-05 9.991E-05
0.022405 9.9946E-05 0.0361074 9.9946E-05 0.00276661 9.9946E-05 9.9946E-05 9.9946E-05 0.858004 9.9946E-05 0.0697724 0.0103445
9.99282E-05 0.00762066 9.99282E-05 9.99282E-05 9.99282E-05 9.99282E-05 9.99282E-05 9.99282E-05 0.0665099 9.99282E-05 0.919189 0.00588104
9.99192E-05 0.0133952 9.99192E-05 9.99192E-05 9.99192E-05 9.99192E-05 9.99192E-05 9.99192E-05 0.985354 0.000351421 9.99192E-05 9.99192E-05
9.99279E-05 0.00478529 9.99279E-05 9.99279E-05 9.99279E-05 9.99279E-05 9.99279E-05 0.117737 0.871721 9.99279E-05 0.00495737 9.99279E-05
9.99189E-05 9.99189E-05 0.0385052 9.99189E-05 9.99189E-05 9.99189E-05 9.99189E-05 0.091325 0.869271 9.99189E-05 9.99189E-05 9.99189E-05
9.99103E-05 9.99103E-05 9.99103E-05 0.885971 9.99103E-05 9.99103E-05 9.99103E-05 9.99103E-05 9.99103E-05 9.99103E-05 9.99103E-05 0.113029
9.99104E-05 0.010265 9.99104E-05 9.99104E-05 0.988736 9.99104E-05 9.99104E-05 9.99104E-05 9.99104E-05 9.99104E-05 9.99104E-05 9.99104E-05
0.194808 9.997E-05 0.0399189 0.0649461 0.181507 9.997E-05 0.0133723 0.0854934 0.140476 9.997E-05 0.068315 0.210864
0.000374718 0.16743 9.99371E-05 9.99371E-05 0.798223 9.99371E-05 0.0295858 9.99371E-05 9.99371E-05 9.99371E-05 0.003686 9.99371E-05
9.9946E-05 0.00586177 9.9946E-05 9.9946E-05 0.925999 0.0412311 0.00859535 9.9946E-05 9.9946E-05 0.00394249 9.9946E-05 0.0137707
0.0468744 9.9928E-05 9.9928E-05 9.9928E-05 0.853423 9.9928E-05 0.04696 9.9928E-05 9.9928E-05 9.9928E-05 0.0519427 9.9928E-05
0.0404851 9.99282E-05 9.99282E-05 0.00228779 0.906374 9.99282E-05 9.99282E-05 9.99282E-05 9.99282E-05 9.99282E-05 0.0500541 9.99282E-05
9.99371E-05 9.99371E-05 9.99371E-05 9.99371E-05 0.723947 0.0188696 0.211569 0.0358647 9.99371E-05 9.99371E-05 9.99371E-05 0.00904994
9.991E-05 9.991E-05 9.991E-05 9.991E-05 0.946814 0.0521871 9.991E-05 9.991E-05 9.991E-05 9.991E-05 9.991E-05 9.991E-05
0.0105382 9.991E-05 9.991E-05 9.991E-05 9.991E-05 9.991E-05 0.988463 9.991E-05 9.991E-05 9.991E-05 9.991E-05 9.991E-05
9.99101E-05 9.99101E-05 9.99101E-05 9.99101E-05 9.99101E-05 9.99101E-05 0.969404 9.99101E-05 0.0295965 9.99101E-05 9.99101E-05 9.99101E-05
0.0442652 9.99461E-05 0.00655711 0.00264957 0.915968 9.99461E-05 9.99461E-05 9.99461E-05 0.0110951 9.99461E-05 9.99461E-05 0.0188657
9.9919E-05 9.9919E-05 0.00848763 9.9919E-05 9.9919E-05 9.9919E-05 0.0223973 9.9919E-05 9.9919E-05 9.9919E-05 0.968216 9.9919E-05
0.00330025 9.991E-05 9.991E-05 9.991E-05 9.991E-05 9.991E-05 9.991E-05 9.991E-05 9.991E-05 9.991E-05 0.995701 9.991E-05
9.99011E-05 9.99011E-05 0.998901 9.99011E-05 9.99011E-05 9.99011E-05 9.99011E-05 9.99011E-05 9.99011E-05 9.99011E-05 9.99011E-05 9.99011E-05
9.99012E-05 9.99012E-05 0.998901 9.99012E-05 9.99012E-05 9.99012E-05 9.99012E-05 9.99012E-05 9.99012E-05 9.99012E-05 9.99012E-05 9.99012E-05
9.99369E-05 9.99369E-05 9.99369E-05 9.99369E-05 0.0312941 9.99369E-05 9.99369E-05 0.832929 9.99369E-05 0.00767912 0.0901164 0.0372814
0.00557773 9.9955E-05 9.9955E-05 9.9955E-05 0.00228751 9.9955E-05 9.9955E-05 0.801196 0.0277058 0.00998155 0.13809 0.0146625
9.99192E-05 9.99192E-05 0.965346 9.99192E-05 9.99192E-05 0.0212154 9.99192E-05 9.99192E-05 9.99192E-05 9.99192E-05 0.0125396 9.99192E-05
9.99011E-05 9.99011E-05 0.998901 9.99011E-05 9.99011E-05 9.99011E-05 9.99011E-05 9.99011E-05 9.99011E-05 9.99011E-05 9.99011E-05 9.99011E-05
0.0150083 9.99279E-05 9.99279E-05 9.99279E-05 9.99279E-05 9.99279E-05 9.99279E-05 9.99279E-05 0.0728756 9.99279E-05 0.00532066 0.905996
9.99549E-05 0.0162682 9.99549E-05 0.0775352 9.99549E-05 9.99549E-05 9.99549E-05 0.193316 0.126709 0.119283 0.43405 0.0323386
0.270947 9.99278E-05 9.99278E-05 9.99278E-05 0.0518582 9.99278E-05 9.99278E-05 9.99278E-05 9.99278E-05 0.579929 9.99278E-05 0.0964662
9.99462E-05 9.99462E-05 0.0633326 0.0712952 0.0262997 0.368056 9.99462E-05 0.228787 0.24163 9.99462E-05 9.99462E-05 9.99462E-05
9.99461E-05 9.99461E-05 0.120629 0.0340376 9.99461E-05 0.425882 9.99461E-05 9.99461E-05 0.273197 9.99461E-05 0.0460866 0.0995681
0.0473564 9.99371E-05 0.014744 0.0242157 0.191115 9.99371E-05 0.72187 9.99371E-05 9.99371E-05 9.99371E-05 9.99371E-05 9.99371E-05
