0.926128 9.99189E-05 9.99189E-05 0.0086474 9.99189E-05 9.99189E-05 9.99189E-05 9.99189E-05 0.0643251 9.99189E-05 9.99189E-05 9.99189E-05
0.0388718 0.058135 0.757095 9.99369E-05 0.131966 0.0132333 9.99369E-05 9.99369E-05 9.99369E-05 9.99369E-05 9.99369E-05 9.99369E-05
9.99465E-05 9.99465E-05 0.0426367 0.0623952 0.748176 9.99465E-05 0.00983743 9.99465E-05 9.99465E-05 9.99465E-05 0.0229075 0.113448
9.9928E-05 9.9928E-05 9.9928E-05 0.0136572 0.903493 9.9928E-05 9.9928E-05 0.00678181 9.9928E-05 0.0752681 9.9928E-05 9.9928E-05
0.0585822 0.0574584 0.161174 9.9964E-05 0.365817 9.9964E-05 9.9964E-05 0.040505 0.0423714 0.0510125 9.9964E-05 0.22268
9.99189E-05 0.0141888 9.99189E-05 9.99189E-05 0.961697 9.99189E-05 9.99189E-05 9.99189E-05 9.99189E-05 0.0232154 9.99189E-05 9.99189E-05
9.99008E-05 9.99008E-05 9.99008E-05 9.99008E-05 9.99008E-05 9.99008E-05 9.99008E-05 9.99008E-05 9.99008E-05 9.99008E-05 9.99008E-05 0.998901
9.99461E-05 9.99461E-05 0.133165 0.000901113 9.99461E-05 9.99461E-05 9.99461E-05 0.17686 0.0675378 0.490937 9.99461E-05 0.13
9.99278E-05 9.99278E-05 0.00981121 9.99278E-05 9.99278E-05 0.032818 9.99278E-05 0.00121776 9.99278E-05 9.99278E-05 9.99278E-05 0.955354
9.991E-05 9.991E-05 9.991E-05 9.991E-05 9.991E-05 9.991E-05 9.991E-05 9.991E-05 0.837807 9.991E-05 9.991E-05 0.161194
9.991E-05 9.991E-05 9.991E-05 9.991E-05 9.991E-05 9.991E-05 9.991E-05 9.991E-05 0.875392 9.991E-05 9.991E-05 0.123609
0.680194 9.9928E-05 9.9928E-05 0.143389 9.9928E-05 9.9928E-05 0.169206 9.9928E-05 9.9928E-05 0.00641115 9.9928E-05 9.9928E-05
9.99192E-05 9.99192E-05 9.99192E-05 9.99192E-05 9.99192E-05 9.99192E-05 0.970036 9.99192E-05 9.99192E-05 0.00501388 9.99192E-05 0.0240511
0.015634 0.00533512 0.0238786 9.9946E-05 0.927502 9.9946E-05 0.0208292 9.9946E-05 9.9946E-05 9.9946E-05 0.0062215 9.9946E-05
0.0124834 9.9919E-05 9.9919E-05 9.9919E-05 0.973471 9.9919E-05 9.9919E-05 9.9919E-05 9.9919E-05 9.9919E-05 0.0131465 9.9919E-05
9.99191E-05 9.99191E-05 9.99191E-05 9.99191E-05 9.99191E-05 0.76013 0.229626 9.99191E-05 0.00934382 9.99191E-05 9.99191E-05 9.99191E-05
9.99099E-05 0.913272 9.99099E-05 9.99099E-05 9.99099E-05 9.99099E-05 9.99099E-05 9.99099E-05 0.0857289 9.99099E-05 9.99099E-05 9.99099E-05
0.0451035 9.99369E-05 0.0727339 9.99369E-05 9.99369E-05 0.0767441 9.99369E-05 9.99369E-05 0.0692502 9.99369E-05 0.735469 9.99369E-05
9.991E-05 9.991E-05 9.991E-05 0.0856567 9.991E-05 9.991E-05 9.991E-05 9.991E-05 9.991E-05 9.991E-05 0.913344 9.991E-05
0.112126 0.0354211 9.9937E-05 0.0426366 9.9937E-05 0.321487 9.9937E-05 9.9937E-05 0.48763 9.9937E-05 9.9937E-05 9.9937E-05
9.99012E-05 9.99012E-05 9.99012E-05 9.99012E-05 9.99012E-05 9.99012E-05 9.99012E-05 9.99012E-05 9.99012E-05 9.99012E-05 0.998901 9.99012E-05
0.499957 0.00777382 9.99369E-05 9.99369E-05 9.99369E-05 0.284809 0.0737857 9.99369E-05 0.132975 9.99369E-05 9.99369E-05 9.99369E-05
9.99371E-05 0.267933 9.99371E-05 0.21455 9.99371E-05 9.99371E-05 9.99371E-05 9.99371E-05 0.120212 0.0281245 0.368482 9.99371E-05
9.9928E-05 0.00154996 9.9928E-05 0.0711406 9.9928E-05 9.9928E-05 9.9928E-05 9.9928E-05 0.0252443 9.9928E-05 0.901266 9.9928E-05
9.99101E-05 9.99101E-05 9.99101E-05 9.99101E-05 0.314887 9.99101E-05 9.99101E-05 9.99101E-05 9.99101E-05 0.684114 9.99101E-05 9.99101E-05
9.991E-05 9.991E-05 9.991E-05 9.991E-05 0.70704 9.991E-05 9.991E-05 9.991E-05 9.991E-05 0.291961 9.991E-05 9.991E-05
0.0549978 0.0263093 9.99368E-05 0.0337057 9.99368E-05 9.99368E-05 0.790737 9.99368E-05 0.0935508 9.99368E-05 9.99368E-05 9.99368E-05
9.99009E-05 9.99009E-05 9.99009E-05 9.99009E-05 9.99009E-05 9.99009E-05 9.99009E-05 9.99009E-05 9.99009E-05 0.998901 9.99009E-05 9.99009E-05
9.9919E-05 9.9919E-05 9.9919E-05 9.9919E-05 9.9919E-05 0.0172855 9.9919E-05 0.0241452 9.9919E-05 0.95767 9.9919E-05 9.9919E-05
9.99462E-05 0.0207688 9.99462E-05 0.0449681 0.241694 9.99462E-05 9.99462E-05 0.163643 9.99462E-05 0.501196 0.0271302 9.99462E-05
9.99551E-05 0.0273684 9.99551E-05 0.0422328 0.0287244 9.99551E-05 9.99551E-05 0.148818 0.000378692 0.735208 9.99551E-05 0.01677
9.99012E-05 9.99012E-05 0.998901 9.99012E-05 9.99012E-05 9.99012E-05 9.99012E-05 9.99012E-05 9.99012E-05 9.99012E-05 9.99012E-05 9.99012E-05
9.99101E-05 9.99101E-05 9.99101E-05 9.99101E-05 0.413955 9.99101E-05 9.99101E-05 9.99101E-05 9.99101E-05 0.585046 9.99101E-05 9.99101E-05
0.0350722 9.99372E-05 9.99372E-05 0.0138177 9.99372E-05 9.99372E-05 9.99372E-05 0.765517 9.99372E-05 0.149219 9.99372E-05 0.0356744
0.069818 0.270024 9.99458E-05 0.105115 9.99458E-05 9.99458E-05 0.489411 9.99458E-05 0.0383426 0.0266898 9.99458E-05 9.99458E-05
9.99098E-05 9.99098E-05 9.99098E-05 9.99098E-05 0.238429 9.99098E-05 9.99098E-05 9.99098E-05 9.99098E-05 0.760571 9.99098E-05 9.99098E-05
0.969115 0.025476 9.99191E-05 9.99191E-05 9.99191E-05 9.99191E-05 9.99191E-05 9.99191E-05 9.99191E-05 0.00450969 9.99191E-05 9.99191E-05
0.0909662 0.00305049 0.219842 9.9946E-05 0.0227631 9.9946E-05 9.9946E-05 9.9946E-05 0.645446 9.9946E-05 0.017332 9.9946E-05
9.99009E-05 0.998901 9.99009E-05 9.99009E-05 9.99009E-05 9.99009E-05 9.99009E-05 9.99009E-05 9.99009E-05 9.99009E-05 9.99009E-05 9.99009E-05
0.248263 0.0773233 0.0309938 9.99458E-05 0.110747 0.242843 9.99458E-05 9.99458E-05 0.28923 9.99458E-05 9.99458E-05 9.99458E-05
0.248397 0.0771636 0.0674939 9.99549E-05 0.0481802 0.233993 9.99549E-05 9.99549E-05 0.313917 9.99549E-05 0.0103551 9.99549E-05
0.0441034 0.00128326 9.9928E-05 9.9928E-05 9.9928E-05 0.0154779 9.9928E-05 9.9928E-05 0.938336 9.9928E-05 9.9928E-05 9.9928E-05
0.0396421 9.99369E-05 9.99369E-05 9.99369E-05 9.99369E-05 0.813624 0.0490609 9.99369E-05 9.99369E-05 9.99369E-05 0.00910255 0.0878713
0.00606608 9.9928E-05 9.9928E-05 9.9928E-05 9.9928E-05 9.9928E-05 0.0384345 0.0170061 0.937694 9.9928E-05 9.9928E-05 9.9928E-05
0.01813 9.99549E-05 0.0649976 0.0971408 9.99549E-05 0.0222068 0.182432 9.99549E-05 0.499504 9.99549E-05 0.115089 9.99549E-05
0.125676 9.9955E-05 0.0127868 9.9955E-05 0.0899687 0.16307 0.0358549 9.9955E-05 0.530898 9.9955E-05 0.0412461 9.9955E-05
0.218554 0.247513 9.9955E-05 9.9955E-05 0.0720472 9.9955E-05 0.190652 0.0570004 0.196349 9.9955E-05 9.9955E-05 0.0173845
0.971588 9.99105E-05 9.99105E-05 9.99105E-05 9.99105E-05 9.99105E-05 9.99105E-05 9.99105E-05 9.99105E-05 9.99105E-05 0.0274128 9.99105E-05
9.9901E-05 9.9901E-05 9.9901E-05 9.9901E-05 9.9901E-05 9.9901E-05 9.9901E-05 0.998901 9.9901E-05 9.9901E-05 9.9901E-05 9.9901E-05
9.99011E-05 9.99011E-05 9.99011E-05 9.99011E-05 9.99011E-05 9.99011E-05 9.99011E-05 0.998901 9.99011E-05 9.99011E-05 9.99011E-05 9.99011E-05
9.9928E-05 9.9928E-05 9.9928E-05 0.0242747 9.9928E-05 9.9928E-05 0.00320266 0.967053 9.9928E-05 9.9928E-05 0.00467031 9.9928E-05
9.99011E-05 9.99011E-05 9.99011E-05 9.99011E-05 9.99011E-05 9.99011E-05 9.99011E-05 0.998901 9.99011E-05 9.99011E-05 9.99011E-05 9.99011E-05
9.99011E-05 9.99011E-05 9.99011E-05 9.99011E-05 9.99011E-05 9.99011E-05 9.99011E-05 0.998901 9.99011E-05 9.99011E-05 9.99011E-05 9.99011E-05
9.99551E-05 0.0512146 9.99551E-05 9.99551E-05 0.0254569 0.0473324 9.99551E-05 0.458344 9.99551E-05 0.228258 0.0269918 0.161902
9.9919E-05 9.9919E-05 0.0480411 9.9919E-05 9.9919E-05 0.0160322 9.9919E-05 0.935027 9.9919E-05 9.9919E-05 9.9919E-05 9.9919E-05
0.809303 9.99188E-05 9.99188E-05 9.99188E-05 9.99188E-05 0.140452 0.0493464 9.99188E-05 9.99188E-05 9.99188E-05 9.99188E-05 9.99188E-05
9.99189E-05 9.99189E-05 0.915406 9.99189E-05 9.99189E-05 9.99189E-05 9.99189E-05 0.035622 9.99189E-05 9.99189E-05 9.99189E-05 0.0480731
9.99098E-05 9.99098E-05 9.99098E-05 9.99098E-05 0.428833 9.99098E-05 9.99098E-05 9.99098E-05 9.99098E-05 0.570168 9.99098E-05 9.99098E-05
0.0402018 9.9937E-05 9.9937E-05 0.017166 9.9937E-05 0.0903514 0.838578 0.013003 9.9937E-05 9.9937E-05 9.9937E-05 9.9937E-05
9.99102E-05 9.99102E-05 9.99102E-05 9.99102E-05 9.99102E-05 0.89684 0.102161 9.99102E-05 9.99102E-05 9.99102E-05 9.99102E-05 9.99102E-05
9.99102E-05 9.99102E-05 9.99102E-05 9.99102E-05 9.99102E-05 9.99102E-05 0.947217 9.99102E-05 9.99102E-05 9.99102E-05 9.99102E-05 0.0517842
9.99189E-05 9.99189E-05 9.99189E-05 9.99189E-05 0.0315337 9.99189E-05 0.886307 9.99189E-05 0.0812596 9.99189E-05 9.99189E-05 9.99189E-05
9.99279E-05 0.00784068 9.99279E-05 0.0484144 9.99279E-05 9.99279E-05 0.872288 9.99279E-05 0.0706576 9.99279E-05 9.99279E-05 9.99279E-05
0.0451826 9.99193E-05 9.99193E-05 9.99193E-05 9.99193E-05 9.99193E-05 9.99193E-05 0.0108907 9.99193E-05 9.99193E-05 0.943027 9.99193E-05
9.99102E-05 9.99102E-05 9.99102E-05 9.99102E-05 0.423271 9.99102E-05 9.99102E-05 9.99102E-05 9.99102E-05 0.57573 9.99102E-05 9.99102E-05
0.017119 0.0466278 9.999E-05 0.169377 0.104226 0.058235 0.0374394 0.0222789 0.125427 0.142794 0.0572467 0.219128
9.99102E-05 9.99102E-05 9.99102E-05 9.99102E-05 0.993734 9.99102E-05 9.99102E-05 9.99102E-05 9.99102E-05 9.99102E-05 9.99102E-05 0.00526688
0.0205269 0.0219689 9.99369E-05 9.99369E-05 0.569737 9.99369E-05 9.99369E-05 9.99369E-05 9.99369E-05 0.376779 9.99369E-05 0.0102892
9.99099E-05 9.99099E-05 9.99099E-05 9.99099E-05 9.99099E-05 0.0399705 9.99099E-05 9.99099E-05 9.99099E-05 0.95903 9.99099E-05 9.99099E-05
0.011622 9.9919E-05 9.9919E-05 9.9919E-05 9.9919E-05 0.0148992 9.9919E-05 9.9919E-05 9.9919E-05 0.97258 9.9919E-05 9.9919E-05
0.00912635 0.00237614 0.00649636 9.99461E-05 0.422806 9.99461E-05 9.99461E-05 9.99461E-05 0.0489395 0.509656 9.99461E-05 9.99461E-05
9.99188E-05 0.0188362 9.99188E-05 9.99188E-05 0.378405 9.99188E-05 9.99188E-05 9.99188E-05 9.99188E-05 0.60186 9.99188E-05 9.99188E-05
9.99283E-05 0.0162571 9.99283E-05 9.99283E-05 9.99283E-05 9.99283E-05 9.99283E-05 0.21678 9.99283E-05 0.582779 9.99283E-05 0.183385
9.99283E-05 9.99283E-05 9.99283E-05 9.99283E-05 9.99283E-05 9.99283E-05 0.00620735 0.0233549 9.99283E-05 0.581024 9.99283E-05 0.388614
9.9937E-05 9.9937E-05 9.9937E-05 9.9937E-05 0.951243 0.0158502 0.00791365 0.0205804 0.0037133 9.9937E-05 9.9937E-05 9.9937E-05
9.9928E-05 9.9928E-05 0.0145934 0.013414 9.9928E-05 0.969067 9.9928E-05 0.00212595 9.9928E-05 9.9928E-05 9.9928E-05 9.9928E-05
9.991E-05 9.991E-05 9.991E-05 9.991E-05 9.991E-05 0.991651 9.991E-05 0.00734952 9.991E-05 9.991E-05 9.991E-05 9.991E-05
9.99011E-05 9.99011E-05 9.99011E-05 0.998901 9.99011E-05 9.99011E-05 9.99011E-05 9.99011E-05 9.99011E-05 9.99011E-05 9.99011E-05 9.99011E-05
9.99011E-05 9.99011E-05 9.99011E-05 0.998901 9.99011E-05 9.99011E-05 9.99011E-05 9.99011E-05 9.99011E-05 9.99011E-05 9.99011E-05 9.99011E-05
0.0233664 9.99549E-05 0.0549272 9.99549E-05 0.000474121 0.151821 0.0162052 9.99549E-05 0.750353 0.00235331 9.99549E-05 9.99549E-05
9.99279E-05 9.99279E-05 0.0358791 9.99279E-05 9.99279E-05 0.098161 0.0595196 9.99279E-05 0.805641 9.99279E-05 9.99279E-05 9.99279E-05
9.99101E-05 9.99101E-05 9.99101E-05 0.972847 9.99101E-05 0.0261541 9.99101E-05 9.99101E-05 9.99101E-05 9.99101E-05 9.99101E-05 9.99101E-05
9.99011E-05 9.99011E-05 9.99011E-05 0.998901 9.99011E-05 9.99011E-05 9.99011E-05 9.99011E-05 9.99011E-05 9.99011E-05 9.99011E-05 9.99011E-05
0.939242 9.99369E-05 9.99369E-05 9.99369E-05 9.99369E-05 0.0246311 0.0325291 0.00231186 9.99369E-05 9.99369E-05 9.99369E-05 0.000586284
0.0153732 9.99549E-05 0.072374 9.99549E-05 9.99549E-05 0.393328 0.222658 9.99549E-05 0.158603 9.99549E-05 0.0579295 0.0792345
9.9919E-05 9.9919E-05 0.9005 9.9919E-05 9.9919E-05 9.9919E-05 9.9919E-05 0.0387957 9.9919E-05 9.9919E-05 9.9919E-05 0.0598046
9.99462E-05 0.136801 9.99462E-05 0.0994448 9.99462E-05 9.99462E-05 0.325005 9.99462E-05 0.29122 0.0383206 0.108609 9.99462E-05
0.198343 0.277146 9.99372E-05 0.170364 9.99372E-05 9.99372E-05 0.311193 9.99372E-05 9.99372E-05 9.99372E-05 0.0422548 9.99372E-05
9.99551E-05 9.99551E-05 0.0186298 0.0577349 9.99551E-05 9.99551E-05 9.99551E-05 0.117767 0.0184039 0.717873 0.0208045 0.0482865
