0.0087422 0.0139134 0.00290834 9.9991E-05 0.974336
0.276581 0.0109713 0.304842 9.9991E-05 0.407506
0.034323 0.107286 0.833104 0.0251863 9.99911E-05
9.9973E-05 0.0378226 0.961877 9.9973E-05 9.9973E-05
0.293546 9.99821E-05 0.435885 9.99821E-05 0.270369
9.9973E-05 0.0247644 0.974936 9.9973E-05 9.9973E-05
0.340626 9.99821E-05 0.0360637 9.99821E-05 0.62311
0.518253 0.045142 0.366089 9.9991E-05 0.0704164
0.414048 9.99731E-05 9.99731E-05 9.99731E-05 0.585652
0.141186 0.119688 9.9982E-05 9.9982E-05 0.738926
0.133385 0.112332 9.9982E-05 9.9982E-05 0.754083
9.9982E-05 0.146622 0.0508567 9.9982E-05 0.802321
9.99821E-05 9.99821E-05 0.0546796 0.000106289 0.945014
9.999E-05 0.00747578 0.954749 0.0343405 0.00333458
9.999E-05 0.00133726 0.981328 0.0120478 0.00518672
0.0651733 0.0148857 9.9982E-05 9.9982E-05 0.919741
9.999E-05 0.411614 0.00520126 0.0962153 0.48687
0.0748325 9.9982E-05 9.9982E-05 0.742151 0.182817
9.9973E-05 0.0858281 9.9973E-05 0.913872 9.9973E-05
0.0221793 0.15719 9.9982E-05 9.9982E-05 0.820431
9.9973E-05 9.9973E-05 0.00324498 0.996455 9.9973E-05
0.0025369 0.015188 0.00598628 9.9991E-05 0.976189
0.0582956 0.423174 9.9991E-05 0.440303 0.0781273
9.9973E-05 0.080319 9.9973E-05 0.919381 9.9973E-05
9.997E-05 9.997E-05 0.9996 9.997E-05 9.997E-05
9.997E-05 9.997E-05 0.9996 9.997E-05 9.997E-05
9.9973E-05 0.0652292 9.9973E-05 9.9973E-05 0.934471
0.0538477 9.9973E-05 0.945852 9.9973E-05 9.9973E-05
0.0721564 9.9982E-05 0.923338 9.9982E-05 0.00430556
0.239104 0.052793 0.683768 0.0242347 9.9991E-05
0.295235 0.0412141 0.663351 9.9982E-05 9.9982E-05
0.569029 9.99821E-05 0.125079 9.99821E-05 0.305692
9.997E-05 9.997E-05 0.9996 9.997E-05 9.997E-05
0.914961 9.9973E-05 0.0847395 9.9973E-05 9.9973E-05
9.9982E-05 0.257088 0.0680258 9.9982E-05 0.674686
9.99729E-05 9.99729E-05 0.989291 9.99729E-05 0.0104086
9.99821E-05 0.0218753 0.0952398 9.99821E-05 0.882685
0.217871 0.0509207 0.00323943 0.0310498 0.696919
9.9991E-05 0.456612 0.111335 0.0660969 0.365856
9.9991E-05 0.0717202 0.153278 0.0050651 0.769836
0.000723678 0.0734441 0.0859811 0.0317347 0.808116
0.0724663 0.0862199 9.9991E-05 0.0345185 0.806695
0.064881 9.9973E-05 9.9973E-05 9.9973E-05 0.934819
0.0766303 0.134346 9.9991E-05 0.00153956 0.787384
0.0428584 0.19419 9.9991E-05 0.127266 0.635586
0.101084 0.0879013 0.0505546 0.0476419 0.712819
0.0812591 0.138822 0.0896956 9.9991E-05 0.690123
0.0204309 9.99822E-05 9.99822E-05 0.0173406 0.962029
0.9996 9.997E-05 9.997E-05 9.997E-05 9.997E-05
0.995854 0.00384646 9.9973E-05 9.9973E-05 9.9973E-05
0.9996 9.997E-05 9.997E-05 9.997E-05 9.997E-05
0.9996 9.997E-05 9.997E-05 9.997E-05 9.997E-05
0.9996 9.997E-05 9.997E-05 9.997E-05 9.997E-05
0.556116 9.9991E-05 0.287906 0.0289043 0.126974
0.9996 9.997E-05 9.997E-05 9.997E-05 9.997E-05
9.997E-05 9.997E-05 9.997E-05 9.997E-05 0.9996
0.506807 9.9982E-05 0.135807 9.9982E-05 0.357186
9.997E-05 9.997E-05 0.9996 9.997E-05 9.997E-05
9.99731E-05 0.0462607 9.99731E-05 9.99731E-05 0.953439
9.9982E-05 0.0330609 0.0628759 9.9982E-05 0.903863
9.99732E-05 9.99732E-05 9.99732E-05 0.0334838 0.966216
9.9973E-05 0.00114091 9.9973E-05 9.9973E-05 0.998559
9.9982E-05 0.0898625 9.9982E-05 0.00990248 0.900035
0.0279595 9.9982E-05 9.9982E-05 0.92947 0.0423701
9.997E-05 9.997E-05 0.9996 9.997E-05 9.997E-05
0.0938411 0.16097 0.297851 0.054164 0.393174
9.99731E-05 9.99731E-05 0.984042 9.99731E-05 0.0156582
0.0270738 9.9973E-05 0.972626 9.9973E-05 9.9973E-05
0.057601 9.9973E-05 0.942099 9.9973E-05 9.9973E-05
0.054076 9.9991E-05 0.939295 0.000473726 0.00605487
9.9982E-05 0.02842 0.935237 9.9982E-05 0.0361428
9.9973E-05 0.0178616 0.981839 9.9973E-05 9.9973E-05
0.481807 9.99732E-05 0.517893 9.99732E-05 9.99732E-05
0.359158 9.99911E-05 0.534013 0.0173859 0.0893425
0.00184885 0.0246524 0.973299 9.9982E-05 9.9982E-05
0.111216 0.0703836 0.0764629 9.9991E-05 0.741837
0.130806 0.0576704 0.0343116 9.9991E-05 0.777112
9.997E-05 0.9996 9.997E-05 9.997E-05 9.997E-05
9.997E-05 0.9996 9.997E-05 9.997E-05 9.997E-05
0.140659 0.0855437 9.99819E-05 9.99819E-05 0.773597
0.112505 0.0608204 9.9991E-05 0.0224303 0.804145
0.00820612 0.991494 9.9973E-05 9.9973E-05 9.9973E-05
9.997E-05 0.9996 9.997E-05 9.997E-05 9.997E-05
0.0259894 9.9973E-05 9.9973E-05 9.9973E-05 0.973711
0.0244852 9.9991E-05 0.0205574 0.0604629 0.894395
0.594801 9.9982E-05 0.091359 9.9982E-05 0.31364
9.9991E-05 0.328858 0.0710223 0.129626 0.470394
9.99821E-05 0.346072 9.99821E-05 0.0834428 0.570285
0.378751 0.0147933 0.548574 0.057782 9.9991E-05
