9.9973E-05 9.9973E-05 0.00502956 9.9973E-05 0.994671
0.299017 0.314217 0.0080261 9.9991E-05 0.378641
0.783936 0.074846 0.0800204 0.0464535 0.0147446
0.978531 9.9973E-05 0.0211692 9.9973E-05 9.9973E-05
0.462635 0.301128 0.0131611 9.9991E-05 0.222976
0.997895 9.99801E-05 9.99801E-05 0.00180476 9.99801E-05
0.0559479 0.36173 9.99821E-05 9.99821E-05 0.582122
0.415881 0.467639 0.0558876 9.9991E-05 0.0604927
0.066913 0.370935 9.99821E-05 9.99821E-05 0.561952
9.9982E-05 0.145991 0.159137 9.9982E-05 0.694673
9.9982E-05 0.129315 0.15939 9.9982E-05 0.711095
0.0537426 9.9982E-05 0.134933 9.9982E-05 0.811124
0.0698949 9.99732E-05 9.99732E-05 9.99732E-05 0.929805
0.958005 9.9982E-05 0.0181285 0.0236661 9.9982E-05
0.977825 9.9973E-05 9.9973E-05 0.0218754 9.9973E-05
0.0280286 0.0290938 0.0155347 9.9991E-05 0.927243
0.00427107 9.9991E-05 0.400114 0.0705277 0.524987
9.9982E-05 0.0958316 9.9982E-05 0.733431 0.170537
9.9973E-05 9.9973E-05 0.087808 0.911892 9.9973E-05
9.9982E-05 0.0230391 0.17022 9.9982E-05 0.806541
0.0100109 9.9973E-05 9.9973E-05 0.989689 9.9973E-05
9.9982E-05 0.00028239 0.0530233 9.9982E-05 0.946494
9.999E-05 0.0837794 0.39433 0.429068 0.0927227
9.9973E-05 9.9973E-05 0.0889408 0.910759 9.9973E-05
0.9996 9.997E-05 9.997E-05 9.997E-05 9.997E-05
0.9996 9.997E-05 9.997E-05 9.997E-05 9.997E-05
9.9973E-05 9.9973E-05 0.0881308 9.9973E-05 0.911569
0.927261 0.0724394 9.9973E-05 9.9973E-05 9.9973E-05
0.916986 0.0827137 9.9973E-05 9.9973E-05 9.9973E-05
0.695693 0.26996 0.0257989 0.00844761 9.9991E-05
0.644431 0.314767 0.040602 9.9982E-05 9.9982E-05
0.111889 0.614626 0.00261277 9.99911E-05 0.270773
0.9996 9.997E-05 9.997E-05 9.997E-05 9.997E-05
0.0821227 0.917577 9.9973E-05 9.9973E-05 9.9973E-05
0.055308 9.9982E-05 0.250407 9.9982E-05 0.694085
0.988596 9.99729E-05 9.99729E-05 9.99729E-05 0.011104
0.0805583 9.99821E-05 0.0303357 9.99821E-05 0.888906
0.036067 0.201953 0.0247771 0.0623607 0.674843
0.130355 9.9991E-05 0.439332 0.0368838 0.393329
0.149187 9.9991E-05 0.0487171 0.00331432 0.798681
0.093283 0.0378276 0.0550467 0.0106522 0.80319
9.9991E-05 0.0497946 0.139477 0.0208195 0.789809
9.9973E-05 0.0593356 9.9973E-05 9.9973E-05 0.940365
9.9991E-05 0.092221 0.149648 0.0106244 0.747407
9.9991E-05 0.0465272 0.20949 0.115576 0.628307
0.034825 0.114567 0.100592 0.0423003 0.707716
0.139829 0.0688894 0.158864 9.9991E-05 0.632318
9.99733E-05 9.99733E-05 9.99733E-05 0.0551574 0.944543
9.997E-05 0.9996 9.997E-05 9.997E-05 9.997E-05
9.997E-05 0.9996 9.997E-05 9.997E-05 9.997E-05
9.997E-05 0.9996 9.997E-05 9.997E-05 9.997E-05
9.997E-05 0.9996 9.997E-05 9.997E-05 9.997E-05
9.997E-05 0.9996 9.997E-05 9.997E-05 9.997E-05
0.246678 0.61006 9.9991E-05 0.028515 0.114647
9.997E-05 0.9996 9.997E-05 9.997E-05 9.997E-05
9.997E-05 9.997E-05 9.997E-05 9.997E-05 0.9996
0.0867137 0.592546 0.00643988 9.9991E-05 0.3142
0.9996 9.997E-05 9.997E-05 9.997E-05 9.997E-05
9.99731E-05 9.99731E-05 0.0381996 9.99731E-05 0.9615
0.0858423 9.99731E-05 9.99731E-05 9.99731E-05 0.913858
9.99732E-05 9.99732E-05 9.99732E-05 0.0180899 0.98161
0.00178625 9.9973E-05 9.9973E-05 9.9973E-05 0.997914
9.9973E-05 9.9973E-05 0.0857335 9.9973E-05 0.913967
9.99731E-05 9.99731E-05 9.99731E-05 0.931786 0.0679144
0.9996 9.997E-05 9.997E-05 9.997E-05 9.997E-05
0.316507 0.165408 0.0675884 0.0558269 0.39467
0.992935 0.00614016 9.99821E-05 9.99821E-05 0.000725211
0.981512 0.00267973 9.9982E-05 9.9982E-05 0.0156085
0.916959 0.082167 9.9982E-05 9.9982E-05 0.000674068
0.927026 0.0726737 9.9973E-05 9.9973E-05 9.9973E-05
0.933816 9.9982E-05 0.0246854 9.9982E-05 0.0412984
0.969194 0.0291173 0.00148839 9.9982E-05 9.9982E-05
0.462052 0.537649 9.99732E-05 9.99732E-05 9.99732E-05
0.515203 0.386863 9.99911E-05 0.0242391 0.0735952
0.936907 0.0487352 0.014158 9.9982E-05 9.9982E-05
0.062073 0.139756 0.0579285 9.9991E-05 0.740142
0.0234222 0.163038 0.0541325 9.9991E-05 0.759307
9.997E-05 9.997E-05 0.9996 9.997E-05 9.997E-05
9.997E-05 9.997E-05 0.9996 9.997E-05 9.997E-05
9.9991E-05 0.11172 0.099206 0.0107752 0.778199
9.99819E-05 0.114484 0.0742011 9.99819E-05 0.811115
9.9973E-05 0.00134741 0.998353 9.9973E-05 9.9973E-05
9.997E-05 9.997E-05 0.9996 9.997E-05 9.997E-05
9.997E-05 9.997E-05 9.997E-05 9.997E-05 0.9996
0.00237683 0.0677623 9.9991E-05 0.0593438 0.870417
0.0883005 0.608686 9.9982E-05 9.9982E-05 0.302814
0.0607137 9.9991E-05 0.3263 0.0994849 0.513401
0.00335192 9.9991E-05 0.323312 0.0609414 0.612295
0.60724 0.338857 0.0275532 0.0262495 9.9991E-05
