9.9982E-05 9.9982E-05 0.951804 0.0479958
9.999E-05 0.519977 0.458257 0.0216653
0.0367359 0.919321 9.99911E-05 0.0438434
9.9982E-05 0.970271 9.9982E-05 0.0295294
9.999E-05 0.722477 0.276497 0.00092557
9.9982E-05 0.995016 9.9982E-05 0.00478402
9.99821E-05 0.298633 0.701167 9.99821E-05
9.999E-05 0.807713 0.175614 0.016573
9.99821E-05 0.347042 0.652758 9.99821E-05
9.999E-05 0.0310987 0.799542 0.169259
9.9991E-05 0.00241959 0.809877 0.187604
9.999E-05 0.0228134 0.778828 0.198258
0.00907218 0.0184176 0.96511 0.00740001
0.0134342 0.977068 0.0055187 0.00397887
9.9982E-05 0.986947 9.9982E-05 0.0128526
9.9991E-05 0.044686 0.904752 0.0504618
0.100769 9.9991E-05 0.500741 0.39839
0.742276 0.0615987 0.196025 9.9991E-05
0.944817 9.9982E-05 9.9982E-05 0.0549834
9.99819E-05 9.99819E-05 0.822598 0.177202
0.9997 9.998E-05 9.998E-05 9.998E-05
9.9982E-05 9.9982E-05 0.968193 0.0316069
0.429169 0.053062 0.112643 0.405126
0.907224 9.9982E-05 9.9982E-05 0.0925762
9.998E-05 0.9997 9.998E-05 9.998E-05
9.998E-05 0.9997 9.998E-05 9.998E-05
9.9982E-05 9.9982E-05 0.927403 0.0723971
9.998E-05 0.9997 9.998E-05 9.998E-05
9.998E-05 0.9997 9.998E-05 9.998E-05
0.0306555 0.928107 0.00563169 0.0356061
9.9982E-05 0.91423 9.9982E-05 0.0855699
9.99821E-05 0.563935 0.435865 9.99821E-05
9.998E-05 0.9997 9.998E-05 9.998E-05
9.99821E-05 0.820814 0.178986 9.99821E-05
9.9991E-05 0.0664885 0.666556 0.266856
9.9982E-05 0.983974 9.9982E-05 0.0158265
9.9991E-05 0.0520771 0.873983 0.0738398
0.0324845 0.15285 0.774065 0.0406006
0.0570044 0.101486 0.382064 0.459445
0.00754528 0.11811 0.80193 0.0724144
0.0206591 0.0802318 0.813852 0.0852573
0.0248253 9.9991E-05 0.864752 0.110323
9.9982E-05 0.029534 0.970266 9.9982E-05
9.9982E-05 9.9982E-05 0.838295 0.161505
0.126684 9.9991E-05 0.700665 0.172551
0.0490373 0.118167 0.733417 0.0993789
9.99976E-05 0.147515 0.690031 0.162354
0.0395251 9.99822E-05 0.960275 9.99822E-05
0.0558122 0.848599 0.0954887 9.9991E-05
0.0489099 0.808506 0.142484 9.9991E-05
0.0470511 0.811975 0.140874 9.9991E-05
0.0439951 0.826303 0.129602 9.9991E-05
0.0297647 0.853974 0.116161 9.9991E-05
0.0939656 0.695638 0.210297 9.9991E-05
0.0126393 0.758725 0.223994 0.00464141
9.998E-05 9.998E-05 0.9997 9.998E-05
9.9982E-05 0.568 0.4318 9.9982E-05
9.998E-05 0.9997 9.998E-05 9.998E-05
9.99821E-05 9.99821E-05 0.964866 0.0349337
9.9991E-05 0.0544946 0.893033 0.0523719
0.0273447 9.99821E-05 0.972455 9.99821E-05
0.00129473 9.9982E-05 0.998505 9.9982E-05
0.0259762 9.9991E-05 0.874609 0.0993151
0.950054 9.9982E-05 0.0497457 9.9982E-05
9.998E-05 0.9997 9.998E-05 9.998E-05
0.0270708 0.393338 0.416741 0.16285
9.998E-05 0.9997 9.998E-05 9.998E-05
9.998E-05 0.9997 9.998E-05 9.998E-05
9.998E-05 0.9997 9.998E-05 9.998E-05
0.0013068 0.998493 9.9982E-05 9.9982E-05
9.9982E-05 0.953209 9.9982E-05 0.0465908
9.9982E-05 0.984178 9.9982E-05 0.0156216
9.99821E-05 0.955906 0.0438945 9.99821E-05
0.00579185 0.847736 0.146372 9.99911E-05
9.998E-05 0.9997 9.998E-05 9.998E-05
9.9991E-05 0.15946 0.783627 0.0568129
9.9991E-05 0.124436 0.82577 0.0496947
9.998E-05 9.998E-05 9.998E-05 0.9997
9.998E-05 9.998E-05 9.998E-05 0.9997
9.9991E-05 0.0677555 0.818877 0.113268
0.00295136 0.0161025 0.890695 0.0902507
9.998E-05 9.998E-05 9.998E-05 0.9997
9.998E-05 9.998E-05 9.998E-05 0.9997
9.998E-05 9.998E-05 0.9997 9.998E-05
0.0644262 0.0399683 0.887127 0.00847889
9.9982E-05 0.55345 0.44635 9.9982E-05
0.11086 0.0823548 0.5161 0.290686
0.0997219 9.9991E-05 0.553688 0.34649
0.0569947 0.925612 9.9991E-05 0.0172928
