9.99369E-05 0.960727 0.0080342 9.99369E-05 0.0305394 9.99369E-05 9.99369E-05 9.99369E-05 9.99369E-05 9.99369E-05
0.776738 0.0487037 0.0156323 9.9955E-05 0.0410408 9.9955E-05 0.117386 9.9955E-05 9.9955E-05 9.9955E-05
0.0403723 9.99644E-05 0.0190047 0.137421 9.99644E-05 9.99644E-05 0.781265 0.00709603 0.0144416 9.99644E-05
9.9946E-05 9.9946E-05 0.0334796 9.9946E-05 0.0326716 0.00887007 0.924379 9.9946E-05 9.9946E-05 9.9946E-05
0.044662 0.0578927 9.9964E-05 9.9964E-05 0.159103 0.0366746 0.318107 9.9964E-05 0.38316 9.9964E-05
9.99281E-05 9.99281E-05 9.99281E-05 9.99281E-05 0.0131175 9.99281E-05 0.986083 9.99281E-05 9.99281E-05 9.99281E-05
9.99368E-05 9.99368E-05 9.99368E-05 0.080894 9.99368E-05 9.99368E-05 9.99368E-05 9.99368E-05 0.779087 0.139319
0.0651917 9.99639E-05 0.0261843 9.99639E-05 0.0276744 0.174003 0.289138 9.99639E-05 0.417409 9.99639E-05
0.0192128 9.99458E-05 9.99458E-05 0.0144575 9.99458E-05 9.99458E-05 9.99458E-05 9.99458E-05 0.743871 0.221859
9.99201E-05 9.99201E-05 9.99201E-05 9.99201E-05 0.891202 9.99201E-05 9.99201E-05 9.99201E-05 0.107999 9.99201E-05
9.9928E-05 9.9928E-05 9.9928E-05 9.9928E-05 0.910892 9.9928E-05 9.9928E-05 9.9928E-05 0.0883091 9.9928E-05
9.9946E-05 0.660281 0.128728 0.188244 9.9946E-05 9.9946E-05 9.9946E-05 9.9946E-05 0.0221469 9.9946E-05
9.99281E-05 9.99281E-05 9.99281E-05 0.954242 9.99281E-05 9.99281E-05 9.99281E-05 9.99281E-05 0.0449586 9.99281E-05
0.0140959 0.0433073 9.9946E-05 9.9946E-05 9.9946E-05 9.9946E-05 0.928771 0.0132261 9.9946E-05 9.9946E-05
0.00563603 0.0496011 9.99551E-05 9.99551E-05 0.0137899 9.99551E-05 0.91164 0.0188328 9.99551E-05 9.99551E-05
9.9937E-05 9.9937E-05 9.9937E-05 0.157727 0.0357704 9.9937E-05 9.9937E-05 9.9937E-05 9.9937E-05 0.805803
9.996E-05 0.0391593 0.260782 0.210781 0.405412 9.996E-05 0.0109985 0.0724675 9.996E-05 9.996E-05
0.0675365 0.0369793 9.99549E-05 9.99549E-05 0.173163 0.0118557 9.99549E-05 0.709965 9.99549E-05 9.99549E-05
9.9928E-05 9.9928E-05 0.0789572 9.9928E-05 9.9928E-05 9.9928E-05 9.9928E-05 0.920243 9.9928E-05 9.9928E-05
9.99459E-05 0.117881 0.0625575 9.99459E-05 0.48953 9.99459E-05 9.99459E-05 9.99459E-05 9.99459E-05 0.329432
9.99201E-05 9.99201E-05 9.99201E-05 9.99201E-05 9.99201E-05 9.99201E-05 9.99201E-05 0.999101 9.99201E-05 9.99201E-05
9.9955E-05 0.483807 0.00251419 0.0259872 0.194758 9.9955E-05 9.9955E-05 9.9955E-05 9.9955E-05 0.292434
9.99461E-05 9.99461E-05 0.285261 9.99461E-05 0.320265 9.99461E-05 0.0213862 0.372488 9.99461E-05 9.99461E-05
9.99369E-05 9.99369E-05 0.05295 9.99369E-05 0.0485598 9.99369E-05 9.99369E-05 0.897791 9.99369E-05 9.99369E-05
9.99281E-05 9.99281E-05 9.99281E-05 9.99281E-05 9.99281E-05 0.00554786 0.993653 9.99281E-05 9.99281E-05 9.99281E-05
9.99201E-05 9.99201E-05 9.99201E-05 9.99201E-05 9.99201E-05 9.99201E-05 0.999101 9.99201E-05 9.99201E-05 9.99201E-05
9.99549E-05 0.075709 0.0344409 0.772193 0.0790852 9.99549E-05 9.99549E-05 9.99549E-05 9.99549E-05 0.038072
9.9937E-05 9.9937E-05 9.9937E-05 9.9937E-05 9.9937E-05 0.0470946 0.912309 9.9937E-05 9.9937E-05 0.0398973
9.9946E-05 9.9946E-05 9.9946E-05 0.0173358 9.9946E-05 0.078503 0.886938 9.9946E-05 9.9946E-05 0.016623
9.99731E-05 9.99731E-05 0.0208048 0.025794 0.0270941 0.180968 0.629851 0.027756 0.0874329 9.99731E-05
9.9946E-05 9.9946E-05 0.0464522 9.9946E-05 9.9946E-05 0.166659 0.540011 9.9946E-05 0.246278 9.9946E-05
0.999101 9.99201E-05 9.99201E-05 9.99201E-05 9.99201E-05 9.99201E-05 9.99201E-05 9.99201E-05 9.99201E-05 9.99201E-05
9.99371E-05 9.99371E-05 9.99371E-05 9.99371E-05 9.99371E-05 9.99371E-05 0.906146 9.99371E-05 0.0758001 0.0173541
0.0319765 9.99461E-05 9.99461E-05 9.99461E-05 9.99461E-05 0.754267 0.0698694 9.99461E-05 0.143288 9.99461E-05
9.99639E-05 0.0718022 0.193616 0.581482 0.0940568 0.024356 0.0342867 9.99639E-05 9.99639E-05 9.99639E-05
9.994E-05 9.994E-05 9.994E-05 0.0333254 9.994E-05 9.994E-05 0.920161 9.994E-05 0.0336042 0.0123095
9.9928E-05 0.994274 9.9928E-05 9.9928E-05 9.9928E-05 9.9928E-05 0.00492692 9.9928E-05 9.9928E-05 9.9928E-05
0.19829 0.170832 9.9946E-05 9.9946E-05 0.616563 9.9946E-05 0.0137155 9.9946E-05 9.9946E-05 9.9946E-05
9.9973E-05 0.0153081 0.343512 0.192758 0.261757 9.9973E-05 0.127266 0.0431415 9.9973E-05 0.0159574
9.99549E-05 0.276386 0.0112649 9.99549E-05 0.400271 9.99549E-05 0.0947662 9.99549E-05 9.99549E-05 0.216812
0.0150017 0.284743 0.0201182 9.99729E-05 0.394359 9.99729E-05 0.0522661 0.00877785 9.99729E-05 0.224435
9.99369E-05 0.0315045 9.99369E-05 9.99369E-05 0.900535 9.99369E-05 9.99369E-05 9.99369E-05 9.99369E-05 0.0672607
9.9946E-05 0.0320288 9.9946E-05 0.0459194 9.9946E-05 9.9946E-05 9.9946E-05 0.0189082 9.9946E-05 0.902544
9.9955E-05 0.0372172 0.00158289 0.0458477 0.910881 0.00397163 9.9955E-05 9.9955E-05 9.9955E-05 9.9955E-05
0.0835815 0.0847685 0.111679 0.160469 0.398368 9.9973E-05 9.9973E-05 0.0955069 9.9973E-05 0.0653274
0.0458704 0.132661 9.9973E-05 0.0366537 0.525217 9.9973E-05 0.0775574 0.0309479 9.9973E-05 0.150793
9.9973E-05 0.242078 0.0653428 0.249681 0.295515 0.0731511 0.068495 9.9973E-05 0.00543701 9.9973E-05
9.99285E-05 0.99901 9.99285E-05 9.99285E-05 9.99285E-05 9.99285E-05 9.99285E-05 0.000190791 9.99285E-05 9.99285E-05
9.99201E-05 9.99201E-05 9.99201E-05 9.99201E-05 9.99201E-05 0.999101 9.99201E-05 9.99201E-05 9.99201E-05 9.99201E-05
9.99201E-05 9.99201E-05 9.99201E-05 9.99201E-05 9.99201E-05 0.999101 9.99201E-05 9.99201E-05 9.99201E-05 9.99201E-05
9.99281E-05 9.99281E-05 9.99281E-05 9.99281E-05 9.99281E-05 0.994251 9.99281E-05 9.99281E-05 9.99281E-05 0.00495005
9.99201E-05 9.99201E-05 9.99201E-05 9.99201E-05 9.99201E-05 0.999101 9.99201E-05 9.99201E-05 9.99201E-05 9.99201E-05
9.99281E-05 9.99281E-05 9.99281E-05 9.99281E-05 9.99281E-05 0.982746 0.0164551 9.99281E-05 9.99281E-05 9.99281E-05
0.0652429 9.9964E-05 9.9964E-05 9.9964E-05 9.9964E-05 0.396711 0.165833 0.0373895 0.242419 0.0920055
0.0799781 9.9928E-05 9.9928E-05 9.9928E-05 9.9928E-05 0.919223 9.9928E-05 9.9928E-05 9.9928E-05 9.9928E-05
9.99369E-05 0.825128 9.99369E-05 0.00446152 9.99369E-05 9.99369E-05 9.99369E-05 9.99369E-05 9.99369E-05 0.169711
0.951284 9.9937E-05 9.9937E-05 0.011051 9.9937E-05 0.0369651 9.9937E-05 9.9937E-05 9.9937E-05 9.9937E-05
9.9928E-05 0.0149316 9.9928E-05 9.9928E-05 9.9928E-05 9.9928E-05 0.984269 9.9928E-05 9.9928E-05 9.9928E-05
9.9955E-05 0.055916 0.0141402 0.826069 9.9955E-05 0.0199089 9.9955E-05 9.9955E-05 9.9955E-05 0.0834662
9.99282E-05 9.99282E-05 9.99282E-05 0.107276 9.99282E-05 9.99282E-05 9.99282E-05 9.99282E-05 9.99282E-05 0.891925
9.99282E-05 9.99282E-05 9.99282E-05 0.946076 9.99282E-05 9.99282E-05 9.99282E-05 9.99282E-05 0.0531243 9.99282E-05
0.0195642 9.99369E-05 9.99369E-05 0.912218 0.0675182 9.99369E-05 9.99369E-05 9.99369E-05 9.99369E-05 9.99369E-05
9.99368E-05 9.99368E-05 0.0210881 0.832034 0.146178 9.99368E-05 9.99368E-05 9.99368E-05 9.99368E-05 9.99368E-05
9.99372E-05 0.103371 9.99372E-05 9.99372E-05 9.99372E-05 9.99372E-05 9.99372E-05 0.844583 0.0513458 9.99372E-05
9.99201E-05 9.99201E-05 9.99201E-05 9.99201E-05 9.99201E-05 9.99201E-05 0.999101 9.99201E-05 9.99201E-05 9.99201E-05
0.109877 0.0329053 0.132419 0.063423 0.128892 0.0678964 0.175475 0.044398 0.127211 0.117502
9.99552E-05 9.99552E-05 9.99552E-05 0.00177686 9.99552E-05 0.0129017 0.931334 9.99552E-05 0.0290776 0.0244103
9.9937E-05 0.041098 9.9937E-05 9.9937E-05 9.9937E-05 9.9937E-05 0.926434 9.9937E-05 0.0317681 9.9937E-05
9.9946E-05 9.9946E-05 9.9946E-05 9.9946E-05 9.9946E-05 0.041674 0.858476 9.9946E-05 0.0201521 0.0790978
0.0705104 9.9946E-05 9.9946E-05 9.9946E-05 9.9946E-05 9.9946E-05 0.869523 0.000614798 9.9946E-05 0.0587519
9.99371E-05 9.99371E-05 9.99371E-05 9.99371E-05 0.0735605 9.99371E-05 0.849547 9.99371E-05 0.0761927 9.99371E-05
9.9928E-05 9.9928E-05 9.9928E-05 9.9928E-05 9.9928E-05 0.0286759 0.970525 9.9928E-05 9.9928E-05 9.9928E-05
9.99369E-05 9.99369E-05 9.99369E-05 9.99369E-05 9.99369E-05 0.126411 0.306309 9.99369E-05 0.56658 9.99369E-05
9.9937E-05 9.9937E-05 9.9937E-05 9.9937E-05 9.9937E-05 0.00275199 0.273306 9.9937E-05 0.723242 9.9937E-05
9.99371E-05 9.99371E-05 9.99371E-05 9.99371E-05 9.99371E-05 0.0339435 0.948807 9.99371E-05 9.99371E-05 0.0165496
9.9928E-05 9.9928E-05 9.9928E-05 9.9928E-05 9.9928E-05 0.0374521 9.9928E-05 9.9928E-05 9.9928E-05 0.961749
9.99369E-05 9.99369E-05 0.00738038 9.99369E-05 9.99369E-05 0.004235 9.99369E-05 9.99369E-05 9.99369E-05 0.987685
9.99201E-05 9.99201E-05 0.999101 9.99201E-05 9.99201E-05 9.99201E-05 9.99201E-05 9.99201E-05 9.99201E-05 9.99201E-05
9.99201E-05 9.99201E-05 0.999101 9.99201E-05 9.99201E-05 9.99201E-05 9.99201E-05 9.99201E-05 9.99201E-05 9.99201E-05
0.0977269 0.0239745 9.99549E-05 0.0205778 0.743115 9.99549E-05 9.99549E-05 9.99549E-05 9.99549E-05 0.114106
0.0544164 0.0170407 9.99549E-05 0.0317699 0.716531 9.99549E-05 9.99549E-05 9.99549E-05 9.99549E-05 0.179742
0.00595938 9.9937E-05 0.992715 9.9937E-05 9.9937E-05 9.9937E-05 9.9937E-05 9.9937E-05 0.000626455 9.9937E-05
9.99201E-05 9.99201E-05 0.999101 9.99201E-05 9.99201E-05 9.99201E-05 9.99201E-05 9.99201E-05 9.99201E-05 9.99201E-05
9.99279E-05 0.965824 9.99279E-05 9.99279E-05 9.99279E-05 9.99279E-05 9.99279E-05 9.99279E-05 9.99279E-05 0.0333765
0.0618578 0.0419385 9.9973E-05 0.18091 0.187968 9.9973E-05 9.9973E-05 0.060331 0.0117625 0.454933
0.932306 9.9955E-05 9.9955E-05 0.00463888 0.00797727 0.00648047 9.9955E-05 9.9955E-05 0.0480972 9.9955E-05
9.99552E-05 9.99552E-05 0.174635 0.408502 0.290771 9.99552E-05 0.0450146 0.0805778 9.99552E-05 9.99552E-05
9.99551E-05 0.198698 0.257287 0.472004 0.0183839 9.99551E-05 9.99551E-05 0.0531277 9.99551E-05 9.99551E-05
0.033848 9.99641E-05 0.0446183 9.99641E-05 9.99641E-05 0.149569 0.463864 0.0111288 0.296572 9.99641E-05
