9.99369E-05 9.99369E-05 9.99369E-05 9.99369E-05 0.0123441 9.99369E-05 0.0122715 9.99369E-05 9.99369E-05 0.974685
0.654729 9.99458E-05 9.99458E-05 0.163007 9.99458E-05 9.99458E-05 0.0448005 9.99458E-05 9.99458E-05 0.136863
0.00170718 9.99554E-05 0.12503 0.660394 9.99554E-05 0.0264687 9.99554E-05 9.99554E-05 0.1859 9.99554E-05
9.9937E-05 9.9937E-05 9.9937E-05 0.959623 9.9937E-05 9.9937E-05 0.0211828 0.0184946 9.9937E-05 9.9937E-05
0.241438 9.99731E-05 9.99731E-05 0.344782 0.179978 9.99731E-05 0.00279923 0.0523267 0.16964 0.00873707
9.9937E-05 9.9937E-05 9.9937E-05 0.955586 9.9937E-05 9.9937E-05 0.0181015 9.9937E-05 0.0256125 9.9937E-05
0.699114 0.02901 0.258474 9.99461E-05 9.99461E-05 9.99461E-05 9.99461E-05 9.99461E-05 0.0128024 9.99461E-05
0.148597 9.99639E-05 9.99639E-05 0.155316 0.0582233 9.99639E-05 0.00717591 0.0879287 0.542359 9.99639E-05
0.752683 0.113052 0.133565 9.99371E-05 9.99371E-05 9.99371E-05 9.99371E-05 9.99371E-05 9.99371E-05 9.99371E-05
0.0412821 9.99281E-05 9.99281E-05 9.99281E-05 0.957918 9.99281E-05 9.99281E-05 9.99281E-05 9.99281E-05 9.99281E-05
9.99201E-05 9.99201E-05 9.99201E-05 9.99201E-05 0.999101 9.99201E-05 9.99201E-05 9.99201E-05 9.99201E-05 9.99201E-05
9.9946E-05 9.9946E-05 0.166457 0.0239485 9.9946E-05 9.9946E-05 0.144302 9.9946E-05 9.9946E-05 0.664693
9.99281E-05 9.99281E-05 0.966147 9.99281E-05 9.99281E-05 9.99281E-05 9.99281E-05 9.99281E-05 0.0330534 9.99281E-05
9.99461E-05 9.99461E-05 0.025923 0.944971 9.99461E-05 0.00514715 9.99461E-05 9.99461E-05 9.99461E-05 0.023359
9.99461E-05 9.99461E-05 9.99461E-05 0.946363 0.0118272 0.000737991 9.99461E-05 9.99461E-05 9.99461E-05 0.0404718
9.9937E-05 0.747278 0.143174 9.9937E-05 0.108848 9.9937E-05 9.9937E-05 9.9937E-05 9.9937E-05 9.9937E-05
9.9955E-05 0.140427 0.212567 9.9955E-05 0.241131 0.0747128 0.330662 9.9955E-05 9.9955E-05 9.9955E-05
0.0403326 0.0687835 9.99549E-05 9.99549E-05 0.119812 0.721695 9.99549E-05 0.0488768 9.99549E-05 9.99549E-05
9.9928E-05 9.9928E-05 9.9928E-05 9.9928E-05 9.9928E-05 0.933725 0.0654758 9.9928E-05 9.9928E-05 9.9928E-05
9.99459E-05 0.301626 9.99459E-05 9.99459E-05 0.513178 9.99459E-05 0.0855144 9.99459E-05 9.99459E-05 0.099082
9.99201E-05 9.99201E-05 9.99201E-05 9.99201E-05 9.99201E-05 0.999101 9.99201E-05 9.99201E-05 9.99201E-05 9.99201E-05
9.9955E-05 0.270278 0.0509931 9.9955E-05 0.116438 9.9955E-05 0.0122931 9.9955E-05 9.9955E-05 0.549498
9.99551E-05 9.99551E-05 9.99551E-05 9.99551E-05 0.26804 0.399402 0.298224 0.0132897 0.0205445 9.99551E-05
9.9937E-05 9.9937E-05 9.9937E-05 9.9937E-05 0.0706862 0.868081 0.0605335 9.9937E-05 9.9937E-05 9.9937E-05
9.99282E-05 9.99282E-05 9.99282E-05 0.974614 9.99282E-05 9.99282E-05 9.99282E-05 0.0245863 9.99282E-05 9.99282E-05
9.99201E-05 9.99201E-05 9.99201E-05 0.999101 9.99201E-05 9.99201E-05 9.99201E-05 9.99201E-05 9.99201E-05 9.99201E-05
9.99549E-05 9.99549E-05 0.77394 9.99549E-05 0.0836067 9.99549E-05 0.0262297 0.00956634 9.99549E-05 0.106157
9.99281E-05 9.99281E-05 9.99281E-05 0.91262 9.99281E-05 9.99281E-05 9.99281E-05 0.0865807 9.99281E-05 9.99281E-05
9.9937E-05 0.0473293 9.9937E-05 0.911963 9.9937E-05 9.9937E-05 9.9937E-05 0.0400086 9.9937E-05 9.9937E-05
0.0599294 9.99731E-05 0.00671133 0.597746 9.99731E-05 0.0263272 0.0170785 0.172153 0.119755 9.99731E-05
0.0635251 9.9964E-05 9.9964E-05 0.48721 0.00696966 9.9964E-05 0.0545643 0.112567 0.274764 9.9964E-05
0.992784 9.99282E-05 9.99282E-05 9.99282E-05 9.99282E-05 9.99282E-05 9.99282E-05 0.00641673 9.99282E-05 9.99282E-05
9.99371E-05 0.0137173 9.99371E-05 0.8251 9.99371E-05 9.99371E-05 9.99371E-05 9.99371E-05 0.160483 9.99371E-05
0.0210516 9.99371E-05 9.99371E-05 9.99371E-05 9.99371E-05 9.99371E-05 9.99371E-05 0.725846 0.252403 9.99371E-05
9.99638E-05 9.99638E-05 0.572076 0.00604076 0.0758655 9.99638E-05 0.199801 9.99638E-05 0.0741661 0.0716501
9.99549E-05 0.0285526 0.0128339 0.923309 9.99549E-05 9.99549E-05 0.000700365 9.99549E-05 0.0341042 9.99549E-05
9.9937E-05 9.9937E-05 9.9937E-05 0.00746184 9.9937E-05 9.9937E-05 9.9937E-05 9.9937E-05 0.0244421 0.967397
0.15292 9.99549E-05 9.99549E-05 0.0041904 0.676658 9.99549E-05 9.99549E-05 9.99549E-05 0.0544603 0.111272
9.9982E-05 0.116032 0.149449 0.0575969 0.109522 0.0646355 0.382038 9.9982E-05 0.0905496 0.0299762
9.996E-05 0.319189 9.996E-05 0.112091 0.270949 0.0113105 0.00679228 9.996E-05 9.996E-05 0.279268
9.99639E-05 0.24661 9.99639E-05 0.0574052 0.309623 0.0224399 0.0134391 9.99639E-05 9.99639E-05 0.350083
9.99459E-05 0.0180506 0.0207886 9.99459E-05 0.948991 9.99459E-05 9.99459E-05 9.99459E-05 9.99459E-05 0.0115702
0.00294731 0.898148 0.0403872 9.9955E-05 0.0412826 9.9955E-05 9.9955E-05 9.9955E-05 9.9955E-05 0.0167355
9.9946E-05 9.9946E-05 0.0312374 9.9946E-05 0.928649 9.9946E-05 0.00650141 9.9946E-05 9.9946E-05 0.0330121
0.0194636 0.0453708 0.145417 9.9973E-05 0.506654 0.106668 0.127017 9.9973E-05 9.9973E-05 0.049109
9.9973E-05 0.13251 9.9973E-05 0.0392188 0.559535 0.0262031 0.0333948 9.9973E-05 0.0664918 0.142346
9.9964E-05 9.9964E-05 0.221411 0.142715 0.299208 9.9964E-05 0.0974807 0.0254408 9.9964E-05 0.213344
9.99285E-05 9.99285E-05 9.99285E-05 9.99285E-05 9.99285E-05 0.0071017 9.99285E-05 9.99285E-05 9.99285E-05 0.992099
9.99201E-05 9.99201E-05 9.99201E-05 9.99201E-05 9.99201E-05 9.99201E-05 9.99201E-05 0.999101 9.99201E-05 9.99201E-05
9.9928E-05 9.9928E-05 9.9928E-05 9.9928E-05 9.9928E-05 0.00124356 9.9928E-05 0.997957 9.9928E-05 9.9928E-05
9.99281E-05 9.99281E-05 9.99281E-05 9.99281E-05 0.00331502 9.99281E-05 9.99281E-05 0.995886 9.99281E-05 9.99281E-05
9.99201E-05 9.99201E-05 9.99201E-05 9.99201E-05 9.99201E-05 9.99201E-05 9.99201E-05 0.999101 9.99201E-05 9.99201E-05
9.99201E-05 9.99201E-05 9.99201E-05 9.99201E-05 9.99201E-05 9.99201E-05 9.99201E-05 0.999101 9.99201E-05 9.99201E-05
0.118543 0.105823 9.99641E-05 0.102269 9.99641E-05 0.0221445 9.99641E-05 0.437105 0.213715 9.99641E-05
0.0522017 0.0119179 9.9955E-05 9.9955E-05 9.9955E-05 9.9955E-05 0.000351837 0.931071 9.9955E-05 0.00395818
9.99369E-05 0.14151 0.019989 9.99369E-05 9.99369E-05 9.99369E-05 9.99369E-05 9.99369E-05 9.99369E-05 0.837802
0.848304 9.99458E-05 9.99458E-05 9.99458E-05 9.99458E-05 9.99458E-05 0.0173585 0.062954 9.99458E-05 0.0707833
9.99279E-05 9.99279E-05 9.99279E-05 0.999027 9.99279E-05 9.99279E-05 9.99279E-05 9.99279E-05 9.99279E-05 0.000174001
0.00438186 0.146274 0.783459 9.9964E-05 9.9964E-05 9.9964E-05 0.00770369 0.0104524 9.9964E-05 0.0473287
9.99372E-05 0.887522 0.100007 9.99372E-05 9.99372E-05 9.99372E-05 9.99372E-05 9.99372E-05 9.99372E-05 0.0117718
9.99282E-05 9.99282E-05 0.997197 9.99282E-05 9.99282E-05 9.99282E-05 9.99282E-05 9.99282E-05 0.00200351 9.99282E-05
9.99459E-05 0.0202664 0.855427 9.99459E-05 0.117808 9.99459E-05 9.99459E-05 9.99459E-05 9.99459E-05 0.00589846
9.99368E-05 9.99368E-05 0.844031 9.99368E-05 0.0864075 9.99368E-05 0.0688615 9.99368E-05 9.99368E-05 9.99368E-05
9.99462E-05 0.00484639 9.99462E-05 9.99462E-05 9.99462E-05 0.903716 9.99462E-05 9.99462E-05 0.00992832 0.0809098
9.99201E-05 9.99201E-05 9.99201E-05 0.999101 9.99201E-05 9.99201E-05 9.99201E-05 9.99201E-05 9.99201E-05 9.99201E-05
0.0702245 0.183089 0.111015 0.252319 9.9991E-05 0.0630399 0.174211 0.0377979 0.0123164 0.0958865
9.99282E-05 9.99282E-05 9.99282E-05 0.88603 9.99282E-05 9.99282E-05 9.99282E-05 9.99282E-05 0.113171 9.99282E-05
9.9946E-05 9.9946E-05 9.9946E-05 0.937602 9.9946E-05 9.9946E-05 9.9946E-05 0.00200887 0.00519765 0.054592
0.0140822 0.0395705 9.9955E-05 0.848534 9.9955E-05 9.9955E-05 9.9955E-05 0.0568887 0.0404251 9.9955E-05
0.0201496 0.037475 9.9964E-05 0.898034 9.9964E-05 0.00530031 9.9964E-05 0.0155304 0.0231112 9.9964E-05
0.0357911 9.99551E-05 9.99551E-05 0.851274 0.0627425 9.99551E-05 0.0136144 9.99551E-05 0.0360786 9.99551E-05
0.0164977 0.00871839 9.9955E-05 0.960398 0.00274493 9.9955E-05 9.9955E-05 9.9955E-05 0.0111413 9.9955E-05
9.99279E-05 9.99279E-05 9.99279E-05 9.99279E-05 9.99279E-05 9.99279E-05 9.99279E-05 0.0163485 0.982852 9.99279E-05
9.9928E-05 9.9928E-05 0.00376299 9.9928E-05 9.9928E-05 9.9928E-05 9.9928E-05 9.9928E-05 0.995438 9.9928E-05
9.99461E-05 0.0148766 9.99461E-05 0.976746 0.00624483 9.99461E-05 0.00153316 9.99461E-05 9.99461E-05 9.99461E-05
9.9928E-05 0.979137 9.9928E-05 9.9928E-05 9.9928E-05 9.9928E-05 9.9928E-05 0.0200638 9.9928E-05 9.9928E-05
9.99279E-05 0.983522 9.99279E-05 9.99279E-05 9.99279E-05 9.99279E-05 9.99279E-05 0.0156785 9.99279E-05 9.99279E-05
9.99201E-05 9.99201E-05 9.99201E-05 9.99201E-05 9.99201E-05 9.99201E-05 0.999101 9.99201E-05 9.99201E-05 9.99201E-05
9.99201E-05 9.99201E-05 9.99201E-05 9.99201E-05 9.99201E-05 9.99201E-05 0.999101 9.99201E-05 9.99201E-05 9.99201E-05
0.0345931 0.100852 9.9964E-05 0.000112177 0.821658 9.9964E-05 9.9964E-05 0.00751496 9.9964E-05 0.0348701
0.0214416 0.106921 0.0234055 9.99549E-05 0.802925 9.99549E-05 9.99549E-05 9.99549E-05 9.99549E-05 0.0448068
0.0233035 9.9928E-05 9.9928E-05 9.9928E-05 9.9928E-05 9.9928E-05 0.975897 9.9928E-05 9.9928E-05 9.9928E-05
9.99201E-05 9.99201E-05 9.99201E-05 9.99201E-05 9.99201E-05 9.99201E-05 0.999101 9.99201E-05 9.99201E-05 9.99201E-05
0.00428964 0.0272514 0.0120696 9.99549E-05 9.99549E-05 9.99549E-05 9.99549E-05 0.00286795 9.99549E-05 0.953022
0.0916572 0.518788 0.192999 9.9955E-05 0.136833 0.0592236 9.9955E-05 9.9955E-05 9.9955E-05 9.9955E-05
0.901798 9.99369E-05 9.99369E-05 9.99369E-05 9.99369E-05 9.99369E-05 9.99369E-05 0.0822527 9.99369E-05 0.0152495
9.99552E-05 9.99552E-05 0.365735 0.0326928 0.285564 0.0935114 0.221997 9.99552E-05 9.99552E-05 9.99552E-05
9.99551E-05 0.0114089 0.476644 9.99551E-05 9.99551E-05 0.0793748 0.263571 9.99551E-05 9.99551E-05 0.168502
0.0997007 9.99641E-05 9.99641E-05 0.456272 9.99641E-05 0.00243881 0.02333 0.111687 0.306172 9.99641E-05
