9.9964E-05 9.9964E-05 0.990691 9.9964E-05 0.00890873 9.9964E-05
9.9973E-05 0.273806 0.460372 0.265522 9.9973E-05 9.9973E-05
9.99822E-05 0.795695 9.99822E-05 0.0268156 0.0637395 0.11355
9.9964E-05 0.95876 9.9964E-05 9.9964E-05 0.04084 9.9964E-05
9.99731E-05 0.506739 0.277699 0.215262 9.99731E-05 9.99731E-05
0.00383522 0.992361 9.9973E-05 9.9973E-05 0.00350407 9.9973E-05
9.99821E-05 0.024979 0.0371233 0.355598 9.99821E-05 0.5821
9.99821E-05 0.466978 0.1119 0.389105 0.0318167 9.99821E-05
9.99821E-05 0.0404732 0.175787 0.415332 9.99821E-05 0.368207
9.9982E-05 9.9982E-05 0.745076 0.125524 0.0774289 0.051771
9.9982E-05 9.9982E-05 0.799418 0.0642741 0.0294238 0.106684
9.9982E-05 0.0561589 0.596299 9.9982E-05 0.127459 0.219883
9.996E-05 9.996E-05 9.996E-05 9.996E-05 9.996E-05 0.9995
0.0247882 0.967633 0.00727853 9.9973E-05 9.9973E-05 9.9973E-05
0.00736171 0.936443 0.0558958 9.9973E-05 9.9973E-05 9.9973E-05
9.999E-05 0.00647096 0.651225 0.032122 0.0283843 0.281698
0.0809795 9.9982E-05 0.401708 9.9982E-05 0.370876 0.146236
0.697834 9.99729E-05 0.234952 0.0669141 9.99729E-05 9.99729E-05
0.922653 9.9964E-05 9.9964E-05 9.9964E-05 0.0769473 9.9964E-05
9.9973E-05 9.9973E-05 0.791641 9.9973E-05 0.154653 0.0534062
0.9995 9.996E-05 9.996E-05 9.996E-05 9.996E-05 9.996E-05
9.9973E-05 9.9973E-05 0.916169 9.9973E-05 0.00376707 0.0797641
0.427593 9.9982E-05 0.13543 0.0654915 0.371286 9.9982E-05
0.899523 9.9964E-05 9.9964E-05 9.9964E-05 0.100077 9.9964E-05
9.996E-05 0.9995 9.996E-05 9.996E-05 9.996E-05 9.996E-05
9.996E-05 0.9995 9.996E-05 9.996E-05 9.996E-05 9.996E-05
9.99729E-05 9.99729E-05 0.18423 9.99729E-05 0.0849927 0.730477
9.9964E-05 0.913047 9.9964E-05 0.0865533 9.9964E-05 9.9964E-05
9.9973E-05 0.947027 9.9973E-05 0.0500483 9.9973E-05 0.00262512
0.0431379 0.667239 9.9991E-05 0.228792 0.0363628 0.0243685
9.9973E-05 0.642113 9.9973E-05 0.281293 0.0762936 9.9973E-05
9.99732E-05 0.111476 0.310383 0.577841 9.99732E-05 9.99732E-05
9.99641E-05 0.995782 9.99641E-05 9.99641E-05 0.00381769 9.99641E-05
9.9982E-05 0.150817 9.9982E-05 0.822899 0.0173408 0.00874295
9.99819E-05 0.0599102 0.149749 9.99819E-05 0.238997 0.551144
9.9973E-05 0.982389 0.00313717 9.9973E-05 9.9973E-05 0.0141742
9.99731E-05 0.0568264 0.928803 9.99731E-05 0.0140704 9.99731E-05
0.0256014 0.0381859 0.821489 0.114524 9.9982E-05 9.9982E-05
0.0565198 0.127163 0.284079 9.9991E-05 0.394907 0.137232
9.9973E-05 0.0969947 0.883837 9.9973E-05 0.0188683 9.9973E-05
0.00738449 0.102039 0.873398 9.9982E-05 0.0169782 9.9982E-05
0.0265614 9.9982E-05 0.882153 9.9982E-05 0.0550524 0.0360337
9.9973E-05 9.9973E-05 0.744132 0.0391813 9.9973E-05 0.216386
0.0104341 9.9991E-05 0.788072 0.0210133 0.115341 0.0650397
0.123356 9.9991E-05 0.550545 0.0106782 0.170297 0.145024
0.0490891 0.0404108 0.694436 0.063149 0.0756442 0.0772705
9.9991E-05 0.0781422 0.510504 0.0692888 0.129158 0.212807
0.02417 9.99644E-05 0.97543 9.99644E-05 9.99644E-05 9.99644E-05
9.996E-05 9.996E-05 9.996E-05 0.9995 9.996E-05 9.996E-05
9.996E-05 9.996E-05 9.996E-05 0.9995 9.996E-05 9.996E-05
9.996E-05 9.996E-05 9.996E-05 0.9995 9.996E-05 9.996E-05
9.996E-05 9.996E-05 9.996E-05 0.9995 9.996E-05 9.996E-05
9.996E-05 9.996E-05 9.996E-05 0.9995 9.996E-05 9.996E-05
0.02607 0.23963 0.043103 0.60318 9.9991E-05 0.0879172
9.9973E-05 9.9973E-05 0.0145443 0.978317 0.00683834 9.9973E-05
9.9964E-05 9.9964E-05 0.984822 9.9964E-05 9.9964E-05 0.0147782
9.9973E-05 0.118882 0.35162 0.529198 9.9973E-05 9.9973E-05
9.996E-05 0.9995 9.996E-05 9.996E-05 9.996E-05 9.996E-05
9.9973E-05 9.9973E-05 0.1165 9.9973E-05 0.028744 0.854456
9.9982E-05 0.0893885 0.630014 9.9982E-05 0.00121406 0.279184
9.996E-05 9.996E-05 9.996E-05 9.996E-05 9.996E-05 0.9995
9.99639E-05 9.99639E-05 0.155472 9.99639E-05 9.99639E-05 0.844128
0.00704093 9.99819E-05 0.0413426 9.99819E-05 0.110062 0.841354
0.895775 9.99641E-05 0.103825 9.99641E-05 9.99641E-05 9.99641E-05
9.996E-05 0.9995 9.996E-05 9.996E-05 9.996E-05 9.996E-05
0.062547 0.25166 0.288945 0.148873 0.0114029 0.236573
9.99731E-05 0.980481 9.99731E-05 0.00156798 9.99731E-05 0.0176515
9.9973E-05 0.973255 0.0183345 0.00811045 9.9973E-05 9.9973E-05
9.9973E-05 0.902067 9.9973E-05 0.0759794 9.9973E-05 0.0216541
0.0112603 0.918613 9.9973E-05 0.0698264 9.9973E-05 9.9973E-05
9.99731E-05 0.92509 0.0696492 9.99731E-05 0.00496108 9.99731E-05
0.00101813 0.986355 9.9973E-05 9.9973E-05 0.0123273 9.9973E-05
9.99642E-05 0.531518 9.99642E-05 0.468082 9.99642E-05 9.99642E-05
9.99732E-05 0.512071 9.99732E-05 0.326654 9.99732E-05 0.160975
9.9964E-05 0.970119 0.0294811 9.9964E-05 9.9964E-05 9.9964E-05
9.9991E-05 0.0743652 0.752351 0.0700754 0.0438561 0.0592522
9.9991E-05 0.0450709 0.722272 0.123679 0.0235587 0.0853199
9.996E-05 9.996E-05 9.996E-05 9.996E-05 0.9995 9.996E-05
9.996E-05 9.996E-05 9.996E-05 9.996E-05 0.9995 9.996E-05
9.9982E-05 9.9982E-05 0.878055 0.0823027 0.0291193 0.010323
0.0158248 9.9991E-05 0.826305 0.0880607 0.0138562 0.0558536
9.996E-05 9.996E-05 9.996E-05 9.996E-05 0.9995 9.996E-05
9.996E-05 9.996E-05 9.996E-05 9.996E-05 0.9995 9.996E-05
9.99641E-05 9.99641E-05 0.951537 9.99641E-05 9.99641E-05 0.0480632
0.0427934 9.9982E-05 0.680497 0.0192076 9.9982E-05 0.257302
9.9973E-05 0.082244 0.327482 0.589974 9.9973E-05 9.9973E-05
0.132618 0.0560304 0.198272 9.9991E-05 0.27762 0.33536
0.0641803 9.99821E-05 0.174915 9.99821E-05 0.357978 0.402726
0.033285 0.627445 9.99821E-05 0.287423 0.0516475 9.99821E-05
