9.98739E-05 9.98739E-05 0.00899561 9.98739E-05 9.98739E-05 0.0356915 9.98739E-05 9.98739E-05 0.0123643 9.98739E-05 9.98739E-05 9.98739E-05 0.94155 9.98739E-05 9.98739E-05 9.98739E-05 9.98739E-05 9.98739E-05
0.128578 9.98801E-05 9.98801E-05 9.98801E-05 9.98801E-05 9.98801E-05 9.98801E-05 9.98801E-05 9.98801E-05 0.181121 9.98801E-05 0.0206634 0.0416267 0.622853 9.98801E-05 9.98801E-05 0.00395997 9.98801E-05
9.99198E-05 0.0791586 0.00316293 9.99198E-05 9.99198E-05 9.99198E-05 9.99198E-05 0.0131983 0.0211819 0.50793 0.0381677 9.99198E-05 9.99198E-05 0.0362131 9.99198E-05 0.00522053 9.99198E-05 0.294868
9.9892E-05 0.0625003 9.9892E-05 0.00481751 0.0310296 9.9892E-05 9.9892E-05 9.9892E-05 0.0104481 0.881852 9.9892E-05 9.9892E-05 9.9892E-05 9.9892E-05 9.9892E-05 9.9892E-05 0.00815385 9.9892E-05
0.0371513 9.99371E-05 0.0285932 0.113003 0.0487604 0.0272418 0.019775 9.99371E-05 9.99371E-05 0.364313 0.234825 9.99371E-05 0.0908907 0.0346252 9.99371E-05 9.99371E-05 9.99371E-05 0.000121353
9.98471E-05 9.98471E-05 9.98471E-05 9.98471E-05 9.98471E-05 9.98471E-05 9.98471E-05 9.98471E-05 9.98471E-05 0.998303 9.98471E-05 9.98471E-05 9.98471E-05 9.98471E-05 9.98471E-05 9.98471E-05 9.98471E-05 9.98471E-05
9.98471E-05 9.98471E-05 9.98471E-05 9.98471E-05 9.98471E-05 9.98471E-05 9.98471E-05 9.98471E-05 9.98471E-05 9.98471E-05 0.998303 9.98471E-05 9.98471E-05 9.98471E-05 9.98471E-05 9.98471E-05 9.98471E-05 9.98471E-05
9.98901E-05 9.98901E-05 9.98901E-05 0.093995 0.312586 0.0882437 9.98901E-05 9.98901E-05 9.98901E-05 0.0400578 9.98901E-05 9.98901E-05 9.98901E-05 0.065165 9.98901E-05 9.98901E-05 0.0199602 0.378894
0.00809756 9.9865E-05 9.9865E-05 9.9865E-05 9.9865E-05 9.9865E-05 9.9865E-05 9.9865E-05 9.9865E-05 9.9865E-05 0.943641 9.9865E-05 9.9865E-05 0.0467636 9.9865E-05 9.9865E-05 9.9865E-05 9.9865E-05
9.98562E-05 9.98562E-05 9.98562E-05 9.98562E-05 9.98562E-05 0.840703 9.98562E-05 9.98562E-05 9.98562E-05 9.98562E-05 0.157699 9.98562E-05 9.98562E-05 9.98562E-05 9.98562E-05 9.98562E-05 9.98562E-05 9.98562E-05
9.98562E-05 9.98562E-05 9.98562E-05 9.98562E-05 9.98562E-05 0.84199 9.98562E-05 9.98562E-05 9.98562E-05 9.98562E-05 0.156413 9.98562E-05 9.98562E-05 9.98562E-05 9.98562E-05 9.98562E-05 9.98562E-05 9.98562E-05
9.9901E-05 0.0497602 9.9901E-05 9.9901E-05 9.9901E-05 9.9901E-05 0.0198354 9.9901E-05 0.123115 9.9901E-05 0.0173926 0.0043179 0.662863 9.9901E-05 0.121617 9.9901E-05 9.9901E-05 9.9901E-05
9.98744E-05 0.00883703 9.98744E-05 9.98744E-05 0.0181343 9.98744E-05 9.98744E-05 9.98744E-05 9.98744E-05 9.98744E-05 9.98744E-05 9.98744E-05 9.98744E-05 9.98744E-05 0.966701 9.98744E-05 9.98744E-05 0.00492992
0.00882969 9.98831E-05 9.98831E-05 9.98831E-05 9.98831E-05 9.98831E-05 0.0134546 9.98831E-05 0.00272843 0.941134 9.98831E-05 9.98831E-05 9.98831E-05 9.98831E-05 9.98831E-05 0.0325544 9.98831E-05 9.98831E-05
9.98651E-05 9.98651E-05 9.98651E-05 9.98651E-05 9.98651E-05 9.98651E-05 9.98651E-05 9.98651E-05 9.98651E-05 0.976389 9.98651E-05 9.98651E-05 0.017998 9.98651E-05 9.98651E-05 0.00411532 9.98651E-05 9.98651E-05
9.9901E-05 0.000867415 9.9901E-05 9.9901E-05 9.9901E-05 0.00746345 0.125043 9.9901E-05 9.9901E-05 9.9901E-05 9.9901E-05 0.767512 9.9901E-05 0.000251846 0.0936782 9.9901E-05 0.0040847 9.9901E-05
0.939566 9.9865E-05 9.9865E-05 9.9865E-05 9.9865E-05 0.0476849 9.9865E-05 0.0112507 9.9865E-05 9.9865E-05 9.9865E-05 9.9865E-05 9.9865E-05 9.9865E-05 9.9865E-05 9.9865E-05 9.9865E-05 9.9865E-05
9.99008E-05 9.99008E-05 0.0706029 0.00502879 9.99008E-05 0.0418918 9.99008E-05 9.99008E-05 9.99008E-05 9.99008E-05 9.99008E-05 0.0629483 9.99008E-05 0.0279006 9.99008E-05 0.762267 0.0282617 9.99008E-05
9.98473E-05 9.98473E-05 9.98473E-05 9.98473E-05 9.98473E-05 9.98473E-05 9.98473E-05 0.998303 9.98473E-05 9.98473E-05 9.98473E-05 9.98473E-05 9.98473E-05 9.98473E-05 9.98473E-05 9.98473E-05 9.98473E-05 9.98473E-05
0.00236475 9.98801E-05 9.98801E-05 9.98801E-05 9.98801E-05 0.434402 0.146234 9.98801E-05 0.0136798 9.98801E-05 9.98801E-05 0.279616 0.122505 9.98801E-05 9.98801E-05 9.98801E-05 9.98801E-05 9.98801E-05
9.9865E-05 9.9865E-05 0.0095348 9.9865E-05 9.9865E-05 9.9865E-05 9.9865E-05 0.102889 9.9865E-05 9.9865E-05 9.9865E-05 9.9865E-05 9.9865E-05 9.9865E-05 9.9865E-05 0.886078 9.9865E-05 9.9865E-05
0.0488854 9.98919E-05 9.98919E-05 9.98919E-05 9.98919E-05 0.0702288 9.98919E-05 0.0199417 9.98919E-05 9.98919E-05 9.98919E-05 0.250587 0.540871 9.98919E-05 0.0682871 9.98919E-05 9.98919E-05 9.98919E-05
9.9847E-05 9.9847E-05 0.998303 9.9847E-05 9.9847E-05 9.9847E-05 9.9847E-05 9.9847E-05 9.9847E-05 9.9847E-05 9.9847E-05 9.9847E-05 9.9847E-05 9.9847E-05 9.9847E-05 9.9847E-05 9.9847E-05 9.9847E-05
9.98741E-05 9.98741E-05 0.0810549 9.98741E-05 9.98741E-05 0.00599002 9.98741E-05 0.904198 9.98741E-05 9.98741E-05 0.0073588 9.98741E-05 9.98741E-05 9.98741E-05 9.98741E-05 9.98741E-05 9.98741E-05 9.98741E-05
9.98563E-05 0.63484 9.98563E-05 9.98563E-05 9.98563E-05 9.98563E-05 9.98563E-05 9.98563E-05 9.98563E-05 0.363562 9.98563E-05 9.98563E-05 9.98563E-05 9.98563E-05 9.98563E-05 9.98563E-05 9.98563E-05 9.98563E-05
9.98653E-05 0.174752 9.98653E-05 0.000225149 9.98653E-05 9.98653E-05 9.98653E-05 9.98653E-05 9.98653E-05 0.823525 9.98653E-05 9.98653E-05 9.98653E-05 9.98653E-05 9.98653E-05 9.98653E-05 9.98653E-05 9.98653E-05
0.0422503 9.98918E-05 9.98918E-05 9.98918E-05 9.98918E-05 0.0729659 9.98918E-05 9.98918E-05 0.0237858 9.98918E-05 9.98918E-05 9.98918E-05 0.0644491 9.98918E-05 0.791839 9.98918E-05 0.00351114 9.98918E-05
9.98473E-05 0.998303 9.98473E-05 9.98473E-05 9.98473E-05 9.98473E-05 9.98473E-05 9.98473E-05 9.98473E-05 9.98473E-05 9.98473E-05 9.98473E-05 9.98473E-05 9.98473E-05 9.98473E-05 9.98473E-05 9.98473E-05 9.98473E-05
9.98562E-05 0.991547 9.98562E-05 0.0068548 9.98562E-05 9.98562E-05 9.98562E-05 9.98562E-05 9.98562E-05 9.98562E-05 9.98562E-05 9.98562E-05 9.98562E-05 9.98562E-05 9.98562E-05 9.98562E-05 9.98562E-05 9.98562E-05
9.98833E-05 0.180371 9.98833E-05 0.152632 0.400746 9.98833E-05 0.0373504 9.98833E-05 9.98833E-05 0.227602 9.98833E-05 9.98833E-05 9.98833E-05 9.98833E-05 9.98833E-05 9.98833E-05 9.98833E-05 9.98833E-05
9.98502E-05 9.98502E-05 9.98502E-05 9.98502E-05 0.863224 9.98502E-05 0.00293021 9.98502E-05 9.98502E-05 0.132348 9.98502E-05 9.98502E-05 9.98502E-05 9.98502E-05 9.98502E-05 9.98502E-05 9.98502E-05 9.98502E-05
9.98475E-05 9.98475E-05 9.98475E-05 9.98475E-05 9.98475E-05 9.98475E-05 9.98475E-05 9.98475E-05 9.98475E-05 9.98475E-05 9.98475E-05 9.98475E-05 9.98475E-05 0.998303 9.98475E-05 9.98475E-05 9.98475E-05 9.98475E-05
9.98742E-05 0.250067 9.98742E-05 9.98742E-05 9.98742E-05 9.98742E-05 9.98742E-05 9.98742E-05 9.98742E-05 0.600063 9.98742E-05 9.98742E-05 9.98742E-05 9.98742E-05 9.98742E-05 9.98742E-05 0.00828954 0.140183
9.98832E-05 9.98832E-05 9.98832E-05 0.65987 0.000176042 9.98832E-05 9.98832E-05 9.98832E-05 9.98832E-05 9.98832E-05 9.98832E-05 9.98832E-05 9.98832E-05 0.0666188 9.98832E-05 9.98832E-05 0.0506884 0.221348
0.290706 0.00100598 9.99007E-05 9.99007E-05 0.0409035 9.99007E-05 0.059266 9.99007E-05 0.0919596 9.99007E-05 9.99007E-05 9.99007E-05 0.0448446 9.99007E-05 0.470215 9.99007E-05 9.99007E-05 9.99007E-05
0.0121354 0.590955 9.98919E-05 9.98919E-05 9.98919E-05 9.98919E-05 0.00726425 9.98919E-05 9.98919E-05 0.377659 9.98919E-05 9.98919E-05 9.98919E-05 9.98919E-05 9.98919E-05 9.98919E-05 0.00191576 0.00887195
0.0150997 9.9874E-05 9.9874E-05 9.9874E-05 9.9874E-05 9.9874E-05 0.00709027 9.9874E-05 9.9874E-05 9.9874E-05 9.9874E-05 9.9874E-05 0.926974 9.9874E-05 9.9874E-05 9.9874E-05 9.9874E-05 0.0494375
0.0028425 9.98919E-05 0.0506255 9.98919E-05 9.98919E-05 0.646947 9.98919E-05 9.98919E-05 9.98919E-05 9.98919E-05 9.98919E-05 9.98919E-05 0.0739728 0.164821 9.98919E-05 9.98919E-05 9.98919E-05 0.0595916
0.998303 9.98472E-05 9.98472E-05 9.98472E-05 9.98472E-05 9.98472E-05 9.98472E-05 9.98472E-05 9.98472E-05 9.98472E-05 9.98472E-05 9.98472E-05 9.98472E-05 9.98472E-05 9.98472E-05 9.98472E-05 9.98472E-05 9.98472E-05
0.157798 9.99007E-05 9.99007E-05 9.99007E-05 9.99007E-05 0.225035 0.0210344 0.00572619 9.99007E-05 0.0940039 9.99007E-05 0.303652 0.191651 9.99007E-05 9.99007E-05 9.99007E-05 9.99007E-05 9.99007E-05
0.109792 9.98918E-05 9.98918E-05 9.98918E-05 9.98918E-05 0.301475 9.98918E-05 9.98918E-05 9.98918E-05 0.0586009 9.98918E-05 0.23916 0.260148 9.98918E-05 9.98918E-05 0.0296255 9.98918E-05 9.98918E-05
0.0133652 9.98831E-05 9.98831E-05 9.98831E-05 9.98831E-05 0.936372 0.0221801 0.00158009 9.98831E-05 9.98831E-05 9.98831E-05 9.98831E-05 0.0252042 9.98831E-05 9.98831E-05 9.98831E-05 9.98831E-05 9.98831E-05
9.9883E-05 9.9883E-05 9.9883E-05 9.9883E-05 9.9883E-05 0.0165945 9.9883E-05 9.9883E-05 9.9883E-05 9.9883E-05 0.0498169 0.857942 0.00353032 9.9883E-05 0.0708176 9.9883E-05 9.9883E-05 9.9883E-05
9.98651E-05 9.98651E-05 9.98651E-05 9.98651E-05 9.98651E-05 0.914411 0.082747 9.98651E-05 9.98651E-05 9.98651E-05 9.98651E-05 9.98651E-05 9.98651E-05 9.98651E-05 0.00134353 9.98651E-05 9.98651E-05 9.98651E-05
9.99188E-05 9.99188E-05 0.176638 9.99188E-05 9.99188E-05 0.298497 0.164383 0.0397216 0.0162886 9.99188E-05 9.99188E-05 0.115272 0.0436714 0.0458767 0.0987516 9.99188E-05 9.99188E-05 9.99188E-05
9.99189E-05 9.99189E-05 0.0152851 9.99189E-05 0.0274822 0.410495 0.159124 9.99189E-05 9.99189E-05 0.0488223 9.99189E-05 0.146671 0.115071 0.0213274 9.99189E-05 0.0548229 9.99189E-05 9.99189E-05
0.160626 9.99189E-05 9.99189E-05 0.0321824 0.0701248 0.154866 0.269376 9.99189E-05 9.99189E-05 0.00966831 0.0300374 9.99189E-05 0.224741 9.99189E-05 0.0474784 9.99189E-05 9.99189E-05 9.99189E-05
9.9857E-05 9.9857E-05 0.0199494 9.9857E-05 9.9857E-05 9.9857E-05 9.9857E-05 9.9857E-05 9.9857E-05 9.9857E-05 9.9857E-05 9.9857E-05 0.978453 9.9857E-05 9.9857E-05 9.9857E-05 9.9857E-05 9.9857E-05
9.98473E-05 9.98473E-05 9.98473E-05 0.998303 9.98473E-05 9.98473E-05 9.98473E-05 9.98473E-05 9.98473E-05 9.98473E-05 9.98473E-05 9.98473E-05 9.98473E-05 9.98473E-05 9.98473E-05 9.98473E-05 9.98473E-05 9.98473E-05
9.98472E-05 9.98472E-05 9.98472E-05 0.998303 9.98472E-05 9.98472E-05 9.98472E-05 9.98472E-05 9.98472E-05 9.98472E-05 9.98472E-05 9.98472E-05 9.98472E-05 9.98472E-05 9.98472E-05 9.98472E-05 9.98472E-05 9.98472E-05
9.98652E-05 9.98652E-05 0.00949652 0.970486 9.98652E-05 0.0185195 9.98652E-05 9.98652E-05 9.98652E-05 9.98652E-05 9.98652E-05 9.98652E-05 9.98652E-05 9.98652E-05 9.98652E-05 9.98652E-05 9.98652E-05 9.98652E-05
9.98473E-05 9.98473E-05 9.98473E-05 0.998303 9.98473E-05 9.98473E-05 9.98473E-05 9.98473E-05 9.98473E-05 9.98473E-05 9.98473E-05 9.98473E-05 9.98473E-05 9.98473E-05 9.98473E-05 9.98473E-05 9.98473E-05 9.98473E-05
9.98472E-05 9.98472E-05 9.98472E-05 0.998303 9.98472E-05 9.98472E-05 9.98472E-05 9.98472E-05 9.98472E-05 9.98472E-05 9.98472E-05 9.98472E-05 9.98472E-05 9.98472E-05 9.98472E-05 9.98472E-05 9.98472E-05 9.98472E-05
9.99102E-05 9.99102E-05 0.060212 0.361784 0.334951 9.99102E-05 9.99102E-05 9.99102E-05 9.99102E-05 9.99102E-05 0.0956164 0.0478773 0.00630072 0.000117086 9.99102E-05 9.99102E-05 9.99102E-05 0.0921418
9.98652E-05 9.98652E-05 9.98652E-05 0.889843 9.98652E-05 9.98652E-05 9.98652E-05 9.98652E-05 0.0168571 9.98652E-05 9.98652E-05 9.98652E-05 9.98652E-05 0.0918023 9.98652E-05 9.98652E-05 9.98652E-05 9.98652E-05
9.98649E-05 9.98649E-05 9.98649E-05 9.98649E-05 9.98649E-05 9.98649E-05 0.0307055 9.98649E-05 9.98649E-05 9.98649E-05 9.98649E-05 0.148246 0.819551 9.98649E-05 9.98649E-05 9.98649E-05 9.98649E-05 9.98649E-05
9.98739E-05 0.00415496 9.98739E-05 0.0128829 9.98739E-05 9.98739E-05 9.98739E-05 9.98739E-05 9.98739E-05 9.98739E-05 0.055925 9.98739E-05 9.98739E-05 0.925639 9.98739E-05 9.98739E-05 9.98739E-05 9.98739E-05
9.9865E-05 0.436901 9.9865E-05 9.9865E-05 9.9865E-05 9.9865E-05 9.9865E-05 0.000586141 9.9865E-05 0.561015 9.9865E-05 9.9865E-05 9.9865E-05 9.9865E-05 9.9865E-05 9.9865E-05 9.9865E-05 9.9865E-05
9.98921E-05 9.98921E-05 9.98921E-05 9.98921E-05 9.98921E-05 9.98921E-05 9.98921E-05 9.98921E-05 0.0121798 9.98921E-05 9.98921E-05 0.0859204 0.0467865 9.98921E-05 0.822418 0.00711006 0.0243862 9.98921E-05
9.98652E-05 9.98652E-05 9.98652E-05 9.98652E-05 9.98652E-05 9.98652E-05 0.135781 9.98652E-05 9.98652E-05 9.98652E-05 9.98652E-05 0.840059 9.98652E-05 9.98652E-05 0.0226625 9.98652E-05 9.98652E-05 9.98652E-05
9.98655E-05 9.98655E-05 9.98655E-05 9.98655E-05 9.98655E-05 9.98655E-05 9.98655E-05 9.98655E-05 9.98655E-05 9.98655E-05 0.0146146 9.98655E-05 9.98655E-05 9.98655E-05 0.962908 9.98655E-05 9.98655E-05 0.020979
9.98559E-05 9.98559E-05 9.98559E-05 9.98559E-05 9.98559E-05 0.107689 9.98559E-05 9.98559E-05 9.98559E-05 9.98559E-05 9.98559E-05 9.98559E-05 9.98559E-05 9.98559E-05 0.890713 9.98559E-05 9.98559E-05 9.98559E-05
9.98829E-05 9.98829E-05 9.98829E-05 9.98829E-05 9.98829E-05 0.0477069 0.0537586 0.00488775 0.0548373 9.98829E-05 9.98829E-05 9.98829E-05 9.98829E-05 9.98829E-05 0.837511 9.98829E-05 9.98829E-05 9.98829E-05
9.98473E-05 9.98473E-05 9.98473E-05 9.98473E-05 9.98473E-05 9.98473E-05 9.98473E-05 9.98473E-05 9.98473E-05 9.98473E-05 9.98473E-05 9.98473E-05 9.98473E-05 9.98473E-05 9.98473E-05 0.998303 9.98473E-05 9.98473E-05
9.98566E-05 0.693554 9.98566E-05 9.98566E-05 9.98566E-05 9.98566E-05 9.98566E-05 9.98566E-05 9.98566E-05 0.304848 9.98566E-05 9.98566E-05 9.98566E-05 9.98566E-05 9.98566E-05 9.98566E-05 9.98566E-05 9.98566E-05
9.98403E-05 9.98403E-05 9.98403E-05 9.98403E-05 9.98403E-05 9.98403E-05 9.98403E-05 9.98403E-05 9.98403E-05 9.98403E-05 9.98403E-05 9.98403E-05 9.98403E-05 9.98403E-05 9.98403E-05 9.98403E-05 0.998303 9.98403E-05
9.98744E-05 0.0612551 9.98744E-05 9.98744E-05 9.98744E-05 9.98744E-05 9.98744E-05 9.98744E-05 9.98744E-05 0.822723 9.98744E-05 9.98744E-05 9.98744E-05 9.98744E-05 0.0131846 9.98744E-05 9.98744E-05 0.101439
0.00832582 0.172659 9.99009E-05 0.00875877 0.0543997 9.99009E-05 9.99009E-05 9.99009E-05 9.99009E-05 0.697489 0.0158014 9.99009E-05 9.99009E-05 9.99009E-05 9.99009E-05 9.99009E-05 0.0414668 9.99009E-05
9.98561E-05 0.978419 9.98561E-05 9.98561E-05 9.98561E-05 9.98561E-05 9.98561E-05 9.98561E-05 9.98561E-05 9.98561E-05 9.98561E-05 9.98561E-05 9.98561E-05 9.98561E-05 9.98561E-05 9.98561E-05 9.98561E-05 0.0199829
9.98563E-05 0.993295 9.98563E-05 9.98563E-05 9.98563E-05 9.98563E-05 9.98563E-05 0.00510718 9.98563E-05 9.98563E-05 9.98563E-05 9.98563E-05 9.98563E-05 9.98563E-05 9.98563E-05 9.98563E-05 9.98563E-05 9.98563E-05
9.98922E-05 0.0961415 9.98922E-05 9.98922E-05 0.203649 0.0188804 9.98922E-05 9.98922E-05 9.98922E-05 0.65367 0.00552439 9.98922E-05 0.0209357 9.98922E-05 9.98922E-05 9.98922E-05 9.98922E-05 9.98922E-05
0.0115396 0.511226 9.9874E-05 9.9874E-05 9.9874E-05 9.9874E-05 0.0183437 9.9874E-05 9.9874E-05 0.457492 9.9874E-05 9.9874E-05 9.9874E-05 9.9874E-05 9.9874E-05 9.9874E-05 9.9874E-05 9.9874E-05
9.98649E-05 9.98649E-05 9.98649E-05 0.0909855 0.014415 9.98649E-05 9.98649E-05 9.98649E-05 9.98649E-05 9.98649E-05 9.98649E-05 9.98649E-05 9.98649E-05 9.98649E-05 9.98649E-05 9.98649E-05 9.98649E-05 0.893102
9.98403E-05 9.98403E-05 9.98403E-05 9.98403E-05 9.98403E-05 9.98403E-05 9.98403E-05 9.98403E-05 9.98403E-05 9.98403E-05 9.98403E-05 9.98403E-05 9.98403E-05 9.98403E-05 0.0202569 9.98403E-05 9.98403E-05 0.978146
9.98921E-05 0.0719233 0.00939596 0.0195847 9.98921E-05 9.98921E-05 9.98921E-05 9.98921E-05 9.98921E-05 0.883937 9.98921E-05 0.000349236 9.98921E-05 9.98921E-05 0.0136112 9.98921E-05 9.98921E-05 9.98921E-05
9.9883E-05 9.9883E-05 0.0122525 0.00522255 0.000772416 9.9883E-05 9.9883E-05 9.9883E-05 9.9883E-05 9.9883E-05 9.9883E-05 0.976993 9.9883E-05 9.9883E-05 9.9883E-05 9.9883E-05 9.9883E-05 0.00346121
9.98561E-05 9.98561E-05 9.98561E-05 9.98561E-05 9.98561E-05 9.98561E-05 9.98561E-05 9.98561E-05 9.98561E-05 9.98561E-05 9.98561E-05 0.989793 9.98561E-05 9.98561E-05 9.98561E-05 9.98561E-05 0.00860952 9.98561E-05
9.98653E-05 9.98653E-05 9.98653E-05 9.98653E-05 9.98653E-05 0.00381417 0.00040185 9.98653E-05 0.994286 9.98653E-05 9.98653E-05 9.98653E-05 9.98653E-05 9.98653E-05 9.98653E-05 9.98653E-05 9.98653E-05 9.98653E-05
9.98474E-05 9.98474E-05 9.98474E-05 9.98474E-05 9.98474E-05 9.98474E-05 9.98474E-05 9.98474E-05 0.998303 9.98474E-05 9.98474E-05 9.98474E-05 9.98474E-05 9.98474E-05 9.98474E-05 9.98474E-05 9.98474E-05 9.98474E-05
9.99009E-05 0.0101001 9.99009E-05 9.99009E-05 9.99009E-05 0.847432 9.99009E-05 9.99009E-05 9.99009E-05 9.99009E-05 9.99009E-05 0.0722029 0.00492151 0.0323206 0.0100701 9.99009E-05 9.99009E-05 0.0218534
9.9883E-05 0.00687015 9.9883E-05 9.9883E-05 9.9883E-05 0.803554 9.9883E-05 9.9883E-05 9.9883E-05 9.9883E-05 9.9883E-05 0.12792 9.9883E-05 0.011815 0.0485427 9.9883E-05 9.9883E-05 9.9883E-05
9.98654E-05 9.98654E-05 0.0178257 9.98654E-05 9.98654E-05 9.98654E-05 9.98654E-05 9.98654E-05 0.975945 9.98654E-05 0.00473083 9.98654E-05 9.98654E-05 9.98654E-05 9.98654E-05 9.98654E-05 9.98654E-05 9.98654E-05
9.98473E-05 9.98473E-05 9.98473E-05 9.98473E-05 9.98473E-05 9.98473E-05 9.98473E-05 9.98473E-05 0.998303 9.98473E-05 9.98473E-05 9.98473E-05 9.98473E-05 9.98473E-05 9.98473E-05 9.98473E-05 9.98473E-05 9.98473E-05
9.9865E-05 9.9865E-05 9.9865E-05 9.9865E-05 9.9865E-05 9.9865E-05 9.9865E-05 9.9865E-05 9.9865E-05 9.9865E-05 9.9865E-05 0.0115422 0.941708 9.9865E-05 0.0452518 9.9865E-05 9.9865E-05 9.9865E-05
9.991E-05 9.991E-05 9.991E-05 9.991E-05 9.991E-05 0.0779991 0.0256991 9.991E-05 9.991E-05 9.991E-05 0.116345 0.52388 0.0144958 0.0317608 0.130761 0.0780601 9.991E-05 9.991E-05
9.98651E-05 9.98651E-05 9.98651E-05 0.0348701 9.98651E-05 9.98651E-05 9.98651E-05 9.98651E-05 9.98651E-05 9.98651E-05 0.0315917 9.98651E-05 9.98651E-05 0.93204 9.98651E-05 9.98651E-05 9.98651E-05 9.98651E-05
9.9856E-05 9.9856E-05 0.0462882 9.9856E-05 9.9856E-05 9.9856E-05 0.952114 9.9856E-05 9.9856E-05 9.9856E-05 9.9856E-05 9.9856E-05 9.9856E-05 9.9856E-05 9.9856E-05 9.9856E-05 9.9856E-05 9.9856E-05
9.98652E-05 9.98652E-05 9.98652E-05 9.98652E-05 9.98652E-05 9.98652E-05 0.9354 9.98652E-05 9.98652E-05 9.98652E-05 9.98652E-05 0.0127461 0.0503563 9.98652E-05 9.98652E-05 9.98652E-05 9.98652E-05 9.98652E-05
9.9847E-05 9.9847E-05 9.9847E-05 9.9847E-05 0.998303 9.9847E-05 9.9847E-05 9.9847E-05 9.9847E-05 9.9847E-05 9.9847E-05 9.9847E-05 9.9847E-05 9.9847E-05 9.9847E-05 9.9847E-05 9.9847E-05 9.9847E-05
