0.00802316 9.9865E-05 9.9865E-05 9.9865E-05 9.9865E-05 9.9865E-05 9.9865E-05 9.9865E-05 9.9865E-05 9.9865E-05 9.9865E-05 9.9865E-05 9.9865E-05 9.9865E-05 9.9865E-05 9.9865E-05 0.0590229 0.931456
0.0239322 9.98829E-05 0.689045 9.98829E-05 9.98829E-05 9.98829E-05 9.98829E-05 9.98829E-05 0.163977 0.0216398 9.98829E-05 9.98829E-05 9.98829E-05 9.98829E-05 0.100108 9.98829E-05 9.98829E-05 9.98829E-05
9.98472E-05 9.98472E-05 9.98472E-05 9.98472E-05 9.98472E-05 9.98472E-05 9.98472E-05 0.998303 9.98472E-05 9.98472E-05 9.98472E-05 9.98472E-05 9.98472E-05 9.98472E-05 9.98472E-05 9.98472E-05 9.98472E-05 9.98472E-05
9.98741E-05 0.0564172 9.98741E-05 0.0227006 0.00520119 9.98741E-05 9.98741E-05 9.98741E-05 9.98741E-05 9.98741E-05 9.98741E-05 9.98741E-05 9.98741E-05 9.98741E-05 0.914283 9.98741E-05 9.98741E-05 9.98741E-05
9.98471E-05 9.98471E-05 9.98471E-05 9.98471E-05 9.98471E-05 9.98471E-05 9.98471E-05 9.98471E-05 9.98471E-05 0.998303 9.98471E-05 9.98471E-05 9.98471E-05 9.98471E-05 9.98471E-05 9.98471E-05 9.98471E-05 9.98471E-05
9.9883E-05 9.9883E-05 9.9883E-05 9.9883E-05 9.9883E-05 9.9883E-05 0.00112532 9.9883E-05 0.00761589 0.000360291 0.0265293 9.9883E-05 9.9883E-05 9.9883E-05 0.963071 9.9883E-05 9.9883E-05 9.9883E-05
9.98473E-05 9.98473E-05 9.98473E-05 9.98473E-05 9.98473E-05 9.98473E-05 9.98473E-05 9.98473E-05 9.98473E-05 9.98473E-05 9.98473E-05 0.998303 9.98473E-05 9.98473E-05 9.98473E-05 9.98473E-05 9.98473E-05 9.98473E-05
9.99099E-05 0.0374004 0.0999906 0.00572345 0.0141819 9.99099E-05 9.99099E-05 0.0133854 9.99099E-05 0.102363 0.668931 9.99099E-05 9.99099E-05 9.99099E-05 9.99099E-05 9.99099E-05 0.0570256 9.99099E-05
0.00083152 9.9892E-05 0.0443917 9.9892E-05 0.0038652 9.9892E-05 9.9892E-05 9.9892E-05 9.9892E-05 9.9892E-05 9.9892E-05 0.941488 9.9892E-05 9.9892E-05 0.00436457 9.9892E-05 0.00386009 9.9892E-05
9.9865E-05 9.9865E-05 9.9865E-05 9.9865E-05 9.9865E-05 9.9865E-05 9.9865E-05 9.9865E-05 9.9865E-05 0.0509561 9.9865E-05 0.131552 9.9865E-05 9.9865E-05 9.9865E-05 9.9865E-05 0.815994 9.9865E-05
9.98651E-05 9.98651E-05 9.98651E-05 9.98651E-05 9.98651E-05 9.98651E-05 9.98651E-05 9.98651E-05 9.98651E-05 0.0271336 9.98651E-05 0.109571 9.98651E-05 9.98651E-05 9.98651E-05 9.98651E-05 0.861798 9.98651E-05
9.98831E-05 0.0392046 9.98831E-05 0.141795 9.98831E-05 9.98831E-05 0.138145 0.00643204 9.98831E-05 9.98831E-05 9.98831E-05 9.98831E-05 9.98831E-05 9.98831E-05 9.98831E-05 9.98831E-05 9.98831E-05 0.673125
9.98565E-05 9.98565E-05 9.98565E-05 9.98565E-05 9.98565E-05 9.98565E-05 0.982335 9.98565E-05 9.98565E-05 9.98565E-05 9.98565E-05 0.0160669 9.98565E-05 9.98565E-05 9.98565E-05 9.98565E-05 9.98565E-05 9.98565E-05
0.0115795 9.98742E-05 9.98742E-05 9.98742E-05 9.98742E-05 9.98742E-05 9.98742E-05 9.98742E-05 9.98742E-05 9.98742E-05 9.98742E-05 9.98742E-05 9.98742E-05 0.0233785 0.95923 0.00441349 9.98742E-05 9.98742E-05
9.98651E-05 9.98651E-05 9.98651E-05 9.98651E-05 9.98651E-05 9.98651E-05 9.98651E-05 9.98651E-05 9.98651E-05 0.0465032 9.98651E-05 9.98651E-05 9.98651E-05 0.0133258 0.938673 9.98651E-05 9.98651E-05 9.98651E-05
9.9874E-05 9.9874E-05 9.9874E-05 9.9874E-05 9.9874E-05 0.722094 0.0969573 9.9874E-05 9.9874E-05 9.9874E-05 9.9874E-05 9.9874E-05 9.9874E-05 9.9874E-05 9.9874E-05 0.130288 0.0492629 9.9874E-05
0.917086 9.9856E-05 9.9856E-05 9.9856E-05 9.9856E-05 9.9856E-05 9.9856E-05 9.9856E-05 9.9856E-05 9.9856E-05 9.9856E-05 9.9856E-05 9.9856E-05 9.9856E-05 9.9856E-05 9.9856E-05 0.0813161 9.9856E-05
0.0505045 9.98919E-05 9.98919E-05 9.98919E-05 0.0193449 0.0254582 9.98919E-05 9.98919E-05 0.0436068 9.98919E-05 9.98919E-05 9.98919E-05 9.98919E-05 0.797506 9.98919E-05 9.98919E-05 0.0623804 9.98919E-05
9.98562E-05 9.98562E-05 9.98562E-05 9.98562E-05 9.98562E-05 9.98562E-05 0.00614585 9.98562E-05 9.98562E-05 9.98562E-05 9.98562E-05 9.98562E-05 0.992256 9.98562E-05 9.98562E-05 9.98562E-05 9.98562E-05 9.98562E-05
0.0193901 9.98828E-05 9.98828E-05 9.98828E-05 9.98828E-05 0.28684 9.98828E-05 9.98828E-05 9.98828E-05 9.98828E-05 9.98828E-05 9.98828E-05 9.98828E-05 9.98828E-05 9.98828E-05 0.171316 0.462361 0.0587946
9.98561E-05 9.98561E-05 9.98561E-05 9.98561E-05 9.98561E-05 9.98561E-05 9.98561E-05 9.98561E-05 9.98561E-05 9.98561E-05 9.98561E-05 9.98561E-05 0.0306317 0.967771 9.98561E-05 9.98561E-05 9.98561E-05 9.98561E-05
9.98919E-05 9.98919E-05 9.98919E-05 9.98919E-05 9.98919E-05 0.17743 0.079673 9.98919E-05 0.262077 9.98919E-05 9.98919E-05 9.98919E-05 9.98919E-05 9.98919E-05 9.98919E-05 0.0147339 0.0351642 0.429723
0.210178 0.00472207 9.991E-05 0.122164 9.991E-05 9.991E-05 9.991E-05 0.00858215 9.991E-05 0.0307965 9.991E-05 9.991E-05 0.4349 9.991E-05 0.0261064 9.991E-05 0.161553 9.991E-05
9.98471E-05 9.98471E-05 9.98471E-05 9.98471E-05 9.98471E-05 9.98471E-05 9.98471E-05 9.98471E-05 9.98471E-05 9.98471E-05 9.98471E-05 9.98471E-05 0.998303 9.98471E-05 9.98471E-05 9.98471E-05 9.98471E-05 9.98471E-05
9.98743E-05 0.636516 9.98743E-05 9.98743E-05 0.00119732 9.98743E-05 9.98743E-05 0.0137768 9.98743E-05 9.98743E-05 9.98743E-05 9.98743E-05 9.98743E-05 9.98743E-05 0.347111 9.98743E-05 9.98743E-05 9.98743E-05
9.98563E-05 0.208526 9.98563E-05 9.98563E-05 9.98563E-05 9.98563E-05 9.98563E-05 9.98563E-05 9.98563E-05 9.98563E-05 9.98563E-05 9.98563E-05 9.98563E-05 9.98563E-05 0.789876 9.98563E-05 9.98563E-05 9.98563E-05
0.0470497 9.98919E-05 9.98919E-05 0.0234835 9.98919E-05 0.00694104 0.781443 9.98919E-05 9.98919E-05 9.98919E-05 9.98919E-05 9.98919E-05 9.98919E-05 9.98919E-05 9.98919E-05 9.98919E-05 0.0861044 0.0537797
9.9865E-05 0.988667 9.9865E-05 9.9865E-05 0.00880828 9.9865E-05 9.9865E-05 9.9865E-05 9.9865E-05 0.00102701 9.9865E-05 9.9865E-05 9.9865E-05 9.9865E-05 9.9865E-05 9.9865E-05 9.9865E-05 9.9865E-05
9.98472E-05 0.998303 9.98472E-05 9.98472E-05 9.98472E-05 9.98472E-05 9.98472E-05 9.98472E-05 9.98472E-05 9.98472E-05 9.98472E-05 9.98472E-05 9.98472E-05 9.98472E-05 9.98472E-05 9.98472E-05 9.98472E-05 9.98472E-05
9.99192E-05 0.243096 0.0296547 0.00201159 0.0977922 9.99192E-05 9.99192E-05 0.060849 9.99192E-05 9.99192E-05 0.223449 9.99192E-05 9.99192E-05 0.0146474 0.281943 0.045658 9.99192E-05 9.99192E-05
0.0102192 0.0406316 0.00758662 0.0154648 0.0747215 9.991E-05 9.991E-05 9.991E-05 9.991E-05 9.991E-05 0.476313 9.991E-05 9.991E-05 9.991E-05 0.360426 0.0136387 9.991E-05 9.991E-05
9.98403E-05 9.98403E-05 0.998303 9.98403E-05 9.98403E-05 9.98403E-05 9.98403E-05 9.98403E-05 9.98403E-05 9.98403E-05 9.98403E-05 9.98403E-05 9.98403E-05 9.98403E-05 9.98403E-05 9.98403E-05 9.98403E-05 9.98403E-05
9.98742E-05 0.343911 9.98742E-05 9.98742E-05 9.98742E-05 9.98742E-05 9.98742E-05 9.98742E-05 0.00696194 9.98742E-05 0.145423 9.98742E-05 9.98742E-05 9.98742E-05 0.502306 9.98742E-05 9.98742E-05 9.98742E-05
9.98743E-05 9.98743E-05 0.0400475 9.98743E-05 0.684549 9.98743E-05 9.98743E-05 9.98743E-05 9.98743E-05 9.98743E-05 0.261646 9.98743E-05 9.98743E-05 9.98743E-05 9.98743E-05 9.98743E-05 9.98743E-05 0.0123584
0.243241 9.99097E-05 9.99097E-05 0.0889065 9.99097E-05 9.99097E-05 0.473615 9.99097E-05 0.0550641 9.99097E-05 0.0420967 9.99097E-05 9.99097E-05 9.99097E-05 9.99097E-05 0.0540473 0.0306532 0.0113776
9.98739E-05 0.628761 9.98739E-05 9.98739E-05 9.98739E-05 9.98739E-05 9.98739E-05 9.98739E-05 9.98739E-05 9.98739E-05 0.044709 9.98739E-05 9.98739E-05 9.98739E-05 0.319251 0.00588115 9.98739E-05 9.98739E-05
0.00095827 9.98741E-05 9.98741E-05 9.98741E-05 9.98741E-05 9.98741E-05 9.98741E-05 0.0040456 9.98741E-05 9.98741E-05 0.0243654 9.98741E-05 9.98741E-05 9.98741E-05 9.98741E-05 9.98741E-05 9.98741E-05 0.969233
0.0597845 9.99009E-05 0.155339 9.99009E-05 9.99009E-05 9.99009E-05 9.99009E-05 9.99009E-05 0.110167 9.99009E-05 0.0582841 9.99009E-05 9.99009E-05 0.000385718 9.99009E-05 9.99009E-05 0.563075 0.051866
0.987114 9.98651E-05 9.98651E-05 9.98651E-05 9.98651E-05 9.98651E-05 9.98651E-05 9.98651E-05 9.98651E-05 9.98651E-05 0.0112769 9.98651E-05 9.98651E-05 9.98651E-05 0.000110743 9.98651E-05 9.98651E-05 9.98651E-05
0.0107042 9.9865E-05 9.9865E-05 9.9865E-05 9.9865E-05 9.9865E-05 9.9865E-05 9.9865E-05 0.975681 9.9865E-05 9.9865E-05 9.9865E-05 9.9865E-05 9.9865E-05 0.0121166 9.9865E-05 9.9865E-05 9.9865E-05
9.98651E-05 9.98651E-05 9.98651E-05 9.98651E-05 9.98651E-05 9.98651E-05 9.98651E-05 9.98651E-05 0.992463 0.000740061 9.98651E-05 9.98651E-05 9.98651E-05 9.98651E-05 9.98651E-05 9.98651E-05 9.98651E-05 0.00529863
0.0307765 9.98919E-05 9.98919E-05 9.98919E-05 9.98919E-05 0.0194123 9.98919E-05 9.98919E-05 0.0345438 9.98919E-05 9.98919E-05 9.98919E-05 0.00568879 9.98919E-05 9.98919E-05 9.98919E-05 0.860512 0.0478684
9.991E-05 9.991E-05 9.991E-05 9.991E-05 9.991E-05 0.819807 0.0317933 9.991E-05 0.0342584 9.991E-05 9.991E-05 0.0910374 0.00566142 0.00643297 9.991E-05 9.991E-05 0.00491649 0.00509359
0.00417816 9.9874E-05 9.9874E-05 9.9874E-05 9.9874E-05 9.9874E-05 9.9874E-05 9.9874E-05 9.9874E-05 9.9874E-05 9.9874E-05 9.9874E-05 9.9874E-05 9.9874E-05 9.9874E-05 0.0844511 0.882955 0.0270172
9.99099E-05 9.99099E-05 0.0513709 0.0628548 9.99099E-05 0.0405315 0.122547 9.99099E-05 0.139019 9.99099E-05 9.99099E-05 9.99099E-05 0.115444 9.99099E-05 9.99099E-05 0.167265 0.299969 9.99099E-05
9.99101E-05 9.99101E-05 0.0284445 9.99101E-05 9.99101E-05 0.140516 9.99101E-05 9.99101E-05 0.103584 9.99101E-05 9.99101E-05 9.99101E-05 9.99101E-05 0.0329192 0.0612101 0.126379 0.453702 0.0522468
0.108627 0.00857107 9.9919E-05 9.9919E-05 9.9919E-05 9.9919E-05 9.9919E-05 0.000119113 9.9919E-05 0.0166806 9.9919E-05 0.0622765 9.9919E-05 9.9919E-05 0.0936017 0.323162 0.191361 0.194701
9.98659E-05 9.98659E-05 0.0167525 9.98659E-05 9.98659E-05 9.98659E-05 9.98659E-05 9.98659E-05 9.98659E-05 9.98659E-05 9.98659E-05 9.98659E-05 9.98659E-05 0.031926 9.98659E-05 9.98659E-05 9.98659E-05 0.949823
9.98652E-05 0.00239488 9.98652E-05 9.98652E-05 0.989607 9.98652E-05 9.98652E-05 0.00649976 9.98652E-05 9.98652E-05 9.98652E-05 9.98652E-05 9.98652E-05 9.98652E-05 9.98652E-05 9.98652E-05 9.98652E-05 9.98652E-05
9.98472E-05 9.98472E-05 9.98472E-05 9.98472E-05 0.998303 9.98472E-05 9.98472E-05 9.98472E-05 9.98472E-05 9.98472E-05 9.98472E-05 9.98472E-05 9.98472E-05 9.98472E-05 9.98472E-05 9.98472E-05 9.98472E-05 9.98472E-05
9.98742E-05 9.98742E-05 9.98742E-05 9.98742E-05 0.976783 9.98742E-05 9.98742E-05 9.98742E-05 9.98742E-05 9.98742E-05 9.98742E-05 9.98742E-05 9.98742E-05 0.000576326 9.98742E-05 0.00612066 0.0151221 9.98742E-05
9.98474E-05 9.98474E-05 9.98474E-05 9.98474E-05 0.998303 9.98474E-05 9.98474E-05 9.98474E-05 9.98474E-05 9.98474E-05 9.98474E-05 9.98474E-05 9.98474E-05 9.98474E-05 9.98474E-05 9.98474E-05 9.98474E-05 9.98474E-05
9.98473E-05 9.98473E-05 9.98473E-05 9.98473E-05 0.998303 9.98473E-05 9.98473E-05 9.98473E-05 9.98473E-05 9.98473E-05 9.98473E-05 9.98473E-05 9.98473E-05 9.98473E-05 9.98473E-05 9.98473E-05 9.98473E-05 9.98473E-05
9.99461E-05 0.10469 0.10617 9.99461E-05 0.334431 0.0618589 0.0129286 0.0415872 9.99461E-05 0.0474547 0.239482 0.0139911 0.0121259 0.000243618 9.99461E-05 9.99461E-05 0.024438 9.99461E-05
0.00297875 9.98652E-05 0.0783508 9.98652E-05 0.917172 9.98652E-05 9.98652E-05 9.98652E-05 9.98652E-05 9.98652E-05 9.98652E-05 9.98652E-05 9.98652E-05 9.98652E-05 9.98652E-05 9.98652E-05 9.98652E-05 9.98652E-05
9.98648E-05 9.98648E-05 9.98648E-05 9.98648E-05 9.98648E-05 0.129359 9.98648E-05 9.98648E-05 9.98648E-05 9.98648E-05 9.98648E-05 9.98648E-05 9.98648E-05 9.98648E-05 9.98648E-05 0.0554089 9.98648E-05 0.813734
9.99009E-05 0.0285344 0.849811 0.00708666 0.0369818 0.00232117 9.99009E-05 0.0118007 9.99009E-05 9.99009E-05 9.99009E-05 0.0623658 9.99009E-05 9.99009E-05 9.99009E-05 9.99009E-05 9.99009E-05 9.99009E-05
9.98739E-05 0.501601 9.98739E-05 9.98739E-05 9.98739E-05 9.98739E-05 9.98739E-05 9.98739E-05 0.00324073 0.0150454 9.98739E-05 9.98739E-05 9.98739E-05 9.98739E-05 0.478714 9.98739E-05 9.98739E-05 9.98739E-05
9.98742E-05 9.98742E-05 9.98742E-05 9.98742E-05 0.00820068 0.0103839 0.859108 9.98742E-05 0.120909 9.98742E-05 9.98742E-05 9.98742E-05 9.98742E-05 9.98742E-05 9.98742E-05 9.98742E-05 9.98742E-05 9.98742E-05
9.98654E-05 9.98654E-05 9.98654E-05 9.98654E-05 9.98654E-05 0.868047 0.0277511 9.98654E-05 9.98654E-05 9.98654E-05 9.98654E-05 9.98654E-05 9.98654E-05 9.98654E-05 9.98654E-05 0.102704 9.98654E-05 9.98654E-05
9.98566E-05 9.98566E-05 9.98566E-05 9.98566E-05 9.98566E-05 9.98566E-05 0.984414 9.98566E-05 9.98566E-05 9.98566E-05 9.98566E-05 0.0139885 9.98566E-05 9.98566E-05 9.98566E-05 9.98566E-05 9.98566E-05 9.98566E-05
9.98829E-05 9.98829E-05 9.98829E-05 9.98829E-05 9.98829E-05 9.98829E-05 0.864082 0.0129045 0.00775597 9.98829E-05 9.98829E-05 9.98829E-05 9.98829E-05 9.98829E-05 9.98829E-05 9.98829E-05 0.111114 0.00284527
9.98918E-05 9.98918E-05 9.98918E-05 0.0457579 9.98918E-05 9.98918E-05 0.808294 9.98918E-05 0.0493093 9.98918E-05 9.98918E-05 9.98918E-05 0.00514278 9.98918E-05 9.98918E-05 0.0592566 0.031041 9.98918E-05
9.98564E-05 9.98564E-05 9.98564E-05 9.98564E-05 9.98564E-05 9.98564E-05 9.98564E-05 9.98564E-05 9.98564E-05 9.98564E-05 9.98564E-05 9.98564E-05 9.98564E-05 0.981961 9.98564E-05 9.98564E-05 9.98564E-05 0.0164416
9.98746E-05 0.755355 9.98746E-05 0.0110391 9.98746E-05 9.98746E-05 9.98746E-05 0.0173019 9.98746E-05 9.98746E-05 9.98746E-05 9.98746E-05 9.98746E-05 9.98746E-05 0.214906 9.98746E-05 9.98746E-05 9.98746E-05
9.99371E-05 0.269314 0.0378328 0.0171897 0.0256053 9.99371E-05 0.281656 0.00895103 0.215613 0.0529931 9.99371E-05 0.0331156 9.99371E-05 0.0478602 9.99371E-05 0.00916926 9.99371E-05 9.99371E-05
9.98834E-05 0.0991791 9.98834E-05 9.98834E-05 9.98834E-05 0.021786 9.98834E-05 0.0800996 9.98834E-05 9.98834E-05 0.0363987 9.98834E-05 9.98834E-05 9.98834E-05 0.761238 9.98834E-05 9.98834E-05 9.98834E-05
0.0365391 0.310518 9.9874E-05 9.9874E-05 9.9874E-05 9.9874E-05 9.9874E-05 9.9874E-05 9.9874E-05 0.100926 9.9874E-05 9.9874E-05 9.9874E-05 9.9874E-05 0.550618 9.9874E-05 9.9874E-05 9.9874E-05
9.98651E-05 0.981714 9.98651E-05 9.98651E-05 9.98651E-05 9.98651E-05 9.98651E-05 9.98651E-05 9.98651E-05 9.98651E-05 9.98651E-05 0.00580312 9.98651E-05 9.98651E-05 9.98651E-05 9.98651E-05 0.0109852 9.98651E-05
9.98653E-05 0.991244 0.00563716 9.98653E-05 9.98653E-05 9.98653E-05 9.98653E-05 9.98653E-05 9.98653E-05 9.98653E-05 9.98653E-05 9.98653E-05 9.98653E-05 0.00162118 9.98653E-05 9.98653E-05 9.98653E-05 9.98653E-05
9.99012E-05 0.0759707 0.0133184 0.00765594 9.99012E-05 9.99012E-05 9.99012E-05 9.99012E-05 0.0343075 9.99012E-05 0.148076 9.99012E-05 9.99012E-05 9.99012E-05 0.693408 9.99012E-05 0.026164 9.99012E-05
0.0212585 0.526536 9.98738E-05 9.98738E-05 9.98738E-05 9.98738E-05 9.98738E-05 9.98738E-05 9.98738E-05 0.0466921 9.98738E-05 9.98738E-05 9.98738E-05 9.98738E-05 0.404116 9.98738E-05 9.98738E-05 9.98738E-05
9.9847E-05 9.9847E-05 9.9847E-05 9.9847E-05 9.9847E-05 9.9847E-05 9.9847E-05 9.9847E-05 9.9847E-05 9.9847E-05 0.998303 9.9847E-05 9.9847E-05 9.9847E-05 9.9847E-05 9.9847E-05 9.9847E-05 9.9847E-05
9.98651E-05 9.98651E-05 9.98651E-05 9.98651E-05 9.98651E-05 9.98651E-05 0.00197232 9.98651E-05 9.98651E-05 9.98651E-05 0.968303 0.0282263 9.98651E-05 9.98651E-05 9.98651E-05 9.98651E-05 9.98651E-05 9.98651E-05
9.98742E-05 0.0868501 9.98742E-05 9.98742E-05 0.0523008 9.98742E-05 9.98742E-05 0.0155249 9.98742E-05 9.98742E-05 9.98742E-05 9.98742E-05 9.98742E-05 9.98742E-05 0.843926 9.98742E-05 9.98742E-05 9.98742E-05
9.9865E-05 9.9865E-05 9.9865E-05 0.00900247 9.9865E-05 0.970842 9.9865E-05 9.9865E-05 9.9865E-05 9.9865E-05 0.0186572 9.9865E-05 9.9865E-05 9.9865E-05 9.9865E-05 9.9865E-05 9.9865E-05 9.9865E-05
9.98561E-05 9.98561E-05 9.98561E-05 0.00401799 9.98561E-05 0.994384 9.98561E-05 9.98561E-05 9.98561E-05 9.98561E-05 9.98561E-05 9.98561E-05 9.98561E-05 9.98561E-05 9.98561E-05 9.98561E-05 9.98561E-05 9.98561E-05
9.98563E-05 9.98563E-05 9.98563E-05 0.995433 9.98563E-05 9.98563E-05 9.98563E-05 9.98563E-05 9.98563E-05 9.98563E-05 9.98563E-05 9.98563E-05 9.98563E-05 9.98563E-05 9.98563E-05 9.98563E-05 9.98563E-05 0.00296893
9.98564E-05 9.98564E-05 9.98564E-05 0.989096 9.98564E-05 9.98564E-05 9.98564E-05 9.98564E-05 0.00930589 9.98564E-05 9.98564E-05 9.98564E-05 9.98564E-05 9.98564E-05 9.98564E-05 9.98564E-05 9.98564E-05 9.98564E-05
9.98919E-05 0.00451082 0.079507 9.98919E-05 9.98919E-05 0.0204574 0.0516937 9.98919E-05 0.0231993 9.98919E-05 9.98919E-05 9.98919E-05 9.98919E-05 9.98919E-05 9.98919E-05 9.98919E-05 0.819433 9.98919E-05
9.99009E-05 0.0231852 0.00127722 9.99009E-05 9.99009E-05 0.0685558 0.0831065 9.99009E-05 0.054342 9.99009E-05 9.99009E-05 9.99009E-05 9.99009E-05 0.00304335 9.99009E-05 9.99009E-05 0.765391 9.99009E-05
9.98653E-05 9.98653E-05 0.016989 0.964477 9.98653E-05 0.0170364 9.98653E-05 9.98653E-05 9.98653E-05 9.98653E-05 9.98653E-05 9.98653E-05 9.98653E-05 9.98653E-05 9.98653E-05 9.98653E-05 9.98653E-05 9.98653E-05
9.98473E-05 9.98473E-05 9.98473E-05 0.998303 9.98473E-05 9.98473E-05 9.98473E-05 9.98473E-05 9.98473E-05 9.98473E-05 9.98473E-05 9.98473E-05 9.98473E-05 9.98473E-05 9.98473E-05 9.98473E-05 9.98473E-05 9.98473E-05
9.98739E-05 9.98739E-05 9.98739E-05 9.98739E-05 0.0297994 0.014037 0.00975328 9.98739E-05 9.98739E-05 9.98739E-05 9.98739E-05 9.98739E-05 9.98739E-05 9.98739E-05 9.98739E-05 9.98739E-05 9.98739E-05 0.945012
9.9883E-05 9.9883E-05 9.9883E-05 9.9883E-05 9.9883E-05 0.00869553 0.0970274 9.9883E-05 0.749139 9.9883E-05 9.9883E-05 0.125173 0.0186664 9.9883E-05 9.9883E-05 9.9883E-05 9.9883E-05 9.9883E-05
9.98651E-05 9.98651E-05 0.935093 9.98651E-05 0.0107043 9.98651E-05 9.98651E-05 9.98651E-05 9.98651E-05 9.98651E-05 9.98651E-05 0.0527044 9.98651E-05 9.98651E-05 9.98651E-05 9.98651E-05 9.98651E-05 9.98651E-05
9.98471E-05 9.98471E-05 9.98471E-05 9.98471E-05 9.98471E-05 9.98471E-05 9.98471E-05 9.98471E-05 9.98471E-05 9.98471E-05 9.98471E-05 9.98471E-05 9.98471E-05 9.98471E-05 9.98471E-05 0.998303 9.98471E-05 9.98471E-05
0.0518785 9.98652E-05 9.98652E-05 9.98652E-05 9.98652E-05 9.98652E-05 9.98652E-05 9.98652E-05 9.98652E-05 9.98652E-05 9.98652E-05 9.98652E-05 9.98652E-05 9.98652E-05 9.98652E-05 0.899043 9.98652E-05 0.0475805
9.99281E-05 0.189923 0.0288383 0.0251716 0.0418262 9.99281E-05 9.99281E-05 9.99281E-05 9.99281E-05 9.99281E-05 0.525356 0.00396381 0.0302067 0.0155675 0.132799 9.99281E-05 0.0055482 9.99281E-05
