0.0341174 9.9982E-05 9.9982E-05 0.965683
0.0244051 9.9991E-05 0.545002 0.430493
0.0954766 0.060117 0.834296 0.0101105
0.046972 9.9982E-05 0.952828 9.9982E-05
0.0170656 9.9991E-05 0.683965 0.29887
0.00910339 9.9982E-05 0.990697 9.9982E-05
9.99821E-05 9.99821E-05 0.324795 0.675005
0.0308766 9.9991E-05 0.826004 0.14302
9.99821E-05 9.99821E-05 0.353049 0.646751
0.11253 9.9991E-05 0.0542611 0.833109
0.135395 9.9982E-05 9.9982E-05 0.864405
0.216298 9.9991E-05 0.0251282 0.758474
0.0068039 0.00686148 0.0299482 0.956386
0.0441915 9.9982E-05 0.955608 9.9982E-05
0.00903361 9.9982E-05 0.990766 9.9982E-05
0.0253346 9.9991E-05 0.0408221 0.933743
0.423626 0.0702593 9.9991E-05 0.506015
9.9991E-05 0.778416 0.0536701 0.167814
0.122759 0.877041 9.9982E-05 9.9982E-05
0.178303 9.9982E-05 9.9982E-05 0.821497
9.998E-05 0.9997 9.998E-05 9.998E-05
0.0516489 9.9982E-05 9.9982E-05 0.948151
0.420626 0.39819 0.0464077 0.134777
0.0869259 0.912874 9.9982E-05 9.9982E-05
9.998E-05 9.998E-05 0.9997 9.998E-05
9.998E-05 9.998E-05 0.9997 9.998E-05
0.0982193 9.9982E-05 9.9982E-05 0.901581
9.998E-05 9.998E-05 0.9997 9.998E-05
9.998E-05 9.998E-05 0.9997 9.998E-05
0.0109268 0.0369631 0.939361 0.012749
0.0587931 0.00463092 0.936476 9.9991E-05
9.99911E-05 0.00686281 0.569697 0.42334
9.998E-05 9.998E-05 0.9997 9.998E-05
9.9982E-05 9.9982E-05 0.807309 0.192491
0.288199 9.9991E-05 0.0363902 0.675311
9.998E-05 9.998E-05 0.9997 9.998E-05
0.0792081 9.9991E-05 0.0512692 0.869423
0.0655553 0.0342787 0.147468 0.752698
0.491434 0.038986 0.131123 0.338457
0.108265 9.9991E-05 0.110298 0.781337
0.0978691 0.0119299 0.0916123 0.798589
0.117011 0.0096115 9.9991E-05 0.873278
9.9982E-05 9.9982E-05 0.0185242 0.981276
0.164801 0.00571848 0.00112435 0.828356
0.226225 0.102827 9.9991E-05 0.670848
0.145625 0.0274351 0.0657612 0.761179
0.15939 9.9991E-05 0.173478 0.667032
9.99822E-05 0.0438387 9.99822E-05 0.955961
9.9991E-05 0.0645842 0.817659 0.117657
9.9991E-05 0.0659387 0.780665 0.153297
9.9991E-05 0.0720669 0.785519 0.142314
9.9991E-05 0.065147 0.856408 0.0783449
9.9991E-05 0.0684026 0.809723 0.121774
9.9991E-05 0.0722825 0.748004 0.179614
9.9991E-05 0.0298877 0.766741 0.203271
9.998E-05 9.998E-05 9.998E-05 0.9997
9.9982E-05 9.9982E-05 0.5422 0.4576
9.998E-05 9.998E-05 0.9997 9.998E-05
0.0659654 9.9991E-05 0.00223289 0.931702
0.00227866 9.9991E-05 0.0688917 0.92873
9.99821E-05 0.00727254 9.99821E-05 0.992527
0.0214092 9.9982E-05 9.9982E-05 0.978391
0.118021 0.0187742 9.9991E-05 0.863105
9.99821E-05 0.945718 9.99821E-05 0.054082
9.998E-05 9.998E-05 0.9997 9.998E-05
0.0860333 0.0839848 0.405197 0.424784
0.000870053 9.99821E-05 0.99893 9.99821E-05
0.00142733 9.9982E-05 0.998373 9.9982E-05
9.998E-05 9.998E-05 0.9997 9.998E-05
9.998E-05 9.998E-05 0.9997 9.998E-05
0.0358451 9.9982E-05 0.963955 9.9982E-05
0.00487511 9.9982E-05 0.994925 9.9982E-05
9.99821E-05 9.99821E-05 0.944591 0.0552088
9.99911E-05 0.0280933 0.855558 0.116249
9.998E-05 9.998E-05 0.9997 9.998E-05
0.0720545 9.9991E-05 0.143787 0.784059
0.0499574 9.9991E-05 0.125835 0.824108
0.9997 9.998E-05 9.998E-05 9.998E-05
0.9997 9.998E-05 9.998E-05 9.998E-05
0.0966958 9.9991E-05 0.0549609 0.848243
0.0549792 9.9991E-05 0.0287673 0.916153
0.9997 9.998E-05 9.998E-05 9.998E-05
0.9997 9.998E-05 9.998E-05 9.998E-05
9.998E-05 9.998E-05 9.998E-05 0.9997
0.0178727 0.0608456 0.00829823 0.912984
9.9982E-05 9.9982E-05 0.561813 0.437987
0.330701 0.110064 0.0405536 0.518682
0.37335 0.0750227 9.9991E-05 0.551528
0.0474667 0.0696585 0.882775 9.9991E-05
