0.995869 9.9982E-05 9.9982E-05 0.00393073
0.420287 9.9991E-05 0.30548 0.274133
0.0622065 0.0400859 0.882746 0.0149618
9.998E-05 9.998E-05 0.9997 9.998E-05
0.265792 9.9991E-05 0.444676 0.289432
9.998E-05 9.998E-05 0.9997 9.998E-05
0.551689 9.99911E-05 0.0163671 0.431844
0.0735564 9.9991E-05 0.457067 0.469276
0.525289 9.9991E-05 0.0281088 0.446502
0.825526 9.9982E-05 9.9982E-05 0.174274
0.866116 9.9982E-05 9.9982E-05 0.133684
0.921003 9.9982E-05 0.078797 9.9982E-05
0.926463 9.99821E-05 0.0733369 9.99821E-05
0.000243266 0.0269543 0.972702 9.9991E-05
0.00320957 9.9982E-05 0.99659 9.9982E-05
0.926524 9.9991E-05 0.0228505 0.0505258
0.791048 0.149162 0.0596906 9.9991E-05
0.161183 0.743486 9.9991E-05 0.0952314
9.998E-05 0.9997 9.998E-05 9.998E-05
0.999458 9.9982E-05 9.9982E-05 0.000342215
9.998E-05 0.9997 9.998E-05 9.998E-05
0.9997 9.998E-05 9.998E-05 9.998E-05
0.353056 0.523139 0.0585475 0.0652571
0.0165889 0.983211 9.9982E-05 9.9982E-05
9.998E-05 9.998E-05 0.9997 9.998E-05
9.998E-05 9.998E-05 0.9997 9.998E-05
0.9997 9.998E-05 9.998E-05 9.998E-05
9.9982E-05 9.9982E-05 0.933082 0.0667185
9.9982E-05 9.9982E-05 0.909676 0.0901242
9.9991E-05 0.00851209 0.72228 0.269108
9.9991E-05 0.0289221 0.662 0.308978
0.292262 9.9991E-05 0.111303 0.596336
9.998E-05 9.998E-05 0.9997 9.998E-05
9.9982E-05 9.9982E-05 0.0848324 0.914968
0.920064 9.9982E-05 0.0797361 9.9982E-05
9.998E-05 9.998E-05 0.9997 9.998E-05
0.93377 9.99821E-05 0.0660298 9.99821E-05
0.762989 0.0106917 9.9991E-05 0.22622
0.642712 0.157813 0.199375 9.9991E-05
0.853272 9.99819E-05 0.146528 9.99819E-05
0.914661 9.9991E-05 0.0689013 0.016338
0.971676 0.00550746 9.9991E-05 0.0227165
0.927292 9.9982E-05 9.9982E-05 0.0725077
0.920702 0.00737999 9.9991E-05 0.0718184
0.797863 0.156351 9.9991E-05 0.0456863
0.795759 0.048535 0.0619574 0.0937489
0.813983 9.9991E-05 0.132098 0.0538187
0.9997 9.998E-05 9.998E-05 9.998E-05
9.998E-05 9.998E-05 9.998E-05 0.9997
9.998E-05 9.998E-05 9.998E-05 0.9997
9.998E-05 9.998E-05 9.998E-05 0.9997
9.998E-05 9.998E-05 9.998E-05 0.9997
9.998E-05 9.998E-05 9.998E-05 0.9997
0.0823483 0.0208778 0.186319 0.710455
9.998E-05 9.998E-05 9.998E-05 0.9997
0.986312 9.9982E-05 9.9982E-05 0.0134877
0.314151 9.9991E-05 0.0828981 0.60285
9.998E-05 9.998E-05 0.9997 9.998E-05
0.977228 9.99821E-05 0.0225719 9.99821E-05
0.923002 9.9982E-05 0.0767979 9.9982E-05
0.9997 9.998E-05 9.998E-05 9.998E-05
0.9997 9.998E-05 9.998E-05 9.998E-05
0.982458 0.0173417 9.9982E-05 9.9982E-05
0.0519497 0.902802 9.9991E-05 0.0451482
9.998E-05 9.998E-05 0.9997 9.998E-05
0.55077 0.0323971 0.349144 0.0676892
9.99821E-05 9.99821E-05 0.980987 0.0188135
0.0216174 9.9982E-05 0.978183 9.9982E-05
9.9982E-05 9.9982E-05 0.906455 0.0933449
9.9982E-05 9.9982E-05 0.917249 0.0825508
0.032764 9.9991E-05 0.952465 0.0146713
9.9982E-05 9.9982E-05 0.994263 0.00553693
9.99821E-05 9.99821E-05 0.46664 0.53316
0.0573102 0.0225827 0.51636 0.403747
9.9982E-05 0.00448328 0.995317 9.9982E-05
0.805165 9.9991E-05 0.0447879 0.149947
0.803935 9.9991E-05 0.049808 0.146157
0.629313 0.237905 0.132682 9.9991E-05
0.600187 0.261156 0.138557 9.9991E-05
0.874462 0.0130377 9.9991E-05 0.112401
0.874676 9.9982E-05 9.9982E-05 0.125124
0.597939 0.260813 0.130941 0.0103059
0.575204 0.253197 0.171499 9.9991E-05
0.9997 9.998E-05 9.998E-05 9.998E-05
0.922289 0.0171505 9.9991E-05 0.0604602
0.280547 9.9991E-05 0.092007 0.627346
0.700513 0.215261 0.0841263 9.9991E-05
0.824633 0.146654 0.0286128 9.9991E-05
9.9991E-05 0.0717398 0.596961 0.3312
