9.998E-05 0.9997 9.998E-05 9.998E-05
9.999E-05 0.369405 0.303277 0.327217
0.0524466 9.99911E-05 0.883683 0.0637701
9.998E-05 9.998E-05 0.9997 9.998E-05
9.999E-05 0.265024 0.429889 0.304988
9.998E-05 9.998E-05 0.9997 9.998E-05
9.999E-05 0.504118 0.00113999 0.494642
9.999E-05 0.0927742 0.391837 0.515289
9.99821E-05 0.482955 9.99821E-05 0.516845
9.9982E-05 0.849404 9.9982E-05 0.150396
9.9982E-05 0.88406 9.9982E-05 0.11574
9.99821E-05 0.934852 0.0649481 9.99821E-05
9.99821E-05 0.907315 0.0924854 9.99821E-05
0.0278806 0.017745 0.954274 9.9991E-05
0.0038919 0.0109234 0.985085 9.9991E-05
9.9982E-05 0.913724 9.9982E-05 0.0860756
0.155186 0.780282 0.0644315 9.9991E-05
0.731732 0.197618 9.9991E-05 0.0705503
0.9997 9.998E-05 9.998E-05 9.998E-05
9.9982E-05 0.962862 9.9982E-05 0.0369379
0.9997 9.998E-05 9.998E-05 9.998E-05
9.9982E-05 0.988581 9.9982E-05 0.0112189
0.528453 0.356237 0.0598177 0.055492
0.968956 0.030844 9.9982E-05 9.9982E-05
9.998E-05 9.998E-05 0.9997 9.998E-05
9.998E-05 9.998E-05 0.9997 9.998E-05
9.998E-05 0.9997 9.998E-05 9.998E-05
9.9982E-05 9.9982E-05 0.910753 0.0890475
9.9982E-05 9.9982E-05 0.932387 0.0674128
0.0154358 9.9991E-05 0.685011 0.299453
0.00744701 0.00540666 0.666638 0.320508
9.9991E-05 0.246441 0.0549603 0.698499
9.998E-05 9.998E-05 0.9997 9.998E-05
9.9982E-05 9.9982E-05 0.0465938 0.953206
9.9982E-05 0.878948 0.120852 9.9982E-05
9.9982E-05 0.0174656 0.982334 9.9982E-05
9.99821E-05 0.918034 0.0817664 9.99821E-05
0.0223657 0.750775 9.9991E-05 0.22676
0.145219 0.637634 0.217047 9.9991E-05
9.9982E-05 0.874511 0.12529 9.9982E-05
9.9982E-05 0.910899 0.0889014 9.9982E-05
0.0148653 0.940786 9.9991E-05 0.0442488
9.9982E-05 0.893473 9.9982E-05 0.106328
0.00422806 0.900876 9.9991E-05 0.0947959
0.142666 0.811563 9.9991E-05 0.0456711
0.0677593 0.780178 0.0522029 0.0998601
9.9991E-05 0.786172 0.145199 0.0685288
9.99822E-05 0.991689 9.99822E-05 0.00811143
9.998E-05 9.998E-05 9.998E-05 0.9997
9.998E-05 9.998E-05 9.998E-05 0.9997
9.9982E-05 9.9982E-05 0.0247625 0.975038
9.998E-05 9.998E-05 9.998E-05 0.9997
9.998E-05 9.998E-05 9.998E-05 0.9997
0.0612477 0.0839813 0.219835 0.634936
9.998E-05 9.998E-05 9.998E-05 0.9997
9.998E-05 0.9997 9.998E-05 9.998E-05
9.9991E-05 0.294165 0.0724645 0.633271
9.998E-05 9.998E-05 0.9997 9.998E-05
9.99821E-05 0.999129 0.00067148 9.99821E-05
9.9982E-05 0.904177 0.0956226 9.9982E-05
9.99822E-05 0.949783 9.99822E-05 0.0500174
9.998E-05 0.9997 9.998E-05 9.998E-05
9.998E-05 0.9997 9.998E-05 9.998E-05
0.910569 0.0625298 9.9991E-05 0.0268016
9.998E-05 9.998E-05 0.9997 9.998E-05
0.102501 0.436159 0.359469 0.101871
9.99821E-05 9.99821E-05 0.964985 0.0348153
9.9982E-05 0.0217074 0.978093 9.9982E-05
9.9982E-05 9.9982E-05 0.903651 0.0961492
9.9982E-05 9.9982E-05 0.943583 0.0562174
9.9991E-05 0.0307791 0.949301 0.0198202
9.998E-05 9.998E-05 0.9997 9.998E-05
9.99821E-05 9.99821E-05 0.455533 0.544267
0.0144228 0.0212026 0.517252 0.447122
9.9982E-05 9.9982E-05 0.984131 0.0156692
9.9991E-05 0.767054 0.0321396 0.200706
9.9991E-05 0.760416 0.0141078 0.225377
0.224217 0.624464 0.151219 9.9991E-05
0.224786 0.649888 0.125226 9.9991E-05
9.99819E-05 0.889333 9.99819E-05 0.110467
0.00935805 0.866236 9.9991E-05 0.124306
0.219335 0.632491 0.148074 9.9991E-05
0.229761 0.628468 0.141671 9.9991E-05
9.9982E-05 0.971547 9.9982E-05 0.0282527
0.0330597 0.895896 9.9991E-05 0.0709447
9.9991E-05 0.275626 0.0488984 0.675375
0.167452 0.712884 0.119564 9.9991E-05
0.121196 0.83333 0.0453738 9.9991E-05
0.0418058 9.9991E-05 0.596624 0.36147
