9.995E-05 9.995E-05 9.995E-05 9.995E-05 0.9994 9.995E-05 9.995E-05
9.9982E-05 0.195251 0.178576 0.0078965 0.263003 0.355074 9.9982E-05
0.0472248 0.0217293 0.0566638 0.0489036 9.99911E-05 0.75898 0.066399
9.9955E-05 9.9955E-05 9.9955E-05 0.0402467 9.9955E-05 0.959253 9.9955E-05
9.99731E-05 0.361841 0.140452 9.99731E-05 0.0472762 0.450131 9.99731E-05
9.9955E-05 9.9955E-05 9.9955E-05 9.9955E-05 0.0184851 0.981015 9.9955E-05
9.99731E-05 0.743968 0.0906434 9.99731E-05 9.99731E-05 0.0592978 0.105791
9.99641E-05 0.213709 0.308105 9.99641E-05 9.99641E-05 0.477787 9.99641E-05
9.99731E-05 0.815438 0.124077 9.99731E-05 9.99731E-05 0.0349417 0.0252433
9.9955E-05 0.95539 9.9955E-05 0.0441102 9.9955E-05 9.9955E-05 9.9955E-05
9.9955E-05 0.955736 9.9955E-05 0.0437641 9.9955E-05 9.9955E-05 9.9955E-05
9.9973E-05 9.9973E-05 9.9973E-05 0.122506 0.708252 0.0284045 0.140537
9.99551E-05 9.99551E-05 9.99551E-05 9.99551E-05 9.99551E-05 0.0128796 0.986621
0.00876486 9.9973E-05 9.9973E-05 0.00609887 0.0352962 0.94954 9.9973E-05
0.00233773 9.9964E-05 9.9964E-05 9.9964E-05 0.0479998 0.949263 9.9964E-05
9.999E-05 0.392625 0.0113126 0.0130856 0.19013 0.0117347 0.381012
0.074161 0.150477 9.9982E-05 0.377712 0.109544 9.9982E-05 0.287906
0.70491 0.189924 0.0527498 9.99729E-05 0.0521161 9.99729E-05 9.99729E-05
0.923258 9.9955E-05 9.9955E-05 0.0762419 9.9955E-05 9.9955E-05 9.9955E-05
9.99729E-05 0.434807 9.99729E-05 0.157205 0.306752 9.99729E-05 0.100936
0.9994 9.995E-05 9.995E-05 9.995E-05 9.995E-05 9.995E-05 9.995E-05
9.99729E-05 0.187558 9.99729E-05 0.0076801 0.654842 9.99729E-05 0.149621
0.429172 0.222905 9.9964E-05 0.347523 9.9964E-05 9.9964E-05 9.9964E-05
0.885799 0.00589066 9.9964E-05 0.107911 9.9964E-05 9.9964E-05 9.9964E-05
9.99551E-05 9.99551E-05 0.0305058 9.99551E-05 9.99551E-05 0.968994 9.99551E-05
9.995E-05 9.995E-05 9.995E-05 9.995E-05 9.995E-05 0.9994 9.995E-05
9.99639E-05 9.99639E-05 9.99639E-05 0.0312162 0.117203 9.99639E-05 0.851181
9.9964E-05 9.9964E-05 0.0917346 9.9964E-05 9.9964E-05 0.899916 0.0079496
9.9964E-05 9.9964E-05 0.0831651 9.9964E-05 9.9964E-05 0.899931 0.0165041
0.0252207 9.9982E-05 0.236601 0.0300585 9.9982E-05 0.694458 0.0134624
0.0125434 9.9982E-05 0.238109 0.046077 9.9982E-05 0.699545 0.00352603
9.997E-05 0.184624 0.465764 9.997E-05 0.200547 0.148765 9.997E-05
9.99551E-05 9.99551E-05 9.99551E-05 0.00590272 9.99551E-05 0.993598 9.99551E-05
9.99821E-05 0.0138025 0.865839 0.000561297 9.99821E-05 0.114829 0.00476779
9.99819E-05 9.99819E-05 0.00041128 0.186009 0.0852947 0.0580001 0.670085
9.99729E-05 9.99729E-05 9.99729E-05 0.00300606 0.00155659 0.985893 0.00924489
9.9955E-05 9.9955E-05 9.9955E-05 9.9955E-05 0.983362 0.0161379 9.9955E-05
0.0477326 0.607765 0.0834118 9.9982E-05 0.238038 0.0228525 9.9982E-05
0.0423117 0.0550353 9.9991E-05 0.415471 0.0792257 0.144351 0.263505
0.0116862 0.378847 9.99819E-05 0.0466225 0.466432 0.0962128 9.99819E-05
9.99729E-05 0.419583 9.99729E-05 0.0895014 0.455714 0.0349014 9.99729E-05
0.0427347 0.693745 9.99819E-05 0.0742543 0.173376 9.99819E-05 0.0156902
9.99639E-05 0.581767 9.99639E-05 9.99639E-05 0.233996 9.99639E-05 0.183837
0.0225841 0.58466 9.99819E-05 0.115297 0.157594 9.99819E-05 0.119665
0.136981 0.295635 9.99819E-05 0.18348 0.162482 9.99819E-05 0.221222
0.0593856 0.451217 9.9991E-05 0.0857808 0.278976 0.0495967 0.0749434
0.00129384 0.147954 0.0468746 0.113717 0.317625 0.0900137 0.282521
0.00295681 9.99553E-05 9.99553E-05 9.99553E-05 0.996543 9.99553E-05 9.99553E-05
9.995E-05 9.995E-05 0.9994 9.995E-05 9.995E-05 9.995E-05 9.995E-05
9.995E-05 9.995E-05 0.9994 9.995E-05 9.995E-05 9.995E-05 9.995E-05
0.00267091 9.9964E-05 0.988871 9.9964E-05 9.9964E-05 9.9964E-05 0.00805777
9.995E-05 9.995E-05 0.9994 9.995E-05 9.995E-05 9.995E-05 9.995E-05
9.995E-05 9.995E-05 0.9994 9.995E-05 9.995E-05 9.995E-05 9.995E-05
0.0396049 0.185389 0.491251 9.99731E-05 9.99731E-05 0.283456 9.99731E-05
9.99639E-05 9.99639E-05 0.975448 9.99639E-05 0.0155483 9.99639E-05 0.00860359
9.99549E-05 9.99549E-05 9.99549E-05 9.99549E-05 0.920551 9.99549E-05 0.0789488
9.9973E-05 0.246525 0.452779 9.9973E-05 0.171563 0.128833 9.9973E-05
9.99549E-05 9.99549E-05 9.99549E-05 9.99549E-05 0.00836232 0.991138 9.99549E-05
9.9964E-05 9.9964E-05 9.9964E-05 0.0381938 0.0750105 9.9964E-05 0.886396
9.9973E-05 0.333271 9.9973E-05 9.9973E-05 0.23446 0.0465201 0.385449
9.995E-05 9.995E-05 9.995E-05 9.995E-05 9.995E-05 9.995E-05 0.9994
9.99639E-05 0.0602116 9.99639E-05 9.99639E-05 0.0220538 9.99639E-05 0.917335
9.99639E-05 9.99639E-05 9.99639E-05 0.0581429 0.00294034 9.99639E-05 0.938517
0.894342 9.99551E-05 9.99551E-05 9.99551E-05 0.105158 9.99551E-05 9.99551E-05
9.995E-05 9.995E-05 9.995E-05 9.995E-05 9.995E-05 0.9994 9.995E-05
0.058346 0.103496 0.0779085 0.12623 0.136639 0.320198 0.177183
9.99642E-05 9.99642E-05 0.00506087 9.99642E-05 9.99642E-05 0.98507 0.00946919
9.9964E-05 9.9964E-05 0.0125791 9.9964E-05 0.0214672 0.965554 9.9964E-05
9.9964E-05 9.9964E-05 0.0841364 9.9964E-05 9.9964E-05 0.896484 0.0189794
9.9964E-05 9.9964E-05 0.081034 9.9964E-05 0.00868121 0.909885 9.9964E-05
9.9982E-05 0.0822107 0.000549677 0.0179025 0.0104722 0.888665 9.9982E-05
9.99549E-05 9.99549E-05 9.99549E-05 0.00334428 9.99549E-05 0.996156 9.99549E-05
9.99642E-05 0.0708202 0.437581 9.99642E-05 9.99642E-05 0.491199 9.99642E-05
9.99732E-05 0.0459626 0.298976 9.99732E-05 9.99732E-05 0.524168 0.130594
0.0107713 9.9991E-05 0.0204277 0.0112864 0.00350179 0.953813 9.9991E-05
9.9991E-05 0.554246 0.017602 0.0422517 0.238098 0.069534 0.078168
9.9991E-05 0.623205 0.0246757 0.037721 0.191444 0.0440589 0.0787954
9.995E-05 9.995E-05 9.995E-05 0.9994 9.995E-05 9.995E-05 9.995E-05
9.995E-05 9.995E-05 9.995E-05 0.9994 9.995E-05 9.995E-05 9.995E-05
0.0214391 0.722704 9.99819E-05 0.0684533 0.170566 9.99819E-05 0.0166375
0.0213463 0.721132 9.99819E-05 0.0301478 0.206852 9.99819E-05 0.0203226
9.9955E-05 9.9955E-05 0.00830854 0.991192 9.9955E-05 9.9955E-05 9.9955E-05
9.995E-05 9.995E-05 9.995E-05 0.9994 9.995E-05 9.995E-05 9.995E-05
9.9964E-05 9.9964E-05 0.0110567 9.9964E-05 0.931096 9.9964E-05 0.0574477
0.046044 0.517378 9.9973E-05 9.9973E-05 0.189575 9.9973E-05 0.246703
9.997E-05 0.301836 0.459249 9.997E-05 0.137658 0.100957 9.997E-05
0.113915 9.99821E-05 9.99821E-05 0.265782 0.0868589 0.0734551 0.459789
0.0535382 9.99731E-05 9.99731E-05 0.307219 0.179414 9.99731E-05 0.459528
0.0374369 0.0425826 0.285593 0.0201784 9.99821E-05 0.614009 9.99821E-05
