0.943817 9.99278E-05 9.99278E-05 9.99278E-05 9.99278E-05 9.99278E-05 9.99278E-05 0.0438669 0.0115167 9.99278E-05 9.99278E-05
0.0179612 9.99369E-05 0.800642 9.99369E-05 9.99369E-05 9.99369E-05 9.99369E-05 9.99369E-05 9.99369E-05 0.0868174 0.09388
9.99374E-05 0.346064 9.99374E-05 0.0357844 9.99374E-05 9.99374E-05 9.99374E-05 9.99374E-05 0.0775409 9.99374E-05 0.539911
9.99281E-05 9.99281E-05 9.99281E-05 9.99281E-05 0.00303828 9.99281E-05 9.99281E-05 9.99281E-05 0.0244776 9.99281E-05 0.971685
0.0386994 0.23016 0.193151 9.99731E-05 0.0452011 0.0126603 9.99731E-05 0.163049 9.99731E-05 0.00768067 0.309098
9.99281E-05 9.99281E-05 9.99281E-05 9.99281E-05 9.99281E-05 9.99281E-05 9.99281E-05 9.99281E-05 0.00345383 0.0161396 0.979607
9.99281E-05 0.473941 9.99281E-05 9.99281E-05 9.99281E-05 0.33135 0.193909 9.99281E-05 9.99281E-05 9.99281E-05 9.99281E-05
9.99549E-05 0.5958 0.0834035 9.99549E-05 0.0855706 9.99549E-05 9.99549E-05 0.0476078 0.0209043 9.99549E-05 0.166214
9.9946E-05 0.403095 0.100497 9.9946E-05 9.9946E-05 0.357938 0.120917 0.0169532 9.9946E-05 9.9946E-05 9.9946E-05
9.99191E-05 0.0257833 9.99191E-05 9.99191E-05 9.99191E-05 9.99191E-05 9.99191E-05 0.973317 9.99191E-05 9.99191E-05 9.99191E-05
9.99192E-05 0.00752633 9.99192E-05 9.99192E-05 9.99192E-05 9.99192E-05 9.99192E-05 0.991574 9.99192E-05 9.99192E-05 9.99192E-05
0.665963 9.9937E-05 9.9937E-05 9.9937E-05 9.9937E-05 9.9937E-05 0.176298 9.9937E-05 0.118415 9.9937E-05 0.0386249
9.99192E-05 0.0292714 9.99192E-05 9.99192E-05 9.99192E-05 9.99192E-05 0.969829 9.99192E-05 9.99192E-05 9.99192E-05 9.99192E-05
9.99371E-05 9.99371E-05 0.0101106 0.00822466 9.99371E-05 9.99371E-05 9.99371E-05 9.99371E-05 9.99371E-05 0.0369723 0.943993
0.028694 9.9946E-05 0.0188156 0.012393 9.9946E-05 9.9946E-05 9.9946E-05 0.0176414 9.9946E-05 9.9946E-05 0.921856
9.9928E-05 9.9928E-05 9.9928E-05 9.9928E-05 9.9928E-05 0.81002 0.146662 9.9928E-05 9.9928E-05 0.0425184 9.9928E-05
9.99189E-05 9.99189E-05 9.99189E-05 9.99189E-05 9.99189E-05 9.99189E-05 9.99189E-05 0.0742548 9.99189E-05 0.924846 9.99189E-05
0.00318427 9.99549E-05 0.110751 0.728851 0.0170671 0.0613504 9.99549E-05 0.0782958 9.99549E-05 9.99549E-05 9.99549E-05
9.9919E-05 9.9919E-05 9.9919E-05 0.910475 9.9919E-05 9.9919E-05 9.9919E-05 9.9919E-05 0.0886261 9.9919E-05 9.9919E-05
0.126938 9.99459E-05 9.99459E-05 9.99459E-05 9.99459E-05 0.300539 9.99459E-05 0.456966 0.0413187 0.0736387 9.99459E-05
9.99191E-05 0.00221194 9.99191E-05 0.996889 9.99191E-05 9.99191E-05 9.99191E-05 9.99191E-05 9.99191E-05 9.99191E-05 9.99191E-05
0.525312 9.99549E-05 0.0253785 9.99549E-05 9.99549E-05 0.274758 9.99549E-05 0.0813964 0.00407626 0.088579 9.99549E-05
9.99371E-05 9.99371E-05 9.99371E-05 0.38412 9.99371E-05 9.99371E-05 9.99371E-05 0.181446 0.18106 0.252675 9.99371E-05
9.99279E-05 9.99279E-05 9.99279E-05 0.904596 9.99279E-05 9.99279E-05 9.99279E-05 0.0297236 0.064881 9.99279E-05 9.99279E-05
9.99192E-05 9.99192E-05 9.99192E-05 9.99192E-05 0.0127965 9.99192E-05 9.99192E-05 9.99192E-05 9.99192E-05 9.99192E-05 0.986304
9.99102E-05 9.99102E-05 9.99102E-05 9.99102E-05 9.99102E-05 9.99102E-05 9.99102E-05 9.99102E-05 9.99102E-05 9.99102E-05 0.999001
0.0669051 9.99549E-05 9.99549E-05 9.99549E-05 9.99549E-05 0.0173836 0.756211 0.0709204 0.0242836 0.0637966 9.99549E-05
9.99191E-05 9.99191E-05 9.99191E-05 9.99191E-05 0.0520505 9.99191E-05 9.99191E-05 9.99191E-05 9.99191E-05 9.99191E-05 0.94705
9.9937E-05 9.9937E-05 9.9937E-05 9.9937E-05 0.0556679 0.00928355 0.0197591 9.9937E-05 9.9937E-05 9.9937E-05 0.91459
9.99641E-05 0.138975 0.0280318 0.00406289 0.193117 9.99641E-05 9.99641E-05 9.99641E-05 0.013286 0.024768 0.59736
9.99459E-05 0.41241 9.99459E-05 9.99459E-05 0.0999851 9.99459E-05 9.99459E-05 9.99459E-05 0.0286995 0.011248 0.447058
9.99102E-05 9.99102E-05 0.999001 9.99102E-05 9.99102E-05 9.99102E-05 9.99102E-05 9.99102E-05 9.99102E-05 9.99102E-05 9.99102E-05
9.99191E-05 0.115717 9.99191E-05 9.99191E-05 9.99191E-05 9.99191E-05 9.99191E-05 9.99191E-05 9.99191E-05 9.99191E-05 0.883384
9.99371E-05 0.232273 0.0368475 9.99371E-05 0.696737 9.99371E-05 9.99371E-05 9.99371E-05 9.99371E-05 9.99371E-05 0.0334429
0.0525917 9.99548E-05 9.99548E-05 9.99548E-05 0.0283662 9.99548E-05 0.446879 0.0153142 0.0847147 0.371635 9.99548E-05
9.99549E-05 0.00515289 0.00224625 9.99549E-05 9.99549E-05 0.0358875 9.99549E-05 9.99549E-05 0.00353078 0.0372921 0.915391
0.953197 0.0269502 9.9928E-05 9.9928E-05 9.9928E-05 9.9928E-05 9.9928E-05 9.9928E-05 9.9928E-05 0.0190533 9.9928E-05
0.071447 9.9946E-05 0.23546 0.00653913 9.9946E-05 9.9946E-05 9.9946E-05 0.678134 9.9946E-05 0.00781961 9.9946E-05
9.99189E-05 0.00539608 9.99189E-05 9.99189E-05 9.99189E-05 9.99189E-05 9.99189E-05 9.99189E-05 9.99189E-05 0.993705 9.99189E-05
0.211978 9.99459E-05 9.99459E-05 9.99459E-05 9.99459E-05 0.284715 9.99459E-05 0.242769 9.99459E-05 0.170772 0.0891664
0.236238 9.99549E-05 0.0408218 9.99549E-05 9.99549E-05 0.264085 9.99549E-05 0.299702 9.99549E-05 0.121878 0.0367763
0.0349153 9.99369E-05 9.99369E-05 9.99369E-05 9.99369E-05 0.0071445 9.99369E-05 0.923521 9.99369E-05 0.0337193 9.99369E-05
0.0149924 9.9937E-05 9.9937E-05 0.0132857 9.9937E-05 0.936725 0.0342973 9.9937E-05 9.9937E-05 9.9937E-05 9.9937E-05
0.0438004 9.9946E-05 9.9946E-05 9.9946E-05 0.00713384 9.9946E-05 0.00958508 0.893819 9.9946E-05 0.045062 9.9946E-05
0.0693167 9.99639E-05 0.0758594 0.10941 9.99639E-05 0.0144745 0.189606 0.432142 0.108791 9.99639E-05 9.99639E-05
0.137635 9.9982E-05 0.0601641 0.0363743 9.9982E-05 0.0793532 0.0237524 0.549382 0.0100975 0.0463021 0.0567397
0.216091 9.9964E-05 9.9964E-05 9.9964E-05 0.0559594 9.9964E-05 0.11387 0.18975 0.0191955 0.309698 0.0950364
0.981761 9.99195E-05 9.99195E-05 0.0173392 9.99195E-05 9.99195E-05 9.99195E-05 9.99195E-05 9.99195E-05 9.99195E-05 9.99195E-05
9.99101E-05 9.99101E-05 9.99101E-05 9.99101E-05 0.999001 9.99101E-05 9.99101E-05 9.99101E-05 9.99101E-05 9.99101E-05 9.99101E-05
9.99101E-05 9.99101E-05 9.99101E-05 9.99101E-05 0.999001 9.99101E-05 9.99101E-05 9.99101E-05 9.99101E-05 9.99101E-05 9.99101E-05
9.99191E-05 9.99191E-05 9.99191E-05 9.99191E-05 0.996711 0.00238972 9.99191E-05 9.99191E-05 9.99191E-05 9.99191E-05 9.99191E-05
9.99102E-05 9.99102E-05 9.99102E-05 9.99102E-05 0.999001 9.99102E-05 9.99102E-05 9.99102E-05 9.99102E-05 9.99102E-05 9.99102E-05
9.99101E-05 9.99101E-05 9.99101E-05 9.99101E-05 0.999001 9.99101E-05 9.99101E-05 9.99101E-05 9.99101E-05 9.99101E-05 9.99101E-05
9.9964E-05 0.31658 0.0711456 0.0272856 0.39396 0.110809 9.9964E-05 0.0254217 9.9964E-05 9.9964E-05 0.0543976
0.00119164 9.9937E-05 0.0538007 9.9937E-05 0.921642 9.9937E-05 9.9937E-05 9.9937E-05 0.0226661 9.9937E-05 9.9937E-05
0.817859 9.99189E-05 9.99189E-05 9.99189E-05 9.99189E-05 0.181242 9.99189E-05 9.99189E-05 9.99189E-05 9.99189E-05 9.99189E-05
9.99369E-05 9.99369E-05 0.911436 9.99369E-05 0.0617105 0.0152596 0.0108945 9.99369E-05 9.99369E-05 9.99369E-05 9.99369E-05
9.99189E-05 9.99189E-05 9.99189E-05 9.99189E-05 9.99189E-05 9.99189E-05 9.99189E-05 9.99189E-05 9.99189E-05 0.0175064 0.981594
0.028961 9.9946E-05 9.9946E-05 9.9946E-05 0.00630684 0.12043 0.785987 9.9946E-05 0.0577155 9.9946E-05 9.9946E-05
0.034139 9.99281E-05 9.99281E-05 9.99281E-05 9.99281E-05 0.897165 0.0678962 9.99281E-05 9.99281E-05 9.99281E-05 9.99281E-05
9.99103E-05 9.99103E-05 9.99103E-05 9.99103E-05 9.99103E-05 9.99103E-05 0.999001 9.99103E-05 9.99103E-05 9.99103E-05 9.99103E-05
0.00670713 9.99459E-05 0.00677866 9.99459E-05 9.99459E-05 9.99459E-05 0.89468 0.0827598 9.99459E-05 9.99459E-05 0.00847481
9.99459E-05 9.99459E-05 9.99459E-05 0.00293278 9.99459E-05 9.99459E-05 0.813402 0.0730097 0.0556012 0.0544551 9.99459E-05
0.0822017 9.99192E-05 9.99192E-05 0.916899 9.99192E-05 9.99192E-05 9.99192E-05 9.99192E-05 9.99192E-05 9.99192E-05 9.99192E-05
9.99283E-05 9.99283E-05 9.99283E-05 9.99283E-05 9.99283E-05 9.99283E-05 9.99283E-05 0.0021855 0.00728962 9.99283E-05 0.989725
0.0677278 9.9982E-05 0.148342 0.0756939 9.9982E-05 0.0788737 0.0326399 0.0520768 0.024001 0.193783 0.326661
9.99372E-05 0.0751756 9.99372E-05 9.99372E-05 9.99372E-05 0.00751936 0.025524 9.99372E-05 9.99372E-05 9.99372E-05 0.891081
0.0104085 0.0275295 9.9946E-05 9.9946E-05 0.00409632 9.9946E-05 9.9946E-05 9.9946E-05 9.9946E-05 0.0567353 0.900631
9.9937E-05 0.0216586 9.9937E-05 9.9937E-05 0.0215856 0.0677291 9.9937E-05 9.9937E-05 9.9937E-05 9.9937E-05 0.888327
9.99371E-05 9.99371E-05 0.0133639 0.00242502 9.99371E-05 0.0541621 9.99371E-05 9.99371E-05 9.99371E-05 9.99371E-05 0.92935
0.0434162 0.148592 9.99461E-05 9.99461E-05 9.99461E-05 9.99461E-05 9.99461E-05 0.046876 9.99461E-05 0.00179355 0.758723
9.993E-05 0.00398587 9.993E-05 9.993E-05 0.00629943 9.993E-05 9.993E-05 9.993E-05 9.993E-05 0.00917195 0.979843
9.99368E-05 0.928876 9.99368E-05 9.99368E-05 0.030039 9.99368E-05 9.99368E-05 9.99368E-05 9.99368E-05 0.0164308 0.0239543
9.99189E-05 0.977549 9.99189E-05 9.99189E-05 9.99189E-05 9.99189E-05 0.0215517 9.99189E-05 9.99189E-05 9.99189E-05 9.99189E-05
9.99371E-05 9.99371E-05 9.99371E-05 0.00185708 0.00917708 0.0100258 9.99371E-05 9.99371E-05 9.99371E-05 9.99371E-05 0.97824
9.99549E-05 0.00375316 0.0060797 9.99549E-05 0.0129849 0.951653 9.99549E-05 9.99549E-05 0.00787117 9.99549E-05 0.0171583
9.9928E-05 9.9928E-05 9.9928E-05 9.9928E-05 0.00965335 0.982945 9.9928E-05 9.9928E-05 9.9928E-05 9.9928E-05 0.00660268
9.99101E-05 9.99101E-05 9.99101E-05 9.99101E-05 9.99101E-05 9.99101E-05 9.99101E-05 9.99101E-05 0.999001 9.99101E-05 9.99101E-05
9.99102E-05 9.99102E-05 9.99102E-05 9.99102E-05 9.99102E-05 9.99102E-05 9.99102E-05 9.99102E-05 0.999001 9.99102E-05 9.99102E-05
0.0070153 9.99459E-05 0.0841255 9.99459E-05 9.99459E-05 0.0186553 0.0404946 0.84911 9.99459E-05 9.99459E-05 9.99459E-05
0.0206553 9.99459E-05 0.0465544 9.99459E-05 9.99459E-05 0.0652813 0.0830497 0.78386 9.99459E-05 9.99459E-05 9.99459E-05
9.99371E-05 0.0199054 9.99371E-05 9.99371E-05 9.99371E-05 0.0130696 9.99371E-05 0.0185388 0.947787 9.99371E-05 9.99371E-05
9.99101E-05 9.99101E-05 9.99101E-05 9.99101E-05 9.99101E-05 9.99101E-05 9.99101E-05 9.99101E-05 0.999001 9.99101E-05 9.99101E-05
0.909956 9.99279E-05 9.99279E-05 9.99279E-05 0.0212865 9.99279E-05 0.0679582 9.99279E-05 9.99279E-05 9.99279E-05 9.99279E-05
0.015559 9.9955E-05 0.0531429 0.0708077 9.9955E-05 0.575068 0.169148 0.115775 9.9955E-05 9.9955E-05 9.9955E-05
9.9928E-05 0.00706897 0.947607 9.9928E-05 0.0445243 9.9928E-05 9.9928E-05 9.9928E-05 9.9928E-05 9.9928E-05 9.9928E-05
9.99462E-05 9.99462E-05 9.99462E-05 0.0635259 9.99462E-05 9.99462E-05 0.231457 0.161198 0.0823883 0.460831 9.99462E-05
0.142113 9.99461E-05 9.99461E-05 0.028691 9.99461E-05 9.99461E-05 0.236655 9.99461E-05 0.0861844 0.505757 9.99461E-05
9.99551E-05 0.469915 0.0209686 0.031277 0.128282 9.99551E-05 9.99551E-05 9.99551E-05 0.0125856 9.99551E-05 0.336472
