9.99369E-05 9.99369E-05 0.860534 9.99369E-05 0.129234 9.99369E-05 9.99369E-05 0.00300264 9.99369E-05 9.99369E-05 0.00652998
9.99458E-05 9.99458E-05 0.00946009 9.99458E-05 9.99458E-05 0.222372 9.99458E-05 0.34719 0.0340334 0.386345 9.99458E-05
0.138436 0.0274712 9.99554E-05 0.0384768 9.99554E-05 0.672516 0.0682138 9.99554E-05 9.99554E-05 0.0543867 9.99554E-05
9.9937E-05 9.9937E-05 9.9937E-05 0.0197987 0.00731843 0.957913 9.9937E-05 9.9937E-05 0.0142703 9.9937E-05 9.9937E-05
0.112675 9.99551E-05 9.99551E-05 9.99551E-05 0.0395145 0.325734 9.99551E-05 0.164572 0.0731434 0.283861 9.99551E-05
0.00258372 9.9928E-05 9.9928E-05 9.9928E-05 9.9928E-05 0.922068 9.9928E-05 0.0745489 9.9928E-05 9.9928E-05 9.9928E-05
9.99189E-05 9.99189E-05 9.99189E-05 9.99189E-05 9.99189E-05 9.99189E-05 0.0805822 9.99189E-05 9.99189E-05 0.918519 9.99189E-05
0.732795 9.99459E-05 9.99459E-05 9.99459E-05 0.113747 0.0020903 9.99459E-05 9.99459E-05 0.115598 0.0351705 9.99459E-05
9.99279E-05 9.99279E-05 9.99279E-05 9.99279E-05 9.99279E-05 9.99279E-05 0.0535598 9.99279E-05 9.99279E-05 0.929829 0.0158118
9.99191E-05 9.99191E-05 9.99191E-05 9.99191E-05 0.949819 9.99191E-05 9.99191E-05 9.99191E-05 9.99191E-05 0.0492817 9.99191E-05
9.99191E-05 9.99191E-05 9.99191E-05 9.99191E-05 0.93248 9.99191E-05 9.99191E-05 9.99191E-05 9.99191E-05 0.0666204 9.99191E-05
0.0270088 9.9946E-05 0.647101 0.134071 9.9946E-05 0.0260881 0.165132 9.9946E-05 9.9946E-05 9.9946E-05 9.9946E-05
0.0357781 9.99191E-05 9.99191E-05 9.99191E-05 9.99191E-05 9.99191E-05 0.963323 9.99191E-05 9.99191E-05 9.99191E-05 9.99191E-05
9.994E-05 0.00895416 0.0251476 9.994E-05 9.994E-05 0.91562 0.00562974 0.0440485 9.994E-05 9.994E-05 9.994E-05
9.9928E-05 9.9928E-05 0.00590425 9.9928E-05 9.9928E-05 0.905528 9.9928E-05 0.0877685 9.9928E-05 9.9928E-05 9.9928E-05
9.99281E-05 9.99281E-05 9.99281E-05 9.99281E-05 0.0619304 9.99281E-05 0.156066 9.99281E-05 9.99281E-05 9.99281E-05 0.781204
9.99461E-05 0.0281249 9.99461E-05 0.236419 0.0657301 9.99461E-05 0.154539 0.514587 9.99461E-05 9.99461E-05 9.99461E-05
9.99549E-05 0.710184 0.00959349 9.99549E-05 0.0957236 9.99549E-05 9.99549E-05 0.132384 0.00793883 0.0436763 9.99549E-05
9.9919E-05 0.926763 9.9919E-05 0.0723379 9.9919E-05 9.9919E-05 9.9919E-05 9.9919E-05 9.9919E-05 9.9919E-05 9.9919E-05
9.9937E-05 9.9937E-05 0.105246 0.0703222 0.469456 9.9937E-05 9.9937E-05 9.9937E-05 9.9937E-05 9.9937E-05 0.354276
9.99101E-05 0.999001 9.99101E-05 9.99101E-05 9.99101E-05 9.99101E-05 9.99101E-05 9.99101E-05 9.99101E-05 9.99101E-05 9.99101E-05
9.99369E-05 9.99369E-05 0.436183 9.99369E-05 9.99369E-05 9.99369E-05 0.0870556 0.26115 9.99369E-05 9.99369E-05 0.214912
9.99371E-05 0.398469 9.99371E-05 0.2903 0.208857 9.99371E-05 9.99371E-05 0.101674 9.99371E-05 9.99371E-05 9.99371E-05
9.99279E-05 0.897284 9.99279E-05 0.071152 0.0307644 9.99279E-05 9.99279E-05 9.99279E-05 9.99279E-05 9.99279E-05 9.99279E-05
9.99192E-05 9.99192E-05 9.99192E-05 9.99192E-05 9.99192E-05 0.94807 9.99192E-05 9.99192E-05 0.0510304 9.99192E-05 9.99192E-05
9.99102E-05 9.99102E-05 9.99102E-05 9.99102E-05 9.99102E-05 0.999001 9.99102E-05 9.99102E-05 9.99102E-05 9.99102E-05 9.99102E-05
9.99459E-05 9.99459E-05 0.0556071 0.0328226 0.0983388 9.99459E-05 0.800194 9.99459E-05 9.99459E-05 9.99459E-05 0.0124378
9.9928E-05 9.9928E-05 9.9928E-05 9.9928E-05 9.9928E-05 0.915588 9.9928E-05 9.9928E-05 0.0654327 0.0181798 9.9928E-05
9.9937E-05 9.9937E-05 9.9937E-05 9.9937E-05 9.9937E-05 0.907391 0.00297425 9.9937E-05 0.0667341 9.9937E-05 0.0222009
0.289624 0.0271092 0.0198212 0.0188255 9.99551E-05 0.567844 9.99551E-05 9.99551E-05 0.076277 9.99551E-05 9.99551E-05
0.537435 9.99459E-05 9.99459E-05 0.0175748 0.032735 0.366576 9.99459E-05 9.99459E-05 0.0450793 9.99459E-05 9.99459E-05
9.99551E-05 9.99551E-05 0.126909 0.0036753 9.99551E-05 0.0495652 9.99551E-05 0.00374538 0.239871 0.575735 9.99551E-05
0.13969 9.99282E-05 9.99282E-05 9.99282E-05 9.99282E-05 0.824104 9.99282E-05 0.0354068 9.99282E-05 9.99282E-05 9.99282E-05
0.25228 9.99282E-05 9.99282E-05 9.99282E-05 0.00196775 9.99282E-05 9.99282E-05 9.99282E-05 0.744953 9.99282E-05 9.99282E-05
0.088179 9.99458E-05 0.0176963 0.150135 9.99458E-05 9.99458E-05 0.547493 0.195898 9.99458E-05 9.99458E-05 9.99458E-05
0.046011 9.99459E-05 9.99459E-05 9.99459E-05 9.99459E-05 0.926323 0.0037589 0.00759743 9.99459E-05 9.99459E-05 0.0157104
0.0340304 9.9928E-05 0.961168 0.00400221 9.9928E-05 9.9928E-05 9.9928E-05 9.9928E-05 9.9928E-05 9.9928E-05 9.9928E-05
0.0287126 0.00428852 0.0671307 9.9973E-05 0.549174 0.0337027 9.9973E-05 0.201469 0.0341349 0.0810867 9.9973E-05
0.106272 9.99372E-05 9.99372E-05 0.236744 9.99372E-05 9.99372E-05 0.0905431 0.565741 9.99372E-05 9.99372E-05 9.99372E-05
9.99101E-05 9.99101E-05 9.99101E-05 9.99101E-05 9.99101E-05 9.99101E-05 9.99101E-05 0.999001 9.99101E-05 9.99101E-05 9.99101E-05
9.99278E-05 9.99278E-05 0.0652687 9.99278E-05 0.0444108 9.99278E-05 9.99278E-05 0.889521 9.99278E-05 9.99278E-05 9.99278E-05
9.99369E-05 9.99369E-05 0.0513289 9.99369E-05 0.85458 9.99369E-05 9.99369E-05 0.0418156 9.99369E-05 9.99369E-05 0.0515756
9.9955E-05 0.027131 0.0317548 9.9955E-05 0.00782459 9.9955E-05 0.0176774 9.9955E-05 9.9955E-05 0.0210159 0.894096
9.99459E-05 9.99459E-05 0.037336 0.0124392 0.925645 9.99459E-05 9.99459E-05 9.99459E-05 0.0141263 9.99459E-05 0.00985392
9.9973E-05 0.092825 0.0188962 0.0860441 0.351322 9.9973E-05 0.187885 0.205279 9.9973E-05 0.0332674 0.0241805
0.076096 0.0104874 0.113048 0.00600091 0.430648 9.9973E-05 0.0223633 0.16964 9.9973E-05 9.9973E-05 0.171417
0.022376 9.9973E-05 0.198926 0.0553132 0.296044 0.0999368 0.191054 0.11166 0.0243905 9.9973E-05 9.9973E-05
9.99195E-05 0.0130689 0.986032 9.99195E-05 9.99195E-05 9.99195E-05 9.99195E-05 9.99195E-05 9.99195E-05 9.99195E-05 9.99195E-05
9.99101E-05 9.99101E-05 9.99101E-05 9.99101E-05 9.99101E-05 9.99101E-05 9.99101E-05 9.99101E-05 0.999001 9.99101E-05 9.99101E-05
9.99101E-05 9.99101E-05 9.99101E-05 9.99101E-05 9.99101E-05 9.99101E-05 9.99101E-05 9.99101E-05 0.999001 9.99101E-05 9.99101E-05
9.99201E-05 0.00362132 9.99201E-05 9.99201E-05 0.0240184 9.99201E-05 9.99201E-05 9.99201E-05 0.971561 9.99201E-05 9.99201E-05
9.99101E-05 9.99101E-05 9.99101E-05 9.99101E-05 9.99101E-05 9.99101E-05 9.99101E-05 9.99101E-05 0.999001 9.99101E-05 9.99101E-05
9.99101E-05 9.99101E-05 9.99101E-05 9.99101E-05 9.99101E-05 9.99101E-05 9.99101E-05 9.99101E-05 0.999001 9.99101E-05 9.99101E-05
0.356159 0.0486167 9.9973E-05 0.00284531 9.9973E-05 0.0303415 0.0176501 9.9973E-05 0.398861 0.030749 0.114477
9.9937E-05 9.9937E-05 0.0041004 9.9937E-05 9.9937E-05 9.9937E-05 9.9937E-05 0.00370642 0.962906 0.028588 9.9937E-05
9.99279E-05 9.99279E-05 0.811309 9.99279E-05 9.99279E-05 9.99279E-05 0.00997536 9.99279E-05 9.99279E-05 9.99279E-05 0.177917
9.99458E-05 9.99458E-05 0.109103 0.0133582 9.99458E-05 0.0565854 9.99458E-05 9.99458E-05 0.237773 0.58258 9.99458E-05
9.99189E-05 9.99189E-05 9.99189E-05 9.99189E-05 9.99189E-05 0.947441 9.99189E-05 0.0516593 9.99189E-05 9.99189E-05 9.99189E-05
9.9955E-05 9.9955E-05 0.0290532 0.00640582 9.9955E-05 9.9955E-05 0.812264 0.0474227 0.0201338 9.9955E-05 0.0842206
9.99192E-05 9.99192E-05 9.99192E-05 9.99192E-05 9.99192E-05 9.99192E-05 0.0743579 9.99192E-05 9.99192E-05 9.99192E-05 0.924743
9.99193E-05 9.99193E-05 9.99193E-05 9.99193E-05 9.99193E-05 9.99193E-05 0.980059 9.99193E-05 9.99193E-05 0.0190421 9.99193E-05
9.99188E-05 9.99188E-05 9.99188E-05 9.99188E-05 0.114325 9.99188E-05 0.884775 9.99188E-05 9.99188E-05 9.99188E-05 9.99188E-05
9.99279E-05 9.99279E-05 9.99279E-05 0.0278057 0.0880146 9.99279E-05 0.88338 9.99279E-05 9.99279E-05 9.99279E-05 9.99279E-05
9.99193E-05 0.890741 0.10836 9.99193E-05 9.99193E-05 9.99193E-05 9.99193E-05 9.99193E-05 9.99193E-05 9.99193E-05 9.99193E-05
9.99283E-05 9.99283E-05 9.99283E-05 0.00548775 0.00358589 0.990127 9.99283E-05 9.99283E-05 9.99283E-05 9.99283E-05 9.99283E-05
0.110457 0.00980597 0.171664 0.134105 0.138239 0.22678 0.0992451 9.99731E-05 0.109403 9.99731E-05 9.99731E-05
0.0473191 9.99283E-05 9.99283E-05 9.99283E-05 9.99283E-05 0.90835 9.99283E-05 9.99283E-05 9.99283E-05 9.99283E-05 0.0435317
0.0117805 9.9928E-05 9.9928E-05 9.9928E-05 9.9928E-05 0.902834 9.9928E-05 0.0845859 9.9928E-05 9.9928E-05 9.9928E-05
0.0122107 9.9946E-05 9.9946E-05 9.9946E-05 9.9946E-05 0.875158 9.9946E-05 9.9946E-05 0.0307672 0.0287014 0.0525627
9.9946E-05 0.0172684 9.9946E-05 9.9946E-05 9.9946E-05 0.931018 9.9946E-05 9.9946E-05 0.00177371 0.0308805 0.0184594
0.162629 9.99371E-05 9.99371E-05 9.99371E-05 0.0303503 0.768144 9.99371E-05 0.0381777 9.99371E-05 9.99371E-05 9.99371E-05
0.00980085 9.9928E-05 9.9928E-05 9.9928E-05 9.9928E-05 0.946465 9.9928E-05 0.0429344 9.9928E-05 9.9928E-05 9.9928E-05
0.999001 9.99101E-05 9.99101E-05 9.99101E-05 9.99101E-05 9.99101E-05 9.99101E-05 9.99101E-05 9.99101E-05 9.99101E-05 9.99101E-05
0.944439 9.9919E-05 9.9919E-05 9.9919E-05 9.9919E-05 9.9919E-05 0.0546621 9.9919E-05 9.9919E-05 9.9919E-05 9.9919E-05
9.99461E-05 9.99461E-05 0.0080751 0.00823771 0.0154301 0.954259 9.99461E-05 9.99461E-05 9.99461E-05 9.99461E-05 0.0133984
9.9937E-05 9.9937E-05 9.9937E-05 9.9937E-05 9.9937E-05 0.000870585 9.9937E-05 0.0196648 0.0108523 9.9937E-05 0.967913
9.99189E-05 9.99189E-05 9.99189E-05 9.99189E-05 9.99189E-05 9.99189E-05 9.99189E-05 9.99189E-05 0.0239164 9.99189E-05 0.975184
9.99101E-05 9.99101E-05 9.99101E-05 0.999001 9.99101E-05 9.99101E-05 9.99101E-05 9.99101E-05 9.99101E-05 9.99101E-05 9.99101E-05
9.99101E-05 9.99101E-05 9.99101E-05 0.999001 9.99101E-05 9.99101E-05 9.99101E-05 9.99101E-05 9.99101E-05 9.99101E-05 9.99101E-05
9.99459E-05 9.99459E-05 0.0256295 9.99459E-05 0.731563 0.021907 9.99459E-05 0.101628 9.99459E-05 9.99459E-05 0.118673
9.995E-05 9.995E-05 0.0220213 9.995E-05 0.723953 9.995E-05 0.0497752 0.0624142 0.00385637 9.995E-05 0.13748
9.9919E-05 9.9919E-05 9.9919E-05 0.988377 9.9919E-05 9.9919E-05 9.9919E-05 9.9919E-05 9.9919E-05 0.0107241 9.9919E-05
9.99101E-05 9.99101E-05 9.99101E-05 0.999001 9.99101E-05 9.99101E-05 9.99101E-05 9.99101E-05 9.99101E-05 9.99101E-05 9.99101E-05
9.99369E-05 9.99369E-05 0.937346 9.99369E-05 9.99369E-05 9.99369E-05 0.0344391 9.99369E-05 0.023898 9.99369E-05 0.00361715
9.99459E-05 0.00422774 9.99459E-05 9.99459E-05 9.99459E-05 9.99459E-05 0.136183 0.630528 9.99459E-05 0.127618 0.100844
9.99368E-05 9.99368E-05 0.0800492 9.99368E-05 9.99368E-05 0.0789385 9.99368E-05 9.99368E-05 0.198973 0.64134 9.99368E-05
9.99552E-05 0.11231 9.99552E-05 0.210796 0.245722 0.0274548 0.318813 0.0844051 9.99552E-05 9.99552E-05 9.99552E-05
9.99462E-05 0.0551819 0.12468 0.260698 9.99462E-05 9.99462E-05 0.421383 0.137457 9.99462E-05 9.99462E-05 9.99462E-05
0.580266 0.0408374 9.99551E-05 0.0165914 0.00224263 0.306718 9.99551E-05 9.99551E-05 0.0528449 9.99551E-05 9.99551E-05
