0.00261357 9.9982E-05 0.025829 0.971357 9.9982E-05
0.32011 9.9991E-05 0.0130329 0.388879 0.277878
0.0239352 0.0690256 0.0318916 0.0649788 0.810169
9.9973E-05 9.9973E-05 0.0386812 9.9973E-05 0.961019
0.283289 9.99821E-05 9.99821E-05 0.23376 0.482751
9.997E-05 9.997E-05 9.997E-05 9.997E-05 0.9996
0.350222 9.99821E-05 9.99821E-05 0.589743 0.0598347
0.459887 9.9991E-05 0.0525717 0.0310592 0.456382
0.400748 9.99821E-05 9.99821E-05 0.561917 0.0371355
0.124182 9.9982E-05 0.127381 0.748236 9.9982E-05
0.102156 9.9982E-05 0.149592 0.748052 9.9982E-05
9.9982E-05 9.9982E-05 0.126082 0.803724 0.069994
9.99821E-05 0.00205484 9.99821E-05 0.936333 0.0614118
9.9973E-05 0.0252575 9.9973E-05 9.9973E-05 0.974443
9.9973E-05 0.0226466 9.9973E-05 9.9973E-05 0.977054
0.0531016 9.9991E-05 0.0225736 0.899794 0.0244311
9.9982E-05 0.073342 0.407525 0.518933 9.9982E-05
0.108033 0.744454 9.9982E-05 0.147313 9.9982E-05
9.9973E-05 0.924719 0.0749812 9.9973E-05 9.9973E-05
0.0077168 9.9982E-05 0.186882 0.805201 9.9982E-05
9.997E-05 0.9996 9.997E-05 9.997E-05 9.997E-05
9.9973E-05 9.9973E-05 0.0224842 0.977216 9.9973E-05
0.0362146 0.444097 0.401496 0.0735278 0.0446642
9.99729E-05 0.875525 0.124175 9.99729E-05 9.99729E-05
9.997E-05 9.997E-05 9.997E-05 9.997E-05 0.9996
9.997E-05 9.997E-05 9.997E-05 9.997E-05 0.9996
9.9973E-05 9.9973E-05 0.0681178 0.931582 9.9973E-05
0.0820737 9.9973E-05 9.9973E-05 9.9973E-05 0.917626
0.0984725 9.9973E-05 9.9973E-05 9.9973E-05 0.901228
0.263909 0.039476 9.99821E-05 9.99821E-05 0.696415
0.283829 9.9982E-05 0.0706048 9.9982E-05 0.645367
0.649034 9.99821E-05 9.99821E-05 0.264506 0.0862602
9.997E-05 9.997E-05 9.997E-05 9.997E-05 0.9996
0.914521 9.9982E-05 0.00261422 9.9982E-05 0.0826653
9.9982E-05 9.9982E-05 0.230604 0.69835 0.0708457
9.99786E-05 9.99786E-05 9.99786E-05 0.00119725 0.998503
9.99821E-05 9.99821E-05 0.00712286 0.891383 0.101294
0.225673 0.0608154 0.0401688 0.673243 9.9991E-05
9.9991E-05 0.0617738 0.429333 0.366538 0.142255
9.9991E-05 0.0113249 0.0548797 0.774702 0.158993
0.0251926 0.0114233 0.0779184 0.805478 0.0799881
0.00998056 0.0115368 0.150594 0.827788 9.9991E-05
0.0938498 9.9973E-05 9.9973E-05 0.90585 9.9973E-05
0.0756351 0.00470585 0.154496 0.765063 9.9991E-05
0.0253919 0.131813 0.203185 0.63951 9.9991E-05
0.0412141 0.0528492 0.10983 0.704259 0.0918473
0.0487007 9.9991E-05 0.15614 0.677007 0.118052
0.0289448 0.049558 9.99822E-05 0.921297 9.99822E-05
0.9996 9.997E-05 9.997E-05 9.997E-05 9.997E-05
0.999547 0.000153316 9.99729E-05 9.99729E-05 9.99729E-05
0.991243 0.000165986 9.9982E-05 0.00839092 9.9982E-05
0.9996 9.997E-05 9.997E-05 9.997E-05 9.997E-05
0.9996 9.997E-05 9.997E-05 9.997E-05 9.997E-05
0.630627 0.021576 9.9991E-05 0.101661 0.246037
0.9996 9.997E-05 9.997E-05 9.997E-05 9.997E-05
9.997E-05 9.997E-05 9.997E-05 0.9996 9.997E-05
0.574311 9.9982E-05 9.9982E-05 0.339704 0.0857852
9.997E-05 9.997E-05 9.997E-05 9.997E-05 0.9996
9.99821E-05 9.99821E-05 0.0293914 0.966979 0.00342996
9.9982E-05 9.9982E-05 0.0201543 0.908088 0.0715578
9.99732E-05 0.0195035 9.99732E-05 0.980197 9.99732E-05
9.997E-05 9.997E-05 9.997E-05 0.9996 9.997E-05
9.9982E-05 0.0114272 0.0812206 0.907152 9.9982E-05
0.0178454 0.898839 9.99821E-05 0.0831159 9.99821E-05
9.997E-05 9.997E-05 9.997E-05 9.997E-05 0.9996
0.0897653 0.019104 0.0807835 0.409276 0.401071
9.997E-05 9.997E-05 9.997E-05 9.997E-05 0.9996
9.9973E-05 9.9973E-05 9.9973E-05 0.030148 0.969552
0.105744 9.9973E-05 9.9973E-05 9.9973E-05 0.893956
0.065358 0.00522386 9.9982E-05 9.9982E-05 0.929218
0.00912177 9.9991E-05 0.0302947 0.026694 0.93379
9.997E-05 9.997E-05 9.997E-05 9.997E-05 0.9996
0.484203 9.99821E-05 0.00224656 9.99821E-05 0.51335
0.402655 0.025537 9.99911E-05 0.0396387 0.532069
0.00493278 9.9991E-05 0.00221761 0.0122871 0.980463
0.134621 9.9991E-05 0.0710183 0.742238 0.0520223
0.173951 9.9991E-05 0.0605639 0.741288 0.0240971
9.997E-05 9.997E-05 0.9996 9.997E-05 9.997E-05
9.997E-05 9.997E-05 0.9996 9.997E-05 9.997E-05
0.0934859 0.00532265 0.0963058 0.804786 9.9991E-05
0.104437 0.0128161 0.0593038 0.823344 9.9991E-05
9.997E-05 9.997E-05 0.9996 9.997E-05 9.997E-05
9.997E-05 9.997E-05 0.9996 9.997E-05 9.997E-05
0.025124 9.9973E-05 9.9973E-05 0.974576 9.9973E-05
0.037964 0.0689847 9.9991E-05 0.870723 0.0222285
0.650523 9.9982E-05 9.9982E-05 0.27268 0.0765973
9.9991E-05 0.146298 0.296997 0.488123 0.0684825
9.9991E-05 0.0849506 0.343585 0.547624 0.0237402
0.312638 0.0502172 0.040906 9.9991E-05 0.596139
