9.9973E-05 9.9973E-05 9.9973E-05 0.0404866 0.959213
0.323674 0.265929 9.9991E-05 0.0183469 0.39195
0.884716 0.00731918 0.0440611 0.0241783 0.0397253
0.958534 9.9973E-05 9.9973E-05 0.0411662 9.9973E-05
0.432703 0.298401 9.9991E-05 0.0148024 0.253993
0.973483 9.9982E-05 0.0132714 0.0130451 9.9982E-05
0.0642734 0.315509 9.99821E-05 9.99821E-05 0.620017
0.412898 0.435688 9.9991E-05 0.0028135 0.148501
0.053078 0.37842 9.99821E-05 9.99821E-05 0.568302
9.9982E-05 0.116224 9.9982E-05 0.107106 0.77647
9.9982E-05 0.122216 9.9982E-05 0.124446 0.753139
0.0593297 9.9982E-05 9.9982E-05 0.127886 0.812584
0.0668398 9.99732E-05 9.99732E-05 9.99732E-05 0.93286
0.965506 9.9991E-05 0.0167234 0.0159825 0.00168767
0.963869 9.9982E-05 0.0131175 9.9982E-05 0.0228135
0.0231633 0.048285 9.9991E-05 0.0227296 0.905722
9.9982E-05 9.9982E-05 0.0688541 0.390952 0.539994
9.99819E-05 0.0866571 0.730883 9.99819E-05 0.18226
9.9973E-05 9.9973E-05 0.935053 0.0646466 9.9973E-05
9.9973E-05 9.9973E-05 9.9973E-05 0.158991 0.840709
9.997E-05 9.997E-05 0.9996 9.997E-05 9.997E-05
0.00326205 9.9982E-05 9.9982E-05 0.0692569 0.927281
0.0277592 0.0568995 0.440091 0.370451 0.104799
9.9973E-05 9.9973E-05 0.894679 0.105021 9.9973E-05
0.9996 9.997E-05 9.997E-05 9.997E-05 9.997E-05
0.9996 9.997E-05 9.997E-05 9.997E-05 9.997E-05
9.9973E-05 9.9973E-05 9.9973E-05 0.0673051 0.932395
0.953275 0.0464254 9.9973E-05 9.9973E-05 9.9973E-05
0.914373 0.0853272 9.9973E-05 9.9973E-05 9.9973E-05
0.658714 0.280843 0.00483158 0.055512 9.9991E-05
0.618819 0.337105 9.9982E-05 0.0438754 9.9982E-05
0.119552 0.580419 9.99821E-05 9.99821E-05 0.299829
0.990903 9.99731E-05 9.99731E-05 0.00879727 9.99731E-05
0.0697684 0.916812 9.9982E-05 0.0132195 9.9982E-05
0.0735999 9.9982E-05 9.9982E-05 0.252527 0.673673
0.9996 9.997E-05 9.997E-05 9.997E-05 9.997E-05
0.0845167 9.99821E-05 9.99821E-05 0.0104787 0.904805
0.0296456 0.210881 0.034257 0.0321933 0.693023
0.183719 9.9991E-05 0.056702 0.426942 0.332538
0.131451 9.9991E-05 0.00947389 0.0813314 0.777643
0.0775006 0.0250184 0.016764 0.0676633 0.813054
9.9991E-05 0.0194936 0.0106676 0.119026 0.850713
9.9973E-05 0.060834 9.9973E-05 9.9973E-05 0.938866
9.9991E-05 0.0635285 0.00445632 0.145685 0.78623
9.9991E-05 0.0231636 0.114831 0.197011 0.664894
0.050879 0.0934779 0.0462742 0.0927395 0.716629
0.130745 0.0538594 9.9991E-05 0.140525 0.67477
9.99822E-05 0.00137743 0.049322 9.99822E-05 0.949101
9.997E-05 0.9996 9.997E-05 9.997E-05 9.997E-05
9.997E-05 0.9996 9.997E-05 9.997E-05 9.997E-05
9.9982E-05 0.99028 0.00548757 0.00403212 9.9982E-05
9.997E-05 0.9996 9.997E-05 9.997E-05 9.997E-05
9.997E-05 0.9996 9.997E-05 9.997E-05 9.997E-05
0.178829 0.654566 0.0363468 0.0233943 0.106863
9.9973E-05 0.9928 9.9973E-05 0.00690032 9.9973E-05
9.997E-05 9.997E-05 9.997E-05 9.997E-05 0.9996
0.136846 0.531914 9.9991E-05 0.000473322 0.330666
0.9996 9.997E-05 9.997E-05 9.997E-05 9.997E-05
9.99821E-05 9.99821E-05 0.00270596 0.0316648 0.965429
0.0918823 9.9982E-05 9.9982E-05 0.0134606 0.894457
9.99732E-05 9.99732E-05 0.0205114 9.99732E-05 0.979189
9.997E-05 9.997E-05 9.997E-05 9.997E-05 0.9996
9.9982E-05 9.9982E-05 0.0220587 0.0987097 0.879032
9.99821E-05 0.0289512 0.881327 9.99821E-05 0.0895214
0.9996 9.997E-05 9.997E-05 9.997E-05 9.997E-05
0.213701 0.272011 0.060042 0.133996 0.32025
0.982339 9.99821E-05 9.99821E-05 0.0073695 0.0100917
0.975145 0.0151744 9.9982E-05 9.9982E-05 0.00948026
0.927458 0.069553 9.9982E-05 9.9982E-05 0.0027892
0.942852 0.0485468 0.00840123 9.9982E-05 9.9982E-05
0.908536 0.0368093 9.9991E-05 0.0189969 0.0355582
0.9996 9.997E-05 9.997E-05 9.997E-05 9.997E-05
0.502269 0.483185 9.99821E-05 9.99821E-05 0.014346
0.559066 0.363686 0.0119781 9.99911E-05 0.0651701
0.964148 0.0250083 0.00641374 9.9991E-05 0.00432977
0.0587069 0.139433 9.9991E-05 0.0766753 0.725085
0.0544965 0.128727 9.9991E-05 0.0404793 0.776197
9.997E-05 9.997E-05 9.997E-05 0.9996 9.997E-05
9.997E-05 9.997E-05 9.997E-05 0.9996 9.997E-05
9.99819E-05 0.102213 9.99819E-05 0.0953131 0.802274
9.9991E-05 0.0900847 0.00380813 0.0644537 0.841554
9.997E-05 9.997E-05 9.997E-05 0.9996 9.997E-05
9.997E-05 9.997E-05 9.997E-05 0.9996 9.997E-05
9.9973E-05 0.0114527 9.9973E-05 9.9973E-05 0.988247
0.000383594 0.0300117 0.0535836 9.9991E-05 0.915921
0.118726 0.553853 9.9982E-05 9.9982E-05 0.327221
0.0553509 9.9991E-05 0.13248 0.312154 0.499915
9.99821E-05 9.99821E-05 0.0914257 0.334004 0.574371
0.588891 0.341719 0.0292893 0.0400011 9.9991E-05
