9.99549E-05 9.99549E-05 0.0493695 9.99549E-05 9.99549E-05 0.950131 9.99549E-05
0.336871 9.9973E-05 0.204988 0.200343 9.9973E-05 0.257498 9.9973E-05
0.826022 0.0727336 9.99822E-05 0.0373886 0.0257637 9.99822E-05 0.037892
0.975633 0.0238674 9.9955E-05 9.9955E-05 9.9955E-05 9.9955E-05 9.9955E-05
0.442303 9.99731E-05 0.180611 0.245974 9.99731E-05 0.130813 9.99731E-05
0.989427 0.00754207 9.9964E-05 9.9964E-05 0.00263143 9.9964E-05 9.9964E-05
0.029713 9.99731E-05 0.0451439 0.3358 9.99731E-05 9.99731E-05 0.589043
0.41162 9.99641E-05 0.149125 0.438855 9.99641E-05 9.99641E-05 9.99641E-05
9.99641E-05 9.99641E-05 0.172561 0.392815 9.99641E-05 9.99641E-05 0.434224
9.995E-05 9.995E-05 0.9994 9.995E-05 9.995E-05 9.995E-05 9.995E-05
9.995E-05 9.995E-05 0.9994 9.995E-05 9.995E-05 9.995E-05 9.995E-05
0.0402529 0.0985013 9.9973E-05 9.9973E-05 9.9973E-05 0.688272 0.172673
9.995E-05 9.995E-05 9.995E-05 9.995E-05 9.995E-05 9.995E-05 0.9994
0.965432 9.9964E-05 9.9964E-05 9.9964E-05 0.0277371 0.00643058 9.9964E-05
0.953567 9.9955E-05 9.9955E-05 9.9955E-05 9.9955E-05 0.0459336 9.9955E-05
9.998E-05 0.00852676 0.397316 0.053033 9.998E-05 0.119586 0.421338
9.9973E-05 0.352393 0.428127 9.9973E-05 0.0500526 9.9973E-05 0.169127
9.9973E-05 9.9973E-05 0.209034 0.097045 0.684457 0.00916422 9.9973E-05
9.9955E-05 0.0776153 9.9955E-05 9.9955E-05 0.921885 9.9955E-05 9.9955E-05
9.9973E-05 0.10465 0.726688 9.9973E-05 9.9973E-05 0.118221 0.0501409
9.995E-05 9.995E-05 9.995E-05 9.995E-05 0.9994 9.995E-05 9.995E-05
9.99729E-05 0.0756969 0.180986 9.99729E-05 9.99729E-05 0.603951 0.139066
9.9973E-05 0.333898 0.260974 0.0137055 0.391122 9.9973E-05 9.9973E-05
9.996E-05 0.103507 0.0120788 9.996E-05 0.884015 9.996E-05 9.996E-05
0.985285 9.99551E-05 9.99551E-05 0.0142152 9.99551E-05 9.99551E-05 9.99551E-05
0.9994 9.995E-05 9.995E-05 9.995E-05 9.995E-05 9.995E-05 9.995E-05
9.99729E-05 0.108107 0.0368836 9.99729E-05 9.99729E-05 0.105357 0.749352
0.966646 9.9955E-05 9.9955E-05 0.0328545 9.9955E-05 9.9955E-05 9.9955E-05
0.899154 9.9964E-05 9.9964E-05 0.0868723 9.9964E-05 9.9964E-05 0.0135737
0.660569 0.0424228 9.9982E-05 0.287233 0.0037559 0.00581857 9.9982E-05
0.665692 0.0555426 9.99641E-05 0.278366 9.99641E-05 9.99641E-05 9.99641E-05
0.0936758 9.99731E-05 0.0553611 0.593819 9.99731E-05 0.256845 9.99731E-05
0.988461 9.99551E-05 0.0110393 9.99551E-05 9.99551E-05 9.99551E-05 9.99551E-05
0.103385 0.0147828 0.00478232 0.868866 9.9982E-05 9.9982E-05 0.00798402
0.0312697 0.254912 0.0929716 9.99819E-05 9.99819E-05 0.0876333 0.533013
0.984641 0.00118481 9.99639E-05 9.99639E-05 9.99639E-05 9.99639E-05 0.0137745
0.00266925 9.9955E-05 9.9955E-05 9.9955E-05 9.9955E-05 0.996831 9.9955E-05
0.0232813 9.9973E-05 0.750196 0.0958728 9.9973E-05 0.13035 9.9973E-05
0.146336 0.397097 0.275262 9.9982E-05 0.0336016 9.9982E-05 0.147503
0.115364 0.00503322 0.581223 9.9982E-05 0.00466098 0.293518 9.9982E-05
0.0609487 0.0154746 0.58685 9.99729E-05 9.99729E-05 0.336427 9.99729E-05
9.995E-05 9.995E-05 0.9994 9.995E-05 9.995E-05 9.995E-05 9.995E-05
9.997E-05 9.997E-05 0.470015 0.0734437 9.997E-05 0.14035 0.315892
9.9964E-05 0.0358649 0.95589 9.9964E-05 9.9964E-05 0.00784549 9.9964E-05
9.9982E-05 0.14437 0.460613 9.9982E-05 0.118997 0.0755345 0.200285
0.0512797 0.019806 0.705298 9.9991E-05 0.0377809 0.12206 0.0636755
0.0845453 0.135832 0.308926 0.0532251 9.9991E-05 0.235259 0.182113
9.995E-05 9.995E-05 9.995E-05 9.995E-05 9.995E-05 0.9994 9.995E-05
9.995E-05 9.995E-05 9.995E-05 0.9994 9.995E-05 9.995E-05 9.995E-05
9.995E-05 9.995E-05 9.995E-05 0.9994 9.995E-05 9.995E-05 9.995E-05
9.99549E-05 0.0147268 9.99549E-05 0.984773 9.99549E-05 9.99549E-05 9.99549E-05
9.995E-05 9.995E-05 9.995E-05 0.9994 9.995E-05 9.995E-05 9.995E-05
9.995E-05 9.995E-05 9.995E-05 0.9994 9.995E-05 9.995E-05 9.995E-05
0.257743 9.998E-05 0.091646 0.582468 0.0367426 9.998E-05 0.0312012
9.99639E-05 0.00749275 9.99639E-05 0.981361 9.99639E-05 0.0107464 9.99639E-05
9.99549E-05 9.99549E-05 9.99549E-05 9.99549E-05 9.99549E-05 0.925513 0.0739872
0.0746994 9.99875E-05 0.0364728 0.595615 9.99875E-05 0.244086 0.0489265
0.9994 9.995E-05 9.995E-05 9.995E-05 9.995E-05 9.995E-05 9.995E-05
9.996E-05 0.0555046 9.996E-05 9.996E-05 9.996E-05 0.0744598 0.869636
0.054942 9.9973E-05 0.357642 9.9973E-05 9.9973E-05 0.194489 0.392627
9.995E-05 9.995E-05 9.995E-05 9.995E-05 9.995E-05 9.995E-05 0.9994
9.99549E-05 9.99549E-05 0.112493 9.99549E-05 9.99549E-05 9.99549E-05 0.887007
9.99639E-05 0.110693 0.0178391 9.99639E-05 9.99639E-05 9.99639E-05 0.871068
9.99641E-05 9.99641E-05 9.99641E-05 0.00035384 0.904508 0.0947379 9.99641E-05
0.977563 0.0219369 9.99552E-05 9.99552E-05 9.99552E-05 9.99552E-05 9.99552E-05
0.331657 0.169078 0.327486 0.069908 9.999E-05 0.0208435 0.0809284
0.971998 9.99552E-05 9.99552E-05 9.99552E-05 9.99552E-05 9.99552E-05 0.0275018
0.949432 9.9964E-05 0.00691097 9.9964E-05 9.9964E-05 0.0432576 9.9964E-05
0.879094 9.996E-05 9.996E-05 0.0895612 9.996E-05 9.996E-05 0.0309447
0.920687 9.9973E-05 9.9973E-05 0.0686138 0.00746031 9.9973E-05 0.00293913
0.913696 0.00460086 0.0813036 9.99641E-05 9.99641E-05 9.99641E-05 9.99641E-05
0.9994 9.995E-05 9.995E-05 9.995E-05 9.995E-05 9.995E-05 9.995E-05
0.453591 9.99732E-05 0.0188739 0.514871 9.99732E-05 9.99732E-05 0.0123637
0.460136 9.99642E-05 9.99642E-05 0.370954 9.99642E-05 9.99642E-05 0.16851
0.984315 9.9964E-05 0.00314313 9.9964E-05 9.9964E-05 0.0121418 9.9964E-05
0.0733604 0.0199381 0.48339 0.0756277 9.999E-05 0.112765 0.234819
0.0756289 0.00782174 0.485096 0.0928492 9.999E-05 0.109808 0.228696
9.995E-05 0.9994 9.995E-05 9.995E-05 9.995E-05 9.995E-05 9.995E-05
9.995E-05 0.9994 9.995E-05 9.995E-05 9.995E-05 9.995E-05 9.995E-05
9.9973E-05 9.9973E-05 0.959111 0.0150294 9.9973E-05 0.0207915 0.00476792
9.9964E-05 9.9964E-05 0.916893 9.9964E-05 9.9964E-05 0.0125516 0.0701558
9.9955E-05 0.988808 9.9955E-05 0.0106921 9.9955E-05 9.9955E-05 9.9955E-05
9.995E-05 0.9994 9.995E-05 9.995E-05 9.995E-05 9.995E-05 9.995E-05
9.99549E-05 9.99549E-05 9.99549E-05 9.99549E-05 9.99549E-05 0.924104 0.0753961
0.00131471 9.9991E-05 0.493555 0.00855704 0.0569773 0.115724 0.323772
0.0937986 9.998E-05 0.081684 0.58136 9.998E-05 0.214071 0.0288863
0.0767798 0.312158 0.207609 9.9991E-05 0.133082 0.000472798 0.269798
9.99731E-05 0.346139 9.99731E-05 9.99731E-05 0.0704787 0.200079 0.383004
0.586436 0.047439 9.99821E-05 0.338575 0.02014 9.99821E-05 0.00720968
