9.99549E-05 9.99549E-05 0.0251423 9.99549E-05 9.99549E-05 0.0266481 0.94771 9.99549E-05
9.99639E-05 0.248119 9.99639E-05 9.99639E-05 9.99639E-05 0.0493407 0.202342 0.499798
9.99732E-05 0.71641 9.99732E-05 0.0698272 0.0396676 0.040496 9.99732E-05 0.1333
9.9946E-05 0.981935 9.9946E-05 9.9946E-05 9.9946E-05 0.0174655 9.9946E-05 9.9946E-05
0.0680665 0.402088 0.120743 9.99731E-05 9.99731E-05 9.99731E-05 0.0738551 0.334948
9.9946E-05 0.981335 0.0180654 9.9946E-05 9.9946E-05 9.9946E-05 9.9946E-05 9.9946E-05
9.9946E-05 9.9946E-05 9.9946E-05 0.152532 9.9946E-05 9.9946E-05 9.9946E-05 0.846868
0.204496 0.405513 0.0496123 9.9973E-05 9.9973E-05 0.0029998 9.9973E-05 0.33708
9.99459E-05 9.99459E-05 9.99459E-05 0.111587 9.99459E-05 9.99459E-05 9.99459E-05 0.887814
9.99461E-05 9.99461E-05 0.905847 9.99461E-05 9.99461E-05 9.99461E-05 9.99461E-05 0.0935535
9.99461E-05 9.99461E-05 0.94772 9.99461E-05 9.99461E-05 9.99461E-05 9.99461E-05 0.0516803
9.996E-05 0.00587249 9.996E-05 0.177584 9.996E-05 0.105357 0.710787 9.996E-05
9.99461E-05 0.00587148 9.99461E-05 0.993529 9.99461E-05 9.99461E-05 9.99461E-05 9.99461E-05
9.996E-05 0.925651 9.996E-05 9.996E-05 0.0209243 0.0173264 0.0356982 9.996E-05
9.9955E-05 0.949952 9.9955E-05 9.9955E-05 0.0138455 9.9955E-05 0.0357025 9.9955E-05
9.99639E-05 9.99639E-05 0.454363 0.324517 9.99639E-05 9.99639E-05 0.105421 0.115299
9.99641E-05 9.99641E-05 0.464247 0.204773 0.0469442 0.283636 9.99641E-05 9.99641E-05
0.0309169 0.0083027 0.151104 9.9982E-05 0.696523 9.9982E-05 0.0687041 0.0442492
9.9946E-05 9.9946E-05 9.9946E-05 9.9946E-05 0.905881 0.093519 9.9946E-05 9.9946E-05
9.9964E-05 9.9964E-05 0.740193 0.0519959 9.9964E-05 0.0686638 0.138747 9.9964E-05
9.994E-05 9.994E-05 9.994E-05 9.994E-05 0.9993 9.994E-05 9.994E-05 9.994E-05
9.99639E-05 9.99639E-05 0.298525 0.135112 9.99639E-05 0.00257154 0.563392 9.99639E-05
9.9964E-05 0.0225561 0.2984 9.9964E-05 0.380405 0.298239 9.9964E-05 9.9964E-05
9.995E-05 9.995E-05 0.0254347 9.995E-05 0.904704 0.0693614 9.995E-05 9.995E-05
0.00505502 0.994345 9.99461E-05 9.99461E-05 9.99461E-05 9.99461E-05 9.99461E-05 9.99461E-05
9.994E-05 0.9993 9.994E-05 9.994E-05 9.994E-05 9.994E-05 9.994E-05 9.994E-05
9.99639E-05 9.99639E-05 0.105696 0.81204 9.99639E-05 0.0477216 0.0341416 9.99639E-05
0.0546688 0.902887 9.9955E-05 9.9955E-05 9.9955E-05 9.9955E-05 9.9955E-05 0.0419442
0.0686237 0.89428 9.9964E-05 0.0147408 9.9964E-05 9.9964E-05 9.9964E-05 0.0219557
0.227599 0.696393 9.99641E-05 0.0370927 9.99641E-05 0.0385151 9.99641E-05 9.99641E-05
0.157787 0.658103 9.9964E-05 9.9964E-05 9.9964E-05 0.0526008 9.9964E-05 0.131109
0.142482 0.0361003 9.9973E-05 9.9973E-05 9.9973E-05 0.000380935 0.123703 0.697034
9.99551E-05 0.987067 9.99551E-05 9.99551E-05 9.99551E-05 0.00106167 9.99551E-05 0.0113717
0.764771 0.0926111 9.99641E-05 9.99641E-05 9.99641E-05 0.00709947 9.99641E-05 0.135118
9.99729E-05 0.0771017 0.071736 0.617096 9.99729E-05 0.197212 0.0365551 9.99729E-05
9.99639E-05 0.966668 9.99639E-05 0.0248112 9.99639E-05 9.99639E-05 0.00120903 0.00691202
9.99461E-05 0.00706935 9.99461E-05 9.99461E-05 9.99461E-05 9.99461E-05 0.992331 9.99461E-05
0.049376 0.0314381 0.698187 9.9973E-05 9.9973E-05 9.9973E-05 0.10004 0.120659
9.998E-05 0.126509 0.27108 0.152099 0.0541738 0.377278 0.0186591 9.998E-05
9.99639E-05 0.149616 0.560801 9.99639E-05 9.99639E-05 0.00998866 0.279194 9.99639E-05
9.995E-05 0.095954 0.589632 9.995E-05 9.995E-05 9.995E-05 0.313914 9.995E-05
9.994E-05 9.994E-05 0.9993 9.994E-05 9.994E-05 9.994E-05 9.994E-05 9.994E-05
9.996E-05 9.996E-05 0.411655 0.227596 9.996E-05 9.996E-05 0.142827 0.217522
9.9964E-05 9.9964E-05 0.957999 0.00718257 9.9964E-05 0.0151209 0.0192979 9.9964E-05
0.011815 9.9982E-05 0.575245 0.169171 0.083222 0.10998 0.0503662 9.9982E-05
9.9982E-05 0.0759725 0.679496 0.0328749 0.0170602 9.9982E-05 0.189003 0.00539346
0.0688725 0.0836257 0.326038 0.21543 9.9982E-05 0.0855816 0.220253 9.9982E-05
9.99463E-05 9.99463E-05 9.99463E-05 9.99463E-05 0.0264636 9.99463E-05 0.972937 9.99463E-05
0.9993 9.994E-05 9.994E-05 9.994E-05 9.994E-05 9.994E-05 9.994E-05 9.994E-05
0.9993 9.994E-05 9.994E-05 9.994E-05 9.994E-05 9.994E-05 9.994E-05 9.994E-05
0.973481 9.99551E-05 0.0257586 0.000261091 9.99551E-05 9.99551E-05 9.99551E-05 9.99551E-05
0.9993 9.994E-05 9.994E-05 9.994E-05 9.994E-05 9.994E-05 9.994E-05 9.994E-05
0.9993 9.994E-05 9.994E-05 9.994E-05 9.994E-05 9.994E-05 9.994E-05 9.994E-05
0.458213 0.233587 0.0814678 0.0279177 0.0248053 0.00193074 9.9991E-05 0.171978
0.968378 9.9955E-05 0.00763384 9.9955E-05 9.9955E-05 9.9955E-05 0.023488 9.9955E-05
9.99639E-05 9.99639E-05 0.0187682 0.0530943 9.99639E-05 9.99639E-05 0.904937 0.0228007
0.192938 0.0291411 9.99729E-05 9.99729E-05 9.99729E-05 0.00672151 0.13234 0.638559
9.9946E-05 0.986872 9.9946E-05 9.9946E-05 9.9946E-05 9.9946E-05 0.0125282 9.9946E-05
0.0186366 9.9964E-05 9.9964E-05 0.892238 9.9964E-05 0.0127187 0.0760069 9.9964E-05
9.997E-05 0.0326155 0.289125 0.296633 9.997E-05 9.997E-05 0.244589 0.136736
9.99461E-05 9.99461E-05 9.99461E-05 0.975546 9.99461E-05 9.99461E-05 9.99461E-05 0.0238539
9.99549E-05 9.99549E-05 0.100599 0.870939 9.99549E-05 9.99549E-05 0.0279623 9.99549E-05
9.99549E-05 9.99549E-05 0.0932576 0.865339 9.99549E-05 0.0409041 9.99549E-05 9.99549E-05
9.99461E-05 9.99461E-05 9.99461E-05 9.99461E-05 0.89552 9.99461E-05 0.103881 9.99461E-05
9.99462E-05 0.976406 0.0229948 9.99462E-05 9.99462E-05 9.99462E-05 9.99462E-05 9.99462E-05
0.0631286 0.224871 0.145701 0.0994327 0.0966774 0.206546 9.999E-05 0.163543
9.99516E-05 0.95344 9.99516E-05 9.99516E-05 9.99516E-05 9.99516E-05 9.99516E-05 0.0459599
0.0116747 0.95521 9.995E-05 9.995E-05 9.995E-05 9.995E-05 0.0326154 9.995E-05
0.0390563 0.904273 9.9964E-05 0.00270836 9.9964E-05 9.9964E-05 9.9964E-05 0.0535627
0.00772388 0.902647 9.9964E-05 9.9964E-05 9.9964E-05 9.9964E-05 0.0226537 0.0665753
9.99551E-05 0.881362 0.0757203 9.99551E-05 9.99551E-05 9.99551E-05 9.99551E-05 0.042418
9.99459E-05 0.97531 9.99459E-05 9.99459E-05 9.99459E-05 0.0240901 9.99459E-05 9.99459E-05
0.258144 0.427694 9.99552E-05 9.99552E-05 9.99552E-05 9.99552E-05 9.99552E-05 0.313662
0.0544418 0.433023 9.99642E-05 0.0105898 9.99642E-05 9.99642E-05 9.99642E-05 0.501546
0.00687012 0.967464 0.0251665 9.9955E-05 9.9955E-05 9.9955E-05 9.9955E-05 9.9955E-05
9.9982E-05 0.0313538 0.477493 0.0664656 9.9982E-05 0.0188331 0.155437 0.250217
0.0302274 0.0244869 0.4297 0.116845 9.999E-05 0.038979 0.109464 0.250198
9.994E-05 9.994E-05 9.994E-05 9.994E-05 9.994E-05 0.9993 9.994E-05 9.994E-05
9.994E-05 9.994E-05 9.994E-05 9.994E-05 9.994E-05 0.9993 9.994E-05 9.994E-05
9.9964E-05 9.9964E-05 0.898786 9.9964E-05 9.9964E-05 0.00470611 0.0185282 0.0775797
9.9973E-05 9.9973E-05 0.888839 0.0191099 0.00109468 9.9973E-05 0.00779583 0.0828606
9.994E-05 9.994E-05 9.994E-05 9.994E-05 9.994E-05 0.9993 9.994E-05 9.994E-05
9.994E-05 9.994E-05 9.994E-05 9.994E-05 9.994E-05 0.9993 9.994E-05 9.994E-05
9.99459E-05 9.99459E-05 9.99459E-05 0.0532309 9.99459E-05 9.99459E-05 0.946169 9.99459E-05
9.99729E-05 9.99729E-05 0.441462 0.240119 0.045885 9.99729E-05 0.115 0.157233
0.191368 0.0235389 9.99729E-05 9.99729E-05 9.99729E-05 0.0043026 0.0754321 0.705059
9.99731E-05 0.04785 0.283019 0.352248 0.100678 0.215905 9.99731E-05 9.99731E-05
9.998E-05 0.000100634 0.0492363 0.459005 0.0712163 0.28393 0.136312 9.998E-05
0.191939 0.55134 9.997E-05 9.997E-05 0.034043 0.0140985 9.997E-05 0.208279
