9.99459E-05 9.99459E-05 9.99459E-05 9.99459E-05 0.956254 9.99459E-05 9.99459E-05 0.0431462
9.9982E-05 0.0157149 9.9982E-05 0.12061 0.236468 0.321756 0.248234 0.0570168
0.0426273 0.0261314 0.0275346 0.0018542 0.0115768 0.766128 0.124047 9.99911E-05
9.9955E-05 0.0402414 9.9955E-05 9.9955E-05 9.9955E-05 0.950523 9.9955E-05 0.00873594
9.99731E-05 9.99731E-05 9.99731E-05 0.184976 0.00777926 0.383337 0.146285 0.277322
9.9955E-05 0.00745113 9.9955E-05 9.9955E-05 9.9955E-05 0.963687 9.9955E-05 0.0283622
9.994E-05 9.994E-05 9.994E-05 9.994E-05 9.994E-05 9.994E-05 0.9993 9.994E-05
9.99641E-05 9.99641E-05 9.99641E-05 0.32936 9.99641E-05 0.412936 0.165936 0.0913688
9.9946E-05 9.9946E-05 9.9946E-05 0.00286765 9.9946E-05 9.9946E-05 0.996533 9.9946E-05
9.99461E-05 9.99461E-05 9.99461E-05 9.99461E-05 9.99461E-05 9.99461E-05 0.0888259 0.910574
9.9946E-05 9.9946E-05 9.9946E-05 9.9946E-05 9.9946E-05 9.9946E-05 0.137531 0.861869
0.168151 0.13723 9.9964E-05 9.9964E-05 0.657526 0.0366928 9.9964E-05 9.9964E-05
0.962199 9.99461E-05 9.99461E-05 9.99461E-05 9.99461E-05 0.0372015 9.99461E-05 9.99461E-05
9.9973E-05 0.00207392 0.0416884 9.9973E-05 0.00414053 0.94568 9.9973E-05 0.00611751
9.9964E-05 9.9964E-05 0.0144897 9.9964E-05 0.0182804 0.923275 9.9964E-05 0.0435553
0.279363 0.00896265 9.99729E-05 9.99729E-05 0.102157 9.99729E-05 0.336692 0.272526
0.223237 0.32347 0.0506443 9.99641E-05 9.99641E-05 9.99641E-05 9.99641E-05 0.402249
9.99729E-05 9.99729E-05 0.714313 0.0799736 0.0468675 9.99729E-05 0.025085 0.133461
0.0280123 0.0640252 0.907463 9.9955E-05 9.9955E-05 9.9955E-05 9.9955E-05 9.9955E-05
0.0592726 0.0435213 9.9973E-05 9.9973E-05 0.184942 9.9973E-05 0.0527766 0.659187
9.994E-05 9.994E-05 0.9993 9.994E-05 9.994E-05 9.994E-05 9.994E-05 9.994E-05
0.110286 0.0137288 9.9982E-05 0.00230583 0.633799 9.9982E-05 0.0140014 0.225679
9.99641E-05 0.298094 0.396748 9.99641E-05 9.99641E-05 0.00310451 9.99641E-05 0.301654
9.99549E-05 0.0635715 0.887612 9.99549E-05 9.99549E-05 9.99549E-05 9.99549E-05 0.0483169
9.99461E-05 9.99461E-05 9.99461E-05 0.0092698 9.99461E-05 0.990131 9.99461E-05 9.99461E-05
9.994E-05 9.994E-05 9.994E-05 9.994E-05 9.994E-05 0.9993 9.994E-05 9.994E-05
0.838473 0.0122152 9.99729E-05 0.00125193 0.0913418 9.99729E-05 9.99729E-05 0.0564179
9.9955E-05 9.9955E-05 9.9955E-05 0.0551299 9.9955E-05 0.918229 0.0261417 9.9955E-05
9.9964E-05 9.9964E-05 9.9964E-05 0.0574324 0.00226095 0.902518 0.0373889 9.9964E-05
0.0372482 0.0126751 0.00408857 0.22854 9.99731E-05 0.717148 9.99731E-05 9.99731E-05
0.00433708 0.0201534 9.99731E-05 0.250223 9.99731E-05 0.697661 9.99731E-05 0.0273258
9.99641E-05 9.99641E-05 9.99641E-05 0.381852 0.19155 0.118627 0.307571 9.99641E-05
9.99462E-05 9.99462E-05 9.99462E-05 9.99462E-05 9.99462E-05 0.979159 0.0202416 9.99462E-05
9.99641E-05 0.00362733 9.99641E-05 0.872117 9.99641E-05 0.0769023 0.0469532 9.99641E-05
0.607943 0.19311 9.99729E-05 9.99729E-05 0.0398487 0.0568081 9.99729E-05 0.10199
0.00580623 0.00084728 9.99639E-05 9.99639E-05 9.99639E-05 0.969808 0.0231389 9.99639E-05
9.9946E-05 9.9946E-05 9.9946E-05 9.9946E-05 0.972231 0.0271695 9.9946E-05 9.9946E-05
9.9973E-05 9.9973E-05 9.9973E-05 0.0470504 0.118341 0.0446488 0.0815898 0.70807
0.195383 0.38116 0.0367626 9.9973E-05 9.9973E-05 0.153648 9.9973E-05 0.232747
9.99729E-05 0.00739467 9.99729E-05 9.99729E-05 0.344837 0.131845 0.00564729 0.509976
9.99729E-05 0.0159509 9.99729E-05 9.99729E-05 0.382009 0.0869078 0.0357866 0.479046
9.9946E-05 9.9946E-05 9.9946E-05 9.9946E-05 0.016634 9.9946E-05 9.9946E-05 0.982766
0.09834 9.99639E-05 9.99639E-05 9.99639E-05 0.17457 9.99639E-05 0.559904 0.166786
0.0441808 9.9946E-05 9.9946E-05 9.9946E-05 9.9946E-05 9.9946E-05 9.9946E-05 0.95522
0.182256 0.102039 0.0909414 0.0249209 0.10223 9.9982E-05 9.9982E-05 0.497413
0.0603398 0.00676894 0.00923547 9.9991E-05 0.192053 0.063966 0.0250195 0.642517
0.21272 0.0754245 9.9982E-05 0.0203214 0.193228 0.139394 9.9982E-05 0.358712
9.99464E-05 9.99464E-05 0.0237169 9.99464E-05 0.975683 9.99464E-05 9.99464E-05 9.99464E-05
9.994E-05 9.994E-05 9.994E-05 0.9993 9.994E-05 9.994E-05 9.994E-05 9.994E-05
9.994E-05 9.994E-05 9.994E-05 0.9993 9.994E-05 9.994E-05 9.994E-05 9.994E-05
0.00193281 9.9955E-05 9.9955E-05 0.982336 9.9955E-05 0.0152316 9.9955E-05 9.9955E-05
9.9946E-05 9.9946E-05 0.00068671 0.998714 9.9946E-05 9.9946E-05 9.9946E-05 9.9946E-05
9.994E-05 9.994E-05 9.994E-05 0.9993 9.994E-05 9.994E-05 9.994E-05 9.994E-05
9.99641E-05 9.99641E-05 0.0392409 0.465581 9.99641E-05 0.274054 0.220724 9.99641E-05
9.9955E-05 9.9955E-05 9.9955E-05 0.983522 0.00695583 9.9955E-05 9.9955E-05 0.00902246
0.0713268 9.99549E-05 9.99549E-05 9.99549E-05 0.862856 9.99549E-05 0.0653177 9.99549E-05
9.99729E-05 0.0250873 9.99729E-05 0.336766 0.152749 0.0887638 0.396334 9.99729E-05
9.994E-05 9.994E-05 9.994E-05 9.994E-05 9.994E-05 0.9993 9.994E-05 9.994E-05
0.875771 9.9964E-05 9.9964E-05 0.0110317 0.0786712 9.9964E-05 0.0341266 9.9964E-05
0.235434 0.0363579 9.9973E-05 9.9973E-05 0.221068 9.9973E-05 0.453807 0.0530328
0.960762 9.99461E-05 9.99461E-05 9.99461E-05 9.99461E-05 9.99461E-05 0.0386385 9.99461E-05
0.906772 9.99459E-05 9.99459E-05 9.99459E-05 9.99459E-05 9.99459E-05 9.99459E-05 0.092628
0.864009 0.0413401 9.99549E-05 9.99549E-05 9.99549E-05 9.99549E-05 9.99549E-05 0.0941506
9.99551E-05 9.99551E-05 0.903662 0.0042008 0.0916378 9.99551E-05 9.99551E-05 9.99551E-05
9.994E-05 9.994E-05 9.994E-05 9.994E-05 9.994E-05 0.9993 9.994E-05 9.994E-05
0.203891 0.0681834 0.0543827 0.138714 0.0322051 0.225347 0.0962855 0.180991
0.00684209 9.99552E-05 9.99552E-05 9.99552E-05 9.99552E-05 0.979885 0.012773 9.99552E-05
9.9955E-05 9.9955E-05 9.9955E-05 0.0107878 0.0663869 0.922326 9.9955E-05 9.9955E-05
9.99549E-05 9.99549E-05 9.99549E-05 0.0179068 9.99549E-05 0.906287 0.075306 9.99549E-05
9.9964E-05 9.9964E-05 0.00289715 0.0216914 9.9964E-05 0.928148 0.0468636 9.9964E-05
9.99551E-05 9.99551E-05 9.99551E-05 9.99551E-05 0.0316991 0.906385 9.99551E-05 0.0614163
0.0133909 0.000149167 9.9973E-05 0.0083922 9.9973E-05 0.973963 9.9973E-05 0.00380428
9.99553E-05 9.99553E-05 9.99553E-05 0.343875 9.99553E-05 0.500084 0.155541 9.99553E-05
9.99552E-05 9.99552E-05 9.99552E-05 0.142362 9.99552E-05 0.506543 0.350595 9.99552E-05
9.9964E-05 9.9964E-05 0.00679369 9.9964E-05 0.00292449 0.96292 9.9964E-05 0.026962
9.99638E-05 0.0862826 9.99638E-05 9.99638E-05 0.138413 9.99638E-05 0.605703 0.169201
9.99638E-05 0.0971568 9.99638E-05 9.99638E-05 0.120795 9.99638E-05 0.635495 0.146153
9.994E-05 0.9993 9.994E-05 9.994E-05 9.994E-05 9.994E-05 9.994E-05 9.994E-05
9.994E-05 0.9993 9.994E-05 9.994E-05 9.994E-05 9.994E-05 9.994E-05 9.994E-05
0.0456418 9.9982E-05 9.9982E-05 0.0141856 0.0845622 0.00378384 0.0389008 0.812726
0.0487544 9.9973E-05 9.9973E-05 0.0104351 0.016312 9.9973E-05 0.085603 0.838596
9.9946E-05 0.989976 9.9946E-05 0.00942469 9.9946E-05 9.9946E-05 9.9946E-05 9.9946E-05
9.994E-05 0.9993 9.994E-05 9.994E-05 9.994E-05 9.994E-05 9.994E-05 9.994E-05
0.0354612 9.99459E-05 9.99459E-05 9.99459E-05 0.963939 9.99459E-05 9.99459E-05 9.99459E-05
0.139548 9.99729E-05 0.0600132 9.99729E-05 0.131424 9.99729E-05 0.327673 0.341041
9.99639E-05 9.99639E-05 9.99639E-05 0.424005 0.12079 0.0598974 0.394908 9.99639E-05
0.352871 0.178107 0.091489 9.99731E-05 9.99731E-05 0.055229 9.99731E-05 0.322004
0.443475 0.269363 0.0905375 9.99731E-05 0.162456 9.99731E-05 9.99731E-05 0.033868
9.99731E-05 0.0278085 0.0326422 0.272081 9.99731E-05 0.594114 0.0730544 9.99731E-05
