9.98829E-05 9.98829E-05 0.0588276 9.98829E-05 9.98829E-05 9.98829E-05 9.98829E-05 9.98829E-05 9.98829E-05 9.98829E-05 9.98829E-05 9.98829E-05 0.00894076 9.98829E-05 9.98829E-05 0.930933
0.636569 9.98918E-05 9.98918E-05 9.98918E-05 9.98918E-05 9.98918E-05 9.98918E-05 0.19117 9.98918E-05 9.98918E-05 9.98918E-05 0.0598298 9.98918E-05 9.98918E-05 0.111232 9.98918E-05
0.00776049 0.176007 9.99107E-05 0.00644753 9.99107E-05 9.99107E-05 9.99107E-05 9.99107E-05 0.0744292 0.0352984 9.99107E-05 9.99107E-05 9.99107E-05 9.99107E-05 0.699058 9.99107E-05
9.9892E-05 9.9892E-05 9.9892E-05 0.0301116 9.9892E-05 9.9892E-05 0.00927428 9.9892E-05 9.9892E-05 0.00804483 9.9892E-05 9.9892E-05 9.9892E-05 9.9892E-05 0.951371 9.9892E-05
0.143382 0.226715 0.0825295 0.03694 9.99371E-05 9.99371E-05 9.99371E-05 9.99371E-05 9.99371E-05 9.99371E-05 0.0404322 0.0150271 0.0118824 9.99371E-05 0.439308 0.00308309
9.9892E-05 9.9892E-05 9.9892E-05 9.9892E-05 9.9892E-05 9.9892E-05 0.00288575 9.9892E-05 9.9892E-05 9.9892E-05 0.0138465 9.9892E-05 9.9892E-05 0.00419069 0.977878 9.9892E-05
9.98648E-05 0.998502 9.98648E-05 9.98648E-05 9.98648E-05 9.98648E-05 9.98648E-05 9.98648E-05 9.98648E-05 9.98648E-05 9.98648E-05 9.98648E-05 9.98648E-05 9.98648E-05 9.98648E-05 9.98648E-05
0.125299 0.137738 0.0960005 0.183411 9.99101E-05 9.99101E-05 0.455099 9.99101E-05 9.99101E-05 9.99101E-05 9.99101E-05 9.99101E-05 9.99101E-05 9.99101E-05 0.0014542 9.99101E-05
0.0340088 0.900936 0.0319532 9.99008E-05 9.99008E-05 0.0206079 9.99008E-05 9.99008E-05 9.99008E-05 9.99008E-05 9.99008E-05 0.0113947 9.99008E-05 9.99008E-05 9.99008E-05 9.99008E-05
9.98741E-05 0.0956169 0.902985 9.98741E-05 9.98741E-05 9.98741E-05 9.98741E-05 9.98741E-05 9.98741E-05 9.98741E-05 9.98741E-05 9.98741E-05 9.98741E-05 9.98741E-05 9.98741E-05 9.98741E-05
9.98742E-05 0.0876938 0.910908 9.98742E-05 9.98742E-05 9.98742E-05 9.98742E-05 9.98742E-05 9.98742E-05 9.98742E-05 9.98742E-05 9.98742E-05 9.98742E-05 9.98742E-05 9.98742E-05 9.98742E-05
9.9928E-05 0.0132382 9.9928E-05 9.9928E-05 0.13814 9.9928E-05 0.00845335 9.9928E-05 0.0127637 0.136347 0.00785611 9.9928E-05 9.9928E-05 9.9928E-05 0.00521714 0.677185
9.98833E-05 0.053409 9.98833E-05 9.98833E-05 0.941795 9.98833E-05 9.98833E-05 9.98833E-05 9.98833E-05 9.98833E-05 0.00349718 9.98833E-05 9.98833E-05 9.98833E-05 9.98833E-05 9.98833E-05
0.000660931 9.9892E-05 9.9892E-05 9.9892E-05 9.9892E-05 9.9892E-05 9.9892E-05 9.9892E-05 0.0303448 9.9892E-05 0.00562156 9.9892E-05 9.9892E-05 9.9892E-05 0.962174 9.9892E-05
9.98831E-05 9.98831E-05 9.98831E-05 9.98831E-05 9.98831E-05 9.98831E-05 9.98831E-05 9.98831E-05 0.0118437 9.98831E-05 9.98831E-05 9.98831E-05 9.98831E-05 9.98831E-05 0.966561 0.0202964
9.9892E-05 9.9892E-05 0.0350892 9.9892E-05 0.100913 0.760847 9.9892E-05 9.9892E-05 9.9892E-05 9.9892E-05 0.101952 9.9892E-05 9.9892E-05 9.9892E-05 9.9892E-05 9.9892E-05
9.9883E-05 9.9883E-05 0.0548606 9.9883E-05 9.9883E-05 9.9883E-05 9.9883E-05 9.9883E-05 9.9883E-05 9.9883E-05 9.9883E-05 0.914723 0.0291182 9.9883E-05 9.9883E-05 9.9883E-05
9.98918E-05 9.98918E-05 0.0705701 0.0136599 9.98918E-05 9.98918E-05 9.98918E-05 0.0773895 0.837182 9.98918E-05 9.98918E-05 9.98918E-05 9.98918E-05 9.98918E-05 9.98918E-05 9.98918E-05
9.9874E-05 9.9874E-05 9.9874E-05 9.9874E-05 9.9874E-05 9.9874E-05 9.9874E-05 9.9874E-05 9.9874E-05 0.0538181 9.9874E-05 9.9874E-05 9.9874E-05 0.944784 9.9874E-05 9.9874E-05
9.99008E-05 9.99008E-05 0.437647 9.99008E-05 9.99008E-05 0.299551 9.99008E-05 9.99008E-05 9.99008E-05 0.0359849 0.117296 9.99008E-05 9.99008E-05 9.99008E-05 9.99008E-05 0.108422
9.98602E-05 9.98602E-05 9.98602E-05 9.98602E-05 9.98602E-05 9.98602E-05 9.98602E-05 9.98602E-05 0.954329 9.98602E-05 9.98602E-05 9.98602E-05 9.98602E-05 0.0442726 9.98602E-05 9.98602E-05
9.9919E-05 9.9919E-05 0.0356935 9.9919E-05 0.0446277 0.164114 9.9919E-05 0.310272 9.9919E-05 0.0053656 9.9919E-05 0.00561962 9.9919E-05 9.9919E-05 9.9919E-05 0.433408
9.98648E-05 9.98648E-05 9.98648E-05 9.98648E-05 9.98648E-05 9.98648E-05 9.98648E-05 9.98648E-05 9.98648E-05 9.98648E-05 9.98648E-05 9.98648E-05 0.998502 9.98648E-05 9.98648E-05 9.98648E-05
9.98829E-05 9.98829E-05 9.98829E-05 9.98829E-05 9.98829E-05 9.98829E-05 9.98829E-05 9.98829E-05 0.0468956 9.98829E-05 9.98829E-05 9.98829E-05 0.243165 0.708641 9.98829E-05 9.98829E-05
9.98832E-05 9.98832E-05 9.98832E-05 9.98832E-05 9.98832E-05 9.98832E-05 0.603526 9.98832E-05 9.98832E-05 0.00302161 9.98832E-05 9.98832E-05 9.98832E-05 9.98832E-05 0.392154 9.98832E-05
9.98741E-05 9.98741E-05 9.98741E-05 9.98741E-05 9.98741E-05 9.98741E-05 0.14716 9.98741E-05 9.98741E-05 9.98741E-05 9.98741E-05 9.98741E-05 9.98741E-05 9.98741E-05 0.851442 9.98741E-05
9.99099E-05 9.99099E-05 0.0581343 9.99099E-05 0.839248 9.99099E-05 9.99099E-05 9.99099E-05 9.99099E-05 0.0227666 9.99099E-05 0.0317091 0.00229221 9.99099E-05 9.99099E-05 0.0448505
9.98649E-05 9.98649E-05 9.98649E-05 9.98649E-05 9.98649E-05 9.98649E-05 0.998502 9.98649E-05 9.98649E-05 9.98649E-05 9.98649E-05 9.98649E-05 9.98649E-05 9.98649E-05 9.98649E-05 9.98649E-05
9.9865E-05 9.9865E-05 9.9865E-05 9.9865E-05 9.9865E-05 9.9865E-05 0.998502 9.9865E-05 9.9865E-05 9.9865E-05 9.9865E-05 9.9865E-05 9.9865E-05 9.9865E-05 9.9865E-05 9.9865E-05
0.0167944 0.0154722 9.99282E-05 0.177976 0.0178107 9.99282E-05 0.482822 9.99282E-05 9.99282E-05 9.99282E-05 9.99282E-05 9.99282E-05 9.99282E-05 0.0244375 0.255378 0.00850948
0.00175144 9.99281E-05 0.0398179 0.145421 9.99281E-05 9.99281E-05 0.671615 9.99281E-05 9.99281E-05 0.0282487 0.0295781 9.99281E-05 0.00315183 9.99281E-05 0.0796163 9.99281E-05
0.998502 9.98654E-05 9.98654E-05 9.98654E-05 9.98654E-05 9.98654E-05 9.98654E-05 9.98654E-05 9.98654E-05 9.98654E-05 9.98654E-05 9.98654E-05 9.98654E-05 9.98654E-05 9.98654E-05 9.98654E-05
9.99012E-05 9.99012E-05 9.99012E-05 9.99012E-05 9.99012E-05 0.0086701 0.456812 0.0190318 9.99012E-05 9.99012E-05 9.99012E-05 0.0111281 9.99012E-05 9.99012E-05 0.503259 9.99012E-05
0.0279904 0.0471408 0.0142484 0.731105 9.99102E-05 9.99102E-05 0.161304 9.99102E-05 9.99102E-05 9.99102E-05 9.99102E-05 0.0172115 9.99102E-05 9.99102E-05 9.99102E-05 9.99102E-05
9.99188E-05 9.99188E-05 9.99188E-05 9.99188E-05 0.540708 9.99188E-05 0.0399195 0.0507348 9.99188E-05 0.111183 0.0393828 0.21068 9.99188E-05 9.99188E-05 9.99188E-05 0.00649291
9.99008E-05 9.99008E-05 9.99008E-05 9.99008E-05 9.99008E-05 9.99008E-05 0.691615 0.0461363 9.99008E-05 9.99008E-05 0.0120416 0.00823165 9.99008E-05 9.99008E-05 0.240877 9.99008E-05
9.98831E-05 9.98831E-05 9.98831E-05 9.98831E-05 9.98831E-05 9.98831E-05 9.98831E-05 9.98831E-05 9.98831E-05 9.98831E-05 9.98831E-05 0.00654857 9.98831E-05 9.98831E-05 0.0248101 0.967343
0.180679 9.99189E-05 0.591311 9.99189E-05 9.99189E-05 9.99189E-05 9.99189E-05 0.0787079 9.99189E-05 9.99189E-05 9.99189E-05 0.0194991 0.0461487 9.99189E-05 0.0314377 0.0513176
9.98741E-05 9.98741E-05 9.98741E-05 9.98741E-05 9.98741E-05 9.98741E-05 9.98741E-05 9.98741E-05 9.98741E-05 9.98741E-05 9.98741E-05 0.979881 9.98741E-05 9.98741E-05 0.0187205 9.98741E-05
9.98651E-05 9.98651E-05 9.98651E-05 9.98651E-05 9.98651E-05 9.98651E-05 9.98651E-05 0.998502 9.98651E-05 9.98651E-05 9.98651E-05 9.98651E-05 9.98651E-05 9.98651E-05 9.98651E-05 9.98651E-05
9.9865E-05 9.9865E-05 9.9865E-05 9.9865E-05 9.9865E-05 9.9865E-05 9.9865E-05 0.998502 9.9865E-05 9.9865E-05 9.9865E-05 9.9865E-05 9.9865E-05 9.9865E-05 9.9865E-05 9.9865E-05
9.99201E-05 9.99201E-05 0.829742 9.99201E-05 9.99201E-05 0.0491528 9.99201E-05 0.0554907 9.99201E-05 9.99201E-05 0.0093376 0.021563 0.00469493 0.00164788 9.99201E-05 0.0275713
9.9919E-05 0.0572548 0.0458793 9.9919E-05 0.0457248 0.813326 9.9919E-05 0.00296874 9.9919E-05 9.9919E-05 9.9919E-05 9.9919E-05 9.9919E-05 0.0174608 9.9919E-05 0.0164864
9.9901E-05 9.9901E-05 0.903346 9.9901E-05 0.0206079 9.9901E-05 9.9901E-05 9.9901E-05 9.9901E-05 9.9901E-05 0.0653321 0.00899127 9.9901E-05 9.9901E-05 9.9901E-05 0.000623564
0.0273313 9.99369E-05 0.236634 9.99369E-05 0.143034 0.0291272 9.99369E-05 0.168482 9.99369E-05 0.0213577 0.136794 9.99369E-05 0.230469 9.99369E-05 9.99369E-05 0.00607078
0.0603948 9.9937E-05 0.390146 9.9937E-05 9.9937E-05 0.107203 9.9937E-05 0.157198 9.9937E-05 9.9937E-05 0.141588 9.9937E-05 0.0142845 0.0324339 0.0124285 0.0836245
9.9928E-05 0.0516595 0.212662 0.0553432 0.101636 9.9928E-05 9.9928E-05 9.9928E-05 9.9928E-05 9.9928E-05 0.263205 0.12224 9.9928E-05 9.9928E-05 0.0512183 0.141237
9.98838E-05 9.98838E-05 9.98838E-05 9.98838E-05 9.98838E-05 9.98838E-05 9.98838E-05 9.98838E-05 9.98838E-05 9.98838E-05 9.98838E-05 9.98838E-05 0.00966183 0.0037138 9.98838E-05 0.985326
9.98602E-05 9.98602E-05 9.98602E-05 0.998502 9.98602E-05 9.98602E-05 9.98602E-05 9.98602E-05 9.98602E-05 9.98602E-05 9.98602E-05 9.98602E-05 9.98602E-05 9.98602E-05 9.98602E-05 9.98602E-05
9.98741E-05 9.98741E-05 9.98741E-05 0.99238 9.98741E-05 0.00622175 9.98741E-05 9.98741E-05 9.98741E-05 9.98741E-05 9.98741E-05 9.98741E-05 9.98741E-05 9.98741E-05 9.98741E-05 9.98741E-05
9.98921E-05 9.98921E-05 0.0132579 0.973983 9.98921E-05 0.00981934 9.98921E-05 9.98921E-05 0.00174152 9.98921E-05 9.98921E-05 9.98921E-05 9.98921E-05 9.98921E-05 9.98921E-05 9.98921E-05
9.98652E-05 9.98652E-05 9.98652E-05 0.998502 9.98652E-05 9.98652E-05 9.98652E-05 9.98652E-05 9.98652E-05 9.98652E-05 9.98652E-05 9.98652E-05 9.98652E-05 9.98652E-05 9.98652E-05 9.98652E-05
9.98652E-05 9.98652E-05 9.98652E-05 0.998502 9.98652E-05 9.98652E-05 9.98652E-05 9.98652E-05 9.98652E-05 9.98652E-05 9.98652E-05 9.98652E-05 9.98652E-05 9.98652E-05 9.98652E-05 9.98652E-05
0.115944 0.108584 0.000720561 0.415221 9.99192E-05 0.0200404 0.234654 9.99192E-05 9.99192E-05 9.99192E-05 9.99192E-05 9.99192E-05 0.103937 9.99192E-05 9.99192E-05 9.99192E-05
0.0541485 9.98741E-05 9.98741E-05 0.944453 9.98741E-05 9.98741E-05 9.98741E-05 9.98741E-05 9.98741E-05 9.98741E-05 9.98741E-05 9.98741E-05 9.98741E-05 9.98741E-05 9.98741E-05 9.98741E-05
9.98828E-05 9.98828E-05 9.98828E-05 9.98828E-05 9.98828E-05 0.181026 9.98828E-05 9.98828E-05 9.98828E-05 9.98828E-05 0.0569086 9.98828E-05 9.98828E-05 9.98828E-05 9.98828E-05 0.760766
0.918225 0.0203647 9.99099E-05 0.0295766 0.00570267 9.99099E-05 0.0131619 9.99099E-05 9.99099E-05 0.0119698 9.99099E-05 9.99099E-05 9.99099E-05 9.99099E-05 9.99099E-05 9.99099E-05
9.98827E-05 9.98827E-05 9.98827E-05 9.98827E-05 9.98827E-05 9.98827E-05 0.407042 0.0130928 9.98827E-05 9.98827E-05 9.98827E-05 9.98827E-05 9.98827E-05 9.98827E-05 0.578567 9.98827E-05
9.99011E-05 9.99011E-05 9.99011E-05 9.99011E-05 0.837792 0.0154565 9.99011E-05 0.123902 0.00207532 0.0196753 9.99011E-05 9.99011E-05 9.99011E-05 9.99011E-05 9.99011E-05 9.99011E-05
9.98702E-05 9.98702E-05 9.98702E-05 9.98702E-05 0.0359608 0.871078 9.98702E-05 9.98702E-05 9.98702E-05 9.98702E-05 0.0916631 9.98702E-05 9.98702E-05 9.98702E-05 9.98702E-05 9.98702E-05
9.98744E-05 0.0583313 9.98744E-05 9.98744E-05 0.94027 9.98744E-05 9.98744E-05 9.98744E-05 9.98744E-05 9.98744E-05 9.98744E-05 9.98744E-05 9.98744E-05 9.98744E-05 9.98744E-05 9.98744E-05
9.98829E-05 9.98829E-05 0.0690972 9.98829E-05 0.880111 9.98829E-05 9.98829E-05 0.0494937 9.98829E-05 9.98829E-05 9.98829E-05 9.98829E-05 9.98829E-05 9.98829E-05 9.98829E-05 9.98829E-05
9.99099E-05 9.99099E-05 0.0627832 9.99099E-05 0.839659 9.99099E-05 9.99099E-05 9.99099E-05 9.99099E-05 0.0664185 0.0210732 9.99099E-05 0.00727659 0.00178996 9.99099E-05 9.99099E-05
0.0180912 9.98741E-05 9.98741E-05 9.98741E-05 9.98741E-05 9.98741E-05 9.98741E-05 9.98741E-05 9.98741E-05 9.98741E-05 9.98741E-05 9.98741E-05 9.98741E-05 0.980511 9.98741E-05 9.98741E-05
9.98744E-05 9.98744E-05 9.98744E-05 9.98744E-05 9.98744E-05 9.98744E-05 0.624509 9.98744E-05 9.98744E-05 9.98744E-05 9.98744E-05 9.98744E-05 9.98744E-05 9.98744E-05 0.374093 9.98744E-05
0.0275686 0.0939379 0.12181 0.0160255 9.99731E-05 0.0296424 0.191009 0.149879 0.00226711 0.108592 0.151427 9.99731E-05 0.00727581 9.99731E-05 0.0683953 0.0318709
9.98835E-05 0.00595045 9.98835E-05 9.98835E-05 9.98835E-05 0.0220628 9.98835E-05 9.98835E-05 9.98835E-05 9.98835E-05 9.98835E-05 9.98835E-05 9.98835E-05 9.98835E-05 0.970688 9.98835E-05
9.99009E-05 9.99009E-05 9.99009E-05 0.0127556 9.99009E-05 9.99009E-05 0.243113 0.0134871 9.99009E-05 9.99009E-05 9.99009E-05 0.0279776 9.99009E-05 9.99009E-05 0.701568 9.99009E-05
9.98739E-05 9.98739E-05 9.98739E-05 9.98739E-05 9.98739E-05 0.0333839 0.965218 9.98739E-05 9.98739E-05 9.98739E-05 9.98739E-05 9.98739E-05 9.98739E-05 9.98739E-05 9.98739E-05 9.98739E-05
9.9874E-05 9.9874E-05 9.9874E-05 9.9874E-05 9.9874E-05 9.9874E-05 0.986168 9.9874E-05 9.9874E-05 9.9874E-05 9.9874E-05 9.9874E-05 9.9874E-05 9.9874E-05 9.9874E-05 0.0124342
9.99191E-05 0.0157465 0.039992 9.99191E-05 9.99191E-05 9.99191E-05 0.331557 0.0309083 9.99191E-05 0.00225607 9.99191E-05 9.99191E-05 9.99191E-05 9.99191E-05 0.57585 0.00279158
9.98702E-05 9.98702E-05 9.98702E-05 9.98702E-05 9.98702E-05 9.98702E-05 0.52946 9.98702E-05 9.98702E-05 9.98702E-05 0.0312059 9.98702E-05 9.98702E-05 9.98702E-05 0.438036 9.98702E-05
9.98926E-05 0.216803 9.98926E-05 0.267429 9.98926E-05 9.98926E-05 0.506565 9.98926E-05 9.98926E-05 9.98926E-05 9.98926E-05 0.00800398 9.98926E-05 9.98926E-05 9.98926E-05 9.98926E-05
9.98835E-05 0.381425 9.98835E-05 0.045093 9.98835E-05 9.98835E-05 0.572184 9.98835E-05 9.98835E-05 9.98835E-05 9.98835E-05 9.98835E-05 9.98835E-05 9.98835E-05 9.98835E-05 9.98835E-05
9.9892E-05 9.9892E-05 9.9892E-05 0.0278935 9.9892E-05 0.0241512 9.9892E-05 9.9892E-05 9.9892E-05 9.9892E-05 9.9892E-05 9.9892E-05 0.0161121 9.9892E-05 0.930645 9.9892E-05
9.99009E-05 9.99009E-05 9.99009E-05 0.00647622 9.99009E-05 0.954638 0.00830991 9.99009E-05 9.99009E-05 9.99009E-05 9.99009E-05 9.99009E-05 0.0104128 9.99009E-05 0.0190642 9.99009E-05
9.98831E-05 9.98831E-05 9.98831E-05 0.00642984 9.98831E-05 0.991678 9.98831E-05 9.98831E-05 9.98831E-05 9.98831E-05 9.98831E-05 9.98831E-05 9.98831E-05 9.98831E-05 0.00059411 9.98831E-05
9.98653E-05 9.98653E-05 9.98653E-05 9.98653E-05 9.98653E-05 9.98653E-05 9.98653E-05 9.98653E-05 9.98653E-05 0.998502 9.98653E-05 9.98653E-05 9.98653E-05 9.98653E-05 9.98653E-05 9.98653E-05
9.98653E-05 9.98653E-05 9.98653E-05 9.98653E-05 9.98653E-05 9.98653E-05 9.98653E-05 9.98653E-05 9.98653E-05 0.998502 9.98653E-05 9.98653E-05 9.98653E-05 9.98653E-05 9.98653E-05 9.98653E-05
0.0422527 9.99189E-05 0.777006 9.99189E-05 0.0083743 0.0705363 0.0228376 0.0727002 9.99189E-05 9.99189E-05 9.99189E-05 9.99189E-05 9.99189E-05 9.99189E-05 9.99189E-05 0.0053936
0.0452149 9.99101E-05 0.774802 9.99101E-05 0.0467248 0.0753195 0.00361452 0.043239 0.0101866 9.99101E-05 9.99101E-05 9.99101E-05 9.99101E-05 9.99101E-05 9.99101E-05 9.99101E-05
9.99011E-05 0.0118577 9.99011E-05 9.99011E-05 9.99011E-05 0.0363523 9.99011E-05 9.99011E-05 9.99011E-05 0.933207 9.99011E-05 0.011627 0.00585703 9.99011E-05 9.99011E-05 9.99011E-05
9.98652E-05 9.98652E-05 9.98652E-05 9.98652E-05 9.98652E-05 9.98652E-05 9.98652E-05 9.98652E-05 9.98652E-05 0.998502 9.98652E-05 9.98652E-05 9.98652E-05 9.98652E-05 9.98652E-05 9.98652E-05
9.98829E-05 9.98829E-05 9.98829E-05 0.00559817 0.0368627 9.98829E-05 9.98829E-05 9.98829E-05 9.98829E-05 9.98829E-05 9.98829E-05 9.98829E-05 9.98829E-05 9.98829E-05 9.98829E-05 0.956241
9.98901E-05 0.0973945 9.98901E-05 9.98901E-05 0.10829 0.105182 9.98901E-05 0.673123 9.98901E-05 9.98901E-05 9.98901E-05 9.98901E-05 9.98901E-05 0.0149127 9.98901E-05 9.98901E-05
0.929491 0.0524731 9.9883E-05 0.0167373 9.9883E-05 9.9883E-05 9.9883E-05 9.9883E-05 9.9883E-05 9.9883E-05 9.9883E-05 9.9883E-05 9.9883E-05 9.9883E-05 9.9883E-05 9.9883E-05
9.9874E-05 9.9874E-05 9.9874E-05 9.9874E-05 9.9874E-05 9.9874E-05 9.9874E-05 9.9874E-05 9.9874E-05 9.9874E-05 0.992939 9.9874E-05 0.00566269 9.9874E-05 9.9874E-05 9.9874E-05
9.991E-05 9.991E-05 9.991E-05 9.991E-05 9.991E-05 9.991E-05 9.991E-05 0.00993471 0.0211267 0.00102982 0.893935 0.041792 9.991E-05 9.991E-05 9.991E-05 0.0311826
0.0329947 0.0123876 0.0162973 0.162492 9.99283E-05 9.99283E-05 0.673004 9.99283E-05 0.0626273 0.0132731 9.99283E-05 9.99283E-05 0.0261243 9.99283E-05 9.99283E-05 9.99283E-05
