9.99459E-05 9.99459E-05 9.99459E-05 9.99459E-05 0.00360149 0.0227678 9.99459E-05 9.99459E-05 0.973031
9.99549E-05 9.99549E-05 9.99549E-05 0.139548 0.0522465 9.99549E-05 0.71576 9.99549E-05 0.0919459
0.0577899 9.99643E-05 0.0321962 0.630182 0.0442372 9.99643E-05 9.99643E-05 0.235195 9.99643E-05
9.9955E-05 0.00549063 9.9955E-05 0.961754 0.0316841 0.000571851 9.9955E-05 9.9955E-05 9.9955E-05
9.997E-05 0.0656668 9.997E-05 0.341362 9.997E-05 0.128312 0.192106 0.197795 0.0744576
9.9955E-05 9.9955E-05 9.9955E-05 0.95488 0.0103671 0.0214847 9.9955E-05 9.9955E-05 0.0127686
0.298868 9.99461E-05 9.99461E-05 9.99461E-05 9.99461E-05 9.99461E-05 0.641997 0.0585353 9.99461E-05
9.99639E-05 0.0614172 9.99639E-05 0.0654127 9.99639E-05 0.0884761 0.0364027 0.747891 9.99639E-05
0.209392 9.99551E-05 9.99551E-05 9.99551E-05 9.99551E-05 0.011684 0.755437 0.0229868 9.99551E-05
9.993E-05 9.993E-05 9.993E-05 9.993E-05 9.993E-05 0.999201 9.993E-05 9.993E-05 9.993E-05
9.993E-05 9.993E-05 9.993E-05 9.993E-05 9.993E-05 0.999201 9.993E-05 9.993E-05 9.993E-05
0.16413 9.9964E-05 9.9964E-05 0.046884 0.119992 9.9964E-05 9.9964E-05 0.00345276 0.665142
0.934836 9.9937E-05 9.9937E-05 9.9937E-05 9.9937E-05 9.9937E-05 9.9937E-05 0.0644645 9.9937E-05
0.0157285 9.9964E-05 0.010717 0.952313 9.9964E-05 9.9964E-05 0.00140757 9.9964E-05 0.0194346
9.9946E-05 9.9946E-05 0.0096479 0.937348 9.9946E-05 9.9946E-05 9.9946E-05 9.9946E-05 0.0524046
0.374809 9.99639E-05 9.99639E-05 9.99639E-05 0.017389 0.342948 0.153071 9.99639E-05 0.111382
0.180033 9.9964E-05 0.0712667 0.00295367 0.315067 0.43028 9.9964E-05 9.9964E-05 9.9964E-05
9.99639E-05 0.00260947 0.714123 9.99639E-05 9.99639E-05 0.125012 0.101898 9.99639E-05 0.0559569
0.0184349 9.9946E-05 0.921126 9.9946E-05 0.0598393 9.9946E-05 9.9946E-05 9.9946E-05 9.9946E-05
0.0570378 9.9955E-05 9.9955E-05 9.9955E-05 0.0663191 0.701568 9.9955E-05 9.9955E-05 0.174575
9.993E-05 9.993E-05 0.999201 9.993E-05 9.993E-05 9.993E-05 9.993E-05 9.993E-05 9.993E-05
0.121976 9.9955E-05 9.9955E-05 9.9955E-05 0.022067 0.239896 9.9955E-05 9.9955E-05 0.615561
9.99461E-05 9.99461E-05 0.396655 9.99461E-05 0.30351 0.299235 9.99461E-05 9.99461E-05 9.99461E-05
9.99459E-05 9.99459E-05 0.86206 9.99459E-05 0.0750541 0.0622863 9.99459E-05 9.99459E-05 9.99459E-05
9.99461E-05 0.0167896 9.99461E-05 0.979257 9.99461E-05 9.99461E-05 9.99461E-05 0.00335354 9.99461E-05
9.99371E-05 0.00237038 9.99371E-05 0.99693 9.99371E-05 9.99371E-05 9.99371E-05 9.99371E-05 9.99371E-05
0.814678 9.99549E-05 9.99549E-05 9.99549E-05 0.0706659 0.0494225 9.99549E-05 9.99549E-05 0.0647335
9.9946E-05 0.0685031 9.9946E-05 0.924383 9.9946E-05 9.9946E-05 0.00651449 9.9946E-05 9.9946E-05
0.0198363 0.100945 9.9946E-05 0.878619 9.9946E-05 9.9946E-05 9.9946E-05 9.9946E-05 9.9946E-05
9.99731E-05 0.159279 0.000967051 0.498678 0.0243224 9.99731E-05 9.99731E-05 0.313472 0.00298115
9.99549E-05 0.109397 9.99549E-05 0.344943 0.0527873 9.99549E-05 9.99549E-05 0.492373 9.99549E-05
9.99371E-05 0.0588246 9.99371E-05 9.99371E-05 9.99371E-05 9.99371E-05 0.940476 9.99371E-05 9.99371E-05
9.99371E-05 9.99371E-05 9.99371E-05 0.87525 9.99371E-05 9.99371E-05 9.99371E-05 0.124051 9.99371E-05
9.99551E-05 0.691531 9.99551E-05 9.99551E-05 0.00584108 9.99551E-05 0.0223937 0.279735 9.99551E-05
0.545278 9.99639E-05 9.99639E-05 9.99639E-05 0.205651 0.0912537 9.99639E-05 0.110485 0.0469318
0.0048436 9.9955E-05 9.9955E-05 0.941617 9.9955E-05 9.9955E-05 0.00855099 0.0444882 9.9955E-05
9.9937E-05 9.9937E-05 9.9937E-05 9.9937E-05 9.9937E-05 9.9937E-05 9.9937E-05 0.0393509 0.95995
9.9964E-05 9.9964E-05 0.0033294 9.9964E-05 9.9964E-05 0.66051 0.203987 0.044533 0.0872411
0.167419 9.9982E-05 0.0499885 0.0436426 0.370244 0.2278 9.9982E-05 0.136541 0.00416514
9.99459E-05 9.99459E-05 9.99459E-05 0.145049 9.99459E-05 0.51275 9.99459E-05 9.99459E-05 0.341601
9.99729E-05 9.99729E-05 0.00976479 0.0762276 0.0202764 0.508745 0.0231855 9.99729E-05 0.361501
9.9937E-05 9.9937E-05 9.9937E-05 9.9937E-05 9.9937E-05 0.969175 9.9937E-05 9.9937E-05 0.0301251
0.291932 9.99549E-05 9.99549E-05 9.99549E-05 9.99549E-05 0.294418 0.261201 9.99549E-05 0.151948
0.0234556 0.00985357 9.9964E-05 9.9964E-05 0.000589741 0.946465 9.9964E-05 9.9964E-05 0.0192359
0.210098 0.0203916 0.097925 9.9973E-05 0.13333 0.480421 9.9973E-05 9.9973E-05 0.057534
0.0521872 9.9973E-05 0.0311672 0.102526 9.9973E-05 0.597053 9.9973E-05 0.0385696 0.178197
0.217537 0.0456658 9.9982E-05 0.108143 0.0750157 0.374095 9.9982E-05 0.00338665 0.175958
9.99374E-05 9.99374E-05 0.011424 9.99374E-05 9.99374E-05 9.99374E-05 9.99374E-05 9.99374E-05 0.987876
9.9937E-05 0.981759 9.9937E-05 0.0175414 9.9937E-05 9.9937E-05 9.9937E-05 9.9937E-05 9.9937E-05
9.993E-05 0.999201 9.993E-05 9.993E-05 9.993E-05 9.993E-05 9.993E-05 9.993E-05 9.993E-05
9.993E-05 0.999201 9.993E-05 9.993E-05 9.993E-05 9.993E-05 9.993E-05 9.993E-05 9.993E-05
9.993E-05 0.999201 9.993E-05 9.993E-05 9.993E-05 9.993E-05 9.993E-05 9.993E-05 9.993E-05
9.993E-05 0.999201 9.993E-05 9.993E-05 9.993E-05 9.993E-05 9.993E-05 9.993E-05 9.993E-05
0.00625109 0.362726 0.0457062 0.00792878 9.9982E-05 0.0979593 0.0569527 0.422276 9.9982E-05
9.9946E-05 0.93576 9.9946E-05 9.9946E-05 9.9946E-05 9.9946E-05 0.0535094 9.9946E-05 0.0101311
0.0740299 9.99459E-05 9.99459E-05 9.99459E-05 9.99459E-05 9.99459E-05 0.0322654 9.99459E-05 0.893105
9.99458E-05 0.100964 9.99458E-05 9.99458E-05 0.000536107 9.99458E-05 0.8979 9.99458E-05 9.99458E-05
9.9964E-05 9.9964E-05 0.00122704 0.982159 0.00828958 0.00473316 9.9964E-05 9.9964E-05 0.00319101
0.827412 0.0225748 9.9955E-05 9.9955E-05 0.0395229 9.9955E-05 9.9955E-05 9.9955E-05 0.109991
0.413266 9.9982E-05 9.9982E-05 0.0129022 0.00723041 0.18732 0.0984627 0.015425 0.265193
0.999201 9.993E-05 9.993E-05 9.993E-05 9.993E-05 9.993E-05 9.993E-05 9.993E-05 9.993E-05
0.887643 9.99369E-05 9.99369E-05 9.99369E-05 9.99369E-05 0.111657 9.99369E-05 9.99369E-05 9.99369E-05
0.828823 9.99459E-05 9.99459E-05 9.99459E-05 0.0891359 0.0814417 9.99459E-05 9.99459E-05 9.99459E-05
9.99461E-05 9.99461E-05 0.875681 9.99461E-05 9.99461E-05 0.0150323 9.99461E-05 9.99461E-05 0.108687
9.993E-05 9.993E-05 9.993E-05 0.999201 9.993E-05 9.993E-05 9.993E-05 9.993E-05 9.993E-05
0.123742 0.248025 0.0811472 0.193717 0.118966 0.181177 9.9982E-05 9.9982E-05 0.0530265
0.0166196 0.00316557 9.99552E-05 0.9313 9.99552E-05 9.99552E-05 9.99552E-05 0.0484155 9.99552E-05
9.9955E-05 0.0419845 9.9955E-05 0.928607 9.9955E-05 9.9955E-05 9.9955E-05 0.0130995 0.0158097
9.9955E-05 0.0322407 9.9955E-05 0.887569 9.9955E-05 9.9955E-05 0.0630159 0.0166751 9.9955E-05
9.9955E-05 0.00771941 0.00727979 0.904046 9.9955E-05 9.9955E-05 0.0804553 9.9955E-05 9.9955E-05
9.99641E-05 9.99641E-05 9.99641E-05 0.806244 0.0092217 0.0490958 9.99641E-05 0.127201 0.00783826
9.9937E-05 9.9937E-05 9.9937E-05 0.982011 0.0172898 9.9937E-05 9.9937E-05 9.9937E-05 9.9937E-05
9.993E-05 9.993E-05 9.993E-05 9.993E-05 9.993E-05 9.993E-05 9.993E-05 0.999201 9.993E-05
0.040402 9.9937E-05 9.9937E-05 9.9937E-05 9.9937E-05 9.9937E-05 9.9937E-05 0.958898 9.9937E-05
9.99461E-05 9.99461E-05 9.99461E-05 0.984039 0.0012605 0.0141004 9.99461E-05 9.99461E-05 9.99461E-05
0.154724 9.99639E-05 9.99639E-05 9.99639E-05 0.0357971 0.335401 0.342386 9.99639E-05 0.131293
0.188808 9.99639E-05 9.99639E-05 9.99639E-05 0.0402631 0.319784 0.334166 9.99639E-05 0.116579
9.993E-05 9.993E-05 9.993E-05 9.993E-05 0.999201 9.993E-05 9.993E-05 9.993E-05 9.993E-05
9.993E-05 9.993E-05 9.993E-05 9.993E-05 0.999201 9.993E-05 9.993E-05 9.993E-05 9.993E-05
9.9946E-05 9.9946E-05 9.9946E-05 9.9946E-05 9.9946E-05 0.901335 0.0799404 9.9946E-05 0.018125
0.0440279 9.99549E-05 9.99549E-05 9.99549E-05 9.99549E-05 0.804363 0.0861472 9.99549E-05 0.0649625
9.9937E-05 9.9937E-05 9.9937E-05 9.9937E-05 0.975461 9.9937E-05 0.0238395 9.9937E-05 9.9937E-05
9.993E-05 9.993E-05 9.993E-05 9.993E-05 0.999201 9.993E-05 9.993E-05 9.993E-05 9.993E-05
0.0239227 0.0218418 9.99459E-05 9.99459E-05 9.99459E-05 9.99459E-05 9.99459E-05 9.99459E-05 0.953636
0.249676 9.99639E-05 0.0670163 9.99639E-05 9.99639E-05 0.368726 0.203317 9.99639E-05 0.110865
9.99369E-05 0.119427 9.99369E-05 9.99369E-05 9.99369E-05 9.99369E-05 0.879874 9.99369E-05 9.99369E-05
0.304352 9.99731E-05 0.102623 0.063219 0.184426 0.333358 9.99731E-05 9.99731E-05 0.0117226
0.46587 9.99641E-05 0.0569008 9.99641E-05 0.285987 0.0279174 9.99641E-05 9.99641E-05 0.162925
9.9964E-05 0.0660297 0.0175401 0.241227 0.0415709 9.9964E-05 9.9964E-05 0.633233 9.9964E-05
