9.99459E-05 9.99459E-05 9.99459E-05 0.923516 9.99459E-05 0.0550906 9.99459E-05 0.0207934 9.99459E-05
9.99548E-05 0.671244 0.152125 0.117138 9.99548E-05 9.99548E-05 9.99548E-05 0.0589935 9.99548E-05
0.0978159 0.0646919 0.810352 9.99644E-05 0.00630087 9.99644E-05 9.99644E-05 0.0204394 9.99644E-05
9.9946E-05 9.9946E-05 0.951429 9.9946E-05 9.9946E-05 0.021092 9.9946E-05 0.0268793 9.9946E-05
9.99731E-05 0.324194 0.425738 0.0150313 9.99731E-05 0.164251 0.00597568 9.99731E-05 0.0645095
9.9955E-05 9.9955E-05 0.937967 0.0301329 0.00127975 0.030121 9.9955E-05 9.9955E-05 9.9955E-05
0.312473 0.686827 9.99371E-05 9.99371E-05 9.99371E-05 9.99371E-05 9.99371E-05 9.99371E-05 9.99371E-05
9.99641E-05 0.30272 0.402515 9.99641E-05 9.99641E-05 0.0397419 9.99641E-05 0.0286196 0.226004
0.219237 0.754395 9.9946E-05 9.9946E-05 9.9946E-05 0.0257678 9.9946E-05 9.9946E-05 9.9946E-05
9.99372E-05 0.0205707 9.99372E-05 9.99372E-05 9.99372E-05 0.97873 9.99372E-05 9.99372E-05 9.99372E-05
9.993E-05 9.993E-05 9.993E-05 9.993E-05 9.993E-05 0.999201 9.993E-05 9.993E-05 9.993E-05
0.141521 9.9955E-05 0.0321076 0.702958 9.9955E-05 9.9955E-05 9.9955E-05 0.122914 9.9955E-05
0.985234 9.99371E-05 0.0140665 9.99371E-05 9.99371E-05 9.99371E-05 9.99371E-05 9.99371E-05 9.99371E-05
9.99551E-05 9.99551E-05 0.938685 0.0352345 0.00225609 9.99551E-05 0.0233244 9.99551E-05 9.99551E-05
9.9946E-05 9.9946E-05 0.941737 0.0507096 0.00695339 9.9946E-05 9.9946E-05 9.9946E-05 9.9946E-05
0.331994 0.0452963 9.9973E-05 0.053736 9.9973E-05 0.533019 0.0190493 9.9973E-05 0.0166061
9.99369E-05 9.99369E-05 9.99369E-05 9.99369E-05 9.99369E-05 0.110526 0.888774 9.99369E-05 9.99369E-05
9.99639E-05 0.0810406 9.99639E-05 0.0257868 0.688083 0.194524 9.99639E-05 9.99639E-05 0.0101658
9.9937E-05 9.9937E-05 9.9937E-05 9.9937E-05 0.938965 9.9937E-05 9.9937E-05 0.060335 9.9937E-05
9.9955E-05 9.9955E-05 9.9955E-05 0.116103 9.9955E-05 0.738412 0.106826 0.0381597 9.9955E-05
9.993E-05 9.993E-05 9.993E-05 9.993E-05 0.999201 9.993E-05 9.993E-05 9.993E-05 9.993E-05
0.0807352 9.99549E-05 9.99549E-05 0.518241 9.99549E-05 0.2934 0.107124 9.99549E-05 9.99549E-05
9.9964E-05 0.0360772 9.9964E-05 9.9964E-05 0.343894 0.0238522 0.438432 0.157344 9.9964E-05
9.994E-05 9.994E-05 9.994E-05 9.994E-05 0.879049 9.994E-05 0.0672547 0.0530969 9.994E-05
9.993E-05 9.993E-05 0.999201 9.993E-05 9.993E-05 9.993E-05 9.993E-05 9.993E-05 9.993E-05
9.993E-05 9.993E-05 0.999201 9.993E-05 9.993E-05 9.993E-05 9.993E-05 9.993E-05 9.993E-05
0.766086 9.99639E-05 9.99639E-05 0.0657596 9.99639E-05 0.0654886 0.0491946 0.0530719 9.99639E-05
0.00559127 9.9946E-05 0.931066 9.9946E-05 9.9946E-05 9.9946E-05 9.9946E-05 9.9946E-05 0.0627427
0.0152582 9.9946E-05 0.916199 9.9946E-05 9.9946E-05 9.9946E-05 9.9946E-05 9.9946E-05 0.0679427
9.99641E-05 0.0591602 0.704464 9.99641E-05 0.019409 9.99641E-05 0.0378531 9.99641E-05 0.178714
9.9964E-05 0.106329 0.625268 9.9964E-05 9.9964E-05 9.9964E-05 0.0669148 0.00193238 0.199156
9.9955E-05 0.940374 9.9955E-05 0.0208385 9.9955E-05 9.9955E-05 9.9955E-05 0.0114676 0.0268202
9.99371E-05 9.99371E-05 0.975771 9.99371E-05 9.99371E-05 9.99371E-05 0.023529 9.99371E-05 9.99371E-05
9.99641E-05 0.0730694 0.100796 9.99641E-05 9.99641E-05 9.99641E-05 0.0105896 0.014197 0.800948
0.436999 9.99729E-05 0.0149527 0.0700164 9.99729E-05 0.00911049 0.390405 0.0782167 9.99729E-05
0.00284376 9.99459E-05 0.964781 9.99459E-05 9.99459E-05 9.99459E-05 0.0317756 9.99459E-05 9.99459E-05
9.9937E-05 9.9937E-05 9.9937E-05 0.968829 9.9937E-05 9.9937E-05 0.0304714 9.9937E-05 9.9937E-05
9.9964E-05 0.186716 9.9964E-05 0.139261 0.0146233 0.623468 0.0355322 9.9964E-05 9.9964E-05
9.99549E-05 0.0121338 0.0284348 9.99549E-05 9.99549E-05 9.99549E-05 0.957811 0.00112063 9.99549E-05
9.99549E-05 9.99549E-05 0.0935795 0.232705 9.99549E-05 0.602889 0.0703267 9.99549E-05 9.99549E-05
9.99729E-05 9.99729E-05 0.0664794 0.262235 0.00586781 0.619103 0.00906482 0.0369497 9.99729E-05
9.9937E-05 9.9937E-05 9.9937E-05 9.9937E-05 9.9937E-05 0.948642 0.0506586 9.9937E-05 9.9937E-05
0.259883 0.136223 9.99549E-05 0.0937615 9.99549E-05 0.509632 9.99549E-05 9.99549E-05 9.99549E-05
9.9937E-05 9.9937E-05 9.9937E-05 9.9937E-05 9.9937E-05 0.920136 0.0791643 9.9937E-05 9.9937E-05
0.16217 0.0608467 9.9982E-05 0.043241 0.0797352 0.461339 0.0894686 0.102999 9.9982E-05
0.00750401 9.9973E-05 0.0675806 0.145837 0.0227584 0.605078 0.150942 9.9973E-05 9.9973E-05
0.0837778 9.9973E-05 0.0360527 0.222306 9.9973E-05 0.1461 0.446665 9.9973E-05 0.0647987
9.99374E-05 9.99374E-05 9.99374E-05 0.980205 0.0190959 9.99374E-05 9.99374E-05 9.99374E-05 9.99374E-05
9.993E-05 9.993E-05 9.993E-05 9.993E-05 9.993E-05 9.993E-05 9.993E-05 9.993E-05 0.999201
9.993E-05 9.993E-05 9.993E-05 9.993E-05 9.993E-05 9.993E-05 9.993E-05 9.993E-05 0.999201
9.9937E-05 9.9937E-05 9.9937E-05 9.9937E-05 9.9937E-05 0.00256015 9.9937E-05 9.9937E-05 0.99674
9.993E-05 9.993E-05 9.993E-05 9.993E-05 9.993E-05 9.993E-05 9.993E-05 9.993E-05 0.999201
9.993E-05 9.993E-05 9.993E-05 9.993E-05 9.993E-05 9.993E-05 9.993E-05 9.993E-05 0.999201
0.00472468 0.263513 0.205479 9.99731E-05 0.0293199 0.0406925 9.99731E-05 9.99731E-05 0.455971
9.9955E-05 0.0142522 9.9955E-05 0.0148858 9.9955E-05 0.0206831 9.9955E-05 9.9955E-05 0.949679
0.0530254 0.000259189 9.99549E-05 0.893576 9.99549E-05 0.0526396 9.99549E-05 9.99549E-05 9.99549E-05
9.99638E-05 0.842217 0.0200961 0.0427687 9.99638E-05 9.99638E-05 9.99638E-05 0.0266649 0.0678539
9.99369E-05 9.99369E-05 0.981334 9.99369E-05 9.99369E-05 9.99369E-05 0.0179668 9.99369E-05 9.99369E-05
0.821673 9.9946E-05 9.9946E-05 0.117317 9.9946E-05 9.9946E-05 9.9946E-05 0.0604099 9.9946E-05
0.300315 9.99551E-05 0.06394 0.165253 9.99551E-05 0.469992 9.99551E-05 9.99551E-05 9.99551E-05
0.999201 9.993E-05 9.993E-05 9.993E-05 9.993E-05 9.993E-05 9.993E-05 9.993E-05 9.993E-05
0.906691 9.99459E-05 9.99459E-05 9.99459E-05 9.99459E-05 0.0895525 0.00315716 9.99459E-05 9.99459E-05
0.823057 9.99549E-05 9.99549E-05 9.99549E-05 9.99549E-05 0.0396914 0.0522633 0.0844887 9.99549E-05
9.99551E-05 9.99551E-05 9.99551E-05 0.0636168 0.91474 0.0197777 9.99551E-05 9.99551E-05 0.0013658
9.99372E-05 9.99372E-05 0.994 9.99372E-05 9.99372E-05 9.99372E-05 9.99372E-05 0.00529994 9.99372E-05
0.0690651 0.0922339 0.235442 0.0932836 0.016125 0.184068 0.252067 0.00158287 0.0561319
0.0429304 9.99372E-05 0.95637 9.99372E-05 9.99372E-05 9.99372E-05 9.99372E-05 9.99372E-05 9.99372E-05
9.995E-05 9.995E-05 0.909393 0.0388659 9.995E-05 9.995E-05 0.0298721 9.995E-05 0.0213697
0.0316422 0.0497575 0.863487 9.9955E-05 9.9955E-05 9.9955E-05 9.9955E-05 9.9955E-05 0.0546137
9.9946E-05 0.0586135 0.922727 0.0180601 9.9946E-05 9.9946E-05 9.9946E-05 9.9946E-05 9.9946E-05
9.9973E-05 0.0357696 0.873989 0.0135586 9.9973E-05 0.0543486 0.0214327 0.000601439 9.9973E-05
9.99369E-05 9.99369E-05 0.975937 9.99369E-05 9.99369E-05 9.99369E-05 0.0233632 9.99369E-05 9.99369E-05
9.99552E-05 0.279836 0.467402 9.99552E-05 9.99552E-05 9.99552E-05 0.00633007 9.99552E-05 0.245933
0.110564 0.273497 0.478064 9.99553E-05 9.99553E-05 9.99553E-05 9.99553E-05 9.99553E-05 0.137375
0.0130801 9.9955E-05 0.930852 9.9955E-05 9.9955E-05 9.9955E-05 9.9955E-05 0.0373764 0.0181917
0.10212 0.115038 0.0963201 0.0495552 9.9973E-05 0.623111 9.9973E-05 0.0135557 9.9973E-05
0.147265 0.0658741 0.0699538 0.0363566 9.9973E-05 0.661809 9.9973E-05 9.9973E-05 0.0184415
9.993E-05 9.993E-05 9.993E-05 9.993E-05 9.993E-05 9.993E-05 9.993E-05 0.999201 9.993E-05
9.993E-05 9.993E-05 9.993E-05 9.993E-05 9.993E-05 9.993E-05 9.993E-05 0.999201 9.993E-05
0.0224591 0.0360782 9.9955E-05 0.00844774 9.9955E-05 0.932515 9.9955E-05 9.9955E-05 9.9955E-05
0.0338605 0.0114695 9.9973E-05 0.00108768 0.010604 0.931533 9.9973E-05 9.9973E-05 0.0111455
9.99461E-05 0.0112178 9.99461E-05 9.99461E-05 9.99461E-05 0.0251744 9.99461E-05 0.963008 9.99461E-05
9.993E-05 9.993E-05 9.993E-05 9.993E-05 9.993E-05 9.993E-05 9.993E-05 0.999201 9.993E-05
0.0437942 9.99369E-05 9.99369E-05 0.955506 9.99369E-05 9.99369E-05 9.99369E-05 9.99369E-05 9.99369E-05
0.249193 0.117214 9.99639E-05 0.0933334 0.0626243 0.477235 9.99639E-05 9.99639E-05 9.99639E-05
9.99459E-05 0.872129 9.99459E-05 0.010901 9.99459E-05 9.99459E-05 9.99459E-05 9.99459E-05 0.116371
0.0924124 0.0164141 9.99731E-05 9.99731E-05 0.0187939 0.0400431 0.816381 9.99731E-05 0.0156561
0.202222 9.99641E-05 9.99641E-05 0.127993 0.000374885 9.99641E-05 0.593299 0.0757111 9.99641E-05
9.99641E-05 0.191158 0.588658 9.99641E-05 0.0304074 9.99641E-05 9.99641E-05 0.0287606 0.160616
