9.99279E-05 9.99279E-05 0.937988 0.0612123 9.99279E-05 9.99279E-05 9.99279E-05 9.99279E-05 9.99279E-05 9.99279E-05
0.0471992 9.99458E-05 0.118269 9.99458E-05 0.658981 9.99458E-05 9.99458E-05 0.174951 9.99458E-05 9.99458E-05
0.028727 9.99644E-05 9.99644E-05 9.99644E-05 0.081632 0.0731855 0.0925384 0.700631 9.99644E-05 0.0228865
0.0226544 9.9946E-05 9.9946E-05 0.0179505 9.9946E-05 9.9946E-05 9.9946E-05 0.958409 0.000386555 9.9946E-05
9.99641E-05 9.99641E-05 0.0507105 0.153557 0.285628 9.99641E-05 0.129028 0.358435 0.0222413 9.99641E-05
9.99371E-05 9.99371E-05 0.0162368 9.99371E-05 9.99371E-05 9.99371E-05 0.0325432 0.95052 9.99371E-05 9.99371E-05
9.99372E-05 0.00653078 9.99372E-05 9.99372E-05 0.686745 0.306025 9.99372E-05 9.99372E-05 9.99372E-05 9.99372E-05
9.99549E-05 9.99549E-05 9.99549E-05 0.0851113 0.112938 9.99549E-05 0.696217 0.0333599 0.0718743 9.99549E-05
9.9937E-05 0.0325312 9.9937E-05 9.9937E-05 0.760371 0.206398 9.9937E-05 9.9937E-05 9.9937E-05 9.9937E-05
9.99281E-05 9.99281E-05 9.99281E-05 0.98053 0.018671 9.99281E-05 9.99281E-05 9.99281E-05 9.99281E-05 9.99281E-05
9.99282E-05 9.99282E-05 9.99282E-05 0.991924 9.99282E-05 9.99282E-05 0.00727629 9.99282E-05 9.99282E-05 9.99282E-05
0.0994525 9.9946E-05 0.683824 9.9946E-05 9.9946E-05 0.172226 9.9946E-05 0.0438976 9.9946E-05 9.9946E-05
9.99281E-05 9.99281E-05 9.99281E-05 9.99281E-05 9.99281E-05 0.98112 0.0180801 9.99281E-05 9.99281E-05 9.99281E-05
0.00618789 9.99461E-05 0.0050912 9.99461E-05 9.99461E-05 9.99461E-05 9.99461E-05 0.9687 9.99461E-05 0.0194208
9.99461E-05 9.99461E-05 0.0317257 0.0128633 9.99461E-05 9.99461E-05 9.99461E-05 0.947031 0.00778012 9.99461E-05
9.9937E-05 0.846833 9.9937E-05 0.0223566 9.9937E-05 0.13011 9.9937E-05 9.9937E-05 9.9937E-05 9.9937E-05
0.289775 0.0614202 0.053559 0.311658 9.9964E-05 0.207948 9.9964E-05 9.9964E-05 9.9964E-05 0.0752406
9.99639E-05 0.0222186 0.00545806 0.171724 0.0522458 9.99639E-05 9.99639E-05 9.99639E-05 0.0616939 0.686259
0.0813145 9.9928E-05 9.9928E-05 9.9928E-05 9.9928E-05 9.9928E-05 9.9928E-05 9.9928E-05 9.9928E-05 0.917886
0.0542626 0.31397 0.12855 0.502618 9.99459E-05 9.99459E-05 9.99459E-05 9.99459E-05 9.99459E-05 9.99459E-05
9.99201E-05 9.99201E-05 9.99201E-05 9.99201E-05 9.99201E-05 9.99201E-05 9.99201E-05 9.99201E-05 9.99201E-05 0.999101
0.0107576 0.304919 0.553154 0.0855367 9.99549E-05 0.0451331 9.99549E-05 9.99549E-05 9.99549E-05 9.99549E-05
0.282124 9.99461E-05 9.99461E-05 0.347111 9.99461E-05 9.99461E-05 9.99461E-05 0.0162297 9.99461E-05 0.353936
0.0717047 9.99369E-05 9.99369E-05 0.0313198 9.99369E-05 9.99369E-05 9.99369E-05 9.99369E-05 9.99369E-05 0.896276
9.99371E-05 9.99371E-05 9.99371E-05 9.99371E-05 0.00465781 9.99371E-05 9.99371E-05 0.952075 0.0425676 9.99371E-05
9.99201E-05 9.99201E-05 9.99201E-05 9.99201E-05 9.99201E-05 9.99201E-05 9.99201E-05 0.999101 9.99201E-05 9.99201E-05
0.0267518 9.99459E-05 0.141992 0.0643781 9.99459E-05 0.766278 9.99459E-05 9.99459E-05 9.99459E-05 9.99459E-05
9.9937E-05 9.9937E-05 9.9937E-05 9.9937E-05 0.0119042 9.9937E-05 9.9937E-05 0.912755 0.0746415 9.9937E-05
9.9946E-05 0.00374091 9.9946E-05 9.9946E-05 0.0198313 9.9946E-05 9.9946E-05 0.882964 0.0928638 9.9946E-05
9.99641E-05 9.99641E-05 0.0164064 9.99641E-05 9.99641E-05 0.00361944 0.307258 0.459829 0.1918 0.0206876
0.0502076 9.99549E-05 9.99549E-05 0.00494087 9.99549E-05 9.99549E-05 0.654621 0.278191 0.01154 9.99549E-05
9.99282E-05 9.99282E-05 9.99282E-05 9.99282E-05 0.96614 9.99282E-05 9.99282E-05 9.99282E-05 0.0330604 9.99282E-05
0.000207259 9.99371E-05 9.99371E-05 9.99371E-05 9.99371E-05 9.99371E-05 0.155683 0.84341 9.99371E-05 9.99371E-05
9.99461E-05 9.99461E-05 9.99461E-05 0.00024447 0.0313264 9.99461E-05 0.258078 9.99461E-05 0.709752 9.99461E-05
0.187807 9.99548E-05 0.0943768 0.0809433 9.99548E-05 0.56087 0.0755024 9.99548E-05 9.99548E-05 9.99548E-05
0.000249275 0.00200214 9.99639E-05 9.99639E-05 0.00461064 0.0264633 0.0866561 0.879619 9.99639E-05 9.99639E-05
9.99281E-05 9.99281E-05 0.964964 9.99281E-05 9.99281E-05 9.99281E-05 0.0342371 9.99281E-05 9.99281E-05 9.99281E-05
9.99549E-05 9.99549E-05 0.0963564 0.711807 0.13893 9.99549E-05 0.0204195 0.0319873 9.99549E-05 9.99549E-05
0.361636 9.9964E-05 9.9964E-05 0.230493 9.9964E-05 0.199954 0.123091 0.0293978 9.9964E-05 0.0550285
9.994E-05 0.20956 0.265103 0.425975 9.994E-05 9.994E-05 9.994E-05 0.0987629 9.994E-05 9.994E-05
0.0332241 0.213914 0.29127 0.396144 9.99549E-05 9.99549E-05 9.99549E-05 0.0649483 9.99549E-05 9.99549E-05
9.99369E-05 9.99369E-05 0.0532982 0.911699 9.99369E-05 0.0343028 9.99369E-05 9.99369E-05 9.99369E-05 9.99369E-05
9.9946E-05 0.88688 0.0277275 0.0265989 9.9946E-05 0.0581935 9.9946E-05 9.9946E-05 9.9946E-05 9.9946E-05
9.9946E-05 9.9946E-05 0.0213838 0.909101 9.9946E-05 0.0655501 9.9946E-05 9.9946E-05 0.00336534 9.9946E-05
0.113052 0.0768631 0.0411248 0.486444 0.0217178 0.173632 9.9973E-05 9.9973E-05 9.9973E-05 0.0868657
9.998E-05 0.196451 0.115534 0.545658 9.998E-05 0.028668 0.0143785 0.0557401 0.00358312 0.039787
0.0734013 9.9964E-05 0.20106 0.351664 9.9964E-05 0.220151 9.9964E-05 0.133534 0.0197893 9.9964E-05
9.99285E-05 9.99285E-05 0.998807 9.99285E-05 9.99285E-05 9.99285E-05 9.99285E-05 9.99285E-05 9.99285E-05 0.000393754
9.99201E-05 9.99201E-05 9.99201E-05 9.99201E-05 9.99201E-05 9.99201E-05 9.99201E-05 9.99201E-05 0.999101 9.99201E-05
9.99281E-05 9.99281E-05 9.99281E-05 0.0104357 9.99281E-05 9.99281E-05 9.99281E-05 9.99281E-05 0.988765 9.99281E-05
9.99281E-05 9.99281E-05 9.99281E-05 0.00251834 9.99281E-05 9.99281E-05 9.99281E-05 9.99281E-05 0.996682 9.99281E-05
9.99281E-05 9.99281E-05 9.99281E-05 9.99281E-05 9.99281E-05 9.99281E-05 9.99281E-05 9.99281E-05 0.994222 0.00497861
9.9928E-05 9.9928E-05 9.9928E-05 9.9928E-05 9.9928E-05 9.9928E-05 9.9928E-05 0.00573353 0.993467 9.9928E-05
9.9973E-05 0.0644302 9.9973E-05 0.00735254 0.138771 9.9973E-05 0.365492 0.0692843 0.317776 0.036594
0.0101274 0.00268229 0.00214876 9.9955E-05 0.0444847 9.9955E-05 9.9955E-05 9.9955E-05 0.940057 9.9955E-05
9.99325E-05 0.213993 0.785208 9.99325E-05 9.99325E-05 9.99325E-05 9.99325E-05 9.99325E-05 9.99325E-05 9.99325E-05
0.0219737 9.99548E-05 0.0202206 9.99548E-05 0.88546 9.99548E-05 9.99548E-05 0.00474545 0.0671009 9.99548E-05
9.9937E-05 9.9937E-05 9.9937E-05 9.9937E-05 0.00332875 9.9937E-05 9.9937E-05 0.991212 9.9937E-05 0.0047595
0.0484504 0.114624 0.055889 9.99478E-05 9.99478E-05 0.780437 9.99478E-05 9.99478E-05 9.99478E-05 9.99478E-05
9.99282E-05 0.918634 9.99282E-05 9.99282E-05 9.99282E-05 0.080567 9.99282E-05 9.99282E-05 9.99282E-05 9.99282E-05
9.99282E-05 9.99282E-05 9.99282E-05 9.99282E-05 9.99282E-05 0.997383 0.00181738 9.99282E-05 9.99282E-05 9.99282E-05
9.99369E-05 9.99369E-05 0.0265644 0.0811873 9.99369E-05 0.891549 9.99369E-05 9.99369E-05 9.99369E-05 9.99369E-05
0.0514824 9.99369E-05 9.99369E-05 0.0958089 9.99369E-05 0.852009 9.99369E-05 9.99369E-05 9.99369E-05 9.99369E-05
9.99551E-05 9.99551E-05 0.0573702 0.00528563 9.99551E-05 9.99551E-05 0.0178299 9.99551E-05 0.0119993 0.907015
9.99201E-05 9.99201E-05 9.99201E-05 9.99201E-05 9.99201E-05 9.99201E-05 9.99201E-05 0.999101 9.99201E-05 9.99201E-05
0.0333085 0.121773 0.0839256 0.117864 9.9991E-05 0.11431 0.149781 0.27387 0.043609 0.0614574
9.99462E-05 0.00975217 9.99462E-05 9.99462E-05 9.99462E-05 0.011278 0.0524349 0.925935 9.99462E-05 9.99462E-05
9.9946E-05 9.9946E-05 0.0307609 9.9946E-05 9.9946E-05 9.9946E-05 0.0458598 0.912911 0.00986882 9.9946E-05
9.9946E-05 0.0743128 9.9946E-05 9.9946E-05 0.0111909 9.9946E-05 9.9946E-05 0.847614 0.0662823 9.9946E-05
9.9955E-05 0.00823909 9.9955E-05 9.9955E-05 0.0755586 9.9955E-05 9.9955E-05 0.897352 0.0166183 0.00173211
9.99461E-05 9.99461E-05 0.0321063 0.0398202 9.99461E-05 9.99461E-05 0.128106 0.799367 9.99461E-05 9.99461E-05
9.9937E-05 0.00196286 9.9937E-05 9.9937E-05 9.9937E-05 0.00228216 9.9937E-05 0.995055 9.9937E-05 9.9937E-05
9.99201E-05 9.99201E-05 9.99201E-05 9.99201E-05 9.99201E-05 9.99201E-05 0.999101 9.99201E-05 9.99201E-05 9.99201E-05
9.99281E-05 9.99281E-05 9.99281E-05 9.99281E-05 9.99281E-05 0.0591125 0.940088 9.99281E-05 9.99281E-05 9.99281E-05
9.99461E-05 0.00549426 9.99461E-05 0.0268394 9.99461E-05 9.99461E-05 9.99461E-05 0.95258 0.0144862 9.99461E-05
0.00878513 0.971137 9.9955E-05 9.9955E-05 9.9955E-05 9.9955E-05 0.0141573 0.00159273 0.00382757 9.9955E-05
9.9928E-05 0.984262 9.9928E-05 9.9928E-05 9.9928E-05 9.9928E-05 0.0149389 9.9928E-05 9.9928E-05 9.9928E-05
0.999101 9.99201E-05 9.99201E-05 9.99201E-05 9.99201E-05 9.99201E-05 9.99201E-05 9.99201E-05 9.99201E-05 9.99201E-05
0.999101 9.99201E-05 9.99201E-05 9.99201E-05 9.99201E-05 9.99201E-05 9.99201E-05 9.99201E-05 9.99201E-05 9.99201E-05
9.99459E-05 0.0781717 0.0596693 0.7777 0.0838596 9.99459E-05 9.99459E-05 9.99459E-05 9.99459E-05 9.99459E-05
9.99549E-05 0.134136 0.0145374 0.775095 0.0285782 0.0471543 9.99549E-05 9.99549E-05 9.99549E-05 9.99549E-05
0.973322 9.9928E-05 9.9928E-05 9.9928E-05 0.0258789 9.9928E-05 9.9928E-05 9.9928E-05 9.9928E-05 9.9928E-05
0.999101 9.99201E-05 9.99201E-05 9.99201E-05 9.99201E-05 9.99201E-05 9.99201E-05 9.99201E-05 9.99201E-05 9.99201E-05
9.99459E-05 0.00665326 0.930883 9.99459E-05 0.00414674 0.0577175 9.99459E-05 9.99459E-05 9.99459E-05 9.99459E-05
9.996E-05 0.412511 0.00124059 0.219967 0.123771 0.174257 9.996E-05 9.996E-05 9.996E-05 0.0678544
9.99279E-05 9.99279E-05 9.99279E-05 9.99279E-05 0.913672 9.99279E-05 9.99279E-05 9.99279E-05 0.0855283 9.99279E-05
0.17705 9.99552E-05 9.99552E-05 0.325932 9.99552E-05 0.337537 9.99552E-05 0.0365585 9.99552E-05 0.122423
0.279705 0.0680922 0.152325 0.0156203 9.99641E-05 0.413461 9.99641E-05 9.99641E-05 9.99641E-05 0.070396
0.0209689 9.9955E-05 9.9955E-05 9.9955E-05 9.9955E-05 9.9955E-05 0.778326 0.155134 0.0229347 0.0221364
