9.99278E-05 9.99278E-05 9.99278E-05 9.99278E-05 9.99278E-05 0.0856498 0.913551 9.99278E-05 9.99278E-05 9.99278E-05
9.9955E-05 9.9955E-05 9.9955E-05 0.0442584 9.9955E-05 9.9955E-05 0.0355482 0.0922967 0.036463 0.790934
0.0568479 0.119864 0.0462992 9.99643E-05 0.0159354 9.99643E-05 9.99643E-05 0.700729 0.0599252 9.99643E-05
9.9928E-05 9.9928E-05 9.9928E-05 9.9928E-05 9.9928E-05 9.9928E-05 9.9928E-05 0.974466 0.0247342 9.9928E-05
0.0243606 0.202834 9.99641E-05 9.99641E-05 9.99641E-05 0.171272 0.0631417 0.44812 9.99641E-05 0.0898717
9.9928E-05 9.9928E-05 9.9928E-05 9.9928E-05 9.9928E-05 0.022931 9.9928E-05 0.97627 9.9928E-05 9.9928E-05
9.99277E-05 0.960346 9.99277E-05 0.0388548 9.99277E-05 9.99277E-05 9.99277E-05 9.99277E-05 9.99277E-05 9.99277E-05
0.226399 0.196529 9.9955E-05 9.9955E-05 9.9955E-05 0.103159 9.9955E-05 0.382981 9.9955E-05 0.0904327
9.99368E-05 0.867568 9.99368E-05 0.113939 9.99368E-05 9.99368E-05 9.99368E-05 9.99368E-05 9.99368E-05 0.0177941
9.99279E-05 0.132083 9.99279E-05 9.99279E-05 9.99279E-05 0.867117 9.99279E-05 9.99279E-05 9.99279E-05 9.99279E-05
9.9928E-05 0.128444 9.9928E-05 9.9928E-05 9.9928E-05 0.870757 9.9928E-05 9.9928E-05 9.9928E-05 9.9928E-05
9.9946E-05 9.9946E-05 0.167193 9.9946E-05 9.9946E-05 9.9946E-05 0.678323 0.0215529 0.132331 9.9946E-05
9.9928E-05 0.0805085 0.918692 9.9928E-05 9.9928E-05 9.9928E-05 9.9928E-05 9.9928E-05 9.9928E-05 9.9928E-05
9.9964E-05 9.9964E-05 0.00556111 9.9964E-05 0.0221357 9.9964E-05 0.0290644 0.939561 0.00181643 0.00146135
9.9946E-05 9.9946E-05 9.9946E-05 9.9946E-05 0.000252113 9.9946E-05 0.0444695 0.949775 0.00490356 9.9946E-05
9.9937E-05 9.9937E-05 0.219413 0.746306 9.9937E-05 0.0335818 9.9937E-05 9.9937E-05 9.9937E-05 9.9937E-05
0.00542395 9.9973E-05 0.266684 0.0399075 0.0626128 0.337725 9.9973E-05 0.00526681 0.28208 9.9973E-05
0.0235032 9.99639E-05 9.99639E-05 0.123145 0.708933 0.0814829 0.0538476 9.99639E-05 9.99639E-05 0.00868821
9.9928E-05 9.9928E-05 9.9928E-05 9.9928E-05 0.907785 9.9928E-05 9.9928E-05 9.9928E-05 0.0914158 9.9928E-05
9.9955E-05 9.9955E-05 0.0082803 0.308072 9.9955E-05 0.494001 0.125695 9.9955E-05 0.0634521 9.9955E-05
9.99201E-05 9.99201E-05 9.99201E-05 9.99201E-05 0.999101 9.99201E-05 9.99201E-05 9.99201E-05 9.99201E-05 9.99201E-05
0.000811421 9.9973E-05 0.10114 0.35404 9.9973E-05 0.0507642 0.468743 9.9973E-05 0.0230355 0.00116611
0.0105575 9.9955E-05 9.9955E-05 9.9955E-05 0.423148 0.28482 9.9955E-05 0.0152914 0.265683 9.9955E-05
9.99369E-05 9.99369E-05 9.99369E-05 9.99369E-05 0.888427 0.0260721 9.99369E-05 9.99369E-05 0.0848011 9.99369E-05
0.0189805 9.99371E-05 9.99371E-05 9.99371E-05 9.99371E-05 9.99371E-05 9.99371E-05 0.969878 0.0104421 9.99371E-05
9.99201E-05 9.99201E-05 9.99201E-05 9.99201E-05 9.99201E-05 9.99201E-05 9.99201E-05 0.999101 9.99201E-05 9.99201E-05
9.99639E-05 9.99639E-05 0.826864 0.0143007 9.99639E-05 0.0727262 0.0610224 9.99639E-05 0.0237606 0.000926614
0.0637379 9.9937E-05 9.9937E-05 0.0111151 9.9937E-05 9.9937E-05 9.9937E-05 0.924447 9.9937E-05 9.9937E-05
0.0532713 9.9946E-05 0.00793073 0.0298077 9.9946E-05 9.9946E-05 9.9946E-05 0.908391 9.9946E-05 9.9946E-05
0.221114 9.99731E-05 0.0450313 9.99731E-05 0.0307541 0.0116042 0.0279623 0.653841 0.00939343 9.99731E-05
0.213965 0.0786732 9.99551E-05 9.99551E-05 9.99551E-05 0.0541424 9.99551E-05 0.627996 0.0247239 9.99551E-05
9.99201E-05 9.99201E-05 9.99201E-05 9.99201E-05 9.99201E-05 9.99201E-05 9.99201E-05 9.99201E-05 9.99201E-05 0.999101
9.99461E-05 0.0146859 9.99461E-05 0.0185628 9.99461E-05 9.99461E-05 9.99461E-05 0.961737 0.00441452 9.99461E-05
0.823432 0.0389741 9.99641E-05 9.99641E-05 9.99641E-05 9.99641E-05 0.000972047 0.105668 0.0154041 0.0151498
0.000946742 9.99639E-05 0.647305 9.99639E-05 9.99639E-05 0.169397 0.00297327 0.0601642 0.118813 9.99639E-05
9.99459E-05 0.00865409 0.00533243 0.0349262 9.99459E-05 9.99459E-05 9.99459E-05 0.950488 9.99459E-05 9.99459E-05
9.9928E-05 9.9928E-05 9.9928E-05 9.9928E-05 9.9928E-05 9.9928E-05 0.984957 0.0142437 9.9928E-05 9.9928E-05
9.99459E-05 9.99459E-05 9.99459E-05 9.99459E-05 0.00760812 0.63972 0.0991611 9.99459E-05 9.99459E-05 0.252912
9.9973E-05 9.9973E-05 0.196342 0.00992506 0.0657115 0.24167 0.00205613 0.123714 0.360282 9.9973E-05
9.99549E-05 9.99549E-05 9.99549E-05 0.377211 0.00419341 0.320201 0.211101 0.0867938 9.99549E-05 9.99549E-05
9.99729E-05 9.99729E-05 9.99729E-05 0.348257 0.013356 0.32975 0.255563 0.0282757 0.0220609 0.00243793
9.99369E-05 9.99369E-05 9.99369E-05 0.0075495 9.99369E-05 0.949799 0.0419522 9.99369E-05 9.99369E-05 9.99369E-05
9.9955E-05 0.056924 0.0485527 0.877204 9.9955E-05 0.00159204 0.0152275 9.9955E-05 9.9955E-05 9.9955E-05
9.9937E-05 9.9937E-05 0.0476968 9.9937E-05 9.9937E-05 0.924273 0.0273306 9.9937E-05 9.9937E-05 9.9937E-05
9.9973E-05 9.9973E-05 0.196134 0.0753186 0.105389 0.407205 0.0345621 9.9973E-05 0.10918 0.0719121
0.0221217 9.9982E-05 9.9982E-05 0.248099 0.0185163 0.49952 0.0979421 0.0799023 0.0198142 0.0138849
0.0251189 9.9964E-05 0.241708 9.9964E-05 9.9964E-05 0.360558 0.214925 0.130603 0.0266863 9.9964E-05
9.99201E-05 9.99201E-05 9.99201E-05 9.99201E-05 9.99201E-05 9.99201E-05 0.999101 9.99201E-05 9.99201E-05 9.99201E-05
0.999101 9.99201E-05 9.99201E-05 9.99201E-05 9.99201E-05 9.99201E-05 9.99201E-05 9.99201E-05 9.99201E-05 9.99201E-05
0.994374 9.9928E-05 9.9928E-05 0.00482666 9.9928E-05 9.9928E-05 9.9928E-05 9.9928E-05 9.9928E-05 9.9928E-05
0.993531 9.99281E-05 9.99281E-05 0.00566948 9.99281E-05 9.99281E-05 9.99281E-05 9.99281E-05 9.99281E-05 9.99281E-05
0.992936 9.9937E-05 9.9937E-05 9.9937E-05 0.00300681 9.9937E-05 0.00335772 9.9937E-05 9.9937E-05 9.9937E-05
0.999101 9.99201E-05 9.99201E-05 9.99201E-05 9.99201E-05 9.99201E-05 9.99201E-05 9.99201E-05 9.99201E-05 9.99201E-05
0.446743 0.156952 9.99731E-05 9.99731E-05 0.0359064 0.0390455 9.99731E-05 0.221164 0.0278398 0.0720496
0.924051 9.9937E-05 9.9937E-05 0.016944 9.9937E-05 9.9937E-05 9.9937E-05 9.9937E-05 9.9937E-05 0.0583051
9.99369E-05 9.99369E-05 0.00443796 0.191404 9.99369E-05 9.99369E-05 0.803458 9.99369E-05 9.99369E-05 9.99369E-05
0.0165838 0.0394388 9.99369E-05 9.99369E-05 9.99369E-05 9.99369E-05 9.99369E-05 9.99369E-05 9.99369E-05 0.943278
9.99279E-05 9.99279E-05 9.99279E-05 9.99279E-05 9.99279E-05 9.99279E-05 0.00741733 0.991783 9.99279E-05 9.99279E-05
0.0140924 0.0114647 0.830337 0.143506 9.9946E-05 9.9946E-05 9.9946E-05 9.9946E-05 9.9946E-05 9.9946E-05
9.99282E-05 9.99282E-05 0.0744058 0.924795 9.99282E-05 9.99282E-05 9.99282E-05 9.99282E-05 9.99282E-05 9.99282E-05
9.99281E-05 0.120379 0.878822 9.99281E-05 9.99281E-05 9.99281E-05 9.99281E-05 9.99281E-05 9.99281E-05 9.99281E-05
9.99459E-05 9.99459E-05 0.874928 0.04632 9.99459E-05 0.0717907 9.99459E-05 9.99459E-05 9.99459E-05 0.00636117
9.993E-05 9.993E-05 0.886026 9.993E-05 9.993E-05 0.0856907 9.993E-05 9.993E-05 0.0275841 9.993E-05
9.99372E-05 9.99372E-05 9.99372E-05 9.99372E-05 0.893219 0.0249098 0.0811718 9.99372E-05 9.99372E-05 9.99372E-05
9.99201E-05 9.99201E-05 9.99201E-05 9.99201E-05 9.99201E-05 9.99201E-05 9.99201E-05 0.999101 9.99201E-05 9.99201E-05
0.110612 0.12353 0.123871 0.0318594 0.0419889 0.115865 0.122184 0.249487 0.0805021 9.9991E-05
9.99373E-05 9.99373E-05 9.99373E-05 0.0231506 9.99373E-05 9.99373E-05 9.99373E-05 0.972998 9.99373E-05 0.00315149
0.0164637 0.0218645 9.9946E-05 9.9946E-05 9.9946E-05 9.9946E-05 0.0276663 0.933406 9.9946E-05 9.9946E-05
0.0602036 0.0150584 9.9946E-05 0.0266284 9.9946E-05 9.9946E-05 9.9946E-05 0.89751 9.9946E-05 9.9946E-05
0.0614971 0.00222508 9.9955E-05 0.0504713 9.9955E-05 9.9955E-05 0.00396846 0.881338 9.9955E-05 9.9955E-05
9.99461E-05 9.99461E-05 9.99461E-05 9.99461E-05 9.99461E-05 0.0922988 9.99461E-05 0.890733 0.00085396 0.0155149
9.9928E-05 9.9928E-05 9.9928E-05 9.9928E-05 9.9928E-05 0.00713987 9.9928E-05 0.992061 9.9928E-05 9.9928E-05
0.254513 0.290748 9.99372E-05 9.99372E-05 9.99372E-05 9.99372E-05 9.99372E-05 0.454039 9.99372E-05 9.99372E-05
0.083289 0.491026 9.99372E-05 9.99372E-05 9.99372E-05 9.99372E-05 9.99372E-05 0.424985 9.99372E-05 9.99372E-05
0.0135963 9.99371E-05 9.99371E-05 0.0646569 9.99371E-05 9.99371E-05 9.99371E-05 0.921047 9.99371E-05 9.99371E-05
0.036901 9.9928E-05 9.9928E-05 0.9623 9.9928E-05 9.9928E-05 9.9928E-05 9.9928E-05 9.9928E-05 9.9928E-05
0.0214742 9.9928E-05 9.9928E-05 0.977726 9.9928E-05 9.9928E-05 9.9928E-05 9.9928E-05 9.9928E-05 9.9928E-05
9.99201E-05 9.99201E-05 9.99201E-05 9.99201E-05 9.99201E-05 9.99201E-05 9.99201E-05 9.99201E-05 0.999101 9.99201E-05
9.99201E-05 9.99201E-05 9.99201E-05 9.99201E-05 9.99201E-05 9.99201E-05 9.99201E-05 9.99201E-05 0.999101 9.99201E-05
9.99459E-05 9.99459E-05 9.99459E-05 0.204749 9.99459E-05 0.693626 0.0366478 9.99459E-05 9.99459E-05 0.0643778
9.9955E-05 0.00206262 0.0183066 0.243991 9.9955E-05 0.684301 9.9955E-05 9.9955E-05 9.9955E-05 0.0508385
9.9928E-05 9.9928E-05 9.9928E-05 9.9928E-05 9.9928E-05 9.9928E-05 9.9928E-05 9.9928E-05 0.979023 0.0201773
9.99201E-05 9.99201E-05 9.99201E-05 9.99201E-05 9.99201E-05 9.99201E-05 9.99201E-05 9.99201E-05 0.999101 9.99201E-05
0.00297553 9.99459E-05 0.0323695 0.00213058 9.99459E-05 9.99459E-05 0.961925 9.99459E-05 9.99459E-05 9.99459E-05
9.9973E-05 0.0905369 0.108659 0.570173 0.0815238 0.111896 0.0190441 9.9973E-05 9.9973E-05 0.0178671
0.0514714 0.00946638 0.0138704 9.9946E-05 9.9946E-05 9.9946E-05 9.9946E-05 9.9946E-05 9.9946E-05 0.924592
9.99552E-05 9.99552E-05 0.373753 9.99552E-05 0.0735926 0.304083 9.99552E-05 0.0326542 0.215417 9.99552E-05
9.99641E-05 9.99641E-05 0.486332 0.01108 0.0573355 0.048241 0.111954 9.99641E-05 0.284658 9.99641E-05
0.159556 0.139508 9.99641E-05 9.99641E-05 0.0543616 9.99641E-05 9.99641E-05 0.593661 0.0264614 0.0260527
