9.98829E-05 9.98829E-05 9.98829E-05 9.98829E-05 0.0710287 9.98829E-05 0.927673 9.98829E-05 9.98829E-05 9.98829E-05 9.98829E-05 9.98829E-05 9.98829E-05 9.98829E-05 9.98829E-05
0.0336356 9.991E-05 9.991E-05 9.991E-05 9.991E-05 9.991E-05 9.991E-05 0.696792 9.991E-05 0.0568782 9.991E-05 9.991E-05 0.1851 0.0265954 9.991E-05
9.99198E-05 9.99198E-05 9.99198E-05 9.99198E-05 9.99198E-05 0.0589013 9.99198E-05 0.0178652 0.0543939 0.563878 9.99198E-05 9.99198E-05 9.99198E-05 0.289929 0.0141331
9.98921E-05 9.98921E-05 9.98921E-05 0.105951 9.98921E-05 9.98921E-05 9.98921E-05 9.98921E-05 0.0190777 0.873772 9.98921E-05 9.98921E-05 9.98921E-05 9.98921E-05 9.98921E-05
0.0172404 0.119908 9.99462E-05 0.0896834 0.155842 9.99462E-05 9.99462E-05 0.119074 9.99462E-05 0.317524 9.99462E-05 0.0427387 0.0660408 0.0713488 9.99462E-05
0.0107543 9.991E-05 0.00601355 0.0836477 9.991E-05 9.991E-05 9.991E-05 9.991E-05 9.991E-05 0.855934 9.991E-05 9.991E-05 0.0426509 9.991E-05 9.991E-05
9.98742E-05 0.998602 9.98742E-05 9.98742E-05 9.98742E-05 9.98742E-05 9.98742E-05 9.98742E-05 9.98742E-05 9.98742E-05 9.98742E-05 9.98742E-05 9.98742E-05 9.98742E-05 9.98742E-05
9.99188E-05 9.99188E-05 9.99188E-05 0.286457 0.0927973 9.99188E-05 9.99188E-05 0.0963843 9.99188E-05 0.0407101 9.99188E-05 0.0554467 9.99188E-05 0.427305 9.99188E-05
0.00246173 0.944708 9.9901E-05 9.9901E-05 9.9901E-05 9.9901E-05 9.9901E-05 0.0297201 9.9901E-05 9.9901E-05 9.9901E-05 0.0220113 9.9901E-05 9.9901E-05 9.9901E-05
9.98831E-05 0.121146 9.98831E-05 9.98831E-05 0.877556 9.98831E-05 9.98831E-05 9.98831E-05 9.98831E-05 9.98831E-05 9.98831E-05 9.98831E-05 9.98831E-05 9.98831E-05 9.98831E-05
9.98831E-05 0.103001 9.98831E-05 9.98831E-05 0.895701 9.98831E-05 9.98831E-05 9.98831E-05 9.98831E-05 9.98831E-05 9.98831E-05 9.98831E-05 9.98831E-05 9.98831E-05 9.98831E-05
9.991E-05 9.991E-05 9.991E-05 9.991E-05 9.991E-05 0.155399 0.653513 9.991E-05 0.131187 0.0244569 9.991E-05 9.991E-05 9.991E-05 0.0344458 9.991E-05
9.99011E-05 0.0253876 9.99011E-05 0.0085915 9.99011E-05 0.933314 9.99011E-05 9.99011E-05 9.99011E-05 9.99011E-05 9.99011E-05 9.99011E-05 9.99011E-05 0.0316083 9.99011E-05
0.0329091 9.99101E-05 9.99101E-05 9.99101E-05 9.99101E-05 9.99101E-05 9.99101E-05 0.0196147 9.99101E-05 0.916984 9.99101E-05 9.99101E-05 0.0206036 9.99101E-05 0.00888908
9.98922E-05 9.98922E-05 9.98922E-05 9.98922E-05 9.98922E-05 9.98922E-05 0.0403025 9.98922E-05 9.98922E-05 0.930266 9.98922E-05 9.98922E-05 0.028233 9.98922E-05 9.98922E-05
0.00320602 9.99011E-05 9.99011E-05 9.99011E-05 0.0255138 0.107273 9.99011E-05 9.99011E-05 9.99011E-05 9.99011E-05 0.862909 9.99011E-05 9.99011E-05 9.99011E-05 9.99011E-05
0.909524 9.98827E-05 9.98827E-05 9.98827E-05 0.089178 9.98827E-05 9.98827E-05 9.98827E-05 9.98827E-05 9.98827E-05 9.98827E-05 9.98827E-05 9.98827E-05 9.98827E-05 9.98827E-05
9.99099E-05 9.99099E-05 9.99099E-05 9.99099E-05 0.0358564 9.99099E-05 9.99099E-05 0.0290016 9.99099E-05 9.99099E-05 9.99099E-05 0.0410061 0.174421 9.99099E-05 0.718716
9.98922E-05 9.98922E-05 0.0748117 9.98922E-05 9.98922E-05 9.98922E-05 9.98922E-05 9.98922E-05 0.0436002 9.98922E-05 9.98922E-05 9.98922E-05 9.98922E-05 9.98922E-05 0.880389
0.0790777 9.99099E-05 9.99099E-05 9.99099E-05 0.446805 9.99099E-05 0.100816 9.99099E-05 0.0306007 9.99099E-05 0.341701 9.99099E-05 9.99099E-05 9.99099E-05 9.99099E-05
9.98742E-05 9.98742E-05 9.98742E-05 9.98742E-05 9.98742E-05 9.98742E-05 9.98742E-05 9.98742E-05 9.98742E-05 9.98742E-05 9.98742E-05 9.98742E-05 9.98742E-05 9.98742E-05 0.998602
0.0222303 9.99279E-05 9.99279E-05 9.99279E-05 0.00291452 0.0450552 0.402005 9.99279E-05 0.0106307 9.99279E-05 0.235983 9.99279E-05 0.280383 9.99279E-05 9.99279E-05
0.318592 9.991E-05 9.991E-05 9.991E-05 0.143017 9.991E-05 9.991E-05 9.991E-05 0.150026 9.991E-05 9.991E-05 0.00498557 9.991E-05 9.991E-05 0.38238
9.9883E-05 9.9883E-05 9.9883E-05 9.9883E-05 0.0614911 9.9883E-05 9.9883E-05 9.9883E-05 9.9883E-05 9.9883E-05 9.9883E-05 9.9883E-05 9.9883E-05 9.9883E-05 0.93721
9.98922E-05 0.00946755 9.98922E-05 9.98922E-05 9.98922E-05 9.98922E-05 9.98922E-05 9.98922E-05 9.98922E-05 0.953524 9.98922E-05 9.98922E-05 9.98922E-05 0.0358096 9.98922E-05
9.98743E-05 9.98743E-05 9.98743E-05 9.98743E-05 9.98743E-05 9.98743E-05 9.98743E-05 9.98743E-05 9.98743E-05 0.998602 9.98743E-05 9.98743E-05 9.98743E-05 9.98743E-05 9.98743E-05
0.00721266 9.99188E-05 9.99188E-05 9.99188E-05 0.0981334 0.751609 0.0914054 9.99188E-05 0.0489874 9.99188E-05 0.00175327 9.99188E-05 9.99188E-05 9.99188E-05 9.99188E-05
9.991E-05 0.0152499 9.991E-05 0.0329054 9.991E-05 9.991E-05 9.991E-05 9.991E-05 0.00212079 0.894973 9.991E-05 0.0537517 9.991E-05 9.991E-05 9.991E-05
9.9901E-05 0.0268675 9.9901E-05 9.9901E-05 9.9901E-05 9.9901E-05 9.9901E-05 9.9901E-05 9.9901E-05 0.887796 0.0132587 0.0709791 9.9901E-05 9.9901E-05 9.9901E-05
9.99101E-05 9.99101E-05 0.01656 0.545416 9.99101E-05 0.0143434 9.99101E-05 9.99101E-05 9.99101E-05 0.339006 9.99101E-05 0.083675 9.99101E-05 9.99101E-05 9.99101E-05
9.98828E-05 9.98828E-05 9.98828E-05 0.947967 9.98828E-05 9.98828E-05 9.98828E-05 9.98828E-05 9.98828E-05 0.050734 9.98828E-05 9.98828E-05 9.98828E-05 9.98828E-05 9.98828E-05
9.98744E-05 9.98744E-05 9.98744E-05 9.98744E-05 9.98744E-05 9.98744E-05 9.98744E-05 0.998602 9.98744E-05 9.98744E-05 9.98744E-05 9.98744E-05 9.98744E-05 9.98744E-05 9.98744E-05
9.98922E-05 9.98922E-05 9.98922E-05 9.98922E-05 9.98922E-05 9.98922E-05 9.98922E-05 9.98922E-05 9.98922E-05 0.808247 9.98922E-05 9.98922E-05 0.0133527 0.177202 9.98922E-05
9.99101E-05 0.00619841 9.99101E-05 0.0581133 0.0193243 9.99101E-05 9.99101E-05 9.99101E-05 9.99101E-05 9.99101E-05 9.99101E-05 0.723139 9.99101E-05 0.192226 9.99101E-05
0.263086 9.99187E-05 9.99187E-05 0.0763791 9.99187E-05 0.493059 0.00033845 9.99187E-05 0.0903347 9.99187E-05 9.99187E-05 9.99187E-05 0.0759039 9.99187E-05 9.99187E-05
0.0330805 0.0054599 9.99279E-05 0.0180832 9.99279E-05 9.99279E-05 9.99279E-05 0.0132829 9.99279E-05 0.879383 0.00903689 9.99279E-05 9.99279E-05 0.040874 9.99279E-05
0.0122781 9.9892E-05 9.9892E-05 9.9892E-05 9.9892E-05 9.9892E-05 0.944847 9.9892E-05 9.9892E-05 9.9892E-05 9.9892E-05 9.9892E-05 9.9892E-05 0.0416757 9.9892E-05
0.0017261 9.99279E-05 0.018456 9.99279E-05 0.593171 9.99279E-05 0.0741644 0.19301 9.99279E-05 9.99279E-05 9.99279E-05 9.99279E-05 0.0462577 0.0724146 9.99279E-05
0.992848 9.98828E-05 9.98828E-05 9.98828E-05 9.98828E-05 9.98828E-05 9.98828E-05 9.98828E-05 9.98828E-05 9.98828E-05 9.98828E-05 9.98828E-05 9.98828E-05 0.00585362 9.98828E-05
9.9874E-05 9.9874E-05 9.9874E-05 9.9874E-05 9.9874E-05 9.9874E-05 9.9874E-05 9.9874E-05 9.9874E-05 9.9874E-05 9.9874E-05 9.9874E-05 0.998602 9.9874E-05 9.9874E-05
9.98741E-05 9.98741E-05 9.98741E-05 9.98741E-05 9.98741E-05 9.98741E-05 9.98741E-05 9.98741E-05 9.98741E-05 9.98741E-05 9.98741E-05 9.98741E-05 0.998602 9.98741E-05 9.98741E-05
0.0500007 9.99009E-05 9.99009E-05 9.99009E-05 0.878861 9.99009E-05 0.0155803 9.99009E-05 9.99009E-05 9.99009E-05 9.99009E-05 9.99009E-05 0.0544594 9.99009E-05 9.99009E-05
9.9928E-05 0.0804477 0.00578855 9.9928E-05 9.9928E-05 0.0247063 0.0253031 9.9928E-05 9.9928E-05 9.9928E-05 0.845887 9.9928E-05 0.00641655 9.9928E-05 0.010651
0.0315425 9.99175E-05 9.99175E-05 9.99175E-05 0.891402 0.0271984 0.0156289 9.99175E-05 9.99175E-05 9.99175E-05 0.0332294 9.99175E-05 9.99175E-05 9.99175E-05 9.99175E-05
9.99369E-05 9.99369E-05 9.99369E-05 9.99369E-05 0.386003 0.174753 0.0358993 0.0334241 0.109247 9.99369E-05 0.0201921 9.99369E-05 0.120541 9.99369E-05 0.119241
9.9946E-05 9.9946E-05 0.0715066 0.100431 0.409791 0.0676276 0.075683 9.9946E-05 0.0489768 9.9946E-05 0.0638365 9.9946E-05 0.157298 0.00424979 9.9946E-05
0.201641 0.0114419 0.0112926 0.159394 0.23919 0.126209 0.199878 9.99459E-05 0.00951372 9.99459E-05 9.99459E-05 9.99459E-05 0.0408408 9.99459E-05 9.99459E-05
9.98749E-05 9.98749E-05 9.98749E-05 9.98749E-05 9.98749E-05 9.98749E-05 0.998602 9.98749E-05 9.98749E-05 9.98749E-05 9.98749E-05 9.98749E-05 9.98749E-05 9.98749E-05 9.98749E-05
9.98741E-05 9.98741E-05 9.98741E-05 9.98741E-05 9.98741E-05 9.98741E-05 9.98741E-05 9.98741E-05 9.98741E-05 9.98741E-05 9.98741E-05 0.998602 9.98741E-05 9.98741E-05 9.98741E-05
0.00149178 9.9901E-05 0.0165294 9.9901E-05 9.9901E-05 9.9901E-05 9.9901E-05 9.9901E-05 9.9901E-05 9.9901E-05 9.9901E-05 0.965717 0.0151625 9.9901E-05 9.9901E-05
9.98922E-05 9.98922E-05 9.98922E-05 9.98922E-05 9.98922E-05 9.98922E-05 9.98922E-05 9.98922E-05 9.98922E-05 9.98922E-05 0.00180198 0.989377 0.00762247 9.98922E-05 9.98922E-05
9.98743E-05 9.98743E-05 9.98743E-05 9.98743E-05 9.98743E-05 9.98743E-05 9.98743E-05 9.98743E-05 9.98743E-05 9.98743E-05 9.98743E-05 0.998602 9.98743E-05 9.98743E-05 9.98743E-05
9.98832E-05 9.98832E-05 9.98832E-05 0.00148499 9.98832E-05 9.98832E-05 9.98832E-05 9.98832E-05 9.98832E-05 9.98832E-05 9.98832E-05 0.997217 9.98832E-05 9.98832E-05 9.98832E-05
9.99371E-05 0.00189213 9.99371E-05 0.398333 0.058867 9.99371E-05 9.99371E-05 0.0699883 9.99371E-05 9.99371E-05 0.0317563 0.330339 9.99371E-05 0.0788386 0.0292864
9.98901E-05 9.98901E-05 9.98901E-05 9.98901E-05 9.98901E-05 0.00684992 0.0109816 0.0708761 9.98901E-05 9.98901E-05 9.98901E-05 0.910194 9.98901E-05 9.98901E-05 9.98901E-05
9.98829E-05 9.98829E-05 9.98829E-05 9.98829E-05 9.98829E-05 9.98829E-05 0.786439 9.98829E-05 9.98829E-05 9.98829E-05 0.212263 9.98829E-05 9.98829E-05 9.98829E-05 9.98829E-05
9.99009E-05 0.0236992 9.99009E-05 9.99009E-05 9.99009E-05 9.99009E-05 9.99009E-05 0.923659 9.99009E-05 9.99009E-05 0.0195743 0.0319687 9.99009E-05 9.99009E-05 9.99009E-05
9.98829E-05 9.98829E-05 9.98829E-05 9.98829E-05 9.98829E-05 9.98829E-05 9.98829E-05 9.98829E-05 9.98829E-05 0.966221 9.98829E-05 9.98829E-05 0.0324809 9.98829E-05 9.98829E-05
9.99101E-05 0.0099872 9.99101E-05 9.99101E-05 9.99101E-05 0.824438 9.99101E-05 9.99101E-05 0.0186008 9.99101E-05 0.0184945 9.99101E-05 0.127481 9.99101E-05 9.99101E-05
9.98923E-05 9.98923E-05 9.98923E-05 9.98923E-05 9.98923E-05 0.0707112 9.98923E-05 9.98923E-05 9.98923E-05 9.98923E-05 0.924839 9.98923E-05 9.98923E-05 0.00325129 9.98923E-05
9.98924E-05 0.0112327 9.98924E-05 9.98924E-05 9.98924E-05 0.970709 9.98924E-05 9.98924E-05 9.98924E-05 9.98924E-05 9.98924E-05 9.98924E-05 9.98924E-05 0.0168601 9.98924E-05
9.98829E-05 9.98829E-05 9.98829E-05 9.98829E-05 0.0940759 0.904626 9.98829E-05 9.98829E-05 9.98829E-05 9.98829E-05 9.98829E-05 9.98829E-05 9.98829E-05 9.98829E-05 9.98829E-05
9.99009E-05 9.99009E-05 9.99009E-05 9.99009E-05 0.0525909 0.829923 9.99009E-05 9.99009E-05 0.0484975 9.99009E-05 9.99009E-05 9.99009E-05 0.0678897 9.99009E-05 9.99009E-05
9.98741E-05 9.98741E-05 0.998602 9.98741E-05 9.98741E-05 9.98741E-05 9.98741E-05 9.98741E-05 9.98741E-05 9.98741E-05 9.98741E-05 9.98741E-05 9.98741E-05 9.98741E-05 9.98741E-05
9.98836E-05 9.98836E-05 9.98836E-05 0.00476706 9.98836E-05 9.98836E-05 9.98836E-05 9.98836E-05 9.98836E-05 0.993934 9.98836E-05 9.98836E-05 9.98836E-05 9.98836E-05 9.98836E-05
0.0591358 9.99551E-05 9.99551E-05 0.371062 9.99551E-05 0.0403327 0.165288 9.99551E-05 0.0278309 0.0801655 0.0415394 0.0100064 0.15716 9.99551E-05 0.0469791
9.99014E-05 9.99014E-05 9.99014E-05 9.99014E-05 9.99014E-05 0.00330979 9.99014E-05 9.99014E-05 9.99014E-05 0.897758 0.0269196 9.99014E-05 9.99014E-05 0.070914 9.99014E-05
0.037017 0.0224712 9.9919E-05 0.0292403 9.9919E-05 9.9919E-05 9.9919E-05 9.9919E-05 9.9919E-05 0.833814 9.9919E-05 9.9919E-05 0.06592 0.0106386 9.9919E-05
9.991E-05 0.0196914 9.991E-05 9.991E-05 9.991E-05 9.991E-05 9.991E-05 9.991E-05 9.991E-05 0.881985 0.0255684 0.0411012 9.991E-05 0.0306549 9.991E-05
9.99281E-05 9.99281E-05 0.00317076 9.99281E-05 9.99281E-05 9.99281E-05 0.0187624 9.99281E-05 9.99281E-05 0.896904 0.0119713 0.0319158 9.99281E-05 0.0265951 0.00988138
9.99101E-05 9.99101E-05 9.99101E-05 0.243971 0.0060962 9.99101E-05 9.99101E-05 0.00709063 9.99101E-05 0.674678 9.99101E-05 9.99101E-05 0.0671647 9.99101E-05 9.99101E-05
0.0352596 0.00321211 9.99099E-05 9.99099E-05 9.99099E-05 9.99099E-05 9.99099E-05 9.99099E-05 9.99099E-05 0.950661 9.99099E-05 9.99099E-05 0.00818993 0.00167852 9.99099E-05
9.98829E-05 9.98829E-05 9.98829E-05 9.98829E-05 9.98829E-05 9.98829E-05 9.98829E-05 9.98829E-05 9.98829E-05 9.98829E-05 9.98829E-05 0.0215706 9.98829E-05 0.977131 9.98829E-05
9.98919E-05 0.0267451 9.98919E-05 9.98919E-05 9.98919E-05 0.009226 9.98919E-05 9.98919E-05 9.98919E-05 9.98919E-05 9.98919E-05 9.98919E-05 9.98919E-05 0.96283 9.98919E-05
9.99191E-05 9.99191E-05 9.99191E-05 9.99191E-05 0.00919785 0.00718953 9.99191E-05 9.99191E-05 0.0104696 0.912454 9.99191E-05 0.0440737 9.99191E-05 9.99191E-05 0.0157162
9.9901E-05 9.9901E-05 9.9901E-05 9.9901E-05 9.9901E-05 9.9901E-05 9.9901E-05 9.9901E-05 0.00282329 9.9901E-05 0.948659 0.0347808 0.0126383 9.9901E-05 9.9901E-05
9.98831E-05 9.98831E-05 9.98831E-05 9.98831E-05 9.98831E-05 9.98831E-05 9.98831E-05 9.98831E-05 9.98831E-05 9.98831E-05 0.989188 0.00951381 9.98831E-05 9.98831E-05 9.98831E-05
9.98742E-05 9.98742E-05 9.98742E-05 9.98742E-05 9.98742E-05 9.98742E-05 9.98742E-05 9.98742E-05 0.998602 9.98742E-05 9.98742E-05 9.98742E-05 9.98742E-05 9.98742E-05 9.98742E-05
9.98832E-05 9.98832E-05 9.98832E-05 9.98832E-05 9.98832E-05 9.98832E-05 9.98832E-05 9.98832E-05 0.988231 9.98832E-05 9.98832E-05 9.98832E-05 0.0104708 9.98832E-05 9.98832E-05
9.99189E-05 9.99189E-05 9.99189E-05 9.99189E-05 0.795437 0.0241629 9.99189E-05 0.0559912 9.99189E-05 0.0035736 0.0394163 9.99189E-05 0.0805199 9.99189E-05 9.99189E-05
9.99099E-05 9.99099E-05 9.99099E-05 9.99099E-05 0.780607 0.0684659 9.99099E-05 0.0369168 9.99099E-05 9.99099E-05 0.0321782 9.99099E-05 0.0808334 9.99099E-05 9.99099E-05
9.99101E-05 9.99101E-05 9.99101E-05 9.99101E-05 0.0139256 9.99101E-05 9.99101E-05 0.0180469 0.950299 9.99101E-05 0.0118789 9.99101E-05 9.99101E-05 0.00485099 9.99101E-05
9.98742E-05 9.98742E-05 9.98742E-05 9.98742E-05 9.98742E-05 9.98742E-05 9.98742E-05 9.98742E-05 0.998602 9.98742E-05 9.98742E-05 9.98742E-05 9.98742E-05 9.98742E-05 9.98742E-05
9.98901E-05 9.98901E-05 9.98901E-05 9.98901E-05 9.98901E-05 0.0310894 0.929351 9.98901E-05 9.98901E-05 9.98901E-05 0.00225076 0.0362105 9.98901E-05 9.98901E-05 9.98901E-05
9.99099E-05 0.104979 9.99099E-05 9.99099E-05 9.99099E-05 0.149926 9.99099E-05 9.99099E-05 9.99099E-05 9.99099E-05 0.107251 9.99099E-05 0.616408 9.99099E-05 0.0204372
9.9892E-05 0.0626031 9.9892E-05 9.9892E-05 9.9892E-05 9.9892E-05 9.9892E-05 0.88387 9.9892E-05 9.9892E-05 9.9892E-05 0.0523278 9.9892E-05 9.9892E-05 9.9892E-05
0.423275 9.99283E-05 0.0130365 9.99283E-05 0.205498 0.200282 9.99283E-05 9.99283E-05 0.108519 0.0200471 9.99283E-05 9.99283E-05 9.99283E-05 9.99283E-05 0.0285427
0.429197 9.99102E-05 9.99102E-05 9.99102E-05 9.99102E-05 0.252576 0.134624 9.99102E-05 0.137939 9.99102E-05 9.99102E-05 9.99102E-05 9.99102E-05 9.99102E-05 0.0446645
9.98739E-05 9.98739E-05 9.98739E-05 0.998602 9.98739E-05 9.98739E-05 9.98739E-05 9.98739E-05 9.98739E-05 9.98739E-05 9.98739E-05 9.98739E-05 9.98739E-05 9.98739E-05 9.98739E-05
