9.98919E-05 9.98919E-05 0.00605897 9.98919E-05 9.98919E-05 9.98919E-05 9.98919E-05 9.98919E-05 9.98919E-05 0.956618 9.98919E-05 9.98919E-05 0.0361247 9.98919E-05 9.98919E-05
9.99097E-05 9.99097E-05 0.0188259 0.153141 9.99097E-05 9.99097E-05 9.99097E-05 0.686836 9.99097E-05 0.11079 9.99097E-05 9.99097E-05 9.99097E-05 0.0294077 9.99097E-05
0.11952 9.99375E-05 0.0152902 0.58635 0.0110197 9.99375E-05 9.99375E-05 0.0653455 9.99375E-05 9.99375E-05 0.12212 0.0658306 9.99375E-05 9.99375E-05 0.0138248
9.99011E-05 9.99011E-05 0.0119222 0.915569 0.0080186 9.99011E-05 9.99011E-05 9.99011E-05 9.99011E-05 9.99011E-05 0.0633912 9.99011E-05 9.99011E-05 9.99011E-05 9.99011E-05
9.99461E-05 0.0385615 9.99461E-05 0.296459 0.0184525 9.99461E-05 9.99461E-05 0.384781 9.99461E-05 0.0351873 0.0849554 0.016811 0.0696119 0.0545806 9.99461E-05
9.9883E-05 9.9883E-05 9.9883E-05 0.982852 9.9883E-05 9.9883E-05 9.9883E-05 9.9883E-05 9.9883E-05 9.9883E-05 0.0158497 9.9883E-05 9.9883E-05 9.9883E-05 9.9883E-05
0.337593 9.99013E-05 9.99013E-05 9.99013E-05 9.99013E-05 0.0208815 9.99013E-05 0.557114 9.99013E-05 9.99013E-05 9.99013E-05 0.0833119 9.99013E-05 9.99013E-05 9.99013E-05
9.99279E-05 0.0920402 0.0033355 9.99279E-05 0.0732132 9.99279E-05 9.99279E-05 0.150269 9.99279E-05 9.99279E-05 0.241258 0.36206 0.0770254 9.99279E-05 9.99279E-05
0.235216 9.99011E-05 9.99011E-05 9.99011E-05 9.99011E-05 0.0908321 9.99011E-05 0.637492 9.99011E-05 9.99011E-05 9.99011E-05 0.0353609 9.99011E-05 9.99011E-05 9.99011E-05
9.98743E-05 9.98743E-05 9.98743E-05 9.98743E-05 9.98743E-05 9.98743E-05 9.98743E-05 9.98743E-05 9.98743E-05 9.98743E-05 9.98743E-05 9.98743E-05 0.998602 9.98743E-05 9.98743E-05
9.98745E-05 9.98745E-05 9.98745E-05 9.98745E-05 9.98745E-05 9.98745E-05 9.98745E-05 9.98745E-05 9.98745E-05 9.98745E-05 9.98745E-05 9.98745E-05 0.998602 9.98745E-05 9.98745E-05
0.141148 9.991E-05 0.114931 9.991E-05 0.00366432 9.991E-05 9.991E-05 9.991E-05 9.991E-05 0.707205 9.991E-05 0.0320527 9.991E-05 9.991E-05 9.991E-05
0.968517 9.98922E-05 9.98922E-05 9.98922E-05 9.98922E-05 9.98922E-05 9.98922E-05 9.98922E-05 9.98922E-05 9.98922E-05 0.0195289 0.0107556 9.98922E-05 9.98922E-05 9.98922E-05
9.99011E-05 9.99011E-05 9.99011E-05 0.977155 9.99011E-05 9.99011E-05 9.99011E-05 0.0004354 9.99011E-05 9.99011E-05 9.99011E-05 9.99011E-05 9.99011E-05 0.00395882 0.0173514
9.9892E-05 9.9892E-05 9.9892E-05 0.980512 9.9892E-05 9.9892E-05 9.9892E-05 9.9892E-05 9.9892E-05 0.000772727 9.9892E-05 9.9892E-05 9.9892E-05 9.9892E-05 0.0175166
0.112343 9.99011E-05 9.99011E-05 9.99011E-05 9.99011E-05 0.827937 0.00674051 9.99011E-05 9.99011E-05 9.99011E-05 9.99011E-05 9.99011E-05 9.99011E-05 0.0518803 9.99011E-05
9.98828E-05 9.98828E-05 9.98828E-05 9.98828E-05 9.98828E-05 9.98828E-05 9.98828E-05 9.98828E-05 9.98828E-05 9.98828E-05 9.98828E-05 9.98828E-05 0.0676462 0.931055 9.98828E-05
9.99188E-05 0.0726348 9.99188E-05 9.99188E-05 9.99188E-05 0.0510685 9.99188E-05 0.00837136 9.99188E-05 0.0483229 9.99188E-05 9.99188E-05 0.0189852 9.99188E-05 0.799718
9.9874E-05 9.9874E-05 9.9874E-05 9.9874E-05 9.9874E-05 9.9874E-05 0.998602 9.9874E-05 9.9874E-05 9.9874E-05 9.9874E-05 9.9874E-05 9.9874E-05 9.9874E-05 9.9874E-05
9.99099E-05 9.99099E-05 0.0294581 9.99099E-05 9.99099E-05 0.283411 9.99099E-05 9.99099E-05 9.99099E-05 0.117384 9.99099E-05 9.99099E-05 0.455171 0.113577 9.99099E-05
9.9892E-05 9.9892E-05 9.9892E-05 9.9892E-05 9.9892E-05 9.9892E-05 0.00544301 9.9892E-05 0.0625182 9.9892E-05 9.9892E-05 9.9892E-05 9.9892E-05 9.9892E-05 0.93084
0.0158299 9.99189E-05 9.99189E-05 9.99189E-05 9.99189E-05 0.275578 0.00821454 9.99189E-05 9.99189E-05 0.517963 9.99189E-05 9.99189E-05 0.0773118 0.104203 9.99189E-05
9.9919E-05 0.0134597 0.152561 9.9919E-05 0.00349724 9.9919E-05 9.9919E-05 9.9919E-05 9.9919E-05 9.9919E-05 9.9919E-05 9.9919E-05 0.110311 0.277726 0.441545
9.9892E-05 9.9892E-05 0.0209542 9.9892E-05 9.9892E-05 9.9892E-05 0.0617283 9.9892E-05 9.9892E-05 9.9892E-05 9.9892E-05 9.9892E-05 9.9892E-05 9.9892E-05 0.916119
9.98833E-05 9.98833E-05 9.98833E-05 0.372255 0.626447 9.98833E-05 9.98833E-05 9.98833E-05 9.98833E-05 9.98833E-05 9.98833E-05 9.98833E-05 9.98833E-05 9.98833E-05 9.98833E-05
9.98831E-05 9.98831E-05 9.98831E-05 0.765945 0.232757 9.98831E-05 9.98831E-05 9.98831E-05 9.98831E-05 9.98831E-05 9.98831E-05 9.98831E-05 9.98831E-05 9.98831E-05 9.98831E-05
0.708884 9.99098E-05 0.0469962 9.99098E-05 9.99098E-05 9.99098E-05 9.99098E-05 9.99098E-05 9.99098E-05 0.161279 9.99098E-05 9.99098E-05 0.06521 0.0166314 9.99098E-05
9.98742E-05 9.98742E-05 9.98742E-05 9.98742E-05 0.998602 9.98742E-05 9.98742E-05 9.98742E-05 9.98742E-05 9.98742E-05 9.98742E-05 9.98742E-05 9.98742E-05 9.98742E-05 9.98742E-05
9.98832E-05 0.00392734 9.98832E-05 9.98832E-05 0.994774 9.98832E-05 9.98832E-05 9.98832E-05 9.98832E-05 9.98832E-05 9.98832E-05 9.98832E-05 9.98832E-05 9.98832E-05 9.98832E-05
0.00216195 0.0997825 9.99281E-05 0.259245 0.0858927 9.99281E-05 9.99281E-05 9.99281E-05 0.0433053 0.000863423 0.507949 9.99281E-05 9.99281E-05 9.99281E-05 9.99281E-05
9.98828E-05 9.98828E-05 9.98828E-05 0.0752876 9.98828E-05 9.98828E-05 9.98828E-05 9.98828E-05 9.98828E-05 9.98828E-05 0.923414 9.98828E-05 9.98828E-05 9.98828E-05 9.98828E-05
9.98833E-05 9.98833E-05 9.98833E-05 9.98833E-05 9.98833E-05 9.98833E-05 9.98833E-05 0.996599 9.98833E-05 9.98833E-05 0.00210258 9.98833E-05 9.98833E-05 9.98833E-05 9.98833E-05
9.98921E-05 9.98921E-05 9.98921E-05 0.461954 0.378579 9.98921E-05 9.98921E-05 9.98921E-05 9.98921E-05 9.98921E-05 9.98921E-05 0.158269 9.98921E-05 9.98921E-05 9.98921E-05
9.99101E-05 0.724022 9.99101E-05 9.99101E-05 0.00367894 9.99101E-05 9.99101E-05 0.00576915 9.99101E-05 9.99101E-05 0.0583906 0.203664 0.0035761 9.99101E-05 9.99101E-05
0.434962 9.99277E-05 0.0819715 9.99277E-05 9.99277E-05 9.99277E-05 9.99277E-05 9.99277E-05 9.99277E-05 0.0761207 0.0566567 0.00157638 0.0142335 0.33368 9.99277E-05
9.99009E-05 9.99009E-05 9.99009E-05 0.263638 0.684904 9.99009E-05 9.99009E-05 9.99009E-05 9.99009E-05 9.99009E-05 9.99009E-05 0.0176075 9.99009E-05 0.0327509 9.99009E-05
9.98831E-05 9.98831E-05 9.98831E-05 9.98831E-05 9.98831E-05 9.98831E-05 9.98831E-05 9.98831E-05 9.98831E-05 0.970241 9.98831E-05 0.0284604 9.98831E-05 9.98831E-05 9.98831E-05
9.99201E-05 9.99201E-05 9.99201E-05 0.0354451 9.99201E-05 9.99201E-05 9.99201E-05 0.141063 0.0149485 0.0736628 9.99201E-05 0.0496901 0.678718 9.99201E-05 0.00567315
9.98828E-05 9.98828E-05 9.98828E-05 9.98828E-05 9.98828E-05 9.98828E-05 9.98828E-05 9.98828E-05 9.98828E-05 9.98828E-05 9.98828E-05 0.0284858 9.98828E-05 0.970216 9.98828E-05
9.99188E-05 9.99188E-05 9.99188E-05 0.115146 9.99188E-05 0.236747 9.99188E-05 9.99188E-05 0.00105421 0.249266 9.99188E-05 9.99188E-05 0.251454 0.145434 9.99188E-05
9.99368E-05 9.99368E-05 0.0229172 0.0789048 9.99368E-05 0.180378 9.99368E-05 0.0124851 0.0125104 0.293767 9.99368E-05 9.99368E-05 0.305019 0.0933189 9.99368E-05
9.99009E-05 9.99009E-05 9.99009E-05 9.99009E-05 9.99009E-05 9.99009E-05 0.0200849 9.99009E-05 9.99009E-05 0.0575316 9.99009E-05 9.99009E-05 0.908143 0.0131416 9.99009E-05
0.0526089 9.9919E-05 9.9919E-05 9.9919E-05 9.9919E-05 0.882969 9.9919E-05 0.0142433 9.9919E-05 0.0143999 9.9919E-05 9.9919E-05 0.0159427 9.9919E-05 0.0189373
0.0284878 9.991E-05 9.991E-05 9.991E-05 9.991E-05 9.991E-05 9.991E-05 9.991E-05 9.991E-05 0.0566962 0.00985127 9.991E-05 0.89055 0.0134156 9.991E-05
0.131488 0.0080028 0.0994338 9.99369E-05 9.99369E-05 0.0974412 9.99369E-05 0.0217216 9.99369E-05 0.0394307 9.99369E-05 9.99369E-05 0.461896 9.99369E-05 0.139886
9.9928E-05 9.9928E-05 9.9928E-05 0.0642259 9.9928E-05 0.154038 9.9928E-05 9.9928E-05 0.0956965 0.127699 0.0154799 9.9928E-05 0.492931 0.0491307 9.9928E-05
0.0839416 0.0191033 9.9937E-05 0.0323898 9.9937E-05 9.9937E-05 9.9937E-05 9.9937E-05 0.0251787 0.210938 0.101325 9.9937E-05 0.293349 0.233075 9.9937E-05
9.98837E-05 9.98837E-05 9.98837E-05 9.98837E-05 9.98837E-05 9.98837E-05 9.98837E-05 9.98837E-05 9.98837E-05 0.979399 9.98837E-05 9.98837E-05 9.98837E-05 9.98837E-05 0.0193021
9.98742E-05 0.998602 9.98742E-05 9.98742E-05 9.98742E-05 9.98742E-05 9.98742E-05 9.98742E-05 9.98742E-05 9.98742E-05 9.98742E-05 9.98742E-05 9.98742E-05 9.98742E-05 9.98742E-05
9.98741E-05 0.998602 9.98741E-05 9.98741E-05 9.98741E-05 9.98741E-05 9.98741E-05 9.98741E-05 9.98741E-05 9.98741E-05 9.98741E-05 9.98741E-05 9.98741E-05 9.98741E-05 9.98741E-05
9.98832E-05 0.975187 9.98832E-05 9.98832E-05 9.98832E-05 0.0235142 9.98832E-05 9.98832E-05 9.98832E-05 9.98832E-05 9.98832E-05 9.98832E-05 9.98832E-05 9.98832E-05 9.98832E-05
9.98742E-05 0.998602 9.98742E-05 9.98742E-05 9.98742E-05 9.98742E-05 9.98742E-05 9.98742E-05 9.98742E-05 9.98742E-05 9.98742E-05 9.98742E-05 9.98742E-05 9.98742E-05 9.98742E-05
9.98832E-05 0.983519 9.98832E-05 9.98832E-05 9.98832E-05 9.98832E-05 9.98832E-05 9.98832E-05 9.98832E-05 9.98832E-05 0.0151828 9.98832E-05 9.98832E-05 9.98832E-05 9.98832E-05
9.99192E-05 0.351459 9.99192E-05 9.99192E-05 9.99192E-05 0.146065 0.028185 0.0439309 9.99192E-05 9.99192E-05 0.261527 0.167934 9.99192E-05 9.99192E-05 9.99192E-05
9.98921E-05 0.938462 9.98921E-05 9.98921E-05 9.98921E-05 0.017802 9.98921E-05 0.0425376 9.98921E-05 9.98921E-05 9.98921E-05 9.98921E-05 9.98921E-05 9.98921E-05 9.98921E-05
9.98829E-05 9.98829E-05 9.98829E-05 9.98829E-05 9.98829E-05 0.190088 9.98829E-05 9.98829E-05 9.98829E-05 0.808614 9.98829E-05 9.98829E-05 9.98829E-05 9.98829E-05 9.98829E-05
9.99008E-05 0.0591163 0.015619 9.99008E-05 0.00322304 9.99008E-05 9.99008E-05 0.920943 9.99008E-05 9.99008E-05 9.99008E-05 9.99008E-05 9.99008E-05 9.99008E-05 9.99008E-05
9.98919E-05 9.98919E-05 9.98919E-05 0.548093 0.443968 9.98919E-05 9.98919E-05 9.98919E-05 9.98919E-05 9.98919E-05 9.98919E-05 9.98919E-05 9.98919E-05 0.00673984 9.98919E-05
0.778694 0.0177018 0.0414824 9.991E-05 9.991E-05 0.0632323 9.991E-05 9.991E-05 9.991E-05 0.0978899 9.991E-05 9.991E-05 9.991E-05 9.991E-05 9.991E-05
0.0847482 9.98834E-05 9.98834E-05 9.98834E-05 9.98834E-05 0.913953 9.98834E-05 9.98834E-05 9.98834E-05 9.98834E-05 9.98834E-05 9.98834E-05 9.98834E-05 9.98834E-05 9.98834E-05
0.986742 9.98833E-05 9.98833E-05 9.98833E-05 9.98833E-05 9.98833E-05 9.98833E-05 9.98833E-05 9.98833E-05 9.98833E-05 9.98833E-05 0.0119597 9.98833E-05 9.98833E-05 9.98833E-05
0.851881 9.98828E-05 9.98828E-05 9.98828E-05 9.98828E-05 9.98828E-05 9.98828E-05 9.98828E-05 9.98828E-05 9.98828E-05 9.98828E-05 9.98828E-05 0.146821 9.98828E-05 9.98828E-05
0.816247 9.99008E-05 0.0927035 9.99008E-05 9.99008E-05 9.99008E-05 9.99008E-05 9.99008E-05 9.99008E-05 9.99008E-05 9.99008E-05 9.99008E-05 0.0601073 0.0298434 9.99008E-05
9.98741E-05 9.98741E-05 9.98741E-05 9.98741E-05 9.98741E-05 9.98741E-05 9.98741E-05 9.98741E-05 0.998602 9.98741E-05 9.98741E-05 9.98741E-05 9.98741E-05 9.98741E-05 9.98741E-05
9.98925E-05 9.98925E-05 9.98925E-05 0.201514 0.783571 9.98925E-05 9.98925E-05 9.98925E-05 9.98925E-05 9.98925E-05 0.0137166 9.98925E-05 9.98925E-05 9.98925E-05 9.98925E-05
0.0663857 0.0599153 0.0318479 0.187098 0.0398706 9.9973E-05 0.077617 0.149299 0.0291948 0.0234129 0.0926899 9.9973E-05 0.101903 0.140466 9.9973E-05
9.98923E-05 9.98923E-05 9.98923E-05 0.909516 9.98923E-05 0.0290073 9.98923E-05 9.98923E-05 9.98923E-05 9.98923E-05 9.98923E-05 0.0602775 9.98923E-05 9.98923E-05 9.98923E-05
9.99099E-05 0.00905772 9.99099E-05 0.550543 0.303845 9.99099E-05 9.99099E-05 9.99099E-05 9.99099E-05 9.99099E-05 0.10011 9.99099E-05 9.99099E-05 0.035445 9.99099E-05
9.98831E-05 9.98831E-05 9.98831E-05 9.98831E-05 0.990499 0.00820208 9.98831E-05 9.98831E-05 9.98831E-05 9.98831E-05 9.98831E-05 9.98831E-05 9.98831E-05 9.98831E-05 9.98831E-05
9.98832E-05 9.98832E-05 9.98832E-05 9.98832E-05 0.991929 9.98832E-05 0.00677253 9.98832E-05 9.98832E-05 9.98832E-05 9.98832E-05 9.98832E-05 9.98832E-05 9.98832E-05 9.98832E-05
9.99281E-05 9.99281E-05 9.99281E-05 0.53025 0.158895 9.99281E-05 9.99281E-05 0.0120443 9.99281E-05 0.000857108 0.268482 9.99281E-05 0.0043781 0.024294 9.99281E-05
9.9892E-05 9.9892E-05 9.9892E-05 0.372585 0.617553 9.9892E-05 9.9892E-05 9.9892E-05 9.9892E-05 9.9892E-05 9.9892E-05 9.9892E-05 9.9892E-05 0.00866319 9.9892E-05
9.9892E-05 0.038264 9.9892E-05 9.9892E-05 9.9892E-05 9.9892E-05 9.9892E-05 9.9892E-05 9.9892E-05 9.9892E-05 9.9892E-05 0.948379 9.9892E-05 0.0121588 9.9892E-05
0.0273987 9.9883E-05 9.9883E-05 9.9883E-05 9.9883E-05 9.9883E-05 9.9883E-05 9.9883E-05 9.9883E-05 9.9883E-05 9.9883E-05 0.971303 9.9883E-05 9.9883E-05 9.9883E-05
9.991E-05 0.042907 0.00330409 0.847469 0.101619 9.991E-05 0.00370167 9.991E-05 9.991E-05 9.991E-05 9.991E-05 9.991E-05 9.991E-05 9.991E-05 9.991E-05
9.991E-05 9.991E-05 0.000951587 0.00480181 9.991E-05 0.955672 9.991E-05 0.0204461 9.991E-05 9.991E-05 9.991E-05 0.0171291 9.991E-05 9.991E-05 9.991E-05
9.98829E-05 9.98829E-05 9.98829E-05 9.98829E-05 9.98829E-05 0.978683 9.98829E-05 9.98829E-05 9.98829E-05 9.98829E-05 9.98829E-05 0.0200187 9.98829E-05 9.98829E-05 9.98829E-05
9.98832E-05 9.98832E-05 0.997987 9.98832E-05 9.98832E-05 9.98832E-05 9.98832E-05 9.98832E-05 9.98832E-05 0.000714131 9.98832E-05 9.98832E-05 9.98832E-05 9.98832E-05 9.98832E-05
0.0061177 9.98832E-05 0.992584 9.98832E-05 9.98832E-05 9.98832E-05 9.98832E-05 9.98832E-05 9.98832E-05 9.98832E-05 9.98832E-05 9.98832E-05 9.98832E-05 9.98832E-05 9.98832E-05
0.00615275 9.99189E-05 9.99189E-05 9.99189E-05 0.0105219 0.0737754 9.99189E-05 0.0235081 9.99189E-05 0.0410817 9.99189E-05 9.99189E-05 0.844061 9.99189E-05 9.99189E-05
0.0416087 9.9928E-05 9.9928E-05 9.9928E-05 0.0280656 0.0955817 9.9928E-05 0.0171358 0.00431848 9.9928E-05 9.9928E-05 0.00100161 0.811489 9.9928E-05 9.9928E-05
9.98833E-05 9.98833E-05 0.990506 9.98833E-05 9.98833E-05 0.0081959 9.98833E-05 9.98833E-05 9.98833E-05 9.98833E-05 9.98833E-05 9.98833E-05 9.98833E-05 9.98833E-05 9.98833E-05
9.98742E-05 9.98742E-05 0.998602 9.98742E-05 9.98742E-05 9.98742E-05 9.98742E-05 9.98742E-05 9.98742E-05 9.98742E-05 9.98742E-05 9.98742E-05 9.98742E-05 9.98742E-05 9.98742E-05
0.0335054 0.00316237 9.9892E-05 9.9892E-05 9.9892E-05 9.9892E-05 9.9892E-05 9.9892E-05 9.9892E-05 0.962134 9.9892E-05 9.9892E-05 9.9892E-05 9.9892E-05 9.9892E-05
0.174272 9.99369E-05 9.99369E-05 9.99369E-05 9.99369E-05 0.463939 0.0375145 0.105204 0.011162 0.00935522 9.99369E-05 9.99369E-05 0.185906 9.99369E-05 0.0119479
9.98829E-05 0.103804 9.98829E-05 9.98829E-05 9.98829E-05 9.98829E-05 9.98829E-05 0.894898 9.98829E-05 9.98829E-05 9.98829E-05 9.98829E-05 9.98829E-05 9.98829E-05 9.98829E-05
0.182819 0.00146746 0.0530105 0.00570707 0.001094 9.99372E-05 0.100413 9.99372E-05 9.99372E-05 9.99372E-05 9.99372E-05 9.99372E-05 0.15797 0.49682 9.99372E-05
0.161643 9.99192E-05 0.0711159 9.99192E-05 9.99192E-05 0.0277526 0.0738711 9.99192E-05 9.99192E-05 0.0899193 9.99192E-05 9.99192E-05 9.99192E-05 0.574798 9.99192E-05
9.9874E-05 9.9874E-05 9.9874E-05 9.9874E-05 9.9874E-05 9.9874E-05 9.9874E-05 9.9874E-05 9.9874E-05 9.9874E-05 0.998602 9.9874E-05 9.9874E-05 9.9874E-05 9.9874E-05
