9.9982E-05 0.989984 0.00981578 9.9982E-05
9.999E-05 0.365093 0.334184 0.300623
0.0531749 0.0604897 0.0476451 0.83869
9.9982E-05 9.9982E-05 0.0146424 0.985158
9.999E-05 0.24405 0.298482 0.457367
0.00427629 9.9982E-05 9.9982E-05 0.995524
9.999E-05 0.554125 0.408848 0.0369275
9.999E-05 0.0721791 0.462604 0.465117
9.999E-05 0.504402 0.446238 0.0492599
9.9982E-05 0.83954 0.16026 9.9982E-05
9.9982E-05 0.903619 0.0961809 9.9982E-05
9.9982E-05 0.931914 9.9982E-05 0.0678863
9.99821E-05 0.942623 9.99821E-05 0.0571773
0.0320971 9.9982E-05 9.9982E-05 0.967703
0.0128996 9.9982E-05 9.9982E-05 0.9869
9.9991E-05 0.940403 0.0333834 0.0261139
0.142483 0.823415 9.9991E-05 0.0340018
0.740026 0.197285 0.0625886 9.9991E-05
0.9997 9.998E-05 9.998E-05 9.998E-05
9.9982E-05 0.981445 0.0183547 9.9982E-05
0.9997 9.998E-05 9.998E-05 9.998E-05
9.998E-05 0.9997 9.998E-05 9.998E-05
0.566821 0.309199 0.0600186 0.0639616
0.9997 9.998E-05 9.998E-05 9.998E-05
9.9982E-05 9.9982E-05 0.00599733 0.993803
9.998E-05 9.998E-05 9.998E-05 0.9997
9.998E-05 0.9997 9.998E-05 9.998E-05
9.9982E-05 9.9982E-05 0.0636227 0.936177
9.9982E-05 9.9982E-05 0.117566 0.882234
0.0275556 0.021939 0.253019 0.697487
0.00423534 9.9991E-05 0.307671 0.687994
9.9991E-05 0.277959 0.64308 0.0788613
9.998E-05 9.998E-05 9.998E-05 0.9997
9.9991E-05 0.0117331 0.8691 0.119067
9.9982E-05 0.912265 9.9982E-05 0.0875347
9.9982E-05 0.00253053 9.9982E-05 0.99727
9.99821E-05 0.918224 9.99821E-05 0.0815759
0.0485463 0.722599 0.209375 0.0194794
0.149816 0.656633 9.9991E-05 0.193452
9.9982E-05 0.85082 9.9982E-05 0.14898
0.0058713 0.887948 0.0252881 0.0808927
0.0141482 0.942329 0.0434225 9.9991E-05
9.9982E-05 0.924468 0.0753318 9.9982E-05
0.00298592 0.89901 0.0979036 9.9991E-05
0.168832 0.784681 0.0463874 9.9991E-05
0.0329839 0.831768 0.050883 0.084365
9.9991E-05 0.805438 0.0596094 0.134852
0.004159 0.985075 0.0106661 9.99911E-05
9.998E-05 9.998E-05 0.9997 9.998E-05
9.998E-05 9.998E-05 0.9997 9.998E-05
9.998E-05 9.998E-05 0.9997 9.998E-05
9.998E-05 9.998E-05 0.9997 9.998E-05
9.998E-05 9.998E-05 0.9997 9.998E-05
0.0475578 0.102565 0.663576 0.186302
9.998E-05 9.998E-05 0.9997 9.998E-05
9.998E-05 0.9997 9.998E-05 9.998E-05
9.9991E-05 0.296932 0.639748 0.0632193
9.998E-05 9.998E-05 9.998E-05 0.9997
9.998E-05 0.9997 9.998E-05 9.998E-05
9.9982E-05 0.915572 9.9982E-05 0.0842279
9.998E-05 0.9997 9.998E-05 9.998E-05
9.9982E-05 0.988971 9.9982E-05 0.0108295
9.998E-05 0.9997 9.998E-05 9.998E-05
0.927724 0.0254919 0.0466842 9.9991E-05
9.998E-05 9.998E-05 9.998E-05 0.9997
0.0313132 0.449887 0.171175 0.347625
9.998E-05 9.998E-05 9.998E-05 0.9997
9.9982E-05 9.9982E-05 0.0201985 0.979602
9.9991E-05 0.0196337 0.0304863 0.94978
9.9982E-05 9.9982E-05 0.0755532 0.924247
9.9991E-05 0.0378185 0.00109226 0.960989
9.998E-05 9.998E-05 9.998E-05 0.9997
9.99821E-05 9.99821E-05 0.492733 0.507067
0.0358311 0.0472208 0.395167 0.521781
9.9982E-05 0.0359276 9.9982E-05 0.963872
9.9991E-05 0.810066 0.137022 0.0528124
9.9991E-05 0.806727 0.129114 0.0640594
0.257548 0.614604 9.9991E-05 0.127748
0.23056 0.648883 9.9991E-05 0.120458
9.99819E-05 0.877891 0.121909 9.99819E-05
0.00528122 0.888954 0.105665 9.9991E-05
0.240146 0.625631 0.00703289 0.12719
0.241978 0.642516 9.9991E-05 0.115405
9.9982E-05 0.961944 0.0378562 9.9982E-05
0.031043 0.90623 0.0626266 9.9991E-05
9.9991E-05 0.272022 0.651119 0.0767592
0.188739 0.697315 0.00180811 0.112138
0.151561 0.846995 9.9991E-05 0.00134359
0.0396034 9.9991E-05 0.309909 0.650388
