9.9982E-05 9.9982E-05 0.94636 0.0534401
0.525592 9.9991E-05 0.412474 0.061835
0.871785 0.0350956 0.00352206 0.0895975
0.963506 9.9982E-05 9.9982E-05 0.0362943
0.67946 9.99821E-05 0.32034 9.99821E-05
0.986982 9.9982E-05 9.9982E-05 0.0128183
0.301227 9.99821E-05 0.698573 9.99821E-05
0.791025 9.9991E-05 0.19102 0.0178547
0.339303 9.99821E-05 0.660497 9.99821E-05
0.0320991 9.9991E-05 0.845251 0.12255
0.0242712 9.9991E-05 0.843464 0.132165
0.0253838 9.9991E-05 0.804619 0.169897
0.0591307 0.00538105 0.907005 0.0284837
0.966529 0.00203215 9.9991E-05 0.0313391
0.994567 0.00523266 9.9982E-05 9.9982E-05
0.0507744 9.9991E-05 0.928048 0.0210773
0.00882532 0.053106 0.530218 0.407851
0.0490812 0.712541 0.238278 9.9991E-05
9.9982E-05 0.898549 9.9982E-05 0.101251
9.9982E-05 9.9982E-05 0.834504 0.165296
9.998E-05 0.9997 9.998E-05 9.998E-05
9.9982E-05 9.9982E-05 0.93265 0.0671498
0.0570699 0.447962 0.113323 0.381645
9.9982E-05 0.918234 9.9982E-05 0.0815662
0.9997 9.998E-05 9.998E-05 9.998E-05
0.9997 9.998E-05 9.998E-05 9.998E-05
9.9982E-05 9.9982E-05 0.918073 0.0817273
0.9997 9.998E-05 9.998E-05 9.998E-05
0.9997 9.998E-05 9.998E-05 9.998E-05
0.917486 0.048753 0.0116761 0.0220844
0.946224 9.9982E-05 9.9982E-05 0.0535763
0.547689 0.00861761 0.443594 9.9991E-05
0.999341 9.9982E-05 9.9982E-05 0.000459064
0.778642 9.9982E-05 0.221158 9.9982E-05
0.0583067 9.9991E-05 0.694999 0.246595
0.999125 9.9982E-05 9.9982E-05 0.000675336
0.0556037 9.9991E-05 0.897732 0.0465639
0.149227 0.0584081 0.773608 0.0187571
0.143627 0.0592096 0.362474 0.43469
0.116365 9.9991E-05 0.773862 0.109673
0.069716 9.9991E-05 0.806993 0.123191
9.9991E-05 0.00823123 0.866703 0.124966
0.0180074 9.9982E-05 0.981793 9.9982E-05
0.00915983 0.0268203 0.82617 0.137849
9.9991E-05 0.114567 0.688035 0.197298
0.0928425 0.0302915 0.757376 0.11949
0.1767 9.9991E-05 0.648238 0.174962
9.99911E-05 0.052132 0.92979 0.0179778
0.812913 0.0288077 0.158179 9.9991E-05
0.788453 0.0478089 0.163639 9.9991E-05
0.781402 0.0462329 0.172265 9.9991E-05
0.808301 0.0607762 0.130823 9.9991E-05
0.861113 0.0222421 0.116545 9.9991E-05
0.749071 0.048428 0.202401 9.9991E-05
0.751914 9.9982E-05 0.247886 9.9982E-05
9.998E-05 9.998E-05 0.9997 9.998E-05
0.508447 9.9982E-05 0.491353 9.9982E-05
0.9997 9.998E-05 9.998E-05 9.998E-05
0.00685121 9.9991E-05 0.912525 0.0805234
0.0795966 9.9991E-05 0.874574 0.0457296
9.99821E-05 0.0396452 0.960155 9.99821E-05
9.9982E-05 9.9982E-05 0.995607 0.0041928
9.9991E-05 0.0155333 0.895612 0.0887542
0.00477961 0.912279 0.0828413 9.9991E-05
0.9997 9.998E-05 9.998E-05 9.998E-05
0.481091 0.0882531 0.397656 0.0330007
0.9997 9.998E-05 9.998E-05 9.998E-05
0.998314 9.9982E-05 9.9982E-05 0.0014859
0.9997 9.998E-05 9.998E-05 9.998E-05
0.9997 9.998E-05 9.998E-05 9.998E-05
0.950058 9.9982E-05 9.9982E-05 0.0497419
0.9997 9.998E-05 9.998E-05 9.998E-05
0.916307 9.99821E-05 0.0834927 9.99821E-05
0.859343 0.0201157 0.120441 9.99911E-05
0.9997 9.998E-05 9.998E-05 9.998E-05
0.138444 9.9991E-05 0.795549 0.065907
0.139862 9.9991E-05 0.825069 0.0349688
9.998E-05 9.998E-05 9.998E-05 0.9997
9.998E-05 9.998E-05 9.998E-05 0.9997
0.0476538 9.9991E-05 0.845886 0.10636
0.0391912 0.00559551 0.892295 0.062918
9.998E-05 9.998E-05 9.998E-05 0.9997
9.998E-05 9.998E-05 9.998E-05 0.9997
9.998E-05 9.998E-05 0.9997 9.998E-05
0.0301172 0.049007 0.920776 9.9991E-05
0.574895 9.9982E-05 0.424905 9.9982E-05
0.0492838 0.106654 0.532821 0.311241
9.9991E-05 0.077314 0.545308 0.377278
0.917317 0.0651256 9.9991E-05 0.0174577
