9.99099E-05 9.99099E-05 0.0187358 9.99099E-05 9.99099E-05 9.99099E-05 9.99099E-05 0.0615874 0.918678 9.99099E-05 9.99099E-05 9.99099E-05 9.99099E-05
9.99189E-05 9.99189E-05 9.99189E-05 9.99189E-05 0.0852057 9.99189E-05 9.99189E-05 9.99189E-05 9.99189E-05 0.0217191 0.199134 0.693042 9.99189E-05
0.0592508 9.99377E-05 0.0584553 9.99377E-05 0.770956 0.0946929 0.0126504 9.99377E-05 9.99377E-05 9.99377E-05 9.99377E-05 0.00329531 9.99377E-05
9.9919E-05 9.9919E-05 0.032798 0.019267 0.942395 9.9919E-05 9.9919E-05 9.9919E-05 9.9919E-05 0.00464046 9.9919E-05 9.9919E-05 9.9919E-05
0.237155 9.99551E-05 9.99551E-05 0.0382615 0.387287 9.99551E-05 9.99551E-05 0.0578702 0.000315405 0.0808312 0.0292387 0.168542 9.99551E-05
9.99099E-05 9.99099E-05 9.99099E-05 9.99099E-05 0.908592 9.99099E-05 9.99099E-05 9.99099E-05 9.99099E-05 0.0342253 0.0561834 9.99099E-05 9.99099E-05
0.998801 9.98918E-05 9.98918E-05 9.98918E-05 9.98918E-05 9.98918E-05 9.98918E-05 9.98918E-05 9.98918E-05 9.98918E-05 9.98918E-05 9.98918E-05 9.98918E-05
0.101721 9.99281E-05 9.99281E-05 0.207084 0.422157 9.99281E-05 9.99281E-05 0.0978417 9.99281E-05 9.99281E-05 9.99281E-05 0.170397 9.99281E-05
0.94711 0.0424469 9.99098E-05 9.99098E-05 9.99098E-05 9.99098E-05 9.99098E-05 9.99098E-05 9.99098E-05 9.99098E-05 0.00944347 9.99098E-05 9.99098E-05
0.11567 9.99009E-05 9.99009E-05 9.99009E-05 9.99009E-05 9.99009E-05 9.99009E-05 0.883231 9.99009E-05 9.99009E-05 9.99009E-05 9.99009E-05 9.99009E-05
0.135866 9.9901E-05 9.9901E-05 9.9901E-05 9.9901E-05 9.9901E-05 9.9901E-05 0.863035 9.9901E-05 9.9901E-05 9.9901E-05 9.9901E-05 9.9901E-05
9.9937E-05 0.0300242 0.101687 9.9937E-05 0.0379864 0.124075 9.9937E-05 9.9937E-05 0.665474 0.0400538 9.9937E-05 9.9937E-05 9.9937E-05
0.0446041 9.99012E-05 9.99012E-05 9.99012E-05 9.99012E-05 0.954297 9.99012E-05 9.99012E-05 9.99012E-05 9.99012E-05 9.99012E-05 9.99012E-05 9.99012E-05
9.9919E-05 9.9919E-05 9.9919E-05 9.9919E-05 0.923729 9.9919E-05 0.0132674 9.9919E-05 9.9919E-05 0.0202996 0.0418045 9.9919E-05 9.9919E-05
9.99101E-05 9.99101E-05 9.99101E-05 9.99101E-05 0.913786 9.99101E-05 9.99101E-05 9.99101E-05 0.0227384 9.99101E-05 0.0624762 9.99101E-05 9.99101E-05
9.99101E-05 0.743686 9.99101E-05 9.99101E-05 9.99101E-05 0.143397 9.99101E-05 0.0776399 9.99101E-05 0.0343778 9.99101E-05 9.99101E-05 9.99101E-05
9.99008E-05 9.99008E-05 9.99008E-05 9.99008E-05 9.99008E-05 9.99008E-05 9.99008E-05 0.0747971 9.99008E-05 0.924104 9.99008E-05 9.99008E-05 9.99008E-05
9.99279E-05 9.99279E-05 9.99279E-05 0.0135133 9.99279E-05 9.99279E-05 0.685017 0.107368 9.99279E-05 9.99279E-05 0.128401 0.0649018 9.99279E-05
9.99101E-05 9.99101E-05 0.0690217 9.99101E-05 9.99101E-05 9.99101E-05 0.753055 9.99101E-05 9.99101E-05 9.99101E-05 9.99101E-05 9.99101E-05 0.176924
9.99279E-05 0.326494 0.0226942 9.99279E-05 9.99279E-05 9.99279E-05 9.99279E-05 0.466662 0.115692 0.0676583 9.99279E-05 9.99279E-05 9.99279E-05
9.98921E-05 9.98921E-05 9.98921E-05 9.98921E-05 9.98921E-05 9.98921E-05 0.998801 9.98921E-05 9.98921E-05 9.98921E-05 9.98921E-05 9.98921E-05 9.98921E-05
9.9937E-05 0.187049 9.9937E-05 9.9937E-05 9.9937E-05 0.0397354 9.9937E-05 0.03559 0.409828 0.0217114 0.305386 9.9937E-05 9.9937E-05
9.99189E-05 9.99189E-05 0.147427 9.99189E-05 9.99189E-05 9.99189E-05 0.458668 0.194138 9.99189E-05 0.198868 9.99189E-05 9.99189E-05 9.99189E-05
9.9901E-05 9.9901E-05 9.9901E-05 9.9901E-05 9.9901E-05 9.9901E-05 0.9113 0.0876007 9.9901E-05 9.9901E-05 9.9901E-05 9.9901E-05 9.9901E-05
9.9906E-05 9.9906E-05 9.9906E-05 0.021827 0.977074 9.9906E-05 9.9906E-05 9.9906E-05 9.9906E-05 9.9906E-05 9.9906E-05 9.9906E-05 9.9906E-05
9.98922E-05 9.98922E-05 9.98922E-05 9.98922E-05 0.998801 9.98922E-05 9.98922E-05 9.98922E-05 9.98922E-05 9.98922E-05 9.98922E-05 9.98922E-05 9.98922E-05
9.99459E-05 0.0100692 0.0479217 0.00111217 9.99459E-05 0.826872 9.99459E-05 0.0898427 0.0217394 0.00184351 9.99459E-05 9.99459E-05 9.99459E-05
9.9919E-05 0.0272224 9.9919E-05 0.0191209 0.951519 0.00123838 9.9919E-05 9.9919E-05 9.9919E-05 9.9919E-05 9.9919E-05 9.9919E-05 9.9919E-05
9.991E-05 0.0501679 9.991E-05 0.031786 0.917047 9.991E-05 9.991E-05 9.991E-05 9.991E-05 9.991E-05 9.991E-05 9.991E-05 9.991E-05
0.0396244 9.99372E-05 0.00605366 0.224648 0.67213 9.99372E-05 9.99372E-05 9.99372E-05 9.99372E-05 0.0244976 9.99372E-05 9.99372E-05 0.0323469
0.102444 9.99281E-05 0.0192238 0.214357 0.614551 9.99281E-05 9.99281E-05 9.99281E-05 9.99281E-05 0.0486244 9.99281E-05 9.99281E-05 9.99281E-05
9.98922E-05 9.98922E-05 9.98922E-05 9.98922E-05 9.98922E-05 9.98922E-05 9.98922E-05 9.98922E-05 9.98922E-05 9.98922E-05 9.98922E-05 0.998801 9.98922E-05
9.99192E-05 0.00736674 9.99192E-05 9.99192E-05 0.961677 9.99192E-05 9.99192E-05 9.99192E-05 9.99192E-05 0.014907 0.0151496 9.99192E-05 9.99192E-05
0.0375234 9.99283E-05 9.99283E-05 0.820458 0.122497 0.00147582 9.99283E-05 0.0172461 9.99283E-05 9.99283E-05 9.99283E-05 9.99283E-05 9.99283E-05
9.99548E-05 9.99548E-05 0.0954244 0.00218506 0.0055462 0.505755 9.99548E-05 0.00606305 0.0247698 0.281994 0.0777623 9.99548E-05 9.99548E-05
9.99099E-05 9.99099E-05 9.99099E-05 9.99099E-05 0.945403 0.00721793 9.99099E-05 9.99099E-05 9.99099E-05 9.99099E-05 0.0463803 9.99099E-05 9.99099E-05
9.99101E-05 9.99101E-05 9.99101E-05 9.99101E-05 0.0273422 9.99101E-05 9.99101E-05 9.99101E-05 0.941274 0.0303847 9.99101E-05 9.99101E-05 9.99101E-05
9.99549E-05 9.99549E-05 9.99549E-05 0.00945057 0.0267293 0.00765508 9.99549E-05 0.590082 0.024974 9.99549E-05 0.108182 0.200003 0.0324241
9.98919E-05 9.98919E-05 9.98919E-05 9.98919E-05 9.98919E-05 9.98919E-05 9.98919E-05 9.98919E-05 9.98919E-05 0.998801 9.98919E-05 9.98919E-05 9.98919E-05
9.9892E-05 9.9892E-05 9.9892E-05 9.9892E-05 9.9892E-05 9.9892E-05 9.9892E-05 9.9892E-05 9.9892E-05 9.9892E-05 0.998801 9.9892E-05 9.9892E-05
9.9901E-05 9.9901E-05 9.9901E-05 9.9901E-05 9.9901E-05 9.9901E-05 9.9901E-05 0.0064295 9.9901E-05 9.9901E-05 0.992472 9.9901E-05 9.9901E-05
9.99279E-05 0.0308121 9.99279E-05 9.99279E-05 9.99279E-05 9.99279E-05 9.99279E-05 0.870588 0.0162439 0.00265179 0.0789045 9.99279E-05 9.99279E-05
0.0664428 0.807491 9.9946E-05 9.9946E-05 9.9946E-05 0.0411372 0.00230339 0.0502813 9.9946E-05 9.9946E-05 0.0235048 9.9946E-05 0.00823975
9.99189E-05 9.99189E-05 9.99189E-05 9.99189E-05 0.0109816 9.99189E-05 9.99189E-05 0.90059 0.062368 0.0251613 9.99189E-05 9.99189E-05 9.99189E-05
9.9955E-05 0.0758789 0.0956789 9.9955E-05 9.9955E-05 0.151496 0.119572 0.375787 0.0110352 9.9955E-05 0.16277 0.00728241 9.9955E-05
9.9973E-05 0.124516 0.000842437 9.9973E-05 0.0719232 0.0127269 9.9973E-05 0.417603 0.104612 0.00567361 0.154267 0.000808111 0.106727
0.0251001 9.9964E-05 9.9964E-05 0.06067 0.0480727 0.117548 9.9964E-05 0.234627 0.211446 0.271689 0.0278359 9.9964E-05 0.00261091
9.99106E-05 9.99106E-05 9.99106E-05 9.99106E-05 9.99106E-05 9.99106E-05 0.00300682 9.99106E-05 0.992139 9.99106E-05 9.99106E-05 9.99106E-05 0.00385484
9.9892E-05 9.9892E-05 9.9892E-05 0.998801 9.9892E-05 9.9892E-05 9.9892E-05 9.9892E-05 9.9892E-05 9.9892E-05 9.9892E-05 9.9892E-05 9.9892E-05
9.991E-05 9.991E-05 9.991E-05 0.985567 9.991E-05 9.991E-05 9.991E-05 9.991E-05 9.991E-05 9.991E-05 0.00134436 0.01209 9.991E-05
9.99101E-05 0.0128888 9.99101E-05 0.980738 9.99101E-05 9.99101E-05 9.99101E-05 9.99101E-05 9.99101E-05 9.99101E-05 0.00537382 9.99101E-05 9.99101E-05
9.98921E-05 9.98921E-05 9.98921E-05 0.998801 9.98921E-05 9.98921E-05 9.98921E-05 9.98921E-05 9.98921E-05 9.98921E-05 9.98921E-05 9.98921E-05 9.98921E-05
9.9892E-05 9.9892E-05 9.9892E-05 0.998801 9.9892E-05 9.9892E-05 9.9892E-05 9.9892E-05 9.9892E-05 9.9892E-05 9.9892E-05 9.9892E-05 9.9892E-05
0.13493 0.0856568 0.00174972 0.455892 0.246226 9.99462E-05 0.0323142 9.99462E-05 9.99462E-05 9.99462E-05 9.99462E-05 0.0426313 9.99462E-05
9.9901E-05 9.9901E-05 9.9901E-05 0.92503 9.9901E-05 9.9901E-05 9.9901E-05 9.9901E-05 9.9901E-05 9.9901E-05 9.9901E-05 0.0738711 9.9901E-05
9.99009E-05 0.162637 9.99009E-05 9.99009E-05 9.99009E-05 9.99009E-05 9.99009E-05 9.99009E-05 0.836264 9.99009E-05 9.99009E-05 9.99009E-05 9.99009E-05
0.0160512 0.00392532 9.9919E-05 0.0402166 9.9919E-05 9.9919E-05 9.9919E-05 9.9919E-05 9.9919E-05 9.9919E-05 9.9919E-05 0.938908 9.9919E-05
9.99099E-05 9.99099E-05 9.99099E-05 9.99099E-05 0.96298 9.99099E-05 9.99099E-05 9.99099E-05 9.99099E-05 0.00904468 0.0269766 9.99099E-05 9.99099E-05
9.9919E-05 0.0236024 0.0463434 9.9919E-05 9.9919E-05 0.821298 9.9919E-05 9.9919E-05 9.9919E-05 9.9919E-05 0.107857 9.9919E-05 9.9919E-05
9.99102E-05 0.896034 9.99102E-05 9.99102E-05 9.99102E-05 0.0644185 9.99102E-05 9.99102E-05 0.0385489 9.99102E-05 9.99102E-05 9.99102E-05 9.99102E-05
0.0369525 9.99013E-05 9.99013E-05 9.99013E-05 9.99013E-05 0.961949 9.99013E-05 9.99013E-05 9.99013E-05 9.99013E-05 9.99013E-05 9.99013E-05 9.99013E-05
9.99099E-05 9.99099E-05 9.99099E-05 9.99099E-05 9.99099E-05 0.849157 9.99099E-05 0.131069 9.99099E-05 9.99099E-05 0.0187746 9.99099E-05 9.99099E-05
9.99279E-05 9.99279E-05 0.0710581 9.99279E-05 9.99279E-05 0.802798 9.99279E-05 0.102559 9.99279E-05 0.00144654 0.0213387 9.99279E-05 9.99279E-05
9.9892E-05 9.9892E-05 9.9892E-05 9.9892E-05 9.9892E-05 9.9892E-05 9.9892E-05 9.9892E-05 9.9892E-05 9.9892E-05 9.9892E-05 9.9892E-05 0.998801
9.99015E-05 0.00859163 9.99015E-05 9.99015E-05 0.990309 9.99015E-05 9.99015E-05 9.99015E-05 9.99015E-05 9.99015E-05 9.99015E-05 9.99015E-05 9.99015E-05
9.99731E-05 9.99731E-05 0.00878267 0.11191 0.292542 0.249605 0.0434834 0.0670046 0.0879435 0.0502738 0.0871317 9.99731E-05 0.00102371
9.99104E-05 0.0306424 9.99104E-05 9.99104E-05 0.954769 0.0135891 9.99104E-05 9.99104E-05 9.99104E-05 9.99104E-05 9.99104E-05 9.99104E-05 9.99104E-05
9.99099E-05 9.99099E-05 9.99099E-05 9.99099E-05 0.927548 9.99099E-05 9.99099E-05 9.99099E-05 9.99099E-05 0.0252308 0.0462219 9.99099E-05 9.99099E-05
0.0098568 0.0561094 9.99279E-05 0.0192488 0.881329 9.99279E-05 9.99279E-05 9.99279E-05 9.99279E-05 9.99279E-05 9.99279E-05 0.0326563 9.99279E-05
9.99101E-05 0.0755763 9.99101E-05 9.99101E-05 0.916478 9.99101E-05 0.00694634 9.99101E-05 9.99101E-05 9.99101E-05 9.99101E-05 9.99101E-05 9.99101E-05
0.0256926 9.99461E-05 9.99461E-05 9.99461E-05 0.848304 9.99461E-05 9.99461E-05 0.0277546 0.000432492 0.00388843 0.0846027 0.00872563 9.99461E-05
9.99099E-05 9.99099E-05 9.99099E-05 9.99099E-05 0.945265 9.99099E-05 9.99099E-05 9.99099E-05 9.99099E-05 0.0274927 0.0262429 9.99099E-05 9.99099E-05
0.208269 9.99283E-05 9.99283E-05 0.254841 0.504864 9.99283E-05 9.99283E-05 9.99283E-05 9.99283E-05 0.0296139 9.99283E-05 0.00161359 9.99283E-05
0.401796 9.99105E-05 9.99105E-05 0.121891 0.475313 9.99105E-05 9.99105E-05 9.99105E-05 9.99105E-05 9.99105E-05 9.99105E-05 9.99105E-05 9.99105E-05
9.99191E-05 9.99191E-05 9.99191E-05 0.0259446 0.939939 9.99191E-05 9.99191E-05 0.0139899 0.0192271 9.99191E-05 9.99191E-05 9.99191E-05 9.99191E-05
9.9928E-05 0.908786 0.0193948 0.0304176 0.00439167 9.9928E-05 9.9928E-05 9.9928E-05 9.9928E-05 9.9928E-05 0.0362105 9.9928E-05 9.9928E-05
9.9901E-05 0.987914 9.9901E-05 0.0109872 9.9901E-05 9.9901E-05 9.9901E-05 9.9901E-05 9.9901E-05 9.9901E-05 9.9901E-05 9.9901E-05 9.9901E-05
9.99011E-05 9.99011E-05 0.989816 9.99011E-05 9.99011E-05 9.99011E-05 9.99011E-05 9.99011E-05 0.0090855 9.99011E-05 9.99011E-05 9.99011E-05 9.99011E-05
9.99012E-05 9.99012E-05 0.99558 9.99012E-05 9.99012E-05 9.99012E-05 9.99012E-05 9.99012E-05 0.00332128 9.99012E-05 9.99012E-05 9.99012E-05 9.99012E-05
9.9919E-05 0.0364971 9.9919E-05 9.9919E-05 9.9919E-05 9.9919E-05 9.9919E-05 0.771765 9.9919E-05 9.9919E-05 0.159997 0.0308408 9.9919E-05
9.99279E-05 0.0581217 9.99279E-05 9.99279E-05 9.99279E-05 0.0621117 9.99279E-05 0.714168 9.99279E-05 9.99279E-05 0.14526 0.0195394 9.99279E-05
0.0168944 0.007823 0.974283 9.99102E-05 9.99102E-05 9.99102E-05 9.99102E-05 9.99102E-05 9.99102E-05 9.99102E-05 9.99102E-05 9.99102E-05 9.99102E-05
9.98921E-05 9.98921E-05 0.998801 9.98921E-05 9.98921E-05 9.98921E-05 9.98921E-05 9.98921E-05 9.98921E-05 9.98921E-05 9.98921E-05 9.98921E-05 9.98921E-05
9.9919E-05 0.0199807 9.9919E-05 0.000721529 9.9919E-05 0.00907237 9.9919E-05 9.9919E-05 0.969326 9.9919E-05 9.9919E-05 9.9919E-05 9.9919E-05
0.101067 0.0456051 9.9928E-05 9.9928E-05 9.9928E-05 0.0922822 0.0227271 9.9928E-05 9.9928E-05 9.9928E-05 0.73752 9.9928E-05 9.9928E-05
0.063173 9.99235E-05 9.99235E-05 0.0532844 9.99235E-05 0.0099522 9.99235E-05 9.99235E-05 9.99235E-05 9.99235E-05 9.99235E-05 0.872691 9.99235E-05
9.99462E-05 9.99462E-05 0.0275697 9.99462E-05 0.015681 0.199225 0.0515515 0.274832 9.99462E-05 0.401722 9.99462E-05 9.99462E-05 0.0288199
9.99281E-05 9.99281E-05 0.0857316 9.99281E-05 9.99281E-05 0.213326 0.0500229 9.99281E-05 0.14459 0.505529 9.99281E-05 9.99281E-05 9.99281E-05
0.12096 9.99462E-05 0.00429024 0.166311 0.597497 9.99462E-05 0.0406073 0.0407208 9.99462E-05 9.99462E-05 9.99462E-05 0.029014 9.99462E-05
