9.99098E-05 9.99098E-05 9.99098E-05 0.114626 9.99098E-05 9.99098E-05 0.877879 9.99098E-05 0.00649617 9.99098E-05 9.99098E-05 9.99098E-05 9.99098E-05
0.63111 9.99278E-05 0.019128 9.99278E-05 9.99278E-05 0.194594 0.0801245 9.99278E-05 9.99278E-05 9.99278E-05 9.99278E-05 9.99278E-05 0.0742439
9.99196E-05 9.99196E-05 0.0749206 9.99196E-05 0.0366263 0.181488 9.99196E-05 9.99196E-05 9.99196E-05 9.99196E-05 0.706066 9.99196E-05 9.99196E-05
9.99101E-05 9.99101E-05 0.0293473 9.99101E-05 9.99101E-05 0.961288 9.99101E-05 0.00836539 9.99101E-05 9.99101E-05 9.99101E-05 9.99101E-05 9.99101E-05
0.370011 9.99462E-05 9.99462E-05 0.0928774 9.99462E-05 0.349665 0.0102408 0.0479594 9.99462E-05 9.99462E-05 0.0208412 9.99462E-05 0.107805
9.99101E-05 9.99101E-05 9.99101E-05 9.99101E-05 9.99101E-05 0.96964 9.99101E-05 9.99101E-05 9.99101E-05 0.0192523 9.99101E-05 9.99101E-05 0.0101084
0.716862 9.99012E-05 9.99012E-05 9.99012E-05 9.99012E-05 9.99012E-05 9.99012E-05 9.99012E-05 9.99012E-05 9.99012E-05 9.99012E-05 0.282039 9.99012E-05
0.199451 9.9919E-05 9.9919E-05 0.11024 9.9919E-05 9.9919E-05 9.9919E-05 0.129994 9.9919E-05 9.9919E-05 0.559416 9.9919E-05 9.9919E-05
0.769623 0.0545675 9.991E-05 9.991E-05 9.991E-05 9.991E-05 9.991E-05 9.991E-05 9.991E-05 9.991E-05 9.991E-05 0.174811 9.991E-05
0.0342058 9.99012E-05 9.99012E-05 0.964695 9.99012E-05 9.99012E-05 9.99012E-05 9.99012E-05 9.99012E-05 9.99012E-05 9.99012E-05 9.99012E-05 9.99012E-05
9.98924E-05 9.98924E-05 9.98924E-05 0.998801 9.98924E-05 9.98924E-05 9.98924E-05 9.98924E-05 9.98924E-05 9.98924E-05 9.98924E-05 9.98924E-05 9.98924E-05
9.9937E-05 0.00214386 0.133128 9.9937E-05 9.9937E-05 0.0144189 0.6189 9.9937E-05 9.9937E-05 9.9937E-05 0.0465746 0.184134 9.9937E-05
9.99013E-05 9.99013E-05 9.99013E-05 9.99013E-05 9.99013E-05 9.99013E-05 9.99013E-05 9.99013E-05 9.99013E-05 9.99013E-05 0.0210927 0.977808 9.99013E-05
0.0186596 9.99191E-05 9.99191E-05 9.99191E-05 0.0170974 0.962846 0.000498059 9.99191E-05 9.99191E-05 9.99191E-05 9.99191E-05 9.99191E-05 9.99191E-05
9.99101E-05 9.99101E-05 9.99101E-05 9.99101E-05 9.99101E-05 0.956418 0.0197038 9.99101E-05 0.0228795 9.99101E-05 9.99101E-05 9.99101E-05 9.99101E-05
9.9919E-05 0.804472 9.9919E-05 0.0285784 9.9919E-05 9.9919E-05 9.9919E-05 9.9919E-05 9.9919E-05 9.9919E-05 9.9919E-05 0.132673 0.0333773
9.99098E-05 9.99098E-05 9.99098E-05 0.0872883 9.99098E-05 9.99098E-05 9.99098E-05 9.99098E-05 0.0402213 9.99098E-05 9.99098E-05 9.99098E-05 0.871491
0.053927 0.0150585 9.99369E-05 0.127567 0.705978 9.99369E-05 0.0494958 0.047274 9.99369E-05 9.99369E-05 9.99369E-05 9.99369E-05 9.99369E-05
9.99101E-05 9.99101E-05 0.042844 9.99101E-05 0.898634 9.99101E-05 9.99101E-05 9.99101E-05 9.99101E-05 0.0575232 9.99101E-05 9.99101E-05 9.99101E-05
9.99279E-05 0.305296 0.0381035 0.436668 9.99279E-05 9.99279E-05 0.117192 9.99279E-05 9.99279E-05 9.99279E-05 9.99279E-05 9.99279E-05 0.101941
9.98921E-05 9.98921E-05 9.98921E-05 9.98921E-05 0.998801 9.98921E-05 9.98921E-05 9.98921E-05 9.98921E-05 9.98921E-05 9.98921E-05 9.98921E-05 9.98921E-05
9.99369E-05 0.348298 9.99369E-05 0.0316402 9.99369E-05 9.99369E-05 0.515199 9.99369E-05 9.99369E-05 0.00502317 9.99369E-05 0.0165096 0.0826305
9.98919E-05 9.98919E-05 9.98919E-05 9.98919E-05 9.98919E-05 9.98919E-05 9.98919E-05 9.98919E-05 0.998801 9.98919E-05 9.98919E-05 9.98919E-05 9.98919E-05
9.9901E-05 9.9901E-05 9.9901E-05 9.9901E-05 0.910792 9.9901E-05 9.9901E-05 9.9901E-05 0.088109 9.9901E-05 9.9901E-05 9.9901E-05 9.9901E-05
9.9901E-05 9.9901E-05 9.9901E-05 9.9901E-05 9.9901E-05 0.598629 9.9901E-05 9.9901E-05 9.9901E-05 9.9901E-05 0.400272 9.9901E-05 9.9901E-05
9.98922E-05 9.98922E-05 9.98922E-05 9.98922E-05 9.98922E-05 0.998801 9.98922E-05 9.98922E-05 9.98922E-05 9.98922E-05 9.98922E-05 9.98922E-05 9.98922E-05
9.99369E-05 0.0394737 0.0502276 0.0684491 9.99369E-05 9.99369E-05 0.0656413 9.99369E-05 9.99369E-05 9.99369E-05 9.99369E-05 0.740898 0.034611
9.99098E-05 9.99098E-05 9.99098E-05 9.99098E-05 9.99098E-05 0.370559 9.99098E-05 9.99098E-05 9.99098E-05 9.99098E-05 0.627907 0.000535293 9.99098E-05
9.99008E-05 9.99008E-05 9.99008E-05 9.99008E-05 9.99008E-05 0.336827 9.99008E-05 9.99008E-05 9.99008E-05 9.99008E-05 0.662074 9.99008E-05 9.99008E-05
9.99281E-05 9.99281E-05 9.99281E-05 9.99281E-05 9.99281E-05 0.273026 9.99281E-05 0.110653 9.99281E-05 0.04104 0.538383 9.99281E-05 0.036099
0.032548 9.9937E-05 9.9937E-05 0.0016603 9.9937E-05 0.126946 9.9937E-05 0.0738288 9.9937E-05 9.9937E-05 0.696488 9.9937E-05 0.0678289
0.920588 9.99281E-05 0.0232425 9.99281E-05 9.99281E-05 0.0275406 9.99281E-05 0.0217085 9.99281E-05 0.00612104 9.99281E-05 9.99281E-05 9.99281E-05
9.99101E-05 0.0157652 9.99101E-05 9.99101E-05 9.99101E-05 0.656447 9.99101E-05 9.99101E-05 9.99101E-05 9.99101E-05 0.326789 9.99101E-05 9.99101E-05
0.031404 9.99282E-05 0.00370295 9.99282E-05 9.99282E-05 9.99282E-05 0.0120559 0.732247 9.99282E-05 9.99282E-05 0.21979 9.99282E-05 9.99282E-05
9.99277E-05 9.99277E-05 0.0779862 9.99277E-05 9.99277E-05 9.99277E-05 0.0484076 9.99277E-05 9.99277E-05 9.99277E-05 0.0600825 0.448527 0.364197
9.99097E-05 9.99097E-05 9.99097E-05 9.99097E-05 9.99097E-05 0.577918 9.99097E-05 9.99097E-05 9.99097E-05 9.99097E-05 0.408004 9.99097E-05 0.0130787
9.991E-05 9.991E-05 9.991E-05 9.991E-05 9.991E-05 9.991E-05 0.968085 9.991E-05 9.991E-05 9.991E-05 0.0138849 9.991E-05 0.0170314
0.143924 9.99459E-05 9.99459E-05 0.604771 9.99459E-05 0.0432957 0.116512 0.00427114 0.048773 0.0378542 9.99459E-05 9.99459E-05 9.99459E-05
9.98919E-05 9.98919E-05 9.98919E-05 9.98919E-05 9.98919E-05 9.98919E-05 9.98919E-05 9.98919E-05 9.98919E-05 9.98919E-05 9.98919E-05 9.98919E-05 0.998801
9.99368E-05 0.370564 9.99368E-05 0.155726 9.99368E-05 0.0952812 0.180692 9.99368E-05 9.99368E-05 0.0111474 9.99368E-05 9.99368E-05 0.185889
9.99458E-05 0.336186 0.0019936 0.206448 9.99458E-05 0.0429724 0.226389 9.99458E-05 9.99458E-05 0.0266921 9.99458E-05 9.99458E-05 0.158719
9.99099E-05 9.99099E-05 9.99099E-05 0.873632 9.99099E-05 9.99099E-05 0.0654943 9.99099E-05 9.99099E-05 9.99099E-05 9.99099E-05 9.99099E-05 0.0598749
0.00243465 0.902617 9.9937E-05 0.00326393 0.00666161 9.9937E-05 0.0302045 9.9937E-05 9.9937E-05 9.9937E-05 9.9937E-05 0.0541186 9.9937E-05
9.9937E-05 0.000864568 9.9937E-05 0.912524 9.9937E-05 9.9937E-05 0.0244545 0.0189997 9.9937E-05 9.9937E-05 9.9937E-05 0.00307688 0.0393805
9.99459E-05 0.148994 0.0612382 0.327215 0.0586495 9.99459E-05 0.0968982 9.99459E-05 0.147339 9.99459E-05 9.99459E-05 0.159066 9.99459E-05
9.9964E-05 0.239516 0.00425789 0.407327 9.9964E-05 0.073486 0.128414 9.9964E-05 0.0289119 0.0954194 9.9964E-05 0.0106961 0.0115723
9.9946E-05 9.9946E-05 9.9946E-05 0.200954 9.9946E-05 0.0593474 0.23606 0.0534411 9.9946E-05 0.0176199 9.9946E-05 0.105546 0.326432
9.99017E-05 9.99017E-05 9.99017E-05 9.99017E-05 9.99017E-05 9.99017E-05 0.994755 9.99017E-05 9.99017E-05 0.00414576 9.99017E-05 9.99017E-05 9.99017E-05
9.98921E-05 9.98921E-05 9.98921E-05 9.98921E-05 9.98921E-05 9.98921E-05 9.98921E-05 0.998801 9.98921E-05 9.98921E-05 9.98921E-05 9.98921E-05 9.98921E-05
9.98921E-05 9.98921E-05 9.98921E-05 9.98921E-05 9.98921E-05 9.98921E-05 9.98921E-05 0.998801 9.98921E-05 9.98921E-05 9.98921E-05 9.98921E-05 9.98921E-05
9.99011E-05 0.0196461 9.99011E-05 9.99011E-05 9.99011E-05 9.99011E-05 9.99011E-05 0.979255 9.99011E-05 9.99011E-05 9.99011E-05 9.99011E-05 9.99011E-05
9.99012E-05 9.99012E-05 9.99012E-05 9.99012E-05 9.99012E-05 0.0102851 9.99012E-05 0.988616 9.99012E-05 9.99012E-05 9.99012E-05 9.99012E-05 9.99012E-05
9.98921E-05 9.98921E-05 9.98921E-05 9.98921E-05 9.98921E-05 9.98921E-05 9.98921E-05 0.998801 9.98921E-05 9.98921E-05 9.98921E-05 9.98921E-05 9.98921E-05
0.135814 0.00600194 9.99461E-05 0.0266421 9.99461E-05 9.99461E-05 9.99461E-05 0.38055 0.109399 9.99461E-05 0.32541 0.0155829 9.99461E-05
0.0480069 9.991E-05 9.991E-05 9.991E-05 9.991E-05 9.991E-05 0.0349045 0.916089 9.991E-05 9.991E-05 9.991E-05 9.991E-05 9.991E-05
9.99099E-05 0.205783 9.99099E-05 9.99099E-05 9.99099E-05 9.99099E-05 0.762306 9.99099E-05 9.99099E-05 9.99099E-05 9.99099E-05 0.0309111 9.99099E-05
0.854268 9.99277E-05 0.0134475 9.99277E-05 9.99277E-05 0.0184669 0.0180922 0.0949256 9.99277E-05 9.99277E-05 9.99277E-05 9.99277E-05 9.99277E-05
9.99009E-05 9.99009E-05 9.99009E-05 9.99009E-05 9.99009E-05 0.80388 9.99009E-05 9.99009E-05 9.99009E-05 9.99009E-05 0.195022 9.99009E-05 9.99009E-05
9.9928E-05 0.162895 0.0388015 9.9928E-05 9.9928E-05 9.9928E-05 0.015839 0.0103587 9.9928E-05 9.9928E-05 9.9928E-05 0.771306 9.9928E-05
9.99013E-05 0.960442 9.99013E-05 9.99013E-05 9.99013E-05 9.99013E-05 9.99013E-05 9.99013E-05 9.99013E-05 9.99013E-05 9.99013E-05 0.0384594 9.99013E-05
9.98923E-05 9.98923E-05 9.98923E-05 9.98923E-05 9.98923E-05 9.98923E-05 9.98923E-05 9.98923E-05 9.98923E-05 9.98923E-05 9.98923E-05 0.998801 9.98923E-05
9.99189E-05 0.00177557 9.99189E-05 0.101032 9.99189E-05 0.0194718 9.99189E-05 9.99189E-05 9.99189E-05 9.99189E-05 9.99189E-05 0.876821 9.99189E-05
9.99279E-05 9.99279E-05 0.0599967 0.096761 9.99279E-05 9.99279E-05 9.99279E-05 9.99279E-05 0.00805682 9.99279E-05 9.99279E-05 0.814466 0.01992
9.9892E-05 9.9892E-05 9.9892E-05 9.9892E-05 9.9892E-05 9.9892E-05 9.9892E-05 9.9892E-05 9.9892E-05 0.998801 9.9892E-05 9.9892E-05 9.9892E-05
9.99011E-05 9.99011E-05 9.99011E-05 9.99011E-05 9.99011E-05 0.592552 9.99011E-05 9.99011E-05 9.99011E-05 9.99011E-05 0.406349 9.99011E-05 9.99011E-05
9.9955E-05 9.9955E-05 0.0556175 0.055037 0.00169748 9.9955E-05 0.292788 0.093947 9.9955E-05 0.00462002 0.386347 0.109446 9.9955E-05
0.00826128 9.99104E-05 9.99104E-05 9.99104E-05 9.99104E-05 0.978446 9.99104E-05 9.99104E-05 9.99104E-05 9.99104E-05 0.0122939 9.99104E-05 9.99104E-05
9.9928E-05 9.9928E-05 9.9928E-05 9.9928E-05 9.9928E-05 0.820763 0.0022502 0.0148592 9.9928E-05 9.9928E-05 0.116793 9.9928E-05 0.0445347
9.99097E-05 0.00111484 9.99097E-05 9.99097E-05 9.99097E-05 0.275075 9.99097E-05 9.99097E-05 9.99097E-05 9.99097E-05 0.722812 9.99097E-05 9.99097E-05
9.99098E-05 0.000900704 9.99098E-05 9.99098E-05 9.99098E-05 0.28266 9.99098E-05 9.99098E-05 9.99098E-05 9.99098E-05 0.71544 9.99098E-05 9.99098E-05
0.00694843 9.99192E-05 9.99192E-05 0.0538415 9.99192E-05 0.839056 9.99192E-05 9.99192E-05 9.99192E-05 9.99192E-05 0.0992546 9.99192E-05 9.99192E-05
9.99099E-05 9.99099E-05 9.99099E-05 9.99099E-05 9.99099E-05 0.744788 9.99099E-05 9.99099E-05 9.99099E-05 9.99099E-05 0.245495 9.99099E-05 0.00871804
0.148384 9.99103E-05 9.99103E-05 9.99103E-05 9.99103E-05 9.99103E-05 9.99103E-05 0.108684 9.99103E-05 9.99103E-05 0.741933 9.99103E-05 9.99103E-05
0.114154 9.99103E-05 9.99103E-05 9.99103E-05 9.99103E-05 9.99103E-05 9.99103E-05 9.99103E-05 9.99103E-05 9.99103E-05 0.770568 0.114279 9.99103E-05
9.99101E-05 9.99101E-05 9.99101E-05 9.99101E-05 9.99101E-05 0.946843 9.99101E-05 0.0495322 0.00262562 9.99101E-05 9.99101E-05 9.99101E-05 9.99101E-05
9.99099E-05 0.963132 9.99099E-05 9.99099E-05 9.99099E-05 9.99099E-05 9.99099E-05 9.99099E-05 0.0047716 9.99099E-05 0.0310969 9.99099E-05 9.99099E-05
9.99009E-05 0.986455 9.99009E-05 9.99009E-05 9.99009E-05 9.99009E-05 9.99009E-05 9.99009E-05 9.99009E-05 9.99009E-05 0.0124466 9.99009E-05 9.99009E-05
9.98922E-05 9.98922E-05 0.998801 9.98922E-05 9.98922E-05 9.98922E-05 9.98922E-05 9.98922E-05 9.98922E-05 9.98922E-05 9.98922E-05 9.98922E-05 9.98922E-05
9.98922E-05 9.98922E-05 0.998801 9.98922E-05 9.98922E-05 9.98922E-05 9.98922E-05 9.98922E-05 9.98922E-05 9.98922E-05 9.98922E-05 9.98922E-05 9.98922E-05
0.0124893 0.111034 9.99459E-05 0.832051 9.99459E-05 0.0111982 0.00777337 0.00441082 9.99459E-05 9.99459E-05 9.99459E-05 0.0204436 9.99459E-05
0.022399 0.102741 9.99369E-05 0.815666 9.99369E-05 9.99369E-05 0.0078067 9.99369E-05 9.99369E-05 0.00287791 9.99369E-05 0.0478089 9.99369E-05
0.00282357 9.99191E-05 0.959619 0.0044116 9.99191E-05 9.99191E-05 9.99191E-05 9.99191E-05 0.0322463 9.99191E-05 9.99191E-05 9.99191E-05 9.99191E-05
9.99011E-05 9.99011E-05 0.997576 9.99011E-05 9.99011E-05 9.99011E-05 0.00132548 9.99011E-05 9.99011E-05 9.99011E-05 9.99011E-05 9.99011E-05 9.99011E-05
9.99099E-05 9.99099E-05 9.99099E-05 9.99099E-05 9.99099E-05 9.99099E-05 0.937081 0.0211162 9.99099E-05 9.99099E-05 9.99099E-05 0.040804 9.99099E-05
0.0797929 0.552226 9.994E-05 0.107365 0.0590752 9.994E-05 9.994E-05 9.994E-05 0.0122881 0.025205 9.994E-05 0.163449 9.994E-05
0.865062 9.99278E-05 0.0134103 9.99278E-05 9.99278E-05 0.00930539 0.0152095 0.096213 9.99278E-05 9.99278E-05 9.99278E-05 9.99278E-05 9.99278E-05
9.99551E-05 9.99551E-05 0.0375851 0.120402 9.99551E-05 0.0223719 9.99551E-05 0.0112343 0.0908689 0.0741324 9.99551E-05 0.226792 0.416114
9.99282E-05 9.99282E-05 0.0754888 9.99282E-05 0.0541258 9.99282E-05 0.0873237 9.99282E-05 9.99282E-05 9.99282E-05 9.99282E-05 0.212685 0.569577
0.0191438 9.99371E-05 0.00061142 9.99371E-05 9.99371E-05 9.99371E-05 9.99371E-05 0.0275126 0.0507483 0.0104814 0.890803 9.99371E-05 9.99371E-05
