0.937792 0.0122121 0.0497955 9.9982E-05 9.9982E-05
0.364816 0.282147 0.0214971 9.9991E-05 0.331439
9.99822E-05 9.99822E-05 0.0836783 0.0433755 0.872746
9.9973E-05 9.9973E-05 0.0202898 9.9973E-05 0.97941
0.210934 0.29957 0.00699267 9.9991E-05 0.482403
9.997E-05 9.997E-05 9.997E-05 9.997E-05 0.9996
0.600926 0.359282 9.99821E-05 9.99821E-05 0.0395923
0.0155159 0.502514 0.0815295 9.9991E-05 0.40034
0.54605 0.45365 9.99731E-05 9.99731E-05 9.99731E-05
0.697142 0.165623 0.137034 9.9982E-05 9.9982E-05
0.76078 0.116947 0.122072 9.9982E-05 9.9982E-05
0.800238 9.9982E-05 0.122077 9.9982E-05 0.0774849
0.924725 9.99822E-05 9.99822E-05 0.000689672 0.0743857
9.9982E-05 9.9982E-05 0.0129036 0.0224959 0.9644
9.9973E-05 9.9973E-05 9.9973E-05 0.0165504 0.98315
0.908087 0.0776778 0.0140352 9.9982E-05 9.9982E-05
0.487449 9.9982E-05 0.418442 0.0939095 9.9982E-05
0.183215 0.0767714 9.9982E-05 0.739814 9.9982E-05
9.9973E-05 9.9973E-05 0.109736 0.889964 9.9973E-05
0.835504 9.9973E-05 0.164196 9.9973E-05 9.9973E-05
9.997E-05 9.997E-05 9.997E-05 0.9996 9.997E-05
0.962352 0.0029603 0.0344876 9.9982E-05 9.9982E-05
0.0714724 0.0404511 0.440395 0.428078 0.0196034
9.9973E-05 9.9973E-05 0.0697472 0.929953 9.9973E-05
9.997E-05 9.997E-05 9.997E-05 9.997E-05 0.9996
9.997E-05 9.997E-05 9.997E-05 9.997E-05 0.9996
0.922371 9.9973E-05 0.077329 9.9973E-05 9.9973E-05
9.9982E-05 0.0930505 0.00374864 9.9982E-05 0.903001
9.9973E-05 0.120003 9.9973E-05 9.9973E-05 0.879697
9.9991E-05 0.269999 0.0350779 0.00792304 0.6869
9.9982E-05 0.342528 0.0362301 9.9982E-05 0.621042
0.259837 0.592357 9.99911E-05 0.0105882 0.137118
9.997E-05 9.997E-05 9.997E-05 9.997E-05 0.9996
9.9982E-05 0.91336 0.0179719 9.9982E-05 0.0684684
0.640979 9.9982E-05 0.27849 9.9982E-05 0.0803308
0.011266 9.9973E-05 9.9973E-05 9.9973E-05 0.988434
0.878901 9.99821E-05 0.0275453 9.99821E-05 0.0933533
0.687879 0.227401 0.0400901 0.0363393 0.00829072
0.34344 9.9991E-05 0.438275 0.0572787 0.160907
0.768734 9.9991E-05 0.0781647 0.00626497 0.146736
0.774815 0.0347019 0.0932364 0.011718 0.0855282
0.804355 0.0367429 0.125159 0.0336432 9.9991E-05
0.939659 0.0600415 9.9973E-05 9.9973E-05 9.9973E-05
0.732444 0.0907667 0.162508 0.0141817 9.9991E-05
0.608859 0.0408113 0.217387 0.132843 9.9991E-05
0.697969 0.044025 0.109501 0.0510474 0.0974577
0.654802 0.104533 0.146184 9.9991E-05 0.0943814
0.924195 9.99822E-05 0.0255677 0.0500374 9.99822E-05
9.997E-05 0.9996 9.997E-05 9.997E-05 9.997E-05
9.997E-05 0.9996 9.997E-05 9.997E-05 9.997E-05
9.997E-05 0.9996 9.997E-05 9.997E-05 9.997E-05
9.997E-05 0.9996 9.997E-05 9.997E-05 9.997E-05
9.997E-05 0.9996 9.997E-05 9.997E-05 9.997E-05
0.103984 0.651731 9.9991E-05 0.0315723 0.212613
9.9973E-05 0.997184 0.00251558 9.9973E-05 9.9973E-05
0.9996 9.997E-05 9.997E-05 9.997E-05 9.997E-05
0.294431 0.608799 9.9982E-05 9.9982E-05 0.0965701
9.997E-05 9.997E-05 9.997E-05 9.997E-05 0.9996
0.946427 9.99821E-05 0.0501925 9.99821E-05 0.00318052
0.913885 9.9982E-05 0.0133933 9.9982E-05 0.0725215
0.993973 9.99732E-05 9.99732E-05 0.00572756 9.99732E-05
0.9996 9.997E-05 9.997E-05 9.997E-05 9.997E-05
0.898127 9.9982E-05 0.100626 0.00104726 9.9982E-05
0.073105 0.0143586 9.9982E-05 0.912336 9.9982E-05
9.997E-05 9.997E-05 9.997E-05 9.997E-05 0.9996
0.351455 0.195961 0.141498 0.0477557 0.26333
9.99731E-05 0.0182295 9.99731E-05 9.99731E-05 0.981471
0.0174404 0.0315876 9.9982E-05 9.9982E-05 0.950772
0.00419921 0.0774182 9.9982E-05 9.9982E-05 0.918183
9.9982E-05 0.0542774 9.9982E-05 0.00873388 0.936789
0.0238994 0.0359601 0.0222287 9.9991E-05 0.917812
9.9973E-05 9.9973E-05 0.00489221 9.9973E-05 0.994808
9.99732E-05 0.486532 9.99732E-05 9.99732E-05 0.513168
0.0528332 0.362632 9.99911E-05 0.0160569 0.568378
0.0160744 0.0263296 9.9982E-05 9.9982E-05 0.957396
0.723126 0.125722 0.0775052 9.9991E-05 0.0735471
0.755569 0.123402 0.0604323 9.9991E-05 0.0604965
9.997E-05 9.997E-05 0.9996 9.997E-05 9.997E-05
9.997E-05 9.997E-05 0.9996 9.997E-05 9.997E-05
0.766325 0.129193 0.104282 9.99819E-05 9.99819E-05
0.77491 0.128081 0.0772355 0.0196741 9.9991E-05
9.997E-05 9.997E-05 0.9996 9.997E-05 9.997E-05
9.997E-05 9.997E-05 0.9996 9.997E-05 9.997E-05
0.985626 0.0140741 9.9973E-05 9.9973E-05 9.9973E-05
0.888076 0.018172 9.9991E-05 0.0758217 0.0178306
0.306119 0.630244 9.9982E-05 9.9982E-05 0.0634379
0.494933 9.9991E-05 0.298171 0.150283 0.0565131
0.595049 9.99821E-05 0.327874 0.0768772 9.99821E-05
9.9991E-05 0.35967 0.050133 0.0289403 0.561157
