9.9973E-05 0.0174855 0.982215 9.9973E-05 9.9973E-05
9.9982E-05 9.9982E-05 0.391375 0.301368 0.307057
0.0642699 0.0562815 9.99911E-05 0.867967 0.0113821
9.9982E-05 0.0346218 9.9982E-05 0.954923 0.0102554
9.999E-05 0.00694824 0.242094 0.433301 0.317556
9.997E-05 9.997E-05 9.997E-05 0.9996 9.997E-05
9.99821E-05 9.99821E-05 0.581333 0.00131162 0.417155
9.999E-05 0.0666131 0.0305754 0.380423 0.522288
9.99731E-05 9.99731E-05 0.545335 9.99731E-05 0.454365
9.9982E-05 0.152688 0.692662 9.9982E-05 0.15445
9.9982E-05 0.140535 0.721052 9.9982E-05 0.138212
9.9982E-05 0.149756 0.792936 0.0571081 9.9982E-05
9.99732E-05 9.99732E-05 0.94089 0.0588096 9.99732E-05
0.0215388 9.9973E-05 9.9973E-05 0.978161 9.9973E-05
0.0065429 9.9982E-05 0.0321654 0.961092 9.9982E-05
9.999E-05 0.0316885 0.884153 0.0254392 0.0586199
0.0868548 0.393589 0.517489 0.0019676 9.9991E-05
0.70957 9.99819E-05 0.182281 9.99819E-05 0.107949
0.911417 0.0882836 9.9973E-05 9.9973E-05 9.9973E-05
9.9982E-05 0.163347 0.795516 9.9982E-05 0.0409373
0.9996 9.997E-05 9.997E-05 9.997E-05 9.997E-05
9.9982E-05 0.0292158 0.948435 0.0221493 9.9982E-05
0.410062 0.391268 0.0960916 9.9991E-05 0.102479
0.924197 0.0755033 9.9973E-05 9.9973E-05 9.9973E-05
9.997E-05 9.997E-05 9.997E-05 0.9996 9.997E-05
9.997E-05 9.997E-05 9.997E-05 0.9996 9.997E-05
9.9973E-05 0.103466 0.896234 9.9973E-05 9.9973E-05
9.9973E-05 9.9973E-05 9.9973E-05 0.957646 0.0420538
9.9973E-05 9.9973E-05 9.9973E-05 0.932255 0.0674454
0.0407828 9.99821E-05 9.99821E-05 0.671535 0.287482
9.9982E-05 0.0482492 9.9982E-05 0.630416 0.321135
9.9991E-05 0.0014133 0.286838 0.104073 0.607575
9.99821E-05 0.00608626 0.00417048 0.989543 9.99821E-05
9.9991E-05 0.00966696 0.0051984 0.0916481 0.893387
9.9982E-05 0.232924 0.684527 0.0823497 9.9982E-05
9.99729E-05 9.99729E-05 0.00898378 0.990716 9.99729E-05
9.99821E-05 0.0190012 0.88881 0.0919889 9.99821E-05
0.028784 0.0349446 0.734213 0.0118966 0.190162
0.0635123 0.425699 0.3911 0.119588 9.9991E-05
0.0146013 0.0518898 0.785101 0.148308 9.9991E-05
0.00510083 0.0888287 0.813879 0.0821907 0.0100011
0.00978999 0.125142 0.853562 9.9991E-05 0.0114062
9.9973E-05 9.9973E-05 0.945131 9.9973E-05 0.0545694
9.9982E-05 0.157801 0.769812 9.9982E-05 0.072187
0.105685 0.15241 0.674342 9.9991E-05 0.0674636
0.0342113 0.110917 0.724708 0.096022 0.0341418
9.9991E-05 0.139089 0.703812 0.123668 0.0333305
0.0317629 9.99822E-05 0.964204 9.99822E-05 0.00383357
9.997E-05 9.997E-05 9.997E-05 9.997E-05 0.9996
9.997E-05 9.997E-05 9.997E-05 9.997E-05 0.9996
9.997E-05 9.997E-05 9.997E-05 9.997E-05 0.9996
9.997E-05 9.997E-05 9.997E-05 9.997E-05 0.9996
9.997E-05 9.997E-05 9.997E-05 9.997E-05 0.9996
0.0533988 9.9991E-05 0.0480134 0.277039 0.621449
9.997E-05 9.997E-05 9.997E-05 9.997E-05 0.9996
9.997E-05 9.997E-05 0.9996 9.997E-05 9.997E-05
9.9982E-05 9.9982E-05 0.322351 0.0779615 0.599488
9.997E-05 9.997E-05 9.997E-05 0.9996 9.997E-05
9.9982E-05 0.0495343 0.929505 0.0207605 9.9982E-05
9.99731E-05 9.99731E-05 0.893152 0.106548 9.99731E-05
0.0140895 9.99821E-05 0.984949 0.000761436 9.99821E-05
9.997E-05 9.997E-05 0.9996 9.997E-05 9.997E-05
9.9973E-05 0.0760916 0.923608 9.9973E-05 9.9973E-05
0.930299 9.9982E-05 0.0613618 9.9982E-05 0.00813874
9.99731E-05 0.00372192 9.99731E-05 0.995978 9.99731E-05
0.0815813 0.14649 0.340657 0.280892 0.150379
9.99731E-05 9.99731E-05 9.99731E-05 0.977583 0.0221166
9.9982E-05 9.9982E-05 0.0121516 0.947987 0.039662
9.9982E-05 9.9982E-05 0.016488 0.908661 0.0746508
9.9973E-05 9.9973E-05 9.9973E-05 0.948268 0.0514317
9.9991E-05 0.0207036 0.0363279 0.918344 0.0245242
9.9973E-05 0.00425404 9.9973E-05 0.995446 9.9973E-05
9.99732E-05 9.99732E-05 9.99732E-05 0.493705 0.505995
0.0350272 9.99911E-05 0.0645753 0.525797 0.374501
9.9991E-05 0.015961 0.000899248 0.979356 0.0036842
9.9991E-05 0.0726701 0.70541 0.0868856 0.134934
9.9991E-05 0.0793903 0.711184 0.0547116 0.154614
9.997E-05 0.9996 9.997E-05 9.997E-05 9.997E-05
9.997E-05 0.9996 9.997E-05 9.997E-05 9.997E-05
9.99819E-05 0.102528 0.789726 9.99819E-05 0.107546
0.0250188 0.0765107 0.80906 9.9991E-05 0.0893105
9.997E-05 0.9996 9.997E-05 9.997E-05 9.997E-05
9.997E-05 0.9996 9.997E-05 9.997E-05 9.997E-05
9.9982E-05 9.9982E-05 0.973913 0.00133395 0.0245532
0.0534558 9.9991E-05 0.8759 0.0394781 0.0310663
9.9982E-05 9.9982E-05 0.279672 0.0861849 0.633943
0.129034 0.262041 0.542685 0.0661403 9.9991E-05
0.0834959 0.313954 0.60235 9.99821E-05 9.99821E-05
0.0504179 0.0285613 9.9991E-05 0.58007 0.340851
