9.99639E-05 0.960499 9.99639E-05 9.99639E-05 0.0307226 0.00837821 9.99639E-05
9.9973E-05 0.207318 9.9973E-05 0.211773 0.251687 9.9973E-05 0.328922
0.0164958 9.99822E-05 0.134335 0.0228536 9.99822E-05 0.0375726 0.788543
9.9964E-05 9.9964E-05 9.9964E-05 9.9964E-05 0.0129143 0.0140072 0.972679
9.99731E-05 0.09622 9.99731E-05 0.207051 0.245186 9.99731E-05 0.451243
0.00860041 9.9964E-05 9.9964E-05 9.9964E-05 9.9964E-05 0.0182594 0.97274
9.99731E-05 9.99731E-05 0.471964 0.246601 0.20284 9.99731E-05 0.0782952
9.9973E-05 9.9973E-05 9.9973E-05 0.413763 0.135035 0.0211769 0.429725
9.99731E-05 9.99731E-05 0.288088 0.317223 0.322044 9.99731E-05 0.0723452
9.995E-05 9.995E-05 9.995E-05 9.995E-05 0.9994 9.995E-05 9.995E-05
9.995E-05 9.995E-05 9.995E-05 9.995E-05 0.9994 9.995E-05 9.995E-05
9.9973E-05 0.669806 0.167946 9.9973E-05 9.9973E-05 0.138854 0.0230938
9.995E-05 9.995E-05 0.9994 9.995E-05 9.995E-05 9.995E-05 9.995E-05
0.00955921 0.0389023 9.9973E-05 9.9973E-05 9.9973E-05 0.018843 0.932396
0.00565456 0.0497268 9.9964E-05 9.9964E-05 9.9964E-05 9.9964E-05 0.944219
9.9982E-05 0.0999816 0.334094 0.0331247 0.506402 0.0261977 9.9982E-05
0.0831834 9.9973E-05 0.172306 9.9973E-05 0.398062 0.346148 9.9973E-05
0.725396 0.0525251 9.99729E-05 0.0348214 0.186957 9.99729E-05 9.99729E-05
0.910785 9.9964E-05 0.000913112 9.9964E-05 9.9964E-05 0.0879015 9.9964E-05
9.9973E-05 0.141763 0.0567527 9.9973E-05 0.707635 0.0935488 9.9973E-05
0.9994 9.995E-05 9.995E-05 9.995E-05 9.995E-05 9.995E-05 9.995E-05
9.9973E-05 0.536204 0.0885696 9.9973E-05 0.318734 0.0561927 9.9973E-05
0.399306 9.9982E-05 9.9982E-05 0.00417277 0.273311 0.301342 0.0216681
0.900932 9.9955E-05 9.9955E-05 9.9955E-05 9.9955E-05 0.098568 9.9955E-05
9.995E-05 9.995E-05 9.995E-05 9.995E-05 9.995E-05 9.995E-05 0.9994
9.995E-05 9.995E-05 9.995E-05 9.995E-05 9.995E-05 9.995E-05 0.9994
9.99729E-05 0.0758965 0.748871 9.99729E-05 0.0751587 0.0997738 9.99729E-05
9.99549E-05 9.99549E-05 9.99549E-05 0.098286 9.99549E-05 9.99549E-05 0.901214
9.9964E-05 9.9964E-05 0.0126726 0.0704855 9.9964E-05 9.9964E-05 0.916442
0.0315952 9.99731E-05 9.99731E-05 0.266269 9.99731E-05 0.032062 0.669774
9.99641E-05 9.99641E-05 9.99641E-05 0.306552 9.99641E-05 0.0485366 0.644511
9.99731E-05 0.215759 9.99731E-05 0.54638 0.124487 9.99731E-05 0.113074
9.99551E-05 9.99551E-05 9.99551E-05 9.99551E-05 9.99551E-05 0.00894635 0.990554
9.9973E-05 9.9973E-05 0.00443925 0.849336 9.9973E-05 0.0188044 0.12712
9.99819E-05 0.0876267 0.542651 9.99819E-05 0.0780497 0.253583 0.037889
9.99729E-05 0.0151151 0.00772072 9.99729E-05 9.99729E-05 0.00857554 0.968289
9.9955E-05 0.983 9.9955E-05 9.9955E-05 9.9955E-05 9.9955E-05 0.0165003
0.0100889 0.130005 9.9982E-05 0.0670039 0.765355 9.9982E-05 0.0273479
0.0649552 0.0137602 0.10631 9.9991E-05 0.296802 0.377484 0.140589
9.99729E-05 0.25335 9.99729E-05 9.99729E-05 0.633714 0.0104384 0.102198
9.99729E-05 0.30037 9.99729E-05 9.99729E-05 0.635999 0.0096172 0.0537138
9.9955E-05 0.00328091 9.9955E-05 9.9955E-05 0.996219 9.9955E-05 9.9955E-05
9.9964E-05 0.0985856 0.258967 9.9964E-05 0.642047 9.9964E-05 9.9964E-05
9.9973E-05 0.0497345 0.00759422 9.9973E-05 0.888528 0.0538435 9.9973E-05
0.123308 0.0480982 0.167787 9.9982E-05 0.529876 0.130731 9.9982E-05
0.0443009 0.109752 0.0673553 9.9991E-05 0.675238 0.0553645 0.0478898
9.999E-05 0.273976 0.207473 0.0527668 0.217017 0.160684 0.0879839
0.0219018 0.977598 9.99553E-05 9.99553E-05 9.99553E-05 9.99553E-05 9.99553E-05
9.995E-05 9.995E-05 9.995E-05 0.9994 9.995E-05 9.995E-05 9.995E-05
9.995E-05 9.995E-05 9.995E-05 0.9994 9.995E-05 9.995E-05 9.995E-05
9.995E-05 9.995E-05 9.995E-05 0.9994 9.995E-05 9.995E-05 9.995E-05
9.995E-05 9.995E-05 9.995E-05 0.9994 9.995E-05 9.995E-05 9.995E-05
9.995E-05 9.995E-05 9.995E-05 0.9994 9.995E-05 9.995E-05 9.995E-05
0.047595 9.9991E-05 0.0526896 0.562138 0.0769928 0.00559309 0.254891
9.99549E-05 9.99549E-05 9.99549E-05 0.991664 9.99549E-05 0.0078364 9.99549E-05
9.99639E-05 0.891524 0.0575138 9.99639E-05 0.0505619 9.99639E-05 9.99639E-05
9.9982E-05 0.236153 9.9982E-05 0.488474 0.11348 0.0022355 0.159456
9.995E-05 9.995E-05 9.995E-05 9.995E-05 9.995E-05 9.995E-05 0.9994
9.9973E-05 0.0642513 0.874973 0.0117927 9.9973E-05 0.0486832 9.9973E-05
9.9973E-05 0.163541 0.353224 9.9973E-05 0.428309 9.9973E-05 0.0546268
9.995E-05 9.995E-05 0.9994 9.995E-05 9.995E-05 9.995E-05 9.995E-05
9.99729E-05 0.0240862 0.898985 9.99729E-05 0.073714 0.00291466 9.99729E-05
0.00677344 0.0139363 0.83118 9.99819E-05 0.0603913 0.0875187 9.99819E-05
0.902622 0.0936826 9.99641E-05 0.0032952 9.99641E-05 9.99641E-05 9.99641E-05
9.995E-05 9.995E-05 9.995E-05 9.995E-05 9.995E-05 9.995E-05 0.9994
0.0719529 0.18967 0.197274 0.129795 0.127854 9.9991E-05 0.283355
9.99552E-05 9.99552E-05 0.027548 9.99552E-05 9.99552E-05 9.99552E-05 0.971952
9.9955E-05 0.0388225 9.9955E-05 9.9955E-05 9.9955E-05 9.9955E-05 0.960678
9.9973E-05 0.00087025 0.0181581 0.08937 9.9973E-05 9.9973E-05 0.891302
0.0186038 0.0314603 9.9973E-05 0.0503644 9.9973E-05 9.9973E-05 0.899272
9.9982E-05 0.0830063 9.9982E-05 0.0154328 0.0115379 0.0312884 0.858535
9.9973E-05 9.9973E-05 9.9973E-05 0.00739523 0.00765127 0.00722622 0.977427
9.99642E-05 9.99642E-05 9.99642E-05 0.46177 0.0223981 9.99642E-05 0.515432
9.99642E-05 9.99642E-05 0.168662 0.292399 9.99642E-05 9.99642E-05 0.538538
9.9964E-05 9.9964E-05 9.9964E-05 9.9964E-05 0.0192897 0.0322388 0.948072
9.9982E-05 0.0767665 0.0805647 0.0676011 0.690934 9.9982E-05 0.0839339
9.9991E-05 0.0376642 0.150199 0.0824153 0.676057 0.0203129 0.0332515
9.995E-05 9.995E-05 9.995E-05 9.995E-05 9.995E-05 0.9994 9.995E-05
9.995E-05 9.995E-05 9.995E-05 9.995E-05 9.995E-05 0.9994 9.995E-05
9.9955E-05 0.035696 9.9955E-05 9.9955E-05 0.963804 9.9955E-05 9.9955E-05
9.9955E-05 9.9955E-05 0.0830294 9.9955E-05 0.916471 9.9955E-05 9.9955E-05
9.9955E-05 9.9955E-05 9.9955E-05 0.00618552 9.9955E-05 0.993315 9.9955E-05
9.995E-05 9.995E-05 9.995E-05 9.995E-05 9.995E-05 0.9994 9.995E-05
9.99549E-05 0.97237 0.02713 9.99549E-05 9.99549E-05 9.99549E-05 9.99549E-05
0.0403915 0.0276853 0.320928 9.9982E-05 0.60829 9.9982E-05 0.0025057
9.9973E-05 0.182642 9.9973E-05 0.540521 0.177074 9.9973E-05 0.0994639
0.131833 0.0428413 0.322316 9.9991E-05 0.136874 0.309155 0.0568819
0.0628628 0.178987 0.406012 9.99731E-05 9.99731E-05 0.351838 9.99731E-05
0.0675433 9.99731E-05 9.99731E-05 0.314515 9.99731E-05 0.0144053 0.603237
