9.9991E-05 0.948035 0.0518654
0.266251 0.367053 0.366696
0.845573 0.123212 0.0312151
0.9998 9.999E-05 9.999E-05
0.458317 0.207129 0.334554
0.9998 9.999E-05 9.999E-05
0.0168437 0.444957 0.538199
0.394477 0.0563572 0.549166
9.9991E-05 0.426008 0.573892
9.9991E-05 0.805229 0.194671
9.9991E-05 0.844645 0.155255
0.113706 0.886194 9.9991E-05
0.115265 0.884635 9.9991E-05
0.979042 0.0208578 9.9991E-05
0.957411 0.0424895 9.9991E-05
0.000953725 0.824319 0.174727
0.051822 0.948078 9.9991E-05
9.99911E-05 0.935909 0.0639912
9.999E-05 0.9998 9.999E-05
9.9991E-05 0.940609 0.0592912
0.0121295 0.987771 9.99913E-05
0.00285653 0.927314 0.0698297
0.0520713 0.907253 0.040676
9.999E-05 0.9998 9.999E-05
0.9998 9.999E-05 9.999E-05
0.9998 9.999E-05 9.999E-05
9.9991E-05 0.999763 0.000136969
0.924061 9.9991E-05 0.0758386
0.882476 9.9991E-05 0.117424
0.701379 0.0105122 0.288109
0.631741 9.9991E-05 0.368159
0.0477744 0.220819 0.731407
0.976482 0.0218234 0.00169473
0.0341094 9.9991E-05 0.965791
0.1271 0.8728 9.9991E-05
0.982625 0.0172745 9.9991E-05
0.122051 0.877849 9.9991E-05
0.00494683 0.71696 0.278093
0.194871 0.805029 9.9991E-05
0.178047 0.821853 9.99909E-05
0.0924536 0.823723 0.0838231
9.99909E-05 0.935631 0.064269
9.9991E-05 0.840245 0.159655
9.99909E-05 0.872634 0.127266
9.9991E-05 0.895294 0.104606
0.0920402 0.789816 0.118143
0.130751 0.795753 0.0734963
9.99911E-05 0.932432 0.0674679
9.999E-05 9.999E-05 0.9998
9.999E-05 9.999E-05 0.9998
9.999E-05 9.999E-05 0.9998
9.999E-05 9.999E-05 0.9998
9.999E-05 9.999E-05 0.9998
0.225371 0.101752 0.672877
9.999E-05 9.999E-05 0.9998
9.9991E-05 0.957319 0.0425805
0.038444 0.240809 0.720747
0.9998 9.999E-05 9.999E-05
0.030922 0.944438 0.02464
0.0579058 0.85958 0.0825147
0.0289963 0.963569 0.0074344
0.0524317 0.947468 9.9991E-05
9.999E-05 0.9998 9.999E-05
9.999E-05 0.9998 9.999E-05
0.9998 9.999E-05 9.999E-05
0.246003 0.479229 0.274768
0.985136 9.9991E-05 0.0147644
0.982311 9.9991E-05 0.0175886
0.872064 9.9991E-05 0.127836
0.908565 9.9991E-05 0.0913355
0.957039 0.0428607 9.9991E-05
0.9998 9.999E-05 9.999E-05
0.421602 9.99911E-05 0.578298
0.438066 0.0142314 0.547702
0.949638 0.00289639 0.0474652
0.023664 0.722759 0.253577
0.0178884 0.73945 0.242661
0.12305 0.87685 9.9991E-05
0.11835 0.88155 9.9991E-05
9.99909E-05 0.784896 0.215004
9.99909E-05 0.827392 0.172508
0.120974 0.878926 9.9991E-05
0.154502 0.845398 9.9991E-05
9.9991E-05 0.914417 0.0854833
9.9991E-05 0.877754 0.122146
0.0290363 0.201137 0.769827
0.0861926 0.913707 9.9991E-05
0.0308437 0.969056 9.9991E-05
0.616235 9.99911E-05 0.383665
