9.996E-05 9.996E-05 9.996E-05 0.9995 9.996E-05 9.996E-05
0.268874 9.9982E-05 9.9982E-05 0.428157 0.29843 0.00433926
0.0617371 0.0614044 0.0128955 9.99911E-05 0.807446 0.0564168
9.9964E-05 9.9964E-05 9.9964E-05 9.9964E-05 0.960368 0.0392326
0.298902 9.99731E-05 9.99731E-05 0.260076 0.440722 9.99731E-05
9.996E-05 9.996E-05 9.996E-05 9.996E-05 0.9995 9.996E-05
0.347129 0.602639 9.99821E-05 0.0106232 0.0394094 9.99821E-05
0.460993 9.9982E-05 9.9982E-05 0.0650875 0.400513 0.0732068
0.425161 0.428757 9.99821E-05 0.132753 0.0131295 9.99821E-05
0.0900186 9.99731E-05 9.99731E-05 0.841684 9.99731E-05 0.0679975
0.0735665 0.00376265 9.99821E-05 0.841346 9.99821E-05 0.0811253
9.9982E-05 0.2168 9.9982E-05 0.585563 0.0593457 0.138091
9.996E-05 0.9995 9.996E-05 9.996E-05 9.996E-05 9.996E-05
9.9982E-05 9.9982E-05 0.0299639 0.0143712 0.952044 0.00342131
9.9982E-05 9.9982E-05 0.0162147 0.0378716 0.929561 0.0161526
0.0400023 0.301852 9.9991E-05 0.627127 0.015712 0.0152061
9.9982E-05 0.136059 0.0952384 0.397252 9.9982E-05 0.371251
0.0387867 9.99729E-05 0.70342 0.257493 9.99729E-05 9.99729E-05
9.9964E-05 9.9964E-05 0.906518 9.9964E-05 9.9964E-05 0.0930821
9.9973E-05 0.0267467 9.9973E-05 0.847296 9.9973E-05 0.125657
9.996E-05 9.996E-05 0.9995 9.996E-05 9.996E-05 9.996E-05
9.9973E-05 0.0783132 9.9973E-05 0.893575 9.9973E-05 0.0278121
0.0567684 9.9982E-05 0.414573 0.160196 9.9982E-05 0.368263
9.9964E-05 9.9964E-05 0.917374 9.9964E-05 9.9964E-05 0.0822261
9.996E-05 9.996E-05 9.996E-05 9.996E-05 0.9995 9.996E-05
9.996E-05 9.996E-05 9.996E-05 9.996E-05 0.9995 9.996E-05
9.99729E-05 0.81 9.99729E-05 0.100617 9.99729E-05 0.0890831
0.0707481 0.00560493 9.9973E-05 9.9973E-05 0.923347 9.9973E-05
0.0767647 9.9964E-05 9.9964E-05 9.9964E-05 0.922835 9.9964E-05
0.291732 9.99821E-05 0.0173899 9.99821E-05 0.654546 0.0361328
0.321085 9.9982E-05 0.00420232 9.9982E-05 0.607421 0.0670919
0.537751 9.99731E-05 9.99731E-05 0.369205 0.0927444 9.99731E-05
9.99641E-05 9.99641E-05 9.99641E-05 9.99641E-05 0.982091 0.0175092
0.917516 9.9973E-05 9.9973E-05 9.9973E-05 0.0701583 0.012026
9.99819E-05 0.573925 9.99819E-05 0.13334 0.0493897 0.243146
9.99639E-05 0.0266972 9.99639E-05 9.99639E-05 0.972903 9.99639E-05
9.99642E-05 9.99642E-05 9.99642E-05 0.938121 0.061479 9.99642E-05
0.146847 9.9982E-05 0.025579 0.772347 0.0550273 9.9982E-05
9.9991E-05 0.113172 0.0718936 0.285448 0.112537 0.416849
9.99729E-05 9.99729E-05 9.99729E-05 0.881913 0.110061 0.00772652
9.99729E-05 9.99729E-05 9.99729E-05 0.8915 0.062502 0.0456981
9.99729E-05 9.99729E-05 0.0111924 0.926539 9.99729E-05 0.0619687
0.0630972 0.271447 9.9973E-05 0.665156 9.9973E-05 9.9973E-05
0.0488225 0.00430783 0.00242042 0.871727 9.9991E-05 0.0726227
0.0439916 0.169697 0.0964589 0.525206 9.9991E-05 0.164546
0.020746 0.0440824 0.0394639 0.775382 0.0568586 0.0634669
0.0867966 0.189647 9.9991E-05 0.500072 0.0867228 0.136662
9.99644E-05 9.99644E-05 0.0350364 0.964564 9.99644E-05 9.99644E-05
0.9995 9.996E-05 9.996E-05 9.996E-05 9.996E-05 9.996E-05
0.9995 9.996E-05 9.996E-05 9.996E-05 9.996E-05 9.996E-05
0.994232 9.99639E-05 9.99639E-05 9.99639E-05 9.99639E-05 0.00536768
0.9995 9.996E-05 9.996E-05 9.996E-05 9.996E-05 9.996E-05
0.9995 9.996E-05 9.996E-05 9.996E-05 9.996E-05 9.996E-05
0.623168 0.0341401 0.0436747 0.0783501 0.209007 0.0116604
0.991916 9.99639E-05 9.99639E-05 0.00768387 9.99639E-05 9.99639E-05
9.9964E-05 0.0569517 9.9964E-05 0.942648 9.9964E-05 9.9964E-05
0.49584 0.00778858 9.9982E-05 0.345241 0.15093 9.9982E-05
9.996E-05 9.996E-05 9.996E-05 9.996E-05 0.9995 9.996E-05
0.000594637 0.864672 9.9982E-05 0.0537134 9.9982E-05 0.0808203
9.9973E-05 0.389882 9.9973E-05 0.548823 0.0609951 9.9973E-05
9.996E-05 0.9995 9.996E-05 9.996E-05 9.996E-05 9.996E-05
9.99639E-05 0.907425 9.99639E-05 0.0921751 9.99639E-05 9.99639E-05
9.99819E-05 0.826521 0.0108313 0.0357769 9.99819E-05 0.12667
9.99641E-05 9.99641E-05 0.906768 0.092832 9.99641E-05 9.99641E-05
9.996E-05 9.996E-05 9.996E-05 9.996E-05 0.9995 9.996E-05
0.13971 0.102825 0.030448 0.25126 0.364249 0.111508
9.99641E-05 0.0406519 9.99641E-05 9.99641E-05 0.958948 9.99641E-05
0.0122079 9.9973E-05 9.9973E-05 0.0229067 0.964586 9.9973E-05
0.0807739 0.00173255 9.9973E-05 9.9973E-05 0.917194 9.9973E-05
0.0759059 9.9973E-05 0.00377696 9.9973E-05 0.920017 9.9973E-05
0.0163339 9.9982E-05 9.9982E-05 0.0516203 0.929083 0.00276272
9.99639E-05 9.99639E-05 9.99639E-05 9.99639E-05 0.99152 0.00807993
0.5095 9.99642E-05 9.99642E-05 9.99642E-05 0.4901 9.99642E-05
0.385674 0.157623 9.99732E-05 9.99732E-05 0.456403 9.99732E-05
0.0193414 9.9973E-05 9.9973E-05 9.9973E-05 0.966615 0.013744
0.0795899 0.130923 9.9991E-05 0.686924 0.0777714 0.0246917
0.100931 0.152761 9.9991E-05 0.656936 0.045333 0.0439378
9.996E-05 9.996E-05 9.996E-05 9.996E-05 9.996E-05 0.9995
9.996E-05 9.996E-05 9.996E-05 9.996E-05 9.996E-05 0.9995
0.0542554 0.0117773 9.9982E-05 0.910177 9.9982E-05 0.0235909
0.0463485 0.0870937 0.00913593 0.852506 9.9991E-05 0.00481616
0.0163127 9.9964E-05 9.9964E-05 9.9964E-05 9.9964E-05 0.983287
9.996E-05 9.996E-05 9.996E-05 9.996E-05 9.996E-05 0.9995
9.99641E-05 0.0714412 9.99641E-05 0.928159 9.99641E-05 9.99641E-05
9.9982E-05 0.297046 0.0602727 0.631257 0.0112246 9.9982E-05
0.568698 0.0121306 9.9982E-05 0.318542 0.100429 9.9982E-05
9.9991E-05 0.301268 0.109253 0.166135 0.0632385 0.360005
9.99821E-05 0.406266 0.0457303 0.190799 9.99821E-05 0.357006
0.336082 9.99821E-05 0.0401455 9.99821E-05 0.617164 0.00640864
