9.999E-05 0.9998 9.999E-05
9.999E-05 0.446775 0.553125
0.0876587 0.0611118 0.85123
9.999E-05 9.999E-05 0.9998
9.9991E-05 0.325838 0.674062
9.999E-05 9.999E-05 0.9998
9.999E-05 0.66432 0.33558
0.00136572 0.162271 0.836364
9.9991E-05 0.617044 0.382856
9.9991E-05 0.973924 0.0259757
9.9991E-05 0.960623 0.0392766
9.9991E-05 0.956553 0.043347
9.99911E-05 0.934536 0.0653638
0.0139469 9.9991E-05 0.985953
0.00429949 9.9991E-05 0.995601
9.9991E-05 0.963823 0.0360771
0.178659 0.779208 0.042133
0.750063 0.19842 0.0515169
0.9998 9.999E-05 9.999E-05
9.999E-05 0.9998 9.999E-05
0.9998 9.999E-05 9.999E-05
9.999E-05 0.9998 9.999E-05
0.546453 0.359448 0.0940986
0.969828 0.0300722 9.9991E-05
9.999E-05 9.999E-05 0.9998
9.999E-05 9.999E-05 0.9998
9.999E-05 0.9998 9.999E-05
9.999E-05 9.999E-05 0.9998
9.999E-05 9.999E-05 0.9998
0.049945 0.00140117 0.948654
0.0433819 9.9991E-05 0.956518
9.99911E-05 0.389063 0.610837
9.999E-05 9.999E-05 0.9998
9.9991E-05 0.145154 0.854746
9.9991E-05 0.924095 0.0758046
9.999E-05 9.999E-05 0.9998
9.9991E-05 0.949919 0.0499808
0.0212989 0.822387 0.156314
0.170683 0.641806 0.187511
9.9991E-05 0.872211 0.127689
0.00865973 0.908375 0.082965
0.0125126 0.987387 9.9991E-05
9.9991E-05 0.970491 0.0294088
9.9991E-05 0.994613 0.00528718
0.144188 0.855712 9.9991E-05
0.0371092 0.857801 0.10509
9.9991E-05 0.820228 0.179672
0.00540709 0.994493 9.99911E-05
0.0169366 0.106658 0.876406
0.010233 0.1491 0.840667
0.0201441 0.143923 0.835933
0.0181782 0.129058 0.852764
0.00450415 0.0942211 0.901275
0.0347063 0.216281 0.749012
9.9991E-05 0.19138 0.80852
9.999E-05 0.9998 9.999E-05
9.9991E-05 0.428104 0.571796
9.999E-05 9.999E-05 0.9998
9.999E-05 0.9998 9.999E-05
9.9991E-05 0.920744 0.0791564
9.999E-05 0.9998 9.999E-05
9.999E-05 0.9998 9.999E-05
0.0176426 0.982257 9.9991E-05
0.896205 0.0792561 0.0245393
9.999E-05 9.999E-05 0.9998
0.0226574 0.582663 0.39468
9.999E-05 9.999E-05 0.9998
9.999E-05 9.999E-05 0.9998
9.999E-05 9.999E-05 0.9998
0.00281569 9.9991E-05 0.997084
9.9991E-05 0.00321062 0.996689
9.999E-05 9.999E-05 0.9998
9.99911E-05 0.022912 0.976988
0.0196043 0.0843585 0.896037
9.999E-05 9.999E-05 0.9998
9.9991E-05 0.833827 0.166073
9.9991E-05 0.865642 0.134258
0.253664 0.625732 0.120604
0.249799 0.636451 0.113749
9.9991E-05 0.945787 0.0541134
9.9991E-05 0.988159 0.011741
0.232539 0.650394 0.117067
0.257049 0.619523 0.123428
9.999E-05 0.9998 9.999E-05
0.0156049 0.943212 0.0411836
9.9991E-05 0.433036 0.566864
0.208592 0.727464 0.0639444
0.174479 0.825421 9.9991E-05
0.0771731 0.0263445 0.896482
