9.997E-05 9.997E-05 9.997E-05 0.9996 9.997E-05
9.9973E-05 0.471404 9.9973E-05 0.528297 9.9973E-05
0.00641936 0.811743 0.115171 9.99911E-05 0.0665669
9.9973E-05 0.960861 9.9973E-05 9.9973E-05 0.0388392
9.99731E-05 0.65519 9.99731E-05 0.34451 9.99731E-05
9.9973E-05 0.984355 9.9973E-05 9.9973E-05 0.015345
9.99821E-05 0.304579 0.555374 0.139847 9.99821E-05
9.99731E-05 0.777866 9.99731E-05 0.221834 9.99731E-05
9.99821E-05 0.330339 0.386694 0.282767 9.99821E-05
9.999E-05 0.00817875 0.0269702 0.865527 0.0992239
9.9982E-05 9.9982E-05 0.0780366 0.828379 0.0933849
9.9982E-05 9.9982E-05 0.204797 0.641302 0.153702
9.9973E-05 0.00303274 0.996667 9.9973E-05 9.9973E-05
0.0114335 0.972893 9.9982E-05 9.9982E-05 0.0154738
0.00337142 0.996329 9.9973E-05 9.9973E-05 9.9973E-05
9.999E-05 0.00871761 0.370177 0.606647 0.0143583
0.0702755 9.9991E-05 0.183192 0.37158 0.374852
0.681759 0.0242489 9.9982E-05 0.293792 9.9982E-05
0.926268 9.9973E-05 9.9973E-05 9.9973E-05 0.0734325
9.9982E-05 9.9982E-05 0.0788741 0.779235 0.141691
0.9996 9.997E-05 9.997E-05 9.997E-05 9.997E-05
9.9982E-05 9.9982E-05 0.112858 0.857688 0.029254
0.407621 0.0292169 9.9991E-05 0.188077 0.374985
0.899931 9.9973E-05 9.9973E-05 9.9973E-05 0.099769
9.997E-05 0.9996 9.997E-05 9.997E-05 9.997E-05
9.997E-05 0.9996 9.997E-05 9.997E-05 9.997E-05
9.99819E-05 9.99819E-05 0.790356 0.115286 0.0941583
9.997E-05 0.9996 9.997E-05 9.997E-05 9.997E-05
9.9973E-05 0.973675 0.0260253 9.9973E-05 9.9973E-05
0.0290083 0.942741 0.00787859 9.9991E-05 0.020272
9.9973E-05 0.940303 9.9973E-05 9.9973E-05 0.0593973
9.99732E-05 0.508311 9.99732E-05 0.491389 9.99732E-05
9.9973E-05 0.998207 9.9973E-05 9.9973E-05 0.00149307
9.99731E-05 0.769981 9.99731E-05 0.229719 9.99731E-05
9.9991E-05 0.0391572 0.582174 0.138917 0.239652
9.99729E-05 0.970037 0.0296632 9.99729E-05 9.99729E-05
9.99821E-05 0.042951 9.99821E-05 0.956408 0.00044093
0.0147063 0.132111 9.9982E-05 0.852983 9.9982E-05
0.050352 0.128757 0.183307 0.228089 0.409496
0.00722815 0.0845917 9.9991E-05 0.885085 0.0229948
0.00238379 0.0133815 9.9991E-05 0.938413 0.0457218
0.0116897 9.9991E-05 0.00296779 0.899185 0.0860574
9.9973E-05 9.9973E-05 0.280332 0.719368 9.9973E-05
9.9982E-05 9.9982E-05 0.0683077 0.823663 0.10783
0.113235 9.9991E-05 0.185677 0.544576 0.156412
0.0398666 0.071249 0.0513706 0.759554 0.0779594
9.9991E-05 0.140087 0.215045 0.503671 0.141098
0.0149224 9.99733E-05 9.99733E-05 0.984778 9.99733E-05
0.00539578 0.754996 9.9982E-05 0.239409 9.9982E-05
0.0124496 0.778402 9.9982E-05 0.208948 9.9982E-05
0.0255782 0.761884 9.9982E-05 0.212338 9.9982E-05
0.0127041 0.794817 9.9982E-05 0.192279 9.9982E-05
9.9973E-05 0.791832 9.9973E-05 0.207868 9.9973E-05
0.0392435 0.733686 0.0204954 0.206475 9.9991E-05
9.9973E-05 0.731798 9.9973E-05 0.267902 9.9973E-05
9.9973E-05 9.9973E-05 0.102094 0.897606 9.9973E-05
9.9973E-05 0.494551 9.9973E-05 0.505149 9.9973E-05
9.9982E-05 0.99361 0.000192448 9.9982E-05 0.00599751
9.9973E-05 9.9973E-05 0.934605 9.9973E-05 0.065095
9.9991E-05 0.0414946 0.425192 0.530587 0.00262615
9.997E-05 9.997E-05 0.9996 9.997E-05 9.997E-05
9.9982E-05 9.9982E-05 0.906832 0.0752972 0.0176712
0.0139636 9.9991E-05 0.86962 0.000114359 0.116202
0.902202 9.99731E-05 9.99731E-05 0.0974981 9.99731E-05
9.99731E-05 0.989766 9.99731E-05 9.99731E-05 0.00993411
0.0817021 0.380082 0.0501449 0.354483 0.133588
9.997E-05 0.9996 9.997E-05 9.997E-05 9.997E-05
9.9973E-05 0.974398 0.0253017 9.9973E-05 9.9973E-05
9.9973E-05 0.981567 0.0181332 9.9973E-05 9.9973E-05
9.997E-05 0.9996 9.997E-05 9.997E-05 9.997E-05
9.9982E-05 0.925107 9.9982E-05 0.0286354 0.0460575
9.997E-05 0.9996 9.997E-05 9.997E-05 9.997E-05
9.99732E-05 0.901823 9.99732E-05 0.0978771 9.99732E-05
9.99732E-05 0.780942 0.218758 9.99732E-05 9.99732E-05
9.9982E-05 0.981386 9.9982E-05 0.00797286 0.0104413
9.9991E-05 0.117006 0.144325 0.705808 0.0327605
9.9991E-05 0.127497 0.179238 0.667525 0.0256401
9.997E-05 9.997E-05 9.997E-05 9.997E-05 0.9996
9.997E-05 9.997E-05 9.997E-05 9.997E-05 0.9996
9.9991E-05 0.00773974 0.0467387 0.901907 0.0435143
0.00799302 9.9991E-05 0.0949698 0.88727 0.00966687
9.997E-05 9.997E-05 9.997E-05 9.997E-05 0.9996
9.997E-05 9.997E-05 9.997E-05 9.997E-05 0.9996
9.99731E-05 9.99731E-05 0.0282756 0.971424 9.99731E-05
0.0533563 9.9982E-05 0.306244 0.6402 9.9982E-05
9.9973E-05 0.494849 9.9973E-05 0.504851 9.9973E-05
0.110284 0.0387027 0.347282 0.163336 0.340396
0.078982 9.9991E-05 0.462764 0.13094 0.327214
0.0315754 0.883518 0.0453448 9.9991E-05 0.0394617
