9.9982E-05 9.9982E-05 0.0362238 0.963576
9.999E-05 0.536918 0.0183613 0.444621
0.0457254 0.881008 0.0731671 9.99911E-05
9.9982E-05 0.984617 0.0151832 9.9982E-05
9.99821E-05 0.695099 9.99821E-05 0.304701
9.9982E-05 0.996478 0.00332209 9.9982E-05
9.99821E-05 0.355997 9.99821E-05 0.643803
9.99821E-05 0.846958 9.99821E-05 0.152842
9.99821E-05 0.341067 9.99821E-05 0.658733
9.999E-05 0.0465062 0.12539 0.828004
9.9991E-05 0.0264959 0.134316 0.839088
9.999E-05 0.0200175 0.161176 0.818707
0.0265887 0.0620163 0.0199508 0.891444
0.0147313 0.935703 0.0254377 0.0241285
0.00512956 0.982574 0.0121961 9.9991E-05
9.9991E-05 0.0588042 0.0144619 0.926634
0.083013 9.9991E-05 0.378205 0.538682
0.711147 0.022358 9.9991E-05 0.266395
0.918314 9.9982E-05 0.0814864 9.9982E-05
9.9982E-05 9.9982E-05 0.155865 0.843935
0.9997 9.998E-05 9.998E-05 9.998E-05
9.9982E-05 9.9982E-05 0.05684 0.94296
0.40926 0.0674256 0.433711 0.0896031
0.896622 9.9982E-05 0.103178 9.9982E-05
9.998E-05 0.9997 9.998E-05 9.998E-05
9.998E-05 0.9997 9.998E-05 9.998E-05
9.9982E-05 9.9982E-05 0.0885951 0.911205
9.998E-05 0.9997 9.998E-05 9.998E-05
9.998E-05 0.9997 9.998E-05 9.998E-05
0.0366126 0.944961 0.0183263 9.9991E-05
0.00457948 0.913824 0.0814968 9.9991E-05
0.00677378 0.555432 9.99911E-05 0.437694
9.998E-05 0.9997 9.998E-05 9.998E-05
9.9982E-05 0.801809 9.9982E-05 0.197991
9.9991E-05 0.0394722 0.30183 0.658598
9.9982E-05 0.98806 0.0117405 9.9982E-05
9.9991E-05 0.0425138 0.0398644 0.917522
0.0243538 0.186888 0.0203066 0.768451
0.0869274 0.147981 0.44261 0.322481
9.9991E-05 0.133115 0.080497 0.786288
9.9991E-05 0.110937 0.0883277 0.800635
0.000493585 9.9991E-05 0.131082 0.868325
9.9982E-05 0.0161115 9.9982E-05 0.983689
9.9982E-05 9.9982E-05 0.138606 0.861194
0.099142 9.9991E-05 0.221545 0.679213
0.0282064 0.11557 0.113041 0.743182
9.9991E-05 0.147581 0.140644 0.711675
0.0451253 9.99822E-05 9.99822E-05 0.954675
0.0223708 0.809707 9.9991E-05 0.167822
0.0459723 0.760192 9.9991E-05 0.193736
0.0267958 0.78631 9.9991E-05 0.186794
0.0337553 0.802627 9.9991E-05 0.163518
0.0265106 0.871375 9.9991E-05 0.102014
0.0679847 0.745877 9.9991E-05 0.186039
0.0206811 0.762064 9.9991E-05 0.217155
9.998E-05 9.998E-05 9.998E-05 0.9997
9.9982E-05 0.551509 9.9982E-05 0.448291
9.998E-05 0.9997 9.998E-05 9.998E-05
0.0170054 9.9991E-05 0.0690915 0.913803
9.9991E-05 0.105044 0.0177795 0.877076
0.0294834 9.99821E-05 9.99821E-05 0.970317
9.9982E-05 9.9982E-05 0.0295379 0.970262
0.0195221 9.9991E-05 0.119357 0.861021
0.937992 9.99821E-05 9.99821E-05 0.0618085
9.998E-05 0.9997 9.998E-05 9.998E-05
0.0215787 0.505308 0.0765578 0.396556
9.998E-05 0.9997 9.998E-05 9.998E-05
9.998E-05 0.9997 9.998E-05 9.998E-05
9.998E-05 0.9997 9.998E-05 9.998E-05
9.998E-05 0.9997 9.998E-05 9.998E-05
9.9991E-05 0.948234 0.0375944 0.0140715
9.998E-05 0.9997 9.998E-05 9.998E-05
9.99821E-05 0.928849 9.99821E-05 0.0709515
0.0502755 0.865843 9.99911E-05 0.0837817
9.9982E-05 0.994141 0.00565871 9.9982E-05
9.9991E-05 0.135899 0.0509431 0.813058
9.9991E-05 0.15711 0.0422487 0.800541
9.998E-05 9.998E-05 0.9997 9.998E-05
9.998E-05 9.998E-05 0.9997 9.998E-05
9.9991E-05 0.0332883 0.103644 0.862968
9.9991E-05 0.0233514 0.0710037 0.905545
9.998E-05 9.998E-05 0.9997 9.998E-05
9.998E-05 9.998E-05 0.9997 9.998E-05
9.998E-05 9.998E-05 9.998E-05 0.9997
0.0667654 0.00721849 9.9991E-05 0.925916
9.9982E-05 0.551584 9.9982E-05 0.448216
0.126041 0.0557013 0.341976 0.476282
0.089524 9.9991E-05 0.337906 0.57247
0.0613554 0.895929 0.0426158 9.9991E-05
