0.0279507 9.9982E-05 9.9982E-05 0.971117 0.000731929
0.0107204 0.287901 9.9991E-05 0.384701 0.316578
0.0657627 0.0950651 0.0490602 0.000441113 0.789671
0.038448 9.9973E-05 9.9973E-05 9.9973E-05 0.961252
9.99821E-05 0.283297 9.99821E-05 0.249068 0.467436
0.0113634 9.9973E-05 9.9973E-05 9.9973E-05 0.988337
9.99822E-05 0.359392 9.99822E-05 0.607486 0.0329218
0.0444941 0.486631 9.9991E-05 0.0670568 0.401718
9.99821E-05 0.414971 9.99821E-05 0.554491 0.030338
0.120384 0.129489 9.9982E-05 0.749926 9.9982E-05
0.129528 0.121835 9.9982E-05 0.748437 9.9982E-05
0.165413 9.9982E-05 9.9982E-05 0.786266 0.0481211
9.99732E-05 9.99732E-05 9.99732E-05 0.918495 0.0812049
9.9982E-05 9.9982E-05 0.0500628 0.0048768 0.94486
9.9982E-05 9.9982E-05 0.0151759 0.0116428 0.972981
0.0202782 0.0795223 9.9982E-05 0.9 9.9982E-05
0.361681 9.9991E-05 0.0778169 0.546705 0.0136974
9.9982E-05 0.0647142 0.732427 0.202659 9.9982E-05
0.0858057 9.9973E-05 0.913894 9.9973E-05 9.9973E-05
0.16751 0.00103123 9.9982E-05 0.831258 9.9982E-05
9.997E-05 9.997E-05 0.9996 9.997E-05 9.997E-05
0.0425797 9.9982E-05 9.9982E-05 0.951159 0.00606101
0.379642 0.0556866 0.426416 0.123541 0.014715
0.0952387 9.9973E-05 0.904461 9.9973E-05 9.9973E-05
9.997E-05 9.997E-05 9.997E-05 9.997E-05 0.9996
9.997E-05 9.997E-05 9.997E-05 9.997E-05 0.9996
0.0789149 9.9973E-05 9.9973E-05 0.920785 9.9973E-05
9.9973E-05 0.086001 9.9973E-05 9.9973E-05 0.913699
9.9973E-05 0.0737442 9.9973E-05 9.9973E-05 0.925956
9.99821E-05 0.305979 0.00945678 9.99821E-05 0.684364
0.0567371 0.318843 9.9982E-05 9.9982E-05 0.62422
0.0080246 0.603786 9.9991E-05 0.268344 0.119745
9.997E-05 9.997E-05 9.997E-05 9.997E-05 0.9996
9.9973E-05 0.917146 9.9973E-05 9.9973E-05 0.0825544
0.228165 9.9982E-05 9.9982E-05 0.685352 0.0862827
9.99729E-05 9.99729E-05 9.99729E-05 0.00616765 0.993532
0.0482806 9.99821E-05 9.99821E-05 0.871894 0.079625
0.0773117 0.18725 0.0367326 0.693066 0.00563951
0.423458 9.9991E-05 0.0677695 0.366552 0.142121
0.0759554 9.9991E-05 0.00639296 0.761955 0.155596
0.0796779 9.9991E-05 0.0114801 0.790863 0.117879
0.108305 0.0150741 0.0264871 0.850034 9.9991E-05
9.9973E-05 0.0627082 9.9973E-05 0.936992 9.9973E-05
0.13968 0.0584991 9.9982E-05 0.801621 9.9982E-05
0.1767 0.0316893 0.117693 0.673818 9.9991E-05
0.112474 0.0755453 0.0293849 0.712842 0.0697538
0.148343 0.0460147 9.9991E-05 0.69358 0.111962
9.99822E-05 0.00405378 0.0328088 0.962937 9.99822E-05
9.997E-05 0.9996 9.997E-05 9.997E-05 9.997E-05
0.00293222 0.996768 9.99729E-05 9.99729E-05 9.99729E-05
9.997E-05 0.9996 9.997E-05 9.997E-05 9.997E-05
9.997E-05 0.9996 9.997E-05 9.997E-05 9.997E-05
9.997E-05 0.9996 9.997E-05 9.997E-05 9.997E-05
0.0163144 0.666893 0.0385082 0.0825116 0.195773
9.99729E-05 0.993854 9.99729E-05 0.00584577 9.99729E-05
9.997E-05 9.997E-05 9.997E-05 0.9996 9.997E-05
0.0142784 0.572811 9.9991E-05 0.284482 0.128328
9.997E-05 9.997E-05 9.997E-05 9.997E-05 0.9996
0.0454626 9.99731E-05 9.99731E-05 0.954237 9.99731E-05
0.0204346 9.9982E-05 9.9982E-05 0.873155 0.106211
9.99732E-05 9.99732E-05 0.0104395 0.989261 9.99732E-05
9.997E-05 9.997E-05 9.997E-05 0.9996 9.997E-05
0.0689237 9.9982E-05 0.0144737 0.916403 9.9982E-05
9.9982E-05 0.0145016 0.900366 0.0849325 9.9982E-05
9.997E-05 9.997E-05 9.997E-05 9.997E-05 0.9996
0.0276173 0.208884 0.0536558 0.405418 0.304424
0.00366854 9.99821E-05 9.99821E-05 0.00876893 0.987363
9.9982E-05 0.0226607 9.9982E-05 0.0360238 0.941115
9.9982E-05 0.0823926 9.9982E-05 0.0145396 0.902868
9.9982E-05 0.0189642 0.013429 9.9982E-05 0.967407
0.0303363 0.039576 9.9991E-05 0.0431699 0.886818
9.997E-05 9.997E-05 9.997E-05 9.997E-05 0.9996
9.99732E-05 0.540627 9.99732E-05 9.99732E-05 0.459073
9.99911E-05 0.454706 0.0151466 0.0761656 0.453882
9.9973E-05 9.9973E-05 9.9973E-05 0.000242162 0.999458
0.07878 0.131593 9.9991E-05 0.727909 0.0616178
0.0626112 0.147432 9.9991E-05 0.749822 0.0400348
0.9996 9.997E-05 9.997E-05 9.997E-05 9.997E-05
0.9996 9.997E-05 9.997E-05 9.997E-05 9.997E-05
0.0884755 0.113856 9.99819E-05 0.797468 9.99819E-05
0.0739146 0.0941391 9.99819E-05 0.831746 9.99819E-05
0.9996 9.997E-05 9.997E-05 9.997E-05 9.997E-05
0.9996 9.997E-05 9.997E-05 9.997E-05 9.997E-05
9.997E-05 9.997E-05 9.997E-05 0.9996 9.997E-05
9.9982E-05 0.077467 0.0569907 0.865342 9.9982E-05
9.9982E-05 0.652204 9.9982E-05 0.274714 0.0728817
0.252757 9.9991E-05 0.129989 0.545731 0.0714224
0.302718 9.9991E-05 0.0819441 0.611568 0.00366896
0.0423174 0.379025 0.0259124 9.9991E-05 0.552645
