9.9982E-05 0.00789413 9.9982E-05 0.947452 0.0444538
9.999E-05 0.295107 0.318014 0.384064 0.00271513
0.0501364 0.823736 0.00325533 0.0486766 0.0741954
9.9973E-05 0.978633 9.9973E-05 9.9973E-05 0.0210673
9.999E-05 0.446983 0.315228 0.235202 0.00248663
0.0055921 0.970306 9.9982E-05 9.9982E-05 0.0239024
9.99821E-05 0.0678403 0.346867 0.585092 9.99821E-05
9.999E-05 0.405947 0.485705 0.0516689 0.0565798
9.99821E-05 0.00405335 0.455602 0.540145 9.99821E-05
9.9982E-05 9.9982E-05 0.148219 0.682659 0.168923
9.9982E-05 9.9982E-05 0.136538 0.675943 0.18732
9.9982E-05 0.0743629 9.9982E-05 0.779046 0.146391
9.99732E-05 0.0472614 9.99732E-05 0.952439 9.99732E-05
0.014643 0.980156 9.9982E-05 9.9982E-05 0.00500145
0.0208341 0.967344 9.9982E-05 9.9982E-05 0.0116223
9.999E-05 0.00920914 0.0601585 0.910215 0.0203173
0.0718234 0.0134647 9.9991E-05 0.504825 0.409786
0.709527 9.99819E-05 0.115551 0.174722 9.99819E-05
0.903067 9.9973E-05 9.9973E-05 9.9973E-05 0.096633
9.9982E-05 9.9982E-05 0.0259466 0.830684 0.143169
0.9996 9.997E-05 9.997E-05 9.997E-05 9.997E-05
9.9973E-05 9.9973E-05 9.9973E-05 0.954253 0.045447
0.438462 9.9991E-05 0.0634633 0.114811 0.383164
0.895972 9.9973E-05 9.9973E-05 9.9973E-05 0.103728
9.997E-05 0.9996 9.997E-05 9.997E-05 9.997E-05
9.997E-05 0.9996 9.997E-05 9.997E-05 9.997E-05
9.9973E-05 9.9973E-05 9.9973E-05 0.936974 0.0627264
9.9973E-05 0.949145 0.0505548 9.9973E-05 9.9973E-05
9.9973E-05 0.908006 0.0916941 9.9973E-05 9.9973E-05
0.00589861 0.654555 0.291202 9.9991E-05 0.0482444
9.9982E-05 0.618391 0.316315 9.9982E-05 0.0650937
9.99821E-05 0.0465869 0.641341 0.311872 9.99821E-05
9.997E-05 0.9996 9.997E-05 9.997E-05 9.997E-05
9.9982E-05 0.0898923 0.90908 9.9982E-05 0.000828126
9.9982E-05 0.0610428 9.9982E-05 0.725294 0.213463
9.9973E-05 0.984937 9.9973E-05 9.9973E-05 0.0147628
9.99821E-05 0.0885838 9.99821E-05 0.891551 0.0196648
0.0482084 0.0293621 0.203257 0.678818 0.0403544
0.0521686 0.141014 9.9991E-05 0.371375 0.435342
0.00372558 0.154621 9.9991E-05 0.759301 0.082252
0.011862 0.11981 0.00919703 0.781927 0.0772045
0.022383 9.9991E-05 0.0397854 0.800618 0.137114
9.9973E-05 9.9973E-05 0.0602675 0.939433 9.9973E-05
0.00209663 9.9991E-05 0.0829043 0.747493 0.167406
0.111839 9.9991E-05 0.0256836 0.640245 0.222132
0.0668971 0.0558027 0.0753452 0.677382 0.124573
9.9991E-05 0.121992 0.0729686 0.680423 0.124516
0.0514703 9.99822E-05 0.0265829 0.921747 9.99822E-05
9.997E-05 9.997E-05 0.9996 9.997E-05 9.997E-05
9.997E-05 9.997E-05 0.9996 9.997E-05 9.997E-05
9.997E-05 9.997E-05 0.9996 9.997E-05 9.997E-05
9.997E-05 9.997E-05 0.9996 9.997E-05 9.997E-05
9.997E-05 9.997E-05 0.9996 9.997E-05 9.997E-05
0.0110845 0.253597 0.6213 0.101499 0.0125197
9.997E-05 9.997E-05 0.9996 9.997E-05 9.997E-05
9.997E-05 9.997E-05 9.997E-05 0.9996 9.997E-05
9.9982E-05 0.119043 0.555241 0.325516 9.9982E-05
9.997E-05 0.9996 9.997E-05 9.997E-05 9.997E-05
9.99731E-05 9.99731E-05 9.99731E-05 0.963889 0.0358113
9.9982E-05 0.0712347 9.9982E-05 0.910616 0.0179491
0.0197013 9.99732E-05 9.99732E-05 0.979999 9.99732E-05
9.997E-05 9.997E-05 9.997E-05 0.9996 9.997E-05
0.0148409 9.9982E-05 9.9982E-05 0.917229 0.0677302
0.939066 9.99821E-05 0.00675424 0.0539802 9.99821E-05
9.997E-05 0.9996 9.997E-05 9.997E-05 9.997E-05
0.0710975 0.262 0.12997 0.451544 0.0853881
9.997E-05 0.9996 9.997E-05 9.997E-05 9.997E-05
9.9982E-05 0.96576 0.00342229 0.0306173 9.9982E-05
9.9982E-05 0.898006 0.0897092 0.0120847 9.9982E-05
0.00662411 0.940817 0.0523586 9.9982E-05 9.9982E-05
9.9991E-05 0.914667 0.0476322 0.00392067 0.0336803
9.9973E-05 0.990791 9.9973E-05 9.9973E-05 0.0089093
9.99732E-05 0.494359 0.505341 9.99732E-05 9.99732E-05
0.0232679 0.527218 0.392744 0.05667 9.99911E-05
0.00622149 0.925195 0.0459003 0.0225836 9.9991E-05
9.9991E-05 0.0437296 0.125266 0.751507 0.0793977
9.9991E-05 0.0296586 0.139071 0.775604 0.0555664
9.997E-05 9.997E-05 9.997E-05 9.997E-05 0.9996
9.997E-05 9.997E-05 9.997E-05 9.997E-05 0.9996
9.99819E-05 9.99819E-05 0.107188 0.795363 0.0972492
0.0113328 9.9991E-05 0.0906201 0.79793 0.100017
9.997E-05 9.997E-05 9.997E-05 9.997E-05 0.9996
9.997E-05 9.997E-05 9.997E-05 9.997E-05 0.9996
9.9973E-05 9.9973E-05 0.0024881 0.997212 9.9973E-05
0.0567591 0.0189784 0.0684746 0.855688 9.9991E-05
9.9982E-05 0.037312 0.665235 0.297253 9.9982E-05
0.130487 0.0527519 9.9991E-05 0.492407 0.324254
0.0697931 0.00466718 9.9991E-05 0.587584 0.337856
0.0274329 0.605372 0.316508 9.9991E-05 0.0505868
