9.99459E-05 0.00734504 0.0014337 9.99459E-05 9.99459E-05 9.99459E-05 9.99459E-05 9.99459E-05 0.902369 0.0882531
0.689982 0.0239998 9.99548E-05 9.99548E-05 0.0507451 9.99548E-05 0.13902 9.99548E-05 0.0957536 9.99548E-05
9.99643E-05 0.0690036 0.0120035 0.344702 9.99643E-05 0.022306 0.52811 0.0234753 9.99643E-05 9.99643E-05
9.99371E-05 0.0191888 0.0181816 9.99371E-05 9.99371E-05 9.99371E-05 0.96193 9.99371E-05 9.99371E-05 9.99371E-05
0.376037 9.99641E-05 0.00634865 0.108822 0.0752397 9.99641E-05 0.318534 9.99641E-05 9.99641E-05 0.114618
9.99281E-05 9.99281E-05 9.99281E-05 9.99281E-05 0.0295703 9.99281E-05 0.96963 9.99281E-05 9.99281E-05 9.99281E-05
0.67673 9.99282E-05 9.99282E-05 9.99282E-05 9.99282E-05 9.99282E-05 9.99282E-05 0.322471 9.99282E-05 9.99282E-05
0.152362 0.00540991 0.0537168 0.569305 9.99639E-05 9.99639E-05 0.119311 9.99639E-05 9.99639E-05 0.0994962
0.774349 9.99281E-05 9.99281E-05 9.99281E-05 9.99281E-05 9.99281E-05 9.99281E-05 0.224852 9.99281E-05 9.99281E-05
0.031988 9.99283E-05 9.99283E-05 9.99283E-05 9.99283E-05 9.99283E-05 9.99283E-05 9.99283E-05 9.99283E-05 0.967213
9.99201E-05 9.99201E-05 9.99201E-05 9.99201E-05 9.99201E-05 9.99201E-05 9.99201E-05 9.99201E-05 9.99201E-05 0.999101
9.9955E-05 0.135853 9.9955E-05 0.00834865 9.9955E-05 9.9955E-05 0.0211619 0.125618 0.708518 9.9955E-05
9.99372E-05 9.99372E-05 9.99372E-05 0.00393038 9.99372E-05 9.99372E-05 0.0123316 0.983038 9.99372E-05 9.99372E-05
9.9946E-05 9.9946E-05 9.9946E-05 9.9946E-05 0.0132528 0.0271546 0.932497 9.9946E-05 0.0264959 9.9946E-05
9.99371E-05 0.00130591 9.99371E-05 9.99371E-05 9.99371E-05 9.99371E-05 0.91574 9.99371E-05 0.0822547 9.99371E-05
0.0172332 9.9964E-05 0.0256783 9.9964E-05 0.018852 9.9964E-05 9.9964E-05 0.345905 0.0628127 0.529119
9.99278E-05 9.99278E-05 9.99278E-05 9.99278E-05 0.923221 9.99278E-05 9.99278E-05 9.99278E-05 9.99278E-05 0.07598
0.0530527 9.99549E-05 0.0208823 9.99549E-05 9.99549E-05 0.669971 9.99549E-05 9.99549E-05 0.0467231 0.208871
9.9928E-05 0.077799 9.9928E-05 9.9928E-05 9.9928E-05 0.921402 9.9928E-05 9.9928E-05 9.9928E-05 9.9928E-05
9.9955E-05 0.039126 9.9955E-05 9.9955E-05 0.112201 9.9955E-05 9.9955E-05 0.00042799 0.123872 0.723873
9.99201E-05 9.99201E-05 9.99201E-05 9.99201E-05 9.99201E-05 0.999101 9.99201E-05 9.99201E-05 9.99201E-05 9.99201E-05
9.9955E-05 0.00695715 9.9955E-05 9.9955E-05 0.0237413 9.9955E-05 9.9955E-05 0.0993943 0.560318 0.309089
9.99551E-05 0.137987 0.0191432 9.99551E-05 0.440764 0.328574 9.99551E-05 9.99551E-05 9.99551E-05 0.0730319
9.99369E-05 0.0203419 9.99369E-05 9.99369E-05 0.0848295 0.894129 9.99369E-05 9.99369E-05 9.99369E-05 9.99369E-05
9.99282E-05 9.99282E-05 0.0337014 9.99282E-05 9.99282E-05 9.99282E-05 0.965499 9.99282E-05 9.99282E-05 9.99282E-05
9.99201E-05 9.99201E-05 9.99201E-05 9.99201E-05 9.99201E-05 9.99201E-05 0.999101 9.99201E-05 9.99201E-05 9.99201E-05
9.99549E-05 0.0526355 9.99549E-05 9.99549E-05 0.0716234 9.99549E-05 9.99549E-05 0.749246 0.0266687 0.0993269
0.023431 9.9946E-05 0.062814 9.9946E-05 9.9946E-05 9.9946E-05 0.909616 0.00353944 9.9946E-05 9.9946E-05
0.0258557 9.9946E-05 0.0644065 9.9946E-05 9.9946E-05 9.9946E-05 0.897097 0.0120413 9.9946E-05 9.9946E-05
0.0464064 0.00659131 0.148914 0.129154 9.99731E-05 0.0243852 0.628436 0.0158136 9.99731E-05 9.99731E-05
9.9946E-05 9.9946E-05 0.115992 0.32027 0.0870082 9.9946E-05 0.476129 9.9946E-05 9.9946E-05 9.9946E-05
0.993368 9.99282E-05 0.00583243 9.99282E-05 9.99282E-05 9.99282E-05 9.99282E-05 9.99282E-05 9.99282E-05 9.99282E-05
9.99281E-05 9.99281E-05 9.99281E-05 0.145153 9.99281E-05 9.99281E-05 0.854047 9.99281E-05 9.99281E-05 9.99281E-05
9.99371E-05 0.00915149 0.733874 0.256275 9.99371E-05 9.99371E-05 9.99371E-05 9.99371E-05 9.99371E-05 9.99371E-05
9.99548E-05 0.0994791 9.99548E-05 0.0533059 0.343498 9.99548E-05 9.99548E-05 0.453462 0.0497549 9.99548E-05
9.99369E-05 9.99369E-05 9.99369E-05 0.0277702 0.0249692 9.99369E-05 0.946561 9.99369E-05 9.99369E-05 9.99369E-05
9.9928E-05 9.9928E-05 9.9928E-05 0.0183324 9.9928E-05 9.9928E-05 9.9928E-05 9.9928E-05 0.980868 9.9928E-05
0.0726548 9.9964E-05 9.9964E-05 0.0716808 0.0207983 0.0144728 9.9964E-05 9.9964E-05 0.0911615 0.728832
0.00230528 9.99369E-05 9.99369E-05 0.0097537 0.987241 9.99369E-05 9.99369E-05 9.99369E-05 9.99369E-05 9.99369E-05
9.99459E-05 9.99459E-05 9.99459E-05 9.99459E-05 0.101138 9.99459E-05 0.0857399 9.99459E-05 0.290226 0.522296
9.99639E-05 0.0205207 9.99639E-05 9.99639E-05 0.0670998 0.0069163 0.077404 9.99639E-05 0.32634 0.50132
9.9937E-05 9.9937E-05 9.9937E-05 9.9937E-05 0.0346865 9.9937E-05 9.9937E-05 9.9937E-05 0.0077329 0.956881
0.133216 9.9946E-05 9.9946E-05 9.9946E-05 9.9946E-05 9.9946E-05 9.9946E-05 0.211212 0.143377 0.511595
9.9937E-05 9.9937E-05 0.00798654 9.9937E-05 0.0608676 9.9937E-05 9.9937E-05 9.9937E-05 9.9937E-05 0.930446
0.0234424 0.0982192 9.9973E-05 9.9973E-05 0.0323695 0.122667 9.9973E-05 0.16158 0.0368863 0.524535
0.0286261 9.9973E-05 9.9973E-05 9.9973E-05 0.0440694 0.0369914 0.0431184 0.0144355 0.175156 0.657303
9.9964E-05 9.9964E-05 0.0565402 9.9964E-05 0.374727 9.9964E-05 0.054432 0.10747 0.24707 0.159361
9.99285E-05 9.99285E-05 9.99285E-05 9.99285E-05 9.99285E-05 0.0151624 9.99285E-05 9.99285E-05 0.984038 9.99285E-05
9.99201E-05 9.99201E-05 0.999101 9.99201E-05 9.99201E-05 9.99201E-05 9.99201E-05 9.99201E-05 9.99201E-05 9.99201E-05
9.99201E-05 9.99201E-05 0.999101 9.99201E-05 9.99201E-05 9.99201E-05 9.99201E-05 9.99201E-05 9.99201E-05 9.99201E-05
9.99201E-05 9.99201E-05 0.999101 9.99201E-05 9.99201E-05 9.99201E-05 9.99201E-05 9.99201E-05 9.99201E-05 9.99201E-05
9.99281E-05 9.99281E-05 0.996834 9.99281E-05 9.99281E-05 9.99281E-05 0.00236689 9.99281E-05 9.99281E-05 9.99281E-05
9.99201E-05 9.99201E-05 0.999101 9.99201E-05 9.99201E-05 9.99201E-05 9.99201E-05 9.99201E-05 9.99201E-05 9.99201E-05
0.106518 9.99641E-05 0.418664 0.280528 9.99641E-05 0.0135017 0.0953621 9.99641E-05 9.99641E-05 0.0850268
0.0743979 0.00163652 0.915185 9.9955E-05 9.9955E-05 9.9955E-05 9.9955E-05 0.000614541 0.00766611 9.9955E-05
0.000784448 9.99459E-05 9.99459E-05 9.99459E-05 9.99459E-05 9.99459E-05 9.99459E-05 0.0900229 0.807998 0.100595
0.883257 0.0153844 0.0901012 9.99458E-05 9.99458E-05 9.99458E-05 9.99458E-05 9.99458E-05 0.0106579 9.99458E-05
9.9928E-05 9.9928E-05 9.9928E-05 9.9928E-05 0.0190183 9.9928E-05 0.980182 9.9928E-05 9.9928E-05 9.9928E-05
9.99459E-05 0.065195 0.0281127 9.99459E-05 9.99459E-05 9.99459E-05 9.99459E-05 0.814623 0.0914692 9.99459E-05
0.00834835 0.0335858 9.9973E-05 0.0197163 9.9973E-05 9.9973E-05 0.051713 0.260467 0.166658 0.459211
9.99282E-05 9.99282E-05 9.99282E-05 0.00491556 9.99282E-05 9.99282E-05 9.99282E-05 0.994285 9.99282E-05 9.99282E-05
9.99369E-05 9.99369E-05 9.99369E-05 9.99369E-05 9.99369E-05 9.99369E-05 0.00952456 0.899098 9.99369E-05 0.0906777
9.99549E-05 0.0583466 9.99549E-05 9.99549E-05 0.0508939 0.00633832 9.99549E-05 0.855469 9.99549E-05 0.0284529
9.99282E-05 9.99282E-05 9.99282E-05 9.99282E-05 9.99282E-05 0.869952 9.99282E-05 9.99282E-05 0.129249 9.99282E-05
9.99373E-05 0.00464575 9.99373E-05 9.99373E-05 9.99373E-05 9.99373E-05 0.994393 9.99373E-05 9.99373E-05 0.000261338
0.160498 0.0211713 0.0854122 0.18197 0.0982771 0.0436996 0.107171 9.9991E-05 0.155699 0.146001
9.99372E-05 9.99372E-05 9.99372E-05 0.0696574 9.99372E-05 9.99372E-05 0.923507 0.00613613 9.99372E-05 9.99372E-05
9.9955E-05 9.9955E-05 0.0228095 0.0222349 0.029026 9.9955E-05 0.888401 9.9955E-05 0.0370288 9.9955E-05
0.009654 9.9955E-05 0.0198772 0.0455268 9.9955E-05 9.9955E-05 0.899854 0.0245878 9.9955E-05 9.9955E-05
0.0767298 9.99551E-05 0.00840662 0.00286308 9.99551E-05 0.00285142 0.908649 9.99551E-05 9.99551E-05 9.99551E-05
9.99461E-05 9.99461E-05 9.99461E-05 0.0576202 0.0298313 9.99461E-05 0.846658 9.99461E-05 9.99461E-05 0.0652907
9.993E-05 9.993E-05 0.0191047 9.993E-05 0.0406962 9.993E-05 0.9395 9.993E-05 9.993E-05 9.993E-05
9.99279E-05 9.99279E-05 0.00366293 0.995538 9.99279E-05 9.99279E-05 9.99279E-05 9.99279E-05 9.99279E-05 9.99279E-05
9.99279E-05 9.99279E-05 9.99279E-05 0.961349 9.99279E-05 9.99279E-05 9.99279E-05 0.0378513 9.99279E-05 9.99279E-05
9.99461E-05 0.0160576 0.0216488 9.99461E-05 9.99461E-05 9.99461E-05 0.959379 9.99461E-05 9.99461E-05 0.00231455
0.140722 0.0239027 9.9964E-05 9.9964E-05 9.9964E-05 9.9964E-05 0.0588028 0.129176 0.0726991 0.574299
0.153865 0.015681 9.99639E-05 9.99639E-05 9.99639E-05 9.99639E-05 0.0612769 0.141812 0.0383147 0.588651
9.99201E-05 0.999101 9.99201E-05 9.99201E-05 9.99201E-05 9.99201E-05 9.99201E-05 9.99201E-05 9.99201E-05 9.99201E-05
9.99201E-05 0.999101 9.99201E-05 9.99201E-05 9.99201E-05 9.99201E-05 9.99201E-05 9.99201E-05 9.99201E-05 9.99201E-05
9.9928E-05 9.9928E-05 9.9928E-05 0.00306913 9.9928E-05 9.9928E-05 9.9928E-05 9.9928E-05 9.9928E-05 0.996131
9.9928E-05 9.9928E-05 9.9928E-05 9.9928E-05 9.9928E-05 9.9928E-05 9.9928E-05 0.0372395 9.9928E-05 0.961961
9.99282E-05 0.988544 9.99282E-05 0.0106567 9.99282E-05 9.99282E-05 9.99282E-05 9.99282E-05 9.99282E-05 9.99282E-05
9.99201E-05 0.999101 9.99201E-05 9.99201E-05 9.99201E-05 9.99201E-05 9.99201E-05 9.99201E-05 9.99201E-05 9.99201E-05
9.99369E-05 9.99369E-05 0.0043066 9.99369E-05 9.99369E-05 9.99369E-05 9.99369E-05 0.0516929 0.943301 9.99369E-05
0.122106 9.9955E-05 9.9955E-05 9.9955E-05 9.9955E-05 0.0619889 9.9955E-05 0.30867 0.0780735 0.428662
0.937366 9.99279E-05 0.0618348 9.99279E-05 9.99279E-05 9.99279E-05 9.99279E-05 9.99279E-05 9.99279E-05 9.99279E-05
9.99731E-05 0.0203187 0.0110429 9.99731E-05 0.615069 0.0784178 0.0144581 0.143835 9.99731E-05 0.116558
9.99551E-05 0.0619756 9.99551E-05 9.99551E-05 0.614369 0.0129869 9.99551E-05 0.203561 0.106607 9.99551E-05
0.0907028 0.00737958 0.0554026 0.371118 9.99641E-05 0.0351322 0.439865 9.99641E-05 9.99641E-05 9.99641E-05
