0.9763 0.00363381 9.9982E-05 9.9982E-05 0.0198659
0.380551 9.9991E-05 0.307527 0.0101182 0.301703
0.0663092 0.00158535 0.815458 0.0618413 0.0548065
9.9973E-05 9.9973E-05 0.967398 0.0323016 9.9973E-05
0.251449 9.99821E-05 0.463376 9.99821E-05 0.284975
9.997E-05 9.997E-05 0.9996 9.997E-05 9.997E-05
0.586449 9.99822E-05 0.0324009 9.99822E-05 0.38095
0.041883 9.9991E-05 0.398758 0.066944 0.492315
0.554585 9.99731E-05 9.99731E-05 9.99731E-05 0.445115
0.704584 9.9982E-05 9.9982E-05 0.146165 0.149051
0.743876 9.9982E-05 9.9982E-05 0.142588 0.113336
0.818367 9.9982E-05 0.0443438 0.13709 9.9982E-05
0.886437 9.99821E-05 0.0956005 0.0177626 9.99821E-05
9.9973E-05 0.0263832 0.973317 9.9973E-05 9.9973E-05
0.0356391 0.00336133 0.9608 9.9982E-05 9.9982E-05
0.901211 9.9982E-05 9.9982E-05 0.0359394 0.0626495
0.527618 0.0904923 0.00108886 0.380701 9.9991E-05
0.213471 0.693839 9.99819E-05 9.99819E-05 0.0924902
9.9973E-05 0.888642 9.9973E-05 0.111058 9.9973E-05
0.819683 9.9982E-05 9.9982E-05 0.160956 0.0191606
9.9973E-05 0.983193 0.016507 9.9973E-05 9.9973E-05
0.965813 9.9982E-05 9.9982E-05 0.0212024 0.0127845
0.0403909 0.421781 0.00466079 0.456927 0.0762406
9.9973E-05 0.882955 9.9973E-05 0.116745 9.9973E-05
9.9973E-05 9.9973E-05 0.994394 9.9973E-05 0.00530594
9.997E-05 9.997E-05 0.9996 9.997E-05 9.997E-05
0.908053 9.9973E-05 9.9973E-05 0.0916473 9.9973E-05
9.9973E-05 9.9973E-05 0.911154 9.9973E-05 0.0885456
9.9973E-05 9.9973E-05 0.896878 9.9973E-05 0.102822
9.9991E-05 0.0216217 0.705046 0.0297875 0.243445
9.9982E-05 9.9982E-05 0.619038 0.0713371 0.309425
0.281497 9.99821E-05 0.102983 9.99821E-05 0.61532
9.997E-05 9.997E-05 0.9996 9.997E-05 9.997E-05
9.9982E-05 9.9982E-05 0.0697162 0.00215224 0.927932
0.672746 9.9982E-05 0.0652209 0.261833 9.9982E-05
0.00604129 9.9982E-05 0.981722 0.0120371 9.9982E-05
0.925809 9.99821E-05 0.0684782 0.00551257 9.99821E-05
0.692104 0.0392999 0.0211402 0.0498494 0.197607
0.392465 0.0632167 0.127098 0.417121 9.9991E-05
0.797492 0.0101764 0.160608 0.0316243 9.9991E-05
0.810241 0.0197087 0.109757 0.0601937 9.9991E-05
0.837463 0.0122938 9.9991E-05 0.127336 0.0228079
0.930036 9.9973E-05 9.9973E-05 9.9973E-05 0.0696638
0.75327 9.9982E-05 9.9982E-05 0.159139 0.0873917
0.656124 0.105665 9.9991E-05 0.221828 0.0162822
0.696783 0.0496423 0.0619982 0.0997578 0.091819
0.700119 9.9991E-05 0.0981793 0.142357 0.0592453
0.951346 0.0463459 9.99822E-05 9.99822E-05 0.00210825
9.997E-05 9.997E-05 9.997E-05 9.997E-05 0.9996
9.997E-05 9.997E-05 9.997E-05 9.997E-05 0.9996
9.997E-05 9.997E-05 9.997E-05 9.997E-05 0.9996
9.997E-05 9.997E-05 9.997E-05 9.997E-05 0.9996
9.997E-05 9.997E-05 9.997E-05 9.997E-05 0.9996
0.122689 0.0449197 0.211539 9.9991E-05 0.620753
9.997E-05 9.997E-05 9.997E-05 9.997E-05 0.9996
0.9996 9.997E-05 9.997E-05 9.997E-05 9.997E-05
0.328976 9.9982E-05 0.0907625 9.9982E-05 0.580061
9.997E-05 9.997E-05 0.9996 9.997E-05 9.997E-05
0.954218 9.99731E-05 9.99731E-05 0.0454818 9.99731E-05
0.908654 9.9982E-05 0.0840012 0.00714527 9.9982E-05
0.995677 0.00402322 9.99732E-05 9.99732E-05 9.99732E-05
0.991842 9.9973E-05 0.00785791 9.9973E-05 9.9973E-05
0.866233 0.00327617 9.9982E-05 0.130291 9.9982E-05
0.0752989 0.911647 9.99821E-05 9.99821E-05 0.0128536
9.997E-05 9.997E-05 0.9996 9.997E-05 9.997E-05
0.323034 0.00501899 0.238055 0.18107 0.252822
0.0397203 9.99731E-05 0.95998 9.99731E-05 9.99731E-05
9.9973E-05 9.9973E-05 0.966537 9.9973E-05 0.0331631
0.00584598 9.9982E-05 0.900047 9.9982E-05 0.0939074
0.00752768 9.9982E-05 0.922373 9.9982E-05 0.0698992
0.0482978 9.9991E-05 0.904745 0.0163895 0.0304682
9.9973E-05 9.9973E-05 0.994932 9.9973E-05 0.00476776
9.99732E-05 9.99732E-05 0.49333 9.99732E-05 0.50637
0.0335325 0.0307697 0.521435 9.99911E-05 0.414163
0.0204923 0.0030746 0.969214 0.00711927 9.9991E-05
0.691088 9.9991E-05 0.0788316 0.0938713 0.136109
0.735627 9.9991E-05 0.0467889 0.0997128 0.117771
9.997E-05 9.997E-05 9.997E-05 0.9996 9.997E-05
9.997E-05 9.997E-05 9.997E-05 0.9996 9.997E-05
0.775155 0.00384644 9.9991E-05 0.113766 0.107133
0.807601 0.0198334 9.9991E-05 0.0767674 0.0956983
9.9973E-05 9.9973E-05 9.9973E-05 0.994605 0.00509522
9.997E-05 9.997E-05 9.997E-05 0.9996 9.997E-05
0.977269 9.9973E-05 9.9973E-05 9.9973E-05 0.0224309
0.85874 0.0642964 0.00366944 9.9991E-05 0.0731942
0.299165 9.9982E-05 0.0939146 9.9982E-05 0.60672
0.484752 0.117365 0.0772544 0.320528 9.9991E-05
0.594912 0.0906606 9.99821E-05 0.314227 9.99821E-05
9.9991E-05 0.0346149 0.58015 0.0763012 0.308834
