9.99279E-05 0.9211 9.99279E-05 9.99279E-05 9.99279E-05 9.99279E-05 9.99279E-05 0.0720149 9.99279E-05 0.00608595 9.99279E-05
9.99459E-05 0.0262237 9.99459E-05 9.99459E-05 0.129169 9.99459E-05 0.12409 0.0076996 9.99459E-05 0.712218 9.99459E-05
9.995E-05 9.995E-05 0.0742289 0.00959682 9.995E-05 9.995E-05 0.707725 9.995E-05 0.0807334 0.0738577 0.0533587
9.99191E-05 9.99191E-05 9.99191E-05 0.0290246 9.99191E-05 9.99191E-05 0.970076 9.99191E-05 9.99191E-05 9.99191E-05 9.99191E-05
0.0275937 0.0288434 0.276568 9.9964E-05 0.0549559 9.9964E-05 0.366407 0.11205 9.9964E-05 0.133183 9.9964E-05
9.9919E-05 9.9919E-05 9.9919E-05 9.9919E-05 0.0271039 9.9919E-05 0.971997 9.9919E-05 9.9919E-05 9.9919E-05 9.9919E-05
9.99278E-05 9.99278E-05 0.742965 9.99278E-05 9.99278E-05 0.162653 9.99278E-05 9.99278E-05 0.0935822 9.99278E-05 9.99278E-05
0.161672 9.99549E-05 0.406303 0.0154634 9.99549E-05 9.99549E-05 0.283893 0.06767 9.99549E-05 0.0644985 9.99549E-05
9.99368E-05 9.99368E-05 0.712121 9.99368E-05 9.99368E-05 0.200239 9.99368E-05 0.0729298 9.99368E-05 0.0140105 9.99368E-05
9.9919E-05 9.9919E-05 0.0880116 9.9919E-05 9.9919E-05 9.9919E-05 9.9919E-05 0.911089 9.9919E-05 9.9919E-05 9.9919E-05
9.9919E-05 9.9919E-05 0.0884451 9.9919E-05 9.9919E-05 9.9919E-05 9.9919E-05 0.910656 9.9919E-05 9.9919E-05 9.9919E-05
9.9946E-05 0.651368 0.0184011 0.132666 9.9946E-05 9.9946E-05 0.012797 9.9946E-05 0.184169 9.9946E-05 9.9946E-05
9.99191E-05 9.99191E-05 0.0494911 9.99191E-05 9.99191E-05 9.99191E-05 9.99191E-05 9.99191E-05 0.94961 9.99191E-05 9.99191E-05
9.9946E-05 0.0232332 9.9946E-05 9.9946E-05 0.0257895 9.9946E-05 0.93285 9.9946E-05 9.9946E-05 0.000871126 0.0166566
9.99281E-05 0.0536861 9.99281E-05 9.99281E-05 9.99281E-05 9.99281E-05 0.929206 0.0163083 9.99281E-05 9.99281E-05 9.99281E-05
9.9937E-05 9.9937E-05 9.9937E-05 9.9937E-05 0.00666194 0.851882 9.9937E-05 0.00462694 0.13613 9.9937E-05 9.9937E-05
9.99189E-05 9.99189E-05 9.99189E-05 9.99189E-05 0.948481 9.99189E-05 9.99189E-05 0.0506197 9.99189E-05 9.99189E-05 9.99189E-05
0.0106551 0.00925875 9.99639E-05 9.99639E-05 0.0214249 0.0429421 9.99639E-05 0.174854 9.99639E-05 0.0474496 0.693016
9.9919E-05 9.9919E-05 9.9919E-05 0.0712939 9.9919E-05 9.9919E-05 9.9919E-05 9.9919E-05 9.9919E-05 9.9919E-05 0.927807
9.9946E-05 0.105398 9.9946E-05 0.0479887 0.0275364 0.31561 9.9946E-05 0.502867 9.9946E-05 9.9946E-05 9.9946E-05
9.99101E-05 9.99101E-05 9.99101E-05 9.99101E-05 9.99101E-05 9.99101E-05 9.99101E-05 9.99101E-05 9.99101E-05 9.99101E-05 0.999001
9.99459E-05 0.527092 9.99459E-05 9.99459E-05 0.0742102 0.24289 9.99459E-05 0.11136 0.0438489 9.99459E-05 9.99459E-05
0.0160568 9.9946E-05 9.9946E-05 0.178074 0.27708 9.9946E-05 9.9946E-05 0.185851 9.9946E-05 9.9946E-05 0.342339
9.9937E-05 9.9937E-05 9.9937E-05 0.0603328 0.00294666 9.9937E-05 9.9937E-05 0.0389226 9.9937E-05 9.9937E-05 0.897098
0.0257023 9.99282E-05 9.99282E-05 9.99282E-05 9.99282E-05 9.99282E-05 0.972011 9.99282E-05 9.99282E-05 0.00148753 9.99282E-05
9.99101E-05 9.99101E-05 9.99101E-05 9.99101E-05 9.99101E-05 9.99101E-05 0.999001 9.99101E-05 9.99101E-05 9.99101E-05 9.99101E-05
9.9951E-05 0.0531134 9.9951E-05 0.0285362 0.0336232 9.9951E-05 9.9951E-05 0.0781463 0.805981 9.9951E-05 9.9951E-05
0.0578459 9.9937E-05 0.0259233 0.0125917 9.9937E-05 9.9937E-05 0.90294 9.9937E-05 9.9937E-05 9.9937E-05 9.9937E-05
0.0438855 9.9937E-05 0.00907036 9.9937E-05 9.9937E-05 0.0440042 0.90234 9.9937E-05 9.9937E-05 9.9937E-05 9.9937E-05
0.240852 9.99641E-05 0.0513428 0.0195413 9.99641E-05 9.99641E-05 0.653065 9.99641E-05 0.0117678 0.0036547 0.0193761
0.153543 9.9946E-05 0.167402 0.0358252 0.0334022 9.9946E-05 0.609228 9.9946E-05 9.9946E-05 9.9946E-05 9.9946E-05
9.99102E-05 9.99102E-05 9.99102E-05 9.99102E-05 9.99102E-05 9.99102E-05 9.99102E-05 9.99102E-05 9.99102E-05 0.999001 9.99102E-05
9.99281E-05 9.99281E-05 0.0825245 9.99281E-05 0.0246399 9.99281E-05 0.892036 9.99281E-05 9.99281E-05 9.99281E-05 9.99281E-05
0.736757 9.99461E-05 0.163472 9.99461E-05 0.0202006 9.99461E-05 0.0658843 9.99461E-05 9.99461E-05 0.0130861 9.99461E-05
0.0037917 0.0190033 9.99639E-05 0.0999867 0.280153 9.99639E-05 0.0269387 0.0431888 0.526538 9.99639E-05 9.99639E-05
9.99459E-05 9.99459E-05 0.0516557 9.99459E-05 0.00573963 0.0198218 0.910745 9.99459E-05 0.011438 9.99459E-05 9.99459E-05
9.99281E-05 0.972363 9.99281E-05 9.99281E-05 0.0109545 9.99281E-05 0.0158828 9.99281E-05 9.99281E-05 9.99281E-05 9.99281E-05
9.9937E-05 0.0564373 9.9937E-05 9.9937E-05 0.0237447 9.9937E-05 9.9937E-05 0.67886 9.9937E-05 0.240258 9.9937E-05
9.99189E-05 9.99189E-05 0.00226049 9.99189E-05 0.99684 9.99189E-05 9.99189E-05 9.99189E-05 9.99189E-05 9.99189E-05 9.99189E-05
9.99458E-05 0.2134 9.99458E-05 9.99458E-05 0.178948 0.248974 0.0924549 0.265623 9.99458E-05 9.99458E-05 9.99458E-05
9.99458E-05 0.240393 9.99458E-05 9.99458E-05 0.175263 0.219642 0.0717499 0.292352 9.99458E-05 9.99458E-05 9.99458E-05
9.9937E-05 0.0588179 9.9937E-05 9.9937E-05 0.0170105 0.00872109 9.9937E-05 0.914751 9.9937E-05 9.9937E-05 9.9937E-05
9.99281E-05 9.99281E-05 9.99281E-05 9.99281E-05 9.99281E-05 0.914642 9.99281E-05 0.0632643 0.021294 9.99281E-05 9.99281E-05
0.0042998 0.0315888 9.9946E-05 0.0171781 9.9946E-05 9.9946E-05 9.9946E-05 0.915315 0.0310186 9.9946E-05 9.9946E-05
9.9964E-05 0.0260212 9.9964E-05 0.104317 9.9964E-05 0.0821095 9.9964E-05 0.474484 0.165302 0.0341344 0.113233
9.9973E-05 0.113777 9.9973E-05 0.0120524 9.9973E-05 0.120738 0.0483226 0.575786 0.0374983 0.0564018 0.0351233
0.0862406 0.186273 9.9964E-05 0.028969 0.270455 9.9964E-05 0.0534997 0.198553 0.17561 9.9964E-05 9.9964E-05
9.99195E-05 0.98784 9.99195E-05 9.99195E-05 9.99195E-05 9.99195E-05 9.99195E-05 9.99195E-05 9.99195E-05 9.99195E-05 0.0112611
0.999001 9.99101E-05 9.99101E-05 9.99101E-05 9.99101E-05 9.99101E-05 9.99101E-05 9.99101E-05 9.99101E-05 9.99101E-05 9.99101E-05
0.998017 9.99191E-05 9.99191E-05 9.99191E-05 9.99191E-05 9.99191E-05 9.99191E-05 9.99191E-05 9.99191E-05 9.99191E-05 0.00108359
0.977185 9.99281E-05 9.99281E-05 9.99281E-05 9.99281E-05 0.0152673 9.99281E-05 0.00674796 9.99281E-05 9.99281E-05 9.99281E-05
0.999001 9.99101E-05 9.99101E-05 9.99101E-05 9.99101E-05 9.99101E-05 9.99101E-05 9.99101E-05 9.99101E-05 9.99101E-05 9.99101E-05
0.999001 9.99101E-05 9.99101E-05 9.99101E-05 9.99101E-05 9.99101E-05 9.99101E-05 9.99101E-05 9.99101E-05 9.99101E-05 9.99101E-05
0.388897 9.99551E-05 0.189761 9.99551E-05 9.99551E-05 0.0854401 0.167571 9.99551E-05 9.99551E-05 0.122883 0.0449479
0.940581 0.00461158 9.9928E-05 9.9928E-05 9.9928E-05 9.9928E-05 9.9928E-05 9.9928E-05 9.9928E-05 0.0540075 9.9928E-05
9.99189E-05 0.797523 9.99189E-05 9.99189E-05 9.99189E-05 0.201578 9.99189E-05 9.99189E-05 9.99189E-05 9.99189E-05 9.99189E-05
0.0584368 9.99549E-05 0.0186219 0.00689862 9.99549E-05 0.0157 9.99549E-05 9.99549E-05 0.0193286 0.880514 9.99549E-05
9.99189E-05 9.99189E-05 9.99189E-05 9.99189E-05 0.01856 9.99189E-05 0.980541 9.99189E-05 9.99189E-05 9.99189E-05 9.99189E-05
0.0071091 0.00897122 9.9946E-05 0.0155219 9.9946E-05 0.129769 9.9946E-05 9.9946E-05 0.838029 9.9946E-05 9.9946E-05
9.99282E-05 0.0209171 9.99282E-05 9.99282E-05 9.99282E-05 0.919503 9.99282E-05 9.99282E-05 0.0587807 9.99282E-05 9.99282E-05
9.99192E-05 9.99192E-05 0.046902 9.99192E-05 9.99192E-05 9.99192E-05 9.99192E-05 9.99192E-05 0.952199 9.99192E-05 9.99192E-05
9.99189E-05 9.99189E-05 9.99189E-05 9.99189E-05 9.99189E-05 9.99189E-05 9.99189E-05 0.0954691 0.903632 9.99189E-05 9.99189E-05
9.99369E-05 9.99369E-05 9.99369E-05 0.0769027 9.99369E-05 9.99369E-05 9.99369E-05 0.0432905 0.877199 9.99369E-05 0.00190861
9.99192E-05 0.0880824 9.99192E-05 9.99192E-05 9.99192E-05 9.99192E-05 9.99192E-05 9.99192E-05 9.99192E-05 9.99192E-05 0.911018
9.99194E-05 9.99194E-05 9.99194E-05 9.99194E-05 9.99194E-05 0.0182887 0.980812 9.99194E-05 9.99194E-05 9.99194E-05 9.99194E-05
0.135769 0.00453818 0.0455861 0.0364198 0.0363046 0.0484785 0.232876 0.191091 0.0134701 0.167451 0.0880157
9.99193E-05 9.99193E-05 9.99193E-05 9.99193E-05 9.99193E-05 0.0324666 0.966634 9.99193E-05 9.99193E-05 9.99193E-05 9.99193E-05
0.0141612 9.9928E-05 9.9928E-05 9.9928E-05 0.0552191 9.9928E-05 0.92982 9.9928E-05 9.9928E-05 9.9928E-05 9.9928E-05
0.0393302 9.9946E-05 0.00938239 9.9946E-05 9.9946E-05 0.066291 0.867845 9.9946E-05 9.9946E-05 0.0165521 9.9946E-05
0.0316182 0.00122641 9.99371E-05 9.99371E-05 9.99371E-05 0.0671988 0.899257 9.99371E-05 9.99371E-05 9.99371E-05 9.99371E-05
0.00585826 0.0215226 0.0637103 0.00588628 0.0295555 9.9964E-05 0.846575 0.0264926 9.9964E-05 9.9964E-05 9.9964E-05
9.99279E-05 9.99279E-05 0.00663887 9.99279E-05 0.0373618 9.99279E-05 0.9552 9.99279E-05 9.99279E-05 9.99279E-05 9.99279E-05
0.159051 9.9928E-05 0.574121 9.9928E-05 9.9928E-05 9.9928E-05 0.266029 9.9928E-05 9.9928E-05 9.9928E-05 9.9928E-05
9.99189E-05 9.99189E-05 0.78275 9.99189E-05 9.99189E-05 9.99189E-05 0.21635 9.99189E-05 9.99189E-05 9.99189E-05 9.99189E-05
0.0129198 0.00893284 9.99461E-05 9.99461E-05 9.99461E-05 0.0201092 0.945308 0.0121303 9.99461E-05 9.99461E-05 9.99461E-05
0.0168044 9.9928E-05 9.9928E-05 0.0327924 9.9928E-05 0.949604 9.9928E-05 9.9928E-05 9.9928E-05 9.9928E-05 9.9928E-05
0.00698129 9.9919E-05 9.9919E-05 9.9919E-05 9.9919E-05 0.992119 9.9919E-05 9.9919E-05 9.9919E-05 9.9919E-05 9.9919E-05
9.99101E-05 9.99101E-05 9.99101E-05 0.999001 9.99101E-05 9.99101E-05 9.99101E-05 9.99101E-05 9.99101E-05 9.99101E-05 9.99101E-05
9.99101E-05 9.99101E-05 9.99101E-05 0.999001 9.99101E-05 9.99101E-05 9.99101E-05 9.99101E-05 9.99101E-05 9.99101E-05 9.99101E-05
9.99459E-05 0.00974242 9.99459E-05 9.99459E-05 9.99459E-05 0.0791365 0.0238049 0.83793 9.99459E-05 0.0487866 9.99459E-05
9.9955E-05 0.0184495 9.9955E-05 9.9955E-05 9.9955E-05 0.0795994 0.00571216 0.832282 0.0478253 0.0156323 9.9955E-05
9.99192E-05 9.99192E-05 0.0206428 0.978458 9.99192E-05 9.99192E-05 9.99192E-05 9.99192E-05 9.99192E-05 9.99192E-05 9.99192E-05
9.99101E-05 9.99101E-05 9.99101E-05 0.999001 9.99101E-05 9.99101E-05 9.99101E-05 9.99101E-05 9.99101E-05 9.99101E-05 9.99101E-05
0.00113018 0.965059 9.99279E-05 9.99279E-05 9.99279E-05 9.99279E-05 9.99279E-05 9.99279E-05 0.033011 9.99279E-05 9.99279E-05
9.9955E-05 0.0081218 9.9955E-05 9.9955E-05 9.9955E-05 0.544117 9.9955E-05 0.204819 0.158437 0.0167846 0.0672206
0.0424394 9.9937E-05 0.0165384 9.9937E-05 9.9937E-05 9.9937E-05 9.9937E-05 9.9937E-05 0.0123324 0.92799 9.9937E-05
9.99552E-05 9.99552E-05 9.99552E-05 0.125219 0.318242 9.99552E-05 0.0254962 0.194558 0.268551 9.99552E-05 0.0674345
9.99461E-05 0.0989286 9.99461E-05 0.129051 0.438191 9.99461E-05 9.99461E-05 9.99461E-05 0.299237 9.99461E-05 0.0339923
0.205152 9.99551E-05 0.201891 0.0220746 9.99551E-05 9.99551E-05 0.504799 9.99551E-05 9.99551E-05 0.0245886 0.040995
