9.99369E-05 0.000769301 9.99369E-05 9.99369E-05 9.99369E-05 0.0542471 9.99369E-05 9.99369E-05 0.00884821 9.99369E-05 0.935436
0.0360845 9.9955E-05 9.9955E-05 0.116846 9.9955E-05 0.0119789 0.778375 9.9955E-05 0.00307235 9.9955E-05 0.0531434
9.99554E-05 0.0258701 9.99554E-05 0.751064 0.0280861 9.99554E-05 9.99554E-05 0.0627375 0.0561955 0.0755471 9.99554E-05
9.9937E-05 0.0123168 9.9937E-05 0.951176 9.9937E-05 0.0328473 9.9937E-05 9.9937E-05 0.00296049 9.9937E-05 9.9937E-05
9.99641E-05 0.0862885 0.00441044 0.402005 9.99641E-05 0.149731 0.121871 9.99641E-05 9.99641E-05 0.212202 0.0230918
9.9937E-05 9.9937E-05 0.0141069 0.963473 9.9937E-05 0.0150139 9.9937E-05 9.9937E-05 0.0067067 9.9937E-05 9.9937E-05
9.99101E-05 9.99101E-05 9.99101E-05 9.99101E-05 9.99101E-05 9.99101E-05 9.99101E-05 9.99101E-05 9.99101E-05 0.999001 9.99101E-05
9.99461E-05 0.229469 9.99461E-05 0.417586 9.99461E-05 0.106914 0.0900399 9.99461E-05 9.99461E-05 0.155391 9.99461E-05
0.0481824 9.99278E-05 9.99278E-05 9.99278E-05 9.99278E-05 9.99278E-05 0.0419654 9.99278E-05 9.99278E-05 0.909053 9.99278E-05
9.99189E-05 9.99189E-05 9.99189E-05 9.99189E-05 9.99189E-05 0.854292 9.99189E-05 9.99189E-05 9.99189E-05 0.144808 9.99189E-05
9.9919E-05 9.9919E-05 9.9919E-05 9.9919E-05 9.9919E-05 0.859366 9.9919E-05 9.9919E-05 9.9919E-05 0.139735 9.9919E-05
0.0371106 9.9946E-05 9.9946E-05 0.0293068 9.9946E-05 9.9946E-05 9.9946E-05 0.135166 0.115896 9.9946E-05 0.681921
9.99191E-05 9.99191E-05 9.99191E-05 9.99191E-05 9.99191E-05 9.99191E-05 9.99191E-05 0.932338 9.99191E-05 0.0667632 9.99191E-05
9.9937E-05 9.9937E-05 9.9937E-05 0.94189 0.00879355 9.9937E-05 0.00520933 9.9937E-05 9.9937E-05 9.9937E-05 0.0434073
9.99191E-05 9.99191E-05 9.99191E-05 0.944478 9.99191E-05 9.99191E-05 9.99191E-05 9.99191E-05 9.99191E-05 9.99191E-05 0.0546226
0.784166 9.9928E-05 9.9928E-05 9.9928E-05 9.9928E-05 0.0304679 9.9928E-05 0.184567 9.9928E-05 9.9928E-05 9.9928E-05
0.0967705 9.99461E-05 9.99461E-05 9.99461E-05 0.0753729 0.354354 9.99461E-05 0.196864 0.276039 9.99461E-05 9.99461E-05
0.0662187 0.0187033 9.99549E-05 9.99549E-05 0.715291 0.0953194 0.079952 9.99549E-05 9.99549E-05 9.99549E-05 0.0240163
9.99371E-05 9.99371E-05 0.100736 9.99371E-05 0.853028 9.99371E-05 9.99371E-05 0.00982113 0.0357158 9.99371E-05 9.99371E-05
0.380106 9.9937E-05 9.9937E-05 9.9937E-05 9.9937E-05 0.458377 9.9937E-05 9.9937E-05 0.0484166 9.9937E-05 0.112401
9.9919E-05 9.9919E-05 0.0231623 9.9919E-05 0.975938 9.9919E-05 9.9919E-05 9.9919E-05 9.9919E-05 9.9919E-05 9.9919E-05
0.292969 9.9937E-05 9.9937E-05 9.9937E-05 9.9937E-05 0.141983 9.9937E-05 0.0580257 9.9937E-05 9.9937E-05 0.506323
9.9937E-05 0.0187195 9.9937E-05 9.9937E-05 0.429873 0.295509 9.9937E-05 9.9937E-05 0.255199 9.9937E-05 9.9937E-05
9.99279E-05 9.99279E-05 9.99279E-05 9.99279E-05 0.903649 0.0724775 9.99279E-05 9.99279E-05 0.0230737 9.99279E-05 9.99279E-05
9.99102E-05 9.99102E-05 9.99102E-05 0.999001 9.99102E-05 9.99102E-05 9.99102E-05 9.99102E-05 9.99102E-05 9.99102E-05 9.99102E-05
9.99101E-05 9.99101E-05 9.99101E-05 0.999001 9.99101E-05 9.99101E-05 9.99101E-05 9.99101E-05 9.99101E-05 9.99101E-05 9.99101E-05
0.00330601 9.99459E-05 9.99459E-05 9.99459E-05 9.99459E-05 0.0784547 9.99459E-05 0.838109 0.0299821 9.99459E-05 0.0495485
0.00450469 0.0759576 9.9937E-05 0.90746 9.9937E-05 9.9937E-05 9.9937E-05 0.0113779 9.9937E-05 9.9937E-05 9.9937E-05
0.0356421 0.0570441 9.9928E-05 0.906514 9.9928E-05 9.9928E-05 9.9928E-05 9.9928E-05 9.9928E-05 9.9928E-05 9.9928E-05
9.99551E-05 0.209027 0.0565388 0.676256 9.99551E-05 9.99551E-05 0.0173051 0.0259686 0.0144052 9.99551E-05 9.99551E-05
9.99461E-05 0.215647 9.99461E-05 0.644024 9.99461E-05 0.036844 9.99461E-05 9.99461E-05 0.0381254 0.0647605 9.99461E-05
9.99102E-05 9.99102E-05 9.99102E-05 9.99102E-05 9.99102E-05 9.99102E-05 0.999001 9.99102E-05 9.99102E-05 9.99102E-05 9.99102E-05
0.0376869 9.99192E-05 9.99192E-05 0.961414 9.99192E-05 9.99192E-05 9.99192E-05 9.99192E-05 9.99192E-05 9.99192E-05 9.99192E-05
9.99372E-05 0.809581 9.99372E-05 0.137269 9.99372E-05 9.99372E-05 0.0034582 9.99372E-05 9.99372E-05 0.0489923 9.99372E-05
9.99549E-05 0.0356608 9.99549E-05 0.0340361 9.99549E-05 0.0843543 9.99549E-05 0.640836 0.180428 9.99549E-05 0.0241851
0.0303284 9.99369E-05 9.99369E-05 0.946149 9.99369E-05 9.99369E-05 9.99369E-05 0.00109264 9.99369E-05 0.0217303 9.99369E-05
9.9919E-05 9.9919E-05 9.9919E-05 0.0107342 9.9919E-05 9.9919E-05 9.9919E-05 9.9919E-05 9.9919E-05 9.9919E-05 0.988367
9.99459E-05 9.99459E-05 0.0434978 0.0301826 9.99459E-05 0.672701 0.178414 9.99459E-05 9.99459E-05 9.99459E-05 0.0746045
0.0327741 9.99551E-05 9.99551E-05 0.140217 0.0557448 0.229034 9.99551E-05 0.188978 0.352752 9.99551E-05 9.99551E-05
0.34336 9.99459E-05 9.99459E-05 0.0889709 9.99459E-05 0.316419 9.99459E-05 9.99459E-05 0.0146016 9.99459E-05 0.236049
0.358484 9.99639E-05 9.99639E-05 0.0463416 0.00586941 0.289086 0.0433308 9.99639E-05 0.00329032 9.99639E-05 0.253198
0.0346668 9.99369E-05 9.99369E-05 9.99369E-05 9.99369E-05 0.903555 9.99369E-05 0.0071468 9.99369E-05 9.99369E-05 0.0539316
0.894075 9.9937E-05 9.9937E-05 9.9937E-05 9.9937E-05 9.9937E-05 9.9937E-05 0.0641324 9.9937E-05 0.0350661 0.00602667
9.9928E-05 9.9928E-05 9.9928E-05 9.9928E-05 9.9928E-05 0.925312 9.9928E-05 0.0287837 9.9928E-05 9.9928E-05 0.0451046
0.0624989 9.99639E-05 9.99639E-05 9.99639E-05 0.107281 0.459534 0.0536796 0.193666 0.0791389 9.99639E-05 0.0438015
0.14157 9.9973E-05 0.107142 0.0565513 9.9973E-05 0.501622 0.0412093 0.0236448 0.0276308 9.9973E-05 0.10033
9.9973E-05 0.0418172 0.00892063 0.0951107 9.9973E-05 0.333749 9.9973E-05 0.234627 0.0738012 0.0214849 0.19019
9.99106E-05 9.99106E-05 9.99106E-05 9.99106E-05 9.99106E-05 9.99106E-05 9.99106E-05 9.99106E-05 9.99106E-05 9.99106E-05 0.999001
9.99101E-05 0.999001 9.99101E-05 9.99101E-05 9.99101E-05 9.99101E-05 9.99101E-05 9.99101E-05 9.99101E-05 9.99101E-05 9.99101E-05
9.99101E-05 0.999001 9.99101E-05 9.99101E-05 9.99101E-05 9.99101E-05 9.99101E-05 9.99101E-05 9.99101E-05 9.99101E-05 9.99101E-05
9.99191E-05 0.989697 9.99191E-05 9.99191E-05 9.99191E-05 0.00940366 9.99191E-05 9.99191E-05 9.99191E-05 9.99191E-05 9.99191E-05
9.99101E-05 0.999001 9.99101E-05 9.99101E-05 9.99101E-05 9.99101E-05 9.99101E-05 9.99101E-05 9.99101E-05 9.99101E-05 9.99101E-05
9.99191E-05 0.991336 9.99191E-05 0.00776464 9.99191E-05 9.99191E-05 9.99191E-05 9.99191E-05 9.99191E-05 9.99191E-05 9.99191E-05
0.0334678 0.522594 9.99552E-05 0.205094 0.0291634 0.0725967 9.99552E-05 9.99552E-05 9.99552E-05 0.136584 9.99552E-05
0.0101463 0.920295 9.9928E-05 9.9928E-05 9.9928E-05 9.9928E-05 0.0687595 9.9928E-05 9.9928E-05 9.9928E-05 9.9928E-05
0.194534 9.99279E-05 9.99279E-05 9.99279E-05 9.99279E-05 9.99279E-05 9.99279E-05 0.000965405 9.99279E-05 9.99279E-05 0.803702
9.99369E-05 0.0538946 9.99369E-05 9.99369E-05 9.99369E-05 9.99369E-05 0.904637 9.99369E-05 0.0158145 0.0249542 9.99369E-05
9.9928E-05 9.9928E-05 9.9928E-05 0.996033 0.00259742 9.9928E-05 9.9928E-05 9.9928E-05 9.9928E-05 9.9928E-05 0.000570074
0.11972 9.9937E-05 9.9937E-05 9.9937E-05 9.9937E-05 9.9937E-05 9.9937E-05 0.824278 0.0108398 9.9937E-05 0.0444627
0.938901 9.99282E-05 0.00215628 9.99282E-05 9.99282E-05 9.99282E-05 9.99282E-05 0.0581432 9.99282E-05 9.99282E-05 9.99282E-05
9.99191E-05 9.99191E-05 9.99191E-05 9.99191E-05 9.99191E-05 9.99191E-05 9.99191E-05 0.896828 9.99191E-05 0.102273 9.99191E-05
0.0158712 9.99279E-05 9.99279E-05 9.99279E-05 9.99279E-05 0.0991982 9.99279E-05 0.884131 9.99279E-05 9.99279E-05 9.99279E-05
9.99279E-05 9.99279E-05 9.99279E-05 9.99279E-05 9.99279E-05 0.0690351 9.99279E-05 0.890256 0.0399092 9.99279E-05 9.99279E-05
9.99101E-05 9.99101E-05 0.999001 9.99101E-05 9.99101E-05 9.99101E-05 9.99101E-05 9.99101E-05 9.99101E-05 9.99101E-05 9.99101E-05
0.00323434 9.99193E-05 9.99193E-05 0.995866 9.99193E-05 9.99193E-05 9.99193E-05 9.99193E-05 9.99193E-05 9.99193E-05 9.99193E-05
0.108559 0.10254 0.0339269 0.205973 0.0199476 0.136407 0.0647452 0.0524653 0.148312 9.9991E-05 0.127024
0.037387 9.99194E-05 9.99194E-05 0.961714 9.99194E-05 9.99194E-05 9.99194E-05 9.99194E-05 9.99194E-05 9.99194E-05 9.99194E-05
9.9937E-05 9.9937E-05 9.9937E-05 0.916007 9.9937E-05 9.9937E-05 0.0150895 9.9937E-05 9.9937E-05 0.0195943 0.0486096
0.056248 0.0477026 9.9937E-05 0.892341 9.9937E-05 9.9937E-05 0.00300897 9.9937E-05 9.9937E-05 9.9937E-05 9.9937E-05
0.0481723 9.99281E-05 9.99281E-05 0.922727 9.99281E-05 9.99281E-05 0.0283013 9.99281E-05 9.99281E-05 9.99281E-05 9.99281E-05
9.99371E-05 9.99371E-05 9.99371E-05 0.881776 9.99371E-05 0.0691431 0.00980446 9.99371E-05 9.99371E-05 0.0385771 9.99371E-05
0.0116254 9.9946E-05 9.9946E-05 0.966563 9.9946E-05 9.9946E-05 9.9946E-05 0.00199198 0.0148364 0.00438373 9.9946E-05
9.99283E-05 0.29405 9.99283E-05 0.456761 9.99283E-05 9.99283E-05 9.99283E-05 9.99283E-05 9.99283E-05 0.248389 9.99283E-05
9.99372E-05 0.143272 0.0175267 0.419354 9.99372E-05 9.99372E-05 9.99372E-05 9.99372E-05 9.99372E-05 0.419148 9.99372E-05
0.0187028 0.0618103 9.9946E-05 0.885774 0.000950401 0.0321627 9.9946E-05 9.9946E-05 9.9946E-05 9.9946E-05 9.9946E-05
0.974398 0.00648132 9.99279E-05 0.0183216 9.99279E-05 9.99279E-05 9.99279E-05 9.99279E-05 9.99279E-05 9.99279E-05 9.99279E-05
0.975227 0.0238741 9.9919E-05 9.9919E-05 9.9919E-05 9.9919E-05 9.9919E-05 9.9919E-05 9.9919E-05 9.9919E-05 9.9919E-05
9.9919E-05 9.9919E-05 9.9919E-05 9.9919E-05 9.9919E-05 9.9919E-05 9.9919E-05 9.9919E-05 0.996753 9.9919E-05 0.00234725
9.99101E-05 9.99101E-05 9.99101E-05 9.99101E-05 9.99101E-05 9.99101E-05 9.99101E-05 9.99101E-05 0.999001 9.99101E-05 9.99101E-05
0.131331 9.99459E-05 9.99459E-05 9.99459E-05 9.99459E-05 0.776768 0.0737201 0.00839982 9.99459E-05 9.99459E-05 0.00918126
0.186784 9.9955E-05 0.000855648 9.9955E-05 9.9955E-05 0.723008 0.0668662 0.00837713 9.9955E-05 9.9955E-05 0.0136095
9.99101E-05 9.99101E-05 9.99101E-05 9.99101E-05 9.99101E-05 9.99101E-05 9.99101E-05 9.99101E-05 0.999001 9.99101E-05 9.99101E-05
9.99101E-05 9.99101E-05 9.99101E-05 9.99101E-05 9.99101E-05 9.99101E-05 9.99101E-05 9.99101E-05 0.999001 9.99101E-05 9.99101E-05
9.99369E-05 0.0159298 9.99369E-05 9.99369E-05 9.99369E-05 9.99369E-05 0.0227574 0.0263879 9.99369E-05 9.99369E-05 0.934225
0.562165 9.9964E-05 9.9964E-05 9.9964E-05 0.073505 0.146669 0.0281024 0.128806 9.9964E-05 0.0573938 0.00295909
9.9928E-05 0.0299737 9.9928E-05 9.9928E-05 9.9928E-05 9.9928E-05 0.911309 9.9928E-05 9.9928E-05 0.0579175 9.9928E-05
9.994E-05 9.994E-05 9.994E-05 0.0518338 0.0894344 0.295397 9.994E-05 0.367791 0.194944 9.994E-05 9.994E-05
0.0327954 9.99462E-05 9.99462E-05 9.99462E-05 0.0853746 9.99462E-05 9.99462E-05 0.425905 0.281662 9.99462E-05 0.173663
9.99551E-05 0.205444 9.99551E-05 0.559825 0.0414398 9.99551E-05 0.0112468 9.99551E-05 0.0343687 0.147176 9.99551E-05
