9.9973E-05 9.9973E-05 0.986144 9.9973E-05 0.0135559
9.9973E-05 9.9973E-05 0.522151 0.477549 9.9973E-05
0.000960868 0.0230575 9.99911E-05 0.826406 0.149475
9.9973E-05 0.0375253 9.9973E-05 0.962175 9.9973E-05
9.99731E-05 9.99731E-05 0.343958 0.655743 9.99731E-05
9.997E-05 9.997E-05 9.997E-05 0.9996 9.997E-05
9.99821E-05 9.99821E-05 0.237463 0.281148 0.481189
9.99821E-05 0.00934652 0.195114 0.79534 9.99821E-05
9.99821E-05 9.99821E-05 0.389914 0.306213 0.303673
9.99731E-05 0.0412575 0.958443 9.99731E-05 9.99731E-05
9.99731E-05 0.0805094 0.919191 9.99731E-05 9.99731E-05
9.9982E-05 0.14116 0.595247 9.9982E-05 0.263394
9.9973E-05 9.9973E-05 9.9973E-05 0.00265108 0.997049
0.0240749 0.0159884 9.9991E-05 0.957686 0.00215101
9.9973E-05 9.9973E-05 0.0396378 0.960062 9.9973E-05
9.9982E-05 9.9982E-05 0.615638 0.0251593 0.359003
0.0887523 0.322581 0.397224 9.9991E-05 0.191343
0.708193 9.9982E-05 0.258556 0.0330509 9.9982E-05
0.913604 0.086096 9.9973E-05 9.9973E-05 9.9973E-05
9.9982E-05 0.13334 0.804044 9.9982E-05 0.0624153
0.9996 9.997E-05 9.997E-05 9.997E-05 9.997E-05
9.9982E-05 0.00226789 0.841951 9.9982E-05 0.155581
0.402718 0.341922 0.209814 0.0454454 9.9991E-05
0.895893 0.103807 9.9973E-05 9.9973E-05 9.9973E-05
9.997E-05 9.997E-05 9.997E-05 0.9996 9.997E-05
9.997E-05 9.997E-05 9.997E-05 0.9996 9.997E-05
9.99819E-05 0.0525389 0.154531 9.99819E-05 0.79273
9.997E-05 9.997E-05 9.997E-05 0.9996 9.997E-05
9.9973E-05 9.9973E-05 9.9973E-05 0.979874 0.0198259
0.0268272 9.9991E-05 0.0514755 0.900472 0.0211251
9.9982E-05 0.0643447 9.9982E-05 0.929679 0.00577618
9.99732E-05 9.99732E-05 0.496729 0.502971 9.99732E-05
9.99731E-05 9.99731E-05 9.99731E-05 0.977686 0.0220138
9.99731E-05 9.99731E-05 0.225781 0.77392 9.99731E-05
9.9991E-05 0.198161 0.182164 0.0518573 0.567718
9.99729E-05 9.99729E-05 9.99729E-05 0.980359 0.0193407
9.9991E-05 0.0160416 0.885403 0.00281603 0.095639
0.0371598 9.9982E-05 0.882424 0.0802158 9.9982E-05
0.0599342 0.375147 0.207427 0.139143 0.218349
9.9982E-05 0.0440222 0.904807 0.050971 9.9982E-05
9.9982E-05 0.0763267 0.896836 0.0266375 9.9982E-05
0.0241028 0.0406183 0.935079 9.9982E-05 9.9982E-05
9.9973E-05 9.9973E-05 0.741902 9.9973E-05 0.257798
9.9982E-05 0.105112 0.877594 9.9982E-05 0.017094
0.119367 0.142492 0.583358 9.9991E-05 0.154682
0.0540628 0.0641967 0.749664 0.0473248 0.0847517
9.9991E-05 0.125593 0.502423 0.143986 0.227898
0.034852 9.99733E-05 0.964848 9.99733E-05 9.99733E-05
0.000845609 9.9982E-05 0.238201 0.760753 9.9982E-05
0.0330316 9.9982E-05 0.247251 0.719517 9.9982E-05
0.0309291 9.9982E-05 0.228398 0.740473 9.9982E-05
0.0275635 9.9982E-05 0.197821 0.774415 9.9982E-05
9.9973E-05 9.9973E-05 0.186231 0.813469 9.9973E-05
0.0313285 9.99821E-05 0.28521 0.683262 9.99821E-05
9.9973E-05 9.9973E-05 0.289069 0.710632 9.9973E-05
9.9973E-05 9.9973E-05 0.876003 9.9973E-05 0.123697
9.9973E-05 9.9973E-05 0.487008 0.512692 9.9973E-05
9.997E-05 9.997E-05 9.997E-05 0.9996 9.997E-05
9.9982E-05 0.0272282 0.0530577 9.9982E-05 0.919514
9.9991E-05 0.00822087 0.561349 0.0378612 0.392469
9.997E-05 9.997E-05 9.997E-05 9.997E-05 0.9996
9.99729E-05 9.99729E-05 0.0940626 9.99729E-05 0.905638
0.0100458 0.0758584 0.026393 9.9991E-05 0.887603
0.937526 9.99821E-05 0.0445856 0.0176888 9.99821E-05
9.997E-05 9.997E-05 9.997E-05 0.9996 9.997E-05
0.0165494 0.0922462 0.272805 0.451364 0.167035
9.99731E-05 9.99731E-05 9.99731E-05 0.963055 0.0366454
9.9973E-05 9.9973E-05 9.9973E-05 0.978628 0.0210716
9.9973E-05 9.9973E-05 9.9973E-05 0.964186 0.0355139
0.00317558 9.9982E-05 9.9982E-05 0.973803 0.0228218
9.9982E-05 0.0236699 0.0429002 0.93323 9.9982E-05
9.99729E-05 9.99729E-05 9.99729E-05 0.986746 0.0129538
9.99732E-05 9.99732E-05 0.0703579 0.929342 9.99732E-05
9.99732E-05 9.99732E-05 9.99732E-05 0.80445 0.19525
9.9973E-05 9.9973E-05 9.9973E-05 0.987634 0.0120665
9.9991E-05 0.0354404 0.755885 0.0891236 0.119451
9.9991E-05 0.0281283 0.669898 0.137119 0.164755
9.997E-05 0.9996 9.997E-05 9.997E-05 9.997E-05
9.997E-05 0.9996 9.997E-05 9.997E-05 9.997E-05
9.9982E-05 0.0359601 0.936689 0.0271508 9.9982E-05
0.00602073 0.0308675 0.919613 9.9991E-05 0.0433983
9.997E-05 0.9996 9.997E-05 9.997E-05 9.997E-05
9.997E-05 0.9996 9.997E-05 9.997E-05 9.997E-05
9.9973E-05 9.9973E-05 0.872726 9.9973E-05 0.126974
0.0510356 9.9982E-05 0.687876 9.9982E-05 0.260888
9.9973E-05 9.9973E-05 0.519387 0.480313 9.9973E-05
0.107052 0.276874 0.176132 0.0510189 0.388922
0.0680662 0.31309 0.164758 9.9991E-05 0.453987
0.0622999 0.038948 9.9991E-05 0.867103 0.0315488
