0.0300809 9.9973E-05 9.9973E-05 0.969619 9.9973E-05
0.0195721 9.9991E-05 0.283795 0.367006 0.329527
0.0913673 0.0342012 0.762473 9.99911E-05 0.111858
0.0272703 9.9973E-05 0.97243 9.9973E-05 9.9973E-05
0.00743067 9.9991E-05 0.464222 0.237778 0.290469
0.00804119 9.9973E-05 0.991659 9.9973E-05 9.9973E-05
9.99821E-05 9.99821E-05 0.0460223 0.605192 0.348586
0.0452462 9.9991E-05 0.415228 0.0773966 0.462029
9.99821E-05 9.99821E-05 0.0284353 0.544593 0.426771
0.13521 9.9982E-05 9.9982E-05 0.687835 0.176756
0.0727705 9.9982E-05 9.9982E-05 0.832768 0.0942613
0.157529 9.9982E-05 0.0557138 0.786557 9.9982E-05
9.99732E-05 9.99732E-05 0.0504527 0.949247 9.99732E-05
9.9973E-05 0.0215947 0.978105 9.9973E-05 9.9973E-05
9.9982E-05 0.0148529 0.964083 0.0208645 9.9982E-05
0.0574482 9.9991E-05 0.0362132 0.876757 0.0294819
0.389874 0.081407 0.0360915 0.492528 9.9991E-05
9.9982E-05 0.708329 9.9982E-05 0.194231 0.0972398
0.107789 0.891911 9.9973E-05 9.9973E-05 9.9973E-05
0.165036 9.9982E-05 9.9982E-05 0.811377 0.0233863
9.9973E-05 0.998308 0.00139163 9.9973E-05 9.9973E-05
0.0479688 9.9982E-05 0.0364356 0.915396 9.9982E-05
0.398829 0.433219 9.9991E-05 0.105274 0.0625783
0.0975998 0.9021 9.9973E-05 9.9973E-05 9.9973E-05
9.997E-05 9.997E-05 0.9996 9.997E-05 9.997E-05
9.997E-05 9.997E-05 0.9996 9.997E-05 9.997E-05
0.0880699 9.9973E-05 9.9973E-05 0.91163 9.9973E-05
9.9973E-05 9.9973E-05 0.914067 9.9973E-05 0.0856336
9.9982E-05 9.9982E-05 0.938193 0.000469213 0.061138
0.0342697 0.0312029 0.679774 0.000941865 0.253812
0.0334766 0.000354926 0.609605 9.9991E-05 0.356464
9.99821E-05 9.99821E-05 0.105757 0.262325 0.631718
0.0192834 9.99731E-05 0.980417 9.99731E-05 9.99731E-05
9.9973E-05 9.9973E-05 0.138304 9.9973E-05 0.861396
0.24665 9.9982E-05 0.0836869 0.669463 9.9982E-05
9.9973E-05 9.9973E-05 0.996585 0.00311535 9.9973E-05
0.0431483 9.99821E-05 0.0774867 0.879165 9.99821E-05
0.0179222 0.0440716 0.0130133 0.746923 0.17807
0.423627 0.0668952 0.136684 0.372694 9.9991E-05
0.0787339 9.99819E-05 0.136004 0.785062 9.99819E-05
0.0599257 0.0295284 0.128827 0.781619 9.9991E-05
0.0988196 0.0206253 9.9991E-05 0.841173 0.0392822
9.9973E-05 9.9973E-05 9.9973E-05 0.93105 0.0686499
0.14559 9.9982E-05 9.9982E-05 0.771162 0.0830486
0.177422 0.142682 9.9991E-05 0.654924 0.0248718
0.0752865 0.0614301 0.041679 0.706755 0.11485
0.143883 9.9991E-05 0.115634 0.696453 0.0439305
9.99822E-05 0.0449397 9.99822E-05 0.953139 0.00172143
9.997E-05 9.997E-05 9.997E-05 9.997E-05 0.9996
9.997E-05 9.997E-05 9.997E-05 9.997E-05 0.9996
9.997E-05 9.997E-05 9.997E-05 9.997E-05 0.9996
9.997E-05 9.997E-05 9.997E-05 9.997E-05 0.9996
9.997E-05 9.997E-05 9.997E-05 9.997E-05 0.9996
9.9991E-05 0.0253843 0.29045 0.114427 0.569638
9.997E-05 9.997E-05 9.997E-05 9.997E-05 0.9996
9.997E-05 9.997E-05 9.997E-05 0.9996 9.997E-05
0.00602921 9.9991E-05 0.0851939 0.31284 0.595837
9.997E-05 9.997E-05 0.9996 9.997E-05 9.997E-05
0.0536559 9.99731E-05 9.99731E-05 0.946044 9.99731E-05
0.0150917 9.9982E-05 0.0890094 0.895699 9.9982E-05
9.997E-05 9.997E-05 9.997E-05 0.9996 9.997E-05
9.997E-05 9.997E-05 9.997E-05 0.9996 9.997E-05
0.108179 0.0069028 9.9982E-05 0.884718 9.9982E-05
9.99821E-05 0.882011 9.99821E-05 0.100425 0.0173637
9.997E-05 9.997E-05 0.9996 9.997E-05 9.997E-05
0.163484 0.0566253 0.221348 0.485505 0.0730374
9.99731E-05 9.99731E-05 0.992764 9.99731E-05 0.00693581
9.9973E-05 9.9973E-05 0.98607 0.0136302 9.9973E-05
9.9982E-05 9.9982E-05 0.913364 0.00388776 0.0825479
9.9982E-05 0.0226131 0.929963 9.9982E-05 0.0472236
0.0231819 9.9982E-05 0.943458 0.0331604 9.9982E-05
0.00290067 9.9982E-05 0.993584 9.9982E-05 0.00331489
9.99821E-05 9.99821E-05 0.506515 0.00253753 0.490748
9.99822E-05 9.99822E-05 0.516136 0.0702067 0.413457
9.9982E-05 9.9982E-05 0.992649 0.00408048 0.00307104
0.0671011 9.9991E-05 0.05027 0.75997 0.122559
0.0563606 9.9991E-05 0.0434765 0.742501 0.157562
0.9996 9.997E-05 9.997E-05 9.997E-05 9.997E-05
0.9996 9.997E-05 9.997E-05 9.997E-05 9.997E-05
0.0699531 9.99819E-05 9.99819E-05 0.800079 0.129768
0.0514586 0.00127689 9.9991E-05 0.836966 0.110198
0.998886 9.9973E-05 9.9973E-05 9.9973E-05 0.000813585
0.9996 9.997E-05 9.997E-05 9.997E-05 9.997E-05
9.997E-05 9.997E-05 9.997E-05 0.9996 9.997E-05
9.9982E-05 0.0552363 9.9982E-05 0.915268 0.0292957
9.9982E-05 9.9982E-05 0.0880013 0.266893 0.644906
0.277987 0.152195 0.0705383 0.499179 9.9991E-05
0.362188 0.0532006 9.99821E-05 0.584411 9.99821E-05
0.0155305 0.0466111 0.625016 9.9991E-05 0.312743
