9.99279E-05 9.99279E-05 9.99279E-05 9.99279E-05 9.99279E-05 9.99279E-05 0.938875 9.99279E-05 9.99279E-05 0.0603253
0.620068 9.99458E-05 9.99458E-05 9.99458E-05 0.170802 0.0593117 0.149218 9.99458E-05 9.99458E-05 9.99458E-05
0.00354627 0.0275697 0.015694 9.99644E-05 0.852412 9.99644E-05 9.99644E-05 0.0560663 0.0443123 9.99644E-05
9.9928E-05 9.9928E-05 9.9928E-05 9.9928E-05 0.948606 9.9928E-05 9.9928E-05 9.9928E-05 0.0505946 9.9928E-05
0.517418 9.99641E-05 9.99641E-05 0.0816385 0.348889 0.0305786 0.00386276 9.99641E-05 9.99641E-05 0.0172132
9.9937E-05 9.9937E-05 9.9937E-05 0.0163313 0.957876 0.0250928 9.9937E-05 9.9937E-05 9.9937E-05 9.9937E-05
0.710074 9.99281E-05 9.99281E-05 9.99281E-05 9.99281E-05 9.99281E-05 9.99281E-05 0.289126 9.99281E-05 9.99281E-05
0.408957 0.19531 9.9955E-05 9.9955E-05 0.370711 0.00332766 9.9955E-05 9.9955E-05 0.021194 9.9955E-05
0.758284 9.9937E-05 9.9937E-05 9.9937E-05 9.9937E-05 9.9937E-05 9.9937E-05 0.235434 9.9937E-05 0.00558237
0.0158087 9.99282E-05 9.99282E-05 9.99282E-05 9.99282E-05 9.99282E-05 9.99282E-05 9.99282E-05 9.99282E-05 0.983392
9.99201E-05 9.99201E-05 9.99201E-05 9.99201E-05 9.99201E-05 9.99201E-05 9.99201E-05 9.99201E-05 9.99201E-05 0.999101
9.9955E-05 9.9955E-05 9.9955E-05 0.0238547 0.000879729 9.9955E-05 0.693026 0.157234 0.124506 9.9955E-05
9.99281E-05 9.99281E-05 9.99281E-05 0.035491 9.99281E-05 9.99281E-05 9.99281E-05 0.96371 9.99281E-05 9.99281E-05
9.99461E-05 9.99461E-05 9.99461E-05 0.0146722 0.944733 0.0378481 0.00214735 9.99461E-05 9.99461E-05 9.99461E-05
9.9928E-05 9.9928E-05 9.9928E-05 9.9928E-05 0.955512 9.9928E-05 0.0436882 9.9928E-05 9.9928E-05 9.9928E-05
0.00580194 0.00159782 9.9973E-05 9.9973E-05 0.0245603 0.0142558 0.117997 0.413795 9.9973E-05 0.421692
9.99279E-05 9.99279E-05 9.99279E-05 9.99279E-05 9.99279E-05 0.926402 9.99279E-05 9.99279E-05 9.99279E-05 0.0727986
0.0412806 0.0252851 0.722244 9.99549E-05 9.99549E-05 9.99549E-05 0.0653927 9.99549E-05 9.99549E-05 0.145298
9.9928E-05 9.9928E-05 0.913519 9.9928E-05 9.9928E-05 9.9928E-05 9.9928E-05 9.9928E-05 0.0856817 9.9928E-05
9.996E-05 9.996E-05 9.996E-05 0.131187 9.996E-05 0.0299462 0.154382 0.00938066 0.0295573 0.645146
9.9928E-05 9.9928E-05 0.996621 9.9928E-05 0.0025792 9.9928E-05 9.9928E-05 9.9928E-05 9.9928E-05 9.9928E-05
9.99459E-05 9.99459E-05 9.99459E-05 9.99459E-05 9.99459E-05 0.0582296 0.590619 0.111084 9.99459E-05 0.239468
9.9964E-05 0.00880039 0.379501 0.0863141 9.9964E-05 0.250186 9.9964E-05 9.9964E-05 0.118676 0.156122
9.99369E-05 9.99369E-05 0.846758 0.146538 9.99369E-05 9.99369E-05 9.99369E-05 9.99369E-05 0.00600478 9.99369E-05
9.99281E-05 0.000348598 9.99281E-05 9.99281E-05 0.998852 9.99281E-05 9.99281E-05 9.99281E-05 9.99281E-05 9.99281E-05
9.99201E-05 9.99201E-05 9.99201E-05 9.99201E-05 0.999101 9.99201E-05 9.99201E-05 9.99201E-05 9.99201E-05 9.99201E-05
9.99549E-05 9.99549E-05 9.99549E-05 9.99549E-05 9.99549E-05 0.0249118 0.0509132 0.77558 0.0835291 0.0645662
9.9928E-05 0.0721276 9.9928E-05 9.9928E-05 0.927073 9.9928E-05 9.9928E-05 9.9928E-05 9.9928E-05 9.9928E-05
9.9937E-05 0.0682436 9.9937E-05 9.9937E-05 0.916783 9.9937E-05 9.9937E-05 0.0142737 9.9937E-05 9.9937E-05
0.0183584 0.242628 0.0453064 0.0232277 0.663004 9.99641E-05 9.99641E-05 9.99641E-05 0.0070759 9.99641E-05
0.0985422 0.209818 9.9955E-05 0.035984 0.624612 0.030544 9.9955E-05 9.9955E-05 9.9955E-05 9.9955E-05
0.90893 0.0386144 9.99371E-05 9.99371E-05 9.99371E-05 9.99371E-05 0.0517565 9.99371E-05 9.99371E-05 9.99371E-05
0.000436597 9.99461E-05 9.99461E-05 9.99461E-05 0.958989 0.0376529 9.99461E-05 9.99461E-05 0.0023217 9.99461E-05
0.106054 0.813992 9.99462E-05 9.99462E-05 0.0550483 0.0243064 9.99462E-05 9.99462E-05 9.99462E-05 9.99462E-05
9.99729E-05 0.00295121 9.99729E-05 0.0866461 0.0199298 0.259025 0.0400424 0.494146 0.0969601 9.99729E-05
0.00839385 9.99549E-05 9.99549E-05 0.01255 0.949837 0.0207079 0.0080113 9.99549E-05 9.99549E-05 9.99549E-05
9.9937E-05 9.9937E-05 9.9937E-05 0.063245 0.00581103 9.9937E-05 0.930244 9.9937E-05 9.9937E-05 9.9937E-05
0.189924 9.9964E-05 0.0164936 9.9964E-05 0.0226512 0.0362251 0.0694691 9.9964E-05 9.9964E-05 0.664837
9.9928E-05 9.9928E-05 9.9928E-05 9.9928E-05 0.00284836 0.996352 9.9928E-05 9.9928E-05 9.9928E-05 9.9928E-05
9.99459E-05 9.99459E-05 9.99459E-05 9.99459E-05 0.103904 0.138783 0.298404 9.99459E-05 9.99459E-05 0.458309
9.99549E-05 9.99549E-05 0.0137756 9.99549E-05 0.0392187 0.105873 0.342992 9.99549E-05 9.99549E-05 0.497641
9.99279E-05 9.99279E-05 9.99279E-05 0.0788916 9.99279E-05 9.99279E-05 9.99279E-05 9.99279E-05 9.99279E-05 0.920309
0.0866846 9.9946E-05 9.9946E-05 9.9946E-05 9.9946E-05 9.9946E-05 0.156422 0.325166 9.9946E-05 0.431128
9.99279E-05 9.99279E-05 9.99279E-05 0.121202 9.99279E-05 9.99279E-05 9.99279E-05 9.99279E-05 9.99279E-05 0.877999
9.99639E-05 0.0134405 0.0703617 0.288648 9.99639E-05 9.99639E-05 9.99639E-05 0.106389 0.0118523 0.508909
0.00689686 9.9964E-05 0.0018502 0.232194 0.0330504 9.9964E-05 0.0914412 9.9964E-05 9.9964E-05 0.634167
9.997E-05 0.0853229 9.997E-05 0.346794 0.0304196 0.122049 0.139987 0.0876121 9.997E-05 0.187516
9.99284E-05 9.99284E-05 0.0199498 9.99284E-05 9.99284E-05 9.99284E-05 0.979251 9.99284E-05 9.99284E-05 9.99284E-05
9.99201E-05 0.999101 9.99201E-05 9.99201E-05 9.99201E-05 9.99201E-05 9.99201E-05 9.99201E-05 9.99201E-05 9.99201E-05
9.99201E-05 0.999101 9.99201E-05 9.99201E-05 9.99201E-05 9.99201E-05 9.99201E-05 9.99201E-05 9.99201E-05 9.99201E-05
9.9928E-05 0.996698 9.9928E-05 0.0025025 9.9928E-05 9.9928E-05 9.9928E-05 9.9928E-05 9.9928E-05 9.9928E-05
9.99201E-05 0.999101 9.99201E-05 9.99201E-05 9.99201E-05 9.99201E-05 9.99201E-05 9.99201E-05 9.99201E-05 9.99201E-05
9.99201E-05 0.999101 9.99201E-05 9.99201E-05 9.99201E-05 9.99201E-05 9.99201E-05 9.99201E-05 9.99201E-05 9.99201E-05
0.232545 0.46856 0.0400802 9.99821E-05 0.188172 0.013246 9.99821E-05 0.00569815 0.0106157 0.0408828
0.0347835 0.932317 9.9937E-05 9.9937E-05 9.9937E-05 9.9937E-05 0.0321997 9.9937E-05 9.9937E-05 9.9937E-05
9.99369E-05 9.99369E-05 9.99369E-05 9.99369E-05 9.99369E-05 9.99369E-05 0.853489 0.102387 9.99369E-05 0.0434251
0.756174 0.130097 9.99458E-05 9.99458E-05 9.99458E-05 9.99458E-05 0.0973023 9.99458E-05 0.0158274 9.99458E-05
9.99279E-05 9.99279E-05 9.99279E-05 9.99279E-05 0.997371 0.00182997 9.99279E-05 9.99279E-05 9.99279E-05 9.99279E-05
9.9946E-05 0.019403 9.9946E-05 9.9946E-05 9.9946E-05 9.9946E-05 0.0640851 0.842193 0.0737193 9.9946E-05
9.9955E-05 9.9955E-05 9.9955E-05 0.0217711 0.061785 9.9955E-05 0.213719 0.421356 9.9955E-05 0.280869
9.99201E-05 9.99201E-05 9.99201E-05 9.99201E-05 9.99201E-05 9.99201E-05 9.99201E-05 0.999101 9.99201E-05 9.99201E-05
9.99369E-05 9.99369E-05 9.99369E-05 0.00090369 9.99369E-05 9.99369E-05 9.99369E-05 0.887287 9.99369E-05 0.11111
9.995E-05 9.995E-05 0.00533924 0.0649028 9.995E-05 9.995E-05 9.995E-05 0.796687 0.0455591 0.0870118
9.99372E-05 9.99372E-05 0.908038 9.99372E-05 9.99372E-05 9.99372E-05 0.0867748 9.99372E-05 9.99372E-05 0.00448794
9.99307E-05 9.99307E-05 9.99307E-05 9.99307E-05 0.975926 9.99307E-05 9.99307E-05 9.99307E-05 0.0232745 9.99307E-05
0.00651502 0.0717035 0.0421374 0.0523063 0.392789 0.039887 0.0617016 0.0705662 0.00729292 0.255101
9.99282E-05 9.99282E-05 9.99282E-05 9.99282E-05 0.961238 9.99282E-05 9.99282E-05 0.0379625 9.99282E-05 9.99282E-05
9.9946E-05 9.9946E-05 9.9946E-05 0.00348118 0.943195 0.0497043 0.00302037 9.9946E-05 9.9946E-05 9.9946E-05
9.9946E-05 0.0724396 9.9946E-05 9.9946E-05 0.896807 9.9946E-05 0.0224709 0.00768329 9.9946E-05 9.9946E-05
0.0156104 0.000854121 0.000518697 9.9964E-05 0.952061 9.9964E-05 0.0200185 0.0105378 9.9964E-05 9.9964E-05
0.0357394 9.99551E-05 9.99551E-05 0.0431173 0.896241 9.99551E-05 0.0111789 9.99551E-05 9.99551E-05 0.0132241
9.99279E-05 9.99279E-05 9.99279E-05 9.99279E-05 0.963487 0.0357133 9.99279E-05 9.99279E-05 9.99279E-05 9.99279E-05
0.337978 0.214081 9.99462E-05 9.99462E-05 0.428309 0.0190317 9.99462E-05 9.99462E-05 9.99462E-05 9.99462E-05
0.474993 0.0569001 9.99462E-05 9.99462E-05 0.392676 9.99462E-05 9.99462E-05 0.0748318 9.99462E-05 9.99462E-05
9.99371E-05 0.0433531 9.99371E-05 9.99371E-05 0.931873 9.99371E-05 9.99371E-05 9.99371E-05 0.0240746 9.99371E-05
0.150772 9.99639E-05 9.99639E-05 9.99639E-05 0.0230596 0.104831 0.121491 0.17046 9.99639E-05 0.428986
0.131708 0.0403081 9.99819E-05 9.99819E-05 0.0331653 0.0413608 0.109504 0.2139 0.0276036 0.402249
9.99201E-05 9.99201E-05 9.99201E-05 9.99201E-05 9.99201E-05 9.99201E-05 9.99201E-05 9.99201E-05 0.999101 9.99201E-05
9.99201E-05 9.99201E-05 9.99201E-05 9.99201E-05 9.99201E-05 9.99201E-05 9.99201E-05 9.99201E-05 0.999101 9.99201E-05
9.9928E-05 9.9928E-05 9.9928E-05 9.9928E-05 9.9928E-05 9.9928E-05 0.0416265 9.9928E-05 9.9928E-05 0.957574
9.9937E-05 9.9937E-05 9.9937E-05 9.9937E-05 9.9937E-05 9.9937E-05 0.0582061 0.067862 9.9937E-05 0.873232
0.027425 9.99371E-05 9.99371E-05 9.99371E-05 9.99371E-05 0.00325746 9.99371E-05 9.99371E-05 0.968618 9.99371E-05
9.99281E-05 9.99281E-05 9.99281E-05 9.99281E-05 9.99281E-05 9.99281E-05 0.000731965 9.99281E-05 0.998469 9.99281E-05
9.99279E-05 9.99279E-05 9.99279E-05 9.99279E-05 9.99279E-05 9.99279E-05 0.960302 0.0388983 9.99279E-05 9.99279E-05
0.084224 9.9955E-05 0.0338948 9.9955E-05 9.9955E-05 9.9955E-05 0.117692 0.334652 9.9955E-05 0.429037
0.841768 0.106051 9.99368E-05 9.99368E-05 9.99368E-05 9.99368E-05 0.0514814 9.99368E-05 9.99368E-05 9.99368E-05
9.99201E-05 9.99201E-05 9.99201E-05 0.999101 9.99201E-05 9.99201E-05 9.99201E-05 9.99201E-05 9.99201E-05 9.99201E-05
9.995E-05 9.995E-05 9.995E-05 0.642572 9.995E-05 0.092975 0.0946474 0.140839 0.0284675 9.995E-05
0.191344 0.175538 0.033327 9.99552E-05 0.580131 9.99552E-05 9.99552E-05 9.99552E-05 0.0191603 9.99552E-05
