9.99459E-05 0.00725607 9.99459E-05 0.974171 9.99459E-05 9.99459E-05 0.0179737 9.99459E-05 9.99459E-05
9.995E-05 0.0373895 0.676215 0.124161 0.161735 9.995E-05 9.995E-05 9.995E-05 9.995E-05
0.0211256 0.0255536 0.081804 9.99733E-05 0.735985 0.0545497 9.99733E-05 0.0806822 9.99733E-05
9.9946E-05 0.0329508 9.9946E-05 9.9946E-05 0.964162 9.9946E-05 0.00228757 9.9946E-05 9.9946E-05
9.99731E-05 9.99731E-05 0.315937 0.049116 0.312172 9.99731E-05 0.108217 0.198062 0.0161962
0.00865164 9.9955E-05 9.9955E-05 0.0346608 0.953242 9.9955E-05 9.9955E-05 0.00294615 9.9955E-05
9.99372E-05 9.99372E-05 0.690868 9.99372E-05 9.99372E-05 0.308433 9.99372E-05 9.99372E-05 9.99372E-05
9.99639E-05 9.99639E-05 0.0816973 9.99639E-05 0.0969797 9.99639E-05 0.100766 0.671979 0.0481777
9.99371E-05 9.99371E-05 0.78588 9.99371E-05 9.99371E-05 0.213421 9.99371E-05 9.99371E-05 9.99371E-05
9.99372E-05 9.99372E-05 9.99372E-05 9.99372E-05 9.99372E-05 9.99372E-05 0.982954 0.0163467 9.99372E-05
9.99372E-05 9.99372E-05 9.99372E-05 9.99372E-05 9.99372E-05 9.99372E-05 0.985138 0.014162 9.99372E-05
9.9955E-05 0.112963 9.9955E-05 0.67353 0.0185132 0.194494 9.9955E-05 9.9955E-05 9.9955E-05
9.99396E-05 9.99396E-05 9.99396E-05 9.99396E-05 9.99396E-05 0.973619 9.99396E-05 0.0256818 9.99396E-05
0.0295784 0.00689024 9.99551E-05 9.99551E-05 0.944909 0.018123 9.99551E-05 9.99551E-05 9.99551E-05
0.00172259 9.9964E-05 9.9964E-05 0.0429667 0.924489 9.9964E-05 0.0135639 9.9964E-05 0.0168579
9.9955E-05 9.9955E-05 0.121586 0.104712 9.9955E-05 0.319709 0.453494 9.9955E-05 9.9955E-05
0.0512682 0.284657 9.99641E-05 9.99641E-05 0.0282209 0.157902 0.477552 9.99641E-05 9.99641E-05
0.707154 9.99549E-05 0.0911593 0.002571 9.99549E-05 9.99549E-05 0.198616 9.99549E-05 9.99549E-05
0.93248 0.06682 9.9937E-05 9.9937E-05 9.9937E-05 9.9937E-05 9.9937E-05 9.9937E-05 9.9937E-05
9.9955E-05 0.0602943 9.9955E-05 0.113479 9.9955E-05 0.0584459 0.767281 9.9955E-05 9.9955E-05
0.999201 9.993E-05 9.993E-05 9.993E-05 9.993E-05 9.993E-05 9.993E-05 9.993E-05 9.993E-05
9.9964E-05 0.0312705 9.9964E-05 0.571403 9.9964E-05 0.101077 0.289766 9.9964E-05 0.00608395
0.402491 0.324314 9.99551E-05 9.99551E-05 0.0159693 9.99551E-05 0.256726 9.99551E-05 9.99551E-05
0.908469 0.0730446 9.99459E-05 9.99459E-05 9.99459E-05 9.99459E-05 0.0178865 9.99459E-05 9.99459E-05
9.99371E-05 9.99371E-05 9.99371E-05 9.99371E-05 0.986534 9.99371E-05 9.99371E-05 9.99371E-05 0.0127662
9.99371E-05 9.99371E-05 9.99371E-05 9.99371E-05 0.988018 9.99371E-05 9.99371E-05 9.99371E-05 0.0112829
9.99549E-05 0.0658209 9.99549E-05 0.0877494 9.99549E-05 0.721534 0.124396 9.99549E-05 9.99549E-05
9.9946E-05 9.9946E-05 0.0579122 9.9946E-05 0.90797 9.9946E-05 9.9946E-05 9.9946E-05 0.0335177
9.9955E-05 9.9955E-05 0.0375183 9.9955E-05 0.910654 9.9955E-05 9.9955E-05 0.00291154 0.0484169
9.99551E-05 0.043911 9.99551E-05 9.99551E-05 0.511808 9.99551E-05 9.99551E-05 0.283391 0.160391
9.99549E-05 0.0281435 9.99549E-05 9.99549E-05 0.337482 9.99549E-05 9.99549E-05 0.56724 0.0666348
9.99371E-05 9.99371E-05 0.981527 9.99371E-05 9.99371E-05 9.99371E-05 9.99371E-05 9.99371E-05 0.0177739
9.99371E-05 9.99371E-05 9.99371E-05 9.99371E-05 0.835502 9.99371E-05 9.99371E-05 0.163799 9.99371E-05
9.995E-05 9.995E-05 0.0126286 9.995E-05 9.995E-05 9.995E-05 0.01612 0.283755 0.686997
9.99639E-05 0.204397 9.99639E-05 0.0638952 9.99639E-05 0.545317 0.095934 0.0900573 9.99639E-05
9.9955E-05 9.9955E-05 0.00533963 9.9955E-05 0.959429 0.0128455 9.9955E-05 0.021886 9.9955E-05
9.9937E-05 9.9937E-05 9.9937E-05 0.942356 9.9937E-05 9.9937E-05 9.9937E-05 0.0569443 9.9937E-05
0.0102616 9.9973E-05 0.174877 0.0563456 9.9973E-05 9.9973E-05 0.659657 0.0894757 0.00908348
0.0626244 0.34163 9.9982E-05 0.00292785 0.113406 0.148146 0.294406 0.0366601 9.9982E-05
9.99549E-05 0.0215256 9.99549E-05 0.252708 0.126156 9.99549E-05 0.599111 9.99549E-05 9.99549E-05
9.99549E-05 9.99549E-05 0.00882244 0.313087 0.095466 9.99549E-05 0.582124 9.99549E-05 9.99549E-05
9.9937E-05 0.0118989 9.9937E-05 9.9937E-05 9.9937E-05 9.9937E-05 0.987402 9.9937E-05 9.9937E-05
9.995E-05 9.995E-05 0.233756 0.109793 9.995E-05 0.258258 0.397694 9.995E-05 9.995E-05
9.9946E-05 9.9946E-05 9.9946E-05 0.00150044 9.9946E-05 0.0317283 0.966172 9.9946E-05 9.9946E-05
0.093651 0.145064 0.0175693 0.0168419 9.9973E-05 0.148484 0.57809 9.9973E-05 9.9973E-05
0.0360313 0.0226097 9.998E-05 0.185186 0.0746792 0.0348013 0.596712 0.0497813 9.998E-05
9.998E-05 0.0856596 9.998E-05 0.209178 0.101865 0.204382 0.342228 0.0137575 0.0427304
0.0091671 9.99374E-05 9.99374E-05 0.990133 9.99374E-05 9.99374E-05 9.99374E-05 9.99374E-05 9.99374E-05
9.993E-05 9.993E-05 9.993E-05 9.993E-05 9.993E-05 9.993E-05 9.993E-05 9.993E-05 0.999201
9.9946E-05 9.9946E-05 9.9946E-05 9.9946E-05 9.9946E-05 0.00329074 0.0110417 9.9946E-05 0.985068
0.00203342 9.99371E-05 9.99371E-05 9.99371E-05 9.99371E-05 9.99371E-05 9.99371E-05 9.99371E-05 0.997267
9.993E-05 9.993E-05 9.993E-05 9.993E-05 9.993E-05 9.993E-05 9.993E-05 9.993E-05 0.999201
9.993E-05 9.993E-05 9.993E-05 9.993E-05 9.993E-05 9.993E-05 9.993E-05 9.993E-05 0.999201
0.0382163 9.99641E-05 0.0781446 9.99641E-05 9.99641E-05 9.99641E-05 0.101159 0.459781 0.322299
9.9946E-05 9.9946E-05 0.0582127 0.0188793 9.9946E-05 9.9946E-05 9.9946E-05 9.9946E-05 0.922308
9.99369E-05 9.99369E-05 9.99369E-05 0.92316 9.99369E-05 0.0761407 9.99369E-05 9.99369E-05 9.99369E-05
9.99458E-05 0.000768926 0.929693 9.99458E-05 9.99458E-05 9.99458E-05 9.99458E-05 9.99458E-05 0.0689389
9.993E-05 9.993E-05 9.993E-05 9.993E-05 0.999201 9.993E-05 9.993E-05 9.993E-05 9.993E-05
9.9955E-05 0.055334 9.9955E-05 0.0753353 9.9955E-05 0.862192 9.9955E-05 9.9955E-05 0.00663936
9.997E-05 9.997E-05 0.0827936 0.183003 0.042154 0.359964 0.316251 9.997E-05 0.0155351
9.993E-05 9.993E-05 9.993E-05 9.993E-05 9.993E-05 0.999201 9.993E-05 9.993E-05 9.993E-05
9.99459E-05 9.99459E-05 9.99459E-05 0.0081238 9.99459E-05 0.907915 0.0833615 9.99459E-05 9.99459E-05
9.99459E-05 0.0781233 9.99459E-05 9.99459E-05 9.99459E-05 0.839565 0.081712 9.99459E-05 9.99459E-05
0.883729 9.99461E-05 9.99461E-05 0.0927778 9.99461E-05 9.99461E-05 9.99461E-05 0.0228936 9.99461E-05
9.993E-05 9.993E-05 9.993E-05 9.993E-05 0.999201 9.993E-05 9.993E-05 9.993E-05 9.993E-05
0.0409149 0.0896109 0.347688 0.145665 0.103183 0.11262 0.0931137 9.9991E-05 0.0671044
9.99552E-05 9.99552E-05 0.00883 9.99552E-05 0.939853 0.0119776 9.99552E-05 0.0388401 9.99552E-05
9.9937E-05 9.9937E-05 9.9937E-05 0.048716 0.950584 9.9937E-05 9.9937E-05 9.9937E-05 9.9937E-05
9.9964E-05 9.9964E-05 0.0298213 9.9964E-05 0.872733 0.00485306 9.9964E-05 0.0375376 0.0546549
0.00044126 9.9964E-05 0.0672625 9.9964E-05 0.912424 9.9964E-05 9.9964E-05 0.0182446 0.00122769
9.9955E-05 0.00356795 9.9955E-05 9.9955E-05 0.764571 9.9955E-05 0.0542569 0.177105 9.9955E-05
9.9937E-05 0.00124506 9.9937E-05 9.9937E-05 0.998055 9.9937E-05 9.9937E-05 9.9937E-05 9.9937E-05
9.993E-05 9.993E-05 9.993E-05 9.993E-05 9.993E-05 9.993E-05 9.993E-05 0.999201 9.993E-05
9.9937E-05 9.9937E-05 9.9937E-05 9.9937E-05 9.9937E-05 0.0466094 9.9937E-05 0.952691 9.9937E-05
0.00984556 0.00636598 9.9982E-05 0.00703273 0.946872 0.00287151 0.00452966 9.9982E-05 0.0222824
9.9982E-05 0.0393727 0.299376 0.0744762 0.00951984 0.149708 0.417354 9.9982E-05 0.00999302
9.998E-05 0.0330215 0.241461 0.0875706 0.0142146 0.169507 0.42456 9.998E-05 0.0294649
9.993E-05 0.999201 9.993E-05 9.993E-05 9.993E-05 9.993E-05 9.993E-05 9.993E-05 9.993E-05
9.993E-05 0.999201 9.993E-05 9.993E-05 9.993E-05 9.993E-05 9.993E-05 9.993E-05 9.993E-05
9.996E-05 9.996E-05 0.0165308 0.0227729 0.0104098 9.996E-05 0.943856 9.996E-05 0.00603072
9.9955E-05 9.9955E-05 0.0263369 0.00935493 9.9955E-05 0.0352412 0.928567 9.9955E-05 9.9955E-05
9.99369E-05 0.974753 0.0245473 9.99369E-05 9.99369E-05 9.99369E-05 9.99369E-05 9.99369E-05 9.99369E-05
9.993E-05 0.999201 9.993E-05 9.993E-05 9.993E-05 9.993E-05 9.993E-05 9.993E-05 9.993E-05
9.99369E-05 9.99369E-05 9.99369E-05 0.970301 9.99369E-05 0.0289991 9.99369E-05 9.99369E-05 9.99369E-05
0.0328383 9.9964E-05 0.163591 0.0646533 9.9964E-05 0.276071 0.462446 9.9964E-05 9.9964E-05
9.99459E-05 9.99459E-05 0.935345 9.99459E-05 0.00359456 9.99459E-05 9.99459E-05 9.99459E-05 0.0604603
0.113217 0.243986 9.99731E-05 0.00497629 0.0463494 0.268053 0.323119 9.99731E-05 9.99731E-05
0.0788684 0.292037 9.99641E-05 0.220166 9.99641E-05 0.401871 0.00665768 9.99641E-05 9.99641E-05
0.0270876 0.0130494 0.0251898 9.9973E-05 0.28902 9.9973E-05 9.9973E-05 0.594758 0.0505958
