9.999E-05 9.999E-05 0.9998
9.999E-05 0.535619 0.464281
0.0574774 0.860923 0.0815996
9.999E-05 0.9998 9.999E-05
9.9991E-05 0.689164 0.310736
9.999E-05 0.9998 9.999E-05
9.999E-05 0.340524 0.659376
9.999E-05 0.838561 0.161339
9.9991E-05 0.346688 0.653212
9.9991E-05 0.0315501 0.96835
9.9991E-05 0.0276092 0.972291
9.9991E-05 0.032009 0.967891
9.99911E-05 0.0393501 0.96055
0.00894421 0.990956 9.9991E-05
0.0119947 0.981614 0.00639141
9.9991E-05 0.0395754 0.960325
0.185634 0.0255136 0.788852
0.747249 0.033066 0.219685
0.9998 9.999E-05 9.999E-05
9.999E-05 9.999E-05 0.9998
0.9998 9.999E-05 9.999E-05
9.999E-05 9.999E-05 0.9998
0.540406 0.0789762 0.380618
0.9998 9.999E-05 9.999E-05
9.999E-05 0.9998 9.999E-05
9.999E-05 0.9998 9.999E-05
9.999E-05 9.999E-05 0.9998
9.999E-05 0.9998 9.999E-05
9.999E-05 0.9998 9.999E-05
0.0657213 0.934179 9.9991E-05
0.031553 0.968347 9.9991E-05
9.9991E-05 0.587087 0.412813
9.999E-05 0.9998 9.999E-05
9.9991E-05 0.829244 0.170656
9.9991E-05 0.0653063 0.934594
9.999E-05 0.9998 9.999E-05
9.9991E-05 0.038705 0.961195
0.0241236 0.147181 0.828695
0.181616 0.173258 0.645126
9.9991E-05 0.111135 0.888765
9.9991E-05 0.0613327 0.938567
0.0205515 9.9991E-05 0.979348
9.9991E-05 0.0454042 0.954496
0.00599405 0.0221641 0.971842
0.151131 9.9991E-05 0.848769
0.0393283 0.0916841 0.868988
0.00554641 0.179377 0.815076
0.0124484 9.99911E-05 0.987452
0.025715 0.858546 0.115739
0.0398633 0.806376 0.153761
0.0712573 0.788181 0.140562
0.0477367 0.842942 0.109322
0.028191 0.8645 0.107309
0.0472626 0.716287 0.23645
0.0046862 0.790059 0.205255
9.999E-05 9.999E-05 0.9998
9.9991E-05 0.568394 0.431506
9.999E-05 0.9998 9.999E-05
9.999E-05 9.999E-05 0.9998
9.9991E-05 0.0491121 0.950788
9.999E-05 9.999E-05 0.9998
9.999E-05 9.999E-05 0.9998
0.00569024 9.9991E-05 0.99421
0.907651 0.0147422 0.0776068
9.999E-05 0.9998 9.999E-05
0.0728568 0.420745 0.506399
9.999E-05 0.9998 9.999E-05
9.999E-05 0.9998 9.999E-05
9.999E-05 0.9998 9.999E-05
9.999E-05 0.9998 9.999E-05
9.9991E-05 0.958918 0.0409822
9.999E-05 0.9998 9.999E-05
9.99911E-05 0.970722 0.0291777
0.0190828 0.892273 0.0886446
9.999E-05 0.9998 9.999E-05
9.9991E-05 0.150585 0.849315
9.9991E-05 0.151633 0.848267
0.294751 0.117046 0.588203
0.301439 0.16611 0.53245
9.9991E-05 0.0731291 0.926771
9.99935E-05 0.0297135 0.970186
0.270468 0.145188 0.584344
0.295699 0.146531 0.55777
9.9991E-05 0.0219347 0.977965
0.0252127 0.0180006 0.956787
9.9991E-05 0.535836 0.464064
0.212333 0.0975551 0.690112
0.171746 9.9991E-05 0.828154
0.10227 0.89763 9.9991E-05
