9.9973E-05 0.965583 9.9973E-05 0.034117 9.9973E-05
9.9982E-05 0.380872 0.29524 9.9982E-05 0.323687
0.0404369 0.0416463 0.81477 0.0610264 0.04212
9.9973E-05 9.9973E-05 0.989947 0.00975321 9.9973E-05
9.99821E-05 0.241394 0.455802 9.99821E-05 0.302604
0.0058873 9.9982E-05 0.986425 0.00748765 9.9982E-05
9.99821E-05 0.580305 0.0349676 9.99821E-05 0.384528
9.999E-05 0.0675419 0.387233 0.0470324 0.498093
9.99821E-05 0.569509 0.00898111 9.99821E-05 0.42131
9.9982E-05 0.710047 9.9982E-05 0.131792 0.157961
9.9982E-05 0.710904 9.9982E-05 0.153351 0.135545
9.9982E-05 0.73977 0.0828951 0.177135 9.9982E-05
9.99732E-05 0.94917 0.0505302 9.99732E-05 9.99732E-05
0.0212765 0.00802681 0.968163 0.00243339 9.9991E-05
0.0243425 0.0130088 0.962449 9.9982E-05 9.9982E-05
9.999E-05 0.885655 0.021313 0.0388542 0.0540776
0.0697062 0.494779 9.9982E-05 0.435315 9.9982E-05
0.754972 0.140096 9.9982E-05 9.9982E-05 0.104733
0.925439 9.9973E-05 9.9973E-05 0.0742607 9.9973E-05
9.9982E-05 0.772688 9.9982E-05 0.199855 0.0272575
0.9996 9.997E-05 9.997E-05 9.997E-05 9.997E-05
9.9982E-05 0.951609 9.9982E-05 0.0354974 0.0126934
0.430044 0.098822 9.9991E-05 0.391717 0.0793177
0.903451 9.9973E-05 9.9973E-05 0.0962496 9.9973E-05
9.9973E-05 9.9973E-05 0.992808 9.9973E-05 0.0068925
9.997E-05 9.997E-05 0.9996 9.997E-05 9.997E-05
9.9973E-05 0.8985 9.9973E-05 0.1012 9.9973E-05
9.9973E-05 9.9973E-05 0.903755 9.9973E-05 0.0959452
9.9982E-05 0.00779534 0.936176 9.9982E-05 0.0558287
0.033811 9.9991E-05 0.702043 0.0151228 0.248923
9.9982E-05 9.9982E-05 0.681633 0.040856 0.277311
9.99821E-05 0.281189 0.0794053 9.99821E-05 0.639206
9.997E-05 9.997E-05 0.9996 9.997E-05 9.997E-05
9.9982E-05 9.9982E-05 0.0814883 0.00743091 0.910881
9.9982E-05 0.665826 0.0839415 0.250032 9.9982E-05
9.99729E-05 0.016428 0.983272 9.99729E-05 9.99729E-05
9.99821E-05 0.889227 0.0822921 0.0282809 9.99821E-05
0.0235637 0.68661 0.0145872 0.0517759 0.223463
0.052465 0.369348 0.140795 0.437292 9.9991E-05
0.00970318 0.763893 0.147476 0.0788286 9.9991E-05
0.00481828 0.813719 0.0793914 0.0899647 0.0121063
0.0154258 0.827316 9.9991E-05 0.143035 0.0141233
9.9973E-05 0.928943 9.9973E-05 9.9973E-05 0.0707567
0.00331238 0.729438 9.9991E-05 0.183393 0.0837568
0.114602 0.652285 9.9991E-05 0.176618 0.0563955
0.0391021 0.720313 0.0479094 0.102249 0.0904264
9.9991E-05 0.639845 0.101326 0.155431 0.103299
0.0718413 0.921025 9.99822E-05 9.99822E-05 0.0069338
9.997E-05 9.997E-05 9.997E-05 9.997E-05 0.9996
9.997E-05 9.997E-05 9.997E-05 9.997E-05 0.9996
9.997E-05 9.997E-05 9.997E-05 9.997E-05 0.9996
9.997E-05 9.997E-05 9.997E-05 9.997E-05 0.9996
9.997E-05 9.997E-05 9.997E-05 9.997E-05 0.9996
0.0438195 0.0872108 0.259687 9.9991E-05 0.609183
9.997E-05 9.997E-05 9.997E-05 9.997E-05 0.9996
9.997E-05 0.9996 9.997E-05 9.997E-05 9.997E-05
9.9982E-05 0.283129 0.111861 9.9982E-05 0.60481
9.997E-05 9.997E-05 0.9996 9.997E-05 9.997E-05
9.99821E-05 0.948106 0.0188779 0.0328161 9.99821E-05
9.9982E-05 0.889614 0.0821679 0.0280179 9.9982E-05
0.0160103 0.98369 9.99732E-05 9.99732E-05 9.99732E-05
9.997E-05 0.9996 9.997E-05 9.997E-05 9.997E-05
0.00351134 0.915839 9.9982E-05 0.0804498 9.9982E-05
0.921792 0.0699262 9.99821E-05 9.99821E-05 0.00808135
9.99731E-05 9.99731E-05 0.995983 0.00371702 9.99731E-05
0.0197884 0.503312 0.298945 0.0419427 0.136012
9.99731E-05 9.99731E-05 0.980437 9.99731E-05 0.0192628
9.9982E-05 0.00753521 0.968067 9.9982E-05 0.0241983
9.9982E-05 0.00612133 0.91323 9.9982E-05 0.0804486
0.0080083 9.9982E-05 0.93808 9.9982E-05 0.0537114
9.9991E-05 0.0289654 0.943626 0.0136336 0.0136748
9.99729E-05 9.99729E-05 0.997844 0.00185627 9.99729E-05
9.99732E-05 9.99732E-05 0.541344 9.99732E-05 0.458356
0.0190371 0.0884569 0.529378 9.99911E-05 0.363028
9.9982E-05 0.0066356 0.987635 9.9982E-05 0.00552931
9.9991E-05 0.768481 0.0642674 0.0542956 0.112856
9.9991E-05 0.753686 0.0766743 0.0509695 0.11857
9.997E-05 9.997E-05 9.997E-05 0.9996 9.997E-05
9.997E-05 9.997E-05 9.997E-05 0.9996 9.997E-05
9.99819E-05 0.816674 9.99819E-05 0.0767398 0.106386
0.0102782 0.831454 9.9991E-05 0.0648093 0.0933589
9.997E-05 9.997E-05 9.997E-05 0.9996 9.997E-05
9.997E-05 9.997E-05 9.997E-05 0.9996 9.997E-05
9.9973E-05 0.965259 9.9973E-05 9.9973E-05 0.0344414
0.0535654 0.892119 0.0218974 9.9991E-05 0.0323178
9.9982E-05 0.2832 0.0844318 9.9982E-05 0.632168
0.117776 0.501097 0.0538185 0.327209 9.9991E-05
0.0736383 0.608789 0.0218921 0.295581 9.9991E-05
0.0401835 9.9991E-05 0.586598 0.0305994 0.34252
