9.99009E-05 0.00156181 9.99009E-05 0.0549037 9.99009E-05 9.99009E-05 9.99009E-05 0.942436 9.99009E-05 9.99009E-05 9.99009E-05 9.99009E-05 9.99009E-05 9.99009E-05
9.99189E-05 9.99189E-05 0.715993 9.99189E-05 9.99189E-05 9.99189E-05 9.99189E-05 0.0343736 0.0474727 0.156274 9.99189E-05 0.0449875 9.99189E-05 9.99189E-05
0.118035 0.0700138 9.99287E-05 9.99287E-05 9.99287E-05 0.0325105 0.206292 9.99287E-05 9.99287E-05 0.566364 0.00598519 9.99287E-05 9.99287E-05 9.99287E-05
0.0454272 0.0315228 9.9901E-05 9.9901E-05 9.9901E-05 9.9901E-05 9.9901E-05 9.9901E-05 9.9901E-05 0.921951 9.9901E-05 9.9901E-05 9.9901E-05 9.9901E-05
9.99551E-05 9.99551E-05 0.13671 0.141985 0.181426 9.99551E-05 0.119482 0.00784812 9.99551E-05 0.360833 9.99551E-05 0.0309883 0.00223063 0.0179968
9.9901E-05 9.9901E-05 9.9901E-05 9.9901E-05 9.9901E-05 9.9901E-05 0.0143541 9.9901E-05 9.9901E-05 0.970039 9.9901E-05 9.9901E-05 0.0145075 9.9901E-05
9.98831E-05 9.98831E-05 9.98831E-05 9.98831E-05 0.998702 9.98831E-05 9.98831E-05 9.98831E-05 9.98831E-05 9.98831E-05 9.98831E-05 9.98831E-05 9.98831E-05 9.98831E-05
9.99189E-05 9.99189E-05 0.0892177 0.0652173 9.99189E-05 9.99189E-05 0.723928 9.99189E-05 9.99189E-05 0.0537112 9.99189E-05 9.99189E-05 9.99189E-05 0.0670261
9.99099E-05 9.99099E-05 0.046439 9.99099E-05 0.932462 9.99099E-05 9.99099E-05 9.99099E-05 0.00618025 9.99099E-05 9.99099E-05 9.99099E-05 9.99099E-05 0.0139195
9.9892E-05 9.9892E-05 9.9892E-05 0.859903 0.138898 9.9892E-05 9.9892E-05 9.9892E-05 9.9892E-05 9.9892E-05 9.9892E-05 9.9892E-05 9.9892E-05 9.9892E-05
9.98801E-05 9.98801E-05 9.98801E-05 0.855651 0.14315 9.98801E-05 9.98801E-05 9.98801E-05 9.98801E-05 9.98801E-05 9.98801E-05 9.98801E-05 9.98801E-05 9.98801E-05
0.0383523 0.139079 9.991E-05 9.991E-05 9.991E-05 0.156044 9.991E-05 0.665525 9.991E-05 9.991E-05 9.991E-05 9.991E-05 9.991E-05 9.991E-05
0.010201 9.99012E-05 9.99012E-05 9.99012E-05 0.0415411 0.947159 9.99012E-05 9.99012E-05 9.99012E-05 9.99012E-05 9.99012E-05 9.99012E-05 9.99012E-05 9.99012E-05
9.991E-05 9.991E-05 0.00221045 9.991E-05 9.991E-05 9.991E-05 9.991E-05 9.991E-05 9.991E-05 0.971748 0.0157658 0.00927639 9.991E-05 9.991E-05
9.9901E-05 9.9901E-05 9.9901E-05 9.9901E-05 9.9901E-05 9.9901E-05 9.9901E-05 0.0364747 9.9901E-05 0.951731 0.0106952 9.9901E-05 9.9901E-05 9.9901E-05
9.991E-05 9.991E-05 9.991E-05 0.0228463 9.991E-05 0.188037 9.991E-05 9.991E-05 0.781636 9.991E-05 9.991E-05 0.00648151 9.991E-05 9.991E-05
9.99008E-05 9.99008E-05 9.99008E-05 0.0922817 9.99008E-05 9.99008E-05 9.99008E-05 9.99008E-05 0.0240922 9.99008E-05 9.99008E-05 0.882527 9.99008E-05 9.99008E-05
9.99369E-05 9.99369E-05 0.0272009 0.0859041 9.99369E-05 9.99369E-05 9.99369E-05 0.0224562 0.0698873 0.00389142 0.744868 9.99369E-05 9.99369E-05 0.0450927
9.991E-05 0.0550737 9.991E-05 9.991E-05 9.991E-05 0.0186682 9.991E-05 9.991E-05 9.991E-05 9.991E-05 0.717722 9.991E-05 0.207537 9.991E-05
9.99189E-05 0.0546544 9.99189E-05 0.45549 9.99189E-05 9.99189E-05 9.99189E-05 0.106881 0.305371 9.99189E-05 9.99189E-05 0.0767044 9.99189E-05 9.99189E-05
9.98831E-05 9.98831E-05 9.98831E-05 9.98831E-05 9.98831E-05 9.98831E-05 9.98831E-05 9.98831E-05 9.98831E-05 9.98831E-05 0.998702 9.98831E-05 9.98831E-05 9.98831E-05
9.99279E-05 9.99279E-05 9.99279E-05 0.0527254 9.99279E-05 0.053989 9.99279E-05 0.489745 0.310604 9.99279E-05 9.99279E-05 0.0716885 0.0204488 9.99279E-05
9.991E-05 0.186612 9.991E-05 0.181035 9.991E-05 9.991E-05 9.991E-05 9.991E-05 9.991E-05 9.991E-05 0.440142 0.191211 9.991E-05 9.991E-05
9.9901E-05 9.9901E-05 9.9901E-05 0.0852056 9.9901E-05 9.9901E-05 9.9901E-05 9.9901E-05 9.9901E-05 9.9901E-05 0.906708 9.9901E-05 0.00698746 9.9901E-05
0.58985 9.98923E-05 9.98923E-05 9.98923E-05 9.98923E-05 9.98923E-05 9.98923E-05 9.98923E-05 9.98923E-05 0.408951 9.98923E-05 9.98923E-05 9.98923E-05 9.98923E-05
0.223382 9.98922E-05 9.98922E-05 9.98922E-05 9.98922E-05 9.98922E-05 9.98922E-05 9.98922E-05 9.98922E-05 0.775419 9.98922E-05 9.98922E-05 9.98922E-05 9.98922E-05
9.99188E-05 0.00820406 9.99188E-05 0.0906207 9.99188E-05 0.739304 9.99188E-05 0.0339759 9.99188E-05 9.99188E-05 9.99188E-05 0.126997 9.99188E-05 9.99188E-05
0.998702 9.98831E-05 9.98831E-05 9.98831E-05 9.98831E-05 9.98831E-05 9.98831E-05 9.98831E-05 9.98831E-05 9.98831E-05 9.98831E-05 9.98831E-05 9.98831E-05 9.98831E-05
0.987318 9.98921E-05 9.98921E-05 9.98921E-05 9.98921E-05 9.98921E-05 9.98921E-05 0.0114835 9.98921E-05 9.98921E-05 9.98921E-05 9.98921E-05 9.98921E-05 9.98921E-05
0.0909145 0.0342295 0.0220669 9.9937E-05 9.9937E-05 9.9937E-05 0.345962 9.9937E-05 9.9937E-05 0.335633 9.9937E-05 9.9937E-05 0.0417414 0.128753
0.0566461 0.0355159 9.99279E-05 9.99279E-05 9.99279E-05 9.99279E-05 0.623155 9.99279E-05 9.99279E-05 0.240531 9.99279E-05 0.0313037 9.99279E-05 0.0120482
9.98834E-05 9.98834E-05 0.998702 9.98834E-05 9.98834E-05 9.98834E-05 9.98834E-05 9.98834E-05 9.98834E-05 9.98834E-05 9.98834E-05 9.98834E-05 9.98834E-05 9.98834E-05
0.251702 9.99191E-05 9.99191E-05 9.99191E-05 9.99191E-05 9.99191E-05 0.134214 9.99191E-05 0.00171391 0.597803 9.99191E-05 0.013668 9.99191E-05 9.99191E-05
9.99012E-05 9.99012E-05 0.00302244 9.99012E-05 9.99012E-05 9.99012E-05 0.30029 9.99012E-05 9.99012E-05 9.99012E-05 9.99012E-05 9.99012E-05 9.99012E-05 0.695589
9.99277E-05 0.0868 9.99277E-05 0.0317987 9.99277E-05 0.464485 0.0631402 0.0389897 9.99277E-05 9.99277E-05 9.99277E-05 0.313987 9.99277E-05 9.99277E-05
0.571963 9.99189E-05 9.99189E-05 9.99189E-05 9.99189E-05 0.011337 0.0316354 9.99189E-05 9.99189E-05 0.354543 9.99189E-05 0.0296227 9.99189E-05 9.99189E-05
9.991E-05 9.991E-05 9.991E-05 9.991E-05 9.991E-05 9.991E-05 0.0146592 0.954774 9.991E-05 0.00719785 9.991E-05 0.0223697 9.991E-05 9.991E-05
9.99279E-05 9.99279E-05 0.208752 0.587841 9.99279E-05 9.99279E-05 0.0212356 0.139425 9.99279E-05 9.99279E-05 9.99279E-05 0.0331421 0.00880496 9.99279E-05
9.98919E-05 9.98919E-05 9.98919E-05 9.98919E-05 9.98919E-05 9.98919E-05 0.00346403 9.98919E-05 9.98919E-05 9.98919E-05 9.98919E-05 0.995337 9.98919E-05 9.98919E-05
9.99188E-05 9.99188E-05 9.99188E-05 0.185219 9.99188E-05 9.99188E-05 9.99188E-05 0.194143 0.361015 0.103671 9.99188E-05 0.155053 9.99188E-05 9.99188E-05
9.99368E-05 9.99368E-05 0.0271167 0.199023 9.99368E-05 9.99368E-05 9.99368E-05 0.270772 0.323881 0.0620204 0.0117688 0.104718 9.99368E-05 9.99368E-05
9.99099E-05 9.99099E-05 9.99099E-05 0.900274 9.99099E-05 9.99099E-05 9.99099E-05 0.029864 0.0445092 9.99099E-05 9.99099E-05 0.0243536 9.99099E-05 9.99099E-05
9.9919E-05 9.9919E-05 9.9919E-05 0.000898456 0.0687935 0.0349467 9.9919E-05 9.9919E-05 0.884147 9.9919E-05 9.9919E-05 9.9919E-05 0.0103148 9.9919E-05
0.00395745 0.0222006 9.99189E-05 0.920166 9.99189E-05 0.0518205 9.99189E-05 0.000956476 9.99189E-05 9.99189E-05 9.99189E-05 9.99189E-05 9.99189E-05 9.99189E-05
9.99369E-05 0.0984435 0.0608172 0.422211 9.99369E-05 0.168114 9.99369E-05 0.0620251 0.0534426 9.99369E-05 0.134247 9.99369E-05 9.99369E-05 9.99369E-05
9.9946E-05 0.00749115 9.9946E-05 0.515731 0.00910555 9.9946E-05 0.0432109 0.106719 0.193794 0.0621075 9.9946E-05 9.9946E-05 0.0612417 9.9946E-05
0.00142157 0.00574696 9.9964E-05 0.240477 0.0572736 0.0941887 9.9964E-05 0.192188 9.9964E-05 0.068467 9.9964E-05 0.291418 0.022025 0.0263945
9.99016E-05 9.99016E-05 9.99016E-05 9.99016E-05 9.99016E-05 9.99016E-05 9.99016E-05 0.98541 9.99016E-05 9.99016E-05 0.000296423 9.99016E-05 0.0131949 9.99016E-05
9.98831E-05 9.98831E-05 9.98831E-05 9.98831E-05 9.98831E-05 9.98831E-05 9.98831E-05 9.98831E-05 9.98831E-05 9.98831E-05 9.98831E-05 9.98831E-05 9.98831E-05 0.998702
9.98921E-05 9.98921E-05 9.98921E-05 0.0220014 9.98921E-05 9.98921E-05 9.98921E-05 9.98921E-05 9.98921E-05 9.98921E-05 9.98921E-05 9.98921E-05 9.98921E-05 0.9768
9.99102E-05 9.99102E-05 0.00288116 0.00490887 9.99102E-05 9.99102E-05 9.99102E-05 9.99102E-05 9.99102E-05 9.99102E-05 9.99102E-05 9.99102E-05 0.000708747 0.990502
9.98833E-05 9.98833E-05 9.98833E-05 9.98833E-05 9.98833E-05 9.98833E-05 9.98833E-05 9.98833E-05 9.98833E-05 9.98833E-05 9.98833E-05 9.98833E-05 9.98833E-05 0.998702
9.98832E-05 9.98832E-05 9.98832E-05 9.98832E-05 9.98832E-05 9.98832E-05 9.98832E-05 9.98832E-05 9.98832E-05 9.98832E-05 9.98832E-05 9.98832E-05 9.98832E-05 0.998702
0.0517275 9.99461E-05 0.0470809 0.0264501 0.0509921 9.99461E-05 0.423734 9.99461E-05 0.0631188 9.99461E-05 0.0377527 9.99461E-05 9.99461E-05 0.298544
9.98921E-05 9.98921E-05 0.0670342 9.98921E-05 9.98921E-05 9.98921E-05 9.98921E-05 9.98921E-05 9.98921E-05 9.98921E-05 9.98921E-05 9.98921E-05 9.98921E-05 0.931767
9.99009E-05 9.99009E-05 9.99009E-05 9.99009E-05 0.00998991 9.99009E-05 9.99009E-05 0.835459 0.153452 9.99009E-05 9.99009E-05 9.99009E-05 9.99009E-05 9.99009E-05
0.0126034 9.991E-05 0.952299 9.991E-05 0.0290747 9.991E-05 9.991E-05 9.991E-05 9.991E-05 9.991E-05 9.991E-05 9.991E-05 9.991E-05 0.0050235
0.431193 9.98919E-05 9.98919E-05 9.98919E-05 9.98919E-05 9.98919E-05 9.98919E-05 9.98919E-05 9.98919E-05 0.567608 9.98919E-05 9.98919E-05 9.98919E-05 9.98919E-05
9.9928E-05 0.0345606 9.9928E-05 9.9928E-05 0.0120861 0.819151 9.9928E-05 0.0253363 0.0649078 9.9928E-05 9.9928E-05 9.9928E-05 9.9928E-05 0.0431585
9.98923E-05 9.98923E-05 9.98923E-05 9.98923E-05 9.98923E-05 0.14001 9.98923E-05 9.98923E-05 0.858791 9.98923E-05 9.98923E-05 9.98923E-05 9.98923E-05 9.98923E-05
9.98924E-05 9.98924E-05 9.98924E-05 9.98924E-05 0.0159671 0.982834 9.98924E-05 9.98924E-05 9.98924E-05 9.98924E-05 9.98924E-05 9.98924E-05 9.98924E-05 9.98924E-05
9.99009E-05 9.99009E-05 0.00229442 0.0998473 9.99009E-05 0.896759 9.99009E-05 9.99009E-05 9.99009E-05 9.99009E-05 9.99009E-05 9.99009E-05 9.99009E-05 9.99009E-05
9.99098E-05 0.0490854 9.99098E-05 0.101819 9.99098E-05 0.835555 9.99098E-05 9.99098E-05 9.99098E-05 9.99098E-05 9.99098E-05 0.0125408 9.99098E-05 9.99098E-05
9.9883E-05 9.9883E-05 9.9883E-05 9.9883E-05 9.9883E-05 9.9883E-05 9.9883E-05 9.9883E-05 9.9883E-05 9.9883E-05 9.9883E-05 9.9883E-05 0.998702 9.9883E-05
0.653869 9.98925E-05 9.98925E-05 9.98925E-05 9.98925E-05 9.98925E-05 9.98925E-05 9.98925E-05 9.98925E-05 0.344932 9.98925E-05 9.98925E-05 9.98925E-05 9.98925E-05
0.0476416 0.105848 9.9955E-05 9.9955E-05 0.147773 9.9955E-05 9.9955E-05 0.166581 0.0604784 0.196231 0.0584958 0.0835514 9.9955E-05 0.132901
0.0412483 9.99192E-05 9.99192E-05 9.99192E-05 9.99192E-05 9.99192E-05 0.070342 9.99192E-05 0.0054297 0.881087 9.99192E-05 9.99192E-05 9.99192E-05 0.000993677
0.147279 9.991E-05 9.991E-05 9.991E-05 0.0331361 9.991E-05 9.991E-05 9.991E-05 9.991E-05 0.797417 9.991E-05 9.991E-05 9.991E-05 0.0211691
0.975702 9.9892E-05 9.9892E-05 9.9892E-05 9.9892E-05 9.9892E-05 9.9892E-05 9.9892E-05 0.023099 9.9892E-05 9.9892E-05 9.9892E-05 9.9892E-05 9.9892E-05
0.998394 9.98922E-05 9.98922E-05 9.98922E-05 9.98922E-05 9.98922E-05 9.98922E-05 9.98922E-05 9.98922E-05 9.98922E-05 0.000406869 9.98922E-05 9.98922E-05 9.98922E-05
0.0957927 9.99281E-05 9.99281E-05 0.0130182 0.0442117 9.99281E-05 0.100308 9.99281E-05 9.99281E-05 0.731291 9.99281E-05 0.0145792 9.99281E-05 9.99281E-05
0.414338 9.99009E-05 9.99009E-05 9.99009E-05 9.99009E-05 9.99009E-05 9.99009E-05 9.99009E-05 9.99009E-05 0.543067 9.99009E-05 0.0414958 9.99009E-05 9.99009E-05
9.98829E-05 9.98829E-05 9.98829E-05 9.98829E-05 9.98829E-05 9.98829E-05 0.998702 9.98829E-05 9.98829E-05 9.98829E-05 9.98829E-05 9.98829E-05 9.98829E-05 9.98829E-05
9.99011E-05 9.99011E-05 9.99011E-05 9.99011E-05 0.0135202 0.0432625 0.942118 9.99011E-05 9.99011E-05 9.99011E-05 9.99011E-05 9.99011E-05 9.99011E-05 9.99011E-05
0.0997704 9.99371E-05 9.99371E-05 0.00245984 9.99371E-05 0.00263155 9.99371E-05 9.99371E-05 0.0101411 0.872093 0.00590778 9.99371E-05 9.99371E-05 0.00629656
9.9901E-05 9.9901E-05 9.9901E-05 9.9901E-05 9.9901E-05 9.9901E-05 0.00581214 9.9901E-05 0.981574 9.9901E-05 9.9901E-05 9.9901E-05 9.9901E-05 0.0115147
0.0260392 9.98919E-05 9.98919E-05 9.98919E-05 9.98919E-05 9.98919E-05 9.98919E-05 9.98919E-05 0.972762 9.98919E-05 9.98919E-05 9.98919E-05 9.98919E-05 9.98919E-05
9.98831E-05 0.998702 9.98831E-05 9.98831E-05 9.98831E-05 9.98831E-05 9.98831E-05 9.98831E-05 9.98831E-05 9.98831E-05 9.98831E-05 9.98831E-05 9.98831E-05 9.98831E-05
9.98832E-05 0.998702 9.98832E-05 9.98832E-05 9.98832E-05 9.98832E-05 9.98832E-05 9.98832E-05 9.98832E-05 9.98832E-05 9.98832E-05 9.98832E-05 9.98832E-05 9.98832E-05
0.0022465 9.9928E-05 0.070467 0.787603 9.9928E-05 0.00108659 9.9928E-05 0.0258415 0.111956 9.9928E-05 9.9928E-05 9.9928E-05 9.9928E-05 9.9928E-05
0.00700718 9.99279E-05 0.0203342 0.745737 9.99279E-05 0.0620558 9.99279E-05 0.0527776 0.111289 9.99279E-05 9.99279E-05 9.99279E-05 9.99279E-05 9.99279E-05
9.99191E-05 0.96227 9.99191E-05 0.0236044 9.99191E-05 9.99191E-05 0.00284832 9.99191E-05 0.00654133 9.99191E-05 9.99191E-05 0.00383616 9.99191E-05 9.99191E-05
9.98832E-05 0.998702 9.98832E-05 9.98832E-05 9.98832E-05 9.98832E-05 9.98832E-05 9.98832E-05 9.98832E-05 9.98832E-05 9.98832E-05 9.98832E-05 9.98832E-05 9.98832E-05
9.99099E-05 9.99099E-05 9.99099E-05 9.99099E-05 9.99099E-05 0.036484 9.99099E-05 0.934781 0.00692786 9.99099E-05 9.99099E-05 9.99099E-05 9.99099E-05 0.0208083
9.9937E-05 9.9937E-05 0.0377802 0.0854904 0.0548164 0.171053 9.9937E-05 0.0279951 0.551607 9.9937E-05 0.0705581 9.9937E-05 9.9937E-05 9.9937E-05
9.9901E-05 9.9901E-05 0.91884 9.9901E-05 0.033044 9.9901E-05 9.9901E-05 9.9901E-05 9.9901E-05 9.9901E-05 9.9901E-05 9.9901E-05 9.9901E-05 0.0470172
0.0335759 0.0750145 9.99282E-05 0.229885 9.99282E-05 0.210561 9.99282E-05 9.99282E-05 9.99282E-05 9.99282E-05 0.0916439 0.358521 9.99282E-05 9.99282E-05
9.99192E-05 0.116704 9.99192E-05 9.99192E-05 9.99192E-05 0.248987 9.99192E-05 0.112807 9.99192E-05 9.99192E-05 0.0538626 0.46674 9.99192E-05 9.99192E-05
0.261592 0.0423581 9.99192E-05 9.99192E-05 9.99192E-05 9.99192E-05 0.654683 9.99192E-05 9.99192E-05 9.99192E-05 0.0223586 9.99192E-05 9.99192E-05 0.0181092
