9.99008E-05 9.99008E-05 0.924966 9.99008E-05 9.99008E-05 0.0170429 0.0568921 9.99008E-05 9.99008E-05 9.99008E-05 9.99008E-05 9.99008E-05 9.99008E-05 9.99008E-05
0.107248 9.99099E-05 9.99099E-05 9.99099E-05 9.99099E-05 0.0526082 9.99099E-05 9.99099E-05 0.208367 9.99099E-05 9.99099E-05 9.99099E-05 9.99099E-05 0.630778
0.679037 9.99376E-05 9.99376E-05 0.00815547 9.99376E-05 0.122372 9.99376E-05 0.0933374 9.99376E-05 9.99376E-05 0.0842429 0.00658679 9.99376E-05 0.00556871
0.965625 9.9919E-05 9.9919E-05 0.0144683 9.9919E-05 0.00468508 0.0110234 9.9919E-05 9.9919E-05 9.9919E-05 9.9919E-05 0.00329893 9.9919E-05 9.9919E-05
0.422692 0.204141 9.99372E-05 9.99372E-05 0.00207506 9.99372E-05 0.16104 9.99372E-05 0.0435991 9.99372E-05 9.99372E-05 0.0737455 9.99372E-05 0.0920075
0.933801 9.9901E-05 9.9901E-05 9.9901E-05 0.0231796 9.9901E-05 9.9901E-05 9.9901E-05 0.0419208 9.9901E-05 9.9901E-05 9.9901E-05 9.9901E-05 9.9901E-05
9.98831E-05 0.998702 9.98831E-05 9.98831E-05 9.98831E-05 9.98831E-05 9.98831E-05 9.98831E-05 9.98831E-05 9.98831E-05 9.98831E-05 9.98831E-05 9.98831E-05 9.98831E-05
0.0688466 9.99188E-05 9.99188E-05 9.99188E-05 9.99188E-05 9.99188E-05 0.0915757 0.688098 9.99188E-05 9.99188E-05 9.99188E-05 0.0556337 9.99188E-05 0.0949471
9.991E-05 0.951053 9.991E-05 9.991E-05 9.991E-05 0.00254158 9.991E-05 9.991E-05 9.991E-05 9.991E-05 9.991E-05 0.0064959 9.991E-05 0.0389103
9.98921E-05 0.0812651 9.98921E-05 9.98921E-05 9.98921E-05 9.98921E-05 0.917536 9.98921E-05 9.98921E-05 9.98921E-05 9.98921E-05 9.98921E-05 9.98921E-05 9.98921E-05
9.98921E-05 0.1027 9.98921E-05 9.98921E-05 9.98921E-05 9.98921E-05 0.896102 9.98921E-05 9.98921E-05 9.98921E-05 9.98921E-05 9.98921E-05 9.98921E-05 9.98921E-05
0.0431613 0.0183541 0.698064 0.129347 9.99191E-05 9.99191E-05 9.99191E-05 9.99191E-05 9.99191E-05 9.99191E-05 0.110175 9.99191E-05 9.99191E-05 9.99191E-05
9.99012E-05 0.0130888 9.99012E-05 9.99012E-05 9.99012E-05 9.99012E-05 9.99012E-05 0.0198284 9.99012E-05 9.99012E-05 0.965984 9.99012E-05 9.99012E-05 9.99012E-05
0.906535 9.99102E-05 9.99102E-05 9.99102E-05 0.0202552 0.0103089 9.99102E-05 9.99102E-05 0.0619016 9.99102E-05 9.99102E-05 9.99102E-05 9.99102E-05 9.99102E-05
0.933366 9.98922E-05 9.98922E-05 9.98922E-05 9.98922E-05 9.98922E-05 9.98922E-05 9.98922E-05 0.0654356 9.98922E-05 9.98922E-05 9.98922E-05 9.98922E-05 9.98922E-05
9.991E-05 9.991E-05 9.991E-05 9.991E-05 0.0771207 9.991E-05 0.0250609 9.991E-05 9.991E-05 9.991E-05 0.0853866 9.991E-05 0.811433 9.991E-05
9.98919E-05 9.98919E-05 9.98919E-05 9.98919E-05 9.98919E-05 0.928572 0.0702292 9.98919E-05 9.98919E-05 9.98919E-05 9.98919E-05 9.98919E-05 9.98919E-05 9.98919E-05
9.99279E-05 9.99279E-05 9.99279E-05 9.99279E-05 9.99279E-05 0.00768031 0.049859 9.99279E-05 0.161549 0.698695 9.99279E-05 0.0370669 9.99279E-05 0.0443505
9.98921E-05 9.98921E-05 9.98921E-05 0.0599004 9.98921E-05 9.98921E-05 9.98921E-05 9.98921E-05 9.98921E-05 0.938901 9.98921E-05 9.98921E-05 9.98921E-05 9.98921E-05
9.99189E-05 9.99189E-05 0.0762468 0.0186854 0.148903 9.99189E-05 0.418172 9.99189E-05 9.99189E-05 9.99189E-05 9.99189E-05 9.99189E-05 0.337093 9.99189E-05
9.98831E-05 9.98831E-05 9.98831E-05 9.98831E-05 9.98831E-05 9.98831E-05 9.98831E-05 9.98831E-05 9.98831E-05 0.998702 9.98831E-05 9.98831E-05 9.98831E-05 9.98831E-05
9.9946E-05 9.9946E-05 0.429424 0.00956092 0.00156806 0.00250529 0.0335276 9.9946E-05 0.259251 9.9946E-05 0.0954215 9.9946E-05 0.168141 9.9946E-05
9.99191E-05 9.99191E-05 9.99191E-05 0.186367 0.0690549 0.262607 0.143014 9.99191E-05 9.99191E-05 0.338058 9.99191E-05 9.99191E-05 9.99191E-05 9.99191E-05
9.99009E-05 9.99009E-05 9.99009E-05 0.0231378 0.128472 9.99009E-05 9.99009E-05 9.99009E-05 9.99009E-05 0.847291 9.99009E-05 9.99009E-05 9.99009E-05 9.99009E-05
0.991399 9.98923E-05 9.98923E-05 9.98923E-05 9.98923E-05 9.98923E-05 9.98923E-05 9.98923E-05 9.98923E-05 9.98923E-05 9.98923E-05 0.00740274 9.98923E-05 9.98923E-05
0.998702 9.98832E-05 9.98832E-05 9.98832E-05 9.98832E-05 9.98832E-05 9.98832E-05 9.98832E-05 9.98832E-05 9.98832E-05 9.98832E-05 9.98832E-05 9.98832E-05 9.98832E-05
9.99279E-05 9.99279E-05 0.0742117 0.0179061 9.99279E-05 0.0753308 0.0774096 9.99279E-05 9.99279E-05 9.99279E-05 0.746711 9.99279E-05 0.00763095 9.99279E-05
0.884471 0.0499663 9.991E-05 9.991E-05 9.991E-05 9.991E-05 9.991E-05 9.991E-05 9.991E-05 9.991E-05 9.991E-05 0.0644496 9.991E-05 0.0001144
0.894021 0.0211256 9.99191E-05 9.99191E-05 9.99191E-05 9.99191E-05 9.99191E-05 9.99191E-05 9.99191E-05 9.99191E-05 0.0179706 0.0479775 9.99191E-05 0.018006
0.532839 9.99372E-05 0.0135683 9.99372E-05 0.0188325 9.99372E-05 9.99372E-05 0.255367 9.99372E-05 0.0180377 0.00642851 0.154228 9.99372E-05 9.99372E-05
0.304836 9.99189E-05 9.99189E-05 0.0386959 0.0125089 9.99189E-05 9.99189E-05 0.593047 9.99189E-05 9.99189E-05 9.99189E-05 0.0500125 9.99189E-05 9.99189E-05
9.98833E-05 9.98833E-05 9.98833E-05 9.98833E-05 9.98833E-05 9.98833E-05 9.98833E-05 9.98833E-05 9.98833E-05 9.98833E-05 9.98833E-05 9.98833E-05 9.98833E-05 0.998702
0.825698 9.99012E-05 9.99012E-05 9.99012E-05 9.99012E-05 9.99012E-05 9.99012E-05 0.147629 0.0255743 9.99012E-05 9.99012E-05 9.99012E-05 9.99012E-05 9.99012E-05
9.99281E-05 0.0117642 9.99281E-05 9.99281E-05 9.99281E-05 0.0018298 0.0066162 0.266018 9.99281E-05 9.99281E-05 9.99281E-05 0.651948 9.99281E-05 0.0610248
0.00582483 9.99548E-05 0.00942218 0.0621029 0.0843744 0.204232 0.0108978 0.02566 0.131908 9.99548E-05 0.465078 9.99548E-05 9.99548E-05 9.99548E-05
0.905966 0.0231651 0.00802532 9.99369E-05 0.0427589 9.99369E-05 9.99369E-05 0.0177129 0.000853337 9.99369E-05 0.000818452 9.99369E-05 9.99369E-05 9.99369E-05
9.99011E-05 9.99011E-05 0.945031 9.99011E-05 0.0294349 9.99011E-05 9.99011E-05 0.0244355 9.99011E-05 9.99011E-05 9.99011E-05 9.99011E-05 9.99011E-05 9.99011E-05
0.0123137 9.99369E-05 0.0497871 9.99369E-05 9.99369E-05 0.0589385 0.56375 0.0198094 0.104529 9.99369E-05 9.99369E-05 9.99369E-05 9.99369E-05 0.190172
9.9883E-05 9.9883E-05 9.9883E-05 9.9883E-05 9.9883E-05 0.998702 9.9883E-05 9.9883E-05 9.9883E-05 9.9883E-05 9.9883E-05 9.9883E-05 9.9883E-05 9.9883E-05
9.9883E-05 9.9883E-05 9.9883E-05 9.9883E-05 9.9883E-05 9.9883E-05 9.9883E-05 9.9883E-05 0.998702 9.9883E-05 9.9883E-05 9.9883E-05 9.9883E-05 9.9883E-05
9.99009E-05 9.99009E-05 0.0109745 0.0168847 9.99009E-05 9.99009E-05 9.99009E-05 9.99009E-05 0.971042 9.99009E-05 9.99009E-05 9.99009E-05 9.99009E-05 9.99009E-05
9.99189E-05 9.99189E-05 0.0446656 9.99189E-05 0.0624859 0.000386075 0.840681 9.99189E-05 0.0508825 9.99189E-05 9.99189E-05 9.99189E-05 9.99189E-05 9.99189E-05
9.9937E-05 0.0845555 0.0341624 9.9937E-05 9.9937E-05 9.9937E-05 0.0424796 9.9937E-05 0.00672027 0.01869 0.0508974 9.9937E-05 0.761795 9.9937E-05
9.99099E-05 9.99099E-05 9.99099E-05 9.99099E-05 0.0956138 9.99099E-05 0.879504 9.99099E-05 9.99099E-05 9.99099E-05 9.99099E-05 0.0124449 0.0114381 9.99099E-05
9.99459E-05 9.99459E-05 9.99459E-05 0.0570818 0.271112 9.99459E-05 0.285287 9.99459E-05 0.139467 0.0747904 0.0982561 9.99459E-05 0.00908563 0.0643207
0.0210009 9.994E-05 0.0444874 9.994E-05 0.222221 9.994E-05 0.360909 0.0161721 0.221076 9.994E-05 9.994E-05 9.994E-05 0.0761118 0.0374221
0.0663355 0.0502043 0.200588 9.99459E-05 0.345131 0.109307 0.166902 9.99459E-05 9.99459E-05 9.99459E-05 0.0240545 0.0368781 9.99459E-05 9.99459E-05
9.98927E-05 9.98927E-05 0.976964 9.98927E-05 9.98927E-05 9.98927E-05 9.98927E-05 9.98927E-05 9.98927E-05 0.0218377 9.98927E-05 9.98927E-05 9.98927E-05 9.98927E-05
9.98831E-05 9.98831E-05 9.98831E-05 9.98831E-05 9.98831E-05 9.98831E-05 9.98831E-05 9.98831E-05 9.98831E-05 9.98831E-05 9.98831E-05 0.998702 9.98831E-05 9.98831E-05
9.98921E-05 9.98921E-05 9.98921E-05 9.98921E-05 9.98921E-05 9.98921E-05 9.98921E-05 9.98921E-05 0.00546003 9.98921E-05 9.98921E-05 0.993341 9.98921E-05 9.98921E-05
9.99101E-05 0.00324303 9.99101E-05 9.99101E-05 0.0042034 9.99101E-05 9.99101E-05 9.99101E-05 9.99101E-05 9.99101E-05 9.99101E-05 0.978926 0.0126285 9.99101E-05
9.98832E-05 9.98832E-05 9.98832E-05 9.98832E-05 9.98832E-05 9.98832E-05 9.98832E-05 9.98832E-05 9.98832E-05 9.98832E-05 9.98832E-05 0.998702 9.98832E-05 9.98832E-05
9.98831E-05 9.98831E-05 9.98831E-05 9.98831E-05 9.98831E-05 9.98831E-05 9.98831E-05 9.98831E-05 9.98831E-05 9.98831E-05 9.98831E-05 0.998702 9.98831E-05 9.98831E-05
0.0518131 9.99461E-05 9.99461E-05 9.99461E-05 9.99461E-05 9.99461E-05 0.013989 0.390389 9.99461E-05 0.0368964 0.0037321 0.307402 0.118952 0.0762269
9.99011E-05 9.99011E-05 9.99011E-05 9.99011E-05 9.99011E-05 9.99011E-05 9.99011E-05 9.99011E-05 9.99011E-05 9.99011E-05 0.00853639 0.926962 9.99011E-05 0.0634028
9.99008E-05 9.99008E-05 0.763201 9.99008E-05 0.0433446 9.99008E-05 9.99008E-05 9.99008E-05 9.99008E-05 9.99008E-05 9.99008E-05 9.99008E-05 0.192356 9.99008E-05
9.99099E-05 0.0500467 9.99099E-05 9.99099E-05 9.99099E-05 9.99099E-05 9.99099E-05 9.99099E-05 9.99099E-05 9.99099E-05 9.99099E-05 0.0223491 0.00602773 0.920577
0.97365 9.9892E-05 9.9892E-05 9.9892E-05 9.9892E-05 9.9892E-05 9.9892E-05 9.9892E-05 0.0251509 9.9892E-05 9.9892E-05 9.9892E-05 9.9892E-05 9.9892E-05
9.99011E-05 9.99011E-05 9.99011E-05 0.0198988 9.99011E-05 9.99011E-05 9.99011E-05 9.99011E-05 0.157193 9.99011E-05 0.821809 9.99011E-05 9.99011E-05 9.99011E-05
9.98922E-05 9.98922E-05 9.98922E-05 9.98922E-05 0.121816 9.98922E-05 9.98922E-05 9.98922E-05 9.98922E-05 9.98922E-05 9.98922E-05 9.98922E-05 0.876985 9.98922E-05
9.98923E-05 9.98923E-05 9.98923E-05 9.98923E-05 9.98923E-05 9.98923E-05 9.98923E-05 0.019493 9.98923E-05 9.98923E-05 0.979308 9.98923E-05 9.98923E-05 9.98923E-05
9.99099E-05 9.99099E-05 0.0112133 9.99099E-05 9.99099E-05 9.99099E-05 0.11284 9.99099E-05 0.0056807 9.99099E-05 0.869267 9.99099E-05 9.99099E-05 9.99099E-05
9.99098E-05 9.99098E-05 9.99098E-05 0.0340661 0.0706972 9.99098E-05 0.110615 9.99098E-05 9.99098E-05 9.99098E-05 0.783623 9.99098E-05 9.99098E-05 9.99098E-05
9.99192E-05 9.99192E-05 0.0350441 9.99192E-05 9.99192E-05 9.99192E-05 0.0397827 0.016636 9.99192E-05 0.907232 9.99192E-05 0.000405762 9.99192E-05 9.99192E-05
0.98543 9.99105E-05 9.99105E-05 0.00183041 9.99105E-05 9.99105E-05 0.00174329 9.99105E-05 9.99105E-05 9.99105E-05 9.99105E-05 0.00999741 9.99105E-05 9.99105E-05
0.283797 9.9973E-05 0.0161463 0.017149 9.9973E-05 0.190669 0.122572 9.9973E-05 0.0560391 0.0735128 0.101726 0.0563403 0.0444495 0.0372993
0.863965 9.99014E-05 9.99014E-05 9.99014E-05 9.99014E-05 9.99014E-05 9.99014E-05 0.101799 9.99014E-05 9.99014E-05 0.0331365 9.99014E-05 9.99014E-05 9.99014E-05
0.904853 0.00863827 0.00776716 9.9928E-05 9.9928E-05 0.0216128 9.9928E-05 9.9928E-05 0.0456297 9.9928E-05 9.9928E-05 0.0106992 9.9928E-05 9.9928E-05
0.842467 9.991E-05 9.991E-05 9.991E-05 9.991E-05 9.991E-05 9.991E-05 0.0625528 9.991E-05 9.991E-05 9.991E-05 0.0202897 0.0736911 9.991E-05
0.883487 0.00628336 9.99371E-05 9.99371E-05 9.99371E-05 9.99371E-05 9.99371E-05 0.0116606 9.99371E-05 0.00784869 9.99371E-05 0.00149862 0.0561104 0.0324121
0.78757 9.99191E-05 9.99191E-05 9.99191E-05 0.0108953 9.99191E-05 0.0879081 0.0964582 9.99191E-05 9.99191E-05 9.99191E-05 9.99191E-05 9.99191E-05 0.0162694
0.932636 0.00449062 9.99196E-05 9.99196E-05 0.0243931 9.99196E-05 9.99196E-05 9.99196E-05 0.0356498 9.99196E-05 9.99196E-05 0.00193121 9.99196E-05 9.99196E-05
9.9892E-05 9.9892E-05 9.9892E-05 9.9892E-05 9.9892E-05 9.9892E-05 9.9892E-05 0.977695 9.9892E-05 9.9892E-05 9.9892E-05 0.0211065 9.9892E-05 9.9892E-05
9.98921E-05 9.98921E-05 9.98921E-05 9.98921E-05 9.98921E-05 9.98921E-05 9.98921E-05 0.976494 9.98921E-05 9.98921E-05 0.0223072 9.98921E-05 9.98921E-05 9.98921E-05
0.911761 9.99191E-05 9.99191E-05 9.99191E-05 9.99191E-05 9.99191E-05 9.99191E-05 9.99191E-05 9.99191E-05 0.0111222 0.00641378 0.0299837 0.0398199 9.99191E-05
9.9919E-05 9.9919E-05 9.9919E-05 9.9919E-05 9.9919E-05 0.0216638 9.9919E-05 0.00760575 0.0194697 9.9919E-05 9.9919E-05 0.00426978 0.946092 9.9919E-05
9.98919E-05 9.98919E-05 9.98919E-05 9.98919E-05 9.98919E-05 9.98919E-05 9.98919E-05 9.98919E-05 9.98919E-05 9.98919E-05 9.98919E-05 0.0121171 0.986684 9.98919E-05
9.98921E-05 9.98921E-05 9.98921E-05 0.991593 9.98921E-05 9.98921E-05 9.98921E-05 9.98921E-05 0.00720839 9.98921E-05 9.98921E-05 9.98921E-05 9.98921E-05 9.98921E-05
9.98922E-05 9.98922E-05 9.98922E-05 0.985829 9.98922E-05 9.98922E-05 9.98922E-05 9.98922E-05 0.0129723 9.98922E-05 9.98922E-05 9.98922E-05 9.98922E-05 9.98922E-05
9.99279E-05 9.99279E-05 0.0169636 9.99279E-05 9.99279E-05 9.99279E-05 0.756903 9.99279E-05 0.0789482 9.99279E-05 0.0459143 9.99279E-05 0.051691 0.0487799
9.9919E-05 9.9919E-05 9.9919E-05 9.9919E-05 9.9919E-05 9.9919E-05 0.709148 9.9919E-05 0.0827782 9.9919E-05 0.107726 9.9919E-05 0.0767481 0.0227006
9.99101E-05 9.99101E-05 9.99101E-05 0.961733 9.99101E-05 9.99101E-05 9.99101E-05 0.0248263 9.99101E-05 9.99101E-05 9.99101E-05 9.99101E-05 0.00562412 0.00681712
9.98832E-05 9.98832E-05 9.98832E-05 0.998702 9.98832E-05 9.98832E-05 9.98832E-05 9.98832E-05 9.98832E-05 9.98832E-05 9.98832E-05 9.98832E-05 9.98832E-05 9.98832E-05
9.99099E-05 9.99099E-05 0.949565 9.99099E-05 9.99099E-05 9.99099E-05 9.99099E-05 9.99099E-05 9.99099E-05 9.99099E-05 0.0257499 0.00268627 0.0210002 9.99099E-05
9.99189E-05 0.0943432 9.99189E-05 9.99189E-05 9.99189E-05 9.99189E-05 9.99189E-05 9.99189E-05 0.631056 0.0187294 0.148271 9.99189E-05 0.106701 9.99189E-05
9.9901E-05 0.0498516 9.9901E-05 9.9901E-05 9.9901E-05 9.9901E-05 9.9901E-05 9.9901E-05 9.9901E-05 9.9901E-05 9.9901E-05 0.027789 9.9901E-05 0.921261
9.98829E-05 9.98829E-05 9.98829E-05 9.98829E-05 0.998702 9.98829E-05 9.98829E-05 9.98829E-05 9.98829E-05 9.98829E-05 9.98829E-05 9.98829E-05 9.98829E-05 9.98829E-05
9.99191E-05 9.99191E-05 0.0357622 0.0155917 0.782458 0.0873671 9.99191E-05 9.99191E-05 9.99191E-05 9.99191E-05 0.0779222 9.99191E-05 9.99191E-05 9.99191E-05
0.200919 9.99102E-05 9.99102E-05 0.0430812 9.99102E-05 9.99102E-05 9.99102E-05 0.688167 9.99102E-05 9.99102E-05 9.99102E-05 0.0668329 9.99102E-05 9.99102E-05
