9.995E-05 9.995E-05 9.995E-05 9.995E-05 9.995E-05 0.9994 9.995E-05
0.00920675 9.9982E-05 0.304911 0.212017 0.12093 0.352734 9.9982E-05
0.0968704 0.0175454 0.820567 0.0476649 0.0100543 9.99911E-05 0.00719763
0.062625 9.9955E-05 0.936875 9.9955E-05 9.9955E-05 9.9955E-05 9.9955E-05
9.99731E-05 9.99731E-05 0.435591 0.301066 0.119301 0.143743 9.99731E-05
0.0145334 0.00359198 0.968689 9.9973E-05 9.9973E-05 0.0128861 9.9973E-05
9.995E-05 9.995E-05 9.995E-05 0.9994 9.995E-05 9.995E-05 9.995E-05
0.0303858 9.9982E-05 0.415802 0.214247 0.334328 0.0050371 9.9982E-05
9.995E-05 9.995E-05 9.995E-05 0.9994 9.995E-05 9.995E-05 9.995E-05
0.134994 9.99639E-05 9.99639E-05 0.439125 9.99639E-05 0.425482 9.99639E-05
0.132211 9.9973E-05 9.9973E-05 0.418538 9.9973E-05 0.433939 0.0150118
0.0890825 9.9973E-05 0.0503295 9.9973E-05 9.9973E-05 0.660392 0.199896
9.99551E-05 9.99551E-05 9.99551E-05 0.0119002 9.99551E-05 9.99551E-05 0.9876
9.9964E-05 0.0287565 0.937096 9.9964E-05 9.9964E-05 0.0337474 9.9964E-05
9.9964E-05 0.00491121 0.959159 9.9964E-05 9.9964E-05 0.0355297 9.9964E-05
0.0157941 9.99819E-05 9.99819E-05 0.232838 0.00601428 0.421939 0.323215
0.320005 0.0800658 0.0466185 9.9982E-05 9.9982E-05 0.283015 0.270096
9.99729E-05 0.729414 9.99729E-05 0.0454968 0.0609844 0.163805 9.99729E-05
0.0629004 0.9366 9.9955E-05 9.9955E-05 9.9955E-05 9.9955E-05 9.9955E-05
0.150083 9.9982E-05 9.9982E-05 0.0594817 0.00608689 0.673733 0.110416
9.9955E-05 0.998703 0.000796967 9.9955E-05 9.9955E-05 9.9955E-05 9.9955E-05
9.9955E-05 9.9955E-05 9.9955E-05 9.9955E-05 9.9955E-05 0.881817 0.117684
0.399394 0.412203 0.0144704 0.0881743 0.0112436 0.0744147 9.9991E-05
0.106665 0.892835 9.99549E-05 9.99549E-05 9.99549E-05 9.99549E-05 9.99549E-05
9.995E-05 9.995E-05 0.9994 9.995E-05 9.995E-05 9.995E-05 9.995E-05
9.995E-05 9.995E-05 0.9994 9.995E-05 9.995E-05 9.995E-05 9.995E-05
0.0309833 9.99639E-05 9.99639E-05 9.99639E-05 9.99639E-05 0.131046 0.837571
9.9964E-05 9.9964E-05 0.92608 9.9964E-05 0.0602589 9.9964E-05 0.013261
9.9973E-05 9.9973E-05 0.88763 0.0227209 0.0825832 9.9973E-05 0.0067663
0.0250711 0.0189969 0.688986 9.99731E-05 0.266646 9.99731E-05 9.99731E-05
0.0534655 9.9973E-05 0.67635 0.0498956 0.219989 9.9973E-05 9.9973E-05
9.99731E-05 9.99731E-05 0.0772811 0.297195 0.394507 0.230718 9.99731E-05
9.995E-05 9.995E-05 0.9994 9.995E-05 9.995E-05 9.995E-05 9.995E-05
9.99641E-05 9.99641E-05 0.0961782 0.0438157 0.859606 9.99641E-05 9.99641E-05
0.190302 9.99729E-05 0.0625721 9.99729E-05 9.99729E-05 0.151297 0.59553
9.99639E-05 9.99639E-05 0.972393 0.0122229 9.99639E-05 9.99639E-05 0.0149843
9.99551E-05 9.99551E-05 0.0392394 9.99551E-05 9.99551E-05 0.960261 9.99551E-05
0.0114909 0.0498019 0.0198289 0.200403 0.0986127 0.619762 9.9991E-05
0.375941 0.0630167 0.128414 9.9982E-05 9.9982E-05 0.217301 0.215127
0.0371051 0.00267298 0.123355 0.0406298 9.9982E-05 0.796037 9.9982E-05
0.0494562 0.009973 0.0876655 0.0679098 9.99819E-05 0.784796 9.99819E-05
0.102305 0.0227559 9.9991E-05 0.0987616 0.00310652 0.713636 0.0593345
9.99639E-05 9.99639E-05 9.99639E-05 0.382251 9.99639E-05 0.464493 0.152856
0.12352 0.000391606 9.9991E-05 0.00563498 0.0647512 0.679725 0.125877
0.15906 0.123912 9.99819E-05 0.113407 9.99819E-05 0.422904 0.180517
0.0923983 0.0350554 0.037244 0.0898137 0.0714028 0.572485 0.101601
0.0954142 9.9982E-05 0.114066 9.9982E-05 0.0532872 0.422399 0.314634
9.995E-05 9.995E-05 9.995E-05 9.995E-05 9.995E-05 0.9994 9.995E-05
9.995E-05 9.995E-05 9.995E-05 9.995E-05 0.9994 9.995E-05 9.995E-05
9.995E-05 9.995E-05 9.995E-05 9.995E-05 0.9994 9.995E-05 9.995E-05
0.0153051 9.9955E-05 9.9955E-05 9.9955E-05 0.984195 9.9955E-05 9.9955E-05
9.995E-05 9.995E-05 9.995E-05 9.995E-05 0.9994 9.995E-05 9.995E-05
9.995E-05 9.995E-05 9.995E-05 9.995E-05 0.9994 9.995E-05 9.995E-05
9.99731E-05 0.0322192 0.208954 0.204491 0.554037 9.99731E-05 9.99731E-05
9.9955E-05 9.9955E-05 9.9955E-05 9.9955E-05 0.996101 9.9955E-05 0.00339893
9.9955E-05 9.9955E-05 9.9955E-05 9.9955E-05 9.9955E-05 0.907012 0.0924884
9.99729E-05 9.99729E-05 0.13133 0.344146 0.333971 0.190253 9.99729E-05
9.995E-05 9.995E-05 0.9994 9.995E-05 9.995E-05 9.995E-05 9.995E-05
9.9973E-05 9.9973E-05 9.9973E-05 0.0206097 0.00883554 0.097626 0.872629
9.9973E-05 9.9973E-05 0.00419584 0.278871 9.9973E-05 0.417136 0.299497
9.99551E-05 9.99551E-05 9.99551E-05 0.0548748 9.99551E-05 9.99551E-05 0.944625
9.99549E-05 9.99549E-05 9.99549E-05 9.99549E-05 9.99549E-05 0.109345 0.890156
0.0340618 0.00431802 9.99729E-05 9.99729E-05 9.99729E-05 0.0565939 0.904726
9.99551E-05 0.881979 9.99551E-05 9.99551E-05 9.99551E-05 0.117521 9.99551E-05
0.00581696 9.99641E-05 0.990979 0.0028039 9.99641E-05 9.99641E-05 9.99641E-05
0.0392072 0.021863 0.31048 0.100433 0.0744502 0.295321 0.158246
9.99552E-05 9.99552E-05 0.991111 9.99552E-05 9.99552E-05 9.99552E-05 0.00838909
9.9964E-05 9.9964E-05 0.94823 9.9964E-05 0.0110242 0.040346 9.9964E-05
9.9973E-05 9.9973E-05 0.919341 0.036847 0.0319218 9.9973E-05 0.0115905
9.9973E-05 0.000305743 0.931879 0.0464905 0.0210244 9.9973E-05 9.9973E-05
0.00591044 9.9973E-05 0.902882 0.0205474 9.9973E-05 0.0703601 9.9973E-05
0.0118901 9.9964E-05 0.957085 0.0306248 9.9964E-05 9.9964E-05 9.9964E-05
9.99642E-05 9.99642E-05 0.525497 0.183702 0.290402 9.99642E-05 9.99642E-05
9.99642E-05 9.99642E-05 0.493174 0.359908 0.146518 9.99642E-05 9.99642E-05
0.0182743 9.9973E-05 0.959988 9.9973E-05 0.0107784 0.0106599 9.9973E-05
0.117659 9.99819E-05 0.0105652 0.391127 0.026396 0.454053 9.99819E-05
0.109893 9.9991E-05 0.0188264 0.396645 0.00661901 0.401501 0.0664155
0.9994 9.995E-05 9.995E-05 9.995E-05 9.995E-05 9.995E-05 9.995E-05
0.9994 9.995E-05 9.995E-05 9.995E-05 9.995E-05 9.995E-05 9.995E-05
0.0810589 0.0051012 9.9991E-05 0.246559 0.00973688 0.650528 0.00691629
0.0839891 0.0199811 9.9991E-05 0.250211 0.00356466 0.600699 0.0414544
0.9994 9.995E-05 9.995E-05 9.995E-05 9.995E-05 9.995E-05 9.995E-05
0.9994 9.995E-05 9.995E-05 9.995E-05 9.995E-05 9.995E-05 9.995E-05
9.9964E-05 9.9964E-05 9.9964E-05 9.9964E-05 0.00115254 0.97672 0.0217281
9.99729E-05 0.0642297 9.99729E-05 0.286205 9.99729E-05 0.456851 0.192414
9.9973E-05 9.9973E-05 0.0984469 0.370537 0.368506 0.16221 9.9973E-05
0.227018 0.127582 0.0833595 9.99821E-05 9.99821E-05 0.124173 0.437667
0.276542 0.0680577 9.99731E-05 9.99731E-05 9.99731E-05 0.182229 0.472872
0.0173371 0.0307269 0.654972 0.110679 0.186085 9.99821E-05 9.99821E-05
