0.000472317 9.99639E-05 9.99639E-05 9.99639E-05 9.99639E-05 0.929684 0.069444
0.00567135 9.9982E-05 9.9982E-05 0.234092 0.340004 0.218823 0.20121
0.0512948 0.007212 0.131022 0.0589984 0.751273 9.99822E-05 9.99822E-05
0.0516548 9.9955E-05 9.9955E-05 9.9955E-05 0.947845 9.9955E-05 9.9955E-05
9.99731E-05 9.99731E-05 9.99731E-05 0.223703 0.477463 0.0900856 0.208448
9.9955E-05 9.9955E-05 9.9955E-05 9.9955E-05 0.978695 0.0208054 9.9955E-05
9.99732E-05 9.99732E-05 0.393901 0.305276 0.0429175 9.99732E-05 0.257606
0.0232673 9.99731E-05 9.99731E-05 0.382133 0.460089 9.99731E-05 0.134211
9.99731E-05 9.99731E-05 0.28075 0.330903 0.015841 9.99731E-05 0.372207
9.995E-05 9.995E-05 9.995E-05 9.995E-05 9.995E-05 9.995E-05 0.9994
9.995E-05 9.995E-05 9.995E-05 9.995E-05 9.995E-05 9.995E-05 0.9994
0.132415 9.9973E-05 0.167857 9.9973E-05 0.0233149 0.676114 9.9973E-05
9.99551E-05 9.99551E-05 0.99465 9.99551E-05 0.00485072 9.99551E-05 9.99551E-05
9.9964E-05 0.032561 9.9964E-05 9.9964E-05 0.943764 0.0232749 9.9964E-05
9.9964E-05 0.00133003 9.9964E-05 9.9964E-05 0.938458 0.0598126 9.9964E-05
9.9982E-05 9.9982E-05 0.330645 0.0192015 0.00596581 0.065077 0.578911
0.343282 0.0668948 0.207851 9.9973E-05 9.9973E-05 9.9973E-05 0.381672
9.99729E-05 0.723379 9.99729E-05 0.0592216 9.99729E-05 0.0400709 0.177028
0.0785221 0.920978 9.9955E-05 9.9955E-05 9.9955E-05 9.9955E-05 9.9955E-05
0.100974 9.9973E-05 0.00436794 9.9973E-05 9.9973E-05 0.137427 0.756931
9.995E-05 0.9994 9.995E-05 9.995E-05 9.995E-05 9.995E-05 9.995E-05
9.99639E-05 9.99639E-05 0.0749087 9.99639E-05 9.99639E-05 0.573628 0.351063
0.387595 0.401567 9.9973E-05 0.0344067 9.9973E-05 9.9973E-05 0.176131
0.102426 0.897075 9.9955E-05 9.9955E-05 9.9955E-05 9.9955E-05 9.9955E-05
9.995E-05 9.995E-05 9.995E-05 9.995E-05 0.9994 9.995E-05 9.995E-05
9.995E-05 9.995E-05 9.995E-05 9.995E-05 0.9994 9.995E-05 9.995E-05
0.0814318 9.99729E-05 0.767195 9.99729E-05 9.99729E-05 0.0840227 0.0670504
9.9964E-05 9.9964E-05 0.00126391 0.0700135 0.928323 9.9964E-05 9.9964E-05
9.9964E-05 9.9964E-05 0.0231196 0.0956525 0.880828 9.9964E-05 9.9964E-05
0.00216416 0.0153662 9.99821E-05 0.243019 0.689663 0.0495877 9.99821E-05
0.0613167 9.9964E-05 9.9964E-05 0.313945 0.624339 9.9964E-05 9.9964E-05
9.99731E-05 9.99731E-05 9.99731E-05 0.574394 0.0933293 0.205428 0.12655
9.995E-05 9.995E-05 9.995E-05 9.995E-05 0.9994 9.995E-05 9.995E-05
0.00818473 9.99641E-05 9.99641E-05 0.911752 0.0796632 9.99641E-05 9.99641E-05
0.245945 9.99819E-05 0.561726 9.99819E-05 0.0396177 0.115946 0.0365653
0.00570042 9.99639E-05 0.0254444 9.99639E-05 0.968455 9.99639E-05 9.99639E-05
9.9955E-05 9.9955E-05 9.9955E-05 9.9955E-05 0.00610352 0.993397 9.9955E-05
9.9982E-05 0.0185196 9.9982E-05 0.0640767 0.0538737 0.118987 0.744343
0.397551 0.0382157 0.1756 9.9991E-05 0.134933 0.0165987 0.237002
9.99639E-05 9.99639E-05 9.99639E-05 9.99639E-05 0.109046 0.270608 0.619947
0.00367107 0.015633 9.9982E-05 9.9982E-05 0.0663783 0.297375 0.616743
0.0209925 0.00363938 9.9973E-05 9.9973E-05 9.9973E-05 0.0206523 0.954416
9.9964E-05 9.9964E-05 0.236661 9.9964E-05 9.9964E-05 0.109916 0.653023
0.0392149 0.00511714 9.9964E-05 9.9964E-05 9.9964E-05 9.9964E-05 0.955268
0.156319 0.102497 0.176784 9.9982E-05 9.9982E-05 0.0755247 0.488675
0.0441698 0.0272879 0.0264411 9.9991E-05 0.079648 0.181455 0.640899
0.0957868 9.9991E-05 0.224475 0.0664996 0.0774263 0.235276 0.300436
9.99553E-05 0.0038496 9.99553E-05 9.99553E-05 9.99553E-05 0.995651 9.99553E-05
9.995E-05 9.995E-05 9.995E-05 0.9994 9.995E-05 9.995E-05 9.995E-05
9.995E-05 9.995E-05 9.995E-05 0.9994 9.995E-05 9.995E-05 9.995E-05
0.0151941 9.9955E-05 9.9955E-05 0.984306 9.9955E-05 9.9955E-05 9.9955E-05
9.995E-05 9.995E-05 9.995E-05 0.9994 9.995E-05 9.995E-05 9.995E-05
9.995E-05 9.995E-05 9.995E-05 0.9994 9.995E-05 9.995E-05 9.995E-05
0.000809329 0.0459309 0.0137219 0.582496 0.26331 9.9991E-05 0.0936319
9.99549E-05 9.99549E-05 9.99549E-05 0.994731 9.99549E-05 0.00476941 9.99549E-05
9.99639E-05 9.99639E-05 0.0786153 9.99639E-05 9.99639E-05 0.845272 0.075713
9.9973E-05 9.9973E-05 9.9973E-05 0.537956 0.104575 0.206583 0.150587
9.995E-05 9.995E-05 9.995E-05 9.995E-05 0.9994 9.995E-05 9.995E-05
0.0463354 9.9973E-05 0.869647 0.00791367 9.9973E-05 0.0758042 9.9973E-05
9.9973E-05 9.9973E-05 0.315152 9.9973E-05 0.0547397 0.156863 0.472945
9.995E-05 9.995E-05 0.9994 9.995E-05 9.995E-05 9.995E-05 9.995E-05
9.99639E-05 9.99639E-05 0.886339 9.99639E-05 9.99639E-05 0.0180433 0.0952177
0.0795964 9.99639E-05 0.837707 9.99639E-05 9.99639E-05 9.99639E-05 0.0822967
9.99551E-05 0.923199 9.99551E-05 9.99551E-05 9.99551E-05 0.0763008 9.99551E-05
0.0040317 9.99552E-05 9.99552E-05 9.99552E-05 0.995469 9.99552E-05 9.99552E-05
0.00213693 0.0529937 0.207049 0.192572 0.262872 0.084764 0.197612
9.995E-05 9.995E-05 9.995E-05 9.995E-05 0.9994 9.995E-05 9.995E-05
9.9964E-05 9.9964E-05 9.9964E-05 0.00628109 0.960223 0.0330963 9.9964E-05
9.9964E-05 9.9964E-05 0.0228137 0.103695 0.873092 9.9964E-05 9.9964E-05
9.9964E-05 9.9964E-05 9.9964E-05 0.0369005 0.946035 0.0166646 9.9964E-05
9.99551E-05 9.99551E-05 9.99551E-05 9.99551E-05 0.925872 9.99551E-05 0.0736281
0.00582891 9.99549E-05 9.99549E-05 9.99549E-05 0.993671 9.99549E-05 9.99549E-05
9.99553E-05 9.99553E-05 9.99553E-05 0.468113 0.531387 9.99553E-05 9.99553E-05
9.99642E-05 9.99642E-05 0.177622 0.314682 0.507297 9.99642E-05 9.99642E-05
0.00830573 0.00863717 9.9982E-05 9.9982E-05 0.976156 0.00284878 0.0038525
9.9982E-05 9.9982E-05 0.0868307 0.0444261 0.0688634 0.0389481 0.760732
0.00434675 9.9991E-05 0.113549 0.0417794 0.0701294 0.0433628 0.726732
0.9994 9.995E-05 9.995E-05 9.995E-05 9.995E-05 9.995E-05 9.995E-05
0.9994 9.995E-05 9.995E-05 9.995E-05 9.995E-05 9.995E-05 9.995E-05
9.9955E-05 9.9955E-05 9.9955E-05 9.9955E-05 9.9955E-05 0.0427211 0.956779
9.9973E-05 9.9973E-05 0.0417811 0.00179354 9.9973E-05 0.056548 0.899577
0.995925 9.9955E-05 9.9955E-05 0.00357487 9.9955E-05 9.9955E-05 9.9955E-05
0.9994 9.995E-05 9.995E-05 9.995E-05 9.995E-05 9.995E-05 9.995E-05
9.99549E-05 9.99549E-05 0.0423361 9.99549E-05 9.99549E-05 0.957164 9.99549E-05
9.9982E-05 0.0490221 0.264695 9.9982E-05 0.00430321 0.0898019 0.591978
9.9973E-05 9.9973E-05 9.9973E-05 0.57347 0.0883304 0.175128 0.162772
0.262578 0.12241 0.330083 9.9982E-05 0.0491504 9.9982E-05 0.235579
0.336178 0.0808079 0.432953 9.99731E-05 9.99731E-05 0.149761 9.99731E-05
0.0533966 0.0350774 0.0126619 0.270446 0.628218 9.99821E-05 9.99821E-05
