9.9982E-05 0.960459 0.0228279 0.0165129 9.9982E-05
9.999E-05 0.356066 0.0179161 0.331769 0.294148
0.0402133 0.0145672 0.087313 0.105747 0.75216
9.9973E-05 9.9973E-05 0.0203581 9.9973E-05 0.979342
9.999E-05 0.196159 0.0254643 0.307017 0.47126
0.00311326 9.9982E-05 0.00353047 9.9982E-05 0.993156
9.99822E-05 0.544328 9.99822E-05 0.424213 0.0312585
9.999E-05 0.0747157 0.0393778 0.489489 0.396318
9.99821E-05 0.521363 9.99821E-05 0.465064 0.0133728
9.9982E-05 0.731238 0.133896 0.134666 9.9982E-05
9.9982E-05 0.779722 0.109273 0.110805 9.9982E-05
9.9982E-05 0.75708 0.179334 9.9982E-05 0.0633859
0.016291 0.922099 9.99821E-05 9.99821E-05 0.0614103
0.0257915 0.00613763 0.00282231 9.9991E-05 0.965149
0.016732 0.0412528 9.9982E-05 9.9982E-05 0.941815
9.999E-05 0.898705 0.0182591 0.0444533 0.038483
0.098701 0.478299 0.395376 9.9991E-05 0.0275237
0.750634 0.175851 9.9982E-05 0.0733147 9.9982E-05
0.923958 9.9973E-05 0.075742 9.9973E-05 9.9973E-05
9.9982E-05 0.842549 0.140087 0.0171638 9.9982E-05
0.9996 9.997E-05 9.997E-05 9.997E-05 9.997E-05
9.9982E-05 0.942801 0.0471208 9.9982E-05 0.00987847
0.435953 0.0761509 0.39327 0.0945264 9.9991E-05
0.926069 9.9973E-05 0.0736307 9.9973E-05 9.9973E-05
9.9973E-05 9.9973E-05 9.9973E-05 0.0171405 0.98256
9.997E-05 9.997E-05 9.997E-05 9.997E-05 0.9996
0.00661562 0.899094 0.0940907 9.9982E-05 9.9982E-05
9.9973E-05 9.9973E-05 9.9973E-05 0.0559504 0.94375
9.9973E-05 9.9973E-05 9.9973E-05 0.105741 0.893959
0.0157962 9.99821E-05 9.99821E-05 0.269682 0.714322
9.9982E-05 9.9982E-05 0.075012 0.320464 0.604324
9.9991E-05 0.304929 0.00329634 0.576786 0.114888
9.99731E-05 9.99731E-05 0.010952 9.99731E-05 0.988748
9.9973E-05 9.9973E-05 9.9973E-05 0.942761 0.0569391
9.9982E-05 0.64611 0.276546 9.9982E-05 0.0771438
9.9982E-05 0.00473552 0.0284575 9.9982E-05 0.966607
9.99821E-05 0.872475 0.0242601 9.99821E-05 0.103065
0.0236797 0.697712 0.0516486 0.203007 0.0239531
0.0691107 0.339192 0.422347 9.9991E-05 0.16925
9.9982E-05 0.770396 0.0591332 9.9982E-05 0.170271
0.00739167 0.82252 0.0641405 9.9991E-05 0.105848
0.018438 0.853327 0.109608 0.0185269 9.9991E-05
9.9973E-05 0.937041 9.9973E-05 0.0626594 9.9973E-05
9.99819E-05 0.815712 0.144764 0.0393239 9.99819E-05
0.109521 0.62095 0.199832 0.0695971 9.9991E-05
0.0521569 0.683767 0.0914161 0.09447 0.0781903
9.9991E-05 0.684303 0.14787 0.0555832 0.112143
0.0389588 0.960741 9.99733E-05 9.99733E-05 9.99733E-05
9.997E-05 9.997E-05 9.997E-05 0.9996 9.997E-05
9.997E-05 9.997E-05 9.997E-05 0.9996 9.997E-05
9.99729E-05 9.99729E-05 0.00347941 0.996221 9.99729E-05
9.997E-05 9.997E-05 9.997E-05 0.9996 9.997E-05
9.997E-05 9.997E-05 9.997E-05 0.9996 9.997E-05
0.0426444 0.0640644 0.00332636 0.635169 0.254796
9.997E-05 9.997E-05 9.997E-05 0.9996 9.997E-05
9.997E-05 0.9996 9.997E-05 9.997E-05 9.997E-05
9.9982E-05 0.303874 9.9982E-05 0.639797 0.0561289
9.997E-05 9.997E-05 9.997E-05 9.997E-05 0.9996
0.00139997 0.933743 0.0443087 9.9991E-05 0.0204486
9.9982E-05 0.884118 0.0279411 9.9982E-05 0.0877407
0.0317663 0.967934 9.99732E-05 9.99732E-05 9.99732E-05
9.997E-05 0.9996 9.997E-05 9.997E-05 9.997E-05
0.029321 0.859896 0.110583 9.9982E-05 9.9982E-05
0.892625 0.10104 9.9982E-05 9.9982E-05 0.00613559
9.997E-05 9.997E-05 9.997E-05 9.997E-05 0.9996
0.0787593 0.327785 0.0497866 0.273875 0.269794
9.997E-05 9.997E-05 9.997E-05 9.997E-05 0.9996
9.9973E-05 9.9973E-05 9.9973E-05 0.0222903 0.97741
9.9973E-05 9.9973E-05 9.9973E-05 0.0736109 0.926089
0.0183758 0.00653159 9.9991E-05 0.0571304 0.917862
9.9991E-05 0.0355556 0.00904589 0.0235528 0.931746
9.997E-05 9.997E-05 9.997E-05 9.997E-05 0.9996
9.99732E-05 9.99732E-05 9.99732E-05 0.50793 0.49177
0.0161793 0.0451792 9.99911E-05 0.424358 0.514183
9.9982E-05 9.9982E-05 0.0134911 0.0164132 0.969896
9.9991E-05 0.733594 0.0687686 0.140938 0.0566
9.9991E-05 0.738115 0.0595867 0.165328 0.036871
9.997E-05 9.997E-05 0.9996 9.997E-05 9.997E-05
9.997E-05 9.997E-05 0.9996 9.997E-05 9.997E-05
0.0064002 0.770658 0.107311 0.115531 9.9991E-05
0.00348943 0.838552 0.0701684 0.0876905 9.9991E-05
9.997E-05 9.997E-05 0.9996 9.997E-05 9.997E-05
9.997E-05 9.997E-05 0.9996 9.997E-05 9.997E-05
9.9973E-05 0.985102 9.9973E-05 0.0145986 9.9973E-05
0.0658867 0.884111 9.9991E-05 0.044028 0.00587402
9.9982E-05 0.290655 9.9982E-05 0.665201 0.0439444
0.119058 0.541929 0.304542 9.9991E-05 0.0343715
0.0713063 0.604381 0.324113 9.99821E-05 9.99821E-05
0.033742 9.9991E-05 0.0449812 0.336553 0.584624
