9.98559E-05 9.98559E-05 9.98559E-05 9.98559E-05 9.98559E-05 9.98559E-05 9.98559E-05 0.0132348 9.98559E-05 9.98559E-05 0.0038697 0.951999 9.98559E-05 9.98559E-05 9.98559E-05 9.98559E-05 9.98559E-05 9.98559E-05 0.029299 9.98559E-05
0.101243 9.98559E-05 0.1511 9.98559E-05 9.98559E-05 9.98559E-05 9.98559E-05 9.98559E-05 9.98559E-05 0.703964 9.98559E-05 0.0420944 9.98559E-05 9.98559E-05 9.98559E-05 9.98559E-05 9.98559E-05 9.98559E-05 9.98559E-05 9.98559E-05
9.98293E-05 9.98293E-05 9.98293E-05 9.98293E-05 9.98293E-05 0.998103 9.98293E-05 9.98293E-05 9.98293E-05 9.98293E-05 9.98293E-05 9.98293E-05 9.98293E-05 9.98293E-05 9.98293E-05 9.98293E-05 9.98293E-05 9.98293E-05 9.98293E-05 9.98293E-05
9.98651E-05 0.0218906 0.920471 0.0279169 9.98651E-05 9.98651E-05 0.00370166 9.98651E-05 9.98651E-05 9.98651E-05 9.98651E-05 9.98651E-05 9.98651E-05 9.98651E-05 9.98651E-05 9.98651E-05 9.98651E-05 9.98651E-05 0.0245223 9.98651E-05
9.99102E-05 9.99102E-05 0.341925 0.0627465 9.99102E-05 0.0247003 9.99102E-05 0.0771732 9.99102E-05 0.0369128 0.0405547 0.0610031 9.99102E-05 0.0835904 0.0565249 0.21387 9.99102E-05 9.99102E-05 9.99102E-05 9.99102E-05
9.98561E-05 0.00567036 0.956007 9.98561E-05 9.98561E-05 9.98561E-05 9.98561E-05 9.98561E-05 9.98561E-05 9.98561E-05 9.98561E-05 9.98561E-05 0.00550962 0.0312149 9.98561E-05 9.98561E-05 9.98561E-05 9.98561E-05 9.98561E-05 9.98561E-05
9.98292E-05 9.98292E-05 9.98292E-05 9.98292E-05 9.98292E-05 9.98292E-05 9.98292E-05 9.98292E-05 9.98292E-05 9.98292E-05 9.98292E-05 9.98292E-05 9.98292E-05 9.98292E-05 9.98292E-05 0.998103 9.98292E-05 9.98292E-05 9.98292E-05 9.98292E-05
9.98829E-05 9.98829E-05 9.98829E-05 0.0537238 9.98829E-05 0.0300734 0.0475613 9.98829E-05 9.98829E-05 0.123271 0.069462 9.98829E-05 9.98829E-05 0.256287 0.418324 9.98829E-05 9.98829E-05 9.98829E-05 9.98829E-05 9.98829E-05
9.9856E-05 9.9856E-05 9.9856E-05 0.0238616 0.00768336 9.9856E-05 9.9856E-05 9.9856E-05 9.9856E-05 0.0325681 9.9856E-05 9.9856E-05 9.9856E-05 9.9856E-05 9.9856E-05 0.934289 9.9856E-05 9.9856E-05 9.9856E-05 9.9856E-05
9.98382E-05 9.98382E-05 9.98382E-05 9.98382E-05 9.98382E-05 9.98382E-05 9.98382E-05 9.98382E-05 9.98382E-05 9.98382E-05 0.853891 9.98382E-05 9.98382E-05 9.98382E-05 9.98382E-05 0.144312 9.98382E-05 9.98382E-05 9.98382E-05 9.98382E-05
9.98382E-05 9.98382E-05 9.98382E-05 9.98382E-05 9.98382E-05 9.98382E-05 9.98382E-05 9.98382E-05 9.98382E-05 9.98382E-05 0.88038 9.98382E-05 9.98382E-05 9.98382E-05 9.98382E-05 0.117823 9.98382E-05 9.98382E-05 9.98382E-05 9.98382E-05
9.98741E-05 9.98741E-05 9.98741E-05 9.98741E-05 9.98741E-05 9.98741E-05 0.00862221 9.98741E-05 0.0656114 9.98741E-05 9.98741E-05 0.653313 9.98741E-05 9.98741E-05 0.0154726 9.98741E-05 9.98741E-05 0.115969 0.139613 9.98741E-05
9.98565E-05 9.98565E-05 9.98565E-05 9.98565E-05 9.98565E-05 9.98565E-05 9.98565E-05 9.98565E-05 9.98565E-05 9.98565E-05 9.98565E-05 9.98565E-05 9.98565E-05 0.00305754 0.0337538 0.0117441 9.98565E-05 0.949847 9.98565E-05 9.98565E-05
9.98652E-05 9.98652E-05 0.969085 9.98652E-05 9.98652E-05 9.98652E-05 9.98652E-05 9.98652E-05 0.0160974 0.00828716 9.98652E-05 9.98652E-05 0.00418564 9.98652E-05 9.98652E-05 9.98652E-05 9.98652E-05 0.000846763 9.98652E-05 9.98652E-05
9.98562E-05 9.98562E-05 0.945368 0.016567 9.98562E-05 9.98562E-05 9.98562E-05 0.0115251 9.98562E-05 9.98562E-05 9.98562E-05 0.0249423 9.98562E-05 9.98562E-05 9.98562E-05 9.98562E-05 9.98562E-05 9.98562E-05 9.98562E-05 9.98562E-05
9.9865E-05 9.9865E-05 9.9865E-05 9.9865E-05 0.010009 9.9865E-05 9.9865E-05 9.9865E-05 0.115922 9.9865E-05 0.0167646 9.9865E-05 9.9865E-05 9.9865E-05 9.9865E-05 9.9865E-05 0.77646 0.0793464 9.9865E-05 9.9865E-05
0.938052 9.98561E-05 9.98561E-05 9.98561E-05 9.98561E-05 9.98561E-05 9.98561E-05 0.023981 9.98561E-05 9.98561E-05 0.0300489 9.98561E-05 9.98561E-05 9.98561E-05 9.98561E-05 9.98561E-05 9.98561E-05 0.00632035 9.98561E-05 9.98561E-05
9.98738E-05 9.98738E-05 9.98738E-05 0.000717645 9.98738E-05 9.98738E-05 9.98738E-05 9.98738E-05 9.98738E-05 0.0379826 0.113918 0.039966 9.98738E-05 9.98738E-05 9.98738E-05 9.98738E-05 0.0659537 9.98738E-05 9.98738E-05 0.740063
9.98473E-05 9.98473E-05 9.98473E-05 9.98473E-05 9.98473E-05 9.98473E-05 9.98473E-05 9.98473E-05 9.98473E-05 9.98473E-05 9.98473E-05 9.98473E-05 0.00746331 9.98473E-05 9.98473E-05 9.98473E-05 9.98473E-05 9.98473E-05 0.0306336 0.960206
0.0192437 9.98738E-05 9.98738E-05 9.98738E-05 9.98738E-05 9.98738E-05 9.98738E-05 9.98738E-05 0.150247 9.98738E-05 0.434329 0.0658228 9.98738E-05 9.98738E-05 9.98738E-05 9.98738E-05 0.307722 9.98738E-05 0.0212368 9.98738E-05
9.98292E-05 9.98292E-05 9.98292E-05 9.98292E-05 9.98292E-05 9.98292E-05 9.98292E-05 9.98292E-05 9.98292E-05 9.98292E-05 9.98292E-05 9.98292E-05 9.98292E-05 9.98292E-05 9.98292E-05 9.98292E-05 9.98292E-05 9.98292E-05 9.98292E-05 0.998103
0.0257569 9.98829E-05 9.98829E-05 9.98829E-05 0.103384 9.98829E-05 9.98829E-05 9.98829E-05 9.98829E-05 9.98829E-05 0.0235724 0.510847 9.98829E-05 9.98829E-05 9.98829E-05 9.98829E-05 0.30413 0.02426 9.98829E-05 0.00675117
9.98288E-05 9.98288E-05 9.98288E-05 9.98288E-05 9.98288E-05 9.98288E-05 9.98288E-05 0.998103 9.98288E-05 9.98288E-05 9.98288E-05 9.98288E-05 9.98288E-05 9.98288E-05 9.98288E-05 9.98288E-05 9.98288E-05 9.98288E-05 9.98288E-05 9.98288E-05
9.9847E-05 9.9847E-05 9.9847E-05 9.9847E-05 9.9847E-05 9.9847E-05 9.9847E-05 0.264332 9.9847E-05 9.9847E-05 9.9847E-05 9.9847E-05 0.0425976 9.9847E-05 9.9847E-05 9.9847E-05 9.9847E-05 9.9847E-05 9.9847E-05 0.691373
9.98563E-05 9.98563E-05 0.363852 9.98563E-05 9.98563E-05 0.0130178 0.616536 9.98563E-05 9.98563E-05 9.98563E-05 9.98563E-05 9.98563E-05 9.98563E-05 9.98563E-05 0.00499729 9.98563E-05 9.98563E-05 9.98563E-05 9.98563E-05 9.98563E-05
9.98385E-05 9.98385E-05 0.813177 9.98385E-05 9.98385E-05 9.98385E-05 0.185026 9.98385E-05 9.98385E-05 9.98385E-05 9.98385E-05 9.98385E-05 9.98385E-05 9.98385E-05 9.98385E-05 9.98385E-05 9.98385E-05 9.98385E-05 9.98385E-05 9.98385E-05
0.0377094 0.00745523 9.98828E-05 9.98828E-05 0.00551515 9.98828E-05 9.98828E-05 9.98828E-05 9.98828E-05 9.98828E-05 0.0492079 0.0933213 9.98828E-05 9.98828E-05 9.98828E-05 9.98828E-05 9.98828E-05 0.776253 0.029239 9.98828E-05
9.98383E-05 9.98383E-05 9.98383E-05 0.00290185 9.98383E-05 9.98383E-05 0.995301 9.98383E-05 9.98383E-05 9.98383E-05 9.98383E-05 9.98383E-05 9.98383E-05 9.98383E-05 9.98383E-05 9.98383E-05 9.98383E-05 9.98383E-05 9.98383E-05 9.98383E-05
9.98293E-05 9.98293E-05 9.98293E-05 9.98293E-05 9.98293E-05 9.98293E-05 0.998103 9.98293E-05 9.98293E-05 9.98293E-05 9.98293E-05 9.98293E-05 9.98293E-05 9.98293E-05 9.98293E-05 9.98293E-05 9.98293E-05 9.98293E-05 9.98293E-05 9.98293E-05
9.98832E-05 9.98832E-05 0.232817 0.116255 0.0753891 0.0363192 0.148139 9.98832E-05 9.98832E-05 9.98832E-05 9.98832E-05 9.98832E-05 0.0159084 0.373874 9.98832E-05 9.98832E-05 9.98832E-05 9.98832E-05 9.98832E-05 9.98832E-05
9.98469E-05 9.98469E-05 0.0353663 9.98469E-05 9.98469E-05 9.98469E-05 9.98469E-05 9.98469E-05 0.0131398 9.98469E-05 9.98469E-05 9.98469E-05 9.98469E-05 0.949796 9.98469E-05 9.98469E-05 9.98469E-05 9.98469E-05 9.98469E-05 9.98469E-05
9.98297E-05 9.98297E-05 9.98297E-05 9.98297E-05 9.98297E-05 9.98297E-05 9.98297E-05 9.98297E-05 9.98297E-05 0.998103 9.98297E-05 9.98297E-05 9.98297E-05 9.98297E-05 9.98297E-05 9.98297E-05 9.98297E-05 9.98297E-05 9.98297E-05 9.98297E-05
0.000139056 9.98652E-05 0.647577 9.98652E-05 9.98652E-05 9.98652E-05 0.185655 9.98652E-05 9.98652E-05 9.98652E-05 9.98652E-05 9.98652E-05 9.98652E-05 0.0174426 0.147688 9.98652E-05 9.98652E-05 9.98652E-05 9.98652E-05 9.98652E-05
9.98833E-05 9.98833E-05 9.98833E-05 0.691242 0.00200101 0.0275781 0.00473967 9.98833E-05 9.98833E-05 0.047378 9.98833E-05 9.98833E-05 9.98833E-05 9.98833E-05 0.215588 9.98833E-05 9.98833E-05 9.98833E-05 0.010175 9.98833E-05
0.216107 9.98737E-05 9.98737E-05 9.98737E-05 0.22116 9.98737E-05 0.00535495 9.98737E-05 9.98737E-05 9.98737E-05 9.98737E-05 9.98737E-05 9.98737E-05 9.98737E-05 0.0379263 9.98737E-05 9.98737E-05 0.425676 0.0923772 9.98737E-05
0.0150937 9.98738E-05 0.417745 9.98738E-05 9.98738E-05 9.98738E-05 0.487913 9.98738E-05 0.0215408 9.98738E-05 9.98738E-05 9.98738E-05 9.98738E-05 9.98738E-05 0.0456946 9.98738E-05 9.98738E-05 9.98738E-05 0.0106151 9.98738E-05
9.98471E-05 9.98471E-05 9.98471E-05 9.98471E-05 0.0766319 9.98471E-05 9.98471E-05 9.98471E-05 9.98471E-05 9.98471E-05 9.98471E-05 0.902145 9.98471E-05 9.98471E-05 0.0195254 9.98471E-05 9.98471E-05 9.98471E-05 9.98471E-05 9.98471E-05
0.0151626 9.98828E-05 9.98828E-05 9.98828E-05 9.98828E-05 9.98828E-05 9.98828E-05 0.0651471 9.98828E-05 0.150402 0.589183 0.0619728 0.0303954 9.98828E-05 0.0864388 9.98828E-05 9.98828E-05 9.98828E-05 9.98828E-05 9.98828E-05
0.993133 9.98382E-05 0.00506989 9.98382E-05 9.98382E-05 9.98382E-05 9.98382E-05 9.98382E-05 9.98382E-05 9.98382E-05 9.98382E-05 9.98382E-05 9.98382E-05 9.98382E-05 9.98382E-05 9.98382E-05 9.98382E-05 9.98382E-05 9.98382E-05 9.98382E-05
0.15657 0.00625271 0.117269 9.98737E-05 9.98737E-05 9.98737E-05 9.98737E-05 9.98737E-05 9.98737E-05 9.98737E-05 0.223137 0.25517 9.98737E-05 9.98737E-05 9.98737E-05 9.98737E-05 0.240203 9.98737E-05 9.98737E-05 9.98737E-05
0.117682 0.00910214 0.0647872 9.98918E-05 9.98918E-05 9.98918E-05 9.98918E-05 9.98918E-05 9.98918E-05 0.0127245 0.274807 0.284932 9.98918E-05 9.98918E-05 9.98918E-05 9.98918E-05 0.226159 9.98918E-05 9.98918E-05 0.00860711
0.0386212 9.9856E-05 9.9856E-05 9.9856E-05 0.0440562 9.9856E-05 9.9856E-05 9.9856E-05 9.9856E-05 9.9856E-05 0.889732 9.9856E-05 9.9856E-05 9.9856E-05 9.9856E-05 9.9856E-05 0.0259934 9.9856E-05 9.9856E-05 9.9856E-05
9.98651E-05 9.98651E-05 9.98651E-05 9.98651E-05 9.98651E-05 9.98651E-05 9.98651E-05 9.98651E-05 9.98651E-05 9.98651E-05 0.039308 0.00853807 9.98651E-05 9.98651E-05 9.98651E-05 0.0608633 0.855473 0.0343192 9.98651E-05 9.98651E-05
9.9856E-05 9.9856E-05 9.9856E-05 9.9856E-05 0.0340352 0.00946323 9.9856E-05 9.9856E-05 0.0826707 9.9856E-05 0.872233 9.9856E-05 9.9856E-05 9.9856E-05 9.9856E-05 9.9856E-05 9.9856E-05 9.9856E-05 9.9856E-05 9.9856E-05
9.98919E-05 9.98919E-05 9.98919E-05 9.98919E-05 0.0964353 9.98919E-05 9.98919E-05 0.268141 0.055702 9.98919E-05 0.299422 0.0495372 9.98919E-05 9.98919E-05 9.98919E-05 9.98919E-05 0.0660932 0.126702 0.0367687 9.98919E-05
9.9901E-05 9.9901E-05 0.0335 9.9901E-05 0.199095 9.9901E-05 9.9901E-05 9.9901E-05 0.0264333 0.0501696 0.42369 0.0258243 0.0995972 9.9901E-05 0.00390092 9.9901E-05 0.136691 9.9901E-05 9.9901E-05 9.9901E-05
9.9829E-05 9.9829E-05 9.9829E-05 9.9829E-05 0.998103 9.9829E-05 9.9829E-05 9.9829E-05 9.9829E-05 9.9829E-05 9.9829E-05 9.9829E-05 9.9829E-05 9.9829E-05 9.9829E-05 9.9829E-05 9.9829E-05 9.9829E-05 9.9829E-05 9.9829E-05
9.98482E-05 9.98482E-05 9.98482E-05 9.98482E-05 9.98482E-05 9.98482E-05 9.98482E-05 0.00356814 9.98482E-05 9.98482E-05 9.98482E-05 0.990796 0.00393891 9.98482E-05 9.98482E-05 9.98482E-05 9.98482E-05 9.98482E-05 9.98482E-05 9.98482E-05
9.98294E-05 9.98294E-05 9.98294E-05 0.998103 9.98294E-05 9.98294E-05 9.98294E-05 9.98294E-05 9.98294E-05 9.98294E-05 9.98294E-05 9.98294E-05 9.98294E-05 9.98294E-05 9.98294E-05 9.98294E-05 9.98294E-05 9.98294E-05 9.98294E-05 9.98294E-05
0.00112019 9.98652E-05 9.98652E-05 0.987582 9.98652E-05 9.98652E-05 9.98652E-05 0.00125288 9.98652E-05 9.98652E-05 0.003373 9.98652E-05 0.00517408 9.98652E-05 9.98652E-05 9.98652E-05 9.98652E-05 9.98652E-05 9.98652E-05 9.98652E-05
9.98562E-05 9.98562E-05 9.98562E-05 0.977628 0.0104699 9.98562E-05 0.0082311 9.98562E-05 9.98562E-05 9.98562E-05 9.98562E-05 9.98562E-05 0.00207362 9.98562E-05 9.98562E-05 9.98562E-05 9.98562E-05 9.98562E-05 9.98562E-05 9.98562E-05
9.98383E-05 9.98383E-05 0.00439675 0.993806 9.98383E-05 9.98383E-05 9.98383E-05 9.98383E-05 9.98383E-05 9.98383E-05 9.98383E-05 9.98383E-05 9.98383E-05 9.98383E-05 9.98383E-05 9.98383E-05 9.98383E-05 9.98383E-05 9.98383E-05 9.98383E-05
9.98383E-05 9.98383E-05 9.98383E-05 0.976114 9.98383E-05 9.98383E-05 9.98383E-05 9.98383E-05 9.98383E-05 9.98383E-05 9.98383E-05 9.98383E-05 9.98383E-05 0.0220892 9.98383E-05 9.98383E-05 9.98383E-05 9.98383E-05 9.98383E-05 9.98383E-05
9.99102E-05 0.00907186 9.99102E-05 0.324765 9.99102E-05 0.00507642 0.0693525 0.0687606 9.99102E-05 0.0477438 9.99102E-05 9.99102E-05 9.99102E-05 0.310184 0.0398098 0.0666187 0.057618 9.99102E-05 9.99102E-05 9.99102E-05
9.98472E-05 9.98472E-05 9.98472E-05 0.892746 9.98472E-05 9.98472E-05 9.98472E-05 9.98472E-05 9.98472E-05 0.0922419 9.98472E-05 9.98472E-05 9.98472E-05 9.98472E-05 9.98472E-05 9.98472E-05 0.0133151 9.98472E-05 9.98472E-05 9.98472E-05
9.98467E-05 9.98467E-05 9.98467E-05 9.98467E-05 9.98467E-05 9.98467E-05 9.98467E-05 9.98467E-05 0.0786275 9.98467E-05 9.98467E-05 0.783344 9.98467E-05 9.98467E-05 9.98467E-05 9.98467E-05 0.136331 9.98467E-05 9.98467E-05 9.98467E-05
9.98739E-05 9.98739E-05 9.98739E-05 0.0142997 9.98739E-05 0.0183809 0.00490495 9.98739E-05 9.98739E-05 0.905978 9.98739E-05 9.98739E-05 9.98739E-05 9.98739E-05 9.98739E-05 0.043004 0.0120341 9.98739E-05 9.98739E-05 9.98739E-05
0.0251198 9.98469E-05 0.559515 9.98469E-05 9.98469E-05 9.98469E-05 0.413668 9.98469E-05 9.98469E-05 9.98469E-05 9.98469E-05 9.98469E-05 9.98469E-05 9.98469E-05 9.98469E-05 9.98469E-05 9.98469E-05 9.98469E-05 9.98469E-05 9.98469E-05
9.98651E-05 9.98651E-05 9.98651E-05 9.98651E-05 9.98651E-05 9.98651E-05 9.98651E-05 9.98651E-05 9.98651E-05 9.98651E-05 9.98651E-05 0.0369426 9.98651E-05 9.98651E-05 9.98651E-05 9.98651E-05 0.118126 0.802725 0.0319554 0.00875295
9.98474E-05 9.98474E-05 9.98474E-05 9.98474E-05 9.98474E-05 9.98474E-05 9.98474E-05 9.98474E-05 0.0954848 9.98474E-05 9.98474E-05 9.98474E-05 9.98474E-05 9.98474E-05 9.98474E-05 9.98474E-05 0.887692 0.0151261 9.98474E-05 9.98474E-05
9.98386E-05 9.98386E-05 9.98386E-05 9.98386E-05 9.98386E-05 9.98386E-05 9.98386E-05 9.98386E-05 9.98386E-05 9.98386E-05 9.98386E-05 9.98386E-05 9.98386E-05 9.98386E-05 0.0161658 9.98386E-05 9.98386E-05 0.982037 9.98386E-05 9.98386E-05
9.98559E-05 9.98559E-05 0.000344227 9.98559E-05 0.0205639 9.98559E-05 9.98559E-05 9.98559E-05 9.98559E-05 9.98559E-05 0.111126 9.98559E-05 9.98559E-05 9.98559E-05 9.98559E-05 9.98559E-05 9.98559E-05 0.866368 9.98559E-05 9.98559E-05
9.98649E-05 9.98649E-05 9.98649E-05 9.98649E-05 0.0275579 9.98649E-05 9.98649E-05 9.98649E-05 0.0243337 9.98649E-05 0.0754616 9.98649E-05 9.98649E-05 9.98649E-05 9.98649E-05 9.98649E-05 9.98649E-05 0.825403 0.0457458 9.98649E-05
9.98293E-05 9.98293E-05 9.98293E-05 9.98293E-05 9.98293E-05 9.98293E-05 9.98293E-05 9.98293E-05 9.98293E-05 9.98293E-05 9.98293E-05 9.98293E-05 0.998103 9.98293E-05 9.98293E-05 9.98293E-05 9.98293E-05 9.98293E-05 9.98293E-05 9.98293E-05
9.98478E-05 9.98478E-05 0.366356 9.98478E-05 9.98478E-05 0.0106081 0.621339 9.98478E-05 9.98478E-05 9.98478E-05 9.98478E-05 9.98478E-05 9.98478E-05 9.98478E-05 9.98478E-05 9.98478E-05 9.98478E-05 9.98478E-05 9.98478E-05 9.98478E-05
9.98295E-05 0.998103 9.98295E-05 9.98295E-05 9.98295E-05 9.98295E-05 9.98295E-05 9.98295E-05 9.98295E-05 9.98295E-05 9.98295E-05 9.98295E-05 9.98295E-05 9.98295E-05 9.98295E-05 9.98295E-05 9.98295E-05 9.98295E-05 9.98295E-05 9.98295E-05
9.98563E-05 9.98563E-05 0.780569 9.98563E-05 9.98563E-05 0.107479 0.041921 9.98563E-05 9.98563E-05 9.98563E-05 9.98563E-05 9.98563E-05 9.98563E-05 9.98563E-05 0.0684335 9.98563E-05 9.98563E-05 9.98563E-05 9.98563E-05 9.98563E-05
0.0405283 9.98831E-05 0.75212 0.00515323 9.98831E-05 9.98831E-05 0.157032 0.00129816 9.98831E-05 9.98831E-05 9.98831E-05 0.00479824 9.98831E-05 9.98831E-05 9.98831E-05 0.037771 9.98831E-05 9.98831E-05 9.98831E-05 9.98831E-05
9.98382E-05 9.98382E-05 9.98382E-05 9.98382E-05 9.98382E-05 9.98382E-05 0.991474 9.98382E-05 9.98382E-05 9.98382E-05 9.98382E-05 9.98382E-05 9.98382E-05 9.98382E-05 0.00672899 9.98382E-05 9.98382E-05 9.98382E-05 9.98382E-05 9.98382E-05
9.98563E-05 9.98563E-05 9.98563E-05 9.98563E-05 9.98563E-05 9.98563E-05 0.984158 9.98563E-05 9.98563E-05 9.98563E-05 9.98563E-05 9.98563E-05 0.0114842 9.98563E-05 9.98563E-05 9.98563E-05 0.000454947 9.98563E-05 9.98563E-05 0.00230541
9.98922E-05 0.0310204 0.683048 9.98922E-05 0.00551577 9.98922E-05 0.0426586 9.98922E-05 9.98922E-05 0.0261145 9.98922E-05 9.98922E-05 9.98922E-05 0.187001 0.00363457 0.0198087 9.98922E-05 9.98922E-05 9.98922E-05 9.98922E-05
0.0107788 0.0344025 0.564115 9.9856E-05 9.9856E-05 9.9856E-05 0.389106 9.9856E-05 9.9856E-05 9.9856E-05 9.9856E-05 9.9856E-05 9.9856E-05 9.9856E-05 9.9856E-05 9.9856E-05 9.9856E-05 9.9856E-05 9.9856E-05 9.9856E-05
0.00309998 9.98561E-05 9.98561E-05 0.0392043 9.98561E-05 0.0132405 9.98561E-05 9.98561E-05 9.98561E-05 9.98561E-05 9.98561E-05 9.98561E-05 9.98561E-05 9.98561E-05 0.942857 9.98561E-05 9.98561E-05 9.98561E-05 9.98561E-05 9.98561E-05
9.98382E-05 9.98382E-05 9.98382E-05 9.98382E-05 9.98382E-05 9.98382E-05 9.98382E-05 9.98382E-05 9.98382E-05 9.98382E-05 9.98382E-05 9.98382E-05 9.98382E-05 9.98382E-05 0.99014 9.98382E-05 9.98382E-05 0.00806304 9.98382E-05 9.98382E-05
9.98741E-05 9.98741E-05 0.850034 0.00938429 0.0125159 0.0349305 0.0837752 9.98741E-05 9.98741E-05 9.98741E-05 9.98741E-05 9.98741E-05 9.98741E-05 9.98741E-05 9.98741E-05 9.98741E-05 0.00796171 9.98741E-05 9.98741E-05 9.98741E-05
9.9856E-05 9.9856E-05 9.9856E-05 9.9856E-05 9.9856E-05 9.9856E-05 9.9856E-05 9.9856E-05 9.9856E-05 9.9856E-05 9.9856E-05 9.9856E-05 9.9856E-05 0.0110708 0.00610474 9.9856E-05 0.978098 9.9856E-05 0.00312849 9.9856E-05
9.98381E-05 9.98381E-05 9.98381E-05 0.00228221 9.98381E-05 9.98381E-05 9.98381E-05 9.98381E-05 9.98381E-05 9.98381E-05 9.98381E-05 9.98381E-05 9.98381E-05 9.98381E-05 9.98381E-05 9.98381E-05 0.995921 9.98381E-05 9.98381E-05 9.98381E-05
9.98383E-05 0.0137276 9.98383E-05 9.98383E-05 9.98383E-05 9.98383E-05 9.98383E-05 9.98383E-05 9.98383E-05 9.98383E-05 9.98383E-05 9.98383E-05 9.98383E-05 9.98383E-05 9.98383E-05 9.98383E-05 9.98383E-05 9.98383E-05 0.984475 9.98383E-05
9.98294E-05 9.98294E-05 9.98294E-05 9.98294E-05 9.98294E-05 9.98294E-05 9.98294E-05 9.98294E-05 9.98294E-05 9.98294E-05 9.98294E-05 9.98294E-05 9.98294E-05 9.98294E-05 9.98294E-05 9.98294E-05 9.98294E-05 9.98294E-05 0.998103 9.98294E-05
9.9883E-05 9.9883E-05 9.9883E-05 9.9883E-05 9.9883E-05 9.9883E-05 0.0223508 9.9883E-05 9.9883E-05 0.0327002 0.875458 0.00620651 9.9883E-05 9.9883E-05 0.0125942 9.9883E-05 0.0321736 0.0172185 9.9883E-05 9.9883E-05
9.9874E-05 9.9874E-05 9.9874E-05 9.9874E-05 9.9874E-05 9.9874E-05 0.0326816 9.9874E-05 9.9874E-05 9.9874E-05 0.822163 0.0191073 0.000881473 9.9874E-05 9.9874E-05 9.9874E-05 0.0860392 0.0377288 9.9874E-05 9.9874E-05
0.0290106 9.98564E-05 9.98564E-05 9.98564E-05 9.98564E-05 9.98564E-05 9.98564E-05 0.005845 9.98564E-05 0.0114107 9.98564E-05 9.98564E-05 9.98564E-05 9.98564E-05 9.98564E-05 9.98564E-05 9.98564E-05 9.98564E-05 0.952136 9.98564E-05
9.98203E-05 9.98203E-05 9.98203E-05 9.98203E-05 9.98203E-05 9.98203E-05 9.98203E-05 9.98203E-05 9.98203E-05 9.98203E-05 9.98203E-05 0.0051645 9.98203E-05 9.98203E-05 9.98203E-05 9.98203E-05 9.98203E-05 9.98203E-05 0.993039 9.98203E-05
9.98559E-05 9.98559E-05 9.98559E-05 0.0110424 9.98559E-05 9.98559E-05 9.98559E-05 9.98559E-05 9.98559E-05 9.98559E-05 9.98559E-05 0.936914 9.98559E-05 9.98559E-05 9.98559E-05 9.98559E-05 0.0292451 0.0212006 9.98559E-05 9.98559E-05
9.9892E-05 9.9892E-05 9.9892E-05 9.9892E-05 9.9892E-05 9.9892E-05 9.9892E-05 0.00713781 9.9892E-05 0.0162226 0.0965126 0.0252569 9.9892E-05 9.9892E-05 9.9892E-05 0.102532 0.500559 0.178507 9.9892E-05 0.072074
9.9847E-05 9.9847E-05 9.9847E-05 0.0552293 9.9847E-05 9.9847E-05 9.9847E-05 9.9847E-05 9.9847E-05 0.897776 9.9847E-05 9.9847E-05 9.9847E-05 9.9847E-05 9.9847E-05 0.0452977 9.9847E-05 9.9847E-05 9.9847E-05 9.9847E-05
9.98471E-05 9.98471E-05 9.98471E-05 9.98471E-05 0.0767551 9.98471E-05 9.98471E-05 0.0213736 0.900174 9.98471E-05 9.98471E-05 9.98471E-05 9.98471E-05 9.98471E-05 9.98471E-05 9.98471E-05 9.98471E-05 9.98471E-05 9.98471E-05 9.98471E-05
9.98381E-05 9.98381E-05 9.98381E-05 9.98381E-05 9.98381E-05 9.98381E-05 9.98381E-05 9.98381E-05 0.928117 9.98381E-05 9.98381E-05 0.0700859 9.98381E-05 9.98381E-05 9.98381E-05 9.98381E-05 9.98381E-05 9.98381E-05 9.98381E-05 9.98381E-05
9.98291E-05 9.98291E-05 9.98291E-05 9.98291E-05 9.98291E-05 9.98291E-05 9.98291E-05 9.98291E-05 9.98291E-05 9.98291E-05 9.98291E-05 9.98291E-05 9.98291E-05 0.998103 9.98291E-05 9.98291E-05 9.98291E-05 9.98291E-05 9.98291E-05 9.98291E-05
