9.9838E-05 9.9838E-05 9.9838E-05 0.95301 9.9838E-05 9.9838E-05 9.9838E-05 9.9838E-05 9.9838E-05 9.9838E-05 9.9838E-05 9.9838E-05 9.9838E-05 0.0451926 9.9838E-05 9.9838E-05 9.9838E-05 9.9838E-05 9.9838E-05 9.9838E-05
9.98559E-05 9.98559E-05 0.147381 9.98559E-05 9.98559E-05 9.98559E-05 9.98559E-05 9.98559E-05 9.98559E-05 0.00598331 0.151872 9.98559E-05 9.98559E-05 9.98559E-05 9.98559E-05 9.98559E-05 0.693166 9.98559E-05 9.98559E-05 9.98559E-05
9.98291E-05 9.98291E-05 9.98291E-05 9.98291E-05 9.98291E-05 9.98291E-05 9.98291E-05 9.98291E-05 9.98291E-05 9.98291E-05 9.98291E-05 9.98291E-05 9.98291E-05 9.98291E-05 9.98291E-05 9.98291E-05 9.98291E-05 9.98291E-05 0.998103 9.98291E-05
9.98741E-05 9.98741E-05 9.98741E-05 9.98741E-05 0.0496997 9.98741E-05 9.98741E-05 0.0758909 9.98741E-05 9.98741E-05 0.822754 9.98741E-05 9.98741E-05 0.00408044 9.98741E-05 9.98741E-05 9.98741E-05 9.98741E-05 0.0306635 0.015513
0.0564737 0.0278712 0.0643233 0.0259397 9.99012E-05 9.99012E-05 9.99012E-05 9.99012E-05 0.271942 9.99012E-05 0.384279 9.99012E-05 9.99012E-05 9.99012E-05 9.99012E-05 9.99012E-05 0.0468116 0.0184142 9.99012E-05 0.102846
9.98561E-05 9.98561E-05 9.98561E-05 9.98561E-05 9.98561E-05 9.98561E-05 0.000121732 9.98561E-05 9.98561E-05 9.98561E-05 0.968514 9.98561E-05 9.98561E-05 9.98561E-05 0.00645931 9.98561E-05 9.98561E-05 9.98561E-05 0.0233069 9.98561E-05
9.98292E-05 9.98292E-05 9.98292E-05 9.98292E-05 9.98292E-05 9.98292E-05 9.98292E-05 9.98292E-05 0.998103 9.98292E-05 9.98292E-05 9.98292E-05 9.98292E-05 9.98292E-05 9.98292E-05 9.98292E-05 9.98292E-05 9.98292E-05 9.98292E-05 9.98292E-05
9.99009E-05 0.199037 9.99009E-05 9.99009E-05 9.99009E-05 9.99009E-05 9.99009E-05 0.00730232 0.00118747 9.99009E-05 0.0529989 0.00937099 9.99009E-05 0.0717947 9.99009E-05 9.99009E-05 0.111301 0.445994 9.99009E-05 0.0999154
9.9865E-05 9.9865E-05 9.9865E-05 9.9865E-05 9.9865E-05 9.9865E-05 9.9865E-05 9.9865E-05 0.920439 0.0111616 9.9865E-05 0.00875537 0.00490736 9.9865E-05 9.9865E-05 9.9865E-05 0.0532384 9.9865E-05 9.9865E-05 9.9865E-05
9.98382E-05 9.98382E-05 9.98382E-05 9.98382E-05 9.98382E-05 9.98382E-05 9.98382E-05 9.98382E-05 0.113151 9.98382E-05 9.98382E-05 9.98382E-05 9.98382E-05 0.885051 9.98382E-05 9.98382E-05 9.98382E-05 9.98382E-05 9.98382E-05 9.98382E-05
9.98384E-05 9.98384E-05 9.98384E-05 9.98384E-05 9.98384E-05 9.98384E-05 9.98384E-05 9.98384E-05 0.0801962 9.98384E-05 9.98384E-05 9.98384E-05 9.98384E-05 0.918007 9.98384E-05 9.98384E-05 9.98384E-05 9.98384E-05 9.98384E-05 9.98384E-05
9.98563E-05 9.98563E-05 9.98563E-05 0.761711 0.122789 0.113076 9.98563E-05 9.98563E-05 0.000826411 9.98563E-05 9.98563E-05 9.98563E-05 9.98563E-05 9.98563E-05 9.98563E-05 9.98563E-05 9.98563E-05 9.98563E-05 9.98563E-05 9.98563E-05
9.98654E-05 0.00354583 9.98654E-05 9.98654E-05 9.98654E-05 0.96911 9.98654E-05 0.00345544 0.0115753 9.98654E-05 9.98654E-05 9.98654E-05 9.98654E-05 9.98654E-05 0.0108156 9.98654E-05 9.98654E-05 9.98654E-05 9.98654E-05 9.98654E-05
9.98651E-05 9.98651E-05 9.98651E-05 0.0178016 9.98651E-05 9.98651E-05 9.98651E-05 9.98651E-05 9.98651E-05 9.98651E-05 0.935032 9.98651E-05 9.98651E-05 9.98651E-05 0.0137184 0.0220296 0.00992069 9.98651E-05 9.98651E-05 9.98651E-05
0.0194643 9.98561E-05 9.98561E-05 9.98561E-05 9.98561E-05 9.98561E-05 9.98561E-05 9.98561E-05 9.98561E-05 9.98561E-05 0.969514 0.0092159 9.98561E-05 9.98561E-05 9.98561E-05 0.000208597 9.98561E-05 9.98561E-05 9.98561E-05 9.98561E-05
9.98562E-05 9.98562E-05 9.98562E-05 9.98562E-05 9.98562E-05 0.106089 9.98562E-05 9.98562E-05 9.98562E-05 9.98562E-05 9.98562E-05 9.98562E-05 0.777055 0.00971137 0.105547 9.98562E-05 9.98562E-05 9.98562E-05 9.98562E-05 9.98562E-05
0.00703654 9.98471E-05 9.98471E-05 9.98471E-05 9.98471E-05 9.98471E-05 9.98471E-05 9.98471E-05 9.98471E-05 0.943246 9.98471E-05 9.98471E-05 9.98471E-05 0.0480202 9.98471E-05 9.98471E-05 9.98471E-05 9.98471E-05 9.98471E-05 9.98471E-05
9.98828E-05 9.98828E-05 0.0932984 9.98828E-05 9.98828E-05 9.98828E-05 9.98828E-05 9.98828E-05 9.98828E-05 9.98828E-05 9.98828E-05 0.0215474 9.98828E-05 0.0761292 9.98828E-05 0.737935 0.05087 9.98828E-05 0.00369658 0.0152252
9.98474E-05 9.98474E-05 9.98474E-05 9.98474E-05 0.0219527 9.98474E-05 0.0294506 9.98474E-05 9.98474E-05 9.98474E-05 9.98474E-05 9.98474E-05 9.98474E-05 9.98474E-05 9.98474E-05 0.946899 9.98474E-05 9.98474E-05 9.98474E-05 9.98474E-05
9.98829E-05 9.98829E-05 9.98829E-05 0.104456 0.0198953 9.98829E-05 9.98829E-05 9.98829E-05 9.98829E-05 0.0348036 9.98829E-05 0.0178363 0.308454 0.397157 0.1161 9.98829E-05 9.98829E-05 9.98829E-05 9.98829E-05 9.98829E-05
9.98293E-05 9.98293E-05 9.98293E-05 9.98293E-05 9.98293E-05 9.98293E-05 9.98293E-05 9.98293E-05 9.98293E-05 9.98293E-05 9.98293E-05 9.98293E-05 9.98293E-05 9.98293E-05 9.98293E-05 0.998103 9.98293E-05 9.98293E-05 9.98293E-05 9.98293E-05
9.9901E-05 9.9901E-05 0.206517 0.348588 9.9901E-05 0.0535846 9.9901E-05 9.9901E-05 9.9901E-05 0.027996 9.9901E-05 0.0590442 0.21775 0.0592718 0.00124902 9.9901E-05 0.0249003 9.9901E-05 9.9901E-05 9.9901E-05
0.998103 9.9829E-05 9.9829E-05 9.9829E-05 9.9829E-05 9.9829E-05 9.9829E-05 9.9829E-05 9.9829E-05 9.9829E-05 9.9829E-05 9.9829E-05 9.9829E-05 9.9829E-05 9.9829E-05 9.9829E-05 9.9829E-05 9.9829E-05 9.9829E-05 9.9829E-05
0.082828 9.9847E-05 9.9847E-05 9.9847E-05 9.9847E-05 9.9847E-05 9.9847E-05 9.9847E-05 9.9847E-05 9.9847E-05 9.9847E-05 9.9847E-05 9.9847E-05 9.9847E-05 0.0467914 0.868683 9.9847E-05 9.9847E-05 9.9847E-05 9.9847E-05
9.98303E-05 9.98303E-05 9.98303E-05 9.98303E-05 9.98303E-05 9.98303E-05 9.98303E-05 0.472908 9.98303E-05 9.98303E-05 0.486898 9.98303E-05 9.98303E-05 9.98303E-05 9.98303E-05 9.98303E-05 9.98303E-05 9.98303E-05 0.0384962 9.98303E-05
9.98383E-05 9.98383E-05 9.98383E-05 9.98383E-05 9.98383E-05 9.98383E-05 9.98383E-05 0.136844 9.98383E-05 9.98383E-05 0.861359 9.98383E-05 9.98383E-05 9.98383E-05 9.98383E-05 9.98383E-05 9.98383E-05 9.98383E-05 9.98383E-05 9.98383E-05
0.0030965 9.98827E-05 9.98827E-05 9.98827E-05 0.0251421 0.764175 9.98827E-05 9.98827E-05 9.98827E-05 0.0613204 9.98827E-05 0.0702231 0.0197447 0.0550002 9.98827E-05 9.98827E-05 9.98827E-05 9.98827E-05 9.98827E-05 9.98827E-05
9.98383E-05 9.98383E-05 9.98383E-05 9.98383E-05 0.00246826 9.98383E-05 9.98383E-05 0.995735 9.98383E-05 9.98383E-05 9.98383E-05 9.98383E-05 9.98383E-05 9.98383E-05 9.98383E-05 9.98383E-05 9.98383E-05 9.98383E-05 9.98383E-05 9.98383E-05
9.98293E-05 9.98293E-05 9.98293E-05 9.98293E-05 9.98293E-05 9.98293E-05 9.98293E-05 0.998103 9.98293E-05 9.98293E-05 9.98293E-05 9.98293E-05 9.98293E-05 9.98293E-05 9.98293E-05 9.98293E-05 9.98293E-05 9.98293E-05 9.98293E-05 9.98293E-05
9.98832E-05 0.497802 0.0229772 0.0116934 9.98832E-05 9.98832E-05 0.0325726 0.111427 9.98832E-05 9.98832E-05 0.267123 9.98832E-05 9.98832E-05 9.98832E-05 9.98832E-05 9.98832E-05 9.98832E-05 9.98832E-05 9.98832E-05 0.0551066
9.98378E-05 0.924877 9.98378E-05 9.98378E-05 9.98378E-05 9.98378E-05 9.98378E-05 9.98378E-05 9.98378E-05 9.98378E-05 0.0733259 9.98378E-05 9.98378E-05 9.98378E-05 9.98378E-05 9.98378E-05 9.98378E-05 9.98378E-05 9.98378E-05 9.98378E-05
9.98295E-05 9.98295E-05 9.98295E-05 9.98295E-05 9.98295E-05 9.98295E-05 9.98295E-05 9.98295E-05 9.98295E-05 9.98295E-05 9.98295E-05 9.98295E-05 9.98295E-05 9.98295E-05 9.98295E-05 9.98295E-05 0.998103 9.98295E-05 9.98295E-05 9.98295E-05
9.98653E-05 9.98653E-05 0.00335562 9.98653E-05 9.98653E-05 9.98653E-05 9.98653E-05 0.168856 9.98653E-05 9.98653E-05 0.634125 9.98653E-05 9.98653E-05 9.98653E-05 9.98653E-05 9.98653E-05 9.98653E-05 0.162549 0.0296161 9.98653E-05
9.98744E-05 0.00551286 9.98744E-05 9.98744E-05 9.98744E-05 9.98744E-05 9.98744E-05 0.0552442 9.98744E-05 9.98744E-05 9.98744E-05 9.98744E-05 9.98744E-05 9.98744E-05 9.98744E-05 9.98744E-05 0.0610914 0.163758 0.00271724 0.710278
9.99007E-05 0.0548648 0.0830248 0.00221794 0.120377 0.475826 9.99007E-05 9.99007E-05 9.99007E-05 0.204017 9.99007E-05 0.00853707 9.99007E-05 9.99007E-05 0.0423173 9.99007E-05 9.99007E-05 0.0077188 9.99007E-05 9.99007E-05
9.98648E-05 9.98648E-05 0.00178491 9.98648E-05 9.98648E-05 9.98648E-05 9.98648E-05 0.452018 9.98648E-05 9.98648E-05 0.47006 9.98648E-05 9.98648E-05 9.98648E-05 0.0189931 9.98648E-05 9.98648E-05 0.0556455 9.98648E-05 9.98648E-05
9.98474E-05 9.98474E-05 9.98474E-05 0.962899 9.98474E-05 9.98474E-05 9.98474E-05 9.98474E-05 9.98474E-05 9.98474E-05 9.98474E-05 9.98474E-05 9.98474E-05 9.98474E-05 9.98474E-05 9.98474E-05 9.98474E-05 0.0270989 0.00830497 9.98474E-05
0.0726921 9.99008E-05 0.07091 0.0795598 9.99008E-05 9.99008E-05 0.0131093 9.99008E-05 9.99008E-05 0.0181496 9.99008E-05 9.99008E-05 9.99008E-05 0.519423 9.99008E-05 9.99008E-05 0.177754 0.0435378 0.00376604 9.99008E-05
9.98471E-05 9.98471E-05 9.98471E-05 9.98471E-05 9.98471E-05 9.98471E-05 9.98471E-05 9.98471E-05 9.98471E-05 0.972013 0.0131932 9.98471E-05 9.98471E-05 9.98471E-05 9.98471E-05 9.98471E-05 9.98471E-05 0.0130967 9.98471E-05 9.98471E-05
9.98381E-05 9.98381E-05 0.980608 9.98381E-05 9.98381E-05 9.98381E-05 9.98381E-05 9.98381E-05 9.98381E-05 9.98381E-05 0.0175946 9.98381E-05 9.98381E-05 9.98381E-05 9.98381E-05 9.98381E-05 9.98381E-05 9.98381E-05 9.98381E-05 9.98381E-05
9.9838E-05 9.9838E-05 0.974763 9.9838E-05 9.9838E-05 9.9838E-05 9.9838E-05 9.9838E-05 9.9838E-05 9.9838E-05 9.9838E-05 0.0234401 9.9838E-05 9.9838E-05 9.9838E-05 9.9838E-05 9.9838E-05 9.9838E-05 9.9838E-05 9.9838E-05
9.9892E-05 9.9892E-05 0.0570054 0.0239115 9.9892E-05 9.9892E-05 9.9892E-05 9.9892E-05 9.9892E-05 0.0068178 9.9892E-05 0.000948038 0.0115183 0.886325 0.0117379 0.000537599 9.9892E-05 9.9892E-05 9.9892E-05 9.9892E-05
9.9874E-05 9.9874E-05 9.9874E-05 0.0129563 9.9874E-05 0.0527779 9.9874E-05 9.9874E-05 0.0806225 9.9874E-05 9.9874E-05 9.9874E-05 0.78649 0.0436909 9.9874E-05 0.0220636 9.9874E-05 9.9874E-05 9.9874E-05 9.9874E-05
9.9856E-05 0.00304767 9.9856E-05 0.0532554 9.9856E-05 9.9856E-05 9.9856E-05 9.9856E-05 9.9856E-05 9.9856E-05 9.9856E-05 9.9856E-05 9.9856E-05 0.851092 0.0910068 9.9856E-05 9.9856E-05 9.9856E-05 9.9856E-05 9.9856E-05
0.191889 9.99098E-05 0.116323 9.99098E-05 0.00666732 0.136112 9.99098E-05 9.99098E-05 9.99098E-05 9.99098E-05 9.99098E-05 0.0368093 0.0741683 0.221551 0.155106 0.0190351 0.041341 9.99098E-05 9.99098E-05 9.99098E-05
0.0117732 0.0310456 0.168927 0.00926718 9.99278E-05 9.99278E-05 0.0776414 9.99278E-05 9.99278E-05 9.99278E-05 0.0217693 0.0439348 0.139129 0.325539 0.153144 9.99278E-05 0.00817281 0.0088565 9.99278E-05 9.99278E-05
9.99369E-05 0.0294724 9.99369E-05 0.100744 9.99369E-05 0.0441834 0.0191459 0.0269509 0.0363252 0.186431 0.0274944 0.0662107 9.99369E-05 0.207307 0.253344 9.99369E-05 9.99369E-05 9.99369E-05 0.00158271 0.000108618
9.98293E-05 9.98293E-05 9.98293E-05 9.98293E-05 9.98293E-05 9.98293E-05 9.98293E-05 9.98293E-05 9.98293E-05 9.98293E-05 9.98293E-05 0.998103 9.98293E-05 9.98293E-05 9.98293E-05 9.98293E-05 9.98293E-05 9.98293E-05 9.98293E-05 9.98293E-05
9.98292E-05 9.98292E-05 9.98292E-05 9.98292E-05 9.98292E-05 9.98292E-05 9.98292E-05 9.98292E-05 9.98292E-05 9.98292E-05 9.98292E-05 9.98292E-05 9.98292E-05 9.98292E-05 9.98292E-05 9.98292E-05 9.98292E-05 9.98292E-05 9.98292E-05 0.998103
9.98293E-05 9.98293E-05 9.98293E-05 9.98293E-05 9.98293E-05 9.98293E-05 9.98293E-05 9.98293E-05 9.98293E-05 9.98293E-05 9.98293E-05 9.98293E-05 9.98293E-05 9.98293E-05 9.98293E-05 9.98293E-05 9.98293E-05 9.98293E-05 9.98293E-05 0.998103
9.98383E-05 9.98383E-05 9.98383E-05 9.98383E-05 9.98383E-05 9.98383E-05 9.98383E-05 9.98383E-05 9.98383E-05 9.98383E-05 9.98383E-05 9.98383E-05 9.98383E-05 0.00406777 9.98383E-05 9.98383E-05 9.98383E-05 9.98383E-05 9.98383E-05 0.994135
9.98385E-05 9.98385E-05 9.98385E-05 9.98385E-05 9.98385E-05 9.98385E-05 9.98385E-05 9.98385E-05 9.98385E-05 9.98385E-05 9.98385E-05 0.00149032 9.98385E-05 9.98385E-05 9.98385E-05 9.98385E-05 9.98385E-05 9.98385E-05 9.98385E-05 0.996713
9.98563E-05 0.0119948 9.98563E-05 9.98563E-05 0.0036868 9.98563E-05 9.98563E-05 9.98563E-05 9.98563E-05 9.98563E-05 9.98563E-05 9.98563E-05 9.98563E-05 9.98563E-05 9.98563E-05 9.98563E-05 9.98563E-05 0.0072988 9.98563E-05 0.975422
0.0522917 0.401311 9.99192E-05 9.99192E-05 9.99192E-05 0.00303234 9.99192E-05 9.99192E-05 0.0469571 9.99192E-05 9.99192E-05 0.0137379 0.0155406 0.0315131 0.00102657 9.99192E-05 9.99192E-05 0.0316702 0.0681373 0.333883
9.98381E-05 9.98381E-05 9.98381E-05 9.98381E-05 9.98381E-05 9.98381E-05 9.98381E-05 9.98381E-05 9.98381E-05 9.98381E-05 9.98381E-05 9.98381E-05 9.98381E-05 9.98381E-05 9.98381E-05 9.98381E-05 0.103869 9.98381E-05 9.98381E-05 0.894334
9.9838E-05 9.9838E-05 9.9838E-05 0.849908 9.9838E-05 9.9838E-05 9.9838E-05 9.9838E-05 9.9838E-05 9.9838E-05 9.9838E-05 9.9838E-05 0.148295 9.9838E-05 9.9838E-05 9.9838E-05 9.9838E-05 9.9838E-05 9.9838E-05 9.9838E-05
9.98649E-05 9.98649E-05 9.98649E-05 9.98649E-05 9.98649E-05 9.98649E-05 9.98649E-05 0.0175741 0.0417758 9.98649E-05 9.98649E-05 9.98649E-05 9.98649E-05 9.98649E-05 0.0268247 9.98649E-05 0.899386 9.98649E-05 9.98649E-05 0.0129415
9.9856E-05 9.9856E-05 0.0226276 9.9856E-05 9.9856E-05 9.9856E-05 9.9856E-05 0.309675 9.9856E-05 9.9856E-05 0.662423 9.9856E-05 9.9856E-05 9.9856E-05 9.9856E-05 9.9856E-05 9.9856E-05 0.00367658 9.9856E-05 9.9856E-05
9.98562E-05 9.98562E-05 0.127166 9.98562E-05 0.0273305 0.827128 9.98562E-05 9.98562E-05 9.98562E-05 9.98562E-05 9.98562E-05 9.98562E-05 0.0167774 9.98562E-05 9.98562E-05 9.98562E-05 9.98562E-05 9.98562E-05 9.98562E-05 9.98562E-05
9.98474E-05 9.98474E-05 9.98474E-05 9.98474E-05 9.98474E-05 0.0417823 9.98474E-05 9.98474E-05 9.98474E-05 9.98474E-05 9.98474E-05 9.98474E-05 0.877703 9.98474E-05 0.0788174 9.98474E-05 9.98474E-05 9.98474E-05 9.98474E-05 9.98474E-05
9.98477E-05 9.98477E-05 9.98477E-05 9.98477E-05 9.98477E-05 0.964966 9.98477E-05 9.98477E-05 0.033086 9.98477E-05 9.98477E-05 9.98477E-05 9.98477E-05 9.98477E-05 9.98477E-05 9.98477E-05 9.98477E-05 0.000251023 9.98477E-05 9.98477E-05
9.9856E-05 9.9856E-05 0.000248674 9.9856E-05 9.9856E-05 0.894793 9.9856E-05 9.9856E-05 9.9856E-05 9.9856E-05 9.9856E-05 9.9856E-05 9.9856E-05 0.0964508 9.9856E-05 9.9856E-05 9.9856E-05 9.9856E-05 0.00690973 9.9856E-05
9.98828E-05 9.98828E-05 0.0451657 9.98828E-05 0.0314358 0.779261 0.00203397 9.98828E-05 9.98828E-05 0.026638 9.98828E-05 9.98828E-05 9.98828E-05 0.0743531 0.0398136 9.98828E-05 9.98828E-05 9.98828E-05 9.98828E-05 9.98828E-05
9.98292E-05 9.98292E-05 9.98292E-05 9.98292E-05 9.98292E-05 9.98292E-05 0.998103 9.98292E-05 9.98292E-05 9.98292E-05 9.98292E-05 9.98292E-05 9.98292E-05 9.98292E-05 9.98292E-05 9.98292E-05 9.98292E-05 9.98292E-05 9.98292E-05 9.98292E-05
9.98475E-05 9.98475E-05 9.98475E-05 9.98475E-05 9.98475E-05 9.98475E-05 9.98475E-05 0.556632 9.98475E-05 9.98475E-05 0.353632 9.98475E-05 9.98475E-05 9.98475E-05 9.98475E-05 9.98475E-05 9.98475E-05 9.98475E-05 0.0880382 9.98475E-05
9.9928E-05 0.109262 9.9928E-05 0.0118362 0.0317086 0.0654358 0.0952609 0.166742 9.9928E-05 0.0844179 0.063217 9.9928E-05 9.9928E-05 0.0757511 0.0800409 0.0367104 0.178817 9.9928E-05 9.9928E-05 9.9928E-05
9.98563E-05 9.98563E-05 9.98563E-05 9.98563E-05 9.98563E-05 9.98563E-05 9.98563E-05 0.0401435 9.98563E-05 9.98563E-05 0.671604 9.98563E-05 9.98563E-05 9.98563E-05 9.98563E-05 9.98563E-05 9.98563E-05 0.0971583 0.189497 9.98563E-05
9.9883E-05 0.00897662 9.9883E-05 9.9883E-05 9.9883E-05 9.9883E-05 9.9883E-05 0.102326 0.000876084 0.0382542 0.821863 0.00637372 9.9883E-05 9.9883E-05 9.9883E-05 9.9883E-05 9.9883E-05 9.9883E-05 9.9883E-05 0.0200323
9.98561E-05 9.98561E-05 9.98561E-05 9.98561E-05 9.98561E-05 9.98561E-05 9.98561E-05 0.967383 9.98561E-05 9.98561E-05 9.98561E-05 9.98561E-05 0.0190738 9.98561E-05 9.98561E-05 9.98561E-05 9.98561E-05 0.0112949 9.98561E-05 0.000650299
9.98384E-05 9.98384E-05 9.98384E-05 9.98384E-05 9.98384E-05 9.98384E-05 9.98384E-05 0.988692 9.98384E-05 9.98384E-05 9.98384E-05 0.00951125 9.98384E-05 9.98384E-05 9.98384E-05 9.98384E-05 9.98384E-05 9.98384E-05 9.98384E-05 9.98384E-05
9.98564E-05 0.167219 0.00842918 9.98564E-05 9.98564E-05 9.98564E-05 9.98564E-05 9.98564E-05 9.98564E-05 9.98564E-05 0.814785 9.98564E-05 9.98564E-05 0.00796938 9.98564E-05 9.98564E-05 9.98564E-05 9.98564E-05 9.98564E-05 9.98564E-05
9.9856E-05 9.9856E-05 9.9856E-05 9.9856E-05 9.9856E-05 9.9856E-05 9.9856E-05 0.331657 9.9856E-05 9.9856E-05 0.629658 9.9856E-05 9.9856E-05 9.9856E-05 0.00609448 9.9856E-05 9.9856E-05 9.9856E-05 9.9856E-05 0.030993
9.98471E-05 0.0184488 9.98471E-05 9.98471E-05 9.98471E-05 9.98471E-05 9.98471E-05 9.98471E-05 9.98471E-05 9.98471E-05 9.98471E-05 9.98471E-05 9.98471E-05 9.98471E-05 9.98471E-05 9.98471E-05 9.98471E-05 0.945856 9.98471E-05 0.0339974
9.98382E-05 9.98382E-05 9.98382E-05 9.98382E-05 9.98382E-05 0.00826091 9.98382E-05 9.98382E-05 9.98382E-05 9.98382E-05 9.98382E-05 9.98382E-05 9.98382E-05 9.98382E-05 9.98382E-05 9.98382E-05 9.98382E-05 0.989942 9.98382E-05 9.98382E-05
0.0233007 9.98832E-05 9.98832E-05 9.98832E-05 9.98832E-05 0.0048042 9.98832E-05 0.133493 9.98832E-05 9.98832E-05 0.819096 9.98832E-05 0.0105558 9.98832E-05 9.98832E-05 9.98832E-05 9.98832E-05 9.98832E-05 0.0030535 0.00439857
0.0243376 9.9856E-05 9.9856E-05 9.9856E-05 9.9856E-05 9.9856E-05 9.9856E-05 9.9856E-05 9.9856E-05 0.00293333 9.9856E-05 9.9856E-05 0.958969 9.9856E-05 9.9856E-05 9.9856E-05 9.9856E-05 9.9856E-05 9.9856E-05 0.012162
9.98291E-05 9.98291E-05 9.98291E-05 9.98291E-05 9.98291E-05 9.98291E-05 9.98291E-05 9.98291E-05 9.98291E-05 9.98291E-05 9.98291E-05 9.98291E-05 0.998103 9.98291E-05 9.98291E-05 9.98291E-05 9.98291E-05 9.98291E-05 9.98291E-05 9.98291E-05
9.98294E-05 9.98294E-05 9.98294E-05 9.98294E-05 0.998103 9.98294E-05 9.98294E-05 9.98294E-05 9.98294E-05 9.98294E-05 9.98294E-05 9.98294E-05 9.98294E-05 9.98294E-05 9.98294E-05 9.98294E-05 9.98294E-05 9.98294E-05 9.98294E-05 9.98294E-05
9.98563E-05 9.98563E-05 9.98563E-05 0.0157207 0.981255 9.98563E-05 9.98563E-05 9.98563E-05 9.98563E-05 0.0010778 9.98563E-05 9.98563E-05 0.000348542 9.98563E-05 9.98563E-05 9.98563E-05 9.98563E-05 9.98563E-05 9.98563E-05 9.98563E-05
9.98829E-05 9.98829E-05 0.0618096 9.98829E-05 9.98829E-05 0.0431683 9.98829E-05 0.0157047 9.98829E-05 9.98829E-05 9.98829E-05 0.0160301 0.0345317 0.772219 9.98829E-05 9.98829E-05 0.0552384 9.98829E-05 9.98829E-05 9.98829E-05
9.98829E-05 9.98829E-05 0.0438873 9.98829E-05 9.98829E-05 0.0618881 9.98829E-05 0.00168335 9.98829E-05 9.98829E-05 9.98829E-05 0.0095501 0.0995799 0.751183 9.98829E-05 9.98829E-05 0.0309297 9.98829E-05 9.98829E-05 9.98829E-05
9.98564E-05 9.98564E-05 9.98564E-05 9.98564E-05 0.963088 9.98564E-05 9.98564E-05 9.98564E-05 9.98564E-05 0.00947041 9.98564E-05 9.98564E-05 0.00106741 0.024776 9.98564E-05 9.98564E-05 9.98564E-05 9.98564E-05 9.98564E-05 9.98564E-05
9.98294E-05 9.98294E-05 9.98294E-05 9.98294E-05 0.998103 9.98294E-05 9.98294E-05 9.98294E-05 9.98294E-05 9.98294E-05 9.98294E-05 9.98294E-05 9.98294E-05 9.98294E-05 9.98294E-05 9.98294E-05 9.98294E-05 9.98294E-05 9.98294E-05 9.98294E-05
9.9865E-05 9.9865E-05 9.9865E-05 0.893969 9.9865E-05 9.9865E-05 9.9865E-05 9.9865E-05 0.00429918 9.9865E-05 9.9865E-05 0.0880119 0.00830233 9.9865E-05 9.9865E-05 9.9865E-05 9.9865E-05 9.9865E-05 9.9865E-05 0.00391931
9.9865E-05 9.9865E-05 0.706311 9.9865E-05 9.9865E-05 0.138371 9.9865E-05 9.9865E-05 0.126219 9.9865E-05 9.9865E-05 9.9865E-05 0.0149009 9.9865E-05 9.9865E-05 0.0127002 9.9865E-05 9.9865E-05 9.9865E-05 9.9865E-05
9.98561E-05 9.98561E-05 9.98561E-05 9.98561E-05 9.98561E-05 9.98561E-05 9.98561E-05 9.98561E-05 0.0375376 9.98561E-05 9.98561E-05 9.98561E-05 9.98561E-05 9.98561E-05 0.00923183 9.98561E-05 0.928885 9.98561E-05 9.98561E-05 0.0227477
9.98288E-05 9.98288E-05 9.98288E-05 9.98288E-05 9.98288E-05 9.98288E-05 9.98288E-05 9.98288E-05 9.98288E-05 9.98288E-05 9.98288E-05 9.98288E-05 9.98288E-05 9.98288E-05 0.998103 9.98288E-05 9.98288E-05 9.98288E-05 9.98288E-05 9.98288E-05
9.98741E-05 9.98741E-05 9.98741E-05 0.112418 0.017753 0.0657651 9.98741E-05 9.98741E-05 9.98741E-05 0.159776 9.98741E-05 9.98741E-05 0.0188375 9.98741E-05 0.624052 9.98741E-05 9.98741E-05 9.98741E-05 9.98741E-05 9.98741E-05
9.98291E-05 0.998103 9.98291E-05 9.98291E-05 9.98291E-05 9.98291E-05 9.98291E-05 9.98291E-05 9.98291E-05 9.98291E-05 9.98291E-05 9.98291E-05 9.98291E-05 9.98291E-05 9.98291E-05 9.98291E-05 9.98291E-05 9.98291E-05 9.98291E-05 9.98291E-05
