9.98828E-05 9.98828E-05 9.98828E-05 9.98828E-05 9.98828E-05 9.98828E-05 0.923729 0.0176693 9.98828E-05 0.0573034 9.98828E-05 9.98828E-05 9.98828E-05 9.98828E-05 9.98828E-05 9.98828E-05
9.98919E-05 9.98919E-05 9.98919E-05 9.98919E-05 9.98919E-05 9.98919E-05 9.98919E-05 0.0445835 0.139745 9.98919E-05 9.98919E-05 0.0948476 9.98919E-05 9.98919E-05 9.98919E-05 0.719625
9.9865E-05 9.9865E-05 9.9865E-05 9.9865E-05 9.9865E-05 9.9865E-05 9.9865E-05 9.9865E-05 9.9865E-05 9.9865E-05 9.9865E-05 9.9865E-05 9.9865E-05 9.9865E-05 0.998502 9.9865E-05
9.98831E-05 9.98831E-05 9.98831E-05 0.0362932 9.98831E-05 9.98831E-05 9.98831E-05 0.0124196 9.98831E-05 9.98831E-05 9.98831E-05 0.949989 9.98831E-05 9.98831E-05 9.98831E-05 9.98831E-05
9.99371E-05 0.16941 0.0508538 9.99371E-05 9.99371E-05 9.99371E-05 9.99371E-05 9.99371E-05 0.0761544 0.0642433 9.99371E-05 0.255088 0.071039 0.176777 0.0865195 0.0492156
9.98921E-05 9.98921E-05 0.00549621 9.98921E-05 9.98921E-05 9.98921E-05 9.98921E-05 9.98921E-05 0.0441431 9.98921E-05 9.98921E-05 0.932273 9.98921E-05 9.98921E-05 0.0168894 9.98921E-05
9.98651E-05 0.998502 9.98651E-05 9.98651E-05 9.98651E-05 9.98651E-05 9.98651E-05 9.98651E-05 9.98651E-05 9.98651E-05 9.98651E-05 9.98651E-05 9.98651E-05 9.98651E-05 9.98651E-05 9.98651E-05
9.99009E-05 9.99009E-05 9.99009E-05 9.99009E-05 9.99009E-05 9.99009E-05 9.99009E-05 9.99009E-05 9.99009E-05 0.0948313 9.99009E-05 0.117979 0.106999 0.601428 9.99009E-05 0.0776635
9.9892E-05 0.956354 9.9892E-05 9.9892E-05 9.9892E-05 9.9892E-05 9.9892E-05 0.00308332 9.9892E-05 9.9892E-05 9.9892E-05 9.9892E-05 0.00935763 9.9892E-05 9.9892E-05 0.0300064
9.98741E-05 0.138299 9.98741E-05 9.98741E-05 9.98741E-05 9.98741E-05 9.98741E-05 9.98741E-05 9.98741E-05 0.860303 9.98741E-05 9.98741E-05 9.98741E-05 9.98741E-05 9.98741E-05 9.98741E-05
9.98742E-05 0.11483 9.98742E-05 9.98742E-05 9.98742E-05 9.98742E-05 9.98742E-05 9.98742E-05 9.98742E-05 0.883771 9.98742E-05 9.98742E-05 9.98742E-05 9.98742E-05 9.98742E-05 9.98742E-05
9.99099E-05 9.99099E-05 0.0478294 0.127685 0.152523 9.99099E-05 0.636526 9.99099E-05 9.99099E-05 9.99099E-05 9.99099E-05 0.00644529 9.99099E-05 9.99099E-05 0.0279928 9.99099E-05
9.98834E-05 0.0111638 9.98834E-05 9.98834E-05 0.983938 9.98834E-05 9.98834E-05 9.98834E-05 9.98834E-05 9.98834E-05 9.98834E-05 9.98834E-05 9.98834E-05 0.00359965 9.98834E-05 9.98834E-05
0.00792441 9.99012E-05 0.0268628 9.99012E-05 9.99012E-05 9.99012E-05 9.99012E-05 0.00845014 0.0217613 9.99012E-05 9.99012E-05 0.933902 9.99012E-05 9.99012E-05 9.99012E-05 9.99012E-05
0.00348959 9.98922E-05 9.98922E-05 9.98922E-05 9.98922E-05 9.98922E-05 0.00461258 9.98922E-05 0.0659438 9.98922E-05 9.98922E-05 0.924755 9.98922E-05 9.98922E-05 9.98922E-05 9.98922E-05
9.98919E-05 9.98919E-05 0.154459 9.98919E-05 0.0609598 9.98919E-05 9.98919E-05 9.98919E-05 9.98919E-05 0.0343168 0.749066 9.98919E-05 9.98919E-05 9.98919E-05 9.98919E-05 9.98919E-05
9.9874E-05 9.9874E-05 9.9874E-05 9.9874E-05 9.9874E-05 9.9874E-05 9.9874E-05 0.952806 9.9874E-05 0.0457955 9.9874E-05 9.9874E-05 9.9874E-05 9.9874E-05 9.9874E-05 9.9874E-05
0.704768 0.0465791 9.99279E-05 9.99279E-05 9.99279E-05 9.99279E-05 0.000250404 9.99279E-05 0.141364 0.0746761 9.99279E-05 9.99279E-05 0.0203316 9.99279E-05 0.00906595 0.00216545
0.818027 9.98921E-05 9.98921E-05 0.057193 0.0126314 0.11095 9.98921E-05 9.98921E-05 9.98921E-05 9.98921E-05 9.98921E-05 9.98921E-05 9.98921E-05 9.98921E-05 9.98921E-05 9.98921E-05
9.99008E-05 9.99008E-05 0.12711 0.0466818 9.99008E-05 9.99008E-05 0.0660934 9.99008E-05 9.99008E-05 0.472827 0.286189 9.99008E-05 9.99008E-05 9.99008E-05 9.99008E-05 9.99008E-05
0.981892 9.98742E-05 9.98742E-05 9.98742E-05 9.98742E-05 0.0167095 9.98742E-05 9.98742E-05 9.98742E-05 9.98742E-05 9.98742E-05 9.98742E-05 9.98742E-05 9.98742E-05 9.98742E-05 9.98742E-05
9.991E-05 9.991E-05 9.991E-05 0.0113799 0.0490766 9.991E-05 0.438207 0.0188216 0.259164 9.991E-05 0.222352 9.991E-05 9.991E-05 9.991E-05 9.991E-05 9.991E-05
0.422577 9.9892E-05 9.9892E-05 0.145598 9.9892E-05 9.9892E-05 9.9892E-05 0.284374 9.9892E-05 0.146252 9.9892E-05 9.9892E-05 9.9892E-05 9.9892E-05 9.9892E-05 9.9892E-05
0.911973 9.9883E-05 0.0235049 9.9883E-05 9.9883E-05 9.9883E-05 9.9883E-05 9.9883E-05 9.9883E-05 0.0632236 9.9883E-05 9.9883E-05 9.9883E-05 9.9883E-05 9.9883E-05 9.9883E-05
9.98923E-05 9.98923E-05 9.98923E-05 9.98923E-05 9.98923E-05 9.98923E-05 9.98923E-05 9.98923E-05 9.98923E-05 9.98923E-05 9.98923E-05 0.979748 0.0087828 0.00269762 0.00757316 9.98923E-05
9.98654E-05 9.98654E-05 9.98654E-05 9.98654E-05 9.98654E-05 9.98654E-05 9.98654E-05 9.98654E-05 9.98654E-05 9.98654E-05 9.98654E-05 0.998502 9.98654E-05 9.98654E-05 9.98654E-05 9.98654E-05
9.99099E-05 9.99099E-05 9.99099E-05 0.0254856 0.781129 9.99099E-05 0.0564469 0.00953998 9.99099E-05 0.101154 0.0252452 9.99099E-05 9.99099E-05 9.99099E-05 9.99099E-05 9.99099E-05
9.9892E-05 0.0153404 9.9892E-05 9.9892E-05 9.9892E-05 9.9892E-05 9.9892E-05 9.9892E-05 9.9892E-05 9.9892E-05 0.00081094 0.937639 0.0450107 9.9892E-05 9.9892E-05 9.9892E-05
9.98832E-05 9.98832E-05 9.98832E-05 9.98832E-05 9.98832E-05 9.98832E-05 9.98832E-05 9.98832E-05 9.98832E-05 9.98832E-05 0.0391917 0.898618 0.0608913 9.98832E-05 9.98832E-05 9.98832E-05
9.99102E-05 9.99102E-05 0.0126233 0.0519463 9.99102E-05 0.046153 9.99102E-05 9.99102E-05 9.99102E-05 9.99102E-05 9.99102E-05 0.566313 0.122411 0.199555 9.99102E-05 9.99102E-05
9.99009E-05 9.99009E-05 9.99009E-05 0.0266499 9.99009E-05 9.99009E-05 9.99009E-05 0.0150385 9.99009E-05 9.99009E-05 9.99009E-05 0.342304 0.0464495 0.568459 9.99009E-05 9.99009E-05
9.98654E-05 9.98654E-05 9.98654E-05 9.98654E-05 9.98654E-05 9.98654E-05 9.98654E-05 9.98654E-05 9.98654E-05 9.98654E-05 9.98654E-05 9.98654E-05 9.98654E-05 9.98654E-05 9.98654E-05 0.998502
9.99012E-05 9.99012E-05 9.99012E-05 9.99012E-05 9.99012E-05 9.99012E-05 9.99012E-05 0.0045855 0.0227674 9.99012E-05 0.0124118 0.797218 9.99012E-05 0.161918 9.99012E-05 9.99012E-05
9.99102E-05 9.99102E-05 9.99102E-05 9.99102E-05 9.99102E-05 9.99102E-05 0.00302855 9.99102E-05 9.99102E-05 0.0160389 0.000544406 9.99102E-05 0.720918 0.256512 0.00195907 9.99102E-05
9.99187E-05 9.99187E-05 0.0560622 0.0815199 0.501722 9.99187E-05 0.00463978 0.228463 0.0587587 9.99187E-05 9.99187E-05 9.99187E-05 9.99187E-05 0.0679346 9.99187E-05 9.99187E-05
9.99009E-05 0.00663264 0.0233177 9.99009E-05 9.99009E-05 9.99009E-05 9.99009E-05 9.99009E-05 0.0160334 9.99009E-05 9.99009E-05 0.908909 9.99009E-05 0.0440083 9.99009E-05 9.99009E-05
9.98921E-05 9.98921E-05 9.98921E-05 9.98921E-05 9.98921E-05 9.98921E-05 0.933536 0.0334965 9.98921E-05 9.98921E-05 9.98921E-05 9.98921E-05 9.98921E-05 0.0195373 0.0122319 9.98921E-05
9.9937E-05 9.9937E-05 9.9937E-05 9.9937E-05 9.9937E-05 0.00608692 0.0476221 0.0609247 0.0123884 0.613652 9.9937E-05 0.014553 9.9937E-05 0.00106572 0.00667895 0.236329
9.9874E-05 9.9874E-05 9.9874E-05 9.9874E-05 9.9874E-05 9.9874E-05 9.9874E-05 0.991437 9.9874E-05 9.9874E-05 9.9874E-05 0.00716445 9.9874E-05 9.9874E-05 9.9874E-05 9.9874E-05
9.98651E-05 9.98651E-05 9.98651E-05 9.98651E-05 9.98651E-05 9.98651E-05 9.98651E-05 9.98651E-05 0.998502 9.98651E-05 9.98651E-05 9.98651E-05 9.98651E-05 9.98651E-05 9.98651E-05 9.98651E-05
9.9874E-05 9.9874E-05 9.9874E-05 9.9874E-05 9.9874E-05 9.9874E-05 0.0205962 9.9874E-05 0.978006 9.9874E-05 9.9874E-05 9.9874E-05 9.9874E-05 9.9874E-05 9.9874E-05 9.9874E-05
9.99009E-05 9.99009E-05 0.0049617 9.99009E-05 9.99009E-05 9.99009E-05 9.99009E-05 0.0436626 0.0608301 0.871354 0.0180925 9.99009E-05 9.99009E-05 9.99009E-05 9.99009E-05 9.99009E-05
0.00390714 0.0661064 9.9928E-05 9.9928E-05 0.00234509 0.000800041 0.0101246 9.9928E-05 0.0215942 0.0493178 0.845005 9.9928E-05 9.9928E-05 9.9928E-05 9.9928E-05 9.9928E-05
9.98919E-05 9.98919E-05 0.089196 9.98919E-05 9.98919E-05 9.98919E-05 0.00802831 9.98919E-05 9.98919E-05 0.900785 9.98919E-05 9.98919E-05 9.98919E-05 9.98919E-05 0.000792074 9.98919E-05
0.0925675 9.99369E-05 0.194289 0.0351735 0.105838 9.99369E-05 0.0160844 9.99369E-05 0.0961185 0.37245 0.0186529 9.99369E-05 9.99369E-05 9.99369E-05 9.99369E-05 0.0681273
9.99369E-05 9.99369E-05 0.141844 0.00342735 9.99369E-05 0.0533424 0.0670209 9.99369E-05 0.123742 0.425834 0.111699 9.99369E-05 9.99369E-05 0.0350125 0.0373782 9.99369E-05
9.99369E-05 0.069917 0.249893 9.99369E-05 0.018424 0.00973447 0.193635 0.186151 9.99369E-05 0.191585 9.99369E-05 0.0617353 0.0182265 9.99369E-05 9.99369E-05 9.99369E-05
0.0157026 9.98748E-05 9.98748E-05 9.98748E-05 9.98748E-05 9.98748E-05 0.982899 9.98748E-05 9.98748E-05 9.98748E-05 9.98748E-05 9.98748E-05 9.98748E-05 9.98748E-05 9.98748E-05 9.98748E-05
9.98652E-05 9.98652E-05 9.98652E-05 9.98652E-05 9.98652E-05 9.98652E-05 9.98652E-05 9.98652E-05 9.98652E-05 9.98652E-05 9.98652E-05 9.98652E-05 0.998502 9.98652E-05 9.98652E-05 9.98652E-05
9.98652E-05 9.98652E-05 9.98652E-05 9.98652E-05 9.98652E-05 9.98652E-05 9.98652E-05 9.98652E-05 9.98652E-05 9.98652E-05 9.98652E-05 9.98652E-05 0.998502 9.98652E-05 9.98652E-05 9.98652E-05
9.99011E-05 0.00449661 0.00264764 9.99011E-05 9.99011E-05 9.99011E-05 9.99011E-05 9.99011E-05 0.00893436 0.00142308 9.99011E-05 9.99011E-05 0.981399 9.99011E-05 9.99011E-05 9.99011E-05
9.98652E-05 9.98652E-05 9.98652E-05 9.98652E-05 9.98652E-05 9.98652E-05 9.98652E-05 9.98652E-05 9.98652E-05 9.98652E-05 9.98652E-05 9.98652E-05 0.998502 9.98652E-05 9.98652E-05 9.98652E-05
9.98653E-05 9.98653E-05 9.98653E-05 9.98653E-05 9.98653E-05 9.98653E-05 9.98653E-05 9.98653E-05 9.98653E-05 9.98653E-05 9.98653E-05 9.98653E-05 0.998502 9.98653E-05 9.98653E-05 9.98653E-05
0.0293068 0.0733928 9.99371E-05 9.99371E-05 9.99371E-05 9.99371E-05 9.99371E-05 0.0384041 9.99371E-05 0.028562 9.99371E-05 0.0350611 0.352308 0.355638 0.0475736 0.0390534
9.99011E-05 9.99011E-05 9.99011E-05 9.99011E-05 9.99011E-05 9.99011E-05 0.000413413 0.00166683 0.0149502 9.99011E-05 9.99011E-05 9.99011E-05 0.904962 9.99011E-05 9.99011E-05 0.0769091
9.98829E-05 9.98829E-05 0.049457 9.98829E-05 9.98829E-05 9.98829E-05 0.756477 9.98829E-05 9.98829E-05 9.98829E-05 0.192768 9.98829E-05 9.98829E-05 9.98829E-05 9.98829E-05 9.98829E-05
9.99099E-05 0.0535454 0.000136034 9.99099E-05 9.99099E-05 9.99099E-05 9.99099E-05 9.99099E-05 9.99099E-05 9.99099E-05 0.0275439 9.99099E-05 0.0134145 9.99099E-05 0.0116346 0.892726
9.9892E-05 9.9892E-05 0.00453423 9.9892E-05 9.9892E-05 9.9892E-05 9.9892E-05 0.0148743 0.0103689 9.9892E-05 9.9892E-05 0.969024 9.9892E-05 9.9892E-05 9.9892E-05 9.9892E-05
9.98831E-05 9.98831E-05 9.98831E-05 0.0164106 0.826295 9.98831E-05 9.98831E-05 9.98831E-05 0.155996 9.98831E-05 9.98831E-05 9.98831E-05 9.98831E-05 9.98831E-05 9.98831E-05 9.98831E-05
9.98833E-05 9.98833E-05 0.0875416 9.98833E-05 0.0229477 9.98833E-05 9.98833E-05 9.98833E-05 9.98833E-05 9.98833E-05 0.888212 9.98833E-05 9.98833E-05 9.98833E-05 9.98833E-05 9.98833E-05
9.98743E-05 0.0874676 9.98743E-05 9.98743E-05 0.911134 9.98743E-05 9.98743E-05 9.98743E-05 9.98743E-05 9.98743E-05 9.98743E-05 9.98743E-05 9.98743E-05 9.98743E-05 9.98743E-05 9.98743E-05
9.98829E-05 9.98829E-05 9.98829E-05 9.98829E-05 0.897496 9.98829E-05 9.98829E-05 9.98829E-05 0.0247265 0.0764787 9.98829E-05 9.98829E-05 9.98829E-05 9.98829E-05 9.98829E-05 9.98829E-05
9.99009E-05 9.99009E-05 0.059643 0.0344051 0.819192 9.99009E-05 9.99009E-05 9.99009E-05 0.010786 0.0748754 9.99009E-05 9.99009E-05 9.99009E-05 9.99009E-05 9.99009E-05 9.99009E-05
9.9865E-05 9.9865E-05 9.9865E-05 9.9865E-05 9.9865E-05 0.998502 9.9865E-05 9.9865E-05 9.9865E-05 9.9865E-05 9.9865E-05 9.9865E-05 9.9865E-05 9.9865E-05 9.9865E-05 9.9865E-05
9.98751E-05 9.98751E-05 9.98751E-05 9.98751E-05 9.98751E-05 9.98751E-05 9.98751E-05 9.98751E-05 9.98751E-05 9.98751E-05 9.98751E-05 0.981215 9.98751E-05 9.98751E-05 0.0173864 9.98751E-05
9.99371E-05 9.99371E-05 9.99371E-05 0.0950656 0.0651092 0.0945912 0.0736808 9.99371E-05 0.029781 0.235226 9.99371E-05 0.202751 0.148153 0.0549431 9.99371E-05 9.99371E-05
9.98834E-05 9.98834E-05 9.98834E-05 9.98834E-05 9.98834E-05 9.98834E-05 9.98834E-05 9.98834E-05 9.98834E-05 9.98834E-05 0.0312355 0.798522 9.98834E-05 9.98834E-05 0.168944 9.98834E-05
9.99191E-05 9.99191E-05 0.00288301 9.99191E-05 9.99191E-05 9.99191E-05 0.00391389 0.0244522 0.0691138 9.99191E-05 9.99191E-05 0.863044 0.000856246 0.034837 9.99191E-05 9.99191E-05
9.9901E-05 0.000782667 9.9901E-05 9.9901E-05 9.9901E-05 9.9901E-05 9.9901E-05 9.9901E-05 9.9901E-05 9.9901E-05 0.0634736 0.863524 0.0367594 0.0343619 9.9901E-05 9.9901E-05
9.99281E-05 0.00228773 9.99281E-05 9.99281E-05 9.99281E-05 0.00814722 9.99281E-05 9.99281E-05 9.99281E-05 9.99281E-05 0.0353286 0.886029 0.00883192 0.0288683 0.0121698 0.0175383
9.99102E-05 9.99102E-05 0.00280707 0.0199005 9.99102E-05 9.99102E-05 9.99102E-05 9.99102E-05 0.0585618 0.021253 9.99102E-05 0.806253 9.99102E-05 0.0902257 9.99102E-05 9.99102E-05
9.9883E-05 9.9883E-05 0.0145378 9.9883E-05 9.9883E-05 9.9883E-05 9.9883E-05 0.0190048 9.9883E-05 9.9883E-05 9.9883E-05 0.965159 9.9883E-05 9.9883E-05 9.9883E-05 9.9883E-05
9.98602E-05 9.98602E-05 9.98602E-05 9.98602E-05 9.98602E-05 9.98602E-05 9.98602E-05 9.98602E-05 9.98602E-05 9.98602E-05 9.98602E-05 9.98602E-05 9.98602E-05 0.998502 9.98602E-05 9.98602E-05
9.98741E-05 9.98741E-05 9.98741E-05 9.98741E-05 0.0367474 9.98741E-05 9.98741E-05 9.98741E-05 9.98741E-05 9.98741E-05 9.98741E-05 9.98741E-05 9.98741E-05 0.961854 9.98741E-05 9.98741E-05
9.99012E-05 9.99012E-05 9.99012E-05 0.00171967 9.99012E-05 9.99012E-05 9.99012E-05 9.99012E-05 9.99012E-05 9.99012E-05 0.0450228 0.898298 0.0238679 9.99012E-05 0.0299932 9.99012E-05
9.9892E-05 9.9892E-05 9.9892E-05 9.9892E-05 9.9892E-05 9.9892E-05 9.9892E-05 0.0204039 9.9892E-05 9.9892E-05 0.953327 0.00767597 9.9892E-05 0.0173943 9.9892E-05 9.9892E-05
9.9874E-05 9.9874E-05 9.9874E-05 9.9874E-05 9.9874E-05 9.9874E-05 9.9874E-05 9.9874E-05 9.9874E-05 9.9874E-05 0.981887 9.9874E-05 0.0167152 9.9874E-05 9.9874E-05 9.9874E-05
9.98652E-05 9.98652E-05 9.98652E-05 0.998502 9.98652E-05 9.98652E-05 9.98652E-05 9.98652E-05 9.98652E-05 9.98652E-05 9.98652E-05 9.98652E-05 9.98652E-05 9.98652E-05 9.98652E-05 9.98652E-05
9.98743E-05 9.98743E-05 9.98743E-05 0.995189 9.98743E-05 9.98743E-05 9.98743E-05 9.98743E-05 9.98743E-05 9.98743E-05 9.98743E-05 9.98743E-05 9.98743E-05 9.98743E-05 0.00341255 9.98743E-05
9.98919E-05 9.98919E-05 9.98919E-05 9.98919E-05 9.98919E-05 9.98919E-05 9.98919E-05 9.98919E-05 0.0453176 0.822029 0.0460723 9.98919E-05 9.98919E-05 9.98919E-05 9.98919E-05 0.0853819
9.9901E-05 9.9901E-05 9.9901E-05 9.9901E-05 0.00932167 9.9901E-05 9.9901E-05 9.9901E-05 0.0331587 0.801036 0.139924 9.9901E-05 9.9901E-05 9.9901E-05 9.9901E-05 0.0154612
9.98922E-05 9.98922E-05 9.98922E-05 0.961789 9.98922E-05 9.98922E-05 9.98922E-05 0.0229902 9.98922E-05 9.98922E-05 0.0123687 9.98922E-05 9.98922E-05 0.00165385 9.98922E-05 9.98922E-05
9.98742E-05 9.98742E-05 9.98742E-05 0.993894 9.98742E-05 9.98742E-05 9.98742E-05 9.98742E-05 0.00470756 9.98742E-05 9.98742E-05 9.98742E-05 9.98742E-05 9.98742E-05 9.98742E-05 9.98742E-05
9.98919E-05 0.0111925 9.98919E-05 9.98919E-05 9.98919E-05 9.98919E-05 0.972249 9.98919E-05 9.98919E-05 9.98919E-05 0.00500674 9.98919E-05 0.010353 9.98919E-05 9.98919E-05 9.98919E-05
0.0274054 0.160267 9.9901E-05 9.9901E-05 0.0714463 9.9901E-05 9.9901E-05 9.9901E-05 0.686269 9.9901E-05 0.053514 9.9901E-05 9.9901E-05 9.9901E-05 9.9901E-05 9.9901E-05
9.9883E-05 0.0455183 9.9883E-05 9.9883E-05 9.9883E-05 9.9883E-05 9.9883E-05 9.9883E-05 9.9883E-05 9.9883E-05 9.9883E-05 9.9883E-05 0.0848203 9.9883E-05 9.9883E-05 0.868363
9.98651E-05 9.98651E-05 0.998502 9.98651E-05 9.98651E-05 9.98651E-05 9.98651E-05 9.98651E-05 9.98651E-05 9.98651E-05 9.98651E-05 9.98651E-05 9.98651E-05 9.98651E-05 9.98651E-05 9.98651E-05
9.98921E-05 9.98921E-05 0.895036 9.98921E-05 0.0352158 9.98921E-05 0.0423492 0.0262004 9.98921E-05 9.98921E-05 9.98921E-05 9.98921E-05 9.98921E-05 9.98921E-05 9.98921E-05 9.98921E-05
0.0386187 0.000479399 9.99101E-05 0.0143001 9.99101E-05 9.99101E-05 9.99101E-05 9.99101E-05 9.99101E-05 9.99101E-05 9.99101E-05 0.279442 0.0231731 0.642988 9.99101E-05 9.99101E-05
