9.98829E-05 9.98829E-05 9.98829E-05 9.98829E-05 9.98829E-05 9.98829E-05 0.943924 9.98829E-05 9.98829E-05 9.98829E-05 9.98829E-05 9.98829E-05 0.0496133 9.98829E-05 0.0051646 9.98829E-05
9.99009E-05 0.14848 0.0950112 9.99009E-05 0.743463 9.99009E-05 0.0100349 9.99009E-05 9.99009E-05 9.99009E-05 9.99009E-05 0.00191242 9.99009E-05 9.99009E-05 9.99009E-05 9.99009E-05
9.98651E-05 9.98651E-05 9.98651E-05 9.98651E-05 9.98651E-05 9.98651E-05 9.98651E-05 9.98651E-05 9.98651E-05 9.98651E-05 9.98651E-05 9.98651E-05 9.98651E-05 0.998502 9.98651E-05 9.98651E-05
9.99101E-05 0.939467 9.99101E-05 9.99101E-05 9.99101E-05 9.99101E-05 9.99101E-05 9.99101E-05 0.0152885 9.99101E-05 0.00393988 9.99101E-05 9.99101E-05 0.019834 0.00847989 0.0119917
9.99371E-05 0.283272 9.99371E-05 0.000846684 0.118119 9.99371E-05 0.0281672 0.162308 0.124829 9.99371E-05 0.0692523 9.99371E-05 0.123902 0.088605 9.99371E-05 9.99371E-05
9.98831E-05 0.990459 9.98831E-05 9.98831E-05 9.98831E-05 9.98831E-05 9.98831E-05 9.98831E-05 0.00664608 9.98831E-05 9.98831E-05 9.98831E-05 9.98831E-05 0.00159637 9.98831E-05 9.98831E-05
9.98651E-05 9.98651E-05 9.98651E-05 9.98651E-05 9.98651E-05 9.98651E-05 9.98651E-05 0.998502 9.98651E-05 9.98651E-05 9.98651E-05 9.98651E-05 9.98651E-05 9.98651E-05 9.98651E-05 9.98651E-05
9.99189E-05 0.0453249 9.99189E-05 0.408607 0.0977475 9.99189E-05 9.99189E-05 9.99189E-05 0.266821 9.99189E-05 0.0808368 9.99189E-05 0.0755858 0.0241777 9.99189E-05 9.99189E-05
9.9892E-05 9.9892E-05 0.00168823 9.9892E-05 0.0104888 9.9892E-05 9.9892E-05 0.966787 9.9892E-05 9.9892E-05 0.0198368 9.9892E-05 9.9892E-05 9.9892E-05 9.9892E-05 9.9892E-05
9.98741E-05 9.98741E-05 9.98741E-05 9.98741E-05 9.98741E-05 9.98741E-05 9.98741E-05 0.136201 9.98741E-05 9.98741E-05 9.98741E-05 9.98741E-05 0.8624 9.98741E-05 9.98741E-05 9.98741E-05
9.98742E-05 9.98742E-05 9.98742E-05 9.98742E-05 9.98742E-05 9.98742E-05 9.98742E-05 0.103862 9.98742E-05 9.98742E-05 9.98742E-05 9.98742E-05 0.89474 9.98742E-05 9.98742E-05 9.98742E-05
9.99011E-05 9.99011E-05 0.00484435 9.99011E-05 9.99011E-05 0.142261 0.695496 9.99011E-05 9.99011E-05 9.99011E-05 9.99011E-05 9.99011E-05 9.99011E-05 9.99011E-05 0.132528 0.0237712
9.98743E-05 9.98743E-05 9.98743E-05 9.98743E-05 9.98743E-05 0.94471 9.98743E-05 9.98743E-05 0.0538919 9.98743E-05 9.98743E-05 9.98743E-05 9.98743E-05 9.98743E-05 9.98743E-05 9.98743E-05
9.98921E-05 0.957124 0.0119658 9.98921E-05 0.01549 9.98921E-05 9.98921E-05 9.98921E-05 9.98921E-05 0.0142211 9.98921E-05 9.98921E-05 9.98921E-05 9.98921E-05 9.98921E-05 9.98921E-05
0.00756203 0.988175 9.98832E-05 9.98832E-05 9.98832E-05 9.98832E-05 0.00296483 9.98832E-05 9.98832E-05 9.98832E-05 9.98832E-05 9.98832E-05 9.98832E-05 9.98832E-05 9.98832E-05 9.98832E-05
9.9892E-05 9.9892E-05 0.0270562 9.9892E-05 9.9892E-05 0.173379 9.9892E-05 9.9892E-05 9.9892E-05 9.9892E-05 9.9892E-05 0.782453 0.0159128 9.9892E-05 9.9892E-05 9.9892E-05
9.98829E-05 9.98829E-05 0.939213 9.98829E-05 9.98829E-05 9.98829E-05 9.98829E-05 9.98829E-05 9.98829E-05 9.98829E-05 9.98829E-05 0.0216836 0.0378054 9.98829E-05 9.98829E-05 9.98829E-05
0.0300081 9.99188E-05 9.99188E-05 9.99188E-05 0.0644533 9.99188E-05 0.00611728 9.99188E-05 9.99188E-05 0.738866 0.0243684 0.0585712 0.0767161 9.99188E-05 9.99188E-05 9.99188E-05
0.270514 9.98922E-05 9.98922E-05 9.98922E-05 9.98922E-05 0.00970446 9.98922E-05 9.98922E-05 9.98922E-05 0.67302 9.98922E-05 9.98922E-05 9.98922E-05 9.98922E-05 0.0455635 9.98922E-05
9.99009E-05 9.99009E-05 0.0563631 9.99009E-05 9.99009E-05 9.99009E-05 0.0822851 9.99009E-05 9.99009E-05 9.99009E-05 9.99009E-05 0.338582 0.476278 9.99009E-05 0.0453923 9.99009E-05
0.136095 9.98741E-05 9.98741E-05 9.98741E-05 9.98741E-05 9.98741E-05 9.98741E-05 9.98741E-05 9.98741E-05 0.862507 9.98741E-05 9.98741E-05 9.98741E-05 9.98741E-05 9.98741E-05 9.98741E-05
0.00312908 9.99189E-05 0.0784642 9.99189E-05 0.0201943 0.0170161 0.520439 9.99189E-05 9.99189E-05 9.99189E-05 9.99189E-05 0.321108 0.0387505 9.99189E-05 9.99189E-05 9.99189E-05
9.99009E-05 9.99009E-05 0.170847 9.99009E-05 9.99009E-05 9.99009E-05 9.99009E-05 9.99009E-05 0.0519484 0.482338 9.99009E-05 9.99009E-05 0.138119 9.99009E-05 0.155649 9.99009E-05
9.9883E-05 9.9883E-05 9.9883E-05 9.9883E-05 9.9883E-05 9.9883E-05 9.9883E-05 9.9883E-05 9.9883E-05 0.946263 9.9883E-05 9.9883E-05 0.0473691 9.9883E-05 0.00506988 9.9883E-05
9.98833E-05 0.385727 9.98833E-05 9.98833E-05 9.98833E-05 9.98833E-05 9.98833E-05 9.98833E-05 9.98833E-05 9.98833E-05 9.98833E-05 9.98833E-05 9.98833E-05 0.00344037 9.98833E-05 0.609534
9.98832E-05 0.864694 9.98832E-05 9.98832E-05 9.98832E-05 9.98832E-05 9.98832E-05 9.98832E-05 9.98832E-05 9.98832E-05 0.0169092 9.98832E-05 9.98832E-05 9.98832E-05 9.98832E-05 0.117098
9.99098E-05 9.99098E-05 0.0424222 9.99098E-05 9.99098E-05 0.754237 0.0739258 9.99098E-05 9.99098E-05 9.99098E-05 9.99098E-05 0.0523689 0.0308931 9.99098E-05 0.0451539 9.99098E-05
9.98652E-05 9.98652E-05 9.98652E-05 9.98652E-05 9.98652E-05 9.98652E-05 9.98652E-05 9.98652E-05 9.98652E-05 9.98652E-05 9.98652E-05 9.98652E-05 9.98652E-05 9.98652E-05 9.98652E-05 0.998502
9.98742E-05 9.98742E-05 9.98742E-05 9.98742E-05 9.98742E-05 9.98742E-05 9.98742E-05 9.98742E-05 9.98742E-05 9.98742E-05 0.00231353 9.98742E-05 9.98742E-05 9.98742E-05 9.98742E-05 0.996288
0.0297214 0.145517 9.99191E-05 9.99191E-05 9.99191E-05 9.99191E-05 0.0191209 9.99191E-05 0.476662 9.99191E-05 0.0450576 9.99191E-05 9.99191E-05 0.0504452 9.99191E-05 0.232577
9.98828E-05 0.0627926 0.00476162 9.98828E-05 9.98828E-05 9.98828E-05 9.98828E-05 9.98828E-05 0.931147 9.98828E-05 9.98828E-05 9.98828E-05 9.98828E-05 9.98828E-05 9.98828E-05 9.98828E-05
9.98654E-05 9.98654E-05 9.98654E-05 9.98654E-05 0.998502 9.98654E-05 9.98654E-05 9.98654E-05 9.98654E-05 9.98654E-05 9.98654E-05 9.98654E-05 9.98654E-05 9.98654E-05 9.98654E-05 9.98654E-05
9.98831E-05 0.562883 9.98831E-05 0.170921 9.98831E-05 9.98831E-05 9.98831E-05 9.98831E-05 9.98831E-05 9.98831E-05 9.98831E-05 9.98831E-05 9.98831E-05 9.98831E-05 9.98831E-05 0.264898
9.99191E-05 9.99191E-05 9.99191E-05 0.165853 0.0700744 0.00269844 9.99191E-05 9.99191E-05 0.0533381 9.99191E-05 0.684198 9.99191E-05 9.99191E-05 0.0205771 0.00236158 9.99191E-05
9.99097E-05 9.99097E-05 0.270676 9.99097E-05 9.99097E-05 0.523881 0.0481527 9.99097E-05 0.0512247 9.99097E-05 9.99097E-05 9.99097E-05 0.0181864 9.99097E-05 0.0868804 9.99097E-05
9.99009E-05 0.401488 0.0242784 0.0363265 9.99009E-05 9.99009E-05 9.99009E-05 0.00390301 9.99009E-05 9.99009E-05 9.99009E-05 9.99009E-05 9.99009E-05 9.99009E-05 9.99009E-05 0.532905
9.9874E-05 9.9874E-05 9.9874E-05 9.9874E-05 9.9874E-05 9.9874E-05 0.939483 9.9874E-05 9.9874E-05 9.9874E-05 9.9874E-05 9.9874E-05 9.9874E-05 0.0591185 9.9874E-05 9.9874E-05
0.00607084 9.99009E-05 9.99009E-05 0.081012 0.156694 9.99009E-05 0.116887 9.99009E-05 9.99009E-05 9.99009E-05 9.99009E-05 9.99009E-05 0.638238 9.99009E-05 9.99009E-05 9.99009E-05
9.98738E-05 9.98738E-05 0.964295 0.034307 9.98738E-05 9.98738E-05 9.98738E-05 9.98738E-05 9.98738E-05 9.98738E-05 9.98738E-05 9.98738E-05 9.98738E-05 9.98738E-05 9.98738E-05 9.98738E-05
0.00559613 0.122518 0.146019 9.99097E-05 9.99097E-05 9.99097E-05 0.188226 9.99097E-05 9.99097E-05 9.99097E-05 9.99097E-05 0.272605 0.264036 9.99097E-05 9.99097E-05 9.99097E-05
0.0117725 0.0759657 0.119662 9.99188E-05 0.00647071 9.99188E-05 0.268852 9.99188E-05 9.99188E-05 9.99188E-05 9.99188E-05 0.257834 0.258544 9.99188E-05 9.99188E-05 9.99188E-05
0.00183512 9.9901E-05 9.9901E-05 9.9901E-05 9.9901E-05 0.0118853 0.025033 9.9901E-05 9.9901E-05 9.9901E-05 9.9901E-05 0.0305315 0.929616 9.9901E-05 9.9901E-05 9.9901E-05
9.991E-05 9.991E-05 9.991E-05 9.991E-05 9.991E-05 0.0194595 0.00303246 0.0812624 9.991E-05 0.0284041 9.991E-05 0.838067 0.0287751 9.991E-05 9.991E-05 9.991E-05
9.9901E-05 9.9901E-05 0.0138682 9.9901E-05 9.9901E-05 0.0255892 0.0297004 9.9901E-05 0.0259486 9.9901E-05 9.9901E-05 9.9901E-05 0.903795 9.9901E-05 9.9901E-05 9.9901E-05
9.99279E-05 9.99279E-05 9.99279E-05 9.99279E-05 0.0533225 0.16715 0.0290231 9.99279E-05 9.99279E-05 0.121486 0.0106343 0.100879 0.424928 9.99279E-05 0.0917773 9.99279E-05
0.0876128 0.0715177 9.9928E-05 0.00919775 9.9928E-05 0.0181932 0.081419 9.9928E-05 0.0198378 9.9928E-05 9.9928E-05 0.194641 0.516781 9.9928E-05 9.9928E-05 9.9928E-05
0.00240173 0.0067777 0.28601 9.9946E-05 9.9946E-05 0.121862 0.178216 0.0434365 0.111563 9.9946E-05 0.0186583 9.9946E-05 0.225748 0.0047269 9.9946E-05 9.9946E-05
9.98749E-05 9.98749E-05 9.98749E-05 9.98749E-05 9.98749E-05 9.98749E-05 0.965507 9.98749E-05 9.98749E-05 0.0330945 9.98749E-05 9.98749E-05 9.98749E-05 9.98749E-05 9.98749E-05 9.98749E-05
9.98831E-05 9.98831E-05 9.98831E-05 9.98831E-05 9.98831E-05 9.98831E-05 9.98831E-05 0.00261994 9.98831E-05 9.98831E-05 0.99038 0.0057019 9.98831E-05 9.98831E-05 9.98831E-05 9.98831E-05
0.00395585 9.98742E-05 9.98742E-05 9.98742E-05 9.98742E-05 9.98742E-05 9.98742E-05 9.98742E-05 9.98742E-05 9.98742E-05 0.994646 9.98742E-05 9.98742E-05 9.98742E-05 9.98742E-05 9.98742E-05
9.98832E-05 9.98832E-05 9.98832E-05 9.98832E-05 9.98832E-05 9.98832E-05 9.98832E-05 0.00303575 9.98832E-05 9.98832E-05 0.982328 0.0133377 9.98832E-05 9.98832E-05 9.98832E-05 9.98832E-05
9.98652E-05 9.98652E-05 9.98652E-05 9.98652E-05 9.98652E-05 9.98652E-05 9.98652E-05 9.98652E-05 9.98652E-05 9.98652E-05 0.998502 9.98652E-05 9.98652E-05 9.98652E-05 9.98652E-05 9.98652E-05
9.98652E-05 9.98652E-05 9.98652E-05 9.98652E-05 9.98652E-05 9.98652E-05 9.98652E-05 9.98652E-05 9.98652E-05 9.98652E-05 0.998502 9.98652E-05 9.98652E-05 9.98652E-05 9.98652E-05 9.98652E-05
9.99201E-05 9.99201E-05 9.99201E-05 0.052156 0.0620502 9.99201E-05 9.99201E-05 0.0468449 0.462778 0.0257452 0.301749 0.0462198 0.00165708 9.99201E-05 9.99201E-05 9.99201E-05
9.99012E-05 9.99012E-05 0.00354732 9.99012E-05 0.0241507 0.00791273 0.0031728 9.99012E-05 9.99012E-05 9.99012E-05 0.960118 9.99012E-05 9.99012E-05 9.99012E-05 9.99012E-05 9.99012E-05
9.98829E-05 9.98829E-05 9.98829E-05 9.98829E-05 9.98829E-05 0.00251494 0.82217 9.98829E-05 9.98829E-05 9.98829E-05 9.98829E-05 0.174017 9.98829E-05 9.98829E-05 9.98829E-05 9.98829E-05
9.99099E-05 9.99099E-05 9.99099E-05 9.99099E-05 0.874298 9.99099E-05 0.0167628 0.0430248 9.99099E-05 9.99099E-05 0.0454655 9.99099E-05 9.99099E-05 9.99099E-05 0.00597182 0.0134776
9.9874E-05 0.644402 9.9874E-05 9.9874E-05 9.9874E-05 9.9874E-05 9.9874E-05 9.9874E-05 9.9874E-05 9.9874E-05 9.9874E-05 9.9874E-05 9.9874E-05 9.9874E-05 9.9874E-05 0.3542
9.99011E-05 9.99011E-05 9.99011E-05 9.99011E-05 9.99011E-05 0.795104 0.0282451 9.99011E-05 9.99011E-05 9.99011E-05 0.0119536 0.145547 9.99011E-05 9.99011E-05 0.0180515 9.99011E-05
9.98834E-05 9.98834E-05 9.98834E-05 9.98834E-05 9.98834E-05 0.0503153 9.98834E-05 9.98834E-05 9.98834E-05 9.98834E-05 9.98834E-05 0.948247 9.98834E-05 0.000139245 9.98834E-05 9.98834E-05
9.98833E-05 9.98833E-05 9.98833E-05 0.0179262 9.98833E-05 0.949474 9.98833E-05 0.031301 9.98833E-05 9.98833E-05 9.98833E-05 9.98833E-05 9.98833E-05 9.98833E-05 9.98833E-05 9.98833E-05
9.98739E-05 9.98739E-05 9.98739E-05 9.98739E-05 9.98739E-05 0.878216 9.98739E-05 9.98739E-05 9.98739E-05 9.98739E-05 9.98739E-05 9.98739E-05 0.120385 9.98739E-05 9.98739E-05 9.98739E-05
9.98919E-05 9.98919E-05 9.98919E-05 9.98919E-05 9.98919E-05 0.827212 9.98919E-05 9.98919E-05 9.98919E-05 0.00557072 9.98919E-05 9.98919E-05 0.123872 9.98919E-05 0.0421463 9.98919E-05
0.998502 9.98649E-05 9.98649E-05 9.98649E-05 9.98649E-05 9.98649E-05 9.98649E-05 9.98649E-05 9.98649E-05 9.98649E-05 9.98649E-05 9.98649E-05 9.98649E-05 9.98649E-05 9.98649E-05 9.98649E-05
9.98835E-05 0.244599 9.98835E-05 9.98835E-05 9.98835E-05 9.98835E-05 9.98835E-05 9.98835E-05 9.98835E-05 9.98835E-05 9.98835E-05 9.98835E-05 9.98835E-05 0.0217153 9.98835E-05 0.732388
9.9955E-05 0.210678 0.0373944 0.00480332 0.0489966 0.145176 0.103419 0.0748553 0.10681 0.0415844 9.9955E-05 9.9955E-05 0.0699638 9.9955E-05 0.15582 9.9955E-05
9.99102E-05 0.76919 9.99102E-05 0.0634041 9.99102E-05 0.0240925 9.99102E-05 0.00601634 9.99102E-05 9.99102E-05 9.99102E-05 9.99102E-05 9.99102E-05 0.104192 9.99102E-05 0.0321069
9.991E-05 0.717801 0.0216549 9.991E-05 9.991E-05 9.991E-05 9.991E-05 9.991E-05 0.0979972 9.991E-05 0.00236328 9.991E-05 9.991E-05 0.00655312 9.991E-05 0.152631
9.98831E-05 9.98831E-05 9.98831E-05 9.98831E-05 9.98831E-05 9.98831E-05 0.000263717 9.98831E-05 9.98831E-05 9.98831E-05 9.98831E-05 0.0220014 9.98831E-05 9.98831E-05 9.98831E-05 0.976436
9.98743E-05 9.98743E-05 9.98743E-05 9.98743E-05 9.98743E-05 9.98743E-05 9.98743E-05 9.98743E-05 9.98743E-05 0.0100214 9.98743E-05 9.98743E-05 9.98743E-05 9.98743E-05 9.98743E-05 0.98858
9.99191E-05 0.692287 0.00854387 9.99191E-05 0.0430146 9.99191E-05 9.99191E-05 9.99191E-05 0.166539 9.99191E-05 9.99191E-05 9.99191E-05 0.0274154 9.99191E-05 0.00597591 0.0553254
9.9892E-05 0.535483 0.00890723 0.0364092 9.9892E-05 9.9892E-05 9.9892E-05 9.9892E-05 9.9892E-05 9.9892E-05 9.9892E-05 9.9892E-05 9.9892E-05 9.9892E-05 9.9892E-05 0.418002
9.98741E-05 9.98741E-05 9.98741E-05 0.9553 9.98741E-05 9.98741E-05 9.98741E-05 9.98741E-05 9.98741E-05 9.98741E-05 0.0433013 9.98741E-05 9.98741E-05 9.98741E-05 9.98741E-05 9.98741E-05
9.9874E-05 9.9874E-05 9.9874E-05 0.959615 9.9874E-05 0.038987 9.9874E-05 9.9874E-05 9.9874E-05 9.9874E-05 9.9874E-05 9.9874E-05 9.9874E-05 9.9874E-05 9.9874E-05 9.9874E-05
9.99102E-05 0.819497 9.99102E-05 9.99102E-05 9.99102E-05 9.99102E-05 9.99102E-05 9.99102E-05 9.99102E-05 0.00836159 0.0332596 0.0242374 9.99102E-05 9.99102E-05 0.00261418 0.111031
9.9883E-05 9.9883E-05 9.9883E-05 0.00621419 9.9883E-05 9.9883E-05 9.9883E-05 9.9883E-05 9.9883E-05 9.9883E-05 0.0124295 0.980058 9.9883E-05 9.9883E-05 9.9883E-05 9.9883E-05
9.98829E-05 9.98829E-05 9.98829E-05 0.010015 9.98829E-05 9.98829E-05 9.98829E-05 9.98829E-05 9.98829E-05 9.98829E-05 0.000662218 0.988024 9.98829E-05 9.98829E-05 9.98829E-05 9.98829E-05
9.98653E-05 9.98653E-05 9.98653E-05 9.98653E-05 9.98653E-05 9.98653E-05 9.98653E-05 9.98653E-05 9.98653E-05 9.98653E-05 9.98653E-05 9.98653E-05 9.98653E-05 9.98653E-05 0.998502 9.98653E-05
9.98652E-05 9.98652E-05 9.98652E-05 9.98652E-05 9.98652E-05 9.98652E-05 9.98652E-05 9.98652E-05 9.98652E-05 9.98652E-05 9.98652E-05 9.98652E-05 9.98652E-05 9.98652E-05 0.998502 9.98652E-05
9.99189E-05 9.99189E-05 9.99189E-05 0.00103437 0.0661658 0.00158222 0.00807809 9.99189E-05 9.99189E-05 9.99189E-05 9.99189E-05 0.100291 0.810147 9.99189E-05 9.99189E-05 0.0118016
9.99099E-05 9.99099E-05 9.99099E-05 9.99099E-05 0.0435479 0.0425092 9.99099E-05 0.00883124 9.99099E-05 9.99099E-05 9.99099E-05 0.120087 0.756854 9.99099E-05 9.99099E-05 0.0271724
9.98922E-05 9.98922E-05 9.98922E-05 0.00500967 0.010507 9.98922E-05 9.98922E-05 9.98922E-05 9.98922E-05 9.98922E-05 9.98922E-05 0.00901253 9.98922E-05 9.98922E-05 0.974272 9.98922E-05
9.98741E-05 9.98741E-05 9.98741E-05 9.98741E-05 9.98741E-05 9.98741E-05 0.00464409 9.98741E-05 9.98741E-05 9.98741E-05 9.98741E-05 9.98741E-05 9.98741E-05 9.98741E-05 0.993958 9.98741E-05
9.98919E-05 9.98919E-05 9.98919E-05 9.98919E-05 9.98919E-05 0.00469946 0.956529 0.0194966 9.98919E-05 9.98919E-05 0.0180762 9.98919E-05 9.98919E-05 9.98919E-05 9.98919E-05 9.98919E-05
0.0187483 9.99279E-05 9.99279E-05 9.99279E-05 0.0422742 0.144942 0.00852935 0.146584 9.99279E-05 0.0497658 9.99279E-05 0.459623 0.128734 9.99279E-05 9.99279E-05 9.99279E-05
9.98831E-05 9.98831E-05 9.98831E-05 9.98831E-05 0.918782 9.98831E-05 9.98831E-05 0.0671434 9.98831E-05 9.98831E-05 0.0127762 9.98831E-05 9.98831E-05 9.98831E-05 9.98831E-05 9.98831E-05
9.99104E-05 0.0384187 0.266786 9.99104E-05 9.99104E-05 0.297616 9.99104E-05 9.99104E-05 9.99104E-05 0.102065 9.99104E-05 9.99104E-05 0.192193 9.99104E-05 0.101923 9.99104E-05
9.99013E-05 9.99013E-05 0.37574 9.99013E-05 9.99013E-05 0.324095 0.103837 9.99013E-05 9.99013E-05 0.0565379 9.99013E-05 9.99013E-05 9.99013E-05 9.99013E-05 0.138691 9.99013E-05
9.9865E-05 9.9865E-05 9.9865E-05 9.9865E-05 9.9865E-05 9.9865E-05 9.9865E-05 9.9865E-05 0.998502 9.9865E-05 9.9865E-05 9.9865E-05 9.9865E-05 9.9865E-05 9.9865E-05 9.9865E-05
