0.0446486 0.0186315 9.98738E-05 9.98738E-05 9.98738E-05 9.98738E-05 9.98738E-05 0.933008 9.98738E-05 9.98738E-05 9.98738E-05 9.98738E-05 9.98738E-05 0.00231377 9.98738E-05 9.98738E-05 9.98738E-05 9.98738E-05
9.98829E-05 0.0085533 9.98829E-05 9.98829E-05 0.740624 0.0254945 0.0903126 9.98829E-05 9.98829E-05 9.98829E-05 9.98829E-05 0.133717 9.98829E-05 9.98829E-05 9.98829E-05 9.98829E-05 9.98829E-05 9.98829E-05
9.98471E-05 9.98471E-05 9.98471E-05 9.98471E-05 9.98471E-05 9.98471E-05 9.98471E-05 9.98471E-05 9.98471E-05 9.98471E-05 9.98471E-05 9.98471E-05 9.98471E-05 9.98471E-05 9.98471E-05 9.98471E-05 9.98471E-05 0.998303
9.98831E-05 0.0328169 0.0573358 9.98831E-05 9.98831E-05 9.98831E-05 0.866923 9.98831E-05 9.98831E-05 9.98831E-05 9.98831E-05 0.00289398 9.98831E-05 9.98831E-05 9.98831E-05 9.98831E-05 9.98831E-05 0.0387318
0.0682068 9.99281E-05 0.0885934 9.99281E-05 0.124315 9.99281E-05 0.306472 0.0290543 0.0102425 9.99281E-05 0.0726168 9.99281E-05 0.184025 9.99281E-05 9.99281E-05 0.0583546 9.99281E-05 0.05732
9.9892E-05 9.9892E-05 0.0516494 0.00323489 9.9892E-05 9.9892E-05 0.861435 9.9892E-05 9.9892E-05 9.9892E-05 0.0132129 0.019056 9.9892E-05 9.9892E-05 9.9892E-05 9.9892E-05 9.9892E-05 0.0502134
9.98471E-05 9.98471E-05 9.98471E-05 9.98471E-05 9.98471E-05 9.98471E-05 9.98471E-05 9.98471E-05 9.98471E-05 9.98471E-05 9.98471E-05 9.98471E-05 0.998303 9.98471E-05 9.98471E-05 9.98471E-05 9.98471E-05 9.98471E-05
0.130657 9.9901E-05 0.291712 9.9901E-05 0.0492115 9.9901E-05 9.9901E-05 9.9901E-05 9.9901E-05 9.9901E-05 9.9901E-05 9.9901E-05 0.00932907 9.9901E-05 0.456365 0.0543686 9.9901E-05 0.00725745
9.98741E-05 9.98741E-05 9.98741E-05 9.98741E-05 0.035715 0.00240524 9.98741E-05 9.98741E-05 9.98741E-05 9.98741E-05 9.98741E-05 0.000864153 0.959617 9.98741E-05 9.98741E-05 9.98741E-05 9.98741E-05 9.98741E-05
0.864705 9.98562E-05 9.98562E-05 9.98562E-05 9.98562E-05 9.98562E-05 9.98562E-05 9.98562E-05 9.98562E-05 9.98562E-05 9.98562E-05 9.98562E-05 0.133697 9.98562E-05 9.98562E-05 9.98562E-05 9.98562E-05 9.98562E-05
0.886159 9.98562E-05 9.98562E-05 9.98562E-05 9.98562E-05 9.98562E-05 9.98562E-05 9.98562E-05 9.98562E-05 9.98562E-05 9.98562E-05 9.98562E-05 0.112243 9.98562E-05 9.98562E-05 9.98562E-05 9.98562E-05 9.98562E-05
9.9901E-05 0.100085 9.9901E-05 9.9901E-05 9.9901E-05 9.9901E-05 0.0335991 0.647591 9.9901E-05 9.9901E-05 0.10906 0.00371282 9.9901E-05 0.00498917 9.9901E-05 9.9901E-05 0.0998646 9.9901E-05
9.98655E-05 9.98655E-05 9.98655E-05 9.98655E-05 9.98655E-05 9.98655E-05 9.98655E-05 9.98655E-05 9.98655E-05 9.98655E-05 9.98655E-05 9.98655E-05 0.0314678 9.98655E-05 0.0240858 9.98655E-05 0.942948 9.98655E-05
9.98922E-05 9.98922E-05 9.98922E-05 9.98922E-05 0.0134124 9.98922E-05 0.894819 9.98922E-05 9.98922E-05 9.98922E-05 0.0195426 0.0162983 9.98922E-05 0.0333235 9.98922E-05 9.98922E-05 9.98922E-05 0.0214058
9.98742E-05 9.98742E-05 9.98742E-05 9.98742E-05 9.98742E-05 9.98742E-05 0.953726 0.0128632 0.0147549 9.98742E-05 9.98742E-05 9.98742E-05 9.98742E-05 0.0172576 9.98742E-05 9.98742E-05 9.98742E-05 9.98742E-05
9.9865E-05 9.9865E-05 9.9865E-05 9.9865E-05 9.9865E-05 0.776482 9.9865E-05 9.9865E-05 9.9865E-05 9.9865E-05 0.0912892 9.9865E-05 9.9865E-05 9.9865E-05 9.9865E-05 9.9865E-05 0.13073 9.9865E-05
0.0319924 9.9874E-05 9.9874E-05 9.9874E-05 9.9874E-05 9.9874E-05 9.9874E-05 9.9874E-05 0.0478718 9.9874E-05 9.9874E-05 0.917357 9.9874E-05 9.9874E-05 9.9874E-05 9.9874E-05 0.00138007 9.9874E-05
0.123123 9.98829E-05 9.98829E-05 9.98829E-05 0.0250212 9.98829E-05 9.98829E-05 9.98829E-05 9.98829E-05 9.98829E-05 9.98829E-05 0.00478678 9.98829E-05 0.841707 9.98829E-05 0.00406385 9.98829E-05 9.98829E-05
9.9856E-05 0.0311445 9.9856E-05 9.9856E-05 9.9856E-05 9.9856E-05 9.9856E-05 9.9856E-05 9.9856E-05 0.967258 9.9856E-05 9.9856E-05 9.9856E-05 9.9856E-05 9.9856E-05 9.9856E-05 9.9856E-05 9.9856E-05
0.409305 0.0151811 9.98829E-05 9.98829E-05 9.98829E-05 0.305493 9.98829E-05 0.0704367 9.98829E-05 9.98829E-05 0.198287 9.98829E-05 9.98829E-05 9.98829E-05 9.98829E-05 9.98829E-05 9.98829E-05 9.98829E-05
9.98561E-05 9.98561E-05 9.98561E-05 9.98561E-05 9.98561E-05 9.98561E-05 9.98561E-05 9.98561E-05 9.98561E-05 0.00653125 9.98561E-05 9.98561E-05 9.98561E-05 0.991871 9.98561E-05 9.98561E-05 9.98561E-05 9.98561E-05
0.0831106 9.98829E-05 9.98829E-05 9.98829E-05 9.98829E-05 0.256889 9.98829E-05 0.532335 9.98829E-05 9.98829E-05 9.98829E-05 0.076655 9.98829E-05 9.98829E-05 9.98829E-05 9.98829E-05 0.0497115 9.98829E-05
9.98467E-05 9.98467E-05 9.98467E-05 9.98467E-05 9.98467E-05 9.98467E-05 9.98467E-05 9.98467E-05 0.998303 9.98467E-05 9.98467E-05 9.98467E-05 9.98467E-05 9.98467E-05 9.98467E-05 9.98467E-05 9.98467E-05 9.98467E-05
9.98649E-05 9.98649E-05 9.98649E-05 9.98649E-05 9.98649E-05 9.98649E-05 9.98649E-05 9.98649E-05 0.300163 0.617075 9.98649E-05 9.98649E-05 9.98649E-05 0.0812633 9.98649E-05 9.98649E-05 9.98649E-05 9.98649E-05
9.98654E-05 9.98654E-05 9.98654E-05 9.98654E-05 9.98654E-05 9.98654E-05 0.96431 9.98654E-05 9.98654E-05 9.98654E-05 9.98654E-05 9.98654E-05 9.98654E-05 9.98654E-05 9.98654E-05 0.0119495 9.98654E-05 0.022242
9.98475E-05 9.98475E-05 9.98475E-05 9.98475E-05 9.98475E-05 9.98475E-05 0.998303 9.98475E-05 9.98475E-05 9.98475E-05 9.98475E-05 9.98475E-05 9.98475E-05 9.98475E-05 9.98475E-05 9.98475E-05 9.98475E-05 9.98475E-05
0.0928237 0.0282039 9.98829E-05 9.98829E-05 9.98829E-05 9.98829E-05 9.98829E-05 0.0451872 9.98829E-05 9.98829E-05 9.98829E-05 0.0131243 9.98829E-05 9.98829E-05 9.98829E-05 9.98829E-05 0.819362 9.98829E-05
9.98831E-05 9.98831E-05 9.98831E-05 9.98831E-05 9.98831E-05 9.98831E-05 0.898903 9.98831E-05 9.98831E-05 9.98831E-05 9.98831E-05 9.98831E-05 0.00305915 9.98831E-05 0.0035789 0.0764271 0.0167334 9.98831E-05
9.98832E-05 9.98832E-05 9.98832E-05 9.98832E-05 9.98832E-05 9.98832E-05 0.861579 9.98832E-05 9.98832E-05 9.98832E-05 9.98832E-05 9.98832E-05 9.98832E-05 9.98832E-05 0.0100632 0.104078 0.019154 0.00382728
9.98743E-05 9.98743E-05 0.508556 9.98743E-05 9.98743E-05 9.98743E-05 0.314942 9.98743E-05 9.98743E-05 9.98743E-05 9.98743E-05 9.98743E-05 9.98743E-05 9.98743E-05 9.98743E-05 0.142548 9.98743E-05 0.0325564
9.98648E-05 9.98648E-05 0.949281 9.98648E-05 9.98648E-05 9.98648E-05 0.0369716 9.98648E-05 9.98648E-05 9.98648E-05 9.98648E-05 9.98648E-05 9.98648E-05 9.98648E-05 0.01225 9.98648E-05 9.98648E-05 9.98648E-05
9.98475E-05 9.98475E-05 9.98475E-05 9.98475E-05 0.998303 9.98475E-05 9.98475E-05 9.98475E-05 9.98475E-05 9.98475E-05 9.98475E-05 9.98475E-05 9.98475E-05 9.98475E-05 9.98475E-05 9.98475E-05 9.98475E-05 9.98475E-05
9.98654E-05 9.98654E-05 9.98654E-05 9.98654E-05 9.98654E-05 9.98654E-05 0.797782 9.98654E-05 9.98654E-05 9.98654E-05 9.98654E-05 0.0015478 9.98654E-05 9.98654E-05 0.199173 9.98654E-05 9.98654E-05 9.98654E-05
9.98744E-05 9.98744E-05 0.0286103 9.98744E-05 0.00617218 9.98744E-05 9.98744E-05 9.98744E-05 9.98744E-05 9.98744E-05 9.98744E-05 9.98744E-05 9.98744E-05 9.98744E-05 0.222589 0.74123 9.98744E-05 9.98744E-05
0.0155768 0.0971137 0.0629513 9.99007E-05 9.99007E-05 9.99007E-05 9.99007E-05 0.0136989 9.99007E-05 9.99007E-05 0.0312201 0.268601 9.99007E-05 9.99007E-05 9.99007E-05 9.99007E-05 0.509739 9.99007E-05
9.98739E-05 9.98739E-05 9.98739E-05 9.98739E-05 9.98739E-05 9.98739E-05 0.910466 9.98739E-05 9.98739E-05 9.98739E-05 0.0241203 0.0110391 9.98739E-05 9.98739E-05 0.0529768 9.98739E-05 9.98739E-05 9.98739E-05
9.98651E-05 9.98651E-05 9.98651E-05 9.98651E-05 9.98651E-05 9.98651E-05 9.98651E-05 0.930211 9.98651E-05 9.98651E-05 9.98651E-05 0.0324312 9.98651E-05 9.98651E-05 0.0358594 9.98651E-05 9.98651E-05 9.98651E-05
0.577351 9.99008E-05 9.99008E-05 9.99008E-05 0.195615 9.99008E-05 9.99008E-05 0.0560859 0.0855054 9.99008E-05 9.99008E-05 0.0177708 9.99008E-05 9.99008E-05 0.0529138 9.99008E-05 9.99008E-05 0.0136596
9.98471E-05 9.98471E-05 9.98471E-05 9.98471E-05 9.98471E-05 9.98471E-05 9.98471E-05 9.98471E-05 9.98471E-05 9.98471E-05 9.98471E-05 0.998303 9.98471E-05 9.98471E-05 9.98471E-05 9.98471E-05 9.98471E-05 9.98471E-05
0.279935 9.99008E-05 9.99008E-05 9.99008E-05 0.0254751 0.241608 0.0642367 0.192219 9.99008E-05 9.99008E-05 9.99008E-05 0.192629 9.99008E-05 0.00279859 9.99008E-05 9.99008E-05 9.99008E-05 9.99008E-05
0.271459 9.99007E-05 9.99007E-05 9.99007E-05 0.0754538 0.2189 0.0294126 0.206951 9.99007E-05 9.99007E-05 9.99007E-05 0.177454 9.99007E-05 0.0192705 9.99007E-05 9.99007E-05 9.99007E-05 9.99007E-05
0.936076 9.98741E-05 9.98741E-05 9.98741E-05 9.98741E-05 0.0284468 9.98741E-05 0.0312952 9.98741E-05 9.98741E-05 9.98741E-05 0.00278337 9.98741E-05 9.98741E-05 9.98741E-05 9.98741E-05 9.98741E-05 9.98741E-05
9.98702E-05 9.98702E-05 9.98702E-05 9.98702E-05 9.98702E-05 0.851388 9.98702E-05 0.0335573 9.98702E-05 0.00482545 9.98702E-05 9.98702E-05 0.0811381 9.98702E-05 9.98702E-05 9.98702E-05 0.0277929 9.98702E-05
0.892219 9.9874E-05 9.9874E-05 9.9874E-05 9.9874E-05 9.9874E-05 9.9874E-05 0.00171252 9.9874E-05 9.9874E-05 0.0798582 9.9874E-05 9.9874E-05 9.9874E-05 9.9874E-05 9.9874E-05 9.9874E-05 0.0248119
0.281588 0.00482453 9.99189E-05 0.00260152 0.0177855 0.0927083 9.99189E-05 0.0802068 0.314337 9.99189E-05 0.0616811 9.99189E-05 9.99189E-05 9.99189E-05 9.99189E-05 9.99189E-05 0.143368 9.99189E-05
0.446833 9.9937E-05 0.0418495 0.0217703 0.0039272 0.140645 0.00301376 0.159721 0.0575342 0.0103965 0.0931743 9.9937E-05 9.9937E-05 9.9937E-05 0.0204354 9.9937E-05 9.9937E-05 9.9937E-05
0.178128 9.99279E-05 0.0648104 9.99279E-05 9.99279E-05 9.99279E-05 0.0113243 0.187323 9.99279E-05 9.99279E-05 0.158511 0.196991 0.0578761 9.99279E-05 9.99279E-05 0.0337204 0.101629 0.00888791
9.98571E-05 9.98571E-05 9.98571E-05 9.98571E-05 9.98571E-05 9.98571E-05 9.98571E-05 0.986003 0.0123994 9.98571E-05 9.98571E-05 9.98571E-05 9.98571E-05 9.98571E-05 9.98571E-05 9.98571E-05 9.98571E-05 9.98571E-05
9.98472E-05 9.98472E-05 9.98472E-05 9.98472E-05 9.98472E-05 9.98472E-05 9.98472E-05 9.98472E-05 9.98472E-05 9.98472E-05 9.98472E-05 9.98472E-05 9.98472E-05 9.98472E-05 9.98472E-05 0.998303 9.98472E-05 9.98472E-05
0.010875 9.98742E-05 9.98742E-05 0.00896038 9.98742E-05 9.98742E-05 9.98742E-05 9.98742E-05 9.98742E-05 9.98742E-05 9.98742E-05 9.98742E-05 9.98742E-05 0.0024341 9.98742E-05 0.976332 9.98742E-05 9.98742E-05
0.0356453 9.98651E-05 9.98651E-05 9.98651E-05 0.0070451 9.98651E-05 9.98651E-05 9.98651E-05 9.98651E-05 9.98651E-05 9.98651E-05 9.98651E-05 9.98651E-05 9.98651E-05 9.98651E-05 0.955812 9.98651E-05 9.98651E-05
9.98652E-05 9.98652E-05 9.98652E-05 9.98652E-05 9.98652E-05 9.98652E-05 9.98652E-05 9.98652E-05 9.98652E-05 9.98652E-05 9.98652E-05 9.98652E-05 9.98652E-05 0.0095643 9.98652E-05 0.986602 9.98652E-05 0.00233536
9.98472E-05 9.98472E-05 9.98472E-05 9.98472E-05 9.98472E-05 9.98472E-05 9.98472E-05 9.98472E-05 9.98472E-05 9.98472E-05 9.98472E-05 9.98472E-05 9.98472E-05 9.98472E-05 9.98472E-05 0.998303 9.98472E-05 9.98472E-05
9.99192E-05 9.99192E-05 0.32317 9.99192E-05 0.0588106 0.0381256 9.99192E-05 0.0104945 0.0386535 9.99192E-05 9.99192E-05 9.99192E-05 0.0572758 9.99192E-05 0.0541606 0.369913 9.99192E-05 0.0484977
9.98612E-05 9.98612E-05 9.98612E-05 9.98612E-05 0.0611982 9.98612E-05 9.98612E-05 9.98612E-05 9.98612E-05 9.98612E-05 9.98612E-05 9.98612E-05 9.98612E-05 9.98612E-05 9.98612E-05 0.937204 9.98612E-05 9.98612E-05
9.98648E-05 9.98648E-05 9.98648E-05 9.98648E-05 9.98648E-05 0.143085 9.98648E-05 0.784276 9.98648E-05 9.98648E-05 0.0711413 9.98648E-05 9.98648E-05 9.98648E-05 9.98648E-05 9.98648E-05 9.98648E-05 9.98648E-05
9.98739E-05 9.98739E-05 9.98739E-05 9.98739E-05 0.915627 9.98739E-05 9.98739E-05 9.98739E-05 9.98739E-05 9.98739E-05 0.0227481 9.98739E-05 0.0332341 9.98739E-05 9.98739E-05 0.0269924 9.98739E-05 9.98739E-05
9.9874E-05 9.9874E-05 9.9874E-05 9.9874E-05 9.9874E-05 9.9874E-05 0.968128 0.0018463 9.9874E-05 9.9874E-05 0.01959 0.00903736 9.9874E-05 9.9874E-05 9.9874E-05 9.9874E-05 9.9874E-05 9.9874E-05
9.98921E-05 0.0286731 9.98921E-05 9.98921E-05 9.98921E-05 0.11761 9.98921E-05 0.0103419 9.98921E-05 9.98921E-05 9.98921E-05 9.98921E-05 9.98921E-05 0.0263008 9.98921E-05 0.00434349 0.811532 9.98921E-05
9.98653E-05 9.98653E-05 9.98653E-05 9.98653E-05 9.98653E-05 0.877644 9.98653E-05 9.98653E-05 9.98653E-05 9.98653E-05 0.100727 9.98653E-05 9.98653E-05 9.98653E-05 9.98653E-05 9.98653E-05 0.0201306 9.98653E-05
9.98746E-05 9.98746E-05 9.98746E-05 9.98746E-05 9.98746E-05 9.98746E-05 9.98746E-05 9.98746E-05 9.98746E-05 9.98746E-05 9.98746E-05 9.98746E-05 0.0220968 9.98746E-05 0.00968964 9.98746E-05 0.964113 0.00270229
0.11283 9.98649E-05 9.98649E-05 9.98649E-05 9.98649E-05 9.98649E-05 0.00182081 9.98649E-05 9.98649E-05 9.98649E-05 9.98649E-05 9.98649E-05 9.98649E-05 9.98649E-05 9.98649E-05 9.98649E-05 0.883851 9.98649E-05
0.0693066 0.0393035 9.98739E-05 9.98739E-05 9.98739E-05 9.98739E-05 9.98739E-05 9.98739E-05 9.98739E-05 9.98739E-05 0.0424093 9.98739E-05 9.98739E-05 9.98739E-05 9.98739E-05 9.98739E-05 0.847582 9.98739E-05
9.98651E-05 9.98651E-05 9.98651E-05 9.98651E-05 0.0215541 9.98651E-05 9.98651E-05 0.0215135 9.98651E-05 0.955434 9.98651E-05 9.98651E-05 9.98651E-05 9.98651E-05 9.98651E-05 9.98651E-05 9.98651E-05 9.98651E-05
9.98656E-05 9.98656E-05 0.0224055 9.98656E-05 9.98656E-05 9.98656E-05 0.950008 9.98656E-05 9.98656E-05 9.98656E-05 9.98656E-05 9.98656E-05 9.98656E-05 9.98656E-05 9.98656E-05 9.98656E-05 9.98656E-05 0.0260888
9.98474E-05 9.98474E-05 9.98474E-05 0.998303 9.98474E-05 9.98474E-05 9.98474E-05 9.98474E-05 9.98474E-05 9.98474E-05 9.98474E-05 9.98474E-05 9.98474E-05 9.98474E-05 9.98474E-05 9.98474E-05 9.98474E-05 9.98474E-05
9.98654E-05 9.98654E-05 9.98654E-05 9.98654E-05 9.98654E-05 9.98654E-05 0.715362 9.98654E-05 9.98654E-05 9.98654E-05 9.98654E-05 9.98654E-05 9.98654E-05 9.98654E-05 0.0985979 9.98654E-05 9.98654E-05 0.184542
9.9892E-05 9.9892E-05 0.0401523 0.00657634 9.9892E-05 9.9892E-05 0.874693 9.9892E-05 9.9892E-05 9.9892E-05 9.9892E-05 0.0403815 0.0137144 9.9892E-05 9.9892E-05 0.0232842 9.9892E-05 9.9892E-05
9.9883E-05 9.9883E-05 0.0153215 9.9883E-05 9.9883E-05 0.0462527 0.851704 9.9883E-05 9.9883E-05 9.9883E-05 9.9883E-05 9.9883E-05 9.9883E-05 9.9883E-05 0.0457015 0.0397217 9.9883E-05 9.9883E-05
9.99012E-05 9.99012E-05 0.0305072 9.99012E-05 0.0313226 0.0325338 0.879905 9.99012E-05 9.99012E-05 0.0040437 9.99012E-05 9.99012E-05 0.0024739 9.99012E-05 0.0181153 9.99012E-05 9.99012E-05 9.99012E-05
0.0101521 0.0023832 0.240107 9.99102E-05 0.000843765 9.99102E-05 0.691265 0.0443122 9.99102E-05 9.99102E-05 0.00891044 0.0010272 9.99102E-05 9.99102E-05 9.99102E-05 9.99102E-05 9.99102E-05 9.99102E-05
9.9883E-05 9.9883E-05 9.9883E-05 0.0283018 9.9883E-05 9.9883E-05 0.935958 9.9883E-05 9.9883E-05 9.9883E-05 0.00239317 0.0228197 0.00922836 9.9883E-05 9.9883E-05 9.9883E-05 9.9883E-05 9.9883E-05
9.98561E-05 9.98561E-05 9.98561E-05 9.98561E-05 9.98561E-05 9.98561E-05 9.98561E-05 9.98561E-05 9.98561E-05 9.98561E-05 9.98561E-05 9.98561E-05 9.98561E-05 9.98561E-05 0.957768 0.0406339 9.98561E-05 9.98561E-05
9.98651E-05 9.98651E-05 9.98651E-05 9.98651E-05 9.98651E-05 9.98651E-05 9.98651E-05 9.98651E-05 9.98651E-05 9.98651E-05 9.98651E-05 9.98651E-05 0.00687792 9.98651E-05 0.976563 9.98651E-05 0.0150608 9.98651E-05
9.98921E-05 0.00889747 9.98921E-05 9.98921E-05 9.98921E-05 9.98921E-05 0.883562 9.98921E-05 0.0282058 9.98921E-05 9.98921E-05 9.98921E-05 9.98921E-05 0.0128446 9.98921E-05 0.0256423 9.98921E-05 0.039649
9.9883E-05 0.00682173 9.9883E-05 9.9883E-05 0.00317708 0.966927 9.9883E-05 9.9883E-05 9.9883E-05 9.9883E-05 9.9883E-05 9.9883E-05 9.9883E-05 9.9883E-05 0.00951262 0.0122627 9.9883E-05 9.9883E-05
9.9856E-05 9.9856E-05 9.9856E-05 9.9856E-05 9.9856E-05 0.973276 9.9856E-05 9.9856E-05 9.9856E-05 9.9856E-05 9.9856E-05 9.9856E-05 9.9856E-05 9.9856E-05 9.9856E-05 0.0251266 9.9856E-05 9.9856E-05
9.98564E-05 0.996832 9.98564E-05 9.98564E-05 9.98564E-05 9.98564E-05 9.98564E-05 9.98564E-05 0.00157023 9.98564E-05 9.98564E-05 9.98564E-05 9.98564E-05 9.98564E-05 9.98564E-05 9.98564E-05 9.98564E-05 9.98564E-05
9.98652E-05 0.984915 9.98652E-05 9.98652E-05 9.98652E-05 9.98652E-05 9.98652E-05 9.98652E-05 9.98652E-05 9.98652E-05 9.98652E-05 0.00658825 9.98652E-05 0.00699882 9.98652E-05 9.98652E-05 9.98652E-05 9.98652E-05
0.819519 9.9883E-05 9.9883E-05 9.9883E-05 0.0646708 0.0974177 9.9883E-05 0.0143012 9.9883E-05 9.9883E-05 9.9883E-05 9.9883E-05 9.9883E-05 9.9883E-05 9.9883E-05 9.9883E-05 0.00279276 9.9883E-05
0.78428 9.9901E-05 9.9901E-05 0.00241449 0.0395305 0.102336 9.9901E-05 0.0197102 9.9901E-05 9.9901E-05 9.9901E-05 9.9901E-05 9.9901E-05 0.00749483 9.9901E-05 9.9901E-05 0.0431357 9.9901E-05
0.0259062 0.954653 9.98744E-05 9.98744E-05 9.98744E-05 0.00415072 9.98744E-05 9.98744E-05 9.98744E-05 9.98744E-05 9.98744E-05 9.98744E-05 9.98744E-05 9.98744E-05 0.0138924 9.98744E-05 9.98744E-05 9.98744E-05
9.98473E-05 0.998303 9.98473E-05 9.98473E-05 9.98473E-05 9.98473E-05 9.98473E-05 9.98473E-05 9.98473E-05 9.98473E-05 9.98473E-05 9.98473E-05 9.98473E-05 9.98473E-05 9.98473E-05 9.98473E-05 9.98473E-05 9.98473E-05
9.9883E-05 9.9883E-05 9.9883E-05 0.00137596 9.9883E-05 9.9883E-05 9.9883E-05 0.961809 9.9883E-05 9.9883E-05 9.9883E-05 9.9883E-05 0.0105392 9.9883E-05 9.9883E-05 0.00399827 0.0209788 9.9883E-05
0.160646 9.99279E-05 9.99279E-05 9.99279E-05 0.0369137 0.371852 9.99279E-05 0.0395841 0.0409561 0.0360198 9.99279E-05 0.00484416 0.105359 0.0298953 9.99279E-05 9.99279E-05 0.17313 9.99279E-05
9.98651E-05 9.98651E-05 9.98651E-05 9.98651E-05 0.91788 9.98651E-05 9.98651E-05 9.98651E-05 9.98651E-05 9.98651E-05 9.98651E-05 9.98651E-05 0.0371172 9.98651E-05 9.98651E-05 0.0435049 9.98651E-05 9.98651E-05
9.98561E-05 9.98561E-05 9.98561E-05 9.98561E-05 9.98561E-05 9.98561E-05 9.98561E-05 9.98561E-05 0.0507061 9.98561E-05 0.947696 9.98561E-05 9.98561E-05 9.98561E-05 9.98561E-05 9.98561E-05 9.98561E-05 9.98561E-05
9.9874E-05 9.9874E-05 9.9874E-05 9.9874E-05 9.9874E-05 9.9874E-05 9.9874E-05 0.0153259 9.9874E-05 9.9874E-05 0.93265 0.0267588 9.9874E-05 0.0238675 9.9874E-05 9.9874E-05 9.9874E-05 9.9874E-05
9.98471E-05 9.98471E-05 0.998303 9.98471E-05 9.98471E-05 9.98471E-05 9.98471E-05 9.98471E-05 9.98471E-05 9.98471E-05 9.98471E-05 9.98471E-05 9.98471E-05 9.98471E-05 9.98471E-05 9.98471E-05 9.98471E-05 9.98471E-05
