9.98739E-05 9.98739E-05 0.0530677 9.98739E-05 9.98739E-05 9.98739E-05 9.98739E-05 0.00945122 9.98739E-05 0.0151624 9.98739E-05 9.98739E-05 9.98739E-05 9.98739E-05 9.98739E-05 9.98739E-05 0.92092 9.98739E-05
9.98602E-05 9.98602E-05 9.98602E-05 9.98602E-05 0.689649 9.98602E-05 9.98602E-05 0.0330564 9.98602E-05 9.98602E-05 0.14469 9.98602E-05 9.98602E-05 9.98602E-05 0.131207 9.98602E-05 9.98602E-05 9.98602E-05
9.98928E-05 9.98928E-05 9.98928E-05 0.0809396 9.98928E-05 9.98928E-05 9.98928E-05 9.98928E-05 9.98928E-05 9.98928E-05 9.98928E-05 0.0848069 0.0528861 0.0495356 0.536218 9.98928E-05 9.98928E-05 0.194415
9.98831E-05 0.00469286 9.98831E-05 0.0562542 9.98831E-05 0.00281992 9.98831E-05 9.98831E-05 9.98831E-05 9.98831E-05 9.98831E-05 0.0307432 9.98831E-05 9.98831E-05 0.904191 9.98831E-05 9.98831E-05 9.98831E-05
0.0085941 0.144923 0.0446737 9.99371E-05 0.112677 9.99371E-05 0.227797 9.99371E-05 9.99371E-05 0.023321 0.028253 9.99371E-05 9.99371E-05 9.99371E-05 0.31898 0.0418978 0.0312047 0.016979
0.0251908 0.0252201 9.9865E-05 9.9865E-05 9.9865E-05 9.9865E-05 9.9865E-05 9.9865E-05 9.9865E-05 9.9865E-05 9.9865E-05 9.9865E-05 9.9865E-05 9.9865E-05 0.948091 9.9865E-05 9.9865E-05 9.9865E-05
9.98471E-05 9.98471E-05 9.98471E-05 9.98471E-05 9.98471E-05 9.98471E-05 0.998303 9.98471E-05 9.98471E-05 9.98471E-05 9.98471E-05 9.98471E-05 9.98471E-05 9.98471E-05 9.98471E-05 9.98471E-05 9.98471E-05 9.98471E-05
9.99009E-05 0.353417 0.0648732 0.0238734 0.121038 9.99009E-05 9.99009E-05 9.99009E-05 9.99009E-05 9.99009E-05 9.99009E-05 0.0129447 9.99009E-05 9.99009E-05 9.99009E-05 0.035506 9.99009E-05 0.387249
9.98561E-05 9.98561E-05 9.98561E-05 9.98561E-05 9.98561E-05 0.0530481 0.945354 9.98561E-05 9.98561E-05 9.98561E-05 9.98561E-05 9.98561E-05 9.98561E-05 9.98561E-05 9.98561E-05 9.98561E-05 9.98561E-05 9.98561E-05
9.98562E-05 9.98562E-05 0.86537 9.98562E-05 9.98562E-05 9.98562E-05 0.133032 9.98562E-05 9.98562E-05 9.98562E-05 9.98562E-05 9.98562E-05 9.98562E-05 9.98562E-05 9.98562E-05 9.98562E-05 9.98562E-05 9.98562E-05
9.98562E-05 9.98562E-05 0.883282 9.98562E-05 9.98562E-05 9.98562E-05 0.11512 9.98562E-05 9.98562E-05 9.98562E-05 9.98562E-05 9.98562E-05 9.98562E-05 9.98562E-05 9.98562E-05 9.98562E-05 9.98562E-05 9.98562E-05
0.0405541 9.9901E-05 9.9901E-05 0.0127329 9.9901E-05 9.9901E-05 9.9901E-05 9.9901E-05 9.9901E-05 9.9901E-05 9.9901E-05 0.11342 9.9901E-05 0.130813 0.012473 9.9901E-05 0.671525 0.0173826
9.98654E-05 0.0521203 9.98654E-05 9.98654E-05 9.98654E-05 9.98654E-05 0.00871144 9.98654E-05 9.98654E-05 9.98654E-05 9.98654E-05 9.98654E-05 9.98654E-05 0.93767 9.98654E-05 9.98654E-05 9.98654E-05 9.98654E-05
0.00575617 9.9883E-05 9.9883E-05 9.9883E-05 0.022029 9.9883E-05 9.9883E-05 9.9883E-05 9.9883E-05 9.9883E-05 9.9883E-05 9.9883E-05 0.0284196 9.9883E-05 0.926215 9.9883E-05 0.0162819 9.9883E-05
9.9865E-05 9.9865E-05 9.9865E-05 9.9865E-05 9.9865E-05 9.9865E-05 9.9865E-05 9.9865E-05 9.9865E-05 9.9865E-05 9.9865E-05 9.9865E-05 0.0240825 9.9865E-05 0.960873 9.9865E-05 0.0135467 9.9865E-05
0.128835 9.9874E-05 0.0296555 9.9874E-05 9.9874E-05 0.737767 9.9874E-05 9.9874E-05 9.9874E-05 9.9874E-05 9.9874E-05 9.9874E-05 9.9874E-05 0.102344 9.9874E-05 9.9874E-05 9.9874E-05 9.9874E-05
9.9865E-05 9.9865E-05 0.0681318 9.9865E-05 9.9865E-05 9.9865E-05 9.9865E-05 0.904902 9.9865E-05 0.0254684 9.9865E-05 9.9865E-05 9.9865E-05 9.9865E-05 9.9865E-05 9.9865E-05 9.9865E-05 9.9865E-05
9.98828E-05 9.98828E-05 0.092344 9.98828E-05 0.00417408 9.98828E-05 9.98828E-05 9.98828E-05 9.98828E-05 9.98828E-05 0.051894 9.98828E-05 0.830481 9.98828E-05 9.98828E-05 0.0198084 9.98828E-05 9.98828E-05
9.9856E-05 9.9856E-05 9.9856E-05 9.9856E-05 9.9856E-05 9.9856E-05 9.9856E-05 9.9856E-05 0.953733 9.9856E-05 9.9856E-05 0.044669 9.9856E-05 9.9856E-05 9.9856E-05 9.9856E-05 9.9856E-05 9.9856E-05
0.134825 9.98828E-05 0.440262 9.98828E-05 9.98828E-05 0.328169 9.98828E-05 9.98828E-05 9.98828E-05 9.98828E-05 9.98828E-05 0.0374598 9.98828E-05 9.98828E-05 9.98828E-05 9.98828E-05 0.0579865 9.98828E-05
9.9856E-05 9.9856E-05 9.9856E-05 9.9856E-05 9.9856E-05 9.9856E-05 9.9856E-05 9.9856E-05 0.0482369 9.9856E-05 9.9856E-05 9.9856E-05 0.950165 9.9856E-05 9.9856E-05 9.9856E-05 9.9856E-05 9.9856E-05
9.9901E-05 9.9901E-05 0.0113811 9.9901E-05 9.9901E-05 0.160197 9.9901E-05 0.0378447 9.9901E-05 9.9901E-05 0.305125 0.013891 9.9901E-05 0.0942781 9.9901E-05 9.9901E-05 0.376185 9.9901E-05
9.9847E-05 9.9847E-05 9.9847E-05 9.9847E-05 9.9847E-05 9.9847E-05 9.9847E-05 9.9847E-05 9.9847E-05 0.998303 9.9847E-05 9.9847E-05 9.9847E-05 9.9847E-05 9.9847E-05 9.9847E-05 9.9847E-05 9.9847E-05
9.9856E-05 9.9856E-05 9.9856E-05 9.9856E-05 9.9856E-05 9.9856E-05 9.9856E-05 9.9856E-05 0.789119 0.209284 9.9856E-05 9.9856E-05 9.9856E-05 9.9856E-05 9.9856E-05 9.9856E-05 9.9856E-05 9.9856E-05
9.98403E-05 9.98403E-05 9.98403E-05 0.597285 9.98403E-05 9.98403E-05 9.98403E-05 9.98403E-05 9.98403E-05 9.98403E-05 9.98403E-05 9.98403E-05 9.98403E-05 9.98403E-05 0.401118 9.98403E-05 9.98403E-05 9.98403E-05
9.98562E-05 9.98562E-05 9.98562E-05 0.176637 9.98562E-05 9.98562E-05 9.98562E-05 9.98562E-05 9.98562E-05 9.98562E-05 9.98562E-05 9.98562E-05 9.98562E-05 9.98562E-05 0.821765 9.98562E-05 9.98562E-05 9.98562E-05
9.98828E-05 9.98828E-05 0.0905616 9.98828E-05 9.98828E-05 9.98828E-05 9.98828E-05 0.0533468 9.98828E-05 9.98828E-05 9.98828E-05 0.0455525 9.98828E-05 0.749934 9.98828E-05 9.98828E-05 0.0593062 9.98828E-05
9.98472E-05 9.98472E-05 9.98472E-05 0.998303 9.98472E-05 9.98472E-05 9.98472E-05 9.98472E-05 9.98472E-05 9.98472E-05 9.98472E-05 9.98472E-05 9.98472E-05 9.98472E-05 9.98472E-05 9.98472E-05 9.98472E-05 9.98472E-05
9.98562E-05 9.98562E-05 9.98562E-05 0.986831 9.98562E-05 9.98562E-05 9.98562E-05 9.98562E-05 9.98562E-05 9.98562E-05 9.98562E-05 9.98562E-05 9.98562E-05 9.98562E-05 9.98562E-05 0.0115714 9.98562E-05 9.98562E-05
9.99102E-05 0.488486 9.99102E-05 0.189931 0.0143466 9.99102E-05 9.99102E-05 0.0194272 0.0130309 9.99102E-05 9.99102E-05 9.99102E-05 9.99102E-05 9.99102E-05 0.163535 0.102324 0.00792041 9.99102E-05
9.98647E-05 0.842117 9.98647E-05 9.98647E-05 9.98647E-05 9.98647E-05 9.98647E-05 9.98647E-05 9.98647E-05 9.98647E-05 9.98647E-05 9.98647E-05 9.98647E-05 9.98647E-05 0.135466 0.0209196 9.98647E-05 9.98647E-05
9.98475E-05 9.98475E-05 9.98475E-05 9.98475E-05 0.998303 9.98475E-05 9.98475E-05 9.98475E-05 9.98475E-05 9.98475E-05 9.98475E-05 9.98475E-05 9.98475E-05 9.98475E-05 9.98475E-05 9.98475E-05 9.98475E-05 9.98475E-05
9.98831E-05 0.021133 9.98831E-05 0.225988 9.98831E-05 9.98831E-05 9.98831E-05 9.98831E-05 9.98831E-05 9.98831E-05 0.0049012 9.98831E-05 9.98831E-05 9.98831E-05 0.551708 9.98831E-05 9.98831E-05 0.194971
9.98744E-05 0.066301 0.0213793 9.98744E-05 9.98744E-05 9.98744E-05 9.98744E-05 9.98744E-05 9.98744E-05 9.98744E-05 9.98744E-05 9.98744E-05 9.98744E-05 9.98744E-05 9.98744E-05 0.744967 9.98744E-05 0.165954
0.0497221 0.074711 9.99007E-05 9.99007E-05 9.99007E-05 9.99007E-05 9.99007E-05 0.211845 9.99007E-05 9.99007E-05 0.0910723 0.105814 9.99007E-05 0.451009 9.99007E-05 9.99007E-05 0.0147285 9.99007E-05
0.0213566 0.018573 9.99008E-05 0.515281 9.99008E-05 9.99008E-05 9.99008E-05 0.0361373 9.99008E-05 9.99008E-05 0.00687788 9.99008E-05 9.99008E-05 9.99008E-05 0.373103 9.99008E-05 9.99008E-05 0.0275723
9.98561E-05 9.98561E-05 9.98561E-05 9.98561E-05 9.98561E-05 9.98561E-05 9.98561E-05 9.98561E-05 9.98561E-05 9.98561E-05 9.98561E-05 9.98561E-05 9.98561E-05 9.98561E-05 9.98561E-05 9.98561E-05 0.958721 0.0396816
9.99098E-05 9.99098E-05 0.593738 9.99098E-05 0.162397 9.99098E-05 9.99098E-05 0.0381686 9.99098E-05 0.0451726 0.0474807 9.99098E-05 9.99098E-05 9.99098E-05 0.000574689 9.99098E-05 0.0701272 0.0413427
9.98562E-05 9.98562E-05 9.98562E-05 9.98562E-05 9.98562E-05 9.98562E-05 9.98562E-05 0.979005 9.98562E-05 9.98562E-05 9.98562E-05 9.98562E-05 9.98562E-05 9.98562E-05 9.98562E-05 9.98562E-05 9.98562E-05 0.0193978
9.98651E-05 9.98651E-05 9.98651E-05 9.98651E-05 9.98651E-05 9.98651E-05 9.98651E-05 0.00978322 9.98651E-05 9.98651E-05 0.985689 9.98651E-05 9.98651E-05 9.98651E-05 0.00302989 9.98651E-05 9.98651E-05 9.98651E-05
9.98471E-05 9.98471E-05 9.98471E-05 9.98471E-05 9.98471E-05 9.98471E-05 9.98471E-05 9.98471E-05 9.98471E-05 9.98471E-05 0.998303 9.98471E-05 9.98471E-05 9.98471E-05 9.98471E-05 9.98471E-05 9.98471E-05 9.98471E-05
0.0121023 9.9892E-05 0.891921 9.9892E-05 9.9892E-05 9.9892E-05 9.9892E-05 0.0160108 0.00270125 9.9892E-05 0.0672959 9.9892E-05 9.9892E-05 9.9892E-05 9.9892E-05 9.9892E-05 0.00876983 9.9892E-05
9.99009E-05 9.99009E-05 9.99009E-05 9.99009E-05 9.99009E-05 0.780218 0.0771817 9.99009E-05 0.0208149 9.99009E-05 0.0539986 9.99009E-05 0.000276677 0.0513186 9.99009E-05 9.99009E-05 0.0150929 9.99009E-05
0.0705949 9.9865E-05 0.922446 9.9865E-05 9.9865E-05 0.00546107 9.9865E-05 9.9865E-05 9.9865E-05 9.9865E-05 9.9865E-05 9.9865E-05 9.9865E-05 9.9865E-05 9.9865E-05 9.9865E-05 9.9865E-05 9.9865E-05
0.177051 9.99279E-05 0.263459 9.99279E-05 0.0620495 0.0352217 9.99279E-05 9.99279E-05 0.0402536 0.135514 0.0971563 0.0426705 9.99279E-05 0.140709 9.99279E-05 9.99279E-05 0.00511583 9.99279E-05
0.208117 0.0212652 0.342374 9.9919E-05 0.0530466 0.116478 9.9919E-05 9.9919E-05 0.0331583 9.9919E-05 0.144426 9.9919E-05 9.9919E-05 9.9919E-05 0.0171208 9.9919E-05 0.0631144 9.9919E-05
0.285182 0.0638302 0.239515 9.99189E-05 9.99189E-05 9.99189E-05 0.0185532 0.114339 9.99189E-05 9.99189E-05 9.99189E-05 9.99189E-05 9.99189E-05 0.0492538 0.0435973 0.0173774 0.167453 9.99189E-05
9.98659E-05 9.98659E-05 9.98659E-05 9.98659E-05 9.98659E-05 9.98659E-05 9.98659E-05 9.98659E-05 0.0157055 0.00445867 9.98659E-05 9.98659E-05 9.98659E-05 9.98659E-05 9.98659E-05 9.98659E-05 0.978338 9.98659E-05
9.98472E-05 9.98472E-05 9.98472E-05 9.98472E-05 9.98472E-05 9.98472E-05 9.98472E-05 9.98472E-05 9.98472E-05 9.98472E-05 9.98472E-05 9.98472E-05 9.98472E-05 9.98472E-05 9.98472E-05 0.998303 9.98472E-05 9.98472E-05
9.98473E-05 9.98473E-05 9.98473E-05 9.98473E-05 9.98473E-05 9.98473E-05 9.98473E-05 9.98473E-05 9.98473E-05 9.98473E-05 9.98473E-05 9.98473E-05 9.98473E-05 9.98473E-05 9.98473E-05 0.998303 9.98473E-05 9.98473E-05
9.98563E-05 9.98563E-05 9.98563E-05 9.98563E-05 9.98563E-05 0.0114874 9.98563E-05 9.98563E-05 9.98563E-05 9.98563E-05 9.98563E-05 9.98563E-05 9.98563E-05 9.98563E-05 9.98563E-05 0.986915 9.98563E-05 9.98563E-05
9.98653E-05 9.98653E-05 9.98653E-05 9.98653E-05 9.98653E-05 9.98653E-05 9.98653E-05 9.98653E-05 0.000966163 9.98653E-05 0.000596554 9.98653E-05 9.98653E-05 9.98653E-05 9.98653E-05 0.996939 9.98653E-05 9.98653E-05
9.98562E-05 9.98562E-05 9.98562E-05 0.00881817 9.98562E-05 9.98562E-05 9.98562E-05 9.98562E-05 9.98562E-05 9.98562E-05 9.98562E-05 9.98562E-05 9.98562E-05 9.98562E-05 9.98562E-05 0.989584 9.98562E-05 9.98562E-05
9.99192E-05 0.412294 9.99192E-05 0.00535696 0.0605452 0.0482057 0.0295875 9.99192E-05 9.99192E-05 0.0551253 9.99192E-05 9.99192E-05 9.99192E-05 9.99192E-05 9.99192E-05 0.307406 0.022045 0.0585351
9.98652E-05 9.98652E-05 9.98652E-05 9.98652E-05 0.0651218 9.98652E-05 9.98652E-05 9.98652E-05 9.98652E-05 9.98652E-05 9.98652E-05 9.98652E-05 9.98652E-05 9.98652E-05 9.98652E-05 0.929537 0.00384329 9.98652E-05
0.0370218 9.98648E-05 9.98648E-05 9.98648E-05 9.98648E-05 0.191943 9.98648E-05 9.98648E-05 9.98648E-05 9.98648E-05 9.98648E-05 9.98648E-05 9.98648E-05 9.98648E-05 9.98648E-05 9.98648E-05 0.769537 9.98648E-05
9.98739E-05 9.98739E-05 9.98739E-05 0.0184163 0.898642 9.98739E-05 0.0608923 9.98739E-05 9.98739E-05 9.98739E-05 9.98739E-05 9.98739E-05 9.98739E-05 9.98739E-05 9.98739E-05 0.0206509 9.98739E-05 9.98739E-05
9.98739E-05 9.98739E-05 9.98739E-05 0.328516 9.98739E-05 9.98739E-05 9.98739E-05 9.98739E-05 9.98739E-05 9.98739E-05 0.0389265 9.98739E-05 9.98739E-05 9.98739E-05 0.618088 9.98739E-05 9.98739E-05 0.0130712
9.98831E-05 9.98831E-05 9.98831E-05 9.98831E-05 9.98831E-05 0.0319381 9.98831E-05 9.98831E-05 9.98831E-05 9.98831E-05 0.104684 0.0181898 0.0049307 0.838959 9.98831E-05 9.98831E-05 9.98831E-05 9.98831E-05
0.0805865 9.98652E-05 9.98652E-05 9.98652E-05 9.98652E-05 0.851503 9.98652E-05 9.98652E-05 9.98652E-05 9.98652E-05 9.98652E-05 9.98652E-05 9.98652E-05 0.0664124 9.98652E-05 9.98652E-05 9.98652E-05 9.98652E-05
9.98565E-05 9.98565E-05 9.98565E-05 9.98565E-05 9.98565E-05 9.98565E-05 9.98565E-05 9.98565E-05 9.98565E-05 9.98565E-05 9.98565E-05 9.98565E-05 9.98565E-05 0.977133 9.98565E-05 9.98565E-05 9.98565E-05 0.0212696
9.9865E-05 9.9865E-05 0.0789529 9.9865E-05 9.9865E-05 9.9865E-05 9.9865E-05 9.9865E-05 9.9865E-05 9.9865E-05 0.0264452 9.9865E-05 9.9865E-05 0.893104 9.9865E-05 9.9865E-05 9.9865E-05 9.9865E-05
0.0584531 9.98918E-05 0.0810661 9.98918E-05 9.98918E-05 9.98918E-05 9.98918E-05 0.00959535 9.98918E-05 9.98918E-05 0.0352853 0.0427235 9.98918E-05 0.771678 9.98918E-05 9.98918E-05 9.98918E-05 9.98918E-05
9.98652E-05 9.98652E-05 9.98652E-05 9.98652E-05 9.98652E-05 9.98652E-05 9.98652E-05 9.98652E-05 0.953026 9.98652E-05 9.98652E-05 9.98652E-05 9.98652E-05 9.98652E-05 9.98652E-05 9.98652E-05 0.0242593 0.0212162
9.98656E-05 9.98656E-05 9.98656E-05 0.699333 9.98656E-05 9.98656E-05 9.98656E-05 9.98656E-05 9.98656E-05 9.98656E-05 9.98656E-05 0.00604931 9.98656E-05 9.98656E-05 0.293119 9.98656E-05 9.98656E-05 9.98656E-05
0.289458 9.99461E-05 0.0708399 9.99461E-05 0.0472337 0.0483814 0.0270966 9.99461E-05 9.99461E-05 0.0122326 0.0730982 9.99461E-05 9.99461E-05 0.0291001 0.141464 0.151411 0.0850766 0.0240083
9.98743E-05 9.98743E-05 9.98743E-05 0.0861864 9.98743E-05 0.0249497 9.98743E-05 9.98743E-05 9.98743E-05 9.98743E-05 9.98743E-05 9.98743E-05 9.98743E-05 9.98743E-05 0.836144 9.98743E-05 9.98743E-05 0.0513212
9.9892E-05 0.0679286 9.9892E-05 0.195519 9.9892E-05 9.9892E-05 0.0130969 0.0206686 9.9892E-05 9.9892E-05 9.9892E-05 9.9892E-05 9.9892E-05 9.9892E-05 0.687562 9.9892E-05 0.0140263 9.9892E-05
9.98651E-05 9.98651E-05 9.98651E-05 0.957818 9.98651E-05 0.0284141 9.98651E-05 9.98651E-05 9.98651E-05 9.98651E-05 9.98651E-05 9.98651E-05 9.98651E-05 9.98651E-05 9.98651E-05 9.98651E-05 9.98651E-05 0.0122699
9.98653E-05 9.98653E-05 9.98653E-05 0.996693 9.98653E-05 9.98653E-05 9.98653E-05 9.98653E-05 9.98653E-05 9.98653E-05 9.98653E-05 9.98653E-05 0.000805351 9.98653E-05 9.98653E-05 9.98653E-05 0.00100374 9.98653E-05
9.98741E-05 0.208789 9.98741E-05 0.16221 9.98741E-05 9.98741E-05 9.98741E-05 9.98741E-05 9.98741E-05 9.98741E-05 0.0740798 9.98741E-05 9.98741E-05 9.98741E-05 0.553522 9.98741E-05 9.98741E-05 9.98741E-05
0.00477985 9.98739E-05 9.98739E-05 0.441415 9.98739E-05 9.98739E-05 9.98739E-05 0.0142774 9.98739E-05 9.98739E-05 9.98739E-05 9.98739E-05 9.98739E-05 9.98739E-05 0.538129 9.98739E-05 9.98739E-05 9.98739E-05
9.9856E-05 9.9856E-05 9.9856E-05 9.9856E-05 9.9856E-05 9.9856E-05 9.9856E-05 9.9856E-05 9.9856E-05 9.9856E-05 9.9856E-05 9.9856E-05 9.9856E-05 9.9856E-05 9.9856E-05 0.0274809 9.9856E-05 0.970921
9.9856E-05 9.9856E-05 9.9856E-05 9.9856E-05 9.9856E-05 9.9856E-05 9.9856E-05 9.9856E-05 9.9856E-05 9.9856E-05 9.9856E-05 9.9856E-05 9.9856E-05 0.0423921 9.9856E-05 9.9856E-05 9.9856E-05 0.95601
9.98702E-05 9.98702E-05 9.98702E-05 0.0793738 9.98702E-05 0.0090018 9.98702E-05 9.98702E-05 9.98702E-05 0.0240865 9.98702E-05 9.98702E-05 9.98702E-05 9.98702E-05 0.873622 0.0126174 9.98702E-05 9.98702E-05
9.9874E-05 9.9874E-05 9.9874E-05 9.9874E-05 0.0199247 0.950724 9.9874E-05 9.9874E-05 9.9874E-05 0.0073612 9.9874E-05 9.9874E-05 9.9874E-05 9.9874E-05 9.9874E-05 9.9874E-05 9.9874E-05 0.0205915
9.9865E-05 9.9865E-05 9.9865E-05 9.9865E-05 9.9865E-05 0.977671 9.9865E-05 9.9865E-05 9.9865E-05 9.9865E-05 9.9865E-05 9.9865E-05 9.9865E-05 9.9865E-05 0.0103212 0.0105099 9.9865E-05 9.9865E-05
9.98562E-05 9.98562E-05 9.98562E-05 9.98562E-05 9.98562E-05 9.98562E-05 9.98562E-05 9.98562E-05 9.98562E-05 9.98562E-05 9.98562E-05 0.991845 9.98562E-05 9.98562E-05 9.98562E-05 9.98562E-05 0.00655754 9.98562E-05
9.98653E-05 9.98653E-05 9.98653E-05 9.98653E-05 9.98653E-05 9.98653E-05 9.98653E-05 9.98653E-05 9.98653E-05 9.98653E-05 0.0108756 0.976127 9.98653E-05 0.0114999 9.98653E-05 9.98653E-05 9.98653E-05 9.98653E-05
9.9892E-05 9.9892E-05 0.785144 9.9892E-05 0.0453808 0.0888029 9.9892E-05 9.9892E-05 9.9892E-05 9.9892E-05 0.0559648 9.9892E-05 0.00774797 0.015761 9.9892E-05 9.9892E-05 9.9892E-05 9.9892E-05
9.98919E-05 9.98919E-05 0.739079 0.014538 0.0325058 0.061111 9.98919E-05 9.98919E-05 9.98919E-05 9.98919E-05 0.066573 9.98919E-05 9.98919E-05 0.0849944 9.98919E-05 9.98919E-05 9.98919E-05 9.98919E-05
9.98833E-05 9.98833E-05 9.98833E-05 9.98833E-05 0.0101899 0.00703214 0.00674235 9.98833E-05 9.98833E-05 9.98833E-05 9.98833E-05 0.973567 9.98833E-05 9.98833E-05 9.98833E-05 9.98833E-05 9.98833E-05 0.00117002
9.98473E-05 9.98473E-05 9.98473E-05 9.98473E-05 9.98473E-05 9.98473E-05 9.98473E-05 9.98473E-05 9.98473E-05 9.98473E-05 9.98473E-05 0.998303 9.98473E-05 9.98473E-05 9.98473E-05 9.98473E-05 9.98473E-05 9.98473E-05
9.98739E-05 9.98739E-05 9.98739E-05 9.98739E-05 9.98739E-05 0.0532831 9.98739E-05 9.98739E-05 9.98739E-05 9.98739E-05 9.98739E-05 9.98739E-05 9.98739E-05 0.0312686 9.98739E-05 0.000848161 0.913202 9.98739E-05
9.9892E-05 9.9892E-05 9.9892E-05 9.9892E-05 9.9892E-05 0.0768081 0.0943918 9.9892E-05 0.0168281 9.9892E-05 0.674385 9.9892E-05 0.00818527 0.128203 9.9892E-05 9.9892E-05 9.9892E-05 9.9892E-05
9.9865E-05 9.9865E-05 9.9865E-05 9.9865E-05 0.908175 9.9865E-05 0.074962 9.9865E-05 9.9865E-05 9.9865E-05 9.9865E-05 9.9865E-05 9.9865E-05 9.9865E-05 9.9865E-05 0.0153646 9.9865E-05 9.9865E-05
0.939678 9.9865E-05 0.0304246 9.9865E-05 9.9865E-05 9.9865E-05 9.9865E-05 9.9865E-05 9.9865E-05 0.0283999 9.9865E-05 9.9865E-05 9.9865E-05 9.9865E-05 9.9865E-05 9.9865E-05 9.9865E-05 9.9865E-05
0.922788 9.9874E-05 9.9874E-05 9.9874E-05 9.9874E-05 9.9874E-05 9.9874E-05 0.0272062 9.9874E-05 9.9874E-05 9.9874E-05 0.0298443 0.0187636 9.9874E-05 9.9874E-05 9.9874E-05 9.9874E-05 9.9874E-05
9.9847E-05 0.998303 9.9847E-05 9.9847E-05 9.9847E-05 9.9847E-05 9.9847E-05 9.9847E-05 9.9847E-05 9.9847E-05 9.9847E-05 9.9847E-05 9.9847E-05 9.9847E-05 9.9847E-05 9.9847E-05 9.9847E-05 9.9847E-05
