9.998E-05 0.9997 9.998E-05 9.998E-05
9.999E-05 0.37373 0.268733 0.357437
0.08432 0.00647994 0.866163 0.0430375
9.998E-05 9.998E-05 0.9997 9.998E-05
9.999E-05 0.244615 0.409658 0.345626
9.998E-05 9.998E-05 0.9997 9.998E-05
9.999E-05 0.541166 0.0602997 0.398435
9.999E-05 0.0783181 0.442156 0.479426
9.999E-05 0.504582 0.00429243 0.491025
9.9982E-05 0.850212 9.9982E-05 0.149588
9.9982E-05 0.87949 9.9982E-05 0.12031
9.9982E-05 0.915109 0.084691 9.9982E-05
9.99821E-05 0.948944 0.0508556 9.99821E-05
0.0100707 9.9982E-05 0.989729 9.9982E-05
0.0183685 0.00928291 0.963879 0.00846934
9.9982E-05 0.920714 9.9982E-05 0.0790856
0.168716 0.765342 0.0658421 9.9991E-05
0.729651 0.17231 9.9991E-05 0.0979383
0.9997 9.998E-05 9.998E-05 9.998E-05
9.9982E-05 0.966346 9.9982E-05 0.0334545
0.981105 9.9991E-05 0.0144792 0.00431596
9.9982E-05 0.98094 0.0188605 9.9982E-05
0.52144 0.371828 0.00112348 0.105609
0.9997 9.998E-05 9.998E-05 9.998E-05
9.998E-05 9.998E-05 0.9997 9.998E-05
9.998E-05 9.998E-05 0.9997 9.998E-05
9.998E-05 0.9997 9.998E-05 9.998E-05
9.9982E-05 9.9982E-05 0.923367 0.0764328
9.9982E-05 9.9982E-05 0.918826 0.0809741
0.0184903 9.9991E-05 0.700918 0.280492
0.0272027 9.9991E-05 0.641564 0.331133
9.99911E-05 0.263305 0.0712729 0.665322
9.998E-05 9.998E-05 0.9997 9.998E-05
9.9982E-05 9.9982E-05 0.081315 0.918485
9.9982E-05 0.91752 0.0822797 9.9982E-05
9.9982E-05 0.00629923 0.993501 9.9982E-05
9.99821E-05 0.934934 0.0648655 9.99821E-05
0.0159633 0.733618 0.0197288 0.23069
0.167721 0.6575 0.174679 9.9991E-05
9.99819E-05 0.853011 0.146789 9.99819E-05
9.9991E-05 0.899015 0.0881588 0.0127259
0.0142453 0.956935 9.9991E-05 0.0287201
9.9982E-05 0.899338 9.9982E-05 0.100462
9.9982E-05 0.916392 9.9982E-05 0.083408
0.134414 0.785486 9.9991E-05 0.0799998
0.0399468 0.823198 0.058586 0.0782689
9.9991E-05 0.808808 0.115285 0.0758068
0.0196211 0.958123 9.99911E-05 0.0221557
9.998E-05 9.998E-05 9.998E-05 0.9997
9.998E-05 9.998E-05 9.998E-05 0.9997
9.998E-05 9.998E-05 9.998E-05 0.9997
9.998E-05 9.998E-05 9.998E-05 0.9997
9.998E-05 9.998E-05 9.998E-05 0.9997
0.0426101 0.107547 0.234302 0.61554
9.998E-05 9.998E-05 9.998E-05 0.9997
9.998E-05 0.9997 9.998E-05 9.998E-05
9.9991E-05 0.31032 0.0799256 0.609654
9.998E-05 9.998E-05 0.9997 9.998E-05
9.998E-05 0.9997 9.998E-05 9.998E-05
9.9991E-05 0.897951 0.0838718 0.0180767
9.998E-05 0.9997 9.998E-05 9.998E-05
9.998E-05 0.9997 9.998E-05 9.998E-05
0.0130545 0.986746 9.9982E-05 9.9982E-05
0.891638 0.0736069 9.9991E-05 0.0346553
9.998E-05 9.998E-05 0.9997 9.998E-05
0.0810793 0.447685 0.315697 0.155539
9.99821E-05 0.0146669 0.985133 9.99821E-05
9.9991E-05 0.0189094 0.970621 0.0103692
9.9982E-05 9.9982E-05 0.913343 0.0864575
0.00328856 9.9991E-05 0.908089 0.0885223
9.9991E-05 0.0501728 0.928332 0.0213949
9.998E-05 9.998E-05 0.9997 9.998E-05
9.99821E-05 9.99821E-05 0.498865 0.500935
9.99911E-05 0.0567073 0.511013 0.43218
9.9982E-05 9.9982E-05 0.959139 0.040661
9.9991E-05 0.784422 0.0616105 0.153868
9.9991E-05 0.795904 0.0289714 0.175024
0.240127 0.647093 0.112679 9.9991E-05
0.251542 0.613784 0.134574 9.9991E-05
9.99819E-05 0.871201 9.99819E-05 0.128599
9.99819E-05 0.883044 9.99819E-05 0.116756
0.233817 0.594627 0.170293 0.0012625
0.225187 0.635268 0.139445 9.9991E-05
9.9982E-05 0.957382 9.9982E-05 0.042418
0.0241087 0.904041 0.0204898 0.0513599
9.9991E-05 0.237175 0.0551396 0.707586
0.206351 0.68812 0.105429 9.9991E-05
0.123162 0.839875 0.0368629 9.9991E-05
0.0496744 9.9991E-05 0.5897 0.360526
