9.99459E-05 9.99459E-05 9.99459E-05 9.99459E-05 9.99459E-05 0.930433 0.00314567 9.99459E-05 0.0658214
9.99548E-05 9.99548E-05 0.582344 9.99548E-05 0.203879 0.165092 0.0481857 9.99548E-05 9.99548E-05
0.00648939 0.0618932 0.038673 0.0378796 0.795559 9.99822E-05 0.0552866 9.99822E-05 0.00401973
9.9937E-05 9.9937E-05 9.9937E-05 9.9937E-05 0.945111 9.9937E-05 0.0541893 9.9937E-05 9.9937E-05
0.0724379 9.99641E-05 0.362651 9.99641E-05 0.324278 0.0102593 9.99641E-05 9.99641E-05 0.229974
9.9946E-05 9.9946E-05 9.9946E-05 9.9946E-05 0.982946 0.00874303 0.00771127 9.9946E-05 9.9946E-05
9.9937E-05 0.263764 0.735537 9.9937E-05 9.9937E-05 9.9937E-05 9.9937E-05 9.9937E-05 9.9937E-05
0.17627 9.99637E-05 0.442814 9.99637E-05 0.335524 9.99637E-05 9.99637E-05 9.99637E-05 0.0448931
9.99459E-05 0.160755 0.765517 9.99459E-05 9.99459E-05 9.99459E-05 9.99459E-05 0.0731291 9.99459E-05
9.9937E-05 9.9937E-05 0.0816341 9.9937E-05 9.9937E-05 9.9937E-05 9.9937E-05 9.9937E-05 0.917666
9.99461E-05 9.99461E-05 0.0632003 9.99461E-05 9.99461E-05 9.99461E-05 9.99461E-05 0.00922846 0.926972
9.9955E-05 0.187687 9.9955E-05 9.9955E-05 0.0265191 0.647278 0.138016 9.9955E-05 9.9955E-05
9.99461E-05 0.951902 0.000808431 9.99461E-05 0.0466904 9.99461E-05 9.99461E-05 9.99461E-05 9.99461E-05
9.9946E-05 9.9946E-05 9.9946E-05 0.0177897 0.9507 0.0309107 9.9946E-05 9.9946E-05 9.9946E-05
9.9955E-05 9.9955E-05 9.9955E-05 9.9955E-05 0.925273 0.0469907 0.00580895 9.9955E-05 0.0214279
9.9946E-05 0.179881 9.9946E-05 9.9946E-05 9.9946E-05 9.9946E-05 9.9946E-05 0.752597 0.0669225
9.9964E-05 0.184762 9.9964E-05 0.0496579 9.9964E-05 9.9964E-05 0.338581 0.0409205 0.385679
0.0399523 9.99639E-05 9.99639E-05 0.717286 9.99639E-05 0.053808 9.99639E-05 0.114327 0.074227
9.99371E-05 9.99371E-05 9.99371E-05 0.916186 9.99371E-05 9.99371E-05 0.0831145 9.99371E-05 9.99371E-05
9.99549E-05 9.99549E-05 9.99549E-05 9.99549E-05 9.99549E-05 0.109878 0.0312179 0.35647 0.501934
9.993E-05 9.993E-05 9.993E-05 0.999201 9.993E-05 9.993E-05 9.993E-05 9.993E-05 9.993E-05
9.9973E-05 0.0481653 9.9973E-05 0.00534606 9.9973E-05 0.533284 0.00152068 0.291458 0.119925
9.99551E-05 9.99551E-05 9.99551E-05 0.381784 0.00934578 9.99551E-05 0.292097 9.99551E-05 0.316274
9.99459E-05 9.99459E-05 9.99459E-05 0.890055 9.99459E-05 9.99459E-05 0.0755948 9.99459E-05 0.0337504
0.0297198 9.99371E-05 9.99371E-05 9.99371E-05 0.969581 9.99371E-05 9.99371E-05 9.99371E-05 9.99371E-05
9.993E-05 9.993E-05 9.993E-05 9.993E-05 0.999201 9.993E-05 9.993E-05 9.993E-05 9.993E-05
0.00342877 0.791573 9.99639E-05 9.99639E-05 9.99639E-05 0.0647337 0.0460543 9.99639E-05 0.0938105
0.0452425 9.9946E-05 9.9946E-05 9.9946E-05 0.932154 9.9946E-05 9.9946E-05 0.0220036 9.9946E-05
0.0634259 9.9955E-05 0.0237358 9.9955E-05 0.889821 9.9955E-05 9.9955E-05 0.0225173 9.9955E-05
0.187755 0.00616376 0.0753605 0.00999382 0.689051 9.99731E-05 0.0313759 9.99731E-05 9.99731E-05
0.212999 9.9973E-05 0.138609 0.00379746 0.61377 9.9973E-05 0.0230674 9.9973E-05 0.00745705
0.0724208 9.9964E-05 0.838366 9.9964E-05 0.00260936 0.0795173 0.0066863 9.9964E-05 9.9964E-05
9.99372E-05 9.99372E-05 9.99372E-05 9.99372E-05 0.97967 9.99372E-05 9.99372E-05 0.0196306 9.99372E-05
0.852978 9.99462E-05 0.118911 9.99462E-05 0.0275114 9.99462E-05 9.99462E-05 9.99462E-05 9.99462E-05
9.99639E-05 0.556445 9.99639E-05 9.99639E-05 0.0722255 0.0379149 0.203774 9.99639E-05 0.12924
9.995E-05 0.00905453 0.0303418 9.995E-05 0.946735 9.995E-05 9.995E-05 0.0133685 9.995E-05
9.99371E-05 9.99371E-05 9.99371E-05 9.99371E-05 0.0176388 0.981662 9.99371E-05 9.99371E-05 9.99371E-05
9.99549E-05 9.99549E-05 0.204048 9.99549E-05 0.0132579 0.151256 9.99549E-05 9.99549E-05 0.630938
9.9973E-05 0.178067 9.9973E-05 0.0484948 0.142744 9.9973E-05 0.37709 0.0388855 0.214418
9.99639E-05 9.99639E-05 9.99639E-05 0.0085241 0.121106 0.249951 9.99639E-05 0.298167 0.321852
9.99639E-05 9.99639E-05 9.99639E-05 9.99639E-05 0.0928786 0.289828 0.017174 0.258041 0.341679
9.99459E-05 9.99459E-05 9.99459E-05 9.99459E-05 9.99459E-05 0.0499806 9.99459E-05 0.0168901 0.93253
9.9964E-05 0.061977 0.00897049 0.0137623 9.9964E-05 0.0471817 9.9964E-05 0.867709 9.9964E-05
9.9955E-05 0.0174843 9.9955E-05 9.9955E-05 9.9955E-05 0.0306902 0.0103899 9.9955E-05 0.940936
0.000829857 0.185665 9.9982E-05 0.0901988 9.9982E-05 0.102979 0.0920704 0.10151 0.426547
9.9973E-05 9.9973E-05 9.9973E-05 0.0328155 0.0816622 0.142444 0.00102154 0.202214 0.539544
0.0320745 0.177271 0.0187484 9.9982E-05 0.100773 0.200375 0.0921981 9.9982E-05 0.37836
9.99374E-05 9.99374E-05 9.99374E-05 0.022054 9.99374E-05 0.977246 9.99374E-05 9.99374E-05 9.99374E-05
0.999201 9.993E-05 9.993E-05 9.993E-05 9.993E-05 9.993E-05 9.993E-05 9.993E-05 9.993E-05
0.999201 9.993E-05 9.993E-05 9.993E-05 9.993E-05 9.993E-05 9.993E-05 9.993E-05 9.993E-05
0.97985 0.00516878 9.9955E-05 9.9955E-05 0.00985175 9.9955E-05 9.9955E-05 0.00463014 9.9955E-05
0.999201 9.993E-05 9.993E-05 9.993E-05 9.993E-05 9.993E-05 9.993E-05 9.993E-05 9.993E-05
0.999201 9.993E-05 9.993E-05 9.993E-05 9.993E-05 9.993E-05 9.993E-05 9.993E-05 9.993E-05
0.476295 9.99731E-05 0.174271 0.0530656 0.240104 9.99731E-05 9.99731E-05 0.0378754 0.0180887
0.960543 9.9946E-05 0.0240409 9.9946E-05 9.9946E-05 0.0148165 9.9946E-05 9.9946E-05 9.9946E-05
9.99459E-05 0.0217092 9.99459E-05 9.99459E-05 9.99459E-05 0.817211 9.99459E-05 0.16048 9.99459E-05
0.119579 9.99548E-05 0.763189 9.99548E-05 9.99548E-05 0.0843356 0.0323965 9.99548E-05 9.99548E-05
9.993E-05 9.993E-05 9.993E-05 9.993E-05 0.999201 9.993E-05 9.993E-05 9.993E-05 9.993E-05
0.00758001 0.833938 9.9955E-05 9.9955E-05 9.9955E-05 0.0455771 9.9955E-05 0.112405 9.9955E-05
9.99371E-05 0.0888454 9.99371E-05 9.99371E-05 9.99371E-05 9.99371E-05 9.99371E-05 0.910455 9.99371E-05
9.993E-05 0.999201 9.993E-05 9.993E-05 9.993E-05 9.993E-05 9.993E-05 9.993E-05 9.993E-05
9.99459E-05 0.879629 9.99459E-05 9.99459E-05 9.99459E-05 0.0147144 9.99459E-05 9.99459E-05 0.105057
9.99459E-05 0.81266 9.99459E-05 9.99459E-05 9.99459E-05 9.99459E-05 0.0417748 9.99459E-05 0.144966
0.00675706 9.99461E-05 9.99461E-05 0.89084 9.99461E-05 0.101803 9.99461E-05 9.99461E-05 9.99461E-05
9.99372E-05 9.99372E-05 9.99372E-05 9.99372E-05 0.991935 9.99372E-05 9.99372E-05 0.0073656 9.99372E-05
0.0546489 0.144084 0.111793 0.0210868 0.265021 0.0685003 0.0538236 0.0980996 0.182943
9.99372E-05 9.99372E-05 9.99372E-05 9.99372E-05 0.958234 9.99372E-05 9.99372E-05 0.0410667 9.99372E-05
9.9937E-05 9.9937E-05 9.9937E-05 9.9937E-05 0.929728 0.0695719 9.9937E-05 9.9937E-05 9.9937E-05
0.062333 9.9955E-05 0.0302382 9.9955E-05 0.843774 9.9955E-05 9.9955E-05 0.0631556 9.9955E-05
0.0126022 9.9955E-05 0.0223727 9.9955E-05 0.916489 9.9955E-05 9.9955E-05 0.0480366 9.9955E-05
9.99551E-05 9.99551E-05 0.081453 9.99551E-05 0.845256 0.00883128 9.99551E-05 9.99551E-05 0.0639596
9.99369E-05 9.99369E-05 9.99369E-05 9.99369E-05 0.978861 9.99369E-05 9.99369E-05 9.99369E-05 0.0204395
0.191602 9.99462E-05 0.408916 9.99462E-05 0.398882 9.99462E-05 9.99462E-05 9.99462E-05 9.99462E-05
0.0401361 0.0366647 0.465694 9.99552E-05 0.457006 9.99552E-05 9.99552E-05 9.99552E-05 9.99552E-05
0.00066983 9.99461E-05 9.99461E-05 9.99461E-05 0.9594 9.99461E-05 9.99461E-05 0.0393304 9.99461E-05
0.0193473 9.99369E-05 9.99369E-05 9.99369E-05 9.99369E-05 9.99369E-05 9.99369E-05 0.979953 9.99369E-05
0.00832415 9.99369E-05 9.99369E-05 9.99369E-05 9.99369E-05 9.99369E-05 9.99369E-05 0.990976 9.99369E-05
9.993E-05 9.993E-05 9.993E-05 9.993E-05 9.993E-05 9.993E-05 0.999201 9.993E-05 9.993E-05
9.993E-05 9.993E-05 9.993E-05 9.993E-05 9.993E-05 9.993E-05 0.999201 9.993E-05 9.993E-05
9.99549E-05 9.99549E-05 0.0549738 9.99549E-05 9.99549E-05 0.0415395 9.99549E-05 0.146244 0.756742
0.00247823 0.0562318 0.0219819 9.9973E-05 9.9973E-05 0.00538341 9.9973E-05 0.149575 0.76405
9.9937E-05 9.9937E-05 0.0123499 9.9937E-05 9.9937E-05 9.9937E-05 0.986951 9.9937E-05 9.9937E-05
9.993E-05 9.993E-05 9.993E-05 9.993E-05 9.993E-05 9.993E-05 0.999201 9.993E-05 9.993E-05
9.99459E-05 0.042308 9.99459E-05 9.99459E-05 9.99459E-05 0.947362 9.99459E-05 0.00973019 9.99459E-05
9.9973E-05 0.174052 0.0719558 0.0704539 9.9973E-05 0.0303366 9.9973E-05 0.512923 0.139979
0.110963 9.99458E-05 0.82137 9.99458E-05 9.99458E-05 0.0670674 9.99458E-05 9.99458E-05 9.99458E-05
9.99641E-05 0.312865 9.99641E-05 0.0928132 0.0717992 9.99641E-05 0.200024 9.99641E-05 0.322099
9.99641E-05 0.415623 9.99641E-05 0.0830649 9.99641E-05 0.165812 0.291238 9.99641E-05 0.0438628
0.177995 9.99641E-05 0.258766 0.01651 0.496236 9.99641E-05 0.0500924 9.99641E-05 9.99641E-05
