0.949843 9.9991E-05 0.0500569
0.369682 0.260586 0.369732
0.124144 0.818943 0.0569132
9.999E-05 0.995368 0.00453246
0.205864 0.438839 0.355297
0.00209961 0.9978 9.9991E-05
0.460037 0.00194435 0.538019
0.0444253 0.430575 0.524999
0.449473 9.9991E-05 0.550427
0.80756 9.9991E-05 0.19234
0.834554 9.9991E-05 0.165346
0.879902 0.119998 9.9991E-05
0.914556 0.0853436 9.9991E-05
0.014624 0.985276 9.9991E-05
0.0112823 0.988618 9.9991E-05
0.876138 0.000746776 0.123115
0.939308 0.0605925 9.9991E-05
0.926335 9.99911E-05 0.0735648
0.9998 9.999E-05 9.999E-05
0.933114 9.9991E-05 0.0667857
0.9998 9.999E-05 9.999E-05
0.943857 0.0318793 0.0242642
0.921888 0.0533738 0.0247385
0.9998 9.999E-05 9.999E-05
9.9991E-05 0.994985 0.00491514
9.999E-05 0.9998 9.999E-05
0.9998 9.999E-05 9.999E-05
9.9991E-05 0.929507 0.0703928
9.9991E-05 0.865827 0.134073
0.036744 0.729696 0.23356
0.02192 0.653956 0.324124
0.197546 0.0840869 0.718367
0.00298836 0.996912 9.9991E-05
9.9991E-05 0.0813588 0.918541
0.885572 0.114328 9.9991E-05
0.0295468 0.970353 9.9991E-05
0.879656 0.120244 9.9991E-05
0.74206 0.00592496 0.252015
0.804573 0.195327 9.9991E-05
0.811249 0.188651 9.99909E-05
0.845907 0.0918178 0.0622754
0.902281 9.9991E-05 0.097619
0.860644 9.9991E-05 0.139256
0.878371 9.99909E-05 0.121529
0.924236 9.9991E-05 0.0756643
0.816877 0.0819304 0.101193
0.777159 0.183497 0.0393444
0.939245 9.99911E-05 0.0606554
9.999E-05 9.999E-05 0.9998
9.999E-05 9.999E-05 0.9998
9.999E-05 9.999E-05 0.9998
9.999E-05 9.999E-05 0.9998
9.999E-05 9.999E-05 0.9998
0.120093 0.213637 0.66627
9.999E-05 9.999E-05 0.9998
0.919705 9.9991E-05 0.0801954
0.259414 0.039332 0.701254
9.999E-05 0.9998 9.999E-05
0.954139 0.045761 9.9991E-05
0.853278 0.0919052 0.0548169
0.979589 0.020311 9.9991E-05
0.964754 0.0351462 9.9991E-05
0.9998 9.999E-05 9.999E-05
0.9998 9.999E-05 9.999E-05
9.999E-05 0.9998 9.999E-05
0.519415 0.223227 0.257358
0.0211755 0.978724 9.9991E-05
0.0203922 0.959934 0.0196735
9.9991E-05 0.896511 0.103389
9.9991E-05 0.899685 0.100215
0.0393886 0.931531 0.0290799
9.999E-05 0.9998 9.999E-05
9.99911E-05 0.479054 0.520846
0.0390492 0.48387 0.477081
9.9991E-05 0.95949 0.0404101
0.749028 0.076161 0.174811
0.742697 0.0353609 0.221943
0.854022 0.145878 9.9991E-05
0.864523 0.135377 9.9991E-05
0.843993 9.99909E-05 0.155907
0.860068 9.99909E-05 0.139832
0.865554 0.126323 0.00812294
0.866358 0.133542 9.9991E-05
0.901243 9.9991E-05 0.0986568
0.884919 0.00210665 0.112974
0.239649 0.0210195 0.739332
0.895806 0.104094 9.99911E-05
0.950456 0.049444 9.9991E-05
0.00266343 0.603803 0.393533
