0.988662 9.9973E-05 9.9973E-05 0.0110382 9.9973E-05
0.367153 0.316847 0.281442 0.0344579 9.9991E-05
9.999E-05 0.82672 0.0623206 0.0757801 0.0350791
9.9982E-05 0.931958 0.0231455 0.0446963 9.9982E-05
0.26425 0.439297 0.296253 9.99821E-05 9.99821E-05
9.9973E-05 0.981662 9.9973E-05 0.0180381 9.9973E-05
0.589955 0.0322168 0.377628 9.99821E-05 9.99821E-05
0.0561836 0.400333 0.511626 0.0317582 9.9991E-05
0.577923 0.0665827 0.355295 9.99821E-05 9.99821E-05
0.723435 9.9982E-05 0.151902 0.124463 9.9982E-05
0.727998 9.9982E-05 0.139837 0.131965 9.9982E-05
0.779015 0.0827019 9.9982E-05 0.138083 9.9982E-05
0.903351 0.0604983 9.99911E-05 0.0216658 0.0143852
0.0182101 0.957056 9.9982E-05 9.9982E-05 0.024534
0.0377237 0.955402 9.9982E-05 9.9982E-05 0.00667404
0.887796 0.0345167 0.0489895 0.0285975 9.9991E-05
0.503725 9.9982E-05 9.9982E-05 0.408358 0.0877168
0.205453 9.9982E-05 0.0646583 9.9982E-05 0.729688
9.9973E-05 9.9973E-05 9.9973E-05 0.107289 0.892412
0.803253 9.9982E-05 0.0149309 0.181616 9.9982E-05
9.9973E-05 0.00231724 9.9973E-05 9.9973E-05 0.997383
0.951938 0.0136637 9.9982E-05 0.0341987 9.9982E-05
0.0649619 9.9991E-05 0.0936632 0.418152 0.423123
9.9973E-05 9.9973E-05 9.9973E-05 0.102059 0.897641
9.9973E-05 0.995677 0.00402311 9.9973E-05 9.9973E-05
9.997E-05 0.9996 9.997E-05 9.997E-05 9.997E-05
0.925358 9.9973E-05 9.9973E-05 0.0743426 9.9973E-05
9.9973E-05 0.934387 0.065313 9.9973E-05 9.9973E-05
0.00172347 0.90907 0.0890066 9.9982E-05 9.9982E-05
9.9991E-05 0.684068 0.243872 0.0380273 0.0339332
9.9982E-05 0.592794 0.34482 0.0621852 9.9982E-05
0.26895 0.15008 0.58077 9.99821E-05 9.99821E-05
9.997E-05 0.9996 9.997E-05 9.997E-05 9.997E-05
9.9982E-05 0.0858667 0.907615 0.00631847 9.9982E-05
0.643449 0.0720104 9.9982E-05 0.284341 9.9982E-05
0.0167736 0.976362 9.9982E-05 0.00666472 9.9982E-05
0.910985 0.0606817 9.99821E-05 0.0281329 9.99821E-05
0.726184 0.0253106 0.190683 0.0316349 0.026187
0.364984 0.141941 9.9991E-05 0.422519 0.070456
0.747974 0.158951 9.9991E-05 0.0867957 0.00618026
0.785606 0.12556 9.9991E-05 0.0802141 0.00852004
0.807524 9.9991E-05 0.0554554 0.12323 0.0136901
0.935252 0.00321351 0.0613346 9.9982E-05 9.9982E-05
0.786358 9.9991E-05 0.0850588 0.128303 0.000179661
0.648865 9.9991E-05 0.0331225 0.195818 0.122095
0.722247 0.0548194 0.0727617 0.0971995 0.0529724
0.663237 0.084853 0.0917203 0.16009 9.9991E-05
0.965266 9.99733E-05 9.99733E-05 9.99733E-05 0.0344336
9.997E-05 9.997E-05 0.9996 9.997E-05 9.997E-05
9.997E-05 9.997E-05 0.9996 9.997E-05 9.997E-05
9.997E-05 9.997E-05 0.9996 9.997E-05 9.997E-05
9.997E-05 9.997E-05 0.9996 9.997E-05 9.997E-05
9.997E-05 9.997E-05 0.9996 9.997E-05 9.997E-05
0.102006 0.23196 0.629534 9.9991E-05 0.0364007
9.997E-05 9.997E-05 0.9996 9.997E-05 9.997E-05
0.9996 9.997E-05 9.997E-05 9.997E-05 9.997E-05
0.299563 0.147417 0.55282 9.9982E-05 9.9982E-05
9.997E-05 0.9996 9.997E-05 9.997E-05 9.997E-05
0.91925 0.027924 9.99821E-05 0.0526261 9.99821E-05
0.911021 0.086682 9.9982E-05 0.00209712 9.9982E-05
0.977194 9.99732E-05 9.99732E-05 9.99732E-05 0.0225062
0.9996 9.997E-05 9.997E-05 9.997E-05 9.997E-05
0.899752 9.9973E-05 9.9973E-05 0.0999479 9.9973E-05
0.0444446 0.0246176 9.99821E-05 9.99821E-05 0.930738
9.997E-05 0.9996 9.997E-05 9.997E-05 9.997E-05
0.343576 0.407781 0.0695195 0.114589 0.0645347
9.99731E-05 0.97174 0.0279605 9.99731E-05 9.99731E-05
0.0377815 0.938589 0.0234301 9.9982E-05 9.9982E-05
0.0231005 0.897679 0.0790209 9.9982E-05 9.9982E-05
9.9982E-05 0.940516 0.0568512 9.9982E-05 0.00243264
0.0336315 0.945116 9.9982E-05 0.021053 9.9982E-05
9.997E-05 0.9996 9.997E-05 9.997E-05 9.997E-05
9.99732E-05 0.502565 0.497135 9.99732E-05 9.99732E-05
0.0446597 0.564222 0.370878 9.99911E-05 0.0201401
0.00785907 0.97532 0.00808286 9.9991E-05 0.00863781
0.733626 0.105878 0.0861424 0.0742542 9.9991E-05
0.776183 0.063893 0.109117 0.050707 9.9991E-05
9.997E-05 9.997E-05 9.997E-05 0.9996 9.997E-05
9.997E-05 9.997E-05 9.997E-05 0.9996 9.997E-05
0.8087 9.99819E-05 0.112438 0.0786614 9.99819E-05
0.806412 9.9982E-05 0.112913 0.0804753 9.9982E-05
9.997E-05 9.997E-05 9.997E-05 0.9996 9.997E-05
9.997E-05 9.997E-05 9.997E-05 0.9996 9.997E-05
0.990817 9.9973E-05 0.00888279 9.9973E-05 9.9973E-05
0.885385 0.0139507 0.0362299 9.9991E-05 0.0643341
0.327965 0.0974768 0.574359 9.9982E-05 9.9982E-05
0.456016 0.0752966 9.9991E-05 0.343215 0.125373
0.551383 0.0161792 9.9991E-05 0.359706 0.0726318
9.9991E-05 0.566276 0.375567 0.0291362 0.0289204
