9.98739E-05 9.98739E-05 9.98739E-05 9.98739E-05 9.98739E-05 9.98739E-05 9.98739E-05 9.98739E-05 9.98739E-05 9.98739E-05 0.0159948 9.98739E-05 9.98739E-05 0.947194 9.98739E-05 9.98739E-05 0.0354132
9.98829E-05 0.115925 9.98829E-05 9.98829E-05 9.98829E-05 0.780763 9.98829E-05 9.98829E-05 9.98829E-05 9.98829E-05 9.98829E-05 0.0836615 9.98829E-05 0.0183524 9.98829E-05 9.98829E-05 9.98829E-05
9.98561E-05 9.98561E-05 9.98561E-05 9.98561E-05 9.98561E-05 9.98561E-05 9.98561E-05 9.98561E-05 0.998402 9.98561E-05 9.98561E-05 9.98561E-05 9.98561E-05 9.98561E-05 9.98561E-05 9.98561E-05 9.98561E-05
0.0327175 0.95086 9.98831E-05 9.98831E-05 9.98831E-05 9.98831E-05 9.98831E-05 9.98831E-05 0.00235883 9.98831E-05 9.98831E-05 0.0127655 9.98831E-05 9.98831E-05 9.98831E-05 9.98831E-05 9.98831E-05
9.99281E-05 0.267127 0.0735616 9.99281E-05 0.205453 0.0836544 9.99281E-05 9.99281E-05 0.092865 9.99281E-05 9.99281E-05 9.99281E-05 9.99281E-05 0.0318406 0.108257 0.0680647 0.0683778
9.98832E-05 0.967024 9.98832E-05 9.98832E-05 9.98832E-05 9.98832E-05 9.98832E-05 9.98832E-05 0.00868366 9.98832E-05 9.98832E-05 0.00786609 9.98832E-05 9.98832E-05 9.98832E-05 0.0151276 9.98832E-05
9.98561E-05 9.98561E-05 9.98561E-05 9.98561E-05 0.998402 9.98561E-05 9.98561E-05 9.98561E-05 9.98561E-05 9.98561E-05 9.98561E-05 9.98561E-05 9.98561E-05 9.98561E-05 9.98561E-05 9.98561E-05 9.98561E-05
9.99099E-05 0.141248 0.471933 9.99099E-05 0.00717307 0.133881 9.99099E-05 9.99099E-05 0.0143112 9.99099E-05 9.99099E-05 9.99099E-05 9.99099E-05 9.99099E-05 0.136394 9.99099E-05 0.0940606
9.9874E-05 9.9874E-05 9.9874E-05 9.9874E-05 0.965992 0.0256301 9.9874E-05 9.9874E-05 9.9874E-05 9.9874E-05 9.9874E-05 0.00697919 9.9874E-05 9.9874E-05 9.9874E-05 9.9874E-05 9.9874E-05
9.98502E-05 9.98502E-05 9.98502E-05 9.98502E-05 0.172634 9.98502E-05 9.98502E-05 9.98502E-05 9.98502E-05 9.98502E-05 9.98502E-05 9.98502E-05 9.98502E-05 9.98502E-05 9.98502E-05 9.98502E-05 0.825869
9.98652E-05 9.98652E-05 9.98652E-05 9.98652E-05 0.126948 9.98652E-05 9.98652E-05 9.98652E-05 9.98652E-05 9.98652E-05 9.98652E-05 9.98652E-05 9.98652E-05 9.98652E-05 9.98652E-05 9.98652E-05 0.871554
0.109803 0.0301463 9.991E-05 9.991E-05 0.000818734 9.991E-05 9.991E-05 9.991E-05 0.00733721 0.171955 9.991E-05 9.991E-05 9.991E-05 0.627791 9.991E-05 0.0511491 9.991E-05
9.98655E-05 9.98655E-05 0.0169401 9.98655E-05 9.98655E-05 9.98655E-05 9.98655E-05 9.98655E-05 9.98655E-05 0.981562 9.98655E-05 9.98655E-05 9.98655E-05 9.98655E-05 9.98655E-05 9.98655E-05 9.98655E-05
9.99191E-05 0.913243 9.99191E-05 9.99191E-05 9.99191E-05 0.00697943 0.000832708 0.00428132 0.0158097 9.99191E-05 9.99191E-05 0.0350006 0.00041485 9.99191E-05 9.99191E-05 0.022539 9.99191E-05
9.98922E-05 0.931362 9.98922E-05 9.98922E-05 9.98922E-05 9.98922E-05 9.98922E-05 9.98922E-05 0.00572382 9.98922E-05 0.0287585 9.98922E-05 9.98922E-05 0.0236006 9.98922E-05 9.98922E-05 0.0093563
9.98829E-05 9.98829E-05 9.98829E-05 0.763448 9.98829E-05 9.98829E-05 9.98829E-05 9.98829E-05 9.98829E-05 0.0708133 9.98829E-05 9.98829E-05 9.98829E-05 9.98829E-05 9.98829E-05 0.130724 0.033716
9.9883E-05 9.9883E-05 9.9883E-05 9.9883E-05 9.9883E-05 9.9883E-05 9.9883E-05 9.9883E-05 9.9883E-05 9.9883E-05 0.0198679 0.916754 0.00893633 9.9883E-05 9.9883E-05 9.9883E-05 0.0531431
9.98561E-05 9.98561E-05 9.98561E-05 9.98561E-05 9.98561E-05 9.98561E-05 0.998402 9.98561E-05 9.98561E-05 9.98561E-05 9.98561E-05 9.98561E-05 9.98561E-05 9.98561E-05 9.98561E-05 9.98561E-05 9.98561E-05
0.0266052 9.98651E-05 9.98651E-05 9.98651E-05 9.98651E-05 9.98651E-05 9.98651E-05 9.98651E-05 9.98651E-05 9.98651E-05 9.98651E-05 9.98651E-05 0.971897 9.98651E-05 9.98651E-05 9.98651E-05 9.98651E-05
0.0270403 9.98919E-05 9.98919E-05 0.276164 9.98919E-05 9.98919E-05 9.98919E-05 9.98919E-05 9.98919E-05 9.98919E-05 9.98919E-05 9.98919E-05 9.98919E-05 0.0623767 9.98919E-05 0.136043 0.497177
9.98741E-05 9.98741E-05 9.98741E-05 9.98741E-05 9.98741E-05 9.98741E-05 0.0682691 9.98741E-05 0.00969742 9.98741E-05 9.98741E-05 9.98741E-05 0.920635 9.98741E-05 9.98741E-05 9.98741E-05 9.98741E-05
9.99009E-05 9.99009E-05 9.99009E-05 0.244932 9.99009E-05 9.99009E-05 9.99009E-05 0.0133855 9.99009E-05 0.0595489 9.99009E-05 0.0857012 9.99009E-05 0.486814 9.99009E-05 9.99009E-05 0.108519
9.98559E-05 9.98559E-05 9.98559E-05 9.98559E-05 9.98559E-05 9.98559E-05 9.98559E-05 9.98559E-05 9.98559E-05 9.98559E-05 0.998402 9.98559E-05 9.98559E-05 9.98559E-05 9.98559E-05 9.98559E-05 9.98559E-05
9.98831E-05 9.98831E-05 9.98831E-05 9.98831E-05 9.98831E-05 9.98831E-05 0.0316084 9.98831E-05 9.98831E-05 9.98831E-05 0.137165 9.98831E-05 0.81069 9.98831E-05 9.98831E-05 9.98831E-05 0.0192383
9.98923E-05 0.929314 0.00574602 9.98923E-05 0.00231336 9.98923E-05 9.98923E-05 9.98923E-05 0.0560611 9.98923E-05 9.98923E-05 9.98923E-05 9.98923E-05 9.98923E-05 0.0053673 9.98923E-05 9.98923E-05
9.98653E-05 0.982418 9.98653E-05 9.98653E-05 9.98653E-05 9.98653E-05 9.98653E-05 9.98653E-05 0.0160837 9.98653E-05 9.98653E-05 9.98653E-05 9.98653E-05 9.98653E-05 9.98653E-05 9.98653E-05 9.98653E-05
0.029146 9.98918E-05 9.98918E-05 9.98918E-05 9.98918E-05 9.98918E-05 9.98918E-05 9.98918E-05 9.98918E-05 0.786855 9.98918E-05 0.0465898 9.98918E-05 0.072661 9.98918E-05 9.98918E-05 0.0635492
9.98742E-05 0.934203 9.98742E-05 9.98742E-05 0.0186156 9.98742E-05 9.98742E-05 9.98742E-05 9.98742E-05 9.98742E-05 9.98742E-05 9.98742E-05 9.98742E-05 9.98742E-05 0.045783 9.98742E-05 9.98742E-05
9.98831E-05 0.873088 9.98831E-05 0.0112522 9.98831E-05 9.98831E-05 9.98831E-05 9.98831E-05 0.0151877 9.98831E-05 9.98831E-05 9.98831E-05 9.98831E-05 9.98831E-05 0.0991738 9.98831E-05 9.98831E-05
0.0382423 0.617771 0.111075 9.99192E-05 9.99192E-05 9.99192E-05 0.0120212 0.0244895 9.99192E-05 0.0296889 9.99192E-05 0.00953536 9.99192E-05 9.99192E-05 0.156278 9.99192E-05 9.99192E-05
0.0249442 0.382402 0.485024 9.991E-05 9.991E-05 9.991E-05 9.991E-05 9.991E-05 9.991E-05 9.991E-05 0.0191607 0.00374022 9.991E-05 9.991E-05 0.0652114 0.0185181 9.991E-05
9.98564E-05 9.98564E-05 9.98564E-05 9.98564E-05 9.98564E-05 0.998402 9.98564E-05 9.98564E-05 9.98564E-05 9.98564E-05 9.98564E-05 9.98564E-05 9.98564E-05 9.98564E-05 9.98564E-05 9.98564E-05 9.98564E-05
9.98653E-05 0.839914 0.158588 9.98653E-05 9.98653E-05 9.98653E-05 9.98653E-05 9.98653E-05 9.98653E-05 9.98653E-05 9.98653E-05 9.98653E-05 9.98653E-05 9.98653E-05 9.98653E-05 9.98653E-05 9.98653E-05
9.98833E-05 9.98833E-05 0.233358 9.98833E-05 9.98833E-05 9.98833E-05 9.98833E-05 9.98833E-05 0.00330611 9.98833E-05 9.98833E-05 9.98833E-05 9.98833E-05 9.98833E-05 0.727567 9.98833E-05 0.0344709
0.0935041 0.00106851 0.0576578 9.99187E-05 9.99187E-05 9.99187E-05 9.99187E-05 9.99187E-05 9.99187E-05 0.508043 9.99187E-05 0.250305 9.99187E-05 0.00817957 9.99187E-05 0.056562 0.0237806
9.98919E-05 0.922319 0.0330129 9.98919E-05 0.0121704 9.98919E-05 9.98919E-05 9.98919E-05 9.98919E-05 0.000192023 9.98919E-05 9.98919E-05 9.98919E-05 9.98919E-05 9.98919E-05 0.0311066 9.98919E-05
9.98831E-05 9.98831E-05 0.0238297 9.98831E-05 9.98831E-05 9.98831E-05 9.98831E-05 9.98831E-05 0.0110727 9.98831E-05 9.98831E-05 0.0035936 9.98831E-05 0.960206 9.98831E-05 9.98831E-05 9.98831E-05
9.99188E-05 9.99188E-05 0.0473636 9.99188E-05 9.99188E-05 0.195545 9.99188E-05 9.99188E-05 0.00830388 0.00271829 0.083767 0.0169362 9.99188E-05 0.0747619 9.99188E-05 9.99188E-05 0.569705
9.98651E-05 9.98651E-05 0.00886252 9.98651E-05 9.98651E-05 9.98651E-05 9.98651E-05 9.98651E-05 9.98651E-05 9.98651E-05 9.98651E-05 0.98964 9.98651E-05 9.98651E-05 9.98651E-05 9.98651E-05 9.98651E-05
9.99188E-05 0.0950803 9.99188E-05 0.219566 9.99188E-05 0.0250312 0.0133382 0.0187168 9.99188E-05 9.99188E-05 9.99188E-05 0.137666 9.99188E-05 0.195809 9.99188E-05 9.99188E-05 0.293893
9.99097E-05 0.0441833 9.99097E-05 0.194909 9.99097E-05 0.0311488 0.0701678 9.99097E-05 9.99097E-05 9.99097E-05 9.99097E-05 0.0991897 9.99097E-05 0.236214 9.99097E-05 9.99097E-05 0.323189
9.9892E-05 9.9892E-05 9.9892E-05 0.0104335 9.9892E-05 9.9892E-05 9.9892E-05 9.9892E-05 9.9892E-05 9.9892E-05 9.9892E-05 0.0166477 9.9892E-05 0.0336192 9.9892E-05 0.027017 0.911084
9.9901E-05 9.9901E-05 9.9901E-05 0.786581 0.0823473 9.9901E-05 9.9901E-05 9.9901E-05 9.9901E-05 0.0588255 9.9901E-05 9.9901E-05 0.00139356 0.00473475 9.9901E-05 9.9901E-05 0.0650187
9.9874E-05 9.9874E-05 9.9874E-05 9.9874E-05 9.9874E-05 9.9874E-05 9.9874E-05 9.9874E-05 0.00573197 9.9874E-05 9.9874E-05 9.9874E-05 9.9874E-05 9.9874E-05 9.9874E-05 0.11323 0.87964
0.0160857 9.99189E-05 9.99189E-05 0.032817 9.99189E-05 0.068123 9.99189E-05 9.99189E-05 9.99189E-05 0.145086 0.23326 9.99189E-05 9.99189E-05 0.0352011 9.99189E-05 0.14627 0.322257
9.99369E-05 0.0132535 0.0295554 0.155212 9.99369E-05 0.00613186 9.99369E-05 0.0593916 0.0293764 9.99369E-05 0.0154094 9.99369E-05 9.99369E-05 0.0647872 9.99369E-05 0.160879 0.465303
9.9919E-05 0.0519903 9.9919E-05 9.9919E-05 0.0837043 0.0127025 9.9919E-05 9.9919E-05 9.9919E-05 9.9919E-05 9.9919E-05 0.1684 9.9919E-05 0.200162 0.0273523 0.263861 0.190928
9.98658E-05 9.98658E-05 9.98658E-05 9.98658E-05 9.98658E-05 9.98658E-05 0.0403327 9.98658E-05 9.98658E-05 9.98658E-05 9.98658E-05 9.98658E-05 9.98658E-05 0.958169 9.98658E-05 9.98658E-05 9.98658E-05
9.98562E-05 9.98562E-05 9.98562E-05 9.98562E-05 9.98562E-05 9.98562E-05 9.98562E-05 9.98562E-05 9.98562E-05 9.98562E-05 9.98562E-05 9.98562E-05 9.98562E-05 9.98562E-05 0.998402 9.98562E-05 9.98562E-05
9.98562E-05 9.98562E-05 9.98562E-05 9.98562E-05 9.98562E-05 9.98562E-05 9.98562E-05 9.98562E-05 9.98562E-05 9.98562E-05 9.98562E-05 9.98562E-05 9.98562E-05 9.98562E-05 0.998402 9.98562E-05 9.98562E-05
9.98653E-05 9.98653E-05 9.98653E-05 9.98653E-05 9.98653E-05 9.98653E-05 9.98653E-05 9.98653E-05 9.98653E-05 9.98653E-05 9.98653E-05 9.98653E-05 9.98653E-05 9.98653E-05 0.995295 0.00320713 9.98653E-05
9.98562E-05 9.98562E-05 9.98562E-05 9.98562E-05 9.98562E-05 9.98562E-05 9.98562E-05 9.98562E-05 9.98562E-05 9.98562E-05 9.98562E-05 9.98562E-05 9.98562E-05 9.98562E-05 0.998402 9.98562E-05 9.98562E-05
9.98562E-05 9.98562E-05 9.98562E-05 9.98562E-05 9.98562E-05 9.98562E-05 9.98562E-05 9.98562E-05 9.98562E-05 9.98562E-05 9.98562E-05 9.98562E-05 9.98562E-05 9.98562E-05 0.998402 9.98562E-05 9.98562E-05
9.99191E-05 0.165946 0.183159 9.99191E-05 0.107003 0.0110239 9.99191E-05 0.0189337 9.99191E-05 9.99191E-05 0.0868502 9.99191E-05 9.99191E-05 9.99191E-05 0.384767 9.99191E-05 0.0414175
9.98741E-05 9.98741E-05 9.98741E-05 9.98741E-05 9.98741E-05 0.100285 9.98741E-05 9.98741E-05 9.98741E-05 9.98741E-05 9.98741E-05 9.98741E-05 9.98741E-05 0.00354956 0.894767 9.98741E-05 9.98741E-05
9.98739E-05 9.98739E-05 9.98739E-05 0.152104 9.98739E-05 9.98739E-05 9.98739E-05 9.98739E-05 9.98739E-05 9.98739E-05 9.98739E-05 9.98739E-05 9.98739E-05 0.802554 9.98739E-05 0.0439436 9.98739E-05
9.98919E-05 9.98919E-05 9.98919E-05 9.98919E-05 0.04803 0.887612 9.98919E-05 9.98919E-05 0.00144253 9.98919E-05 9.98919E-05 9.98919E-05 9.98919E-05 9.98919E-05 0.0547699 0.00694712 9.98919E-05
9.9874E-05 0.992672 9.9874E-05 9.9874E-05 9.9874E-05 9.9874E-05 9.9874E-05 9.9874E-05 9.9874E-05 9.9874E-05 9.9874E-05 0.0030357 9.9874E-05 9.9874E-05 9.9874E-05 0.00289436 9.9874E-05
0.0395883 9.98921E-05 9.98921E-05 0.0184293 9.98921E-05 9.98921E-05 9.98921E-05 9.98921E-05 9.98921E-05 0.877358 9.98921E-05 9.98921E-05 9.98921E-05 0.027178 0.0362481 9.98921E-05 9.98921E-05
9.98743E-05 9.98743E-05 9.98743E-05 0.88506 9.98743E-05 9.98743E-05 9.98743E-05 9.98743E-05 9.98743E-05 0.0232355 9.98743E-05 9.98743E-05 9.98743E-05 9.98743E-05 9.98743E-05 0.0903061 9.98743E-05
9.98656E-05 9.98656E-05 9.98656E-05 9.98656E-05 0.0444611 9.98656E-05 9.98656E-05 9.98656E-05 9.98656E-05 0.954041 9.98656E-05 9.98656E-05 9.98656E-05 9.98656E-05 9.98656E-05 9.98656E-05 9.98656E-05
9.98739E-05 9.98739E-05 9.98739E-05 9.98739E-05 9.98739E-05 9.98739E-05 9.98739E-05 9.98739E-05 9.98739E-05 0.90166 0.0110888 9.98739E-05 9.98739E-05 9.98739E-05 9.98739E-05 9.98739E-05 0.0858528
0.0229932 9.98919E-05 9.98919E-05 9.98919E-05 9.98919E-05 9.98919E-05 0.0046215 9.98919E-05 9.98919E-05 0.819774 9.98919E-05 9.98919E-05 9.98919E-05 9.98919E-05 9.98919E-05 0.0476246 0.103788
9.98563E-05 9.98563E-05 9.98563E-05 9.98563E-05 9.98563E-05 9.98563E-05 9.98563E-05 0.998402 9.98563E-05 9.98563E-05 9.98563E-05 9.98563E-05 9.98563E-05 9.98563E-05 9.98563E-05 9.98563E-05 9.98563E-05
0.00729033 0.968901 9.98746E-05 9.98746E-05 9.98746E-05 9.98746E-05 9.98746E-05 9.98746E-05 0.0224101 9.98746E-05 9.98746E-05 9.98746E-05 9.98746E-05 9.98746E-05 9.98746E-05 9.98746E-05 9.98746E-05
0.0799406 0.159728 0.100745 0.0625336 9.99418E-05 0.132276 0.063234 9.99418E-05 9.99418E-05 0.0247485 9.99418E-05 9.99418E-05 9.99418E-05 0.0436766 0.0859549 9.99418E-05 0.246463
9.98744E-05 0.802359 9.98744E-05 0.0395442 9.98744E-05 9.98744E-05 9.98744E-05 9.98744E-05 0.156699 9.98744E-05 9.98744E-05 9.98744E-05 9.98744E-05 9.98744E-05 9.98744E-05 9.98744E-05 9.98744E-05
9.98921E-05 0.921471 9.98921E-05 9.98921E-05 0.0211378 9.98921E-05 9.98921E-05 9.98921E-05 9.98921E-05 9.98921E-05 9.98921E-05 0.0275046 9.98921E-05 0.00541627 0.0232711 9.98921E-05 9.98921E-05
9.98921E-05 0.841723 0.0128067 0.0470069 0.0150761 9.98921E-05 9.98921E-05 9.98921E-05 9.98921E-05 9.98921E-05 9.98921E-05 9.98921E-05 9.98921E-05 9.98921E-05 0.0821886 9.98921E-05 9.98921E-05
9.99012E-05 0.907356 9.99012E-05 0.0387951 0.00485881 0.0064236 9.99012E-05 9.99012E-05 9.99012E-05 9.99012E-05 9.99012E-05 9.99012E-05 0.00613339 9.99012E-05 0.0353338 9.99012E-05 9.99012E-05
0.00342103 0.861744 0.0458372 9.98923E-05 9.98923E-05 9.98923E-05 9.98923E-05 9.98923E-05 9.98923E-05 9.98923E-05 9.98923E-05 0.0503845 9.98923E-05 9.98923E-05 9.98923E-05 9.98923E-05 0.0374149
9.98651E-05 0.972378 9.98651E-05 9.98651E-05 9.98651E-05 9.98651E-05 9.98651E-05 9.98651E-05 9.98651E-05 9.98651E-05 9.98651E-05 9.98651E-05 9.98651E-05 9.98651E-05 9.98651E-05 0.0261243 9.98651E-05
9.98559E-05 9.98559E-05 0.998402 9.98559E-05 9.98559E-05 9.98559E-05 9.98559E-05 9.98559E-05 9.98559E-05 9.98559E-05 9.98559E-05 9.98559E-05 9.98559E-05 9.98559E-05 9.98559E-05 9.98559E-05 9.98559E-05
9.9865E-05 9.9865E-05 0.954882 9.9865E-05 9.9865E-05 9.9865E-05 9.9865E-05 9.9865E-05 9.9865E-05 0.0436196 9.9865E-05 9.9865E-05 9.9865E-05 9.9865E-05 9.9865E-05 9.9865E-05 9.9865E-05
9.98921E-05 0.864106 9.98921E-05 0.0359663 9.98921E-05 9.98921E-05 9.98921E-05 9.98921E-05 0.0544366 9.98921E-05 0.0144104 9.98921E-05 9.98921E-05 9.98921E-05 0.0298815 9.98921E-05 9.98921E-05
9.9892E-05 9.9892E-05 0.0139075 0.940955 9.9892E-05 9.9892E-05 9.9892E-05 9.9892E-05 9.9892E-05 9.9892E-05 0.0204407 0.0138615 9.9892E-05 9.9892E-05 0.00963636 9.9892E-05 9.9892E-05
9.9865E-05 9.9865E-05 9.9865E-05 0.984082 9.9865E-05 9.9865E-05 9.9865E-05 9.9865E-05 9.9865E-05 9.9865E-05 9.9865E-05 9.9865E-05 9.9865E-05 9.9865E-05 0.0144202 9.9865E-05 9.9865E-05
0.998402 9.98563E-05 9.98563E-05 9.98563E-05 9.98563E-05 9.98563E-05 9.98563E-05 9.98563E-05 9.98563E-05 9.98563E-05 9.98563E-05 9.98563E-05 9.98563E-05 9.98563E-05 9.98563E-05 9.98563E-05 9.98563E-05
0.989417 9.98653E-05 9.98653E-05 9.98653E-05 9.98653E-05 9.98653E-05 9.98653E-05 9.98653E-05 0.00908538 9.98653E-05 9.98653E-05 9.98653E-05 9.98653E-05 9.98653E-05 9.98653E-05 9.98653E-05 9.98653E-05
9.9883E-05 9.9883E-05 9.9883E-05 0.00450347 9.9883E-05 0.0833625 9.9883E-05 9.9883E-05 9.9883E-05 0.0135817 9.9883E-05 9.9883E-05 9.9883E-05 9.9883E-05 9.9883E-05 9.9883E-05 0.897254
9.9883E-05 9.9883E-05 9.9883E-05 0.0819022 9.9883E-05 0.028459 9.9883E-05 9.9883E-05 9.9883E-05 0.0340017 9.9883E-05 9.9883E-05 9.9883E-05 9.9883E-05 9.9883E-05 9.9883E-05 0.854339
0.954568 9.98923E-05 0.00553682 9.98923E-05 9.98923E-05 9.98923E-05 9.98923E-05 9.98923E-05 9.98923E-05 9.98923E-05 0.00796398 0.0163293 9.98923E-05 9.98923E-05 9.98923E-05 9.98923E-05 0.0144035
0.998402 9.98563E-05 9.98563E-05 9.98563E-05 9.98563E-05 9.98563E-05 9.98563E-05 9.98563E-05 9.98563E-05 9.98563E-05 9.98563E-05 9.98563E-05 9.98563E-05 9.98563E-05 9.98563E-05 9.98563E-05 9.98563E-05
9.9874E-05 9.9874E-05 9.9874E-05 9.9874E-05 0.0198141 9.9874E-05 9.9874E-05 9.9874E-05 9.9874E-05 9.9874E-05 9.9874E-05 9.9874E-05 9.9874E-05 0.961781 0.0170067 9.9874E-05 9.9874E-05
9.9919E-05 9.9919E-05 9.9919E-05 0.35802 0.120121 0.0264344 0.0713956 0.0256128 9.9919E-05 0.157088 9.9919E-05 9.9919E-05 9.9919E-05 9.9919E-05 9.9919E-05 0.0148209 0.225607
9.9874E-05 9.9874E-05 9.9874E-05 9.9874E-05 0.0615205 0.868848 9.9874E-05 9.9874E-05 9.9874E-05 9.9874E-05 9.9874E-05 9.9874E-05 9.9874E-05 9.9874E-05 0.0682329 9.9874E-05 9.9874E-05
9.9865E-05 9.9865E-05 9.9865E-05 9.9865E-05 9.9865E-05 9.9865E-05 9.9865E-05 9.9865E-05 9.9865E-05 9.9865E-05 0.0588771 9.9865E-05 9.9865E-05 9.9865E-05 9.9865E-05 0.939625 9.9865E-05
9.98741E-05 9.98741E-05 9.98741E-05 0.0200687 9.98741E-05 9.98741E-05 9.98741E-05 9.98741E-05 9.98741E-05 9.98741E-05 9.98741E-05 0.0169734 9.98741E-05 9.98741E-05 9.98741E-05 0.96156 9.98741E-05
0.00564944 0.363537 0.496145 9.99102E-05 9.99102E-05 0.00673355 9.99102E-05 9.99102E-05 9.99102E-05 9.99102E-05 0.0175509 9.99102E-05 0.0308743 9.99102E-05 0.078511 9.99102E-05 9.99102E-05
