9.999E-05 0.9998 9.999E-05
9.999E-05 0.451777 0.548123
0.0496332 0.020976 0.929391
9.999E-05 9.999E-05 0.9998
9.9991E-05 0.311489 0.688411
9.999E-05 9.999E-05 0.9998
9.999E-05 0.671901 0.327999
9.999E-05 0.165365 0.834535
9.9991E-05 0.677932 0.321968
9.9991E-05 0.950726 0.0491741
9.9991E-05 0.991556 0.00834438
9.9991E-05 0.963677 0.0362227
0.000295159 0.962305 0.0373997
0.0130987 9.9991E-05 0.986801
0.00567128 9.9991E-05 0.994229
9.9991E-05 0.97017 0.0297298
0.158944 0.81713 0.0239255
0.72366 0.222753 0.0535868
0.9998 9.999E-05 9.999E-05
9.999E-05 0.9998 9.999E-05
0.9998 9.999E-05 9.999E-05
9.999E-05 0.9998 9.999E-05
0.522783 0.396314 0.0809034
0.993206 0.00669418 9.9991E-05
9.999E-05 9.999E-05 0.9998
9.999E-05 9.999E-05 0.9998
9.999E-05 0.9998 9.999E-05
9.999E-05 9.999E-05 0.9998
9.999E-05 9.999E-05 0.9998
0.044639 9.9991E-05 0.955261
0.0287531 9.9991E-05 0.971147
9.99911E-05 0.414969 0.584931
9.999E-05 9.999E-05 0.9998
9.9991E-05 0.177953 0.821947
9.9991E-05 0.933397 0.066503
9.999E-05 9.999E-05 0.9998
9.9991E-05 0.926471 0.0734288
0.00991675 0.809503 0.180581
0.168441 0.643814 0.187745
9.9991E-05 0.894466 0.105434
9.9991E-05 0.923159 0.0767411
0.0154812 0.984419 9.9991E-05
9.9991E-05 0.971468 0.0284318
0.00884759 0.979218 0.0119344
0.157674 0.842226 9.9991E-05
0.0604969 0.827014 0.112489
0.00338025 0.839508 0.157112
0.00335822 0.996542 9.99911E-05
0.0213773 0.147467 0.831156
0.0364625 0.134894 0.828643
0.0128502 0.185554 0.801596
0.0191099 0.138558 0.842333
9.9991E-05 0.124414 0.875486
0.0451708 0.209497 0.745332
9.9991E-05 0.20755 0.79235
9.999E-05 0.9998 9.999E-05
9.9991E-05 0.454547 0.545353
9.999E-05 9.999E-05 0.9998
9.999E-05 0.9998 9.999E-05
9.9991E-05 0.940818 0.0590821
9.999E-05 0.9998 9.999E-05
9.999E-05 0.9998 9.999E-05
0.0184441 0.981456 9.9991E-05
0.921009 0.0788915 9.9991E-05
9.999E-05 9.999E-05 0.9998
0.0546126 0.611056 0.334332
9.999E-05 9.999E-05 0.9998
9.999E-05 9.999E-05 0.9998
9.999E-05 9.999E-05 0.9998
9.999E-05 9.999E-05 0.9998
9.9991E-05 0.0538938 0.946006
9.999E-05 9.999E-05 0.9998
9.99911E-05 0.0459964 0.953904
0.0123117 0.111759 0.87593
9.999E-05 9.999E-05 0.9998
9.9991E-05 0.858715 0.141185
9.9991E-05 0.850349 0.149551
0.256385 0.616818 0.126797
0.255468 0.631071 0.113462
9.9991E-05 0.953094 0.0468057
9.9991E-05 0.976112 0.0237883
0.246041 0.639923 0.114036
0.265357 0.601362 0.133281
9.999E-05 0.9998 9.999E-05
0.0149461 0.964434 0.02062
9.9991E-05 0.43671 0.56319
0.220354 0.69968 0.0799658
0.187149 0.812751 9.9991E-05
0.0658782 0.0105611 0.923561
