9.997E-05 9.997E-05 9.997E-05 0.9996 9.997E-05
9.9973E-05 9.9973E-05 0.507816 0.491884 9.9973E-05
0.101991 0.0179619 0.817652 9.99911E-05 0.0622946
9.9973E-05 9.9973E-05 0.961837 9.9973E-05 0.0378631
9.99731E-05 9.99731E-05 0.647643 0.352057 9.99731E-05
9.9973E-05 9.9973E-05 0.974446 9.9973E-05 0.0252544
0.62175 9.99821E-05 0.292103 0.0859467 9.99821E-05
9.9982E-05 9.9982E-05 0.793849 0.200618 0.00533337
0.46601 9.99821E-05 0.328692 0.205098 9.99821E-05
9.99731E-05 9.99731E-05 9.99731E-05 0.932089 0.0676112
0.0247344 9.99821E-05 9.99821E-05 0.879753 0.0953126
0.259331 9.9991E-05 0.0223728 0.587707 0.130489
0.9996 9.997E-05 9.997E-05 9.997E-05 9.997E-05
9.9982E-05 0.00212489 0.963602 9.9982E-05 0.0340729
9.9982E-05 9.9982E-05 0.969833 0.00147556 0.0284913
0.363198 9.9991E-05 0.0320798 0.589838 0.0147848
0.218617 0.0884546 9.9991E-05 0.326855 0.365973
9.9982E-05 0.757489 0.0174005 0.224911 9.9982E-05
9.9973E-05 0.898064 9.9973E-05 9.9973E-05 0.101636
0.0380227 9.9982E-05 9.9982E-05 0.856593 0.105185
9.997E-05 0.9996 9.997E-05 9.997E-05 9.997E-05
0.080528 9.9982E-05 9.9982E-05 0.915478 0.00379399
9.999E-05 0.428204 0.0415516 0.139081 0.391063
9.9973E-05 0.880238 9.9973E-05 9.9973E-05 0.119462
9.997E-05 9.997E-05 0.9996 9.997E-05 9.997E-05
9.997E-05 9.997E-05 0.9996 9.997E-05 9.997E-05
0.789588 9.99819E-05 9.99819E-05 0.131316 0.0788955
9.997E-05 9.997E-05 0.9996 9.997E-05 9.997E-05
0.0106671 9.9973E-05 0.989033 9.9973E-05 9.9973E-05
0.032566 0.0467246 0.887016 0.0145542 0.0191392
9.9982E-05 0.0246107 0.92617 9.9982E-05 0.0490193
9.99732E-05 9.99732E-05 0.510763 0.488937 9.99732E-05
9.9973E-05 9.9973E-05 0.992426 9.9973E-05 0.00727379
9.99731E-05 9.99731E-05 0.765617 0.234083 9.99731E-05
0.553332 9.9991E-05 0.0391574 0.165242 0.242169
0.0412633 9.99729E-05 0.958437 9.99729E-05 9.99729E-05
9.99732E-05 9.99732E-05 0.0184702 0.98123 9.99732E-05
9.9982E-05 0.0125595 0.124654 0.862586 9.9982E-05
0.179914 0.0337769 0.11082 0.240596 0.434894
9.9982E-05 9.9982E-05 0.0718414 0.88999 0.0379683
9.9982E-05 9.9982E-05 0.0380612 0.91035 0.0513885
9.9982E-05 0.030751 9.9982E-05 0.901039 0.0680104
0.3395 9.9982E-05 0.00370974 0.65659 9.9982E-05
0.0407685 0.00753422 9.9991E-05 0.83902 0.112577
0.201946 0.115821 9.9991E-05 0.487508 0.194625
0.077526 0.0424728 0.0739913 0.743606 0.0624036
0.294203 9.9991E-05 0.138137 0.474717 0.0928426
9.99733E-05 0.0151678 9.99733E-05 0.984532 9.99733E-05
9.9982E-05 0.011531 0.782526 0.205743 9.9982E-05
9.9982E-05 0.0232512 0.720271 0.256278 9.9982E-05
9.9982E-05 0.01637 0.717952 0.265478 9.9982E-05
9.9982E-05 0.0301626 0.761587 0.20805 9.9982E-05
9.9982E-05 0.0144582 0.781771 0.203571 9.9982E-05
0.0185202 0.0667497 0.675462 0.239168 9.9991E-05
9.9973E-05 9.9973E-05 0.71959 0.28011 9.9973E-05
0.114742 9.9973E-05 9.9973E-05 0.884958 9.9973E-05
9.9973E-05 9.9973E-05 0.525456 0.474244 9.9973E-05
9.997E-05 9.997E-05 0.9996 9.997E-05 9.997E-05
0.904407 9.9982E-05 9.9982E-05 0.0292589 0.0661343
0.396548 9.9982E-05 0.0527571 0.550495 9.9982E-05
0.9996 9.997E-05 9.997E-05 9.997E-05 9.997E-05
0.896919 9.9982E-05 9.9982E-05 0.098848 0.00403347
0.836484 0.0137138 9.99819E-05 9.99819E-05 0.149603
9.99731E-05 0.919474 9.99731E-05 0.0802256 9.99731E-05
9.997E-05 9.997E-05 0.9996 9.997E-05 9.997E-05
0.0560731 0.0747109 0.3533 0.424769 0.0911472
9.997E-05 9.997E-05 0.9996 9.997E-05 9.997E-05
9.997E-05 9.997E-05 0.9996 9.997E-05 9.997E-05
0.0255815 9.9973E-05 0.974119 9.9973E-05 9.9973E-05
0.00983028 9.9973E-05 0.98987 9.9973E-05 9.9973E-05
9.9982E-05 9.9982E-05 0.942673 0.0398098 0.0173177
9.997E-05 9.997E-05 0.9996 9.997E-05 9.997E-05
0.00381157 9.99821E-05 0.908575 0.0874133 9.99821E-05
0.249804 9.99732E-05 0.749896 9.99732E-05 9.99732E-05
0.0049794 0.000302605 0.989891 9.9991E-05 0.00472663
0.174067 9.9991E-05 0.125975 0.676915 0.0229427
0.167458 9.9991E-05 0.111798 0.685322 0.035323
9.997E-05 9.997E-05 9.997E-05 9.997E-05 0.9996
9.997E-05 9.997E-05 9.997E-05 9.997E-05 0.9996
0.0107844 9.9991E-05 0.0229185 0.919927 0.0462703
0.0738608 0.00109776 9.9991E-05 0.908404 0.0165373
9.997E-05 9.997E-05 9.997E-05 9.997E-05 0.9996
9.997E-05 9.997E-05 9.997E-05 9.997E-05 0.9996
0.133202 9.9973E-05 9.9973E-05 0.866498 9.9973E-05
0.307421 0.0571797 0.0343627 0.600936 9.9991E-05
9.9973E-05 9.9973E-05 0.532773 0.466927 9.9973E-05
0.392609 0.101728 0.0388552 0.133114 0.333693
0.416715 0.064927 9.9991E-05 0.175138 0.34312
0.032539 0.069345 0.887541 9.9991E-05 0.0104745
