0.930416 0.00701931 0.0625645
0.365243 0.249769 0.384988
0.141005 0.837041 0.0219549
0.0146364 0.985264 9.9991E-05
0.20161 0.471953 0.326437
9.999E-05 0.9998 9.999E-05
0.455308 9.99911E-05 0.544592
0.0856658 0.408798 0.505536
0.43067 9.9991E-05 0.56923
0.787111 9.9991E-05 0.212789
0.815658 9.9991E-05 0.184242
0.898251 0.101649 9.9991E-05
0.874707 0.125193 9.9991E-05
0.00419688 0.995703 9.9991E-05
0.0255809 0.974319 9.9991E-05
0.883767 0.0175203 0.0987125
0.940576 0.0593241 9.9991E-05
0.906249 9.99911E-05 0.093651
0.9998 9.999E-05 9.999E-05
0.943818 9.9991E-05 0.0560817
0.9998 9.999E-05 9.999E-05
0.921221 0.0162795 0.0624993
0.941798 0.0236627 0.0345388
0.9998 9.999E-05 9.999E-05
9.999E-05 0.9998 9.999E-05
9.999E-05 0.9998 9.999E-05
0.988615 9.9991E-05 0.0112855
9.9991E-05 0.957847 0.0420528
9.9991E-05 0.906212 0.0936879
0.015622 0.723313 0.261065
9.9991E-05 0.711679 0.288221
0.224228 0.0788691 0.696903
9.999E-05 0.9998 9.999E-05
9.9991E-05 0.0973105 0.90259
0.86532 0.13458 9.9991E-05
9.999E-05 0.9998 9.999E-05
0.865397 0.134503 9.9991E-05
0.716589 9.9991E-05 0.283311
0.79725 0.20265 9.9991E-05
0.820885 0.179015 9.9991E-05
0.854319 0.10117 0.044512
0.928648 9.99909E-05 0.0712522
0.860523 9.9991E-05 0.139377
0.879734 9.9991E-05 0.120166
0.919672 9.9991E-05 0.0802284
0.833208 0.0458419 0.12095
0.813708 0.146547 0.0397453
0.962866 9.99911E-05 0.0370342
9.999E-05 9.999E-05 0.9998
9.999E-05 9.999E-05 0.9998
9.999E-05 9.999E-05 0.9998
9.999E-05 9.999E-05 0.9998
9.999E-05 9.999E-05 0.9998
0.14428 0.228271 0.627449
9.999E-05 9.999E-05 0.9998
0.954604 9.9991E-05 0.0452958
0.269786 0.0784914 0.651723
9.999E-05 0.9998 9.999E-05
0.92428 9.9991E-05 0.0756198
0.856087 0.0918759 0.0520373
0.882251 0.0468322 0.0709169
0.970693 0.0292072 9.9991E-05
0.9998 9.999E-05 9.999E-05
0.9998 9.999E-05 9.999E-05
9.999E-05 0.9998 9.999E-05
0.448213 0.393522 0.158264
9.9991E-05 0.984632 0.015268
0.0195285 0.967911 0.0125609
9.9991E-05 0.918419 0.0814807
9.9991E-05 0.92792 0.07198
0.0691935 0.899195 0.0316118
9.999E-05 0.9998 9.999E-05
9.99911E-05 0.495957 0.503943
0.0197793 0.524214 0.456007
0.0027012 0.995465 0.00183387
0.734832 0.0672471 0.197921
0.741292 0.0420266 0.216681
0.882274 0.117626 9.9991E-05
0.883219 0.116681 9.9991E-05
0.826491 9.99909E-05 0.173409
0.825924 9.99909E-05 0.173976
0.863154 0.123639 0.0132074
0.879505 0.120395 9.9991E-05
0.926756 9.9991E-05 0.0731438
0.868639 0.000555755 0.130805
0.212508 0.0642096 0.723282
0.884595 0.115305 9.9991E-05
0.967802 0.0320984 9.9991E-05
0.00605595 0.651484 0.34246
