9.98649E-05 9.98649E-05 9.98649E-05 0.928109 9.98649E-05 0.0560712 9.98649E-05 9.98649E-05 9.98649E-05 9.98649E-05 9.98649E-05 9.98649E-05 9.98649E-05 9.98649E-05 0.0108268 9.98649E-05 0.00349541 9.98649E-05 9.98649E-05
0.134501 0.0252971 0.147613 9.9865E-05 9.9865E-05 9.9865E-05 9.9865E-05 0.691091 9.9865E-05 9.9865E-05 9.9865E-05 9.9865E-05 9.9865E-05 9.9865E-05 9.9865E-05 9.9865E-05 9.9865E-05 9.9865E-05 9.9865E-05
9.98383E-05 9.98383E-05 9.98383E-05 9.98383E-05 9.98383E-05 9.98383E-05 9.98383E-05 9.98383E-05 9.98383E-05 9.98383E-05 9.98383E-05 9.98383E-05 9.98383E-05 9.98383E-05 9.98383E-05 9.98383E-05 9.98383E-05 9.98383E-05 0.998203
0.899343 9.98741E-05 9.98741E-05 9.98741E-05 0.0092332 9.98741E-05 9.98741E-05 9.98741E-05 9.98741E-05 9.98741E-05 0.0553428 9.98741E-05 9.98741E-05 0.0129972 9.98741E-05 0.0216856 9.98741E-05 9.98741E-05 9.98741E-05
0.353928 0.0156292 0.0136801 9.99371E-05 9.99371E-05 0.0710657 9.99371E-05 0.13402 0.0218902 0.190903 9.99371E-05 0.0142843 9.99371E-05 0.0616144 9.99371E-05 0.085602 0.00440294 9.99371E-05 0.0322815
0.958281 9.98742E-05 0.010075 0.00521574 9.98742E-05 9.98742E-05 0.00295928 9.98742E-05 9.98742E-05 9.98742E-05 9.98742E-05 9.98742E-05 9.98742E-05 9.98742E-05 9.98742E-05 0.0220712 9.98742E-05 9.98742E-05 9.98742E-05
9.98382E-05 9.98382E-05 9.98382E-05 9.98382E-05 9.98382E-05 9.98382E-05 9.98382E-05 9.98382E-05 9.98382E-05 0.998203 9.98382E-05 9.98382E-05 9.98382E-05 9.98382E-05 9.98382E-05 9.98382E-05 9.98382E-05 9.98382E-05 9.98382E-05
0.00322743 9.99009E-05 0.00334207 9.99009E-05 0.0323436 0.0502885 9.99009E-05 0.133668 9.99009E-05 9.99009E-05 9.99009E-05 0.452997 9.99009E-05 0.0547693 9.99009E-05 0.268265 9.99009E-05 9.99009E-05 9.99009E-05
9.9865E-05 0.00769388 9.9865E-05 9.9865E-05 9.9865E-05 9.9865E-05 9.9865E-05 0.0404544 9.9865E-05 0.943848 9.9865E-05 9.9865E-05 9.9865E-05 0.00650624 9.9865E-05 9.9865E-05 9.9865E-05 9.9865E-05 9.9865E-05
9.98472E-05 9.98472E-05 9.98472E-05 9.98472E-05 9.98472E-05 0.854812 9.98472E-05 9.98472E-05 9.98472E-05 0.143491 9.98472E-05 9.98472E-05 9.98472E-05 9.98472E-05 9.98472E-05 9.98472E-05 9.98472E-05 9.98472E-05 9.98472E-05
9.98471E-05 9.98471E-05 9.98471E-05 9.98471E-05 9.98471E-05 0.856246 9.98471E-05 9.98471E-05 9.98471E-05 0.142056 9.98471E-05 9.98471E-05 9.98471E-05 9.98471E-05 9.98471E-05 9.98471E-05 9.98471E-05 9.98471E-05 9.98471E-05
9.9892E-05 9.9892E-05 9.9892E-05 0.666728 0.126094 9.9892E-05 9.9892E-05 9.9892E-05 0.00545376 9.9892E-05 9.9892E-05 0.0256225 0.141447 9.9892E-05 0.00892607 9.9892E-05 9.9892E-05 9.9892E-05 0.0245301
9.98565E-05 9.98565E-05 9.98565E-05 9.98565E-05 9.98565E-05 9.98565E-05 9.98565E-05 9.98565E-05 9.98565E-05 9.98565E-05 0.0129929 9.98565E-05 0.967742 9.98565E-05 9.98565E-05 0.0176678 9.98565E-05 9.98565E-05 9.98565E-05
0.944528 0.00536301 9.9874E-05 9.9874E-05 9.9874E-05 9.9874E-05 9.9874E-05 0.0151894 0.00442425 9.9874E-05 9.9874E-05 9.9874E-05 9.9874E-05 9.9874E-05 0.0290974 9.9874E-05 9.9874E-05 9.9874E-05 9.9874E-05
0.96785 9.98651E-05 9.98651E-05 0.00332136 9.98651E-05 9.98651E-05 9.98651E-05 9.98651E-05 9.98651E-05 9.98651E-05 9.98651E-05 9.98651E-05 9.98651E-05 9.98651E-05 0.0114329 9.98651E-05 0.0158977 9.98651E-05 9.98651E-05
9.9865E-05 9.9865E-05 0.0142449 9.9865E-05 9.9865E-05 9.9865E-05 9.9865E-05 9.9865E-05 0.180038 9.9865E-05 9.9865E-05 9.9865E-05 0.0891565 9.9865E-05 9.9865E-05 9.9865E-05 9.9865E-05 0.715063 9.9865E-05
9.98471E-05 0.90621 9.98471E-05 9.98471E-05 9.98471E-05 0.0920924 9.98471E-05 9.98471E-05 9.98471E-05 9.98471E-05 9.98471E-05 9.98471E-05 9.98471E-05 9.98471E-05 9.98471E-05 9.98471E-05 9.98471E-05 9.98471E-05 9.98471E-05
9.98738E-05 9.98738E-05 0.0604831 9.98738E-05 9.98738E-05 0.0448112 9.98738E-05 0.0313246 9.98738E-05 9.98738E-05 9.98738E-05 9.98738E-05 9.98738E-05 9.98738E-05 0.855446 9.98738E-05 9.98738E-05 0.00653722 9.98738E-05
9.98303E-05 9.98303E-05 9.98303E-05 9.98303E-05 0.0520442 9.98303E-05 0.946259 9.98303E-05 9.98303E-05 9.98303E-05 9.98303E-05 9.98303E-05 9.98303E-05 9.98303E-05 9.98303E-05 9.98303E-05 9.98303E-05 9.98303E-05 9.98303E-05
9.98738E-05 9.98738E-05 9.98738E-05 0.0597579 0.0298252 0.442499 9.98738E-05 9.98738E-05 0.189149 9.98738E-05 9.98738E-05 9.98738E-05 9.98738E-05 9.98738E-05 9.98738E-05 9.98738E-05 9.98738E-05 0.27737 9.98738E-05
9.98471E-05 9.98471E-05 9.98471E-05 9.98471E-05 9.98471E-05 9.98471E-05 0.0715728 9.98471E-05 9.98471E-05 9.98471E-05 9.98471E-05 9.98471E-05 9.98471E-05 9.98471E-05 0.92673 9.98471E-05 9.98471E-05 9.98471E-05 9.98471E-05
9.98919E-05 0.0370484 0.270061 0.435144 9.98919E-05 0.0137912 9.98919E-05 9.98919E-05 0.0226952 9.98919E-05 9.98919E-05 9.98919E-05 0.0315897 9.98919E-05 9.98919E-05 9.98919E-05 9.98919E-05 0.188472 9.98919E-05
9.98378E-05 9.98378E-05 9.98378E-05 9.98378E-05 9.98378E-05 9.98378E-05 9.98378E-05 9.98378E-05 9.98378E-05 9.98378E-05 9.98378E-05 9.98378E-05 9.98378E-05 9.98378E-05 9.98378E-05 9.98378E-05 0.998203 9.98378E-05 9.98378E-05
9.98559E-05 9.98559E-05 9.98559E-05 9.98559E-05 9.98559E-05 9.98559E-05 0.61218 9.98559E-05 9.98559E-05 9.98559E-05 9.98559E-05 9.98559E-05 9.98559E-05 9.98559E-05 0.0737516 9.98559E-05 0.312471 9.98559E-05 9.98559E-05
0.414095 9.98564E-05 9.98564E-05 9.98564E-05 9.98564E-05 9.98564E-05 9.98564E-05 9.98564E-05 9.98564E-05 9.98564E-05 0.57221 0.012098 9.98564E-05 9.98564E-05 9.98564E-05 9.98564E-05 9.98564E-05 9.98564E-05 9.98564E-05
0.867907 9.98474E-05 9.98474E-05 9.98474E-05 9.98474E-05 9.98474E-05 9.98474E-05 9.98474E-05 9.98474E-05 9.98474E-05 0.130396 9.98474E-05 9.98474E-05 9.98474E-05 9.98474E-05 9.98474E-05 9.98474E-05 9.98474E-05 9.98474E-05
9.98828E-05 0.0376803 9.98828E-05 0.0620369 0.0344229 0.0957956 9.98828E-05 9.98828E-05 9.98828E-05 9.98828E-05 9.98828E-05 9.98828E-05 0.762965 9.98828E-05 9.98828E-05 9.98828E-05 0.00580104 9.98828E-05 9.98828E-05
9.98383E-05 9.98383E-05 9.98383E-05 9.98383E-05 9.98383E-05 9.98383E-05 9.98383E-05 9.98383E-05 9.98383E-05 9.98383E-05 0.998203 9.98383E-05 9.98383E-05 9.98383E-05 9.98383E-05 9.98383E-05 9.98383E-05 9.98383E-05 9.98383E-05
9.98382E-05 9.98382E-05 9.98382E-05 9.98382E-05 9.98382E-05 9.98382E-05 9.98382E-05 9.98382E-05 9.98382E-05 9.98382E-05 0.998203 9.98382E-05 9.98382E-05 9.98382E-05 9.98382E-05 9.98382E-05 9.98382E-05 9.98382E-05 9.98382E-05
0.245315 9.98921E-05 0.0014456 9.98921E-05 9.98921E-05 9.98921E-05 0.0264483 9.98921E-05 9.98921E-05 9.98921E-05 0.0898774 9.98921E-05 9.98921E-05 0.0755539 9.98921E-05 0.517578 9.98921E-05 9.98921E-05 0.0425833
0.0299727 9.98403E-05 9.98403E-05 9.98403E-05 9.98403E-05 9.98403E-05 9.98403E-05 9.98403E-05 0.00525315 9.98403E-05 9.98403E-05 9.98403E-05 9.98403E-05 9.98403E-05 9.98403E-05 0.963177 9.98403E-05 9.98403E-05 9.98403E-05
9.98386E-05 9.98386E-05 9.98386E-05 9.98386E-05 9.98386E-05 9.98386E-05 9.98386E-05 0.998203 9.98386E-05 9.98386E-05 9.98386E-05 9.98386E-05 9.98386E-05 9.98386E-05 9.98386E-05 9.98386E-05 9.98386E-05 9.98386E-05 9.98386E-05
0.566317 9.98563E-05 9.98563E-05 9.98563E-05 9.98563E-05 9.98563E-05 9.98563E-05 9.98563E-05 9.98563E-05 9.98563E-05 0.245506 0.186579 9.98563E-05 9.98563E-05 9.98563E-05 9.98563E-05 9.98563E-05 9.98563E-05 9.98563E-05
9.98653E-05 9.98653E-05 9.98653E-05 9.98653E-05 9.98653E-05 9.98653E-05 9.98653E-05 9.98653E-05 9.98653E-05 9.98653E-05 0.0407726 0.240487 9.98653E-05 0.69561 9.98653E-05 0.021633 9.98653E-05 9.98653E-05 9.98653E-05
9.99007E-05 0.237974 0.124471 9.99007E-05 0.110218 9.99007E-05 9.99007E-05 9.99007E-05 0.0281719 9.99007E-05 0.00272798 0.00258936 0.433629 9.99007E-05 9.99007E-05 0.0591203 9.99007E-05 9.99007E-05 9.99007E-05
0.329386 9.98649E-05 9.98649E-05 9.98649E-05 9.98649E-05 9.98649E-05 9.98649E-05 9.98649E-05 0.0385334 9.98649E-05 0.575386 0.0551963 9.98649E-05 9.98649E-05 9.98649E-05 9.98649E-05 9.98649E-05 9.98649E-05 9.98649E-05
0.000893275 9.98562E-05 9.98562E-05 0.943504 9.98562E-05 9.98562E-05 9.98562E-05 9.98562E-05 9.98562E-05 9.98562E-05 9.98562E-05 0.0540055 9.98562E-05 9.98562E-05 9.98562E-05 9.98562E-05 9.98562E-05 9.98562E-05 9.98562E-05
9.99008E-05 0.0378001 0.0299513 0.089237 9.99008E-05 0.568518 9.99008E-05 0.171772 9.99008E-05 9.99008E-05 9.99008E-05 0.0589 0.00361608 9.99008E-05 9.99008E-05 9.99008E-05 0.0391062 9.99008E-05 9.99008E-05
9.98472E-05 0.99599 9.98472E-05 9.98472E-05 9.98472E-05 9.98472E-05 9.98472E-05 9.98472E-05 9.98472E-05 9.98472E-05 9.98472E-05 0.00231242 9.98472E-05 9.98472E-05 9.98472E-05 9.98472E-05 9.98472E-05 9.98472E-05 9.98472E-05
0.0128985 9.9847E-05 0.985404 9.9847E-05 9.9847E-05 9.9847E-05 9.9847E-05 9.9847E-05 9.9847E-05 9.9847E-05 9.9847E-05 9.9847E-05 9.9847E-05 9.9847E-05 9.9847E-05 9.9847E-05 9.9847E-05 9.9847E-05 9.9847E-05
9.98381E-05 9.98381E-05 0.998203 9.98381E-05 9.98381E-05 9.98381E-05 9.98381E-05 9.98381E-05 9.98381E-05 9.98381E-05 9.98381E-05 9.98381E-05 9.98381E-05 9.98381E-05 9.98381E-05 9.98381E-05 9.98381E-05 9.98381E-05 9.98381E-05
9.98829E-05 0.0209796 0.0637325 0.0113294 9.98829E-05 0.865436 0.0204895 9.98829E-05 9.98829E-05 9.98829E-05 9.98829E-05 9.98829E-05 9.98829E-05 9.98829E-05 9.98829E-05 9.98829E-05 9.98829E-05 0.0167346 9.98829E-05
9.9883E-05 9.9883E-05 9.9883E-05 9.9883E-05 9.9883E-05 0.0619399 0.00665364 9.9883E-05 9.9883E-05 0.0671262 9.9883E-05 9.9883E-05 0.0472184 9.9883E-05 0.00354164 9.9883E-05 9.9883E-05 0.812222 9.9883E-05
9.98649E-05 0.0292781 9.98649E-05 0.000105686 9.98649E-05 0.895696 9.98649E-05 9.98649E-05 0.0734225 9.98649E-05 9.98649E-05 9.98649E-05 9.98649E-05 9.98649E-05 9.98649E-05 9.98649E-05 9.98649E-05 9.98649E-05 9.98649E-05
9.99099E-05 9.99099E-05 0.179699 0.0244298 9.99099E-05 0.231925 9.99099E-05 0.0398583 0.152917 0.00910278 9.99099E-05 9.99099E-05 0.130973 9.99099E-05 9.99099E-05 9.99099E-05 0.229167 0.000928115 9.99099E-05
0.0467167 9.9928E-05 0.164746 0.0954354 9.9928E-05 0.415731 0.026319 0.0354778 0.0649988 9.9928E-05 9.9928E-05 9.9928E-05 0.0573153 9.9928E-05 9.9928E-05 0.00394237 0.0277118 0.060806 9.9928E-05
9.99189E-05 0.168298 0.0306374 0.218522 9.99189E-05 0.150778 9.99189E-05 9.99189E-05 0.23861 0.0382913 0.0213413 9.99189E-05 0.0249215 0.0139904 9.99189E-05 0.0937111 9.99189E-05 9.99189E-05 9.99189E-05
9.98481E-05 9.98481E-05 9.98481E-05 0.97198 9.98481E-05 9.98481E-05 9.98481E-05 9.98481E-05 9.98481E-05 9.98481E-05 9.98481E-05 9.98481E-05 9.98481E-05 9.98481E-05 9.98481E-05 9.98481E-05 0.0263221 9.98481E-05 9.98481E-05
9.98382E-05 9.98382E-05 9.98382E-05 9.98382E-05 9.98382E-05 9.98382E-05 9.98382E-05 9.98382E-05 9.98382E-05 9.98382E-05 9.98382E-05 9.98382E-05 9.98382E-05 0.998203 9.98382E-05 9.98382E-05 9.98382E-05 9.98382E-05 9.98382E-05
9.98742E-05 0.00422651 9.98742E-05 9.98742E-05 9.98742E-05 0.00119488 9.98742E-05 9.98742E-05 0.00715991 9.98742E-05 9.98742E-05 9.98742E-05 9.98742E-05 0.967083 0.0189374 9.98742E-05 9.98742E-05 9.98742E-05 9.98742E-05
9.98473E-05 9.98473E-05 9.98473E-05 9.98473E-05 9.98473E-05 9.98473E-05 9.98473E-05 9.98473E-05 9.98473E-05 0.000410496 9.98473E-05 9.98473E-05 9.98473E-05 0.997892 9.98473E-05 9.98473E-05 9.98473E-05 9.98473E-05 9.98473E-05
9.98473E-05 9.98473E-05 9.98473E-05 9.98473E-05 9.98473E-05 9.98473E-05 9.98473E-05 9.98473E-05 9.98473E-05 9.98473E-05 9.98473E-05 9.98473E-05 9.98473E-05 0.998029 0.000273194 9.98473E-05 9.98473E-05 9.98473E-05 9.98473E-05
9.98383E-05 9.98383E-05 9.98383E-05 9.98383E-05 9.98383E-05 9.98383E-05 9.98383E-05 9.98383E-05 9.98383E-05 9.98383E-05 9.98383E-05 9.98383E-05 9.98383E-05 0.998203 9.98383E-05 9.98383E-05 9.98383E-05 9.98383E-05 9.98383E-05
9.98922E-05 9.98922E-05 9.98922E-05 9.98922E-05 9.98922E-05 9.98922E-05 9.98922E-05 9.98922E-05 9.98922E-05 0.0479628 9.98922E-05 0.0735103 9.98922E-05 0.312492 9.98922E-05 0.418319 0.0730696 0.0712644 0.00218313
9.98742E-05 9.98742E-05 9.98742E-05 0.0127798 9.98742E-05 9.98742E-05 9.98742E-05 0.0586035 9.98742E-05 9.98742E-05 9.98742E-05 9.98742E-05 0.00620694 0.917311 9.98742E-05 9.98742E-05 9.98742E-05 0.00370069 9.98742E-05
9.98557E-05 9.98557E-05 9.98557E-05 0.755292 9.98557E-05 9.98557E-05 9.98557E-05 9.98557E-05 0.0782301 9.98557E-05 9.98557E-05 9.98557E-05 9.98557E-05 9.98557E-05 9.98557E-05 9.98557E-05 9.98557E-05 0.16488 9.98557E-05
9.98739E-05 9.98739E-05 9.98739E-05 9.98739E-05 0.0132156 9.98739E-05 9.98739E-05 0.927769 9.98739E-05 0.0442354 9.98739E-05 9.98739E-05 9.98739E-05 0.012606 9.98739E-05 9.98739E-05 9.98739E-05 9.98739E-05 0.000775577
0.573475 9.98649E-05 0.00460231 9.98649E-05 9.98649E-05 9.98649E-05 9.98649E-05 9.98649E-05 0.0275002 9.98649E-05 0.392925 9.98649E-05 9.98649E-05 9.98649E-05 9.98649E-05 9.98649E-05 9.98649E-05 9.98649E-05 9.98649E-05
9.98652E-05 9.98652E-05 0.137424 9.98652E-05 0.0282062 9.98652E-05 9.98652E-05 9.98652E-05 9.98652E-05 9.98652E-05 9.98652E-05 9.98652E-05 0.778974 9.98652E-05 9.98652E-05 9.98652E-05 9.98652E-05 0.0538976 9.98652E-05
9.98564E-05 9.98564E-05 9.98564E-05 9.98564E-05 9.98564E-05 9.98564E-05 9.98564E-05 9.98564E-05 0.11857 9.98564E-05 9.98564E-05 9.98564E-05 0.000431182 9.98564E-05 9.98564E-05 9.98564E-05 9.98564E-05 0.879401 9.98564E-05
9.98477E-05 9.98477E-05 9.98477E-05 9.98477E-05 9.98477E-05 9.98477E-05 9.98477E-05 9.98477E-05 9.98477E-05 9.98477E-05 9.98477E-05 0.00380912 0.994493 9.98477E-05 9.98477E-05 9.98477E-05 9.98477E-05 9.98477E-05 9.98477E-05
9.98559E-05 9.98559E-05 0.00697029 9.98559E-05 9.98559E-05 0.0942738 9.98559E-05 9.98559E-05 9.98559E-05 9.98559E-05 9.98559E-05 9.98559E-05 0.897158 9.98559E-05 9.98559E-05 9.98559E-05 9.98559E-05 9.98559E-05 9.98559E-05
9.98648E-05 9.98648E-05 9.98648E-05 9.98648E-05 0.0591833 0.0946239 9.98648E-05 9.98648E-05 0.0536206 9.98648E-05 9.98648E-05 9.98648E-05 0.791074 9.98648E-05 9.98648E-05 9.98648E-05 9.98648E-05 9.98648E-05 9.98648E-05
9.98561E-05 9.98561E-05 9.98561E-05 0.00596587 9.98561E-05 9.98561E-05 0.980066 0.0123707 9.98561E-05 9.98561E-05 9.98561E-05 9.98561E-05 9.98561E-05 9.98561E-05 9.98561E-05 9.98561E-05 9.98561E-05 9.98561E-05 9.98561E-05
0.284627 9.98567E-05 9.98567E-05 9.98567E-05 9.98567E-05 9.98567E-05 9.98567E-05 9.98567E-05 9.98567E-05 9.98567E-05 0.68677 9.98567E-05 9.98567E-05 9.98567E-05 9.98567E-05 9.98567E-05 9.98567E-05 9.98567E-05 0.0270058
0.112333 9.99281E-05 9.99281E-05 9.99281E-05 0.0778543 0.169339 0.0363835 0.0288422 9.99281E-05 9.99281E-05 0.118039 9.99281E-05 0.124288 0.169467 9.99281E-05 9.99281E-05 0.0689067 0.0580227 0.0357251
0.812864 9.98654E-05 9.98654E-05 9.98654E-05 9.98654E-05 9.98654E-05 9.98654E-05 9.98654E-05 9.98654E-05 9.98654E-05 9.98654E-05 0.0879382 0.00698447 9.98654E-05 9.98654E-05 9.98654E-05 9.98654E-05 9.98654E-05 0.0907154
0.757326 0.0285057 9.98921E-05 0.00268567 9.98921E-05 9.98921E-05 9.98921E-05 9.98921E-05 9.98921E-05 0.0272772 0.152632 9.98921E-05 9.98921E-05 0.0140983 9.98921E-05 0.0162763 9.98921E-05 9.98921E-05 9.98921E-05
9.98383E-05 9.98383E-05 9.98383E-05 9.98383E-05 9.98383E-05 9.98383E-05 9.98383E-05 9.98383E-05 9.98383E-05 9.98383E-05 0.998203 9.98383E-05 9.98383E-05 9.98383E-05 9.98383E-05 9.98383E-05 9.98383E-05 9.98383E-05 9.98383E-05
9.98652E-05 9.98652E-05 9.98652E-05 0.0264618 9.98652E-05 9.98652E-05 9.98652E-05 9.98652E-05 9.98652E-05 9.98652E-05 0.971038 9.98652E-05 9.98652E-05 9.98652E-05 0.000321678 9.98652E-05 9.98652E-05 0.000680214 9.98652E-05
0.658911 9.99101E-05 0.0164073 0.00316152 9.99101E-05 9.99101E-05 9.99101E-05 0.00106398 0.00466236 0.0102123 0.0896131 0.026263 9.99101E-05 9.99101E-05 9.99101E-05 0.188707 9.99101E-05 9.99101E-05 9.99101E-05
0.534359 0.00484261 0.00948129 9.9892E-05 0.000897251 9.9892E-05 9.9892E-05 9.9892E-05 0.0123877 9.9892E-05 0.433742 0.00309161 9.9892E-05 9.9892E-05 9.9892E-05 9.9892E-05 9.9892E-05 9.9892E-05 9.9892E-05
9.9856E-05 9.9856E-05 9.9856E-05 9.9856E-05 9.9856E-05 9.9856E-05 9.9856E-05 9.9856E-05 9.9856E-05 9.9856E-05 9.9856E-05 0.954034 9.9856E-05 0.0272761 9.9856E-05 0.0170925 9.9856E-05 9.9856E-05 9.9856E-05
9.98561E-05 9.98561E-05 9.98561E-05 9.98561E-05 9.98561E-05 9.98561E-05 9.98561E-05 9.98561E-05 9.98561E-05 0.0139807 9.98561E-05 0.975759 0.00866276 9.98561E-05 9.98561E-05 9.98561E-05 9.98561E-05 9.98561E-05 9.98561E-05
0.829922 9.98742E-05 9.98742E-05 9.98742E-05 9.98742E-05 9.98742E-05 9.98742E-05 9.98742E-05 9.98742E-05 9.98742E-05 0.106115 9.98742E-05 9.98742E-05 0.0229456 9.98742E-05 9.98742E-05 0.0217394 0.0178798 9.98742E-05
0.00472875 9.9874E-05 9.9874E-05 9.9874E-05 0.00259826 9.9874E-05 9.9874E-05 9.9874E-05 9.9874E-05 9.9874E-05 9.9874E-05 9.9874E-05 9.9874E-05 0.00637107 9.9874E-05 9.9874E-05 0.00710018 0.977804 9.9874E-05
9.98561E-05 9.98561E-05 9.98561E-05 9.98561E-05 9.98561E-05 9.98561E-05 9.98561E-05 0.00957073 9.98561E-05 9.98561E-05 9.98561E-05 9.98561E-05 9.98561E-05 0.0156532 9.98561E-05 9.98561E-05 9.98561E-05 0.973178 9.98561E-05
9.98473E-05 9.98473E-05 9.98473E-05 0.0127008 0.985602 9.98473E-05 9.98473E-05 9.98473E-05 9.98473E-05 9.98473E-05 9.98473E-05 9.98473E-05 9.98473E-05 9.98473E-05 9.98473E-05 9.98473E-05 9.98473E-05 9.98473E-05 9.98473E-05
9.98473E-05 9.98473E-05 9.98473E-05 9.98473E-05 0.988381 9.98473E-05 9.98473E-05 9.98473E-05 9.98473E-05 9.98473E-05 9.98473E-05 9.98473E-05 9.98473E-05 9.98473E-05 0.00992146 9.98473E-05 9.98473E-05 9.98473E-05 9.98473E-05
9.99009E-05 9.99009E-05 0.101897 0.000800043 9.99009E-05 0.75941 9.99009E-05 0.0496166 9.99009E-05 9.99009E-05 0.00522703 9.99009E-05 0.00782857 9.99009E-05 0.00430135 9.99009E-05 9.99009E-05 0.0698202 9.99009E-05
9.98919E-05 9.98919E-05 0.0880527 0.0106618 9.98919E-05 0.678635 9.98919E-05 0.0176612 9.98919E-05 9.98919E-05 9.98919E-05 9.98919E-05 0.0968974 9.98919E-05 0.010486 9.98919E-05 9.98919E-05 0.0964073 9.98919E-05
9.98833E-05 9.98833E-05 9.98833E-05 9.98833E-05 0.958266 9.98833E-05 9.98833E-05 0.0048062 9.98833E-05 9.98833E-05 9.98833E-05 0.00598776 9.98833E-05 9.98833E-05 9.98833E-05 9.98833E-05 0.0192491 0.00515976 0.00523316
9.98384E-05 9.98384E-05 9.98384E-05 9.98384E-05 0.998203 9.98384E-05 9.98384E-05 9.98384E-05 9.98384E-05 9.98384E-05 9.98384E-05 9.98384E-05 9.98384E-05 9.98384E-05 9.98384E-05 9.98384E-05 9.98384E-05 9.98384E-05 9.98384E-05
9.98739E-05 9.98739E-05 9.98739E-05 0.943584 9.98739E-05 9.98739E-05 9.98739E-05 9.98739E-05 9.98739E-05 0.00284889 9.98739E-05 9.98739E-05 0.0176183 0.0215363 9.98739E-05 9.98739E-05 9.98739E-05 0.0130148 9.98739E-05
9.98651E-05 9.98651E-05 0.728337 9.98651E-05 9.98651E-05 9.98651E-05 9.98651E-05 9.98651E-05 9.98651E-05 0.143147 9.98651E-05 9.98651E-05 0.10725 9.98651E-05 9.98651E-05 9.98651E-05 9.98651E-05 0.0197677 9.98651E-05
9.9856E-05 9.9856E-05 9.9856E-05 9.9856E-05 9.9856E-05 9.9856E-05 9.9856E-05 0.896364 9.9856E-05 0.0596278 9.9856E-05 9.9856E-05 9.9856E-05 0.0424109 9.9856E-05 9.9856E-05 9.9856E-05 9.9856E-05 9.9856E-05
9.98471E-05 9.98471E-05 9.98471E-05 9.98471E-05 9.98471E-05 9.98471E-05 9.98471E-05 9.98471E-05 0.941426 9.98471E-05 9.98471E-05 9.98471E-05 9.98471E-05 9.98471E-05 9.98471E-05 9.98471E-05 0.0568763 9.98471E-05 9.98471E-05
9.98813E-05 9.98813E-05 9.98813E-05 9.98813E-05 0.00787907 9.98813E-05 9.98813E-05 9.98813E-05 0.9436 9.98813E-05 9.98813E-05 9.98813E-05 0.016672 9.98813E-05 0.0191777 9.98813E-05 9.98813E-05 0.0112734 9.98813E-05
9.98381E-05 9.98381E-05 9.98381E-05 9.98381E-05 9.98381E-05 9.98381E-05 9.98381E-05 9.98381E-05 9.98381E-05 9.98381E-05 9.98381E-05 9.98381E-05 9.98381E-05 9.98381E-05 9.98381E-05 0.998203 9.98381E-05 9.98381E-05 9.98381E-05
