9.98469E-05 9.98469E-05 0.0653093 9.98469E-05 9.98469E-05 9.98469E-05 0.0199702 9.98469E-05 9.98469E-05 9.98469E-05 0.913023 9.98469E-05 9.98469E-05 9.98469E-05 9.98469E-05 9.98469E-05 9.98469E-05 9.98469E-05 9.98469E-05 9.98469E-05
9.98559E-05 0.134428 9.98559E-05 9.98559E-05 9.98559E-05 9.98559E-05 0.0488271 9.98559E-05 9.98559E-05 9.98559E-05 9.98559E-05 9.98559E-05 9.98559E-05 0.640272 9.98559E-05 0.174876 9.98559E-05 9.98559E-05 9.98559E-05 9.98559E-05
9.98291E-05 9.98291E-05 9.98291E-05 9.98291E-05 0.998103 9.98291E-05 9.98291E-05 9.98291E-05 9.98291E-05 9.98291E-05 9.98291E-05 9.98291E-05 9.98291E-05 9.98291E-05 9.98291E-05 9.98291E-05 9.98291E-05 9.98291E-05 9.98291E-05 9.98291E-05
0.0219048 0.951632 9.98562E-05 9.98562E-05 9.98562E-05 0.0162601 9.98562E-05 9.98562E-05 9.98562E-05 0.00860556 9.98562E-05 9.98562E-05 9.98562E-05 9.98562E-05 9.98562E-05 9.98562E-05 9.98562E-05 9.98562E-05 9.98562E-05 9.98562E-05
9.99102E-05 0.354976 0.017639 0.207398 0.0366046 0.0210511 0.0174984 9.99102E-05 9.99102E-05 0.0992175 9.99102E-05 9.99102E-05 9.99102E-05 0.138976 9.99102E-05 0.0799654 9.99102E-05 9.99102E-05 0.025675 9.99102E-05
9.98561E-05 0.950629 9.98561E-05 9.98561E-05 9.98561E-05 9.98561E-05 9.98561E-05 9.98561E-05 9.98561E-05 0.0126512 9.98561E-05 9.98561E-05 9.98561E-05 9.98561E-05 9.98561E-05 9.98561E-05 0.0177539 9.98561E-05 0.017368 9.98561E-05
9.98292E-05 9.98292E-05 9.98292E-05 0.998103 9.98292E-05 9.98292E-05 9.98292E-05 9.98292E-05 9.98292E-05 9.98292E-05 9.98292E-05 9.98292E-05 9.98292E-05 9.98292E-05 9.98292E-05 9.98292E-05 9.98292E-05 9.98292E-05 9.98292E-05 9.98292E-05
9.9883E-05 0.0812728 0.0798137 0.00641095 9.9883E-05 0.0719305 9.9883E-05 9.9883E-05 9.9883E-05 0.143493 9.9883E-05 9.9883E-05 9.9883E-05 0.130699 9.9883E-05 9.9883E-05 9.9883E-05 9.9883E-05 9.9883E-05 0.485081
9.98471E-05 9.98471E-05 9.98471E-05 0.941535 9.98471E-05 9.98471E-05 0.00192963 9.98471E-05 9.98471E-05 9.98471E-05 9.98471E-05 9.98471E-05 9.98471E-05 0.0548378 9.98471E-05 9.98471E-05 9.98471E-05 9.98471E-05 9.98471E-05 9.98471E-05
9.98381E-05 9.98381E-05 0.887267 0.110936 9.98381E-05 9.98381E-05 9.98381E-05 9.98381E-05 9.98381E-05 9.98381E-05 9.98381E-05 9.98381E-05 9.98381E-05 9.98381E-05 9.98381E-05 9.98381E-05 9.98381E-05 9.98381E-05 9.98381E-05 9.98381E-05
9.98383E-05 9.98383E-05 0.876968 0.121235 9.98383E-05 9.98383E-05 9.98383E-05 9.98383E-05 9.98383E-05 9.98383E-05 9.98383E-05 9.98383E-05 9.98383E-05 9.98383E-05 9.98383E-05 9.98383E-05 9.98383E-05 9.98383E-05 9.98383E-05 9.98383E-05
0.119247 9.9874E-05 9.9874E-05 0.0281533 0.0229861 9.9874E-05 9.9874E-05 9.9874E-05 0.118941 9.9874E-05 0.671418 9.9874E-05 9.9874E-05 9.9874E-05 9.9874E-05 9.9874E-05 9.9874E-05 9.9874E-05 0.0378563 9.9874E-05
9.98475E-05 9.98475E-05 9.98475E-05 0.0372055 9.98475E-05 9.98475E-05 9.98475E-05 9.98475E-05 0.956366 9.98475E-05 9.98475E-05 9.98475E-05 9.98475E-05 9.98475E-05 0.00473102 9.98475E-05 9.98475E-05 9.98475E-05 9.98475E-05 9.98475E-05
9.98741E-05 0.956837 9.98741E-05 9.98741E-05 9.98741E-05 9.98741E-05 9.98741E-05 9.98741E-05 0.00321526 9.98741E-05 9.98741E-05 0.0119697 0.00940883 0.0163821 9.98741E-05 9.98741E-05 9.98741E-05 9.98741E-05 0.000788708 9.98741E-05
9.98473E-05 0.972527 9.98473E-05 9.98473E-05 9.98473E-05 9.98473E-05 9.98473E-05 9.98473E-05 9.98473E-05 9.98473E-05 0.0236769 0.00209897 9.98473E-05 9.98473E-05 9.98473E-05 9.98473E-05 9.98473E-05 9.98473E-05 9.98473E-05 9.98473E-05
9.98471E-05 9.98471E-05 9.98471E-05 9.98471E-05 9.98471E-05 9.98471E-05 9.98471E-05 0.827648 0.065677 9.98471E-05 9.98471E-05 9.98471E-05 9.98471E-05 9.98471E-05 9.98471E-05 9.98471E-05 9.98471E-05 9.98471E-05 0.104977 9.98471E-05
9.9838E-05 9.9838E-05 0.0459567 9.9838E-05 9.9838E-05 9.9838E-05 0.952246 9.9838E-05 9.9838E-05 9.9838E-05 9.9838E-05 9.9838E-05 9.9838E-05 9.9838E-05 9.9838E-05 9.9838E-05 9.9838E-05 9.9838E-05 9.9838E-05 9.9838E-05
9.98292E-05 9.98292E-05 9.98292E-05 9.98292E-05 9.98292E-05 9.98292E-05 9.98292E-05 9.98292E-05 9.98292E-05 9.98292E-05 9.98292E-05 0.998103 9.98292E-05 9.98292E-05 9.98292E-05 9.98292E-05 9.98292E-05 9.98292E-05 9.98292E-05 9.98292E-05
0.0197718 9.9856E-05 9.9856E-05 9.9856E-05 9.9856E-05 9.9856E-05 9.9856E-05 9.9856E-05 0.0364627 9.9856E-05 9.9856E-05 9.9856E-05 0.886433 9.9856E-05 9.9856E-05 9.9856E-05 0.055735 9.9856E-05 9.9856E-05 9.9856E-05
0.0210475 9.98649E-05 0.401425 9.98649E-05 9.98649E-05 9.98649E-05 9.98649E-05 0.36368 9.98649E-05 9.98649E-05 0.0814023 9.98649E-05 9.98649E-05 9.98649E-05 9.98649E-05 9.98649E-05 9.98649E-05 9.98649E-05 0.130947 9.98649E-05
9.98472E-05 9.98472E-05 9.98472E-05 9.98472E-05 9.98472E-05 9.98472E-05 9.98472E-05 9.98472E-05 9.98472E-05 9.98472E-05 9.98472E-05 0.146863 0.82434 9.98472E-05 9.98472E-05 9.98472E-05 0.0271005 9.98472E-05 9.98472E-05 9.98472E-05
9.9874E-05 9.9874E-05 0.0295247 9.9874E-05 9.9874E-05 9.9874E-05 0.00190396 0.148536 0.0853226 9.9874E-05 0.402988 9.9874E-05 9.9874E-05 9.9874E-05 9.9874E-05 0.330326 9.9874E-05 9.9874E-05 9.9874E-05 9.9874E-05
0.120866 9.98651E-05 0.135847 9.98651E-05 9.98651E-05 9.98651E-05 0.310115 9.98651E-05 9.98651E-05 9.98651E-05 9.98651E-05 9.98651E-05 0.371755 9.98651E-05 9.98651E-05 9.98651E-05 9.98651E-05 0.059919 9.98651E-05 9.98651E-05
9.9838E-05 9.9838E-05 0.083624 9.9838E-05 9.9838E-05 9.9838E-05 9.9838E-05 9.9838E-05 9.9838E-05 9.9838E-05 9.9838E-05 9.9838E-05 0.914579 9.9838E-05 9.9838E-05 9.9838E-05 9.9838E-05 9.9838E-05 9.9838E-05 9.9838E-05
9.98474E-05 0.450346 9.98474E-05 9.98474E-05 9.98474E-05 0.0245534 9.98474E-05 9.98474E-05 9.98474E-05 9.98474E-05 9.98474E-05 9.98474E-05 9.98474E-05 9.98474E-05 0.523403 9.98474E-05 9.98474E-05 9.98474E-05 9.98474E-05 9.98474E-05
9.98384E-05 0.83118 9.98384E-05 9.98384E-05 9.98384E-05 9.98384E-05 9.98384E-05 9.98384E-05 9.98384E-05 9.98384E-05 9.98384E-05 9.98384E-05 9.98384E-05 9.98384E-05 0.167023 9.98384E-05 9.98384E-05 9.98384E-05 9.98384E-05 9.98384E-05
0.00887457 9.98738E-05 0.0795448 9.98738E-05 9.98738E-05 9.98738E-05 0.063215 9.98738E-05 0.800237 9.98738E-05 0.0447557 9.98738E-05 9.98738E-05 9.98738E-05 9.98738E-05 9.98738E-05 9.98738E-05 0.00197477 9.98738E-05 9.98738E-05
9.98382E-05 9.98382E-05 9.98382E-05 9.98382E-05 9.98382E-05 9.98382E-05 9.98382E-05 9.98382E-05 9.98382E-05 0.00914049 9.98382E-05 9.98382E-05 9.98382E-05 9.98382E-05 0.989062 9.98382E-05 9.98382E-05 9.98382E-05 9.98382E-05 9.98382E-05
9.98293E-05 9.98293E-05 9.98293E-05 9.98293E-05 9.98293E-05 9.98293E-05 9.98293E-05 9.98293E-05 9.98293E-05 9.98293E-05 9.98293E-05 9.98293E-05 9.98293E-05 9.98293E-05 0.998103 9.98293E-05 9.98293E-05 9.98293E-05 9.98293E-05 9.98293E-05
9.98922E-05 0.15078 9.98922E-05 9.98922E-05 0.0792058 0.087533 9.98922E-05 9.98922E-05 9.98922E-05 0.425033 0.00609816 9.98922E-05 9.98922E-05 9.98922E-05 0.180422 9.98922E-05 0.0195672 0.0501624 9.98922E-05 9.98922E-05
9.98379E-05 0.0871272 9.98379E-05 9.98379E-05 9.98379E-05 9.98379E-05 9.98379E-05 9.98379E-05 9.98379E-05 0.911076 9.98379E-05 9.98379E-05 9.98379E-05 9.98379E-05 9.98379E-05 9.98379E-05 9.98379E-05 9.98379E-05 9.98379E-05 9.98379E-05
9.98296E-05 9.98296E-05 9.98296E-05 9.98296E-05 9.98296E-05 9.98296E-05 9.98296E-05 9.98296E-05 9.98296E-05 9.98296E-05 9.98296E-05 9.98296E-05 9.98296E-05 0.998103 9.98296E-05 9.98296E-05 9.98296E-05 9.98296E-05 9.98296E-05 9.98296E-05
9.98652E-05 0.590257 9.98652E-05 9.98652E-05 9.98652E-05 9.98652E-05 9.98652E-05 0.000896117 9.98652E-05 0.0310124 9.98652E-05 9.98652E-05 9.98652E-05 9.98652E-05 0.220738 9.98652E-05 9.98652E-05 9.98652E-05 9.98652E-05 0.155599
9.98923E-05 9.98923E-05 0.0039308 0.0112611 9.98923E-05 0.674393 0.00723345 9.98923E-05 9.98923E-05 0.064617 0.00291992 9.98923E-05 9.98923E-05 0.0392606 9.98923E-05 9.98923E-05 9.98923E-05 9.98923E-05 9.98923E-05 0.195185
0.108074 9.98917E-05 9.98917E-05 9.98917E-05 9.98917E-05 9.98917E-05 0.198656 9.98917E-05 0.543262 0.00714657 9.98917E-05 9.98917E-05 9.98917E-05 9.98917E-05 9.98917E-05 0.02763 9.98917E-05 0.0227574 0.061473 0.0298016
9.98829E-05 0.347317 9.98829E-05 9.98829E-05 9.98829E-05 9.98829E-05 0.00990477 9.98829E-05 9.98829E-05 0.0423395 9.98829E-05 9.98829E-05 9.98829E-05 9.98829E-05 0.560118 0.0128774 9.98829E-05 9.98829E-05 0.0202499 0.00589511
9.98472E-05 9.98472E-05 9.98472E-05 9.98472E-05 0.0324964 9.98472E-05 9.98472E-05 9.98472E-05 9.98472E-05 9.98472E-05 0.948716 9.98472E-05 9.98472E-05 9.98472E-05 9.98472E-05 9.98472E-05 9.98472E-05 9.98472E-05 9.98472E-05 0.0170899
9.99009E-05 0.0135881 0.577573 9.99009E-05 0.0171838 9.99009E-05 0.0173636 9.99009E-05 9.99009E-05 9.99009E-05 0.0687103 0.0178939 9.99009E-05 0.172764 9.99009E-05 0.0860145 9.99009E-05 9.99009E-05 9.99009E-05 0.0278103
9.9847E-05 0.0172252 9.9847E-05 9.9847E-05 9.9847E-05 9.9847E-05 0.979132 9.9847E-05 9.9847E-05 9.9847E-05 9.9847E-05 9.9847E-05 9.9847E-05 9.9847E-05 9.9847E-05 9.9847E-05 9.9847E-05 9.9847E-05 9.9847E-05 0.00194563
9.9838E-05 0.0239569 9.9838E-05 9.9838E-05 9.9838E-05 9.9838E-05 9.9838E-05 9.9838E-05 9.9838E-05 9.9838E-05 9.9838E-05 9.9838E-05 9.9838E-05 9.9838E-05 9.9838E-05 0.974246 9.9838E-05 9.9838E-05 9.9838E-05 9.9838E-05
9.98291E-05 9.98291E-05 9.98291E-05 9.98291E-05 9.98291E-05 9.98291E-05 9.98291E-05 9.98291E-05 9.98291E-05 9.98291E-05 9.98291E-05 9.98291E-05 9.98291E-05 9.98291E-05 9.98291E-05 0.998103 9.98291E-05 9.98291E-05 9.98291E-05 9.98291E-05
9.9865E-05 9.9865E-05 0.887149 9.9865E-05 9.9865E-05 9.9865E-05 0.0165819 0.0131025 9.9865E-05 9.9865E-05 0.0220701 9.9865E-05 9.9865E-05 9.9865E-05 9.9865E-05 0.0595984 9.9865E-05 9.9865E-05 9.9865E-05 9.9865E-05
9.9892E-05 9.9892E-05 0.0439892 0.0557994 9.9892E-05 9.9892E-05 9.9892E-05 0.823556 0.033139 9.9892E-05 0.0292075 0.0084789 9.9892E-05 9.9892E-05 9.9892E-05 0.00296043 0.00167101 9.9892E-05 9.9892E-05 9.9892E-05
9.9861E-05 9.9861E-05 0.889911 9.9861E-05 9.9861E-05 9.9861E-05 0.00174914 9.9861E-05 9.9861E-05 9.9861E-05 0.0139002 9.9861E-05 9.9861E-05 9.9861E-05 9.9861E-05 9.9861E-05 9.9861E-05 9.9861E-05 0.0928424 9.9861E-05
0.0578889 9.99009E-05 0.362706 9.99009E-05 9.99009E-05 9.99009E-05 9.99009E-05 0.0163517 0.0994845 9.99009E-05 0.0132569 9.99009E-05 0.117047 0.0278696 9.99009E-05 0.167226 9.99009E-05 9.99009E-05 0.13707 9.99009E-05
9.991E-05 0.0351188 0.464262 9.991E-05 0.016608 9.991E-05 9.991E-05 0.0850467 9.991E-05 9.991E-05 0.0747536 9.991E-05 9.991E-05 0.01243 9.991E-05 0.114277 0.0789862 0.0318648 0.0856531 9.991E-05
9.99279E-05 0.025329 0.217796 0.0579854 0.000696544 0.0367524 0.0962226 9.99279E-05 0.0232529 0.0620938 0.177122 9.99279E-05 9.99279E-05 9.99279E-05 9.99279E-05 9.99279E-05 0.00432931 0.0196553 0.277966 9.99279E-05
9.9839E-05 9.9839E-05 9.9839E-05 9.9839E-05 9.9839E-05 9.9839E-05 9.9839E-05 9.9839E-05 9.9839E-05 9.9839E-05 0.971209 0.026994 9.9839E-05 9.9839E-05 9.9839E-05 9.9839E-05 9.9839E-05 9.9839E-05 9.9839E-05 9.9839E-05
9.98472E-05 9.98472E-05 9.98472E-05 9.98472E-05 0.00355241 0.965566 9.98472E-05 9.98472E-05 9.98472E-05 9.98472E-05 9.98472E-05 9.98472E-05 9.98472E-05 9.98472E-05 9.98472E-05 9.98472E-05 9.98472E-05 0.0291843 9.98472E-05 9.98472E-05
9.98383E-05 9.98383E-05 9.98383E-05 9.98383E-05 9.98383E-05 0.996098 9.98383E-05 9.98383E-05 9.98383E-05 9.98383E-05 9.98383E-05 9.98383E-05 9.98383E-05 9.98383E-05 9.98383E-05 9.98383E-05 0.0021047 9.98383E-05 9.98383E-05 9.98383E-05
9.98473E-05 9.98473E-05 0.0435707 9.98473E-05 9.98473E-05 0.945543 9.98473E-05 9.98473E-05 9.98473E-05 9.98473E-05 9.98473E-05 0.0091891 9.98473E-05 9.98473E-05 9.98473E-05 9.98473E-05 9.98473E-05 9.98473E-05 9.98473E-05 9.98473E-05
9.98294E-05 9.98294E-05 9.98294E-05 9.98294E-05 9.98294E-05 0.998103 9.98294E-05 9.98294E-05 9.98294E-05 9.98294E-05 9.98294E-05 9.98294E-05 9.98294E-05 9.98294E-05 9.98294E-05 9.98294E-05 9.98294E-05 9.98294E-05 9.98294E-05 9.98294E-05
9.98303E-05 9.98303E-05 9.98303E-05 9.98303E-05 9.98303E-05 0.967556 9.98303E-05 9.98303E-05 9.98303E-05 0.0271907 9.98303E-05 9.98303E-05 9.98303E-05 9.98303E-05 9.98303E-05 9.98303E-05 9.98303E-05 0.00355626 9.98303E-05 9.98303E-05
9.98203E-05 9.98203E-05 9.98203E-05 9.98203E-05 9.98203E-05 9.98203E-05 9.98203E-05 9.98203E-05 9.98203E-05 9.98203E-05 9.98203E-05 9.98203E-05 9.98203E-05 9.98203E-05 9.98203E-05 9.98203E-05 9.98203E-05 0.998103 9.98203E-05 9.98203E-05
9.98472E-05 9.98472E-05 9.98472E-05 9.98472E-05 9.98472E-05 0.944082 9.98472E-05 0.0037495 9.98472E-05 9.98472E-05 9.98472E-05 9.98472E-05 9.98472E-05 0.0504711 9.98472E-05 9.98472E-05 9.98472E-05 9.98472E-05 9.98472E-05 9.98472E-05
9.98468E-05 9.98468E-05 9.98468E-05 9.98468E-05 9.98468E-05 9.98468E-05 9.98468E-05 0.171447 9.98468E-05 9.98468E-05 0.785507 9.98468E-05 9.98468E-05 9.98468E-05 9.98468E-05 9.98468E-05 9.98468E-05 9.98468E-05 0.0413487 9.98468E-05
9.98829E-05 9.98829E-05 9.98829E-05 0.00472564 0.0215515 0.000915251 9.98829E-05 0.017705 9.98829E-05 9.98829E-05 9.98829E-05 9.98829E-05 9.98829E-05 0.917262 0.00531565 9.98829E-05 9.98829E-05 0.0312262 9.98829E-05 9.98829E-05
9.9847E-05 0.60554 9.9847E-05 9.9847E-05 9.9847E-05 9.9847E-05 9.9847E-05 9.9847E-05 9.9847E-05 9.9847E-05 9.9847E-05 9.9847E-05 9.9847E-05 9.9847E-05 0.388113 9.9847E-05 9.9847E-05 9.9847E-05 0.00464915 9.9847E-05
0.0107368 9.98562E-05 9.98562E-05 9.98562E-05 9.98562E-05 9.98562E-05 9.98562E-05 0.00617823 0.848704 9.98562E-05 9.98562E-05 9.98562E-05 9.98562E-05 9.98562E-05 9.98562E-05 0.132783 9.98562E-05 9.98562E-05 9.98562E-05 9.98562E-05
9.98474E-05 9.98474E-05 9.98474E-05 9.98474E-05 0.0048443 9.98474E-05 9.98474E-05 0.900482 9.98474E-05 9.98474E-05 9.98474E-05 9.98474E-05 9.98474E-05 9.98474E-05 9.98474E-05 9.98474E-05 9.98474E-05 9.98474E-05 0.0929764 9.98474E-05
9.98476E-05 9.98476E-05 9.98476E-05 0.00914259 9.98476E-05 9.98476E-05 9.98476E-05 9.98476E-05 0.972772 9.98476E-05 9.98476E-05 9.98476E-05 9.98476E-05 9.98476E-05 9.98476E-05 9.98476E-05 9.98476E-05 9.98476E-05 9.98476E-05 0.0163877
9.9847E-05 9.9847E-05 0.100472 9.9847E-05 9.9847E-05 9.9847E-05 9.9847E-05 9.9847E-05 0.888762 9.9847E-05 9.9847E-05 0.00906874 9.9847E-05 9.9847E-05 9.9847E-05 9.9847E-05 9.9847E-05 9.9847E-05 9.9847E-05 9.9847E-05
0.0537926 9.98739E-05 0.0648788 9.98739E-05 9.98739E-05 9.98739E-05 0.00593518 9.98739E-05 0.827388 9.98739E-05 9.98739E-05 0.0166571 9.98739E-05 9.98739E-05 9.98739E-05 9.98739E-05 9.98739E-05 9.98739E-05 0.0299499 9.98739E-05
9.98293E-05 9.98293E-05 9.98293E-05 9.98293E-05 9.98293E-05 9.98293E-05 9.98293E-05 9.98293E-05 9.98293E-05 9.98293E-05 9.98293E-05 9.98293E-05 9.98293E-05 9.98293E-05 9.98293E-05 9.98293E-05 0.998103 9.98293E-05 9.98293E-05 9.98293E-05
9.98389E-05 0.319279 9.98389E-05 9.98389E-05 9.98389E-05 9.98389E-05 9.98389E-05 9.98389E-05 9.98389E-05 9.98389E-05 9.98389E-05 9.98389E-05 9.98389E-05 9.98389E-05 0.678924 9.98389E-05 9.98389E-05 9.98389E-05 9.98389E-05 9.98389E-05
0.0582007 0.0987443 0.104652 9.9955E-05 0.126592 0.0353296 0.013125 0.265312 9.9955E-05 9.9955E-05 0.0753794 0.00904103 0.0346986 9.9955E-05 0.0399268 0.00637587 9.9955E-05 0.00243728 0.0972792 0.0324062
9.98563E-05 0.775674 9.98563E-05 9.98563E-05 0.122802 9.98563E-05 9.98563E-05 9.98563E-05 9.98563E-05 9.98563E-05 9.98563E-05 9.98563E-05 9.98563E-05 9.98563E-05 0.0299694 9.98563E-05 9.98563E-05 9.98563E-05 9.98563E-05 0.0699572
9.9865E-05 0.720194 9.9865E-05 0.0142279 9.9865E-05 9.9865E-05 0.0315074 9.9865E-05 9.9865E-05 0.0373778 9.9865E-05 9.9865E-05 9.9865E-05 9.9865E-05 0.195195 9.9865E-05 9.9865E-05 9.9865E-05 9.9865E-05 9.9865E-05
9.98472E-05 9.98472E-05 9.98472E-05 9.98472E-05 9.98472E-05 9.98472E-05 9.98472E-05 0.0161525 9.98472E-05 9.98472E-05 9.98472E-05 9.98472E-05 9.98472E-05 9.98472E-05 0.976827 9.98472E-05 9.98472E-05 0.00532334 9.98472E-05 9.98472E-05
9.98384E-05 9.98384E-05 9.98384E-05 9.98384E-05 9.98384E-05 9.98384E-05 9.98384E-05 9.98384E-05 9.98384E-05 9.98384E-05 9.98384E-05 9.98384E-05 9.98384E-05 9.98384E-05 0.99708 9.98384E-05 0.00112308 9.98384E-05 9.98384E-05 9.98384E-05
9.98743E-05 0.626974 9.98743E-05 0.00728391 9.98743E-05 9.98743E-05 9.98743E-05 9.98743E-05 9.98743E-05 0.195721 9.98743E-05 9.98743E-05 9.98743E-05 9.98743E-05 0.0849857 0.0642382 9.98743E-05 9.98743E-05 9.98743E-05 0.0193989
9.98649E-05 0.460692 9.98649E-05 0.0034269 9.98649E-05 9.98649E-05 0.0126159 9.98649E-05 9.98649E-05 9.98649E-05 9.98649E-05 9.98649E-05 9.98649E-05 9.98649E-05 0.496919 9.98649E-05 9.98649E-05 9.98649E-05 0.0248483 9.98649E-05
9.98471E-05 9.98471E-05 9.98471E-05 9.98471E-05 9.98471E-05 0.0185545 9.98471E-05 9.98471E-05 9.98471E-05 9.98471E-05 9.98471E-05 9.98471E-05 9.98471E-05 9.98471E-05 9.98471E-05 9.98471E-05 9.98471E-05 0.014581 9.98471E-05 0.965167
9.98471E-05 9.98471E-05 9.98471E-05 9.98471E-05 9.98471E-05 9.98471E-05 9.98471E-05 9.98471E-05 0.0146672 9.98471E-05 9.98471E-05 9.98471E-05 0.0025147 9.98471E-05 9.98471E-05 9.98471E-05 9.98471E-05 9.98471E-05 9.98471E-05 0.981121
9.98651E-05 0.863255 9.98651E-05 9.98651E-05 0.0195198 9.98651E-05 9.98651E-05 0.0192177 9.98651E-05 9.98651E-05 9.98651E-05 9.98651E-05 9.98651E-05 9.98651E-05 0.0455629 9.98651E-05 9.98651E-05 0.0509467 9.98651E-05 9.98651E-05
0.0104465 0.00583292 9.9856E-05 9.9856E-05 9.9856E-05 9.9856E-05 0.0364814 0.945642 9.9856E-05 9.9856E-05 9.9856E-05 9.9856E-05 9.9856E-05 9.9856E-05 9.9856E-05 9.9856E-05 9.9856E-05 9.9856E-05 9.9856E-05 9.9856E-05
0.0141595 9.9856E-05 9.9856E-05 9.9856E-05 9.9856E-05 0.000326189 9.9856E-05 0.977503 9.9856E-05 9.9856E-05 9.9856E-05 9.9856E-05 9.9856E-05 9.9856E-05 0.00641341 9.9856E-05 9.9856E-05 9.9856E-05 9.9856E-05 9.9856E-05
0.99633 0.00187288 9.98383E-05 9.98383E-05 9.98383E-05 9.98383E-05 9.98383E-05 9.98383E-05 9.98383E-05 9.98383E-05 9.98383E-05 9.98383E-05 9.98383E-05 9.98383E-05 9.98383E-05 9.98383E-05 9.98383E-05 9.98383E-05 9.98383E-05 9.98383E-05
0.998103 9.98294E-05 9.98294E-05 9.98294E-05 9.98294E-05 9.98294E-05 9.98294E-05 9.98294E-05 9.98294E-05 9.98294E-05 9.98294E-05 9.98294E-05 9.98294E-05 9.98294E-05 9.98294E-05 9.98294E-05 9.98294E-05 9.98294E-05 9.98294E-05 9.98294E-05
9.98739E-05 9.98739E-05 0.795434 9.98739E-05 9.98739E-05 9.98739E-05 9.98739E-05 0.0382789 0.0226746 9.98739E-05 9.98739E-05 9.98739E-05 9.98739E-05 0.0124902 0.0235621 0.106162 9.98739E-05 9.98739E-05 9.98739E-05 9.98739E-05
9.9892E-05 9.9892E-05 0.786044 9.9892E-05 9.9892E-05 9.9892E-05 9.9892E-05 0.0289349 0.0274828 9.9892E-05 0.0163432 9.9892E-05 9.9892E-05 0.00532056 0.0398529 0.0878194 9.9892E-05 9.9892E-05 9.9892E-05 0.00700323
0.945563 9.98832E-05 0.00412945 0.00861029 9.98832E-05 9.98832E-05 0.00230007 0.0175712 9.98832E-05 9.98832E-05 9.98832E-05 9.98832E-05 9.98832E-05 9.98832E-05 9.98832E-05 9.98832E-05 9.98832E-05 0.0073002 9.98832E-05 0.0132269
0.998103 9.98294E-05 9.98294E-05 9.98294E-05 9.98294E-05 9.98294E-05 9.98294E-05 9.98294E-05 9.98294E-05 9.98294E-05 9.98294E-05 9.98294E-05 9.98294E-05 9.98294E-05 9.98294E-05 9.98294E-05 9.98294E-05 9.98294E-05 9.98294E-05 9.98294E-05
9.98559E-05 9.98559E-05 9.98559E-05 9.98559E-05 9.98559E-05 0.000227371 9.98559E-05 0.00595409 0.0371599 9.98559E-05 0.955061 9.98559E-05 9.98559E-05 9.98559E-05 9.98559E-05 9.98559E-05 9.98559E-05 9.98559E-05 9.98559E-05 9.98559E-05
9.98739E-05 9.98739E-05 9.98739E-05 0.0986404 9.98739E-05 9.98739E-05 9.98739E-05 0.0890864 0.101033 9.98739E-05 9.98739E-05 0.0121205 0.0182901 9.98739E-05 9.98739E-05 0.679431 9.98739E-05 9.98739E-05 9.98739E-05 9.98739E-05
9.9856E-05 9.9856E-05 9.9856E-05 0.0704148 9.9856E-05 0.0194787 9.9856E-05 9.9856E-05 9.9856E-05 9.9856E-05 9.9856E-05 9.9856E-05 9.9856E-05 0.887109 9.9856E-05 9.9856E-05 9.9856E-05 0.0213995 9.9856E-05 9.9856E-05
9.98382E-05 9.98382E-05 0.0398229 9.98382E-05 9.98382E-05 9.98382E-05 9.98382E-05 9.98382E-05 9.98382E-05 9.98382E-05 9.98382E-05 9.98382E-05 9.98382E-05 9.98382E-05 9.98382E-05 9.98382E-05 9.98382E-05 9.98382E-05 0.95838 9.98382E-05
0.000762353 9.98652E-05 9.98652E-05 9.98652E-05 9.98652E-05 9.98652E-05 0.0150527 0.0200857 9.98652E-05 9.98652E-05 0.0142551 9.98652E-05 9.98652E-05 9.98652E-05 9.98652E-05 9.98652E-05 9.98652E-05 9.98652E-05 0.948346 9.98652E-05
9.98292E-05 9.98292E-05 9.98292E-05 9.98292E-05 9.98292E-05 9.98292E-05 9.98292E-05 9.98292E-05 9.98292E-05 0.998103 9.98292E-05 9.98292E-05 9.98292E-05 9.98292E-05 9.98292E-05 9.98292E-05 9.98292E-05 9.98292E-05 9.98292E-05 9.98292E-05
