9.98648E-05 9.98648E-05 9.98648E-05 9.98648E-05 9.98648E-05 9.98648E-05 9.98648E-05 0.0174452 0.00384262 9.98648E-05 9.98648E-05 9.98648E-05 9.98648E-05 9.98648E-05 9.98648E-05 0.0342212 9.98648E-05 0.937953 9.98648E-05 0.00503973
9.98559E-05 9.98559E-05 0.0637919 9.98559E-05 0.125403 9.98559E-05 9.98559E-05 9.98559E-05 0.691346 0.117861 9.98559E-05 9.98559E-05 9.98559E-05 9.98559E-05 9.98559E-05 9.98559E-05 9.98559E-05 9.98559E-05 9.98559E-05 9.98559E-05
9.98293E-05 9.98293E-05 9.98293E-05 9.98293E-05 9.98293E-05 9.98293E-05 9.98293E-05 9.98293E-05 9.98293E-05 9.98293E-05 9.98293E-05 9.98293E-05 9.98293E-05 9.98293E-05 0.998103 9.98293E-05 9.98293E-05 9.98293E-05 9.98293E-05 9.98293E-05
0.0268824 9.98651E-05 9.98651E-05 9.98651E-05 9.98651E-05 9.98651E-05 0.107601 0.0155022 9.98651E-05 0.831613 9.98651E-05 9.98651E-05 9.98651E-05 0.0169036 9.98651E-05 9.98651E-05 9.98651E-05 9.98651E-05 9.98651E-05 9.98651E-05
0.0636941 9.99282E-05 9.99282E-05 9.99282E-05 0.0683443 0.0168285 9.99282E-05 9.99282E-05 0.109229 0.32354 9.99282E-05 0.0228698 9.99282E-05 0.119853 0.00904432 0.0388659 0.190622 0.00830053 9.99282E-05 0.0280088
0.000520187 9.98651E-05 9.98651E-05 9.98651E-05 9.98651E-05 9.98651E-05 9.98651E-05 9.98651E-05 9.98651E-05 0.95068 9.98651E-05 0.00126448 9.98651E-05 0.0328509 9.98651E-05 9.98651E-05 9.98651E-05 9.98651E-05 0.0131867 9.98651E-05
9.98292E-05 9.98292E-05 9.98292E-05 9.98292E-05 9.98292E-05 9.98292E-05 9.98292E-05 9.98292E-05 9.98292E-05 9.98292E-05 9.98292E-05 9.98292E-05 9.98292E-05 9.98292E-05 9.98292E-05 9.98292E-05 0.998103 9.98292E-05 9.98292E-05 9.98292E-05
0.0615948 9.98919E-05 9.98919E-05 9.98919E-05 9.98919E-05 9.98919E-05 0.00325226 9.98919E-05 0.0938152 0.0118552 9.98919E-05 0.310506 9.98919E-05 0.36747 0.0519523 0.0983552 9.98919E-05 9.98919E-05 9.98919E-05 9.98919E-05
9.98381E-05 9.98381E-05 9.98381E-05 9.98381E-05 9.98381E-05 9.98381E-05 9.98381E-05 9.98381E-05 0.0318472 9.98381E-05 9.98381E-05 9.98381E-05 9.98381E-05 9.98381E-05 9.98381E-05 9.98381E-05 0.966356 9.98381E-05 9.98381E-05 9.98381E-05
9.98382E-05 9.98382E-05 9.98382E-05 9.98382E-05 9.98382E-05 9.98382E-05 9.98382E-05 9.98382E-05 9.98382E-05 9.98382E-05 9.98382E-05 9.98382E-05 9.98382E-05 9.98382E-05 9.98382E-05 0.893626 0.104576 9.98382E-05 9.98382E-05 9.98382E-05
9.98383E-05 9.98383E-05 9.98383E-05 9.98383E-05 9.98383E-05 9.98383E-05 9.98383E-05 9.98383E-05 9.98383E-05 9.98383E-05 9.98383E-05 9.98383E-05 9.98383E-05 9.98383E-05 9.98383E-05 0.897167 0.101036 9.98383E-05 9.98383E-05 9.98383E-05
9.98831E-05 0.129562 9.98831E-05 9.98831E-05 9.98831E-05 0.0122765 0.0118483 0.132623 9.98831E-05 9.98831E-05 0.00808401 9.98831E-05 9.98831E-05 9.98831E-05 0.0351506 9.98831E-05 9.98831E-05 0.669156 9.98831E-05 9.98831E-05
9.98475E-05 0.956385 9.98475E-05 9.98475E-05 9.98475E-05 9.98475E-05 9.98475E-05 9.98475E-05 9.98475E-05 9.98475E-05 9.98475E-05 0.0295327 9.98475E-05 0.0123845 9.98475E-05 9.98475E-05 9.98475E-05 9.98475E-05 9.98475E-05 9.98475E-05
9.98561E-05 9.98561E-05 9.98561E-05 0.0154653 9.98561E-05 0.003985 9.98561E-05 9.98561E-05 0.0170119 0.96194 9.98561E-05 9.98561E-05 9.98561E-05 9.98561E-05 9.98561E-05 9.98561E-05 9.98561E-05 9.98561E-05 9.98561E-05 9.98561E-05
9.98383E-05 9.98383E-05 9.98383E-05 9.98383E-05 9.98383E-05 9.98383E-05 9.98383E-05 9.98383E-05 9.98383E-05 0.984179 9.98383E-05 9.98383E-05 9.98383E-05 9.98383E-05 9.98383E-05 9.98383E-05 9.98383E-05 9.98383E-05 9.98383E-05 0.014024
9.9847E-05 0.0810002 9.9847E-05 9.9847E-05 9.9847E-05 0.130889 9.9847E-05 9.9847E-05 9.9847E-05 9.9847E-05 0.786414 9.9847E-05 9.9847E-05 9.9847E-05 9.9847E-05 9.9847E-05 9.9847E-05 9.9847E-05 9.9847E-05 9.9847E-05
9.98561E-05 9.98561E-05 0.932973 9.98561E-05 9.98561E-05 9.98561E-05 9.98561E-05 9.98561E-05 9.98561E-05 9.98561E-05 0.0162683 9.98561E-05 9.98561E-05 9.98561E-05 9.98561E-05 0.0343851 9.98561E-05 9.98561E-05 9.98561E-05 0.0147758
0.0271254 9.98738E-05 9.98738E-05 0.693839 0.115648 9.98738E-05 9.98738E-05 9.98738E-05 0.0528291 9.98738E-05 9.98738E-05 9.98738E-05 9.98738E-05 9.98738E-05 9.98738E-05 0.059874 9.98738E-05 9.98738E-05 9.98738E-05 0.0492865
9.98384E-05 9.98384E-05 9.98384E-05 0.97718 9.98384E-05 9.98384E-05 9.98384E-05 0.021023 9.98384E-05 9.98384E-05 9.98384E-05 9.98384E-05 9.98384E-05 9.98384E-05 9.98384E-05 9.98384E-05 9.98384E-05 9.98384E-05 9.98384E-05 9.98384E-05
9.98738E-05 9.98738E-05 0.027004 9.98738E-05 9.98738E-05 0.171291 9.98738E-05 0.0364901 9.98738E-05 9.98738E-05 0.29221 9.98738E-05 9.98738E-05 9.98738E-05 9.98738E-05 0.402244 9.98738E-05 0.0693629 9.98738E-05 9.98738E-05
9.98382E-05 9.98382E-05 9.98382E-05 0.993247 9.98382E-05 9.98382E-05 9.98382E-05 9.98382E-05 9.98382E-05 9.98382E-05 9.98382E-05 9.98382E-05 9.98382E-05 9.98382E-05 0.00495561 9.98382E-05 9.98382E-05 9.98382E-05 9.98382E-05 9.98382E-05
9.9883E-05 0.0413407 0.0230473 9.9883E-05 0.224354 0.0163218 9.9883E-05 9.9883E-05 9.9883E-05 9.9883E-05 0.223841 9.9883E-05 9.9883E-05 9.9883E-05 9.9883E-05 0.0202596 9.9883E-05 0.449537 9.9883E-05 9.9883E-05
9.98291E-05 9.98291E-05 9.98291E-05 9.98291E-05 9.98291E-05 9.98291E-05 9.98291E-05 9.98291E-05 9.98291E-05 9.98291E-05 9.98291E-05 9.98291E-05 9.98291E-05 9.98291E-05 9.98291E-05 9.98291E-05 9.98291E-05 9.98291E-05 9.98291E-05 0.998103
9.98561E-05 9.98561E-05 9.98561E-05 0.823009 9.98561E-05 0.00512837 9.98561E-05 9.98561E-05 9.98561E-05 9.98561E-05 9.98561E-05 9.98561E-05 9.98561E-05 9.98561E-05 9.98561E-05 9.98561E-05 9.98561E-05 9.98561E-05 0.0180032 0.152261
9.98474E-05 9.98474E-05 9.98474E-05 9.98474E-05 9.98474E-05 9.98474E-05 0.555263 9.98474E-05 9.98474E-05 0.439433 9.98474E-05 9.98474E-05 9.98474E-05 9.98474E-05 0.00360635 9.98474E-05 9.98474E-05 9.98474E-05 9.98474E-05 9.98474E-05
9.98473E-05 9.98473E-05 9.98473E-05 9.98473E-05 9.98473E-05 9.98473E-05 0.120306 9.98473E-05 9.98473E-05 0.874139 9.98473E-05 9.98473E-05 0.00385755 9.98473E-05 9.98473E-05 9.98473E-05 9.98473E-05 9.98473E-05 9.98473E-05 9.98473E-05
9.98648E-05 0.812507 0.0536684 9.98648E-05 9.98648E-05 9.98648E-05 9.98648E-05 0.0266651 9.98648E-05 9.98648E-05 9.98648E-05 9.98648E-05 9.98648E-05 9.98648E-05 9.98648E-05 0.0603742 9.98648E-05 0.0452869 9.98648E-05 9.98648E-05
0.0154118 9.98382E-05 9.98382E-05 9.98382E-05 9.98382E-05 9.98382E-05 0.982791 9.98382E-05 9.98382E-05 9.98382E-05 9.98382E-05 9.98382E-05 9.98382E-05 9.98382E-05 9.98382E-05 9.98382E-05 9.98382E-05 9.98382E-05 9.98382E-05 9.98382E-05
9.98382E-05 9.98382E-05 9.98382E-05 9.98382E-05 9.98382E-05 9.98382E-05 0.997176 9.98382E-05 9.98382E-05 9.98382E-05 9.98382E-05 9.98382E-05 9.98382E-05 9.98382E-05 0.00102687 9.98382E-05 9.98382E-05 9.98382E-05 9.98382E-05 9.98382E-05
0.0689846 9.98653E-05 9.98653E-05 9.98653E-05 9.98653E-05 9.98653E-05 0.125043 9.98653E-05 9.98653E-05 0.213066 9.98653E-05 9.98653E-05 9.98653E-05 0.565512 9.98653E-05 9.98653E-05 9.98653E-05 9.98653E-05 0.0258965 9.98653E-05
9.98379E-05 9.98379E-05 9.98379E-05 9.98379E-05 9.98379E-05 9.98379E-05 9.98379E-05 9.98379E-05 9.98379E-05 0.051358 9.98379E-05 9.98379E-05 9.98379E-05 0.946845 9.98379E-05 9.98379E-05 9.98379E-05 9.98379E-05 9.98379E-05 9.98379E-05
9.98296E-05 9.98296E-05 9.98296E-05 9.98296E-05 9.98296E-05 9.98296E-05 9.98296E-05 9.98296E-05 0.998103 9.98296E-05 9.98296E-05 9.98296E-05 9.98296E-05 9.98296E-05 9.98296E-05 9.98296E-05 9.98296E-05 9.98296E-05 9.98296E-05 9.98296E-05
9.98563E-05 9.98563E-05 9.98563E-05 9.98563E-05 9.98563E-05 9.98563E-05 0.220245 9.98563E-05 9.98563E-05 0.64056 9.98563E-05 0.125425 0.0121726 9.98563E-05 9.98563E-05 9.98563E-05 9.98563E-05 9.98563E-05 9.98563E-05 9.98563E-05
0.661395 9.98833E-05 9.98833E-05 9.98833E-05 9.98833E-05 9.98833E-05 9.98833E-05 9.98833E-05 0.0363251 9.98833E-05 9.98833E-05 0.178083 0.018864 0.0931902 0.0103592 0.000485743 9.98833E-05 9.98833E-05 9.98833E-05 9.98833E-05
9.98827E-05 0.471215 0.201388 9.98827E-05 0.0930677 0.0655477 9.98827E-05 0.0907439 9.98827E-05 9.98827E-05 9.98827E-05 9.98827E-05 0.0397968 0.0369428 9.98827E-05 9.98827E-05 9.98827E-05 9.98827E-05 9.98827E-05 9.98827E-05
9.98828E-05 9.98828E-05 0.00819616 9.98828E-05 9.98828E-05 0.0197054 0.504114 0.00582468 9.98828E-05 0.408381 9.98828E-05 0.0391554 9.98828E-05 0.0133247 9.98828E-05 9.98828E-05 9.98828E-05 9.98828E-05 9.98828E-05 9.98828E-05
9.98651E-05 9.98651E-05 9.98651E-05 9.98651E-05 9.98651E-05 0.0185393 9.98651E-05 9.98651E-05 9.98651E-05 0.00303327 9.98651E-05 0.0228565 9.98651E-05 9.98651E-05 0.0155733 9.98651E-05 9.98651E-05 0.9385 9.98651E-05 9.98651E-05
9.99008E-05 9.99008E-05 0.0259887 9.99008E-05 0.0563752 9.99008E-05 9.99008E-05 9.99008E-05 0.178935 0.000999446 9.99008E-05 0.0567682 9.99008E-05 9.99008E-05 9.99008E-05 0.519536 9.99008E-05 0.0710666 0.0182269 0.0710048
9.98383E-05 9.98383E-05 0.991842 9.98383E-05 9.98383E-05 9.98383E-05 9.98383E-05 9.98383E-05 9.98383E-05 0.00636139 9.98383E-05 9.98383E-05 9.98383E-05 9.98383E-05 9.98383E-05 9.98383E-05 9.98383E-05 9.98383E-05 9.98383E-05 9.98383E-05
9.98381E-05 9.98381E-05 9.98381E-05 9.98381E-05 0.994637 9.98381E-05 9.98381E-05 9.98381E-05 9.98381E-05 0.00356605 9.98381E-05 9.98381E-05 9.98381E-05 9.98381E-05 9.98381E-05 9.98381E-05 9.98381E-05 9.98381E-05 9.98381E-05 9.98381E-05
9.98381E-05 9.98381E-05 9.98381E-05 9.98381E-05 0.994404 9.98381E-05 9.98381E-05 9.98381E-05 9.98381E-05 9.98381E-05 9.98381E-05 9.98381E-05 9.98381E-05 9.98381E-05 9.98381E-05 9.98381E-05 9.98381E-05 0.00379913 9.98381E-05 9.98381E-05
9.9865E-05 9.9865E-05 0.0221858 9.9865E-05 0.044819 0.0100454 9.9865E-05 9.9865E-05 9.9865E-05 9.9865E-05 9.9865E-05 9.9865E-05 9.9865E-05 9.9865E-05 9.9865E-05 0.87337 9.9865E-05 0.048082 9.9865E-05 9.9865E-05
9.9874E-05 0.0528731 9.9874E-05 0.00714667 9.9874E-05 9.9874E-05 9.9874E-05 9.9874E-05 9.9874E-05 9.9874E-05 0.840982 9.9874E-05 9.9874E-05 9.9874E-05 9.9874E-05 0.015108 0.0610606 0.0214314 9.9874E-05 9.9874E-05
9.9856E-05 9.9856E-05 0.0094651 9.9856E-05 9.9856E-05 0.0976371 9.9856E-05 9.9856E-05 9.9856E-05 9.9856E-05 0.00113503 9.9856E-05 9.9856E-05 9.9856E-05 9.9856E-05 0.890165 9.9856E-05 9.9856E-05 9.9856E-05 9.9856E-05
9.99098E-05 0.170522 9.99098E-05 0.042767 0.0785864 0.131327 9.99098E-05 0.0503601 0.0430836 9.99098E-05 0.0159901 9.99098E-05 9.99098E-05 9.99098E-05 9.99098E-05 0.30452 9.99098E-05 0.0417463 9.99098E-05 0.120099
9.99369E-05 9.99369E-05 9.99369E-05 9.99369E-05 0.147219 0.135497 9.99369E-05 0.00124587 0.0479518 0.0269064 0.0910459 0.00228421 0.0119884 0.00324494 0.00109343 0.371306 9.99369E-05 0.059999 0.0995186 9.99369E-05
9.99008E-05 0.00533321 0.0749762 9.99008E-05 9.99008E-05 0.334343 9.99008E-05 9.99008E-05 9.99008E-05 0.00912567 9.99008E-05 9.99008E-05 9.99008E-05 0.113864 0.00206708 0.20417 0.0954221 0.159601 9.99008E-05 9.99008E-05
9.98392E-05 9.98392E-05 9.98392E-05 9.98392E-05 9.98392E-05 9.98392E-05 9.98392E-05 9.98392E-05 9.98392E-05 9.98392E-05 9.98392E-05 9.98392E-05 9.98392E-05 9.98392E-05 9.98392E-05 9.98392E-05 9.98392E-05 0.986516 9.98392E-05 0.0116867
0.998103 9.98293E-05 9.98293E-05 9.98293E-05 9.98293E-05 9.98293E-05 9.98293E-05 9.98293E-05 9.98293E-05 9.98293E-05 9.98293E-05 9.98293E-05 9.98293E-05 9.98293E-05 9.98293E-05 9.98293E-05 9.98293E-05 9.98293E-05 9.98293E-05 9.98293E-05
0.998103 9.98294E-05 9.98294E-05 9.98294E-05 9.98294E-05 9.98294E-05 9.98294E-05 9.98294E-05 9.98294E-05 9.98294E-05 9.98294E-05 9.98294E-05 9.98294E-05 9.98294E-05 9.98294E-05 9.98294E-05 9.98294E-05 9.98294E-05 9.98294E-05 9.98294E-05
0.982818 9.98653E-05 9.98653E-05 9.98653E-05 9.98653E-05 9.98653E-05 9.98653E-05 0.00240691 9.98653E-05 9.98653E-05 0.00277453 9.98653E-05 9.98653E-05 9.98653E-05 9.98653E-05 0.00670482 0.00379822 9.98653E-05 9.98653E-05 9.98653E-05
0.998103 9.98294E-05 9.98294E-05 9.98294E-05 9.98294E-05 9.98294E-05 9.98294E-05 9.98294E-05 9.98294E-05 9.98294E-05 9.98294E-05 9.98294E-05 9.98294E-05 9.98294E-05 9.98294E-05 9.98294E-05 9.98294E-05 9.98294E-05 9.98294E-05 9.98294E-05
0.972581 9.98473E-05 9.98473E-05 9.98473E-05 9.98473E-05 9.98473E-05 9.98473E-05 9.98473E-05 9.98473E-05 9.98473E-05 9.98473E-05 9.98473E-05 0.0138648 0.0118572 9.98473E-05 9.98473E-05 9.98473E-05 9.98473E-05 9.98473E-05 9.98473E-05
9.98294E-05 9.98294E-05 9.98294E-05 9.98294E-05 9.98294E-05 9.98294E-05 9.98294E-05 9.98294E-05 9.98294E-05 9.98294E-05 9.98294E-05 9.98294E-05 0.998103 9.98294E-05 9.98294E-05 9.98294E-05 9.98294E-05 9.98294E-05 9.98294E-05 9.98294E-05
0.921085 9.98472E-05 9.98472E-05 9.98472E-05 9.98472E-05 9.98472E-05 9.98472E-05 9.98472E-05 0.0739239 9.98472E-05 9.98472E-05 9.98472E-05 9.98472E-05 9.98472E-05 9.98472E-05 9.98472E-05 9.98472E-05 0.0032936 9.98472E-05 9.98472E-05
9.98468E-05 9.98468E-05 9.98468E-05 9.98468E-05 9.98468E-05 0.0441469 9.98468E-05 9.98468E-05 9.98468E-05 9.98468E-05 0.18133 9.98468E-05 9.98468E-05 9.98468E-05 9.98468E-05 9.98468E-05 9.98468E-05 0.772826 9.98468E-05 9.98468E-05
0.0299889 9.9874E-05 9.9874E-05 9.9874E-05 9.9874E-05 9.9874E-05 0.0233567 0.00179035 0.902795 9.9874E-05 9.9874E-05 9.9874E-05 9.9874E-05 9.9874E-05 0.00472949 9.9874E-05 0.0359417 9.9874E-05 9.9874E-05 9.9874E-05
9.9883E-05 9.9883E-05 9.9883E-05 9.9883E-05 0.0100681 0.000768597 0.306118 9.9883E-05 0.000298616 0.646228 9.9883E-05 9.9883E-05 0.00801314 0.0272069 9.9883E-05 9.9883E-05 9.9883E-05 9.9883E-05 9.9883E-05 9.9883E-05
9.98473E-05 0.845175 9.98473E-05 9.98473E-05 0.141784 9.98473E-05 9.98473E-05 0.0113432 9.98473E-05 9.98473E-05 9.98473E-05 9.98473E-05 9.98473E-05 9.98473E-05 9.98473E-05 9.98473E-05 9.98473E-05 9.98473E-05 9.98473E-05 9.98473E-05
9.98384E-05 9.98384E-05 9.98384E-05 9.98384E-05 9.98384E-05 0.111308 9.98384E-05 9.98384E-05 9.98384E-05 9.98384E-05 0.886895 9.98384E-05 9.98384E-05 9.98384E-05 9.98384E-05 9.98384E-05 9.98384E-05 9.98384E-05 9.98384E-05 9.98384E-05
9.98476E-05 0.974466 9.98476E-05 9.98476E-05 9.98476E-05 9.98476E-05 9.98476E-05 9.98476E-05 9.98476E-05 9.98476E-05 9.98476E-05 0.000387033 9.98476E-05 9.98476E-05 9.98476E-05 9.98476E-05 0.0234496 9.98476E-05 9.98476E-05 9.98476E-05
9.98559E-05 0.852583 9.98559E-05 9.98559E-05 9.98559E-05 9.98559E-05 9.98559E-05 9.98559E-05 9.98559E-05 0.00764801 9.98559E-05 9.98559E-05 9.98559E-05 9.98559E-05 9.98559E-05 0.129761 9.98559E-05 0.00841003 9.98559E-05 9.98559E-05
9.98649E-05 0.793388 9.98649E-05 9.98649E-05 0.0187676 0.0625076 9.98649E-05 0.0357482 9.98649E-05 9.98649E-05 9.98649E-05 9.98649E-05 9.98649E-05 9.98649E-05 9.98649E-05 0.088091 9.98649E-05 9.98649E-05 9.98649E-05 9.98649E-05
9.98293E-05 9.98293E-05 9.98293E-05 9.98293E-05 9.98293E-05 9.98293E-05 9.98293E-05 9.98293E-05 9.98293E-05 9.98293E-05 9.98293E-05 9.98293E-05 9.98293E-05 9.98293E-05 9.98293E-05 9.98293E-05 9.98293E-05 9.98293E-05 0.998103 9.98293E-05
9.98388E-05 9.98388E-05 9.98388E-05 9.98388E-05 9.98388E-05 9.98388E-05 0.710597 9.98388E-05 9.98388E-05 0.287606 9.98388E-05 9.98388E-05 9.98388E-05 9.98388E-05 9.98388E-05 9.98388E-05 9.98388E-05 9.98388E-05 9.98388E-05 9.98388E-05
0.134185 0.10709 9.9955E-05 0.013576 0.0376673 0.0515301 0.0359874 0.0227026 0.0909301 0.113115 0.271096 9.9955E-05 0.00320999 0.0285564 9.9955E-05 9.9955E-05 0.0292667 9.9955E-05 0.0445975 0.0159905
9.98403E-05 9.98403E-05 9.98403E-05 9.98403E-05 9.98403E-05 9.98403E-05 9.98403E-05 9.98403E-05 9.98403E-05 0.824892 0.0156598 0.0400509 9.98403E-05 9.98403E-05 0.1178 9.98403E-05 9.98403E-05 9.98403E-05 9.98403E-05 9.98403E-05
0.0197976 9.9883E-05 9.9883E-05 9.9883E-05 0.0177279 9.9883E-05 0.0786791 9.9883E-05 9.9883E-05 0.775849 9.9883E-05 9.9883E-05 9.9883E-05 0.0771262 9.9883E-05 9.9883E-05 0.0269055 0.00261614 9.9883E-05 9.9883E-05
9.98472E-05 9.98472E-05 9.98472E-05 9.98472E-05 9.98472E-05 9.98472E-05 0.972499 9.98472E-05 0.00372894 9.98472E-05 0.022075 9.98472E-05 9.98472E-05 9.98472E-05 9.98472E-05 9.98472E-05 9.98472E-05 9.98472E-05 9.98472E-05 9.98472E-05
9.98564E-05 9.98564E-05 9.98564E-05 0.00366881 9.98564E-05 9.98564E-05 0.977566 9.98564E-05 9.98564E-05 9.98564E-05 0.00372984 9.98564E-05 9.98564E-05 9.98564E-05 9.98564E-05 9.98564E-05 9.98564E-05 0.0134376 9.98564E-05 9.98564E-05
9.98473E-05 9.98473E-05 9.98473E-05 9.98473E-05 0.0545164 9.98473E-05 9.98473E-05 9.98473E-05 9.98473E-05 0.644805 9.98473E-05 9.98473E-05 9.98473E-05 0.298981 9.98473E-05 9.98473E-05 9.98473E-05 9.98473E-05 9.98473E-05 9.98473E-05
9.98559E-05 9.98559E-05 9.98559E-05 9.98559E-05 0.0114684 0.018488 0.395021 9.98559E-05 9.98559E-05 0.573425 9.98559E-05 9.98559E-05 9.98559E-05 9.98559E-05 9.98559E-05 9.98559E-05 9.98559E-05 9.98559E-05 9.98559E-05 9.98559E-05
0.0441947 9.98381E-05 9.98381E-05 9.98381E-05 9.98381E-05 9.98381E-05 9.98381E-05 9.98381E-05 9.98381E-05 9.98381E-05 9.98381E-05 0.954008 9.98381E-05 9.98381E-05 9.98381E-05 9.98381E-05 9.98381E-05 9.98381E-05 9.98381E-05 9.98381E-05
9.98381E-05 0.039022 9.98381E-05 9.98381E-05 9.98381E-05 9.98381E-05 9.98381E-05 9.98381E-05 9.98381E-05 9.98381E-05 9.98381E-05 0.959181 9.98381E-05 9.98381E-05 9.98381E-05 9.98381E-05 9.98381E-05 9.98381E-05 9.98381E-05 9.98381E-05
0.0128633 0.0101851 9.98922E-05 0.000957001 9.98922E-05 9.98922E-05 0.127906 0.00311886 9.98922E-05 0.809939 0.000494254 9.98922E-05 0.0333383 9.98922E-05 9.98922E-05 9.98922E-05 9.98922E-05 9.98922E-05 9.98922E-05 9.98922E-05
0.000643193 9.9883E-05 9.9883E-05 9.9883E-05 0.000546644 9.9883E-05 9.9883E-05 9.9883E-05 0.00388946 0.0263296 0.935411 0.0141539 9.9883E-05 9.9883E-05 9.9883E-05 9.9883E-05 9.9883E-05 9.9883E-05 9.9883E-05 0.0177274
9.98381E-05 9.98381E-05 9.98381E-05 9.98381E-05 9.98381E-05 9.98381E-05 9.98381E-05 9.98381E-05 9.98381E-05 0.00207941 0.996124 9.98381E-05 9.98381E-05 9.98381E-05 9.98381E-05 9.98381E-05 9.98381E-05 9.98381E-05 9.98381E-05 9.98381E-05
9.98383E-05 9.98383E-05 9.98383E-05 9.98383E-05 9.98383E-05 9.98383E-05 9.98383E-05 0.987167 9.98383E-05 9.98383E-05 9.98383E-05 9.98383E-05 9.98383E-05 9.98383E-05 9.98383E-05 9.98383E-05 9.98383E-05 0.0110359 9.98383E-05 9.98383E-05
9.98474E-05 9.98474E-05 9.98474E-05 0.00625896 0.0093902 9.98474E-05 9.98474E-05 0.982653 9.98474E-05 9.98474E-05 9.98474E-05 9.98474E-05 9.98474E-05 9.98474E-05 9.98474E-05 9.98474E-05 9.98474E-05 9.98474E-05 9.98474E-05 9.98474E-05
9.98739E-05 0.042095 9.98739E-05 9.98739E-05 0.081178 9.98739E-05 9.98739E-05 9.98739E-05 0.0897836 9.98739E-05 0.0246582 9.98739E-05 9.98739E-05 9.98739E-05 9.98739E-05 0.757334 9.98739E-05 0.00355318 9.98739E-05 9.98739E-05
0.00247978 0.0452296 9.99009E-05 0.0046134 0.0199131 9.99009E-05 0.00144882 9.99009E-05 0.0691993 9.99009E-05 0.0620812 9.99009E-05 9.99009E-05 9.99009E-05 9.99009E-05 0.770161 9.99009E-05 0.0237747 9.99009E-05 9.99009E-05
9.98563E-05 9.98563E-05 0.00605019 9.98563E-05 9.98563E-05 9.98563E-05 9.98563E-05 0.951018 9.98563E-05 9.98563E-05 0.0256798 9.98563E-05 9.98563E-05 9.98563E-05 9.98563E-05 9.98563E-05 9.98563E-05 9.98563E-05 9.98563E-05 0.015654
9.98295E-05 9.98295E-05 9.98295E-05 9.98295E-05 9.98295E-05 9.98295E-05 9.98295E-05 0.998103 9.98295E-05 9.98295E-05 9.98295E-05 9.98295E-05 9.98295E-05 9.98295E-05 9.98295E-05 9.98295E-05 9.98295E-05 9.98295E-05 9.98295E-05 9.98295E-05
0.0202688 0.0300868 9.9856E-05 9.9856E-05 9.9856E-05 9.9856E-05 9.9856E-05 9.9856E-05 9.9856E-05 9.9856E-05 9.9856E-05 9.9856E-05 9.9856E-05 9.9856E-05 9.9856E-05 9.9856E-05 0.000403476 0.947643 9.9856E-05 9.9856E-05
9.9865E-05 0.137271 9.9865E-05 0.0368314 0.690524 9.9865E-05 9.9865E-05 9.9865E-05 9.9865E-05 9.9865E-05 0.056228 9.9865E-05 9.9865E-05 9.9865E-05 9.9865E-05 9.9865E-05 0.0776474 9.9865E-05 9.9865E-05 9.9865E-05
0.0140352 9.9856E-05 9.9856E-05 9.9856E-05 9.9856E-05 9.9856E-05 9.9856E-05 9.9856E-05 0.907705 9.9856E-05 9.9856E-05 9.9856E-05 0.0117623 9.9856E-05 9.9856E-05 9.9856E-05 0.0648996 9.9856E-05 9.9856E-05 9.9856E-05
9.98381E-05 9.98381E-05 9.98381E-05 9.98381E-05 9.98381E-05 0.92148 9.98381E-05 9.98381E-05 9.98381E-05 9.98381E-05 9.98381E-05 9.98381E-05 9.98381E-05 9.98381E-05 9.98381E-05 9.98381E-05 9.98381E-05 9.98381E-05 9.98381E-05 0.0767227
9.98383E-05 9.98383E-05 0.0139853 9.98383E-05 9.98383E-05 0.984218 9.98383E-05 9.98383E-05 9.98383E-05 9.98383E-05 9.98383E-05 9.98383E-05 9.98383E-05 9.98383E-05 9.98383E-05 9.98383E-05 9.98383E-05 9.98383E-05 9.98383E-05 9.98383E-05
9.98292E-05 9.98292E-05 9.98292E-05 9.98292E-05 9.98292E-05 9.98292E-05 9.98292E-05 9.98292E-05 9.98292E-05 9.98292E-05 9.98292E-05 9.98292E-05 9.98292E-05 0.998103 9.98292E-05 9.98292E-05 9.98292E-05 9.98292E-05 9.98292E-05 9.98292E-05
