9.99459E-05 9.99459E-05 0.0783289 9.99459E-05 9.99459E-05 9.99459E-05 0.921071 9.99459E-05
9.99729E-05 0.0695233 0.0186816 9.99729E-05 0.596311 0.177851 0.137333 9.99729E-05
0.0395085 0.00519186 9.99733E-05 9.99733E-05 0.0440449 0.80678 9.99733E-05 0.104175
9.9955E-05 0.0176029 0.0138104 9.9955E-05 9.9955E-05 0.968087 9.9955E-05 9.9955E-05
9.99731E-05 9.99731E-05 0.150851 0.0675937 0.359506 0.381547 0.0402032 9.99731E-05
9.9955E-05 0.00285298 0.0161076 9.9955E-05 9.9955E-05 0.98054 9.9955E-05 9.9955E-05
9.9946E-05 9.9946E-05 9.9946E-05 9.9946E-05 0.75326 9.9946E-05 9.9946E-05 0.24614
9.9973E-05 0.0166051 0.0148518 0.226135 0.354521 0.387588 9.9973E-05 9.9973E-05
9.9946E-05 9.9946E-05 9.9946E-05 9.9946E-05 0.799503 9.9946E-05 9.9946E-05 0.199897
9.99461E-05 9.99461E-05 0.928943 9.99461E-05 0.0704578 9.99461E-05 9.99461E-05 9.99461E-05
9.99462E-05 9.99462E-05 0.969627 9.99462E-05 0.0297738 9.99462E-05 9.99462E-05 9.99462E-05
9.9964E-05 0.130966 9.9964E-05 9.9964E-05 9.9964E-05 0.0297859 0.678041 0.160807
9.99461E-05 9.99461E-05 9.99461E-05 9.99461E-05 9.99461E-05 0.00697033 9.99461E-05 0.99243
0.00920484 9.9964E-05 9.9964E-05 9.9964E-05 9.9964E-05 0.962402 0.0248706 0.00312277
0.00886768 9.9964E-05 0.0189776 9.9964E-05 9.9964E-05 0.929689 0.0420658 9.9964E-05
9.9973E-05 9.9973E-05 0.539927 0.00363123 0.0452487 9.9973E-05 0.0869375 0.323956
0.0614425 0.312985 0.393834 9.9973E-05 9.9973E-05 9.9973E-05 0.01567 0.215769
0.708416 9.99729E-05 0.108742 0.0626331 0.0332286 9.99729E-05 0.0866801 9.99729E-05
0.915873 0.083527 9.9946E-05 9.9946E-05 9.9946E-05 9.9946E-05 9.9946E-05 9.9946E-05
9.9964E-05 0.0488583 0.794601 9.9964E-05 9.9964E-05 9.9964E-05 0.13684 0.0193003
0.9993 9.994E-05 9.994E-05 9.994E-05 9.994E-05 9.994E-05 9.994E-05 9.994E-05
9.9955E-05 9.9955E-05 0.329364 9.9955E-05 9.9955E-05 9.9955E-05 0.573653 0.0964834
0.41502 0.261889 0.289721 9.9964E-05 9.9964E-05 0.03297 9.9964E-05 9.9964E-05
0.890012 0.0643798 0.0451084 9.99549E-05 9.99549E-05 9.99549E-05 9.99549E-05 9.99549E-05
9.99461E-05 9.99461E-05 9.99461E-05 9.99461E-05 0.00448558 0.994915 9.99461E-05 9.99461E-05
9.994E-05 9.994E-05 9.994E-05 9.994E-05 9.994E-05 0.9993 9.994E-05 9.994E-05
9.99639E-05 0.0648676 0.0950968 9.99639E-05 9.99639E-05 9.99639E-05 0.0350051 0.804631
9.9955E-05 9.9955E-05 9.9955E-05 0.0393694 9.9955E-05 0.953733 9.9955E-05 0.00639798
9.9955E-05 9.9955E-05 9.9955E-05 0.0764568 0.0375489 0.885494 9.9955E-05 9.9955E-05
0.0341381 0.0255999 9.99731E-05 0.207195 0.0294753 0.703292 9.99731E-05 9.99731E-05
9.9964E-05 0.0427568 9.9964E-05 0.177618 0.12642 0.652805 9.9964E-05 9.9964E-05
9.9964E-05 0.00131028 9.9964E-05 0.0992152 0.855639 9.9964E-05 0.0434352 9.9964E-05
9.994E-05 9.994E-05 9.994E-05 9.994E-05 9.994E-05 0.9993 9.994E-05 9.994E-05
9.99641E-05 0.0104627 9.99641E-05 0.790546 0.128753 0.0698389 9.99641E-05 9.99641E-05
9.99819E-05 0.193104 0.0790298 0.00952887 9.99819E-05 0.0475784 0.0834387 0.58712
9.99639E-05 0.00189237 9.99639E-05 9.99639E-05 0.00418129 0.974199 9.99639E-05 0.0193272
9.9946E-05 9.9946E-05 9.9946E-05 9.9946E-05 9.9946E-05 0.0137961 0.985604 9.9946E-05
0.00683746 9.9973E-05 0.707744 9.9973E-05 0.18633 0.0353486 0.0634399 9.9973E-05
0.0491153 0.371649 0.18392 9.9982E-05 9.9982E-05 0.157725 0.0581891 0.179202
9.99549E-05 9.99549E-05 0.648108 9.99549E-05 9.99549E-05 0.121736 0.229657 9.99549E-05
9.99639E-05 0.0492691 0.581101 9.99639E-05 9.99639E-05 0.101477 0.267752 9.99639E-05
9.994E-05 9.994E-05 0.9993 9.994E-05 9.994E-05 9.994E-05 9.994E-05 9.994E-05
9.99639E-05 9.99639E-05 0.482588 9.99639E-05 0.155494 9.99639E-05 0.151254 0.210264
9.9964E-05 0.00712012 0.97378 0.00416035 9.9964E-05 9.9964E-05 9.9964E-05 0.0145392
0.0994132 0.141664 0.575245 9.9964E-05 9.9964E-05 9.9964E-05 9.9964E-05 0.183278
0.0310936 0.0419116 0.659715 9.9982E-05 9.9982E-05 0.102989 0.104552 0.0595381
9.999E-05 0.113716 0.260664 0.0504598 0.00254777 0.111614 0.226364 0.234534
0.0317343 9.99463E-05 9.99463E-05 9.99463E-05 9.99463E-05 9.99463E-05 0.967666 9.99463E-05
9.994E-05 9.994E-05 9.994E-05 0.9993 9.994E-05 9.994E-05 9.994E-05 9.994E-05
9.994E-05 9.994E-05 9.994E-05 0.9993 9.994E-05 9.994E-05 9.994E-05 9.994E-05
9.99461E-05 9.99461E-05 0.00189064 0.99751 9.99461E-05 9.99461E-05 9.99461E-05 9.99461E-05
9.994E-05 9.994E-05 9.994E-05 0.9993 9.994E-05 9.994E-05 9.994E-05 9.994E-05
9.994E-05 9.994E-05 9.994E-05 0.9993 9.994E-05 9.994E-05 9.994E-05 9.994E-05
0.0294391 9.9982E-05 0.0662955 0.433428 0.181677 0.260444 9.9982E-05 0.028517
9.9964E-05 9.9964E-05 0.0383303 0.910192 0.0334692 9.9964E-05 0.0176087 9.9964E-05
9.99549E-05 9.99549E-05 0.0325027 9.99549E-05 9.99549E-05 9.99549E-05 0.897659 0.0693382
9.99729E-05 0.0107458 9.99729E-05 0.102601 0.77506 0.00583754 0.105455 9.99729E-05
9.994E-05 9.994E-05 9.994E-05 9.994E-05 9.994E-05 0.9993 9.994E-05 9.994E-05
9.9964E-05 0.0444255 9.9964E-05 0.00888534 9.9964E-05 9.9964E-05 0.119233 0.827057
9.99641E-05 9.99641E-05 0.413767 9.99641E-05 9.99641E-05 0.0534998 0.224173 0.30816
9.994E-05 9.994E-05 9.994E-05 9.994E-05 9.994E-05 9.994E-05 9.994E-05 0.9993
9.99549E-05 9.99549E-05 0.0953161 9.99549E-05 9.99549E-05 9.99549E-05 0.0225764 0.881608
9.99549E-05 0.064838 0.0900677 9.99549E-05 9.99549E-05 9.99549E-05 9.99549E-05 0.844594
0.892843 9.99461E-05 9.99461E-05 9.99461E-05 9.99461E-05 9.99461E-05 0.106558 9.99461E-05
9.994E-05 9.994E-05 9.994E-05 9.994E-05 9.994E-05 0.9993 9.994E-05 9.994E-05
0.0455015 0.0886633 0.0568065 0.0267078 0.202652 0.388753 0.0626396 0.128277
9.99552E-05 9.99552E-05 9.99552E-05 0.00431771 9.99552E-05 0.977585 9.99552E-05 0.0175978
9.9955E-05 9.9955E-05 9.9955E-05 0.012357 9.9955E-05 0.932983 0.05416 9.9955E-05
9.9964E-05 9.9964E-05 9.9964E-05 0.062875 0.0278187 0.904095 9.9964E-05 0.00481191
9.9964E-05 9.9964E-05 9.9964E-05 0.0136314 0.0248047 0.957415 0.0037487 9.9964E-05
9.99551E-05 0.0139129 0.0661142 9.99551E-05 9.99551E-05 0.919473 9.99551E-05 9.99551E-05
9.9955E-05 0.0113107 9.9955E-05 9.9955E-05 9.9955E-05 0.986416 9.9955E-05 0.00177366
9.99552E-05 9.99552E-05 9.99552E-05 0.187182 0.343402 0.468916 9.99552E-05 9.99552E-05
9.99642E-05 9.99642E-05 9.99642E-05 0.0672046 0.392251 0.484519 9.99642E-05 0.0556263
9.9964E-05 9.9964E-05 0.0369159 0.0430124 9.9964E-05 0.91095 0.00872162 9.9964E-05
9.9982E-05 9.9982E-05 0.665166 0.0257604 0.0874119 0.0650899 0.104887 0.0514848
9.9982E-05 9.9982E-05 0.603448 0.0240563 0.128564 0.0435976 0.0613394 0.138795
9.994E-05 0.9993 9.994E-05 9.994E-05 9.994E-05 9.994E-05 9.994E-05 9.994E-05
9.994E-05 0.9993 9.994E-05 9.994E-05 9.994E-05 9.994E-05 9.994E-05 9.994E-05
9.9973E-05 9.9973E-05 0.917605 0.00246769 0.0249294 0.0276015 9.9973E-05 0.0270964
9.9964E-05 9.9964E-05 0.917417 9.9964E-05 0.0155918 9.9964E-05 0.0047755 0.0618161
9.9955E-05 0.9805 0.00883992 9.9955E-05 0.0101599 9.9955E-05 9.9955E-05 9.9955E-05
9.994E-05 0.9993 9.994E-05 9.994E-05 9.994E-05 9.994E-05 9.994E-05 9.994E-05
9.99459E-05 9.99459E-05 9.99459E-05 9.99459E-05 9.99459E-05 9.99459E-05 0.961853 0.0375477
0.0344661 9.9973E-05 0.568067 9.9973E-05 0.116633 9.9973E-05 0.0556775 0.224856
9.99548E-05 9.99548E-05 9.99548E-05 0.163034 0.774944 9.99548E-05 0.0615227 9.99548E-05
0.117489 0.258319 0.244907 9.99731E-05 9.99731E-05 0.0456104 9.99731E-05 0.333375
0.0512025 0.32994 9.99641E-05 9.99641E-05 9.99641E-05 9.99641E-05 0.190379 0.428079
0.0394489 0.0240558 9.99731E-05 0.125226 0.211949 0.59902 9.99731E-05 9.99731E-05
