9.99549E-05 9.99549E-05 9.99549E-05 9.99549E-05 0.929268 0.068678 9.99549E-05 0.00155467
0.535434 9.99729E-05 9.99729E-05 0.215105 0.174545 0.0399799 9.99729E-05 0.0346365
0.0569058 0.00079057 0.055074 0.786435 9.99733E-05 9.99733E-05 9.99733E-05 0.100495
9.9955E-05 9.9955E-05 9.9955E-05 0.952754 9.9955E-05 9.9955E-05 0.00776316 0.0389834
0.353474 9.99731E-05 9.99731E-05 0.404075 0.0417278 0.158055 0.0423672 9.99731E-05
9.9955E-05 9.9955E-05 9.9955E-05 0.981305 0.0138342 0.00436106 9.9955E-05 9.9955E-05
0.780375 9.9946E-05 0.219025 9.9946E-05 9.9946E-05 9.9946E-05 9.9946E-05 9.9946E-05
0.353541 9.9964E-05 9.9964E-05 0.360948 9.9964E-05 9.9964E-05 0.225525 0.0595857
0.824123 9.99549E-05 0.17055 9.99549E-05 9.99549E-05 0.00482794 9.99549E-05 9.99549E-05
0.104861 9.99461E-05 9.99461E-05 9.99461E-05 9.99461E-05 0.894539 9.99461E-05 9.99461E-05
0.0606056 9.99461E-05 9.99461E-05 9.99461E-05 9.99461E-05 0.938795 9.99461E-05 9.99461E-05
9.9964E-05 9.9964E-05 0.118978 0.0197147 0.71155 9.9964E-05 9.9964E-05 0.149357
0.0282682 9.99461E-05 0.971132 9.99461E-05 9.99461E-05 9.99461E-05 9.99461E-05 9.99461E-05
9.9964E-05 0.0232379 9.9964E-05 0.94264 0.0331538 9.9964E-05 9.9964E-05 0.000568117
9.9955E-05 0.0073746 9.9955E-05 0.947485 0.0446401 9.9955E-05 9.9955E-05 9.9955E-05
0.0615887 9.9973E-05 0.339066 0.0266167 0.0944774 0.477951 9.9973E-05 9.9973E-05
9.9973E-05 0.0417672 0.198006 0.00388184 9.9973E-05 0.470063 9.9973E-05 0.285982
0.023721 0.726212 9.99639E-05 9.99639E-05 9.99639E-05 0.205042 0.044625 9.99639E-05
9.9946E-05 0.920136 9.9946E-05 9.9946E-05 9.9946E-05 9.9946E-05 9.9946E-05 0.0792643
9.99639E-05 9.99639E-05 0.0615551 9.99639E-05 0.137481 0.747693 9.99639E-05 0.0528704
9.994E-05 0.9993 9.994E-05 9.994E-05 9.994E-05 9.994E-05 9.994E-05 9.994E-05
9.9964E-05 9.9964E-05 0.113256 9.9964E-05 0.519903 0.345063 9.9964E-05 0.0213774
9.99641E-05 0.412933 9.99641E-05 9.99641E-05 9.99641E-05 0.278722 0.0240489 0.283896
9.99549E-05 0.875807 9.99549E-05 9.99549E-05 9.99549E-05 0.0546024 9.99549E-05 0.0690906
9.99461E-05 9.99461E-05 9.99461E-05 0.993372 9.99461E-05 9.99461E-05 9.99461E-05 0.00602815
9.994E-05 9.994E-05 9.994E-05 0.9993 9.994E-05 9.994E-05 9.994E-05 9.994E-05
9.99729E-05 9.99729E-05 0.828839 9.99729E-05 0.050236 0.0793077 0.00669665 0.0346205
9.9946E-05 9.9946E-05 9.9946E-05 0.931392 9.9946E-05 9.9946E-05 0.0680087 9.9946E-05
0.0222348 9.9964E-05 0.0285866 0.89343 9.9964E-05 9.9964E-05 0.0553492 9.9964E-05
0.0316503 0.0224403 0.00595818 0.696392 9.99821E-05 9.99821E-05 0.214891 0.0284686
0.10492 9.9964E-05 9.9964E-05 0.669553 9.9964E-05 9.9964E-05 0.175142 0.0499841
0.807873 9.9973E-05 9.9973E-05 0.0169804 0.0463939 9.9973E-05 0.128295 0.000157801
0.003568 9.99551E-05 9.99551E-05 0.993817 9.99551E-05 9.99551E-05 9.99551E-05 0.00211526
0.1247 9.99551E-05 9.99551E-05 0.0865631 9.99551E-05 9.99551E-05 0.788237 9.99551E-05
9.99819E-05 9.99819E-05 0.574903 0.0667312 0.0869172 0.0526401 0.00593505 0.212674
0.0031848 9.99639E-05 0.0203657 0.972666 0.00338359 9.99639E-05 9.99639E-05 9.99639E-05
9.9946E-05 9.9946E-05 9.9946E-05 0.0264427 0.972958 9.9946E-05 9.9946E-05 9.9946E-05
0.169304 0.0219445 9.9973E-05 0.0269551 0.11135 0.670146 9.9973E-05 9.9973E-05
9.99731E-05 0.0353503 0.193026 0.102572 9.99731E-05 0.274417 9.99731E-05 0.394335
9.99549E-05 9.99549E-05 9.99549E-05 0.124833 0.287306 0.587361 9.99549E-05 9.99549E-05
9.99729E-05 0.00496113 9.99729E-05 0.0820838 0.311784 0.587772 9.99729E-05 0.0130995
9.994E-05 9.994E-05 9.994E-05 9.994E-05 9.994E-05 0.9993 9.994E-05 9.994E-05
0.136215 9.99639E-05 0.198182 9.99639E-05 0.15578 0.509422 9.99639E-05 9.99639E-05
9.9955E-05 9.9955E-05 0.0215111 9.9955E-05 9.9955E-05 0.955978 0.0220112 9.9955E-05
0.00908408 0.115004 0.161677 9.9982E-05 0.0338093 0.58373 9.9982E-05 0.0964956
9.9973E-05 0.025512 9.9973E-05 0.108079 0.144239 0.707648 9.9973E-05 0.0142219
0.0243306 9.9991E-05 0.246212 0.0808234 0.247247 0.218696 0.0514134 0.131178
9.99463E-05 0.00508274 9.99463E-05 9.99463E-05 0.994318 9.99463E-05 9.99463E-05 9.99463E-05
9.994E-05 9.994E-05 9.994E-05 9.994E-05 9.994E-05 9.994E-05 0.9993 9.994E-05
9.9946E-05 9.9946E-05 9.9946E-05 9.9946E-05 0.0138018 9.9946E-05 0.985599 9.9946E-05
9.994E-05 9.994E-05 9.994E-05 9.994E-05 9.994E-05 9.994E-05 0.9993 9.994E-05
9.994E-05 9.994E-05 9.994E-05 9.994E-05 9.994E-05 9.994E-05 0.9993 9.994E-05
9.994E-05 9.994E-05 9.994E-05 9.994E-05 9.994E-05 9.994E-05 0.9993 9.994E-05
0.168764 0.0468476 0.0105802 0.186365 9.9991E-05 0.0543811 0.508609 0.0243528
0.0311462 9.9955E-05 9.9955E-05 9.9955E-05 0.0205357 9.9955E-05 0.947818 9.9955E-05
9.99549E-05 9.99549E-05 0.0690575 9.99549E-05 0.893041 0.037402 9.99549E-05 9.99549E-05
0.708783 9.99729E-05 9.99729E-05 0.0511742 0.0934327 9.99729E-05 0.136997 0.00931374
9.994E-05 9.994E-05 9.994E-05 0.9993 9.994E-05 9.994E-05 9.994E-05 9.994E-05
9.9964E-05 9.9964E-05 0.860598 9.9964E-05 0.0882096 9.9964E-05 0.0221174 0.0286749
0.02447 9.9973E-05 0.321122 0.0662673 0.164502 0.423339 9.9973E-05 9.9973E-05
9.994E-05 9.994E-05 0.9993 9.994E-05 9.994E-05 9.994E-05 9.994E-05 9.994E-05
9.99549E-05 9.99549E-05 0.862205 9.99549E-05 0.0216883 0.115607 9.99549E-05 9.99549E-05
9.99549E-05 9.99549E-05 0.905215 9.99549E-05 9.99549E-05 0.015832 9.99549E-05 0.0784534
9.99551E-05 0.872125 9.99551E-05 9.99551E-05 0.103966 9.99551E-05 0.0234088 9.99551E-05
9.994E-05 9.994E-05 9.994E-05 0.9993 9.994E-05 9.994E-05 9.994E-05 9.994E-05
0.147306 0.0709173 0.11597 0.197087 0.104205 0.174134 0.135321 0.0550588
9.99462E-05 9.99462E-05 0.0203611 0.979039 9.99462E-05 9.99462E-05 9.99462E-05 9.99462E-05
9.9955E-05 9.9955E-05 9.9955E-05 0.899593 0.0459672 9.9955E-05 0.0539403 9.9955E-05
0.0630349 9.9955E-05 9.9955E-05 0.91106 9.9955E-05 9.9955E-05 0.0254056 9.9955E-05
0.0659426 9.9964E-05 9.9964E-05 0.924252 0.00315643 9.9964E-05 0.00624874 9.9964E-05
0.0512053 9.99641E-05 9.99641E-05 0.867129 0.0135412 0.0677251 9.99641E-05 9.99641E-05
9.9946E-05 9.9946E-05 0.0107379 0.988662 9.9946E-05 9.9946E-05 9.9946E-05 9.9946E-05
0.335027 9.99552E-05 9.99552E-05 0.432419 9.99552E-05 9.99552E-05 0.232054 9.99552E-05
0.482256 9.99641E-05 0.0297202 0.398362 9.99641E-05 9.99641E-05 0.089262 9.99641E-05
9.9955E-05 9.9955E-05 9.9955E-05 0.976094 9.9955E-05 0.00586828 0.0175384 9.9955E-05
0.145355 9.9991E-05 0.068102 0.0343532 0.117456 0.564443 0.0322636 0.0379271
0.193056 9.9991E-05 0.108244 0.0317368 0.0820168 0.547839 0.0299381 0.00706981
9.994E-05 9.994E-05 9.994E-05 9.994E-05 9.994E-05 9.994E-05 9.994E-05 0.9993
9.994E-05 9.994E-05 9.994E-05 9.994E-05 9.994E-05 9.994E-05 9.994E-05 0.9993
0.0848979 9.99549E-05 9.99549E-05 9.99549E-05 0.0134329 0.901169 9.99549E-05 9.99549E-05
0.0546876 9.9964E-05 0.0282936 9.9964E-05 0.00695783 0.909661 9.9964E-05 9.9964E-05
0.0112198 9.9946E-05 9.9946E-05 9.9946E-05 9.9946E-05 9.9946E-05 9.9946E-05 0.988181
9.994E-05 9.994E-05 9.994E-05 9.994E-05 9.994E-05 9.994E-05 9.994E-05 0.9993
9.99459E-05 9.99459E-05 0.0436943 9.99459E-05 0.955706 9.99459E-05 9.99459E-05 9.99459E-05
0.158786 0.0618749 0.208058 9.9973E-05 0.0846837 0.486298 9.9973E-05 9.9973E-05
0.741589 9.99548E-05 9.99548E-05 9.99548E-05 0.091839 9.99548E-05 0.166072 9.99548E-05
9.99731E-05 0.106221 0.387855 0.0536292 9.99731E-05 0.260438 9.99731E-05 0.191557
9.99641E-05 0.0637078 0.446133 9.99641E-05 0.188346 9.99641E-05 9.99641E-05 0.301413
0.18431 0.0216636 9.99731E-05 0.570369 9.99731E-05 9.99731E-05 0.190117 0.0332411
