9.998E-05 9.998E-05 0.9997 9.998E-05
0.308318 9.9991E-05 0.374324 0.317257
0.816503 0.0298882 0.064901 0.0887081
0.9997 9.998E-05 9.998E-05 9.998E-05
0.405194 9.9991E-05 0.258559 0.336147
0.9997 9.998E-05 9.998E-05 9.998E-05
9.99821E-05 9.99821E-05 0.556957 0.442843
0.41301 9.9991E-05 0.0789522 0.507937
9.99821E-05 9.99821E-05 0.511212 0.488588
9.9982E-05 9.9982E-05 0.855661 0.144139
9.9982E-05 9.9982E-05 0.863526 0.136274
0.0842363 9.9982E-05 0.915564 9.9982E-05
0.0817272 9.99821E-05 0.918073 9.99821E-05
0.976224 0.0235763 9.9982E-05 9.9982E-05
0.962207 0.0215696 0.0161236 9.9991E-05
0.000367144 9.9991E-05 0.926317 0.0732161
0.0614344 0.13904 0.799425 9.9991E-05
9.9991E-05 0.743291 0.147575 0.109034
9.998E-05 0.9997 9.998E-05 9.998E-05
9.9982E-05 9.9982E-05 0.964825 0.0349753
9.998E-05 0.9997 9.998E-05 9.998E-05
9.9982E-05 9.9982E-05 0.969018 0.0307819
0.0483533 0.525144 0.383318 0.0431845
9.998E-05 0.9997 9.998E-05 9.998E-05
0.981908 9.9982E-05 9.9982E-05 0.0178916
0.9997 9.998E-05 9.998E-05 9.998E-05
9.998E-05 9.998E-05 0.9997 9.998E-05
0.919761 9.9982E-05 9.9982E-05 0.0800385
0.863704 9.9982E-05 9.9982E-05 0.136096
0.751977 0.0198143 9.9991E-05 0.228109
0.640912 0.0170913 9.9991E-05 0.341897
0.0915903 9.99911E-05 0.270214 0.638096
0.9997 9.998E-05 9.998E-05 9.998E-05
0.0412867 9.9982E-05 9.9982E-05 0.958513
0.106315 9.9982E-05 0.893485 9.9982E-05
0.974504 9.9982E-05 9.9982E-05 0.0252965
0.0837199 9.99821E-05 0.91608 9.99821E-05
0.035799 0.0062523 0.787776 0.170172
0.192017 0.133168 0.674715 9.9991E-05
0.154339 9.9982E-05 0.845461 9.9982E-05
0.113918 9.9991E-05 0.87559 0.0103914
9.9991E-05 0.00779274 0.968265 0.0238422
9.9982E-05 9.9982E-05 0.886822 0.112978
9.9982E-05 9.9982E-05 0.925446 0.0743537
9.9991E-05 0.133126 0.824918 0.0418562
0.0458363 0.0356369 0.844034 0.0744924
0.140034 9.9991E-05 0.80484 0.0550254
9.99911E-05 0.035614 0.945869 0.0184175
9.998E-05 9.998E-05 9.998E-05 0.9997
9.998E-05 9.998E-05 9.998E-05 0.9997
9.998E-05 9.998E-05 9.998E-05 0.9997
9.998E-05 9.998E-05 9.998E-05 0.9997
9.998E-05 9.998E-05 9.998E-05 0.9997
0.233857 0.0754123 0.0299007 0.66083
9.998E-05 9.998E-05 9.998E-05 0.9997
9.998E-05 9.998E-05 0.9997 9.998E-05
0.0645903 9.9991E-05 0.325548 0.609762
0.9997 9.998E-05 9.998E-05 9.998E-05
9.998E-05 9.998E-05 0.9997 9.998E-05
0.0623218 9.9991E-05 0.929937 0.00764158
9.998E-05 9.998E-05 0.9997 9.998E-05
9.998E-05 9.998E-05 0.9997 9.998E-05
9.9982E-05 0.00911271 0.990687 9.9982E-05
0.0181777 0.930649 0.000413143 0.0507605
0.9997 9.998E-05 9.998E-05 9.998E-05
0.286421 0.086884 0.42713 0.199565
0.982119 9.99821E-05 0.0176815 9.99821E-05
0.970724 9.9991E-05 0.00207503 0.0271006
0.878042 9.9982E-05 9.9982E-05 0.121758
0.950704 0.00265313 9.9991E-05 0.0465428
0.935143 9.9991E-05 0.0601005 0.00465649
0.977758 9.9982E-05 9.9982E-05 0.0220422
0.48543 9.99821E-05 9.99821E-05 0.51437
0.556922 0.00764026 0.0342636 0.401174
0.989065 9.9982E-05 0.0107349 9.9982E-05
0.0338447 9.9991E-05 0.785592 0.180463
0.0208384 9.9991E-05 0.786871 0.192191
0.14504 0.196689 0.658172 9.9991E-05
0.129007 0.204651 0.666242 9.9991E-05
9.99819E-05 9.99819E-05 0.890074 0.109726
9.9982E-05 9.9982E-05 0.873605 0.126195
0.127424 0.204434 0.66267 0.00547169
0.143974 0.197627 0.658299 9.9991E-05
9.9982E-05 9.9982E-05 0.9839 0.0159005
9.9991E-05 0.0367665 0.88771 0.0754238
0.0518191 9.9991E-05 0.279062 0.669019
0.098 0.175605 0.726295 9.9991E-05
0.0364459 0.156735 0.806719 9.9991E-05
0.549418 0.0611676 9.9991E-05 0.389315
