9.996E-05 9.996E-05 9.996E-05 0.9995 9.996E-05 9.996E-05
0.306924 9.9973E-05 0.260611 0.432166 9.9973E-05 9.9973E-05
0.76096 0.0380174 0.0692212 9.99911E-05 0.0692663 0.0624347
0.960475 9.9973E-05 0.0301765 9.9973E-05 9.9973E-05 0.00904852
0.455191 9.99731E-05 0.299495 0.245015 9.99731E-05 9.99731E-05
0.981578 0.00479354 9.9973E-05 0.0133286 9.9973E-05 9.9973E-05
0.00979782 9.99731E-05 0.422576 9.99731E-05 0.567327 9.99731E-05
0.420773 9.9982E-05 0.4767 0.0738469 9.9982E-05 0.0284799
0.00601771 9.99821E-05 0.432246 0.116999 0.444537 9.99821E-05
9.9982E-05 9.9982E-05 0.15454 0.716161 0.0549806 0.0741182
9.9982E-05 9.9982E-05 0.111039 0.688772 0.100373 0.0996159
0.0467002 9.9982E-05 9.9982E-05 0.633171 0.198438 0.121491
9.996E-05 9.996E-05 9.996E-05 9.996E-05 0.9995 9.996E-05
0.945449 0.0353648 9.9982E-05 0.00611722 9.9982E-05 0.0128686
0.924444 0.0116535 9.9982E-05 0.052754 9.9982E-05 0.0109487
0.036931 9.9991E-05 0.0145436 0.584826 0.357265 0.00633484
0.00142558 0.0813778 9.9991E-05 0.410088 0.166036 0.340973
9.9973E-05 0.720519 0.0379785 0.241203 9.9973E-05 9.9973E-05
9.9964E-05 0.901636 9.9964E-05 9.9964E-05 9.9964E-05 0.097964
9.9973E-05 9.9973E-05 9.9973E-05 0.821949 0.0657085 0.112043
9.996E-05 0.9995 9.996E-05 9.996E-05 9.996E-05 9.996E-05
9.9973E-05 9.9973E-05 9.9973E-05 0.893945 0.0693027 0.0364521
0.010888 0.441418 0.0520582 0.15325 9.9991E-05 0.342286
9.9964E-05 0.886168 9.9964E-05 9.9964E-05 9.9964E-05 0.113432
0.990977 9.9964E-05 0.00862282 9.9964E-05 9.9964E-05 9.9964E-05
0.9995 9.996E-05 9.996E-05 9.996E-05 9.996E-05 9.996E-05
9.99729E-05 9.99729E-05 9.99729E-05 0.191086 0.715091 0.0935229
0.927245 9.9973E-05 0.0592488 9.9973E-05 0.0132066 9.9973E-05
0.931513 9.9973E-05 0.0648727 9.9973E-05 0.00331483 9.9973E-05
0.660839 0.0361128 0.250822 9.9982E-05 9.9982E-05 0.0520269
0.673307 9.9973E-05 0.274361 9.9973E-05 9.9973E-05 0.0520317
0.0881271 9.99731E-05 0.56041 0.351163 9.99731E-05 9.99731E-05
0.9995 9.996E-05 9.996E-05 9.996E-05 9.996E-05 9.996E-05
0.0989184 9.9973E-05 0.877519 9.9973E-05 9.9973E-05 0.0232627
0.0564293 9.99819E-05 9.99819E-05 0.16764 0.55401 0.22172
0.987181 9.99639E-05 9.99639E-05 9.99639E-05 0.0124191 9.99639E-05
0.0492187 9.99642E-05 9.99642E-05 0.950381 9.99642E-05 9.99642E-05
0.0355802 0.0501911 0.159565 0.746747 0.00781739 9.9991E-05
0.151816 0.0668745 9.9991E-05 0.295031 0.137918 0.34826
0.107135 9.9973E-05 9.9973E-05 0.891235 9.9973E-05 0.00133037
0.0730445 0.00567054 9.9982E-05 0.89903 9.9982E-05 0.0220546
9.9991E-05 0.033469 0.00325826 0.901137 0.0317586 0.0302774
9.9973E-05 9.9973E-05 0.0526527 0.712129 0.234919 9.9973E-05
9.9991E-05 0.0221416 0.0614113 0.782127 0.0518447 0.0823759
9.999E-05 0.110903 0.0315735 0.508022 0.193097 0.156304
0.0617196 0.0808382 0.057578 0.707119 0.0381596 0.054586
0.0820228 9.9991E-05 0.081618 0.47589 0.230348 0.130021
9.996E-05 9.996E-05 9.996E-05 0.9995 9.996E-05 9.996E-05
9.996E-05 9.996E-05 0.9995 9.996E-05 9.996E-05 9.996E-05
9.996E-05 9.996E-05 0.9995 9.996E-05 9.996E-05 9.996E-05
9.996E-05 9.996E-05 0.9995 9.996E-05 9.996E-05 9.996E-05
9.996E-05 9.996E-05 0.9995 9.996E-05 9.996E-05 9.996E-05
9.996E-05 9.996E-05 0.9995 9.996E-05 9.996E-05 9.996E-05
0.267377 0.0112501 0.623872 0.0586873 0.0387137 9.9991E-05
9.996E-05 9.996E-05 0.9995 9.996E-05 9.996E-05 9.996E-05
9.9964E-05 9.9964E-05 9.9964E-05 0.948126 0.0514737 9.9964E-05
0.105537 9.9973E-05 0.555683 0.33848 9.9973E-05 9.9973E-05
0.9995 9.996E-05 9.996E-05 9.996E-05 9.996E-05 9.996E-05
9.9982E-05 9.9982E-05 0.00319528 0.0572495 0.866384 0.0729711
0.0885376 9.9973E-05 9.9973E-05 0.572392 0.338771 9.9973E-05
9.996E-05 9.996E-05 9.996E-05 9.996E-05 0.9995 9.996E-05
9.99639E-05 9.99639E-05 9.99639E-05 0.115808 0.883792 9.99639E-05
9.99819E-05 0.00467555 9.99819E-05 0.0445374 0.864582 0.0860053
9.99641E-05 0.881632 9.99641E-05 0.117968 9.99641E-05 9.99641E-05
0.9995 9.996E-05 9.996E-05 9.996E-05 9.996E-05 9.996E-05
0.203162 9.999E-05 0.234676 0.279149 0.158725 0.124188
0.968585 9.99731E-05 9.99731E-05 0.0170256 0.0140896 9.99731E-05
0.970974 9.9964E-05 9.9964E-05 0.0286257 9.9964E-05 9.9964E-05
0.913316 9.9973E-05 0.0671239 9.9973E-05 0.0192603 9.9973E-05
0.94005 0.00542515 0.0542245 9.9973E-05 9.9973E-05 9.9973E-05
0.885586 9.99731E-05 9.99731E-05 0.0993706 9.99731E-05 0.014744
0.9995 9.996E-05 9.996E-05 9.996E-05 9.996E-05 9.996E-05
0.485608 9.99642E-05 0.513992 9.99642E-05 9.99642E-05 9.99642E-05
0.516762 0.00347713 0.302522 9.99821E-05 0.177039 9.99821E-05
0.941462 9.9973E-05 0.00982038 0.0484172 9.9973E-05 9.9973E-05
0.0517319 9.9991E-05 0.117282 0.675654 0.108621 0.046611
0.0127819 9.9991E-05 0.161316 0.644711 0.135026 0.0460652
9.996E-05 9.996E-05 9.996E-05 9.996E-05 9.996E-05 0.9995
9.996E-05 9.996E-05 9.996E-05 9.996E-05 9.996E-05 0.9995
9.9982E-05 9.9982E-05 0.104154 0.793783 0.0571078 0.0447546
9.998E-05 9.998E-05 0.075346 0.785203 0.104349 0.0349014
9.996E-05 9.996E-05 9.996E-05 9.996E-05 9.996E-05 0.9995
9.996E-05 9.996E-05 9.996E-05 9.996E-05 9.996E-05 0.9995
9.99641E-05 9.99641E-05 9.99641E-05 0.93844 0.0611601 9.99641E-05
0.0160685 0.0680452 0.00659791 0.674613 0.234575 9.999E-05
0.111752 9.9982E-05 0.582276 0.282711 0.0230617 9.9982E-05
0.0768756 0.148696 9.9991E-05 0.181262 0.312666 0.2804
9.99821E-05 0.07761 9.99821E-05 0.227108 0.379852 0.31523
0.634195 0.0535742 0.288483 9.99821E-05 9.99821E-05 0.0235472
