0.9997 9.998E-05 9.998E-05 9.998E-05
0.380907 0.293029 0.325964 9.9991E-05
9.999E-05 0.805507 0.128451 0.0659423
0.000451733 0.999348 9.9982E-05 9.9982E-05
0.22199 0.436517 0.341393 9.9991E-05
9.9982E-05 0.993266 9.9982E-05 0.00653431
0.517565 0.0167043 0.465631 9.99911E-05
0.0818456 0.401278 0.516776 9.9991E-05
0.49987 9.99821E-05 0.49993 9.99821E-05
0.844338 9.9982E-05 0.155462 9.9982E-05
0.827431 9.9982E-05 0.172369 9.9982E-05
0.893358 0.106442 9.9982E-05 9.9982E-05
0.931824 0.0679762 9.99821E-05 9.99821E-05
9.9982E-05 0.985208 9.9982E-05 0.0145922
0.0375026 0.958465 9.9991E-05 0.00393205
0.933907 9.9982E-05 0.0658925 9.9982E-05
0.804687 0.0340886 9.9991E-05 0.161125
0.169622 9.9991E-05 0.0849474 0.745331
9.998E-05 9.998E-05 9.998E-05 0.9997
0.9696 9.9982E-05 0.0302001 9.9982E-05
9.998E-05 9.998E-05 9.998E-05 0.9997
0.986193 9.9982E-05 0.0136074 9.9982E-05
0.362546 0.0262864 0.0737385 0.537429
0.0556315 9.9982E-05 9.9982E-05 0.944168
9.998E-05 0.9997 9.998E-05 9.998E-05
9.998E-05 0.9997 9.998E-05 9.998E-05
0.9997 9.998E-05 9.998E-05 9.998E-05
9.9982E-05 0.932987 0.0668134 9.9982E-05
9.9982E-05 0.870488 0.129312 9.9982E-05
0.00137372 0.656192 0.306778 0.0356567
9.9991E-05 0.645596 0.340082 0.0142215
0.249674 0.0655752 0.684651 9.9991E-05
9.998E-05 0.9997 9.998E-05 9.998E-05
9.9982E-05 0.0700297 0.92977 9.9982E-05
0.914244 0.085556 9.9982E-05 9.9982E-05
9.998E-05 0.9997 9.998E-05 9.998E-05
0.92288 0.0769204 9.9982E-05 9.9982E-05
0.744413 0.0318893 0.207219 0.016479
0.675191 0.180844 9.9991E-05 0.143865
0.879489 0.120311 9.9982E-05 9.9982E-05
0.872462 0.0802353 0.0472023 9.9991E-05
0.973431 9.9991E-05 0.0189913 0.00747738
0.89482 9.9982E-05 0.10498 9.9982E-05
0.92659 9.9982E-05 0.07321 9.9982E-05
0.818908 9.9991E-05 0.0413033 0.139689
0.788448 0.125673 0.0417075 0.0441722
0.797236 0.121317 0.0813469 9.9991E-05
0.935521 9.99911E-05 0.0378821 0.026497
9.998E-05 9.998E-05 0.9997 9.998E-05
9.998E-05 9.998E-05 0.9997 9.998E-05
9.998E-05 9.998E-05 0.9997 9.998E-05
9.998E-05 9.998E-05 0.9997 9.998E-05
9.998E-05 9.998E-05 0.9997 9.998E-05
0.060569 0.219286 0.696091 0.0240534
9.998E-05 9.998E-05 0.9997 9.998E-05
0.995289 9.9982E-05 0.00451137 9.9982E-05
0.27714 0.101402 0.621358 9.9991E-05
9.998E-05 0.9997 9.998E-05 9.998E-05
0.9997 9.998E-05 9.998E-05 9.998E-05
0.944019 0.055781 9.9982E-05 9.9982E-05
0.9997 9.998E-05 9.998E-05 9.998E-05
0.99428 0.00552007 9.9982E-05 9.9982E-05
0.984355 9.9982E-05 9.9982E-05 0.015445
0.0720295 9.9991E-05 0.0458465 0.882024
9.998E-05 0.9997 9.998E-05 9.998E-05
0.570355 0.3705 0.052117 0.00702788
9.99821E-05 0.991007 0.00879317 9.99821E-05
9.9982E-05 0.976175 0.023625 9.9982E-05
9.9982E-05 0.917516 0.0822845 9.9982E-05
9.9982E-05 0.915659 0.0841408 9.9982E-05
0.033793 0.924704 0.0414032 9.9991E-05
9.998E-05 0.9997 9.998E-05 9.998E-05
9.99821E-05 0.440229 0.559571 9.99821E-05
0.0290572 0.533715 0.437128 9.99911E-05
0.0163762 0.983424 9.9982E-05 9.9982E-05
0.782607 0.0513976 0.165895 9.9991E-05
0.805361 0.0328702 0.161669 9.9991E-05
0.676773 0.110481 9.9991E-05 0.212646
0.657034 0.1345 9.9991E-05 0.208366
0.852658 9.99819E-05 0.147142 9.99819E-05
0.852062 9.99819E-05 0.147738 9.99819E-05
0.652029 0.121173 9.9991E-05 0.226697
0.621865 0.154034 9.9991E-05 0.224001
0.965123 9.9982E-05 0.0346771 9.9982E-05
0.884991 9.9991E-05 0.0968387 0.0180707
0.271841 0.0471519 0.680907 9.9991E-05
0.740611 0.0808667 9.9991E-05 0.178423
0.860566 0.00693685 9.9991E-05 0.132398
9.9991E-05 0.571882 0.35965 0.068368
