9.998E-05 9.998E-05 0.9997 9.998E-05
0.286191 9.9991E-05 0.403878 0.30983
0.826454 0.064416 0.0697432 0.0393864
0.994442 9.9982E-05 9.9982E-05 0.00535776
0.454167 9.9991E-05 0.210954 0.334779
0.9997 9.998E-05 9.998E-05 9.998E-05
0.0228539 9.99911E-05 0.543714 0.433332
0.437657 9.9991E-05 0.0973022 0.464941
0.00555079 9.9991E-05 0.511129 0.48322
9.9982E-05 9.9982E-05 0.828668 0.171132
9.9982E-05 9.9982E-05 0.855097 0.144703
0.0580886 9.9982E-05 0.941711 9.9982E-05
0.0594278 9.99821E-05 0.940372 9.99821E-05
0.984553 0.0152475 9.9982E-05 9.9982E-05
0.963191 0.0312661 0.00544271 9.9991E-05
9.9982E-05 9.9982E-05 0.919605 0.0801952
0.0420652 0.174133 0.783702 9.9991E-05
9.9991E-05 0.724029 0.144605 0.131266
9.998E-05 0.9997 9.998E-05 9.998E-05
9.9982E-05 9.9982E-05 0.998619 0.00118055
9.998E-05 0.9997 9.998E-05 9.998E-05
0.0198114 9.9991E-05 0.970543 0.00954581
0.0766584 0.557783 0.313519 0.0520393
9.998E-05 0.9997 9.998E-05 9.998E-05
0.9997 9.998E-05 9.998E-05 9.998E-05
0.9997 9.998E-05 9.998E-05 9.998E-05
9.998E-05 9.998E-05 0.9997 9.998E-05
0.944662 9.9982E-05 9.9982E-05 0.0551384
0.905924 9.9982E-05 9.9982E-05 0.0938757
0.690952 0.0345318 9.9991E-05 0.274416
0.674247 0.0252697 9.9991E-05 0.300384
0.112198 9.9991E-05 0.274179 0.613523
0.9997 9.998E-05 9.998E-05 9.998E-05
0.12191 9.9982E-05 9.9982E-05 0.87789
0.0827855 9.9982E-05 0.917015 9.9982E-05
0.978438 9.9982E-05 0.021362 9.9982E-05
0.0723275 9.99821E-05 0.927473 9.99821E-05
0.010145 0.0163691 0.771505 0.201981
0.195947 0.171373 0.63258 9.9991E-05
0.147222 9.9982E-05 0.852579 9.9982E-05
0.116259 9.99819E-05 0.883541 9.99819E-05
9.9991E-05 0.014539 0.977708 0.00765288
9.9982E-05 9.9982E-05 0.914558 0.0852423
9.9991E-05 0.0141761 0.929273 0.0564507
9.9991E-05 0.141377 0.802315 0.0562087
0.0608614 0.0293383 0.818923 0.0908768
0.140367 0.00742222 0.805887 0.0463236
9.99911E-05 0.00433945 0.977524 0.0180366
9.998E-05 9.998E-05 9.998E-05 0.9997
9.9982E-05 0.00223683 9.9982E-05 0.997563
9.998E-05 9.998E-05 9.998E-05 0.9997
9.998E-05 9.998E-05 9.998E-05 0.9997
9.998E-05 9.998E-05 9.998E-05 0.9997
0.205224 0.0633614 0.0698733 0.661541
9.998E-05 9.998E-05 9.998E-05 0.9997
9.9982E-05 9.9982E-05 0.995926 0.0038737
0.129784 9.9991E-05 0.30788 0.562236
0.9997 9.998E-05 9.998E-05 9.998E-05
9.998E-05 9.998E-05 0.9997 9.998E-05
0.0814525 9.9991E-05 0.909028 0.00941961
9.998E-05 9.998E-05 0.9997 9.998E-05
9.998E-05 9.998E-05 0.9997 9.998E-05
9.998E-05 9.998E-05 0.9997 9.998E-05
9.9991E-05 0.906539 0.0741994 0.0191616
0.9997 9.998E-05 9.998E-05 9.998E-05
0.318315 0.0192201 0.364632 0.297833
0.984264 9.9991E-05 0.00402717 0.0116087
0.974307 9.9991E-05 0.00415684 0.021436
0.89783 9.9991E-05 0.00264069 0.0994293
0.936279 9.9982E-05 9.9982E-05 0.063521
0.939797 9.9991E-05 0.0562234 0.00387983
0.9997 9.998E-05 9.998E-05 9.998E-05
0.526331 9.99821E-05 9.99821E-05 0.473469
0.581367 9.99911E-05 0.0364207 0.382112
0.944318 9.9991E-05 0.0221656 0.0334165
0.0615569 9.9991E-05 0.759599 0.178744
0.049272 9.9991E-05 0.797337 0.153291
0.102972 0.24816 0.648768 9.9991E-05
0.135192 0.273188 0.591521 9.9991E-05
9.99819E-05 9.99819E-05 0.873136 0.126664
9.99819E-05 9.99819E-05 0.892877 0.106923
0.104826 0.248286 0.646788 9.9991E-05
0.118362 0.264152 0.617386 9.9991E-05
9.9982E-05 9.9982E-05 0.993719 0.00608098
9.9991E-05 0.0242818 0.891729 0.0838894
0.044479 9.9991E-05 0.283149 0.672272
0.121559 0.214457 0.663884 9.9991E-05
0.025981 0.154194 0.819725 9.9991E-05
0.608064 0.0572394 9.9991E-05 0.334597
