0.9997 9.998E-05 9.998E-05 9.998E-05
0.389559 0.318808 0.291533 9.9991E-05
0.114501 0.828975 0.0106658 0.0458579
9.998E-05 0.9997 9.998E-05 9.998E-05
0.246541 0.455343 0.298016 9.9991E-05
9.9982E-05 0.991498 9.9982E-05 0.00830193
0.544025 0.0200562 0.435818 9.99911E-05
0.0829943 0.375767 0.541139 9.9991E-05
0.497359 0.00120729 0.501334 9.9991E-05
0.837546 9.9982E-05 0.162254 9.9982E-05
0.844544 9.9982E-05 0.155256 9.9982E-05
0.930248 0.069552 9.9982E-05 9.9982E-05
0.948609 0.0511911 9.99821E-05 9.99821E-05
9.9982E-05 0.973868 9.9982E-05 0.0259321
0.020511 0.976258 9.9991E-05 0.00313055
0.92218 0.0237353 0.0539844 9.9991E-05
0.742473 0.0626485 9.9991E-05 0.194779
0.159065 9.9991E-05 0.113422 0.727412
9.998E-05 9.998E-05 9.998E-05 0.9997
0.96914 9.9982E-05 0.0306604 9.9982E-05
9.998E-05 9.998E-05 9.998E-05 0.9997
0.998495 0.0013054 9.9982E-05 9.9982E-05
0.285278 0.027916 0.088869 0.597937
9.998E-05 9.998E-05 9.998E-05 0.9997
9.998E-05 0.9997 9.998E-05 9.998E-05
9.998E-05 0.9997 9.998E-05 9.998E-05
0.9997 9.998E-05 9.998E-05 9.998E-05
9.9982E-05 0.971268 0.0285322 9.9982E-05
9.9982E-05 0.942106 0.0576939 9.9982E-05
0.0013857 0.716672 0.27228 0.00966245
9.9991E-05 0.658729 0.317533 0.0236375
0.257568 0.0830696 0.659263 9.9991E-05
9.998E-05 0.9997 9.998E-05 9.998E-05
9.9982E-05 0.0556877 0.944112 9.9982E-05
0.893243 0.101944 9.9991E-05 0.00471354
0.0379222 0.961878 9.9982E-05 9.9982E-05
0.938371 0.0614286 9.99821E-05 9.99821E-05
0.736229 0.00959981 0.251091 0.00307988
0.602954 0.19549 9.9991E-05 0.201456
0.859892 0.139908 9.9982E-05 9.9982E-05
0.880496 0.099101 0.0203026 9.9991E-05
0.922309 9.9991E-05 0.0591196 0.0184709
0.919677 9.9982E-05 0.0801228 9.9982E-05
0.911841 9.9991E-05 0.0857185 0.00234093
0.741673 9.9991E-05 0.0564925 0.201735
0.793403 0.0508752 0.10957 0.0461513
0.813756 0.110968 0.0650983 0.0101776
0.932981 9.99911E-05 0.0504759 0.0164429
9.998E-05 9.998E-05 0.9997 9.998E-05
9.998E-05 9.998E-05 0.9997 9.998E-05
9.998E-05 9.998E-05 0.9997 9.998E-05
9.998E-05 9.998E-05 0.9997 9.998E-05
9.998E-05 9.998E-05 0.9997 9.998E-05
0.0802483 0.224497 0.644948 0.0503067
9.998E-05 9.998E-05 0.9997 9.998E-05
0.9997 9.998E-05 9.998E-05 9.998E-05
0.309425 0.0982162 0.592258 9.9991E-05
9.998E-05 0.9997 9.998E-05 9.998E-05
0.994002 0.00579808 9.99821E-05 9.99821E-05
0.938597 0.0612033 9.9982E-05 9.9982E-05
0.9997 9.998E-05 9.998E-05 9.998E-05
0.994596 0.00520438 9.9982E-05 9.9982E-05
0.983428 9.9982E-05 9.9982E-05 0.0163722
0.0845528 9.9991E-05 0.0377569 0.87759
9.998E-05 0.9997 9.998E-05 9.998E-05
0.587127 0.215384 0.146683 0.0508063
0.0229832 0.976817 9.99821E-05 9.99821E-05
9.998E-05 0.9997 9.998E-05 9.998E-05
9.9982E-05 0.915636 0.0841639 9.9982E-05
9.9982E-05 0.978775 0.0210251 9.9982E-05
0.0567855 0.92517 0.0179441 9.9991E-05
0.0114081 0.988392 9.9982E-05 9.9982E-05
9.99821E-05 0.473351 0.526449 9.99821E-05
0.0648868 0.538744 0.396269 9.99911E-05
0.00882092 0.986863 9.9991E-05 0.0042161
0.801168 0.0818784 0.116854 9.9991E-05
0.830014 0.0632449 0.106641 9.9991E-05
0.509954 0.143403 9.9991E-05 0.346544
0.515502 0.139082 9.9991E-05 0.345316
0.855835 9.99819E-05 0.143965 9.99819E-05
0.884856 9.9982E-05 0.114944 9.9982E-05
0.514919 0.153386 9.9991E-05 0.331595
0.520766 0.138111 9.9991E-05 0.341024
0.992877 9.9982E-05 0.00692351 9.9982E-05
0.889383 9.9991E-05 0.0851579 0.0253586
0.30079 0.0334298 0.66568 9.9991E-05
0.647791 0.111769 9.9991E-05 0.24034
0.788604 0.0278396 9.9991E-05 0.183457
9.9991E-05 0.623244 0.3371 0.0395561
