9.998E-05 0.9997 9.998E-05 9.998E-05
0.308245 0.388637 0.303018 9.9991E-05
0.102001 0.047055 0.785051 0.0658931
9.998E-05 9.998E-05 0.9997 9.998E-05
0.2949 0.243399 0.461601 9.9991E-05
9.998E-05 9.998E-05 0.9997 9.998E-05
0.341345 0.582048 0.0765067 9.99911E-05
0.479527 0.0925292 0.427844 9.9991E-05
0.431127 0.532634 0.0361386 9.9991E-05
0.13387 0.86593 9.9982E-05 9.9982E-05
0.102776 0.897024 9.9982E-05 9.9982E-05
9.9982E-05 0.901723 0.0980768 9.9982E-05
9.99821E-05 0.933857 0.0659427 9.99821E-05
9.999E-05 0.0161578 0.961553 0.022189
9.9982E-05 9.9982E-05 0.982675 0.0171254
0.0912922 0.908508 9.9982E-05 9.9982E-05
9.9991E-05 0.805071 0.0389962 0.155833
0.103126 0.164135 9.9991E-05 0.73264
9.998E-05 9.998E-05 9.998E-05 0.9997
0.0135544 0.986246 9.9982E-05 9.9982E-05
9.998E-05 9.998E-05 9.998E-05 0.9997
0.0380362 0.961764 9.9982E-05 9.9982E-05
0.0539446 0.370557 0.0483442 0.527154
9.9982E-05 0.0210503 9.9982E-05 0.97875
9.998E-05 9.998E-05 0.9997 9.998E-05
9.998E-05 9.998E-05 0.9997 9.998E-05
9.998E-05 0.9997 9.998E-05 9.998E-05
0.0847129 9.9982E-05 0.915087 9.9982E-05
0.0961328 9.9982E-05 0.903667 9.9982E-05
0.282381 9.9991E-05 0.6868 0.0307192
0.320584 9.9991E-05 0.66928 0.0100364
0.666735 0.253411 0.0797534 9.9991E-05
9.998E-05 9.998E-05 0.9997 9.998E-05
0.895909 9.9982E-05 0.103891 9.9982E-05
9.9982E-05 0.917814 0.0819857 9.9982E-05
9.9982E-05 0.00737904 0.992421 9.9982E-05
9.9982E-05 0.901728 0.0980724 9.9982E-05
0.214458 0.756386 9.9991E-05 0.0290562
9.9991E-05 0.653639 0.206106 0.140155
9.9982E-05 0.860697 0.139103 9.9982E-05
0.0285805 0.88954 0.0817797 9.9991E-05
0.0361908 0.962555 9.9991E-05 0.00115455
0.0705741 0.929226 9.9982E-05 9.9982E-05
0.0954589 0.904341 9.9982E-05 9.9982E-05
0.0585012 0.822259 9.9991E-05 0.11914
0.0455623 0.857005 0.0700115 0.0274208
0.0453905 0.821747 0.132762 9.9991E-05
0.0194232 0.970561 9.99911E-05 0.00991573
0.9997 9.998E-05 9.998E-05 9.998E-05
0.9997 9.998E-05 9.998E-05 9.998E-05
0.9997 9.998E-05 9.998E-05 9.998E-05
0.9997 9.998E-05 9.998E-05 9.998E-05
0.9997 9.998E-05 9.998E-05 9.998E-05
0.654077 0.0668356 0.242565 0.0365222
0.9997 9.998E-05 9.998E-05 9.998E-05
9.998E-05 0.9997 9.998E-05 9.998E-05
0.608156 0.281084 0.110659 9.9991E-05
9.998E-05 9.998E-05 0.9997 9.998E-05
9.998E-05 0.9997 9.998E-05 9.998E-05
0.00031263 0.919666 0.0799217 9.9991E-05
9.998E-05 0.9997 9.998E-05 9.998E-05
9.998E-05 0.9997 9.998E-05 9.998E-05
9.9982E-05 0.980466 9.9982E-05 0.0193342
0.0462099 0.0305085 9.9991E-05 0.923182
9.998E-05 9.998E-05 0.9997 9.998E-05
0.119384 0.542572 0.308135 0.0299099
9.99821E-05 0.0281634 0.971637 9.99821E-05
9.9982E-05 0.0283777 0.971422 9.9982E-05
0.0956665 9.9982E-05 0.904134 9.9982E-05
0.0696249 9.9982E-05 0.930175 9.9982E-05
0.035785 0.0551716 0.908943 9.9991E-05
0.0121291 0.00531013 0.982461 9.9991E-05
0.510914 9.99821E-05 0.488886 9.99821E-05
0.392447 0.022253 0.556632 0.0286681
0.012206 0.00474188 0.982952 9.9991E-05
0.150968 0.792064 0.0568684 9.9991E-05
0.177745 0.801166 0.0209887 9.9991E-05
9.9991E-05 0.629728 0.147445 0.222727
9.9991E-05 0.666123 0.115171 0.218606
0.117721 0.882079 9.99819E-05 9.99819E-05
0.0971506 0.902649 9.99819E-05 9.99819E-05
9.9991E-05 0.654912 0.144996 0.199992
9.9991E-05 0.653593 0.141181 0.205126
0.0284246 0.971375 9.9982E-05 9.9982E-05
0.0604263 0.912403 9.9991E-05 0.0270708
0.653992 0.268945 0.0769622 9.9991E-05
9.9991E-05 0.748491 0.068392 0.183017
9.9991E-05 0.827673 0.0190156 0.153212
0.346067 9.9991E-05 0.601813 0.0520195
