9.99188E-05 0.936839 9.99188E-05 0.0311208 9.99188E-05 9.99188E-05 9.99188E-05 9.99188E-05 9.99188E-05 9.99188E-05 9.99188E-05 0.0292924 0.00184834
0.0170675 0.0779666 0.192601 9.99368E-05 9.99368E-05 0.650679 9.99368E-05 9.99368E-05 9.99368E-05 0.0248669 9.99368E-05 0.0361191 9.99368E-05
9.98921E-05 9.98921E-05 9.98921E-05 9.98921E-05 9.98921E-05 9.98921E-05 0.998801 9.98921E-05 9.98921E-05 9.98921E-05 9.98921E-05 9.98921E-05 9.98921E-05
0.00439818 9.9928E-05 0.896091 9.9928E-05 9.9928E-05 9.9928E-05 0.019056 9.9928E-05 9.9928E-05 9.9928E-05 0.0327983 0.0468574 9.9928E-05
9.99462E-05 0.0299686 0.376207 0.136739 0.112641 0.294687 0.0201994 9.99462E-05 9.99462E-05 9.99462E-05 9.99462E-05 9.99462E-05 0.0289589
9.9892E-05 9.9892E-05 0.998801 9.9892E-05 9.9892E-05 9.9892E-05 9.9892E-05 9.9892E-05 9.9892E-05 9.9892E-05 9.9892E-05 9.9892E-05 9.9892E-05
9.99013E-05 9.99013E-05 9.99013E-05 9.99013E-05 9.99013E-05 0.684147 9.99013E-05 9.99013E-05 0.314755 9.99013E-05 9.99013E-05 9.99013E-05 9.99013E-05
9.99279E-05 9.99279E-05 0.00929401 0.0852924 0.740845 0.0976592 9.99279E-05 9.99279E-05 9.99279E-05 9.99279E-05 9.99279E-05 9.99279E-05 0.0661098
0.0601182 9.99101E-05 9.99101E-05 9.99101E-05 9.99101E-05 0.761318 9.99101E-05 9.99101E-05 0.177564 9.99101E-05 9.99101E-05 9.99101E-05 9.99101E-05
9.99012E-05 9.99012E-05 9.99012E-05 0.997214 9.99012E-05 0.00168692 9.99012E-05 9.99012E-05 9.99012E-05 9.99012E-05 9.99012E-05 9.99012E-05 9.99012E-05
9.98922E-05 9.98922E-05 9.98922E-05 0.998801 9.98922E-05 9.98922E-05 9.98922E-05 9.98922E-05 9.98922E-05 9.98922E-05 9.98922E-05 9.98922E-05 9.98922E-05
9.9928E-05 0.723031 9.9928E-05 9.9928E-05 9.9928E-05 9.9928E-05 0.0298635 9.9928E-05 0.123823 9.9928E-05 0.0186298 0.103854 9.9928E-05
9.99012E-05 9.99012E-05 9.99012E-05 9.99012E-05 9.99012E-05 9.99012E-05 9.99012E-05 9.99012E-05 0.985001 9.99012E-05 0.0139004 9.99012E-05 9.99012E-05
9.991E-05 9.991E-05 0.973697 9.991E-05 9.991E-05 0.00235726 9.991E-05 0.0229467 9.991E-05 9.991E-05 9.991E-05 9.991E-05 9.991E-05
9.99011E-05 9.99011E-05 0.981884 9.99011E-05 9.99011E-05 9.99011E-05 9.99011E-05 9.99011E-05 9.99011E-05 0.0170167 9.99011E-05 9.99011E-05 9.99011E-05
0.801669 9.991E-05 9.991E-05 0.035715 9.991E-05 9.991E-05 9.991E-05 9.991E-05 0.161617 9.991E-05 9.991E-05 9.991E-05 9.991E-05
0.117233 0.0070146 9.9946E-05 0.281368 0.00700583 9.9946E-05 9.9946E-05 9.9946E-05 0.176239 0.147529 9.9946E-05 0.263011 9.9946E-05
9.98918E-05 9.98918E-05 9.98918E-05 9.98918E-05 9.98918E-05 9.98918E-05 9.98918E-05 9.98918E-05 9.98918E-05 0.998801 9.98918E-05 9.98918E-05 9.98918E-05
9.9901E-05 9.9901E-05 9.9901E-05 9.9901E-05 9.9901E-05 9.9901E-05 9.9901E-05 0.899963 9.9901E-05 9.9901E-05 9.9901E-05 0.0989383 9.9901E-05
0.344023 0.102486 9.9919E-05 0.508257 9.9919E-05 9.9919E-05 9.9919E-05 9.9919E-05 9.9919E-05 9.9919E-05 9.9919E-05 0.0443352 9.9919E-05
9.991E-05 9.991E-05 9.991E-05 9.991E-05 9.991E-05 9.991E-05 0.00356265 0.853528 9.991E-05 0.141911 9.991E-05 9.991E-05 9.991E-05
0.294803 0.484787 9.9937E-05 0.0891296 9.9937E-05 9.9937E-05 9.9937E-05 9.9937E-05 0.088019 0.027369 9.9937E-05 0.0151923 9.9937E-05
9.99281E-05 9.99281E-05 9.99281E-05 0.255155 0.0217592 9.99281E-05 9.99281E-05 0.402744 9.99281E-05 9.99281E-05 9.99281E-05 0.304454 0.0150885
9.99099E-05 9.99099E-05 9.99099E-05 0.00654833 9.99099E-05 9.99099E-05 9.99099E-05 0.916711 9.99099E-05 9.99099E-05 9.99099E-05 0.0757417 9.99099E-05
9.99012E-05 9.99012E-05 0.349225 9.99012E-05 9.99012E-05 9.99012E-05 9.99012E-05 9.99012E-05 9.99012E-05 9.99012E-05 0.649676 9.99012E-05 9.99012E-05
9.99011E-05 9.99011E-05 0.768969 9.99011E-05 9.99011E-05 9.99011E-05 9.99011E-05 9.99011E-05 9.99011E-05 9.99011E-05 0.229932 9.99011E-05 9.99011E-05
0.0254111 0.0979603 9.99368E-05 0.10035 9.99368E-05 9.99368E-05 9.99368E-05 9.99368E-05 0.726255 9.99368E-05 9.99368E-05 0.0437379 0.0055859
9.9892E-05 9.9892E-05 9.9892E-05 9.9892E-05 9.9892E-05 9.9892E-05 9.9892E-05 9.9892E-05 9.9892E-05 9.9892E-05 0.998801 9.9892E-05 9.9892E-05
9.99011E-05 9.99011E-05 9.99011E-05 9.99011E-05 9.99011E-05 9.99011E-05 9.99011E-05 9.99011E-05 9.99011E-05 9.99011E-05 0.996943 9.99011E-05 0.00195812
9.99551E-05 0.0304794 0.286733 9.99551E-05 0.288529 9.99551E-05 0.0277697 9.99551E-05 9.99551E-05 0.0194607 0.237213 0.00361755 0.105698
9.99189E-05 9.99189E-05 0.334166 9.99189E-05 0.60637 9.99189E-05 9.99189E-05 9.99189E-05 9.99189E-05 9.99189E-05 9.99189E-05 0.0198609 0.0387036
9.99102E-05 9.99102E-05 9.99102E-05 9.99102E-05 9.99102E-05 0.984166 9.99102E-05 9.99102E-05 9.99102E-05 9.99102E-05 0.0101588 9.99102E-05 0.00467583
9.99101E-05 9.99101E-05 0.541441 9.99101E-05 0.181496 9.99101E-05 9.99101E-05 9.99101E-05 9.99101E-05 9.99101E-05 0.276064 9.99101E-05 9.99101E-05
9.99192E-05 9.99192E-05 9.99192E-05 0.00292668 0.3128 9.99192E-05 9.99192E-05 9.99192E-05 9.99192E-05 9.99192E-05 0.00211676 9.99192E-05 0.681257
9.99368E-05 0.0944295 9.99368E-05 0.064941 0.113028 9.99368E-05 9.99368E-05 9.99368E-05 0.559675 9.99368E-05 0.000181836 0.167045 9.99368E-05
0.00472534 9.99189E-05 0.42428 9.99189E-05 0.055015 9.99189E-05 9.99189E-05 9.99189E-05 9.99189E-05 9.99189E-05 0.51508 9.99189E-05 9.99189E-05
9.99011E-05 0.987092 9.99011E-05 9.99011E-05 9.99011E-05 9.99011E-05 0.0118088 9.99011E-05 9.99011E-05 9.99011E-05 9.99011E-05 9.99011E-05 9.99011E-05
9.995E-05 0.104194 0.0371737 0.60578 0.0253515 0.201047 0.00436039 9.995E-05 9.995E-05 0.018623 9.995E-05 9.995E-05 0.00297036
0.0470237 9.9946E-05 0.0844205 0.0499635 0.098969 9.9946E-05 9.9946E-05 9.9946E-05 0.201259 0.165948 9.9946E-05 0.351817 9.9946E-05
0.357809 0.192211 0.165631 0.1875 9.99277E-05 9.99277E-05 9.99277E-05 9.99277E-05 9.99277E-05 0.0960504 9.99277E-05 9.99277E-05 9.99277E-05
0.339512 0.245353 0.0833632 0.195255 9.99277E-05 9.99277E-05 9.99277E-05 9.99277E-05 9.99277E-05 0.135718 9.99277E-05 9.99277E-05 9.99277E-05
0.0332248 0.0608262 9.991E-05 0.90495 9.991E-05 9.991E-05 9.991E-05 9.991E-05 9.991E-05 9.991E-05 9.991E-05 9.991E-05 9.991E-05
0.909276 0.00669128 9.9928E-05 9.9928E-05 9.9928E-05 0.0186596 9.9928E-05 0.00813843 0.0564356 9.9928E-05 9.9928E-05 9.9928E-05 9.9928E-05
9.99279E-05 0.034103 9.99279E-05 0.918347 9.99279E-05 9.99279E-05 9.99279E-05 9.99279E-05 0.00938146 9.99279E-05 0.0186449 0.0187244 9.99279E-05
0.151325 0.0719618 9.99459E-05 0.373753 9.99459E-05 0.0301291 9.99459E-05 0.111389 0.128791 9.99459E-05 9.99459E-05 0.13205 9.99459E-05
0.231904 0.149806 0.0916062 0.468072 0.0164352 9.9946E-05 9.9946E-05 0.0394337 9.9946E-05 9.9946E-05 9.9946E-05 0.00214384 9.9946E-05
9.9937E-05 0.235017 0.129117 0.306141 9.9937E-05 9.9937E-05 9.9937E-05 9.9937E-05 0.217076 9.9937E-05 9.9937E-05 0.088427 0.0235222
9.99016E-05 0.997231 9.99016E-05 9.99016E-05 9.99016E-05 9.99016E-05 9.99016E-05 9.99016E-05 9.99016E-05 0.00166993 9.99016E-05 9.99016E-05 9.99016E-05
9.98921E-05 9.98921E-05 9.98921E-05 9.98921E-05 9.98921E-05 9.98921E-05 9.98921E-05 9.98921E-05 9.98921E-05 9.98921E-05 9.98921E-05 9.98921E-05 0.998801
9.98922E-05 9.98922E-05 9.98922E-05 9.98922E-05 9.98922E-05 9.98922E-05 9.98922E-05 9.98922E-05 9.98922E-05 9.98922E-05 9.98922E-05 9.98922E-05 0.998801
0.0242487 9.99012E-05 9.99012E-05 9.99012E-05 9.99012E-05 9.99012E-05 9.99012E-05 9.99012E-05 9.99012E-05 9.99012E-05 9.99012E-05 9.99012E-05 0.974652
9.99026E-05 9.99026E-05 9.99026E-05 9.99026E-05 9.99026E-05 9.99026E-05 9.99026E-05 9.99026E-05 9.99026E-05 9.99026E-05 0.0208299 9.99026E-05 0.978071
9.98921E-05 9.98921E-05 9.98921E-05 9.98921E-05 9.98921E-05 9.98921E-05 9.98921E-05 9.98921E-05 9.98921E-05 9.98921E-05 9.98921E-05 9.98921E-05 0.998801
0.0737321 9.99461E-05 9.99461E-05 9.99461E-05 0.341492 0.163587 0.0224647 0.0293002 9.99461E-05 9.99461E-05 0.0340687 9.99461E-05 0.334755
0.0130503 0.0298614 9.99191E-05 9.99191E-05 9.99191E-05 0.0176334 9.99191E-05 9.99191E-05 9.99191E-05 9.99191E-05 9.99191E-05 9.99191E-05 0.938556
0.194011 0.80489 9.99009E-05 9.99009E-05 9.99009E-05 9.99009E-05 9.99009E-05 9.99009E-05 9.99009E-05 9.99009E-05 9.99009E-05 9.99009E-05 9.99009E-05
9.99368E-05 0.0165618 9.99368E-05 9.99368E-05 9.99368E-05 0.832213 0.00143157 9.99368E-05 9.99368E-05 9.99368E-05 0.0316666 0.0201104 0.0973175
9.99009E-05 9.99009E-05 0.618305 9.99009E-05 9.99009E-05 9.99009E-05 9.99009E-05 9.99009E-05 9.99009E-05 9.99009E-05 0.380596 9.99009E-05 9.99009E-05
0.124537 0.050453 9.9928E-05 9.9928E-05 9.9928E-05 9.9928E-05 9.9928E-05 9.9928E-05 0.802801 9.9928E-05 9.9928E-05 0.0169056 0.00450353
0.957484 9.99014E-05 9.99014E-05 9.99014E-05 9.99014E-05 9.99014E-05 9.99014E-05 9.99014E-05 0.0414171 9.99014E-05 9.99014E-05 9.99014E-05 9.99014E-05
9.99013E-05 9.99013E-05 9.99013E-05 9.99013E-05 9.99013E-05 9.99013E-05 0.00437876 9.99013E-05 0.994522 9.99013E-05 9.99013E-05 9.99013E-05 9.99013E-05
0.0192094 0.0259361 9.99188E-05 0.0847851 9.99188E-05 9.99188E-05 9.99188E-05 9.99188E-05 0.86917 9.99188E-05 9.99188E-05 9.99188E-05 9.99188E-05
9.99098E-05 9.99098E-05 9.99098E-05 0.0863614 9.99098E-05 9.99098E-05 9.99098E-05 9.99098E-05 0.865119 9.99098E-05 9.99098E-05 0.0475209 9.99098E-05
9.99192E-05 0.0562371 9.99192E-05 0.0303715 0.0151056 9.99192E-05 9.99192E-05 0.897386 9.99192E-05 9.99192E-05 9.99192E-05 9.99192E-05 9.99192E-05
9.99193E-05 9.99193E-05 0.281684 9.99193E-05 9.99193E-05 9.99193E-05 0.0232876 9.99193E-05 9.99193E-05 9.99193E-05 0.690647 0.00348213 9.99193E-05
0.0533845 9.9973E-05 0.16076 0.156335 0.0581616 0.134093 0.0190702 9.9973E-05 0.145254 0.0765345 9.9973E-05 0.125547 0.0705588
0.00393272 9.99282E-05 0.825832 9.99282E-05 9.99282E-05 0.0127064 0.12883 9.99282E-05 9.99282E-05 9.99282E-05 0.0278992 9.99282E-05 9.99282E-05
9.9937E-05 0.0187065 0.741836 9.9937E-05 0.0468587 9.9937E-05 9.9937E-05 9.9937E-05 9.9937E-05 0.00276073 0.167631 9.9937E-05 0.021508
9.98921E-05 9.98921E-05 9.98921E-05 9.98921E-05 9.98921E-05 9.98921E-05 9.98921E-05 9.98921E-05 9.98921E-05 9.98921E-05 0.998801 9.98921E-05 9.98921E-05
9.99101E-05 0.00100556 9.99101E-05 9.99101E-05 9.99101E-05 9.99101E-05 9.99101E-05 0.00452079 9.99101E-05 9.99101E-05 0.993475 9.99101E-05 9.99101E-05
9.99371E-05 0.00953209 0.73401 0.0318082 0.185488 0.00338589 9.99371E-05 9.99371E-05 9.99371E-05 9.99371E-05 0.0350767 9.99371E-05 9.99371E-05
9.991E-05 9.991E-05 0.53968 9.991E-05 0.0161248 9.991E-05 9.991E-05 9.991E-05 9.991E-05 9.991E-05 0.443196 9.991E-05 9.991E-05
9.9892E-05 9.9892E-05 9.9892E-05 9.9892E-05 0.998801 9.9892E-05 9.9892E-05 9.9892E-05 9.9892E-05 9.9892E-05 9.9892E-05 9.9892E-05 9.9892E-05
9.99011E-05 9.99011E-05 9.99011E-05 9.99011E-05 0.957264 9.99011E-05 9.99011E-05 9.99011E-05 0.041637 9.99011E-05 9.99011E-05 9.99011E-05 9.99011E-05
9.99191E-05 9.99191E-05 0.819411 9.99191E-05 9.99191E-05 9.99191E-05 0.021745 9.99191E-05 9.99191E-05 9.99191E-05 0.125368 9.99191E-05 0.0325766
0.933671 9.99189E-05 9.99189E-05 9.99189E-05 0.014176 0.00542684 9.99189E-05 9.99189E-05 9.99189E-05 9.99189E-05 9.99189E-05 9.99189E-05 0.0458265
0.970137 9.99009E-05 9.99009E-05 9.99009E-05 9.99009E-05 9.99009E-05 9.99009E-05 9.99009E-05 9.99009E-05 9.99009E-05 9.99009E-05 9.99009E-05 0.028764
9.9892E-05 9.9892E-05 9.9892E-05 9.9892E-05 9.9892E-05 9.9892E-05 9.9892E-05 9.9892E-05 9.9892E-05 9.9892E-05 9.9892E-05 0.998801 9.9892E-05
9.9892E-05 9.9892E-05 9.9892E-05 9.9892E-05 9.9892E-05 9.9892E-05 9.9892E-05 9.9892E-05 9.9892E-05 9.9892E-05 9.9892E-05 0.998801 9.9892E-05
0.0885747 0.0648204 9.99459E-05 0.762592 9.99459E-05 0.0535128 9.99459E-05 9.99459E-05 0.00618299 0.0174672 0.00625057 9.99459E-05 9.99459E-05
0.16487 0.0328468 9.99459E-05 0.728405 9.99459E-05 0.000121478 9.99459E-05 9.99459E-05 0.0219608 0.0245336 0.0266624 9.99459E-05 9.99459E-05
0.00481985 9.9919E-05 9.9919E-05 9.9919E-05 0.00172445 9.9919E-05 0.00129495 9.9919E-05 9.9919E-05 9.9919E-05 9.9919E-05 0.991261 9.9919E-05
9.9892E-05 9.9892E-05 9.9892E-05 9.9892E-05 9.9892E-05 9.9892E-05 9.9892E-05 9.9892E-05 9.9892E-05 9.9892E-05 9.9892E-05 0.998801 9.9892E-05
0.000780934 0.954737 9.99189E-05 9.99189E-05 9.99189E-05 9.99189E-05 9.99189E-05 9.99189E-05 0.0241704 9.99189E-05 9.99189E-05 9.99189E-05 0.0194126
0.544428 9.99279E-05 9.99279E-05 0.0843522 9.99279E-05 0.0986074 9.99279E-05 9.99279E-05 0.15593 0.115883 9.99279E-05 9.99279E-05 9.99279E-05
9.99008E-05 9.99008E-05 9.99008E-05 9.99008E-05 9.99008E-05 0.920045 9.99008E-05 9.99008E-05 9.99008E-05 9.99008E-05 9.99008E-05 9.99008E-05 0.078856
9.99282E-05 9.99282E-05 0.0906727 0.21653 9.99282E-05 9.99282E-05 9.99282E-05 0.151467 0.351736 9.99282E-05 9.99282E-05 0.188796 9.99282E-05
9.99282E-05 0.185652 0.00595686 9.99282E-05 9.99282E-05 9.99282E-05 9.99282E-05 0.0798756 0.418625 9.99282E-05 9.99282E-05 0.309091 9.99282E-05
9.99192E-05 9.99192E-05 9.99192E-05 9.99192E-05 0.745779 9.99192E-05 9.99192E-05 0.0126925 9.99192E-05 9.99192E-05 0.213495 0.0271346 9.99192E-05
