9.99008E-05 9.99008E-05 0.0658391 9.99008E-05 9.99008E-05 0.933062 9.99008E-05 9.99008E-05 9.99008E-05 9.99008E-05 9.99008E-05 9.99008E-05 9.99008E-05
9.99099E-05 9.99099E-05 9.99099E-05 9.99099E-05 0.0903898 9.99099E-05 9.99099E-05 9.99099E-05 9.99099E-05 9.99099E-05 0.661566 9.99099E-05 0.247045
0.101656 0.0105081 9.99287E-05 9.99287E-05 0.64051 9.99287E-05 9.99287E-05 0.191304 9.99287E-05 9.99287E-05 9.99287E-05 0.0552229 9.99287E-05
9.99101E-05 9.99101E-05 9.99101E-05 9.99101E-05 0.964034 9.99101E-05 0.00136306 9.99101E-05 9.99101E-05 9.99101E-05 9.99101E-05 0.0336043 9.99101E-05
9.9964E-05 9.9964E-05 0.0621481 0.18774 0.257854 0.00861952 0.0242974 0.231789 0.0269288 9.9964E-05 0.078683 9.9964E-05 0.12154
9.99101E-05 9.99101E-05 9.99101E-05 9.99101E-05 0.956577 9.99101E-05 0.0180013 9.99101E-05 9.99101E-05 9.99101E-05 9.99101E-05 9.99101E-05 0.0244224
9.98921E-05 9.98921E-05 9.98921E-05 0.998801 9.98921E-05 9.98921E-05 9.98921E-05 9.98921E-05 9.98921E-05 9.98921E-05 9.98921E-05 9.98921E-05 9.98921E-05
9.99459E-05 9.99459E-05 0.0716586 0.0107043 0.000547018 9.99459E-05 9.99459E-05 0.78407 0.0638898 9.99459E-05 0.0534801 0.0150506 9.99459E-05
9.9901E-05 9.9901E-05 9.9901E-05 0.952203 9.9901E-05 9.9901E-05 9.9901E-05 9.9901E-05 9.9901E-05 9.9901E-05 0.046698 9.9901E-05 9.9901E-05
9.9901E-05 9.9901E-05 0.902847 0.0960538 9.9901E-05 9.9901E-05 9.9901E-05 9.9901E-05 9.9901E-05 9.9901E-05 9.9901E-05 9.9901E-05 9.9901E-05
9.99011E-05 9.99011E-05 0.90362 0.0952816 9.99011E-05 9.99011E-05 9.99011E-05 9.99011E-05 9.99011E-05 9.99011E-05 9.99011E-05 9.99011E-05 9.99011E-05
0.160159 9.9919E-05 9.9919E-05 9.9919E-05 0.0285466 0.664307 9.9919E-05 9.9919E-05 9.9919E-05 9.9919E-05 9.9919E-05 0.146088 9.9919E-05
0.98167 9.99013E-05 9.99013E-05 0.0172315 9.99013E-05 9.99013E-05 9.99013E-05 9.99013E-05 9.99013E-05 9.99013E-05 9.99013E-05 9.99013E-05 9.99013E-05
9.99191E-05 0.0113947 9.99191E-05 9.99191E-05 0.914 9.99191E-05 0.0452642 9.99191E-05 9.99191E-05 9.99191E-05 9.99191E-05 9.99191E-05 0.0284415
9.99191E-05 0.00812028 9.99191E-05 9.99191E-05 0.91131 9.99191E-05 9.99191E-05 9.99191E-05 0.00374908 9.99191E-05 9.99191E-05 9.99191E-05 0.0759211
0.102185 9.9919E-05 0.0297053 9.9919E-05 9.9919E-05 9.9919E-05 0.0869759 9.9919E-05 9.9919E-05 0.780234 9.9919E-05 9.9919E-05 9.9919E-05
9.99008E-05 9.99008E-05 0.120894 9.99008E-05 9.99008E-05 9.99008E-05 0.878007 9.99008E-05 9.99008E-05 9.99008E-05 9.99008E-05 9.99008E-05 9.99008E-05
9.99369E-05 0.707884 0.0559447 0.00495882 9.99369E-05 9.99369E-05 9.99369E-05 9.99369E-05 0.0339014 9.99369E-05 0.070095 9.99369E-05 0.126517
0.00354182 0.893882 9.99101E-05 9.99101E-05 9.99101E-05 9.99101E-05 9.99101E-05 9.99101E-05 9.99101E-05 9.99101E-05 9.99101E-05 0.101577 9.99101E-05
9.99279E-05 9.99279E-05 0.444733 9.99279E-05 9.99279E-05 0.104121 0.0982807 9.99279E-05 9.99279E-05 0.333493 9.99279E-05 0.0185733 9.99279E-05
9.98921E-05 0.998801 9.98921E-05 9.98921E-05 9.98921E-05 9.98921E-05 9.98921E-05 9.98921E-05 9.98921E-05 9.98921E-05 9.98921E-05 9.98921E-05 9.98921E-05
0.0580084 9.9955E-05 0.0469785 9.9955E-05 9.9955E-05 0.349632 0.0150444 9.9955E-05 9.9955E-05 0.174024 0.029925 0.00498367 0.320904
9.99191E-05 0.37865 0.179206 9.99191E-05 9.99191E-05 9.99191E-05 0.267006 9.99191E-05 9.99191E-05 9.99191E-05 9.99191E-05 0.174238 9.99191E-05
9.9919E-05 0.909186 0.000401119 9.9919E-05 9.9919E-05 9.9919E-05 0.065248 9.9919E-05 9.9919E-05 9.9919E-05 9.9919E-05 0.0242659 9.9919E-05
9.99012E-05 9.99012E-05 9.99012E-05 9.99012E-05 0.995819 9.99012E-05 9.99012E-05 9.99012E-05 0.00308199 9.99012E-05 9.99012E-05 9.99012E-05 9.99012E-05
9.99012E-05 9.99012E-05 9.99012E-05 9.99012E-05 0.997596 9.99012E-05 9.99012E-05 9.99012E-05 0.00130527 9.99012E-05 9.99012E-05 9.99012E-05 9.99012E-05
0.76153 9.99369E-05 0.0563513 9.99369E-05 9.99369E-05 0.0767503 0.0360616 9.99369E-05 9.99369E-05 0.0277162 9.99369E-05 0.0408906 9.99369E-05
0.0130443 9.9928E-05 9.9928E-05 0.0293116 0.912627 9.9928E-05 9.9928E-05 9.9928E-05 0.0385351 9.9928E-05 0.0056821 9.9928E-05 9.9928E-05
0.000299617 9.99191E-05 9.99191E-05 0.0197542 0.916915 9.99191E-05 9.99191E-05 9.99191E-05 0.0621324 9.99191E-05 9.99191E-05 9.99191E-05 9.99191E-05
0.00835521 0.0164511 9.99371E-05 9.99371E-05 0.487499 0.0280003 9.99371E-05 0.333599 0.125397 9.99371E-05 9.99371E-05 9.99371E-05 9.99371E-05
9.99279E-05 9.99279E-05 0.00124532 9.99279E-05 0.259724 9.99279E-05 0.0483673 0.671432 0.0184318 9.99279E-05 9.99279E-05 9.99279E-05 9.99279E-05
9.98923E-05 9.98923E-05 9.98923E-05 9.98923E-05 9.98923E-05 9.98923E-05 9.98923E-05 9.98923E-05 9.98923E-05 9.98923E-05 0.998801 9.98923E-05 9.98923E-05
9.99102E-05 9.99102E-05 9.99102E-05 9.99102E-05 0.841913 9.99102E-05 9.99102E-05 0.146262 9.99102E-05 9.99102E-05 9.99102E-05 9.99102E-05 0.0108254
9.99192E-05 9.99192E-05 9.99192E-05 9.99192E-05 9.99192E-05 0.0144057 9.99192E-05 0.290745 0.688651 9.99192E-05 9.99192E-05 0.0052995 9.99192E-05
0.509836 9.99367E-05 9.99367E-05 9.99367E-05 9.99367E-05 0.00260765 0.21287 0.0634272 9.99367E-05 9.99367E-05 9.99367E-05 0.0982235 0.112337
0.00292971 9.99459E-05 9.99459E-05 0.0177732 0.922112 9.99459E-05 9.99459E-05 0.0277892 9.99459E-05 0.0132425 0.00888973 9.99459E-05 0.00666351
9.99011E-05 9.99011E-05 9.99011E-05 9.99011E-05 9.99011E-05 0.951763 9.99011E-05 0.0471376 9.99011E-05 9.99011E-05 9.99011E-05 9.99011E-05 9.99011E-05
9.9946E-05 0.00227736 0.599109 9.9946E-05 0.00206901 0.0600207 9.9946E-05 9.9946E-05 0.00564668 9.9946E-05 0.221904 9.9946E-05 0.108374
9.99008E-05 9.99008E-05 9.99008E-05 9.99008E-05 9.99008E-05 9.99008E-05 0.959952 0.0389492 9.99008E-05 9.99008E-05 9.99008E-05 9.99008E-05 9.99008E-05
9.9892E-05 9.9892E-05 9.9892E-05 9.9892E-05 9.9892E-05 9.9892E-05 9.9892E-05 9.9892E-05 9.9892E-05 9.9892E-05 9.9892E-05 9.9892E-05 0.998801
9.99009E-05 9.99009E-05 9.99009E-05 9.99009E-05 9.99009E-05 0.0151736 9.99009E-05 9.99009E-05 9.99009E-05 9.99009E-05 9.99009E-05 9.99009E-05 0.983727
0.000950449 9.99189E-05 0.859751 9.99189E-05 9.99189E-05 9.99189E-05 9.99189E-05 9.99189E-05 9.99189E-05 0.0505285 9.99189E-05 9.99189E-05 0.0878706
0.0250916 0.0189114 9.9937E-05 0.0954961 9.9937E-05 0.0151009 9.9937E-05 9.9937E-05 9.9937E-05 0.835075 9.9937E-05 9.9937E-05 0.00962539
9.99279E-05 9.99279E-05 0.863812 9.99279E-05 9.99279E-05 0.0216204 0.0737488 9.99279E-05 0.00149844 0.0385207 9.99279E-05 9.99279E-05 9.99279E-05
0.181423 0.0861413 0.316051 9.9946E-05 9.9946E-05 9.9946E-05 0.0337599 9.9946E-05 9.9946E-05 9.9946E-05 0.0549849 0.119889 0.207152
0.0201355 0.0350285 0.425156 9.9964E-05 0.00995446 0.0671561 0.00613442 0.0773425 9.9964E-05 0.0854195 9.9964E-05 9.9964E-05 0.273273
0.116762 9.9964E-05 0.22438 0.0136407 0.0636363 0.221385 0.327965 9.9964E-05 0.0202161 9.9964E-05 0.00345816 9.9964E-05 0.0081579
9.99016E-05 0.0532007 9.99016E-05 9.99016E-05 9.99016E-05 0.9457 9.99016E-05 9.99016E-05 9.99016E-05 9.99016E-05 9.99016E-05 9.99016E-05 9.99016E-05
9.98921E-05 9.98921E-05 9.98921E-05 9.98921E-05 9.98921E-05 9.98921E-05 9.98921E-05 9.98921E-05 0.998801 9.98921E-05 9.98921E-05 9.98921E-05 9.98921E-05
9.98921E-05 9.98921E-05 9.98921E-05 9.98921E-05 9.98921E-05 9.98921E-05 9.98921E-05 9.98921E-05 0.998801 9.98921E-05 9.98921E-05 9.98921E-05 9.98921E-05
9.99012E-05 9.99012E-05 9.99012E-05 9.99012E-05 9.99012E-05 9.99012E-05 9.99012E-05 9.99012E-05 0.992036 9.99012E-05 9.99012E-05 9.99012E-05 0.00686552
9.98921E-05 9.98921E-05 9.98921E-05 9.98921E-05 9.98921E-05 9.98921E-05 9.98921E-05 9.98921E-05 0.998801 9.98921E-05 9.98921E-05 9.98921E-05 9.98921E-05
9.98922E-05 9.98922E-05 9.98922E-05 9.98922E-05 9.98922E-05 9.98922E-05 9.98922E-05 9.98922E-05 0.998801 9.98922E-05 9.98922E-05 9.98922E-05 9.98922E-05
9.99551E-05 0.0387024 0.00915624 0.0771136 0.0256414 9.99551E-05 9.99551E-05 0.38649 0.381766 0.080368 0.00026176 9.99551E-05 9.99551E-05
9.99101E-05 9.99101E-05 9.99101E-05 9.99101E-05 9.99101E-05 9.99101E-05 9.99101E-05 9.99101E-05 0.921881 0.00711894 0.0700008 9.99101E-05 9.99101E-05
9.99009E-05 9.99009E-05 9.99009E-05 9.99009E-05 9.99009E-05 0.834026 9.99009E-05 9.99009E-05 9.99009E-05 0.164876 9.99009E-05 9.99009E-05 9.99009E-05
9.99279E-05 9.99279E-05 9.99279E-05 0.0526445 9.99279E-05 9.99279E-05 9.99279E-05 9.99279E-05 0.00299528 0.0109334 0.925081 0.00754664 9.99279E-05
9.9901E-05 9.9901E-05 9.9901E-05 9.9901E-05 0.966941 9.9901E-05 9.9901E-05 9.9901E-05 9.9901E-05 9.9901E-05 9.9901E-05 9.9901E-05 0.0319597
0.783979 9.9937E-05 9.9937E-05 0.00978532 9.9937E-05 9.9937E-05 9.9937E-05 9.9937E-05 0.00209182 0.0463383 9.9937E-05 0.0242143 0.132892
0.0521777 9.99013E-05 9.99013E-05 9.99013E-05 9.99013E-05 9.99013E-05 9.99013E-05 9.99013E-05 9.99013E-05 0.946723 9.99013E-05 9.99013E-05 9.99013E-05
0.924545 9.99103E-05 9.99103E-05 0.0590745 9.99103E-05 9.99103E-05 9.99103E-05 0.0153819 9.99103E-05 9.99103E-05 9.99103E-05 9.99103E-05 9.99103E-05
0.885678 9.99099E-05 0.110551 9.99099E-05 9.99099E-05 9.99099E-05 9.99099E-05 9.99099E-05 9.99099E-05 9.99099E-05 9.99099E-05 9.99099E-05 0.00277137
0.84256 0.00258515 0.103028 9.99369E-05 9.99369E-05 9.99369E-05 0.00463508 9.99369E-05 9.99369E-05 9.99369E-05 9.99369E-05 0.0299666 0.0165263
9.99102E-05 0.901301 9.99102E-05 9.99102E-05 9.99102E-05 0.0815474 9.99102E-05 0.0161524 9.99102E-05 9.99102E-05 9.99102E-05 9.99102E-05 9.99102E-05
9.99015E-05 9.99015E-05 9.99015E-05 0.0179062 0.980995 9.99015E-05 9.99015E-05 9.99015E-05 9.99015E-05 9.99015E-05 9.99015E-05 9.99015E-05 9.99015E-05
9.997E-05 0.0717369 0.0996499 0.0347792 0.238899 9.997E-05 9.997E-05 0.0519843 0.110354 0.120172 0.0516301 0.0468093 0.173685
0.0275573 9.99193E-05 9.99193E-05 9.99193E-05 0.924819 9.99193E-05 9.99193E-05 0.0202575 9.99193E-05 0.0264674 9.99193E-05 9.99193E-05 9.99193E-05
9.9928E-05 9.9928E-05 9.9928E-05 0.0260142 0.909075 9.9928E-05 0.0289316 9.9928E-05 0.00469254 9.9928E-05 9.9928E-05 9.9928E-05 0.0304875
9.9937E-05 9.9937E-05 9.9937E-05 0.0285083 0.8802 9.9937E-05 9.9937E-05 0.00641217 0.0389211 0.0389362 0.00632322 9.9937E-05 9.9937E-05
9.99191E-05 9.99191E-05 9.99191E-05 0.039246 0.913202 9.99191E-05 9.99191E-05 9.99191E-05 9.99191E-05 0.0239863 0.0226665 9.99191E-05 9.99191E-05
9.99281E-05 9.99281E-05 0.0213715 9.99281E-05 0.718173 9.99281E-05 9.99281E-05 0.200336 9.99281E-05 9.99281E-05 9.99281E-05 0.0022059 0.0571148
9.99099E-05 9.99099E-05 9.99099E-05 9.99099E-05 0.947707 9.99099E-05 0.0408145 9.99099E-05 9.99099E-05 9.99099E-05 9.99099E-05 9.99099E-05 0.0104794
9.9892E-05 9.9892E-05 9.9892E-05 9.9892E-05 9.9892E-05 9.9892E-05 9.9892E-05 0.998801 9.9892E-05 9.9892E-05 9.9892E-05 9.9892E-05 9.9892E-05
0.0472538 9.99101E-05 9.99101E-05 0.0166076 9.99101E-05 9.99101E-05 9.99101E-05 0.93514 9.99101E-05 9.99101E-05 9.99101E-05 9.99101E-05 9.99101E-05
9.99281E-05 9.99281E-05 0.0121484 9.99281E-05 0.942925 9.99281E-05 9.99281E-05 9.99281E-05 0.0215622 0.0183671 9.99281E-05 0.00419819 9.99281E-05
9.9928E-05 9.9928E-05 9.9928E-05 9.9928E-05 0.00829162 9.9928E-05 9.9928E-05 0.0243229 9.9928E-05 0.937656 0.0265511 9.9928E-05 0.00237881
9.991E-05 9.991E-05 9.991E-05 9.991E-05 9.991E-05 9.991E-05 9.991E-05 9.991E-05 0.0131896 0.985382 9.991E-05 0.000428907 9.991E-05
9.98921E-05 9.98921E-05 9.98921E-05 9.98921E-05 9.98921E-05 9.98921E-05 9.98921E-05 9.98921E-05 9.98921E-05 9.98921E-05 9.98921E-05 0.998801 9.98921E-05
9.98922E-05 9.98922E-05 9.98922E-05 9.98922E-05 9.98922E-05 9.98922E-05 9.98922E-05 9.98922E-05 9.98922E-05 9.98922E-05 9.98922E-05 0.998801 9.98922E-05
0.0180491 9.99279E-05 0.75364 9.99279E-05 9.99279E-05 9.99279E-05 9.99279E-05 9.99279E-05 9.99279E-05 0.0606863 0.0701692 9.99279E-05 0.0966558
0.0535753 9.99279E-05 0.733337 9.99279E-05 9.99279E-05 9.99279E-05 9.99279E-05 9.99279E-05 9.99279E-05 0.089941 0.0368566 9.99279E-05 0.0854904
9.99101E-05 9.99101E-05 9.99101E-05 9.99101E-05 9.99101E-05 9.99101E-05 9.99101E-05 9.99101E-05 9.99101E-05 0.0144592 0.0260014 0.95854 9.99101E-05
9.99011E-05 9.99011E-05 9.99011E-05 9.99011E-05 9.99011E-05 9.99011E-05 9.99011E-05 9.99011E-05 9.99011E-05 9.99011E-05 9.99011E-05 0.99864 0.000261131
0.0222697 9.99189E-05 9.99189E-05 9.99189E-05 9.99189E-05 0.950512 9.99189E-05 9.99189E-05 0.0125345 0.013784 9.99189E-05 9.99189E-05 9.99189E-05
0.136577 0.00223173 9.99279E-05 0.148424 9.99279E-05 9.99279E-05 9.99279E-05 9.99279E-05 9.99279E-05 0.0217725 9.99279E-05 9.99279E-05 0.690195
9.9919E-05 9.9919E-05 9.9919E-05 0.053982 0.000440325 9.9919E-05 9.9919E-05 9.9919E-05 0.0481601 9.9919E-05 0.896518 9.9919E-05 9.9919E-05
0.100584 0.0323159 0.207982 9.99282E-05 0.00779397 9.99282E-05 0.650524 9.99282E-05 9.99282E-05 9.99282E-05 9.99282E-05 9.99282E-05 9.99282E-05
0.161729 9.99192E-05 9.99192E-05 9.99192E-05 9.99192E-05 0.134936 0.664289 9.99192E-05 9.99192E-05 9.99192E-05 9.99192E-05 0.0381465 9.99192E-05
9.99281E-05 0.0148841 9.99281E-05 9.99281E-05 0.255812 9.99281E-05 9.99281E-05 0.677855 0.0387255 9.99281E-05 9.99281E-05 0.0119245 9.99281E-05
