0.00215079 0.997649 9.9982E-05 9.9982E-05
0.309414 0.39057 9.9991E-05 0.299916
0.0572436 0.0331113 0.0900191 0.819626
9.998E-05 9.998E-05 9.998E-05 0.9997
0.288289 0.248101 9.9991E-05 0.46351
9.998E-05 9.998E-05 9.998E-05 0.9997
0.389898 0.560647 9.99911E-05 0.0493553
0.475822 0.0815659 9.9991E-05 0.442512
0.431066 0.522802 9.9991E-05 0.0460323
0.143351 0.85645 9.9982E-05 9.9982E-05
0.141129 0.858671 9.9982E-05 9.9982E-05
9.9982E-05 0.913708 9.9982E-05 0.0860922
9.99821E-05 0.922078 9.99821E-05 0.077722
9.9982E-05 9.9982E-05 0.00869941 0.991101
9.999E-05 0.0272932 0.00581474 0.966792
0.081879 0.917921 9.9982E-05 9.9982E-05
9.9991E-05 0.798732 0.179504 0.0216642
0.11217 0.185586 0.702144 9.9991E-05
9.998E-05 9.998E-05 0.9997 9.998E-05
0.0175049 0.982295 9.9982E-05 9.9982E-05
9.998E-05 9.998E-05 0.9997 9.998E-05
9.998E-05 0.9997 9.998E-05 9.998E-05
0.0673427 0.349427 0.532848 0.0503823
9.998E-05 9.998E-05 0.9997 9.998E-05
9.998E-05 9.998E-05 9.998E-05 0.9997
9.998E-05 9.998E-05 9.998E-05 0.9997
9.998E-05 0.9997 9.998E-05 9.998E-05
0.0990254 9.9982E-05 9.9982E-05 0.900775
0.106366 9.9982E-05 9.9982E-05 0.893434
0.244897 9.9991E-05 0.0408916 0.714112
0.288958 9.9991E-05 0.020542 0.6904
0.654536 0.247421 9.9991E-05 0.0979436
9.998E-05 9.998E-05 9.998E-05 0.9997
0.883944 9.9982E-05 9.9982E-05 0.115856
9.9982E-05 0.911302 9.9982E-05 0.088498
9.9982E-05 0.016771 9.9982E-05 0.983029
9.99821E-05 0.898424 9.99821E-05 0.101376
0.22145 0.734679 0.0296323 0.0142391
9.9991E-05 0.628034 0.197677 0.174189
9.9982E-05 0.852048 9.9982E-05 0.147752
0.065108 0.875037 9.9991E-05 0.0597546
0.0463758 0.930752 0.0227724 9.9991E-05
0.0554053 0.944395 9.9982E-05 9.9982E-05
0.0907008 0.909099 9.9982E-05 9.9982E-05
0.0568155 0.788697 0.154388 9.9991E-05
0.0808394 0.792724 0.0594263 0.0670104
0.0829086 0.792811 9.9991E-05 0.124181
0.00330024 0.987533 0.00906705 9.99911E-05
0.9997 9.998E-05 9.998E-05 9.998E-05
0.9997 9.998E-05 9.998E-05 9.998E-05
0.9997 9.998E-05 9.998E-05 9.998E-05
0.9997 9.998E-05 9.998E-05 9.998E-05
0.9997 9.998E-05 9.998E-05 9.998E-05
0.622424 0.113519 0.00867713 0.25538
0.9997 9.998E-05 9.998E-05 9.998E-05
9.998E-05 0.9997 9.998E-05 9.998E-05
0.560954 0.329676 9.9991E-05 0.10927
9.998E-05 9.998E-05 9.998E-05 0.9997
9.99821E-05 0.993588 9.99821E-05 0.00621196
9.9982E-05 0.908059 9.9982E-05 0.0917408
9.99822E-05 0.986565 9.99822E-05 0.0132355
9.998E-05 0.9997 9.998E-05 9.998E-05
9.9982E-05 0.9982 0.0015996 9.9982E-05
0.0317863 0.0557038 0.91241 9.9991E-05
9.998E-05 9.998E-05 9.998E-05 0.9997
0.10145 0.461371 0.0478862 0.389293
0.0517268 9.99821E-05 9.99821E-05 0.948073
0.0111435 0.000270235 9.9991E-05 0.988486
0.138477 0.00414556 9.9991E-05 0.857277
0.077056 9.9982E-05 9.9982E-05 0.922744
0.00929969 0.0433811 9.9991E-05 0.947219
9.998E-05 9.998E-05 9.998E-05 0.9997
0.498662 9.99821E-05 9.99821E-05 0.501138
0.375417 0.0527044 9.99911E-05 0.571778
0.0027689 0.00815211 0.00604261 0.983036
0.108465 0.823249 9.9991E-05 0.0681859
0.148231 0.815695 9.9991E-05 0.0359736
9.9991E-05 0.596145 0.271901 0.131854
9.9991E-05 0.571951 0.2876 0.140349
0.139762 0.860038 9.99819E-05 9.99819E-05
0.104209 0.895591 9.9982E-05 9.9982E-05
0.0287602 0.580266 0.266017 0.124957
9.9991E-05 0.565192 0.297708 0.137
0.0133747 0.986425 9.9982E-05 9.9982E-05
0.0723923 0.899031 0.028477 9.9991E-05
0.63957 0.290272 9.9991E-05 0.0700579
9.9991E-05 0.658099 0.225581 0.11622
9.9991E-05 0.811264 0.16554 0.0230955
0.32294 9.9991E-05 0.0525792 0.62438
