9.9982E-05 9.9982E-05 0.963489 0.0363113
0.52624 9.9991E-05 0.450807 0.022853
0.87306 0.0133385 0.011196 0.102405
0.954986 9.9982E-05 9.9982E-05 0.0448142
0.69584 9.9991E-05 0.277871 0.026189
0.985715 9.9982E-05 9.9982E-05 0.0140852
0.27671 9.99821E-05 0.72309 9.99821E-05
0.827821 9.9991E-05 0.161265 0.0108137
0.341612 9.99821E-05 0.658188 9.99821E-05
0.0297414 9.9991E-05 0.821434 0.148725
0.00907404 9.9991E-05 0.845692 0.145133
0.0236501 9.9991E-05 0.777158 0.199092
0.0648138 9.99822E-05 0.934986 9.99822E-05
0.965145 0.00563949 9.9991E-05 0.0291153
0.992418 9.9982E-05 9.9982E-05 0.00738206
0.0532197 9.9991E-05 0.888777 0.0579031
9.9991E-05 0.0717117 0.516796 0.411392
0.0313846 0.745434 0.223081 9.9991E-05
9.9982E-05 0.910356 9.9982E-05 0.0894439
9.9982E-05 9.9982E-05 0.830628 0.169172
9.998E-05 0.9997 9.998E-05 9.998E-05
9.9982E-05 9.9982E-05 0.912859 0.0869407
0.0439083 0.433024 0.118917 0.404151
9.9982E-05 0.880661 9.9982E-05 0.119139
0.9997 9.998E-05 9.998E-05 9.998E-05
0.9997 9.998E-05 9.998E-05 9.998E-05
9.9982E-05 9.9982E-05 0.912489 0.0873115
0.9997 9.998E-05 9.998E-05 9.998E-05
0.9997 9.998E-05 9.998E-05 9.998E-05
0.915261 0.0434072 0.0173414 0.02399
0.934351 0.00076171 9.9991E-05 0.0647877
0.568075 0.00783612 0.423989 9.99911E-05
0.9997 9.998E-05 9.998E-05 9.998E-05
0.819032 9.9982E-05 0.180768 9.9982E-05
0.0528159 9.9991E-05 0.649738 0.297346
0.985039 9.9982E-05 9.9982E-05 0.0147608
0.0696118 9.9991E-05 0.887586 0.0427026
0.178359 0.0386165 0.767969 0.0150553
0.130684 0.0526905 0.374167 0.442458
0.118377 9.9991E-05 0.767312 0.114211
0.0669396 0.00981682 0.806681 0.116563
9.9991E-05 0.00448663 0.859258 0.136155
0.0280247 9.9982E-05 0.971775 9.9982E-05
9.9991E-05 0.00360231 0.835756 0.160542
9.9991E-05 0.120388 0.690539 0.188973
0.107403 0.0485775 0.723565 0.120455
0.156613 9.9991E-05 0.705919 0.137368
9.99822E-05 0.0375164 0.962284 9.99822E-05
0.790853 0.0415377 0.167509 9.9991E-05
0.77586 0.0543453 0.169694 9.9991E-05
0.763022 0.0690752 0.167802 9.9991E-05
0.799811 0.0664746 0.133614 9.9991E-05
0.84085 0.0372906 0.121759 9.9991E-05
0.756247 0.0446905 0.198962 9.9991E-05
0.744128 0.0094922 0.24628 9.9991E-05
9.998E-05 9.998E-05 0.9997 9.998E-05
0.550286 9.9982E-05 0.449514 9.9982E-05
0.9997 9.998E-05 9.998E-05 9.998E-05
9.99821E-05 9.99821E-05 0.935456 0.064344
0.0673178 9.9991E-05 0.862276 0.0703059
9.99821E-05 0.00697256 0.992827 9.99821E-05
9.998E-05 9.998E-05 0.9997 9.998E-05
9.9991E-05 0.0132346 0.874377 0.112288
9.99821E-05 0.931262 0.068538 9.99821E-05
0.9997 9.998E-05 9.998E-05 9.998E-05
0.457551 0.07742 0.429034 0.0359948
0.9997 9.998E-05 9.998E-05 9.998E-05
0.9997 9.998E-05 9.998E-05 9.998E-05
0.9997 9.998E-05 9.998E-05 9.998E-05
0.9997 9.998E-05 9.998E-05 9.998E-05
0.94071 9.9991E-05 0.00320454 0.0559853
0.9997 9.998E-05 9.998E-05 9.998E-05
0.925783 9.99821E-05 0.0740172 9.99821E-05
0.838337 0.0201228 0.14144 9.99911E-05
0.978858 9.9982E-05 9.9982E-05 0.020942
0.136517 9.9991E-05 0.769253 0.0941301
0.166031 9.9991E-05 0.737633 0.0962361
9.998E-05 9.998E-05 9.998E-05 0.9997
9.998E-05 9.998E-05 9.998E-05 0.9997
0.0619577 9.9991E-05 0.826172 0.11177
0.0435177 0.00743036 0.867772 0.0812803
9.998E-05 9.998E-05 9.998E-05 0.9997
9.998E-05 9.998E-05 9.998E-05 0.9997
9.998E-05 9.998E-05 0.9997 9.998E-05
0.0351427 0.0626012 0.902156 9.9991E-05
0.546825 9.9982E-05 0.452975 9.9982E-05
0.0421085 0.127651 0.483553 0.346687
9.9991E-05 0.0666352 0.543221 0.390044
0.917856 0.0597067 9.9991E-05 0.0223376
