0.9582 9.99549E-05 9.99549E-05 9.99549E-05 9.99549E-05 0.00360192 9.99549E-05 0.037698
0.183462 0.201356 9.99638E-05 0.584229 9.99638E-05 0.0305527 9.99638E-05 9.99638E-05
9.997E-05 0.769105 0.0812209 0.099738 9.997E-05 0.0364007 0.0132359 9.997E-05
9.995E-05 0.963841 9.995E-05 9.995E-05 9.995E-05 0.0273513 9.995E-05 0.00830805
0.0955963 0.429833 9.9982E-05 0.370249 0.0249412 0.00241224 9.9982E-05 0.076768
0.00216152 0.978115 9.9955E-05 9.9955E-05 9.9955E-05 0.0192233 9.9955E-05 9.9955E-05
9.9946E-05 9.9946E-05 0.26939 0.730011 9.9946E-05 9.9946E-05 9.9946E-05 9.9946E-05
9.997E-05 0.379679 9.997E-05 0.396444 0.179063 0.00927462 9.997E-05 0.0352391
9.99459E-05 9.99459E-05 0.235739 0.763662 9.99459E-05 9.99459E-05 9.99459E-05 9.99459E-05
9.99461E-05 9.99461E-05 9.99461E-05 0.0544939 9.99461E-05 9.99461E-05 9.99461E-05 0.944906
9.994E-05 9.994E-05 9.994E-05 9.994E-05 9.994E-05 9.994E-05 9.994E-05 0.9993
0.686165 0.0142484 0.179663 9.9964E-05 9.9964E-05 0.119523 9.9964E-05 9.9964E-05
9.99461E-05 0.0104403 0.98896 9.99461E-05 9.99461E-05 9.99461E-05 9.99461E-05 9.99461E-05
9.9955E-05 0.964972 9.9955E-05 9.9955E-05 9.9955E-05 0.00335183 0.0311767 9.9955E-05
0.0529404 0.94069 9.9955E-05 9.9955E-05 9.9955E-05 9.9955E-05 0.00586951 9.9955E-05
0.0841232 9.9973E-05 0.296984 0.0428197 0.0025743 9.9973E-05 9.9973E-05 0.573199
0.0179639 9.99748E-05 0.187691 9.99748E-05 9.99748E-05 0.311507 0.0432447 0.439293
0.0402374 9.99729E-05 9.99729E-05 0.0509389 0.00796691 9.99729E-05 0.71683 0.183726
9.9946E-05 9.9946E-05 9.9946E-05 9.9946E-05 9.9946E-05 0.0687212 0.930679 9.9946E-05
0.110317 9.9955E-05 9.9955E-05 9.9955E-05 9.9955E-05 0.0629573 9.9955E-05 0.826226
9.994E-05 9.994E-05 9.994E-05 9.994E-05 9.994E-05 9.994E-05 0.9993 9.994E-05
0.597841 9.9964E-05 0.0625668 9.9964E-05 9.9964E-05 0.0192598 9.9964E-05 0.319933
9.997E-05 0.0179285 9.997E-05 0.00344202 9.997E-05 0.300994 0.394078 0.283257
9.9955E-05 9.9955E-05 9.9955E-05 9.9955E-05 9.9955E-05 0.0632353 0.911887 0.024378
9.994E-05 0.9993 9.994E-05 9.994E-05 9.994E-05 9.994E-05 9.994E-05 9.994E-05
9.994E-05 0.9993 9.994E-05 9.994E-05 9.994E-05 9.994E-05 9.994E-05 9.994E-05
0.0970554 9.99639E-05 0.74491 9.99639E-05 9.99639E-05 0.0544413 9.99639E-05 0.103194
9.9955E-05 0.912682 9.9955E-05 0.0717862 0.0150318 9.9955E-05 9.9955E-05 9.9955E-05
9.9946E-05 0.916719 9.9946E-05 9.9946E-05 0.0826811 9.9946E-05 9.9946E-05 9.9946E-05
0.0469172 0.699523 0.0336997 0.0402546 0.179306 9.99731E-05 9.99731E-05 9.99731E-05
9.996E-05 0.607726 9.996E-05 0.14079 0.211079 0.0400049 9.996E-05 9.996E-05
0.0525455 9.9964E-05 9.9964E-05 0.873738 0.0581873 0.015129 9.9964E-05 9.9964E-05
9.994E-05 0.9993 9.994E-05 9.994E-05 9.994E-05 9.994E-05 9.994E-05 9.994E-05
0.00669162 0.0705626 9.99731E-05 0.105252 0.814797 0.00239781 9.99731E-05 9.99731E-05
0.0654033 0.0635741 0.597757 9.99729E-05 9.99729E-05 0.194008 9.99729E-05 0.078958
9.99459E-05 0.973336 0.0260641 9.99459E-05 9.99459E-05 9.99459E-05 9.99459E-05 9.99459E-05
0.961293 0.0381077 9.9946E-05 9.9946E-05 9.9946E-05 9.9946E-05 9.9946E-05 9.9946E-05
0.0596916 0.0292438 9.9982E-05 0.193943 0.00845784 9.9982E-05 0.0123748 0.696089
0.0570321 0.178361 0.131902 9.9982E-05 9.9982E-05 0.345304 0.0508517 0.236349
0.307948 0.118003 9.9955E-05 9.9955E-05 9.9955E-05 9.9955E-05 9.9955E-05 0.573549
0.345992 0.0777019 9.99729E-05 9.99729E-05 9.99729E-05 0.007993 0.00532674 0.562687
9.994E-05 9.994E-05 9.994E-05 9.994E-05 9.994E-05 9.994E-05 9.994E-05 0.9993
0.109566 9.99639E-05 0.224865 0.137089 9.99639E-05 9.99639E-05 9.99639E-05 0.52808
9.9955E-05 9.9955E-05 0.0223922 9.9955E-05 9.9955E-05 0.0224609 9.9955E-05 0.954647
0.0495669 9.9973E-05 0.138844 9.9973E-05 9.9973E-05 0.108668 0.100014 0.602607
0.137182 0.0917583 0.0225122 9.9991E-05 0.000369845 0.0340161 0.0208151 0.693247
0.21286 0.114033 0.23802 9.9982E-05 0.0563826 0.111669 9.9982E-05 0.266835
0.979188 9.99463E-05 9.99463E-05 9.99463E-05 9.99463E-05 9.99463E-05 0.0202125 9.99463E-05
9.994E-05 9.994E-05 9.994E-05 9.994E-05 0.9993 9.994E-05 9.994E-05 9.994E-05
9.9946E-05 9.9946E-05 9.9946E-05 9.9946E-05 0.991753 9.9946E-05 9.9946E-05 0.00764777
9.9946E-05 9.9946E-05 9.9946E-05 9.9946E-05 0.989032 9.9946E-05 9.9946E-05 0.010368
9.994E-05 9.994E-05 9.994E-05 9.994E-05 0.9993 9.994E-05 9.994E-05 9.994E-05
9.994E-05 9.994E-05 9.994E-05 9.994E-05 0.9993 9.994E-05 9.994E-05 9.994E-05
9.998E-05 0.189788 0.0277786 0.248467 0.450007 9.998E-05 0.036493 0.0472656
0.00818568 9.9955E-05 9.9955E-05 0.0339921 0.957322 9.9955E-05 9.9955E-05 9.9955E-05
0.88903 9.99549E-05 0.0567099 9.99549E-05 9.99549E-05 9.99549E-05 9.99549E-05 0.0537598
0.0515179 9.99638E-05 9.99638E-05 0.832915 0.0763674 0.0387996 9.99638E-05 9.99638E-05
9.994E-05 0.9993 9.994E-05 9.994E-05 9.994E-05 9.994E-05 9.994E-05 9.994E-05
0.0765022 9.9964E-05 0.868197 9.9964E-05 0.0154635 0.0394376 9.9964E-05 9.9964E-05
0.161388 0.0605603 0.298152 9.99641E-05 9.99641E-05 9.99641E-05 9.99641E-05 0.4795
9.994E-05 9.994E-05 0.9993 9.994E-05 9.994E-05 9.994E-05 9.994E-05 9.994E-05
9.99459E-05 9.99459E-05 0.898654 9.99459E-05 9.99459E-05 9.99459E-05 9.99459E-05 0.100746
9.99639E-05 9.99639E-05 0.84414 9.99639E-05 9.99639E-05 0.0935453 0.00569075 0.056224
0.104631 9.99551E-05 9.99551E-05 9.99551E-05 0.00921504 9.99551E-05 0.885655 9.99551E-05
9.994E-05 0.9993 9.994E-05 9.994E-05 9.994E-05 9.994E-05 9.994E-05 9.994E-05
0.0899152 0.243004 0.227984 9.999E-05 0.184456 0.0564732 0.0731347 0.124932
9.99552E-05 0.971878 0.0245366 0.00308542 9.99552E-05 9.99552E-05 9.99552E-05 9.99552E-05
0.0422937 0.946775 9.995E-05 9.995E-05 0.0104316 9.995E-05 9.995E-05 9.995E-05
9.996E-05 0.907798 0.0048944 0.0422644 0.0446436 9.996E-05 9.996E-05 9.996E-05
0.0107237 0.948246 9.9964E-05 0.0379724 0.00265757 9.9964E-05 9.9964E-05 9.9964E-05
9.99551E-05 0.913565 9.99551E-05 0.0177599 9.99551E-05 9.99551E-05 9.99551E-05 0.0681756
9.99549E-05 0.996645 9.99549E-05 0.000135702 9.99549E-05 0.0027197 9.99549E-05 9.99549E-05
9.995E-05 0.457749 9.995E-05 0.332741 0.20901 9.995E-05 9.995E-05 9.995E-05
9.99642E-05 0.421966 0.0575908 0.456352 0.063691 9.99642E-05 9.99642E-05 9.99642E-05
9.9964E-05 0.936768 9.9964E-05 9.9964E-05 0.0425673 0.00100005 9.9964E-05 0.0192644
0.045762 0.0540371 0.0819892 0.202119 9.9982E-05 0.0324588 9.9982E-05 0.583434
0.0703427 0.0311639 0.117264 0.122496 0.0446878 9.99895E-05 9.99895E-05 0.613845
9.994E-05 9.994E-05 9.994E-05 9.994E-05 9.994E-05 0.9993 9.994E-05 9.994E-05
9.994E-05 9.994E-05 9.994E-05 9.994E-05 9.994E-05 0.9993 9.994E-05 9.994E-05
0.0158809 9.9946E-05 9.9946E-05 9.9946E-05 9.9946E-05 9.9946E-05 9.9946E-05 0.983519
9.9955E-05 9.9955E-05 0.0294904 0.00533277 9.9955E-05 9.9955E-05 9.9955E-05 0.964677
9.9946E-05 9.9946E-05 9.9946E-05 0.0236999 9.9946E-05 0.9757 9.9946E-05 9.9946E-05
9.994E-05 9.994E-05 9.994E-05 9.994E-05 9.994E-05 0.9993 9.994E-05 9.994E-05
0.968857 9.9946E-05 0.0305429 9.9946E-05 9.9946E-05 9.9946E-05 9.9946E-05 9.9946E-05
0.0979792 9.9973E-05 0.249085 0.135436 9.9973E-05 9.9973E-05 0.0401986 0.477002
0.0449144 9.99549E-05 9.99549E-05 0.872044 0.0825419 9.99549E-05 9.99549E-05 9.99549E-05
0.0115988 0.0581339 0.282314 9.998E-05 9.998E-05 0.256699 0.0997028 0.291351
0.191468 9.99641E-05 0.413241 9.99641E-05 9.99641E-05 0.305957 0.0889352 9.99641E-05
9.99731E-05 0.520015 9.99731E-05 0.263125 0.169398 0.0359964 0.0111663 9.99731E-05
