9.9973E-05 9.9973E-05 0.0265463 0.973154 9.9973E-05
0.267578 0.311476 0.0314595 0.389386 9.9991E-05
0.0917549 0.83989 0.0373289 9.99911E-05 0.0309266
9.9973E-05 0.96529 0.0344103 9.9973E-05 9.9973E-05
0.311998 0.451736 9.99821E-05 0.236066 9.99821E-05
9.9973E-05 0.969825 0.0298755 9.9973E-05 9.9973E-05
0.333679 0.0650131 9.99822E-05 0.601108 9.99822E-05
0.494282 0.406934 0.0414087 0.0572756 9.9991E-05
0.414336 0.0337939 9.99821E-05 0.55167 9.99821E-05
0.129752 9.9982E-05 0.107328 0.76272 9.9982E-05
0.099155 9.9982E-05 0.0968344 0.803811 9.9982E-05
9.9982E-05 0.0578626 0.16919 0.772748 9.9982E-05
9.99732E-05 0.0520349 9.99732E-05 0.947665 9.99732E-05
9.9982E-05 0.973242 0.0160415 9.9982E-05 0.0105168
9.999E-05 0.97062 0.00350951 0.0204609 0.00531001
0.0498718 0.0356845 0.00845712 0.905887 9.9991E-05
9.999E-05 0.00545432 0.391449 0.525854 0.0771432
0.0680105 9.9982E-05 9.9982E-05 0.213511 0.718278
9.9973E-05 9.9973E-05 0.069341 9.9973E-05 0.930359
9.99729E-05 9.99729E-05 0.168794 0.830907 9.99729E-05
9.997E-05 9.997E-05 9.997E-05 9.997E-05 0.9996
9.9982E-05 0.00522183 0.0493918 0.945186 9.9982E-05
0.0589783 0.0157596 0.404797 0.117369 0.403096
9.9973E-05 9.9973E-05 0.103384 9.9973E-05 0.896316
9.997E-05 0.9996 9.997E-05 9.997E-05 9.997E-05
9.997E-05 0.9996 9.997E-05 9.997E-05 9.997E-05
9.9973E-05 9.9973E-05 0.0437079 0.955992 9.9973E-05
0.0727064 0.926994 9.9973E-05 9.9973E-05 9.9973E-05
0.0844302 0.91527 9.9973E-05 9.9973E-05 9.9973E-05
0.278517 0.673337 0.0201548 0.0248898 0.00310108
0.29835 0.642296 0.0591543 9.9982E-05 9.9982E-05
0.629383 0.0741776 9.99821E-05 0.296239 9.99821E-05
9.9973E-05 0.999338 0.000362499 9.9973E-05 9.9973E-05
0.932068 0.0676322 9.99731E-05 9.99731E-05 9.99731E-05
9.9982E-05 0.0637928 0.228287 0.70772 9.9982E-05
9.9982E-05 0.976568 0.00377567 0.019456 9.9982E-05
9.99821E-05 0.0925899 0.0329721 0.874238 9.99821E-05
0.22668 9.9991E-05 0.039936 0.688205 0.045079
9.9991E-05 0.134986 0.387438 0.414693 0.0627826
9.9991E-05 0.139115 0.0715214 0.786166 0.00309832
0.0247463 0.110145 0.071333 0.789155 0.00462036
0.0278299 9.9991E-05 0.100286 0.851572 0.0202126
0.0697121 9.9973E-05 9.9973E-05 0.929988 9.9973E-05
0.0852383 9.99819E-05 0.123956 0.790606 9.99819E-05
0.0271589 9.9991E-05 0.212081 0.667778 0.0928814
0.0661119 0.0588692 0.135755 0.700175 0.0390882
0.0399866 0.132046 0.153845 0.674023 9.9991E-05
9.99822E-05 9.99822E-05 0.00829026 0.941042 0.0504681
0.993885 9.9973E-05 9.9973E-05 9.9973E-05 0.00581551
0.9996 9.997E-05 9.997E-05 9.997E-05 9.997E-05
0.996534 9.9973E-05 9.9973E-05 9.9973E-05 0.00316603
0.9996 9.997E-05 9.997E-05 9.997E-05 9.997E-05
0.9996 9.997E-05 9.997E-05 9.997E-05 9.997E-05
0.601523 0.23537 9.9991E-05 0.133565 0.0294418
0.9996 9.997E-05 9.997E-05 9.997E-05 9.997E-05
9.997E-05 9.997E-05 9.997E-05 0.9996 9.997E-05
0.596118 0.0925264 9.9982E-05 0.311156 9.9982E-05
9.997E-05 0.9996 9.997E-05 9.997E-05 9.997E-05
9.99821E-05 0.0323408 0.068239 0.89922 9.99821E-05
9.9982E-05 0.0837966 0.00902371 0.90698 9.9982E-05
9.99732E-05 9.99732E-05 9.99732E-05 0.983602 0.0160982
9.997E-05 9.997E-05 9.997E-05 0.9996 9.997E-05
9.9982E-05 9.9982E-05 0.0784121 0.901038 0.0203504
0.0187846 9.99821E-05 9.99821E-05 0.0471754 0.93384
9.997E-05 0.9996 9.997E-05 9.997E-05 9.997E-05
0.0451855 0.363912 0.0570458 0.428015 0.105842
9.997E-05 0.9996 9.997E-05 9.997E-05 9.997E-05
0.0369763 0.932494 9.9982E-05 0.0303301 9.9982E-05
0.0746027 0.925097 9.9973E-05 9.9973E-05 9.9973E-05
0.0397618 0.93957 9.9982E-05 9.9982E-05 0.0204678
0.0701989 0.887479 0.0332054 0.00901645 9.9991E-05
9.997E-05 0.9996 9.997E-05 9.997E-05 9.997E-05
0.475422 0.511249 9.99821E-05 0.013129 9.99821E-05
0.389535 0.555537 9.99911E-05 0.0511195 0.0037091
0.00977059 0.981395 0.00282676 0.000178258 0.00582986
0.0772382 0.113188 0.0554445 0.754029 9.9991E-05
0.133899 0.0669056 0.0464223 0.752673 9.9991E-05
9.997E-05 9.997E-05 0.9996 9.997E-05 9.997E-05
9.997E-05 9.997E-05 0.9996 9.997E-05 9.997E-05
0.135191 9.9982E-05 0.0805134 0.784096 9.9982E-05
0.110155 9.9991E-05 0.0537488 0.83135 0.00464672
9.99721E-05 9.99721E-05 0.9996 9.99721E-05 9.99721E-05
9.997E-05 9.997E-05 0.9996 9.997E-05 9.997E-05
0.0127078 9.9973E-05 9.9973E-05 0.986992 9.9973E-05
0.0235729 0.0313971 9.9991E-05 0.892273 0.0526567
0.613836 0.105792 9.9982E-05 0.280173 9.9982E-05
9.9991E-05 0.0515864 0.320839 0.504326 0.123149
9.99821E-05 9.99821E-05 0.349566 0.57182 0.0784142
0.34373 0.566643 0.0427592 9.9991E-05 0.0467678
