0.00283713 9.99009E-05 9.99009E-05 9.99009E-05 9.99009E-05 9.99009E-05 9.99009E-05 9.99009E-05 0.950721 9.99009E-05 0.00106214 0.0255819 9.99009E-05 0.0181098 9.99009E-05 0.000588721 9.99009E-05
9.98828E-05 9.98828E-05 9.98828E-05 9.98828E-05 0.186089 9.98828E-05 9.98828E-05 0.64025 9.98828E-05 0.141234 0.0311292 9.98828E-05 9.98828E-05 9.98828E-05 9.98828E-05 9.98828E-05 9.98828E-05
0.0152384 0.139423 9.99198E-05 0.096508 9.99198E-05 9.99198E-05 0.0483933 0.00112155 9.99198E-05 0.244668 9.99198E-05 9.99198E-05 9.99198E-05 0.0109699 9.99198E-05 9.99198E-05 0.442779
0.0287307 9.98831E-05 9.98831E-05 9.98831E-05 9.98831E-05 9.98831E-05 9.98831E-05 9.98831E-05 9.98831E-05 0.927562 9.98831E-05 9.98831E-05 9.98831E-05 9.98831E-05 0.0225643 9.98831E-05 0.0198448
9.99371E-05 0.141599 0.0425965 9.99371E-05 0.0668531 0.217051 9.99371E-05 0.0758619 9.99371E-05 0.354056 0.00371949 0.0120032 9.99371E-05 0.0129295 0.0726307 9.99371E-05 9.99371E-05
9.9883E-05 0.0102128 0.00798495 9.9883E-05 9.9883E-05 9.9883E-05 9.9883E-05 9.9883E-05 9.9883E-05 0.978071 9.9883E-05 9.9883E-05 0.00243268 9.9883E-05 9.9883E-05 9.9883E-05 9.9883E-05
9.98651E-05 9.98651E-05 9.98651E-05 0.00178897 9.98651E-05 0.996713 9.98651E-05 9.98651E-05 9.98651E-05 9.98651E-05 9.98651E-05 9.98651E-05 9.98651E-05 9.98651E-05 9.98651E-05 9.98651E-05 9.98651E-05
0.0149591 0.685007 9.99098E-05 9.99098E-05 9.99098E-05 9.99098E-05 9.99098E-05 0.132309 9.99098E-05 0.0512849 9.99098E-05 0.057892 9.99098E-05 9.99098E-05 0.0503903 9.99098E-05 0.00715874
9.98741E-05 9.98741E-05 9.98741E-05 9.98741E-05 9.98741E-05 0.953383 9.98741E-05 0.0321491 9.98741E-05 9.98741E-05 9.98741E-05 9.98741E-05 9.98741E-05 9.98741E-05 0.0130699 9.98741E-05 9.98741E-05
9.98651E-05 9.98651E-05 9.98651E-05 9.98651E-05 9.98651E-05 0.121301 9.98651E-05 9.98651E-05 9.98651E-05 9.98651E-05 9.98651E-05 0.877201 9.98651E-05 9.98651E-05 9.98651E-05 9.98651E-05 9.98651E-05
9.98652E-05 9.98652E-05 9.98652E-05 9.98652E-05 9.98652E-05 0.103559 9.98652E-05 9.98652E-05 9.98652E-05 9.98652E-05 9.98652E-05 0.894943 9.98652E-05 9.98652E-05 9.98652E-05 9.98652E-05 9.98652E-05
0.124981 9.9892E-05 0.0498843 0.140887 9.9892E-05 9.9892E-05 9.9892E-05 9.9892E-05 0.657883 0.0251665 9.9892E-05 9.9892E-05 9.9892E-05 9.9892E-05 9.9892E-05 9.9892E-05 9.9892E-05
9.98744E-05 9.98744E-05 9.98744E-05 0.982517 9.98744E-05 0.00260407 9.98744E-05 9.98744E-05 9.98744E-05 9.98744E-05 9.98744E-05 9.98744E-05 9.98744E-05 9.98744E-05 9.98744E-05 9.98744E-05 0.0134806
9.98921E-05 9.98921E-05 9.98921E-05 0.00557781 9.98921E-05 9.98921E-05 0.00546264 0.00193321 9.98921E-05 0.984015 9.98921E-05 9.98921E-05 0.00181287 9.98921E-05 9.98921E-05 9.98921E-05 9.98921E-05
9.98921E-05 9.98921E-05 9.98921E-05 9.98921E-05 0.00851771 9.98921E-05 9.98921E-05 9.98921E-05 0.00875809 0.954883 9.98921E-05 9.98921E-05 0.00678798 0.0198548 9.98921E-05 9.98921E-05 9.98921E-05
9.98919E-05 9.98919E-05 0.10807 0.139691 9.98919E-05 9.98919E-05 9.98919E-05 9.98919E-05 9.98919E-05 9.98919E-05 0.00424541 0.0526116 9.98919E-05 9.98919E-05 9.98919E-05 0.694183 9.98919E-05
9.9874E-05 9.9874E-05 9.9874E-05 9.9874E-05 9.9874E-05 9.9874E-05 9.9874E-05 9.9874E-05 9.9874E-05 9.9874E-05 0.941234 0.0485176 9.9874E-05 0.00885057 9.9874E-05 9.9874E-05 9.9874E-05
9.99008E-05 9.99008E-05 9.99008E-05 9.99008E-05 0.152818 0.00810748 0.737923 0.0245292 9.99008E-05 9.99008E-05 9.99008E-05 0.0341745 9.99008E-05 9.99008E-05 0.0413485 9.99008E-05 9.99008E-05
0.0579676 9.98741E-05 9.98741E-05 9.98741E-05 9.98741E-05 9.98741E-05 0.881301 9.98741E-05 9.98741E-05 9.98741E-05 9.98741E-05 9.98741E-05 0.0593333 9.98741E-05 9.98741E-05 9.98741E-05 9.98741E-05
0.0194052 9.99008E-05 0.146632 9.99008E-05 9.99008E-05 9.99008E-05 9.99008E-05 9.99008E-05 0.0598986 9.99008E-05 0.0204732 0.417044 9.99008E-05 9.99008E-05 9.99008E-05 0.335448 9.99008E-05
9.98561E-05 9.98561E-05 9.98561E-05 9.98561E-05 9.98561E-05 9.98561E-05 0.998402 9.98561E-05 9.98561E-05 9.98561E-05 9.98561E-05 9.98561E-05 9.98561E-05 9.98561E-05 9.98561E-05 9.98561E-05 9.98561E-05
9.99099E-05 9.99099E-05 9.99099E-05 0.0249839 0.208737 9.99099E-05 9.99099E-05 9.99099E-05 0.450139 9.99099E-05 0.0394156 0.045954 0.0134554 9.99099E-05 9.99099E-05 0.216316 9.99099E-05
9.9856E-05 9.9856E-05 9.9856E-05 9.9856E-05 9.9856E-05 9.9856E-05 9.9856E-05 9.9856E-05 9.9856E-05 9.9856E-05 9.9856E-05 9.9856E-05 9.9856E-05 0.998402 9.9856E-05 9.9856E-05 9.9856E-05
9.9874E-05 9.9874E-05 0.0487734 9.9874E-05 9.9874E-05 9.9874E-05 0.837433 9.9874E-05 9.9874E-05 9.9874E-05 9.9874E-05 9.9874E-05 9.9874E-05 0.112395 9.9874E-05 9.9874E-05 9.9874E-05
9.98652E-05 9.98652E-05 9.98652E-05 9.98652E-05 9.98652E-05 9.98652E-05 9.98652E-05 9.98652E-05 9.98652E-05 0.409128 9.98652E-05 9.98652E-05 9.98652E-05 9.98652E-05 9.98652E-05 9.98652E-05 0.589374
9.98653E-05 9.98653E-05 9.98653E-05 9.98653E-05 9.98653E-05 9.98653E-05 9.98653E-05 9.98653E-05 9.98653E-05 0.780643 9.98653E-05 9.98653E-05 9.98653E-05 9.98653E-05 9.98653E-05 9.98653E-05 0.217859
0.019142 9.98918E-05 9.98918E-05 0.781873 9.98918E-05 9.98918E-05 9.98918E-05 9.98918E-05 0.0861065 9.98918E-05 0.0449676 0.0667121 9.98918E-05 9.98918E-05 9.98918E-05 9.98918E-05 9.98918E-05
9.9874E-05 9.9874E-05 9.9874E-05 9.9874E-05 9.9874E-05 9.9874E-05 9.9874E-05 9.9874E-05 9.9874E-05 0.0172417 9.9874E-05 9.9874E-05 9.9874E-05 9.9874E-05 0.0191721 9.9874E-05 0.962188
9.9856E-05 9.9856E-05 9.9856E-05 9.9856E-05 9.9856E-05 9.9856E-05 9.9856E-05 9.9856E-05 9.9856E-05 9.9856E-05 9.9856E-05 9.9856E-05 9.9856E-05 9.9856E-05 9.9856E-05 9.9856E-05 0.998402
9.99012E-05 0.180938 9.99012E-05 9.99012E-05 9.99012E-05 9.99012E-05 9.99012E-05 9.99012E-05 9.99012E-05 0.334731 0.0557123 9.99012E-05 0.0476909 9.99012E-05 0.161567 9.99012E-05 0.218261
0.0388751 0.534513 0.0215359 9.99009E-05 9.99009E-05 9.99009E-05 9.99009E-05 9.99009E-05 9.99009E-05 0.337107 0.00212957 9.99009E-05 9.99009E-05 9.99009E-05 0.0647412 9.99009E-05 9.99009E-05
9.98565E-05 9.98565E-05 9.98565E-05 9.98565E-05 9.98565E-05 9.98565E-05 9.98565E-05 0.998402 9.98565E-05 9.98565E-05 9.98565E-05 9.98565E-05 9.98565E-05 9.98565E-05 9.98565E-05 9.98565E-05 9.98565E-05
9.98921E-05 0.196092 9.98921E-05 9.98921E-05 0.000163441 9.98921E-05 9.98921E-05 9.98921E-05 9.98921E-05 0.584658 9.98921E-05 9.98921E-05 9.98921E-05 9.98921E-05 9.98921E-05 0.00959004 0.208297
9.98833E-05 0.264921 9.98833E-05 9.98833E-05 9.98833E-05 9.98833E-05 9.98833E-05 0.0233027 9.98833E-05 9.98833E-05 0.00200521 9.98833E-05 9.98833E-05 9.98833E-05 0.708473 9.98833E-05 9.98833E-05
0.0967952 0.063805 0.0203857 0.470113 0.105995 9.99007E-05 9.99007E-05 9.99007E-05 9.99007E-05 9.99007E-05 0.241807 9.99007E-05 9.99007E-05 9.99007E-05 9.99007E-05 9.99007E-05 9.99007E-05
9.98918E-05 0.00727467 0.0182771 9.98918E-05 0.00923194 9.98918E-05 9.98918E-05 9.98918E-05 9.98918E-05 0.47561 9.98918E-05 9.98918E-05 9.98918E-05 9.98918E-05 9.98918E-05 9.98918E-05 0.488408
9.98741E-05 0.0373384 9.98741E-05 9.98741E-05 9.98741E-05 9.98741E-05 9.98741E-05 9.98741E-05 0.939184 0.0220789 9.98741E-05 9.98741E-05 9.98741E-05 9.98741E-05 9.98741E-05 9.98741E-05 9.98741E-05
9.99189E-05 0.012378 9.99189E-05 9.99189E-05 0.0877437 9.99189E-05 9.99189E-05 0.210181 0.0449757 9.99189E-05 0.0129309 0.584196 0.0332476 0.0134481 9.99189E-05 9.99189E-05 9.99189E-05
9.98651E-05 9.98651E-05 9.98651E-05 9.98651E-05 9.98651E-05 9.98651E-05 9.98651E-05 9.98651E-05 9.98651E-05 0.0214549 0.977047 9.98651E-05 9.98651E-05 9.98651E-05 9.98651E-05 9.98651E-05 9.98651E-05
9.9865E-05 9.9865E-05 9.9865E-05 9.9865E-05 0.989361 9.9865E-05 9.9865E-05 9.9865E-05 9.9865E-05 0.00914057 9.9865E-05 9.9865E-05 9.9865E-05 9.9865E-05 9.9865E-05 9.9865E-05 9.9865E-05
9.9856E-05 9.9856E-05 9.9856E-05 9.9856E-05 0.998402 9.9856E-05 9.9856E-05 9.9856E-05 9.9856E-05 9.9856E-05 9.9856E-05 9.9856E-05 9.9856E-05 9.9856E-05 9.9856E-05 9.9856E-05 9.9856E-05
9.9883E-05 9.9883E-05 0.0054215 9.9883E-05 0.0555974 9.9883E-05 9.9883E-05 9.9883E-05 9.9883E-05 9.9883E-05 0.0367884 0.900894 9.9883E-05 9.9883E-05 9.9883E-05 9.9883E-05 9.9883E-05
9.9901E-05 9.9901E-05 9.9901E-05 0.0317299 9.9901E-05 0.0872252 9.9901E-05 9.9901E-05 0.00813741 9.9901E-05 9.9901E-05 0.0442144 0.0119451 9.9901E-05 9.9901E-05 0.815649 9.9901E-05
9.98919E-05 9.98919E-05 0.0704779 9.98919E-05 9.98919E-05 9.98919E-05 9.98919E-05 9.98919E-05 0.0251554 9.98919E-05 9.98919E-05 0.88748 9.98919E-05 9.98919E-05 9.98919E-05 0.00637327 0.00931468
0.0368232 9.99459E-05 0.152375 0.126112 0.112178 9.99459E-05 0.0302018 0.0431641 0.0212558 9.99459E-05 9.99459E-05 0.331209 0.0090972 0.119113 9.99459E-05 0.0178715 9.99459E-05
9.99279E-05 0.0174988 0.106836 9.99279E-05 0.164008 9.99279E-05 9.99279E-05 0.0123291 0.0673423 0.0472589 9.99279E-05 0.427506 0.0925065 9.99279E-05 9.99279E-05 0.0639143 9.99279E-05
9.99279E-05 9.99279E-05 0.193492 0.067723 9.99279E-05 0.0303998 9.99279E-05 9.99279E-05 0.191478 0.0865376 0.170155 0.220293 0.00072279 9.99279E-05 0.0383992 9.99279E-05 9.99279E-05
9.98749E-05 9.98749E-05 9.98749E-05 9.98749E-05 9.98749E-05 9.98749E-05 9.98749E-05 9.98749E-05 0.982895 9.98749E-05 9.98749E-05 9.98749E-05 0.00259026 0.0131169 9.98749E-05 9.98749E-05 9.98749E-05
9.98562E-05 9.98562E-05 9.98562E-05 9.98562E-05 9.98562E-05 9.98562E-05 9.98562E-05 9.98562E-05 9.98562E-05 9.98562E-05 9.98562E-05 9.98562E-05 9.98562E-05 9.98562E-05 0.998402 9.98562E-05 9.98562E-05
9.98652E-05 9.98652E-05 9.98652E-05 9.98652E-05 9.98652E-05 9.98652E-05 0.00752479 9.98652E-05 9.98652E-05 9.98652E-05 9.98652E-05 9.98652E-05 9.98652E-05 9.98652E-05 0.990977 9.98652E-05 9.98652E-05
9.98742E-05 9.98742E-05 9.98742E-05 9.98742E-05 0.00206825 9.98742E-05 9.98742E-05 9.98742E-05 9.98742E-05 9.98742E-05 9.98742E-05 0.0195044 9.98742E-05 9.98742E-05 0.977029 9.98742E-05 9.98742E-05
9.98653E-05 9.98653E-05 9.98653E-05 9.98653E-05 9.98653E-05 9.98653E-05 9.98653E-05 9.98653E-05 9.98653E-05 0.0144105 9.98653E-05 9.98653E-05 9.98653E-05 9.98653E-05 0.984092 9.98653E-05 9.98653E-05
9.98652E-05 0.00619738 9.98652E-05 9.98652E-05 9.98652E-05 9.98652E-05 9.98652E-05 9.98652E-05 9.98652E-05 9.98652E-05 9.98652E-05 9.98652E-05 9.98652E-05 9.98652E-05 0.992305 9.98652E-05 9.98652E-05
9.99001E-05 0.356091 9.99001E-05 9.99001E-05 9.99001E-05 0.0233283 9.99001E-05 0.0963929 9.99001E-05 9.99001E-05 9.99001E-05 9.99001E-05 9.99001E-05 0.105381 0.295579 0.0617166 0.0605124
9.98831E-05 9.98831E-05 9.98831E-05 0.000764674 9.98831E-05 9.98831E-05 9.98831E-05 0.0887525 9.98831E-05 9.98831E-05 0.00715429 9.98831E-05 9.98831E-05 9.98831E-05 0.90203 9.98831E-05 9.98831E-05
9.98737E-05 9.98737E-05 0.0616643 9.98737E-05 9.98737E-05 9.98737E-05 9.98737E-05 9.98737E-05 0.777308 9.98737E-05 9.98737E-05 9.98737E-05 9.98737E-05 9.98737E-05 9.98737E-05 0.159629 9.98737E-05
0.0302828 9.98919E-05 9.98919E-05 9.98919E-05 9.98919E-05 0.0395839 9.98919E-05 0.896309 9.98919E-05 9.98919E-05 9.98919E-05 9.98919E-05 9.98919E-05 9.98919E-05 0.0292207 9.98919E-05 0.00340519
9.98738E-05 9.98738E-05 9.98738E-05 9.98738E-05 0.0328083 9.98738E-05 9.98738E-05 9.98738E-05 9.98738E-05 0.595637 9.98738E-05 9.98738E-05 9.98738E-05 9.98738E-05 9.98738E-05 9.98738E-05 0.370156
0.0279567 9.98831E-05 9.98831E-05 0.811766 0.117489 9.98831E-05 9.98831E-05 9.98831E-05 9.98831E-05 9.98831E-05 9.98831E-05 9.98831E-05 9.98831E-05 9.98831E-05 9.98831E-05 0.0414906 9.98831E-05
9.98743E-05 9.98743E-05 0.110421 0.0250453 9.98743E-05 9.98743E-05 9.98743E-05 9.98743E-05 9.98743E-05 9.98743E-05 9.98743E-05 9.98743E-05 9.98743E-05 9.98743E-05 9.98743E-05 0.863135 9.98743E-05
9.98655E-05 9.98655E-05 9.98655E-05 0.977766 9.98655E-05 0.0207356 9.98655E-05 9.98655E-05 9.98655E-05 9.98655E-05 9.98655E-05 9.98655E-05 9.98655E-05 9.98655E-05 9.98655E-05 9.98655E-05 9.98655E-05
9.98829E-05 9.98829E-05 9.98829E-05 0.872091 0.00618029 9.98829E-05 9.98829E-05 9.98829E-05 9.98829E-05 0.000765769 9.98829E-05 0.119665 9.98829E-05 9.98829E-05 9.98829E-05 9.98829E-05 9.98829E-05
0.065716 9.99008E-05 0.048061 0.791561 0.0214078 9.99008E-05 0.00239326 9.99008E-05 9.99008E-05 9.99008E-05 9.99008E-05 0.0697623 9.99008E-05 9.99008E-05 9.99008E-05 9.99008E-05 9.99008E-05
9.98561E-05 9.98561E-05 9.98561E-05 9.98561E-05 9.98561E-05 9.98561E-05 9.98561E-05 9.98561E-05 9.98561E-05 9.98561E-05 9.98561E-05 9.98561E-05 0.998402 9.98561E-05 9.98561E-05 9.98561E-05 9.98561E-05
9.98656E-05 9.98656E-05 9.98656E-05 9.98656E-05 9.98656E-05 9.98656E-05 9.98656E-05 9.98656E-05 9.98656E-05 0.358672 9.98656E-05 9.98656E-05 9.98656E-05 9.98656E-05 9.98656E-05 9.98656E-05 0.63983
0.0460491 0.0428159 9.99372E-05 0.071606 0.245844 9.99372E-05 9.99372E-05 0.0198387 0.0217708 9.99372E-05 0.0932817 9.99372E-05 0.0288369 0.0726313 9.99372E-05 9.99372E-05 0.356626
9.98925E-05 0.0188527 9.98925E-05 0.00957675 9.98925E-05 9.98925E-05 9.98925E-05 9.98925E-05 9.98925E-05 0.842843 9.98925E-05 9.98925E-05 9.98925E-05 9.98925E-05 9.98925E-05 0.00657445 0.120954
9.991E-05 0.0302217 9.991E-05 9.991E-05 0.0413317 0.0112407 9.991E-05 9.991E-05 0.0167541 0.71162 9.991E-05 9.991E-05 9.991E-05 9.991E-05 0.00892765 9.991E-05 0.178906
9.9865E-05 9.9865E-05 9.9865E-05 9.9865E-05 9.9865E-05 9.9865E-05 9.9865E-05 9.9865E-05 9.9865E-05 9.9865E-05 9.9865E-05 9.9865E-05 9.9865E-05 9.9865E-05 9.9865E-05 0.0188024 0.9797
9.98562E-05 9.98562E-05 9.98562E-05 9.98562E-05 9.98562E-05 9.98562E-05 9.98562E-05 9.98562E-05 9.98562E-05 9.98562E-05 9.98562E-05 9.98562E-05 9.98562E-05 9.98562E-05 9.98562E-05 9.98562E-05 0.998402
0.00390782 0.133296 9.99191E-05 9.99191E-05 0.0562761 0.000872655 9.99191E-05 0.0244096 9.99191E-05 0.66817 9.99191E-05 0.0155873 9.99191E-05 9.99191E-05 9.99191E-05 9.99191E-05 0.0965818
9.98829E-05 0.0104423 9.98829E-05 9.98829E-05 0.030751 9.98829E-05 9.98829E-05 9.98829E-05 9.98829E-05 0.591146 9.98829E-05 9.98829E-05 9.98829E-05 9.98829E-05 9.98829E-05 9.98829E-05 0.366363
9.98559E-05 0.998402 9.98559E-05 9.98559E-05 9.98559E-05 9.98559E-05 9.98559E-05 9.98559E-05 9.98559E-05 9.98559E-05 9.98559E-05 9.98559E-05 9.98559E-05 9.98559E-05 9.98559E-05 9.98559E-05 9.98559E-05
9.98741E-05 0.955398 9.98741E-05 0.0213104 9.98741E-05 0.0218937 9.98741E-05 9.98741E-05 9.98741E-05 9.98741E-05 9.98741E-05 9.98741E-05 9.98741E-05 9.98741E-05 9.98741E-05 9.98741E-05 9.98741E-05
9.98922E-05 9.98922E-05 9.98922E-05 9.98922E-05 9.98922E-05 9.98922E-05 9.98922E-05 9.98922E-05 9.98922E-05 0.908717 9.98922E-05 0.00331765 9.98922E-05 9.98922E-05 0.000859434 0.0289041 0.0570031
9.9892E-05 9.9892E-05 9.9892E-05 9.9892E-05 9.9892E-05 9.9892E-05 9.9892E-05 9.9892E-05 9.9892E-05 0.00805333 0.00247553 9.9892E-05 9.9892E-05 0.0134667 0.011528 0.963278 9.9892E-05
9.98651E-05 9.98651E-05 9.98651E-05 9.98651E-05 9.98651E-05 9.98651E-05 9.98651E-05 9.98651E-05 9.98651E-05 9.98651E-05 9.98651E-05 9.98651E-05 9.98651E-05 9.98651E-05 0.00973876 0.988763 9.98651E-05
0.997103 9.98653E-05 0.00139937 9.98653E-05 9.98653E-05 9.98653E-05 9.98653E-05 9.98653E-05 9.98653E-05 9.98653E-05 9.98653E-05 9.98653E-05 9.98653E-05 9.98653E-05 9.98653E-05 9.98653E-05 9.98653E-05
0.998402 9.98563E-05 9.98563E-05 9.98563E-05 9.98563E-05 9.98563E-05 9.98563E-05 9.98563E-05 9.98563E-05 9.98563E-05 9.98563E-05 9.98563E-05 9.98563E-05 9.98563E-05 9.98563E-05 9.98563E-05 9.98563E-05
9.99009E-05 9.99009E-05 9.99009E-05 0.010292 0.0957122 9.99009E-05 9.99009E-05 0.0560688 9.99009E-05 9.99009E-05 9.99009E-05 0.793239 9.99009E-05 9.99009E-05 9.99009E-05 0.0206745 0.0229149
9.991E-05 9.991E-05 9.991E-05 0.059397 0.0989076 9.991E-05 9.991E-05 0.00342868 9.991E-05 9.991E-05 9.991E-05 0.751576 0.00339131 9.991E-05 9.991E-05 0.0695455 0.012755
0.950742 9.98833E-05 9.98833E-05 9.98833E-05 9.98833E-05 9.98833E-05 9.98833E-05 0.00733072 9.98833E-05 9.98833E-05 9.98833E-05 0.0095476 9.98833E-05 9.98833E-05 9.98833E-05 0.0310814 9.98833E-05
0.998402 9.98563E-05 9.98563E-05 9.98563E-05 9.98563E-05 9.98563E-05 9.98563E-05 9.98563E-05 9.98563E-05 9.98563E-05 9.98563E-05 9.98563E-05 9.98563E-05 9.98563E-05 9.98563E-05 9.98563E-05 9.98563E-05
9.98919E-05 9.98919E-05 9.98919E-05 0.0162486 9.98919E-05 0.0138315 9.98919E-05 9.98919E-05 0.904436 9.98919E-05 9.98919E-05 9.98919E-05 9.98919E-05 9.98919E-05 0.0140667 0.0502187 9.98919E-05
9.9892E-05 9.9892E-05 9.9892E-05 0.12638 0.658848 0.123252 0.0211789 9.9892E-05 9.9892E-05 9.9892E-05 9.9892E-05 9.9892E-05 9.9892E-05 9.9892E-05 9.9892E-05 0.0691427 9.9892E-05
9.9874E-05 9.9874E-05 9.9874E-05 9.9874E-05 9.9874E-05 0.0418424 9.9874E-05 0.90333 9.9874E-05 9.9874E-05 9.9874E-05 9.9874E-05 9.9874E-05 9.9874E-05 0.0534293 9.9874E-05 9.9874E-05
9.98741E-05 9.98741E-05 0.993079 9.98741E-05 9.98741E-05 9.98741E-05 9.98741E-05 9.98741E-05 9.98741E-05 9.98741E-05 9.98741E-05 9.98741E-05 9.98741E-05 0.00333937 0.00218351 9.98741E-05 9.98741E-05
9.98921E-05 9.98921E-05 0.887513 0.00888914 0.00321662 9.98921E-05 9.98921E-05 9.98921E-05 0.0649027 9.98921E-05 0.0342803 9.98921E-05 9.98921E-05 9.98921E-05 9.98921E-05 9.98921E-05 9.98921E-05
9.99011E-05 0.589869 9.99011E-05 9.99011E-05 9.99011E-05 9.99011E-05 9.99011E-05 0.0338831 9.99011E-05 0.0656259 9.99011E-05 9.99011E-05 9.99011E-05 0.0488626 0.0395316 9.99011E-05 0.221129
