9.98828E-05 9.98828E-05 9.98828E-05 9.98828E-05 9.98828E-05 9.98828E-05 0.00802606 9.98828E-05 9.98828E-05 0.0244091 9.98828E-05 9.98828E-05 0.925115 0.0411513 9.98828E-05 9.98828E-05 9.98828E-05
9.98828E-05 0.659519 9.98828E-05 0.167795 9.98828E-05 9.98828E-05 9.98828E-05 9.98828E-05 9.98828E-05 0.0300997 9.98828E-05 0.141288 9.98828E-05 9.98828E-05 9.98828E-05 9.98828E-05 9.98828E-05
9.99109E-05 9.99109E-05 9.99109E-05 0.669579 9.99109E-05 9.99109E-05 0.0429035 9.99109E-05 0.112616 0.00212038 0.0328745 9.99109E-05 9.99109E-05 9.99109E-05 9.99109E-05 0.0330118 0.105895
0.0289488 9.99009E-05 9.99009E-05 0.87503 9.99009E-05 0.00124039 0.030692 9.99009E-05 9.99009E-05 9.99009E-05 9.99009E-05 9.99009E-05 9.99009E-05 9.99009E-05 0.0165329 9.99009E-05 0.0464575
0.193063 0.0880146 0.0440749 0.42672 9.99101E-05 9.99101E-05 9.99101E-05 9.99101E-05 9.99101E-05 9.99101E-05 0.197531 9.99101E-05 0.00760264 9.99101E-05 0.0419949 9.99101E-05 9.99101E-05
9.98829E-05 9.98829E-05 0.00555539 0.971758 0.000898125 0.0204898 9.98829E-05 9.98829E-05 9.98829E-05 9.98829E-05 9.98829E-05 9.98829E-05 9.98829E-05 9.98829E-05 9.98829E-05 9.98829E-05 9.98829E-05
9.98558E-05 9.98558E-05 9.98558E-05 9.98558E-05 9.98558E-05 9.98558E-05 9.98558E-05 9.98558E-05 9.98558E-05 9.98558E-05 0.998402 9.98558E-05 9.98558E-05 9.98558E-05 9.98558E-05 9.98558E-05 9.98558E-05
0.0582727 0.181296 9.99191E-05 0.251748 9.99191E-05 0.0167906 0.00483382 9.99191E-05 9.99191E-05 9.99191E-05 0.127558 9.99191E-05 9.99191E-05 9.99191E-05 0.201186 9.99191E-05 0.157416
9.98827E-05 0.00741476 9.98827E-05 9.98827E-05 9.98827E-05 0.0358367 9.98827E-05 0.0565574 9.98827E-05 9.98827E-05 0.898893 9.98827E-05 9.98827E-05 9.98827E-05 9.98827E-05 9.98827E-05 9.98827E-05
0.994508 9.98651E-05 9.98651E-05 9.98651E-05 9.98651E-05 9.98651E-05 9.98651E-05 9.98651E-05 9.98651E-05 9.98651E-05 0.00399401 9.98651E-05 9.98651E-05 9.98651E-05 9.98651E-05 9.98651E-05 9.98651E-05
0.998402 9.98561E-05 9.98561E-05 9.98561E-05 9.98561E-05 9.98561E-05 9.98561E-05 9.98561E-05 9.98561E-05 9.98561E-05 9.98561E-05 9.98561E-05 9.98561E-05 9.98561E-05 9.98561E-05 9.98561E-05 9.98561E-05
9.991E-05 9.991E-05 0.0398734 0.0133778 9.991E-05 9.991E-05 0.12478 9.991E-05 0.180337 9.991E-05 0.000155949 9.991E-05 0.637812 9.991E-05 9.991E-05 9.991E-05 0.00266363
9.98744E-05 9.98744E-05 0.00171181 9.98744E-05 9.98744E-05 9.98744E-05 9.98744E-05 9.98744E-05 0.968283 9.98744E-05 0.0286067 9.98744E-05 9.98744E-05 9.98744E-05 9.98744E-05 9.98744E-05 9.98744E-05
9.98919E-05 0.0218234 0.0384464 0.931455 0.0053106 9.98919E-05 9.98919E-05 9.98919E-05 0.00176633 9.98919E-05 9.98919E-05 9.98919E-05 9.98919E-05 9.98919E-05 9.98919E-05 9.98919E-05 9.98919E-05
9.9874E-05 9.9874E-05 9.9874E-05 0.930921 9.9874E-05 9.9874E-05 9.9874E-05 9.9874E-05 9.9874E-05 9.9874E-05 9.9874E-05 9.9874E-05 0.00501139 0.0626693 9.9874E-05 9.9874E-05 9.9874E-05
0.0352791 9.98829E-05 0.11647 9.98829E-05 9.98829E-05 9.98829E-05 9.98829E-05 0.704007 0.142945 9.98829E-05 9.98829E-05 9.98829E-05 9.98829E-05 9.98829E-05 9.98829E-05 9.98829E-05 9.98829E-05
0.0343712 9.9874E-05 9.9874E-05 9.9874E-05 9.9874E-05 9.9874E-05 9.9874E-05 9.9874E-05 0.00429173 0.959939 9.9874E-05 9.9874E-05 9.9874E-05 9.9874E-05 9.9874E-05 9.9874E-05 9.9874E-05
9.99009E-05 0.00862137 9.99009E-05 9.99009E-05 9.99009E-05 9.99009E-05 9.99009E-05 9.99009E-05 9.99009E-05 9.99009E-05 9.99009E-05 0.112791 0.018211 0.084113 0.0373863 0.737778 9.99009E-05
9.98741E-05 9.98741E-05 9.98741E-05 9.98741E-05 0.156679 9.98741E-05 0.0540392 9.98741E-05 9.98741E-05 9.98741E-05 9.98741E-05 9.98741E-05 9.98741E-05 9.98741E-05 9.98741E-05 0.787883 9.98741E-05
0.201683 9.99098E-05 0.167879 9.99098E-05 9.99098E-05 9.99098E-05 0.00849029 0.280598 9.99098E-05 0.0334811 9.99098E-05 9.99098E-05 0.119608 0.187261 9.99098E-05 9.99098E-05 9.99098E-05
9.98742E-05 9.98742E-05 9.98742E-05 0.00179539 0.0163451 9.98742E-05 9.98742E-05 9.98742E-05 9.98742E-05 9.98742E-05 9.98742E-05 9.98742E-05 9.98742E-05 9.98742E-05 9.98742E-05 0.980461 9.98742E-05
0.0245442 9.99099E-05 9.99099E-05 9.99099E-05 9.99099E-05 0.118576 9.99099E-05 0.190867 0.0236239 0.0178607 9.99099E-05 0.249414 0.374115 9.99099E-05 9.99099E-05 9.99099E-05 9.99099E-05
0.03444 9.98921E-05 9.98921E-05 9.98921E-05 9.98921E-05 9.98921E-05 0.154715 9.98921E-05 9.98921E-05 0.266595 9.98921E-05 9.98921E-05 9.98921E-05 0.169198 9.98921E-05 0.373854 9.98921E-05
9.9865E-05 9.9865E-05 0.074857 9.9865E-05 9.9865E-05 9.9865E-05 9.9865E-05 9.9865E-05 9.9865E-05 9.9865E-05 9.9865E-05 9.9865E-05 9.9865E-05 9.9865E-05 9.9865E-05 0.923645 9.9865E-05
9.98651E-05 9.98651E-05 9.98651E-05 0.394495 9.98651E-05 9.98651E-05 9.98651E-05 9.98651E-05 9.98651E-05 9.98651E-05 9.98651E-05 9.98651E-05 9.98651E-05 9.98651E-05 9.98651E-05 9.98651E-05 0.604007
9.98651E-05 9.98651E-05 9.98651E-05 0.78067 9.98651E-05 9.98651E-05 9.98651E-05 9.98651E-05 9.98651E-05 9.98651E-05 9.98651E-05 9.98651E-05 9.98651E-05 9.98651E-05 9.98651E-05 9.98651E-05 0.217832
0.0258571 9.99188E-05 9.99188E-05 9.99188E-05 9.99188E-05 0.0116529 0.0134825 0.0165413 0.774853 0.0537767 9.99188E-05 9.99188E-05 0.0449944 0.0579432 9.99188E-05 9.99188E-05 9.99188E-05
9.9856E-05 9.9856E-05 9.9856E-05 9.9856E-05 9.9856E-05 9.9856E-05 9.9856E-05 9.9856E-05 9.9856E-05 9.9856E-05 9.9856E-05 9.9856E-05 9.9856E-05 9.9856E-05 9.9856E-05 9.9856E-05 0.998402
9.98561E-05 9.98561E-05 9.98561E-05 9.98561E-05 9.98561E-05 9.98561E-05 9.98561E-05 9.98561E-05 9.98561E-05 9.98561E-05 9.98561E-05 9.98561E-05 9.98561E-05 9.98561E-05 9.98561E-05 9.98561E-05 0.998402
9.99012E-05 0.0266516 9.99012E-05 0.257459 0.0254442 0.126571 9.99012E-05 9.99012E-05 9.99012E-05 9.99012E-05 9.99012E-05 9.99012E-05 9.99012E-05 9.99012E-05 0.140188 9.99012E-05 0.422586
0.0390337 0.0980951 9.99192E-05 0.29479 9.99192E-05 9.99192E-05 0.016899 9.99192E-05 9.99192E-05 0.0534687 0.00536286 9.99192E-05 9.99192E-05 9.99192E-05 0.135057 9.99192E-05 0.356394
9.98564E-05 0.998402 9.98564E-05 9.98564E-05 9.98564E-05 9.98564E-05 9.98564E-05 9.98564E-05 9.98564E-05 9.98564E-05 9.98564E-05 9.98564E-05 9.98564E-05 9.98564E-05 9.98564E-05 9.98564E-05 9.98564E-05
9.98922E-05 9.98922E-05 9.98922E-05 0.674925 9.98922E-05 9.98922E-05 9.98922E-05 0.0291963 9.98922E-05 9.98922E-05 0.00391304 9.98922E-05 9.98922E-05 9.98922E-05 0.00648831 9.98922E-05 0.284278
9.98924E-05 0.0447196 9.98924E-05 0.00571199 9.98924E-05 9.98924E-05 9.98924E-05 9.98924E-05 9.98924E-05 9.98924E-05 0.0304856 9.98924E-05 9.98924E-05 9.98924E-05 0.77693 9.98924E-05 0.140954
9.99001E-05 9.99001E-05 9.99001E-05 9.99001E-05 9.99001E-05 0.239181 0.113465 9.99001E-05 0.453185 0.169414 9.99001E-05 0.00306884 9.99001E-05 9.99001E-05 0.0137022 9.99001E-05 0.00698519
9.98828E-05 9.98828E-05 0.00814667 0.383645 9.98828E-05 9.98828E-05 9.98828E-05 9.98828E-05 9.98828E-05 9.98828E-05 9.98828E-05 0.0168927 9.98828E-05 9.98828E-05 9.98828E-05 9.98828E-05 0.590018
9.98651E-05 9.98651E-05 9.98651E-05 9.98651E-05 9.98651E-05 0.118561 9.98651E-05 9.98651E-05 9.98651E-05 9.98651E-05 9.98651E-05 9.98651E-05 0.879941 9.98651E-05 9.98651E-05 9.98651E-05 9.98651E-05
0.0224833 0.0931834 9.9919E-05 0.0127208 0.0256908 0.000957012 9.9919E-05 9.9919E-05 9.9919E-05 0.0819262 9.9919E-05 0.00684099 9.9919E-05 0.755298 9.9919E-05 9.9919E-05 9.9919E-05
9.9865E-05 9.9865E-05 9.9865E-05 0.0211907 9.9865E-05 9.9865E-05 9.9865E-05 9.9865E-05 9.9865E-05 0.977311 9.9865E-05 9.9865E-05 9.9865E-05 9.9865E-05 9.9865E-05 9.9865E-05 9.9865E-05
9.9865E-05 9.9865E-05 9.9865E-05 0.030531 9.9865E-05 9.9865E-05 9.9865E-05 9.9865E-05 9.9865E-05 9.9865E-05 9.9865E-05 0.967971 9.9865E-05 9.9865E-05 9.9865E-05 9.9865E-05 9.9865E-05
9.98561E-05 9.98561E-05 9.98561E-05 9.98561E-05 9.98561E-05 9.98561E-05 9.98561E-05 9.98561E-05 9.98561E-05 9.98561E-05 9.98561E-05 0.998402 9.98561E-05 9.98561E-05 9.98561E-05 9.98561E-05 9.98561E-05
0.313341 9.99008E-05 9.99008E-05 9.99008E-05 9.99008E-05 0.0796676 9.99008E-05 0.00438811 9.99008E-05 0.0375432 9.99008E-05 9.99008E-05 0.0124227 0.551538 9.99008E-05 9.99008E-05 9.99008E-05
9.9901E-05 9.9901E-05 9.9901E-05 9.9901E-05 9.9901E-05 9.9901E-05 9.9901E-05 0.804442 0.0783054 9.9901E-05 0.0261496 9.9901E-05 0.058302 0.0193907 9.9901E-05 0.0123117 9.9901E-05
0.313092 9.98829E-05 0.122241 9.98829E-05 9.98829E-05 9.98829E-05 9.98829E-05 9.98829E-05 9.98829E-05 9.98829E-05 9.98829E-05 9.98829E-05 0.0245163 0.538852 9.98829E-05 9.98829E-05 9.98829E-05
9.991E-05 0.00485165 0.191949 9.991E-05 9.991E-05 9.991E-05 0.0501414 9.991E-05 0.0397019 9.991E-05 9.991E-05 0.0154951 9.991E-05 0.62127 9.991E-05 0.0755918 9.991E-05
9.99099E-05 9.99099E-05 0.119577 0.0239156 0.069205 0.12801 9.99099E-05 0.0641099 9.99099E-05 9.99099E-05 9.99099E-05 0.0407907 9.99099E-05 0.553393 9.99099E-05 9.99099E-05 9.99099E-05
9.98559E-05 9.98559E-05 9.98559E-05 9.98559E-05 9.98559E-05 0.998402 9.98559E-05 9.98559E-05 9.98559E-05 9.98559E-05 9.98559E-05 9.98559E-05 9.98559E-05 9.98559E-05 9.98559E-05 9.98559E-05 9.98559E-05
9.9857E-05 9.9857E-05 9.9857E-05 9.9857E-05 9.9857E-05 9.9857E-05 9.9857E-05 9.9857E-05 9.9857E-05 9.9857E-05 9.9857E-05 9.9857E-05 0.998402 9.9857E-05 9.9857E-05 9.9857E-05 9.9857E-05
9.98561E-05 9.98561E-05 9.98561E-05 9.98561E-05 9.98561E-05 9.98561E-05 9.98561E-05 9.98561E-05 9.98561E-05 9.98561E-05 9.98561E-05 9.98561E-05 9.98561E-05 9.98561E-05 0.998402 9.98561E-05 9.98561E-05
9.9865E-05 9.9865E-05 9.9865E-05 9.9865E-05 9.9865E-05 0.0050564 9.9865E-05 9.9865E-05 9.9865E-05 9.9865E-05 9.9865E-05 9.9865E-05 9.9865E-05 9.9865E-05 0.993446 9.9865E-05 9.9865E-05
9.98652E-05 9.98652E-05 9.98652E-05 9.98652E-05 9.98652E-05 9.98652E-05 9.98652E-05 9.98652E-05 9.98652E-05 9.98652E-05 9.98652E-05 9.98652E-05 9.98652E-05 0.00861768 0.989884 9.98652E-05 9.98652E-05
9.98653E-05 9.98653E-05 9.98653E-05 9.98653E-05 0.0052838 9.98653E-05 9.98653E-05 9.98653E-05 9.98653E-05 9.98653E-05 9.98653E-05 9.98653E-05 9.98653E-05 9.98653E-05 0.993218 9.98653E-05 9.98653E-05
9.98562E-05 9.98562E-05 9.98562E-05 9.98562E-05 9.98562E-05 9.98562E-05 9.98562E-05 9.98562E-05 9.98562E-05 9.98562E-05 9.98562E-05 9.98562E-05 9.98562E-05 9.98562E-05 0.998402 9.98562E-05 9.98562E-05
0.0532253 0.117547 9.99193E-05 0.0770566 9.99193E-05 0.0168452 9.99193E-05 9.99193E-05 9.99193E-05 9.99193E-05 0.122251 9.99193E-05 9.99193E-05 9.99193E-05 0.423494 0.0299477 0.158733
9.9874E-05 0.0957546 9.9874E-05 9.9874E-05 9.9874E-05 9.9874E-05 9.9874E-05 9.9874E-05 9.9874E-05 9.9874E-05 9.9874E-05 9.9874E-05 0.00997293 9.9874E-05 0.892874 9.9874E-05 9.9874E-05
9.98738E-05 9.98738E-05 0.0503952 9.98738E-05 9.98738E-05 9.98738E-05 9.98738E-05 0.1424 9.98738E-05 9.98738E-05 9.98738E-05 9.98738E-05 0.805806 9.98738E-05 9.98738E-05 9.98738E-05 9.98738E-05
9.99009E-05 0.914701 0.0208587 9.99009E-05 9.99009E-05 9.99009E-05 9.99009E-05 0.0196416 0.00485282 9.99009E-05 0.0150862 9.99009E-05 9.99009E-05 9.99009E-05 0.0237608 9.99009E-05 9.99009E-05
9.98738E-05 9.98738E-05 0.00225244 0.595918 9.98738E-05 9.98738E-05 9.98738E-05 9.98738E-05 9.98738E-05 9.98738E-05 9.98738E-05 9.98738E-05 9.98738E-05 9.98738E-05 9.98738E-05 9.98738E-05 0.400431
9.98921E-05 9.98921E-05 9.98921E-05 9.98921E-05 9.98921E-05 9.98921E-05 0.0154512 0.0115609 0.84274 9.98921E-05 9.98921E-05 0.128592 9.98921E-05 9.98921E-05 0.000457683 9.98921E-05 9.98921E-05
9.98833E-05 9.98833E-05 0.0699004 9.98833E-05 9.98833E-05 0.0425769 9.98833E-05 0.862053 0.0241717 9.98833E-05 9.98833E-05 9.98833E-05 9.98833E-05 9.98833E-05 9.98833E-05 9.98833E-05 9.98833E-05
9.98655E-05 9.98655E-05 9.98655E-05 9.98655E-05 9.98655E-05 9.98655E-05 9.98655E-05 9.98655E-05 0.917133 9.98655E-05 0.0813685 9.98655E-05 9.98655E-05 9.98655E-05 9.98655E-05 9.98655E-05 9.98655E-05
9.98739E-05 9.98739E-05 9.98739E-05 9.98739E-05 9.98739E-05 0.00388737 9.98739E-05 9.98739E-05 0.869117 9.98739E-05 9.98739E-05 9.98739E-05 9.98739E-05 0.125597 9.98739E-05 9.98739E-05 9.98739E-05
0.0588771 9.99009E-05 0.04112 9.99009E-05 9.99009E-05 0.0534917 0.0223452 9.99009E-05 0.814885 9.99009E-05 9.99009E-05 0.00818215 9.99009E-05 9.99009E-05 9.99009E-05 9.99009E-05 9.99009E-05
9.98561E-05 9.98561E-05 9.98561E-05 9.98561E-05 0.998402 9.98561E-05 9.98561E-05 9.98561E-05 9.98561E-05 9.98561E-05 9.98561E-05 9.98561E-05 9.98561E-05 9.98561E-05 9.98561E-05 9.98561E-05 9.98561E-05
9.98655E-05 9.98655E-05 9.98655E-05 0.366606 9.98655E-05 9.98655E-05 9.98655E-05 9.98655E-05 9.98655E-05 9.98655E-05 9.98655E-05 9.98655E-05 9.98655E-05 9.98655E-05 9.98655E-05 9.98655E-05 0.631896
0.0799308 9.99551E-05 0.0982388 0.0436656 0.0562662 9.99551E-05 0.0263684 0.0631851 9.99551E-05 0.00432393 0.111323 0.17372 9.99551E-05 0.0255847 0.145723 9.99551E-05 0.17117
9.98924E-05 9.98924E-05 9.98924E-05 0.943392 9.98924E-05 0.000693453 9.98924E-05 0.0105269 9.98924E-05 9.98924E-05 0.0116515 9.98924E-05 9.98924E-05 9.98924E-05 0.0325376 9.98924E-05 9.98924E-05
9.98919E-05 9.98919E-05 9.98919E-05 0.68023 9.98919E-05 9.98919E-05 9.98919E-05 9.98919E-05 9.98919E-05 0.0191816 9.98919E-05 0.00463452 0.0194445 9.98919E-05 9.98919E-05 9.98919E-05 0.275311
9.9874E-05 9.9874E-05 9.9874E-05 9.9874E-05 9.9874E-05 9.9874E-05 9.9874E-05 0.0190502 9.9874E-05 9.9874E-05 9.9874E-05 9.9874E-05 9.9874E-05 0.00202146 9.9874E-05 9.9874E-05 0.97753
9.98741E-05 9.98741E-05 9.98741E-05 9.98741E-05 9.98741E-05 9.98741E-05 9.98741E-05 9.98741E-05 9.98741E-05 9.98741E-05 9.98741E-05 9.98741E-05 0.00419225 0.0105936 9.98741E-05 9.98741E-05 0.983816
0.0690266 0.014239 9.98922E-05 0.679011 9.98922E-05 0.0289441 9.98922E-05 9.98922E-05 9.98922E-05 9.98922E-05 9.98922E-05 9.98922E-05 9.98922E-05 9.98922E-05 9.98922E-05 9.98922E-05 0.207581
9.98828E-05 9.98828E-05 0.0166627 0.535999 9.98828E-05 9.98828E-05 9.98828E-05 9.98828E-05 9.98828E-05 9.98828E-05 9.98828E-05 0.0184895 9.98828E-05 9.98828E-05 9.98828E-05 9.98828E-05 0.427551
9.98834E-05 9.98834E-05 9.98834E-05 0.44089 9.98834E-05 9.98834E-05 9.98834E-05 9.98834E-05 9.98834E-05 0.019702 0.265515 9.98834E-05 9.98834E-05 9.98834E-05 0.272595 9.98834E-05 9.98834E-05
9.98835E-05 9.98835E-05 9.98835E-05 0.213323 9.98835E-05 9.98835E-05 9.98835E-05 9.98835E-05 9.98835E-05 9.98835E-05 0.441589 9.98835E-05 9.98835E-05 9.98835E-05 0.0811045 9.98835E-05 0.262684
9.9901E-05 9.9901E-05 9.9901E-05 0.825777 9.9901E-05 0.00225556 9.9901E-05 0.0047688 9.9901E-05 9.9901E-05 9.9901E-05 9.9901E-05 9.9901E-05 9.9901E-05 0.0305223 0.00834494 0.127233
9.98741E-05 9.98741E-05 9.98741E-05 9.98741E-05 9.98741E-05 9.98741E-05 9.98741E-05 0.982096 9.98741E-05 0.00752689 9.98741E-05 9.98741E-05 9.98741E-05 9.98741E-05 0.00897847 9.98741E-05 9.98741E-05
9.9856E-05 9.9856E-05 9.9856E-05 9.9856E-05 9.9856E-05 9.9856E-05 9.9856E-05 0.998402 9.9856E-05 9.9856E-05 9.9856E-05 9.9856E-05 9.9856E-05 9.9856E-05 9.9856E-05 9.9856E-05 9.9856E-05
9.98652E-05 9.98652E-05 9.98652E-05 9.98652E-05 9.98652E-05 9.98652E-05 0.995429 9.98652E-05 9.98652E-05 9.98652E-05 9.98652E-05 0.00307273 9.98652E-05 9.98652E-05 9.98652E-05 9.98652E-05 9.98652E-05
9.98653E-05 9.98653E-05 9.98653E-05 9.98653E-05 9.98653E-05 9.98653E-05 0.987198 9.98653E-05 0.0113045 9.98653E-05 9.98653E-05 9.98653E-05 9.98653E-05 9.98653E-05 9.98653E-05 9.98653E-05 9.98653E-05
9.9856E-05 9.9856E-05 9.9856E-05 9.9856E-05 9.9856E-05 9.9856E-05 9.9856E-05 9.9856E-05 9.9856E-05 9.9856E-05 9.9856E-05 9.9856E-05 9.9856E-05 0.998402 9.9856E-05 9.9856E-05 9.9856E-05
9.9856E-05 9.9856E-05 9.9856E-05 9.9856E-05 9.9856E-05 9.9856E-05 9.9856E-05 9.9856E-05 9.9856E-05 9.9856E-05 9.9856E-05 9.9856E-05 9.9856E-05 0.998402 9.9856E-05 9.9856E-05 9.9856E-05
9.98832E-05 0.00843964 9.98832E-05 9.98832E-05 9.98832E-05 9.98832E-05 0.975764 0.00760711 9.98832E-05 9.98832E-05 9.98832E-05 9.98832E-05 9.98832E-05 0.00689057 9.98832E-05 9.98832E-05 9.98832E-05
9.98563E-05 9.98563E-05 9.98563E-05 9.98563E-05 9.98563E-05 9.98563E-05 0.998402 9.98563E-05 9.98563E-05 9.98563E-05 9.98563E-05 9.98563E-05 9.98563E-05 9.98563E-05 9.98563E-05 9.98563E-05 9.98563E-05
9.9883E-05 9.9883E-05 9.9883E-05 9.9883E-05 9.9883E-05 9.9883E-05 9.9883E-05 0.0133323 9.9883E-05 9.9883E-05 0.00212323 9.9883E-05 0.98016 9.9883E-05 0.00308647 9.9883E-05 9.9883E-05
9.9892E-05 9.9892E-05 9.9892E-05 9.9892E-05 9.9892E-05 9.9892E-05 9.9892E-05 0.0288417 0.0950525 9.9892E-05 0.117467 0.753222 9.9892E-05 9.9892E-05 9.9892E-05 0.0042182 9.9892E-05
9.98741E-05 0.948439 0.0140622 9.98741E-05 9.98741E-05 9.98741E-05 9.98741E-05 9.98741E-05 9.98741E-05 9.98741E-05 0.036101 9.98741E-05 9.98741E-05 9.98741E-05 9.98741E-05 9.98741E-05 9.98741E-05
9.9856E-05 9.9856E-05 0.998402 9.9856E-05 9.9856E-05 9.9856E-05 9.9856E-05 9.9856E-05 9.9856E-05 9.9856E-05 9.9856E-05 9.9856E-05 9.9856E-05 9.9856E-05 9.9856E-05 9.9856E-05 9.9856E-05
9.9883E-05 9.9883E-05 0.754226 9.9883E-05 9.9883E-05 9.9883E-05 9.9883E-05 9.9883E-05 0.0714537 0.10996 9.9883E-05 9.9883E-05 0.0630617 9.9883E-05 9.9883E-05 9.9883E-05 9.9883E-05
0.0014918 0.0975101 9.99194E-05 0.0904551 9.99194E-05 9.99194E-05 0.0475697 9.99194E-05 9.99194E-05 9.99194E-05 0.0410257 9.99194E-05 9.99194E-05 9.99194E-05 0.158589 0.0227523 0.539707
