9.996E-05 9.996E-05 9.996E-05 9.996E-05 0.9995 9.996E-05
9.9982E-05 0.296002 0.00958651 9.9982E-05 0.433045 0.261167
0.0797733 0.83323 0.0866971 9.99733E-05 9.99733E-05 9.99733E-05
9.9964E-05 0.977263 0.0223375 9.9964E-05 9.9964E-05 9.9964E-05
0.0510835 0.461165 9.99821E-05 9.99821E-05 0.213378 0.274173
9.9973E-05 0.959423 0.0181289 9.9973E-05 0.0221479 9.9973E-05
0.667455 0.00835854 9.99731E-05 9.99731E-05 9.99731E-05 0.323887
0.02491 0.417312 0.0631202 9.9991E-05 0.0193433 0.475214
0.550883 0.0154927 9.99731E-05 9.99731E-05 9.99731E-05 0.433325
0.45359 9.9982E-05 0.128004 9.9982E-05 0.229538 0.188668
0.499846 9.9982E-05 0.135066 9.9982E-05 0.219829 0.145059
0.126773 0.0455903 0.123386 9.9982E-05 0.704051 9.9982E-05
0.976702 0.0228981 9.99641E-05 9.99641E-05 9.99641E-05 9.99641E-05
9.9973E-05 0.941802 9.9973E-05 0.0187612 0.039137 9.9973E-05
9.9973E-05 0.930093 9.9973E-05 0.002218 0.0673892 9.9973E-05
0.626275 9.9982E-05 0.0564147 9.9982E-05 0.243943 0.0731666
0.369593 0.021386 0.389699 0.0592232 0.159999 9.9991E-05
0.0338238 0.00618478 9.9991E-05 0.719976 0.154321 0.0855942
9.9964E-05 9.9964E-05 0.0963878 0.903212 9.9964E-05 9.9964E-05
0.425752 9.9982E-05 0.142444 9.9982E-05 0.387997 0.0436066
9.996E-05 9.996E-05 9.996E-05 0.9995 9.996E-05 9.996E-05
0.256204 9.9973E-05 0.0160399 9.9973E-05 0.727456 9.9973E-05
0.13261 9.9982E-05 0.418848 0.392607 9.9982E-05 0.0557348
9.9964E-05 9.9964E-05 0.0997991 0.899801 9.9964E-05 9.9964E-05
9.996E-05 0.9995 9.996E-05 9.996E-05 9.996E-05 9.996E-05
9.996E-05 0.9995 9.996E-05 9.996E-05 9.996E-05 9.996E-05
0.859456 9.99729E-05 0.0805891 9.99729E-05 0.0596553 9.99729E-05
0.0033321 0.944326 9.9973E-05 9.9973E-05 9.9973E-05 0.052042
9.9964E-05 0.889504 9.9964E-05 9.9964E-05 9.9964E-05 0.110096
9.999E-05 0.681272 0.0289663 0.0261076 0.00811144 0.255443
9.9973E-05 0.646243 0.0607992 9.9973E-05 9.9973E-05 0.292658
9.99731E-05 0.0829475 9.99731E-05 9.99731E-05 0.337756 0.578997
9.99641E-05 0.993274 0.00632607 9.99641E-05 9.99641E-05 9.99641E-05
9.99731E-05 0.0652282 0.00449471 9.99731E-05 9.99731E-05 0.929977
0.609287 0.0589948 0.242765 9.99819E-05 0.0887535 9.99819E-05
0.00624078 0.968728 0.0247311 9.99729E-05 9.99729E-05 9.99729E-05
9.99641E-05 0.0236549 9.99641E-05 9.99641E-05 0.975945 9.99641E-05
0.212758 9.9991E-05 0.0341297 0.02159 0.539211 0.192211
0.263733 0.127423 0.456371 0.0373866 0.114986 9.9991E-05
0.110376 0.140745 0.0749336 0.00539208 0.668453 9.9991E-05
0.0999488 0.0855997 0.0868074 0.0293565 0.698188 9.9991E-05
0.380608 9.9991E-05 0.13715 0.0117375 0.459277 0.0111276
0.595326 9.9973E-05 9.9973E-05 9.9973E-05 0.325763 0.0786118
0.381868 9.99819E-05 0.176663 9.99819E-05 0.353017 0.0882526
0.357112 9.9991E-05 0.198849 0.110553 0.290928 0.0424594
0.278491 0.0577742 0.107478 0.0499148 0.443722 0.0626196
0.363182 0.127535 0.165737 0.00565888 0.288997 0.0488889
9.996E-05 9.996E-05 9.996E-05 9.996E-05 0.9995 9.996E-05
9.996E-05 9.996E-05 9.996E-05 9.996E-05 9.996E-05 0.9995
9.996E-05 9.996E-05 9.996E-05 9.996E-05 9.996E-05 0.9995
9.996E-05 9.996E-05 9.996E-05 9.996E-05 9.996E-05 0.9995
9.996E-05 9.996E-05 9.996E-05 9.996E-05 9.996E-05 0.9995
9.996E-05 9.996E-05 9.996E-05 9.996E-05 9.996E-05 0.9995
0.0786485 0.181441 9.99821E-05 0.0359217 9.99821E-05 0.703788
9.9964E-05 9.9964E-05 9.9964E-05 9.9964E-05 0.0079119 0.991688
0.128139 9.99639E-05 9.99639E-05 9.99639E-05 0.871461 9.99639E-05
0.0400976 0.1196 9.99842E-05 9.99842E-05 0.265577 0.574526
9.996E-05 0.9995 9.996E-05 9.996E-05 9.996E-05 9.996E-05
0.947697 9.9973E-05 0.021979 9.9973E-05 0.0300243 9.9973E-05
0.595861 0.0862479 0.00748819 9.9982E-05 0.310203 9.9982E-05
0.9995 9.996E-05 9.996E-05 9.996E-05 9.996E-05 9.996E-05
0.9995 9.996E-05 9.996E-05 9.996E-05 9.996E-05 9.996E-05
0.923619 9.99729E-05 0.0732896 0.00279104 9.99729E-05 9.99729E-05
9.99641E-05 9.99641E-05 9.99641E-05 0.921049 0.0785511 9.99641E-05
9.996E-05 0.9995 9.996E-05 9.996E-05 9.996E-05 9.996E-05
0.218466 0.198182 0.172064 0.0690671 0.144526 0.197694
9.996E-05 0.9995 9.996E-05 9.996E-05 9.996E-05 9.996E-05
9.9964E-05 0.960549 9.9964E-05 9.9964E-05 0.0390507 9.9964E-05
0.0268189 0.871308 9.9973E-05 9.9973E-05 9.9973E-05 0.101573
9.9973E-05 0.944226 9.9973E-05 0.00937332 9.9973E-05 0.046101
9.99641E-05 0.921643 9.99641E-05 9.99641E-05 0.0779573 9.99641E-05
9.9964E-05 0.99937 0.000230128 9.9964E-05 9.9964E-05 9.9964E-05
0.0093749 0.477888 9.99821E-05 9.99821E-05 0.0113982 0.501139
0.165794 0.46459 9.99732E-05 9.99732E-05 9.99732E-05 0.369316
9.9982E-05 0.965896 9.9982E-05 0.00348849 0.0267538 0.00366122
0.415104 0.0645582 0.073299 9.9991E-05 0.320946 0.125993
0.467477 0.0485534 0.0956781 9.9991E-05 0.263446 0.124746
9.996E-05 9.996E-05 0.9995 9.996E-05 9.996E-05 9.996E-05
9.996E-05 9.996E-05 0.9995 9.996E-05 9.996E-05 9.996E-05
0.304706 9.99819E-05 0.117611 9.99819E-05 0.481246 0.0962373
0.391197 9.9991E-05 0.0789664 0.0115703 0.414039 0.104127
9.996E-05 9.996E-05 0.9995 9.996E-05 9.996E-05 9.996E-05
9.996E-05 9.996E-05 0.9995 9.996E-05 9.996E-05 9.996E-05
0.0108557 9.9973E-05 9.9973E-05 9.9973E-05 0.985755 0.00308934
0.543206 0.0339278 9.9991E-05 0.0551101 0.355996 0.0116598
0.0398548 0.0970205 9.9982E-05 9.9982E-05 0.278805 0.58412
0.444997 0.061847 0.319773 0.119576 0.053707 9.9991E-05
0.491617 9.9982E-05 0.299971 0.0686936 0.139518 9.9982E-05
9.99821E-05 0.563702 0.0596696 0.0399067 9.99821E-05 0.336522
