0.9995 9.996E-05 9.996E-05 9.996E-05 9.996E-05 9.996E-05
0.427361 9.9973E-05 9.9973E-05 0.242269 9.9973E-05 0.33007
9.999E-05 0.13879 0.0331798 0.751572 0.0318508 0.0445066
9.9964E-05 9.9964E-05 0.0460802 0.95352 9.9964E-05 9.9964E-05
0.286763 9.99731E-05 9.99731E-05 0.433496 9.99731E-05 0.279441
0.00172318 9.9973E-05 0.00370767 0.994269 9.9973E-05 9.9973E-05
9.99642E-05 0.589653 9.99642E-05 9.99642E-05 9.99642E-05 0.409947
0.0929921 9.9982E-05 0.0372312 0.403512 9.9982E-05 0.466065
0.0915529 0.463928 9.99731E-05 9.99731E-05 9.99731E-05 0.444219
0.765335 0.0264737 0.103566 9.99821E-05 9.99821E-05 0.104426
0.749714 0.050905 0.088924 9.9982E-05 9.9982E-05 0.110257
0.630097 0.223116 0.125154 0.0214329 9.9982E-05 9.9982E-05
9.9964E-05 0.986255 9.9964E-05 0.0133448 9.9964E-05 9.9964E-05
0.0122956 9.9982E-05 0.0222081 0.954979 0.0103174 9.9982E-05
0.0481266 9.9973E-05 9.9973E-05 0.939517 0.0120564 9.9973E-05
0.589709 0.358536 0.0172758 9.9982E-05 9.9982E-05 0.0342792
0.357536 0.168339 0.387947 9.9982E-05 0.0859774 9.9982E-05
0.213816 9.99729E-05 9.99729E-05 9.99729E-05 0.702333 0.0835509
9.9964E-05 9.9964E-05 0.111531 9.9964E-05 0.88807 9.9964E-05
0.841396 0.0175921 0.140712 9.9973E-05 9.9973E-05 9.9973E-05
9.996E-05 9.996E-05 9.996E-05 9.996E-05 0.9995 9.996E-05
0.889632 0.0784547 0.0264709 0.00524241 9.9982E-05 9.9982E-05
0.139839 9.9991E-05 0.35019 0.0221012 0.441174 0.0465959
9.9964E-05 9.9964E-05 0.0911178 9.9964E-05 0.908482 9.9964E-05
9.9964E-05 9.9964E-05 9.9964E-05 0.992914 9.9964E-05 0.00668597
9.996E-05 9.996E-05 9.996E-05 0.9995 9.996E-05 9.996E-05
0.136251 0.766959 0.09649 9.99729E-05 9.99729E-05 9.99729E-05
9.9973E-05 0.00253545 9.9973E-05 0.910969 9.9973E-05 0.0861961
9.9964E-05 9.9964E-05 9.9964E-05 0.880697 9.9964E-05 0.118904
9.99821E-05 9.99821E-05 0.0225843 0.690248 0.0171572 0.269811
9.9973E-05 9.9973E-05 0.0436376 0.678484 9.9973E-05 0.277578
0.308182 9.99731E-05 9.99731E-05 0.109091 9.99731E-05 0.582427
9.99641E-05 9.99641E-05 9.99641E-05 0.99615 9.99641E-05 0.00345037
9.99731E-05 9.99731E-05 0.00585035 0.104518 9.99731E-05 0.889332
0.17226 0.532947 0.240707 0.0538861 9.99819E-05 9.99819E-05
9.99639E-05 0.0203953 9.99639E-05 0.979205 9.99639E-05 9.99639E-05
0.951912 9.99642E-05 9.99642E-05 0.0476882 9.99642E-05 9.99642E-05
0.774562 9.9982E-05 9.9982E-05 0.0301399 0.0329309 0.162167
0.229018 0.17531 0.41821 0.117489 0.0598717 9.9991E-05
0.873937 9.9973E-05 9.9973E-05 0.122192 0.00357137 9.9973E-05
0.907808 9.9982E-05 0.00978396 0.0684033 0.0138048 9.9982E-05
0.88156 0.0367164 0.071851 9.9982E-05 0.00967314 9.9982E-05
0.690201 0.275081 9.9973E-05 9.9973E-05 9.9973E-05 0.034418
0.83649 0.051568 0.0958459 9.9991E-05 0.0107417 0.00525447
0.471231 0.183789 0.211186 9.9991E-05 0.0953771 0.0383174
0.772306 0.0526572 0.0468321 0.0610358 0.034134 0.0330348
0.489514 0.243605 0.131217 0.127251 0.00164658 0.00676579
0.959007 9.99644E-05 9.99644E-05 9.99644E-05 0.0405933 9.99644E-05
9.996E-05 9.996E-05 9.996E-05 9.996E-05 9.996E-05 0.9995
9.99639E-05 9.99639E-05 9.99639E-05 9.99639E-05 0.00247937 0.997121
9.99639E-05 9.99639E-05 0.0091111 9.99639E-05 9.99639E-05 0.990489
9.996E-05 9.996E-05 9.996E-05 9.996E-05 9.996E-05 0.9995
9.996E-05 9.996E-05 9.996E-05 9.996E-05 9.996E-05 0.9995
0.0267872 0.0736899 9.9991E-05 0.268078 0.0426534 0.588691
9.996E-05 9.996E-05 9.996E-05 9.996E-05 9.996E-05 0.9995
0.93206 0.0675405 9.9964E-05 9.9964E-05 9.9964E-05 9.9964E-05
0.34389 9.9973E-05 9.9973E-05 0.0964573 9.9973E-05 0.559352
9.996E-05 9.996E-05 9.996E-05 0.9995 9.996E-05 9.996E-05
0.0767068 0.844716 0.0620008 9.9982E-05 9.9982E-05 0.0163767
0.584881 0.343931 9.9973E-05 0.0708881 9.9973E-05 9.9973E-05
9.996E-05 0.9995 9.996E-05 9.996E-05 9.996E-05 9.996E-05
0.0946462 0.904954 9.99639E-05 9.99639E-05 9.99639E-05 9.99639E-05
0.0819703 0.812287 0.105442 9.99729E-05 9.99729E-05 9.99729E-05
0.114053 9.99641E-05 9.99641E-05 9.99641E-05 0.885547 9.99641E-05
9.996E-05 9.996E-05 9.996E-05 0.9995 9.996E-05 9.996E-05
0.310996 0.0519033 0.088802 0.345116 0.0587152 0.144468
9.99641E-05 0.039941 9.99641E-05 0.959659 9.99641E-05 9.99641E-05
0.0255328 9.9964E-05 9.9964E-05 0.974067 9.9964E-05 9.9964E-05
9.9973E-05 0.00753432 9.9973E-05 0.897717 9.9973E-05 0.0944492
9.9964E-05 9.9964E-05 9.9964E-05 0.928704 9.9964E-05 0.0708966
0.0984582 9.99731E-05 0.0161782 0.885064 9.99731E-05 9.99731E-05
9.996E-05 9.996E-05 9.996E-05 0.9995 9.996E-05 9.996E-05
9.99642E-05 9.99642E-05 9.99642E-05 0.492414 9.99642E-05 0.507187
9.99732E-05 0.157307 9.99732E-05 0.475854 9.99732E-05 0.366539
0.0258635 9.9964E-05 9.9964E-05 0.973737 9.9964E-05 9.9964E-05
0.70274 0.102122 0.0358256 0.0661794 9.9991E-05 0.0930334
0.675614 0.137543 0.0248744 0.0416289 9.9991E-05 0.12024
9.996E-05 9.996E-05 0.9995 9.996E-05 9.996E-05 9.996E-05
9.996E-05 9.996E-05 0.9995 9.996E-05 9.996E-05 9.996E-05
0.8624 0.0295825 0.0312925 9.9982E-05 9.9982E-05 0.0765247
0.805046 0.0869116 0.0238165 9.9991E-05 0.0138807 0.0702455
9.9964E-05 9.9964E-05 0.976092 9.9964E-05 9.9964E-05 0.0235086
9.996E-05 9.996E-05 0.9995 9.996E-05 9.996E-05 9.996E-05
0.937177 0.0624236 9.99641E-05 9.99641E-05 9.99641E-05 9.99641E-05
0.603437 0.322243 9.9991E-05 0.00875527 0.0459962 0.0194691
0.293025 0.00862981 9.9982E-05 0.0746779 9.9982E-05 0.623467
0.224227 0.316458 0.259251 0.0688903 0.131074 9.9991E-05
0.189886 0.435184 0.293995 9.99821E-05 0.080735 9.99821E-05
9.9991E-05 0.00648618 0.0269526 0.601228 0.0149501 0.350283
