9.996E-05 0.9995 9.996E-05 9.996E-05 9.996E-05 9.996E-05
9.9973E-05 0.44127 9.9973E-05 0.319321 0.239108 9.9973E-05
0.0753707 9.99911E-05 0.0306832 0.822221 0.0298691 0.0417558
9.9964E-05 9.9964E-05 0.040601 0.958999 9.9964E-05 9.9964E-05
9.99731E-05 0.281948 9.99731E-05 0.45861 0.259142 9.99731E-05
9.996E-05 9.996E-05 9.996E-05 0.9995 9.996E-05 9.996E-05
0.575929 9.99731E-05 9.99731E-05 0.00595421 0.417817 9.99731E-05
9.9982E-05 0.0937184 0.0287974 0.41822 0.459064 9.9982E-05
0.440656 0.101434 9.99731E-05 9.99731E-05 0.45761 9.99731E-05
0.00631791 0.79245 0.0599766 9.99821E-05 0.141056 9.99821E-05
0.00601769 0.812275 0.0837332 9.9982E-05 0.0977743 9.9982E-05
0.17036 0.670044 0.113663 0.045734 9.9982E-05 9.9982E-05
0.9995 9.996E-05 9.996E-05 9.996E-05 9.996E-05 9.996E-05
9.9982E-05 0.0157778 0.00758985 0.959057 9.9982E-05 0.0173757
9.9973E-05 0.0424139 9.9973E-05 0.949231 9.9973E-05 0.00805511
0.330544 0.601629 0.0203316 0.00513032 0.0422649 9.9991E-05
0.155111 0.410716 0.338759 0.00286221 9.9991E-05 0.0924526
9.9982E-05 0.214017 9.9982E-05 0.0153031 0.0570471 0.713433
9.9964E-05 9.9964E-05 0.115593 9.9964E-05 9.9964E-05 0.884007
0.0504153 0.833725 0.11556 9.9973E-05 9.9973E-05 9.9973E-05
9.996E-05 9.996E-05 9.996E-05 9.996E-05 9.996E-05 0.9995
0.0629719 0.936628 9.9964E-05 9.9964E-05 9.9964E-05 9.9964E-05
9.9982E-05 0.119848 0.425218 9.9982E-05 0.0450964 0.409637
9.9964E-05 9.9964E-05 0.0787554 9.9964E-05 9.9964E-05 0.920845
9.996E-05 9.996E-05 9.996E-05 0.9995 9.996E-05 9.996E-05
9.996E-05 9.996E-05 9.996E-05 0.9995 9.996E-05 9.996E-05
0.741167 0.177506 0.0810266 9.99729E-05 9.99729E-05 9.99729E-05
9.9964E-05 9.9964E-05 9.9964E-05 0.968642 0.0309584 9.9964E-05
0.0146251 9.9973E-05 9.9973E-05 0.933987 0.0510879 9.9973E-05
9.9982E-05 9.9982E-05 0.0370127 0.725064 0.217248 0.020476
9.9982E-05 9.9982E-05 0.0397728 0.655608 0.302689 0.00172949
9.99731E-05 0.333598 9.99731E-05 0.111485 0.554617 9.99731E-05
9.996E-05 9.996E-05 9.996E-05 0.9995 9.996E-05 9.996E-05
9.9973E-05 9.9973E-05 0.00791199 0.114845 0.876943 9.9973E-05
0.543174 0.154184 0.236654 0.0657879 9.99819E-05 9.99819E-05
0.0159387 9.99639E-05 9.99639E-05 0.983661 9.99639E-05 9.99639E-05
9.99642E-05 0.928769 9.99642E-05 0.0708315 9.99642E-05 9.99642E-05
9.9982E-05 0.734831 9.9982E-05 0.0551751 0.172446 0.0373478
0.160236 0.197929 0.436716 0.143156 9.9991E-05 0.0618624
9.99729E-05 0.834108 9.99729E-05 0.156712 9.99729E-05 0.00887961
9.9973E-05 0.910615 0.00397353 0.0851113 9.9973E-05 9.9973E-05
0.018212 0.898516 0.0649164 9.9982E-05 9.9982E-05 0.018156
0.26384 0.705803 9.9973E-05 9.9973E-05 0.0300563 9.9973E-05
0.0074881 0.826058 0.111926 9.9982E-05 0.0543277 9.9982E-05
0.183427 0.50496 0.188398 9.9991E-05 0.0110892 0.112026
0.108635 0.681333 0.0760262 0.0692827 0.0437064 0.0210169
0.237467 0.468168 0.146991 0.103359 0.0439152 9.9991E-05
9.996E-05 0.9995 9.996E-05 9.996E-05 9.996E-05 9.996E-05
9.996E-05 9.996E-05 9.996E-05 9.996E-05 0.9995 9.996E-05
9.996E-05 9.996E-05 9.996E-05 9.996E-05 0.9995 9.996E-05
9.996E-05 9.996E-05 9.996E-05 9.996E-05 0.9995 9.996E-05
9.996E-05 9.996E-05 9.996E-05 9.996E-05 0.9995 9.996E-05
9.996E-05 9.996E-05 9.996E-05 9.996E-05 0.9995 9.996E-05
0.0297171 0.0594489 0.0194757 0.269429 0.586609 0.0353206
9.99639E-05 0.0101186 9.99639E-05 9.99639E-05 0.989482 9.99639E-05
0.0258717 0.973728 9.9964E-05 9.9964E-05 9.9964E-05 9.9964E-05
0.00679339 0.311897 9.9982E-05 0.137212 0.543898 9.9982E-05
9.996E-05 9.996E-05 9.996E-05 0.9995 9.996E-05 9.996E-05
0.862233 0.0930756 0.0443915 9.9973E-05 9.9973E-05 9.9973E-05
0.339237 0.55592 0.0126368 0.0920069 9.9982E-05 9.9982E-05
0.9995 9.996E-05 9.996E-05 9.996E-05 9.996E-05 9.996E-05
0.872661 0.126939 9.99639E-05 9.99639E-05 9.99639E-05 9.99639E-05
0.868495 0.0228846 0.106025 9.99819E-05 9.99819E-05 0.00239541
9.99641E-05 0.0934319 9.99641E-05 9.99641E-05 9.99641E-05 0.906168
9.99641E-05 9.99641E-05 0.000865546 0.998735 9.99641E-05 9.99641E-05
0.0301821 0.350707 0.0991773 0.220704 0.226805 0.0724244
0.0402804 9.99641E-05 9.99641E-05 0.95932 9.99641E-05 9.99641E-05
9.9964E-05 0.0230894 9.9964E-05 0.976511 9.9964E-05 9.9964E-05
0.00932206 9.9973E-05 9.9973E-05 0.92108 0.0692978 9.9973E-05
0.0105932 9.9982E-05 9.9982E-05 0.948435 0.0297309 0.0110414
9.99641E-05 0.097299 9.99641E-05 0.902301 9.99641E-05 9.99641E-05
9.996E-05 9.996E-05 9.996E-05 0.9995 9.996E-05 9.996E-05
9.99642E-05 9.99642E-05 9.99642E-05 0.490498 0.509102 9.99642E-05
0.159109 9.99732E-05 9.99732E-05 0.477863 0.362728 9.99732E-05
9.9982E-05 0.00831754 0.00765476 0.980918 9.9982E-05 0.00290926
0.143945 0.596414 0.0720423 0.0610483 0.12645 9.9991E-05
0.149665 0.58859 0.0729847 0.0535078 0.135152 9.9991E-05
9.996E-05 9.996E-05 0.9995 9.996E-05 9.996E-05 9.996E-05
9.996E-05 9.996E-05 0.9995 9.996E-05 9.996E-05 9.996E-05
0.00933939 0.882337 0.04791 9.9982E-05 0.060214 9.9982E-05
0.0862673 0.797913 0.0166985 9.9982E-05 0.0989215 9.9982E-05
9.996E-05 9.996E-05 0.9995 9.996E-05 9.996E-05 9.996E-05
9.996E-05 9.996E-05 0.9995 9.996E-05 9.996E-05 9.996E-05
0.0603166 0.939284 9.99641E-05 9.99641E-05 9.99641E-05 9.99641E-05
0.262059 0.642238 9.9982E-05 9.9982E-05 0.0363758 0.0591279
0.0163532 0.290935 9.9982E-05 0.0987208 0.593791 9.9982E-05
0.360109 0.168416 0.267686 0.0866032 9.9991E-05 0.117086
0.396383 0.182118 0.350284 9.99821E-05 9.99821E-05 0.0710143
9.99821E-05 9.99821E-05 0.0185286 0.587737 0.337156 0.0563781
