9.99459E-05 9.99459E-05 9.99459E-05 0.92844 9.99459E-05 0.0140511 0.0548683 9.99459E-05 9.99459E-05 0.00204091
0.0666892 9.99548E-05 0.198636 0.144336 9.99548E-05 9.99548E-05 9.99548E-05 0.585531 9.99548E-05 0.00430835
9.99554E-05 0.028159 0.726782 9.99554E-05 0.0691325 9.99554E-05 9.99554E-05 0.128613 9.99554E-05 0.0468142
9.9937E-05 9.9937E-05 0.932178 9.9937E-05 9.9937E-05 9.9937E-05 0.000865926 9.9937E-05 9.9937E-05 0.0662569
0.0848329 9.99641E-05 0.391067 0.0793839 9.99641E-05 9.99641E-05 0.0641214 0.352491 0.0277046 9.99641E-05
0.0212135 9.9928E-05 0.977987 9.9928E-05 9.9928E-05 9.9928E-05 9.9928E-05 9.9928E-05 9.9928E-05 9.9928E-05
9.9928E-05 9.9928E-05 9.9928E-05 9.9928E-05 0.237015 9.9928E-05 9.9928E-05 0.762186 9.9928E-05 9.9928E-05
9.9955E-05 9.9955E-05 0.369089 9.9955E-05 9.9955E-05 9.9955E-05 0.0456322 0.38207 0.18259 0.0201199
9.99369E-05 9.99369E-05 9.99369E-05 9.99369E-05 0.154444 0.12866 9.99369E-05 0.716196 9.99369E-05 9.99369E-05
9.99281E-05 9.99281E-05 9.99281E-05 9.99281E-05 9.99281E-05 9.99281E-05 0.970692 0.0285085 9.99281E-05 9.99281E-05
9.99282E-05 9.99282E-05 9.99282E-05 9.99282E-05 9.99282E-05 9.99282E-05 0.984036 0.0151641 9.99282E-05 9.99282E-05
9.9946E-05 9.9946E-05 0.0202128 0.698176 0.154932 9.9946E-05 9.9946E-05 9.9946E-05 9.9946E-05 0.12608
9.99282E-05 9.99282E-05 0.0204129 9.99282E-05 0.978788 9.99282E-05 9.99282E-05 9.99282E-05 9.99282E-05 9.99282E-05
0.0396398 0.00803366 0.933865 0.0178619 9.9946E-05 9.9946E-05 9.9946E-05 9.9946E-05 9.9946E-05 9.9946E-05
9.9937E-05 0.00269689 0.932031 0.0645722 9.9937E-05 9.9937E-05 9.9937E-05 9.9937E-05 9.9937E-05 9.9937E-05
9.9937E-05 9.9937E-05 9.9937E-05 9.9937E-05 0.155715 0.787184 0.0564019 9.9937E-05 9.9937E-05 9.9937E-05
0.935456 9.99278E-05 9.99278E-05 9.99278E-05 9.99278E-05 9.99278E-05 0.0637442 9.99278E-05 9.99278E-05 9.99278E-05
9.99639E-05 0.726614 9.99639E-05 0.0131188 9.99639E-05 0.0196511 0.149037 0.0315919 0.0595879 9.99639E-05
9.9937E-05 0.924845 9.9937E-05 9.9937E-05 0.0044676 9.9937E-05 9.9937E-05 9.9937E-05 9.9937E-05 0.0699874
0.0382001 9.9955E-05 9.9955E-05 0.0972245 9.9955E-05 0.319668 0.492448 9.9955E-05 9.9955E-05 0.0519599
9.99201E-05 0.999101 9.99201E-05 9.99201E-05 9.99201E-05 9.99201E-05 9.99201E-05 9.99201E-05 9.99201E-05 9.99201E-05
0.0779125 9.99639E-05 9.99639E-05 0.516758 0.0429627 0.333031 0.025743 9.99639E-05 9.99639E-05 0.00319312
0.291516 0.364585 9.99461E-05 9.99461E-05 9.99461E-05 9.99461E-05 0.13463 9.99461E-05 9.99461E-05 0.208669
9.99369E-05 0.878238 9.99369E-05 9.99369E-05 9.99369E-05 9.99369E-05 0.0423588 9.99369E-05 9.99369E-05 0.0787041
9.99201E-05 9.99201E-05 0.999101 9.99201E-05 9.99201E-05 9.99201E-05 9.99201E-05 9.99201E-05 9.99201E-05 9.99201E-05
9.99201E-05 9.99201E-05 0.999101 9.99201E-05 9.99201E-05 9.99201E-05 9.99201E-05 9.99201E-05 9.99201E-05 9.99201E-05
0.0375119 9.99549E-05 9.99549E-05 0.107847 0.767819 9.99549E-05 0.053018 9.99549E-05 9.99549E-05 0.0333037
9.9955E-05 9.9955E-05 0.92527 9.9955E-05 0.000735523 0.00232029 9.9955E-05 0.00533552 0.0658385 9.9955E-05
9.994E-05 9.994E-05 0.882865 9.994E-05 0.0010508 0.0236413 9.994E-05 9.994E-05 0.0918434 9.994E-05
9.99731E-05 0.0155646 0.671284 0.0324478 0.00291805 9.99731E-05 9.99731E-05 0.0550766 0.196329 0.0260803
0.0458369 9.9955E-05 0.637409 9.9955E-05 9.9955E-05 9.9955E-05 9.9955E-05 0.127349 0.163422 0.0254834
9.9946E-05 9.9946E-05 9.9946E-05 0.0707401 9.9946E-05 9.9946E-05 9.9946E-05 0.794771 0.108042 0.0258468
0.0210532 9.99371E-05 0.962619 9.99371E-05 9.99371E-05 0.0156286 9.99371E-05 9.99371E-05 9.99371E-05 9.99371E-05
9.99372E-05 9.99372E-05 0.0676334 9.99372E-05 9.99372E-05 9.99372E-05 9.99372E-05 0.13824 0.793427 9.99372E-05
0.30496 9.99639E-05 0.0254335 0.0530127 0.470522 9.99639E-05 0.0213397 9.99639E-05 9.99639E-05 0.124332
0.0139113 9.99459E-05 0.950152 9.99459E-05 0.0152386 0.0200984 9.99459E-05 9.99459E-05 9.99459E-05 9.99459E-05
0.00314871 9.9937E-05 0.0212227 0.974929 9.9937E-05 9.9937E-05 9.9937E-05 9.9937E-05 9.9937E-05 9.9937E-05
0.0317101 9.99549E-05 0.0393888 0.12919 9.99549E-05 9.99549E-05 0.612113 0.187098 9.99549E-05 9.99549E-05
0.990475 9.99278E-05 9.99278E-05 9.99278E-05 9.99278E-05 9.99278E-05 9.99278E-05 0.008726 9.99278E-05 9.99278E-05
0.180382 9.99549E-05 0.0708659 0.211515 9.99549E-05 0.288416 0.248321 9.99549E-05 9.99549E-05 9.99549E-05
0.120807 9.99549E-05 0.0588347 0.309589 9.99549E-05 0.191089 0.31918 9.99549E-05 9.99549E-05 9.99549E-05
9.9937E-05 9.9937E-05 9.9937E-05 0.0430319 9.9937E-05 0.00568987 0.950579 9.9937E-05 9.9937E-05 9.9937E-05
9.9964E-05 0.00225801 9.9964E-05 0.0202186 0.0590622 0.906521 0.00822935 0.00331085 9.9964E-05 9.9964E-05
0.0128717 9.9946E-05 9.9946E-05 0.0537767 9.9946E-05 9.9946E-05 0.931685 9.9946E-05 0.00106729 9.9946E-05
9.9964E-05 0.112387 9.9964E-05 0.0500176 0.167151 0.0634861 0.506589 9.9964E-05 9.9964E-05 0.0999697
0.032754 0.0467873 0.0783117 0.192903 9.9964E-05 0.14396 0.504885 9.9964E-05 9.9964E-05 9.9964E-05
0.234196 9.9964E-05 0.0828719 0.212542 0.160694 9.9964E-05 0.257315 9.9964E-05 0.0519811 9.9964E-05
9.99284E-05 0.0134993 9.99284E-05 0.985701 9.99284E-05 9.99284E-05 9.99284E-05 9.99284E-05 9.99284E-05 9.99284E-05
9.9928E-05 9.9928E-05 9.9928E-05 9.9928E-05 9.9928E-05 0.0041741 9.9928E-05 9.9928E-05 0.995026 9.9928E-05
9.99201E-05 9.99201E-05 9.99201E-05 9.99201E-05 9.99201E-05 9.99201E-05 9.99201E-05 9.99201E-05 0.999101 9.99201E-05
9.9937E-05 9.9937E-05 0.00406726 9.9937E-05 9.9937E-05 0.0320548 9.9937E-05 9.9937E-05 0.963178 9.9937E-05
9.99201E-05 9.99201E-05 9.99201E-05 9.99201E-05 9.99201E-05 9.99201E-05 9.99201E-05 9.99201E-05 0.999101 9.99201E-05
9.99201E-05 9.99201E-05 9.99201E-05 9.99201E-05 9.99201E-05 9.99201E-05 9.99201E-05 9.99201E-05 0.999101 9.99201E-05
0.0308587 0.0207259 0.179054 0.011081 0.00962945 9.99821E-05 0.0366413 0.205687 0.506123 9.99821E-05
9.9955E-05 9.9955E-05 9.9955E-05 0.0271227 9.9955E-05 0.00794681 0.00758 0.0282045 0.928646 9.9955E-05
9.99369E-05 9.99369E-05 9.99369E-05 0.787368 0.0335897 0.178343 9.99369E-05 9.99369E-05 9.99369E-05 9.99369E-05
9.99548E-05 9.99548E-05 0.0063126 0.0992416 9.99548E-05 9.99548E-05 9.99548E-05 0.74061 0.14076 0.0125762
0.00461905 9.99279E-05 0.994582 9.99279E-05 9.99279E-05 9.99279E-05 9.99279E-05 9.99279E-05 9.99279E-05 9.99279E-05
9.9955E-05 9.9955E-05 9.9955E-05 0.0142594 0.841684 0.105561 9.9955E-05 9.9955E-05 0.00541057 0.0325847
9.99282E-05 9.99282E-05 9.99282E-05 9.99282E-05 0.0874664 0.911734 9.99282E-05 9.99282E-05 9.99282E-05 9.99282E-05
9.99201E-05 9.99201E-05 9.99201E-05 9.99201E-05 0.999101 9.99201E-05 9.99201E-05 9.99201E-05 9.99201E-05 9.99201E-05
9.99279E-05 9.99279E-05 9.99279E-05 9.99279E-05 0.87033 9.99279E-05 0.12887 9.99279E-05 9.99279E-05 9.99279E-05
0.0199601 9.99459E-05 9.99459E-05 9.99459E-05 0.800653 9.99459E-05 0.136617 9.99459E-05 9.99459E-05 0.0421709
9.99461E-05 0.887406 9.99461E-05 0.104372 9.99461E-05 0.00214632 9.99461E-05 9.99461E-05 0.00547594 9.99461E-05
9.99201E-05 9.99201E-05 0.999101 9.99201E-05 9.99201E-05 9.99201E-05 9.99201E-05 9.99201E-05 9.99201E-05 9.99201E-05
0.219354 0.0358226 0.19181 0.0922181 0.0621061 0.20147 0.0257269 0.111796 0.0579739 0.00172303
9.99282E-05 9.99282E-05 0.957626 9.99282E-05 9.99282E-05 0.0415746 9.99282E-05 9.99282E-05 9.99282E-05 9.99282E-05
0.0589096 9.99369E-05 0.926181 0.0142102 9.99369E-05 9.99369E-05 9.99369E-05 9.99369E-05 9.99369E-05 9.99369E-05
9.9946E-05 9.9946E-05 0.883623 9.9946E-05 9.9946E-05 0.0566871 9.9946E-05 0.00415932 0.054931 9.9946E-05
9.99461E-05 9.99461E-05 0.939161 9.99461E-05 9.99461E-05 0.0460168 9.99461E-05 0.00525063 0.00897155 9.99461E-05
0.0136666 9.99551E-05 0.894082 0.0321431 9.99551E-05 9.99551E-05 0.0412013 9.99551E-05 9.99551E-05 0.0184076
0.0307207 9.99279E-05 0.96848 9.99279E-05 9.99279E-05 9.99279E-05 9.99279E-05 9.99279E-05 9.99279E-05 9.99279E-05
9.99373E-05 9.99373E-05 0.420983 9.99373E-05 9.99373E-05 9.99373E-05 9.99373E-05 0.406216 0.172101 9.99373E-05
9.99552E-05 0.00276472 0.427368 9.99552E-05 0.0453453 9.99552E-05 9.99552E-05 0.496014 0.0280078 9.99552E-05
9.99371E-05 9.99371E-05 0.967174 9.99371E-05 9.99371E-05 0.018379 9.99371E-05 9.99371E-05 0.0137477 9.99371E-05
9.9937E-05 9.9937E-05 9.9937E-05 9.9937E-05 9.9937E-05 0.986763 9.9937E-05 9.9937E-05 0.00942467 0.00311252
9.99369E-05 9.99369E-05 9.99369E-05 9.99369E-05 9.99369E-05 0.965662 9.99369E-05 9.99369E-05 0.026751 0.00688745
9.9928E-05 9.9928E-05 9.9928E-05 0.00321217 9.9928E-05 9.9928E-05 9.9928E-05 9.9928E-05 9.9928E-05 0.995988
9.99281E-05 9.99281E-05 9.99281E-05 9.99281E-05 0.0209235 9.99281E-05 9.99281E-05 9.99281E-05 9.99281E-05 0.978277
9.99549E-05 9.99549E-05 0.00432718 0.0538738 0.00899061 0.114315 0.817994 9.99549E-05 9.99549E-05 9.99549E-05
9.99549E-05 9.99549E-05 0.00241923 0.0358682 0.0437013 0.121736 0.795775 9.99549E-05 9.99549E-05 9.99549E-05
9.99371E-05 9.99371E-05 9.99371E-05 9.99371E-05 9.99371E-05 0.00483137 9.99371E-05 0.0170934 9.99371E-05 0.977376
9.99201E-05 9.99201E-05 9.99201E-05 9.99201E-05 9.99201E-05 9.99201E-05 9.99201E-05 9.99201E-05 9.99201E-05 0.999101
9.99369E-05 9.99369E-05 9.99369E-05 0.924385 0.0580033 0.0169121 9.99369E-05 9.99369E-05 9.99369E-05 9.99369E-05
9.99639E-05 0.082768 9.99639E-05 0.0340043 0.194213 0.421205 0.181766 0.0856439 9.99639E-05 9.99639E-05
9.99368E-05 9.99368E-05 9.99368E-05 0.0709121 9.99368E-05 9.99368E-05 9.99368E-05 0.806976 0.121413 9.99368E-05
0.328392 0.0746883 0.0331428 9.99641E-05 0.234609 9.99641E-05 0.24475 9.99641E-05 9.99641E-05 0.0840178
0.40344 0.0329702 9.99551E-05 0.11452 0.278732 9.99551E-05 9.99551E-05 9.99551E-05 9.99551E-05 0.169837
9.99551E-05 0.0366376 0.574136 9.99551E-05 9.99551E-05 9.99551E-05 9.99551E-05 0.240521 0.119724 0.0284821
