9.99279E-05 9.99279E-05 0.959153 9.99279E-05 9.99279E-05 9.99279E-05 9.99279E-05 0.0400471 9.99279E-05 9.99279E-05
9.99458E-05 9.99458E-05 0.136207 9.99458E-05 0.0397526 0.17771 9.99458E-05 9.99458E-05 9.99458E-05 0.645731
9.99643E-05 0.0316826 9.99643E-05 9.99643E-05 0.0957599 0.690377 0.0980654 9.99643E-05 0.0153659 0.0683498
9.99281E-05 9.99281E-05 9.99281E-05 9.99281E-05 0.0348541 0.964347 9.99281E-05 9.99281E-05 9.99281E-05 9.99281E-05
9.99641E-05 9.99641E-05 0.032518 0.0357576 9.99641E-05 0.400569 0.0725667 0.190293 9.99641E-05 0.267896
9.9937E-05 9.9937E-05 9.9937E-05 9.9937E-05 0.00324274 0.972921 9.9937E-05 0.0231367 9.9937E-05 9.9937E-05
0.0283891 0.271653 9.99372E-05 9.99372E-05 9.99372E-05 9.99372E-05 9.99372E-05 9.99372E-05 9.99372E-05 0.699258
9.99549E-05 9.99549E-05 9.99549E-05 0.0298208 9.99549E-05 0.0894763 0.665376 0.0785727 9.99549E-05 0.136254
0.0652908 0.17725 9.99371E-05 9.99371E-05 9.99371E-05 9.99371E-05 9.99371E-05 9.99371E-05 9.99371E-05 0.756759
9.99281E-05 9.99281E-05 9.99281E-05 9.99281E-05 9.99281E-05 9.99281E-05 9.99281E-05 0.982629 9.99281E-05 0.0165713
9.99201E-05 9.99201E-05 9.99201E-05 9.99201E-05 9.99201E-05 9.99201E-05 9.99201E-05 0.999101 9.99201E-05 9.99201E-05
0.0170391 0.153509 0.649349 9.9955E-05 0.146652 0.0329508 9.9955E-05 9.9955E-05 9.9955E-05 9.9955E-05
9.99281E-05 0.944657 9.99281E-05 9.99281E-05 9.99281E-05 9.99281E-05 0.0545439 9.99281E-05 9.99281E-05 9.99281E-05
9.99551E-05 0.00477304 0.028391 9.99551E-05 0.010319 0.942243 9.99551E-05 9.99551E-05 0.0137739 9.99551E-05
9.99461E-05 9.99461E-05 0.0146783 9.99461E-05 9.99461E-05 0.959523 9.99461E-05 0.0202268 0.00497245 9.99461E-05
0.838279 0.144259 9.9937E-05 9.9937E-05 9.9937E-05 9.9937E-05 9.9937E-05 0.0167629 9.9937E-05 9.9937E-05
0.0522898 0.18378 0.0582249 9.9964E-05 0.308121 9.9964E-05 9.9964E-05 0.334341 0.0628431 9.9964E-05
0.0759509 9.99549E-05 0.0384433 9.99549E-05 9.99549E-05 9.99549E-05 9.99549E-05 0.0791968 0.718291 0.0876182
9.9928E-05 9.9928E-05 9.9928E-05 9.9928E-05 0.0842131 9.9928E-05 9.9928E-05 9.9928E-05 0.914988 9.9928E-05
0.30916 9.99459E-05 0.118685 9.99459E-05 0.0908677 9.99459E-05 9.99459E-05 0.480688 9.99459E-05 9.99459E-05
9.99201E-05 9.99201E-05 9.99201E-05 9.99201E-05 9.99201E-05 9.99201E-05 9.99201E-05 9.99201E-05 0.999101 9.99201E-05
0.273096 0.0278515 0.547707 9.9955E-05 0.00619724 9.9955E-05 9.9955E-05 0.144648 9.9955E-05 9.9955E-05
9.99461E-05 9.99461E-05 9.99461E-05 9.99461E-05 0.302195 0.00598136 9.99461E-05 0.301629 0.389595 9.99461E-05
9.9937E-05 9.9937E-05 9.9937E-05 9.9937E-05 0.0952299 9.9937E-05 9.9937E-05 0.0271686 0.876902 9.9937E-05
9.99281E-05 9.99281E-05 9.99281E-05 0.025025 9.99281E-05 0.974176 9.99281E-05 9.99281E-05 9.99281E-05 9.99281E-05
9.99201E-05 9.99201E-05 9.99201E-05 9.99201E-05 9.99201E-05 0.999101 9.99201E-05 9.99201E-05 9.99201E-05 9.99201E-05
0.0361583 0.764564 0.0763168 9.99548E-05 0.0444059 9.99548E-05 9.99548E-05 0.0780551 9.99548E-05 9.99548E-05
9.9946E-05 0.0112622 9.9946E-05 0.0633427 9.9946E-05 0.900087 9.9946E-05 9.9946E-05 9.9946E-05 0.0247084
0.0195483 0.0099835 9.9955E-05 0.104634 9.9955E-05 0.860097 9.9955E-05 9.9955E-05 9.9955E-05 0.00523791
9.99551E-05 9.99551E-05 9.99551E-05 0.158659 0.0253994 0.51286 0.297854 9.99551E-05 0.00472757 9.99551E-05
9.995E-05 9.995E-05 9.995E-05 0.00377893 0.0427922 0.297193 0.64836 0.00737553 9.995E-05 9.995E-05
9.99281E-05 9.99281E-05 0.00197673 9.99281E-05 9.99281E-05 9.99281E-05 9.99281E-05 9.99281E-05 9.99281E-05 0.997224
9.99281E-05 9.99281E-05 9.99281E-05 9.99281E-05 9.99281E-05 0.847521 0.15168 9.99281E-05 9.99281E-05 9.99281E-05
9.99551E-05 0.000490513 9.99551E-05 0.688331 9.99551E-05 9.99551E-05 0.306904 0.00290383 9.99551E-05 0.000870622
9.99548E-05 0.532131 0.0674759 9.99548E-05 0.190015 9.99548E-05 0.0809913 0.128887 9.99548E-05 9.99548E-05
0.016972 0.0126658 9.99459E-05 9.99459E-05 9.99459E-05 0.939291 0.0304713 9.99459E-05 9.99459E-05 9.99459E-05
9.9928E-05 9.9928E-05 0.976513 9.9928E-05 9.9928E-05 9.9928E-05 0.0226874 9.9928E-05 9.9928E-05 9.9928E-05
9.99549E-05 9.99549E-05 0.107017 9.99549E-05 9.99549E-05 9.99549E-05 0.0193483 0.652874 0.00780367 0.212457
0.00325352 0.128379 0.0256657 9.9982E-05 0.365228 0.0527332 0.11122 0.275327 0.0379929 9.9982E-05
0.256246 9.99549E-05 0.229589 9.99549E-05 0.0294215 0.113222 9.99549E-05 0.371021 9.99549E-05 9.99549E-05
0.206064 9.99639E-05 0.285778 9.99639E-05 0.0498468 0.0807795 9.99639E-05 0.375225 9.99639E-05 0.00190676
0.0115274 9.99369E-05 0.0507727 9.99369E-05 9.99369E-05 9.99369E-05 9.99369E-05 0.937 9.99369E-05 9.99369E-05
0.926058 0.04633 9.9946E-05 9.9946E-05 9.9946E-05 9.9946E-05 9.9946E-05 9.9946E-05 0.00148502 0.0255277
0.00160693 0.0259755 0.0349118 0.00798889 0.000283976 9.9964E-05 9.9964E-05 0.928833 9.9964E-05 9.9964E-05
0.0915274 0.167717 0.0562851 9.9973E-05 0.104335 9.9973E-05 9.9973E-05 0.455391 0.0890564 0.0353891
0.174939 0.0220284 0.166335 9.9982E-05 0.0234465 0.0285251 0.0365107 0.526156 0.0218593 9.9982E-05
9.996E-05 0.233669 0.210841 0.0230506 0.0841165 0.103712 9.996E-05 0.344211 9.996E-05 9.996E-05
9.99285E-05 9.99285E-05 0.987899 9.99285E-05 9.99285E-05 9.99285E-05 9.99285E-05 9.99285E-05 0.011302 9.99285E-05
9.99201E-05 9.99201E-05 9.99201E-05 0.999101 9.99201E-05 9.99201E-05 9.99201E-05 9.99201E-05 9.99201E-05 9.99201E-05
9.99201E-05 9.99201E-05 9.99201E-05 0.999101 9.99201E-05 9.99201E-05 9.99201E-05 9.99201E-05 9.99201E-05 9.99201E-05
9.99201E-05 9.99201E-05 9.99201E-05 0.999101 9.99201E-05 9.99201E-05 9.99201E-05 9.99201E-05 9.99201E-05 9.99201E-05
9.99201E-05 9.99201E-05 9.99201E-05 0.999101 9.99201E-05 9.99201E-05 9.99201E-05 9.99201E-05 9.99201E-05 9.99201E-05
9.99281E-05 9.99281E-05 9.99281E-05 0.992941 9.99281E-05 9.99281E-05 0.00625997 9.99281E-05 9.99281E-05 9.99281E-05
0.113722 9.99641E-05 9.99641E-05 0.366811 9.99641E-05 0.0280674 0.36031 9.99641E-05 0.0270848 0.103605
9.9928E-05 9.9928E-05 9.9928E-05 0.929047 9.9928E-05 9.9928E-05 9.9928E-05 9.9928E-05 9.9928E-05 0.0701532
0.150963 0.0353192 0.813018 9.99369E-05 9.99369E-05 9.99369E-05 9.99369E-05 9.99369E-05 9.99369E-05 9.99369E-05
9.99548E-05 9.99548E-05 0.0163687 0.0676683 0.0211491 0.0418808 9.99548E-05 9.99548E-05 9.99548E-05 0.852433
9.9937E-05 9.9937E-05 9.9937E-05 9.9937E-05 9.9937E-05 0.991378 9.9937E-05 0.006604 0.00131887 9.9937E-05
0.0967543 0.804114 0.0676793 0.00283304 0.0281195 9.9955E-05 9.9955E-05 9.9955E-05 9.9955E-05 9.9955E-05
0.930571 0.0686296 9.99282E-05 9.99282E-05 9.99282E-05 9.99282E-05 9.99282E-05 9.99282E-05 9.99282E-05 9.99282E-05
9.99201E-05 0.999101 9.99201E-05 9.99201E-05 9.99201E-05 9.99201E-05 9.99201E-05 9.99201E-05 9.99201E-05 9.99201E-05
0.0260489 0.865691 0.0275214 9.99459E-05 9.99459E-05 9.99459E-05 9.99459E-05 0.0801392 9.99459E-05 9.99459E-05
9.99369E-05 0.852437 9.99369E-05 9.99369E-05 0.0681069 9.99369E-05 9.99369E-05 0.0787561 9.99369E-05 9.99369E-05
9.99461E-05 9.99461E-05 0.0805612 0.0118215 9.99461E-05 9.99461E-05 9.99461E-05 0.0237306 0.883287 9.99461E-05
9.99201E-05 9.99201E-05 9.99201E-05 9.99201E-05 9.99201E-05 0.999101 9.99201E-05 9.99201E-05 9.99201E-05 9.99201E-05
0.153931 0.0889557 0.113247 0.0204029 0.0767754 0.190379 0.156948 0.0961688 0.062423 0.0407688
0.00180197 9.99373E-05 9.99373E-05 9.99373E-05 9.99373E-05 0.967924 0.0295746 9.99373E-05 9.99373E-05 9.99373E-05
9.9946E-05 0.012806 0.0324537 0.0180034 9.9946E-05 0.936137 9.9946E-05 9.9946E-05 9.9946E-05 9.9946E-05
0.0750059 9.9946E-05 9.9946E-05 0.0218448 9.9946E-05 0.838671 0.0638783 9.9946E-05 9.9946E-05 9.9946E-05
0.00613454 9.9955E-05 9.9955E-05 9.9955E-05 9.9955E-05 0.867242 0.0253099 9.9955E-05 0.00366103 0.0971526
9.99461E-05 9.99461E-05 9.99461E-05 9.99461E-05 0.0189368 0.770612 0.1275 0.0823509 9.99461E-05 9.99461E-05
9.9946E-05 0.0117586 9.9946E-05 9.9946E-05 0.0277657 0.952021 9.9946E-05 9.9946E-05 9.9946E-05 0.00785536
9.99201E-05 9.99201E-05 9.99201E-05 9.99201E-05 9.99201E-05 9.99201E-05 0.999101 9.99201E-05 9.99201E-05 9.99201E-05
9.9928E-05 0.0498039 9.9928E-05 9.9928E-05 9.9928E-05 9.9928E-05 0.949397 9.9928E-05 9.9928E-05 9.9928E-05
0.0244713 9.99461E-05 9.99461E-05 0.0123147 0.000508347 0.962106 9.99461E-05 9.99461E-05 9.99461E-05 9.99461E-05
0.984996 9.9928E-05 9.9928E-05 0.0142048 9.9928E-05 9.9928E-05 9.9928E-05 9.9928E-05 9.9928E-05 9.9928E-05
0.981952 9.9928E-05 9.9928E-05 0.0172488 9.9928E-05 9.9928E-05 9.9928E-05 9.9928E-05 9.9928E-05 9.9928E-05
9.99201E-05 9.99201E-05 9.99201E-05 9.99201E-05 0.999101 9.99201E-05 9.99201E-05 9.99201E-05 9.99201E-05 9.99201E-05
9.99201E-05 9.99201E-05 9.99201E-05 9.99201E-05 0.999101 9.99201E-05 9.99201E-05 9.99201E-05 9.99201E-05 9.99201E-05
0.081182 0.0284422 0.050997 9.99549E-05 9.99549E-05 9.99549E-05 9.99549E-05 0.777943 9.99549E-05 0.0609357
0.0908447 0.063697 0.0504284 9.99549E-05 9.99549E-05 9.99549E-05 9.99549E-05 0.726936 9.99549E-05 0.0675937
9.9928E-05 9.9928E-05 9.9928E-05 9.9928E-05 0.995612 9.9928E-05 9.9928E-05 9.9928E-05 9.9928E-05 0.00358814
9.99201E-05 9.99201E-05 9.99201E-05 9.99201E-05 0.999101 9.99201E-05 9.99201E-05 9.99201E-05 9.99201E-05 9.99201E-05
9.99369E-05 0.0322716 0.949401 0.0176281 9.99369E-05 9.99369E-05 9.99369E-05 9.99369E-05 9.99369E-05 9.99369E-05
0.473669 0.176272 0.0256223 9.9964E-05 9.9964E-05 9.9964E-05 9.9964E-05 0.186393 0.069881 0.0677629
9.99279E-05 9.99279E-05 9.99279E-05 0.0888439 9.99279E-05 9.99279E-05 9.99279E-05 9.99279E-05 9.99279E-05 0.910357
9.99552E-05 0.363082 9.99552E-05 9.99552E-05 0.21097 0.0455151 9.99552E-05 0.284048 0.0958848 9.99552E-05
0.0120784 0.421441 0.174088 9.99551E-05 0.311835 9.99551E-05 9.99551E-05 9.99551E-05 0.0800572 9.99551E-05
9.99461E-05 9.99461E-05 9.99461E-05 9.99461E-05 0.0170851 0.222653 0.729531 9.99461E-05 0.0301315 9.99461E-05
