9.98828E-05 9.98828E-05 0.942387 0.00522091 9.98828E-05 9.98828E-05 9.98828E-05 0.0510933 9.98828E-05 9.98828E-05 9.98828E-05 9.98828E-05 9.98828E-05 9.98828E-05 9.98828E-05 9.98828E-05
9.99099E-05 0.0862032 0.0168977 9.99099E-05 0.0937417 9.99099E-05 9.99099E-05 9.99099E-05 9.99099E-05 9.99099E-05 0.0273076 0.0140258 9.99099E-05 0.760825 9.99099E-05 9.99099E-05
9.98651E-05 9.98651E-05 9.98651E-05 9.98651E-05 9.98651E-05 9.98651E-05 0.998502 9.98651E-05 9.98651E-05 9.98651E-05 9.98651E-05 9.98651E-05 9.98651E-05 9.98651E-05 9.98651E-05 9.98651E-05
9.99011E-05 0.0216317 9.99011E-05 0.0266309 0.918624 9.99011E-05 9.99011E-05 9.99011E-05 0.0139989 9.99011E-05 9.99011E-05 9.99011E-05 0.0180153 9.99011E-05 9.99011E-05 9.99011E-05
9.99371E-05 0.0128493 0.0854624 9.99371E-05 0.274146 0.215899 0.100918 0.0789995 0.0432919 9.99371E-05 9.99371E-05 9.99371E-05 0.178679 0.00905457 9.99371E-05 9.99371E-05
9.99281E-05 0.0129412 9.99281E-05 0.00113641 0.944801 9.99281E-05 0.00680293 0.00106069 9.99281E-05 9.99281E-05 9.99281E-05 0.00109812 0.0107931 9.99281E-05 0.0205675 9.99281E-05
9.98651E-05 9.98651E-05 9.98651E-05 9.98651E-05 9.98651E-05 0.998502 9.98651E-05 9.98651E-05 9.98651E-05 9.98651E-05 9.98651E-05 9.98651E-05 9.98651E-05 9.98651E-05 9.98651E-05 9.98651E-05
9.99189E-05 9.99189E-05 9.99189E-05 0.0114064 0.0687798 9.99189E-05 0.00726249 0.0684088 0.0371357 9.99189E-05 9.99189E-05 9.99189E-05 0.673613 0.132494 9.99189E-05 9.99189E-05
9.9883E-05 9.9883E-05 9.9883E-05 9.9883E-05 9.9883E-05 0.927601 9.9883E-05 9.9883E-05 9.9883E-05 0.0115854 9.9883E-05 9.9883E-05 9.9883E-05 0.0595153 9.9883E-05 9.9883E-05
9.98741E-05 9.98741E-05 9.98741E-05 9.98741E-05 9.98741E-05 0.135396 9.98741E-05 0.863206 9.98741E-05 9.98741E-05 9.98741E-05 9.98741E-05 9.98741E-05 9.98741E-05 9.98741E-05 9.98741E-05
9.98741E-05 9.98741E-05 9.98741E-05 9.98741E-05 9.98741E-05 0.111442 9.98741E-05 0.887159 9.98741E-05 9.98741E-05 9.98741E-05 9.98741E-05 9.98741E-05 9.98741E-05 9.98741E-05 9.98741E-05
9.9901E-05 9.9901E-05 0.674834 0.13409 0.00804467 9.9901E-05 0.0251068 9.9901E-05 9.9901E-05 9.9901E-05 9.9901E-05 9.9901E-05 9.9901E-05 9.9901E-05 9.9901E-05 0.156825
9.98833E-05 9.98833E-05 9.98833E-05 9.98833E-05 9.98833E-05 0.0169071 9.98833E-05 9.98833E-05 9.98833E-05 9.98833E-05 9.98833E-05 9.98833E-05 0.0069858 9.98833E-05 9.98833E-05 0.974809
0.00811258 0.0531006 0.0316968 9.99012E-05 0.87696 9.99012E-05 9.99012E-05 9.99012E-05 9.99012E-05 9.99012E-05 9.99012E-05 9.99012E-05 9.99012E-05 0.0290315 9.99012E-05 9.99012E-05
9.98833E-05 9.98833E-05 0.0356627 9.98833E-05 0.940115 9.98833E-05 9.98833E-05 9.98833E-05 9.98833E-05 0.0229235 9.98833E-05 9.98833E-05 9.98833E-05 9.98833E-05 9.98833E-05 9.98833E-05
9.98921E-05 0.0106757 9.98921E-05 9.98921E-05 9.98921E-05 9.98921E-05 9.98921E-05 0.0512194 9.98921E-05 9.98921E-05 0.793368 9.98921E-05 9.98921E-05 9.98921E-05 9.98921E-05 0.143538
9.98829E-05 0.931827 9.98829E-05 9.98829E-05 9.98829E-05 9.98829E-05 9.98829E-05 0.0597338 9.98829E-05 0.00714045 9.98829E-05 9.98829E-05 9.98829E-05 9.98829E-05 9.98829E-05 9.98829E-05
9.98649E-05 9.98649E-05 9.98649E-05 9.98649E-05 9.98649E-05 9.98649E-05 9.98649E-05 9.98649E-05 9.98649E-05 9.98649E-05 9.98649E-05 0.998502 9.98649E-05 9.98649E-05 9.98649E-05 9.98649E-05
0.898079 9.98831E-05 9.98831E-05 9.98831E-05 9.98831E-05 9.98831E-05 9.98831E-05 9.98831E-05 9.98831E-05 9.98831E-05 9.98831E-05 9.98831E-05 9.98831E-05 9.98831E-05 0.0916861 0.00893681
9.99009E-05 0.0531284 0.127345 0.0369418 9.99009E-05 9.99009E-05 9.99009E-05 0.449958 9.99009E-05 9.99009E-05 0.331529 9.99009E-05 9.99009E-05 9.99009E-05 9.99009E-05 9.99009E-05
0.739976 9.98831E-05 9.98831E-05 9.98831E-05 9.98831E-05 9.98831E-05 9.98831E-05 9.98831E-05 9.98831E-05 9.98831E-05 9.98831E-05 0.151633 9.98831E-05 9.98831E-05 0.107093 9.98831E-05
9.99188E-05 0.0331076 0.448903 9.99188E-05 9.99188E-05 9.99188E-05 9.99188E-05 0.0684302 9.99188E-05 9.99188E-05 0.290459 0.0580452 9.99188E-05 0.00748531 9.99188E-05 0.0926708
0.461561 0.216145 9.9901E-05 0.0940647 9.9901E-05 9.9901E-05 9.9901E-05 0.186568 9.9901E-05 9.9901E-05 9.9901E-05 9.9901E-05 0.040562 9.9901E-05 9.9901E-05 9.9901E-05
0.92138 9.98738E-05 9.98738E-05 9.98738E-05 9.98738E-05 9.98738E-05 9.98738E-05 0.0772216 9.98738E-05 9.98738E-05 9.98738E-05 9.98738E-05 9.98738E-05 9.98738E-05 9.98738E-05 9.98738E-05
9.98834E-05 9.98834E-05 9.98834E-05 9.98834E-05 0.984045 0.000104593 9.98834E-05 9.98834E-05 9.98834E-05 0.0145514 9.98834E-05 9.98834E-05 9.98834E-05 9.98834E-05 9.98834E-05 9.98834E-05
9.98833E-05 9.98833E-05 9.98833E-05 9.98833E-05 0.983175 9.98833E-05 0.00257273 9.98833E-05 9.98833E-05 0.012954 9.98833E-05 9.98833E-05 9.98833E-05 9.98833E-05 9.98833E-05 9.98833E-05
9.99008E-05 0.0183885 0.0321473 0.0197353 9.99008E-05 9.99008E-05 9.99008E-05 0.105591 9.99008E-05 9.99008E-05 9.99008E-05 9.99008E-05 9.99008E-05 9.99008E-05 9.99008E-05 0.823039
9.98831E-05 9.98831E-05 9.98831E-05 9.98831E-05 0.93776 0.0163991 9.98831E-05 9.98831E-05 0.0445424 9.98831E-05 9.98831E-05 9.98831E-05 9.98831E-05 9.98831E-05 9.98831E-05 9.98831E-05
9.98922E-05 9.98922E-05 9.98922E-05 9.98922E-05 0.910788 0.0176097 9.98922E-05 9.98922E-05 0.0347349 9.98922E-05 0.0356688 9.98922E-05 9.98922E-05 9.98922E-05 9.98922E-05 9.98922E-05
9.99191E-05 9.99191E-05 9.99191E-05 0.0091034 0.517083 9.99191E-05 0.0285301 9.99191E-05 0.0926343 9.99191E-05 9.99191E-05 9.99191E-05 0.299516 9.99191E-05 0.0496207 0.00261411
9.98919E-05 0.0345175 9.98919E-05 0.0141556 0.282221 9.98919E-05 9.98919E-05 9.98919E-05 9.98919E-05 9.98919E-05 9.98919E-05 9.98919E-05 0.667907 9.98919E-05 9.98919E-05 9.98919E-05
9.98654E-05 9.98654E-05 9.98654E-05 9.98654E-05 9.98654E-05 9.98654E-05 9.98654E-05 9.98654E-05 9.98654E-05 9.98654E-05 9.98654E-05 9.98654E-05 9.98654E-05 0.998502 9.98654E-05 9.98654E-05
9.98833E-05 0.00520484 9.98833E-05 9.98833E-05 0.858118 9.98833E-05 9.98833E-05 9.98833E-05 9.98833E-05 9.98833E-05 9.98833E-05 9.98833E-05 0.135379 9.98833E-05 9.98833E-05 9.98833E-05
9.98833E-05 9.98833E-05 9.98833E-05 9.98833E-05 9.98833E-05 9.98833E-05 9.98833E-05 9.98833E-05 0.682854 9.98833E-05 9.98833E-05 9.98833E-05 0.272721 0.0431259 9.98833E-05 9.98833E-05
9.99096E-05 0.284716 0.0405924 0.0844475 9.99096E-05 9.99096E-05 9.99096E-05 0.0313186 9.99096E-05 9.99096E-05 9.99096E-05 9.99096E-05 0.062986 9.99096E-05 9.99096E-05 0.49494
9.98919E-05 0.0142552 9.98919E-05 9.98919E-05 0.946892 0.0144027 9.98919E-05 9.98919E-05 9.98919E-05 9.98919E-05 9.98919E-05 9.98919E-05 0.0232512 9.98919E-05 9.98919E-05 9.98919E-05
9.98921E-05 0.0215233 0.959538 9.98921E-05 9.98921E-05 9.98921E-05 0.00572636 9.98921E-05 9.98921E-05 9.98921E-05 9.98921E-05 9.98921E-05 0.0120138 9.98921E-05 9.98921E-05 9.98921E-05
9.99369E-05 0.0544444 0.130766 9.99369E-05 0.00193072 9.99369E-05 9.99369E-05 0.608047 9.99369E-05 0.00637588 9.99369E-05 0.00849184 0.000319454 0.175608 0.0133171 9.99369E-05
9.9865E-05 0.998502 9.9865E-05 9.9865E-05 9.9865E-05 9.9865E-05 9.9865E-05 9.9865E-05 9.9865E-05 9.9865E-05 9.9865E-05 9.9865E-05 9.9865E-05 9.9865E-05 9.9865E-05 9.9865E-05
9.99097E-05 0.15269 0.213862 9.99097E-05 0.0928439 9.99097E-05 9.99097E-05 0.238871 9.99097E-05 9.99097E-05 0.217988 0.0827458 9.99097E-05 9.99097E-05 9.99097E-05 9.99097E-05
9.99277E-05 0.0889189 0.239484 9.99277E-05 0.0683581 9.99277E-05 9.99277E-05 0.281734 9.99277E-05 0.00285776 0.182437 0.126212 9.99277E-05 0.00919878 9.99277E-05 9.99277E-05
9.9892E-05 0.0377639 0.0175809 9.9892E-05 9.9892E-05 9.9892E-05 9.9892E-05 0.931741 9.9892E-05 9.9892E-05 9.9892E-05 9.9892E-05 9.9892E-05 9.9892E-05 0.0117155 9.9892E-05
9.9901E-05 9.9901E-05 0.007885 9.9901E-05 9.9901E-05 0.0571978 9.9901E-05 9.9901E-05 9.9901E-05 9.9901E-05 0.880997 9.9901E-05 9.9901E-05 9.9901E-05 0.0123715 0.0404497
9.98921E-05 0.00805623 9.98921E-05 9.98921E-05 9.98921E-05 9.98921E-05 9.98921E-05 0.96838 0.0120944 9.98921E-05 9.98921E-05 9.98921E-05 9.98921E-05 9.98921E-05 9.98921E-05 0.0102704
0.149139 9.99189E-05 0.0516365 0.0575288 9.99189E-05 9.99189E-05 9.99189E-05 0.460641 9.99189E-05 9.99189E-05 0.0953453 9.99189E-05 9.99189E-05 0.0465912 9.99189E-05 0.138218
9.99201E-05 9.99201E-05 0.0801053 0.01677 0.0603764 9.99201E-05 9.99201E-05 0.531383 9.99201E-05 9.99201E-05 0.17708 9.99201E-05 0.0323455 0.0288568 0.0722844 9.99201E-05
9.9937E-05 0.287106 0.190694 9.9937E-05 0.0690899 0.0499695 0.0198275 0.221274 0.0220321 9.9937E-05 9.9937E-05 9.9937E-05 9.9937E-05 9.9937E-05 0.032763 0.106544
9.98749E-05 9.98749E-05 0.970713 9.98749E-05 9.98749E-05 9.98749E-05 9.98749E-05 9.98749E-05 9.98749E-05 9.98749E-05 9.98749E-05 0.0278891 9.98749E-05 9.98749E-05 9.98749E-05 9.98749E-05
9.98652E-05 9.98652E-05 9.98652E-05 9.98652E-05 9.98652E-05 9.98652E-05 9.98652E-05 9.98652E-05 0.998502 9.98652E-05 9.98652E-05 9.98652E-05 9.98652E-05 9.98652E-05 9.98652E-05 9.98652E-05
9.98832E-05 9.98832E-05 9.98832E-05 9.98832E-05 9.98832E-05 9.98832E-05 9.98832E-05 9.98832E-05 0.991268 0.000449277 9.98832E-05 9.98832E-05 9.98832E-05 9.98832E-05 0.00698425 9.98832E-05
9.98832E-05 9.98832E-05 9.98832E-05 9.98832E-05 9.98832E-05 9.98832E-05 9.98832E-05 9.98832E-05 0.980797 9.98832E-05 0.0153436 9.98832E-05 9.98832E-05 9.98832E-05 0.00256064 9.98832E-05
9.98742E-05 9.98742E-05 9.98742E-05 9.98742E-05 9.98742E-05 9.98742E-05 9.98742E-05 9.98742E-05 0.996659 0.00194263 9.98742E-05 9.98742E-05 9.98742E-05 9.98742E-05 9.98742E-05 9.98742E-05
9.98742E-05 9.98742E-05 9.98742E-05 9.98742E-05 9.98742E-05 9.98742E-05 0.0113828 9.98742E-05 0.987219 9.98742E-05 9.98742E-05 9.98742E-05 9.98742E-05 9.98742E-05 9.98742E-05 9.98742E-05
0.0443239 9.99281E-05 9.99281E-05 9.99281E-05 9.99281E-05 0.0193312 9.99281E-05 0.00391497 0.355084 9.99281E-05 0.0403932 9.99281E-05 0.484314 0.031781 9.99281E-05 0.0200591
9.98831E-05 9.98831E-05 9.98831E-05 9.98831E-05 9.98831E-05 9.98831E-05 9.98831E-05 9.98831E-05 0.907278 9.98831E-05 0.0161146 9.98831E-05 9.98831E-05 0.0753094 9.98831E-05 9.98831E-05
9.98919E-05 9.98919E-05 0.866414 9.98919E-05 9.98919E-05 0.0054527 9.98919E-05 9.98919E-05 9.98919E-05 9.98919E-05 0.12559 9.98919E-05 9.98919E-05 9.98919E-05 9.98919E-05 0.00134392
9.99009E-05 9.99009E-05 9.99009E-05 9.99009E-05 9.99009E-05 0.0582309 0.0205294 9.99009E-05 0.0223062 9.99009E-05 9.99009E-05 9.99009E-05 0.00716636 0.890668 9.99009E-05 9.99009E-05
9.9883E-05 0.00315026 9.9883E-05 9.9883E-05 0.995067 9.9883E-05 9.9883E-05 9.9883E-05 9.9883E-05 9.9883E-05 9.9883E-05 0.000484445 9.9883E-05 9.9883E-05 9.9883E-05 9.9883E-05
9.98922E-05 9.98922E-05 9.98922E-05 0.0166353 9.98922E-05 9.98922E-05 9.98922E-05 9.98922E-05 0.00913949 9.98922E-05 0.139953 9.98922E-05 9.98922E-05 9.98922E-05 9.98922E-05 0.833074
9.99013E-05 9.99013E-05 0.00657197 9.99013E-05 0.000258283 9.99013E-05 0.000386764 9.99013E-05 9.99013E-05 9.99013E-05 0.904264 9.99013E-05 9.99013E-05 9.99013E-05 9.99013E-05 0.0874198
9.98745E-05 9.98745E-05 9.98745E-05 9.98745E-05 9.98745E-05 0.0255165 9.98745E-05 9.98745E-05 9.98745E-05 9.98745E-05 9.98745E-05 9.98745E-05 9.98745E-05 9.98745E-05 9.98745E-05 0.973085
9.98919E-05 9.98919E-05 0.0243515 9.98919E-05 9.98919E-05 9.98919E-05 9.98919E-05 0.117015 9.98919E-05 9.98919E-05 9.98919E-05 0.0112761 9.98919E-05 9.98919E-05 9.98919E-05 0.846159
9.99009E-05 0.00773351 9.99009E-05 0.0362618 9.99009E-05 9.99009E-05 9.99009E-05 0.0854741 9.99009E-05 9.99009E-05 9.99009E-05 0.0223079 9.99009E-05 9.99009E-05 9.99009E-05 0.847124
9.98651E-05 9.98651E-05 9.98651E-05 9.98651E-05 9.98651E-05 9.98651E-05 9.98651E-05 9.98651E-05 9.98651E-05 9.98651E-05 9.98651E-05 9.98651E-05 9.98651E-05 9.98651E-05 0.998502 9.98651E-05
9.98746E-05 9.98746E-05 9.98746E-05 9.98746E-05 0.96081 9.98746E-05 0.0377916 9.98746E-05 9.98746E-05 9.98746E-05 9.98746E-05 9.98746E-05 9.98746E-05 9.98746E-05 9.98746E-05 9.98746E-05
9.98653E-05 9.98653E-05 9.98653E-05 9.98653E-05 9.98653E-05 9.98653E-05 9.98653E-05 9.98653E-05 9.98653E-05 0.998502 9.98653E-05 9.98653E-05 9.98653E-05 9.98653E-05 9.98653E-05 9.98653E-05
9.99103E-05 9.99103E-05 9.99103E-05 9.99103E-05 0.785112 9.99103E-05 0.1568 9.99103E-05 9.99103E-05 0.0284766 0.00697905 9.99103E-05 0.0121498 0.00948318 9.99103E-05 9.99103E-05
9.991E-05 0.0397707 0.00301334 9.991E-05 0.892732 0.00941989 9.991E-05 9.991E-05 0.0292 9.991E-05 9.991E-05 9.991E-05 0.0248651 9.991E-05 9.991E-05 9.991E-05
9.9901E-05 9.9901E-05 9.9901E-05 9.9901E-05 0.865068 0.0298934 9.9901E-05 9.9901E-05 0.0110484 9.9901E-05 0.0555682 9.9901E-05 0.0373229 9.9901E-05 9.9901E-05 9.9901E-05
0.000494546 9.99102E-05 9.99102E-05 9.99102E-05 0.910829 0.0240252 0.0156821 9.99102E-05 9.99102E-05 9.99102E-05 0.0325611 9.99102E-05 9.99102E-05 0.0154085 9.99102E-05 9.99102E-05
9.98923E-05 9.98923E-05 0.00209477 9.98923E-05 0.799084 9.98923E-05 9.98923E-05 0.0434775 9.98923E-05 9.98923E-05 9.98923E-05 9.98923E-05 0.154145 9.98923E-05 9.98923E-05 9.98923E-05
9.98741E-05 0.00725886 9.98741E-05 9.98741E-05 0.991343 9.98741E-05 9.98741E-05 9.98741E-05 9.98741E-05 9.98741E-05 9.98741E-05 9.98741E-05 9.98741E-05 9.98741E-05 9.98741E-05 9.98741E-05
9.9865E-05 9.9865E-05 9.9865E-05 9.9865E-05 9.9865E-05 9.9865E-05 9.9865E-05 9.9865E-05 9.9865E-05 9.9865E-05 9.9865E-05 9.9865E-05 0.998502 9.9865E-05 9.9865E-05 9.9865E-05
9.98831E-05 9.98831E-05 9.98831E-05 9.98831E-05 9.98831E-05 0.0661516 9.98831E-05 9.98831E-05 9.98831E-05 9.98831E-05 9.98831E-05 9.98831E-05 0.915794 9.98831E-05 9.98831E-05 0.0167562
9.98922E-05 9.98922E-05 9.98922E-05 9.98922E-05 0.923469 9.98922E-05 0.0214905 9.98922E-05 0.0100356 0.0438062 9.98922E-05 9.98922E-05 9.98922E-05 9.98922E-05 9.98922E-05 9.98922E-05
9.9874E-05 9.9874E-05 9.9874E-05 9.9874E-05 9.9874E-05 9.9874E-05 9.9874E-05 9.9874E-05 0.0165566 9.9874E-05 0.982045 9.9874E-05 9.9874E-05 9.9874E-05 9.9874E-05 9.9874E-05
9.9883E-05 9.9883E-05 9.9883E-05 9.9883E-05 9.9883E-05 9.9883E-05 9.9883E-05 9.9883E-05 0.00896653 9.9883E-05 0.973319 9.9883E-05 0.0164164 9.9883E-05 9.9883E-05 9.9883E-05
9.98652E-05 9.98652E-05 9.98652E-05 0.998502 9.98652E-05 9.98652E-05 9.98652E-05 9.98652E-05 9.98652E-05 9.98652E-05 9.98652E-05 9.98652E-05 9.98652E-05 9.98652E-05 9.98652E-05 9.98652E-05
9.98912E-05 9.98912E-05 9.98912E-05 0.980097 9.98912E-05 9.98912E-05 0.0051277 9.98912E-05 9.98912E-05 9.98912E-05 9.98912E-05 9.98912E-05 9.98912E-05 9.98912E-05 9.98912E-05 0.0134765
9.98919E-05 9.98919E-05 0.00111307 9.98919E-05 9.98919E-05 9.98919E-05 9.98919E-05 0.869779 9.98919E-05 9.98919E-05 0.0691755 9.98919E-05 9.98919E-05 0.0587339 9.98919E-05 9.98919E-05
9.99099E-05 9.99099E-05 9.99099E-05 9.99099E-05 9.99099E-05 9.99099E-05 9.99099E-05 0.77706 9.99099E-05 0.00431343 0.162285 0.00753945 9.99099E-05 0.0260015 9.99099E-05 0.0218023
9.98922E-05 9.98922E-05 9.98922E-05 0.978686 9.98922E-05 9.98922E-05 9.98922E-05 9.98922E-05 0.000858606 9.98922E-05 9.98922E-05 9.98922E-05 0.00185127 0.0174054 9.98922E-05 9.98922E-05
9.98742E-05 9.98742E-05 0.00107398 0.997528 9.98742E-05 9.98742E-05 9.98742E-05 9.98742E-05 9.98742E-05 9.98742E-05 9.98742E-05 9.98742E-05 9.98742E-05 9.98742E-05 9.98742E-05 9.98742E-05
9.98919E-05 9.98919E-05 0.945526 9.98919E-05 9.98919E-05 9.98919E-05 9.98919E-05 9.98919E-05 9.98919E-05 0.0203073 0.016187 9.98919E-05 9.98919E-05 9.98919E-05 9.98919E-05 0.0167812
9.99279E-05 0.0130264 0.0176368 9.99279E-05 9.99279E-05 0.171984 9.99279E-05 0.17639 9.99279E-05 9.99279E-05 0.316328 0.133591 9.99279E-05 0.0202743 9.99279E-05 0.14997
9.9883E-05 9.9883E-05 9.9883E-05 9.9883E-05 9.9883E-05 0.0512753 9.9883E-05 9.9883E-05 0.0530437 9.9883E-05 9.9883E-05 9.9883E-05 9.9883E-05 0.894382 9.9883E-05 9.9883E-05
0.13823 0.288547 9.99103E-05 0.0421936 0.0290539 9.99103E-05 9.99103E-05 0.23555 9.99103E-05 9.99103E-05 9.99103E-05 9.99103E-05 9.99103E-05 9.99103E-05 9.99103E-05 0.265427
0.0803662 0.282895 0.132182 0.135991 9.99012E-05 9.99012E-05 9.99012E-05 9.99012E-05 9.99012E-05 9.99012E-05 9.99012E-05 9.99012E-05 9.99012E-05 9.99012E-05 9.99012E-05 0.367467
0.0149809 9.98922E-05 9.98922E-05 0.00814222 0.203988 9.98922E-05 9.98922E-05 9.98922E-05 9.98922E-05 9.98922E-05 9.98922E-05 9.98922E-05 0.77169 9.98922E-05 9.98922E-05 9.98922E-05
