9.99009E-05 0.919359 9.99009E-05 9.99009E-05 0.00342599 9.99009E-05 9.99009E-05 0.0606045 9.99009E-05 9.99009E-05 9.99009E-05 9.99009E-05 9.99009E-05 0.00571651 9.99009E-05 0.00979488
9.99009E-05 0.0213776 9.99009E-05 9.99009E-05 9.99009E-05 9.99009E-05 0.136659 9.99009E-05 9.99009E-05 9.99009E-05 9.99009E-05 0.7083 9.99009E-05 9.99009E-05 0.0369879 0.0955772
0.0849343 9.99107E-05 0.0627766 9.99107E-05 9.99107E-05 9.99107E-05 0.512278 9.99107E-05 0.263939 0.0440203 9.99107E-05 9.99107E-05 9.99107E-05 0.0310526 9.99107E-05 9.99107E-05
0.0447661 9.98921E-05 9.98921E-05 9.98921E-05 9.98921E-05 9.98921E-05 0.922182 9.98921E-05 9.98921E-05 9.98921E-05 9.98921E-05 9.98921E-05 0.0199872 0.0118656 9.98921E-05 9.98921E-05
9.99371E-05 0.0168051 9.99371E-05 0.166257 9.99371E-05 0.171363 0.307239 0.127554 0.00916045 9.99371E-05 0.0578512 0.119558 0.0235129 9.99371E-05 9.99371E-05 9.99371E-05
9.9883E-05 9.9883E-05 9.9883E-05 9.9883E-05 9.9883E-05 0.0437816 0.951515 9.9883E-05 9.9883E-05 9.9883E-05 0.00340534 9.9883E-05 9.9883E-05 9.9883E-05 9.9883E-05 9.9883E-05
9.98651E-05 9.98651E-05 9.98651E-05 0.998502 9.98651E-05 9.98651E-05 9.98651E-05 9.98651E-05 9.98651E-05 9.98651E-05 9.98651E-05 9.98651E-05 9.98651E-05 9.98651E-05 9.98651E-05 9.98651E-05
0.00464153 9.99279E-05 9.99279E-05 9.99279E-05 9.99279E-05 0.287436 0.047601 0.0711032 0.396149 9.99279E-05 9.99279E-05 0.125902 0.0632196 0.0031482 9.99279E-05 9.99279E-05
9.9883E-05 9.9883E-05 9.9883E-05 0.966379 9.9883E-05 9.9883E-05 9.9883E-05 9.9883E-05 9.9883E-05 9.9883E-05 9.9883E-05 0.0219191 0.0104031 9.9883E-05 9.9883E-05 9.9883E-05
9.98741E-05 9.98741E-05 9.98741E-05 0.153937 9.98741E-05 9.98741E-05 9.98741E-05 0.844664 9.98741E-05 9.98741E-05 9.98741E-05 9.98741E-05 9.98741E-05 9.98741E-05 9.98741E-05 9.98741E-05
9.98741E-05 9.98741E-05 9.98741E-05 0.118199 9.98741E-05 9.98741E-05 9.98741E-05 0.880403 9.98741E-05 9.98741E-05 9.98741E-05 9.98741E-05 9.98741E-05 9.98741E-05 9.98741E-05 9.98741E-05
0.0341908 0.65765 0.125501 9.991E-05 9.991E-05 9.991E-05 9.991E-05 9.991E-05 0.012587 9.991E-05 0.0686588 9.991E-05 9.991E-05 0.100413 9.991E-05 9.991E-05
0.0141875 9.98923E-05 0.955193 9.98923E-05 9.98923E-05 0.000890396 9.98923E-05 9.98923E-05 0.0285308 9.98923E-05 9.98923E-05 9.98923E-05 9.98923E-05 9.98923E-05 9.98923E-05 9.98923E-05
9.99011E-05 9.99011E-05 9.99011E-05 9.99011E-05 9.99011E-05 9.99011E-05 0.970439 9.99011E-05 9.99011E-05 0.00367223 0.00350923 0.0189755 9.99011E-05 9.99011E-05 9.99011E-05 0.00230463
9.9883E-05 0.0101785 9.9883E-05 9.9883E-05 0.0463801 9.9883E-05 0.942143 9.9883E-05 9.9883E-05 9.9883E-05 9.9883E-05 9.9883E-05 9.9883E-05 9.9883E-05 9.9883E-05 9.9883E-05
9.98829E-05 9.98829E-05 0.129764 9.98829E-05 9.98829E-05 9.98829E-05 9.98829E-05 9.98829E-05 9.98829E-05 9.98829E-05 0.128667 9.98829E-05 9.98829E-05 9.98829E-05 0.74027 9.98829E-05
9.9883E-05 9.9883E-05 9.9883E-05 9.9883E-05 0.0190564 9.9883E-05 9.9883E-05 0.0622806 9.9883E-05 9.9883E-05 9.9883E-05 9.9883E-05 9.9883E-05 9.9883E-05 9.9883E-05 0.917365
9.99369E-05 0.00818811 9.99369E-05 0.0160701 0.0460931 9.99369E-05 9.99369E-05 0.120771 9.99369E-05 0.676838 9.99369E-05 0.0182631 0.0609447 9.99369E-05 0.0397979 0.0123351
9.98741E-05 9.98741E-05 9.98741E-05 9.98741E-05 9.98741E-05 9.98741E-05 9.98741E-05 9.98741E-05 9.98741E-05 0.924295 9.98741E-05 9.98741E-05 9.98741E-05 0.0743064 9.98741E-05 9.98741E-05
9.99098E-05 0.052929 9.99098E-05 9.99098E-05 9.99098E-05 9.99098E-05 9.99098E-05 0.447914 9.99098E-05 9.99098E-05 0.135178 9.99098E-05 9.99098E-05 0.00453526 0.33602 0.0224245
9.98741E-05 9.98741E-05 9.98741E-05 9.98741E-05 0.0210546 9.98741E-05 9.98741E-05 9.98741E-05 9.98741E-05 0.977547 9.98741E-05 9.98741E-05 9.98741E-05 9.98741E-05 9.98741E-05 9.98741E-05
9.99189E-05 0.488906 0.0404768 9.99189E-05 9.99189E-05 9.99189E-05 9.99189E-05 0.0805377 9.99189E-05 9.99189E-05 0.0295059 0.00309944 9.99189E-05 9.99189E-05 0.310127 0.0464479
9.98648E-05 9.98648E-05 9.98648E-05 9.98648E-05 0.998502 9.98648E-05 9.98648E-05 9.98648E-05 9.98648E-05 9.98648E-05 9.98648E-05 9.98648E-05 9.98648E-05 9.98648E-05 9.98648E-05 9.98648E-05
9.9874E-05 9.9874E-05 9.9874E-05 9.9874E-05 0.220725 9.9874E-05 9.9874E-05 9.9874E-05 9.9874E-05 0.777877 9.9874E-05 9.9874E-05 9.9874E-05 9.9874E-05 9.9874E-05 9.9874E-05
0.608766 9.98743E-05 9.98743E-05 9.98743E-05 9.98743E-05 9.98743E-05 0.389835 9.98743E-05 9.98743E-05 9.98743E-05 9.98743E-05 9.98743E-05 9.98743E-05 9.98743E-05 9.98743E-05 9.98743E-05
0.198198 9.98741E-05 9.98741E-05 9.98741E-05 9.98741E-05 9.98741E-05 0.800404 9.98741E-05 9.98741E-05 9.98741E-05 9.98741E-05 9.98741E-05 9.98741E-05 9.98741E-05 9.98741E-05 9.98741E-05
9.99098E-05 0.0443137 0.802649 9.99098E-05 0.00377386 9.99098E-05 9.99098E-05 0.0432302 9.99098E-05 9.99098E-05 9.99098E-05 9.99098E-05 9.99098E-05 0.0252621 9.99098E-05 0.0797722
0.998502 9.98652E-05 9.98652E-05 9.98652E-05 9.98652E-05 9.98652E-05 9.98652E-05 9.98652E-05 9.98652E-05 9.98652E-05 9.98652E-05 9.98652E-05 9.98652E-05 9.98652E-05 9.98652E-05 9.98652E-05
0.998502 9.98651E-05 9.98651E-05 9.98651E-05 9.98651E-05 9.98651E-05 9.98651E-05 9.98651E-05 9.98651E-05 9.98651E-05 9.98651E-05 9.98651E-05 9.98651E-05 9.98651E-05 9.98651E-05 9.98651E-05
0.209289 0.0173968 0.00942599 9.99192E-05 9.99192E-05 0.569718 0.139498 9.99192E-05 9.99192E-05 0.000988752 9.99192E-05 9.99192E-05 0.0527832 9.99192E-05 9.99192E-05 9.99192E-05
9.98738E-05 9.98738E-05 9.98738E-05 9.98738E-05 9.98738E-05 0.952151 0.0464507 9.98738E-05 9.98738E-05 9.98738E-05 9.98738E-05 9.98738E-05 9.98738E-05 9.98738E-05 9.98738E-05 9.98738E-05
9.98654E-05 9.98654E-05 9.98654E-05 9.98654E-05 9.98654E-05 9.98654E-05 9.98654E-05 9.98654E-05 9.98654E-05 9.98654E-05 9.98654E-05 0.998502 9.98654E-05 9.98654E-05 9.98654E-05 9.98654E-05
0.237338 9.98831E-05 9.98831E-05 9.98831E-05 9.98831E-05 9.98831E-05 0.563796 9.98831E-05 0.197567 9.98831E-05 9.98831E-05 9.98831E-05 9.98831E-05 9.98831E-05 9.98831E-05 9.98831E-05
9.99012E-05 9.99012E-05 9.99012E-05 9.99012E-05 9.99012E-05 0.0121745 9.99012E-05 9.99012E-05 0.230441 9.99012E-05 9.99012E-05 0.00872009 0.71254 0.035025 9.99012E-05 9.99012E-05
9.99277E-05 0.0511374 0.46472 9.99277E-05 9.99277E-05 0.0594327 9.99277E-05 0.0282257 0.00106315 9.99277E-05 0.0614765 9.99277E-05 9.99277E-05 0.0908402 9.99277E-05 0.242305
0.50223 9.99189E-05 0.00205184 0.0140326 9.99189E-05 0.00107196 0.449239 9.99189E-05 0.0118667 9.99189E-05 0.0186089 9.99189E-05 9.99189E-05 9.99189E-05 9.99189E-05 9.99189E-05
9.9883E-05 0.956633 9.9883E-05 9.9883E-05 9.9883E-05 9.9883E-05 9.9883E-05 9.9883E-05 0.0305773 9.9883E-05 9.9883E-05 9.9883E-05 9.9883E-05 9.9883E-05 9.9883E-05 0.011491
9.99189E-05 0.0720979 0.0152439 9.99189E-05 0.0555013 9.99189E-05 9.99189E-05 0.597718 0.0537276 9.99189E-05 9.99189E-05 0.172069 9.99189E-05 9.99189E-05 9.99189E-05 0.0327431
9.98831E-05 9.98831E-05 9.98831E-05 9.98831E-05 9.98831E-05 9.98831E-05 0.00148081 9.98831E-05 0.0114293 9.98831E-05 9.98831E-05 9.98831E-05 9.98831E-05 9.98831E-05 9.98831E-05 0.985791
9.99188E-05 0.183165 9.99188E-05 9.99188E-05 9.99188E-05 9.99188E-05 0.136719 0.22524 9.99188E-05 0.00900787 0.0302181 9.99188E-05 9.99188E-05 9.99188E-05 0.301603 0.113147
9.99278E-05 0.254848 9.99278E-05 9.99278E-05 9.99278E-05 9.99278E-05 0.086748 0.214951 9.99278E-05 0.0227308 0.0321225 0.0270093 9.99278E-05 9.99278E-05 0.288887 0.0719036
9.9901E-05 0.0391221 0.00540313 9.9901E-05 9.9901E-05 9.9901E-05 9.9901E-05 0.916768 9.9901E-05 9.9901E-05 0.0252419 9.9901E-05 9.9901E-05 9.9901E-05 9.9901E-05 0.0123657
9.9892E-05 0.017486 0.0718793 0.0555196 9.9892E-05 9.9892E-05 9.9892E-05 9.9892E-05 9.9892E-05 9.9892E-05 9.9892E-05 9.9892E-05 9.9892E-05 9.9892E-05 0.853916 9.9892E-05
9.9892E-05 9.9892E-05 0.00342316 9.9892E-05 9.9892E-05 0.0105778 9.9892E-05 0.910784 9.9892E-05 9.9892E-05 0.0740168 9.9892E-05 9.9892E-05 9.9892E-05 9.9892E-05 9.9892E-05
9.99279E-05 0.0174978 0.187599 9.99279E-05 0.216091 9.99279E-05 9.99279E-05 0.317938 9.99279E-05 9.99279E-05 0.0997066 0.0523755 9.99279E-05 0.0376668 0.0703258 9.99279E-05
9.9937E-05 0.141261 0.0194033 9.9937E-05 0.102068 0.0690779 0.0125655 0.375678 9.9937E-05 9.9937E-05 0.101057 0.0461742 9.9937E-05 9.9937E-05 0.132015 9.9937E-05
9.99369E-05 0.202167 0.0458139 0.115936 9.99369E-05 0.103511 0.0132307 0.143006 9.99369E-05 9.99369E-05 0.183234 9.99369E-05 0.0171748 9.99369E-05 9.99369E-05 0.175227
9.98749E-05 0.980887 9.98749E-05 9.98749E-05 0.0177151 9.98749E-05 9.98749E-05 9.98749E-05 9.98749E-05 9.98749E-05 9.98749E-05 9.98749E-05 9.98749E-05 9.98749E-05 9.98749E-05 9.98749E-05
9.98741E-05 9.98741E-05 9.98741E-05 9.98741E-05 9.98741E-05 0.00308169 9.98741E-05 9.98741E-05 9.98741E-05 9.98741E-05 9.98741E-05 9.98741E-05 0.99552 9.98741E-05 9.98741E-05 9.98741E-05
9.98832E-05 9.98832E-05 9.98832E-05 9.98832E-05 9.98832E-05 9.98832E-05 9.98832E-05 9.98832E-05 9.98832E-05 0.00180008 0.00529426 9.98832E-05 0.991607 9.98832E-05 9.98832E-05 9.98832E-05
9.98832E-05 9.98832E-05 0.0175826 9.98832E-05 9.98832E-05 9.98832E-05 9.98832E-05 0.00189919 9.98832E-05 9.98832E-05 9.98832E-05 9.98832E-05 0.97922 9.98832E-05 9.98832E-05 9.98832E-05
9.98652E-05 9.98652E-05 9.98652E-05 9.98652E-05 9.98652E-05 9.98652E-05 9.98652E-05 9.98652E-05 9.98652E-05 9.98652E-05 9.98652E-05 9.98652E-05 0.998502 9.98652E-05 9.98652E-05 9.98652E-05
9.98741E-05 9.98741E-05 9.98741E-05 9.98741E-05 9.98741E-05 0.0118519 9.98741E-05 9.98741E-05 9.98741E-05 9.98741E-05 9.98741E-05 9.98741E-05 0.98675 9.98741E-05 9.98741E-05 9.98741E-05
0.0659318 9.99192E-05 9.99192E-05 0.0493797 0.0582517 0.327434 9.99192E-05 9.99192E-05 0.0697153 9.99192E-05 9.99192E-05 9.99192E-05 0.368376 9.99192E-05 0.0600122 9.99192E-05
9.98921E-05 9.98921E-05 0.00544516 9.98921E-05 9.98921E-05 9.98921E-05 9.98921E-05 9.98921E-05 9.98921E-05 9.98921E-05 9.98921E-05 0.0755227 0.88521 9.98921E-05 0.0326237 9.98921E-05
9.98828E-05 0.759278 9.98828E-05 9.98828E-05 9.98828E-05 9.98828E-05 9.98828E-05 9.98828E-05 9.98828E-05 9.98828E-05 0.0665514 9.98828E-05 9.98828E-05 9.98828E-05 0.172872 9.98828E-05
0.0335926 9.98829E-05 9.98829E-05 0.0213363 9.98829E-05 9.98829E-05 9.98829E-05 9.98829E-05 9.98829E-05 9.98829E-05 9.98829E-05 0.943773 9.98829E-05 9.98829E-05 9.98829E-05 9.98829E-05
0.329814 9.98829E-05 9.98829E-05 9.98829E-05 9.98829E-05 9.98829E-05 0.665047 9.98829E-05 9.98829E-05 9.98829E-05 9.98829E-05 9.98829E-05 9.98829E-05 9.98829E-05 9.98829E-05 0.00384112
9.98921E-05 0.0583784 0.800621 9.98921E-05 9.98921E-05 9.98921E-05 9.98921E-05 9.98921E-05 9.98921E-05 9.98921E-05 9.98921E-05 9.98921E-05 9.98921E-05 0.0455966 0.094205 9.98921E-05
9.98832E-05 9.98832E-05 0.0171177 9.98832E-05 9.98832E-05 9.98832E-05 9.98832E-05 9.98832E-05 9.98832E-05 9.98832E-05 0.146838 9.98832E-05 9.98832E-05 9.98832E-05 0.834746 9.98832E-05
9.98744E-05 9.98744E-05 0.966525 9.98744E-05 9.98744E-05 9.98744E-05 9.98744E-05 9.98744E-05 0.0320765 9.98744E-05 9.98744E-05 9.98744E-05 9.98744E-05 9.98744E-05 9.98744E-05 9.98744E-05
9.98739E-05 9.98739E-05 0.892366 9.98739E-05 9.98739E-05 9.98739E-05 9.98739E-05 0.106236 9.98739E-05 9.98739E-05 9.98739E-05 9.98739E-05 9.98739E-05 9.98739E-05 9.98739E-05 9.98739E-05
9.98901E-05 9.98901E-05 0.789968 9.98901E-05 9.98901E-05 9.98901E-05 9.98901E-05 0.0875059 9.98901E-05 9.98901E-05 0.0896475 9.98901E-05 9.98901E-05 0.0298372 9.98901E-05 0.00194239
9.98832E-05 0.039518 9.98832E-05 9.98832E-05 9.98832E-05 9.98832E-05 9.98832E-05 0.0186301 9.98832E-05 0.940553 9.98832E-05 9.98832E-05 9.98832E-05 9.98832E-05 9.98832E-05 9.98832E-05
0.680379 9.98835E-05 9.98835E-05 9.98835E-05 9.98835E-05 9.98835E-05 0.301056 9.98835E-05 9.98835E-05 9.98835E-05 9.98835E-05 9.98835E-05 9.98835E-05 0.0172671 9.98835E-05 9.98835E-05
9.9982E-05 0.157409 0.0182611 0.0375718 0.0226079 0.170926 0.191449 0.00322167 0.00968968 0.00340275 0.0681283 9.9982E-05 0.0858451 0.0390554 0.102973 0.0892591
0.0325187 9.98924E-05 0.00942039 9.98924E-05 9.98924E-05 9.98924E-05 0.87122 9.98924E-05 0.0856425 9.98924E-05 9.98924E-05 9.98924E-05 9.98924E-05 9.98924E-05 9.98924E-05 9.98924E-05
0.157379 0.0219141 9.991E-05 0.0208755 9.991E-05 0.038471 0.748704 9.991E-05 9.991E-05 9.991E-05 9.991E-05 9.991E-05 9.991E-05 9.991E-05 9.991E-05 0.0116577
0.970766 9.98831E-05 9.98831E-05 9.98831E-05 9.98831E-05 9.98831E-05 9.98831E-05 9.98831E-05 0.01035 9.98831E-05 9.98831E-05 9.98831E-05 9.98831E-05 9.98831E-05 0.0175852 9.98831E-05
0.998502 9.98653E-05 9.98653E-05 9.98653E-05 9.98653E-05 9.98653E-05 9.98653E-05 9.98653E-05 9.98653E-05 9.98653E-05 9.98653E-05 9.98653E-05 9.98653E-05 9.98653E-05 9.98653E-05 9.98653E-05
0.0929643 0.0215178 9.99101E-05 9.99101E-05 9.99101E-05 0.167216 0.678945 0.0169262 9.99101E-05 9.99101E-05 0.0214317 9.99101E-05 9.99101E-05 9.99101E-05 9.99101E-05 9.99101E-05
0.377012 9.99009E-05 9.99009E-05 9.99009E-05 9.99009E-05 9.99009E-05 0.594047 9.99009E-05 0.00888684 9.99009E-05 0.0124737 9.99009E-05 9.99009E-05 9.99009E-05 9.99009E-05 0.00648151
9.9865E-05 9.9865E-05 9.9865E-05 9.9865E-05 9.9865E-05 9.9865E-05 9.9865E-05 9.9865E-05 0.998502 9.9865E-05 9.9865E-05 9.9865E-05 9.9865E-05 9.9865E-05 9.9865E-05 9.9865E-05
9.98829E-05 9.98829E-05 0.0320492 0.00500446 9.98829E-05 9.98829E-05 9.98829E-05 9.98829E-05 0.961648 9.98829E-05 9.98829E-05 9.98829E-05 9.98829E-05 9.98829E-05 9.98829E-05 9.98829E-05
0.182425 9.9901E-05 9.9901E-05 9.9901E-05 0.0293073 9.9901E-05 0.74541 9.9901E-05 9.9901E-05 9.9901E-05 9.9901E-05 9.9901E-05 0.0311787 9.9901E-05 0.0105803 9.9901E-05
9.9883E-05 9.9883E-05 9.9883E-05 9.9883E-05 9.9883E-05 9.9883E-05 9.9883E-05 9.9883E-05 9.9883E-05 9.9883E-05 9.9883E-05 9.9883E-05 0.0107972 0.00518308 0.982721 9.9883E-05
9.9883E-05 9.9883E-05 9.9883E-05 9.9883E-05 9.9883E-05 0.0225342 9.9883E-05 9.9883E-05 9.9883E-05 9.9883E-05 9.9883E-05 9.9883E-05 0.0174527 9.9883E-05 0.958715 9.9883E-05
9.98742E-05 0.0184185 9.98742E-05 9.98742E-05 9.98742E-05 9.98742E-05 9.98742E-05 9.98742E-05 9.98742E-05 9.98742E-05 9.98742E-05 9.98742E-05 9.98742E-05 0.980183 9.98742E-05 9.98742E-05
9.98653E-05 9.98653E-05 9.98653E-05 9.98653E-05 9.98653E-05 9.98653E-05 9.98653E-05 9.98653E-05 9.98653E-05 9.98653E-05 9.98653E-05 9.98653E-05 9.98653E-05 0.998502 9.98653E-05 9.98653E-05
9.99009E-05 0.0433798 0.0573188 9.99009E-05 9.99009E-05 9.99009E-05 9.99009E-05 0.698908 9.99009E-05 9.99009E-05 9.99009E-05 0.0816045 9.99009E-05 9.99009E-05 0.11769 9.99009E-05
0.00273127 0.0384954 0.0852352 9.99099E-05 9.99099E-05 9.99099E-05 9.99099E-05 0.717925 9.99099E-05 9.99099E-05 9.99099E-05 0.0157197 9.99099E-05 9.99099E-05 0.138894 9.99099E-05
9.99011E-05 9.99011E-05 9.99011E-05 9.99011E-05 0.0071635 9.99011E-05 9.99011E-05 0.016355 0.0207598 9.99011E-05 9.99011E-05 9.99011E-05 9.99011E-05 0.93912 0.0155023 9.99011E-05
9.98653E-05 9.98653E-05 9.98653E-05 9.98653E-05 9.98653E-05 9.98653E-05 9.98653E-05 9.98653E-05 9.98653E-05 9.98653E-05 9.98653E-05 9.98653E-05 9.98653E-05 0.998502 9.98653E-05 9.98653E-05
9.98829E-05 0.930026 0.0440584 9.98829E-05 9.98829E-05 9.98829E-05 9.98829E-05 9.98829E-05 9.98829E-05 9.98829E-05 9.98829E-05 9.98829E-05 9.98829E-05 9.98829E-05 0.0246172 9.98829E-05
9.99279E-05 9.99279E-05 0.116499 0.138955 0.00837801 9.99279E-05 9.99279E-05 0.11426 9.99279E-05 0.0702031 0.0698222 0.0582817 9.99279E-05 9.99279E-05 0.422801 9.99279E-05
9.9892E-05 9.9892E-05 9.9892E-05 0.0448892 9.9892E-05 9.9892E-05 9.9892E-05 9.9892E-05 9.9892E-05 9.9892E-05 0.00915417 0.84695 0.0978076 9.9892E-05 9.9892E-05 9.9892E-05
9.9883E-05 9.9883E-05 9.9883E-05 9.9883E-05 0.0276205 9.9883E-05 9.9883E-05 9.9883E-05 9.9883E-05 9.9883E-05 0.97055 0.00053136 9.9883E-05 9.9883E-05 9.9883E-05 9.9883E-05
9.99011E-05 0.0069773 9.99011E-05 9.99011E-05 9.99011E-05 9.99011E-05 9.99011E-05 9.99011E-05 9.99011E-05 9.99011E-05 0.885799 9.99011E-05 9.99011E-05 0.0101164 0.0428187 0.0531895
9.9865E-05 9.9865E-05 9.9865E-05 9.9865E-05 9.9865E-05 0.998502 9.9865E-05 9.9865E-05 9.9865E-05 9.9865E-05 9.9865E-05 9.9865E-05 9.9865E-05 9.9865E-05 9.9865E-05 9.9865E-05
