9.99099E-05 0.956673 9.99099E-05 9.99099E-05 9.99099E-05 9.99099E-05 0.0101491 0.0321785 9.99099E-05 9.99099E-05 9.99099E-05 9.99099E-05 9.99099E-05
0.198965 0.0946289 0.0506744 9.99278E-05 9.99278E-05 9.99278E-05 0.003892 9.99278E-05 9.99278E-05 9.99278E-05 9.99278E-05 0.651041 9.99278E-05
9.9892E-05 9.9892E-05 9.9892E-05 9.9892E-05 9.9892E-05 9.9892E-05 9.9892E-05 9.9892E-05 9.9892E-05 0.998801 9.9892E-05 9.9892E-05 9.9892E-05
0.823758 9.9928E-05 9.9928E-05 0.0193733 9.9928E-05 9.9928E-05 0.00523693 9.9928E-05 9.9928E-05 0.00292618 9.9928E-05 9.9928E-05 0.147907
0.295839 0.00277203 9.99372E-05 9.99372E-05 9.99372E-05 0.185558 9.99372E-05 0.140424 9.99372E-05 0.0422342 9.99372E-05 0.332474 9.99372E-05
0.992403 9.9919E-05 9.9919E-05 9.9919E-05 0.00150175 9.9919E-05 0.000530644 9.9919E-05 9.9919E-05 0.00466509 9.9919E-05 9.9919E-05 9.9919E-05
9.99102E-05 9.99102E-05 9.99102E-05 9.99102E-05 9.99102E-05 0.107523 9.99102E-05 9.99102E-05 0.363589 9.99102E-05 9.99102E-05 0.527889 9.99102E-05
0.0386567 9.99549E-05 9.99549E-05 0.0579772 9.99549E-05 0.684528 0.0177174 0.0641856 9.99549E-05 0.0114264 9.99549E-05 0.102451 0.022558
9.99191E-05 9.99191E-05 9.99191E-05 9.99191E-05 9.99191E-05 0.0847092 9.99191E-05 0.0431689 0.252018 9.99191E-05 9.99191E-05 0.619205 9.99191E-05
9.99013E-05 9.99013E-05 9.99013E-05 9.99013E-05 9.99013E-05 0.0438836 9.99013E-05 0.955017 9.99013E-05 9.99013E-05 9.99013E-05 9.99013E-05 9.99013E-05
9.99013E-05 9.99013E-05 9.99013E-05 9.99013E-05 9.99013E-05 0.0232995 9.99013E-05 0.975602 9.99013E-05 9.99013E-05 9.99013E-05 9.99013E-05 9.99013E-05
9.9919E-05 0.66546 9.9919E-05 9.9919E-05 9.9919E-05 9.9919E-05 0.146372 9.9919E-05 0.170674 0.0165958 9.9919E-05 9.9919E-05 9.9919E-05
9.99101E-05 9.99101E-05 9.99101E-05 9.99101E-05 9.99101E-05 0.0114778 9.99101E-05 9.99101E-05 0.984174 9.99101E-05 9.99101E-05 9.99101E-05 0.00334909
0.965733 9.991E-05 9.991E-05 9.991E-05 9.991E-05 9.991E-05 9.991E-05 9.991E-05 0.0178595 9.991E-05 0.0154087 9.991E-05 9.991E-05
0.987168 9.99011E-05 9.99011E-05 9.99011E-05 9.99011E-05 9.99011E-05 9.99011E-05 9.99011E-05 9.99011E-05 9.99011E-05 0.011733 9.99011E-05 9.99011E-05
9.993E-05 0.0543206 0.000161373 9.993E-05 9.993E-05 9.993E-05 9.993E-05 0.515413 0.329375 9.993E-05 9.993E-05 0.0146137 0.0854162
9.99009E-05 9.99009E-05 0.930397 9.99009E-05 9.99009E-05 9.99009E-05 9.99009E-05 0.0685042 9.99009E-05 9.99009E-05 9.99009E-05 9.99009E-05 9.99009E-05
9.99368E-05 0.0820663 9.99368E-05 0.0112689 9.99368E-05 9.99368E-05 9.99368E-05 0.0985419 9.99368E-05 0.00858805 0.755049 0.043786 9.99368E-05
9.99101E-05 9.99101E-05 9.99101E-05 9.99101E-05 0.233298 9.99101E-05 0.0461709 9.99101E-05 9.99101E-05 9.99101E-05 0.719532 9.99101E-05 9.99101E-05
9.9928E-05 0.108936 0.0634803 9.9928E-05 9.9928E-05 9.9928E-05 0.0611282 0.755073 0.0105836 9.9928E-05 9.9928E-05 9.9928E-05 9.9928E-05
9.99011E-05 9.99011E-05 9.99011E-05 9.99011E-05 0.0522819 9.99011E-05 9.99011E-05 9.99011E-05 9.99011E-05 9.99011E-05 0.946619 9.99011E-05 9.99011E-05
9.99189E-05 0.558859 0.0235137 9.99189E-05 9.99189E-05 9.99189E-05 9.99189E-05 0.289908 0.12682 9.99189E-05 9.99189E-05 9.99189E-05 9.99189E-05
9.9946E-05 9.9946E-05 0.223138 0.0160244 9.9946E-05 0.0170805 0.17224 0.102296 9.9946E-05 9.9946E-05 0.451252 9.9946E-05 0.01737
9.9901E-05 9.9901E-05 9.9901E-05 9.9901E-05 9.9901E-05 9.9901E-05 9.9901E-05 0.0380565 9.9901E-05 9.9901E-05 0.960845 9.9901E-05 9.9901E-05
0.403015 9.99102E-05 9.99102E-05 9.99102E-05 9.99102E-05 9.99102E-05 9.99102E-05 9.99102E-05 9.99102E-05 0.0235187 9.99102E-05 9.99102E-05 0.572467
0.766157 9.99011E-05 9.99011E-05 9.99011E-05 9.99011E-05 9.99011E-05 9.99011E-05 9.99011E-05 9.99011E-05 9.99011E-05 9.99011E-05 9.99011E-05 0.232744
9.99278E-05 0.0572646 0.0655529 9.99278E-05 9.99278E-05 9.99278E-05 0.0526153 0.0379199 0.785848 9.99278E-05 9.99278E-05 9.99278E-05 9.99278E-05
0.0115568 9.99011E-05 9.99011E-05 9.99011E-05 9.99011E-05 9.99011E-05 9.99011E-05 9.99011E-05 9.99011E-05 9.99011E-05 9.99011E-05 9.99011E-05 0.987344
9.9901E-05 9.9901E-05 9.9901E-05 0.00938819 9.9901E-05 9.9901E-05 9.9901E-05 9.9901E-05 9.9901E-05 9.9901E-05 9.9901E-05 9.9901E-05 0.989513
0.430843 9.99371E-05 9.99371E-05 0.0883809 0.0387787 0.285757 0.025187 9.99371E-05 9.99371E-05 9.99371E-05 9.99371E-05 9.99371E-05 0.130354
0.329651 9.99369E-05 0.00536926 0.0534148 9.99369E-05 0.516445 0.0429562 9.99369E-05 9.99369E-05 9.99369E-05 9.99369E-05 9.99369E-05 0.0514636
9.98923E-05 9.98923E-05 9.98923E-05 9.98923E-05 9.98923E-05 9.98923E-05 9.98923E-05 9.98923E-05 9.98923E-05 9.98923E-05 9.98923E-05 0.998801 9.98923E-05
0.65958 9.99101E-05 9.99101E-05 9.99101E-05 9.99101E-05 0.106878 9.99101E-05 9.99101E-05 9.99101E-05 9.99101E-05 9.99101E-05 9.99101E-05 0.232544
0.0204435 0.0261572 9.99282E-05 0.705909 9.99282E-05 0.239735 9.99282E-05 9.99282E-05 9.99282E-05 9.99282E-05 9.99282E-05 9.99282E-05 0.00695606
9.99367E-05 0.0806714 0.26159 9.99367E-05 9.99367E-05 0.0389915 0.114497 0.0046962 0.498854 9.99367E-05 9.99367E-05 9.99367E-05 9.99367E-05
0.480987 9.99189E-05 9.99189E-05 9.99189E-05 9.99189E-05 0.0197941 9.99189E-05 9.99189E-05 9.99189E-05 9.99189E-05 9.99189E-05 0.000880779 0.497439
9.99011E-05 0.968442 9.99011E-05 9.99011E-05 9.99011E-05 0.0304594 9.99011E-05 9.99011E-05 9.99011E-05 9.99011E-05 9.99011E-05 9.99011E-05 9.99011E-05
0.0243714 0.0587574 9.99375E-05 9.99375E-05 0.0379532 0.000300108 9.99375E-05 0.678812 9.99375E-05 9.99375E-05 9.99375E-05 0.199106 9.99375E-05
0.00191049 9.991E-05 0.995643 9.991E-05 9.991E-05 0.00144762 9.991E-05 9.991E-05 9.991E-05 9.991E-05 9.991E-05 9.991E-05 9.991E-05
0.171486 0.275576 0.0525921 9.99188E-05 9.99188E-05 9.99188E-05 9.99188E-05 0.499447 9.99188E-05 9.99188E-05 9.99188E-05 9.99188E-05 9.99188E-05
0.105765 0.296955 0.00938092 9.99369E-05 9.99369E-05 9.99369E-05 0.00445818 0.558609 9.99369E-05 9.99369E-05 0.024132 9.99369E-05 9.99369E-05
9.9901E-05 9.9901E-05 0.0186115 9.9901E-05 9.9901E-05 9.9901E-05 9.9901E-05 0.98029 9.9901E-05 9.9901E-05 9.9901E-05 9.9901E-05 9.9901E-05
9.9919E-05 0.139892 9.9919E-05 9.9919E-05 9.9919E-05 9.9919E-05 9.9919E-05 0.460883 0.252947 9.9919E-05 9.9919E-05 0.145379 9.9919E-05
9.991E-05 9.991E-05 0.0690635 9.991E-05 9.991E-05 9.991E-05 0.00807725 0.92186 9.991E-05 9.991E-05 9.991E-05 9.991E-05 9.991E-05
9.99369E-05 0.0389395 9.99369E-05 9.99369E-05 9.99369E-05 9.99369E-05 0.0931198 0.514157 0.154537 9.99369E-05 0.155783 0.042764 9.99369E-05
0.0890295 0.115352 9.9937E-05 9.9937E-05 0.0757818 9.9937E-05 0.00567785 0.67024 0.0432194 9.9937E-05 9.9937E-05 9.9937E-05 9.9937E-05
0.0857864 0.173042 0.213259 0.0689818 0.0118478 9.9955E-05 0.0144954 0.228527 0.203561 9.9955E-05 9.9955E-05 9.9955E-05 9.9955E-05
9.99017E-05 0.983476 9.99017E-05 9.99017E-05 0.0154254 9.99017E-05 9.99017E-05 9.99017E-05 9.99017E-05 9.99017E-05 9.99017E-05 9.99017E-05 9.99017E-05
9.98921E-05 9.98921E-05 9.98921E-05 0.998801 9.98921E-05 9.98921E-05 9.98921E-05 9.98921E-05 9.98921E-05 9.98921E-05 9.98921E-05 9.98921E-05 9.98921E-05
9.99101E-05 9.99101E-05 9.99101E-05 0.997953 0.000742431 9.99101E-05 9.99101E-05 9.99101E-05 9.99101E-05 9.99101E-05 0.000305828 9.99101E-05 9.99101E-05
9.99191E-05 9.99191E-05 9.99191E-05 0.986678 9.99191E-05 9.99191E-05 0.0098479 0.000170704 0.00240379 9.99191E-05 9.99191E-05 9.99191E-05 9.99191E-05
9.98922E-05 9.98922E-05 9.98922E-05 0.998801 9.98922E-05 9.98922E-05 9.98922E-05 9.98922E-05 9.98922E-05 9.98922E-05 9.98922E-05 9.98922E-05 9.98922E-05
9.98921E-05 9.98921E-05 9.98921E-05 0.998801 9.98921E-05 9.98921E-05 9.98921E-05 9.98921E-05 9.98921E-05 9.98921E-05 9.98921E-05 9.98921E-05 9.98921E-05
9.99461E-05 9.99461E-05 9.99461E-05 0.40125 9.99461E-05 0.299462 9.99461E-05 0.103787 0.0117298 0.088853 0.0459171 0.048401 9.99461E-05
9.99101E-05 9.99101E-05 0.00902111 0.947658 9.99101E-05 9.99101E-05 9.99101E-05 9.99101E-05 9.99101E-05 9.99101E-05 9.99101E-05 0.0423218 9.99101E-05
9.99099E-05 0.887542 9.99099E-05 9.99099E-05 9.99099E-05 9.99099E-05 9.99099E-05 0.00520605 0.106253 9.99099E-05 9.99099E-05 9.99099E-05 9.99099E-05
9.99098E-05 9.99098E-05 9.99098E-05 0.0326863 9.99098E-05 9.99098E-05 9.99098E-05 9.99098E-05 9.99098E-05 9.99098E-05 9.99098E-05 0.937495 0.0288196
0.62668 9.99009E-05 9.99009E-05 9.99009E-05 9.99009E-05 9.99009E-05 9.99009E-05 9.99009E-05 9.99009E-05 9.99009E-05 9.99009E-05 9.99009E-05 0.372221
9.9919E-05 0.0880058 9.9919E-05 0.0260263 9.9919E-05 9.9919E-05 0.0453244 9.9919E-05 0.839744 9.9919E-05 9.9919E-05 9.9919E-05 9.9919E-05
9.99191E-05 0.1413 9.99191E-05 9.99191E-05 9.99191E-05 9.99191E-05 9.99191E-05 0.422903 0.307763 9.99191E-05 9.99191E-05 9.99191E-05 0.127134
9.99013E-05 9.99013E-05 9.99013E-05 9.99013E-05 9.99013E-05 9.99013E-05 9.99013E-05 9.99013E-05 0.985051 0.01385 9.99013E-05 9.99013E-05 9.99013E-05
0.0118426 9.99188E-05 9.99188E-05 9.99188E-05 9.99188E-05 9.99188E-05 9.99188E-05 0.113918 0.853037 0.0203028 9.99188E-05 9.99188E-05 9.99188E-05
9.99278E-05 9.99278E-05 0.0389478 9.99278E-05 9.99278E-05 9.99278E-05 0.082465 0.0505787 0.819995 9.99278E-05 0.00721412 9.99278E-05 9.99278E-05
9.98919E-05 9.98919E-05 9.98919E-05 9.98919E-05 0.998801 9.98919E-05 9.98919E-05 9.98919E-05 9.98919E-05 9.98919E-05 9.98919E-05 9.98919E-05 9.98919E-05
0.293133 9.99103E-05 9.99103E-05 9.99103E-05 9.99103E-05 9.99103E-05 9.99103E-05 9.99103E-05 9.99103E-05 0.0146688 9.99103E-05 9.99103E-05 0.691199
0.199905 0.0141966 0.0409838 0.0184821 9.9991E-05 0.0400155 0.149577 0.064292 0.0851885 0.00152565 0.0571444 0.304205 0.0243852
0.725717 9.99192E-05 9.99192E-05 9.99192E-05 9.99192E-05 9.99192E-05 9.99192E-05 9.99192E-05 0.00141292 0.14885 9.99192E-05 9.99192E-05 0.123121
0.803213 9.9928E-05 0.028991 0.0247031 9.9928E-05 0.0145309 9.9928E-05 9.9928E-05 9.9928E-05 9.9928E-05 9.9928E-05 9.9928E-05 0.127762
9.98921E-05 9.98921E-05 9.98921E-05 9.98921E-05 9.98921E-05 9.98921E-05 9.98921E-05 9.98921E-05 9.98921E-05 9.98921E-05 9.98921E-05 9.98921E-05 0.998801
9.9919E-05 0.000182018 9.9919E-05 9.9919E-05 0.0109727 9.9919E-05 9.9919E-05 9.9919E-05 9.9919E-05 9.9919E-05 0.00666808 9.9919E-05 0.981278
0.742298 0.0118493 9.99282E-05 9.99282E-05 9.99282E-05 0.152091 0.00558027 9.99282E-05 9.99282E-05 9.99282E-05 9.99282E-05 9.99282E-05 0.0873821
0.536851 9.991E-05 0.0184572 9.991E-05 9.991E-05 9.991E-05 9.991E-05 9.991E-05 9.991E-05 9.991E-05 9.991E-05 9.991E-05 0.443692
9.9892E-05 9.9892E-05 9.9892E-05 9.9892E-05 9.9892E-05 0.998801 9.9892E-05 9.9892E-05 9.9892E-05 9.9892E-05 9.9892E-05 9.9892E-05 9.9892E-05
9.99009E-05 9.99009E-05 9.99009E-05 9.99009E-05 9.99009E-05 0.926139 9.99009E-05 9.99009E-05 0.0727617 9.99009E-05 9.99009E-05 9.99009E-05 9.99009E-05
0.814089 9.99281E-05 9.99281E-05 0.0199026 9.99281E-05 9.99281E-05 9.99281E-05 9.99281E-05 0.00248133 0.0188813 9.99281E-05 9.99281E-05 0.143846
9.9946E-05 0.0713682 0.0727093 0.00493855 9.9946E-05 9.9946E-05 9.9946E-05 0.55443 0.0759472 9.9946E-05 9.9946E-05 0.117025 0.102982
9.9937E-05 0.039752 9.9937E-05 9.9937E-05 9.9937E-05 9.9937E-05 0.000487376 0.659047 0.0684543 9.9937E-05 9.9937E-05 0.0791853 0.152375
9.98921E-05 9.98921E-05 9.98921E-05 9.98921E-05 9.98921E-05 9.98921E-05 0.998801 9.98921E-05 9.98921E-05 9.98921E-05 9.98921E-05 9.98921E-05 9.98921E-05
9.98922E-05 9.98922E-05 9.98922E-05 9.98922E-05 9.98922E-05 9.98922E-05 0.998801 9.98922E-05 9.98922E-05 9.98922E-05 9.98922E-05 9.98922E-05 9.98922E-05
0.00971661 0.0214786 9.9919E-05 9.9919E-05 9.9919E-05 9.9919E-05 9.9919E-05 0.95612 9.9919E-05 9.9919E-05 9.9919E-05 9.9919E-05 0.0117852
9.9919E-05 9.9919E-05 9.9919E-05 0.00374277 0.00681389 9.9919E-05 9.9919E-05 0.959801 0.0287427 9.9919E-05 9.9919E-05 9.9919E-05 9.9919E-05
9.99101E-05 9.99101E-05 0.0107549 9.99101E-05 9.99101E-05 0.00228241 0.985964 9.99101E-05 9.99101E-05 9.99101E-05 9.99101E-05 9.99101E-05 9.99101E-05
9.98921E-05 9.98921E-05 9.98921E-05 9.98921E-05 9.98921E-05 9.98921E-05 0.998801 9.98921E-05 9.98921E-05 9.98921E-05 9.98921E-05 9.98921E-05 9.98921E-05
9.99099E-05 0.953722 9.99099E-05 0.000981361 9.99099E-05 9.99099E-05 9.99099E-05 9.99099E-05 0.0442979 9.99099E-05 9.99099E-05 9.99099E-05 9.99099E-05
9.99369E-05 0.0729927 9.99369E-05 9.99369E-05 0.033021 9.99369E-05 9.99369E-05 0.470934 0.272281 9.99369E-05 0.0302038 0.119868 9.99369E-05
9.99008E-05 9.99008E-05 9.99008E-05 0.0806688 9.99008E-05 9.99008E-05 9.99008E-05 9.99008E-05 9.99008E-05 9.99008E-05 9.99008E-05 0.918232 9.99008E-05
0.0895508 9.99462E-05 0.11755 0.00372354 9.99462E-05 9.99462E-05 0.155296 0.179999 0.319398 9.99462E-05 0.133883 9.99462E-05 9.99462E-05
9.99282E-05 0.202217 0.229592 9.99282E-05 9.99282E-05 9.99282E-05 0.197673 9.99282E-05 0.296596 9.99282E-05 0.0731223 9.99282E-05 9.99282E-05
0.0665877 9.99371E-05 9.99371E-05 0.0400124 9.99371E-05 0.546715 0.0541937 9.99371E-05 9.99371E-05 9.99371E-05 0.00980453 9.99371E-05 0.281988
