9.99099E-05 9.99099E-05 9.99099E-05 0.931966 9.99099E-05 9.99099E-05 0.0556798 9.99099E-05 9.99099E-05 0.0113552 9.99099E-05 9.99099E-05 9.99099E-05
9.99279E-05 9.99279E-05 9.99279E-05 0.0203385 0.731142 9.99279E-05 9.99279E-05 0.0089092 9.99279E-05 9.99279E-05 0.101202 9.99279E-05 0.137609
0.0890098 0.015514 0.0111621 9.99464E-05 9.99464E-05 0.00545056 9.99464E-05 9.99464E-05 0.0841355 9.99464E-05 9.99464E-05 0.0889922 0.705136
0.0181327 9.9919E-05 0.00744363 9.9919E-05 9.9919E-05 9.9919E-05 9.9919E-05 9.9919E-05 9.9919E-05 0.026373 9.9919E-05 9.9919E-05 0.947151
0.0549749 9.99461E-05 0.0649686 9.99461E-05 0.129765 9.99461E-05 0.0789629 9.99461E-05 0.225924 9.99461E-05 0.0724736 9.99461E-05 0.372332
9.9892E-05 9.9892E-05 9.9892E-05 9.9892E-05 9.9892E-05 9.9892E-05 9.9892E-05 9.9892E-05 9.9892E-05 9.9892E-05 9.9892E-05 9.9892E-05 0.998801
9.98919E-05 9.98919E-05 9.98919E-05 9.98919E-05 9.98919E-05 9.98919E-05 9.98919E-05 9.98919E-05 0.998801 9.98919E-05 9.98919E-05 9.98919E-05 9.98919E-05
0.472898 9.9946E-05 0.190712 9.9946E-05 0.0970751 9.9946E-05 0.0796274 9.9946E-05 0.136454 0.000833016 0.0218013 9.9946E-05 9.9946E-05
9.99099E-05 9.99099E-05 9.99099E-05 9.99099E-05 0.044023 9.99099E-05 9.99099E-05 0.00749508 0.947483 9.99099E-05 9.99099E-05 9.99099E-05 9.99099E-05
9.99011E-05 9.99011E-05 9.99011E-05 9.99011E-05 9.99011E-05 9.99011E-05 0.878857 9.99011E-05 0.120045 9.99011E-05 9.99011E-05 9.99011E-05 9.99011E-05
9.9901E-05 9.9901E-05 9.9901E-05 9.9901E-05 9.9901E-05 9.9901E-05 0.859885 9.9901E-05 0.139016 9.9901E-05 9.9901E-05 9.9901E-05 9.9901E-05
0.0352454 9.9928E-05 9.9928E-05 0.679063 9.9928E-05 9.9928E-05 9.9928E-05 9.9928E-05 9.9928E-05 0.107696 9.9928E-05 0.173185 0.00401053
0.00976186 9.99102E-05 9.99102E-05 9.99102E-05 9.99102E-05 9.99102E-05 9.99102E-05 9.99102E-05 0.0335428 9.99102E-05 9.99102E-05 0.955696 9.99102E-05
9.9919E-05 0.0141461 9.9919E-05 9.9919E-05 0.000870951 9.9919E-05 9.9919E-05 9.9919E-05 9.9919E-05 9.9919E-05 9.9919E-05 0.00511199 0.978972
9.991E-05 0.00479401 9.991E-05 0.0273745 9.991E-05 9.991E-05 9.991E-05 9.991E-05 9.991E-05 9.991E-05 9.991E-05 9.991E-05 0.966832
9.9928E-05 9.9928E-05 0.00185555 9.9928E-05 9.9928E-05 9.9928E-05 0.0170694 0.829898 9.9928E-05 9.9928E-05 0.0131335 0.137244 9.9928E-05
9.99099E-05 9.99099E-05 9.99099E-05 9.99099E-05 9.99099E-05 9.99099E-05 0.0597 0.0227993 9.99099E-05 9.99099E-05 0.916502 9.99099E-05 9.99099E-05
9.99279E-05 0.754355 9.99279E-05 9.99279E-05 0.023326 9.99279E-05 0.115808 0.0739672 9.99279E-05 9.99279E-05 0.0317444 9.99279E-05 9.99279E-05
9.98921E-05 9.98921E-05 9.98921E-05 9.98921E-05 9.98921E-05 0.998801 9.98921E-05 9.98921E-05 9.98921E-05 9.98921E-05 9.98921E-05 9.98921E-05 9.98921E-05
9.9928E-05 9.9928E-05 9.9928E-05 0.135255 9.9928E-05 9.9928E-05 0.473577 0.305134 9.9928E-05 0.0465814 0.0386531 9.9928E-05 9.9928E-05
9.99009E-05 0.891752 9.99009E-05 9.99009E-05 9.99009E-05 0.107149 9.99009E-05 9.99009E-05 9.99009E-05 9.99009E-05 9.99009E-05 9.99009E-05 9.99009E-05
9.9937E-05 9.9937E-05 9.9937E-05 0.50026 0.01695 9.9937E-05 0.110069 0.308806 9.9937E-05 9.9937E-05 0.0291175 0.0340978 9.9937E-05
0.0241838 9.9937E-05 0.0119667 9.9937E-05 9.9937E-05 0.478808 0.175519 9.9937E-05 9.9937E-05 0.0670779 0.241746 9.9937E-05 9.9937E-05
9.98919E-05 9.98919E-05 9.98919E-05 9.98919E-05 9.98919E-05 0.998801 9.98919E-05 9.98919E-05 9.98919E-05 9.98919E-05 9.98919E-05 9.98919E-05 9.98919E-05
0.562471 9.99011E-05 9.99011E-05 9.99011E-05 9.99011E-05 9.99011E-05 9.99011E-05 9.99011E-05 9.99011E-05 9.99011E-05 9.99011E-05 9.99011E-05 0.43643
0.121404 9.99101E-05 9.99101E-05 9.99101E-05 0.0110122 9.99101E-05 9.99101E-05 9.99101E-05 9.99101E-05 9.99101E-05 9.99101E-05 9.99101E-05 0.866585
9.99368E-05 9.99368E-05 9.99368E-05 0.0784443 9.99368E-05 9.99368E-05 0.058473 0.0138804 9.99368E-05 0.0397341 0.0309813 0.777787 9.99368E-05
0.98777 9.99009E-05 9.99009E-05 9.99009E-05 9.99009E-05 9.99009E-05 9.99009E-05 9.99009E-05 9.99009E-05 9.99009E-05 9.99009E-05 9.99009E-05 0.0111312
0.990385 9.9901E-05 9.9901E-05 9.9901E-05 9.9901E-05 9.9901E-05 9.9901E-05 0.00851596 9.9901E-05 9.9901E-05 9.9901E-05 9.9901E-05 9.9901E-05
0.43983 0.0401678 0.197933 0.00215952 0.0221942 9.99461E-05 9.99461E-05 9.99461E-05 9.99461E-05 9.99461E-05 9.99461E-05 0.0370604 0.260055
0.654419 9.9946E-05 0.119584 9.9946E-05 0.0114969 9.9946E-05 0.0303243 9.9946E-05 0.0113484 9.9946E-05 0.076011 9.9946E-05 0.0962167
9.98923E-05 9.98923E-05 9.98923E-05 9.98923E-05 0.998801 9.98923E-05 9.98923E-05 9.98923E-05 9.98923E-05 9.98923E-05 9.98923E-05 9.98923E-05 9.98923E-05
0.535741 9.99191E-05 9.99191E-05 9.99191E-05 9.99191E-05 9.99191E-05 9.99191E-05 0.0073499 9.99191E-05 9.99191E-05 0.00271678 9.99191E-05 0.453293
0.151001 9.99282E-05 0.764675 9.99282E-05 9.99282E-05 9.99282E-05 0.022576 9.99282E-05 0.049117 9.99282E-05 0.0118318 9.99282E-05 9.99282E-05
0.0504784 9.99368E-05 9.99368E-05 0.00984016 9.99368E-05 9.99368E-05 0.033425 9.99368E-05 9.99368E-05 0.0751804 0.285517 0.544859 9.99368E-05
0.654592 9.99098E-05 9.99098E-05 9.99098E-05 9.99098E-05 9.99098E-05 9.99098E-05 9.99098E-05 9.99098E-05 9.99098E-05 0.0113456 9.99098E-05 0.333063
9.99101E-05 9.99101E-05 9.99101E-05 0.966344 9.99101E-05 9.99101E-05 9.99101E-05 9.99101E-05 9.99101E-05 9.99101E-05 0.0176026 9.99101E-05 0.0150545
9.9928E-05 0.00120541 9.9928E-05 0.090257 0.21622 9.9928E-05 0.669354 9.9928E-05 9.9928E-05 9.9928E-05 0.0221645 9.9928E-05 9.9928E-05
9.98919E-05 9.98919E-05 9.98919E-05 9.98919E-05 9.98919E-05 9.98919E-05 9.98919E-05 9.98919E-05 9.98919E-05 9.98919E-05 0.998801 9.98919E-05 9.98919E-05
9.99278E-05 9.99278E-05 9.99278E-05 0.181819 9.99278E-05 9.99278E-05 0.234084 0.353721 9.99278E-05 9.99278E-05 0.122789 9.99278E-05 0.106788
9.99459E-05 0.00872802 9.99459E-05 0.243438 0.00599362 9.99459E-05 0.271876 0.320615 9.99459E-05 9.99459E-05 0.0950289 9.99459E-05 0.0537206
9.99189E-05 9.99189E-05 9.99189E-05 0.076154 9.99189E-05 9.99189E-05 0.881596 0.0230084 9.99189E-05 9.99189E-05 0.0183428 9.99189E-05 9.99189E-05
9.9937E-05 9.9937E-05 9.9937E-05 0.0108199 9.9937E-05 0.0141095 0.00916476 0.874795 0.0731987 9.9937E-05 9.9937E-05 0.0172125 9.9937E-05
9.9928E-05 9.9928E-05 0.00204056 0.0115703 9.9928E-05 9.9928E-05 0.928378 9.9928E-05 9.9928E-05 9.9928E-05 0.0187664 0.0384457 9.9928E-05
9.99459E-05 9.99459E-05 9.99459E-05 0.0449744 0.0400735 0.174776 0.423114 0.10629 9.99459E-05 0.0574923 9.99459E-05 0.15268 9.99459E-05
9.99461E-05 0.0267933 9.99461E-05 0.123452 0.00562295 9.99461E-05 0.564481 0.142913 9.99461E-05 9.99461E-05 9.99461E-05 0.0387871 0.0973508
9.995E-05 9.995E-05 0.0203347 0.201299 9.995E-05 9.995E-05 0.246031 9.995E-05 0.0262674 0.0128369 0.234977 0.148158 0.109596
9.99017E-05 0.0246511 9.99017E-05 0.97425 9.99017E-05 9.99017E-05 9.99017E-05 9.99017E-05 9.99017E-05 9.99017E-05 9.99017E-05 9.99017E-05 9.99017E-05
9.99011E-05 9.99011E-05 0.998181 9.99011E-05 9.99011E-05 9.99011E-05 9.99011E-05 9.99011E-05 9.99011E-05 9.99011E-05 9.99011E-05 9.99011E-05 0.000720321
9.98921E-05 9.98921E-05 0.998801 9.98921E-05 9.98921E-05 9.98921E-05 9.98921E-05 9.98921E-05 9.98921E-05 9.98921E-05 9.98921E-05 9.98921E-05 9.98921E-05
9.99101E-05 9.99101E-05 0.991482 9.99101E-05 9.99101E-05 9.99101E-05 0.00281094 9.99101E-05 9.99101E-05 0.00470763 9.99101E-05 9.99101E-05 9.99101E-05
9.98921E-05 9.98921E-05 0.998801 9.98921E-05 9.98921E-05 9.98921E-05 9.98921E-05 9.98921E-05 9.98921E-05 9.98921E-05 9.98921E-05 9.98921E-05 9.98921E-05
9.9892E-05 9.9892E-05 0.998801 9.9892E-05 9.9892E-05 9.9892E-05 9.9892E-05 9.9892E-05 9.9892E-05 9.9892E-05 9.9892E-05 9.9892E-05 9.9892E-05
0.245381 9.99462E-05 0.495641 9.99462E-05 0.0604471 0.0470197 0.0331706 0.00300095 0.11474 9.99462E-05 9.99462E-05 9.99462E-05 9.99462E-05
9.991E-05 9.991E-05 0.899307 9.991E-05 0.0663512 9.991E-05 9.991E-05 0.033343 9.991E-05 9.991E-05 9.991E-05 9.991E-05 9.991E-05
9.99009E-05 9.99009E-05 9.99009E-05 0.845555 9.99009E-05 9.99009E-05 9.99009E-05 0.153346 9.99009E-05 9.99009E-05 9.99009E-05 9.99009E-05 9.99009E-05
9.99189E-05 9.99189E-05 0.0209824 9.99189E-05 0.92505 9.99189E-05 9.99189E-05 9.99189E-05 0.0433356 0.00973314 9.99189E-05 9.99189E-05 9.99189E-05
0.488232 9.99098E-05 9.99098E-05 9.99098E-05 9.99098E-05 9.99098E-05 9.99098E-05 9.99098E-05 9.99098E-05 9.99098E-05 0.00399644 9.99098E-05 0.506773
9.99191E-05 9.99191E-05 9.99191E-05 0.0191398 9.99191E-05 9.99191E-05 9.99191E-05 0.132658 9.99191E-05 0.0208166 9.99191E-05 0.826487 9.99191E-05
9.99013E-05 9.99013E-05 9.99013E-05 9.99013E-05 9.99013E-05 9.99013E-05 9.99013E-05 0.912835 9.99013E-05 9.99013E-05 9.99013E-05 0.0860662 9.99013E-05
9.99012E-05 9.99012E-05 9.99012E-05 9.99012E-05 9.99012E-05 9.99012E-05 9.99012E-05 9.99012E-05 0.0560883 9.99012E-05 9.99012E-05 0.942813 9.99012E-05
9.99099E-05 9.99099E-05 9.99099E-05 9.99099E-05 0.0354653 9.99099E-05 0.0810269 9.99099E-05 9.99099E-05 9.99099E-05 9.99099E-05 0.882509 9.99099E-05
9.99099E-05 9.99099E-05 9.99099E-05 9.99099E-05 9.99099E-05 9.99099E-05 0.120959 9.99099E-05 9.99099E-05 0.0380536 9.99099E-05 0.839989 9.99099E-05
9.98922E-05 0.998801 9.98922E-05 9.98922E-05 9.98922E-05 9.98922E-05 9.98922E-05 9.98922E-05 9.98922E-05 9.98922E-05 9.98922E-05 9.98922E-05 9.98922E-05
0.639857 9.99013E-05 9.99013E-05 9.99013E-05 9.99013E-05 9.99013E-05 9.99013E-05 9.99013E-05 9.99013E-05 9.99013E-05 9.99013E-05 9.99013E-05 0.359044
0.137595 0.0361674 0.0605769 0.043534 0.0800195 0.0410734 0.0722646 0.103225 0.0602053 0.0543556 9.9991E-05 0.155967 0.154916
9.99103E-05 9.99103E-05 0.0161958 9.99103E-05 9.99103E-05 9.99103E-05 9.99103E-05 9.99103E-05 0.0347443 9.99103E-05 9.99103E-05 9.99103E-05 0.948061
0.26596 9.99189E-05 9.99189E-05 9.99189E-05 9.99189E-05 9.99189E-05 9.99189E-05 9.99189E-05 0.00972301 9.99189E-05 0.0497329 9.99189E-05 0.673685
0.974169 9.99009E-05 9.99009E-05 9.99009E-05 9.99009E-05 9.99009E-05 9.99009E-05 0.0247326 9.99009E-05 9.99009E-05 9.99009E-05 9.99009E-05 9.99009E-05
0.981741 9.99009E-05 9.99009E-05 0.0171602 9.99009E-05 9.99009E-05 9.99009E-05 9.99009E-05 9.99009E-05 9.99009E-05 9.99009E-05 9.99009E-05 9.99009E-05
0.37932 9.99101E-05 9.99101E-05 9.99101E-05 9.99101E-05 9.99101E-05 0.059212 9.99101E-05 9.99101E-05 9.99101E-05 9.99101E-05 9.99101E-05 0.560469
0.464743 9.99098E-05 9.99098E-05 9.99098E-05 9.99098E-05 9.99098E-05 9.99098E-05 9.99098E-05 9.99098E-05 9.99098E-05 0.0250826 9.99098E-05 0.509175
0.58731 9.99194E-05 0.200821 9.99194E-05 9.99194E-05 9.99194E-05 9.99194E-05 9.99194E-05 0.175892 9.99194E-05 0.0350785 9.99194E-05 9.99194E-05
0.620283 9.99104E-05 0.0487625 9.99104E-05 9.99104E-05 9.99104E-05 9.99104E-05 9.99104E-05 0.329956 9.99104E-05 9.99104E-05 9.99104E-05 9.99104E-05
9.99191E-05 9.99191E-05 0.0496425 9.99191E-05 9.99191E-05 9.99191E-05 9.99191E-05 0.00737331 9.99191E-05 0.00148068 9.99191E-05 9.99191E-05 0.940604
0.0154066 9.9901E-05 9.9901E-05 9.9901E-05 9.9901E-05 9.9901E-05 9.9901E-05 0.983494 9.9901E-05 9.9901E-05 9.9901E-05 9.9901E-05 9.9901E-05
9.99009E-05 9.99009E-05 0.00854569 9.99009E-05 9.99009E-05 9.99009E-05 9.99009E-05 0.990355 9.99009E-05 9.99009E-05 9.99009E-05 9.99009E-05 9.99009E-05
9.99011E-05 9.99011E-05 9.99011E-05 0.00449326 9.99011E-05 9.99011E-05 9.99011E-05 9.99011E-05 9.99011E-05 0.994408 9.99011E-05 9.99011E-05 9.99011E-05
9.98922E-05 9.98922E-05 9.98922E-05 9.98922E-05 9.98922E-05 9.98922E-05 9.98922E-05 9.98922E-05 9.98922E-05 0.998801 9.98922E-05 9.98922E-05 9.98922E-05
9.99189E-05 9.99189E-05 9.99189E-05 9.99189E-05 0.0821559 9.99189E-05 0.842366 0.0638127 9.99189E-05 9.99189E-05 9.99189E-05 0.0107664 9.99189E-05
9.99279E-05 9.99279E-05 9.99279E-05 0.00442213 0.0451987 9.99279E-05 0.808175 0.111182 9.99279E-05 9.99279E-05 9.99279E-05 0.0302233 9.99279E-05
9.99281E-05 9.99281E-05 9.99281E-05 9.99281E-05 0.0022043 9.99281E-05 0.0095064 9.99281E-05 0.00244108 0.972176 0.0128727 9.99281E-05 9.99281E-05
9.98922E-05 9.98922E-05 9.98922E-05 9.98922E-05 9.98922E-05 9.98922E-05 9.98922E-05 9.98922E-05 9.98922E-05 0.998801 9.98922E-05 9.98922E-05 9.98922E-05
9.99189E-05 9.99189E-05 0.0184601 0.955145 9.99189E-05 9.99189E-05 9.99189E-05 0.00973757 9.99189E-05 9.99189E-05 9.99189E-05 0.0157581 9.99189E-05
9.9946E-05 0.00358798 9.9946E-05 9.9946E-05 0.013795 0.0584115 0.150832 0.56783 0.0958705 9.9946E-05 9.9946E-05 0.109074 9.9946E-05
9.991E-05 9.991E-05 0.0585832 9.991E-05 0.884391 9.991E-05 9.991E-05 9.991E-05 0.0560263 9.991E-05 9.991E-05 9.991E-05 9.991E-05
9.99371E-05 9.99371E-05 9.99371E-05 9.99371E-05 9.99371E-05 0.147939 0.207306 9.99371E-05 9.99371E-05 0.109439 0.163222 0.293935 0.0774607
9.99282E-05 9.99282E-05 9.99282E-05 0.125168 9.99282E-05 0.0848239 9.99282E-05 9.99282E-05 9.99282E-05 0.169769 0.292214 0.327225 9.99282E-05
0.772631 0.0683566 0.13099 9.99283E-05 9.99283E-05 9.99283E-05 9.99283E-05 9.99283E-05 0.0148825 0.0123404 9.99283E-05 9.99283E-05 9.99283E-05
