9.9991E-05 0.0513066 0.948593
0.282606 0.376569 0.340825
0.814523 0.0546215 0.130856
0.9998 9.999E-05 9.999E-05
0.451869 0.274397 0.273735
0.9998 9.999E-05 9.999E-05
0.0161659 0.47712 0.506714
0.388084 0.534371 0.0775451
0.00468355 0.540323 0.454993
9.9991E-05 0.174079 0.825821
9.9991E-05 0.188395 0.811505
0.0941887 9.9991E-05 0.905711
0.106459 9.9991E-05 0.893441
0.984075 9.9991E-05 0.0158252
0.994592 9.9991E-05 0.00530843
0.0249891 0.123314 0.851697
0.0325258 9.9991E-05 0.967374
9.99911E-05 0.0555403 0.94436
9.999E-05 9.999E-05 0.9998
9.9991E-05 0.0647046 0.935195
9.999E-05 9.999E-05 0.9998
0.00874267 0.0511099 0.940147
0.0458867 0.0179902 0.936123
9.999E-05 9.999E-05 0.9998
0.9998 9.999E-05 9.999E-05
0.9998 9.999E-05 9.999E-05
9.9991E-05 0.0100564 0.989844
0.955176 0.0447242 9.9991E-05
0.900824 0.0990757 9.9991E-05
0.666079 0.327078 0.00684213
0.683204 0.316696 9.9991E-05
0.0534315 0.717022 0.229546
0.9998 9.999E-05 9.999E-05
0.0895139 0.910386 9.9991E-05
0.118361 9.9991E-05 0.881539
0.976914 9.9991E-05 0.0229864
0.112537 9.9991E-05 0.887363
0.0489042 0.246705 0.70439
0.207951 9.9991E-05 0.791949
0.169847 9.9991E-05 0.830053
0.0540902 0.108382 0.837527
9.99909E-05 0.0687852 0.931115
9.9991E-05 0.153077 0.846823
9.9991E-05 0.121748 0.878152
9.9991E-05 0.0557194 0.944181
0.0833314 0.113805 0.802864
0.127812 0.0821544 0.790034
9.99911E-05 0.0639676 0.935932
9.999E-05 0.9998 9.999E-05
9.999E-05 0.9998 9.999E-05
9.999E-05 0.9998 9.999E-05
9.999E-05 0.9998 9.999E-05
9.999E-05 0.9998 9.999E-05
0.258011 0.647405 0.0945836
9.999E-05 0.9998 9.999E-05
9.9991E-05 0.0552964 0.944604
0.0539202 0.689184 0.256896
0.9998 9.999E-05 9.999E-05
0.0286247 0.01818 0.953195
0.0856904 0.0727144 0.841595
0.0209273 9.9991E-05 0.978973
0.0461179 9.9991E-05 0.953782
9.999E-05 9.999E-05 0.9998
9.999E-05 9.999E-05 0.9998
0.9998 9.999E-05 9.999E-05
0.315902 0.155184 0.528914
0.983001 0.0168991 9.9991E-05
0.995779 0.00412055 9.9991E-05
0.910811 0.0890886 9.9991E-05
0.940113 0.0597872 9.9991E-05
0.925796 0.0133392 0.0608647
0.9998 9.999E-05 9.999E-05
0.422996 0.576904 9.99911E-05
0.511026 0.457804 0.0311693
0.985538 0.0143615 9.9991E-05
0.0944856 0.153079 0.752436
0.0618193 0.186949 0.751232
0.122437 9.9991E-05 0.877463
0.129098 9.9991E-05 0.870802
9.99909E-05 0.157457 0.842443
9.99909E-05 0.155955 0.843945
0.0957085 0.0114847 0.892807
0.129029 9.9991E-05 0.870871
9.9991E-05 0.0956055 0.904294
9.9991E-05 0.103112 0.896788
0.056233 0.737017 0.20675
0.0979056 9.9991E-05 0.901994
0.0310075 9.9991E-05 0.968893
0.649383 0.337594 0.013023
