9.998E-05 9.998E-05 0.9997 9.998E-05
0.300191 9.9991E-05 0.391213 0.308497
0.823432 0.0243035 0.0968946 0.0553696
0.972615 9.9982E-05 9.9982E-05 0.0271853
0.440442 9.9991E-05 0.23413 0.325328
0.99175 0.00482012 0.00333011 9.9991E-05
0.0294839 9.99911E-05 0.556423 0.413993
0.392685 9.9991E-05 0.100992 0.506223
0.0177271 9.9991E-05 0.519116 0.463056
9.998E-05 9.998E-05 0.853075 0.146725
9.9982E-05 9.9982E-05 0.842685 0.157115
0.100008 9.9982E-05 0.899792 9.9982E-05
0.0431742 9.99821E-05 0.956626 9.99821E-05
0.97042 0.0251476 0.00433203 9.9991E-05
0.977867 0.0125537 0.00947935 9.9991E-05
0.00929937 9.9991E-05 0.914097 0.0765037
0.0346391 0.166775 0.798486 9.9991E-05
9.9991E-05 0.726727 0.187213 0.0859603
9.998E-05 0.9997 9.998E-05 9.998E-05
9.998E-05 9.998E-05 0.9639 0.0358997
9.998E-05 0.9997 9.998E-05 9.998E-05
0.00186524 9.9991E-05 0.976896 0.0211389
0.0553149 0.559508 0.317842 0.0673352
9.998E-05 0.9997 9.998E-05 9.998E-05
0.9997 9.998E-05 9.998E-05 9.998E-05
0.9997 9.998E-05 9.998E-05 9.998E-05
9.998E-05 9.998E-05 0.9997 9.998E-05
0.94084 9.9982E-05 9.9982E-05 0.0589599
0.909712 9.9982E-05 9.9982E-05 0.0900877
0.676535 0.0484601 9.999E-05 0.274905
0.640255 0.0137348 9.9991E-05 0.34591
0.125375 9.9991E-05 0.21823 0.656296
0.9997 9.998E-05 9.998E-05 9.998E-05
0.0736553 9.9982E-05 9.9982E-05 0.926145
0.0945703 9.9982E-05 0.90523 9.9982E-05
0.986269 9.9982E-05 0.0135313 9.9982E-05
0.0649724 9.99821E-05 0.934828 9.99821E-05
0.0247004 0.00496508 0.749937 0.220397
0.187444 0.149854 0.662602 9.9991E-05
0.164515 9.9982E-05 0.835285 9.9982E-05
0.101542 9.9991E-05 0.883021 0.0153376
9.9991E-05 0.022659 0.925656 0.051585
9.998E-05 9.998E-05 0.920562 0.0792381
9.998E-05 9.998E-05 0.902172 0.0976284
9.9991E-05 0.159907 0.801824 0.0381692
0.0760898 0.0471832 0.79145 0.0852768
0.107456 0.00290105 0.833159 0.0564834
9.99911E-05 0.0241965 0.955473 0.0202308
9.998E-05 9.998E-05 9.998E-05 0.9997
9.998E-05 9.998E-05 9.998E-05 0.9997
9.998E-05 9.998E-05 9.998E-05 0.9997
9.998E-05 9.998E-05 9.998E-05 0.9997
9.998E-05 9.998E-05 9.998E-05 0.9997
0.182168 0.0120552 0.133909 0.671867
9.998E-05 9.998E-05 9.998E-05 0.9997
9.998E-05 9.998E-05 0.9997 9.998E-05
0.0776794 9.9991E-05 0.310222 0.611998
0.9997 9.998E-05 9.998E-05 9.998E-05
0.0207422 9.9991E-05 0.978978 0.000179338
0.0648755 9.9982E-05 0.934924 9.9982E-05
0.00141366 9.99822E-05 0.998386 9.99822E-05
9.998E-05 9.998E-05 0.9997 9.998E-05
9.9982E-05 0.011515 0.988285 9.9982E-05
9.9991E-05 0.916644 0.0110516 0.0722049
0.9997 9.998E-05 9.998E-05 9.998E-05
0.316305 0.0637702 0.436448 0.183477
0.995271 9.99821E-05 9.99821E-05 0.00452916
0.970518 9.9991E-05 0.0119119 0.0174699
0.901818 9.9982E-05 9.9982E-05 0.097982
0.952418 9.9982E-05 9.9982E-05 0.0473819
0.934722 9.9982E-05 0.0650784 9.9982E-05
0.9997 9.998E-05 9.998E-05 9.998E-05
0.503314 9.99821E-05 9.99821E-05 0.496486
0.539079 0.0032887 0.0324059 0.425226
0.960398 9.9982E-05 9.9982E-05 0.0394024
0.0598433 9.9991E-05 0.795261 0.144796
0.0609148 9.9991E-05 0.788417 0.150569
0.142691 0.240439 0.61677 9.9991E-05
0.119078 0.256499 0.624324 9.9991E-05
9.998E-05 9.998E-05 0.868368 0.131432
9.9982E-05 9.9982E-05 0.874436 0.125364
0.124413 0.262804 0.612682 9.9991E-05
0.128014 0.263807 0.608078 9.9991E-05
9.998E-05 9.998E-05 0.977713 0.0220875
9.9991E-05 0.0273456 0.916712 0.055842
0.0802775 9.9991E-05 0.287212 0.632411
0.118922 0.203097 0.677881 9.9991E-05
0.0350664 0.146831 0.818002 9.9991E-05
0.561033 0.0518266 9.999E-05 0.38704
