0.0341417 9.9973E-05 0.965558 9.9973E-05 9.9973E-05
0.0105029 9.9991E-05 0.367295 0.304004 0.318098
0.050786 0.0358654 9.99911E-05 0.0573552 0.855893
0.0432353 9.9973E-05 9.9973E-05 9.9973E-05 0.956465
0.0148541 9.9991E-05 0.22736 0.315467 0.442219
0.0169166 9.9973E-05 9.9973E-05 9.9973E-05 0.982783
9.99821E-05 9.99821E-05 0.586314 0.36893 0.0445565
0.0609806 9.9991E-05 0.0427623 0.497409 0.398748
9.99821E-05 9.99821E-05 0.53165 0.449373 0.0187779
0.128497 9.9982E-05 0.692291 0.179013 9.9982E-05
0.140922 9.9982E-05 0.722446 0.136432 9.9982E-05
0.140343 9.9982E-05 0.797185 9.9982E-05 0.0622728
9.99732E-05 9.99732E-05 0.929396 9.99732E-05 0.0703037
0.0272022 0.011144 0.00283191 9.9991E-05 0.958722
9.9982E-05 0.035571 0.0244064 9.9982E-05 0.939823
0.0237669 9.9991E-05 0.908249 0.056332 0.0115521
0.407842 0.0900888 0.478256 9.9991E-05 0.0237132
9.9982E-05 0.720887 0.203953 0.0749605 9.9982E-05
0.07611 0.92359 9.9973E-05 9.9973E-05 9.9973E-05
0.177632 9.9982E-05 0.81284 0.00932795 9.9982E-05
9.9973E-05 0.993503 9.9973E-05 0.0061971 9.9973E-05
0.0523527 9.9991E-05 0.931727 0.00883888 0.00698184
0.426297 0.402246 0.116307 0.0513708 0.00377948
0.0958731 0.903827 9.9973E-05 9.9973E-05 9.9973E-05
9.997E-05 9.997E-05 9.997E-05 9.997E-05 0.9996
9.997E-05 9.997E-05 9.997E-05 9.997E-05 0.9996
0.0619421 9.9973E-05 0.937758 9.9973E-05 9.9973E-05
9.9973E-05 9.9973E-05 9.9973E-05 0.091628 0.908072
9.9973E-05 9.9973E-05 9.9973E-05 0.07718 0.92252
0.0400462 0.0239398 9.9991E-05 0.280628 0.655286
0.0625716 9.9982E-05 9.9982E-05 0.293525 0.643703
9.99821E-05 9.99821E-05 0.284844 0.634143 0.0808132
9.997E-05 9.997E-05 9.997E-05 9.997E-05 0.9996
0.0134799 9.9982E-05 9.9982E-05 0.882772 0.103548
0.264995 9.9982E-05 0.65679 9.9982E-05 0.0780154
9.997E-05 9.997E-05 9.997E-05 9.997E-05 0.9996
0.0203374 9.99821E-05 0.8985 9.99821E-05 0.0809629
0.041268 0.0384662 0.681221 0.230243 0.00880145
0.440916 0.0775211 0.347229 9.9991E-05 0.134234
0.0642875 0.0130558 0.750714 9.9991E-05 0.171842
0.101275 0.0260908 0.765461 0.00905413 0.0981189
0.155724 0.00630601 0.804351 0.033519 9.9991E-05
9.9982E-05 9.9982E-05 0.903127 0.06641 0.0302628
0.156117 9.9982E-05 0.744144 0.0995395 9.9982E-05
0.150921 0.139206 0.649673 0.0601003 9.9991E-05
0.14238 0.054496 0.654452 0.103616 0.0450556
0.15742 9.9991E-05 0.625676 0.114278 0.102527
9.99822E-05 0.0400721 0.947977 0.0117507 9.99822E-05
9.997E-05 9.997E-05 9.997E-05 0.9996 9.997E-05
9.99729E-05 0.00701575 9.99729E-05 0.992684 9.99729E-05
9.997E-05 9.997E-05 9.997E-05 0.9996 9.997E-05
9.997E-05 9.997E-05 9.997E-05 0.9996 9.997E-05
9.997E-05 9.997E-05 9.997E-05 0.9996 9.997E-05
9.9991E-05 0.0389757 0.111486 0.624121 0.225317
9.997E-05 9.997E-05 9.997E-05 0.9996 9.997E-05
9.997E-05 9.997E-05 0.9996 9.997E-05 9.997E-05
9.9982E-05 9.9982E-05 0.317798 0.600667 0.0813349
9.997E-05 9.997E-05 9.997E-05 9.997E-05 0.9996
0.0322169 9.99821E-05 0.960646 9.99821E-05 0.00693751
0.00633157 9.9982E-05 0.916749 9.9982E-05 0.0767193
9.99732E-05 0.0106543 0.989046 9.99732E-05 9.99732E-05
9.997E-05 9.997E-05 0.9996 9.997E-05 9.997E-05
0.0672622 0.000271136 0.932267 9.9982E-05 9.9982E-05
9.99731E-05 0.912524 0.0871763 9.99731E-05 9.99731E-05
9.997E-05 9.997E-05 9.997E-05 9.997E-05 0.9996
0.0159746 0.0355317 0.522447 0.139573 0.286473
9.99731E-05 9.99731E-05 9.99731E-05 0.0174501 0.98225
9.9973E-05 9.9973E-05 9.9973E-05 0.0204106 0.979289
9.9973E-05 9.9973E-05 9.9973E-05 0.131188 0.868512
9.9991E-05 0.0130249 0.00755926 0.0617195 0.917596
0.0287854 9.9982E-05 9.9982E-05 0.00797967 0.963035
0.0121345 9.9973E-05 9.9973E-05 9.9973E-05 0.987566
9.99732E-05 9.99732E-05 9.99732E-05 0.507204 0.492496
9.99822E-05 9.99822E-05 0.0858263 0.389834 0.52414
9.9982E-05 0.00599509 0.0042195 9.9982E-05 0.989585
0.0663897 9.9991E-05 0.759841 0.124743 0.0489266
0.0380531 9.9991E-05 0.785784 0.148503 0.0275599
0.9996 9.997E-05 9.997E-05 9.997E-05 9.997E-05
0.9996 9.997E-05 9.997E-05 9.997E-05 9.997E-05
0.102872 9.99819E-05 0.778304 0.118624 9.99819E-05
0.0791629 9.9982E-05 0.77768 0.142958 9.9982E-05
0.9996 9.997E-05 9.997E-05 9.997E-05 9.997E-05
0.9996 9.997E-05 9.997E-05 9.997E-05 9.997E-05
9.9973E-05 9.9973E-05 0.984466 0.0152339 9.9973E-05
0.00530549 0.068156 0.876909 0.0495296 9.9991E-05
9.9982E-05 9.9982E-05 0.300904 0.629098 0.069798
0.279383 0.139172 0.501733 9.9991E-05 0.0796122
0.364849 0.0890344 0.545917 9.99821E-05 9.99821E-05
0.0112963 0.030622 9.9991E-05 0.349967 0.608015
