9.995E-05 9.995E-05 9.995E-05 9.995E-05 9.995E-05 9.995E-05 0.9994
9.99639E-05 9.99639E-05 0.480834 0.216769 9.99639E-05 9.99639E-05 0.301997
0.0750039 9.99822E-05 0.139048 0.720806 0.0080578 0.0568843 9.99822E-05
0.0254139 9.9955E-05 9.9955E-05 0.974086 9.9955E-05 9.9955E-05 9.9955E-05
9.997E-05 0.0604366 0.376904 0.412693 9.997E-05 9.997E-05 0.149666
9.9955E-05 9.9955E-05 9.9955E-05 0.971863 9.9955E-05 9.9955E-05 0.0276375
9.99549E-05 9.99549E-05 0.758878 9.99549E-05 9.99549E-05 0.240623 9.99549E-05
0.0230658 0.136432 0.509663 0.33054 9.9973E-05 9.9973E-05 9.9973E-05
9.99549E-05 9.99549E-05 0.813122 9.99549E-05 9.99549E-05 0.186378 9.99549E-05
0.0894958 9.9973E-05 0.24842 9.9973E-05 9.9973E-05 0.0119421 0.649842
0.0951614 9.9973E-05 0.214162 9.9973E-05 9.9973E-05 0.0451439 0.645233
0.0983383 9.99731E-05 9.99731E-05 0.0560342 9.99731E-05 0.190766 0.654562
9.99551E-05 9.99551E-05 9.99551E-05 0.00826679 9.99551E-05 0.991233 9.99551E-05
9.9964E-05 9.9964E-05 9.9964E-05 0.934129 0.0228634 9.9964E-05 0.0426075
9.9973E-05 0.00799715 9.9973E-05 0.937017 0.00428692 9.9973E-05 0.0503989
9.9973E-05 0.0405576 0.068768 9.9973E-05 9.9973E-05 0.315652 0.574723
0.357919 9.9982E-05 9.9982E-05 0.0142348 0.0796343 0.219547 0.328465
9.99729E-05 0.00989685 0.0562419 9.99729E-05 0.72094 9.99729E-05 0.212621
0.097997 9.9955E-05 9.9955E-05 9.9955E-05 0.901503 9.9955E-05 9.9955E-05
0.11319 0.000893144 0.00798695 9.9982E-05 9.9982E-05 0.0827139 0.795016
9.995E-05 9.995E-05 9.995E-05 9.995E-05 0.9994 9.995E-05 9.995E-05
9.9964E-05 9.9964E-05 9.9964E-05 0.00963277 9.9964E-05 0.0608968 0.929071
0.3875 0.0122899 0.0983599 0.0013607 0.438435 9.9991E-05 0.0619548
0.0890518 9.9955E-05 9.9955E-05 9.9955E-05 0.910448 9.9955E-05 9.9955E-05
9.99551E-05 0.000462198 9.99551E-05 0.999038 9.99551E-05 9.99551E-05 9.99551E-05
9.995E-05 9.995E-05 9.995E-05 0.9994 9.995E-05 9.995E-05 9.995E-05
0.0565649 9.99639E-05 9.99639E-05 9.99639E-05 9.99639E-05 0.77694 0.166095
9.9964E-05 0.0341446 0.0450805 0.920375 9.9964E-05 9.9964E-05 9.9964E-05
9.9973E-05 0.0351049 0.0360153 0.902035 9.9973E-05 0.0265447 9.9973E-05
0.0154118 0.16896 0.0913588 0.677332 0.0310195 0.0158183 9.9991E-05
0.0314772 0.145906 0.229249 0.593068 9.9973E-05 9.9973E-05 9.9973E-05
9.9964E-05 0.128551 0.69952 9.9964E-05 9.9964E-05 9.9964E-05 0.171528
0.010297 9.99641E-05 0.0126402 0.976663 9.99641E-05 9.99641E-05 9.99641E-05
9.99641E-05 0.737422 0.193802 0.0683765 9.99641E-05 9.99641E-05 9.99641E-05
0.195588 9.99729E-05 9.99729E-05 0.0623585 9.99729E-05 0.576129 0.165625
0.00050173 9.9973E-05 0.0436155 0.933483 9.9973E-05 9.9973E-05 0.0220998
9.99552E-05 9.99552E-05 9.99552E-05 0.0773396 9.99552E-05 9.99552E-05 0.922161
0.0112643 0.00145987 0.276563 9.9982E-05 0.0195455 9.9982E-05 0.690968
0.388814 9.9982E-05 9.9982E-05 0.168834 0.0705437 0.175383 0.196225
9.99549E-05 9.99549E-05 9.99549E-05 0.141873 9.99549E-05 9.99549E-05 0.857627
0.0248713 9.9973E-05 9.9973E-05 0.0905978 0.00520791 9.9973E-05 0.879023
0.0693092 9.9973E-05 9.9973E-05 9.9973E-05 0.0271972 0.0381387 0.865055
9.99639E-05 9.99639E-05 0.177712 9.99639E-05 9.99639E-05 0.24887 0.573019
0.0957601 0.04593 9.9973E-05 9.9973E-05 9.9973E-05 0.0853423 0.772668
0.164639 0.0320989 0.00188424 9.9991E-05 0.114421 0.162356 0.524501
0.0562207 0.00415878 0.0204484 0.087436 0.0433056 0.0806069 0.707824
0.109987 0.0751995 9.9982E-05 0.10492 9.9982E-05 0.244375 0.465318
9.99555E-05 9.99555E-05 9.99555E-05 9.99555E-05 0.0167496 9.99555E-05 0.982751
9.995E-05 0.9994 9.995E-05 9.995E-05 9.995E-05 9.995E-05 9.995E-05
9.995E-05 0.9994 9.995E-05 9.995E-05 9.995E-05 9.995E-05 9.995E-05
9.99551E-05 0.995725 9.99551E-05 9.99551E-05 9.99551E-05 9.99551E-05 0.00377531
9.995E-05 0.9994 9.995E-05 9.995E-05 9.995E-05 9.995E-05 9.995E-05
9.995E-05 0.9994 9.995E-05 9.995E-05 9.995E-05 9.995E-05 9.995E-05
9.9973E-05 0.38105 0.399366 0.170883 0.0484018 9.9973E-05 9.9973E-05
9.9964E-05 0.941995 0.0208475 9.9964E-05 9.9964E-05 9.9964E-05 0.0367577
9.9955E-05 9.9955E-05 9.9955E-05 9.9955E-05 9.9955E-05 0.0369356 0.962565
0.0161498 0.165335 0.644659 0.00200508 9.99819E-05 9.99819E-05 0.171651
9.9955E-05 9.9955E-05 9.9955E-05 0.991796 9.9955E-05 9.9955E-05 0.00770389
0.0139362 0.00552729 9.9982E-05 0.0271037 9.9982E-05 0.886467 0.0667657
0.0137352 9.9982E-05 0.0395505 0.0694018 9.9982E-05 0.363562 0.51355
9.99551E-05 9.99551E-05 0.00874631 9.99551E-05 9.99551E-05 0.990754 9.99551E-05
9.99549E-05 9.99549E-05 9.99549E-05 9.99549E-05 9.99549E-05 0.857053 0.142447
0.0680342 9.99729E-05 9.99729E-05 9.99729E-05 0.00140169 0.898544 0.0317198
9.99641E-05 0.00247993 9.99641E-05 9.99641E-05 0.91664 9.99641E-05 0.0804807
9.995E-05 9.995E-05 9.995E-05 0.9994 9.995E-05 9.995E-05 9.995E-05
0.0565981 0.18849 0.104642 0.229879 0.086114 0.0771309 0.257146
9.99552E-05 9.99552E-05 0.0150315 0.984469 9.99552E-05 9.99552E-05 9.99552E-05
9.9955E-05 9.9955E-05 9.9955E-05 0.981692 9.9955E-05 9.9955E-05 0.0178086
9.9973E-05 0.0690711 0.0371347 0.88819 9.9973E-05 0.00530462 9.9973E-05
9.9973E-05 0.00535435 0.0728828 0.907208 0.0142551 9.9973E-05 9.9973E-05
9.99641E-05 9.99641E-05 0.0445542 0.884679 9.99641E-05 9.99641E-05 0.0703665
9.9955E-05 9.9955E-05 0.00806924 0.991431 9.9955E-05 9.9955E-05 9.9955E-05
9.99641E-05 0.10282 0.498998 0.397782 9.99641E-05 9.99641E-05 9.99641E-05
9.99641E-05 9.99641E-05 0.66417 0.333218 9.99641E-05 0.00221216 9.99641E-05
9.9964E-05 0.034831 9.9964E-05 0.940893 9.9964E-05 9.9964E-05 0.0238758
0.0465689 9.9982E-05 0.236677 0.0271252 9.9982E-05 0.0835494 0.605879
0.0513283 0.0321361 0.231689 0.0049817 9.9991E-05 0.143269 0.536495
0.9994 9.995E-05 9.995E-05 9.995E-05 9.995E-05 9.995E-05 9.995E-05
0.9994 9.995E-05 9.995E-05 9.995E-05 9.995E-05 9.995E-05 9.995E-05
0.0546668 9.99819E-05 0.149678 9.99819E-05 0.0225505 0.00885727 0.764048
0.0343974 9.99819E-05 0.130912 9.99819E-05 0.01951 0.062146 0.752834
0.9994 9.995E-05 9.995E-05 9.995E-05 9.995E-05 9.995E-05 9.995E-05
0.9994 9.995E-05 9.995E-05 9.995E-05 9.995E-05 9.995E-05 9.995E-05
9.99551E-05 9.99551E-05 9.99551E-05 9.99551E-05 9.99551E-05 0.057345 0.942155
9.99729E-05 9.99729E-05 0.177291 9.99729E-05 0.0492038 0.206733 0.566473
9.99729E-05 0.165632 0.666584 0.0189084 9.99729E-05 9.99729E-05 0.148576
0.271671 9.99821E-05 9.99821E-05 0.0503128 0.140001 0.360618 0.177197
0.271897 9.99821E-05 9.99821E-05 0.0156702 0.0723234 0.470716 0.169194
0.00477204 0.108682 0.342208 0.511832 0.0323053 9.9982E-05 9.9982E-05
