0.968376 0.0313244 9.9973E-05 9.9973E-05 9.9973E-05
0.370366 0.0594819 9.9991E-05 0.304159 0.265893
0.0368164 0.0455182 0.0543996 0.863166 9.99911E-05
9.9973E-05 0.0397093 9.9973E-05 0.959991 9.9973E-05
0.22602 0.0226332 9.9991E-05 0.44271 0.308537
9.9973E-05 0.00346031 9.9973E-05 0.99624 9.9973E-05
0.565897 9.99821E-05 9.99821E-05 0.0461172 0.387786
0.0532288 0.0614302 9.9991E-05 0.372575 0.512666
0.547166 9.99821E-05 9.99821E-05 0.00100731 0.451626
0.72955 0.124488 9.9982E-05 9.9982E-05 0.145762
0.754905 0.122203 9.9982E-05 9.9982E-05 0.122692
0.798979 0.13113 9.9982E-05 0.0696906 9.9982E-05
0.919426 0.00111627 9.99821E-05 0.0792577 9.99821E-05
9.9982E-05 0.00982435 0.0277239 0.962252 9.9982E-05
0.0264392 9.9982E-05 0.0058965 0.967464 9.9982E-05
0.920953 0.010944 9.9991E-05 0.0029464 0.0650568
0.532644 0.385961 0.0811957 9.9982E-05 9.9982E-05
0.176865 9.9982E-05 0.736534 9.9982E-05 0.0864007
9.9973E-05 0.0892478 0.910452 9.9973E-05 9.9973E-05
0.827786 0.141442 9.9982E-05 9.9982E-05 0.0305712
9.997E-05 9.997E-05 0.9996 9.997E-05 9.997E-05
0.939837 0.0589861 9.9982E-05 0.00097645 9.9982E-05
0.0978715 0.383898 0.423581 0.00743891 0.08721
9.9973E-05 0.0877844 0.911916 9.9973E-05 9.9973E-05
9.9973E-05 9.9973E-05 9.9973E-05 0.99506 0.00464002
9.997E-05 9.997E-05 9.997E-05 0.9996 9.997E-05
0.906804 0.092896 9.9973E-05 9.9973E-05 9.9973E-05
9.9973E-05 9.9973E-05 9.9973E-05 0.91299 0.0867101
9.9973E-05 9.9973E-05 9.9973E-05 0.879839 0.119861
0.00585234 0.0229637 0.0133239 0.631932 0.325928
9.9982E-05 0.0568408 9.9982E-05 0.651471 0.291488
0.274557 0.00301349 9.99911E-05 0.0943269 0.628002
9.99731E-05 0.00177759 9.99731E-05 0.997922 9.99731E-05
9.9982E-05 0.037775 9.9982E-05 0.0761136 0.885911
0.679284 0.256227 9.9982E-05 0.0642894 9.9982E-05
0.00699778 9.9982E-05 9.9982E-05 0.973832 0.0189702
0.87105 0.0508642 9.99821E-05 0.0778858 9.99821E-05
0.709695 0.068702 0.0314097 0.032015 0.158178
0.30825 0.45654 0.0632549 0.171855 9.9991E-05
0.797814 0.0612752 9.9982E-05 0.140711 9.9982E-05
0.793853 0.09617 0.0106709 0.0992061 9.9991E-05
0.835631 0.128457 0.023212 9.9991E-05 0.0126
0.920601 9.9982E-05 9.9982E-05 0.00436103 0.0748379
0.789562 0.128733 9.9982E-05 9.9982E-05 0.0815057
0.684459 0.188467 0.11334 9.9991E-05 0.0136344
0.714048 0.127368 0.0358038 0.0519669 0.0708127
0.672378 0.148565 9.9991E-05 0.129257 0.0496999
0.944681 0.0136991 0.0414201 9.99822E-05 9.99822E-05
9.997E-05 9.997E-05 9.997E-05 9.997E-05 0.9996
9.997E-05 9.997E-05 9.997E-05 9.997E-05 0.9996
9.997E-05 9.997E-05 9.997E-05 9.997E-05 0.9996
9.997E-05 9.997E-05 9.997E-05 9.997E-05 0.9996
9.997E-05 9.997E-05 9.997E-05 9.997E-05 0.9996
0.0971105 9.9991E-05 0.0409298 0.230413 0.631446
9.997E-05 9.997E-05 9.997E-05 9.997E-05 0.9996
0.9996 9.997E-05 9.997E-05 9.997E-05 9.997E-05
0.314464 9.9982E-05 9.9982E-05 0.0832305 0.602105
9.997E-05 9.997E-05 9.997E-05 0.9996 9.997E-05
0.945662 0.0540382 9.99731E-05 9.99731E-05 9.99731E-05
0.889158 0.0148148 9.9991E-05 0.0806282 0.0152987
0.996832 9.99732E-05 0.00286783 9.99732E-05 9.99732E-05
0.994126 0.00235156 9.9982E-05 0.00332295 9.9982E-05
0.892492 0.099561 0.00774728 9.9982E-05 9.9982E-05
0.0794135 9.9982E-05 0.914739 9.9982E-05 0.0056474
9.997E-05 9.997E-05 9.997E-05 0.9996 9.997E-05
0.376229 0.127888 0.0629051 0.322818 0.11016
0.0236285 9.99821E-05 9.99821E-05 0.970877 0.00529443
9.9973E-05 9.9973E-05 9.9973E-05 0.99144 0.0082598
9.9973E-05 9.9973E-05 9.9973E-05 0.908957 0.0907432
0.00270338 9.9991E-05 0.0112678 0.943404 0.0425252
0.0563876 0.00924333 9.99875E-05 0.934169 9.99875E-05
9.9973E-05 0.00364295 9.9973E-05 0.996057 9.9973E-05
9.99732E-05 9.99732E-05 9.99732E-05 0.491287 0.508413
0.071255 9.99911E-05 0.0107152 0.52684 0.391089
0.000112669 9.9973E-05 9.9973E-05 0.999587 9.9973E-05
0.733191 0.0486214 9.9991E-05 0.0618558 0.156232
0.761832 0.0462515 9.9991E-05 0.0266533 0.165163
9.997E-05 0.9996 9.997E-05 9.997E-05 9.997E-05
9.997E-05 0.9996 9.997E-05 9.997E-05 9.997E-05
0.795534 0.088595 0.00698973 9.9991E-05 0.108781
0.837303 0.0507102 0.0211508 9.9991E-05 0.0907365
9.997E-05 0.9996 9.997E-05 9.997E-05 9.997E-05
9.997E-05 0.9996 9.997E-05 9.997E-05 9.997E-05
0.979202 9.9973E-05 9.9973E-05 9.9973E-05 0.0204984
0.887337 9.9991E-05 0.0481802 0.0011932 0.06319
0.301238 9.9982E-05 9.9982E-05 0.0789658 0.619596
0.483709 0.318678 0.124769 0.0727436 9.9991E-05
0.612898 0.309493 0.077409 9.99821E-05 9.99821E-05
9.9991E-05 0.061204 0.0408857 0.588832 0.308978
