0.903682 0.0855793 9.99549E-05 9.99549E-05 9.99549E-05 9.99549E-05 9.99549E-05 0.010239
0.257244 0.0435023 0.301908 0.2145 0.153307 0.0293392 9.9982E-05 9.9982E-05
9.99821E-05 9.99821E-05 0.694402 0.0476008 0.0805824 0.0166629 0.11176 0.0487917
9.9946E-05 9.9946E-05 0.959832 9.9946E-05 9.9946E-05 0.0395687 9.9946E-05 9.9946E-05
0.023196 0.176789 0.471292 0.238575 0.089848 9.99731E-05 9.99731E-05 9.99731E-05
9.9955E-05 0.0252289 0.967093 9.9955E-05 9.9955E-05 9.9955E-05 0.00717805 9.9955E-05
9.994E-05 9.994E-05 9.994E-05 0.9993 9.994E-05 9.994E-05 9.994E-05 9.994E-05
9.99641E-05 0.125838 0.425617 0.169249 0.278896 9.99641E-05 9.99641E-05 9.99641E-05
9.994E-05 9.994E-05 9.994E-05 0.9993 9.994E-05 9.994E-05 9.994E-05 9.994E-05
9.9946E-05 0.908077 9.9946E-05 0.0913236 9.9946E-05 9.9946E-05 9.9946E-05 9.9946E-05
9.99461E-05 0.870313 9.99461E-05 0.129087 9.99461E-05 9.99461E-05 9.99461E-05 9.99461E-05
0.720582 9.9964E-05 0.0221439 9.9964E-05 9.9964E-05 0.103254 0.15362 9.9964E-05
9.99461E-05 9.99461E-05 9.99461E-05 0.018705 9.99461E-05 9.99461E-05 0.980695 9.99461E-05
0.0136695 9.9964E-05 0.971867 9.9964E-05 9.9964E-05 0.000415245 9.9964E-05 0.0136485
0.0494333 9.9946E-05 0.949967 9.9946E-05 9.9946E-05 9.9946E-05 9.9946E-05 9.9946E-05
0.167615 0.284594 9.99639E-05 0.243113 9.99639E-05 9.99639E-05 0.304279 9.99639E-05
9.99641E-05 0.420631 9.99641E-05 9.99641E-05 9.99641E-05 0.266555 0.239697 0.0727174
0.00504225 0.196941 9.99729E-05 0.0295275 0.0543168 9.99729E-05 9.99729E-05 0.713872
9.9946E-05 9.9946E-05 9.9946E-05 9.9946E-05 9.9946E-05 0.0865966 9.9946E-05 0.912804
0.148857 0.652858 9.9973E-05 0.039087 9.9973E-05 0.0853121 0.0735861 9.9973E-05
9.994E-05 9.994E-05 9.994E-05 9.994E-05 9.994E-05 9.994E-05 9.994E-05 0.9993
0.588718 0.275066 9.9964E-05 9.9964E-05 9.9964E-05 0.0117331 0.124083 9.9964E-05
9.9973E-05 0.299881 0.00603599 9.9973E-05 0.0107147 0.288073 9.9973E-05 0.394995
9.99549E-05 0.0446767 9.99549E-05 9.99549E-05 9.99549E-05 0.068255 9.99549E-05 0.886569
9.994E-05 9.994E-05 0.9993 9.994E-05 9.994E-05 9.994E-05 9.994E-05 9.994E-05
9.994E-05 9.994E-05 0.9993 9.994E-05 9.994E-05 9.994E-05 9.994E-05 9.994E-05
0.0696522 0.111194 9.99639E-05 9.99639E-05 9.99639E-05 0.0379793 0.780774 9.99639E-05
9.9955E-05 9.9955E-05 0.928088 0.017733 0.0536789 9.9955E-05 9.9955E-05 9.9955E-05
9.9955E-05 9.9955E-05 0.932356 0.0390112 0.0281335 9.9955E-05 9.9955E-05 9.9955E-05
9.99731E-05 9.99731E-05 0.712585 9.99731E-05 0.230493 0.000934501 0.0308251 0.0248618
9.99731E-05 0.015729 0.679171 0.00477448 0.250481 0.0495453 9.99731E-05 9.99731E-05
0.207439 9.99731E-05 0.092617 0.298654 0.389114 0.0118758 9.99731E-05 9.99731E-05
9.99462E-05 9.99462E-05 0.999113 9.99462E-05 9.99462E-05 0.000287145 9.99462E-05 9.99462E-05
9.99641E-05 9.99641E-05 0.124746 0.0471573 0.826153 0.00154388 9.99641E-05 9.99641E-05
0.0638371 0.0654226 0.0670432 9.99729E-05 9.99729E-05 0.174585 0.628812 9.99729E-05
0.00409542 9.99639E-05 0.975114 0.0131566 9.99639E-05 0.00723373 9.99639E-05 9.99639E-05
0.975919 9.9955E-05 0.0116692 9.9955E-05 9.9955E-05 0.0119124 9.9955E-05 9.9955E-05
0.141348 0.722561 0.0210892 0.0257429 0.0889589 9.9973E-05 9.9973E-05 9.9973E-05
9.9973E-05 0.301357 0.155449 9.9973E-05 9.9973E-05 0.307328 0.176042 0.0595231
0.327108 0.545246 0.12399 9.99639E-05 9.99639E-05 0.00325662 9.99639E-05 9.99639E-05
0.350679 0.531751 0.0819603 9.99729E-05 9.99729E-05 0.0190131 9.99729E-05 0.016296
0.00798254 0.991418 9.9946E-05 9.9946E-05 9.9946E-05 9.9946E-05 9.9946E-05 9.9946E-05
0.234315 0.258063 9.99639E-05 0.383585 9.99639E-05 9.99639E-05 0.123637 9.99639E-05
0.00631823 0.938267 9.9955E-05 9.9955E-05 9.9955E-05 9.9955E-05 0.0549146 9.9955E-05
0.0330225 0.566232 9.9982E-05 9.9982E-05 0.00209252 0.103989 0.198605 0.095858
0.138267 0.659012 0.0878019 9.9982E-05 9.9982E-05 0.0364444 0.0681341 0.010141
0.148463 0.325814 0.163976 9.9982E-05 0.0167735 0.0884445 0.25633 9.9982E-05
0.982989 9.99464E-05 9.99464E-05 9.99464E-05 9.99464E-05 9.99464E-05 9.99464E-05 0.0164118
9.994E-05 9.994E-05 9.994E-05 9.994E-05 0.9993 9.994E-05 9.994E-05 9.994E-05
9.994E-05 9.994E-05 9.994E-05 9.994E-05 0.9993 9.994E-05 9.994E-05 9.994E-05
9.994E-05 9.994E-05 9.994E-05 9.994E-05 0.9993 9.994E-05 9.994E-05 9.994E-05
9.994E-05 9.994E-05 9.994E-05 9.994E-05 0.9993 9.994E-05 9.994E-05 9.994E-05
9.994E-05 9.994E-05 9.994E-05 9.994E-05 0.9993 9.994E-05 9.994E-05 9.994E-05
0.0093755 0.0250451 0.255444 0.157879 0.515476 9.9982E-05 9.9982E-05 0.0365798
0.0149173 9.9964E-05 9.9964E-05 9.9964E-05 0.981461 0.000346252 0.0028757 9.9964E-05
0.885868 9.99549E-05 9.99549E-05 0.0248214 9.99549E-05 9.99549E-05 0.0888106 9.99549E-05
0.174111 9.99729E-05 0.063287 0.361772 0.386184 0.0143468 9.99729E-05 9.99729E-05
0.00269595 9.99459E-05 0.996704 9.99459E-05 9.99459E-05 9.99459E-05 9.99459E-05 9.99459E-05
0.0697208 9.9964E-05 9.9964E-05 0.0573167 9.9964E-05 0.0141481 0.858415 9.9964E-05
0.313295 0.15488 9.9973E-05 0.279439 9.9973E-05 0.0107687 0.241317 9.9973E-05
9.99461E-05 9.99461E-05 9.99461E-05 0.0278345 9.99461E-05 9.99461E-05 0.971566 9.99461E-05
9.99459E-05 0.0854553 9.99459E-05 9.99459E-05 9.99459E-05 9.99459E-05 0.913945 9.99459E-05
9.99639E-05 0.0544593 9.99639E-05 9.99639E-05 9.99639E-05 0.0218644 0.920839 0.00243748
0.0692449 0.0321113 9.99552E-05 9.99552E-05 9.99552E-05 9.99552E-05 9.99552E-05 0.898144
9.99462E-05 9.99462E-05 0.976725 0.0226753 9.99462E-05 9.99462E-05 9.99462E-05 9.99462E-05
0.0281097 0.212157 0.392262 0.0833167 0.0593938 0.00564814 0.134428 0.0846846
9.99552E-05 9.99552E-05 0.986482 0.0116699 9.99552E-05 9.99552E-05 0.00134866 9.99552E-05
0.020121 0.00229653 0.923612 9.9964E-05 0.0535704 9.9964E-05 9.9964E-05 9.9964E-05
9.99549E-05 9.99549E-05 0.904113 0.0467289 0.0486585 9.99549E-05 9.99549E-05 9.99549E-05
9.9964E-05 9.9964E-05 0.853243 0.083531 0.0617996 9.9964E-05 9.9964E-05 0.00102692
9.99551E-05 0.0994376 0.896458 9.99551E-05 9.99551E-05 0.00360487 9.99551E-05 9.99551E-05
9.9955E-05 9.9955E-05 0.987786 0.010643 9.9955E-05 9.9955E-05 9.9955E-05 0.00107107
9.99552E-05 9.99552E-05 0.491974 0.154867 0.35266 9.99552E-05 9.99552E-05 9.99552E-05
9.99552E-05 9.99552E-05 0.447341 0.362136 0.190023 9.99552E-05 9.99552E-05 9.99552E-05
0.00888368 9.9964E-05 0.936889 9.9964E-05 0.0337577 0.0200699 9.9964E-05 9.9964E-05
0.227793 0.293096 0.00449739 0.404617 9.99729E-05 0.0696961 9.99729E-05 9.99729E-05
0.205037 0.275247 9.99638E-05 0.442109 9.99638E-05 0.0772075 9.99638E-05 9.99638E-05
9.994E-05 9.994E-05 9.994E-05 9.994E-05 9.994E-05 0.9993 9.994E-05 9.994E-05
9.994E-05 9.994E-05 9.994E-05 9.994E-05 9.994E-05 0.9993 9.994E-05 9.994E-05
0.023101 0.932155 9.9973E-05 0.0161302 0.012013 9.9973E-05 0.0163009 9.9973E-05
0.0297438 0.869832 9.9973E-05 0.0468796 0.00494784 9.9973E-05 0.0482972 9.9973E-05
9.9955E-05 9.9955E-05 9.9955E-05 0.000641403 0.0280646 0.970794 9.9955E-05 9.9955E-05
9.994E-05 9.994E-05 9.994E-05 9.994E-05 9.994E-05 0.9993 9.994E-05 9.994E-05
0.967421 9.99459E-05 9.99459E-05 9.99459E-05 9.99459E-05 9.99459E-05 0.0319796 9.99459E-05
0.137556 0.341003 9.99729E-05 0.240451 9.99729E-05 9.99729E-05 0.22315 0.0575397
0.134089 9.99639E-05 0.0756727 0.419757 0.370081 9.99639E-05 9.99639E-05 9.99639E-05
9.99731E-05 0.2272 0.055988 9.99731E-05 9.99731E-05 0.221492 0.396743 0.0982774
0.164175 9.996E-05 9.996E-05 9.996E-05 9.996E-05 0.275188 0.488909 0.0713281
9.99731E-05 9.99731E-05 0.559497 0.100188 0.264053 0.0403392 9.99731E-05 0.0356224
