1 0.899635 0.886252 0.769378 0.885662 0.780685 0.931251 0.772889 0.930808 0.968697 0.968232 0.980733 0.968186 0.790617 0.782713 0.968404 0.972955 0.970931 0.971506 0.971763 0.971321 0.97228 0.971926 0.971662 0.799624 0.795405 0.966544 0.7904 0.789342 0.758144 0.766901 0.901793 0.833915 0.744686 0.969481 0.791725 0.986587 0.970981 0.970107 0.970998 0.970817 0.970791 0.965808 0.970821 0.968864 0.970572 0.967583 0.978635 0.736096 0.738891 0.737866 0.738697 0.737032 0.745947 0.743492 0.983005 0.893064 0.787785 0.966085 0.965421 0.967962 0.968017 0.968979 0.972167 0.780287 0.948803 0.781453 0.796065 0.796262 0.793394 0.770759 0.792087 0.780182 0.774315 0.773174 0.967028 0.966753 0.970698 0.970349 0.969647 0.969892 0.970352 0.970452 0.985053 0.973084 0.893184 0.971687 0.972169 0.775047 
0.899635 1 0.85461 0.766134 0.870365 0.773728 0.89662 0.763997 0.895983 0.901221 0.901027 0.900982 0.900436 0.784401 0.779656 0.900853 0.8998 0.901816 0.901371 0.901485 0.901867 0.902214 0.901516 0.901784 0.78959 0.78926 0.898079 0.783725 0.782904 0.752056 0.760626 0.94343 0.815617 0.740627 0.898585 0.784234 0.900041 0.902525 0.900138 0.901586 0.901171 0.901592 0.898081 0.902229 0.901666 0.90115 0.901005 0.901992 0.732865 0.735642 0.734775 0.734891 0.733617 0.740077 0.74692 0.90153 0.945198 0.782965 0.898138 0.89854 0.901878 0.90149 0.901879 0.901319 0.773805 0.901557 0.776451 0.787868 0.78692 0.78536 0.766167 0.784986 0.765987 0.761258 0.771119 0.900529 0.90024 0.898519 0.898443 0.900656 0.900658 0.897986 0.898318 0.901889 0.901339 0.945583 0.901659 0.90186 0.765889 
0.886252 0.85461 1 0.841941 0.858563 0.852518 0.870027 0.800297 0.869282 0.887293 0.887043 0.88588 0.886861 0.868973 0.861805 0.88716 0.887015 0.889058 0.888962 0.886885 0.889238 0.887598 0.887878 0.889326 0.864335 0.862296 0.885075 0.85241 0.851377 0.791822 0.802104 0.856074 0.889041 0.762564 0.885333 0.857495 0.8865 0.890995 0.885994 0.88665 0.885669 0.887284 0.884916 0.887547 0.88652 0.887505 0.887168 0.889134 0.754999 0.757823 0.756889 0.757563 0.755917 0.760759 0.761399 0.886841 0.848322 0.853906 0.884636 0.884663 0.88687 0.887503 0.887172 0.888728 0.845947 0.93094 0.879718 0.857649 0.858218 0.855725 0.82079 0.855383 0.816599 0.811134 0.857576 0.886719 0.886428 0.88676 0.886572 0.887111 0.887039 0.886632 0.8865 0.887132 0.887274 0.848501 0.886939 0.887234 0.80801 
0.769378 0.766134 0.841941 1 0.77764 0.973111 0.767722 0.782469 0.767662 0.768605 0.768441 0.767969 0.768416 0.908861 0.90688 0.768342 0.768724 0.769331 0.769416 0.768635 0.769877 0.769207 0.76861 0.769596 0.893317 0.892647 0.766505 0.891473 0.891353 0.786804 0.808867 0.764135 0.87523 0.721069 0.768046 0.895632 0.769858 0.772077 0.769719 0.770971 0.770546 0.768532 0.766437 0.768981 0.768669 0.769542 0.769282 0.769416 0.715859 0.717152 0.716533 0.717263 0.716293 0.723019 0.719051 0.768412 0.761343 0.897345 0.766269 0.766367 0.769128 0.768529 0.768232 0.769612 0.895134 0.808875 0.897061 0.889352 0.890089 0.889888 0.84747 0.892147 0.787996 0.786595 0.897563 0.768279 0.768056 0.768668 0.76843 0.768659 0.768477 0.768586 0.768575 0.768689 0.770037 0.760694 0.768479 0.76855 0.807848 
0.885662 0.870365 0.858563 0.77764 1 0.787016 0.880526 0.77917 0.880093 0.887504 0.88721 0.886667 0.886231 0.797159 0.791555 0.887782 0.886169 0.889151 0.888893 0.88911 0.88903 0.888251 0.888857 0.889203 0.802636 0.802716 0.884612 0.794887 0.793894 0.769189 0.776114 0.869056 0.82635 0.748668 0.884321 0.796739 0.886161 0.888779 0.886234 0.88637 0.885577 0.888193 0.885508 0.888519 0.887913 0.888676 0.887506 0.888925 0.741083 0.743929 0.743081 0.743557 0.741907 0.748058 0.748746 0.887952 0.863154 0.793781 0.884402 0.885224 0.887709 0.887368 0.887283 0.888775 0.786157 0.896969 0.788418 0.80065 0.798413 0.796297 0.781391 0.797772 0.777138 0.772672 0.78165 0.887218 0.886948 0.885604 0.885662 0.886889 0.886796 0.885233 0.885372 0.888425 0.886446 0.863658 0.888619 0.888496 0.780816 
0.780685 0.773728 0.852518 0.973111 0.787016 1 0.776719 0.790932 0.776595 0.780016 0.779825 0.779335 0.779768 0.914072 0.907962 0.779787 0.780223 0.780771 0.780764 0.780004 0.781137 0.780451 0.779846 0.78101 0.901073 0.899622 0.777838 0.89308 0.892357 0.793648 0.815925 0.772378 0.88556 0.727177 0.779354 0.902414 0.78144 0.783744 0.781125 0.782248 0.781758 0.77996 0.777737 0.780376 0.779925 0.780793 0.780542 0.780967 0.721239 0.722838 0.72214 0.72298 0.721773 0.729385 0.724493 0.779821 0.768152 0.901947 0.77756 0.777698 0.78062 0.780022 0.779711 0.780934 0.897323 0.820754 0.895024 0.896629 0.895159 0.893768 0.854338 0.897811 0.796923 0.794257 0.893759 0.779706 0.779433 0.780049 0.779822 0.780057 0.779861 0.779964 0.77993 0.779999 0.781291 0.767741 0.779726 0.780019 0.814758 
0.931251 0.89662 0.870027 0.767722 0.880526 0.776719 1 0.769626 0.979416 0.934427 0.934512 0.933732 0.934242 0.78736 0.780863 0.933301 0.931671 0.933069 0.932542 0.932667 0.932732 0.932953 0.932743 0.932933 0.793856 0.791787 0.930186 0.78738 0.78648 0.754608 0.764398 0.896905 0.823924 0.745286 0.929436 0.787059 0.930284 0.932576 0.930217 0.930258 0.930002 0.933372 0.92979 0.933562 0.933345 0.932941 0.932786 0.932363 0.734861 0.737502 0.736596 0.737322 0.735727 0.745487 0.743374 0.933064 0.891889 0.784453 0.931021 0.93094 0.932523 0.934394 0.9337 0.932371 0.777349 0.925409 0.778637 0.791939 0.791976 0.790047 0.768212 0.788116 0.773 0.767789 0.772032 0.934156 0.934085 0.930564 0.930655 0.932585 0.932728 0.930242 0.930542 0.933109 0.932029 0.891706 0.933097 0.933682 0.771522 
0.772889 0.763997 0.800297 0.782469 0.77917 0.790932 0.769626 1 0.768856 0.775111 0.774951 0.773729 0.774275 0.791296 0.782906 0.774321 0.772995 0.775022 0.774673 0.77504 0.775049 0.774803 0.77443 0.77498 0.80217 0.801457 0.772144 0.796276 0.795469 0.76256 0.77721 0.762629 0.806871 0.758004 0.771751 0.798311 0.773346 0.776152 0.772761 0.773089 0.772268 0.774806 0.77231 0.774971 0.774675 0.775359 0.774519 0.77562 0.750106 0.752719 0.752026 0.752027 0.750734 0.764798 0.752402 0.774249 0.757785 0.795138 0.77198 0.772351 0.774656 0.77535 0.774619 0.774723 0.800661 0.810265 0.777031 0.800169 0.79949 0.797336 0.781648 0.799913 0.811226 0.810174 0.782352 0.774465 0.774094 0.773353 0.77322 0.774429 0.774406 0.773098 0.773099 0.774635 0.773514 0.758068 0.774973 0.775547 0.777122 
0.930808 0.895983 0.869282 0.767662 0.880093 0.776595 0.979416 0.768856 1 0.93328 0.933288 0.932754 0.933312 0.786916 0.780533 0.932581 0.931006 0.932291 0.931903 0.932224 0.932033 0.93255 0.932209 0.932193 0.793408 0.791322 0.929299 0.787146 0.786343 0.754078 0.764217 0.896411 0.823342 0.74414 0.928537 0.786773 0.929778 0.931824 0.929758 0.929487 0.929229 0.932725 0.929335 0.932856 0.932472 0.932432 0.932077 0.931715 0.733795 0.736781 0.735828 0.736256 0.734704 0.745073 0.742556 0.93268 0.89129 0.784214 0.929687 0.930025 0.931651 0.933261 0.932951 0.931861 0.776844 0.924452 0.778194 0.791527 0.791547 0.789587 0.767562 0.787813 0.772671 0.767445 0.771574 0.933092 0.932961 0.929917 0.93001 0.931974 0.932137 0.929498 0.929833 0.93266 0.931345 0.891066 0.932222 0.932901 0.771166 
0.968697 0.901221 0.887293 0.768605 0.887504 0.780016 0.934427 0.775111 0.93328 1 0.992444 0.972115 0.971437 0.791864 0.782922 0.973557 0.970866 0.972529 0.972935 0.974982 0.97186 0.973594 0.972218 0.972336 0.799191 0.797543 0.969421 0.789812 0.788719 0.760535 0.76891 0.902667 0.83387 0.747509 0.968497 0.791106 0.967021 0.97853 0.968034 0.968076 0.967574 0.985745 0.968997 0.984373 0.972511 0.971857 0.97149 0.971131 0.738354 0.741393 0.740399 0.741084 0.739399 0.748553 0.746081 0.972162 0.894694 0.787417 0.970029 0.97028 0.971897 0.975069 0.974515 0.973237 0.780069 0.951556 0.781194 0.79613 0.795947 0.793229 0.772928 0.791875 0.77915 0.772913 0.77364 0.97243 0.972506 0.968745 0.969071 0.980211 0.980411 0.968634 0.968681 0.972167 0.970849 0.895313 0.97113 0.973346 0.777013 
0.968232 0.901027 0.887043 0.768441 0.88721 0.779825 0.934512 0.774951 0.933288 0.992444 1 0.971915 0.971191 0.791688 0.782702 0.973245 0.970452 0.972046 0.97242 0.974593 0.971335 0.9731 0.971697 0.971955 0.798954 0.797239 0.969056 0.789549 0.788481 0.760191 0.76869 0.902571 0.833544 0.747485 0.968135 0.790837 0.966589 0.978168 0.967593 0.967696 0.967285 0.985311 0.968588 0.983807 0.972149 0.971523 0.971244 0.9707 0.738246 0.741248 0.740301 0.740941 0.739253 0.748416 0.745947 0.971663 0.894571 0.78723 0.970218 0.970097 0.971618 0.974841 0.974121 0.972702 0.779847 0.951197 0.781078 0.795862 0.795704 0.792985 0.77261 0.791656 0.778868 0.772809 0.773436 0.972333 0.972512 0.968369 0.96869 0.979796 0.980104 0.968283 0.968279 0.971648 0.970449 0.895095 0.970633 0.972843 0.776833 
0.980733 0.900982 0.88588 0.767969 0.886667 0.779335 0.933732 0.773729 0.932754 0.972115 0.971915 1 0.971001 0.791059 0.782121 0.971258 0.970408 0.972077 0.972037 0.97237 0.972194 0.973458 0.971959 0.971724 0.798279 0.796664 0.968268 0.788979 0.787929 0.759563 0.767693 0.902425 0.832946 0.746328 0.967345 0.790339 0.976819 0.97103 0.967246 0.968172 0.967642 0.972923 0.967482 0.972893 0.970128 0.971442 0.96982 0.979109 0.736921 0.739893 0.738886 0.739696 0.73795 0.747693 0.744797 0.983034 0.894135 0.786664 0.968579 0.968261 0.96961 0.971398 0.971308 0.972854 0.779122 0.950101 0.780254 0.795292 0.795151 0.792414 0.77201 0.790713 0.778315 0.771918 0.772476 0.971588 0.971452 0.967997 0.968056 0.970707 0.970947 0.967439 0.967821 0.984641 0.971162 0.894676 0.972157 0.973251 0.775876 
0.968186 0.900436 0.886861 0.768416 0.886231 0.779768 0.934242 0.774275 0.933312 0.971437 0.971191 0.971001 1 0.791297 0.782418 0.972457 0.969978 0.970918 0.971827 0.972871 0.971292 0.972044 0.972052 0.971904 0.799286 0.797318 0.982789 0.789921 0.788926 0.760086 0.768224 0.902322 0.833821 0.746813 0.980025 0.791264 0.966443 0.969787 0.966256 0.966252 0.965864 0.971792 0.967912 0.971568 0.969841 0.971429 0.969852 0.968588 0.736758 0.739707 0.738757 0.739472 0.737759 0.747964 0.744674 0.970598 0.893459 0.787581 0.982559 0.969881 0.982892 0.984898 0.985449 0.971318 0.779788 0.950914 0.780875 0.795577 0.796008 0.793317 0.772353 0.79111 0.778657 0.771856 0.773068 0.970969 0.970961 0.966906 0.966982 0.971364 0.971448 0.966507 0.966542 0.972376 0.969167 0.895111 0.972239 0.972259 0.776456 
0.790617 0.784401 0.868973 0.908861 0.797159 0.914072 0.78736 0.791296 0.786916 0.791864 0.791688 0.791059 0.791297 1 0.916884 0.79165 0.790652 0.793213 0.792828 0.791564 0.793435 0.792279 0.792261 0.793164 0.896351 0.900744 0.78926 0.888952 0.888345 0.786957 0.801999 0.783938 0.886052 0.734271 0.789529 0.896195 0.791013 0.794406 0.790832 0.791954 0.791245 0.791929 0.789606 0.792058 0.791718 0.792569 0.792317 0.793133 0.727889 0.729932 0.729228 0.729816 0.728495 0.734313 0.731453 0.791596 0.7791 0.895771 0.788956 0.789406 0.791832 0.792028 0.791675 0.792993 0.882981 0.832793 0.911143 0.890311 0.891576 0.890272 0.837331 0.893063 0.813077 0.81143 0.909418 0.791626 0.791367 0.790658 0.790454 0.791429 0.791357 0.790502 0.790596 0.791719 0.791674 0.778738 0.791756 0.792002 0.80314 
0.782713 0.779656 0.861805 0.90688 0.791555 0.907962 0.780863 0.782906 0.780533 0.782922 0.782702 0.782121 0.782418 0.916884 1 0.782562 0.781896 0.783994 0.783461 0.782673 0.784093 0.78322 0.783195 0.783816 0.894286 0.899871 0.780192 0.889019 0.888369 0.787354 0.803005 0.779136 0.880206 0.727261 0.780987 0.895154 0.783228 0.785632 0.782328 0.78332 0.782802 0.783059 0.78051 0.783151 0.782783 0.783356 0.783341 0.783338 0.722296 0.724066 0.723483 0.724028 0.722826 0.72626 0.725992 0.782426 0.776295 0.895024 0.780063 0.780409 0.783146 0.782973 0.782593 0.783694 0.891502 0.822021 0.91701 0.890443 0.889137 0.888409 0.840339 0.893711 0.795621 0.793404 0.923152 0.782751 0.782439 0.781775 0.781588 0.782742 0.782625 0.781749 0.781725 0.782671 0.782911 0.775594 0.782549 0.782837 0.802612 
0.968404 0.900853 0.88716 0.768342 0.887782 0.779787 0.933301 0.774321 0.932581 0.973557 0.973245 0.971258 0.972457 0.79165 0.782562 1 0.971738 0.973061 0.97433 0.974388 0.973339 0.974934 0.973984 0.974364 0.79911 0.797505 0.971271 0.789925 0.788804 0.760182 0.768006 0.903244 0.833842 0.746202 0.969371 0.79114 0.96687 0.97086 0.968166 0.967538 0.967146 0.973465 0.981217 0.973845 0.971667 0.973151 0.972235 0.970951 0.737311 0.74022 0.739187 0.739941 0.738307 0.747926 0.745049 0.972024 0.894012 0.787376 0.971681 0.98601 0.97365 0.974292 0.973818 0.972604 0.779703 0.951578 0.7809 0.795637 0.795936 0.793357 0.771822 0.790996 0.778843 0.771973 0.7733 0.984347 0.984454 0.969614 0.969718 0.972392 0.972535 0.968897 0.969042 0.972844 0.97058 0.895029 0.973232 0.97393 0.776427 
0.972955 0.8998 0.887015 0.768724 0.886169 0.780223 0.931671 0.772995 0.931006 0.970866 0.970452 0.970408 0.969978 0.790652 0.781896 0.971738 1 0.974961 0.975292 0.972626 0.974134 0.972811 0.974206 0.976063 0.799791 0.796226 0.968588 0.79031 0.789271 0.759028 0.767045 0.902268 0.834338 0.74492 0.971062 0.791658 0.970633 0.972008 0.98337 0.970381 0.969891 0.972092 0.96858 0.972227 0.972062 0.971056 0.970715 0.971277 0.735962 0.738899 0.737831 0.738665 0.736923 0.746693 0.743711 0.971968 0.893597 0.787739 0.968013 0.968289 0.970334 0.970712 0.971149 0.973249 0.780092 0.950211 0.78147 0.795903 0.796434 0.793675 0.771009 0.791805 0.779985 0.773585 0.772429 0.969918 0.969733 0.973155 0.973079 0.971407 0.971568 0.972791 0.973025 0.972844 0.973394 0.893618 0.974762 0.974487 0.775534 
0.970931 0.901816 0.889058 0.769331 0.889151 0.780771 0.933069 0.775022 0.932291 0.972529 0.972046 0.972077 0.970918 0.793213 0.783994 0.973061 0.974961 1 0.981032 0.974975 0.983033 0.974478 0.980022 0.98151 0.800202 0.799092 0.970694 0.790693 0.7896 0.761767 0.769235 0.904389 0.835002 0.747132 0.969008 0.791938 0.968902 0.972792 0.971364 0.968864 0.968362 0.973923 0.970316 0.974202 0.97388 0.974116 0.973676 0.974861 0.739348 0.741946 0.740922 0.742045 0.740361 0.749642 0.746446 0.973101 0.895697 0.787958 0.970063 0.969987 0.970554 0.972458 0.973288 0.979649 0.780608 0.953482 0.782096 0.797153 0.79723 0.794564 0.773444 0.792332 0.779443 0.772628 0.774546 0.972117 0.971948 0.972574 0.972921 0.973012 0.973173 0.972147 0.972395 0.973836 0.971889 0.895986 0.976325 0.976161 0.778139 
0.971506 0.901371 0.888962 0.769416 0.888893 0.780764 0.932542 0.774673 0.931903 0.972935 0.97242 0.972037 0.971827 0.792828 0.783461 0.97433 0.975292 0.981032 1 0.97633 0.982818 0.975996 0.980279 0.982677 0.800058 0.798832 0.972094 0.790659 0.789598 0.761703 0.769074 0.904466 0.834814 0.746567 0.969661 0.7919 0.969656 0.97368 0.971639 0.96905 0.968597 0.974298 0.971845 0.97467 0.973707 0.974231 0.972393 0.975678 0.738442 0.741483 0.740432 0.741117 0.739395 0.749068 0.745878 0.97376 0.895386 0.787877 0.971411 0.971236 0.971968 0.972428 0.973317 0.980459 0.780409 0.953356 0.781943 0.796301 0.797202 0.794569 0.772437 0.791639 0.779147 0.771893 0.774255 0.972163 0.97201 0.972164 0.972417 0.973769 0.9739 0.971495 0.971978 0.974977 0.971737 0.895255 0.977179 0.976807 0.778137 
0.971763 0.901485 0.886885 0.768635 0.88911 0.780004 0.932667 0.77504 0.932224 0.974982 0.974593 0.97237 0.972871 0.791564 0.782673 0.974388 0.972626 0.974975 0.97633 1 0.974798 0.97606 0.975129 0.975729 0.799166 0.797589 0.97189 0.789788 0.788706 0.760424 0.768338 0.903151 0.833737 0.746114 0.970624 0.791063 0.969459 0.973777 0.969429 0.9683 0.967745 0.97729 0.971495 0.97753 0.973834 0.974841 0.97356 0.97317 0.73727 0.740207 0.739103 0.739982 0.738258 0.747902 0.745118 0.975212 0.894988 0.787315 0.971146 0.971436 0.973206 0.973446 0.973683 0.976107 0.779797 0.951198 0.78089 0.795614 0.795873 0.79325 0.771931 0.791029 0.778404 0.771606 0.773176 0.972105 0.971928 0.970978 0.971167 0.975648 0.975577 0.970392 0.970664 0.976348 0.970885 0.895812 0.974737 0.975604 0.77673 
0.971321 0.901867 0.889238 0.769877 0.88903 0.781137 0.932732 0.775049 0.932033 0.97186 0.971335 0.972194 0.971292 0.793435 0.784093 0.973339 0.974134 0.983033 0.982818 0.974798 1 0.975009 0.979894 0.982381 0.800272 0.799212 0.971057 0.791248 0.790146 0.761957 0.769312 0.904731 0.835107 0.746971 0.969173 0.792167 0.96914 0.972557 0.97052 0.968535 0.967982 0.972978 0.970802 0.973324 0.973636 0.974137 0.972245 0.974971 0.738932 0.741918 0.74086 0.741657 0.739914 0.749557 0.746452 0.973394 0.895807 0.788239 0.970517 0.970181 0.97127 0.972297 0.973136 0.980939 0.78088 0.953665 0.782364 0.797007 0.797579 0.794918 0.772888 0.792111 0.779559 0.77237 0.774834 0.972125 0.972085 0.97142 0.971699 0.972299 0.972625 0.970951 0.971379 0.974388 0.971317 0.895735 0.976099 0.975998 0.778391 
0.97228 0.902214 0.887598 0.769207 0.888251 0.780451 0.932953 0.774803 0.93255 0.973594 0.9731 0.973458 0.972044 0.792279 0.78322 0.974934 0.972811 0.974478 0.975996 0.97606 0.975009 1 0.975919 0.975557 0.799684 0.798248 0.970909 0.790723 0.789731 0.761138 0.768905 0.904519 0.834334 0.746588 0.969482 0.791684 0.970258 0.972797 0.969313 0.970726 0.97033 0.974817 0.971473 0.974911 0.972568 0.973954 0.972572 0.973442 0.738168 0.740983 0.739981 0.740849 0.739175 0.748807 0.746101 0.975426 0.895565 0.787964 0.970244 0.971062 0.972444 0.97249 0.97346 0.977948 0.780343 0.952028 0.781367 0.796384 0.796739 0.794085 0.77248 0.791838 0.779316 0.772509 0.773778 0.971793 0.97165 0.970184 0.970287 0.973768 0.974157 0.969609 0.969943 0.977121 0.973863 0.896418 0.974888 0.974195 0.777341 
0.971926 0.901516 0.887878 0.76861 0.888857 0.779846 0.932743 0.77443 0.932209 0.972218 0.971697 0.971959 0.972052 0.792261 0.783195 0.973984 0.974206 0.980022 0.980279 0.975129 0.979894 0.975919 1 0.981195 0.799203 0.797997 0.971494 0.789937 0.788837 0.760717 0.76827 0.904222 0.833854 0.746346 0.969496 0.791022 0.969846 0.97273 0.970422 0.969256 0.968881 0.973772 0.971574 0.973607 0.973183 0.974482 0.971823 0.974367 0.737989 0.740933 0.739907 0.740697 0.738972 0.748887 0.74561 0.974327 0.895544 0.787096 0.971041 0.97083 0.972015 0.972379 0.973434 0.979165 0.779808 0.952253 0.781224 0.795749 0.796277 0.793714 0.771968 0.790969 0.778755 0.771544 0.77377 0.972237 0.972087 0.971748 0.971868 0.973044 0.973221 0.971339 0.971609 0.975298 0.972149 0.895602 0.977677 0.976402 0.777132 
0.971662 0.901784 0.889326 0.769596 0.889203 0.78101 0.932933 0.77498 0.932193 0.972336 0.971955 0.971724 0.971904 0.793164 0.783816 0.974364 0.976063 0.98151 0.982677 0.975729 0.982381 0.975557 0.981195 1 0.800276 0.799075 0.971577 0.790904 0.789887 0.76213 0.769373 0.904736 0.835176 0.747005 0.969555 0.792096 0.969632 0.97318 0.97238 0.969516 0.968906 0.973869 0.971574 0.974132 0.973964 0.974784 0.972865 0.974944 0.738657 0.74176 0.740697 0.741369 0.739648 0.749343 0.746239 0.973868 0.895516 0.7882 0.971164 0.971213 0.971852 0.972451 0.973378 0.980591 0.780746 0.953652 0.782325 0.796729 0.797517 0.794807 0.77293 0.792034 0.779645 0.772309 0.774498 0.972078 0.971868 0.972997 0.973212 0.973041 0.973093 0.972386 0.972769 0.975113 0.972213 0.89559 0.978716 0.976573 0.778419 
0.799624 0.78959 0.864335 0.893317 0.802636 0.901073 0.793856 0.80217 0.793408 0.799191 0.798954 0.798279 0.799286 0.896351 0.894286 0.79911 0.799791 0.800202 0.800058 0.799166 0.800272 0.799684 0.799203 0.800276 1 0.966071 0.797062 0.960879 0.960142 0.790035 0.816158 0.789054 0.9435 0.732446 0.798529 0.970889 0.800271 0.803438 0.799804 0.800604 0.800063 0.799146 0.796864 0.799685 0.798977 0.799982 0.79978 0.800029 0.724806 0.726705 0.725817 0.726779 0.72545 0.734701 0.728526 0.798851 0.783932 0.967519 0.796669 0.796923 0.799704 0.799387 0.799026 0.800002 0.928181 0.842165 0.88465 0.935751 0.963152 0.960798 0.858528 0.965389 0.78805 0.784838 0.869877 0.798977 0.798683 0.799441 0.799336 0.799353 0.799182 0.799355 0.799171 0.799087 0.800167 0.783546 0.798806 0.799184 0.817333 
0.795405 0.78926 0.862296 0.892647 0.802716 0.899622 0.791787 0.801457 0.791322 0.797543 0.797239 0.796664 0.797318 0.900744 0.899871 0.797505 0.796226 0.799092 0.798832 0.797589 0.799212 0.798248 0.797997 0.799075 0.966071 1 0.795294 0.95891 0.958089 0.794359 0.819025 0.788835 0.939155 0.731692 0.794823 0.967433 0.795744 0.799772 0.79554 0.796408 0.795549 0.797645 0.795388 0.798103 0.797398 0.798352 0.798311 0.798491 0.725783 0.727477 0.726748 0.727664 0.726377 0.734612 0.729224 0.796957 0.783967 0.964937 0.794958 0.795153 0.797764 0.79768 0.797384 0.798892 0.928079 0.840648 0.882983 0.936468 0.961098 0.960204 0.864504 0.962728 0.7794 0.775992 0.875257 0.797177 0.796897 0.795709 0.795682 0.797529 0.797463 0.795518 0.795619 0.797603 0.796722 0.783547 0.797424 0.797762 0.819584 
0.966544 0.898079 0.885075 0.766505 0.884612 0.777838 0.930186 0.772144 0.929299 0.969421 0.969056 0.968268 0.982789 0.78926 0.780192 0.971271 0.968588 0.970694 0.972094 0.97189 0.971057 0.970909 0.971494 0.971577 0.797062 0.795294 1 0.787703 0.786655 0.758241 0.766344 0.900252 0.83174 0.744896 0.985911 0.789084 0.964686 0.9685 0.964858 0.964749 0.964258 0.970383 0.973069 0.970618 0.968451 0.969588 0.968277 0.968836 0.734965 0.737878 0.736873 0.737674 0.735954 0.74582 0.742619 0.969769 0.891434 0.785241 0.990013 0.973136 0.980863 0.982859 0.983346 0.971171 0.777638 0.949252 0.77881 0.793332 0.793891 0.791231 0.770193 0.788799 0.776337 0.769561 0.770962 0.968566 0.968541 0.965681 0.965642 0.969877 0.969812 0.965239 0.965257 0.970916 0.967805 0.892463 0.971346 0.971028 0.774695 
0.7904 0.783725 0.85241 0.891473 0.794887 0.89308 0.78738 0.796276 0.787146 0.789812 0.789549 0.788979 0.789921 0.888952 0.889019 0.789925 0.79031 0.790693 0.790659 0.789788 0.791248 0.790723 0.789937 0.790904 0.960879 0.95891 0.787703 1 0.985154 0.785949 0.812851 0.783513 0.933336 0.729875 0.789069 0.967244 0.790036 0.79358 0.789509 0.790648 0.790115 0.789787 0.787706 0.790363 0.789626 0.790722 0.79011 0.790406 0.72257 0.724708 0.723889 0.72437 0.72324 0.73244 0.726599 0.789359 0.779887 0.966173 0.787353 0.787847 0.789648 0.789852 0.789504 0.790882 0.931738 0.832349 0.880293 0.930827 0.971197 0.972822 0.853688 0.964031 0.779983 0.777796 0.867419 0.789367 0.789201 0.789917 0.789752 0.789718 0.789771 0.789918 0.789762 0.789904 0.791014 0.779386 0.789537 0.78954 0.816609 
0.789342 0.782904 0.851377 0.891353 0.793894 0.892357 0.78648 0.795469 0.786343 0.788719 0.788481 0.787929 0.788926 0.888345 0.888369 0.788804 0.789271 0.7896 0.789598 0.788706 0.790146 0.789731 0.788837 0.789887 0.960142 0.958089 0.786655 0.985154 1 0.785205 0.812087 0.782742 0.93234 0.729406 0.788058 0.966715 0.78901 0.792487 0.788536 0.789634 0.789028 0.78874 0.786617 0.789309 0.788558 0.789655 0.78903 0.789399 0.722153 0.724267 0.723498 0.723858 0.722843 0.731987 0.726092 0.788271 0.779317 0.965779 0.786315 0.786713 0.788593 0.788803 0.788461 0.7898 0.931423 0.831264 0.88003 0.93004 0.970816 0.972627 0.85285 0.963552 0.779234 0.777101 0.867159 0.788279 0.788196 0.788827 0.788682 0.788676 0.788707 0.78879 0.788708 0.788805 0.789962 0.778535 0.788502 0.788394 0.815926 
0.758144 0.752056 0.791822 0.786804 0.769189 0.793648 0.754608 0.76256 0.754078 0.760535 0.760191 0.759563 0.760086 0.786957 0.787354 0.760182 0.759028 0.761767 0.761703 0.760424 0.761957 0.761138 0.760717 0.76213 0.790035 0.794359 0.758241 0.785949 0.785205 1 0.80298 0.752014 0.795738 0.761544 0.757537 0.788049 0.758421 0.762537 0.75837 0.758846 0.757996 0.760669 0.758568 0.761075 0.759952 0.761146 0.760649 0.761553 0.756936 0.758153 0.757581 0.758459 0.757293 0.742877 0.756694 0.759983 0.747368 0.785443 0.75819 0.758172 0.760056 0.760174 0.760002 0.761695 0.785701 0.797809 0.776668 0.791337 0.787868 0.786444 0.823225 0.787453 0.761907 0.759438 0.775162 0.759646 0.759396 0.758449 0.758459 0.760467 0.760494 0.758228 0.758335 0.760621 0.759454 0.747037 0.760576 0.760595 0.800289 
0.766901 0.760626 0.802104 0.808867 0.776114 0.815925 0.764398 0.77721 0.764217 0.76891 0.76869 0.767693 0.768224 0.801999 0.803005 0.768006 0.767045 0.769235 0.769074 0.768338 0.769312 0.768905 0.76827 0.769373 0.816158 0.819025 0.766344 0.812851 0.812087 0.80298 1 0.759356 0.816952 0.735668 0.765486 0.814329 0.767246 0.770213 0.767086 0.767244 0.766512 0.768771 0.766004 0.768938 0.768891 0.769162 0.769003 0.769165 0.729432 0.730784 0.730178 0.731231 0.730055 0.739654 0.731093 0.767819 0.755684 0.812507 0.766008 0.76579 0.768574 0.76854 0.768549 0.769293 0.812598 0.805772 0.790424 0.818105 0.814568 0.812984 0.867718 0.815209 0.782098 0.77944 0.791449 0.767497 0.767278 0.766993 0.766894 0.768324 0.768356 0.766695 0.766837 0.768638 0.767583 0.755128 0.768868 0.769004 0.956517 
0.901793 0.94343 0.856074 0.764135 0.869056 0.772378 0.896905 0.762629 0.896411 0.902667 0.902571 0.902425 0.902322 0.783938 0.779136 0.903244 0.902268 0.904389 0.904466 0.903151 0.904731 0.904519 0.904222 0.904736 0.789054 0.788835 0.900252 0.783513 0.782742 0.752014 0.759356 1 0.8157 0.739694 0.899315 0.782924 0.901171 0.903837 0.900327 0.900715 0.900089 0.903145 0.900884 0.903421 0.903237 0.903189 0.902843 0.906163 0.732876 0.735962 0.735114 0.734876 0.733656 0.739019 0.745919 0.903462 0.955038 0.78135 0.900488 0.900578 0.902694 0.902614 0.902925 0.904049 0.773615 0.904814 0.775782 0.786203 0.78883 0.787135 0.763749 0.783293 0.766193 0.760093 0.770784 0.902345 0.902318 0.90084 0.900685 0.902555 0.902579 0.900369 0.900551 0.904374 0.902201 0.954971 0.903996 0.903512 0.769198 
0.833915 0.815617 0.889041 0.87523 0.82635 0.88556 0.823924 0.806871 0.823342 0.83387 0.833544 0.832946 0.833821 0.886052 0.880206 0.833842 0.834338 0.835002 0.834814 0.833737 0.835107 0.834334 0.833854 0.835176 0.9435 0.939155 0.83174 0.933336 0.93234 0.795738 0.816952 0.8157 1 0.746327 0.833049 0.942265 0.834534 0.838427 0.834094 0.834807 0.83401 0.833824 0.831453 0.834382 0.833499 0.834488 0.834209 0.834923 0.738516 0.740785 0.739899 0.740905 0.739313 0.747244 0.743362 0.833448 0.809295 0.938006 0.831381 0.831558 0.834168 0.83417 0.833788 0.834757 0.905022 0.877642 0.871966 0.916019 0.936704 0.93472 0.853094 0.937329 0.798961 0.793998 0.859023 0.833531 0.833213 0.833947 0.833815 0.833893 0.833778 0.833826 0.833664 0.83376 0.834623 0.809077 0.833499 0.833764 0.819821 
0.744686 0.740627 0.762564 0.721069 0.748668 0.727177 0.745286 0.758004 0.74414 0.747509 0.747485 0.746328 0.746813 0.734271 0.727261 0.746202 0.74492 0.747132 0.746567 0.746114 0.746971 0.746588 0.746346 0.747005 0.732446 0.731692 0.744896 0.729875 0.729406 0.761544 0.735668 0.739694 0.746327 1 0.74427 0.728231 0.74444 0.747958 0.744401 0.745245 0.744457 0.74682 0.744072 0.746992 0.746213 0.746957 0.746721 0.747327 0.92878 0.929392 0.929402 0.928892 0.928681 0.754741 0.92029 0.74608 0.737445 0.726074 0.745037 0.744405 0.746597 0.747731 0.747161 0.746651 0.727469 0.785683 0.726852 0.731766 0.732399 0.731141 0.735879 0.729587 0.755166 0.75107 0.726748 0.746985 0.746877 0.74502 0.744907 0.746555 0.746478 0.744837 0.744838 0.746158 0.746144 0.737787 0.746193 0.747136 0.738742 
0.969481 0.898585 0.885333 0.768046 0.884321 0.779354 0.929436 0.771751 0.928537 0.968497 0.968135 0.967345 0.980025 0.789529 0.780987 0.969371 0.971062 0.969008 0.969661 0.970624 0.969173 0.969482 0.969496 0.969555 0.798529 0.794823 0.985911 0.789069 0.788058 0.757537 0.765486 0.899315 0.833049 0.74427 1 0.790725 0.967438 0.968752 0.967446 0.967982 0.967652 0.96971 0.970097 0.970023 0.967773 0.968311 0.967602 0.967104 0.734662 0.737642 0.73664 0.737413 0.735706 0.745326 0.742364 0.968577 0.891247 0.786891 0.985067 0.971151 0.978815 0.981575 0.982747 0.969484 0.779244 0.948337 0.780337 0.795174 0.795142 0.792328 0.770253 0.790623 0.778017 0.772269 0.771569 0.967056 0.966868 0.967786 0.967343 0.969136 0.968975 0.967263 0.967338 0.969583 0.970368 0.891997 0.969753 0.970482 0.773496 
0.791725 0.784234 0.857495 0.895632 0.796739 0.902414 0.787059 0.798311 0.786773 0.791106 0.790837 0.790339 0.791264 0.896195 0.895154 0.79114 0.791658 0.791938 0.7919 0.791063 0.792167 0.791684 0.791022 0.792096 0.970889 0.967433 0.789084 0.967244 0.966715 0.788049 0.814329 0.782924 0.942265 0.728231 0.790725 1 0.792495 0.795599 0.792266 0.793263 0.792705 0.791155 0.78881 0.791768 0.791003 0.791914 0.791766 0.791729 0.720817 0.722554 0.721802 0.722714 0.721391 0.730507 0.724368 0.790769 0.778493 0.975488 0.788726 0.788988 0.791751 0.791483 0.791003 0.791812 0.929903 0.833705 0.884669 0.938363 0.966715 0.965504 0.858374 0.9712 0.783827 0.781414 0.871055 0.790945 0.79071 0.791467 0.791239 0.791259 0.791115 0.79131 0.791244 0.791079 0.792356 0.778213 0.790778 0.791101 0.814686 
0.986587 0.900041 0.8865 0.769858 0.886161 0.78144 0.930284 0.773346 0.929778 0.967021 0.966589 0.976819 0.966443 0.791013 0.783228 0.96687 0.970633 0.968902 0.969656 0.969459 0.96914 0.970258 0.969846 0.969632 0.800271 0.795744 0.964686 0.790036 0.78901 0.758421 0.767246 0.901171 0.834534 0.74444 0.967438 0.792495 1 0.970925 0.971359 0.972117 0.972015 0.96893 0.963958 0.968931 0.967048 0.968659 0.965988 0.976806 0.735755 0.738558 0.737576 0.738409 0.736728 0.745645 0.743258 0.978789 0.892405 0.788513 0.964482 0.963907 0.968776 0.966484 0.967312 0.969887 0.77984 0.948232 0.78198 0.796888 0.795698 0.792765 0.771293 0.792967 0.780927 0.775043 0.773389 0.965499 0.965147 0.968716 0.968373 0.967793 0.967804 0.968201 0.968324 0.980516 0.970606 0.892529 0.969638 0.970234 0.774825 
0.970981 0.902525 0.890995 0.772077 0.888779 0.783744 0.932576 0.776152 0.931824 0.97853 0.978168 0.97103 0.969787 0.794406 0.785632 0.97086 0.972008 0.972792 0.97368 0.973777 0.972557 0.972797 0.97273 0.97318 0.803438 0.799772 0.9685 0.79358 0.792487 0.762537 0.770213 0.903837 0.838427 0.747958 0.968752 0.795599 0.970925 1 0.970729 0.970675 0.970225 0.979596 0.968438 0.979408 0.970491 0.970725 0.969963 0.972705 0.739486 0.742034 0.741088 0.742127 0.740466 0.749784 0.746753 0.971939 0.895258 0.791562 0.968182 0.967902 0.97128 0.970899 0.971686 0.973165 0.78325 0.953816 0.78473 0.799724 0.799628 0.796705 0.774906 0.795987 0.782956 0.777382 0.776143 0.970092 0.969817 0.969334 0.96943 0.978109 0.978201 0.968772 0.96909 0.972835 0.971153 0.895485 0.970674 0.971992 0.778443 
0.970107 0.900138 0.885994 0.769719 0.886234 0.781125 0.930217 0.772761 0.929758 0.968034 0.967593 0.967246 0.966256 0.790832 0.782328 0.968166 0.98337 0.971364 0.971639 0.969429 0.97052 0.969313 0.970422 0.97238 0.799804 0.79554 0.964858 0.789509 0.788536 0.75837 0.767086 0.900327 0.834094 0.744401 0.967446 0.792266 0.971359 0.970729 1 0.971338 0.971515 0.969368 0.965097 0.968986 0.96926 0.968313 0.968593 0.968327 0.735113 0.737953 0.736975 0.737814 0.736118 0.74582 0.742899 0.968549 0.89239 0.78847 0.964737 0.964781 0.969309 0.967402 0.968153 0.96961 0.779476 0.947619 0.781837 0.796862 0.79506 0.792202 0.770774 0.792459 0.779674 0.773996 0.772489 0.967498 0.967069 0.970618 0.970376 0.968186 0.968233 0.970066 0.970351 0.969804 0.969935 0.892341 0.970734 0.971214 0.7744 
0.970998 0.901586 0.88665 0.770971 0.88637 0.782248 0.930258 0.773089 0.929487 0.968076 0.967696 0.968172 0.966252 0.791954 0.78332 0.967538 0.970381 0.968864 0.96905 0.9683 0.968535 0.970726 0.969256 0.969516 0.800604 0.796408 0.964749 0.790648 0.789634 0.758846 0.767244 0.900715 0.834807 0.745245 0.967982 0.793263 0.972117 0.970675 0.971338 1 0.989914 0.968984 0.96478 0.969168 0.967803 0.969429 0.966718 0.968707 0.736429 0.739014 0.737967 0.739077 0.737463 0.74659 0.743757 0.969911 0.89316 0.789596 0.964711 0.964515 0.969127 0.967125 0.967695 0.969555 0.780559 0.948009 0.783101 0.797904 0.796267 0.793483 0.771312 0.793351 0.780557 0.774873 0.773578 0.966842 0.966437 0.967714 0.967571 0.967181 0.96719 0.967053 0.967181 0.970399 0.986489 0.893622 0.969493 0.969587 0.774429 
0.970817 0.901171 0.885669 0.770546 0.885577 0.781758 0.930002 0.772268 0.929229 0.967574 0.967285 0.967642 0.965864 0.791245 0.782802 0.967146 0.969891 0.968362 0.968597 0.967745 0.967982 0.97033 0.968881 0.968906 0.800063 0.795549 0.964258 0.790115 0.789028 0.757996 0.766512 0.900089 0.83401 0.744457 0.967652 0.792705 0.972015 0.970225 0.971515 0.989914 1 0.968464 0.964357 0.968517 0.967384 0.969001 0.966274 0.967894 0.735651 0.7382 0.737178 0.738312 0.736639 0.745892 0.742946 0.969354 0.892636 0.789071 0.964273 0.964076 0.968777 0.966672 0.967309 0.968988 0.779849 0.946988 0.782569 0.797279 0.795446 0.792728 0.770479 0.792986 0.780025 0.774361 0.772984 0.966542 0.966081 0.967258 0.967103 0.966722 0.966728 0.966722 0.966833 0.969865 0.986928 0.893293 0.968782 0.968869 0.773572 
0.970791 0.901592 0.887284 0.768532 0.888193 0.77996 0.933372 0.774806 0.932725 0.985745 0.985311 0.972923 0.971792 0.791929 0.783059 0.973465 0.972092 0.973923 0.974298 0.97729 0.972978 0.974817 0.973772 0.973869 0.799146 0.797645 0.970383 0.789787 0.78874 0.760669 0.768771 0.903145 0.833824 0.74682 0.96971 0.791155 0.96893 0.979596 0.969368 0.968984 0.968464 1 0.969913 0.988903 0.97427 0.973619 0.972858 0.97282 0.737986 0.741037 0.739993 0.740719 0.73899 0.74855 0.745893 0.974155 0.895061 0.787375 0.969699 0.97032 0.972217 0.974975 0.975731 0.974713 0.779821 0.951602 0.781083 0.796179 0.795962 0.793274 0.773055 0.791951 0.778685 0.772701 0.773575 0.972029 0.971799 0.969492 0.969729 0.98266 0.982972 0.96912 0.969208 0.975106 0.971718 0.895753 0.973018 0.974364 0.776952 
0.965808 0.898081 0.884916 0.766437 0.885508 0.777737 0.92979 0.77231 0.929335 0.968997 0.968588 0.967482 0.967912 0.789606 0.78051 0.981217 0.96858 0.970316 0.971845 0.971495 0.970802 0.971473 0.971574 0.971574 0.796864 0.795388 0.973069 0.787706 0.786617 0.758568 0.766004 0.900884 0.831453 0.744072 0.970097 0.78881 0.963958 0.968438 0.965097 0.96478 0.964357 0.969913 1 0.970358 0.969267 0.970694 0.969493 0.968798 0.735105 0.738115 0.737028 0.737751 0.736068 0.746173 0.74277 0.968859 0.892055 0.784979 0.972851 0.982208 0.968071 0.968701 0.968835 0.970393 0.777493 0.949104 0.77885 0.793246 0.793753 0.791237 0.769812 0.788717 0.776318 0.769367 0.771303 0.97954 0.979455 0.966698 0.966733 0.969279 0.969513 0.96608 0.966153 0.969953 0.967716 0.892894 0.970036 0.970392 0.774487 
0.970821 0.902229 0.887547 0.768981 0.888519 0.780376 0.933562 0.774971 0.932856 0.984373 0.983807 0.972893 0.971568 0.792058 0.783151 0.973845 0.972227 0.974202 0.97467 0.97753 0.973324 0.974911 0.973607 0.974132 0.799685 0.798103 0.970618 0.790363 0.789309 0.761075 0.768938 0.903421 0.834382 0.746992 0.970023 0.791768 0.968931 0.979408 0.968986 0.969168 0.968517 0.988903 0.970358 1 0.973935 0.973799 0.972817 0.973168 0.738465 0.741278 0.740242 0.741195 0.739477 0.749235 0.746293 0.974224 0.895307 0.787994 0.969846 0.971028 0.972326 0.97452 0.974651 0.974812 0.780435 0.952122 0.781354 0.796618 0.796494 0.793789 0.77308 0.792105 0.778976 0.772994 0.773628 0.972024 0.971904 0.969504 0.96975 0.982238 0.982468 0.968955 0.969166 0.975142 0.971992 0.896211 0.97339 0.974669 0.777314 
0.968864 0.901666 0.88652 0.768669 0.887913 0.779925 0.933345 0.774675 0.932472 0.972511 0.972149 0.970128 0.969841 0.791718 0.782783 0.971667 0.972062 0.97388 0.973707 0.973834 0.973636 0.972568 0.973183 0.973964 0.798977 0.797398 0.968451 0.789626 0.788558 0.759952 0.768891 0.903237 0.833499 0.746213 0.967773 0.791003 0.967048 0.970491 0.96926 0.967803 0.967384 0.97427 0.969267 0.973935 1 0.979858 0.974979 0.970571 0.737521 0.74038 0.739414 0.740268 0.738525 0.748622 0.74538 0.971656 0.894983 0.787182 0.967623 0.968513 0.970446 0.972368 0.972891 0.974129 0.779744 0.950686 0.780775 0.796007 0.795792 0.793085 0.772647 0.791272 0.778398 0.772482 0.77322 0.970374 0.970069 0.970832 0.971199 0.972218 0.972603 0.970407 0.97069 0.972152 0.970669 0.895597 0.974748 0.974954 0.777157 
0.970572 0.90115 0.887505 0.769542 0.888676 0.780793 0.932941 0.775359 0.932432 0.971857 0.971523 0.971442 0.971429 0.792569 0.783356 0.973151 0.971056 0.974116 0.974231 0.974841 0.974137 0.973954 0.974482 0.974784 0.799982 0.798352 0.969588 0.790722 0.789655 0.761146 0.769162 0.903189 0.834488 0.746957 0.968311 0.791914 0.968659 0.970725 0.968313 0.969429 0.969001 0.973619 0.970694 0.973799 0.979858 1 0.974673 0.971913 0.738068 0.740969 0.739938 0.740732 0.739024 0.749078 0.745755 0.973308 0.894558 0.78808 0.969042 0.970032 0.971081 0.971449 0.97137 0.97471 0.780528 0.951674 0.781684 0.796563 0.796782 0.794021 0.772718 0.792066 0.779268 0.772471 0.773986 0.971877 0.971609 0.97025 0.970344 0.972802 0.973087 0.969757 0.970034 0.974288 0.972409 0.895087 0.974322 0.974338 0.777573 
0.967583 0.901005 0.887168 0.769282 0.887506 0.780542 0.932786 0.774519 0.932077 0.97149 0.971244 0.96982 0.969852 0.792317 0.783341 0.972235 0.970715 0.973676 0.972393 0.97356 0.972245 0.972572 0.971823 0.972865 0.79978 0.798311 0.968277 0.79011 0.78903 0.760649 0.769003 0.902843 0.834209 0.746721 0.967602 0.791766 0.965988 0.969963 0.968593 0.966718 0.966274 0.972858 0.969493 0.972817 0.974979 0.974673 1 0.970624 0.738712 0.740735 0.739756 0.741468 0.739691 0.748976 0.745792 0.971119 0.894873 0.787951 0.967606 0.968804 0.969742 0.971054 0.97205 0.972466 0.780601 0.950967 0.781541 0.796938 0.796624 0.794026 0.773075 0.792352 0.778432 0.772478 0.773858 0.970701 0.970501 0.968991 0.969282 0.970347 0.970616 0.968556 0.968786 0.971768 0.969473 0.89575 0.971817 0.972769 0.77742 
0.978635 0.901992 0.889134 0.769416 0.888925 0.780967 0.932363 0.77562 0.931715 0.971131 0.9707 0.979109 0.968588 0.793133 0.783338 0.970951 0.971277 0.974861 0.975678 0.97317 0.974971 0.973442 0.974367 0.974944 0.800029 0.798491 0.968836 0.790406 0.789399 0.761553 0.769165 0.906163 0.834923 0.747327 0.967104 0.791729 0.976806 0.972705 0.968327 0.968707 0.967894 0.97282 0.968798 0.973168 0.970571 0.971913 0.970624 1 0.738773 0.742108 0.741056 0.74144 0.739766 0.749445 0.746517 0.98193 0.895355 0.787739 0.968057 0.968029 0.969806 0.970334 0.970944 0.975803 0.780506 0.952791 0.782214 0.79658 0.797303 0.794551 0.773159 0.79186 0.780148 0.773272 0.774382 0.968994 0.968921 0.969144 0.969238 0.971429 0.971503 0.968584 0.968711 0.981853 0.970899 0.895326 0.972613 0.973022 0.779131 
0.736096 0.732865 0.754999 0.715859 0.741083 0.721239 0.734861 0.750106 0.733795 0.738354 0.738246 0.736921 0.736758 0.727889 0.722296 0.737311 0.735962 0.739348 0.738442 0.73727 0.738932 0.738168 0.737989 0.738657 0.724806 0.725783 0.734965 0.72257 0.722153 0.756936 0.729432 0.732876 0.738516 0.92878 0.734662 0.720817 0.735755 0.739486 0.735113 0.736429 0.735651 0.737986 0.735105 0.738465 0.737521 0.738068 0.738712 0.738773 1 0.979249 0.979641 0.982248 0.983878 0.74983 0.966883 0.736923 0.732126 0.718859 0.734914 0.735319 0.736946 0.737803 0.737527 0.738581 0.721063 0.778021 0.721039 0.725326 0.725259 0.72409 0.728803 0.721975 0.746734 0.743737 0.722601 0.73759 0.737469 0.736081 0.735964 0.73761 0.737635 0.7359 0.735923 0.737608 0.737468 0.731702 0.737331 0.737976 0.73245 
0.738891 0.735642 0.757823 0.717152 0.743929 0.722838 0.737502 0.752719 0.736781 0.741393 0.741248 0.739893 0.739707 0.729932 0.724066 0.74022 0.738899 0.741946 0.741483 0.740207 0.741918 0.740983 0.740933 0.74176 0.726705 0.727477 0.737878 0.724708 0.724267 0.758153 0.730784 0.735962 0.740785 0.929392 0.737642 0.722554 0.738558 0.742034 0.737953 0.739014 0.7382 0.741037 0.738115 0.741278 0.74038 0.740969 0.740735 0.742108 0.979249 1 0.983091 0.978704 0.979592 0.751371 0.969356 0.739952 0.734364 0.720417 0.737832 0.738178 0.739849 0.74098 0.740663 0.741527 0.722823 0.781066 0.722753 0.727565 0.727187 0.725945 0.730775 0.724052 0.749264 0.746333 0.724245 0.740772 0.740662 0.73921 0.739045 0.740435 0.740435 0.739036 0.739005 0.740523 0.740074 0.734155 0.740295 0.740876 0.73389 
