9.996E-05 9.996E-05 9.996E-05 9.996E-05 9.996E-05 0.9995
0.325713 9.9973E-05 9.9973E-05 0.255593 9.9973E-05 0.418394
0.792718 0.0831636 0.0414521 0.0369179 0.0456485 9.99911E-05
0.972649 9.9965E-05 9.9965E-05 9.9965E-05 0.0269511 9.9965E-05
0.466864 9.99731E-05 9.99731E-05 0.234924 9.99731E-05 0.297913
0.970282 9.9964E-05 9.9964E-05 9.9964E-05 0.0293182 9.9964E-05
0.0260455 0.62917 9.99731E-05 0.344485 9.99731E-05 9.99731E-05
0.442188 0.0129394 9.9991E-05 0.441496 0.0291142 0.0741621
0.0192601 0.501732 9.9982E-05 0.421098 9.9982E-05 0.0577105
9.99731E-05 9.99731E-05 9.99731E-05 0.130142 0.0474853 0.822073
9.9982E-05 0.0355767 9.9982E-05 0.0898164 0.0893038 0.785103
0.0793278 0.203086 9.9982E-05 9.9982E-05 0.123808 0.593579
0.00241459 0.997186 9.9964E-05 9.9964E-05 9.9964E-05 9.9964E-05
0.961431 9.9973E-05 0.0163158 9.9973E-05 9.9973E-05 0.0219528
0.933524 9.9964E-05 9.9964E-05 9.9964E-05 9.9964E-05 0.0660758
0.0267944 0.341387 9.9991E-05 0.0214448 0.00831151 0.601963
9.9982E-05 0.187664 0.0689406 9.9982E-05 0.362084 0.381111
9.99729E-05 9.99729E-05 0.728964 0.067105 9.99729E-05 0.203631
9.9964E-05 9.9964E-05 0.887367 9.9964E-05 0.112233 9.9964E-05
9.9973E-05 0.0547622 9.9973E-05 9.9973E-05 0.113275 0.831663
9.996E-05 9.996E-05 0.9995 9.996E-05 9.996E-05 9.996E-05
9.9973E-05 0.074167 9.9973E-05 9.9973E-05 0.00366681 0.921866
9.9982E-05 9.9982E-05 0.404913 0.0548314 0.426854 0.113202
9.9964E-05 9.9964E-05 0.917078 9.9964E-05 0.0825224 9.9964E-05
0.9995 9.996E-05 9.996E-05 9.996E-05 9.996E-05 9.996E-05
0.9995 9.996E-05 9.996E-05 9.996E-05 9.996E-05 9.996E-05
9.99729E-05 0.761505 9.99729E-05 9.99729E-05 0.0983397 0.139856
0.933444 9.9964E-05 9.9964E-05 0.066156 9.9964E-05 9.9964E-05
0.906373 0.00371782 9.9973E-05 0.0896091 9.9973E-05 9.9973E-05
0.709663 9.99821E-05 0.0126908 0.259682 0.0177642 9.99821E-05
0.646331 9.9973E-05 9.9973E-05 0.303567 0.0498028 9.9973E-05
0.107316 9.99731E-05 9.99731E-05 0.572653 9.99731E-05 0.31973
0.987633 9.99641E-05 9.99641E-05 0.0119669 9.99641E-05 9.99641E-05
0.0515133 9.9973E-05 9.9973E-05 0.939158 0.00902893 9.9973E-05
0.074074 0.547328 9.99819E-05 9.99819E-05 0.237251 0.141147
0.984073 0.00965746 9.99729E-05 9.99729E-05 9.99729E-05 0.00596955
0.0293013 9.99642E-05 9.99642E-05 9.99642E-05 9.99642E-05 0.970299
0.0227761 9.9991E-05 0.0190747 0.147699 0.00541469 0.804935
0.123403 0.103546 0.0597663 9.9991E-05 0.394907 0.318278
0.132017 9.99729E-05 0.00795571 9.99729E-05 9.99729E-05 0.859728
0.0770517 9.9982E-05 0.0110164 9.9982E-05 0.0201256 0.891606
9.9973E-05 9.9973E-05 0.0233642 9.9973E-05 0.071006 0.90533
9.9973E-05 0.319599 9.9973E-05 0.0344532 9.9973E-05 0.645648
9.9991E-05 0.0280217 0.0110359 0.033858 0.103331 0.823654
9.9991E-05 0.179941 0.103292 0.0249975 0.186072 0.505598
0.103077 0.0980086 0.0515424 0.0126479 0.0508495 0.683874
0.140182 0.255557 9.9991E-05 0.0364767 0.15142 0.416263
9.99644E-05 9.99644E-05 0.00529431 9.99644E-05 9.99644E-05 0.994306
9.996E-05 9.996E-05 9.996E-05 0.9995 9.996E-05 9.996E-05
9.99639E-05 9.99639E-05 0.00584208 0.993758 9.99639E-05 9.99639E-05
9.996E-05 9.996E-05 9.996E-05 0.9995 9.996E-05 9.996E-05
9.996E-05 9.996E-05 9.996E-05 0.9995 9.996E-05 9.996E-05
9.996E-05 9.996E-05 9.996E-05 0.9995 9.996E-05 9.996E-05
0.256155 0.0304535 0.0240398 0.613992 9.9991E-05 0.0752594
9.9964E-05 9.9964E-05 9.9964E-05 0.98215 9.9964E-05 0.0174504
9.9964E-05 0.0608026 9.9964E-05 9.9964E-05 9.9964E-05 0.938798
0.171654 9.9973E-05 9.9973E-05 0.502448 9.9973E-05 0.325599
0.999286 9.9964E-05 0.000314408 9.9964E-05 9.9964E-05 9.9964E-05
9.9973E-05 0.886289 9.9973E-05 9.9973E-05 0.0472997 0.0661118
0.062181 0.381397 9.9982E-05 9.9982E-05 0.00536325 0.550858
9.996E-05 0.9995 9.996E-05 9.996E-05 9.996E-05 9.996E-05
9.99639E-05 0.893996 9.99639E-05 9.99639E-05 9.99639E-05 0.105605
9.99729E-05 0.886987 9.99729E-05 9.99729E-05 0.0718527 0.0408608
9.99731E-05 9.99731E-05 0.945978 0.00400642 9.99731E-05 0.0497153
0.9995 9.996E-05 9.996E-05 9.996E-05 9.996E-05 9.996E-05
0.346681 0.172152 0.054511 0.0579795 0.069859 0.298817
0.982589 0.0124941 9.99731E-05 0.00461653 9.99731E-05 9.99731E-05
0.924262 0.0106302 9.9982E-05 9.9982E-05 0.0110773 0.0538301
0.905075 0.00370689 9.9973E-05 0.0909184 9.9973E-05 9.9973E-05
0.934024 9.9982E-05 0.00679678 0.0448504 9.9982E-05 0.014129
0.902893 9.9973E-05 9.9973E-05 9.9973E-05 0.00939974 0.0874074
0.9995 9.996E-05 9.996E-05 9.996E-05 9.996E-05 9.996E-05
0.510334 9.99643E-05 9.99643E-05 0.489266 9.99643E-05 9.99643E-05
0.47493 0.184979 9.99732E-05 0.339791 9.99732E-05 9.99732E-05
0.944208 9.9973E-05 9.9973E-05 0.0333895 9.9973E-05 0.0221027
0.0751383 0.150882 9.9991E-05 0.0949504 0.0381216 0.640808
0.051124 0.210713 9.9991E-05 0.091111 0.0516446 0.595307
9.996E-05 9.996E-05 9.996E-05 9.996E-05 0.9995 9.996E-05
9.996E-05 9.996E-05 9.996E-05 9.996E-05 0.9995 9.996E-05
9.9982E-05 0.0425412 9.9982E-05 0.0739544 0.0149992 0.868305
9.9991E-05 0.0781643 0.00993973 0.0660785 0.0115815 0.834136
9.996E-05 9.996E-05 9.996E-05 9.996E-05 0.9995 9.996E-05
9.996E-05 9.996E-05 9.996E-05 9.996E-05 0.9995 9.996E-05
9.99641E-05 0.0649379 9.99641E-05 9.99641E-05 9.99641E-05 0.934662
0.0157003 0.273746 0.0600549 0.0146483 9.9991E-05 0.63575
0.0836481 9.9973E-05 9.9973E-05 0.601105 9.9973E-05 0.314947
0.0724887 0.350373 0.111007 9.9991E-05 0.33476 0.131271
0.0258998 0.395553 0.0633972 9.9991E-05 0.312271 0.202779
0.591666 9.99821E-05 0.0376359 0.336588 0.0339101 9.99821E-05
