9.996E-05 0.9995 9.996E-05 9.996E-05 9.996E-05 9.996E-05
9.9973E-05 0.431694 0.314378 9.9973E-05 9.9973E-05 0.253628
0.0338135 9.99911E-05 0.802689 0.0954913 0.0403159 0.0275906
9.9964E-05 9.9964E-05 0.966257 9.9964E-05 0.0333427 9.9964E-05
9.99731E-05 0.278639 0.434289 9.99731E-05 9.99731E-05 0.286772
9.9964E-05 0.00527444 0.994326 9.9964E-05 9.9964E-05 9.9964E-05
9.99731E-05 9.99731E-05 0.0173146 0.641728 9.99731E-05 0.340658
9.9991E-05 0.0531884 0.387403 0.0104733 0.0521031 0.496732
9.9973E-05 0.0517051 9.9973E-05 0.50451 9.9973E-05 0.443485
9.9982E-05 0.71123 9.9982E-05 0.0637171 0.0775139 0.147339
9.9982E-05 0.687384 9.9982E-05 0.101872 0.0821298 0.128414
9.9982E-05 0.690018 0.0535228 0.137845 0.118414 9.9982E-05
9.996E-05 9.996E-05 9.996E-05 0.9995 9.996E-05 9.996E-05
0.0263578 0.00182483 0.954325 9.9982E-05 0.0172926 9.9982E-05
0.00486417 0.0383826 0.956453 9.9973E-05 9.9973E-05 9.9973E-05
9.9973E-05 0.608216 9.9973E-05 0.339923 9.9973E-05 0.0515615
0.0875852 0.345961 0.00433685 0.189836 0.372181 9.9991E-05
0.735538 0.172299 9.99729E-05 9.99729E-05 9.99729E-05 0.0918635
0.885124 9.9964E-05 9.9964E-05 9.9964E-05 0.114476 9.9964E-05
9.9973E-05 0.825395 9.9973E-05 0.0565682 0.117737 9.9973E-05
0.9995 9.996E-05 9.996E-05 9.996E-05 9.996E-05 9.996E-05
9.9973E-05 0.912397 9.9973E-05 0.068058 0.0192449 9.9973E-05
0.431943 0.116504 9.9991E-05 0.0107694 0.37886 0.0618239
0.910892 9.9964E-05 9.9964E-05 9.9964E-05 0.0887079 9.9964E-05
9.996E-05 9.996E-05 0.9995 9.996E-05 9.996E-05 9.996E-05
9.996E-05 9.996E-05 0.9995 9.996E-05 9.996E-05 9.996E-05
9.99729E-05 0.195964 9.99729E-05 0.708446 0.0952897 9.99729E-05
9.9973E-05 9.9973E-05 0.920182 0.0186964 9.9973E-05 0.0608218
9.9973E-05 9.9973E-05 0.903522 0.0135696 9.9973E-05 0.0826084
0.0305863 9.9991E-05 0.66256 0.00495634 0.0627031 0.239094
9.9973E-05 9.9973E-05 0.622119 9.9973E-05 0.0571825 0.320399
9.99731E-05 0.323856 0.104206 9.99731E-05 9.99731E-05 0.571638
9.996E-05 9.996E-05 0.9995 9.996E-05 9.996E-05 9.996E-05
9.9964E-05 9.9964E-05 0.0661631 9.9964E-05 9.9964E-05 0.933437
9.99819E-05 0.225255 0.040328 0.502236 0.231981 9.99819E-05
9.99639E-05 9.99639E-05 0.964816 0.0347843 9.99639E-05 9.99639E-05
9.99731E-05 0.954992 0.0434566 9.99731E-05 0.00125117 9.99731E-05
0.029076 0.763403 0.021835 0.0210818 9.9991E-05 0.164504
0.0690075 0.22791 0.165876 0.1666 0.370506 9.9991E-05
9.9964E-05 0.884853 0.114747 9.9964E-05 9.9964E-05 9.9964E-05
0.00682721 0.883312 0.104067 9.9982E-05 0.00559403 9.9982E-05
0.0329916 0.863963 9.9991E-05 0.0194841 0.0736334 0.0098274
9.9973E-05 0.635295 9.9973E-05 0.304736 9.9973E-05 0.0596686
9.9982E-05 0.746868 9.9982E-05 0.056595 0.120529 0.075808
0.120318 0.512377 9.9991E-05 0.191063 0.157625 0.0185169
0.0397792 0.70609 0.0526889 0.074478 0.0769844 0.0499794
0.00166463 0.48179 0.0967084 0.213569 0.131565 0.0747034
0.00688418 0.992716 9.99644E-05 9.99644E-05 9.99644E-05 9.99644E-05
9.996E-05 9.996E-05 9.996E-05 9.996E-05 9.996E-05 0.9995
9.996E-05 9.996E-05 9.996E-05 9.996E-05 9.996E-05 0.9995
0.00149116 9.99639E-05 9.99639E-05 9.99639E-05 9.99639E-05 0.998109
9.996E-05 9.996E-05 9.996E-05 9.996E-05 9.996E-05 0.9995
9.996E-05 9.996E-05 9.996E-05 9.996E-05 9.996E-05 0.9995
0.0388998 0.0604581 0.189459 0.0607539 9.9991E-05 0.650329
9.9964E-05 9.9964E-05 9.9964E-05 9.9964E-05 0.00984856 0.989752
9.9964E-05 0.964602 9.9964E-05 0.0349977 9.9964E-05 9.9964E-05
9.9982E-05 0.313169 0.0931649 0.0241666 9.9982E-05 0.5693
9.996E-05 9.996E-05 0.9995 9.996E-05 9.996E-05 9.996E-05
9.9973E-05 0.159512 9.9973E-05 0.803275 0.0369131 9.9973E-05
9.9982E-05 0.54377 0.068825 0.37988 0.00732524 9.9982E-05
9.996E-05 9.996E-05 9.996E-05 0.9995 9.996E-05 9.996E-05
9.99729E-05 0.0913973 9.99729E-05 0.881225 0.0270779 9.99729E-05
9.99729E-05 0.0535765 9.99729E-05 0.824281 0.121843 9.99729E-05
0.880018 0.119582 9.99641E-05 9.99641E-05 9.99641E-05 9.99641E-05
9.99641E-05 9.99641E-05 0.993006 9.99641E-05 9.99641E-05 0.00659365
0.0808716 0.252649 0.265416 0.0994393 0.0725717 0.229053
9.99641E-05 9.99641E-05 0.978105 0.0214953 9.99641E-05 9.99641E-05
9.9973E-05 0.0285374 0.970355 9.9973E-05 9.9973E-05 0.000807897
9.9973E-05 9.9973E-05 0.908221 0.0182011 9.9973E-05 0.073278
0.0134844 0.0067542 0.913778 9.9982E-05 9.9982E-05 0.0657833
9.9982E-05 0.0590006 0.923427 9.9982E-05 0.00367281 0.0136999
9.996E-05 9.996E-05 0.9995 9.996E-05 9.996E-05 9.996E-05
9.99732E-05 9.99732E-05 0.474027 0.0127877 9.99732E-05 0.512885
9.99732E-05 9.99732E-05 0.447814 0.187902 9.99732E-05 0.363984
0.00368044 0.00366473 0.942581 0.00422082 9.9991E-05 0.0457532
9.9991E-05 0.633024 0.070201 0.140547 0.0365124 0.119616
9.9991E-05 0.591197 0.0333235 0.18647 0.0517101 0.137198
9.996E-05 9.996E-05 9.996E-05 9.996E-05 0.9995 9.996E-05
9.996E-05 9.996E-05 9.996E-05 9.996E-05 0.9995 9.996E-05
9.9982E-05 0.775773 9.9982E-05 0.0729442 0.0483496 0.102734
9.9982E-05 0.750812 9.9982E-05 0.123384 0.046222 0.0793827
9.996E-05 9.996E-05 9.996E-05 9.996E-05 0.9995 9.996E-05
9.996E-05 9.996E-05 9.996E-05 9.996E-05 0.9995 9.996E-05
9.99641E-05 0.956536 9.99641E-05 0.0430641 9.99641E-05 9.99641E-05
0.0610671 0.584517 0.0188657 0.308218 9.9991E-05 0.0272326
9.9982E-05 0.258402 0.0745065 0.0394273 9.9982E-05 0.627464
0.129926 0.214477 0.0367399 0.328309 0.290449 9.9991E-05
0.0978621 0.249878 9.99821E-05 0.349793 0.302267 9.99821E-05
0.0229219 9.99821E-05 0.61214 9.99821E-05 0.0662567 0.298482
