9.99549E-05 0.994289 9.99549E-05 9.99549E-05 9.99549E-05 9.99549E-05 0.00521079
0.24067 0.306203 0.291045 9.9973E-05 9.9973E-05 9.9973E-05 0.161782
0.140127 9.99822E-05 0.704065 0.03633 0.0382396 0.0810387 9.99822E-05
9.9955E-05 9.9955E-05 0.963785 9.9955E-05 9.9955E-05 0.0357156 9.9955E-05
0.23786 0.124689 0.437079 9.99731E-05 9.99731E-05 9.99731E-05 0.200072
9.9964E-05 9.9964E-05 0.996984 9.9964E-05 9.9964E-05 0.00230566 0.000310868
0.33344 9.99732E-05 0.0158515 0.447196 9.99732E-05 9.99732E-05 0.203213
0.423521 9.99731E-05 0.434493 9.99731E-05 9.99731E-05 0.00849395 0.133192
0.367297 9.99731E-05 0.0212541 0.342235 9.99731E-05 9.99731E-05 0.268914
9.995E-05 9.995E-05 9.995E-05 9.995E-05 9.995E-05 9.995E-05 0.9994
9.995E-05 9.995E-05 9.995E-05 9.995E-05 9.995E-05 9.995E-05 0.9994
9.997E-05 0.714192 0.01272 0.139942 9.997E-05 0.132845 9.997E-05
9.99551E-05 9.99551E-05 0.00727259 0.992228 9.99551E-05 9.99551E-05 9.99551E-05
9.9973E-05 0.0231199 0.956932 9.9973E-05 0.0123516 0.00729653 9.9973E-05
9.9955E-05 0.0557971 0.943703 9.9955E-05 9.9955E-05 9.9955E-05 9.9955E-05
9.9973E-05 0.121382 0.0329221 0.349732 9.9973E-05 9.9973E-05 0.495664
9.9982E-05 0.00530966 9.9982E-05 0.1742 0.0737532 0.341355 0.405182
0.0986822 9.99639E-05 9.99639E-05 9.99639E-05 0.724406 9.99639E-05 0.176512
9.9955E-05 9.9955E-05 9.9955E-05 9.9955E-05 0.91796 0.08154 9.9955E-05
9.9973E-05 0.149525 9.9973E-05 0.0557682 9.9973E-05 0.0688093 0.725598
9.9955E-05 9.9955E-05 9.9955E-05 0.00764243 0.991858 9.9955E-05 9.9955E-05
9.99639E-05 0.642348 9.99639E-05 0.105901 9.99639E-05 9.99639E-05 0.251352
0.009665 9.9973E-05 9.9973E-05 9.9973E-05 0.410354 0.31035 0.269331
9.9964E-05 9.9964E-05 9.9964E-05 9.9964E-05 0.916252 0.0666403 0.0167078
9.995E-05 9.995E-05 0.9994 9.995E-05 9.995E-05 9.995E-05 9.995E-05
9.995E-05 9.995E-05 0.9994 9.995E-05 9.995E-05 9.995E-05 9.995E-05
9.99729E-05 0.0916547 9.99729E-05 0.760863 9.99729E-05 0.0738094 0.0733726
0.0465095 9.9964E-05 0.943656 0.00943416 9.9964E-05 9.9964E-05 9.9964E-05
0.065228 9.9964E-05 0.926097 0.0082749 9.9964E-05 9.9964E-05 9.9964E-05
0.232861 9.9982E-05 0.711835 0.0165649 0.0113358 0.0272036 9.9982E-05
0.330643 9.99641E-05 0.636871 9.99641E-05 9.99641E-05 0.0320863 9.99641E-05
0.571937 0.302542 0.105985 9.99731E-05 9.99731E-05 9.99731E-05 0.0192359
0.00927305 9.99641E-05 0.975113 9.99641E-05 9.99641E-05 0.0152136 9.99641E-05
0.882462 9.9973E-05 0.112165 0.00261175 9.9973E-05 0.00246162 9.9973E-05
9.99819E-05 0.0640988 0.066758 0.557968 9.99819E-05 0.258442 0.0525337
9.99639E-05 0.0277754 0.953337 0.0184873 9.99639E-05 9.99639E-05 9.99639E-05
9.995E-05 0.9994 9.995E-05 9.995E-05 9.995E-05 9.995E-05 9.995E-05
0.0973836 0.133587 9.9973E-05 9.9973E-05 0.0142243 9.9973E-05 0.754505
9.9982E-05 9.9982E-05 0.152364 0.126269 0.0350418 0.405906 0.280219
9.99729E-05 0.305811 0.0895647 9.99729E-05 9.99729E-05 0.0272017 0.577123
9.99729E-05 0.325869 0.0682008 9.99729E-05 9.99729E-05 0.0176467 0.587983
9.9955E-05 0.0123982 9.9955E-05 9.9955E-05 9.9955E-05 9.9955E-05 0.987102
9.996E-05 0.176293 9.996E-05 0.242646 9.996E-05 9.996E-05 0.580661
9.9973E-05 0.021947 9.9973E-05 0.0361102 9.9973E-05 0.00743809 0.934205
9.9982E-05 0.0668711 9.9982E-05 0.146371 0.0967784 0.146961 0.542819
9.9982E-05 0.142808 0.0699513 9.9982E-05 0.0230299 0.0484818 0.715529
0.0592657 0.253945 0.117896 0.189419 9.9991E-05 0.156508 0.222865
9.99553E-05 0.97826 9.99553E-05 9.99553E-05 0.0212402 9.99553E-05 9.99553E-05
0.9994 9.995E-05 9.995E-05 9.995E-05 9.995E-05 9.995E-05 9.995E-05
0.9994 9.995E-05 9.995E-05 9.995E-05 9.995E-05 9.995E-05 9.995E-05
0.995144 9.99549E-05 9.99549E-05 9.99549E-05 9.99549E-05 0.00435627 9.99549E-05
0.9994 9.995E-05 9.995E-05 9.995E-05 9.995E-05 9.995E-05 9.995E-05
0.9994 9.995E-05 9.995E-05 9.995E-05 9.995E-05 9.995E-05 9.995E-05
0.623639 0.00268023 0.217863 0.0747933 0.0141777 9.9991E-05 0.0667467
0.978095 0.0109123 9.99639E-05 9.99639E-05 9.99639E-05 0.0105928 9.99639E-05
9.99639E-05 0.887124 9.99639E-05 0.074287 9.99639E-05 9.99639E-05 0.0381887
0.574035 0.296103 0.0826817 9.9973E-05 9.9973E-05 9.9973E-05 0.0468798
9.995E-05 9.995E-05 0.9994 9.995E-05 9.995E-05 9.995E-05 9.995E-05
9.9964E-05 0.121785 9.9964E-05 0.855643 9.9964E-05 0.0221721 9.9964E-05
9.9973E-05 0.20563 0.0702713 0.338324 9.9973E-05 9.9973E-05 0.385475
9.995E-05 9.995E-05 9.995E-05 0.9994 9.995E-05 9.995E-05 9.995E-05
9.99639E-05 0.0193186 9.99639E-05 0.873119 9.99639E-05 9.99639E-05 0.107163
9.99729E-05 9.99729E-05 9.99729E-05 0.865158 0.0178497 0.0727269 0.0439656
9.99551E-05 0.0777287 9.99551E-05 9.99551E-05 0.921772 9.99551E-05 9.99551E-05
9.99552E-05 9.99552E-05 0.989382 9.99552E-05 9.99552E-05 0.010118 9.99552E-05
0.0806686 0.147709 0.37488 0.0599773 9.9991E-05 0.0932844 0.243381
0.00136982 9.99641E-05 0.994086 0.00414478 9.99641E-05 9.99641E-05 9.99641E-05
0.0108641 0.0185957 0.97014 9.9964E-05 9.9964E-05 9.9964E-05 9.9964E-05
0.0616518 9.9964E-05 0.908504 0.0294444 9.9964E-05 9.9964E-05 9.9964E-05
0.0533149 0.0245661 0.915525 0.00482692 0.00156744 9.9982E-05 9.9982E-05
9.997E-05 0.0274936 0.923998 9.997E-05 9.997E-05 0.0138315 0.0343768
9.9955E-05 9.9955E-05 0.995987 9.9955E-05 9.9955E-05 0.00351361 9.9955E-05
0.498884 9.99553E-05 0.500616 9.99553E-05 9.99553E-05 9.99553E-05 9.99553E-05
0.344007 9.99642E-05 0.473605 0.181988 9.99642E-05 9.99642E-05 9.99642E-05
0.00195982 0.0163903 0.962242 9.9973E-05 9.9973E-05 9.9973E-05 0.0191076
0.0596413 0.150268 0.0966915 0.0843709 9.999E-05 0.0050171 0.603911
0.00341958 0.122238 0.108436 0.143202 9.9982E-05 9.9982E-05 0.622504
9.995E-05 9.995E-05 9.995E-05 9.995E-05 9.995E-05 0.9994 9.995E-05
9.995E-05 9.995E-05 9.995E-05 9.995E-05 9.995E-05 0.9994 9.995E-05
0.0269741 0.0148837 0.00134122 0.0074747 9.9982E-05 9.9982E-05 0.949126
9.9955E-05 9.9955E-05 9.9955E-05 0.0795514 9.9955E-05 9.9955E-05 0.919949
9.995E-05 9.995E-05 9.995E-05 9.995E-05 9.995E-05 0.9994 9.995E-05
9.995E-05 9.995E-05 9.995E-05 9.995E-05 9.995E-05 0.9994 9.995E-05
9.99549E-05 0.936452 9.99549E-05 0.0630487 9.99549E-05 9.99549E-05 9.99549E-05
0.0131753 0.121677 0.0100871 0.292343 0.0582875 9.9991E-05 0.504331
0.609932 0.23797 0.0545029 0.00371683 9.9982E-05 9.9982E-05 0.0936776
9.99821E-05 9.99821E-05 0.040853 0.339493 0.0913757 0.276709 0.25137
9.99731E-05 0.161832 9.99731E-05 0.463224 0.0651084 0.309536 9.99731E-05
0.301138 9.99731E-05 0.627391 9.99731E-05 0.0505705 0.0206003 9.99731E-05
