9.99549E-05 0.966794 9.99549E-05 0.0101198 9.99549E-05 0.0225865 9.99549E-05 9.99549E-05
9.99819E-05 0.182169 0.231112 0.121037 0.121436 0.0184363 9.99819E-05 0.325609
0.0101683 9.99822E-05 0.0165636 9.99822E-05 0.0673149 0.0619622 0.0909237 0.752867
9.9964E-05 9.9964E-05 9.9964E-05 0.00304212 0.0159607 0.0297241 9.9964E-05 0.950873
9.99731E-05 0.0684179 0.212232 0.156739 0.101414 9.99731E-05 9.99731E-05 0.460897
9.9955E-05 9.9955E-05 9.9955E-05 9.9955E-05 9.9955E-05 0.0097699 0.0147534 0.974977
9.994E-05 9.994E-05 0.9993 9.994E-05 9.994E-05 9.994E-05 9.994E-05 9.994E-05
9.99641E-05 9.99641E-05 0.185536 0.0470362 0.375836 9.99641E-05 9.99641E-05 0.391192
9.994E-05 9.994E-05 0.9993 9.994E-05 9.994E-05 9.994E-05 9.994E-05 9.994E-05
9.9946E-05 9.9946E-05 0.113961 0.885439 9.9946E-05 9.9946E-05 9.9946E-05 9.9946E-05
9.99461E-05 9.99461E-05 0.0873722 0.912028 9.99461E-05 9.99461E-05 9.99461E-05 9.99461E-05
9.9964E-05 0.695152 9.9964E-05 9.9964E-05 9.9964E-05 0.107241 0.162231 0.0349768
9.994E-05 9.994E-05 9.994E-05 9.994E-05 9.994E-05 9.994E-05 0.9993 9.994E-05
0.013096 0.0164732 9.9964E-05 9.9964E-05 9.9964E-05 0.0105029 9.9964E-05 0.959528
9.9955E-05 0.0425629 9.9955E-05 9.9955E-05 9.9955E-05 0.00557934 9.9955E-05 0.951358
9.99729E-05 0.17874 0.230698 0.283403 9.99729E-05 0.00404401 0.302815 9.99729E-05
0.0527242 9.99641E-05 9.99641E-05 0.406 9.99641E-05 0.268897 0.271979 9.99641E-05
0.71995 0.0622662 0.012812 0.166764 0.0379071 9.99729E-05 9.99729E-05 9.99729E-05
0.89001 9.9946E-05 9.9946E-05 9.9946E-05 9.9946E-05 0.10939 9.9946E-05 9.9946E-05
9.9973E-05 0.18931 0.016302 0.658786 9.9973E-05 0.0659043 0.0693975 9.9973E-05
0.9993 9.994E-05 9.994E-05 9.994E-05 9.994E-05 9.994E-05 9.994E-05 9.994E-05
9.99549E-05 0.626336 9.99549E-05 0.266339 9.99549E-05 9.99549E-05 0.106826 9.99549E-05
0.400466 9.99641E-05 9.99641E-05 0.302828 0.000261505 0.296044 9.99641E-05 9.99641E-05
0.855879 9.99549E-05 9.99549E-05 0.0512596 9.99549E-05 0.0923619 9.99549E-05 9.99549E-05
9.994E-05 9.994E-05 9.994E-05 9.994E-05 9.994E-05 9.994E-05 9.994E-05 0.9993
9.994E-05 9.994E-05 9.994E-05 9.994E-05 9.994E-05 9.994E-05 9.994E-05 0.9993
9.99729E-05 0.0428913 9.99729E-05 0.119019 0.00254975 0.027999 0.807241 9.99729E-05
9.9955E-05 9.9955E-05 0.0259538 9.9955E-05 0.028723 9.9955E-05 9.9955E-05 0.944823
9.9964E-05 9.9964E-05 0.00495037 9.9964E-05 0.0838579 9.9964E-05 0.018192 0.8926
0.0153825 0.0171486 9.99731E-05 9.99731E-05 0.321207 9.99731E-05 0.0532435 0.592719
0.00206333 9.9982E-05 0.0176509 0.0348302 0.213949 0.0334808 9.9982E-05 0.697826
9.99731E-05 0.14252 0.369058 9.99731E-05 0.355817 0.0276716 9.99731E-05 0.104632
9.99551E-05 9.99551E-05 0.0138069 9.99551E-05 9.99551E-05 0.0146637 9.99551E-05 0.97103
9.99731E-05 9.99731E-05 0.0344163 0.0279331 0.871939 0.000497098 9.99731E-05 0.064915
9.99729E-05 0.0551042 9.99729E-05 0.0988327 9.99729E-05 0.171563 0.622969 0.0512319
9.99729E-05 0.0244097 0.0224725 9.99729E-05 9.99729E-05 0.00418071 0.00811495 0.940522
9.99461E-05 0.971344 9.99461E-05 9.99461E-05 9.99461E-05 9.99461E-05 9.99461E-05 0.0280565
9.9973E-05 0.105504 0.0480056 0.702369 0.105551 9.9973E-05 9.9973E-05 0.0382706
0.0388928 0.00169305 9.9982E-05 0.266928 9.9982E-05 0.330242 0.228097 0.133946
9.99639E-05 0.311369 9.99639E-05 0.580154 9.99639E-05 0.00711286 9.99639E-05 0.100964
0.00357344 0.364476 0.000672223 0.55716 9.9982E-05 0.00449767 9.9982E-05 0.0694215
9.99549E-05 0.0413998 9.99549E-05 0.946462 9.99549E-05 9.99549E-05 0.0116387 9.99549E-05
9.99639E-05 0.204965 0.397512 0.246802 9.99639E-05 9.99639E-05 0.150322 9.99639E-05
9.9964E-05 0.0240431 9.9964E-05 0.919791 9.9964E-05 0.00294404 0.0528218 9.9964E-05
0.105824 0.0308945 9.9973E-05 0.561333 9.9973E-05 0.122067 0.179582 9.9973E-05
0.0187055 0.148681 9.9991E-05 0.644268 0.0275217 0.0106864 0.0873572 0.0626805
9.9982E-05 0.192777 9.9982E-05 0.319329 0.0480439 0.0695476 0.260383 0.10972
0.022416 0.976984 9.99463E-05 9.99463E-05 9.99463E-05 9.99463E-05 9.99463E-05 9.99463E-05
9.994E-05 9.994E-05 9.994E-05 9.994E-05 0.9993 9.994E-05 9.994E-05 9.994E-05
9.994E-05 9.994E-05 9.994E-05 9.994E-05 0.9993 9.994E-05 9.994E-05 9.994E-05
9.9955E-05 9.9955E-05 9.9955E-05 9.9955E-05 0.976927 0.018448 0.00412497 9.9955E-05
9.994E-05 9.994E-05 9.994E-05 9.994E-05 0.9993 9.994E-05 9.994E-05 9.994E-05
9.994E-05 9.994E-05 9.994E-05 9.994E-05 0.9993 9.994E-05 9.994E-05 9.994E-05
0.0485354 9.99821E-05 0.151735 0.061915 0.46449 9.99821E-05 0.0210253 0.252099
9.9955E-05 9.9955E-05 9.9955E-05 9.9955E-05 0.99316 0.00397424 0.00236577 9.9955E-05
9.99549E-05 0.871837 0.023663 9.99549E-05 9.99549E-05 9.99549E-05 0.104 9.99549E-05
9.99639E-05 0.156121 0.408488 9.99639E-05 0.346435 9.99639E-05 9.99639E-05 0.0885561
9.99459E-05 0.00977089 9.99459E-05 9.99459E-05 9.99459E-05 9.99459E-05 9.99459E-05 0.989629
9.9964E-05 0.0841568 0.0190629 9.9964E-05 9.9964E-05 0.00934257 0.887038 9.9964E-05
9.9973E-05 0.274651 0.301518 0.160464 9.9973E-05 0.00689561 0.256172 9.9973E-05
9.99461E-05 9.99461E-05 0.0597862 9.99461E-05 9.99461E-05 9.99461E-05 0.939614 9.99461E-05
9.99549E-05 0.0230039 9.99549E-05 0.0783503 9.99549E-05 9.99549E-05 0.898146 9.99549E-05
9.99549E-05 9.99549E-05 9.99549E-05 0.0640332 9.99549E-05 0.0618444 0.873623 9.99549E-05
0.887358 0.104435 9.99551E-05 9.99551E-05 0.00770694 9.99551E-05 9.99551E-05 9.99551E-05
9.994E-05 9.994E-05 9.994E-05 9.994E-05 9.994E-05 9.994E-05 9.994E-05 0.9993
0.0889046 0.114554 0.00252805 0.30892 0.155941 0.0573106 0.0731263 0.198717
9.99552E-05 9.99552E-05 0.0107719 9.99552E-05 9.99552E-05 9.99552E-05 0.00262805 0.9861
9.9955E-05 0.0247929 9.9955E-05 9.9955E-05 0.0376248 9.9955E-05 9.9955E-05 0.937082
9.9964E-05 9.9964E-05 0.0364935 9.9964E-05 0.0602914 9.9964E-05 0.00795183 0.894863
9.9964E-05 0.0249203 0.0179563 9.9964E-05 0.0286226 9.9964E-05 9.9964E-05 0.928101
9.99551E-05 9.99551E-05 0.0042552 0.0678589 9.99551E-05 9.99551E-05 9.99551E-05 0.927386
9.9946E-05 9.9946E-05 9.9946E-05 0.00816839 9.9946E-05 9.9946E-05 9.9946E-05 0.991232
9.99552E-05 9.99552E-05 0.174603 9.99552E-05 0.339283 9.99552E-05 9.99552E-05 0.485614
9.99552E-05 9.99552E-05 0.423062 9.99552E-05 0.158269 9.99552E-05 9.99552E-05 0.41817
0.00848425 9.9982E-05 9.9982E-05 0.00211453 0.0136965 0.0126548 0.00999426 0.952856
9.99729E-05 0.198503 0.471128 0.250679 9.99729E-05 0.0758619 9.99729E-05 0.00352741
9.99819E-05 0.198424 0.446556 0.226642 9.99819E-05 0.100108 0.0271215 0.000948384
9.994E-05 9.994E-05 9.994E-05 9.994E-05 9.994E-05 0.9993 9.994E-05 9.994E-05
9.994E-05 9.994E-05 9.994E-05 9.994E-05 9.994E-05 0.9993 9.994E-05 9.994E-05
9.9973E-05 0.0449092 0.00390744 0.9343 0.00768338 9.9973E-05 9.9973E-05 0.0089003
9.9973E-05 0.02193 0.0304235 0.898146 0.0114813 9.9973E-05 0.0377192 9.9973E-05
9.9946E-05 9.9946E-05 0.00423078 9.9946E-05 9.9946E-05 0.99517 9.9946E-05 9.9946E-05
9.994E-05 9.994E-05 9.994E-05 9.994E-05 9.994E-05 0.9993 9.994E-05 9.994E-05
9.99459E-05 0.933854 9.99459E-05 9.99459E-05 9.99459E-05 9.99459E-05 0.0655462 9.99459E-05
0.0729143 0.119312 0.251238 0.367031 9.997E-05 9.997E-05 0.189205 9.997E-05
9.99639E-05 0.136577 0.430758 9.99639E-05 0.367037 9.99639E-05 9.99639E-05 0.0652284
0.101066 9.99731E-05 9.99731E-05 0.287203 9.99731E-05 0.190563 0.367381 0.0534875
0.0784759 0.154652 9.99641E-05 9.99641E-05 9.99641E-05 0.277061 0.489411 9.99641E-05
0.0303422 9.99731E-05 0.127464 9.99731E-05 0.2388 0.0275791 9.99731E-05 0.575515
