9.99189E-05 9.99189E-05 0.910904 9.99189E-05 9.99189E-05 9.99189E-05 0.00327029 9.99189E-05 9.99189E-05 9.99189E-05 0.0849264 9.99189E-05
9.99368E-05 0.0343792 0.0196627 0.135156 0.564309 0.245793 9.99368E-05 9.99368E-05 9.99368E-05 9.99368E-05 9.99368E-05 9.99368E-05
9.99375E-05 9.99375E-05 9.99375E-05 0.670471 0.170924 9.99375E-05 0.0543395 0.0609163 0.0426493 9.99375E-05 9.99375E-05 9.99375E-05
9.99281E-05 9.99281E-05 9.99281E-05 0.945521 9.99281E-05 0.00466875 0.0455826 9.99281E-05 9.99281E-05 0.00342773 9.99281E-05 9.99281E-05
9.99551E-05 0.0199332 9.99551E-05 0.353197 0.378142 0.048389 9.99551E-05 9.99551E-05 9.99551E-05 0.0562002 0.0777211 0.0659171
9.99101E-05 9.99101E-05 9.99101E-05 0.91446 9.99101E-05 0.0695319 9.99101E-05 9.99101E-05 9.99101E-05 0.015109 9.99101E-05 9.99101E-05
0.0443014 9.9919E-05 9.9919E-05 9.9919E-05 0.678636 9.9919E-05 9.9919E-05 0.276164 9.9919E-05 9.9919E-05 9.9919E-05 9.9919E-05
9.9946E-05 0.0289871 9.9946E-05 0.277937 0.419264 9.9946E-05 0.0544385 9.9946E-05 9.9946E-05 9.9946E-05 0.0112021 0.207572
0.106081 9.99189E-05 9.99189E-05 9.99189E-05 0.738456 9.99189E-05 9.99189E-05 0.154563 9.99189E-05 9.99189E-05 9.99189E-05 9.99189E-05
9.99012E-05 9.99012E-05 9.99012E-05 9.99012E-05 9.99012E-05 9.99012E-05 9.99012E-05 9.99012E-05 9.99012E-05 9.99012E-05 0.998901 9.99012E-05
9.99013E-05 9.99013E-05 9.99013E-05 9.99013E-05 9.99013E-05 9.99013E-05 9.99013E-05 9.99013E-05 9.99013E-05 9.99013E-05 0.998901 9.99013E-05
9.9937E-05 9.9937E-05 0.68097 0.00728882 9.9937E-05 9.9937E-05 0.133492 0.143307 9.9937E-05 0.0342421 9.9937E-05 9.9937E-05
9.99101E-05 9.99101E-05 9.99101E-05 9.99101E-05 9.99101E-05 9.99101E-05 9.99101E-05 0.952675 9.99101E-05 0.0463256 9.99101E-05 9.99101E-05
9.9937E-05 0.00257849 9.9937E-05 0.90351 9.9937E-05 0.0567855 9.9937E-05 9.9937E-05 0.00238566 0.0340409 9.9937E-05 9.9937E-05
9.99101E-05 9.99101E-05 9.99101E-05 0.914753 9.99101E-05 0.0842476 9.99101E-05 9.99101E-05 9.99101E-05 9.99101E-05 9.99101E-05 9.99101E-05
0.765255 9.9928E-05 9.9928E-05 9.9928E-05 9.9928E-05 9.9928E-05 9.9928E-05 0.121198 9.9928E-05 0.067524 0.0452239 9.9928E-05
9.991E-05 0.962614 9.991E-05 9.991E-05 9.991E-05 9.991E-05 9.991E-05 9.991E-05 9.991E-05 9.991E-05 0.036387 9.991E-05
0.00320738 0.0219607 9.99549E-05 9.99549E-05 0.0556511 0.131953 9.99549E-05 9.99549E-05 0.695774 9.99549E-05 0.0798614 0.0110929
9.99191E-05 9.99191E-05 9.99191E-05 9.99191E-05 9.99191E-05 9.99191E-05 0.0664387 0.0114071 0.921255 9.99191E-05 9.99191E-05 9.99191E-05
0.355025 0.066264 0.0808393 9.99368E-05 9.99368E-05 9.99368E-05 9.99368E-05 9.99368E-05 9.99368E-05 0.0848463 0.412326 9.99368E-05
9.99011E-05 9.99011E-05 9.99011E-05 9.99011E-05 9.99011E-05 9.99011E-05 9.99011E-05 9.99011E-05 0.998901 9.99011E-05 9.99011E-05 9.99011E-05
0.250301 0.0558327 0.447354 9.99279E-05 9.99279E-05 0.245713 9.99279E-05 9.99279E-05 9.99279E-05 9.99279E-05 9.99279E-05 9.99279E-05
9.9937E-05 0.168634 9.9937E-05 9.9937E-05 9.9937E-05 9.9937E-05 0.156421 9.9937E-05 0.37248 0.130365 0.1714 9.9937E-05
9.99098E-05 9.99098E-05 9.99098E-05 9.99098E-05 9.99098E-05 9.99098E-05 9.99098E-05 9.99098E-05 0.872461 0.12654 9.99098E-05 9.99098E-05
9.99192E-05 9.99192E-05 9.99192E-05 0.989371 9.99192E-05 9.99192E-05 0.00274693 0.0069831 9.99192E-05 9.99192E-05 9.99192E-05 9.99192E-05
9.99012E-05 9.99012E-05 9.99012E-05 0.998901 9.99012E-05 9.99012E-05 9.99012E-05 9.99012E-05 9.99012E-05 9.99012E-05 9.99012E-05 9.99012E-05
0.0254759 0.085107 0.0697244 9.99458E-05 9.99458E-05 9.99458E-05 0.0191365 0.726289 9.99458E-05 9.99458E-05 0.0736673 9.99458E-05
9.9919E-05 9.9919E-05 9.9919E-05 0.940519 9.9919E-05 9.9919E-05 9.9919E-05 0.016727 9.9919E-05 9.9919E-05 9.9919E-05 0.0418552
0.026914 9.9919E-05 9.9919E-05 0.93213 9.9919E-05 9.9919E-05 9.9919E-05 9.9919E-05 9.9919E-05 9.9919E-05 9.9919E-05 0.0400565
9.99461E-05 9.99461E-05 0.0165652 0.664907 0.041721 9.99461E-05 9.99461E-05 9.99461E-05 0.0220744 0.037889 9.99461E-05 0.216243
9.9937E-05 0.0356964 9.9937E-05 0.620115 0.177234 9.9937E-05 9.9937E-05 9.9937E-05 9.9937E-05 0.0194239 9.9937E-05 0.146831
9.99281E-05 9.99281E-05 0.0394045 9.99281E-05 0.882649 9.99281E-05 0.0191233 9.99281E-05 9.99281E-05 9.99281E-05 9.99281E-05 0.0580233
0.0318697 0.0168078 9.99192E-05 0.950423 9.99192E-05 9.99192E-05 9.99192E-05 9.99192E-05 9.99192E-05 9.99192E-05 9.99192E-05 9.99192E-05
9.99282E-05 0.000416844 9.99282E-05 0.0986008 0.142597 9.99282E-05 9.99282E-05 9.99282E-05 9.99282E-05 9.99282E-05 9.99282E-05 0.757586
9.99548E-05 0.284903 9.99548E-05 0.0181299 9.99548E-05 0.0839513 0.10083 0.425658 9.99548E-05 0.0609588 9.99548E-05 0.0250698
0.00380675 0.0388186 9.99279E-05 0.946296 9.99279E-05 0.0102794 9.99279E-05 9.99279E-05 9.99279E-05 9.99279E-05 9.99279E-05 9.99279E-05
9.99191E-05 9.99191E-05 0.981906 0.00315913 9.99191E-05 9.99191E-05 9.99191E-05 9.99191E-05 9.99191E-05 0.0140351 9.99191E-05 9.99191E-05
9.9946E-05 0.022978 0.0952949 0.0259714 0.11741 0.0931114 9.9946E-05 9.9946E-05 9.9946E-05 9.9946E-05 0.644635 9.9946E-05
9.991E-05 0.99478 9.991E-05 0.0042209 9.991E-05 9.991E-05 9.991E-05 9.991E-05 9.991E-05 9.991E-05 9.991E-05 9.991E-05
9.9901E-05 9.9901E-05 9.9901E-05 9.9901E-05 9.9901E-05 0.998901 9.9901E-05 9.9901E-05 9.9901E-05 9.9901E-05 9.9901E-05 9.9901E-05
9.9901E-05 9.9901E-05 9.9901E-05 9.9901E-05 9.9901E-05 0.998901 9.9901E-05 9.9901E-05 9.9901E-05 9.9901E-05 9.9901E-05 9.9901E-05
0.0253206 0.020002 0.023936 9.99459E-05 9.99459E-05 0.0477439 9.99459E-05 9.99459E-05 9.99459E-05 0.0398443 0.842554 9.99459E-05
0.840087 9.9946E-05 0.031083 9.9946E-05 0.0055599 9.9946E-05 9.9946E-05 0.0455512 0.0120839 9.9946E-05 0.0650357 9.9946E-05
0.00949581 0.0336137 0.0312888 9.99369E-05 9.99369E-05 9.99369E-05 9.99369E-05 9.99369E-05 9.99369E-05 0.0798045 0.845098 9.99369E-05
0.0384651 9.99549E-05 9.99549E-05 9.99549E-05 9.99549E-05 0.135138 0.0597655 0.0991248 0.0764869 0.260519 0.330001 9.99549E-05
0.0742427 9.9955E-05 0.00143035 0.0309757 0.0442169 0.183107 9.9955E-05 9.9955E-05 9.9955E-05 0.246836 0.418691 9.9955E-05
9.9955E-05 0.146531 0.177923 0.0740075 9.9955E-05 9.9955E-05 9.9955E-05 0.0753501 9.9955E-05 0.251357 0.222299 0.0520322
9.99106E-05 9.99106E-05 0.984717 9.99106E-05 9.99106E-05 9.99106E-05 9.99106E-05 9.99106E-05 0.0142834 9.99106E-05 9.99106E-05 9.99106E-05
9.99011E-05 9.99011E-05 9.99011E-05 9.99011E-05 9.99011E-05 9.99011E-05 9.99011E-05 9.99011E-05 9.99011E-05 9.99011E-05 9.99011E-05 0.998901
9.9919E-05 9.9919E-05 9.9919E-05 9.9919E-05 9.9919E-05 0.0208071 9.9919E-05 9.9919E-05 9.9919E-05 0.0116044 9.9919E-05 0.966689
9.99101E-05 9.99101E-05 9.99101E-05 9.99101E-05 9.99101E-05 0.00102874 9.99101E-05 9.99101E-05 9.99101E-05 9.99101E-05 9.99101E-05 0.997972
9.99011E-05 9.99011E-05 9.99011E-05 9.99011E-05 9.99011E-05 9.99011E-05 9.99011E-05 9.99011E-05 9.99011E-05 9.99011E-05 9.99011E-05 0.998901
9.9901E-05 9.9901E-05 9.9901E-05 9.9901E-05 9.9901E-05 9.9901E-05 9.9901E-05 9.9901E-05 9.9901E-05 9.9901E-05 9.9901E-05 0.998901
9.99551E-05 0.00721063 9.99551E-05 0.185841 0.174484 9.99551E-05 9.99551E-05 0.0543297 0.0330611 9.99551E-05 0.0549806 0.489593
0.0220513 9.99101E-05 9.99101E-05 9.99101E-05 9.99101E-05 9.99101E-05 9.99101E-05 9.99101E-05 9.99101E-05 9.99101E-05 9.99101E-05 0.97695
0.149131 9.99188E-05 0.80099 9.99188E-05 9.99188E-05 9.99188E-05 9.99188E-05 9.99188E-05 9.99188E-05 0.0489793 9.99188E-05 9.99188E-05
0.0456326 9.99457E-05 0.0785342 0.0162118 0.735254 9.99457E-05 0.0143689 9.99457E-05 9.99457E-05 9.99457E-05 9.99457E-05 0.109399
9.99099E-05 9.99099E-05 9.99099E-05 0.974113 9.99099E-05 0.0248875 9.99099E-05 9.99099E-05 9.99099E-05 9.99099E-05 9.99099E-05 9.99099E-05
9.9928E-05 9.9928E-05 9.9928E-05 9.9928E-05 9.9928E-05 0.156266 0.0198677 0.815297 9.9928E-05 9.9928E-05 9.9928E-05 0.00777053
0.856677 9.99281E-05 0.0138405 9.99281E-05 9.99281E-05 9.99281E-05 9.99281E-05 0.017132 9.99281E-05 0.111551 9.99281E-05 9.99281E-05
9.99014E-05 9.99014E-05 9.99014E-05 9.99014E-05 9.99014E-05 9.99014E-05 9.99014E-05 0.998901 9.99014E-05 9.99014E-05 9.99014E-05 9.99014E-05
9.99279E-05 9.99279E-05 0.0490629 9.99279E-05 9.99279E-05 0.0161406 9.99279E-05 0.819436 9.99279E-05 9.99279E-05 0.114561 9.99279E-05
9.99368E-05 0.0261588 9.99368E-05 9.99368E-05 9.99368E-05 9.99368E-05 0.0623575 0.796004 9.99368E-05 0.0331407 0.0816396 9.99368E-05
9.99192E-05 9.99192E-05 0.116738 9.99192E-05 9.99192E-05 0.00102573 9.99192E-05 9.99192E-05 0.881337 9.99192E-05 9.99192E-05 9.99192E-05
9.99104E-05 9.99104E-05 9.99104E-05 0.984475 9.99104E-05 9.99104E-05 9.99104E-05 9.99104E-05 9.99104E-05 9.99104E-05 0.0145256 9.99104E-05
0.117727 0.123883 0.155138 0.284177 0.0257988 0.00837038 9.9982E-05 0.0630783 0.0509758 9.9982E-05 0.0376917 0.132961
0.0409456 9.99193E-05 9.99193E-05 0.935831 9.99193E-05 9.99193E-05 9.99193E-05 0.0223245 9.99193E-05 9.99193E-05 9.99193E-05 9.99193E-05
9.9928E-05 9.9928E-05 0.0199901 0.894393 9.9928E-05 0.0329118 9.9928E-05 9.9928E-05 9.9928E-05 9.9928E-05 9.9928E-05 0.0519056
0.0551774 9.9919E-05 9.9919E-05 0.913152 9.9919E-05 9.9919E-05 9.9919E-05 9.9919E-05 9.9919E-05 9.9919E-05 9.9919E-05 0.0307711
0.0612621 9.99371E-05 9.99371E-05 0.926569 0.00301827 9.99371E-05 9.99371E-05 9.99371E-05 0.000609734 9.99371E-05 9.99371E-05 0.00784103
9.99371E-05 0.00729781 9.99371E-05 0.877322 0.0259258 0.0862385 0.00251663 9.99371E-05 9.99371E-05 9.99371E-05 9.99371E-05 9.99371E-05
9.99279E-05 0.0255307 9.99279E-05 0.943799 9.99279E-05 0.0221279 9.99279E-05 9.99279E-05 9.99279E-05 9.99279E-05 9.99279E-05 0.00774265
9.99283E-05 0.00406351 9.99283E-05 0.442232 0.354348 9.99283E-05 9.99283E-05 9.99283E-05 9.99283E-05 9.99283E-05 9.99283E-05 0.198557
9.99283E-05 9.99283E-05 9.99283E-05 0.416966 0.464683 9.99283E-05 9.99283E-05 0.0858247 9.99283E-05 9.99283E-05 9.99283E-05 0.0317266
0.0109695 9.99371E-05 9.99371E-05 0.928906 9.99371E-05 0.0317282 0.00419875 9.99371E-05 9.99371E-05 9.99371E-05 9.99371E-05 0.0234981
0.951222 0.0246098 9.9919E-05 9.9919E-05 9.9919E-05 9.9919E-05 9.9919E-05 9.9919E-05 9.9919E-05 9.9919E-05 9.9919E-05 0.0232684
0.991424 9.991E-05 9.991E-05 9.991E-05 9.991E-05 9.991E-05 9.991E-05 9.991E-05 9.991E-05 9.991E-05 9.991E-05 0.00757642
9.99101E-05 9.99101E-05 9.99101E-05 9.99101E-05 9.99101E-05 9.99101E-05 0.990819 9.99101E-05 9.99101E-05 9.99101E-05 0.00818163 9.99101E-05
9.99101E-05 9.99101E-05 9.99101E-05 9.99101E-05 9.99101E-05 9.99101E-05 0.994901 0.0041003 9.99101E-05 9.99101E-05 9.99101E-05 9.99101E-05
0.0742127 9.99549E-05 0.00393148 0.0122847 0.00426112 0.130261 0.00165181 9.99549E-05 9.99549E-05 9.99549E-05 0.772897 9.99549E-05
0.0680683 9.9937E-05 0.0078852 9.9937E-05 9.9937E-05 0.0587067 9.9937E-05 0.0813918 9.9937E-05 9.9937E-05 0.783248 9.9937E-05
9.99101E-05 9.99101E-05 9.99101E-05 9.99101E-05 9.99101E-05 9.99101E-05 0.954679 9.99101E-05 9.99101E-05 9.99101E-05 0.0443222 9.99101E-05
9.99011E-05 9.99011E-05 9.99011E-05 9.99011E-05 9.99011E-05 9.99011E-05 0.998901 9.99011E-05 9.99011E-05 9.99011E-05 9.99011E-05 9.99011E-05
9.99189E-05 9.99189E-05 0.952997 9.99189E-05 9.99189E-05 9.99189E-05 9.99189E-05 0.0329141 9.99189E-05 9.99189E-05 9.99189E-05 0.0131899
0.0910425 9.9928E-05 9.9928E-05 9.9928E-05 9.9928E-05 0.701713 9.9928E-05 0.195677 0.010768 9.9928E-05 9.9928E-05 9.9928E-05
9.99278E-05 9.99278E-05 0.0686707 9.99278E-05 0.787124 9.99278E-05 0.0167001 9.99278E-05 9.99278E-05 9.99278E-05 9.99278E-05 0.126706
9.99008E-05 9.99008E-05 9.99008E-05 9.99008E-05 9.99008E-05 9.99008E-05 9.99008E-05 9.99008E-05 9.99008E-05 0.998901 9.99008E-05 9.99008E-05
0.0289971 0.145872 0.0486873 9.9937E-05 9.9937E-05 9.9937E-05 9.9937E-05 0.0687566 9.9937E-05 0.706987 9.9937E-05 9.9937E-05
9.99372E-05 9.99372E-05 9.99372E-05 0.576856 0.215566 9.99372E-05 0.000807347 9.99372E-05 0.0365515 9.99372E-05 9.99372E-05 0.16952
