9.99189E-05 9.99189E-05 9.99189E-05 9.99189E-05 0.955909 9.99189E-05 9.99189E-05 9.99189E-05 0.0179727 0.0252195 9.99189E-05 9.99189E-05
9.99369E-05 9.99369E-05 9.99369E-05 9.99369E-05 0.0211695 9.99369E-05 0.108112 0.0306962 9.99369E-05 9.99369E-05 0.127605 0.711718
0.00735128 9.99374E-05 9.99374E-05 0.0398222 9.99374E-05 0.358766 9.99374E-05 9.99374E-05 0.0627277 9.99374E-05 0.530634 9.99374E-05
9.99191E-05 9.99191E-05 9.99191E-05 9.99191E-05 9.99191E-05 9.99191E-05 9.99191E-05 9.99191E-05 0.0305311 0.00152024 0.967049 9.99191E-05
9.99551E-05 0.0544 0.0490371 9.99551E-05 0.115667 0.327455 9.99551E-05 9.99551E-05 9.99551E-05 0.0895137 0.298779 0.0646485
9.99192E-05 9.99192E-05 0.0482684 9.99192E-05 9.99192E-05 0.00376128 9.99192E-05 9.99192E-05 9.99192E-05 9.99192E-05 0.947071 9.99192E-05
9.99281E-05 9.99281E-05 9.99281E-05 0.21162 9.99281E-05 0.479702 9.99281E-05 0.301435 9.99281E-05 9.99281E-05 9.99281E-05 0.00644436
9.99458E-05 0.0675558 9.99458E-05 9.99458E-05 9.99458E-05 0.574707 9.99458E-05 9.99458E-05 0.0300616 0.088686 0.145581 0.0928094
9.9937E-05 9.9937E-05 9.9937E-05 0.0900094 9.9937E-05 0.414918 9.9937E-05 0.375868 9.9937E-05 0.014714 9.9937E-05 0.103791
9.99102E-05 9.99102E-05 9.99102E-05 9.99102E-05 9.99102E-05 0.0369075 9.99102E-05 9.99102E-05 9.99102E-05 0.962093 9.99102E-05 9.99102E-05
9.99103E-05 9.99103E-05 9.99103E-05 9.99103E-05 9.99103E-05 0.00297144 9.99103E-05 9.99103E-05 9.99103E-05 0.996029 9.99103E-05 9.99103E-05
9.9946E-05 9.9946E-05 0.00700022 0.195727 0.657192 0.00119577 9.9946E-05 9.9946E-05 0.121001 9.9946E-05 0.0172848 9.9946E-05
9.99191E-05 9.99191E-05 0.0215048 0.936266 9.99191E-05 0.0413302 9.99191E-05 9.99191E-05 9.99191E-05 9.99191E-05 9.99191E-05 9.99191E-05
9.99281E-05 9.99281E-05 0.0381574 9.99281E-05 0.00578851 9.99281E-05 9.99281E-05 9.99281E-05 9.99281E-05 9.99281E-05 0.915649 0.0396053
0.00622655 9.99281E-05 9.99281E-05 9.99281E-05 0.0178833 9.99281E-05 9.99281E-05 9.99281E-05 9.99281E-05 0.0271731 0.947918 9.99281E-05
9.99189E-05 9.99189E-05 0.147355 0.0713365 9.99189E-05 9.99189E-05 9.99189E-05 0.78041 9.99189E-05 9.99189E-05 9.99189E-05 9.99189E-05
9.99189E-05 9.99189E-05 9.99189E-05 9.99189E-05 9.99189E-05 9.99189E-05 0.936039 0.00110449 9.99189E-05 0.0619572 9.99189E-05 9.99189E-05
0.733207 0.0197137 9.99549E-05 9.99549E-05 0.0134511 9.99549E-05 0.00808827 0.0682519 9.99549E-05 0.125661 9.99549E-05 0.0311272
0.921562 9.9919E-05 9.9919E-05 0.00365748 9.9919E-05 9.9919E-05 9.9919E-05 9.9919E-05 0.073881 9.9919E-05 9.9919E-05 9.9919E-05
9.99369E-05 9.99369E-05 0.184633 9.99369E-05 0.0609783 9.99369E-05 9.99369E-05 0.290361 0.0199126 0.443415 9.99369E-05 9.99369E-05
0.996271 9.99101E-05 9.99101E-05 9.99101E-05 9.99101E-05 9.99101E-05 9.99101E-05 9.99101E-05 9.99101E-05 9.99101E-05 0.00272976 9.99101E-05
9.9955E-05 9.9955E-05 0.0324171 0.0207493 0.519339 9.9955E-05 0.0435955 0.302818 0.00425629 0.076326 9.9955E-05 9.9955E-05
0.373392 9.99281E-05 9.99281E-05 9.99281E-05 9.99281E-05 9.99281E-05 0.297212 9.99281E-05 0.191307 0.13729 9.99281E-05 9.99281E-05
0.887543 9.99279E-05 0.0970496 9.99279E-05 9.99279E-05 9.99279E-05 0.0028175 9.99279E-05 0.0117906 9.99279E-05 9.99279E-05 9.99279E-05
9.99102E-05 0.00257934 9.99102E-05 9.99102E-05 9.99102E-05 9.99102E-05 9.99102E-05 9.99102E-05 9.99102E-05 9.99102E-05 0.996422 9.99102E-05
9.99012E-05 9.99012E-05 9.99012E-05 9.99012E-05 9.99012E-05 9.99012E-05 9.99012E-05 9.99012E-05 9.99012E-05 9.99012E-05 0.998901 9.99012E-05
9.99369E-05 9.99369E-05 9.99369E-05 0.786768 0.095626 9.99369E-05 0.0240935 9.99369E-05 0.0631492 0.0296634 9.99369E-05 9.99369E-05
9.99281E-05 0.0591616 9.99281E-05 0.0175079 9.99281E-05 9.99281E-05 9.99281E-05 9.99281E-05 9.99281E-05 9.99281E-05 0.90019 0.0223414
9.99281E-05 0.0621375 9.99281E-05 0.0109489 9.99281E-05 9.99281E-05 9.99281E-05 0.0218305 9.99281E-05 9.99281E-05 0.904284 9.99281E-05
0.0155939 0.181 0.0164379 9.99551E-05 9.99551E-05 0.2233 0.0143263 9.99551E-05 0.00918142 9.99551E-05 0.539661 9.99551E-05
9.99459E-05 0.106154 9.99459E-05 9.99459E-05 9.99459E-05 0.40528 0.0244856 9.99459E-05 0.0212944 0.0270587 0.415128 9.99459E-05
9.99013E-05 9.99013E-05 9.99013E-05 9.99013E-05 9.99013E-05 9.99013E-05 9.99013E-05 9.99013E-05 9.99013E-05 9.99013E-05 9.99013E-05 0.998901
9.991E-05 9.991E-05 9.991E-05 9.991E-05 9.991E-05 0.175273 9.991E-05 9.991E-05 9.991E-05 9.991E-05 0.823728 9.991E-05
9.99281E-05 0.749464 9.99281E-05 9.99281E-05 9.99281E-05 0.218588 9.99281E-05 9.99281E-05 0.0144629 9.99281E-05 9.99281E-05 0.0166855
9.99548E-05 9.99548E-05 0.0346201 0.468925 0.0672043 0.00375493 0.319814 9.99548E-05 0.0848826 9.99548E-05 0.0202991 9.99548E-05
9.99459E-05 9.99459E-05 0.0177166 9.99459E-05 9.99459E-05 0.0363125 0.0264031 0.00564347 9.99459E-05 9.99459E-05 0.898465 0.0148592
9.99101E-05 9.99101E-05 9.99101E-05 9.99101E-05 0.980872 9.99101E-05 9.99101E-05 9.99101E-05 9.99101E-05 9.99101E-05 0.0181286 9.99101E-05
0.0120573 9.995E-05 9.995E-05 0.00631885 0.0850882 9.995E-05 0.0655905 9.995E-05 9.995E-05 0.596721 0.0282621 0.205463
9.9901E-05 9.9901E-05 9.9901E-05 9.9901E-05 9.9901E-05 9.9901E-05 0.998901 9.9901E-05 9.9901E-05 9.9901E-05 9.9901E-05 9.9901E-05
9.99368E-05 9.99368E-05 9.99368E-05 9.99368E-05 0.242039 9.99368E-05 0.197618 0.272066 9.99368E-05 0.221347 0.0662303 9.99368E-05
9.99458E-05 9.99458E-05 9.99458E-05 9.99458E-05 0.283546 9.99458E-05 0.154098 0.251821 9.99458E-05 0.239436 0.0483567 0.0221427
9.99369E-05 9.99369E-05 0.0303234 9.99369E-05 0.0511358 9.99369E-05 0.0170394 0.0375068 9.99369E-05 0.863295 9.99369E-05 9.99369E-05
0.0112662 9.9937E-05 9.9937E-05 0.0133689 0.00932155 9.9937E-05 9.9937E-05 0.958346 9.9937E-05 0.00699824 9.9937E-05 9.9937E-05
9.99279E-05 0.00331671 0.0890373 9.99279E-05 0.00517013 9.99279E-05 9.99279E-05 9.99279E-05 9.99279E-05 0.901676 9.99279E-05 9.99279E-05
0.0862932 9.99639E-05 0.196692 0.0870034 0.0635977 9.99639E-05 9.99639E-05 0.0969112 0.0786034 0.365252 9.99639E-05 0.0252468
0.0270738 9.9955E-05 0.153342 9.9955E-05 0.144645 9.9955E-05 9.9955E-05 0.143797 9.9955E-05 0.449119 0.0411632 0.040361
9.9955E-05 0.0640635 0.358812 0.0554563 0.152923 9.9955E-05 0.100366 9.9955E-05 9.9955E-05 0.200212 0.067668 9.9955E-05
0.00742944 9.99106E-05 9.99106E-05 9.99106E-05 0.991571 9.99106E-05 9.99106E-05 9.99106E-05 9.99106E-05 9.99106E-05 9.99106E-05 9.99106E-05
9.99011E-05 0.998901 9.99011E-05 9.99011E-05 9.99011E-05 9.99011E-05 9.99011E-05 9.99011E-05 9.99011E-05 9.99011E-05 9.99011E-05 9.99011E-05
0.0025574 0.996443 9.99101E-05 9.99101E-05 9.99101E-05 9.99101E-05 9.99101E-05 9.99101E-05 9.99101E-05 9.99101E-05 9.99101E-05 9.99101E-05
9.99101E-05 0.988904 9.99101E-05 0.0100971 9.99101E-05 9.99101E-05 9.99101E-05 9.99101E-05 9.99101E-05 9.99101E-05 9.99101E-05 9.99101E-05
9.99012E-05 0.998901 9.99012E-05 9.99012E-05 9.99012E-05 9.99012E-05 9.99012E-05 9.99012E-05 9.99012E-05 9.99012E-05 9.99012E-05 9.99012E-05
9.99011E-05 0.998901 9.99011E-05 9.99011E-05 9.99011E-05 9.99011E-05 9.99011E-05 9.99011E-05 9.99011E-05 9.99011E-05 9.99011E-05 9.99011E-05
0.0201174 0.378992 9.9955E-05 9.9955E-05 9.9955E-05 0.347396 0.00724923 9.9955E-05 9.9955E-05 0.0714728 0.102104 0.0721683
9.99191E-05 0.924411 9.99191E-05 9.99191E-05 0.00980558 9.99191E-05 9.99191E-05 9.99191E-05 9.99191E-05 9.99191E-05 9.99191E-05 0.0648846
9.99188E-05 9.99188E-05 0.0479736 9.99188E-05 0.756264 9.99188E-05 9.99188E-05 0.194863 9.99188E-05 9.99188E-05 9.99188E-05 9.99188E-05
9.99459E-05 0.053891 9.99459E-05 9.99459E-05 9.99459E-05 0.00027103 9.99459E-05 0.00350389 0.00655761 9.99459E-05 0.00783867 0.927338
9.99189E-05 9.99189E-05 0.0182457 9.99189E-05 9.99189E-05 9.99189E-05 0.00516262 9.99189E-05 9.99189E-05 9.99189E-05 0.975692 9.99189E-05
9.9928E-05 9.9928E-05 9.9928E-05 0.842198 0.0414476 9.9928E-05 9.9928E-05 0.0949927 0.0205624 9.9928E-05 9.9928E-05 9.9928E-05
9.99101E-05 9.99101E-05 0.126058 9.99101E-05 9.99101E-05 9.99101E-05 9.99101E-05 0.872943 9.99101E-05 9.99101E-05 9.99101E-05 9.99101E-05
9.99103E-05 9.99103E-05 9.99103E-05 0.997085 9.99103E-05 0.00191634 9.99103E-05 9.99103E-05 9.99103E-05 9.99103E-05 9.99103E-05 9.99103E-05
9.99099E-05 9.99099E-05 9.99099E-05 0.863089 9.99099E-05 9.99099E-05 9.99099E-05 9.99099E-05 9.99099E-05 0.135912 9.99099E-05 9.99099E-05
9.99369E-05 9.99369E-05 0.0105149 0.851993 9.99369E-05 9.99369E-05 0.0173379 9.99369E-05 0.0425005 0.0769537 9.99369E-05 9.99369E-05
0.90961 9.99103E-05 9.99103E-05 9.99103E-05 0.089391 9.99103E-05 9.99103E-05 9.99103E-05 9.99103E-05 9.99103E-05 9.99103E-05 9.99103E-05
9.99015E-05 9.99015E-05 9.99015E-05 9.99015E-05 9.99015E-05 9.99015E-05 9.99015E-05 9.99015E-05 9.99015E-05 9.99015E-05 0.998901 9.99015E-05
0.0302837 0.166405 9.997E-05 0.109366 0.148066 0.0612445 0.042307 9.997E-05 0.125475 0.0661231 0.25043 9.997E-05
9.99283E-05 9.99283E-05 9.99283E-05 0.0355103 9.99283E-05 0.0147866 9.99283E-05 0.00657834 9.99283E-05 9.99283E-05 0.942325 9.99283E-05
9.9937E-05 0.0131234 9.9937E-05 9.9937E-05 0.0309106 0.0183785 0.0209501 9.9937E-05 9.9937E-05 9.9937E-05 0.915938 9.9937E-05
9.9928E-05 0.010082 9.9928E-05 9.9928E-05 9.9928E-05 0.0383725 9.9928E-05 0.0718013 9.9928E-05 9.9928E-05 0.878945 9.9928E-05
9.99371E-05 9.99371E-05 9.99371E-05 9.99371E-05 0.00156207 0.0129405 9.99371E-05 0.0186579 9.99371E-05 9.99371E-05 0.940401 0.0257385
9.99371E-05 9.99371E-05 0.0476173 9.99371E-05 0.0120176 0.109232 9.99371E-05 9.99371E-05 9.99371E-05 0.0366408 0.793792 9.99371E-05
9.99369E-05 0.000858647 0.0082475 9.99369E-05 9.99369E-05 0.0320106 0.0280916 9.99369E-05 9.99369E-05 9.99369E-05 0.930092 9.99369E-05
9.99278E-05 0.0670575 9.99278E-05 9.99278E-05 9.99278E-05 0.912553 0.0039799 9.99278E-05 9.99278E-05 9.99278E-05 0.01561 9.99278E-05
9.99099E-05 9.99099E-05 9.99099E-05 0.0249799 9.99099E-05 0.974021 9.99099E-05 9.99099E-05 9.99099E-05 9.99099E-05 9.99099E-05 9.99099E-05
9.99281E-05 0.0444105 9.99281E-05 9.99281E-05 9.99281E-05 9.99281E-05 9.99281E-05 0.031021 9.99281E-05 0.0120752 0.911694 9.99281E-05
9.99369E-05 9.99369E-05 9.99369E-05 9.99369E-05 9.99369E-05 9.99369E-05 0.0162265 0.920696 0.0249194 9.99369E-05 0.00788213 0.029576
9.99189E-05 0.0376461 9.99189E-05 9.99189E-05 9.99189E-05 9.99189E-05 9.99189E-05 0.947234 0.0142208 9.99189E-05 9.99189E-05 9.99189E-05
9.99101E-05 9.99101E-05 9.99101E-05 9.99101E-05 0.0144612 9.99101E-05 9.99101E-05 9.99101E-05 0.98454 9.99101E-05 9.99101E-05 9.99101E-05
9.99101E-05 0.000688125 9.99101E-05 9.99101E-05 9.99101E-05 9.99101E-05 9.99101E-05 9.99101E-05 0.998313 9.99101E-05 9.99101E-05 9.99101E-05
9.99369E-05 9.99369E-05 9.99369E-05 9.99369E-05 0.0283853 9.99369E-05 9.99369E-05 0.096353 9.99369E-05 0.834105 0.00484386 0.0356134
9.99369E-05 9.99369E-05 9.99369E-05 0.047065 0.00181237 9.99369E-05 9.99369E-05 0.150942 9.99369E-05 0.765064 9.99369E-05 0.034417
9.99191E-05 9.99191E-05 9.99191E-05 9.99191E-05 9.99191E-05 0.00953172 0.0101643 9.99191E-05 0.979405 9.99191E-05 9.99191E-05 9.99191E-05
9.99011E-05 9.99011E-05 9.99011E-05 9.99011E-05 9.99011E-05 9.99011E-05 9.99011E-05 9.99011E-05 0.998901 9.99011E-05 9.99011E-05 9.99011E-05
9.99099E-05 9.99099E-05 9.99099E-05 0.0337049 0.965296 9.99099E-05 9.99099E-05 9.99099E-05 9.99099E-05 9.99099E-05 9.99099E-05 9.99099E-05
0.0774712 9.9946E-05 9.9946E-05 0.151967 0.00698153 9.9946E-05 9.9946E-05 0.600273 9.9946E-05 0.111458 9.9946E-05 0.0512494
9.99101E-05 0.0437774 9.99101E-05 9.99101E-05 9.99101E-05 9.99101E-05 9.99101E-05 9.99101E-05 9.99101E-05 9.99101E-05 9.99101E-05 0.955223
9.9901E-05 9.9901E-05 0.998901 9.9901E-05 9.9901E-05 9.9901E-05 9.9901E-05 9.9901E-05 9.9901E-05 9.9901E-05 9.9901E-05 9.9901E-05
9.9937E-05 9.9937E-05 0.874734 0.0148246 0.0573473 9.9937E-05 0.0422189 0.0101753 9.9937E-05 9.9937E-05 9.9937E-05 9.9937E-05
0.00770538 0.0585903 9.9937E-05 9.9937E-05 9.9937E-05 0.50979 9.9937E-05 9.9937E-05 0.0542933 9.9937E-05 0.368921 9.9937E-05
