9.99549E-05 0.0607961 9.99549E-05 0.934871 9.99549E-05 0.00383348 9.99549E-05 9.99549E-05
9.998E-05 0.130779 0.307796 0.195952 0.22817 0.0155485 0.121554 9.998E-05
0.0380134 9.99732E-05 0.81071 9.99732E-05 0.138514 0.0110225 9.99732E-05 0.00143974
9.9946E-05 9.9946E-05 0.959849 9.9946E-05 9.9946E-05 0.039551 9.9946E-05 9.9946E-05
9.99731E-05 0.171515 0.446987 0.0252045 0.218319 9.99731E-05 0.137674 9.99731E-05
9.9955E-05 0.0380288 0.945921 9.9955E-05 9.9955E-05 0.0155501 9.9955E-05 9.9955E-05
9.994E-05 9.994E-05 9.994E-05 9.994E-05 0.9993 9.994E-05 9.994E-05 9.994E-05
9.9973E-05 0.0591792 0.440571 9.9973E-05 0.234146 0.0105555 0.255248 9.9973E-05
9.99459E-05 0.00741393 9.99459E-05 9.99459E-05 0.991986 9.99459E-05 9.99459E-05 9.99459E-05
9.9946E-05 0.847752 9.9946E-05 9.9946E-05 0.151649 9.9946E-05 9.9946E-05 9.9946E-05
9.9946E-05 0.829339 9.9946E-05 9.9946E-05 0.170061 9.9946E-05 9.9946E-05 9.9946E-05
9.9955E-05 9.9955E-05 9.9955E-05 0.711917 9.9955E-05 0.124671 9.9955E-05 0.162911
9.99461E-05 9.99461E-05 9.99461E-05 9.99461E-05 0.0298019 9.99461E-05 9.99461E-05 0.969598
0.0341595 9.9955E-05 0.940594 0.0247467 9.9955E-05 9.9955E-05 9.9955E-05 9.9955E-05
9.9955E-05 0.0162127 0.948306 0.0349817 9.9955E-05 9.9955E-05 9.9955E-05 9.9955E-05
9.99729E-05 0.305818 0.00644986 0.16477 0.19061 9.99729E-05 9.99729E-05 0.332053
0.0657705 0.406212 0.00524483 9.9973E-05 9.9973E-05 0.293709 9.9973E-05 0.228764
0.699772 0.142448 9.99729E-05 0.0553222 0.0487218 9.99729E-05 0.053436 9.99729E-05
0.913763 9.9955E-05 9.9955E-05 9.9955E-05 9.9955E-05 0.0843513 9.9955E-05 0.0013857
9.9964E-05 0.68755 9.9964E-05 0.139514 9.9964E-05 0.0783432 9.9964E-05 0.0941925
0.993529 9.9946E-05 0.00587132 9.9946E-05 9.9946E-05 9.9946E-05 9.9946E-05 9.9946E-05
9.99722E-05 0.247799 9.99722E-05 0.606246 9.99722E-05 0.0118753 9.99722E-05 0.133681
0.416485 0.309703 0.0265958 9.99641E-05 9.99641E-05 0.246817 9.99641E-05 9.99641E-05
0.889908 0.0455825 9.99549E-05 9.99549E-05 9.99549E-05 0.0640095 9.99549E-05 9.99549E-05
9.9955E-05 9.9955E-05 0.957514 9.9955E-05 0.0196013 9.9955E-05 0.0223846 9.9955E-05
9.994E-05 9.994E-05 0.9993 9.994E-05 9.994E-05 9.994E-05 9.994E-05 9.994E-05
9.99639E-05 0.104387 9.99639E-05 0.0363507 9.99639E-05 0.0359505 9.99639E-05 0.822912
9.9955E-05 9.9955E-05 0.904842 9.9955E-05 0.0156635 9.9955E-05 0.078995 9.9955E-05
9.9964E-05 9.9964E-05 0.92304 9.9964E-05 0.00896752 9.9964E-05 0.0662475 0.0013452
0.0252801 9.99731E-05 0.695025 9.99731E-05 9.99731E-05 0.00526453 0.249653 0.0244772
9.9964E-05 9.9964E-05 0.637236 9.9964E-05 0.044481 0.0393628 0.27852 9.9964E-05
9.996E-05 9.996E-05 0.0977951 0.213305 0.325156 9.996E-05 0.363344 9.996E-05
9.99551E-05 9.99551E-05 0.967964 9.99551E-05 0.00958723 0.021949 9.99551E-05 9.99551E-05
9.99731E-05 9.99731E-05 0.0789371 9.99731E-05 0.0296968 0.00367628 0.866034 0.0213561
9.998E-05 0.106522 0.0413509 0.0628984 9.998E-05 0.166391 0.0199087 0.602729
9.99639E-05 9.99639E-05 0.943774 0.0042379 0.0411202 9.99639E-05 9.99639E-05 0.0104685
9.994E-05 9.994E-05 9.994E-05 0.9993 9.994E-05 9.994E-05 9.994E-05 9.994E-05
9.9973E-05 0.724736 0.0634526 0.0919649 0.0904493 9.9973E-05 0.0290971 9.9973E-05
0.0627175 0.261945 0.158604 9.9973E-05 9.9973E-05 0.361267 9.9973E-05 0.155167
9.99549E-05 0.571412 0.12366 0.304428 9.99549E-05 9.99549E-05 9.99549E-05 9.99549E-05
9.99639E-05 0.589362 0.0665324 0.337881 9.99639E-05 0.0058244 9.99639E-05 9.99639E-05
9.9946E-05 0.983688 9.9946E-05 9.9946E-05 9.9946E-05 9.9946E-05 9.9946E-05 0.0157122
9.99639E-05 0.287047 9.99639E-05 0.219693 0.309981 9.99639E-05 9.99639E-05 0.18288
9.9955E-05 0.92118 9.9955E-05 9.9955E-05 9.9955E-05 0.0165199 9.9955E-05 0.0617999
0.0945432 0.619631 9.9982E-05 0.00938164 9.9982E-05 0.0788697 0.00989252 0.187482
0.0218537 0.671343 0.0875716 0.144635 9.9982E-05 0.017907 9.9982E-05 0.0564905
9.9982E-05 0.314254 0.0767269 0.176639 9.9982E-05 0.071056 0.0639236 0.297201
0.0164924 9.99463E-05 9.99463E-05 0.982908 9.99463E-05 9.99463E-05 9.99463E-05 9.99463E-05
9.994E-05 9.994E-05 9.994E-05 9.994E-05 9.994E-05 9.994E-05 0.9993 9.994E-05
9.994E-05 9.994E-05 9.994E-05 9.994E-05 9.994E-05 9.994E-05 0.9993 9.994E-05
9.9946E-05 0.0148414 9.9946E-05 9.9946E-05 9.9946E-05 9.9946E-05 0.984559 9.9946E-05
9.994E-05 9.994E-05 9.994E-05 9.994E-05 9.994E-05 9.994E-05 0.9993 9.994E-05
9.994E-05 9.994E-05 9.994E-05 9.994E-05 9.994E-05 9.994E-05 0.9993 9.994E-05
0.0532554 0.0661418 0.197135 9.99731E-05 0.120712 9.99731E-05 0.562457 9.99731E-05
9.9946E-05 9.9946E-05 9.9946E-05 0.0289711 9.9946E-05 9.9946E-05 0.970429 9.9946E-05
9.99639E-05 0.00210147 9.99639E-05 0.908802 0.0334691 9.99639E-05 9.99639E-05 0.0552276
9.99729E-05 9.99729E-05 0.101658 0.179423 0.394563 0.00562216 0.318435 9.99729E-05
9.99459E-05 9.99459E-05 0.995321 0.00407895 9.99459E-05 9.99459E-05 9.99459E-05 9.99459E-05
9.9964E-05 9.9964E-05 9.9964E-05 0.101713 0.0619632 0.00993444 9.9964E-05 0.82599
9.9964E-05 0.20081 9.9964E-05 0.281961 0.238836 9.9964E-05 9.9964E-05 0.277993
9.99461E-05 9.99461E-05 9.99461E-05 9.99461E-05 0.0644203 9.99461E-05 9.99461E-05 0.93498
9.99459E-05 0.0975069 9.99459E-05 9.99459E-05 9.99459E-05 9.99459E-05 9.99459E-05 0.901893
9.99549E-05 0.102657 9.99549E-05 9.99549E-05 9.99549E-05 0.028141 9.99549E-05 0.868702
0.892768 0.0153483 9.99551E-05 0.0913838 9.99551E-05 9.99551E-05 9.99551E-05 9.99551E-05
9.99462E-05 9.99462E-05 0.994048 9.99462E-05 0.00535198 9.99462E-05 9.99462E-05 9.99462E-05
0.0600267 0.0113934 0.190837 0.132144 0.203312 0.119712 0.16696 0.115615
9.99462E-05 9.99462E-05 0.966979 9.99462E-05 9.99462E-05 9.99462E-05 9.99462E-05 0.0324211
9.9955E-05 9.9955E-05 0.958014 0.0228573 9.9955E-05 9.9955E-05 0.0186285 9.9955E-05
9.9955E-05 9.9955E-05 0.868993 9.9955E-05 0.0733719 9.9955E-05 0.057135 9.9955E-05
0.00283947 9.9973E-05 0.921352 0.0131325 0.0375534 9.9973E-05 0.0248229 9.9973E-05
9.99551E-05 0.0843384 0.913054 9.99551E-05 0.00210827 9.99551E-05 9.99551E-05 9.99551E-05
9.99459E-05 9.99459E-05 0.983054 9.99459E-05 0.016346 9.99459E-05 9.99459E-05 9.99459E-05
9.99552E-05 9.99552E-05 0.501285 9.99552E-05 0.187418 9.99552E-05 0.310798 9.99552E-05
9.99552E-05 9.99552E-05 0.436215 9.99552E-05 0.427103 9.99552E-05 0.136183 9.99552E-05
9.9973E-05 0.0132732 0.914323 0.00544687 9.9973E-05 0.00920319 0.0574538 9.9973E-05
9.99819E-05 0.347652 0.0270985 0.207225 0.320388 0.0828653 9.99819E-05 0.0145709
9.99819E-05 0.326869 0.0226748 0.205499 0.358762 0.0596322 9.99819E-05 0.0263629
9.994E-05 9.994E-05 9.994E-05 9.994E-05 9.994E-05 0.9993 9.994E-05 9.994E-05
9.994E-05 9.994E-05 9.994E-05 9.994E-05 9.994E-05 0.9993 9.994E-05 9.994E-05
9.9973E-05 0.938068 0.00768979 0.0309777 0.0221246 9.9973E-05 0.000840117 9.9973E-05
9.99639E-05 0.847516 9.99639E-05 0.0498445 0.0912532 9.99639E-05 9.99639E-05 0.010986
9.9955E-05 9.9955E-05 9.9955E-05 9.9955E-05 0.00638693 0.988443 0.00467007 9.9955E-05
9.994E-05 9.994E-05 9.994E-05 9.994E-05 9.994E-05 0.9993 9.994E-05 9.994E-05
9.99459E-05 9.99459E-05 9.99459E-05 0.958796 9.99459E-05 9.99459E-05 9.99459E-05 0.0406042
0.039471 0.41103 9.9973E-05 0.14782 0.192987 9.9973E-05 9.9973E-05 0.208392
9.99639E-05 9.99639E-05 0.0755593 0.191036 0.392623 9.99639E-05 0.340382 9.99639E-05
0.0867653 0.257727 0.0673402 9.99731E-05 9.99731E-05 0.21624 9.99731E-05 0.371628
0.0791946 9.99641E-05 9.99641E-05 0.146436 9.99641E-05 0.268814 9.99641E-05 0.505155
0.0259845 9.99731E-05 0.575478 9.99731E-05 0.0880377 0.0350022 0.275197 9.99731E-05
