9.98559E-05 9.98559E-05 9.98559E-05 9.98559E-05 9.98559E-05 9.98559E-05 9.98559E-05 9.98559E-05 9.98559E-05 9.98559E-05 9.98559E-05 9.98559E-05 9.98559E-05 9.98559E-05 0.937626 9.98559E-05 9.98559E-05 0.0607762
9.98918E-05 9.98918E-05 9.98918E-05 0.698011 9.98918E-05 9.98918E-05 9.98918E-05 9.98918E-05 0.0503401 0.103575 9.98918E-05 0.0539983 9.98918E-05 0.015415 9.98918E-05 9.98918E-05 0.0774622 9.98918E-05
0.164828 9.9893E-05 9.9893E-05 9.9893E-05 0.106764 9.9893E-05 0.158502 0.0527438 9.9893E-05 0.504261 9.9893E-05 9.9893E-05 9.9893E-05 9.9893E-05 9.9893E-05 0.0117025 9.9893E-05 9.9893E-05
9.98602E-05 9.98602E-05 9.98602E-05 9.98602E-05 9.98602E-05 9.98602E-05 0.0234374 0.0300099 0.00908074 0.936074 9.98602E-05 9.98602E-05 9.98602E-05 9.98602E-05 9.98602E-05 9.98602E-05 9.98602E-05 9.98602E-05
9.98471E-05 9.98471E-05 9.98471E-05 9.98471E-05 9.98471E-05 9.98471E-05 9.98471E-05 9.98471E-05 9.98471E-05 9.98471E-05 9.98471E-05 0.998303 9.98471E-05 9.98471E-05 9.98471E-05 9.98471E-05 9.98471E-05 9.98471E-05
0.0153466 9.9874E-05 0.0165533 9.9874E-05 0.00535706 9.9874E-05 9.9874E-05 9.9874E-05 9.9874E-05 0.961345 9.9874E-05 9.9874E-05 9.9874E-05 9.9874E-05 9.9874E-05 9.9874E-05 9.9874E-05 9.9874E-05
9.98562E-05 9.98562E-05 9.98562E-05 9.98562E-05 0.0206873 0.977715 9.98562E-05 9.98562E-05 9.98562E-05 9.98562E-05 9.98562E-05 9.98562E-05 9.98562E-05 9.98562E-05 9.98562E-05 9.98562E-05 9.98562E-05 9.98562E-05
0.65669 9.99098E-05 9.99098E-05 0.0474604 9.99098E-05 9.99098E-05 0.0408197 0.0209419 9.99098E-05 0.0181287 9.99098E-05 0.0799274 0.0787726 9.99098E-05 9.99098E-05 9.99098E-05 9.99098E-05 0.0562599
9.98741E-05 9.98741E-05 9.98741E-05 0.0260025 9.98741E-05 0.967596 0.0045958 9.98741E-05 9.98741E-05 9.98741E-05 9.98741E-05 9.98741E-05 9.98741E-05 9.98741E-05 9.98741E-05 9.98741E-05 0.000407041 9.98741E-05
9.98651E-05 9.98651E-05 9.98651E-05 9.98651E-05 9.98651E-05 0.0926563 9.98651E-05 9.98651E-05 9.98651E-05 9.98651E-05 9.98651E-05 0.0266361 9.98651E-05 9.98651E-05 9.98651E-05 9.98651E-05 9.98651E-05 0.87921
9.98561E-05 9.98561E-05 9.98561E-05 9.98561E-05 9.98561E-05 0.102408 9.98561E-05 9.98561E-05 9.98561E-05 9.98561E-05 9.98561E-05 9.98561E-05 9.98561E-05 9.98561E-05 9.98561E-05 9.98561E-05 9.98561E-05 0.895995
9.9874E-05 9.9874E-05 9.9874E-05 9.9874E-05 0.171766 9.9874E-05 0.00215443 0.116316 9.9874E-05 9.9874E-05 9.9874E-05 9.9874E-05 9.9874E-05 9.9874E-05 0.708366 9.9874E-05 9.9874E-05 9.9874E-05
9.98468E-05 9.98468E-05 9.98468E-05 9.98468E-05 0.998303 9.98468E-05 9.98468E-05 9.98468E-05 9.98468E-05 9.98468E-05 9.98468E-05 9.98468E-05 9.98468E-05 9.98468E-05 9.98468E-05 9.98468E-05 9.98468E-05 9.98468E-05
9.9874E-05 9.9874E-05 9.9874E-05 0.029494 9.9874E-05 9.9874E-05 9.9874E-05 9.9874E-05 9.9874E-05 0.94859 9.9874E-05 9.9874E-05 9.9874E-05 9.9874E-05 0.0157491 0.00476835 9.9874E-05 9.9874E-05
9.98651E-05 9.98651E-05 9.98651E-05 9.98651E-05 9.98651E-05 9.98651E-05 9.98651E-05 9.98651E-05 9.98651E-05 0.914737 0.015539 0.0682256 9.98651E-05 9.98651E-05 9.98651E-05 9.98651E-05 9.98651E-05 9.98651E-05
9.98649E-05 0.165233 0.0851891 9.98649E-05 9.98649E-05 9.98649E-05 9.98649E-05 9.98649E-05 0.74808 9.98649E-05 9.98649E-05 9.98649E-05 9.98649E-05 9.98649E-05 9.98649E-05 9.98649E-05 9.98649E-05 9.98649E-05
9.9865E-05 9.9865E-05 9.9865E-05 9.9865E-05 9.9865E-05 9.9865E-05 9.9865E-05 9.9865E-05 9.9865E-05 9.9865E-05 0.0423311 9.9865E-05 9.9865E-05 9.9865E-05 9.9865E-05 9.9865E-05 0.875472 0.0806986
9.99009E-05 9.99009E-05 9.99009E-05 0.0469692 9.99009E-05 9.99009E-05 9.99009E-05 9.99009E-05 0.0785202 9.99009E-05 9.99009E-05 9.99009E-05 0.0258041 0.0540594 9.99009E-05 0.707902 0.0291976 0.0564484
9.9865E-05 9.9865E-05 0.0885178 9.9865E-05 9.9865E-05 9.9865E-05 9.9865E-05 0.0396091 9.9865E-05 9.9865E-05 9.9865E-05 9.9865E-05 9.9865E-05 9.9865E-05 9.9865E-05 0.870375 9.9865E-05 9.9865E-05
9.98828E-05 9.98828E-05 0.147567 9.98828E-05 9.98828E-05 9.98828E-05 9.98828E-05 0.0281336 0.339514 9.98828E-05 9.98828E-05 9.98828E-05 9.98828E-05 9.98828E-05 0.0622513 9.98828E-05 9.98828E-05 0.421236
9.98471E-05 9.98471E-05 9.98471E-05 9.98471E-05 9.98471E-05 9.98471E-05 9.98471E-05 9.98471E-05 9.98471E-05 9.98471E-05 9.98471E-05 9.98471E-05 9.98471E-05 9.98471E-05 9.98471E-05 0.998303 9.98471E-05 9.98471E-05
9.9919E-05 0.158654 9.9919E-05 0.0087326 9.9919E-05 9.9919E-05 9.9919E-05 0.000376296 0.254627 9.9919E-05 9.9919E-05 9.9919E-05 9.9919E-05 0.080822 0.37229 0.00960446 0.0156619 0.0983318
9.98468E-05 9.98468E-05 9.98468E-05 9.98468E-05 9.98468E-05 9.98468E-05 9.98468E-05 9.98468E-05 9.98468E-05 9.98468E-05 0.998303 9.98468E-05 9.98468E-05 9.98468E-05 9.98468E-05 9.98468E-05 9.98468E-05 9.98468E-05
9.98559E-05 9.98559E-05 9.98559E-05 9.98559E-05 9.98559E-05 9.98559E-05 9.98559E-05 9.98559E-05 9.98559E-05 9.98559E-05 0.236473 9.98559E-05 9.98559E-05 9.98559E-05 9.98559E-05 0.76193 9.98559E-05 9.98559E-05
9.98563E-05 9.98563E-05 9.98563E-05 9.98563E-05 9.98563E-05 9.98563E-05 0.729865 9.98563E-05 9.98563E-05 0.268537 9.98563E-05 9.98563E-05 9.98563E-05 9.98563E-05 9.98563E-05 9.98563E-05 9.98563E-05 9.98563E-05
9.98563E-05 9.98563E-05 9.98563E-05 9.98563E-05 9.98563E-05 9.98563E-05 0.274766 9.98563E-05 9.98563E-05 0.723636 9.98563E-05 9.98563E-05 9.98563E-05 9.98563E-05 9.98563E-05 9.98563E-05 9.98563E-05 9.98563E-05
9.99009E-05 0.777932 9.99009E-05 9.99009E-05 0.0562743 9.99009E-05 9.99009E-05 0.061355 9.99009E-05 9.99009E-05 0.00321426 9.99009E-05 9.99009E-05 0.074419 0.000838104 9.99009E-05 9.99009E-05 0.024869
9.98471E-05 9.98471E-05 9.98471E-05 9.98471E-05 9.98471E-05 9.98471E-05 0.998303 9.98471E-05 9.98471E-05 9.98471E-05 9.98471E-05 9.98471E-05 9.98471E-05 9.98471E-05 9.98471E-05 9.98471E-05 9.98471E-05 9.98471E-05
9.98472E-05 9.98472E-05 9.98472E-05 9.98472E-05 9.98472E-05 9.98472E-05 0.998303 9.98472E-05 9.98472E-05 9.98472E-05 9.98472E-05 9.98472E-05 9.98472E-05 9.98472E-05 9.98472E-05 9.98472E-05 9.98472E-05 9.98472E-05
0.241911 9.99102E-05 9.99102E-05 9.99102E-05 0.0436595 9.99102E-05 0.241253 0.00567578 9.99102E-05 0.319446 9.99102E-05 0.00154449 0.124839 9.99102E-05 9.99102E-05 0.0206729 9.99102E-05 9.99102E-05
0.491769 9.98919E-05 9.98919E-05 9.98919E-05 9.98919E-05 9.98919E-05 0.0979959 9.98919E-05 9.98919E-05 0.245343 9.98919E-05 0.0713796 0.0645074 9.98919E-05 9.98919E-05 9.98919E-05 0.0278063 9.98919E-05
9.98475E-05 9.98475E-05 9.98475E-05 0.998303 9.98475E-05 9.98475E-05 9.98475E-05 9.98475E-05 9.98475E-05 9.98475E-05 9.98475E-05 9.98475E-05 9.98475E-05 9.98475E-05 9.98475E-05 9.98475E-05 9.98475E-05 9.98475E-05
0.157776 9.98652E-05 9.98652E-05 9.98652E-05 9.98652E-05 9.98652E-05 0.380999 9.98652E-05 9.98652E-05 0.459728 9.98652E-05 9.98652E-05 9.98652E-05 9.98652E-05 9.98652E-05 9.98652E-05 9.98652E-05 9.98652E-05
0.306452 9.98743E-05 9.98743E-05 9.98743E-05 9.98743E-05 9.98743E-05 0.0187098 9.98743E-05 9.98743E-05 9.98743E-05 9.98743E-05 9.98743E-05 0.665763 9.98743E-05 9.98743E-05 9.98743E-05 9.98743E-05 0.00767689
0.0651516 0.453067 0.0378868 9.99187E-05 0.0802396 9.99187E-05 0.0166829 0.106424 9.99187E-05 9.99187E-05 9.99187E-05 0.020528 9.99187E-05 0.0169441 9.99187E-05 9.99187E-05 0.202178 9.99187E-05
9.98829E-05 9.98829E-05 0.0163191 9.98829E-05 9.98829E-05 9.98829E-05 0.662823 9.98829E-05 9.98829E-05 0.307943 9.98829E-05 0.0082921 9.98829E-05 9.98829E-05 9.98829E-05 9.98829E-05 0.0033241 9.98829E-05
0.0361388 9.98563E-05 9.98563E-05 9.98563E-05 9.98563E-05 9.98563E-05 9.98563E-05 9.98563E-05 9.98563E-05 9.98563E-05 9.98563E-05 9.98563E-05 9.98563E-05 9.98563E-05 0.962263 9.98563E-05 9.98563E-05 9.98563E-05
0.00467059 9.99099E-05 9.99099E-05 0.225623 9.99099E-05 9.99099E-05 9.99099E-05 9.99099E-05 9.99099E-05 0.0259766 0.0402539 9.99099E-05 9.99099E-05 9.99099E-05 0.0935022 0.00874663 0.035127 0.565101
0.0056875 9.98561E-05 9.98561E-05 9.98561E-05 9.98561E-05 9.98561E-05 9.98561E-05 9.98561E-05 9.98561E-05 9.98561E-05 9.98561E-05 9.98561E-05 9.98561E-05 9.98561E-05 9.98561E-05 9.98561E-05 0.992715 9.98561E-05
9.98916E-05 9.98916E-05 9.98916E-05 9.98916E-05 9.98916E-05 9.98916E-05 9.98916E-05 9.98916E-05 0.399059 0.0507292 9.98916E-05 0.0821826 9.98916E-05 0.206339 9.98916E-05 9.98916E-05 0.162021 0.0984703
9.99007E-05 9.99007E-05 9.99007E-05 9.99007E-05 9.99007E-05 9.99007E-05 9.99007E-05 0.0041844 0.394873 9.99007E-05 9.99007E-05 0.121755 9.99007E-05 0.21232 0.0271735 9.99007E-05 0.0934332 0.145161
9.9901E-05 0.0146435 0.0107747 9.9901E-05 9.9901E-05 9.9901E-05 9.9901E-05 9.9901E-05 0.0715765 9.9901E-05 0.028859 9.9901E-05 9.9901E-05 0.0199403 0.0192652 9.9901E-05 9.9901E-05 0.833842
9.98831E-05 0.0201366 9.98831E-05 9.98831E-05 0.04267 0.0325508 9.98831E-05 9.98831E-05 0.895007 9.98831E-05 9.98831E-05 9.98831E-05 9.98831E-05 9.98831E-05 0.0083372 9.98831E-05 9.98831E-05 9.98831E-05
9.98739E-05 0.0301552 0.0807481 9.98739E-05 9.98739E-05 9.98739E-05 9.98739E-05 9.98739E-05 9.98739E-05 9.98739E-05 9.98739E-05 9.98739E-05 9.98739E-05 9.98739E-05 0.0267295 9.98739E-05 9.98739E-05 0.860969
9.99189E-05 0.201041 0.0764504 0.050422 9.99189E-05 9.99189E-05 9.99189E-05 0.0366444 0.106409 9.99189E-05 0.245181 9.99189E-05 9.99189E-05 0.0365902 0.0337499 9.99189E-05 9.99189E-05 0.212612
9.99101E-05 9.99101E-05 0.0883573 9.99101E-05 0.141018 9.99101E-05 9.99101E-05 9.99101E-05 0.140826 0.0441789 0.0525267 0.0253935 9.99101E-05 0.0750735 0.0500559 9.99101E-05 9.99101E-05 0.381671
9.9928E-05 0.105693 0.213406 9.9928E-05 9.9928E-05 0.0694739 0.049635 9.9928E-05 9.9928E-05 0.0250714 9.9928E-05 9.9928E-05 0.0168522 0.0642927 0.139755 9.9928E-05 0.165354 0.149668
9.98469E-05 9.98469E-05 9.98469E-05 9.98469E-05 9.98469E-05 9.98469E-05 9.98469E-05 9.98469E-05 9.98469E-05 9.98469E-05 9.98469E-05 9.98469E-05 9.98469E-05 0.998303 9.98469E-05 9.98469E-05 9.98469E-05 9.98469E-05
9.98473E-05 9.98473E-05 9.98473E-05 9.98473E-05 9.98473E-05 9.98473E-05 9.98473E-05 9.98473E-05 9.98473E-05 9.98473E-05 9.98473E-05 9.98473E-05 0.998303 9.98473E-05 9.98473E-05 9.98473E-05 9.98473E-05 9.98473E-05
9.98472E-05 9.98472E-05 9.98472E-05 9.98472E-05 9.98472E-05 9.98472E-05 9.98472E-05 9.98472E-05 9.98472E-05 9.98472E-05 9.98472E-05 9.98472E-05 0.998303 9.98472E-05 9.98472E-05 9.98472E-05 9.98472E-05 9.98472E-05
9.98563E-05 9.98563E-05 9.98563E-05 9.98563E-05 9.98563E-05 9.98563E-05 9.98563E-05 9.98563E-05 9.98563E-05 9.98563E-05 9.98563E-05 0.00747867 0.990924 9.98563E-05 9.98563E-05 9.98563E-05 9.98563E-05 9.98563E-05
9.98564E-05 9.98564E-05 9.98564E-05 9.98564E-05 9.98564E-05 9.98564E-05 9.98564E-05 9.98564E-05 9.98564E-05 9.98564E-05 9.98564E-05 9.98564E-05 0.995358 9.98564E-05 0.00304425 9.98564E-05 9.98564E-05 9.98564E-05
9.98562E-05 9.98562E-05 9.98562E-05 9.98562E-05 9.98562E-05 9.98562E-05 0.00438887 9.98562E-05 9.98562E-05 9.98562E-05 9.98562E-05 9.98562E-05 0.994013 9.98562E-05 9.98562E-05 9.98562E-05 9.98562E-05 9.98562E-05
0.349018 9.99101E-05 9.99101E-05 0.0210834 0.0174332 0.0681384 9.99101E-05 9.99101E-05 9.99101E-05 0.0834444 0.0950616 9.99101E-05 0.33823 0.0265922 9.99101E-05 9.99101E-05 9.99101E-05 9.99101E-05
9.98831E-05 9.98831E-05 9.98831E-05 0.0312423 0.0183963 9.98831E-05 9.98831E-05 0.00350356 9.98831E-05 9.98831E-05 9.98831E-05 9.98831E-05 0.929363 9.98831E-05 0.0161967 9.98831E-05 9.98831E-05 9.98831E-05
9.9856E-05 9.9856E-05 9.9856E-05 9.9856E-05 9.9856E-05 9.9856E-05 9.9856E-05 9.9856E-05 0.157528 9.9856E-05 9.9856E-05 9.9856E-05 9.9856E-05 9.9856E-05 0.840874 9.9856E-05 9.9856E-05 9.9856E-05
9.98829E-05 0.0096988 9.98829E-05 0.895345 9.98829E-05 0.025346 0.0180723 9.98829E-05 9.98829E-05 9.98829E-05 9.98829E-05 9.98829E-05 0.0502399 9.98829E-05 9.98829E-05 9.98829E-05 9.98829E-05 9.98829E-05
9.98739E-05 9.98739E-05 9.98739E-05 9.98739E-05 9.98739E-05 9.98739E-05 0.482378 9.98739E-05 9.98739E-05 0.457714 9.98739E-05 0.0547511 9.98739E-05 9.98739E-05 9.98739E-05 9.98739E-05 0.00375846 9.98739E-05
9.9883E-05 0.467698 9.9883E-05 9.9883E-05 0.349965 9.9883E-05 9.9883E-05 0.0177141 0.125463 9.9883E-05 9.9883E-05 9.9883E-05 9.9883E-05 0.0378623 9.9883E-05 9.9883E-05 9.9883E-05 9.9883E-05
9.98653E-05 9.98653E-05 0.0355341 9.98653E-05 0.13856 9.98653E-05 9.98653E-05 9.98653E-05 0.824408 9.98653E-05 9.98653E-05 9.98653E-05 9.98653E-05 9.98653E-05 9.98653E-05 9.98653E-05 9.98653E-05 9.98653E-05
9.98566E-05 0.820274 9.98566E-05 9.98566E-05 0.178128 9.98566E-05 9.98566E-05 9.98566E-05 9.98566E-05 9.98566E-05 9.98566E-05 9.98566E-05 9.98566E-05 9.98566E-05 9.98566E-05 9.98566E-05 9.98566E-05 9.98566E-05
9.9856E-05 0.996944 9.9856E-05 9.9856E-05 9.9856E-05 9.9856E-05 9.9856E-05 9.9856E-05 9.9856E-05 0.00145825 9.9856E-05 9.9856E-05 9.9856E-05 9.9856E-05 9.9856E-05 9.9856E-05 9.9856E-05 9.9856E-05
9.98649E-05 0.940073 0.024696 9.98649E-05 9.98649E-05 9.98649E-05 9.98649E-05 0.0337334 9.98649E-05 9.98649E-05 9.98649E-05 9.98649E-05 9.98649E-05 9.98649E-05 9.98649E-05 9.98649E-05 9.98649E-05 9.98649E-05
9.98743E-05 9.98743E-05 9.98743E-05 9.98743E-05 9.98743E-05 9.98743E-05 9.98743E-05 9.98743E-05 9.98743E-05 9.98743E-05 9.98743E-05 9.98743E-05 0.00127558 0.0355057 0.0320913 0.929729 9.98743E-05 9.98743E-05
9.98657E-05 9.98657E-05 9.98657E-05 9.98657E-05 9.98657E-05 9.98657E-05 0.695406 0.000893554 9.98657E-05 0.302203 9.98657E-05 9.98657E-05 9.98657E-05 9.98657E-05 9.98657E-05 9.98657E-05 9.98657E-05 9.98657E-05
0.107068 0.151507 9.99191E-05 0.141712 9.99191E-05 9.99191E-05 9.99191E-05 9.99191E-05 0.183076 0.175791 0.0478912 9.99191E-05 9.99191E-05 9.99191E-05 0.10605 0.0548722 9.99191E-05 0.0311332
0.0696192 0.025633 9.98744E-05 9.98744E-05 9.98744E-05 0.021023 9.98744E-05 9.98744E-05 9.98744E-05 0.882326 9.98744E-05 9.98744E-05 9.98744E-05 9.98744E-05 9.98744E-05 9.98744E-05 9.98744E-05 9.98744E-05
9.9892E-05 9.9892E-05 9.9892E-05 9.9892E-05 9.9892E-05 0.00369547 0.283612 9.9892E-05 9.9892E-05 0.58918 9.9892E-05 0.0821935 0.0149309 9.9892E-05 9.9892E-05 9.9892E-05 0.0251888 9.9892E-05
9.98561E-05 9.98561E-05 9.98561E-05 9.98561E-05 0.0167233 9.98561E-05 0.981679 9.98561E-05 9.98561E-05 9.98561E-05 9.98561E-05 9.98561E-05 9.98561E-05 9.98561E-05 9.98561E-05 9.98561E-05 9.98561E-05 9.98561E-05
9.98563E-05 9.98563E-05 9.98563E-05 9.98563E-05 9.98563E-05 9.98563E-05 0.966203 9.98563E-05 9.98563E-05 9.98563E-05 9.98563E-05 9.98563E-05 9.98563E-05 0.032199 9.98563E-05 9.98563E-05 9.98563E-05 9.98563E-05
0.168844 9.99101E-05 9.99101E-05 0.0146828 9.99101E-05 9.99101E-05 0.200963 0.0163274 9.99101E-05 0.515603 9.99101E-05 0.0757622 9.99101E-05 9.99101E-05 9.99101E-05 9.99101E-05 0.000618698 0.00619893
9.98739E-05 9.98739E-05 9.98739E-05 9.98739E-05 9.98739E-05 9.98739E-05 0.572135 9.98739E-05 9.98739E-05 0.365929 9.98739E-05 0.0430291 9.98739E-05 9.98739E-05 9.98739E-05 9.98739E-05 0.0175086 9.98739E-05
0.998303 9.9847E-05 9.9847E-05 9.9847E-05 9.9847E-05 9.9847E-05 9.9847E-05 9.9847E-05 9.9847E-05 9.9847E-05 9.9847E-05 9.9847E-05 9.9847E-05 9.9847E-05 9.9847E-05 9.9847E-05 9.9847E-05 9.9847E-05
0.950726 9.9865E-05 9.9865E-05 9.9865E-05 0.0371083 0.0106675 9.9865E-05 9.9865E-05 9.9865E-05 9.9865E-05 9.9865E-05 9.9865E-05 9.9865E-05 9.9865E-05 9.9865E-05 9.9865E-05 9.9865E-05 9.9865E-05
9.98831E-05 9.98831E-05 9.98831E-05 9.98831E-05 0.00218229 9.98831E-05 0.0869292 9.98831E-05 9.98831E-05 0.867498 0.00920986 9.98831E-05 0.0328822 9.98831E-05 9.98831E-05 9.98831E-05 9.98831E-05 9.98831E-05
0.0408986 9.98702E-05 9.98702E-05 0.00856326 9.98702E-05 9.98702E-05 9.98702E-05 0.0116665 0.934807 9.98702E-05 9.98702E-05 9.98702E-05 0.00276607 9.98702E-05 9.98702E-05 9.98702E-05 9.98702E-05 9.98702E-05
9.9856E-05 9.9856E-05 9.9856E-05 9.9856E-05 9.9856E-05 9.9856E-05 9.9856E-05 9.9856E-05 0.984742 9.9856E-05 9.9856E-05 9.9856E-05 0.0136606 9.9856E-05 9.9856E-05 9.9856E-05 9.9856E-05 9.9856E-05
9.98562E-05 9.98562E-05 9.98562E-05 9.98562E-05 9.98562E-05 9.98562E-05 9.98562E-05 0.982446 9.98562E-05 9.98562E-05 9.98562E-05 9.98562E-05 9.98562E-05 9.98562E-05 0.0159559 9.98562E-05 9.98562E-05 9.98562E-05
9.98474E-05 9.98474E-05 9.98474E-05 9.98474E-05 9.98474E-05 9.98474E-05 9.98474E-05 0.998303 9.98474E-05 9.98474E-05 9.98474E-05 9.98474E-05 9.98474E-05 9.98474E-05 9.98474E-05 9.98474E-05 9.98474E-05 9.98474E-05
9.98919E-05 9.98919E-05 9.98919E-05 0.0649888 0.0471471 9.98919E-05 0.00265712 9.98919E-05 0.0764656 9.98919E-05 9.98919E-05 9.98919E-05 9.98919E-05 0.0428099 9.98919E-05 9.98919E-05 9.98919E-05 0.764733
9.98919E-05 9.98919E-05 9.98919E-05 0.0169551 0.0804469 9.98919E-05 0.0208487 9.98919E-05 0.0963581 9.98919E-05 9.98919E-05 9.98919E-05 9.98919E-05 0.0380938 9.98919E-05 9.98919E-05 9.98919E-05 0.746099
9.98743E-05 9.98743E-05 9.98743E-05 9.98743E-05 9.98743E-05 9.98743E-05 9.98743E-05 0.955682 0.0111543 9.98743E-05 0.0304747 9.98743E-05 9.98743E-05 9.98743E-05 9.98743E-05 9.98743E-05 9.98743E-05 0.00129116
9.98474E-05 9.98474E-05 9.98474E-05 9.98474E-05 9.98474E-05 9.98474E-05 9.98474E-05 0.998303 9.98474E-05 9.98474E-05 9.98474E-05 9.98474E-05 9.98474E-05 9.98474E-05 9.98474E-05 9.98474E-05 9.98474E-05 9.98474E-05
9.9874E-05 9.9874E-05 9.9874E-05 9.9874E-05 9.9874E-05 0.00357366 9.9874E-05 9.9874E-05 9.9874E-05 9.9874E-05 9.9874E-05 9.9874E-05 0.00802321 0.100522 0.886483 9.9874E-05 9.9874E-05 9.9874E-05
9.99009E-05 0.164526 9.99009E-05 9.99009E-05 9.99009E-05 0.100781 9.99009E-05 9.99009E-05 0.570378 9.99009E-05 0.00881125 9.99009E-05 9.99009E-05 9.99009E-05 0.0284493 0.0732478 9.99009E-05 0.0527074
9.9865E-05 9.9865E-05 9.9865E-05 0.914743 9.9865E-05 0.0655835 9.9865E-05 9.9865E-05 9.9865E-05 9.9865E-05 9.9865E-05 9.9865E-05 0.0181757 9.9865E-05 9.9865E-05 9.9865E-05 9.9865E-05 9.9865E-05
9.98561E-05 9.98561E-05 0.976458 9.98561E-05 9.98561E-05 9.98561E-05 9.98561E-05 9.98561E-05 9.98561E-05 9.98561E-05 0.0219439 9.98561E-05 9.98561E-05 9.98561E-05 9.98561E-05 9.98561E-05 9.98561E-05 9.98561E-05
9.98741E-05 0.0150821 0.87297 9.98741E-05 9.98741E-05 9.98741E-05 9.98741E-05 9.98741E-05 9.98741E-05 9.98741E-05 9.98741E-05 9.98741E-05 9.98741E-05 9.98741E-05 0.0483182 9.98741E-05 0.0622317 9.98741E-05
0.570239 9.98832E-05 9.98832E-05 9.98832E-05 9.98832E-05 9.98832E-05 0.322029 9.98832E-05 9.98832E-05 9.98832E-05 0.0756858 9.98832E-05 0.0220821 9.98832E-05 9.98832E-05 0.00866564 9.98832E-05 9.98832E-05
