9.98738E-05 9.98738E-05 9.98738E-05 0.033495 9.98738E-05 9.98738E-05 9.98738E-05 9.98738E-05 9.98738E-05 9.98738E-05 9.98738E-05 9.98738E-05 0.0246965 0.918895 9.98738E-05 0.0215154 9.98738E-05 9.98738E-05
9.98739E-05 9.98739E-05 9.98739E-05 9.98739E-05 9.98739E-05 9.98739E-05 9.98739E-05 0.216131 9.98739E-05 9.98739E-05 0.11763 9.98739E-05 0.038677 9.98739E-05 0.626164 9.98739E-05 9.98739E-05 9.98739E-05
9.99019E-05 0.00876679 9.99019E-05 9.99019E-05 0.0808664 0.0771488 0.0120483 9.99019E-05 9.99019E-05 0.30548 0.36163 9.99019E-05 9.99019E-05 9.99019E-05 9.99019E-05 9.99019E-05 0.152961 9.99019E-05
9.98831E-05 9.98831E-05 9.98831E-05 9.98831E-05 9.98831E-05 0.017175 9.98831E-05 9.98831E-05 0.0304748 0.0124577 0.926551 9.98831E-05 9.98831E-05 9.98831E-05 9.98831E-05 9.98831E-05 9.98831E-05 0.0120428
9.99281E-05 9.99281E-05 9.99281E-05 0.0475771 9.99281E-05 9.99281E-05 0.22483 0.0897683 0.110035 9.99281E-05 0.341031 0.0246464 9.99281E-05 0.0147138 0.0726352 9.99281E-05 0.0425812 0.0313824
9.98651E-05 9.98651E-05 9.98651E-05 9.98651E-05 9.98651E-05 9.98651E-05 9.98651E-05 9.98651E-05 0.00976353 9.98651E-05 0.979509 0.00922951 9.98651E-05 9.98651E-05 9.98651E-05 9.98651E-05 9.98651E-05 9.98651E-05
9.98471E-05 9.98471E-05 9.98471E-05 9.98471E-05 9.98471E-05 9.98471E-05 0.998303 9.98471E-05 9.98471E-05 9.98471E-05 9.98471E-05 9.98471E-05 9.98471E-05 9.98471E-05 9.98471E-05 9.98471E-05 9.98471E-05 9.98471E-05
9.99099E-05 9.99099E-05 9.99099E-05 0.0456575 9.99099E-05 0.020141 0.00401221 0.00646021 0.292567 9.99099E-05 9.99099E-05 9.99099E-05 9.99099E-05 9.99099E-05 0.141576 9.99099E-05 0.410329 0.0782576
0.000739886 9.9865E-05 9.9865E-05 9.9865E-05 9.9865E-05 9.9865E-05 0.949319 9.9865E-05 9.9865E-05 9.9865E-05 9.9865E-05 9.9865E-05 9.9865E-05 9.9865E-05 0.0484431 9.9865E-05 9.9865E-05 9.9865E-05
9.98601E-05 9.98601E-05 9.98601E-05 0.878866 9.98601E-05 9.98601E-05 0.119536 9.98601E-05 9.98601E-05 9.98601E-05 9.98601E-05 9.98601E-05 9.98601E-05 9.98601E-05 9.98601E-05 9.98601E-05 9.98601E-05 9.98601E-05
9.98562E-05 9.98562E-05 9.98562E-05 0.891302 9.98562E-05 9.98562E-05 0.1071 9.98562E-05 9.98562E-05 9.98562E-05 9.98562E-05 9.98562E-05 9.98562E-05 9.98562E-05 9.98562E-05 9.98562E-05 9.98562E-05 9.98562E-05
9.9892E-05 9.9892E-05 9.9892E-05 9.9892E-05 0.121665 0.130335 9.9892E-05 9.9892E-05 9.9892E-05 0.030391 9.9892E-05 0.0355021 0.014794 0.666114 9.9892E-05 9.9892E-05 9.9892E-05 9.9892E-05
9.98653E-05 9.98653E-05 9.98653E-05 9.98653E-05 0.94993 9.98653E-05 0.0155814 9.98653E-05 9.98653E-05 0.032991 9.98653E-05 9.98653E-05 9.98653E-05 9.98653E-05 9.98653E-05 9.98653E-05 9.98653E-05 9.98653E-05
0.00288325 0.015176 9.98831E-05 9.98831E-05 9.98831E-05 9.98831E-05 9.98831E-05 9.98831E-05 9.98831E-05 9.98831E-05 0.968581 9.98831E-05 0.00646109 9.98831E-05 0.00559977 9.98831E-05 9.98831E-05 9.98831E-05
0.0287454 0.00421212 9.98741E-05 9.98741E-05 9.98741E-05 9.98741E-05 9.98741E-05 9.98741E-05 9.98741E-05 9.98741E-05 0.944139 9.98741E-05 9.98741E-05 9.98741E-05 9.98741E-05 0.0215051 9.98741E-05 9.98741E-05
9.98829E-05 9.98829E-05 0.71124 0.0407516 0.122414 9.98829E-05 9.98829E-05 0.00493149 9.98829E-05 9.98829E-05 9.98829E-05 0.119365 9.98829E-05 9.98829E-05 9.98829E-05 9.98829E-05 9.98829E-05 9.98829E-05
9.98651E-05 9.98651E-05 9.98651E-05 0.0642805 9.98651E-05 9.98651E-05 9.98651E-05 9.98651E-05 9.98651E-05 9.98651E-05 9.98651E-05 9.98651E-05 0.920093 9.98651E-05 9.98651E-05 0.0141288 9.98651E-05 9.98651E-05
9.98919E-05 0.654084 9.98919E-05 0.0319306 9.98919E-05 9.98919E-05 9.98919E-05 0.184134 9.98919E-05 9.98919E-05 9.98919E-05 9.98919E-05 9.98919E-05 9.98919E-05 0.0151881 0.0589399 9.98919E-05 0.0545243
9.9856E-05 0.904584 9.9856E-05 9.9856E-05 9.9856E-05 0.0938181 9.9856E-05 9.9856E-05 9.9856E-05 9.9856E-05 9.9856E-05 9.9856E-05 9.9856E-05 9.9856E-05 9.9856E-05 9.9856E-05 9.9856E-05 9.9856E-05
9.98919E-05 9.98919E-05 0.32764 0.431886 9.98919E-05 0.0163442 9.98919E-05 9.98919E-05 9.98919E-05 9.98919E-05 9.98919E-05 0.122826 0.0200117 0.0800931 9.98919E-05 9.98919E-05 9.98919E-05 9.98919E-05
9.98473E-05 0.998303 9.98473E-05 9.98473E-05 9.98473E-05 9.98473E-05 9.98473E-05 9.98473E-05 9.98473E-05 9.98473E-05 9.98473E-05 9.98473E-05 9.98473E-05 9.98473E-05 9.98473E-05 9.98473E-05 9.98473E-05 9.98473E-05
9.9901E-05 9.9901E-05 0.193055 0.0178013 0.0526788 0.0351194 9.9901E-05 0.307413 9.9901E-05 9.9901E-05 9.9901E-05 9.9901E-05 0.0212945 0.371539 9.9901E-05 9.9901E-05 9.9901E-05 9.9901E-05
9.98469E-05 9.98469E-05 9.98469E-05 9.98469E-05 9.98469E-05 9.98469E-05 9.98469E-05 9.98469E-05 9.98469E-05 9.98469E-05 9.98469E-05 9.98469E-05 9.98469E-05 9.98469E-05 9.98469E-05 0.998303 9.98469E-05 9.98469E-05
9.98649E-05 0.762219 9.98649E-05 9.98649E-05 9.98649E-05 9.98649E-05 9.98649E-05 9.98649E-05 9.98649E-05 9.98649E-05 9.98649E-05 0.0284357 9.98649E-05 9.98649E-05 9.98649E-05 0.207848 9.98649E-05 9.98649E-05
9.98563E-05 9.98563E-05 9.98563E-05 9.98563E-05 9.98563E-05 9.98563E-05 9.98563E-05 9.98563E-05 9.98563E-05 0.579022 0.41938 9.98563E-05 9.98563E-05 9.98563E-05 9.98563E-05 9.98563E-05 9.98563E-05 9.98563E-05
9.98743E-05 9.98743E-05 9.98743E-05 9.98743E-05 9.98743E-05 9.98743E-05 9.98743E-05 9.98743E-05 9.98743E-05 0.104907 0.873772 9.98743E-05 9.98743E-05 9.98743E-05 0.00284439 9.98743E-05 9.98743E-05 0.0170782
9.98828E-05 9.98828E-05 9.98828E-05 0.0481627 0.807639 0.0273922 9.98828E-05 9.98828E-05 9.98828E-05 9.98828E-05 9.98828E-05 9.98828E-05 0.0520091 0.0634987 9.98828E-05 9.98828E-05 9.98828E-05 9.98828E-05
0.0156967 9.98651E-05 9.98651E-05 9.98651E-05 9.98651E-05 9.98651E-05 9.98651E-05 9.98651E-05 0.0215944 0.961211 9.98651E-05 9.98651E-05 9.98651E-05 9.98651E-05 9.98651E-05 9.98651E-05 9.98651E-05 9.98651E-05
9.98472E-05 9.98472E-05 9.98472E-05 9.98472E-05 9.98472E-05 9.98472E-05 9.98472E-05 9.98472E-05 9.98472E-05 0.998303 9.98472E-05 9.98472E-05 9.98472E-05 9.98472E-05 9.98472E-05 9.98472E-05 9.98472E-05 9.98472E-05
0.0404219 9.98922E-05 9.98922E-05 9.98922E-05 9.98922E-05 9.98922E-05 9.98922E-05 0.0282312 0.453439 0.2304 0.148737 9.98922E-05 9.98922E-05 9.98922E-05 9.98922E-05 9.98922E-05 9.98922E-05 0.0975725
9.98648E-05 9.98648E-05 9.98648E-05 9.98648E-05 9.98648E-05 9.98648E-05 9.98648E-05 9.98648E-05 0.911203 9.98648E-05 0.0828858 0.00441304 9.98648E-05 9.98648E-05 9.98648E-05 9.98648E-05 9.98648E-05 9.98648E-05
9.98475E-05 9.98475E-05 9.98475E-05 9.98475E-05 9.98475E-05 9.98475E-05 9.98475E-05 9.98475E-05 9.98475E-05 9.98475E-05 9.98475E-05 9.98475E-05 9.98475E-05 9.98475E-05 0.998303 9.98475E-05 9.98475E-05 9.98475E-05
0.00117343 9.98741E-05 9.98741E-05 9.98741E-05 9.98741E-05 9.98741E-05 9.98741E-05 9.98741E-05 9.98741E-05 0.216143 0.617766 9.98741E-05 9.98741E-05 9.98741E-05 9.98741E-05 9.98741E-05 0.16352 9.98741E-05
9.98833E-05 9.98833E-05 9.98833E-05 9.98833E-05 9.98833E-05 0.0147377 9.98833E-05 9.98833E-05 0.0286523 9.98833E-05 9.98833E-05 9.98833E-05 9.98833E-05 9.98833E-05 0.0216724 9.98833E-05 0.203644 0.729995
9.99097E-05 9.99097E-05 9.99097E-05 9.99097E-05 0.517122 0.0870693 9.99097E-05 0.0783436 0.0670787 9.99097E-05 9.99097E-05 0.0268346 0.204382 0.018008 9.99097E-05 9.99097E-05 0.000162692 9.99097E-05
9.98829E-05 9.98829E-05 9.98829E-05 9.98829E-05 9.98829E-05 9.98829E-05 9.98829E-05 0.0102429 9.98829E-05 0.605555 0.353286 0.0224237 0.00719371 9.98829E-05 9.98829E-05 9.98829E-05 9.98829E-05 9.98829E-05
9.98562E-05 9.98562E-05 9.98562E-05 9.98562E-05 9.98562E-05 9.98562E-05 9.98562E-05 9.98562E-05 9.98562E-05 9.98562E-05 9.98562E-05 9.98562E-05 9.98562E-05 0.971147 9.98562E-05 9.98562E-05 0.0272551 9.98562E-05
9.99009E-05 9.99009E-05 9.99009E-05 0.56154 9.99009E-05 9.99009E-05 9.99009E-05 0.0649988 9.99009E-05 9.99009E-05 9.99009E-05 9.99009E-05 0.00880363 0.0636625 0.192205 0.047722 0.0599695 9.99009E-05
9.98562E-05 9.98562E-05 9.98562E-05 9.98562E-05 9.98562E-05 9.98562E-05 9.98562E-05 9.98562E-05 9.98562E-05 9.98562E-05 0.0215736 9.98562E-05 0.976829 9.98562E-05 9.98562E-05 9.98562E-05 9.98562E-05 9.98562E-05
9.9856E-05 9.9856E-05 9.9856E-05 9.9856E-05 9.9856E-05 9.9856E-05 9.9856E-05 0.986648 9.9856E-05 9.9856E-05 0.0117546 9.9856E-05 9.9856E-05 9.9856E-05 9.9856E-05 9.9856E-05 9.9856E-05 9.9856E-05
9.98559E-05 9.98559E-05 9.98559E-05 9.98559E-05 9.98559E-05 9.98559E-05 9.98559E-05 0.976157 9.98559E-05 9.98559E-05 9.98559E-05 9.98559E-05 9.98559E-05 0.022245 9.98559E-05 9.98559E-05 9.98559E-05 9.98559E-05
9.9883E-05 0.00490589 0.030574 0.856062 9.9883E-05 9.9883E-05 9.9883E-05 0.101836 9.9883E-05 9.9883E-05 9.9883E-05 0.00532341 9.9883E-05 9.9883E-05 9.9883E-05 9.9883E-05 9.9883E-05 9.9883E-05
9.9901E-05 0.0151833 0.817014 0.00991752 0.0344665 9.9901E-05 0.0512362 0.0259841 9.9901E-05 9.9901E-05 9.9901E-05 9.9901E-05 9.9901E-05 0.0450993 9.9901E-05 9.9901E-05 9.9901E-05 9.9901E-05
9.98739E-05 9.98739E-05 9.98739E-05 0.840147 9.98739E-05 9.98739E-05 9.98739E-05 9.98739E-05 9.98739E-05 9.98739E-05 9.98739E-05 0.0955087 0.0129365 0.0500097 9.98739E-05 9.98739E-05 9.98739E-05 9.98739E-05
9.99099E-05 9.99099E-05 0.00420254 0.244851 0.13903 0.0533412 9.99099E-05 0.163703 9.99099E-05 9.99099E-05 9.99099E-05 0.134472 9.99099E-05 9.99099E-05 0.0604014 0.199 9.99099E-05 9.99099E-05
9.99101E-05 9.99101E-05 0.106378 0.375211 9.99101E-05 9.99101E-05 9.99101E-05 0.218329 0.043686 9.99101E-05 0.0203808 0.128949 9.99101E-05 0.078004 9.99101E-05 0.0280626 9.99101E-05 9.99101E-05
9.991E-05 9.991E-05 9.991E-05 0.222722 0.113672 9.991E-05 0.00343424 9.991E-05 0.0770232 9.991E-05 0.0475007 0.253655 0.0764338 0.204559 9.991E-05 9.991E-05 9.991E-05 9.991E-05
9.98659E-05 0.00194657 9.98659E-05 9.98659E-05 9.98659E-05 9.98659E-05 9.98659E-05 9.98659E-05 9.98659E-05 9.98659E-05 9.98659E-05 9.98659E-05 9.98659E-05 0.953178 9.98659E-05 0.0433771 9.98659E-05 9.98659E-05
9.98473E-05 9.98473E-05 9.98473E-05 9.98473E-05 9.98473E-05 9.98473E-05 9.98473E-05 9.98473E-05 9.98473E-05 9.98473E-05 9.98473E-05 9.98473E-05 9.98473E-05 9.98473E-05 9.98473E-05 9.98473E-05 9.98473E-05 0.998303
9.98562E-05 9.98562E-05 9.98562E-05 9.98562E-05 9.98562E-05 9.98562E-05 9.98562E-05 9.98562E-05 9.98562E-05 9.98562E-05 0.000866063 9.98562E-05 9.98562E-05 9.98562E-05 9.98562E-05 9.98562E-05 9.98562E-05 0.997536
9.98563E-05 9.98563E-05 9.98563E-05 9.98563E-05 9.98563E-05 9.98563E-05 9.98563E-05 0.00795222 9.98563E-05 9.98563E-05 9.98563E-05 9.98563E-05 9.98563E-05 9.98563E-05 9.98563E-05 9.98563E-05 9.98563E-05 0.99045
9.98472E-05 9.98472E-05 9.98472E-05 9.98472E-05 9.98472E-05 9.98472E-05 9.98472E-05 9.98472E-05 9.98472E-05 9.98472E-05 9.98472E-05 9.98472E-05 9.98472E-05 9.98472E-05 9.98472E-05 9.98472E-05 9.98472E-05 0.998303
9.98473E-05 9.98473E-05 9.98473E-05 9.98473E-05 9.98473E-05 9.98473E-05 9.98473E-05 9.98473E-05 9.98473E-05 9.98473E-05 9.98473E-05 9.98473E-05 9.98473E-05 9.98473E-05 9.98473E-05 9.98473E-05 9.98473E-05 0.998303
9.99101E-05 9.99101E-05 0.0275493 9.99101E-05 9.99101E-05 9.99101E-05 0.112546 0.0123763 0.311211 0.00499891 9.99101E-05 9.99101E-05 9.99101E-05 9.99101E-05 9.99101E-05 0.0692833 0.106487 0.35455
9.98742E-05 9.98742E-05 0.0111221 9.98742E-05 9.98742E-05 9.98742E-05 9.98742E-05 9.98742E-05 9.98742E-05 9.98742E-05 9.98742E-05 9.98742E-05 9.98742E-05 0.00718731 0.0293696 9.98742E-05 9.98742E-05 0.950923
9.98648E-05 9.98648E-05 0.158536 9.98648E-05 9.98648E-05 9.98648E-05 9.98648E-05 9.98648E-05 9.98648E-05 9.98648E-05 9.98648E-05 0.051015 9.98648E-05 0.788951 9.98648E-05 9.98648E-05 9.98648E-05 9.98648E-05
9.98829E-05 9.98829E-05 0.0254519 9.98829E-05 9.98829E-05 9.98829E-05 0.0331118 9.98829E-05 9.98829E-05 0.00180831 9.98829E-05 9.98829E-05 9.98829E-05 9.98829E-05 0.926348 9.98829E-05 9.98829E-05 0.0119816
9.98649E-05 9.98649E-05 9.98649E-05 9.98649E-05 9.98649E-05 9.98649E-05 9.98649E-05 0.0144406 9.98649E-05 0.331277 0.652785 9.98649E-05 9.98649E-05 9.98649E-05 9.98649E-05 9.98649E-05 9.98649E-05 9.98649E-05
9.98831E-05 9.98831E-05 0.0116578 9.98831E-05 0.827264 0.0144397 9.98831E-05 0.131809 9.98831E-05 9.98831E-05 9.98831E-05 9.98831E-05 9.98831E-05 9.98831E-05 9.98831E-05 9.98831E-05 9.98831E-05 0.013531
9.98653E-05 9.98653E-05 0.891785 9.98653E-05 0.00773779 9.98653E-05 9.98653E-05 9.98653E-05 9.98653E-05 9.98653E-05 9.98653E-05 0.0989795 9.98653E-05 9.98653E-05 9.98653E-05 9.98653E-05 9.98653E-05 9.98653E-05
9.98502E-05 9.98502E-05 9.98502E-05 9.98502E-05 0.914784 9.98502E-05 0.0242958 9.98502E-05 9.98502E-05 9.98502E-05 9.98502E-05 9.98502E-05 9.98502E-05 9.98502E-05 9.98502E-05 9.98502E-05 0.0594221 9.98502E-05
9.9856E-05 9.9856E-05 9.9856E-05 0.103058 0.895345 9.9856E-05 9.9856E-05 9.9856E-05 9.9856E-05 9.9856E-05 9.9856E-05 9.9856E-05 9.9856E-05 9.9856E-05 9.9856E-05 9.9856E-05 9.9856E-05 9.9856E-05
9.98828E-05 9.98828E-05 9.98828E-05 0.0708107 0.829951 0.0383724 9.98828E-05 0.0195056 9.98828E-05 9.98828E-05 9.98828E-05 0.0400614 9.98828E-05 9.98828E-05 9.98828E-05 9.98828E-05 9.98828E-05 9.98828E-05
9.98654E-05 0.919283 9.98654E-05 0.00547221 9.98654E-05 9.98654E-05 9.98654E-05 9.98654E-05 9.98654E-05 9.98654E-05 9.98654E-05 9.98654E-05 9.98654E-05 0.0737466 9.98654E-05 9.98654E-05 9.98654E-05 9.98654E-05
9.98567E-05 9.98567E-05 9.98567E-05 9.98567E-05 9.98567E-05 9.98567E-05 9.98567E-05 9.98567E-05 9.98567E-05 0.6602 0.338203 9.98567E-05 9.98567E-05 9.98567E-05 9.98567E-05 9.98567E-05 9.98567E-05 9.98567E-05
0.998303 9.98474E-05 9.98474E-05 9.98474E-05 9.98474E-05 9.98474E-05 9.98474E-05 9.98474E-05 9.98474E-05 9.98474E-05 9.98474E-05 9.98474E-05 9.98474E-05 9.98474E-05 9.98474E-05 9.98474E-05 9.98474E-05 9.98474E-05
9.98833E-05 9.98833E-05 0.0123645 9.98833E-05 0.0155821 9.98833E-05 9.98833E-05 9.98833E-05 9.98833E-05 0.0200635 0.830975 9.98833E-05 9.98833E-05 9.98833E-05 9.98833E-05 9.98833E-05 0.119716 9.98833E-05
9.9901E-05 9.9901E-05 9.9901E-05 9.9901E-05 9.9901E-05 9.9901E-05 0.0281267 9.9901E-05 0.064551 0.133362 0.727993 9.9901E-05 0.0356621 0.0031038 9.9901E-05 9.9901E-05 9.9901E-05 0.00610252
9.98562E-05 9.98562E-05 0.000682813 9.98562E-05 9.98562E-05 9.98562E-05 9.98562E-05 9.98562E-05 9.98562E-05 0.997719 9.98562E-05 9.98562E-05 9.98562E-05 9.98562E-05 9.98562E-05 9.98562E-05 9.98562E-05 9.98562E-05
9.98473E-05 9.98473E-05 9.98473E-05 9.98473E-05 9.98473E-05 9.98473E-05 9.98473E-05 9.98473E-05 9.98473E-05 0.998303 9.98473E-05 9.98473E-05 9.98473E-05 9.98473E-05 9.98473E-05 9.98473E-05 9.98473E-05 9.98473E-05
9.99011E-05 9.99011E-05 9.99011E-05 0.00276701 9.99011E-05 9.99011E-05 9.99011E-05 0.0458145 0.267508 0.086203 0.574306 9.99011E-05 0.0217543 9.99011E-05 0.000548224 9.99011E-05 9.99011E-05 9.99011E-05
9.98918E-05 9.98918E-05 9.98918E-05 9.98918E-05 9.98918E-05 9.98918E-05 9.98918E-05 0.0209224 0.000189912 0.459533 0.485759 9.98918E-05 0.029867 9.98918E-05 9.98918E-05 9.98918E-05 0.00253019 9.98918E-05
0.0244632 9.98649E-05 9.98649E-05 9.98649E-05 9.98649E-05 9.98649E-05 9.98649E-05 9.98649E-05 9.98649E-05 9.98649E-05 9.98649E-05 9.98649E-05 9.98649E-05 9.98649E-05 9.98649E-05 9.98649E-05 0.948463 0.0255757
9.9856E-05 9.9856E-05 9.9856E-05 9.9856E-05 0.0346636 9.9856E-05 9.9856E-05 9.9856E-05 9.9856E-05 9.9856E-05 9.9856E-05 9.9856E-05 9.9856E-05 9.9856E-05 9.9856E-05 9.9856E-05 0.963739 9.9856E-05
9.98832E-05 9.98832E-05 0.0190255 9.98832E-05 0.0034947 9.98832E-05 9.98832E-05 9.98832E-05 9.98832E-05 0.121701 0.845304 9.98832E-05 9.98832E-05 9.98832E-05 9.98832E-05 9.98832E-05 9.98832E-05 0.00917604
9.9892E-05 9.9892E-05 0.929775 9.9892E-05 9.9892E-05 0.00456116 9.9892E-05 9.9892E-05 9.9892E-05 9.9892E-05 0.00161069 9.9892E-05 0.00258607 9.9892E-05 0.0433888 9.9892E-05 9.9892E-05 0.01688
9.9856E-05 9.9856E-05 0.995701 9.9856E-05 9.9856E-05 9.9856E-05 9.9856E-05 9.9856E-05 9.9856E-05 9.9856E-05 9.9856E-05 9.9856E-05 9.9856E-05 9.9856E-05 9.9856E-05 9.9856E-05 9.9856E-05 0.00270119
9.98473E-05 9.98473E-05 9.98473E-05 9.98473E-05 9.98473E-05 0.998303 9.98473E-05 9.98473E-05 9.98473E-05 9.98473E-05 9.98473E-05 9.98473E-05 9.98473E-05 9.98473E-05 9.98473E-05 9.98473E-05 9.98473E-05 9.98473E-05
9.98473E-05 9.98473E-05 9.98473E-05 9.98473E-05 9.98473E-05 0.998303 9.98473E-05 9.98473E-05 9.98473E-05 9.98473E-05 9.98473E-05 9.98473E-05 9.98473E-05 9.98473E-05 9.98473E-05 9.98473E-05 9.98473E-05 9.98473E-05
9.9892E-05 9.9892E-05 0.0134737 0.791856 0.00892326 9.9892E-05 9.9892E-05 0.10098 9.9892E-05 0.000916083 9.9892E-05 9.9892E-05 9.9892E-05 9.9892E-05 0.0826523 9.9892E-05 9.9892E-05 9.9892E-05
9.98919E-05 9.98919E-05 0.0614822 0.762563 0.0518777 9.98919E-05 9.98919E-05 0.0660029 9.98919E-05 0.00499343 9.98919E-05 9.98919E-05 9.98919E-05 9.98919E-05 0.0518819 9.98919E-05 9.98919E-05 9.98919E-05
9.98832E-05 9.98832E-05 0.016502 9.98832E-05 9.98832E-05 0.937932 9.98832E-05 9.98832E-05 9.98832E-05 9.98832E-05 9.98832E-05 9.98832E-05 0.00369906 9.98832E-05 0.0232718 0.0172967 9.98832E-05 9.98832E-05
9.98563E-05 9.98563E-05 9.98563E-05 9.98563E-05 9.98563E-05 0.989812 9.98563E-05 0.00859009 9.98563E-05 9.98563E-05 9.98563E-05 9.98563E-05 9.98563E-05 9.98563E-05 9.98563E-05 9.98563E-05 9.98563E-05 9.98563E-05
9.98829E-05 9.98829E-05 0.0162791 9.98829E-05 0.00917151 9.98829E-05 0.0134731 9.98829E-05 9.98829E-05 9.98829E-05 9.98829E-05 9.98829E-05 9.98829E-05 0.958362 9.98829E-05 9.98829E-05 9.98829E-05 0.001416
9.98829E-05 0.00642205 0.0137465 9.98829E-05 0.128833 9.98829E-05 0.147622 0.702079 9.98829E-05 9.98829E-05 9.98829E-05 9.98829E-05 9.98829E-05 9.98829E-05 9.98829E-05 9.98829E-05 9.98829E-05 9.98829E-05
9.98651E-05 9.98651E-05 9.98651E-05 9.98651E-05 9.98651E-05 9.98651E-05 0.0506385 9.98651E-05 9.98651E-05 9.98651E-05 9.98651E-05 9.98651E-05 9.98651E-05 9.98651E-05 0.903172 9.98651E-05 9.98651E-05 0.0446919
9.9856E-05 9.9856E-05 9.9856E-05 9.9856E-05 9.9856E-05 9.9856E-05 9.9856E-05 9.9856E-05 9.9856E-05 9.9856E-05 9.9856E-05 0.997374 9.9856E-05 9.9856E-05 9.9856E-05 0.00102859 9.9856E-05 9.9856E-05
9.98831E-05 9.98831E-05 9.98831E-05 9.98831E-05 0.0540403 0.0128993 9.98831E-05 9.98831E-05 9.98831E-05 9.98831E-05 9.98831E-05 0.838283 0.0608281 0.0326505 9.98831E-05 9.98831E-05 9.98831E-05 9.98831E-05
9.98471E-05 9.98471E-05 9.98471E-05 9.98471E-05 9.98471E-05 9.98471E-05 9.98471E-05 9.98471E-05 0.998303 9.98471E-05 9.98471E-05 9.98471E-05 9.98471E-05 9.98471E-05 9.98471E-05 9.98471E-05 9.98471E-05 9.98471E-05
