9.99459E-05 9.99459E-05 0.951386 9.99459E-05 9.99459E-05 0.04441 9.99459E-05 0.00360412 9.99459E-05
0.504361 9.99548E-05 0.203434 9.99548E-05 9.99548E-05 9.99548E-05 9.99548E-05 0.0607101 0.230995
0.0928027 0.0268068 9.99733E-05 9.99733E-05 0.0308139 9.99733E-05 0.0381405 0.0651778 0.745958
9.9955E-05 0.000286486 9.9955E-05 9.9955E-05 9.9955E-05 0.00593608 9.9955E-05 0.0272857 0.965992
0.387931 0.0316592 0.0394867 9.99641E-05 9.99641E-05 0.146354 9.99641E-05 9.99641E-05 0.394169
9.9937E-05 9.9937E-05 9.9937E-05 9.9937E-05 9.9937E-05 9.9937E-05 9.9937E-05 0.0242328 0.975068
0.748431 9.9946E-05 9.9946E-05 0.116122 0.134847 9.9946E-05 9.9946E-05 9.9946E-05 9.9946E-05
0.429191 0.145016 9.9955E-05 9.9955E-05 9.9955E-05 0.0605038 9.9955E-05 9.9955E-05 0.364789
0.745117 9.99459E-05 9.99459E-05 0.166448 0.0878353 9.99459E-05 9.99459E-05 9.99459E-05 9.99459E-05
0.0438199 9.99371E-05 9.99371E-05 9.99371E-05 9.99371E-05 0.955481 9.99371E-05 9.99371E-05 9.99371E-05
9.993E-05 9.993E-05 9.993E-05 9.993E-05 9.993E-05 0.999201 9.993E-05 9.993E-05 9.993E-05
9.9955E-05 9.9955E-05 0.685846 9.9955E-05 0.168253 9.9955E-05 9.9955E-05 0.0995933 0.045808
9.99371E-05 9.99371E-05 9.99371E-05 9.99371E-05 0.963143 9.99371E-05 9.99371E-05 9.99371E-05 0.0361575
9.9955E-05 9.9955E-05 0.0514142 9.9955E-05 9.9955E-05 9.9955E-05 0.0234614 0.00366987 0.920955
9.99461E-05 9.99461E-05 0.0241361 9.99461E-05 9.99461E-05 0.0333208 9.99461E-05 9.99461E-05 0.941943
9.9946E-05 9.9946E-05 9.9946E-05 0.756674 0.182072 0.0606547 9.9946E-05 9.9946E-05 9.9946E-05
9.9973E-05 9.9973E-05 9.9973E-05 0.0750984 0.216785 0.3402 0.0812773 0.280127 0.0062124
0.031744 0.0516024 0.0483824 0.0371692 9.99729E-05 0.121396 0.709406 9.99729E-05 9.99729E-05
9.9937E-05 9.9937E-05 9.9937E-05 9.9937E-05 9.9937E-05 9.9937E-05 0.914828 0.0844724 9.9937E-05
9.99549E-05 9.99549E-05 0.0929308 0.370241 9.99549E-05 0.475204 9.99549E-05 0.0611237 9.99549E-05
9.993E-05 9.993E-05 9.993E-05 9.993E-05 9.993E-05 9.993E-05 0.999201 9.993E-05 9.993E-05
9.996E-05 9.996E-05 0.551695 0.274457 0.0715206 0.0694127 9.996E-05 0.0325151 9.996E-05
9.99551E-05 0.0155811 9.99551E-05 9.99551E-05 9.99551E-05 0.277326 0.396278 0.310315 9.99551E-05
9.99459E-05 9.99459E-05 9.99459E-05 9.99459E-05 9.99459E-05 0.00701228 0.911658 0.08073 9.99459E-05
9.993E-05 9.993E-05 9.993E-05 9.993E-05 9.993E-05 9.993E-05 9.993E-05 9.993E-05 0.999201
9.993E-05 9.993E-05 9.993E-05 9.993E-05 9.993E-05 9.993E-05 9.993E-05 9.993E-05 0.999201
9.99549E-05 9.99549E-05 0.0911369 9.99549E-05 0.810538 0.0722411 9.99549E-05 0.0255845 9.99549E-05
0.0263163 0.0418165 9.9955E-05 9.9955E-05 0.00316783 9.9955E-05 9.9955E-05 9.9955E-05 0.9282
0.0282614 0.0888053 9.9964E-05 0.017646 0.00129105 9.9964E-05 9.9964E-05 9.9964E-05 0.863596
0.0849378 0.17693 0.012641 9.99731E-05 0.0144546 9.99731E-05 0.00326134 9.99731E-05 0.707475
0.173893 0.117051 9.9964E-05 9.9964E-05 9.9964E-05 0.0567211 9.9964E-05 0.0013117 0.650623
0.779965 0.107859 0.0945112 9.9955E-05 9.9955E-05 9.9955E-05 9.9955E-05 0.0171652 9.9955E-05
9.99372E-05 9.99372E-05 9.99372E-05 0.010874 9.99372E-05 9.99372E-05 9.99372E-05 9.99372E-05 0.988426
0.117322 0.813824 9.99552E-05 9.99552E-05 9.99552E-05 9.99552E-05 9.99552E-05 0.00538091 0.0629733
9.99639E-05 9.99639E-05 0.067849 9.99639E-05 0.643074 0.062173 9.99639E-05 0.181992 0.0445122
9.99639E-05 9.99639E-05 0.0022222 0.0141364 0.0154928 9.99639E-05 9.99639E-05 0.0175846 0.950164
9.9937E-05 9.9937E-05 0.977235 9.9937E-05 9.9937E-05 9.9937E-05 9.9937E-05 9.9937E-05 0.022065
0.138715 9.99549E-05 0.163497 9.99549E-05 9.99549E-05 0.670623 9.99549E-05 9.99549E-05 0.0266644
9.9982E-05 9.9982E-05 0.0232173 0.0151058 0.19036 0.150067 0.0631339 0.3851 0.172816
9.99639E-05 9.99639E-05 0.296064 0.252333 9.99639E-05 0.309753 9.99639E-05 0.045722 0.0957287
9.99639E-05 9.99639E-05 0.368168 0.208947 9.99639E-05 0.326848 9.99639E-05 0.0288679 0.0667704
9.99549E-05 9.99549E-05 0.0614514 0.016793 0.00944299 0.911813 9.99549E-05 9.99549E-05 9.99549E-05
0.0152614 9.9973E-05 0.00621278 0.93465 0.0266693 0.000617156 0.0162899 9.9973E-05 9.9973E-05
9.9964E-05 9.9964E-05 0.0311862 0.00831627 0.0295279 0.928064 9.9964E-05 0.0025054 9.9964E-05
9.998E-05 0.0108932 0.0648451 0.111811 0.178457 0.421215 0.0856319 0.126947 9.998E-05
9.998E-05 9.998E-05 0.172784 0.146214 0.0636887 0.484526 0.0258495 0.0253737 0.0813637
9.997E-05 0.0310607 0.20063 9.997E-05 0.254472 0.285309 9.997E-05 0.10034 0.127888
9.993E-05 9.993E-05 0.999201 9.993E-05 9.993E-05 9.993E-05 9.993E-05 9.993E-05 9.993E-05
9.993E-05 0.999201 9.993E-05 9.993E-05 9.993E-05 9.993E-05 9.993E-05 9.993E-05 9.993E-05
9.993E-05 0.999201 9.993E-05 9.993E-05 9.993E-05 9.993E-05 9.993E-05 9.993E-05 9.993E-05
9.99371E-05 0.980066 9.99371E-05 9.99371E-05 9.99371E-05 0.0192347 9.99371E-05 9.99371E-05 9.99371E-05
9.993E-05 0.999201 9.993E-05 9.993E-05 9.993E-05 9.993E-05 9.993E-05 9.993E-05 9.993E-05
9.9937E-05 0.996659 9.9937E-05 9.9937E-05 9.9937E-05 9.9937E-05 9.9937E-05 9.9937E-05 0.00264126
0.181522 0.395704 9.99641E-05 0.106955 9.99641E-05 9.99641E-05 0.0393205 9.99641E-05 0.276099
0.00400748 0.951012 0.0367414 9.9955E-05 9.9955E-05 9.9955E-05 9.9955E-05 0.00773971 9.9955E-05
9.99459E-05 9.99459E-05 0.801184 0.167477 0.0307392 9.99459E-05 9.99459E-05 9.99459E-05 9.99459E-05
0.701435 0.17602 0.100845 9.99547E-05 9.99547E-05 9.99547E-05 9.99547E-05 0.0212008 9.99547E-05
9.99369E-05 9.99369E-05 9.99369E-05 9.99369E-05 9.99369E-05 0.000426283 9.99369E-05 9.99369E-05 0.998874
9.996E-05 0.00104686 0.0274941 0.111237 0.820864 9.996E-05 9.996E-05 0.0389574 9.996E-05
9.99371E-05 9.99371E-05 9.99371E-05 0.895581 0.103719 9.99371E-05 9.99371E-05 9.99371E-05 9.99371E-05
0.0158335 9.99461E-05 9.99461E-05 0.0127725 0.970794 9.99461E-05 9.99461E-05 9.99461E-05 9.99461E-05
0.00600496 9.99549E-05 9.99549E-05 0.00150487 0.88561 0.106381 9.99549E-05 9.99549E-05 9.99549E-05
9.994E-05 9.994E-05 9.994E-05 9.994E-05 0.868596 0.0877549 9.994E-05 0.0430493 9.994E-05
9.99372E-05 9.99372E-05 0.0823054 9.99372E-05 9.99372E-05 9.99372E-05 0.916995 9.99372E-05 9.99372E-05
9.993E-05 9.993E-05 9.993E-05 9.993E-05 9.993E-05 9.993E-05 9.993E-05 9.993E-05 0.999201
0.360741 9.9991E-05 0.0906755 0.0477311 0.0431424 0.0447918 0.131716 0.0963871 0.184715
9.99462E-05 0.0307114 9.99462E-05 0.0376616 9.99462E-05 9.99462E-05 9.99462E-05 9.99462E-05 0.931027
9.9937E-05 9.9937E-05 0.0288562 9.9937E-05 9.9937E-05 9.9937E-05 9.9937E-05 9.9937E-05 0.970444
9.99459E-05 0.0606602 9.99459E-05 0.0758218 9.99459E-05 9.99459E-05 9.99459E-05 9.99459E-05 0.862918
9.9955E-05 0.00481514 9.9955E-05 0.0529131 9.9955E-05 9.9955E-05 0.00321803 9.9955E-05 0.938554
0.0465544 9.99551E-05 0.0166879 9.99551E-05 9.99551E-05 0.0204978 9.99551E-05 9.99551E-05 0.91576
9.993E-05 9.993E-05 9.993E-05 9.993E-05 9.993E-05 9.993E-05 9.993E-05 9.993E-05 0.999201
0.464827 0.141675 9.99462E-05 9.99462E-05 9.99462E-05 9.99462E-05 9.99462E-05 9.99462E-05 0.392899
0.573871 0.0015941 9.99552E-05 9.99552E-05 0.0349665 9.99552E-05 9.99552E-05 9.99552E-05 0.389068
9.99461E-05 0.0448866 9.99461E-05 0.0312296 9.99461E-05 9.99461E-05 9.99461E-05 9.99461E-05 0.923284
9.9937E-05 0.0422056 9.9937E-05 0.957095 9.9937E-05 9.9937E-05 9.9937E-05 9.9937E-05 9.9937E-05
9.99369E-05 0.0201789 9.99369E-05 0.979122 9.99369E-05 9.99369E-05 9.99369E-05 9.99369E-05 9.99369E-05
9.993E-05 9.993E-05 9.993E-05 9.993E-05 9.993E-05 9.993E-05 9.993E-05 0.999201 9.993E-05
9.993E-05 9.993E-05 9.993E-05 9.993E-05 9.993E-05 9.993E-05 9.993E-05 0.999201 9.993E-05
0.0243653 9.99549E-05 0.0469569 0.126197 9.99549E-05 0.801981 9.99549E-05 9.99549E-05 9.99549E-05
0.00625865 0.0263525 0.047733 0.144669 9.9964E-05 0.774587 9.9964E-05 9.9964E-05 9.9964E-05
0.0219102 9.9937E-05 9.9937E-05 9.9937E-05 9.9937E-05 9.9937E-05 9.9937E-05 0.97739 9.9937E-05
9.993E-05 9.993E-05 9.993E-05 9.993E-05 9.993E-05 9.993E-05 9.993E-05 0.999201 9.993E-05
9.99459E-05 0.0105794 0.940848 9.99459E-05 0.0479733 9.99459E-05 9.99459E-05 9.99459E-05 9.99459E-05
0.0814273 9.997E-05 0.0507186 0.480003 0.16103 0.154186 0.072336 9.997E-05 9.997E-05
0.718567 0.177249 0.0934287 9.99639E-05 9.99639E-05 9.99639E-05 9.99639E-05 0.00498023 0.00537566
9.99641E-05 9.99641E-05 9.99641E-05 9.99641E-05 0.382681 0.219668 0.0743377 0.256955 0.0659579
9.99552E-05 9.99552E-05 0.130497 9.99552E-05 0.518243 9.99552E-05 0.0359281 0.314831 9.99552E-05
0.269527 0.139618 9.99641E-05 9.99641E-05 9.99641E-05 9.99641E-05 0.0501706 0.00472022 0.535564
