9.98828E-05 0.023325 9.98828E-05 9.98828E-05 9.98828E-05 9.98828E-05 9.98828E-05 9.98828E-05 9.98828E-05 9.98828E-05 9.98828E-05 9.98828E-05 0.895149 0.080228 9.98828E-05 9.98828E-05
0.00163373 9.9919E-05 9.9919E-05 9.9919E-05 9.9919E-05 9.9919E-05 0.0335157 0.0184925 0.0119251 9.9919E-05 9.9919E-05 9.9919E-05 0.0575606 9.9919E-05 0.0998769 0.776096
9.98651E-05 9.98651E-05 9.98651E-05 9.98651E-05 9.98651E-05 9.98651E-05 9.98651E-05 9.98651E-05 9.98651E-05 0.998502 9.98651E-05 9.98651E-05 9.98651E-05 9.98651E-05 9.98651E-05 9.98651E-05
9.99101E-05 9.99101E-05 9.99101E-05 9.99101E-05 0.00162667 9.99101E-05 9.99101E-05 0.0180716 9.99101E-05 0.0251124 9.99101E-05 0.0592373 9.99101E-05 0.0102098 0.884743 9.99101E-05
9.993E-05 9.993E-05 9.993E-05 0.186684 0.00774922 9.993E-05 0.0625574 9.993E-05 9.993E-05 0.038399 9.993E-05 0.229026 0.0238895 0.0871825 0.224985 0.138827
9.99191E-05 9.99191E-05 0.0075463 9.99191E-05 9.99191E-05 9.99191E-05 0.0340298 0.00445098 0.0202488 0.00651811 9.99191E-05 0.0353795 9.99191E-05 9.99191E-05 0.890927 9.99191E-05
9.98651E-05 9.98651E-05 9.98651E-05 0.998502 9.98651E-05 9.98651E-05 9.98651E-05 9.98651E-05 9.98651E-05 9.98651E-05 9.98651E-05 9.98651E-05 9.98651E-05 9.98651E-05 9.98651E-05 9.98651E-05
9.99189E-05 9.99189E-05 9.99189E-05 9.99189E-05 0.0465491 9.99189E-05 9.99189E-05 0.00757432 0.442928 9.99189E-05 9.99189E-05 0.196034 9.99189E-05 0.0812962 0.0517576 0.172961
9.9874E-05 9.9874E-05 9.9874E-05 0.949861 9.9874E-05 9.9874E-05 9.9874E-05 9.9874E-05 9.9874E-05 9.9874E-05 9.9874E-05 9.9874E-05 9.9874E-05 9.9874E-05 9.9874E-05 0.048741
9.98742E-05 9.98742E-05 9.98742E-05 0.144804 9.98742E-05 9.98742E-05 9.98742E-05 9.98742E-05 9.98742E-05 9.98742E-05 9.98742E-05 9.98742E-05 9.98742E-05 0.853798 9.98742E-05 9.98742E-05
9.98742E-05 9.98742E-05 9.98742E-05 0.11665 9.98742E-05 9.98742E-05 9.98742E-05 9.98742E-05 9.98742E-05 9.98742E-05 9.98742E-05 9.98742E-05 9.98742E-05 0.881952 9.98742E-05 9.98742E-05
9.9919E-05 9.9919E-05 9.9919E-05 9.9919E-05 9.9919E-05 0.000563117 9.9919E-05 0.114842 0.0019672 0.0448232 0.190618 9.9919E-05 0.634717 9.9919E-05 0.0115708 9.9919E-05
9.98834E-05 9.98834E-05 9.98834E-05 0.0289181 9.98834E-05 9.98834E-05 9.98834E-05 9.98834E-05 9.98834E-05 9.98834E-05 0.963137 0.00664673 9.98834E-05 9.98834E-05 9.98834E-05 9.98834E-05
0.0524236 9.99011E-05 9.99011E-05 9.99011E-05 9.99011E-05 9.99011E-05 0.0105444 9.99011E-05 9.99011E-05 0.00116338 9.99011E-05 9.99011E-05 9.99011E-05 9.99011E-05 0.90112 0.0336495
0.0349637 9.98832E-05 9.98832E-05 9.98832E-05 9.98832E-05 9.98832E-05 9.98832E-05 9.98832E-05 9.98832E-05 9.98832E-05 9.98832E-05 9.98832E-05 0.0344568 9.98832E-05 0.929281 9.98832E-05
9.9892E-05 9.9892E-05 9.9892E-05 9.9892E-05 9.9892E-05 0.781955 0.0716957 9.9892E-05 9.9892E-05 9.9892E-05 0.124444 9.9892E-05 9.9892E-05 0.0207074 9.9892E-05 9.9892E-05
9.99008E-05 0.103366 9.99008E-05 9.99008E-05 9.99008E-05 0.030571 0.749866 0.00798236 9.99008E-05 9.99008E-05 9.99008E-05 9.99008E-05 9.99008E-05 0.107116 9.99008E-05 9.99008E-05
0.81614 9.99008E-05 9.99008E-05 9.99008E-05 9.99008E-05 0.0312664 9.99008E-05 9.99008E-05 9.99008E-05 9.99008E-05 9.99008E-05 9.99008E-05 0.0345367 0.114039 9.99008E-05 0.00291935
0.102494 0.186006 0.666728 9.9892E-05 9.9892E-05 9.9892E-05 9.9892E-05 0.0435733 9.9892E-05 9.9892E-05 9.9892E-05 9.9892E-05 9.9892E-05 9.9892E-05 9.9892E-05 9.9892E-05
9.99009E-05 9.99009E-05 9.99009E-05 9.99009E-05 9.99009E-05 0.286824 0.161544 0.0355113 9.99009E-05 9.99009E-05 9.99009E-05 9.99009E-05 0.0665579 0.448464 9.99009E-05 9.99009E-05
0.99105 9.9874E-05 0.0075515 9.9874E-05 9.9874E-05 9.9874E-05 9.9874E-05 9.9874E-05 9.9874E-05 9.9874E-05 9.9874E-05 9.9874E-05 9.9874E-05 9.9874E-05 9.9874E-05 9.9874E-05
9.99099E-05 9.99099E-05 0.003981 9.99099E-05 9.99099E-05 0.342677 0.0823527 9.99099E-05 9.99099E-05 9.99099E-05 0.0131864 9.99099E-05 0.511141 0.0456626 9.99099E-05 9.99099E-05
9.99006E-05 0.891844 9.99006E-05 9.99006E-05 0.0212756 9.99006E-05 9.99006E-05 0.0136457 9.99006E-05 9.99006E-05 9.99006E-05 9.99006E-05 9.99006E-05 0.0319827 0.0401534 9.99006E-05
0.0534039 0.707657 0.23764 9.98827E-05 9.98827E-05 9.98827E-05 9.98827E-05 9.98827E-05 9.98827E-05 9.98827E-05 9.98827E-05 9.98827E-05 9.98827E-05 9.98827E-05 9.98827E-05 9.98827E-05
9.99013E-05 9.99013E-05 9.99013E-05 0.00594746 0.00383742 9.99013E-05 9.99013E-05 9.99013E-05 0.0089514 0.0089019 9.99013E-05 9.99013E-05 9.99013E-05 9.99013E-05 0.971263 9.99013E-05
9.98655E-05 9.98655E-05 9.98655E-05 9.98655E-05 9.98655E-05 9.98655E-05 9.98655E-05 9.98655E-05 9.98655E-05 9.98655E-05 9.98655E-05 9.98655E-05 9.98655E-05 9.98655E-05 0.998502 9.98655E-05
9.98919E-05 9.98919E-05 9.98919E-05 9.98919E-05 9.98919E-05 9.98919E-05 9.98919E-05 0.0448576 9.98919E-05 9.98919E-05 0.797807 9.98919E-05 0.0751608 0.0809756 9.98919E-05 9.98919E-05
9.99101E-05 9.99101E-05 9.99101E-05 0.00588343 0.032806 9.99101E-05 9.99101E-05 0.00457941 9.99101E-05 9.99101E-05 0.0151514 0.0485962 9.99101E-05 9.99101E-05 0.891985 9.99101E-05
9.98921E-05 9.98921E-05 9.98921E-05 9.98921E-05 0.0496103 0.0016305 9.98921E-05 9.98921E-05 9.98921E-05 9.98921E-05 0.0279811 9.98921E-05 9.98921E-05 9.98921E-05 0.919579 9.98921E-05
9.99192E-05 9.99192E-05 0.0157575 9.99192E-05 0.064011 9.99192E-05 0.0233131 0.016833 9.99192E-05 9.99192E-05 0.00502891 0.555812 9.99192E-05 9.99192E-05 0.318345 9.99192E-05
9.98739E-05 9.98739E-05 9.98739E-05 9.98739E-05 9.98739E-05 9.98739E-05 9.98739E-05 9.98739E-05 9.98739E-05 9.98739E-05 9.98739E-05 0.990707 9.98739E-05 9.98739E-05 0.00789468 9.98739E-05
9.98654E-05 9.98654E-05 9.98654E-05 9.98654E-05 9.98654E-05 9.98654E-05 9.98654E-05 9.98654E-05 9.98654E-05 9.98654E-05 9.98654E-05 9.98654E-05 9.98654E-05 9.98654E-05 9.98654E-05 0.998502
9.98923E-05 9.98923E-05 9.98923E-05 9.98923E-05 9.98923E-05 0.00022711 0.0112212 9.98923E-05 0.143637 9.98923E-05 9.98923E-05 9.98923E-05 9.98923E-05 9.98923E-05 0.843716 9.98923E-05
9.99012E-05 9.99012E-05 9.99012E-05 9.99012E-05 0.763534 9.99012E-05 9.99012E-05 9.99012E-05 0.189694 0.0216502 9.99012E-05 0.019531 9.99012E-05 9.99012E-05 9.99012E-05 0.00449114
9.99006E-05 9.99006E-05 9.99006E-05 9.99006E-05 9.99006E-05 9.99006E-05 0.367213 0.0931891 9.99006E-05 9.99006E-05 0.468421 0.0620672 9.99006E-05 0.00801093 9.99006E-05 9.99006E-05
9.98829E-05 9.98829E-05 9.98829E-05 9.98829E-05 9.98829E-05 9.98829E-05 0.0276062 9.98829E-05 0.0556185 9.98829E-05 9.98829E-05 9.98829E-05 9.98829E-05 9.98829E-05 0.915477 9.98829E-05
9.98921E-05 9.98921E-05 9.98921E-05 9.98921E-05 9.98921E-05 9.98921E-05 0.0198607 9.98921E-05 0.0142168 0.00765711 9.98921E-05 9.98921E-05 0.957067 9.98921E-05 9.98921E-05 9.98921E-05
9.99009E-05 0.0846066 9.99009E-05 9.99009E-05 9.99009E-05 9.99009E-05 9.99009E-05 9.99009E-05 0.0623608 9.99009E-05 9.99009E-05 9.99009E-05 0.1369 0.582769 9.99009E-05 0.132265
9.99009E-05 0.0243338 9.99009E-05 9.99009E-05 9.99009E-05 9.99009E-05 0.832566 0.0609064 0.0571186 9.99009E-05 9.99009E-05 0.0239759 9.99009E-05 9.99009E-05 9.99009E-05 9.99009E-05
9.99098E-05 9.99098E-05 9.99098E-05 9.99098E-05 9.99098E-05 0.27831 0.19935 9.99098E-05 9.99098E-05 9.99098E-05 9.99098E-05 9.99098E-05 0.221835 0.211139 0.0765683 0.011799
9.99278E-05 9.99278E-05 0.00808654 9.99278E-05 9.99278E-05 0.232136 0.136472 0.0014717 9.99278E-05 9.99278E-05 9.99278E-05 9.99278E-05 0.305465 0.226399 0.0293837 0.059787
9.9883E-05 9.9883E-05 9.9883E-05 9.9883E-05 9.9883E-05 9.9883E-05 0.0266696 9.9883E-05 9.9883E-05 9.9883E-05 9.9883E-05 9.9883E-05 0.0645571 0.907475 9.9883E-05 9.9883E-05
0.00568123 0.0165676 9.9919E-05 0.0703809 9.9919E-05 0.814767 9.9919E-05 9.9919E-05 9.9919E-05 9.9919E-05 0.0252377 9.9919E-05 0.0593128 0.00715325 9.9919E-05 9.9919E-05
9.9919E-05 9.9919E-05 9.9919E-05 9.9919E-05 0.00112314 0.022334 0.0607364 9.9919E-05 9.9919E-05 0.000955156 0.00106022 0.0049781 9.9919E-05 0.907914 9.9919E-05 9.9919E-05
9.99189E-05 0.21338 9.99189E-05 9.99189E-05 9.99189E-05 0.0927233 9.99189E-05 0.054209 9.99189E-05 9.99189E-05 0.163579 9.99189E-05 0.0850603 0.349633 9.99189E-05 0.0405158
9.9919E-05 9.9919E-05 0.0663165 9.9919E-05 9.9919E-05 0.194684 0.0903604 9.9919E-05 9.9919E-05 9.9919E-05 9.9919E-05 9.9919E-05 0.149967 0.429858 0.0402553 0.0276598
9.99369E-05 9.99369E-05 0.00933591 0.0611454 0.0287976 9.99369E-05 0.418192 9.99369E-05 9.99369E-05 0.066153 0.039721 0.0205364 0.165123 0.190297 9.99369E-05 9.99369E-05
9.98659E-05 9.98659E-05 9.98659E-05 9.98659E-05 9.98659E-05 9.98659E-05 9.98659E-05 9.98659E-05 9.98659E-05 9.98659E-05 9.98659E-05 9.98659E-05 0.998502 9.98659E-05 9.98659E-05 9.98659E-05
9.98652E-05 9.98652E-05 9.98652E-05 9.98652E-05 0.998502 9.98652E-05 9.98652E-05 9.98652E-05 9.98652E-05 9.98652E-05 9.98652E-05 9.98652E-05 9.98652E-05 9.98652E-05 9.98652E-05 9.98652E-05
9.98693E-05 9.98693E-05 9.98693E-05 9.98693E-05 0.998502 9.98693E-05 9.98693E-05 9.98693E-05 9.98693E-05 9.98693E-05 9.98693E-05 9.98693E-05 9.98693E-05 9.98693E-05 9.98693E-05 9.98693E-05
0.00578493 0.000570674 9.98922E-05 9.98922E-05 0.9883 9.98922E-05 0.00414532 9.98922E-05 9.98922E-05 9.98922E-05 9.98922E-05 9.98922E-05 9.98922E-05 9.98922E-05 9.98922E-05 9.98922E-05
9.98743E-05 9.98743E-05 9.98743E-05 9.98743E-05 0.996784 9.98743E-05 9.98743E-05 0.00181793 9.98743E-05 9.98743E-05 9.98743E-05 9.98743E-05 9.98743E-05 9.98743E-05 9.98743E-05 9.98743E-05
9.98652E-05 9.98652E-05 9.98652E-05 9.98652E-05 0.998502 9.98652E-05 9.98652E-05 9.98652E-05 9.98652E-05 9.98652E-05 9.98652E-05 9.98652E-05 9.98652E-05 9.98652E-05 9.98652E-05 9.98652E-05
9.99281E-05 0.0448583 9.99281E-05 0.0545422 0.34369 0.133492 9.99281E-05 9.99281E-05 0.0403959 0.00405215 9.99281E-05 0.33137 9.99281E-05 9.99281E-05 9.99281E-05 0.0467997
9.98921E-05 9.98921E-05 9.98921E-05 9.98921E-05 0.916104 0.0196696 9.98921E-05 9.98921E-05 9.98921E-05 9.98921E-05 0.00503062 9.98921E-05 9.98921E-05 9.98921E-05 9.98921E-05 0.0579973
9.98918E-05 9.98918E-05 9.98918E-05 9.98918E-05 9.98918E-05 0.211684 0.00116865 9.98918E-05 9.98918E-05 9.98918E-05 0.0428419 9.98918E-05 0.743107 9.98918E-05 9.98918E-05 9.98918E-05
9.98919E-05 9.98919E-05 9.98919E-05 0.0501603 0.0122682 9.98919E-05 9.98919E-05 9.98919E-05 9.98919E-05 0.016544 9.98919E-05 9.98919E-05 9.98919E-05 9.98919E-05 9.98919E-05 0.919829
9.9874E-05 9.9874E-05 9.9874E-05 9.9874E-05 9.9874E-05 9.9874E-05 0.0243005 9.9874E-05 9.9874E-05 9.9874E-05 9.9874E-05 9.9874E-05 9.9874E-05 9.9874E-05 0.974301 9.9874E-05
9.9901E-05 9.9901E-05 9.9901E-05 9.9901E-05 0.0128344 0.113632 9.9901E-05 0.0301391 9.9901E-05 9.9901E-05 0.790591 9.9901E-05 0.0517052 9.9901E-05 9.9901E-05 9.9901E-05
9.98834E-05 9.98834E-05 9.98834E-05 9.98834E-05 9.98834E-05 0.933806 0.0505448 9.98834E-05 9.98834E-05 9.98834E-05 0.0143508 9.98834E-05 9.98834E-05 9.98834E-05 9.98834E-05 9.98834E-05
9.98834E-05 9.98834E-05 9.98834E-05 9.98834E-05 9.98834E-05 9.98834E-05 9.98834E-05 9.98834E-05 0.00933589 0.0039996 0.985366 9.98834E-05 9.98834E-05 9.98834E-05 9.98834E-05 9.98834E-05
9.98739E-05 9.98739E-05 9.98739E-05 9.98739E-05 9.98739E-05 9.98739E-05 9.98739E-05 9.98739E-05 9.98739E-05 9.98739E-05 0.893558 9.98739E-05 9.98739E-05 0.105044 9.98739E-05 9.98739E-05
9.98919E-05 9.98919E-05 9.98919E-05 9.98919E-05 9.98919E-05 9.98919E-05 0.0360532 0.0252107 9.98919E-05 9.98919E-05 0.841175 9.98919E-05 9.98919E-05 0.0963623 9.98919E-05 9.98919E-05
9.98648E-05 9.98648E-05 0.998502 9.98648E-05 9.98648E-05 9.98648E-05 9.98648E-05 9.98648E-05 9.98648E-05 9.98648E-05 9.98648E-05 9.98648E-05 9.98648E-05 9.98648E-05 9.98648E-05 9.98648E-05
9.98744E-05 9.98744E-05 9.98744E-05 9.98744E-05 9.98744E-05 9.98744E-05 9.98744E-05 9.98744E-05 9.98744E-05 0.0948812 9.98744E-05 9.98744E-05 9.98744E-05 9.98744E-05 0.903721 9.98744E-05
9.99372E-05 0.0634586 9.99372E-05 9.99372E-05 0.0158648 9.99372E-05 9.99372E-05 0.0603515 9.99372E-05 0.0280395 0.15535 9.99372E-05 0.14293 0.204056 0.291579 0.0376719
9.98833E-05 9.98833E-05 9.98833E-05 9.98833E-05 9.98833E-05 9.98833E-05 9.98833E-05 9.98833E-05 0.0773948 0.17897 9.98833E-05 9.98833E-05 9.98833E-05 9.98833E-05 0.742337 9.98833E-05
9.991E-05 9.991E-05 9.991E-05 0.00301934 0.0250227 9.991E-05 0.030778 9.991E-05 9.991E-05 9.991E-05 9.991E-05 0.0702844 0.0127786 9.991E-05 0.857118 9.991E-05
9.99011E-05 9.99011E-05 9.99011E-05 0.00427371 0.0305564 0.0411319 9.99011E-05 9.99011E-05 0.0177683 9.99011E-05 9.99011E-05 9.99011E-05 9.99011E-05 9.99011E-05 0.905171 9.99011E-05
9.99281E-05 0.011114 9.99281E-05 0.00931261 0.0155435 0.0186127 9.99281E-05 9.99281E-05 0.00747448 9.99281E-05 9.99281E-05 0.00150612 9.99281E-05 9.99281E-05 0.921701 0.0139366
9.99102E-05 9.99102E-05 9.99102E-05 9.99102E-05 9.99102E-05 9.99102E-05 0.0352323 9.99102E-05 9.99102E-05 9.99102E-05 9.99102E-05 0.178496 0.00554851 0.0249811 0.7435 0.0112434
9.9892E-05 9.9892E-05 9.9892E-05 9.9892E-05 0.000963158 9.9892E-05 0.042684 9.9892E-05 0.0241298 9.9892E-05 9.9892E-05 9.9892E-05 9.9892E-05 9.9892E-05 0.931024 9.9892E-05
9.98741E-05 9.98741E-05 9.98741E-05 9.98741E-05 0.0395161 9.98741E-05 9.98741E-05 9.98741E-05 0.959086 9.98741E-05 9.98741E-05 9.98741E-05 9.98741E-05 9.98741E-05 9.98741E-05 9.98741E-05
9.98741E-05 9.98741E-05 9.98741E-05 9.98741E-05 9.98741E-05 9.98741E-05 9.98741E-05 9.98741E-05 0.98624 9.98741E-05 0.0123622 9.98741E-05 9.98741E-05 9.98741E-05 9.98741E-05 9.98741E-05
0.00260354 9.99102E-05 9.99102E-05 9.99102E-05 0.0146569 0.00801338 9.99102E-05 0.00843755 9.99102E-05 0.0493219 9.99102E-05 9.99102E-05 9.99102E-05 9.99102E-05 0.915968 9.99102E-05
9.9883E-05 9.9883E-05 9.9883E-05 9.9883E-05 9.9883E-05 0.967252 9.9883E-05 9.9883E-05 0.0190828 9.9883E-05 9.9883E-05 9.9883E-05 9.9883E-05 9.9883E-05 9.9883E-05 0.0123672
9.9883E-05 9.9883E-05 9.9883E-05 9.9883E-05 0.00492531 0.9848 9.9883E-05 9.9883E-05 0.00897654 9.9883E-05 9.9883E-05 9.9883E-05 9.9883E-05 9.9883E-05 9.9883E-05 9.9883E-05
9.98743E-05 9.98743E-05 9.98743E-05 9.98743E-05 9.98743E-05 9.98743E-05 9.98743E-05 0.99779 9.98743E-05 9.98743E-05 9.98743E-05 9.98743E-05 0.000812206 9.98743E-05 9.98743E-05 9.98743E-05
9.98653E-05 9.98653E-05 9.98653E-05 9.98653E-05 9.98653E-05 9.98653E-05 9.98653E-05 0.998502 9.98653E-05 9.98653E-05 9.98653E-05 9.98653E-05 9.98653E-05 9.98653E-05 9.98653E-05 9.98653E-05
0.00834452 9.99099E-05 9.99099E-05 9.99099E-05 9.99099E-05 0.0623681 9.99099E-05 9.99099E-05 9.99099E-05 9.99099E-05 0.021468 9.99099E-05 0.018577 0.783252 9.99099E-05 0.104991
0.0021837 9.9919E-05 9.9919E-05 0.000612408 9.9919E-05 0.0738909 9.9919E-05 9.9919E-05 0.00905263 9.9919E-05 0.0509938 9.9919E-05 9.9919E-05 0.833508 9.9919E-05 0.0288599
9.99102E-05 0.00569356 9.99102E-05 0.00762582 9.99102E-05 0.00374608 9.99102E-05 0.971875 0.00460018 9.99102E-05 9.99102E-05 9.99102E-05 9.99102E-05 0.00546045 9.99102E-05 9.99102E-05
9.98653E-05 9.98653E-05 9.98653E-05 9.98653E-05 9.98653E-05 9.98653E-05 9.98653E-05 0.998502 9.98653E-05 9.98653E-05 9.98653E-05 9.98653E-05 9.98653E-05 9.98653E-05 9.98653E-05 9.98653E-05
9.98919E-05 9.98919E-05 9.98919E-05 9.98919E-05 0.00978407 0.0342835 9.98919E-05 9.98919E-05 9.98919E-05 9.98919E-05 0.0351973 9.98919E-05 0.919536 9.98919E-05 9.98919E-05 9.98919E-05
0.0310243 0.0340928 0.0142507 0.105847 9.9928E-05 0.448717 9.9928E-05 9.9928E-05 9.9928E-05 9.9928E-05 0.164047 9.9928E-05 0.0579646 0.143258 9.9928E-05 9.9928E-05
9.9883E-05 9.9883E-05 9.9883E-05 0.0644991 0.0330067 9.9883E-05 9.9883E-05 9.9883E-05 9.9883E-05 9.9883E-05 9.9883E-05 9.9883E-05 9.9883E-05 9.9883E-05 9.9883E-05 0.901196
9.99101E-05 0.0466649 0.0449574 9.99101E-05 0.0116555 9.99101E-05 0.777945 9.99101E-05 9.99101E-05 9.99101E-05 0.055296 9.99101E-05 9.99101E-05 0.0624821 9.99101E-05 9.99101E-05
0.011409 9.98922E-05 9.98922E-05 9.98922E-05 9.98922E-05 9.98922E-05 0.938874 9.98922E-05 9.98922E-05 9.98922E-05 0.0477089 9.98922E-05 0.000809011 9.98922E-05 9.98922E-05 9.98922E-05
9.9865E-05 9.9865E-05 9.9865E-05 9.9865E-05 9.9865E-05 9.9865E-05 9.9865E-05 9.9865E-05 9.9865E-05 9.9865E-05 9.9865E-05 0.998502 9.9865E-05 9.9865E-05 9.9865E-05 9.9865E-05
