9.98918E-05 9.98918E-05 9.98918E-05 9.98918E-05 0.0167552 9.98918E-05 0.904451 9.98918E-05 9.98918E-05 0.0161799 9.98918E-05 9.98918E-05 9.98918E-05 9.98918E-05 9.98918E-05 0.0614147
9.98801E-05 0.0931243 9.98801E-05 9.98801E-05 0.0256154 0.687119 9.98801E-05 9.98801E-05 9.98801E-05 9.98801E-05 9.98801E-05 9.98801E-05 0.192943 9.98801E-05 9.98801E-05 9.98801E-05
0.0851038 0.801189 9.99109E-05 9.99109E-05 9.99109E-05 9.99109E-05 9.99109E-05 9.99109E-05 0.00733064 0.0353148 9.99109E-05 9.99109E-05 9.99109E-05 0.0521893 0.017873 9.99109E-05
9.9901E-05 0.908713 0.0702409 0.0010917 9.9901E-05 9.9901E-05 9.9901E-05 9.9901E-05 9.9901E-05 0.0150232 9.9901E-05 9.9901E-05 9.9901E-05 0.00383227 9.9901E-05 9.9901E-05
9.99371E-05 0.436165 9.99371E-05 9.99371E-05 0.0179676 0.166806 0.0044776 9.99371E-05 0.214348 9.99371E-05 9.99371E-05 0.0463234 0.0140423 0.0329743 9.99371E-05 0.0661967
9.98919E-05 0.958413 9.98919E-05 9.98919E-05 9.98919E-05 9.98919E-05 9.98919E-05 0.00780174 9.98919E-05 9.98919E-05 9.98919E-05 0.0277728 0.00481358 9.98919E-05 9.98919E-05 9.98919E-05
9.9865E-05 9.9865E-05 9.9865E-05 9.9865E-05 9.9865E-05 9.9865E-05 9.9865E-05 9.9865E-05 0.998502 9.9865E-05 9.9865E-05 9.9865E-05 9.9865E-05 9.9865E-05 9.9865E-05 9.9865E-05
9.99101E-05 0.190637 0.232608 9.99101E-05 9.99101E-05 0.212384 9.99101E-05 9.99101E-05 0.0519841 9.99101E-05 9.99101E-05 9.99101E-05 9.99101E-05 0.207362 9.99101E-05 0.104026
9.98919E-05 9.98919E-05 9.98919E-05 0.0128224 0.00518151 0.00966519 9.98919E-05 9.98919E-05 0.971132 9.98919E-05 9.98919E-05 9.98919E-05 9.98919E-05 9.98919E-05 9.98919E-05 9.98919E-05
9.98741E-05 9.98741E-05 9.98741E-05 9.98741E-05 9.98741E-05 9.98741E-05 9.98741E-05 9.98741E-05 0.104533 9.98741E-05 9.98741E-05 9.98741E-05 9.98741E-05 9.98741E-05 9.98741E-05 0.894069
9.98741E-05 9.98741E-05 9.98741E-05 9.98741E-05 9.98741E-05 9.98741E-05 9.98741E-05 9.98741E-05 0.113234 9.98741E-05 9.98741E-05 9.98741E-05 9.98741E-05 9.98741E-05 9.98741E-05 0.885367
0.116582 9.9928E-05 0.0403485 0.0293644 9.9928E-05 9.9928E-05 0.627145 9.9928E-05 0.000506347 0.108855 9.9928E-05 0.0552845 0.0211145 9.9928E-05 9.9928E-05 9.9928E-05
0.97292 9.98833E-05 0.00210254 9.98833E-05 9.98833E-05 9.98833E-05 9.98833E-05 9.98833E-05 0.0236793 9.98833E-05 9.98833E-05 9.98833E-05 9.98833E-05 9.98833E-05 9.98833E-05 9.98833E-05
9.9892E-05 0.967979 9.9892E-05 9.9892E-05 9.9892E-05 9.9892E-05 0.0094991 0.00176202 9.9892E-05 9.9892E-05 0.0195612 9.9892E-05 9.9892E-05 9.9892E-05 9.9892E-05 9.9892E-05
9.9883E-05 0.961443 9.9883E-05 9.9883E-05 9.9883E-05 9.9883E-05 9.9883E-05 9.9883E-05 9.9883E-05 9.9883E-05 9.9883E-05 9.9883E-05 0.0326273 9.9883E-05 0.00463101 9.9883E-05
0.12518 9.98829E-05 9.98829E-05 0.745837 9.98829E-05 9.98829E-05 9.98829E-05 9.98829E-05 9.98829E-05 9.98829E-05 9.98829E-05 0.127685 9.98829E-05 9.98829E-05 9.98829E-05 9.98829E-05
9.9883E-05 9.9883E-05 9.9883E-05 0.00459815 0.943152 9.9883E-05 9.9883E-05 9.9883E-05 9.9883E-05 9.9883E-05 9.9883E-05 9.9883E-05 9.9883E-05 9.9883E-05 9.9883E-05 0.0509517
9.98651E-05 9.98651E-05 9.98651E-05 9.98651E-05 9.98651E-05 9.98651E-05 9.98651E-05 9.98651E-05 9.98651E-05 9.98651E-05 9.98651E-05 9.98651E-05 9.98651E-05 9.98651E-05 0.998502 9.98651E-05
9.98831E-05 9.98831E-05 9.98831E-05 9.98831E-05 9.98831E-05 9.98831E-05 9.98831E-05 0.0838387 9.98831E-05 0.0215702 0.893293 9.98831E-05 9.98831E-05 9.98831E-05 9.98831E-05 9.98831E-05
9.99098E-05 9.99098E-05 9.99098E-05 0.305335 0.0262123 9.99098E-05 0.0591197 9.99098E-05 9.99098E-05 0.0172673 9.99098E-05 0.185529 9.99098E-05 9.99098E-05 9.99098E-05 0.405537
9.98831E-05 9.98831E-05 9.98831E-05 9.98831E-05 9.98831E-05 9.98831E-05 9.98831E-05 0.0123667 9.98831E-05 9.98831E-05 0.849519 9.98831E-05 9.98831E-05 9.98831E-05 0.136816 9.98831E-05
0.0529942 9.9919E-05 9.9919E-05 0.216659 0.018442 9.9919E-05 0.440773 9.9919E-05 9.9919E-05 0.000108651 9.9919E-05 9.9919E-05 0.246895 9.9919E-05 9.9919E-05 0.0232292
9.9892E-05 9.9892E-05 9.9892E-05 9.9892E-05 0.256384 9.9892E-05 9.9892E-05 9.9892E-05 9.9892E-05 0.113703 0.445166 9.9892E-05 9.9892E-05 9.9892E-05 9.9892E-05 0.183547
9.98739E-05 9.98739E-05 9.98739E-05 9.98739E-05 9.98739E-05 9.98739E-05 9.98739E-05 9.98739E-05 9.98739E-05 9.98739E-05 0.908004 9.98739E-05 9.98739E-05 9.98739E-05 9.98739E-05 0.0905977
9.98741E-05 0.328413 0.670189 9.98741E-05 9.98741E-05 9.98741E-05 9.98741E-05 9.98741E-05 9.98741E-05 9.98741E-05 9.98741E-05 9.98741E-05 9.98741E-05 9.98741E-05 9.98741E-05 9.98741E-05
9.98741E-05 0.775059 0.223543 9.98741E-05 9.98741E-05 9.98741E-05 9.98741E-05 9.98741E-05 9.98741E-05 9.98741E-05 9.98741E-05 9.98741E-05 9.98741E-05 9.98741E-05 9.98741E-05 9.98741E-05
0.826733 9.99009E-05 9.99009E-05 9.99009E-05 0.0367123 9.99009E-05 0.0356796 9.99009E-05 9.99009E-05 0.0504335 9.99009E-05 9.99009E-05 9.99009E-05 9.99009E-05 9.99009E-05 0.0493423
9.9874E-05 9.9874E-05 0.995067 9.9874E-05 9.9874E-05 9.9874E-05 9.9874E-05 9.9874E-05 9.9874E-05 9.9874E-05 9.9874E-05 9.9874E-05 0.00353522 9.9874E-05 9.9874E-05 9.9874E-05
9.9874E-05 9.9874E-05 0.995554 9.9874E-05 9.9874E-05 9.9874E-05 0.00304799 9.9874E-05 9.9874E-05 9.9874E-05 9.9874E-05 9.9874E-05 9.9874E-05 9.9874E-05 9.9874E-05 9.9874E-05
0.0309309 0.401023 0.257772 9.99551E-05 0.000165277 0.000927175 9.99551E-05 0.0331873 0.000802225 0.0193165 0.0079348 0.00494368 9.99551E-05 0.242497 9.99551E-05 9.99551E-05
9.991E-05 0.397668 0.235996 9.991E-05 0.0766175 0.0739036 9.991E-05 9.991E-05 0.0485861 9.991E-05 9.991E-05 9.991E-05 9.991E-05 0.16623 9.991E-05 9.991E-05
9.98654E-05 9.98654E-05 9.98654E-05 9.98654E-05 9.98654E-05 0.998502 9.98654E-05 9.98654E-05 9.98654E-05 9.98654E-05 9.98654E-05 9.98654E-05 9.98654E-05 9.98654E-05 9.98654E-05 9.98654E-05
9.98923E-05 0.50686 0.474289 9.98923E-05 0.0112555 9.98923E-05 9.98923E-05 9.98923E-05 9.98923E-05 9.98923E-05 9.98923E-05 9.98923E-05 0.00639701 9.98923E-05 9.98923E-05 9.98923E-05
9.99013E-05 9.99013E-05 0.127692 9.99013E-05 0.00150084 9.99013E-05 9.99013E-05 9.99013E-05 0.0312125 9.99013E-05 9.99013E-05 9.99013E-05 9.99013E-05 0.805303 9.99013E-05 0.0331927
0.509529 9.99188E-05 0.00794946 9.99188E-05 0.256287 9.99188E-05 0.0391803 9.99188E-05 9.99188E-05 0.111667 9.99188E-05 0.0202354 0.0542521 9.99188E-05 9.99188E-05 9.99188E-05
9.98917E-05 0.330615 0.631417 9.98917E-05 0.0231574 9.98917E-05 9.98917E-05 9.98917E-05 9.98917E-05 9.98917E-05 9.98917E-05 9.98917E-05 0.0136121 9.98917E-05 9.98917E-05 9.98917E-05
9.98831E-05 0.0303436 9.98831E-05 9.98831E-05 9.98831E-05 9.98831E-05 0.934624 9.98831E-05 9.98831E-05 9.98831E-05 9.98831E-05 0.033734 9.98831E-05 9.98831E-05 9.98831E-05 9.98831E-05
0.0177864 0.0211855 9.99369E-05 9.99369E-05 0.0520742 0.208375 0.0553992 0.0080202 9.99369E-05 9.99369E-05 9.99369E-05 9.99369E-05 0.0542103 9.99369E-05 0.0232911 0.558959
9.98741E-05 0.00300794 9.98741E-05 9.98741E-05 0.995594 9.98741E-05 9.98741E-05 9.98741E-05 9.98741E-05 9.98741E-05 9.98741E-05 9.98741E-05 9.98741E-05 9.98741E-05 9.98741E-05 9.98741E-05
9.9883E-05 0.0140601 9.9883E-05 9.9883E-05 0.0122705 9.9883E-05 9.9883E-05 9.9883E-05 9.9883E-05 9.9883E-05 9.9883E-05 9.9883E-05 0.972371 9.9883E-05 9.9883E-05 9.9883E-05
9.98651E-05 9.98651E-05 9.98651E-05 9.98651E-05 9.98651E-05 9.98651E-05 9.98651E-05 9.98651E-05 9.98651E-05 9.98651E-05 9.98651E-05 9.98651E-05 0.998502 9.98651E-05 9.98651E-05 9.98651E-05
9.99189E-05 9.99189E-05 9.99189E-05 0.0159004 0.0125006 9.99189E-05 0.021389 0.00266469 9.99189E-05 9.99189E-05 9.99189E-05 0.00984837 0.0684128 9.99189E-05 9.99189E-05 0.868385
0.0199216 9.9919E-05 9.9919E-05 0.820627 9.9919E-05 9.9919E-05 0.0240123 0.024834 0.0694003 9.9919E-05 9.9919E-05 9.9919E-05 9.9919E-05 9.9919E-05 0.00084721 0.0394581
9.98919E-05 9.98919E-05 9.98919E-05 9.98919E-05 0.0327643 9.98919E-05 0.0211209 9.98919E-05 9.98919E-05 9.98919E-05 9.98919E-05 0.087726 9.98919E-05 9.98919E-05 9.98919E-05 0.85719
0.127058 9.99278E-05 9.99278E-05 0.0395358 9.99278E-05 0.0540395 9.99278E-05 9.99278E-05 9.99278E-05 0.0699603 0.114966 0.169162 0.0818609 9.99278E-05 9.99278E-05 0.342618
9.99279E-05 0.0508572 9.99279E-05 0.126968 9.99279E-05 0.0109632 0.0887374 0.098672 9.99279E-05 9.99279E-05 9.99279E-05 0.136537 0.095345 9.99279E-05 9.99279E-05 0.391121
0.11264 0.071056 9.99369E-05 9.99369E-05 0.134694 9.99369E-05 0.21372 0.00378959 0.0577929 9.99369E-05 9.99369E-05 0.203949 9.99369E-05 0.0425506 9.99369E-05 0.159109
9.98747E-05 9.98747E-05 9.98747E-05 9.98747E-05 9.98747E-05 9.98747E-05 0.951797 9.98747E-05 9.98747E-05 9.98747E-05 9.98747E-05 9.98747E-05 9.98747E-05 9.98747E-05 0.0468043 9.98747E-05
9.9865E-05 9.9865E-05 9.9865E-05 9.9865E-05 9.9865E-05 9.9865E-05 9.9865E-05 9.9865E-05 9.9865E-05 9.9865E-05 9.9865E-05 9.9865E-05 9.9865E-05 0.998502 9.9865E-05 9.9865E-05
9.9865E-05 9.9865E-05 9.9865E-05 9.9865E-05 9.9865E-05 9.9865E-05 9.9865E-05 9.9865E-05 9.9865E-05 9.9865E-05 9.9865E-05 9.9865E-05 9.9865E-05 0.998502 9.9865E-05 9.9865E-05
9.98742E-05 9.98742E-05 9.98742E-05 9.98742E-05 9.98742E-05 9.98742E-05 9.98742E-05 0.00314657 9.98742E-05 9.98742E-05 9.98742E-05 9.98742E-05 9.98742E-05 0.995455 9.98742E-05 9.98742E-05
9.98831E-05 9.98831E-05 0.00332242 9.98831E-05 9.98831E-05 9.98831E-05 9.98831E-05 9.98831E-05 9.98831E-05 9.98831E-05 9.98831E-05 9.98831E-05 9.98831E-05 0.988735 0.00664425 9.98831E-05
9.98652E-05 9.98652E-05 9.98652E-05 9.98652E-05 9.98652E-05 9.98652E-05 9.98652E-05 9.98652E-05 9.98652E-05 9.98652E-05 9.98652E-05 9.98652E-05 9.98652E-05 0.998502 9.98652E-05 9.98652E-05
9.99282E-05 0.135481 0.0795455 0.074996 0.00599498 0.0896339 9.99282E-05 0.0305365 0.092912 9.99282E-05 9.99282E-05 9.99282E-05 9.99282E-05 0.4901 9.99282E-05 9.99282E-05
9.9874E-05 9.9874E-05 9.9874E-05 9.9874E-05 9.9874E-05 0.0703417 9.9874E-05 9.9874E-05 9.9874E-05 9.9874E-05 9.9874E-05 9.9874E-05 9.9874E-05 0.92826 9.9874E-05 9.9874E-05
9.98828E-05 9.98828E-05 9.98828E-05 0.170523 9.98828E-05 9.98828E-05 0.806444 9.98828E-05 9.98828E-05 9.98828E-05 9.98828E-05 0.0217345 9.98828E-05 9.98828E-05 9.98828E-05 9.98828E-05
9.99009E-05 9.99009E-05 0.00906053 0.00483253 9.99009E-05 0.936437 9.99009E-05 9.99009E-05 0.0197766 9.99009E-05 9.99009E-05 9.99009E-05 9.99009E-05 0.028794 9.99009E-05 9.99009E-05
9.98828E-05 0.48782 0.481339 9.98828E-05 9.98828E-05 9.98828E-05 9.98828E-05 9.98828E-05 9.98828E-05 9.98828E-05 9.98828E-05 9.98828E-05 0.0295426 9.98828E-05 9.98828E-05 9.98828E-05
0.802501 9.98921E-05 9.98921E-05 0.00672497 9.98921E-05 9.98921E-05 9.98921E-05 9.98921E-05 9.98921E-05 0.0412684 9.98921E-05 9.98921E-05 0.148307 9.98921E-05 9.98921E-05 9.98921E-05
0.0294872 9.98922E-05 9.98922E-05 0.860621 9.98922E-05 9.98922E-05 0.0140789 9.98922E-05 9.98922E-05 9.98922E-05 9.98922E-05 0.0946146 9.98922E-05 9.98922E-05 9.98922E-05 9.98922E-05
0.984247 9.98745E-05 9.98745E-05 9.98745E-05 9.98745E-05 9.98745E-05 9.98745E-05 9.98745E-05 0.014355 9.98745E-05 9.98745E-05 9.98745E-05 9.98745E-05 9.98745E-05 9.98745E-05 9.98745E-05
0.872154 9.98919E-05 9.98919E-05 9.98919E-05 9.98919E-05 9.98919E-05 9.98919E-05 9.98919E-05 9.98919E-05 9.98919E-05 9.98919E-05 9.98919E-05 0.00700105 9.98919E-05 0.00684477 0.112802
0.781572 9.99098E-05 9.99098E-05 9.99098E-05 9.99098E-05 9.99098E-05 9.99098E-05 9.99098E-05 9.99098E-05 0.0560624 9.99098E-05 0.073266 0.0506665 9.99098E-05 0.0072758 0.0301583
9.98651E-05 9.98651E-05 9.98651E-05 9.98651E-05 9.98651E-05 9.98651E-05 9.98651E-05 0.998502 9.98651E-05 9.98651E-05 9.98651E-05 9.98651E-05 9.98651E-05 9.98651E-05 9.98651E-05 9.98651E-05
9.98745E-05 0.326379 0.672223 9.98745E-05 9.98745E-05 9.98745E-05 9.98745E-05 9.98745E-05 9.98745E-05 9.98745E-05 9.98745E-05 9.98745E-05 9.98745E-05 9.98745E-05 9.98745E-05 9.98745E-05
0.0315006 0.231393 9.99461E-05 0.0497906 9.99461E-05 9.99461E-05 0.0470227 0.0799476 9.99461E-05 0.0893941 9.99461E-05 0.0969888 0.156033 0.155209 9.99461E-05 0.0621212
0.00672772 0.8542 0.116575 0.021299 9.98923E-05 9.98923E-05 9.98923E-05 9.98923E-05 9.98923E-05 9.98923E-05 9.98923E-05 9.98923E-05 9.98923E-05 9.98923E-05 9.98923E-05 9.98923E-05
9.9901E-05 0.728725 0.186688 9.9901E-05 9.9901E-05 9.9901E-05 9.9901E-05 9.9901E-05 0.00438234 9.9901E-05 9.9901E-05 9.9901E-05 0.0615206 0.0175849 9.9901E-05 9.9901E-05
9.9874E-05 9.9874E-05 0.990896 0.00770597 9.9874E-05 9.9874E-05 9.9874E-05 9.9874E-05 9.9874E-05 9.9874E-05 9.9874E-05 9.9874E-05 9.9874E-05 9.9874E-05 9.9874E-05 9.9874E-05
9.98741E-05 9.98741E-05 0.992514 9.98741E-05 9.98741E-05 9.98741E-05 9.98741E-05 9.98741E-05 9.98741E-05 9.98741E-05 0.00608799 9.98741E-05 9.98741E-05 9.98741E-05 9.98741E-05 9.98741E-05
9.99101E-05 0.684535 0.193893 9.99101E-05 9.99101E-05 0.0167742 9.99101E-05 9.99101E-05 0.0252659 9.99101E-05 9.99101E-05 9.99101E-05 0.0613641 9.99101E-05 9.99101E-05 0.0171688
9.98827E-05 0.453049 0.525031 9.98827E-05 9.98827E-05 9.98827E-05 9.98827E-05 9.98827E-05 9.98827E-05 9.98827E-05 9.98827E-05 9.98827E-05 0.0206213 9.98827E-05 9.98827E-05 9.98827E-05
9.99105E-05 0.112632 0.406931 9.99105E-05 0.0543114 0.0755644 9.99105E-05 9.99105E-05 0.0968547 9.99105E-05 9.99105E-05 9.99105E-05 9.99105E-05 0.252708 9.99105E-05 9.99105E-05
9.98838E-05 9.98838E-05 0.574765 9.98838E-05 9.98838E-05 9.98838E-05 9.98838E-05 9.98838E-05 0.301146 9.98838E-05 9.98838E-05 9.98838E-05 9.98838E-05 0.122791 9.98838E-05 9.98838E-05
9.991E-05 0.944312 0.011037 0.0174299 9.991E-05 9.991E-05 0.00508372 9.991E-05 9.991E-05 9.991E-05 9.991E-05 9.991E-05 9.991E-05 0.017139 0.00399898 9.991E-05
9.9892E-05 0.0226121 9.9892E-05 0.946254 9.9892E-05 9.9892E-05 9.9892E-05 9.9892E-05 9.9892E-05 0.00793055 9.9892E-05 9.9892E-05 0.0220044 9.9892E-05 9.9892E-05 9.9892E-05
9.9874E-05 9.9874E-05 9.9874E-05 0.982215 9.9874E-05 9.9874E-05 9.9874E-05 9.9874E-05 9.9874E-05 9.9874E-05 9.9874E-05 9.9874E-05 9.9874E-05 0.0163869 9.9874E-05 9.9874E-05
9.98653E-05 9.98653E-05 9.98653E-05 9.98653E-05 9.98653E-05 9.98653E-05 9.98653E-05 9.98653E-05 9.98653E-05 0.998502 9.98653E-05 9.98653E-05 9.98653E-05 9.98653E-05 9.98653E-05 9.98653E-05
9.98742E-05 9.98742E-05 9.98742E-05 9.98742E-05 9.98742E-05 9.98742E-05 0.013953 9.98742E-05 9.98742E-05 0.984649 9.98742E-05 9.98742E-05 9.98742E-05 9.98742E-05 9.98742E-05 9.98742E-05
0.0202517 9.9919E-05 0.00509311 0.0402287 9.9919E-05 0.0309789 9.9919E-05 9.9919E-05 9.9919E-05 9.9919E-05 9.9919E-05 9.9919E-05 0.127096 9.9919E-05 0.00326715 0.772185
0.0874796 9.99099E-05 0.0126877 0.0193613 9.99099E-05 0.0145418 9.99099E-05 9.99099E-05 9.99099E-05 9.99099E-05 9.99099E-05 9.99099E-05 0.114787 9.99099E-05 9.99099E-05 0.750144
9.99012E-05 9.99012E-05 0.00489856 0.00929514 0.0303091 0.00163459 9.99012E-05 9.99012E-05 9.99012E-05 0.952764 9.99012E-05 9.99012E-05 9.99012E-05 9.99012E-05 9.99012E-05 9.99012E-05
9.98652E-05 9.98652E-05 9.98652E-05 9.98652E-05 9.98652E-05 9.98652E-05 9.98652E-05 9.98652E-05 9.98652E-05 0.998502 9.98652E-05 9.98652E-05 9.98652E-05 9.98652E-05 9.98652E-05 9.98652E-05
0.0269669 9.98919E-05 9.98919E-05 0.0241282 9.98919E-05 0.00295728 0.944749 9.98919E-05 9.98919E-05 9.98919E-05 9.98919E-05 9.98919E-05 9.98919E-05 9.98919E-05 9.98919E-05 9.98919E-05
0.103972 9.99009E-05 9.99009E-05 0.0655293 9.99009E-05 9.99009E-05 9.99009E-05 9.99009E-05 0.112867 9.99009E-05 0.0212336 9.99009E-05 0.695299 9.99009E-05 9.99009E-05 9.99009E-05
0.0195848 9.99099E-05 9.99099E-05 9.99099E-05 9.99099E-05 0.862064 0.00193674 9.99099E-05 0.0684446 9.99099E-05 9.99099E-05 0.00816867 9.99099E-05 0.0388017 9.99099E-05 9.99099E-05
9.9865E-05 9.9865E-05 9.9865E-05 9.9865E-05 9.9865E-05 9.9865E-05 9.9865E-05 9.9865E-05 9.9865E-05 9.9865E-05 9.9865E-05 0.998502 9.9865E-05 9.9865E-05 9.9865E-05 9.9865E-05
0.0170258 9.99101E-05 9.99101E-05 0.00689451 0.0490533 9.99101E-05 0.0409588 9.99101E-05 9.99101E-05 0.0434909 9.99101E-05 0.841578 9.99101E-05 9.99101E-05 9.99101E-05 9.99101E-05
9.99373E-05 0.215254 0.414486 9.99373E-05 9.99373E-05 0.0758279 9.99373E-05 0.0237662 0.0567255 0.000288912 0.01977 9.99373E-05 9.99373E-05 0.15488 9.99373E-05 0.0383019
