9.999E-05 9.999E-05 0.9998
0.548843 9.9991E-05 0.451057
0.905813 0.0601208 0.0340665
0.9998 9.999E-05 9.999E-05
0.677656 9.9991E-05 0.322244
0.9998 9.999E-05 9.999E-05
0.34615 9.99911E-05 0.65375
0.82129 9.9991E-05 0.17861
0.36707 9.9991E-05 0.63283
0.0353882 9.9991E-05 0.964512
0.0274534 9.9991E-05 0.972447
0.046228 9.9991E-05 0.953672
0.0386311 9.99911E-05 0.961269
0.98375 0.0161503 9.9991E-05
0.990426 9.9991E-05 0.00947374
0.0321491 9.9991E-05 0.967751
0.0754662 0.188286 0.736248
0.00496013 0.732877 0.262163
9.999E-05 0.9998 9.999E-05
9.999E-05 9.999E-05 0.9998
9.999E-05 0.9998 9.999E-05
9.999E-05 9.999E-05 0.9998
0.0729687 0.549054 0.377977
9.999E-05 0.9998 9.999E-05
0.9998 9.999E-05 9.999E-05
0.9998 9.999E-05 9.999E-05
9.999E-05 9.999E-05 0.9998
0.9998 9.999E-05 9.999E-05
0.9998 9.999E-05 9.999E-05
0.92638 0.0534592 0.0201608
0.952145 0.0297258 0.0181294
0.578423 9.99911E-05 0.421477
0.9998 9.999E-05 9.999E-05
0.824559 9.9991E-05 0.175341
0.0883762 9.9991E-05 0.911524
0.9998 9.999E-05 9.999E-05
0.0534318 9.9991E-05 0.946468
0.16397 0.0154983 0.820532
0.1973 0.176567 0.626133
0.131213 9.9991E-05 0.868687
0.0852506 0.001265 0.913484
9.9991E-05 0.0241038 0.975796
0.0309158 9.9991E-05 0.968984
0.00572219 9.9991E-05 0.994178
9.9991E-05 0.158456 0.841444
0.116903 0.0519851 0.831112
0.1754 9.9991E-05 0.8245
9.999E-05 9.999E-05 0.9998
0.816672 0.0199203 0.163408
0.787083 0.0411542 0.171762
0.81732 0.0292285 0.153452
0.820258 0.0310356 0.148707
0.887135 0.00796336 0.104902
0.735301 0.0520543 0.212645
0.760367 9.9991E-05 0.239533
9.999E-05 9.999E-05 0.9998
0.553563 9.9991E-05 0.446337
0.9998 9.999E-05 9.999E-05
9.999E-05 9.999E-05 0.9998
0.0470134 9.9991E-05 0.952887
9.999E-05 9.999E-05 0.9998
9.999E-05 9.999E-05 0.9998
9.9991E-05 0.0142905 0.98561
9.9991E-05 0.933157 0.0667431
0.9998 9.999E-05 9.999E-05
0.460879 0.0529829 0.486138
0.9998 9.999E-05 9.999E-05
0.9998 9.999E-05 9.999E-05
0.9998 9.999E-05 9.999E-05
0.9998 9.999E-05 9.999E-05
0.97049 9.9991E-05 0.0294102
0.9998 9.999E-05 9.999E-05
0.94688 9.99911E-05 0.0530202
0.883728 0.00086553 0.115407
0.986107 0.00915384 0.00473948
0.152716 9.9991E-05 0.847184
0.129189 9.9991E-05 0.870711
0.150228 0.296882 0.55289
0.125158 0.306069 0.568773
0.0504749 9.9991E-05 0.949425
0.0335628 9.9991E-05 0.966337
0.116757 0.28567 0.597573
0.125207 0.293904 0.580889
9.999E-05 9.999E-05 0.9998
0.00533113 0.0498696 0.944799
0.553234 9.9991E-05 0.446666
0.0869128 0.220937 0.69215
9.9991E-05 0.174244 0.825656
0.920128 0.077689 0.00218278
