9.99369E-05 9.99369E-05 9.99369E-05 9.99369E-05 9.99369E-05 0.0651773 9.99369E-05 9.99369E-05 0.00650118 0.927622
9.9964E-05 0.0117851 0.119033 0.764347 9.9964E-05 0.0503279 9.9964E-05 9.9964E-05 0.0481153 0.00599151
0.0348352 0.077643 0.726193 0.0791397 0.0669463 9.99643E-05 9.99643E-05 0.0148429 9.99643E-05 9.99643E-05
9.9928E-05 0.0605096 0.938691 9.9928E-05 9.9928E-05 9.9928E-05 9.9928E-05 9.9928E-05 9.9928E-05 9.9928E-05
9.9973E-05 0.0150469 0.393791 0.105915 0.294347 0.0231512 0.0777079 9.9973E-05 9.9973E-05 0.0897409
9.9937E-05 0.0301186 0.964493 9.9937E-05 9.9937E-05 0.0046887 9.9937E-05 9.9937E-05 9.9937E-05 9.9937E-05
9.99201E-05 9.99201E-05 9.99201E-05 9.99201E-05 0.999101 9.99201E-05 9.99201E-05 9.99201E-05 9.99201E-05 9.99201E-05
9.9955E-05 9.9955E-05 0.374362 0.114416 0.188176 0.0484349 0.27411 9.9955E-05 9.9955E-05 9.9955E-05
9.99278E-05 9.99278E-05 9.99278E-05 9.99278E-05 0.936101 9.99278E-05 9.99278E-05 9.99278E-05 0.0630993 9.99278E-05
9.99201E-05 9.99201E-05 9.99201E-05 9.99201E-05 0.173078 0.826123 9.99201E-05 9.99201E-05 9.99201E-05 9.99201E-05
9.9928E-05 9.9928E-05 9.9928E-05 9.9928E-05 0.137581 0.86162 9.9928E-05 9.9928E-05 9.9928E-05 9.9928E-05
9.9955E-05 0.149977 0.0442449 9.9955E-05 0.0239599 9.9955E-05 9.9955E-05 0.111265 9.9955E-05 0.670054
9.99281E-05 9.99281E-05 9.99281E-05 9.99281E-05 0.0672999 9.99281E-05 9.99281E-05 0.931901 9.99281E-05 9.99281E-05
0.0147921 0.0130004 0.94533 9.9946E-05 9.9946E-05 9.9946E-05 9.9946E-05 9.9946E-05 9.9946E-05 0.0262777
9.99371E-05 9.99371E-05 0.935902 9.99371E-05 9.99371E-05 0.0551238 9.99371E-05 9.99371E-05 9.99371E-05 0.00827476
9.99281E-05 9.99281E-05 9.99281E-05 9.99281E-05 9.99281E-05 9.99281E-05 9.99281E-05 0.156282 0.842918 9.99281E-05
0.0808075 0.292068 0.0107217 9.9964E-05 9.9964E-05 0.312757 9.9964E-05 0.171591 0.131654 9.9964E-05
0.707903 9.99549E-05 9.99549E-05 0.0814507 9.99549E-05 0.133663 9.99549E-05 9.99549E-05 0.0685477 0.00793579
0.878465 0.0867274 9.9937E-05 9.9937E-05 9.9937E-05 9.9937E-05 9.9937E-05 0.0341076 9.9937E-05 9.9937E-05
9.9946E-05 0.0566424 9.9946E-05 9.9946E-05 9.9946E-05 0.528827 9.9946E-05 9.9946E-05 0.310754 0.103176
0.999101 9.99201E-05 9.99201E-05 9.99201E-05 9.99201E-05 9.99201E-05 9.99201E-05 9.99201E-05 9.99201E-05 9.99201E-05
9.9955E-05 0.0140997 9.9955E-05 9.9955E-05 9.9955E-05 0.112305 9.9955E-05 0.105214 0.297785 0.470096
0.402394 0.26633 0.0014629 9.99461E-05 9.99461E-05 0.329213 9.99461E-05 9.99461E-05 9.99461E-05 9.99461E-05
0.890434 0.0933202 9.99369E-05 9.99369E-05 9.99369E-05 0.0155464 9.99369E-05 9.99369E-05 9.99369E-05 9.99369E-05
9.99201E-05 9.99201E-05 0.999101 9.99201E-05 9.99201E-05 9.99201E-05 9.99201E-05 9.99201E-05 9.99201E-05 9.99201E-05
9.99201E-05 9.99201E-05 0.999101 9.99201E-05 9.99201E-05 9.99201E-05 9.99201E-05 9.99201E-05 9.99201E-05 9.99201E-05
9.99549E-05 0.0352152 9.99549E-05 9.99549E-05 9.99549E-05 0.0938155 9.99549E-05 0.833118 0.00482803 0.0325238
9.9937E-05 9.9937E-05 0.92677 9.9937E-05 0.0151349 9.9937E-05 0.0573952 9.9937E-05 9.9937E-05 9.9937E-05
9.9946E-05 9.9946E-05 0.876058 9.9946E-05 0.000145467 9.9946E-05 0.083725 9.9946E-05 0.0394716 9.9946E-05
0.0296365 0.0135358 0.682866 9.99551E-05 9.99551E-05 9.99551E-05 0.238921 0.0345406 9.99551E-05 9.99551E-05
9.99641E-05 0.0377832 0.625529 0.0586832 0.054664 0.0259024 0.197038 9.99641E-05 9.99641E-05 9.99641E-05
9.99201E-05 9.99201E-05 9.99201E-05 0.999101 9.99201E-05 9.99201E-05 9.99201E-05 9.99201E-05 9.99201E-05 9.99201E-05
9.99282E-05 9.99282E-05 0.983412 9.99282E-05 9.99282E-05 9.99282E-05 9.99282E-05 9.99282E-05 0.0157885 9.99282E-05
9.99461E-05 9.99461E-05 0.089726 0.0219667 0.0545092 9.99461E-05 0.833199 9.99461E-05 9.99461E-05 9.99461E-05
9.996E-05 0.164954 0.0509706 9.996E-05 9.996E-05 0.101457 0.012325 0.599204 9.996E-05 0.0706899
9.99459E-05 9.99459E-05 0.978619 9.99459E-05 0.00151579 9.99459E-05 9.99459E-05 0.0167043 0.00256131 9.99459E-05
9.9928E-05 9.9928E-05 0.00490426 9.9928E-05 9.9928E-05 9.9928E-05 9.9928E-05 9.9928E-05 9.9928E-05 0.994296
9.9946E-05 9.9946E-05 0.00420166 0.219336 9.9946E-05 0.674975 9.9946E-05 9.9946E-05 9.9946E-05 0.100888
0.0582215 0.371334 0.15371 9.9973E-05 9.9973E-05 0.213395 9.9973E-05 0.164698 0.0184434 0.0198985
0.00716709 0.0260393 0.125329 9.99639E-05 9.99639E-05 0.39054 9.99639E-05 9.99639E-05 0.223877 0.226648
9.99639E-05 0.0359272 0.0313828 0.046718 9.99639E-05 0.400016 9.99639E-05 9.99639E-05 0.232528 0.253028
9.99369E-05 9.99369E-05 9.99369E-05 9.99369E-05 9.99369E-05 0.93255 9.99369E-05 9.99369E-05 0.0189104 0.0478401
0.00520044 9.9964E-05 9.9964E-05 9.9964E-05 0.066359 0.0243831 9.9964E-05 0.0336724 0.840608 0.029377
9.9964E-05 0.00529966 9.9964E-05 9.9964E-05 9.9964E-05 0.889327 0.00972983 0.0455416 0.020421 0.0292813
0.0967406 0.112935 9.9973E-05 0.0613235 9.9973E-05 0.455226 9.9973E-05 0.152871 0.0840538 0.0365499
0.0120191 0.000479256 0.0840956 0.0285949 9.9982E-05 0.621678 9.9982E-05 0.0529101 0.108491 0.0915312
9.996E-05 0.066957 0.0697452 9.996E-05 9.996E-05 0.309356 0.0996196 0.271485 9.996E-05 0.182437
0.00779947 9.99284E-05 9.99284E-05 9.99284E-05 9.99284E-05 9.99284E-05 9.99284E-05 9.99284E-05 9.99284E-05 0.991401
9.99201E-05 9.99201E-05 9.99201E-05 9.99201E-05 9.99201E-05 9.99201E-05 0.999101 9.99201E-05 9.99201E-05 9.99201E-05
9.99201E-05 9.99201E-05 9.99201E-05 9.99201E-05 9.99201E-05 9.99201E-05 0.999101 9.99201E-05 9.99201E-05 9.99201E-05
9.9946E-05 0.00405138 9.9946E-05 9.9946E-05 9.9946E-05 0.00746623 0.976308 9.9946E-05 0.0115745 9.9946E-05
9.99201E-05 9.99201E-05 9.99201E-05 9.99201E-05 9.99201E-05 9.99201E-05 0.999101 9.99201E-05 9.99201E-05 9.99201E-05
9.99201E-05 9.99201E-05 9.99201E-05 9.99201E-05 9.99201E-05 9.99201E-05 0.999101 9.99201E-05 9.99201E-05 9.99201E-05
0.0267623 9.99731E-05 0.235642 0.0402279 0.126538 0.0285374 0.518945 9.99731E-05 0.0230477 9.99731E-05
9.993E-05 9.993E-05 9.993E-05 0.115479 9.993E-05 9.993E-05 0.865726 9.993E-05 0.0180955 9.993E-05
9.99279E-05 9.99279E-05 9.99279E-05 9.99279E-05 9.99279E-05 9.99279E-05 9.99279E-05 9.99279E-05 0.201896 0.797305
9.99549E-05 0.00731596 9.99549E-05 0.9366 0.0283614 9.99549E-05 0.0190502 9.99549E-05 0.00817241 9.99549E-05
9.99279E-05 9.99279E-05 0.997958 9.99279E-05 9.99279E-05 9.99279E-05 9.99279E-05 9.99279E-05 9.99279E-05 0.00124209
9.9955E-05 0.0163138 9.9955E-05 9.9955E-05 0.0212746 9.9955E-05 9.9955E-05 0.817728 0.121418 0.0227657
9.99282E-05 9.99282E-05 9.99282E-05 9.99282E-05 9.99282E-05 9.99282E-05 9.99282E-05 0.0714995 0.927701 9.99282E-05
9.99281E-05 9.99281E-05 9.99281E-05 9.99281E-05 0.0520137 9.99281E-05 9.99281E-05 0.947187 9.99281E-05 9.99281E-05
9.99369E-05 9.99369E-05 9.99369E-05 9.99369E-05 9.99369E-05 0.0928505 9.99369E-05 0.892163 0.0142869 9.99369E-05
9.99369E-05 0.0182594 9.99369E-05 9.99369E-05 9.99369E-05 0.105234 9.99369E-05 0.875807 9.99369E-05 9.99369E-05
0.894477 9.99371E-05 9.99371E-05 9.99371E-05 9.99371E-05 0.0252326 9.99371E-05 9.99371E-05 9.99371E-05 0.079591
9.99282E-05 9.99282E-05 0.976683 9.99282E-05 9.99282E-05 9.99282E-05 9.99282E-05 9.99282E-05 0.0225171 9.99282E-05
0.053533 0.0218227 0.225706 0.0299062 9.9991E-05 0.247794 0.164135 0.0454163 0.126056 0.0855317
9.99462E-05 9.99462E-05 0.961817 9.99462E-05 9.99462E-05 9.99462E-05 0.00321934 0.00261637 0.0317472 9.99462E-05
9.9946E-05 9.9946E-05 0.922031 9.9946E-05 0.0316687 9.9946E-05 0.00618388 9.9946E-05 9.9946E-05 0.0395166
9.9946E-05 9.9946E-05 0.884441 9.9946E-05 0.0102929 9.9946E-05 0.0534798 9.9946E-05 0.0511865 9.9946E-05
9.9946E-05 9.9946E-05 0.915117 0.0169068 9.9946E-05 9.9946E-05 0.037221 9.9946E-05 0.0301552 9.9946E-05
9.99461E-05 9.99461E-05 0.859384 0.053208 0.0225252 0.0642831 9.99461E-05 9.99461E-05 9.99461E-05 9.99461E-05
0.013105 9.9928E-05 0.986096 9.9928E-05 9.9928E-05 9.9928E-05 9.9928E-05 9.9928E-05 9.9928E-05 9.9928E-05
9.99373E-05 9.99373E-05 0.472183 9.99373E-05 0.224354 9.99373E-05 0.302764 9.99373E-05 9.99373E-05 9.99373E-05
9.99372E-05 9.99372E-05 0.433521 9.99372E-05 0.423206 9.99372E-05 0.142574 9.99372E-05 9.99372E-05 9.99372E-05
9.99461E-05 9.99461E-05 0.930868 9.99461E-05 9.99461E-05 0.0146288 0.0381149 9.99461E-05 0.0157884 9.99461E-05
9.9937E-05 9.9937E-05 0.0130353 9.9937E-05 9.9937E-05 9.9937E-05 0.0296744 9.9937E-05 0.956591 9.9937E-05
9.9937E-05 9.9937E-05 9.9937E-05 9.9937E-05 0.00198612 9.9937E-05 0.0159858 9.9937E-05 0.981329 9.9937E-05
9.99201E-05 0.999101 9.99201E-05 9.99201E-05 9.99201E-05 9.99201E-05 9.99201E-05 9.99201E-05 9.99201E-05 9.99201E-05
9.99201E-05 0.999101 9.99201E-05 9.99201E-05 9.99201E-05 9.99201E-05 9.99201E-05 9.99201E-05 9.99201E-05 9.99201E-05
9.99549E-05 9.99549E-05 9.99549E-05 0.0826715 9.99549E-05 0.795415 9.99549E-05 0.00582229 0.103972 0.0116198
9.99549E-05 9.99549E-05 9.99549E-05 0.050589 0.0283179 0.812534 9.99549E-05 0.0184256 0.0896338 9.99549E-05
9.9937E-05 0.989597 9.9937E-05 0.00335256 9.9937E-05 9.9937E-05 0.0063512 9.9937E-05 9.9937E-05 9.9937E-05
9.99201E-05 0.999101 9.99201E-05 9.99201E-05 9.99201E-05 9.99201E-05 9.99201E-05 9.99201E-05 9.99201E-05 9.99201E-05
9.99549E-05 9.99549E-05 9.99549E-05 9.99549E-05 0.00795594 9.99549E-05 0.0374729 0.0197833 0.0247627 0.909525
0.0602384 9.9973E-05 9.9973E-05 0.0315966 0.0939561 0.249192 9.9973E-05 0.146403 0.372561 0.0457521
9.99369E-05 9.99369E-05 9.99369E-05 0.868101 0.0609606 9.99369E-05 0.0702386 9.99369E-05 9.99369E-05 9.99369E-05
0.100651 0.209335 0.0619386 9.99552E-05 9.99552E-05 0.281169 9.99552E-05 0.346407 9.99552E-05 9.99552E-05
0.0696073 0.317668 9.99462E-05 9.99462E-05 9.99462E-05 9.99462E-05 9.99462E-05 0.450602 9.99462E-05 0.161523
0.0390917 9.99462E-05 0.574307 9.99462E-05 0.116352 9.99462E-05 0.269649 9.99462E-05 9.99462E-05 9.99462E-05
