9.99549E-05 0.917726 9.99549E-05 0.0817745 9.99549E-05 9.99549E-05 9.99549E-05
9.9973E-05 0.296352 9.9973E-05 0.152978 0.308366 0.242004 9.9973E-05
0.0311877 9.99821E-05 0.129682 9.99821E-05 0.749391 0.0689242 0.0206149
9.9955E-05 9.9955E-05 9.9955E-05 9.9955E-05 0.963122 9.9955E-05 0.0363779
9.99731E-05 0.0554096 9.99731E-05 0.29591 0.502465 0.145916 9.99731E-05
0.0095608 9.9964E-05 9.9964E-05 9.9964E-05 0.987583 9.9964E-05 0.00245672
9.99731E-05 9.99731E-05 0.48524 0.175949 0.0369081 0.301603 9.99731E-05
9.99731E-05 9.99731E-05 9.99731E-05 0.172497 0.440126 0.377925 0.00915177
9.99731E-05 9.99731E-05 0.367777 0.267194 0.0270805 0.337648 9.99731E-05
9.995E-05 9.995E-05 9.995E-05 0.9994 9.995E-05 9.995E-05 9.995E-05
9.995E-05 9.995E-05 9.995E-05 0.9994 9.995E-05 9.995E-05 9.995E-05
9.9973E-05 0.687468 0.164286 9.9973E-05 0.0138408 9.9973E-05 0.134105
9.99551E-05 9.99551E-05 0.99344 9.99551E-05 0.00605999 9.99551E-05 9.99551E-05
0.0240471 0.0086676 9.9973E-05 9.9973E-05 0.952973 9.9973E-05 0.0140125
0.00129262 0.0485892 9.9964E-05 9.9964E-05 0.949718 9.9964E-05 9.9964E-05
9.9982E-05 0.124805 0.367475 0.46999 0.0349192 0.00261097 9.9982E-05
0.0914937 9.9973E-05 0.171127 0.419457 9.9973E-05 9.9973E-05 0.317623
0.736212 0.00719082 9.99729E-05 0.214958 9.99729E-05 0.0413391 9.99729E-05
0.900051 9.9955E-05 9.9955E-05 9.9955E-05 9.9955E-05 9.9955E-05 0.0994491
9.9973E-05 0.125599 0.0581373 0.712949 9.9973E-05 9.9973E-05 0.103015
0.9994 9.995E-05 9.995E-05 9.995E-05 9.995E-05 9.995E-05 9.995E-05
9.99729E-05 0.576854 0.128126 0.273949 9.99729E-05 9.99729E-05 0.0207718
0.408195 9.9982E-05 9.9982E-05 0.261763 0.00539387 0.0332348 0.291213
0.899731 9.99639E-05 9.99639E-05 0.0252943 9.99639E-05 9.99639E-05 0.0745748
9.99551E-05 9.99551E-05 9.99551E-05 9.99551E-05 0.985804 0.0136964 9.99551E-05
9.995E-05 9.995E-05 9.995E-05 9.995E-05 0.9994 9.995E-05 9.995E-05
9.99729E-05 0.106915 0.723275 0.0802124 9.99729E-05 9.99729E-05 0.0892972
9.9964E-05 9.9964E-05 0.00647636 9.9964E-05 0.940056 0.0530675 9.9964E-05
9.9973E-05 0.00346094 0.00601798 9.9973E-05 0.942134 0.0480871 9.9973E-05
0.0226742 0.024039 0.00892902 9.9991E-05 0.70734 0.21462 0.0222979
0.000831846 9.9973E-05 9.9973E-05 9.9973E-05 0.688069 0.250165 0.0606336
9.99821E-05 0.273666 9.99821E-05 0.0682136 0.115598 0.531265 0.0110575
9.99551E-05 9.99551E-05 9.99551E-05 9.99551E-05 0.998934 9.99551E-05 0.000566103
9.9964E-05 9.9964E-05 9.9964E-05 9.9964E-05 0.0964731 0.884171 0.0189565
9.99819E-05 0.15286 0.558489 9.99819E-05 0.0634137 0.0028505 0.222187
9.99729E-05 0.00717448 0.00340433 9.99729E-05 0.978331 9.99729E-05 0.0107907
9.9964E-05 0.973136 9.9964E-05 9.9964E-05 0.00938827 9.9964E-05 0.0170759
9.9973E-05 0.0867225 9.9973E-05 0.798965 0.0592621 0.0547503 9.9973E-05
0.0579032 9.9982E-05 0.14433 0.309323 0.128418 9.9982E-05 0.359825
9.9973E-05 0.319545 9.9973E-05 0.592183 0.0797942 9.9973E-05 0.00817854
0.00613153 0.330244 9.99819E-05 0.58956 0.0498282 9.99819E-05 0.0240364
9.9955E-05 0.013501 9.9955E-05 0.985999 9.9955E-05 9.9955E-05 9.9955E-05
9.9973E-05 0.168536 0.290623 0.519058 9.9973E-05 0.0214833 9.9973E-05
9.9973E-05 0.0238814 0.0105123 0.918666 9.9973E-05 9.9973E-05 0.0466402
0.0904025 0.0662737 0.149176 0.520734 9.9982E-05 9.9982E-05 0.173214
0.04047 0.123278 0.0549233 0.663137 0.0702149 9.9991E-05 0.0478773
9.999E-05 0.214326 0.188021 0.320924 0.112062 0.057068 0.107499
0.00964067 0.98986 9.99553E-05 9.99553E-05 9.99553E-05 9.99553E-05 9.99553E-05
9.995E-05 9.995E-05 9.995E-05 9.995E-05 9.995E-05 0.9994 9.995E-05
9.995E-05 9.995E-05 9.995E-05 9.995E-05 9.995E-05 0.9994 9.995E-05
9.995E-05 9.995E-05 9.995E-05 9.995E-05 9.995E-05 0.9994 9.995E-05
9.995E-05 9.995E-05 9.995E-05 9.995E-05 9.995E-05 0.9994 9.995E-05
9.995E-05 9.995E-05 9.995E-05 9.995E-05 9.995E-05 0.9994 9.995E-05
0.0245271 9.99821E-05 0.0287432 0.0978462 0.265419 0.583264 9.99821E-05
9.995E-05 9.995E-05 9.995E-05 9.995E-05 9.995E-05 0.9994 9.995E-05
9.99639E-05 0.870931 0.120868 0.00780169 9.99639E-05 9.99639E-05 9.99639E-05
9.9982E-05 0.272936 9.9982E-05 0.0684308 0.120263 0.523239 0.0149312
9.995E-05 9.995E-05 9.995E-05 9.995E-05 0.9994 9.995E-05 9.995E-05
9.99639E-05 0.0871565 0.868314 9.99639E-05 9.99639E-05 9.99639E-05 0.04413
9.9973E-05 0.208228 0.394835 0.316926 0.0797113 9.9973E-05 9.9973E-05
9.995E-05 9.995E-05 0.9994 9.995E-05 9.995E-05 9.995E-05 9.995E-05
9.99639E-05 0.0111941 0.88734 0.101066 9.99639E-05 9.99639E-05 9.99639E-05
9.99639E-05 9.99639E-05 0.860851 0.0351793 9.99639E-05 9.99639E-05 0.10357
0.890003 0.0976321 9.99641E-05 9.99641E-05 9.99641E-05 0.0119646 9.99641E-05
9.995E-05 9.995E-05 9.995E-05 9.995E-05 0.9994 9.995E-05 9.995E-05
0.0505643 0.0688629 0.14498 0.238043 0.262236 0.165989 0.069326
9.995E-05 9.995E-05 9.995E-05 9.995E-05 0.9994 9.995E-05 9.995E-05
9.9964E-05 0.0184417 9.9964E-05 9.9964E-05 0.930317 0.050841 9.9964E-05
9.9964E-05 9.9964E-05 0.0111135 9.9964E-05 0.934979 0.0535073 9.9964E-05
0.00921125 0.0127963 9.9973E-05 9.9973E-05 0.901035 0.0766577 9.9973E-05
9.99551E-05 9.99551E-05 9.99551E-05 0.0809303 0.91857 9.99551E-05 9.99551E-05
9.9955E-05 9.9955E-05 9.9955E-05 9.9955E-05 0.997745 9.9955E-05 0.00175528
9.99553E-05 9.99553E-05 9.99553E-05 9.99553E-05 0.528822 0.470678 9.99553E-05
9.99642E-05 9.99642E-05 0.175672 9.99642E-05 0.486155 0.337773 9.99642E-05
0.000142047 0.00150115 9.9973E-05 9.9973E-05 0.96225 9.9973E-05 0.0358072
9.9991E-05 0.119884 0.17625 0.544476 0.0723245 0.0509441 0.036021
9.9991E-05 0.112953 0.186153 0.549899 0.049525 0.0884836 0.0128871
9.995E-05 9.995E-05 9.995E-05 9.995E-05 9.995E-05 9.995E-05 0.9994
9.995E-05 9.995E-05 9.995E-05 9.995E-05 9.995E-05 9.995E-05 0.9994
9.9973E-05 0.0196914 0.0233839 0.954437 9.9973E-05 0.00218786 9.9973E-05
9.9964E-05 0.011468 0.0519728 0.936159 9.9964E-05 9.9964E-05 9.9964E-05
9.995E-05 9.995E-05 9.995E-05 9.995E-05 9.995E-05 9.995E-05 0.9994
9.995E-05 9.995E-05 9.995E-05 9.995E-05 9.995E-05 9.995E-05 0.9994
9.99549E-05 0.976173 0.0233276 9.99549E-05 9.99549E-05 9.99549E-05 9.99549E-05
0.0427089 0.157253 0.325057 0.474681 9.9973E-05 9.9973E-05 9.9973E-05
9.9982E-05 0.192594 0.00167154 0.143132 0.0962622 0.56614 9.9982E-05
0.12199 9.99821E-05 0.335928 0.20921 0.0478647 9.99821E-05 0.284807
0.075605 0.181616 0.416153 9.99731E-05 9.99731E-05 9.99731E-05 0.326326
0.0533002 9.99821E-05 9.99821E-05 0.00583321 0.584745 0.329618 0.0263032
