9.999E-05 9.999E-05 0.9998
9.999E-05 0.540674 0.459227
0.0574753 0.880329 0.0621959
9.999E-05 0.9998 9.999E-05
9.9991E-05 0.671713 0.328188
0.00481194 0.99342 0.00176798
9.999E-05 0.330217 0.669683
9.999E-05 0.838138 0.161762
9.9991E-05 0.345483 0.654417
9.9991E-05 0.0321897 0.96771
9.9991E-05 0.038086 0.961814
9.9991E-05 0.0707026 0.929197
9.99911E-05 0.0486311 0.951269
0.0345014 0.965399 9.9991E-05
0.00135499 0.998545 9.9991E-05
9.9991E-05 0.0287798 0.97112
0.157215 0.0245847 0.818201
0.723683 0.0244125 0.251904
0.9998 9.999E-05 9.999E-05
9.999E-05 9.999E-05 0.9998
0.9998 9.999E-05 9.999E-05
9.999E-05 9.999E-05 0.9998
0.549471 0.105185 0.345344
0.966111 9.9991E-05 0.0337888
9.999E-05 0.9998 9.999E-05
9.999E-05 0.9998 9.999E-05
9.999E-05 9.999E-05 0.9998
9.999E-05 0.9998 9.999E-05
9.999E-05 0.9998 9.999E-05
0.0285694 0.927968 0.0434623
0.0620611 0.937839 9.9991E-05
9.99911E-05 0.556152 0.443748
9.999E-05 0.9998 9.999E-05
9.9991E-05 0.835569 0.164331
9.9991E-05 0.0749022 0.924998
9.999E-05 0.9998 9.999E-05
9.9991E-05 0.0573403 0.94256
0.0109865 0.160569 0.828445
0.146914 0.162132 0.690954
9.9991E-05 0.103988 0.895912
9.9991E-05 0.0711563 0.928744
9.999E-05 9.999E-05 0.9998
9.9991E-05 0.00532876 0.994571
9.999E-05 9.999E-05 0.9998
0.167702 9.9991E-05 0.832198
0.0347902 0.132949 0.832261
9.9991E-05 0.154244 0.845656
0.0126434 9.99911E-05 0.987257
0.00648706 0.799718 0.193795
0.0214311 0.806665 0.171903
0.0193463 0.83152 0.149134
0.0229178 0.836738 0.140345
0.00494127 0.882877 0.112181
0.0595861 0.745887 0.194527
9.9991E-05 0.79364 0.20626
9.999E-05 9.999E-05 0.9998
9.9991E-05 0.549043 0.450857
9.999E-05 0.9998 9.999E-05
9.999E-05 9.999E-05 0.9998
9.9991E-05 0.061979 0.937921
9.999E-05 9.999E-05 0.9998
9.999E-05 9.999E-05 0.9998
0.030207 9.9991E-05 0.969693
0.894263 9.9991E-05 0.105637
9.999E-05 0.9998 9.999E-05
0.0819749 0.419822 0.498203
9.999E-05 0.9998 9.999E-05
9.999E-05 0.9998 9.999E-05
9.999E-05 0.9998 9.999E-05
9.999E-05 0.9998 9.999E-05
9.9991E-05 0.947521 0.0523791
9.999E-05 0.9998 9.999E-05
9.99911E-05 0.930843 0.0690575
0.00673018 0.860327 0.132943
9.999E-05 0.9998 9.999E-05
9.9991E-05 0.13429 0.86561
9.9991E-05 0.12873 0.87117
0.279227 0.134696 0.586076
0.276166 0.108091 0.615744
9.9991E-05 0.0427344 0.957166
0.00573164 0.0405973 0.953671
0.280935 0.127457 0.591609
0.287076 0.117948 0.594976
9.999E-05 9.999E-05 0.9998
0.039432 0.00187717 0.958691
9.9991E-05 0.556688 0.443212
0.2124 0.0847135 0.702886
0.188371 9.9991E-05 0.811529
0.0753147 0.914045 0.0106405
