9.98649E-05 0.925847 9.98649E-05 9.98649E-05 9.98649E-05 9.98649E-05 9.98649E-05 9.98649E-05 9.98649E-05 9.98649E-05 9.98649E-05 0.0266895 9.98649E-05 9.98649E-05 9.98649E-05 0.000824818 9.98649E-05 9.98649E-05 0.0353316 0.00980871
9.98649E-05 9.98649E-05 0.0925453 0.683045 9.98649E-05 9.98649E-05 9.98649E-05 9.98649E-05 9.98649E-05 9.98649E-05 9.98649E-05 0.043614 9.98649E-05 9.98649E-05 9.98649E-05 9.98649E-05 9.98649E-05 0.176326 0.00297144 9.98649E-05
9.98292E-05 9.98292E-05 9.98292E-05 9.98292E-05 9.98292E-05 9.98292E-05 9.98292E-05 9.98292E-05 0.998103 9.98292E-05 9.98292E-05 9.98292E-05 9.98292E-05 9.98292E-05 9.98292E-05 9.98292E-05 9.98292E-05 9.98292E-05 9.98292E-05 9.98292E-05
9.98921E-05 9.98921E-05 0.957424 9.98921E-05 9.98921E-05 0.00427313 9.98921E-05 9.98921E-05 9.98921E-05 9.98921E-05 0.00524835 0.00269674 9.98921E-05 9.98921E-05 9.98921E-05 0.0127575 0.00588165 9.98921E-05 0.00102646 0.00949365
9.99102E-05 9.99102E-05 0.336292 0.101969 0.0196964 0.0184773 9.99102E-05 9.99102E-05 0.0243186 9.99102E-05 0.0488665 9.99102E-05 9.99102E-05 0.0791502 0.0917957 9.99102E-05 9.99102E-05 0.0844516 9.99102E-05 0.193983
9.98652E-05 9.98652E-05 0.901793 9.98652E-05 0.018338 0.0131377 9.98652E-05 9.98652E-05 9.98652E-05 9.98652E-05 9.98652E-05 9.98652E-05 9.98652E-05 9.98652E-05 0.0137472 9.98652E-05 9.98652E-05 0.0514866 9.98652E-05 9.98652E-05
9.98294E-05 9.98294E-05 9.98294E-05 9.98294E-05 9.98294E-05 9.98294E-05 9.98294E-05 9.98294E-05 9.98294E-05 9.98294E-05 9.98294E-05 9.98294E-05 9.98294E-05 0.998103 9.98294E-05 9.98294E-05 9.98294E-05 9.98294E-05 9.98294E-05 9.98294E-05
9.98919E-05 9.98919E-05 0.0788171 0.143117 9.98919E-05 0.0961269 9.98919E-05 9.98919E-05 9.98919E-05 9.98919E-05 0.0622581 9.98919E-05 9.98919E-05 9.98919E-05 0.585709 0.00238757 0.0131577 9.98919E-05 0.017228 9.98919E-05
9.98562E-05 9.98562E-05 9.98562E-05 0.00515406 9.98562E-05 9.98562E-05 9.98562E-05 9.98562E-05 9.98562E-05 9.98562E-05 0.00595795 9.98562E-05 9.98562E-05 0.946409 9.98562E-05 9.98562E-05 0.0408817 9.98562E-05 9.98562E-05 9.98562E-05
9.98291E-05 9.98291E-05 9.98291E-05 9.98291E-05 9.98291E-05 9.98291E-05 9.98291E-05 9.98291E-05 9.98291E-05 9.98291E-05 9.98291E-05 9.98291E-05 9.98291E-05 9.98291E-05 9.98291E-05 9.98291E-05 9.98291E-05 9.98291E-05 9.98291E-05 0.998103
9.98291E-05 9.98291E-05 9.98291E-05 9.98291E-05 9.98291E-05 9.98291E-05 9.98291E-05 9.98291E-05 9.98291E-05 9.98291E-05 9.98291E-05 9.98291E-05 9.98291E-05 9.98291E-05 9.98291E-05 9.98291E-05 9.98291E-05 9.98291E-05 9.98291E-05 0.998103
9.9865E-05 0.650453 9.9865E-05 9.9865E-05 0.0430805 9.9865E-05 9.9865E-05 0.132072 0.0515986 9.9865E-05 9.9865E-05 9.9865E-05 9.9865E-05 9.9865E-05 9.9865E-05 0.121298 9.9865E-05 9.9865E-05 9.9865E-05 9.9865E-05
9.98386E-05 9.98386E-05 9.98386E-05 9.98386E-05 9.98386E-05 9.98386E-05 9.98386E-05 0.968766 9.98386E-05 9.98386E-05 9.98386E-05 9.98386E-05 9.98386E-05 9.98386E-05 0.0294365 9.98386E-05 9.98386E-05 9.98386E-05 9.98386E-05 9.98386E-05
9.98742E-05 9.98742E-05 0.897435 0.0176676 0.0241394 0.037907 0.00879072 9.98742E-05 9.98742E-05 9.98742E-05 9.98742E-05 9.98742E-05 9.98742E-05 9.98742E-05 9.98742E-05 9.98742E-05 9.98742E-05 0.0126617 9.98742E-05 9.98742E-05
9.98653E-05 9.98653E-05 0.903909 9.98653E-05 9.98653E-05 0.00454114 0.0031386 9.98653E-05 9.98653E-05 9.98653E-05 9.98653E-05 9.98653E-05 9.98653E-05 9.98653E-05 9.98653E-05 9.98653E-05 9.98653E-05 0.0670857 0.0198275 9.98653E-05
0.809795 9.98651E-05 9.98651E-05 0.00342499 0.117577 9.98651E-05 9.98651E-05 0.0567203 9.98651E-05 9.98651E-05 9.98651E-05 9.98651E-05 9.98651E-05 9.98651E-05 9.98651E-05 9.98651E-05 0.0109842 9.98651E-05 9.98651E-05 9.98651E-05
9.9865E-05 9.9865E-05 9.9865E-05 9.9865E-05 9.9865E-05 9.9865E-05 9.9865E-05 0.000818237 9.9865E-05 9.9865E-05 9.9865E-05 0.932741 0.0140355 9.9865E-05 9.9865E-05 9.9865E-05 9.9865E-05 9.9865E-05 0.00496949 0.0459377
9.98739E-05 9.98739E-05 9.98739E-05 9.98739E-05 9.98739E-05 9.98739E-05 0.776552 9.98739E-05 9.98739E-05 9.98739E-05 0.0123367 0.0218508 9.98739E-05 9.98739E-05 9.98739E-05 0.00902905 9.98739E-05 0.126903 9.98739E-05 0.0519302
9.98294E-05 9.98294E-05 9.98294E-05 9.98294E-05 9.98294E-05 9.98294E-05 9.98294E-05 9.98294E-05 9.98294E-05 9.98294E-05 9.98294E-05 9.98294E-05 0.998103 9.98294E-05 9.98294E-05 9.98294E-05 9.98294E-05 9.98294E-05 9.98294E-05 9.98294E-05
0.302983 0.0770822 9.98827E-05 9.98827E-05 0.137832 9.98827E-05 9.98827E-05 9.98827E-05 9.98827E-05 9.98827E-05 9.98827E-05 0.0223958 9.98827E-05 9.98827E-05 9.98827E-05 0.0149927 9.98827E-05 9.98827E-05 0.237479 0.205936
9.98471E-05 9.98471E-05 9.98471E-05 9.98471E-05 9.98471E-05 9.98471E-05 0.920559 9.98471E-05 9.98471E-05 0.0487571 9.98471E-05 9.98471E-05 0.0289861 9.98471E-05 9.98471E-05 9.98471E-05 9.98471E-05 9.98471E-05 9.98471E-05 9.98471E-05
0.186535 0.373674 9.98919E-05 9.98919E-05 9.98919E-05 9.98919E-05 9.98919E-05 0.035989 9.98919E-05 9.98919E-05 9.98919E-05 0.0124162 0.00107605 9.98919E-05 9.98919E-05 9.98919E-05 0.130466 0.248504 9.98919E-05 0.010141
9.98739E-05 9.98739E-05 0.03076 9.98739E-05 9.98739E-05 9.98739E-05 9.98739E-05 9.98739E-05 9.98739E-05 0.595886 9.98739E-05 0.16663 9.98739E-05 9.98739E-05 9.98739E-05 0.100573 9.98739E-05 9.98739E-05 0.0369687 0.0677845
9.98377E-05 9.98377E-05 9.98377E-05 9.98377E-05 9.98377E-05 9.98377E-05 9.98377E-05 9.98377E-05 9.98377E-05 0.991394 9.98377E-05 9.98377E-05 0.00680865 9.98377E-05 9.98377E-05 9.98377E-05 9.98377E-05 9.98377E-05 9.98377E-05 9.98377E-05
9.98474E-05 9.98474E-05 0.929757 9.98474E-05 9.98474E-05 9.98474E-05 9.98474E-05 9.98474E-05 0.0449966 9.98474E-05 9.98474E-05 9.98474E-05 9.98474E-05 0.0235491 9.98474E-05 9.98474E-05 9.98474E-05 9.98474E-05 9.98474E-05 9.98474E-05
9.98475E-05 9.98475E-05 0.991644 0.000249969 9.98475E-05 9.98475E-05 9.98475E-05 9.98475E-05 9.98475E-05 9.98475E-05 0.00640819 9.98475E-05 9.98475E-05 9.98475E-05 9.98475E-05 9.98475E-05 9.98475E-05 9.98475E-05 9.98475E-05 9.98475E-05
0.0326877 0.0325239 9.98738E-05 9.98738E-05 9.98738E-05 9.98738E-05 9.98738E-05 0.767327 9.98738E-05 9.98738E-05 9.98738E-05 0.0572584 9.98738E-05 9.98738E-05 9.98738E-05 0.0219499 9.98738E-05 9.98738E-05 0.0868545 9.98738E-05
9.98472E-05 9.98472E-05 0.909569 9.98472E-05 9.98472E-05 9.98472E-05 9.98472E-05 9.98472E-05 9.98472E-05 9.98472E-05 0.0664728 9.98472E-05 9.98472E-05 0.0222604 9.98472E-05 9.98472E-05 9.98472E-05 9.98472E-05 9.98472E-05 9.98472E-05
0.00398763 9.98742E-05 0.863794 0.0618281 9.98742E-05 9.98742E-05 9.98742E-05 0.000430891 9.98742E-05 9.98742E-05 0.0598019 9.98742E-05 9.98742E-05 0.00875884 9.98742E-05 9.98742E-05 9.98742E-05 9.98742E-05 9.98742E-05 9.98742E-05
9.98744E-05 9.98744E-05 0.48418 9.98744E-05 9.98744E-05 9.98744E-05 9.98744E-05 9.98744E-05 0.0125948 9.98744E-05 0.127123 9.98744E-05 9.98744E-05 9.98744E-05 0.19532 0.00743783 0.171946 9.98744E-05 9.98744E-05 9.98744E-05
9.98829E-05 9.98829E-05 0.35366 9.98829E-05 9.98829E-05 0.0356155 9.98829E-05 9.98829E-05 9.98829E-05 9.98829E-05 0.0394204 0.0239832 9.98829E-05 9.98829E-05 0.506122 0.021447 9.98829E-05 9.98829E-05 9.98829E-05 0.0184535
9.98296E-05 9.98296E-05 9.98296E-05 0.998103 9.98296E-05 9.98296E-05 9.98296E-05 9.98296E-05 9.98296E-05 9.98296E-05 9.98296E-05 9.98296E-05 9.98296E-05 9.98296E-05 9.98296E-05 9.98296E-05 9.98296E-05 9.98296E-05 9.98296E-05 9.98296E-05
9.98472E-05 9.98472E-05 0.799538 9.98472E-05 9.98472E-05 9.98472E-05 9.98472E-05 9.98472E-05 0.00372356 9.98472E-05 9.98472E-05 9.98472E-05 9.98472E-05 9.98472E-05 0.195041 9.98472E-05 9.98472E-05 9.98472E-05 9.98472E-05 9.98472E-05
9.98653E-05 9.98653E-05 9.98653E-05 9.98653E-05 9.98653E-05 0.0601595 9.98653E-05 9.98653E-05 0.0327828 9.98653E-05 0.690146 9.98653E-05 9.98653E-05 9.98653E-05 0.199122 9.98653E-05 9.98653E-05 9.98653E-05 0.0162918 9.98653E-05
9.98826E-05 9.98826E-05 9.98826E-05 9.98826E-05 0.00733985 9.98826E-05 9.98826E-05 0.420855 9.98826E-05 9.98826E-05 9.98826E-05 0.152882 9.98826E-05 9.98826E-05 0.0297067 0.0809657 0.229848 0.0771042 9.98826E-05 9.98826E-05
0.0111544 9.98919E-05 0.929305 9.98919E-05 0.00575881 9.98919E-05 9.98919E-05 9.98919E-05 9.98919E-05 9.98919E-05 9.98919E-05 0.00468363 0.00504096 0.00970241 0.0178753 9.98919E-05 9.98919E-05 0.0152804 9.98919E-05 9.98919E-05
9.98561E-05 0.918894 0.00204311 9.98561E-05 9.98561E-05 9.98561E-05 9.98561E-05 9.98561E-05 9.98561E-05 9.98561E-05 9.98561E-05 9.98561E-05 9.98561E-05 9.98561E-05 0.0160853 9.98561E-05 0.0613796 9.98561E-05 9.98561E-05 9.98561E-05
9.98921E-05 9.98921E-05 0.00834467 0.142021 9.98921E-05 0.0276246 9.98921E-05 9.98921E-05 0.00355491 9.98921E-05 9.98921E-05 0.0794934 9.98921E-05 9.98921E-05 0.00749572 9.98921E-05 9.98921E-05 9.98921E-05 0.689844 0.0404231
9.98472E-05 9.98472E-05 0.0184759 9.98472E-05 9.98472E-05 9.98472E-05 9.98472E-05 9.98472E-05 9.98472E-05 9.98472E-05 9.98472E-05 0.96994 9.98472E-05 9.98472E-05 0.00988626 9.98472E-05 9.98472E-05 9.98472E-05 9.98472E-05 9.98472E-05
9.98291E-05 9.98291E-05 9.98291E-05 9.98291E-05 9.98291E-05 9.98291E-05 9.98291E-05 9.98291E-05 9.98291E-05 9.98291E-05 9.98291E-05 9.98291E-05 9.98291E-05 9.98291E-05 9.98291E-05 9.98291E-05 9.98291E-05 0.998103 9.98291E-05 9.98291E-05
9.98382E-05 0.00640974 9.98382E-05 9.98382E-05 9.98382E-05 9.98382E-05 9.98382E-05 9.98382E-05 9.98382E-05 9.98382E-05 9.98382E-05 9.98382E-05 9.98382E-05 9.98382E-05 9.98382E-05 9.98382E-05 9.98382E-05 0.991793 9.98382E-05 9.98382E-05
9.98828E-05 9.98828E-05 9.98828E-05 9.98828E-05 0.00829067 9.98828E-05 9.98828E-05 9.98828E-05 9.98828E-05 9.98828E-05 9.98828E-05 0.0291111 0.016599 9.98828E-05 9.98828E-05 9.98828E-05 0.0640124 0.0269171 0.507718 0.346053
0.787911 0.0245386 9.98829E-05 9.98829E-05 9.98829E-05 9.98829E-05 9.98829E-05 0.0367894 9.98829E-05 0.0289687 9.98829E-05 9.98829E-05 9.98829E-05 0.0756146 9.98829E-05 9.98829E-05 9.98829E-05 0.0213804 0.023499 9.98829E-05
9.98648E-05 9.98648E-05 9.98648E-05 9.98648E-05 0.0639638 9.98648E-05 9.98648E-05 9.98648E-05 9.98648E-05 9.98648E-05 9.98648E-05 0.034707 9.98648E-05 9.98648E-05 9.98648E-05 9.98648E-05 0.0585255 9.98648E-05 0.437421 0.403885
9.98829E-05 9.98829E-05 9.98829E-05 9.98829E-05 0.105701 9.98829E-05 9.98829E-05 0.10053 9.98829E-05 0.131315 9.98829E-05 9.98829E-05 9.98829E-05 9.98829E-05 9.98829E-05 0.0537168 0.00259068 0.0304265 0.574422 9.98829E-05
0.0168303 9.98832E-05 9.98832E-05 9.98832E-05 0.0454952 9.98832E-05 9.98832E-05 9.98832E-05 0.0301956 0.0390233 9.98832E-05 9.98832E-05 9.98832E-05 9.98832E-05 9.98832E-05 9.98832E-05 0.252207 0.0778477 0.537102 9.98832E-05
9.98289E-05 9.98289E-05 9.98289E-05 9.98289E-05 9.98289E-05 9.98289E-05 9.98289E-05 9.98289E-05 9.98289E-05 9.98289E-05 9.98289E-05 9.98289E-05 9.98289E-05 9.98289E-05 9.98289E-05 9.98289E-05 0.998103 9.98289E-05 9.98289E-05 9.98289E-05
9.98391E-05 0.966452 9.98391E-05 9.98391E-05 9.98391E-05 9.98391E-05 9.98391E-05 9.98391E-05 9.98391E-05 0.0317513 9.98391E-05 9.98391E-05 9.98391E-05 9.98391E-05 9.98391E-05 9.98391E-05 9.98391E-05 9.98391E-05 9.98391E-05 9.98391E-05
9.98293E-05 9.98293E-05 9.98293E-05 9.98293E-05 9.98293E-05 9.98293E-05 9.98293E-05 9.98293E-05 9.98293E-05 9.98293E-05 0.998103 9.98293E-05 9.98293E-05 9.98293E-05 9.98293E-05 9.98293E-05 9.98293E-05 9.98293E-05 9.98293E-05 9.98293E-05
9.98382E-05 9.98382E-05 9.98382E-05 9.98382E-05 9.98382E-05 9.98382E-05 9.98382E-05 9.98382E-05 9.98382E-05 9.98382E-05 0.99648 9.98382E-05 9.98382E-05 9.98382E-05 9.98382E-05 9.98382E-05 0.00172295 9.98382E-05 9.98382E-05 9.98382E-05
0.00975133 9.98562E-05 9.98562E-05 9.98562E-05 9.98562E-05 9.98562E-05 9.98562E-05 9.98562E-05 9.98562E-05 9.98562E-05 0.972779 9.98562E-05 9.98562E-05 9.98562E-05 9.98562E-05 9.98562E-05 0.00302227 0.0128495 9.98562E-05 9.98562E-05
9.98294E-05 9.98294E-05 9.98294E-05 9.98294E-05 9.98294E-05 9.98294E-05 9.98294E-05 9.98294E-05 9.98294E-05 9.98294E-05 0.998103 9.98294E-05 9.98294E-05 9.98294E-05 9.98294E-05 9.98294E-05 9.98294E-05 9.98294E-05 9.98294E-05 9.98294E-05
9.98293E-05 9.98293E-05 9.98293E-05 9.98293E-05 9.98293E-05 9.98293E-05 9.98293E-05 9.98293E-05 9.98293E-05 9.98293E-05 0.998103 9.98293E-05 9.98293E-05 9.98293E-05 9.98293E-05 9.98293E-05 9.98293E-05 9.98293E-05 9.98293E-05 9.98293E-05
0.0141126 9.99012E-05 0.0827034 0.0261202 9.99012E-05 9.99012E-05 0.00280219 9.99012E-05 0.0536693 0.0397843 0.351733 9.99012E-05 9.99012E-05 9.99012E-05 0.317025 9.99012E-05 9.99012E-05 9.99012E-05 9.99012E-05 0.110952
0.0340243 9.98473E-05 9.98473E-05 0.0556643 9.98473E-05 9.98473E-05 9.98473E-05 9.98473E-05 9.98473E-05 9.98473E-05 0.908614 9.98473E-05 9.98473E-05 9.98473E-05 9.98473E-05 9.98473E-05 9.98473E-05 9.98473E-05 9.98473E-05 9.98473E-05
0.144499 0.78662 9.98468E-05 9.98468E-05 0.0671828 9.98468E-05 9.98468E-05 9.98468E-05 9.98468E-05 9.98468E-05 9.98468E-05 9.98468E-05 9.98468E-05 9.98468E-05 9.98468E-05 9.98468E-05 9.98468E-05 9.98468E-05 9.98468E-05 9.98468E-05
0.000485578 9.9874E-05 9.9874E-05 0.956105 9.9874E-05 9.9874E-05 9.9874E-05 9.9874E-05 0.00718474 9.9874E-05 9.9874E-05 9.9874E-05 9.9874E-05 0.0258651 9.9874E-05 9.9874E-05 0.00706325 9.9874E-05 9.9874E-05 0.00189779
9.9856E-05 9.9856E-05 0.961397 9.9856E-05 0.00384114 9.9856E-05 9.9856E-05 9.9856E-05 9.9856E-05 9.9856E-05 9.9856E-05 0.0110382 9.9856E-05 9.9856E-05 9.9856E-05 9.9856E-05 9.9856E-05 0.0221262 9.9856E-05 9.9856E-05
0.0332956 0.00469425 9.98651E-05 9.98651E-05 9.98651E-05 9.98651E-05 9.98651E-05 0.801603 9.98651E-05 9.98651E-05 9.98651E-05 9.98651E-05 9.98651E-05 9.98651E-05 9.98651E-05 0.0192431 9.98651E-05 0.139666 9.98651E-05 9.98651E-05
0.872452 9.98475E-05 9.98475E-05 9.98475E-05 0.105889 9.98475E-05 9.98475E-05 0.0199618 9.98475E-05 9.98475E-05 9.98475E-05 9.98475E-05 9.98475E-05 9.98475E-05 9.98475E-05 9.98475E-05 9.98475E-05 9.98475E-05 9.98475E-05 9.98475E-05
9.98476E-05 9.98476E-05 9.98476E-05 9.98476E-05 9.98476E-05 9.98476E-05 9.98476E-05 0.976828 0.0139988 9.98476E-05 9.98476E-05 9.98476E-05 9.98476E-05 0.0074759 9.98476E-05 9.98476E-05 9.98476E-05 9.98476E-05 9.98476E-05 9.98476E-05
9.98559E-05 9.98559E-05 9.98559E-05 9.98559E-05 9.98559E-05 9.98559E-05 9.98559E-05 0.838489 9.98559E-05 9.98559E-05 9.98559E-05 9.98559E-05 9.98559E-05 9.98559E-05 9.98559E-05 9.98559E-05 0.022799 9.98559E-05 0.12344 0.013675
9.98828E-05 9.98828E-05 9.98828E-05 9.98828E-05 0.03523 9.98828E-05 9.98828E-05 0.780741 9.98828E-05 0.0289397 9.98828E-05 9.98828E-05 9.98828E-05 9.98828E-05 9.98828E-05 0.0329635 0.0479867 0.00277781 9.98828E-05 0.070063
9.98384E-05 9.98384E-05 9.98384E-05 9.98384E-05 9.98384E-05 9.98384E-05 0.985191 9.98384E-05 9.98384E-05 9.98384E-05 9.98384E-05 9.98384E-05 9.98384E-05 9.98384E-05 9.98384E-05 9.98384E-05 0.0130119 9.98384E-05 9.98384E-05 9.98384E-05
0.0517422 9.98476E-05 0.897448 9.98476E-05 9.98476E-05 9.98476E-05 9.98476E-05 9.98476E-05 0.0491123 9.98476E-05 9.98476E-05 9.98476E-05 9.98476E-05 9.98476E-05 9.98476E-05 9.98476E-05 9.98476E-05 9.98476E-05 9.98476E-05 9.98476E-05
9.98293E-05 9.98293E-05 9.98293E-05 9.98293E-05 9.98293E-05 0.998103 9.98293E-05 9.98293E-05 9.98293E-05 9.98293E-05 9.98293E-05 9.98293E-05 9.98293E-05 9.98293E-05 9.98293E-05 9.98293E-05 9.98293E-05 9.98293E-05 9.98293E-05 9.98293E-05
0.0320657 9.98658E-05 0.843626 9.98658E-05 9.98658E-05 9.98658E-05 9.98658E-05 9.98658E-05 0.102562 9.98658E-05 0.00343358 9.98658E-05 9.98658E-05 9.98658E-05 9.98658E-05 9.98658E-05 9.98658E-05 9.98658E-05 0.0168152 9.98658E-05
9.9892E-05 0.0059671 0.902676 9.9892E-05 9.9892E-05 0.015242 9.9892E-05 9.9892E-05 0.00314405 9.9892E-05 9.9892E-05 0.0178069 9.9892E-05 0.027624 9.9892E-05 9.9892E-05 9.9892E-05 0.0122873 9.9892E-05 0.0140537
0.0518074 9.9865E-05 0.838942 9.9865E-05 9.9865E-05 9.9865E-05 9.9865E-05 9.9865E-05 9.9865E-05 9.9865E-05 0.0452509 9.9865E-05 9.9865E-05 0.0321497 0.0303516 9.9865E-05 9.9865E-05 9.9865E-05 9.9865E-05 9.9865E-05
0.0165758 9.98832E-05 0.927393 9.98832E-05 9.98832E-05 9.98832E-05 9.98832E-05 9.98832E-05 9.98832E-05 0.00678929 0.0038946 9.98832E-05 0.011726 0.015006 0.0173168 9.98832E-05 9.98832E-05 9.98832E-05 9.98832E-05 9.98832E-05
9.98744E-05 9.98744E-05 0.831404 0.00461889 0.0108181 9.98744E-05 9.98744E-05 9.98744E-05 9.98744E-05 9.98744E-05 9.98744E-05 9.98744E-05 9.98744E-05 9.98744E-05 0.0525316 9.98744E-05 9.98744E-05 0.0199792 9.98744E-05 0.07925
9.98649E-05 9.98649E-05 0.948317 9.98649E-05 0.0223474 9.98649E-05 9.98649E-05 9.98649E-05 9.98649E-05 9.98649E-05 9.98649E-05 0.00350972 9.98649E-05 9.98649E-05 0.0178832 9.98649E-05 9.98649E-05 0.00644519 9.98649E-05 9.98649E-05
9.98289E-05 9.98289E-05 9.98289E-05 9.98289E-05 9.98289E-05 9.98289E-05 9.98289E-05 9.98289E-05 9.98289E-05 9.98289E-05 9.98289E-05 9.98289E-05 9.98289E-05 9.98289E-05 0.998103 9.98289E-05 9.98289E-05 9.98289E-05 9.98289E-05 9.98289E-05
9.98471E-05 9.98471E-05 9.98471E-05 9.98471E-05 9.98471E-05 9.98471E-05 9.98471E-05 0.0122352 9.98471E-05 9.98471E-05 9.98471E-05 9.98471E-05 9.98471E-05 0.0249562 0.961111 9.98471E-05 9.98471E-05 9.98471E-05 9.98471E-05 9.98471E-05
0.0157722 0.0358127 0.848665 9.98922E-05 9.98922E-05 0.00628585 9.98922E-05 9.98922E-05 0.0286301 9.98922E-05 0.0401866 9.98922E-05 9.98922E-05 9.98922E-05 9.98922E-05 9.98922E-05 0.014482 9.98922E-05 9.98922E-05 0.00896652
0.944176 9.9856E-05 9.9856E-05 9.9856E-05 9.9856E-05 9.9856E-05 9.9856E-05 9.9856E-05 9.9856E-05 9.9856E-05 0.0263582 0.0200179 9.9856E-05 9.9856E-05 9.9856E-05 9.9856E-05 9.9856E-05 0.00785008 9.9856E-05 9.9856E-05
0.98524 9.98381E-05 9.98381E-05 9.98381E-05 9.98381E-05 9.98381E-05 9.98381E-05 9.98381E-05 9.98381E-05 9.98381E-05 0.0129631 9.98381E-05 9.98381E-05 9.98381E-05 9.98381E-05 9.98381E-05 9.98381E-05 9.98381E-05 9.98381E-05 9.98381E-05
9.98384E-05 9.98384E-05 9.98384E-05 9.98384E-05 9.98384E-05 9.98384E-05 9.98384E-05 9.98384E-05 9.98384E-05 9.98384E-05 9.98384E-05 9.98384E-05 9.98384E-05 9.98384E-05 9.98384E-05 0.992527 9.98384E-05 0.00567595 9.98384E-05 9.98384E-05
9.98474E-05 9.98474E-05 9.98474E-05 9.98474E-05 9.98474E-05 0.00896619 9.98474E-05 9.98474E-05 9.98474E-05 9.98474E-05 9.98474E-05 0.00234327 9.98474E-05 9.98474E-05 9.98474E-05 0.986993 9.98474E-05 9.98474E-05 9.98474E-05 9.98474E-05
9.9829E-05 9.9829E-05 9.9829E-05 9.9829E-05 9.9829E-05 9.9829E-05 9.9829E-05 9.9829E-05 9.9829E-05 9.9829E-05 9.9829E-05 9.9829E-05 9.9829E-05 9.9829E-05 9.9829E-05 9.9829E-05 9.9829E-05 9.9829E-05 0.998103 9.9829E-05
9.98292E-05 9.98292E-05 9.98292E-05 9.98292E-05 9.98292E-05 9.98292E-05 9.98292E-05 9.98292E-05 9.98292E-05 9.98292E-05 9.98292E-05 9.98292E-05 9.98292E-05 9.98292E-05 9.98292E-05 9.98292E-05 9.98292E-05 9.98292E-05 0.998103 9.98292E-05
0.0078897 9.98564E-05 9.98564E-05 9.98564E-05 9.98564E-05 9.98564E-05 9.98564E-05 9.98564E-05 9.98564E-05 9.98564E-05 9.98564E-05 9.98564E-05 9.98564E-05 9.98564E-05 0.0166242 0.963591 9.98564E-05 9.98564E-05 0.0102973 9.98564E-05
9.98294E-05 9.98294E-05 9.98294E-05 9.98294E-05 9.98294E-05 9.98294E-05 9.98294E-05 9.98294E-05 9.98294E-05 9.98294E-05 9.98294E-05 9.98294E-05 9.98294E-05 9.98294E-05 9.98294E-05 0.998103 9.98294E-05 9.98294E-05 9.98294E-05 9.98294E-05
0.030491 0.92566 9.98649E-05 9.98649E-05 9.98649E-05 9.98649E-05 9.98649E-05 0.0379298 9.98649E-05 9.98649E-05 0.00352482 9.98649E-05 0.000896214 9.98649E-05 9.98649E-05 9.98649E-05 9.98649E-05 9.98649E-05 9.98649E-05 9.98649E-05
0.0304298 9.98502E-05 9.98502E-05 9.98502E-05 9.98502E-05 9.98502E-05 9.98502E-05 0.0836396 9.98502E-05 9.98502E-05 9.98502E-05 9.98502E-05 0.0347511 0.137625 9.98502E-05 9.98502E-05 9.98502E-05 0.712057 9.98502E-05 9.98502E-05
9.98561E-05 9.98561E-05 9.98561E-05 0.892753 9.98561E-05 0.00852767 9.98561E-05 9.98561E-05 9.98561E-05 9.98561E-05 0.044537 9.98561E-05 9.98561E-05 0.0525845 9.98561E-05 9.98561E-05 9.98561E-05 9.98561E-05 9.98561E-05 9.98561E-05
9.9856E-05 9.9856E-05 9.9856E-05 9.9856E-05 0.826407 9.9856E-05 9.9856E-05 9.9856E-05 9.9856E-05 0.0821497 9.9856E-05 9.9856E-05 9.9856E-05 9.9856E-05 9.9856E-05 9.9856E-05 0.0726798 9.9856E-05 0.0171656 9.9856E-05
9.98292E-05 9.98292E-05 9.98292E-05 9.98292E-05 0.998103 9.98292E-05 9.98292E-05 9.98292E-05 9.98292E-05 9.98292E-05 9.98292E-05 9.98292E-05 9.98292E-05 9.98292E-05 9.98292E-05 9.98292E-05 9.98292E-05 9.98292E-05 9.98292E-05 9.98292E-05
9.98921E-05 9.98921E-05 0.283329 9.98921E-05 9.98921E-05 0.00707857 9.98921E-05 9.98921E-05 9.98921E-05 0.0197171 0.027266 9.98921E-05 0.00945315 9.98921E-05 0.602103 0.0252214 0.0246334 9.98921E-05 9.98921E-05 9.98921E-05
