9.98558E-05 9.98558E-05 9.98558E-05 9.98558E-05 9.98558E-05 0.019583 9.98558E-05 9.98558E-05 9.98558E-05 9.98558E-05 0.915309 9.98558E-05 9.98558E-05 9.98558E-05 9.98558E-05 0.0489952 9.98558E-05 9.98558E-05 9.98558E-05 0.014515
9.98558E-05 0.0198311 9.98558E-05 9.98558E-05 9.98558E-05 0.193011 9.98558E-05 9.98558E-05 9.98558E-05 9.98558E-05 9.98558E-05 9.98558E-05 9.98558E-05 9.98558E-05 9.98558E-05 9.98558E-05 0.134368 0.651192 9.98558E-05 9.98558E-05
0.0526827 9.9875E-05 0.153955 9.9875E-05 0.0799359 9.9875E-05 9.9875E-05 9.9875E-05 9.9875E-05 9.9875E-05 9.9875E-05 9.9875E-05 0.0476345 9.9875E-05 0.000168024 9.9875E-05 0.664225 9.9875E-05 9.9875E-05 9.9875E-05
9.98739E-05 9.98739E-05 9.98739E-05 9.98739E-05 9.98739E-05 9.98739E-05 9.98739E-05 9.98739E-05 0.00785239 9.98739E-05 9.98739E-05 9.98739E-05 0.0219614 0.0863798 0.0152044 9.98739E-05 0.866122 9.98739E-05 0.00108125 9.98739E-05
9.99192E-05 9.99192E-05 0.072634 0.0133608 9.99192E-05 0.0420811 9.99192E-05 9.99192E-05 0.0483836 9.99192E-05 0.011552 9.99192E-05 9.99192E-05 0.0427499 9.99192E-05 0.058271 0.384687 0.0646282 0.216045 0.0447079
9.9865E-05 9.9865E-05 9.9865E-05 0.00284017 9.9865E-05 0.00451498 9.9865E-05 0.0178291 9.9865E-05 9.9865E-05 9.9865E-05 9.9865E-05 9.9865E-05 0.0386176 9.9865E-05 9.9865E-05 0.9347 9.9865E-05 9.9865E-05 9.9865E-05
9.98292E-05 9.98292E-05 9.98292E-05 9.98292E-05 9.98292E-05 9.98292E-05 9.98292E-05 9.98292E-05 9.98292E-05 9.98292E-05 9.98292E-05 9.98292E-05 9.98292E-05 9.98292E-05 9.98292E-05 9.98292E-05 9.98292E-05 9.98292E-05 0.998103 9.98292E-05
9.98829E-05 9.98829E-05 0.505165 9.98829E-05 9.98829E-05 9.98829E-05 9.98829E-05 9.98829E-05 0.0579151 9.98829E-05 9.98829E-05 9.98829E-05 0.0107482 0.132286 9.98829E-05 0.0906211 0.0736273 0.128338 9.98829E-05 9.98829E-05
9.9838E-05 9.9838E-05 9.9838E-05 9.9838E-05 9.9838E-05 9.9838E-05 9.9838E-05 9.9838E-05 9.9838E-05 9.9838E-05 9.9838E-05 9.9838E-05 9.9838E-05 9.9838E-05 9.9838E-05 9.9838E-05 9.9838E-05 0.0874108 0.910792 9.9838E-05
9.98382E-05 9.98382E-05 9.98382E-05 9.98382E-05 9.98382E-05 9.98382E-05 9.98382E-05 9.98382E-05 9.98382E-05 9.98382E-05 9.98382E-05 9.98382E-05 9.98382E-05 9.98382E-05 9.98382E-05 0.889018 9.98382E-05 9.98382E-05 0.109185 9.98382E-05
9.98383E-05 9.98383E-05 9.98383E-05 9.98383E-05 9.98383E-05 9.98383E-05 9.98383E-05 9.98383E-05 9.98383E-05 9.98383E-05 9.98383E-05 9.98383E-05 9.98383E-05 9.98383E-05 9.98383E-05 0.898361 9.98383E-05 9.98383E-05 0.0998415 9.98383E-05
0.104025 0.0201308 0.00964325 0.012394 9.9901E-05 9.9901E-05 9.9901E-05 9.9901E-05 9.9901E-05 0.0183273 0.66139 0.0419186 0.105965 9.9901E-05 0.0251068 9.9901E-05 9.9901E-05 9.9901E-05 9.9901E-05 9.9901E-05
0.946134 9.98475E-05 9.98475E-05 9.98475E-05 9.98475E-05 9.98475E-05 9.98475E-05 9.98475E-05 9.98475E-05 9.98475E-05 9.98475E-05 9.98475E-05 9.98475E-05 0.0195686 9.98475E-05 9.98475E-05 9.98475E-05 9.98475E-05 0.0325997 9.98475E-05
0.0160435 9.9865E-05 9.9865E-05 9.9865E-05 9.9865E-05 9.9865E-05 9.9865E-05 9.9865E-05 9.9865E-05 9.9865E-05 0.00449794 0.0317618 9.9865E-05 9.9865E-05 9.9865E-05 9.9865E-05 0.936546 0.0096528 9.9865E-05 9.9865E-05
9.9865E-05 9.9865E-05 9.9865E-05 9.9865E-05 9.9865E-05 0.00274053 9.9865E-05 9.9865E-05 9.9865E-05 9.9865E-05 0.0137379 0.0124799 9.9865E-05 9.9865E-05 9.9865E-05 9.9865E-05 0.966002 9.9865E-05 9.9865E-05 0.00354144
0.0829955 9.98651E-05 9.98651E-05 0.133484 9.98651E-05 9.98651E-05 9.98651E-05 9.98651E-05 9.98651E-05 0.771532 0.0097089 9.98651E-05 9.98651E-05 9.98651E-05 9.98651E-05 0.000781838 9.98651E-05 9.98651E-05 9.98651E-05 9.98651E-05
9.9865E-05 0.900999 9.9865E-05 9.9865E-05 9.9865E-05 9.9865E-05 0.00706865 9.9865E-05 9.9865E-05 0.00859994 9.9865E-05 9.9865E-05 9.9865E-05 9.9865E-05 9.9865E-05 0.0745669 9.9865E-05 9.9865E-05 9.9865E-05 0.00726771
9.98292E-05 9.98292E-05 9.98292E-05 9.98292E-05 0.998103 9.98292E-05 9.98292E-05 9.98292E-05 9.98292E-05 9.98292E-05 9.98292E-05 9.98292E-05 9.98292E-05 9.98292E-05 9.98292E-05 9.98292E-05 9.98292E-05 9.98292E-05 9.98292E-05 9.98292E-05
9.98383E-05 9.98383E-05 9.98383E-05 9.98383E-05 9.98383E-05 9.98383E-05 0.983099 0.015104 9.98383E-05 9.98383E-05 9.98383E-05 9.98383E-05 9.98383E-05 9.98383E-05 9.98383E-05 9.98383E-05 9.98383E-05 9.98383E-05 9.98383E-05 9.98383E-05
9.98738E-05 0.0265392 9.98738E-05 0.162388 9.98738E-05 9.98738E-05 9.98738E-05 9.98738E-05 9.98738E-05 0.315843 0.0661925 9.98738E-05 0.0225761 9.98738E-05 9.98738E-05 0.405063 9.98738E-05 9.98738E-05 9.98738E-05 9.98738E-05
9.98203E-05 9.98203E-05 9.98203E-05 9.98203E-05 9.98203E-05 9.98203E-05 9.98203E-05 9.98203E-05 9.98203E-05 9.98203E-05 9.98203E-05 0.998103 9.98203E-05 9.98203E-05 9.98203E-05 9.98203E-05 9.98203E-05 9.98203E-05 9.98203E-05 9.98203E-05
0.093904 9.9892E-05 9.9892E-05 0.00711428 0.00176304 0.216475 9.9892E-05 9.9892E-05 9.9892E-05 0.271551 0.364024 9.9892E-05 0.016182 9.9892E-05 9.9892E-05 0.0277884 9.9892E-05 9.9892E-05 9.9892E-05 9.9892E-05
9.9829E-05 9.9829E-05 9.9829E-05 9.9829E-05 9.9829E-05 9.9829E-05 9.9829E-05 9.9829E-05 9.9829E-05 9.9829E-05 9.9829E-05 9.9829E-05 9.9829E-05 9.9829E-05 9.9829E-05 9.9829E-05 9.9829E-05 9.9829E-05 9.9829E-05 0.998103
9.98471E-05 9.98471E-05 9.98471E-05 9.98471E-05 0.0254913 9.98471E-05 0.88297 9.98471E-05 9.98471E-05 9.98471E-05 9.98471E-05 9.98471E-05 9.98471E-05 9.98471E-05 9.98471E-05 9.98471E-05 9.98471E-05 9.98471E-05 9.98471E-05 0.0898416
9.98563E-05 9.98563E-05 0.0329514 9.98563E-05 9.98563E-05 9.98563E-05 9.98563E-05 9.98563E-05 0.00493086 9.98563E-05 9.98563E-05 9.98563E-05 9.98563E-05 9.98563E-05 0.65238 9.98563E-05 0.30814 9.98563E-05 9.98563E-05 9.98563E-05
9.98383E-05 9.98383E-05 9.98383E-05 9.98383E-05 9.98383E-05 9.98383E-05 9.98383E-05 9.98383E-05 9.98383E-05 9.98383E-05 9.98383E-05 9.98383E-05 9.98383E-05 9.98383E-05 0.191589 9.98383E-05 0.806614 9.98383E-05 9.98383E-05 9.98383E-05
0.814891 0.0230283 9.98828E-05 9.98828E-05 9.98828E-05 9.98828E-05 9.98828E-05 9.98828E-05 9.98828E-05 0.0240461 0.0265768 9.98828E-05 0.045306 9.98828E-05 9.98828E-05 0.0544922 9.98828E-05 9.98828E-05 9.98828E-05 0.0103607
9.98381E-05 9.98381E-05 9.98381E-05 9.98381E-05 9.98381E-05 9.98381E-05 9.98381E-05 9.98381E-05 0.00281954 9.98381E-05 9.98381E-05 9.98381E-05 9.98381E-05 9.98381E-05 0.995383 9.98381E-05 9.98381E-05 9.98381E-05 9.98381E-05 9.98381E-05
9.98383E-05 0.00589309 9.98383E-05 9.98383E-05 9.98383E-05 9.98383E-05 9.98383E-05 9.98383E-05 9.98383E-05 9.98383E-05 9.98383E-05 9.98383E-05 9.98383E-05 9.98383E-05 0.99231 9.98383E-05 9.98383E-05 9.98383E-05 9.98383E-05 9.98383E-05
9.98743E-05 9.98743E-05 9.98743E-05 9.98743E-05 9.98743E-05 9.98743E-05 9.98743E-05 0.0176776 0.0847921 9.98743E-05 0.0183126 9.98743E-05 9.98743E-05 0.4656 0.17192 9.98743E-05 0.240299 9.98743E-05 9.98743E-05 9.98743E-05
9.98468E-05 0.000721523 9.98468E-05 9.98468E-05 9.98468E-05 9.98468E-05 9.98468E-05 9.98468E-05 9.98468E-05 9.98468E-05 9.98468E-05 9.98468E-05 9.98468E-05 0.933218 9.98468E-05 9.98468E-05 0.0643636 9.98468E-05 9.98468E-05 9.98468E-05
9.98296E-05 9.98296E-05 9.98296E-05 9.98296E-05 9.98296E-05 9.98296E-05 9.98296E-05 9.98296E-05 9.98296E-05 9.98296E-05 9.98296E-05 9.98296E-05 9.98296E-05 9.98296E-05 9.98296E-05 9.98296E-05 9.98296E-05 0.998103 9.98296E-05 9.98296E-05
9.98652E-05 9.98652E-05 0.145818 9.98652E-05 9.98652E-05 0.00243342 9.98652E-05 9.98652E-05 9.98652E-05 9.98652E-05 9.98652E-05 9.98652E-05 9.98652E-05 0.0401931 0.297371 9.98652E-05 0.512687 9.98652E-05 9.98652E-05 9.98652E-05
9.98654E-05 9.98654E-05 0.165337 9.98654E-05 9.98654E-05 9.98654E-05 9.98654E-05 9.98654E-05 0.722192 9.98654E-05 9.98654E-05 9.98654E-05 9.98654E-05 0.0781022 0.00322398 9.98654E-05 9.98654E-05 0.0296467 9.98654E-05 9.98654E-05
0.495554 0.251158 0.0326689 0.0563525 9.98826E-05 0.0489102 9.98826E-05 9.98826E-05 9.98826E-05 9.98826E-05 9.98826E-05 9.98826E-05 0.0815264 0.0325316 9.98826E-05 9.98826E-05 9.98826E-05 9.98826E-05 9.98826E-05 9.98826E-05
9.98738E-05 0.0176221 0.0357257 0.0110169 9.98738E-05 0.00916734 9.98738E-05 9.98738E-05 9.98738E-05 9.98738E-05 9.98738E-05 9.98738E-05 9.98738E-05 9.98738E-05 0.615996 9.98738E-05 0.309074 9.98738E-05 9.98738E-05 9.98738E-05
9.98561E-05 9.98561E-05 0.00467345 9.98561E-05 9.98561E-05 9.98561E-05 9.98561E-05 9.98561E-05 9.98561E-05 9.98561E-05 0.947926 9.98561E-05 0.00699916 9.98561E-05 9.98561E-05 9.98561E-05 0.038804 9.98561E-05 9.98561E-05 9.98561E-05
9.98918E-05 0.0585825 0.0252463 9.98918E-05 9.98918E-05 0.0885651 9.98918E-05 0.021254 9.98918E-05 9.98918E-05 0.0909161 9.98918E-05 9.98918E-05 9.98918E-05 9.98918E-05 0.505686 9.98918E-05 0.167311 9.98918E-05 0.0412406
9.98293E-05 0.998103 9.98293E-05 9.98293E-05 9.98293E-05 9.98293E-05 9.98293E-05 9.98293E-05 9.98293E-05 9.98293E-05 9.98293E-05 9.98293E-05 9.98293E-05 9.98293E-05 9.98293E-05 9.98293E-05 9.98293E-05 9.98293E-05 9.98293E-05 9.98293E-05
9.98381E-05 9.98381E-05 9.98381E-05 9.98381E-05 9.98381E-05 0.991346 9.98381E-05 9.98381E-05 9.98381E-05 9.98381E-05 9.98381E-05 9.98381E-05 9.98381E-05 9.98381E-05 9.98381E-05 9.98381E-05 0.00685708 9.98381E-05 9.98381E-05 9.98381E-05
9.98291E-05 9.98291E-05 9.98291E-05 9.98291E-05 9.98291E-05 0.998103 9.98291E-05 9.98291E-05 9.98291E-05 9.98291E-05 9.98291E-05 9.98291E-05 9.98291E-05 9.98291E-05 9.98291E-05 9.98291E-05 9.98291E-05 9.98291E-05 9.98291E-05 9.98291E-05
9.9865E-05 0.0208616 9.9865E-05 0.0234758 9.9865E-05 0.0653541 0.0271015 9.9865E-05 9.9865E-05 9.9865E-05 9.9865E-05 9.9865E-05 9.9865E-05 9.9865E-05 9.9865E-05 0.861709 9.9865E-05 9.9865E-05 9.9865E-05 9.9865E-05
0.0153077 9.9883E-05 9.9883E-05 9.9883E-05 9.9883E-05 0.0420318 9.9883E-05 0.0122888 9.9883E-05 0.837063 0.00443053 0.0032843 9.9883E-05 9.9883E-05 9.9883E-05 9.9883E-05 9.9883E-05 9.9883E-05 0.0842949 9.9883E-05
9.9856E-05 0.00376623 9.9856E-05 0.0993377 9.9856E-05 9.9856E-05 9.9856E-05 9.9856E-05 9.9856E-05 9.9856E-05 0.0073203 9.9856E-05 9.9856E-05 9.9856E-05 9.9856E-05 0.887978 9.9856E-05 9.9856E-05 9.9856E-05 9.9856E-05
0.131502 9.99098E-05 9.99098E-05 0.131808 9.99098E-05 0.168319 0.0559802 9.99098E-05 9.99098E-05 0.00780342 0.0060994 9.99098E-05 0.0232348 9.99098E-05 9.99098E-05 0.237391 9.99098E-05 0.0634023 9.99098E-05 0.173461
9.99189E-05 9.99189E-05 0.0147591 0.208778 9.99189E-05 0.123708 9.99189E-05 0.0764785 9.99189E-05 0.115496 0.0218775 9.99189E-05 9.99189E-05 0.0175705 9.99189E-05 0.351458 0.0404026 0.0175204 9.99189E-05 0.0110526
0.0530403 0.187964 9.99189E-05 0.264983 9.99189E-05 0.00101526 9.99189E-05 0.0243084 0.0566518 9.99189E-05 0.197612 9.99189E-05 9.99189E-05 0.0205071 9.99189E-05 0.0893464 0.044198 9.99189E-05 0.059475 9.99189E-05
9.9839E-05 9.9839E-05 9.9839E-05 9.9839E-05 0.0453782 9.9839E-05 9.9839E-05 9.9839E-05 9.9839E-05 9.9839E-05 0.952825 9.9839E-05 9.9839E-05 9.9839E-05 9.9839E-05 9.9839E-05 9.9839E-05 9.9839E-05 9.9839E-05 9.9839E-05
9.98293E-05 9.98293E-05 9.98293E-05 9.98293E-05 9.98293E-05 9.98293E-05 9.98293E-05 9.98293E-05 0.998103 9.98293E-05 9.98293E-05 9.98293E-05 9.98293E-05 9.98293E-05 9.98293E-05 9.98293E-05 9.98293E-05 9.98293E-05 9.98293E-05 9.98293E-05
9.98562E-05 9.98562E-05 9.98562E-05 0.0123308 9.98562E-05 9.98562E-05 9.98562E-05 0.00299582 0.978314 9.98562E-05 9.98562E-05 9.98562E-05 9.98562E-05 9.98562E-05 0.00476168 9.98562E-05 9.98562E-05 9.98562E-05 9.98562E-05 9.98562E-05
9.98383E-05 9.98383E-05 9.98383E-05 9.98383E-05 0.00923972 9.98383E-05 9.98383E-05 9.98383E-05 0.988963 9.98383E-05 9.98383E-05 9.98383E-05 9.98383E-05 9.98383E-05 9.98383E-05 9.98383E-05 9.98383E-05 9.98383E-05 9.98383E-05 9.98383E-05
9.98294E-05 9.98294E-05 9.98294E-05 9.98294E-05 9.98294E-05 9.98294E-05 9.98294E-05 9.98294E-05 0.998103 9.98294E-05 9.98294E-05 9.98294E-05 9.98294E-05 9.98294E-05 9.98294E-05 9.98294E-05 9.98294E-05 9.98294E-05 9.98294E-05 9.98294E-05
9.98383E-05 9.98383E-05 9.98383E-05 9.98383E-05 9.98383E-05 9.98383E-05 9.98383E-05 9.98383E-05 0.964483 9.98383E-05 9.98383E-05 9.98383E-05 9.98383E-05 9.98383E-05 9.98383E-05 9.98383E-05 0.0337195 9.98383E-05 9.98383E-05 9.98383E-05
9.98834E-05 9.98834E-05 0.00854453 9.98834E-05 9.98834E-05 9.98834E-05 9.98834E-05 9.98834E-05 0.32094 0.0685286 0.0201368 9.98834E-05 9.98834E-05 0.497474 9.98834E-05 9.98834E-05 9.98834E-05 9.98834E-05 0.0477478 0.0353294
9.98561E-05 9.98561E-05 9.98561E-05 9.98561E-05 9.98561E-05 0.0129017 9.98561E-05 9.98561E-05 0.907886 0.00580508 9.98561E-05 9.98561E-05 9.98561E-05 9.98561E-05 9.98561E-05 9.98561E-05 9.98561E-05 0.0718099 9.98561E-05 9.98561E-05
9.98468E-05 9.98468E-05 9.98468E-05 0.0464108 9.98468E-05 9.98468E-05 9.98468E-05 9.98468E-05 9.98468E-05 0.163778 0.788114 9.98468E-05 9.98468E-05 9.98468E-05 9.98468E-05 9.98468E-05 9.98468E-05 9.98468E-05 9.98468E-05 9.98468E-05
9.98649E-05 9.98649E-05 9.98649E-05 0.0101517 9.98649E-05 9.98649E-05 9.98649E-05 9.98649E-05 0.0325537 9.98649E-05 9.98649E-05 9.98649E-05 9.98649E-05 9.98649E-05 0.0195357 9.98649E-05 9.98649E-05 0.906518 0.029743 9.98649E-05
9.98469E-05 9.98469E-05 9.98469E-05 9.98469E-05 9.98469E-05 0.0151789 9.98469E-05 9.98469E-05 9.98469E-05 9.98469E-05 9.98469E-05 9.98469E-05 9.98469E-05 9.98469E-05 0.477482 9.98469E-05 0.505641 9.98469E-05 9.98469E-05 9.98469E-05
0.784799 9.9865E-05 9.9865E-05 9.9865E-05 9.9865E-05 0.111006 9.9865E-05 9.9865E-05 9.9865E-05 0.0720798 9.9865E-05 0.0254151 0.00520155 9.9865E-05 9.9865E-05 9.9865E-05 9.9865E-05 9.9865E-05 9.9865E-05 9.9865E-05
0.0223761 9.98473E-05 9.98473E-05 0.127616 9.98473E-05 9.98473E-05 9.98473E-05 9.98473E-05 9.98473E-05 0.84831 9.98473E-05 9.98473E-05 9.98473E-05 9.98473E-05 9.98473E-05 9.98473E-05 9.98473E-05 9.98473E-05 9.98473E-05 9.98473E-05
0.979112 9.98476E-05 0.00941115 9.98476E-05 9.98476E-05 9.98476E-05 9.98476E-05 9.98476E-05 9.98476E-05 9.98476E-05 9.98476E-05 9.98476E-05 9.98476E-05 9.98476E-05 9.98476E-05 9.98476E-05 9.98476E-05 9.98476E-05 0.00977981 9.98476E-05
0.878346 9.9847E-05 9.9847E-05 9.9847E-05 9.9847E-05 0.00440299 9.9847E-05 9.9847E-05 9.9847E-05 9.9847E-05 9.9847E-05 9.9847E-05 9.9847E-05 9.9847E-05 9.9847E-05 0.115554 9.9847E-05 9.9847E-05 9.9847E-05 9.9847E-05
0.832262 0.00202532 9.98828E-05 0.079092 0.0173097 0.0100237 9.98828E-05 9.98828E-05 9.98828E-05 9.98828E-05 9.98828E-05 9.98828E-05 0.0143973 9.98828E-05 9.98828E-05 0.0435914 9.98828E-05 9.98828E-05 9.98828E-05 9.98828E-05
9.98292E-05 9.98292E-05 9.98292E-05 9.98292E-05 9.98292E-05 9.98292E-05 9.98292E-05 0.998103 9.98292E-05 9.98292E-05 9.98292E-05 9.98292E-05 9.98292E-05 9.98292E-05 9.98292E-05 9.98292E-05 9.98292E-05 9.98292E-05 9.98292E-05 9.98292E-05
9.98388E-05 9.98388E-05 9.98388E-05 9.98388E-05 9.98388E-05 9.98388E-05 9.98388E-05 9.98388E-05 9.98388E-05 9.98388E-05 9.98388E-05 9.98388E-05 9.98388E-05 9.98388E-05 0.615815 9.98388E-05 0.382388 9.98388E-05 9.98388E-05 9.98388E-05
0.100782 9.991E-05 9.991E-05 0.0495319 0.0304269 9.991E-05 9.991E-05 0.0624177 9.991E-05 0.114633 9.991E-05 9.991E-05 0.0329176 0.0638639 0.241019 9.991E-05 9.991E-05 0.213606 9.991E-05 0.0898027
0.000364172 9.98654E-05 0.0725152 9.98654E-05 9.98654E-05 9.98654E-05 9.98654E-05 9.98654E-05 9.98654E-05 0.0333765 9.98654E-05 9.98654E-05 9.98654E-05 9.98654E-05 0.0141649 9.98654E-05 0.878081 9.98654E-05 9.98654E-05 9.98654E-05
9.98829E-05 0.0376445 9.98829E-05 9.98829E-05 9.98829E-05 9.98829E-05 9.98829E-05 9.98829E-05 0.0616102 9.98829E-05 0.00797329 9.98829E-05 9.98829E-05 0.0428058 0.109922 9.98829E-05 0.736012 9.98829E-05 0.00273303 9.98829E-05
9.98382E-05 9.98382E-05 9.98382E-05 9.98382E-05 9.98382E-05 9.98382E-05 9.98382E-05 9.98382E-05 9.98382E-05 0.019003 9.98382E-05 9.98382E-05 9.98382E-05 9.98382E-05 0.9792 9.98382E-05 9.98382E-05 9.98382E-05 9.98382E-05 9.98382E-05
9.98385E-05 9.98385E-05 9.98385E-05 9.98385E-05 9.98385E-05 9.98385E-05 9.98385E-05 9.98385E-05 9.98385E-05 9.98385E-05 0.00204982 9.98385E-05 9.98385E-05 9.98385E-05 0.996153 9.98385E-05 9.98385E-05 9.98385E-05 9.98385E-05 9.98385E-05
9.98741E-05 9.98741E-05 0.0645664 9.98741E-05 9.98741E-05 0.0744843 9.98741E-05 9.98741E-05 9.98741E-05 9.98741E-05 9.98741E-05 9.98741E-05 9.98741E-05 0.169247 0.126147 0.0142675 0.549889 9.98741E-05 9.98741E-05 9.98741E-05
9.98559E-05 0.00463452 9.98559E-05 9.98559E-05 9.98559E-05 0.0182718 9.98559E-05 9.98559E-05 9.98559E-05 9.98559E-05 9.98559E-05 9.98559E-05 9.98559E-05 9.98559E-05 0.49296 9.98559E-05 0.482536 9.98559E-05 9.98559E-05 9.98559E-05
9.98471E-05 9.98471E-05 0.977267 9.98471E-05 9.98471E-05 9.98471E-05 9.98471E-05 9.98471E-05 0.0204603 9.98471E-05 9.98471E-05 9.98471E-05 9.98471E-05 9.98471E-05 9.98471E-05 9.98471E-05 0.00057498 9.98471E-05 9.98471E-05 9.98471E-05
0.00822 9.98471E-05 0.976397 9.98471E-05 9.98471E-05 9.98471E-05 9.98471E-05 9.98471E-05 9.98471E-05 9.98471E-05 9.98471E-05 9.98471E-05 9.98471E-05 9.98471E-05 9.98471E-05 9.98471E-05 9.98471E-05 9.98471E-05 0.0136855 9.98471E-05
9.98561E-05 9.98561E-05 9.98561E-05 9.98561E-05 9.98561E-05 9.98561E-05 9.98561E-05 9.98561E-05 9.98561E-05 0.0303542 9.98561E-05 0.00619598 9.98561E-05 9.98561E-05 0.0671387 9.98561E-05 0.894713 9.98561E-05 9.98561E-05 9.98561E-05
9.9865E-05 9.9865E-05 0.00353819 9.9865E-05 9.9865E-05 9.9865E-05 9.9865E-05 9.9865E-05 0.00249546 0.963577 9.9865E-05 9.9865E-05 9.9865E-05 9.9865E-05 9.9865E-05 9.9865E-05 0.00186297 9.9865E-05 9.9865E-05 0.0270285
9.98381E-05 9.98381E-05 9.98381E-05 9.98381E-05 9.98381E-05 9.98381E-05 9.98381E-05 9.98381E-05 0.0113166 0.986886 9.98381E-05 9.98381E-05 9.98381E-05 9.98381E-05 9.98381E-05 9.98381E-05 9.98381E-05 9.98381E-05 9.98381E-05 9.98381E-05
9.98294E-05 9.98294E-05 9.98294E-05 9.98294E-05 9.98294E-05 9.98294E-05 9.98294E-05 9.98294E-05 9.98294E-05 9.98294E-05 9.98294E-05 9.98294E-05 0.998103 9.98294E-05 9.98294E-05 9.98294E-05 9.98294E-05 9.98294E-05 9.98294E-05 9.98294E-05
0.0116285 9.98563E-05 9.98563E-05 9.98563E-05 9.98563E-05 9.98563E-05 9.98563E-05 9.98563E-05 9.98563E-05 9.98563E-05 9.98563E-05 9.98563E-05 0.980044 9.98563E-05 0.00413412 9.98563E-05 0.00259556 9.98563E-05 9.98563E-05 9.98563E-05
0.0316955 9.98919E-05 9.98919E-05 9.98919E-05 0.00120046 0.053877 9.98919E-05 9.98919E-05 0.00814238 0.0541913 9.98919E-05 9.98919E-05 9.98919E-05 9.98919E-05 0.00154653 0.783031 9.98919E-05 0.0651171 9.98919E-05 9.98919E-05
0.0651076 9.98919E-05 9.98919E-05 9.98919E-05 0.000439788 0.0636288 9.98919E-05 9.98919E-05 9.98919E-05 0.0833832 9.98919E-05 0.0155056 9.98919E-05 9.98919E-05 0.00733171 0.747225 9.98919E-05 0.0161802 9.98919E-05 9.98919E-05
9.98564E-05 9.98564E-05 9.98564E-05 9.98564E-05 9.98564E-05 9.98564E-05 9.98564E-05 9.98564E-05 9.98564E-05 0.0045798 9.98564E-05 9.98564E-05 0.962559 9.98564E-05 9.98564E-05 9.98564E-05 9.98564E-05 0.00436671 9.98564E-05 0.0268968
9.98384E-05 9.98384E-05 9.98384E-05 9.98384E-05 9.98384E-05 0.00190697 9.98384E-05 9.98384E-05 9.98384E-05 9.98384E-05 9.98384E-05 9.98384E-05 0.996296 9.98384E-05 9.98384E-05 9.98384E-05 9.98384E-05 9.98384E-05 9.98384E-05 9.98384E-05
0.0351953 9.98559E-05 9.98559E-05 9.98559E-05 9.98559E-05 9.98559E-05 9.98559E-05 9.98559E-05 0.0077403 0.0281083 0.927358 9.98559E-05 9.98559E-05 9.98559E-05 9.98559E-05 9.98559E-05 9.98559E-05 9.98559E-05 9.98559E-05 9.98559E-05
0.0987035 9.98649E-05 9.98649E-05 9.98649E-05 9.98649E-05 0.641536 0.030799 9.98649E-05 9.98649E-05 0.0734307 9.98649E-05 9.98649E-05 9.98649E-05 9.98649E-05 9.98649E-05 9.98649E-05 9.98649E-05 9.98649E-05 0.154033 9.98649E-05
9.98471E-05 9.98471E-05 9.98471E-05 9.98471E-05 9.98471E-05 9.98471E-05 9.98471E-05 9.98471E-05 0.0461007 9.98471E-05 9.98471E-05 9.98471E-05 9.98471E-05 9.98471E-05 9.98471E-05 9.98471E-05 9.98471E-05 0.896834 0.0553682 9.98471E-05
9.98381E-05 9.98381E-05 9.98381E-05 0.9883 9.98381E-05 9.98381E-05 9.98381E-05 9.98381E-05 9.98381E-05 9.98381E-05 9.98381E-05 9.98381E-05 9.98381E-05 9.98381E-05 9.98381E-05 9.98381E-05 9.98381E-05 9.98381E-05 9.98381E-05 0.00990281
0.0208626 9.9865E-05 9.9865E-05 0.867421 9.9865E-05 9.9865E-05 9.9865E-05 9.9865E-05 9.9865E-05 9.9865E-05 0.0404969 0.0451497 0.0245717 9.9865E-05 9.9865E-05 9.9865E-05 9.9865E-05 9.9865E-05 9.9865E-05 9.9865E-05
9.98291E-05 9.98291E-05 9.98291E-05 9.98291E-05 9.98291E-05 9.98291E-05 9.98291E-05 9.98291E-05 9.98291E-05 9.98291E-05 9.98291E-05 9.98291E-05 9.98291E-05 0.998103 9.98291E-05 9.98291E-05 9.98291E-05 9.98291E-05 9.98291E-05 9.98291E-05
