9.996E-05 9.996E-05 9.996E-05 9.996E-05 9.996E-05 0.9995
9.9973E-05 9.9973E-05 0.342265 0.233563 9.9973E-05 0.423872
0.00832635 0.0677368 0.760946 0.0464007 0.11649 9.99911E-05
9.9964E-05 0.0578806 0.94172 9.9964E-05 9.9964E-05 9.9964E-05
9.99731E-05 9.99731E-05 0.463436 0.221995 9.99731E-05 0.314269
9.9973E-05 0.0186842 0.979442 9.9973E-05 9.9973E-05 0.00157414
9.99731E-05 9.99731E-05 0.0148123 0.386893 0.597995 9.99731E-05
9.9982E-05 0.02898 0.400609 0.473359 9.9982E-05 0.0968525
9.99731E-05 9.99731E-05 9.99731E-05 0.419856 0.459338 0.120506
9.99731E-05 0.100452 9.99731E-05 0.120629 9.99731E-05 0.778619
9.9982E-05 0.0713212 9.9982E-05 0.0779535 0.0409456 0.80958
9.9982E-05 0.111402 0.0413721 9.9982E-05 0.19539 0.651637
9.996E-05 9.996E-05 9.996E-05 9.996E-05 0.9995 9.996E-05
0.031216 0.0263437 0.941259 9.9982E-05 9.9982E-05 0.000981625
0.00466913 9.9973E-05 0.963436 9.9973E-05 9.9973E-05 0.0315954
9.9982E-05 9.9982E-05 0.0113097 0.0655652 0.359987 0.562938
0.0729461 0.351976 9.9982E-05 9.9982E-05 0.19093 0.383947
0.707457 9.9973E-05 9.9973E-05 0.0766456 9.9973E-05 0.215597
0.915164 0.0844363 9.9964E-05 9.9964E-05 9.9964E-05 9.9964E-05
9.9982E-05 0.117266 9.9982E-05 0.00345203 0.0557036 0.823379
0.9995 9.996E-05 9.996E-05 9.996E-05 9.996E-05 9.996E-05
9.9964E-05 9.9964E-05 9.9964E-05 9.9964E-05 0.112065 0.887535
0.396743 0.40062 9.9982E-05 0.0562944 9.9982E-05 0.146143
0.903119 0.096481 9.9964E-05 9.9964E-05 9.9964E-05 9.9964E-05
9.9964E-05 9.9964E-05 0.977695 0.0219056 9.9964E-05 9.9964E-05
9.996E-05 9.996E-05 0.9995 9.996E-05 9.996E-05 9.996E-05
9.99729E-05 0.0662458 9.99729E-05 9.99729E-05 0.743197 0.190257
9.9964E-05 9.9964E-05 0.940337 0.0592629 9.9964E-05 9.9964E-05
9.9973E-05 9.9973E-05 0.926612 0.065925 0.00716351 9.9973E-05
0.0212505 0.000472372 0.673701 0.28411 0.0203661 9.9991E-05
9.9973E-05 0.0767915 0.628201 0.294707 9.9973E-05 9.9973E-05
9.99731E-05 9.99731E-05 0.14069 0.533397 9.99731E-05 0.325613
9.996E-05 9.996E-05 0.9995 9.996E-05 9.996E-05 9.996E-05
9.99641E-05 9.99641E-05 0.0808579 0.918742 9.99641E-05 9.99641E-05
9.99819E-05 0.224069 0.0640974 9.99819E-05 0.536577 0.175057
9.9973E-05 9.9973E-05 0.972788 9.9973E-05 0.02338 0.00353211
9.99642E-05 9.99642E-05 0.0442148 9.99642E-05 9.99642E-05 0.955385
0.0287468 9.9982E-05 0.0417363 0.136748 9.9982E-05 0.792569
0.0447436 0.38759 0.116672 9.9991E-05 0.186176 0.264718
0.00793889 0.0195953 0.122748 9.9982E-05 9.9982E-05 0.849518
9.9973E-05 0.0155132 0.0549727 9.9973E-05 9.9973E-05 0.929214
0.0337555 0.0412669 9.9982E-05 9.9982E-05 0.00299411 0.921784
9.9973E-05 9.9973E-05 9.9973E-05 0.051197 0.294083 0.65442
0.0143014 0.112513 9.9991E-05 0.0412728 0.0513438 0.780469
0.113417 0.178041 9.9991E-05 0.0252643 0.161267 0.521911
0.0351535 0.0519222 0.053651 0.0394925 0.00113559 0.818645
9.9991E-05 0.111402 0.107887 0.0349163 0.191456 0.554238
0.0241867 9.99644E-05 9.99644E-05 9.99644E-05 9.99644E-05 0.975413
9.996E-05 9.996E-05 9.996E-05 0.9995 9.996E-05 9.996E-05
9.996E-05 9.996E-05 9.996E-05 0.9995 9.996E-05 9.996E-05
9.996E-05 9.996E-05 9.996E-05 0.9995 9.996E-05 9.996E-05
9.996E-05 9.996E-05 9.996E-05 0.9995 9.996E-05 9.996E-05
9.996E-05 9.996E-05 9.996E-05 0.9995 9.996E-05 9.996E-05
0.0452162 9.9991E-05 0.215069 0.628943 0.0331751 0.0774967
9.99639E-05 0.00336933 9.99639E-05 0.996231 9.99639E-05 9.99639E-05
9.9964E-05 9.9964E-05 9.9964E-05 9.9964E-05 0.0363918 0.963208
9.9973E-05 9.9973E-05 0.130906 0.539631 9.9973E-05 0.329164
9.996E-05 9.996E-05 0.9995 9.996E-05 9.996E-05 9.996E-05
9.9982E-05 0.0550878 9.9982E-05 0.00543658 0.909315 0.0299611
9.9982E-05 9.9982E-05 0.0458074 0.0331298 0.340421 0.580441
9.996E-05 9.996E-05 9.996E-05 9.996E-05 0.9995 9.996E-05
9.99639E-05 9.99639E-05 9.99639E-05 9.99639E-05 0.893644 0.105956
0.0155922 0.105812 9.99819E-05 9.99819E-05 0.857502 0.0208935
0.930659 9.99731E-05 9.99731E-05 0.000850643 9.99731E-05 0.0681907
9.996E-05 9.996E-05 0.9995 9.996E-05 9.996E-05 9.996E-05
0.0111461 0.128654 0.133451 0.276461 0.20684 0.243448
9.99731E-05 9.99731E-05 0.961447 0.0195753 0.0186783 9.99731E-05
9.9973E-05 9.9973E-05 0.969044 0.00698314 9.9973E-05 0.0236733
9.9964E-05 9.9964E-05 0.908508 0.0910922 9.9964E-05 9.9964E-05
0.00973589 9.9973E-05 0.944041 0.0459228 9.9973E-05 9.9973E-05
9.9973E-05 0.0117414 0.920191 9.9973E-05 9.9973E-05 0.067768
9.996E-05 9.996E-05 0.9995 9.996E-05 9.996E-05 9.996E-05
9.99642E-05 9.99642E-05 0.514298 0.485302 9.99642E-05 9.99642E-05
9.99732E-05 9.99732E-05 0.515214 0.329948 0.154539 9.99732E-05
9.9982E-05 0.00886869 0.951236 0.000550201 9.9982E-05 0.0391452
9.9991E-05 0.0442278 0.0527121 0.115565 0.129225 0.658171
9.9991E-05 0.0286473 0.0566919 0.134683 0.160522 0.619356
9.996E-05 0.9995 9.996E-05 9.996E-05 9.996E-05 9.996E-05
9.996E-05 0.9995 9.996E-05 9.996E-05 9.996E-05 9.996E-05
9.9982E-05 0.0525909 9.9982E-05 0.065455 0.0198178 0.861936
0.0180811 0.0223118 9.9991E-05 0.0909683 0.0456576 0.822881
9.996E-05 0.9995 9.996E-05 9.996E-05 9.996E-05 9.996E-05
9.996E-05 0.9995 9.996E-05 9.996E-05 9.996E-05 9.996E-05
9.99641E-05 9.99641E-05 9.99641E-05 9.99641E-05 0.0636422 0.935958
0.0546103 9.9991E-05 0.00469827 0.0281454 0.306372 0.606074
9.9982E-05 9.9982E-05 0.0661744 0.627104 0.000849195 0.305672
0.119306 0.293646 0.0390164 9.9991E-05 0.311859 0.236072
0.0832431 0.32426 9.9982E-05 9.9982E-05 0.492255 0.100042
0.048089 0.0444338 0.57919 0.328087 9.99821E-05 9.99821E-05
