9.9982E-05 0.0257215 9.9982E-05 0.974079
0.311345 0.29684 9.9991E-05 0.391715
0.841494 0.0144161 0.0774527 0.0666369
0.9997 9.998E-05 9.998E-05 9.998E-05
0.466292 0.258948 9.9991E-05 0.27466
0.9997 9.998E-05 9.998E-05 9.998E-05
0.0225556 0.414222 9.99911E-05 0.563122
0.421803 0.450927 9.9991E-05 0.127169
0.00039637 0.452848 9.9991E-05 0.546655
9.9982E-05 0.150439 9.9982E-05 0.849361
9.9982E-05 0.141024 9.9982E-05 0.858776
0.0676843 9.9982E-05 9.9982E-05 0.932116
0.0583874 9.99821E-05 9.99821E-05 0.941413
0.97214 9.9982E-05 0.0276596 9.9982E-05
0.981066 9.9991E-05 0.0147035 0.00413016
9.9982E-05 0.0590227 9.9982E-05 0.940777
0.0628743 9.9991E-05 0.182575 0.754451
9.9991E-05 0.108004 0.737218 0.154678
9.998E-05 9.998E-05 0.9997 9.998E-05
9.9982E-05 0.0225333 9.9982E-05 0.977267
9.998E-05 9.998E-05 0.9997 9.998E-05
9.9982E-05 0.000146466 9.9982E-05 0.999654
0.0626448 0.0817113 0.574991 0.280653
9.998E-05 9.998E-05 0.9997 9.998E-05
0.9997 9.998E-05 9.998E-05 9.998E-05
0.994119 0.00568128 9.9982E-05 9.9982E-05
9.998E-05 9.998E-05 9.998E-05 0.9997
0.950104 0.049696 9.9982E-05 9.9982E-05
0.945289 0.0545112 9.9982E-05 9.9982E-05
0.677329 0.264603 0.0526608 0.00540725
0.682678 0.286711 0.0305109 9.9991E-05
0.0794553 0.604693 9.99911E-05 0.315752
0.9997 9.998E-05 9.998E-05 9.998E-05
0.100556 0.899244 9.9982E-05 9.9982E-05
0.119223 9.9982E-05 9.9982E-05 0.880577
0.9997 9.998E-05 9.998E-05 9.998E-05
0.0940793 9.99821E-05 9.99821E-05 0.905721
0.0109189 0.2185 0.011512 0.759069
0.205982 9.9991E-05 0.166617 0.627301
0.112543 9.9982E-05 9.9982E-05 0.887257
0.0802919 0.023268 0.00425027 0.89219
9.9991E-05 0.0264811 0.0196372 0.953782
9.9982E-05 0.0672749 9.9982E-05 0.932525
9.9982E-05 0.0714739 9.9982E-05 0.928326
9.9991E-05 0.0406798 0.163248 0.795972
0.0654005 0.0721993 0.0449229 0.817477
0.133973 0.0725466 0.00443507 0.789045
9.99911E-05 0.00378741 0.0116073 0.984505
9.998E-05 0.9997 9.998E-05 9.998E-05
9.998E-05 0.9997 9.998E-05 9.998E-05
9.998E-05 0.9997 9.998E-05 9.998E-05
9.998E-05 0.9997 9.998E-05 9.998E-05
9.998E-05 0.9997 9.998E-05 9.998E-05
0.230825 0.642004 0.0355503 0.0916206
9.998E-05 0.9997 9.998E-05 9.998E-05
9.998E-05 9.998E-05 9.998E-05 0.9997
0.0984913 0.564874 9.9991E-05 0.336535
0.9997 9.998E-05 9.998E-05 9.998E-05
0.00557833 9.99821E-05 9.99821E-05 0.994222
0.0892068 9.9982E-05 9.9982E-05 0.910593
9.998E-05 9.998E-05 9.998E-05 0.9997
9.998E-05 9.998E-05 9.998E-05 0.9997
9.9982E-05 9.9982E-05 0.00421834 0.995582
9.9991E-05 0.0654701 0.901383 0.0330471
0.9997 9.998E-05 9.998E-05 9.998E-05
0.214284 0.328146 0.0542504 0.40332
0.9997 9.998E-05 9.998E-05 9.998E-05
0.976982 0.0228182 9.9982E-05 9.9982E-05
0.944527 0.0552728 9.9982E-05 9.9982E-05
0.908462 0.0913377 9.9982E-05 9.9982E-05
0.922597 0.00548878 9.9991E-05 0.0718147
0.984062 0.00755065 0.000554382 0.00783258
0.473173 0.526627 9.99821E-05 9.99821E-05
0.522551 0.432829 0.00446206 0.0401582
0.990039 0.00976123 9.9982E-05 9.9982E-05
0.0379157 0.161918 9.9991E-05 0.800067
0.00777514 0.172102 9.9991E-05 0.820023
0.153328 9.9991E-05 0.269912 0.57666
0.149589 9.9991E-05 0.275227 0.575084
9.99819E-05 0.117798 9.99819E-05 0.882002
9.99819E-05 0.101869 9.99819E-05 0.897931
0.11712 0.0561668 0.237566 0.589147
0.14755 9.9991E-05 0.263348 0.589003
9.9982E-05 0.0262209 9.9982E-05 0.973579
9.9991E-05 0.050192 0.0441714 0.905537
0.0757841 0.62819 9.9991E-05 0.295925
0.0966827 9.9991E-05 0.205637 0.69758
0.0349493 9.9991E-05 0.169987 0.794964
0.582056 0.350186 0.0676578 9.9991E-05
