9.999E-05 0.9998 9.999E-05
9.999E-05 0.453255 0.546645
0.0653579 0.0589833 0.875659
9.999E-05 9.999E-05 0.9998
9.9991E-05 0.290693 0.709207
9.999E-05 9.999E-05 0.9998
9.999E-05 0.615846 0.384054
9.999E-05 0.178054 0.821846
9.9991E-05 0.632831 0.367069
9.9991E-05 0.93852 0.0613803
9.9991E-05 0.950934 0.0489658
9.9991E-05 0.959266 0.0406343
9.99911E-05 0.960189 0.0397111
0.0190532 9.9991E-05 0.980847
0.0108474 9.9991E-05 0.989053
9.9991E-05 0.942296 0.0576041
0.195621 0.763531 0.0408484
0.744094 0.21933 0.0365759
0.9998 9.999E-05 9.999E-05
9.999E-05 0.9998 9.999E-05
0.9998 9.999E-05 9.999E-05
9.999E-05 0.9998 9.999E-05
0.549928 0.349516 0.100556
0.9998 9.999E-05 9.999E-05
9.999E-05 9.999E-05 0.9998
9.999E-05 9.999E-05 0.9998
9.999E-05 0.9998 9.999E-05
9.999E-05 9.999E-05 0.9998
9.999E-05 9.999E-05 0.9998
0.0226844 0.0234978 0.953818
0.048987 0.0171117 0.933901
9.9991E-05 0.39589 0.60401
9.999E-05 9.999E-05 0.9998
9.9991E-05 0.195385 0.804515
9.9991E-05 0.914588 0.0853116
9.9991E-05 0.00883462 0.991065
9.9991E-05 0.960625 0.0392749
0.0120402 0.816847 0.171112
0.180748 0.639714 0.179537
9.9991E-05 0.878938 0.120962
9.9991E-05 0.915511 0.0843888
0.0173595 0.98254 9.9991E-05
9.9991E-05 0.972156 0.0277436
0.0142381 0.985662 9.9991E-05
0.184213 0.815687 9.9991E-05
0.0508443 0.843217 0.105938
9.9991E-05 0.853589 0.146311
0.00702639 0.992874 9.99911E-05
0.0401449 0.117148 0.842707
0.0434493 0.13708 0.819471
0.0253358 0.154708 0.819956
0.0247199 0.123258 0.852022
0.0181251 0.107408 0.874466
0.0635907 0.166985 0.769425
0.00234024 0.202949 0.794711
9.999E-05 0.9998 9.999E-05
9.9991E-05 0.44479 0.55511
9.999E-05 9.999E-05 0.9998
9.999E-05 0.9998 9.999E-05
9.9991E-05 0.935513 0.0643873
9.999E-05 0.9998 9.999E-05
9.999E-05 0.9998 9.999E-05
9.999E-05 0.9998 9.999E-05
0.909606 0.0877151 0.00267889
9.999E-05 9.999E-05 0.9998
0.104802 0.517001 0.378197
9.999E-05 9.999E-05 0.9998
9.999E-05 9.999E-05 0.9998
9.999E-05 9.999E-05 0.9998
9.999E-05 9.999E-05 0.9998
9.9991E-05 0.0189568 0.980943
9.999E-05 9.999E-05 0.9998
9.99911E-05 0.0706576 0.929242
0.0205771 0.102887 0.876536
9.999E-05 9.999E-05 0.9998
9.9991E-05 0.850697 0.149203
9.9991E-05 0.862428 0.137472
0.2983 0.601065 0.100635
0.288706 0.582534 0.12876
9.9991E-05 0.944667 0.0552327
9.9991E-05 0.965441 0.0344589
0.257137 0.609228 0.133635
0.304164 0.565149 0.130687
9.999E-05 0.9998 9.999E-05
0.00723305 0.956957 0.0358104
9.9991E-05 0.456952 0.542948
0.21603 0.681287 0.102682
0.167782 0.832118 9.9991E-05
0.0765046 0.0107182 0.912777
