9.99639E-05 0.944081 9.99639E-05 0.050495 9.99639E-05 0.00502382 9.99639E-05
9.9973E-05 0.235849 0.303274 0.225239 9.9973E-05 9.9973E-05 0.235338
0.0922024 9.99822E-05 0.819465 9.99822E-05 0.0263112 0.0441335 0.0176884
9.9955E-05 9.9955E-05 0.950781 9.9955E-05 9.9955E-05 0.0487189 9.9955E-05
9.99731E-05 0.0757688 0.461087 0.211378 9.99731E-05 9.99731E-05 0.251466
9.9964E-05 9.9964E-05 0.976521 0.00670877 9.9964E-05 0.0163709 9.9964E-05
0.487928 9.99731E-05 0.00325594 0.153122 9.99731E-05 9.99731E-05 0.355394
9.99641E-05 9.99641E-05 0.42147 0.12726 9.99641E-05 9.99641E-05 0.450869
0.329245 9.99731E-05 0.00185321 0.293639 9.99731E-05 9.99731E-05 0.374963
9.995E-05 9.995E-05 9.995E-05 0.9994 9.995E-05 9.995E-05 9.995E-05
9.995E-05 9.995E-05 9.995E-05 0.9994 9.995E-05 9.995E-05 9.995E-05
0.160973 0.698867 9.9964E-05 9.9964E-05 9.9964E-05 0.13976 9.9964E-05
0.9994 9.995E-05 9.995E-05 9.995E-05 9.995E-05 9.995E-05 9.995E-05
9.9964E-05 0.00454506 0.966477 9.9964E-05 0.028578 9.9964E-05 9.9964E-05
9.9964E-05 0.0392276 0.952733 9.9964E-05 0.00763961 9.9964E-05 9.9964E-05
0.384756 0.154636 0.00848174 0.41934 9.9982E-05 9.9982E-05 0.0325866
0.162876 9.9973E-05 9.9973E-05 0.397374 0.071237 0.368213 9.9973E-05
9.9973E-05 0.103095 9.9973E-05 0.120201 0.7069 9.9973E-05 0.0695043
9.9955E-05 9.9955E-05 9.9955E-05 9.9955E-05 0.925823 0.0736775 9.9955E-05
0.0621843 0.137035 9.9973E-05 0.709812 9.9973E-05 0.0906684 9.9973E-05
9.995E-05 9.995E-05 9.995E-05 9.995E-05 0.9994 9.995E-05 9.995E-05
0.0901885 0.604442 9.9973E-05 0.288989 9.9973E-05 0.0160803 9.9973E-05
9.9973E-05 9.9973E-05 0.00902459 0.241198 0.442932 0.306545 9.9973E-05
9.9964E-05 9.9964E-05 9.9964E-05 0.000215759 0.908651 0.0907334 9.9964E-05
9.99551E-05 9.99551E-05 0.994003 9.99551E-05 9.99551E-05 9.99551E-05 0.00549753
9.995E-05 9.995E-05 0.9994 9.995E-05 9.995E-05 9.995E-05 9.995E-05
0.768367 0.0711039 9.99729E-05 0.0810004 9.99729E-05 0.0792292 9.99729E-05
9.99549E-05 9.99549E-05 0.92031 9.99549E-05 9.99549E-05 9.99549E-05 0.0791906
0.00472493 9.9964E-05 0.912335 9.9964E-05 9.9964E-05 9.9964E-05 0.0825407
9.99731E-05 9.99731E-05 0.699528 9.99731E-05 0.0196984 0.01954 0.260934
9.9964E-05 9.9964E-05 0.627942 9.9964E-05 9.9964E-05 0.0383366 0.333322
9.99731E-05 0.272876 0.094483 0.0762363 9.99731E-05 9.99731E-05 0.556104
9.99551E-05 9.99551E-05 0.990492 9.99551E-05 9.99551E-05 0.00900792 9.99551E-05
0.0174155 9.99641E-05 0.0588262 9.99641E-05 9.99641E-05 9.99641E-05 0.923359
0.544211 0.0951839 0.0495065 0.0884976 9.99819E-05 0.222401 9.99819E-05
0.0286458 0.0220989 0.948229 0.000726104 9.99729E-05 9.99729E-05 9.99729E-05
9.9955E-05 0.988122 0.011378 9.9955E-05 9.9955E-05 9.9955E-05 9.9955E-05
9.9982E-05 0.0962674 0.0764318 0.717235 0.039503 9.9982E-05 0.0703624
0.166726 0.0131883 0.140053 0.220167 0.0430995 0.416667 9.9991E-05
9.99729E-05 0.333635 0.088188 0.548693 9.99729E-05 0.0291844 9.99729E-05
9.9982E-05 0.344844 0.038956 0.581798 0.00221195 0.0319903 9.9982E-05
9.9964E-05 0.0149033 9.9964E-05 0.97155 0.0131467 9.9964E-05 9.9964E-05
0.285729 0.156517 9.9973E-05 0.541026 9.9973E-05 9.9973E-05 0.0164281
0.0223396 9.9964E-05 9.9964E-05 0.929509 9.9964E-05 0.0477516 9.9964E-05
0.186212 0.0405832 9.9982E-05 0.540684 0.123586 0.108735 9.9982E-05
0.0444223 0.122223 0.0650269 0.675294 0.0455085 0.0474258 9.9991E-05
0.237233 0.226385 0.0539597 0.245166 9.9991E-05 0.154843 0.0823133
9.99553E-05 0.981816 9.99553E-05 9.99553E-05 0.0176841 9.99553E-05 9.99553E-05
9.995E-05 9.995E-05 9.995E-05 9.995E-05 9.995E-05 9.995E-05 0.9994
9.995E-05 9.995E-05 9.995E-05 9.995E-05 9.995E-05 9.995E-05 0.9994
9.99549E-05 9.99549E-05 9.99549E-05 9.99549E-05 9.99549E-05 0.006411 0.993089
9.995E-05 9.995E-05 9.995E-05 9.995E-05 9.995E-05 9.995E-05 0.9994
9.995E-05 9.995E-05 9.995E-05 9.995E-05 9.995E-05 9.995E-05 0.9994
0.032611 9.99821E-05 0.197397 0.121456 0.0172666 9.99821E-05 0.63107
9.99549E-05 0.0155368 9.99549E-05 9.99549E-05 9.99549E-05 9.99549E-05 0.983963
0.0927496 0.894896 9.99639E-05 0.011955 9.99639E-05 9.99639E-05 9.99639E-05
0.0157909 0.257617 0.112001 0.0763078 9.9982E-05 9.9982E-05 0.538084
9.995E-05 9.995E-05 0.9994 9.995E-05 9.995E-05 9.995E-05 9.995E-05
0.850472 0.087191 9.9973E-05 9.9973E-05 9.9973E-05 0.049336 0.0127007
0.361492 0.19602 0.0535579 0.388631 9.9973E-05 9.9973E-05 9.9973E-05
0.9994 9.995E-05 9.995E-05 9.995E-05 9.995E-05 9.995E-05 9.995E-05
0.879538 0.0228617 9.99639E-05 0.0972006 9.99639E-05 9.99639E-05 9.99639E-05
0.809281 9.99729E-05 9.99729E-05 0.0874075 0.00576575 0.0972454 9.99729E-05
9.99551E-05 0.104609 9.99551E-05 9.99551E-05 0.894891 9.99551E-05 9.99551E-05
9.99552E-05 9.99552E-05 0.993977 9.99552E-05 9.99552E-05 0.00552335 9.99552E-05
0.142528 9.999E-05 0.269087 0.235189 0.0715788 0.0656955 0.215822
0.033404 9.99551E-05 0.966096 9.99551E-05 9.99551E-05 9.99551E-05 9.99551E-05
9.9964E-05 0.0180979 0.970368 9.9964E-05 9.9964E-05 9.9964E-05 0.0111343
9.9964E-05 0.0140416 0.884044 9.9964E-05 9.9964E-05 9.9964E-05 0.101515
9.9973E-05 0.0149436 0.924657 9.9973E-05 0.00821772 9.9973E-05 0.0518814
9.9982E-05 0.0303747 0.918238 0.0303154 9.9982E-05 0.00447914 0.0163932
9.9955E-05 9.9955E-05 0.987317 0.0121827 9.9955E-05 9.9955E-05 9.9955E-05
0.00653649 9.99643E-05 0.506098 9.99643E-05 9.99643E-05 9.99643E-05 0.486965
0.207734 9.99642E-05 0.444839 9.99642E-05 9.99642E-05 9.99642E-05 0.347027
9.9982E-05 9.9982E-05 0.927659 0.00142495 0.0120298 0.0208893 0.0377971
0.132608 0.112601 0.0957337 0.635467 9.9991E-05 0.00195023 0.0215408
0.156259 0.125723 0.0672981 0.586786 9.9991E-05 0.00940741 0.054427
9.995E-05 9.995E-05 9.995E-05 9.995E-05 9.995E-05 0.9994 9.995E-05
9.995E-05 9.995E-05 9.995E-05 9.995E-05 9.995E-05 0.9994 9.995E-05
9.9964E-05 0.0300986 9.9964E-05 0.966479 9.9964E-05 9.9964E-05 0.00302259
0.0201604 0.0587651 9.9973E-05 0.916907 9.9973E-05 9.9973E-05 0.00386723
9.9955E-05 9.9955E-05 9.9955E-05 9.9955E-05 9.9955E-05 0.975854 0.0236461
9.995E-05 9.995E-05 9.995E-05 9.995E-05 9.995E-05 0.9994 9.995E-05
0.0289018 0.970598 9.99549E-05 9.99549E-05 9.99549E-05 9.99549E-05 9.99549E-05
0.312307 0.11606 0.0216898 0.510508 0.0392363 9.9982E-05 9.9982E-05
9.9973E-05 0.259922 0.100303 0.0977377 9.9973E-05 9.9973E-05 0.541738
0.347203 9.99821E-05 0.0603181 0.193982 0.116312 0.281985 9.99821E-05
0.447299 0.17312 9.99731E-05 9.99731E-05 0.0650551 0.314227 9.99731E-05
9.99731E-05 9.99731E-05 0.585768 9.99731E-05 0.0379777 0.0141915 0.361763
