0.948247 9.9973E-05 9.9973E-05 0.0514535 9.9973E-05
0.37724 0.345626 0.254595 0.0224391 9.9991E-05
0.0138839 0.717562 0.144688 0.0871658 0.0367005
9.9973E-05 0.972921 9.9973E-05 0.0267793 9.9973E-05
0.270967 0.411641 0.317192 9.99821E-05 9.99821E-05
9.9982E-05 0.991817 9.9982E-05 0.00180128 0.00618219
0.602218 0.0290044 0.368577 9.99821E-05 9.99821E-05
0.0659029 0.41376 0.493599 0.0266372 9.9991E-05
0.561868 0.0135187 0.424414 9.99821E-05 9.99821E-05
0.723739 9.9982E-05 0.148956 0.127106 9.9982E-05
0.778527 9.9982E-05 0.114302 0.10697 9.9982E-05
0.808667 0.0497748 9.9982E-05 0.141358 9.9982E-05
0.942725 0.0569755 9.99732E-05 9.99732E-05 9.99732E-05
9.9982E-05 0.969222 9.9982E-05 0.00708863 0.0234897
9.9973E-05 0.978206 9.9973E-05 9.9973E-05 0.0214945
0.890409 9.9982E-05 0.0907263 0.0186644 9.9982E-05
0.498153 9.9982E-05 9.9982E-05 0.423912 0.0777349
0.194274 9.9982E-05 0.0951959 9.9982E-05 0.71033
9.9973E-05 9.9973E-05 9.9973E-05 0.0879021 0.911798
0.817489 9.9982E-05 0.0365077 0.145803 9.9982E-05
9.9973E-05 0.000488953 9.9973E-05 9.9973E-05 0.999211
0.957366 0.00169566 9.9982E-05 0.0407387 9.9982E-05
0.124777 9.9991E-05 0.0547267 0.393866 0.426531
9.9973E-05 9.9973E-05 9.9973E-05 0.0910721 0.908628
9.997E-05 0.9996 9.997E-05 9.997E-05 9.997E-05
9.997E-05 0.9996 9.997E-05 9.997E-05 9.997E-05
0.917096 9.9973E-05 9.9973E-05 0.0826041 9.9973E-05
9.9973E-05 0.934894 0.0648057 9.9973E-05 9.9973E-05
0.000779316 0.881655 0.117366 9.9982E-05 9.9982E-05
9.9991E-05 0.654211 0.317176 0.0265158 0.00199724
9.9982E-05 0.626515 0.294243 0.0790414 9.9982E-05
0.270821 0.081963 0.647016 9.99821E-05 9.99821E-05
9.997E-05 0.9996 9.997E-05 9.997E-05 9.997E-05
9.9982E-05 0.064789 0.926716 0.00829503 9.9982E-05
0.700276 0.0604387 9.9982E-05 0.239085 9.9982E-05
9.997E-05 0.9996 9.997E-05 9.997E-05 9.997E-05
0.913961 0.0815593 9.99821E-05 0.00428004 9.99821E-05
0.721035 0.00949429 0.196792 0.0459899 0.0266883
0.362348 0.161627 9.9991E-05 0.415751 0.0601735
0.811127 0.13174 9.9982E-05 0.0569334 9.9982E-05
0.80409 0.101529 9.99819E-05 0.094182 9.99819E-05
0.847728 9.9991E-05 0.0171355 0.105651 0.0293858
0.917992 0.013708 0.0680999 9.9982E-05 9.9982E-05
0.786532 9.9991E-05 0.0779724 0.135133 0.000262759
0.655114 9.9991E-05 0.0339012 0.190987 0.119897
0.72116 0.0533628 0.0819781 0.10133 0.0421695
0.68926 0.114535 0.0542309 0.141873 9.9991E-05
0.932774 9.99822E-05 0.01153 9.99822E-05 0.0554956
9.997E-05 9.997E-05 0.9996 9.997E-05 9.997E-05
9.997E-05 9.997E-05 0.9996 9.997E-05 9.997E-05
9.997E-05 9.997E-05 0.9996 9.997E-05 9.997E-05
9.997E-05 9.997E-05 0.9996 9.997E-05 9.997E-05
9.997E-05 9.997E-05 0.9996 9.997E-05 9.997E-05
0.101256 0.199967 0.641882 0.0134766 0.0434183
0.00283563 9.9973E-05 0.996864 9.9973E-05 9.9973E-05
0.9996 9.997E-05 9.997E-05 9.997E-05 9.997E-05
0.306795 0.101996 0.591009 9.9982E-05 9.9982E-05
9.997E-05 0.9996 9.997E-05 9.997E-05 9.997E-05
0.931704 9.99731E-05 9.99731E-05 0.0679963 9.99731E-05
0.895563 0.0914838 9.9982E-05 0.0127529 9.9982E-05
0.970866 9.99732E-05 9.99732E-05 9.99732E-05 0.0288343
0.97447 0.0252299 9.9973E-05 9.9973E-05 9.9973E-05
0.920154 9.9982E-05 9.9982E-05 0.0651989 0.0144467
0.0656984 9.99821E-05 0.0415219 9.99821E-05 0.89258
9.997E-05 0.9996 9.997E-05 9.997E-05 9.997E-05
0.4569 0.343368 0.115686 0.0451952 0.0388506
9.997E-05 0.9996 9.997E-05 9.997E-05 9.997E-05
0.03331 0.9323 0.0341903 9.9982E-05 9.9982E-05
9.9973E-05 0.921928 0.0777721 9.9973E-05 9.9973E-05
9.9982E-05 0.937642 0.0370792 9.9982E-05 0.0250793
0.0258422 0.913371 0.0327082 0.0279787 9.9991E-05
9.9982E-05 0.982897 0.00248185 0.0144208 9.9982E-05
9.99732E-05 0.483114 0.516586 9.99732E-05 9.99732E-05
0.10469 0.484244 0.383992 9.99911E-05 0.026974
0.00229612 0.964068 0.0109603 0.0225751 9.9991E-05
0.751462 0.0227105 0.156793 0.0689343 9.9991E-05
0.762516 0.0316177 0.139325 0.0664411 9.9991E-05
9.997E-05 9.997E-05 9.997E-05 0.9996 9.997E-05
9.997E-05 9.997E-05 9.997E-05 0.9996 9.997E-05
0.818312 9.99819E-05 0.106332 0.0751559 9.99819E-05
0.851743 9.9991E-05 0.0873645 0.050615 0.0101776
9.997E-05 9.997E-05 9.997E-05 0.9996 9.997E-05
9.997E-05 9.997E-05 9.997E-05 0.9996 9.997E-05
0.965694 9.99731E-05 0.0340057 9.99731E-05 9.99731E-05
0.895199 0.0278521 0.0115761 9.9991E-05 0.065273
0.302422 0.0574219 0.639956 9.9982E-05 9.9982E-05
0.516969 0.102751 9.9991E-05 0.264303 0.115878
0.600603 0.00411584 9.9991E-05 0.318858 0.076323
9.9991E-05 0.600028 0.317739 0.0291921 0.052941
