9.999E-05 0.9998 9.999E-05
0.546827 0.453073 9.9991E-05
0.907069 0.0384823 0.0544482
0.9998 9.999E-05 9.999E-05
0.707657 0.292243 9.9991E-05
0.9998 9.999E-05 9.999E-05
0.36813 0.63177 9.99911E-05
0.824611 0.175289 9.9991E-05
0.34956 0.65034 9.9991E-05
0.0283988 0.971501 9.9991E-05
0.038085 0.961815 9.9991E-05
0.0305315 0.969369 9.9991E-05
0.0383415 0.961558 9.99911E-05
0.979829 9.9991E-05 0.0200709
0.998102 9.9991E-05 0.00179807
0.0585216 0.941378 9.9991E-05
0.0373054 0.785535 0.17716
0.00775989 0.264593 0.727647
9.999E-05 9.999E-05 0.9998
9.999E-05 0.9998 9.999E-05
9.999E-05 9.999E-05 0.9998
9.999E-05 0.9998 9.999E-05
0.0760569 0.351285 0.572659
9.9991E-05 0.0112669 0.988633
0.9998 9.999E-05 9.999E-05
0.9998 9.999E-05 9.999E-05
9.999E-05 0.9998 9.999E-05
0.9998 9.999E-05 9.999E-05
0.9998 9.999E-05 9.999E-05
0.935717 0.02989 0.0343927
0.967341 9.9991E-05 0.0325592
0.583066 0.416834 9.99911E-05
0.9998 9.999E-05 9.999E-05
0.842337 0.157563 9.9991E-05
0.0633206 0.936579 9.9991E-05
0.994898 0.00500185 9.9991E-05
0.0720916 0.927808 9.9991E-05
0.153319 0.846535 0.000146561
0.184361 0.647811 0.167828
0.110105 0.889795 9.9991E-05
0.0996844 0.885039 0.0152766
9.999E-05 0.9998 9.999E-05
0.0365853 0.963315 9.9991E-05
0.00704381 0.992856 9.9991E-05
9.9991E-05 0.83946 0.16044
0.0986346 0.852652 0.048713
0.177796 0.819148 0.00305592
9.99911E-05 0.96341 0.03649
0.835483 0.130919 0.0335984
0.813382 0.141291 0.045327
0.815836 0.174263 0.00990091
0.824129 0.130755 0.0451158
0.873617 0.0958406 0.0305426
0.729819 0.206007 0.0641738
0.753576 0.2338 0.0126243
9.999E-05 0.9998 9.999E-05
0.565611 0.434289 9.9991E-05
0.9998 9.999E-05 9.999E-05
9.999E-05 0.9998 9.999E-05
0.0511758 0.948724 9.9991E-05
9.999E-05 0.9998 9.999E-05
9.999E-05 0.9998 9.999E-05
9.9991E-05 0.995265 0.00463497
0.0175184 0.0679035 0.914578
0.9998 9.999E-05 9.999E-05
0.466338 0.479262 0.0544008
0.9998 9.999E-05 9.999E-05
0.9998 9.999E-05 9.999E-05
0.9998 9.999E-05 9.999E-05
0.9998 9.999E-05 9.999E-05
0.974241 0.0256591 9.9991E-05
0.9998 9.999E-05 9.999E-05
0.970397 0.0295032 9.99911E-05
0.84717 0.118609 0.0342208
0.9998 9.999E-05 9.999E-05
0.127489 0.872411 9.9991E-05
0.158819 0.841081 9.9991E-05
0.113712 0.626629 0.259659
0.111114 0.618862 0.270024
0.0530528 0.946847 9.9991E-05
0.0447931 0.955107 9.9991E-05
0.11722 0.624655 0.258125
0.147271 0.588622 0.264107
9.999E-05 0.9998 9.999E-05
0.0369368 0.920269 0.0427946
0.592989 0.406911 9.9991E-05
0.064606 0.741365 0.194029
9.9991E-05 0.817583 0.182317
0.898832 0.00614513 0.0950233
