9.99549E-05 9.99549E-05 9.99549E-05 0.00129824 0.991667 9.99549E-05 0.00653486 9.99549E-05
0.0217496 0.250476 0.298373 9.99819E-05 0.220474 9.99819E-05 0.100093 0.108635
0.0176972 0.0424963 0.798285 0.0313695 9.99822E-05 0.10597 9.99822E-05 0.00398164
0.0354026 9.9955E-05 0.960915 9.9955E-05 9.9955E-05 9.9955E-05 0.00318217 9.9955E-05
9.997E-05 0.223253 0.409991 9.997E-05 0.103538 9.997E-05 0.141242 0.121676
9.994E-05 9.994E-05 0.9993 9.994E-05 9.994E-05 9.994E-05 9.994E-05 9.994E-05
9.994E-05 0.9993 9.994E-05 9.994E-05 9.994E-05 9.994E-05 9.994E-05 9.994E-05
0.00764077 0.213966 0.438934 9.9973E-05 9.9973E-05 9.9973E-05 0.0667207 0.272438
9.994E-05 0.9993 9.994E-05 9.994E-05 9.994E-05 9.994E-05 9.994E-05 9.994E-05
9.9946E-05 0.137134 9.9946E-05 9.9946E-05 9.9946E-05 9.9946E-05 0.862266 9.9946E-05
9.9946E-05 0.160373 9.9946E-05 9.9946E-05 9.9946E-05 9.9946E-05 0.839027 9.9946E-05
0.124498 9.9964E-05 0.00933084 9.9964E-05 0.672384 0.193387 9.9964E-05 9.9964E-05
9.9946E-05 0.0500922 9.9946E-05 9.9946E-05 9.9946E-05 0.949308 9.9946E-05 9.9946E-05
0.00118951 9.9973E-05 0.944857 0.0310438 0.0121852 0.0104242 9.9973E-05 9.9973E-05
9.9955E-05 9.9955E-05 0.947733 9.9955E-05 0.0396481 9.9955E-05 0.0121189 9.9955E-05
9.9973E-05 0.123049 0.0194546 9.9973E-05 0.103221 0.322231 0.431744 9.9973E-05
0.257022 9.99641E-05 9.99641E-05 0.0741625 9.99641E-05 0.254417 0.413999 9.99641E-05
9.997E-05 0.0334134 9.997E-05 0.694205 0.0453212 9.997E-05 0.163538 0.0632223
0.111421 9.9946E-05 9.9946E-05 0.887979 9.9946E-05 9.9946E-05 9.9946E-05 9.9946E-05
0.0420851 9.9964E-05 9.9964E-05 9.9964E-05 0.110671 0.0849641 0.76188 9.9964E-05
9.994E-05 9.994E-05 9.994E-05 0.9993 9.994E-05 9.994E-05 9.994E-05 9.994E-05
0.000215917 9.9964E-05 9.9964E-05 9.9964E-05 0.578957 0.131162 0.289265 9.9964E-05
0.317132 9.9973E-05 0.00203444 0.406568 9.9973E-05 9.9973E-05 0.245698 0.028268
0.0898413 9.99549E-05 9.99549E-05 0.875915 9.99549E-05 9.99549E-05 0.0337437 9.99549E-05
9.994E-05 9.994E-05 0.9993 9.994E-05 9.994E-05 9.994E-05 9.994E-05 9.994E-05
9.994E-05 9.994E-05 0.9993 9.994E-05 9.994E-05 9.994E-05 9.994E-05 9.994E-05
0.0350496 9.99639E-05 9.99639E-05 9.99639E-05 0.0518197 0.827928 0.0848025 9.99639E-05
9.9955E-05 0.0271598 0.927792 9.9955E-05 9.9955E-05 9.9955E-05 9.9955E-05 0.044548
9.9964E-05 0.0204365 0.875776 9.9964E-05 9.9964E-05 0.0133051 9.9964E-05 0.0900823
9.99821E-05 0.00719871 0.695266 0.0122774 0.0383806 0.00526038 9.99821E-05 0.241417
0.0555413 0.0531948 0.651275 9.99641E-05 9.99641E-05 9.99641E-05 9.99641E-05 0.239589
9.99641E-05 0.327718 0.108097 9.99641E-05 0.235258 9.99641E-05 9.99641E-05 0.328527
9.994E-05 9.994E-05 0.9993 9.994E-05 9.994E-05 9.994E-05 9.994E-05 9.994E-05
9.99551E-05 0.0526052 0.0902882 9.99551E-05 9.99551E-05 9.99551E-05 9.99551E-05 0.856607
0.155192 9.99729E-05 0.0546224 9.99729E-05 0.0272793 0.65993 0.102676 9.99729E-05
0.00884215 0.00194342 0.968928 9.99639E-05 9.99639E-05 0.0198865 9.99639E-05 9.99639E-05
9.99461E-05 9.99461E-05 0.0175225 9.99461E-05 0.981878 9.99461E-05 9.99461E-05 9.99461E-05
9.9982E-05 0.0521477 0.0403943 0.0192959 0.12656 9.9982E-05 0.691334 0.070068
0.346781 9.9982E-05 0.132278 0.0633637 0.00466227 0.213682 0.239034 9.9982E-05
9.99549E-05 9.99549E-05 0.133735 9.99549E-05 0.225727 9.99549E-05 0.640038 9.99549E-05
0.0126138 9.99639E-05 0.080361 9.99639E-05 0.318473 9.99639E-05 0.588152 9.99639E-05
9.994E-05 9.994E-05 9.994E-05 9.994E-05 9.994E-05 9.994E-05 0.9993 9.994E-05
9.99639E-05 0.257727 9.99639E-05 9.99639E-05 0.189107 0.155445 0.397321 9.99639E-05
0.00154069 9.9955E-05 9.9955E-05 9.9955E-05 9.9955E-05 0.0373902 0.960569 9.9955E-05
0.105623 0.00146616 9.9982E-05 0.118875 0.0315076 0.157435 0.584893 9.9982E-05
0.00998257 9.9982E-05 0.108739 0.0293608 0.102861 0.0469424 0.701914 9.9982E-05
0.100035 9.9982E-05 0.0747307 9.9982E-05 0.216671 0.233385 0.298659 0.0763187
9.99463E-05 9.99463E-05 9.99463E-05 0.020586 0.978814 9.99463E-05 9.99463E-05 9.99463E-05
9.994E-05 9.994E-05 9.994E-05 9.994E-05 9.994E-05 9.994E-05 9.994E-05 0.9993
9.9946E-05 9.9946E-05 9.9946E-05 0.00180766 9.9946E-05 9.9946E-05 9.9946E-05 0.997593
9.994E-05 9.994E-05 9.994E-05 9.994E-05 9.994E-05 9.994E-05 9.994E-05 0.9993
9.994E-05 9.994E-05 9.994E-05 9.994E-05 9.994E-05 9.994E-05 9.994E-05 0.9993
9.994E-05 9.994E-05 9.994E-05 9.994E-05 9.994E-05 9.994E-05 9.994E-05 0.9993
0.00219224 0.102404 0.245964 0.0340632 9.9991E-05 0.00567538 0.0773495 0.532252
9.9946E-05 9.9946E-05 9.9946E-05 9.9946E-05 0.024882 9.9946E-05 9.9946E-05 0.974518
9.99549E-05 0.00824923 9.99549E-05 9.99549E-05 0.907946 0.0833053 9.99549E-05 9.99549E-05
0.00273602 0.364696 0.102151 9.99729E-05 0.18687 9.99729E-05 9.99729E-05 0.343247
9.994E-05 9.994E-05 0.9993 9.994E-05 9.994E-05 9.994E-05 9.994E-05 9.994E-05
0.000825863 0.0328169 9.9973E-05 9.9973E-05 0.0533812 0.911384 9.9973E-05 0.00129195
9.9973E-05 0.119182 0.0550101 9.9973E-05 0.200245 0.312972 0.312292 9.9973E-05
9.99462E-05 0.0446066 9.99462E-05 9.99462E-05 9.99462E-05 0.954794 9.99462E-05 9.99462E-05
9.99549E-05 9.99549E-05 9.99549E-05 9.99549E-05 0.000339684 0.897121 0.102039 9.99549E-05
0.035563 9.99639E-05 9.99639E-05 0.00297097 9.99639E-05 0.864336 0.0967303 9.99639E-05
9.99551E-05 9.99551E-05 9.99551E-05 0.891567 0.0775817 9.99551E-05 0.0303513 9.99551E-05
9.99462E-05 0.000694339 0.998706 9.99462E-05 9.99462E-05 9.99462E-05 9.99462E-05 9.99462E-05
0.126537 0.127195 0.312477 0.00329263 0.113808 0.235812 9.999E-05 0.0807793
9.99552E-05 0.0301802 0.941861 9.99552E-05 9.99552E-05 0.0274594 9.99552E-05 9.99552E-05
9.9955E-05 9.9955E-05 0.949346 9.9955E-05 0.0254388 9.9955E-05 9.9955E-05 0.0247155
9.9955E-05 0.0464885 0.885076 9.9955E-05 9.9955E-05 9.9955E-05 9.9955E-05 0.067936
9.9964E-05 0.0364141 0.897536 9.9964E-05 0.0300189 9.9964E-05 9.9964E-05 0.0356311
0.0192958 0.00695878 0.917466 9.9973E-05 0.0172656 9.9973E-05 0.0387139 9.9973E-05
0.00300413 9.9955E-05 0.992141 9.9955E-05 9.9955E-05 0.00435552 9.9955E-05 9.9955E-05
9.99552E-05 0.208865 0.493982 9.99552E-05 9.99552E-05 9.99552E-05 9.99552E-05 0.296653
9.99552E-05 0.370203 0.502531 9.99552E-05 9.99552E-05 9.99552E-05 9.99552E-05 0.126767
9.99551E-05 9.99551E-05 0.930671 9.99551E-05 9.99551E-05 9.99551E-05 0.0457992 0.0230305
0.0557797 0.246266 0.0607737 9.99819E-05 0.173699 0.0459558 0.417327 9.99819E-05
0.0492198 0.291855 0.0301878 9.99819E-05 0.133578 0.0706906 0.424268 9.99819E-05
0.9993 9.994E-05 9.994E-05 9.994E-05 9.994E-05 9.994E-05 9.994E-05 9.994E-05
0.9993 9.994E-05 9.994E-05 9.994E-05 9.994E-05 9.994E-05 9.994E-05 9.994E-05
9.9955E-05 9.9955E-05 0.0223737 9.9955E-05 0.0297995 9.9955E-05 0.947327 9.9955E-05
9.9955E-05 0.0528407 9.9955E-05 9.9955E-05 9.9955E-05 0.0114538 0.935206 9.9955E-05
0.995924 0.00347605 9.9946E-05 9.9946E-05 9.9946E-05 9.9946E-05 9.9946E-05 9.9946E-05
0.9993 9.994E-05 9.994E-05 9.994E-05 9.994E-05 9.994E-05 9.994E-05 9.994E-05
9.995E-05 9.995E-05 9.995E-05 9.995E-05 0.942692 0.0485162 9.995E-05 0.0082919
9.997E-05 0.210743 9.997E-05 0.0564732 0.0990938 0.183494 0.449897 9.997E-05
9.99639E-05 0.378679 0.0867585 9.99639E-05 0.18968 9.99639E-05 9.99639E-05 0.344483
0.200948 9.99731E-05 0.0480993 0.101562 9.99731E-05 0.381362 0.267729 9.99731E-05
0.268522 9.99731E-05 9.99731E-05 0.0713026 0.115679 0.510044 0.0341528 9.99731E-05
0.0213224 0.150649 0.594343 0.0249002 9.99731E-05 9.99731E-05 9.99731E-05 0.208485
