9.99459E-05 0.956462 9.99459E-05 0.0429386 9.99459E-05 9.99459E-05 9.99459E-05 9.99459E-05
9.9982E-05 0.224822 0.101213 0.0571859 0.290218 9.9982E-05 0.0214098 0.304952
0.0420258 9.99822E-05 0.0877537 9.99822E-05 0.0148636 0.0754432 0.0256511 0.754063
9.9955E-05 9.9955E-05 9.9955E-05 0.0142341 9.9955E-05 9.9955E-05 0.0521969 0.933069
9.9982E-05 0.101394 0.0997952 0.0529157 0.264376 9.9982E-05 0.0122895 0.469029
9.9955E-05 9.9955E-05 9.9955E-05 0.0049861 9.9955E-05 9.9955E-05 0.0103315 0.984183
9.994E-05 9.994E-05 9.994E-05 9.994E-05 0.9993 9.994E-05 9.994E-05 9.994E-05
9.99641E-05 9.99641E-05 0.284056 0.104032 0.176765 9.99641E-05 9.99641E-05 0.434748
9.994E-05 9.994E-05 9.994E-05 9.994E-05 0.9993 9.994E-05 9.994E-05 9.994E-05
9.9946E-05 9.9946E-05 9.9946E-05 0.891374 0.108026 9.9946E-05 9.9946E-05 9.9946E-05
9.9946E-05 9.9946E-05 9.9946E-05 0.838761 0.160639 9.9946E-05 9.9946E-05 9.9946E-05
9.9964E-05 0.699235 9.9964E-05 9.9964E-05 9.9964E-05 0.168878 0.119189 0.0122984
9.99461E-05 9.99461E-05 9.99461E-05 9.99461E-05 0.0196397 0.979761 9.99461E-05 9.99461E-05
0.00989418 0.0170097 9.9964E-05 9.9964E-05 9.9964E-05 9.9964E-05 0.0074697 0.965227
0.0066345 0.0327665 9.9964E-05 0.00545552 9.9964E-05 9.9964E-05 9.9964E-05 0.954744
9.99729E-05 0.113533 9.99729E-05 0.374372 0.200804 0.282704 0.0282859 9.99729E-05
0.075708 0.00601073 9.9982E-05 0.415903 9.9982E-05 0.203939 0.292844 0.0053954
0.73358 0.00982385 0.0605237 0.155257 0.0405158 9.99729E-05 9.99729E-05 9.99729E-05
0.881623 9.9955E-05 9.9955E-05 9.9955E-05 9.9955E-05 0.022495 0.0953818 9.9955E-05
9.9964E-05 0.158275 9.9964E-05 0.711628 9.9964E-05 0.0787943 0.0509035 9.9964E-05
0.979524 9.9946E-05 9.9946E-05 9.9946E-05 9.9946E-05 9.9946E-05 9.9946E-05 0.0198766
9.99549E-05 0.571168 9.99549E-05 0.305408 9.99549E-05 0.122924 9.99549E-05 9.99549E-05
0.375091 9.99641E-05 0.00925651 0.322603 9.99641E-05 9.99641E-05 0.29265 9.99641E-05
0.896291 9.9955E-05 9.9955E-05 0.00798421 9.9955E-05 9.9955E-05 0.0952247 9.9955E-05
9.99461E-05 9.99461E-05 0.0235874 9.99461E-05 9.99461E-05 9.99461E-05 9.99461E-05 0.975813
9.994E-05 9.994E-05 9.994E-05 9.994E-05 9.994E-05 9.994E-05 9.994E-05 0.9993
9.99639E-05 0.0477106 9.99639E-05 0.0792499 9.99639E-05 0.855556 0.017084 9.99639E-05
9.99549E-05 9.99549E-05 0.0652652 9.99549E-05 0.00354832 9.99549E-05 9.99549E-05 0.930687
9.9964E-05 0.0065133 0.0656805 9.9964E-05 0.0113842 9.9964E-05 9.9964E-05 0.916022
0.0256626 9.99731E-05 0.202213 9.99731E-05 9.99731E-05 0.0405551 0.0157733 0.715496
9.99641E-05 9.99641E-05 0.227594 9.99641E-05 0.0162199 9.99641E-05 0.0394736 0.716312
9.99641E-05 0.202562 0.34251 9.99641E-05 0.356321 9.99641E-05 9.99641E-05 0.0982074
9.994E-05 9.994E-05 9.994E-05 9.994E-05 9.994E-05 9.994E-05 9.994E-05 0.9993
9.99551E-05 9.99551E-05 0.825724 9.99551E-05 0.0385451 9.99551E-05 9.99551E-05 0.135231
9.99819E-05 0.0382197 0.00786869 0.126542 9.99819E-05 0.607574 0.158704 0.0608918
9.99639E-05 9.99639E-05 9.99639E-05 9.99639E-05 0.00722709 0.00355911 0.00247935 0.986335
9.99461E-05 0.995491 9.99461E-05 9.99461E-05 9.99461E-05 9.99461E-05 9.99461E-05 0.00390915
0.00301959 0.0794657 0.0394923 0.761237 0.0599607 9.9982E-05 9.9982E-05 0.0566246
0.0698759 9.99731E-05 9.99731E-05 0.260632 9.99731E-05 0.131734 0.400158 0.1373
9.99639E-05 0.293564 9.99639E-05 0.563993 9.99639E-05 9.99639E-05 0.0178213 0.124222
0.00549997 0.301146 9.99729E-05 0.609915 9.99729E-05 9.99729E-05 0.00142465 0.0817147
9.994E-05 9.994E-05 9.994E-05 0.9993 9.994E-05 9.994E-05 9.994E-05 9.994E-05
9.99639E-05 0.225289 9.99639E-05 0.303512 0.328463 0.142337 9.99639E-05 9.99639E-05
9.9955E-05 9.9955E-05 9.9955E-05 0.978773 9.9955E-05 0.013476 0.00725158 9.9955E-05
0.100444 0.0673462 9.9973E-05 0.587448 9.9973E-05 0.149645 0.0948169 9.9973E-05
0.0212282 0.11457 9.9982E-05 0.716224 9.9982E-05 0.0508896 0.00430188 0.0925865
9.9982E-05 0.160452 0.0337002 0.408013 9.9982E-05 0.218282 0.0795066 0.099846
0.00757483 0.991825 9.99464E-05 9.99464E-05 9.99464E-05 9.99464E-05 9.99464E-05 9.99464E-05
9.994E-05 9.994E-05 0.9993 9.994E-05 9.994E-05 9.994E-05 9.994E-05 9.994E-05
9.9964E-05 9.9964E-05 0.967363 0.00225609 9.9964E-05 0.0160287 0.013952 9.9964E-05
9.9946E-05 9.9946E-05 0.995053 9.9946E-05 9.9946E-05 0.00434735 9.9946E-05 9.9946E-05
9.994E-05 9.994E-05 0.9993 9.994E-05 9.994E-05 9.994E-05 9.994E-05 9.994E-05
9.994E-05 9.994E-05 0.9993 9.994E-05 9.994E-05 9.994E-05 9.994E-05 9.994E-05
0.011154 9.99821E-05 0.485439 0.0816547 0.145839 0.00138181 9.99821E-05 0.274331
9.9964E-05 0.00334055 0.977526 0.0161271 9.9964E-05 9.9964E-05 0.00260599 9.9964E-05
9.99639E-05 0.87911 9.99639E-05 0.012539 0.0361436 0.0718076 9.99639E-05 9.99639E-05
9.99729E-05 0.186969 0.300104 9.99729E-05 0.39633 9.99729E-05 0.000408101 0.11589
9.994E-05 9.994E-05 9.994E-05 9.994E-05 9.994E-05 9.994E-05 9.994E-05 0.9993
9.9964E-05 0.077607 9.9964E-05 9.9964E-05 0.00869765 0.889768 0.0235276 9.9964E-05
9.9982E-05 0.258186 9.9982E-05 0.220058 0.224828 0.257222 0.0297258 0.00977981
9.99461E-05 9.99461E-05 9.99461E-05 9.99461E-05 0.0469479 0.952452 9.99461E-05 9.99461E-05
9.99459E-05 9.99459E-05 9.99459E-05 0.0840927 9.99459E-05 0.915308 9.99459E-05 9.99459E-05
9.99549E-05 9.99549E-05 9.99549E-05 0.0613824 9.99549E-05 0.909544 0.0285742 9.99549E-05
0.889592 0.0681607 0.00968246 0.0321651 9.99641E-05 9.99641E-05 9.99641E-05 9.99641E-05
9.994E-05 9.994E-05 9.994E-05 9.994E-05 9.994E-05 9.994E-05 9.994E-05 0.9993
0.0451103 0.0839102 0.077549 0.239597 0.115391 0.111146 0.0547502 0.272546
9.99552E-05 0.00115498 9.99552E-05 9.99552E-05 9.99552E-05 0.00888483 9.99552E-05 0.98946
9.9946E-05 0.0394211 9.9946E-05 9.9946E-05 9.9946E-05 9.9946E-05 9.9946E-05 0.959979
9.9964E-05 9.9964E-05 0.0279576 9.9964E-05 0.0787551 0.00146774 9.9964E-05 0.89142
0.00844489 0.00915926 0.00677732 9.9973E-05 0.0330078 9.9973E-05 9.9973E-05 0.942311
9.99551E-05 0.0273058 9.99551E-05 0.0664408 9.99551E-05 9.99551E-05 9.99551E-05 0.905754
9.9946E-05 9.9946E-05 9.9946E-05 9.9946E-05 9.9946E-05 9.9946E-05 0.000769915 0.99863
9.99552E-05 9.99552E-05 0.335031 9.99552E-05 0.165221 9.99552E-05 9.99552E-05 0.499248
9.99552E-05 9.99552E-05 0.141248 9.99552E-05 0.360847 9.99552E-05 9.99552E-05 0.497405
9.9955E-05 0.0168097 0.00442033 9.9955E-05 9.9955E-05 9.9955E-05 9.9955E-05 0.97827
9.99819E-05 0.195979 9.99819E-05 0.35954 0.30424 0.0467547 0.0726148 0.0206722
9.99819E-05 0.15411 9.99819E-05 0.386009 0.337817 0.0555733 0.0577439 0.00854732
9.994E-05 9.994E-05 9.994E-05 9.994E-05 9.994E-05 9.994E-05 0.9993 9.994E-05
9.994E-05 9.994E-05 9.994E-05 9.994E-05 9.994E-05 9.994E-05 0.9993 9.994E-05
9.9973E-05 0.00461385 0.00808957 0.955101 0.0142191 9.9973E-05 9.9973E-05 0.0176769
9.9964E-05 0.00129816 9.9964E-05 0.953628 0.01689 0.0277838 9.9964E-05 9.9964E-05
9.994E-05 9.994E-05 9.994E-05 9.994E-05 9.994E-05 9.994E-05 0.9993 9.994E-05
9.994E-05 9.994E-05 9.994E-05 9.994E-05 9.994E-05 9.994E-05 0.9993 9.994E-05
9.99459E-05 0.905021 9.99459E-05 9.99459E-05 9.99459E-05 0.0943796 9.99459E-05 9.99459E-05
0.0698603 0.107388 9.99729E-05 0.382769 0.2476 0.192083 9.99729E-05 9.99729E-05
9.99729E-05 0.136479 0.323647 0.0239397 0.420992 9.99729E-05 9.99729E-05 0.0946421
0.101335 9.99731E-05 9.99731E-05 0.338608 9.99731E-05 0.323389 0.200279 0.0360885
0.0581288 0.185635 9.99641E-05 9.99641E-05 9.99641E-05 0.42888 0.326956 9.99641E-05
0.0204861 9.99731E-05 0.18008 9.99731E-05 0.121605 9.99731E-05 0.0274682 0.650061
