9.99009E-05 0.00396721 0.95226 9.99009E-05 9.99009E-05 9.99009E-05 9.99009E-05 9.99009E-05 9.99009E-05 9.99009E-05 9.99009E-05 0.0426742 9.99009E-05 9.99009E-05
9.99279E-05 0.0217298 0.0255246 9.99279E-05 0.762486 0.0990117 9.99279E-05 9.99279E-05 9.99279E-05 9.99279E-05 9.99279E-05 0.0247145 0.0657338 9.99279E-05
9.9883E-05 9.9883E-05 9.9883E-05 9.9883E-05 9.9883E-05 9.9883E-05 9.9883E-05 0.998702 9.9883E-05 9.9883E-05 9.9883E-05 9.9883E-05 9.9883E-05 9.9883E-05
9.99011E-05 0.0260429 9.99011E-05 9.99011E-05 9.99011E-05 0.95737 9.99011E-05 9.99011E-05 9.99011E-05 9.99011E-05 9.99011E-05 9.99011E-05 0.0154882 9.99011E-05
0.155896 9.99551E-05 0.0268677 9.99551E-05 0.124615 0.238871 9.99551E-05 0.153964 0.0199721 9.99551E-05 0.105537 0.133466 0.0403112 9.99551E-05
9.99192E-05 9.99192E-05 9.99192E-05 9.99192E-05 9.99192E-05 0.964385 9.99192E-05 0.000193239 9.99192E-05 9.99192E-05 9.99192E-05 0.00982518 0.0129473 0.0117499
0.998702 9.98831E-05 9.98831E-05 9.98831E-05 9.98831E-05 9.98831E-05 9.98831E-05 9.98831E-05 9.98831E-05 9.98831E-05 9.98831E-05 9.98831E-05 9.98831E-05 9.98831E-05
0.0147607 0.0144686 9.99369E-05 9.99369E-05 0.104194 9.99369E-05 9.99369E-05 0.0356509 0.0425437 9.99369E-05 0.68013 0.107552 9.99369E-05 9.99369E-05
0.963478 9.9901E-05 9.9901E-05 0.0144683 0.0209544 9.9901E-05 9.9901E-05 9.9901E-05 9.9901E-05 9.9901E-05 9.9901E-05 9.9901E-05 9.9901E-05 9.9901E-05
0.13764 9.98921E-05 9.98921E-05 9.98921E-05 9.98921E-05 9.98921E-05 9.98921E-05 9.98921E-05 9.98921E-05 9.98921E-05 9.98921E-05 0.861161 9.98921E-05 9.98921E-05
0.128184 9.98921E-05 9.98921E-05 9.98921E-05 9.98921E-05 9.98921E-05 9.98921E-05 9.98921E-05 9.98921E-05 9.98921E-05 9.98921E-05 0.870617 9.98921E-05 9.98921E-05
9.9928E-05 0.126025 0.6842 9.9928E-05 9.9928E-05 0.0156121 0.144974 0.00545078 9.9928E-05 9.9928E-05 9.9928E-05 9.9928E-05 0.0229382 9.9928E-05
9.98923E-05 9.98923E-05 9.98923E-05 9.98923E-05 9.98923E-05 0.0254039 0.973397 9.98923E-05 9.98923E-05 9.98923E-05 9.98923E-05 9.98923E-05 9.98923E-05 9.98923E-05
9.99101E-05 9.99101E-05 9.99101E-05 9.99101E-05 0.0213256 0.921758 9.99101E-05 9.99101E-05 9.99101E-05 0.0242602 9.99101E-05 9.99101E-05 0.0316571 9.99101E-05
9.99101E-05 9.99101E-05 0.00993983 9.99101E-05 9.99101E-05 0.935238 9.99101E-05 9.99101E-05 9.99101E-05 0.0332146 9.99101E-05 0.0206082 9.99101E-05 9.99101E-05
9.991E-05 9.991E-05 9.991E-05 0.81747 9.991E-05 9.991E-05 0.127358 9.991E-05 9.991E-05 9.991E-05 9.991E-05 0.00392324 0.0502504 9.991E-05
9.98918E-05 9.98918E-05 9.98918E-05 9.98918E-05 9.98918E-05 9.98918E-05 9.98918E-05 9.98918E-05 9.98918E-05 9.98918E-05 9.98918E-05 0.11137 0.887431 9.98918E-05
0.00521083 9.99278E-05 9.99278E-05 0.0405959 0.0521673 9.99278E-05 9.99278E-05 9.99278E-05 0.0497956 0.746701 9.99278E-05 0.10473 9.99278E-05 9.99278E-05
9.9901E-05 0.0501166 9.9901E-05 9.9901E-05 9.9901E-05 9.9901E-05 9.9901E-05 9.9901E-05 9.9901E-05 0.210385 9.9901E-05 9.9901E-05 9.9901E-05 0.7384
9.99189E-05 0.0224656 0.0998095 0.338226 9.99189E-05 9.99189E-05 9.99189E-05 9.99189E-05 9.99189E-05 9.99189E-05 9.99189E-05 0.47846 0.0601395 9.99189E-05
9.98921E-05 9.98921E-05 9.98921E-05 9.98921E-05 9.98921E-05 9.98921E-05 9.98921E-05 9.98921E-05 9.98921E-05 0.875404 9.98921E-05 9.98921E-05 9.98921E-05 0.123397
9.99369E-05 9.99369E-05 0.468183 0.308547 0.0151156 9.99369E-05 0.0391498 9.99369E-05 9.99369E-05 9.99369E-05 9.99369E-05 0.0786869 0.0778025 0.0118157
9.9928E-05 0.176564 9.9928E-05 9.9928E-05 9.9928E-05 9.9928E-05 9.9928E-05 9.9928E-05 0.0178026 0.487446 0.00670572 0.125464 0.185218 9.9928E-05
9.9901E-05 9.9901E-05 9.9901E-05 9.9901E-05 9.9901E-05 9.9901E-05 9.9901E-05 9.9901E-05 9.9901E-05 0.972941 9.9901E-05 0.00771186 9.9901E-05 0.0182481
9.99013E-05 9.99013E-05 9.99013E-05 9.99013E-05 9.99013E-05 0.964262 9.99013E-05 0.0318347 0.00280394 9.99013E-05 9.99013E-05 9.99013E-05 9.99013E-05 9.99013E-05
9.99013E-05 9.99013E-05 9.99013E-05 9.99013E-05 0.0222763 0.967578 9.99013E-05 9.99013E-05 0.0090464 9.99013E-05 9.99013E-05 9.99013E-05 9.99013E-05 9.99013E-05
9.99279E-05 0.0250116 0.0493886 0.0245094 9.99279E-05 9.99279E-05 0.797938 9.99279E-05 9.99279E-05 9.99279E-05 9.99279E-05 0.0646432 0.0377099 9.99279E-05
0.0339338 9.9919E-05 9.9919E-05 9.9919E-05 9.9919E-05 0.895144 0.0178953 9.9919E-05 0.0374559 9.9919E-05 0.0146716 9.9919E-05 9.9919E-05 9.9919E-05
0.0227406 9.99101E-05 9.99101E-05 9.99101E-05 9.99101E-05 0.842327 9.99101E-05 0.0485844 0.0853484 9.99101E-05 9.99101E-05 9.99101E-05 9.99101E-05 9.99101E-05
9.99371E-05 0.0279885 0.00130055 9.99371E-05 9.99371E-05 0.420088 9.99371E-05 0.00728921 0.138191 9.99371E-05 0.374123 9.99371E-05 9.99371E-05 0.0303212
9.99099E-05 0.0407294 9.99099E-05 9.99099E-05 9.99099E-05 0.179579 9.99099E-05 9.99099E-05 9.99099E-05 9.99099E-05 0.773746 9.99099E-05 0.00494648 9.99099E-05
9.98833E-05 9.98833E-05 9.98833E-05 9.98833E-05 0.998702 9.98833E-05 9.98833E-05 9.98833E-05 9.98833E-05 9.98833E-05 9.98833E-05 9.98833E-05 9.98833E-05 9.98833E-05
9.98923E-05 9.98923E-05 9.98923E-05 9.98923E-05 9.98923E-05 0.828062 9.98923E-05 9.98923E-05 9.98923E-05 9.98923E-05 0.170739 9.98923E-05 9.98923E-05 9.98923E-05
0.00409221 9.99192E-05 9.99192E-05 9.99192E-05 0.0240608 9.99192E-05 9.99192E-05 0.000584233 0.680299 9.99192E-05 0.290064 9.99192E-05 9.99192E-05 9.99192E-05
9.99277E-05 0.072818 0.0730214 9.99277E-05 9.99277E-05 9.99277E-05 0.486835 9.99277E-05 9.99277E-05 9.99277E-05 0.0795912 0.0307027 0.256233 9.99277E-05
0.0168603 9.9919E-05 9.9919E-05 0.00284138 0.00170305 0.953212 9.9919E-05 9.9919E-05 9.9919E-05 9.9919E-05 9.9919E-05 9.9919E-05 0.0244839 9.9919E-05
9.9901E-05 9.9901E-05 0.948946 9.9901E-05 9.9901E-05 9.9901E-05 9.9901E-05 0.049266 9.9901E-05 9.9901E-05 0.000688752 9.9901E-05 9.9901E-05 9.9901E-05
9.9928E-05 9.9928E-05 0.0911806 9.9928E-05 0.208762 0.0195237 9.9928E-05 0.013249 9.9928E-05 0.00739564 9.9928E-05 0.659089 9.9928E-05 9.9928E-05
9.98919E-05 9.98919E-05 9.98919E-05 9.98919E-05 9.98919E-05 9.98919E-05 9.98919E-05 9.98919E-05 9.98919E-05 9.98919E-05 0.0166289 9.98919E-05 0.982172 9.98919E-05
9.99278E-05 9.99278E-05 0.245743 0.202334 0.0202793 0.0981742 9.99278E-05 9.99278E-05 9.99278E-05 9.99278E-05 9.99278E-05 0.283625 0.149045 9.99278E-05
9.993E-05 9.993E-05 0.290367 0.168487 0.0651237 0.0402122 9.993E-05 9.993E-05 9.993E-05 0.00443681 9.993E-05 0.326931 0.103744 9.993E-05
9.99099E-05 9.99099E-05 0.0120861 0.0390118 9.99099E-05 9.99099E-05 9.99099E-05 9.99099E-05 9.99099E-05 9.99099E-05 9.99099E-05 0.9355 9.99099E-05 0.0124034
0.0868645 9.991E-05 0.0456254 0.853318 9.991E-05 9.991E-05 9.991E-05 9.991E-05 9.991E-05 0.0131927 9.991E-05 9.991E-05 9.991E-05 9.991E-05
9.9919E-05 9.9919E-05 0.0417629 0.00152888 9.9919E-05 9.9919E-05 0.0261567 9.9919E-05 9.9919E-05 9.9919E-05 9.9919E-05 0.922506 0.00714633 9.9919E-05
0.00284092 0.0915215 0.0187535 0.0617045 0.0735042 9.99459E-05 0.169238 9.99459E-05 9.99459E-05 0.1428 9.99459E-05 0.439038 9.99459E-05 9.99459E-05
9.9946E-05 0.00189532 0.105158 0.194992 0.0110145 0.0242364 9.9946E-05 9.9946E-05 9.9946E-05 9.9946E-05 0.060431 0.553108 9.9946E-05 0.0485653
0.0336834 9.9955E-05 0.183533 9.9955E-05 9.9955E-05 0.0486128 0.181695 0.0234621 0.0275392 9.9955E-05 9.9955E-05 0.263399 0.234265 0.00331091
9.98928E-05 9.98928E-05 0.984843 9.98928E-05 9.98928E-05 9.98928E-05 9.98928E-05 9.98928E-05 9.98928E-05 0.0139587 9.98928E-05 9.98928E-05 9.98928E-05 9.98928E-05
9.98832E-05 9.98832E-05 9.98832E-05 9.98832E-05 9.98832E-05 9.98832E-05 9.98832E-05 9.98832E-05 0.998702 9.98832E-05 9.98832E-05 9.98832E-05 9.98832E-05 9.98832E-05
9.9919E-05 9.9919E-05 9.9919E-05 0.00465774 0.000765249 9.9919E-05 9.9919E-05 9.9919E-05 0.983148 0.00295174 9.9919E-05 9.9919E-05 0.00757785 9.9919E-05
9.98922E-05 9.98922E-05 9.98922E-05 0.0106257 9.98922E-05 9.98922E-05 9.98922E-05 9.98922E-05 0.988176 9.98922E-05 9.98922E-05 9.98922E-05 9.98922E-05 9.98922E-05
9.98832E-05 9.98832E-05 9.98832E-05 9.98832E-05 9.98832E-05 9.98832E-05 9.98832E-05 9.98832E-05 0.998702 9.98832E-05 9.98832E-05 9.98832E-05 9.98832E-05 9.98832E-05
9.98832E-05 9.98832E-05 9.98832E-05 9.98832E-05 9.98832E-05 9.98832E-05 9.98832E-05 9.98832E-05 0.998702 9.98832E-05 9.98832E-05 9.98832E-05 9.98832E-05 9.98832E-05
0.0292005 9.99461E-05 0.00460996 0.0542872 0.111812 9.99461E-05 0.00555691 9.99461E-05 0.312354 0.0420485 0.439531 9.99461E-05 9.99461E-05 9.99461E-05
9.99011E-05 9.99011E-05 9.99011E-05 0.0138873 0.0729381 9.99011E-05 9.99011E-05 9.99011E-05 0.912076 9.99011E-05 9.99011E-05 9.99011E-05 9.99011E-05 9.99011E-05
9.99008E-05 9.99008E-05 0.834032 0.156957 9.99008E-05 9.99008E-05 0.00791135 9.99008E-05 9.99008E-05 9.99008E-05 9.99008E-05 9.99008E-05 9.99008E-05 9.99008E-05
0.0597468 0.0161477 9.99189E-05 9.99189E-05 0.895889 9.99189E-05 9.99189E-05 0.0139561 0.0133615 9.99189E-05 9.99189E-05 9.99189E-05 9.99189E-05 9.99189E-05
9.9901E-05 9.9901E-05 0.00433106 9.9901E-05 9.9901E-05 0.992783 9.9901E-05 9.9901E-05 9.9901E-05 9.9901E-05 9.9901E-05 0.00178741 9.9901E-05 9.9901E-05
0.000112172 0.0301693 0.0695671 0.0947288 9.9928E-05 9.9928E-05 0.789553 9.9928E-05 0.0150707 9.9928E-05 9.9928E-05 9.9928E-05 9.9928E-05 9.9928E-05
9.99013E-05 9.99013E-05 0.0154254 0.925539 9.99013E-05 9.99013E-05 0.0579368 9.99013E-05 9.99013E-05 9.99013E-05 9.99013E-05 9.99013E-05 9.99013E-05 9.99013E-05
0.0452846 9.99013E-05 9.99013E-05 9.99013E-05 9.99013E-05 9.99013E-05 0.92306 0.0305564 9.99013E-05 9.99013E-05 9.99013E-05 9.99013E-05 9.99013E-05 9.99013E-05
9.99009E-05 9.99009E-05 0.0102502 9.99009E-05 9.99009E-05 9.99009E-05 0.875573 9.99009E-05 9.99009E-05 9.99009E-05 9.99009E-05 0.113078 9.99009E-05 9.99009E-05
9.99099E-05 0.0140466 9.99099E-05 9.99099E-05 9.99099E-05 9.99099E-05 0.846246 9.99099E-05 9.99099E-05 9.99099E-05 9.99099E-05 0.113363 0.0253451 9.99099E-05
9.9883E-05 9.9883E-05 9.9883E-05 9.9883E-05 9.9883E-05 9.9883E-05 9.9883E-05 9.9883E-05 9.9883E-05 9.9883E-05 9.9883E-05 9.9883E-05 9.9883E-05 0.998702
0.00854949 0.00104168 9.99283E-05 9.99283E-05 9.99283E-05 0.909713 9.99283E-05 0.0575939 0.0194536 9.99283E-05 9.99283E-05 0.00284893 9.99283E-05 9.99283E-05
9.9964E-05 0.0453389 9.9964E-05 0.172201 0.0637397 0.054684 0.0494691 9.9964E-05 0.0423358 0.0572366 0.318136 0.0186538 0.177805 9.9964E-05
9.99103E-05 9.99103E-05 9.99103E-05 0.0243013 9.99103E-05 0.804431 0.0116641 0.158604 9.99103E-05 9.99103E-05 9.99103E-05 9.99103E-05 9.99103E-05 9.99103E-05
0.0096994 9.9919E-05 0.00642728 9.9919E-05 9.9919E-05 0.893506 9.9919E-05 9.9919E-05 9.9919E-05 9.9919E-05 0.0402128 9.9919E-05 0.0492547 9.9919E-05
0.0160001 9.9919E-05 9.9919E-05 0.0345648 9.9919E-05 0.861696 9.9919E-05 9.9919E-05 0.0257869 9.9919E-05 0.0610527 9.9919E-05 9.9919E-05 9.9919E-05
0.0336524 9.99133E-05 9.99133E-05 9.99133E-05 0.0483169 0.905124 9.99133E-05 9.99133E-05 0.0119076 9.99133E-05 9.99133E-05 9.99133E-05 9.99133E-05 9.99133E-05
9.99281E-05 0.00151749 0.0332426 9.99281E-05 9.99281E-05 0.739292 9.99281E-05 9.99281E-05 9.99281E-05 9.99281E-05 0.144431 0.0790579 0.00165933 9.99281E-05
9.9892E-05 9.9892E-05 9.9892E-05 9.9892E-05 9.9892E-05 0.948992 9.9892E-05 9.9892E-05 9.9892E-05 9.9892E-05 9.9892E-05 9.9892E-05 0.0498089 9.9892E-05
9.9892E-05 9.9892E-05 9.9892E-05 9.9892E-05 9.9892E-05 9.9892E-05 9.9892E-05 0.0674382 9.9892E-05 9.9892E-05 0.931363 9.9892E-05 9.9892E-05 9.9892E-05
0.0637077 9.99011E-05 9.99011E-05 9.99011E-05 9.99011E-05 9.99011E-05 0.0351999 9.99011E-05 9.99011E-05 9.99011E-05 0.899994 9.99011E-05 9.99011E-05 9.99011E-05
9.99282E-05 9.99282E-05 9.99282E-05 0.0193218 9.99282E-05 0.937043 0.00353713 0.023547 9.99282E-05 0.000404634 9.99282E-05 0.0153468 9.99282E-05 9.99282E-05
9.9901E-05 9.9901E-05 9.9901E-05 0.953915 0.0296151 9.9901E-05 9.9901E-05 9.9901E-05 9.9901E-05 9.9901E-05 0.0153714 9.9901E-05 9.9901E-05 9.9901E-05
9.9901E-05 9.9901E-05 9.9901E-05 0.984544 9.9901E-05 9.9901E-05 9.9901E-05 9.9901E-05 0.010566 9.9901E-05 0.00379135 9.9901E-05 9.9901E-05 9.9901E-05
9.98832E-05 0.998702 9.98832E-05 9.98832E-05 9.98832E-05 9.98832E-05 9.98832E-05 9.98832E-05 9.98832E-05 9.98832E-05 9.98832E-05 9.98832E-05 9.98832E-05 9.98832E-05
9.98832E-05 0.998702 9.98832E-05 9.98832E-05 9.98832E-05 9.98832E-05 9.98832E-05 9.98832E-05 9.98832E-05 9.98832E-05 9.98832E-05 9.98832E-05 9.98832E-05 9.98832E-05
9.99009E-05 9.99009E-05 9.99009E-05 0.0852997 0.0881707 9.99009E-05 9.99009E-05 9.99009E-05 9.99009E-05 9.99009E-05 9.99009E-05 0.825431 9.99009E-05 9.99009E-05
9.99189E-05 9.99189E-05 0.00865346 0.0782375 0.0629619 9.99189E-05 0.0582027 9.99189E-05 9.99189E-05 9.99189E-05 9.99189E-05 0.791045 9.99189E-05 9.99189E-05
9.99012E-05 0.971579 9.99012E-05 0.00620508 0.0211172 9.99012E-05 9.99012E-05 9.99012E-05 9.99012E-05 9.99012E-05 9.99012E-05 9.99012E-05 9.99012E-05 9.99012E-05
9.98832E-05 0.998702 9.98832E-05 9.98832E-05 9.98832E-05 9.98832E-05 9.98832E-05 9.98832E-05 9.98832E-05 9.98832E-05 9.98832E-05 9.98832E-05 9.98832E-05 9.98832E-05
0.00416032 9.99099E-05 0.966794 9.99099E-05 9.99099E-05 9.99099E-05 0.0268605 9.99099E-05 0.00118596 9.99099E-05 9.99099E-05 9.99099E-05 9.99099E-05 9.99099E-05
0.131173 9.99459E-05 0.0295484 0.3543 0.0592485 9.99459E-05 0.156991 9.99459E-05 9.99459E-05 0.0495618 9.99459E-05 0.19215 9.99459E-05 0.0264273
0.0478993 9.9901E-05 9.9901E-05 9.9901E-05 0.909588 9.9901E-05 9.9901E-05 9.9901E-05 0.0414134 9.9901E-05 9.9901E-05 9.9901E-05 9.9901E-05 9.9901E-05
9.99283E-05 0.0140582 9.99283E-05 9.99283E-05 9.99283E-05 0.025104 0.148142 9.99283E-05 9.99283E-05 0.0815161 9.99283E-05 0.274923 0.455457 9.99283E-05
9.99192E-05 0.0593184 0.129557 9.99192E-05 9.99192E-05 9.99192E-05 0.216243 9.99192E-05 9.99192E-05 0.00893785 9.99192E-05 9.99192E-05 0.585045 9.99192E-05
9.99191E-05 0.0155901 9.99191E-05 9.99191E-05 0.00259215 0.143853 9.99191E-05 9.99191E-05 9.99191E-05 0.00393025 0.833135 9.99191E-05 9.99191E-05 9.99191E-05
