9.99098E-05 9.99098E-05 9.99098E-05 9.99098E-05 9.99098E-05 9.99098E-05 0.0538436 0.0106487 9.99098E-05 0.0189973 0.915511 9.99098E-05 9.99098E-05 9.99098E-05
0.0359717 0.117937 9.99279E-05 0.76257 9.99279E-05 9.99279E-05 9.99279E-05 0.0338374 9.99279E-05 9.99279E-05 0.0426833 0.00620045 9.99279E-05 9.99279E-05
9.98829E-05 9.98829E-05 9.98829E-05 9.98829E-05 9.98829E-05 9.98829E-05 9.98829E-05 9.98829E-05 9.98829E-05 9.98829E-05 9.98829E-05 9.98829E-05 0.998702 9.98829E-05
0.00706428 0.876981 9.9919E-05 9.9919E-05 9.9919E-05 9.9919E-05 9.9919E-05 9.9919E-05 0.01942 0.0497545 9.9919E-05 9.9919E-05 0.0458814 9.9919E-05
0.0529393 0.290001 0.112259 0.053877 9.9955E-05 9.9955E-05 0.0804173 9.9955E-05 0.067066 9.9955E-05 0.0432065 9.9955E-05 0.0918112 0.207923
0.00939965 0.89041 9.9928E-05 9.9928E-05 9.9928E-05 9.9928E-05 9.9928E-05 9.9928E-05 0.022536 9.9928E-05 0.00585544 0.0290796 0.0419196 9.9928E-05
9.98831E-05 9.98831E-05 9.98831E-05 9.98831E-05 9.98831E-05 9.98831E-05 9.98831E-05 9.98831E-05 9.98831E-05 9.98831E-05 9.98831E-05 9.98831E-05 9.98831E-05 0.998702
9.99369E-05 0.00203185 0.0949515 0.118599 9.99369E-05 9.99369E-05 0.0973608 9.99369E-05 0.269682 9.99369E-05 9.99369E-05 0.330152 0.086523 9.99369E-05
9.9892E-05 9.9892E-05 9.9892E-05 0.0415962 9.9892E-05 9.9892E-05 9.9892E-05 9.9892E-05 9.9892E-05 9.9892E-05 9.9892E-05 9.9892E-05 9.9892E-05 0.957205
9.98921E-05 9.98921E-05 9.98921E-05 9.98921E-05 9.98921E-05 9.98921E-05 0.859418 9.98921E-05 9.98921E-05 9.98921E-05 9.98921E-05 9.98921E-05 9.98921E-05 0.139383
9.98801E-05 9.98801E-05 9.98801E-05 9.98801E-05 9.98801E-05 9.98801E-05 0.859553 9.98801E-05 9.98801E-05 9.98801E-05 9.98801E-05 9.98801E-05 9.98801E-05 0.139248
9.991E-05 0.0306649 9.991E-05 9.991E-05 0.158737 9.991E-05 9.991E-05 9.991E-05 9.991E-05 0.110129 0.69947 9.991E-05 9.991E-05 9.991E-05
9.99013E-05 9.99013E-05 9.99013E-05 9.99013E-05 0.962958 9.99013E-05 9.99013E-05 9.99013E-05 9.99013E-05 9.99013E-05 9.99013E-05 0.0339368 9.99013E-05 0.00200647
0.0553293 0.914533 9.99101E-05 0.0229423 9.99101E-05 0.00619655 9.99101E-05 9.99101E-05 9.99101E-05 9.99101E-05 9.99101E-05 9.99101E-05 9.99101E-05 9.99101E-05
9.99102E-05 0.938593 9.99102E-05 9.99102E-05 9.99102E-05 0.0158617 0.0102441 9.99102E-05 9.99102E-05 9.99102E-05 0.0343016 9.99102E-05 9.99102E-05 9.99102E-05
0.00414592 9.99101E-05 9.99101E-05 9.99101E-05 0.160687 9.99101E-05 0.0216893 0.812479 9.99101E-05 9.99101E-05 9.99101E-05 9.99101E-05 9.99101E-05 9.99101E-05
0.919793 9.98918E-05 9.98918E-05 9.98918E-05 9.98918E-05 9.98918E-05 0.0790085 9.98918E-05 9.98918E-05 9.98918E-05 9.98918E-05 9.98918E-05 9.98918E-05 9.98918E-05
9.993E-05 9.993E-05 0.0313947 0.00902421 9.993E-05 0.729085 0.0634853 0.125359 9.993E-05 9.993E-05 0.0248145 9.993E-05 0.0161375 9.993E-05
9.99011E-05 9.99011E-05 9.99011E-05 9.99011E-05 0.0122721 0.902082 9.99011E-05 9.99011E-05 9.99011E-05 0.0845471 9.99011E-05 9.99011E-05 9.99011E-05 9.99011E-05
0.0711077 9.99189E-05 9.99189E-05 9.99189E-05 9.99189E-05 9.99189E-05 0.509386 0.319859 9.99189E-05 0.0262075 0.0725406 9.99189E-05 9.99189E-05 9.99189E-05
9.9883E-05 9.9883E-05 9.9883E-05 9.9883E-05 9.9883E-05 0.998702 9.9883E-05 9.9883E-05 9.9883E-05 9.9883E-05 9.9883E-05 9.9883E-05 9.9883E-05 9.9883E-05
0.0815692 9.99189E-05 9.99189E-05 9.99189E-05 0.0650316 9.99189E-05 0.0586804 0.289455 9.99189E-05 9.99189E-05 0.504365 9.99189E-05 9.99189E-05 9.99189E-05
0.31086 9.99191E-05 0.00236179 9.99191E-05 9.99191E-05 0.356726 0.197616 9.99191E-05 9.99191E-05 0.131537 9.99191E-05 9.99191E-05 9.99191E-05 9.99191E-05
0.0344112 9.991E-05 9.991E-05 9.991E-05 9.991E-05 0.905488 0.0203789 9.991E-05 9.991E-05 0.0387228 9.991E-05 9.991E-05 9.991E-05 9.991E-05
9.98923E-05 0.996056 9.98923E-05 9.98923E-05 9.98923E-05 9.98923E-05 9.98923E-05 9.98923E-05 9.98923E-05 9.98923E-05 9.98923E-05 9.98923E-05 9.98923E-05 0.00274503
9.99013E-05 0.961484 0.0223593 9.99013E-05 9.99013E-05 9.99013E-05 9.99013E-05 9.99013E-05 9.99013E-05 9.99013E-05 9.99013E-05 9.99013E-05 0.0150577 9.99013E-05
9.99189E-05 9.99189E-05 9.99189E-05 9.99189E-05 0.778166 9.99189E-05 0.117632 9.99189E-05 0.0120541 0.0530041 0.0382453 9.99189E-05 9.99189E-05 9.99189E-05
9.99011E-05 0.882099 0.0676897 9.99011E-05 9.99011E-05 9.99011E-05 9.99011E-05 9.99011E-05 0.0491121 9.99011E-05 9.99011E-05 9.99011E-05 9.99011E-05 9.99011E-05
9.99281E-05 0.866312 0.0676608 0.00588147 0.0104965 9.99281E-05 9.99281E-05 9.99281E-05 0.0278509 9.99281E-05 9.99281E-05 9.99281E-05 9.99281E-05 0.0209993
9.99191E-05 0.342355 0.0696697 9.99191E-05 9.99191E-05 9.99191E-05 9.99191E-05 9.99191E-05 0.536213 9.99191E-05 0.0461995 9.99191E-05 0.00466346 9.99191E-05
0.0013686 0.0838107 9.99008E-05 9.99008E-05 9.99008E-05 9.99008E-05 9.99008E-05 9.99008E-05 0.913722 9.99008E-05 9.99008E-05 9.99008E-05 9.99008E-05 9.99008E-05
9.98834E-05 9.98834E-05 9.98834E-05 0.998702 9.98834E-05 9.98834E-05 9.98834E-05 9.98834E-05 9.98834E-05 9.98834E-05 9.98834E-05 9.98834E-05 9.98834E-05 9.98834E-05
9.99012E-05 0.827571 9.99012E-05 9.99012E-05 9.99012E-05 9.99012E-05 9.99012E-05 0.0050786 9.99012E-05 9.99012E-05 9.99012E-05 0.166251 9.99012E-05 9.99012E-05
9.99371E-05 9.99371E-05 0.71223 0.0404014 9.99371E-05 9.99371E-05 0.00424832 9.99371E-05 0.0261897 9.99371E-05 9.99371E-05 0.172957 0.0415834 0.00169072
0.225381 9.99367E-05 9.99367E-05 9.99367E-05 0.47389 9.99367E-05 0.0358978 9.99367E-05 0.0988459 0.109451 0.0547918 0.00104289 9.99367E-05 9.99367E-05
9.9901E-05 0.929278 9.9901E-05 9.9901E-05 9.9901E-05 9.9901E-05 9.9901E-05 0.0116991 9.9901E-05 9.9901E-05 9.9901E-05 0.0579239 9.9901E-05 9.9901E-05
9.98901E-05 9.98901E-05 9.98901E-05 9.98901E-05 9.98901E-05 9.98901E-05 9.98901E-05 9.98901E-05 9.98901E-05 9.98901E-05 0.958462 0.0332395 0.00719927 9.98901E-05
0.00298046 9.9937E-05 9.9937E-05 0.175061 9.9937E-05 0.00133359 0.677328 9.9937E-05 9.9937E-05 9.9937E-05 0.0541677 0.0773155 0.011114 9.9937E-05
0.949694 9.98917E-05 9.98917E-05 9.98917E-05 9.98917E-05 9.98917E-05 9.98917E-05 9.98917E-05 9.98917E-05 9.98917E-05 9.98917E-05 0.0491077 9.98917E-05 9.98917E-05
0.188176 0.0840121 9.99188E-05 9.99188E-05 9.99188E-05 9.99188E-05 0.190328 0.33998 9.99188E-05 9.99188E-05 0.196604 9.99188E-05 9.99188E-05 9.99188E-05
0.0890863 0.0482653 9.99369E-05 0.0234194 9.99369E-05 0.00303661 0.250755 0.327951 9.99369E-05 9.99369E-05 0.256787 9.99369E-05 9.99369E-05 9.99369E-05
9.9901E-05 9.9901E-05 9.9901E-05 9.9901E-05 9.9901E-05 9.9901E-05 0.913434 0.0431553 9.9901E-05 9.9901E-05 0.0423121 9.9901E-05 9.9901E-05 9.9901E-05
9.991E-05 9.991E-05 9.991E-05 9.991E-05 0.0515942 0.00202537 9.991E-05 0.8917 9.991E-05 9.991E-05 9.991E-05 9.991E-05 9.991E-05 0.0536816
0.0267787 9.9919E-05 0.00246309 9.9919E-05 0.0432652 9.9919E-05 0.923341 9.9919E-05 9.9919E-05 9.9919E-05 0.00325238 9.9919E-05 9.9919E-05 9.9919E-05
0.0503262 9.99459E-05 9.99459E-05 0.0700014 0.163716 0.105568 0.410718 0.0794258 9.99459E-05 0.0854316 0.0342133 9.99459E-05 9.99459E-05 9.99459E-05
0.0529693 0.0277712 9.9946E-05 9.9946E-05 0.0309021 0.0159583 0.477603 0.162751 0.0809971 9.9946E-05 0.150448 9.9946E-05 9.9946E-05 9.9946E-05
0.295639 0.0242813 9.9937E-05 9.9937E-05 0.0744599 9.9937E-05 0.208083 9.9937E-05 0.114939 9.9937E-05 0.208308 9.9937E-05 9.9937E-05 0.0735907
9.98927E-05 9.98927E-05 9.98927E-05 9.98927E-05 9.98927E-05 0.00599042 9.98927E-05 9.98927E-05 9.98927E-05 9.98927E-05 0.992811 9.98927E-05 9.98927E-05 9.98927E-05
9.98801E-05 9.98801E-05 0.984857 9.98801E-05 9.98801E-05 9.98801E-05 9.98801E-05 9.98801E-05 9.98801E-05 9.98801E-05 9.98801E-05 9.98801E-05 9.98801E-05 0.0139447
9.98832E-05 9.98832E-05 0.998702 9.98832E-05 9.98832E-05 9.98832E-05 9.98832E-05 9.98832E-05 9.98832E-05 9.98832E-05 9.98832E-05 9.98832E-05 9.98832E-05 9.98832E-05
9.98832E-05 9.98832E-05 0.998702 9.98832E-05 9.98832E-05 9.98832E-05 9.98832E-05 9.98832E-05 9.98832E-05 9.98832E-05 9.98832E-05 9.98832E-05 9.98832E-05 9.98832E-05
9.98832E-05 9.98832E-05 0.998702 9.98832E-05 9.98832E-05 9.98832E-05 9.98832E-05 9.98832E-05 9.98832E-05 9.98832E-05 9.98832E-05 9.98832E-05 9.98832E-05 9.98832E-05
9.98801E-05 9.98801E-05 0.997784 9.98801E-05 9.98801E-05 9.98801E-05 9.98801E-05 9.98801E-05 0.00101736 9.98801E-05 9.98801E-05 9.98801E-05 9.98801E-05 9.98801E-05
9.993E-05 9.993E-05 0.299202 0.0862799 9.993E-05 0.00711051 9.993E-05 0.0914181 0.284702 9.993E-05 9.993E-05 0.160236 9.993E-05 0.0703525
9.99101E-05 9.99101E-05 0.919571 0.0451371 0.00574995 9.99101E-05 9.99101E-05 9.99101E-05 9.99101E-05 0.000794613 0.0278477 9.99101E-05 9.99101E-05 9.99101E-05
9.98918E-05 9.98918E-05 9.98918E-05 9.98918E-05 9.98918E-05 9.98918E-05 9.98918E-05 0.187008 9.98918E-05 9.98918E-05 0.811793 9.98918E-05 9.98918E-05 9.98918E-05
9.99099E-05 9.99099E-05 0.0404532 0.885244 9.99099E-05 9.99099E-05 9.99099E-05 9.99099E-05 0.019699 9.99099E-05 9.99099E-05 9.99099E-05 9.99099E-05 0.0536047
0.0174691 0.981332 9.9892E-05 9.9892E-05 9.9892E-05 9.9892E-05 9.9892E-05 9.9892E-05 9.9892E-05 9.9892E-05 9.9892E-05 9.9892E-05 9.9892E-05 9.9892E-05
9.99101E-05 9.99101E-05 9.99101E-05 9.99101E-05 0.810411 9.99101E-05 9.99101E-05 0.146269 9.99101E-05 0.0176426 0.0246783 9.99101E-05 9.99101E-05 9.99101E-05
9.98923E-05 9.98923E-05 9.98923E-05 9.98923E-05 0.0839439 9.98923E-05 9.98923E-05 0.914857 9.98923E-05 9.98923E-05 9.98923E-05 9.98923E-05 9.98923E-05 9.98923E-05
9.98923E-05 9.98923E-05 9.98923E-05 9.98923E-05 0.967771 9.98923E-05 9.98923E-05 9.98923E-05 9.98923E-05 9.98923E-05 9.98923E-05 0.0310304 9.98923E-05 9.98923E-05
9.98919E-05 9.98919E-05 9.98919E-05 9.98919E-05 0.887325 9.98919E-05 0.111477 9.98919E-05 9.98919E-05 9.98919E-05 9.98919E-05 9.98919E-05 9.98919E-05 9.98919E-05
0.0120041 9.99098E-05 9.99098E-05 9.99098E-05 0.846545 9.99098E-05 0.070715 9.99098E-05 9.99098E-05 0.0697369 9.99098E-05 9.99098E-05 9.99098E-05 9.99098E-05
9.98901E-05 9.98901E-05 9.98901E-05 9.98901E-05 9.98901E-05 0.897237 9.98901E-05 9.98901E-05 0.0126612 9.98901E-05 0.0890029 9.98901E-05 9.98901E-05 9.98901E-05
9.99015E-05 0.959103 9.99015E-05 9.99015E-05 9.99015E-05 9.99015E-05 9.99015E-05 9.99015E-05 0.00915237 9.99015E-05 9.99015E-05 9.99015E-05 0.0306453 9.99015E-05
9.9964E-05 0.117577 0.163004 0.143803 0.0414682 9.9964E-05 9.9964E-05 0.174287 9.9964E-05 0.0202051 0.174137 0.0105377 0.105458 0.0491231
9.99013E-05 0.744999 9.99013E-05 9.99013E-05 9.99013E-05 9.99013E-05 9.99013E-05 9.99013E-05 9.99013E-05 9.99013E-05 9.99013E-05 0.0810093 0.172893 9.99013E-05
0.0487229 0.873424 0.0135392 9.9928E-05 9.9928E-05 9.9928E-05 9.9928E-05 9.9928E-05 0.0489085 9.9928E-05 0.00440804 9.9928E-05 9.9928E-05 0.010198
9.9919E-05 0.854123 0.0513525 9.9919E-05 9.9919E-05 9.9919E-05 9.9919E-05 9.9919E-05 0.0394208 9.9919E-05 9.9919E-05 0.0307016 9.9919E-05 0.0235031
9.99371E-05 0.884801 0.0151811 0.0255682 9.99371E-05 0.00224244 9.99371E-05 0.0213723 0.0430161 9.99371E-05 9.99371E-05 0.00711968 9.99371E-05 9.99371E-05
9.99192E-05 0.766519 9.99192E-05 0.00236826 9.99192E-05 9.99192E-05 0.0369344 9.99192E-05 0.157556 9.99192E-05 0.0357234 9.99192E-05 9.99192E-05 9.99192E-05
0.0240677 0.952738 9.99009E-05 9.99009E-05 9.99009E-05 9.99009E-05 9.99009E-05 9.99009E-05 9.99009E-05 9.99009E-05 9.99009E-05 0.0220953 9.99009E-05 9.99009E-05
9.9892E-05 9.9892E-05 0.0460542 9.9892E-05 9.9892E-05 9.9892E-05 9.9892E-05 9.9892E-05 9.9892E-05 9.9892E-05 9.9892E-05 0.952747 9.9892E-05 9.9892E-05
9.9892E-05 9.9892E-05 9.9892E-05 9.9892E-05 0.0162438 9.9892E-05 9.9892E-05 9.9892E-05 9.9892E-05 9.9892E-05 9.9892E-05 0.982557 9.9892E-05 9.9892E-05
9.99191E-05 0.893372 0.0498701 9.99191E-05 9.99191E-05 9.99191E-05 0.00129591 9.99191E-05 9.99191E-05 0.012104 9.99191E-05 9.99191E-05 0.0424588 9.99191E-05
9.99189E-05 9.99189E-05 0.0322109 9.99189E-05 9.99189E-05 9.99189E-05 9.99189E-05 0.926951 0.0231547 0.00944512 9.99189E-05 0.00733859 9.99189E-05 9.99189E-05
9.98919E-05 9.98919E-05 0.0252036 9.98919E-05 9.98919E-05 9.98919E-05 9.98919E-05 0.973598 9.98919E-05 9.98919E-05 9.98919E-05 9.98919E-05 9.98919E-05 9.98919E-05
9.98922E-05 9.98922E-05 9.98922E-05 9.98922E-05 9.98922E-05 9.98922E-05 9.98922E-05 9.98922E-05 9.98922E-05 0.991672 0.00712971 9.98922E-05 9.98922E-05 9.98922E-05
9.98832E-05 9.98832E-05 9.98832E-05 9.98832E-05 9.98832E-05 9.98832E-05 9.98832E-05 9.98832E-05 9.98832E-05 0.998702 9.98832E-05 9.98832E-05 9.98832E-05 9.98832E-05
9.99189E-05 9.99189E-05 9.99189E-05 0.0707304 0.022286 9.99189E-05 0.789784 0.110201 9.99189E-05 9.99189E-05 0.00609968 9.99189E-05 9.99189E-05 9.99189E-05
9.99101E-05 9.99101E-05 0.0018273 0.0587854 0.0699183 9.99101E-05 0.765286 0.103283 9.99101E-05 9.99101E-05 9.99101E-05 9.99101E-05 9.99101E-05 9.99101E-05
9.99012E-05 9.99012E-05 9.99012E-05 9.99012E-05 9.99012E-05 9.99012E-05 9.99012E-05 0.0156564 9.99012E-05 0.963711 9.99012E-05 0.0195341 9.99012E-05 9.99012E-05
9.98832E-05 9.98832E-05 9.98832E-05 9.98832E-05 9.98832E-05 9.98832E-05 9.98832E-05 9.98832E-05 9.98832E-05 0.998702 9.98832E-05 9.98832E-05 9.98832E-05 9.98832E-05
9.9901E-05 9.9901E-05 0.00267833 9.9901E-05 0.0412818 9.9901E-05 9.9901E-05 9.9901E-05 9.9901E-05 9.9901E-05 0.954941 9.9901E-05 9.9901E-05 9.9901E-05
9.993E-05 9.993E-05 9.993E-05 0.0251211 0.098526 0.0738874 0.12098 0.502618 9.993E-05 9.993E-05 0.0495604 9.993E-05 9.993E-05 0.128608
9.9901E-05 9.9901E-05 0.00230795 0.932643 9.9901E-05 9.9901E-05 9.9901E-05 9.9901E-05 9.9901E-05 9.9901E-05 9.9901E-05 9.9901E-05 9.9901E-05 0.0639499
0.453017 0.0512731 9.99283E-05 9.99283E-05 0.21126 0.0671984 0.154847 9.99283E-05 9.99283E-05 0.0616045 9.99283E-05 9.99283E-05 9.99283E-05 9.99283E-05
0.624174 9.99192E-05 9.99192E-05 9.99192E-05 0.216628 0.00636546 9.99192E-05 9.99192E-05 9.99192E-05 0.0702916 0.0816416 9.99192E-05 9.99192E-05 9.99192E-05
9.9883E-05 9.9883E-05 9.9883E-05 9.9883E-05 9.9883E-05 9.9883E-05 9.9883E-05 9.9883E-05 0.998702 9.9883E-05 9.9883E-05 9.9883E-05 9.9883E-05 9.9883E-05
