9.996E-05 9.996E-05 9.996E-05 9.996E-05 9.996E-05 0.9995
0.286184 9.9973E-05 0.295218 9.9973E-05 9.9973E-05 0.418298
0.773009 0.11202 0.0671903 0.043189 0.00449208 9.99911E-05
0.96666 9.9964E-05 9.9964E-05 0.0329398 9.9964E-05 9.9964E-05
0.439309 9.99731E-05 0.28992 9.99731E-05 9.99731E-05 0.270471
0.982713 9.9964E-05 9.9964E-05 0.0168875 9.9964E-05 9.9964E-05
9.99642E-05 0.610492 0.389108 9.99642E-05 9.99642E-05 9.99642E-05
0.408539 9.9982E-05 0.485076 0.0360767 9.9982E-05 0.0701084
9.99731E-05 0.47104 0.449106 9.99731E-05 9.99731E-05 0.0795538
9.99731E-05 9.99731E-05 0.129604 0.0953703 9.99731E-05 0.774726
9.99821E-05 0.0361452 0.0985652 0.0659378 9.99821E-05 0.799152
0.0249907 0.183631 9.9982E-05 0.140056 9.9982E-05 0.651123
9.996E-05 0.9995 9.996E-05 9.996E-05 9.996E-05 9.996E-05
0.938383 9.9982E-05 9.9982E-05 0.0128332 0.0224043 0.0261797
0.941122 9.9964E-05 9.9964E-05 9.9964E-05 9.9964E-05 0.0584785
0.00926339 0.363236 0.05262 9.9982E-05 9.9982E-05 0.574681
9.9982E-05 0.224156 9.9982E-05 0.375468 0.0752469 0.324929
9.99729E-05 9.99729E-05 0.0529622 9.99729E-05 0.738861 0.207876
9.9964E-05 9.9964E-05 9.9964E-05 0.0983992 0.901201 9.9964E-05
9.9973E-05 0.058496 9.9973E-05 0.115637 9.9973E-05 0.825567
9.996E-05 9.996E-05 9.996E-05 9.996E-05 0.9995 9.996E-05
9.9973E-05 0.108563 9.9973E-05 0.010092 9.9973E-05 0.881045
0.0292342 9.9991E-05 0.0403989 0.438995 0.431195 0.0600777
9.9964E-05 9.9964E-05 9.9964E-05 0.0818206 0.91778 9.9964E-05
0.9995 9.996E-05 9.996E-05 9.996E-05 9.996E-05 9.996E-05
0.9995 9.996E-05 9.996E-05 9.996E-05 9.996E-05 9.996E-05
9.99729E-05 0.783734 9.99729E-05 0.0697566 9.99729E-05 0.146209
0.90517 0.0198016 0.0630271 0.0118016 9.9982E-05 9.9982E-05
0.886303 0.0151178 0.0982797 9.9973E-05 9.9973E-05 9.9973E-05
0.693804 0.000988873 0.25039 0.0245131 0.030204 9.9991E-05
0.653122 9.99731E-05 0.309122 0.0374553 9.99731E-05 9.99731E-05
0.0960266 9.99731E-05 0.565165 9.99731E-05 9.99731E-05 0.338508
0.988662 9.99641E-05 9.99641E-05 0.0109377 9.99641E-05 9.99641E-05
0.0805853 9.9973E-05 0.898044 0.0210712 9.9973E-05 9.9973E-05
0.0322385 0.596804 9.99819E-05 0.229788 9.99819E-05 0.140969
0.988808 0.00704292 9.99729E-05 9.99729E-05 9.99729E-05 0.0038495
0.0559558 9.99641E-05 9.99641E-05 9.99641E-05 9.99641E-05 0.943644
0.00577826 9.9982E-05 0.169955 9.9982E-05 0.0283905 0.795677
0.132202 0.189443 9.9991E-05 0.396717 0.0623295 0.219208
0.0993078 9.9973E-05 9.9973E-05 0.0192588 9.9973E-05 0.881133
0.0703613 9.9982E-05 9.9982E-05 0.0248236 0.000168499 0.904447
9.9973E-05 9.9973E-05 9.9973E-05 0.0786313 0.0216456 0.899423
9.9973E-05 0.302712 0.0526784 9.9973E-05 9.9973E-05 0.64431
9.9991E-05 0.0186485 0.0576362 0.0878036 0.0108105 0.825001
9.9991E-05 0.166006 0.0340444 0.164802 0.114788 0.520261
0.0592633 0.0638374 0.0244689 0.050677 0.0512672 0.750486
0.084366 0.226444 0.0739699 0.14319 0.000886727 0.471144
9.996E-05 9.996E-05 9.996E-05 9.996E-05 9.996E-05 0.9995
9.996E-05 9.996E-05 0.9995 9.996E-05 9.996E-05 9.996E-05
9.996E-05 9.996E-05 0.9995 9.996E-05 9.996E-05 9.996E-05
9.99639E-05 9.99639E-05 0.986447 0.013153 9.99639E-05 9.99639E-05
9.996E-05 9.996E-05 0.9995 9.996E-05 9.996E-05 9.996E-05
9.996E-05 9.996E-05 0.9995 9.996E-05 9.996E-05 9.996E-05
0.215114 0.0918172 0.640947 0.00810692 0.0439148 9.9991E-05
9.99639E-05 9.99639E-05 0.992544 9.99639E-05 9.99639E-05 0.00705636
9.9964E-05 0.05058 9.9964E-05 9.9964E-05 9.9964E-05 0.94902
0.103715 9.9973E-05 0.555276 9.9973E-05 9.9973E-05 0.340709
0.9995 9.996E-05 9.996E-05 9.996E-05 9.996E-05 9.996E-05
9.9982E-05 0.881538 0.0207505 0.0286282 9.9982E-05 0.0688833
0.100447 0.345261 9.9973E-05 9.9973E-05 9.9973E-05 0.553992
9.996E-05 0.9995 9.996E-05 9.996E-05 9.996E-05 9.996E-05
9.99639E-05 0.867748 9.99639E-05 9.99639E-05 9.99639E-05 0.131852
9.99819E-05 0.877218 9.99819E-05 0.0863353 0.00357539 0.0326712
9.99731E-05 9.99731E-05 0.00384779 9.99731E-05 0.896614 0.0992383
0.9995 9.996E-05 9.996E-05 9.996E-05 9.996E-05 9.996E-05
0.231417 0.0361959 0.211802 0.00401023 0.0753255 0.44125
0.960782 0.0167245 0.0221937 9.99731E-05 9.99731E-05 9.99731E-05
0.930847 9.9973E-05 0.0284439 9.9973E-05 9.9973E-05 0.0404088
0.93234 0.00461226 0.0627476 9.9973E-05 9.9973E-05 9.9973E-05
0.957776 0.0146893 0.0226357 9.9982E-05 0.00469909 9.9982E-05
0.900698 9.99641E-05 9.99641E-05 9.99641E-05 9.99641E-05 0.0989022
0.987136 0.009866 9.9973E-05 0.00269795 9.9973E-05 9.9973E-05
0.471375 9.99642E-05 0.528225 9.99642E-05 9.99642E-05 9.99642E-05
0.431366 0.15435 0.413984 9.99732E-05 9.99732E-05 9.99732E-05
0.965172 9.9982E-05 0.0131307 0.00700332 9.9982E-05 0.014494
0.0413114 0.0980279 0.143397 0.0537919 9.9991E-05 0.663372
0.0227286 0.178266 0.141035 0.0157075 9.9991E-05 0.642163
9.996E-05 9.996E-05 9.996E-05 0.9995 9.996E-05 9.996E-05
9.996E-05 9.996E-05 9.996E-05 0.9995 9.996E-05 9.996E-05
9.9991E-05 0.00221205 0.0709986 0.0512644 0.011402 0.864023
9.9991E-05 0.0620384 0.0606363 0.0266857 0.00683053 0.843709
9.996E-05 9.996E-05 9.996E-05 0.9995 9.996E-05 9.996E-05
9.996E-05 9.996E-05 9.996E-05 0.9995 9.996E-05 9.996E-05
9.99641E-05 0.0625769 9.99641E-05 9.99641E-05 9.99641E-05 0.937023
0.021508 0.291406 0.026904 9.9991E-05 0.0421911 0.617891
0.0684234 9.9973E-05 0.637139 9.9973E-05 9.9973E-05 0.294137
0.0507964 0.307692 9.9991E-05 0.271456 0.131766 0.238189
9.99821E-05 0.372905 9.99821E-05 0.344455 0.053478 0.228961
0.578153 9.99821E-05 0.3616 0.0290679 0.0309787 9.99821E-05
