9.99459E-05 9.99459E-05 9.99459E-05 0.0465692 9.99459E-05 0.952831 9.99459E-05 9.99459E-05
0.250847 0.0304516 9.9973E-05 9.9973E-05 9.9973E-05 0.189134 0.25656 0.272708
0.757615 0.0362553 0.146008 9.99733E-05 0.0266762 9.99733E-05 0.0331458 9.99733E-05
0.954275 0.0239318 9.9955E-05 0.0212933 9.9955E-05 9.9955E-05 9.9955E-05 9.9955E-05
0.467072 9.99731E-05 9.99731E-05 0.21866 9.99731E-05 0.0823232 0.215425 0.0162188
0.981867 0.0175333 9.9946E-05 9.9946E-05 9.9946E-05 9.9946E-05 9.9946E-05 9.9946E-05
0.0133514 9.99642E-05 0.300563 9.99642E-05 9.99642E-05 9.99642E-05 0.25508 0.430606
0.425784 0.00964522 9.99641E-05 0.164194 9.99641E-05 9.99641E-05 0.399977 9.99641E-05
0.00266841 9.99731E-05 0.193581 0.0200677 9.99731E-05 9.99731E-05 0.331219 0.452163
9.994E-05 9.994E-05 9.994E-05 0.9993 9.994E-05 9.994E-05 9.994E-05 9.994E-05
9.994E-05 9.994E-05 9.994E-05 0.9993 9.994E-05 9.994E-05 9.994E-05 9.994E-05
0.0271952 0.157011 0.160962 9.9964E-05 9.9964E-05 0.654432 9.9964E-05 9.9964E-05
0.0235122 9.99461E-05 0.975888 9.99461E-05 9.99461E-05 9.99461E-05 9.99461E-05 9.99461E-05
0.950756 0.00182133 9.9964E-05 9.9964E-05 0.00968691 0.0373356 9.9964E-05 9.9964E-05
0.934496 9.9964E-05 9.9964E-05 0.012909 0.00790635 0.0442888 9.9964E-05 9.9964E-05
9.9955E-05 9.9955E-05 0.169279 0.0654998 9.9955E-05 9.9955E-05 9.9955E-05 0.764721
0.00116448 0.323831 0.150472 0.341636 0.0754668 9.99844E-05 9.99844E-05 0.107231
9.9973E-05 9.9973E-05 9.9973E-05 0.109545 0.695614 0.0303789 0.061301 0.102862
9.9955E-05 0.0787132 0.0153406 9.9955E-05 0.905446 9.9955E-05 9.9955E-05 9.9955E-05
9.99639E-05 0.0565347 9.99639E-05 0.5059 9.99639E-05 0.120987 9.99639E-05 0.316179
9.994E-05 9.994E-05 9.994E-05 9.994E-05 0.9993 9.994E-05 9.994E-05 9.994E-05
9.9973E-05 0.0272926 0.0819334 0.0779238 9.9973E-05 0.503129 9.9973E-05 0.309421
0.0221947 0.284884 9.9973E-05 0.276746 0.413271 9.9973E-05 0.00260511 9.9973E-05
9.9955E-05 0.032969 9.9955E-05 0.0516 0.914931 9.9955E-05 9.9955E-05 9.9955E-05
0.975235 9.99461E-05 9.99461E-05 9.99461E-05 9.99461E-05 9.99461E-05 0.0241649 9.99461E-05
0.9993 9.994E-05 9.994E-05 9.994E-05 9.994E-05 9.994E-05 9.994E-05 9.994E-05
9.99639E-05 0.0523329 0.777562 0.0738049 9.99639E-05 0.0959001 9.99639E-05 9.99639E-05
0.915315 9.9955E-05 0.0169484 9.9955E-05 9.9955E-05 9.9955E-05 0.0672364 9.9955E-05
0.889175 9.9964E-05 0.0116486 9.9964E-05 9.9964E-05 9.9964E-05 0.0965186 0.00225841
0.652366 0.0402836 0.0120285 9.99731E-05 0.0111335 9.99731E-05 0.283889 9.99731E-05
0.653993 0.0184985 9.9964E-05 0.0441453 9.9964E-05 9.9964E-05 0.282963 9.9964E-05
0.0957347 9.99642E-05 9.99642E-05 9.99642E-05 9.99642E-05 0.158213 0.539725 0.205927
0.988973 9.99461E-05 9.99461E-05 9.99461E-05 9.99461E-05 9.99461E-05 9.99461E-05 0.0104269
0.0724538 9.99551E-05 9.99551E-05 9.99551E-05 9.99551E-05 0.00523082 0.921816 9.99551E-05
0.0353101 0.199986 0.524591 0.133257 9.99819E-05 0.0898006 0.0168544 9.99819E-05
0.981644 9.99459E-05 0.0177563 9.99459E-05 9.99459E-05 9.99459E-05 9.99459E-05 9.99459E-05
0.0328612 9.9946E-05 9.9946E-05 9.9946E-05 9.9946E-05 0.966539 9.9946E-05 9.9946E-05
0.0703587 9.9982E-05 9.9982E-05 0.643503 0.000297642 0.156695 0.0779634 0.0509819
0.132361 0.374172 0.165169 0.181873 0.061184 0.0185089 9.9991E-05 0.0666315
0.0818787 0.015616 9.99729E-05 0.243683 9.99729E-05 0.268234 9.99729E-05 0.390289
0.0181722 0.00848487 9.99819E-05 0.254801 0.027544 0.330097 9.99819E-05 0.360701
9.99549E-05 9.99549E-05 9.99549E-05 0.909899 9.99549E-05 0.049326 9.99549E-05 0.0402749
9.9946E-05 9.9946E-05 0.0764103 9.9946E-05 9.9946E-05 9.9946E-05 9.9946E-05 0.92299
9.9955E-05 9.9955E-05 0.0181787 0.945172 9.9955E-05 0.0361498 9.9955E-05 9.9955E-05
9.9982E-05 0.119765 0.183777 0.399911 0.0916567 0.0640264 9.9982E-05 0.140663
0.0699735 0.00322593 0.000878284 0.500473 0.0227515 0.168316 9.9991E-05 0.234281
0.118505 0.0701831 0.244043 0.341249 9.9982E-05 0.214143 0.0116775 9.9982E-05
9.99463E-05 9.99463E-05 9.99463E-05 9.99463E-05 0.0221787 0.977222 9.99463E-05 9.99463E-05
9.994E-05 9.994E-05 9.994E-05 9.994E-05 9.994E-05 9.994E-05 0.9993 9.994E-05
9.994E-05 9.994E-05 9.994E-05 9.994E-05 9.994E-05 9.994E-05 0.9993 9.994E-05
9.994E-05 9.994E-05 9.994E-05 9.994E-05 9.994E-05 9.994E-05 0.9993 9.994E-05
9.994E-05 9.994E-05 9.994E-05 9.994E-05 9.994E-05 9.994E-05 0.9993 9.994E-05
9.994E-05 9.994E-05 9.994E-05 9.994E-05 9.994E-05 9.994E-05 0.9993 9.994E-05
0.187851 9.99821E-05 0.0385117 0.126064 0.0118915 9.99821E-05 0.598723 0.0367585
9.99549E-05 9.99549E-05 9.99549E-05 9.99549E-05 9.99549E-05 0.00115798 0.994 0.00434269
9.99549E-05 9.99549E-05 0.0454665 9.99549E-05 9.99549E-05 0.812543 9.99549E-05 0.14149
0.090196 9.99639E-05 9.99639E-05 9.99639E-05 9.99639E-05 0.121534 0.506496 0.281375
0.993501 9.99459E-05 9.99459E-05 9.99459E-05 9.99459E-05 0.00589933 9.99459E-05 9.99459E-05
9.9973E-05 0.0386451 0.800847 9.9973E-05 9.9973E-05 0.0774708 0.00592784 0.0768095
9.99551E-05 9.99551E-05 0.0868606 9.99551E-05 9.99551E-05 0.0154061 9.99551E-05 0.897234
9.99462E-05 9.99462E-05 0.984275 9.99462E-05 9.99462E-05 9.99462E-05 9.99462E-05 0.0151255
9.99549E-05 9.99549E-05 0.880585 0.0923214 9.99549E-05 0.0265936 9.99549E-05 9.99549E-05
9.99549E-05 0.0617841 0.838139 0.0995767 9.99549E-05 9.99549E-05 9.99549E-05 9.99549E-05
9.99551E-05 9.99551E-05 9.99551E-05 9.99551E-05 0.907131 0.0837587 0.00861035 9.99551E-05
0.994618 9.99462E-05 9.99462E-05 0.00478236 9.99462E-05 9.99462E-05 9.99462E-05 9.99462E-05
0.24767 0.0741059 0.209595 0.0642882 0.0712925 0.021971 0.189201 0.121877
0.954541 9.99551E-05 0.0349505 9.99551E-05 9.99551E-05 9.99551E-05 9.99551E-05 0.0100088
0.963549 9.9946E-05 9.9946E-05 9.9946E-05 9.9946E-05 0.0358518 9.9946E-05 9.9946E-05
0.912935 9.9955E-05 9.9955E-05 9.9955E-05 9.9955E-05 9.9955E-05 0.0549435 0.0316215
0.936672 9.9964E-05 9.9964E-05 9.9964E-05 0.0048111 9.9964E-05 0.0256378 0.0324796
0.873478 0.0251578 9.9973E-05 0.0760837 9.9973E-05 0.00894836 0.0160323 9.9973E-05
0.994861 0.00453916 9.99459E-05 9.99459E-05 9.99459E-05 9.99459E-05 9.99459E-05 9.99459E-05
0.50197 9.99553E-05 9.99553E-05 0.0357535 9.99553E-05 9.99553E-05 0.461777 9.99553E-05
0.494218 9.99553E-05 0.154612 9.99553E-05 9.99553E-05 9.99553E-05 0.35067 9.99553E-05
0.96793 9.9955E-05 9.9955E-05 0.0272854 9.9955E-05 9.9955E-05 9.9955E-05 0.00428459
9.99459E-05 0.0285403 9.99459E-05 9.99459E-05 9.99459E-05 9.99459E-05 9.99459E-05 0.97086
9.994E-05 9.994E-05 9.994E-05 9.994E-05 9.994E-05 9.994E-05 9.994E-05 0.9993
9.994E-05 0.9993 9.994E-05 9.994E-05 9.994E-05 9.994E-05 9.994E-05 9.994E-05
9.994E-05 0.9993 9.994E-05 9.994E-05 9.994E-05 9.994E-05 9.994E-05 9.994E-05
9.99639E-05 9.99639E-05 9.99639E-05 0.729301 9.99639E-05 0.0791395 0.00960444 0.181556
9.99639E-05 9.99639E-05 0.0434114 0.688076 9.99639E-05 0.0548186 9.99639E-05 0.213294
9.9946E-05 0.9927 9.9946E-05 9.9946E-05 9.9946E-05 9.9946E-05 0.00669993 9.9946E-05
9.994E-05 0.9993 9.994E-05 9.994E-05 9.994E-05 9.994E-05 9.994E-05 9.994E-05
9.99549E-05 9.99549E-05 0.037553 9.99549E-05 9.99549E-05 0.960732 0.00121492 9.99549E-05
9.9973E-05 9.9973E-05 0.177771 0.0987559 0.0668093 0.0309991 9.9973E-05 0.625364
0.0886113 9.9964E-05 9.9964E-05 9.9964E-05 9.9964E-05 0.0938237 0.566621 0.250544
0.0662163 0.172843 0.26612 0.407846 0.0866747 9.99731E-05 9.99731E-05 9.99731E-05
9.9982E-05 0.286199 0.429355 0.0278256 0.0873601 0.137491 9.9982E-05 0.0315693
0.623313 0.0105068 0.00722074 0.00507084 0.0268048 9.99821E-05 0.326884 9.99821E-05
