9.99549E-05 9.99549E-05 9.99549E-05 0.0241911 0.0451268 0.930182 9.99549E-05 9.99549E-05
9.99639E-05 0.589983 9.99639E-05 0.0541963 9.99639E-05 0.179043 9.99639E-05 0.176377
0.0567604 0.18926 9.99732E-05 0.00312831 9.99732E-05 9.99732E-05 0.0481552 0.702396
9.9946E-05 9.9946E-05 9.9946E-05 0.0578847 9.9946E-05 9.9946E-05 9.9946E-05 0.941516
9.997E-05 0.298002 0.0871493 9.997E-05 0.126198 0.0762684 9.997E-05 0.412082
9.9946E-05 9.9946E-05 9.9946E-05 0.0250839 9.9946E-05 9.9946E-05 9.9946E-05 0.974316
9.9946E-05 0.688773 9.9946E-05 9.9946E-05 9.9946E-05 9.9946E-05 0.310627 9.9946E-05
9.997E-05 0.4252 0.161647 0.0299894 0.0227714 9.997E-05 9.997E-05 0.360091
9.9946E-05 0.77944 9.9946E-05 9.9946E-05 9.9946E-05 9.9946E-05 0.21996 9.9946E-05
9.99461E-05 0.0356481 9.99461E-05 9.99461E-05 0.963752 9.99461E-05 9.99461E-05 9.99461E-05
9.994E-05 9.994E-05 9.994E-05 9.994E-05 0.9993 9.994E-05 9.994E-05 9.994E-05
9.9964E-05 9.9964E-05 9.9964E-05 0.114057 9.9964E-05 0.696941 0.150041 0.0385609
9.994E-05 9.994E-05 9.994E-05 9.994E-05 9.994E-05 9.994E-05 0.9993 9.994E-05
0.0221845 9.9955E-05 9.9955E-05 9.9955E-05 9.9955E-05 0.0367934 9.9955E-05 0.940522
0.000419341 9.9964E-05 9.9964E-05 9.9964E-05 0.0307834 0.0320317 9.9964E-05 0.936366
9.9982E-05 0.0495819 0.00318845 9.9982E-05 0.578212 0.0518192 0.316532 0.000466647
0.0832792 9.9973E-05 9.9973E-05 0.293237 0.425585 0.0512811 0.146318 9.9973E-05
0.712846 0.0218901 0.0253111 9.9973E-05 0.226584 0.0130684 9.9973E-05 9.9973E-05
0.891217 9.9946E-05 9.9946E-05 0.108184 9.9946E-05 9.9946E-05 9.9946E-05 9.9946E-05
9.996E-05 9.996E-05 9.996E-05 0.0632679 0.81623 0.108862 0.0112403 9.996E-05
0.9993 9.994E-05 9.994E-05 9.994E-05 9.994E-05 9.994E-05 9.994E-05 9.994E-05
9.9973E-05 9.9973E-05 9.9973E-05 0.00661378 0.320521 0.548563 0.116648 0.00735385
0.407593 9.99641E-05 0.0238467 0.326933 0.241227 9.99641E-05 9.99641E-05 9.99641E-05
0.921181 9.99459E-05 9.99459E-05 0.0782197 9.99459E-05 9.99459E-05 9.99459E-05 9.99459E-05
9.994E-05 9.994E-05 9.994E-05 9.994E-05 9.994E-05 9.994E-05 9.994E-05 0.9993
9.99461E-05 9.99461E-05 0.0045186 9.99461E-05 9.99461E-05 9.99461E-05 9.99461E-05 0.994882
9.997E-05 9.997E-05 0.00381333 0.0556855 0.108566 0.0524802 0.779155 9.997E-05
9.9946E-05 9.9946E-05 0.047012 9.9946E-05 9.9946E-05 9.9946E-05 9.9946E-05 0.952388
9.9964E-05 0.0048199 0.0747756 9.9964E-05 9.9964E-05 0.0153126 9.9964E-05 0.904692
0.00642437 0.110365 0.131691 0.0198381 9.99821E-05 0.0402038 9.99821E-05 0.691278
9.9964E-05 0.160128 0.150286 0.0484105 9.9964E-05 9.9964E-05 9.9964E-05 0.640776
9.9964E-05 0.923153 0.0238284 9.9964E-05 9.9964E-05 0.051808 9.9964E-05 0.000810301
9.99462E-05 9.99462E-05 9.99462E-05 0.00458457 9.99462E-05 9.99462E-05 9.99462E-05 0.994816
9.99641E-05 0.115271 0.766664 0.0109538 9.99641E-05 9.99641E-05 9.99641E-05 0.106711
9.99819E-05 9.99819E-05 0.00722515 0.206736 0.0780774 0.0934505 0.55965 0.0546608
9.9946E-05 9.9946E-05 9.9946E-05 9.9946E-05 0.0170636 9.9946E-05 9.9946E-05 0.982337
9.99461E-05 9.99461E-05 9.99461E-05 9.99461E-05 9.99461E-05 0.995712 9.99461E-05 0.00368786
0.0189804 0.151329 0.000852271 9.9982E-05 0.709923 0.0746775 9.9982E-05 0.0440384
0.0707557 9.9982E-05 9.9982E-05 0.372372 0.213763 0.0281638 0.17322 0.141525
0.00305254 9.99729E-05 9.99729E-05 0.0247308 0.586401 0.273131 9.99729E-05 0.112385
0.00233723 9.99729E-05 9.99729E-05 0.0198998 0.613427 0.29105 9.99729E-05 0.0729854
0.000701088 9.9946E-05 9.9946E-05 9.9946E-05 0.998699 9.9946E-05 9.9946E-05 9.9946E-05
9.99639E-05 0.112085 9.99639E-05 9.99639E-05 0.559827 0.127952 0.199736 9.99639E-05
9.9955E-05 9.9955E-05 9.9955E-05 0.00446027 0.961832 9.9955E-05 0.0332083 9.9955E-05
0.103824 9.9973E-05 9.9973E-05 0.130706 0.554479 0.0338527 0.176838 9.9973E-05
0.00901998 9.9982E-05 9.9982E-05 0.0497759 0.644942 0.141863 0.051374 0.102825
9.998E-05 9.998E-05 0.0256381 0.108654 0.277683 0.263191 0.220333 0.104301
0.00872158 9.99463E-05 9.99463E-05 9.99463E-05 9.99463E-05 0.990679 9.99463E-05 9.99463E-05
9.994E-05 9.994E-05 0.9993 9.994E-05 9.994E-05 9.994E-05 9.994E-05 9.994E-05
9.994E-05 9.994E-05 0.9993 9.994E-05 9.994E-05 9.994E-05 9.994E-05 9.994E-05
9.994E-05 9.994E-05 0.9993 9.994E-05 9.994E-05 9.994E-05 9.994E-05 9.994E-05
9.9946E-05 9.9946E-05 0.969949 9.9946E-05 9.9946E-05 9.9946E-05 9.9946E-05 0.0294518
9.994E-05 9.994E-05 0.9993 9.994E-05 9.994E-05 9.994E-05 9.994E-05 9.994E-05
0.0156678 0.246939 0.462958 9.99731E-05 9.99731E-05 9.99731E-05 0.0748097 0.199326
9.9955E-05 9.9955E-05 0.961718 9.9955E-05 0.00695555 0.030827 9.9955E-05 9.9955E-05
9.99549E-05 9.99549E-05 9.99549E-05 9.99549E-05 0.0355932 0.919978 0.0439287 9.99549E-05
9.99638E-05 0.833866 0.06879 0.0454194 9.99638E-05 0.0515251 9.99638E-05 9.99638E-05
9.994E-05 9.994E-05 9.994E-05 9.994E-05 9.994E-05 9.994E-05 9.994E-05 0.9993
9.9964E-05 9.9964E-05 0.0151231 0.0440707 9.9964E-05 0.0905897 0.849817 9.9964E-05
9.996E-05 9.996E-05 9.996E-05 9.996E-05 0.429941 0.173079 0.278325 0.118255
9.994E-05 9.994E-05 9.994E-05 9.994E-05 9.994E-05 9.994E-05 0.9993 9.994E-05
9.99459E-05 9.99459E-05 9.99459E-05 9.99459E-05 0.0997056 9.99459E-05 0.899695 9.99459E-05
9.99549E-05 9.99549E-05 9.99549E-05 0.0683961 0.0417923 9.99549E-05 0.889312 9.99549E-05
0.886484 9.99462E-05 9.99462E-05 9.99462E-05 9.99462E-05 0.112917 9.99462E-05 9.99462E-05
9.994E-05 9.994E-05 9.994E-05 9.994E-05 9.994E-05 9.994E-05 9.994E-05 0.9993
0.00414474 9.999E-05 0.203982 0.0889743 0.206485 0.10425 0.0983166 0.293747
9.99552E-05 0.0416758 9.99552E-05 9.99552E-05 9.99552E-05 9.99552E-05 0.0182826 0.939542
9.9955E-05 9.9955E-05 0.0108336 9.9955E-05 9.9955E-05 0.0194626 9.9955E-05 0.969204
9.996E-05 0.00226389 0.059719 9.996E-05 9.996E-05 9.996E-05 0.0163557 0.921261
0.0089777 0.0203478 0.0173907 9.9973E-05 9.9973E-05 0.00244656 9.9973E-05 0.950537
9.997E-05 0.0628385 9.997E-05 0.00362112 0.0561819 0.014283 9.997E-05 0.862776
9.994E-05 9.994E-05 9.994E-05 9.994E-05 9.994E-05 9.994E-05 9.994E-05 0.9993
9.99552E-05 0.370269 0.172199 9.99552E-05 9.99552E-05 9.99552E-05 9.99552E-05 0.457032
9.99642E-05 0.487962 0.0594997 9.99642E-05 9.99642E-05 9.99642E-05 0.0398159 0.412323
9.995E-05 9.995E-05 0.0268426 9.995E-05 0.00773335 9.995E-05 9.995E-05 0.964924
9.999E-05 0.175321 0.013889 0.0384033 0.590435 0.0238125 0.0836239 0.0744155
9.9991E-05 0.14462 0.0343685 0.0195956 0.633503 0.0400548 0.0836628 0.0440952
9.994E-05 9.994E-05 9.994E-05 0.9993 9.994E-05 9.994E-05 9.994E-05 9.994E-05
9.994E-05 9.994E-05 9.994E-05 0.9993 9.994E-05 9.994E-05 9.994E-05 9.994E-05
9.9946E-05 0.0392374 9.9946E-05 9.9946E-05 0.960163 9.9946E-05 9.9946E-05 9.9946E-05
9.9964E-05 0.0336673 0.00713128 9.9964E-05 0.90445 9.9964E-05 0.0543515 9.9964E-05
9.9946E-05 0.0067655 9.9946E-05 0.992635 9.9946E-05 9.9946E-05 9.9946E-05 9.9946E-05
9.994E-05 9.994E-05 9.994E-05 0.9993 9.994E-05 9.994E-05 9.994E-05 9.994E-05
9.995E-05 9.995E-05 0.00769424 9.995E-05 9.995E-05 0.958148 0.0336576 9.995E-05
0.0570239 0.1332 9.9973E-05 9.9973E-05 0.511785 0.0778397 0.219851 9.9973E-05
9.99548E-05 0.870961 0.0674258 9.99548E-05 9.99548E-05 0.0611138 9.99548E-05 9.99548E-05
0.115981 9.99731E-05 9.99731E-05 0.246194 0.183493 9.99731E-05 0.374932 0.0790996
0.0674227 9.99641E-05 9.99641E-05 0.335451 9.99641E-05 0.199581 0.397145 9.99641E-05
0.0339718 0.268259 0.109882 0.0115832 9.99731E-05 9.99731E-05 9.99731E-05 0.576004
