9.99369E-05 9.99369E-05 9.99369E-05 9.99369E-05 0.0510275 9.99369E-05 0.948273 9.99369E-05 9.99369E-05
9.99639E-05 9.99639E-05 9.99639E-05 0.196202 0.0169292 0.577066 0.136836 0.0725674 9.99639E-05
0.0443197 9.99643E-05 0.00523622 0.735719 9.99643E-05 0.125797 9.99643E-05 0.0885283 9.99643E-05
9.9946E-05 9.9946E-05 9.9946E-05 0.955182 0.034816 9.9946E-05 9.9946E-05 0.00940246 9.9946E-05
9.99641E-05 9.99641E-05 9.99641E-05 0.360376 0.152976 0.396022 0.038724 9.99641E-05 0.0515019
0.00925715 9.9955E-05 9.9955E-05 0.971816 0.00857586 9.9955E-05 9.9955E-05 0.00985075 9.9955E-05
9.99369E-05 9.99369E-05 0.226589 9.99369E-05 9.99369E-05 0.772712 9.99369E-05 9.99369E-05 9.99369E-05
9.9964E-05 9.9964E-05 9.9964E-05 0.340313 0.0229425 0.38438 9.9964E-05 0.0324109 0.219554
9.99459E-05 9.99459E-05 0.150842 9.99459E-05 0.0589264 0.789632 9.99459E-05 9.99459E-05 9.99459E-05
9.99371E-05 9.99371E-05 9.99371E-05 9.99371E-05 0.972959 0.0263417 9.99371E-05 9.99371E-05 9.99371E-05
9.99372E-05 9.99372E-05 9.99372E-05 9.99372E-05 0.991449 0.00785184 9.99372E-05 9.99372E-05 9.99372E-05
9.9955E-05 9.9955E-05 0.156611 0.0309257 9.9955E-05 9.9955E-05 0.691033 0.120931 9.9955E-05
9.993E-05 9.993E-05 0.999201 9.993E-05 9.993E-05 9.993E-05 9.993E-05 9.993E-05 9.993E-05
9.9946E-05 0.0276965 9.9946E-05 0.933387 9.9946E-05 9.9946E-05 0.0383172 9.9946E-05 9.9946E-05
0.00564408 9.9946E-05 9.9946E-05 0.916017 9.9946E-05 9.9946E-05 0.0777394 9.9946E-05 9.9946E-05
9.9964E-05 9.9964E-05 0.342855 0.015918 0.557259 9.9964E-05 0.0477442 9.9964E-05 0.0358238
9.99551E-05 0.082566 0.170996 9.99551E-05 0.42616 9.99551E-05 9.99551E-05 0.319778 9.99551E-05
9.99639E-05 0.728197 9.99639E-05 9.99639E-05 0.160946 0.0580475 0.0169007 9.99639E-05 0.0355089
0.0468636 0.876297 0.0143364 9.9955E-05 9.9955E-05 9.9955E-05 9.9955E-05 0.0620031 9.9955E-05
9.9955E-05 9.9955E-05 0.0267628 9.9955E-05 0.784919 9.9955E-05 0.0948228 0.0929957 9.9955E-05
0.0030495 0.996251 9.99371E-05 9.99371E-05 9.99371E-05 9.99371E-05 9.99371E-05 9.99371E-05 9.99371E-05
9.99459E-05 9.99459E-05 0.116198 9.99459E-05 0.351558 9.99459E-05 0.531644 9.99459E-05 9.99459E-05
9.9964E-05 0.446111 9.9964E-05 0.00375207 0.222451 9.9964E-05 9.9964E-05 0.302284 0.0250022
9.9946E-05 0.937059 9.9946E-05 9.9946E-05 0.00510066 9.9946E-05 9.9946E-05 0.0572411 9.9946E-05
9.993E-05 9.993E-05 9.993E-05 0.999201 9.993E-05 9.993E-05 9.993E-05 9.993E-05 9.993E-05
9.993E-05 9.993E-05 9.993E-05 0.999201 9.993E-05 9.993E-05 9.993E-05 9.993E-05 9.993E-05
9.99549E-05 9.99549E-05 0.808479 9.99549E-05 0.0997355 9.99549E-05 0.0537931 0.0374923 9.99549E-05
9.9955E-05 9.9955E-05 0.00131951 0.933422 9.9955E-05 0.01587 9.9955E-05 9.9955E-05 0.048889
9.9946E-05 9.9946E-05 0.0356866 0.878092 9.9946E-05 9.9946E-05 9.9946E-05 9.9946E-05 0.0856221
0.0552894 9.99641E-05 9.99641E-05 0.681088 9.99641E-05 0.00294207 9.99641E-05 0.0339449 0.226335
9.9955E-05 9.9955E-05 9.9955E-05 0.612402 9.9955E-05 0.136385 9.9955E-05 0.0630603 0.187653
9.9955E-05 9.9955E-05 9.9955E-05 0.0416922 9.9955E-05 0.831746 0.0395565 9.9955E-05 0.0865053
9.99372E-05 9.99372E-05 9.99372E-05 0.995207 9.99372E-05 9.99372E-05 9.99372E-05 0.00409354 9.99372E-05
9.99551E-05 9.99551E-05 9.99551E-05 0.0974262 9.99551E-05 0.0973315 9.99551E-05 0.000391507 0.804351
9.99729E-05 9.99729E-05 0.554893 0.00903091 0.112431 9.99729E-05 0.0784319 0.22241 0.0225023
9.99369E-05 9.99369E-05 0.0463388 0.952962 9.99369E-05 9.99369E-05 9.99369E-05 9.99369E-05 9.99369E-05
9.993E-05 9.993E-05 9.993E-05 9.993E-05 9.993E-05 9.993E-05 0.999201 9.993E-05 9.993E-05
0.0315958 9.9964E-05 9.9964E-05 0.0449348 0.674149 0.160703 0.0882175 9.9964E-05 9.9964E-05
9.997E-05 0.0461788 0.182697 0.126803 0.287105 9.997E-05 0.00446548 0.35245 9.997E-05
9.99549E-05 9.99549E-05 9.99549E-05 0.129727 0.603671 9.99549E-05 0.258805 0.00729602 9.99549E-05
9.99639E-05 0.00624239 9.99639E-05 0.0948137 0.606955 9.99639E-05 0.267759 0.0238305 9.99639E-05
9.993E-05 9.993E-05 9.993E-05 9.993E-05 0.999201 9.993E-05 9.993E-05 9.993E-05 9.993E-05
9.99549E-05 9.99549E-05 0.217107 9.99549E-05 0.534305 0.151245 0.0968425 9.99549E-05 9.99549E-05
9.9946E-05 9.9946E-05 0.0153993 9.9946E-05 0.976878 9.9946E-05 9.9946E-05 0.00712261 9.9946E-05
9.9973E-05 0.112229 0.166263 9.9973E-05 0.489304 0.010056 0.073402 0.148446 9.9973E-05
0.103373 9.9973E-05 0.05496 0.0788526 0.632573 9.9973E-05 0.103568 0.0263735 9.9973E-05
0.029169 9.9982E-05 0.225644 0.0937127 0.330888 9.9982E-05 0.190264 0.100954 0.0291689
9.99374E-05 0.0260186 9.99374E-05 9.99374E-05 9.99374E-05 9.99374E-05 0.973282 9.99374E-05 9.99374E-05
9.993E-05 9.993E-05 9.993E-05 9.993E-05 9.993E-05 9.993E-05 9.993E-05 9.993E-05 0.999201
9.9937E-05 0.00450497 9.9937E-05 9.9937E-05 9.9937E-05 9.9937E-05 9.9937E-05 9.9937E-05 0.994795
9.993E-05 9.993E-05 9.993E-05 9.993E-05 9.993E-05 9.993E-05 9.993E-05 9.993E-05 0.999201
9.9937E-05 9.9937E-05 9.9937E-05 9.9937E-05 9.9937E-05 9.9937E-05 0.00703824 9.9937E-05 0.992262
9.993E-05 9.993E-05 9.993E-05 9.993E-05 9.993E-05 9.993E-05 9.993E-05 9.993E-05 0.999201
9.99731E-05 0.0369107 9.99731E-05 0.189691 0.060705 0.221315 9.99731E-05 0.00688088 0.484197
9.9937E-05 9.9937E-05 9.9937E-05 9.9937E-05 9.9937E-05 9.9937E-05 0.011694 9.9937E-05 0.987606
9.99459E-05 9.99459E-05 0.0476983 9.99459E-05 0.0811227 9.99459E-05 0.870579 9.99459E-05 9.99459E-05
9.99638E-05 9.99638E-05 9.99638E-05 0.001091 9.99638E-05 0.718032 0.109327 0.0258889 0.145261
9.993E-05 9.993E-05 9.993E-05 0.999201 9.993E-05 9.993E-05 9.993E-05 9.993E-05 9.993E-05
9.9955E-05 9.9955E-05 0.829096 9.9955E-05 9.9955E-05 9.9955E-05 0.126163 0.0138008 0.0304403
9.99551E-05 9.99551E-05 0.321038 0.061537 0.448898 9.99551E-05 0.168028 9.99551E-05 9.99551E-05
9.993E-05 9.993E-05 0.999201 9.993E-05 9.993E-05 9.993E-05 9.993E-05 9.993E-05 9.993E-05
9.99459E-05 9.99459E-05 0.8881 9.99459E-05 0.103136 9.99459E-05 0.00816456 9.99459E-05 9.99459E-05
9.99459E-05 9.99459E-05 0.865031 9.99459E-05 0.0680548 9.99459E-05 9.99459E-05 0.0663148 9.99459E-05
0.999201 9.993E-05 9.993E-05 9.993E-05 9.993E-05 9.993E-05 9.993E-05 9.993E-05 9.993E-05
9.993E-05 9.993E-05 9.993E-05 0.999201 9.993E-05 9.993E-05 9.993E-05 9.993E-05 9.993E-05
0.0292032 9.9991E-05 0.149623 0.263846 0.125209 0.173262 0.0609256 0.0733138 0.124517
9.99462E-05 9.99462E-05 0.0293487 0.962821 9.99462E-05 0.00723095 9.99462E-05 9.99462E-05 9.99462E-05
9.9946E-05 9.9946E-05 9.9946E-05 0.943141 9.9946E-05 9.9946E-05 0.0483475 9.9946E-05 0.00791149
9.9955E-05 9.9955E-05 0.0165751 0.875087 9.9955E-05 0.0372208 9.9955E-05 9.9955E-05 0.0706176
9.9964E-05 0.00605405 9.9964E-05 0.945953 9.9964E-05 0.033397 0.00629101 9.9964E-05 0.00790469
9.99551E-05 9.99551E-05 9.99551E-05 0.915595 0.0560458 9.99551E-05 0.0169163 0.0109428 9.99551E-05
9.99369E-05 9.99369E-05 9.99369E-05 0.987909 9.99369E-05 9.99369E-05 9.99369E-05 0.011391 9.99369E-05
9.99463E-05 9.99463E-05 9.99463E-05 0.45035 9.99463E-05 0.35529 9.99463E-05 9.99463E-05 0.19376
9.99463E-05 9.99463E-05 9.99463E-05 0.459801 9.99463E-05 0.483471 9.99463E-05 9.99463E-05 0.0561278
9.9955E-05 0.00867768 9.9955E-05 0.94772 0.0201773 9.9955E-05 9.9955E-05 9.9955E-05 0.0229254
9.99729E-05 9.99729E-05 0.0697599 0.0746204 0.643041 0.143738 0.0662174 9.99729E-05 0.00232371
9.9982E-05 9.9982E-05 0.131511 0.0684239 0.604441 0.141528 0.0317567 0.0171518 0.00498751
9.993E-05 9.993E-05 9.993E-05 9.993E-05 9.993E-05 9.993E-05 9.993E-05 0.999201 9.993E-05
9.993E-05 9.993E-05 9.993E-05 9.993E-05 9.993E-05 9.993E-05 9.993E-05 0.999201 9.993E-05
0.00419053 9.9964E-05 9.9964E-05 9.9964E-05 0.898278 0.0701489 0.0264855 9.9964E-05 0.000497173
0.0112233 9.9955E-05 0.00305139 9.9955E-05 0.961576 0.0236495 9.9955E-05 9.9955E-05 9.9955E-05
9.9937E-05 9.9937E-05 9.9937E-05 9.9937E-05 9.9937E-05 0.0248336 9.9937E-05 0.974467 9.9937E-05
9.993E-05 9.993E-05 9.993E-05 9.993E-05 9.993E-05 9.993E-05 9.993E-05 0.999201 9.993E-05
9.99459E-05 9.99459E-05 0.0204474 9.99459E-05 9.99459E-05 9.99459E-05 0.977639 9.99459E-05 0.00131359
9.99639E-05 0.0469921 0.257177 9.99639E-05 0.504363 0.133319 0.0577494 9.99639E-05 9.99639E-05
9.99549E-05 9.99549E-05 9.99549E-05 9.99549E-05 9.99549E-05 0.784236 0.0617225 0.00759035 0.145952
9.99641E-05 0.110448 0.327241 0.0752361 0.213162 9.99641E-05 9.99641E-05 0.273513 9.99641E-05
9.99551E-05 0.0866352 0.38547 9.99551E-05 9.99551E-05 9.99551E-05 0.209712 0.317683 9.99551E-05
0.00489708 0.019802 9.99642E-05 0.57365 9.99642E-05 0.220954 9.99642E-05 9.99642E-05 0.180297
