9.996E-05 9.996E-05 9.996E-05 9.996E-05 9.996E-05 0.9995
0.237917 0.297358 9.9973E-05 9.9973E-05 9.9973E-05 0.464425
0.0623217 0.768072 9.99822E-05 0.125969 0.0434379 9.99822E-05
9.9964E-05 0.969376 9.9964E-05 9.9964E-05 0.0302243 9.9964E-05
0.256734 0.453608 9.99731E-05 9.99731E-05 9.99731E-05 0.289358
9.996E-05 0.9995 9.996E-05 9.996E-05 9.996E-05 9.996E-05
0.400896 9.99641E-05 9.99641E-05 0.598704 9.99641E-05 9.99641E-05
0.472292 0.409366 9.9982E-05 9.9982E-05 0.0492643 0.0688775
0.461801 9.99731E-05 9.99731E-05 0.456025 9.99731E-05 0.0818745
0.0950609 9.99731E-05 9.99731E-05 9.99731E-05 0.0667553 0.837884
0.0998545 9.9982E-05 9.9982E-05 0.0330671 0.0774836 0.789395
9.9982E-05 0.036066 9.9982E-05 0.175631 0.105051 0.683052
9.996E-05 9.996E-05 9.996E-05 0.9995 9.996E-05 9.996E-05
9.9973E-05 0.968382 0.0184943 9.9973E-05 9.9973E-05 0.0128239
9.9973E-05 0.920653 0.00249224 9.9973E-05 9.9973E-05 0.0765548
0.0321189 0.0106881 9.9982E-05 0.430747 9.9982E-05 0.526247
9.999E-05 0.0137231 0.0789124 0.214706 0.326774 0.365785
0.0728247 9.99729E-05 0.70618 9.99729E-05 9.99729E-05 0.220696
9.9964E-05 9.9964E-05 0.935357 9.9964E-05 0.064243 9.9964E-05
9.9973E-05 9.9973E-05 9.9973E-05 0.0742657 0.135204 0.790231
9.996E-05 9.996E-05 0.9995 9.996E-05 9.996E-05 9.996E-05
9.9973E-05 9.9973E-05 9.9973E-05 0.109937 0.00759593 0.882167
0.0726135 9.9982E-05 0.387543 9.9982E-05 0.383703 0.15594
9.9964E-05 9.9964E-05 0.894389 9.9964E-05 0.105211 9.9964E-05
9.996E-05 0.9995 9.996E-05 9.996E-05 9.996E-05 9.996E-05
9.996E-05 0.9995 9.996E-05 9.996E-05 9.996E-05 9.996E-05
9.99729E-05 9.99729E-05 9.99729E-05 0.790891 0.0754059 0.133403
0.0886016 0.910999 9.9964E-05 9.9964E-05 9.9964E-05 9.9964E-05
0.115022 0.880255 9.9973E-05 0.00442377 9.9973E-05 9.9973E-05
0.244679 0.70195 0.0378321 9.9982E-05 9.9982E-05 0.0153394
0.282992 0.672375 9.9973E-05 9.9973E-05 0.044333 9.9973E-05
0.544672 0.104318 9.99731E-05 9.99731E-05 9.99731E-05 0.350711
9.99641E-05 0.974956 9.99641E-05 9.99641E-05 0.024644 9.99641E-05
0.881342 0.104159 9.9973E-05 9.9973E-05 0.0141999 9.9973E-05
9.99819E-05 0.0310187 9.99819E-05 0.567894 0.212961 0.187927
9.99639E-05 0.987647 9.99639E-05 0.0119529 9.99639E-05 9.99639E-05
9.99642E-05 0.044276 9.99642E-05 9.99642E-05 9.99642E-05 0.955324
0.12576 0.00888668 0.0187065 9.9982E-05 9.9982E-05 0.846447
9.9991E-05 0.139881 0.0513081 0.234778 0.368683 0.205249
9.9973E-05 0.113273 9.9973E-05 9.9973E-05 0.0153309 0.871096
9.9973E-05 0.0586366 9.9973E-05 9.9973E-05 0.0497898 0.891274
9.9982E-05 9.9982E-05 0.0160094 0.00654155 0.0573622 0.919887
0.0451075 9.9973E-05 9.9973E-05 0.358596 9.9973E-05 0.595997
0.0341949 9.9991E-05 0.00165334 0.0269847 0.117583 0.819484
0.0205913 9.9991E-05 0.123286 0.137412 0.167809 0.550802
0.00976867 0.0722291 0.0443615 0.032169 0.0568753 0.784596
0.00179955 0.173807 9.9991E-05 0.180596 0.110927 0.532771
9.99644E-05 9.99644E-05 0.0141422 9.99644E-05 9.99644E-05 0.985458
0.9995 9.996E-05 9.996E-05 9.996E-05 9.996E-05 9.996E-05
0.9995 9.996E-05 9.996E-05 9.996E-05 9.996E-05 9.996E-05
0.9995 9.996E-05 9.996E-05 9.996E-05 9.996E-05 9.996E-05
0.9995 9.996E-05 9.996E-05 9.996E-05 9.996E-05 9.996E-05
0.993153 0.00644692 9.99639E-05 9.99639E-05 9.99639E-05 9.99639E-05
0.630332 0.233389 0.0353256 0.079039 0.00491977 0.0169948
0.975719 9.99729E-05 9.99729E-05 9.99729E-05 0.0170251 0.00695625
9.9964E-05 9.9964E-05 9.9964E-05 0.0756932 9.9964E-05 0.923907
0.529378 0.137036 9.9982E-05 0.00885467 9.9982E-05 0.324531
9.996E-05 0.9995 9.996E-05 9.996E-05 9.996E-05 9.996E-05
9.9973E-05 9.9973E-05 9.9973E-05 0.937388 0.0454132 0.0168987
9.9973E-05 0.0571696 9.9973E-05 0.432122 9.9973E-05 0.510409
9.996E-05 9.996E-05 9.996E-05 0.9995 9.996E-05 9.996E-05
9.99639E-05 9.99639E-05 9.99639E-05 0.907567 9.99639E-05 0.0920334
9.9982E-05 9.9982E-05 0.00594486 0.895214 0.0658745 0.0327662
9.99641E-05 9.99641E-05 0.892636 9.99641E-05 9.99641E-05 0.106964
0.00141809 0.998182 9.99641E-05 9.99641E-05 9.99641E-05 9.99641E-05
0.163281 0.258927 0.0729393 0.107931 0.0205065 0.376415
9.99641E-05 0.987149 9.99641E-05 0.0124512 9.99641E-05 9.99641E-05
0.00250222 0.96281 9.9973E-05 9.9973E-05 9.9973E-05 0.034388
0.10962 0.863811 9.9973E-05 0.0262698 9.9973E-05 9.9973E-05
0.0319969 0.942598 0.00572306 0.0194818 9.9982E-05 9.9982E-05
9.99641E-05 0.914306 9.99641E-05 9.99641E-05 9.99641E-05 0.0852941
9.99639E-05 0.991077 9.99639E-05 9.99639E-05 0.00852346 9.99639E-05
0.473648 0.525952 9.99643E-05 9.99643E-05 9.99643E-05 9.99643E-05
0.347353 0.484317 9.99732E-05 0.16803 9.99732E-05 9.99732E-05
9.99641E-05 0.969556 9.99641E-05 9.99641E-05 9.99641E-05 0.0300442
0.101019 0.0687442 9.9991E-05 0.217754 0.0591389 0.553244
0.133056 0.0523372 9.9991E-05 0.254606 0.04315 0.51675
9.996E-05 9.996E-05 9.996E-05 9.996E-05 0.9995 9.996E-05
9.996E-05 9.996E-05 9.996E-05 9.996E-05 0.9995 9.996E-05
0.0506425 0.0166525 9.9991E-05 0.00744983 0.066885 0.85827
0.0695317 9.9991E-05 0.0243204 0.048448 0.00856114 0.849039
9.996E-05 9.996E-05 9.996E-05 9.996E-05 0.9995 9.996E-05
9.996E-05 9.996E-05 9.996E-05 9.996E-05 0.9995 9.996E-05
9.99641E-05 9.99641E-05 9.99641E-05 0.0569482 9.99641E-05 0.942652
0.0306474 9.9982E-05 0.0585026 0.36134 9.9982E-05 0.54931
0.573475 0.103934 9.9982E-05 0.00187067 9.9982E-05 0.320521
9.9991E-05 0.0643574 0.115186 0.333428 0.274455 0.212473
9.99821E-05 9.99821E-05 0.0851615 0.447222 0.289107 0.178309
0.305188 0.613317 0.037087 0.00589959 0.0384089 9.9991E-05
