0.0582649 0.941635 9.9991E-05
0.320552 0.342292 0.337156
0.0612667 0.0914178 0.847315
9.999E-05 9.999E-05 0.9998
0.352066 0.224652 0.423282
9.999E-05 9.999E-05 0.9998
0.454194 0.498271 0.047535
0.506949 0.0732692 0.419782
0.543617 0.444669 0.0117143
0.171463 0.828437 9.9991E-05
0.165332 0.834568 9.9991E-05
9.9991E-05 0.890784 0.109116
9.9991E-05 0.908422 0.0914776
9.9991E-05 0.0123933 0.987507
9.9991E-05 0.0207437 0.979156
0.101502 0.850967 0.0475314
9.9991E-05 0.938711 0.0611889
0.0618119 0.938088 9.99911E-05
9.999E-05 0.9998 9.999E-05
0.0561325 0.943768 9.9991E-05
9.999E-05 0.9998 9.999E-05
0.0611928 0.920668 0.0181391
0.0498123 0.936478 0.0137095
9.999E-05 0.9998 9.999E-05
9.999E-05 9.999E-05 0.9998
9.999E-05 9.999E-05 0.9998
9.999E-05 0.9998 9.999E-05
0.0627095 9.9991E-05 0.93719
0.0849345 9.9991E-05 0.914966
0.269509 0.051695 0.678796
0.301145 9.9991E-05 0.698755
0.726116 0.203632 0.0702517
9.999E-05 9.999E-05 0.9998
0.898364 9.9991E-05 0.101536
9.9991E-05 0.88855 0.11135
9.999E-05 9.999E-05 0.9998
9.9991E-05 0.903735 0.0961653
0.275852 0.724048 9.9991E-05
9.9991E-05 0.816783 0.183117
9.99909E-05 0.803893 0.196007
0.0282744 0.857145 0.114581
0.0767098 0.92319 9.9991E-05
0.165488 0.834412 9.9991E-05
0.10127 0.89863 9.9991E-05
0.0438284 0.956072 9.9991E-05
0.0721395 0.835476 0.0923844
0.0492247 0.777716 0.173059
0.0496616 0.950238 9.99911E-05
0.9998 9.999E-05 9.999E-05
0.9998 9.999E-05 9.999E-05
0.9998 9.999E-05 9.999E-05
0.9998 9.999E-05 9.999E-05
0.9998 9.999E-05 9.999E-05
0.633615 0.109027 0.257358
0.9998 9.999E-05 9.999E-05
0.0420647 0.957835 9.9991E-05
0.687227 0.250944 0.0618292
9.999E-05 9.999E-05 0.9998
0.0123049 0.969927 0.0177681
0.0491637 0.829118 0.121718
9.9991E-05 0.982656 0.0172442
9.9991E-05 0.991762 0.00813799
9.999E-05 0.9998 9.999E-05
9.999E-05 0.9998 9.999E-05
9.999E-05 9.999E-05 0.9998
0.114441 0.533866 0.351693
0.0169744 9.9991E-05 0.982926
0.0339472 0.0170323 0.94902
0.0807014 9.9991E-05 0.919199
0.0627641 9.9991E-05 0.937136
0.0209375 0.0392326 0.93983
9.999E-05 9.999E-05 0.9998
0.544921 9.99911E-05 0.454979
0.476851 0.028895 0.494254
0.0305125 0.00661927 0.962868
0.195756 0.734027 0.070217
0.214317 0.728702 0.0569809
9.9991E-05 0.852591 0.147309
9.9991E-05 0.834683 0.165217
0.158613 0.841287 9.99909E-05
0.140185 0.859715 9.99909E-05
9.9991E-05 0.8637 0.1362
9.9991E-05 0.844528 0.155372
0.09593 0.90397 9.9991E-05
0.0945909 0.905309 9.9991E-05
0.717024 0.232568 0.0504077
9.9991E-05 0.907608 0.0922923
9.9991E-05 0.94831 0.0515898
0.373718 9.99911E-05 0.626182
