9.98829E-05 9.98829E-05 9.98829E-05 0.0413508 9.98829E-05 9.98829E-05 9.98829E-05 9.98829E-05 9.98829E-05 9.98829E-05 9.98829E-05 9.98829E-05 0.94751 0.00688345 0.00295759 9.98829E-05 9.98829E-05
9.98739E-05 9.98739E-05 0.101967 9.98739E-05 9.98739E-05 9.98739E-05 9.98739E-05 0.203522 9.98739E-05 9.98739E-05 0.693113 9.98739E-05 9.98739E-05 9.98739E-05 9.98739E-05 9.98739E-05 9.98739E-05
9.9856E-05 9.9856E-05 9.9856E-05 9.9856E-05 9.9856E-05 0.998402 9.9856E-05 9.9856E-05 9.9856E-05 9.9856E-05 9.9856E-05 9.9856E-05 9.9856E-05 9.9856E-05 9.9856E-05 9.9856E-05 9.9856E-05
9.98831E-05 0.0792409 0.884511 9.98831E-05 9.98831E-05 0.011058 9.98831E-05 9.98831E-05 9.98831E-05 9.98831E-05 9.98831E-05 9.98831E-05 9.98831E-05 0.023892 9.98831E-05 9.98831E-05 9.98831E-05
9.99281E-05 0.118301 0.254676 0.0544085 9.99281E-05 0.0601308 9.99281E-05 0.0863161 0.102377 9.99281E-05 0.063755 0.205047 9.99281E-05 9.99281E-05 9.99281E-05 9.99281E-05 0.0541898
9.98832E-05 0.0692391 0.872436 9.98832E-05 9.98832E-05 0.0115578 9.98832E-05 0.045469 9.98832E-05 9.98832E-05 9.98832E-05 9.98832E-05 9.98832E-05 9.98832E-05 9.98832E-05 9.98832E-05 9.98832E-05
9.98561E-05 9.98561E-05 9.98561E-05 9.98561E-05 9.98561E-05 9.98561E-05 9.98561E-05 9.98561E-05 9.98561E-05 9.98561E-05 9.98561E-05 0.998402 9.98561E-05 9.98561E-05 9.98561E-05 9.98561E-05 9.98561E-05
0.437699 0.204671 0.0449665 0.10891 9.99189E-05 0.0340017 9.99189E-05 9.99189E-05 0.0313595 9.99189E-05 0.134746 9.99189E-05 9.99189E-05 0.0027482 9.99189E-05 9.99189E-05 9.99189E-05
9.98909E-05 9.98909E-05 9.98909E-05 9.98909E-05 9.98909E-05 9.98909E-05 9.98909E-05 9.98909E-05 9.98909E-05 9.98909E-05 0.0368355 0.940044 0.0140682 9.98909E-05 9.98909E-05 9.98909E-05 0.0077535
9.98652E-05 9.98652E-05 9.98652E-05 0.879554 9.98652E-05 9.98652E-05 9.98652E-05 9.98652E-05 9.98652E-05 9.98652E-05 9.98652E-05 0.118948 9.98652E-05 9.98652E-05 9.98652E-05 9.98652E-05 9.98652E-05
9.98652E-05 9.98652E-05 9.98652E-05 0.901663 9.98652E-05 9.98652E-05 9.98652E-05 9.98652E-05 9.98652E-05 9.98652E-05 9.98652E-05 0.0968388 9.98652E-05 9.98652E-05 9.98652E-05 9.98652E-05 9.98652E-05
9.991E-05 9.991E-05 0.025802 9.991E-05 9.991E-05 0.0146208 9.991E-05 0.00844669 9.991E-05 0.184352 9.991E-05 0.00260092 0.641461 0.121718 9.991E-05 9.991E-05 9.991E-05
9.98743E-05 0.055246 9.98743E-05 9.98743E-05 9.98743E-05 9.98743E-05 9.98743E-05 9.98743E-05 9.98743E-05 0.92427 9.98743E-05 0.0190863 9.98743E-05 9.98743E-05 9.98743E-05 9.98743E-05 9.98743E-05
9.99011E-05 9.99011E-05 0.906358 9.99011E-05 9.99011E-05 0.00839164 9.99011E-05 0.0116121 9.99011E-05 9.99011E-05 0.0300817 9.99011E-05 9.99011E-05 0.00725237 0.0352055 9.99011E-05 9.99011E-05
9.98743E-05 9.98743E-05 0.935349 9.98743E-05 9.98743E-05 9.98743E-05 9.98743E-05 0.0471127 9.98743E-05 9.98743E-05 9.98743E-05 9.98743E-05 9.98743E-05 9.98743E-05 0.01614 9.98743E-05 9.98743E-05
9.98832E-05 9.98832E-05 9.98832E-05 0.0425245 0.839929 9.98832E-05 9.98832E-05 9.98832E-05 9.98832E-05 0.112676 9.98832E-05 9.98832E-05 9.98832E-05 9.98832E-05 9.98832E-05 9.98832E-05 0.00357184
9.98648E-05 9.98648E-05 9.98648E-05 0.0783398 9.98648E-05 9.98648E-05 9.98648E-05 9.98648E-05 9.98648E-05 9.98648E-05 9.98648E-05 9.98648E-05 9.98648E-05 9.98648E-05 9.98648E-05 9.98648E-05 0.920162
9.99009E-05 9.99009E-05 9.99009E-05 0.089537 0.0238422 9.99009E-05 9.99009E-05 0.0421718 0.0014592 9.99009E-05 0.00500703 9.99009E-05 9.99009E-05 9.99009E-05 0.836884 9.99009E-05 9.99009E-05
9.98651E-05 9.98651E-05 9.98651E-05 9.98651E-05 9.98651E-05 9.98651E-05 0.120127 9.98651E-05 9.98651E-05 9.98651E-05 9.98651E-05 9.98651E-05 9.98651E-05 9.98651E-05 9.98651E-05 0.878375 9.98651E-05
9.98919E-05 9.98919E-05 9.98919E-05 0.45423 0.378469 9.98919E-05 9.98919E-05 9.98919E-05 9.98919E-05 9.98919E-05 9.98919E-05 9.98919E-05 0.0740256 0.0178969 9.98919E-05 9.98919E-05 0.0741791
9.98562E-05 9.98562E-05 9.98562E-05 9.98562E-05 9.98562E-05 9.98562E-05 9.98562E-05 9.98562E-05 9.98562E-05 9.98562E-05 9.98562E-05 9.98562E-05 9.98562E-05 9.98562E-05 0.998402 9.98562E-05 9.98562E-05
9.9919E-05 9.9919E-05 9.9919E-05 0.0691747 0.156277 9.9919E-05 0.00482607 0.245205 9.9919E-05 0.0554348 9.9919E-05 9.9919E-05 0.444097 0.0109996 9.9919E-05 9.9919E-05 0.0130869
9.9901E-05 0.038572 9.9901E-05 0.14145 9.9901E-05 0.0261679 9.9901E-05 9.9901E-05 9.9901E-05 9.9901E-05 9.9901E-05 9.9901E-05 9.9901E-05 0.0963916 9.9901E-05 0.482259 0.21406
9.98558E-05 9.98558E-05 9.98558E-05 9.98558E-05 9.98558E-05 9.98558E-05 9.98558E-05 9.98558E-05 9.98558E-05 9.98558E-05 9.98558E-05 9.98558E-05 9.98558E-05 9.98558E-05 9.98558E-05 0.998402 9.98558E-05
0.0142939 9.98744E-05 0.982645 9.98744E-05 9.98744E-05 9.98744E-05 9.98744E-05 9.98744E-05 9.98744E-05 9.98744E-05 9.98744E-05 0.00166263 9.98744E-05 9.98744E-05 9.98744E-05 9.98744E-05 9.98744E-05
9.98564E-05 9.98564E-05 0.998402 9.98564E-05 9.98564E-05 9.98564E-05 9.98564E-05 9.98564E-05 9.98564E-05 9.98564E-05 9.98564E-05 9.98564E-05 9.98564E-05 9.98564E-05 9.98564E-05 9.98564E-05 9.98564E-05
9.99008E-05 9.99008E-05 9.99008E-05 0.0792155 0.00902749 9.99008E-05 9.99008E-05 9.99008E-05 9.99008E-05 0.769514 9.99008E-05 9.99008E-05 0.080633 0.0266993 9.99008E-05 9.99008E-05 0.0338122
0.0184921 9.98921E-05 0.904222 9.98921E-05 9.98921E-05 9.98921E-05 9.98921E-05 9.98921E-05 0.0334432 0.0315475 9.98921E-05 0.0110969 9.98921E-05 9.98921E-05 9.98921E-05 9.98921E-05 9.98921E-05
9.99011E-05 9.99011E-05 0.905458 9.99011E-05 0.0138918 0.00548915 9.99011E-05 9.99011E-05 0.0433754 0.0115671 9.99011E-05 0.0191191 9.99011E-05 9.99011E-05 9.99011E-05 9.99011E-05 9.99011E-05
9.99102E-05 0.54979 0.321739 9.99102E-05 9.99102E-05 0.0307288 0.0242712 0.00150723 0.0551471 9.99102E-05 9.99102E-05 9.99102E-05 0.0158181 9.99102E-05 9.99102E-05 9.99102E-05 9.99102E-05
9.98649E-05 0.969376 0.0291263 9.98649E-05 9.98649E-05 9.98649E-05 9.98649E-05 9.98649E-05 9.98649E-05 9.98649E-05 9.98649E-05 9.98649E-05 9.98649E-05 9.98649E-05 9.98649E-05 9.98649E-05 9.98649E-05
9.98565E-05 9.98565E-05 9.98565E-05 9.98565E-05 9.98565E-05 9.98565E-05 9.98565E-05 9.98565E-05 9.98565E-05 9.98565E-05 0.998402 9.98565E-05 9.98565E-05 9.98565E-05 9.98565E-05 9.98565E-05 9.98565E-05
0.216878 9.98921E-05 0.77363 9.98921E-05 9.98921E-05 0.00159771 9.98921E-05 0.00651447 9.98921E-05 9.98921E-05 9.98921E-05 9.98921E-05 9.98921E-05 0.000181281 9.98921E-05 9.98921E-05 9.98921E-05
0.209724 0.0246823 9.98833E-05 9.98833E-05 9.98833E-05 9.98833E-05 9.98833E-05 9.98833E-05 0.730624 9.98833E-05 0.0336718 9.98833E-05 9.98833E-05 9.98833E-05 9.98833E-05 9.98833E-05 9.98833E-05
0.0325778 0.0347583 9.99097E-05 9.99097E-05 9.99097E-05 9.99097E-05 9.99097E-05 0.0510692 9.99097E-05 0.494693 9.99097E-05 9.99097E-05 0.00857862 0.101875 9.99097E-05 9.99097E-05 0.275449
0.0871129 9.98919E-05 0.863377 9.98919E-05 9.98919E-05 9.98919E-05 9.98919E-05 0.00614922 9.98919E-05 9.98919E-05 9.98919E-05 0.0229531 9.98919E-05 9.98919E-05 9.98919E-05 9.98919E-05 0.0192088
0.0119446 9.98741E-05 9.98741E-05 9.98741E-05 9.98741E-05 0.0190444 9.98741E-05 9.98741E-05 9.98741E-05 9.98741E-05 9.98741E-05 9.98741E-05 0.967613 9.98741E-05 9.98741E-05 9.98741E-05 9.98741E-05
0.0596808 9.99099E-05 9.99099E-05 0.58728 9.99099E-05 9.99099E-05 0.0292369 0.118445 9.99099E-05 0.00323231 0.159831 9.99099E-05 0.0412944 9.99099E-05 9.99099E-05 9.99099E-05 9.99099E-05
0.0050839 9.98649E-05 9.98649E-05 9.98649E-05 9.98649E-05 9.98649E-05 9.98649E-05 9.98649E-05 9.98649E-05 9.98649E-05 9.98649E-05 9.98649E-05 9.98649E-05 9.98649E-05 9.98649E-05 9.98649E-05 0.993418
9.98561E-05 9.98561E-05 9.98561E-05 9.98561E-05 9.98561E-05 9.98561E-05 9.98561E-05 0.998402 9.98561E-05 9.98561E-05 9.98561E-05 9.98561E-05 9.98561E-05 9.98561E-05 9.98561E-05 9.98561E-05 9.98561E-05
9.9883E-05 9.9883E-05 9.9883E-05 0.00224501 9.9883E-05 9.9883E-05 9.9883E-05 0.971882 9.9883E-05 9.9883E-05 9.9883E-05 9.9883E-05 0.0187165 0.00585822 9.9883E-05 9.9883E-05 9.9883E-05
9.9901E-05 9.9901E-05 9.9901E-05 0.88849 0.00749281 9.9901E-05 9.9901E-05 0.0748743 9.9901E-05 9.9901E-05 9.9901E-05 9.9901E-05 0.00606293 9.9901E-05 9.9901E-05 0.0042712 0.0177099
9.9919E-05 9.9919E-05 9.9919E-05 0.028138 0.81633 9.9919E-05 0.0140848 0.017279 9.9919E-05 0.0103814 9.9919E-05 0.0785353 0.0220752 9.9919E-05 0.0122772 9.9919E-05 9.9919E-05
9.9883E-05 9.9883E-05 9.9883E-05 0.956448 9.9883E-05 9.9883E-05 9.9883E-05 9.9883E-05 9.9883E-05 0.00560353 9.9883E-05 9.9883E-05 0.0302475 9.9883E-05 9.9883E-05 9.9883E-05 0.00640288
9.99201E-05 9.99201E-05 9.99201E-05 0.310776 0.0217301 9.99201E-05 9.99201E-05 0.173079 0.000183078 0.142167 0.0664873 9.99201E-05 0.0248892 0.0946794 9.99201E-05 0.165209 9.99201E-05
0.0208254 0.016677 9.9937E-05 0.410479 0.111096 9.9937E-05 0.0968151 0.138777 9.9937E-05 0.0229841 0.0849983 9.9937E-05 0.0744142 0.0222341 9.9937E-05 9.9937E-05 9.9937E-05
9.9937E-05 0.0496362 0.0693118 0.217035 9.9937E-05 9.9937E-05 0.0337019 9.9937E-05 0.017205 0.100723 9.9937E-05 0.0230923 0.198582 0.0176788 9.9937E-05 9.9937E-05 0.272335
9.98749E-05 9.98749E-05 9.98749E-05 9.98749E-05 9.98749E-05 9.98749E-05 0.00107193 9.98749E-05 9.98749E-05 9.98749E-05 9.98749E-05 9.98749E-05 0.996371 9.98749E-05 9.98749E-05 0.00115842 9.98749E-05
9.98562E-05 9.98562E-05 9.98562E-05 9.98562E-05 9.98562E-05 9.98562E-05 9.98562E-05 9.98562E-05 0.998402 9.98562E-05 9.98562E-05 9.98562E-05 9.98562E-05 9.98562E-05 9.98562E-05 9.98562E-05 9.98562E-05
9.98652E-05 9.98652E-05 9.98652E-05 9.98652E-05 9.98652E-05 9.98652E-05 0.0062031 9.98652E-05 0.992299 9.98652E-05 9.98652E-05 9.98652E-05 9.98652E-05 9.98652E-05 9.98652E-05 9.98652E-05 9.98652E-05
9.98743E-05 9.98743E-05 9.98743E-05 9.98743E-05 0.0135482 9.98743E-05 9.98743E-05 0.0034184 0.981635 9.98743E-05 9.98743E-05 9.98743E-05 9.98743E-05 9.98743E-05 9.98743E-05 9.98743E-05 9.98743E-05
9.98563E-05 9.98563E-05 9.98563E-05 9.98563E-05 9.98563E-05 9.98563E-05 9.98563E-05 9.98563E-05 0.998402 9.98563E-05 9.98563E-05 9.98563E-05 9.98563E-05 9.98563E-05 9.98563E-05 9.98563E-05 9.98563E-05
9.98652E-05 0.00253175 9.98652E-05 9.98652E-05 9.98652E-05 9.98652E-05 9.98652E-05 9.98652E-05 0.99597 9.98652E-05 9.98652E-05 9.98652E-05 9.98652E-05 9.98652E-05 9.98652E-05 9.98652E-05 9.98652E-05
0.135853 0.26506 9.99282E-05 9.99282E-05 0.0788504 0.0450698 9.99282E-05 9.99282E-05 0.368515 9.99282E-05 0.0515012 0.0484679 9.99282E-05 9.99282E-05 0.00468824 0.00119489 9.99282E-05
9.98831E-05 9.98831E-05 9.98831E-05 9.98831E-05 9.98831E-05 9.98831E-05 9.98831E-05 0.00898658 0.906535 0.000714199 0.0824653 9.98831E-05 9.98831E-05 9.98831E-05 9.98831E-05 9.98831E-05 9.98831E-05
9.98738E-05 9.98738E-05 9.98738E-05 9.98738E-05 0.204096 9.98738E-05 9.98738E-05 0.0161551 9.98738E-05 9.98738E-05 9.98738E-05 9.98738E-05 0.778351 9.98738E-05 9.98738E-05 9.98738E-05 9.98738E-05
9.98919E-05 9.98919E-05 9.98919E-05 9.98919E-05 0.0122118 9.98919E-05 9.98919E-05 9.98919E-05 0.0579128 9.98919E-05 0.883369 0.041613 9.98919E-05 0.00369461 9.98919E-05 9.98919E-05 9.98919E-05
0.00620775 9.9874E-05 0.969394 9.9874E-05 9.9874E-05 9.9874E-05 9.9874E-05 0.023 9.9874E-05 9.9874E-05 9.9874E-05 9.9874E-05 9.9874E-05 9.9874E-05 9.9874E-05 9.9874E-05 9.9874E-05
9.98921E-05 9.98921E-05 9.98921E-05 9.98921E-05 0.0144177 9.98921E-05 9.98921E-05 0.115702 0.017314 0.847232 9.98921E-05 9.98921E-05 9.98921E-05 0.00413575 9.98921E-05 9.98921E-05 9.98921E-05
9.98655E-05 9.98655E-05 9.98655E-05 9.98655E-05 0.957084 9.98655E-05 9.98655E-05 9.98655E-05 9.98655E-05 0.0414178 9.98655E-05 9.98655E-05 9.98655E-05 9.98655E-05 9.98655E-05 9.98655E-05 9.98655E-05
0.0317454 9.98655E-05 9.98655E-05 9.98655E-05 9.98655E-05 9.98655E-05 9.98655E-05 9.98655E-05 9.98655E-05 0.966757 9.98655E-05 9.98655E-05 9.98655E-05 9.98655E-05 9.98655E-05 9.98655E-05 9.98655E-05
9.98649E-05 9.98649E-05 9.98649E-05 0.140946 9.98649E-05 9.98649E-05 9.98649E-05 9.98649E-05 9.98649E-05 0.857556 9.98649E-05 9.98649E-05 9.98649E-05 9.98649E-05 9.98649E-05 9.98649E-05 9.98649E-05
9.98918E-05 9.98918E-05 9.98918E-05 0.0602407 9.98918E-05 9.98918E-05 9.98918E-05 0.04247 9.98918E-05 0.849074 9.98918E-05 9.98918E-05 9.98918E-05 0.0448674 9.98918E-05 9.98918E-05 0.00214911
9.98561E-05 9.98561E-05 9.98561E-05 9.98561E-05 9.98561E-05 9.98561E-05 0.998402 9.98561E-05 9.98561E-05 9.98561E-05 9.98561E-05 9.98561E-05 9.98561E-05 9.98561E-05 9.98561E-05 9.98561E-05 9.98561E-05
9.98836E-05 9.98836E-05 0.973984 0.00376316 0.0151813 9.98836E-05 9.98836E-05 9.98836E-05 9.98836E-05 9.98836E-05 9.98836E-05 0.00577302 9.98836E-05 9.98836E-05 9.98836E-05 9.98836E-05 9.98836E-05
9.99369E-05 9.99369E-05 0.134847 9.99369E-05 0.0615307 0.125526 9.99369E-05 0.0692746 0.193317 0.10378 9.99369E-05 0.0280829 0.156712 9.99369E-05 9.99369E-05 0.0921032 0.0341277
0.0769638 9.98924E-05 0.816438 9.98924E-05 0.0174017 0.0775196 9.98924E-05 9.98924E-05 9.98924E-05 0.0104783 9.98924E-05 9.98924E-05 9.98924E-05 9.98924E-05 9.98924E-05 9.98924E-05 9.98924E-05
9.9919E-05 0.0129925 0.861862 9.9919E-05 9.9919E-05 0.0281818 9.9919E-05 0.00118425 0.0143566 9.9919E-05 9.9919E-05 0.0286975 0.0133597 9.9919E-05 9.9919E-05 9.9919E-05 0.0384663
0.0690906 9.98921E-05 0.863358 9.98921E-05 0.0371049 9.98921E-05 9.98921E-05 9.98921E-05 0.0243474 9.98921E-05 9.98921E-05 0.00490083 9.98921E-05 9.98921E-05 9.98921E-05 9.98921E-05 9.98921E-05
0.0556592 9.99011E-05 0.890739 9.99011E-05 0.0201839 9.99011E-05 9.99011E-05 9.99011E-05 9.99011E-05 9.99011E-05 0.020775 0.000634977 9.99011E-05 9.99011E-05 9.99011E-05 0.0109086 9.99011E-05
9.98833E-05 0.192363 0.72233 9.98833E-05 9.98833E-05 9.98833E-05 9.98833E-05 0.0725393 9.98833E-05 9.98833E-05 9.98833E-05 0.01147 9.98833E-05 9.98833E-05 9.98833E-05 9.98833E-05 9.98833E-05
0.0291764 9.9883E-05 0.929327 9.9883E-05 9.9883E-05 9.9883E-05 9.9883E-05 9.9883E-05 0.0174696 9.9883E-05 9.9883E-05 9.9883E-05 9.9883E-05 9.9883E-05 9.9883E-05 9.9883E-05 0.022729
0.946276 0.00312874 9.9874E-05 9.9874E-05 9.9874E-05 9.9874E-05 9.9874E-05 9.9874E-05 0.049197 9.9874E-05 9.9874E-05 9.9874E-05 9.9874E-05 9.9874E-05 9.9874E-05 9.9874E-05 9.9874E-05
0.989199 9.98651E-05 9.98651E-05 9.98651E-05 9.98651E-05 9.98651E-05 9.98651E-05 9.98651E-05 9.98651E-05 0.00930317 9.98651E-05 9.98651E-05 9.98651E-05 9.98651E-05 9.98651E-05 9.98651E-05 9.98651E-05
9.99012E-05 9.99012E-05 0.872779 9.99012E-05 0.0266223 0.0329076 9.99012E-05 9.99012E-05 0.0359867 9.99012E-05 9.99012E-05 9.99012E-05 9.99012E-05 0.0196528 0.0109527 9.99012E-05 9.99012E-05
0.00286023 9.9901E-05 0.00795133 9.9901E-05 0.927865 9.9901E-05 9.9901E-05 0.0316618 9.9901E-05 9.9901E-05 0.0193564 9.9901E-05 9.9901E-05 0.00920616 9.9901E-05 9.9901E-05 9.9901E-05
9.9865E-05 9.9865E-05 9.9865E-05 9.9865E-05 0.974613 9.9865E-05 9.9865E-05 9.9865E-05 0.0238887 9.9865E-05 9.9865E-05 9.9865E-05 9.9865E-05 9.9865E-05 9.9865E-05 9.9865E-05 9.9865E-05
9.98653E-05 9.98653E-05 9.98653E-05 9.98653E-05 9.98653E-05 9.98653E-05 9.98653E-05 0.00707018 9.98653E-05 9.98653E-05 9.98653E-05 9.98653E-05 9.98653E-05 0.991432 9.98653E-05 9.98653E-05 9.98653E-05
9.98563E-05 9.98563E-05 9.98563E-05 9.98563E-05 9.98563E-05 9.98563E-05 9.98563E-05 9.98563E-05 9.98563E-05 9.98563E-05 9.98563E-05 9.98563E-05 9.98563E-05 0.998402 9.98563E-05 9.98563E-05 9.98563E-05
9.9901E-05 9.9901E-05 0.0140195 0.830586 0.0165284 9.9901E-05 9.9901E-05 0.1017 9.9901E-05 9.9901E-05 0.0338037 9.9901E-05 9.9901E-05 9.9901E-05 0.00226384 9.9901E-05 9.9901E-05
0.00412805 9.99189E-05 9.99189E-05 0.758394 0.0811317 9.99189E-05 9.99189E-05 0.0591686 9.99189E-05 0.0641206 0.0207911 0.00990298 9.99189E-05 9.99189E-05 0.00146367 9.99189E-05 9.99189E-05
0.00875109 9.98832E-05 9.98832E-05 9.98832E-05 0.0189265 9.98832E-05 9.98832E-05 9.98832E-05 9.98832E-05 9.98832E-05 9.98832E-05 9.98832E-05 9.98832E-05 0.967316 9.98832E-05 9.98832E-05 0.00370784
9.98562E-05 9.98562E-05 9.98562E-05 9.98562E-05 9.98562E-05 9.98562E-05 9.98562E-05 9.98562E-05 9.98562E-05 9.98562E-05 9.98562E-05 9.98562E-05 9.98562E-05 0.998402 9.98562E-05 9.98562E-05 9.98562E-05
9.9883E-05 9.9883E-05 9.9883E-05 9.9883E-05 0.00572464 9.9883E-05 9.9883E-05 9.9883E-05 9.9883E-05 0.00196961 9.9883E-05 0.0157733 0.975234 9.9883E-05 9.9883E-05 9.9883E-05 9.9883E-05
9.98919E-05 9.98919E-05 9.98919E-05 9.98919E-05 0.0191478 9.98919E-05 9.98919E-05 0.676646 9.98919E-05 0.138139 9.98919E-05 0.135712 9.98919E-05 9.98919E-05 9.98919E-05 0.0291562 9.98919E-05
9.98741E-05 9.98741E-05 9.98741E-05 9.98741E-05 9.98741E-05 9.98741E-05 9.98741E-05 9.98741E-05 0.0270098 9.98741E-05 0.923952 0.04764 9.98741E-05 9.98741E-05 9.98741E-05 9.98741E-05 9.98741E-05
9.99013E-05 9.99013E-05 0.0532582 0.229437 9.99013E-05 9.99013E-05 9.99013E-05 9.99013E-05 9.99013E-05 0.225084 9.99013E-05 9.99013E-05 9.99013E-05 0.109163 9.99013E-05 0.15726 0.224699
9.99013E-05 9.99013E-05 9.99013E-05 9.99013E-05 9.99013E-05 9.99013E-05 9.99013E-05 0.0412168 9.99013E-05 0.244296 9.99013E-05 9.99013E-05 0.144265 0.146514 9.99013E-05 0.0525463 0.370063
9.9856E-05 0.998402 9.9856E-05 9.9856E-05 9.9856E-05 9.9856E-05 9.9856E-05 9.9856E-05 9.9856E-05 9.9856E-05 9.9856E-05 9.9856E-05 9.9856E-05 9.9856E-05 9.9856E-05 9.9856E-05 9.9856E-05
