9.99639E-05 0.00423891 9.99639E-05 9.99639E-05 0.0237426 0.971619 9.99639E-05
9.9973E-05 9.9973E-05 0.304066 9.9973E-05 0.142744 0.299501 0.253389
0.0357632 0.0459222 0.766807 0.055832 9.99822E-05 9.99822E-05 0.0954756
9.9964E-05 0.0366047 0.94327 9.9964E-05 9.9964E-05 9.9964E-05 0.0197252
9.99731E-05 9.99731E-05 0.46198 9.99731E-05 0.223919 0.0743601 0.239441
9.9964E-05 0.0114568 0.969021 9.9964E-05 0.0191222 9.9964E-05 9.9964E-05
9.99731E-05 9.99731E-05 0.0350001 0.534853 0.109322 9.99731E-05 0.320525
9.99641E-05 9.99641E-05 0.433771 9.99641E-05 0.12385 9.99641E-05 0.441979
9.99731E-05 9.99731E-05 0.0194024 0.392952 0.219111 9.99731E-05 0.368234
9.995E-05 9.995E-05 9.995E-05 9.995E-05 0.9994 9.995E-05 9.995E-05
9.995E-05 9.995E-05 9.995E-05 9.995E-05 0.9994 9.995E-05 9.995E-05
9.9973E-05 0.117036 0.0218445 0.118819 9.9973E-05 0.742001 9.9973E-05
9.995E-05 9.995E-05 9.995E-05 0.9994 9.995E-05 9.995E-05 9.995E-05
0.0269599 0.00490923 0.957194 9.9973E-05 9.9973E-05 0.0106368 9.9973E-05
0.00863712 9.9964E-05 0.936624 9.9964E-05 9.9964E-05 0.0543388 9.9964E-05
9.9982E-05 9.9982E-05 0.0255479 0.379536 0.454004 0.135175 0.00553647
0.0843128 0.286768 9.9973E-05 0.127575 0.501044 9.9973E-05 9.9973E-05
0.687205 9.9973E-05 9.9973E-05 9.9973E-05 0.26273 0.0308959 0.0188688
0.911556 0.0879446 9.9955E-05 9.9955E-05 9.9955E-05 9.9955E-05 9.9955E-05
9.99729E-05 0.0405463 9.99729E-05 0.0817816 0.679114 0.198258 9.99729E-05
0.9994 9.995E-05 9.995E-05 9.995E-05 9.995E-05 9.995E-05 9.995E-05
9.9973E-05 0.0361805 9.9973E-05 0.112758 0.229571 0.621191 9.9973E-05
0.401649 0.284899 9.99721E-05 9.99721E-05 0.313052 9.99721E-05 9.99721E-05
0.890202 0.0622412 9.9964E-05 9.9964E-05 0.0471566 9.9964E-05 9.9964E-05
9.995E-05 9.995E-05 0.9994 9.995E-05 9.995E-05 9.995E-05 9.995E-05
9.995E-05 9.995E-05 0.9994 9.995E-05 9.995E-05 9.995E-05 9.995E-05
9.99729E-05 0.0985078 9.99729E-05 0.784206 0.0541316 0.0628546 9.99729E-05
9.9973E-05 0.00671522 0.927064 0.00223435 9.9973E-05 9.9973E-05 0.0636863
9.9973E-05 9.9973E-05 0.874856 0.0163003 9.9973E-05 0.000116174 0.108428
0.0200685 0.0233216 0.681346 0.0106861 9.9982E-05 9.9982E-05 0.264378
9.99641E-05 0.0764481 0.657996 9.99641E-05 9.99641E-05 9.99641E-05 0.265156
9.99731E-05 9.99731E-05 0.0945112 9.99731E-05 0.0867054 0.238211 0.580273
9.995E-05 9.995E-05 0.9994 9.995E-05 9.995E-05 9.995E-05 9.995E-05
9.99641E-05 0.00824358 0.0926665 9.99641E-05 9.99641E-05 9.99641E-05 0.89869
9.99819E-05 0.234097 0.0703721 0.535319 0.096432 0.0635799 9.99819E-05
9.99729E-05 0.0122642 0.951314 0.0149563 9.99729E-05 0.0211658 9.99729E-05
9.9955E-05 9.9955E-05 0.0182074 9.9955E-05 9.9955E-05 0.981293 9.9955E-05
0.00365445 9.9982E-05 0.0320423 9.9982E-05 0.802126 0.108148 0.0538294
0.0529425 0.34124 0.119376 0.137295 0.348946 9.9982E-05 9.9982E-05
9.99639E-05 9.99639E-05 0.114847 9.99639E-05 0.552475 0.332278 9.99639E-05
9.99729E-05 0.0148945 0.0684016 9.99729E-05 0.564636 0.351768 9.99729E-05
9.995E-05 9.995E-05 9.995E-05 9.995E-05 0.9994 9.995E-05 9.995E-05
9.9973E-05 9.9973E-05 9.9973E-05 0.291932 0.514217 0.157549 0.0360028
9.9973E-05 0.0574782 9.9973E-05 0.00925175 0.921047 0.011923 9.9973E-05
0.118293 0.12142 9.9982E-05 0.174404 0.502846 0.0828368 9.9982E-05
0.0359017 0.0484687 0.0920134 0.0550728 0.629808 0.138636 9.9991E-05
9.999E-05 0.0962802 0.137262 0.199274 0.355008 0.204193 0.00788167
0.0267998 9.99553E-05 9.99553E-05 9.99553E-05 9.99553E-05 0.9727 9.99553E-05
9.995E-05 9.995E-05 9.995E-05 9.995E-05 9.995E-05 9.995E-05 0.9994
0.00567728 9.99549E-05 9.99549E-05 9.99549E-05 9.99549E-05 9.99549E-05 0.993823
0.00307076 9.9955E-05 9.9955E-05 9.9955E-05 9.9955E-05 9.9955E-05 0.996429
9.995E-05 9.995E-05 9.995E-05 9.995E-05 9.995E-05 9.995E-05 0.9994
9.995E-05 9.995E-05 9.995E-05 9.995E-05 9.995E-05 9.995E-05 0.9994
0.038384 9.9982E-05 0.276622 0.0359493 0.0765004 9.9982E-05 0.572345
9.99639E-05 0.0162849 9.99639E-05 9.99639E-05 9.99639E-05 0.00973046 0.973585
9.99549E-05 9.99549E-05 9.99549E-05 0.0912187 9.99549E-05 0.908282 9.99549E-05
9.9991E-05 0.0182222 0.0600268 0.0296544 0.0590951 0.242646 0.590255
9.995E-05 9.995E-05 0.9994 9.995E-05 9.995E-05 9.995E-05 9.995E-05
9.9964E-05 0.0828705 9.9964E-05 0.871421 9.9964E-05 0.0453088 9.9964E-05
9.9973E-05 9.9973E-05 0.0799017 0.384847 0.30321 0.231742 9.9973E-05
9.995E-05 9.995E-05 9.995E-05 0.9994 9.995E-05 9.995E-05 9.995E-05
9.99639E-05 0.00397535 9.99639E-05 0.889488 0.106137 9.99639E-05 9.99639E-05
0.00478739 0.0816741 9.99729E-05 0.850826 0.0624125 9.99729E-05 9.99729E-05
0.887267 9.99551E-05 9.99551E-05 9.99551E-05 9.99551E-05 0.112233 9.99551E-05
9.995E-05 9.995E-05 0.9994 9.995E-05 9.995E-05 9.995E-05 9.995E-05
0.0249753 0.105479 0.177511 9.9991E-05 0.195083 0.263587 0.233264
9.99552E-05 9.99552E-05 0.979325 0.0201754 9.99552E-05 9.99552E-05 9.99552E-05
9.9964E-05 9.9964E-05 0.954748 9.9964E-05 9.9964E-05 0.0417459 0.0031063
9.9964E-05 9.9964E-05 0.885792 0.0251656 9.9964E-05 9.9964E-05 0.088643
0.00112069 9.9973E-05 0.928556 9.9973E-05 9.9973E-05 0.0313518 0.0386718
9.99641E-05 9.99641E-05 0.909849 9.99641E-05 0.0777753 0.011976 9.99641E-05
9.995E-05 9.995E-05 0.9994 9.995E-05 9.995E-05 9.995E-05 9.995E-05
9.99642E-05 9.99642E-05 0.54335 9.99642E-05 0.00471206 9.99642E-05 0.451538
9.99642E-05 9.99642E-05 0.520595 0.151555 9.99642E-05 9.99642E-05 0.32745
9.9973E-05 0.00146671 0.932007 9.9973E-05 9.9973E-05 0.0251645 0.041062
9.9991E-05 0.0435386 0.129824 0.185306 0.446882 0.171356 0.0229926
9.9991E-05 0.0132019 0.0676972 0.241834 0.417236 0.182519 0.0774124
9.995E-05 0.9994 9.995E-05 9.995E-05 9.995E-05 9.995E-05 9.995E-05
9.995E-05 0.9994 9.995E-05 9.995E-05 9.995E-05 9.995E-05 9.995E-05
9.9973E-05 9.9973E-05 9.9973E-05 0.049822 0.90516 0.0414114 0.0033066
9.9964E-05 9.9964E-05 9.9964E-05 0.0942434 0.89065 0.0147066 9.9964E-05
9.9955E-05 0.988758 9.9955E-05 9.9955E-05 9.9955E-05 9.9955E-05 0.0107422
9.995E-05 0.9994 9.995E-05 9.995E-05 9.995E-05 9.995E-05 9.995E-05
9.99549E-05 9.99549E-05 9.99549E-05 0.0598513 9.99549E-05 0.939649 9.99549E-05
0.0487611 9.9991E-05 0.00121942 0.286609 0.569693 0.0831433 0.0104744
9.9982E-05 9.9982E-05 0.0763825 0.00536047 0.129076 0.217467 0.571513
0.107175 0.251962 0.0584272 0.32592 0.256315 9.99821E-05 9.99821E-05
0.0799219 0.323375 9.99731E-05 0.415418 9.99731E-05 0.180985 9.99731E-05
0.0259475 0.027933 0.561451 0.00940748 9.99821E-05 9.99821E-05 0.375061
