9.99639E-05 9.99639E-05 9.99639E-05 0.0236878 0.97177 9.99639E-05 0.00414241
0.222319 9.9973E-05 9.9973E-05 0.14991 0.288917 0.338553 9.9973E-05
0.0117049 0.00982445 0.0750807 9.99822E-05 9.99822E-05 0.818441 0.0847487
9.9955E-05 9.9955E-05 9.9955E-05 9.9955E-05 9.9955E-05 0.969701 0.0297994
0.252128 9.99731E-05 9.99731E-05 0.265574 0.0484202 0.433578 9.99731E-05
9.9955E-05 9.9955E-05 9.9955E-05 9.9955E-05 0.0152477 0.984253 9.9955E-05
0.313743 9.99731E-05 0.528388 0.112667 9.99731E-05 0.0449018 9.99731E-05
0.378907 9.99641E-05 9.99641E-05 0.145779 9.99641E-05 0.474915 9.99641E-05
0.353038 9.99731E-05 0.368796 0.24746 9.99731E-05 0.0304057 9.99731E-05
9.995E-05 9.995E-05 9.995E-05 0.9994 9.995E-05 9.995E-05 9.995E-05
9.995E-05 9.995E-05 9.995E-05 0.9994 9.995E-05 9.995E-05 9.995E-05
9.9973E-05 9.9973E-05 0.155489 9.9973E-05 0.681592 0.0290124 0.133607
9.995E-05 9.995E-05 0.9994 9.995E-05 9.995E-05 9.995E-05 9.995E-05
9.9964E-05 0.0131194 9.9964E-05 9.9964E-05 0.00918097 0.9773 9.9964E-05
9.9964E-05 0.0120694 9.9964E-05 9.9964E-05 0.0535968 0.933934 9.9964E-05
0.00653732 9.9982E-05 0.385343 0.48714 0.105978 0.014801 9.9982E-05
9.9973E-05 0.0904306 0.143659 0.412746 9.9973E-05 9.9973E-05 0.352864
0.0537665 0.72797 9.99729E-05 0.200177 0.0177869 9.99729E-05 9.99729E-05
9.9955E-05 0.916535 9.9955E-05 9.9955E-05 9.9955E-05 9.9955E-05 0.082965
9.9973E-05 9.9973E-05 0.0453752 0.707703 0.177934 9.9973E-05 0.0686883
9.995E-05 0.9994 9.995E-05 9.995E-05 9.995E-05 9.995E-05 9.995E-05
9.99729E-05 9.99729E-05 0.0849084 0.294349 0.57938 9.99729E-05 0.0410626
9.9973E-05 0.415549 9.9973E-05 0.25846 9.9973E-05 0.0126139 0.313077
9.9955E-05 0.918192 9.9955E-05 9.9955E-05 9.9955E-05 9.9955E-05 0.0813078
9.995E-05 9.995E-05 9.995E-05 9.995E-05 9.995E-05 0.9994 9.995E-05
9.995E-05 9.995E-05 9.995E-05 9.995E-05 9.995E-05 0.9994 9.995E-05
9.99729E-05 9.99729E-05 0.784741 0.0354664 0.0791264 9.99729E-05 0.100366
0.0678459 9.9964E-05 0.0106803 9.9964E-05 9.9964E-05 0.921074 9.9964E-05
0.0922103 0.00314299 0.00975527 9.9973E-05 9.9973E-05 0.894591 9.9973E-05
0.25024 0.0217095 0.0223764 9.9991E-05 0.00255172 0.685642 0.0173812
0.302682 0.000556138 9.9982E-05 0.00440254 9.9982E-05 0.62143 0.0707292
0.554005 9.99731E-05 9.99731E-05 0.0873945 0.274612 0.0836885 9.99731E-05
9.995E-05 9.995E-05 9.995E-05 9.995E-05 9.995E-05 0.9994 9.995E-05
0.899919 9.99551E-05 9.99551E-05 9.99551E-05 9.99551E-05 0.0995809 9.99551E-05
9.99819E-05 9.99819E-05 0.541682 0.0710909 0.0905549 0.0587958 0.237676
9.99549E-05 9.99549E-05 0.0364647 9.99549E-05 9.99549E-05 0.963035 9.99549E-05
9.995E-05 9.995E-05 9.995E-05 9.995E-05 0.9994 9.995E-05 9.995E-05
0.0502983 0.0122469 9.9982E-05 0.766032 0.12052 0.0507026 9.9982E-05
9.9982E-05 0.0615043 0.156332 0.237405 9.9982E-05 0.136192 0.408366
9.99639E-05 9.99639E-05 9.99639E-05 0.607099 0.284317 0.108184 9.99639E-05
9.9973E-05 9.9973E-05 9.9973E-05 0.614119 0.320417 0.0549766 0.0101882
9.9955E-05 9.9955E-05 0.0133203 0.98618 9.9955E-05 9.9955E-05 9.9955E-05
0.000731016 9.9982E-05 0.268489 0.54515 0.184527 0.00090341 9.9982E-05
9.9964E-05 9.9964E-05 9.9964E-05 0.934033 0.012683 9.9964E-05 0.0528844
9.9982E-05 0.0896222 0.159419 0.518114 0.0846707 9.9982E-05 0.147973
9.999E-05 0.0365025 0.0639053 0.729104 0.0950871 0.0637449 0.0115559
0.0548429 9.9991E-05 0.195108 0.27452 0.236286 0.134592 0.104551
9.995E-05 9.995E-05 9.995E-05 9.995E-05 0.9994 9.995E-05 9.995E-05
0.9994 9.995E-05 9.995E-05 9.995E-05 9.995E-05 9.995E-05 9.995E-05
0.9994 9.995E-05 9.995E-05 9.995E-05 9.995E-05 9.995E-05 9.995E-05
0.990509 9.9955E-05 9.9955E-05 0.00899074 9.9955E-05 9.9955E-05 9.9955E-05
0.9994 9.995E-05 9.995E-05 9.995E-05 9.995E-05 9.995E-05 9.995E-05
0.9994 9.995E-05 9.995E-05 9.995E-05 9.995E-05 9.995E-05 9.995E-05
0.588577 0.0462234 0.0360613 0.0652718 9.9991E-05 0.257495 0.0062708
0.991354 9.99549E-05 9.99549E-05 9.99549E-05 0.00814579 9.99549E-05 9.99549E-05
9.99639E-05 9.99639E-05 0.0949032 0.0675367 0.83716 9.99639E-05 9.99639E-05
0.562092 9.9982E-05 9.9982E-05 0.0857856 0.232688 0.107435 0.0117995
9.995E-05 9.995E-05 9.995E-05 9.995E-05 9.995E-05 0.9994 9.995E-05
9.9964E-05 9.9964E-05 0.850503 9.9964E-05 0.10285 9.9964E-05 0.046247
9.9973E-05 9.9973E-05 0.362056 0.408253 0.158907 0.0704852 9.9973E-05
9.995E-05 9.995E-05 0.9994 9.995E-05 9.995E-05 9.995E-05 9.995E-05
9.99639E-05 9.99639E-05 0.881117 0.107606 0.0108776 9.99639E-05 9.99639E-05
9.99819E-05 0.000431616 0.82283 0.0757161 0.00385906 9.99819E-05 0.0969632
0.0153628 0.907943 9.99731E-05 0.0344993 0.0418952 9.99731E-05 9.99731E-05
9.995E-05 9.995E-05 9.995E-05 9.995E-05 9.995E-05 0.9994 9.995E-05
9.9991E-05 0.0564221 0.0373761 0.358191 0.191817 0.34577 0.0103235
0.0152253 9.99641E-05 0.0110577 9.99641E-05 9.99641E-05 0.973317 9.99641E-05
0.00557635 9.9964E-05 9.9964E-05 9.9964E-05 0.0274258 0.966598 9.9964E-05
0.0685468 9.9964E-05 0.0355753 9.9964E-05 9.9964E-05 0.895478 9.9964E-05
0.00582541 0.0293358 9.9964E-05 9.9964E-05 9.9964E-05 0.964439 9.9964E-05
9.99551E-05 9.99551E-05 9.99551E-05 0.0892869 9.99551E-05 0.910213 9.99551E-05
9.99549E-05 9.99549E-05 9.99549E-05 9.99549E-05 9.99549E-05 0.999281 0.000219511
0.46239 9.99642E-05 0.0201146 9.99642E-05 9.99642E-05 0.517096 9.99642E-05
0.366802 9.99642E-05 0.173841 9.99642E-05 9.99642E-05 0.458957 9.99642E-05
0.0268995 9.9964E-05 9.9964E-05 9.9964E-05 9.9964E-05 0.966679 0.00602192
0.0753949 9.9991E-05 0.159735 0.591112 0.103807 0.0599225 0.00992852
0.0946677 9.9991E-05 0.215093 0.53349 0.123924 0.0128033 0.0199222
9.995E-05 9.995E-05 9.995E-05 9.995E-05 9.995E-05 9.995E-05 0.9994
9.995E-05 9.995E-05 9.995E-05 9.995E-05 9.995E-05 9.995E-05 0.9994
9.9973E-05 9.9973E-05 0.0294407 0.923813 0.043706 0.00274065 9.9973E-05
9.9964E-05 9.9964E-05 0.0812203 0.902568 0.0158116 9.9964E-05 9.9964E-05
0.00790735 9.9955E-05 9.9955E-05 9.9955E-05 9.9955E-05 9.9955E-05 0.991593
9.995E-05 9.995E-05 9.995E-05 9.995E-05 9.995E-05 9.995E-05 0.9994
9.99549E-05 9.99549E-05 0.0559284 9.99549E-05 0.943572 9.99549E-05 9.99549E-05
0.00747165 0.0587499 0.301076 0.516981 0.104318 0.0113036 9.9991E-05
0.590176 9.9973E-05 9.9973E-05 0.136907 0.214505 0.0581118 9.9973E-05
9.99821E-05 0.121329 0.332137 0.228159 9.99821E-05 0.0201377 0.298038
9.9973E-05 0.0721584 0.434793 9.9973E-05 0.15902 9.9973E-05 0.333728
0.341007 0.0284193 9.99731E-05 9.99731E-05 9.99731E-05 0.594292 0.0359819
