9.99009E-05 0.903709 9.99009E-05 9.99009E-05 9.99009E-05 9.99009E-05 9.99009E-05 9.99009E-05 9.99009E-05 0.0858894 9.99009E-05 0.00930308 9.99009E-05 9.99009E-05
9.9919E-05 0.00518061 0.814118 9.9919E-05 9.9919E-05 0.118807 0.00180709 9.9919E-05 0.0591873 9.9919E-05 9.9919E-05 9.9919E-05 9.9919E-05 9.9919E-05
9.9883E-05 9.9883E-05 9.9883E-05 9.9883E-05 9.9883E-05 9.9883E-05 9.9883E-05 9.9883E-05 9.9883E-05 9.9883E-05 0.998702 9.9883E-05 9.9883E-05 9.9883E-05
9.99101E-05 9.99101E-05 9.99101E-05 9.99101E-05 9.99101E-05 0.0026817 0.0183477 9.99101E-05 0.942325 9.99101E-05 0.0356467 9.99101E-05 9.99101E-05 9.99101E-05
0.0309847 0.0153684 0.186565 9.99641E-05 0.234445 0.0150137 9.99641E-05 0.0172101 0.26805 0.179171 0.0228601 9.99641E-05 0.0299324 9.99641E-05
9.99101E-05 9.99101E-05 9.99101E-05 9.99101E-05 9.99101E-05 0.0304826 9.99101E-05 9.99101E-05 0.945397 9.99101E-05 0.00135602 9.99101E-05 0.0217652 9.99101E-05
9.99101E-05 9.99101E-05 0.0241753 9.99101E-05 0.45238 9.99101E-05 9.99101E-05 0.304876 9.99101E-05 9.99101E-05 9.99101E-05 9.99101E-05 9.99101E-05 0.217569
0.0781901 9.99278E-05 0.0814537 9.99278E-05 0.62827 9.99278E-05 0.0300044 9.99278E-05 0.100002 0.0812806 9.99278E-05 9.99278E-05 9.99278E-05 9.99278E-05
9.9919E-05 9.9919E-05 0.151918 9.9919E-05 0.397339 9.9919E-05 9.9919E-05 0.333887 9.9919E-05 0.00854924 9.9919E-05 9.9919E-05 9.9919E-05 0.107408
9.98922E-05 9.98922E-05 9.98922E-05 9.98922E-05 0.051586 9.98922E-05 9.98922E-05 9.98922E-05 9.98922E-05 0.947215 9.98922E-05 9.98922E-05 9.98922E-05 9.98922E-05
9.98923E-05 9.98923E-05 9.98923E-05 9.98923E-05 0.00990724 9.98923E-05 9.98923E-05 9.98923E-05 9.98923E-05 0.988894 9.98923E-05 9.98923E-05 9.98923E-05 9.98923E-05
9.9937E-05 0.616876 9.9937E-05 9.9937E-05 0.00701499 9.9937E-05 0.115549 0.0278171 0.00455906 9.9937E-05 0.0615915 9.9937E-05 9.9937E-05 0.165893
9.98922E-05 9.98922E-05 9.98922E-05 9.98922E-05 0.0286167 9.98922E-05 9.98922E-05 9.98922E-05 9.98922E-05 9.98922E-05 9.98922E-05 9.98922E-05 9.98922E-05 0.970185
9.99101E-05 0.0172231 9.99101E-05 9.99101E-05 9.99101E-05 0.0138896 9.99101E-05 9.99101E-05 0.930603 9.99101E-05 9.99101E-05 0.0372849 9.99101E-05 9.99101E-05
9.99011E-05 0.0474732 9.99011E-05 9.99011E-05 9.99011E-05 9.99011E-05 9.99011E-05 9.99011E-05 0.932362 9.99011E-05 9.99011E-05 9.99011E-05 0.0190664 9.99011E-05
9.991E-05 9.991E-05 9.991E-05 9.991E-05 9.991E-05 0.0101196 9.991E-05 0.764321 9.991E-05 0.0861004 9.991E-05 9.991E-05 9.991E-05 0.13846
9.99008E-05 9.99008E-05 9.99008E-05 9.99008E-05 9.99008E-05 0.897636 9.99008E-05 9.99008E-05 9.99008E-05 0.0854149 9.99008E-05 0.0158503 9.99008E-05 9.99008E-05
0.0411552 9.99278E-05 0.0184821 9.99278E-05 9.99278E-05 9.99278E-05 9.99278E-05 0.042418 9.99278E-05 0.027563 0.0231953 0.846387 9.99278E-05 9.99278E-05
9.98918E-05 9.98918E-05 9.98918E-05 0.933713 9.98918E-05 9.98918E-05 0.0650879 9.98918E-05 9.98918E-05 9.98918E-05 9.98918E-05 9.98918E-05 9.98918E-05 9.98918E-05
9.99189E-05 0.124412 9.99189E-05 9.99189E-05 9.99189E-05 0.0550922 0.0607101 0.298248 9.99189E-05 0.460638 9.99189E-05 9.99189E-05 9.99189E-05 9.99189E-05
9.98921E-05 9.98921E-05 9.98921E-05 0.54319 9.98921E-05 9.98921E-05 9.98921E-05 9.98921E-05 9.98921E-05 9.98921E-05 9.98921E-05 0.455611 9.98921E-05 9.98921E-05
9.99189E-05 0.518503 9.99189E-05 9.99189E-05 9.99189E-05 0.10891 9.99189E-05 0.291895 9.99189E-05 0.0514047 9.99189E-05 9.99189E-05 9.99189E-05 0.0283879
9.98827E-05 9.98827E-05 9.98827E-05 9.98827E-05 9.98827E-05 9.98827E-05 9.98827E-05 9.98827E-05 9.98827E-05 9.98827E-05 9.98827E-05 9.98827E-05 0.998702 9.98827E-05
9.9883E-05 9.9883E-05 9.9883E-05 9.9883E-05 9.9883E-05 9.9883E-05 9.9883E-05 9.9883E-05 9.9883E-05 9.9883E-05 9.9883E-05 0.998702 9.9883E-05 9.9883E-05
0.0323937 9.99012E-05 9.99012E-05 9.99012E-05 9.99012E-05 9.99012E-05 9.99012E-05 9.99012E-05 0.935288 9.99012E-05 0.0312191 9.99012E-05 9.99012E-05 9.99012E-05
9.98834E-05 9.98834E-05 9.98834E-05 9.98834E-05 9.98834E-05 9.98834E-05 9.98834E-05 9.98834E-05 0.998702 9.98834E-05 9.98834E-05 9.98834E-05 9.98834E-05 9.98834E-05
9.99188E-05 0.0608466 9.99188E-05 9.99188E-05 9.99188E-05 0.0319889 0.0600648 9.99188E-05 9.99188E-05 0.0812655 9.99188E-05 9.99188E-05 9.99188E-05 0.764935
0.0384062 9.99011E-05 9.99011E-05 9.99011E-05 9.99011E-05 9.99011E-05 9.99011E-05 9.99011E-05 0.94781 9.99011E-05 9.99011E-05 9.99011E-05 9.99011E-05 0.0126852
0.0422016 9.99192E-05 0.0015635 0.00280862 9.99192E-05 9.99192E-05 9.99192E-05 0.0206222 0.931905 9.99192E-05 9.99192E-05 9.99192E-05 9.99192E-05 9.99192E-05
0.137062 9.99281E-05 9.99281E-05 0.0524072 0.186677 0.0233519 0.00644212 9.99281E-05 0.593261 9.99281E-05 9.99281E-05 9.99281E-05 9.99281E-05 9.99281E-05
0.0879306 9.99189E-05 9.99189E-05 9.99189E-05 0.450174 0.0464731 0.0116463 9.99189E-05 0.402877 9.99189E-05 9.99189E-05 9.99189E-05 9.99189E-05 9.99189E-05
9.98834E-05 9.98834E-05 0.998702 9.98834E-05 9.98834E-05 9.98834E-05 9.98834E-05 9.98834E-05 9.98834E-05 9.98834E-05 9.98834E-05 9.98834E-05 9.98834E-05 9.98834E-05
9.99012E-05 9.99012E-05 9.99012E-05 9.99012E-05 0.112963 0.0255803 9.99012E-05 9.99012E-05 0.860357 9.99012E-05 9.99012E-05 9.99012E-05 9.99012E-05 9.99012E-05
0.734428 0.00639856 0.00536509 9.99281E-05 0.191165 9.99281E-05 0.00467356 9.99281E-05 9.99281E-05 9.99281E-05 0.0571706 9.99281E-05 9.99281E-05 9.99281E-05
0.00283658 0.0596973 9.99458E-05 9.99458E-05 0.00340561 0.305195 0.104775 9.99458E-05 0.0189494 0.00918451 9.99458E-05 9.99458E-05 9.99458E-05 0.495358
9.99189E-05 9.99189E-05 9.99189E-05 9.99189E-05 0.0242419 0.0316434 9.99189E-05 0.00453918 0.928727 9.99189E-05 9.99189E-05 9.99189E-05 9.99189E-05 0.00994954
9.98921E-05 0.989201 9.98921E-05 9.98921E-05 0.00960012 9.98921E-05 9.98921E-05 9.98921E-05 9.98921E-05 9.98921E-05 9.98921E-05 9.98921E-05 9.98921E-05 9.98921E-05
9.99279E-05 0.112926 0.201581 9.99279E-05 9.99279E-05 0.0232741 9.99279E-05 9.99279E-05 9.99279E-05 0.58556 9.99279E-05 0.016415 0.0594448 9.99279E-05
9.9883E-05 9.9883E-05 9.9883E-05 9.9883E-05 9.9883E-05 0.998702 9.9883E-05 9.9883E-05 9.9883E-05 9.9883E-05 9.9883E-05 9.9883E-05 9.9883E-05 9.9883E-05
9.99188E-05 0.25196 9.99188E-05 9.99188E-05 9.99188E-05 0.201223 9.99188E-05 0.267484 0.0935178 0.184916 9.99188E-05 9.99188E-05 9.99188E-05 9.99188E-05
9.99368E-05 0.308974 0.0700513 9.99368E-05 9.99368E-05 0.160926 9.99368E-05 0.222528 0.0147968 0.215265 9.99368E-05 0.00676009 9.99368E-05 9.99368E-05
9.9919E-05 0.0734254 9.9919E-05 0.00431369 9.9919E-05 0.0220784 9.9919E-05 0.00557674 9.9919E-05 0.893706 9.9919E-05 9.9919E-05 9.9919E-05 9.9919E-05
9.9919E-05 0.0313008 9.9919E-05 9.9919E-05 9.9919E-05 9.9919E-05 9.9919E-05 0.888982 9.9919E-05 0.0147769 9.9919E-05 0.0276231 9.9919E-05 0.0364175
0.0236438 0.0260014 9.9937E-05 9.9937E-05 9.9937E-05 0.000796906 0.00444516 9.9937E-05 9.9937E-05 0.928645 0.00228724 9.9937E-05 9.9937E-05 0.0134814
9.99459E-05 0.0899244 0.0182363 9.99459E-05 9.99459E-05 9.99459E-05 0.0581108 0.100083 9.99459E-05 0.290033 9.99459E-05 0.070652 0.208464 0.163898
9.9937E-05 0.208842 0.0331086 0.0251026 9.9937E-05 9.9937E-05 9.9937E-05 0.173418 0.0508102 0.41244 9.9937E-05 9.9937E-05 0.0955782 9.9937E-05
0.0466967 0.224022 9.9928E-05 9.9928E-05 9.9928E-05 0.260199 9.9928E-05 9.9928E-05 0.0764275 0.235235 9.9928E-05 9.9928E-05 9.9928E-05 0.15662
9.98838E-05 0.998702 9.98838E-05 9.98838E-05 9.98838E-05 9.98838E-05 9.98838E-05 9.98838E-05 9.98838E-05 9.98838E-05 9.98838E-05 9.98838E-05 9.98838E-05 9.98838E-05
0.998702 9.98831E-05 9.98831E-05 9.98831E-05 9.98831E-05 9.98831E-05 9.98831E-05 9.98831E-05 9.98831E-05 9.98831E-05 9.98831E-05 9.98831E-05 9.98831E-05 9.98831E-05
0.996272 9.98921E-05 9.98921E-05 9.98921E-05 9.98921E-05 9.98921E-05 9.98921E-05 9.98921E-05 9.98921E-05 9.98921E-05 9.98921E-05 0.00252893 9.98921E-05 9.98921E-05
0.990201 9.98922E-05 9.98922E-05 9.98922E-05 9.98922E-05 9.98922E-05 9.98922E-05 9.98922E-05 0.00860063 9.98922E-05 9.98922E-05 9.98922E-05 9.98922E-05 9.98922E-05
0.998702 9.98832E-05 9.98832E-05 9.98832E-05 9.98832E-05 9.98832E-05 9.98832E-05 9.98832E-05 9.98832E-05 9.98832E-05 9.98832E-05 9.98832E-05 9.98832E-05 9.98832E-05
0.998702 9.98831E-05 9.98831E-05 9.98831E-05 9.98831E-05 9.98831E-05 9.98831E-05 9.98831E-05 9.98831E-05 9.98831E-05 9.98831E-05 9.98831E-05 9.98831E-05 9.98831E-05
0.384955 0.00278885 9.99281E-05 9.99281E-05 0.387364 9.99281E-05 9.99281E-05 0.0682664 0.0788012 9.99281E-05 9.99281E-05 9.99281E-05 0.0770261 9.99281E-05
0.91886 9.99103E-05 0.0618235 9.99103E-05 9.99103E-05 9.99103E-05 0.00602018 0.0122969 9.99103E-05 9.99103E-05 9.99103E-05 9.99103E-05 9.99103E-05 9.99103E-05
9.99008E-05 0.751665 9.99008E-05 9.99008E-05 9.99008E-05 9.99008E-05 9.99008E-05 0.214261 9.99008E-05 9.99008E-05 9.99008E-05 9.99008E-05 9.99008E-05 0.0329749
0.0597906 9.991E-05 0.930212 9.991E-05 0.00154174 9.991E-05 9.991E-05 0.00745654 9.991E-05 9.991E-05 9.991E-05 9.991E-05 9.991E-05 9.991E-05
9.98921E-05 9.98921E-05 9.98921E-05 9.98921E-05 9.98921E-05 0.0114873 9.98921E-05 9.98921E-05 0.987314 9.98921E-05 9.98921E-05 9.98921E-05 9.98921E-05 9.98921E-05
9.991E-05 0.057402 9.991E-05 9.991E-05 9.991E-05 9.991E-05 0.0531239 0.112447 9.991E-05 9.991E-05 9.991E-05 9.991E-05 9.991E-05 0.776028
9.98923E-05 9.98923E-05 9.98923E-05 9.98923E-05 9.98923E-05 9.98923E-05 9.98923E-05 0.95448 9.98923E-05 9.98923E-05 9.98923E-05 9.98923E-05 9.98923E-05 0.0443209
9.98923E-05 9.98923E-05 9.98923E-05 9.98923E-05 9.98923E-05 9.98923E-05 9.98923E-05 9.98923E-05 9.98923E-05 9.98923E-05 0.00106255 9.98923E-05 9.98923E-05 0.997739
9.99009E-05 9.99009E-05 9.99009E-05 9.99009E-05 9.99009E-05 9.99009E-05 9.99009E-05 9.99009E-05 0.00468652 0.100191 9.99009E-05 9.99009E-05 9.99009E-05 0.894024
9.99009E-05 9.99009E-05 9.99009E-05 9.99009E-05 9.99009E-05 9.99009E-05 0.0578143 9.99009E-05 9.99009E-05 0.10311 9.99009E-05 9.99009E-05 9.99009E-05 0.837977
9.9892E-05 0.0529091 9.9892E-05 0.945892 9.9892E-05 9.9892E-05 9.9892E-05 9.9892E-05 9.9892E-05 9.9892E-05 9.9892E-05 9.9892E-05 9.9892E-05 9.9892E-05
9.98923E-05 9.98923E-05 9.98923E-05 9.98923E-05 9.98923E-05 9.98923E-05 9.98923E-05 9.98923E-05 0.945886 9.98923E-05 0.0529152 9.98923E-05 9.98923E-05 9.98923E-05
0.0520003 9.99641E-05 0.0885548 9.99641E-05 9.99641E-05 9.99641E-05 0.043336 0.0845603 0.351657 0.119867 0.021091 0.0416117 0.074858 0.122064
9.99013E-05 9.99013E-05 9.99013E-05 9.99013E-05 9.99013E-05 9.99013E-05 9.99013E-05 0.0127402 0.801583 9.99013E-05 0.184578 9.99013E-05 9.99013E-05 9.99013E-05
0.00714285 0.018181 9.9928E-05 9.9928E-05 0.0189845 0.056624 9.9928E-05 9.9928E-05 0.89627 9.9928E-05 0.00199846 9.9928E-05 9.9928E-05 9.9928E-05
0.0458679 9.9919E-05 9.9919E-05 9.9919E-05 0.0283808 9.9919E-05 9.9919E-05 0.0316669 0.868378 9.9919E-05 0.0248067 9.9919E-05 9.9919E-05 9.9919E-05
0.0103175 9.99191E-05 9.99191E-05 0.00609095 0.0250905 9.99191E-05 9.99191E-05 0.0346072 0.922995 9.99191E-05 9.99191E-05 9.99191E-05 9.99191E-05 9.99191E-05
9.99281E-05 0.00177974 0.0111888 9.99281E-05 0.079532 0.00907156 9.99281E-05 9.99281E-05 0.844403 0.0532254 9.99281E-05 9.99281E-05 9.99281E-05 9.99281E-05
0.00528623 9.991E-05 9.991E-05 9.991E-05 0.0150869 0.0263577 9.991E-05 9.991E-05 0.95227 9.991E-05 9.991E-05 9.991E-05 9.991E-05 9.991E-05
0.0662783 9.99008E-05 9.99008E-05 9.99008E-05 0.883195 9.99008E-05 9.99008E-05 9.99008E-05 9.99008E-05 9.99008E-05 0.0494277 9.99008E-05 9.99008E-05 9.99008E-05
9.99001E-05 9.99001E-05 9.99001E-05 9.99001E-05 0.949803 9.99001E-05 9.99001E-05 9.99001E-05 0.00114016 9.99001E-05 0.0309501 9.99001E-05 9.99001E-05 0.0171079
0.0104455 9.99101E-05 9.99101E-05 9.99101E-05 9.99101E-05 9.99101E-05 9.99101E-05 9.99101E-05 0.936251 9.99101E-05 0.0266737 9.99101E-05 0.0256307 9.99101E-05
0.0212906 9.99009E-05 9.99009E-05 9.99009E-05 9.99009E-05 9.99009E-05 9.99009E-05 0.959405 9.99009E-05 9.99009E-05 9.99009E-05 9.99009E-05 0.0182052 9.99009E-05
0.0270672 9.99099E-05 9.99099E-05 9.99099E-05 9.99099E-05 9.99099E-05 9.99099E-05 0.963406 0.00732187 9.99099E-05 0.00120613 9.99099E-05 9.99099E-05 9.99099E-05
9.98922E-05 0.0161726 9.98922E-05 9.98922E-05 9.98922E-05 9.98922E-05 0.982629 9.98922E-05 9.98922E-05 9.98922E-05 9.98922E-05 9.98922E-05 9.98922E-05 9.98922E-05
9.98832E-05 9.98832E-05 9.98832E-05 9.98832E-05 9.98832E-05 9.98832E-05 0.998702 9.98832E-05 9.98832E-05 9.98832E-05 9.98832E-05 9.98832E-05 9.98832E-05 9.98832E-05
9.99279E-05 0.0306763 0.0782168 9.99279E-05 9.99279E-05 9.99279E-05 9.99279E-05 0.0996535 9.99279E-05 0.75808 9.99279E-05 0.00486868 9.99279E-05 0.0277054
9.99279E-05 0.0277214 0.0338397 9.99279E-05 9.99279E-05 9.99279E-05 9.99279E-05 0.11516 9.99279E-05 0.755674 9.99279E-05 0.00541675 9.99279E-05 0.061388
9.99101E-05 9.99101E-05 9.99101E-05 9.99101E-05 0.015539 9.99101E-05 0.954318 9.99101E-05 9.99101E-05 0.00529275 9.99101E-05 9.99101E-05 0.0238513 9.99101E-05
9.98832E-05 9.98832E-05 9.98832E-05 9.98832E-05 9.98832E-05 9.98832E-05 0.998702 9.98832E-05 9.98832E-05 9.98832E-05 9.98832E-05 9.98832E-05 9.98832E-05 9.98832E-05
0.0130923 0.908652 9.99009E-05 9.99009E-05 9.99009E-05 9.99009E-05 9.99009E-05 9.99009E-05 9.99009E-05 9.99009E-05 9.99009E-05 9.99009E-05 9.99009E-05 0.0771568
9.9937E-05 0.0306507 0.049571 9.9937E-05 9.9937E-05 0.00985695 9.9937E-05 0.51145 9.9937E-05 0.136749 9.9937E-05 0.089586 9.9937E-05 0.171437
0.0693655 9.9892E-05 0.929436 9.9892E-05 9.9892E-05 9.9892E-05 9.9892E-05 9.9892E-05 9.9892E-05 9.9892E-05 9.9892E-05 9.9892E-05 9.9892E-05 9.9892E-05
9.99371E-05 0.0280657 9.99371E-05 9.99371E-05 9.99371E-05 0.0719519 0.0423859 9.99371E-05 0.0263395 0.136657 9.99371E-05 9.99371E-05 0.404614 0.289286
9.99282E-05 0.126144 9.99282E-05 0.0574396 9.99282E-05 0.379072 0.129823 9.99282E-05 9.99282E-05 9.99282E-05 9.99282E-05 9.99282E-05 0.0158787 0.290844
0.0433555 9.99281E-05 9.99281E-05 0.00960437 0.504206 9.99281E-05 0.0311919 9.99281E-05 0.37438 9.99281E-05 9.99281E-05 9.99281E-05 0.036462 9.99281E-05
