9.99009E-05 9.99009E-05 0.0843736 9.99009E-05 9.99009E-05 9.99009E-05 9.99009E-05 9.99009E-05 9.99009E-05 9.99009E-05 9.99009E-05 9.99009E-05 0.00409206 0.910435
9.99099E-05 9.99099E-05 9.99099E-05 9.99099E-05 0.212286 9.99099E-05 0.0372829 0.101312 9.99099E-05 9.99099E-05 9.99099E-05 0.64812 9.99099E-05 9.99099E-05
0.0950719 9.99198E-05 9.99198E-05 0.0166256 9.99198E-05 9.99198E-05 9.99198E-05 0.793378 9.99198E-05 0.0282513 9.99198E-05 9.99198E-05 0.0657735 9.99198E-05
9.991E-05 9.991E-05 0.0113477 9.991E-05 9.991E-05 9.991E-05 9.991E-05 0.955535 9.991E-05 9.991E-05 0.00369186 9.991E-05 0.0284266 9.991E-05
9.99461E-05 0.0582026 0.0508024 9.99461E-05 0.089936 9.99461E-05 0.0122366 0.398232 9.99461E-05 0.21778 0.0294163 0.142794 9.99461E-05 9.99461E-05
9.99009E-05 0.0378728 9.99009E-05 9.99009E-05 0.0459617 9.99009E-05 9.99009E-05 0.915067 9.99009E-05 9.99009E-05 9.99009E-05 9.99009E-05 9.99009E-05 9.99009E-05
9.98828E-05 9.98828E-05 9.98828E-05 9.98828E-05 9.98828E-05 9.98828E-05 9.98828E-05 9.98828E-05 9.98828E-05 0.998702 9.98828E-05 9.98828E-05 9.98828E-05 9.98828E-05
9.99281E-05 9.99281E-05 0.0827222 9.99281E-05 9.99281E-05 9.99281E-05 9.99281E-05 0.359742 9.99281E-05 0.134465 0.256358 0.140741 0.0251723 9.99281E-05
9.99188E-05 9.99188E-05 0.00804209 9.99188E-05 0.00572083 0.015164 9.99188E-05 9.99188E-05 9.99188E-05 0.94589 9.99188E-05 0.0242835 9.99188E-05 9.99188E-05
9.98921E-05 9.98921E-05 0.90274 9.98921E-05 9.98921E-05 9.98921E-05 9.98921E-05 9.98921E-05 9.98921E-05 0.0960612 9.98921E-05 9.98921E-05 9.98921E-05 9.98921E-05
9.98921E-05 9.98921E-05 0.884887 9.98921E-05 9.98921E-05 9.98921E-05 9.98921E-05 9.98921E-05 9.98921E-05 0.113914 9.98921E-05 9.98921E-05 9.98921E-05 9.98921E-05
0.16488 9.9937E-05 9.9937E-05 9.9937E-05 0.0035352 0.00859315 9.9937E-05 0.051689 9.9937E-05 0.000612102 9.9937E-05 9.9937E-05 0.119503 0.650488
0.962232 9.99013E-05 9.99013E-05 9.99013E-05 9.99013E-05 9.99013E-05 9.99013E-05 0.00221962 9.99013E-05 0.0344498 9.99013E-05 9.99013E-05 9.99013E-05 9.99013E-05
9.99101E-05 0.0209404 9.99101E-05 0.00417985 0.0572069 9.99101E-05 9.99101E-05 0.916674 9.99101E-05 9.99101E-05 9.99101E-05 9.99101E-05 9.99101E-05 9.99101E-05
9.99011E-05 9.99011E-05 9.99011E-05 9.99011E-05 0.074047 9.99011E-05 9.99011E-05 0.90741 9.99011E-05 9.99011E-05 9.99011E-05 9.99011E-05 9.99011E-05 0.0174445
0.11883 0.100711 0.0179871 9.9919E-05 0.0193645 0.742208 9.9919E-05 9.9919E-05 9.9919E-05 9.9919E-05 9.9919E-05 9.9919E-05 9.9919E-05 9.9919E-05
9.99009E-05 9.99009E-05 0.0587761 9.99009E-05 9.99009E-05 0.0038147 0.93631 9.99009E-05 9.99009E-05 9.99009E-05 9.99009E-05 9.99009E-05 9.99009E-05 9.99009E-05
9.99101E-05 9.99101E-05 0.0839475 0.693977 0.16793 9.99101E-05 9.99101E-05 9.99101E-05 9.99101E-05 9.99101E-05 0.0215171 0.0317285 9.99101E-05 9.99101E-05
9.99011E-05 9.99011E-05 9.99011E-05 0.776611 9.99011E-05 9.99011E-05 9.99011E-05 9.99011E-05 0.175076 9.99011E-05 9.99011E-05 9.99011E-05 0.0472139 9.99011E-05
9.99279E-05 0.160274 0.388165 9.99279E-05 9.99279E-05 0.322403 0.0152085 9.99279E-05 9.99279E-05 9.99279E-05 9.99279E-05 9.99279E-05 0.0182647 0.0948855
9.98921E-05 9.98921E-05 9.98921E-05 0.996955 9.98921E-05 9.98921E-05 9.98921E-05 0.00184589 9.98921E-05 9.98921E-05 9.98921E-05 9.98921E-05 9.98921E-05 9.98921E-05
0.0472101 9.99279E-05 0.0327054 9.99279E-05 0.258532 0.15967 0.0280447 9.99279E-05 9.99279E-05 9.99279E-05 9.99279E-05 9.99279E-05 9.99279E-05 0.473039
9.991E-05 9.991E-05 0.16141 0.432116 9.991E-05 9.991E-05 0.232777 9.991E-05 9.991E-05 9.991E-05 9.991E-05 9.991E-05 0.172698 9.991E-05
9.99009E-05 0.08295 0.0175965 0.898355 9.99009E-05 9.99009E-05 9.99009E-05 9.99009E-05 9.99009E-05 9.99009E-05 9.99009E-05 9.99009E-05 9.99009E-05 9.99009E-05
9.98922E-05 9.98922E-05 9.98922E-05 9.98922E-05 9.98922E-05 9.98922E-05 9.98922E-05 0.973766 9.98922E-05 9.98922E-05 0.0250354 9.98922E-05 9.98922E-05 9.98922E-05
9.98832E-05 9.98832E-05 9.98832E-05 9.98832E-05 9.98832E-05 9.98832E-05 9.98832E-05 0.998702 9.98832E-05 9.98832E-05 9.98832E-05 9.98832E-05 9.98832E-05 9.98832E-05
0.825449 9.99189E-05 0.0517977 9.99189E-05 9.99189E-05 9.99189E-05 0.0417997 9.99189E-05 9.99189E-05 9.99189E-05 9.99189E-05 9.99189E-05 0.0487492 0.0313052
0.000694366 9.991E-05 9.991E-05 9.991E-05 9.991E-05 0.0334638 9.991E-05 0.920097 9.991E-05 9.991E-05 0.0447459 9.991E-05 9.991E-05 9.991E-05
9.9901E-05 9.9901E-05 9.9901E-05 9.9901E-05 9.9901E-05 0.0601575 9.9901E-05 0.914019 9.9901E-05 9.9901E-05 0.0247243 9.9901E-05 9.9901E-05 9.9901E-05
0.0384522 9.99192E-05 9.99192E-05 9.99192E-05 9.99192E-05 9.99192E-05 9.99192E-05 0.635802 0.0497645 9.99192E-05 0.187696 0.0873852 9.99192E-05 9.99192E-05
9.99281E-05 9.99281E-05 9.99281E-05 9.99281E-05 9.99281E-05 9.99281E-05 0.0696745 0.635775 9.99281E-05 0.0844725 0.189581 0.0131421 0.00655485 9.99281E-05
9.98833E-05 9.98833E-05 9.98833E-05 9.98833E-05 9.98833E-05 9.98833E-05 9.98833E-05 9.98833E-05 9.98833E-05 9.98833E-05 9.98833E-05 0.998702 9.98833E-05 9.98833E-05
9.99102E-05 9.99102E-05 9.99102E-05 9.99102E-05 0.0148352 0.00562407 0.0210761 0.957466 9.99102E-05 9.99102E-05 9.99102E-05 9.99102E-05 9.99102E-05 9.99102E-05
9.99193E-05 9.99193E-05 9.99193E-05 9.99193E-05 9.99193E-05 9.99193E-05 0.0162495 0.117518 9.99193E-05 0.0310588 0.818711 9.99193E-05 9.99193E-05 0.0155641
0.518862 0.0339634 9.99458E-05 9.99458E-05 0.0730095 9.99458E-05 0.224721 0.00460043 9.99458E-05 9.99458E-05 0.00250504 9.99458E-05 0.111226 0.0305133
0.0101685 9.99279E-05 9.99279E-05 9.99279E-05 0.0165175 0.00821865 0.00548021 0.95697 9.99279E-05 0.00184623 9.99279E-05 9.99279E-05 9.99279E-05 9.99279E-05
9.991E-05 0.0584343 9.991E-05 9.991E-05 9.991E-05 9.991E-05 0.00035184 0.0205222 9.991E-05 9.991E-05 9.991E-05 9.991E-05 9.991E-05 0.919692
9.99369E-05 9.99369E-05 0.58684 9.99369E-05 0.0313059 9.99369E-05 0.0619527 0.0422096 0.0326499 9.99369E-05 9.99369E-05 0.18265 9.99369E-05 0.0616922
9.98831E-05 9.98831E-05 9.98831E-05 9.98831E-05 9.98831E-05 9.98831E-05 0.998702 9.98831E-05 9.98831E-05 9.98831E-05 9.98831E-05 9.98831E-05 9.98831E-05 9.98831E-05
9.9892E-05 9.9892E-05 9.9892E-05 9.9892E-05 0.989604 9.9892E-05 9.9892E-05 0.00919765 9.9892E-05 9.9892E-05 9.9892E-05 9.9892E-05 9.9892E-05 9.9892E-05
9.9883E-05 9.9883E-05 9.9883E-05 9.9883E-05 0.998702 9.9883E-05 9.9883E-05 9.9883E-05 9.9883E-05 9.9883E-05 9.9883E-05 9.9883E-05 9.9883E-05 9.9883E-05
9.99369E-05 0.0311773 0.865029 9.99369E-05 0.0654017 0.00963373 0.0142471 9.99369E-05 0.00946012 9.99369E-05 9.99369E-05 9.99369E-05 9.99369E-05 0.00435144
0.0473083 9.9937E-05 0.0403216 0.0163762 9.9937E-05 0.832958 9.9937E-05 9.9937E-05 0.0115275 0.045884 9.9937E-05 9.9937E-05 9.9937E-05 0.00492491
9.99099E-05 0.120426 0.840276 9.99099E-05 9.99099E-05 0.0271573 9.99099E-05 9.99099E-05 9.99099E-05 9.99099E-05 9.99099E-05 9.99099E-05 9.99099E-05 0.0111419
0.110803 0.257141 0.295494 0.0861043 0.131587 0.0273668 9.99459E-05 9.99459E-05 9.99459E-05 9.99459E-05 9.99459E-05 0.0549239 0.0359803 9.99459E-05
9.99459E-05 0.190772 0.378806 9.99459E-05 0.120838 0.0886138 9.99459E-05 0.050665 0.0833238 9.99459E-05 9.99459E-05 0.0238757 9.99459E-05 0.0625057
0.0634472 0.258858 0.179419 9.99549E-05 9.99549E-05 9.99549E-05 0.118399 0.0588654 0.0210609 0.043076 0.0485146 9.99549E-05 9.99549E-05 0.20786
9.98927E-05 9.98927E-05 9.98927E-05 0.0169568 9.98927E-05 9.98927E-05 9.98927E-05 9.98927E-05 9.98927E-05 9.98927E-05 9.98927E-05 9.98927E-05 9.98927E-05 0.981844
9.98831E-05 9.98831E-05 9.98831E-05 9.98831E-05 9.98831E-05 9.98831E-05 9.98831E-05 9.98831E-05 9.98831E-05 9.98831E-05 0.998702 9.98831E-05 9.98831E-05 9.98831E-05
9.9883E-05 9.9883E-05 9.9883E-05 9.9883E-05 9.9883E-05 9.9883E-05 9.9883E-05 9.9883E-05 9.9883E-05 9.9883E-05 0.998702 9.9883E-05 9.9883E-05 9.9883E-05
9.99011E-05 0.00907013 0.00132019 9.99011E-05 9.99011E-05 9.99011E-05 9.99011E-05 9.99011E-05 9.99011E-05 9.99011E-05 0.988511 9.99011E-05 9.99011E-05 9.99011E-05
9.98831E-05 9.98831E-05 9.98831E-05 9.98831E-05 9.98831E-05 9.98831E-05 9.98831E-05 9.98831E-05 9.98831E-05 9.98831E-05 0.998702 9.98831E-05 9.98831E-05 9.98831E-05
9.9883E-05 9.9883E-05 9.9883E-05 9.9883E-05 9.9883E-05 9.9883E-05 9.9883E-05 9.9883E-05 9.9883E-05 9.9883E-05 0.998702 9.9883E-05 9.9883E-05 9.9883E-05
9.99282E-05 9.99282E-05 9.99282E-05 9.99282E-05 9.99282E-05 0.0532685 9.99282E-05 0.234258 0.0574982 0.147844 0.473923 0.0324091 9.99282E-05 9.99282E-05
9.991E-05 9.991E-05 9.991E-05 9.991E-05 0.00409538 0.0046158 9.991E-05 9.991E-05 9.991E-05 9.991E-05 0.933841 0.056449 9.991E-05 9.991E-05
9.99009E-05 0.016022 9.99009E-05 9.99009E-05 9.99009E-05 0.158782 9.99009E-05 9.99009E-05 9.99009E-05 9.99009E-05 9.99009E-05 9.99009E-05 9.99009E-05 0.824097
9.99099E-05 9.99099E-05 9.99099E-05 9.99099E-05 9.99099E-05 0.00476999 9.99099E-05 9.99099E-05 9.99099E-05 0.0262816 0.0405985 0.927351 9.99099E-05 9.99099E-05
9.98918E-05 9.98918E-05 9.98918E-05 9.98918E-05 0.037658 9.98918E-05 9.98918E-05 0.961143 9.98918E-05 9.98918E-05 9.98918E-05 9.98918E-05 9.98918E-05 9.98918E-05
0.82825 9.991E-05 9.991E-05 9.991E-05 0.134817 0.00141871 9.991E-05 9.991E-05 9.991E-05 9.991E-05 9.991E-05 9.991E-05 0.0345158 9.991E-05
9.98922E-05 0.106803 9.98922E-05 9.98922E-05 9.98922E-05 0.891998 9.98922E-05 9.98922E-05 9.98922E-05 9.98922E-05 9.98922E-05 9.98922E-05 9.98922E-05 9.98922E-05
0.96497 9.98923E-05 9.98923E-05 9.98923E-05 9.98923E-05 9.98923E-05 9.98923E-05 9.98923E-05 9.98923E-05 0.0338311 9.98923E-05 9.98923E-05 9.98923E-05 9.98923E-05
0.873902 9.98919E-05 0.124899 9.98919E-05 9.98919E-05 9.98919E-05 9.98919E-05 9.98919E-05 9.98919E-05 9.98919E-05 9.98919E-05 9.98919E-05 9.98919E-05 9.98919E-05
0.792663 0.0248173 0.0637349 9.99369E-05 0.0427919 9.99369E-05 0.00283695 9.99369E-05 0.00482081 9.99369E-05 9.99369E-05 9.99369E-05 0.0676359 9.99369E-05
9.98829E-05 9.98829E-05 9.98829E-05 9.98829E-05 9.98829E-05 9.98829E-05 9.98829E-05 9.98829E-05 0.998702 9.98829E-05 9.98829E-05 9.98829E-05 9.98829E-05 9.98829E-05
9.99015E-05 9.99015E-05 9.99015E-05 9.99015E-05 9.99015E-05 0.00160446 9.99015E-05 0.99436 9.99015E-05 0.00293634 9.99015E-05 9.99015E-05 9.99015E-05 9.99015E-05
0.0529651 9.9982E-05 0.1199 0.00760725 0.0112782 0.0171018 0.0551876 0.238502 0.0470046 0.163935 0.104986 9.9982E-05 0.00514641 0.176186
0.0121554 9.99014E-05 9.99014E-05 9.99014E-05 9.99014E-05 0.0327207 9.99014E-05 0.954025 9.99014E-05 9.99014E-05 9.99014E-05 9.99014E-05 9.99014E-05 9.99014E-05
9.9901E-05 9.9901E-05 9.9901E-05 9.9901E-05 0.056083 9.9901E-05 0.0105888 0.932229 9.9901E-05 9.9901E-05 9.9901E-05 9.9901E-05 9.9901E-05 9.9901E-05
9.991E-05 9.991E-05 9.991E-05 9.991E-05 9.991E-05 0.0744461 9.991E-05 0.900037 9.991E-05 9.991E-05 0.0172776 0.00724012 9.991E-05 9.991E-05
9.9919E-05 9.9919E-05 9.9919E-05 0.0140492 9.9919E-05 0.0492666 9.9919E-05 0.884893 9.9919E-05 0.00918547 9.9919E-05 0.0417063 9.9919E-05 9.9919E-05
9.99102E-05 9.99102E-05 0.0562617 9.99102E-05 0.0781744 9.99102E-05 9.99102E-05 0.851284 9.99102E-05 0.0132806 9.99102E-05 9.99102E-05 9.99102E-05 9.99102E-05
9.99099E-05 0.0148312 9.99099E-05 9.99099E-05 0.0300385 9.99099E-05 0.0114339 0.942697 9.99099E-05 9.99099E-05 9.99099E-05 9.99099E-05 9.99099E-05 9.99099E-05
9.99105E-05 9.99105E-05 9.99105E-05 9.99105E-05 9.99105E-05 9.99105E-05 0.0126477 0.470398 9.99105E-05 0.197891 0.318064 9.99105E-05 9.99105E-05 9.99105E-05
0.0157418 9.99105E-05 9.99105E-05 9.99105E-05 9.99105E-05 9.99105E-05 9.99105E-05 0.47199 9.99105E-05 0.354693 0.156576 9.99105E-05 9.99105E-05 9.99105E-05
9.99101E-05 9.99101E-05 0.0279389 9.99101E-05 9.99101E-05 0.0172566 9.99101E-05 0.945962 9.99101E-05 9.99101E-05 0.00784326 9.99101E-05 9.99101E-05 9.99101E-05
9.9919E-05 9.9919E-05 9.9919E-05 9.9919E-05 0.0161226 0.943198 0.0234087 0.0139799 9.9919E-05 9.9919E-05 9.9919E-05 0.00239173 9.9919E-05 9.9919E-05
9.9892E-05 9.9892E-05 9.9892E-05 9.9892E-05 9.9892E-05 0.982966 9.9892E-05 9.9892E-05 9.9892E-05 9.9892E-05 0.0158352 9.9892E-05 9.9892E-05 9.9892E-05
9.98922E-05 9.98922E-05 9.98922E-05 9.98922E-05 0.00391025 9.98922E-05 9.98922E-05 9.98922E-05 9.98922E-05 9.98922E-05 9.98922E-05 9.98922E-05 0.994891 9.98922E-05
9.98922E-05 9.98922E-05 9.98922E-05 9.98922E-05 9.98922E-05 9.98922E-05 9.98922E-05 9.98922E-05 9.98922E-05 9.98922E-05 9.98922E-05 9.98922E-05 0.983558 0.015243
0.016319 9.9937E-05 0.839113 9.9937E-05 0.0971173 0.0302892 9.9937E-05 0.00341549 9.9937E-05 9.9937E-05 0.00140608 0.0116401 9.9937E-05 9.9937E-05
0.0980285 9.991E-05 0.788098 9.991E-05 0.0703166 0.0425581 9.991E-05 9.991E-05 9.991E-05 9.991E-05 9.991E-05 9.991E-05 9.991E-05 9.991E-05
9.99012E-05 9.99012E-05 9.99012E-05 9.99012E-05 9.99012E-05 0.020401 0.0136862 9.99012E-05 9.99012E-05 9.99012E-05 9.99012E-05 9.99012E-05 0.964814 9.99012E-05
9.98831E-05 9.98831E-05 9.98831E-05 9.98831E-05 9.98831E-05 9.98831E-05 9.98831E-05 9.98831E-05 9.98831E-05 9.98831E-05 9.98831E-05 9.98831E-05 0.998702 9.98831E-05
0.011963 9.9901E-05 9.9901E-05 9.9901E-05 9.9901E-05 0.0222522 9.9901E-05 9.9901E-05 9.9901E-05 9.9901E-05 9.9901E-05 9.9901E-05 9.9901E-05 0.964686
0.0940593 9.9919E-05 9.9919E-05 0.0122266 0.709194 0.075424 9.9919E-05 9.9919E-05 9.9919E-05 0.108197 9.9919E-05 9.9919E-05 9.9919E-05 9.9919E-05
9.99189E-05 0.0201588 9.99189E-05 9.99189E-05 9.99189E-05 0.013322 9.99189E-05 9.99189E-05 9.99189E-05 0.0473429 0.0356926 0.882584 9.99189E-05 9.99189E-05
9.98829E-05 0.998702 9.98829E-05 9.98829E-05 9.98829E-05 9.98829E-05 9.98829E-05 9.98829E-05 9.98829E-05 9.98829E-05 9.98829E-05 9.98829E-05 9.98829E-05 9.98829E-05
0.0576596 0.726063 9.99191E-05 9.99191E-05 9.99191E-05 9.99191E-05 0.117737 9.99191E-05 9.99191E-05 9.99191E-05 9.99191E-05 9.99191E-05 0.0455944 0.052047
9.99372E-05 9.99372E-05 9.99372E-05 0.0430076 9.99372E-05 9.99372E-05 0.0331734 0.525578 9.99372E-05 0.107993 0.176176 0.110404 0.00296857 9.99372E-05
