9.999E-05 9.999E-05 0.9998
9.999E-05 0.548438 0.451462
0.0600885 0.911387 0.0285249
9.999E-05 0.9998 9.999E-05
9.9991E-05 0.703871 0.296029
9.999E-05 0.9998 9.999E-05
9.999E-05 0.329706 0.670194
9.999E-05 0.796044 0.203856
9.9991E-05 0.318624 0.681276
9.9991E-05 0.0261892 0.973711
9.9991E-05 0.0125661 0.987334
9.9991E-05 0.03262 0.96728
9.99911E-05 0.0444674 0.955433
0.0098444 0.990056 9.9991E-05
0.00420385 0.995696 9.9991E-05
9.9991E-05 0.0356505 0.96425
0.172819 0.0271909 0.79999
0.734154 0.0183028 0.247543
0.9998 9.999E-05 9.999E-05
9.999E-05 9.999E-05 0.9998
0.9998 9.999E-05 9.999E-05
9.999E-05 9.999E-05 0.9998
0.571186 0.0939658 0.334848
0.9998 9.999E-05 9.999E-05
9.999E-05 0.9998 9.999E-05
9.999E-05 0.9998 9.999E-05
9.999E-05 9.999E-05 0.9998
9.999E-05 0.9998 9.999E-05
9.999E-05 0.9998 9.999E-05
0.0468079 0.940151 0.013041
0.0172513 0.944125 0.0386234
9.99911E-05 0.586389 0.413511
9.999E-05 0.9998 9.999E-05
9.9991E-05 0.84335 0.15655
9.9991E-05 0.0832813 0.916619
9.999E-05 0.9998 9.999E-05
9.9991E-05 0.0422682 0.957632
0.0215954 0.172746 0.805659
0.188155 0.201921 0.609924
9.9991E-05 0.093013 0.906887
9.9991E-05 0.104882 0.895018
0.0100504 9.9991E-05 0.98985
9.999E-05 9.999E-05 0.9998
0.011146 0.00977198 0.979082
0.171912 9.9991E-05 0.827988
0.0134896 0.0994995 0.887011
0.00869913 0.18551 0.805791
0.00594412 9.99911E-05 0.993956
0.0399769 0.83649 0.123533
0.0229972 0.824147 0.152856
0.0287936 0.791707 0.179499
0.034332 0.84769 0.117978
0.0121138 0.844678 0.143208
0.0348154 0.766684 0.198501
9.9991E-05 0.757721 0.242179
9.999E-05 9.999E-05 0.9998
9.9991E-05 0.552658 0.447242
9.999E-05 0.9998 9.999E-05
9.999E-05 9.999E-05 0.9998
9.9991E-05 0.041458 0.958442
9.999E-05 9.999E-05 0.9998
9.999E-05 9.999E-05 0.9998
0.0158914 9.9991E-05 0.984009
0.926511 0.000224826 0.0732643
9.999E-05 0.9998 9.999E-05
0.0783066 0.431243 0.49045
9.999E-05 0.9998 9.999E-05
9.999E-05 0.9998 9.999E-05
9.999E-05 0.9998 9.999E-05
9.999E-05 0.9998 9.999E-05
9.9991E-05 0.958446 0.0414538
9.999E-05 0.9998 9.999E-05
9.99911E-05 0.954874 0.0450257
0.00793347 0.890248 0.101818
9.999E-05 0.9998 9.999E-05
9.9991E-05 0.148327 0.851573
9.9991E-05 0.113087 0.886813
0.290566 0.120139 0.589294
0.274488 0.114454 0.611058
9.9991E-05 0.0362862 0.963614
9.9991E-05 0.0304715 0.969428
0.259505 0.149747 0.590748
0.276156 0.11386 0.609984
9.999E-05 9.999E-05 0.9998
0.0367709 0.0237219 0.939507
9.9991E-05 0.530978 0.468922
0.20431 0.0941914 0.701499
0.168787 9.9991E-05 0.831113
0.0684542 0.903533 0.0280124
