9.996E-05 9.996E-05 0.9995 9.996E-05 9.996E-05 9.996E-05
9.9982E-05 0.301764 0.423556 0.27006 9.9982E-05 0.0044203
0.010076 0.783374 9.99911E-05 0.0559457 0.0643684 0.0861361
9.9964E-05 0.963559 9.9964E-05 9.9964E-05 9.9964E-05 0.0360414
9.99731E-05 0.504477 0.258898 0.236325 9.99731E-05 9.99731E-05
9.9973E-05 0.978897 0.0191775 9.9973E-05 9.9973E-05 0.00162582
9.99731E-05 0.0205714 9.99731E-05 0.361185 0.617943 9.99731E-05
9.9982E-05 0.416289 0.0717109 0.486428 9.9982E-05 0.0253719
9.99731E-05 9.99731E-05 0.0649361 0.40836 0.526404 9.99731E-05
9.9982E-05 9.9982E-05 0.738569 0.135654 0.0478171 0.07776
9.99821E-05 9.99821E-05 0.74993 0.144471 0.0763218 0.0290764
9.9982E-05 0.0811707 0.633396 9.9982E-05 0.158514 0.12672
9.9964E-05 0.0090691 9.9964E-05 9.9964E-05 0.990531 9.9964E-05
0.0334489 0.942013 9.9982E-05 9.9982E-05 0.00770246 0.016636
9.9964E-05 0.943665 0.0559353 9.9964E-05 9.9964E-05 9.9964E-05
9.999E-05 0.0247002 0.57167 0.043021 0.340403 0.0201061
0.0532353 9.9982E-05 0.395365 9.9982E-05 0.174264 0.376936
0.724194 9.99729E-05 0.195575 0.0799309 9.99729E-05 9.99729E-05
0.923156 9.9964E-05 9.9964E-05 9.9964E-05 9.9964E-05 0.0764443
9.99729E-05 9.99729E-05 0.786061 9.99729E-05 0.0783615 0.135277
0.9995 9.996E-05 9.996E-05 9.996E-05 9.996E-05 9.996E-05
9.9973E-05 0.00967185 0.93143 9.9973E-05 0.0585983 9.9973E-05
0.393079 0.0322193 0.172759 0.0235199 9.9991E-05 0.378323
0.887833 9.9964E-05 9.9964E-05 9.9964E-05 9.9964E-05 0.111767
9.996E-05 0.9995 9.996E-05 9.996E-05 9.996E-05 9.996E-05
9.996E-05 0.9995 9.996E-05 9.996E-05 9.996E-05 9.996E-05
9.99729E-05 9.99729E-05 0.181626 9.99729E-05 0.74404 0.0740347
9.9964E-05 0.954511 9.9964E-05 0.0450891 9.9964E-05 9.9964E-05
9.9973E-05 0.926353 9.9973E-05 0.0595203 0.0138264 9.9973E-05
0.0221765 0.676868 9.99821E-05 0.272094 9.99821E-05 0.028661
0.0069879 0.644725 9.9982E-05 0.274993 9.9982E-05 0.0730945
9.99731E-05 0.0922999 0.344983 0.562417 9.99731E-05 9.99731E-05
9.996E-05 0.9995 9.996E-05 9.996E-05 9.996E-05 9.996E-05
9.99641E-05 0.0976828 9.99641E-05 0.901917 9.99641E-05 9.99641E-05
9.99819E-05 0.0735809 0.18505 9.99819E-05 0.498122 0.243048
9.9982E-05 0.968405 0.00165141 9.9982E-05 0.0213179 0.0084258
9.99642E-05 0.0583684 0.941232 9.99642E-05 9.99642E-05 9.99642E-05
0.0360123 0.0122497 0.788896 0.162642 9.9982E-05 9.9982E-05
0.0491364 0.124067 0.281148 9.9991E-05 0.150037 0.395512
9.99729E-05 0.120954 0.863022 9.99729E-05 9.99729E-05 0.0157232
9.99729E-05 0.0746073 0.901612 9.99729E-05 9.99729E-05 0.0234811
0.0117226 9.9982E-05 0.864216 9.9982E-05 0.0529834 0.0708784
9.9973E-05 9.9973E-05 0.647758 0.0595164 0.292426 9.9973E-05
9.9982E-05 9.9982E-05 0.808706 0.0457577 0.0430989 0.102238
0.113392 9.9991E-05 0.490508 0.00471991 0.202602 0.188679
0.0598881 0.0672121 0.752091 0.0220233 0.0393028 0.0594824
9.9991E-05 0.0767352 0.497878 0.0881288 0.203748 0.13341
0.00839289 9.99644E-05 0.991207 9.99644E-05 9.99644E-05 9.99644E-05
9.996E-05 9.996E-05 9.996E-05 0.9995 9.996E-05 9.996E-05
9.996E-05 9.996E-05 9.996E-05 0.9995 9.996E-05 9.996E-05
9.996E-05 9.996E-05 9.996E-05 0.9995 9.996E-05 9.996E-05
9.996E-05 9.996E-05 9.996E-05 0.9995 9.996E-05 9.996E-05
9.996E-05 9.996E-05 9.996E-05 0.9995 9.996E-05 9.996E-05
0.0333382 0.228729 0.0403247 0.642001 0.0555065 9.9991E-05
9.996E-05 9.996E-05 9.996E-05 0.9995 9.996E-05 9.996E-05
9.9964E-05 9.9964E-05 0.955861 9.9964E-05 0.0437392 9.9964E-05
9.9991E-05 0.114716 0.323119 0.543548 0.00821403 0.010303
9.996E-05 0.9995 9.996E-05 9.996E-05 9.996E-05 9.996E-05
9.9973E-05 9.9973E-05 0.0703807 9.9973E-05 0.848953 0.0803663
9.9973E-05 0.0755711 0.580152 9.9973E-05 0.343977 9.9973E-05
9.996E-05 9.996E-05 9.996E-05 9.996E-05 0.9995 9.996E-05
9.99639E-05 9.99639E-05 0.126783 9.99639E-05 0.872817 9.99639E-05
0.0103259 9.99819E-05 0.0689374 9.99819E-05 0.833743 0.0867934
0.919239 9.99641E-05 0.0803614 9.99641E-05 9.99641E-05 9.99641E-05
9.996E-05 0.9995 9.996E-05 9.996E-05 9.996E-05 9.996E-05
0.0677407 0.262884 0.186383 0.209495 0.127947 0.145551
9.99641E-05 0.973991 9.99641E-05 9.99641E-05 0.0256095 9.99641E-05
9.9973E-05 0.969404 0.0184608 0.0118352 9.9973E-05 9.9973E-05
9.9973E-05 0.936329 9.9973E-05 0.0335967 0.0297742 9.9973E-05
0.0191504 0.945411 9.9973E-05 0.0351382 9.9973E-05 9.9973E-05
9.99641E-05 0.884912 0.114688 9.99641E-05 9.99641E-05 9.99641E-05
9.9964E-05 0.985875 9.9964E-05 9.9964E-05 9.9964E-05 0.0137252
9.99642E-05 0.50284 9.99642E-05 0.496761 9.99642E-05 9.99642E-05
9.99732E-05 0.455516 9.99732E-05 0.382173 0.162011 9.99732E-05
9.9973E-05 0.977548 0.0157096 9.9973E-05 9.9973E-05 0.00644287
9.9991E-05 0.0450089 0.645368 0.0898213 0.163856 0.0558465
9.9991E-05 0.0592778 0.568054 0.127951 0.206317 0.0383006
9.996E-05 9.996E-05 9.996E-05 9.996E-05 9.996E-05 0.9995
9.996E-05 9.996E-05 9.996E-05 9.996E-05 9.996E-05 0.9995
9.9982E-05 9.9982E-05 0.801168 0.0984642 0.054861 0.0453072
0.0190584 9.9991E-05 0.817418 0.06477 0.0926889 0.00596516
9.996E-05 9.996E-05 9.996E-05 9.996E-05 9.996E-05 0.9995
9.996E-05 9.996E-05 9.996E-05 9.996E-05 9.996E-05 0.9995
9.99641E-05 9.99641E-05 0.958841 9.99641E-05 0.0407594 9.99641E-05
0.0615726 9.9973E-05 0.644359 9.9973E-05 0.293769 9.9973E-05
9.9973E-05 0.0419996 0.310229 0.647471 9.9973E-05 9.9973E-05
0.119246 0.0413152 0.188213 9.9991E-05 0.317195 0.333931
0.0704464 0.00686158 0.198766 9.9991E-05 0.380504 0.343322
0.0398721 0.608687 9.99821E-05 0.325255 9.99821E-05 0.0259861
