9.99279E-05 0.96401 9.99279E-05 9.99279E-05 9.99279E-05 0.0351902 9.99279E-05 9.99279E-05 9.99279E-05 9.99279E-05
0.0386529 0.157568 9.99548E-05 9.99548E-05 9.99548E-05 9.99548E-05 0.172745 9.99548E-05 0.615979 0.014555
0.0454865 9.99554E-05 0.100194 9.99554E-05 0.0170064 9.99554E-05 0.765531 9.99554E-05 0.0712819 9.99554E-05
0.0378157 9.9946E-05 9.9946E-05 9.9946E-05 9.9946E-05 0.00203516 0.958485 9.9946E-05 9.9946E-05 0.00106436
9.995E-05 9.995E-05 9.995E-05 0.0236756 9.995E-05 0.105909 0.377563 9.995E-05 0.42165 0.070702
9.9928E-05 9.9928E-05 9.9928E-05 9.9928E-05 9.9928E-05 9.9928E-05 0.953819 9.9928E-05 9.9928E-05 0.0453818
9.99371E-05 9.99371E-05 0.287904 9.99371E-05 9.99371E-05 9.99371E-05 9.99371E-05 0.074152 0.637245 9.99371E-05
0.0167974 9.9955E-05 9.9955E-05 0.173979 9.9955E-05 0.0248285 0.328877 9.9955E-05 0.455017 9.9955E-05
9.9937E-05 9.9937E-05 0.165986 9.9937E-05 9.9937E-05 9.9937E-05 9.9937E-05 0.157918 0.675397 9.9937E-05
9.99281E-05 9.99281E-05 9.99281E-05 9.99281E-05 9.99281E-05 0.988531 9.99281E-05 9.99281E-05 0.0106694 9.99281E-05
9.99201E-05 9.99201E-05 9.99201E-05 9.99201E-05 9.99201E-05 0.999101 9.99201E-05 9.99201E-05 9.99201E-05 9.99201E-05
0.135329 0.676038 0.141279 9.9946E-05 9.9946E-05 9.9946E-05 0.0467544 9.9946E-05 9.9946E-05 9.9946E-05
9.99282E-05 9.99282E-05 0.986189 9.99282E-05 9.99282E-05 9.99282E-05 0.0130118 9.99282E-05 9.99282E-05 9.99282E-05
9.9946E-05 0.0087141 9.9946E-05 9.9946E-05 0.0115188 9.9946E-05 0.95079 9.9946E-05 9.9946E-05 0.0283771
9.9937E-05 0.0384739 9.9937E-05 9.9937E-05 9.9937E-05 0.028466 0.932361 9.9937E-05 9.9937E-05 9.9937E-05
9.9946E-05 9.9946E-05 0.147706 9.9946E-05 9.9946E-05 0.0167743 9.9946E-05 0.81048 9.9946E-05 0.0244402
9.99368E-05 9.99368E-05 9.99368E-05 9.99368E-05 9.99368E-05 0.0851788 9.99368E-05 0.0300365 9.99368E-05 0.884085
9.99639E-05 0.00933096 9.99639E-05 0.0120738 0.708932 0.170115 9.99639E-05 0.0504061 0.0487415 9.99639E-05
0.0818461 9.99371E-05 0.00431086 9.99371E-05 0.913144 9.99371E-05 9.99371E-05 9.99371E-05 9.99371E-05 9.99371E-05
0.0279446 0.0900994 9.99549E-05 9.99549E-05 9.99549E-05 0.439979 9.99549E-05 0.310764 9.99549E-05 0.130713
9.99201E-05 9.99201E-05 9.99201E-05 9.99201E-05 0.999101 9.99201E-05 9.99201E-05 9.99201E-05 9.99201E-05 9.99201E-05
9.99549E-05 0.505421 0.0561477 9.99549E-05 9.99549E-05 0.131947 9.99549E-05 0.270885 9.99549E-05 0.0350995
0.17346 9.9955E-05 9.9955E-05 0.00164108 0.363156 0.169437 9.9955E-05 9.9955E-05 9.9955E-05 0.291806
0.024878 9.9937E-05 9.9937E-05 9.9937E-05 0.894735 9.9937E-05 9.9937E-05 9.9937E-05 9.9937E-05 0.0796873
9.99201E-05 9.99201E-05 9.99201E-05 9.99201E-05 9.99201E-05 9.99201E-05 0.999101 9.99201E-05 9.99201E-05 9.99201E-05
9.99201E-05 9.99201E-05 9.99201E-05 9.99201E-05 9.99201E-05 9.99201E-05 0.999101 9.99201E-05 9.99201E-05 9.99201E-05
0.0454462 0.049311 0.776922 9.99549E-05 9.99549E-05 0.07499 9.99549E-05 9.99549E-05 9.99549E-05 0.0528306
0.0111141 9.9937E-05 9.9937E-05 0.0617662 9.9937E-05 9.9937E-05 0.92642 9.9937E-05 9.9937E-05 9.9937E-05
9.9946E-05 9.9946E-05 0.0170122 0.0877301 9.9946E-05 9.9946E-05 0.887606 9.9946E-05 0.00705233 9.9946E-05
0.0191917 9.99641E-05 0.0237893 0.188182 0.0113653 9.99641E-05 0.656717 9.99641E-05 0.100355 9.99641E-05
9.9946E-05 9.9946E-05 9.9946E-05 0.185478 9.9946E-05 9.9946E-05 0.570793 9.9946E-05 0.155577 0.0875523
0.0053154 0.0456232 9.9937E-05 9.9937E-05 9.9937E-05 9.9937E-05 9.9937E-05 9.9937E-05 0.948362 9.9937E-05
9.99282E-05 9.99282E-05 9.99282E-05 9.99282E-05 9.99282E-05 9.99282E-05 0.970594 0.0286062 9.99282E-05 9.99282E-05
9.99461E-05 9.99461E-05 9.99461E-05 0.768296 9.99461E-05 9.99461E-05 0.0642868 9.99461E-05 0.154572 0.0122448
0.103143 0.0476706 0.452527 0.00626313 9.99729E-05 0.0512744 0.0201458 9.99729E-05 9.99729E-05 0.318676
9.99369E-05 9.99369E-05 9.99369E-05 9.99369E-05 9.99369E-05 9.99369E-05 0.963973 0.00427252 9.99369E-05 0.0310551
9.9937E-05 0.978946 9.9937E-05 9.9937E-05 9.9937E-05 9.9937E-05 0.0188973 9.9937E-05 9.9937E-05 0.00145744
9.9964E-05 0.160543 9.9964E-05 9.9964E-05 0.00112448 0.649295 0.0341815 9.9964E-05 0.151148 0.00330803
9.99279E-05 9.99279E-05 9.99279E-05 9.99279E-05 9.99279E-05 9.99279E-05 0.00290142 9.99279E-05 9.99279E-05 0.996299
9.99549E-05 0.25851 9.99549E-05 9.99549E-05 9.99549E-05 0.2603 0.0900326 0.251182 9.99549E-05 0.139476
0.00833761 0.315169 9.99729E-05 9.99729E-05 0.00482755 0.278701 0.0671305 0.238195 9.99729E-05 0.0873397
9.99369E-05 0.0585499 9.99369E-05 9.99369E-05 9.99369E-05 0.904733 9.99369E-05 9.99369E-05 9.99369E-05 0.0360174
9.9946E-05 9.9946E-05 0.0724308 9.9946E-05 0.0152741 0.0405571 9.9946E-05 0.871138 9.9946E-05 9.9946E-05
9.9946E-05 0.0354614 0.0338369 9.9946E-05 9.9946E-05 0.914934 9.9946E-05 9.9946E-05 9.9946E-05 0.0151678
0.114984 0.0274628 0.169986 9.9982E-05 0.111671 0.403721 9.9982E-05 0.107903 0.00160092 0.0624717
0.00658768 0.148728 0.0316004 0.003016 0.0344727 0.479546 0.0777607 0.157092 0.00179347 0.0594035
9.996E-05 0.198017 0.136613 0.044354 9.996E-05 0.215709 0.0963426 9.996E-05 9.996E-05 0.308565
9.99284E-05 0.979025 9.99284E-05 9.99284E-05 0.020176 9.99284E-05 9.99284E-05 9.99284E-05 9.99284E-05 9.99284E-05
9.99201E-05 9.99201E-05 9.99201E-05 0.999101 9.99201E-05 9.99201E-05 9.99201E-05 9.99201E-05 9.99201E-05 9.99201E-05
9.99201E-05 9.99201E-05 9.99201E-05 0.999101 9.99201E-05 9.99201E-05 9.99201E-05 9.99201E-05 9.99201E-05 9.99201E-05
9.99281E-05 9.99281E-05 9.99281E-05 0.978922 9.99281E-05 0.0202782 9.99281E-05 9.99281E-05 9.99281E-05 9.99281E-05
9.99201E-05 9.99201E-05 9.99201E-05 0.999101 9.99201E-05 9.99201E-05 9.99201E-05 9.99201E-05 9.99201E-05 9.99201E-05
9.99281E-05 9.99281E-05 9.99281E-05 0.998886 9.99281E-05 9.99281E-05 0.000314528 9.99281E-05 9.99281E-05 9.99281E-05
0.0178606 9.99731E-05 0.0277987 0.478626 0.0265088 0.0597482 0.147986 9.99731E-05 0.241172 9.99731E-05
0.000508425 0.037973 9.9955E-05 0.931232 9.9955E-05 9.9955E-05 9.9955E-05 0.00105554 0.0287312 9.9955E-05
9.99279E-05 0.738615 9.99279E-05 9.99279E-05 9.99279E-05 9.99279E-05 9.99279E-05 0.260585 9.99279E-05 9.99279E-05
0.0293872 0.0575436 9.99548E-05 0.0473838 9.99548E-05 9.99548E-05 0.002703 9.99548E-05 0.862483 9.99548E-05
9.99369E-05 0.00931634 9.99369E-05 9.99369E-05 9.99369E-05 9.99369E-05 0.98872 9.99369E-05 9.99369E-05 0.00126412
0.0618119 9.9937E-05 0.786615 9.9937E-05 9.9937E-05 9.9937E-05 9.9937E-05 0.150874 9.9937E-05 9.9937E-05
9.99372E-05 9.99372E-05 0.0693731 9.99372E-05 9.99372E-05 9.99372E-05 0.00395841 0.925969 9.99372E-05 9.99372E-05
9.99201E-05 9.99201E-05 0.999101 9.99201E-05 9.99201E-05 9.99201E-05 9.99201E-05 9.99201E-05 9.99201E-05 9.99201E-05
9.99459E-05 0.0143846 0.856934 9.99459E-05 9.99459E-05 0.112685 9.99459E-05 0.0153972 9.99459E-05 9.99459E-05
0.0558291 9.99459E-05 0.823195 9.99459E-05 9.99459E-05 0.0890928 9.99459E-05 9.99459E-05 9.99459E-05 0.0312828
9.99372E-05 0.0884418 9.99372E-05 0.0224191 0.88844 9.99372E-05 9.99372E-05 9.99372E-05 9.99372E-05 9.99372E-05
9.99283E-05 9.99283E-05 9.99283E-05 9.99283E-05 9.99283E-05 9.99283E-05 0.98607 0.0131308 9.99283E-05 9.99283E-05
0.0910693 9.9982E-05 0.13002 0.15944 0.0554346 0.0803046 0.254224 0.199467 0.0298401 9.9982E-05
9.99283E-05 9.99283E-05 0.00638496 9.99283E-05 9.99283E-05 9.99283E-05 0.992816 9.99283E-05 9.99283E-05 9.99283E-05
9.9937E-05 0.0152009 9.9937E-05 9.9937E-05 9.9937E-05 9.9937E-05 0.927633 9.9937E-05 9.9937E-05 0.0564669
9.9937E-05 9.9937E-05 9.9937E-05 0.0405522 9.9937E-05 9.9937E-05 0.857648 0.1011 9.9937E-05 9.9937E-05
9.9946E-05 9.9946E-05 9.9946E-05 0.00828983 9.9946E-05 9.9946E-05 0.908885 0.0562725 0.025953 9.9946E-05
9.99461E-05 9.99461E-05 9.99461E-05 9.99461E-05 9.99461E-05 0.0522784 0.873477 9.99461E-05 0.0582041 0.0154405
9.99369E-05 9.99369E-05 9.99369E-05 0.0134938 9.99369E-05 9.99369E-05 0.92791 9.99369E-05 9.99369E-05 0.0578964
9.99462E-05 9.99462E-05 9.99462E-05 0.131396 9.99462E-05 9.99462E-05 0.408051 9.99462E-05 0.4248 0.0351534
9.99373E-05 9.99373E-05 0.0676748 9.99373E-05 9.99373E-05 9.99373E-05 0.441779 9.99373E-05 0.489847 9.99373E-05
0.00778237 9.9946E-05 9.9946E-05 0.0304771 9.9946E-05 9.9946E-05 0.947182 0.0139591 9.9946E-05 9.9946E-05
0.0120681 9.9955E-05 9.9955E-05 0.0230277 9.9955E-05 9.9955E-05 0.00795428 0.94918 0.00727033 9.9955E-05
9.9928E-05 9.9928E-05 9.9928E-05 0.0159619 9.9928E-05 9.9928E-05 9.9928E-05 0.983239 9.9928E-05 9.9928E-05
0.999101 9.99201E-05 9.99201E-05 9.99201E-05 9.99201E-05 9.99201E-05 9.99201E-05 9.99201E-05 9.99201E-05 9.99201E-05
0.999101 9.99201E-05 9.99201E-05 9.99201E-05 9.99201E-05 9.99201E-05 9.99201E-05 9.99201E-05 9.99201E-05 9.99201E-05
9.99549E-05 0.0648232 0.0604267 9.99549E-05 9.99549E-05 0.796948 0.00892455 0.0683775 9.99549E-05 9.99549E-05
9.99459E-05 0.0259402 0.0619722 9.99459E-05 9.99459E-05 0.787967 9.99459E-05 0.12352 9.99459E-05 9.99459E-05
0.96163 9.99461E-05 9.99461E-05 9.99461E-05 9.99461E-05 9.99461E-05 9.99461E-05 0.00414797 0.0311372 0.0024855
0.999101 9.99201E-05 9.99201E-05 9.99201E-05 9.99201E-05 9.99201E-05 9.99201E-05 9.99201E-05 9.99201E-05 9.99201E-05
9.99459E-05 0.925762 0.0263752 0.0204166 9.99459E-05 9.99459E-05 9.99459E-05 0.026847 9.99459E-05 9.99459E-05
9.9964E-05 0.0367425 0.177277 9.9964E-05 0.0730079 0.173154 9.9964E-05 0.463746 0.0756736 9.9964E-05
0.00879165 0.0445218 9.99458E-05 0.0945796 9.99458E-05 9.99458E-05 9.99458E-05 9.99458E-05 0.851507 9.99458E-05
0.0238463 9.99552E-05 0.17772 9.99552E-05 0.0306679 0.204073 9.99552E-05 9.99552E-05 9.99552E-05 0.563193
0.0842731 0.0125912 0.214844 9.99641E-05 0.0172203 9.99641E-05 9.99641E-05 0.101654 9.99641E-05 0.569017
0.0121788 9.99552E-05 9.99552E-05 0.168334 0.0250144 9.99552E-05 0.549551 9.99552E-05 0.244422 9.99552E-05
