9.99369E-05 9.99369E-05 9.99369E-05 0.0225178 9.99369E-05 0.0713944 0.905388 9.99369E-05 9.99369E-05 9.99369E-05
9.99548E-05 9.99548E-05 0.570699 0.0480449 9.99548E-05 0.00947774 0.165813 9.99548E-05 9.99548E-05 0.205465
9.99554E-05 0.047545 0.0687394 0.0772257 9.99554E-05 9.99554E-05 9.99554E-05 0.03673 9.99554E-05 0.76926
9.9937E-05 9.9937E-05 9.9937E-05 0.029997 9.9937E-05 0.0156058 9.9937E-05 9.9937E-05 9.9937E-05 0.953698
9.99461E-05 9.99461E-05 0.398968 9.99461E-05 0.0514741 0.16226 9.99461E-05 9.99461E-05 9.99461E-05 0.386698
0.00827192 9.9928E-05 9.9928E-05 9.9928E-05 9.9928E-05 9.9928E-05 9.9928E-05 9.9928E-05 9.9928E-05 0.990929
9.9937E-05 0.222694 0.732973 9.9937E-05 9.9937E-05 9.9937E-05 9.9937E-05 9.9937E-05 0.0436332 9.9937E-05
9.995E-05 9.995E-05 0.360918 0.0155837 0.196394 0.0792921 9.995E-05 9.995E-05 9.995E-05 0.347313
9.99369E-05 0.122497 0.782836 9.99369E-05 9.99369E-05 9.99369E-05 9.99369E-05 9.99369E-05 0.0939669 9.99369E-05
9.99281E-05 9.99281E-05 0.0833913 9.99281E-05 9.99281E-05 0.915809 9.99281E-05 9.99281E-05 9.99281E-05 9.99281E-05
9.99281E-05 9.99281E-05 0.10797 9.99281E-05 9.99281E-05 0.891231 9.99281E-05 9.99281E-05 9.99281E-05 9.99281E-05
9.9946E-05 0.172492 9.9946E-05 0.130824 9.9946E-05 9.9946E-05 0.678291 9.9946E-05 9.9946E-05 0.0177929
9.99201E-05 0.999101 9.99201E-05 9.99201E-05 9.99201E-05 9.99201E-05 9.99201E-05 9.99201E-05 9.99201E-05 9.99201E-05
9.9937E-05 9.9937E-05 9.9937E-05 9.9937E-05 9.9937E-05 9.9937E-05 0.0317594 0.0250813 9.9937E-05 0.94246
9.9937E-05 9.9937E-05 9.9937E-05 9.9937E-05 9.9937E-05 9.9937E-05 0.0698494 0.0114993 9.9937E-05 0.917952
9.9937E-05 0.163488 9.9937E-05 9.9937E-05 9.9937E-05 0.0123921 9.9937E-05 9.9937E-05 0.82342 9.9937E-05
9.9964E-05 0.163357 9.9964E-05 0.265877 9.9964E-05 0.346613 0.0409573 0.100337 0.0824589 9.9964E-05
9.99549E-05 9.99549E-05 0.0638161 9.99549E-05 9.99549E-05 0.0459044 0.0973007 0.754916 0.0375632 9.99549E-05
0.743637 9.99369E-05 9.99369E-05 0.0597725 9.99369E-05 9.99369E-05 9.99369E-05 0.195891 9.99369E-05 9.99369E-05
9.9946E-05 9.9946E-05 9.9946E-05 0.0472805 9.9946E-05 0.494508 0.0783116 9.9946E-05 0.3793 9.9946E-05
9.99201E-05 9.99201E-05 9.99201E-05 9.99201E-05 9.99201E-05 9.99201E-05 9.99201E-05 0.999101 9.99201E-05 9.99201E-05
0.0129659 0.053062 9.99639E-05 0.0385001 9.99639E-05 0.135631 0.481472 9.99639E-05 0.277969 9.99639E-05
9.9955E-05 9.9955E-05 9.9955E-05 0.289973 0.00971766 0.216422 9.9955E-05 0.461813 9.9955E-05 0.0215747
0.01703 9.9937E-05 9.9937E-05 0.06451 9.9937E-05 9.9937E-05 9.9937E-05 0.91776 9.9937E-05 9.9937E-05
9.99201E-05 9.99201E-05 9.99201E-05 9.99201E-05 9.99201E-05 9.99201E-05 9.99201E-05 9.99201E-05 9.99201E-05 0.999101
9.99281E-05 9.99281E-05 9.99281E-05 9.99281E-05 0.00234717 9.99281E-05 9.99281E-05 9.99281E-05 9.99281E-05 0.996853
9.99549E-05 0.771239 9.99549E-05 0.037102 9.99549E-05 0.0743428 0.107612 9.99549E-05 0.00920435 9.99549E-05
9.9937E-05 9.9937E-05 9.9937E-05 9.9937E-05 0.0613864 9.9937E-05 9.9937E-05 9.9937E-05 0.0063703 0.931544
9.9937E-05 9.9937E-05 9.9937E-05 9.9937E-05 0.0377117 9.9937E-05 9.9937E-05 9.9937E-05 0.0542435 0.907345
0.0419654 9.99461E-05 0.077718 9.99461E-05 0.172532 9.99461E-05 9.99461E-05 9.99461E-05 9.99461E-05 0.707185
9.99461E-05 9.99461E-05 0.139492 0.0447183 0.198406 9.99461E-05 9.99461E-05 9.99461E-05 9.99461E-05 0.616783
9.9955E-05 9.9955E-05 0.756114 0.0159135 0.101598 9.9955E-05 0.106255 9.9955E-05 9.9955E-05 0.0196202
9.99282E-05 9.99282E-05 9.99282E-05 9.99282E-05 9.99282E-05 9.99282E-05 9.99282E-05 9.99282E-05 0.0110489 0.988152
9.99372E-05 9.99372E-05 0.127147 9.99372E-05 0.783599 9.99372E-05 9.99372E-05 9.99372E-05 9.99372E-05 0.0885546
9.99639E-05 0.599209 9.99639E-05 0.17905 0.0111504 0.108434 0.0751837 9.99639E-05 9.99639E-05 0.026574
9.99549E-05 0.00933263 9.99549E-05 0.0113542 9.99549E-05 9.99549E-05 0.0015816 9.99549E-05 0.014523 0.962709
9.99281E-05 9.99281E-05 9.99281E-05 9.99281E-05 9.99281E-05 9.99281E-05 0.981955 9.99281E-05 9.99281E-05 0.0172457
0.00059092 9.9964E-05 0.162874 9.9964E-05 0.00367054 0.698149 0.119887 9.9964E-05 9.9964E-05 0.0144288
9.9973E-05 0.180732 9.9973E-05 0.321268 9.9973E-05 0.218943 0.00331771 0.0616114 0.0912956 0.122533
0.0288591 9.99549E-05 9.99549E-05 9.99549E-05 9.99549E-05 0.393102 0.248731 9.99549E-05 0.225226 0.103582
0.00964412 9.99729E-05 9.99729E-05 0.0147916 9.99729E-05 0.406045 0.303289 0.0136492 0.169068 0.0832135
9.99459E-05 0.0035031 9.99459E-05 9.99459E-05 9.99459E-05 0.951533 0.0274981 9.99459E-05 0.0168659 9.99459E-05
9.9946E-05 0.0701274 9.9946E-05 9.9946E-05 9.9946E-05 9.9946E-05 0.0285844 0.00888324 0.891805 9.9946E-05
9.9946E-05 0.0564163 9.9946E-05 0.000471788 9.9946E-05 0.91703 0.0254821 9.9946E-05 9.9946E-05 9.9946E-05
9.9982E-05 0.147398 0.00392794 0.108597 0.00955539 0.489076 0.0342161 0.106668 0.100361 9.9982E-05
0.0328913 0.00652416 0.00407609 0.015919 9.9982E-05 0.588115 0.143065 9.9982E-05 0.121138 0.0880713
0.0133171 0.186704 0.0256011 0.0788876 0.027308 0.37075 0.183875 9.9982E-05 9.9982E-05 0.113357
9.99201E-05 9.99201E-05 9.99201E-05 9.99201E-05 9.99201E-05 9.99201E-05 0.999101 9.99201E-05 9.99201E-05 9.99201E-05
9.99201E-05 9.99201E-05 9.99201E-05 9.99201E-05 0.999101 9.99201E-05 9.99201E-05 9.99201E-05 9.99201E-05 9.99201E-05
9.99201E-05 9.99201E-05 9.99201E-05 9.99201E-05 0.999101 9.99201E-05 9.99201E-05 9.99201E-05 9.99201E-05 9.99201E-05
9.9937E-05 9.9937E-05 9.9937E-05 9.9937E-05 0.995585 0.00318907 9.9937E-05 9.9937E-05 0.000526687 9.9937E-05
9.9937E-05 9.9937E-05 9.9937E-05 9.9937E-05 0.989295 9.9937E-05 0.0042186 0.00578701 9.9937E-05 9.9937E-05
9.99201E-05 9.99201E-05 9.99201E-05 9.99201E-05 0.999101 9.99201E-05 9.99201E-05 9.99201E-05 9.99201E-05 9.99201E-05
9.99641E-05 9.99641E-05 0.142518 9.99641E-05 0.506993 0.0173234 9.99641E-05 0.034614 0.094975 0.203177
9.9955E-05 9.9955E-05 0.0406397 9.9955E-05 0.926634 9.9955E-05 0.0276583 9.9955E-05 0.00290531 0.00166283
9.99369E-05 0.00405506 9.99369E-05 9.99369E-05 9.99369E-05 9.99369E-05 0.800688 9.99369E-05 0.194557 9.99369E-05
9.99548E-05 9.99548E-05 0.725636 0.0279911 0.119393 9.99548E-05 0.0908091 9.99548E-05 9.99548E-05 0.0356715
9.99279E-05 9.99279E-05 9.99279E-05 9.99279E-05 9.99279E-05 9.99279E-05 0.00125723 9.99279E-05 9.99279E-05 0.997943
9.9964E-05 0.843096 0.00384648 0.0109673 0.00951795 9.9964E-05 0.0494511 9.9964E-05 0.0827212 9.9964E-05
9.99282E-05 0.0628177 9.99282E-05 9.99282E-05 9.99282E-05 9.99282E-05 9.99282E-05 9.99282E-05 0.936383 9.99282E-05
9.99282E-05 0.993455 0.00574515 9.99282E-05 9.99282E-05 9.99282E-05 9.99282E-05 9.99282E-05 9.99282E-05 9.99282E-05
9.99369E-05 0.889675 9.99369E-05 9.99369E-05 9.99369E-05 0.101331 9.99369E-05 9.99369E-05 9.99369E-05 0.00829503
9.99368E-05 0.841779 9.99368E-05 0.0513416 9.99368E-05 0.10618 9.99368E-05 9.99368E-05 9.99368E-05 9.99368E-05
0.998905 9.99279E-05 0.000295955 9.99279E-05 9.99279E-05 9.99279E-05 9.99279E-05 9.99279E-05 9.99279E-05 9.99279E-05
9.99283E-05 9.99283E-05 9.99283E-05 9.99283E-05 9.99283E-05 9.99283E-05 9.99283E-05 9.99283E-05 0.00764637 0.991554
9.998E-05 9.998E-05 0.0691492 0.0981053 0.0402532 0.216743 0.0952356 0.0465402 0.112181 0.321593
9.99373E-05 0.00506737 9.99373E-05 9.99373E-05 0.00226385 9.99373E-05 9.99373E-05 9.99373E-05 9.99373E-05 0.991969
9.9937E-05 9.9937E-05 9.9937E-05 9.9937E-05 0.0150158 9.9937E-05 0.027604 9.9937E-05 9.9937E-05 0.956681
9.9946E-05 9.9946E-05 0.000270884 9.9946E-05 0.0388789 9.9946E-05 9.9946E-05 9.9946E-05 0.0589509 0.9013
0.00315882 9.99461E-05 9.99461E-05 9.99461E-05 0.0110532 9.99461E-05 9.99461E-05 9.99461E-05 0.0300937 0.955095
9.99461E-05 9.99461E-05 0.0526203 0.0115443 9.99461E-05 0.0460283 9.99461E-05 9.99461E-05 9.99461E-05 0.889208
9.99279E-05 9.99279E-05 9.99279E-05 0.00659204 9.99279E-05 9.99279E-05 9.99279E-05 9.99279E-05 9.99279E-05 0.992609
9.99373E-05 9.99373E-05 0.347512 9.99373E-05 0.206964 9.99373E-05 9.99373E-05 9.99373E-05 9.99373E-05 0.444824
9.99463E-05 0.0628603 0.437946 9.99463E-05 0.0638312 9.99463E-05 9.99463E-05 9.99463E-05 9.99463E-05 0.434763
9.9973E-05 0.00478195 9.9973E-05 0.0116891 0.03016 0.000460088 0.00908768 9.9973E-05 0.0121866 0.931335
9.9946E-05 9.9946E-05 9.9946E-05 0.0020839 0.0157361 9.9946E-05 9.9946E-05 9.9946E-05 0.978889 0.00269158
9.99279E-05 9.99279E-05 9.99279E-05 9.99279E-05 0.0284634 9.99279E-05 9.99279E-05 9.99279E-05 0.970737 9.99279E-05
9.99201E-05 9.99201E-05 9.99201E-05 0.999101 9.99201E-05 9.99201E-05 9.99201E-05 9.99201E-05 9.99201E-05 9.99201E-05
9.9928E-05 9.9928E-05 9.9928E-05 0.996232 9.9928E-05 9.9928E-05 0.00296861 9.9928E-05 9.9928E-05 9.9928E-05
9.99459E-05 9.99459E-05 0.0496267 9.99459E-05 9.99459E-05 0.844597 0.0424881 9.99459E-05 0.062688 9.99459E-05
9.9955E-05 0.0303061 0.0202799 9.9955E-05 9.9955E-05 0.800032 0.0191218 9.9955E-05 0.129761 9.9955E-05
9.99369E-05 9.99369E-05 0.0388046 0.959336 9.99369E-05 9.99369E-05 9.99369E-05 9.99369E-05 0.00115985 9.99369E-05
9.99201E-05 9.99201E-05 9.99201E-05 0.999101 9.99201E-05 9.99201E-05 9.99201E-05 9.99201E-05 9.99201E-05 9.99201E-05
9.99369E-05 0.0410223 9.99369E-05 9.99369E-05 9.99369E-05 9.99369E-05 0.950767 9.99369E-05 0.00751068 9.99369E-05
0.0467133 0.201039 0.114821 9.99729E-05 9.99729E-05 0.217385 0.0494031 0.00798347 0.362356 9.99729E-05
9.99548E-05 9.99548E-05 0.755466 0.00838602 0.146861 9.99548E-05 0.0761914 9.99548E-05 9.99548E-05 0.0125958
0.0965727 0.373811 9.99552E-05 0.1728 9.99552E-05 0.319085 9.99552E-05 9.99552E-05 9.99552E-05 0.0372317
9.99551E-05 0.498508 9.99551E-05 0.269637 9.99551E-05 9.99551E-05 0.143651 0.0842529 0.00345074 9.99551E-05
9.99552E-05 9.99552E-05 0.20981 0.0501798 0.191123 9.99552E-05 9.99552E-05 0.0170064 9.99552E-05 0.531382
