9.99549E-05 9.99549E-05 0.042381 9.99549E-05 9.99549E-05 9.99549E-05 0.946036 0.0110829
0.647961 9.99729E-05 0.0156222 0.196821 9.99729E-05 9.99729E-05 0.111471 0.0278256
0.0504827 0.0186441 9.99822E-05 0.826146 0.0295806 0.00739544 9.99822E-05 0.0675514
9.9946E-05 9.9946E-05 9.9946E-05 0.967483 9.9946E-05 9.9946E-05 9.9946E-05 0.0319173
0.297508 9.99731E-05 0.202111 0.413226 9.99731E-05 0.0821479 0.00470725 9.99731E-05
9.9964E-05 9.9964E-05 0.0162223 0.966503 9.9964E-05 9.9964E-05 0.0149365 0.00193866
0.705671 9.9946E-05 9.9946E-05 9.9946E-05 0.293729 9.9946E-05 9.9946E-05 9.9946E-05
0.38214 9.9973E-05 0.0222989 0.400958 9.9973E-05 0.17479 9.9973E-05 0.0195133
0.803251 9.9955E-05 0.00571132 9.9955E-05 0.190538 9.9955E-05 9.9955E-05 9.9955E-05
0.024795 9.99461E-05 0.974605 9.99461E-05 9.99461E-05 9.99461E-05 9.99461E-05 9.99461E-05
9.994E-05 9.994E-05 0.9993 9.994E-05 9.994E-05 9.994E-05 9.994E-05 9.994E-05
9.9964E-05 9.9964E-05 9.9964E-05 0.0241295 0.16721 9.9964E-05 0.67724 0.131021
9.99461E-05 9.99461E-05 9.99461E-05 0.0110672 0.988333 9.99461E-05 9.99461E-05 9.99461E-05
9.9955E-05 0.0232158 9.9955E-05 0.955943 9.9955E-05 9.9955E-05 0.0203415 9.9955E-05
9.9955E-05 9.9955E-05 0.0317666 0.942854 9.9955E-05 9.9955E-05 0.0248796 9.9955E-05
0.081999 9.9973E-05 0.468739 9.9973E-05 0.378952 9.9973E-05 0.0657796 0.00423106
9.9964E-05 0.0798284 0.42261 9.9964E-05 0.197692 9.9964E-05 9.9964E-05 0.299469
0.0393991 0.735324 0.182341 9.99729E-05 9.99729E-05 0.031558 0.0110787 9.99729E-05
9.9955E-05 0.918432 9.9955E-05 9.9955E-05 0.00619221 9.9955E-05 9.9955E-05 0.0748764
9.9964E-05 9.9964E-05 0.742282 9.9964E-05 0.0388218 9.9964E-05 0.159688 0.0588079
9.9946E-05 0.998214 9.9946E-05 9.9946E-05 9.9946E-05 9.9946E-05 0.00118655 9.9946E-05
9.9964E-05 9.9964E-05 0.300066 9.9964E-05 0.0940531 9.9964E-05 0.589475 0.0160068
9.99641E-05 0.413352 0.262631 0.0370927 9.99641E-05 9.99641E-05 9.99641E-05 0.286524
9.9955E-05 0.929742 0.0124649 9.9955E-05 9.9955E-05 9.9955E-05 9.9955E-05 0.0572937
9.994E-05 9.994E-05 9.994E-05 0.9993 9.994E-05 9.994E-05 9.994E-05 9.994E-05
9.99461E-05 9.99461E-05 9.99461E-05 0.993991 9.99461E-05 0.0054091 9.99461E-05 9.99461E-05
9.99639E-05 9.99639E-05 0.0553363 9.99639E-05 0.820456 9.99639E-05 0.0711772 0.0526303
0.025724 9.9964E-05 9.9964E-05 0.903594 0.0367972 0.0334851 9.9964E-05 9.9964E-05
9.9955E-05 9.9955E-05 9.9955E-05 0.864388 0.0239871 0.111125 9.9955E-05 9.9955E-05
0.0499543 0.0239476 9.99731E-05 0.680363 0.02167 0.223765 9.99731E-05 9.99731E-05
0.152066 0.0155016 9.9973E-05 0.598039 9.9973E-05 0.18361 9.9973E-05 0.0504831
0.898184 9.9955E-05 9.9955E-05 9.9955E-05 9.9955E-05 0.0548009 0.0465152 9.9955E-05
9.99462E-05 9.99462E-05 0.0113337 0.988067 9.99462E-05 9.99462E-05 9.99462E-05 9.99462E-05
0.113455 9.99551E-05 9.99551E-05 0.0925361 9.99551E-05 0.793509 9.99551E-05 9.99551E-05
9.99819E-05 9.99819E-05 0.108024 0.0372573 0.578499 0.0360631 0.0564383 0.183518
0.00914828 9.9973E-05 9.9973E-05 0.959156 0.0175231 9.9973E-05 0.01302 0.000852919
9.99461E-05 9.99461E-05 9.99461E-05 0.00260132 9.99461E-05 9.99461E-05 0.996799 9.99461E-05
0.177013 0.00990872 0.686757 0.0144555 9.9973E-05 9.9973E-05 0.111566 9.9973E-05
9.9982E-05 0.0636638 0.227856 0.133498 0.183468 9.9982E-05 0.00392879 0.387386
9.99639E-05 9.99639E-05 0.572738 0.119125 9.99639E-05 9.99639E-05 0.29825 0.00948708
9.99639E-05 9.99639E-05 0.614512 0.0724949 9.99639E-05 9.99639E-05 0.304314 0.00827852
9.9946E-05 9.9946E-05 0.993901 9.9946E-05 9.9946E-05 9.9946E-05 0.00549963 9.9946E-05
0.168546 9.99639E-05 0.483903 9.99639E-05 0.201691 9.99639E-05 0.145461 9.99639E-05
9.9973E-05 9.9973E-05 0.969354 9.9973E-05 0.0146331 0.00217908 0.00994149 0.00359227
9.9973E-05 0.100422 0.554063 9.9973E-05 0.15732 9.9973E-05 0.0666971 0.121199
9.9982E-05 0.0322052 0.722286 0.0755045 0.0499649 9.9982E-05 0.111153 0.00868641
9.9982E-05 9.9982E-05 0.338747 0.114323 0.231275 0.0582249 0.17396 0.0832695
9.994E-05 9.994E-05 9.994E-05 9.994E-05 9.994E-05 9.994E-05 0.9993 9.994E-05
9.994E-05 9.994E-05 9.994E-05 9.994E-05 9.994E-05 0.9993 9.994E-05 9.994E-05
9.994E-05 9.994E-05 9.994E-05 9.994E-05 9.994E-05 0.9993 9.994E-05 9.994E-05
9.9946E-05 9.9946E-05 0.00451611 9.9946E-05 9.9946E-05 0.994884 9.9946E-05 9.9946E-05
9.99461E-05 9.99461E-05 9.99461E-05 9.99461E-05 9.99461E-05 0.990231 0.00916893 9.99461E-05
9.994E-05 9.994E-05 9.994E-05 9.994E-05 9.994E-05 0.9993 9.994E-05 9.994E-05
0.203916 0.0321413 0.0553205 0.235726 0.00717446 0.465522 9.99821E-05 9.99821E-05
0.00615722 9.9955E-05 9.9955E-05 9.9955E-05 9.9955E-05 0.961318 0.0320251 9.9955E-05
9.99549E-05 9.99549E-05 0.0788069 9.99549E-05 0.0911669 9.99549E-05 0.829527 9.99549E-05
0.799619 9.99638E-05 9.99638E-05 9.99638E-05 9.99638E-05 0.111839 0.0655829 0.0225588
9.994E-05 9.994E-05 9.994E-05 0.9993 9.994E-05 9.994E-05 9.994E-05 9.994E-05
9.9964E-05 9.9964E-05 9.9964E-05 9.9964E-05 0.857213 0.0228529 0.114827 0.00470719
0.0420724 9.9982E-05 0.384358 0.0490262 0.313135 9.9982E-05 0.20443 0.00677834
9.994E-05 9.994E-05 9.994E-05 9.994E-05 0.9993 9.994E-05 9.994E-05 9.994E-05
9.99459E-05 9.99459E-05 0.0981234 9.99459E-05 0.901277 9.99459E-05 9.99459E-05 9.99459E-05
9.99549E-05 9.99549E-05 0.0627224 9.99549E-05 0.88186 9.99549E-05 9.99549E-05 0.0549184
9.99551E-05 0.897653 0.0152016 9.99551E-05 9.99551E-05 9.99551E-05 0.0866458 9.99551E-05
9.994E-05 9.994E-05 9.994E-05 0.9993 9.994E-05 9.994E-05 9.994E-05 9.994E-05
0.10156 0.0408448 0.252296 0.270181 0.0674701 0.0939956 0.0555807 0.118072
9.99552E-05 9.99552E-05 9.99552E-05 0.973573 0.016735 0.00919218 9.99552E-05 9.99552E-05
9.9955E-05 9.9955E-05 9.9955E-05 0.956883 9.9955E-05 0.00755625 0.0350611 9.9955E-05
0.0359282 9.9964E-05 9.9964E-05 0.903863 0.00271355 0.0570952 9.9964E-05 9.9964E-05
0.0190077 0.0164498 9.9964E-05 0.952373 9.9964E-05 0.0117694 9.9964E-05 9.9964E-05
0.0564585 9.99551E-05 0.0559825 0.887059 9.99551E-05 9.99551E-05 9.99551E-05 9.99551E-05
9.994E-05 9.994E-05 9.994E-05 0.9993 9.994E-05 9.994E-05 9.994E-05 9.994E-05
0.318024 9.99552E-05 9.99552E-05 0.430873 9.99552E-05 0.250603 9.99552E-05 9.99552E-05
0.445308 9.99642E-05 9.99642E-05 0.39804 0.0328809 0.123371 9.99642E-05 9.99642E-05
9.99641E-05 9.99641E-05 9.99641E-05 0.972318 9.99641E-05 0.0171132 0.00879782 0.00137113
0.212329 9.9982E-05 0.53742 0.021038 0.0917759 9.9982E-05 0.101705 0.0355312
0.225626 9.9982E-05 0.462337 0.0245343 0.125199 9.9982E-05 0.12212 0.0399838
9.994E-05 9.994E-05 9.994E-05 9.994E-05 9.994E-05 9.994E-05 9.994E-05 0.9993
9.9946E-05 9.9946E-05 9.9946E-05 9.9946E-05 9.9946E-05 9.9946E-05 0.00817878 0.991222
0.0487998 9.9964E-05 0.903714 0.0112467 9.9964E-05 9.9964E-05 0.0358397 9.9964E-05
0.0492952 9.99639E-05 0.871142 9.99639E-05 0.0660338 9.99639E-05 0.0131286 9.99639E-05
0.00705855 9.9946E-05 9.9946E-05 9.9946E-05 9.9946E-05 9.9946E-05 9.9946E-05 0.992342
9.994E-05 9.994E-05 9.994E-05 9.994E-05 9.994E-05 9.994E-05 9.994E-05 0.9993
9.99549E-05 9.99549E-05 9.99549E-05 9.99549E-05 0.0507077 0.00191567 0.946877 9.99549E-05
0.149227 0.0585157 0.42523 9.9973E-05 0.275388 9.9973E-05 0.0913397 9.9973E-05
0.831806 9.99548E-05 9.99548E-05 9.99548E-05 9.99548E-05 0.120762 0.0469318 9.99548E-05
9.99731E-05 0.114688 0.274514 0.0365757 0.337761 9.99731E-05 9.99731E-05 0.23616
9.99731E-05 0.088827 0.0595967 9.99731E-05 0.442029 9.99731E-05 0.143381 0.265867
0.234971 0.0173611 9.99731E-05 0.546035 9.99731E-05 0.183624 9.99731E-05 0.017709
