9.99029E-05 9.99029E-05 0.905959 9.99029E-05 9.99029E-05 0.00226258 9.99029E-05 9.99029E-05 9.99029E-05 0.0125029 9.99029E-05 9.99029E-05 0.001442 9.99029E-05 0.0767342 9.99029E-05
0.163952 9.99009E-05 0.0249697 9.99009E-05 9.99009E-05 0.0815687 9.99009E-05 9.99009E-05 9.99009E-05 9.99009E-05 9.99009E-05 0.0204903 9.99009E-05 0.707921 9.99009E-05 9.99009E-05
0.518235 9.99285E-05 9.99285E-05 9.99285E-05 0.00597048 9.99285E-05 0.0510689 0.256408 0.00234462 0.0562129 0.0674076 9.99285E-05 9.99285E-05 0.0415528 9.99285E-05 9.99285E-05
0.905848 9.991E-05 9.991E-05 0.0148378 0.0256208 9.991E-05 9.991E-05 9.991E-05 9.991E-05 9.991E-05 0.0157319 0.010682 0.0262803 9.991E-05 9.991E-05 9.991E-05
0.278204 0.0185355 0.0363274 0.201111 9.99281E-05 9.99281E-05 9.99281E-05 9.99281E-05 0.183211 9.99281E-05 9.99281E-05 9.99281E-05 0.0482187 0.171121 0.0624711 9.99281E-05
0.987637 0.00415855 9.9892E-05 0.00325188 9.9892E-05 9.9892E-05 9.9892E-05 9.9892E-05 9.9892E-05 9.9892E-05 9.9892E-05 9.9892E-05 9.9892E-05 9.9892E-05 9.9892E-05 0.00375424
9.98651E-05 9.98651E-05 9.98651E-05 9.98651E-05 9.98651E-05 9.98651E-05 9.98651E-05 9.98651E-05 0.998502 9.98651E-05 9.98651E-05 9.98651E-05 9.98651E-05 9.98651E-05 9.98651E-05 9.98651E-05
0.0360627 9.99099E-05 9.99099E-05 0.26964 9.99099E-05 9.99099E-05 9.99099E-05 0.419757 9.99099E-05 9.99099E-05 9.99099E-05 9.99099E-05 0.0990765 0.100408 0.0740567 9.99099E-05
9.9883E-05 9.9883E-05 9.9883E-05 9.9883E-05 9.9883E-05 9.9883E-05 9.9883E-05 9.9883E-05 0.924143 9.9883E-05 9.9883E-05 9.9883E-05 0.0150235 0.0595349 9.9883E-05 9.9883E-05
9.98741E-05 9.98741E-05 9.98741E-05 9.98741E-05 9.98741E-05 9.98741E-05 9.98741E-05 9.98741E-05 0.150817 9.98741E-05 9.98741E-05 9.98741E-05 9.98741E-05 9.98741E-05 0.847785 9.98741E-05
9.98602E-05 9.98602E-05 9.98602E-05 9.98602E-05 9.98602E-05 9.98602E-05 9.98602E-05 9.98602E-05 0.133333 9.98602E-05 9.98602E-05 9.98602E-05 9.98602E-05 9.98602E-05 0.865269 9.98602E-05
9.98921E-05 9.98921E-05 0.681628 9.98921E-05 0.120863 9.98921E-05 0.165925 0.0303853 9.98921E-05 9.98921E-05 9.98921E-05 9.98921E-05 9.98921E-05 9.98921E-05 9.98921E-05 9.98921E-05
9.98924E-05 0.0140498 9.98924E-05 0.00940524 9.98924E-05 9.98924E-05 0.970609 0.0047368 9.98924E-05 9.98924E-05 9.98924E-05 9.98924E-05 9.98924E-05 9.98924E-05 9.98924E-05 9.98924E-05
0.967936 9.9883E-05 9.9883E-05 9.9883E-05 9.9883E-05 9.9883E-05 0.00910958 9.9883E-05 9.9883E-05 0.0216561 9.9883E-05 9.9883E-05 9.9883E-05 9.9883E-05 9.9883E-05 9.9883E-05
0.972202 9.98831E-05 0.0238382 9.98831E-05 9.98831E-05 9.98831E-05 9.98831E-05 9.98831E-05 9.98831E-05 0.00266118 9.98831E-05 9.98831E-05 9.98831E-05 9.98831E-05 9.98831E-05 9.98831E-05
9.98919E-05 0.0937891 9.98919E-05 9.98919E-05 9.98919E-05 9.98919E-05 0.120096 9.98919E-05 9.98919E-05 9.98919E-05 9.98919E-05 0.756365 9.98919E-05 9.98919E-05 0.0285515 9.98919E-05
9.9874E-05 9.9874E-05 9.9874E-05 9.9874E-05 9.9874E-05 0.944617 9.9874E-05 9.9874E-05 9.9874E-05 9.9874E-05 9.9874E-05 9.9874E-05 9.9874E-05 9.9874E-05 0.0539845 9.9874E-05
9.99008E-05 9.99008E-05 0.00117927 9.99008E-05 9.99008E-05 9.99008E-05 9.99008E-05 9.99008E-05 9.99008E-05 0.742446 9.99008E-05 0.0639502 9.99008E-05 0.0482261 0.143099 9.99008E-05
9.9883E-05 9.9883E-05 9.9883E-05 9.9883E-05 0.0680022 9.9883E-05 9.9883E-05 9.9883E-05 9.9883E-05 0.0914903 9.9883E-05 9.9883E-05 9.9883E-05 9.9883E-05 9.9883E-05 0.839209
9.991E-05 0.121358 0.0824548 9.991E-05 0.0262193 0.0187007 9.991E-05 9.991E-05 9.991E-05 9.991E-05 9.991E-05 0.285918 9.991E-05 9.991E-05 0.46435 9.991E-05
9.98651E-05 9.98651E-05 9.98651E-05 9.98651E-05 9.98651E-05 9.98651E-05 9.98651E-05 9.98651E-05 9.98651E-05 0.998502 9.98651E-05 9.98651E-05 9.98651E-05 9.98651E-05 9.98651E-05 9.98651E-05
9.99099E-05 9.99099E-05 0.481819 9.99099E-05 9.99099E-05 0.0695652 0.0556356 9.99099E-05 9.99099E-05 9.99099E-05 9.99099E-05 0.283723 9.99099E-05 9.99099E-05 0.098524 0.0097342
9.991E-05 0.0115828 9.991E-05 9.991E-05 0.136175 0.285553 9.991E-05 9.991E-05 9.991E-05 0.430751 9.991E-05 9.991E-05 0.0250054 9.991E-05 0.109933 9.991E-05
9.98829E-05 0.0911958 9.98829E-05 9.98829E-05 9.98829E-05 9.98829E-05 9.98829E-05 9.98829E-05 9.98829E-05 0.806213 9.98829E-05 9.98829E-05 9.98829E-05 9.98829E-05 9.98829E-05 0.101293
0.35256 9.98833E-05 9.98833E-05 9.98833E-05 9.98833E-05 9.98833E-05 9.98833E-05 0.0316113 9.98833E-05 9.98833E-05 0.61453 9.98833E-05 9.98833E-05 9.98833E-05 9.98833E-05 9.98833E-05
0.844069 9.98742E-05 9.98742E-05 9.98742E-05 9.98742E-05 9.98742E-05 9.98742E-05 9.98742E-05 9.98742E-05 9.98742E-05 0.154533 9.98742E-05 9.98742E-05 9.98742E-05 9.98742E-05 9.98742E-05
9.99008E-05 9.99008E-05 0.0468849 9.99008E-05 0.032807 0.0393433 0.80851 9.99008E-05 9.99008E-05 9.99008E-05 9.99008E-05 9.99008E-05 9.99008E-05 9.99008E-05 0.0713553 9.99008E-05
9.98651E-05 9.98651E-05 9.98651E-05 9.98651E-05 9.98651E-05 9.98651E-05 9.98651E-05 9.98651E-05 9.98651E-05 9.98651E-05 0.998502 9.98651E-05 9.98651E-05 9.98651E-05 9.98651E-05 9.98651E-05
9.98651E-05 9.98651E-05 9.98651E-05 9.98651E-05 9.98651E-05 9.98651E-05 9.98651E-05 9.98651E-05 9.98651E-05 9.98651E-05 0.998502 9.98651E-05 9.98651E-05 9.98651E-05 9.98651E-05 9.98651E-05
0.35666 9.99102E-05 0.00859762 0.431508 9.99102E-05 9.99102E-05 9.99102E-05 9.99102E-05 9.99102E-05 9.99102E-05 0.0675443 9.99102E-05 0.120608 9.99102E-05 9.99102E-05 0.0140824
0.099976 9.98828E-05 9.98828E-05 0.893463 9.98828E-05 9.98828E-05 9.98828E-05 9.98828E-05 9.98828E-05 9.98828E-05 9.98828E-05 9.98828E-05 0.00526243 9.98828E-05 9.98828E-05 9.98828E-05
9.98654E-05 9.98654E-05 9.98654E-05 9.98654E-05 9.98654E-05 9.98654E-05 9.98654E-05 9.98654E-05 9.98654E-05 9.98654E-05 9.98654E-05 9.98654E-05 9.98654E-05 0.998502 9.98654E-05 9.98654E-05
0.537009 9.99011E-05 9.99011E-05 0.0169179 9.99011E-05 0.00432598 9.99011E-05 0.160847 9.99011E-05 9.99011E-05 0.279801 9.99011E-05 9.99011E-05 9.99011E-05 9.99011E-05 9.99011E-05
9.99355E-05 9.99355E-05 0.0137307 0.0588465 0.00535392 9.99355E-05 9.99355E-05 0.204468 0.00558457 9.99355E-05 9.99355E-05 9.99355E-05 0.69239 0.0166269 0.00219973 9.99355E-05
9.99187E-05 0.085508 0.0625794 0.0503504 0.0737216 0.20413 0.501487 9.99187E-05 9.99187E-05 9.99187E-05 9.99187E-05 9.99187E-05 9.99187E-05 9.99187E-05 0.0213235 9.99187E-05
0.37881 0.0111953 9.99099E-05 0.0308538 9.99099E-05 9.99099E-05 9.99099E-05 0.0201427 0.0098676 9.99099E-05 0.548132 9.99099E-05 9.99099E-05 9.99099E-05 9.99099E-05 9.99099E-05
0.0110967 0.00810816 0.95598 9.98921E-05 9.98921E-05 9.98921E-05 9.98921E-05 0.0236165 9.98921E-05 9.98921E-05 9.98921E-05 9.98921E-05 9.98921E-05 9.98921E-05 9.98921E-05 9.98921E-05
9.99099E-05 9.99099E-05 0.0904165 9.99099E-05 9.99099E-05 0.0345024 9.99099E-05 0.0507931 9.99099E-05 0.0107855 9.99099E-05 9.99099E-05 9.99099E-05 0.176848 0.635656 9.99099E-05
9.9874E-05 9.9874E-05 9.9874E-05 9.9874E-05 9.9874E-05 0.985003 9.9874E-05 0.0135984 9.9874E-05 9.9874E-05 9.9874E-05 9.9874E-05 9.9874E-05 9.9874E-05 9.9874E-05 9.9874E-05
0.123989 9.99007E-05 0.23296 9.99007E-05 9.99007E-05 0.141185 9.99007E-05 9.99007E-05 9.99007E-05 9.99007E-05 9.99007E-05 0.228036 9.99007E-05 9.99007E-05 0.272731 9.99007E-05
0.0742871 9.99188E-05 0.300106 9.99188E-05 0.0206065 0.0557518 9.99188E-05 9.99188E-05 9.99188E-05 0.00472071 9.99188E-05 0.19517 9.99188E-05 9.99188E-05 0.348459 9.99188E-05
9.991E-05 0.0299494 0.010273 9.991E-05 9.991E-05 0.0251385 0.0064625 9.991E-05 9.991E-05 9.991E-05 9.991E-05 9.991E-05 9.991E-05 9.991E-05 0.917526 0.00965105
9.991E-05 9.991E-05 0.0557222 9.991E-05 9.991E-05 9.991E-05 0.0424782 9.991E-05 0.0560256 0.0146203 9.991E-05 0.799796 9.991E-05 9.991E-05 0.0303587 9.991E-05
9.9892E-05 0.0867278 9.9892E-05 0.000660007 9.9892E-05 9.9892E-05 0.0109953 9.9892E-05 9.9892E-05 9.9892E-05 9.9892E-05 9.9892E-05 9.9892E-05 9.9892E-05 0.900418 9.9892E-05
9.99278E-05 0.286999 0.0495888 9.99278E-05 0.0326297 9.99278E-05 0.102863 9.99278E-05 9.99278E-05 0.0978243 9.99278E-05 0.0622629 9.99278E-05 0.0830749 0.283959 9.99278E-05
0.0577641 0.283561 0.0996798 9.99133E-05 9.99133E-05 9.99133E-05 9.99133E-05 9.99133E-05 9.99133E-05 9.99133E-05 9.99133E-05 0.166121 9.99133E-05 0.0231642 0.368711 9.99133E-05
0.0435389 0.406618 0.186162 0.0517446 9.99459E-05 0.077069 0.0350375 9.99459E-05 0.044067 9.99459E-05 0.0100854 9.99459E-05 0.0169432 9.99459E-05 0.128135 9.99459E-05
9.98748E-05 9.98748E-05 0.978032 9.98748E-05 9.98748E-05 9.98748E-05 9.98748E-05 9.98748E-05 9.98748E-05 9.98748E-05 9.98748E-05 9.98748E-05 9.98748E-05 9.98748E-05 9.98748E-05 0.0205699
9.98651E-05 9.98651E-05 9.98651E-05 9.98651E-05 9.98651E-05 9.98651E-05 9.98651E-05 9.98651E-05 9.98651E-05 9.98651E-05 9.98651E-05 9.98651E-05 0.998502 9.98651E-05 9.98651E-05 9.98651E-05
9.98775E-05 0.00698618 9.98775E-05 9.98775E-05 9.98775E-05 9.98775E-05 9.98775E-05 9.98775E-05 9.98775E-05 9.98775E-05 9.98775E-05 9.98775E-05 0.991616 9.98775E-05 9.98775E-05 9.98775E-05
9.98743E-05 9.98743E-05 9.98743E-05 9.98743E-05 0.00207156 9.98743E-05 9.98743E-05 9.98743E-05 9.98743E-05 9.98743E-05 9.98743E-05 9.98743E-05 0.99653 9.98743E-05 9.98743E-05 9.98743E-05
9.98652E-05 9.98652E-05 9.98652E-05 9.98652E-05 9.98652E-05 9.98652E-05 9.98652E-05 9.98652E-05 9.98652E-05 9.98652E-05 9.98652E-05 9.98652E-05 0.998502 9.98652E-05 9.98652E-05 9.98652E-05
9.98653E-05 9.98653E-05 9.98653E-05 9.98653E-05 9.98653E-05 9.98653E-05 9.98653E-05 9.98653E-05 9.98653E-05 9.98653E-05 9.98653E-05 9.98653E-05 0.998502 9.98653E-05 9.98653E-05 9.98653E-05
0.0178382 9.99372E-05 0.0121454 0.355065 9.99372E-05 9.99372E-05 9.99372E-05 0.0878812 0.0128444 0.00273044 9.99372E-05 0.114764 0.350455 0.0455772 9.99372E-05 9.99372E-05
9.98921E-05 9.98921E-05 0.00448125 9.98921E-05 9.98921E-05 9.98921E-05 9.98921E-05 9.98921E-05 9.98921E-05 9.98921E-05 9.98921E-05 0.00218438 0.939054 0.0530813 9.98921E-05 9.98921E-05
9.9883E-05 9.9883E-05 0.839055 9.9883E-05 9.9883E-05 9.9883E-05 9.9883E-05 9.9883E-05 0.00085444 9.9883E-05 9.9883E-05 0.158792 9.9883E-05 9.9883E-05 9.9883E-05 9.9883E-05
9.98919E-05 9.98919E-05 9.98919E-05 9.98919E-05 9.98919E-05 9.98919E-05 9.98919E-05 9.98919E-05 0.0745749 9.98919E-05 0.016312 9.98919E-05 0.0550324 0.852882 9.98919E-05 9.98919E-05
0.597079 9.98829E-05 9.98829E-05 9.98829E-05 9.98829E-05 0.0133042 9.98829E-05 9.98829E-05 9.98829E-05 9.98829E-05 0.388318 9.98829E-05 9.98829E-05 9.98829E-05 9.98829E-05 9.98829E-05
9.99011E-05 9.99011E-05 0.0786996 9.99011E-05 0.0394722 9.99011E-05 0.817148 9.99011E-05 9.99011E-05 9.99011E-05 9.99011E-05 0.0527356 0.010846 9.99011E-05 9.99011E-05 9.99011E-05
9.98832E-05 0.111162 9.98832E-05 9.98832E-05 9.98832E-05 9.98832E-05 0.0210248 9.98832E-05 9.98832E-05 9.98832E-05 9.98832E-05 0.866515 9.98832E-05 9.98832E-05 9.98832E-05 9.98832E-05
9.98744E-05 9.98744E-05 9.98744E-05 9.98744E-05 9.98744E-05 9.98744E-05 0.958436 9.98744E-05 0.0401658 9.98744E-05 9.98744E-05 9.98744E-05 9.98744E-05 9.98744E-05 9.98744E-05 9.98744E-05
9.9874E-05 9.9874E-05 9.9874E-05 9.9874E-05 9.9874E-05 9.9874E-05 0.875599 9.9874E-05 9.9874E-05 9.9874E-05 9.9874E-05 9.9874E-05 9.9874E-05 9.9874E-05 0.123003 9.9874E-05
9.98919E-05 0.0101256 9.98919E-05 9.98919E-05 0.0364542 9.98919E-05 0.811237 9.98919E-05 9.98919E-05 9.98919E-05 9.98919E-05 9.98919E-05 9.98919E-05 9.98919E-05 0.140984 9.98919E-05
9.98651E-05 9.98651E-05 9.98651E-05 9.98651E-05 9.98651E-05 9.98651E-05 9.98651E-05 9.98651E-05 9.98651E-05 9.98651E-05 9.98651E-05 9.98651E-05 9.98651E-05 9.98651E-05 9.98651E-05 0.998502
0.324206 9.98746E-05 9.98746E-05 9.98746E-05 9.98746E-05 9.98746E-05 9.98746E-05 9.98746E-05 9.98746E-05 9.98746E-05 0.674396 9.98746E-05 9.98746E-05 9.98746E-05 9.98746E-05 9.98746E-05
9.9955E-05 9.9955E-05 0.0173646 0.00131961 0.0931749 0.00588981 0.174207 0.0912291 9.9955E-05 0.00357605 0.285272 0.216271 0.05952 9.9955E-05 9.9955E-05 0.0516767
0.864002 9.98833E-05 9.98833E-05 9.98833E-05 9.98833E-05 9.98833E-05 9.98833E-05 0.115748 9.98833E-05 9.98833E-05 0.0189514 9.98833E-05 9.98833E-05 9.98833E-05 9.98833E-05 9.98833E-05
0.667737 9.991E-05 9.991E-05 0.0298398 9.991E-05 0.0369116 9.991E-05 9.991E-05 0.0315471 9.991E-05 0.222995 9.991E-05 0.00997121 9.991E-05 9.991E-05 9.991E-05
9.98741E-05 9.98741E-05 9.98741E-05 9.98741E-05 9.98741E-05 9.98741E-05 9.98741E-05 9.98741E-05 9.98741E-05 9.98741E-05 0.989608 0.00899412 9.98741E-05 9.98741E-05 9.98741E-05 9.98741E-05
9.98742E-05 9.98742E-05 9.98742E-05 9.98742E-05 9.98742E-05 9.98742E-05 9.98742E-05 9.98742E-05 9.98742E-05 0.00137822 0.997224 9.98742E-05 9.98742E-05 9.98742E-05 9.98742E-05 9.98742E-05
0.645285 9.99101E-05 0.0117698 0.151657 9.99101E-05 9.99101E-05 9.99101E-05 9.99101E-05 0.044633 9.99101E-05 0.126822 9.99101E-05 9.99101E-05 9.99101E-05 0.0188344 9.99101E-05
0.460426 9.9883E-05 9.9883E-05 9.9883E-05 9.9883E-05 0.0349733 9.9883E-05 9.9883E-05 9.9883E-05 9.9883E-05 0.503302 9.9883E-05 9.9883E-05 9.9883E-05 9.9883E-05 9.9883E-05
9.98829E-05 9.98829E-05 9.98829E-05 0.0118684 9.98829E-05 9.98829E-05 9.98829E-05 0.917867 9.98829E-05 9.98829E-05 9.98829E-05 9.98829E-05 0.068966 9.98829E-05 9.98829E-05 9.98829E-05
9.9883E-05 9.9883E-05 9.9883E-05 9.9883E-05 9.9883E-05 9.9883E-05 0.0100525 0.985454 9.9883E-05 9.9883E-05 9.9883E-05 9.9883E-05 9.9883E-05 9.9883E-05 9.9883E-05 0.00319531
0.891658 9.98922E-05 9.98922E-05 9.98922E-05 9.98922E-05 9.98922E-05 9.98922E-05 9.98922E-05 9.98922E-05 9.98922E-05 0.046177 0.0310892 0.0298771 9.98922E-05 9.98922E-05 9.98922E-05
0.00442908 9.9892E-05 9.9892E-05 9.9892E-05 0.00208511 9.9892E-05 9.9892E-05 0.0106743 9.9892E-05 9.9892E-05 9.9892E-05 0.981613 9.9892E-05 9.9892E-05 9.9892E-05 9.9892E-05
9.9874E-05 9.9874E-05 9.9874E-05 9.9874E-05 9.9874E-05 9.9874E-05 9.9874E-05 9.9874E-05 9.9874E-05 9.9874E-05 9.9874E-05 0.978596 0.0200053 9.9874E-05 9.9874E-05 9.9874E-05
9.98743E-05 0.00234046 9.98743E-05 9.98743E-05 0.996261 9.98743E-05 9.98743E-05 9.98743E-05 9.98743E-05 9.98743E-05 9.98743E-05 9.98743E-05 9.98743E-05 9.98743E-05 9.98743E-05 9.98743E-05
9.98742E-05 9.98742E-05 9.98742E-05 9.98742E-05 0.995657 9.98742E-05 0.0029446 9.98742E-05 9.98742E-05 9.98742E-05 9.98742E-05 9.98742E-05 9.98742E-05 9.98742E-05 9.98742E-05 9.98742E-05
0.000984476 9.9919E-05 0.0037133 9.9919E-05 9.9919E-05 9.9919E-05 0.059202 9.9919E-05 9.9919E-05 9.9919E-05 0.0123714 0.0568838 9.9919E-05 0.0378741 0.828072 9.9919E-05
9.9919E-05 9.9919E-05 9.9919E-05 9.9919E-05 9.9919E-05 9.9919E-05 0.0579375 0.0103278 0.00662344 0.00979385 9.9919E-05 0.0611196 9.9919E-05 0.0380878 0.815211 9.9919E-05
9.99101E-05 9.99101E-05 9.99101E-05 9.99101E-05 0.961709 9.99101E-05 9.99101E-05 0.00448971 9.99101E-05 9.99101E-05 9.99101E-05 0.00673868 0.00686665 0.00328037 0.0159164 9.99101E-05
9.98652E-05 9.98652E-05 9.98652E-05 9.98652E-05 0.998502 9.98652E-05 9.98652E-05 9.98652E-05 9.98652E-05 9.98652E-05 9.98652E-05 9.98652E-05 9.98652E-05 9.98652E-05 9.98652E-05 9.98652E-05
9.98919E-05 9.98919E-05 0.961187 9.98919E-05 9.98919E-05 9.98919E-05 0.0193966 9.98919E-05 0.00790714 9.98919E-05 9.98919E-05 9.98919E-05 0.010311 9.98919E-05 9.98919E-05 9.98919E-05
9.99369E-05 9.99369E-05 0.0591305 9.99369E-05 9.99369E-05 0.00187712 0.107302 9.99369E-05 0.0769475 0.0499791 9.99369E-05 0.383469 9.99369E-05 0.0557255 0.248184 0.0166868
9.9892E-05 0.00923883 9.9892E-05 9.9892E-05 9.9892E-05 9.9892E-05 9.9892E-05 9.9892E-05 0.0276703 9.9892E-05 9.9892E-05 9.9892E-05 0.0475129 0.914379 9.9892E-05 9.9892E-05
9.98648E-05 0.998502 9.98648E-05 9.98648E-05 9.98648E-05 9.98648E-05 9.98648E-05 9.98648E-05 9.98648E-05 9.98648E-05 9.98648E-05 9.98648E-05 9.98648E-05 9.98648E-05 9.98648E-05 9.98648E-05
9.99101E-05 0.501317 0.0830777 9.99101E-05 0.0694326 0.171349 0.162771 9.99101E-05 9.99101E-05 0.0110536 9.99101E-05 9.99101E-05 9.99101E-05 9.99101E-05 9.99101E-05 9.99101E-05
9.9865E-05 9.9865E-05 9.9865E-05 0.998502 9.9865E-05 9.9865E-05 9.9865E-05 9.9865E-05 9.9865E-05 9.9865E-05 9.9865E-05 9.9865E-05 9.9865E-05 9.9865E-05 9.9865E-05 9.9865E-05
