0.0459539 9.98801E-05 9.98801E-05 9.98801E-05 9.98801E-05 9.98801E-05 9.98801E-05 9.98801E-05 9.98801E-05 0.0072884 9.98801E-05 9.98801E-05 9.98801E-05 0.92811 0.017449 9.98801E-05
9.98919E-05 0.197047 0.101716 9.98919E-05 9.98919E-05 9.98919E-05 9.98919E-05 0.677842 9.98919E-05 9.98919E-05 9.98919E-05 9.98919E-05 9.98919E-05 9.98919E-05 0.0221965 9.98919E-05
9.99018E-05 9.99018E-05 0.496258 9.99018E-05 9.99018E-05 9.99018E-05 0.396041 9.99018E-05 0.038742 0.035174 9.99018E-05 9.99018E-05 0.0326853 9.99018E-05 9.99018E-05 9.99018E-05
9.98921E-05 9.98921E-05 0.955542 9.98921E-05 0.00961477 9.98921E-05 9.98921E-05 9.98921E-05 9.98921E-05 0.0302413 9.98921E-05 9.98921E-05 9.98921E-05 9.98921E-05 0.00340334 9.98921E-05
9.99192E-05 0.0326935 0.339193 0.00662871 0.260547 9.99192E-05 0.122713 0.216119 9.99192E-05 9.99192E-05 9.99192E-05 9.99192E-05 9.99192E-05 9.99192E-05 9.99192E-05 0.0212075
0.00123584 0.00510186 0.960429 9.98964E-05 9.98964E-05 9.98964E-05 9.98964E-05 9.98964E-05 9.98964E-05 9.98964E-05 9.98964E-05 0.0320343 9.98964E-05 9.98964E-05 9.98964E-05 9.98964E-05
9.98653E-05 9.98653E-05 9.98653E-05 0.998502 9.98653E-05 9.98653E-05 9.98653E-05 9.98653E-05 9.98653E-05 9.98653E-05 9.98653E-05 9.98653E-05 9.98653E-05 9.98653E-05 9.98653E-05 9.98653E-05
0.0163712 9.99189E-05 0.0681175 9.99189E-05 0.0724942 9.99189E-05 0.614281 0.101626 9.99189E-05 0.0153118 9.99189E-05 9.99189E-05 9.99189E-05 9.99189E-05 9.99189E-05 0.1109
9.98831E-05 9.98831E-05 9.98831E-05 0.944149 9.98831E-05 9.98831E-05 9.98831E-05 0.035173 9.98831E-05 9.98831E-05 9.98831E-05 9.98831E-05 9.98831E-05 9.98831E-05 9.98831E-05 0.0193792
9.9865E-05 9.9865E-05 9.9865E-05 9.9865E-05 0.998502 9.9865E-05 9.9865E-05 9.9865E-05 9.9865E-05 9.9865E-05 9.9865E-05 9.9865E-05 9.9865E-05 9.9865E-05 9.9865E-05 9.9865E-05
9.9865E-05 9.9865E-05 9.9865E-05 9.9865E-05 0.998502 9.9865E-05 9.9865E-05 9.9865E-05 9.9865E-05 9.9865E-05 9.9865E-05 9.9865E-05 9.9865E-05 9.9865E-05 9.9865E-05 9.9865E-05
9.99101E-05 0.0490442 0.0289535 9.99101E-05 9.99101E-05 9.99101E-05 9.99101E-05 9.99101E-05 9.99101E-05 0.112293 9.99101E-05 0.0169235 0.201351 0.590435 9.99101E-05 9.99101E-05
9.98834E-05 9.98834E-05 9.98834E-05 0.00767064 9.98834E-05 9.98834E-05 0.0258444 9.98834E-05 9.98834E-05 9.98834E-05 9.98834E-05 9.98834E-05 0.965187 9.98834E-05 9.98834E-05 9.98834E-05
9.9901E-05 0.0243807 0.915058 9.9901E-05 9.9901E-05 9.9901E-05 9.9901E-05 9.9901E-05 0.0307202 9.9901E-05 9.9901E-05 0.0232704 9.9901E-05 9.9901E-05 0.00547204 9.9901E-05
0.046065 0.0418082 0.910424 9.98921E-05 9.98921E-05 9.98921E-05 9.98921E-05 9.98921E-05 9.98921E-05 9.98921E-05 9.98921E-05 9.98921E-05 9.98921E-05 0.000503576 9.98921E-05 9.98921E-05
9.98919E-05 9.98919E-05 9.98919E-05 9.98919E-05 0.0466557 9.98919E-05 9.98919E-05 9.98919E-05 9.98919E-05 9.98919E-05 0.715552 0.120656 0.115938 9.98919E-05 9.98919E-05 9.98919E-05
9.9874E-05 9.9874E-05 9.9874E-05 9.9874E-05 0.0494592 9.9874E-05 9.9874E-05 9.9874E-05 9.9874E-05 9.9874E-05 9.9874E-05 9.9874E-05 9.9874E-05 9.9874E-05 0.949143 9.9874E-05
0.0362516 0.145363 9.99098E-05 9.99098E-05 0.00168206 9.99098E-05 9.99098E-05 0.024048 0.750928 9.99098E-05 9.99098E-05 9.99098E-05 9.99098E-05 9.99098E-05 9.99098E-05 0.0407275
9.9883E-05 9.9883E-05 9.9883E-05 9.9883E-05 9.9883E-05 0.705247 9.9883E-05 9.9883E-05 0.210166 0.0832883 9.9883E-05 9.9883E-05 9.9883E-05 9.9883E-05 9.9883E-05 9.9883E-05
0.0999856 0.0210616 9.99278E-05 9.99278E-05 0.28249 9.99278E-05 9.99278E-05 9.99278E-05 9.99278E-05 0.000738554 0.319259 0.172915 9.99278E-05 0.0831574 0.0195935 9.99278E-05
9.9874E-05 9.9874E-05 9.9874E-05 9.9874E-05 9.9874E-05 0.0532757 9.9874E-05 9.9874E-05 0.945326 9.9874E-05 9.9874E-05 9.9874E-05 9.9874E-05 9.9874E-05 9.9874E-05 9.9874E-05
9.99009E-05 0.282064 9.99009E-05 9.99009E-05 9.99009E-05 9.99009E-05 9.99009E-05 9.99009E-05 9.99009E-05 9.99009E-05 0.193726 0.0345509 0.0854965 0.403064 9.99009E-05 9.99009E-05
0.0115924 9.9919E-05 0.000907707 9.9919E-05 0.0832132 9.9919E-05 9.9919E-05 9.9919E-05 0.480462 0.18995 9.9919E-05 0.00299989 9.9919E-05 9.9919E-05 0.229975 9.9919E-05
9.9883E-05 9.9883E-05 9.9883E-05 9.9883E-05 9.9883E-05 0.0380773 9.9883E-05 9.9883E-05 0.921708 9.9883E-05 9.9883E-05 0.0389166 9.9883E-05 9.9883E-05 9.9883E-05 9.9883E-05
9.98744E-05 9.98744E-05 0.978583 9.98744E-05 9.98744E-05 9.98744E-05 9.98744E-05 9.98744E-05 9.98744E-05 9.98744E-05 9.98744E-05 9.98744E-05 9.98744E-05 9.98744E-05 9.98744E-05 0.0200189
9.98653E-05 9.98653E-05 0.998502 9.98653E-05 9.98653E-05 9.98653E-05 9.98653E-05 9.98653E-05 9.98653E-05 9.98653E-05 9.98653E-05 9.98653E-05 9.98653E-05 9.98653E-05 9.98653E-05 9.98653E-05
0.0939589 9.99098E-05 9.99098E-05 9.99098E-05 0.000384982 9.99098E-05 9.99098E-05 9.99098E-05 9.99098E-05 0.0296799 9.99098E-05 9.99098E-05 0.779708 0.0498499 0.0454193 9.99098E-05
9.9892E-05 9.9892E-05 0.908584 0.0342766 9.9892E-05 9.9892E-05 9.9892E-05 9.9892E-05 9.9892E-05 0.00664731 9.9892E-05 9.9892E-05 9.9892E-05 9.9892E-05 9.9892E-05 0.0492932
9.98922E-05 9.98922E-05 0.868468 0.0105508 9.98922E-05 9.98922E-05 9.98922E-05 9.98922E-05 9.98922E-05 9.98922E-05 0.0246857 9.98922E-05 9.98922E-05 9.98922E-05 9.98922E-05 0.0950969
9.99012E-05 9.99012E-05 0.542269 9.99012E-05 9.99012E-05 0.0291779 0.25336 9.99012E-05 9.99012E-05 0.029439 9.99012E-05 9.99012E-05 9.99012E-05 9.99012E-05 9.99012E-05 0.144654
9.99099E-05 9.99099E-05 0.332836 9.99099E-05 0.00741254 9.99099E-05 0.548694 9.99099E-05 9.99099E-05 0.0137409 9.99099E-05 0.00666106 9.99099E-05 9.99099E-05 9.99099E-05 0.0896571
9.98654E-05 9.98654E-05 9.98654E-05 9.98654E-05 9.98654E-05 9.98654E-05 9.98654E-05 0.998502 9.98654E-05 9.98654E-05 9.98654E-05 9.98654E-05 9.98654E-05 9.98654E-05 9.98654E-05 9.98654E-05
9.98743E-05 9.98743E-05 0.881243 9.98743E-05 9.98743E-05 9.98743E-05 0.117359 9.98743E-05 9.98743E-05 9.98743E-05 9.98743E-05 9.98743E-05 9.98743E-05 9.98743E-05 9.98743E-05 9.98743E-05
0.0403913 9.98832E-05 9.98832E-05 9.98832E-05 9.98832E-05 9.98832E-05 0.263831 9.98832E-05 9.98832E-05 9.98832E-05 9.98832E-05 9.98832E-05 9.98832E-05 9.98832E-05 9.98832E-05 0.694479
9.99187E-05 0.0838606 9.99187E-05 9.99187E-05 0.0222128 9.99187E-05 0.0498088 9.99187E-05 9.99187E-05 0.102738 9.99187E-05 0.0383192 0.476992 9.99187E-05 0.225169 9.99187E-05
9.99099E-05 0.00297843 0.940352 0.0153058 9.99099E-05 9.99099E-05 0.0310491 9.99099E-05 9.99099E-05 9.99099E-05 9.99099E-05 0.00247441 9.99099E-05 9.99099E-05 0.00684088 9.99099E-05
9.98831E-05 9.98831E-05 9.98831E-05 9.98831E-05 9.98831E-05 9.98831E-05 0.0593677 9.98831E-05 9.98831E-05 9.98831E-05 9.98831E-05 9.98831E-05 9.98831E-05 0.933702 0.00563222 9.98831E-05
0.730351 9.99011E-05 9.99011E-05 9.99011E-05 0.0175545 9.99011E-05 0.0144998 0.166914 9.99011E-05 9.99011E-05 9.99011E-05 9.99011E-05 9.99011E-05 9.99011E-05 0.0695816 9.99011E-05
9.98741E-05 9.98741E-05 0.00513633 9.98741E-05 9.98741E-05 9.98741E-05 9.98741E-05 9.98741E-05 9.98741E-05 9.98741E-05 9.98741E-05 9.98741E-05 9.98741E-05 9.98741E-05 0.993465 9.98741E-05
9.98651E-05 0.998502 9.98651E-05 9.98651E-05 9.98651E-05 9.98651E-05 9.98651E-05 9.98651E-05 9.98651E-05 9.98651E-05 9.98651E-05 9.98651E-05 9.98651E-05 9.98651E-05 9.98651E-05 9.98651E-05
9.9883E-05 0.995909 9.9883E-05 9.9883E-05 9.9883E-05 9.9883E-05 9.9883E-05 9.9883E-05 9.9883E-05 0.000794776 9.9883E-05 9.9883E-05 9.9883E-05 0.00199742 9.9883E-05 9.9883E-05
0.437581 0.0304577 9.99188E-05 9.99188E-05 0.389824 0.016432 9.99188E-05 9.99188E-05 9.99188E-05 9.99188E-05 9.99188E-05 0.0275403 9.99188E-05 0.0477314 0.0495343 9.99188E-05
0.0555983 0.00533478 9.9919E-05 0.0380818 9.9919E-05 9.9919E-05 9.9919E-05 9.9919E-05 0.0101542 9.9919E-05 0.804428 9.9919E-05 0.0623349 0.0231688 9.9919E-05 9.9919E-05
0.372523 9.99008E-05 9.99008E-05 9.99008E-05 0.465638 9.99008E-05 9.99008E-05 9.99008E-05 9.99008E-05 0.0089522 9.99008E-05 0.106831 9.99008E-05 0.0449571 9.99008E-05 9.99008E-05
0.605933 0.0215439 9.991E-05 9.991E-05 9.991E-05 9.991E-05 9.991E-05 9.991E-05 0.0870044 0.032595 9.991E-05 0.237694 0.0142309 9.991E-05 9.991E-05 9.991E-05
0.54077 0.0616146 9.99189E-05 9.99189E-05 9.99189E-05 0.0489933 0.0785996 9.99189E-05 9.99189E-05 9.99189E-05 0.0689207 0.171659 9.99189E-05 0.0285439 9.99189E-05 9.99189E-05
0.0925759 9.9955E-05 0.0617739 0.0481671 0.0784121 0.00209593 9.9955E-05 9.9955E-05 9.9955E-05 0.00918762 9.9955E-05 0.235697 0.0538593 0.212976 0.148754 0.0560006
9.98749E-05 9.98749E-05 9.98749E-05 9.98749E-05 9.98749E-05 9.98749E-05 9.98749E-05 9.98749E-05 0.00874618 9.98749E-05 9.98749E-05 9.98749E-05 9.98749E-05 0.989856 9.98749E-05 9.98749E-05
9.98741E-05 9.98741E-05 9.98741E-05 0.00176099 9.98741E-05 9.98741E-05 9.98741E-05 9.98741E-05 9.98741E-05 9.98741E-05 9.98741E-05 9.98741E-05 9.98741E-05 9.98741E-05 9.98741E-05 0.996841
9.98742E-05 0.0155781 9.98742E-05 9.98742E-05 9.98742E-05 9.98742E-05 9.98742E-05 9.98742E-05 9.98742E-05 9.98742E-05 9.98742E-05 9.98742E-05 9.98742E-05 9.98742E-05 9.98742E-05 0.983024
9.98653E-05 9.98653E-05 9.98653E-05 9.98653E-05 9.98653E-05 9.98653E-05 9.98653E-05 9.98653E-05 9.98653E-05 9.98653E-05 9.98653E-05 9.98653E-05 9.98653E-05 9.98653E-05 9.98653E-05 0.998502
9.98832E-05 9.98832E-05 9.98832E-05 9.98832E-05 9.98832E-05 9.98832E-05 9.98832E-05 9.98832E-05 0.000527801 9.98832E-05 9.98832E-05 9.98832E-05 9.98832E-05 0.00632908 9.98832E-05 0.991845
9.98741E-05 9.98741E-05 9.98741E-05 9.98741E-05 9.98741E-05 9.98741E-05 0.0111906 9.98741E-05 9.98741E-05 9.98741E-05 9.98741E-05 9.98741E-05 9.98741E-05 9.98741E-05 9.98741E-05 0.987411
9.99282E-05 9.99282E-05 0.0566413 0.00408621 0.106888 9.99282E-05 0.386171 0.00419189 0.0175417 9.99282E-05 0.0126027 9.99282E-05 9.99282E-05 9.99282E-05 9.99282E-05 0.411078
9.99011E-05 9.99011E-05 9.99011E-05 9.99011E-05 9.99011E-05 9.99011E-05 9.99011E-05 0.0617992 9.99011E-05 0.000328126 0.0180704 9.99011E-05 9.99011E-05 0.014351 9.99011E-05 0.904352
9.98801E-05 9.98801E-05 9.98801E-05 9.98801E-05 0.0174878 9.98801E-05 9.98801E-05 9.98801E-05 9.98801E-05 9.98801E-05 0.188349 0.0794394 9.98801E-05 0.713526 9.98801E-05 9.98801E-05
9.9901E-05 9.9901E-05 9.9901E-05 0.0334662 9.9901E-05 9.9901E-05 0.0159404 0.923164 9.9901E-05 9.9901E-05 9.9901E-05 9.9901E-05 0.0125498 9.9901E-05 9.9901E-05 0.0137804
9.98739E-05 0.0543949 0.944207 9.98739E-05 9.98739E-05 9.98739E-05 9.98739E-05 9.98739E-05 9.98739E-05 9.98739E-05 9.98739E-05 9.98739E-05 9.98739E-05 9.98739E-05 9.98739E-05 9.98739E-05
9.98702E-05 0.101488 9.98702E-05 9.98702E-05 9.98702E-05 9.98702E-05 9.98702E-05 9.98702E-05 9.98702E-05 9.98702E-05 0.0248929 9.98702E-05 0.872321 9.98702E-05 9.98702E-05 9.98702E-05
9.98923E-05 9.98923E-05 9.98923E-05 9.98923E-05 9.98923E-05 9.98923E-05 9.98923E-05 9.98923E-05 9.98923E-05 9.98923E-05 0.856987 0.117658 0.0165329 0.00762285 9.98923E-05 9.98923E-05
9.98744E-05 9.98744E-05 9.98744E-05 0.0484663 9.98744E-05 9.98744E-05 9.98744E-05 9.98744E-05 9.98744E-05 9.98744E-05 9.98744E-05 9.98744E-05 0.950135 9.98744E-05 9.98744E-05 9.98744E-05
0.12611 0.00265982 9.98829E-05 9.98829E-05 9.98829E-05 9.98829E-05 9.98829E-05 9.98829E-05 9.98829E-05 9.98829E-05 9.98829E-05 9.98829E-05 0.869932 9.98829E-05 9.98829E-05 9.98829E-05
9.98918E-05 9.98918E-05 9.98918E-05 9.98918E-05 0.0918955 9.98918E-05 9.98918E-05 9.98918E-05 9.98918E-05 0.0559183 9.98918E-05 0.0384052 0.812582 9.98918E-05 9.98918E-05 9.98918E-05
9.98649E-05 9.98649E-05 9.98649E-05 9.98649E-05 9.98649E-05 0.998502 9.98649E-05 9.98649E-05 9.98649E-05 9.98649E-05 9.98649E-05 9.98649E-05 9.98649E-05 9.98649E-05 9.98649E-05 9.98649E-05
9.98657E-05 9.98657E-05 0.998502 9.98657E-05 9.98657E-05 9.98657E-05 9.98657E-05 9.98657E-05 9.98657E-05 9.98657E-05 9.98657E-05 9.98657E-05 9.98657E-05 9.98657E-05 9.98657E-05 9.98657E-05
0.193327 9.99461E-05 0.33096 9.99461E-05 9.99461E-05 0.0328864 9.99461E-05 0.119545 0.0310028 0.0843084 0.0991113 9.99461E-05 0.0811991 0.00438979 9.99461E-05 0.0226703
9.98835E-05 9.98835E-05 0.858485 9.98835E-05 9.98835E-05 9.98835E-05 0.111526 9.98835E-05 9.98835E-05 9.98835E-05 0.0286902 9.98835E-05 9.98835E-05 9.98835E-05 9.98835E-05 9.98835E-05
9.9892E-05 0.0593962 0.900379 9.9892E-05 9.9892E-05 9.9892E-05 9.9892E-05 9.9892E-05 9.9892E-05 9.9892E-05 9.9892E-05 9.9892E-05 9.9892E-05 9.9892E-05 0.0169313 0.0220942
9.9901E-05 9.9901E-05 0.883755 0.0291059 9.9901E-05 9.9901E-05 0.0056813 9.9901E-05 9.9901E-05 9.9901E-05 0.0528177 9.9901E-05 9.9901E-05 9.9901E-05 9.9901E-05 0.0275413
9.99101E-05 9.99101E-05 0.903573 0.00815475 9.99101E-05 0.00925777 9.99101E-05 0.0183255 9.99101E-05 9.99101E-05 0.0325569 9.99101E-05 9.99101E-05 9.99101E-05 9.99101E-05 0.0271327
9.98922E-05 0.0159612 0.814677 9.98922E-05 0.075599 9.98922E-05 0.0925641 9.98922E-05 9.98922E-05 9.98922E-05 9.98922E-05 9.98922E-05 9.98922E-05 9.98922E-05 9.98922E-05 9.98922E-05
9.9892E-05 0.00830381 0.955623 9.9892E-05 9.9892E-05 9.9892E-05 9.9892E-05 9.9892E-05 9.9892E-05 9.9892E-05 9.9892E-05 0.000396451 9.9892E-05 9.9892E-05 0.0344782 9.9892E-05
9.98648E-05 9.98648E-05 9.98648E-05 9.98648E-05 9.98648E-05 9.98648E-05 0.998502 9.98648E-05 9.98648E-05 9.98648E-05 9.98648E-05 9.98648E-05 9.98648E-05 9.98648E-05 9.98648E-05 9.98648E-05
9.9883E-05 9.9883E-05 9.9883E-05 0.027009 9.9883E-05 9.9883E-05 0.953925 9.9883E-05 9.9883E-05 9.9883E-05 9.9883E-05 9.9883E-05 0.0177671 9.9883E-05 9.9883E-05 9.9883E-05
0.00125452 9.98922E-05 0.946587 9.98922E-05 9.98922E-05 9.98922E-05 9.98922E-05 9.98922E-05 0.0177992 9.98922E-05 9.98922E-05 9.98922E-05 9.98922E-05 9.98922E-05 9.98922E-05 0.0331609
9.9901E-05 9.9901E-05 9.9901E-05 9.9901E-05 9.9901E-05 9.9901E-05 0.000219183 0.00185682 9.9901E-05 0.00242348 0.965031 9.9901E-05 9.9901E-05 9.9901E-05 0.0293705 9.9901E-05
9.9883E-05 9.9883E-05 9.9883E-05 9.9883E-05 9.9883E-05 9.9883E-05 0.000674769 9.9883E-05 9.9883E-05 9.9883E-05 0.984774 9.9883E-05 9.9883E-05 9.9883E-05 9.9883E-05 0.0132525
9.98832E-05 0.00141609 9.98832E-05 9.98832E-05 9.98832E-05 9.98832E-05 9.98832E-05 9.98832E-05 9.98832E-05 0.988163 9.98832E-05 0.00912204 9.98832E-05 9.98832E-05 9.98832E-05 9.98832E-05
9.98653E-05 9.98653E-05 9.98653E-05 9.98653E-05 9.98653E-05 9.98653E-05 9.98653E-05 9.98653E-05 9.98653E-05 0.998502 9.98653E-05 9.98653E-05 9.98653E-05 9.98653E-05 9.98653E-05 9.98653E-05
0.998502 9.9865E-05 9.9865E-05 9.9865E-05 9.9865E-05 9.9865E-05 9.9865E-05 9.9865E-05 9.9865E-05 9.9865E-05 9.9865E-05 9.9865E-05 9.9865E-05 9.9865E-05 9.9865E-05 9.9865E-05
0.998502 9.9865E-05 9.9865E-05 9.9865E-05 9.9865E-05 9.9865E-05 9.9865E-05 9.9865E-05 9.9865E-05 9.9865E-05 9.9865E-05 9.9865E-05 9.9865E-05 9.9865E-05 9.9865E-05 9.9865E-05
9.99012E-05 9.99012E-05 9.99012E-05 9.99012E-05 9.99012E-05 9.99012E-05 0.000358045 0.0143396 9.99012E-05 0.972319 0.0102292 9.99012E-05 9.99012E-05 9.99012E-05 0.00165555 9.99012E-05
9.98652E-05 9.98652E-05 9.98652E-05 9.98652E-05 9.98652E-05 9.98652E-05 9.98652E-05 9.98652E-05 9.98652E-05 0.998502 9.98652E-05 9.98652E-05 9.98652E-05 9.98652E-05 9.98652E-05 9.98652E-05
9.98919E-05 9.98919E-05 9.98919E-05 0.00816442 9.98919E-05 9.98919E-05 9.98919E-05 9.98919E-05 9.98919E-05 9.98919E-05 0.0209362 9.98919E-05 0.0310526 0.938648 9.98919E-05 9.98919E-05
9.99009E-05 0.672917 9.99009E-05 0.13396 9.99009E-05 9.99009E-05 9.99009E-05 9.99009E-05 0.0205006 9.99009E-05 0.0216499 9.99009E-05 0.149874 9.99009E-05 9.99009E-05 9.99009E-05
9.98919E-05 9.98919E-05 9.98919E-05 0.0452834 0.0056855 9.98919E-05 9.98919E-05 0.900653 9.98919E-05 9.98919E-05 9.98919E-05 9.98919E-05 9.98919E-05 9.98919E-05 9.98919E-05 0.0471793
9.9883E-05 9.9883E-05 9.9883E-05 9.9883E-05 9.9883E-05 9.9883E-05 0.00304541 0.00475595 9.9883E-05 9.9883E-05 9.9883E-05 0.9909 9.9883E-05 9.9883E-05 9.9883E-05 9.9883E-05
9.98921E-05 9.98921E-05 9.98921E-05 9.98921E-05 9.98921E-05 9.98921E-05 9.98921E-05 9.98921E-05 9.98921E-05 9.98921E-05 0.0204357 0.914844 9.98921E-05 0.0357119 0.0278101 9.98921E-05
9.99011E-05 9.99011E-05 0.255454 9.99011E-05 9.99011E-05 9.99011E-05 0.621952 9.99011E-05 0.0205129 0.0404602 9.99011E-05 9.99011E-05 9.99011E-05 9.99011E-05 9.99011E-05 0.0605222
