9.999E-05 9.999E-05 0.9998
0.544417 9.9991E-05 0.455483
0.860327 0.0745671 0.065106
0.9998 9.999E-05 9.999E-05
0.701879 9.9991E-05 0.298021
0.9998 9.999E-05 9.999E-05
0.341888 9.99911E-05 0.658012
0.838269 9.9991E-05 0.161631
0.371301 9.9991E-05 0.628599
0.0245643 0.00261879 0.972817
0.0329725 9.9991E-05 0.966928
0.0750335 9.9991E-05 0.924867
0.0489284 9.99911E-05 0.950972
0.988595 0.0113054 9.9991E-05
0.987413 0.00122911 0.0113575
0.0179277 9.9991E-05 0.981972
0.0295011 0.174418 0.796081
0.0399365 0.760417 0.199646
9.999E-05 0.9998 9.999E-05
9.999E-05 9.999E-05 0.9998
9.999E-05 0.9998 9.999E-05
9.999E-05 9.999E-05 0.9998
0.0964853 0.583347 0.320168
9.9991E-05 0.994587 0.00531262
0.9998 9.999E-05 9.999E-05
0.9998 9.999E-05 9.999E-05
9.999E-05 9.999E-05 0.9998
0.9998 9.999E-05 9.999E-05
0.9998 9.999E-05 9.999E-05
0.89483 0.0394523 0.0657172
0.944055 0.0501818 0.00576342
0.596921 0.00625893 0.39682
0.9998 9.999E-05 9.999E-05
0.808056 9.9991E-05 0.191844
0.0653319 9.9991E-05 0.934568
0.990929 9.9991E-05 0.00897103
0.0544271 9.9991E-05 0.945473
0.135202 0.0135584 0.851239
0.17118 0.176244 0.652576
0.0884543 9.9991E-05 0.911446
0.0652858 9.9991E-05 0.934614
9.9991E-05 0.0247467 0.975153
0.0182422 9.9991E-05 0.981658
9.9991E-05 0.0179643 0.981936
9.9991E-05 0.165685 0.834215
0.109714 0.0641996 0.826086
0.166054 9.9991E-05 0.833846
9.99911E-05 0.00282212 0.997078
0.818414 0.0175889 0.163997
0.821643 0.0470945 0.131262
0.798127 0.0233618 0.178512
0.824283 0.0554627 0.120254
0.848766 0.0116409 0.139593
0.732669 0.0577943 0.209537
0.776919 9.9991E-05 0.222981
9.999E-05 9.999E-05 0.9998
0.55352 9.9991E-05 0.44638
0.9998 9.999E-05 9.999E-05
9.999E-05 9.999E-05 0.9998
0.0594543 9.9991E-05 0.940446
9.999E-05 9.999E-05 0.9998
9.999E-05 9.999E-05 0.9998
9.9991E-05 0.0250714 0.974829
0.0136284 0.890058 0.0963138
0.9998 9.999E-05 9.999E-05
0.398654 0.0629481 0.538398
0.9998 9.999E-05 9.999E-05
0.9998 9.999E-05 9.999E-05
0.9998 9.999E-05 9.999E-05
0.9998 9.999E-05 9.999E-05
0.962378 9.9991E-05 0.0375221
0.9998 9.999E-05 9.999E-05
0.9485 9.99911E-05 0.0514
0.844278 0.00938162 0.14634
0.9998 9.999E-05 9.999E-05
0.115129 9.9991E-05 0.884771
0.141094 9.9991E-05 0.858806
0.124464 0.262583 0.612953
0.126248 0.282696 0.591056
0.0484716 0.0087154 0.942813
0.0364862 0.00995685 0.953557
0.131922 0.262825 0.605253
0.140238 0.271259 0.588503
9.999E-05 9.999E-05 0.9998
0.0233397 0.0434254 0.933235
0.572125 9.9991E-05 0.427775
0.0696277 0.209758 0.720615
9.9991E-05 0.169185 0.830716
0.913807 0.083839 0.00235433
