0.902478 9.98918E-05 9.98918E-05 9.98918E-05 9.98918E-05 0.0316112 9.98918E-05 9.98918E-05 9.98918E-05 0.00393166 9.98918E-05 0.0607807 9.98918E-05 9.98918E-05 9.98918E-05 9.98918E-05
0.0360122 0.0415604 9.99279E-05 0.104566 0.0828822 9.99279E-05 0.431376 9.99279E-05 0.171601 9.99279E-05 0.0754973 9.99279E-05 9.99279E-05 9.99279E-05 0.0557057 9.99279E-05
9.98651E-05 0.998502 9.98651E-05 9.98651E-05 9.98651E-05 9.98651E-05 9.98651E-05 9.98651E-05 9.98651E-05 9.98651E-05 9.98651E-05 9.98651E-05 9.98651E-05 9.98651E-05 9.98651E-05 9.98651E-05
9.99011E-05 0.0342142 9.99011E-05 9.99011E-05 0.00799961 9.99011E-05 9.99011E-05 9.99011E-05 9.99011E-05 0.0352192 0.919493 0.00197503 9.99011E-05 9.99011E-05 9.99011E-05 9.99011E-05
9.99372E-05 0.0111104 9.99372E-05 0.210949 0.0489654 0.00369392 0.203629 9.99372E-05 0.0793126 9.99372E-05 0.296927 9.99372E-05 0.0372409 9.99372E-05 0.107473 9.99372E-05
9.98921E-05 0.042118 9.98921E-05 9.98921E-05 9.98921E-05 9.98921E-05 0.0589693 9.98921E-05 0.0430797 9.98921E-05 0.854634 9.98921E-05 9.98921E-05 9.98921E-05 9.98921E-05 9.98921E-05
9.9865E-05 9.9865E-05 9.9865E-05 0.998502 9.9865E-05 9.9865E-05 9.9865E-05 9.9865E-05 9.9865E-05 9.9865E-05 9.9865E-05 9.9865E-05 9.9865E-05 9.9865E-05 9.9865E-05 9.9865E-05
9.99279E-05 9.99279E-05 9.99279E-05 0.0234101 0.0977111 9.99279E-05 0.0193828 9.99279E-05 0.25703 0.0128282 0.040735 0.0735258 9.99279E-05 9.99279E-05 0.474578 9.99279E-05
9.98829E-05 9.98829E-05 9.98829E-05 0.994981 9.98829E-05 0.000310505 9.98829E-05 0.0034102 9.98829E-05 9.98829E-05 9.98829E-05 9.98829E-05 9.98829E-05 9.98829E-05 9.98829E-05 9.98829E-05
9.98831E-05 9.98831E-05 9.98831E-05 0.140905 9.98831E-05 0.0127511 9.98831E-05 9.98831E-05 9.98831E-05 9.98831E-05 9.98831E-05 0.845045 9.98831E-05 9.98831E-05 9.98831E-05 9.98831E-05
9.98741E-05 9.98741E-05 9.98741E-05 0.11381 9.98741E-05 9.98741E-05 9.98741E-05 9.98741E-05 9.98741E-05 9.98741E-05 9.98741E-05 0.884792 9.98741E-05 9.98741E-05 9.98741E-05 9.98741E-05
0.653016 0.00969774 0.160002 9.991E-05 9.991E-05 9.991E-05 9.991E-05 9.991E-05 9.991E-05 0.16754 0.000165857 9.991E-05 0.00857903 9.991E-05 9.991E-05 9.991E-05
9.98923E-05 9.98923E-05 0.959216 9.98923E-05 9.98923E-05 9.98923E-05 9.98923E-05 9.98923E-05 0.0193155 9.98923E-05 9.98923E-05 9.98923E-05 0.00855919 9.98923E-05 0.011711 9.98923E-05
0.00293356 9.99281E-05 9.99281E-05 9.99281E-05 9.99281E-05 0.0163204 0.0285566 9.99281E-05 0.00608283 9.99281E-05 0.89583 9.99281E-05 0.0316648 9.99281E-05 0.00433546 0.0134774
9.98801E-05 9.98801E-05 9.98801E-05 9.98801E-05 0.00864828 9.98801E-05 0.0799947 9.98801E-05 9.98801E-05 9.98801E-05 0.902345 9.98801E-05 9.98801E-05 9.98801E-05 9.98801E-05 0.00781396
9.9892E-05 9.9892E-05 0.114844 9.9892E-05 9.9892E-05 9.9892E-05 9.9892E-05 0.757525 9.9892E-05 9.9892E-05 9.9892E-05 0.0124653 0.113967 9.9892E-05 9.9892E-05 9.9892E-05
9.9874E-05 9.9874E-05 9.9874E-05 9.9874E-05 9.9874E-05 0.939739 9.9874E-05 9.9874E-05 9.9874E-05 9.9874E-05 9.9874E-05 0.0588631 9.9874E-05 9.9874E-05 9.9874E-05 9.9874E-05
9.99098E-05 0.00224759 9.99098E-05 0.0160493 0.0227725 9.99098E-05 0.152099 9.99098E-05 9.99098E-05 9.99098E-05 9.99098E-05 0.081382 9.99098E-05 9.99098E-05 9.99098E-05 0.724451
9.98921E-05 9.98921E-05 0.016983 9.98921E-05 9.98921E-05 9.98921E-05 9.98921E-05 9.98921E-05 9.98921E-05 0.05185 9.98921E-05 9.98921E-05 9.98921E-05 0.0990189 9.98921E-05 0.830949
0.0574324 9.99098E-05 9.99098E-05 9.99098E-05 9.99098E-05 0.0298781 9.99098E-05 0.351906 9.99098E-05 0.00485867 9.99098E-05 0.397347 0.157578 9.99098E-05 9.99098E-05 9.99098E-05
9.98742E-05 9.98742E-05 9.98742E-05 9.98742E-05 9.98742E-05 9.98742E-05 9.98742E-05 9.98742E-05 9.98742E-05 9.98742E-05 9.98742E-05 9.98742E-05 9.98742E-05 0.0399529 9.98742E-05 0.958649
0.403233 9.99099E-05 0.0646918 9.99099E-05 9.99099E-05 9.99099E-05 0.248902 0.224328 9.99099E-05 9.99099E-05 9.99099E-05 0.0154276 0.0424188 9.99099E-05 9.99099E-05 9.99099E-05
9.9901E-05 9.9901E-05 9.9901E-05 9.9901E-05 9.9901E-05 0.189088 9.9901E-05 9.9901E-05 0.044665 0.182139 9.9901E-05 0.14113 9.9901E-05 9.9901E-05 9.9901E-05 0.441878
9.98739E-05 9.98739E-05 9.98739E-05 9.98739E-05 9.98739E-05 9.98739E-05 9.98739E-05 9.98739E-05 9.98739E-05 9.98739E-05 9.98739E-05 9.98739E-05 0.0768669 9.98739E-05 9.98739E-05 0.921735
9.99103E-05 0.00830105 0.000588768 0.0110931 0.00179224 9.99103E-05 9.99103E-05 9.99103E-05 9.99103E-05 9.99103E-05 0.945989 9.99103E-05 9.99103E-05 9.99103E-05 0.0312371 9.99103E-05
9.98655E-05 9.98655E-05 9.98655E-05 9.98655E-05 9.98655E-05 9.98655E-05 9.98655E-05 9.98655E-05 9.98655E-05 9.98655E-05 0.998502 9.98655E-05 9.98655E-05 9.98655E-05 9.98655E-05 9.98655E-05
0.0572964 9.99008E-05 0.791009 9.99008E-05 9.99008E-05 0.0466294 9.99008E-05 9.99008E-05 9.99008E-05 0.0308384 9.99008E-05 0.0731279 9.99008E-05 9.99008E-05 9.99008E-05 9.99008E-05
9.98921E-05 9.98921E-05 9.98921E-05 0.0229535 0.0579916 9.98921E-05 9.98921E-05 9.98921E-05 0.00543991 9.98921E-05 0.912416 9.98921E-05 9.98921E-05 9.98921E-05 9.98921E-05 9.98921E-05
9.99011E-05 9.99011E-05 9.99011E-05 0.0228354 0.0803188 9.99011E-05 9.99011E-05 0.035265 9.99011E-05 9.99011E-05 0.858848 9.99011E-05 9.99011E-05 9.99011E-05 0.00163382 9.99011E-05
9.99191E-05 0.0241303 0.00306784 9.99191E-05 0.0362937 9.99191E-05 9.99191E-05 9.99191E-05 0.528189 9.99191E-05 0.378651 9.99191E-05 0.00327609 0.0254923 9.99191E-05 9.99191E-05
9.98737E-05 9.98737E-05 9.98737E-05 9.98737E-05 9.98737E-05 9.98737E-05 9.98737E-05 9.98737E-05 0.922751 9.98737E-05 0.0758506 9.98737E-05 9.98737E-05 9.98737E-05 9.98737E-05 9.98737E-05
0.171477 0.016079 9.99192E-05 0.139244 0.226239 9.99192E-05 0.0815302 0.000615714 0.363915 9.99192E-05 9.99192E-05 9.99192E-05 9.99192E-05 9.99192E-05 9.99192E-05 9.99192E-05
9.98833E-05 0.00257436 9.98833E-05 9.98833E-05 9.98833E-05 9.98833E-05 9.98833E-05 9.98833E-05 9.98833E-05 9.98833E-05 0.866565 9.98833E-05 9.98833E-05 9.98833E-05 0.129563 9.98833E-05
0.0244717 9.99103E-05 9.99103E-05 9.99103E-05 0.734499 9.99103E-05 0.00473847 0.000973039 9.99103E-05 9.99103E-05 0.0018867 9.99103E-05 9.99103E-05 9.99103E-05 0.232432 9.99103E-05
0.0102666 9.99187E-05 0.45954 9.99187E-05 9.99187E-05 0.22725 0.0913798 9.99187E-05 0.0436495 0.0829385 9.99187E-05 9.99187E-05 0.0840763 9.99187E-05 9.99187E-05 9.99187E-05
9.98919E-05 9.98919E-05 9.98919E-05 0.0175285 9.98919E-05 9.98919E-05 9.98919E-05 9.98919E-05 9.98919E-05 9.98919E-05 0.92584 9.98919E-05 0.0102862 9.98919E-05 0.0451471 9.98919E-05
0.943791 9.98831E-05 9.98831E-05 9.98831E-05 9.98831E-05 9.98831E-05 9.98831E-05 9.98831E-05 9.98831E-05 9.98831E-05 9.98831E-05 9.98831E-05 0.00977304 9.98831E-05 0.0451371 9.98831E-05
0.0698648 0.0107128 9.9928E-05 9.9928E-05 0.045613 9.9928E-05 0.12642 9.9928E-05 0.0144523 9.9928E-05 9.9928E-05 0.644015 9.9928E-05 0.0154858 0.0726369 9.9928E-05
9.98741E-05 9.98741E-05 9.98741E-05 9.98741E-05 9.98741E-05 0.97771 9.98741E-05 9.98741E-05 9.98741E-05 9.98741E-05 9.98741E-05 9.98741E-05 9.98741E-05 9.98741E-05 0.0208918 9.98741E-05
9.9865E-05 9.9865E-05 9.9865E-05 9.9865E-05 9.9865E-05 9.9865E-05 0.998502 9.9865E-05 9.9865E-05 9.9865E-05 9.9865E-05 9.9865E-05 9.9865E-05 9.9865E-05 9.9865E-05 9.9865E-05
9.98649E-05 9.98649E-05 9.98649E-05 9.98649E-05 9.98649E-05 9.98649E-05 0.998502 9.98649E-05 9.98649E-05 9.98649E-05 9.98649E-05 9.98649E-05 9.98649E-05 9.98649E-05 9.98649E-05 9.98649E-05
9.99009E-05 9.99009E-05 9.99009E-05 9.99009E-05 9.99009E-05 0.0281819 0.0534283 9.99009E-05 9.99009E-05 9.99009E-05 9.99009E-05 0.879925 0.0302045 0.00716159 9.99009E-05 9.99009E-05
0.0800434 9.99189E-05 0.0560934 0.0949218 9.99189E-05 9.99189E-05 0.0051132 0.729781 9.99189E-05 9.99189E-05 9.99189E-05 0.017411 9.99189E-05 9.99189E-05 9.99189E-05 0.015737
9.9892E-05 9.9892E-05 9.9892E-05 9.9892E-05 0.0075538 0.00528623 9.9892E-05 9.9892E-05 9.9892E-05 9.9892E-05 9.9892E-05 0.886846 0.0991149 9.9892E-05 9.9892E-05 9.9892E-05
9.99279E-05 9.99279E-05 0.116447 0.00188542 9.99279E-05 9.99279E-05 0.241673 0.00685279 9.99279E-05 0.0693393 9.99279E-05 0.293916 0.156552 9.99279E-05 9.99279E-05 0.112535
0.0317711 9.99201E-05 9.99201E-05 9.99201E-05 9.99201E-05 9.99201E-05 0.189616 0.119288 0.0118337 9.99201E-05 0.0335831 0.392229 0.147145 0.073735 9.99201E-05 9.99201E-05
0.175663 9.99459E-05 0.0407401 0.0423339 0.00851385 0.0894604 0.00630011 9.99459E-05 0.0389964 9.99459E-05 0.0638833 0.166966 0.366543 9.99459E-05 9.99459E-05 9.99459E-05
0.981964 9.98749E-05 9.98749E-05 9.98749E-05 9.98749E-05 9.98749E-05 9.98749E-05 9.98749E-05 9.98749E-05 9.98749E-05 9.98749E-05 9.98749E-05 9.98749E-05 0.0166373 9.98749E-05 9.98749E-05
9.98651E-05 9.98651E-05 9.98651E-05 9.98651E-05 0.998502 9.98651E-05 9.98651E-05 9.98651E-05 9.98651E-05 9.98651E-05 9.98651E-05 9.98651E-05 9.98651E-05 9.98651E-05 9.98651E-05 9.98651E-05
9.98741E-05 9.98741E-05 9.98741E-05 9.98741E-05 0.9942 9.98741E-05 9.98741E-05 9.98741E-05 9.98741E-05 9.98741E-05 9.98741E-05 9.98741E-05 9.98741E-05 0.00440191 9.98741E-05 9.98741E-05
9.98921E-05 0.000267573 9.98921E-05 9.98921E-05 0.952077 9.98921E-05 9.98921E-05 0.0205464 9.98921E-05 9.98921E-05 9.98921E-05 9.98921E-05 0.0259105 9.98921E-05 9.98921E-05 9.98921E-05
9.98652E-05 9.98652E-05 9.98652E-05 9.98652E-05 0.998502 9.98652E-05 9.98652E-05 9.98652E-05 9.98652E-05 9.98652E-05 9.98652E-05 9.98652E-05 9.98652E-05 9.98652E-05 9.98652E-05 9.98652E-05
9.98652E-05 9.98652E-05 9.98652E-05 9.98652E-05 0.998502 9.98652E-05 9.98652E-05 9.98652E-05 9.98652E-05 9.98652E-05 9.98652E-05 9.98652E-05 9.98652E-05 9.98652E-05 9.98652E-05 9.98652E-05
9.99192E-05 0.00718001 0.0535899 0.0460172 0.383813 9.99192E-05 9.99192E-05 0.102276 0.392628 9.99192E-05 9.99192E-05 9.99192E-05 9.99192E-05 0.0135965 9.99192E-05 9.99192E-05
0.00548091 9.98921E-05 0.00423523 9.98921E-05 0.970199 9.98921E-05 9.98921E-05 0.0188864 9.98921E-05 9.98921E-05 9.98921E-05 9.98921E-05 9.98921E-05 9.98921E-05 9.98921E-05 9.98921E-05
0.802463 9.98918E-05 9.98918E-05 0.00119927 9.98918E-05 9.98918E-05 9.98918E-05 0.145658 9.98918E-05 9.98918E-05 9.98918E-05 9.98918E-05 0.0494812 9.98918E-05 9.98918E-05 9.98918E-05
0.156308 0.076766 9.99097E-05 0.270617 0.258699 9.99097E-05 0.0740851 9.99097E-05 0.162527 9.99097E-05 9.99097E-05 9.99097E-05 9.99097E-05 9.99097E-05 9.99097E-05 9.99097E-05
9.9874E-05 9.9874E-05 9.9874E-05 9.9874E-05 9.9874E-05 9.9874E-05 0.0402763 9.9874E-05 9.9874E-05 9.9874E-05 0.958325 9.9874E-05 9.9874E-05 9.9874E-05 9.9874E-05 9.9874E-05
9.9892E-05 9.9892E-05 0.822069 9.9892E-05 9.9892E-05 9.9892E-05 0.152873 0.0127763 9.9892E-05 0.0110829 9.9892E-05 9.9892E-05 9.9892E-05 9.9892E-05 9.9892E-05 9.9892E-05
9.98832E-05 9.98832E-05 0.0363486 9.98832E-05 9.98832E-05 9.98832E-05 9.98832E-05 0.861691 9.98832E-05 9.98832E-05 9.98832E-05 9.98832E-05 0.100662 9.98832E-05 9.98832E-05 9.98832E-05
9.98745E-05 9.98745E-05 0.996398 9.98745E-05 9.98745E-05 9.98745E-05 9.98745E-05 9.98745E-05 9.98745E-05 9.98745E-05 9.98745E-05 9.98745E-05 9.98745E-05 9.98745E-05 0.00220402 9.98745E-05
9.9892E-05 0.00210346 0.881377 9.9892E-05 9.9892E-05 9.9892E-05 0.0301123 9.9892E-05 9.9892E-05 9.9892E-05 9.9892E-05 0.0852081 9.9892E-05 9.9892E-05 9.9892E-05 9.9892E-05
9.99098E-05 9.99098E-05 0.773215 9.99098E-05 9.99098E-05 0.0106806 0.00701841 9.99098E-05 9.99098E-05 0.050855 9.99098E-05 0.0574364 0.0997959 9.99098E-05 9.99098E-05 9.99098E-05
9.98651E-05 9.98651E-05 9.98651E-05 9.98651E-05 9.98651E-05 9.98651E-05 9.98651E-05 9.98651E-05 9.98651E-05 9.98651E-05 9.98651E-05 9.98651E-05 9.98651E-05 0.998502 9.98651E-05 9.98651E-05
9.98746E-05 0.0552012 9.98746E-05 9.98746E-05 9.98746E-05 9.98746E-05 9.98746E-05 9.98746E-05 9.98746E-05 9.98746E-05 0.943401 9.98746E-05 9.98746E-05 9.98746E-05 9.98746E-05 9.98746E-05
9.9937E-05 9.9937E-05 9.9937E-05 0.077069 9.9937E-05 9.9937E-05 0.131192 9.9937E-05 0.143866 0.0963792 0.172715 0.101874 0.110792 0.0900207 0.0753927 9.9937E-05
9.98833E-05 0.16895 9.98833E-05 9.98833E-05 9.98833E-05 9.98833E-05 9.98833E-05 9.98833E-05 9.98833E-05 9.98833E-05 0.768788 9.98833E-05 9.98833E-05 9.98833E-05 0.060963 9.98833E-05
9.9919E-05 0.00524423 9.9919E-05 0.00349379 0.0059023 0.011971 0.0307934 9.9919E-05 0.067568 9.9919E-05 0.874128 9.9919E-05 9.9919E-05 9.9919E-05 9.9919E-05 9.9919E-05
9.9883E-05 9.9883E-05 9.9883E-05 9.9883E-05 9.9883E-05 9.9883E-05 9.9883E-05 0.0823246 9.9883E-05 9.9883E-05 0.850323 9.9883E-05 9.9883E-05 9.9883E-05 0.0660537 9.9883E-05
9.99101E-05 9.99101E-05 9.99101E-05 9.99101E-05 0.00702546 9.99101E-05 9.99101E-05 0.0321682 9.99101E-05 9.99101E-05 0.88865 9.99101E-05 9.99101E-05 0.0206249 0.0496964 0.00083594
0.0163173 9.99102E-05 9.99102E-05 9.99102E-05 9.99102E-05 9.99102E-05 0.0295477 9.99102E-05 0.227584 9.99102E-05 0.714785 0.00627186 0.00449534 9.99102E-05 9.99102E-05 9.99102E-05
9.9892E-05 9.9892E-05 9.9892E-05 9.9892E-05 9.9892E-05 0.010393 9.9892E-05 9.9892E-05 9.9892E-05 9.9892E-05 0.960729 9.9892E-05 0.0165413 9.9892E-05 0.0111378 9.9892E-05
9.9874E-05 9.9874E-05 9.9874E-05 9.9874E-05 0.0164708 9.9874E-05 9.9874E-05 9.9874E-05 9.9874E-05 9.9874E-05 9.9874E-05 9.9874E-05 9.9874E-05 9.9874E-05 0.982131 9.9874E-05
9.98741E-05 9.98741E-05 0.0248697 9.98741E-05 9.98741E-05 9.98741E-05 9.98741E-05 9.98741E-05 9.98741E-05 9.98741E-05 9.98741E-05 9.98741E-05 9.98741E-05 9.98741E-05 0.973732 9.98741E-05
9.99101E-05 0.0445694 9.99101E-05 9.99101E-05 0.0265591 9.99101E-05 0.00729908 9.99101E-05 9.99101E-05 0.00383749 0.900746 9.99101E-05 9.99101E-05 9.99101E-05 9.99101E-05 0.0159896
9.9892E-05 9.9892E-05 9.9892E-05 9.9892E-05 9.9892E-05 9.9892E-05 9.9892E-05 0.977049 9.9892E-05 0.0120143 0.00434191 9.9892E-05 9.9892E-05 9.9892E-05 0.00539653 9.9892E-05
9.9874E-05 9.9874E-05 9.9874E-05 9.9874E-05 0.0193608 9.9874E-05 9.9874E-05 0.979241 9.9874E-05 9.9874E-05 9.9874E-05 9.9874E-05 9.9874E-05 9.9874E-05 9.9874E-05 9.9874E-05
9.98652E-05 9.98652E-05 9.98652E-05 9.98652E-05 9.98652E-05 9.98652E-05 9.98652E-05 9.98652E-05 9.98652E-05 0.998502 9.98652E-05 9.98652E-05 9.98652E-05 9.98652E-05 9.98652E-05 9.98652E-05
9.98653E-05 9.98653E-05 9.98653E-05 9.98653E-05 9.98653E-05 9.98653E-05 9.98653E-05 9.98653E-05 9.98653E-05 0.998502 9.98653E-05 9.98653E-05 9.98653E-05 9.98653E-05 9.98653E-05 9.98653E-05
0.00610197 0.0117503 0.0371809 9.99202E-05 9.99202E-05 9.99202E-05 0.128719 0.0715698 9.99202E-05 9.99202E-05 9.99202E-05 0.734763 9.99202E-05 9.99202E-05 0.00901643 9.99202E-05
9.9892E-05 9.9892E-05 0.0654484 9.9892E-05 9.9892E-05 9.9892E-05 0.107885 0.0351631 9.9892E-05 9.9892E-05 9.9892E-05 0.790305 9.9892E-05 9.9892E-05 9.9892E-05 9.9892E-05
9.98922E-05 9.98922E-05 9.98922E-05 9.98922E-05 9.98922E-05 0.00787721 9.98922E-05 0.0177539 9.98922E-05 0.959478 9.98922E-05 9.98922E-05 9.98922E-05 9.98922E-05 0.0136922 9.98922E-05
9.98742E-05 9.98742E-05 9.98742E-05 9.98742E-05 9.98742E-05 9.98742E-05 0.0020876 9.98742E-05 9.98742E-05 0.996514 9.98742E-05 9.98742E-05 9.98742E-05 9.98742E-05 9.98742E-05 9.98742E-05
0.925006 9.98829E-05 0.0299767 9.98829E-05 9.98829E-05 9.98829E-05 9.98829E-05 0.0437193 9.98829E-05 9.98829E-05 9.98829E-05 9.98829E-05 9.98829E-05 9.98829E-05 9.98829E-05 9.98829E-05
9.99099E-05 9.99099E-05 0.17554 0.0748678 9.99099E-05 9.99099E-05 0.668988 0.0630233 9.99099E-05 9.99099E-05 9.99099E-05 9.99099E-05 9.99099E-05 0.000596944 9.99099E-05 0.0159847
0.139501 9.99008E-05 9.99008E-05 0.310625 0.252803 9.99008E-05 0.0860961 9.99008E-05 0.209876 9.99008E-05 9.99008E-05 9.99008E-05 9.99008E-05 9.99008E-05 9.99008E-05 9.99008E-05
9.9865E-05 9.9865E-05 9.9865E-05 9.9865E-05 9.9865E-05 9.9865E-05 9.9865E-05 9.9865E-05 9.9865E-05 9.9865E-05 9.9865E-05 9.9865E-05 0.998502 9.9865E-05 9.9865E-05 9.9865E-05
0.0578293 9.99011E-05 0.0188252 9.99011E-05 9.99011E-05 0.0597624 9.99011E-05 9.99011E-05 9.99011E-05 0.0203108 9.99011E-05 9.99011E-05 0.842173 9.99011E-05 9.99011E-05 9.99011E-05
9.9865E-05 9.9865E-05 9.9865E-05 9.9865E-05 9.9865E-05 9.9865E-05 9.9865E-05 9.9865E-05 0.998502 9.9865E-05 9.9865E-05 9.9865E-05 9.9865E-05 9.9865E-05 9.9865E-05 9.9865E-05
