0.0263475 9.98918E-05 0.920653 9.98918E-05 9.98918E-05 9.98918E-05 9.98918E-05 9.98918E-05 9.98918E-05 0.00649054 9.98918E-05 9.98918E-05 9.98918E-05 0.04531 9.98918E-05 9.98918E-05
9.9901E-05 9.9901E-05 9.9901E-05 9.9901E-05 9.9901E-05 9.9901E-05 0.0189421 9.9901E-05 9.9901E-05 0.697718 9.9901E-05 0.00327251 0.213265 9.9901E-05 9.9901E-05 0.0657032
0.042206 9.99109E-05 9.99109E-05 0.0211806 9.99109E-05 9.99109E-05 0.110317 9.99109E-05 9.99109E-05 0.0559603 0.0913776 9.99109E-05 9.99109E-05 9.99109E-05 9.99109E-05 0.67796
0.027392 9.98921E-05 9.98921E-05 9.98921E-05 0.0287485 0.0132959 9.98921E-05 9.98921E-05 9.98921E-05 9.98921E-05 9.98921E-05 9.98921E-05 9.98921E-05 9.98921E-05 9.98921E-05 0.929365
9.99281E-05 0.0298049 0.00527116 9.99281E-05 0.45179 0.0105084 9.99281E-05 9.99281E-05 9.99281E-05 0.0824461 9.99281E-05 9.99281E-05 0.161066 9.99281E-05 0.165735 0.0925793
9.98831E-05 9.98831E-05 9.98831E-05 9.98831E-05 0.0373002 9.98831E-05 9.98831E-05 9.98831E-05 9.98831E-05 9.98831E-05 9.98831E-05 9.98831E-05 0.0798197 9.98831E-05 9.98831E-05 0.881582
9.98651E-05 9.98651E-05 9.98651E-05 9.98651E-05 9.98651E-05 9.98651E-05 9.98651E-05 9.98651E-05 9.98651E-05 9.98651E-05 9.98651E-05 9.98651E-05 9.98651E-05 9.98651E-05 0.998502 9.98651E-05
9.99099E-05 9.99099E-05 9.99099E-05 9.99099E-05 0.329096 0.0914751 0.383851 9.99099E-05 9.99099E-05 0.108846 9.99099E-05 9.99099E-05 0.00228053 0.0834526 9.99099E-05 9.99099E-05
9.9874E-05 9.9874E-05 9.9874E-05 9.9874E-05 9.9874E-05 9.9874E-05 9.9874E-05 9.9874E-05 9.9874E-05 0.0611952 9.9874E-05 9.9874E-05 9.9874E-05 9.9874E-05 0.937407 9.9874E-05
9.98741E-05 9.98741E-05 9.98741E-05 9.98741E-05 9.98741E-05 9.98741E-05 9.98741E-05 9.98741E-05 9.98741E-05 9.98741E-05 9.98741E-05 9.98741E-05 9.98741E-05 0.884931 0.113671 9.98741E-05
9.98742E-05 9.98742E-05 9.98742E-05 9.98742E-05 9.98742E-05 9.98742E-05 9.98742E-05 9.98742E-05 9.98742E-05 9.98742E-05 9.98742E-05 9.98742E-05 9.98742E-05 0.905392 0.0932101 9.98742E-05
0.11798 9.9901E-05 0.678397 9.9901E-05 9.9901E-05 9.9901E-05 0.0081206 9.9901E-05 9.9901E-05 9.9901E-05 0.161208 9.9901E-05 9.9901E-05 9.9901E-05 9.9901E-05 0.0331947
9.98832E-05 9.98832E-05 9.98832E-05 9.98832E-05 0.0356569 9.98832E-05 9.98832E-05 9.98832E-05 9.98832E-05 9.98832E-05 0.941823 9.98832E-05 9.98832E-05 9.98832E-05 0.0212219 9.98832E-05
9.98922E-05 9.98922E-05 9.98922E-05 9.98922E-05 9.98922E-05 9.98922E-05 9.98922E-05 9.98922E-05 9.98922E-05 0.00850662 9.98922E-05 0.0245397 0.0468508 9.98922E-05 9.98922E-05 0.918904
9.98921E-05 0.0343086 0.00321543 9.98921E-05 9.98921E-05 9.98921E-05 9.98921E-05 9.98921E-05 9.98921E-05 9.98921E-05 9.98921E-05 9.98921E-05 0.0472129 9.98921E-05 9.98921E-05 0.914064
9.9901E-05 9.9901E-05 9.9901E-05 9.9901E-05 9.9901E-05 0.00474916 9.9901E-05 0.793378 9.9901E-05 9.9901E-05 0.130843 0.0285208 9.9901E-05 0.0414103 9.9901E-05 9.9901E-05
9.98738E-05 9.98738E-05 9.98738E-05 9.98738E-05 9.98738E-05 9.98738E-05 9.98738E-05 9.98738E-05 9.98738E-05 9.98738E-05 9.98738E-05 0.848139 9.98738E-05 0.150463 9.98738E-05 9.98738E-05
9.98918E-05 9.98918E-05 9.98918E-05 0.695378 9.98918E-05 9.98918E-05 9.98918E-05 9.98918E-05 9.98918E-05 0.0969923 9.98918E-05 9.98918E-05 0.139317 0.0671136 9.98918E-05 9.98918E-05
0.0524738 9.98831E-05 9.98831E-05 0.918649 9.98831E-05 9.98831E-05 9.98831E-05 9.98831E-05 0.0275791 9.98831E-05 9.98831E-05 9.98831E-05 9.98831E-05 9.98831E-05 9.98831E-05 9.98831E-05
0.00782715 9.99099E-05 0.0829089 9.99099E-05 9.99099E-05 9.99099E-05 9.99099E-05 0.355956 9.99099E-05 9.99099E-05 9.99099E-05 0.0865849 0.00607363 0.45965 9.99099E-05 9.99099E-05
9.98651E-05 9.98651E-05 9.98651E-05 0.998502 9.98651E-05 9.98651E-05 9.98651E-05 9.98651E-05 9.98651E-05 9.98651E-05 9.98651E-05 9.98651E-05 9.98651E-05 9.98651E-05 9.98651E-05 9.98651E-05
0.00898768 9.9928E-05 0.410038 9.9928E-05 9.9928E-05 9.9928E-05 9.9928E-05 0.146796 0.0030564 9.9928E-05 0.0597604 0.0120271 0.319924 0.0386107 9.9928E-05 9.9928E-05
9.98646E-05 0.998502 9.98646E-05 9.98646E-05 9.98646E-05 9.98646E-05 9.98646E-05 9.98646E-05 9.98646E-05 9.98646E-05 9.98646E-05 9.98646E-05 9.98646E-05 9.98646E-05 9.98646E-05 9.98646E-05
9.9874E-05 0.197616 9.9874E-05 0.800986 9.9874E-05 9.9874E-05 9.9874E-05 9.9874E-05 9.9874E-05 9.9874E-05 9.9874E-05 9.9874E-05 9.9874E-05 9.9874E-05 9.9874E-05 9.9874E-05
9.98833E-05 9.98833E-05 9.98833E-05 9.98833E-05 9.98833E-05 0.0195548 9.98833E-05 9.98833E-05 9.98833E-05 9.98833E-05 9.98833E-05 9.98833E-05 9.98833E-05 9.98833E-05 0.0306258 0.948521
9.98743E-05 9.98743E-05 9.98743E-05 9.98743E-05 9.98743E-05 9.98743E-05 9.98743E-05 9.98743E-05 9.98743E-05 0.0106184 9.98743E-05 9.98743E-05 9.98743E-05 9.98743E-05 9.98743E-05 0.987983
0.0527688 9.99008E-05 0.116137 9.99008E-05 9.99008E-05 9.99008E-05 9.99008E-05 0.0105389 9.99008E-05 9.99008E-05 0.746458 9.99008E-05 9.99008E-05 0.0729986 9.99008E-05 9.99008E-05
9.991E-05 9.991E-05 9.991E-05 9.991E-05 0.0252688 0.031054 9.991E-05 9.991E-05 9.991E-05 0.0124837 0.00580418 9.991E-05 9.991E-05 9.991E-05 0.0165232 0.907867
9.99101E-05 9.99101E-05 9.99101E-05 9.99101E-05 9.99101E-05 0.0284928 9.99101E-05 0.0190244 9.99101E-05 0.0077639 0.0121856 9.99101E-05 9.99101E-05 9.99101E-05 0.0179579 0.913576
9.98922E-05 9.98922E-05 9.98922E-05 9.98922E-05 0.596685 0.0998706 9.98922E-05 9.98922E-05 0.0265073 9.98922E-05 9.98922E-05 9.98922E-05 9.98922E-05 9.98922E-05 9.98922E-05 0.275739
9.98738E-05 9.98738E-05 9.98738E-05 9.98738E-05 0.940843 9.98738E-05 9.98738E-05 9.98738E-05 9.98738E-05 9.98738E-05 9.98738E-05 9.98738E-05 9.98738E-05 9.98738E-05 9.98738E-05 0.0577588
9.98654E-05 9.98654E-05 9.98654E-05 9.98654E-05 9.98654E-05 9.98654E-05 9.98654E-05 9.98654E-05 9.98654E-05 0.998502 9.98654E-05 9.98654E-05 9.98654E-05 9.98654E-05 9.98654E-05 9.98654E-05
9.98831E-05 9.98831E-05 9.98831E-05 9.98831E-05 9.98831E-05 9.98831E-05 0.164251 9.98831E-05 9.98831E-05 9.98831E-05 9.98831E-05 9.98831E-05 0.0164953 9.98831E-05 9.98831E-05 0.817956
0.00398373 9.99192E-05 0.000753104 9.99192E-05 0.0505231 0.710829 0.201308 9.99192E-05 9.99192E-05 0.0265873 9.99192E-05 9.99192E-05 9.99192E-05 0.00511595 9.99192E-05 9.99192E-05
0.0635759 9.99097E-05 9.99097E-05 9.99097E-05 0.0607972 9.99097E-05 9.99097E-05 9.99097E-05 9.99097E-05 9.99097E-05 0.530627 0.245271 0.0868999 0.0118299 9.99097E-05 9.99097E-05
9.99099E-05 9.99099E-05 9.99099E-05 9.99099E-05 0.00665318 9.99099E-05 0.0430007 9.99099E-05 0.000492843 9.99099E-05 9.99099E-05 0.0342035 0.0019625 9.99099E-05 9.99099E-05 0.912688
9.98831E-05 9.98831E-05 0.937497 9.98831E-05 9.98831E-05 9.98831E-05 0.0370056 9.98831E-05 9.98831E-05 9.98831E-05 9.98831E-05 0.0241988 9.98831E-05 9.98831E-05 9.98831E-05 9.98831E-05
9.99188E-05 0.0592905 0.0677384 9.99188E-05 9.99188E-05 9.99188E-05 0.0808732 9.99188E-05 0.0107771 0.118102 9.99188E-05 9.99188E-05 0.117005 0.545314 9.99188E-05 9.99188E-05
9.98648E-05 9.98648E-05 9.98648E-05 9.98648E-05 9.98648E-05 9.98648E-05 9.98648E-05 9.98648E-05 9.98648E-05 9.98648E-05 9.98648E-05 0.998502 9.98648E-05 9.98648E-05 9.98648E-05 9.98648E-05
9.9865E-05 9.9865E-05 9.9865E-05 9.9865E-05 9.9865E-05 9.9865E-05 9.9865E-05 9.9865E-05 9.9865E-05 9.9865E-05 9.9865E-05 9.9865E-05 0.998502 9.9865E-05 9.9865E-05 9.9865E-05
0.00144338 9.9874E-05 9.9874E-05 9.9874E-05 9.9874E-05 9.9874E-05 9.9874E-05 9.9874E-05 9.9874E-05 9.9874E-05 9.9874E-05 9.9874E-05 0.997158 9.9874E-05 9.9874E-05 9.9874E-05
9.99009E-05 9.99009E-05 0.0654748 9.99009E-05 9.99009E-05 9.99009E-05 9.99009E-05 9.99009E-05 0.00535428 9.99009E-05 9.99009E-05 0.0573776 0.0304878 0.840207 9.99009E-05 9.99009E-05
9.99189E-05 9.99189E-05 0.0124877 0.0228507 9.99189E-05 9.99189E-05 9.99189E-05 0.796298 9.99189E-05 9.99189E-05 0.0110642 9.99189E-05 0.0172321 0.0665823 0.0725855 9.99189E-05
9.98919E-05 9.98919E-05 0.0201874 9.98919E-05 9.98919E-05 9.98919E-05 9.98919E-05 0.0058304 9.98919E-05 9.98919E-05 9.98919E-05 0.0630863 9.98919E-05 0.909697 9.98919E-05 9.98919E-05
0.0437733 0.3056 0.0203965 9.99279E-05 9.99279E-05 9.99279E-05 9.99279E-05 0.0316237 9.99279E-05 0.0159843 0.191084 9.99279E-05 0.157767 0.232973 9.99279E-05 9.99279E-05
9.994E-05 0.0886153 0.0866708 9.994E-05 0.0458089 9.994E-05 9.994E-05 0.0940944 0.0552446 0.0124921 0.0622506 9.994E-05 0.194631 0.349287 9.994E-05 0.0103062
9.9928E-05 9.9928E-05 0.195853 9.9928E-05 0.144077 9.9928E-05 9.9928E-05 9.9928E-05 0.00466979 9.9928E-05 0.133945 0.287065 9.9928E-05 0.19088 0.0386053 0.00410456
9.98837E-05 0.0320012 0.948798 9.98837E-05 9.98837E-05 9.98837E-05 9.98837E-05 9.98837E-05 0.0179023 9.98837E-05 9.98837E-05 9.98837E-05 9.98837E-05 9.98837E-05 9.98837E-05 9.98837E-05
9.98651E-05 9.98651E-05 9.98651E-05 9.98651E-05 9.98651E-05 0.998502 9.98651E-05 9.98651E-05 9.98651E-05 9.98651E-05 9.98651E-05 9.98651E-05 9.98651E-05 9.98651E-05 9.98651E-05 9.98651E-05
9.98742E-05 9.98742E-05 9.98742E-05 9.98742E-05 9.98742E-05 0.997776 9.98742E-05 9.98742E-05 0.000826079 9.98742E-05 9.98742E-05 9.98742E-05 9.98742E-05 9.98742E-05 9.98742E-05 9.98742E-05
9.98742E-05 9.98742E-05 9.98742E-05 9.98742E-05 9.98742E-05 0.976601 9.98742E-05 9.98742E-05 9.98742E-05 9.98742E-05 9.98742E-05 9.98742E-05 9.98742E-05 0.0220008 9.98742E-05 9.98742E-05
9.98742E-05 9.98742E-05 9.98742E-05 9.98742E-05 9.98742E-05 0.994413 0.00418873 9.98742E-05 9.98742E-05 9.98742E-05 9.98742E-05 9.98742E-05 9.98742E-05 9.98742E-05 9.98742E-05 9.98742E-05
9.98652E-05 9.98652E-05 9.98652E-05 9.98652E-05 9.98652E-05 0.998502 9.98652E-05 9.98652E-05 9.98652E-05 9.98652E-05 9.98652E-05 9.98652E-05 9.98652E-05 9.98652E-05 9.98652E-05 9.98652E-05
9.99282E-05 0.0793617 9.99282E-05 9.99282E-05 0.243184 0.38485 0.0538399 0.0597096 9.99282E-05 0.00460672 9.99282E-05 9.99282E-05 9.99282E-05 9.99282E-05 0.0573378 0.11631
9.98922E-05 9.98922E-05 0.00329944 9.98922E-05 9.98922E-05 0.930076 9.98922E-05 0.0118482 9.98922E-05 0.0535776 9.98922E-05 9.98922E-05 9.98922E-05 9.98922E-05 9.98922E-05 9.98922E-05
9.98739E-05 9.98739E-05 0.824797 9.98739E-05 9.98739E-05 9.98739E-05 9.98739E-05 0.173805 9.98739E-05 9.98739E-05 9.98739E-05 9.98739E-05 9.98739E-05 9.98739E-05 9.98739E-05 9.98739E-05
9.99009E-05 9.99009E-05 9.99009E-05 9.99009E-05 9.99009E-05 0.0308819 9.99009E-05 0.0154727 9.99009E-05 0.915053 0.0136023 9.99009E-05 9.99009E-05 9.99009E-05 0.0238913 9.99009E-05
9.98829E-05 9.98829E-05 9.98829E-05 9.98829E-05 9.98829E-05 9.98829E-05 9.98829E-05 9.98829E-05 9.98829E-05 9.98829E-05 9.98829E-05 0.0109629 0.0284512 9.98829E-05 9.98829E-05 0.959287
0.00987241 9.98921E-05 9.98921E-05 9.98921E-05 9.98921E-05 9.98921E-05 9.98921E-05 0.0756053 9.98921E-05 9.98921E-05 0.785113 9.98921E-05 0.12821 9.98921E-05 9.98921E-05 9.98921E-05
9.98923E-05 9.98923E-05 0.00063499 9.98923E-05 9.98923E-05 9.98923E-05 9.98923E-05 0.915467 0.00963968 9.98923E-05 0.0730592 9.98923E-05 9.98923E-05 9.98923E-05 9.98923E-05 9.98923E-05
9.98744E-05 9.98744E-05 9.98744E-05 9.98744E-05 9.98744E-05 9.98744E-05 0.0420351 9.98744E-05 9.98744E-05 9.98744E-05 0.956567 9.98744E-05 9.98744E-05 9.98744E-05 9.98744E-05 9.98744E-05
9.98918E-05 9.98918E-05 0.00308272 9.98918E-05 9.98918E-05 9.98918E-05 9.98918E-05 9.98918E-05 9.98918E-05 9.98918E-05 0.870853 9.98918E-05 0.0517448 0.0731207 9.98918E-05 9.98918E-05
0.0227825 9.98919E-05 9.98919E-05 9.98919E-05 9.98919E-05 9.98919E-05 9.98919E-05 9.98919E-05 9.98919E-05 9.98919E-05 0.845863 9.98919E-05 0.00731403 0.122842 9.98919E-05 9.98919E-05
9.98652E-05 9.98652E-05 9.98652E-05 9.98652E-05 9.98652E-05 9.98652E-05 9.98652E-05 9.98652E-05 0.998502 9.98652E-05 9.98652E-05 9.98652E-05 9.98652E-05 9.98652E-05 9.98652E-05 9.98652E-05
9.98925E-05 9.98925E-05 9.98925E-05 9.98925E-05 0.0269884 9.98925E-05 9.98925E-05 0.00620824 9.98925E-05 9.98925E-05 9.98925E-05 9.98925E-05 9.98925E-05 0.0165567 9.98925E-05 0.949048
9.99551E-05 0.00513643 9.99551E-05 9.99551E-05 0.0471612 0.0802191 0.0184551 0.104833 0.00316308 0.0746904 0.0676624 0.280669 9.99551E-05 0.126178 9.99551E-05 0.191333
9.98835E-05 9.98835E-05 9.98835E-05 9.98835E-05 9.98835E-05 9.98835E-05 0.143299 0.0229798 9.98835E-05 9.98835E-05 9.98835E-05 9.98835E-05 9.98835E-05 9.98835E-05 9.98835E-05 0.832422
9.9901E-05 9.9901E-05 9.9901E-05 9.9901E-05 0.092015 9.9901E-05 9.9901E-05 9.9901E-05 9.9901E-05 9.9901E-05 9.9901E-05 0.0248739 0.0503456 9.9901E-05 0.0160373 0.815629
9.9901E-05 9.9901E-05 9.9901E-05 9.9901E-05 9.9901E-05 0.0201365 0.0415106 0.0425742 9.9901E-05 9.9901E-05 9.9901E-05 9.9901E-05 9.9901E-05 9.9901E-05 0.0169624 0.877717
9.99011E-05 9.99011E-05 9.99011E-05 9.99011E-05 9.99011E-05 9.99011E-05 0.00138898 0.0141306 9.99011E-05 0.0612598 9.99011E-05 9.99011E-05 9.99011E-05 9.99011E-05 0.0215437 0.900578
9.98921E-05 9.98921E-05 9.98921E-05 9.98921E-05 0.325085 9.98921E-05 0.0168571 9.98921E-05 9.98921E-05 9.98921E-05 9.98921E-05 9.98921E-05 0.0771864 9.98921E-05 9.98921E-05 0.579673
9.9883E-05 9.9883E-05 9.9883E-05 9.9883E-05 9.9883E-05 9.9883E-05 9.9883E-05 9.9883E-05 9.9883E-05 9.9883E-05 9.9883E-05 0.0466689 0.0186519 9.9883E-05 9.9883E-05 0.933381
9.9883E-05 9.9883E-05 9.9883E-05 9.9883E-05 9.9883E-05 0.0373907 0.953811 9.9883E-05 9.9883E-05 9.9883E-05 9.9883E-05 0.0074996 9.9883E-05 9.9883E-05 9.9883E-05 9.9883E-05
9.98741E-05 9.98741E-05 9.98741E-05 9.98741E-05 9.98741E-05 9.98741E-05 0.988968 9.98741E-05 9.98741E-05 9.98741E-05 9.98741E-05 9.98741E-05 9.98741E-05 9.98741E-05 0.00963382 9.98741E-05
9.98923E-05 0.0055765 9.98923E-05 9.98923E-05 9.98923E-05 0.0499644 9.98923E-05 9.98923E-05 9.98923E-05 9.98923E-05 9.98923E-05 9.98923E-05 9.98923E-05 0.0157588 9.98923E-05 0.927502
9.9892E-05 9.9892E-05 9.9892E-05 9.9892E-05 9.9892E-05 9.9892E-05 0.000822682 0.955471 9.9892E-05 9.9892E-05 9.9892E-05 9.9892E-05 0.0293161 9.9892E-05 9.9892E-05 0.0131912
9.98741E-05 9.98741E-05 9.98741E-05 9.98741E-05 9.98741E-05 9.98741E-05 9.98741E-05 0.994253 9.98741E-05 0.00434916 9.98741E-05 9.98741E-05 9.98741E-05 9.98741E-05 9.98741E-05 9.98741E-05
0.994168 9.98832E-05 0.00388807 9.98832E-05 9.98832E-05 9.98832E-05 9.98832E-05 9.98832E-05 9.98832E-05 9.98832E-05 9.98832E-05 9.98832E-05 9.98832E-05 0.000645669 9.98832E-05 9.98832E-05
0.998502 9.98653E-05 9.98653E-05 9.98653E-05 9.98653E-05 9.98653E-05 9.98653E-05 9.98653E-05 9.98653E-05 9.98653E-05 9.98653E-05 9.98653E-05 9.98653E-05 9.98653E-05 9.98653E-05 9.98653E-05
9.99009E-05 9.99009E-05 9.99009E-05 9.99009E-05 9.99009E-05 9.99009E-05 9.99009E-05 0.0381518 9.99009E-05 0.0710964 0.0149132 9.99009E-05 0.127353 0.747386 9.99009E-05 9.99009E-05
9.991E-05 9.991E-05 9.991E-05 9.991E-05 9.991E-05 9.991E-05 0.000354759 0.0660659 9.991E-05 0.0523207 0.0378142 9.991E-05 0.102506 0.739939 9.991E-05 9.991E-05
0.946733 0.027097 9.98922E-05 9.98922E-05 9.98922E-05 9.98922E-05 9.98922E-05 0.0109886 9.98922E-05 9.98922E-05 9.98922E-05 0.0139822 9.98922E-05 9.98922E-05 9.98922E-05 9.98922E-05
0.992437 9.98742E-05 9.98742E-05 9.98742E-05 9.98742E-05 9.98742E-05 9.98742E-05 9.98742E-05 9.98742E-05 9.98742E-05 9.98742E-05 9.98742E-05 0.00616473 9.98742E-05 9.98742E-05 9.98742E-05
9.99009E-05 9.99009E-05 0.944457 9.99009E-05 9.99009E-05 0.0281606 9.99009E-05 0.0197203 9.99009E-05 9.99009E-05 0.00594299 9.99009E-05 9.99009E-05 9.99009E-05 0.000619723 9.99009E-05
9.99009E-05 9.99009E-05 9.99009E-05 0.0181447 9.99009E-05 9.99009E-05 9.99009E-05 0.0920936 9.99009E-05 9.99009E-05 0.119556 9.99009E-05 0.617553 9.99009E-05 0.151554 9.99009E-05
9.9883E-05 9.9883E-05 9.9883E-05 9.9883E-05 9.9883E-05 0.034066 9.9883E-05 9.9883E-05 9.9883E-05 0.896632 9.9883E-05 9.9883E-05 9.9883E-05 9.9883E-05 0.0680032 9.9883E-05
0.0481363 0.259963 9.99192E-05 9.99192E-05 9.99192E-05 9.99192E-05 9.99192E-05 9.99192E-05 0.0104629 9.99192E-05 0.272248 0.271441 9.99192E-05 0.108888 9.99192E-05 0.0279614
0.113082 9.99012E-05 0.0904949 0.0759579 9.99012E-05 9.99012E-05 9.99012E-05 9.99012E-05 9.99012E-05 9.99012E-05 0.252243 0.467123 9.99012E-05 9.99012E-05 9.99012E-05 9.99012E-05
9.98651E-05 9.98651E-05 9.98651E-05 9.98651E-05 0.998502 9.98651E-05 9.98651E-05 9.98651E-05 9.98651E-05 9.98651E-05 9.98651E-05 9.98651E-05 9.98651E-05 9.98651E-05 9.98651E-05 9.98651E-05
