0.009684 9.9991E-05 0.952792 0.0220837 0.0153399
0.300547 9.9991E-05 0.345822 0.340585 0.0129455
0.135632 0.0401146 9.99911E-05 0.796299 0.0278544
0.0172128 9.9982E-05 9.9982E-05 0.965324 0.0172631
0.306177 9.9991E-05 0.192049 0.482966 0.0187072
9.9973E-05 9.9973E-05 9.9973E-05 0.986751 0.0129492
0.375365 9.99821E-05 0.584286 0.0401485 9.99821E-05
0.480928 9.9991E-05 0.04148 0.42438 0.0531125
0.412768 9.99821E-05 0.552291 0.0347414 9.99821E-05
0.16749 9.9982E-05 0.741718 9.9982E-05 0.0905925
0.142245 9.9982E-05 0.742662 9.9982E-05 0.114894
9.9982E-05 9.9982E-05 0.804563 0.058399 0.136838
9.99821E-05 9.99821E-05 0.943034 0.0552702 0.00149619
9.999E-05 0.0230712 0.00419429 0.957939 0.0146958
9.9973E-05 0.023609 9.9973E-05 0.976091 9.9973E-05
0.0401172 9.9991E-05 0.922366 0.0288148 0.00860213
9.999E-05 0.0817719 0.488154 0.0326694 0.397305
0.0728781 0.736877 0.190045 9.9982E-05 9.9982E-05
9.9973E-05 0.870532 9.9973E-05 9.9973E-05 0.129168
9.99729E-05 9.99729E-05 0.832658 9.99729E-05 0.167042
9.997E-05 0.9996 9.997E-05 9.997E-05 9.997E-05
9.9973E-05 9.9973E-05 0.957366 9.9973E-05 0.0423343
0.0400389 0.438677 0.119931 0.0214307 0.379923
9.9973E-05 0.910951 9.9973E-05 9.9973E-05 0.0887492
9.997E-05 9.997E-05 9.997E-05 0.9996 9.997E-05
9.997E-05 9.997E-05 9.997E-05 0.9996 9.997E-05
9.9973E-05 9.9973E-05 0.909162 9.9973E-05 0.0905382
0.0757503 9.9982E-05 0.00216169 0.921888 9.9982E-05
0.100072 9.9973E-05 9.9973E-05 0.899628 9.9973E-05
0.250413 0.0396402 9.9991E-05 0.684075 0.0257717
0.318358 9.9982E-05 9.9982E-05 0.624133 0.0573088
0.613682 0.0147918 0.268282 0.103145 9.9991E-05
9.997E-05 9.997E-05 9.997E-05 0.9996 9.997E-05
0.899131 9.9982E-05 9.9982E-05 0.0783149 0.0223545
9.9982E-05 9.9982E-05 0.693737 0.0516697 0.254393
9.99729E-05 9.99729E-05 0.00894064 0.990759 9.99729E-05
9.99821E-05 9.99821E-05 0.909109 0.0731911 0.0174994
0.181372 0.0448269 0.729828 0.0220488 0.0219248
9.9991E-05 0.0607339 0.394384 0.127153 0.41763
9.9982E-05 9.9982E-05 0.789077 0.145178 0.0655446
0.0077609 0.0149834 0.804629 0.0983531 0.0742734
0.0152282 0.0156655 0.849723 9.9991E-05 0.119283
0.0255612 9.9982E-05 0.955344 0.0188951 9.9982E-05
0.0899266 9.9982E-05 0.778247 9.9982E-05 0.131627
0.0401468 0.103206 0.648532 9.9991E-05 0.208016
0.0700376 0.0317167 0.731386 0.0558276 0.111032
0.0716347 0.00131315 0.646417 0.119902 0.160732
0.0246839 0.0381487 0.936968 9.99822E-05 9.99822E-05
0.9996 9.997E-05 9.997E-05 9.997E-05 9.997E-05
0.9996 9.997E-05 9.997E-05 9.997E-05 9.997E-05
0.990008 9.9973E-05 9.9973E-05 9.9973E-05 0.00969206
0.9996 9.997E-05 9.997E-05 9.997E-05 9.997E-05
0.9996 9.997E-05 9.997E-05 9.997E-05 9.997E-05
0.616799 0.0622579 0.0869103 0.233874 0.000158807
0.9996 9.997E-05 9.997E-05 9.997E-05 9.997E-05
9.997E-05 9.997E-05 0.9996 9.997E-05 9.997E-05
0.582852 9.9982E-05 0.308243 0.108705 9.9982E-05
9.997E-05 9.997E-05 9.997E-05 0.9996 9.997E-05
9.99821E-05 9.99821E-05 0.948868 0.022411 0.0285211
9.9982E-05 9.9982E-05 0.881802 0.100291 0.0177069
9.99821E-05 0.0321877 0.965482 0.00213048 9.99821E-05
9.997E-05 9.997E-05 0.9996 9.997E-05 9.997E-05
9.9982E-05 0.00746763 0.91069 9.9982E-05 0.0816428
0.031131 0.891283 0.0773857 9.9982E-05 9.9982E-05
0.0266902 9.99821E-05 9.99821E-05 0.972802 0.000308195
0.249247 0.0416326 0.440224 0.218652 0.0502448
0.0299438 9.99821E-05 0.000816699 0.96904 9.99821E-05
9.9973E-05 9.9973E-05 0.0356323 0.964068 9.9973E-05
0.0685423 9.9973E-05 9.9973E-05 0.931158 9.9973E-05
0.023567 0.0031088 0.0215899 0.951634 9.9991E-05
9.9982E-05 9.9982E-05 0.035255 0.945977 0.0185677
9.997E-05 9.997E-05 9.997E-05 0.9996 9.997E-05
0.536625 9.99732E-05 9.99732E-05 0.463075 9.99732E-05
0.401593 0.021494 0.0570673 0.519746 9.99911E-05
0.0473693 9.9982E-05 0.0064955 0.945935 9.9982E-05
0.14816 9.9991E-05 0.742356 0.0498629 0.0595209
0.136636 9.9991E-05 0.782735 0.033731 0.0467987
9.997E-05 9.997E-05 9.997E-05 9.997E-05 0.9996
9.997E-05 9.997E-05 9.997E-05 9.997E-05 0.9996
0.0997784 0.00220627 0.788459 9.9991E-05 0.109457
0.091304 9.99819E-05 0.838216 9.99819E-05 0.0702798
9.997E-05 9.997E-05 9.997E-05 9.997E-05 0.9996
9.997E-05 9.997E-05 9.997E-05 9.997E-05 0.9996
0.0172569 9.9973E-05 0.982443 9.9973E-05 9.9973E-05
0.020368 0.0523143 0.887785 0.0394322 9.9991E-05
0.619938 9.9982E-05 0.285686 0.0941761 9.9982E-05
9.9991E-05 0.114793 0.491269 0.0839886 0.30985
9.99821E-05 0.0624545 0.577996 9.99821E-05 0.359349
0.357404 0.0462026 9.99821E-05 0.596194 9.99821E-05
