0.0206135 0.934027 9.99549E-05 9.99549E-05 9.99549E-05 9.99549E-05 0.0448601 9.99549E-05
0.0339619 0.096764 0.669196 9.99639E-05 9.99639E-05 0.199678 9.99639E-05 9.99639E-05
0.027028 9.99732E-05 0.118522 0.0686615 0.0384748 0.747014 9.99732E-05 9.99732E-05
0.0415825 9.9964E-05 9.9964E-05 9.9964E-05 9.9964E-05 0.953758 0.00113089 0.00312866
9.997E-05 0.0368098 0.311595 9.997E-05 9.997E-05 0.435851 0.13815 0.0772952
9.9946E-05 9.9946E-05 9.9946E-05 9.9946E-05 9.9946E-05 0.988158 0.0112426 9.9946E-05
9.9946E-05 9.9946E-05 0.730813 0.268587 9.9946E-05 9.9946E-05 9.9946E-05 9.9946E-05
0.0178986 9.9973E-05 0.229549 9.9973E-05 9.9973E-05 0.422042 0.0759972 0.254213
9.9946E-05 9.9946E-05 0.79866 0.200741 9.9946E-05 9.9946E-05 9.9946E-05 9.9946E-05
9.99461E-05 9.99461E-05 0.0432418 9.99461E-05 9.99461E-05 9.99461E-05 0.956159 9.99461E-05
9.994E-05 9.994E-05 9.994E-05 9.994E-05 9.994E-05 9.994E-05 0.9993 9.994E-05
0.0949774 0.728322 9.9964E-05 0.164759 9.9964E-05 0.0115422 9.9964E-05 9.9964E-05
9.994E-05 9.994E-05 9.994E-05 0.9993 9.994E-05 9.994E-05 9.994E-05 9.994E-05
0.00882953 0.0417396 9.9973E-05 9.9973E-05 0.0174079 0.929132 0.00259053 9.9973E-05
9.9955E-05 0.0383984 9.9955E-05 9.9955E-05 0.00986167 0.95124 9.9955E-05 9.9955E-05
9.99729E-05 0.169793 0.119173 0.383534 9.99729E-05 9.99729E-05 0.299526 0.0276737
0.274668 9.9964E-05 9.9964E-05 0.173068 0.0814981 9.9964E-05 0.470366 9.9964E-05
9.99729E-05 0.0292364 0.0783406 9.99729E-05 0.707131 9.99729E-05 0.180936 0.00405624
0.0762819 9.9946E-05 9.9946E-05 9.9946E-05 0.923118 9.9946E-05 9.9946E-05 9.9946E-05
0.0468832 0.166366 9.9964E-05 0.0547942 9.9964E-05 9.9964E-05 0.731557 9.9964E-05
9.994E-05 9.994E-05 9.994E-05 9.994E-05 0.9993 9.994E-05 9.994E-05 9.994E-05
0.00147353 0.585858 9.9973E-05 0.11951 9.9973E-05 9.9973E-05 0.284741 0.00811857
0.283444 9.99641E-05 9.99641E-05 9.99641E-05 0.403937 0.0171046 0.295115 9.99641E-05
0.083919 9.99549E-05 9.99549E-05 9.99549E-05 0.896824 9.99549E-05 0.0187575 9.99549E-05
9.994E-05 9.994E-05 9.994E-05 9.994E-05 9.994E-05 0.9993 9.994E-05 9.994E-05
9.994E-05 9.994E-05 9.994E-05 9.994E-05 9.994E-05 0.9993 9.994E-05 9.994E-05
0.0319169 0.0511641 9.99639E-05 0.789259 9.99639E-05 9.99639E-05 0.127261 9.99639E-05
9.9964E-05 9.9964E-05 0.00637485 0.0103243 9.9964E-05 0.887658 9.9964E-05 0.0952432
9.9955E-05 9.9955E-05 0.0177401 9.9955E-05 9.9955E-05 0.901308 9.9955E-05 0.0804526
0.0123788 0.00306266 0.0104909 0.0155369 0.0212221 0.718174 9.9991E-05 0.219034
0.0529379 9.99641E-05 0.0905309 9.99641E-05 9.99641E-05 0.651594 9.99641E-05 0.204537
9.9955E-05 0.0135712 0.908823 9.9955E-05 9.9955E-05 9.9955E-05 9.9955E-05 0.077106
0.0013291 9.99462E-05 9.99462E-05 9.99462E-05 9.99462E-05 0.998071 9.99462E-05 9.99462E-05
0.00185057 9.99731E-05 0.0589025 0.00365757 9.99731E-05 0.103086 9.99731E-05 0.832203
0.186651 0.0629708 9.99729E-05 0.55938 9.99729E-05 0.0549581 0.13574 9.99729E-05
9.99549E-05 0.00937366 9.99549E-05 0.0159006 9.99549E-05 0.974226 9.99549E-05 9.99549E-05
9.9946E-05 0.986659 9.9946E-05 9.9946E-05 9.9946E-05 0.0127417 9.9946E-05 9.9946E-05
9.9982E-05 0.0604313 0.194252 9.9982E-05 0.0151499 0.0184901 0.685411 0.0260657
0.34994 0.0073253 9.9982E-05 0.111401 0.0755396 0.12913 0.326463 9.9982E-05
9.99639E-05 0.293582 9.99639E-05 9.99639E-05 0.000745485 0.139268 0.566005 9.99639E-05
0.0176526 0.370188 9.99639E-05 9.99639E-05 9.99639E-05 0.0812743 0.530485 9.99639E-05
9.9946E-05 0.0031126 9.9946E-05 9.9946E-05 9.9946E-05 9.9946E-05 0.996288 9.9946E-05
9.99639E-05 0.219953 0.206698 0.234949 9.99639E-05 9.99639E-05 0.338 9.99639E-05
0.018487 9.9955E-05 9.9955E-05 0.021276 9.9955E-05 9.9955E-05 0.959737 9.9955E-05
0.139622 0.0265964 9.9973E-05 0.200024 0.0797373 9.9973E-05 0.55372 9.9973E-05
0.0122388 0.172424 9.9982E-05 0.0784796 0.0291803 0.103878 0.603599 9.9982E-05
0.0912453 0.199747 9.9982E-05 0.233494 9.9982E-05 0.0944306 0.331099 0.0497841
9.99464E-05 0.993564 9.99464E-05 9.99464E-05 0.00583594 9.99464E-05 9.99464E-05 9.99464E-05
9.994E-05 9.994E-05 9.994E-05 9.994E-05 9.994E-05 9.994E-05 9.994E-05 0.9993
9.994E-05 9.994E-05 9.994E-05 9.994E-05 9.994E-05 9.994E-05 9.994E-05 0.9993
9.9946E-05 9.9946E-05 9.9946E-05 9.9946E-05 9.9946E-05 9.9946E-05 0.00523397 0.994166
9.994E-05 9.994E-05 9.994E-05 9.994E-05 9.994E-05 9.994E-05 9.994E-05 0.9993
9.994E-05 9.994E-05 9.994E-05 9.994E-05 9.994E-05 9.994E-05 9.994E-05 0.9993
9.99821E-05 9.99821E-05 0.187157 0.0131223 0.0327152 0.218456 0.0567792 0.49157
9.9946E-05 9.9946E-05 0.06214 9.9946E-05 9.9946E-05 9.9946E-05 9.9946E-05 0.93726
9.99549E-05 0.894121 9.99549E-05 0.0741703 9.99549E-05 9.99549E-05 0.0312091 9.99549E-05
0.0087194 0.0701884 0.805826 9.99638E-05 9.99638E-05 9.99638E-05 9.99638E-05 0.114867
9.99459E-05 0.00495833 9.99459E-05 9.99459E-05 9.99459E-05 0.994442 9.99459E-05 9.99459E-05
0.0358957 0.0694443 9.9964E-05 0.848353 9.9964E-05 9.9964E-05 9.9964E-05 0.0459073
9.9973E-05 0.28701 0.0743419 0.393005 9.9973E-05 0.0382964 0.207047 9.9973E-05
9.99551E-05 9.99551E-05 0.000575564 0.988069 0.0108552 9.99551E-05 9.99551E-05 9.99551E-05
9.99549E-05 0.000768597 9.99549E-05 0.897748 9.99549E-05 9.99549E-05 0.100983 9.99549E-05
0.0344908 0.00500765 9.99639E-05 0.848337 9.99639E-05 9.99639E-05 0.111765 9.99639E-05
9.99461E-05 0.0888755 9.99461E-05 9.99461E-05 0.910525 9.99461E-05 9.99461E-05 9.99461E-05
9.994E-05 9.994E-05 9.994E-05 9.994E-05 9.994E-05 0.9993 9.994E-05 9.994E-05
0.00773215 0.184102 0.303325 0.00119582 0.0505669 0.27477 0.123362 0.0549466
9.99551E-05 9.99551E-05 9.99551E-05 0.0331009 9.99551E-05 0.932768 9.99551E-05 0.0336315
9.9955E-05 0.0462058 9.9955E-05 9.9955E-05 9.9955E-05 0.9475 9.9955E-05 0.00579494
9.9964E-05 9.9964E-05 0.056947 0.0197074 9.9964E-05 0.875703 9.9964E-05 0.0472423
9.9955E-05 9.9955E-05 0.087454 9.9955E-05 0.00317018 0.908876 9.9955E-05 9.9955E-05
9.99461E-05 9.99461E-05 9.99461E-05 9.99461E-05 9.99461E-05 0.940714 0.0586862 9.99461E-05
0.0106684 9.9946E-05 9.9946E-05 9.9946E-05 9.9946E-05 0.988732 9.9946E-05 9.9946E-05
9.99553E-05 9.99553E-05 0.214961 9.99553E-05 9.99553E-05 0.484952 9.99553E-05 0.299587
9.99642E-05 9.99642E-05 0.291932 0.105891 9.99642E-05 0.469071 9.99642E-05 0.132707
0.0104251 9.9964E-05 9.9964E-05 9.9964E-05 9.9964E-05 0.949417 0.00707264 0.0326852
0.0354014 0.17162 0.261497 0.131255 9.99819E-05 0.0317647 0.368261 9.99819E-05
0.0407543 0.170656 0.219953 0.168223 9.99819E-05 0.05412 0.346094 9.99819E-05
0.9993 9.994E-05 9.994E-05 9.994E-05 9.994E-05 9.994E-05 9.994E-05 9.994E-05
0.9993 9.994E-05 9.994E-05 9.994E-05 9.994E-05 9.994E-05 9.994E-05 9.994E-05
9.99549E-05 0.0427749 0.0643929 9.99549E-05 9.99549E-05 9.99549E-05 0.892332 9.99549E-05
9.9964E-05 0.0517322 0.0940685 0.010534 9.9964E-05 9.9964E-05 0.843265 9.9964E-05
0.952919 9.9955E-05 0.0431011 9.9955E-05 9.9955E-05 9.9955E-05 0.00348018 9.9955E-05
0.9993 9.994E-05 9.994E-05 9.994E-05 9.994E-05 9.994E-05 9.994E-05 9.994E-05
9.99549E-05 0.949991 9.99549E-05 0.0416466 9.99549E-05 9.99549E-05 9.99549E-05 0.00786246
9.9973E-05 0.117687 0.168573 0.242836 0.051485 9.9973E-05 0.41912 9.9973E-05
9.99549E-05 0.000713094 0.872397 9.99549E-05 9.99549E-05 9.99549E-05 9.99549E-05 0.12639
0.220696 9.99731E-05 9.99731E-05 0.347078 0.0820096 0.0423291 0.307587 9.99731E-05
0.287911 0.166111 9.99641E-05 0.478041 0.0675372 9.99641E-05 9.99641E-05 9.99641E-05
0.0174028 9.99731E-05 0.187184 9.99731E-05 0.00415351 0.565844 9.99731E-05 0.225116
