0.036541 0.963259 9.9982E-05 9.9982E-05
0.011376 0.434851 9.9991E-05 0.553673
0.0641592 9.99911E-05 0.0672598 0.868481
0.0319479 9.9982E-05 9.9982E-05 0.967852
9.99821E-05 0.321462 9.99821E-05 0.678338
0.015975 9.9982E-05 9.9982E-05 0.983825
9.99821E-05 0.697511 9.99821E-05 0.302289
0.0164401 0.14962 9.9991E-05 0.83384
9.99821E-05 0.662889 9.99821E-05 0.336911
0.126937 0.85154 9.9991E-05 0.0214231
0.131296 0.837838 9.9991E-05 0.0307662
0.147616 0.806256 9.9991E-05 0.0460285
9.99886E-05 0.964047 9.99886E-05 0.0357532
0.0169696 9.9991E-05 0.00928343 0.973647
0.00371649 9.9991E-05 0.00849843 0.987685
0.0402631 0.930699 9.9991E-05 0.028938
0.365446 0.537622 0.0966511 0.000280461
9.9991E-05 0.209091 0.773098 0.0177114
0.124786 9.9982E-05 0.875014 9.9982E-05
0.157409 0.842391 9.9982E-05 9.9982E-05
9.998E-05 9.998E-05 0.9997 9.998E-05
0.0671373 0.932663 9.9982E-05 9.9982E-05
0.418948 0.13783 0.421182 0.0220401
0.116214 9.9982E-05 0.883586 9.9982E-05
9.998E-05 9.998E-05 9.998E-05 0.9997
9.998E-05 9.998E-05 9.998E-05 0.9997
0.0715005 0.9283 9.9982E-05 9.9982E-05
9.998E-05 9.998E-05 9.998E-05 0.9997
9.998E-05 9.998E-05 9.998E-05 0.9997
9.9991E-05 0.0533885 0.0393584 0.907153
0.0616727 9.9991E-05 0.0202979 0.917929
0.00181885 0.392336 0.0206372 0.585208
0.0015925 9.9982E-05 9.9982E-05 0.998208
9.99821E-05 0.1713 9.99821E-05 0.8285
0.250925 0.70673 9.9991E-05 0.042245
0.0256814 0.0090437 9.9991E-05 0.965175
0.0326818 0.903448 9.9991E-05 0.06377
0.0383559 0.762592 0.0431174 0.155934
0.41101 0.400046 0.0712003 0.117743
0.0857405 0.799397 0.00052282 0.11434
0.0832675 0.811367 0.0241532 0.0812119
0.12761 0.858954 0.0133362 9.9991E-05
9.9982E-05 0.980061 9.9982E-05 0.0197395
0.163028 0.828282 9.9991E-05 0.00859033
0.219002 0.660801 0.120097 9.9991E-05
0.0752413 0.763867 0.0595977 0.101294
0.133869 0.71539 9.9991E-05 0.150642
0.0156936 0.943539 0.0406676 9.99911E-05
9.9991E-05 0.150789 0.0395643 0.809547
9.9991E-05 0.150444 0.0532247 0.796231
9.9991E-05 0.155622 0.0543059 0.789972
9.9991E-05 0.132606 0.0620195 0.805275
9.9991E-05 0.134497 0.0344645 0.830939
9.9991E-05 0.200934 0.0766266 0.722339
0.00105507 0.227143 0.0115438 0.760258
9.998E-05 0.9997 9.998E-05 9.998E-05
9.9982E-05 0.43652 9.9982E-05 0.56328
9.998E-05 9.998E-05 9.998E-05 0.9997
0.0340187 0.965781 9.99821E-05 9.99821E-05
0.0180788 0.900864 9.9991E-05 0.0809577
9.998E-05 0.9997 9.998E-05 9.998E-05
9.998E-05 0.9997 9.998E-05 9.998E-05
0.112845 0.86355 0.0235056 9.9991E-05
9.9991E-05 0.0657286 0.923121 0.0110503
9.998E-05 9.998E-05 9.998E-05 0.9997
0.109834 0.397829 0.0876382 0.404699
9.998E-05 9.998E-05 9.998E-05 0.9997
9.998E-05 9.998E-05 9.998E-05 0.9997
9.998E-05 9.998E-05 9.998E-05 0.9997
9.998E-05 9.998E-05 9.998E-05 0.9997
0.0394474 0.00747293 9.9991E-05 0.95298
9.998E-05 9.998E-05 9.998E-05 0.9997
9.99821E-05 0.0626097 9.99821E-05 0.93719
9.99911E-05 0.15175 0.0227513 0.825399
0.00993191 9.9982E-05 9.9982E-05 0.989868
0.0458952 0.816897 9.9991E-05 0.137108
0.0764432 0.770705 9.9991E-05 0.152752
0.9997 9.998E-05 9.998E-05 9.998E-05
0.9997 9.998E-05 9.998E-05 9.998E-05
0.093618 0.857041 0.0077132 0.0416282
0.0784462 0.896158 0.00979506 0.0156003
0.9997 9.998E-05 9.998E-05 9.998E-05
0.9997 9.998E-05 9.998E-05 9.998E-05
9.998E-05 0.9997 9.998E-05 9.998E-05
9.9991E-05 0.881243 0.0780723 0.040585
9.9982E-05 0.430534 9.9982E-05 0.569267
0.298498 0.522391 0.134576 0.0445347
0.339083 0.59808 0.062737 9.9991E-05
0.0562616 0.00854755 0.0457567 0.889434
