9.996E-05 9.996E-05 9.996E-05 9.996E-05 0.9995 9.996E-05
0.281824 9.9973E-05 9.9973E-05 9.9973E-05 0.437977 0.2799
0.754786 0.0362265 0.0266942 0.0511446 9.99911E-05 0.131049
0.941201 0.0583987 9.9964E-05 9.9964E-05 9.9964E-05 9.9964E-05
0.421827 9.99731E-05 9.99731E-05 9.99731E-05 0.269059 0.308814
0.972311 0.00862601 9.9973E-05 9.9973E-05 0.0187631 9.9973E-05
9.99642E-05 9.99642E-05 9.99642E-05 0.614766 9.99642E-05 0.384834
0.420207 0.0296359 9.9982E-05 9.9982E-05 0.0579852 0.491972
9.99731E-05 9.99731E-05 9.99731E-05 0.485488 0.0677035 0.446509
9.9982E-05 0.119177 9.9982E-05 0.0674845 0.69221 0.120928
9.9982E-05 0.126742 9.9982E-05 0.0919016 0.671467 0.10969
0.0601451 0.119061 9.9982E-05 0.16041 0.660184 9.9982E-05
0.0251887 9.9964E-05 9.9964E-05 0.974411 9.9964E-05 9.9964E-05
0.960549 0.00495099 0.0342005 9.9973E-05 9.9973E-05 9.9973E-05
0.960944 9.9973E-05 0.00560907 9.9973E-05 0.0331468 9.9973E-05
0.00248652 0.0442015 9.9991E-05 0.333863 0.568057 0.0512922
9.9982E-05 0.431827 0.0582805 0.15525 0.354443 9.9982E-05
9.99729E-05 9.99729E-05 0.72941 9.99729E-05 0.20362 0.0666696
9.9964E-05 0.0900343 0.909566 9.9964E-05 9.9964E-05 9.9964E-05
9.9982E-05 0.124065 9.9982E-05 0.0506805 0.822236 0.00281859
9.996E-05 9.996E-05 0.9995 9.996E-05 9.996E-05 9.996E-05
9.9973E-05 0.0135869 9.9973E-05 0.0776364 0.908477 9.9973E-05
9.9982E-05 0.398123 0.413377 9.9982E-05 0.123502 0.0647978
9.9964E-05 0.10769 0.89191 9.9964E-05 9.9964E-05 9.9964E-05
0.983388 9.9964E-05 9.9964E-05 9.9964E-05 9.9964E-05 0.0162118
0.999444 9.9964E-05 9.9964E-05 9.9964E-05 9.9964E-05 0.000156398
9.99729E-05 0.0720583 9.99729E-05 0.744814 0.182828 9.99729E-05
0.932255 9.9964E-05 9.9964E-05 9.9964E-05 9.9964E-05 0.0673448
0.901165 9.9973E-05 9.9973E-05 0.00347245 9.9973E-05 0.0950624
0.669963 0.00168909 0.0178529 0.0244032 9.9991E-05 0.285992
0.633085 0.0526631 9.9973E-05 9.9973E-05 9.9973E-05 0.313952
0.105839 9.99731E-05 9.99731E-05 9.99731E-05 0.314687 0.579174
0.9995 9.996E-05 9.996E-05 9.996E-05 9.996E-05 9.996E-05
0.0655886 9.99641E-05 9.99641E-05 9.99641E-05 9.99641E-05 0.934012
0.0589086 0.266816 9.99819E-05 0.534791 0.139285 9.99819E-05
0.971327 9.99639E-05 9.99639E-05 0.028273 9.99639E-05 9.99639E-05
0.0440499 9.99642E-05 9.99642E-05 9.99642E-05 0.95555 9.99642E-05
0.0430685 9.9982E-05 0.0218817 9.9982E-05 0.788017 0.146833
0.117871 0.45843 0.0404855 0.15322 0.229893 9.9991E-05
0.129208 9.99639E-05 9.99639E-05 9.99639E-05 0.870392 9.99639E-05
0.090769 0.0116571 0.0068423 9.9982E-05 0.890532 9.9982E-05
9.9982E-05 0.112017 0.00855923 0.0377714 0.841453 9.9982E-05
9.9973E-05 9.9973E-05 9.9973E-05 0.27016 0.681551 0.0479888
9.9982E-05 0.1103 9.9982E-05 0.0586559 0.78269 0.0481542
9.9991E-05 0.161263 0.106711 0.203262 0.499226 0.0294376
0.0670337 0.0632759 0.0340187 0.0902119 0.731042 0.014418
0.0882668 0.142708 9.9991E-05 0.237509 0.461921 0.0694945
9.99644E-05 9.99644E-05 0.0259001 9.99644E-05 0.9737 9.99644E-05
9.996E-05 9.996E-05 9.996E-05 9.996E-05 9.996E-05 0.9995
9.996E-05 9.996E-05 9.996E-05 9.996E-05 9.996E-05 0.9995
9.99639E-05 0.015034 9.99639E-05 9.99639E-05 9.99639E-05 0.984566
9.996E-05 9.996E-05 9.996E-05 9.996E-05 9.996E-05 0.9995
9.996E-05 9.996E-05 9.996E-05 9.996E-05 9.996E-05 0.9995
0.250292 9.9991E-05 0.0486977 0.0336 0.0288408 0.638469
9.99639E-05 0.00339196 9.99639E-05 9.99639E-05 9.99639E-05 0.996208
9.9964E-05 9.9964E-05 9.9964E-05 0.0278792 0.971721 9.9964E-05
0.0775934 9.9973E-05 9.9973E-05 9.9973E-05 0.341426 0.580681
0.9995 9.996E-05 9.996E-05 9.996E-05 9.996E-05 9.996E-05
9.9973E-05 0.0390708 9.9973E-05 0.87123 0.0893988 9.9973E-05
0.0576165 0.028525 9.9982E-05 0.354246 0.559413 9.9982E-05
9.996E-05 9.996E-05 9.996E-05 0.9995 9.996E-05 9.996E-05
9.99729E-05 0.00781854 9.99729E-05 0.907336 0.0845457 9.99729E-05
9.99819E-05 0.121742 0.00475127 0.857556 0.0157503 9.99819E-05
9.99641E-05 9.99641E-05 0.915106 9.99641E-05 0.0844938 9.99641E-05
0.987884 0.0117162 9.99641E-05 9.99641E-05 9.99641E-05 9.99641E-05
0.371478 0.0444544 0.0152605 0.206511 0.283218 0.0790784
0.987714 9.99731E-05 9.99731E-05 0.0103349 0.00165135 9.99731E-05
0.958932 9.9973E-05 9.9973E-05 9.9973E-05 0.031474 0.00929397
0.871748 9.9973E-05 9.9973E-05 0.019652 9.9973E-05 0.1083
0.938184 9.9982E-05 0.00469493 0.0179612 9.9982E-05 0.0389599
0.916952 9.99641E-05 9.99641E-05 9.99641E-05 0.0826477 9.99641E-05
0.9995 9.996E-05 9.996E-05 9.996E-05 9.996E-05 9.996E-05
0.474941 9.99732E-05 9.99732E-05 0.0147995 9.99732E-05 0.50996
0.490813 9.99732E-05 9.99732E-05 0.146859 9.99732E-05 0.362028
0.972994 9.9964E-05 9.9964E-05 9.9964E-05 0.0266064 9.9964E-05
0.0490706 0.0523957 9.9991E-05 0.12113 0.653295 0.124009
0.0530667 0.0657227 9.9991E-05 0.158588 0.589067 0.133456
9.996E-05 0.9995 9.996E-05 9.996E-05 9.996E-05 9.996E-05
9.996E-05 0.9995 9.996E-05 9.996E-05 9.996E-05 9.996E-05
9.9982E-05 0.0672977 9.9982E-05 0.0901776 0.772414 0.0699102
9.9982E-05 0.0391666 9.9982E-05 0.126558 0.771164 0.0629119
9.996E-05 0.9995 9.996E-05 9.996E-05 9.996E-05 9.996E-05
9.996E-05 0.9995 9.996E-05 9.996E-05 9.996E-05 9.996E-05
9.99641E-05 9.99641E-05 9.99641E-05 0.0239696 0.975631 9.99641E-05
9.9982E-05 9.9982E-05 0.0634794 0.283947 0.612216 0.0401572
0.0631975 9.9973E-05 9.9973E-05 9.9973E-05 0.312232 0.62427
0.0860974 0.28407 0.108618 0.376859 0.144256 9.9991E-05
9.99821E-05 0.315525 0.0941368 0.355051 0.235087 9.99821E-05
0.541601 0.0420132 0.0403654 9.99821E-05 9.99821E-05 0.37582
