0.925367 9.98558E-05 9.98558E-05 9.98558E-05 9.98558E-05 9.98558E-05 9.98558E-05 9.98558E-05 9.98558E-05 0.00425669 9.98558E-05 9.98558E-05 9.98558E-05 9.98558E-05 0.055074 9.98558E-05 9.98558E-05 0.0137049 9.98558E-05 9.98558E-05
9.98559E-05 9.98559E-05 9.98559E-05 9.98559E-05 9.98559E-05 9.98559E-05 9.98559E-05 9.98559E-05 0.208013 0.0136727 9.98559E-05 9.98559E-05 9.98559E-05 9.98559E-05 9.98559E-05 9.98559E-05 0.66984 9.98559E-05 0.106876 9.98559E-05
9.98572E-05 0.265591 9.98572E-05 9.98572E-05 9.98572E-05 9.98572E-05 9.98572E-05 0.026915 9.98572E-05 9.98572E-05 9.98572E-05 9.98572E-05 9.98572E-05 0.126966 9.98572E-05 9.98572E-05 9.98572E-05 9.98572E-05 0.57893 9.98572E-05
9.98472E-05 9.98472E-05 9.98472E-05 9.98472E-05 9.98472E-05 0.0311309 9.98472E-05 9.98472E-05 9.98472E-05 9.98472E-05 9.98472E-05 9.98472E-05 9.98472E-05 9.98472E-05 9.98472E-05 9.98472E-05 9.98472E-05 0.0253277 0.941844 9.98472E-05
9.99192E-05 0.0785437 0.196497 9.99192E-05 9.99192E-05 9.99192E-05 0.0120976 9.99192E-05 0.0847553 0.00584281 9.99192E-05 9.99192E-05 0.00545978 9.99192E-05 0.0826608 0.0855956 0.0907719 9.99192E-05 0.34062 0.016256
9.98651E-05 0.0045824 9.98651E-05 9.98651E-05 9.98651E-05 0.0184166 9.98651E-05 9.98651E-05 0.0321669 9.98651E-05 0.0147671 9.98651E-05 9.98651E-05 9.98651E-05 9.98651E-05 9.98651E-05 9.98651E-05 9.98651E-05 0.928569 9.98651E-05
9.98292E-05 9.98292E-05 0.998103 9.98292E-05 9.98292E-05 9.98292E-05 9.98292E-05 9.98292E-05 9.98292E-05 9.98292E-05 9.98292E-05 9.98292E-05 9.98292E-05 9.98292E-05 9.98292E-05 9.98292E-05 9.98292E-05 9.98292E-05 9.98292E-05 9.98292E-05
9.98649E-05 0.508816 9.98649E-05 9.98649E-05 9.98649E-05 9.98649E-05 0.0586392 9.98649E-05 9.98649E-05 9.98649E-05 9.98649E-05 9.98649E-05 0.229294 9.98649E-05 0.0854987 9.98649E-05 0.116254 9.98649E-05 9.98649E-05 9.98649E-05
9.9856E-05 9.9856E-05 0.916497 9.9856E-05 9.9856E-05 0.0187649 0.0126276 9.9856E-05 9.9856E-05 9.9856E-05 9.9856E-05 9.9856E-05 9.9856E-05 9.9856E-05 9.9856E-05 9.9856E-05 0.0505131 9.9856E-05 9.9856E-05 9.9856E-05
9.98383E-05 9.98383E-05 0.0922323 9.98383E-05 9.98383E-05 9.98383E-05 9.98383E-05 9.98383E-05 9.98383E-05 9.98383E-05 9.98383E-05 9.98383E-05 9.98383E-05 9.98383E-05 0.905971 9.98383E-05 9.98383E-05 9.98383E-05 9.98383E-05 9.98383E-05
9.98382E-05 9.98382E-05 0.100291 9.98382E-05 9.98382E-05 9.98382E-05 9.98382E-05 9.98382E-05 9.98382E-05 9.98382E-05 9.98382E-05 9.98382E-05 9.98382E-05 9.98382E-05 0.897912 9.98382E-05 9.98382E-05 9.98382E-05 9.98382E-05 9.98382E-05
0.621428 9.98741E-05 0.0281217 9.98741E-05 9.98741E-05 9.98741E-05 9.98741E-05 9.98741E-05 9.98741E-05 9.98741E-05 0.0744132 0.159934 9.98741E-05 9.98741E-05 9.98741E-05 9.98741E-05 9.98741E-05 0.0971578 0.0175472 9.98741E-05
9.98564E-05 9.98564E-05 0.0560247 9.98564E-05 9.98564E-05 0.00803168 9.98564E-05 9.98564E-05 9.98564E-05 9.98564E-05 9.98564E-05 0.41606 9.98564E-05 0.518286 9.98564E-05 9.98564E-05 9.98564E-05 9.98564E-05 9.98564E-05 9.98564E-05
9.98602E-05 9.98602E-05 9.98602E-05 9.98602E-05 9.98602E-05 9.98602E-05 9.98602E-05 0.0303299 0.0117223 0.00720948 0.0269648 9.98602E-05 9.98602E-05 9.98602E-05 9.98602E-05 9.98602E-05 0.0087163 9.98602E-05 0.913659 9.98602E-05
0.0187769 9.98652E-05 9.98652E-05 9.98652E-05 9.98652E-05 0.00924517 9.98652E-05 0.0205131 0.0363206 9.98652E-05 9.98652E-05 9.98652E-05 9.98652E-05 9.98652E-05 9.98652E-05 9.98652E-05 9.98652E-05 9.98652E-05 0.913646 9.98652E-05
9.9856E-05 9.9856E-05 9.9856E-05 9.9856E-05 0.73998 9.9856E-05 9.9856E-05 9.9856E-05 9.9856E-05 9.9856E-05 0.113123 9.9856E-05 9.9856E-05 0.10871 0.0365888 9.9856E-05 9.9856E-05 9.9856E-05 9.9856E-05 9.9856E-05
9.98651E-05 9.98651E-05 9.98651E-05 9.98651E-05 9.98651E-05 9.98651E-05 9.98651E-05 9.98651E-05 9.98651E-05 0.915633 9.98651E-05 0.0110746 9.98651E-05 0.0044824 0.0596996 9.98651E-05 9.98651E-05 9.98651E-05 9.98651E-05 0.0076128
9.98649E-05 9.98649E-05 9.98649E-05 9.98649E-05 0.0112651 9.98649E-05 0.0180589 0.847151 0.0980524 9.98649E-05 9.98649E-05 9.98649E-05 9.98649E-05 9.98649E-05 0.023975 9.98649E-05 9.98649E-05 9.98649E-05 9.98649E-05 9.98649E-05
9.9847E-05 9.9847E-05 9.9847E-05 0.928776 9.9847E-05 9.9847E-05 9.9847E-05 9.9847E-05 9.9847E-05 9.9847E-05 0.0193093 9.9847E-05 9.9847E-05 9.9847E-05 9.9847E-05 9.9847E-05 9.9847E-05 0.0502173 9.9847E-05 9.9847E-05
0.0636517 9.98738E-05 9.98738E-05 9.98738E-05 0.286533 9.98738E-05 9.98738E-05 9.98738E-05 9.98738E-05 0.0122563 0.152809 9.98738E-05 9.98738E-05 9.98738E-05 0.457903 9.98738E-05 9.98738E-05 0.0254489 9.98738E-05 9.98738E-05
9.98382E-05 9.98382E-05 9.98382E-05 0.0208608 9.98382E-05 9.98382E-05 9.98382E-05 0.977342 9.98382E-05 9.98382E-05 9.98382E-05 9.98382E-05 9.98382E-05 9.98382E-05 9.98382E-05 9.98382E-05 9.98382E-05 9.98382E-05 9.98382E-05 9.98382E-05
0.395895 9.9865E-05 9.9865E-05 9.9865E-05 0.178189 9.9865E-05 9.9865E-05 9.9865E-05 0.318625 9.9865E-05 0.0350664 0.0707269 9.9865E-05 9.9865E-05 9.9865E-05 9.9865E-05 9.9865E-05 9.9865E-05 9.9865E-05 9.9865E-05
9.98289E-05 9.98289E-05 9.98289E-05 9.98289E-05 9.98289E-05 9.98289E-05 9.98289E-05 9.98289E-05 9.98289E-05 9.98289E-05 9.98289E-05 9.98289E-05 9.98289E-05 9.98289E-05 9.98289E-05 9.98289E-05 9.98289E-05 9.98289E-05 9.98289E-05 0.998103
9.98469E-05 9.98469E-05 9.98469E-05 0.692239 9.98469E-05 9.98469E-05 9.98469E-05 0.018125 9.98469E-05 9.98469E-05 9.98469E-05 9.98469E-05 9.98469E-05 9.98469E-05 9.98469E-05 9.98469E-05 9.98469E-05 9.98469E-05 9.98469E-05 0.287939
9.98654E-05 0.0297677 9.98654E-05 9.98654E-05 9.98654E-05 9.98654E-05 9.98654E-05 9.98654E-05 9.98654E-05 9.98654E-05 9.98654E-05 0.000741447 9.98654E-05 9.98654E-05 9.98654E-05 0.0208723 9.98654E-05 0.00195645 0.945164 9.98654E-05
9.98294E-05 9.98294E-05 9.98294E-05 9.98294E-05 9.98294E-05 9.98294E-05 9.98294E-05 9.98294E-05 9.98294E-05 9.98294E-05 9.98294E-05 9.98294E-05 9.98294E-05 9.98294E-05 9.98294E-05 9.98294E-05 9.98294E-05 9.98294E-05 0.998103 9.98294E-05
9.98559E-05 9.98559E-05 9.98559E-05 9.98559E-05 9.98559E-05 9.98559E-05 9.98559E-05 9.98559E-05 9.98559E-05 9.98559E-05 9.98559E-05 0.857003 9.98559E-05 0.050487 0.0840288 9.98559E-05 9.98559E-05 9.98559E-05 9.98559E-05 0.00688334
9.98742E-05 0.0163394 0.00710817 9.98742E-05 9.98742E-05 9.98742E-05 0.0692204 9.98742E-05 9.98742E-05 9.98742E-05 9.98742E-05 0.0115213 0.0234544 9.98742E-05 9.98742E-05 9.98742E-05 9.98742E-05 9.98742E-05 0.870958 9.98742E-05
9.98741E-05 0.0124135 0.0099613 9.98741E-05 0.04037 9.98741E-05 0.0583675 9.98741E-05 9.98741E-05 9.98741E-05 9.98741E-05 9.98741E-05 9.98741E-05 9.98741E-05 9.98741E-05 0.0229694 9.98741E-05 9.98741E-05 0.85452 9.98741E-05
9.98744E-05 9.98744E-05 9.98744E-05 0.00878749 9.98744E-05 0.0439695 0.0968397 9.98744E-05 9.98744E-05 9.98744E-05 9.98744E-05 0.0234113 0.501881 9.98744E-05 9.98744E-05 9.98744E-05 9.98744E-05 9.98744E-05 0.323713 9.98744E-05
9.98649E-05 0.00214682 9.98649E-05 9.98649E-05 9.98649E-05 9.98649E-05 9.98649E-05 9.98649E-05 9.98649E-05 0.00316192 0.00309344 9.98649E-05 0.958404 9.98649E-05 9.98649E-05 9.98649E-05 9.98649E-05 9.98649E-05 0.0316958 9.98649E-05
9.98296E-05 9.98296E-05 9.98296E-05 9.98296E-05 9.98296E-05 9.98296E-05 9.98296E-05 9.98296E-05 9.98296E-05 9.98296E-05 9.98296E-05 9.98296E-05 9.98296E-05 9.98296E-05 9.98296E-05 9.98296E-05 0.998103 9.98296E-05 9.98296E-05 9.98296E-05
9.98564E-05 0.146838 9.98564E-05 9.98564E-05 0.00398714 9.98564E-05 9.98564E-05 9.98564E-05 0.0402596 9.98564E-05 9.98564E-05 9.98564E-05 9.98564E-05 9.98564E-05 9.98564E-05 9.98564E-05 9.98564E-05 9.98564E-05 0.807318 9.98564E-05
9.98653E-05 0.219489 9.98653E-05 9.98653E-05 9.98653E-05 0.0317045 0.686911 9.98653E-05 9.98653E-05 9.98653E-05 9.98653E-05 0.00337047 0.0570279 9.98653E-05 9.98653E-05 9.98653E-05 9.98653E-05 9.98653E-05 9.98653E-05 9.98653E-05
9.98827E-05 9.98827E-05 9.98827E-05 9.98827E-05 9.98827E-05 0.0561224 9.98827E-05 9.98827E-05 0.0319923 0.17124 9.98827E-05 0.641909 0.0469219 9.98827E-05 0.000950192 9.98827E-05 9.98827E-05 0.0495653 9.98827E-05 9.98827E-05
0.00918407 0.0620963 0.0253424 9.99098E-05 0.021468 9.99098E-05 9.99098E-05 9.99098E-05 9.99098E-05 0.00403601 0.000419257 9.99098E-05 0.0211 0.0137046 9.99098E-05 0.0273774 9.99098E-05 9.99098E-05 0.814273 9.99098E-05
0.932167 0.0494187 9.98562E-05 9.98562E-05 9.98562E-05 0.00525891 9.98562E-05 9.98562E-05 9.98562E-05 0.011558 9.98562E-05 9.98562E-05 9.98562E-05 9.98562E-05 9.98562E-05 9.98562E-05 9.98562E-05 9.98562E-05 9.98562E-05 9.98562E-05
0.0371825 0.0148946 9.98918E-05 9.98918E-05 9.98918E-05 0.278088 9.98918E-05 9.98918E-05 0.0199848 0.0427985 9.98918E-05 9.98918E-05 9.98918E-05 9.98918E-05 0.380993 9.98918E-05 0.19365 9.98918E-05 9.98918E-05 0.0312101
9.98382E-05 0.0196168 9.98382E-05 9.98382E-05 9.98382E-05 9.98382E-05 9.98382E-05 9.98382E-05 9.98382E-05 0.978586 9.98382E-05 9.98382E-05 9.98382E-05 9.98382E-05 9.98382E-05 9.98382E-05 9.98382E-05 9.98382E-05 9.98382E-05 9.98382E-05
9.98381E-05 9.98381E-05 9.98381E-05 9.98381E-05 9.98381E-05 9.98381E-05 9.98381E-05 9.98381E-05 0.99185 0.00635266 9.98381E-05 9.98381E-05 9.98381E-05 9.98381E-05 9.98381E-05 9.98381E-05 9.98381E-05 9.98381E-05 9.98381E-05 9.98381E-05
9.98471E-05 9.98471E-05 9.98471E-05 9.98471E-05 9.98471E-05 9.98471E-05 0.00375622 9.98471E-05 0.99399 9.98471E-05 9.98471E-05 0.000556778 9.98471E-05 9.98471E-05 9.98471E-05 9.98471E-05 9.98471E-05 9.98471E-05 9.98471E-05 9.98471E-05
0.0686888 9.98739E-05 9.98739E-05 0.0160972 9.98739E-05 9.98739E-05 9.98739E-05 9.98739E-05 0.0905292 0.0136685 9.98739E-05 9.98739E-05 9.98739E-05 0.0122546 0.797363 9.98739E-05 9.98739E-05 9.98739E-05 9.98739E-05 9.98739E-05
9.98741E-05 9.98741E-05 0.0742428 0.00855193 0.829631 9.98741E-05 9.98741E-05 9.98741E-05 0.0238308 9.98741E-05 9.98741E-05 0.051318 9.98741E-05 9.98741E-05 0.0110268 9.98741E-05 9.98741E-05 9.98741E-05 9.98741E-05 9.98741E-05
9.98648E-05 9.98648E-05 9.98648E-05 9.98648E-05 0.0469773 9.98648E-05 9.98648E-05 9.98648E-05 9.98648E-05 0.0109951 0.0786589 9.98648E-05 9.98648E-05 0.0305675 0.831303 9.98648E-05 9.98648E-05 9.98648E-05 9.98648E-05 9.98648E-05
9.98738E-05 9.98738E-05 9.98738E-05 9.98738E-05 9.98738E-05 0.622479 9.98738E-05 0.0209944 0.0951802 9.98738E-05 9.98738E-05 9.98738E-05 9.98738E-05 0.103835 9.98738E-05 9.98738E-05 9.98738E-05 0.0329851 9.98738E-05 0.123128
9.98379E-05 9.98379E-05 9.98379E-05 9.98379E-05 0.0149212 0.983282 9.98379E-05 9.98379E-05 9.98379E-05 9.98379E-05 9.98379E-05 9.98379E-05 9.98379E-05 9.98379E-05 9.98379E-05 9.98379E-05 9.98379E-05 9.98379E-05 9.98379E-05 9.98379E-05
0.0162726 9.9874E-05 9.9874E-05 9.9874E-05 9.9874E-05 0.683784 9.9874E-05 9.9874E-05 9.9874E-05 0.122659 0.0451394 9.9874E-05 0.0609848 0.0697618 9.9874E-05 9.9874E-05 9.9874E-05 9.9874E-05 9.9874E-05 9.9874E-05
0.965496 9.9848E-05 9.9848E-05 0.012568 9.9848E-05 9.9848E-05 9.9848E-05 9.9848E-05 9.9848E-05 9.9848E-05 9.9848E-05 9.9848E-05 9.9848E-05 9.9848E-05 9.9848E-05 9.9848E-05 9.9848E-05 9.9848E-05 9.9848E-05 0.0202386
9.98293E-05 9.98293E-05 9.98293E-05 9.98293E-05 9.98293E-05 9.98293E-05 0.998103 9.98293E-05 9.98293E-05 9.98293E-05 9.98293E-05 9.98293E-05 9.98293E-05 9.98293E-05 9.98293E-05 9.98293E-05 9.98293E-05 9.98293E-05 9.98293E-05 9.98293E-05
9.98383E-05 9.98383E-05 9.98383E-05 9.98383E-05 9.98383E-05 9.98383E-05 0.996154 9.98383E-05 9.98383E-05 9.98383E-05 9.98383E-05 9.98383E-05 9.98383E-05 9.98383E-05 9.98383E-05 0.00204927 9.98383E-05 9.98383E-05 9.98383E-05 9.98383E-05
9.98383E-05 9.98383E-05 9.98383E-05 9.98383E-05 9.98383E-05 0.0355966 0.962606 9.98383E-05 9.98383E-05 9.98383E-05 9.98383E-05 9.98383E-05 9.98383E-05 9.98383E-05 9.98383E-05 9.98383E-05 9.98383E-05 9.98383E-05 9.98383E-05 9.98383E-05
9.98294E-05 9.98294E-05 9.98294E-05 9.98294E-05 9.98294E-05 9.98294E-05 0.998103 9.98294E-05 9.98294E-05 9.98294E-05 9.98294E-05 9.98294E-05 9.98294E-05 9.98294E-05 9.98294E-05 9.98294E-05 9.98294E-05 9.98294E-05 9.98294E-05 9.98294E-05
9.98383E-05 9.98383E-05 9.98383E-05 9.98383E-05 9.98383E-05 9.98383E-05 0.996271 9.98383E-05 9.98383E-05 9.98383E-05 9.98383E-05 9.98383E-05 0.00193185 9.98383E-05 9.98383E-05 9.98383E-05 9.98383E-05 9.98383E-05 9.98383E-05 9.98383E-05
9.99012E-05 0.158307 0.0653434 9.99012E-05 0.0586551 9.99012E-05 0.333632 9.99012E-05 9.99012E-05 9.99012E-05 9.99012E-05 0.0227321 0.152443 9.99012E-05 9.99012E-05 9.99012E-05 0.0332694 9.99012E-05 0.0693414 0.105178
9.98472E-05 9.98472E-05 9.98472E-05 9.98472E-05 9.98472E-05 9.98472E-05 0.934182 9.98472E-05 9.98472E-05 9.98472E-05 9.98472E-05 0.00553782 9.98472E-05 9.98472E-05 9.98472E-05 9.98472E-05 0.0585827 9.98472E-05 9.98472E-05 9.98472E-05
0.773783 9.98558E-05 0.000890314 9.98558E-05 0.144207 9.98558E-05 9.98558E-05 9.98558E-05 9.98558E-05 9.98558E-05 0.0795221 9.98558E-05 9.98558E-05 9.98558E-05 9.98558E-05 9.98558E-05 9.98558E-05 9.98558E-05 9.98558E-05 9.98558E-05
9.98739E-05 9.98739E-05 0.0266515 9.98739E-05 9.98739E-05 9.98739E-05 0.0406109 9.98739E-05 9.98739E-05 9.98739E-05 0.0222233 0.0102946 9.98739E-05 0.00372342 9.98739E-05 9.98739E-05 0.895098 9.98739E-05 9.98739E-05 9.98739E-05
9.98559E-05 9.98559E-05 9.98559E-05 9.98559E-05 9.98559E-05 9.98559E-05 9.98559E-05 9.98559E-05 0.0257083 9.98559E-05 0.00415434 9.98559E-05 9.98559E-05 9.98559E-05 9.98559E-05 0.00320593 9.98559E-05 9.98559E-05 0.965334 9.98559E-05
9.98381E-05 9.98381E-05 0.0335614 9.98381E-05 9.98381E-05 9.98381E-05 9.98381E-05 9.98381E-05 9.98381E-05 9.98381E-05 9.98381E-05 0.964642 9.98381E-05 9.98381E-05 9.98381E-05 9.98381E-05 9.98381E-05 9.98381E-05 9.98381E-05 9.98381E-05
0.00488415 9.98653E-05 9.98653E-05 9.98653E-05 0.842583 0.0675414 9.98653E-05 9.98653E-05 9.98653E-05 9.98653E-05 0.0496237 9.98653E-05 9.98653E-05 0.0338699 9.98653E-05 9.98653E-05 9.98653E-05 9.98653E-05 9.98653E-05 9.98653E-05
9.98293E-05 9.98293E-05 9.98293E-05 9.98293E-05 9.98293E-05 9.98293E-05 9.98293E-05 9.98293E-05 9.98293E-05 9.98293E-05 9.98293E-05 9.98293E-05 9.98293E-05 0.998103 9.98293E-05 9.98293E-05 9.98293E-05 9.98293E-05 9.98293E-05 9.98293E-05
0.0381076 9.98919E-05 9.98919E-05 9.98919E-05 9.98919E-05 0.0149599 9.98919E-05 9.98919E-05 0.0126319 9.98919E-05 9.98919E-05 0.0651496 9.98919E-05 0.846652 0.00911669 9.98919E-05 0.00822516 9.98919E-05 0.00395874 9.98919E-05
9.98647E-05 9.98647E-05 9.98647E-05 9.98647E-05 9.98647E-05 9.98647E-05 9.98647E-05 9.98647E-05 9.98647E-05 9.98647E-05 0.0913239 0.139395 9.98647E-05 0.672312 0.0480428 9.98647E-05 9.98647E-05 0.0474281 9.98647E-05 9.98647E-05
9.98382E-05 0.0115695 9.98382E-05 0.986633 9.98382E-05 9.98382E-05 9.98382E-05 9.98382E-05 9.98382E-05 9.98382E-05 9.98382E-05 9.98382E-05 9.98382E-05 9.98382E-05 9.98382E-05 9.98382E-05 9.98382E-05 9.98382E-05 9.98382E-05 9.98382E-05
9.98477E-05 9.98477E-05 9.98477E-05 9.98477E-05 0.0236246 9.98477E-05 9.98477E-05 9.98477E-05 9.98477E-05 9.98477E-05 9.98477E-05 9.98477E-05 0.00615247 9.98477E-05 9.98477E-05 9.98477E-05 9.98477E-05 9.98477E-05 0.968526 9.98477E-05
9.98293E-05 9.98293E-05 9.98293E-05 9.98293E-05 9.98293E-05 9.98293E-05 9.98293E-05 9.98293E-05 9.98293E-05 9.98293E-05 9.98293E-05 9.98293E-05 9.98293E-05 9.98293E-05 9.98293E-05 0.998103 9.98293E-05 9.98293E-05 9.98293E-05 9.98293E-05
9.98566E-05 0.071798 9.98566E-05 9.98566E-05 9.98566E-05 0.00151086 9.98566E-05 9.98566E-05 9.98566E-05 9.98566E-05 9.98566E-05 9.98566E-05 9.98566E-05 0.0274289 9.98566E-05 9.98566E-05 9.98566E-05 9.98566E-05 0.897665 9.98566E-05
9.9874E-05 0.00307858 0.0115267 9.9874E-05 9.9874E-05 9.9874E-05 9.9874E-05 9.9874E-05 0.0361568 0.0237908 9.9874E-05 9.9874E-05 0.0490259 9.9874E-05 9.9874E-05 9.9874E-05 9.9874E-05 9.9874E-05 0.875023 9.9874E-05
9.98829E-05 0.0303551 0.0126973 9.98829E-05 0.0735261 9.98829E-05 0.0176735 9.98829E-05 9.98829E-05 9.98829E-05 9.98829E-05 9.98829E-05 0.0355832 9.98829E-05 9.98829E-05 0.0378381 9.98829E-05 9.98829E-05 0.791028 9.98829E-05
9.98831E-05 0.0136539 9.98831E-05 9.98831E-05 0.0489964 9.98831E-05 0.025701 9.98831E-05 9.98831E-05 9.98831E-05 9.98831E-05 9.98831E-05 0.0150832 9.98831E-05 9.98831E-05 0.0112039 0.0256944 9.98831E-05 0.858369 9.98831E-05
9.98473E-05 9.98473E-05 9.98473E-05 9.98473E-05 9.98473E-05 9.98473E-05 9.98473E-05 9.98473E-05 0.0888802 9.98473E-05 9.98473E-05 9.98473E-05 0.2212 9.98473E-05 9.98473E-05 9.98473E-05 9.98473E-05 9.98473E-05 0.688222 9.98473E-05
9.9847E-05 9.9847E-05 9.9847E-05 9.9847E-05 9.9847E-05 9.9847E-05 9.9847E-05 9.9847E-05 9.9847E-05 0.0137819 0.0228693 9.9847E-05 9.9847E-05 9.9847E-05 9.9847E-05 9.9847E-05 9.9847E-05 9.9847E-05 0.961651 9.9847E-05
9.98559E-05 0.952609 9.98559E-05 9.98559E-05 9.98559E-05 9.98559E-05 0.0168034 9.98559E-05 9.98559E-05 0.0140873 9.98559E-05 9.98559E-05 0.0149026 9.98559E-05 9.98559E-05 9.98559E-05 9.98559E-05 9.98559E-05 9.98559E-05 9.98559E-05
9.9847E-05 0.975679 0.00632263 9.9847E-05 9.9847E-05 9.9847E-05 9.9847E-05 9.9847E-05 9.9847E-05 9.9847E-05 9.9847E-05 9.9847E-05 9.9847E-05 0.0163015 9.9847E-05 9.9847E-05 9.9847E-05 9.9847E-05 9.9847E-05 9.9847E-05
9.98652E-05 9.98652E-05 9.98652E-05 9.98652E-05 9.98652E-05 9.98652E-05 9.98652E-05 0.00852969 9.98652E-05 9.98652E-05 9.98652E-05 0.0289297 9.98652E-05 9.98652E-05 0.00912802 9.98652E-05 9.98652E-05 0.0176244 0.93429 9.98652E-05
9.98651E-05 9.98651E-05 9.98651E-05 9.98651E-05 0.970625 9.98651E-05 9.98651E-05 9.98651E-05 0.0175408 9.98651E-05 9.98651E-05 9.98651E-05 9.98651E-05 9.98651E-05 9.98651E-05 0.00603694 9.98651E-05 0.000222798 9.98651E-05 0.00407644
9.9838E-05 9.9838E-05 9.9838E-05 9.9838E-05 0.970165 9.9838E-05 0.0280381 9.9838E-05 9.9838E-05 9.9838E-05 9.9838E-05 9.9838E-05 9.9838E-05 9.9838E-05 9.9838E-05 9.9838E-05 9.9838E-05 9.9838E-05 9.9838E-05 9.9838E-05
9.98385E-05 9.98385E-05 9.98385E-05 9.98385E-05 9.98385E-05 9.98385E-05 9.98385E-05 9.98385E-05 9.98385E-05 9.98385E-05 9.98385E-05 9.98385E-05 9.98385E-05 9.98385E-05 9.98385E-05 9.98385E-05 9.98385E-05 0.995982 0.00222138 9.98385E-05
9.98384E-05 9.98384E-05 9.98384E-05 9.98384E-05 9.98384E-05 9.98384E-05 9.98384E-05 9.98384E-05 9.98384E-05 9.98384E-05 9.98384E-05 0.0116928 9.98384E-05 9.98384E-05 9.98384E-05 9.98384E-05 9.98384E-05 0.98651 9.98384E-05 9.98384E-05
0.0137246 9.9883E-05 9.9883E-05 9.9883E-05 0.0582354 0.152376 9.9883E-05 0.0155101 0.0324542 9.9883E-05 9.9883E-05 9.9883E-05 9.9883E-05 9.9883E-05 0.667776 9.9883E-05 0.0586253 9.9883E-05 9.9883E-05 9.9883E-05
0.0296563 9.99008E-05 9.99008E-05 9.99008E-05 0.086678 0.127025 9.99008E-05 0.0107209 0.0283342 9.99008E-05 9.99008E-05 0.0240419 9.99008E-05 0.0157411 0.631046 9.99008E-05 0.0456575 9.99008E-05 9.99008E-05 9.99008E-05
9.98563E-05 0.0103423 9.98563E-05 9.98563E-05 0.0305778 9.98563E-05 9.98563E-05 9.98563E-05 9.98563E-05 9.98563E-05 9.98563E-05 9.98563E-05 9.98563E-05 9.98563E-05 9.98563E-05 9.98563E-05 9.98563E-05 0.943802 9.98563E-05 0.01368
9.98294E-05 9.98294E-05 9.98294E-05 9.98294E-05 9.98294E-05 9.98294E-05 9.98294E-05 9.98294E-05 9.98294E-05 9.98294E-05 9.98294E-05 9.98294E-05 9.98294E-05 9.98294E-05 9.98294E-05 9.98294E-05 9.98294E-05 0.998103 9.98294E-05 9.98294E-05
0.930662 9.98649E-05 9.98649E-05 9.98649E-05 0.0216098 9.98649E-05 0.00722808 9.98649E-05 9.98649E-05 9.98649E-05 9.98649E-05 0.0290864 9.98649E-05 0.00991552 9.98649E-05 9.98649E-05 9.98649E-05 9.98649E-05 9.98649E-05 9.98649E-05
9.98649E-05 9.98649E-05 0.121112 0.000626639 0.0400857 9.98649E-05 9.98649E-05 9.98649E-05 0.665583 9.98649E-05 9.98649E-05 9.98649E-05 9.98649E-05 0.171096 9.98649E-05 9.98649E-05 9.98649E-05 9.98649E-05 9.98649E-05 9.98649E-05
9.98471E-05 9.98471E-05 0.049752 9.98471E-05 9.98471E-05 9.98471E-05 0.0279675 9.98471E-05 9.98471E-05 9.98471E-05 9.98471E-05 9.98471E-05 9.98471E-05 9.98471E-05 9.98471E-05 9.98471E-05 0.920583 9.98471E-05 9.98471E-05 9.98471E-05
9.98651E-05 9.98651E-05 9.98651E-05 0.00654793 9.98651E-05 0.14579 9.98651E-05 9.98651E-05 9.98651E-05 9.98651E-05 0.800193 9.98651E-05 9.98651E-05 9.98651E-05 0.00944297 9.98651E-05 9.98651E-05 9.98651E-05 9.98651E-05 0.0365279
9.98291E-05 9.98291E-05 9.98291E-05 9.98291E-05 9.98291E-05 9.98291E-05 9.98291E-05 9.98291E-05 9.98291E-05 9.98291E-05 0.998103 9.98291E-05 9.98291E-05 9.98291E-05 9.98291E-05 9.98291E-05 9.98291E-05 9.98291E-05 9.98291E-05 9.98291E-05
9.98292E-05 9.98292E-05 9.98292E-05 9.98292E-05 9.98292E-05 9.98292E-05 9.98292E-05 9.98292E-05 9.98292E-05 9.98292E-05 9.98292E-05 9.98292E-05 0.998103 9.98292E-05 9.98292E-05 9.98292E-05 9.98292E-05 9.98292E-05 9.98292E-05 9.98292E-05
