0.0192688 9.9847E-05 9.9847E-05 9.9847E-05 9.9847E-05 9.9847E-05 9.9847E-05 9.9847E-05 9.9847E-05 9.9847E-05 9.9847E-05 9.9847E-05 0.0191191 9.9847E-05 9.9847E-05 0.959915 9.9847E-05 9.9847E-05 9.9847E-05 9.9847E-05
9.98558E-05 9.98558E-05 9.98558E-05 9.98558E-05 9.98558E-05 9.98558E-05 9.98558E-05 9.98558E-05 9.98558E-05 9.98558E-05 0.629953 0.0560845 9.98558E-05 0.167351 9.98558E-05 9.98558E-05 0.145013 9.98558E-05 9.98558E-05 9.98558E-05
9.98291E-05 9.98291E-05 0.998103 9.98291E-05 9.98291E-05 9.98291E-05 9.98291E-05 9.98291E-05 9.98291E-05 9.98291E-05 9.98291E-05 9.98291E-05 9.98291E-05 9.98291E-05 9.98291E-05 9.98291E-05 9.98291E-05 9.98291E-05 9.98291E-05 9.98291E-05
9.9865E-05 0.125523 0.0110087 9.9865E-05 9.9865E-05 0.0166774 9.9865E-05 9.9865E-05 9.9865E-05 0.010153 9.9865E-05 9.9865E-05 9.9865E-05 9.9865E-05 9.9865E-05 9.9865E-05 0.83514 9.9865E-05 9.9865E-05 9.9865E-05
0.0470464 9.99011E-05 0.147642 9.99011E-05 9.99011E-05 9.99011E-05 9.99011E-05 9.99011E-05 9.99011E-05 0.0753461 0.079586 0.000326713 0.0891962 0.0622674 0.207501 9.99011E-05 0.28999 9.99011E-05 9.99011E-05 9.99011E-05
9.98472E-05 9.98472E-05 9.98472E-05 9.98472E-05 9.98472E-05 9.98472E-05 9.98472E-05 9.98472E-05 9.98472E-05 9.98472E-05 9.98472E-05 9.98472E-05 9.98472E-05 9.98472E-05 9.98472E-05 9.98472E-05 0.984029 0.002256 0.0120171 9.98472E-05
9.98292E-05 9.98292E-05 9.98292E-05 9.98292E-05 9.98292E-05 9.98292E-05 9.98292E-05 9.98292E-05 9.98292E-05 9.98292E-05 9.98292E-05 9.98292E-05 9.98292E-05 9.98292E-05 0.998103 9.98292E-05 9.98292E-05 9.98292E-05 9.98292E-05 9.98292E-05
9.98828E-05 9.98828E-05 0.0262205 9.98828E-05 9.98828E-05 9.98828E-05 9.98828E-05 0.0543663 9.98828E-05 0.0372023 0.0892796 9.98828E-05 0.0810553 9.98828E-05 9.98828E-05 9.98828E-05 0.0288828 9.98828E-05 0.681695 9.98828E-05
9.9874E-05 9.9874E-05 9.9874E-05 0.0027907 9.9874E-05 9.9874E-05 9.9874E-05 9.9874E-05 0.00803127 0.0146522 0.0389102 0.00238358 9.9874E-05 9.9874E-05 0.931834 9.9874E-05 9.9874E-05 9.9874E-05 9.9874E-05 9.9874E-05
9.98382E-05 9.98382E-05 9.98382E-05 9.98382E-05 9.98382E-05 9.98382E-05 9.98382E-05 9.98382E-05 9.98382E-05 9.98382E-05 9.98382E-05 9.98382E-05 0.911504 9.98382E-05 0.0866985 9.98382E-05 9.98382E-05 9.98382E-05 9.98382E-05 9.98382E-05
9.98382E-05 9.98382E-05 9.98382E-05 9.98382E-05 9.98382E-05 9.98382E-05 9.98382E-05 9.98382E-05 9.98382E-05 9.98382E-05 9.98382E-05 9.98382E-05 0.895635 9.98382E-05 0.102568 9.98382E-05 9.98382E-05 9.98382E-05 9.98382E-05 9.98382E-05
9.98653E-05 9.98653E-05 0.0110612 9.98653E-05 9.98653E-05 0.107305 9.98653E-05 9.98653E-05 9.98653E-05 9.98653E-05 9.98653E-05 9.98653E-05 9.98653E-05 9.98653E-05 0.000407456 0.76047 9.98653E-05 9.98653E-05 9.98653E-05 0.119258
9.98475E-05 9.98475E-05 9.98475E-05 9.98475E-05 9.98475E-05 9.98475E-05 9.98475E-05 9.98475E-05 9.98475E-05 9.98475E-05 9.98475E-05 9.98475E-05 9.98475E-05 9.98475E-05 0.0302321 9.98475E-05 9.98475E-05 9.98475E-05 0.00850169 0.959569
9.98742E-05 9.98742E-05 9.98742E-05 9.98742E-05 0.0206623 9.98742E-05 0.00589259 9.98742E-05 9.98742E-05 9.98742E-05 9.98742E-05 0.0014925 9.98742E-05 9.98742E-05 9.98742E-05 0.00247193 0.963621 0.0044614 9.98742E-05 9.98742E-05
9.98444E-05 9.98444E-05 9.98444E-05 9.98444E-05 9.98444E-05 9.98444E-05 0.00473457 9.98444E-05 9.98444E-05 9.98444E-05 9.98444E-05 9.98444E-05 9.98444E-05 9.98444E-05 9.98444E-05 9.98444E-05 0.993468 9.98444E-05 9.98444E-05 9.98444E-05
9.98561E-05 9.98561E-05 9.98561E-05 9.98561E-05 9.98561E-05 9.98561E-05 9.98561E-05 9.98561E-05 0.740262 9.98561E-05 9.98561E-05 9.98561E-05 0.0393758 9.98561E-05 9.98561E-05 9.98561E-05 9.98561E-05 0.0914953 9.98561E-05 0.127269
0.0106673 9.98472E-05 9.98472E-05 9.98472E-05 9.98472E-05 9.98472E-05 9.98472E-05 9.98472E-05 9.98472E-05 9.98472E-05 9.98472E-05 0.928063 0.0595725 9.98472E-05 9.98472E-05 9.98472E-05 9.98472E-05 9.98472E-05 9.98472E-05 9.98472E-05
9.98293E-05 9.98293E-05 9.98293E-05 9.98293E-05 9.98293E-05 9.98293E-05 0.998103 9.98293E-05 9.98293E-05 9.98293E-05 9.98293E-05 9.98293E-05 9.98293E-05 9.98293E-05 9.98293E-05 9.98293E-05 9.98293E-05 9.98293E-05 9.98293E-05 9.98293E-05
9.9838E-05 9.9838E-05 9.9838E-05 9.9838E-05 0.95074 0.0474631 9.9838E-05 9.9838E-05 9.9838E-05 9.9838E-05 9.9838E-05 9.9838E-05 9.9838E-05 9.9838E-05 9.9838E-05 9.9838E-05 9.9838E-05 9.9838E-05 9.9838E-05 9.9838E-05
9.98829E-05 9.98829E-05 9.98829E-05 0.0212416 9.98829E-05 0.00686308 9.98829E-05 9.98829E-05 0.321255 9.98829E-05 9.98829E-05 0.0110589 0.463689 9.98829E-05 9.98829E-05 0.0579871 9.98829E-05 0.116606 9.98829E-05 9.98829E-05
0.0174904 9.98473E-05 9.98473E-05 9.98473E-05 0.884814 9.98473E-05 0.0959985 9.98473E-05 9.98473E-05 9.98473E-05 9.98473E-05 9.98473E-05 9.98473E-05 9.98473E-05 9.98473E-05 9.98473E-05 9.98473E-05 9.98473E-05 9.98473E-05 9.98473E-05
9.98831E-05 9.98831E-05 9.98831E-05 0.0230043 9.98831E-05 9.98831E-05 0.00192414 9.98831E-05 0.155107 9.98831E-05 9.98831E-05 9.98831E-05 0.0589931 0.267815 9.98831E-05 0.454757 9.98831E-05 9.98831E-05 9.98831E-05 0.037101
0.998103 9.98288E-05 9.98288E-05 9.98288E-05 9.98288E-05 9.98288E-05 9.98288E-05 9.98288E-05 9.98288E-05 9.98288E-05 9.98288E-05 9.98288E-05 9.98288E-05 9.98288E-05 9.98288E-05 9.98288E-05 9.98288E-05 9.98288E-05 9.98288E-05 9.98288E-05
0.271109 9.98469E-05 9.98469E-05 9.98469E-05 0.705847 9.98469E-05 0.0213471 9.98469E-05 9.98469E-05 9.98469E-05 9.98469E-05 9.98469E-05 9.98469E-05 9.98469E-05 9.98469E-05 9.98469E-05 9.98469E-05 9.98469E-05 9.98469E-05 9.98469E-05
9.98473E-05 0.667485 0.0755492 9.98473E-05 9.98473E-05 9.98473E-05 9.98473E-05 9.98473E-05 9.98473E-05 9.98473E-05 9.98473E-05 9.98473E-05 9.98473E-05 9.98473E-05 9.98473E-05 9.98473E-05 0.255268 9.98473E-05 9.98473E-05 9.98473E-05
9.98473E-05 0.174538 0.0127159 9.98473E-05 9.98473E-05 9.98473E-05 9.98473E-05 9.98473E-05 9.98473E-05 9.98473E-05 9.98473E-05 9.98473E-05 9.98473E-05 9.98473E-05 9.98473E-05 9.98473E-05 0.811049 9.98473E-05 9.98473E-05 9.98473E-05
9.98739E-05 9.98739E-05 9.98739E-05 0.0593469 9.98739E-05 0.0245417 9.98739E-05 9.98739E-05 0.000444237 9.98739E-05 9.98739E-05 0.06275 0.0772145 9.98739E-05 9.98739E-05 9.98739E-05 9.98739E-05 9.98739E-05 9.98739E-05 0.774304
9.98293E-05 0.998103 9.98293E-05 9.98293E-05 9.98293E-05 9.98293E-05 9.98293E-05 9.98293E-05 9.98293E-05 9.98293E-05 9.98293E-05 9.98293E-05 9.98293E-05 9.98293E-05 9.98293E-05 9.98293E-05 9.98293E-05 9.98293E-05 9.98293E-05 9.98293E-05
9.98383E-05 0.977219 9.98383E-05 9.98383E-05 9.98383E-05 9.98383E-05 9.98383E-05 9.98383E-05 9.98383E-05 9.98383E-05 0.0209842 9.98383E-05 9.98383E-05 9.98383E-05 9.98383E-05 9.98383E-05 9.98383E-05 9.98383E-05 9.98383E-05 9.98383E-05
9.98923E-05 0.162478 9.98923E-05 9.98923E-05 0.0323068 0.00827514 9.98923E-05 0.0180656 9.98923E-05 0.119273 9.98923E-05 9.98923E-05 9.98923E-05 9.98923E-05 9.98923E-05 0.00924157 0.346403 9.98923E-05 0.302758 9.98923E-05
0.0196637 9.98739E-05 9.98739E-05 9.98739E-05 9.98739E-05 0.00774296 9.98739E-05 9.98739E-05 9.98739E-05 0.0841988 9.98739E-05 9.98739E-05 0.000508716 9.98739E-05 9.98739E-05 9.98739E-05 0.329465 9.98739E-05 0.557022 9.98739E-05
9.98296E-05 9.98296E-05 9.98296E-05 9.98296E-05 9.98296E-05 9.98296E-05 9.98296E-05 9.98296E-05 9.98296E-05 9.98296E-05 0.998103 9.98296E-05 9.98296E-05 9.98296E-05 9.98296E-05 9.98296E-05 9.98296E-05 9.98296E-05 9.98296E-05 9.98296E-05
9.98563E-05 0.293537 9.98563E-05 9.98563E-05 9.98563E-05 9.98563E-05 9.98563E-05 9.98563E-05 0.0117976 9.98563E-05 9.98563E-05 9.98563E-05 9.98563E-05 9.98563E-05 9.98563E-05 9.98563E-05 0.548644 9.98563E-05 0.144424 9.98563E-05
9.98833E-05 9.98833E-05 0.0046626 9.98833E-05 9.98833E-05 9.98833E-05 9.98833E-05 9.98833E-05 9.98833E-05 0.685814 0.0180136 0.00361747 9.98833E-05 9.98833E-05 0.0106207 0.00577549 9.98833E-05 9.98833E-05 0.270198 9.98833E-05
9.99007E-05 9.99007E-05 9.99007E-05 9.99007E-05 9.99007E-05 0.0968118 9.99007E-05 9.99007E-05 9.99007E-05 9.99007E-05 9.99007E-05 0.244888 0.0105796 0.0416035 9.99007E-05 0.0196333 0.0375578 0.0417797 0.0281494 0.477898
9.98649E-05 0.598931 9.98649E-05 9.98649E-05 9.98649E-05 9.98649E-05 9.98649E-05 9.98649E-05 9.98649E-05 9.98649E-05 9.98649E-05 9.98649E-05 9.98649E-05 0.00804483 9.98649E-05 9.98649E-05 0.321518 0.030702 0.0393058 9.98649E-05
9.98474E-05 9.98474E-05 9.98474E-05 0.0164335 9.98474E-05 9.98474E-05 9.98474E-05 9.98474E-05 9.98474E-05 9.98474E-05 9.98474E-05 9.98474E-05 9.98474E-05 9.98474E-05 9.98474E-05 0.965804 9.98474E-05 9.98474E-05 0.0160651 9.98474E-05
0.0277941 0.0139896 9.9901E-05 9.9901E-05 9.9901E-05 9.9901E-05 9.9901E-05 9.9901E-05 9.9901E-05 0.00901813 0.178759 0.0419831 0.585117 0.0542554 9.9901E-05 0.0709374 9.9901E-05 9.9901E-05 0.0170477 9.9901E-05
9.98382E-05 9.98382E-05 9.98382E-05 9.98382E-05 9.98382E-05 9.98382E-05 9.98382E-05 9.98382E-05 9.98382E-05 9.98382E-05 9.98382E-05 0.97907 9.98382E-05 9.98382E-05 9.98382E-05 9.98382E-05 0.019133 9.98382E-05 9.98382E-05 9.98382E-05
9.98381E-05 9.98381E-05 9.98381E-05 9.98381E-05 9.98381E-05 9.98381E-05 9.98381E-05 9.98381E-05 9.98381E-05 9.98381E-05 9.98381E-05 9.98381E-05 9.98381E-05 0.994833 9.98381E-05 9.98381E-05 0.00337019 9.98381E-05 9.98381E-05 9.98381E-05
9.98559E-05 9.98559E-05 9.98559E-05 0.0164539 9.98559E-05 0.0183454 9.98559E-05 9.98559E-05 9.98559E-05 9.98559E-05 9.98559E-05 9.98559E-05 9.98559E-05 0.956551 9.98559E-05 0.00705202 9.98559E-05 9.98559E-05 9.98559E-05 9.98559E-05
9.98739E-05 9.98739E-05 9.98739E-05 0.0294655 9.98739E-05 9.98739E-05 9.98739E-05 9.98739E-05 0.0211391 9.98739E-05 9.98739E-05 0.00882373 0.819697 0.0781053 9.98739E-05 9.98739E-05 9.98739E-05 0.041371 9.98739E-05 9.98739E-05
9.9892E-05 9.9892E-05 9.9892E-05 0.00209493 0.00168335 9.9892E-05 0.0205388 9.9892E-05 0.77384 9.9892E-05 9.9892E-05 9.9892E-05 0.0256392 9.9892E-05 0.0926708 0.0370516 9.9892E-05 9.9892E-05 9.9892E-05 0.0452825
9.98559E-05 9.98559E-05 9.98559E-05 9.98559E-05 9.98559E-05 9.98559E-05 9.98559E-05 9.98559E-05 9.98559E-05 9.98559E-05 9.98559E-05 0.00748157 0.881502 9.98559E-05 9.98559E-05 0.0161345 9.98559E-05 0.0932842 9.98559E-05 9.98559E-05
0.217645 9.98918E-05 9.98918E-05 0.00583753 9.98918E-05 0.000261507 9.98918E-05 9.98918E-05 9.98918E-05 9.98918E-05 0.0666075 9.98918E-05 0.182924 0.203989 9.98918E-05 9.98918E-05 9.98918E-05 0.221595 9.98918E-05 0.0999416
9.9901E-05 9.9901E-05 9.9901E-05 0.0562894 0.00653081 9.9901E-05 9.9901E-05 9.9901E-05 0.0671742 9.9901E-05 0.00290222 9.9901E-05 0.322842 0.277698 9.9901E-05 9.9901E-05 0.0206222 0.186422 0.0584205 9.9901E-05
9.99189E-05 9.99189E-05 0.0114808 0.0484417 9.99189E-05 9.99189E-05 9.99189E-05 0.196101 9.99189E-05 0.0011684 9.99189E-05 0.109392 0.173682 9.99189E-05 0.0279819 0.104758 0.0234689 0.259918 9.99189E-05 0.0427078
9.98203E-05 9.98203E-05 9.98203E-05 0.998103 9.98203E-05 9.98203E-05 9.98203E-05 9.98203E-05 9.98203E-05 9.98203E-05 9.98203E-05 9.98203E-05 9.98203E-05 9.98203E-05 9.98203E-05 9.98203E-05 9.98203E-05 9.98203E-05 9.98203E-05 9.98203E-05
9.98562E-05 9.98562E-05 9.98562E-05 9.98562E-05 9.98562E-05 9.98562E-05 0.000529759 9.98562E-05 9.98562E-05 0.98856 9.98562E-05 9.98562E-05 9.98562E-05 9.98562E-05 0.00595802 9.98562E-05 9.98562E-05 9.98562E-05 9.98562E-05 0.00335421
9.98383E-05 9.98383E-05 9.98383E-05 9.98383E-05 9.98383E-05 9.98383E-05 0.00445848 9.98383E-05 9.98383E-05 0.993744 9.98383E-05 9.98383E-05 9.98383E-05 9.98383E-05 9.98383E-05 9.98383E-05 9.98383E-05 9.98383E-05 9.98383E-05 9.98383E-05
9.98385E-05 9.98385E-05 9.98385E-05 9.98385E-05 9.98385E-05 9.98385E-05 9.98385E-05 9.98385E-05 9.98385E-05 0.990033 9.98385E-05 9.98385E-05 9.98385E-05 9.98385E-05 9.98385E-05 9.98385E-05 9.98385E-05 0.00816985 9.98385E-05 9.98385E-05
9.98294E-05 9.98294E-05 9.98294E-05 9.98294E-05 9.98294E-05 9.98294E-05 9.98294E-05 9.98294E-05 9.98294E-05 0.998103 9.98294E-05 9.98294E-05 9.98294E-05 9.98294E-05 9.98294E-05 9.98294E-05 9.98294E-05 9.98294E-05 9.98294E-05 9.98294E-05
9.98383E-05 9.98383E-05 9.98383E-05 9.98383E-05 9.98383E-05 9.98383E-05 9.98383E-05 0.0173241 9.98383E-05 0.980879 9.98383E-05 9.98383E-05 9.98383E-05 9.98383E-05 9.98383E-05 9.98383E-05 9.98383E-05 9.98383E-05 9.98383E-05 9.98383E-05
0.0834884 0.0645416 0.0737072 0.00997331 9.98921E-05 9.98921E-05 9.98921E-05 9.98921E-05 0.0483814 0.363695 9.98921E-05 9.98921E-05 9.98921E-05 9.98921E-05 0.0486444 9.98921E-05 9.98921E-05 9.98921E-05 0.30637 9.98921E-05
9.98562E-05 9.98562E-05 9.98562E-05 9.98562E-05 9.98562E-05 9.98562E-05 9.98562E-05 9.98562E-05 9.98562E-05 0.93378 0.0476682 9.98562E-05 9.98562E-05 0.010915 9.98562E-05 9.98562E-05 9.98562E-05 9.98562E-05 9.98562E-05 0.00603878
9.9847E-05 9.9847E-05 9.9847E-05 9.9847E-05 9.9847E-05 9.9847E-05 9.9847E-05 9.9847E-05 0.139263 9.9847E-05 9.9847E-05 9.9847E-05 9.9847E-05 9.9847E-05 9.9847E-05 0.842921 9.9847E-05 0.0161185 9.9847E-05 9.9847E-05
9.98649E-05 9.98649E-05 0.0227157 9.98649E-05 9.98649E-05 9.98649E-05 9.98649E-05 9.98649E-05 0.0262963 0.0188895 0.89145 9.98649E-05 9.98649E-05 9.98649E-05 0.0391506 9.98649E-05 9.98649E-05 9.98649E-05 9.98649E-05 9.98649E-05
9.9865E-05 0.399873 9.9865E-05 9.9865E-05 9.9865E-05 9.9865E-05 9.9865E-05 0.0213792 9.9865E-05 9.9865E-05 9.9865E-05 0.00592242 9.9865E-05 9.9865E-05 9.9865E-05 9.9865E-05 0.559357 0.01197 9.9865E-05 9.9865E-05
9.98652E-05 9.98652E-05 9.98652E-05 9.98652E-05 9.98652E-05 0.0091161 9.98652E-05 9.98652E-05 0.00733033 0.00312158 9.98652E-05 9.98652E-05 9.98652E-05 0.11529 9.98652E-05 9.98652E-05 9.98652E-05 9.98652E-05 9.98652E-05 0.863644
9.98383E-05 9.98383E-05 9.98383E-05 9.98383E-05 9.98383E-05 9.98383E-05 9.98383E-05 9.98383E-05 0.850979 9.98383E-05 9.98383E-05 9.98383E-05 9.98383E-05 9.98383E-05 9.98383E-05 9.98383E-05 9.98383E-05 0.147224 9.98383E-05 9.98383E-05
9.98476E-05 9.98476E-05 0.0027885 9.98476E-05 9.98476E-05 9.98476E-05 9.98476E-05 9.98476E-05 9.98476E-05 9.98476E-05 9.98476E-05 9.98476E-05 9.98476E-05 9.98476E-05 0.0155426 9.98476E-05 9.98476E-05 9.98476E-05 9.98476E-05 0.979972
9.98469E-05 9.98469E-05 9.98469E-05 9.98469E-05 9.98469E-05 9.98469E-05 9.98469E-05 9.98469E-05 9.98469E-05 9.98469E-05 9.98469E-05 9.98469E-05 0.107421 0.0176834 9.98469E-05 9.98469E-05 9.98469E-05 9.98469E-05 9.98469E-05 0.873198
9.98559E-05 9.98559E-05 9.98559E-05 9.98559E-05 9.98559E-05 0.05018 9.98559E-05 9.98559E-05 9.98559E-05 9.98559E-05 9.98559E-05 9.98559E-05 0.0944051 9.98559E-05 9.98559E-05 9.98559E-05 9.98559E-05 0.0409256 9.98559E-05 0.812892
9.98562E-05 9.98562E-05 9.98562E-05 0.0439887 0.929017 9.98562E-05 9.98562E-05 0.00818746 9.98562E-05 9.98562E-05 9.98562E-05 9.98562E-05 9.98562E-05 9.98562E-05 9.98562E-05 0.0172095 9.98562E-05 9.98562E-05 9.98562E-05 9.98562E-05
9.98476E-05 0.705794 0.0651258 9.98476E-05 9.98476E-05 9.98476E-05 9.98476E-05 9.98476E-05 9.98476E-05 9.98476E-05 9.98476E-05 9.98476E-05 9.98476E-05 9.98476E-05 9.98476E-05 9.98476E-05 0.227383 9.98476E-05 9.98476E-05 9.98476E-05
9.98291E-05 9.98291E-05 9.98291E-05 9.98291E-05 9.98291E-05 9.98291E-05 9.98291E-05 0.998103 9.98291E-05 9.98291E-05 9.98291E-05 9.98291E-05 9.98291E-05 9.98291E-05 9.98291E-05 9.98291E-05 9.98291E-05 9.98291E-05 9.98291E-05 9.98291E-05
9.98654E-05 0.0533111 0.0515336 9.98654E-05 9.98654E-05 9.98654E-05 9.98654E-05 9.98654E-05 9.98654E-05 9.98654E-05 9.98654E-05 9.98654E-05 9.98654E-05 9.98654E-05 0.00489786 9.98654E-05 0.820093 9.98654E-05 0.0686668 9.98654E-05
9.99191E-05 0.0889501 0.0383488 0.00266954 9.99191E-05 9.99191E-05 9.99191E-05 0.0111914 9.99191E-05 9.99191E-05 0.0236344 0.0107478 9.99191E-05 0.00465668 0.00580735 0.0108802 0.780771 9.99191E-05 0.0214433 9.99191E-05
9.98472E-05 0.967839 9.98472E-05 9.98472E-05 9.98472E-05 9.98472E-05 9.98472E-05 9.98472E-05 0.00501598 9.98472E-05 9.98472E-05 9.98472E-05 9.98472E-05 9.98472E-05 9.98472E-05 9.98472E-05 9.98472E-05 9.98472E-05 0.0254479 9.98472E-05
9.98473E-05 0.976554 9.98473E-05 0.0165916 9.98473E-05 9.98473E-05 0.00515679 9.98473E-05 9.98473E-05 9.98473E-05 9.98473E-05 9.98473E-05 9.98473E-05 9.98473E-05 9.98473E-05 9.98473E-05 9.98473E-05 9.98473E-05 9.98473E-05 9.98473E-05
9.98742E-05 0.114504 9.98742E-05 9.98742E-05 9.98742E-05 9.98742E-05 9.98742E-05 9.98742E-05 9.98742E-05 9.98742E-05 0.0508613 9.98742E-05 0.0399928 9.98742E-05 9.98742E-05 9.98742E-05 0.630119 0.0258492 0.137275 9.98742E-05
9.9856E-05 0.468319 9.9856E-05 9.9856E-05 9.9856E-05 9.9856E-05 9.9856E-05 9.9856E-05 9.9856E-05 9.9856E-05 9.9856E-05 0.0159816 9.9856E-05 9.9856E-05 9.9856E-05 9.9856E-05 0.495615 0.0184867 9.9856E-05 9.9856E-05
9.98291E-05 9.98291E-05 9.98291E-05 9.98291E-05 9.98291E-05 9.98291E-05 9.98291E-05 9.98291E-05 9.98291E-05 9.98291E-05 9.98291E-05 9.98291E-05 9.98291E-05 9.98291E-05 9.98291E-05 9.98291E-05 9.98291E-05 9.98291E-05 0.998103 9.98291E-05
9.98472E-05 9.98472E-05 9.98472E-05 9.98472E-05 9.98472E-05 9.98472E-05 9.98472E-05 9.98472E-05 9.98472E-05 9.98472E-05 9.98472E-05 9.98472E-05 9.98472E-05 9.98472E-05 0.017622 9.98472E-05 9.98472E-05 9.98472E-05 0.967114 0.013567
9.98652E-05 0.153271 0.00367738 9.98652E-05 9.98652E-05 9.98652E-05 9.98652E-05 9.98652E-05 0.0231676 0.00678212 9.98652E-05 9.98652E-05 9.98652E-05 9.98652E-05 9.98652E-05 9.98652E-05 0.811604 9.98652E-05 9.98652E-05 9.98652E-05
0.00234809 9.9874E-05 9.9874E-05 9.9874E-05 9.9874E-05 0.00453844 9.9874E-05 0.00262129 0.962833 9.9874E-05 9.9874E-05 0.0120165 9.9874E-05 9.9874E-05 9.9874E-05 9.9874E-05 9.9874E-05 9.9874E-05 0.0142445 9.9874E-05
9.98291E-05 9.98291E-05 9.98291E-05 9.98291E-05 9.98291E-05 9.98291E-05 9.98291E-05 9.98291E-05 0.998103 9.98291E-05 9.98291E-05 9.98291E-05 9.98291E-05 9.98291E-05 9.98291E-05 9.98291E-05 9.98291E-05 9.98291E-05 9.98291E-05 9.98291E-05
9.98384E-05 9.98384E-05 9.98384E-05 9.98384E-05 9.98384E-05 0.986884 9.98384E-05 9.98384E-05 9.98384E-05 9.98384E-05 9.98384E-05 9.98384E-05 9.98384E-05 0.0113194 9.98384E-05 9.98384E-05 9.98384E-05 9.98384E-05 9.98384E-05 9.98384E-05
9.98475E-05 9.98475E-05 9.98475E-05 9.98475E-05 9.98475E-05 0.985263 9.98475E-05 9.98475E-05 9.98475E-05 9.98475E-05 9.98475E-05 9.98475E-05 9.98475E-05 0.009218 9.98475E-05 9.98475E-05 9.98475E-05 9.98475E-05 9.98475E-05 0.00382171
9.98829E-05 9.98829E-05 9.98829E-05 0.0189707 9.98829E-05 9.98829E-05 0.0148428 9.98829E-05 0.0352563 9.98829E-05 0.071933 9.98829E-05 0.715593 0.124822 9.98829E-05 9.98829E-05 9.98829E-05 9.98829E-05 9.98829E-05 0.017284
9.98828E-05 9.98828E-05 9.98828E-05 0.0165294 9.98828E-05 9.98828E-05 0.0306762 9.98828E-05 0.0783747 9.98828E-05 0.0447245 9.98828E-05 0.657748 0.0842012 9.98828E-05 9.98828E-05 9.98828E-05 9.98828E-05 9.98828E-05 0.0864477
0.0217674 9.98563E-05 9.98563E-05 9.98563E-05 9.98563E-05 0.948141 9.98563E-05 9.98563E-05 0.0266608 9.98563E-05 9.98563E-05 9.98563E-05 9.98563E-05 9.98563E-05 9.98563E-05 9.98563E-05 9.98563E-05 9.98563E-05 0.00183328 9.98563E-05
9.98383E-05 9.98383E-05 9.98383E-05 0.0106732 9.98383E-05 0.98753 9.98383E-05 9.98383E-05 9.98383E-05 9.98383E-05 9.98383E-05 9.98383E-05 9.98383E-05 9.98383E-05 9.98383E-05 9.98383E-05 9.98383E-05 9.98383E-05 9.98383E-05 9.98383E-05
9.9856E-05 9.9856E-05 9.9856E-05 0.0838673 9.9856E-05 9.9856E-05 9.9856E-05 9.9856E-05 9.9856E-05 0.0135501 9.9856E-05 9.9856E-05 9.9856E-05 9.9856E-05 9.9856E-05 0.894475 9.9856E-05 9.9856E-05 9.9856E-05 0.00650945
9.9874E-05 9.9874E-05 9.9874E-05 9.9874E-05 0.00732362 9.9874E-05 0.00429567 9.9874E-05 0.0539237 9.9874E-05 9.9874E-05 9.9874E-05 9.9874E-05 0.714667 0.0918735 9.9874E-05 9.9874E-05 9.9874E-05 9.9874E-05 0.126518
9.9847E-05 9.9847E-05 9.9847E-05 9.9847E-05 9.9847E-05 9.9847E-05 9.9847E-05 9.9847E-05 9.9847E-05 0.052644 0.890438 9.9847E-05 9.9847E-05 9.9847E-05 0.0552205 9.9847E-05 9.9847E-05 9.9847E-05 9.9847E-05 9.9847E-05
9.98291E-05 9.98291E-05 9.98291E-05 9.98291E-05 9.98291E-05 9.98291E-05 9.98291E-05 9.98291E-05 9.98291E-05 9.98291E-05 9.98291E-05 9.98291E-05 9.98291E-05 9.98291E-05 9.98291E-05 9.98291E-05 9.98291E-05 0.998103 9.98291E-05 9.98291E-05
9.98652E-05 9.98652E-05 9.98652E-05 9.98652E-05 9.98652E-05 0.00282078 9.98652E-05 9.98652E-05 9.98652E-05 9.98652E-05 9.98652E-05 0.10037 9.98652E-05 9.98652E-05 9.98652E-05 0.0131338 9.98652E-05 0.834961 9.98652E-05 0.0472169
0.0037094 0.011263 0.040652 9.98923E-05 0.000917162 0.0240508 9.98923E-05 9.98923E-05 9.98923E-05 0.079383 9.98923E-05 9.98923E-05 9.98923E-05 9.98923E-05 9.98923E-05 9.98923E-05 0.141375 9.98923E-05 0.697451 9.98923E-05
