9.99549E-05 9.99549E-05 0.0282064 9.99549E-05 9.99549E-05 0.018633 9.99549E-05 0.952661
0.596689 9.99638E-05 9.99638E-05 0.18162 9.99638E-05 0.0463065 9.99638E-05 0.174985
0.135705 0.0283812 9.99733E-05 0.757875 0.0156004 0.0621387 9.99733E-05 9.99733E-05
9.9946E-05 9.9946E-05 9.9946E-05 0.959227 9.9946E-05 0.0401735 9.9946E-05 9.9946E-05
0.325847 9.99731E-05 0.119266 0.441982 9.99731E-05 9.99731E-05 0.0598645 0.0527407
9.9955E-05 0.00872781 0.0297223 0.96105 9.9955E-05 9.9955E-05 9.9955E-05 9.9955E-05
0.763965 9.9946E-05 9.9946E-05 9.9946E-05 0.235436 9.9946E-05 9.9946E-05 9.9946E-05
0.368046 9.9973E-05 0.0342277 0.390919 9.9973E-05 0.0265881 0.179919 9.9973E-05
0.828036 9.99459E-05 9.99459E-05 9.99459E-05 0.171364 9.99459E-05 9.99459E-05 9.99459E-05
0.0639709 9.99461E-05 0.935429 9.99461E-05 9.99461E-05 9.99461E-05 9.99461E-05 9.99461E-05
0.0153674 9.99461E-05 0.984033 9.99461E-05 9.99461E-05 9.99461E-05 9.99461E-05 9.99461E-05
9.9964E-05 9.9964E-05 9.9964E-05 0.00758941 0.199285 0.149968 9.9964E-05 0.642758
9.99461E-05 9.99461E-05 9.99461E-05 0.00970871 0.989692 9.99461E-05 9.99461E-05 9.99461E-05
9.9955E-05 0.0187496 9.9955E-05 0.928634 9.9955E-05 9.9955E-05 9.9955E-05 0.0521164
9.9946E-05 9.9946E-05 9.9946E-05 0.940345 9.9946E-05 9.9946E-05 9.9946E-05 0.0590553
0.0754295 9.99729E-05 0.412468 9.99729E-05 0.387636 9.99729E-05 0.0369399 0.0872264
9.9973E-05 0.0661854 0.45025 9.9973E-05 0.184605 0.277656 9.9973E-05 0.0210041
0.0825243 0.733193 0.126257 0.00849846 9.9982E-05 9.9982E-05 0.0207637 0.0285637
9.9946E-05 0.925823 9.9946E-05 9.9946E-05 9.9946E-05 0.0735776 9.9946E-05 9.9946E-05
9.9964E-05 9.9964E-05 0.728706 9.9964E-05 0.0724908 0.0735089 9.9964E-05 0.124895
9.994E-05 0.9993 9.994E-05 9.994E-05 9.994E-05 9.994E-05 9.994E-05 9.994E-05
9.99639E-05 9.99639E-05 0.285087 9.99639E-05 0.126082 0.00628154 9.99639E-05 0.582149
9.99551E-05 0.39613 0.287864 9.99551E-05 9.99551E-05 0.315506 9.99551E-05 9.99551E-05
9.9946E-05 0.90385 9.9946E-05 9.9946E-05 9.9946E-05 0.0955499 9.9946E-05 9.9946E-05
9.99461E-05 9.99461E-05 9.99461E-05 0.993638 9.99461E-05 9.99461E-05 0.00576194 9.99461E-05
9.994E-05 9.994E-05 9.994E-05 0.9993 9.994E-05 9.994E-05 9.994E-05 9.994E-05
9.99639E-05 9.99639E-05 0.0854224 9.99639E-05 0.79998 0.0546959 9.99639E-05 0.0595023
9.9955E-05 9.9955E-05 9.9955E-05 0.885534 0.0437012 9.9955E-05 0.0702653 9.9955E-05
9.9955E-05 9.9955E-05 9.9955E-05 0.862929 0.0294199 9.9955E-05 0.107151 9.9955E-05
0.0367105 0.0152351 9.99731E-05 0.726485 9.99731E-05 0.0102904 0.210979 9.99731E-05
0.109302 9.9964E-05 9.9964E-05 0.67836 9.9964E-05 0.0487004 0.163237 9.9964E-05
0.854811 9.9955E-05 9.9955E-05 9.9955E-05 9.9955E-05 9.9955E-05 0.085833 0.0588564
9.99461E-05 9.99461E-05 9.99461E-05 0.99147 9.99461E-05 9.99461E-05 9.99461E-05 0.0079305
0.106856 9.99551E-05 9.99551E-05 0.0932382 9.99551E-05 9.99551E-05 0.799406 9.99551E-05
9.99819E-05 9.99819E-05 0.1106 0.0577571 0.570455 0.218277 0.0144815 0.0282291
0.000166073 9.99639E-05 9.99639E-05 0.96717 0.0256757 9.99639E-05 9.99639E-05 0.00658863
9.9946E-05 9.9946E-05 9.9946E-05 0.0164281 9.9946E-05 9.9946E-05 9.9946E-05 0.982972
0.242501 0.0255685 0.626142 0.00351229 9.9982E-05 9.9982E-05 0.0134522 0.0886243
9.9982E-05 0.0554043 0.317613 0.130698 0.150046 0.329891 9.9982E-05 0.0161484
9.99549E-05 9.99549E-05 0.608202 0.107245 9.99549E-05 9.99549E-05 9.99549E-05 0.284053
9.99639E-05 9.99639E-05 0.600168 0.0853685 9.99639E-05 0.0093216 9.99639E-05 0.304742
9.994E-05 9.994E-05 0.9993 9.994E-05 9.994E-05 9.994E-05 9.994E-05 9.994E-05
0.196102 9.99639E-05 0.387656 9.99639E-05 0.284838 9.99639E-05 9.99639E-05 0.131004
9.9955E-05 9.9955E-05 0.963968 9.9955E-05 0.0245106 9.9955E-05 0.0110217 9.9955E-05
0.0176757 0.0975185 0.525363 9.9982E-05 0.186231 0.107737 9.9982E-05 0.0652757
0.0322005 0.0235739 0.650572 0.0440369 0.0660816 0.029447 9.9991E-05 0.153989
9.9982E-05 9.9982E-05 0.262746 0.110095 0.275732 0.108699 0.0485659 0.193962
9.99463E-05 0.0123798 9.99463E-05 9.99463E-05 9.99463E-05 9.99463E-05 9.99463E-05 0.987021
9.994E-05 9.994E-05 9.994E-05 9.994E-05 9.994E-05 9.994E-05 0.9993 9.994E-05
9.994E-05 9.994E-05 9.994E-05 9.994E-05 9.994E-05 9.994E-05 0.9993 9.994E-05
9.9946E-05 9.9946E-05 0.0364418 9.9946E-05 9.9946E-05 9.9946E-05 0.962958 9.9946E-05
9.9946E-05 9.9946E-05 9.9946E-05 0.0012431 9.9946E-05 9.9946E-05 0.998157 9.9946E-05
9.994E-05 9.994E-05 9.994E-05 9.994E-05 9.994E-05 9.994E-05 0.9993 9.994E-05
0.262033 0.0443187 0.0202884 0.181103 0.0073294 0.000310229 0.484517 9.9991E-05
0.0329457 9.9964E-05 9.9964E-05 9.9964E-05 9.9964E-05 0.00219871 0.957265 0.00719028
9.99549E-05 9.99549E-05 0.031252 9.99549E-05 0.106487 9.99549E-05 9.99549E-05 0.861761
0.742383 9.99729E-05 9.99729E-05 0.0411484 9.99729E-05 0.0223253 0.12771 0.0661331
9.99459E-05 9.99459E-05 9.99459E-05 0.99155 9.99459E-05 9.99459E-05 9.99459E-05 0.00785011
9.9964E-05 9.9964E-05 9.9964E-05 9.9964E-05 0.881806 0.0510858 0.00946162 0.0572465
0.0771814 9.9973E-05 0.337273 0.0251469 0.393711 9.9973E-05 9.9973E-05 0.166388
9.994E-05 9.994E-05 9.994E-05 9.994E-05 0.9993 9.994E-05 9.994E-05 9.994E-05
9.99459E-05 9.99459E-05 0.125299 9.99459E-05 0.874101 9.99459E-05 9.99459E-05 9.99459E-05
9.99549E-05 9.99549E-05 0.0603833 9.99549E-05 0.859592 0.0795252 9.99549E-05 9.99549E-05
9.99551E-05 0.880125 0.0272866 9.99551E-05 9.99551E-05 9.99551E-05 9.99551E-05 0.0920884
9.994E-05 9.994E-05 9.994E-05 0.9993 9.994E-05 9.994E-05 9.994E-05 9.994E-05
9.999E-05 0.0249658 0.418004 0.351261 0.0545262 0.0699765 0.0157465 0.0654204
0.016215 9.99463E-05 9.99463E-05 0.983185 9.99463E-05 9.99463E-05 9.99463E-05 9.99463E-05
9.9955E-05 9.9955E-05 9.9955E-05 0.952327 9.9955E-05 9.9955E-05 0.0097539 0.0374189
0.0159221 9.9964E-05 9.9964E-05 0.898645 0.0278583 9.9964E-05 0.0571752 9.9964E-05
0.0509989 9.9964E-05 9.9964E-05 0.906244 0.000416479 9.9964E-05 0.0419407 9.9964E-05
0.0393221 9.9973E-05 0.0761254 0.859357 9.9973E-05 0.00969386 9.9973E-05 0.0152019
9.994E-05 9.994E-05 9.994E-05 0.9993 9.994E-05 9.994E-05 9.994E-05 9.994E-05
0.343734 9.99552E-05 9.99552E-05 0.442937 9.99552E-05 9.99552E-05 0.212828 9.99552E-05
0.45983 9.99642E-05 9.99642E-05 0.449803 0.0351717 9.99642E-05 0.0547953 9.99642E-05
9.9973E-05 0.0032206 0.00579952 0.93375 9.9973E-05 9.9973E-05 0.0248731 0.0320573
0.225221 9.9991E-05 0.465566 0.0140149 0.153654 0.0259961 0.0235333 0.0919143
0.198303 9.9991E-05 0.431306 0.0154565 0.198223 0.0324516 0.042403 0.0817569
9.994E-05 9.994E-05 9.994E-05 9.994E-05 9.994E-05 0.9993 9.994E-05 9.994E-05
9.994E-05 9.994E-05 9.994E-05 9.994E-05 9.994E-05 0.9993 9.994E-05 9.994E-05
0.0870697 9.9964E-05 0.886532 9.9964E-05 0.00616356 9.9964E-05 9.9964E-05 0.0198351
0.0983033 9.99549E-05 0.86431 9.99549E-05 0.0368875 9.99549E-05 9.99549E-05 9.99549E-05
0.011195 9.9946E-05 9.9946E-05 9.9946E-05 9.9946E-05 0.988205 9.9946E-05 9.9946E-05
9.994E-05 9.994E-05 9.994E-05 9.994E-05 9.994E-05 0.9993 9.994E-05 9.994E-05
9.99549E-05 9.99549E-05 9.99549E-05 9.99549E-05 0.0491053 9.99549E-05 0.00124288 0.949152
0.160255 0.0400541 0.452204 9.99729E-05 0.25989 9.99729E-05 9.99729E-05 0.0872959
0.759082 9.99548E-05 9.99548E-05 9.99548E-05 9.99548E-05 9.99548E-05 0.177146 0.0632721
9.99731E-05 0.111787 0.293725 0.0433608 0.331924 0.218904 9.99731E-05 9.99731E-05
9.99641E-05 0.0613067 9.99641E-05 9.99641E-05 0.468763 0.296965 9.99641E-05 0.172565
0.188391 0.0362711 9.99731E-05 0.606953 9.99731E-05 0.0061683 0.161917 9.99731E-05
