9.99459E-05 9.99459E-05 9.99459E-05 0.0889765 9.99459E-05 9.99459E-05 0.910424 9.99459E-05
0.0103202 0.257027 0.474495 0.0467881 9.99819E-05 9.99819E-05 0.185548 0.0256215
9.99733E-05 0.754156 0.0837053 9.99733E-05 0.0371743 0.0950626 9.99733E-05 0.0296024
9.9946E-05 0.970043 9.9946E-05 9.9946E-05 9.9946E-05 9.9946E-05 9.9946E-05 0.029357
0.0541055 0.403079 0.407322 0.0927218 9.99731E-05 9.99731E-05 0.0424714 9.99731E-05
9.99461E-05 0.999209 9.99461E-05 9.99461E-05 0.000191101 9.99461E-05 9.99461E-05 9.99461E-05
9.99459E-05 9.99459E-05 0.872288 9.99459E-05 9.99459E-05 0.127112 9.99459E-05 9.99459E-05
0.168591 0.419187 0.325666 0.0468956 9.9973E-05 9.9973E-05 9.9973E-05 0.0393599
9.99459E-05 9.99459E-05 0.873407 9.99459E-05 9.99459E-05 0.125993 9.99459E-05 9.99459E-05
9.99461E-05 9.99461E-05 0.113095 0.886305 9.99461E-05 9.99461E-05 9.99461E-05 9.99461E-05
9.99461E-05 9.99461E-05 0.118821 0.880579 9.99461E-05 9.99461E-05 9.99461E-05 9.99461E-05
9.9964E-05 0.0126331 9.9964E-05 9.9964E-05 9.9964E-05 0.141309 0.726709 0.118949
9.99461E-05 0.0114665 9.99461E-05 9.99461E-05 9.99461E-05 0.987934 9.99461E-05 9.99461E-05
9.9964E-05 0.944508 9.9964E-05 9.9964E-05 0.0165675 9.9964E-05 0.0378621 0.000662331
9.9964E-05 0.941645 9.9964E-05 0.00887583 0.00168901 9.9964E-05 0.0473904 9.9964E-05
0.0363117 9.9973E-05 0.0329736 0.516495 9.9973E-05 0.361759 0.0521613 9.9973E-05
9.99641E-05 9.99641E-05 9.99641E-05 0.416077 0.0567067 0.208319 9.99641E-05 0.318497
0.0105062 9.99729E-05 0.0657975 0.193077 0.701809 9.99729E-05 0.0285104 9.99729E-05
9.9946E-05 9.9946E-05 9.9946E-05 9.9946E-05 0.924617 9.9946E-05 9.9946E-05 0.0747829
9.9964E-05 9.9964E-05 9.9964E-05 0.774207 9.9964E-05 0.0153773 0.123786 0.0862297
9.9946E-05 0.00735784 9.9946E-05 9.9946E-05 0.992042 9.9946E-05 9.9946E-05 9.9946E-05
9.9964E-05 9.9964E-05 9.9964E-05 0.318857 9.9964E-05 0.140453 0.524457 0.0158333
0.0121372 0.0117793 9.9973E-05 0.207648 0.413091 9.9973E-05 9.9973E-05 0.355044
9.9955E-05 9.9955E-05 9.9955E-05 0.0135587 0.885595 9.9955E-05 9.9955E-05 0.100346
9.994E-05 0.9993 9.994E-05 9.994E-05 9.994E-05 9.994E-05 9.994E-05 9.994E-05
9.994E-05 0.9993 9.994E-05 9.994E-05 9.994E-05 9.994E-05 9.994E-05 9.994E-05
9.99639E-05 9.99639E-05 9.99639E-05 0.0539709 9.99639E-05 0.817553 0.089678 0.0383982
0.0637095 0.935691 9.9946E-05 9.9946E-05 9.9946E-05 9.9946E-05 9.9946E-05 9.9946E-05
0.0895726 0.885104 9.9955E-05 9.9955E-05 9.9955E-05 0.024824 9.9955E-05 9.9955E-05
0.204964 0.699139 0.0167221 9.9991E-05 0.0283829 0.00963677 0.00923144 0.0318242
0.20458 0.659724 0.0883756 9.9964E-05 9.9964E-05 9.9964E-05 9.9964E-05 0.0469206
0.169688 0.049303 0.641816 9.9973E-05 9.9973E-05 9.9973E-05 0.117623 0.0212696
9.99461E-05 0.99515 9.99461E-05 0.00425044 9.99461E-05 9.99461E-05 9.99461E-05 9.99461E-05
0.817598 0.0606036 0.111425 9.99641E-05 9.99641E-05 9.99641E-05 9.99641E-05 0.0099735
9.99729E-05 0.0526338 9.99729E-05 0.0994931 9.99729E-05 0.602606 0.0348456 0.210122
9.99639E-05 0.951706 9.99639E-05 9.99639E-05 9.99639E-05 0.00812488 0.0329002 0.00686955
9.9946E-05 0.0162628 9.9946E-05 9.9946E-05 9.9946E-05 9.9946E-05 0.983137 9.9946E-05
0.00260874 0.0448624 0.153845 0.692554 0.0242101 9.9982E-05 0.0817198 9.9982E-05
9.99731E-05 0.137163 9.99731E-05 0.273734 0.0368749 0.187063 9.99731E-05 0.364866
9.99549E-05 0.125849 9.99549E-05 0.628933 9.99549E-05 9.99549E-05 0.244718 9.99549E-05
9.99549E-05 0.0830197 9.99549E-05 0.64564 9.99549E-05 9.99549E-05 0.27084 9.99549E-05
9.9946E-05 9.9946E-05 9.9946E-05 0.993133 9.9946E-05 9.9946E-05 0.00626746 9.9946E-05
9.99639E-05 9.99639E-05 0.163395 0.494446 9.99639E-05 0.239801 0.101958 9.99639E-05
9.9955E-05 9.9955E-05 9.9955E-05 0.98637 9.9955E-05 0.00799072 9.9955E-05 0.00513999
9.9973E-05 9.9973E-05 9.9973E-05 0.582734 0.0967215 0.176551 0.0358955 0.107798
9.9982E-05 0.0889699 9.9982E-05 0.695743 0.0340573 0.0269976 0.141349 0.0126831
0.0457122 0.106834 9.9982E-05 0.30665 9.9982E-05 0.234351 0.220903 0.0853496
9.99463E-05 9.99463E-05 9.99463E-05 9.99463E-05 0.0150526 9.99463E-05 0.984348 9.99463E-05
0.9993 9.994E-05 9.994E-05 9.994E-05 9.994E-05 9.994E-05 9.994E-05 9.994E-05
0.9993 9.994E-05 9.994E-05 9.994E-05 9.994E-05 9.994E-05 9.994E-05 9.994E-05
0.992681 9.9946E-05 9.9946E-05 0.00671892 9.9946E-05 9.9946E-05 9.9946E-05 9.9946E-05
0.9993 9.994E-05 9.994E-05 9.994E-05 9.994E-05 9.994E-05 9.994E-05 9.994E-05
0.9993 9.994E-05 9.994E-05 9.994E-05 9.994E-05 9.994E-05 9.994E-05 9.994E-05
0.471001 0.255344 0.170911 0.0398688 0.0496525 0.0130234 9.99821E-05 9.99821E-05
0.963897 9.9946E-05 9.9946E-05 9.9946E-05 9.9946E-05 9.9946E-05 0.0355037 9.9946E-05
9.99549E-05 9.99549E-05 9.99549E-05 0.0612759 9.99549E-05 0.0815956 0.856629 9.99549E-05
0.185401 0.0519786 0.633348 9.99728E-05 9.99728E-05 9.99728E-05 0.103465 0.0255082
9.9955E-05 0.997034 9.9955E-05 0.000680247 9.9955E-05 9.9955E-05 0.00178569 9.9955E-05
0.0328901 9.9964E-05 9.9964E-05 9.9964E-05 9.9964E-05 0.903062 0.0404013 0.0232467
9.9973E-05 0.0476629 0.0512768 0.398 9.9973E-05 0.348162 0.154599 9.9973E-05
9.994E-05 9.994E-05 9.994E-05 9.994E-05 9.994E-05 0.9993 9.994E-05 9.994E-05
9.99459E-05 9.99459E-05 9.99459E-05 0.0761729 9.99459E-05 0.923227 9.99459E-05 9.99459E-05
9.99549E-05 9.99549E-05 9.99549E-05 0.0663697 9.99549E-05 0.872098 9.99549E-05 0.0610328
9.99461E-05 9.99461E-05 9.99461E-05 9.99461E-05 0.89146 9.99461E-05 0.107941 9.99461E-05
9.99462E-05 0.987558 9.99462E-05 9.99462E-05 9.99462E-05 9.99462E-05 9.99462E-05 0.0118425
9.998E-05 0.412879 0.0467925 0.284226 9.998E-05 0.154181 0.0264897 0.0752323
9.99552E-05 0.964702 0.0139851 9.99552E-05 9.99552E-05 0.0208128 9.99552E-05 9.99552E-05
0.000206676 0.959111 9.9955E-05 9.9955E-05 9.9955E-05 9.9955E-05 0.0401823 9.9955E-05
0.0440837 0.894576 0.0535725 9.9964E-05 9.9964E-05 0.00736827 9.9964E-05 9.9964E-05
0.0134925 0.925838 0.0299015 9.9964E-05 9.9964E-05 9.9964E-05 0.0303677 9.9964E-05
9.9973E-05 0.888661 0.0245491 0.0742447 9.9973E-05 9.9973E-05 0.00128046 0.0109647
9.994E-05 0.9993 9.994E-05 9.994E-05 9.994E-05 9.994E-05 9.994E-05 9.994E-05
0.189355 0.459878 0.350267 9.99552E-05 9.99552E-05 9.99552E-05 9.99552E-05 9.99552E-05
0.0350236 0.467689 0.469221 9.99731E-05 0.0114501 0.0163157 9.99731E-05 9.99731E-05
0.000199427 0.987024 9.9955E-05 0.0122765 9.9955E-05 9.9955E-05 9.9955E-05 9.9955E-05
0.00252916 0.0525825 0.155679 0.62383 9.9982E-05 0.0763859 0.0887932 9.9982E-05
0.0234052 0.0848828 0.120093 0.614522 9.999E-05 0.0890148 0.0617279 0.00625365
9.994E-05 9.994E-05 9.994E-05 9.994E-05 9.994E-05 9.994E-05 9.994E-05 0.9993
9.994E-05 9.994E-05 9.994E-05 9.994E-05 9.994E-05 9.994E-05 9.994E-05 0.9993
9.9964E-05 9.9964E-05 0.0292065 0.944009 9.9964E-05 0.00436424 0.0220205 9.9964E-05
0.00799395 9.9973E-05 0.0300635 0.890796 9.9973E-05 0.0577697 0.0130772 9.9973E-05
9.9946E-05 9.9946E-05 0.00381644 9.9946E-05 9.9946E-05 9.9946E-05 9.9946E-05 0.995584
9.994E-05 9.994E-05 9.994E-05 9.994E-05 9.994E-05 9.994E-05 9.994E-05 0.9993
0.0106179 9.99549E-05 9.99549E-05 9.99549E-05 9.99549E-05 0.0437844 0.945098 9.99549E-05
9.9973E-05 9.9973E-05 0.170555 0.493958 0.0463385 0.249248 0.0396004 9.9973E-05
0.196771 0.0327167 0.67817 9.99639E-05 9.99639E-05 9.99639E-05 0.0919417 9.99639E-05
9.997E-05 0.0624326 9.997E-05 0.272415 0.109369 0.35182 9.997E-05 0.203663
9.99641E-05 9.99641E-05 9.99641E-05 9.99641E-05 0.0645353 0.460619 0.144646 0.329799
0.187949 0.624613 0.1216 9.99731E-05 0.0481166 9.99731E-05 9.99731E-05 0.0174221
