9.99639E-05 9.99639E-05 0.0168594 0.00251059 9.99639E-05 9.99639E-05 0.98023
0.322098 9.9973E-05 0.197501 9.9973E-05 0.267131 9.9973E-05 0.21297
0.793416 0.0613674 9.99822E-05 0.0339533 0.0386655 0.0723976 9.99822E-05
0.974939 9.9955E-05 9.9955E-05 0.0245611 9.9955E-05 9.9955E-05 9.9955E-05
0.46072 9.99731E-05 0.25904 9.99731E-05 0.207641 9.99731E-05 0.0722989
0.977592 9.9964E-05 0.0179754 0.00403269 9.9964E-05 9.9964E-05 9.9964E-05
0.0115507 0.583454 0.0774243 9.99731E-05 0.327271 9.99731E-05 9.99731E-05
0.419988 9.99641E-05 0.14372 9.99641E-05 0.435892 9.99641E-05 9.99641E-05
0.00629644 0.465478 0.163076 9.99731E-05 0.364849 9.99731E-05 9.99731E-05
9.995E-05 9.995E-05 0.9994 9.995E-05 9.995E-05 9.995E-05 9.995E-05
9.995E-05 9.995E-05 0.9994 9.995E-05 9.995E-05 9.995E-05 9.995E-05
0.0430189 0.127551 9.9973E-05 0.124595 9.9973E-05 9.9973E-05 0.704535
9.995E-05 0.9994 9.995E-05 9.995E-05 9.995E-05 9.995E-05 9.995E-05
0.965858 9.9964E-05 9.9964E-05 9.9964E-05 9.9964E-05 0.0128105 0.0209313
0.956834 9.9964E-05 9.9964E-05 9.9964E-05 9.9964E-05 0.00304262 0.0397231
0.031929 0.35874 0.46488 9.9973E-05 9.9973E-05 9.9973E-05 0.144151
9.9973E-05 0.197265 0.386401 0.326543 9.9973E-05 0.0894914 9.9973E-05
9.99729E-05 9.99729E-05 0.165417 9.99729E-05 0.0823914 0.748873 0.00301867
9.9955E-05 9.9955E-05 9.9955E-05 0.0889974 9.9955E-05 0.910503 9.9955E-05
9.9973E-05 0.0452672 0.732753 0.0658745 9.9973E-05 9.9973E-05 0.155805
9.995E-05 9.995E-05 9.995E-05 9.995E-05 9.995E-05 0.9994 9.995E-05
9.99729E-05 0.090526 0.321567 0.00444293 9.99729E-05 9.99729E-05 0.583164
0.019274 9.99731E-05 0.279657 0.285361 9.99731E-05 0.415409 9.99731E-05
9.99639E-05 9.99639E-05 0.0257567 0.0820822 9.99639E-05 0.891761 9.99639E-05
0.993953 9.99551E-05 9.99551E-05 9.99551E-05 0.00554761 9.99551E-05 9.99551E-05
0.9994 9.995E-05 9.995E-05 9.995E-05 9.995E-05 9.995E-05 9.995E-05
9.99729E-05 0.773244 0.0724354 0.0910767 9.99729E-05 9.99729E-05 0.0629437
0.916103 9.9955E-05 9.9955E-05 9.9955E-05 0.0833967 9.9955E-05 9.9955E-05
0.90468 0.0125717 9.9964E-05 9.9964E-05 0.0823482 9.9964E-05 9.9964E-05
0.684232 0.0145082 9.99821E-05 9.99821E-05 0.255508 0.0241575 0.0213943
0.692683 9.99731E-05 0.0205297 0.0404422 0.246045 9.99731E-05 9.99731E-05
0.0890944 9.99731E-05 0.105378 9.99731E-05 0.587878 9.99731E-05 0.217349
0.9994 9.995E-05 9.995E-05 9.995E-05 9.995E-05 9.995E-05 9.995E-05
0.0750657 9.9982E-05 0.0027563 0.00535744 0.900415 9.9982E-05 0.0162061
0.030507 0.545776 0.0839369 0.245597 9.99819E-05 9.99819E-05 0.0939832
0.974488 0.00589071 9.99639E-05 9.99639E-05 9.99639E-05 9.99639E-05 0.0192216
0.0418438 9.9955E-05 9.9955E-05 9.9955E-05 9.9955E-05 9.9955E-05 0.957656
0.0456297 9.9973E-05 0.782157 9.9973E-05 0.0757399 9.9973E-05 0.0961735
0.129561 0.206782 0.229535 0.373981 9.9982E-05 0.0599415 9.9982E-05
0.100724 9.99729E-05 0.561118 0.017636 9.99729E-05 9.99729E-05 0.320221
0.0604742 9.99729E-05 0.530214 0.0122806 9.99729E-05 9.99729E-05 0.396731
9.9955E-05 9.9955E-05 0.998506 9.9955E-05 9.9955E-05 9.9955E-05 0.000994354
9.9973E-05 0.333332 0.432351 9.9973E-05 0.0483569 9.9973E-05 0.18566
9.9964E-05 0.00588438 0.944059 0.0496567 9.9964E-05 9.9964E-05 9.9964E-05
9.9982E-05 0.215534 0.505963 0.129188 9.9982E-05 0.118109 0.0310064
0.0693754 0.0428087 0.680006 0.000784878 9.9991E-05 0.0491253 0.1578
0.136301 0.208036 0.352157 0.100632 9.9982E-05 9.9982E-05 0.202674
9.99553E-05 9.99553E-05 9.99553E-05 9.99553E-05 9.99553E-05 0.0156393 0.983861
9.995E-05 9.995E-05 9.995E-05 9.995E-05 0.9994 9.995E-05 9.995E-05
9.995E-05 9.995E-05 9.995E-05 9.995E-05 0.9994 9.995E-05 9.995E-05
9.9955E-05 9.9955E-05 9.9955E-05 0.0139174 0.985583 9.9955E-05 9.9955E-05
9.995E-05 9.995E-05 9.995E-05 9.995E-05 0.9994 9.995E-05 9.995E-05
9.995E-05 9.995E-05 9.995E-05 9.995E-05 0.9994 9.995E-05 9.995E-05
0.241864 0.0755885 0.0880494 9.99821E-05 0.564361 0.0299366 9.99821E-05
9.99639E-05 9.99639E-05 9.99639E-05 0.00484158 0.983892 9.99639E-05 0.0108668
9.99639E-05 0.0808141 0.0232311 9.99639E-05 9.99639E-05 9.99639E-05 0.895555
0.109649 0.00407476 0.098014 9.9982E-05 0.549186 9.9982E-05 0.238876
0.9994 9.995E-05 9.995E-05 9.995E-05 9.995E-05 9.995E-05 9.995E-05
9.9964E-05 0.845164 9.9964E-05 0.0592511 9.9964E-05 9.9964E-05 0.095185
0.0495547 0.369797 0.305306 9.9973E-05 9.9973E-05 9.9973E-05 0.275043
9.995E-05 0.9994 9.995E-05 9.995E-05 9.995E-05 9.995E-05 9.995E-05
9.99729E-05 0.852572 0.107169 0.00495065 9.99729E-05 9.99729E-05 0.0350085
9.99729E-05 0.837908 0.037987 0.117643 9.99729E-05 0.00616181 9.99729E-05
9.99641E-05 9.99641E-05 9.99641E-05 9.99641E-05 0.000622164 0.907084 0.0918939
0.9994 9.995E-05 9.995E-05 9.995E-05 9.995E-05 9.995E-05 9.995E-05
0.343566 0.138681 0.136523 0.0405945 0.155756 0.0207391 0.16414
0.9994 9.995E-05 9.995E-05 9.995E-05 9.995E-05 9.995E-05 9.995E-05
0.930064 9.9964E-05 9.9964E-05 9.9964E-05 0.0333087 9.9964E-05 0.0362276
0.903983 0.0203102 9.9964E-05 9.9964E-05 0.0753074 9.9964E-05 9.9964E-05
0.90783 0.0137028 9.9973E-05 9.9973E-05 0.0602309 9.9973E-05 0.0179366
0.922618 9.9973E-05 0.0493472 9.9973E-05 0.0114636 9.9973E-05 0.0162714
0.998904 9.9955E-05 9.9955E-05 0.000596436 9.9955E-05 9.9955E-05 9.9955E-05
0.490669 0.00357282 0.0390747 9.99732E-05 0.466383 9.99732E-05 9.99732E-05
0.477905 0.216679 9.99642E-05 9.99642E-05 0.305017 9.99642E-05 9.99642E-05
0.972938 9.9964E-05 0.0190964 9.9964E-05 9.9964E-05 0.007566 9.9964E-05
0.0640012 0.209435 0.494164 0.0172049 0.0844102 9.9991E-05 0.130685
0.0159889 0.218787 0.42301 0.0452921 0.155775 9.9991E-05 0.141046
9.995E-05 9.995E-05 9.995E-05 0.9994 9.995E-05 9.995E-05 9.995E-05
9.995E-05 9.995E-05 9.995E-05 0.9994 9.995E-05 9.995E-05 9.995E-05
0.0120049 9.9964E-05 0.974393 9.9964E-05 9.9964E-05 9.9964E-05 0.0132021
9.9964E-05 0.0427324 0.933582 9.9964E-05 9.9964E-05 9.9964E-05 0.0232858
9.9955E-05 9.9955E-05 9.9955E-05 0.988723 0.0107772 9.9955E-05 9.9955E-05
9.995E-05 9.995E-05 9.995E-05 0.9994 9.995E-05 9.995E-05 9.995E-05
9.99549E-05 0.0717895 9.99549E-05 9.99549E-05 9.99549E-05 9.99549E-05 0.927711
9.9982E-05 0.294529 0.487817 9.9982E-05 0.0158797 0.0531542 0.14842
0.102951 0.0517001 0.0857934 9.9982E-05 0.574635 9.9982E-05 0.184721
0.0470066 0.316198 0.235247 0.269853 9.99821E-05 0.131496 9.99821E-05
9.9973E-05 0.375506 9.9973E-05 0.334761 9.9973E-05 0.0767325 0.212701
0.612427 0.00831987 9.99821E-05 0.0123963 0.32243 0.0442265 9.99821E-05
