9.996E-05 0.9995 9.996E-05 9.996E-05 9.996E-05 9.996E-05
0.309888 0.412651 9.9973E-05 0.277161 9.9973E-05 9.9973E-05
0.794013 9.99911E-05 0.0176995 0.0630803 0.0745101 0.0505976
0.975564 9.9964E-05 9.9964E-05 9.9964E-05 0.024036 9.9964E-05
0.439165 0.268853 9.99731E-05 0.291682 9.99731E-05 9.99731E-05
0.998187 9.9964E-05 9.9964E-05 9.9964E-05 0.00141337 9.9964E-05
0.0135746 9.99731E-05 9.99731E-05 0.376007 9.99731E-05 0.610118
0.454145 0.106692 9.9982E-05 0.418361 0.020601 9.9982E-05
0.00965001 0.119478 9.99821E-05 0.452558 9.99821E-05 0.418115
9.9982E-05 0.792624 9.9982E-05 0.112452 0.0847297 0.00999431
9.9982E-05 0.796006 9.9982E-05 0.0818236 0.0961717 0.0257987
0.0490037 0.633759 9.9982E-05 9.9982E-05 0.121586 0.195452
9.996E-05 9.996E-05 9.996E-05 9.996E-05 9.996E-05 0.9995
0.954676 0.0349182 0.00409383 9.9982E-05 0.00611154 9.9982E-05
0.945198 0.0379358 0.0165668 9.9973E-05 9.9973E-05 9.9973E-05
0.0662276 0.631133 9.9982E-05 0.0051883 9.9982E-05 0.297251
9.9982E-05 0.392837 0.0844966 9.9982E-05 0.332028 0.190438
9.99729E-05 0.197353 0.719492 0.0828545 9.99729E-05 9.99729E-05
9.9964E-05 9.9964E-05 0.896153 9.9964E-05 0.103448 9.9964E-05
9.99729E-05 0.860538 9.99729E-05 9.99729E-05 0.0987891 0.0403729
9.996E-05 9.996E-05 0.9995 9.996E-05 9.996E-05 9.996E-05
0.00677983 0.874992 9.9982E-05 9.9982E-05 0.0181563 0.0998715
9.9982E-05 0.159247 0.443341 0.0453775 0.351834 9.9982E-05
9.9964E-05 9.9964E-05 0.892442 9.9964E-05 0.107158 9.9964E-05
0.9995 9.996E-05 9.996E-05 9.996E-05 9.996E-05 9.996E-05
0.9995 9.996E-05 9.996E-05 9.996E-05 9.996E-05 9.996E-05
9.99729E-05 0.215129 9.99729E-05 9.99729E-05 0.0600301 0.724541
0.902466 9.9973E-05 9.9973E-05 0.0901697 9.9973E-05 0.00706403
0.857594 9.9973E-05 9.9973E-05 0.109649 9.9973E-05 0.0324569
0.677779 9.9982E-05 0.018166 0.261762 0.042093 9.9982E-05
0.611331 9.9973E-05 9.9973E-05 0.32195 0.0664193 9.9973E-05
0.0794882 0.346816 9.99732E-05 0.573396 9.99732E-05 9.99732E-05
0.9995 9.996E-05 9.996E-05 9.996E-05 9.996E-05 9.996E-05
0.0810344 9.99731E-05 9.99731E-05 0.917556 9.99731E-05 0.00110933
0.0463733 0.155435 9.99819E-05 9.99819E-05 0.247514 0.550478
0.959728 0.0134017 9.99729E-05 9.99729E-05 9.99729E-05 0.0265703
0.0311789 0.968421 9.99642E-05 9.99642E-05 9.99642E-05 9.99642E-05
9.9973E-05 0.788628 0.0463071 0.164765 9.9973E-05 9.9973E-05
0.147108 0.23536 0.0570568 9.9991E-05 0.399222 0.161154
0.146859 0.818933 0.0144672 9.9982E-05 0.019541 9.9982E-05
0.0613777 0.897611 0.00963458 9.9982E-05 0.0311768 9.9982E-05
9.9982E-05 0.885907 0.0273972 9.9982E-05 0.0796778 0.00681823
9.9973E-05 0.661582 9.9973E-05 0.0445621 9.9973E-05 0.293556
9.9991E-05 0.799593 0.00373865 0.0455972 0.132117 0.0188536
9.9991E-05 0.531305 0.129058 0.0155157 0.178531 0.145489
0.0685651 0.74921 0.0431901 0.0494457 0.0667818 0.0228074
0.11662 0.470812 9.9991E-05 0.0639405 0.1076 0.240928
9.99644E-05 0.977375 0.0222254 9.99644E-05 9.99644E-05 9.99644E-05
9.996E-05 9.996E-05 9.996E-05 0.9995 9.996E-05 9.996E-05
9.996E-05 9.996E-05 9.996E-05 0.9995 9.996E-05 9.996E-05
9.996E-05 9.996E-05 9.996E-05 0.9995 9.996E-05 9.996E-05
9.996E-05 9.996E-05 9.996E-05 0.9995 9.996E-05 9.996E-05
9.996E-05 9.996E-05 9.996E-05 0.9995 9.996E-05 9.996E-05
0.213114 0.0880421 0.0262641 0.627387 9.9991E-05 0.0450926
9.99639E-05 9.99639E-05 9.99639E-05 0.994086 0.00551377 9.99639E-05
9.9964E-05 0.966018 9.9964E-05 9.9964E-05 9.9964E-05 0.0335819
0.113142 0.342936 9.9973E-05 0.543622 9.9973E-05 9.9973E-05
0.9995 9.996E-05 9.996E-05 9.996E-05 9.996E-05 9.996E-05
9.9973E-05 0.0490481 9.9973E-05 9.9973E-05 0.078945 0.871707
0.0851982 0.579975 9.9982E-05 9.9982E-05 0.0238339 0.310792
9.996E-05 9.996E-05 9.996E-05 9.996E-05 9.996E-05 0.9995
0.0106212 0.114246 9.99729E-05 9.99729E-05 9.99729E-05 0.874833
9.99819E-05 0.0552778 0.0124422 9.99819E-05 0.0740194 0.858061
9.99731E-05 0.0804366 0.917149 0.00211502 9.99731E-05 9.99731E-05
0.9995 9.996E-05 9.996E-05 9.996E-05 9.996E-05 9.996E-05
0.33365 0.33272 0.00269075 0.0786651 0.0922664 0.160007
0.977413 9.99641E-05 9.99641E-05 9.99641E-05 9.99641E-05 0.0221867
0.958666 0.0123237 9.9973E-05 0.0287099 9.9973E-05 9.9973E-05
0.909243 9.9973E-05 9.9973E-05 0.0653719 9.9973E-05 0.025085
0.948283 0.00268125 0.00639434 0.0424411 9.9982E-05 9.9982E-05
0.89998 0.0668372 9.9982E-05 0.0198338 0.0131485 9.9982E-05
0.999308 9.9964E-05 9.9964E-05 9.9964E-05 0.000291882 9.9964E-05
0.467668 9.99643E-05 9.99643E-05 0.531932 9.99643E-05 9.99643E-05
0.453025 9.99732E-05 9.99732E-05 0.3522 9.99732E-05 0.194476
0.929839 0.0462837 9.9982E-05 0.0197056 0.00397212 9.9982E-05
0.0765008 0.722736 9.9991E-05 0.0809505 0.0343546 0.085358
0.0734534 0.658072 9.9991E-05 0.0830306 0.0428404 0.142504
9.996E-05 9.996E-05 9.996E-05 9.996E-05 0.9995 9.996E-05
9.996E-05 9.996E-05 9.996E-05 9.996E-05 0.9995 9.996E-05
9.9991E-05 0.878279 0.00171296 0.0547199 0.0451212 0.0200667
9.9991E-05 0.825986 0.0205842 0.0627191 0.0336393 0.0569715
9.996E-05 9.996E-05 9.996E-05 9.996E-05 0.9995 9.996E-05
9.996E-05 9.996E-05 9.996E-05 9.996E-05 0.9995 9.996E-05
9.99641E-05 0.979044 9.99641E-05 9.99641E-05 9.99641E-05 0.0205564
0.0381931 0.613832 0.0609819 9.9982E-05 9.9982E-05 0.286793
0.0864759 0.30957 9.9973E-05 0.603655 9.9973E-05 9.9973E-05
0.0375578 0.229026 0.122693 9.9991E-05 0.297914 0.31271
9.9982E-05 0.217472 0.078359 9.9982E-05 0.305803 0.398166
0.581977 9.99821E-05 0.0470909 0.343569 0.0271626 9.99821E-05
