9.99639E-05 9.99639E-05 0.956413 9.99639E-05 9.99639E-05 0.0390994 0.00408729
9.9982E-05 0.271477 0.21974 0.305618 9.9982E-05 0.19528 0.00768501
0.0519566 0.0892634 9.99822E-05 0.753275 0.0530163 9.99822E-05 0.0522892
9.9955E-05 9.9955E-05 9.9955E-05 0.972013 9.9955E-05 9.9955E-05 0.0274876
9.99731E-05 0.243842 0.0564902 0.460075 9.99731E-05 0.239293 9.99731E-05
9.995E-05 9.995E-05 9.995E-05 0.9994 9.995E-05 9.995E-05 9.995E-05
9.99731E-05 0.306717 9.99731E-05 0.0352867 0.476861 0.180835 9.99731E-05
9.99731E-05 0.445286 9.99731E-05 0.422024 9.99731E-05 0.126404 0.00598578
9.99731E-05 0.361346 9.99731E-05 0.0185176 0.357793 0.262044 9.99731E-05
9.995E-05 9.995E-05 9.995E-05 9.995E-05 9.995E-05 0.9994 9.995E-05
9.995E-05 9.995E-05 9.995E-05 9.995E-05 9.995E-05 0.9994 9.995E-05
9.9973E-05 9.9973E-05 0.686452 0.00843944 0.164286 9.9973E-05 0.140522
9.995E-05 9.995E-05 9.995E-05 9.995E-05 0.9994 9.995E-05 9.995E-05
0.0326022 9.9973E-05 0.0284709 0.924883 9.9973E-05 9.9973E-05 0.0137436
9.9955E-05 9.9955E-05 0.0368713 0.962629 9.9955E-05 9.9955E-05 9.9955E-05
9.999E-05 0.01054 0.124171 0.0269183 0.389222 0.445348 0.00370073
0.0763053 9.9982E-05 9.9982E-05 0.00464858 0.144068 0.441403 0.333376
0.71934 0.0494612 9.99639E-05 9.99639E-05 9.99639E-05 0.230799 9.99639E-05
0.913234 9.9955E-05 9.9955E-05 9.9955E-05 9.9955E-05 9.9955E-05 0.0862667
9.9973E-05 9.9973E-05 0.151286 9.9973E-05 0.0455093 0.727204 0.0757005
0.9994 9.995E-05 9.995E-05 9.995E-05 9.995E-05 9.995E-05 9.995E-05
9.9973E-05 9.9973E-05 0.57907 9.9973E-05 0.103362 0.287781 0.0294873
0.402416 0.00757517 9.9973E-05 9.9973E-05 9.9973E-05 0.272697 0.317012
0.891433 9.9964E-05 9.9964E-05 9.9964E-05 9.9964E-05 0.0159527 0.0922148
9.995E-05 9.995E-05 9.995E-05 0.9994 9.995E-05 9.995E-05 9.995E-05
9.995E-05 9.995E-05 9.995E-05 0.9994 9.995E-05 9.995E-05 9.995E-05
9.99729E-05 9.99729E-05 0.0886758 9.99729E-05 0.762248 0.0568253 0.0919509
9.9964E-05 0.0848305 9.9964E-05 0.90353 0.0112399 9.9964E-05 9.9964E-05
9.9964E-05 0.055279 9.9964E-05 0.909568 0.0347536 9.9964E-05 9.9964E-05
0.0247517 0.305834 9.99731E-05 0.639009 9.99731E-05 9.99731E-05 0.0301062
9.99641E-05 0.285884 9.99641E-05 0.647883 9.99641E-05 9.99641E-05 0.0658331
9.99731E-05 0.590784 0.269508 0.0728291 9.99731E-05 0.0665793 9.99731E-05
9.99551E-05 9.99551E-05 9.99551E-05 0.995539 9.99551E-05 9.99551E-05 0.00396093
9.99723E-05 0.882164 9.99723E-05 0.107222 9.99723E-05 9.99723E-05 0.010214
9.99819E-05 9.99819E-05 0.0864107 0.048803 0.548512 0.0978615 0.218213
9.99729E-05 9.99729E-05 0.00135878 0.946858 0.0363002 9.99729E-05 0.0151832
9.995E-05 9.995E-05 0.9994 9.995E-05 9.995E-05 9.995E-05 9.995E-05
0.0189822 0.0775128 0.1099 0.0422628 9.9982E-05 0.751142 9.9982E-05
0.0598839 9.9991E-05 0.0217518 0.126958 0.102079 0.306446 0.382781
9.99639E-05 9.99639E-05 0.234802 0.111082 9.99639E-05 0.653716 9.99639E-05
9.99729E-05 9.99729E-05 0.315117 0.0574124 9.99729E-05 0.617691 0.00947902
0.00293406 9.99639E-05 0.0424819 9.99639E-05 9.99639E-05 0.954184 9.99639E-05
9.9973E-05 0.00106348 0.151346 9.9973E-05 0.295311 0.551979 9.9973E-05
9.9973E-05 9.9973E-05 0.0450336 9.9973E-05 0.00238112 0.897923 0.054362
0.0866581 9.9982E-05 0.0241483 9.9982E-05 0.190299 0.556849 0.141845
0.0304557 9.9991E-05 0.146035 0.0692365 0.0932174 0.627426 0.0335295
9.999E-05 0.0461714 0.248159 0.0921741 0.230419 0.248518 0.134459
0.0221135 9.99552E-05 0.977387 9.99552E-05 9.99552E-05 9.99552E-05 9.99552E-05
9.995E-05 0.9994 9.995E-05 9.995E-05 9.995E-05 9.995E-05 9.995E-05
9.995E-05 0.9994 9.995E-05 9.995E-05 9.995E-05 9.995E-05 9.995E-05
9.9955E-05 0.997088 9.9955E-05 9.9955E-05 9.9955E-05 9.9955E-05 0.00241229
9.995E-05 0.9994 9.995E-05 9.995E-05 9.995E-05 9.995E-05 9.995E-05
9.995E-05 0.9994 9.995E-05 9.995E-05 9.995E-05 9.995E-05 9.995E-05
0.0342275 0.660717 9.9982E-05 0.178811 0.0639855 0.0620594 9.9982E-05
9.995E-05 0.9994 9.995E-05 9.995E-05 9.995E-05 9.995E-05 9.995E-05
9.99639E-05 9.99639E-05 0.856155 9.99639E-05 0.102272 0.0411733 9.99639E-05
9.9991E-05 0.570518 0.231887 0.0779335 0.00280378 0.116332 0.000426337
9.995E-05 9.995E-05 9.995E-05 0.9994 9.995E-05 9.995E-05 9.995E-05
9.9964E-05 9.9964E-05 0.0897679 9.9964E-05 0.863824 9.9964E-05 0.046008
9.9973E-05 9.9973E-05 0.184273 0.0425846 0.373831 0.399011 9.9973E-05
9.995E-05 9.995E-05 9.995E-05 9.995E-05 0.9994 9.995E-05 9.995E-05
9.99639E-05 9.99639E-05 0.0239496 9.99639E-05 0.873481 0.10217 9.99639E-05
0.000801338 9.99819E-05 0.0234399 9.99819E-05 0.821268 0.0623739 0.0919167
0.94449 9.99551E-05 0.0550104 9.99551E-05 9.99551E-05 9.99551E-05 9.99551E-05
9.995E-05 9.995E-05 9.995E-05 0.9994 9.995E-05 9.995E-05 9.995E-05
0.0473298 0.178492 0.0845835 0.282389 0.111712 0.175034 0.12046
9.99641E-05 0.0392549 9.99641E-05 0.939012 0.0213332 9.99641E-05 9.99641E-05
9.9964E-05 0.0216849 0.0444343 0.933481 9.9964E-05 9.9964E-05 9.9964E-05
9.9964E-05 0.0774985 9.9964E-05 0.89165 0.0304514 9.9964E-05 9.9964E-05
0.0125744 0.0723113 0.0108257 0.903989 9.9973E-05 9.9973E-05 9.9973E-05
9.9973E-05 0.0109979 0.0179014 0.928138 9.9973E-05 0.0426626 9.9973E-05
9.995E-05 9.995E-05 9.995E-05 0.9994 9.995E-05 9.995E-05 9.995E-05
9.99643E-05 0.48672 9.99643E-05 0.487908 0.0249725 9.99643E-05 9.99643E-05
9.99642E-05 0.336549 9.99642E-05 0.478971 0.18408 9.99642E-05 9.99642E-05
9.9982E-05 0.0276313 0.00144097 0.945455 9.9982E-05 0.000931388 0.0243414
9.9991E-05 0.0521244 0.0976035 0.0739903 0.163953 0.60134 0.0108891
9.9991E-05 0.0604398 0.0874014 0.0804996 0.184364 0.548454 0.0387409
9.995E-05 9.995E-05 9.995E-05 9.995E-05 9.995E-05 9.995E-05 0.9994
9.995E-05 9.995E-05 9.995E-05 9.995E-05 9.995E-05 9.995E-05 0.9994
9.9964E-05 9.9964E-05 0.0328895 9.9964E-05 0.0211234 0.945587 9.9964E-05
9.9964E-05 9.9964E-05 0.0337909 9.9964E-05 0.0234681 0.942341 9.9964E-05
9.9955E-05 0.0364841 9.9955E-05 9.9955E-05 9.9955E-05 9.9955E-05 0.963016
9.995E-05 9.995E-05 9.995E-05 9.995E-05 9.995E-05 9.995E-05 0.9994
9.99639E-05 0.0146712 0.920385 9.99639E-05 0.0645435 9.99639E-05 9.99639E-05
0.0323218 9.9982E-05 0.0715664 0.0184683 0.306781 0.570663 9.9982E-05
9.9982E-05 0.596829 0.196448 0.0739476 0.0134307 0.119145 9.9982E-05
0.090599 9.9982E-05 9.9982E-05 0.0523611 0.363232 0.216866 0.276741
0.0731832 9.9973E-05 0.150042 9.9973E-05 0.427867 9.9973E-05 0.348608
0.0443851 0.357561 9.99731E-05 0.564834 9.99731E-05 9.99731E-05 0.03292
