0.962621 9.99009E-05 9.99009E-05 9.99009E-05 9.99009E-05 9.99009E-05 9.99009E-05 0.0340092 9.99009E-05 9.99009E-05 9.99009E-05 9.99009E-05 9.99009E-05 0.00227063
0.037857 9.99279E-05 9.99279E-05 0.00911853 9.99279E-05 9.99279E-05 0.737786 0.0159219 9.99279E-05 9.99279E-05 0.0988392 9.99279E-05 9.99279E-05 0.0996776
9.9883E-05 9.9883E-05 9.9883E-05 9.9883E-05 0.998702 9.9883E-05 9.9883E-05 9.9883E-05 9.9883E-05 9.9883E-05 9.9883E-05 9.9883E-05 9.9883E-05 9.9883E-05
9.99191E-05 9.99191E-05 0.0203888 9.99191E-05 0.0199932 9.99191E-05 9.99191E-05 9.99191E-05 0.00774869 9.99191E-05 0.936302 9.99191E-05 9.99191E-05 0.0146679
0.0136811 0.198906 9.99551E-05 9.99551E-05 9.99551E-05 0.0487518 0.162154 0.0722881 0.0411699 0.0897578 0.362126 9.99551E-05 9.99551E-05 0.010665
9.99191E-05 9.99191E-05 9.99191E-05 9.99191E-05 0.00206393 0.0394747 9.99191E-05 9.99191E-05 9.99191E-05 0.00027956 0.945376 9.99191E-05 9.99191E-05 0.0119068
9.98831E-05 0.998702 9.98831E-05 9.98831E-05 9.98831E-05 9.98831E-05 9.98831E-05 9.98831E-05 9.98831E-05 9.98831E-05 9.98831E-05 9.98831E-05 9.98831E-05 9.98831E-05
9.99279E-05 9.99279E-05 0.0170926 9.99279E-05 9.99279E-05 9.99279E-05 0.148295 0.0519223 0.0697966 0.674144 0.03795 9.99279E-05 9.99279E-05 9.99279E-05
9.99099E-05 0.919826 9.99099E-05 9.99099E-05 9.99099E-05 9.99099E-05 0.0351291 9.99099E-05 0.0300337 9.99099E-05 9.99099E-05 9.99099E-05 9.99099E-05 0.0140123
9.98921E-05 0.11697 9.98921E-05 9.98921E-05 9.98921E-05 9.98921E-05 9.98921E-05 0.881831 9.98921E-05 9.98921E-05 9.98921E-05 9.98921E-05 9.98921E-05 9.98921E-05
9.98921E-05 0.123312 9.98921E-05 9.98921E-05 9.98921E-05 9.98921E-05 9.98921E-05 0.87549 9.98921E-05 9.98921E-05 9.98921E-05 9.98921E-05 9.98921E-05 9.98921E-05
0.718021 9.991E-05 0.109335 9.991E-05 9.991E-05 9.991E-05 9.991E-05 9.991E-05 9.991E-05 9.991E-05 0.0475008 9.991E-05 0.124144 9.991E-05
9.99013E-05 0.0347021 9.99013E-05 9.99013E-05 9.99013E-05 9.99013E-05 9.99013E-05 9.99013E-05 9.99013E-05 0.00708608 9.99013E-05 9.99013E-05 0.957113 9.99013E-05
9.99191E-05 9.99191E-05 9.99191E-05 9.99191E-05 9.99191E-05 0.0160544 0.0261946 9.99191E-05 9.99191E-05 9.99191E-05 0.925657 0.00254879 9.99191E-05 0.0286463
9.99012E-05 9.99012E-05 9.99012E-05 9.99012E-05 9.99012E-05 9.99012E-05 9.99012E-05 0.0354232 9.99012E-05 9.99012E-05 0.951523 0.011955 9.99012E-05 9.99012E-05
9.99009E-05 9.99009E-05 9.99009E-05 0.743658 9.99009E-05 0.132055 9.99009E-05 9.99009E-05 9.99009E-05 9.99009E-05 9.99009E-05 9.99009E-05 0.123188 9.99009E-05
9.98919E-05 9.98919E-05 9.98919E-05 9.98919E-05 9.98919E-05 9.98919E-05 9.98919E-05 0.0538252 9.98919E-05 9.98919E-05 9.98919E-05 9.98919E-05 9.98919E-05 0.944976
0.0501214 0.0276309 9.99368E-05 0.0721874 9.99368E-05 9.99368E-05 0.0408137 0.0654349 9.99368E-05 9.99368E-05 9.99368E-05 0.697216 9.99368E-05 0.0458959
9.9901E-05 9.9901E-05 0.0792603 9.9901E-05 9.9901E-05 9.9901E-05 9.9901E-05 9.9901E-05 9.9901E-05 9.9901E-05 9.9901E-05 0.901454 0.0181865 9.9901E-05
0.0918419 9.99278E-05 0.019275 0.305145 9.99278E-05 0.165226 9.99278E-05 0.412776 9.99278E-05 9.99278E-05 9.99278E-05 9.99278E-05 9.99278E-05 0.00493673
9.98921E-05 9.98921E-05 9.98921E-05 9.98921E-05 0.00429123 9.98921E-05 9.98921E-05 9.98921E-05 9.98921E-05 9.98921E-05 9.98921E-05 0.99451 9.98921E-05 9.98921E-05
0.507443 9.99189E-05 9.99189E-05 0.28304 9.99189E-05 9.99189E-05 9.99189E-05 0.083419 9.99189E-05 9.99189E-05 9.99189E-05 9.99189E-05 0.0274928 0.097706
9.99101E-05 9.99101E-05 0.174278 9.99101E-05 9.99101E-05 9.99101E-05 9.99101E-05 0.146537 9.99101E-05 9.99101E-05 9.99101E-05 0.350438 9.99101E-05 0.327748
9.99099E-05 9.99099E-05 0.00765362 9.99099E-05 9.99099E-05 0.105553 9.99099E-05 9.99099E-05 9.99099E-05 9.99099E-05 9.99099E-05 0.882229 9.99099E-05 0.00356506
9.99013E-05 9.99013E-05 9.99013E-05 9.99013E-05 0.0243144 9.99013E-05 9.99013E-05 9.99013E-05 9.99013E-05 9.99013E-05 0.973307 9.99013E-05 0.00128005 9.99013E-05
9.98833E-05 9.98833E-05 9.98833E-05 9.98833E-05 9.98833E-05 9.98833E-05 9.98833E-05 9.98833E-05 9.98833E-05 9.98833E-05 0.998702 9.98833E-05 9.98833E-05 9.98833E-05
0.0854251 9.99188E-05 0.0347423 9.99188E-05 9.99188E-05 9.99188E-05 9.99188E-05 0.0572279 9.99188E-05 9.99188E-05 9.99188E-05 9.99188E-05 0.795502 0.0262038
9.991E-05 9.991E-05 9.991E-05 9.991E-05 9.991E-05 9.991E-05 0.0136432 9.991E-05 0.0456474 9.991E-05 0.929291 9.991E-05 0.0104188 9.991E-05
9.99281E-05 9.99281E-05 9.99281E-05 0.00770833 0.000575319 9.99281E-05 0.0020325 9.99281E-05 0.0887981 9.99281E-05 0.8749 9.99281E-05 0.0251861 9.99281E-05
9.99461E-05 9.99461E-05 0.0061723 9.99461E-05 0.0210698 0.054812 0.0428507 9.99461E-05 0.0892837 0.317553 0.456106 9.99461E-05 0.0115531 9.99461E-05
9.99189E-05 9.99189E-05 0.00873362 9.99189E-05 9.99189E-05 0.033514 9.99189E-05 9.99189E-05 0.0224185 0.620607 0.313827 9.99189E-05 9.99189E-05 9.99189E-05
9.98833E-05 9.98833E-05 9.98833E-05 9.98833E-05 9.98833E-05 9.98833E-05 0.998702 9.98833E-05 9.98833E-05 9.98833E-05 9.98833E-05 9.98833E-05 9.98833E-05 9.98833E-05
9.98921E-05 9.98921E-05 9.98921E-05 9.98921E-05 9.98921E-05 9.98921E-05 9.98921E-05 9.98921E-05 9.98921E-05 0.162053 0.836748 9.98921E-05 9.98921E-05 9.98921E-05
9.99192E-05 0.00631133 9.99192E-05 9.99192E-05 0.0195661 9.99192E-05 9.99192E-05 0.000719821 0.716826 0.255677 9.99192E-05 9.99192E-05 9.99192E-05 9.99192E-05
0.0519572 9.99457E-05 0.0818226 9.99457E-05 0.00900293 0.0854034 9.99457E-05 0.0366556 9.99457E-05 0.0546739 9.99457E-05 9.99457E-05 0.451212 0.228673
9.99009E-05 9.99009E-05 9.99009E-05 9.99009E-05 9.99009E-05 0.0277701 9.99009E-05 9.99009E-05 9.99009E-05 0.0393965 0.931735 9.99009E-05 9.99009E-05 9.99009E-05
0.961682 9.9901E-05 9.9901E-05 9.9901E-05 0.0313574 9.9901E-05 9.9901E-05 9.9901E-05 9.9901E-05 0.00586128 9.9901E-05 9.9901E-05 9.9901E-05 9.9901E-05
0.0600056 9.9928E-05 9.9928E-05 9.9928E-05 9.9928E-05 9.9928E-05 0.190788 0.686935 9.9928E-05 0.0346106 9.9928E-05 0.000228371 9.9928E-05 0.0266327
9.9892E-05 9.9892E-05 9.9892E-05 9.9892E-05 9.9892E-05 9.9892E-05 9.9892E-05 9.9892E-05 9.9892E-05 0.00944968 9.9892E-05 9.9892E-05 9.9892E-05 0.989352
0.235405 9.99279E-05 9.99279E-05 0.257857 9.99279E-05 0.00408165 9.99279E-05 0.291668 9.99279E-05 9.99279E-05 0.0858636 9.99279E-05 9.99279E-05 0.124326
0.245851 9.99369E-05 0.0126822 0.188352 9.99369E-05 9.99369E-05 0.0419039 0.355727 9.99369E-05 9.99369E-05 0.059897 9.99369E-05 9.99369E-05 0.0948875
0.0514661 9.991E-05 9.991E-05 9.991E-05 9.991E-05 0.0176809 9.991E-05 0.92222 9.991E-05 9.991E-05 9.991E-05 9.991E-05 9.991E-05 0.0076336
0.023934 0.0513283 9.9919E-05 0.877208 9.9919E-05 9.9919E-05 9.9919E-05 9.9919E-05 9.9919E-05 9.9919E-05 9.9919E-05 0.00985597 0.0367744 9.9919E-05
0.0309019 9.99099E-05 9.99099E-05 9.99099E-05 9.99099E-05 0.100414 9.99099E-05 0.866142 9.99099E-05 9.99099E-05 9.99099E-05 9.99099E-05 0.00154288 9.99099E-05
9.99369E-05 9.99369E-05 0.0477618 0.0962179 9.99369E-05 0.253244 0.0671189 0.328192 9.99369E-05 9.99369E-05 9.99369E-05 0.0816146 0.125151 9.99369E-05
0.0875761 9.994E-05 9.994E-05 0.145485 9.994E-05 0.242832 0.0300173 0.452278 9.994E-05 0.00601543 0.0304539 0.00474264 9.994E-05 9.994E-05
0.172978 0.0577047 9.99459E-05 9.99459E-05 0.0396561 0.367202 9.99459E-05 0.222706 0.0336813 9.99459E-05 0.0580028 9.99459E-05 9.99459E-05 0.04747
0.988605 9.98927E-05 9.98927E-05 9.98927E-05 9.98927E-05 9.98927E-05 9.98927E-05 9.98927E-05 9.98927E-05 9.98927E-05 9.98927E-05 0.0101962 9.98927E-05 9.98927E-05
9.98831E-05 9.98831E-05 9.98831E-05 9.98831E-05 9.98831E-05 9.98831E-05 9.98831E-05 9.98831E-05 0.998702 9.98831E-05 9.98831E-05 9.98831E-05 9.98831E-05 9.98831E-05
9.98832E-05 9.98832E-05 9.98832E-05 9.98832E-05 9.98832E-05 9.98832E-05 9.98832E-05 9.98832E-05 0.998702 9.98832E-05 9.98832E-05 9.98832E-05 9.98832E-05 9.98832E-05
9.99101E-05 9.99101E-05 9.99101E-05 9.99101E-05 9.99101E-05 0.00350358 9.99101E-05 0.00248635 0.992456 9.99101E-05 9.99101E-05 9.99101E-05 0.000555288 9.99101E-05
9.98832E-05 9.98832E-05 9.98832E-05 9.98832E-05 9.98832E-05 9.98832E-05 9.98832E-05 9.98832E-05 0.998702 9.98832E-05 9.98832E-05 9.98832E-05 9.98832E-05 9.98832E-05
9.98832E-05 9.98832E-05 9.98832E-05 9.98832E-05 9.98832E-05 9.98832E-05 9.98832E-05 9.98832E-05 0.998702 9.98832E-05 9.98832E-05 9.98832E-05 9.98832E-05 9.98832E-05
0.0157479 0.0155837 9.99461E-05 0.117228 9.99461E-05 9.99461E-05 0.0316792 9.99461E-05 0.339473 0.463396 9.99461E-05 0.0148442 0.00144765 9.99461E-05
9.98921E-05 9.98921E-05 9.98921E-05 9.98921E-05 9.98921E-05 9.98921E-05 0.0790407 9.98921E-05 0.919761 9.98921E-05 9.98921E-05 9.98921E-05 9.98921E-05 9.98921E-05
0.752238 9.99008E-05 9.99008E-05 0.182986 9.99008E-05 0.0636771 9.99008E-05 9.99008E-05 9.99008E-05 9.99008E-05 9.99008E-05 9.99008E-05 9.99008E-05 9.99008E-05
9.99189E-05 0.0368855 9.99189E-05 9.99189E-05 0.00986738 0.00285592 0.90378 9.99189E-05 0.0457121 9.99189E-05 9.99189E-05 9.99189E-05 9.99189E-05 9.99189E-05
9.9883E-05 9.9883E-05 9.9883E-05 9.9883E-05 9.9883E-05 9.9883E-05 9.9883E-05 9.9883E-05 9.9883E-05 9.9883E-05 0.998702 9.9883E-05 9.9883E-05 9.9883E-05
0.0597083 9.99101E-05 0.0371015 0.0878871 9.99101E-05 9.99101E-05 9.99101E-05 9.99101E-05 9.99101E-05 9.99101E-05 9.99101E-05 9.99101E-05 0.814304 9.99101E-05
9.99012E-05 9.99012E-05 9.99012E-05 0.853929 9.99012E-05 0.132228 9.99012E-05 9.99012E-05 9.99012E-05 9.99012E-05 9.99012E-05 9.99012E-05 0.0127441 9.99012E-05
9.98924E-05 0.0175561 9.98924E-05 9.98924E-05 9.98924E-05 9.98924E-05 9.98924E-05 9.98924E-05 9.98924E-05 9.98924E-05 9.98924E-05 9.98924E-05 0.981245 9.98924E-05
9.99009E-05 9.99009E-05 9.99009E-05 9.99009E-05 0.00603494 9.99009E-05 9.99009E-05 0.106324 9.99009E-05 9.99009E-05 9.99009E-05 9.99009E-05 0.886543 9.99009E-05
9.99098E-05 9.99098E-05 0.0572509 9.99098E-05 9.99098E-05 0.0640318 9.99098E-05 0.0551077 9.99098E-05 9.99098E-05 9.99098E-05 9.99098E-05 0.82261 9.99098E-05
0.0582391 9.99192E-05 9.99192E-05 9.99192E-05 9.99192E-05 9.99192E-05 9.99192E-05 0.0324143 0.00428907 0.00596477 9.99192E-05 0.898193 9.99192E-05 9.99192E-05
9.99284E-05 0.00128048 0.00296043 9.99284E-05 0.046768 9.99284E-05 0.00210737 9.99284E-05 0.0190087 9.99284E-05 0.927076 9.99284E-05 9.99284E-05 9.99284E-05
0.0527661 0.0412245 0.00064295 0.0572412 9.99641E-05 9.99641E-05 9.99641E-05 0.177852 0.164496 9.99641E-05 0.291939 0.0374548 0.14011 0.0358739
9.99013E-05 9.99013E-05 9.99013E-05 0.0218092 0.195944 9.99013E-05 9.99013E-05 9.99013E-05 9.99013E-05 9.99013E-05 0.781148 9.99013E-05 9.99013E-05 9.99013E-05
0.00745906 0.0218031 9.9937E-05 9.9937E-05 9.9937E-05 0.00216593 9.9937E-05 9.9937E-05 0.0350805 0.0129622 0.886755 9.9937E-05 9.9937E-05 0.0330749
9.9919E-05 0.0165897 9.9919E-05 0.0362138 9.9919E-05 9.9919E-05 9.9919E-05 9.9919E-05 0.00936241 0.0458289 0.891106 9.9919E-05 9.9919E-05 9.9919E-05
9.99281E-05 9.99281E-05 9.99281E-05 0.022041 0.041362 9.99281E-05 9.99281E-05 9.99281E-05 0.0456253 0.00983705 0.871822 0.00851303 9.99281E-05 9.99281E-05
9.99191E-05 9.99191E-05 9.99191E-05 9.99191E-05 9.99191E-05 0.0167291 0.00128078 0.0497988 9.99191E-05 0.177522 0.75377 9.99191E-05 9.99191E-05 9.99191E-05
9.991E-05 0.00279473 9.991E-05 9.991E-05 9.991E-05 0.0133412 9.991E-05 9.991E-05 0.0255067 9.991E-05 0.957358 9.991E-05 9.991E-05 9.991E-05
9.9883E-05 9.9883E-05 9.9883E-05 9.9883E-05 9.9883E-05 9.9883E-05 9.9883E-05 9.9883E-05 9.9883E-05 0.998702 9.9883E-05 9.9883E-05 9.9883E-05 9.9883E-05
9.99011E-05 0.069793 9.99011E-05 9.99011E-05 9.99011E-05 9.99011E-05 9.99011E-05 9.99011E-05 9.99011E-05 0.916286 9.99011E-05 9.99011E-05 0.0128221 9.99011E-05
9.99192E-05 9.99192E-05 9.99192E-05 9.99192E-05 0.0490631 9.99192E-05 9.99192E-05 9.99192E-05 0.0256684 9.99192E-05 0.912819 0.00450454 0.00704593 9.99192E-05
9.9892E-05 9.9892E-05 9.9892E-05 0.98624 9.9892E-05 9.9892E-05 9.9892E-05 9.9892E-05 0.0125612 9.9892E-05 9.9892E-05 9.9892E-05 9.9892E-05 9.9892E-05
9.9892E-05 9.9892E-05 9.9892E-05 0.996524 9.9892E-05 9.9892E-05 9.9892E-05 9.9892E-05 0.00227739 9.9892E-05 9.9892E-05 9.9892E-05 9.9892E-05 9.9892E-05
9.98832E-05 9.98832E-05 0.998702 9.98832E-05 9.98832E-05 9.98832E-05 9.98832E-05 9.98832E-05 9.98832E-05 9.98832E-05 9.98832E-05 9.98832E-05 9.98832E-05 9.98832E-05
9.98832E-05 9.98832E-05 0.998702 9.98832E-05 9.98832E-05 9.98832E-05 9.98832E-05 9.98832E-05 9.98832E-05 9.98832E-05 9.98832E-05 9.98832E-05 9.98832E-05 9.98832E-05
9.99099E-05 9.99099E-05 9.99099E-05 0.102463 9.99099E-05 9.99099E-05 0.0554795 0.81792 9.99099E-05 9.99099E-05 0.0231381 9.99099E-05 9.99099E-05 9.99099E-05
9.99099E-05 9.99099E-05 9.99099E-05 0.128831 9.99099E-05 9.99099E-05 0.0267392 0.767717 9.99099E-05 9.99099E-05 9.99099E-05 9.99099E-05 0.0757134 9.99099E-05
9.98922E-05 9.98922E-05 0.97361 0.0251912 9.98922E-05 9.98922E-05 9.98922E-05 9.98922E-05 9.98922E-05 9.98922E-05 9.98922E-05 9.98922E-05 9.98922E-05 9.98922E-05
9.98832E-05 9.98832E-05 0.998702 9.98832E-05 9.98832E-05 9.98832E-05 9.98832E-05 9.98832E-05 9.98832E-05 9.98832E-05 9.98832E-05 9.98832E-05 9.98832E-05 9.98832E-05
0.951782 0.0070747 9.991E-05 9.991E-05 9.991E-05 9.991E-05 9.991E-05 9.991E-05 0.00127301 9.991E-05 9.991E-05 9.991E-05 0.0388713 9.991E-05
0.00362642 0.0830096 9.99459E-05 0.467202 9.99459E-05 0.025002 0.0558648 0.14723 9.99459E-05 9.99459E-05 9.99459E-05 0.0765258 0.140939 9.99459E-05
9.99009E-05 0.0657046 9.99009E-05 9.99009E-05 9.99009E-05 9.99009E-05 0.859142 9.99009E-05 0.074055 9.99009E-05 9.99009E-05 9.99009E-05 9.99009E-05 9.99009E-05
9.9883E-05 9.9883E-05 9.9883E-05 9.9883E-05 9.9883E-05 0.998702 9.9883E-05 9.9883E-05 9.9883E-05 9.9883E-05 9.9883E-05 9.9883E-05 9.9883E-05 9.9883E-05
0.0348133 9.9928E-05 0.00847356 0.0198644 9.9928E-05 0.837404 9.9928E-05 9.9928E-05 9.9928E-05 9.9928E-05 9.9928E-05 9.9928E-05 0.0220535 0.0765914
9.99191E-05 9.99191E-05 0.0221894 9.99191E-05 9.99191E-05 9.99191E-05 9.99191E-05 9.99191E-05 0.00151136 0.72457 0.234242 0.0165882 9.99191E-05 9.99191E-05
