0.917717 0.0810839 9.98919E-05 9.98919E-05 9.98919E-05 9.98919E-05 9.98919E-05 9.98919E-05 9.98919E-05 9.98919E-05 9.98919E-05 9.98919E-05 9.98919E-05 9.98919E-05
9.99099E-05 9.99099E-05 0.211333 9.99099E-05 0.0373388 9.99099E-05 9.99099E-05 9.99099E-05 0.0959783 9.99099E-05 9.99099E-05 9.99099E-05 0.654351 9.99099E-05
9.99199E-05 9.99199E-05 9.99199E-05 0.0648154 9.99199E-05 0.171183 9.99199E-05 0.0138969 0.705603 9.99199E-05 9.99199E-05 9.99199E-05 9.99199E-05 0.0436026
9.99101E-05 0.00325198 9.99101E-05 0.0380967 9.99101E-05 9.99101E-05 9.99101E-05 9.99101E-05 0.951599 9.99101E-05 9.99101E-05 0.0060529 9.99101E-05 9.99101E-05
9.99371E-05 0.150113 0.0950969 9.99371E-05 9.99371E-05 0.27194 0.0395752 9.99371E-05 0.311282 9.99371E-05 9.99371E-05 0.0123028 0.118991 9.99371E-05
9.991E-05 9.991E-05 0.0516633 9.991E-05 9.991E-05 9.991E-05 0.0153234 9.991E-05 0.926162 0.0058526 9.991E-05 9.991E-05 9.991E-05 9.991E-05
9.99101E-05 9.99101E-05 9.99101E-05 9.99101E-05 9.99101E-05 0.449162 9.99101E-05 9.99101E-05 9.99101E-05 9.99101E-05 0.23853 9.99101E-05 0.0374692 0.27384
9.99278E-05 0.0399103 9.99278E-05 0.0207564 9.99278E-05 0.633273 9.99278E-05 9.99278E-05 0.109295 9.99278E-05 9.99278E-05 0.0794354 0.11653 9.99278E-05
9.9919E-05 0.0344556 9.9919E-05 9.9919E-05 9.9919E-05 0.391897 9.9919E-05 9.9919E-05 9.9919E-05 9.9919E-05 0.270869 9.9919E-05 0.12518 0.176699
9.98922E-05 0.987066 9.98922E-05 9.98922E-05 9.98922E-05 0.0117355 9.98922E-05 9.98922E-05 9.98922E-05 9.98922E-05 9.98922E-05 9.98922E-05 9.98922E-05 9.98922E-05
9.98833E-05 0.998702 9.98833E-05 9.98833E-05 9.98833E-05 9.98833E-05 9.98833E-05 9.98833E-05 9.98833E-05 9.98833E-05 9.98833E-05 9.98833E-05 9.98833E-05 9.98833E-05
0.648858 9.9928E-05 9.9928E-05 0.128862 9.9928E-05 0.0390295 0.0317945 9.9928E-05 0.0149086 9.9928E-05 9.9928E-05 9.9928E-05 9.9928E-05 0.135748
9.99012E-05 9.99012E-05 9.99012E-05 9.99012E-05 9.99012E-05 0.0545324 0.0189727 9.99012E-05 9.99012E-05 9.99012E-05 9.99012E-05 9.99012E-05 9.99012E-05 0.925396
9.99191E-05 9.99191E-05 0.045935 9.99191E-05 0.0143439 9.99191E-05 0.00834447 9.99191E-05 0.874201 9.99191E-05 9.99191E-05 9.99191E-05 0.056276 9.99191E-05
0.0105504 0.0140848 0.0518261 9.99102E-05 9.99102E-05 9.99102E-05 9.99102E-05 9.99102E-05 0.92254 9.99102E-05 9.99102E-05 9.99102E-05 9.99102E-05 9.99102E-05
9.991E-05 0.0240264 9.991E-05 9.991E-05 9.991E-05 9.991E-05 0.110675 9.991E-05 9.991E-05 9.991E-05 0.804685 9.991E-05 9.991E-05 0.0596148
9.99009E-05 0.0493093 9.99009E-05 9.99009E-05 0.944915 9.99009E-05 9.99009E-05 9.99009E-05 9.99009E-05 9.99009E-05 9.99009E-05 9.99009E-05 9.99009E-05 0.00467681
9.99279E-05 0.0941709 0.102394 9.99279E-05 9.99279E-05 9.99279E-05 9.99279E-05 0.696716 9.99279E-05 0.0325233 9.99279E-05 0.0239865 0.0494092 9.99279E-05
9.99101E-05 9.99101E-05 9.99101E-05 0.0513595 9.99101E-05 9.99101E-05 9.99101E-05 0.839472 9.99101E-05 0.107908 9.99101E-05 9.99101E-05 9.99101E-05 0.000261131
0.111489 0.372243 9.99188E-05 9.99188E-05 0.0270959 9.99188E-05 0.170656 9.99188E-05 9.99188E-05 9.99188E-05 0.317617 9.99188E-05 9.99188E-05 9.99188E-05
9.98831E-05 9.98831E-05 9.98831E-05 9.98831E-05 9.98831E-05 9.98831E-05 9.98831E-05 0.998702 9.98831E-05 9.98831E-05 9.98831E-05 9.98831E-05 9.98831E-05 9.98831E-05
0.43653 0.0324531 0.247301 0.00913347 0.0360352 9.99369E-05 9.99369E-05 9.99369E-05 9.99369E-05 9.99369E-05 0.216733 9.99369E-05 9.99369E-05 0.0211149
9.991E-05 0.124186 9.991E-05 0.160119 0.326142 9.991E-05 9.991E-05 0.388553 9.991E-05 9.991E-05 9.991E-05 9.991E-05 9.991E-05 9.991E-05
9.9901E-05 0.0390405 9.9901E-05 9.9901E-05 9.9901E-05 9.9901E-05 0.033961 0.9259 9.9901E-05 9.9901E-05 9.9901E-05 9.9901E-05 9.9901E-05 9.9901E-05
9.99013E-05 9.99013E-05 9.99013E-05 9.99013E-05 9.99013E-05 9.99013E-05 9.99013E-05 9.99013E-05 0.985373 9.99013E-05 9.99013E-05 0.00570856 0.00781906 9.99013E-05
9.98833E-05 9.98833E-05 9.98833E-05 9.98833E-05 9.98833E-05 9.98833E-05 9.98833E-05 9.98833E-05 0.998702 9.98833E-05 9.98833E-05 9.98833E-05 9.98833E-05 9.98833E-05
0.0780322 0.0617346 9.99188E-05 0.0302368 0.0712399 9.99188E-05 9.99188E-05 9.99188E-05 9.99188E-05 9.99188E-05 9.99188E-05 9.99188E-05 9.99188E-05 0.757857
9.991E-05 9.991E-05 9.991E-05 9.991E-05 9.991E-05 0.00762665 9.991E-05 9.991E-05 0.944191 9.991E-05 0.011016 0.0361674 9.991E-05 9.991E-05
9.99011E-05 9.99011E-05 9.99011E-05 9.99011E-05 9.99011E-05 9.99011E-05 9.99011E-05 9.99011E-05 0.895195 9.99011E-05 0.0500348 0.0536712 9.99011E-05 9.99011E-05
0.0111156 9.99281E-05 9.99281E-05 0.0249665 9.99281E-05 0.242222 9.99281E-05 9.99281E-05 0.549186 0.0399955 9.99281E-05 0.131715 9.99281E-05 9.99281E-05
9.99189E-05 9.99189E-05 9.99189E-05 0.0183491 0.0371095 0.471233 9.99189E-05 9.99189E-05 0.434434 9.99189E-05 9.99189E-05 0.0379751 9.99189E-05 9.99189E-05
9.98834E-05 9.98834E-05 9.98834E-05 9.98834E-05 9.98834E-05 9.98834E-05 9.98834E-05 9.98834E-05 9.98834E-05 9.98834E-05 9.98834E-05 9.98834E-05 0.998702 9.98834E-05
9.99012E-05 9.99012E-05 0.0347912 9.99012E-05 9.99012E-05 0.125995 9.99012E-05 9.99012E-05 0.838114 9.99012E-05 9.99012E-05 9.99012E-05 9.99012E-05 9.99012E-05
9.99012E-05 9.99012E-05 9.99012E-05 9.99012E-05 9.99012E-05 0.28295 9.99012E-05 9.99012E-05 9.99012E-05 9.99012E-05 9.99012E-05 0.713475 0.00247632 9.99012E-05
0.0250993 9.99548E-05 0.0530256 0.108653 0.230701 9.99548E-05 0.0460476 9.99548E-05 0.0351049 0.0021051 9.99548E-05 0.0267173 9.99548E-05 0.472047
9.99101E-05 9.99101E-05 0.0393665 9.99101E-05 9.99101E-05 0.0774104 0.0307057 9.99101E-05 0.840479 9.99101E-05 9.99101E-05 9.99101E-05 0.011139 9.99101E-05
0.966974 9.99011E-05 9.99011E-05 9.99011E-05 9.99011E-05 0.0269781 0.00494858 9.99011E-05 9.99011E-05 9.99011E-05 9.99011E-05 9.99011E-05 9.99011E-05 9.99011E-05
0.0944237 0.61931 0.0266574 9.9937E-05 0.0607194 9.9937E-05 9.9937E-05 9.9937E-05 9.9937E-05 0.00453092 9.9937E-05 0.00683472 0.186825 9.9937E-05
9.9901E-05 9.9901E-05 9.9901E-05 9.9901E-05 0.97771 0.0021719 9.9901E-05 9.9901E-05 0.0190192 9.9901E-05 9.9901E-05 9.9901E-05 9.9901E-05 9.9901E-05
9.9883E-05 9.9883E-05 0.998702 9.9883E-05 9.9883E-05 9.9883E-05 9.9883E-05 9.9883E-05 9.9883E-05 9.9883E-05 9.9883E-05 9.9883E-05 9.9883E-05 9.9883E-05
0.00244913 9.9892E-05 0.996352 9.9892E-05 9.9892E-05 9.9892E-05 9.9892E-05 9.9892E-05 9.9892E-05 9.9892E-05 9.9892E-05 9.9892E-05 9.9892E-05 9.9892E-05
0.00854593 0.833186 0.0714407 9.99279E-05 0.0279486 9.99279E-05 0.0428024 9.99279E-05 9.99279E-05 0.0152768 9.99279E-05 9.99279E-05 9.99279E-05 9.99279E-05
0.0406796 0.0338641 9.9919E-05 9.9919E-05 9.9919E-05 9.9919E-05 9.9919E-05 9.9919E-05 9.9919E-05 0.0103023 0.852099 9.9919E-05 9.9919E-05 0.0621557
0.0346345 0.857766 9.99189E-05 9.99189E-05 0.0138248 9.99189E-05 0.0823634 9.99189E-05 9.99189E-05 9.99189E-05 9.99189E-05 9.99189E-05 9.99189E-05 0.0105119
0.021038 0.297205 0.123016 0.0844701 9.99549E-05 9.99549E-05 0.147883 0.0971597 9.99549E-05 9.99549E-05 0.0445523 9.99549E-05 0.0404822 0.143695
0.0354348 0.390075 0.185871 9.99549E-05 9.99549E-05 0.039547 0.168201 9.99549E-05 0.037069 0.0738148 0.0613264 9.99549E-05 9.99549E-05 0.00816107
0.182796 0.195336 9.9955E-05 9.9955E-05 0.0991487 9.9955E-05 0.272657 9.9955E-05 0.089699 0.0225335 9.9955E-05 0.0449456 0.0104763 0.0819081
0.980076 9.98926E-05 9.98926E-05 9.98926E-05 9.98926E-05 9.98926E-05 9.98926E-05 9.98926E-05 9.98926E-05 0.0187258 9.98926E-05 9.98926E-05 9.98926E-05 9.98926E-05
9.98831E-05 9.98831E-05 9.98831E-05 9.98831E-05 9.98831E-05 9.98831E-05 9.98831E-05 9.98831E-05 9.98831E-05 9.98831E-05 9.98831E-05 0.998702 9.98831E-05 9.98831E-05
9.9919E-05 9.9919E-05 0.00879753 9.9919E-05 0.00385292 9.9919E-05 0.00266972 9.9919E-05 9.9919E-05 0.00877869 9.9919E-05 0.975002 9.9919E-05 9.9919E-05
9.99102E-05 0.00157674 0.00302006 9.99102E-05 9.99102E-05 9.99102E-05 9.99102E-05 9.99102E-05 9.99102E-05 9.99102E-05 0.00645296 0.987951 9.99102E-05 9.99102E-05
9.98832E-05 9.98832E-05 9.98832E-05 9.98832E-05 9.98832E-05 9.98832E-05 9.98832E-05 9.98832E-05 9.98832E-05 9.98832E-05 9.98832E-05 0.998702 9.98832E-05 9.98832E-05
9.98831E-05 9.98831E-05 9.98831E-05 9.98831E-05 9.98831E-05 9.98831E-05 9.98831E-05 9.98831E-05 9.98831E-05 9.98831E-05 9.98831E-05 0.998702 9.98831E-05 9.98831E-05
0.00422981 9.99372E-05 9.99372E-05 9.99372E-05 9.99372E-05 0.314195 9.99372E-05 0.0402796 0.0936841 9.99372E-05 0.127731 0.381595 0.0375847 9.99372E-05
9.99011E-05 9.99011E-05 0.00189294 9.99011E-05 9.99011E-05 9.99011E-05 9.99011E-05 9.99011E-05 9.99011E-05 9.99011E-05 9.99011E-05 0.922172 0.0748361 9.99011E-05
0.738206 9.99008E-05 9.99008E-05 9.99008E-05 9.99008E-05 9.99008E-05 0.0609421 9.99008E-05 9.99008E-05 9.99008E-05 0.199753 9.99008E-05 9.99008E-05 9.99008E-05
9.9901E-05 9.9901E-05 9.9901E-05 9.9901E-05 9.9901E-05 9.9901E-05 9.9901E-05 9.9901E-05 9.9901E-05 9.9901E-05 0.0134395 0.0305645 0.954897 9.9901E-05
9.99009E-05 9.99009E-05 0.0296965 9.99009E-05 9.99009E-05 9.99009E-05 0.00846285 9.99009E-05 0.960742 9.99009E-05 9.99009E-05 9.99009E-05 9.99009E-05 9.99009E-05
9.99101E-05 9.99101E-05 0.117987 0.0292686 9.99101E-05 9.99101E-05 9.99101E-05 9.99101E-05 9.99101E-05 9.99101E-05 0.0151981 9.99101E-05 9.99101E-05 0.836547
0.00223433 9.99012E-05 9.99012E-05 9.99012E-05 9.99012E-05 9.99012E-05 0.110846 9.99012E-05 9.99012E-05 9.99012E-05 0.88582 9.99012E-05 9.99012E-05 9.99012E-05
9.98834E-05 9.98834E-05 9.98834E-05 9.98834E-05 9.98834E-05 9.98834E-05 9.98834E-05 9.98834E-05 9.98834E-05 9.98834E-05 9.98834E-05 9.98834E-05 9.98834E-05 0.998702
0.0143673 0.0916591 9.99099E-05 9.99099E-05 9.99099E-05 9.99099E-05 9.99099E-05 9.99099E-05 0.0131143 9.99099E-05 9.99099E-05 9.99099E-05 9.99099E-05 0.87986
9.99279E-05 0.0617255 0.0278324 0.0253118 0.0150708 9.99279E-05 0.0646125 9.99279E-05 9.99279E-05 9.99279E-05 9.99279E-05 9.99279E-05 9.99279E-05 0.804648
9.98831E-05 9.98831E-05 9.98831E-05 9.98831E-05 9.98831E-05 9.98831E-05 9.98831E-05 9.98831E-05 9.98831E-05 0.998702 9.98831E-05 9.98831E-05 9.98831E-05 9.98831E-05
9.98925E-05 9.98925E-05 9.98925E-05 9.98925E-05 9.98925E-05 9.98925E-05 9.98925E-05 9.98925E-05 0.992339 9.98925E-05 0.00646262 9.98925E-05 9.98925E-05 9.98925E-05
0.192677 0.115012 9.9973E-05 0.0122946 0.00916996 0.212118 0.141816 0.066085 0.11816 9.9973E-05 0.0331956 9.9973E-05 0.0570592 0.0421121
9.99015E-05 9.99015E-05 9.99015E-05 9.99015E-05 9.99015E-05 9.99015E-05 9.99015E-05 9.99015E-05 0.941551 9.99015E-05 0.0383148 9.99015E-05 9.99015E-05 0.019035
9.99099E-05 9.99099E-05 0.075421 9.99099E-05 0.0341675 0.0640357 9.99099E-05 9.99099E-05 0.825377 9.99099E-05 9.99099E-05 9.99099E-05 9.99099E-05 9.99099E-05
9.9919E-05 9.9919E-05 9.9919E-05 9.9919E-05 9.9919E-05 0.0295942 9.9919E-05 9.9919E-05 0.880181 9.9919E-05 0.0455469 0.0384743 9.9919E-05 0.00530415
0.0101367 9.9937E-05 9.9937E-05 9.9937E-05 9.9937E-05 0.00225413 9.9937E-05 0.0214694 0.902032 9.9937E-05 0.0459252 0.00408583 0.0133977 9.9937E-05
9.99191E-05 0.0190558 0.0731342 0.00657233 9.99191E-05 0.152006 9.99191E-05 9.99191E-05 0.748332 9.99191E-05 9.99191E-05 9.99191E-05 9.99191E-05 9.99191E-05
9.99099E-05 9.99099E-05 0.0302864 9.99099E-05 9.99099E-05 0.0473969 0.00401508 9.99099E-05 0.917303 9.99099E-05 9.99099E-05 9.99099E-05 9.99099E-05 9.99099E-05
9.98918E-05 9.98918E-05 9.98918E-05 9.98918E-05 9.98918E-05 0.978182 9.98918E-05 9.98918E-05 9.98918E-05 9.98918E-05 9.98918E-05 0.0206194 9.98918E-05 9.98918E-05
9.9892E-05 9.9892E-05 9.9892E-05 9.9892E-05 9.9892E-05 0.980889 9.9892E-05 9.9892E-05 9.9892E-05 9.9892E-05 9.9892E-05 9.9892E-05 9.9892E-05 0.0179123
9.99371E-05 0.00662781 0.00657041 0.0105847 9.99371E-05 9.99371E-05 9.99371E-05 0.0131336 0.917457 9.99371E-05 9.99371E-05 0.0387258 9.99371E-05 0.00620091
9.99189E-05 9.99189E-05 0.0248388 0.000486281 0.0295787 9.99189E-05 9.99189E-05 9.99189E-05 9.99189E-05 9.99189E-05 0.916264 0.027933 9.99189E-05 9.99189E-05
9.98919E-05 9.98919E-05 9.98919E-05 0.000718363 9.98919E-05 9.98919E-05 9.98919E-05 9.98919E-05 9.98919E-05 9.98919E-05 0.998083 9.98919E-05 9.98919E-05 9.98919E-05
9.98832E-05 9.98832E-05 9.98832E-05 0.998702 9.98832E-05 9.98832E-05 9.98832E-05 9.98832E-05 9.98832E-05 9.98832E-05 9.98832E-05 9.98832E-05 9.98832E-05 9.98832E-05
9.98922E-05 9.98922E-05 9.98922E-05 0.996699 9.98922E-05 9.98922E-05 9.98922E-05 9.98922E-05 9.98922E-05 0.00210184 9.98922E-05 9.98922E-05 9.98922E-05 9.98922E-05
0.00504707 0.745595 0.1283 9.99279E-05 9.99279E-05 9.99279E-05 9.99279E-05 9.99279E-05 9.99279E-05 9.99279E-05 0.0325393 9.99279E-05 0.0450643 0.0426546
9.9919E-05 0.766824 0.143535 9.9919E-05 9.9919E-05 9.9919E-05 9.9919E-05 9.9919E-05 9.9919E-05 9.9919E-05 0.00719473 9.9919E-05 0.00549418 0.0760529
9.99011E-05 0.034533 9.99011E-05 0.956964 0.0074043 9.99011E-05 9.99011E-05 9.99011E-05 9.99011E-05 9.99011E-05 9.99011E-05 9.99011E-05 9.99011E-05 9.99011E-05
9.98832E-05 9.98832E-05 9.98832E-05 0.998702 9.98832E-05 9.98832E-05 9.98832E-05 9.98832E-05 9.98832E-05 9.98832E-05 9.98832E-05 9.98832E-05 9.98832E-05 9.98832E-05
0.938715 9.99009E-05 9.99009E-05 9.99009E-05 9.99009E-05 9.99009E-05 9.99009E-05 9.99009E-05 9.99009E-05 9.99009E-05 9.99009E-05 0.0371308 9.99009E-05 0.0230555
9.991E-05 9.991E-05 0.648567 9.991E-05 9.991E-05 9.991E-05 9.991E-05 0.016126 9.991E-05 9.991E-05 0.151352 9.991E-05 9.991E-05 0.182956
9.9901E-05 9.9901E-05 9.9901E-05 9.9901E-05 9.9901E-05 9.9901E-05 9.9901E-05 9.9901E-05 9.9901E-05 9.9901E-05 9.9901E-05 0.0428394 0.954258 0.00180398
9.9883E-05 9.9883E-05 9.9883E-05 9.9883E-05 9.9883E-05 9.9883E-05 0.998702 9.9883E-05 9.9883E-05 9.9883E-05 9.9883E-05 9.9883E-05 9.9883E-05 9.9883E-05
0.0560639 9.9919E-05 9.9919E-05 9.9919E-05 0.0503727 9.9919E-05 0.852048 9.9919E-05 9.9919E-05 9.9919E-05 0.0206782 9.9919E-05 9.9919E-05 0.0199376
9.9919E-05 9.9919E-05 9.9919E-05 0.0467132 9.9919E-05 0.545737 9.9919E-05 0.028706 0.316313 9.9919E-05 9.9919E-05 0.0616314 9.9919E-05 9.9919E-05
