0.974373 9.9982E-05 0.0254267 9.9982E-05
0.382783 9.9991E-05 0.333051 0.284066
0.119503 0.0338001 9.99911E-05 0.846597
9.998E-05 9.998E-05 9.998E-05 0.9997
0.243534 9.9991E-05 0.277112 0.479254
9.998E-05 9.998E-05 9.998E-05 0.9997
0.522058 9.99911E-05 0.430025 0.0478174
0.0888498 9.9991E-05 0.499864 0.411187
0.507496 9.99821E-05 0.492304 9.99821E-05
0.866139 9.9982E-05 0.133661 9.9982E-05
0.850455 9.9982E-05 0.149345 9.9982E-05
0.915049 9.99821E-05 9.99821E-05 0.0847509
0.940457 9.99821E-05 9.99821E-05 0.0593429
9.9982E-05 0.028599 9.9982E-05 0.971201
9.998E-05 9.998E-05 9.998E-05 0.9997
0.89232 9.9982E-05 0.10748 9.9982E-05
0.778475 0.171791 9.9991E-05 0.0496342
0.176349 0.71531 0.108242 9.9991E-05
9.998E-05 0.9997 9.998E-05 9.998E-05
0.97511 9.9982E-05 0.0246901 9.9982E-05
9.998E-05 0.9997 9.998E-05 9.998E-05
0.98859 9.9982E-05 0.0112104 9.9982E-05
0.366358 0.52891 0.0205351 0.0841969
0.0241073 0.975693 9.9982E-05 9.9982E-05
9.998E-05 9.998E-05 9.998E-05 0.9997
9.998E-05 9.998E-05 9.998E-05 0.9997
0.9997 9.998E-05 9.998E-05 9.998E-05
9.9982E-05 9.9982E-05 0.0970583 0.902742
9.9982E-05 9.9982E-05 0.117095 0.882705
9.9991E-05 0.0476825 0.290842 0.661375
9.9991E-05 0.0208965 0.318054 0.66095
0.246531 9.9991E-05 0.67123 0.0821389
9.998E-05 9.998E-05 9.998E-05 0.9997
0.00136875 9.9991E-05 0.909346 0.0891852
0.939916 9.9982E-05 9.9982E-05 0.059884
0.0197611 9.9982E-05 9.9982E-05 0.980039
0.923688 9.99821E-05 9.99821E-05 0.0761115
0.7099 0.0188041 0.252267 0.0190287
0.639185 0.163411 9.9991E-05 0.197304
0.845172 9.99819E-05 9.99819E-05 0.154628
0.894049 9.99819E-05 9.99819E-05 0.105751
0.955424 0.0085975 0.035878 9.9991E-05
0.898368 9.9982E-05 0.101432 9.9982E-05
0.903412 0.00115958 0.0953287 9.9991E-05
0.789859 0.156535 0.0535063 9.9991E-05
0.804191 0.0387618 0.0344275 0.12262
0.814967 9.9991E-05 0.0547909 0.130142
0.981673 0.0111123 0.00711473 9.99911E-05
9.998E-05 9.998E-05 0.9997 9.998E-05
9.998E-05 9.998E-05 0.9997 9.998E-05
9.998E-05 9.998E-05 0.9997 9.998E-05
9.998E-05 9.998E-05 0.9997 9.998E-05
9.998E-05 9.998E-05 0.9997 9.998E-05
0.0725852 0.0525188 0.582949 0.291948
9.998E-05 9.998E-05 0.9997 9.998E-05
0.997956 9.9982E-05 0.00184445 9.9982E-05
0.309902 9.9991E-05 0.622564 0.0674338
9.998E-05 9.998E-05 9.998E-05 0.9997
0.9997 9.998E-05 9.998E-05 9.998E-05
0.888935 9.9991E-05 0.035153 0.0758118
0.9925 9.99822E-05 9.99822E-05 0.00729955
0.9997 9.998E-05 9.998E-05 9.998E-05
0.9997 9.998E-05 9.998E-05 9.998E-05
0.0522101 0.906331 0.0413593 9.9991E-05
9.998E-05 9.998E-05 9.998E-05 0.9997
0.545745 0.0246405 0.129025 0.30059
9.99821E-05 9.99821E-05 0.00972697 0.990073
0.00242758 9.9991E-05 0.0236356 0.973837
9.9982E-05 9.9982E-05 0.103367 0.896433
9.9982E-05 9.9982E-05 0.0674558 0.932344
0.0579693 9.9991E-05 0.0539267 0.888004
9.9982E-05 9.9982E-05 0.00286856 0.996931
9.99821E-05 9.99821E-05 0.516161 0.483639
0.0182741 0.0319487 0.427802 0.521975
0.031501 9.9991E-05 0.00214576 0.966253
0.815742 9.9991E-05 0.151802 0.0323562
0.793957 9.9991E-05 0.184834 0.0211091
0.67973 0.195664 9.9991E-05 0.124506
0.680729 0.193409 9.9991E-05 0.125762
0.874056 9.99819E-05 0.125744 9.99819E-05
0.864974 9.99819E-05 0.134826 9.99819E-05
0.668095 0.188987 0.0154033 0.127515
0.659579 0.205999 9.9991E-05 0.134322
0.984584 9.9982E-05 0.0152164 9.9982E-05
0.892024 0.049737 0.0581386 9.9991E-05
0.271211 9.9991E-05 0.678561 0.0501278
0.714376 0.184248 9.9991E-05 0.101276
0.788193 0.16261 9.9991E-05 0.0490968
9.9991E-05 0.0332447 0.417764 0.548891
