0.953957 9.9982E-05 0.0458434 9.9982E-05
0.430573 0.558095 0.0112315 9.9991E-05
0.0465885 0.863346 0.0659534 0.0241119
9.9982E-05 0.967939 0.0318611 9.9982E-05
0.300072 0.695383 0.00444568 9.9991E-05
9.9982E-05 0.999349 0.000451494 9.9982E-05
0.728018 0.271783 9.99821E-05 9.99821E-05
0.148536 0.803656 0.0477079 9.9991E-05
0.670862 0.328938 9.99821E-05 9.99821E-05
0.863755 0.0193333 0.116812 9.9991E-05
0.84739 0.0157827 0.136727 9.9991E-05
0.799462 0.0027175 0.197721 9.9991E-05
0.970117 0.029683 9.99822E-05 9.99822E-05
9.9982E-05 0.954117 0.0456832 9.9982E-05
9.999E-05 0.984145 0.0142636 0.00149153
0.922909 0.0653506 0.0116406 9.9991E-05
0.568213 9.9991E-05 0.34942 0.0822667
0.217982 0.0290013 0.00316547 0.749851
9.9982E-05 9.9982E-05 0.0766259 0.923174
0.8114 9.9982E-05 0.1884 9.9982E-05
9.998E-05 9.998E-05 9.998E-05 0.9997
0.948996 9.9982E-05 0.0508043 9.9982E-05
0.135033 0.0290607 0.414846 0.42106
9.9982E-05 9.9982E-05 0.0782614 0.921539
9.998E-05 0.9997 9.998E-05 9.998E-05
9.998E-05 0.9997 9.998E-05 9.998E-05
0.908434 9.9982E-05 0.0913659 9.9982E-05
9.998E-05 0.9997 9.998E-05 9.998E-05
9.998E-05 0.9997 9.998E-05 9.998E-05
0.005763 0.921014 0.0362776 0.0369454
9.9991E-05 0.912718 0.0739047 0.0132775
0.406602 0.569594 9.9991E-05 0.023704
9.998E-05 0.9997 9.998E-05 9.998E-05
0.166307 0.833493 9.9982E-05 9.9982E-05
0.676325 0.0663537 0.257221 9.9991E-05
9.9982E-05 0.972101 0.0276992 9.9982E-05
0.886224 0.0635754 0.0501004 9.9991E-05
0.770506 0.150459 0.0415767 0.0374587
0.365126 0.13439 0.424611 0.0758736
0.790679 0.105105 0.102601 0.0016154
0.816257 0.0828744 0.098282 0.00258676
0.851492 9.9991E-05 0.123602 0.0248062
0.974637 0.0251634 9.9982E-05 9.9982E-05
0.843248 9.9991E-05 0.154791 0.00186126
0.694263 9.9991E-05 0.203623 0.102014
0.727752 0.114575 0.125352 0.0323217
0.699361 0.138244 0.162295 9.9991E-05
0.936965 9.99911E-05 0.012937 0.0499981
0.139832 0.818609 9.9991E-05 0.041459
0.168185 0.79052 9.9991E-05 0.041195
0.173438 0.774347 9.9991E-05 0.0521144
0.101352 0.844884 9.9991E-05 0.0536645
0.0846316 0.860624 9.9991E-05 0.0546449
0.229346 0.711812 9.9991E-05 0.058742
0.204953 0.778542 9.9991E-05 0.0164046
0.9997 9.998E-05 9.998E-05 9.998E-05
0.446225 0.553575 9.9982E-05 9.9982E-05
9.998E-05 0.9997 9.998E-05 9.998E-05
0.930291 0.00103527 0.0685741 9.9991E-05
0.909991 0.0580412 0.0318675 9.9991E-05
0.980752 9.99821E-05 9.99821E-05 0.0190477
0.9997 9.998E-05 9.998E-05 9.998E-05
0.881342 9.9991E-05 0.0986751 0.0198826
0.0288877 9.99821E-05 9.99821E-05 0.970912
9.998E-05 0.9997 9.998E-05 9.998E-05
0.536507 0.349683 0.11371 9.9991E-05
9.998E-05 0.9997 9.998E-05 9.998E-05
9.998E-05 0.9997 9.998E-05 9.998E-05
0.00948698 0.990313 9.9982E-05 9.9982E-05
9.998E-05 0.9997 9.998E-05 9.998E-05
0.0331906 0.928134 0.0385755 9.9991E-05
9.9982E-05 0.994538 0.00526205 9.9982E-05
0.0597426 0.940057 9.99821E-05 9.99821E-05
0.148872 0.827344 9.99911E-05 0.0236833
9.9982E-05 0.983232 0.0165685 9.9982E-05
0.812889 0.137425 0.0495865 9.9991E-05
0.806065 0.153561 0.0402744 9.9991E-05
9.998E-05 9.998E-05 0.9997 9.998E-05
9.998E-05 9.998E-05 0.9997 9.998E-05
0.83626 0.0364889 0.127151 9.9991E-05
0.907862 0.00536243 0.0866754 9.9991E-05
9.998E-05 9.998E-05 0.9997 9.998E-05
9.998E-05 9.998E-05 0.9997 9.998E-05
0.9997 9.998E-05 9.998E-05 9.998E-05
0.942226 0.00270898 9.9991E-05 0.0549653
0.455349 0.544451 9.9982E-05 9.9982E-05
0.504866 0.0728844 0.289352 0.132897
0.577329 9.9991E-05 0.345257 0.0773144
9.9991E-05 0.889026 0.0563407 0.0545337
