9.99549E-05 9.99549E-05 0.0229033 9.99549E-05 9.99549E-05 0.976597 9.99549E-05
9.9973E-05 0.301348 0.220469 0.236643 9.9973E-05 0.24124 9.9973E-05
0.0444444 0.830197 9.99822E-05 0.0125977 0.0310632 9.99822E-05 0.0814977
9.9955E-05 0.959044 9.9955E-05 9.9955E-05 0.0404567 9.9955E-05 9.9955E-05
9.99731E-05 0.459346 0.24194 0.236199 9.99731E-05 0.0622144 9.99731E-05
9.9964E-05 0.989224 9.9964E-05 9.9964E-05 0.00404698 0.00632937 9.9964E-05
9.99732E-05 0.0700427 0.272077 0.261492 9.99732E-05 9.99732E-05 0.396088
9.99731E-05 0.419911 0.140579 0.426306 0.0129046 9.99731E-05 9.99731E-05
9.99731E-05 0.0380514 0.335509 0.31649 9.99731E-05 9.99731E-05 0.309649
9.995E-05 9.995E-05 0.9994 9.995E-05 9.995E-05 9.995E-05 9.995E-05
9.995E-05 9.995E-05 0.9994 9.995E-05 9.995E-05 9.995E-05 9.995E-05
9.9973E-05 0.0215788 9.9973E-05 9.9973E-05 0.126893 0.668672 0.182557
9.995E-05 9.995E-05 9.995E-05 9.995E-05 9.995E-05 9.995E-05 0.9994
0.0202563 0.970138 9.9964E-05 9.9964E-05 9.9964E-05 0.00920621 9.9964E-05
0.00929345 0.937485 0.00116454 9.9973E-05 9.9973E-05 0.0517573 9.9973E-05
9.9973E-05 9.9973E-05 0.507215 0.0293289 9.9973E-05 0.117484 0.345673
0.0828117 9.9982E-05 0.364238 9.9982E-05 0.358997 0.0272312 0.166522
0.730837 9.99729E-05 0.143552 0.0621962 9.99729E-05 0.0631148 9.99729E-05
0.911042 9.9955E-05 9.9955E-05 9.9955E-05 0.0884583 9.9955E-05 9.9955E-05
9.9973E-05 9.9973E-05 0.752142 9.9973E-05 0.0700017 0.147484 0.0300731
0.9994 9.995E-05 9.995E-05 9.995E-05 9.995E-05 9.995E-05 9.995E-05
9.99729E-05 9.99729E-05 0.230483 9.99729E-05 0.0332293 0.624565 0.111422
0.383073 0.0154529 0.275587 9.9973E-05 0.325587 9.9973E-05 9.9973E-05
0.905075 9.9964E-05 0.00564149 9.9964E-05 0.0888841 9.9964E-05 9.9964E-05
9.99551E-05 0.995615 9.99551E-05 0.00388475 9.99551E-05 9.99551E-05 9.99551E-05
9.995E-05 0.9994 9.995E-05 9.995E-05 9.995E-05 9.995E-05 9.995E-05
9.99729E-05 9.99729E-05 0.033034 9.99729E-05 0.066835 0.105723 0.794108
9.9964E-05 0.911298 9.9964E-05 0.0692028 9.9964E-05 9.9964E-05 0.0190994
9.9964E-05 0.919692 9.9964E-05 0.074729 9.9964E-05 9.9964E-05 0.00517952
0.0270648 0.678856 9.9982E-05 0.284029 0.0073216 9.9982E-05 0.00252893
9.9973E-05 0.674282 0.00537721 0.253908 0.0661326 9.9973E-05 9.9973E-05
9.99731E-05 0.0822565 0.153934 0.559798 9.99731E-05 0.203711 9.99731E-05
9.99551E-05 0.977339 9.99551E-05 9.99551E-05 0.0221611 9.99551E-05 9.99551E-05
9.99641E-05 0.100124 9.99641E-05 0.895788 0.00368842 9.99641E-05 9.99641E-05
9.99729E-05 0.0466044 9.99729E-05 9.99729E-05 0.236567 0.0962934 0.620236
9.99729E-05 0.969699 9.99729E-05 9.99729E-05 0.00236925 0.00208006 0.0255517
9.995E-05 9.995E-05 9.995E-05 9.995E-05 9.995E-05 0.9994 9.995E-05
0.0218698 0.0261469 0.724927 0.0911194 9.9982E-05 0.135737 9.9982E-05
0.0757839 0.0976533 0.224421 9.9991E-05 0.402197 0.0541675 0.145676
9.99729E-05 0.0962952 0.567843 9.99729E-05 0.0131572 0.322405 9.99729E-05
9.99729E-05 0.0621623 0.545845 9.99729E-05 0.0337409 0.357952 9.99729E-05
0.003874 9.99639E-05 0.952967 9.99639E-05 9.99639E-05 0.0427591 9.99639E-05
9.9973E-05 9.9973E-05 0.577969 0.0317614 9.9973E-05 0.143943 0.246027
9.9973E-05 9.9973E-05 0.913885 9.9973E-05 0.0416307 0.0318522 0.0123319
0.106814 9.9991E-05 0.545855 0.0148945 0.136382 0.0342051 0.161749
0.0206755 0.0490957 0.708768 9.9991E-05 0.0298401 0.127535 0.0639863
9.999E-05 0.0807887 0.23376 0.0844605 0.117612 0.245449 0.237831
0.0181848 9.99553E-05 9.99553E-05 9.99553E-05 9.99553E-05 0.981315 9.99553E-05
9.995E-05 9.995E-05 9.995E-05 0.9994 9.995E-05 9.995E-05 9.995E-05
9.995E-05 9.995E-05 9.995E-05 0.9994 9.995E-05 9.995E-05 9.995E-05
9.99549E-05 9.99549E-05 9.99549E-05 0.992695 0.00680547 9.99549E-05 9.99549E-05
9.995E-05 9.995E-05 9.995E-05 0.9994 9.995E-05 9.995E-05 9.995E-05
9.995E-05 9.995E-05 9.995E-05 0.9994 9.995E-05 9.995E-05 9.995E-05
0.00840237 0.220213 0.134936 0.606298 9.99821E-05 9.99821E-05 0.0299508
9.99549E-05 9.99549E-05 9.99549E-05 0.994087 0.0054128 9.99549E-05 9.99549E-05
9.99639E-05 9.99639E-05 0.0381337 9.99639E-05 9.99639E-05 0.874181 0.0872857
9.9973E-05 0.131605 0.104381 0.501916 9.9973E-05 0.261798 9.9973E-05
9.995E-05 0.9994 9.995E-05 9.995E-05 9.995E-05 9.995E-05 9.995E-05
9.9964E-05 9.9964E-05 9.9964E-05 9.9964E-05 0.0569593 0.116941 0.8257
9.9973E-05 0.0579372 0.384582 9.9973E-05 9.9973E-05 0.194701 0.362479
9.995E-05 9.995E-05 9.995E-05 9.995E-05 9.995E-05 9.995E-05 0.9994
9.99639E-05 9.99639E-05 0.0896646 9.99639E-05 9.99639E-05 0.000598549 0.909337
0.0116937 9.99729E-05 0.0170496 9.99729E-05 0.106531 9.99729E-05 0.864425
0.906777 9.99641E-05 0.0103716 9.99641E-05 9.99641E-05 0.0824515 9.99641E-05
9.995E-05 0.9994 9.995E-05 9.995E-05 9.995E-05 9.995E-05 9.995E-05
0.019045 0.29731 0.0853876 0.145801 0.138625 0.16649 0.14734
9.99552E-05 0.961777 9.99552E-05 9.99552E-05 9.99552E-05 9.99552E-05 0.0377227
9.9964E-05 0.951137 9.9964E-05 0.00192571 9.9964E-05 0.0465372 9.9964E-05
9.9964E-05 0.905451 9.9964E-05 0.0764188 9.9964E-05 9.9964E-05 0.0177302
0.0144922 0.904328 9.9964E-05 0.0807802 9.9964E-05 9.9964E-05 9.9964E-05
9.99731E-05 0.929197 0.035206 0.00374699 9.99731E-05 0.0315502 9.99731E-05
9.99549E-05 0.986842 9.99549E-05 9.99549E-05 0.0126582 9.99549E-05 9.99549E-05
9.99643E-05 0.496103 0.0282169 0.47528 9.99643E-05 9.99643E-05 9.99643E-05
9.99643E-05 0.50675 9.99643E-05 0.34496 9.99643E-05 9.99643E-05 0.14789
9.9973E-05 0.950179 0.00464351 0.0372545 0.00762258 9.9973E-05 9.9973E-05
9.9982E-05 0.0957487 0.67348 0.047086 9.9982E-05 0.130749 0.0527356
9.9991E-05 0.0686756 0.596466 0.0366625 0.0306113 0.151047 0.116437
9.995E-05 9.995E-05 9.995E-05 9.995E-05 0.9994 9.995E-05 9.995E-05
9.995E-05 9.995E-05 9.995E-05 9.995E-05 0.9994 9.995E-05 9.995E-05
9.99639E-05 9.99639E-05 0.960879 0.0104772 9.99639E-05 0.0282442 9.99639E-05
9.99639E-05 9.99639E-05 0.917221 9.99639E-05 9.99639E-05 0.0219447 0.0604341
9.9955E-05 9.9955E-05 9.9955E-05 0.0305263 0.968974 9.9955E-05 9.9955E-05
9.995E-05 9.995E-05 9.995E-05 9.995E-05 0.9994 9.995E-05 9.995E-05
9.99639E-05 9.99639E-05 9.99639E-05 0.00216677 9.99639E-05 0.954683 0.0427502
0.0547788 0.000403479 0.541251 9.9982E-05 9.9982E-05 0.092784 0.310583
9.9973E-05 0.098743 0.181194 0.551873 9.9973E-05 0.16789 9.9973E-05
0.119583 0.0572297 0.174813 9.9991E-05 0.295738 0.0197936 0.332743
0.0442378 9.99731E-05 9.99731E-05 9.99731E-05 0.333628 0.209432 0.412402
0.0338627 0.627906 0.012377 0.317866 0.00778775 9.99821E-05 9.99821E-05
