9.99639E-05 0.0225256 9.99639E-05 0.0450896 0.931985 9.99639E-05 9.99639E-05
9.9973E-05 9.9973E-05 0.216156 0.184803 0.261899 9.9973E-05 0.336841
0.0713064 0.0323937 0.0805321 9.99822E-05 9.99822E-05 0.0382233 0.777345
9.9955E-05 0.0264643 9.9955E-05 9.9955E-05 9.9955E-05 9.9955E-05 0.973036
9.99731E-05 9.99731E-05 0.191026 0.288831 0.0482903 9.99731E-05 0.471553
9.9964E-05 0.0152446 9.9964E-05 9.9964E-05 0.0110787 9.9964E-05 0.973277
0.493603 9.99732E-05 0.254234 0.200873 9.99732E-05 9.99732E-05 0.05099
9.99731E-05 0.00659532 0.420782 0.136774 9.99731E-05 9.99731E-05 0.435549
0.304001 9.99731E-05 0.328135 0.301633 9.99731E-05 9.99731E-05 0.0659305
9.995E-05 9.995E-05 9.995E-05 0.9994 9.995E-05 9.995E-05 9.995E-05
9.995E-05 9.995E-05 9.995E-05 0.9994 9.995E-05 9.995E-05 9.995E-05
0.20278 0.119267 9.9973E-05 9.9973E-05 0.663545 9.9973E-05 0.0141075
0.9994 9.995E-05 9.995E-05 9.995E-05 9.995E-05 9.995E-05 9.995E-05
9.9964E-05 9.9964E-05 9.9964E-05 9.9964E-05 0.0250089 0.0136791 0.960912
9.9955E-05 9.9955E-05 9.9955E-05 9.9955E-05 0.0536479 9.9955E-05 0.945852
0.380226 0.00519718 0.0133859 0.470306 0.125379 9.9991E-05 0.00540563
0.150155 0.309397 9.9982E-05 0.448709 0.0278282 0.0637111 9.9982E-05
9.99639E-05 9.99639E-05 0.08252 0.229117 9.99639E-05 0.687964 9.99639E-05
9.9955E-05 0.0756782 9.9955E-05 9.9955E-05 9.9955E-05 0.923822 9.9955E-05
0.0519474 0.0837865 9.9973E-05 0.714328 0.149638 9.9973E-05 9.9973E-05
9.995E-05 9.995E-05 9.995E-05 9.995E-05 9.995E-05 0.9994 9.995E-05
0.118284 0.0197017 9.9973E-05 0.268707 0.593008 9.9973E-05 9.9973E-05
9.9973E-05 0.308322 0.0118691 0.309753 9.9973E-05 0.369756 9.9973E-05
9.99639E-05 0.0825454 9.99639E-05 0.0327127 9.99639E-05 0.884342 9.99639E-05
0.00383025 9.99641E-05 0.0217357 9.99641E-05 9.99641E-05 9.99641E-05 0.974034
9.995E-05 9.995E-05 9.995E-05 9.995E-05 9.995E-05 9.995E-05 0.9994
0.774585 0.0625419 9.99729E-05 0.0458515 0.116722 9.99729E-05 9.99729E-05
9.9955E-05 9.9955E-05 0.0676059 9.9955E-05 9.9955E-05 9.9955E-05 0.931894
0.00528978 9.9964E-05 0.0917797 9.9964E-05 9.9964E-05 9.9964E-05 0.902531
0.00228836 0.0019908 0.243683 9.9991E-05 0.00370606 0.0613704 0.686862
9.99731E-05 0.0401943 0.244498 0.0278707 9.99731E-05 9.99731E-05 0.687137
9.99731E-05 9.99731E-05 0.518464 0.116138 0.218512 9.99731E-05 0.146586
9.99551E-05 0.0042138 9.99551E-05 9.99551E-05 9.99551E-05 9.99551E-05 0.995286
0.02395 9.99641E-05 0.885345 9.99641E-05 9.99641E-05 9.99641E-05 0.0903048
0.576232 0.236622 9.99819E-05 0.0657551 0.0811509 9.99819E-05 0.0400403
0.0353473 9.99549E-05 9.99549E-05 9.99549E-05 9.99549E-05 9.99549E-05 0.964153
9.9955E-05 9.9955E-05 9.9955E-05 9.9955E-05 0.978487 9.9955E-05 0.0210136
9.9973E-05 9.9973E-05 0.0400851 0.799705 0.119892 9.9973E-05 0.0400186
0.15037 0.396851 9.9991E-05 0.279449 0.00584476 0.0627003 0.104685
9.99639E-05 9.99639E-05 9.99639E-05 0.623466 0.285298 9.99639E-05 0.0908362
9.99729E-05 0.0176508 9.99729E-05 0.619755 0.309103 9.99729E-05 0.0531915
9.99639E-05 9.99639E-05 9.99639E-05 0.941624 0.0555564 0.00241969 9.99639E-05
0.30763 9.99639E-05 9.99639E-05 0.541909 0.150061 9.99639E-05 9.99639E-05
0.031053 0.0501654 9.9964E-05 0.918382 9.9964E-05 9.9964E-05 9.9964E-05
0.145711 0.130225 9.9982E-05 0.559675 0.0622343 0.101955 9.9982E-05
0.0495362 0.0167912 9.9991E-05 0.677334 0.140015 0.0306357 0.0855885
0.230266 0.140658 0.0412798 0.285042 0.194241 9.9991E-05 0.108413
9.99553E-05 9.99553E-05 9.99553E-05 9.99553E-05 0.995293 0.0042071 9.99553E-05
9.995E-05 9.995E-05 0.9994 9.995E-05 9.995E-05 9.995E-05 9.995E-05
9.99549E-05 0.006456 0.993044 9.99549E-05 9.99549E-05 9.99549E-05 9.99549E-05
9.995E-05 9.995E-05 0.9994 9.995E-05 9.995E-05 9.995E-05 9.995E-05
9.995E-05 9.995E-05 0.9994 9.995E-05 9.995E-05 9.995E-05 9.995E-05
9.995E-05 9.995E-05 0.9994 9.995E-05 9.995E-05 9.995E-05 9.995E-05
0.031039 9.9991E-05 0.596658 0.09877 0.0195703 0.0292457 0.224617
9.9955E-05 0.00219345 0.997307 9.9955E-05 9.9955E-05 9.9955E-05 9.9955E-05
0.0910953 9.99639E-05 9.99639E-05 0.0255418 0.882963 9.99639E-05 9.99639E-05
9.9973E-05 9.9973E-05 0.477721 0.135907 0.228311 9.9973E-05 0.157762
9.995E-05 9.995E-05 9.995E-05 9.995E-05 9.995E-05 9.995E-05 0.9994
0.857654 0.0604922 9.99639E-05 9.99639E-05 0.0814544 9.99639E-05 9.99639E-05
0.432172 0.00549621 9.9982E-05 0.374241 0.133789 9.9982E-05 0.0541013
0.9994 9.995E-05 9.995E-05 9.995E-05 9.995E-05 9.995E-05 9.995E-05
0.893572 0.00442584 9.99729E-05 0.0655749 0.0361273 9.99729E-05 9.99729E-05
0.853422 0.0877758 9.99729E-05 0.0557293 9.99729E-05 0.00277254 9.99729E-05
9.99641E-05 9.99641E-05 0.0295757 9.99641E-05 0.0929652 0.877059 9.99641E-05
9.995E-05 9.995E-05 9.995E-05 9.995E-05 9.995E-05 9.995E-05 0.9994
0.182616 9.999E-05 0.202454 0.131471 0.117664 0.0840597 0.281635
0.0280225 9.99641E-05 0.0072033 9.99641E-05 9.99641E-05 9.99641E-05 0.964374
9.9964E-05 9.9964E-05 9.9964E-05 0.00594036 0.0232696 9.9964E-05 0.97039
0.0326959 9.9964E-05 0.0855394 9.9964E-05 9.9964E-05 9.9964E-05 0.881365
9.9973E-05 9.9973E-05 0.0468474 9.9973E-05 0.0309674 0.000769097 0.921116
9.99641E-05 9.99641E-05 9.99641E-05 0.0519811 0.0215929 9.99641E-05 0.926026
9.9964E-05 0.00048781 9.9964E-05 0.00136217 9.9964E-05 9.9964E-05 0.99775
9.99643E-05 9.99643E-05 0.428888 0.0433263 9.99643E-05 9.99643E-05 0.527386
0.175344 9.99642E-05 0.305692 9.99642E-05 9.99642E-05 9.99642E-05 0.518564
0.00565249 9.9964E-05 9.9964E-05 0.0128436 9.9964E-05 9.9964E-05 0.981104
0.139582 0.0049321 0.0182791 0.608613 0.135007 9.9991E-05 0.0934876
0.21353 9.9982E-05 0.0562341 0.566657 0.0908374 9.9982E-05 0.0725411
9.9955E-05 0.986352 9.9955E-05 9.9955E-05 0.0131487 9.9955E-05 9.9955E-05
9.995E-05 0.9994 9.995E-05 9.995E-05 9.995E-05 9.995E-05 9.995E-05
0.00544245 9.9973E-05 0.000981754 0.935269 0.0580069 9.9973E-05 9.9973E-05
0.0477034 9.9964E-05 9.9964E-05 0.930521 0.021376 9.9964E-05 9.9964E-05
9.9955E-05 0.994058 0.00544261 9.9955E-05 9.9955E-05 9.9955E-05 9.9955E-05
9.995E-05 0.9994 9.995E-05 9.995E-05 9.995E-05 9.995E-05 9.995E-05
0.0523628 9.99549E-05 9.99549E-05 9.99549E-05 0.947137 9.99549E-05 9.99549E-05
0.290442 9.9973E-05 9.9973E-05 0.565523 0.0975685 0.0461663 9.9973E-05
9.9973E-05 9.9973E-05 0.523825 0.195905 0.174625 9.9973E-05 0.105346
0.342982 0.253826 9.99821E-05 0.22531 9.99821E-05 0.119976 0.0577057
0.394369 0.3249 9.9982E-05 0.0511118 0.162719 0.0667001 9.9982E-05
9.99821E-05 0.0456418 0.30544 0.0142622 9.99821E-05 0.0343194 0.600137
