9.99639E-05 9.99639E-05 0.00576599 0.0541603 9.99639E-05 9.99639E-05 0.939674
9.9982E-05 9.9982E-05 0.00557989 0.257184 0.318692 0.206795 0.211549
0.00550674 0.147979 0.0464451 9.99822E-05 0.752542 0.0473273 9.99822E-05
9.9955E-05 9.9955E-05 0.0364557 9.9955E-05 0.963044 9.9955E-05 9.9955E-05
9.99731E-05 9.99731E-05 9.99731E-05 0.232197 0.45653 0.237968 0.0730052
9.9955E-05 9.9955E-05 0.0109447 9.9955E-05 0.988555 9.9955E-05 9.9955E-05
9.99731E-05 0.485051 9.99731E-05 0.178372 0.0462063 0.29007 9.99731E-05
9.99641E-05 9.99641E-05 9.99641E-05 0.173997 0.400788 0.424815 9.99641E-05
9.99731E-05 0.323152 9.99731E-05 0.296697 0.0176883 0.362162 9.99731E-05
9.995E-05 9.995E-05 9.995E-05 0.9994 9.995E-05 9.995E-05 9.995E-05
9.995E-05 9.995E-05 9.995E-05 0.9994 9.995E-05 9.995E-05 9.995E-05
9.9973E-05 0.160395 0.145614 9.9973E-05 0.02983 9.9973E-05 0.663862
9.995E-05 0.9994 9.995E-05 9.995E-05 9.995E-05 9.995E-05 9.995E-05
0.0266913 9.9973E-05 0.00675213 9.9973E-05 0.934277 9.9973E-05 0.03198
0.00110744 9.9964E-05 9.9964E-05 9.9964E-05 0.957715 9.9964E-05 0.0407774
9.9982E-05 0.323079 9.9982E-05 0.554015 0.0191353 0.0120997 0.0914715
0.060702 0.21168 0.340005 0.379128 9.9982E-05 9.9982E-05 0.00828416
0.709011 9.9973E-05 9.9973E-05 0.24043 9.9973E-05 0.021135 0.0291239
0.898193 9.9955E-05 0.101307 9.9955E-05 9.9955E-05 9.9955E-05 9.9955E-05
9.9973E-05 0.0327269 0.0836321 0.725998 9.9973E-05 9.9973E-05 0.157343
0.9994 9.995E-05 9.995E-05 9.995E-05 9.995E-05 9.995E-05 9.995E-05
9.9973E-05 0.0913714 0.0495664 0.325754 9.9973E-05 9.9973E-05 0.533008
0.414012 9.99703E-05 0.314751 0.270837 9.99703E-05 9.99703E-05 9.99703E-05
0.89387 9.99549E-05 0.10563 9.99549E-05 9.99549E-05 9.99549E-05 9.99549E-05
9.995E-05 9.995E-05 9.995E-05 9.995E-05 0.9994 9.995E-05 9.995E-05
9.995E-05 9.995E-05 9.995E-05 9.995E-05 0.9994 9.995E-05 9.995E-05
9.99729E-05 0.786178 0.075422 0.0393254 9.99729E-05 9.99729E-05 0.0987743
9.9955E-05 9.9955E-05 9.9955E-05 9.9955E-05 0.930731 0.068769 9.9955E-05
9.9964E-05 0.0140651 9.9964E-05 9.9964E-05 0.911927 0.0736081 9.9964E-05
0.0347957 0.0172346 9.9982E-05 9.9982E-05 0.692235 0.23048 0.0250551
9.99641E-05 9.99641E-05 0.05067 9.99641E-05 0.660366 0.288564 9.99641E-05
9.99731E-05 9.99731E-05 9.99731E-05 0.134711 0.105725 0.527628 0.231636
9.99641E-05 9.99641E-05 0.00336655 0.000386015 0.995848 9.99641E-05 9.99641E-05
9.9973E-05 0.0156798 0.00368349 9.9973E-05 0.0966837 0.883653 9.9973E-05
9.99819E-05 0.577522 0.204509 0.110331 0.0531206 9.99819E-05 0.054318
9.99639E-05 0.0260837 9.99639E-05 0.00163505 0.971881 9.99639E-05 9.99639E-05
9.9955E-05 9.9955E-05 9.9955E-05 9.9955E-05 0.000404592 9.9955E-05 0.999096
0.000811495 9.9982E-05 9.9982E-05 0.78978 0.0277831 0.083488 0.0979379
0.0345835 0.177236 0.400546 0.266999 0.120435 9.9982E-05 9.9982E-05
0.000613718 9.9982E-05 0.00711866 0.616742 0.0878801 9.9982E-05 0.287445
0.00946786 9.9982E-05 0.0246366 0.616112 0.0570147 9.9982E-05 0.292569
0.000592989 9.99654E-05 9.99654E-05 0.996323 9.99654E-05 9.99654E-05 0.00268435
9.9964E-05 0.237203 9.9964E-05 0.617557 9.9964E-05 9.9964E-05 0.14484
9.9964E-05 0.0435551 0.026306 0.929739 9.9964E-05 9.9964E-05 9.9964E-05
0.121718 0.19035 0.153002 0.477505 9.9982E-05 9.9982E-05 0.0572251
0.029631 0.0159825 0.0343383 0.710678 0.0822327 9.9991E-05 0.127038
9.999E-05 0.288478 0.0963995 0.281814 0.0925267 0.0504867 0.190195
0.0121139 9.99553E-05 9.99553E-05 9.99553E-05 9.99553E-05 9.99553E-05 0.987386
9.995E-05 9.995E-05 9.995E-05 9.995E-05 9.995E-05 0.9994 9.995E-05
9.995E-05 9.995E-05 9.995E-05 9.995E-05 9.995E-05 0.9994 9.995E-05
0.00322211 9.99639E-05 0.00096326 9.99639E-05 9.99639E-05 0.995415 9.99639E-05
9.995E-05 9.995E-05 9.995E-05 9.995E-05 9.995E-05 0.9994 9.995E-05
9.995E-05 9.995E-05 9.995E-05 9.995E-05 9.995E-05 0.9994 9.995E-05
0.0377006 9.99731E-05 9.99731E-05 0.0983068 0.27413 0.589563 9.99731E-05
9.99639E-05 9.99639E-05 0.00141388 9.99639E-05 9.99639E-05 0.986166 0.0120204
9.99639E-05 0.0542835 9.99639E-05 0.0463371 9.99639E-05 9.99639E-05 0.89898
9.9973E-05 9.9973E-05 9.9973E-05 0.159928 0.126618 0.508898 0.204256
9.995E-05 9.995E-05 9.995E-05 9.995E-05 0.9994 9.995E-05 9.995E-05
9.9964E-05 0.856584 0.0554558 9.9964E-05 9.9964E-05 9.9964E-05 0.0875602
9.9982E-05 0.291163 0.00312699 0.457133 0.0572893 9.9982E-05 0.191088
9.995E-05 0.9994 9.995E-05 9.995E-05 9.995E-05 9.995E-05 9.995E-05
9.99639E-05 0.891705 9.99639E-05 0.0897032 9.99639E-05 9.99639E-05 0.018192
9.99729E-05 0.839588 0.0899957 0.057927 9.99729E-05 9.99729E-05 0.0121898
0.874262 9.99551E-05 9.99551E-05 9.99551E-05 9.99551E-05 9.99551E-05 0.125239
9.995E-05 9.995E-05 9.995E-05 9.995E-05 0.9994 9.995E-05 9.995E-05
0.057544 0.129621 0.119038 0.182037 0.259465 0.149171 0.103124
9.99552E-05 0.014692 9.99552E-05 9.99552E-05 0.984808 9.99552E-05 9.99552E-05
9.9964E-05 9.9964E-05 9.9964E-05 9.9964E-05 0.928947 0.0415968 0.0290563
9.9964E-05 0.00300532 9.9964E-05 9.9964E-05 0.925775 0.0708199 9.9964E-05
9.9964E-05 9.9964E-05 9.9964E-05 9.9964E-05 0.925817 0.0543421 0.0194407
9.99641E-05 9.99641E-05 0.020243 0.0796639 0.899693 9.99641E-05 9.99641E-05
9.995E-05 9.995E-05 9.995E-05 9.995E-05 0.9994 9.995E-05 9.995E-05
9.99732E-05 0.00365853 9.99732E-05 9.99732E-05 0.527018 0.456803 0.0122215
9.99643E-05 0.187085 9.99643E-05 9.99643E-05 0.476672 0.335843 9.99643E-05
0.00208423 9.9982E-05 9.9982E-05 0.0312469 0.954969 0.0105 0.0009995
9.9982E-05 0.0832746 9.9982E-05 0.747382 0.0649582 0.0440076 0.0601777
9.9991E-05 0.0932735 0.014799 0.688158 0.0712896 0.0675634 0.0648163
9.995E-05 9.995E-05 0.9994 9.995E-05 9.995E-05 9.995E-05 9.995E-05
9.995E-05 9.995E-05 0.9994 9.995E-05 9.995E-05 9.995E-05 9.995E-05
9.9964E-05 9.9964E-05 9.9964E-05 0.93756 0.0129343 9.9964E-05 0.0491055
9.9955E-05 0.0618448 9.9955E-05 0.937655 9.9955E-05 9.9955E-05 9.9955E-05
9.995E-05 9.995E-05 0.9994 9.995E-05 9.995E-05 9.995E-05 9.995E-05
9.995E-05 9.995E-05 0.9994 9.995E-05 9.995E-05 9.995E-05 9.995E-05
9.99549E-05 0.049667 9.99549E-05 9.99549E-05 9.99549E-05 9.99549E-05 0.949833
0.0609536 0.241306 9.9982E-05 0.611681 0.00606823 9.9982E-05 0.0797917
9.9982E-05 0.00977813 9.9982E-05 0.178863 0.103882 0.538418 0.168859
0.124094 0.353426 0.318885 0.179324 0.0240719 9.99821E-05 9.99821E-05
0.059176 0.388309 0.36452 9.99731E-05 9.99731E-05 9.99731E-05 0.187694
0.0450272 9.99821E-05 0.0511322 0.0223945 0.631697 0.249549 9.99821E-05
