0.0226418 9.99369E-05 9.99369E-05 9.99369E-05 0.960422 9.99369E-05 9.99369E-05 9.99369E-05 0.0162368 9.99369E-05
0.015256 0.142947 9.99639E-05 0.710305 0.0424457 0.0095154 9.99639E-05 9.99639E-05 0.0791309 9.99639E-05
0.0571359 0.64453 0.0394544 9.99554E-05 9.99554E-05 9.99554E-05 9.99554E-05 0.209736 9.99554E-05 0.0486443
0.0203029 0.978898 9.9928E-05 9.9928E-05 9.9928E-05 9.9928E-05 9.9928E-05 9.9928E-05 9.9928E-05 9.9928E-05
9.99641E-05 0.319065 9.99641E-05 0.320137 9.99641E-05 0.0803067 0.0174631 0.14428 0.118348 9.99641E-05
9.99371E-05 0.985326 9.99371E-05 9.99371E-05 0.0124515 0.00152263 9.99371E-05 9.99371E-05 9.99371E-05 9.99371E-05
9.9946E-05 9.9946E-05 0.353614 0.0752895 9.9946E-05 9.9946E-05 9.9946E-05 0.431078 0.139418 9.9946E-05
0.0446882 0.1161 9.99639E-05 0.135743 9.99639E-05 9.99639E-05 0.12087 0.517927 0.0642732 9.99639E-05
9.9946E-05 9.9946E-05 0.26471 0.256157 9.9946E-05 9.9946E-05 9.9946E-05 0.313529 0.165005 9.9946E-05
9.99372E-05 9.99372E-05 9.99372E-05 9.99372E-05 9.99372E-05 0.0285035 9.99372E-05 0.00821322 0.962584 9.99372E-05
9.99282E-05 9.99282E-05 9.99282E-05 9.99282E-05 9.99282E-05 9.99282E-05 9.99282E-05 0.0133094 0.985891 9.99282E-05
0.162875 0.0371674 0.178328 9.9946E-05 0.62103 9.9946E-05 9.9946E-05 9.9946E-05 9.9946E-05 9.9946E-05
9.99282E-05 9.99282E-05 0.953655 9.99282E-05 9.99282E-05 9.99282E-05 9.99282E-05 0.0455456 9.99282E-05 9.99282E-05
9.99281E-05 0.936591 9.99281E-05 9.99281E-05 9.99281E-05 0.0626092 9.99281E-05 9.99281E-05 9.99281E-05 9.99281E-05
9.99461E-05 0.941364 9.99461E-05 0.0190133 0.0292065 9.99461E-05 9.99461E-05 9.99461E-05 0.00981612 9.99461E-05
9.9955E-05 0.00955852 0.301287 0.0463933 0.03504 9.9955E-05 9.9955E-05 9.9955E-05 0.607222 9.9955E-05
9.99278E-05 9.99278E-05 9.99278E-05 9.99278E-05 9.99278E-05 0.93512 9.99278E-05 9.99278E-05 0.0640803 9.99278E-05
9.99459E-05 9.99459E-05 9.99459E-05 0.0279989 9.99459E-05 9.99459E-05 0.0769729 9.99459E-05 0.168557 0.725872
0.0925681 9.9928E-05 9.9928E-05 9.9928E-05 9.9928E-05 9.9928E-05 9.9928E-05 9.9928E-05 9.9928E-05 0.906632
0.0251965 9.99459E-05 9.99459E-05 9.99459E-05 0.092797 0.133497 9.99459E-05 9.99459E-05 0.74791 9.99459E-05
9.99201E-05 9.99201E-05 9.99201E-05 9.99201E-05 9.99201E-05 9.99201E-05 9.99201E-05 9.99201E-05 9.99201E-05 0.999101
9.99459E-05 9.99459E-05 0.133911 9.99459E-05 0.509005 0.0319513 9.99459E-05 9.99459E-05 0.324534 9.99459E-05
0.0970869 9.9946E-05 9.9946E-05 9.9946E-05 9.9946E-05 0.558452 9.9946E-05 9.9946E-05 0.00623206 0.337629
9.99279E-05 9.99279E-05 9.99279E-05 9.99279E-05 9.99279E-05 0.0971331 9.99279E-05 9.99279E-05 9.99279E-05 0.902067
9.99282E-05 0.98971 9.99282E-05 9.99282E-05 9.99282E-05 9.99282E-05 0.0094903 9.99282E-05 9.99282E-05 9.99282E-05
9.99201E-05 0.999101 9.99201E-05 9.99201E-05 9.99201E-05 9.99201E-05 9.99201E-05 9.99201E-05 9.99201E-05 9.99201E-05
0.0361376 9.99549E-05 0.765585 9.99549E-05 0.0606252 0.071883 9.99549E-05 9.99549E-05 0.0652694 9.99549E-05
9.9955E-05 0.899597 0.00594617 0.0133197 9.9955E-05 9.9955E-05 0.0782897 0.00234782 9.9955E-05 9.9955E-05
9.9955E-05 0.880177 0.00988904 0.0326729 9.9955E-05 9.9955E-05 0.0595778 0.0171833 9.9955E-05 9.9955E-05
0.042777 0.629247 9.99731E-05 0.0140524 0.00562074 9.99731E-05 0.144428 0.142261 9.99731E-05 0.0213137
0.00674235 0.419041 9.9964E-05 0.00586731 9.9964E-05 0.0748991 0.138858 0.354192 9.9964E-05 9.9964E-05
9.99201E-05 9.99201E-05 9.99201E-05 0.999101 9.99201E-05 9.99201E-05 9.99201E-05 9.99201E-05 9.99201E-05 9.99201E-05
9.99281E-05 0.888644 9.99281E-05 9.99281E-05 9.99281E-05 9.99281E-05 9.99281E-05 0.110557 9.99281E-05 9.99281E-05
0.0102798 9.99641E-05 9.99641E-05 0.0078822 0.0195976 0.00128577 0.736639 0.223916 9.99641E-05 9.99641E-05
0.108602 0.0489905 0.455255 9.99639E-05 0.05281 0.324539 0.00940304 9.99639E-05 9.99639E-05 9.99639E-05
9.99459E-05 0.943896 0.0109408 9.99459E-05 9.99459E-05 0.00126148 9.99459E-05 0.0433019 9.99459E-05 9.99459E-05
9.9928E-05 9.9928E-05 9.9928E-05 9.9928E-05 0.956948 9.9928E-05 9.9928E-05 0.0422526 9.9928E-05 9.9928E-05
9.9964E-05 9.9964E-05 9.9964E-05 0.191462 0.0726354 0.0100298 9.9964E-05 0.045942 0.670082 0.00944896
9.99368E-05 9.99368E-05 9.99368E-05 0.000441701 9.99368E-05 0.938003 9.99368E-05 0.0608561 9.99368E-05 9.99368E-05
9.99459E-05 0.111509 9.99459E-05 9.99459E-05 0.197078 0.0696709 9.99459E-05 9.99459E-05 0.621143 9.99459E-05
9.99459E-05 0.0864615 9.99459E-05 9.99459E-05 0.255596 0.0203978 9.99459E-05 9.99459E-05 0.636945 9.99459E-05
9.99459E-05 9.99459E-05 9.99459E-05 9.99459E-05 0.0269768 0.100583 9.99459E-05 9.99459E-05 0.869297 0.00254366
9.9946E-05 9.9946E-05 0.222909 0.0450058 0.0555934 9.9946E-05 9.9946E-05 9.9946E-05 0.675893 9.9946E-05
9.9937E-05 9.9937E-05 9.9937E-05 9.9937E-05 0.00991532 0.143316 9.9937E-05 9.9937E-05 0.846069 9.9937E-05
0.0795908 9.9973E-05 0.131156 0.00757213 0.0694406 0.1819 9.9973E-05 9.9973E-05 0.43069 0.0993503
0.0221439 0.0273122 9.9982E-05 0.00208715 0.179284 0.0936131 9.9982E-05 0.0540754 0.580984 0.0403006
9.99639E-05 0.0644274 0.0960123 9.99639E-05 0.243085 0.42167 0.0549188 9.99639E-05 0.119487 9.99639E-05
9.99285E-05 9.99285E-05 9.99285E-05 9.99285E-05 0.989055 9.99285E-05 9.99285E-05 9.99285E-05 9.99285E-05 0.0101456
9.99201E-05 9.99201E-05 9.99201E-05 9.99201E-05 9.99201E-05 9.99201E-05 0.999101 9.99201E-05 9.99201E-05 9.99201E-05
9.99201E-05 9.99201E-05 9.99201E-05 9.99201E-05 9.99201E-05 9.99201E-05 0.999101 9.99201E-05 9.99201E-05 9.99201E-05
9.99201E-05 9.99201E-05 9.99201E-05 9.99201E-05 9.99201E-05 9.99201E-05 0.999101 9.99201E-05 9.99201E-05 9.99201E-05
9.99201E-05 9.99201E-05 9.99201E-05 9.99201E-05 9.99201E-05 9.99201E-05 0.999101 9.99201E-05 9.99201E-05 9.99201E-05
9.99201E-05 9.99201E-05 9.99201E-05 9.99201E-05 9.99201E-05 9.99201E-05 0.999101 9.99201E-05 9.99201E-05 9.99201E-05
9.99731E-05 0.125826 0.0290196 0.0671334 9.99731E-05 9.99731E-05 0.416162 0.221392 0.124061 0.0161056
9.9937E-05 9.9937E-05 9.9937E-05 0.0810656 0.00824699 9.9937E-05 0.909988 9.9937E-05 9.9937E-05 9.9937E-05
9.99369E-05 9.99369E-05 0.0924461 9.99369E-05 0.803943 9.99369E-05 9.99369E-05 9.99369E-05 0.102912 9.99369E-05
9.99279E-05 9.99279E-05 9.99279E-05 0.967091 9.99279E-05 9.99279E-05 0.0321095 9.99279E-05 9.99279E-05 9.99279E-05
9.99201E-05 0.999101 9.99201E-05 9.99201E-05 9.99201E-05 9.99201E-05 9.99201E-05 9.99201E-05 9.99201E-05 9.99201E-05
0.0655721 9.9946E-05 0.899783 9.9946E-05 0.0253868 9.9946E-05 0.00865858 9.9946E-05 9.9946E-05 9.9946E-05
9.99551E-05 0.0392071 0.275845 9.99551E-05 0.116193 9.99551E-05 9.99551E-05 0.0139459 0.554309 9.99551E-05
9.99282E-05 9.99282E-05 0.966833 9.99282E-05 9.99282E-05 9.99282E-05 9.99282E-05 0.0323676 9.99282E-05 9.99282E-05
9.99369E-05 9.99369E-05 0.904499 9.99369E-05 9.99369E-05 0.00304934 9.99369E-05 9.99369E-05 0.0917525 9.99369E-05
0.0799361 9.99368E-05 0.819228 9.99368E-05 9.99368E-05 0.100137 9.99368E-05 9.99368E-05 9.99368E-05 9.99368E-05
9.99371E-05 9.99371E-05 9.99371E-05 9.99371E-05 0.0809483 9.99371E-05 9.99371E-05 0.0151435 9.99371E-05 0.903209
9.99201E-05 0.999101 9.99201E-05 9.99201E-05 9.99201E-05 9.99201E-05 9.99201E-05 9.99201E-05 9.99201E-05 9.99201E-05
0.0333225 0.388972 0.183817 0.0915701 0.0935064 0.0327782 0.0230975 0.00877055 0.13738 0.00678616
9.99283E-05 0.914932 9.99283E-05 9.99283E-05 9.99283E-05 9.99283E-05 9.99283E-05 0.0842682 9.99283E-05 9.99283E-05
9.9946E-05 0.918861 9.9946E-05 9.9946E-05 0.0312402 0.0155049 0.0337947 9.9946E-05 9.9946E-05 9.9946E-05
9.9955E-05 0.895983 0.0245019 0.017826 9.9955E-05 9.9955E-05 0.0355153 0.025674 9.9955E-05 9.9955E-05
9.99538E-05 0.936076 9.99538E-05 0.0505784 0.0101832 9.99538E-05 0.00256267 9.99538E-05 9.99538E-05 9.99538E-05
0.0128342 0.847785 9.99641E-05 0.0015246 0.0288936 9.99641E-05 9.99641E-05 0.0939894 0.0145736 9.99641E-05
9.9928E-05 0.976371 9.9928E-05 9.9928E-05 9.9928E-05 0.02283 9.9928E-05 9.9928E-05 9.9928E-05 9.9928E-05
9.99278E-05 9.99278E-05 9.99278E-05 9.99278E-05 9.99278E-05 9.99278E-05 0.0405294 0.958671 9.99278E-05 9.99278E-05
9.99279E-05 9.99279E-05 0.0154237 9.99279E-05 9.99279E-05 9.99279E-05 9.99279E-05 0.983777 9.99279E-05 9.99279E-05
9.99461E-05 0.947076 9.99461E-05 9.99461E-05 9.99461E-05 9.99461E-05 0.0330126 9.99461E-05 0.017845 0.00146634
0.0121625 0.0631548 0.0561853 0.11274 9.9955E-05 9.9955E-05 9.9955E-05 9.9955E-05 0.755257 9.9955E-05
9.9955E-05 0.0784677 0.0928055 0.0666726 9.9955E-05 9.9955E-05 0.0057028 9.9955E-05 0.755852 9.9955E-05
0.999101 9.99201E-05 9.99201E-05 9.99201E-05 9.99201E-05 9.99201E-05 9.99201E-05 9.99201E-05 9.99201E-05 9.99201E-05
0.999101 9.99201E-05 9.99201E-05 9.99201E-05 9.99201E-05 9.99201E-05 9.99201E-05 9.99201E-05 9.99201E-05 9.99201E-05
0.00390793 9.9937E-05 9.9937E-05 0.0410313 9.9937E-05 9.9937E-05 9.9937E-05 9.9937E-05 0.954361 9.9937E-05
9.9946E-05 9.9946E-05 0.0311239 0.0283146 9.9946E-05 9.9946E-05 9.9946E-05 9.9946E-05 0.939162 0.000799588
0.975673 9.99371E-05 9.99371E-05 0.0197374 9.99371E-05 9.99371E-05 9.99371E-05 0.00388965 9.99371E-05 9.99371E-05
0.994603 9.99281E-05 9.99281E-05 9.99281E-05 0.00459781 9.99281E-05 9.99281E-05 9.99281E-05 9.99281E-05 9.99281E-05
9.993E-05 9.993E-05 0.040007 9.993E-05 0.940187 9.993E-05 0.0191065 9.993E-05 9.993E-05 9.993E-05
9.9955E-05 9.9955E-05 0.265006 0.0458134 0.00802589 9.9955E-05 9.9955E-05 9.9955E-05 0.622773 0.057882
9.9928E-05 9.9928E-05 9.9928E-05 0.958943 9.9928E-05 9.9928E-05 0.0402572 9.9928E-05 9.9928E-05 9.9928E-05
9.99552E-05 9.99552E-05 0.133203 0.0451778 9.99552E-05 0.800882 0.00957382 9.99552E-05 9.99552E-05 0.0106636
0.056175 9.99461E-05 0.19415 9.99461E-05 0.14412 0.604956 9.99461E-05 9.99461E-05 9.99461E-05 9.99461E-05
0.0649517 0.388388 9.99641E-05 0.0265441 9.99641E-05 9.99641E-05 0.12144 0.389067 9.99641E-05 0.00920902
