9.99279E-05 9.99279E-05 9.99279E-05 0.089645 9.99279E-05 9.99279E-05 9.99279E-05 9.99279E-05 9.99279E-05 0.909556
9.99458E-05 0.581596 0.082288 9.99458E-05 9.99458E-05 9.99458E-05 0.173991 9.99458E-05 9.99458E-05 0.161525
0.0259635 0.15289 9.99465E-05 9.99465E-05 9.99465E-05 0.106738 0.713808 9.99465E-05 9.99465E-05 9.99465E-05
9.9937E-05 9.9937E-05 9.9937E-05 0.014141 9.9937E-05 9.9937E-05 0.945072 9.9937E-05 0.040087 9.9937E-05
9.99641E-05 0.425961 0.04263 0.110427 0.0218002 9.99641E-05 0.356664 9.99641E-05 9.99641E-05 0.0421172
9.9928E-05 9.9928E-05 0.0260151 9.9928E-05 9.9928E-05 9.9928E-05 0.973186 9.9928E-05 9.9928E-05 9.9928E-05
9.9928E-05 0.734641 9.9928E-05 9.9928E-05 9.9928E-05 0.26456 9.9928E-05 9.9928E-05 9.9928E-05 9.9928E-05
9.9955E-05 0.380017 9.9955E-05 0.0526968 0.168618 9.9955E-05 0.382594 9.9955E-05 0.0155738 9.9955E-05
9.9937E-05 0.760022 9.9937E-05 9.9937E-05 9.9937E-05 0.168266 9.9937E-05 0.0710127 9.9937E-05 9.9937E-05
9.99281E-05 0.0413021 9.99281E-05 0.957899 9.99281E-05 9.99281E-05 9.99281E-05 9.99281E-05 9.99281E-05 9.99281E-05
9.99281E-05 0.0336983 9.99281E-05 0.965502 9.99281E-05 9.99281E-05 9.99281E-05 9.99281E-05 9.99281E-05 9.99281E-05
9.9946E-05 9.9946E-05 9.9946E-05 9.9946E-05 9.9946E-05 0.213724 0.00611848 9.9946E-05 0.136125 0.643433
9.99201E-05 9.99201E-05 9.99201E-05 9.99201E-05 9.99201E-05 0.999101 9.99201E-05 9.99201E-05 9.99201E-05 9.99201E-05
0.0218519 9.9946E-05 0.000914442 9.9946E-05 9.9946E-05 9.9946E-05 0.938958 9.9946E-05 9.9946E-05 0.0376755
9.9928E-05 9.9928E-05 9.9928E-05 9.9928E-05 9.9928E-05 9.9928E-05 0.930196 9.9928E-05 9.9928E-05 0.0690044
9.9946E-05 9.9946E-05 0.00969663 0.0486328 9.9946E-05 0.158577 9.9946E-05 0.782494 9.9946E-05 9.9946E-05
9.99279E-05 9.99279E-05 0.942438 0.0567627 9.99279E-05 9.99279E-05 9.99279E-05 9.99279E-05 9.99279E-05 9.99279E-05
0.703735 0.0239681 9.99639E-05 0.0535262 0.0499436 9.99639E-05 9.99639E-05 0.106867 9.99639E-05 0.0615607
0.922707 9.9928E-05 9.9928E-05 9.9928E-05 9.9928E-05 9.9928E-05 9.9928E-05 9.9928E-05 0.0764933 9.9928E-05
9.9955E-05 9.9955E-05 0.0568418 0.481862 9.9955E-05 9.9955E-05 9.9955E-05 0.334977 0.0527018 0.0731179
0.987901 9.99281E-05 9.99281E-05 9.99281E-05 9.99281E-05 9.99281E-05 0.0112992 9.99281E-05 9.99281E-05 9.99281E-05
9.99549E-05 9.99549E-05 0.0487715 0.0852616 9.99549E-05 0.0465063 9.99549E-05 0.34507 9.99549E-05 0.473891
0.355311 9.9955E-05 0.344093 0.144277 0.00675812 9.9955E-05 9.9955E-05 9.9955E-05 0.149061 9.9955E-05
0.926657 9.99369E-05 9.99369E-05 0.00463873 9.99369E-05 9.99369E-05 9.99369E-05 9.99369E-05 0.0680044 9.99369E-05
9.99201E-05 9.99201E-05 9.99201E-05 9.99201E-05 9.99201E-05 9.99201E-05 0.999101 9.99201E-05 9.99201E-05 9.99201E-05
9.99201E-05 9.99201E-05 9.99201E-05 9.99201E-05 9.99201E-05 9.99201E-05 0.999101 9.99201E-05 9.99201E-05 9.99201E-05
9.99548E-05 9.99548E-05 0.0588502 0.0635489 9.99548E-05 0.747563 9.99548E-05 9.99548E-05 0.0420283 0.0875095
9.9937E-05 9.9937E-05 9.9937E-05 9.9937E-05 0.0709978 0.0157058 0.912597 9.9937E-05 9.9937E-05 9.9937E-05
9.9946E-05 9.9946E-05 9.9946E-05 9.9946E-05 0.0579883 0.0191867 0.916524 0.00570104 9.9946E-05 9.9946E-05
0.0030361 0.120964 9.99641E-05 9.99641E-05 0.214469 0.0243909 0.610759 9.99641E-05 0.0259809 9.99641E-05
9.9955E-05 0.149842 0.0357496 9.9955E-05 0.145259 9.9955E-05 0.646271 9.9955E-05 0.0223779 9.9955E-05
9.9937E-05 0.819317 9.9937E-05 9.9937E-05 0.0866217 9.9937E-05 9.9937E-05 9.9937E-05 9.9937E-05 0.0933616
9.99372E-05 9.99372E-05 0.0413727 9.99372E-05 9.99372E-05 9.99372E-05 0.939613 0.0183149 9.99372E-05 9.99372E-05
9.99462E-05 0.170319 0.00475158 9.99462E-05 0.741707 9.99462E-05 0.0826219 9.99462E-05 9.99462E-05 9.99462E-05
9.99729E-05 9.99729E-05 0.28867 0.0180338 0.0350167 0.489613 0.0191173 9.99729E-05 0.0941461 0.0551039
9.99279E-05 9.99279E-05 9.99279E-05 9.99279E-05 9.99279E-05 0.0118504 0.98735 9.99279E-05 9.99279E-05 9.99279E-05
9.9937E-05 9.9937E-05 0.00144363 9.9937E-05 9.9937E-05 9.9937E-05 0.0143678 9.9937E-05 9.9937E-05 0.983489
0.0196637 0.193755 0.0410142 0.573561 0.023882 9.99729E-05 9.99729E-05 0.00184031 9.99729E-05 0.145984
9.99201E-05 9.99201E-05 0.999101 9.99201E-05 9.99201E-05 9.99201E-05 9.99201E-05 9.99201E-05 9.99201E-05 9.99201E-05
9.99549E-05 9.99549E-05 0.137578 0.238699 9.99549E-05 9.99549E-05 0.0457137 0.409588 9.99549E-05 0.167921
9.99639E-05 9.99639E-05 0.0609177 0.304563 9.99639E-05 9.99639E-05 0.0434245 0.302476 0.00238361 0.285835
9.995E-05 9.995E-05 0.0308551 0.906362 9.995E-05 0.00597339 9.995E-05 0.0092114 9.995E-05 0.0470984
0.00132034 9.9946E-05 9.9946E-05 0.017305 9.9946E-05 0.0844846 9.9946E-05 0.89629 9.9946E-05 9.9946E-05
9.9973E-05 9.9973E-05 0.00966143 0.943429 0.00260742 0.00406113 0.000286707 9.9973E-05 0.000755686 0.038899
0.123993 9.997E-05 9.997E-05 0.400183 0.00689434 0.143313 9.997E-05 0.14641 0.0917436 0.0871635
0.0379974 9.997E-05 9.997E-05 0.47405 9.997E-05 0.000415595 0.0883356 0.207356 0.0330087 0.158536
9.9973E-05 0.00732612 0.234182 0.26967 0.0359302 0.154251 0.0809783 9.9973E-05 9.9973E-05 0.217362
0.017857 9.99284E-05 9.99284E-05 9.99284E-05 9.99284E-05 9.99284E-05 9.99284E-05 9.99284E-05 9.99284E-05 0.981344
9.99201E-05 9.99201E-05 9.99201E-05 9.99201E-05 0.999101 9.99201E-05 9.99201E-05 9.99201E-05 9.99201E-05 9.99201E-05
9.99371E-05 9.99371E-05 9.99371E-05 9.99371E-05 0.991188 9.99371E-05 0.00617635 0.00193618 9.99371E-05 9.99371E-05
9.9928E-05 9.9928E-05 9.9928E-05 9.9928E-05 0.991274 9.9928E-05 9.9928E-05 0.00792611 9.9928E-05 9.9928E-05
9.99201E-05 9.99201E-05 9.99201E-05 9.99201E-05 0.999101 9.99201E-05 9.99201E-05 9.99201E-05 9.99201E-05 9.99201E-05
9.99201E-05 9.99201E-05 9.99201E-05 9.99201E-05 0.999101 9.99201E-05 9.99201E-05 9.99201E-05 9.99201E-05 9.99201E-05
0.0393839 0.234849 0.0239386 0.0113538 0.425405 9.99731E-05 0.226391 0.0383787 9.99731E-05 9.99731E-05
9.9955E-05 0.0291504 9.9955E-05 0.00247483 0.952611 9.9955E-05 9.9955E-05 0.00913619 9.9955E-05 0.00612766
9.99279E-05 9.99279E-05 9.99279E-05 9.99279E-05 9.99279E-05 9.99279E-05 9.99279E-05 0.195295 9.99279E-05 0.803906
9.99548E-05 0.742366 9.99548E-05 9.99548E-05 0.135658 9.99548E-05 0.0191944 9.99548E-05 0.0346576 0.0676234
9.99279E-05 9.99279E-05 0.0122895 9.99279E-05 9.99279E-05 9.99279E-05 0.986911 9.99279E-05 9.99279E-05 9.99279E-05
9.9946E-05 9.9946E-05 9.9946E-05 9.9946E-05 9.9946E-05 0.78168 9.9946E-05 0.111396 0.0318993 0.0744245
9.99282E-05 9.99282E-05 9.99282E-05 9.99282E-05 9.99282E-05 0.112812 9.99282E-05 0.886389 9.99282E-05 9.99282E-05
9.99201E-05 9.99201E-05 9.99201E-05 9.99201E-05 9.99201E-05 0.999101 9.99201E-05 9.99201E-05 9.99201E-05 9.99201E-05
9.99279E-05 9.99279E-05 9.99279E-05 0.135873 9.99279E-05 0.863328 9.99279E-05 9.99279E-05 9.99279E-05 9.99279E-05
9.99369E-05 9.99369E-05 9.99369E-05 0.145168 9.99369E-05 0.808038 9.99369E-05 9.99369E-05 0.046094 9.99369E-05
0.907549 9.99282E-05 9.99282E-05 9.99282E-05 9.99282E-05 9.99282E-05 9.99282E-05 9.99282E-05 9.99282E-05 0.0916514
9.99283E-05 9.99283E-05 9.99283E-05 9.99283E-05 9.99283E-05 9.99283E-05 0.979955 0.0192455 9.99283E-05 9.99283E-05
0.0677202 0.106868 0.0397002 0.0526345 0.0406429 0.104884 0.295858 0.0938899 0.0713343 0.126468
9.99283E-05 9.99283E-05 9.99283E-05 9.99283E-05 0.0149904 9.99283E-05 0.98421 9.99283E-05 9.99283E-05 9.99283E-05
9.9946E-05 9.9946E-05 0.0468886 9.9946E-05 0.0241131 9.9946E-05 0.923651 9.9946E-05 9.9946E-05 0.00474782
9.9946E-05 9.9946E-05 9.9946E-05 9.9946E-05 0.0456181 0.024997 0.884379 0.0444065 9.9946E-05 9.9946E-05
0.00218694 0.0370108 9.9955E-05 9.9955E-05 0.0161862 9.9955E-05 0.926158 0.0179586 9.9955E-05 9.9955E-05
9.99461E-05 0.0687076 9.99461E-05 0.0502398 9.99461E-05 9.99461E-05 0.875119 9.99461E-05 0.00533431 9.99461E-05
9.99279E-05 9.99279E-05 0.0314534 9.99279E-05 9.99279E-05 9.99279E-05 0.967747 9.99279E-05 9.99279E-05 9.99279E-05
9.99462E-05 0.38658 0.00433369 9.99462E-05 0.198414 9.99462E-05 0.410072 9.99462E-05 9.99462E-05 9.99462E-05
9.99463E-05 0.403849 9.99463E-05 9.99463E-05 0.0322432 0.0982811 0.465027 9.99463E-05 9.99463E-05 9.99463E-05
9.99371E-05 9.99371E-05 9.99371E-05 9.99371E-05 0.00340849 9.99371E-05 0.957543 0.0383491 9.99371E-05 9.99371E-05
9.9946E-05 0.00183057 9.9946E-05 9.9946E-05 0.0016763 9.9946E-05 0.0219938 0.9739 9.9946E-05 9.9946E-05
9.99279E-05 9.99279E-05 9.99279E-05 9.99279E-05 0.00729013 9.99279E-05 9.99279E-05 0.99191 9.99279E-05 9.99279E-05
9.99281E-05 9.99281E-05 9.99281E-05 9.99281E-05 9.99281E-05 9.99281E-05 9.99281E-05 9.99281E-05 0.994079 0.00512111
9.99281E-05 9.99281E-05 9.99281E-05 9.99281E-05 9.99281E-05 0.00631948 9.99281E-05 9.99281E-05 0.992881 9.99281E-05
9.99549E-05 9.99549E-05 9.99549E-05 0.821917 9.99549E-05 0.00913377 0.0348238 0.102487 9.99549E-05 0.0311383
9.9964E-05 0.0132502 9.9964E-05 0.786001 9.9964E-05 0.045964 0.00648749 0.109727 9.9964E-05 0.0381707
9.99281E-05 9.99281E-05 9.99281E-05 9.99281E-05 0.0111767 9.99281E-05 9.99281E-05 9.99281E-05 0.988024 9.99281E-05
9.99201E-05 9.99201E-05 9.99201E-05 9.99201E-05 9.99201E-05 9.99201E-05 9.99201E-05 9.99201E-05 0.999101 9.99201E-05
9.9937E-05 9.9937E-05 9.9937E-05 9.9937E-05 0.00939102 0.0236008 9.9937E-05 9.9937E-05 9.9937E-05 0.966309
0.0640787 0.0503305 9.9964E-05 0.174341 9.9964E-05 0.144526 9.9964E-05 0.53952 9.9964E-05 0.0268034
9.99458E-05 0.790992 9.99458E-05 9.99458E-05 0.147164 9.99458E-05 9.99458E-05 9.99458E-05 0.00976204 0.051482
0.0743197 9.99641E-05 0.247772 0.224136 9.99641E-05 0.289086 0.0267388 9.99641E-05 0.137547 9.99641E-05
0.0315507 9.99551E-05 0.417607 9.99551E-05 9.99551E-05 0.290177 9.99551E-05 9.99551E-05 0.135205 0.12496
0.0467938 0.250127 9.99551E-05 9.99551E-05 0.134089 9.99551E-05 0.564079 9.99551E-05 0.00441094 9.99551E-05
