0.0289361 9.9973E-05 9.9973E-05 9.9973E-05 0.970764
0.0268357 0.276393 9.9991E-05 0.306249 0.390423
0.0907436 0.0292457 0.0436515 0.798629 0.0377306
0.0231466 9.9973E-05 9.9973E-05 0.976553 9.9973E-05
9.99821E-05 0.298082 9.99821E-05 0.466211 0.235507
9.9973E-05 9.9973E-05 0.000182905 0.999517 9.9973E-05
9.99821E-05 0.34263 9.99821E-05 0.0638945 0.593276
0.0547776 0.438167 9.9991E-05 0.434725 0.0722305
9.998E-05 0.404617 9.998E-05 0.0338773 0.561306
0.116706 0.143958 9.9982E-05 9.9982E-05 0.739136
0.0976422 0.0792305 9.9982E-05 9.9982E-05 0.822927
0.160932 9.9982E-05 9.9982E-05 0.0617411 0.777127
0.0036219 9.99822E-05 9.99822E-05 0.0682609 0.927917
9.9982E-05 9.9982E-05 0.0218983 0.959468 0.0184343
0.00950709 9.9982E-05 0.00654143 0.983752 9.9982E-05
0.0226732 0.0814351 9.9991E-05 0.000788515 0.895003
0.417944 9.9982E-05 0.0825213 9.9982E-05 0.499335
9.99819E-05 0.0813157 0.745202 9.99819E-05 0.173282
0.095346 9.9973E-05 0.904354 9.9973E-05 9.9973E-05
0.139619 0.0386561 9.9982E-05 9.9982E-05 0.821525
9.997E-05 9.997E-05 0.9996 9.997E-05 9.997E-05
0.0299644 0.012096 9.9991E-05 0.0062298 0.95161
0.415467 0.0797501 0.424585 9.9991E-05 0.0800976
0.0928637 9.9973E-05 0.906836 9.9973E-05 9.9973E-05
9.997E-05 9.997E-05 9.997E-05 0.9996 9.997E-05
9.997E-05 9.997E-05 9.997E-05 0.9996 9.997E-05
0.0721028 9.9973E-05 9.9973E-05 9.9973E-05 0.927597
9.9973E-05 0.0797071 9.9973E-05 0.919993 9.9973E-05
9.9982E-05 0.0913858 9.9982E-05 0.907381 0.00103373
0.016065 0.255119 0.0390369 0.68968 9.9991E-05
0.0565712 0.321441 9.998E-05 0.621788 9.998E-05
9.998E-05 0.586897 9.998E-05 0.123271 0.289631
9.997E-05 9.997E-05 9.997E-05 0.9996 9.997E-05
0.0179613 0.895905 9.9982E-05 0.085934 9.9982E-05
0.244998 9.9982E-05 9.9982E-05 0.0720288 0.682773
9.9973E-05 9.9973E-05 9.9973E-05 0.961097 0.0386031
0.0244963 9.99821E-05 9.99821E-05 0.0803263 0.894977
0.0385368 0.168562 0.0355939 0.053244 0.704064
0.425948 9.9991E-05 0.0466989 0.14885 0.378403
0.0412579 9.9991E-05 0.00826808 0.156879 0.793495
0.0781892 9.9991E-05 0.00410305 0.0936088 0.823999
0.0964767 0.0141044 0.0238937 9.9991E-05 0.865425
9.998E-05 0.0507851 9.998E-05 0.00575747 0.943257
0.161268 0.0442813 0.00529881 9.999E-05 0.789052
0.185119 0.0182234 0.121023 9.999E-05 0.675535
0.0979533 0.0459331 0.0445389 0.0701897 0.741385
0.120905 0.06593 9.9991E-05 0.111009 0.702056
9.99822E-05 0.0219707 0.0482019 9.99822E-05 0.929627
9.997E-05 0.9996 9.997E-05 9.997E-05 9.997E-05
9.997E-05 0.9996 9.997E-05 9.997E-05 9.997E-05
9.997E-05 0.9996 9.997E-05 9.997E-05 9.997E-05
9.997E-05 0.9996 9.997E-05 9.997E-05 9.997E-05
9.997E-05 0.9996 9.997E-05 9.997E-05 9.997E-05
0.021728 0.618728 0.033751 0.245813 0.0799802
0.0029523 0.996748 9.9973E-05 9.9973E-05 9.9973E-05
9.997E-05 9.997E-05 9.997E-05 9.997E-05 0.9996
0.0153746 0.554798 9.9991E-05 0.114149 0.315578
9.997E-05 9.997E-05 9.997E-05 0.9996 9.997E-05
0.0296073 9.99821E-05 9.99821E-05 0.0217929 0.9484
0.0242752 9.998E-05 9.998E-05 0.10365 0.871875
9.99732E-05 9.99732E-05 0.00831048 9.99732E-05 0.99139
9.99731E-05 9.99731E-05 9.99731E-05 0.00394591 0.995754
0.0835749 9.9982E-05 0.0185058 9.9982E-05 0.897719
9.99821E-05 0.0332088 0.917404 9.99821E-05 0.0491871
9.997E-05 9.997E-05 9.997E-05 0.9996 9.997E-05
0.112931 0.275743 0.0259073 0.304458 0.28096
9.997E-05 9.997E-05 9.997E-05 0.9996 9.997E-05
9.9973E-05 9.9973E-05 9.9973E-05 0.992871 0.00682944
9.9973E-05 0.114556 9.9973E-05 0.885144 9.9973E-05
9.9991E-05 0.0658813 0.0216698 0.909852 0.00249734
9.99731E-05 9.99731E-05 9.99731E-05 0.944891 0.0548089
9.997E-05 9.997E-05 9.997E-05 0.9996 9.997E-05
9.99732E-05 0.495247 9.99732E-05 0.504454 9.99732E-05
9.99911E-05 0.352588 0.0174537 0.534442 0.095416
9.9991E-05 0.0321239 0.00921769 0.955459 0.00309906
0.0624046 0.145149 9.9991E-05 0.0424056 0.749941
0.0502893 0.132886 9.9991E-05 0.0479715 0.768753
0.9996 9.997E-05 9.997E-05 9.997E-05 9.997E-05
0.9996 9.997E-05 9.997E-05 9.997E-05 9.997E-05
0.0944634 0.128124 0.0172903 9.9991E-05 0.760023
0.0628273 0.106068 0.0155257 9.9991E-05 0.815479
0.9996 9.997E-05 9.997E-05 9.997E-05 9.997E-05
0.9996 9.997E-05 9.997E-05 9.997E-05 9.997E-05
9.9982E-05 0.00435645 9.9982E-05 0.00068545 0.994758
9.999E-05 0.0435708 0.057664 0.0270806 0.871585
9.998E-05 0.573857 9.998E-05 0.101714 0.324229
0.312817 9.9991E-05 0.133479 0.0504668 0.503137
0.309151 9.9991E-05 0.0774261 0.0193354 0.593987
0.0678313 0.366237 0.0338865 0.531945 9.9991E-05
