9.996E-05 9.996E-05 9.996E-05 9.996E-05 9.996E-05 0.9995
9.9973E-05 0.272573 0.285633 9.9973E-05 9.9973E-05 0.441493
0.0381971 0.0707405 0.779419 0.00254535 0.108998 9.99911E-05
0.0445007 9.9964E-05 0.955099 9.9964E-05 9.9964E-05 9.9964E-05
9.99731E-05 0.290847 0.426805 9.99731E-05 9.99731E-05 0.282048
0.00569184 9.9982E-05 0.981085 0.00461651 9.9982E-05 0.00840633
9.99642E-05 0.40943 9.99642E-05 9.99642E-05 0.59017 9.99642E-05
0.0302192 0.515974 0.369232 9.9982E-05 9.9982E-05 0.0843755
9.99731E-05 0.434976 9.99731E-05 9.99731E-05 0.477317 0.0874073
0.0968121 0.124181 9.9982E-05 9.9982E-05 0.0712473 0.707559
0.0681076 0.116445 9.9982E-05 9.9982E-05 0.0913476 0.7239
0.120313 9.9982E-05 0.0617361 9.9982E-05 0.158748 0.659003
9.996E-05 9.996E-05 9.996E-05 9.996E-05 0.9995 9.996E-05
9.9973E-05 9.9973E-05 0.966194 0.0226033 9.9973E-05 0.0109029
9.9973E-05 9.9973E-05 0.937453 0.000961042 9.9973E-05 0.0612856
0.00567023 0.0629388 9.9982E-05 9.9982E-05 0.287131 0.64406
0.35621 9.9991E-05 0.00184668 0.0928377 0.166968 0.382037
9.99729E-05 0.0703253 9.99729E-05 0.718461 9.99729E-05 0.210914
0.106078 9.9964E-05 9.9964E-05 0.893523 9.9964E-05 9.9964E-05
0.12263 9.9973E-05 9.9973E-05 9.9973E-05 0.0410338 0.836036
9.996E-05 9.996E-05 9.996E-05 0.9995 9.996E-05 9.996E-05
0.00664659 9.9973E-05 9.9973E-05 9.9973E-05 0.0633646 0.929689
0.385056 0.0450385 9.9982E-05 0.418449 9.9982E-05 0.151256
0.106243 9.99639E-05 9.99639E-05 0.893357 9.99639E-05 9.99639E-05
9.99641E-05 0.030366 0.969234 9.99641E-05 9.99641E-05 9.99641E-05
9.996E-05 9.996E-05 0.9995 9.996E-05 9.996E-05 9.996E-05
0.0588853 9.99729E-05 9.99729E-05 9.99729E-05 0.758691 0.182124
9.9973E-05 0.0637559 0.91826 9.9973E-05 0.0176843 9.9973E-05
9.9973E-05 0.0686462 0.922016 9.9973E-05 0.0090374 9.9973E-05
0.0328577 0.23521 0.719605 0.0105002 0.00172786 9.9991E-05
0.0451251 0.321145 0.629928 0.00360246 9.9982E-05 9.9982E-05
9.99731E-05 0.582358 0.0578835 9.99731E-05 9.99731E-05 0.359458
9.996E-05 9.996E-05 0.9995 9.996E-05 9.996E-05 9.996E-05
0.00151119 0.917788 0.0804013 9.99731E-05 9.99731E-05 9.99731E-05
0.237214 9.99819E-05 0.0417124 9.99819E-05 0.55074 0.170134
9.99639E-05 9.99639E-05 0.980763 9.99639E-05 9.99639E-05 0.0188369
9.99642E-05 9.99642E-05 0.064754 9.99642E-05 9.99642E-05 0.934846
9.9991E-05 0.163327 0.0238765 0.0364437 0.0111656 0.765087
0.384062 9.9991E-05 0.148236 0.0446449 0.193773 0.229185
0.00146694 9.9973E-05 0.105688 9.9973E-05 9.9973E-05 0.892545
0.01515 9.9982E-05 0.0671662 0.000104075 9.9982E-05 0.91738
0.0824616 9.9982E-05 9.9982E-05 0.0134814 0.0171549 0.886702
9.9973E-05 0.0374578 9.9973E-05 9.9973E-05 0.256603 0.705639
0.104669 0.0322797 9.9991E-05 0.00528324 0.0413907 0.816277
0.18738 0.0178186 9.9991E-05 0.099941 0.183959 0.510801
0.0439289 0.0507905 0.0581143 0.0510269 0.0743856 0.721754
0.132626 0.0545327 0.0995061 9.9991E-05 0.212353 0.500881
9.99644E-05 9.99644E-05 9.99644E-05 0.0213058 9.99644E-05 0.978294
9.996E-05 0.9995 9.996E-05 9.996E-05 9.996E-05 9.996E-05
9.996E-05 0.9995 9.996E-05 9.996E-05 9.996E-05 9.996E-05
0.0132253 0.986375 9.99639E-05 9.99639E-05 9.99639E-05 9.99639E-05
9.996E-05 0.9995 9.996E-05 9.996E-05 9.996E-05 9.996E-05
9.996E-05 0.9995 9.996E-05 9.996E-05 9.996E-05 9.996E-05
9.9991E-05 0.632892 0.192638 0.0574827 0.0289191 0.0879685
0.00465165 0.990801 9.99729E-05 9.99729E-05 9.99729E-05 0.00424775
9.9964E-05 9.9964E-05 9.9964E-05 9.9964E-05 0.00695272 0.992647
9.9973E-05 0.569792 0.100913 9.9973E-05 9.9973E-05 0.328995
9.996E-05 9.996E-05 0.9995 9.996E-05 9.996E-05 9.996E-05
0.0381318 0.0090071 9.9982E-05 9.9982E-05 0.87913 0.0735314
0.00482527 9.9982E-05 0.0719301 9.9982E-05 0.252134 0.670911
9.996E-05 9.996E-05 9.996E-05 9.996E-05 0.9995 9.996E-05
0.00519894 9.99729E-05 9.99729E-05 9.99729E-05 0.891886 0.102615
0.0994486 9.99729E-05 9.99729E-05 9.99729E-05 0.845885 0.0543667
9.99641E-05 9.99641E-05 9.99641E-05 0.912529 9.99641E-05 0.0870715
9.996E-05 9.996E-05 0.9995 9.996E-05 9.996E-05 9.996E-05
0.106989 0.169917 0.232999 0.0419049 0.114572 0.333618
9.99731E-05 0.0049049 0.980526 9.99731E-05 0.014269 9.99731E-05
9.9973E-05 0.0438312 0.945251 9.9973E-05 9.9973E-05 0.0106182
9.9973E-05 0.0658132 0.930573 9.9973E-05 0.00331338 9.9973E-05
9.9973E-05 0.0340059 0.947958 0.0177361 9.9973E-05 9.9973E-05
0.00456188 0.0330845 0.884683 9.9982E-05 9.9982E-05 0.0774709
0.00956445 0.00242842 0.987707 9.9973E-05 9.9973E-05 9.9973E-05
9.99732E-05 0.510369 0.472106 9.99732E-05 0.0172251 9.99732E-05
9.99732E-05 0.384733 0.4394 9.99732E-05 0.175567 9.99732E-05
0.00214364 9.9973E-05 0.993472 9.9973E-05 9.9973E-05 0.0040846
0.0237724 0.125317 0.0618367 9.9991E-05 0.091157 0.697817
0.0225469 0.125773 0.0575612 9.9991E-05 0.143424 0.650594
0.9995 9.996E-05 9.996E-05 9.996E-05 9.996E-05 9.996E-05
0.9995 9.996E-05 9.996E-05 9.996E-05 9.996E-05 9.996E-05
0.0581252 0.0780109 9.9991E-05 0.000260106 0.0800813 0.783422
0.00425917 0.10634 9.9991E-05 0.014931 0.0705157 0.803854
0.988934 0.0106658 9.9964E-05 9.9964E-05 9.9964E-05 9.9964E-05
0.9995 9.996E-05 9.996E-05 9.996E-05 9.996E-05 9.996E-05
9.99641E-05 9.99641E-05 9.99641E-05 9.99641E-05 0.0107253 0.988875
9.9982E-05 0.0178322 9.9982E-05 0.0515 0.288093 0.642375
9.9982E-05 0.622191 0.0677725 9.9982E-05 0.0158809 0.293956
0.299067 9.9991E-05 0.0610941 0.125164 0.296395 0.21818
0.33502 9.99821E-05 9.99821E-05 0.0625537 0.419383 0.182842
0.0374764 0.344005 0.565786 0.040351 0.0122816 9.9991E-05
