9.99549E-05 9.99549E-05 0.0410355 9.99549E-05 9.99549E-05 9.99549E-05 0.958465
0.289729 9.9973E-05 0.248023 9.9973E-05 9.9973E-05 0.23916 0.222788
0.780644 0.0200792 9.99822E-05 0.0260505 0.123529 0.0494981 9.99822E-05
0.958905 9.9955E-05 9.9955E-05 0.0405956 9.9955E-05 9.9955E-05 9.9955E-05
0.480522 9.99731E-05 0.235935 9.99731E-05 9.99731E-05 0.223582 0.0596612
0.95093 9.9973E-05 0.0109572 0.0302452 9.9973E-05 9.9973E-05 0.00756745
0.0481581 9.99731E-05 0.167882 9.99731E-05 0.461444 0.322216 9.99731E-05
0.411578 9.99641E-05 0.163804 9.99641E-05 9.99641E-05 0.424218 9.99641E-05
0.0181238 9.99731E-05 0.350967 9.99731E-05 0.262322 0.368288 9.99731E-05
9.995E-05 9.995E-05 0.9994 9.995E-05 9.995E-05 9.995E-05 9.995E-05
9.995E-05 9.995E-05 0.9994 9.995E-05 9.995E-05 9.995E-05 9.995E-05
0.0137188 9.9973E-05 9.9973E-05 0.124226 0.173493 9.9973E-05 0.688263
9.995E-05 9.995E-05 9.995E-05 9.995E-05 0.9994 9.995E-05 9.995E-05
0.949475 0.0211675 9.9964E-05 9.9964E-05 9.9964E-05 9.9964E-05 0.0289579
0.928537 9.9955E-05 9.9955E-05 9.9955E-05 9.9955E-05 9.9955E-05 0.0709635
0.00312737 9.9973E-05 0.621717 9.9973E-05 0.35673 9.9973E-05 0.0181254
9.9982E-05 0.0778702 0.377145 0.349461 0.158659 9.9982E-05 0.0366655
9.9973E-05 0.702176 0.23892 9.9973E-05 9.9973E-05 0.0574662 0.00113862
9.9955E-05 0.921645 9.9955E-05 0.0778555 9.9955E-05 9.9955E-05 9.9955E-05
9.9973E-05 9.9973E-05 0.729519 0.073052 0.035635 9.9973E-05 0.161494
9.995E-05 0.9994 9.995E-05 9.995E-05 9.995E-05 9.995E-05 9.995E-05
9.99639E-05 9.99639E-05 0.36715 9.99639E-05 0.0734561 9.99639E-05 0.558994
9.9973E-05 0.379301 0.254131 0.338322 9.9973E-05 0.0279465 9.9973E-05
9.9964E-05 0.87941 0.0310967 0.089093 9.9964E-05 9.9964E-05 9.9964E-05
0.978951 9.9955E-05 9.9955E-05 9.9955E-05 9.9955E-05 0.0205487 9.9955E-05
0.9994 9.995E-05 9.995E-05 9.995E-05 9.995E-05 9.995E-05 9.995E-05
9.99729E-05 9.99729E-05 0.0697154 0.0624385 0.780102 9.99729E-05 0.087444
0.89846 9.9955E-05 9.9955E-05 9.9955E-05 9.9955E-05 0.10104 9.9955E-05
0.923935 9.9964E-05 9.9964E-05 9.9964E-05 0.0179327 0.0577325 9.9964E-05
0.687435 0.00475646 9.9991E-05 0.0037932 0.0315185 0.267548 0.00484904
0.657145 0.00873152 9.9973E-05 0.0505175 9.9973E-05 0.283306 9.9973E-05
0.0784598 9.99732E-05 0.197605 9.99732E-05 9.99732E-05 0.548235 0.1754
0.994361 9.99641E-05 0.000810878 9.99641E-05 9.99641E-05 0.00442796 9.99641E-05
0.112675 9.99641E-05 9.99641E-05 9.99641E-05 0.0233421 0.863583 9.99641E-05
0.0540336 9.99819E-05 0.0683324 0.2233 0.573611 9.99819E-05 0.0805235
0.948131 9.9964E-05 9.9964E-05 0.00300093 0.0484683 9.9964E-05 9.9964E-05
0.0265982 9.9955E-05 9.9955E-05 9.9955E-05 9.9955E-05 9.9955E-05 0.972902
0.0623752 0.00545107 0.757637 9.9982E-05 9.9982E-05 0.0591291 0.115208
0.125171 0.0536292 0.258434 0.408621 0.106859 9.9991E-05 0.0471859
0.0976986 9.99639E-05 0.595139 9.99639E-05 9.99639E-05 9.99639E-05 0.306762
0.0651019 0.0192117 0.555798 0.0375578 9.9982E-05 9.9982E-05 0.322131
9.9964E-05 0.00718835 0.985428 9.9964E-05 9.9964E-05 9.9964E-05 0.00698416
9.9973E-05 9.9973E-05 0.665496 9.9973E-05 0.258682 0.0203003 0.0552214
9.9964E-05 9.9964E-05 0.952904 0.0291564 9.9964E-05 9.9964E-05 0.0175399
9.9982E-05 0.101561 0.516932 0.16802 0.145753 9.9982E-05 0.0675346
0.072981 0.040768 0.645224 0.0475222 0.0241109 9.9991E-05 0.169294
0.0832192 9.9991E-05 0.258679 0.146864 0.209525 0.0746569 0.226955
9.99553E-05 0.00938971 9.99553E-05 9.99553E-05 9.99553E-05 9.99553E-05 0.990111
9.995E-05 9.995E-05 9.995E-05 9.995E-05 9.995E-05 0.9994 9.995E-05
9.995E-05 9.995E-05 9.995E-05 9.995E-05 9.995E-05 0.9994 9.995E-05
9.995E-05 9.995E-05 9.995E-05 9.995E-05 9.995E-05 0.9994 9.995E-05
9.995E-05 9.995E-05 9.995E-05 9.995E-05 9.995E-05 0.9994 9.995E-05
9.995E-05 9.995E-05 9.995E-05 9.995E-05 9.995E-05 0.9994 9.995E-05
0.213765 0.0217089 0.0735116 9.9991E-05 0.0301249 0.62207 0.0387193
9.995E-05 9.995E-05 9.995E-05 9.995E-05 9.995E-05 0.9994 9.995E-05
9.99639E-05 9.99639E-05 0.0659709 9.99639E-05 0.0401923 9.99639E-05 0.893437
0.127948 9.9982E-05 0.135755 0.0150752 9.9982E-05 0.536725 0.184297
0.9994 9.995E-05 9.995E-05 9.995E-05 9.995E-05 9.995E-05 9.995E-05
9.9973E-05 9.9973E-05 9.9973E-05 0.0536729 0.871122 0.012516 0.0623892
0.0590181 9.9973E-05 0.455459 9.9973E-05 0.363142 9.9973E-05 0.122081
9.995E-05 9.995E-05 9.995E-05 9.995E-05 0.9994 9.995E-05 9.995E-05
9.99639E-05 9.99639E-05 0.102672 9.99639E-05 0.893452 9.99639E-05 0.00347609
9.99729E-05 0.0103535 0.0442339 0.0933857 0.851727 9.99729E-05 9.99729E-05
9.99551E-05 0.926414 9.99551E-05 9.99551E-05 9.99551E-05 9.99551E-05 0.073086
0.9994 9.995E-05 9.995E-05 9.995E-05 9.995E-05 9.995E-05 9.995E-05
0.229553 0.0324347 0.202704 0.0569683 0.10201 0.182119 0.194211
0.99437 9.99552E-05 9.99552E-05 9.99552E-05 0.00513044 9.99552E-05 9.99552E-05
0.976934 9.9964E-05 9.9964E-05 9.9964E-05 9.9964E-05 0.00522182 0.0174444
0.88273 9.9955E-05 9.9955E-05 9.9955E-05 9.9955E-05 0.11677 9.9955E-05
0.920333 9.9964E-05 9.9964E-05 9.9964E-05 9.9964E-05 0.0697822 0.00948513
0.884131 9.9982E-05 0.0610522 0.0361377 9.9982E-05 0.00710598 0.0113734
0.990885 9.9955E-05 9.9955E-05 9.9955E-05 9.9955E-05 0.00861536 9.9955E-05
0.45872 9.99643E-05 0.00995781 9.99643E-05 9.99643E-05 0.530922 9.99643E-05
0.489501 9.99642E-05 9.99642E-05 9.99642E-05 0.174914 0.335185 9.99642E-05
0.96333 9.9964E-05 0.0338636 9.9964E-05 9.9964E-05 9.9964E-05 0.0024061
0.0983776 9.9982E-05 0.710931 9.9982E-05 0.112057 0.0379676 0.040467
0.0813257 9.9991E-05 0.653196 0.0190809 0.187623 0.039957 0.0187175
9.995E-05 9.995E-05 9.995E-05 0.9994 9.995E-05 9.995E-05 9.995E-05
9.995E-05 9.995E-05 9.995E-05 0.9994 9.995E-05 9.995E-05 9.995E-05
0.0133149 9.9964E-05 0.940808 9.9964E-05 9.9964E-05 9.9964E-05 0.0454774
9.9973E-05 9.9973E-05 0.933016 9.9973E-05 0.0336406 0.0022952 0.0307487
9.9955E-05 9.9955E-05 9.9955E-05 0.988568 9.9955E-05 0.0109318 9.9955E-05
9.995E-05 9.995E-05 9.995E-05 0.9994 9.995E-05 9.995E-05 9.995E-05
9.99549E-05 9.99549E-05 9.99549E-05 9.99549E-05 0.0272089 9.99549E-05 0.972291
9.9973E-05 0.044072 0.611644 9.9973E-05 0.266664 9.9973E-05 0.0773198
0.0752446 9.9982E-05 0.208564 9.9982E-05 0.0114933 0.58261 0.121887
0.0404548 0.126508 0.205276 0.277964 0.317432 9.9991E-05 0.0322644
9.99731E-05 0.0772265 9.99731E-05 0.337778 0.405641 9.99731E-05 0.179054
0.580404 0.0491008 9.99731E-05 0.0294793 9.99731E-05 0.340716 9.99731E-05
