0.977356 9.99639E-05 0.0102117 9.99639E-05 9.99639E-05 0.0120327 9.99639E-05
0.310178 0.316774 0.00386821 9.9982E-05 9.9982E-05 0.116654 0.252326
9.99822E-05 0.750092 0.0695647 0.100887 0.0291466 9.99822E-05 0.0501093
9.9955E-05 0.981774 0.017726 9.9955E-05 9.9955E-05 9.9955E-05 9.9955E-05
0.0447658 0.464679 9.99731E-05 9.99731E-05 9.99731E-05 0.25656 0.233695
0.00468269 0.993425 9.9964E-05 9.9964E-05 0.0014923 9.9964E-05 9.9964E-05
9.99731E-05 0.0665091 9.99731E-05 0.540193 9.99731E-05 0.119849 0.273149
9.99641E-05 0.44288 9.99641E-05 9.99641E-05 9.99641E-05 0.17629 0.380431
9.99731E-05 0.056677 9.99731E-05 0.426528 9.99731E-05 0.201793 0.314702
9.995E-05 9.995E-05 9.995E-05 9.995E-05 9.995E-05 0.9994 9.995E-05
9.995E-05 9.995E-05 9.995E-05 9.995E-05 9.995E-05 0.9994 9.995E-05
0.669071 0.0137422 0.136173 0.180713 9.9973E-05 9.9973E-05 9.9973E-05
9.995E-05 9.995E-05 9.995E-05 0.9994 9.995E-05 9.995E-05 9.995E-05
0.0279371 0.954229 9.9964E-05 9.9964E-05 0.0174337 9.9964E-05 9.9964E-05
0.0531507 0.942886 9.9964E-05 9.9964E-05 0.00356334 9.9964E-05 9.9964E-05
0.168191 0.0103844 0.00369971 0.400896 9.9991E-05 0.384444 0.0322851
0.0222675 9.9982E-05 0.322261 0.196729 0.0677864 0.390756 9.9982E-05
0.1113 9.99729E-05 9.99729E-05 9.99729E-05 0.712295 0.141753 0.0343529
9.9955E-05 9.9955E-05 0.0785259 9.9955E-05 0.920974 9.9955E-05 9.9955E-05
0.157307 9.9973E-05 0.0938464 0.0953247 9.9973E-05 0.653222 9.9973E-05
9.995E-05 9.995E-05 9.995E-05 9.995E-05 0.9994 9.995E-05 9.995E-05
0.625385 9.99729E-05 0.0217798 0.11557 9.99729E-05 0.236965 9.99729E-05
9.9982E-05 0.0169738 0.2892 9.9982E-05 0.399525 0.277315 0.0167863
9.9964E-05 9.9964E-05 0.0786663 9.9964E-05 0.88676 0.0341735 9.9964E-05
9.995E-05 0.9994 9.995E-05 9.995E-05 9.995E-05 9.995E-05 9.995E-05
9.995E-05 0.9994 9.995E-05 9.995E-05 9.995E-05 9.995E-05 9.995E-05
0.0828886 9.99729E-05 0.0577453 0.794109 9.99729E-05 0.0649569 9.99729E-05
9.9955E-05 0.930797 9.9955E-05 9.9955E-05 9.9955E-05 9.9955E-05 0.0687033
9.9964E-05 0.900941 9.9964E-05 0.0240479 9.9964E-05 9.9964E-05 0.0746107
9.99821E-05 0.714769 0.0208445 9.99821E-05 0.0361677 0.00187553 0.226143
9.99731E-05 0.652683 0.0446598 0.00362303 9.99731E-05 9.99731E-05 0.298734
0.296125 0.123334 9.99731E-05 9.99731E-05 9.99731E-05 0.0426694 0.537571
9.995E-05 0.9994 9.995E-05 9.995E-05 9.995E-05 9.995E-05 9.995E-05
9.99551E-05 0.120174 9.99551E-05 9.99551E-05 9.99551E-05 9.99551E-05 0.879326
0.0589715 0.039918 0.244637 0.56675 9.99819E-05 0.089523 9.99819E-05
9.99729E-05 0.965682 0.00660852 0.0193138 9.99729E-05 0.00809595 9.99729E-05
0.9994 9.995E-05 9.995E-05 9.995E-05 9.995E-05 9.995E-05 9.995E-05
0.154372 0.0553893 9.9982E-05 9.9982E-05 0.0125923 0.717765 0.0596809
0.0244235 0.142179 0.41265 0.207122 0.0547502 0.158775 9.9991E-05
0.381303 0.117697 0.0381231 9.99729E-05 9.99729E-05 0.462578 9.99729E-05
0.425513 0.0842958 0.0057202 9.99729E-05 9.99729E-05 0.484171 9.99729E-05
0.0133921 9.9955E-05 9.9955E-05 9.9955E-05 9.9955E-05 0.986108 9.9955E-05
0.237285 9.99729E-05 9.99729E-05 0.34151 9.99729E-05 0.391056 0.029849
9.9955E-05 9.9955E-05 0.0113673 9.9955E-05 9.9955E-05 0.988133 9.9955E-05
0.0873683 9.9982E-05 0.119773 0.187904 0.104312 0.500442 9.9982E-05
0.161432 0.0651279 0.0119022 0.0458465 0.053015 0.657552 0.00512439
0.177014 0.107504 0.0925824 0.21075 9.9991E-05 0.408288 0.00376197
0.99494 9.99553E-05 9.99553E-05 9.99553E-05 0.00456063 9.99553E-05 9.99553E-05
9.995E-05 9.995E-05 9.995E-05 9.995E-05 9.995E-05 9.995E-05 0.9994
9.995E-05 9.995E-05 9.995E-05 9.995E-05 9.995E-05 9.995E-05 0.9994
9.9955E-05 9.9955E-05 0.00316429 9.9955E-05 9.9955E-05 9.9955E-05 0.996336
9.995E-05 9.995E-05 9.995E-05 9.995E-05 9.995E-05 9.995E-05 0.9994
9.995E-05 9.995E-05 9.995E-05 9.995E-05 9.995E-05 9.995E-05 0.9994
9.99821E-05 0.258588 9.99821E-05 0.0747619 0.0336687 0.0717315 0.561049
0.00498888 9.9955E-05 9.9955E-05 9.9955E-05 9.9955E-05 9.9955E-05 0.994511
0.877989 9.99549E-05 9.99549E-05 0.121511 9.99549E-05 9.99549E-05 9.99549E-05
0.301393 0.144655 9.9973E-05 9.9973E-05 9.9973E-05 0.0439035 0.509748
0.00187594 0.997279 0.000445605 9.99639E-05 9.99639E-05 9.99639E-05 9.99639E-05
0.0984917 9.99639E-05 0.0552797 0.845829 9.99639E-05 9.99639E-05 9.99639E-05
0.232267 0.0623499 0.0353548 0.405777 9.9982E-05 0.264051 9.9982E-05
9.995E-05 9.995E-05 9.995E-05 0.9994 9.995E-05 9.995E-05 9.995E-05
0.019488 9.99639E-05 9.99639E-05 0.860965 9.99639E-05 0.119148 9.99639E-05
9.99639E-05 9.99639E-05 0.0768689 0.823044 9.99639E-05 0.0996872 9.99639E-05
0.0991898 9.99641E-05 9.99641E-05 9.99641E-05 0.894265 0.00614568 9.99641E-05
9.995E-05 0.9994 9.995E-05 9.995E-05 9.995E-05 9.995E-05 9.995E-05
0.247552 0.234562 0.048284 0.0316413 0.035553 0.237317 0.165091
9.99731E-05 0.953505 9.99731E-05 0.0136132 9.99731E-05 0.0311811 0.0014006
0.0675389 0.901616 9.9964E-05 9.9964E-05 9.9964E-05 9.9964E-05 0.030445
9.9964E-05 0.891588 9.9964E-05 0.0159008 9.9964E-05 9.9964E-05 0.092111
0.0241504 0.915914 9.9973E-05 9.9973E-05 0.00718266 9.9973E-05 0.0524533
9.99551E-05 0.918964 9.99551E-05 9.99551E-05 9.99551E-05 0.0805364 9.99551E-05
9.9964E-05 0.980628 0.0187451 0.000226596 9.9964E-05 9.9964E-05 9.9964E-05
9.99732E-05 0.485274 9.99732E-05 0.0133796 9.99732E-05 0.014506 0.486541
9.99642E-05 0.440736 9.99642E-05 0.214607 9.99642E-05 9.99642E-05 0.344257
9.9982E-05 0.918503 0.00365695 0.00399988 9.9982E-05 0.0359194 0.0377213
0.231421 0.0965579 0.0284192 0.177102 9.9991E-05 0.424454 0.0419467
0.194922 0.0602369 0.0114197 0.232353 9.9991E-05 0.401844 0.0991244
9.995E-05 9.995E-05 0.9994 9.995E-05 9.995E-05 9.995E-05 9.995E-05
9.995E-05 9.995E-05 0.9994 9.995E-05 9.995E-05 9.995E-05 9.995E-05
0.0681717 9.99639E-05 9.99639E-05 0.0227706 9.99639E-05 0.908658 9.99639E-05
0.0661316 9.9973E-05 9.9973E-05 0.0428845 9.9973E-05 0.874382 0.016302
9.995E-05 9.995E-05 0.9994 9.995E-05 9.995E-05 9.995E-05 9.995E-05
9.995E-05 9.995E-05 0.9994 9.995E-05 9.995E-05 9.995E-05 9.995E-05
0.945972 9.99639E-05 9.99639E-05 0.0486544 9.99639E-05 9.99639E-05 0.0049735
0.193169 0.0220476 9.9991E-05 0.320242 0.0452965 0.414786 0.00435852
0.239535 0.0943592 9.9982E-05 0.00705657 9.9982E-05 0.131888 0.526962
9.99821E-05 0.050005 0.23854 0.287928 0.112946 0.31038 9.99821E-05
0.159691 9.99731E-05 0.326214 0.435212 0.0785826 9.99731E-05 9.99731E-05
9.99821E-05 0.586602 0.0119559 9.99821E-05 0.0473779 0.0319638 0.3219
