9.98919E-05 9.98919E-05 9.98919E-05 0.928585 9.98919E-05 0.0107953 0.0473614 9.98919E-05 9.98919E-05 9.98919E-05 9.98919E-05 0.0120592 9.98919E-05 9.98919E-05 9.98919E-05 9.98919E-05
9.98918E-05 9.98918E-05 9.98918E-05 0.0582843 9.98918E-05 0.0608489 9.98918E-05 9.98918E-05 9.98918E-05 9.98918E-05 9.98918E-05 9.98918E-05 9.98918E-05 9.98918E-05 0.698948 0.18072
9.98651E-05 9.98651E-05 0.998502 9.98651E-05 9.98651E-05 9.98651E-05 9.98651E-05 9.98651E-05 9.98651E-05 9.98651E-05 9.98651E-05 9.98651E-05 9.98651E-05 9.98651E-05 9.98651E-05 9.98651E-05
9.98831E-05 9.98831E-05 9.98831E-05 9.98831E-05 9.98831E-05 9.98831E-05 9.98831E-05 9.98831E-05 9.98831E-05 0.0705296 9.98831E-05 0.0390822 9.98831E-05 9.98831E-05 9.98831E-05 0.88909
0.0849235 9.99461E-05 0.0522718 0.0607189 0.040381 0.00818882 0.0503541 0.226983 9.99461E-05 9.99461E-05 0.0338192 9.99461E-05 9.99461E-05 9.99461E-05 0.103917 0.337842
9.98741E-05 9.98741E-05 9.98741E-05 9.98741E-05 0.0051043 9.98741E-05 9.98741E-05 9.98741E-05 9.98741E-05 9.98741E-05 9.98741E-05 9.98741E-05 9.98741E-05 9.98741E-05 9.98741E-05 0.993497
9.98651E-05 9.98651E-05 9.98651E-05 9.98651E-05 9.98651E-05 9.98651E-05 9.98651E-05 0.998502 9.98651E-05 9.98651E-05 9.98651E-05 9.98651E-05 9.98651E-05 9.98651E-05 9.98651E-05 9.98651E-05
0.671133 9.99189E-05 0.0542578 9.99189E-05 9.99189E-05 9.99189E-05 0.0659389 9.99189E-05 9.99189E-05 0.0387952 0.0622068 0.021277 9.99189E-05 9.99189E-05 0.0854916 9.99189E-05
9.9883E-05 9.9883E-05 9.9883E-05 9.9883E-05 9.9883E-05 0.00600586 9.9883E-05 0.942245 9.9883E-05 9.9883E-05 9.9883E-05 9.9883E-05 9.9883E-05 9.9883E-05 0.0504504 9.9883E-05
9.98742E-05 9.98742E-05 9.98742E-05 9.98742E-05 9.98742E-05 9.98742E-05 0.884777 0.113824 9.98742E-05 9.98742E-05 9.98742E-05 9.98742E-05 9.98742E-05 9.98742E-05 9.98742E-05 9.98742E-05
9.98742E-05 9.98742E-05 9.98742E-05 9.98742E-05 9.98742E-05 9.98742E-05 0.879009 0.119593 9.98742E-05 9.98742E-05 9.98742E-05 9.98742E-05 9.98742E-05 9.98742E-05 9.98742E-05 9.98742E-05
9.991E-05 9.991E-05 9.991E-05 0.667639 0.066662 9.991E-05 9.991E-05 0.0180611 9.991E-05 9.991E-05 9.991E-05 0.081791 0.13116 9.991E-05 9.991E-05 0.0336884
0.0201587 9.98834E-05 9.98834E-05 9.98834E-05 9.98834E-05 9.98834E-05 9.98834E-05 0.00755417 9.98834E-05 9.98834E-05 9.98834E-05 9.98834E-05 0.970989 9.98834E-05 9.98834E-05 9.98834E-05
9.98742E-05 0.0209504 9.98742E-05 9.98742E-05 9.98742E-05 9.98742E-05 9.98742E-05 9.98742E-05 9.98742E-05 9.98742E-05 9.98742E-05 9.98742E-05 9.98742E-05 9.98742E-05 9.98742E-05 0.977651
9.98831E-05 9.98831E-05 9.98831E-05 0.0162668 9.98831E-05 9.98831E-05 9.98831E-05 9.98831E-05 9.98831E-05 9.98831E-05 9.98831E-05 9.98831E-05 9.98831E-05 0.0158463 9.98831E-05 0.966588
9.9883E-05 9.9883E-05 9.9883E-05 9.9883E-05 0.0919345 9.9883E-05 9.9883E-05 9.9883E-05 0.791817 9.9883E-05 9.9883E-05 9.9883E-05 0.11495 9.9883E-05 9.9883E-05 9.9883E-05
9.9892E-05 9.9892E-05 9.9892E-05 0.011402 9.9892E-05 0.934918 0.0508717 9.9892E-05 0.00161005 9.9892E-05 9.9892E-05 9.9892E-05 9.9892E-05 9.9892E-05 9.9892E-05 9.9892E-05
9.99008E-05 9.99008E-05 9.99008E-05 9.99008E-05 9.99008E-05 0.059847 0.0911465 9.99008E-05 9.99008E-05 9.99008E-05 9.99008E-05 0.0023303 9.99008E-05 0.820218 0.0253595 9.99008E-05
9.98741E-05 0.996276 9.98741E-05 9.98741E-05 9.98741E-05 9.98741E-05 9.98741E-05 9.98741E-05 9.98741E-05 9.98741E-05 9.98741E-05 9.98741E-05 0.00232527 9.98741E-05 9.98741E-05 9.98741E-05
9.99098E-05 9.99098E-05 9.99098E-05 0.100874 0.150249 0.00991338 0.477971 9.99098E-05 0.238819 9.99098E-05 9.99098E-05 0.0211749 9.99098E-05 9.99098E-05 9.99098E-05 9.99098E-05
9.98741E-05 0.575353 9.98741E-05 9.98741E-05 9.98741E-05 9.98741E-05 9.98741E-05 9.98741E-05 9.98741E-05 9.98741E-05 9.98741E-05 9.98741E-05 9.98741E-05 0.423249 9.98741E-05 9.98741E-05
9.99099E-05 9.99099E-05 9.99099E-05 0.534346 9.99099E-05 0.0470615 0.0661586 9.99099E-05 0.275962 9.99099E-05 9.99099E-05 0.00738301 0.0680898 9.99099E-05 9.99099E-05 9.99099E-05
0.0221679 0.413163 9.9919E-05 9.9919E-05 9.9919E-05 0.194524 0.249035 9.9919E-05 9.9919E-05 0.00433669 0.00630273 0.109571 9.9919E-05 9.9919E-05 9.9919E-05 9.9919E-05
9.98829E-05 0.912369 9.98829E-05 9.98829E-05 0.0208608 9.98829E-05 0.0654718 9.98829E-05 9.98829E-05 9.98829E-05 9.98829E-05 9.98829E-05 9.98829E-05 9.98829E-05 9.98829E-05 9.98829E-05
9.98833E-05 9.98833E-05 0.0475367 9.98833E-05 9.98833E-05 9.98833E-05 9.98833E-05 9.98833E-05 9.98833E-05 0.674555 9.98833E-05 9.98833E-05 9.98833E-05 9.98833E-05 9.98833E-05 0.27661
9.98743E-05 9.98743E-05 9.98743E-05 9.98743E-05 9.98743E-05 9.98743E-05 9.98743E-05 9.98743E-05 9.98743E-05 0.180372 9.98743E-05 9.98743E-05 9.98743E-05 9.98743E-05 9.98743E-05 0.81823
9.99008E-05 9.99008E-05 9.99008E-05 0.06801 9.99008E-05 0.0579781 0.069948 9.99008E-05 9.99008E-05 9.99008E-05 9.99008E-05 0.0201905 0.782774 9.99008E-05 9.99008E-05 9.99008E-05
9.98652E-05 9.98652E-05 9.98652E-05 9.98652E-05 9.98652E-05 9.98652E-05 9.98652E-05 9.98652E-05 9.98652E-05 0.998502 9.98652E-05 9.98652E-05 9.98652E-05 9.98652E-05 9.98652E-05 9.98652E-05
9.98652E-05 9.98652E-05 9.98652E-05 9.98652E-05 9.98652E-05 9.98652E-05 9.98652E-05 9.98652E-05 9.98652E-05 0.998502 9.98652E-05 9.98652E-05 9.98652E-05 9.98652E-05 9.98652E-05 9.98652E-05
0.29247 9.99191E-05 9.99191E-05 0.00498272 9.99191E-05 9.99191E-05 9.99191E-05 9.99191E-05 9.99191E-05 0.193327 0.150908 0.00452441 9.99191E-05 0.0478144 9.99191E-05 0.305075
0.61578 9.99099E-05 9.99099E-05 9.99099E-05 0.0127808 9.99099E-05 0.0044138 9.99099E-05 9.99099E-05 9.99099E-05 0.00905208 0.029947 9.99099E-05 9.99099E-05 9.99099E-05 0.327028
9.98654E-05 9.98654E-05 9.98654E-05 9.98654E-05 9.98654E-05 9.98654E-05 9.98654E-05 9.98654E-05 9.98654E-05 9.98654E-05 9.98654E-05 9.98654E-05 9.98654E-05 9.98654E-05 0.998502 9.98654E-05
0.146782 9.98832E-05 9.98832E-05 9.98832E-05 9.98832E-05 9.98832E-05 9.98832E-05 9.98832E-05 9.98832E-05 0.227673 9.98832E-05 9.98832E-05 9.98832E-05 9.98832E-05 9.98832E-05 0.624247
0.249651 9.98833E-05 9.98833E-05 9.98833E-05 9.98833E-05 9.98833E-05 9.98833E-05 0.00323155 9.98833E-05 9.98833E-05 0.745819 9.98833E-05 9.98833E-05 9.98833E-05 9.98833E-05 9.98833E-05
0.063408 9.99097E-05 9.99097E-05 0.032755 0.0445832 0.225286 9.99097E-05 9.99097E-05 9.99097E-05 9.99097E-05 9.99097E-05 0.123749 0.50922 9.99097E-05 9.99097E-05 9.99097E-05
0.0789478 9.99008E-05 9.99008E-05 9.99008E-05 0.0175467 0.0078257 9.99008E-05 9.99008E-05 9.99008E-05 0.525707 9.99008E-05 9.99008E-05 9.99008E-05 9.99008E-05 9.99008E-05 0.368874
0.00109759 9.98831E-05 0.0497594 0.947844 9.98831E-05 9.98831E-05 9.98831E-05 9.98831E-05 9.98831E-05 9.98831E-05 9.98831E-05 9.98831E-05 9.98831E-05 9.98831E-05 9.98831E-05 9.98831E-05
9.99099E-05 9.99099E-05 9.99099E-05 0.0775269 9.99099E-05 0.07194 0.655006 9.99099E-05 9.99099E-05 9.99099E-05 9.99099E-05 9.99099E-05 9.99099E-05 0.00712908 0.185157 0.00224214
0.00308625 9.98741E-05 9.98741E-05 9.98741E-05 9.98741E-05 0.995516 9.98741E-05 9.98741E-05 9.98741E-05 9.98741E-05 9.98741E-05 9.98741E-05 9.98741E-05 9.98741E-05 9.98741E-05 9.98741E-05
9.99097E-05 9.99097E-05 9.99097E-05 0.240984 9.99097E-05 0.103616 0.309743 9.99097E-05 0.179754 9.99097E-05 9.99097E-05 9.99097E-05 9.99097E-05 0.0224679 9.99097E-05 0.142435
9.99187E-05 9.99187E-05 9.99187E-05 0.293271 9.99187E-05 0.0714244 0.320464 9.99187E-05 0.181818 9.99187E-05 9.99187E-05 0.0257056 9.99187E-05 0.0399424 9.99187E-05 0.0664753
9.98919E-05 9.98919E-05 9.98919E-05 0.0326688 0.0226205 0.0301473 0.913365 9.98919E-05 9.98919E-05 9.98919E-05 9.98919E-05 9.98919E-05 9.98919E-05 9.98919E-05 9.98919E-05 9.98919E-05
9.991E-05 9.991E-05 9.991E-05 0.0326573 9.991E-05 9.991E-05 0.00872329 0.0423576 0.823774 9.991E-05 9.991E-05 9.991E-05 0.0854081 0.0060804 9.991E-05 9.991E-05
9.9883E-05 9.9883E-05 9.9883E-05 9.9883E-05 0.114212 9.9883E-05 0.868351 9.9883E-05 9.9883E-05 9.9883E-05 9.9883E-05 9.9883E-05 0.0161382 9.9883E-05 9.9883E-05 9.9883E-05
9.99279E-05 0.102376 9.99279E-05 0.000325079 0.217954 9.99279E-05 0.389219 9.99279E-05 0.0750868 9.99279E-05 9.99279E-05 0.0411276 0.116156 9.99279E-05 0.0569556 9.99279E-05
9.99189E-05 9.99189E-05 9.99189E-05 0.0399299 0.20411 9.99189E-05 0.400965 9.99189E-05 0.163887 9.99189E-05 9.99189E-05 9.99189E-05 9.99189E-05 0.0777563 0.0639194 0.0485336
9.99459E-05 9.99459E-05 0.061156 0.125694 0.331375 0.0975275 0.191773 0.03601 9.99459E-05 9.99459E-05 0.0521315 9.99459E-05 0.0617886 9.99459E-05 0.0177561 0.024188
9.9866E-05 9.9866E-05 9.9866E-05 0.998502 9.9866E-05 9.9866E-05 9.9866E-05 9.9866E-05 9.9866E-05 9.9866E-05 9.9866E-05 9.9866E-05 9.9866E-05 9.9866E-05 9.9866E-05 9.9866E-05
9.98651E-05 9.98651E-05 9.98651E-05 9.98651E-05 9.98651E-05 9.98651E-05 9.98651E-05 9.98651E-05 9.98651E-05 9.98651E-05 0.998502 9.98651E-05 9.98651E-05 9.98651E-05 9.98651E-05 9.98651E-05
9.98652E-05 9.98652E-05 9.98652E-05 9.98652E-05 9.98652E-05 9.98652E-05 9.98652E-05 9.98652E-05 9.98652E-05 9.98652E-05 0.998502 9.98652E-05 9.98652E-05 9.98652E-05 9.98652E-05 9.98652E-05
9.98922E-05 9.98922E-05 9.98922E-05 9.98922E-05 9.98922E-05 9.98922E-05 9.98922E-05 9.98922E-05 0.0319337 9.98922E-05 0.966195 0.000148497 9.98922E-05 9.98922E-05 9.98922E-05 0.000523891
9.98743E-05 9.98743E-05 9.98743E-05 9.98743E-05 9.98743E-05 9.98743E-05 9.98743E-05 9.98743E-05 9.98743E-05 9.98743E-05 0.994919 9.98743E-05 9.98743E-05 0.00368326 9.98743E-05 9.98743E-05
9.98741E-05 9.98741E-05 9.98741E-05 9.98741E-05 9.98741E-05 9.98741E-05 9.98741E-05 9.98741E-05 9.98741E-05 0.0276279 0.970974 9.98741E-05 9.98741E-05 9.98741E-05 9.98741E-05 9.98741E-05
0.436867 0.0198045 0.0354942 9.99282E-05 9.99282E-05 9.99282E-05 0.0585373 9.99282E-05 0.0404936 9.99282E-05 0.318599 9.99282E-05 9.99282E-05 0.0193893 0.0700157 9.99282E-05
9.98831E-05 9.98831E-05 9.98831E-05 9.98831E-05 9.98831E-05 9.98831E-05 9.98831E-05 9.98831E-05 9.98831E-05 9.98831E-05 0.950073 9.98831E-05 0.00490211 9.98831E-05 0.0437267 9.98831E-05
9.98828E-05 9.98828E-05 9.98828E-05 0.759256 0.061209 9.98828E-05 9.98828E-05 9.98828E-05 0.178236 9.98828E-05 9.98828E-05 9.98828E-05 9.98828E-05 9.98828E-05 9.98828E-05 9.98828E-05
9.98919E-05 9.98919E-05 9.98919E-05 9.98919E-05 9.98919E-05 9.98919E-05 9.98919E-05 0.0609952 9.98919E-05 0.00656088 0.035694 9.98919E-05 9.98919E-05 9.98919E-05 0.895551 9.98919E-05
9.98829E-05 9.98829E-05 9.98829E-05 9.98829E-05 9.98829E-05 0.0130767 9.98829E-05 9.98829E-05 9.98829E-05 0.405189 9.98829E-05 9.98829E-05 9.98829E-05 9.98829E-05 9.98829E-05 0.580435
9.9901E-05 9.9901E-05 9.9901E-05 0.0483487 9.9901E-05 9.9901E-05 9.9901E-05 9.9901E-05 0.0626342 9.9901E-05 0.0152985 0.0345659 0.838054 9.9901E-05 9.9901E-05 9.9901E-05
9.98833E-05 9.98833E-05 9.98833E-05 9.98833E-05 0.0936837 9.98833E-05 9.98833E-05 9.98833E-05 0.900202 9.98833E-05 9.98833E-05 9.98833E-05 0.00481577 9.98833E-05 9.98833E-05 9.98833E-05
9.98834E-05 9.98834E-05 0.00146828 9.98834E-05 9.98834E-05 9.98834E-05 9.98834E-05 0.0425096 9.98834E-05 9.98834E-05 9.98834E-05 9.98834E-05 0.954724 9.98834E-05 9.98834E-05 9.98834E-05
9.98919E-05 9.98919E-05 0.00127573 9.98919E-05 9.98919E-05 9.98919E-05 0.0780382 9.98919E-05 9.98919E-05 9.98919E-05 9.98919E-05 9.98919E-05 0.913462 9.98919E-05 9.98919E-05 0.00602533
9.99009E-05 9.99009E-05 9.99009E-05 9.99009E-05 0.0502281 0.0020878 0.0552884 9.99009E-05 9.99009E-05 9.99009E-05 9.99009E-05 0.0424045 0.848892 9.99009E-05 9.99009E-05 9.99009E-05
9.9865E-05 9.9865E-05 9.9865E-05 9.9865E-05 9.9865E-05 9.9865E-05 9.9865E-05 9.9865E-05 9.9865E-05 9.9865E-05 9.9865E-05 9.9865E-05 9.9865E-05 0.998502 9.9865E-05 9.9865E-05
9.98834E-05 9.98834E-05 0.0839349 9.98834E-05 9.98834E-05 9.98834E-05 9.98834E-05 9.98834E-05 9.98834E-05 0.65041 9.98834E-05 9.98834E-05 9.98834E-05 9.98834E-05 9.98834E-05 0.264357
0.0529841 0.00560396 9.9964E-05 0.0732774 9.9964E-05 9.9964E-05 0.0988135 0.0177852 0.100617 0.165406 0.163719 0.0726845 0.0900281 0.0647689 0.0939129 9.9964E-05
9.99012E-05 9.99012E-05 0.133425 9.99012E-05 9.99012E-05 9.99012E-05 9.99012E-05 9.99012E-05 0.0212957 0.0877746 0.00543457 9.99012E-05 9.99012E-05 9.99012E-05 9.99012E-05 0.750971
9.991E-05 9.991E-05 0.00534779 9.991E-05 9.991E-05 0.0292354 9.991E-05 0.0337418 9.991E-05 0.129486 0.0175711 9.991E-05 9.991E-05 9.991E-05 9.991E-05 0.783619
9.98741E-05 9.98741E-05 9.98741E-05 9.98741E-05 9.98741E-05 9.98741E-05 9.98741E-05 9.98741E-05 0.034848 0.963754 9.98741E-05 9.98741E-05 9.98741E-05 9.98741E-05 9.98741E-05 9.98741E-05
9.98743E-05 9.98743E-05 9.98743E-05 9.98743E-05 9.98743E-05 9.98743E-05 9.98743E-05 9.98743E-05 9.98743E-05 0.987498 9.98743E-05 9.98743E-05 9.98743E-05 9.98743E-05 0.0111034 9.98743E-05
0.15947 9.99102E-05 9.99102E-05 0.0399297 9.99102E-05 9.99102E-05 0.0126886 9.99102E-05 9.99102E-05 0.0636233 9.99102E-05 0.00291171 9.99102E-05 9.99102E-05 9.99102E-05 0.720378
9.98919E-05 9.98919E-05 9.98919E-05 9.98919E-05 9.98919E-05 0.036493 9.98919E-05 0.00750055 9.98919E-05 0.450482 9.98919E-05 9.98919E-05 9.98919E-05 9.98919E-05 9.98919E-05 0.504326
0.998502 9.98651E-05 9.98651E-05 9.98651E-05 9.98651E-05 9.98651E-05 9.98651E-05 9.98651E-05 9.98651E-05 9.98651E-05 9.98651E-05 9.98651E-05 9.98651E-05 9.98651E-05 9.98651E-05 9.98651E-05
0.936331 9.9883E-05 9.9883E-05 9.9883E-05 9.9883E-05 9.9883E-05 9.9883E-05 0.0340087 9.9883E-05 9.9883E-05 9.9883E-05 9.9883E-05 0.0283621 9.9883E-05 9.9883E-05 9.9883E-05
9.99012E-05 9.99012E-05 0.0233999 9.99012E-05 9.99012E-05 9.99012E-05 9.99012E-05 9.99012E-05 0.00574062 0.108902 0.021559 9.99012E-05 9.99012E-05 9.99012E-05 9.99012E-05 0.8393
0.0166981 9.99099E-05 9.99099E-05 9.99099E-05 9.99099E-05 0.00517255 9.99099E-05 9.99099E-05 0.964615 9.99099E-05 0.00141992 0.00414901 9.99099E-05 9.99099E-05 9.99099E-05 0.0069459
9.9874E-05 9.9874E-05 9.9874E-05 9.9874E-05 9.9874E-05 9.9874E-05 9.9874E-05 9.9874E-05 0.992957 9.9874E-05 0.00564496 9.9874E-05 9.9874E-05 9.9874E-05 9.9874E-05 9.9874E-05
9.98742E-05 9.98742E-05 9.98742E-05 0.0144315 9.98742E-05 9.98742E-05 9.98742E-05 9.98742E-05 9.98742E-05 9.98742E-05 9.98742E-05 0.98417 9.98742E-05 9.98742E-05 9.98742E-05 9.98742E-05
9.98653E-05 9.98653E-05 9.98653E-05 9.98653E-05 9.98653E-05 9.98653E-05 9.98653E-05 9.98653E-05 9.98653E-05 9.98653E-05 9.98653E-05 0.998502 9.98653E-05 9.98653E-05 9.98653E-05 9.98653E-05
9.9892E-05 9.9892E-05 9.9892E-05 9.9892E-05 9.9892E-05 9.9892E-05 0.855377 9.9892E-05 0.0963198 9.9892E-05 9.9892E-05 9.9892E-05 0.00272376 9.9892E-05 0.0443807 9.9892E-05
9.9892E-05 9.9892E-05 9.9892E-05 9.9892E-05 9.9892E-05 9.9892E-05 0.865249 9.9892E-05 0.0682416 9.9892E-05 9.9892E-05 9.9892E-05 0.0599421 9.9892E-05 0.00536862 9.9892E-05
0.010523 9.99102E-05 9.99102E-05 9.99102E-05 9.99102E-05 0.01866 9.99102E-05 9.99102E-05 0.000837735 9.99102E-05 0.0106022 0.955937 9.99102E-05 9.99102E-05 0.00244128 9.99102E-05
9.98652E-05 9.98652E-05 9.98652E-05 9.98652E-05 9.98652E-05 9.98652E-05 9.98652E-05 9.98652E-05 9.98652E-05 9.98652E-05 9.98652E-05 0.998502 9.98652E-05 9.98652E-05 9.98652E-05 9.98652E-05
9.98918E-05 9.98918E-05 9.98918E-05 0.920133 9.98918E-05 9.98918E-05 9.98918E-05 9.98918E-05 0.00971595 9.98918E-05 0.00994036 9.98918E-05 0.0590123 9.98918E-05 9.98918E-05 9.98918E-05
9.99201E-05 9.99201E-05 9.99201E-05 0.0555783 9.99201E-05 0.000408014 0.177269 0.12954 0.353938 9.99201E-05 9.99201E-05 9.99201E-05 0.172098 0.104565 0.00580592 9.99201E-05
9.9883E-05 9.9883E-05 9.9883E-05 9.9883E-05 9.9883E-05 9.9883E-05 9.9883E-05 0.0470719 9.9883E-05 9.9883E-05 0.0483819 9.9883E-05 9.9883E-05 9.9883E-05 0.903248 9.9883E-05
9.9865E-05 9.9865E-05 9.9865E-05 9.9865E-05 0.998502 9.9865E-05 9.9865E-05 9.9865E-05 9.9865E-05 9.9865E-05 9.9865E-05 9.9865E-05 9.9865E-05 9.9865E-05 9.9865E-05 9.9865E-05
9.9901E-05 9.9901E-05 9.9901E-05 0.0429979 0.840315 0.0805573 9.9901E-05 9.9901E-05 0.0326285 9.9901E-05 9.9901E-05 0.00240266 9.9901E-05 9.9901E-05 9.9901E-05 9.9901E-05
0.713159 0.0153216 9.99101E-05 9.99101E-05 9.99101E-05 9.99101E-05 9.99101E-05 9.99101E-05 9.99101E-05 0.164695 0.0156542 0.024842 9.99101E-05 9.99101E-05 9.99101E-05 0.0653296
