9.98738E-05 0.099535 9.98738E-05 9.98738E-05 9.98738E-05 9.98738E-05 9.98738E-05 9.98738E-05 9.98738E-05 9.98738E-05 9.98738E-05 9.98738E-05 9.98738E-05 0.899067 9.98738E-05 9.98738E-05
9.98919E-05 9.98919E-05 0.137194 9.98919E-05 9.98919E-05 0.0740901 9.98919E-05 9.98919E-05 9.98919E-05 9.98919E-05 0.0644854 9.98919E-05 0.723032 9.98919E-05 9.98919E-05 9.98919E-05
9.98651E-05 9.98651E-05 9.98651E-05 9.98651E-05 9.98651E-05 9.98651E-05 9.98651E-05 9.98651E-05 9.98651E-05 9.98651E-05 9.98651E-05 0.998502 9.98651E-05 9.98651E-05 9.98651E-05 9.98651E-05
9.9892E-05 9.9892E-05 0.905803 9.9892E-05 0.023768 9.9892E-05 9.9892E-05 0.0515189 9.9892E-05 0.017711 9.9892E-05 9.9892E-05 9.9892E-05 9.9892E-05 9.9892E-05 9.9892E-05
9.99192E-05 0.151639 0.34678 9.99192E-05 9.99192E-05 9.99192E-05 0.177372 9.99192E-05 0.0762155 0.100086 9.99192E-05 0.0808856 0.0661236 9.99192E-05 9.99192E-05 9.99192E-05
9.98741E-05 9.98741E-05 0.9319 9.98741E-05 9.98741E-05 9.98741E-05 9.98741E-05 9.98741E-05 9.98741E-05 0.0667016 9.98741E-05 9.98741E-05 9.98741E-05 9.98741E-05 9.98741E-05 9.98741E-05
9.98651E-05 9.98651E-05 9.98651E-05 9.98651E-05 9.98651E-05 9.98651E-05 0.998502 9.98651E-05 9.98651E-05 9.98651E-05 9.98651E-05 9.98651E-05 9.98651E-05 9.98651E-05 9.98651E-05 9.98651E-05
9.99279E-05 0.079845 0.0142619 9.99279E-05 9.99279E-05 9.99279E-05 9.99279E-05 0.0179546 0.0711426 0.21893 9.99279E-05 0.0142449 0.126534 9.99279E-05 0.456288 9.99279E-05
9.98831E-05 9.98831E-05 9.98831E-05 9.98831E-05 9.98831E-05 9.98831E-05 0.960305 9.98831E-05 0.00859633 9.98831E-05 9.98831E-05 9.98831E-05 0.0297998 9.98831E-05 9.98831E-05 9.98831E-05
9.9874E-05 0.876264 9.9874E-05 9.9874E-05 9.9874E-05 9.9874E-05 0.122338 9.9874E-05 9.9874E-05 9.9874E-05 9.9874E-05 9.9874E-05 9.9874E-05 9.9874E-05 9.9874E-05 9.9874E-05
9.9874E-05 0.875369 9.9874E-05 9.9874E-05 9.9874E-05 9.9874E-05 0.123233 9.9874E-05 9.9874E-05 9.9874E-05 9.9874E-05 9.9874E-05 9.9874E-05 9.9874E-05 9.9874E-05 9.9874E-05
9.991E-05 9.991E-05 9.991E-05 0.151994 0.144051 9.991E-05 9.991E-05 0.00164862 9.991E-05 9.991E-05 9.991E-05 0.0442667 9.991E-05 0.656892 0.000149064 9.991E-05
9.98922E-05 9.98922E-05 9.98922E-05 0.97312 9.98922E-05 9.98922E-05 9.98922E-05 0.00126423 9.98922E-05 0.00258522 9.98922E-05 9.98922E-05 9.98922E-05 9.98922E-05 0.0218319 9.98922E-05
9.98741E-05 9.98741E-05 0.962852 9.98741E-05 9.98741E-05 9.98741E-05 9.98741E-05 9.98741E-05 9.98741E-05 9.98741E-05 9.98741E-05 9.98741E-05 9.98741E-05 9.98741E-05 9.98741E-05 0.0357496
9.98831E-05 9.98831E-05 0.977489 9.98831E-05 9.98831E-05 9.98831E-05 9.98831E-05 9.98831E-05 9.98831E-05 9.98831E-05 9.98831E-05 9.98831E-05 9.98831E-05 0.0096653 9.98831E-05 0.0115475
9.99101E-05 0.0131567 9.99101E-05 0.156561 9.99101E-05 0.00648674 9.99101E-05 0.000897132 0.0111634 9.99101E-05 0.810736 9.99101E-05 9.99101E-05 9.99101E-05 9.99101E-05 9.99101E-05
9.98738E-05 0.0917816 9.98738E-05 9.98738E-05 9.98738E-05 0.90682 9.98738E-05 9.98738E-05 9.98738E-05 9.98738E-05 9.98738E-05 9.98738E-05 9.98738E-05 9.98738E-05 9.98738E-05 9.98738E-05
9.99008E-05 0.0677111 9.99008E-05 9.99008E-05 9.99008E-05 9.99008E-05 9.99008E-05 9.99008E-05 0.0192319 9.99008E-05 0.063543 9.99008E-05 0.0255104 9.99008E-05 9.99008E-05 0.822905
0.955944 9.9874E-05 9.9874E-05 9.9874E-05 0.0426573 9.9874E-05 9.9874E-05 9.9874E-05 9.9874E-05 9.9874E-05 9.9874E-05 9.9874E-05 9.9874E-05 9.9874E-05 9.9874E-05 9.9874E-05
9.991E-05 0.491765 9.991E-05 0.00205546 0.0316951 0.0685277 9.991E-05 9.991E-05 9.991E-05 9.991E-05 0.322938 9.991E-05 9.991E-05 0.0820204 9.991E-05 9.991E-05
9.9865E-05 9.9865E-05 9.9865E-05 9.9865E-05 9.9865E-05 9.9865E-05 9.9865E-05 9.9865E-05 9.9865E-05 9.9865E-05 9.9865E-05 9.9865E-05 9.9865E-05 9.9865E-05 9.9865E-05 0.998502
9.99099E-05 0.0162547 9.99099E-05 0.0256047 0.0117882 0.116745 9.99099E-05 9.99099E-05 9.99099E-05 9.99099E-05 0.371913 9.99099E-05 9.99099E-05 0.456695 9.99099E-05 9.99099E-05
9.9892E-05 0.191127 9.9892E-05 9.9892E-05 0.182633 0.179597 9.9892E-05 9.9892E-05 9.9892E-05 9.9892E-05 9.9892E-05 9.9892E-05 9.9892E-05 9.9892E-05 9.9892E-05 0.445444
0.552888 9.9892E-05 9.9892E-05 9.9892E-05 0.0703872 0.00434392 9.9892E-05 9.9892E-05 9.9892E-05 9.9892E-05 9.9892E-05 9.9892E-05 9.9892E-05 9.9892E-05 9.9892E-05 0.371182
9.98923E-05 9.98923E-05 0.280279 9.98923E-05 0.000208908 9.98923E-05 9.98923E-05 0.71568 9.98923E-05 9.98923E-05 9.98923E-05 0.00263342 9.98923E-05 9.98923E-05 9.98923E-05 9.98923E-05
9.98742E-05 9.98742E-05 0.777192 9.98742E-05 9.98742E-05 9.98742E-05 9.98742E-05 0.22141 9.98742E-05 9.98742E-05 9.98742E-05 9.98742E-05 9.98742E-05 9.98742E-05 9.98742E-05 9.98742E-05
9.99008E-05 0.0792305 9.99008E-05 0.780177 0.0616545 9.99008E-05 9.99008E-05 9.99008E-05 9.99008E-05 9.99008E-05 0.00779089 9.99008E-05 9.99008E-05 0.070048 9.99008E-05 9.99008E-05
9.98741E-05 9.98741E-05 9.98741E-05 9.98741E-05 9.98741E-05 9.98741E-05 9.98741E-05 0.971574 9.98741E-05 0.0270277 9.98741E-05 9.98741E-05 9.98741E-05 9.98741E-05 9.98741E-05 9.98741E-05
9.98602E-05 9.98602E-05 9.98602E-05 9.98602E-05 9.98602E-05 9.98602E-05 9.98602E-05 0.997755 9.98602E-05 9.98602E-05 9.98602E-05 0.000846723 9.98602E-05 9.98602E-05 9.98602E-05 9.98602E-05
0.020809 9.9937E-05 0.146212 0.00522563 9.9937E-05 0.0249913 9.9937E-05 0.182353 0.0367612 0.523306 9.9937E-05 0.0237112 9.9937E-05 0.0359305 9.9937E-05 9.9937E-05
9.98738E-05 9.98738E-05 0.0709424 9.98738E-05 9.98738E-05 9.98738E-05 9.98738E-05 9.98738E-05 9.98738E-05 0.927659 9.98738E-05 9.98738E-05 9.98738E-05 9.98738E-05 9.98738E-05 9.98738E-05
9.98655E-05 9.98655E-05 9.98655E-05 9.98655E-05 9.98655E-05 9.98655E-05 9.98655E-05 9.98655E-05 9.98655E-05 9.98655E-05 9.98655E-05 9.98655E-05 0.998502 9.98655E-05 9.98655E-05 9.98655E-05
9.98922E-05 9.98922E-05 0.590033 9.98922E-05 9.98922E-05 9.98922E-05 9.98922E-05 0.240795 9.98922E-05 9.98922E-05 9.98922E-05 0.0168923 9.98922E-05 9.98922E-05 0.151081 9.98922E-05
9.99192E-05 9.99192E-05 9.99192E-05 9.99192E-05 9.99192E-05 0.00564336 0.0146331 0.0121893 0.729813 9.99192E-05 9.99192E-05 0.000562792 9.99192E-05 0.0137258 0.222533 9.99192E-05
9.99096E-05 0.0534017 9.99096E-05 0.497799 0.0806987 0.313888 9.99096E-05 9.99096E-05 9.99096E-05 0.052143 9.99096E-05 9.99096E-05 9.99096E-05 9.99096E-05 0.00107115 9.99096E-05
9.98919E-05 9.98919E-05 0.315346 9.98919E-05 9.98919E-05 0.0348377 9.98919E-05 0.628096 9.98919E-05 9.98919E-05 9.98919E-05 9.98919E-05 9.98919E-05 9.98919E-05 0.0205215 9.98919E-05
9.9892E-05 9.9892E-05 0.00122822 9.9892E-05 9.9892E-05 9.9892E-05 9.9892E-05 9.9892E-05 9.9892E-05 9.9892E-05 9.9892E-05 0.035252 9.9892E-05 0.953429 0.00889241 9.9892E-05
0.0339474 0.63962 0.0299279 9.99189E-05 9.99189E-05 0.00718265 9.99189E-05 9.99189E-05 9.99189E-05 9.99189E-05 9.99189E-05 9.99189E-05 0.175887 0.0753622 0.0371742 9.99189E-05
9.98649E-05 9.98649E-05 9.98649E-05 9.98649E-05 9.98649E-05 0.998502 9.98649E-05 9.98649E-05 9.98649E-05 9.98649E-05 9.98649E-05 9.98649E-05 9.98649E-05 9.98649E-05 9.98649E-05 9.98649E-05
9.99008E-05 0.186133 0.0808706 9.99008E-05 9.99008E-05 0.169087 9.99008E-05 9.99008E-05 9.99008E-05 9.99008E-05 0.398196 9.99008E-05 9.99008E-05 0.164614 9.99008E-05 9.99008E-05
9.99188E-05 0.251361 0.0534853 9.99188E-05 9.99188E-05 0.102955 9.99188E-05 9.99188E-05 9.99188E-05 9.99188E-05 0.357906 9.99188E-05 0.00330457 0.218644 9.99188E-05 0.0114448
9.9901E-05 0.91583 9.9901E-05 0.00753516 9.9901E-05 0.013168 9.9901E-05 9.9901E-05 9.9901E-05 9.9901E-05 0.0294922 9.9901E-05 9.9901E-05 0.0328759 9.9901E-05 9.9901E-05
9.9892E-05 9.9892E-05 9.9892E-05 0.0481338 9.9892E-05 9.9892E-05 0.067217 9.9892E-05 9.9892E-05 9.9892E-05 0.860876 9.9892E-05 9.9892E-05 0.022575 9.9892E-05 9.9892E-05
9.9892E-05 0.906466 9.9892E-05 0.0648979 9.9892E-05 9.9892E-05 9.9892E-05 9.9892E-05 9.9892E-05 0.00898751 9.9892E-05 9.9892E-05 9.9892E-05 0.0184498 9.9892E-05 9.9892E-05
0.0179145 0.401952 9.9928E-05 0.207284 0.106373 9.9928E-05 9.9928E-05 9.9928E-05 9.9928E-05 9.9928E-05 0.074019 9.9928E-05 0.0533408 0.0339301 9.9928E-05 0.104388
0.043411 0.449699 0.0800446 0.0126356 0.0255839 9.99281E-05 9.99281E-05 9.99281E-05 9.99281E-05 0.0221575 0.281724 9.99281E-05 9.99281E-05 0.0839453 9.99281E-05 9.99281E-05
9.99279E-05 0.19878 0.0372589 0.141525 9.99279E-05 0.286257 0.051661 9.99279E-05 0.0330423 0.0807992 9.99279E-05 9.99279E-05 9.99279E-05 0.169877 9.99279E-05 9.99279E-05
9.98749E-05 9.98749E-05 9.98749E-05 9.98749E-05 9.98749E-05 9.98749E-05 9.98749E-05 9.98749E-05 9.98749E-05 9.98749E-05 9.98749E-05 9.98749E-05 9.98749E-05 0.983246 9.98749E-05 0.0153559
9.98652E-05 9.98652E-05 9.98652E-05 9.98652E-05 9.98652E-05 9.98652E-05 9.98652E-05 9.98652E-05 0.998502 9.98652E-05 9.98652E-05 9.98652E-05 9.98652E-05 9.98652E-05 9.98652E-05 9.98652E-05
9.98652E-05 9.98652E-05 9.98652E-05 9.98652E-05 9.98652E-05 9.98652E-05 9.98652E-05 9.98652E-05 0.998502 9.98652E-05 9.98652E-05 9.98652E-05 9.98652E-05 9.98652E-05 9.98652E-05 9.98652E-05
9.98743E-05 9.98743E-05 9.98743E-05 9.98743E-05 9.98743E-05 9.98743E-05 9.98743E-05 0.0223382 0.976264 9.98743E-05 9.98743E-05 9.98743E-05 9.98743E-05 9.98743E-05 9.98743E-05 9.98743E-05
9.98742E-05 9.98742E-05 9.98742E-05 9.98742E-05 9.98742E-05 9.98742E-05 9.98742E-05 9.98742E-05 0.994357 9.98742E-05 9.98742E-05 9.98742E-05 9.98742E-05 9.98742E-05 9.98742E-05 0.00424433
9.98742E-05 9.98742E-05 9.98742E-05 9.98742E-05 9.98742E-05 9.98742E-05 9.98742E-05 9.98742E-05 0.998404 0.000197883 9.98742E-05 9.98742E-05 9.98742E-05 9.98742E-05 9.98742E-05 9.98742E-05
9.99372E-05 9.99372E-05 9.99372E-05 0.0035857 9.99372E-05 9.99372E-05 0.0545512 9.99372E-05 0.335584 0.384775 0.0878877 9.99372E-05 0.0174985 0.00718254 0.0974807 0.0107546
9.98831E-05 9.98831E-05 9.98831E-05 9.98831E-05 9.98831E-05 9.98831E-05 9.98831E-05 9.98831E-05 0.918591 9.98831E-05 9.98831E-05 9.98831E-05 0.0795175 0.000592515 9.98831E-05 9.98831E-05
9.98739E-05 9.98739E-05 9.98739E-05 9.98739E-05 9.98739E-05 9.98739E-05 9.98739E-05 9.98739E-05 9.98739E-05 9.98739E-05 0.174621 9.98739E-05 9.98739E-05 0.823981 9.98739E-05 9.98739E-05
9.99008E-05 9.99008E-05 9.99008E-05 9.99008E-05 9.99008E-05 9.99008E-05 0.0556987 0.000584456 0.0409548 9.99008E-05 9.99008E-05 0.0092298 0.892433 9.99008E-05 9.99008E-05 9.99008E-05
9.98829E-05 9.98829E-05 0.541834 9.98829E-05 9.98829E-05 0.0095484 9.98829E-05 0.447319 9.98829E-05 9.98829E-05 9.98829E-05 9.98829E-05 9.98829E-05 9.98829E-05 9.98829E-05 9.98829E-05
9.99101E-05 9.99101E-05 9.99101E-05 0.81883 0.0159101 9.99101E-05 0.00647791 9.99101E-05 0.0162383 9.99101E-05 0.138797 9.99101E-05 9.99101E-05 0.00274765 9.99101E-05 9.99101E-05
9.98833E-05 9.98833E-05 9.98833E-05 0.0822644 9.98833E-05 9.98833E-05 9.98833E-05 9.98833E-05 9.98833E-05 9.98833E-05 0.909708 9.98833E-05 9.98833E-05 9.98833E-05 0.00672925 9.98833E-05
9.98923E-05 9.98923E-05 9.98923E-05 0.95747 9.98923E-05 9.98923E-05 0.0164724 9.98923E-05 9.98923E-05 9.98923E-05 9.98923E-05 0.0203658 9.98923E-05 9.98923E-05 0.00449317 9.98923E-05
9.99009E-05 0.115021 9.99009E-05 0.868731 9.99009E-05 9.99009E-05 9.99009E-05 9.99009E-05 9.99009E-05 9.99009E-05 0.00628936 9.99009E-05 0.00082991 0.00802973 9.99009E-05 9.99009E-05
9.98829E-05 0.12406 9.98829E-05 0.833137 0.0415048 9.98829E-05 9.98829E-05 9.98829E-05 9.98829E-05 9.98829E-05 9.98829E-05 9.98829E-05 9.98829E-05 9.98829E-05 9.98829E-05 9.98829E-05
0.960831 9.98741E-05 9.98741E-05 9.98741E-05 9.98741E-05 9.98741E-05 9.98741E-05 9.98741E-05 9.98741E-05 9.98741E-05 9.98741E-05 9.98741E-05 9.98741E-05 0.0377708 9.98741E-05 9.98741E-05
9.98835E-05 9.98835E-05 0.228209 9.98835E-05 9.98835E-05 9.98835E-05 9.98835E-05 0.755681 9.98835E-05 9.98835E-05 9.98835E-05 0.0148115 9.98835E-05 9.98835E-05 9.98835E-05 9.98835E-05
0.0794533 0.192093 9.9928E-05 0.069996 0.00812353 0.131958 9.9928E-05 0.264802 0.134235 9.9928E-05 9.9928E-05 9.9928E-05 0.11854 9.9928E-05 9.9928E-05 9.9928E-05
9.98922E-05 9.98922E-05 0.771448 9.98922E-05 9.98922E-05 9.98922E-05 9.98922E-05 0.0358076 9.98922E-05 9.98922E-05 9.98922E-05 0.128075 9.98922E-05 9.98922E-05 0.0634706 9.98922E-05
9.9919E-05 9.9919E-05 0.681046 9.9919E-05 9.9919E-05 0.00961783 0.0250502 0.242324 0.0151396 0.0147877 9.9919E-05 0.0111356 9.9919E-05 9.9919E-05 9.9919E-05 9.9919E-05
9.98651E-05 9.98651E-05 9.98651E-05 9.98651E-05 9.98651E-05 9.98651E-05 9.98651E-05 0.998502 9.98651E-05 9.98651E-05 9.98651E-05 9.98651E-05 9.98651E-05 9.98651E-05 9.98651E-05 9.98651E-05
9.98742E-05 9.98742E-05 9.98742E-05 9.98742E-05 9.98742E-05 9.98742E-05 9.98742E-05 0.98025 9.98742E-05 9.98742E-05 9.98742E-05 9.98742E-05 9.98742E-05 9.98742E-05 9.98742E-05 0.018352
9.99191E-05 9.99191E-05 0.580016 9.99191E-05 9.99191E-05 0.0497935 0.0121954 0.168423 9.99191E-05 0.171812 9.99191E-05 9.99191E-05 0.0140598 0.00280074 9.99191E-05 9.99191E-05
9.9892E-05 9.9892E-05 0.550175 9.9892E-05 9.9892E-05 0.0197065 9.9892E-05 0.427563 0.00135767 9.9892E-05 9.9892E-05 9.9892E-05 9.9892E-05 9.9892E-05 9.9892E-05 9.9892E-05
9.98831E-05 9.98831E-05 9.98831E-05 9.98831E-05 9.98831E-05 9.98831E-05 9.98831E-05 9.98831E-05 0.00722396 0.0183988 9.98831E-05 9.98831E-05 9.98831E-05 9.98831E-05 0.973079 9.98831E-05
9.9883E-05 9.9883E-05 9.9883E-05 0.0143747 9.9883E-05 9.9883E-05 0.00541537 9.9883E-05 9.9883E-05 9.9883E-05 9.9883E-05 9.9883E-05 9.9883E-05 9.9883E-05 0.978911 9.9883E-05
9.99011E-05 9.99011E-05 0.870682 9.99011E-05 9.99011E-05 9.99011E-05 9.99011E-05 0.0652805 0.0464848 9.99011E-05 0.00424186 9.99011E-05 9.99011E-05 9.99011E-05 9.99011E-05 0.0122116
9.9883E-05 9.9883E-05 9.9883E-05 9.9883E-05 9.9883E-05 9.9883E-05 9.9883E-05 9.9883E-05 0.0073952 0.012794 0.978512 9.9883E-05 9.9883E-05 9.9883E-05 9.9883E-05 9.9883E-05
9.9874E-05 9.9874E-05 9.9874E-05 9.9874E-05 9.9874E-05 9.9874E-05 9.9874E-05 9.9874E-05 0.0101065 9.9874E-05 0.988495 9.9874E-05 9.9874E-05 9.9874E-05 9.9874E-05 9.9874E-05
9.98652E-05 9.98652E-05 9.98652E-05 9.98652E-05 0.998502 9.98652E-05 9.98652E-05 9.98652E-05 9.98652E-05 9.98652E-05 9.98652E-05 9.98652E-05 9.98652E-05 9.98652E-05 9.98652E-05 9.98652E-05
9.98653E-05 9.98653E-05 9.98653E-05 9.98653E-05 0.998502 9.98653E-05 9.98653E-05 9.98653E-05 9.98653E-05 9.98653E-05 9.98653E-05 9.98653E-05 9.98653E-05 9.98653E-05 9.98653E-05 9.98653E-05
9.99099E-05 0.745575 9.99099E-05 0.00530051 9.99099E-05 9.99099E-05 9.99099E-05 9.99099E-05 9.99099E-05 9.99099E-05 0.15711 9.99099E-05 0.0506955 0.0124562 0.0278638 9.99099E-05
9.9901E-05 0.687386 9.9901E-05 0.0587426 9.9901E-05 9.9901E-05 0.00458061 9.9901E-05 9.9901E-05 9.9901E-05 0.195784 9.9901E-05 0.0524073 9.9901E-05 9.9901E-05 9.9901E-05
9.98831E-05 9.98831E-05 9.98831E-05 9.98831E-05 0.964021 9.98831E-05 9.98831E-05 9.98831E-05 9.98831E-05 9.98831E-05 0.00844519 9.98831E-05 0.0262353 9.98831E-05 9.98831E-05 9.98831E-05
9.98652E-05 9.98652E-05 9.98652E-05 9.98652E-05 0.998502 9.98652E-05 9.98652E-05 9.98652E-05 9.98652E-05 9.98652E-05 9.98652E-05 9.98652E-05 9.98652E-05 9.98652E-05 9.98652E-05 9.98652E-05
9.99009E-05 9.99009E-05 9.99009E-05 0.0302626 9.99009E-05 9.99009E-05 0.0177129 9.99009E-05 0.0120808 9.99009E-05 0.00353405 9.99009E-05 9.99009E-05 0.935311 9.99009E-05 9.99009E-05
0.0707603 0.084289 9.9928E-05 0.127003 9.9928E-05 9.9928E-05 0.0880769 9.9928E-05 9.9928E-05 9.9928E-05 0.586196 9.9928E-05 0.00975195 0.0169325 9.9928E-05 0.0161912
9.9883E-05 9.9883E-05 9.9883E-05 9.9883E-05 9.9883E-05 9.9883E-05 0.0667059 9.9883E-05 0.0536216 9.9883E-05 9.9883E-05 9.9883E-05 0.878374 9.9883E-05 9.9883E-05 9.9883E-05
0.116911 0.196961 0.00703331 0.284047 0.119028 0.265013 9.99282E-05 0.00656601 0.00364132 9.99282E-05 9.99282E-05 9.99282E-05 9.99282E-05 9.99282E-05 9.99282E-05 9.99282E-05
9.99014E-05 9.99014E-05 9.99014E-05 0.308422 0.0795568 0.523317 9.99014E-05 9.99014E-05 9.99014E-05 9.99014E-05 9.99014E-05 9.99014E-05 9.99014E-05 0.0690994 9.99014E-05 0.0185054
9.9865E-05 9.9865E-05 9.9865E-05 9.9865E-05 9.9865E-05 9.9865E-05 9.9865E-05 9.9865E-05 9.9865E-05 0.998502 9.9865E-05 9.9865E-05 9.9865E-05 9.9865E-05 9.9865E-05 9.9865E-05
