9.99549E-05 9.99549E-05 0.936023 9.99549E-05 9.99549E-05 9.99549E-05 0.0634774
0.315364 0.00346304 0.232328 9.9982E-05 9.9982E-05 0.218015 0.23063
0.815211 0.0136703 9.99822E-05 0.033648 0.11753 0.0197409 9.99822E-05
0.967896 0.0316038 9.9955E-05 9.9955E-05 9.9955E-05 9.9955E-05 9.9955E-05
0.440831 9.99731E-05 0.063073 9.99731E-05 9.99731E-05 0.211929 0.283867
0.950226 0.00256486 0.0406089 9.9973E-05 9.9973E-05 9.9973E-05 0.00630058
0.0437108 9.99731E-05 9.99731E-05 9.99731E-05 0.557827 0.363453 0.0347094
0.422022 0.029497 9.99731E-05 9.99731E-05 9.99731E-05 0.413198 0.134983
9.99641E-05 9.99641E-05 9.99641E-05 9.99641E-05 0.36677 0.416508 0.216323
9.995E-05 9.995E-05 9.995E-05 9.995E-05 9.995E-05 9.995E-05 0.9994
9.995E-05 9.995E-05 9.995E-05 9.995E-05 9.995E-05 9.995E-05 0.9994
0.0175129 0.122277 0.691213 9.9973E-05 0.168696 9.9973E-05 9.9973E-05
9.995E-05 9.995E-05 9.995E-05 9.995E-05 0.9994 9.995E-05 9.995E-05
0.960194 9.9964E-05 0.0211453 0.0182608 9.9964E-05 9.9964E-05 9.9964E-05
0.949953 9.9964E-05 0.0484119 0.00123565 9.9964E-05 9.9964E-05 9.9964E-05
9.9973E-05 9.9973E-05 0.0679542 9.9973E-05 0.378912 0.03322 0.519614
9.9982E-05 0.304848 0.00405119 0.0723945 0.177993 9.9982E-05 0.440513
9.99729E-05 9.99729E-05 0.0120727 0.726039 9.99729E-05 0.0438459 0.217743
9.9955E-05 0.109254 9.9955E-05 0.890246 9.9955E-05 9.9955E-05 9.9955E-05
9.9973E-05 0.0566453 0.133986 9.9973E-05 0.0654869 9.9973E-05 0.743582
9.995E-05 9.995E-05 9.995E-05 0.9994 9.995E-05 9.995E-05 9.995E-05
9.9973E-05 0.00653872 0.532205 9.9973E-05 0.112733 9.9973E-05 0.348224
9.9973E-05 0.319357 9.9973E-05 0.389996 9.9973E-05 0.0141253 0.276222
9.9964E-05 0.0763602 9.9964E-05 0.899831 9.9964E-05 9.9964E-05 0.0234092
0.9994 9.995E-05 9.995E-05 9.995E-05 9.995E-05 9.995E-05 9.995E-05
0.9994 9.995E-05 9.995E-05 9.995E-05 9.995E-05 9.995E-05 9.995E-05
9.99729E-05 0.0812869 0.087158 9.99729E-05 0.756831 9.99729E-05 0.0744241
0.882895 9.9964E-05 9.9964E-05 9.9964E-05 0.0136257 0.10308 9.9964E-05
0.871923 9.9964E-05 9.9964E-05 9.9964E-05 0.0172185 0.110458 9.9964E-05
0.674435 0.0255284 0.00781839 0.020909 0.0147007 0.256508 9.9991E-05
0.67998 0.0743616 9.99641E-05 9.99641E-05 9.99641E-05 0.245258 9.99641E-05
0.070641 9.99731E-05 0.223106 9.99731E-05 9.99731E-05 0.609208 0.0967454
0.9994 9.995E-05 9.995E-05 9.995E-05 9.995E-05 9.995E-05 9.995E-05
0.108863 0.00514488 9.99641E-05 9.99641E-05 9.99641E-05 0.885592 9.99641E-05
0.0465832 0.220334 0.0933505 9.99819E-05 0.518274 9.99819E-05 0.121259
0.967045 0.00265992 9.99729E-05 9.99729E-05 0.0272157 0.00277936 9.99729E-05
0.000523838 9.9955E-05 0.998976 9.9955E-05 9.9955E-05 9.9955E-05 9.9955E-05
0.0341339 9.9982E-05 0.122124 0.00239192 9.9982E-05 0.0461224 0.795028
0.139066 0.370814 9.9982E-05 0.0432799 0.143413 9.9982E-05 0.303227
0.105009 0.00245256 0.243111 9.9973E-05 9.9973E-05 9.9973E-05 0.649127
0.0685208 0.0184299 0.274069 0.0116131 9.9982E-05 9.9982E-05 0.627167
9.9964E-05 0.00856404 0.0271054 9.9964E-05 9.9964E-05 9.9964E-05 0.963931
0.00261412 9.9982E-05 0.0963378 9.9982E-05 0.29843 0.0296461 0.572772
9.9964E-05 0.0232231 0.00553505 9.9964E-05 9.9964E-05 9.9964E-05 0.970842
9.9982E-05 0.126131 0.047248 0.11094 0.190636 9.9982E-05 0.524845
0.0663137 0.0296338 0.119925 0.0362712 0.0646451 9.9991E-05 0.683112
0.0960972 0.121978 0.252124 9.9991E-05 0.18473 0.0270812 0.31789
9.995E-05 9.995E-05 0.9994 9.995E-05 9.995E-05 9.995E-05 9.995E-05
9.995E-05 9.995E-05 9.995E-05 9.995E-05 9.995E-05 0.9994 9.995E-05
9.995E-05 9.995E-05 9.995E-05 9.995E-05 9.995E-05 0.9994 9.995E-05
9.9964E-05 0.00524254 9.9964E-05 0.00355231 9.9964E-05 0.990805 9.9964E-05
9.995E-05 9.995E-05 9.995E-05 9.995E-05 9.995E-05 0.9994 9.995E-05
9.995E-05 9.995E-05 9.995E-05 9.995E-05 9.995E-05 0.9994 9.995E-05
0.228287 9.99821E-05 9.99821E-05 0.0401039 0.0301832 0.62497 0.0762557
9.995E-05 9.995E-05 9.995E-05 9.995E-05 9.995E-05 0.9994 9.995E-05
9.99639E-05 9.99639E-05 0.884296 9.99639E-05 0.100182 9.99639E-05 0.015122
0.0925877 9.9982E-05 0.200085 9.9982E-05 0.0287007 0.562939 0.115488
0.9994 9.995E-05 9.995E-05 9.995E-05 9.995E-05 9.995E-05 9.995E-05
9.9973E-05 0.04331 0.110792 9.9973E-05 0.844468 0.00113036 9.9973E-05
0.0844787 9.9973E-05 0.136892 9.9973E-05 0.394722 9.9973E-05 0.383608
9.995E-05 9.995E-05 9.995E-05 9.995E-05 0.9994 9.995E-05 9.995E-05
9.99639E-05 9.99639E-05 0.0169577 9.99639E-05 0.86766 9.99639E-05 0.114983
9.99729E-05 0.107835 0.00703428 9.99729E-05 0.8345 9.99729E-05 0.0503307
9.99641E-05 9.99641E-05 0.0896555 0.897876 9.99641E-05 0.012069 9.99641E-05
0.9994 9.995E-05 9.995E-05 9.995E-05 9.995E-05 9.995E-05 9.995E-05
0.424406 0.0739937 0.0573714 0.0280044 0.0676387 0.0680982 0.280488
0.957005 9.99551E-05 9.99551E-05 9.99551E-05 0.042495 9.99551E-05 9.99551E-05
0.978505 9.9955E-05 0.0209948 9.9955E-05 9.9955E-05 9.9955E-05 9.9955E-05
0.916831 9.9964E-05 9.9964E-05 9.9964E-05 0.0118749 0.0708945 9.9964E-05
0.94336 9.9973E-05 0.0027557 0.0119877 9.9973E-05 0.0415968 9.9973E-05
0.899715 0.01615 0.0129279 9.99731E-05 9.99731E-05 9.99731E-05 0.0709069
0.9994 9.995E-05 9.995E-05 9.995E-05 9.995E-05 9.995E-05 9.995E-05
0.518994 9.99643E-05 0.018552 9.99643E-05 9.99643E-05 0.462054 9.99643E-05
0.496083 9.99642E-05 9.99642E-05 9.99642E-05 0.150062 0.353455 9.99642E-05
0.984294 9.99551E-05 9.99551E-05 9.99551E-05 9.99551E-05 9.99551E-05 0.0152066
0.0856416 9.9982E-05 0.0462916 9.9982E-05 0.171711 0.0787631 0.617393
0.0250659 0.00535394 0.0495183 9.9991E-05 0.212391 0.118694 0.588877
9.995E-05 0.9994 9.995E-05 9.995E-05 9.995E-05 9.995E-05 9.995E-05
9.995E-05 0.9994 9.995E-05 9.995E-05 9.995E-05 9.995E-05 9.995E-05
0.009822 0.00109163 0.018902 9.9982E-05 0.0359339 9.9982E-05 0.934051
9.9964E-05 9.9964E-05 0.0128564 9.9964E-05 0.0489127 9.9964E-05 0.937831
9.9955E-05 0.988013 9.9955E-05 9.9955E-05 9.9955E-05 0.0114872 9.9955E-05
9.995E-05 0.9994 9.995E-05 9.995E-05 9.995E-05 9.995E-05 9.995E-05
9.99639E-05 9.99639E-05 0.947997 9.99639E-05 0.049564 0.00203935 9.99639E-05
9.9982E-05 9.9982E-05 0.0722156 0.0332813 0.34201 0.019592 0.532701
0.0478863 9.9982E-05 0.195946 9.9982E-05 0.056239 0.598433 0.101296
0.0600152 0.270783 9.99821E-05 0.111145 0.322234 9.99821E-05 0.235624
9.9982E-05 0.283513 0.191204 0.0821155 0.440644 9.9982E-05 0.00232312
0.655964 0.0310088 9.99821E-05 0.0323866 0.00904653 0.271394 9.99821E-05
