9.996E-05 9.996E-05 9.996E-05 9.996E-05 9.996E-05 0.9995
0.234151 9.9973E-05 9.9973E-05 0.297214 9.9973E-05 0.468334
0.0442759 0.0801763 0.111056 0.743252 0.0211394 9.99911E-05
9.9964E-05 0.032657 9.9964E-05 0.966943 9.9964E-05 9.9964E-05
0.280242 9.99731E-05 9.99731E-05 0.445738 9.99731E-05 0.273719
9.9973E-05 0.00180558 9.9973E-05 0.992684 9.9973E-05 0.00521001
0.392884 9.99821E-05 0.518961 0.0326234 9.99821E-05 0.0553311
0.447495 0.0237451 9.9982E-05 0.436594 9.9982E-05 0.0919656
0.374173 9.99821E-05 0.440546 0.0481723 9.99821E-05 0.136909
0.0916202 0.0694695 0.00198886 9.99821E-05 9.99821E-05 0.836722
0.111587 0.0874253 0.0429268 9.9982E-05 9.9982E-05 0.757861
9.9982E-05 0.115497 0.243266 0.0451941 9.9982E-05 0.595843
9.996E-05 9.996E-05 0.9995 9.996E-05 9.996E-05 9.996E-05
9.9973E-05 9.9973E-05 9.9973E-05 0.965741 0.011594 0.0223652
9.9973E-05 9.9973E-05 9.9973E-05 0.959704 0.0174042 0.0225921
0.0621893 0.00769626 0.339493 9.9982E-05 9.9982E-05 0.590422
0.0283707 0.34667 0.18353 9.9991E-05 0.0685315 0.372798
0.0284221 9.9973E-05 9.9973E-05 9.9973E-05 0.689772 0.281506
9.9964E-05 0.101804 9.9964E-05 9.9964E-05 0.897796 9.9964E-05
9.9973E-05 0.121489 0.0486901 9.9973E-05 9.9973E-05 0.829521
9.996E-05 9.996E-05 9.996E-05 9.996E-05 0.9995 9.996E-05
9.9964E-05 9.9964E-05 0.0538269 9.9964E-05 9.9964E-05 0.945773
0.0622059 0.381966 9.9982E-05 9.9982E-05 0.438636 0.116992
9.9964E-05 0.075931 9.9964E-05 9.9964E-05 0.923669 9.9964E-05
0.00479018 9.99641E-05 9.99641E-05 0.99481 9.99641E-05 9.99641E-05
9.996E-05 9.996E-05 9.996E-05 0.9995 9.996E-05 9.996E-05
9.99729E-05 0.0666033 0.765484 9.99729E-05 9.99729E-05 0.167613
0.0479352 9.9964E-05 9.9964E-05 0.951665 9.9964E-05 9.9964E-05
0.0854287 9.9973E-05 0.0163099 0.897962 9.9973E-05 9.9973E-05
0.282362 9.99821E-05 0.0171079 0.668173 0.0321564 9.99821E-05
0.257455 0.0467561 9.9973E-05 0.695489 9.9973E-05 9.9973E-05
0.541179 9.99731E-05 9.99731E-05 0.100927 9.99731E-05 0.357593
9.996E-05 9.996E-05 9.996E-05 0.9995 9.996E-05 9.996E-05
0.88805 0.0219565 0.000412805 0.0893805 9.9982E-05 9.9982E-05
0.00396875 0.208313 0.593817 0.0533206 9.9991E-05 0.14048
9.99639E-05 9.99639E-05 0.0104244 0.989176 9.99639E-05 9.99639E-05
9.99642E-05 9.99642E-05 9.99642E-05 0.0553544 9.99642E-05 0.944246
0.139419 9.9982E-05 9.9982E-05 0.0384113 0.0305469 0.791422
9.9991E-05 0.410401 0.21713 0.127421 0.0529875 0.19196
9.9973E-05 0.0079305 9.9973E-05 0.10729 9.9973E-05 0.884479
9.9982E-05 0.0215429 9.9982E-05 0.0849298 0.0031827 0.890145
9.9973E-05 0.059536 0.0423885 9.9973E-05 9.9973E-05 0.897776
0.0418732 9.9973E-05 0.269641 9.9973E-05 9.9973E-05 0.688186
0.0507666 0.108837 0.0385468 9.9991E-05 0.016397 0.785353
9.9982E-05 0.196728 0.195418 9.9982E-05 0.113428 0.494226
0.00322414 0.0764208 0.0688924 0.0755802 0.0367732 0.739109
0.0600385 0.141488 0.238235 0.117023 9.9991E-05 0.443116
9.99644E-05 9.99644E-05 9.99644E-05 9.99644E-05 0.0103071 0.989293
0.9995 9.996E-05 9.996E-05 9.996E-05 9.996E-05 9.996E-05
0.9995 9.996E-05 9.996E-05 9.996E-05 9.996E-05 9.996E-05
0.9995 9.996E-05 9.996E-05 9.996E-05 9.996E-05 9.996E-05
0.9995 9.996E-05 9.996E-05 9.996E-05 9.996E-05 9.996E-05
0.9995 9.996E-05 9.996E-05 9.996E-05 9.996E-05 9.996E-05
0.635739 9.9991E-05 0.0439313 0.254584 0.0481556 0.0174897
0.998691 0.00090906 9.9964E-05 9.9964E-05 9.9964E-05 9.9964E-05
9.9964E-05 9.9964E-05 0.0551978 9.9964E-05 9.9964E-05 0.944402
0.514669 9.9973E-05 9.9973E-05 0.119396 9.9973E-05 0.365635
9.996E-05 9.996E-05 9.996E-05 0.9995 9.996E-05 9.996E-05
9.9973E-05 0.0578701 0.852177 9.9973E-05 9.9973E-05 0.0896529
9.9982E-05 0.00606387 0.33847 0.0782181 9.9982E-05 0.577048
9.996E-05 9.996E-05 0.9995 9.996E-05 9.996E-05 9.996E-05
9.99729E-05 0.00747688 0.874083 9.99729E-05 9.99729E-05 0.118141
9.99729E-05 0.062427 0.819681 9.99729E-05 9.99729E-05 0.117592
0.016336 9.99731E-05 9.99731E-05 9.99731E-05 0.885887 0.0974774
9.996E-05 9.996E-05 9.996E-05 0.9995 9.996E-05 9.996E-05
0.0386842 0.10232 0.0632346 0.371127 0.0711601 0.353474
0.0112458 9.99641E-05 9.99641E-05 0.988354 9.99641E-05 9.99641E-05
0.00986587 9.9973E-05 9.9973E-05 0.968954 9.9973E-05 0.0208798
0.0830971 9.9973E-05 0.0199092 0.896694 9.9973E-05 9.9973E-05
0.0352497 9.9991E-05 0.00423499 0.945773 0.00386052 0.0107818
0.00899634 9.9973E-05 9.9973E-05 0.926994 9.9973E-05 0.0637099
9.9964E-05 0.00469334 9.9964E-05 0.994907 9.9964E-05 9.9964E-05
0.467513 9.99732E-05 0.00804012 0.524147 9.99732E-05 9.99732E-05
0.343598 9.99732E-05 0.191883 0.464219 9.99732E-05 9.99732E-05
0.0123676 0.00256316 9.9982E-05 0.965568 9.9982E-05 0.0193016
0.0808677 0.0341258 0.114375 0.0886396 9.9991E-05 0.681892
0.11836 0.0087473 0.139019 0.0667086 9.9991E-05 0.667066
9.996E-05 0.9995 9.996E-05 9.996E-05 9.996E-05 9.996E-05
9.996E-05 0.9995 9.996E-05 9.996E-05 9.996E-05 9.996E-05
0.0520593 0.0512689 0.0486998 9.99871E-05 9.99871E-05 0.847772
0.0431884 0.00626384 0.0841354 9.9991E-05 0.00506227 0.86125
9.996E-05 0.9995 9.996E-05 9.996E-05 9.996E-05 9.996E-05
9.996E-05 0.9995 9.996E-05 9.996E-05 9.996E-05 9.996E-05
9.99641E-05 9.99641E-05 0.0857535 9.99641E-05 9.99641E-05 0.913847
0.0335793 9.9991E-05 0.262008 0.00214612 0.0506771 0.651489
0.553118 9.9973E-05 9.9973E-05 0.108725 9.9973E-05 0.337856
9.9991E-05 0.305783 0.360105 0.0733699 0.0962942 0.164349
9.99821E-05 0.319373 0.445091 9.99821E-05 0.0787749 0.156561
0.284483 0.0345032 0.00444226 0.632669 0.0438028 9.9991E-05
