9.996E-05 0.9995 9.996E-05 9.996E-05 9.996E-05 9.996E-05
9.9982E-05 0.40177 0.294624 9.9982E-05 0.303171 0.000235318
0.0965563 9.99911E-05 0.714324 0.0267597 0.103121 0.0591396
9.9964E-05 9.9964E-05 0.959374 9.9964E-05 9.9964E-05 0.040226
9.99731E-05 0.282472 0.42962 9.99731E-05 0.287608 9.99731E-05
9.9964E-05 9.9964E-05 0.984247 9.9964E-05 9.9964E-05 0.0153533
0.595647 9.99642E-05 9.99642E-05 9.99642E-05 0.403954 9.99642E-05
9.99821E-05 0.0737624 0.420162 9.99821E-05 0.457231 0.0486446
0.447022 0.100612 0.0176832 9.99821E-05 0.434483 9.99821E-05
0.0194865 0.799743 9.9982E-05 9.9982E-05 0.11326 0.0673108
0.0480676 0.830399 9.9982E-05 9.9982E-05 0.0765829 0.0447509
0.201617 0.61107 0.0302689 9.9982E-05 9.9982E-05 0.156844
0.9995 9.996E-05 9.996E-05 9.996E-05 9.996E-05 9.996E-05
9.9973E-05 0.0229813 0.938029 0.0386897 9.9973E-05 9.9973E-05
9.9973E-05 0.0512325 0.940516 0.00795127 9.9973E-05 9.9973E-05
0.388156 0.510413 0.0384467 9.9991E-05 0.0437929 0.0190915
0.223337 0.32182 9.9982E-05 0.089918 9.9982E-05 0.364725
9.99729E-05 0.232557 9.99729E-05 0.723263 0.0438803 9.99729E-05
9.9964E-05 9.9964E-05 9.9964E-05 0.900723 9.9964E-05 0.0988769
0.100416 0.769989 9.9973E-05 9.9973E-05 9.9973E-05 0.129295
9.996E-05 9.996E-05 9.996E-05 0.9995 9.996E-05 9.996E-05
0.0802159 0.919384 9.9964E-05 9.9964E-05 9.9964E-05 9.9964E-05
9.999E-05 0.0512731 0.0145388 0.440341 0.0805093 0.413238
9.99639E-05 9.99639E-05 9.99639E-05 0.906942 9.99639E-05 0.0926584
9.99641E-05 9.99641E-05 0.996127 9.99641E-05 0.00347316 9.99641E-05
9.996E-05 9.996E-05 0.9995 9.996E-05 9.996E-05 9.996E-05
0.756447 0.183601 9.99729E-05 9.99729E-05 9.99729E-05 0.0596519
0.00395582 9.9973E-05 0.923184 9.9973E-05 0.0725599 9.9973E-05
0.00812093 9.9973E-05 0.880558 9.9973E-05 0.111021 9.9973E-05
0.0332232 9.9991E-05 0.735542 0.0282537 0.182379 0.0205026
9.9973E-05 9.9973E-05 0.644423 9.9973E-05 0.305559 0.0497184
9.99732E-05 0.326846 0.0764337 9.99732E-05 0.596421 9.99732E-05
9.996E-05 9.996E-05 0.9995 9.996E-05 9.996E-05 9.996E-05
9.9964E-05 9.9964E-05 0.157283 9.9964E-05 0.842318 9.9964E-05
0.54385 0.178063 0.0473291 9.99819E-05 9.99819E-05 0.230557
0.0173662 9.99639E-05 0.982234 9.99639E-05 9.99639E-05 9.99639E-05
9.99642E-05 0.927426 0.0721746 9.99642E-05 9.99642E-05 9.99642E-05
9.9982E-05 0.778504 0.0151755 0.0437612 0.16236 9.9982E-05
0.185064 0.208396 0.149612 0.0466749 9.9991E-05 0.410154
9.99659E-05 0.875069 0.124531 9.99659E-05 9.99659E-05 9.99659E-05
9.9982E-05 0.906866 0.065702 0.0186628 9.9982E-05 0.00856919
0.00569346 0.890662 9.9982E-05 0.0240517 9.9982E-05 0.0793927
0.280567 0.667127 9.9973E-05 9.9973E-05 0.0520053 9.9973E-05
0.0601858 0.810793 9.9982E-05 9.9982E-05 0.0444706 0.084351
0.171795 0.53759 9.9991E-05 0.121523 0.0225107 0.146482
0.0577892 0.748744 0.0997982 0.0468381 9.9991E-05 0.0467301
0.246513 0.46317 0.106912 9.9991E-05 0.0553691 0.127937
9.99644E-05 0.985242 9.99644E-05 0.0143585 9.99644E-05 9.99644E-05
9.996E-05 9.996E-05 9.996E-05 9.996E-05 0.9995 9.996E-05
9.996E-05 9.996E-05 9.996E-05 9.996E-05 0.9995 9.996E-05
9.9973E-05 9.9973E-05 9.9973E-05 0.00993815 0.96464 0.0251224
9.996E-05 9.996E-05 9.996E-05 9.996E-05 0.9995 9.996E-05
9.996E-05 9.996E-05 9.996E-05 9.996E-05 0.9995 9.996E-05
0.0955036 0.042557 0.19215 0.0328951 0.636794 9.9991E-05
9.99639E-05 9.99639E-05 9.99639E-05 9.99639E-05 0.993718 0.00588183
0.0697738 0.929826 9.9964E-05 9.9964E-05 9.9964E-05 9.9964E-05
9.9973E-05 0.320823 0.133578 9.9973E-05 0.545299 9.9973E-05
9.996E-05 9.996E-05 0.9995 9.996E-05 9.996E-05 9.996E-05
0.844485 0.120329 9.99755E-05 9.99755E-05 9.99755E-05 0.0348863
0.391738 0.508628 0.0886703 9.9982E-05 9.9982E-05 0.0107642
0.9995 9.996E-05 9.996E-05 9.996E-05 9.996E-05 9.996E-05
0.885426 0.114174 9.99639E-05 9.99639E-05 9.99639E-05 9.99639E-05
0.85998 0.0469288 9.99819E-05 0.00575661 9.99819E-05 0.0871348
9.99731E-05 0.0740567 9.99731E-05 0.925001 0.000642254 9.99731E-05
9.996E-05 9.996E-05 0.9995 9.996E-05 9.996E-05 9.996E-05
0.315665 0.0351554 0.186468 0.0192643 0.243528 0.199919
0.0103279 9.99641E-05 0.989272 9.99641E-05 9.99641E-05 9.99641E-05
9.9973E-05 0.0379347 0.955849 9.9973E-05 0.00591642 9.9973E-05
0.0238525 0.00870579 0.926504 9.9982E-05 0.0407376 9.9982E-05
9.9982E-05 0.0133596 0.928178 0.00526047 0.0530018 9.9982E-05
9.99731E-05 0.0656118 0.920187 9.99731E-05 9.99731E-05 0.0139015
9.9964E-05 9.9964E-05 0.995137 9.9964E-05 9.9964E-05 0.00446342
0.0158761 9.99732E-05 0.507231 9.99732E-05 0.476593 9.99732E-05
0.221715 9.99732E-05 0.460358 9.99732E-05 0.317626 9.99732E-05
9.9973E-05 0.0372388 0.959647 9.9973E-05 9.9973E-05 0.00281475
0.129618 0.592515 0.0715111 9.9991E-05 0.12455 0.0817059
0.143445 0.617549 0.0380743 9.9991E-05 0.149666 0.0511654
9.996E-05 9.996E-05 9.996E-05 9.996E-05 9.996E-05 0.9995
9.996E-05 9.996E-05 9.996E-05 9.996E-05 9.996E-05 0.9995
0.0698677 0.840876 9.9991E-05 0.000580978 0.0608366 0.0277385
0.0745887 0.840749 9.9991E-05 0.0104374 0.0469025 0.0272221
9.9964E-05 9.9964E-05 9.9964E-05 9.9964E-05 0.00193736 0.997663
9.996E-05 9.996E-05 9.996E-05 9.996E-05 9.996E-05 0.9995
0.0386261 0.960974 9.99641E-05 9.99641E-05 9.99641E-05 9.99641E-05
0.272616 0.634257 9.9982E-05 0.0644207 0.0285062 9.9982E-05
9.9973E-05 0.307563 0.0926104 9.9973E-05 0.599527 9.9973E-05
0.37981 0.150494 0.0794156 0.133685 9.9991E-05 0.256496
0.424228 0.182312 9.9982E-05 0.0680245 9.9982E-05 0.325235
9.99821E-05 9.99821E-05 0.581166 0.0482936 0.335779 0.034561
