9.98739E-05 9.98739E-05 9.98739E-05 0.0117041 9.98739E-05 9.98739E-05 9.98739E-05 9.98739E-05 0.0236154 9.98739E-05 9.98739E-05 9.98739E-05 9.98739E-05 0.963282 9.98739E-05 9.98739E-05 9.98739E-05
9.98829E-05 9.98829E-05 9.98829E-05 9.98829E-05 9.98829E-05 9.98829E-05 9.98829E-05 9.98829E-05 9.98829E-05 0.700475 9.98829E-05 9.98829E-05 9.98829E-05 9.98829E-05 0.047299 0.0815203 0.169407
9.99018E-05 0.0117357 0.0665003 9.99018E-05 9.99018E-05 9.99018E-05 0.332182 9.99018E-05 9.99018E-05 0.0172991 0.0284758 9.99018E-05 9.99018E-05 9.99018E-05 9.99018E-05 0.542708 9.99018E-05
9.98741E-05 9.98741E-05 0.0254017 9.98741E-05 9.98741E-05 0.0254974 9.98741E-05 9.98741E-05 9.98741E-05 9.98741E-05 9.98741E-05 9.98741E-05 9.98741E-05 9.98741E-05 9.98741E-05 0.947703 9.98741E-05
9.99282E-05 9.99282E-05 9.99282E-05 0.0607016 9.99282E-05 0.0621467 0.133975 9.99282E-05 0.0127408 0.148178 9.99282E-05 0.166075 0.0176993 9.99282E-05 9.99282E-05 0.296643 0.101042
9.98831E-05 9.98831E-05 9.98831E-05 9.98831E-05 0.00150349 9.98831E-05 9.98831E-05 9.98831E-05 9.98831E-05 9.98831E-05 9.98831E-05 9.98831E-05 0.00785069 9.98831E-05 9.98831E-05 0.949916 0.0394315
9.98562E-05 9.98562E-05 9.98562E-05 9.98562E-05 9.98562E-05 9.98562E-05 9.98562E-05 9.98562E-05 9.98562E-05 9.98562E-05 9.98562E-05 0.998402 9.98562E-05 9.98562E-05 9.98562E-05 9.98562E-05 9.98562E-05
9.99009E-05 9.99009E-05 0.00165534 0.0748024 9.99009E-05 0.0282967 0.720786 9.99009E-05 9.99009E-05 0.0956982 9.99009E-05 9.99009E-05 9.99009E-05 9.99009E-05 9.99009E-05 0.0776623 9.99009E-05
9.9865E-05 9.9865E-05 9.9865E-05 9.9865E-05 9.9865E-05 9.9865E-05 9.9865E-05 9.9865E-05 9.9865E-05 0.0601296 9.9865E-05 0.938372 9.9865E-05 9.9865E-05 9.9865E-05 9.9865E-05 9.9865E-05
9.98651E-05 9.98651E-05 9.98651E-05 0.886792 9.98651E-05 9.98651E-05 9.98651E-05 9.98651E-05 9.98651E-05 9.98651E-05 9.98651E-05 0.11171 9.98651E-05 9.98651E-05 9.98651E-05 9.98651E-05 9.98651E-05
9.98653E-05 9.98653E-05 9.98653E-05 0.942216 9.98653E-05 9.98653E-05 9.98653E-05 9.98653E-05 9.98653E-05 9.98653E-05 9.98653E-05 0.0562862 9.98653E-05 9.98653E-05 9.98653E-05 9.98653E-05 9.98653E-05
9.98832E-05 0.131519 0.109589 9.98832E-05 9.98832E-05 9.98832E-05 9.98832E-05 9.98832E-05 9.98832E-05 9.98832E-05 9.98832E-05 9.98832E-05 9.98832E-05 0.730736 9.98832E-05 0.0268578 9.98832E-05
9.98653E-05 0.966974 9.98653E-05 9.98653E-05 9.98653E-05 9.98653E-05 0.0315283 9.98653E-05 9.98653E-05 9.98653E-05 9.98653E-05 9.98653E-05 9.98653E-05 9.98653E-05 9.98653E-05 9.98653E-05 9.98653E-05
9.98832E-05 9.98832E-05 9.98832E-05 9.98832E-05 9.98832E-05 9.98832E-05 9.98832E-05 9.98832E-05 9.98832E-05 9.98832E-05 9.98832E-05 9.98832E-05 0.0423452 0.0175198 0.0212334 0.917603 9.98832E-05
9.98922E-05 9.98922E-05 9.98922E-05 0.00370436 9.98922E-05 9.98922E-05 9.98922E-05 9.98922E-05 0.0021507 9.98922E-05 9.98922E-05 9.98922E-05 9.98922E-05 0.0131003 9.98922E-05 0.930555 0.0492911
0.76591 0.0807789 9.9874E-05 9.9874E-05 9.9874E-05 9.9874E-05 9.9874E-05 9.9874E-05 9.9874E-05 9.9874E-05 9.9874E-05 9.9874E-05 0.151913 9.9874E-05 9.9874E-05 9.9874E-05 9.9874E-05
9.9874E-05 9.9874E-05 9.9874E-05 0.0671063 9.9874E-05 9.9874E-05 9.9874E-05 9.9874E-05 0.0273211 9.9874E-05 9.9874E-05 9.9874E-05 9.9874E-05 9.9874E-05 0.904174 9.9874E-05 9.9874E-05
9.99009E-05 9.99009E-05 9.99009E-05 0.117609 9.99009E-05 0.0277263 9.99009E-05 0.0134994 9.99009E-05 0.00841282 0.730782 9.99009E-05 9.99009E-05 9.99009E-05 9.99009E-05 9.99009E-05 0.100872
9.98741E-05 9.98741E-05 0.0493324 9.98741E-05 0.0139291 9.98741E-05 9.98741E-05 9.98741E-05 9.98741E-05 9.98741E-05 0.93534 9.98741E-05 9.98741E-05 9.98741E-05 9.98741E-05 9.98741E-05 9.98741E-05
0.345371 9.99098E-05 0.0100075 0.426995 9.99098E-05 9.99098E-05 9.99098E-05 0.0465333 9.99098E-05 9.99098E-05 9.99098E-05 9.99098E-05 0.137812 0.0203839 0.0118976 9.99098E-05 9.99098E-05
9.98562E-05 9.98562E-05 9.98562E-05 9.98562E-05 9.98562E-05 9.98562E-05 9.98562E-05 9.98562E-05 9.98562E-05 9.98562E-05 0.998402 9.98562E-05 9.98562E-05 9.98562E-05 9.98562E-05 9.98562E-05 9.98562E-05
0.206568 0.040678 0.0284074 0.000102627 0.00599771 9.9919E-05 9.9919E-05 0.0368076 9.9919E-05 9.9919E-05 9.9919E-05 9.9919E-05 9.9919E-05 0.369729 9.9919E-05 9.9919E-05 0.31081
9.98559E-05 9.98559E-05 9.98559E-05 9.98559E-05 9.98559E-05 9.98559E-05 9.98559E-05 9.98559E-05 0.998402 9.98559E-05 9.98559E-05 9.98559E-05 9.98559E-05 9.98559E-05 9.98559E-05 9.98559E-05 9.98559E-05
9.9865E-05 9.9865E-05 9.9865E-05 9.9865E-05 9.9865E-05 9.9865E-05 9.9865E-05 9.9865E-05 0.174982 9.9865E-05 0.82352 9.9865E-05 9.9865E-05 9.9865E-05 9.9865E-05 9.9865E-05 9.9865E-05
9.98654E-05 9.98654E-05 9.98654E-05 9.98654E-05 9.98654E-05 9.98654E-05 9.98654E-05 9.98654E-05 9.98654E-05 9.98654E-05 9.98654E-05 0.00778748 9.98654E-05 9.98654E-05 9.98654E-05 0.990715 9.98654E-05
9.98654E-05 9.98654E-05 9.98654E-05 9.98654E-05 0.00836754 9.98654E-05 9.98654E-05 9.98654E-05 9.98654E-05 9.98654E-05 9.98654E-05 9.98654E-05 9.98654E-05 9.98654E-05 9.98654E-05 0.990134 9.98654E-05
0.00378025 0.795229 0.0286122 0.0594888 9.99098E-05 9.99098E-05 9.99098E-05 0.0445424 0.0160631 9.99098E-05 9.99098E-05 9.99098E-05 9.99098E-05 9.99098E-05 0.0512856 9.99098E-05 9.99098E-05
9.9883E-05 9.9883E-05 9.9883E-05 9.9883E-05 9.9883E-05 0.0506643 0.00344454 9.9883E-05 9.9883E-05 9.9883E-05 9.9883E-05 0.0222927 9.9883E-05 9.9883E-05 9.9883E-05 0.9223 9.9883E-05
0.001383 0.00714504 9.99011E-05 9.99011E-05 9.99011E-05 0.0640348 0.0196633 9.99011E-05 9.99011E-05 9.99011E-05 9.99011E-05 0.012136 9.99011E-05 9.99011E-05 9.99011E-05 0.894539 9.99011E-05
9.99192E-05 0.00472579 9.99192E-05 9.99192E-05 0.029236 0.129087 0.276643 9.99192E-05 9.99192E-05 0.0270085 9.99192E-05 9.99192E-05 0.000306923 9.99192E-05 0.0376219 0.494472 9.99192E-05
9.98918E-05 9.98918E-05 0.039698 9.98918E-05 9.98918E-05 0.0388685 0.624603 9.98918E-05 9.98918E-05 9.98918E-05 9.98918E-05 9.98918E-05 9.98918E-05 9.98918E-05 0.0396228 0.256009 9.98918E-05
9.98565E-05 9.98565E-05 9.98565E-05 9.98565E-05 9.98565E-05 9.98565E-05 9.98565E-05 9.98565E-05 9.98565E-05 0.998402 9.98565E-05 9.98565E-05 9.98565E-05 9.98565E-05 9.98565E-05 9.98565E-05 9.98565E-05
9.98742E-05 9.98742E-05 9.98742E-05 9.98742E-05 9.98742E-05 9.98742E-05 0.155434 9.98742E-05 9.98742E-05 9.98742E-05 9.98742E-05 9.98742E-05 9.98742E-05 9.98742E-05 9.98742E-05 0.821928 0.0212399
9.98779E-05 9.98779E-05 9.98779E-05 9.98779E-05 9.98779E-05 0.681477 0.290526 9.98779E-05 9.98779E-05 0.0265986 9.98779E-05 9.98779E-05 9.98779E-05 9.98779E-05 9.98779E-05 9.98779E-05 9.98779E-05
9.99097E-05 0.468234 0.0792169 9.99097E-05 9.99097E-05 9.99097E-05 0.0486782 0.0103502 9.99097E-05 9.99097E-05 9.99097E-05 9.99097E-05 0.0827875 9.99097E-05 0.260509 9.99097E-05 0.0492246
9.99008E-05 9.99008E-05 9.99008E-05 9.99008E-05 9.99008E-05 9.99008E-05 0.0623888 9.99008E-05 9.99008E-05 0.0162215 9.99008E-05 9.99008E-05 0.0209357 9.99008E-05 0.0302934 0.862922 0.00613993
9.98653E-05 9.98653E-05 9.98653E-05 9.98653E-05 9.98653E-05 9.98653E-05 0.0109105 9.98653E-05 9.98653E-05 9.98653E-05 9.98653E-05 9.98653E-05 9.98653E-05 0.987592 9.98653E-05 9.98653E-05 9.98653E-05
9.99098E-05 9.99098E-05 9.99098E-05 0.56882 0.0177488 9.99098E-05 9.99098E-05 9.99098E-05 0.0524929 0.231159 9.99098E-05 9.99098E-05 9.99098E-05 0.0428566 0.0558666 9.99098E-05 0.0300571
9.98652E-05 9.98652E-05 9.98652E-05 9.98652E-05 9.98652E-05 9.98652E-05 9.98652E-05 9.98652E-05 9.98652E-05 9.98652E-05 9.98652E-05 9.98652E-05 9.98652E-05 9.98652E-05 0.996064 0.00243823 9.98652E-05
9.98651E-05 9.98651E-05 9.98651E-05 9.98651E-05 9.98651E-05 9.98651E-05 9.98651E-05 9.98651E-05 9.98651E-05 9.98651E-05 9.98651E-05 9.98651E-05 9.98651E-05 9.98651E-05 9.98651E-05 0.00130167 0.9972
9.9874E-05 9.9874E-05 9.9874E-05 0.0173389 9.9874E-05 9.9874E-05 9.9874E-05 0.00288048 9.9874E-05 9.9874E-05 9.9874E-05 9.9874E-05 9.9874E-05 9.9874E-05 9.9874E-05 9.9874E-05 0.978382
0.00669693 0.00191893 9.99099E-05 0.885219 9.99099E-05 9.99099E-05 9.99099E-05 0.036616 9.99099E-05 9.99099E-05 9.99099E-05 9.99099E-05 0.0256736 9.99099E-05 0.0039076 9.99099E-05 0.0389692
0.823878 0.0172352 9.9919E-05 0.0240346 9.9919E-05 9.9919E-05 9.9919E-05 0.0035152 9.9919E-05 9.9919E-05 0.0236426 0.0520821 9.9919E-05 0.0448923 9.9919E-05 9.9919E-05 0.00982111
0.00210307 9.9892E-05 9.9892E-05 0.898931 9.9892E-05 9.9892E-05 9.9892E-05 9.9892E-05 9.9892E-05 9.9892E-05 9.9892E-05 9.9892E-05 0.0780987 9.9892E-05 0.0171934 0.00247497 9.9892E-05
0.0077856 0.132758 0.0190211 0.29869 9.99279E-05 9.99279E-05 9.99279E-05 9.99279E-05 0.248533 0.0476294 9.99279E-05 9.99279E-05 0.0995118 0.0332356 9.99279E-05 9.99279E-05 0.112036
0.0894781 9.994E-05 9.994E-05 0.427124 0.0853847 9.994E-05 0.0172476 0.0213827 0.0188824 0.0526426 9.994E-05 9.994E-05 0.151284 0.028988 9.994E-05 0.0352161 0.0717711
9.99279E-05 0.0175388 9.99279E-05 0.144766 9.99279E-05 0.00757846 9.99279E-05 0.122084 9.99279E-05 9.99279E-05 9.99279E-05 0.0921476 0.250447 0.0954028 0.190967 0.0782687 9.99279E-05
9.98561E-05 9.98561E-05 9.98561E-05 9.98561E-05 9.98561E-05 9.98561E-05 9.98561E-05 0.998402 9.98561E-05 9.98561E-05 9.98561E-05 9.98561E-05 9.98561E-05 9.98561E-05 9.98561E-05 9.98561E-05 9.98561E-05
9.98652E-05 9.98652E-05 9.98652E-05 9.98652E-05 9.98652E-05 0.984346 9.98652E-05 9.98652E-05 9.98652E-05 9.98652E-05 9.98652E-05 9.98652E-05 9.98652E-05 9.98652E-05 9.98652E-05 0.014156 9.98652E-05
9.98831E-05 9.98831E-05 9.98831E-05 9.98831E-05 9.98831E-05 0.965931 9.98831E-05 9.98831E-05 0.00635648 9.98831E-05 9.98831E-05 9.98831E-05 9.98831E-05 9.98831E-05 0.00476065 9.98831E-05 0.0216532
9.98563E-05 9.98563E-05 9.98563E-05 9.98563E-05 9.98563E-05 0.998402 9.98563E-05 9.98563E-05 9.98563E-05 9.98563E-05 9.98563E-05 9.98563E-05 9.98563E-05 9.98563E-05 9.98563E-05 9.98563E-05 9.98563E-05
9.98563E-05 9.98563E-05 9.98563E-05 9.98563E-05 9.98563E-05 0.998402 9.98563E-05 9.98563E-05 9.98563E-05 9.98563E-05 9.98563E-05 9.98563E-05 9.98563E-05 9.98563E-05 9.98563E-05 9.98563E-05 9.98563E-05
9.98652E-05 9.98652E-05 9.98652E-05 9.98652E-05 9.98652E-05 0.997446 0.00105596 9.98652E-05 9.98652E-05 9.98652E-05 9.98652E-05 9.98652E-05 9.98652E-05 9.98652E-05 9.98652E-05 9.98652E-05 9.98652E-05
0.0802835 9.99012E-05 9.99012E-05 9.99012E-05 9.99012E-05 0.352059 0.323068 0.0762118 0.0460684 9.99012E-05 9.99012E-05 9.99012E-05 9.99012E-05 9.99012E-05 9.99012E-05 0.121211 9.99012E-05
0.00599826 9.98921E-05 0.00475212 9.98921E-05 9.98921E-05 0.880168 9.98921E-05 9.98921E-05 9.98921E-05 0.0964377 9.98921E-05 9.98921E-05 9.98921E-05 9.98921E-05 0.0114455 9.98921E-05 9.98921E-05
0.127902 9.98651E-05 9.98651E-05 9.98651E-05 9.98651E-05 9.98651E-05 9.98651E-05 9.98651E-05 9.98651E-05 9.98651E-05 9.98651E-05 9.98651E-05 9.98651E-05 0.8706 9.98651E-05 9.98651E-05 9.98651E-05
9.98829E-05 9.98829E-05 9.98829E-05 9.98829E-05 9.98829E-05 0.0500508 9.98829E-05 9.98829E-05 9.98829E-05 0.90516 9.98829E-05 0.0272011 0.0162892 9.98829E-05 9.98829E-05 9.98829E-05 9.98829E-05
9.98649E-05 9.98649E-05 9.98649E-05 9.98649E-05 9.98649E-05 9.98649E-05 9.98649E-05 9.98649E-05 9.98649E-05 9.98649E-05 9.98649E-05 9.98649E-05 9.98649E-05 9.98649E-05 9.98649E-05 0.945309 0.0531932
0.0317024 0.821854 0.0346407 9.98831E-05 9.98831E-05 9.98831E-05 9.98831E-05 9.98831E-05 9.98831E-05 9.98831E-05 9.98831E-05 9.98831E-05 9.98831E-05 9.98831E-05 9.98831E-05 9.98831E-05 0.110505
0.846084 0.0331054 9.98742E-05 9.98742E-05 9.98742E-05 9.98742E-05 9.98742E-05 9.98742E-05 9.98742E-05 9.98742E-05 9.98742E-05 9.98742E-05 0.119412 9.98742E-05 9.98742E-05 9.98742E-05 9.98742E-05
9.98655E-05 0.982965 9.98655E-05 9.98655E-05 9.98655E-05 9.98655E-05 9.98655E-05 9.98655E-05 9.98655E-05 9.98655E-05 9.98655E-05 0.0155367 9.98655E-05 9.98655E-05 9.98655E-05 9.98655E-05 9.98655E-05
9.99114E-05 0.876388 9.99114E-05 0.106181 9.99114E-05 9.99114E-05 9.99114E-05 0.00599903 0.000410725 0.00120198 9.99114E-05 9.99114E-05 9.99114E-05 9.99114E-05 9.99114E-05 0.00388841 0.00493151
9.98919E-05 0.772319 0.0479008 0.0664474 9.98919E-05 9.98919E-05 9.98919E-05 9.98919E-05 9.98919E-05 9.98919E-05 9.98919E-05 9.98919E-05 0.0785221 9.98919E-05 9.98919E-05 9.98919E-05 0.0336117
9.98562E-05 9.98562E-05 9.98562E-05 9.98562E-05 0.998402 9.98562E-05 9.98562E-05 9.98562E-05 9.98562E-05 9.98562E-05 9.98562E-05 9.98562E-05 9.98562E-05 9.98562E-05 9.98562E-05 9.98562E-05 9.98562E-05
9.98657E-05 9.98657E-05 9.98657E-05 0.00822251 9.98657E-05 9.98657E-05 9.98657E-05 9.98657E-05 9.98657E-05 9.98657E-05 9.98657E-05 9.98657E-05 9.98657E-05 9.98657E-05 9.98657E-05 0.99028 9.98657E-05
9.99461E-05 0.113622 0.124977 0.130934 0.0573894 0.0547342 0.232501 0.0553162 9.99461E-05 0.00166895 9.99461E-05 0.00551408 9.99461E-05 9.99461E-05 9.99461E-05 0.175025 0.0477181
0.00725559 0.0315524 9.98836E-05 9.98836E-05 9.98836E-05 9.98836E-05 0.05301 9.98836E-05 9.98836E-05 9.98836E-05 9.98836E-05 9.98836E-05 9.98836E-05 9.98836E-05 9.98836E-05 0.906884 9.98836E-05
9.991E-05 9.991E-05 9.991E-05 9.991E-05 9.991E-05 0.000207111 0.0239542 0.00196507 9.991E-05 9.991E-05 9.991E-05 9.991E-05 9.991E-05 0.023144 0.0433981 0.880785 0.0255473
0.0630716 9.9883E-05 9.9883E-05 9.9883E-05 9.9883E-05 0.0119063 0.0807196 9.9883E-05 9.9883E-05 9.9883E-05 9.9883E-05 9.9883E-05 9.9883E-05 9.9883E-05 9.9883E-05 0.843004 9.9883E-05
0.0156117 9.99011E-05 9.99011E-05 9.99011E-05 9.99011E-05 9.99011E-05 0.020391 0.0297298 9.99011E-05 0.00991274 9.99011E-05 0.019458 9.99011E-05 9.99011E-05 9.99011E-05 0.903798 9.99011E-05
9.99102E-05 9.99102E-05 9.99102E-05 0.000456784 9.99102E-05 9.99102E-05 0.12981 0.0118749 9.99102E-05 9.99102E-05 9.99102E-05 0.00916648 9.99102E-05 9.99102E-05 0.0129762 0.760523 0.074194
9.9874E-05 9.9874E-05 9.9874E-05 9.9874E-05 9.9874E-05 9.9874E-05 9.9874E-05 9.9874E-05 9.9874E-05 9.9874E-05 9.9874E-05 9.9874E-05 0.0139222 9.9874E-05 9.9874E-05 0.943287 0.0413927
9.98559E-05 9.98559E-05 9.98559E-05 9.98559E-05 9.98559E-05 9.98559E-05 0.998402 9.98559E-05 9.98559E-05 9.98559E-05 9.98559E-05 9.98559E-05 9.98559E-05 9.98559E-05 9.98559E-05 9.98559E-05 9.98559E-05
9.9874E-05 0.0339821 9.9874E-05 9.9874E-05 9.9874E-05 9.9874E-05 0.923957 9.9874E-05 9.9874E-05 9.9874E-05 9.9874E-05 0.040663 9.9874E-05 9.9874E-05 9.9874E-05 9.9874E-05 9.9874E-05
0.00650763 9.98923E-05 0.0231932 9.98923E-05 9.98923E-05 9.98923E-05 9.98923E-05 0.00152898 0.0173697 9.98923E-05 9.98923E-05 9.98923E-05 9.98923E-05 9.98923E-05 9.98923E-05 0.950202 9.98923E-05
0.951458 9.991E-05 9.991E-05 9.991E-05 9.991E-05 0.00341592 0.00860683 9.991E-05 0.00666044 0.00949793 9.991E-05 0.0024171 9.991E-05 9.991E-05 0.0169446 9.991E-05 9.991E-05
0.994316 9.98651E-05 9.98651E-05 9.98651E-05 9.98651E-05 0.0041865 9.98651E-05 9.98651E-05 9.98651E-05 9.98651E-05 9.98651E-05 9.98651E-05 9.98651E-05 9.98651E-05 9.98651E-05 9.98651E-05 9.98651E-05
9.98563E-05 9.98563E-05 0.998402 9.98563E-05 9.98563E-05 9.98563E-05 9.98563E-05 9.98563E-05 9.98563E-05 9.98563E-05 9.98563E-05 9.98563E-05 9.98563E-05 9.98563E-05 9.98563E-05 9.98563E-05 9.98563E-05
9.98653E-05 9.98653E-05 0.996041 9.98653E-05 9.98653E-05 9.98653E-05 9.98653E-05 9.98653E-05 9.98653E-05 9.98653E-05 9.98653E-05 9.98653E-05 9.98653E-05 0.00246111 9.98653E-05 9.98653E-05 9.98653E-05
0.0378355 0.0190587 9.99009E-05 0.801947 9.99009E-05 9.99009E-05 9.99009E-05 0.00658869 9.99009E-05 0.0718758 9.99009E-05 9.99009E-05 9.99009E-05 9.99009E-05 9.99009E-05 9.99009E-05 0.0615954
0.0855894 0.0683437 9.98919E-05 0.744938 9.98919E-05 9.98919E-05 9.98919E-05 9.98919E-05 9.98919E-05 0.0520929 9.98919E-05 9.98919E-05 9.98919E-05 9.98919E-05 9.98919E-05 9.98919E-05 0.0478376
0.0613677 9.98742E-05 0.917022 9.98742E-05 9.98742E-05 9.98742E-05 9.98742E-05 9.98742E-05 0.0202117 9.98742E-05 9.98742E-05 9.98742E-05 9.98742E-05 9.98742E-05 9.98742E-05 9.98742E-05 9.98742E-05
9.98652E-05 9.98652E-05 0.998289 9.98652E-05 9.98652E-05 9.98652E-05 9.98652E-05 9.98652E-05 9.98652E-05 9.98652E-05 9.98652E-05 9.98652E-05 9.98652E-05 9.98652E-05 9.98652E-05 9.98652E-05 0.000213065
0.00196415 0.0239402 9.98919E-05 9.98919E-05 9.98919E-05 0.0391136 9.98919E-05 0.105592 9.98919E-05 9.98919E-05 9.98919E-05 9.98919E-05 9.98919E-05 0.828191 9.98919E-05 9.98919E-05 9.98919E-05
0.0307351 0.138991 9.9892E-05 9.9892E-05 9.9892E-05 9.9892E-05 9.9892E-05 9.9892E-05 9.9892E-05 9.9892E-05 0.00559453 0.124741 9.9892E-05 9.9892E-05 9.9892E-05 9.9892E-05 0.698739
9.9874E-05 9.9874E-05 9.9874E-05 9.9874E-05 9.9874E-05 0.0312936 9.9874E-05 9.9874E-05 9.9874E-05 0.918599 9.9874E-05 0.0487092 9.9874E-05 9.9874E-05 9.9874E-05 9.9874E-05 9.9874E-05
9.98561E-05 9.98561E-05 9.98561E-05 9.98561E-05 9.98561E-05 9.98561E-05 9.98561E-05 9.98561E-05 9.98561E-05 9.98561E-05 9.98561E-05 9.98561E-05 0.998402 9.98561E-05 9.98561E-05 9.98561E-05 9.98561E-05
9.99011E-05 9.99011E-05 0.0150975 9.99011E-05 9.99011E-05 9.99011E-05 9.99011E-05 9.99011E-05 9.99011E-05 9.99011E-05 0.00407567 9.99011E-05 0.85579 0.0893758 0.0161828 9.99011E-05 0.0183798
9.98921E-05 9.98921E-05 9.98921E-05 9.98921E-05 0.000558039 0.0543216 0.744615 9.98921E-05 0.0558983 9.98921E-05 9.98921E-05 9.98921E-05 9.98921E-05 9.98921E-05 9.98921E-05 0.143409 9.98921E-05
