9.98918E-05 0.0264068 0.869375 9.98918E-05 0.0191959 9.98918E-05 9.98918E-05 9.98918E-05 9.98918E-05 9.98918E-05 9.98918E-05 9.98918E-05 9.98918E-05 0.00113967 9.98918E-05 0.0826841 9.98918E-05
0.229988 0.0228227 9.98919E-05 9.98919E-05 9.98919E-05 9.98919E-05 0.0434462 9.98919E-05 9.98919E-05 9.98919E-05 9.98919E-05 0.0500622 0.652482 9.98919E-05 9.98919E-05 9.98919E-05 9.98919E-05
9.9902E-05 9.9902E-05 9.9902E-05 9.9902E-05 9.9902E-05 9.9902E-05 0.0846148 9.9902E-05 9.9902E-05 0.0227744 9.9902E-05 0.714702 0.0779398 0.0585449 0.0403251 9.9902E-05 9.9902E-05
9.98741E-05 9.98741E-05 9.98741E-05 9.98741E-05 9.98741E-05 9.98741E-05 9.98741E-05 0.00011779 9.98741E-05 9.98741E-05 9.98741E-05 0.978553 9.98741E-05 0.019931 9.98741E-05 9.98741E-05 9.98741E-05
0.0690721 9.99371E-05 0.0519853 0.00679323 9.99371E-05 9.99371E-05 9.99371E-05 0.0136195 0.159034 9.99371E-05 0.00247963 0.282836 0.11522 9.99371E-05 9.99371E-05 0.0971652 0.201096
0.0150147 9.9883E-05 9.9883E-05 9.9883E-05 9.9883E-05 9.9883E-05 9.9883E-05 0.0497152 9.9883E-05 9.9883E-05 9.9883E-05 0.894878 9.9883E-05 9.9883E-05 9.9883E-05 9.9883E-05 0.0390935
9.98562E-05 9.98562E-05 9.98562E-05 9.98562E-05 9.98562E-05 9.98562E-05 9.98562E-05 9.98562E-05 0.998402 9.98562E-05 9.98562E-05 9.98562E-05 9.98562E-05 9.98562E-05 9.98562E-05 9.98562E-05 9.98562E-05
9.98919E-05 9.98919E-05 9.98919E-05 9.98919E-05 9.98919E-05 9.98919E-05 0.408388 9.98919E-05 9.98919E-05 9.98919E-05 0.0866954 9.98919E-05 0.100958 9.98919E-05 9.98919E-05 0.0858611 0.316899
9.9892E-05 0.0235108 0.0229115 9.9892E-05 9.9892E-05 9.9892E-05 9.9892E-05 9.9892E-05 0.947705 9.9892E-05 0.000642673 9.9892E-05 0.00403079 9.9892E-05 9.9892E-05 9.9892E-05 9.9892E-05
9.98651E-05 9.98651E-05 9.98651E-05 9.98651E-05 9.98651E-05 9.98651E-05 9.98651E-05 9.98651E-05 0.0856851 9.98651E-05 9.98651E-05 9.98651E-05 9.98651E-05 9.98651E-05 9.98651E-05 0.912817 9.98651E-05
9.98652E-05 9.98652E-05 9.98652E-05 9.98652E-05 9.98652E-05 9.98652E-05 9.98652E-05 9.98652E-05 0.080005 9.98652E-05 9.98652E-05 9.98652E-05 9.98652E-05 9.98652E-05 9.98652E-05 0.918497 9.98652E-05
9.991E-05 0.00544625 0.558932 0.114699 9.991E-05 9.991E-05 0.0494687 9.991E-05 9.991E-05 0.111865 9.991E-05 0.0350019 9.991E-05 0.123588 9.991E-05 9.991E-05 9.991E-05
9.98833E-05 9.98833E-05 9.98833E-05 9.98833E-05 9.98833E-05 9.98833E-05 0.0254307 0.0213177 0.00115104 0.950802 9.98833E-05 9.98833E-05 9.98833E-05 9.98833E-05 9.98833E-05 9.98833E-05 9.98833E-05
0.0173511 0.00219284 9.99011E-05 0.0255829 9.99011E-05 9.99011E-05 9.99011E-05 9.99011E-05 9.99011E-05 9.99011E-05 9.99011E-05 0.933863 0.00217659 9.99011E-05 0.0177344 9.99011E-05 9.99011E-05
0.0567508 9.9892E-05 0.00924712 0.00140053 9.9892E-05 9.9892E-05 9.9892E-05 9.9892E-05 9.9892E-05 9.9892E-05 9.9892E-05 0.907311 9.9892E-05 9.9892E-05 0.024092 9.9892E-05 9.9892E-05
9.9892E-05 9.9892E-05 9.9892E-05 0.0737906 0.742453 9.9892E-05 9.9892E-05 0.0644992 9.9892E-05 0.100585 9.9892E-05 9.9892E-05 9.9892E-05 9.9892E-05 9.9892E-05 0.0174728 9.9892E-05
9.9865E-05 0.942018 9.9865E-05 9.9865E-05 9.9865E-05 9.9865E-05 9.9865E-05 9.9865E-05 9.9865E-05 9.9865E-05 9.9865E-05 9.9865E-05 9.9865E-05 9.9865E-05 9.9865E-05 0.056484 9.9865E-05
0.180516 9.98827E-05 9.98827E-05 9.98827E-05 9.98827E-05 9.98827E-05 9.98827E-05 9.98827E-05 9.98827E-05 9.98827E-05 0.0368014 9.98827E-05 0.0302709 9.98827E-05 0.751113 9.98827E-05 9.98827E-05
9.9874E-05 9.9874E-05 9.9874E-05 9.9874E-05 9.9874E-05 0.733099 9.9874E-05 9.9874E-05 9.9874E-05 9.9874E-05 9.9874E-05 9.9874E-05 9.9874E-05 0.0614347 0.204068 9.9874E-05 9.9874E-05
9.99009E-05 0.0145849 0.0466766 0.146159 0.254983 9.99009E-05 9.99009E-05 0.0355369 9.99009E-05 9.99009E-05 9.99009E-05 9.99009E-05 9.99009E-05 9.99009E-05 9.99009E-05 0.500961 9.99009E-05
9.98651E-05 9.98651E-05 9.98651E-05 9.98651E-05 9.98651E-05 0.0152682 9.98651E-05 9.98651E-05 9.98651E-05 9.98651E-05 9.98651E-05 9.98651E-05 9.98651E-05 9.98651E-05 0.983234 9.98651E-05 9.98651E-05
0.237323 0.0445324 0.420894 9.99009E-05 0.211616 9.99009E-05 9.99009E-05 0.0242323 9.99009E-05 0.0603027 9.99009E-05 9.99009E-05 9.99009E-05 9.99009E-05 9.99009E-05 9.99009E-05 9.99009E-05
9.99009E-05 0.175641 9.99009E-05 9.99009E-05 9.99009E-05 9.99009E-05 9.99009E-05 0.0697673 9.99009E-05 9.99009E-05 9.99009E-05 9.99009E-05 9.99009E-05 0.161823 0.449636 0.124244 0.0177903
9.98738E-05 9.98738E-05 9.98738E-05 9.98738E-05 9.98738E-05 0.00698576 9.98738E-05 0.151021 9.98738E-05 9.98738E-05 9.98738E-05 9.98738E-05 9.98738E-05 9.98738E-05 0.840595 9.98738E-05 9.98738E-05
9.98833E-05 9.98833E-05 9.98833E-05 9.98833E-05 9.98833E-05 9.98833E-05 0.037446 9.98833E-05 0.00669713 9.98833E-05 9.98833E-05 0.937751 0.016807 9.98833E-05 9.98833E-05 9.98833E-05 9.98833E-05
9.98565E-05 9.98565E-05 9.98565E-05 9.98565E-05 9.98565E-05 9.98565E-05 9.98565E-05 9.98565E-05 9.98565E-05 9.98565E-05 9.98565E-05 0.998402 9.98565E-05 9.98565E-05 9.98565E-05 9.98565E-05 9.98565E-05
9.98919E-05 0.0344362 0.0266464 9.98919E-05 9.98919E-05 9.98919E-05 9.98919E-05 9.98919E-05 9.98919E-05 0.802195 9.98919E-05 9.98919E-05 9.98919E-05 0.0405586 9.98919E-05 0.0949655 9.98919E-05
9.9901E-05 9.9901E-05 9.9901E-05 9.9901E-05 9.9901E-05 9.9901E-05 0.0129843 9.9901E-05 0.0253552 0.00897511 0.0419445 0.908559 9.9901E-05 9.9901E-05 9.9901E-05 9.9901E-05 0.0010833
9.98921E-05 9.98921E-05 9.98921E-05 9.98921E-05 0.0193373 9.98921E-05 0.00036623 9.98921E-05 9.98921E-05 0.0210873 0.0584338 0.899577 9.98921E-05 9.98921E-05 9.98921E-05 9.98921E-05 9.98921E-05
0.00285418 9.99101E-05 0.0317873 9.99101E-05 9.99101E-05 0.0135301 9.99101E-05 0.0289796 9.99101E-05 9.99101E-05 0.0458225 0.365298 9.99101E-05 9.99101E-05 9.99101E-05 9.99101E-05 0.510729
9.98649E-05 9.98649E-05 9.98649E-05 9.98649E-05 9.98649E-05 9.98649E-05 9.98649E-05 9.98649E-05 9.98649E-05 9.98649E-05 9.98649E-05 0.0056206 9.98649E-05 9.98649E-05 9.98649E-05 9.98649E-05 0.992881
9.98564E-05 9.98564E-05 9.98564E-05 9.98564E-05 9.98564E-05 9.98564E-05 9.98564E-05 9.98564E-05 9.98564E-05 9.98564E-05 9.98564E-05 9.98564E-05 0.998402 9.98564E-05 9.98564E-05 9.98564E-05 9.98564E-05
0.00755612 0.00537602 9.98922E-05 9.98922E-05 0.0120853 9.98922E-05 0.178822 9.98922E-05 9.98922E-05 9.98922E-05 9.98922E-05 0.794961 9.98922E-05 9.98922E-05 9.98922E-05 9.98922E-05 9.98922E-05
9.98833E-05 9.98833E-05 9.98833E-05 9.98833E-05 9.98833E-05 9.98833E-05 0.175826 9.98833E-05 9.98833E-05 9.98833E-05 0.704992 9.98833E-05 0.0230299 9.98833E-05 9.98833E-05 9.98833E-05 0.0948535
0.05124 0.194797 0.0394412 9.99097E-05 9.99097E-05 9.99097E-05 9.99097E-05 0.0897315 9.99097E-05 0.499273 9.99097E-05 9.99097E-05 9.99097E-05 0.0790185 9.99097E-05 9.99097E-05 0.0454992
9.98828E-05 9.98828E-05 9.98828E-05 0.0490321 9.98828E-05 9.98828E-05 0.0409211 9.98828E-05 9.98828E-05 9.98828E-05 9.98828E-05 0.888265 9.98828E-05 9.98828E-05 9.98828E-05 9.98828E-05 0.0204837
9.98831E-05 9.98831E-05 0.940549 9.98831E-05 9.98831E-05 9.98831E-05 0.0177514 0.0333771 9.98831E-05 9.98831E-05 9.98831E-05 0.00702363 9.98831E-05 9.98831E-05 9.98831E-05 9.98831E-05 9.98831E-05
0.150751 0.0409265 0.0656252 9.99189E-05 9.99189E-05 0.00131934 0.0842133 9.99189E-05 9.99189E-05 9.99189E-05 9.99189E-05 9.99189E-05 0.127371 9.99189E-05 0.00269309 0.526201 9.99189E-05
9.9865E-05 0.9712 9.9865E-05 9.9865E-05 9.9865E-05 9.9865E-05 0.0273021 9.9865E-05 9.9865E-05 9.9865E-05 9.9865E-05 9.9865E-05 9.9865E-05 9.9865E-05 9.9865E-05 9.9865E-05 9.9865E-05
0.996861 0.00164144 9.9865E-05 9.9865E-05 9.9865E-05 9.9865E-05 9.9865E-05 9.9865E-05 9.9865E-05 9.9865E-05 9.9865E-05 9.9865E-05 9.9865E-05 9.9865E-05 9.9865E-05 9.9865E-05 9.9865E-05
0.992335 9.9865E-05 9.9865E-05 9.9865E-05 9.9865E-05 9.9865E-05 9.9865E-05 9.9865E-05 9.9865E-05 9.9865E-05 9.9865E-05 9.9865E-05 9.9865E-05 0.00616728 9.9865E-05 9.9865E-05 9.9865E-05
0.0629853 0.0300495 0.0115089 9.99099E-05 0.029877 0.00711701 9.99099E-05 0.0313073 9.99099E-05 9.99099E-05 9.99099E-05 9.99099E-05 9.99099E-05 9.99099E-05 9.99099E-05 0.826156 9.99099E-05
0.0184355 9.9901E-05 9.9901E-05 9.9901E-05 0.833145 9.9901E-05 9.9901E-05 9.9901E-05 0.0463282 0.0272347 9.9901E-05 9.9901E-05 9.9901E-05 9.9901E-05 0.0245498 0.0492075 9.9901E-05
9.98919E-05 9.98919E-05 0.00457054 9.98919E-05 9.98919E-05 9.98919E-05 9.98919E-05 0.0822493 9.98919E-05 9.98919E-05 9.98919E-05 9.98919E-05 9.98919E-05 0.0249557 9.98919E-05 0.859907 0.027119
0.139041 9.99188E-05 9.99188E-05 9.99188E-05 0.0613726 9.99188E-05 9.99188E-05 0.371085 0.0153874 0.0920579 9.99188E-05 9.99188E-05 0.022508 9.99188E-05 0.0970817 0.200567 9.99188E-05
0.140235 9.99189E-05 0.0512716 9.99189E-05 0.134118 0.0301998 0.0144216 0.37453 9.99189E-05 9.99189E-05 9.99189E-05 9.99189E-05 9.99189E-05 9.99189E-05 9.99189E-05 0.223017 0.0313073
9.99189E-05 0.133884 0.183811 9.99189E-05 9.99189E-05 9.99189E-05 9.99189E-05 0.384819 0.0590696 0.0561074 0.0119779 9.99189E-05 9.99189E-05 9.99189E-05 9.99189E-05 0.0655154 0.103916
9.98502E-05 9.98502E-05 0.982944 9.98502E-05 9.98502E-05 9.98502E-05 9.98502E-05 9.98502E-05 9.98502E-05 9.98502E-05 9.98502E-05 9.98502E-05 9.98502E-05 9.98502E-05 0.0155578 9.98502E-05 9.98502E-05
9.98562E-05 9.98562E-05 9.98562E-05 9.98562E-05 9.98562E-05 9.98562E-05 9.98562E-05 9.98562E-05 9.98562E-05 9.98562E-05 0.998402 9.98562E-05 9.98562E-05 9.98562E-05 9.98562E-05 9.98562E-05 9.98562E-05
9.98652E-05 9.98652E-05 9.98652E-05 9.98652E-05 9.98652E-05 9.98652E-05 9.98652E-05 9.98652E-05 9.98652E-05 9.98652E-05 0.994602 9.98652E-05 9.98652E-05 9.98652E-05 0.0039005 9.98652E-05 9.98652E-05
0.0114375 9.98921E-05 9.98921E-05 9.98921E-05 0.0158233 0.00427503 9.98921E-05 9.98921E-05 0.000569899 9.98921E-05 0.966696 9.98921E-05 9.98921E-05 9.98921E-05 9.98921E-05 9.98921E-05 9.98921E-05
9.98563E-05 9.98563E-05 9.98563E-05 9.98563E-05 9.98563E-05 9.98563E-05 9.98563E-05 9.98563E-05 9.98563E-05 9.98563E-05 0.998402 9.98563E-05 9.98563E-05 9.98563E-05 9.98563E-05 9.98563E-05 9.98563E-05
9.98653E-05 9.98653E-05 9.98653E-05 9.98653E-05 9.98653E-05 9.98653E-05 9.98653E-05 9.98653E-05 9.98653E-05 9.98653E-05 0.969923 9.98653E-05 9.98653E-05 9.98653E-05 9.98653E-05 9.98653E-05 0.0285787
9.99192E-05 9.99192E-05 9.99192E-05 9.99192E-05 0.121175 9.99192E-05 0.107777 9.99192E-05 0.0385814 9.99192E-05 0.343216 0.0318633 0.0451195 9.99192E-05 0.0266933 9.99192E-05 0.284675
9.98741E-05 9.98741E-05 9.98741E-05 0.000530415 9.98741E-05 9.98741E-05 9.98741E-05 9.98741E-05 9.98741E-05 9.98741E-05 0.896841 9.98741E-05 0.10123 9.98741E-05 9.98741E-05 9.98741E-05 9.98741E-05
9.98737E-05 9.98737E-05 0.727564 0.113516 0.157521 9.98737E-05 9.98737E-05 9.98737E-05 9.98737E-05 9.98737E-05 9.98737E-05 9.98737E-05 9.98737E-05 9.98737E-05 9.98737E-05 9.98737E-05 9.98737E-05
9.99009E-05 9.99009E-05 9.99009E-05 0.00142446 0.0109315 9.99009E-05 9.99009E-05 9.99009E-05 0.0327138 9.99009E-05 0.0379949 9.99009E-05 0.910917 0.00491937 9.99009E-05 9.99009E-05 9.99009E-05
0.0455366 9.98739E-05 9.98739E-05 9.98739E-05 9.98739E-05 9.98739E-05 0.00248189 9.98739E-05 9.98739E-05 9.98739E-05 9.98739E-05 0.950583 9.98739E-05 9.98739E-05 9.98739E-05 9.98739E-05 9.98739E-05
0.119488 9.98921E-05 9.98921E-05 0.000707913 9.98921E-05 9.98921E-05 9.98921E-05 9.98921E-05 9.98921E-05 0.849318 0.0094466 9.98921E-05 9.98921E-05 0.01984 9.98921E-05 9.98921E-05 9.98921E-05
9.98832E-05 9.98832E-05 9.98832E-05 0.0865611 0.852689 9.98832E-05 9.98832E-05 0.0317998 9.98832E-05 0.0276517 9.98832E-05 9.98832E-05 9.98832E-05 9.98832E-05 9.98832E-05 9.98832E-05 9.98832E-05
9.98745E-05 9.98745E-05 9.98745E-05 9.98745E-05 9.98745E-05 9.98745E-05 0.00603661 9.98745E-05 0.0103764 0.982189 9.98745E-05 9.98745E-05 9.98745E-05 9.98745E-05 9.98745E-05 9.98745E-05 9.98745E-05
9.98829E-05 9.98829E-05 9.98829E-05 0.00973564 9.98829E-05 9.98829E-05 9.98829E-05 9.98829E-05 9.98829E-05 0.874844 9.98829E-05 0.00311777 9.98829E-05 9.98829E-05 9.98829E-05 0.111004 9.98829E-05
9.98919E-05 9.98919E-05 9.98919E-05 0.00495558 9.98919E-05 9.98919E-05 9.98919E-05 0.0126782 9.98919E-05 0.858719 9.98919E-05 9.98919E-05 9.98919E-05 0.0530614 9.98919E-05 0.0693872 9.98919E-05
9.9856E-05 9.9856E-05 9.9856E-05 9.9856E-05 9.9856E-05 0.998402 9.9856E-05 9.9856E-05 9.9856E-05 9.9856E-05 9.9856E-05 9.9856E-05 9.9856E-05 9.9856E-05 9.9856E-05 9.9856E-05 9.9856E-05
9.98925E-05 9.98925E-05 9.98925E-05 9.98925E-05 9.98925E-05 9.98925E-05 9.98925E-05 9.98925E-05 0.00330442 9.98925E-05 9.98925E-05 0.962141 9.98925E-05 0.0119129 9.98925E-05 0.00589639 0.0155468
9.9937E-05 0.0979201 0.105963 9.9937E-05 9.9937E-05 9.9937E-05 0.209345 9.9937E-05 9.9937E-05 0.0773399 0.0547868 0.19844 9.9937E-05 0.00254329 0.0711592 0.179926 0.0018787
9.98834E-05 9.98834E-05 9.98834E-05 9.98834E-05 0.00851552 9.98834E-05 0.114542 9.98834E-05 9.98834E-05 0.00577174 9.98834E-05 0.869873 9.98834E-05 9.98834E-05 9.98834E-05 9.98834E-05 9.98834E-05
0.0175979 0.0358433 9.9892E-05 9.9892E-05 9.9892E-05 9.9892E-05 9.9892E-05 9.9892E-05 0.00435277 9.9892E-05 9.9892E-05 0.846365 9.9892E-05 9.9892E-05 9.9892E-05 9.9892E-05 0.0946425
9.9901E-05 9.9901E-05 9.9901E-05 9.9901E-05 0.0430873 9.9901E-05 0.00587669 9.9901E-05 0.0277114 9.9901E-05 0.0362303 0.842125 9.9901E-05 9.9901E-05 9.9901E-05 9.9901E-05 0.0438705
9.99012E-05 9.99012E-05 9.99012E-05 9.99012E-05 0.0295788 9.99012E-05 0.0181741 9.99012E-05 0.0124375 9.99012E-05 0.0431056 0.885617 9.99012E-05 9.99012E-05 9.99012E-05 9.99012E-05 0.00998759
0.0212913 9.99012E-05 9.99012E-05 0.000989241 9.99012E-05 9.99012E-05 9.99012E-05 0.0121123 9.99012E-05 9.99012E-05 9.99012E-05 0.730884 9.99012E-05 9.99012E-05 9.99012E-05 0.0163316 0.217293
0.0443078 9.98919E-05 9.98919E-05 0.0139722 9.98919E-05 9.98919E-05 9.98919E-05 9.98919E-05 9.98919E-05 9.98919E-05 0.00640568 0.9291 9.98919E-05 9.98919E-05 9.98919E-05 9.98919E-05 0.00501535
9.98739E-05 9.98739E-05 9.98739E-05 9.98739E-05 9.98739E-05 9.98739E-05 0.912202 9.98739E-05 9.98739E-05 9.98739E-05 0.0596269 9.98739E-05 9.98739E-05 9.98739E-05 9.98739E-05 9.98739E-05 0.0267733
9.98649E-05 9.98649E-05 9.98649E-05 9.98649E-05 9.98649E-05 9.98649E-05 0.973208 9.98649E-05 9.98649E-05 0.025294 9.98649E-05 9.98649E-05 9.98649E-05 9.98649E-05 9.98649E-05 9.98649E-05 9.98649E-05
9.98833E-05 9.98833E-05 9.98833E-05 9.98833E-05 0.00604106 9.98833E-05 9.98833E-05 9.98833E-05 9.98833E-05 9.98833E-05 0.0185943 0.949007 9.98833E-05 0.0250594 9.98833E-05 9.98833E-05 9.98833E-05
0.00458845 0.0130764 9.9901E-05 9.9901E-05 0.973617 9.9901E-05 0.00131687 9.9901E-05 9.9901E-05 9.9901E-05 9.9901E-05 0.005793 0.000509277 9.9901E-05 9.9901E-05 9.9901E-05 9.9901E-05
9.9874E-05 9.9874E-05 9.9874E-05 9.9874E-05 0.982621 9.9874E-05 9.9874E-05 9.9874E-05 9.9874E-05 9.9874E-05 9.9874E-05 0.00671488 0.00926563 9.9874E-05 9.9874E-05 9.9874E-05 9.9874E-05
9.98742E-05 9.98742E-05 0.01288 0.00437402 9.98742E-05 9.98742E-05 9.98742E-05 9.98742E-05 9.98742E-05 9.98742E-05 9.98742E-05 9.98742E-05 9.98742E-05 0.981348 9.98742E-05 9.98742E-05 9.98742E-05
9.98563E-05 9.98563E-05 9.98563E-05 9.98563E-05 9.98563E-05 9.98563E-05 9.98563E-05 9.98563E-05 9.98563E-05 9.98563E-05 9.98563E-05 9.98563E-05 9.98563E-05 0.998402 9.98563E-05 9.98563E-05 9.98563E-05
0.183715 9.99009E-05 9.99009E-05 9.99009E-05 0.0753237 9.99009E-05 0.032504 9.99009E-05 9.99009E-05 0.0356856 9.99009E-05 9.99009E-05 0.0110491 9.99009E-05 9.99009E-05 0.660624 9.99009E-05
0.148384 9.98919E-05 9.98919E-05 9.98919E-05 0.0848032 9.98919E-05 9.98919E-05 9.98919E-05 9.98919E-05 0.0768404 9.98919E-05 9.98919E-05 0.0347142 9.98919E-05 9.98919E-05 0.65406 9.98919E-05
9.98742E-05 0.0112609 9.98742E-05 9.98742E-05 9.98742E-05 9.98742E-05 0.0290629 9.98742E-05 9.98742E-05 9.98742E-05 9.98742E-05 9.98742E-05 9.98742E-05 0.958278 9.98742E-05 9.98742E-05 9.98742E-05
0.00925527 9.98652E-05 9.98652E-05 9.98652E-05 9.98652E-05 9.98652E-05 9.98652E-05 9.98652E-05 9.98652E-05 9.98652E-05 9.98652E-05 9.98652E-05 9.98652E-05 0.989247 9.98652E-05 9.98652E-05 9.98652E-05
9.98829E-05 9.98829E-05 0.930292 0.00237567 9.98829E-05 9.98829E-05 9.98829E-05 9.98829E-05 9.98829E-05 0.0390464 0.0269875 9.98829E-05 9.98829E-05 9.98829E-05 9.98829E-05 9.98829E-05 9.98829E-05
0.681117 9.99009E-05 9.99009E-05 9.99009E-05 0.0584863 0.00387353 9.99009E-05 9.99009E-05 0.116217 0.131078 9.99009E-05 9.99009E-05 9.99009E-05 9.99009E-05 0.00812918 9.99009E-05 9.99009E-05
9.98829E-05 9.98829E-05 9.98829E-05 9.98829E-05 9.98829E-05 9.98829E-05 9.98829E-05 0.0190987 0.0635462 9.98829E-05 0.0456097 9.98829E-05 0.870447 9.98829E-05 9.98829E-05 9.98829E-05 9.98829E-05
9.98558E-05 9.98558E-05 9.98558E-05 9.98558E-05 9.98558E-05 9.98558E-05 9.98558E-05 0.998402 9.98558E-05 9.98558E-05 9.98558E-05 9.98558E-05 9.98558E-05 9.98558E-05 9.98558E-05 9.98558E-05 9.98558E-05
9.98561E-05 9.98561E-05 9.98561E-05 0.998402 9.98561E-05 9.98561E-05 9.98561E-05 9.98561E-05 9.98561E-05 9.98561E-05 9.98561E-05 9.98561E-05 9.98561E-05 9.98561E-05 9.98561E-05 9.98561E-05 9.98561E-05
9.98561E-05 9.98561E-05 9.98561E-05 9.98561E-05 9.98561E-05 9.98561E-05 9.98561E-05 9.98561E-05 9.98561E-05 9.98561E-05 9.98561E-05 9.98561E-05 9.98561E-05 9.98561E-05 9.98561E-05 9.98561E-05 0.998402
