0.971792 9.9991E-05 0.0281077
0.356394 0.302399 0.341207
0.0631687 0.871686 0.0651452
9.999E-05 0.9998 9.999E-05
0.250038 0.42813 0.321832
0.0059055 0.993995 9.9991E-05
0.46272 9.99911E-05 0.53718
0.0537213 0.427023 0.519256
0.449992 9.9991E-05 0.549908
0.816533 9.9991E-05 0.183367
0.841536 9.9991E-05 0.158364
0.902599 0.0973007 9.9991E-05
0.877196 0.122704 9.9991E-05
0.00844187 0.991458 9.9991E-05
0.00552613 0.994374 9.9991E-05
0.852532 0.00414473 0.143324
0.939115 0.0607852 9.9991E-05
0.946729 9.99911E-05 0.053171
0.9998 9.999E-05 9.999E-05
0.907766 9.9991E-05 0.092134
0.9998 9.999E-05 9.999E-05
0.930465 0.027794 0.0417413
0.910703 0.0178092 0.0714874
0.9998 9.999E-05 9.999E-05
9.999E-05 0.9998 9.999E-05
9.999E-05 0.9998 9.999E-05
0.983532 0.00347958 0.0129887
9.9991E-05 0.917876 0.082024
9.9991E-05 0.867921 0.131979
9.9991E-05 0.702364 0.297536
9.9991E-05 0.668466 0.331434
0.219105 0.0600874 0.720807
9.999E-05 0.9998 9.999E-05
9.9991E-05 0.0431597 0.95674
0.868877 0.131023 9.9991E-05
9.999E-05 0.9998 9.999E-05
0.878949 0.120951 9.9991E-05
0.721449 0.00496462 0.273587
0.782888 0.217012 9.9991E-05
0.809396 0.190504 9.99909E-05
0.836192 0.1201 0.0437074
0.944085 9.99909E-05 0.0558152
0.836858 9.9991E-05 0.163042
0.887084 9.99909E-05 0.112816
0.919135 9.9991E-05 0.0807652
0.80447 0.0746894 0.120841
0.788996 0.148138 0.0628655
0.95495 9.99911E-05 0.0449496
9.999E-05 9.999E-05 0.9998
9.999E-05 9.999E-05 0.9998
9.999E-05 9.999E-05 0.9998
9.999E-05 9.999E-05 0.9998
9.999E-05 9.999E-05 0.9998
0.105862 0.183411 0.710727
9.999E-05 9.999E-05 0.9998
0.956823 9.9991E-05 0.0430771
0.254169 0.0742316 0.671599
9.999E-05 0.9998 9.999E-05
0.947551 0.0158115 0.0366378
0.820282 0.0681462 0.111572
0.966869 0.0330315 9.9991E-05
0.966707 0.0331934 9.9991E-05
0.9998 9.999E-05 9.999E-05
0.9998 9.999E-05 9.999E-05
9.999E-05 0.9998 9.999E-05
0.548264 0.284325 0.16741
9.999E-05 0.9998 9.999E-05
0.000363295 0.968372 0.0312643
9.9991E-05 0.893103 0.106797
9.9991E-05 0.935608 0.0642917
0.0127989 0.952516 0.0346849
9.999E-05 0.9998 9.999E-05
9.99911E-05 0.501687 0.498213
0.0853579 0.503668 0.410974
9.9991E-05 0.976298 0.0236017
0.74123 0.0181649 0.240605
0.739531 0.0142235 0.246246
0.886181 0.113719 9.9991E-05
0.874541 0.125359 9.9991E-05
0.848382 9.99909E-05 0.151518
0.856827 9.99909E-05 0.143073
0.855144 0.144756 9.9991E-05
0.867199 0.132701 9.9991E-05
0.913638 9.9991E-05 0.0862622
0.890148 9.9991E-05 0.109752
0.234815 0.0137844 0.751401
0.872425 0.127475 9.9991E-05
0.959233 0.0406673 9.9991E-05
0.0284392 0.615186 0.356375
