0.0716114 0.91727 0.010919 9.9982E-05 9.9982E-05
0.0361917 0.355395 0.282095 9.9991E-05 0.326219
0.0860709 0.00161784 0.0984498 0.0482202 0.765641
0.0171933 9.9973E-05 9.9973E-05 9.9973E-05 0.982507
9.99821E-05 0.210948 0.299406 9.99821E-05 0.489446
9.9973E-05 9.9973E-05 9.9973E-05 0.00739824 0.992302
9.99821E-05 0.620603 0.325881 9.99821E-05 0.0533156
0.0363212 0.0772122 0.47733 9.9991E-05 0.409036
9.99821E-05 0.599129 0.357426 9.99821E-05 0.0432448
0.0824577 0.777404 0.139938 9.9982E-05 9.9982E-05
0.107654 0.807541 0.0846056 9.9982E-05 9.9982E-05
0.152693 0.783278 9.9982E-05 9.9982E-05 0.0638298
9.99821E-05 0.928465 9.99821E-05 0.00853711 0.0627982
0.0057795 9.9982E-05 9.9982E-05 0.0145788 0.979442
9.9982E-05 0.0123424 9.9982E-05 0.0130673 0.97439
0.0179686 0.936555 0.0332406 9.9991E-05 0.0121362
0.38157 0.525946 9.9991E-05 0.0729085 0.019475
9.9982E-05 0.180766 0.089852 0.729182 9.9982E-05
0.0716415 9.9973E-05 9.9973E-05 0.928059 9.9973E-05
0.16806 0.822891 0.00884887 9.9982E-05 9.9982E-05
9.997E-05 9.997E-05 9.997E-05 0.9996 9.997E-05
0.0488367 0.929895 9.9982E-05 9.9982E-05 0.0210682
0.38902 0.116867 0.0806533 0.413359 9.9991E-05
0.0957551 9.9973E-05 9.9973E-05 0.903945 9.9973E-05
9.997E-05 9.997E-05 9.997E-05 9.997E-05 0.9996
9.997E-05 9.997E-05 9.997E-05 9.997E-05 0.9996
0.0641801 0.93552 9.9973E-05 9.9973E-05 9.9973E-05
9.9973E-05 9.9973E-05 0.0696242 9.9973E-05 0.930076
9.9973E-05 9.9973E-05 0.0812645 9.9973E-05 0.918436
0.0119885 9.9991E-05 0.255633 0.0366671 0.695611
0.0473122 9.9982E-05 0.298657 9.9982E-05 0.653831
0.0201316 0.287675 0.581398 9.9991E-05 0.110695
9.997E-05 9.997E-05 9.997E-05 9.997E-05 0.9996
0.0050858 9.9982E-05 0.918441 9.9982E-05 0.0762728
0.233543 0.695506 9.9982E-05 9.9982E-05 0.0707508
9.9973E-05 0.013477 9.9973E-05 9.9973E-05 0.986223
0.0399204 0.878128 9.99821E-05 9.99821E-05 0.0817511
0.0364774 0.697767 0.150197 0.040994 0.0745649
0.458777 0.345799 9.9991E-05 0.0420039 0.15332
0.0733832 0.774472 9.9982E-05 9.9982E-05 0.151944
0.0608755 0.802184 9.9991E-05 0.0113793 0.125461
0.0967074 0.853088 0.0228838 0.0272211 9.9991E-05
9.9973E-05 0.951957 0.0477426 9.9973E-05 9.9973E-05
0.112199 0.803934 0.0772088 0.00655825 9.9991E-05
0.168813 0.674286 0.0234656 0.133335 9.9991E-05
0.0951884 0.713934 0.0690967 0.0531287 0.0686521
0.12177 0.703795 0.0640553 9.9991E-05 0.110279
9.99822E-05 0.948506 0.0046665 0.0466274 9.99822E-05
9.997E-05 9.997E-05 0.9996 9.997E-05 9.997E-05
9.997E-05 9.997E-05 0.9996 9.997E-05 9.997E-05
9.997E-05 9.997E-05 0.9996 9.997E-05 9.997E-05
9.997E-05 9.997E-05 0.9996 9.997E-05 9.997E-05
9.997E-05 9.997E-05 0.9996 9.997E-05 9.997E-05
9.9991E-05 0.0713137 0.63434 0.03697 0.257276
0.000517601 9.9973E-05 0.999182 9.9973E-05 9.9973E-05
9.997E-05 0.9996 9.997E-05 9.997E-05 9.997E-05
0.0104018 0.314232 0.558555 9.9991E-05 0.116712
9.997E-05 9.997E-05 9.997E-05 9.997E-05 0.9996
0.0363722 0.963328 9.99731E-05 9.99731E-05 9.99731E-05
0.0266227 0.901025 9.9982E-05 9.9982E-05 0.0721523
9.99732E-05 0.98158 9.99732E-05 0.0181197 9.99732E-05
9.9982E-05 0.98489 9.9982E-05 0.0115301 0.00338005
0.0632513 0.920074 9.9982E-05 0.0164749 9.9982E-05
9.9982E-05 0.0639421 0.0285314 0.907326 9.9982E-05
9.997E-05 9.997E-05 9.997E-05 9.997E-05 0.9996
0.0943642 0.37062 0.212534 0.0499442 0.272538
9.99731E-05 0.00481146 9.99731E-05 9.99731E-05 0.994889
9.9982E-05 0.011492 0.0380088 9.9982E-05 0.950299
9.9973E-05 9.9973E-05 0.110882 9.9973E-05 0.888818
9.9982E-05 9.9982E-05 0.0610349 0.0128651 0.9259
0.0137244 0.0228773 0.0106493 9.9991E-05 0.952649
0.0171144 9.9973E-05 9.9973E-05 9.9973E-05 0.982586
9.99732E-05 9.99732E-05 0.558756 9.99732E-05 0.440944
9.99911E-05 0.114662 0.383357 0.0162335 0.485647
0.00194347 0.00372045 0.029127 0.0084923 0.956717
0.0465903 0.779118 0.103209 9.9991E-05 0.0709821
0.0554898 0.793014 0.101312 9.9991E-05 0.0500841
0.9996 9.997E-05 9.997E-05 9.997E-05 9.997E-05
0.9996 9.997E-05 9.997E-05 9.997E-05 9.997E-05
0.0717744 0.839002 0.0890239 9.9982E-05 9.9982E-05
0.0624321 0.806731 0.108569 0.0221685 9.9991E-05
0.9996 9.997E-05 9.997E-05 9.997E-05 9.997E-05
0.9996 9.997E-05 9.997E-05 9.997E-05 9.997E-05
9.9973E-05 0.956278 0.0434219 9.9973E-05 9.9973E-05
0.00126472 0.854922 0.0180633 0.0624229 0.0633269
9.9982E-05 0.312872 0.581076 9.9982E-05 0.105851
0.269516 0.490818 9.9991E-05 0.150381 0.0891847
0.316792 0.605284 9.99821E-05 0.0777247 9.99821E-05
0.0111011 9.9991E-05 0.334422 0.0602995 0.594077
