9.9973E-05 9.9973E-05 0.0213468 0.978353 9.9973E-05
0.310281 0.27472 0.0230282 0.391871 9.9991E-05
0.80398 0.0840496 0.0603625 9.99911E-05 0.0515079
0.981927 9.9973E-05 0.0177735 9.9973E-05 9.9973E-05
0.492556 0.254277 0.014279 0.238788 9.9991E-05
0.987652 9.9982E-05 0.00428219 9.9982E-05 0.00786575
0.0416251 0.376097 9.99821E-05 0.582078 9.99821E-05
0.43463 0.455778 0.0357046 0.0737873 9.9991E-05
0.0202136 0.426157 9.99821E-05 0.553429 9.99821E-05
9.9982E-05 0.144206 0.112583 0.743011 9.9982E-05
9.9982E-05 0.104503 0.113405 0.781892 9.9982E-05
0.0778416 9.9982E-05 0.142517 0.779441 9.9982E-05
0.0802174 9.99821E-05 9.99821E-05 0.912338 0.00724455
0.95862 9.9982E-05 0.00485422 9.9982E-05 0.0363259
0.978019 9.9982E-05 0.00751469 9.9982E-05 0.0142663
0.0185418 0.0569075 0.0333302 0.89112 9.9991E-05
9.9982E-05 9.9982E-05 0.413134 0.50229 0.0843754
9.999E-05 0.0790476 0.0016403 0.213773 0.705439
9.9973E-05 9.9973E-05 0.101459 9.9973E-05 0.898241
9.9973E-05 9.9973E-05 0.154035 0.845665 9.9973E-05
9.997E-05 9.997E-05 9.997E-05 9.997E-05 0.9996
9.9973E-05 9.9973E-05 0.038407 0.961293 9.9973E-05
9.999E-05 0.0742751 0.430188 0.0982142 0.397223
9.9973E-05 9.9973E-05 0.103774 9.9973E-05 0.895926
0.959709 0.0399913 9.9973E-05 9.9973E-05 9.9973E-05
0.9996 9.997E-05 9.997E-05 9.997E-05 9.997E-05
9.9973E-05 9.9973E-05 0.0594054 0.940295 9.9973E-05
0.906518 0.0931823 9.9973E-05 9.9973E-05 9.9973E-05
0.921187 0.0785135 9.9973E-05 9.9973E-05 9.9973E-05
0.649863 0.325161 0.0119565 9.9991E-05 0.0129193
0.63047 0.309098 0.0602321 9.9982E-05 9.9982E-05
0.108058 0.586668 0.01431 0.290865 9.99911E-05
0.99785 0.00185017 9.99731E-05 9.99731E-05 9.99731E-05
0.104878 0.894823 9.99731E-05 9.99731E-05 9.99731E-05
0.0585044 9.9982E-05 0.237333 0.703963 9.9982E-05
0.984103 9.9973E-05 9.9973E-05 0.0155967 9.9973E-05
0.0751563 9.99821E-05 0.0135942 0.91105 9.99821E-05
0.0264317 0.200168 0.04212 0.698274 0.0330067
0.136886 9.9991E-05 0.445758 0.356815 0.0604411
0.159321 9.9982E-05 0.0635396 0.776939 9.9982E-05
0.10398 9.9991E-05 0.0717552 0.813947 0.0102184
9.9991E-05 0.0347903 0.0967547 0.865279 0.00307566
0.00330311 0.0598179 9.9982E-05 0.936679 9.9982E-05
9.99819E-05 0.0829266 0.14398 0.772893 9.99819E-05
9.9991E-05 0.0151635 0.220388 0.653905 0.110444
0.0605208 0.0742696 0.109662 0.719575 0.0359718
0.0950641 0.084066 0.153122 0.667647 9.9991E-05
9.99733E-05 9.99733E-05 9.99733E-05 0.956689 0.0430109
9.997E-05 0.9996 9.997E-05 9.997E-05 9.997E-05
9.997E-05 0.9996 9.997E-05 9.997E-05 9.997E-05
9.9973E-05 0.994475 0.00522484 9.9973E-05 9.9973E-05
9.997E-05 0.9996 9.997E-05 9.997E-05 9.997E-05
9.997E-05 0.9996 9.997E-05 9.997E-05 9.997E-05
0.27622 0.619765 9.9991E-05 0.0587618 0.0451536
9.997E-05 0.9996 9.997E-05 9.997E-05 9.997E-05
9.997E-05 9.997E-05 9.997E-05 0.9996 9.997E-05
0.132085 0.553376 0.0045683 0.309871 9.9991E-05
0.9996 9.997E-05 9.997E-05 9.997E-05 9.997E-05
0.0205449 9.99821E-05 0.043434 0.935821 9.99821E-05
0.0914839 9.99731E-05 9.99731E-05 0.908216 9.99731E-05
0.00302891 9.99732E-05 9.99732E-05 0.996671 9.99732E-05
0.00349819 9.9982E-05 0.00064552 0.995656 9.9982E-05
9.9982E-05 9.9982E-05 0.0993524 0.886148 0.0142993
9.9982E-05 0.0352481 9.9982E-05 0.0372939 0.927258
0.9996 9.997E-05 9.997E-05 9.997E-05 9.997E-05
0.236136 0.136496 0.0929571 0.448808 0.0856028
0.9996 9.997E-05 9.997E-05 9.997E-05 9.997E-05
0.988321 0.00394741 9.9982E-05 0.00753148 9.9982E-05
0.898818 0.100882 9.9973E-05 9.9973E-05 9.9973E-05
0.935511 0.0640436 9.9982E-05 9.9982E-05 0.000245806
0.909939 0.0320856 0.0426573 0.0152183 9.9991E-05
0.968778 0.025163 0.00585895 9.9982E-05 9.9982E-05
0.502595 0.496705 9.99821E-05 0.000499866 9.99821E-05
0.557417 0.351491 9.99911E-05 0.0729875 0.0180044
0.98166 0.0180402 9.9973E-05 9.9973E-05 9.9973E-05
0.0902469 0.106634 0.0720645 0.730954 9.9991E-05
0.0957991 0.111682 0.0677545 0.724664 9.9991E-05
9.997E-05 9.997E-05 0.9996 9.997E-05 9.997E-05
9.997E-05 9.997E-05 0.9996 9.997E-05 9.997E-05
9.99819E-05 0.120239 0.0832554 0.796306 9.99819E-05
9.99819E-05 0.117108 0.0778161 0.804876 9.99819E-05
9.9973E-05 0.00138011 0.99832 9.9973E-05 9.9973E-05
9.997E-05 9.997E-05 0.9996 9.997E-05 9.997E-05
9.997E-05 9.997E-05 9.997E-05 0.9996 9.997E-05
0.00424976 0.0371975 9.9991E-05 0.890281 0.0681716
0.0717055 0.630659 9.9982E-05 0.297436 9.9982E-05
0.0616085 9.9991E-05 0.314238 0.506693 0.11736
0.0177718 9.9991E-05 0.338228 0.555102 0.0887981
0.583068 0.32507 0.0394167 9.9991E-05 0.0523452
