9.99009E-05 9.99009E-05 9.99009E-05 0.00745631 9.99009E-05 9.99009E-05 9.99009E-05 9.99009E-05 9.99009E-05 0.0139203 0.0243785 0.000956067 9.99009E-05 9.99009E-05 0.95219 9.99009E-05
9.99099E-05 0.160757 9.99099E-05 0.014662 9.99099E-05 9.99099E-05 0.733998 9.99099E-05 9.99099E-05 0.0117455 0.0421122 9.99099E-05 9.99099E-05 9.99099E-05 0.0357259 9.99099E-05
9.98602E-05 9.98602E-05 9.98602E-05 9.98602E-05 9.98602E-05 9.98602E-05 9.98602E-05 0.998502 9.98602E-05 9.98602E-05 9.98602E-05 9.98602E-05 9.98602E-05 9.98602E-05 9.98602E-05 9.98602E-05
0.00459692 0.92319 9.99074E-05 0.00254611 9.99074E-05 9.99074E-05 9.99074E-05 0.0143934 9.99074E-05 9.99074E-05 9.99074E-05 9.99074E-05 9.99074E-05 0.0541748 9.99074E-05 9.99074E-05
9.98648E-05 9.98648E-05 9.98648E-05 9.98648E-05 9.98648E-05 9.98648E-05 9.98648E-05 9.98648E-05 0.998502 9.98648E-05 9.98648E-05 9.98648E-05 9.98648E-05 9.98648E-05 9.98648E-05 9.98648E-05
0.00528873 0.956202 9.99011E-05 9.99011E-05 9.99011E-05 9.99011E-05 9.99011E-05 0.00564635 0.0257793 9.99011E-05 9.99011E-05 9.99011E-05 0.00598425 9.99011E-05 9.99011E-05 9.99011E-05
9.98652E-05 9.98652E-05 0.998502 9.98652E-05 9.98652E-05 9.98652E-05 9.98652E-05 9.98652E-05 9.98652E-05 9.98652E-05 9.98652E-05 9.98652E-05 9.98652E-05 9.98652E-05 9.98652E-05 9.98652E-05
0.113656 9.99278E-05 9.99278E-05 0.00341042 9.99278E-05 9.99278E-05 0.0812777 0.0474526 0.239433 9.99278E-05 0.0444128 9.99278E-05 9.99278E-05 0.0403508 9.99278E-05 0.429207
0.010482 9.98831E-05 0.944189 9.98831E-05 9.98831E-05 9.98831E-05 0.0440303 9.98831E-05 9.98831E-05 9.98831E-05 9.98831E-05 9.98831E-05 9.98831E-05 9.98831E-05 9.98831E-05 9.98831E-05
9.98702E-05 9.98702E-05 0.109131 9.98702E-05 9.98702E-05 9.98702E-05 9.98702E-05 9.98702E-05 0.0628626 9.98702E-05 0.826708 9.98702E-05 9.98702E-05 9.98702E-05 9.98702E-05 9.98702E-05
9.98831E-05 9.98831E-05 0.0738654 9.98831E-05 9.98831E-05 9.98831E-05 9.98831E-05 9.98831E-05 0.0522569 9.98831E-05 0.872579 9.98831E-05 9.98831E-05 9.98831E-05 9.98831E-05 9.98831E-05
9.991E-05 9.991E-05 9.991E-05 0.124874 0.128301 9.991E-05 9.991E-05 0.0245688 9.991E-05 9.991E-05 9.991E-05 9.991E-05 0.0334114 0.00370784 0.684138 9.991E-05
9.98743E-05 9.98743E-05 9.98743E-05 9.98743E-05 0.942329 9.98743E-05 9.98743E-05 9.98743E-05 9.98743E-05 9.98743E-05 9.98743E-05 9.98743E-05 9.98743E-05 9.98743E-05 9.98743E-05 0.0562729
9.98921E-05 0.935639 9.98921E-05 9.98921E-05 9.98921E-05 0.00757256 0.0397242 9.98921E-05 9.98921E-05 9.98921E-05 9.98921E-05 9.98921E-05 0.0158653 9.98921E-05 9.98921E-05 9.98921E-05
9.98832E-05 0.967073 9.98832E-05 9.98832E-05 9.98832E-05 9.98832E-05 9.98832E-05 9.98832E-05 0.00365445 9.98832E-05 9.98832E-05 9.98832E-05 9.98832E-05 9.98832E-05 0.0279736 9.98832E-05
9.9883E-05 9.9883E-05 9.9883E-05 9.9883E-05 0.118852 9.9883E-05 9.9883E-05 9.9883E-05 9.9883E-05 9.9883E-05 9.9883E-05 0.775199 0.10465 9.9883E-05 9.9883E-05 9.9883E-05
9.99097E-05 9.99097E-05 9.99097E-05 0.0220681 0.0821694 9.99097E-05 9.99097E-05 9.99097E-05 9.99097E-05 0.459131 0.109587 0.0969937 0.229052 9.99097E-05 9.99097E-05 9.99097E-05
0.0236422 9.99369E-05 0.0073189 9.99369E-05 9.99369E-05 0.666888 0.00163595 0.0381507 9.99369E-05 0.0698038 0.155625 0.00301381 9.99369E-05 9.99369E-05 0.0332219 9.99369E-05
9.98741E-05 9.98741E-05 9.98741E-05 0.0887271 9.98741E-05 0.909875 9.98741E-05 9.98741E-05 9.98741E-05 9.98741E-05 9.98741E-05 9.98741E-05 9.98741E-05 9.98741E-05 9.98741E-05 9.98741E-05
9.99009E-05 9.99009E-05 9.99009E-05 0.0373949 9.99009E-05 9.99009E-05 9.99009E-05 9.99009E-05 9.99009E-05 9.99009E-05 0.410745 0.345395 0.138152 9.99009E-05 0.067215 9.99009E-05
9.98652E-05 9.98652E-05 9.98652E-05 9.98652E-05 9.98652E-05 0.998502 9.98652E-05 9.98652E-05 9.98652E-05 9.98652E-05 9.98652E-05 9.98652E-05 9.98652E-05 9.98652E-05 9.98652E-05 9.98652E-05
9.99189E-05 9.99189E-05 9.99189E-05 0.0199125 0.0658396 0.00383386 9.99189E-05 9.99189E-05 9.99189E-05 9.99189E-05 0.120434 0.23444 0.0254288 9.99189E-05 0.529212 9.99189E-05
9.98648E-05 9.98648E-05 9.98648E-05 9.98648E-05 9.98648E-05 9.98648E-05 9.98648E-05 9.98648E-05 9.98648E-05 0.998502 9.98648E-05 9.98648E-05 9.98648E-05 9.98648E-05 9.98648E-05 9.98648E-05
9.98738E-05 9.98738E-05 9.98738E-05 9.98738E-05 9.98738E-05 0.692806 9.98738E-05 9.98738E-05 9.98738E-05 0.305796 9.98738E-05 9.98738E-05 9.98738E-05 9.98738E-05 9.98738E-05 9.98738E-05
0.0188217 0.386923 9.99013E-05 9.99013E-05 9.99013E-05 9.99013E-05 9.99013E-05 0.0310129 9.99013E-05 9.99013E-05 9.99013E-05 9.99013E-05 9.99013E-05 0.555183 9.99013E-05 0.00696063
9.98743E-05 0.791211 9.98743E-05 9.98743E-05 9.98743E-05 9.98743E-05 9.98743E-05 9.98743E-05 9.98743E-05 9.98743E-05 9.98743E-05 9.98743E-05 9.98743E-05 0.207391 9.98743E-05 9.98743E-05
9.99008E-05 9.99008E-05 9.99008E-05 0.019354 0.798107 9.99008E-05 9.99008E-05 9.99008E-05 9.99008E-05 0.0262916 0.0798249 9.99008E-05 9.99008E-05 9.99008E-05 0.0753234 9.99008E-05
0.00878179 9.98741E-05 9.98741E-05 9.98741E-05 9.98741E-05 9.98741E-05 9.98741E-05 9.98741E-05 9.98741E-05 9.98741E-05 9.98741E-05 9.98741E-05 9.98741E-05 0.98982 9.98741E-05 9.98741E-05
9.98651E-05 9.98651E-05 9.98651E-05 9.98651E-05 9.98651E-05 9.98651E-05 9.98651E-05 9.98651E-05 9.98651E-05 9.98651E-05 9.98651E-05 9.98651E-05 9.98651E-05 0.998502 9.98651E-05 9.98651E-05
0.132791 0.207331 9.99012E-05 9.99012E-05 9.99012E-05 9.99012E-05 9.99012E-05 9.99012E-05 0.286244 9.99012E-05 9.99012E-05 9.99012E-05 9.99012E-05 0.343311 9.99012E-05 0.0292244
0.0396379 0.200492 9.99099E-05 9.99099E-05 9.99099E-05 9.99099E-05 9.99099E-05 9.99099E-05 0.350885 0.0161904 9.99099E-05 9.99099E-05 9.99099E-05 0.162046 9.99099E-05 0.229749
9.98654E-05 9.98654E-05 9.98654E-05 9.98654E-05 9.98654E-05 9.98654E-05 0.998502 9.98654E-05 9.98654E-05 9.98654E-05 9.98654E-05 9.98654E-05 9.98654E-05 9.98654E-05 9.98654E-05 9.98654E-05
9.9892E-05 0.496951 9.9892E-05 9.9892E-05 9.9892E-05 9.9892E-05 9.9892E-05 0.0151433 9.9892E-05 9.9892E-05 9.9892E-05 9.9892E-05 9.9892E-05 0.282705 9.9892E-05 0.204002
0.709385 9.99011E-05 9.99011E-05 9.99011E-05 9.99011E-05 9.99011E-05 9.99011E-05 0.0402381 9.99011E-05 9.99011E-05 0.0120429 9.99011E-05 9.99011E-05 0.0314421 9.99011E-05 0.205793
9.99187E-05 9.99187E-05 9.99187E-05 0.169376 0.516096 9.99187E-05 9.99187E-05 9.99187E-05 0.0627038 9.99187E-05 0.0355487 9.99187E-05 0.164869 9.99187E-05 0.0369959 0.0135113
9.98919E-05 0.380374 9.98919E-05 9.98919E-05 9.98919E-05 9.98919E-05 9.98919E-05 9.98919E-05 9.98919E-05 9.98919E-05 9.98919E-05 9.98919E-05 0.0271622 0.569281 9.98919E-05 0.0219845
9.9892E-05 9.9892E-05 9.9892E-05 9.9892E-05 9.9892E-05 9.9892E-05 9.9892E-05 0.00368747 0.000235051 9.9892E-05 9.9892E-05 9.9892E-05 9.9892E-05 9.9892E-05 0.941795 0.0530837
9.99099E-05 0.00157091 9.99099E-05 9.99099E-05 9.99099E-05 9.99099E-05 0.193622 9.99099E-05 9.99099E-05 0.0529883 0.647861 9.99099E-05 9.99099E-05 9.99099E-05 0.0782464 0.0247123
9.99188E-05 0.000823074 9.99188E-05 0.09398 0.0608417 9.99188E-05 9.99188E-05 9.99188E-05 9.99188E-05 0.391714 9.99188E-05 0.0813857 0.248827 9.99188E-05 9.99188E-05 0.12153
9.99098E-05 0.155016 9.99098E-05 9.99098E-05 9.99098E-05 9.99098E-05 9.99098E-05 9.99098E-05 9.99098E-05 0.014014 0.329567 0.216897 0.0521624 9.99098E-05 0.231344 9.99098E-05
9.99278E-05 0.0894716 9.99278E-05 0.0381597 9.99278E-05 0.0178153 0.0330675 9.99278E-05 0.0020165 9.99278E-05 0.343108 0.16188 9.99278E-05 9.99278E-05 0.313682 9.99278E-05
9.98921E-05 9.98921E-05 9.98921E-05 9.98921E-05 9.98921E-05 9.98921E-05 9.98921E-05 9.98921E-05 9.98921E-05 9.98921E-05 0.946397 0.0113635 0.0208712 9.98921E-05 0.0201693 9.98921E-05
9.99011E-05 9.99011E-05 0.0624949 9.99011E-05 0.0248605 9.99011E-05 9.99011E-05 9.99011E-05 9.99011E-05 9.99011E-05 0.0661728 0.829988 9.99011E-05 9.99011E-05 0.0153844 9.99011E-05
9.991E-05 9.991E-05 9.991E-05 0.00248439 0.0107034 9.991E-05 9.991E-05 0.0221297 9.991E-05 9.991E-05 0.866532 9.991E-05 0.0951186 9.991E-05 0.00203276 9.991E-05
9.99369E-05 9.99369E-05 9.99369E-05 0.0783902 0.155866 0.0323228 0.0229193 9.99369E-05 9.99369E-05 0.212193 0.40869 0.0136726 0.052738 9.99369E-05 0.0225088 9.99369E-05
9.9937E-05 0.0483422 9.9937E-05 9.9937E-05 9.9937E-05 0.0279698 0.0125448 9.9937E-05 0.022561 9.9937E-05 0.495249 0.148934 0.125946 9.9937E-05 0.0868543 0.0308991
0.0717568 0.0356523 0.0360612 9.9937E-05 0.0413531 9.9937E-05 9.9937E-05 0.0148555 0.0142575 9.9937E-05 0.232097 9.9937E-05 0.357908 9.9937E-05 0.195359 9.9937E-05
9.98659E-05 9.98659E-05 9.98659E-05 9.98659E-05 9.98659E-05 9.98659E-05 9.98659E-05 9.98659E-05 9.98659E-05 9.98659E-05 9.98659E-05 9.98659E-05 9.98659E-05 9.98659E-05 0.998502 9.98659E-05
0.995712 9.98742E-05 9.98742E-05 9.98742E-05 9.98742E-05 9.98742E-05 9.98742E-05 9.98742E-05 9.98742E-05 9.98742E-05 9.98742E-05 9.98742E-05 9.98742E-05 0.00289002 9.98742E-05 9.98742E-05
0.998502 9.98652E-05 9.98652E-05 9.98652E-05 9.98652E-05 9.98652E-05 9.98652E-05 9.98652E-05 9.98652E-05 9.98652E-05 9.98652E-05 9.98652E-05 9.98652E-05 9.98652E-05 9.98652E-05 9.98652E-05
0.991146 9.98743E-05 9.98743E-05 9.98743E-05 9.98743E-05 9.98743E-05 9.98743E-05 9.98743E-05 9.98743E-05 0.00745565 9.98743E-05 9.98743E-05 9.98743E-05 9.98743E-05 9.98743E-05 9.98743E-05
0.998502 9.98653E-05 9.98653E-05 9.98653E-05 9.98653E-05 9.98653E-05 9.98653E-05 9.98653E-05 9.98653E-05 9.98653E-05 9.98653E-05 9.98653E-05 9.98653E-05 9.98653E-05 9.98653E-05 9.98653E-05
0.998502 9.98652E-05 9.98652E-05 9.98652E-05 9.98652E-05 9.98652E-05 9.98652E-05 9.98652E-05 9.98652E-05 9.98652E-05 9.98652E-05 9.98652E-05 9.98652E-05 9.98652E-05 9.98652E-05 9.98652E-05
0.362395 9.99282E-05 9.99282E-05 9.99282E-05 9.99282E-05 0.0226841 0.100005 9.99282E-05 0.099921 0.0614138 9.99282E-05 0.0538205 9.99282E-05 0.139898 9.99282E-05 0.159062
0.898275 9.991E-05 9.991E-05 0.00443388 0.0243367 9.991E-05 0.0594387 9.991E-05 9.991E-05 9.991E-05 9.991E-05 0.00298212 9.991E-05 9.991E-05 0.00953433 9.991E-05
9.99008E-05 9.99008E-05 0.00517433 9.99008E-05 0.00487651 9.99008E-05 9.99008E-05 9.99008E-05 9.99008E-05 9.99008E-05 9.99008E-05 0.138851 0.0962495 9.99008E-05 0.753749 9.99008E-05
0.00704949 9.99099E-05 0.0455373 9.99099E-05 9.99099E-05 9.99099E-05 0.911038 0.00813356 9.99099E-05 9.99099E-05 9.99099E-05 9.99099E-05 0.0150996 0.0121428 9.99099E-05 9.99099E-05
9.991E-05 0.559919 9.991E-05 9.991E-05 9.991E-05 9.991E-05 0.00720561 0.00411429 0.00944369 9.991E-05 9.991E-05 9.991E-05 9.991E-05 0.411476 9.991E-05 0.00684175
0.0128627 9.99012E-05 9.99012E-05 0.0344556 0.870613 9.99012E-05 9.99012E-05 9.99012E-05 9.99012E-05 9.99012E-05 9.99012E-05 0.0558174 9.99012E-05 9.99012E-05 0.0251523 9.99012E-05
9.98833E-05 9.98833E-05 9.98833E-05 9.98833E-05 0.0536407 9.98833E-05 9.98833E-05 9.98833E-05 9.98833E-05 9.98833E-05 9.98833E-05 0.861287 0.0837736 9.98833E-05 9.98833E-05 9.98833E-05
9.98834E-05 9.98834E-05 0.0022379 9.98834E-05 0.966049 9.98834E-05 9.98834E-05 9.98834E-05 9.98834E-05 9.98834E-05 9.98834E-05 9.98834E-05 9.98834E-05 9.98834E-05 9.98834E-05 0.0304147
9.9874E-05 9.9874E-05 9.9874E-05 9.9874E-05 0.91997 9.9874E-05 9.9874E-05 9.9874E-05 9.9874E-05 9.9874E-05 0.0786322 9.9874E-05 9.9874E-05 9.9874E-05 9.9874E-05 9.9874E-05
9.98919E-05 9.98919E-05 9.98919E-05 0.0250572 0.831984 9.98919E-05 9.98919E-05 9.98919E-05 9.98919E-05 9.98919E-05 0.0626217 9.98919E-05 0.0791389 9.98919E-05 9.98919E-05 9.98919E-05
9.98922E-05 9.98922E-05 9.98922E-05 9.98922E-05 9.98922E-05 0.943468 9.98922E-05 9.98922E-05 9.98922E-05 9.98922E-05 0.0151499 9.98922E-05 9.98922E-05 9.98922E-05 0.0318613 0.00832246
9.98835E-05 0.285521 9.98835E-05 0.00378824 9.98835E-05 9.98835E-05 9.98835E-05 9.98835E-05 9.98835E-05 9.98835E-05 9.98835E-05 9.98835E-05 9.98835E-05 0.709392 9.98835E-05 9.98835E-05
0.0606623 0.0534666 9.99551E-05 0.0590016 0.131842 0.0789515 0.0653455 9.99551E-05 9.99551E-05 9.99551E-05 0.249513 9.99551E-05 0.0261815 0.20395 0.0230991 0.0474871
9.98922E-05 0.832159 9.98922E-05 9.98922E-05 9.98922E-05 9.98922E-05 9.98922E-05 0.104198 9.98922E-05 9.98922E-05 9.98922E-05 0.00144647 9.98922E-05 9.98922E-05 9.98922E-05 0.0609987
9.991E-05 0.652243 0.00740037 9.991E-05 9.991E-05 9.991E-05 9.991E-05 9.991E-05 0.118194 0.0115231 9.991E-05 9.991E-05 9.991E-05 0.197693 0.0119468 9.991E-05
9.98741E-05 9.98741E-05 9.98741E-05 9.98741E-05 9.98741E-05 9.98741E-05 9.98741E-05 9.98741E-05 9.98741E-05 9.98741E-05 9.98741E-05 0.0129019 9.98741E-05 0.9857 9.98741E-05 9.98741E-05
9.98651E-05 9.98651E-05 9.98651E-05 9.98651E-05 9.98651E-05 9.98651E-05 9.98651E-05 9.98651E-05 9.98651E-05 9.98651E-05 9.98651E-05 9.98651E-05 9.98651E-05 0.998502 9.98651E-05 9.98651E-05
9.99012E-05 0.567058 9.99012E-05 9.99012E-05 9.99012E-05 9.99012E-05 9.99012E-05 9.99012E-05 0.2192 9.99012E-05 0.0116963 9.99012E-05 9.99012E-05 0.194875 0.00607154 9.99012E-05
9.98919E-05 0.518671 9.98919E-05 9.98919E-05 9.98919E-05 9.98919E-05 9.98919E-05 9.98919E-05 0.0119133 9.98919E-05 9.98919E-05 9.98919E-05 9.98919E-05 0.430884 9.98919E-05 0.0373336
0.00319937 9.9883E-05 9.9883E-05 9.9883E-05 9.9883E-05 9.9883E-05 9.9883E-05 9.9883E-05 0.0226282 9.9883E-05 9.9883E-05 9.9883E-05 9.9883E-05 9.9883E-05 9.9883E-05 0.972874
9.9883E-05 9.9883E-05 0.00222577 9.9883E-05 0.00154489 9.9883E-05 9.9883E-05 9.9883E-05 9.9883E-05 9.9883E-05 9.9883E-05 9.9883E-05 9.9883E-05 9.9883E-05 9.9883E-05 0.994931
0.0418057 0.879242 9.99011E-05 9.99011E-05 9.99011E-05 9.99011E-05 9.99011E-05 0.00816031 9.99011E-05 9.99011E-05 9.99011E-05 0.0191166 9.99011E-05 0.0505761 9.99011E-05 9.99011E-05
0.0232934 0.00899181 9.9892E-05 9.9892E-05 9.9892E-05 9.9892E-05 9.9892E-05 9.9892E-05 9.9892E-05 9.9892E-05 9.9892E-05 0.962098 9.9892E-05 9.9892E-05 9.9892E-05 0.0044185
0.0154839 9.9874E-05 9.9874E-05 9.9874E-05 9.9874E-05 9.9874E-05 9.9874E-05 9.9874E-05 9.9874E-05 9.9874E-05 9.9874E-05 0.983118 9.9874E-05 9.9874E-05 9.9874E-05 9.9874E-05
9.98742E-05 9.98742E-05 9.98742E-05 0.988186 9.98742E-05 9.98742E-05 9.98742E-05 9.98742E-05 9.98742E-05 9.98742E-05 0.0104154 9.98742E-05 9.98742E-05 9.98742E-05 9.98742E-05 9.98742E-05
9.98743E-05 9.98743E-05 9.98743E-05 0.996743 9.98743E-05 9.98743E-05 9.98743E-05 9.98743E-05 9.98743E-05 9.98743E-05 9.98743E-05 9.98743E-05 9.98743E-05 9.98743E-05 0.0018583 9.98743E-05
9.99099E-05 9.99099E-05 9.99099E-05 9.99099E-05 0.00873277 9.99099E-05 0.0363525 9.99099E-05 9.99099E-05 9.99099E-05 0.903836 0.0226309 9.99099E-05 0.0171092 9.99099E-05 0.0103399
9.9901E-05 9.9901E-05 9.9901E-05 9.9901E-05 0.0358227 9.9901E-05 0.012907 9.9901E-05 9.9901E-05 9.9901E-05 0.863227 0.0675095 9.9901E-05 0.0194349 9.9901E-05 9.9901E-05
9.98922E-05 9.98922E-05 9.98922E-05 0.975639 9.98922E-05 9.98922E-05 0.00188997 0.000753234 9.98922E-05 0.0205195 9.98922E-05 9.98922E-05 9.98922E-05 9.98922E-05 9.98922E-05 9.98922E-05
9.98653E-05 9.98653E-05 9.98653E-05 0.998502 9.98653E-05 9.98653E-05 9.98653E-05 9.98653E-05 9.98653E-05 9.98653E-05 9.98653E-05 9.98653E-05 9.98653E-05 9.98653E-05 9.98653E-05 9.98653E-05
0.00769118 9.99009E-05 0.0217874 9.99009E-05 0.0353848 9.99009E-05 9.99009E-05 9.99009E-05 9.99009E-05 9.99009E-05 9.99009E-05 0.0381113 9.99009E-05 9.99009E-05 0.895926 9.99009E-05
9.99189E-05 9.99189E-05 0.118646 9.99189E-05 0.171864 0.0734549 0.0257872 9.99189E-05 9.99189E-05 9.99189E-05 0.16648 0.417087 9.99189E-05 9.99189E-05 0.0257813 9.99189E-05
0.0523601 9.9883E-05 0.0478445 9.9883E-05 9.9883E-05 9.9883E-05 0.898497 9.9883E-05 9.9883E-05 9.9883E-05 9.9883E-05 9.9883E-05 9.9883E-05 9.9883E-05 9.9883E-05 9.9883E-05
9.98651E-05 9.98651E-05 9.98651E-05 9.98651E-05 9.98651E-05 9.98651E-05 9.98651E-05 9.98651E-05 9.98651E-05 9.98651E-05 9.98651E-05 9.98651E-05 0.998502 9.98651E-05 9.98651E-05 9.98651E-05
9.98831E-05 9.98831E-05 9.98831E-05 0.0145995 9.98831E-05 9.98831E-05 9.98831E-05 9.98831E-05 9.98831E-05 9.98831E-05 9.98831E-05 9.98831E-05 0.963338 9.98831E-05 0.0207644 9.98831E-05
0.0317533 9.99011E-05 9.99011E-05 9.99011E-05 9.99011E-05 0.0452587 9.99011E-05 9.99011E-05 0.447998 9.99011E-05 9.99011E-05 9.99011E-05 9.99011E-05 0.296343 9.99011E-05 0.177548
