9.98829E-05 9.98829E-05 9.98829E-05 9.98829E-05 0.00106856 0.113718 9.98829E-05 9.98829E-05 9.98829E-05 9.98829E-05 9.98829E-05 0.883915 9.98829E-05 9.98829E-05 9.98829E-05 9.98829E-05
0.0305596 9.99189E-05 9.99189E-05 0.0503491 0.64946 0.00536693 9.99189E-05 9.99189E-05 9.99189E-05 0.00529512 9.99189E-05 0.0412743 9.99189E-05 9.99189E-05 0.216796 9.99189E-05
9.98602E-05 9.98602E-05 9.98602E-05 9.98602E-05 9.98602E-05 9.98602E-05 0.998502 9.98602E-05 9.98602E-05 9.98602E-05 9.98602E-05 9.98602E-05 9.98602E-05 9.98602E-05 9.98602E-05 9.98602E-05
9.9892E-05 9.9892E-05 9.9892E-05 9.9892E-05 9.9892E-05 9.9892E-05 0.0123701 9.9892E-05 9.9892E-05 0.00843232 0.0758835 9.9892E-05 9.9892E-05 9.9892E-05 0.902115 9.9892E-05
0.0506339 0.221605 9.99371E-05 9.99371E-05 0.0963169 0.0561377 0.0187387 9.99371E-05 0.0561829 9.99371E-05 9.99371E-05 0.0392096 9.99371E-05 0.0627474 0.397728 9.99371E-05
9.98742E-05 9.98742E-05 0.0075039 9.98742E-05 9.98742E-05 9.98742E-05 9.98742E-05 9.98742E-05 9.98742E-05 9.98742E-05 9.98742E-05 9.98742E-05 9.98742E-05 9.98742E-05 0.991098 9.98742E-05
9.9865E-05 0.998502 9.9865E-05 9.9865E-05 9.9865E-05 9.9865E-05 9.9865E-05 9.9865E-05 9.9865E-05 9.9865E-05 9.9865E-05 9.9865E-05 9.9865E-05 9.9865E-05 9.9865E-05 9.9865E-05
9.99279E-05 9.99279E-05 9.99279E-05 9.99279E-05 0.127587 0.0804801 0.0170727 0.414969 0.0952856 9.99279E-05 0.00622334 9.99279E-05 9.99279E-05 0.194774 0.0628098 9.99279E-05
9.9883E-05 0.95676 9.9883E-05 9.9883E-05 0.0316288 9.9883E-05 9.9883E-05 9.9883E-05 0.0103129 9.9883E-05 9.9883E-05 9.9883E-05 9.9883E-05 9.9883E-05 9.9883E-05 9.9883E-05
9.98741E-05 0.152313 9.98741E-05 9.98741E-05 9.98741E-05 0.846288 9.98741E-05 9.98741E-05 9.98741E-05 9.98741E-05 9.98741E-05 9.98741E-05 9.98741E-05 9.98741E-05 9.98741E-05 9.98741E-05
9.98741E-05 0.142087 9.98741E-05 9.98741E-05 9.98741E-05 0.856515 9.98741E-05 9.98741E-05 9.98741E-05 9.98741E-05 9.98741E-05 9.98741E-05 9.98741E-05 9.98741E-05 9.98741E-05 9.98741E-05
9.99011E-05 9.99011E-05 9.99011E-05 9.99011E-05 9.99011E-05 9.99011E-05 0.0335807 9.99011E-05 9.99011E-05 0.11141 9.99011E-05 0.678586 9.99011E-05 0.000443947 9.99011E-05 0.174881
9.98833E-05 9.98833E-05 9.98833E-05 9.98833E-05 9.98833E-05 9.98833E-05 9.98833E-05 0.0207166 9.98833E-05 9.98833E-05 9.98833E-05 9.98833E-05 9.98833E-05 0.00915279 9.98833E-05 0.968832
9.98832E-05 9.98832E-05 9.98832E-05 9.98832E-05 9.98832E-05 9.98832E-05 9.98832E-05 9.98832E-05 9.98832E-05 9.98832E-05 9.98832E-05 0.00208548 0.029794 9.98832E-05 0.966822 9.98832E-05
9.98831E-05 9.98831E-05 9.98831E-05 9.98831E-05 9.98831E-05 9.98831E-05 9.98831E-05 9.98831E-05 9.98831E-05 9.98831E-05 9.98831E-05 0.00359946 0.0193635 9.98831E-05 0.975739 9.98831E-05
0.0386673 9.9892E-05 9.9892E-05 0.801646 9.9892E-05 0.0278895 9.9892E-05 9.9892E-05 9.9892E-05 9.9892E-05 9.9892E-05 9.9892E-05 9.9892E-05 9.9892E-05 9.9892E-05 0.130598
0.901534 9.98738E-05 9.98738E-05 9.98738E-05 9.98738E-05 0.0970682 9.98738E-05 9.98738E-05 9.98738E-05 9.98738E-05 9.98738E-05 9.98738E-05 9.98738E-05 9.98738E-05 9.98738E-05 9.98738E-05
9.99278E-05 0.00967451 9.99278E-05 0.0367039 0.0236854 0.0957747 0.0219261 9.99278E-05 0.0371098 9.99278E-05 9.99278E-05 0.00269428 0.771632 9.99278E-05 9.99278E-05 9.99278E-05
9.98829E-05 9.98829E-05 0.769227 9.98829E-05 9.98829E-05 9.98829E-05 9.98829E-05 9.98829E-05 9.98829E-05 0.090081 9.98829E-05 9.98829E-05 0.139394 9.98829E-05 9.98829E-05 9.98829E-05
0.116305 9.9892E-05 9.9892E-05 0.309241 9.9892E-05 0.489121 9.9892E-05 9.9892E-05 9.9892E-05 9.9892E-05 9.9892E-05 0.0841343 9.9892E-05 9.9892E-05 9.9892E-05 9.9892E-05
9.98741E-05 9.98741E-05 0.0779998 9.98741E-05 9.98741E-05 9.98741E-05 9.98741E-05 9.98741E-05 9.98741E-05 9.98741E-05 9.98741E-05 9.98741E-05 0.920602 9.98741E-05 9.98741E-05 9.98741E-05
0.0108666 9.99189E-05 0.00495183 0.333076 9.99189E-05 0.118112 9.99189E-05 9.99189E-05 9.99189E-05 0.0099745 9.99189E-05 0.467907 9.99189E-05 9.99189E-05 9.99189E-05 0.0542128
0.294642 9.991E-05 9.991E-05 9.991E-05 9.991E-05 0.122504 9.991E-05 9.991E-05 0.0143227 0.131689 9.991E-05 9.991E-05 0.433611 0.00223334 9.991E-05 9.991E-05
9.98831E-05 9.98831E-05 9.98831E-05 9.98831E-05 9.98831E-05 0.0226734 9.98831E-05 9.98831E-05 9.98831E-05 0.00215685 9.98831E-05 9.98831E-05 0.973871 9.98831E-05 9.98831E-05 9.98831E-05
9.98832E-05 9.98832E-05 9.98832E-05 9.98832E-05 9.98832E-05 9.98832E-05 0.0157689 9.98832E-05 9.98832E-05 9.98832E-05 0.632027 9.98832E-05 9.98832E-05 9.98832E-05 0.350906 9.98832E-05
9.98922E-05 9.98922E-05 9.98922E-05 9.98922E-05 9.98922E-05 9.98922E-05 0.0061781 9.98922E-05 0.00461765 9.98922E-05 0.211648 9.98922E-05 9.98922E-05 9.98922E-05 0.776358 9.98922E-05
9.98918E-05 9.98918E-05 9.98918E-05 9.98918E-05 9.98918E-05 0.106407 9.98918E-05 9.98918E-05 9.98918E-05 0.050067 9.98918E-05 0.0576451 9.98918E-05 9.98918E-05 9.98918E-05 0.784682
9.98831E-05 9.98831E-05 9.98831E-05 9.98831E-05 9.98831E-05 9.98831E-05 9.98831E-05 9.98831E-05 9.98831E-05 0.00974507 0.987267 9.98831E-05 9.98831E-05 9.98831E-05 0.00168988 9.98831E-05
9.98742E-05 9.98742E-05 9.98742E-05 9.98742E-05 9.98742E-05 9.98742E-05 9.98742E-05 9.98742E-05 0.00653793 9.98742E-05 0.992064 9.98742E-05 9.98742E-05 9.98742E-05 9.98742E-05 9.98742E-05
9.99281E-05 9.99281E-05 0.026949 9.99281E-05 0.018399 9.99281E-05 0.0656076 9.99281E-05 0.0876459 9.99281E-05 0.202569 0.0153728 9.99281E-05 0.368367 0.214291 9.99281E-05
9.98739E-05 9.98739E-05 9.98739E-05 9.98739E-05 9.98739E-05 9.98739E-05 9.98739E-05 9.98739E-05 9.98739E-05 9.98739E-05 9.98739E-05 9.98739E-05 9.98739E-05 0.952476 0.0461261 9.98739E-05
9.98654E-05 9.98654E-05 9.98654E-05 9.98654E-05 0.998502 9.98654E-05 9.98654E-05 9.98654E-05 9.98654E-05 9.98654E-05 9.98654E-05 9.98654E-05 9.98654E-05 9.98654E-05 9.98654E-05 9.98654E-05
9.98921E-05 9.98921E-05 9.98921E-05 9.98921E-05 9.98921E-05 9.98921E-05 9.98921E-05 0.159169 9.98921E-05 9.98921E-05 0.258605 9.98921E-05 9.98921E-05 0.0260926 0.554935 9.98921E-05
9.99192E-05 9.99192E-05 9.99192E-05 9.99192E-05 0.0298943 9.99192E-05 0.0145019 0.185631 0.734096 0.0104045 0.00659292 9.99192E-05 9.99192E-05 0.0179801 9.99192E-05 9.99192E-05
0.284126 9.99367E-05 9.99367E-05 9.99367E-05 9.99367E-05 0.036668 9.99367E-05 0.0079425 0.00370802 0.0819701 0.000620531 0.0410002 9.99367E-05 0.0465606 9.99367E-05 0.496705
0.0138472 9.98919E-05 9.98919E-05 9.98919E-05 9.98919E-05 9.98919E-05 9.98919E-05 0.0328805 9.98919E-05 9.98919E-05 0.551334 9.98919E-05 9.98919E-05 9.98919E-05 0.400739 9.98919E-05
0.0120218 9.9892E-05 9.9892E-05 9.9892E-05 9.9892E-05 9.9892E-05 0.0471863 0.00345416 9.9892E-05 9.9892E-05 9.9892E-05 0.936139 9.9892E-05 9.9892E-05 9.9892E-05 9.9892E-05
9.9901E-05 9.9901E-05 0.00260441 9.9901E-05 0.177627 0.664936 9.9901E-05 0.0574171 9.9901E-05 9.9901E-05 9.9901E-05 0.0963165 9.9901E-05 9.9901E-05 9.9901E-05 9.9901E-05
0.971125 9.98738E-05 9.98738E-05 9.98738E-05 9.98738E-05 9.98738E-05 9.98738E-05 0.0274772 9.98738E-05 9.98738E-05 9.98738E-05 9.98738E-05 9.98738E-05 9.98738E-05 9.98738E-05 9.98738E-05
0.0756936 9.99008E-05 9.99008E-05 0.273258 9.99008E-05 0.293334 9.99008E-05 9.99008E-05 9.99008E-05 9.99008E-05 9.99008E-05 0.230164 9.99008E-05 9.99008E-05 0.126452 9.99008E-05
0.0236962 9.99278E-05 9.99278E-05 0.208949 0.0020931 0.296051 9.99278E-05 9.99278E-05 9.99278E-05 0.00918386 9.99278E-05 0.314968 0.035151 9.99278E-05 0.109109 9.99278E-05
9.98801E-05 9.98801E-05 9.98801E-05 0.0199468 9.98801E-05 0.924416 9.98801E-05 9.98801E-05 9.98801E-05 9.98801E-05 9.98801E-05 0.0532176 9.98801E-05 9.98801E-05 9.98801E-05 0.00122137
9.99099E-05 0.0903685 9.99099E-05 0.830153 9.99099E-05 0.0191263 9.99099E-05 9.99099E-05 9.99099E-05 9.99099E-05 9.99099E-05 0.00322344 0.00815203 9.99099E-05 9.99099E-05 0.0479781
0.0252122 9.991E-05 9.991E-05 9.991E-05 9.991E-05 0.925983 0.000458963 9.991E-05 9.991E-05 9.991E-05 9.991E-05 0.00960905 9.991E-05 0.00892383 9.991E-05 0.0288139
0.0290106 9.99279E-05 9.99279E-05 0.045094 0.0455386 0.433784 9.99279E-05 9.99279E-05 9.99279E-05 0.100895 9.99279E-05 0.0309839 0.125197 9.99279E-05 9.99279E-05 0.188698
0.0128875 9.99281E-05 0.0511721 0.15561 0.0282713 0.50981 9.99281E-05 9.99281E-05 9.99281E-05 9.99281E-05 9.99281E-05 0.127216 9.99281E-05 9.99281E-05 0.0822321 0.0320025
0.251918 0.0250279 9.9928E-05 9.9928E-05 9.9928E-05 0.255437 0.035246 9.9928E-05 0.0631847 9.9928E-05 9.9928E-05 0.24056 9.9928E-05 0.057734 9.9928E-05 0.0700936
9.9866E-05 9.9866E-05 9.9866E-05 9.9866E-05 9.9866E-05 9.9866E-05 9.9866E-05 9.9866E-05 9.9866E-05 9.9866E-05 9.9866E-05 0.998502 9.9866E-05 9.9866E-05 9.9866E-05 9.9866E-05
9.98652E-05 9.98652E-05 9.98652E-05 9.98652E-05 9.98652E-05 9.98652E-05 9.98652E-05 9.98652E-05 0.998502 9.98652E-05 9.98652E-05 9.98652E-05 9.98652E-05 9.98652E-05 9.98652E-05 9.98652E-05
9.98741E-05 9.98741E-05 9.98741E-05 9.98741E-05 9.98741E-05 9.98741E-05 9.98741E-05 9.98741E-05 0.996148 9.98741E-05 9.98741E-05 9.98741E-05 0.0024536 9.98741E-05 9.98741E-05 9.98741E-05
9.98832E-05 9.98832E-05 0.00115421 0.00465046 9.98832E-05 9.98832E-05 9.98832E-05 9.98832E-05 0.992897 9.98832E-05 9.98832E-05 9.98832E-05 9.98832E-05 9.98832E-05 9.98832E-05 9.98832E-05
9.98653E-05 9.98653E-05 9.98653E-05 9.98653E-05 9.98653E-05 9.98653E-05 9.98653E-05 9.98653E-05 0.998502 9.98653E-05 9.98653E-05 9.98653E-05 9.98653E-05 9.98653E-05 9.98653E-05 9.98653E-05
9.98741E-05 9.98741E-05 9.98741E-05 9.98741E-05 9.98741E-05 9.98741E-05 9.98741E-05 9.98741E-05 0.987246 9.98741E-05 9.98741E-05 9.98741E-05 9.98741E-05 0.0113554 9.98741E-05 9.98741E-05
9.99193E-05 0.0531394 9.99193E-05 0.119424 9.99193E-05 9.99193E-05 0.0121739 0.0889196 0.316205 9.99193E-05 9.99193E-05 9.99193E-05 0.0113126 0.397926 9.99193E-05 9.99193E-05
9.98832E-05 9.98832E-05 9.98832E-05 9.98832E-05 0.0640153 9.98832E-05 9.98832E-05 9.98832E-05 0.916137 9.98832E-05 9.98832E-05 0.0185491 9.98832E-05 9.98832E-05 9.98832E-05 9.98832E-05
9.98829E-05 9.98829E-05 9.98829E-05 0.170714 9.98829E-05 9.98829E-05 9.98829E-05 9.98829E-05 9.98829E-05 9.98829E-05 9.98829E-05 0.815905 9.98829E-05 9.98829E-05 9.98829E-05 0.0120823
9.99189E-05 0.0125498 9.99189E-05 0.00298804 0.925192 9.99189E-05 0.0164839 9.99189E-05 0.0269197 0.00130723 9.99189E-05 9.99189E-05 9.99189E-05 9.99189E-05 9.99189E-05 0.0136598
0.00442366 9.98829E-05 9.98829E-05 9.98829E-05 9.98829E-05 9.98829E-05 9.98829E-05 9.98829E-05 9.98829E-05 9.98829E-05 0.404583 9.98829E-05 9.98829E-05 9.98829E-05 0.589695 9.98829E-05
9.99011E-05 9.99011E-05 9.99011E-05 0.0810056 9.99011E-05 9.99011E-05 9.99011E-05 9.99011E-05 0.00794386 0.0221977 9.99011E-05 0.0470263 9.99011E-05 9.99011E-05 9.99011E-05 0.840728
9.98744E-05 9.98744E-05 9.98744E-05 0.934295 9.98744E-05 9.98744E-05 9.98744E-05 9.98744E-05 9.98744E-05 9.98744E-05 9.98744E-05 9.98744E-05 9.98744E-05 9.98744E-05 9.98744E-05 0.0643068
9.98745E-05 9.98745E-05 9.98745E-05 9.98745E-05 9.98745E-05 9.98745E-05 9.98745E-05 0.0235993 9.98745E-05 9.98745E-05 9.98745E-05 9.98745E-05 9.98745E-05 9.98745E-05 9.98745E-05 0.975002
9.98829E-05 9.98829E-05 9.98829E-05 9.98829E-05 9.98829E-05 0.141148 9.98829E-05 9.98829E-05 9.98829E-05 9.98829E-05 9.98829E-05 9.98829E-05 9.98829E-05 9.98829E-05 0.0014063 0.856147
0.0295048 9.98919E-05 9.98919E-05 9.98919E-05 9.98919E-05 0.0861081 9.98919E-05 9.98919E-05 9.98919E-05 0.0439478 9.98919E-05 9.98919E-05 9.98919E-05 9.98919E-05 9.98919E-05 0.839241
9.9865E-05 9.9865E-05 0.998502 9.9865E-05 9.9865E-05 9.9865E-05 9.9865E-05 9.9865E-05 9.9865E-05 9.9865E-05 9.9865E-05 9.9865E-05 9.9865E-05 9.9865E-05 9.9865E-05 9.9865E-05
9.98835E-05 9.98835E-05 9.98835E-05 9.98835E-05 9.98835E-05 9.98835E-05 0.0315029 9.98835E-05 9.98835E-05 9.98835E-05 0.694194 9.98835E-05 9.98835E-05 9.98835E-05 0.273005 9.98835E-05
0.171593 0.180707 0.0812571 0.0085422 0.0318235 0.111863 0.100012 9.9955E-05 0.0972168 0.0224604 0.142299 0.0517263 9.9955E-05 9.9955E-05 9.9955E-05 9.9955E-05
9.99012E-05 9.99012E-05 9.99012E-05 0.0183112 9.99012E-05 9.99012E-05 0.0877112 0.0491041 9.99012E-05 9.99012E-05 0.0669461 9.99012E-05 9.99012E-05 9.99012E-05 0.776829 9.99012E-05
0.0208483 0.037178 9.991E-05 9.991E-05 9.991E-05 9.991E-05 9.991E-05 9.991E-05 0.00459592 9.991E-05 0.180397 9.991E-05 9.991E-05 0.011451 0.74453 9.991E-05
9.98742E-05 9.98742E-05 9.98742E-05 0.0055906 9.98742E-05 9.98742E-05 9.98742E-05 9.98742E-05 9.98742E-05 9.98742E-05 0.993011 9.98742E-05 9.98742E-05 9.98742E-05 9.98742E-05 9.98742E-05
9.98742E-05 9.98742E-05 9.98742E-05 9.98742E-05 9.98742E-05 9.98742E-05 9.98742E-05 9.98742E-05 9.98742E-05 9.98742E-05 0.990035 9.98742E-05 0.00856702 9.98742E-05 9.98742E-05 9.98742E-05
9.99191E-05 0.0153589 9.99191E-05 9.99191E-05 0.00730763 0.0217861 9.99191E-05 0.0235982 9.99191E-05 9.99191E-05 0.0975087 9.99191E-05 9.99191E-05 0.144214 0.689327 9.99191E-05
0.0195038 9.9883E-05 9.9883E-05 9.9883E-05 9.9883E-05 9.9883E-05 9.9883E-05 9.9883E-05 9.9883E-05 9.9883E-05 0.461104 9.9883E-05 9.9883E-05 9.9883E-05 0.518093 9.9883E-05
9.98831E-05 9.98831E-05 9.98831E-05 9.98831E-05 9.98831E-05 9.98831E-05 9.98831E-05 0.969307 0.0143122 9.98831E-05 9.98831E-05 9.98831E-05 9.98831E-05 0.0150819 9.98831E-05 9.98831E-05
9.9874E-05 9.9874E-05 9.9874E-05 9.9874E-05 9.9874E-05 9.9874E-05 9.9874E-05 0.962843 9.9874E-05 9.9874E-05 9.9874E-05 9.9874E-05 9.9874E-05 9.9874E-05 9.9874E-05 0.0357591
9.99011E-05 9.99011E-05 9.99011E-05 9.99011E-05 9.99011E-05 9.99011E-05 0.0378368 9.99011E-05 0.0350085 0.00328964 0.143423 9.99011E-05 9.99011E-05 9.99011E-05 0.779343 9.99011E-05
9.991E-05 9.991E-05 9.991E-05 0.963288 0.0035094 9.991E-05 9.991E-05 9.991E-05 0.0249788 0.00345732 9.991E-05 9.991E-05 9.991E-05 0.00106061 0.00270721 9.991E-05
9.98829E-05 9.98829E-05 9.98829E-05 0.969701 9.98829E-05 9.98829E-05 9.98829E-05 0.0224313 0.00656921 9.98829E-05 9.98829E-05 9.98829E-05 9.98829E-05 9.98829E-05 9.98829E-05 9.98829E-05
9.98742E-05 9.98742E-05 9.98742E-05 9.98742E-05 9.98742E-05 9.98742E-05 9.98742E-05 9.98742E-05 9.98742E-05 0.992394 9.98742E-05 0.00620746 9.98742E-05 9.98742E-05 9.98742E-05 9.98742E-05
9.98653E-05 9.98653E-05 9.98653E-05 9.98653E-05 9.98653E-05 9.98653E-05 9.98653E-05 9.98653E-05 9.98653E-05 0.998502 9.98653E-05 9.98653E-05 9.98653E-05 9.98653E-05 9.98653E-05 9.98653E-05
9.99009E-05 9.99009E-05 9.99009E-05 0.0977842 0.0722967 0.804149 9.99009E-05 0.00913524 9.99009E-05 9.99009E-05 0.0155359 9.99009E-05 9.99009E-05 9.99009E-05 9.99009E-05 9.99009E-05
9.99009E-05 9.99009E-05 9.99009E-05 0.0467043 0.0502439 0.84315 9.99009E-05 9.99009E-05 9.99009E-05 9.99009E-05 0.0117034 9.99009E-05 9.99009E-05 9.99009E-05 9.99009E-05 0.0470999
9.98743E-05 9.98743E-05 9.98743E-05 9.98743E-05 9.98743E-05 9.98743E-05 9.98743E-05 0.0163369 9.98743E-05 0.982265 9.98743E-05 9.98743E-05 9.98743E-05 9.98743E-05 9.98743E-05 9.98743E-05
9.98832E-05 9.98832E-05 9.98832E-05 9.98832E-05 9.98832E-05 9.98832E-05 9.98832E-05 9.98832E-05 0.000887686 0.993088 9.98832E-05 0.00472555 9.98832E-05 9.98832E-05 9.98832E-05 9.98832E-05
9.98829E-05 9.98829E-05 9.98829E-05 9.98829E-05 9.98829E-05 9.98829E-05 9.98829E-05 9.98829E-05 0.0068099 9.98829E-05 9.98829E-05 0.953777 9.98829E-05 9.98829E-05 9.98829E-05 0.0381147
9.99189E-05 0.120327 9.99189E-05 0.416517 0.0196414 0.184759 9.99189E-05 9.99189E-05 9.99189E-05 9.99189E-05 9.99189E-05 0.0473198 0.0895046 9.99189E-05 9.99189E-05 0.121032
9.98831E-05 0.0386064 9.98831E-05 9.98831E-05 0.93361 9.98831E-05 9.98831E-05 9.98831E-05 0.0264853 9.98831E-05 9.98831E-05 9.98831E-05 9.98831E-05 9.98831E-05 9.98831E-05 9.98831E-05
0.501052 9.99193E-05 0.0616082 9.99193E-05 0.0196976 0.179462 9.99193E-05 9.99193E-05 9.99193E-05 0.0434345 0.0124451 9.99193E-05 9.99193E-05 9.99193E-05 9.99193E-05 0.181401
0.618837 9.99102E-05 0.0153341 9.99102E-05 9.99102E-05 9.99102E-05 9.99102E-05 9.99102E-05 9.99102E-05 0.0659063 9.99102E-05 0.12146 0.00189938 9.99102E-05 9.99102E-05 0.175564
9.9865E-05 9.9865E-05 9.9865E-05 9.9865E-05 9.9865E-05 9.9865E-05 9.9865E-05 9.9865E-05 9.9865E-05 9.9865E-05 9.9865E-05 9.9865E-05 9.9865E-05 0.998502 9.9865E-05 9.9865E-05
