9.99459E-05 9.99459E-05 0.0209513 9.99459E-05 9.99459E-05 0.0226916 9.99459E-05 0.955757 9.99459E-05
0.691072 9.99639E-05 0.024657 0.168924 9.99639E-05 0.0203309 9.99639E-05 0.0946169 9.99639E-05
9.99643E-05 9.99643E-05 0.0107713 0.639828 0.219171 9.99643E-05 0.0426557 9.99643E-05 0.0871746
9.9946E-05 0.0116157 0.0334587 0.954326 9.9946E-05 9.9946E-05 9.9946E-05 9.9946E-05 9.9946E-05
0.191151 0.0377792 9.99731E-05 0.284914 0.246193 0.193576 9.99731E-05 0.0460863 9.99731E-05
9.99371E-05 9.99371E-05 9.99371E-05 0.99794 9.99371E-05 9.99371E-05 9.99371E-05 0.00136066 9.99371E-05
0.412534 9.99461E-05 9.99461E-05 9.99461E-05 0.206591 9.99461E-05 9.99461E-05 9.99461E-05 0.380276
0.0786974 0.110966 0.0135577 0.14885 0.581596 0.0660335 9.99729E-05 9.99729E-05 9.99729E-05
0.534968 9.9955E-05 9.9955E-05 9.9955E-05 0.163227 0.0458247 9.9955E-05 9.9955E-05 0.25548
9.99371E-05 9.99371E-05 9.99371E-05 9.99371E-05 0.0130412 0.986259 9.99371E-05 9.99371E-05 9.99371E-05
9.993E-05 9.993E-05 9.993E-05 9.993E-05 9.993E-05 0.999201 9.993E-05 9.993E-05 9.993E-05
9.9955E-05 9.9955E-05 0.103011 9.9955E-05 0.0331683 9.9955E-05 9.9955E-05 0.688363 0.174958
9.99371E-05 9.99371E-05 9.99371E-05 0.0065129 9.99371E-05 9.99371E-05 9.99371E-05 9.99371E-05 0.992788
0.00470285 9.9964E-05 0.00261765 0.959111 9.9964E-05 9.9964E-05 0.0209376 0.0122307 9.9964E-05
9.9955E-05 9.9955E-05 9.9955E-05 0.933656 9.9955E-05 0.0253979 0.00402391 0.0364228 9.9955E-05
0.0263942 0.0276017 9.9973E-05 0.022669 9.9973E-05 0.448457 9.9973E-05 0.105552 0.369026
9.9955E-05 9.9955E-05 0.343997 9.9955E-05 9.9955E-05 0.420025 0.0466851 9.9955E-05 0.188793
0.0290858 0.0311029 9.9964E-05 0.0226525 9.9964E-05 0.227328 0.689431 9.9964E-05 9.9964E-05
9.9937E-05 9.9937E-05 0.0876876 9.9937E-05 9.9937E-05 9.9937E-05 0.911613 9.9937E-05 9.9937E-05
9.99549E-05 9.99549E-05 0.118732 9.99549E-05 9.99549E-05 0.685666 9.99549E-05 0.146631 0.048471
9.9937E-05 9.9937E-05 9.9937E-05 9.9937E-05 0.0167304 9.9937E-05 0.98257 9.9937E-05 9.9937E-05
0.00388868 0.012533 0.0317396 9.9973E-05 9.9973E-05 0.283272 9.9973E-05 0.558981 0.109286
9.99461E-05 9.99461E-05 0.311316 9.99461E-05 9.99461E-05 0.277877 0.410207 9.99461E-05 9.99461E-05
9.99459E-05 9.99459E-05 0.111224 9.99459E-05 9.99459E-05 0.00881901 0.879357 9.99459E-05 9.99459E-05
9.99372E-05 0.0128441 9.99372E-05 0.986456 9.99372E-05 9.99372E-05 9.99372E-05 9.99372E-05 9.99372E-05
9.993E-05 9.993E-05 9.993E-05 0.999201 9.993E-05 9.993E-05 9.993E-05 9.993E-05 9.993E-05
9.99549E-05 9.99549E-05 0.0558267 9.99549E-05 9.99549E-05 0.0746222 9.99549E-05 0.0862688 0.782783
0.00725191 0.0410533 9.9955E-05 0.938825 0.0123703 9.9955E-05 9.9955E-05 9.9955E-05 9.9955E-05
9.9946E-05 0.0715767 9.9946E-05 0.906137 9.9946E-05 9.9946E-05 9.9946E-05 9.9946E-05 0.0216864
0.00752482 0.193582 0.000774627 0.530734 0.221599 9.9982E-05 0.0195314 0.0260546 9.9982E-05
9.99549E-05 0.0781218 0.056371 0.471225 0.393782 9.99549E-05 9.99549E-05 9.99549E-05 9.99549E-05
0.999201 9.993E-05 9.993E-05 9.993E-05 9.993E-05 9.993E-05 9.993E-05 9.993E-05 9.993E-05
9.99461E-05 9.99461E-05 0.0133526 0.851936 0.134111 9.99461E-05 9.99461E-05 9.99461E-05 9.99461E-05
0.0364562 0.680196 9.9955E-05 0.010975 0.271873 9.9955E-05 9.9955E-05 9.9955E-05 9.9955E-05
9.99639E-05 9.99639E-05 0.227098 9.99639E-05 0.0781776 0.102399 9.99639E-05 0.0400339 0.551892
0.00266919 9.99549E-05 9.99549E-05 0.958265 0.0206954 9.99549E-05 9.99549E-05 9.99549E-05 0.0178708
9.9937E-05 9.9937E-05 9.9937E-05 9.9937E-05 0.0360816 9.9937E-05 9.9937E-05 0.963219 9.9937E-05
0.171182 9.9964E-05 9.9964E-05 9.9964E-05 0.0454915 0.668346 0.00950991 0.10507 9.9964E-05
9.9973E-05 9.9973E-05 0.398579 0.0843252 0.0661158 0.252893 0.0487684 9.9973E-05 0.149019
9.99459E-05 9.99459E-05 9.99459E-05 0.114851 9.99459E-05 0.605589 9.99459E-05 0.278961 9.99459E-05
9.99639E-05 9.99639E-05 0.0150064 0.0856438 9.99639E-05 0.589443 0.00710806 0.302399 9.99639E-05
9.99369E-05 9.99369E-05 9.99369E-05 9.99369E-05 9.99369E-05 0.994568 9.99369E-05 0.00473237 9.99369E-05
0.183939 9.99549E-05 9.99549E-05 9.99549E-05 9.99549E-05 0.432106 9.99549E-05 0.144246 0.239209
9.9955E-05 9.9955E-05 0.0366058 9.9955E-05 9.9955E-05 0.926417 9.9955E-05 0.0129117 0.0235657
0.047928 9.9973E-05 0.12607 9.9973E-05 9.9973E-05 0.476828 0.128686 0.0476613 0.172527
0.0244581 9.9973E-05 9.9973E-05 0.0782665 9.9973E-05 0.685426 0.0447792 0.131233 0.0355379
9.997E-05 0.0515692 0.130583 0.100808 9.997E-05 0.281726 9.997E-05 0.238023 0.196991
9.99374E-05 9.99374E-05 9.99374E-05 9.99374E-05 9.99374E-05 9.99374E-05 0.00692247 0.992378 9.99374E-05
9.993E-05 0.999201 9.993E-05 9.993E-05 9.993E-05 9.993E-05 9.993E-05 9.993E-05 9.993E-05
9.993E-05 0.999201 9.993E-05 9.993E-05 9.993E-05 9.993E-05 9.993E-05 9.993E-05 9.993E-05
9.99371E-05 0.976883 9.99371E-05 9.99371E-05 9.99371E-05 0.0224175 9.99371E-05 9.99371E-05 9.99371E-05
9.993E-05 0.999201 9.993E-05 9.993E-05 9.993E-05 9.993E-05 9.993E-05 9.993E-05 9.993E-05
9.993E-05 0.999201 9.993E-05 9.993E-05 9.993E-05 9.993E-05 9.993E-05 9.993E-05 9.993E-05
0.0708936 0.413793 0.0328226 0.0639175 0.30352 0.0852601 0.0295933 9.9982E-05 9.9982E-05
0.0428169 0.940534 9.99461E-05 9.99461E-05 9.99461E-05 9.99461E-05 9.99461E-05 0.0160496 9.99461E-05
9.99369E-05 9.99369E-05 9.99369E-05 9.99369E-05 9.99369E-05 9.99369E-05 9.99369E-05 0.895343 0.103957
0.94579 0.0514306 0.00217964 9.99459E-05 9.99459E-05 9.99459E-05 9.99459E-05 9.99459E-05 9.99459E-05
9.993E-05 9.993E-05 9.993E-05 0.999201 9.993E-05 9.993E-05 9.993E-05 9.993E-05 9.993E-05
9.9946E-05 9.9946E-05 0.0279218 9.9946E-05 9.9946E-05 9.9946E-05 9.9946E-05 0.0986583 0.87282
0.0516868 9.9982E-05 0.00512794 0.0555112 0.0170067 0.273137 9.9982E-05 0.245106 0.352224
9.993E-05 9.993E-05 9.993E-05 9.993E-05 9.993E-05 9.993E-05 9.993E-05 9.993E-05 0.999201
9.99369E-05 9.99369E-05 9.99369E-05 9.99369E-05 9.99369E-05 0.0895442 9.99369E-05 9.99369E-05 0.909756
9.99549E-05 9.99549E-05 0.0893657 9.99549E-05 9.99549E-05 0.0130602 9.99549E-05 0.0369717 0.860103
9.99461E-05 9.99461E-05 9.99461E-05 9.99461E-05 0.0124139 9.99461E-05 0.897624 0.0893624 9.99461E-05
9.99373E-05 9.99373E-05 0.00969174 0.989609 9.99373E-05 9.99373E-05 9.99373E-05 9.99373E-05 9.99373E-05
0.123387 0.0504829 0.0444861 0.337567 9.9991E-05 0.200319 0.01336 0.0964979 0.133799
0.0135634 9.99552E-05 9.99552E-05 0.953301 0.0165103 9.99552E-05 9.99552E-05 9.99552E-05 0.0161258
9.9946E-05 0.0465153 9.9946E-05 0.912248 9.9946E-05 9.9946E-05 9.9946E-05 0.0406373 9.9946E-05
0.0100495 0.0750729 9.9964E-05 0.869988 0.00917498 9.9964E-05 9.9964E-05 9.9964E-05 0.0353146
0.0551021 0.00958938 9.99551E-05 0.923929 9.99551E-05 9.99551E-05 0.0108797 9.99551E-05 9.99551E-05
0.020434 9.99641E-05 9.99641E-05 0.844571 0.0857483 0.038928 9.99641E-05 0.00991859 9.99641E-05
9.9937E-05 9.9937E-05 9.9937E-05 0.99375 0.00555081 9.9937E-05 9.9937E-05 9.9937E-05 9.9937E-05
9.993E-05 9.993E-05 9.993E-05 9.993E-05 0.999201 9.993E-05 9.993E-05 9.993E-05 9.993E-05
9.99369E-05 9.99369E-05 9.99369E-05 9.99369E-05 0.975444 9.99369E-05 9.99369E-05 9.99369E-05 0.0238569
9.99461E-05 0.0288864 9.99461E-05 0.94783 9.99461E-05 0.0226838 9.99461E-05 9.99461E-05 9.99461E-05
0.173748 9.99729E-05 0.0295398 0.0547575 9.99729E-05 0.478306 9.99729E-05 0.130087 0.133261
0.160045 0.0152222 0.0470764 0.0420534 9.9982E-05 0.461437 9.9982E-05 0.109745 0.164221
9.993E-05 9.993E-05 0.999201 9.993E-05 9.993E-05 9.993E-05 9.993E-05 9.993E-05 9.993E-05
9.993E-05 9.993E-05 0.999201 9.993E-05 9.993E-05 9.993E-05 9.993E-05 9.993E-05 9.993E-05
0.0295489 9.9946E-05 9.9946E-05 9.9946E-05 9.9946E-05 0.92937 9.9946E-05 0.0404813 9.9946E-05
0.0180541 0.000138494 9.9955E-05 9.9955E-05 9.9955E-05 0.939354 9.9955E-05 9.9955E-05 0.0419537
9.9937E-05 9.9937E-05 0.99085 9.9937E-05 9.9937E-05 0.0084503 9.9937E-05 9.9937E-05 9.9937E-05
9.993E-05 9.993E-05 0.999201 9.993E-05 9.993E-05 9.993E-05 9.993E-05 9.993E-05 9.993E-05
9.99459E-05 0.010509 9.99459E-05 9.99459E-05 9.99459E-05 9.99459E-05 9.99459E-05 0.923187 0.0657041
0.129838 9.99639E-05 9.99639E-05 9.99639E-05 9.99639E-05 0.446886 0.0684352 0.0835295 0.270911
0.946852 0.0524483 9.99369E-05 9.99369E-05 9.99369E-05 9.99369E-05 9.99369E-05 9.99369E-05 9.99369E-05
9.99641E-05 9.99641E-05 0.298779 0.0439259 9.99641E-05 0.182944 0.141589 9.99641E-05 0.332362
9.99551E-05 9.99551E-05 0.32866 9.99551E-05 9.99551E-05 9.99551E-05 0.0863075 0.173763 0.41077
9.99641E-05 0.0915098 0.0237933 0.37732 0.477903 9.99641E-05 0.0290736 9.99641E-05 9.99641E-05
