9.99279E-05 9.99279E-05 9.99279E-05 9.99279E-05 0.00247275 0.957269 0.0394584 9.99279E-05 9.99279E-05 9.99279E-05 9.99279E-05
9.99368E-05 9.99368E-05 9.99368E-05 9.99368E-05 0.0959563 0.130775 9.99368E-05 9.99368E-05 9.99368E-05 0.174787 0.597782
0.0253442 0.0467825 9.99465E-05 0.106508 9.99465E-05 9.99465E-05 9.99465E-05 0.0481381 9.99465E-05 0.772627 9.99465E-05
9.9937E-05 0.0407477 9.9937E-05 9.9937E-05 9.9937E-05 9.9937E-05 0.00282056 9.9937E-05 0.00942357 0.946309 9.9937E-05
0.0353738 9.9964E-05 0.0539318 9.9964E-05 0.0302393 0.0240707 0.0780821 9.9964E-05 9.9964E-05 0.39253 0.385372
9.9919E-05 9.9919E-05 0.0447459 9.9919E-05 9.9919E-05 9.9919E-05 9.9919E-05 9.9919E-05 9.9919E-05 0.954355 9.9919E-05
9.99281E-05 9.99281E-05 9.99281E-05 0.223994 9.99281E-05 9.99281E-05 9.99281E-05 9.99281E-05 0.0687508 9.99281E-05 0.706456
0.18306 0.00838019 9.9946E-05 9.9946E-05 9.9946E-05 9.9946E-05 0.0840267 9.9946E-05 9.9946E-05 0.377729 0.346204
9.9928E-05 9.9928E-05 9.9928E-05 0.122471 9.9928E-05 9.9928E-05 9.9928E-05 9.9928E-05 0.181015 9.9928E-05 0.695715
9.99101E-05 9.99101E-05 9.99101E-05 9.99101E-05 9.99101E-05 9.99101E-05 0.96808 9.99101E-05 9.99101E-05 9.99101E-05 0.0310211
9.99103E-05 9.99103E-05 9.99103E-05 9.99103E-05 9.99103E-05 9.99103E-05 0.999001 9.99103E-05 9.99103E-05 9.99103E-05 9.99103E-05
9.9955E-05 0.124017 9.9955E-05 0.123412 0.011744 0.671934 9.9955E-05 9.9955E-05 0.027105 0.0412886 9.9955E-05
9.99192E-05 9.99192E-05 9.99192E-05 0.966124 9.99192E-05 9.99192E-05 9.99192E-05 9.99192E-05 9.99192E-05 0.0329772 9.99192E-05
9.9928E-05 9.9928E-05 0.0399374 9.9928E-05 9.9928E-05 9.9928E-05 9.9928E-05 0.00819873 9.9928E-05 0.951064 9.9928E-05
9.99371E-05 0.000534097 9.99371E-05 9.99371E-05 9.99371E-05 0.0342694 0.0104125 9.99371E-05 9.99371E-05 0.954084 9.99371E-05
9.9937E-05 9.9937E-05 0.092217 0.106626 9.9937E-05 9.9937E-05 0.00407501 9.9937E-05 0.796382 9.9937E-05 9.9937E-05
9.99189E-05 9.99189E-05 9.99189E-05 9.99189E-05 0.927624 9.99189E-05 0.0714767 9.99189E-05 9.99189E-05 9.99189E-05 9.99189E-05
0.0234058 9.99639E-05 9.99639E-05 9.99639E-05 0.00657269 0.0318309 0.156038 0.705603 0.0506761 9.99639E-05 0.025474
9.9928E-05 0.0959967 9.9928E-05 0.00984176 9.9928E-05 9.9928E-05 9.9928E-05 0.893362 9.9928E-05 9.9928E-05 9.9928E-05
9.994E-05 0.029795 0.169098 9.994E-05 9.994E-05 0.093233 0.397249 9.994E-05 0.310025 9.994E-05 9.994E-05
9.99101E-05 9.99101E-05 9.99101E-05 9.99101E-05 9.99101E-05 9.99101E-05 9.99101E-05 0.999001 9.99101E-05 9.99101E-05 9.99101E-05
9.99549E-05 9.99549E-05 0.0211361 0.0810242 0.0475952 0.50566 0.0788661 9.99549E-05 0.265218 9.99549E-05 9.99549E-05
0.0141403 0.180931 0.0752671 9.9955E-05 0.184374 9.9955E-05 0.158782 0.386006 9.9955E-05 9.9955E-05 9.9955E-05
9.99279E-05 0.0108398 0.111052 9.99279E-05 9.99279E-05 9.99279E-05 9.99279E-05 0.877308 9.99279E-05 9.99279E-05 9.99279E-05
9.99102E-05 9.99102E-05 9.99102E-05 9.99102E-05 9.99102E-05 9.99102E-05 9.99102E-05 9.99102E-05 9.99102E-05 0.999001 9.99102E-05
9.99102E-05 9.99102E-05 9.99102E-05 9.99102E-05 9.99102E-05 9.99102E-05 9.99102E-05 9.99102E-05 9.99102E-05 0.999001 9.99102E-05
9.99549E-05 0.0264038 9.99549E-05 0.796019 0.0581855 0.0301376 0.0868106 9.99549E-05 0.00194412 9.99549E-05 9.99549E-05
0.0796415 9.9928E-05 9.9928E-05 9.9928E-05 9.9928E-05 9.9928E-05 9.9928E-05 9.9928E-05 0.0126097 0.906949 9.9928E-05
0.0256032 9.9946E-05 9.9946E-05 0.00530691 9.9946E-05 9.9946E-05 9.9946E-05 9.9946E-05 0.0614881 0.898197 0.00880487
0.145057 9.99551E-05 9.99551E-05 0.0147955 0.0253135 9.99551E-05 9.99551E-05 0.0321135 9.99551E-05 0.675849 0.106372
0.238502 9.99371E-05 9.99371E-05 9.99371E-05 0.0737029 9.99371E-05 9.99371E-05 9.99371E-05 9.99371E-05 0.572185 0.11491
0.0834056 9.9928E-05 9.9928E-05 9.9928E-05 9.9928E-05 0.0420175 9.9928E-05 9.9928E-05 9.9928E-05 9.9928E-05 0.873777
9.99192E-05 9.99192E-05 9.99192E-05 9.99192E-05 9.99192E-05 9.99192E-05 9.99192E-05 9.99192E-05 0.0336731 0.965428 9.99192E-05
0.795981 9.99372E-05 9.99372E-05 9.99372E-05 0.0233424 9.99372E-05 9.99372E-05 9.99372E-05 9.99372E-05 0.0607884 0.119189
9.996E-05 0.101896 0.0648794 0.466465 0.262972 0.0283862 0.0359062 9.996E-05 9.996E-05 0.039095 9.996E-05
9.99369E-05 9.99369E-05 9.99369E-05 0.000706025 0.0141975 9.99369E-05 9.99369E-05 9.99369E-05 9.99369E-05 0.952697 0.0316995
9.99281E-05 9.99281E-05 0.00724221 9.99281E-05 9.99281E-05 0.974112 9.99281E-05 9.99281E-05 9.99281E-05 0.0178461 9.99281E-05
9.99549E-05 9.99549E-05 9.99549E-05 9.99549E-05 0.0551312 0.151301 0.605845 0.0206642 9.99549E-05 0.0232076 0.143351
9.9919E-05 9.9919E-05 9.9919E-05 9.9919E-05 0.99557 9.9919E-05 9.9919E-05 9.9919E-05 9.9919E-05 0.00353107 9.9919E-05
9.99549E-05 9.99549E-05 0.0943783 9.99549E-05 0.123808 0.262092 0.240427 9.99549E-05 0.194144 0.0846514 9.99549E-05
9.99548E-05 9.99548E-05 0.0400174 9.99548E-05 0.0827256 0.339591 0.292783 9.99548E-05 0.181806 0.0625774 9.99548E-05
9.99369E-05 9.99369E-05 0.0401613 9.99369E-05 0.0316577 0.0707636 0.856718 9.99369E-05 9.99369E-05 9.99369E-05 9.99369E-05
9.9937E-05 9.9937E-05 9.9937E-05 0.0800342 9.9937E-05 0.000266853 0.0479822 9.9937E-05 0.871017 9.9937E-05 9.9937E-05
9.99459E-05 9.99459E-05 0.099215 0.012374 0.00570281 0.0279157 0.854193 9.99459E-05 9.99459E-05 9.99459E-05 9.99459E-05
9.99639E-05 0.063763 0.309817 0.130313 9.99639E-05 9.99639E-05 0.353336 0.0689402 0.0723649 9.99639E-05 0.00106692
9.9955E-05 9.9955E-05 0.241256 9.9955E-05 9.9955E-05 0.108819 0.439491 9.9955E-05 0.137093 0.0639542 0.00888701
0.04216 9.99639E-05 0.351178 0.0614247 0.101039 0.22568 0.118334 9.99639E-05 9.99639E-05 0.0997849 9.99639E-05
9.99195E-05 9.99195E-05 9.99195E-05 9.99195E-05 9.99195E-05 0.994113 9.99195E-05 0.00498775 9.99195E-05 9.99195E-05 9.99195E-05
0.999001 9.99101E-05 9.99101E-05 9.99101E-05 9.99101E-05 9.99101E-05 9.99101E-05 9.99101E-05 9.99101E-05 9.99101E-05 9.99101E-05
0.997342 9.99191E-05 0.00175881 9.99191E-05 9.99191E-05 9.99191E-05 9.99191E-05 9.99191E-05 9.99191E-05 9.99191E-05 9.99191E-05
0.999001 9.99101E-05 9.99101E-05 9.99101E-05 9.99101E-05 9.99101E-05 9.99101E-05 9.99101E-05 9.99101E-05 9.99101E-05 9.99101E-05
0.999001 9.99101E-05 9.99101E-05 9.99101E-05 9.99101E-05 9.99101E-05 9.99101E-05 9.99101E-05 9.99101E-05 9.99101E-05 9.99101E-05
0.999001 9.99101E-05 9.99101E-05 9.99101E-05 9.99101E-05 9.99101E-05 9.99101E-05 9.99101E-05 9.99101E-05 9.99101E-05 9.99101E-05
0.471873 9.99731E-05 9.99731E-05 0.0198948 0.0134079 9.99731E-05 0.03236 0.0157192 0.0772464 0.235816 0.133383
0.937194 9.9937E-05 9.9937E-05 9.9937E-05 9.9937E-05 0.0217292 9.9937E-05 9.9937E-05 0.0250786 9.9937E-05 0.015299
9.99369E-05 9.99369E-05 0.0241358 0.00020086 9.99369E-05 0.759113 9.99369E-05 9.99369E-05 0.215851 9.99369E-05 9.99369E-05
0.0628007 0.0342351 9.99458E-05 9.99458E-05 9.99458E-05 0.09982 9.99458E-05 9.99458E-05 9.99458E-05 0.0138385 0.788706
9.99189E-05 9.99189E-05 0.00450278 9.99189E-05 9.99189E-05 9.99189E-05 9.99189E-05 9.99189E-05 9.99189E-05 0.994598 9.99189E-05
9.9937E-05 0.0419499 9.9937E-05 0.814585 9.9937E-05 0.0137352 9.9937E-05 9.9937E-05 0.129031 9.9937E-05 9.9937E-05
9.99282E-05 9.99282E-05 0.0958631 0.033975 9.99282E-05 9.99282E-05 9.99282E-05 9.99282E-05 0.869362 9.99282E-05 9.99282E-05
9.99103E-05 9.99103E-05 9.99103E-05 0.999001 9.99103E-05 9.99103E-05 9.99103E-05 9.99103E-05 9.99103E-05 9.99103E-05 9.99103E-05
9.99189E-05 9.99189E-05 9.99189E-05 0.887844 9.99189E-05 9.99189E-05 0.111257 9.99189E-05 9.99189E-05 9.99189E-05 9.99189E-05
9.99459E-05 0.0525597 0.0348278 0.831686 0.00398583 9.99459E-05 0.0763406 9.99459E-05 9.99459E-05 9.99459E-05 9.99459E-05
9.99193E-05 9.99193E-05 9.99193E-05 9.99193E-05 9.99193E-05 0.0916883 9.99193E-05 0.907412 9.99193E-05 9.99193E-05 9.99193E-05
9.99283E-05 0.00873492 9.99283E-05 9.99283E-05 9.99283E-05 9.99283E-05 9.99283E-05 9.99283E-05 0.00198913 0.988477 9.99283E-05
0.0671379 0.0510497 0.048325 9.9982E-05 9.9982E-05 0.0653189 0.22779 0.0636783 0.135051 0.246992 0.0944567
9.99283E-05 9.99283E-05 9.99283E-05 0.00773945 9.99283E-05 9.99283E-05 9.99283E-05 9.99283E-05 0.00458138 0.98688 9.99283E-05
9.9928E-05 9.9928E-05 9.9928E-05 9.9928E-05 0.053304 0.0118405 9.9928E-05 9.9928E-05 9.9928E-05 0.934056 9.9928E-05
0.0281168 9.9928E-05 9.9928E-05 9.9928E-05 9.9928E-05 9.9928E-05 9.9928E-05 9.9928E-05 0.0873281 0.883756 9.9928E-05
0.000915876 9.9937E-05 9.9937E-05 9.9937E-05 9.9937E-05 9.9937E-05 9.9937E-05 9.9937E-05 0.0392647 0.926955 0.0321646
9.99371E-05 9.99371E-05 9.99371E-05 9.99371E-05 0.0219254 9.99371E-05 0.0439932 9.99371E-05 9.99371E-05 0.882269 0.0511129
0.0107895 9.99369E-05 0.025722 9.99369E-05 0.0421631 9.99369E-05 9.99369E-05 9.99369E-05 9.99369E-05 0.920626 9.99369E-05
0.170031 9.99373E-05 9.99373E-05 9.99373E-05 0.0380618 9.99373E-05 9.99373E-05 9.99373E-05 9.99373E-05 0.469577 0.32163
0.0367411 9.99373E-05 9.99373E-05 0.0436036 9.99373E-05 9.99373E-05 9.99373E-05 9.99373E-05 9.99373E-05 0.435605 0.483351
0.0295632 0.0283032 9.99281E-05 9.99281E-05 9.99281E-05 9.99281E-05 9.99281E-05 9.99281E-05 9.99281E-05 0.941334 9.99281E-05
0.00774074 0.016132 9.9946E-05 9.9946E-05 0.0109538 9.9946E-05 9.9946E-05 9.9946E-05 0.961965 0.0026086 9.9946E-05
0.0107535 9.9919E-05 9.9919E-05 9.9919E-05 9.9919E-05 9.9919E-05 9.9919E-05 9.9919E-05 0.988347 9.9919E-05 9.9919E-05
9.99101E-05 0.999001 9.99101E-05 9.99101E-05 9.99101E-05 9.99101E-05 9.99101E-05 9.99101E-05 9.99101E-05 9.99101E-05 9.99101E-05
9.99102E-05 0.999001 9.99102E-05 9.99102E-05 9.99102E-05 9.99102E-05 9.99102E-05 9.99102E-05 9.99102E-05 9.99102E-05 9.99102E-05
9.9946E-05 9.9946E-05 9.9946E-05 0.0512338 9.9946E-05 0.0517459 0.841873 9.9946E-05 0.0502399 0.00430747 9.9946E-05
9.9946E-05 9.9946E-05 9.9946E-05 0.0515114 9.9946E-05 0.00249915 0.818741 9.9946E-05 0.111218 9.9946E-05 0.0154306
9.99281E-05 0.973051 9.99281E-05 9.99281E-05 0.00264374 9.99281E-05 9.99281E-05 9.99281E-05 9.99281E-05 9.99281E-05 0.0235061
9.99191E-05 0.993742 9.99191E-05 9.99191E-05 9.99191E-05 0.00535847 9.99191E-05 9.99191E-05 9.99191E-05 9.99191E-05 9.99191E-05
0.0234447 9.99369E-05 9.99369E-05 0.0564676 9.99369E-05 0.902893 9.99369E-05 9.99369E-05 0.0164951 9.99369E-05 9.99369E-05
9.99639E-05 9.99639E-05 0.100211 0.152148 9.99639E-05 0.0483253 0.160342 0.0708138 0.384575 9.99639E-05 0.0831854
0.110789 0.0100674 9.99368E-05 9.99368E-05 9.99368E-05 0.0520572 9.99368E-05 9.99368E-05 9.99368E-05 9.99368E-05 0.826387
9.99101E-05 9.99101E-05 0.999001 9.99101E-05 9.99101E-05 9.99101E-05 9.99101E-05 9.99101E-05 9.99101E-05 9.99101E-05 9.99101E-05
9.9946E-05 0.0281043 0.760457 0.0913327 0.0752789 9.9946E-05 9.9946E-05 9.9946E-05 0.0442274 9.9946E-05 9.9946E-05
0.221326 0.000933457 9.99552E-05 9.99552E-05 0.0433706 9.99552E-05 9.99552E-05 0.0175332 9.99552E-05 0.565778 0.150559
