9.99189E-05 9.99189E-05 0.0350407 9.99189E-05 9.99189E-05 9.99189E-05 0.96406 9.99189E-05 9.99189E-05 9.99189E-05 9.99189E-05
9.99369E-05 9.99369E-05 9.99369E-05 9.99369E-05 9.99369E-05 0.745896 0.0672129 0.101061 0.0851296 9.99369E-05 9.99369E-05
0.305102 0.0516483 9.99554E-05 9.99554E-05 9.99554E-05 0.0116822 9.99554E-05 0.571883 9.99554E-05 0.0345648 0.0246198
9.99281E-05 9.99281E-05 9.99281E-05 9.99281E-05 9.99281E-05 9.99281E-05 9.99281E-05 0.960432 0.00447477 9.99281E-05 0.0342934
0.248685 9.99641E-05 0.0988363 0.0519629 9.99641E-05 0.230662 0.064407 0.253289 0.0517573 9.99641E-05 9.99641E-05
9.99371E-05 9.99371E-05 9.99371E-05 9.99371E-05 9.99371E-05 9.99371E-05 0.00222859 0.962272 0.031372 9.99371E-05 0.00342742
0.374152 0.274216 9.99371E-05 9.99371E-05 0.205323 0.145609 9.99371E-05 9.99371E-05 9.99371E-05 9.99371E-05 9.99371E-05
0.506552 9.99549E-05 0.0579488 0.118275 9.99549E-05 0.13967 9.99549E-05 0.149873 9.99549E-05 9.99549E-05 0.0271824
0.264712 0.205365 9.9937E-05 9.9937E-05 0.231858 0.297366 9.9937E-05 9.9937E-05 9.9937E-05 9.9937E-05 9.9937E-05
0.0145302 9.99192E-05 0.984571 9.99192E-05 9.99192E-05 9.99192E-05 9.99192E-05 9.99192E-05 9.99192E-05 9.99192E-05 9.99192E-05
0.021453 9.99192E-05 0.977648 9.99192E-05 9.99192E-05 9.99192E-05 9.99192E-05 9.99192E-05 9.99192E-05 9.99192E-05 9.99192E-05
0.017916 0.136054 9.9946E-05 9.9946E-05 9.9946E-05 9.9946E-05 0.72342 0.023605 9.9946E-05 9.9946E-05 0.0984057
0.0445819 0.954519 9.99191E-05 9.99191E-05 9.99191E-05 9.99191E-05 9.99191E-05 9.99191E-05 9.99191E-05 9.99191E-05 9.99191E-05
9.99371E-05 9.99371E-05 9.99371E-05 9.99371E-05 9.99371E-05 0.00912979 9.99371E-05 0.933236 0.0539985 0.00293591 9.99371E-05
9.99281E-05 9.99281E-05 9.99281E-05 9.99281E-05 9.99281E-05 9.99281E-05 0.0373764 0.952304 9.99281E-05 0.00951976 9.99281E-05
9.9937E-05 0.16631 9.9937E-05 9.9937E-05 0.779612 9.9937E-05 9.9937E-05 0.00342418 0.0499541 9.9937E-05 9.9937E-05
9.99188E-05 9.99188E-05 0.0682059 9.99188E-05 9.99188E-05 9.99188E-05 9.99188E-05 9.99188E-05 0.930895 9.99188E-05 9.99188E-05
9.995E-05 9.995E-05 0.0473749 0.0297364 0.12204 0.076018 0.00876585 9.995E-05 9.995E-05 0.715565 9.995E-05
9.9928E-05 0.01035 9.9928E-05 9.9928E-05 9.9928E-05 9.9928E-05 9.9928E-05 9.9928E-05 9.9928E-05 0.921913 0.0669371
9.99459E-05 9.99459E-05 0.478993 9.99459E-05 0.284844 9.99459E-05 0.102619 9.99459E-05 0.0996875 9.99459E-05 0.0332572
0.0194931 9.9919E-05 9.9919E-05 9.9919E-05 9.9919E-05 9.9919E-05 9.9919E-05 9.9919E-05 9.9919E-05 0.979608 9.9919E-05
9.99459E-05 0.0255392 0.0575787 9.99459E-05 0.292602 9.99459E-05 0.521805 9.99459E-05 0.101876 9.99459E-05 9.99459E-05
9.99371E-05 9.99371E-05 0.161995 9.99371E-05 9.99371E-05 9.99371E-05 9.99371E-05 9.99371E-05 0.315919 0.361529 0.159857
9.99369E-05 9.99369E-05 0.00215314 9.99369E-05 9.99369E-05 9.99369E-05 9.99369E-05 9.99369E-05 0.0489352 0.908347 0.0398651
9.99102E-05 9.99102E-05 9.99102E-05 9.99102E-05 9.99102E-05 9.99102E-05 9.99102E-05 0.999001 9.99102E-05 9.99102E-05 9.99102E-05
9.99101E-05 9.99101E-05 9.99101E-05 9.99101E-05 9.99101E-05 9.99101E-05 9.99101E-05 0.999001 9.99101E-05 9.99101E-05 9.99101E-05
9.99459E-05 0.744886 0.0736076 9.99459E-05 9.99459E-05 9.99459E-05 0.110742 9.99459E-05 0.0117122 9.99459E-05 0.0584532
9.9928E-05 0.00378204 9.9928E-05 0.0854664 9.9928E-05 9.9928E-05 9.9928E-05 0.909952 9.9928E-05 9.9928E-05 9.9928E-05
9.9928E-05 9.9928E-05 9.9928E-05 0.0926723 0.0148065 9.9928E-05 9.9928E-05 0.891722 9.9928E-05 9.9928E-05 9.9928E-05
0.168997 0.044517 9.99731E-05 0.137234 9.99731E-05 0.0289611 0.0218658 0.570467 9.99731E-05 0.0135405 0.0141177
0.404661 9.99639E-05 0.00414715 0.0601073 9.99639E-05 0.0183102 9.99639E-05 0.450741 0.0196127 9.99639E-05 0.0420205
9.99102E-05 9.99102E-05 9.99102E-05 9.99102E-05 9.99102E-05 0.999001 9.99102E-05 9.99102E-05 9.99102E-05 9.99102E-05 9.99102E-05
0.170834 9.99191E-05 9.99191E-05 9.99191E-05 9.99191E-05 9.99191E-05 9.99191E-05 0.828267 9.99191E-05 9.99191E-05 9.99191E-05
0.227997 9.99281E-05 9.99281E-05 0.753649 9.99281E-05 0.0175542 9.99281E-05 9.99281E-05 9.99281E-05 9.99281E-05 9.99281E-05
0.0304184 0.462674 0.00665544 9.99548E-05 9.99548E-05 9.99548E-05 0.0577809 9.99548E-05 0.351454 9.99548E-05 0.0905181
0.0301246 0.00129888 9.99549E-05 9.99549E-05 0.0256736 9.99549E-05 0.00209146 0.930087 0.0102244 9.99549E-05 9.99549E-05
0.0318826 9.9919E-05 9.9919E-05 9.9919E-05 9.9919E-05 9.9919E-05 0.967218 9.9919E-05 9.9919E-05 9.9919E-05 9.9919E-05
0.0398275 9.99549E-05 0.650873 9.99549E-05 9.99549E-05 0.208671 0.0874151 0.00238893 9.99549E-05 0.0103241 9.99549E-05
0.0105633 9.99188E-05 9.99188E-05 9.99188E-05 9.99188E-05 9.99188E-05 9.99188E-05 9.99188E-05 0.988537 9.99188E-05 9.99188E-05
9.994E-05 9.994E-05 0.241974 9.994E-05 0.333077 9.994E-05 0.201984 0.068844 0.153521 9.994E-05 9.994E-05
9.99639E-05 9.99639E-05 0.290808 9.99639E-05 0.28832 0.00831015 0.281152 0.0419914 0.0836426 0.00537511 9.99639E-05
9.99279E-05 9.99279E-05 0.918286 9.99279E-05 0.0236539 9.99279E-05 0.0572603 9.99279E-05 9.99279E-05 9.99279E-05 9.99279E-05
9.99281E-05 0.0461113 9.99281E-05 9.99281E-05 0.938576 9.99281E-05 0.0145135 9.99281E-05 9.99281E-05 9.99281E-05 9.99281E-05
9.9946E-05 0.0379884 0.907113 0.0052183 9.9946E-05 9.9946E-05 0.0471495 9.9946E-05 0.00193079 9.9946E-05 9.9946E-05
9.9964E-05 0.145034 0.469094 9.9964E-05 0.0667806 0.0330462 0.0466991 9.9964E-05 9.9964E-05 0.124607 0.114339
9.9964E-05 9.9964E-05 0.544001 9.9964E-05 0.150523 0.0113124 0.151832 0.0629842 0.0408423 0.038105 9.9964E-05
9.995E-05 0.117574 0.270516 0.0529707 9.995E-05 9.995E-05 0.179955 0.0799054 0.298579 9.995E-05 9.995E-05
9.99284E-05 9.99284E-05 9.99284E-05 9.99284E-05 9.99284E-05 0.00321846 0.981704 9.99284E-05 9.99284E-05 0.0142784 9.99284E-05
9.99101E-05 9.99101E-05 9.99101E-05 0.999001 9.99101E-05 9.99101E-05 9.99101E-05 9.99101E-05 9.99101E-05 9.99101E-05 9.99101E-05
9.99101E-05 9.99101E-05 9.99101E-05 0.999001 9.99101E-05 9.99101E-05 9.99101E-05 9.99101E-05 9.99101E-05 9.99101E-05 9.99101E-05
9.99191E-05 9.99191E-05 9.99191E-05 0.9978 9.99191E-05 9.99191E-05 9.99191E-05 9.99191E-05 9.99191E-05 0.00130064 9.99191E-05
9.99191E-05 9.99191E-05 9.99191E-05 0.990566 9.99191E-05 9.99191E-05 0.00853496 9.99191E-05 9.99191E-05 9.99191E-05 9.99191E-05
9.99101E-05 9.99101E-05 9.99101E-05 0.999001 9.99101E-05 9.99101E-05 9.99101E-05 9.99101E-05 9.99101E-05 9.99101E-05 9.99101E-05
0.341449 9.99551E-05 0.101819 0.412418 9.99551E-05 9.99551E-05 9.99551E-05 0.114141 0.00887376 0.0208 9.99551E-05
9.9928E-05 9.9928E-05 9.9928E-05 0.915691 0.0161961 0.0673132 9.9928E-05 9.9928E-05 9.9928E-05 9.9928E-05 9.9928E-05
9.99279E-05 0.0082111 9.99279E-05 9.99279E-05 0.202168 9.99279E-05 0.788821 9.99279E-05 9.99279E-05 9.99279E-05 9.99279E-05
9.99279E-05 9.99279E-05 9.99279E-05 0.0455958 0.0150353 0.938569 9.99279E-05 9.99279E-05 9.99279E-05 9.99279E-05 9.99279E-05
9.9919E-05 9.9919E-05 9.9919E-05 9.9919E-05 9.9919E-05 9.9919E-05 9.9919E-05 0.985722 0.013379 9.9919E-05 9.9919E-05
9.994E-05 0.76375 9.994E-05 0.00577883 0.111778 9.994E-05 0.0776742 9.994E-05 9.994E-05 9.994E-05 0.0404193
9.99282E-05 0.0847663 9.99282E-05 9.99282E-05 0.888402 9.99282E-05 0.0260325 9.99282E-05 9.99282E-05 9.99282E-05 9.99282E-05
0.0108242 0.988277 9.99193E-05 9.99193E-05 9.99193E-05 9.99193E-05 9.99193E-05 9.99193E-05 9.99193E-05 9.99193E-05 9.99193E-05
9.99189E-05 0.882807 0.116294 9.99189E-05 9.99189E-05 9.99189E-05 9.99189E-05 9.99189E-05 9.99189E-05 9.99189E-05 9.99189E-05
9.993E-05 0.819081 0.0671261 9.993E-05 9.993E-05 9.993E-05 9.993E-05 9.993E-05 0.0368643 9.993E-05 0.0762288
9.99282E-05 9.99282E-05 9.99282E-05 0.0103927 9.99282E-05 9.99282E-05 0.0881208 9.99282E-05 9.99282E-05 0.900687 9.99282E-05
0.0250977 9.99193E-05 9.99193E-05 9.99193E-05 9.99193E-05 9.99193E-05 9.99193E-05 0.974003 9.99193E-05 9.99193E-05 9.99193E-05
9.9973E-05 0.226203 0.129335 0.0790349 0.0623049 0.095309 9.9973E-05 0.32262 9.9973E-05 0.0432529 0.0416405
0.0448552 0.0138739 9.99462E-05 0.000466634 0.0187565 9.99462E-05 9.99462E-05 0.921448 9.99462E-05 9.99462E-05 9.99462E-05
0.00663288 9.9937E-05 9.9937E-05 0.0140242 9.9937E-05 9.9937E-05 9.9937E-05 0.918204 0.0604393 9.9937E-05 9.9937E-05
0.0368417 9.9937E-05 9.9937E-05 0.0247574 0.0365198 9.9937E-05 9.9937E-05 0.901182 9.9937E-05 9.9937E-05 9.9937E-05
0.00312501 9.99551E-05 9.99551E-05 0.0175147 0.038319 0.0252722 9.99551E-05 0.912646 9.99551E-05 0.00262375 9.99551E-05
0.0921341 9.99551E-05 0.0468201 9.99551E-05 9.99551E-05 0.0127091 0.00326054 0.813506 0.0310705 9.99551E-05 9.99551E-05
0.00967143 9.99459E-05 9.99459E-05 0.0117448 0.0115214 9.99459E-05 9.99459E-05 0.948245 0.0182177 9.99459E-05 9.99459E-05
0.967335 9.99278E-05 9.99278E-05 0.0169604 9.99278E-05 9.99278E-05 9.99278E-05 9.99278E-05 0.0149047 9.99278E-05 9.99278E-05
0.969885 0.0292162 9.99189E-05 9.99189E-05 9.99189E-05 9.99189E-05 9.99189E-05 9.99189E-05 9.99189E-05 9.99189E-05 9.99189E-05
9.99371E-05 9.99371E-05 0.0166075 0.0177833 0.00876313 9.99371E-05 9.99371E-05 0.956146 9.99371E-05 9.99371E-05 9.99371E-05
9.9946E-05 9.9946E-05 9.9946E-05 0.00111204 0.976144 0.00975715 9.9946E-05 0.00152623 9.9946E-05 9.9946E-05 0.0108613
0.0188721 9.99189E-05 9.99189E-05 9.99189E-05 0.980229 9.99189E-05 9.99189E-05 9.99189E-05 9.99189E-05 9.99189E-05 9.99189E-05
9.99102E-05 9.99102E-05 9.99102E-05 9.99102E-05 9.99102E-05 9.99102E-05 9.99102E-05 9.99102E-05 9.99102E-05 9.99102E-05 0.999001
9.99101E-05 9.99101E-05 9.99101E-05 9.99101E-05 9.99101E-05 9.99101E-05 9.99101E-05 9.99101E-05 9.99101E-05 9.99101E-05 0.999001
9.99459E-05 0.0189022 0.825264 9.99459E-05 0.0770642 0.0618615 9.99459E-05 0.0163084 9.99459E-05 9.99459E-05 9.99459E-05
9.99369E-05 0.0844238 0.7967 9.99369E-05 0.0878674 0.030309 9.99369E-05 9.99369E-05 9.99369E-05 9.99369E-05 9.99369E-05
9.99191E-05 9.99191E-05 9.99191E-05 9.99191E-05 0.0282601 9.99191E-05 9.99191E-05 9.99191E-05 9.99191E-05 9.99191E-05 0.970841
9.99101E-05 9.99101E-05 9.99101E-05 9.99101E-05 9.99101E-05 9.99101E-05 9.99101E-05 9.99101E-05 9.99101E-05 9.99101E-05 0.999001
9.9937E-05 0.0227295 9.9937E-05 0.0265006 0.0041264 9.9937E-05 0.945944 9.9937E-05 9.9937E-05 9.9937E-05 9.9937E-05
9.9946E-05 0.14365 0.142917 9.9946E-05 0.583792 0.0636322 9.9946E-05 9.9946E-05 9.9946E-05 0.0654094 9.9946E-05
9.9928E-05 9.9928E-05 0.0111786 0.0797161 9.9928E-05 0.908306 9.9928E-05 9.9928E-05 9.9928E-05 9.9928E-05 9.9928E-05
9.99552E-05 0.208433 0.234657 9.99552E-05 9.99552E-05 9.99552E-05 9.99552E-05 0.0197697 0.420517 0.0617039 0.0544186
9.99551E-05 0.193934 9.99551E-05 9.99551E-05 0.00388019 9.99551E-05 0.149542 9.99551E-05 0.546701 0.0190802 0.0863633
0.50105 9.9946E-05 9.9946E-05 0.0388379 9.9946E-05 9.9946E-05 9.9946E-05 0.385074 9.9946E-05 0.0320383 0.0424009
