9.99279E-05 9.99279E-05 9.99279E-05 9.99279E-05 0.000461854 0.941285 9.99279E-05 9.99279E-05 0.0574535 9.99279E-05 9.99279E-05
9.99639E-05 0.0921663 9.99639E-05 0.174605 9.99639E-05 0.18935 0.0895554 9.99639E-05 0.00803602 0.230382 0.215504
0.088984 9.99465E-05 9.99465E-05 9.99465E-05 0.024147 9.99465E-05 0.175876 0.0363398 9.99465E-05 0.674053 9.99465E-05
9.99281E-05 0.01248 9.99281E-05 9.99281E-05 0.0316521 9.99281E-05 9.99281E-05 9.99281E-05 9.99281E-05 0.955068 9.99281E-05
9.99641E-05 9.99641E-05 0.0264662 0.0436839 9.99641E-05 0.00838279 0.330825 9.99641E-05 0.209119 0.280973 0.10015
9.9955E-05 0.00326726 0.040563 9.9955E-05 0.00730975 9.9955E-05 0.00296858 9.9955E-05 0.00857173 0.93682 9.9955E-05
0.00388198 9.99282E-05 9.99282E-05 9.99282E-05 9.99282E-05 9.99282E-05 0.17523 9.99282E-05 9.99282E-05 9.99282E-05 0.820089
9.99459E-05 9.99459E-05 9.99459E-05 0.0765576 0.00206137 9.99459E-05 0.722142 9.99459E-05 0.126456 0.0721831 9.99459E-05
9.9928E-05 9.9928E-05 9.9928E-05 0.00772188 9.9928E-05 9.9928E-05 0.186895 9.9928E-05 9.9928E-05 9.9928E-05 0.804584
9.99193E-05 9.99193E-05 9.99193E-05 9.99193E-05 9.99193E-05 9.99193E-05 0.00551401 9.99193E-05 0.993587 9.99193E-05 9.99193E-05
9.99102E-05 9.99102E-05 9.99102E-05 9.99102E-05 9.99102E-05 9.99102E-05 9.99102E-05 9.99102E-05 0.999001 9.99102E-05 9.99102E-05
0.163653 9.9955E-05 0.00559901 9.9955E-05 0.108763 0.645642 0.0171563 9.9955E-05 9.9955E-05 0.0586867 9.9955E-05
0.948169 9.99282E-05 0.0127604 9.99282E-05 9.99282E-05 9.99282E-05 0.0382711 9.99282E-05 9.99282E-05 9.99282E-05 9.99282E-05
9.9946E-05 0.0197201 0.0502308 9.9946E-05 9.9946E-05 0.0172345 9.9946E-05 0.000740256 9.9946E-05 0.911475 9.9946E-05
9.99281E-05 9.99281E-05 9.99281E-05 9.99281E-05 9.99281E-05 0.0549592 9.99281E-05 9.99281E-05 0.0144505 0.929791 9.99281E-05
0.126671 9.99458E-05 0.162939 9.99458E-05 9.99458E-05 0.0821872 9.99458E-05 9.99458E-05 0.0611949 9.99458E-05 0.566408
0.0123503 0.968395 9.99279E-05 9.99279E-05 9.99279E-05 9.99279E-05 9.99279E-05 9.99279E-05 0.0184552 9.99279E-05 9.99279E-05
9.99549E-05 0.029895 9.99549E-05 0.049069 9.99549E-05 0.0294733 9.99549E-05 0.720206 0.133655 9.99549E-05 0.0372014
9.9919E-05 9.9919E-05 9.9919E-05 9.9919E-05 0.0766301 9.9919E-05 9.9919E-05 0.922471 9.9919E-05 9.9919E-05 9.9919E-05
9.99548E-05 0.0201301 0.253158 9.99548E-05 0.00104734 0.162447 9.99548E-05 9.99548E-05 0.417178 9.99548E-05 0.14554
9.9919E-05 9.9919E-05 9.9919E-05 9.9919E-05 9.9919E-05 9.9919E-05 0.0159023 0.983198 9.9919E-05 9.9919E-05 9.9919E-05
0.0640352 0.108086 9.99549E-05 9.99549E-05 0.0114105 0.57802 9.99549E-05 9.99549E-05 0.124122 9.99549E-05 0.113826
9.9937E-05 0.409732 9.9937E-05 9.9937E-05 0.153449 9.9937E-05 9.9937E-05 0.331882 0.104236 9.9937E-05 9.9937E-05
9.99279E-05 9.99279E-05 0.104513 9.99279E-05 0.00868647 9.99279E-05 9.99279E-05 0.886001 9.99279E-05 9.99279E-05 9.99279E-05
9.99192E-05 9.99192E-05 9.99192E-05 0.010521 9.99192E-05 9.99192E-05 9.99192E-05 9.99192E-05 9.99192E-05 0.98858 9.99192E-05
9.99191E-05 9.99191E-05 9.99191E-05 0.00352335 9.99191E-05 9.99191E-05 9.99191E-05 9.99191E-05 9.99191E-05 0.995577 9.99191E-05
0.794729 0.0472724 9.99459E-05 9.99459E-05 0.0253843 0.0701938 9.99459E-05 9.99459E-05 0.0618205 9.99459E-05 9.99459E-05
9.9937E-05 9.9937E-05 9.9937E-05 0.080729 9.9937E-05 9.9937E-05 0.0148969 9.9937E-05 9.9937E-05 0.895589 0.00808549
9.9928E-05 9.9928E-05 9.9928E-05 0.0630373 9.9928E-05 9.9928E-05 9.9928E-05 9.9928E-05 9.9928E-05 0.86897 0.0671931
9.99551E-05 0.00942046 0.001247 0.146946 9.99551E-05 9.99551E-05 0.247101 0.0381498 9.99551E-05 0.556636 9.99551E-05
9.99549E-05 0.00944576 0.0531545 0.0404505 0.0151856 9.99549E-05 0.495051 9.99549E-05 9.99549E-05 0.386212 9.99549E-05
9.99372E-05 9.99372E-05 9.99372E-05 0.37239 9.99372E-05 0.155967 0.209844 9.99372E-05 9.99372E-05 9.99372E-05 0.2611
9.99281E-05 0.0105685 9.99281E-05 9.99281E-05 9.99281E-05 9.99281E-05 0.143765 9.99281E-05 9.99281E-05 0.844867 9.99281E-05
9.99281E-05 9.99281E-05 9.99281E-05 0.71754 9.99281E-05 9.99281E-05 0.281079 9.99281E-05 0.000581323 9.99281E-05 9.99281E-05
0.525849 0.234613 0.0685878 9.99638E-05 0.0676577 0.0246021 0.0446767 9.99638E-05 9.99638E-05 0.0336135 9.99638E-05
9.99368E-05 9.99368E-05 0.0551758 9.99368E-05 9.99368E-05 9.99368E-05 0.0708361 9.99368E-05 9.99368E-05 0.858002 0.0152866
9.9928E-05 9.9928E-05 0.00685181 9.9928E-05 9.9928E-05 0.948348 0.0440009 9.9928E-05 9.9928E-05 9.9928E-05 9.9928E-05
9.9964E-05 0.0453616 9.9964E-05 0.0560023 9.9964E-05 0.129434 0.076863 0.00109342 0.667184 0.0236617 9.9964E-05
9.99101E-05 0.999001 9.99101E-05 9.99101E-05 9.99101E-05 9.99101E-05 9.99101E-05 9.99101E-05 9.99101E-05 9.99101E-05 9.99101E-05
9.99458E-05 0.173333 9.99458E-05 9.99458E-05 9.99458E-05 0.308744 9.99458E-05 9.99458E-05 0.325538 0.0850613 0.106724
9.99458E-05 0.116799 9.99458E-05 9.99458E-05 9.99458E-05 0.356824 9.99458E-05 9.99458E-05 0.341807 0.081954 0.102016
0.00766413 0.0387679 0.0425472 9.99459E-05 9.99459E-05 0.028221 9.99459E-05 9.99459E-05 0.8822 9.99459E-05 9.99459E-05
0.0529116 0.031825 9.99549E-05 9.99549E-05 9.99549E-05 0.111655 9.99549E-05 0.000491603 0.106539 9.99549E-05 0.696077
0.00447303 9.99369E-05 0.126959 9.99369E-05 9.99369E-05 0.00840679 9.99369E-05 9.99369E-05 0.859461 9.99369E-05 9.99369E-05
0.134832 9.9973E-05 0.185788 0.0127202 0.102198 0.0871832 9.9973E-05 0.0767851 0.381218 9.9973E-05 0.0189742
0.0542365 9.9982E-05 0.178973 0.00923492 9.9982E-05 0.122852 0.037027 0.020639 0.518996 0.0401049 0.0177368
0.120019 0.0869575 0.266299 0.0481879 9.9964E-05 0.183795 9.9964E-05 9.9964E-05 0.191914 0.102428 9.9964E-05
9.99195E-05 9.99195E-05 9.99195E-05 9.99195E-05 9.99195E-05 0.991839 9.99195E-05 0.00726146 9.99195E-05 9.99195E-05 9.99195E-05
9.99101E-05 9.99101E-05 9.99101E-05 0.999001 9.99101E-05 9.99101E-05 9.99101E-05 9.99101E-05 9.99101E-05 9.99101E-05 9.99101E-05
9.9928E-05 9.9928E-05 9.9928E-05 0.98659 9.9928E-05 9.9928E-05 9.9928E-05 0.00593483 9.9928E-05 0.00667581 9.9928E-05
9.99191E-05 9.99191E-05 9.99191E-05 0.990418 9.99191E-05 9.99191E-05 9.99191E-05 9.99191E-05 9.99191E-05 9.99191E-05 0.00868241
9.99101E-05 9.99101E-05 9.99101E-05 0.999001 9.99101E-05 9.99101E-05 9.99101E-05 9.99101E-05 9.99101E-05 9.99101E-05 9.99101E-05
9.99101E-05 9.99101E-05 9.99101E-05 0.999001 9.99101E-05 9.99101E-05 9.99101E-05 9.99101E-05 9.99101E-05 9.99101E-05 9.99101E-05
0.0105952 0.00220674 9.99731E-05 0.408048 9.99731E-05 9.99731E-05 0.332 0.0231515 0.0834486 0.0631691 0.0770815
9.99191E-05 9.99191E-05 9.99191E-05 0.969837 9.99191E-05 0.029264 9.99191E-05 9.99191E-05 9.99191E-05 9.99191E-05 9.99191E-05
9.99278E-05 9.99278E-05 0.0584248 9.99278E-05 9.99278E-05 0.804458 9.99278E-05 9.99278E-05 9.99278E-05 9.99278E-05 0.136318
9.995E-05 9.995E-05 9.995E-05 0.331739 0.0175402 0.152218 0.159921 9.995E-05 9.995E-05 0.0424059 0.295677
9.99279E-05 0.00462466 0.0160139 9.99279E-05 9.99279E-05 9.99279E-05 9.99279E-05 9.99279E-05 9.99279E-05 0.978562 9.99279E-05
0.867154 0.00152356 9.9946E-05 9.9946E-05 0.0188628 0.0363322 9.9946E-05 9.9946E-05 9.9946E-05 9.9946E-05 0.0755279
0.052468 9.99369E-05 0.192272 9.99369E-05 9.99369E-05 0.12536 9.99369E-05 9.99369E-05 9.99369E-05 9.99369E-05 0.629201
0.999001 9.99103E-05 9.99103E-05 9.99103E-05 9.99103E-05 9.99103E-05 9.99103E-05 9.99103E-05 9.99103E-05 9.99103E-05 9.99103E-05
0.914194 9.99279E-05 9.99279E-05 9.99279E-05 9.99279E-05 9.99279E-05 9.99279E-05 9.99279E-05 0.0823241 0.00268235 9.99279E-05
0.845194 0.00734495 0.0656293 9.99459E-05 0.0229519 9.99459E-05 9.99459E-05 9.99459E-05 0.0582804 9.99459E-05 9.99459E-05
9.99283E-05 9.99283E-05 9.99283E-05 9.99283E-05 9.99283E-05 0.0719432 9.99283E-05 0.917868 0.00938903 9.99283E-05 9.99283E-05
9.99104E-05 9.99104E-05 9.99104E-05 9.99104E-05 9.99104E-05 9.99104E-05 9.99104E-05 9.99104E-05 9.99104E-05 0.999001 9.99104E-05
9.9973E-05 0.0701075 9.9973E-05 0.111667 0.0743449 0.123648 0.070533 0.0816053 0.211303 0.256492 9.9973E-05
0.0154711 9.99373E-05 9.99373E-05 9.99373E-05 9.99373E-05 9.99373E-05 0.0482168 9.99373E-05 9.99373E-05 0.92528 0.0103324
9.99459E-05 0.0571192 9.99459E-05 0.00437706 9.99459E-05 0.0356605 0.0582379 9.99459E-05 9.99459E-05 0.844006 9.99459E-05
0.0114344 9.9946E-05 9.9946E-05 0.0563895 9.9946E-05 9.9946E-05 0.0404301 9.9946E-05 9.9946E-05 0.851909 0.0392373
9.99461E-05 9.99461E-05 9.99461E-05 0.0582474 9.99461E-05 9.99461E-05 0.00959184 0.0091935 9.99461E-05 0.874694 0.0476731
9.99371E-05 9.99371E-05 9.99371E-05 9.99371E-05 9.99371E-05 0.0343761 0.126983 9.99371E-05 0.0492537 0.788687 9.99371E-05
9.9937E-05 0.0236157 0.00401831 9.9937E-05 9.9937E-05 9.9937E-05 0.0159005 9.9937E-05 9.9937E-05 0.955766 9.9937E-05
9.99101E-05 9.99101E-05 9.99101E-05 9.99101E-05 9.99101E-05 9.99101E-05 0.999001 9.99101E-05 9.99101E-05 9.99101E-05 9.99101E-05
0.0508025 9.9919E-05 9.9919E-05 9.9919E-05 9.9919E-05 9.9919E-05 0.948298 9.9919E-05 9.9919E-05 9.9919E-05 9.9919E-05
9.99371E-05 9.99371E-05 9.99371E-05 0.039218 0.0219215 0.0117145 9.99371E-05 9.99371E-05 9.99371E-05 0.926447 9.99371E-05
9.99367E-05 0.11159 9.99367E-05 9.99367E-05 0.0530973 0.0567872 9.99367E-05 9.99367E-05 9.99367E-05 9.99367E-05 0.777826
9.99458E-05 0.0411327 9.99458E-05 9.99458E-05 0.0544274 0.0715177 9.99458E-05 9.99458E-05 0.0130902 9.99458E-05 0.819232
9.99101E-05 9.99101E-05 9.99101E-05 9.99101E-05 0.999001 9.99101E-05 9.99101E-05 9.99101E-05 9.99101E-05 9.99101E-05 9.99101E-05
9.99102E-05 9.99102E-05 9.99102E-05 9.99102E-05 0.999001 9.99102E-05 9.99102E-05 9.99102E-05 9.99102E-05 9.99102E-05 9.99102E-05
0.0388478 9.9946E-05 9.9946E-05 9.9946E-05 9.9946E-05 0.0343175 9.9946E-05 9.9946E-05 0.889475 0.0179719 0.0187883
0.0703367 9.9946E-05 9.9946E-05 0.000314779 9.9946E-05 0.0228901 9.9946E-05 9.9946E-05 0.902046 9.9946E-05 0.00381322
9.99281E-05 9.99281E-05 9.99281E-05 9.99281E-05 0.971971 9.99281E-05 0.0192098 9.99281E-05 0.00801953 9.99281E-05 9.99281E-05
9.99101E-05 9.99101E-05 9.99101E-05 9.99101E-05 0.999001 9.99101E-05 9.99101E-05 9.99101E-05 9.99101E-05 9.99101E-05 9.99101E-05
0.0454947 9.99279E-05 9.99279E-05 0.0166214 9.99279E-05 0.937084 9.99279E-05 9.99279E-05 9.99279E-05 9.99279E-05 9.99279E-05
0.161826 9.99459E-05 9.99459E-05 9.99459E-05 9.99459E-05 0.100007 9.99459E-05 0.0694385 0.241844 9.99459E-05 0.426285
9.99369E-05 9.99369E-05 9.99369E-05 0.41497 9.99369E-05 0.111546 0.157226 9.99369E-05 9.99369E-05 9.99369E-05 0.315558
9.99101E-05 9.99101E-05 0.999001 9.99101E-05 9.99101E-05 9.99101E-05 9.99101E-05 9.99101E-05 9.99101E-05 9.99101E-05 9.99101E-05
0.00563993 0.0393677 0.895491 9.9937E-05 9.9937E-05 0.0588022 9.9937E-05 9.9937E-05 9.9937E-05 9.9937E-05 9.9937E-05
9.9955E-05 9.9955E-05 9.9955E-05 0.0752074 0.0304218 9.9955E-05 0.569267 0.0352847 9.9955E-05 0.279257 0.0100618
