9.99099E-05 9.99099E-05 9.99099E-05 0.0240388 9.99099E-05 9.99099E-05 9.99099E-05 9.99099E-05 9.99099E-05 9.99099E-05 0.957318 9.99099E-05 0.017644
9.99459E-05 0.729448 9.99459E-05 0.0124941 9.99459E-05 9.99459E-05 0.0179683 9.99459E-05 0.0634721 0.125097 0.038478 9.99459E-05 0.0124432
9.99465E-05 9.99465E-05 0.0883559 9.99465E-05 0.0229905 0.0110164 9.99465E-05 0.00943545 9.99465E-05 0.518426 9.99465E-05 0.291705 0.0574708
9.9919E-05 9.9919E-05 9.9919E-05 9.9919E-05 9.9919E-05 9.9919E-05 0.0118061 0.0135835 9.9919E-05 0.914936 9.9919E-05 0.0587755 9.9919E-05
9.99371E-05 0.117988 0.243118 0.0512833 9.99371E-05 9.99371E-05 9.99371E-05 0.0934219 0.101727 0.391762 9.99371E-05 9.99371E-05 9.99371E-05
0.00377059 9.991E-05 9.991E-05 9.991E-05 9.991E-05 9.991E-05 9.991E-05 9.991E-05 0.0163802 0.97885 9.991E-05 9.991E-05 9.991E-05
9.99008E-05 9.99008E-05 0.980597 9.99008E-05 0.0183045 9.99008E-05 9.99008E-05 9.99008E-05 9.99008E-05 9.99008E-05 9.99008E-05 9.99008E-05 9.99008E-05
9.9955E-05 0.099495 0.164596 0.107711 9.9955E-05 9.9955E-05 9.9955E-05 0.199339 0.000520198 0.029154 9.9955E-05 0.389415 0.00927087
9.99098E-05 0.0597667 0.902631 9.99098E-05 9.99098E-05 9.99098E-05 0.0366028 9.99098E-05 9.99098E-05 9.99098E-05 9.99098E-05 9.99098E-05 9.99098E-05
9.9901E-05 9.9901E-05 0.134851 0.86405 9.9901E-05 9.9901E-05 9.9901E-05 9.9901E-05 9.9901E-05 9.9901E-05 9.9901E-05 9.9901E-05 9.9901E-05
9.99011E-05 9.99011E-05 0.108115 0.890786 9.99011E-05 9.99011E-05 9.99011E-05 9.99011E-05 9.99011E-05 9.99011E-05 9.99011E-05 9.99011E-05 9.99011E-05
9.9928E-05 9.9928E-05 9.9928E-05 9.9928E-05 0.163819 9.9928E-05 9.9928E-05 9.9928E-05 9.9928E-05 0.0266728 0.675866 0.011561 0.121283
9.99102E-05 9.99102E-05 0.0370544 9.99102E-05 0.940989 9.99102E-05 9.99102E-05 9.99102E-05 9.99102E-05 9.99102E-05 9.99102E-05 0.0209579 9.99102E-05
9.9919E-05 0.0243129 9.9919E-05 9.9919E-05 9.9919E-05 0.0180332 9.9919E-05 9.9919E-05 9.9919E-05 0.952649 0.00410564 9.9919E-05 9.9919E-05
9.991E-05 9.991E-05 9.991E-05 9.991E-05 9.991E-05 0.00235362 9.991E-05 9.991E-05 9.991E-05 0.97646 0.0201876 9.991E-05 9.991E-05
9.99101E-05 9.99101E-05 9.99101E-05 9.99101E-05 0.129483 9.99101E-05 0.868587 9.99101E-05 0.0009305 9.99101E-05 9.99101E-05 9.99101E-05 9.99101E-05
9.99008E-05 9.99008E-05 9.99008E-05 0.0691127 9.99008E-05 9.99008E-05 9.99008E-05 9.99008E-05 0.929788 9.99008E-05 9.99008E-05 9.99008E-05 9.99008E-05
9.99368E-05 0.0254522 9.99368E-05 0.0720302 9.99368E-05 0.768788 0.0270038 0.0567663 9.99368E-05 9.99368E-05 0.04926 9.99368E-05 9.99368E-05
0.786163 9.991E-05 9.991E-05 9.991E-05 9.991E-05 0.134612 9.991E-05 9.991E-05 9.991E-05 9.991E-05 9.991E-05 9.991E-05 0.0782258
9.99279E-05 9.99279E-05 9.99279E-05 0.392807 9.99279E-05 9.99279E-05 0.373555 9.99279E-05 0.116295 9.99279E-05 0.0734955 9.99279E-05 0.0430477
0.0817763 9.9901E-05 9.9901E-05 9.9901E-05 9.9901E-05 0.917125 9.9901E-05 9.9901E-05 9.9901E-05 9.9901E-05 9.9901E-05 9.9901E-05 9.9901E-05
9.99369E-05 9.99369E-05 9.99369E-05 0.0678762 0.0306175 9.99369E-05 0.299344 0.00907544 0.0915628 9.99369E-05 0.500824 9.99369E-05 9.99369E-05
9.99279E-05 9.99279E-05 9.99279E-05 0.0710384 9.99279E-05 0.494013 9.99279E-05 0.0248118 0.257579 9.99279E-05 9.99279E-05 9.99279E-05 0.151758
9.991E-05 9.991E-05 9.991E-05 9.991E-05 9.991E-05 0.932959 9.991E-05 9.991E-05 0.0275324 9.991E-05 9.991E-05 9.991E-05 0.0385091
9.99011E-05 9.99011E-05 9.99011E-05 9.99011E-05 9.99011E-05 9.99011E-05 9.99011E-05 9.99011E-05 9.99011E-05 0.374434 9.99011E-05 0.624468 9.99011E-05
9.9901E-05 9.9901E-05 9.9901E-05 9.9901E-05 9.9901E-05 9.9901E-05 9.9901E-05 9.9901E-05 9.9901E-05 0.770143 9.9901E-05 0.228758 9.9901E-05
9.99188E-05 9.99188E-05 9.99188E-05 0.0805526 0.791686 9.99188E-05 9.99188E-05 9.99188E-05 9.99188E-05 9.99188E-05 0.0818178 9.99188E-05 0.0450445
9.98919E-05 9.98919E-05 9.98919E-05 9.98919E-05 9.98919E-05 9.98919E-05 9.98919E-05 9.98919E-05 9.98919E-05 9.98919E-05 9.98919E-05 0.998801 9.98919E-05
9.99009E-05 9.99009E-05 9.99009E-05 9.99009E-05 9.99009E-05 9.99009E-05 0.00864009 9.99009E-05 9.99009E-05 9.99009E-05 9.99009E-05 0.990261 9.99009E-05
0.0231084 0.00902622 9.99551E-05 9.99551E-05 0.0197656 9.99551E-05 9.99551E-05 0.196704 0.0164237 0.37087 9.99551E-05 0.355471 0.00813095
9.9946E-05 9.9946E-05 0.101476 0.00438229 9.9946E-05 9.9946E-05 9.9946E-05 0.165811 0.0404717 0.397117 9.9946E-05 0.279552 0.0105902
9.98923E-05 0.998801 9.98923E-05 9.98923E-05 9.98923E-05 9.98923E-05 9.98923E-05 9.98923E-05 9.98923E-05 9.98923E-05 9.98923E-05 9.98923E-05 9.98923E-05
9.99011E-05 9.99011E-05 9.99011E-05 9.99011E-05 9.99011E-05 9.99011E-05 9.99011E-05 9.99011E-05 9.99011E-05 0.521574 9.99011E-05 0.477327 9.99011E-05
9.99282E-05 0.0133469 0.0400107 0.0235623 9.99282E-05 9.99282E-05 9.99282E-05 0.744946 9.99282E-05 9.99282E-05 9.99282E-05 0.177335 9.99282E-05
9.99458E-05 9.99458E-05 9.99458E-05 0.039787 0.496848 9.99458E-05 9.99458E-05 0.000889734 0.320524 9.99458E-05 0.0292499 0.023331 0.0887708
9.99278E-05 9.99278E-05 9.99278E-05 9.99278E-05 0.00538244 9.99278E-05 9.99278E-05 9.99278E-05 0.00585575 0.384152 0.0224006 0.58141 9.99278E-05
9.991E-05 9.991E-05 9.991E-05 9.991E-05 9.991E-05 9.991E-05 9.991E-05 9.991E-05 0.0207286 9.991E-05 0.957054 0.021218 9.991E-05
9.9928E-05 0.177743 9.9928E-05 0.695017 9.9928E-05 9.9928E-05 9.9928E-05 0.00672674 9.9928E-05 0.0342607 0.085453 9.9928E-05 9.9928E-05
9.99189E-05 0.00761328 0.00210158 9.99189E-05 9.99189E-05 9.99189E-05 9.99189E-05 9.99189E-05 0.978906 0.0104803 9.99189E-05 9.99189E-05 9.99189E-05
9.99278E-05 9.99278E-05 9.99278E-05 0.262821 9.99278E-05 9.99278E-05 0.235122 9.99278E-05 0.141187 0.110236 0.249834 9.99278E-05 9.99278E-05
9.99548E-05 0.0170653 9.99548E-05 0.280042 9.99548E-05 0.0223824 0.193688 9.99548E-05 0.10946 0.0800952 0.27955 9.99548E-05 0.0172176
9.9919E-05 9.9919E-05 9.9919E-05 0.932037 9.9919E-05 9.9919E-05 0.022085 9.9919E-05 0.0183907 9.9919E-05 0.0265877 9.9919E-05 9.9919E-05
9.99281E-05 9.99281E-05 0.050122 0.00674163 0.0065189 0.0222307 0.913587 9.99281E-05 9.99281E-05 9.99281E-05 9.99281E-05 9.99281E-05 9.99281E-05
9.9928E-05 9.9928E-05 9.9928E-05 0.898216 0.05511 9.9928E-05 9.9928E-05 9.9928E-05 0.0210897 9.9928E-05 0.0115696 9.9928E-05 0.0132148
9.99549E-05 0.0442943 9.99549E-05 0.393949 0.154055 0.153116 0.05625 9.99549E-05 0.0287793 9.99549E-05 0.0481511 9.99549E-05 0.120906
0.0588117 0.000226225 9.9955E-05 0.518663 0.0389024 9.9955E-05 0.139601 9.9955E-05 0.0109996 0.0826988 0.149597 9.9955E-05 9.9955E-05
9.9946E-05 9.9946E-05 0.0219372 0.230809 0.118563 9.9946E-05 9.9946E-05 0.0675195 0.331513 0.046765 0.182293 9.9946E-05 9.9946E-05
9.98927E-05 9.98927E-05 9.98927E-05 9.98927E-05 9.98927E-05 9.98927E-05 9.98927E-05 9.98927E-05 9.98927E-05 9.98927E-05 0.998801 9.98927E-05 9.98927E-05
9.9901E-05 9.9901E-05 9.9901E-05 9.9901E-05 9.9901E-05 9.9901E-05 9.9901E-05 0.988291 9.9901E-05 0.0106105 9.9901E-05 9.9901E-05 9.9901E-05
9.99101E-05 9.99101E-05 9.99101E-05 0.0111282 9.99101E-05 9.99101E-05 9.99101E-05 0.984725 9.99101E-05 9.99101E-05 9.99101E-05 0.00314746 9.99101E-05
9.99011E-05 9.99011E-05 9.99011E-05 9.99011E-05 9.99011E-05 9.99011E-05 0.00262021 0.996281 9.99011E-05 9.99011E-05 9.99011E-05 9.99011E-05 9.99011E-05
9.98921E-05 9.98921E-05 9.98921E-05 9.98921E-05 9.98921E-05 9.98921E-05 9.98921E-05 0.998801 9.98921E-05 9.98921E-05 9.98921E-05 9.98921E-05 9.98921E-05
9.9892E-05 9.9892E-05 9.9892E-05 9.9892E-05 9.9892E-05 9.9892E-05 9.9892E-05 0.998801 9.9892E-05 9.9892E-05 9.9892E-05 9.9892E-05 9.9892E-05
9.99641E-05 0.0784347 0.128083 0.058053 9.99641E-05 0.0371834 0.00480636 0.440048 0.0287577 9.99641E-05 9.99641E-05 0.214832 0.00940207
9.991E-05 0.0623156 9.991E-05 9.991E-05 9.991E-05 9.991E-05 0.00977567 0.92691 9.991E-05 9.991E-05 9.991E-05 9.991E-05 9.991E-05
9.99099E-05 9.99099E-05 9.99099E-05 9.99099E-05 0.0393801 9.99099E-05 0.192023 9.99099E-05 9.99099E-05 9.99099E-05 0.767598 9.99099E-05 9.99099E-05
9.99189E-05 0.930634 0.0338144 9.99189E-05 9.99189E-05 9.99189E-05 9.99189E-05 0.0070137 9.99189E-05 9.99189E-05 9.99189E-05 0.0276386 9.99189E-05
9.99008E-05 9.99008E-05 9.99008E-05 9.99008E-05 9.99008E-05 9.99008E-05 9.99008E-05 9.99008E-05 9.99008E-05 0.596906 9.99008E-05 0.401995 9.99008E-05
9.99191E-05 9.99191E-05 9.99191E-05 9.99191E-05 0.852932 9.99191E-05 0.098593 0.0114349 9.99191E-05 9.99191E-05 9.99191E-05 9.99191E-05 0.0361411
9.99013E-05 9.99013E-05 9.99013E-05 9.99013E-05 0.0614526 9.99013E-05 0.937449 9.99013E-05 9.99013E-05 9.99013E-05 9.99013E-05 9.99013E-05 9.99013E-05
9.99013E-05 9.99013E-05 0.064538 9.99013E-05 0.934363 9.99013E-05 9.99013E-05 9.99013E-05 9.99013E-05 9.99013E-05 9.99013E-05 9.99013E-05 9.99013E-05
9.99099E-05 9.99099E-05 9.99099E-05 0.08078 0.906405 9.99099E-05 9.99099E-05 9.99099E-05 9.99099E-05 0.0118159 9.99099E-05 9.99099E-05 9.99099E-05
9.99201E-05 9.99201E-05 9.99201E-05 0.0619108 0.872487 0.00870733 9.99201E-05 9.99201E-05 0.0234025 9.99201E-05 9.99201E-05 9.99201E-05 0.0326928
0.993495 9.9901E-05 0.00540606 9.9901E-05 9.9901E-05 9.9901E-05 9.9901E-05 9.9901E-05 9.9901E-05 9.9901E-05 9.9901E-05 9.9901E-05 9.9901E-05
9.99102E-05 9.99102E-05 9.99102E-05 9.99102E-05 9.99102E-05 9.99102E-05 9.99102E-05 9.99102E-05 9.99102E-05 0.320746 9.99102E-05 0.67734 0.000915118
9.99641E-05 0.140095 9.99641E-05 0.0725414 0.102149 0.0301919 0.0512859 0.0914623 0.0945651 9.99641E-05 9.99641E-05 0.322191 0.0951185
9.99282E-05 9.99282E-05 0.00374103 9.99282E-05 0.00531271 9.99282E-05 9.99282E-05 0.0063657 9.99282E-05 0.924718 9.99282E-05 0.0590636 9.99282E-05
9.9928E-05 9.9928E-05 0.0237257 9.9928E-05 9.9928E-05 9.9928E-05 9.9928E-05 9.9928E-05 0.00649567 0.668473 0.0175694 0.282937 9.9928E-05
9.99009E-05 9.99009E-05 9.99009E-05 9.99009E-05 9.99009E-05 9.99009E-05 0.0157799 9.99009E-05 9.99009E-05 9.99009E-05 9.99009E-05 0.983121 9.99009E-05
9.9892E-05 9.9892E-05 9.9892E-05 9.9892E-05 9.9892E-05 9.9892E-05 9.9892E-05 9.9892E-05 9.9892E-05 9.9892E-05 9.9892E-05 0.998801 9.9892E-05
9.99461E-05 0.0289622 0.00285158 0.0613556 9.99461E-05 9.99461E-05 9.99461E-05 9.99461E-05 9.99461E-05 0.670569 0.00088515 0.23329 0.00148735
9.99098E-05 9.99098E-05 9.99098E-05 9.99098E-05 9.99098E-05 9.99098E-05 9.99098E-05 9.99098E-05 0.00541619 0.517591 9.99098E-05 0.475994 9.99098E-05
9.99372E-05 0.0156569 0.209259 9.99372E-05 9.99372E-05 9.99372E-05 9.99372E-05 0.191859 0.0408138 0.015723 9.99372E-05 0.525989 9.99372E-05
0.00740046 9.99194E-05 0.345076 9.99194E-05 9.99194E-05 9.99194E-05 9.99194E-05 0.0348772 9.99194E-05 9.99194E-05 9.99194E-05 0.611747 9.99194E-05
9.99281E-05 9.99281E-05 9.99281E-05 9.99281E-05 0.0119187 9.99281E-05 0.0106388 0.0357367 9.99281E-05 0.924249 9.99281E-05 0.0166571 9.99281E-05
9.9919E-05 0.0281124 9.9919E-05 9.9919E-05 9.9919E-05 9.9919E-05 0.941462 0.00988351 9.9919E-05 9.9919E-05 9.9919E-05 0.019643 9.9919E-05
9.99009E-05 9.99009E-05 9.99009E-05 9.99009E-05 9.99009E-05 9.99009E-05 0.994992 0.00390861 9.99009E-05 9.99009E-05 9.99009E-05 9.99009E-05 9.99009E-05
9.99011E-05 9.99011E-05 9.99011E-05 0.00956208 9.99011E-05 9.99011E-05 9.99011E-05 9.99011E-05 9.99011E-05 9.99011E-05 9.99011E-05 9.99011E-05 0.989339
9.99012E-05 9.99012E-05 9.99012E-05 9.99012E-05 9.99012E-05 9.99012E-05 9.99012E-05 9.99012E-05 9.99012E-05 9.99012E-05 0.0017599 9.99012E-05 0.997141
9.99279E-05 0.0567297 9.99279E-05 0.812686 0.0304911 9.99279E-05 0.0618988 9.99279E-05 9.99279E-05 9.99279E-05 0.037395 9.99279E-05 9.99279E-05
9.99279E-05 0.0467208 9.99279E-05 0.791738 0.0364315 0.0106009 0.113709 9.99279E-05 9.99279E-05 9.99279E-05 9.99279E-05 9.99279E-05 9.99279E-05
9.99191E-05 0.00942311 0.0104002 9.99191E-05 9.99191E-05 9.99191E-05 0.00722435 9.99191E-05 9.99191E-05 9.99191E-05 9.99191E-05 9.99191E-05 0.972053
9.99011E-05 9.99011E-05 9.99011E-05 9.99011E-05 9.99011E-05 9.99011E-05 9.99011E-05 9.99011E-05 9.99011E-05 0.00237155 9.99011E-05 9.99011E-05 0.99653
9.99099E-05 9.99099E-05 9.99099E-05 9.99099E-05 0.0639315 9.99099E-05 0.01315 9.99099E-05 9.99099E-05 9.99099E-05 0.921919 9.99099E-05 9.99099E-05
9.99459E-05 0.00137791 0.0910608 0.142909 0.159434 0.0798101 0.490785 9.99459E-05 9.99459E-05 9.99459E-05 0.0340238 9.99459E-05 9.99459E-05
9.99099E-05 0.875389 0.0670047 9.99099E-05 9.99099E-05 9.99099E-05 9.99099E-05 0.0566068 9.99099E-05 9.99099E-05 9.99099E-05 9.99099E-05 9.99099E-05
0.0472284 0.000443096 9.99551E-05 0.116676 0.19312 0.0309085 9.99551E-05 0.00408694 0.585632 9.99551E-05 9.99551E-05 0.021406 9.99551E-05
9.99371E-05 9.99371E-05 9.99371E-05 9.99371E-05 0.239722 0.0117319 0.0259626 9.99371E-05 0.585554 9.99371E-05 0.0722151 9.99371E-05 0.0641152
9.99282E-05 9.99282E-05 0.146681 9.99282E-05 9.99282E-05 0.0485578 9.99282E-05 0.155154 9.99282E-05 0.218151 9.99282E-05 0.430656 9.99282E-05
