0.897794 9.99278E-05 0.00877106 9.99278E-05 9.99278E-05 9.99278E-05 0.0577257 9.99278E-05 0.0073801 9.99278E-05 0.0275298 9.99278E-05 9.99278E-05
0.0845671 9.99279E-05 0.00267549 9.99279E-05 9.99279E-05 9.99279E-05 9.99279E-05 9.99279E-05 0.699428 0.137956 0.0745743 9.99279E-05 9.99279E-05
9.98919E-05 9.98919E-05 9.98919E-05 9.98919E-05 9.98919E-05 9.98919E-05 9.98919E-05 0.998801 9.98919E-05 9.98919E-05 9.98919E-05 9.98919E-05 9.98919E-05
9.991E-05 9.991E-05 0.0212195 9.991E-05 9.991E-05 9.991E-05 9.991E-05 0.039837 9.991E-05 0.937944 9.991E-05 9.991E-05 9.991E-05
0.0215804 9.9964E-05 9.9964E-05 9.9964E-05 9.9964E-05 0.0496521 0.0338599 0.0295624 0.13001 0.348796 0.0465289 0.0749475 0.264663
9.9919E-05 9.9919E-05 9.9919E-05 9.9919E-05 9.9919E-05 9.9919E-05 9.9919E-05 0.0437822 9.9919E-05 0.931079 0.000957361 0.0232821 9.9919E-05
9.99008E-05 0.00770473 9.99008E-05 9.99008E-05 9.99008E-05 9.99008E-05 9.99008E-05 9.99008E-05 9.99008E-05 9.99008E-05 9.99008E-05 9.99008E-05 0.991196
9.994E-05 9.994E-05 0.020201 9.994E-05 9.994E-05 0.252598 0.065861 0.0798297 0.114334 0.313607 9.994E-05 9.994E-05 0.15297
9.99098E-05 9.99098E-05 9.99098E-05 0.041449 9.99098E-05 9.99098E-05 9.99098E-05 9.99098E-05 0.0194458 9.99098E-05 9.99098E-05 9.99098E-05 0.938106
9.9901E-05 9.9901E-05 9.9901E-05 9.9901E-05 9.9901E-05 9.9901E-05 0.847263 9.9901E-05 9.9901E-05 9.9901E-05 9.9901E-05 9.9901E-05 0.151638
9.9901E-05 9.9901E-05 9.9901E-05 9.9901E-05 9.9901E-05 9.9901E-05 0.851402 9.9901E-05 9.9901E-05 9.9901E-05 9.9901E-05 9.9901E-05 0.1475
0.696273 0.163988 0.128966 9.99281E-05 9.99281E-05 9.99281E-05 9.99281E-05 9.99281E-05 9.99281E-05 0.00751081 9.99281E-05 9.99281E-05 0.00246302
9.99013E-05 0.97639 9.99013E-05 9.99013E-05 9.99013E-05 9.99013E-05 9.99013E-05 9.99013E-05 9.99013E-05 9.99013E-05 9.99013E-05 9.99013E-05 0.0225108
0.00394689 9.99281E-05 9.99281E-05 9.99281E-05 0.0167406 9.99281E-05 9.99281E-05 0.012633 9.99281E-05 0.931805 9.99281E-05 0.0340747 9.99281E-05
0.03996 9.99191E-05 9.99191E-05 9.99191E-05 0.00265339 9.99191E-05 0.0145867 9.99191E-05 9.99191E-05 0.941901 9.99191E-05 9.99191E-05 9.99191E-05
9.99099E-05 0.0969699 9.99099E-05 0.787911 9.99099E-05 9.99099E-05 9.99099E-05 9.99099E-05 9.99099E-05 9.99099E-05 9.99099E-05 0.114121 9.99099E-05
9.99099E-05 9.99099E-05 9.99099E-05 0.0122481 9.99099E-05 9.99099E-05 0.00900869 9.99099E-05 9.99099E-05 9.99099E-05 0.977744 9.99099E-05 9.99099E-05
0.0510168 9.99459E-05 9.99459E-05 0.04942 0.705156 0.0135848 0.112443 0.0157316 0.0520489 9.99459E-05 9.99459E-05 9.99459E-05 9.99459E-05
9.9901E-05 9.9901E-05 0.0864206 9.9901E-05 0.91248 9.9901E-05 9.9901E-05 9.9901E-05 9.9901E-05 9.9901E-05 9.9901E-05 9.9901E-05 9.9901E-05
0.0747572 9.99278E-05 9.99278E-05 0.312865 9.99278E-05 9.99278E-05 0.425306 9.99278E-05 9.99278E-05 9.99278E-05 0.0128051 0.173467 9.99278E-05
9.98921E-05 9.98921E-05 9.98921E-05 9.98921E-05 0.998801 9.98921E-05 9.98921E-05 9.98921E-05 9.98921E-05 9.98921E-05 9.98921E-05 9.98921E-05 9.98921E-05
0.484335 0.0648612 9.99369E-05 0.269138 9.99369E-05 9.99369E-05 0.136325 9.99369E-05 9.99369E-05 9.99369E-05 0.0190987 0.0255425 9.99369E-05
9.99191E-05 9.99191E-05 0.159386 9.99191E-05 0.343223 9.99191E-05 0.0929189 9.99191E-05 9.99191E-05 9.99191E-05 0.403573 9.99191E-05 9.99191E-05
9.99279E-05 9.99279E-05 0.0100047 9.99279E-05 0.865865 9.99279E-05 0.0169096 9.99279E-05 9.99279E-05 9.99279E-05 0.0216325 0.0847884 9.99279E-05
9.99012E-05 9.99012E-05 9.99012E-05 9.99012E-05 9.99012E-05 9.99012E-05 9.99012E-05 0.0237707 9.99012E-05 0.97513 9.99012E-05 9.99012E-05 9.99012E-05
9.98923E-05 9.98923E-05 9.98923E-05 9.98923E-05 9.98923E-05 9.98923E-05 9.98923E-05 9.98923E-05 9.98923E-05 0.998801 9.98923E-05 9.98923E-05 9.98923E-05
0.0481216 0.786682 0.0445698 9.99278E-05 9.99278E-05 9.99278E-05 0.0875302 9.99278E-05 9.99278E-05 9.99278E-05 0.0322974 9.99278E-05 9.99278E-05
9.9928E-05 0.0222268 0.00792289 9.9928E-05 9.9928E-05 0.0474142 9.9928E-05 0.00425792 9.9928E-05 0.917379 9.9928E-05 9.9928E-05 9.9928E-05
9.9928E-05 0.000948309 9.9928E-05 0.0449728 9.9928E-05 0.0556112 9.9928E-05 0.00503831 9.9928E-05 0.89263 9.9928E-05 9.9928E-05 9.9928E-05
9.99551E-05 0.00484313 9.99551E-05 9.99551E-05 0.0337065 0.206699 9.99551E-05 0.0146807 0.0826187 0.639027 0.000474441 0.0174506 9.99551E-05
9.99281E-05 9.99281E-05 0.0221457 9.99281E-05 9.99281E-05 0.224666 9.99281E-05 9.99281E-05 9.99281E-05 0.641637 0.0386975 9.99281E-05 0.0720545
9.98923E-05 9.98923E-05 9.98923E-05 9.98923E-05 9.98923E-05 9.98923E-05 9.98923E-05 9.98923E-05 0.998801 9.98923E-05 9.98923E-05 9.98923E-05 9.98923E-05
9.99192E-05 9.99192E-05 9.99192E-05 0.0359227 9.99192E-05 9.99192E-05 9.99192E-05 0.0161908 9.99192E-05 0.946843 0.000144651 9.99192E-05 9.99192E-05
9.99282E-05 9.99282E-05 9.99282E-05 9.99282E-05 9.99282E-05 0.844394 9.99282E-05 0.0553263 0.0223951 0.0371625 9.99282E-05 9.99282E-05 0.0399224
0.0330417 0.50073 0.102051 9.99548E-05 9.99548E-05 0.0042435 0.0207012 9.99548E-05 9.99548E-05 0.0203302 0.219252 0.0991506 9.99548E-05
9.99189E-05 9.99189E-05 0.00749556 0.0328992 9.99189E-05 9.99189E-05 9.99189E-05 9.99189E-05 9.99189E-05 0.939878 9.99189E-05 9.99189E-05 0.0188282
0.925338 9.991E-05 9.991E-05 9.991E-05 9.991E-05 9.991E-05 9.991E-05 0.0410912 9.991E-05 9.991E-05 9.991E-05 0.0325713 9.991E-05
0.0910122 9.9928E-05 9.9928E-05 9.9928E-05 9.9928E-05 9.9928E-05 0.703017 0.0228414 0.172217 9.9928E-05 0.0101124 9.9928E-05 9.9928E-05
9.9901E-05 9.9901E-05 9.9901E-05 9.9901E-05 9.9901E-05 9.9901E-05 9.9901E-05 9.9901E-05 9.9901E-05 0.0038728 0.995028 9.9901E-05 9.9901E-05
0.306935 9.99368E-05 9.99368E-05 0.207178 9.99368E-05 9.99368E-05 0.301396 9.99368E-05 9.99368E-05 0.0781553 0.0968392 0.00879702 9.99368E-05
0.355136 9.99549E-05 0.0377426 0.165619 0.00371345 9.99549E-05 0.314238 9.99549E-05 0.0401511 0.0512928 0.0316069 9.99549E-05 9.99549E-05
0.0410594 9.9919E-05 9.9919E-05 0.0213277 9.9919E-05 9.9919E-05 0.931381 9.9919E-05 9.9919E-05 9.9919E-05 0.00533295 9.9919E-05 9.9919E-05
0.0288298 0.0286119 9.9937E-05 0.828302 0.00697014 9.9937E-05 0.0375442 9.9937E-05 9.9937E-05 9.9937E-05 9.9937E-05 9.9937E-05 0.069042
9.99099E-05 0.0690355 9.99099E-05 9.99099E-05 9.99099E-05 9.99099E-05 0.82965 9.99099E-05 9.99099E-05 9.99099E-05 9.99099E-05 0.100316 9.99099E-05
0.0406124 0.0964272 0.0600257 0.0604515 0.0678595 9.99549E-05 0.375781 9.99549E-05 0.0360418 9.99549E-05 9.99549E-05 0.262301 9.99549E-05
0.0529884 9.9946E-05 9.9946E-05 0.141377 0.0119325 9.9946E-05 0.479386 9.9946E-05 0.0684411 0.0290948 9.9946E-05 0.21618 9.9946E-05
0.163266 0.0160785 9.99639E-05 9.99639E-05 9.99639E-05 0.0211603 0.211142 0.0624968 9.99639E-05 0.0408181 0.0253473 0.434109 0.0251828
0.989083 9.99017E-05 9.99017E-05 9.99017E-05 0.00981828 9.99017E-05 9.99017E-05 9.99017E-05 9.99017E-05 9.99017E-05 9.99017E-05 9.99017E-05 9.99017E-05
9.9892E-05 9.9892E-05 9.9892E-05 9.9892E-05 9.9892E-05 0.998801 9.9892E-05 9.9892E-05 9.9892E-05 9.9892E-05 9.9892E-05 9.9892E-05 9.9892E-05
9.99101E-05 9.99101E-05 0.00166901 9.99101E-05 0.00136206 0.99597 9.99101E-05 9.99101E-05 9.99101E-05 9.99101E-05 9.99101E-05 9.99101E-05 9.99101E-05
9.98921E-05 9.98921E-05 9.98921E-05 9.98921E-05 9.98921E-05 0.998801 9.98921E-05 9.98921E-05 9.98921E-05 9.98921E-05 9.98921E-05 9.98921E-05 9.98921E-05
9.98921E-05 9.98921E-05 9.98921E-05 9.98921E-05 9.98921E-05 0.998801 9.98921E-05 9.98921E-05 9.98921E-05 9.98921E-05 9.98921E-05 9.98921E-05 9.98921E-05
9.9892E-05 9.9892E-05 9.9892E-05 9.9892E-05 9.9892E-05 0.998801 9.9892E-05 9.9892E-05 9.9892E-05 9.9892E-05 9.9892E-05 9.9892E-05 9.9892E-05
9.99373E-05 9.99373E-05 9.99373E-05 0.0595486 0.0126951 0.533407 9.99373E-05 9.99373E-05 9.99373E-05 0.192819 0.0654968 9.99373E-05 0.135334
0.00262911 9.9919E-05 9.9919E-05 0.0198362 9.9919E-05 0.943903 9.9919E-05 9.9919E-05 0.0327321 9.9919E-05 9.9919E-05 9.9919E-05 9.9919E-05
0.820487 9.99099E-05 9.99099E-05 0.150072 9.99099E-05 9.99099E-05 9.99099E-05 9.99099E-05 9.99099E-05 9.99099E-05 9.99099E-05 0.0284419 9.99099E-05
9.99459E-05 0.00363102 0.00475161 0.0129822 9.99459E-05 0.0345854 9.99459E-05 0.00641139 0.93074 9.99459E-05 9.99459E-05 9.99459E-05 0.00629831
0.0145547 9.9928E-05 9.9928E-05 9.9928E-05 0.00346555 9.9928E-05 9.9928E-05 9.9928E-05 9.9928E-05 0.972493 0.00555577 0.00313195 9.9928E-05
0.0673694 0.824601 0.0228313 0.081981 9.99281E-05 9.99281E-05 9.99281E-05 9.99281E-05 9.99281E-05 9.99281E-05 9.99281E-05 9.99281E-05 0.00241747
9.99101E-05 0.0153777 9.99101E-05 0.875835 9.99101E-05 9.99101E-05 9.99101E-05 9.99101E-05 9.99101E-05 9.99101E-05 9.99101E-05 0.107788 9.99101E-05
9.99014E-05 0.988783 9.99014E-05 9.99014E-05 9.99014E-05 9.99014E-05 9.99014E-05 9.99014E-05 9.99014E-05 9.99014E-05 9.99014E-05 9.99014E-05 0.0101184
9.99009E-05 0.915724 9.99009E-05 9.99009E-05 9.99009E-05 9.99009E-05 0.0831769 9.99009E-05 9.99009E-05 9.99009E-05 9.99009E-05 9.99009E-05 9.99009E-05
9.99279E-05 0.815953 0.026361 9.99279E-05 0.00437626 9.99279E-05 0.0706327 9.99279E-05 9.99279E-05 9.99279E-05 9.99279E-05 0.0818774 9.99279E-05
0.0908745 9.99013E-05 9.99013E-05 9.99013E-05 0.908027 9.99013E-05 9.99013E-05 9.99013E-05 9.99013E-05 9.99013E-05 9.99013E-05 9.99013E-05 9.99013E-05
9.99104E-05 9.99104E-05 9.99104E-05 0.00378397 9.99104E-05 9.99104E-05 9.99104E-05 0.0479471 9.99104E-05 0.94727 9.99104E-05 9.99104E-05 9.99104E-05
9.9973E-05 0.0489729 0.0321088 0.137814 0.0160002 0.0351287 0.137182 0.148861 0.0675403 0.24461 0.131483 9.9973E-05 9.9973E-05
9.99101E-05 9.99101E-05 9.99101E-05 0.0434868 9.99101E-05 9.99101E-05 9.99101E-05 0.187831 9.99101E-05 0.767683 9.99101E-05 9.99101E-05 9.99101E-05
0.00723877 9.9928E-05 9.9928E-05 9.9928E-05 9.9928E-05 0.000923401 9.9928E-05 9.9928E-05 9.9928E-05 0.935078 0.0336013 9.9928E-05 0.0223593
9.99191E-05 9.99191E-05 9.99191E-05 0.0727207 9.99191E-05 0.011915 9.99191E-05 9.99191E-05 0.0149901 0.899475 9.99191E-05 9.99191E-05 9.99191E-05
9.99191E-05 9.99191E-05 9.99191E-05 0.0418477 9.99191E-05 0.0168649 9.99191E-05 9.99191E-05 0.0280584 0.91233 9.99191E-05 9.99191E-05 9.99191E-05
9.99192E-05 9.99192E-05 9.99192E-05 9.99192E-05 9.99192E-05 9.99192E-05 0.0586317 9.99192E-05 9.99192E-05 0.909209 9.99192E-05 0.00690741 0.0243531
9.991E-05 9.991E-05 9.991E-05 9.991E-05 9.991E-05 9.991E-05 9.991E-05 9.991E-05 9.991E-05 0.980121 0.00678332 9.991E-05 0.0120968
9.99192E-05 9.99192E-05 9.99192E-05 9.99192E-05 9.99192E-05 0.305035 9.99192E-05 0.0806452 9.99192E-05 0.346303 9.99192E-05 9.99192E-05 0.267118
9.99193E-05 9.99193E-05 9.99193E-05 9.99193E-05 9.99193E-05 0.165058 9.99193E-05 0.0442215 9.99193E-05 0.384256 9.99193E-05 9.99193E-05 0.405565
9.99281E-05 9.99281E-05 0.00979177 0.0338802 9.99281E-05 0.041865 9.99281E-05 0.0352398 9.99281E-05 0.878424 9.99281E-05 9.99281E-05 9.99281E-05
9.9919E-05 9.9919E-05 0.0194459 0.963159 9.9919E-05 0.00282252 9.9919E-05 9.9919E-05 9.9919E-05 9.9919E-05 0.0136733 9.9919E-05 9.9919E-05
9.991E-05 9.991E-05 0.01277 0.958656 9.991E-05 0.0275749 9.991E-05 9.991E-05 9.991E-05 9.991E-05 9.991E-05 9.991E-05 9.991E-05
9.98922E-05 9.98922E-05 0.998801 9.98922E-05 9.98922E-05 9.98922E-05 9.98922E-05 9.98922E-05 9.98922E-05 9.98922E-05 9.98922E-05 9.98922E-05 9.98922E-05
9.98922E-05 9.98922E-05 0.998801 9.98922E-05 9.98922E-05 9.98922E-05 9.98922E-05 9.98922E-05 9.98922E-05 9.98922E-05 9.98922E-05 9.98922E-05 9.98922E-05
0.0040245 0.00682775 9.9937E-05 0.0343128 9.9937E-05 9.9937E-05 0.880269 9.9937E-05 0.067081 0.0067851 9.9937E-05 9.9937E-05 9.9937E-05
9.99189E-05 0.0863739 9.99189E-05 0.0675763 9.99189E-05 9.99189E-05 0.822942 9.99189E-05 0.0222082 9.99189E-05 9.99189E-05 9.99189E-05 9.99189E-05
9.99191E-05 9.99191E-05 0.970664 0.0145589 9.99191E-05 9.99191E-05 9.99191E-05 9.99191E-05 9.99191E-05 9.99191E-05 0.00968229 9.99191E-05 0.00419547
0.00484837 9.99011E-05 0.994053 9.99011E-05 9.99011E-05 9.99011E-05 9.99011E-05 9.99011E-05 9.99011E-05 9.99011E-05 9.99011E-05 9.99011E-05 9.99011E-05
0.951065 0.047836 9.99009E-05 9.99009E-05 9.99009E-05 9.99009E-05 9.99009E-05 9.99009E-05 9.99009E-05 9.99009E-05 9.99009E-05 9.99009E-05 9.99009E-05
0.100532 0.157556 9.99459E-05 0.361335 0.072357 9.99459E-05 0.162648 9.99459E-05 0.0328006 9.99459E-05 9.99459E-05 9.99459E-05 0.112173
9.99099E-05 9.99099E-05 9.99099E-05 9.99099E-05 9.99099E-05 0.0275814 9.99099E-05 9.99099E-05 0.90597 9.99099E-05 9.99099E-05 9.99099E-05 0.0654499
9.9892E-05 9.9892E-05 9.9892E-05 9.9892E-05 9.9892E-05 9.9892E-05 9.9892E-05 9.9892E-05 9.9892E-05 9.9892E-05 9.9892E-05 0.998801 9.9892E-05
0.039044 0.0327635 0.0331033 0.0274754 9.9928E-05 9.9928E-05 9.9928E-05 9.9928E-05 9.9928E-05 9.9928E-05 9.9928E-05 0.866814 9.9928E-05
9.99282E-05 9.99282E-05 0.0342128 9.99282E-05 0.0511942 0.261243 9.99282E-05 9.99282E-05 9.99282E-05 0.555032 9.99282E-05 9.99282E-05 0.0975192
