0.969551 9.9982E-05 9.9982E-05 0.0302488
0.455251 9.9991E-05 0.520786 0.0238627
9.999E-05 0.0505858 0.889181 0.0601335
9.9982E-05 9.9982E-05 0.986074 0.0137265
0.278074 9.9991E-05 0.688082 0.0337437
9.9982E-05 9.9982E-05 0.973806 0.025994
0.689772 9.99821E-05 0.310028 9.99821E-05
0.1991 9.9991E-05 0.786762 0.0140389
0.676883 9.99821E-05 0.322917 9.99821E-05
0.855755 9.9991E-05 0.00149729 0.142648
0.861733 9.9982E-05 9.9982E-05 0.138067
0.800838 9.9991E-05 0.026717 0.172345
0.937953 9.99911E-05 0.0428352 0.019112
9.999E-05 0.00145067 0.980375 0.0180742
9.9982E-05 9.9982E-05 0.997261 0.0025389
0.900274 9.9991E-05 0.0199366 0.0796898
0.502935 0.0825555 9.9991E-05 0.41441
0.215253 0.745584 0.0390634 9.9991E-05
9.9982E-05 0.902715 9.9982E-05 0.0970849
0.828771 9.9982E-05 9.9982E-05 0.171029
9.998E-05 0.9997 9.998E-05 9.998E-05
0.949765 9.9982E-05 9.9982E-05 0.0500349
0.148284 0.388473 0.0432477 0.419996
9.9982E-05 0.903374 9.9982E-05 0.0964265
9.998E-05 9.998E-05 0.9997 9.998E-05
9.998E-05 9.998E-05 0.9997 9.998E-05
0.911108 9.9982E-05 9.9982E-05 0.0886918
9.998E-05 9.998E-05 0.9997 9.998E-05
9.998E-05 9.998E-05 0.9997 9.998E-05
9.9991E-05 0.0356614 0.92416 0.0400783
9.9991E-05 0.00201701 0.912726 0.0851572
0.46312 9.99821E-05 0.53668 9.99821E-05
9.998E-05 9.998E-05 0.9997 9.998E-05
0.19386 9.9982E-05 0.80594 9.9982E-05
0.677373 9.9991E-05 0.0538397 0.268687
9.9982E-05 9.9982E-05 0.965586 0.034214
0.913785 9.9991E-05 0.0450155 0.0410996
0.765692 0.0405484 0.163474 0.0302855
0.348199 0.0538098 0.124058 0.473933
0.809667 9.9991E-05 0.118132 0.0721006
0.791541 0.0181777 0.0865136 0.103767
0.861478 0.0196005 9.9991E-05 0.118821
0.989524 9.9982E-05 0.0102765 9.9982E-05
0.811579 0.0188838 9.9991E-05 0.169437
0.684723 0.116916 9.9991E-05 0.198261
0.761899 0.0395622 0.0898687 0.10867
0.668015 9.9991E-05 0.165836 0.166049
0.973213 0.0265871 9.99822E-05 9.99822E-05
0.129294 0.0460312 0.824575 9.9991E-05
0.115751 0.0591813 0.824968 9.9991E-05
0.170738 0.0544936 0.774668 9.9991E-05
0.0935781 0.0765849 0.829737 9.9991E-05
0.0994327 0.0525179 0.847157 0.000891999
0.237299 0.0638036 0.698797 9.9991E-05
0.201267 0.0220314 0.776601 9.9991E-05
0.9997 9.998E-05 9.998E-05 9.998E-05
0.449106 9.9982E-05 0.550694 9.9982E-05
9.998E-05 9.998E-05 0.9997 9.998E-05
0.918449 9.9991E-05 0.01224 0.0692108
0.905474 9.9991E-05 0.0666873 0.0277387
0.97375 0.0260498 9.99821E-05 9.99821E-05
0.979889 9.9982E-05 9.9982E-05 0.0199112
0.846415 0.0232038 9.9991E-05 0.130281
0.0370806 0.941252 0.0215676 9.9991E-05
9.998E-05 9.998E-05 0.9997 9.998E-05
0.442116 0.0683049 0.331438 0.158142
9.998E-05 9.998E-05 0.9997 9.998E-05
9.998E-05 9.998E-05 0.9997 9.998E-05
9.998E-05 9.998E-05 0.9997 9.998E-05
9.998E-05 9.998E-05 0.9997 9.998E-05
0.0089108 9.9991E-05 0.942666 0.0483229
9.998E-05 9.998E-05 0.9997 9.998E-05
0.0856778 9.99821E-05 0.914122 9.99821E-05
0.129117 0.0319313 0.838851 9.99911E-05
9.9982E-05 9.9982E-05 0.98604 0.0137603
0.754403 9.9991E-05 0.160102 0.0853954
0.771194 9.9991E-05 0.126224 0.102482
9.998E-05 9.998E-05 9.998E-05 0.9997
9.998E-05 9.998E-05 9.998E-05 0.9997
0.85431 9.9991E-05 0.0544008 0.0911894
0.865953 0.0060063 0.0373652 0.0906758
9.998E-05 9.998E-05 9.998E-05 0.9997
9.998E-05 9.998E-05 9.998E-05 0.9997
0.9997 9.998E-05 9.998E-05 9.998E-05
0.932884 0.059062 0.00735003 0.000704366
0.445846 9.9982E-05 0.553954 9.9982E-05
0.515501 0.114687 0.0408126 0.329
0.546623 0.087246 9.9991E-05 0.366031
9.9991E-05 0.0685977 0.886644 0.0446581
