0.98634 0.01346 9.9982E-05 9.9982E-05
0.368581 0.320196 0.311123 9.9991E-05
0.0942901 0.0356756 0.845146 0.0248886
9.998E-05 9.998E-05 0.9997 9.998E-05
0.234473 0.3099 0.455528 9.9991E-05
9.998E-05 9.998E-05 0.9997 9.998E-05
0.544087 0.388256 0.0675575 9.99911E-05
0.0946849 0.495325 0.40989 9.9991E-05
0.523938 0.424224 0.0517374 9.99911E-05
0.847379 0.152421 9.9982E-05 9.9982E-05
0.879589 0.120211 9.9982E-05 9.9982E-05
0.915648 9.9982E-05 0.0841522 9.9982E-05
0.938343 9.99821E-05 0.0614573 9.99821E-05
9.9982E-05 9.9982E-05 0.989502 0.0102981
9.9982E-05 9.9982E-05 0.987947 0.0118533
0.937174 0.0436761 0.0190503 9.9991E-05
0.818789 0.00308363 0.0360311 0.142096
0.189193 0.0948981 9.9991E-05 0.715809
9.998E-05 9.998E-05 9.998E-05 0.9997
0.979656 0.0201442 9.9982E-05 9.9982E-05
9.998E-05 9.998E-05 9.998E-05 0.9997
0.999087 9.9982E-05 0.00071267 9.9982E-05
0.350778 0.0906792 0.0443361 0.514207
0.0457864 9.9982E-05 9.9982E-05 0.954014
9.998E-05 9.998E-05 0.9997 9.998E-05
9.998E-05 9.998E-05 0.9997 9.998E-05
0.9997 9.998E-05 9.998E-05 9.998E-05
9.9982E-05 0.0978831 0.901917 9.9982E-05
9.9982E-05 0.0820127 0.917787 9.9982E-05
9.9991E-05 0.233642 0.735282 0.0309762
9.9991E-05 0.283309 0.696584 0.0200066
0.278912 0.602023 0.118964 9.9991E-05
9.998E-05 9.998E-05 0.9997 9.998E-05
9.9982E-05 0.911699 0.0881007 9.9982E-05
0.915561 9.9982E-05 0.0842393 9.9982E-05
0.0184073 9.9982E-05 0.981393 9.9982E-05
0.942338 9.99821E-05 0.0574617 9.99821E-05
0.727179 0.228817 0.0100741 0.0339298
0.639239 9.9991E-05 0.209008 0.151654
0.849826 9.9982E-05 0.149974 9.9982E-05
0.870882 0.0239443 0.105074 9.9991E-05
0.968075 0.0133275 9.9991E-05 0.0184972
0.919898 0.0799021 9.9982E-05 9.9982E-05
0.898698 0.0906707 9.9991E-05 0.0105316
0.796103 0.0443648 9.9991E-05 0.159432
0.792817 0.089978 0.0542464 0.0629586
0.818709 0.0548653 0.126326 9.9991E-05
0.987374 9.99822E-05 9.99822E-05 0.0124261
9.998E-05 0.9997 9.998E-05 9.998E-05
9.998E-05 0.9997 9.998E-05 9.998E-05
9.998E-05 0.9997 9.998E-05 9.998E-05
9.998E-05 0.9997 9.998E-05 9.998E-05
9.998E-05 0.9997 9.998E-05 9.998E-05
0.126968 0.625386 0.215029 0.0326168
9.998E-05 0.9997 9.998E-05 9.998E-05
0.9997 9.998E-05 9.998E-05 9.998E-05
0.317493 0.571319 0.111088 9.9991E-05
9.998E-05 9.998E-05 0.9997 9.998E-05
0.9997 9.998E-05 9.998E-05 9.998E-05
0.929257 9.9982E-05 0.0705432 9.9982E-05
0.9997 9.998E-05 9.998E-05 9.998E-05
0.9997 9.998E-05 9.998E-05 9.998E-05
0.992832 9.9982E-05 9.9982E-05 0.00696773
0.0819585 0.0178733 9.9991E-05 0.900068
9.998E-05 9.998E-05 0.9997 9.998E-05
0.441151 0.245033 0.265544 0.0482719
9.998E-05 9.998E-05 0.9997 9.998E-05
0.00460095 0.0395427 0.955756 9.9991E-05
9.9982E-05 0.135977 0.863823 9.9982E-05
9.9982E-05 0.0796979 0.920102 9.9982E-05
0.0286637 0.0120486 0.959188 9.9991E-05
9.9982E-05 9.9982E-05 0.996746 0.00305428
9.99821E-05 0.552138 0.447662 9.99821E-05
0.0528638 0.429675 0.496827 0.0206342
0.00827466 0.0193218 0.972304 9.9991E-05
0.814768 0.104971 0.0801611 9.9991E-05
0.814714 0.138873 0.0463134 9.9991E-05
0.639354 9.9991E-05 0.130138 0.230408
0.637287 9.9991E-05 0.135256 0.227357
0.889963 0.109837 9.99819E-05 9.99819E-05
0.877688 0.111591 9.9991E-05 0.0106202
0.659931 9.9991E-05 0.11937 0.220599
0.596007 9.9991E-05 0.164186 0.239707
0.955061 0.0447392 9.9982E-05 9.9982E-05
0.906101 0.0313287 0.0213972 0.0411728
0.30525 0.583355 0.111296 9.9991E-05
0.679166 9.9991E-05 0.119542 0.201192
0.793663 9.9991E-05 0.0672113 0.139025
9.9991E-05 0.375691 0.550113 0.0740965
