0.03809 0.957434 0.00255636 0.00182009 9.9991E-05
0.0313389 0.36041 0.310519 0.297632 9.9991E-05
0.0982145 0.0146226 0.774328 0.0681262 0.0447088
0.0260788 9.9973E-05 0.973621 9.9973E-05 9.9973E-05
0.00413754 0.234923 0.454902 0.305938 9.9991E-05
9.997E-05 9.997E-05 0.9996 9.997E-05 9.997E-05
9.99821E-05 0.591964 0.0615291 0.346307 9.99821E-05
0.0466526 0.0399405 0.420725 0.492582 9.9991E-05
9.99821E-05 0.552542 0.0151348 0.432123 9.99821E-05
0.121109 0.72554 9.9991E-05 0.14595 0.00730142
0.13565 0.741759 9.9982E-05 0.122392 9.9982E-05
0.15709 0.772694 0.0700156 9.9982E-05 9.9982E-05
9.99732E-05 0.931365 0.0683349 9.99732E-05 9.99732E-05
9.9982E-05 0.0194101 0.949919 9.9982E-05 0.030471
0.0019372 9.9982E-05 0.979337 9.9982E-05 0.0185262
0.0276024 0.877501 0.0343413 0.0604549 9.9991E-05
0.401562 0.525702 9.9982E-05 9.9982E-05 0.0725354
9.9982E-05 0.170993 9.9982E-05 0.0876503 0.741157
0.0909809 9.9973E-05 9.9973E-05 9.9973E-05 0.908719
0.187254 0.812446 9.9973E-05 9.9973E-05 9.9973E-05
9.9973E-05 9.9973E-05 0.0108775 9.9973E-05 0.988823
0.0699729 0.929727 9.9973E-05 9.9973E-05 9.9973E-05
0.352281 0.113425 0.00365666 0.0934978 0.437139
0.0995616 9.9973E-05 9.9973E-05 9.9973E-05 0.900138
9.997E-05 9.997E-05 0.9996 9.997E-05 9.997E-05
9.997E-05 9.997E-05 0.9996 9.997E-05 9.997E-05
0.0712264 0.928474 9.9973E-05 9.9973E-05 9.9973E-05
9.9973E-05 9.9973E-05 0.912295 0.0874051 9.9973E-05
9.9973E-05 9.9973E-05 0.916069 0.083631 9.9973E-05
0.0456354 9.9991E-05 0.675376 0.253036 0.025853
0.0390486 9.9982E-05 0.650049 0.310703 9.9982E-05
9.99821E-05 0.272525 0.0741556 0.653119 9.99821E-05
9.997E-05 9.997E-05 0.9996 9.997E-05 9.997E-05
0.0111119 9.9982E-05 0.0975053 0.891183 9.9982E-05
0.25112 0.667939 0.0807407 9.9982E-05 9.9982E-05
0.00211955 0.0104979 0.987183 9.9982E-05 9.9982E-05
0.00366562 0.913402 0.0827319 9.9982E-05 9.9982E-05
0.0454997 0.727484 9.9991E-05 0.198476 0.0284407
0.42457 0.382881 0.145586 9.9991E-05 0.0468639
0.0711649 0.778407 0.135732 9.9991E-05 0.0145957
0.0723031 0.774468 0.128436 9.9991E-05 0.0246923
0.122963 0.82789 9.9991E-05 0.0269383 0.0221084
9.9973E-05 0.932182 9.9973E-05 0.0675183 9.9973E-05
0.151376 0.756808 9.99819E-05 0.0916164 9.99819E-05
0.177461 0.683933 9.9991E-05 0.0346696 0.103837
0.128005 0.721408 0.0710436 0.031922 0.0476219
0.161632 0.650238 0.0977141 0.090316 9.9991E-05
9.99733E-05 0.964398 9.99733E-05 9.99733E-05 0.0353019
9.997E-05 9.997E-05 9.997E-05 0.9996 9.997E-05
9.997E-05 9.997E-05 9.997E-05 0.9996 9.997E-05
9.997E-05 9.997E-05 9.997E-05 0.9996 9.997E-05
9.997E-05 9.997E-05 9.997E-05 0.9996 9.997E-05
9.997E-05 9.997E-05 9.997E-05 0.9996 9.997E-05
9.9991E-05 0.0559323 0.237091 0.64748 0.0593969
9.997E-05 9.997E-05 9.997E-05 0.9996 9.997E-05
9.997E-05 0.9996 9.997E-05 9.997E-05 9.997E-05
9.9982E-05 0.329642 0.0895361 0.580621 9.9982E-05
9.997E-05 9.997E-05 0.9996 9.997E-05 9.997E-05
0.0357436 0.963957 9.99731E-05 9.99731E-05 9.99731E-05
0.00368333 0.90693 0.089187 9.9982E-05 9.9982E-05
9.99732E-05 0.992332 9.99732E-05 9.99732E-05 0.00736768
0.000365848 0.999334 9.99731E-05 9.99731E-05 9.99731E-05
0.0950317 0.886579 9.9982E-05 9.9982E-05 0.018189
9.99821E-05 0.0628429 9.99821E-05 0.00286085 0.934096
9.997E-05 9.997E-05 0.9996 9.997E-05 9.997E-05
0.0961698 0.414003 0.254227 0.150077 0.0855233
9.99731E-05 0.00773297 0.991967 9.99731E-05 9.99731E-05
9.9973E-05 0.0251156 0.974584 9.9973E-05 9.9973E-05
9.9982E-05 0.00050078 0.902053 0.0972466 9.9982E-05
9.9991E-05 0.0093121 0.909636 0.0676264 0.0133254
0.0370849 0.0321567 0.92831 0.00234819 9.9991E-05
9.9973E-05 9.9973E-05 0.976361 0.0233387 9.9973E-05
9.99732E-05 9.99732E-05 0.532357 0.467343 9.99732E-05
9.99911E-05 0.074339 0.554058 0.354777 0.016726
0.00422364 0.0226063 0.97297 9.9982E-05 9.9982E-05
0.0739136 0.739377 0.0500382 0.136571 9.9991E-05
0.0754696 0.743879 0.0239297 0.156622 9.9991E-05
0.9996 9.997E-05 9.997E-05 9.997E-05 9.997E-05
0.9996 9.997E-05 9.997E-05 9.997E-05 9.997E-05
0.10186 0.776641 9.99819E-05 0.1213 9.99819E-05
0.0729166 0.816309 9.9991E-05 0.109968 0.000706186
0.994964 9.9973E-05 9.9973E-05 0.00473597 9.9973E-05
0.9996 9.997E-05 9.997E-05 9.997E-05 9.997E-05
9.9973E-05 0.988047 9.9973E-05 0.011653 9.9973E-05
9.9991E-05 0.891856 0.0247485 0.0184718 0.0648243
9.9982E-05 0.297271 0.0724206 0.630108 9.9982E-05
0.284891 0.499892 0.0654173 9.9991E-05 0.149699
0.334486 0.582058 9.99821E-05 9.99821E-05 0.0832557
0.0323003 9.9991E-05 0.614997 0.3014 0.0512028
