9.9982E-05 9.9982E-05 0.0172027 0.982597
0.309686 9.9991E-05 0.316334 0.37388
0.794943 0.0604221 0.110526 0.0341085
0.9997 9.998E-05 9.998E-05 9.998E-05
0.43262 9.9991E-05 0.298219 0.269061
0.9997 9.998E-05 9.998E-05 9.998E-05
9.99821E-05 9.99821E-05 0.453796 0.546004
0.462358 9.9991E-05 0.446526 0.0910164
9.99821E-05 9.99821E-05 0.482467 0.517333
9.9982E-05 9.9982E-05 0.168607 0.831193
9.9982E-05 9.9982E-05 0.133888 0.865912
0.0763074 9.99821E-05 9.99821E-05 0.923493
0.0637534 9.99821E-05 9.99821E-05 0.936047
0.973441 0.026359 9.9982E-05 9.9982E-05
0.966657 0.0101509 9.9991E-05 0.0230924
0.00702779 9.9991E-05 0.0661781 0.926694
0.0585926 0.158789 9.9991E-05 0.782518
9.9991E-05 0.710271 0.10246 0.187169
9.998E-05 0.9997 9.998E-05 9.998E-05
9.9982E-05 9.9982E-05 0.00873504 0.991065
9.998E-05 0.9997 9.998E-05 9.998E-05
9.998E-05 9.998E-05 9.998E-05 0.9997
0.0511299 0.576812 0.0615132 0.310545
9.9982E-05 0.969001 9.9982E-05 0.0307989
0.994629 9.9982E-05 0.00517066 9.9982E-05
0.9997 9.998E-05 9.998E-05 9.998E-05
9.998E-05 9.998E-05 9.998E-05 0.9997
0.924527 9.9982E-05 0.0752726 9.9982E-05
0.930858 9.9982E-05 0.0689423 9.9982E-05
0.71934 0.0517006 0.213068 0.0158909
0.736746 0.0324992 0.230655 9.9991E-05
0.096575 9.9991E-05 0.638483 0.264842
0.9997 9.998E-05 9.998E-05 9.998E-05
0.119995 9.9982E-05 0.879805 9.9982E-05
0.0787136 9.9982E-05 9.9982E-05 0.921086
0.994009 9.9982E-05 9.9982E-05 0.00579141
0.0987922 9.99821E-05 9.99821E-05 0.901008
0.0410622 0.0376529 0.222463 0.698822
0.19136 0.160239 9.9991E-05 0.6483
0.14467 9.9982E-05 9.9982E-05 0.85513
0.108929 9.99819E-05 9.99819E-05 0.890871
9.9991E-05 0.0354241 0.052415 0.912061
9.9982E-05 9.9982E-05 0.0826661 0.917134
9.9991E-05 0.0148416 0.0900709 0.894987
9.9991E-05 0.160635 0.0883898 0.750876
0.0877844 0.0575904 0.0519485 0.802677
0.144007 0.0132468 0.067077 0.77567
9.99911E-05 0.0057331 0.0347197 0.959447
9.998E-05 9.998E-05 0.9997 9.998E-05
9.998E-05 9.998E-05 0.9997 9.998E-05
9.998E-05 9.998E-05 0.9997 9.998E-05
9.998E-05 9.998E-05 0.9997 9.998E-05
9.998E-05 9.998E-05 0.9997 9.998E-05
0.259106 0.0337148 0.598203 0.108977
9.998E-05 9.998E-05 0.9997 9.998E-05
9.998E-05 9.998E-05 9.998E-05 0.9997
0.0902382 9.9991E-05 0.600639 0.309023
0.9997 9.998E-05 9.998E-05 9.998E-05
9.998E-05 9.998E-05 9.998E-05 0.9997
0.0804444 9.9991E-05 0.011149 0.908307
9.998E-05 9.998E-05 9.998E-05 0.9997
9.998E-05 9.998E-05 9.998E-05 0.9997
9.998E-05 9.998E-05 9.998E-05 0.9997
9.9991E-05 0.928386 0.0376799 0.0338346
0.9997 9.998E-05 9.998E-05 9.998E-05
0.299003 0.109475 0.158263 0.433258
0.9997 9.998E-05 9.998E-05 9.998E-05
0.975484 9.9991E-05 0.0135245 0.0108913
0.90292 9.9982E-05 0.09688 9.9982E-05
0.949404 9.9982E-05 0.0503962 9.9982E-05
0.904427 9.9991E-05 0.0474726 0.048
0.9997 9.998E-05 9.998E-05 9.998E-05
0.490464 9.99821E-05 0.509336 9.99821E-05
0.550698 0.0222381 0.372154 0.0549098
0.98349 9.9991E-05 0.00993193 0.00647815
0.043225 9.9991E-05 0.153979 0.802696
0.0328916 9.9991E-05 0.162006 0.805003
0.140659 0.245848 9.9991E-05 0.613393
0.120092 0.254759 9.9991E-05 0.625049
9.99819E-05 9.99819E-05 0.13835 0.86145
9.9991E-05 0.00682114 0.113238 0.879841
0.130724 0.26443 0.0284592 0.576387
0.132098 0.252811 9.9991E-05 0.614991
9.9982E-05 9.9982E-05 0.0464858 0.953314
9.9991E-05 0.0300741 0.0640623 0.905764
0.0585644 9.9991E-05 0.657305 0.284031
0.104118 0.188451 9.9991E-05 0.707331
0.0521286 0.152708 9.9991E-05 0.795063
0.637845 0.0648058 0.297249 9.9991E-05
