0.9998 9.999E-05 9.999E-05
0.456869 0.543031 9.9991E-05
0.0172663 0.908664 0.0740697
9.999E-05 0.9998 9.999E-05
0.299498 0.700402 9.9991E-05
9.999E-05 0.9998 9.999E-05
0.628639 0.371261 9.99911E-05
0.192386 0.807514 9.9991E-05
0.617966 0.381934 9.9991E-05
0.936969 0.0629305 9.9991E-05
0.980384 0.0195164 9.9991E-05
0.994842 0.00505826 9.9991E-05
0.968122 0.0317782 9.99911E-05
9.9991E-05 0.978667 0.0212326
9.9991E-05 0.98758 0.0123202
0.946354 0.0535462 9.9991E-05
0.796639 0.0270764 0.176285
0.213196 0.0511973 0.735607
9.999E-05 9.999E-05 0.9998
0.9998 9.999E-05 9.999E-05
9.999E-05 9.999E-05 0.9998
0.9998 9.999E-05 9.999E-05
0.381016 0.0926246 0.526359
0.00848311 9.9991E-05 0.991417
9.999E-05 0.9998 9.999E-05
9.999E-05 0.9998 9.999E-05
0.9998 9.999E-05 9.999E-05
9.999E-05 0.9998 9.999E-05
9.999E-05 0.9998 9.999E-05
0.0411375 0.910564 0.0482982
9.9991E-05 0.97101 0.0288902
0.410874 0.589026 9.99911E-05
9.999E-05 0.9998 9.999E-05
0.159896 0.840004 9.9991E-05
0.921243 0.0786566 9.9991E-05
0.00268034 0.99722 9.9991E-05
0.936034 0.0638664 9.9991E-05
0.828101 0.160082 0.011817
0.663939 0.153511 0.182551
0.871022 0.128878 9.9991E-05
0.910639 0.081471 0.00788996
0.993538 9.9991E-05 0.00636166
0.951446 0.0484543 9.9991E-05
0.98104 0.0188598 9.9991E-05
0.859913 9.9991E-05 0.139987
0.844515 0.117163 0.0383224
0.829393 0.170507 9.9991E-05
0.9998 9.999E-05 9.999E-05
0.164403 0.821391 0.0142059
0.166844 0.82156 0.0115955
0.151582 0.829562 0.0188556
0.169624 0.815564 0.0148116
0.069983 0.915009 0.015008
0.252179 0.72037 0.0274515
0.235808 0.764092 9.9991E-05
0.9998 9.999E-05 9.999E-05
0.41556 0.58434 9.9991E-05
9.999E-05 0.9998 9.999E-05
0.9998 9.999E-05 9.999E-05
0.946134 0.0537661 9.9991E-05
0.9998 9.999E-05 9.999E-05
0.9998 9.999E-05 9.999E-05
0.995995 9.9991E-05 0.00390532
0.101304 9.9991E-05 0.898596
9.999E-05 0.9998 9.999E-05
0.348683 0.498037 0.153279
9.999E-05 0.9998 9.999E-05
9.999E-05 0.9998 9.999E-05
9.999E-05 0.9998 9.999E-05
9.999E-05 0.9998 9.999E-05
0.0483687 0.951531 9.9991E-05
9.999E-05 0.9998 9.999E-05
0.0777949 0.922105 9.99911E-05
0.125766 0.863425 0.0108085
9.999E-05 0.9998 9.999E-05
0.855026 0.144874 9.9991E-05
0.827762 0.172138 9.9991E-05
0.635136 0.102198 0.262667
0.651466 0.109405 0.23913
0.945492 0.0544081 9.9991E-05
0.986309 0.0135914 9.9991E-05
0.630395 0.119058 0.250547
0.615454 0.122359 0.262188
0.9998 9.999E-05 9.999E-05
0.935737 0.0132846 0.050978
0.421395 0.578505 9.9991E-05
0.715873 0.091686 0.192441
0.825277 9.9991E-05 0.174623
0.0357224 0.903862 0.0604155
