9.99008E-05 9.99008E-05 9.99008E-05 9.99008E-05 0.00583955 9.99008E-05 0.900715 9.99008E-05 9.99008E-05 0.016765 9.99008E-05 0.075582 9.99008E-05 9.99008E-05 9.99008E-05
9.99189E-05 9.99189E-05 0.738605 0.0375513 9.99189E-05 9.99189E-05 0.0421533 9.99189E-05 9.99189E-05 9.99189E-05 0.141873 0.0120445 9.99189E-05 0.0268735 9.99189E-05
9.99197E-05 9.99197E-05 9.99197E-05 9.99197E-05 0.0575453 0.0618659 9.99197E-05 0.0321365 9.99197E-05 0.0185836 0.81317 9.99197E-05 9.99197E-05 9.99197E-05 0.0157998
9.9892E-05 9.9892E-05 9.9892E-05 9.9892E-05 9.9892E-05 9.9892E-05 9.9892E-05 9.9892E-05 9.9892E-05 0.0154055 0.886003 9.9892E-05 9.9892E-05 9.9892E-05 0.0973931
0.0992513 9.99281E-05 0.0644211 0.0147995 9.99281E-05 9.99281E-05 0.0521168 0.248875 9.99281E-05 9.99281E-05 0.445776 0.073961 9.99281E-05 9.99281E-05 9.99281E-05
9.9892E-05 0.00715583 9.9892E-05 9.9892E-05 9.9892E-05 9.9892E-05 9.9892E-05 9.9892E-05 0.0046607 9.9892E-05 0.986985 9.9892E-05 9.9892E-05 9.9892E-05 9.9892E-05
9.98741E-05 9.98741E-05 9.98741E-05 9.98741E-05 9.98741E-05 9.98741E-05 9.98741E-05 0.998602 9.98741E-05 9.98741E-05 9.98741E-05 9.98741E-05 9.98741E-05 9.98741E-05 9.98741E-05
0.0700133 0.745313 0.0752688 9.99279E-05 9.99279E-05 9.99279E-05 9.99279E-05 9.99279E-05 9.99279E-05 0.0113456 0.00647734 0.0724319 9.99279E-05 9.99279E-05 0.0183506
9.9883E-05 9.9883E-05 0.0391331 9.9883E-05 9.9883E-05 9.9883E-05 9.9883E-05 0.959568 9.9883E-05 9.9883E-05 9.9883E-05 9.9883E-05 9.9883E-05 9.9883E-05 9.9883E-05
9.9883E-05 9.9883E-05 9.9883E-05 9.9883E-05 9.9883E-05 9.9883E-05 9.9883E-05 0.12996 9.9883E-05 9.9883E-05 9.9883E-05 0.868741 9.9883E-05 9.9883E-05 9.9883E-05
9.98831E-05 9.98831E-05 9.98831E-05 9.98831E-05 9.98831E-05 9.98831E-05 9.98831E-05 0.118914 9.98831E-05 9.98831E-05 9.98831E-05 0.879788 9.98831E-05 9.98831E-05 9.98831E-05
9.9919E-05 9.9919E-05 9.9919E-05 9.9919E-05 0.00553028 0.111724 0.70908 0.0248617 9.9919E-05 0.12337 9.9919E-05 9.9919E-05 9.9919E-05 9.9919E-05 0.0245337
9.98833E-05 0.0117585 9.98833E-05 9.98833E-05 9.98833E-05 0.986943 9.98833E-05 9.98833E-05 9.98833E-05 9.98833E-05 9.98833E-05 9.98833E-05 9.98833E-05 9.98833E-05 9.98833E-05
9.9892E-05 9.9892E-05 0.0309037 9.9892E-05 0.014759 9.9892E-05 9.9892E-05 9.9892E-05 9.9892E-05 9.9892E-05 0.953139 9.9892E-05 9.9892E-05 9.9892E-05 9.9892E-05
9.9883E-05 9.9883E-05 9.9883E-05 9.9883E-05 0.0257647 9.9883E-05 9.9883E-05 9.9883E-05 9.9883E-05 9.9883E-05 0.972937 9.9883E-05 9.9883E-05 9.9883E-05 9.9883E-05
9.98921E-05 9.98921E-05 9.98921E-05 9.98921E-05 9.98921E-05 0.160995 9.98921E-05 9.98921E-05 9.98921E-05 9.98921E-05 9.98921E-05 0.0265755 9.98921E-05 0.811231 9.98921E-05
9.98828E-05 9.98828E-05 9.98828E-05 0.913795 9.98828E-05 9.98828E-05 9.98828E-05 9.98828E-05 9.98828E-05 9.98828E-05 9.98828E-05 0.0849062 9.98828E-05 9.98828E-05 9.98828E-05
9.98918E-05 9.98918E-05 9.98918E-05 9.98918E-05 0.833593 9.98918E-05 9.98918E-05 9.98918E-05 9.98918E-05 9.98918E-05 9.98918E-05 0.0941014 9.98918E-05 0.0711066 9.98918E-05
9.98831E-05 9.98831E-05 9.98831E-05 9.98831E-05 9.98831E-05 9.98831E-05 9.98831E-05 9.98831E-05 0.0778163 9.98831E-05 9.98831E-05 9.98831E-05 0.920885 9.98831E-05 9.98831E-05
9.99099E-05 9.99099E-05 9.99099E-05 0.0636926 9.99099E-05 9.99099E-05 0.0817454 9.99099E-05 9.99099E-05 0.0295098 9.99099E-05 0.499697 9.99099E-05 0.324356 9.99099E-05
9.9892E-05 9.9892E-05 9.9892E-05 9.9892E-05 0.972008 9.9892E-05 9.9892E-05 9.9892E-05 0.00574394 9.9892E-05 9.9892E-05 9.9892E-05 0.0210489 9.9892E-05 9.9892E-05
9.99189E-05 9.99189E-05 9.99189E-05 0.0635983 9.99189E-05 0.0473218 0.479496 9.99189E-05 0.0156188 9.99189E-05 9.99189E-05 0.104731 9.99189E-05 0.288335 9.99189E-05
0.0346368 9.9919E-05 9.9919E-05 0.176651 9.9919E-05 9.9919E-05 9.9919E-05 9.9919E-05 9.9919E-05 0.11844 9.9919E-05 0.199738 0.466626 9.9919E-05 0.00300925
9.98739E-05 9.98739E-05 9.98739E-05 9.98739E-05 9.98739E-05 9.98739E-05 9.98739E-05 9.98739E-05 9.98739E-05 9.98739E-05 9.98739E-05 9.98739E-05 0.998602 9.98739E-05 9.98739E-05
9.98832E-05 9.98832E-05 9.98832E-05 9.98832E-05 9.98832E-05 9.98832E-05 9.98832E-05 9.98832E-05 9.98832E-05 9.98832E-05 0.32248 9.98832E-05 9.98832E-05 9.98832E-05 0.676222
0.0072965 9.99011E-05 0.000850624 9.99011E-05 9.99011E-05 9.99011E-05 9.99011E-05 9.99011E-05 9.99011E-05 9.99011E-05 0.760348 9.99011E-05 9.99011E-05 9.99011E-05 0.230406
0.00543027 9.99099E-05 9.99099E-05 9.99099E-05 9.99099E-05 0.768471 0.08386 9.99099E-05 9.99099E-05 0.0350084 9.99099E-05 0.106231 9.99099E-05 9.99099E-05 9.99099E-05
9.98741E-05 9.98741E-05 9.98741E-05 9.98741E-05 9.98741E-05 9.98741E-05 9.98741E-05 9.98741E-05 9.98741E-05 9.98741E-05 9.98741E-05 9.98741E-05 9.98741E-05 9.98741E-05 0.998602
9.98743E-05 9.98743E-05 9.98743E-05 9.98743E-05 9.98743E-05 9.98743E-05 9.98743E-05 9.98743E-05 9.98743E-05 9.98743E-05 9.98743E-05 9.98743E-05 9.98743E-05 9.98743E-05 0.998602
0.114202 0.250178 9.99281E-05 0.0418266 9.99281E-05 9.99281E-05 0.0020052 9.99281E-05 0.0381702 9.99281E-05 0.399286 9.99281E-05 9.99281E-05 9.99281E-05 0.153533
0.0492501 0.617005 9.99189E-05 0.0244207 9.99189E-05 9.99189E-05 9.99189E-05 9.99189E-05 9.99189E-05 0.00362027 0.250561 9.99189E-05 9.99189E-05 9.99189E-05 0.0542434
9.98744E-05 9.98744E-05 0.998602 9.98744E-05 9.98744E-05 9.98744E-05 9.98744E-05 9.98744E-05 9.98744E-05 9.98744E-05 9.98744E-05 9.98744E-05 9.98744E-05 9.98744E-05 9.98744E-05
9.98921E-05 0.153357 9.98921E-05 9.98921E-05 9.98921E-05 9.98921E-05 9.98921E-05 9.98921E-05 9.98921E-05 9.98921E-05 0.550139 9.98921E-05 9.98921E-05 9.98921E-05 0.295306
0.707005 0.245798 0.0142161 0.0158173 9.99192E-05 9.99192E-05 9.99192E-05 9.99192E-05 9.99192E-05 0.000257393 9.99192E-05 9.99192E-05 9.99192E-05 9.99192E-05 0.0160069
9.99186E-05 0.0719082 9.99186E-05 0.298259 9.99186E-05 0.489879 0.0432204 9.99186E-05 9.99186E-05 0.0754997 9.99186E-05 0.0203345 9.99186E-05 9.99186E-05 9.99186E-05
9.99009E-05 0.0221746 9.99009E-05 0.0270761 9.99009E-05 9.99009E-05 9.99009E-05 9.99009E-05 9.99009E-05 9.99009E-05 0.326108 9.99009E-05 9.99009E-05 9.99009E-05 0.623543
9.98921E-05 0.0335813 9.98921E-05 0.0071956 9.98921E-05 9.98921E-05 0.958024 9.98921E-05 9.98921E-05 9.98921E-05 9.98921E-05 9.98921E-05 9.98921E-05 9.98921E-05 9.98921E-05
9.99279E-05 0.0245965 0.234642 0.0391229 9.99279E-05 9.99279E-05 0.0568205 9.99279E-05 0.012999 9.99279E-05 0.0066607 0.624359 9.99279E-05 9.99279E-05 9.99279E-05
9.98829E-05 9.98829E-05 0.0128485 0.985853 9.98829E-05 9.98829E-05 9.98829E-05 9.98829E-05 9.98829E-05 9.98829E-05 9.98829E-05 9.98829E-05 9.98829E-05 9.98829E-05 9.98829E-05
9.99188E-05 9.99188E-05 9.99188E-05 0.153336 0.00246219 9.99188E-05 0.162392 9.99188E-05 9.99188E-05 9.99188E-05 0.0926083 0.194932 9.99188E-05 0.393371 9.99188E-05
9.99368E-05 9.99368E-05 0.00958437 0.0637166 0.017878 9.99368E-05 0.221268 9.99368E-05 9.99368E-05 0.0050105 0.062037 0.219702 9.99368E-05 0.400105 9.99368E-05
9.98921E-05 9.98921E-05 9.98921E-05 9.98921E-05 9.98921E-05 9.98921E-05 0.0399859 9.98921E-05 9.98921E-05 9.98921E-05 9.98921E-05 0.94329 0.015525 9.98921E-05 9.98921E-05
9.991E-05 9.991E-05 9.991E-05 9.991E-05 9.991E-05 0.0444937 0.00619768 0.0481023 9.991E-05 9.991E-05 9.991E-05 9.991E-05 0.0164281 0.883779 9.991E-05
9.991E-05 9.991E-05 9.991E-05 0.0176881 9.991E-05 0.0458018 0.0161845 9.991E-05 9.991E-05 9.991E-05 9.991E-05 0.91234 9.991E-05 9.991E-05 0.00698596
9.99279E-05 9.99279E-05 0.0456459 9.99279E-05 9.99279E-05 0.171989 0.0571312 9.99279E-05 9.99279E-05 0.0653829 9.99279E-05 0.372056 0.16142 0.125576 9.99279E-05
9.9946E-05 0.0193893 9.9946E-05 0.000454946 9.9946E-05 0.0108351 0.123653 9.9946E-05 0.0662454 0.0167527 0.0955917 0.447506 9.9946E-05 0.218972 9.9946E-05
0.0191735 9.9937E-05 9.9937E-05 0.317534 9.9937E-05 0.0864948 0.18841 0.0596659 0.0321906 9.9937E-05 0.0772279 0.218603 9.9937E-05 9.9937E-05 9.9937E-05
9.98837E-05 9.98837E-05 9.98837E-05 9.98837E-05 9.98837E-05 9.98837E-05 0.9799 9.98837E-05 0.0188019 9.98837E-05 9.98837E-05 9.98837E-05 9.98837E-05 9.98837E-05 9.98837E-05
0.995732 9.98832E-05 9.98832E-05 9.98832E-05 9.98832E-05 9.98832E-05 9.98832E-05 0.00296954 9.98832E-05 9.98832E-05 9.98832E-05 9.98832E-05 9.98832E-05 9.98832E-05 9.98832E-05
0.998602 9.98742E-05 9.98742E-05 9.98742E-05 9.98742E-05 9.98742E-05 9.98742E-05 9.98742E-05 9.98742E-05 9.98742E-05 9.98742E-05 9.98742E-05 9.98742E-05 9.98742E-05 9.98742E-05
0.997674 9.98832E-05 9.98832E-05 9.98832E-05 9.98832E-05 9.98832E-05 9.98832E-05 9.98832E-05 9.98832E-05 9.98832E-05 9.98832E-05 9.98832E-05 9.98832E-05 9.98832E-05 0.0010273
0.981228 9.98832E-05 9.98832E-05 9.98832E-05 9.98832E-05 9.98832E-05 9.98832E-05 9.98832E-05 9.98832E-05 9.98832E-05 9.98832E-05 9.98832E-05 9.98832E-05 9.98832E-05 0.0174738
0.998602 9.98742E-05 9.98742E-05 9.98742E-05 9.98742E-05 9.98742E-05 9.98742E-05 9.98742E-05 9.98742E-05 9.98742E-05 9.98742E-05 9.98742E-05 9.98742E-05 9.98742E-05 9.98742E-05
0.342593 0.469309 0.0392017 0.0132401 0.0544465 9.99282E-05 9.99282E-05 0.076043 9.99282E-05 0.00436722 9.99282E-05 9.99282E-05 9.99282E-05 9.99282E-05 9.99282E-05
0.946358 9.99011E-05 0.022115 9.99011E-05 9.99011E-05 9.99011E-05 0.0301295 9.99011E-05 9.99011E-05 0.000298144 9.99011E-05 9.99011E-05 9.99011E-05 9.99011E-05 9.99011E-05
9.98828E-05 9.98828E-05 9.98828E-05 9.98828E-05 9.98828E-05 9.98828E-05 0.83453 9.98828E-05 9.98828E-05 9.98828E-05 9.98828E-05 9.98828E-05 9.98828E-05 0.164171 9.98828E-05
0.0129367 0.0021892 0.929763 9.99189E-05 9.99189E-05 9.99189E-05 9.99189E-05 0.0413796 9.99189E-05 0.00236097 9.99189E-05 9.99189E-05 9.99189E-05 9.99189E-05 0.0104711
9.98918E-05 9.98918E-05 9.98918E-05 0.00740753 9.98918E-05 9.98918E-05 9.98918E-05 9.98918E-05 9.98918E-05 9.98918E-05 0.5518 9.98918E-05 9.98918E-05 9.98918E-05 0.439594
9.99101E-05 9.99101E-05 9.99101E-05 9.99101E-05 0.0157994 0.829681 0.0100395 9.99101E-05 9.99101E-05 0.0195192 9.99101E-05 9.99101E-05 9.99101E-05 0.123961 9.99101E-05
9.98834E-05 9.98834E-05 9.98834E-05 9.98834E-05 9.98834E-05 0.0803886 9.98834E-05 9.98834E-05 9.98834E-05 9.98834E-05 9.98834E-05 9.98834E-05 9.98834E-05 0.918313 9.98834E-05
9.98835E-05 9.98835E-05 9.98835E-05 9.98835E-05 9.98835E-05 0.981082 9.98835E-05 0.0176198 9.98835E-05 9.98835E-05 9.98835E-05 9.98835E-05 9.98835E-05 9.98835E-05 9.98835E-05
9.98829E-05 9.98829E-05 9.98829E-05 9.98829E-05 9.98829E-05 0.880559 9.98829E-05 9.98829E-05 9.98829E-05 9.98829E-05 9.98829E-05 0.118142 9.98829E-05 9.98829E-05 9.98829E-05
9.99098E-05 9.99098E-05 9.99098E-05 0.00171896 9.99098E-05 0.857528 9.99098E-05 9.99098E-05 9.99098E-05 0.0454359 9.99098E-05 0.0762219 0.0180959 9.99098E-05 9.99098E-05
9.98741E-05 9.98741E-05 9.98741E-05 9.98741E-05 9.98741E-05 9.98741E-05 9.98741E-05 9.98741E-05 0.998602 9.98741E-05 9.98741E-05 9.98741E-05 9.98741E-05 9.98741E-05 9.98741E-05
9.98925E-05 9.98925E-05 9.98925E-05 9.98925E-05 9.98925E-05 9.98925E-05 9.98925E-05 9.98925E-05 9.98925E-05 9.98925E-05 0.366287 0.000126074 9.98925E-05 9.98925E-05 0.632388
0.230407 0.0642561 9.99731E-05 0.269922 0.0173067 0.00816913 0.0589592 0.023167 9.99731E-05 0.0179293 0.0805572 0.0835163 9.99731E-05 0.114397 0.0311144
9.99014E-05 0.00349312 9.99014E-05 9.99014E-05 9.99014E-05 9.99014E-05 9.99014E-05 0.00104065 9.99014E-05 9.99014E-05 0.921975 9.99014E-05 9.99014E-05 9.99014E-05 0.0723918
0.0323281 9.99189E-05 9.99189E-05 0.0254984 9.99189E-05 9.99189E-05 0.0143176 0.00982885 9.99189E-05 9.99189E-05 0.683359 9.99189E-05 9.99189E-05 9.99189E-05 0.233769
0.00271343 0.00104897 9.98921E-05 9.98921E-05 9.98921E-05 9.98921E-05 9.98921E-05 9.98921E-05 9.98921E-05 9.98921E-05 9.98921E-05 9.98921E-05 9.98921E-05 9.98921E-05 0.995039
9.98832E-05 9.98832E-05 9.98832E-05 9.98832E-05 0.0123959 9.98832E-05 9.98832E-05 9.98832E-05 9.98832E-05 9.98832E-05 9.98832E-05 9.98832E-05 9.98832E-05 9.98832E-05 0.986306
9.99191E-05 0.148616 9.99191E-05 9.99191E-05 9.99191E-05 9.99191E-05 0.0127968 9.99191E-05 9.99191E-05 0.0106829 0.632131 0.0298523 9.99191E-05 9.99191E-05 0.165021
9.98919E-05 9.98919E-05 9.98919E-05 0.017663 9.98919E-05 9.98919E-05 9.98919E-05 9.98919E-05 9.98919E-05 9.98919E-05 0.490423 9.98919E-05 9.98919E-05 9.98919E-05 0.490715
0.00146153 0.99724 9.98831E-05 9.98831E-05 9.98831E-05 9.98831E-05 9.98831E-05 9.98831E-05 9.98831E-05 9.98831E-05 9.98831E-05 9.98831E-05 9.98831E-05 9.98831E-05 9.98831E-05
9.98921E-05 0.971192 9.98921E-05 9.98921E-05 9.98921E-05 0.0224663 9.98921E-05 0.0051432 9.98921E-05 9.98921E-05 9.98921E-05 9.98921E-05 9.98921E-05 9.98921E-05 9.98921E-05
0.0444372 9.99011E-05 9.99011E-05 9.99011E-05 0.00558773 9.99011E-05 9.99011E-05 9.99011E-05 9.99011E-05 9.99011E-05 0.840239 9.99011E-05 9.99011E-05 9.99011E-05 0.108637
0.0169936 0.0490052 9.9901E-05 9.9901E-05 9.9901E-05 9.9901E-05 9.9901E-05 9.9901E-05 9.9901E-05 0.00203031 9.9901E-05 9.9901E-05 9.9901E-05 0.930872 9.9901E-05
0.0186951 9.98829E-05 9.98829E-05 9.98829E-05 9.98829E-05 9.98829E-05 9.98829E-05 9.98829E-05 9.98829E-05 9.98829E-05 9.98829E-05 9.98829E-05 9.98829E-05 0.980006 9.98829E-05
9.98922E-05 9.98922E-05 9.98922E-05 9.98922E-05 9.98922E-05 9.98922E-05 9.98922E-05 9.98922E-05 0.00126064 0.989508 9.98922E-05 0.0080329 9.98922E-05 9.98922E-05 9.98922E-05
9.98743E-05 9.98743E-05 9.98743E-05 9.98743E-05 9.98743E-05 9.98743E-05 9.98743E-05 9.98743E-05 9.98743E-05 0.998602 9.98743E-05 9.98743E-05 9.98743E-05 9.98743E-05 9.98743E-05
9.991E-05 9.991E-05 0.0533209 9.991E-05 9.991E-05 9.991E-05 0.0181768 9.991E-05 9.991E-05 9.991E-05 9.991E-05 0.819488 9.991E-05 0.0881242 0.0198907
9.99099E-05 9.99099E-05 0.0577067 9.99099E-05 9.99099E-05 0.0647937 9.99099E-05 9.99099E-05 9.99099E-05 9.99099E-05 9.99099E-05 0.76511 9.99099E-05 0.109681 0.00170907
9.98922E-05 0.018163 9.98922E-05 9.98922E-05 9.98922E-05 9.98922E-05 9.98922E-05 9.98922E-05 9.98922E-05 0.972546 9.98922E-05 0.00809256 9.98922E-05 9.98922E-05 9.98922E-05
9.98832E-05 9.98832E-05 9.98832E-05 9.98832E-05 9.98832E-05 9.98832E-05 0.000248689 9.98832E-05 9.98832E-05 0.998453 9.98832E-05 9.98832E-05 9.98832E-05 9.98832E-05 9.98832E-05
0.0151377 9.9892E-05 9.9892E-05 9.9892E-05 9.9892E-05 0.0131571 0.970506 9.9892E-05 9.9892E-05 9.9892E-05 9.9892E-05 9.9892E-05 9.9892E-05 9.9892E-05 9.9892E-05
9.99201E-05 9.99201E-05 0.00908939 9.99201E-05 0.0408429 0.113768 9.99201E-05 0.0958192 9.99201E-05 9.99201E-05 9.99201E-05 0.112636 0.041526 0.585519 9.99201E-05
0.0375426 9.9892E-05 0.916058 9.9892E-05 9.9892E-05 9.9892E-05 9.9892E-05 0.0452006 9.9892E-05 9.9892E-05 9.9892E-05 9.9892E-05 9.9892E-05 9.9892E-05 9.9892E-05
9.99191E-05 9.99191E-05 9.99191E-05 0.304645 9.99191E-05 0.227493 9.99191E-05 9.99191E-05 9.99191E-05 0.0301813 0.0863972 0.157724 0.19266 9.99191E-05 9.99191E-05
9.99103E-05 9.99103E-05 9.99103E-05 0.414114 9.99103E-05 0.255466 0.14669 9.99103E-05 9.99103E-05 0.118644 9.99103E-05 9.99103E-05 0.0640878 9.99103E-05 9.99103E-05
9.99101E-05 0.763716 9.99101E-05 9.99101E-05 0.0118081 9.99101E-05 9.99101E-05 9.99101E-05 0.0184568 0.0180586 9.99101E-05 9.99101E-05 9.99101E-05 9.99101E-05 0.186962
