9.98919E-05 9.98919E-05 0.00170892 9.98919E-05 0.0712224 9.98919E-05 9.98919E-05 9.98919E-05 0.92587 9.98919E-05 9.98919E-05 9.98919E-05 9.98919E-05 9.98919E-05 9.98919E-05
0.00710679 0.080384 0.691159 9.99009E-05 9.99009E-05 9.99009E-05 9.99009E-05 0.220251 9.99009E-05 9.99009E-05 9.99009E-05 9.99009E-05 9.99009E-05 9.99009E-05 9.99009E-05
9.9874E-05 9.9874E-05 9.9874E-05 9.9874E-05 9.9874E-05 9.9874E-05 9.9874E-05 9.9874E-05 9.9874E-05 9.9874E-05 9.9874E-05 9.9874E-05 9.9874E-05 9.9874E-05 0.998602
0.0126528 0.952629 9.99011E-05 9.99011E-05 9.99011E-05 9.99011E-05 9.99011E-05 9.99011E-05 9.99011E-05 9.99011E-05 9.99011E-05 9.99011E-05 0.00708418 0.026535 9.99011E-05
9.99461E-05 0.25819 0.051834 9.99461E-05 0.0695172 9.99461E-05 0.209977 0.156988 0.00255513 9.99461E-05 9.99461E-05 0.185342 0.0430189 9.99461E-05 0.0219776
0.0147866 0.949586 9.99011E-05 9.99011E-05 9.99011E-05 9.99011E-05 0.00203243 0.0324959 9.99011E-05 9.99011E-05 9.99011E-05 9.99011E-05 9.99011E-05 9.99011E-05 9.99011E-05
9.9874E-05 9.9874E-05 9.9874E-05 9.9874E-05 9.9874E-05 9.9874E-05 9.9874E-05 9.9874E-05 9.9874E-05 9.9874E-05 9.9874E-05 0.998602 9.9874E-05 9.9874E-05 9.9874E-05
9.99279E-05 9.99279E-05 0.0837505 9.99279E-05 0.0840809 9.99279E-05 0.681845 0.014449 9.99279E-05 9.99279E-05 9.99279E-05 0.00155242 0.0566751 9.99279E-05 0.0768475
9.98919E-05 9.98919E-05 0.06586 9.98919E-05 9.98919E-05 9.98919E-05 9.98919E-05 9.98919E-05 9.98919E-05 0.00343722 9.98919E-05 0.929504 9.98919E-05 9.98919E-05 9.98919E-05
9.9883E-05 9.9883E-05 9.9883E-05 9.9883E-05 0.856971 9.9883E-05 9.9883E-05 9.9883E-05 9.9883E-05 9.9883E-05 9.9883E-05 0.141731 9.9883E-05 9.9883E-05 9.9883E-05
9.9883E-05 9.9883E-05 9.9883E-05 9.9883E-05 0.84296 9.9883E-05 9.9883E-05 9.9883E-05 9.9883E-05 9.9883E-05 9.9883E-05 0.155742 9.9883E-05 9.9883E-05 9.9883E-05
0.0149245 0.0244037 9.991E-05 0.16728 9.991E-05 9.991E-05 9.991E-05 9.991E-05 0.653901 9.991E-05 9.991E-05 9.991E-05 9.991E-05 0.138491 9.991E-05
9.98923E-05 0.0236867 9.98923E-05 0.972445 9.98923E-05 9.98923E-05 9.98923E-05 9.98923E-05 9.98923E-05 9.98923E-05 9.98923E-05 0.00267013 9.98923E-05 9.98923E-05 9.98923E-05
0.022949 0.922693 0.00571559 9.99191E-05 9.99191E-05 9.99191E-05 9.99191E-05 0.0139553 0.00366202 9.99191E-05 0.0301256 9.99191E-05 9.99191E-05 9.99191E-05 9.99191E-05
9.99011E-05 0.912728 9.99011E-05 9.99011E-05 0.0167126 9.99011E-05 9.99011E-05 0.0541284 9.99011E-05 9.99011E-05 0.0153324 9.99011E-05 9.99011E-05 9.99011E-05 9.99011E-05
0.0154239 9.99101E-05 9.99101E-05 0.1291 0.0925239 9.99101E-05 9.99101E-05 0.000887123 9.99101E-05 0.761066 9.99101E-05 9.99101E-05 9.99101E-05 9.99101E-05 9.99101E-05
0.913908 9.98828E-05 9.98828E-05 9.98828E-05 0.0847932 9.98828E-05 9.98828E-05 9.98828E-05 9.98828E-05 9.98828E-05 9.98828E-05 9.98828E-05 9.98828E-05 9.98828E-05 9.98828E-05
0.066099 9.99189E-05 0.0325531 9.99189E-05 9.99189E-05 9.99189E-05 9.99189E-05 0.0432196 9.99189E-05 0.0123863 0.818394 9.99189E-05 9.99189E-05 0.0264486 9.99189E-05
9.98831E-05 9.98831E-05 9.98831E-05 0.0329689 9.98831E-05 0.965733 9.98831E-05 9.98831E-05 9.98831E-05 9.98831E-05 9.98831E-05 9.98831E-05 9.98831E-05 9.98831E-05 9.98831E-05
0.0667761 9.99001E-05 9.99001E-05 9.99001E-05 0.49678 9.99001E-05 9.99001E-05 9.99001E-05 0.0575184 0.35288 9.99001E-05 9.99001E-05 9.99001E-05 0.0250464 9.99001E-05
9.9883E-05 9.9883E-05 9.9883E-05 9.9883E-05 9.9883E-05 0.638448 9.9883E-05 9.9883E-05 9.9883E-05 9.9883E-05 0.360254 9.9883E-05 9.9883E-05 9.9883E-05 9.9883E-05
0.0279188 9.9928E-05 9.9928E-05 0.0631115 0.0330325 9.9928E-05 9.9928E-05 0.305636 0.391011 0.170663 0.00782694 9.9928E-05 9.9928E-05 9.9928E-05 9.9928E-05
0.15144 9.99099E-05 9.99099E-05 9.99099E-05 0.206378 0.457283 0.0696639 9.99099E-05 9.99099E-05 9.99099E-05 9.99099E-05 9.99099E-05 9.99099E-05 0.114236 9.99099E-05
9.98829E-05 9.98829E-05 9.98829E-05 9.98829E-05 0.0418985 0.956803 9.98829E-05 9.98829E-05 9.98829E-05 9.98829E-05 9.98829E-05 9.98829E-05 9.98829E-05 9.98829E-05 9.98829E-05
9.98922E-05 0.932231 9.98922E-05 9.98922E-05 9.98922E-05 9.98922E-05 9.98922E-05 9.98922E-05 9.98922E-05 9.98922E-05 9.98922E-05 9.98922E-05 0.0402277 9.98922E-05 0.0263428
9.98834E-05 0.98229 0.0164112 9.98834E-05 9.98834E-05 9.98834E-05 9.98834E-05 9.98834E-05 9.98834E-05 9.98834E-05 9.98834E-05 9.98834E-05 9.98834E-05 9.98834E-05 9.98834E-05
0.0506977 9.99188E-05 9.99188E-05 0.755448 0.0760006 9.99188E-05 9.99188E-05 9.99188E-05 0.0579132 0.0314501 9.99188E-05 9.99188E-05 9.99188E-05 0.0275915 9.99188E-05
9.99011E-05 0.945115 9.99011E-05 0.0192677 9.99011E-05 9.99011E-05 9.99011E-05 9.99011E-05 9.99011E-05 9.99011E-05 9.99011E-05 0.00448883 0.0300298 9.99011E-05 9.99011E-05
9.99101E-05 0.888996 0.00378099 0.00907244 9.99101E-05 9.99101E-05 9.99101E-05 9.99101E-05 9.99101E-05 0.0148523 9.99101E-05 9.99101E-05 0.0822995 9.99101E-05 9.99101E-05
9.99191E-05 0.486145 9.99191E-05 9.99191E-05 9.99191E-05 9.99191E-05 0.310381 9.99191E-05 0.00335154 9.99191E-05 0.0603496 9.99191E-05 0.100392 0.0384816 9.99191E-05
0.00135547 0.280544 9.99009E-05 9.99009E-05 9.99009E-05 9.99009E-05 0.693691 9.99009E-05 9.99009E-05 9.99009E-05 9.99009E-05 9.99009E-05 9.99009E-05 0.0233109 9.99009E-05
9.98743E-05 9.98743E-05 0.998602 9.98743E-05 9.98743E-05 9.98743E-05 9.98743E-05 9.98743E-05 9.98743E-05 9.98743E-05 9.98743E-05 9.98743E-05 9.98743E-05 9.98743E-05 9.98743E-05
9.99013E-05 0.837638 9.99013E-05 9.99013E-05 9.99013E-05 9.99013E-05 0.145317 0.00667855 9.99013E-05 9.99013E-05 9.99013E-05 9.99013E-05 9.99013E-05 9.99013E-05 0.00926764
9.99013E-05 9.99013E-05 0.00874896 9.99013E-05 0.0143641 9.99013E-05 0.273864 9.99013E-05 9.99013E-05 9.99013E-05 9.99013E-05 9.99013E-05 0.701924 9.99013E-05 9.99013E-05
0.20481 9.99277E-05 9.99277E-05 0.514641 0.00188497 9.99277E-05 0.0557186 0.0989418 0.00953248 9.99277E-05 9.99277E-05 9.99277E-05 9.99277E-05 0.113672 9.99277E-05
0.0160808 0.940007 9.99211E-05 0.00810181 9.99211E-05 9.99211E-05 9.99211E-05 0.00448133 9.99211E-05 0.0115153 9.99211E-05 0.018914 9.99211E-05 9.99211E-05 9.99211E-05
9.98921E-05 9.98921E-05 9.98921E-05 9.98921E-05 9.98921E-05 9.98921E-05 0.0183741 9.98921E-05 0.951685 9.98921E-05 9.98921E-05 9.98921E-05 9.98921E-05 9.98921E-05 0.028742
0.00209132 0.00665955 0.229133 9.99369E-05 0.557187 9.99369E-05 9.99369E-05 0.121125 0.0437119 9.99369E-05 0.0184989 9.99369E-05 9.99369E-05 9.99369E-05 0.0208934
0.987425 9.98829E-05 9.98829E-05 9.98829E-05 9.98829E-05 9.98829E-05 0.0112763 9.98829E-05 9.98829E-05 9.98829E-05 9.98829E-05 9.98829E-05 9.98829E-05 9.98829E-05 9.98829E-05
9.9883E-05 0.00206581 9.9883E-05 9.9883E-05 9.9883E-05 9.9883E-05 9.9883E-05 0.996636 9.9883E-05 9.9883E-05 9.9883E-05 9.9883E-05 9.9883E-05 9.9883E-05 9.9883E-05
9.9874E-05 9.9874E-05 9.9874E-05 9.9874E-05 9.9874E-05 9.9874E-05 9.9874E-05 0.998602 9.9874E-05 9.9874E-05 9.9874E-05 9.9874E-05 9.9874E-05 9.9874E-05 9.9874E-05
9.9901E-05 9.9901E-05 9.9901E-05 9.9901E-05 0.873921 0.00159612 9.9901E-05 0.100439 9.9901E-05 0.0229442 9.9901E-05 9.9901E-05 9.9901E-05 9.9901E-05 9.9901E-05
9.991E-05 9.991E-05 9.991E-05 9.991E-05 9.991E-05 9.991E-05 9.991E-05 0.0084092 0.0310949 0.865535 0.0133992 0.0805624 9.991E-05 9.991E-05 9.991E-05
0.00436574 9.99189E-05 9.99189E-05 0.0465498 0.882509 9.99189E-05 9.99189E-05 9.99189E-05 0.049944 0.00346229 9.99189E-05 9.99189E-05 9.99189E-05 9.99189E-05 0.01227
9.99369E-05 9.99369E-05 0.0699981 0.153543 0.350852 0.139007 9.99369E-05 0.153425 0.0117643 0.0205333 9.99369E-05 9.99369E-05 9.99369E-05 0.100177 9.99369E-05
9.99281E-05 9.99281E-05 9.99281E-05 0.0188148 0.433844 9.99281E-05 0.0845505 0.212768 0.0738604 0.131649 0.0437138 9.99281E-05 9.99281E-05 9.99281E-05 9.99281E-05
0.210115 0.043802 9.9928E-05 0.144908 0.316383 9.9928E-05 9.9928E-05 9.9928E-05 0.212706 9.9928E-05 9.9928E-05 9.9928E-05 0.0176257 9.9928E-05 0.0536609
9.98838E-05 9.98838E-05 9.98838E-05 9.98838E-05 9.98838E-05 9.98838E-05 9.98838E-05 9.98838E-05 0.969541 9.98838E-05 0.0291603 9.98838E-05 9.98838E-05 9.98838E-05 9.98838E-05
9.98742E-05 9.98742E-05 9.98742E-05 9.98742E-05 9.98742E-05 9.98742E-05 9.98742E-05 9.98742E-05 9.98742E-05 9.98742E-05 9.98742E-05 9.98742E-05 0.998602 9.98742E-05 9.98742E-05
9.98831E-05 9.98831E-05 9.98831E-05 9.98831E-05 9.98831E-05 9.98831E-05 9.98831E-05 0.00952198 9.98831E-05 9.98831E-05 9.98831E-05 9.98831E-05 0.98918 9.98831E-05 9.98831E-05
9.98922E-05 9.98922E-05 9.98922E-05 9.98922E-05 9.98922E-05 9.98922E-05 9.98922E-05 9.98922E-05 9.98922E-05 0.0101173 9.98922E-05 9.98922E-05 0.97644 9.98922E-05 0.0122438
9.98742E-05 9.98742E-05 9.98742E-05 9.98742E-05 9.98742E-05 9.98742E-05 9.98742E-05 9.98742E-05 9.98742E-05 9.98742E-05 9.98742E-05 9.98742E-05 0.998602 9.98742E-05 9.98742E-05
9.98743E-05 9.98743E-05 9.98743E-05 9.98743E-05 9.98743E-05 9.98743E-05 9.98743E-05 9.98743E-05 9.98743E-05 9.98743E-05 9.98743E-05 9.98743E-05 0.998602 9.98743E-05 9.98743E-05
9.99461E-05 0.0507496 0.0220426 9.99461E-05 0.0113093 0.0469742 0.407245 9.99461E-05 0.0069668 0.00703826 9.99461E-05 0.149253 0.297821 9.99461E-05 9.99461E-05
9.98921E-05 9.98921E-05 0.0500358 9.98921E-05 9.98921E-05 9.98921E-05 9.98921E-05 9.98921E-05 9.98921E-05 0.0174315 9.98921E-05 9.98921E-05 0.931334 9.98921E-05 9.98921E-05
9.98919E-05 9.98919E-05 9.98919E-05 9.98919E-05 9.98919E-05 9.98919E-05 9.98919E-05 9.98919E-05 0.820015 0.177447 9.98919E-05 0.00133927 9.98919E-05 9.98919E-05 9.98919E-05
9.99145E-05 9.99145E-05 0.919766 0.00248987 9.99145E-05 9.99145E-05 9.99145E-05 9.99145E-05 9.99145E-05 9.99145E-05 9.99145E-05 0.0448908 0.0272112 0.00464252 9.99145E-05
9.98829E-05 0.942045 9.98829E-05 9.98829E-05 9.98829E-05 9.98829E-05 9.98829E-05 0.0566564 9.98829E-05 9.98829E-05 9.98829E-05 9.98829E-05 9.98829E-05 9.98829E-05 9.98829E-05
9.98921E-05 9.98921E-05 9.98921E-05 0.806116 9.98921E-05 9.98921E-05 9.98921E-05 0.188086 9.98921E-05 9.98921E-05 9.98921E-05 9.98921E-05 9.98921E-05 0.00459932 9.98921E-05
9.98923E-05 9.98923E-05 9.98923E-05 0.0619311 9.98923E-05 9.98923E-05 9.98923E-05 9.98923E-05 0.0165135 0.920357 9.98923E-05 9.98923E-05 9.98923E-05 9.98923E-05 9.98923E-05
9.98834E-05 9.98834E-05 9.98834E-05 0.930808 9.98834E-05 9.98834E-05 9.98834E-05 9.98834E-05 9.98834E-05 9.98834E-05 9.98834E-05 0.0678937 9.98834E-05 9.98834E-05 9.98834E-05
9.99009E-05 9.99009E-05 9.99009E-05 0.862962 0.116305 9.99009E-05 9.99009E-05 0.019158 9.99009E-05 9.99009E-05 9.99009E-05 0.000475963 9.99009E-05 9.99009E-05 9.99009E-05
9.99008E-05 9.99008E-05 9.99008E-05 0.821233 0.106402 9.99008E-05 9.99008E-05 0.0443259 9.99008E-05 9.99008E-05 9.99008E-05 9.99008E-05 9.99008E-05 0.0269398 9.99008E-05
9.9874E-05 9.9874E-05 9.9874E-05 9.9874E-05 9.9874E-05 9.9874E-05 9.9874E-05 9.9874E-05 9.9874E-05 9.9874E-05 0.998602 9.9874E-05 9.9874E-05 9.9874E-05 9.9874E-05
9.99015E-05 0.95822 9.99015E-05 9.99015E-05 9.99015E-05 9.99015E-05 9.99015E-05 9.99015E-05 9.99015E-05 9.99015E-05 9.99015E-05 0.0117486 0.0092342 9.99015E-05 0.0196983
0.11468 0.257411 0.0566094 0.0233856 0.019515 0.0245308 9.9991E-05 0.0996717 0.0434966 0.168383 0.016941 0.0593277 0.0594927 0.00387287 0.0525831
9.99103E-05 0.783387 0.000292434 9.99103E-05 9.99103E-05 9.99103E-05 0.021452 9.99103E-05 9.99103E-05 0.0354468 9.99103E-05 9.99103E-05 9.99103E-05 9.99103E-05 0.158423
0.0461005 0.869757 9.9919E-05 9.9919E-05 9.9919E-05 9.9919E-05 0.046351 0.0173333 0.00406893 9.9919E-05 9.9919E-05 0.0154895 9.9919E-05 9.9919E-05 9.9919E-05
9.9919E-05 0.851139 0.024654 9.9919E-05 9.9919E-05 9.9919E-05 0.0405273 9.9919E-05 9.9919E-05 0.0419778 9.9919E-05 0.00206034 0.0387422 9.9919E-05 9.9919E-05
9.99012E-05 0.894561 0.0689545 9.99012E-05 9.99012E-05 9.99012E-05 9.99012E-05 9.99012E-05 9.99012E-05 0.0207729 9.99012E-05 9.99012E-05 0.0146127 9.99012E-05 9.99012E-05
9.99012E-05 0.753178 9.99012E-05 9.99012E-05 0.0354852 9.99012E-05 0.131455 0.0787836 9.99012E-05 9.99012E-05 9.99012E-05 9.99012E-05 9.99012E-05 9.99012E-05 9.99012E-05
0.0290191 0.958287 9.98919E-05 9.98919E-05 9.98919E-05 9.98919E-05 9.98919E-05 0.0114949 9.98919E-05 9.98919E-05 9.98919E-05 9.98919E-05 9.98919E-05 9.98919E-05 9.98919E-05
9.9874E-05 9.9874E-05 9.9874E-05 9.9874E-05 9.9874E-05 9.9874E-05 0.998602 9.9874E-05 9.9874E-05 9.9874E-05 9.9874E-05 9.9874E-05 9.9874E-05 9.9874E-05 9.9874E-05
9.98921E-05 9.98921E-05 9.98921E-05 0.0364483 9.98921E-05 9.98921E-05 0.927485 9.98921E-05 9.98921E-05 9.98921E-05 9.98921E-05 0.0348678 9.98921E-05 9.98921E-05 9.98921E-05
9.99371E-05 0.937583 9.99371E-05 0.00506519 0.021406 9.99371E-05 9.99371E-05 9.99371E-05 0.00205 0.0166652 9.99371E-05 9.99371E-05 0.000357318 0.00043385 0.0157403
9.9901E-05 9.9901E-05 0.0238552 9.9901E-05 9.9901E-05 9.9901E-05 0.032945 0.00555637 9.9901E-05 0.936544 9.9901E-05 9.9901E-05 9.9901E-05 9.9901E-05 9.9901E-05
9.9883E-05 9.9883E-05 9.9883E-05 9.9883E-05 9.9883E-05 9.9883E-05 9.9883E-05 9.9883E-05 9.9883E-05 0.977285 9.9883E-05 9.9883E-05 0.021417 9.9883E-05 9.9883E-05
9.98742E-05 9.98742E-05 9.98742E-05 9.98742E-05 9.98742E-05 9.98742E-05 9.98742E-05 9.98742E-05 9.98742E-05 9.98742E-05 9.98742E-05 9.98742E-05 9.98742E-05 0.998602 9.98742E-05
9.98743E-05 9.98743E-05 9.98743E-05 9.98743E-05 9.98743E-05 9.98743E-05 9.98743E-05 9.98743E-05 9.98743E-05 9.98743E-05 9.98743E-05 9.98743E-05 9.98743E-05 0.998602 9.98743E-05
9.99009E-05 9.99009E-05 0.0833353 9.99009E-05 0.75155 9.99009E-05 9.99009E-05 0.104252 9.99009E-05 0.0597645 9.99009E-05 9.99009E-05 9.99009E-05 9.99009E-05 9.99009E-05
9.99369E-05 9.99369E-05 0.0625266 0.0304745 0.716981 9.99369E-05 9.99369E-05 0.0729977 0.0127972 0.091163 0.0103195 0.00204054 9.99369E-05 9.99369E-05 9.99369E-05
9.98921E-05 9.98921E-05 0.027181 9.98921E-05 9.98921E-05 9.98921E-05 9.98921E-05 9.98921E-05 9.98921E-05 0.0255887 9.98921E-05 9.98921E-05 9.98921E-05 0.946032 9.98921E-05
9.98832E-05 9.98832E-05 9.98832E-05 9.98832E-05 9.98832E-05 9.98832E-05 9.98832E-05 0.00554516 9.98832E-05 9.98832E-05 9.98832E-05 9.98832E-05 9.98832E-05 0.993156 9.98832E-05
9.99099E-05 9.99099E-05 9.99099E-05 0.0307632 9.99099E-05 9.99099E-05 9.99099E-05 9.99099E-05 0.949239 0.0134667 9.99099E-05 0.00332495 0.00220674 9.99099E-05 9.99099E-05
9.99099E-05 9.99099E-05 9.99099E-05 0.126459 9.99099E-05 0.02834 9.99099E-05 0.649065 9.99099E-05 0.0687218 9.99099E-05 0.126415 9.99099E-05 9.99099E-05 9.99099E-05
9.9892E-05 9.9892E-05 0.90247 9.9892E-05 9.9892E-05 9.9892E-05 9.9892E-05 9.9892E-05 9.9892E-05 9.9892E-05 9.9892E-05 0.0486855 0.0476462 9.9892E-05 9.9892E-05
0.321123 0.0541045 9.99192E-05 0.192491 0.285525 0.120147 9.99192E-05 9.99192E-05 9.99192E-05 9.99192E-05 9.99192E-05 9.99192E-05 9.99192E-05 0.02571 9.99192E-05
0.412982 9.99281E-05 9.99281E-05 0.259833 9.99281E-05 0.068203 9.99281E-05 0.0153089 0.126846 0.0258516 9.99281E-05 9.99281E-05 9.99281E-05 0.0901762 9.99281E-05
9.99012E-05 0.194827 9.99012E-05 9.99012E-05 9.99012E-05 0.0121718 0.779401 9.99012E-05 9.99012E-05 9.99012E-05 9.99012E-05 9.99012E-05 9.99012E-05 0.0125014 9.99012E-05
