9.996E-05 0.9995 9.996E-05 9.996E-05 9.996E-05 9.996E-05
0.284133 0.407932 9.9973E-05 9.9973E-05 0.307635 9.9973E-05
0.0294016 9.99911E-05 0.0368306 0.0845778 0.825906 0.0231838
9.9964E-05 9.9964E-05 0.0323828 9.9964E-05 0.967217 9.9964E-05
0.248096 0.269457 9.99731E-05 9.99731E-05 0.482147 9.99731E-05
9.9973E-05 9.9973E-05 0.0100426 9.9973E-05 0.985651 0.00400643
0.377646 9.99641E-05 9.99641E-05 0.621954 9.99641E-05 9.99641E-05
0.477738 0.122336 9.99731E-05 9.99731E-05 0.399626 9.99731E-05
0.443047 0.0427104 9.99731E-05 0.513943 9.99731E-05 9.99731E-05
0.0985373 0.856535 0.0446283 9.99731E-05 9.99731E-05 9.99731E-05
0.0665245 0.858426 0.0580032 0.0168462 9.9982E-05 9.9982E-05
9.9982E-05 0.592837 0.139835 0.208028 0.0590997 9.9982E-05
9.996E-05 9.996E-05 9.996E-05 0.9995 9.996E-05 9.996E-05
9.9982E-05 0.0336763 0.00507738 9.9982E-05 0.942403 0.018643
9.9973E-05 0.0355843 9.9973E-05 9.9973E-05 0.954178 0.00993783
0.0343758 0.587131 0.00589019 0.372403 9.9982E-05 9.9982E-05
9.9982E-05 0.389821 0.339774 0.192023 9.9982E-05 0.0781818
0.0832081 0.206625 9.99729E-05 9.99729E-05 9.99729E-05 0.709867
9.9964E-05 9.9964E-05 0.0912093 9.9964E-05 9.9964E-05 0.908391
9.9973E-05 0.861847 0.110857 0.0269961 9.9973E-05 9.9973E-05
9.996E-05 9.996E-05 9.996E-05 9.996E-05 9.996E-05 0.9995
9.9973E-05 0.860479 0.00869635 0.130525 9.9973E-05 9.9973E-05
0.0249828 0.175252 0.35159 9.9991E-05 0.0187439 0.429331
9.9964E-05 9.9964E-05 0.0980216 9.9964E-05 9.9964E-05 0.901579
9.996E-05 9.996E-05 9.996E-05 9.996E-05 0.9995 9.996E-05
9.996E-05 9.996E-05 9.996E-05 9.996E-05 0.9995 9.996E-05
9.99729E-05 0.123395 0.0889677 0.787337 9.99729E-05 9.99729E-05
0.0728091 9.9964E-05 9.9964E-05 9.9964E-05 0.926791 9.9964E-05
0.0824069 9.9973E-05 9.9973E-05 0.00801936 0.909274 9.9973E-05
0.261389 9.9982E-05 0.0236567 9.9982E-05 0.685332 0.0294228
0.296854 9.9973E-05 0.0657892 9.9973E-05 0.637057 9.9973E-05
0.611676 0.310174 9.99732E-05 9.99732E-05 0.0778502 9.99732E-05
9.996E-05 9.996E-05 9.996E-05 9.996E-05 0.9995 9.996E-05
0.932602 9.9973E-05 0.0113822 9.9973E-05 0.0557157 9.9973E-05
9.99819E-05 0.174991 0.230886 0.530214 0.0637086 9.99819E-05
9.99639E-05 9.99639E-05 9.99639E-05 0.0397141 0.959886 9.99639E-05
9.99642E-05 0.941485 9.99642E-05 9.99642E-05 0.0581152 9.99642E-05
0.111269 0.808289 9.9982E-05 9.9982E-05 0.0641466 0.0160955
9.9991E-05 0.217702 0.399732 0.148844 0.164402 0.0692199
9.9973E-05 0.878015 0.0135604 9.9973E-05 0.108124 9.9973E-05
9.9982E-05 0.90893 0.0185877 9.9982E-05 0.0713484 0.000934404
9.9973E-05 0.939085 0.0141755 9.9973E-05 9.9973E-05 0.0464393
0.0353468 0.699223 9.9973E-05 0.265131 9.9973E-05 9.9973E-05
0.0421823 0.855402 0.101015 9.9982E-05 9.9982E-05 0.00120105
0.0130635 0.541099 0.147377 0.163118 9.9991E-05 0.135242
0.0118925 0.743993 0.065476 0.0573271 0.0741475 0.047164
0.0807034 0.487055 0.130517 0.216997 0.0754327 0.00929604
9.99644E-05 0.989558 9.99644E-05 9.99644E-05 9.99644E-05 0.0100423
0.9995 9.996E-05 9.996E-05 9.996E-05 9.996E-05 9.996E-05
0.9995 9.996E-05 9.996E-05 9.996E-05 9.996E-05 9.996E-05
0.9995 9.996E-05 9.996E-05 9.996E-05 9.996E-05 9.996E-05
0.9995 9.996E-05 9.996E-05 9.996E-05 9.996E-05 9.996E-05
0.9995 9.996E-05 9.996E-05 9.996E-05 9.996E-05 9.996E-05
0.649562 0.0578196 9.9991E-05 0.0127664 0.239392 0.0403594
0.999323 9.99639E-05 0.000277294 9.99639E-05 9.99639E-05 9.99639E-05
9.9964E-05 0.932605 9.9964E-05 0.0669951 9.9964E-05 9.9964E-05
0.581214 0.274699 9.9982E-05 0.0529138 0.090973 9.9982E-05
9.996E-05 9.996E-05 9.996E-05 9.996E-05 0.9995 9.996E-05
0.00689581 0.00673655 0.0793852 0.906782 9.9982E-05 9.9982E-05
9.9982E-05 0.535008 0.0162149 0.379423 0.0691549 9.9982E-05
9.996E-05 9.996E-05 9.996E-05 0.9995 9.996E-05 9.996E-05
9.99729E-05 0.0942751 0.0212789 0.884146 9.99729E-05 9.99729E-05
9.99819E-05 0.0596058 0.075238 0.848286 9.99819E-05 0.0166707
9.99641E-05 0.104569 9.99641E-05 9.99641E-05 9.99641E-05 0.895032
9.996E-05 9.996E-05 9.996E-05 9.996E-05 0.9995 9.996E-05
0.0829363 0.119172 0.0611324 0.275708 0.381863 0.0791882
9.99641E-05 9.99641E-05 9.99641E-05 0.00934759 0.990253 9.99641E-05
0.0267045 0.0177042 9.9973E-05 9.9973E-05 0.955291 9.9973E-05
0.0734628 9.9973E-05 9.9973E-05 0.0208521 0.905385 9.9973E-05
0.0394933 9.9973E-05 9.9973E-05 9.9973E-05 0.958825 0.00138198
0.058272 0.0570861 9.99731E-05 9.99731E-05 0.884342 9.99731E-05
9.9973E-05 9.9973E-05 0.00278829 9.9973E-05 0.994505 0.00240671
0.504133 9.99643E-05 9.99643E-05 9.99643E-05 0.495467 9.99643E-05
0.346134 9.99732E-05 9.99732E-05 0.162279 0.491287 9.99732E-05
0.00327676 0.0159327 9.9973E-05 9.9973E-05 0.980491 9.9973E-05
0.110959 0.675111 0.0412333 0.114341 0.0582561 9.9991E-05
0.107601 0.617549 0.0463141 0.18421 0.0442256 9.9991E-05
9.996E-05 9.996E-05 0.9995 9.996E-05 9.996E-05 9.996E-05
9.996E-05 9.996E-05 0.9995 9.996E-05 9.996E-05 9.996E-05
0.0533724 0.878901 0.0362925 0.0226447 9.9991E-05 0.00868933
0.064441 0.823186 0.0264389 0.0857343 9.9982E-05 9.9982E-05
9.996E-05 9.996E-05 0.9995 9.996E-05 9.996E-05 9.996E-05
9.996E-05 9.996E-05 0.9995 9.996E-05 9.996E-05 9.996E-05
0.019709 0.902203 9.9973E-05 0.0777885 9.9973E-05 9.9973E-05
0.0199565 0.656741 9.9982E-05 0.267859 9.9982E-05 0.0552439
0.605058 0.265094 9.9982E-05 0.0607162 0.0689319 9.9982E-05
9.9991E-05 0.210091 0.302972 0.285071 0.0537808 0.147985
9.99821E-05 0.203651 0.303935 0.419778 9.99821E-05 0.0724359
0.374993 9.99821E-05 0.0423192 9.99821E-05 0.548852 0.0336359
