9.999E-05 9.999E-05 0.9998
9.999E-05 0.531422 0.468478
0.0526721 0.880214 0.0671143
9.999E-05 0.9998 9.999E-05
9.9991E-05 0.681285 0.318615
9.999E-05 0.9998 9.999E-05
9.999E-05 0.342216 0.657684
9.999E-05 0.817037 0.182863
9.9991E-05 0.373029 0.626871
9.9991E-05 0.0031015 0.996799
9.999E-05 9.999E-05 0.9998
9.9991E-05 0.0232368 0.976663
9.99911E-05 0.026633 0.973267
0.0214638 0.978436 9.9991E-05
9.999E-05 0.9998 9.999E-05
9.9991E-05 0.0326649 0.967235
0.195956 0.0387479 0.765296
0.733227 0.0195731 0.2472
0.9998 9.999E-05 9.999E-05
9.999E-05 9.999E-05 0.9998
0.9998 9.999E-05 9.999E-05
9.999E-05 9.999E-05 0.9998
0.548722 0.0910077 0.360271
0.9998 9.999E-05 9.999E-05
9.999E-05 0.9998 9.999E-05
9.999E-05 0.9998 9.999E-05
9.999E-05 9.999E-05 0.9998
9.999E-05 0.9998 9.999E-05
9.999E-05 0.9998 9.999E-05
0.0497177 0.950182 9.9991E-05
0.0356055 0.959448 0.00494668
0.00652477 0.575418 0.418057
9.999E-05 0.9998 9.999E-05
9.9991E-05 0.840959 0.158941
9.9991E-05 0.0539267 0.945973
9.9991E-05 0.986102 0.0137982
9.9991E-05 0.0460347 0.953865
0.0207306 0.16218 0.81709
0.177444 0.171815 0.650741
9.9991E-05 0.10333 0.89657
0.0165906 0.0956235 0.887786
0.00934698 9.9991E-05 0.990553
9.9991E-05 0.0296722 0.970228
0.0128917 9.9991E-05 0.987008
0.158502 9.9991E-05 0.841398
0.0439195 0.0847744 0.871306
0.00651009 0.175047 0.818443
0.00294434 9.99911E-05 0.996956
0.0285743 0.844316 0.12711
0.0498033 0.828618 0.121579
0.0416447 0.795047 0.163308
0.0440486 0.857243 0.0987088
0.037624 0.862179 0.100197
0.0697239 0.740528 0.189748
9.9991E-05 0.78676 0.21314
9.999E-05 9.999E-05 0.9998
9.9991E-05 0.565887 0.434013
9.999E-05 0.9998 9.999E-05
9.999E-05 9.999E-05 0.9998
9.9991E-05 0.0601898 0.93971
9.999E-05 9.999E-05 0.9998
9.999E-05 9.999E-05 0.9998
0.0182833 9.9991E-05 0.981617
0.922446 9.9991E-05 0.0774538
9.999E-05 0.9998 9.999E-05
0.0834985 0.368655 0.547846
9.999E-05 0.9998 9.999E-05
9.999E-05 0.9998 9.999E-05
9.999E-05 0.9998 9.999E-05
9.999E-05 0.9998 9.999E-05
9.9991E-05 0.954808 0.0450919
9.999E-05 0.9998 9.999E-05
9.99911E-05 0.941443 0.0584571
0.00547341 0.884977 0.10955
9.999E-05 0.9998 9.999E-05
9.9991E-05 0.170441 0.829459
9.9991E-05 0.163987 0.835913
0.26985 0.104256 0.625894
0.280906 0.107803 0.611291
9.9991E-05 0.0670956 0.932804
0.00126259 0.0352439 0.963494
0.257259 0.120757 0.621983
0.273858 0.131248 0.594894
9.999E-05 9.999E-05 0.9998
0.027506 9.9991E-05 0.972394
9.9991E-05 0.573319 0.426581
0.224923 0.0822909 0.692787
0.17944 0.0263666 0.794193
0.0921971 0.885467 0.0223355
