0.930131 9.9991E-05 0.069769
0.36127 0.2741 0.364629
0.080004 0.837702 0.0822942
9.999E-05 0.9998 9.999E-05
0.197261 0.46413 0.338609
9.999E-05 0.9998 9.999E-05
0.469696 0.0151662 0.515138
0.0789235 0.423092 0.497984
0.447662 9.9991E-05 0.552238
0.795665 9.9991E-05 0.204235
0.851038 9.9991E-05 0.148862
0.883568 0.116332 9.9991E-05
0.901816 0.0980836 9.9991E-05
0.00580435 0.994096 9.9991E-05
9.999E-05 0.9998 9.999E-05
0.854975 0.0199172 0.125107
0.960164 0.0397355 9.9991E-05
0.972701 9.99911E-05 0.0271988
0.9998 9.999E-05 9.999E-05
0.93999 9.9991E-05 0.0599097
0.9998 9.999E-05 9.999E-05
0.930984 0.0179775 0.0510386
0.923346 0.0168982 0.0597553
0.9998 9.999E-05 9.999E-05
9.999E-05 0.9998 9.999E-05
9.999E-05 0.9998 9.999E-05
0.991365 9.9991E-05 0.00853457
9.9991E-05 0.942132 0.0577682
9.9991E-05 0.907812 0.0920884
0.00271287 0.749987 0.2473
9.9991E-05 0.707207 0.292693
0.266688 0.102233 0.63108
9.999E-05 0.9998 9.999E-05
9.9991E-05 0.132424 0.867476
0.884372 0.115528 9.9991E-05
9.999E-05 0.9998 9.999E-05
0.891351 0.108549 9.9991E-05
0.730048 0.049376 0.220576
0.822755 0.177145 9.9991E-05
0.835008 0.164892 9.99909E-05
0.845595 0.0869007 0.0675047
0.921378 9.99909E-05 0.078522
0.85548 9.9991E-05 0.144421
0.888273 9.99909E-05 0.111627
0.916837 9.9991E-05 0.0830629
0.81441 0.0541285 0.131462
0.783373 0.132988 0.0836394
0.945956 9.99911E-05 0.0539439
9.999E-05 9.999E-05 0.9998
9.999E-05 9.999E-05 0.9998
9.999E-05 9.999E-05 0.9998
9.999E-05 9.999E-05 0.9998
9.999E-05 9.999E-05 0.9998
0.138569 0.22901 0.632421
9.999E-05 9.999E-05 0.9998
0.893518 9.9991E-05 0.106382
0.276869 0.0868412 0.63629
9.999E-05 0.9998 9.999E-05
0.936301 0.0230366 0.040662
0.855473 0.0785573 0.0659698
0.960943 9.9991E-05 0.0389573
0.977204 0.0226957 9.9991E-05
0.9998 9.999E-05 9.999E-05
0.9998 9.999E-05 9.999E-05
9.999E-05 0.9998 9.999E-05
0.563634 0.270192 0.166174
9.999E-05 0.9998 9.999E-05
0.0150447 0.942443 0.0425122
9.9991E-05 0.895907 0.103993
9.9991E-05 0.913164 0.0867362
0.0290882 0.94155 0.0293618
9.9991E-05 0.99291 0.00698954
9.99911E-05 0.428889 0.571011
0.0243072 0.518677 0.457016
0.00848856 0.945916 0.0455959
0.742088 0.0937291 0.164183
0.749637 0.038722 0.211641
0.86473 0.13517 9.9991E-05
0.872707 0.127193 9.9991E-05
0.854415 9.99909E-05 0.145485
0.822112 9.99909E-05 0.177788
0.873057 0.126843 9.9991E-05
0.83107 0.16883 9.9991E-05
0.897753 9.9991E-05 0.102147
0.86704 0.0227541 0.110206
0.258136 0.0785111 0.663353
0.891177 0.108723 9.9991E-05
0.956205 0.0436955 9.9991E-05
0.0293096 0.5961 0.37459
