9.996E-05 9.996E-05 0.9995 9.996E-05 9.996E-05 9.996E-05
9.9973E-05 9.9973E-05 0.414839 9.9973E-05 0.308745 0.276116
0.0912361 0.0702148 9.99911E-05 0.0466024 0.694317 0.0975298
9.9964E-05 0.018732 9.9964E-05 9.9964E-05 0.980868 9.9964E-05
9.99731E-05 9.99731E-05 0.269229 9.99731E-05 0.4397 0.290771
9.9973E-05 9.9973E-05 0.000350152 0.0123649 0.986985 9.9973E-05
0.596037 9.99642E-05 9.99642E-05 9.99642E-05 9.99642E-05 0.403563
9.99821E-05 0.0288572 0.0944484 9.99821E-05 0.420736 0.455759
0.454807 9.99731E-05 0.122045 9.99731E-05 9.99731E-05 0.422848
9.99731E-05 0.0808381 0.82596 9.99731E-05 9.99731E-05 0.092902
0.0505701 0.0886932 0.782173 9.9982E-05 9.9982E-05 0.0783634
0.209927 0.154801 0.578326 9.9982E-05 0.0567456 9.9982E-05
0.9995 9.996E-05 9.996E-05 9.996E-05 9.996E-05 9.996E-05
9.9982E-05 0.00416089 0.0362823 0.0244005 0.934956 9.9982E-05
9.9964E-05 9.9964E-05 0.0397012 9.9964E-05 0.959899 9.9964E-05
0.356852 0.0190261 0.554432 9.9991E-05 0.0434356 0.0261537
0.172783 0.389657 0.366978 0.0703828 9.9982E-05 9.9982E-05
9.99729E-05 9.99729E-05 0.214489 0.717952 9.99729E-05 0.0672593
9.9964E-05 0.0634166 9.9964E-05 0.936184 9.9964E-05 9.9964E-05
0.0352506 0.112829 0.851621 9.9973E-05 9.9973E-05 9.9973E-05
9.996E-05 9.996E-05 9.996E-05 0.9995 9.996E-05 9.996E-05
0.0700832 0.0166416 0.912975 9.9973E-05 9.9973E-05 9.9973E-05
9.999E-05 0.380566 0.166322 0.39299 0.0212163 0.0388058
9.9964E-05 0.0862272 9.9964E-05 0.913373 9.9964E-05 9.9964E-05
0.00078159 9.99641E-05 9.99641E-05 9.99641E-05 0.998819 9.99641E-05
9.996E-05 9.996E-05 9.996E-05 9.996E-05 0.9995 9.996E-05
0.747171 0.0965192 0.15601 9.99729E-05 9.99729E-05 9.99729E-05
9.9964E-05 9.9964E-05 9.9964E-05 9.9964E-05 0.934306 0.0652946
0.00336364 9.9973E-05 9.9973E-05 9.9973E-05 0.906213 0.0901236
0.0166905 0.0171248 9.9991E-05 0.0213092 0.690297 0.254478
9.9973E-05 0.0549788 9.9973E-05 9.9973E-05 0.644859 0.299862
9.99731E-05 9.99731E-05 0.32695 9.99731E-05 0.0838939 0.588856
9.996E-05 9.996E-05 9.996E-05 9.996E-05 0.9995 9.996E-05
0.0192162 0.00174465 9.9982E-05 9.9982E-05 0.0908883 0.887951
0.576338 0.225501 0.144724 9.99819E-05 0.0532367 9.99819E-05
0.0212181 0.00567907 0.0228717 9.9982E-05 0.950031 9.9982E-05
0.0099491 9.99731E-05 0.927267 9.99731E-05 0.0624842 9.99731E-05
9.9982E-05 9.9982E-05 0.801921 0.0229574 0.052671 0.12225
0.120891 0.373128 0.27764 0.0726788 0.155562 9.9991E-05
9.9973E-05 0.0176323 0.870609 9.9973E-05 0.111459 9.9973E-05
9.99729E-05 0.0388463 0.883178 9.99729E-05 0.0776754 9.99729E-05
0.0413425 0.0806437 0.868377 0.00943722 9.9982E-05 9.9982E-05
0.266636 9.9973E-05 0.690645 9.9973E-05 9.9973E-05 0.0424184
0.036017 0.105553 0.827645 0.0103415 9.9991E-05 0.0203442
0.190979 0.16614 0.525523 0.0951446 9.9991E-05 0.0221138
0.0698205 0.0851615 0.72664 0.0097895 0.0474783 0.0611106
0.250112 0.136141 0.443509 9.9991E-05 0.0877011 0.0824376
9.99644E-05 9.99644E-05 0.976762 0.0228384 9.99644E-05 9.99644E-05
9.996E-05 9.996E-05 9.996E-05 9.996E-05 9.996E-05 0.9995
9.99639E-05 9.99639E-05 9.99639E-05 0.00571779 9.99639E-05 0.993882
9.996E-05 9.996E-05 9.996E-05 9.996E-05 9.996E-05 0.9995
9.996E-05 9.996E-05 9.996E-05 9.996E-05 9.996E-05 0.9995
9.996E-05 9.996E-05 9.996E-05 9.996E-05 9.996E-05 0.9995
0.090402 9.9991E-05 0.0235372 0.0617655 0.250632 0.573563
9.99639E-05 0.00705664 9.99639E-05 9.99639E-05 9.99639E-05 0.992544
0.0624659 9.9964E-05 0.937134 9.9964E-05 9.9964E-05 9.9964E-05
0.0236164 9.9982E-05 0.330595 9.9982E-05 0.0972871 0.548301
9.996E-05 9.996E-05 9.996E-05 9.996E-05 0.9995 9.996E-05
0.831409 0.0896419 0.0763592 9.9982E-05 9.9982E-05 0.00239026
0.347955 9.9973E-05 0.55312 9.9973E-05 0.0986248 9.9973E-05
0.9995 9.996E-05 9.996E-05 9.996E-05 9.996E-05 9.996E-05
0.898759 9.99639E-05 0.100841 9.99639E-05 9.99639E-05 9.99639E-05
0.840934 0.131649 0.0142709 0.0129467 9.99819E-05 9.99819E-05
9.99641E-05 9.99641E-05 0.0721787 0.927421 9.99641E-05 9.99641E-05
9.99641E-05 9.99641E-05 9.99641E-05 9.99641E-05 0.995115 0.00448552
0.116989 0.141714 0.246885 0.0105171 0.257296 0.226599
0.00354022 9.99641E-05 9.99641E-05 9.99641E-05 0.99606 9.99641E-05
9.9973E-05 9.9973E-05 0.00533983 9.9973E-05 0.974187 0.0201731
0.0176374 9.9973E-05 9.9973E-05 9.9973E-05 0.922028 0.0600346
0.0014776 9.9982E-05 9.9982E-05 0.0117362 0.935421 0.0511653
9.99641E-05 9.99641E-05 0.0717831 9.99641E-05 0.927817 9.99641E-05
9.9964E-05 9.9964E-05 9.9964E-05 9.9964E-05 0.999004 0.000595655
9.99643E-05 9.99643E-05 9.99643E-05 9.99643E-05 0.48428 0.51532
0.221005 9.99731E-05 9.99731E-05 9.99731E-05 0.45683 0.321865
9.9982E-05 0.0154233 0.00529896 9.9982E-05 0.972346 0.0067319
0.125028 0.0472243 0.644145 9.9991E-05 0.0718859 0.111616
0.127351 0.0404878 0.668563 9.9991E-05 0.0337629 0.129736
9.996E-05 0.9995 9.996E-05 9.996E-05 9.996E-05 9.996E-05
9.996E-05 0.9995 9.996E-05 9.996E-05 9.996E-05 9.996E-05
0.00276543 0.0328672 0.90323 9.9982E-05 9.9982E-05 0.0609371
0.0664852 0.0233856 0.864 9.9982E-05 9.9982E-05 0.0459295
9.9964E-05 0.993214 9.9964E-05 9.9964E-05 9.9964E-05 0.00638628
9.996E-05 0.9995 9.996E-05 9.996E-05 9.996E-05 9.996E-05
0.0703227 9.99641E-05 0.929277 9.99641E-05 9.99641E-05 9.99641E-05
0.231231 9.9982E-05 0.668589 0.053837 9.9982E-05 0.0461423
0.00708039 9.9982E-05 0.308401 9.9982E-05 0.0670779 0.61724
0.291812 0.3343 0.189034 0.11689 0.0678647 9.9991E-05
0.36091 0.317301 0.243242 0.0783466 9.9982E-05 9.9982E-05
0.00956709 0.00829666 9.9991E-05 0.0541093 0.575915 0.352012
