9.9982E-05 0.0114239 9.9982E-05 0.988376
9.999E-05 0.319825 0.29076 0.389315
0.0912802 0.0372498 0.831202 0.0402677
9.9982E-05 9.9982E-05 0.972498 0.0273025
9.999E-05 0.331355 0.446744 0.221801
0.00625083 9.9991E-05 0.992186 0.00146282
9.999E-05 0.430231 0.0386658 0.531003
9.999E-05 0.499929 0.409274 0.0906966
9.999E-05 0.486238 0.0141263 0.499536
9.9982E-05 0.161319 9.9982E-05 0.838481
9.9982E-05 0.141331 9.9982E-05 0.858469
9.9982E-05 9.9982E-05 0.0868859 0.912914
9.99821E-05 9.99821E-05 0.0611298 0.93867
0.0132286 9.9991E-05 0.973973 0.0126982
0.0150767 9.9991E-05 0.96454 0.020283
9.9991E-05 0.0548619 0.0108023 0.934236
0.172912 9.9991E-05 0.0446996 0.782289
0.714036 0.0870902 9.9991E-05 0.198774
0.9997 9.998E-05 9.998E-05 9.998E-05
9.9982E-05 0.016762 9.9982E-05 0.983038
0.9997 9.998E-05 9.998E-05 9.998E-05
9.998E-05 9.998E-05 9.998E-05 0.9997
0.536904 0.0954433 0.0479479 0.319705
0.9997 9.998E-05 9.998E-05 9.998E-05
9.9982E-05 0.00105828 0.998742 9.9982E-05
9.998E-05 9.998E-05 0.9997 9.998E-05
9.998E-05 9.998E-05 9.998E-05 0.9997
9.9982E-05 0.0470869 0.952713 9.9982E-05
9.9982E-05 0.0861572 0.913643 9.9982E-05
0.0252103 0.283372 0.691317 9.9991E-05
0.0159839 0.320008 0.663908 9.9991E-05
9.9991E-05 0.662187 0.0889036 0.248809
9.998E-05 9.998E-05 0.9997 9.998E-05
9.9982E-05 0.895741 0.104059 9.9982E-05
9.9982E-05 9.9982E-05 0.0980486 0.901751
9.998E-05 9.998E-05 0.9997 9.998E-05
9.99821E-05 9.99821E-05 0.0988173 0.900983
0.0109727 0.257482 0.0255972 0.705948
0.162952 9.9991E-05 0.205314 0.631634
9.9982E-05 9.9982E-05 0.156282 0.843518
9.9991E-05 0.0308953 0.078615 0.89039
0.0235167 0.0293476 9.9991E-05 0.947036
9.9982E-05 0.0675775 9.9982E-05 0.932223
9.9982E-05 0.0792593 9.9982E-05 0.920541
0.150136 0.0447542 9.9991E-05 0.80501
0.0284 0.0801318 0.0584888 0.832979
9.9991E-05 0.0253801 0.157453 0.817067
9.99822E-05 0.00454593 9.99822E-05 0.995254
9.998E-05 0.9997 9.998E-05 9.998E-05
9.998E-05 0.9997 9.998E-05 9.998E-05
9.998E-05 0.9997 9.998E-05 9.998E-05
9.998E-05 0.9997 9.998E-05 9.998E-05
9.998E-05 0.9997 9.998E-05 9.998E-05
0.0375417 0.691041 0.165927 0.105491
9.998E-05 0.9997 9.998E-05 9.998E-05
9.998E-05 9.998E-05 9.998E-05 0.9997
9.9991E-05 0.611961 0.100728 0.287211
9.998E-05 9.998E-05 0.9997 9.998E-05
9.99821E-05 9.99821E-05 0.00122122 0.998579
9.9982E-05 9.9982E-05 0.08385 0.91595
9.998E-05 9.998E-05 9.998E-05 0.9997
9.998E-05 9.998E-05 9.998E-05 0.9997
0.00605959 9.9982E-05 9.9982E-05 0.99374
0.88369 0.0244143 9.9991E-05 0.0917953
9.998E-05 9.998E-05 0.9997 9.998E-05
0.100786 0.149917 0.329932 0.419365
9.99821E-05 9.99821E-05 0.972984 0.0268157
9.9991E-05 0.016035 0.98167 0.00219483
9.9982E-05 0.0729083 0.926892 9.9982E-05
9.9982E-05 0.0658964 0.933904 9.9982E-05
9.9982E-05 9.9982E-05 0.945756 0.054044
9.998E-05 9.998E-05 0.9997 9.998E-05
9.99821E-05 0.484537 0.515263 9.99821E-05
0.014725 0.414518 0.509852 0.0609054
9.9982E-05 0.0106415 0.989159 9.9982E-05
9.9991E-05 0.173089 0.0429393 0.783872
9.9991E-05 0.176631 0.0211159 0.802153
0.216705 9.9991E-05 0.124011 0.659185
0.245773 9.9991E-05 0.150399 0.603727
9.99819E-05 0.132603 9.99819E-05 0.867197
9.99819E-05 0.128868 9.99819E-05 0.870932
0.243055 0.0112398 0.140526 0.605179
0.241002 9.9991E-05 0.13462 0.624278
9.9982E-05 0.027024 9.9982E-05 0.972776
0.0399469 0.0548703 9.9991E-05 0.905083
9.9991E-05 0.675292 0.0462008 0.278407
0.217141 9.9991E-05 0.102654 0.680106
0.139374 9.9991E-05 0.025415 0.835111
0.080988 0.33564 0.583272 9.9991E-05
