0.997926 0.00187378 9.9982E-05 9.9982E-05
0.39802 0.340918 0.260962 9.9991E-05
0.102652 0.0802215 0.771608 0.0455186
0.000966325 0.00507929 0.993854 9.9991E-05
0.240319 0.316381 0.4432 9.9991E-05
9.998E-05 9.998E-05 0.9997 9.998E-05
0.541381 0.453007 0.00551211 9.99911E-05
0.11401 0.516183 0.369707 9.9991E-05
0.492007 0.48457 0.0233231 9.9991E-05
0.850951 0.148849 9.9982E-05 9.9982E-05
0.87876 0.12104 9.9982E-05 9.9982E-05
0.930985 9.9982E-05 0.0688147 9.9982E-05
0.922331 9.99821E-05 0.0774695 9.99821E-05
0.0015786 9.9991E-05 0.977637 0.0206844
0.00583918 9.9991E-05 0.969981 0.0240799
0.927557 0.072243 9.9982E-05 9.9982E-05
0.741431 9.9991E-05 0.074803 0.183666
0.148394 0.126881 9.9991E-05 0.724625
9.998E-05 9.998E-05 9.998E-05 0.9997
0.997681 0.00211928 9.9982E-05 9.9982E-05
9.998E-05 9.998E-05 9.998E-05 0.9997
0.982342 0.0167357 0.000821828 9.9991E-05
0.324529 0.0553052 0.0627552 0.557411
9.998E-05 9.998E-05 9.998E-05 0.9997
9.998E-05 9.998E-05 0.9997 9.998E-05
9.998E-05 9.998E-05 0.9997 9.998E-05
0.9997 9.998E-05 9.998E-05 9.998E-05
9.9982E-05 0.0652249 0.934575 9.9982E-05
9.9982E-05 0.107719 0.892081 9.9982E-05
9.9991E-05 0.249098 0.708937 0.0418643
9.9991E-05 0.270715 0.701221 0.0279638
0.252456 0.682815 0.0646286 9.99911E-05
9.998E-05 9.998E-05 0.9997 9.998E-05
9.9982E-05 0.902688 0.0971117 9.9982E-05
0.889594 9.9982E-05 0.110206 9.9982E-05
9.998E-05 9.998E-05 0.9997 9.998E-05
0.913934 9.99821E-05 0.0858664 9.99821E-05
0.763192 0.223985 9.9991E-05 0.0127229
0.63365 9.9991E-05 0.191278 0.174971
0.857294 9.9982E-05 0.142506 9.9982E-05
0.910924 0.00629007 0.0826859 9.9991E-05
0.974163 0.0167843 9.9991E-05 0.00895251
0.942646 0.0571539 9.9982E-05 9.9982E-05
0.911083 0.0723295 9.9991E-05 0.0164874
0.788844 0.0684326 9.9991E-05 0.142623
0.827639 0.0843027 0.0604899 0.0275683
0.835425 0.0269325 0.137542 9.9991E-05
0.963889 0.00174927 9.99911E-05 0.034262
9.998E-05 0.9997 9.998E-05 9.998E-05
9.998E-05 0.9997 9.998E-05 9.998E-05
9.998E-05 0.9997 9.998E-05 9.998E-05
9.998E-05 0.9997 9.998E-05 9.998E-05
9.998E-05 0.9997 9.998E-05 9.998E-05
0.0788209 0.662535 0.209421 0.0492238
9.998E-05 0.9997 9.998E-05 9.998E-05
0.9997 9.998E-05 9.998E-05 9.998E-05
0.328969 0.610485 0.0604459 9.9991E-05
9.998E-05 9.998E-05 0.9997 9.998E-05
0.983124 0.016676 9.99821E-05 9.99821E-05
0.928282 9.9982E-05 0.0715184 9.9982E-05
0.996763 9.99822E-05 0.00303666 9.99822E-05
0.9997 9.998E-05 9.998E-05 9.998E-05
0.9997 9.998E-05 9.998E-05 9.998E-05
0.0357162 0.0472392 9.9991E-05 0.916945
9.998E-05 9.998E-05 0.9997 9.998E-05
0.457395 0.270004 0.22431 0.0482908
0.0124621 0.0064744 0.980964 9.9991E-05
0.0038995 9.9982E-05 0.995901 9.9982E-05
9.9982E-05 0.0965802 0.90322 9.9982E-05
9.9982E-05 0.0604541 0.939346 9.9982E-05
0.0687457 0.0354252 0.895729 9.9991E-05
0.002663 9.9991E-05 0.996289 0.000948014
9.99821E-05 0.511488 0.488312 9.99821E-05
0.0537617 0.378818 0.56181 0.0056102
0.0028288 0.00542477 0.991646 9.9991E-05
0.801493 0.155636 0.0427711 9.9991E-05
0.807937 0.133266 0.0586973 9.9991E-05
0.652423 9.9991E-05 0.112121 0.235356
0.642265 9.9991E-05 0.116998 0.240636
0.843609 0.156191 9.99819E-05 9.99819E-05
0.880553 0.119247 9.99819E-05 9.99819E-05
0.616227 0.0242999 0.125676 0.233797
0.634961 9.9991E-05 0.128405 0.236534
0.965707 0.0340926 9.9982E-05 9.9982E-05
0.887313 0.0744041 0.00768346 0.0305998
0.261323 0.656881 0.0816963 9.9991E-05
0.717255 9.9991E-05 0.102586 0.180059
0.820249 9.9991E-05 0.03707 0.142581
9.9991E-05 0.320194 0.626214 0.0534923
