9.98558E-05 9.98558E-05 9.98558E-05 0.00198395 9.98558E-05 9.98558E-05 9.98558E-05 9.98558E-05 0.931223 9.98558E-05 9.98558E-05 9.98558E-05 9.98558E-05 9.98558E-05 9.98558E-05 9.98558E-05 9.98558E-05 0.0651957 9.98558E-05
0.0530377 0.108225 9.98739E-05 9.98739E-05 0.72827 9.98739E-05 0.071518 9.98739E-05 0.0375509 9.98739E-05 9.98739E-05 9.98739E-05 9.98739E-05 9.98739E-05 9.98739E-05 9.98739E-05 9.98739E-05 9.98739E-05 9.98739E-05
9.98838E-05 0.325981 0.00614824 0.0187497 9.98838E-05 0.26535 9.98838E-05 9.98838E-05 9.98838E-05 9.98838E-05 9.98838E-05 0.248135 9.98838E-05 0.134338 9.98838E-05 9.98838E-05 9.98838E-05 9.98838E-05 9.98838E-05
9.98651E-05 0.919146 9.98651E-05 0.00419319 9.98651E-05 9.98651E-05 9.98651E-05 9.98651E-05 9.98651E-05 9.98651E-05 9.98651E-05 9.98651E-05 9.98651E-05 0.0402809 0.0348822 9.98651E-05 9.98651E-05 9.98651E-05 9.98651E-05
0.998203 9.9838E-05 9.9838E-05 9.9838E-05 9.9838E-05 9.9838E-05 9.9838E-05 9.9838E-05 9.9838E-05 9.9838E-05 9.9838E-05 9.9838E-05 9.9838E-05 9.9838E-05 9.9838E-05 9.9838E-05 9.9838E-05 9.9838E-05 9.9838E-05
0.0200351 0.978267 9.98471E-05 9.98471E-05 9.98471E-05 9.98471E-05 9.98471E-05 9.98471E-05 9.98471E-05 9.98471E-05 9.98471E-05 9.98471E-05 9.98471E-05 9.98471E-05 9.98471E-05 9.98471E-05 9.98471E-05 9.98471E-05 9.98471E-05
9.98383E-05 9.98383E-05 9.98383E-05 9.98383E-05 9.98383E-05 9.98383E-05 9.98383E-05 9.98383E-05 9.98383E-05 9.98383E-05 9.98383E-05 9.98383E-05 9.98383E-05 9.98383E-05 9.98383E-05 9.98383E-05 9.98383E-05 9.98383E-05 0.998203
0.0941815 9.99099E-05 9.99099E-05 0.0148442 0.0939606 0.400146 9.99099E-05 9.99099E-05 9.99099E-05 9.99099E-05 9.99099E-05 9.99099E-05 0.0138409 0.027368 0.0790948 0.233469 9.99099E-05 0.0420961 9.99099E-05
9.98472E-05 9.98472E-05 9.98472E-05 9.98472E-05 0.0351373 9.98472E-05 9.98472E-05 9.98472E-05 9.98472E-05 9.98472E-05 9.98472E-05 9.98472E-05 9.98472E-05 9.98472E-05 9.98472E-05 9.98472E-05 9.98472E-05 9.98472E-05 0.963165
0.0933377 9.9856E-05 9.9856E-05 9.9856E-05 9.9856E-05 9.9856E-05 9.9856E-05 9.9856E-05 9.9856E-05 9.9856E-05 9.9856E-05 9.9856E-05 9.9856E-05 9.9856E-05 9.9856E-05 9.9856E-05 9.9856E-05 0.787274 0.11779
0.0323689 9.98563E-05 9.98563E-05 9.98563E-05 9.98563E-05 9.98563E-05 9.98563E-05 9.98563E-05 9.98563E-05 9.98563E-05 9.98563E-05 9.98563E-05 9.98563E-05 9.98563E-05 9.98563E-05 9.98563E-05 9.98563E-05 0.852722 0.113312
9.9892E-05 9.9892E-05 0.0103806 0.126105 9.9892E-05 9.9892E-05 9.9892E-05 0.0153764 0.619129 9.9892E-05 0.19302 0.0216372 9.9892E-05 0.0131529 9.9892E-05 9.9892E-05 9.9892E-05 9.9892E-05 9.9892E-05
9.98743E-05 9.98743E-05 9.98743E-05 9.98743E-05 9.98743E-05 0.0133071 9.98743E-05 9.98743E-05 9.98743E-05 9.98743E-05 0.934233 9.98743E-05 9.98743E-05 0.00237535 9.98743E-05 0.026309 9.98743E-05 9.98743E-05 0.0223775
9.98652E-05 0.957092 0.0238765 9.98652E-05 0.00653043 9.98652E-05 9.98652E-05 9.98652E-05 9.98652E-05 9.98652E-05 0.0110027 9.98652E-05 9.98652E-05 9.98652E-05 9.98652E-05 9.98652E-05 9.98652E-05 9.98652E-05 9.98652E-05
0.0443751 0.917446 0.0236973 9.9865E-05 9.9865E-05 9.9865E-05 9.9865E-05 9.9865E-05 0.0129831 9.9865E-05 9.9865E-05 9.9865E-05 9.9865E-05 9.9865E-05 9.9865E-05 9.9865E-05 9.9865E-05 9.9865E-05 9.9865E-05
9.98472E-05 9.98472E-05 9.98472E-05 9.98472E-05 9.98472E-05 9.98472E-05 9.98472E-05 0.848557 9.98472E-05 9.98472E-05 0.149746 9.98472E-05 9.98472E-05 9.98472E-05 9.98472E-05 9.98472E-05 9.98472E-05 9.98472E-05 9.98472E-05
9.98469E-05 9.98469E-05 9.98469E-05 9.98469E-05 9.98469E-05 9.98469E-05 0.92756 9.98469E-05 9.98469E-05 9.98469E-05 9.98469E-05 9.98469E-05 9.98469E-05 9.98469E-05 9.98469E-05 9.98469E-05 9.98469E-05 0.0707423 9.98469E-05
0.00576586 9.98829E-05 0.849904 9.98829E-05 0.0127758 9.98829E-05 9.98829E-05 0.0259641 9.98829E-05 9.98829E-05 9.98829E-05 9.98829E-05 9.98829E-05 9.98829E-05 0.0103535 9.98829E-05 9.98829E-05 0.0939383 9.98829E-05
9.98471E-05 9.98471E-05 9.98471E-05 9.98471E-05 9.98471E-05 9.98471E-05 9.98471E-05 9.98471E-05 9.98471E-05 0.888601 9.98471E-05 9.98471E-05 9.98471E-05 9.98471E-05 9.98471E-05 9.98471E-05 0.109702 9.98471E-05 9.98471E-05
9.9874E-05 9.9874E-05 9.9874E-05 0.0513355 9.9874E-05 9.9874E-05 0.0416418 0.33093 0.101401 9.9874E-05 9.9874E-05 9.9874E-05 9.9874E-05 9.9874E-05 9.9874E-05 9.9874E-05 9.9874E-05 0.473294 9.9874E-05
9.98472E-05 9.98472E-05 0.980122 9.98472E-05 9.98472E-05 9.98472E-05 9.98472E-05 9.98472E-05 9.98472E-05 9.98472E-05 9.98472E-05 9.98472E-05 9.98472E-05 9.98472E-05 9.98472E-05 9.98472E-05 0.0181804 9.98472E-05 9.98472E-05
9.98829E-05 9.98829E-05 9.98829E-05 9.98829E-05 9.98829E-05 9.98829E-05 0.0701879 0.321172 0.491116 9.98829E-05 0.0488155 9.98829E-05 9.98829E-05 9.98829E-05 9.98829E-05 9.98829E-05 0.0231898 0.04422 9.98829E-05
9.98739E-05 9.98739E-05 9.98739E-05 0.124189 9.98739E-05 9.98739E-05 0.192752 9.98739E-05 9.98739E-05 0.470609 9.98739E-05 9.98739E-05 0.146589 9.98739E-05 9.98739E-05 9.98739E-05 9.98739E-05 0.0644627 9.98739E-05
9.98378E-05 9.98378E-05 9.98378E-05 9.98378E-05 9.98378E-05 9.98378E-05 9.98378E-05 9.98378E-05 9.98378E-05 0.998203 9.98378E-05 9.98378E-05 9.98378E-05 9.98378E-05 9.98378E-05 9.98378E-05 9.98378E-05 9.98378E-05 9.98378E-05
9.98653E-05 0.312279 9.98653E-05 9.98653E-05 9.98653E-05 0.0214585 9.98653E-05 9.98653E-05 9.98653E-05 9.98653E-05 9.98653E-05 0.00503321 9.98653E-05 0.659732 9.98653E-05 9.98653E-05 9.98653E-05 9.98653E-05 9.98653E-05
9.98563E-05 0.813612 9.98563E-05 9.98563E-05 9.98563E-05 9.98563E-05 9.98563E-05 9.98563E-05 9.98563E-05 9.98563E-05 9.98563E-05 9.98563E-05 0.01035 0.17444 9.98563E-05 9.98563E-05 9.98563E-05 9.98563E-05 9.98563E-05
9.98828E-05 9.98828E-05 9.98828E-05 0.0146275 9.98828E-05 9.98828E-05 0.0396092 9.98828E-05 0.0198926 9.98828E-05 0.775841 9.98828E-05 0.020318 9.98828E-05 9.98828E-05 9.98828E-05 9.98828E-05 0.128413 9.98828E-05
0.00151107 9.98561E-05 9.98561E-05 9.98561E-05 9.98561E-05 9.98561E-05 9.98561E-05 9.98561E-05 9.98561E-05 9.98561E-05 9.98561E-05 0.014289 9.98561E-05 0.982602 9.98561E-05 9.98561E-05 9.98561E-05 9.98561E-05 9.98561E-05
9.98472E-05 9.98472E-05 9.98472E-05 9.98472E-05 9.98472E-05 9.98472E-05 9.98472E-05 9.98472E-05 9.98472E-05 9.98472E-05 9.98472E-05 0.0029919 9.98472E-05 0.995311 9.98472E-05 9.98472E-05 9.98472E-05 9.98472E-05 9.98472E-05
0.0799937 0.206833 9.99013E-05 9.99013E-05 9.99013E-05 9.99013E-05 9.99013E-05 9.99013E-05 9.99013E-05 9.99013E-05 9.99013E-05 0.00427871 0.0190606 0.249248 0.0780916 0.342786 0.0186099 9.99013E-05 9.99013E-05
0.00388786 0.0889552 9.98559E-05 9.98559E-05 9.98559E-05 9.98559E-05 9.98559E-05 9.98559E-05 9.98559E-05 9.98559E-05 9.98559E-05 9.98559E-05 9.98559E-05 9.98559E-05 9.98559E-05 0.905559 9.98559E-05 9.98559E-05 9.98559E-05
9.98385E-05 9.98385E-05 9.98385E-05 9.98385E-05 0.998203 9.98385E-05 9.98385E-05 9.98385E-05 9.98385E-05 9.98385E-05 9.98385E-05 9.98385E-05 9.98385E-05 9.98385E-05 9.98385E-05 9.98385E-05 9.98385E-05 9.98385E-05 9.98385E-05
9.98563E-05 0.563438 9.98563E-05 9.98563E-05 9.98563E-05 0.186098 9.98563E-05 9.98563E-05 9.98563E-05 9.98563E-05 9.98563E-05 9.98563E-05 9.98563E-05 0.248866 9.98563E-05 9.98563E-05 9.98563E-05 9.98563E-05 9.98563E-05
9.98922E-05 9.98922E-05 9.98922E-05 0.000963396 0.0451859 0.202429 9.98922E-05 9.98922E-05 9.98922E-05 9.98922E-05 9.98922E-05 9.98922E-05 0.0107743 0.0472277 0.673577 0.0186443 9.98922E-05 9.98922E-05 9.98922E-05
0.0306635 9.99007E-05 9.99007E-05 0.0860773 9.99007E-05 9.99007E-05 0.294276 9.99007E-05 0.0182492 9.99007E-05 0.520143 9.99007E-05 0.0291148 9.99007E-05 9.99007E-05 0.00505041 9.99007E-05 0.0153273 9.99007E-05
0.00910037 0.403266 9.98918E-05 0.00891846 9.98918E-05 0.0274462 0.0610732 9.98918E-05 9.98918E-05 9.98918E-05 9.98918E-05 9.98918E-05 9.98918E-05 0.487556 9.98918E-05 9.98918E-05 9.98918E-05 9.98918E-05 0.00144156
0.0026229 9.98561E-05 9.98561E-05 9.98561E-05 9.98561E-05 0.0392323 9.98561E-05 9.98561E-05 0.956547 9.98561E-05 9.98561E-05 9.98561E-05 9.98561E-05 9.98561E-05 9.98561E-05 9.98561E-05 9.98561E-05 9.98561E-05 9.98561E-05
9.98829E-05 9.98829E-05 9.98829E-05 9.98829E-05 0.179752 0.058363 0.0331183 9.98829E-05 9.98829E-05 9.98829E-05 9.98829E-05 0.0183435 9.98829E-05 9.98829E-05 9.98829E-05 9.98829E-05 0.0271684 0.681957 9.98829E-05
9.98469E-05 9.98469E-05 9.98469E-05 9.98469E-05 9.98469E-05 0.00152629 0.996776 9.98469E-05 9.98469E-05 9.98469E-05 9.98469E-05 9.98469E-05 9.98469E-05 9.98469E-05 9.98469E-05 9.98469E-05 9.98469E-05 9.98469E-05 9.98469E-05
0.0974611 0.0641679 9.98827E-05 9.98827E-05 9.98827E-05 9.98827E-05 0.127545 0.314371 0.188294 9.98827E-05 9.98827E-05 9.98827E-05 9.98827E-05 9.98827E-05 9.98827E-05 9.98827E-05 9.98827E-05 0.206863 9.98827E-05
0.108998 0.0217258 0.0157381 9.98917E-05 9.98917E-05 9.98917E-05 0.108699 0.271894 0.209705 9.98917E-05 9.98917E-05 9.98917E-05 9.98917E-05 9.98917E-05 9.98917E-05 9.98917E-05 9.98917E-05 0.262042 9.98917E-05
9.9865E-05 9.9865E-05 9.9865E-05 9.9865E-05 9.9865E-05 9.9865E-05 9.9865E-05 0.0132572 0.01912 0.0180596 9.9865E-05 9.9865E-05 9.9865E-05 9.9865E-05 9.9865E-05 9.9865E-05 9.9865E-05 0.948065 9.9865E-05
9.98829E-05 9.98829E-05 0.00412617 9.98829E-05 9.98829E-05 9.98829E-05 9.98829E-05 0.833938 0.042216 0.0281052 0.0128637 9.98829E-05 9.98829E-05 9.98829E-05 9.98829E-05 9.98829E-05 9.98829E-05 9.98829E-05 0.0774521
9.9883E-05 9.9883E-05 9.9883E-05 9.9883E-05 9.9883E-05 9.9883E-05 0.0110263 9.9883E-05 0.00863581 9.9883E-05 0.0154816 9.9883E-05 9.9883E-05 9.9883E-05 0.00375127 0.0416668 9.9883E-05 0.91814 9.9883E-05
9.98828E-05 9.98828E-05 9.98828E-05 0.0743797 0.100738 9.98828E-05 9.98828E-05 9.98828E-05 0.0435884 0.182915 0.158681 9.98828E-05 9.98828E-05 9.98828E-05 9.98828E-05 9.98828E-05 9.98828E-05 0.4384 9.98828E-05
0.0486848 0.0164686 9.9946E-05 0.0141551 0.0115542 0.00505627 9.9946E-05 0.130579 0.0947687 9.9946E-05 0.0276756 9.9946E-05 0.002 0.0127121 9.9946E-05 0.0147395 0.105136 0.515871 9.9946E-05
9.9901E-05 0.0760962 9.9901E-05 9.9901E-05 9.9901E-05 9.9901E-05 0.267045 9.9901E-05 0.203413 9.9901E-05 0.0961942 9.9901E-05 9.9901E-05 9.9901E-05 9.9901E-05 0.0927925 0.0131082 0.191204 0.0590479
9.98481E-05 9.98481E-05 9.98481E-05 9.98481E-05 9.98481E-05 9.98481E-05 9.98481E-05 9.98481E-05 0.980552 0.0177502 9.98481E-05 9.98481E-05 9.98481E-05 9.98481E-05 9.98481E-05 9.98481E-05 9.98481E-05 9.98481E-05 9.98481E-05
9.98383E-05 9.98383E-05 9.98383E-05 9.98383E-05 9.98383E-05 9.98383E-05 9.98383E-05 9.98383E-05 9.98383E-05 9.98383E-05 9.98383E-05 9.98383E-05 9.98383E-05 9.98383E-05 0.998203 9.98383E-05 9.98383E-05 9.98383E-05 9.98383E-05
9.98652E-05 9.98652E-05 9.98652E-05 9.98652E-05 0.00224507 9.98652E-05 9.98652E-05 9.98652E-05 9.98652E-05 9.98652E-05 9.98652E-05 9.98652E-05 9.98652E-05 9.98652E-05 0.984973 9.98652E-05 0.00504312 0.00624049 9.98652E-05
0.00353899 9.98653E-05 9.98653E-05 9.98653E-05 9.98653E-05 9.98653E-05 9.98653E-05 9.98653E-05 9.98653E-05 9.98653E-05 9.98653E-05 9.98653E-05 9.98653E-05 9.98653E-05 0.987969 9.98653E-05 0.00123315 0.00576104 9.98653E-05
9.98474E-05 9.98474E-05 0.00642836 9.98474E-05 9.98474E-05 9.98474E-05 9.98474E-05 9.98474E-05 9.98474E-05 9.98474E-05 9.98474E-05 9.98474E-05 9.98474E-05 9.98474E-05 0.991874 9.98474E-05 9.98474E-05 9.98474E-05 9.98474E-05
9.98384E-05 9.98384E-05 9.98384E-05 9.98384E-05 9.98384E-05 9.98384E-05 9.98384E-05 9.98384E-05 9.98384E-05 9.98384E-05 9.98384E-05 9.98384E-05 9.98384E-05 9.98384E-05 0.998203 9.98384E-05 9.98384E-05 9.98384E-05 9.98384E-05
9.98381E-05 9.98381E-05 9.98381E-05 9.98381E-05 9.98381E-05 9.98381E-05 9.98381E-05 9.98381E-05 9.98381E-05 9.98381E-05 9.98381E-05 9.98381E-05 0.998203 9.98381E-05 9.98381E-05 9.98381E-05 9.98381E-05 9.98381E-05 9.98381E-05
9.98742E-05 9.98742E-05 9.98742E-05 0.0115007 0.0745387 9.98742E-05 9.98742E-05 9.98742E-05 0.000835295 9.98742E-05 9.98742E-05 9.98742E-05 9.98742E-05 9.98742E-05 0.909908 0.00181923 9.98742E-05 9.98742E-05 9.98742E-05
9.98649E-05 9.98649E-05 9.98649E-05 9.98649E-05 9.98649E-05 9.98649E-05 9.98649E-05 0.158264 0.81491 9.98649E-05 0.0234095 9.98649E-05 9.98649E-05 9.98649E-05 9.98649E-05 9.98649E-05 9.98649E-05 9.98649E-05 0.00191862
9.98649E-05 9.98649E-05 9.98649E-05 9.98649E-05 0.904883 9.98649E-05 9.98649E-05 9.98649E-05 9.98649E-05 9.98649E-05 9.98649E-05 9.98649E-05 9.98649E-05 0.00575297 0.0341871 9.98649E-05 9.98649E-05 9.98649E-05 0.0536793
0.0527283 0.532375 9.98649E-05 9.98649E-05 9.98649E-05 9.98649E-05 0.0113125 9.98649E-05 9.98649E-05 9.98649E-05 9.98649E-05 9.98649E-05 9.98649E-05 0.402086 9.98649E-05 9.98649E-05 9.98649E-05 9.98649E-05 9.98649E-05
9.98741E-05 9.98741E-05 0.00625705 0.0325556 9.98741E-05 9.98741E-05 9.98741E-05 0.125421 0.0195737 9.98741E-05 0.814795 9.98741E-05 9.98741E-05 9.98741E-05 9.98741E-05 9.98741E-05 9.98741E-05 9.98741E-05 9.98741E-05
9.98475E-05 9.98475E-05 9.98475E-05 9.98475E-05 9.98475E-05 9.98475E-05 9.98475E-05 0.911856 9.98475E-05 9.98475E-05 0.0864465 9.98475E-05 9.98475E-05 9.98475E-05 9.98475E-05 9.98475E-05 9.98475E-05 9.98475E-05 9.98475E-05
9.98564E-05 9.98564E-05 9.98564E-05 9.98564E-05 9.98564E-05 0.0133603 9.98564E-05 9.98564E-05 9.98564E-05 9.98564E-05 0.922511 9.98564E-05 9.98564E-05 9.98564E-05 9.98564E-05 9.98564E-05 9.98564E-05 9.98564E-05 0.0625307
9.98649E-05 0.0104288 9.98649E-05 9.98649E-05 9.98649E-05 9.98649E-05 9.98649E-05 9.98649E-05 9.98649E-05 9.98649E-05 0.885484 0.00964279 9.98649E-05 9.98649E-05 9.98649E-05 9.98649E-05 9.98649E-05 0.0929467 9.98649E-05
9.98739E-05 9.98739E-05 9.98739E-05 0.0602516 9.98739E-05 9.98739E-05 0.00638861 9.98739E-05 9.98739E-05 0.0196735 0.849039 9.98739E-05 9.98739E-05 9.98739E-05 9.98739E-05 9.98739E-05 9.98739E-05 0.0632489 9.98739E-05
9.98382E-05 9.98382E-05 9.98382E-05 9.98382E-05 9.98382E-05 9.98382E-05 9.98382E-05 9.98382E-05 9.98382E-05 9.98382E-05 9.98382E-05 9.98382E-05 9.98382E-05 9.98382E-05 9.98382E-05 9.98382E-05 0.998203 9.98382E-05 9.98382E-05
9.98568E-05 0.276922 9.98568E-05 9.98568E-05 9.98568E-05 9.98568E-05 9.98568E-05 9.98568E-05 9.98568E-05 9.98568E-05 9.98568E-05 9.98568E-05 9.98568E-05 0.721037 9.98568E-05 9.98568E-05 9.98568E-05 9.98568E-05 0.000443673
9.98379E-05 9.98379E-05 9.98379E-05 9.98379E-05 9.98379E-05 9.98379E-05 9.98379E-05 9.98379E-05 9.98379E-05 9.98379E-05 9.98379E-05 0.998203 9.98379E-05 9.98379E-05 9.98379E-05 9.98379E-05 9.98379E-05 9.98379E-05 9.98379E-05
9.98655E-05 0.843172 9.98655E-05 9.98655E-05 9.98655E-05 0.132042 9.98655E-05 9.98655E-05 9.98655E-05 9.98655E-05 0.0120221 9.98655E-05 0.0112664 9.98655E-05 9.98655E-05 9.98655E-05 9.98655E-05 9.98655E-05 9.98655E-05
0.0961613 0.588567 9.9874E-05 9.9874E-05 9.9874E-05 9.9874E-05 0.030772 9.9874E-05 9.9874E-05 9.9874E-05 9.9874E-05 9.9874E-05 9.9874E-05 0.217823 9.9874E-05 0.0652783 9.9874E-05 9.9874E-05 9.9874E-05
9.98471E-05 9.98471E-05 9.98471E-05 9.98471E-05 9.98471E-05 9.98471E-05 9.98471E-05 0.0321739 9.98471E-05 9.98471E-05 9.98471E-05 9.98471E-05 9.98471E-05 0.966129 9.98471E-05 9.98471E-05 9.98471E-05 9.98471E-05 9.98471E-05
9.98653E-05 9.98653E-05 0.00725416 9.98653E-05 0.000806797 9.98653E-05 9.98653E-05 9.98653E-05 9.98653E-05 9.98653E-05 9.98653E-05 9.98653E-05 9.98653E-05 0.989496 9.98653E-05 9.98653E-05 0.00094499 9.98653E-05 9.98653E-05
0.0855051 0.51235 9.99101E-05 9.99101E-05 0.00663337 0.0155176 0.015106 9.99101E-05 0.0326821 9.99101E-05 9.99101E-05 9.99101E-05 9.99101E-05 0.119807 9.99101E-05 0.204972 9.99101E-05 0.00642777 9.99101E-05
0.0494632 0.452352 9.98649E-05 9.98649E-05 9.98649E-05 9.98649E-05 0.00817899 9.98649E-05 9.98649E-05 9.98649E-05 9.98649E-05 9.98649E-05 9.98649E-05 0.488508 9.98649E-05 9.98649E-05 9.98649E-05 9.98649E-05 9.98649E-05
0.0403956 9.98649E-05 9.98649E-05 9.98649E-05 9.98649E-05 0.914587 9.98649E-05 9.98649E-05 9.98649E-05 9.98649E-05 9.98649E-05 9.98649E-05 0.000349409 9.98649E-05 0.0431705 9.98649E-05 9.98649E-05 9.98649E-05 9.98649E-05
9.9856E-05 9.9856E-05 9.9856E-05 9.9856E-05 9.9856E-05 0.984254 9.9856E-05 9.9856E-05 9.9856E-05 9.9856E-05 0.0100142 9.9856E-05 9.9856E-05 9.9856E-05 9.9856E-05 9.9856E-05 9.9856E-05 9.9856E-05 0.0041341
9.98563E-05 0.888805 9.98563E-05 9.98563E-05 9.98563E-05 9.98563E-05 9.98563E-05 9.98563E-05 9.98563E-05 9.98563E-05 9.98563E-05 9.98563E-05 0.0355677 0.0740292 9.98563E-05 9.98563E-05 9.98563E-05 9.98563E-05 9.98563E-05
9.9865E-05 9.9865E-05 9.9865E-05 0.00846655 9.9865E-05 9.9865E-05 9.9865E-05 0.956456 9.9865E-05 9.9865E-05 9.9865E-05 9.9865E-05 0.00260134 9.9865E-05 9.9865E-05 0.0309778 9.9865E-05 9.9865E-05 9.9865E-05
9.98561E-05 9.98561E-05 9.98561E-05 9.98561E-05 9.98561E-05 9.98561E-05 9.98561E-05 0.976241 9.98561E-05 9.98561E-05 9.98561E-05 9.98561E-05 0.00215532 9.98561E-05 0.0200064 9.98561E-05 9.98561E-05 9.98561E-05 9.98561E-05
9.98383E-05 9.98383E-05 9.98383E-05 0.998203 9.98383E-05 9.98383E-05 9.98383E-05 9.98383E-05 9.98383E-05 9.98383E-05 9.98383E-05 9.98383E-05 9.98383E-05 9.98383E-05 9.98383E-05 9.98383E-05 9.98383E-05 9.98383E-05 9.98383E-05
9.98385E-05 9.98385E-05 9.98385E-05 0.998203 9.98385E-05 9.98385E-05 9.98385E-05 9.98385E-05 9.98385E-05 9.98385E-05 9.98385E-05 9.98385E-05 9.98385E-05 9.98385E-05 9.98385E-05 9.98385E-05 9.98385E-05 9.98385E-05 9.98385E-05
9.98649E-05 9.98649E-05 9.98649E-05 9.98649E-05 0.0930366 0.00347982 9.98649E-05 0.0495488 9.98649E-05 9.98649E-05 9.98649E-05 9.98649E-05 9.98649E-05 9.98649E-05 9.98649E-05 9.98649E-05 9.98649E-05 0.852437 9.98649E-05
9.98829E-05 9.98829E-05 0.0159531 9.98829E-05 0.0524173 9.98829E-05 9.98829E-05 0.0761875 0.000613538 9.98829E-05 0.0376977 9.98829E-05 9.98829E-05 9.98829E-05 9.98829E-05 9.98829E-05 9.98829E-05 0.815832 9.98829E-05
9.98652E-05 9.98652E-05 9.98652E-05 0.948508 9.98652E-05 9.98652E-05 9.98652E-05 9.98652E-05 9.98652E-05 9.98652E-05 9.98652E-05 9.98652E-05 0.00530726 9.98652E-05 9.98652E-05 9.98652E-05 9.98652E-05 0.0336561 0.0110305
9.98382E-05 9.98382E-05 9.98382E-05 0.998203 9.98382E-05 9.98382E-05 9.98382E-05 9.98382E-05 9.98382E-05 9.98382E-05 9.98382E-05 9.98382E-05 9.98382E-05 9.98382E-05 9.98382E-05 9.98382E-05 9.98382E-05 9.98382E-05 9.98382E-05
9.98649E-05 9.98649E-05 9.98649E-05 9.98649E-05 0.0305162 9.98649E-05 9.98649E-05 9.98649E-05 0.925317 9.98649E-05 0.0407934 9.98649E-05 9.98649E-05 9.98649E-05 0.00187587 9.98649E-05 9.98649E-05 9.98649E-05 9.98649E-05
9.99009E-05 9.99009E-05 0.031716 9.99009E-05 0.0362541 9.99009E-05 9.99009E-05 0.562186 0.0368434 0.0749498 0.0893028 9.99009E-05 9.99009E-05 9.99009E-05 9.99009E-05 9.99009E-05 9.99009E-05 0.0755695 0.0920796
9.98403E-05 9.98403E-05 9.98403E-05 9.98403E-05 0.911041 9.98403E-05 9.98403E-05 9.98403E-05 9.98403E-05 9.98403E-05 9.98403E-05 9.98403E-05 9.98403E-05 9.98403E-05 0.0460819 9.98403E-05 9.98403E-05 9.98403E-05 0.0412794
0.021449 0.00891462 9.99013E-05 0.0910965 9.99013E-05 9.99013E-05 0.269662 9.99013E-05 9.99013E-05 0.166799 0.311943 9.99013E-05 0.0239611 9.99013E-05 9.99013E-05 9.99013E-05 9.99013E-05 0.105076 9.99013E-05
9.98744E-05 9.98744E-05 9.98744E-05 0.123552 9.98744E-05 9.98744E-05 0.382866 9.98744E-05 0.134389 0.0501926 0.307602 9.98744E-05 9.98744E-05 9.98744E-05 9.98744E-05 9.98744E-05 9.98744E-05 9.98744E-05 9.98744E-05
9.98381E-05 9.98381E-05 9.98381E-05 9.98381E-05 9.98381E-05 9.98381E-05 9.98381E-05 9.98381E-05 9.98381E-05 9.98381E-05 9.98381E-05 9.98381E-05 9.98381E-05 9.98381E-05 9.98381E-05 0.998203 9.98381E-05 9.98381E-05 9.98381E-05
