0.855474 9.98737E-05 9.98737E-05 9.98737E-05 9.98737E-05 9.98737E-05 9.98737E-05 9.98737E-05 0.0335899 0.00429125 9.98737E-05 9.98737E-05 9.98737E-05 9.98737E-05 9.98737E-05 0.0258589 9.98737E-05 9.98737E-05 0.0793873
9.98739E-05 9.98739E-05 9.98739E-05 9.98739E-05 9.98739E-05 9.98739E-05 9.98739E-05 0.0289639 0.021586 9.98739E-05 0.655238 9.98739E-05 9.98739E-05 9.98739E-05 0.223842 9.98739E-05 0.0689715 9.98739E-05 9.98739E-05
9.98381E-05 9.98381E-05 9.98381E-05 9.98381E-05 9.98381E-05 9.98381E-05 0.998203 9.98381E-05 9.98381E-05 9.98381E-05 9.98381E-05 9.98381E-05 9.98381E-05 9.98381E-05 9.98381E-05 9.98381E-05 9.98381E-05 9.98381E-05 9.98381E-05
9.98831E-05 9.98831E-05 0.0130193 9.98831E-05 9.98831E-05 9.98831E-05 0.027234 9.98831E-05 0.00743418 0.00963697 9.98831E-05 9.98831E-05 9.98831E-05 0.0167589 9.98831E-05 9.98831E-05 0.924618 9.98831E-05 9.98831E-05
0.00107291 9.99192E-05 0.018994 9.99192E-05 9.99192E-05 0.153361 0.00662833 0.018684 9.99192E-05 0.26092 0.146541 9.99192E-05 0.0658829 9.99192E-05 0.0116379 9.99192E-05 0.315379 9.99192E-05 9.99192E-05
9.98741E-05 9.98741E-05 9.98741E-05 9.98741E-05 9.98741E-05 0.050708 0.0235162 9.98741E-05 9.98741E-05 9.98741E-05 9.98741E-05 0.033134 9.98741E-05 9.98741E-05 0.0275526 9.98741E-05 0.863691 9.98741E-05 9.98741E-05
9.98384E-05 9.98384E-05 9.98384E-05 9.98384E-05 9.98384E-05 9.98384E-05 9.98384E-05 9.98384E-05 9.98384E-05 9.98384E-05 9.98384E-05 9.98384E-05 0.998203 9.98384E-05 9.98384E-05 9.98384E-05 9.98384E-05 9.98384E-05 9.98384E-05
9.99099E-05 9.99099E-05 0.107173 9.99099E-05 9.99099E-05 0.213881 0.0147667 0.457065 9.99099E-05 0.040594 0.103586 0.0194231 9.99099E-05 0.00186553 9.99099E-05 9.99099E-05 9.99099E-05 9.99099E-05 0.0406475
0.0104302 9.98831E-05 0.0134537 9.98831E-05 9.98831E-05 9.98831E-05 9.98831E-05 9.98831E-05 0.0136721 9.98831E-05 0.0054399 9.98831E-05 0.954551 0.00115486 9.98831E-05 9.98831E-05 9.98831E-05 9.98831E-05 9.98831E-05
9.98381E-05 9.98381E-05 9.98381E-05 9.98381E-05 9.98381E-05 9.98381E-05 9.98381E-05 9.98381E-05 9.98381E-05 0.998203 9.98381E-05 9.98381E-05 9.98381E-05 9.98381E-05 9.98381E-05 9.98381E-05 9.98381E-05 9.98381E-05 9.98381E-05
9.98381E-05 9.98381E-05 9.98381E-05 9.98381E-05 9.98381E-05 9.98381E-05 9.98381E-05 9.98381E-05 9.98381E-05 0.998203 9.98381E-05 9.98381E-05 9.98381E-05 9.98381E-05 9.98381E-05 9.98381E-05 9.98381E-05 9.98381E-05 9.98381E-05
0.568043 9.9883E-05 9.9883E-05 9.9883E-05 0.137448 9.9883E-05 9.9883E-05 0.0231611 9.9883E-05 9.9883E-05 9.9883E-05 9.9883E-05 9.9883E-05 0.128151 9.9883E-05 9.9883E-05 0.0451242 0.0967748 9.9883E-05
9.98743E-05 9.98743E-05 9.98743E-05 9.98743E-05 0.944229 0.00280928 9.98743E-05 0.0171358 9.98743E-05 9.98743E-05 9.98743E-05 0.0280321 0.00639569 9.98743E-05 9.98743E-05 9.98743E-05 9.98743E-05 9.98743E-05 9.98743E-05
9.98832E-05 9.98832E-05 9.98832E-05 0.0195541 9.98832E-05 9.98832E-05 9.98832E-05 9.98832E-05 0.00786683 9.98832E-05 0.00880587 9.98832E-05 9.98832E-05 9.98832E-05 0.00966902 9.98832E-05 0.912047 0.0407585 9.98832E-05
9.98563E-05 9.98563E-05 9.98563E-05 0.0132646 9.98563E-05 9.98563E-05 9.98563E-05 9.98563E-05 9.98563E-05 9.98563E-05 9.98563E-05 9.98563E-05 9.98563E-05 9.98563E-05 0.063954 9.98563E-05 0.921184 9.98563E-05 9.98563E-05
9.98741E-05 0.760241 9.98741E-05 9.98741E-05 0.0801162 9.98741E-05 9.98741E-05 9.98741E-05 9.98741E-05 0.0403451 9.98741E-05 0.0639655 9.98741E-05 9.98741E-05 9.98741E-05 9.98741E-05 9.98741E-05 0.0539345 9.98741E-05
9.98651E-05 9.98651E-05 9.98651E-05 9.98651E-05 9.98651E-05 9.98651E-05 9.98651E-05 9.98651E-05 0.95385 0.0132271 9.98651E-05 9.98651E-05 9.98651E-05 9.98651E-05 9.98651E-05 0.0202697 9.98651E-05 9.98651E-05 0.0111556
9.98919E-05 9.98919E-05 9.98919E-05 0.684946 9.98919E-05 9.98919E-05 0.00847844 9.98919E-05 9.98919E-05 0.00757533 0.0469271 9.98919E-05 9.98919E-05 9.98919E-05 0.124411 0.039717 9.98919E-05 9.98919E-05 0.0867468
9.98471E-05 9.98471E-05 9.98471E-05 0.920437 9.98471E-05 9.98471E-05 9.98471E-05 9.98471E-05 9.98471E-05 9.98471E-05 9.98471E-05 9.98471E-05 9.98471E-05 0.0778658 9.98471E-05 9.98471E-05 9.98471E-05 9.98471E-05 9.98471E-05
0.100281 0.272487 9.99008E-05 9.99008E-05 9.99008E-05 9.99008E-05 9.99008E-05 9.99008E-05 0.0241326 0.235072 9.99008E-05 0.121879 9.99008E-05 0.00519827 9.99008E-05 9.99008E-05 9.99008E-05 0.0785824 0.16127
9.98472E-05 9.98472E-05 9.98472E-05 0.997055 9.98472E-05 9.98472E-05 9.98472E-05 9.98472E-05 9.98472E-05 9.98472E-05 9.98472E-05 9.98472E-05 9.98472E-05 9.98472E-05 9.98472E-05 0.00124738 9.98472E-05 9.98472E-05 9.98472E-05
0.41377 0.167798 9.9892E-05 9.9892E-05 0.0397995 9.9892E-05 9.9892E-05 9.9892E-05 0.0377706 9.9892E-05 9.9892E-05 0.0314259 9.9892E-05 9.9892E-05 0.248582 9.9892E-05 9.9892E-05 9.9892E-05 0.0596559
9.98379E-05 9.98379E-05 9.98379E-05 9.98379E-05 9.98379E-05 9.98379E-05 9.98379E-05 9.98379E-05 9.98379E-05 9.98379E-05 9.98379E-05 9.98379E-05 9.98379E-05 9.98379E-05 9.98379E-05 0.998203 9.98379E-05 9.98379E-05 9.98379E-05
9.98559E-05 9.98559E-05 9.98559E-05 0.701893 9.98559E-05 9.98559E-05 9.98559E-05 9.98559E-05 9.98559E-05 9.98559E-05 9.98559E-05 0.0688374 9.98559E-05 9.98559E-05 9.98559E-05 0.227672 9.98559E-05 9.98559E-05 9.98559E-05
9.98744E-05 9.98744E-05 0.0012399 9.98744E-05 9.98744E-05 9.98744E-05 0.0200964 0.0390769 9.98744E-05 9.98744E-05 9.98744E-05 9.98744E-05 0.00324947 9.98744E-05 9.98744E-05 9.98744E-05 0.934939 9.98744E-05 9.98744E-05
9.98385E-05 9.98385E-05 9.98385E-05 9.98385E-05 9.98385E-05 9.98385E-05 9.98385E-05 9.98385E-05 9.98385E-05 9.98385E-05 9.98385E-05 9.98385E-05 9.98385E-05 9.98385E-05 9.98385E-05 9.98385E-05 0.998203 9.98385E-05 9.98385E-05
0.0222121 9.98801E-05 9.98801E-05 9.98801E-05 0.797192 9.98801E-05 9.98801E-05 9.98801E-05 0.0451689 0.0182008 9.98801E-05 9.98801E-05 9.98801E-05 0.0448786 9.98801E-05 0.000183208 9.98801E-05 9.98801E-05 0.0709658
9.98741E-05 9.98741E-05 0.0553521 9.98741E-05 9.98741E-05 0.0275697 9.98741E-05 0.00966724 9.98741E-05 9.98741E-05 9.98741E-05 9.98741E-05 0.00976647 9.98741E-05 9.98741E-05 9.98741E-05 0.896246 9.98741E-05 9.98741E-05
9.98831E-05 0.036029 0.0550193 9.98831E-05 0.00150066 0.0045496 0.0232131 9.98831E-05 9.98831E-05 9.98831E-05 9.98831E-05 9.98831E-05 9.98831E-05 9.98831E-05 9.98831E-05 9.98831E-05 0.87839 9.98831E-05 9.98831E-05
0.0116297 9.98832E-05 0.059464 9.98832E-05 9.98832E-05 0.535569 0.073517 9.98832E-05 9.98832E-05 9.98832E-05 9.98832E-05 0.013735 9.98832E-05 9.98832E-05 9.98832E-05 9.98832E-05 0.304787 9.98832E-05 9.98832E-05
9.98558E-05 9.98558E-05 9.98558E-05 9.98558E-05 9.98558E-05 0.938729 9.98558E-05 0.000881719 9.98558E-05 9.98558E-05 9.98558E-05 9.98558E-05 9.98558E-05 9.98558E-05 9.98558E-05 9.98558E-05 0.0587919 9.98558E-05 9.98558E-05
9.98385E-05 9.98385E-05 9.98385E-05 9.98385E-05 9.98385E-05 9.98385E-05 9.98385E-05 9.98385E-05 9.98385E-05 9.98385E-05 0.998203 9.98385E-05 9.98385E-05 9.98385E-05 9.98385E-05 9.98385E-05 9.98385E-05 9.98385E-05 9.98385E-05
9.98502E-05 9.98502E-05 9.98502E-05 9.98502E-05 9.98502E-05 9.98502E-05 9.98502E-05 0.165469 0.00714081 9.98502E-05 9.98502E-05 9.98502E-05 9.98502E-05 9.98502E-05 0.0229973 9.98502E-05 0.802895 9.98502E-05 9.98502E-05
9.98743E-05 9.98743E-05 0.717988 9.98743E-05 9.98743E-05 0.0714344 9.98743E-05 0.157346 9.98743E-05 9.98743E-05 0.0076568 9.98743E-05 9.98743E-05 9.98743E-05 9.98743E-05 9.98743E-05 9.98743E-05 9.98743E-05 0.0441762
0.0249234 9.99007E-05 9.99007E-05 9.99007E-05 0.466074 0.0626514 9.99007E-05 9.99007E-05 0.219066 0.00628877 9.99007E-05 0.0690472 9.99007E-05 0.089675 0.0611748 9.99007E-05 9.99007E-05 9.99007E-05 9.99007E-05
9.98828E-05 9.98828E-05 9.98828E-05 9.98828E-05 9.98828E-05 0.0119304 9.98828E-05 0.0498507 9.98828E-05 9.98828E-05 9.98828E-05 0.0130407 0.00384474 9.98828E-05 9.98828E-05 9.98828E-05 0.902234 0.0178013 9.98828E-05
0.941984 9.98651E-05 9.98651E-05 9.98651E-05 9.98651E-05 9.98651E-05 0.017533 0.0147236 9.98651E-05 9.98651E-05 9.98651E-05 0.0242615 9.98651E-05 9.98651E-05 9.98651E-05 9.98651E-05 9.98651E-05 9.98651E-05 9.98651E-05
0.0230783 9.9901E-05 9.9901E-05 9.9901E-05 9.9901E-05 9.9901E-05 9.9901E-05 0.0269857 0.0741603 0.0580654 0.14324 9.9901E-05 9.9901E-05 9.9901E-05 0.0130705 0.0269603 9.9901E-05 9.9901E-05 0.633341
9.98562E-05 9.98562E-05 9.98562E-05 9.98562E-05 9.98562E-05 9.98562E-05 9.98562E-05 0.0183454 0.976142 9.98562E-05 9.98562E-05 9.98562E-05 9.98562E-05 9.98562E-05 9.98562E-05 9.98562E-05 0.00391507 9.98562E-05 9.98562E-05
9.98471E-05 9.98471E-05 9.98471E-05 9.98471E-05 9.98471E-05 9.98471E-05 9.98471E-05 9.98471E-05 9.98471E-05 9.98471E-05 9.98471E-05 0.000670931 9.98471E-05 9.98471E-05 0.997632 9.98471E-05 9.98471E-05 9.98471E-05 9.98471E-05
0.000391877 9.9856E-05 9.9856E-05 9.9856E-05 9.9856E-05 9.9856E-05 9.9856E-05 9.9856E-05 9.9856E-05 9.9856E-05 9.9856E-05 9.9856E-05 9.9856E-05 9.9856E-05 0.98524 9.9856E-05 9.9856E-05 9.9856E-05 0.0127707
0.00768165 9.98828E-05 9.98828E-05 9.98828E-05 9.98828E-05 9.98828E-05 9.98828E-05 9.98828E-05 0.0557751 0.322536 9.98828E-05 0.0932763 9.98828E-05 9.98828E-05 0.0275506 9.98828E-05 9.98828E-05 9.98828E-05 0.491882
0.0149392 0.811637 9.9883E-05 0.0131509 9.9883E-05 9.9883E-05 9.9883E-05 9.9883E-05 9.9883E-05 9.9883E-05 9.9883E-05 9.9883E-05 0.0729534 9.9883E-05 9.9883E-05 9.9883E-05 9.9883E-05 0.0015778 0.0844429
0.0463802 0.00889753 9.99098E-05 9.99098E-05 0.000961088 0.00227274 9.99098E-05 9.99098E-05 0.0258389 0.331106 9.99098E-05 0.115036 9.99098E-05 0.0156025 9.99098E-05 9.99098E-05 9.99098E-05 9.99098E-05 0.452906
9.9901E-05 9.9901E-05 9.9901E-05 9.9901E-05 0.0781197 9.9901E-05 9.9901E-05 9.9901E-05 9.9901E-05 9.9901E-05 0.00160999 0.213491 0.0237355 0.0131835 0.0646407 0.158142 9.9901E-05 9.9901E-05 0.445979
0.0636637 0.10167 9.9892E-05 9.9892E-05 9.9892E-05 0.0555829 0.0173495 9.9892E-05 9.9892E-05 9.9892E-05 9.9892E-05 0.250941 9.9892E-05 9.9892E-05 0.0928134 9.9892E-05 9.9892E-05 9.9892E-05 0.416781
0.210418 9.99188E-05 9.99188E-05 9.99188E-05 0.0250818 0.121389 0.0190107 9.99188E-05 0.157054 0.0121925 9.99188E-05 0.302524 0.0976711 9.99188E-05 0.0114872 9.99188E-05 9.99188E-05 9.99188E-05 0.0422735
0.98528 9.98481E-05 9.98481E-05 0.0130225 9.98481E-05 9.98481E-05 9.98481E-05 9.98481E-05 9.98481E-05 9.98481E-05 9.98481E-05 9.98481E-05 9.98481E-05 9.98481E-05 9.98481E-05 9.98481E-05 9.98481E-05 9.98481E-05 9.98481E-05
9.98383E-05 9.98383E-05 0.998203 9.98383E-05 9.98383E-05 9.98383E-05 9.98383E-05 9.98383E-05 9.98383E-05 9.98383E-05 9.98383E-05 9.98383E-05 9.98383E-05 9.98383E-05 9.98383E-05 9.98383E-05 9.98383E-05 9.98383E-05 9.98383E-05
9.98473E-05 9.98473E-05 0.985336 9.98473E-05 9.98473E-05 9.98473E-05 9.98473E-05 9.98473E-05 9.98473E-05 9.98473E-05 9.98473E-05 9.98473E-05 9.98473E-05 9.98473E-05 9.98473E-05 0.0129662 9.98473E-05 9.98473E-05 9.98473E-05
9.98562E-05 9.98562E-05 0.97102 0.00628741 9.98562E-05 9.98562E-05 9.98562E-05 9.98562E-05 9.98562E-05 9.98562E-05 9.98562E-05 9.98562E-05 9.98562E-05 9.98562E-05 9.98562E-05 9.98562E-05 9.98562E-05 9.98562E-05 0.0210946
9.98473E-05 9.98473E-05 0.990108 9.98473E-05 9.98473E-05 9.98473E-05 9.98473E-05 9.98473E-05 9.98473E-05 9.98473E-05 9.98473E-05 9.98473E-05 9.98473E-05 9.98473E-05 9.98473E-05 9.98473E-05 0.00819453 9.98473E-05 9.98473E-05
9.98472E-05 9.98472E-05 0.986577 9.98472E-05 9.98472E-05 0.0117254 9.98472E-05 9.98472E-05 9.98472E-05 9.98472E-05 9.98472E-05 9.98472E-05 9.98472E-05 9.98472E-05 9.98472E-05 9.98472E-05 9.98472E-05 9.98472E-05 9.98472E-05
9.99012E-05 0.0578468 0.373907 9.99012E-05 9.99012E-05 0.299701 0.0571469 0.0705798 9.99012E-05 0.0456111 0.0429449 9.99012E-05 9.99012E-05 9.99012E-05 9.99012E-05 0.0511635 9.99012E-05 9.99012E-05 9.99012E-05
9.98471E-05 9.98471E-05 0.884793 9.98471E-05 9.98471E-05 9.98471E-05 9.98471E-05 9.98471E-05 9.98471E-05 9.98471E-05 0.11351 9.98471E-05 9.98471E-05 9.98471E-05 9.98471E-05 9.98471E-05 9.98471E-05 9.98471E-05 9.98471E-05
0.729929 0.128964 9.98737E-05 9.98737E-05 9.98737E-05 9.98737E-05 9.98737E-05 9.98737E-05 9.98737E-05 0.00861494 9.98737E-05 9.98737E-05 0.0103925 9.98737E-05 9.98737E-05 9.98737E-05 9.98737E-05 0.120701 9.98737E-05
9.9883E-05 0.00371248 0.00780243 9.9883E-05 9.9883E-05 9.9883E-05 0.00308111 9.9883E-05 9.9883E-05 9.9883E-05 0.956101 9.9883E-05 0.0273039 0.00070021 9.9883E-05 9.9883E-05 9.9883E-05 9.9883E-05 9.9883E-05
9.9874E-05 9.9874E-05 9.9874E-05 9.9874E-05 9.9874E-05 9.9874E-05 9.9874E-05 0.0125229 0.00328113 9.9874E-05 9.9874E-05 9.9874E-05 9.9874E-05 9.9874E-05 0.0116622 9.9874E-05 0.962066 0.00906968 9.9874E-05
9.98741E-05 0.0384732 9.98741E-05 9.98741E-05 0.793805 9.98741E-05 9.98741E-05 9.98741E-05 9.98741E-05 9.98741E-05 9.98741E-05 9.98741E-05 0.00245146 9.98741E-05 0.11967 9.98741E-05 9.98741E-05 0.044202 9.98741E-05
9.98653E-05 0.85365 9.98653E-05 9.98653E-05 0.0368667 9.98653E-05 9.98653E-05 9.98653E-05 9.98653E-05 9.98653E-05 9.98653E-05 0.0744671 9.98653E-05 9.98653E-05 9.98653E-05 9.98653E-05 9.98653E-05 0.0335186 9.98653E-05
9.98566E-05 9.98566E-05 9.98566E-05 9.98566E-05 0.979985 9.98566E-05 0.0090241 0.00939299 9.98566E-05 9.98566E-05 9.98566E-05 9.98566E-05 9.98566E-05 9.98566E-05 9.98566E-05 9.98566E-05 9.98566E-05 9.98566E-05 9.98566E-05
9.9856E-05 9.9856E-05 9.9856E-05 9.9856E-05 0.88355 9.9856E-05 9.9856E-05 9.9856E-05 9.9856E-05 0.00824836 9.9856E-05 9.9856E-05 9.9856E-05 9.9856E-05 9.9856E-05 9.9856E-05 9.9856E-05 9.9856E-05 0.106604
9.98738E-05 9.98738E-05 9.98738E-05 9.98738E-05 0.845035 9.98738E-05 9.98738E-05 9.98738E-05 9.98738E-05 0.0630357 9.98738E-05 0.0457318 9.98738E-05 0.0426677 0.00213157 9.98738E-05 9.98738E-05 9.98738E-05 9.98738E-05
0.0375901 9.98564E-05 9.98564E-05 0.916973 9.98564E-05 9.98564E-05 9.98564E-05 9.98564E-05 9.98564E-05 9.98564E-05 9.98564E-05 9.98564E-05 9.98564E-05 9.98564E-05 9.98564E-05 9.98564E-05 9.98564E-05 9.98564E-05 0.0438392
9.98745E-05 9.98745E-05 9.98745E-05 9.98745E-05 9.98745E-05 0.0109776 0.0359823 9.98745E-05 9.98745E-05 0.0131772 9.98745E-05 9.98745E-05 9.98745E-05 0.00455213 9.98745E-05 9.98745E-05 0.933913 9.98745E-05 9.98745E-05
9.99102E-05 0.0519999 9.99102E-05 9.99102E-05 0.109313 0.428081 9.99102E-05 9.99102E-05 0.0299391 0.049336 0.0457936 9.99102E-05 9.99102E-05 9.99102E-05 0.24287 0.0110041 9.99102E-05 0.0306644 9.99102E-05
9.98654E-05 0.00398744 9.98654E-05 9.98654E-05 9.98654E-05 9.98654E-05 0.152549 0.0945719 9.98654E-05 9.98654E-05 9.98654E-05 9.98654E-05 9.98654E-05 9.98654E-05 9.98654E-05 9.98654E-05 0.747393 9.98654E-05 9.98654E-05
9.9883E-05 9.9883E-05 0.0119716 9.9883E-05 9.9883E-05 0.0733968 9.9883E-05 9.9883E-05 0.0328104 9.9883E-05 9.9883E-05 9.9883E-05 9.9883E-05 9.9883E-05 0.0319667 9.9883E-05 0.843893 0.00466328 9.9883E-05
9.98831E-05 0.0559603 0.0139585 9.98831E-05 9.98831E-05 0.011701 9.98831E-05 0.0309553 9.98831E-05 9.98831E-05 9.98831E-05 9.98831E-05 0.0186122 9.98831E-05 9.98831E-05 9.98831E-05 0.867514 9.98831E-05 9.98831E-05
9.98874E-05 0.0564469 0.00764094 9.98874E-05 9.98874E-05 9.98874E-05 9.98874E-05 0.0078004 9.98874E-05 9.98874E-05 9.98874E-05 9.98874E-05 0.00106065 9.98874E-05 9.98874E-05 0.000371422 0.925381 9.98874E-05 9.98874E-05
9.98742E-05 9.98742E-05 9.98742E-05 9.98742E-05 9.98742E-05 0.187494 9.98742E-05 9.98742E-05 9.98742E-05 0.0355188 9.98742E-05 9.98742E-05 9.98742E-05 9.98742E-05 0.0325881 9.98742E-05 0.728849 0.0141519 9.98742E-05
9.9874E-05 9.9874E-05 9.9874E-05 9.9874E-05 9.9874E-05 9.9874E-05 9.9874E-05 0.00151137 0.00921167 9.9874E-05 9.9874E-05 9.9874E-05 9.9874E-05 9.9874E-05 0.0365231 9.9874E-05 0.937593 0.0137626 9.9874E-05
9.98471E-05 9.98471E-05 0.0432574 9.98471E-05 9.98471E-05 9.98471E-05 9.98471E-05 0.955045 9.98471E-05 9.98471E-05 9.98471E-05 9.98471E-05 9.98471E-05 9.98471E-05 9.98471E-05 9.98471E-05 9.98471E-05 9.98471E-05 9.98471E-05
9.98471E-05 9.98471E-05 9.98471E-05 9.98471E-05 0.0189156 9.98471E-05 9.98471E-05 0.979387 9.98471E-05 9.98471E-05 9.98471E-05 9.98471E-05 9.98471E-05 9.98471E-05 9.98471E-05 9.98471E-05 9.98471E-05 9.98471E-05 9.98471E-05
0.00212789 9.99012E-05 0.0115356 9.99012E-05 9.99012E-05 9.99012E-05 0.0632127 9.99012E-05 9.99012E-05 9.99012E-05 9.99012E-05 9.99012E-05 9.99012E-05 0.00393977 9.99012E-05 0.014716 0.89018 0.00269103 0.0104984
9.98561E-05 0.972999 0.0100952 9.98561E-05 9.98561E-05 9.98561E-05 9.98561E-05 9.98561E-05 0.0153076 9.98561E-05 9.98561E-05 9.98561E-05 9.98561E-05 9.98561E-05 9.98561E-05 9.98561E-05 9.98561E-05 9.98561E-05 9.98561E-05
9.98561E-05 0.985062 0.00150895 9.98561E-05 9.98561E-05 9.98561E-05 9.98561E-05 9.98561E-05 9.98561E-05 9.98561E-05 9.98561E-05 9.98561E-05 9.98561E-05 0.0118311 9.98561E-05 9.98561E-05 9.98561E-05 9.98561E-05 9.98561E-05
0.0153097 9.98474E-05 9.98474E-05 9.98474E-05 9.98474E-05 9.98474E-05 9.98474E-05 9.98474E-05 9.98474E-05 9.98474E-05 9.98474E-05 9.98474E-05 9.98474E-05 0.982993 9.98474E-05 9.98474E-05 9.98474E-05 9.98474E-05 9.98474E-05
9.98474E-05 9.98474E-05 9.98474E-05 9.98474E-05 9.98474E-05 9.98474E-05 9.98474E-05 9.98474E-05 9.98474E-05 9.98474E-05 9.98474E-05 9.98474E-05 9.98474E-05 0.989113 9.98474E-05 9.98474E-05 9.98474E-05 0.00918957 9.98474E-05
9.9838E-05 9.9838E-05 9.9838E-05 9.9838E-05 9.9838E-05 9.9838E-05 9.9838E-05 9.9838E-05 9.9838E-05 9.9838E-05 9.9838E-05 9.9838E-05 9.9838E-05 9.9838E-05 9.9838E-05 9.9838E-05 9.9838E-05 9.9838E-05 0.998203
9.98382E-05 9.98382E-05 9.98382E-05 9.98382E-05 9.98382E-05 9.98382E-05 9.98382E-05 9.98382E-05 9.98382E-05 9.98382E-05 9.98382E-05 9.98382E-05 9.98382E-05 9.98382E-05 9.98382E-05 9.98382E-05 9.98382E-05 9.98382E-05 0.998203
9.98653E-05 0.0109337 9.98653E-05 9.98653E-05 9.98653E-05 9.98653E-05 9.98653E-05 0.0152417 0.0037456 9.98653E-05 9.98653E-05 9.98653E-05 9.98653E-05 0.968581 9.98653E-05 9.98653E-05 9.98653E-05 9.98653E-05 9.98653E-05
9.98473E-05 9.98473E-05 9.98473E-05 9.98473E-05 9.98473E-05 9.98473E-05 9.98473E-05 9.98473E-05 9.98473E-05 9.98473E-05 9.98473E-05 9.98473E-05 9.98473E-05 0.995151 0.0031513 9.98473E-05 9.98473E-05 9.98473E-05 9.98473E-05
0.905772 9.98648E-05 0.0324988 9.98648E-05 0.0223792 9.98648E-05 9.98648E-05 9.98648E-05 9.98648E-05 9.98648E-05 9.98648E-05 9.98648E-05 9.98648E-05 9.98648E-05 9.98648E-05 9.98648E-05 9.98648E-05 0.0378523 9.98648E-05
9.9874E-05 0.0393638 9.9874E-05 0.00800072 0.130869 9.9874E-05 9.9874E-05 9.9874E-05 9.9874E-05 9.9874E-05 9.9874E-05 9.9874E-05 0.117872 9.9874E-05 0.702496 9.9874E-05 9.9874E-05 9.9874E-05 9.9874E-05
9.9865E-05 9.9865E-05 0.027992 9.9865E-05 9.9865E-05 9.9865E-05 9.9865E-05 9.9865E-05 9.9865E-05 9.9865E-05 0.864459 0.0276513 0.0783994 9.9865E-05 9.9865E-05 9.9865E-05 9.9865E-05 9.9865E-05 9.9865E-05
9.98378E-05 9.98378E-05 9.98378E-05 9.98378E-05 9.98378E-05 9.98378E-05 9.98378E-05 9.98378E-05 9.98378E-05 9.98378E-05 9.98378E-05 0.998203 9.98378E-05 9.98378E-05 9.98378E-05 9.98378E-05 9.98378E-05 9.98378E-05 9.98378E-05
9.98382E-05 9.98382E-05 9.98382E-05 9.98382E-05 9.98382E-05 9.98382E-05 9.98382E-05 9.98382E-05 9.98382E-05 9.98382E-05 9.98382E-05 9.98382E-05 9.98382E-05 9.98382E-05 9.98382E-05 9.98382E-05 9.98382E-05 0.998203 9.98382E-05
9.9838E-05 9.9838E-05 9.9838E-05 9.9838E-05 9.9838E-05 0.998203 9.9838E-05 9.9838E-05 9.9838E-05 9.9838E-05 9.9838E-05 9.9838E-05 9.9838E-05 9.9838E-05 9.9838E-05 9.9838E-05 9.9838E-05 9.9838E-05 9.9838E-05
