9.98648E-05 0.911946 9.98648E-05 0.0651189 9.98648E-05 9.98648E-05 9.98648E-05 9.98648E-05 9.98648E-05 0.021437 9.98648E-05 9.98648E-05 9.98648E-05 9.98648E-05 9.98648E-05 9.98648E-05 9.98648E-05 9.98648E-05
0.0111009 9.98829E-05 0.135282 9.98829E-05 9.98829E-05 9.98829E-05 9.98829E-05 0.0243638 9.98829E-05 9.98829E-05 9.98829E-05 9.98829E-05 9.98829E-05 9.98829E-05 0.152671 9.98829E-05 0.675284 9.98829E-05
9.98403E-05 9.98403E-05 9.98403E-05 9.98403E-05 9.98403E-05 9.98403E-05 9.98403E-05 9.98403E-05 9.98403E-05 9.98403E-05 9.98403E-05 0.998303 9.98403E-05 9.98403E-05 9.98403E-05 9.98403E-05 9.98403E-05 9.98403E-05
9.98831E-05 9.98831E-05 0.904026 9.98831E-05 9.98831E-05 9.98831E-05 9.98831E-05 9.98831E-05 9.98831E-05 0.0305109 0.00270062 9.98831E-05 0.00925349 9.98831E-05 9.98831E-05 0.0522109 9.98831E-05 9.98831E-05
9.99372E-05 0.0199544 0.318592 0.0791268 0.16483 9.99372E-05 9.99372E-05 0.0452866 0.00774577 9.99372E-05 9.99372E-05 0.0270509 0.0989947 9.99372E-05 0.0168726 9.99372E-05 0.108408 0.112439
9.98741E-05 9.98741E-05 0.975513 9.98741E-05 9.98741E-05 9.98741E-05 9.98741E-05 9.98741E-05 9.98741E-05 0.00545802 9.98741E-05 9.98741E-05 9.98741E-05 9.98741E-05 0.00659603 9.98741E-05 9.98741E-05 0.0110344
9.98472E-05 9.98472E-05 9.98472E-05 9.98472E-05 0.998303 9.98472E-05 9.98472E-05 9.98472E-05 9.98472E-05 9.98472E-05 9.98472E-05 9.98472E-05 9.98472E-05 9.98472E-05 9.98472E-05 9.98472E-05 9.98472E-05 9.98472E-05
9.99009E-05 9.99009E-05 0.0433945 0.0834771 9.99009E-05 9.99009E-05 9.99009E-05 9.99009E-05 0.458648 9.99009E-05 9.99009E-05 0.0086448 0.0580587 9.99009E-05 9.99009E-05 9.99009E-05 0.0992533 0.247425
9.9883E-05 9.9883E-05 9.9883E-05 9.9883E-05 0.949185 9.9883E-05 9.9883E-05 0.00632543 9.9883E-05 9.9883E-05 0.00556305 9.9883E-05 0.00494206 9.9883E-05 9.9883E-05 9.9883E-05 0.0326863 9.9883E-05
9.98561E-05 9.98561E-05 9.98561E-05 0.898666 0.099736 9.98561E-05 9.98561E-05 9.98561E-05 9.98561E-05 9.98561E-05 9.98561E-05 9.98561E-05 9.98561E-05 9.98561E-05 9.98561E-05 9.98561E-05 9.98561E-05 9.98561E-05
9.98562E-05 9.98562E-05 9.98562E-05 0.898186 0.100216 9.98562E-05 9.98562E-05 9.98562E-05 9.98562E-05 9.98562E-05 9.98562E-05 9.98562E-05 9.98562E-05 9.98562E-05 9.98562E-05 9.98562E-05 9.98562E-05 9.98562E-05
9.991E-05 0.660943 9.991E-05 9.991E-05 0.0272303 9.991E-05 0.0995069 0.0212927 0.016702 0.110098 9.991E-05 0.0275425 9.991E-05 9.991E-05 9.991E-05 0.0356854 9.991E-05 9.991E-05
9.98653E-05 9.98653E-05 9.98653E-05 9.98653E-05 9.98653E-05 9.98653E-05 0.948234 9.98653E-05 0.0130412 9.98653E-05 9.98653E-05 9.98653E-05 9.98653E-05 9.98653E-05 9.98653E-05 0.0372266 9.98653E-05 9.98653E-05
9.98741E-05 9.98741E-05 0.933458 9.98741E-05 9.98741E-05 9.98741E-05 9.98741E-05 0.00953701 9.98741E-05 9.98741E-05 9.98741E-05 9.98741E-05 9.98741E-05 0.00995281 9.98741E-05 9.98741E-05 0.0456538 9.98741E-05
9.98652E-05 0.013147 0.964319 9.98652E-05 9.98652E-05 9.98652E-05 9.98652E-05 9.98652E-05 9.98652E-05 9.98652E-05 9.98652E-05 9.98652E-05 9.98652E-05 9.98652E-05 0.0210359 9.98652E-05 9.98652E-05 9.98652E-05
0.0409024 9.9883E-05 9.9883E-05 0.0651801 9.9883E-05 0.00429985 0.165165 9.9883E-05 9.9883E-05 9.9883E-05 0.723154 9.9883E-05 9.9883E-05 9.9883E-05 9.9883E-05 9.9883E-05 9.9883E-05 9.9883E-05
9.9856E-05 9.9856E-05 9.9856E-05 0.100035 9.9856E-05 9.9856E-05 9.9856E-05 0.898368 9.9856E-05 9.9856E-05 9.9856E-05 9.9856E-05 9.9856E-05 9.9856E-05 9.9856E-05 9.9856E-05 9.9856E-05 9.9856E-05
9.98919E-05 9.98919E-05 9.98919E-05 0.0511047 9.98919E-05 9.98919E-05 9.98919E-05 9.98919E-05 9.98919E-05 9.98919E-05 0.0486152 0.0154917 9.98919E-05 0.742258 0.0933184 9.98919E-05 0.048013 9.98919E-05
9.98561E-05 9.98561E-05 9.98561E-05 9.98561E-05 9.98561E-05 9.98561E-05 9.98561E-05 9.98561E-05 9.98561E-05 0.0733408 9.98561E-05 9.98561E-05 9.98561E-05 0.925061 9.98561E-05 9.98561E-05 9.98561E-05 9.98561E-05
9.98919E-05 0.0945947 9.98919E-05 0.458661 9.98919E-05 0.0408733 9.98919E-05 0.0200075 9.98919E-05 0.0462012 0.338464 9.98919E-05 9.98919E-05 9.98919E-05 9.98919E-05 9.98919E-05 9.98919E-05 9.98919E-05
9.98472E-05 9.98472E-05 9.98472E-05 9.98472E-05 9.98472E-05 9.98472E-05 9.98472E-05 9.98472E-05 9.98472E-05 9.98472E-05 9.98472E-05 9.98472E-05 9.98472E-05 0.998303 9.98472E-05 9.98472E-05 9.98472E-05 9.98472E-05
9.9892E-05 0.437556 9.9892E-05 0.0506882 9.9892E-05 9.9892E-05 0.0428705 9.9892E-05 9.9892E-05 0.0222276 0.139164 9.9892E-05 9.9892E-05 9.9892E-05 0.306295 9.9892E-05 9.9892E-05 9.9892E-05
9.98468E-05 9.98468E-05 9.98468E-05 9.98468E-05 9.98468E-05 0.998303 9.98468E-05 9.98468E-05 9.98468E-05 9.98468E-05 9.98468E-05 9.98468E-05 9.98468E-05 9.98468E-05 9.98468E-05 9.98468E-05 9.98468E-05 9.98468E-05
9.98558E-05 9.98558E-05 9.98558E-05 9.98558E-05 9.98558E-05 0.328979 9.98558E-05 9.98558E-05 9.98558E-05 9.98558E-05 9.98558E-05 9.98558E-05 9.98558E-05 0.669424 9.98558E-05 9.98558E-05 9.98558E-05 9.98558E-05
9.98654E-05 9.98654E-05 0.345847 9.98654E-05 9.98654E-05 9.98654E-05 9.98654E-05 9.98654E-05 9.98654E-05 9.98654E-05 9.98654E-05 0.0394908 9.98654E-05 9.98654E-05 9.98654E-05 0.613164 9.98654E-05 9.98654E-05
9.98653E-05 9.98653E-05 0.788734 9.98653E-05 9.98653E-05 9.98653E-05 9.98653E-05 9.98653E-05 9.98653E-05 9.98653E-05 9.98653E-05 9.98653E-05 0.000695429 9.98653E-05 9.98653E-05 0.209073 9.98653E-05 9.98653E-05
9.98828E-05 0.070607 9.98828E-05 0.0811625 9.98828E-05 9.98828E-05 0.7942 0.0126699 9.98828E-05 0.0400616 9.98828E-05 9.98828E-05 9.98828E-05 9.98828E-05 9.98828E-05 9.98828E-05 9.98828E-05 9.98828E-05
9.98472E-05 9.98472E-05 9.98472E-05 9.98472E-05 9.98472E-05 9.98472E-05 9.98472E-05 9.98472E-05 9.98472E-05 9.98472E-05 9.98472E-05 9.98472E-05 9.98472E-05 9.98472E-05 9.98472E-05 0.998303 9.98472E-05 9.98472E-05
9.98653E-05 9.98653E-05 9.98653E-05 9.98653E-05 9.98653E-05 9.98653E-05 0.00113656 9.98653E-05 9.98653E-05 9.98653E-05 9.98653E-05 9.98653E-05 0.00780564 9.98653E-05 9.98653E-05 0.98956 9.98653E-05 9.98653E-05
9.98923E-05 9.98923E-05 0.173413 9.98923E-05 9.98923E-05 9.98923E-05 0.0201277 9.98923E-05 9.98923E-05 9.98923E-05 9.98923E-05 0.0157089 0.0826781 9.98923E-05 9.98923E-05 0.197363 9.98923E-05 0.509511
9.98648E-05 9.98648E-05 0.0294043 9.98648E-05 9.98648E-05 9.98648E-05 9.98648E-05 9.98648E-05 9.98648E-05 9.98648E-05 9.98648E-05 9.98648E-05 0.0186402 9.98648E-05 9.98648E-05 9.98648E-05 9.98648E-05 0.950457
9.98475E-05 9.98475E-05 9.98475E-05 9.98475E-05 9.98475E-05 9.98475E-05 9.98475E-05 9.98475E-05 9.98475E-05 9.98475E-05 9.98475E-05 9.98475E-05 9.98475E-05 9.98475E-05 9.98475E-05 9.98475E-05 0.998303 9.98475E-05
9.98742E-05 9.98742E-05 0.579515 9.98742E-05 9.98742E-05 9.98742E-05 9.98742E-05 9.98742E-05 0.138135 9.98742E-05 9.98742E-05 9.98742E-05 9.98742E-05 9.98742E-05 9.98742E-05 0.277933 9.98742E-05 0.00301988
9.99013E-05 9.99013E-05 9.99013E-05 0.00313279 9.99013E-05 9.99013E-05 9.99013E-05 9.99013E-05 0.263707 0.0158387 9.99013E-05 0.00758717 0.691905 9.99013E-05 9.99013E-05 9.99013E-05 0.00808154 0.00864867
9.98917E-05 9.98917E-05 9.98917E-05 0.0430629 9.98917E-05 9.98917E-05 0.509529 0.257953 9.98917E-05 0.0900458 9.98917E-05 9.98917E-05 9.98917E-05 9.98917E-05 0.0312902 9.98917E-05 9.98917E-05 0.0669198
9.98829E-05 9.98829E-05 0.364932 9.98829E-05 9.98829E-05 9.98829E-05 9.98829E-05 0.0204483 0.0413998 9.98829E-05 9.98829E-05 9.98829E-05 9.98829E-05 9.98829E-05 0.00122701 0.570694 9.98829E-05 9.98829E-05
9.98741E-05 0.944182 9.98741E-05 9.98741E-05 9.98741E-05 9.98741E-05 9.98741E-05 0.0228883 0.00604278 9.98741E-05 9.98741E-05 0.0254886 9.98741E-05 9.98741E-05 9.98741E-05 9.98741E-05 9.98741E-05 9.98741E-05
9.99099E-05 0.0400098 9.99099E-05 0.461831 0.0142203 0.0411905 9.99099E-05 0.0531606 0.0280457 9.99099E-05 9.99099E-05 9.99099E-05 9.99099E-05 9.99099E-05 0.125195 9.99099E-05 0.235348 9.99099E-05
9.98561E-05 9.98561E-05 9.98561E-05 9.98561E-05 9.98561E-05 9.98561E-05 9.98561E-05 0.991907 0.00649496 9.98561E-05 9.98561E-05 9.98561E-05 9.98561E-05 9.98561E-05 9.98561E-05 9.98561E-05 9.98561E-05 9.98561E-05
9.9856E-05 9.9856E-05 0.0256355 9.9856E-05 9.9856E-05 9.9856E-05 9.9856E-05 9.9856E-05 9.9856E-05 9.9856E-05 9.9856E-05 9.9856E-05 9.9856E-05 9.9856E-05 0.972767 9.9856E-05 9.9856E-05 9.9856E-05
9.9856E-05 9.9856E-05 9.9856E-05 9.9856E-05 9.9856E-05 9.9856E-05 9.9856E-05 9.9856E-05 9.9856E-05 0.00234672 9.9856E-05 9.9856E-05 9.9856E-05 9.9856E-05 0.996056 9.9856E-05 9.9856E-05 9.9856E-05
9.98919E-05 0.0334083 9.98919E-05 0.823835 9.98919E-05 0.01785 9.98919E-05 0.0295077 9.98919E-05 9.98919E-05 0.0118477 9.98919E-05 9.98919E-05 9.98919E-05 0.0823523 9.98919E-05 9.98919E-05 9.98919E-05
0.0070082 0.0347488 9.991E-05 0.0301019 0.0620603 9.991E-05 0.0145739 9.991E-05 9.991E-05 9.991E-05 0.817797 9.991E-05 9.991E-05 0.0279829 0.0047275 9.991E-05 9.991E-05 9.991E-05
9.9874E-05 0.036205 9.9874E-05 0.9161 9.9874E-05 9.9874E-05 9.9874E-05 0.0317477 9.9874E-05 0.0145487 9.9874E-05 9.9874E-05 9.9874E-05 9.9874E-05 9.9874E-05 9.9874E-05 9.9874E-05 9.9874E-05
9.99008E-05 0.00904017 9.99008E-05 0.151165 9.99008E-05 0.456428 0.168939 9.99008E-05 9.99008E-05 0.0141137 9.99008E-05 9.99008E-05 9.99008E-05 9.99008E-05 0.174627 9.99008E-05 0.0245877 9.99008E-05
0.00638686 0.0687047 0.0543834 0.235472 9.9937E-05 0.185428 0.00733055 9.9937E-05 9.9937E-05 9.9937E-05 0.157652 0.00198696 9.9937E-05 9.9937E-05 0.251509 9.9937E-05 0.00282976 0.0276176
0.164459 0.193442 0.0101801 0.183021 0.0181554 0.0141049 0.0928305 0.25266 9.9928E-05 9.9928E-05 9.9928E-05 9.9928E-05 0.0424135 9.9928E-05 9.9928E-05 9.9928E-05 9.9928E-05 0.0279357
9.9857E-05 0.979161 9.9857E-05 9.9857E-05 9.9857E-05 9.9857E-05 9.9857E-05 9.9857E-05 9.9857E-05 9.9857E-05 9.9857E-05 9.9857E-05 9.9857E-05 0.0192411 9.9857E-05 9.9857E-05 9.9857E-05 9.9857E-05
9.98652E-05 9.98652E-05 9.98652E-05 9.98652E-05 9.98652E-05 9.98652E-05 9.98652E-05 9.98652E-05 9.98652E-05 9.98652E-05 9.98652E-05 9.98652E-05 0.985018 9.98652E-05 9.98652E-05 0.00106936 9.98652E-05 0.0124146
9.98652E-05 9.98652E-05 9.98652E-05 9.98652E-05 9.98652E-05 9.98652E-05 9.98652E-05 9.98652E-05 9.98652E-05 0.00116853 9.98652E-05 9.98652E-05 0.99333 0.00400398 9.98652E-05 9.98652E-05 9.98652E-05 9.98652E-05
9.98473E-05 9.98473E-05 9.98473E-05 9.98473E-05 9.98473E-05 9.98473E-05 9.98473E-05 9.98473E-05 9.98473E-05 9.98473E-05 9.98473E-05 9.98473E-05 0.998303 9.98473E-05 9.98473E-05 9.98473E-05 9.98473E-05 9.98473E-05
9.98474E-05 9.98474E-05 9.98474E-05 9.98474E-05 9.98474E-05 9.98474E-05 9.98474E-05 9.98474E-05 9.98474E-05 9.98474E-05 9.98474E-05 9.98474E-05 0.998303 9.98474E-05 9.98474E-05 9.98474E-05 9.98474E-05 9.98474E-05
9.98472E-05 9.98472E-05 9.98472E-05 9.98472E-05 9.98472E-05 9.98472E-05 9.98472E-05 9.98472E-05 9.98472E-05 9.98472E-05 9.98472E-05 9.98472E-05 0.998303 9.98472E-05 9.98472E-05 9.98472E-05 9.98472E-05 9.98472E-05
9.99102E-05 9.99102E-05 9.99102E-05 9.99102E-05 0.0781455 0.0213835 9.99102E-05 9.99102E-05 0.0460706 9.99102E-05 0.038612 9.99102E-05 0.380246 0.0164171 9.99102E-05 9.99102E-05 0.0248668 0.393259
9.98741E-05 9.98741E-05 9.98741E-05 9.98741E-05 9.98741E-05 9.98741E-05 9.98741E-05 9.98741E-05 9.98741E-05 9.98741E-05 0.00812774 9.98741E-05 0.932802 9.98741E-05 0.0177214 9.98741E-05 0.039951 9.98741E-05
9.98739E-05 0.812696 9.98739E-05 9.98739E-05 0.00354835 9.98739E-05 9.98739E-05 9.98739E-05 9.98739E-05 9.98739E-05 0.181123 9.98739E-05 9.98739E-05 9.98739E-05 9.98739E-05 9.98739E-05 0.00123488 9.98739E-05
9.99009E-05 9.99009E-05 9.99009E-05 9.99009E-05 0.0170445 9.99009E-05 9.99009E-05 9.99009E-05 9.99009E-05 0.00332793 0.014448 0.0164999 0.0406715 9.99009E-05 9.99009E-05 0.00256063 0.904349 9.99009E-05
9.9874E-05 9.9874E-05 0.535652 9.9874E-05 9.9874E-05 9.9874E-05 9.9874E-05 0.0035344 9.9874E-05 9.9874E-05 9.9874E-05 9.9874E-05 9.9874E-05 9.9874E-05 0.0161291 0.443286 9.9874E-05 9.9874E-05
9.98741E-05 9.98741E-05 9.98741E-05 9.98741E-05 9.98741E-05 9.98741E-05 0.79355 9.98741E-05 9.98741E-05 0.0297159 0.0633409 9.98741E-05 9.98741E-05 9.98741E-05 0.111995 9.98741E-05 9.98741E-05 9.98741E-05
9.98565E-05 9.98565E-05 9.98565E-05 9.98565E-05 9.98565E-05 9.98565E-05 0.0691031 9.98565E-05 9.98565E-05 9.98565E-05 0.929299 9.98565E-05 9.98565E-05 9.98565E-05 9.98565E-05 9.98565E-05 9.98565E-05 9.98565E-05
9.98655E-05 9.98655E-05 9.98655E-05 9.98655E-05 0.0225676 9.98655E-05 0.967168 9.98655E-05 9.98655E-05 9.98655E-05 9.98655E-05 0.00876686 9.98655E-05 9.98655E-05 9.98655E-05 9.98655E-05 9.98655E-05 9.98655E-05
9.98739E-05 9.98739E-05 0.00207455 0.120408 9.98739E-05 9.98739E-05 0.859546 9.98739E-05 9.98739E-05 9.98739E-05 9.98739E-05 9.98739E-05 9.98739E-05 9.98739E-05 0.0165734 9.98739E-05 9.98739E-05 9.98739E-05
0.00880676 9.98828E-05 9.98828E-05 0.109241 9.98828E-05 9.98828E-05 0.821243 9.98828E-05 9.98828E-05 0.051808 9.98828E-05 9.98828E-05 9.98828E-05 0.00760195 9.98828E-05 9.98828E-05 9.98828E-05 9.98828E-05
9.98653E-05 0.0584695 9.98653E-05 0.0194512 9.98653E-05 9.98653E-05 9.98653E-05 9.98653E-05 9.98653E-05 9.98653E-05 9.98653E-05 9.98653E-05 9.98653E-05 0.920581 9.98653E-05 9.98653E-05 9.98653E-05 9.98653E-05
9.98657E-05 9.98657E-05 0.279999 9.98657E-05 9.98657E-05 9.98657E-05 9.98657E-05 9.98657E-05 9.98657E-05 9.98657E-05 9.98657E-05 0.0266727 9.98657E-05 9.98657E-05 9.98657E-05 0.69183 9.98657E-05 9.98657E-05
0.998303 9.98471E-05 9.98471E-05 9.98471E-05 9.98471E-05 9.98471E-05 9.98471E-05 9.98471E-05 9.98471E-05 9.98471E-05 9.98471E-05 9.98471E-05 9.98471E-05 9.98471E-05 9.98471E-05 9.98471E-05 9.98471E-05 9.98471E-05
9.98744E-05 9.98744E-05 0.841563 9.98744E-05 9.98744E-05 9.98744E-05 9.98744E-05 9.98744E-05 0.0584367 9.98744E-05 9.98744E-05 0.0968229 9.98744E-05 9.98744E-05 9.98744E-05 0.00177875 9.98744E-05 9.98744E-05
0.00393342 0.00482261 0.656075 9.9901E-05 9.9901E-05 9.9901E-05 9.9901E-05 0.0209925 9.9901E-05 9.9901E-05 9.9901E-05 9.9901E-05 0.0300226 9.9901E-05 9.9901E-05 0.246321 9.9901E-05 0.0367346
9.98561E-05 9.98561E-05 9.98561E-05 9.98561E-05 9.98561E-05 9.98561E-05 9.98561E-05 9.98561E-05 9.98561E-05 9.98561E-05 0.0192049 9.98561E-05 9.98561E-05 9.98561E-05 9.98561E-05 0.979197 9.98561E-05 9.98561E-05
9.98563E-05 9.98563E-05 9.98563E-05 9.98563E-05 9.98563E-05 9.98563E-05 9.98563E-05 9.98563E-05 9.98563E-05 9.98563E-05 9.98563E-05 9.98563E-05 9.98563E-05 0.00622655 9.98563E-05 0.992176 9.98563E-05 9.98563E-05
9.98832E-05 0.00504196 0.469578 9.98832E-05 9.98832E-05 9.98832E-05 9.98832E-05 9.98832E-05 9.98832E-05 9.98832E-05 9.98832E-05 9.98832E-05 9.98832E-05 9.98832E-05 0.0269726 0.214384 9.98832E-05 0.282726
9.9865E-05 9.9865E-05 0.500669 9.9865E-05 9.9865E-05 9.9865E-05 9.9865E-05 0.0171177 9.9865E-05 9.9865E-05 9.9865E-05 9.9865E-05 9.9865E-05 9.9865E-05 9.9865E-05 0.480716 9.9865E-05 9.9865E-05
9.98561E-05 9.98561E-05 9.98561E-05 9.98561E-05 9.98561E-05 9.98561E-05 9.98561E-05 9.98561E-05 0.98215 9.98561E-05 9.98561E-05 9.98561E-05 0.0162521 9.98561E-05 9.98561E-05 9.98561E-05 9.98561E-05 9.98561E-05
9.98651E-05 9.98651E-05 9.98651E-05 9.98651E-05 0.0122797 9.98651E-05 0.00526202 9.98651E-05 0.98096 9.98651E-05 9.98651E-05 9.98651E-05 9.98651E-05 9.98651E-05 9.98651E-05 9.98651E-05 9.98651E-05 9.98651E-05
9.98832E-05 9.98832E-05 0.902631 9.98832E-05 9.98832E-05 9.98832E-05 9.98832E-05 9.98832E-05 9.98832E-05 9.98832E-05 0.0238998 0.0143344 0.0269464 9.98832E-05 9.98832E-05 0.0308901 9.98832E-05 9.98832E-05
9.9874E-05 9.9874E-05 0.015982 9.9874E-05 9.9874E-05 9.9874E-05 9.9874E-05 0.0134205 9.9874E-05 9.9874E-05 0.945605 9.9874E-05 0.0235942 9.9874E-05 9.9874E-05 9.9874E-05 9.9874E-05 9.9874E-05
9.9856E-05 9.9856E-05 9.9856E-05 9.9856E-05 9.9856E-05 9.9856E-05 9.9856E-05 9.9856E-05 9.9856E-05 9.9856E-05 0.983955 9.9856E-05 0.0144475 9.9856E-05 9.9856E-05 9.9856E-05 9.9856E-05 9.9856E-05
9.98653E-05 0.00811485 9.98653E-05 9.98653E-05 9.98653E-05 9.98653E-05 9.98653E-05 9.98653E-05 9.98653E-05 0.98243 9.98653E-05 9.98653E-05 9.98653E-05 9.98653E-05 0.00795767 9.98653E-05 9.98653E-05 9.98653E-05
9.98563E-05 9.98563E-05 9.98563E-05 9.98563E-05 9.98563E-05 9.98563E-05 0.00800199 9.98563E-05 9.98563E-05 0.9904 9.98563E-05 9.98563E-05 9.98563E-05 9.98563E-05 9.98563E-05 9.98563E-05 9.98563E-05 9.98563E-05
9.9892E-05 9.9892E-05 9.9892E-05 0.712657 9.9892E-05 9.9892E-05 0.00746464 9.9892E-05 9.9892E-05 9.9892E-05 0.0556921 9.9892E-05 9.9892E-05 9.9892E-05 0.119356 0.00845108 0.0951801 9.9892E-05
9.99099E-05 0.00323346 9.99099E-05 0.68011 0.00239401 9.99099E-05 0.0276571 9.99099E-05 9.99099E-05 9.99099E-05 0.0543027 9.99099E-05 9.99099E-05 9.99099E-05 0.145086 0.00561523 0.0806013 9.99099E-05
9.98743E-05 9.98743E-05 9.98743E-05 9.98743E-05 9.98743E-05 0.0176588 9.98743E-05 9.98743E-05 0.00694563 0.96416 0.00983731 9.98743E-05 9.98743E-05 9.98743E-05 9.98743E-05 9.98743E-05 9.98743E-05 9.98743E-05
9.98563E-05 9.98563E-05 0.00341175 9.98563E-05 9.98563E-05 9.98563E-05 9.98563E-05 9.98563E-05 9.98563E-05 0.994991 9.98563E-05 9.98563E-05 9.98563E-05 9.98563E-05 9.98563E-05 9.98563E-05 9.98563E-05 9.98563E-05
9.98739E-05 0.960642 9.98739E-05 9.98739E-05 9.98739E-05 9.98739E-05 0.00751643 9.98739E-05 9.98739E-05 9.98739E-05 0.00976168 9.98739E-05 0.0206818 9.98739E-05 9.98739E-05 9.98739E-05 9.98739E-05 9.98739E-05
9.98831E-05 9.98831E-05 9.98831E-05 9.98831E-05 0.124353 9.98831E-05 0.0965854 9.98831E-05 9.98831E-05 9.98831E-05 0.00255815 9.98831E-05 9.98831E-05 0.00616412 0.769041 9.98831E-05 9.98831E-05 9.98831E-05
9.98651E-05 9.98651E-05 9.98651E-05 9.98651E-05 0.0441609 9.98651E-05 9.98651E-05 9.98651E-05 9.98651E-05 9.98651E-05 9.98651E-05 9.98651E-05 0.0371316 9.98651E-05 9.98651E-05 9.98651E-05 0.917209 9.98651E-05
0.0637353 0.0124994 0.0418725 9.98919E-05 9.98919E-05 0.640021 0.204095 9.98919E-05 9.98919E-05 9.98919E-05 9.98919E-05 9.98919E-05 9.98919E-05 9.98919E-05 0.0365779 9.98919E-05 9.98919E-05 9.98919E-05
9.99013E-05 0.125974 9.99013E-05 9.99013E-05 9.99013E-05 0.172925 0.341203 0.197621 9.99013E-05 0.120744 9.99013E-05 9.99013E-05 9.99013E-05 0.00748195 0.0329526 9.99013E-05 9.99013E-05 9.99013E-05
9.98471E-05 9.98471E-05 9.98471E-05 9.98471E-05 9.98471E-05 9.98471E-05 9.98471E-05 9.98471E-05 9.98471E-05 9.98471E-05 9.98471E-05 9.98471E-05 9.98471E-05 9.98471E-05 9.98471E-05 9.98471E-05 9.98471E-05 0.998303
