9.98648E-05 9.98648E-05 9.98648E-05 9.98648E-05 0.0542991 9.98648E-05 9.98648E-05 9.98648E-05 0.000805706 9.98648E-05 9.98648E-05 9.98648E-05 9.98648E-05 9.98648E-05 9.98648E-05 0.943397 9.98648E-05 9.98648E-05
0.698401 0.146105 9.98919E-05 9.98919E-05 0.00246225 0.0772814 9.98919E-05 9.98919E-05 9.98919E-05 9.98919E-05 9.98919E-05 9.98919E-05 9.98919E-05 9.98919E-05 0.0282488 0.0463023 9.98919E-05 9.98919E-05
9.9847E-05 9.9847E-05 9.9847E-05 9.9847E-05 9.9847E-05 9.9847E-05 9.9847E-05 9.9847E-05 9.9847E-05 9.9847E-05 9.9847E-05 0.998303 9.9847E-05 9.9847E-05 9.9847E-05 9.9847E-05 9.9847E-05 9.9847E-05
9.98831E-05 0.874742 0.0281483 0.0237868 9.98831E-05 9.98831E-05 9.98831E-05 9.98831E-05 0.0165147 0.0555095 9.98831E-05 9.98831E-05 9.98831E-05 9.98831E-05 9.98831E-05 9.98831E-05 9.98831E-05 9.98831E-05
0.0875079 0.269022 0.0571956 0.180727 0.0685275 9.99191E-05 0.0221278 0.190275 9.99191E-05 9.99191E-05 9.99191E-05 0.0637218 9.99191E-05 9.99191E-05 9.99191E-05 0.0599968 9.99191E-05 9.99191E-05
9.9883E-05 0.925342 9.9883E-05 0.03159 9.9883E-05 9.9883E-05 0.0100749 9.9883E-05 9.9883E-05 9.9883E-05 0.0292463 0.00244802 9.9883E-05 9.9883E-05 9.9883E-05 9.9883E-05 9.9883E-05 9.9883E-05
9.98472E-05 9.98472E-05 9.98472E-05 9.98472E-05 9.98472E-05 9.98472E-05 9.98472E-05 0.998303 9.98472E-05 9.98472E-05 9.98472E-05 9.98472E-05 9.98472E-05 9.98472E-05 9.98472E-05 9.98472E-05 9.98472E-05 9.98472E-05
0.086618 0.00744842 0.0798118 0.295612 0.063606 9.99099E-05 9.99099E-05 9.99099E-05 0.0143804 9.99099E-05 0.418661 0.0328638 9.99099E-05 9.99099E-05 9.99099E-05 9.99099E-05 9.99099E-05 9.99099E-05
0.0326579 9.9883E-05 0.0170336 9.9883E-05 9.9883E-05 0.00425616 9.9883E-05 0.933874 9.9883E-05 0.0108795 9.9883E-05 9.9883E-05 9.9883E-05 9.9883E-05 9.9883E-05 9.9883E-05 9.9883E-05 9.9883E-05
9.98562E-05 9.98562E-05 9.98562E-05 9.98562E-05 0.844453 9.98562E-05 9.98562E-05 0.153949 9.98562E-05 9.98562E-05 9.98562E-05 9.98562E-05 9.98562E-05 9.98562E-05 9.98562E-05 9.98562E-05 9.98562E-05 9.98562E-05
9.98403E-05 9.98403E-05 9.98403E-05 9.98403E-05 0.869742 9.98403E-05 9.98403E-05 0.12866 9.98403E-05 9.98403E-05 9.98403E-05 9.98403E-05 9.98403E-05 9.98403E-05 9.98403E-05 9.98403E-05 9.98403E-05 9.98403E-05
9.99191E-05 0.00168459 9.99191E-05 0.00815698 9.99191E-05 9.99191E-05 0.0210083 9.99191E-05 0.0970456 0.00752133 9.99191E-05 0.00867611 0.0411112 0.0743588 9.99191E-05 0.739538 9.99191E-05 9.99191E-05
9.98922E-05 9.98922E-05 9.98922E-05 0.0189343 9.98922E-05 9.98922E-05 0.0274567 9.98922E-05 9.98922E-05 0.00705756 0.00823508 9.98922E-05 0.0840721 0.853046 9.98922E-05 9.98922E-05 9.98922E-05 9.98922E-05
9.98563E-05 0.983775 9.98563E-05 9.98563E-05 9.98563E-05 9.98563E-05 9.98563E-05 9.98563E-05 9.98563E-05 9.98563E-05 9.98563E-05 9.98563E-05 9.98563E-05 9.98563E-05 9.98563E-05 9.98563E-05 9.98563E-05 0.0146273
9.98741E-05 0.966894 9.98741E-05 9.98741E-05 9.98741E-05 9.98741E-05 9.98741E-05 9.98741E-05 9.98741E-05 9.98741E-05 9.98741E-05 9.98741E-05 9.98741E-05 9.98741E-05 9.98741E-05 0.0305702 0.00103241 0.000104995
9.9865E-05 9.9865E-05 9.9865E-05 9.9865E-05 9.9865E-05 9.9865E-05 0.11777 9.9865E-05 9.9865E-05 9.9865E-05 9.9865E-05 9.9865E-05 9.9865E-05 0.12416 0.756572 9.9865E-05 9.9865E-05 9.9865E-05
9.9856E-05 9.9856E-05 9.9856E-05 9.9856E-05 0.0271984 0.971204 9.9856E-05 9.9856E-05 9.9856E-05 9.9856E-05 9.9856E-05 9.9856E-05 9.9856E-05 9.9856E-05 9.9856E-05 9.9856E-05 9.9856E-05 9.9856E-05
9.9847E-05 9.9847E-05 9.9847E-05 9.9847E-05 9.9847E-05 9.9847E-05 9.9847E-05 9.9847E-05 9.9847E-05 9.9847E-05 9.9847E-05 9.9847E-05 9.9847E-05 9.9847E-05 9.9847E-05 9.9847E-05 0.998303 9.9847E-05
9.9856E-05 9.9856E-05 9.9856E-05 9.9856E-05 9.9856E-05 9.9856E-05 9.9856E-05 9.9856E-05 0.0714485 9.9856E-05 9.9856E-05 9.9856E-05 9.9856E-05 9.9856E-05 9.9856E-05 9.9856E-05 9.9856E-05 0.926954
9.98801E-05 9.98801E-05 9.98801E-05 9.98801E-05 0.448555 0.0247057 0.120363 9.98801E-05 0.0244984 9.98801E-05 9.98801E-05 9.98801E-05 9.98801E-05 9.98801E-05 0.310014 0.0706646 9.98801E-05 9.98801E-05
9.98562E-05 9.98562E-05 9.98562E-05 9.98562E-05 9.98562E-05 9.98562E-05 9.98562E-05 9.98562E-05 9.98562E-05 9.98562E-05 9.98562E-05 9.98562E-05 9.98562E-05 9.98562E-05 9.98562E-05 9.98562E-05 0.0893047 0.909098
9.99099E-05 0.00305951 9.99099E-05 9.99099E-05 0.0390098 0.0156022 0.000682385 9.99099E-05 9.99099E-05 9.99099E-05 9.99099E-05 9.99099E-05 0.149853 9.99099E-05 0.332871 0.431012 0.0269105 9.99099E-05
9.98832E-05 9.98832E-05 9.98832E-05 9.98832E-05 0.150572 0.311221 9.98832E-05 9.98832E-05 0.183845 9.98832E-05 9.98832E-05 9.98832E-05 9.98832E-05 9.98832E-05 9.98832E-05 9.98832E-05 0.00718223 0.345882
9.98829E-05 9.98829E-05 9.98829E-05 9.98829E-05 9.98829E-05 0.0100328 0.0793774 9.98829E-05 0.0356228 9.98829E-05 9.98829E-05 9.98829E-05 9.98829E-05 9.98829E-05 9.98829E-05 9.98829E-05 0.0493927 0.824276
9.98653E-05 0.29091 9.98653E-05 9.98653E-05 9.98653E-05 9.98653E-05 9.98653E-05 9.98653E-05 9.98653E-05 0.691156 9.98653E-05 0.0164363 9.98653E-05 9.98653E-05 9.98653E-05 9.98653E-05 9.98653E-05 9.98653E-05
9.98562E-05 0.780373 9.98562E-05 9.98562E-05 9.98562E-05 9.98562E-05 9.98562E-05 9.98562E-05 9.98562E-05 0.21803 9.98562E-05 9.98562E-05 9.98562E-05 9.98562E-05 9.98562E-05 9.98562E-05 9.98562E-05 9.98562E-05
9.98649E-05 9.98649E-05 9.98649E-05 9.98649E-05 0.0364729 9.98649E-05 9.98649E-05 9.98649E-05 9.98649E-05 9.98649E-05 9.98649E-05 9.98649E-05 0.852176 0.109853 9.98649E-05 9.98649E-05 9.98649E-05 9.98649E-05
9.98472E-05 9.98472E-05 9.98472E-05 9.98472E-05 9.98472E-05 9.98472E-05 9.98472E-05 9.98472E-05 9.98472E-05 0.998303 9.98472E-05 9.98472E-05 9.98472E-05 9.98472E-05 9.98472E-05 9.98472E-05 9.98472E-05 9.98472E-05
9.98562E-05 9.98562E-05 9.98562E-05 9.98562E-05 9.98562E-05 9.98562E-05 9.98562E-05 9.98562E-05 9.98562E-05 0.990379 9.98562E-05 0.00802308 9.98562E-05 9.98562E-05 9.98562E-05 9.98562E-05 9.98562E-05 9.98562E-05
0.0118037 0.219785 0.0897064 0.371563 9.99013E-05 9.99013E-05 9.99013E-05 9.99013E-05 9.99013E-05 0.226031 9.99013E-05 0.0280627 0.0519492 9.99013E-05 9.99013E-05 9.99013E-05 9.99013E-05 9.99013E-05
9.98559E-05 0.0508915 9.98559E-05 0.947511 9.98559E-05 9.98559E-05 9.98559E-05 9.98559E-05 9.98559E-05 9.98559E-05 9.98559E-05 9.98559E-05 9.98559E-05 9.98559E-05 9.98559E-05 9.98559E-05 9.98559E-05 9.98559E-05
0.998303 9.98403E-05 9.98403E-05 9.98403E-05 9.98403E-05 9.98403E-05 9.98403E-05 9.98403E-05 9.98403E-05 9.98403E-05 9.98403E-05 9.98403E-05 9.98403E-05 9.98403E-05 9.98403E-05 9.98403E-05 9.98403E-05 9.98403E-05
9.98832E-05 0.516605 9.98832E-05 0.0832508 9.98832E-05 0.0048353 9.98832E-05 9.98832E-05 9.98832E-05 0.24098 0.15303 9.98832E-05 9.98832E-05 9.98832E-05 9.98832E-05 9.98832E-05 9.98832E-05 9.98832E-05
9.98923E-05 9.98923E-05 0.720171 0.043666 9.98923E-05 9.98923E-05 9.98923E-05 9.98923E-05 0.0216564 0.0260797 0.178555 0.00867399 9.98923E-05 9.98923E-05 9.98923E-05 9.98923E-05 9.98923E-05 9.98923E-05
9.99008E-05 9.99008E-05 9.99008E-05 0.0124002 9.99008E-05 0.137662 0.0615757 9.99008E-05 0.0361639 0.0109299 0.0193405 9.99008E-05 0.720828 9.99008E-05 9.99008E-05 9.99008E-05 9.99008E-05 9.99008E-05
9.98829E-05 0.299815 9.98829E-05 9.98829E-05 9.98829E-05 0.0122831 0.0190614 9.98829E-05 9.98829E-05 0.587593 0.0799494 9.98829E-05 9.98829E-05 9.98829E-05 9.98829E-05 9.98829E-05 9.98829E-05 9.98829E-05
9.98741E-05 9.98741E-05 9.98741E-05 9.98741E-05 9.98741E-05 9.98741E-05 0.0115823 9.98741E-05 9.98741E-05 9.98741E-05 0.0131854 0.0089898 9.98741E-05 9.98741E-05 9.98741E-05 0.964844 9.98741E-05 9.98741E-05
0.184032 9.98919E-05 9.98919E-05 9.98919E-05 0.610086 0.0549968 9.98919E-05 9.98919E-05 9.98919E-05 9.98919E-05 0.0438857 9.98919E-05 9.98919E-05 9.98919E-05 9.98919E-05 0.105664 9.98919E-05 0.000137234
9.9865E-05 0.012023 9.9865E-05 9.9865E-05 9.9865E-05 0.969222 9.9865E-05 9.9865E-05 9.9865E-05 9.9865E-05 0.0172566 9.9865E-05 9.9865E-05 9.9865E-05 9.9865E-05 9.9865E-05 9.9865E-05 9.9865E-05
9.99007E-05 0.13085 9.99007E-05 9.99007E-05 0.212644 0.0771872 9.99007E-05 9.99007E-05 9.99007E-05 9.99007E-05 9.99007E-05 9.99007E-05 0.0104318 9.99007E-05 0.328684 0.178588 0.0605168 9.99007E-05
9.99097E-05 0.114016 9.99097E-05 9.99097E-05 0.22546 0.0106578 9.99097E-05 9.99097E-05 0.0254423 9.99097E-05 9.99097E-05 9.99097E-05 0.0390992 9.99097E-05 0.267199 0.223226 0.0939005 9.99097E-05
9.98831E-05 9.98831E-05 9.98831E-05 9.98831E-05 0.964107 0.0107246 0.0131035 9.98831E-05 0.000235438 9.98831E-05 9.98831E-05 9.98831E-05 9.98831E-05 9.98831E-05 9.98831E-05 0.0105304 9.98831E-05 9.98831E-05
9.98829E-05 9.98829E-05 9.98829E-05 9.98829E-05 9.98829E-05 9.98829E-05 9.98829E-05 0.129171 9.98829E-05 9.98829E-05 9.98829E-05 9.98829E-05 0.0969158 9.98829E-05 0.769426 0.00029656 9.98829E-05 0.00289187
9.98739E-05 9.98739E-05 9.98739E-05 9.98739E-05 0.870989 9.98739E-05 0.111556 9.98739E-05 9.98739E-05 9.98739E-05 9.98739E-05 0.00764747 9.98739E-05 0.00840932 9.98739E-05 9.98739E-05 9.98739E-05 9.98739E-05
0.0766587 9.99099E-05 9.99099E-05 9.99099E-05 0.388604 9.99099E-05 0.223184 9.99099E-05 0.0582701 9.99099E-05 9.99099E-05 9.99099E-05 9.99099E-05 0.111534 0.0572298 0.0125973 9.99099E-05 0.0709231
0.026622 0.0453233 9.9919E-05 9.9919E-05 0.440343 9.9919E-05 0.210649 9.9919E-05 9.9919E-05 9.9919E-05 0.00993771 9.9919E-05 9.9919E-05 9.9919E-05 0.144747 0.0941118 0.0258144 0.00155277
9.99279E-05 0.0286614 0.0223861 0.0323025 0.169594 0.0909605 0.310636 0.0561533 9.99279E-05 9.99279E-05 9.99279E-05 0.0302991 9.99279E-05 0.0548678 9.99279E-05 0.20334 9.99279E-05 9.99279E-05
0.000636472 9.98659E-05 9.98659E-05 9.98659E-05 9.98659E-05 9.98659E-05 9.98659E-05 9.98659E-05 9.98659E-05 9.98659E-05 9.98659E-05 9.98659E-05 9.98659E-05 9.98659E-05 9.98659E-05 0.961331 0.0365342 9.98659E-05
9.98562E-05 9.98562E-05 0.98281 9.98562E-05 9.98562E-05 9.98562E-05 9.98562E-05 9.98562E-05 9.98562E-05 9.98562E-05 9.98562E-05 9.98562E-05 9.98562E-05 9.98562E-05 0.0155923 9.98562E-05 9.98562E-05 9.98562E-05
9.98742E-05 9.98742E-05 0.982807 9.98742E-05 9.98742E-05 0.000325928 0.0045156 9.98742E-05 9.98742E-05 9.98742E-05 9.98742E-05 9.98742E-05 9.98742E-05 0.0109529 9.98742E-05 9.98742E-05 9.98742E-05 9.98742E-05
9.98562E-05 9.98562E-05 0.97922 9.98562E-05 9.98562E-05 9.98562E-05 9.98562E-05 9.98562E-05 9.98562E-05 9.98562E-05 9.98562E-05 9.98562E-05 9.98562E-05 9.98562E-05 0.019182 9.98562E-05 9.98562E-05 9.98562E-05
9.98473E-05 9.98473E-05 0.998303 9.98473E-05 9.98473E-05 9.98473E-05 9.98473E-05 9.98473E-05 9.98473E-05 9.98473E-05 9.98473E-05 9.98473E-05 9.98473E-05 9.98473E-05 9.98473E-05 9.98473E-05 9.98473E-05 9.98473E-05
9.98474E-05 9.98474E-05 0.998303 9.98474E-05 9.98474E-05 9.98474E-05 9.98474E-05 9.98474E-05 9.98474E-05 9.98474E-05 9.98474E-05 9.98474E-05 9.98474E-05 9.98474E-05 9.98474E-05 9.98474E-05 9.98474E-05 9.98474E-05
0.0715199 9.99102E-05 0.346198 0.310641 9.99102E-05 9.99102E-05 9.99102E-05 9.99102E-05 9.99102E-05 9.99102E-05 0.0781488 0.0664863 0.06069 9.99102E-05 0.0487749 9.99102E-05 9.99102E-05 0.0165414
0.0692092 9.98562E-05 0.929193 9.98562E-05 9.98562E-05 9.98562E-05 9.98562E-05 9.98562E-05 9.98562E-05 9.98562E-05 9.98562E-05 9.98562E-05 9.98562E-05 9.98562E-05 9.98562E-05 9.98562E-05 9.98562E-05 9.98562E-05
9.98648E-05 9.98648E-05 9.98648E-05 9.98648E-05 9.98648E-05 9.98648E-05 0.0407178 9.98648E-05 9.98648E-05 9.98648E-05 9.98648E-05 9.98648E-05 9.98648E-05 9.98648E-05 0.138809 0.818975 9.98648E-05 9.98648E-05
0.868438 9.98739E-05 9.98739E-05 9.98739E-05 9.98739E-05 9.98739E-05 9.98739E-05 0.0516621 9.98739E-05 0.0518708 9.98739E-05 9.98739E-05 9.98739E-05 9.98739E-05 0.0266308 9.98739E-05 9.98739E-05 9.98739E-05
9.98649E-05 0.52763 9.98649E-05 9.98649E-05 9.98649E-05 9.98649E-05 9.98649E-05 9.98649E-05 9.98649E-05 0.449621 0.0212507 9.98649E-05 9.98649E-05 9.98649E-05 9.98649E-05 9.98649E-05 9.98649E-05 9.98649E-05
9.98561E-05 9.98561E-05 9.98561E-05 9.98561E-05 9.98561E-05 9.98561E-05 9.98561E-05 0.0288773 9.98561E-05 9.98561E-05 9.98561E-05 9.98561E-05 0.969525 9.98561E-05 9.98561E-05 9.98561E-05 9.98561E-05 9.98561E-05
9.98653E-05 9.98653E-05 9.98653E-05 9.98653E-05 9.98653E-05 9.98653E-05 0.0309565 9.98653E-05 9.98653E-05 9.98653E-05 9.98653E-05 9.98653E-05 9.98653E-05 0.0740728 0.893473 9.98653E-05 9.98653E-05 9.98653E-05
9.98563E-05 9.98563E-05 9.98563E-05 9.98563E-05 9.98563E-05 9.98563E-05 9.98563E-05 9.98563E-05 9.98563E-05 9.98563E-05 0.000929661 9.98563E-05 9.98563E-05 0.997473 9.98563E-05 9.98563E-05 9.98563E-05 9.98563E-05
9.98829E-05 9.98829E-05 9.98829E-05 9.98829E-05 0.0918921 9.98829E-05 9.98829E-05 9.98829E-05 9.98829E-05 9.98829E-05 9.98829E-05 9.98829E-05 0.0769331 0.817599 9.98829E-05 0.00995472 0.00232293 9.98829E-05
9.98829E-05 9.98829E-05 9.98829E-05 9.98829E-05 0.0496773 9.98829E-05 0.028154 9.98829E-05 0.0756935 9.98829E-05 9.98829E-05 9.98829E-05 0.168468 0.676709 9.98829E-05 9.98829E-05 9.98829E-05 9.98829E-05
9.98654E-05 9.98654E-05 9.98654E-05 9.98654E-05 9.98654E-05 9.98654E-05 9.98654E-05 9.98654E-05 9.98654E-05 9.98654E-05 0.0105697 9.98654E-05 9.98654E-05 9.98654E-05 9.98654E-05 0.0801966 9.98654E-05 0.907736
9.98656E-05 0.25688 9.98656E-05 9.98656E-05 9.98656E-05 9.98656E-05 9.98656E-05 9.98656E-05 9.98656E-05 0.715781 9.98656E-05 0.0258417 9.98656E-05 9.98656E-05 9.98656E-05 9.98656E-05 9.98656E-05 9.98656E-05
0.0724158 0.0589541 0.0322661 9.9964E-05 0.0759671 0.0910631 0.0379233 9.9964E-05 0.0381033 0.00313868 0.193899 0.128923 0.150125 9.9964E-05 0.00390474 9.9964E-05 0.0980103 0.0149069
9.98833E-05 0.83559 9.98833E-05 9.98833E-05 9.98833E-05 9.98833E-05 9.98833E-05 0.00208081 9.98833E-05 9.98833E-05 0.0658888 0.0930319 9.98833E-05 0.00211045 9.98833E-05 9.98833E-05 9.98833E-05 9.98833E-05
9.991E-05 0.718961 0.0351329 0.0236657 9.991E-05 0.0130753 9.991E-05 0.0413474 9.991E-05 0.155292 9.991E-05 0.0113846 9.991E-05 9.991E-05 9.991E-05 0.000142882 9.991E-05 9.991E-05
9.98651E-05 9.98651E-05 9.98651E-05 9.98651E-05 9.98651E-05 9.98651E-05 9.98651E-05 9.98651E-05 9.98651E-05 0.954079 0.00782787 9.98651E-05 9.98651E-05 9.98651E-05 0.0365956 9.98651E-05 9.98651E-05 9.98651E-05
9.98563E-05 9.98563E-05 9.98563E-05 9.98563E-05 9.98563E-05 9.98563E-05 9.98563E-05 9.98563E-05 9.98563E-05 0.996779 9.98563E-05 9.98563E-05 9.98563E-05 9.98563E-05 9.98563E-05 9.98563E-05 9.98563E-05 0.00162352
9.99012E-05 0.560731 9.99012E-05 0.191653 0.00654612 9.99012E-05 9.99012E-05 0.00939353 9.99012E-05 0.194905 0.0162311 9.99012E-05 0.019442 9.99012E-05 9.99012E-05 9.99012E-05 9.99012E-05 9.99012E-05
9.9865E-05 0.501437 9.9865E-05 9.9865E-05 9.9865E-05 0.0150151 9.9865E-05 9.9865E-05 9.9865E-05 0.482049 9.9865E-05 9.9865E-05 9.9865E-05 9.9865E-05 9.9865E-05 9.9865E-05 9.9865E-05 9.9865E-05
9.98561E-05 9.98561E-05 0.0373725 9.98561E-05 9.98561E-05 9.98561E-05 9.98561E-05 9.98561E-05 9.98561E-05 9.98561E-05 0.96103 9.98561E-05 9.98561E-05 9.98561E-05 9.98561E-05 9.98561E-05 9.98561E-05 9.98561E-05
9.98561E-05 9.98561E-05 9.98561E-05 9.98561E-05 9.98561E-05 9.98561E-05 9.98561E-05 9.98561E-05 9.98561E-05 9.98561E-05 0.982541 9.98561E-05 9.98561E-05 0.0158611 9.98561E-05 9.98561E-05 9.98561E-05 9.98561E-05
9.98832E-05 0.888051 0.0443674 9.98832E-05 9.98832E-05 9.98832E-05 9.98832E-05 9.98832E-05 9.98832E-05 0.0383945 9.98832E-05 9.98832E-05 0.00189122 9.98832E-05 0.0259973 9.98832E-05 9.98832E-05 9.98832E-05
9.9874E-05 9.9874E-05 0.0024051 0.0319961 9.9874E-05 0.0105455 9.9874E-05 9.9874E-05 9.9874E-05 9.9874E-05 9.9874E-05 9.9874E-05 9.9874E-05 9.9874E-05 0.953655 9.9874E-05 9.9874E-05 9.9874E-05
9.9856E-05 9.9856E-05 0.00501126 9.9856E-05 9.9856E-05 9.9856E-05 9.9856E-05 9.9856E-05 9.9856E-05 9.9856E-05 9.9856E-05 9.9856E-05 9.9856E-05 9.9856E-05 0.993391 9.9856E-05 9.9856E-05 9.9856E-05
9.98473E-05 9.98473E-05 9.98473E-05 9.98473E-05 9.98473E-05 9.98473E-05 9.98473E-05 9.98473E-05 0.998303 9.98473E-05 9.98473E-05 9.98473E-05 9.98473E-05 9.98473E-05 9.98473E-05 9.98473E-05 9.98473E-05 9.98473E-05
9.98474E-05 9.98474E-05 9.98474E-05 9.98474E-05 9.98474E-05 9.98474E-05 9.98474E-05 9.98474E-05 0.998303 9.98474E-05 9.98474E-05 9.98474E-05 9.98474E-05 9.98474E-05 9.98474E-05 9.98474E-05 9.98474E-05 9.98474E-05
0.0650768 9.98903E-05 9.98903E-05 9.98903E-05 0.836065 9.98903E-05 9.98903E-05 9.98903E-05 9.98903E-05 9.98903E-05 9.98903E-05 9.98903E-05 9.98903E-05 0.0236615 0.0530661 0.0208324 9.98903E-05 9.98903E-05
0.0521381 9.98829E-05 9.98829E-05 9.98829E-05 0.792695 9.98829E-05 9.98829E-05 9.98829E-05 9.98829E-05 9.98829E-05 9.98829E-05 9.98829E-05 9.98829E-05 0.068879 0.0768424 9.98829E-05 0.00814724 9.98829E-05
9.98742E-05 9.98742E-05 9.98742E-05 9.98742E-05 9.98742E-05 0.0346865 9.98742E-05 9.98742E-05 0.948575 9.98742E-05 0.00853033 9.98742E-05 9.98742E-05 9.98742E-05 0.00680949 9.98742E-05 9.98742E-05 9.98742E-05
9.98473E-05 9.98473E-05 9.98473E-05 9.98473E-05 9.98473E-05 9.98473E-05 9.98473E-05 9.98473E-05 0.998303 9.98473E-05 9.98473E-05 9.98473E-05 9.98473E-05 9.98473E-05 9.98473E-05 9.98473E-05 9.98473E-05 9.98473E-05
9.98559E-05 9.98559E-05 9.98559E-05 9.98559E-05 9.98559E-05 9.98559E-05 9.98559E-05 9.98559E-05 9.98559E-05 9.98559E-05 9.98559E-05 9.98559E-05 9.98559E-05 0.0388261 9.98559E-05 0.959576 9.98559E-05 9.98559E-05
0.00756106 9.99189E-05 9.99189E-05 9.99189E-05 0.0862921 9.99189E-05 0.0338469 0.118531 9.99189E-05 9.99189E-05 9.99189E-05 9.99189E-05 9.99189E-05 0.132402 0.459376 0.0619723 0.0968498 0.00226984
0.940676 9.98651E-05 0.0230664 9.98651E-05 9.98651E-05 9.98651E-05 9.98651E-05 0.0347594 9.98651E-05 9.98651E-05 9.98651E-05 9.98651E-05 9.98651E-05 9.98651E-05 9.98651E-05 9.98651E-05 9.98651E-05 9.98651E-05
9.98469E-05 9.98469E-05 9.98469E-05 9.98469E-05 9.98469E-05 9.98469E-05 0.998303 9.98469E-05 9.98469E-05 9.98469E-05 9.98469E-05 9.98469E-05 9.98469E-05 9.98469E-05 9.98469E-05 9.98469E-05 9.98469E-05 9.98469E-05
9.98831E-05 9.98831E-05 9.98831E-05 9.98831E-05 9.98831E-05 0.035877 0.758566 9.98831E-05 0.0298277 9.98831E-05 9.98831E-05 9.98831E-05 0.100794 9.98831E-05 9.98831E-05 0.0736374 9.98831E-05 9.98831E-05
9.98471E-05 9.98471E-05 9.98471E-05 0.998303 9.98471E-05 9.98471E-05 9.98471E-05 9.98471E-05 9.98471E-05 9.98471E-05 9.98471E-05 9.98471E-05 9.98471E-05 9.98471E-05 9.98471E-05 9.98471E-05 9.98471E-05 9.98471E-05
