0.94792 0.00108081 0.0478694 0.00302975 9.9991E-05
0.392014 0.286607 0.0163252 0.304954 9.9991E-05
0.0122415 0.814961 0.0489387 0.0900183 0.0338406
9.9973E-05 0.98691 0.0127898 9.9973E-05 9.9973E-05
0.209639 0.459843 9.99821E-05 0.330319 9.99821E-05
9.9973E-05 0.988613 0.011087 9.9973E-05 9.9973E-05
0.574406 0.0393906 9.99821E-05 0.386003 9.99821E-05
0.0403081 0.415389 0.0315916 0.512611 9.9991E-05
0.54696 0.0364712 9.99821E-05 0.416369 9.99821E-05
0.724224 9.9982E-05 0.106108 0.169468 9.9982E-05
0.74295 9.9982E-05 0.12365 0.133199 9.9982E-05
0.828398 0.0316276 0.139774 9.9982E-05 9.9982E-05
0.935574 0.0641266 9.99732E-05 9.99732E-05 9.99732E-05
9.9982E-05 0.97357 0.00608778 9.9982E-05 0.0201423
0.00505625 0.955855 0.0176424 9.9991E-05 0.0213468
0.947059 0.0202644 9.9982E-05 0.0324768 9.9982E-05
0.527075 9.9982E-05 0.367722 9.9982E-05 0.105003
0.184063 9.9982E-05 9.9982E-05 0.0562442 0.759493
9.9973E-05 9.9973E-05 0.0955108 9.9973E-05 0.904189
0.809329 9.9982E-05 0.150264 0.0402074 9.9982E-05
9.997E-05 9.997E-05 9.997E-05 9.997E-05 0.9996
0.92389 0.011661 0.0642493 9.9982E-05 9.9982E-05
0.0825445 0.0238888 0.390416 0.0600212 0.443129
9.9973E-05 9.9973E-05 0.10221 9.9973E-05 0.89749
9.9973E-05 0.99383 9.9973E-05 0.00586978 9.9973E-05
9.997E-05 0.9996 9.997E-05 9.997E-05 9.997E-05
0.940743 9.9973E-05 0.0589572 9.9973E-05 9.9973E-05
9.9982E-05 0.932646 0.00537972 0.0617743 9.9982E-05
9.9973E-05 0.899843 9.9973E-05 0.0998568 9.9973E-05
9.9991E-05 0.650418 0.0522951 0.295463 0.00172434
9.9982E-05 0.652896 0.0593409 0.287563 9.9982E-05
0.269744 0.132381 0.00617988 0.591595 9.99911E-05
9.997E-05 0.9996 9.997E-05 9.997E-05 9.997E-05
9.9982E-05 0.0861196 0.00394286 0.909738 9.9982E-05
0.68073 0.0716663 0.247404 9.9982E-05 9.9982E-05
0.0197635 0.979937 9.9973E-05 9.9973E-05 9.9973E-05
0.914185 0.0699327 0.0156826 9.99821E-05 9.99821E-05
0.705982 0.0149622 9.9991E-05 0.225384 0.0535717
0.371519 0.177239 0.374724 9.9991E-05 0.0764178
0.803283 0.124136 0.0627254 9.9991E-05 0.00975564
0.825296 0.0637477 0.0751632 0.0322798 0.00351338
0.852869 9.9991E-05 0.0801901 0.0526771 0.0141635
0.917072 9.9973E-05 9.9973E-05 0.0826284 9.9973E-05
0.780611 9.9991E-05 0.132114 0.0754208 0.0117543
0.682582 9.9991E-05 0.197244 0.0251582 0.0949156
0.730966 0.0545307 0.100408 0.0587741 0.0553204
0.72261 0.110613 0.0994904 0.0671869 9.9991E-05
0.962183 9.99733E-05 9.99733E-05 9.99733E-05 0.0375171
9.997E-05 9.997E-05 9.997E-05 0.9996 9.997E-05
9.997E-05 9.997E-05 9.997E-05 0.9996 9.997E-05
9.997E-05 9.997E-05 9.997E-05 0.9996 9.997E-05
9.997E-05 9.997E-05 9.997E-05 0.9996 9.997E-05
9.997E-05 9.997E-05 9.997E-05 0.9996 9.997E-05
0.0764208 0.210109 0.0183897 0.653414 0.0416662
9.997E-05 9.997E-05 9.997E-05 0.9996 9.997E-05
0.9996 9.997E-05 9.997E-05 9.997E-05 9.997E-05
0.307748 0.0933961 0.0108407 0.587915 9.9991E-05
9.997E-05 0.9996 9.997E-05 9.997E-05 9.997E-05
0.965446 9.99731E-05 0.0342543 9.99731E-05 9.99731E-05
0.881563 0.106457 0.0117796 9.9982E-05 9.9982E-05
0.971753 9.99732E-05 9.99732E-05 9.99732E-05 0.0279467
0.991788 0.00791176 9.9973E-05 9.9973E-05 9.9973E-05
0.923001 9.9982E-05 0.0662819 9.9982E-05 0.010517
0.0861245 9.99821E-05 9.99821E-05 0.00385043 0.909825
9.997E-05 0.9996 9.997E-05 9.997E-05 9.997E-05
0.400159 0.300208 0.0272619 0.220505 0.0518652
0.00279445 0.996906 9.99731E-05 9.99731E-05 9.99731E-05
0.0223098 0.973593 9.9982E-05 0.0038976 9.9982E-05
0.00402248 0.904492 9.9982E-05 0.0912855 9.9982E-05
9.9982E-05 0.950727 9.9982E-05 0.0468687 0.00220457
0.0426398 0.923354 0.0218916 0.0120147 9.9991E-05
9.997E-05 0.9996 9.997E-05 9.997E-05 9.997E-05
9.99732E-05 0.451174 9.99732E-05 0.548526 9.99732E-05
0.0622507 0.506127 9.99911E-05 0.399302 0.0322203
0.0142883 0.946784 9.9982E-05 0.0387276 9.9982E-05
0.72496 0.0351953 0.077374 0.16237 9.9991E-05
0.741854 0.014338 0.0664917 0.177216 9.9991E-05
9.997E-05 9.997E-05 0.9996 9.997E-05 9.997E-05
9.997E-05 9.997E-05 0.9996 9.997E-05 9.997E-05
0.775431 9.9991E-05 0.0883766 0.129002 0.00709053
0.842117 9.9991E-05 0.047104 0.0962571 0.0144223
9.9973E-05 9.9973E-05 0.991667 0.00803322 9.9973E-05
9.997E-05 9.997E-05 0.9996 9.997E-05 9.997E-05
0.966386 9.9973E-05 9.9973E-05 0.033314 9.9973E-05
0.891316 0.00408583 9.9991E-05 0.0344422 0.0700563
0.286366 0.105089 9.9982E-05 0.608346 9.9982E-05
0.500224 0.0831133 0.279722 9.9991E-05 0.136841
0.614204 9.99821E-05 0.311792 9.99821E-05 0.0738049
9.9991E-05 0.599649 0.052551 0.313769 0.0339309
