0.9998 9.999E-05 9.999E-05
0.466397 0.533503 9.9991E-05
0.0760861 0.868909 0.0550048
9.999E-05 0.9998 9.999E-05
0.304317 0.695583 9.9991E-05
9.999E-05 0.9998 9.999E-05
0.674486 0.325414 9.99911E-05
0.189275 0.810625 9.9991E-05
0.638396 0.361504 9.9991E-05
0.957038 0.0428616 9.9991E-05
0.9998 9.999E-05 9.999E-05
0.965372 0.0345277 9.9991E-05
0.97867 0.00795172 0.013378
9.9991E-05 0.980214 0.0196865
9.999E-05 0.9998 9.999E-05
0.953001 0.0468992 9.9991E-05
0.79646 0.028205 0.175335
0.224679 0.0786269 0.696694
9.999E-05 9.999E-05 0.9998
0.9998 9.999E-05 9.999E-05
9.999E-05 9.999E-05 0.9998
0.9998 9.999E-05 9.999E-05
0.335333 0.111012 0.553655
0.0240009 9.9991E-05 0.975899
9.999E-05 0.9998 9.999E-05
9.999E-05 0.9998 9.999E-05
0.9998 9.999E-05 9.999E-05
9.999E-05 0.9998 9.999E-05
9.999E-05 0.9998 9.999E-05
0.00480647 0.941988 0.0532053
0.0109624 0.952094 0.0369437
0.401336 0.598564 9.99911E-05
9.999E-05 0.9998 9.999E-05
0.173266 0.826634 9.9991E-05
0.933435 0.0664648 9.9991E-05
9.999E-05 0.9998 9.999E-05
0.937315 0.0625847 9.9991E-05
0.837072 0.149529 0.0133994
0.644999 0.174291 0.18071
0.876086 0.123814 9.9991E-05
0.941779 0.0581207 9.9991E-05
0.992364 9.9991E-05 0.0075364
0.9998 9.999E-05 9.999E-05
0.997533 9.9991E-05 0.00236666
0.827618 0.00466482 0.167717
0.820121 0.124094 0.0557856
0.831867 0.159639 0.00849372
0.986954 9.99911E-05 0.0129464
0.148507 0.838323 0.0131698
0.126429 0.848957 0.0246135
0.16681 0.810791 0.022399
0.124663 0.847267 0.0280693
0.104671 0.875862 0.0194671
0.230507 0.737156 0.0323367
0.216959 0.782941 9.9991E-05
0.9998 9.999E-05 9.999E-05
0.457805 0.542095 9.9991E-05
9.999E-05 0.9998 9.999E-05
0.9998 9.999E-05 9.999E-05
0.925281 0.0746188 9.9991E-05
0.9998 9.999E-05 9.999E-05
0.9998 9.999E-05 9.999E-05
0.966073 9.9991E-05 0.0338273
0.082341 9.9991E-05 0.917559
9.999E-05 0.9998 9.999E-05
0.600141 0.374061 0.0257976
9.999E-05 0.9998 9.999E-05
9.999E-05 0.9998 9.999E-05
0.011719 0.988181 9.9991E-05
9.999E-05 0.9998 9.999E-05
0.027566 0.972334 9.9991E-05
9.999E-05 0.9998 9.999E-05
0.0698543 0.930046 9.99911E-05
0.102809 0.866187 0.0310035
9.999E-05 0.9998 9.999E-05
0.876871 0.123029 9.9991E-05
0.870792 0.129108 9.9991E-05
0.635926 0.123804 0.240269
0.603768 0.129681 0.26655
0.927309 0.0725907 9.9991E-05
0.9617 0.0382002 9.9991E-05
0.589074 0.162653 0.248272
0.592137 0.139567 0.268297
0.9998 9.999E-05 9.999E-05
0.955163 0.00479896 0.0400377
0.41394 0.58596 9.9991E-05
0.73098 0.0464204 0.2226
0.815674 9.9991E-05 0.184226
9.9991E-05 0.934631 0.0652689
