9.9973E-05 9.9973E-05 0.0440723 0.955628 9.9973E-05
0.308803 0.295026 0.0247944 0.371277 9.9991E-05
0.0532053 0.814031 0.0754655 9.99911E-05 0.0571985
0.031084 0.963585 0.00513147 9.9982E-05 9.9982E-05
0.275911 0.488946 9.99821E-05 0.234943 9.99821E-05
9.9982E-05 0.985797 9.9982E-05 0.0136158 0.000387165
0.33842 0.0605046 9.99821E-05 0.600876 9.99821E-05
0.497322 0.433627 0.0247797 0.044172 9.9991E-05
0.386584 0.0359194 9.99821E-05 0.577296 9.99821E-05
0.138054 9.9982E-05 0.136275 0.72547 9.9982E-05
0.115065 9.9982E-05 0.14354 0.741195 9.9982E-05
9.9982E-05 0.0655246 0.154043 0.780232 9.9982E-05
9.99732E-05 0.065152 9.99732E-05 0.934548 9.99732E-05
9.9982E-05 0.976441 0.0172175 9.9982E-05 0.0061417
9.9982E-05 0.971621 9.9982E-05 0.0151961 0.0129828
0.0480485 0.0291218 0.0169924 0.905737 9.9991E-05
9.999E-05 0.0348866 0.374183 0.490475 0.100356
0.077356 9.9982E-05 9.9982E-05 0.209371 0.713073
9.9973E-05 9.9973E-05 0.0881344 9.9973E-05 0.911566
0.0305418 9.9982E-05 0.14123 0.828029 9.9982E-05
9.997E-05 9.997E-05 9.997E-05 9.997E-05 0.9996
0.000888132 9.9982E-05 0.0499057 0.949006 9.9982E-05
0.0674983 0.0127315 0.384103 0.091824 0.443843
9.9973E-05 9.9973E-05 0.0958429 9.9973E-05 0.903857
9.997E-05 0.9996 9.997E-05 9.997E-05 9.997E-05
9.997E-05 0.9996 9.997E-05 9.997E-05 9.997E-05
9.9973E-05 9.9973E-05 0.090398 0.909302 9.9973E-05
0.055398 0.944302 9.9973E-05 9.9973E-05 9.9973E-05
0.0915456 0.908154 9.9973E-05 9.9973E-05 9.9973E-05
0.223722 0.719841 0.0127559 0.00921772 0.0344635
0.271923 0.650129 0.0762485 9.9991E-05 0.00159973
0.619248 0.0956183 9.99821E-05 0.284934 9.99821E-05
9.99731E-05 0.996716 0.00298443 9.99731E-05 9.99731E-05
0.917392 0.0768 0.00560832 9.9982E-05 9.9982E-05
9.9982E-05 0.0757732 0.258858 0.665168 9.9982E-05
9.9982E-05 0.945223 0.00638987 0.0481876 9.9982E-05
9.99821E-05 0.0829481 0.0437137 0.873138 9.99821E-05
0.181804 0.0306174 0.0340938 0.713232 0.0402534
9.9991E-05 0.160875 0.438053 0.354325 0.0466473
9.9991E-05 0.146585 0.0461518 0.803533 0.00363027
0.0122365 0.0994238 0.0561967 0.817862 0.014281
0.0259207 9.9991E-05 0.107932 0.85143 0.0146175
0.0741119 0.0253143 9.9982E-05 0.900374 9.9982E-05
0.0613554 9.9991E-05 0.151778 0.782957 0.0038095
0.0279559 9.9991E-05 0.179639 0.663706 0.128599
0.0838138 0.0484059 0.120267 0.697754 0.0497594
0.0241553 0.147425 0.148392 0.679929 9.9991E-05
0.0122066 9.99911E-05 0.0236813 0.945933 0.0180796
0.9996 9.997E-05 9.997E-05 9.997E-05 9.997E-05
0.9996 9.997E-05 9.997E-05 9.997E-05 9.997E-05
0.9996 9.997E-05 9.997E-05 9.997E-05 9.997E-05
0.9996 9.997E-05 9.997E-05 9.997E-05 9.997E-05
0.9996 9.997E-05 9.997E-05 9.997E-05 9.997E-05
0.602213 0.272113 9.9991E-05 0.0887181 0.0368554
0.9996 9.997E-05 9.997E-05 9.997E-05 9.997E-05
9.997E-05 9.997E-05 9.997E-05 0.9996 9.997E-05
0.635366 0.0605622 0.0182822 0.285689 9.9991E-05
9.997E-05 0.9996 9.997E-05 9.997E-05 9.997E-05
9.99731E-05 9.99731E-05 0.0537454 0.945955 9.99731E-05
9.9982E-05 0.0798815 0.023092 0.896826 9.9982E-05
9.99732E-05 9.99732E-05 9.99732E-05 0.975157 0.024543
9.997E-05 9.997E-05 9.997E-05 0.9996 9.997E-05
9.9982E-05 9.9982E-05 0.05456 0.91916 0.0260805
9.99731E-05 9.99731E-05 9.99731E-05 0.0813557 0.918344
9.997E-05 0.9996 9.997E-05 9.997E-05 9.997E-05
0.221926 0.207978 0.141219 0.428776 9.9991E-05
9.99821E-05 0.955629 0.00764233 0.0365284 9.99821E-05
0.0232082 0.955271 0.00370414 0.0177166 9.9991E-05
0.0773116 0.922388 9.9973E-05 9.9973E-05 9.9973E-05
0.0543987 0.945301 9.9973E-05 9.9973E-05 9.9973E-05
9.9982E-05 0.927807 0.0275535 0.0444392 9.9982E-05
9.997E-05 0.9996 9.997E-05 9.997E-05 9.997E-05
0.471972 0.527728 9.99732E-05 9.99732E-05 9.99732E-05
0.383377 0.541266 9.99911E-05 0.0576756 0.0175814
0.00788274 0.986192 0.00572551 9.9982E-05 9.9982E-05
0.127845 0.0788759 0.0671372 0.726042 9.9991E-05
0.152936 0.0304554 0.0552613 0.761247 9.9991E-05
9.997E-05 9.997E-05 0.9996 9.997E-05 9.997E-05
9.997E-05 9.997E-05 0.9996 9.997E-05 9.997E-05
0.0973442 9.9991E-05 0.0828967 0.81177 0.0078887
0.106639 9.9991E-05 0.0715525 0.819221 0.00248784
9.997E-05 9.997E-05 0.9996 9.997E-05 9.997E-05
9.997E-05 9.997E-05 0.9996 9.997E-05 9.997E-05
0.0199622 9.9973E-05 9.9973E-05 0.979738 9.9973E-05
0.0610261 0.00580563 9.9991E-05 0.858273 0.0747948
0.625279 0.057468 9.9982E-05 0.317054 9.9982E-05
9.9991E-05 0.0682413 0.292177 0.472562 0.16692
9.99821E-05 9.99821E-05 0.309118 0.601674 0.0890081
0.3473 0.588966 0.0379972 9.9991E-05 0.025637
