9.998E-05 9.998E-05 0.9997 9.998E-05
0.304774 9.9991E-05 0.370583 0.324544
0.772768 0.0348287 0.126733 0.06567
0.9997 9.998E-05 9.998E-05 9.998E-05
0.421253 9.9991E-05 0.213336 0.36531
0.987394 0.0124058 9.9982E-05 9.9982E-05
0.0326118 9.99911E-05 0.521185 0.446103
0.418927 9.9991E-05 0.0710034 0.50997
9.99821E-05 9.99821E-05 0.496561 0.503239
9.9982E-05 9.9982E-05 0.830201 0.169599
9.9982E-05 9.9982E-05 0.857612 0.142188
0.0727615 9.9982E-05 0.927039 9.9982E-05
0.0630391 9.99821E-05 0.936761 9.99821E-05
0.975388 0.00972092 0.0147915 9.9991E-05
0.9997 9.998E-05 9.998E-05 9.998E-05
0.026838 9.9991E-05 0.936233 0.0368292
0.0288335 0.170049 0.801017 9.9991E-05
9.9991E-05 0.739143 0.179501 0.0812566
9.998E-05 0.9997 9.998E-05 9.998E-05
9.9982E-05 9.9982E-05 0.978367 0.0214329
9.998E-05 0.9997 9.998E-05 9.998E-05
9.9982E-05 9.9982E-05 0.967672 0.032128
0.0364838 0.582575 0.288613 0.0923279
9.998E-05 0.9997 9.998E-05 9.998E-05
0.987507 9.9982E-05 9.9982E-05 0.012293
0.9997 9.998E-05 9.998E-05 9.998E-05
9.998E-05 9.998E-05 0.9997 9.998E-05
0.955826 9.9982E-05 9.9982E-05 0.043974
0.916407 9.9982E-05 9.9982E-05 0.0833926
0.704105 0.0189899 9.9991E-05 0.276805
0.637057 0.0233601 9.9991E-05 0.339483
0.0953717 9.99911E-05 0.301741 0.602787
0.9997 9.998E-05 9.998E-05 9.998E-05
0.0910856 9.9982E-05 9.9982E-05 0.908714
0.0838622 9.9982E-05 0.915938 9.9982E-05
0.9997 9.998E-05 9.998E-05 9.998E-05
0.0997916 9.99821E-05 0.900008 9.99821E-05
0.00845754 0.0165504 0.76883 0.206162
0.173 0.170646 0.656254 9.9991E-05
0.179783 9.99819E-05 0.820017 9.99819E-05
0.119847 9.9991E-05 0.867533 0.0125202
9.9991E-05 0.0140896 0.948766 0.0370446
9.9982E-05 9.9982E-05 0.907822 0.0919777
9.9991E-05 0.0112373 0.918001 0.0706613
9.9991E-05 0.178514 0.765757 0.0556296
0.0544426 0.0496314 0.806745 0.0891808
0.150938 0.00484952 0.797469 0.0467438
9.99822E-05 9.99822E-05 0.99403 0.00576988
9.998E-05 9.998E-05 9.998E-05 0.9997
9.998E-05 9.998E-05 9.998E-05 0.9997
9.998E-05 9.998E-05 9.998E-05 0.9997
9.998E-05 9.998E-05 9.998E-05 0.9997
9.998E-05 9.998E-05 9.998E-05 0.9997
0.224552 0.0296581 0.114237 0.631553
9.998E-05 9.998E-05 9.998E-05 0.9997
9.998E-05 9.998E-05 0.9997 9.998E-05
0.0705905 9.9991E-05 0.308907 0.620403
0.9997 9.998E-05 9.998E-05 9.998E-05
9.998E-05 9.998E-05 0.9997 9.998E-05
0.0811609 9.9982E-05 0.918639 9.9982E-05
9.998E-05 9.998E-05 0.9997 9.998E-05
9.998E-05 9.998E-05 0.9997 9.998E-05
9.998E-05 9.998E-05 0.9997 9.998E-05
9.9991E-05 0.906111 0.0335815 0.0602071
0.9997 9.998E-05 9.998E-05 9.998E-05
0.286178 0.104838 0.47688 0.132104
0.991498 9.99821E-05 9.99821E-05 0.0083025
0.976659 9.9991E-05 0.0100036 0.0132372
0.931477 9.9982E-05 9.9982E-05 0.068323
0.979202 9.9982E-05 9.9982E-05 0.0205983
0.94457 9.9991E-05 0.0524614 0.00286832
0.9997 9.998E-05 9.998E-05 9.998E-05
0.505071 9.99821E-05 9.99821E-05 0.494729
0.562392 0.0176764 0.0363908 0.383541
0.965387 9.9982E-05 9.9982E-05 0.0344127
0.0395377 9.9991E-05 0.792757 0.167605
0.0152166 9.9991E-05 0.818901 0.165783
0.140947 0.266262 0.592691 9.9991E-05
0.108345 0.280749 0.610806 9.9991E-05
9.99819E-05 9.99819E-05 0.882865 0.116935
9.9982E-05 9.9982E-05 0.881629 0.118171
0.110237 0.287053 0.571862 0.0308472
0.117479 0.287477 0.594944 9.9991E-05
9.9982E-05 9.9982E-05 0.982562 0.0172384
0.00401576 0.0286883 0.908425 0.0588704
0.0739197 9.9991E-05 0.247659 0.678321
0.0880554 0.230603 0.681242 9.9991E-05
0.0303343 0.168989 0.800577 9.9991E-05
0.600111 0.0655613 9.9991E-05 0.334228
