9.999E-05 9.999E-05 0.9998
9.999E-05 0.542193 0.457707
0.0445812 0.888163 0.0672554
9.999E-05 0.9998 9.999E-05
9.9991E-05 0.697049 0.302851
9.999E-05 0.9998 9.999E-05
9.999E-05 0.32931 0.67059
9.999E-05 0.845153 0.154747
9.9991E-05 0.357945 0.641955
9.9991E-05 0.0319752 0.967925
9.9991E-05 0.00778323 0.992117
0.000230806 0.0219853 0.977784
9.99911E-05 0.00116355 0.998736
0.0105082 0.989392 9.9991E-05
0.0121949 0.987705 9.9991E-05
9.9991E-05 0.0243884 0.975512
0.177055 0.00724511 0.8157
0.721571 0.0432348 0.235194
0.9998 9.999E-05 9.999E-05
9.999E-05 9.999E-05 0.9998
0.9998 9.999E-05 9.999E-05
9.999E-05 9.999E-05 0.9998
0.539824 0.113541 0.346635
0.9998 9.999E-05 9.999E-05
9.999E-05 0.9998 9.999E-05
9.999E-05 0.9998 9.999E-05
9.999E-05 9.999E-05 0.9998
9.999E-05 0.9998 9.999E-05
9.999E-05 0.9998 9.999E-05
0.0439917 0.955908 9.9991E-05
0.0534392 0.945382 0.00117929
9.9991E-05 0.589523 0.410377
9.999E-05 0.9998 9.999E-05
9.9991E-05 0.844156 0.155744
9.9991E-05 0.0802617 0.919638
9.999E-05 0.9998 9.999E-05
9.9991E-05 0.0515944 0.948306
0.0154508 0.139346 0.845203
0.153368 0.174674 0.671958
9.9991E-05 0.116237 0.883663
0.00426204 0.0911025 0.904635
0.0273807 9.9991E-05 0.972519
9.9991E-05 0.028967 0.970933
9.999E-05 9.999E-05 0.9998
0.154144 9.9991E-05 0.845756
0.043582 0.108949 0.847469
9.9991E-05 0.157918 0.841982
0.0381964 9.99911E-05 0.961704
0.0229209 0.869023 0.108056
0.0276239 0.813031 0.159346
0.0344757 0.817742 0.147782
0.0425424 0.859579 0.0978791
0.02444 0.820671 0.154889
0.0294742 0.741006 0.229519
9.9991E-05 0.761849 0.238051
9.999E-05 9.999E-05 0.9998
9.9991E-05 0.581046 0.418854
9.999E-05 0.9998 9.999E-05
9.999E-05 9.999E-05 0.9998
9.9991E-05 0.0739617 0.925938
9.999E-05 9.999E-05 0.9998
9.999E-05 9.999E-05 0.9998
0.000481093 9.9991E-05 0.999419
0.911964 9.99911E-05 0.0879359
9.999E-05 0.9998 9.999E-05
0.117695 0.421016 0.461289
9.999E-05 0.9998 9.999E-05
9.999E-05 0.9998 9.999E-05
9.999E-05 0.9998 9.999E-05
9.999E-05 0.9998 9.999E-05
9.9991E-05 0.960399 0.0395011
9.999E-05 0.9998 9.999E-05
9.99911E-05 0.964197 0.0357029
0.0124639 0.857719 0.129817
9.999E-05 0.9998 9.999E-05
9.9991E-05 0.144585 0.855315
9.9991E-05 0.13895 0.86095
0.285178 0.129432 0.58539
0.262724 0.111229 0.626047
9.9991E-05 0.0459909 0.953909
9.9991E-05 0.0412091 0.958691
0.26079 0.123475 0.615734
0.259147 0.138767 0.602087
9.999E-05 9.999E-05 0.9998
0.0384912 0.0268907 0.934618
9.9991E-05 0.575318 0.424582
0.175989 0.0764029 0.747608
0.14868 9.9991E-05 0.85122
0.0570619 0.922089 0.0208492
