9.99279E-05 9.99279E-05 9.99279E-05 9.99279E-05 9.99279E-05 0.927493 0.0578435 9.99279E-05 9.99279E-05 9.99279E-05 0.0138637
0.480799 0.240935 0.042576 9.99458E-05 9.99458E-05 0.191977 9.99458E-05 9.99458E-05 9.99458E-05 9.99458E-05 0.0431127
0.00314162 0.792991 9.99555E-05 0.0873534 0.0347105 9.99555E-05 9.99555E-05 9.99555E-05 9.99555E-05 0.032184 0.0491196
9.9928E-05 0.949793 9.9928E-05 9.9928E-05 9.9928E-05 9.9928E-05 9.9928E-05 9.9928E-05 9.9928E-05 0.0197504 0.0296574
0.343796 0.372334 9.99461E-05 9.99461E-05 9.99461E-05 9.99461E-05 0.126472 0.107129 9.99461E-05 0.049669 9.99461E-05
9.9919E-05 0.954586 9.9919E-05 9.9919E-05 9.9919E-05 9.9919E-05 9.9919E-05 0.0445144 9.9919E-05 9.9919E-05 9.9919E-05
0.723645 9.9919E-05 9.9919E-05 0.275456 9.9919E-05 9.9919E-05 9.9919E-05 9.9919E-05 9.9919E-05 9.9919E-05 9.9919E-05
0.415444 0.340404 9.9946E-05 9.9946E-05 9.9946E-05 9.9946E-05 0.0431371 9.9946E-05 9.9946E-05 0.18317 0.0172448
0.750169 9.99279E-05 0.0716324 0.177399 9.99279E-05 9.99279E-05 9.99279E-05 9.99279E-05 9.99279E-05 9.99279E-05 9.99279E-05
0.0419487 9.99191E-05 9.99191E-05 9.99191E-05 9.99191E-05 9.99191E-05 0.957152 9.99191E-05 9.99191E-05 9.99191E-05 9.99191E-05
9.99102E-05 9.99102E-05 9.99102E-05 9.99102E-05 9.99102E-05 9.99102E-05 0.999001 9.99102E-05 9.99102E-05 9.99102E-05 9.99102E-05
9.9937E-05 0.0210059 9.9937E-05 0.164946 9.9937E-05 0.689021 9.9937E-05 9.9937E-05 9.9937E-05 9.9937E-05 0.124327
9.99192E-05 0.00873079 9.99192E-05 0.99037 9.99192E-05 9.99192E-05 9.99192E-05 9.99192E-05 9.99192E-05 9.99192E-05 9.99192E-05
9.9937E-05 0.926055 9.9937E-05 9.9937E-05 9.9937E-05 0.0328225 9.9937E-05 0.0207856 0.0196374 9.9937E-05 9.9937E-05
9.99281E-05 0.945373 9.99281E-05 9.99281E-05 0.0106174 0.0432107 9.99281E-05 9.99281E-05 9.99281E-05 9.99281E-05 9.99281E-05
9.9928E-05 9.9928E-05 0.841312 0.117523 9.9928E-05 9.9928E-05 9.9928E-05 0.040366 9.9928E-05 9.9928E-05 9.9928E-05
9.99368E-05 9.99368E-05 0.00426052 9.99368E-05 0.0293974 9.99368E-05 0.109178 0.856464 9.99368E-05 9.99368E-05 9.99368E-05
9.99188E-05 9.99188E-05 9.99188E-05 9.99188E-05 0.95699 9.99188E-05 9.99188E-05 9.99188E-05 0.0421108 9.99188E-05 9.99188E-05
9.99189E-05 9.99189E-05 9.99189E-05 9.99189E-05 9.99189E-05 9.99189E-05 9.99189E-05 9.99189E-05 0.923252 9.99189E-05 0.0758486
9.99369E-05 9.99369E-05 0.316691 9.99369E-05 9.99369E-05 0.0745679 0.467195 0.140847 9.99369E-05 9.99369E-05 9.99369E-05
9.9919E-05 9.9919E-05 9.9919E-05 9.9919E-05 0.301746 9.9919E-05 9.9919E-05 9.9919E-05 0.697355 9.9919E-05 9.9919E-05
9.9973E-05 9.9973E-05 0.296258 0.0563595 0.00952787 0.477155 0.100161 0.0377737 0.00996688 9.9973E-05 0.0124979
9.99279E-05 9.99279E-05 9.99279E-05 9.99279E-05 0.734576 9.99279E-05 9.99279E-05 0.110053 9.99279E-05 9.99279E-05 0.154572
9.9919E-05 9.9919E-05 9.9919E-05 9.9919E-05 0.444584 9.9919E-05 9.9919E-05 9.9919E-05 0.554516 9.9919E-05 9.9919E-05
9.99102E-05 0.999001 9.99102E-05 9.99102E-05 9.99102E-05 9.99102E-05 9.99102E-05 9.99102E-05 9.99102E-05 9.99102E-05 9.99102E-05
9.99102E-05 0.999001 9.99102E-05 9.99102E-05 9.99102E-05 9.99102E-05 9.99102E-05 9.99102E-05 9.99102E-05 9.99102E-05 9.99102E-05
9.99368E-05 9.99368E-05 9.99368E-05 0.746514 9.99368E-05 0.077365 0.097631 9.99368E-05 9.99368E-05 9.99368E-05 0.077791
9.9937E-05 0.923318 0.00374922 0.00611269 9.9937E-05 9.9937E-05 9.9937E-05 9.9937E-05 9.9937E-05 0.0661201 9.9937E-05
9.9937E-05 0.915343 0.0197536 0.00612358 9.9937E-05 9.9937E-05 9.9937E-05 9.9937E-05 9.9937E-05 0.0580808 9.9937E-05
0.0339553 0.590876 9.99551E-05 9.99551E-05 9.99551E-05 9.99551E-05 9.99551E-05 0.0821461 0.034487 0.257898 0.000138096
0.138859 0.619292 9.9946E-05 9.9946E-05 9.9946E-05 9.9946E-05 9.9946E-05 0.0772949 9.9946E-05 0.152569 0.0113854
0.795073 0.0126733 9.9946E-05 9.9946E-05 9.9946E-05 0.0918899 9.9946E-05 9.9946E-05 9.9946E-05 0.0957233 0.0040412
9.99192E-05 0.946811 0.0522898 9.99192E-05 9.99192E-05 9.99192E-05 9.99192E-05 9.99192E-05 9.99192E-05 9.99192E-05 9.99192E-05
0.112081 0.0632108 9.99481E-05 9.99481E-05 9.99481E-05 9.99481E-05 9.99481E-05 0.00497971 9.99481E-05 0.816709 0.00241967
9.99638E-05 0.0159953 9.99638E-05 0.461879 9.99638E-05 0.0359271 0.0442003 0.337976 9.99638E-05 0.0148521 0.0887704
0.00725599 0.963122 0.00587703 9.99459E-05 9.99459E-05 0.00251601 9.99459E-05 0.0206294 9.99459E-05 9.99459E-05 9.99459E-05
9.9928E-05 0.0132765 9.9928E-05 9.9928E-05 9.9928E-05 0.893064 9.9928E-05 0.0928605 9.9928E-05 9.9928E-05 9.9928E-05
0.129297 0.0195524 9.99549E-05 9.99549E-05 0.0451217 0.158504 0.646309 9.99549E-05 9.99549E-05 0.000715396 9.99549E-05
0.00599197 9.99189E-05 9.99189E-05 9.99189E-05 9.99189E-05 9.99189E-05 9.99189E-05 0.993109 9.99189E-05 9.99189E-05 9.99189E-05
9.99549E-05 0.0862113 0.253131 9.99549E-05 0.0266232 0.28162 0.25258 0.0993344 9.99549E-05 9.99549E-05 9.99549E-05
9.996E-05 0.0766766 0.194017 9.996E-05 0.0608009 0.349016 0.274337 0.0137497 9.996E-05 9.996E-05 0.0310029
9.9937E-05 9.9937E-05 9.9937E-05 9.9937E-05 9.9937E-05 0.0505529 0.913554 0.0246587 0.0105344 9.9937E-05 9.9937E-05
9.9946E-05 9.9946E-05 0.853302 0.0722651 0.00291508 0.0171839 0.0537347 9.9946E-05 9.9946E-05 9.9946E-05 9.9946E-05
9.99279E-05 9.99279E-05 9.99279E-05 0.0664357 9.99279E-05 9.99279E-05 0.852952 0.0798125 9.99279E-05 9.99279E-05 9.99279E-05
9.99639E-05 9.99639E-05 0.034607 0.180546 0.213887 0.0811908 0.351776 0.0086856 9.99639E-05 9.99639E-05 0.128907
9.9964E-05 0.0482883 0.166698 9.9964E-05 0.0109787 0.13827 0.491349 0.106507 0.0375101 9.9964E-05 9.9964E-05
9.9955E-05 0.0649252 9.9955E-05 0.101546 9.9955E-05 0.194989 0.252392 0.320234 9.9955E-05 0.0654139 9.9955E-05
9.99195E-05 9.99195E-05 9.99195E-05 9.99195E-05 0.0168642 0.982237 9.99195E-05 9.99195E-05 9.99195E-05 9.99195E-05 9.99195E-05
9.99101E-05 9.99101E-05 9.99101E-05 9.99101E-05 9.99101E-05 9.99101E-05 9.99101E-05 9.99101E-05 9.99101E-05 0.999001 9.99101E-05
9.9919E-05 9.9919E-05 9.9919E-05 9.9919E-05 0.00796632 9.9919E-05 9.9919E-05 9.9919E-05 9.9919E-05 0.991134 9.9919E-05
9.99191E-05 0.00333182 9.99191E-05 9.99191E-05 9.99191E-05 9.99191E-05 9.99191E-05 9.99191E-05 9.99191E-05 0.995769 9.99191E-05
9.99101E-05 9.99101E-05 9.99101E-05 9.99101E-05 9.99101E-05 9.99101E-05 9.99101E-05 9.99101E-05 9.99101E-05 0.999001 9.99101E-05
9.99119E-05 9.99119E-05 9.99119E-05 9.99119E-05 9.99119E-05 9.99119E-05 9.99119E-05 9.99119E-05 9.99119E-05 0.999001 9.99119E-05
0.228146 0.20533 0.0609859 9.99551E-05 0.0472282 9.99551E-05 9.99551E-05 9.99551E-05 0.00134755 0.456463 9.99551E-05
9.99191E-05 9.99191E-05 9.99191E-05 9.99191E-05 9.99191E-05 0.0362956 9.99191E-05 9.99191E-05 9.99191E-05 0.962805 9.99191E-05
9.99279E-05 9.99279E-05 0.146449 0.0384223 9.99279E-05 0.814329 9.99279E-05 9.99279E-05 9.99279E-05 9.99279E-05 9.99279E-05
0.696317 9.99367E-05 9.99367E-05 9.99367E-05 9.99367E-05 0.113328 9.99367E-05 9.99367E-05 9.99367E-05 0.143393 0.046263
9.99279E-05 0.97851 9.99279E-05 9.99279E-05 9.99279E-05 0.00462567 9.99279E-05 0.0160649 9.99279E-05 9.99279E-05 9.99279E-05
9.9946E-05 9.9946E-05 0.0886461 0.816405 9.9946E-05 0.065887 9.9946E-05 9.9946E-05 9.9946E-05 0.0013452 0.027117
9.99192E-05 9.99192E-05 0.916781 0.0823201 9.99192E-05 9.99192E-05 9.99192E-05 9.99192E-05 9.99192E-05 9.99192E-05 9.99192E-05
9.99103E-05 9.99103E-05 9.99103E-05 0.999001 9.99103E-05 9.99103E-05 9.99103E-05 9.99103E-05 9.99103E-05 9.99103E-05 9.99103E-05
9.99369E-05 0.00619948 9.99369E-05 0.85634 9.99369E-05 0.00100827 0.135752 9.99369E-05 9.99369E-05 9.99369E-05 9.99369E-05
9.99549E-05 9.99549E-05 9.99549E-05 0.815815 0.00602418 9.99549E-05 0.0916084 0.0368362 0.00438548 9.99549E-05 0.0448306
9.9928E-05 9.9928E-05 9.9928E-05 9.9928E-05 9.9928E-05 0.0343182 0.00334826 9.9928E-05 0.961534 9.9928E-05 9.9928E-05
9.99193E-05 0.978841 0.0202596 9.99193E-05 9.99193E-05 9.99193E-05 9.99193E-05 9.99193E-05 9.99193E-05 9.99193E-05 9.99193E-05
0.161348 0.225539 9.9973E-05 0.2146 0.136298 0.167418 0.0415659 0.0472805 9.9973E-05 9.9973E-05 0.00565069
9.99193E-05 0.925528 0.0735727 9.99193E-05 9.99193E-05 9.99193E-05 9.99193E-05 9.99193E-05 9.99193E-05 9.99193E-05 9.99193E-05
9.9937E-05 0.934907 9.9937E-05 9.9937E-05 9.9937E-05 0.000270688 9.9937E-05 0.0623573 9.9937E-05 0.00176576 9.9937E-05
0.00265747 0.890487 0.0722211 0.00520066 9.9946E-05 9.9946E-05 9.9946E-05 9.9946E-05 9.9946E-05 0.0288342 9.9946E-05
9.99371E-05 0.934683 0.0407215 9.99371E-05 0.0120575 9.99371E-05 9.99371E-05 9.99371E-05 9.99371E-05 0.0118381 9.99371E-05
0.0751296 0.874059 9.99371E-05 9.99371E-05 9.99371E-05 9.99371E-05 0.0492039 0.000907913 9.99371E-05 9.99371E-05 9.99371E-05
9.99189E-05 0.97746 9.99189E-05 9.99189E-05 9.99189E-05 9.99189E-05 9.99189E-05 0.0216411 9.99189E-05 9.99189E-05 9.99189E-05
0.432768 0.396914 9.99282E-05 9.99282E-05 9.99282E-05 9.99282E-05 9.99282E-05 9.99282E-05 9.99282E-05 0.169518 9.99282E-05
0.535115 0.427436 9.99283E-05 0.0366495 9.99283E-05 9.99283E-05 9.99283E-05 9.99283E-05 9.99283E-05 9.99283E-05 9.99283E-05
9.99371E-05 0.930233 0.0330222 9.99371E-05 0.00489384 9.99371E-05 9.99371E-05 9.99371E-05 9.99371E-05 0.0311517 9.99371E-05
9.9928E-05 9.9928E-05 0.977699 9.9928E-05 9.9928E-05 9.9928E-05 9.9928E-05 9.9928E-05 9.9928E-05 0.0190103 0.00249128
9.99189E-05 9.99189E-05 0.982274 9.99189E-05 9.99189E-05 9.99189E-05 9.99189E-05 9.99189E-05 9.99189E-05 0.0168269 9.99189E-05
9.99101E-05 9.99101E-05 9.99101E-05 9.99101E-05 9.99101E-05 9.99101E-05 9.99101E-05 9.99101E-05 9.99101E-05 9.99101E-05 0.999001
9.99102E-05 9.99102E-05 9.99102E-05 9.99102E-05 9.99102E-05 9.99102E-05 9.99102E-05 9.99102E-05 9.99102E-05 9.99102E-05 0.999001
9.9937E-05 0.0198535 0.0900283 9.9937E-05 9.9937E-05 0.0493682 0.84005 9.9937E-05 9.9937E-05 9.9937E-05 9.9937E-05
9.9937E-05 9.9937E-05 0.102937 0.0721107 9.9937E-05 0.0155082 0.808744 9.9937E-05 9.9937E-05 9.9937E-05 9.9937E-05
0.0098475 9.99281E-05 0.0167844 9.99281E-05 9.99281E-05 9.99281E-05 9.99281E-05 9.99281E-05 9.99281E-05 9.99281E-05 0.972569
9.99191E-05 9.99191E-05 9.99191E-05 9.99191E-05 9.99191E-05 0.0019636 9.99191E-05 9.99191E-05 9.99191E-05 9.99191E-05 0.997137
9.99189E-05 9.99189E-05 9.99189E-05 0.0455491 9.99189E-05 0.953552 9.99189E-05 9.99189E-05 9.99189E-05 9.99189E-05 9.99189E-05
0.118259 9.99549E-05 0.362144 0.189337 0.115358 0.081654 0.132748 9.99549E-05 9.99549E-05 9.99549E-05 9.99549E-05
0.75242 9.99277E-05 9.99277E-05 9.99277E-05 9.99277E-05 0.10571 9.99277E-05 9.99277E-05 9.99277E-05 0.141071 9.99277E-05
0.0091405 9.99641E-05 9.99641E-05 0.124411 0.0371371 9.99641E-05 0.121199 0.669484 0.0270221 9.99641E-05 0.0112073
9.99461E-05 9.99461E-05 9.99461E-05 0.172153 9.99461E-05 0.0905527 9.99461E-05 0.673112 0.0236788 9.99461E-05 0.039904
0.212557 0.564299 9.99461E-05 9.99461E-05 9.99461E-05 9.99461E-05 9.99461E-05 9.99461E-05 0.043234 0.16592 0.0133895
