0.99963 0.000170514 9.9982E-05 9.9982E-05
0.386219 0.307502 9.9991E-05 0.30618
0.0931473 0.109009 0.0470891 0.750754
9.9982E-05 0.00830306 9.9982E-05 0.991497
0.237349 0.295302 9.9991E-05 0.467248
9.998E-05 9.998E-05 9.998E-05 0.9997
0.573011 0.422612 9.99911E-05 0.00427616
0.100832 0.482647 9.9991E-05 0.416421
0.520138 0.479662 9.99821E-05 9.99821E-05
0.836395 0.163405 9.9982E-05 9.9982E-05
0.850493 0.149307 9.9982E-05 9.9982E-05
0.928805 9.99821E-05 9.99821E-05 0.0709953
0.94882 9.99821E-05 9.99821E-05 0.0509803
9.9982E-05 9.9982E-05 0.0292686 0.970531
0.00152818 9.9982E-05 9.9982E-05 0.998272
0.911684 0.0612462 9.9991E-05 0.0269703
0.773087 9.9991E-05 0.175492 0.0513212
0.18884 0.0793399 0.73172 9.9991E-05
9.998E-05 9.998E-05 0.9997 9.998E-05
0.981197 0.0186032 9.9982E-05 9.9982E-05
9.998E-05 9.998E-05 0.9997 9.998E-05
0.979286 0.0205144 9.9982E-05 9.9982E-05
0.353007 0.067074 0.551246 0.0286736
0.000718725 9.9982E-05 0.999081 9.9982E-05
9.998E-05 9.998E-05 9.998E-05 0.9997
9.998E-05 9.998E-05 9.998E-05 0.9997
0.9997 9.998E-05 9.998E-05 9.998E-05
9.9982E-05 0.131717 9.9982E-05 0.868083
9.9982E-05 0.0984576 9.9982E-05 0.901342
9.9991E-05 0.277949 0.0219841 0.699966
9.9991E-05 0.307914 0.0295177 0.662469
0.256712 0.617914 9.9991E-05 0.125275
9.998E-05 9.998E-05 9.998E-05 0.9997
9.9982E-05 0.89282 9.9982E-05 0.10698
0.916255 9.9982E-05 9.9982E-05 0.0835452
0.0102819 9.9982E-05 9.9982E-05 0.989518
0.930484 9.99821E-05 9.99821E-05 0.0693157
0.755682 0.201179 0.0364202 0.00671826
0.624486 9.9991E-05 0.194778 0.180636
0.849528 9.9982E-05 9.9982E-05 0.150273
0.890874 0.0041555 9.9991E-05 0.10487
0.943763 0.0297264 0.0264104 9.9991E-05
0.91607 0.0837303 9.9982E-05 9.9982E-05
0.90117 0.0945047 0.00422538 9.9991E-05
0.825372 0.0361696 0.138358 9.9991E-05
0.82984 0.0221419 0.0373919 0.110626
0.819335 0.0587415 9.9991E-05 0.121824
0.970286 9.99822E-05 0.0295144 9.99822E-05
9.998E-05 0.9997 9.998E-05 9.998E-05
9.998E-05 0.9997 9.998E-05 9.998E-05
9.998E-05 0.9997 9.998E-05 9.998E-05
9.998E-05 0.9997 9.998E-05 9.998E-05
9.998E-05 0.9997 9.998E-05 9.998E-05
0.0532957 0.669658 0.0606446 0.216401
9.998E-05 0.9997 9.998E-05 9.998E-05
0.9997 9.998E-05 9.998E-05 9.998E-05
0.303605 0.599689 9.9991E-05 0.096606
9.998E-05 9.998E-05 9.998E-05 0.9997
0.9997 9.998E-05 9.998E-05 9.998E-05
0.931775 9.9982E-05 9.9982E-05 0.0680253
0.9997 9.998E-05 9.998E-05 9.998E-05
0.999349 9.9982E-05 9.9982E-05 0.00045087
0.998328 9.9982E-05 0.00147206 9.9982E-05
0.0471713 9.99821E-05 0.952629 9.99821E-05
9.998E-05 9.998E-05 9.998E-05 0.9997
0.52287 0.168911 0.00238705 0.305832
9.99821E-05 0.00800878 9.99821E-05 0.991791
0.0244442 9.9982E-05 9.9982E-05 0.975356
9.9982E-05 0.0810248 9.9982E-05 0.918775
9.9982E-05 0.0852111 9.9982E-05 0.914589
0.0258555 0.0265402 9.9991E-05 0.947504
9.998E-05 9.998E-05 9.998E-05 0.9997
9.99821E-05 0.485343 9.99821E-05 0.514457
0.0789428 0.398402 0.0231679 0.499487
9.9982E-05 0.0133772 9.9982E-05 0.986423
0.80308 0.153211 9.9991E-05 0.0436088
0.818169 0.128958 9.9991E-05 0.0527731
0.648526 9.9991E-05 0.223233 0.128141
0.628958 9.9991E-05 0.218176 0.152766
0.875731 0.124069 9.99819E-05 9.99819E-05
0.865889 0.133911 9.99819E-05 9.99819E-05
0.643093 0.0248528 0.197363 0.134691
0.622321 9.9991E-05 0.215862 0.161717
0.957189 0.0426107 9.9982E-05 9.9982E-05
0.904116 0.0578393 0.0379446 9.9991E-05
0.273128 0.653721 9.9991E-05 0.0730514
0.727682 9.9991E-05 0.169396 0.102822
0.843573 9.99821E-05 0.156227 9.99821E-05
9.9991E-05 0.364714 0.0511693 0.584017
