9.98739E-05 0.00401342 9.98739E-05 9.98739E-05 9.98739E-05 9.98739E-05 9.98739E-05 9.98739E-05 9.98739E-05 0.027657 9.98739E-05 9.98739E-05 0.0155679 9.98739E-05 9.98739E-05 9.98739E-05 9.98739E-05 0.951363
9.98739E-05 9.98739E-05 0.188408 9.98739E-05 9.98739E-05 9.98739E-05 9.98739E-05 9.98739E-05 9.98739E-05 9.98739E-05 0.138689 9.98739E-05 0.0163273 9.98739E-05 0.655178 9.98739E-05 9.98739E-05 9.98739E-05
0.00849566 0.0559956 9.99018E-05 9.99018E-05 9.99018E-05 0.0190041 9.99018E-05 9.99018E-05 0.231447 9.99018E-05 0.506333 9.99018E-05 9.99018E-05 0.0605868 9.99018E-05 0.117039 9.99018E-05 9.99018E-05
9.9901E-05 0.0325858 9.9901E-05 0.0126298 0.00163264 9.9901E-05 9.9901E-05 9.9901E-05 9.9901E-05 0.017639 0.901122 0.00699774 9.9901E-05 9.9901E-05 9.9901E-05 0.0262941 9.9901E-05 9.9901E-05
9.99102E-05 9.99102E-05 0.00439933 9.99102E-05 0.0478362 9.99102E-05 9.99102E-05 9.99102E-05 0.107906 0.253307 0.369344 0.11546 9.99102E-05 9.99102E-05 0.0975099 9.99102E-05 9.99102E-05 0.00323914
9.9892E-05 0.00419845 0.00322963 9.9892E-05 9.9892E-05 0.00622152 0.00606443 9.9892E-05 9.9892E-05 9.9892E-05 0.962408 9.9892E-05 9.9892E-05 9.9892E-05 9.9892E-05 9.9892E-05 0.0166788 9.9892E-05
9.98473E-05 9.98473E-05 9.98473E-05 9.98473E-05 9.98473E-05 9.98473E-05 9.98473E-05 9.98473E-05 9.98473E-05 9.98473E-05 9.98473E-05 0.998303 9.98473E-05 9.98473E-05 9.98473E-05 9.98473E-05 9.98473E-05 9.98473E-05
9.98918E-05 0.0208794 9.98918E-05 9.98918E-05 0.0697019 9.98918E-05 9.98918E-05 9.98918E-05 0.659307 0.0649758 9.98918E-05 9.98918E-05 9.98918E-05 9.98918E-05 0.111449 0.0724887 9.98918E-05 9.98918E-05
9.9892E-05 9.9892E-05 0.00303908 0.0125495 0.0181724 9.9892E-05 9.9892E-05 9.9892E-05 9.9892E-05 9.9892E-05 9.9892E-05 0.916032 0.0043241 9.9892E-05 0.0446844 9.9892E-05 9.9892E-05 9.9892E-05
9.98471E-05 9.98471E-05 9.98471E-05 9.98471E-05 9.98471E-05 9.98471E-05 9.98471E-05 9.98471E-05 9.98471E-05 0.998303 9.98471E-05 9.98471E-05 9.98471E-05 9.98471E-05 9.98471E-05 9.98471E-05 9.98471E-05 9.98471E-05
9.98471E-05 9.98471E-05 9.98471E-05 9.98471E-05 9.98471E-05 9.98471E-05 9.98471E-05 9.98471E-05 9.98471E-05 0.998303 9.98471E-05 9.98471E-05 9.98471E-05 9.98471E-05 9.98471E-05 9.98471E-05 9.98471E-05 9.98471E-05
9.9901E-05 0.108533 9.9901E-05 9.9901E-05 9.9901E-05 9.9901E-05 0.0303944 0.128356 0.0228111 9.9901E-05 9.9901E-05 9.9901E-05 9.9901E-05 0.0705512 9.9901E-05 0.0168697 9.9901E-05 0.621386
9.98654E-05 9.98654E-05 9.98654E-05 9.98654E-05 9.98654E-05 9.98654E-05 9.98654E-05 9.98654E-05 0.0495141 9.98654E-05 9.98654E-05 9.98654E-05 9.98654E-05 0.946305 9.98654E-05 9.98654E-05 0.00268255 9.98654E-05
0.00848227 9.9892E-05 9.9892E-05 9.9892E-05 9.9892E-05 9.9892E-05 9.9892E-05 0.0103062 9.9892E-05 9.9892E-05 0.963669 9.9892E-05 0.00228331 9.9892E-05 0.0130764 9.9892E-05 0.000984174 9.9892E-05
9.98563E-05 9.98563E-05 9.98563E-05 9.98563E-05 9.98563E-05 9.98563E-05 0.0340319 9.98563E-05 9.98563E-05 9.98563E-05 0.96437 9.98563E-05 9.98563E-05 9.98563E-05 9.98563E-05 9.98563E-05 9.98563E-05 9.98563E-05
9.98829E-05 9.98829E-05 9.98829E-05 0.731225 9.98829E-05 9.98829E-05 9.98829E-05 0.0762628 9.98829E-05 0.0263362 9.98829E-05 9.98829E-05 9.98829E-05 0.112778 9.98829E-05 9.98829E-05 0.0521001 9.98829E-05
9.98651E-05 9.98651E-05 9.98651E-05 0.00401076 9.98651E-05 9.98651E-05 9.98651E-05 9.98651E-05 9.98651E-05 0.0449455 9.98651E-05 9.98651E-05 0.949546 9.98651E-05 9.98651E-05 9.98651E-05 9.98651E-05 9.98651E-05
0.689269 9.98829E-05 0.0916954 9.98829E-05 0.0221206 9.98829E-05 0.181845 9.98829E-05 9.98829E-05 9.98829E-05 9.98829E-05 0.0137716 9.98829E-05 9.98829E-05 9.98829E-05 9.98829E-05 9.98829E-05 9.98829E-05
0.83719 0.0520689 9.98832E-05 9.98832E-05 9.98832E-05 0.0866583 9.98832E-05 0.00438673 9.98832E-05 9.98832E-05 9.98832E-05 9.98832E-05 9.98832E-05 0.0183976 9.98832E-05 9.98832E-05 9.98832E-05 9.98832E-05
9.99098E-05 0.00833404 9.99098E-05 0.297038 9.99098E-05 9.99098E-05 0.15143 0.139767 9.99098E-05 0.214979 9.99098E-05 9.99098E-05 0.0478531 9.99098E-05 9.99098E-05 9.99098E-05 0.0282573 0.111343
0.998303 9.98472E-05 9.98472E-05 9.98472E-05 9.98472E-05 9.98472E-05 9.98472E-05 9.98472E-05 9.98472E-05 9.98472E-05 9.98472E-05 9.98472E-05 9.98472E-05 9.98472E-05 9.98472E-05 9.98472E-05 9.98472E-05 9.98472E-05
9.99099E-05 0.0072912 0.225536 0.184706 9.99099E-05 0.0144717 9.99099E-05 9.99099E-05 9.99099E-05 0.0455767 9.99099E-05 9.99099E-05 0.032633 0.0853295 9.99099E-05 9.99099E-05 9.99099E-05 0.403456
0.393034 0.126334 9.98919E-05 9.98919E-05 9.98919E-05 9.98919E-05 0.0835959 9.98919E-05 9.98919E-05 0.0401454 9.98919E-05 9.98919E-05 0.164772 9.98919E-05 9.98919E-05 9.98919E-05 0.19092 9.98919E-05
0.864262 9.98558E-05 9.98558E-05 9.98558E-05 9.98558E-05 9.98558E-05 9.98558E-05 9.98558E-05 9.98558E-05 9.98558E-05 9.98558E-05 9.98558E-05 9.98558E-05 9.98558E-05 9.98558E-05 9.98558E-05 0.13414 9.98558E-05
9.98563E-05 9.98563E-05 9.98563E-05 9.98563E-05 9.98563E-05 9.98563E-05 9.98563E-05 9.98563E-05 9.98563E-05 9.98563E-05 0.416324 9.98563E-05 9.98563E-05 9.98563E-05 9.98563E-05 0.582078 9.98563E-05 9.98563E-05
9.98563E-05 9.98563E-05 9.98563E-05 9.98563E-05 9.98563E-05 9.98563E-05 9.98563E-05 9.98563E-05 9.98563E-05 9.98563E-05 0.833118 9.98563E-05 9.98563E-05 9.98563E-05 9.98563E-05 0.165284 9.98563E-05 9.98563E-05
9.99009E-05 0.0301342 9.99009E-05 0.00938981 9.99009E-05 9.99009E-05 0.0193621 9.99009E-05 9.99009E-05 0.0190304 9.99009E-05 9.99009E-05 0.0454983 0.81826 9.99009E-05 9.99009E-05 9.99009E-05 0.0572264
9.98561E-05 9.98561E-05 9.98561E-05 9.98561E-05 0.019772 9.98561E-05 9.98561E-05 9.98561E-05 9.98561E-05 9.98561E-05 9.98561E-05 9.98561E-05 9.98561E-05 9.98561E-05 9.98561E-05 0.97863 9.98561E-05 9.98561E-05
9.98472E-05 9.98472E-05 9.98472E-05 9.98472E-05 9.98472E-05 9.98472E-05 9.98472E-05 9.98472E-05 9.98472E-05 9.98472E-05 9.98472E-05 9.98472E-05 9.98472E-05 9.98472E-05 9.98472E-05 0.998303 9.98472E-05 9.98472E-05
9.99191E-05 0.0277075 9.99191E-05 9.99191E-05 0.106689 0.0372179 9.99191E-05 9.99191E-05 0.205644 9.99191E-05 0.343395 9.99191E-05 0.0124398 0.0364249 9.99191E-05 0.22849 0.00109214 9.99191E-05
9.99009E-05 0.0338238 9.99009E-05 9.99009E-05 0.0985284 9.99009E-05 9.99009E-05 9.99009E-05 0.501532 0.0121333 0.279719 9.99009E-05 0.0306653 9.99009E-05 9.99009E-05 0.0424992 9.99009E-05 9.99009E-05
9.98475E-05 9.98475E-05 9.98475E-05 9.98475E-05 9.98475E-05 9.98475E-05 9.98475E-05 9.98475E-05 9.98475E-05 9.98475E-05 9.98475E-05 9.98475E-05 9.98475E-05 9.98475E-05 0.998303 9.98475E-05 9.98475E-05 9.98475E-05
9.98742E-05 9.98742E-05 0.00289234 9.98742E-05 9.98742E-05 9.98742E-05 9.98742E-05 9.98742E-05 0.130592 9.98742E-05 0.582807 9.98742E-05 9.98742E-05 9.98742E-05 9.98742E-05 0.28231 9.98742E-05 9.98742E-05
9.98743E-05 9.98743E-05 9.98743E-05 9.98743E-05 0.678176 9.98743E-05 0.0199594 9.98743E-05 0.29732 9.98743E-05 9.98743E-05 9.98743E-05 0.0031463 9.98743E-05 9.98743E-05 9.98743E-05 9.98743E-05 9.98743E-05
9.99097E-05 0.0766696 0.0636991 9.99097E-05 9.99097E-05 9.99097E-05 9.99097E-05 9.99097E-05 0.0287815 0.0256298 9.99097E-05 9.99097E-05 0.251753 0.451807 9.99097E-05 0.00879422 0.0918672 9.99097E-05
9.98739E-05 9.98739E-05 9.98739E-05 9.98739E-05 9.98739E-05 9.98739E-05 9.98739E-05 0.0114533 9.98739E-05 9.98739E-05 0.339579 9.98739E-05 0.0285959 9.98739E-05 9.98739E-05 0.618973 9.98739E-05 9.98739E-05
9.98741E-05 9.98741E-05 9.98741E-05 9.98741E-05 9.98741E-05 9.98741E-05 9.98741E-05 9.98741E-05 0.0331249 9.98741E-05 0.00500874 9.98741E-05 9.98741E-05 9.98741E-05 9.98741E-05 9.98741E-05 0.0196736 0.940795
9.99101E-05 9.99101E-05 0.00826558 9.99101E-05 9.99101E-05 0.00316028 0.747762 9.99101E-05 0.0135395 0.0178942 9.99101E-05 9.99101E-05 0.0505851 9.99101E-05 0.105839 9.99101E-05 9.99101E-05 0.0519548
9.98651E-05 9.98651E-05 9.98651E-05 9.98651E-05 9.98651E-05 9.98651E-05 9.98651E-05 9.98651E-05 0.0100273 9.98651E-05 0.00827139 9.98651E-05 0.980203 9.98651E-05 9.98651E-05 9.98651E-05 9.98651E-05 9.98651E-05
9.98561E-05 9.98561E-05 0.997795 9.98561E-05 9.98561E-05 9.98561E-05 9.98561E-05 9.98561E-05 9.98561E-05 9.98561E-05 0.000607738 9.98561E-05 9.98561E-05 9.98561E-05 9.98561E-05 9.98561E-05 9.98561E-05 9.98561E-05
9.9874E-05 0.00212166 0.94578 9.9874E-05 9.9874E-05 9.9874E-05 0.0150438 9.9874E-05 9.9874E-05 9.9874E-05 9.9874E-05 9.9874E-05 9.9874E-05 9.9874E-05 9.9874E-05 9.9874E-05 9.9874E-05 0.0356562
9.99008E-05 9.99008E-05 0.0347522 9.99008E-05 9.99008E-05 9.99008E-05 0.415468 0.00861986 9.99008E-05 0.371542 9.99008E-05 9.99008E-05 0.0499629 9.99008E-05 9.99008E-05 9.99008E-05 0.0784318 0.0401247
0.0180668 9.9901E-05 9.9901E-05 0.776337 9.9901E-05 9.9901E-05 0.0684663 0.00440258 9.9901E-05 9.9901E-05 9.9901E-05 0.0718908 9.9901E-05 0.0593643 9.9901E-05 9.9901E-05 9.9901E-05 0.000373608
9.98827E-05 9.98827E-05 9.98827E-05 9.98827E-05 9.98827E-05 9.98827E-05 0.372831 9.98827E-05 9.98827E-05 0.402542 9.98827E-05 9.98827E-05 0.0230379 9.98827E-05 9.98827E-05 9.98827E-05 0.129369 0.0709205
0.052455 0.0524824 0.0240794 9.98919E-05 9.98919E-05 9.98919E-05 0.414614 9.98919E-05 9.98919E-05 9.98919E-05 9.98919E-05 9.98919E-05 9.98919E-05 0.0884454 9.98919E-05 9.98919E-05 0.366725 9.98919E-05
9.99009E-05 9.99009E-05 0.0733299 0.108841 9.99009E-05 0.041078 0.430364 9.99009E-05 9.99009E-05 9.99009E-05 0.0344762 9.99009E-05 9.99009E-05 9.99009E-05 9.99009E-05 9.99009E-05 0.295988 0.0148236
9.99098E-05 9.99098E-05 9.99098E-05 9.99098E-05 0.0353262 9.99098E-05 9.99098E-05 9.99098E-05 9.99098E-05 0.044135 0.085544 0.0518642 0.0681463 0.0307896 9.99098E-05 9.99098E-05 0.466123 0.217073
0.00904542 9.9857E-05 9.9857E-05 9.9857E-05 9.9857E-05 9.9857E-05 9.9857E-05 9.9857E-05 9.9857E-05 9.9857E-05 9.9857E-05 9.9857E-05 9.9857E-05 9.9857E-05 9.9857E-05 9.9857E-05 9.9857E-05 0.989357
9.98562E-05 9.98562E-05 9.98562E-05 9.98562E-05 0.996576 9.98562E-05 9.98562E-05 9.98562E-05 9.98562E-05 9.98562E-05 9.98562E-05 0.00182654 9.98562E-05 9.98562E-05 9.98562E-05 9.98562E-05 9.98562E-05 9.98562E-05
9.98563E-05 9.98563E-05 9.98563E-05 9.98563E-05 0.996186 9.98563E-05 9.98563E-05 9.98563E-05 9.98563E-05 9.98563E-05 9.98563E-05 9.98563E-05 9.98563E-05 9.98563E-05 9.98563E-05 9.98563E-05 0.0022164 9.98563E-05
9.98563E-05 9.98563E-05 9.98563E-05 0.0110721 0.98733 9.98563E-05 9.98563E-05 9.98563E-05 9.98563E-05 9.98563E-05 9.98563E-05 9.98563E-05 9.98563E-05 9.98563E-05 9.98563E-05 9.98563E-05 9.98563E-05 9.98563E-05
9.98473E-05 9.98473E-05 9.98473E-05 9.98473E-05 0.998303 9.98473E-05 9.98473E-05 9.98473E-05 9.98473E-05 9.98473E-05 9.98473E-05 9.98473E-05 9.98473E-05 9.98473E-05 9.98473E-05 9.98473E-05 9.98473E-05 9.98473E-05
9.98652E-05 9.98652E-05 9.98652E-05 9.98652E-05 0.952324 9.98652E-05 9.98652E-05 9.98652E-05 9.98652E-05 9.98652E-05 0.0235862 9.98652E-05 9.98652E-05 9.98652E-05 9.98652E-05 0.0225916 9.98652E-05 9.98652E-05
0.0167653 9.99013E-05 9.99013E-05 0.0772125 0.42635 9.99013E-05 9.99013E-05 9.99013E-05 0.316211 0.0869157 9.99013E-05 9.99013E-05 9.99013E-05 9.99013E-05 0.0157355 0.0597113 9.99013E-05 9.99013E-05
9.98831E-05 9.98831E-05 9.98831E-05 0.0118623 0.917158 9.98831E-05 9.98831E-05 0.00065464 9.98831E-05 9.98831E-05 9.98831E-05 9.98831E-05 9.98831E-05 9.98831E-05 0.0668224 9.98831E-05 9.98831E-05 0.00220435
9.98737E-05 9.98737E-05 9.98737E-05 0.192859 9.98737E-05 9.98737E-05 9.98737E-05 0.0944704 9.98737E-05 0.00268212 9.98737E-05 9.98737E-05 9.98737E-05 9.98737E-05 9.98737E-05 9.98737E-05 9.98737E-05 0.70859
9.98829E-05 9.98829E-05 9.98829E-05 9.98829E-05 9.98829E-05 9.98829E-05 9.98829E-05 9.98829E-05 9.98829E-05 0.00926142 9.98829E-05 0.046484 9.98829E-05 0.0135241 0.925217 0.00421477 9.98829E-05 9.98829E-05
9.98648E-05 9.98648E-05 0.0169722 9.98648E-05 9.98648E-05 9.98648E-05 9.98648E-05 9.98648E-05 9.98648E-05 9.98648E-05 0.569218 9.98648E-05 9.98648E-05 9.98648E-05 9.98648E-05 0.412312 9.98648E-05 9.98648E-05
9.98741E-05 0.00618411 0.126723 9.98741E-05 9.98741E-05 9.98741E-05 9.98741E-05 0.0773334 9.98741E-05 9.98741E-05 9.98741E-05 9.98741E-05 9.98741E-05 0.788361 9.98741E-05 9.98741E-05 9.98741E-05 9.98741E-05
9.98743E-05 9.98743E-05 9.98743E-05 0.866249 9.98743E-05 9.98743E-05 9.98743E-05 0.0597446 9.98743E-05 9.98743E-05 9.98743E-05 9.98743E-05 9.98743E-05 0.0255761 9.98743E-05 9.98743E-05 0.0470325 9.98743E-05
9.98566E-05 9.98566E-05 9.98566E-05 9.98566E-05 9.98566E-05 9.98566E-05 9.98566E-05 9.98566E-05 9.98566E-05 9.98566E-05 9.98566E-05 0.0112985 9.98566E-05 0.987104 9.98566E-05 9.98566E-05 9.98566E-05 9.98566E-05
9.98739E-05 9.98739E-05 9.98739E-05 9.98739E-05 9.98739E-05 9.98739E-05 0.0917336 9.98739E-05 9.98739E-05 0.0233515 0.0103226 9.98739E-05 9.98739E-05 0.873194 9.98739E-05 9.98739E-05 9.98739E-05 9.98739E-05
0.000473166 0.0303849 0.000812272 9.99008E-05 9.99008E-05 9.99008E-05 9.99008E-05 0.0189046 9.99008E-05 0.0808571 9.99008E-05 9.99008E-05 9.99008E-05 0.822537 9.99008E-05 9.99008E-05 0.0449321 9.99008E-05
9.98472E-05 9.98472E-05 9.98472E-05 9.98472E-05 9.98472E-05 0.998303 9.98472E-05 9.98472E-05 9.98472E-05 9.98472E-05 9.98472E-05 9.98472E-05 9.98472E-05 9.98472E-05 9.98472E-05 9.98472E-05 9.98472E-05 9.98472E-05
9.98566E-05 9.98566E-05 9.98566E-05 9.98566E-05 9.98566E-05 9.98566E-05 9.98566E-05 9.98566E-05 9.98566E-05 9.98566E-05 0.282631 9.98566E-05 9.98566E-05 9.98566E-05 9.98566E-05 0.715771 9.98566E-05 9.98566E-05
0.0293133 0.070163 9.99192E-05 9.99192E-05 9.99192E-05 0.00770391 0.301369 9.99192E-05 9.99192E-05 9.99192E-05 0.172996 9.99192E-05 0.0152193 0.102182 9.99192E-05 0.282178 9.99192E-05 0.0179749
9.98834E-05 9.98834E-05 9.98834E-05 0.00949837 9.98834E-05 9.98834E-05 9.98834E-05 9.98834E-05 0.031015 9.98834E-05 0.918409 9.98834E-05 9.98834E-05 0.0117849 9.98834E-05 0.0279938 9.98834E-05 9.98834E-05
9.98919E-05 9.98919E-05 0.0377526 9.98919E-05 0.00149752 9.98919E-05 9.98919E-05 9.98919E-05 9.98919E-05 9.98919E-05 0.70543 0.0203842 0.0255043 9.98919E-05 9.98919E-05 0.208233 9.98919E-05 9.98919E-05
9.9856E-05 9.9856E-05 9.9856E-05 0.03366 9.9856E-05 9.9856E-05 9.9856E-05 9.9856E-05 9.9856E-05 9.9856E-05 9.9856E-05 9.9856E-05 9.9856E-05 9.9856E-05 9.9856E-05 0.964742 9.9856E-05 9.9856E-05
9.98563E-05 9.98563E-05 9.98563E-05 9.98563E-05 9.98563E-05 9.98563E-05 9.98563E-05 9.98563E-05 9.98563E-05 9.98563E-05 9.98563E-05 9.98563E-05 9.98563E-05 9.98563E-05 9.98563E-05 0.988992 9.98563E-05 0.00940992
9.98832E-05 9.98832E-05 0.0512914 9.98832E-05 9.98832E-05 9.98832E-05 9.98832E-05 9.98832E-05 0.0938872 0.0381944 0.655487 9.98832E-05 9.98832E-05 9.98832E-05 9.98832E-05 0.159842 9.98832E-05 9.98832E-05
9.98829E-05 9.98829E-05 0.0331266 9.98829E-05 9.98829E-05 9.98829E-05 9.98829E-05 0.0268203 9.98829E-05 9.98829E-05 0.420596 9.98829E-05 0.00682614 9.98829E-05 9.98829E-05 0.511332 9.98829E-05 9.98829E-05
9.98469E-05 9.98469E-05 9.98469E-05 9.98469E-05 9.98469E-05 9.98469E-05 9.98469E-05 9.98469E-05 0.998303 9.98469E-05 9.98469E-05 9.98469E-05 9.98469E-05 9.98469E-05 9.98469E-05 9.98469E-05 9.98469E-05 9.98469E-05
9.9856E-05 9.9856E-05 9.9856E-05 9.9856E-05 9.9856E-05 9.9856E-05 9.9856E-05 9.9856E-05 0.95895 9.9856E-05 9.9856E-05 0.0394519 9.9856E-05 9.9856E-05 9.9856E-05 9.9856E-05 9.9856E-05 9.9856E-05
9.98832E-05 0.00770523 9.98832E-05 9.98832E-05 0.0263957 9.98832E-05 9.98832E-05 9.98832E-05 9.98832E-05 9.98832E-05 0.810655 9.98832E-05 9.98832E-05 0.00921661 9.98832E-05 0.144729 9.98832E-05 9.98832E-05
9.9892E-05 0.0166086 0.00695613 0.936029 0.00821708 9.9892E-05 9.9892E-05 9.9892E-05 9.9892E-05 9.9892E-05 0.0177988 9.9892E-05 0.0131919 9.9892E-05 9.9892E-05 9.9892E-05 9.9892E-05 9.9892E-05
9.9856E-05 9.9856E-05 9.9856E-05 0.985022 0.0133807 9.9856E-05 9.9856E-05 9.9856E-05 9.9856E-05 9.9856E-05 9.9856E-05 9.9856E-05 9.9856E-05 9.9856E-05 9.9856E-05 9.9856E-05 9.9856E-05 9.9856E-05
9.98652E-05 0.995417 9.98652E-05 9.98652E-05 9.98652E-05 9.98652E-05 9.98652E-05 0.0022544 9.98652E-05 9.98652E-05 9.98652E-05 9.98652E-05 9.98652E-05 9.98652E-05 9.98652E-05 9.98652E-05 9.98652E-05 0.000830198
9.98474E-05 0.998303 9.98474E-05 9.98474E-05 9.98474E-05 9.98474E-05 9.98474E-05 9.98474E-05 9.98474E-05 9.98474E-05 9.98474E-05 9.98474E-05 9.98474E-05 9.98474E-05 9.98474E-05 9.98474E-05 9.98474E-05 9.98474E-05
9.9847E-05 9.9847E-05 9.9847E-05 9.9847E-05 9.9847E-05 9.9847E-05 0.998303 9.9847E-05 9.9847E-05 9.9847E-05 9.9847E-05 9.9847E-05 9.9847E-05 9.9847E-05 9.9847E-05 9.9847E-05 9.9847E-05 9.9847E-05
9.9847E-05 9.9847E-05 9.9847E-05 9.9847E-05 9.9847E-05 9.9847E-05 0.998303 9.9847E-05 9.9847E-05 9.9847E-05 9.9847E-05 9.9847E-05 9.9847E-05 9.9847E-05 9.9847E-05 9.9847E-05 9.9847E-05 9.9847E-05
9.98653E-05 0.954945 9.98653E-05 0.021561 9.98653E-05 9.98653E-05 9.98653E-05 9.98653E-05 9.98653E-05 9.98653E-05 9.98653E-05 9.98653E-05 0.0219963 9.98653E-05 9.98653E-05 9.98653E-05 9.98653E-05 9.98653E-05
9.98652E-05 0.990068 0.00626953 9.98652E-05 9.98652E-05 9.98652E-05 9.98652E-05 9.98652E-05 9.98652E-05 9.98652E-05 9.98652E-05 9.98652E-05 9.98652E-05 9.98652E-05 9.98652E-05 9.98652E-05 9.98652E-05 0.00216454
9.98702E-05 9.98702E-05 9.98702E-05 0.0135443 0.0154133 9.98702E-05 9.98702E-05 9.98702E-05 9.98702E-05 9.98702E-05 9.98702E-05 0.00261188 9.98702E-05 0.0302476 9.98702E-05 9.98702E-05 9.98702E-05 0.936885
0.0323765 9.9892E-05 0.67379 0.0341485 9.9892E-05 9.9892E-05 9.9892E-05 0.00811938 9.9892E-05 9.9892E-05 9.9892E-05 0.134572 9.9892E-05 0.115795 9.9892E-05 9.9892E-05 9.9892E-05 9.9892E-05
9.9865E-05 9.9865E-05 9.9865E-05 9.9865E-05 0.0461977 9.9865E-05 9.9865E-05 9.9865E-05 9.9865E-05 9.9865E-05 9.9865E-05 0.0323257 9.9865E-05 9.9865E-05 0.919979 9.9865E-05 9.9865E-05 9.9865E-05
9.98468E-05 9.98468E-05 9.98468E-05 9.98468E-05 9.98468E-05 9.98468E-05 9.98468E-05 9.98468E-05 9.98468E-05 9.98468E-05 9.98468E-05 9.98468E-05 9.98468E-05 9.98468E-05 9.98468E-05 9.98468E-05 0.998303 9.98468E-05
9.98471E-05 9.98471E-05 9.98471E-05 9.98471E-05 9.98471E-05 9.98471E-05 9.98471E-05 0.998303 9.98471E-05 9.98471E-05 9.98471E-05 9.98471E-05 9.98471E-05 9.98471E-05 9.98471E-05 9.98471E-05 9.98471E-05 9.98471E-05
0.0380975 0.0117431 9.98923E-05 9.98923E-05 0.105956 9.98923E-05 9.98923E-05 9.98923E-05 0.500627 9.98923E-05 9.98923E-05 9.98923E-05 9.98923E-05 9.98923E-05 0.00130968 0.341068 9.98923E-05 9.98923E-05
