9.98918E-05 9.98918E-05 0.0257528 0.936116 9.98918E-05 9.98918E-05 9.98918E-05 0.0153589 9.98918E-05 0.00414938 9.98918E-05 0.00120928 0.0162153 9.98918E-05 9.98918E-05 9.98918E-05 9.98918E-05 9.98918E-05
9.98829E-05 9.98829E-05 9.98829E-05 0.0225214 9.98829E-05 0.0105828 9.98829E-05 9.98829E-05 9.98829E-05 9.98829E-05 9.98829E-05 9.98829E-05 0.102172 0.0984467 9.98829E-05 9.98829E-05 0.764978 9.98829E-05
0.00881644 9.99018E-05 9.99018E-05 9.99018E-05 9.99018E-05 9.99018E-05 9.99018E-05 0.0385968 9.99018E-05 9.99018E-05 0.293092 0.0380613 9.99018E-05 0.585477 9.99018E-05 0.0334507 0.00140665 9.99018E-05
9.9892E-05 0.0197515 0.0182857 9.9892E-05 9.9892E-05 9.9892E-05 9.9892E-05 0.0169452 9.9892E-05 9.9892E-05 9.9892E-05 9.9892E-05 0.0107198 0.873737 9.9892E-05 9.9892E-05 9.9892E-05 0.0593618
9.99192E-05 0.0477074 0.116615 0.0229106 9.99192E-05 9.99192E-05 0.0427712 9.99192E-05 9.99192E-05 9.99192E-05 9.99192E-05 0.0235236 9.99192E-05 0.334826 0.227149 9.99192E-05 0.0735314 0.110067
9.98831E-05 9.98831E-05 9.98831E-05 9.98831E-05 0.00270475 9.98831E-05 0.0109475 9.98831E-05 9.98831E-05 9.98831E-05 9.98831E-05 9.98831E-05 0.000906615 0.967831 9.98831E-05 9.98831E-05 9.98831E-05 0.0163113
9.98471E-05 9.98471E-05 9.98471E-05 9.98471E-05 9.98471E-05 9.98471E-05 9.98471E-05 9.98471E-05 9.98471E-05 9.98471E-05 9.98471E-05 9.98471E-05 9.98471E-05 9.98471E-05 0.998303 9.98471E-05 9.98471E-05 9.98471E-05
9.99099E-05 0.0702759 0.0899247 9.99099E-05 9.99099E-05 9.99099E-05 9.99099E-05 0.0113731 9.99099E-05 9.99099E-05 0.388241 9.99099E-05 9.99099E-05 0.0601229 0.00121435 9.99099E-05 0.114908 0.262941
9.9856E-05 9.9856E-05 9.9856E-05 9.9856E-05 9.9856E-05 9.9856E-05 9.9856E-05 9.9856E-05 9.9856E-05 9.9856E-05 9.9856E-05 9.9856E-05 9.9856E-05 9.9856E-05 0.968285 9.9856E-05 0.0301177 9.9856E-05
9.98563E-05 9.98563E-05 0.858015 9.98563E-05 9.98563E-05 9.98563E-05 9.98563E-05 9.98563E-05 9.98563E-05 9.98563E-05 9.98563E-05 9.98563E-05 9.98563E-05 9.98563E-05 0.140387 9.98563E-05 9.98563E-05 9.98563E-05
9.98562E-05 9.98562E-05 0.874183 9.98562E-05 9.98562E-05 9.98562E-05 9.98562E-05 9.98562E-05 9.98562E-05 9.98562E-05 9.98562E-05 9.98562E-05 9.98562E-05 9.98562E-05 0.124219 9.98562E-05 9.98562E-05 9.98562E-05
0.15204 9.9883E-05 9.9883E-05 0.645938 9.9883E-05 9.9883E-05 0.0240034 0.149663 9.9883E-05 9.9883E-05 9.9883E-05 9.9883E-05 9.9883E-05 0.0270569 9.9883E-05 9.9883E-05 9.9883E-05 9.9883E-05
0.98147 9.98654E-05 9.98654E-05 9.98654E-05 9.98654E-05 9.98654E-05 9.98654E-05 9.98654E-05 9.98654E-05 9.98654E-05 0.00378653 9.98654E-05 9.98654E-05 9.98654E-05 9.98654E-05 9.98654E-05 9.98654E-05 0.013245
9.99011E-05 9.99011E-05 9.99011E-05 0.00640609 9.99011E-05 0.00399564 0.0106382 9.99011E-05 9.99011E-05 9.99011E-05 9.99011E-05 9.99011E-05 0.00121239 0.918701 9.99011E-05 0.0229028 0.0350453 9.99011E-05
9.98921E-05 9.98921E-05 0.0116792 0.0334192 0.0093275 0.00369962 9.98921E-05 9.98921E-05 9.98921E-05 9.98921E-05 9.98921E-05 0.0185319 9.98921E-05 0.922144 9.98921E-05 9.98921E-05 9.98921E-05 9.98921E-05
0.103161 9.98651E-05 9.98651E-05 9.98651E-05 9.98651E-05 9.98651E-05 0.113951 9.98651E-05 0.78139 9.98651E-05 9.98651E-05 9.98651E-05 9.98651E-05 9.98651E-05 9.98651E-05 9.98651E-05 9.98651E-05 9.98651E-05
9.98651E-05 9.98651E-05 0.0162808 9.98651E-05 9.98651E-05 9.98651E-05 9.98651E-05 9.98651E-05 9.98651E-05 9.98651E-05 9.98651E-05 0.0413382 0.940883 9.98651E-05 9.98651E-05 9.98651E-05 9.98651E-05 9.98651E-05
9.98472E-05 9.98472E-05 9.98472E-05 9.98472E-05 9.98472E-05 0.998303 9.98472E-05 9.98472E-05 9.98472E-05 9.98472E-05 9.98472E-05 9.98472E-05 9.98472E-05 9.98472E-05 9.98472E-05 9.98472E-05 9.98472E-05 9.98472E-05
9.98561E-05 9.98561E-05 9.98561E-05 9.98561E-05 9.98561E-05 9.98561E-05 9.98561E-05 0.0350558 9.98561E-05 9.98561E-05 9.98561E-05 9.98561E-05 9.98561E-05 9.98561E-05 9.98561E-05 0.963347 9.98561E-05 9.98561E-05
9.98919E-05 9.98919E-05 0.450584 0.0616538 9.98919E-05 9.98919E-05 0.127172 0.014658 0.311037 9.98919E-05 9.98919E-05 9.98919E-05 0.0336969 9.98919E-05 9.98919E-05 9.98919E-05 9.98919E-05 9.98919E-05
9.98562E-05 9.98562E-05 9.98562E-05 9.98562E-05 9.98562E-05 0.124043 9.98562E-05 9.98562E-05 9.98562E-05 9.98562E-05 9.98562E-05 9.98562E-05 9.98562E-05 9.98562E-05 9.98562E-05 0.874359 9.98562E-05 9.98562E-05
0.0493914 9.99099E-05 0.0677706 0.473728 0.00632696 9.99099E-05 0.00576942 0.016158 0.278924 9.99099E-05 9.99099E-05 9.99099E-05 0.100932 9.99099E-05 9.99099E-05 9.99099E-05 9.99099E-05 9.99099E-05
9.98403E-05 9.98403E-05 9.98403E-05 9.98403E-05 9.98403E-05 9.98403E-05 9.98403E-05 9.98403E-05 9.98403E-05 9.98403E-05 9.98403E-05 0.998303 9.98403E-05 9.98403E-05 9.98403E-05 9.98403E-05 9.98403E-05 9.98403E-05
9.98473E-05 9.98473E-05 9.98473E-05 9.98473E-05 9.98473E-05 9.98473E-05 9.98473E-05 9.98473E-05 9.98473E-05 0.998303 9.98473E-05 9.98473E-05 9.98473E-05 9.98473E-05 9.98473E-05 9.98473E-05 9.98473E-05 9.98473E-05
9.98743E-05 0.0138672 9.98743E-05 9.98743E-05 9.98743E-05 9.98743E-05 9.98743E-05 0.000284431 9.98743E-05 9.98743E-05 0.00830738 9.98743E-05 9.98743E-05 0.976143 9.98743E-05 9.98743E-05 9.98743E-05 9.98743E-05
9.98564E-05 0.00401616 9.98564E-05 9.98564E-05 9.98564E-05 9.98564E-05 9.98564E-05 9.98564E-05 9.98564E-05 9.98564E-05 9.98564E-05 9.98564E-05 9.98564E-05 0.994386 9.98564E-05 9.98564E-05 9.98564E-05 9.98564E-05
0.807615 9.98918E-05 0.0535822 0.0457617 9.98918E-05 9.98918E-05 9.98918E-05 0.0262578 9.98918E-05 9.98918E-05 9.98918E-05 0.0235232 0.0420611 9.98918E-05 9.98918E-05 9.98918E-05 9.98918E-05 9.98918E-05
0.00959343 0.0406282 9.98831E-05 9.98831E-05 9.98831E-05 9.98831E-05 9.98831E-05 9.98831E-05 0.0031474 9.98831E-05 9.98831E-05 9.98831E-05 9.98831E-05 0.888026 9.98831E-05 9.98831E-05 9.98831E-05 0.0573066
0.0108059 0.0333661 9.99011E-05 9.99011E-05 9.99011E-05 9.99011E-05 9.99011E-05 9.99011E-05 0.0534569 9.99011E-05 9.99011E-05 9.99011E-05 9.99011E-05 0.870335 0.0169285 9.99011E-05 0.0106123 0.00339618
9.98832E-05 0.0781206 9.98832E-05 0.0353889 0.0300509 9.98832E-05 9.98832E-05 9.98832E-05 9.98832E-05 9.98832E-05 9.98832E-05 9.98832E-05 9.98832E-05 0.424406 9.98832E-05 9.98832E-05 9.98832E-05 0.430735
9.98648E-05 9.98648E-05 9.98648E-05 9.98648E-05 9.98648E-05 9.98648E-05 0.0113995 9.98648E-05 9.98648E-05 9.98648E-05 9.98648E-05 9.98648E-05 9.98648E-05 0.0223908 9.98648E-05 9.98648E-05 9.98648E-05 0.964712
9.98475E-05 9.98475E-05 9.98475E-05 9.98475E-05 9.98475E-05 9.98475E-05 9.98475E-05 9.98475E-05 9.98475E-05 9.98475E-05 9.98475E-05 9.98475E-05 9.98475E-05 9.98475E-05 9.98475E-05 9.98475E-05 0.998303 9.98475E-05
9.98742E-05 9.98742E-05 9.98742E-05 9.98742E-05 9.98742E-05 9.98742E-05 9.98742E-05 9.98742E-05 9.98742E-05 9.98742E-05 0.150547 9.98742E-05 0.00259648 0.822253 9.98742E-05 9.98742E-05 9.98742E-05 0.0232052
9.98833E-05 0.733343 9.98833E-05 9.98833E-05 9.98833E-05 9.98833E-05 9.98833E-05 9.98833E-05 0.0267931 9.98833E-05 0.201639 9.98833E-05 9.98833E-05 9.98833E-05 9.98833E-05 9.98833E-05 0.00158962 0.0353369
0.530484 9.99007E-05 0.00581813 0.0102958 9.99007E-05 9.99007E-05 0.000585157 0.107068 9.99007E-05 9.99007E-05 9.99007E-05 9.99007E-05 0.289768 9.99007E-05 9.99007E-05 9.99007E-05 9.99007E-05 0.0548818
9.98738E-05 9.98738E-05 9.98738E-05 9.98738E-05 9.98738E-05 9.98738E-05 0.0536623 9.98738E-05 9.98738E-05 9.98738E-05 0.0237713 9.98738E-05 9.98738E-05 0.900963 9.98738E-05 9.98738E-05 9.98738E-05 0.0202049
9.9865E-05 9.9865E-05 9.9865E-05 0.932881 9.9865E-05 9.9865E-05 0.0128628 9.9865E-05 9.9865E-05 9.9865E-05 0.0527586 9.9865E-05 9.9865E-05 9.9865E-05 9.9865E-05 9.9865E-05 9.9865E-05 9.9865E-05
9.99008E-05 9.99008E-05 0.609942 0.0886094 0.0309612 9.99008E-05 9.99008E-05 9.99008E-05 9.99008E-05 9.99008E-05 0.0993011 0.0260553 0.0133834 9.99008E-05 9.99008E-05 9.99008E-05 0.130648 9.99008E-05
9.9856E-05 9.9856E-05 9.9856E-05 9.9856E-05 9.9856E-05 9.9856E-05 9.9856E-05 9.9856E-05 9.9856E-05 9.9856E-05 0.0234729 9.9856E-05 0.974929 9.9856E-05 9.9856E-05 9.9856E-05 9.9856E-05 9.9856E-05
9.98918E-05 9.98918E-05 0.286968 0.231276 0.0188079 9.98918E-05 9.98918E-05 9.98918E-05 0.175797 9.98918E-05 9.98918E-05 9.98918E-05 0.190212 0.0957404 9.98918E-05 9.98918E-05 9.98918E-05 9.98918E-05
9.99187E-05 9.99187E-05 0.321802 0.264713 0.0025014 0.0282875 9.99187E-05 0.00879634 0.13615 9.99187E-05 9.99187E-05 9.99187E-05 0.164518 0.047931 9.99187E-05 9.99187E-05 0.0244023 9.99187E-05
9.9883E-05 9.9883E-05 0.914021 0.0335992 9.9883E-05 9.9883E-05 0.023474 9.9883E-05 0.00395035 9.9883E-05 9.9883E-05 9.9883E-05 0.0236569 9.9883E-05 9.9883E-05 9.9883E-05 9.9883E-05 9.9883E-05
0.0465261 9.9883E-05 9.9883E-05 0.0365325 9.9883E-05 9.9883E-05 9.9883E-05 9.9883E-05 0.831106 0.0373921 9.9883E-05 9.9883E-05 9.9883E-05 9.9883E-05 0.0471448 9.9883E-05 9.9883E-05 9.9883E-05
9.98649E-05 9.98649E-05 0.875304 9.98649E-05 9.98649E-05 9.98649E-05 0.106965 9.98649E-05 9.98649E-05 9.98649E-05 9.98649E-05 9.98649E-05 9.98649E-05 9.98649E-05 9.98649E-05 9.98649E-05 9.98649E-05 0.0162336
0.12762 9.99278E-05 0.329196 0.0608922 9.99278E-05 9.99278E-05 0.101385 0.0496596 0.0755881 0.0805477 9.99278E-05 0.12999 9.99278E-05 9.99278E-05 0.0130654 9.99278E-05 0.0312567 9.99278E-05
9.99099E-05 9.99099E-05 0.428145 0.114757 0.0868424 9.99099E-05 0.129161 9.99099E-05 0.128398 9.99099E-05 9.99099E-05 9.99099E-05 9.99099E-05 0.0143459 9.99099E-05 9.99099E-05 0.00849488 0.0888558
0.0756477 0.0307866 0.222177 0.151442 0.0217348 9.99189E-05 0.236059 9.99189E-05 9.99189E-05 9.99189E-05 9.99189E-05 9.99189E-05 0.0906774 9.99189E-05 0.0162703 9.99189E-05 9.99189E-05 0.154306
9.98658E-05 9.98658E-05 9.98658E-05 0.938298 9.98658E-05 0.0412846 9.98658E-05 9.98658E-05 9.98658E-05 9.98658E-05 9.98658E-05 0.0189198 9.98658E-05 9.98658E-05 9.98658E-05 9.98658E-05 9.98658E-05 9.98658E-05
9.98472E-05 0.998303 9.98472E-05 9.98472E-05 9.98472E-05 9.98472E-05 9.98472E-05 9.98472E-05 9.98472E-05 9.98472E-05 9.98472E-05 9.98472E-05 9.98472E-05 9.98472E-05 9.98472E-05 9.98472E-05 9.98472E-05 9.98472E-05
9.98473E-05 0.998303 9.98473E-05 9.98473E-05 9.98473E-05 9.98473E-05 9.98473E-05 9.98473E-05 9.98473E-05 9.98473E-05 9.98473E-05 9.98473E-05 9.98473E-05 9.98473E-05 9.98473E-05 9.98473E-05 9.98473E-05 9.98473E-05
9.98653E-05 0.995185 9.98653E-05 9.98653E-05 9.98653E-05 0.00215094 9.98653E-05 9.98653E-05 9.98653E-05 0.00116616 9.98653E-05 9.98653E-05 9.98653E-05 9.98653E-05 9.98653E-05 9.98653E-05 9.98653E-05 9.98653E-05
9.98653E-05 0.993218 9.98653E-05 9.98653E-05 9.98653E-05 0.000220863 9.98653E-05 9.98653E-05 9.98653E-05 9.98653E-05 9.98653E-05 9.98653E-05 9.98653E-05 9.98653E-05 9.98653E-05 0.00506347 9.98653E-05 9.98653E-05
9.98562E-05 0.971922 9.98562E-05 9.98562E-05 9.98562E-05 9.98562E-05 9.98562E-05 9.98562E-05 9.98562E-05 9.98562E-05 9.98562E-05 9.98562E-05 9.98562E-05 9.98562E-05 9.98562E-05 9.98562E-05 9.98562E-05 0.0264802
9.99192E-05 0.346635 9.99192E-05 0.0153055 9.99192E-05 9.99192E-05 9.99192E-05 9.99192E-05 0.0392027 9.99192E-05 0.118243 0.0897018 9.99192E-05 0.032837 0.0439767 9.99192E-05 0.055269 0.25793
9.98831E-05 0.916738 9.98831E-05 0.0153146 9.98831E-05 9.98831E-05 9.98831E-05 9.98831E-05 0.00816654 9.98831E-05 9.98831E-05 9.98831E-05 0.00219267 9.98831E-05 9.98831E-05 9.98831E-05 0.0562899 9.98831E-05
9.98739E-05 9.98739E-05 9.98739E-05 0.797862 9.98739E-05 9.98739E-05 0.0244527 9.98739E-05 0.172422 9.98739E-05 9.98739E-05 9.98739E-05 9.98739E-05 9.98739E-05 0.00386579 9.98739E-05 9.98739E-05 9.98739E-05
9.98739E-05 0.0521523 9.98739E-05 9.98739E-05 9.98739E-05 9.98739E-05 0.0033786 9.98739E-05 9.98739E-05 9.98739E-05 9.98739E-05 9.98739E-05 9.98739E-05 9.98739E-05 0.0389193 9.98739E-05 0.904152 9.98739E-05
9.9856E-05 9.9856E-05 9.9856E-05 9.9856E-05 9.9856E-05 9.9856E-05 9.9856E-05 9.9856E-05 9.9856E-05 9.9856E-05 9.9856E-05 9.9856E-05 0.0293387 0.969064 9.9856E-05 9.9856E-05 9.9856E-05 9.9856E-05
0.852008 0.0155277 9.98831E-05 0.00260283 9.98831E-05 9.98831E-05 9.98831E-05 0.0396366 0.088926 9.98831E-05 9.98831E-05 9.98831E-05 9.98831E-05 9.98831E-05 9.98831E-05 9.98831E-05 9.98831E-05 9.98831E-05
9.98564E-05 9.98564E-05 9.98564E-05 9.98564E-05 9.98564E-05 9.98564E-05 0.121059 9.98564E-05 0.877343 9.98564E-05 9.98564E-05 9.98564E-05 9.98564E-05 9.98564E-05 9.98564E-05 9.98564E-05 9.98564E-05 9.98564E-05
0.968721 9.98565E-05 9.98565E-05 9.98565E-05 9.98565E-05 9.98565E-05 9.98565E-05 9.98565E-05 9.98565E-05 9.98565E-05 0.029681 9.98565E-05 9.98565E-05 9.98565E-05 9.98565E-05 9.98565E-05 9.98565E-05 9.98565E-05
0.862943 9.98919E-05 0.0769105 9.98919E-05 9.98919E-05 0.0229647 0.0222858 9.98919E-05 9.98919E-05 9.98919E-05 9.98919E-05 9.98919E-05 9.98919E-05 0.0134338 9.98919E-05 9.98919E-05 0.000263247 9.98919E-05
0.810022 9.98918E-05 0.0564174 9.98918E-05 9.98918E-05 9.98918E-05 0.0647438 0.0454359 9.98918E-05 0.0150524 9.98918E-05 9.98918E-05 0.00713038 9.98918E-05 9.98918E-05 9.98918E-05 9.98918E-05 9.98918E-05
9.98472E-05 9.98472E-05 9.98472E-05 9.98472E-05 0.998303 9.98472E-05 9.98472E-05 9.98472E-05 9.98472E-05 9.98472E-05 9.98472E-05 9.98472E-05 9.98472E-05 9.98472E-05 9.98472E-05 9.98472E-05 9.98472E-05 9.98472E-05
9.98658E-05 9.98658E-05 9.98658E-05 9.98658E-05 9.98658E-05 9.98658E-05 9.98658E-05 0.0189167 0.012538 9.98658E-05 9.98658E-05 9.98658E-05 9.98658E-05 0.967047 9.98658E-05 9.98658E-05 9.98658E-05 9.98658E-05
0.102558 0.1097 9.99191E-05 0.147533 9.99191E-05 0.00227689 0.0600128 0.0798308 9.99191E-05 9.99191E-05 0.0012908 9.99191E-05 9.99191E-05 0.297357 0.198542 9.99191E-05 9.99191E-05 9.99191E-05
9.98566E-05 9.98566E-05 9.98566E-05 9.98566E-05 9.98566E-05 9.98566E-05 9.98566E-05 9.98566E-05 9.98566E-05 9.98566E-05 0.12851 9.98566E-05 9.98566E-05 0.869892 9.98566E-05 9.98566E-05 9.98566E-05 9.98566E-05
9.9892E-05 0.0203316 9.9892E-05 0.00382091 9.9892E-05 9.9892E-05 9.9892E-05 9.9892E-05 9.9892E-05 9.9892E-05 9.9892E-05 9.9892E-05 0.0412354 0.850565 0.0139941 9.9892E-05 9.9892E-05 0.0688541
9.9892E-05 0.00902403 9.9892E-05 9.9892E-05 9.9892E-05 9.9892E-05 9.9892E-05 9.9892E-05 0.0399836 9.9892E-05 0.0480214 9.9892E-05 9.9892E-05 0.835045 0.0102218 9.9892E-05 9.9892E-05 0.0565055
9.99011E-05 0.00312592 9.99011E-05 9.99011E-05 0.00506878 9.99011E-05 9.99011E-05 9.99011E-05 0.0277334 9.99011E-05 0.0100025 9.99011E-05 9.99011E-05 0.900094 9.99011E-05 0.00862416 9.99011E-05 0.0442526
9.98833E-05 9.98833E-05 0.0560921 0.00863775 9.98833E-05 9.98833E-05 9.98833E-05 9.98833E-05 9.98833E-05 9.98833E-05 9.98833E-05 9.98833E-05 0.0180559 0.760168 9.98833E-05 9.98833E-05 9.98833E-05 0.155748
9.98559E-05 9.98559E-05 9.98559E-05 9.98559E-05 9.98559E-05 9.98559E-05 9.98559E-05 9.98559E-05 9.98559E-05 9.98559E-05 9.98559E-05 9.98559E-05 0.0463627 0.95204 9.98559E-05 9.98559E-05 9.98559E-05 9.98559E-05
9.98649E-05 0.0443922 9.98649E-05 9.98649E-05 9.98649E-05 9.98649E-05 9.98649E-05 9.98649E-05 9.98649E-05 9.98649E-05 0.932371 9.98649E-05 9.98649E-05 9.98649E-05 9.98649E-05 9.98649E-05 9.98649E-05 0.0217393
9.9856E-05 9.9856E-05 9.9856E-05 9.9856E-05 0.0107339 9.9856E-05 9.9856E-05 9.9856E-05 9.9856E-05 9.9856E-05 0.987668 9.9856E-05 9.9856E-05 9.9856E-05 9.9856E-05 9.9856E-05 9.9856E-05 9.9856E-05
9.98832E-05 0.00107773 9.98832E-05 9.98832E-05 9.98832E-05 9.98832E-05 9.98832E-05 9.98832E-05 0.0209993 9.98832E-05 9.98832E-05 0.0200241 9.98832E-05 0.943844 9.98832E-05 0.0127567 9.98832E-05 9.98832E-05
9.9874E-05 9.9874E-05 9.9874E-05 9.9874E-05 9.9874E-05 9.9874E-05 9.9874E-05 9.9874E-05 0.975435 9.9874E-05 9.9874E-05 0.0152569 0.00206804 0.00584196 9.9874E-05 9.9874E-05 9.9874E-05 9.9874E-05
9.9865E-05 0.0210962 9.9865E-05 9.9865E-05 9.9865E-05 9.9865E-05 9.9865E-05 9.9865E-05 0.969714 9.9865E-05 9.9865E-05 0.00769177 9.9865E-05 9.9865E-05 9.9865E-05 9.9865E-05 9.9865E-05 9.9865E-05
9.98563E-05 9.98563E-05 9.98563E-05 0.000471769 9.98563E-05 9.98563E-05 9.98563E-05 0.997931 9.98563E-05 9.98563E-05 9.98563E-05 9.98563E-05 9.98563E-05 9.98563E-05 9.98563E-05 9.98563E-05 9.98563E-05 9.98563E-05
9.98474E-05 9.98474E-05 9.98474E-05 9.98474E-05 9.98474E-05 9.98474E-05 9.98474E-05 0.998303 9.98474E-05 9.98474E-05 9.98474E-05 9.98474E-05 9.98474E-05 9.98474E-05 9.98474E-05 9.98474E-05 9.98474E-05 9.98474E-05
0.0118569 9.99099E-05 0.797823 0.0080437 9.99099E-05 0.0190508 9.99099E-05 9.99099E-05 0.0816445 9.99099E-05 0.00840944 9.99099E-05 9.99099E-05 0.0180473 9.99099E-05 9.99099E-05 0.0541249 9.99099E-05
0.0693088 9.9892E-05 0.76542 0.0257489 9.9892E-05 0.022029 9.9892E-05 9.9892E-05 0.0724646 9.9892E-05 9.9892E-05 9.9892E-05 9.9892E-05 9.9892E-05 9.9892E-05 9.9892E-05 0.0438297 9.9892E-05
9.98742E-05 9.98742E-05 9.98742E-05 9.98742E-05 9.98742E-05 9.98742E-05 9.98742E-05 0.946499 0.018844 9.98742E-05 0.0230479 9.98742E-05 9.98742E-05 9.98742E-05 9.98742E-05 9.98742E-05 9.98742E-05 0.0102112
9.98473E-05 9.98473E-05 9.98473E-05 9.98473E-05 9.98473E-05 9.98473E-05 9.98473E-05 0.998303 9.98473E-05 9.98473E-05 9.98473E-05 9.98473E-05 9.98473E-05 9.98473E-05 9.98473E-05 9.98473E-05 9.98473E-05 9.98473E-05
0.0397062 0.0132089 9.98739E-05 0.944592 9.98739E-05 9.98739E-05 9.98739E-05 9.98739E-05 9.98739E-05 9.98739E-05 9.98739E-05 9.98739E-05 9.98739E-05 9.98739E-05 9.98739E-05 0.00109471 9.98739E-05 9.98739E-05
0.122889 9.99189E-05 0.175022 0.0615157 9.99189E-05 0.0386541 0.0586966 9.99189E-05 0.354332 0.0045943 9.99189E-05 9.99189E-05 9.99189E-05 9.99189E-05 0.146365 0.0370322 9.99189E-05 9.99189E-05
9.9865E-05 0.0408019 9.9865E-05 9.9865E-05 9.9865E-05 9.9865E-05 9.9865E-05 9.9865E-05 9.9865E-05 9.9865E-05 9.9865E-05 9.9865E-05 9.9865E-05 9.9865E-05 0.068717 9.9865E-05 0.888983 9.9865E-05
9.9874E-05 9.9874E-05 0.00430499 9.9874E-05 9.9874E-05 9.9874E-05 0.980757 9.9874E-05 9.9874E-05 0.00897334 9.9874E-05 0.0045662 9.9874E-05 9.9874E-05 9.9874E-05 9.9874E-05 9.9874E-05 9.9874E-05
0.0213412 9.98831E-05 9.98831E-05 0.000692244 9.98831E-05 9.98831E-05 0.90679 9.98831E-05 9.98831E-05 9.98831E-05 9.98831E-05 9.98831E-05 0.0527581 9.98831E-05 9.98831E-05 0.0171199 9.98831E-05 9.98831E-05
9.98471E-05 9.98471E-05 9.98471E-05 9.98471E-05 9.98471E-05 9.98471E-05 9.98471E-05 9.98471E-05 9.98471E-05 9.98471E-05 9.98471E-05 9.98471E-05 9.98471E-05 9.98471E-05 9.98471E-05 9.98471E-05 9.98471E-05 0.998303
