9.99009E-05 9.99009E-05 9.99009E-05 9.99009E-05 9.99009E-05 0.0756311 9.99009E-05 9.99009E-05 9.99009E-05 9.99009E-05 0.92327 9.99009E-05 9.99009E-05
0.0534233 9.99189E-05 9.99189E-05 9.99189E-05 0.710459 9.99189E-05 9.99189E-05 9.99189E-05 9.99189E-05 9.99189E-05 0.0823749 9.99189E-05 0.152844
9.99465E-05 9.99465E-05 0.0293607 0.189902 0.0261328 9.99465E-05 9.99465E-05 0.0980708 0.0312379 9.99465E-05 9.99465E-05 0.0436048 0.581091
9.9919E-05 9.9919E-05 9.9919E-05 9.9919E-05 9.9919E-05 9.9919E-05 9.9919E-05 0.105681 0.0212629 0.0248081 9.9919E-05 9.9919E-05 0.847349
0.0177292 9.99371E-05 9.99371E-05 0.240443 0.204488 0.227488 9.99371E-05 9.99371E-05 9.99371E-05 0.0125641 9.99371E-05 9.99371E-05 0.296588
0.00680605 9.991E-05 9.991E-05 0.0195467 9.991E-05 9.991E-05 9.991E-05 9.991E-05 9.991E-05 9.991E-05 9.991E-05 9.991E-05 0.972648
9.99191E-05 0.280462 9.99191E-05 0.350428 0.110143 9.99191E-05 9.99191E-05 9.99191E-05 9.99191E-05 9.99191E-05 9.99191E-05 0.258067 9.99191E-05
9.99458E-05 9.99458E-05 9.99458E-05 0.683679 0.0755338 0.0759821 9.99458E-05 0.0193483 0.0192353 0.0584662 9.99458E-05 9.99458E-05 0.0671552
9.99281E-05 0.309052 9.99281E-05 0.269038 0.232513 0.0405766 9.99281E-05 9.99281E-05 9.99281E-05 9.99281E-05 9.99281E-05 0.148021 9.99281E-05
9.99012E-05 9.99012E-05 9.99012E-05 0.0185322 9.99012E-05 0.980369 9.99012E-05 9.99012E-05 9.99012E-05 9.99012E-05 9.99012E-05 9.99012E-05 9.99012E-05
9.98923E-05 9.98923E-05 9.98923E-05 9.98923E-05 9.98923E-05 0.998801 9.98923E-05 9.98923E-05 9.98923E-05 9.98923E-05 9.98923E-05 9.98923E-05 9.98923E-05
9.9937E-05 9.9937E-05 9.9937E-05 0.0214839 9.9937E-05 9.9937E-05 9.9937E-05 0.02656 0.13036 9.9937E-05 0.674464 0.139211 0.00722086
9.99012E-05 9.99012E-05 9.99012E-05 0.0533913 9.99012E-05 9.99012E-05 9.99012E-05 9.99012E-05 9.99012E-05 9.99012E-05 9.99012E-05 0.94551 9.99012E-05
9.9919E-05 9.9919E-05 0.0160981 9.9919E-05 0.0425207 9.9919E-05 9.9919E-05 9.9919E-05 9.9919E-05 9.9919E-05 0.0113248 9.9919E-05 0.929157
9.99011E-05 9.99011E-05 9.99011E-05 9.99011E-05 9.99011E-05 9.99011E-05 9.99011E-05 9.99011E-05 9.99011E-05 9.99011E-05 0.0220054 9.99011E-05 0.976896
0.0295485 0.837065 9.9919E-05 9.9919E-05 9.9919E-05 0.0203897 9.9919E-05 9.9919E-05 9.9919E-05 9.9919E-05 9.9919E-05 0.112097 9.9919E-05
0.929981 9.99009E-05 9.99009E-05 9.99009E-05 9.99009E-05 0.0689204 9.99009E-05 9.99009E-05 9.99009E-05 9.99009E-05 9.99009E-05 9.99009E-05 9.99009E-05
9.99368E-05 0.0793605 0.714049 9.99368E-05 0.0857557 0.0717715 0.0353375 9.99368E-05 9.99368E-05 0.013026 9.99368E-05 9.99368E-05 9.99368E-05
9.9901E-05 9.9901E-05 0.915056 9.9901E-05 9.9901E-05 9.9901E-05 9.9901E-05 9.9901E-05 0.083845 9.9901E-05 9.9901E-05 9.9901E-05 9.9901E-05
0.106281 0.31441 9.99279E-05 9.99279E-05 9.99279E-05 0.398138 9.99279E-05 9.99279E-05 0.0279929 9.99279E-05 0.152378 9.99279E-05 9.99279E-05
9.99011E-05 9.99011E-05 0.99679 9.99011E-05 9.99011E-05 9.99011E-05 9.99011E-05 9.99011E-05 9.99011E-05 9.99011E-05 9.99011E-05 9.99011E-05 0.00211063
0.0921169 0.306292 9.99369E-05 9.99369E-05 9.99369E-05 0.0787481 9.99369E-05 9.99369E-05 0.000877141 9.99369E-05 0.500868 0.0203977 9.99369E-05
9.98917E-05 9.98917E-05 9.98917E-05 9.98917E-05 9.98917E-05 9.98917E-05 0.998801 9.98917E-05 9.98917E-05 9.98917E-05 9.98917E-05 9.98917E-05 9.98917E-05
9.99008E-05 9.99008E-05 0.723931 9.99008E-05 9.99008E-05 9.99008E-05 0.27497 9.99008E-05 9.99008E-05 9.99008E-05 9.99008E-05 9.99008E-05 9.99008E-05
9.99012E-05 9.99012E-05 9.99012E-05 9.99012E-05 9.99012E-05 9.99012E-05 9.99012E-05 0.583257 9.99012E-05 9.99012E-05 9.99012E-05 9.99012E-05 0.415645
9.99011E-05 9.99011E-05 9.99011E-05 9.99011E-05 9.99011E-05 9.99011E-05 9.99011E-05 0.173545 9.99011E-05 9.99011E-05 9.99011E-05 9.99011E-05 0.825356
0.0183618 9.99278E-05 9.99278E-05 9.99278E-05 9.99278E-05 0.0681319 9.99278E-05 9.99278E-05 0.0522046 9.99278E-05 0.0933525 0.76715 9.99278E-05
9.9892E-05 9.9892E-05 9.9892E-05 9.9892E-05 9.9892E-05 9.9892E-05 9.9892E-05 0.998801 9.9892E-05 9.9892E-05 9.9892E-05 9.9892E-05 9.9892E-05
9.9892E-05 9.9892E-05 9.9892E-05 9.9892E-05 9.9892E-05 9.9892E-05 9.9892E-05 0.998801 9.9892E-05 9.9892E-05 9.9892E-05 9.9892E-05 9.9892E-05
0.00361928 9.99641E-05 0.00829835 0.320959 0.0116406 9.99641E-05 9.99641E-05 0.308864 0.0181296 0.132632 0.00794131 9.99641E-05 0.187517
0.037097 9.99369E-05 9.99369E-05 0.553384 9.99369E-05 9.99369E-05 9.99369E-05 0.151645 0.0139152 0.033664 9.99369E-05 9.99369E-05 0.209596
9.98923E-05 9.98923E-05 9.98923E-05 9.98923E-05 0.998801 9.98923E-05 9.98923E-05 9.98923E-05 9.98923E-05 9.98923E-05 9.98923E-05 9.98923E-05 9.98923E-05
9.99191E-05 0.00944137 9.99191E-05 0.125845 9.99191E-05 9.99191E-05 9.99191E-05 0.297406 9.99191E-05 9.99191E-05 9.99191E-05 9.99191E-05 0.566408
9.99101E-05 9.99101E-05 9.99101E-05 0.276964 9.99101E-05 0.00838203 9.99101E-05 9.99101E-05 9.99101E-05 0.713655 9.99101E-05 9.99101E-05 9.99101E-05
0.260182 9.99458E-05 9.99458E-05 9.99458E-05 9.99458E-05 0.0303191 9.99458E-05 0.0131584 0.114895 0.0227516 0.0718964 0.486198 9.99458E-05
0.0418165 9.99189E-05 9.99189E-05 0.0433559 9.99189E-05 9.99189E-05 9.99189E-05 0.581183 9.99189E-05 9.99189E-05 9.99189E-05 9.99189E-05 0.332745
9.99011E-05 9.99011E-05 9.99011E-05 0.0245451 9.99011E-05 9.99011E-05 9.99011E-05 9.99011E-05 9.99011E-05 9.99011E-05 0.974356 9.99011E-05 9.99011E-05
9.99369E-05 9.99369E-05 9.99369E-05 9.99369E-05 0.19513 0.569135 0.0844747 9.99369E-05 9.99369E-05 9.99369E-05 0.134544 0.00253305 0.0134828
0.9916 9.99009E-05 9.99009E-05 0.00730099 9.99009E-05 9.99009E-05 9.99009E-05 9.99009E-05 9.99009E-05 9.99009E-05 9.99009E-05 9.99009E-05 9.99009E-05
0.110498 0.335273 9.99278E-05 9.99278E-05 9.99278E-05 0.201976 9.99278E-05 9.99278E-05 9.99278E-05 9.99278E-05 0.231936 9.99278E-05 0.119517
0.0691642 0.318788 0.00737049 9.99458E-05 9.99458E-05 0.226487 9.99458E-05 9.99458E-05 0.00835878 9.99458E-05 0.275655 9.99458E-05 0.0935769
0.0557465 9.99099E-05 9.99099E-05 9.99099E-05 9.99099E-05 0.902893 9.99099E-05 9.99099E-05 9.99099E-05 9.99099E-05 0.0403617 9.99099E-05 9.99099E-05
9.9919E-05 0.889247 9.9919E-05 9.9919E-05 9.9919E-05 0.0148925 9.9919E-05 9.9919E-05 9.9919E-05 9.9919E-05 0.0318737 0.0630874 9.9919E-05
0.0399139 9.9937E-05 9.9937E-05 9.9937E-05 9.9937E-05 0.853885 9.9937E-05 9.9937E-05 0.0227463 0.00449127 0.0404343 0.03783 9.9937E-05
9.99458E-05 0.108691 9.99458E-05 9.99458E-05 0.0410039 0.192674 0.373686 9.99458E-05 0.0289685 9.99458E-05 0.0930945 0.161283 9.99458E-05
9.9937E-05 0.161447 9.9937E-05 9.9937E-05 9.9937E-05 0.410386 0.169407 9.9937E-05 9.9937E-05 9.9937E-05 0.153061 0.022432 0.0825676
0.29295 9.9964E-05 9.9964E-05 9.9964E-05 0.0176941 0.242265 9.9964E-05 0.0545113 0.0168055 0.019015 0.14741 0.170833 0.0381158
9.98927E-05 9.98927E-05 9.98927E-05 9.98927E-05 9.98927E-05 9.98927E-05 9.98927E-05 9.98927E-05 9.98927E-05 9.98927E-05 0.998801 9.98927E-05 9.98927E-05
9.98921E-05 9.98921E-05 9.98921E-05 9.98921E-05 9.98921E-05 9.98921E-05 9.98921E-05 9.98921E-05 9.98921E-05 0.998801 9.98921E-05 9.98921E-05 9.98921E-05
0.00386713 9.99101E-05 0.00372072 9.99101E-05 9.99101E-05 9.99101E-05 9.99101E-05 9.99101E-05 9.99101E-05 0.991413 9.99101E-05 9.99101E-05 9.99101E-05
9.99012E-05 0.0147445 9.99012E-05 9.99012E-05 9.99012E-05 9.99012E-05 9.99012E-05 9.99012E-05 9.99012E-05 0.984157 9.99012E-05 9.99012E-05 9.99012E-05
9.98922E-05 9.98922E-05 9.98922E-05 9.98922E-05 9.98922E-05 9.98922E-05 9.98922E-05 9.98922E-05 9.98922E-05 0.998801 9.98922E-05 9.98922E-05 9.98922E-05
9.99011E-05 9.99011E-05 9.99011E-05 9.99011E-05 9.99011E-05 9.99011E-05 9.99011E-05 0.00156156 9.99011E-05 0.99734 9.99011E-05 9.99011E-05 9.99011E-05
9.99371E-05 0.104699 9.99371E-05 0.371218 0.0379939 9.99371E-05 0.0923328 0.0223217 9.99371E-05 0.370735 9.99371E-05 9.99371E-05 9.99371E-05
9.99101E-05 9.99101E-05 9.99101E-05 9.99101E-05 0.0713852 9.99101E-05 9.99101E-05 9.99101E-05 9.99101E-05 0.924308 0.0033081 9.99101E-05 9.99101E-05
9.99009E-05 0.226554 9.99009E-05 9.99009E-05 9.99009E-05 9.99009E-05 9.99009E-05 9.99009E-05 9.99009E-05 9.99009E-05 0.772347 9.99009E-05 9.99009E-05
9.99189E-05 9.99189E-05 9.99189E-05 9.99189E-05 0.920827 9.99189E-05 9.99189E-05 0.0503855 0.0177271 0.0101615 9.99189E-05 9.99189E-05 9.99189E-05
9.99008E-05 9.99008E-05 9.99008E-05 9.99008E-05 9.99008E-05 9.99008E-05 9.99008E-05 0.481471 9.99008E-05 9.99008E-05 9.99008E-05 9.99008E-05 0.51743
9.9928E-05 0.122881 9.9928E-05 9.9928E-05 9.9928E-05 9.9928E-05 9.9928E-05 9.9928E-05 0.0449804 0.00562748 0.028173 0.797539 9.9928E-05
9.99013E-05 0.944297 9.99013E-05 9.99013E-05 9.99013E-05 9.99013E-05 9.99013E-05 9.99013E-05 9.99013E-05 9.99013E-05 9.99013E-05 0.0546038 9.99013E-05
9.98924E-05 9.98924E-05 9.98924E-05 9.98924E-05 9.98924E-05 9.98924E-05 9.98924E-05 9.98924E-05 9.98924E-05 9.98924E-05 9.98924E-05 0.998801 9.98924E-05
9.99189E-05 9.99189E-05 9.99189E-05 9.99189E-05 9.99189E-05 0.0966506 9.99189E-05 9.99189E-05 9.99189E-05 9.99189E-05 0.0245822 0.865581 0.012287
0.0259988 9.99189E-05 9.99189E-05 9.99189E-05 9.99189E-05 0.0906814 9.99189E-05 9.99189E-05 0.0504504 9.99189E-05 9.99189E-05 0.83197 9.99189E-05
9.99103E-05 9.99103E-05 0.943283 9.99103E-05 9.99103E-05 0.0107262 9.99103E-05 9.99103E-05 9.99103E-05 9.99103E-05 0.0449913 9.99103E-05 9.99103E-05
9.99014E-05 9.99014E-05 9.99014E-05 9.99014E-05 9.99014E-05 9.99014E-05 9.99014E-05 0.63977 9.99014E-05 9.99014E-05 9.99014E-05 9.99014E-05 0.359131
9.99461E-05 0.232114 9.99461E-05 9.99461E-05 9.99461E-05 9.99461E-05 0.163221 0.0701149 0.03364 0.16132 0.128291 9.99461E-05 0.210699
9.99192E-05 0.0388892 9.99192E-05 0.0216076 9.99192E-05 9.99192E-05 9.99192E-05 0.0287238 9.99192E-05 9.99192E-05 9.99192E-05 9.99192E-05 0.90988
0.0572431 9.99369E-05 9.99369E-05 0.0352314 9.99369E-05 9.99369E-05 9.99369E-05 0.240524 9.99369E-05 0.0279886 0.0302141 9.99369E-05 0.608099
9.99011E-05 9.99011E-05 9.99011E-05 9.99011E-05 9.99011E-05 9.99011E-05 9.99011E-05 0.996042 9.99011E-05 9.99011E-05 9.99011E-05 0.00285913 9.99011E-05
9.99191E-05 9.99191E-05 0.00864304 9.99191E-05 0.00334192 9.99191E-05 9.99191E-05 0.986436 9.99191E-05 9.99191E-05 0.000680268 9.99191E-05 9.99191E-05
9.99281E-05 9.99281E-05 9.99281E-05 0.168303 9.99281E-05 0.039456 9.99281E-05 0.208303 9.99281E-05 9.99281E-05 0.0303114 9.99281E-05 0.552827
0.0119098 9.99189E-05 9.99189E-05 0.0212193 9.99189E-05 9.99189E-05 9.99189E-05 0.491072 9.99189E-05 9.99189E-05 9.99189E-05 9.99189E-05 0.4749
9.99009E-05 9.99009E-05 9.99009E-05 0.994857 9.99009E-05 9.99009E-05 9.99009E-05 9.99009E-05 9.99009E-05 0.0040442 9.99009E-05 9.99009E-05 9.99009E-05
9.98901E-05 9.98901E-05 9.98901E-05 0.958165 9.98901E-05 9.98901E-05 9.98901E-05 9.98901E-05 9.98901E-05 9.98901E-05 9.98901E-05 0.0407357 9.98901E-05
9.99281E-05 0.0035377 9.99281E-05 9.99281E-05 9.99281E-05 9.99281E-05 9.99281E-05 0.0491984 9.99281E-05 0.037734 9.99281E-05 0.0139716 0.894759
9.99099E-05 0.952844 9.99099E-05 9.99099E-05 9.99099E-05 9.99099E-05 9.99099E-05 9.99099E-05 9.99099E-05 0.0351993 9.99099E-05 9.99099E-05 0.0109577
9.99099E-05 0.989022 9.99099E-05 9.99099E-05 9.99099E-05 9.99099E-05 9.99099E-05 9.99099E-05 0.00401673 0.00596187 9.99099E-05 9.99099E-05 9.99099E-05
9.99012E-05 9.99012E-05 9.99012E-05 9.99012E-05 9.99012E-05 9.99012E-05 9.99012E-05 9.99012E-05 0.988983 9.99012E-05 0.00991848 9.99012E-05 9.99012E-05
9.98922E-05 9.98922E-05 9.98922E-05 9.98922E-05 9.98922E-05 9.98922E-05 9.98922E-05 9.98922E-05 0.998801 9.98922E-05 9.98922E-05 9.98922E-05 9.98922E-05
9.99279E-05 0.0944953 9.99279E-05 9.99279E-05 0.049512 0.786116 9.99279E-05 9.99279E-05 9.99279E-05 9.99279E-05 0.046237 0.0228405 9.99279E-05
9.99369E-05 0.116892 9.99369E-05 9.99369E-05 0.0161353 0.763312 9.99369E-05 0.00471355 9.99369E-05 9.99369E-05 0.0416985 0.0565494 9.99369E-05
9.99371E-05 0.00444636 9.99371E-05 9.99371E-05 0.00577857 0.0052439 0.0279852 9.99371E-05 0.943477 0.0123697 9.99371E-05 9.99371E-05 9.99371E-05
9.98922E-05 9.98922E-05 9.98922E-05 9.98922E-05 9.98922E-05 9.98922E-05 9.98922E-05 9.98922E-05 0.998801 9.98922E-05 9.98922E-05 9.98922E-05 9.98922E-05
9.99099E-05 9.99099E-05 9.99099E-05 9.99099E-05 9.99099E-05 9.99099E-05 9.99099E-05 9.99099E-05 9.99099E-05 0.00870277 0.940833 0.0494656 9.99099E-05
9.9946E-05 0.608311 0.0476805 9.9946E-05 0.0444885 0.133217 0.0140184 9.9946E-05 9.9946E-05 9.9946E-05 0.00041423 0.15127 9.9946E-05
9.9901E-05 9.9901E-05 9.9901E-05 9.9901E-05 0.936707 9.9901E-05 9.9901E-05 9.9901E-05 9.9901E-05 0.0621941 9.9901E-05 9.9901E-05 9.9901E-05
0.156085 9.9937E-05 9.9937E-05 9.9937E-05 9.9937E-05 0.0237056 0.523907 0.0225321 0.032563 9.9937E-05 9.9937E-05 0.240509 9.9937E-05
0.539944 9.99282E-05 0.0398356 9.99282E-05 9.99282E-05 9.99282E-05 9.99282E-05 9.99282E-05 0.0897744 9.99282E-05 0.114767 0.21488 9.99282E-05
9.99281E-05 9.99281E-05 0.0171154 0.57098 9.99281E-05 9.99281E-05 9.99281E-05 0.327362 0.0373286 0.0464144 9.99281E-05 9.99281E-05 9.99281E-05
