9.99099E-05 9.99099E-05 9.99099E-05 9.99099E-05 9.99099E-05 9.99099E-05 9.99099E-05 0.0178528 9.99099E-05 0.970431 9.99099E-05 9.99099E-05 0.0107174
0.151207 9.99369E-05 9.99369E-05 0.709154 9.99369E-05 9.99369E-05 0.00638833 0.00332368 9.99369E-05 0.0653176 9.99369E-05 9.99369E-05 0.0639098
0.67794 0.0095189 9.99465E-05 0.100808 9.99465E-05 0.0499257 9.99465E-05 9.99465E-05 0.00338394 9.99465E-05 0.157065 0.000758684 9.99465E-05
0.925703 9.991E-05 0.0241715 9.991E-05 9.991E-05 0.0491269 9.991E-05 9.991E-05 9.991E-05 9.991E-05 9.991E-05 9.991E-05 9.991E-05
0.392802 0.0848537 9.99461E-05 0.124117 0.0533053 9.99461E-05 9.99461E-05 0.0780804 0.246565 0.0196773 9.99461E-05 9.99461E-05 9.99461E-05
0.984939 9.99009E-05 9.99009E-05 9.99009E-05 0.0139626 9.99009E-05 9.99009E-05 9.99009E-05 9.99009E-05 9.99009E-05 9.99009E-05 9.99009E-05 9.99009E-05
9.99008E-05 9.99008E-05 9.99008E-05 9.99008E-05 9.99008E-05 9.99008E-05 9.99008E-05 9.99008E-05 0.967028 9.99008E-05 0.0318734 9.99008E-05 9.99008E-05
0.207888 0.226455 0.0140209 0.134452 9.9946E-05 0.168493 9.9946E-05 0.0249386 0.223154 9.9946E-05 9.9946E-05 9.9946E-05 9.9946E-05
9.99188E-05 9.99188E-05 9.99188E-05 0.00290419 9.99188E-05 9.99188E-05 0.109899 0.00988403 0.876413 9.99188E-05 9.99188E-05 9.99188E-05 9.99188E-05
9.99011E-05 9.99011E-05 9.99011E-05 9.99011E-05 9.99011E-05 9.99011E-05 9.99011E-05 0.908401 0.0905 9.99011E-05 9.99011E-05 9.99011E-05 9.99011E-05
9.99011E-05 9.99011E-05 9.99011E-05 9.99011E-05 9.99011E-05 9.99011E-05 9.99011E-05 0.870898 0.128004 9.99011E-05 9.99011E-05 9.99011E-05 9.99011E-05
0.023717 9.9919E-05 0.113867 9.9919E-05 9.9919E-05 9.9919E-05 9.9919E-05 9.9919E-05 9.9919E-05 0.707972 0.153546 9.9919E-05 9.9919E-05
9.99013E-05 9.99013E-05 9.99013E-05 9.99013E-05 9.99013E-05 9.99013E-05 9.99013E-05 9.99013E-05 0.0239706 9.99013E-05 0.97493 9.99013E-05 9.99013E-05
0.95626 9.9928E-05 9.9928E-05 0.0055296 0.0156064 9.9928E-05 9.9928E-05 9.9928E-05 9.9928E-05 9.9928E-05 0.000565352 0.021239 9.9928E-05
0.975786 9.991E-05 9.991E-05 9.991E-05 9.991E-05 9.991E-05 9.991E-05 9.991E-05 9.991E-05 0.00872788 9.991E-05 0.0144875 9.991E-05
9.991E-05 9.991E-05 9.991E-05 9.991E-05 0.0977887 9.991E-05 0.788405 9.991E-05 9.991E-05 9.991E-05 0.112808 9.991E-05 9.991E-05
9.99009E-05 9.99009E-05 9.99009E-05 9.99009E-05 9.99009E-05 9.99009E-05 9.99009E-05 0.0548189 9.99009E-05 9.99009E-05 9.99009E-05 9.99009E-05 0.944082
9.99369E-05 0.0239539 9.99369E-05 0.0450138 9.99369E-05 9.99369E-05 0.0712756 0.110874 9.99369E-05 9.99369E-05 9.99369E-05 0.688786 0.0593963
9.991E-05 9.991E-05 0.0767005 9.991E-05 9.991E-05 9.991E-05 9.991E-05 9.991E-05 9.991E-05 9.991E-05 0.00974485 0.912556 9.991E-05
9.99279E-05 9.99279E-05 0.0227471 9.99279E-05 0.142195 9.99279E-05 0.281868 0.474385 9.99279E-05 0.0780045 9.99279E-05 9.99279E-05 9.99279E-05
0.00112432 9.99011E-05 9.99011E-05 9.99011E-05 9.99011E-05 9.99011E-05 9.99011E-05 9.99011E-05 9.99011E-05 9.99011E-05 9.99011E-05 0.997777 9.99011E-05
9.9937E-05 9.9937E-05 0.0187663 9.9937E-05 9.9937E-05 9.9937E-05 0.323304 0.106346 9.9937E-05 0.459362 0.0277407 9.9937E-05 0.0637819
9.99281E-05 9.99281E-05 0.194008 9.99281E-05 0.0318907 9.99281E-05 9.99281E-05 0.130579 9.99281E-05 9.99281E-05 9.99281E-05 0.36398 0.278744
9.99009E-05 9.99009E-05 9.99009E-05 9.99009E-05 0.134041 9.99009E-05 9.99009E-05 9.99009E-05 9.99009E-05 9.99009E-05 9.99009E-05 0.864861 9.99009E-05
0.446379 9.99011E-05 9.99011E-05 9.99011E-05 9.99011E-05 0.552522 9.99011E-05 9.99011E-05 9.99011E-05 9.99011E-05 9.99011E-05 9.99011E-05 9.99011E-05
0.792223 9.9901E-05 9.9901E-05 9.9901E-05 9.9901E-05 0.206678 9.9901E-05 9.9901E-05 9.9901E-05 9.9901E-05 9.9901E-05 9.9901E-05 9.9901E-05
9.99278E-05 9.99278E-05 0.0157395 9.99278E-05 9.99278E-05 9.99278E-05 9.99278E-05 0.078419 9.99278E-05 0.0885262 0.776534 9.99278E-05 0.0399814
9.9892E-05 9.9892E-05 9.9892E-05 9.9892E-05 9.9892E-05 0.998801 9.9892E-05 9.9892E-05 9.9892E-05 9.9892E-05 9.9892E-05 9.9892E-05 9.9892E-05
9.9892E-05 9.9892E-05 9.9892E-05 9.9892E-05 9.9892E-05 0.998801 9.9892E-05 9.9892E-05 9.9892E-05 9.9892E-05 9.9892E-05 9.9892E-05 9.9892E-05
0.34718 0.207064 0.00534849 0.0256101 0.017001 0.338848 9.99551E-05 9.99551E-05 9.99551E-05 9.99551E-05 0.0364519 0.0219973 9.99551E-05
0.304179 0.174278 0.0205655 0.00721392 0.0102636 0.367584 9.99551E-05 9.99551E-05 0.0585294 9.99551E-05 9.99551E-05 9.99551E-05 0.0568871
9.98922E-05 9.98922E-05 9.98922E-05 0.998801 9.98922E-05 9.98922E-05 9.98922E-05 9.98922E-05 9.98922E-05 9.98922E-05 9.98922E-05 9.98922E-05 9.98922E-05
0.642009 9.99102E-05 9.99102E-05 9.99102E-05 9.99102E-05 0.346436 0.0105555 9.99102E-05 9.99102E-05 9.99102E-05 9.99102E-05 9.99102E-05 9.99102E-05
0.0132453 0.802983 9.99282E-05 0.031567 9.99282E-05 0.0692884 9.99282E-05 9.99282E-05 0.082117 9.99282E-05 9.99282E-05 9.99282E-05 9.99282E-05
9.99548E-05 0.0233812 0.105715 9.99548E-05 0.0295157 0.0199303 9.99548E-05 0.0617106 9.99548E-05 0.0450485 0.494875 9.99548E-05 0.219323
0.38502 9.99098E-05 9.99098E-05 9.99098E-05 0.0184897 0.595492 9.99098E-05 9.99098E-05 9.99098E-05 9.99098E-05 9.99098E-05 9.99098E-05 9.99098E-05
9.99101E-05 9.99101E-05 0.00183278 9.99101E-05 9.99101E-05 0.00699115 9.99101E-05 9.99101E-05 9.99101E-05 0.990177 9.99101E-05 9.99101E-05 9.99101E-05
0.0148156 9.9937E-05 9.9937E-05 0.207936 9.9937E-05 9.9937E-05 9.9937E-05 0.662183 9.9937E-05 0.0620384 9.9937E-05 0.000540245 0.0517876
0.0277523 9.9901E-05 9.9901E-05 9.9901E-05 9.9901E-05 9.9901E-05 9.9901E-05 9.9901E-05 9.9901E-05 9.9901E-05 9.9901E-05 9.9901E-05 0.971149
0.129839 9.99279E-05 9.99279E-05 9.99279E-05 9.99279E-05 9.99279E-05 0.331119 0.278089 9.99279E-05 0.187723 9.99279E-05 9.99279E-05 0.0724314
0.0874596 9.99459E-05 0.0149228 9.99459E-05 9.99459E-05 9.99459E-05 0.284003 0.348733 9.99459E-05 0.215221 9.99459E-05 0.0164298 0.0326313
9.99201E-05 9.99201E-05 9.99201E-05 9.99201E-05 0.0170641 9.99201E-05 0.0059299 0.925513 9.99201E-05 0.0363951 9.99201E-05 9.99201E-05 0.0142985
9.9928E-05 9.9928E-05 9.9928E-05 9.9928E-05 9.9928E-05 9.9928E-05 0.887871 0.0120111 0.0375017 9.9928E-05 0.0545876 0.00722862 9.9928E-05
9.99189E-05 9.99189E-05 9.99189E-05 9.99189E-05 0.0833902 9.99189E-05 9.99189E-05 0.868206 9.99189E-05 0.0175847 0.0299197 9.99189E-05 9.99189E-05
9.99549E-05 9.99549E-05 0.0404808 0.0576093 0.299353 9.99549E-05 0.0889945 0.34843 9.99549E-05 0.0119269 0.0769373 0.0757682 9.99549E-05
0.0444008 9.9946E-05 9.9946E-05 0.0497967 0.217813 9.9946E-05 0.157515 0.460129 9.9946E-05 0.0677403 9.9946E-05 0.00200577 9.9946E-05
0.0618828 0.0638075 9.9955E-05 9.9955E-05 0.283892 0.024247 9.9955E-05 0.216466 9.9955E-05 0.160657 0.0739273 9.9955E-05 0.11462
9.99106E-05 9.99106E-05 9.99106E-05 0.00681117 9.99106E-05 9.99106E-05 9.99106E-05 9.99106E-05 9.99106E-05 0.979675 9.99106E-05 0.0125149 9.99106E-05
9.98921E-05 0.998801 9.98921E-05 9.98921E-05 9.98921E-05 9.98921E-05 9.98921E-05 9.98921E-05 9.98921E-05 9.98921E-05 9.98921E-05 9.98921E-05 9.98921E-05
9.9892E-05 0.998801 9.9892E-05 9.9892E-05 9.9892E-05 9.9892E-05 9.9892E-05 9.9892E-05 9.9892E-05 9.9892E-05 9.9892E-05 9.9892E-05 9.9892E-05
9.99011E-05 0.981615 9.99011E-05 9.99011E-05 9.99011E-05 9.99011E-05 0.0172865 9.99011E-05 9.99011E-05 9.99011E-05 9.99011E-05 9.99011E-05 9.99011E-05
9.99011E-05 0.981321 9.99011E-05 0.0175798 9.99011E-05 9.99011E-05 9.99011E-05 9.99011E-05 9.99011E-05 9.99011E-05 9.99011E-05 9.99011E-05 9.99011E-05
9.98921E-05 0.998801 9.98921E-05 9.98921E-05 9.98921E-05 9.98921E-05 9.98921E-05 9.98921E-05 9.98921E-05 9.98921E-05 9.98921E-05 9.98921E-05 9.98921E-05
9.99372E-05 0.500637 9.99372E-05 0.0456069 9.99372E-05 0.226934 0.0931759 9.99372E-05 0.0982475 9.99372E-05 9.99372E-05 0.0346998 9.99372E-05
9.99101E-05 0.951967 9.99101E-05 0.0409455 9.99101E-05 9.99101E-05 0.0060882 9.99101E-05 9.99101E-05 9.99101E-05 9.99101E-05 9.99101E-05 9.99101E-05
9.99098E-05 9.99098E-05 9.99098E-05 9.99098E-05 0.0279787 9.99098E-05 0.208197 9.99098E-05 9.99098E-05 0.762825 9.99098E-05 9.99098E-05 9.99098E-05
9.99279E-05 0.0371666 0.004799 0.916779 9.99279E-05 9.99279E-05 0.020816 9.99279E-05 0.0196398 9.99279E-05 9.99279E-05 9.99279E-05 9.99279E-05
0.621802 9.99008E-05 9.99008E-05 9.99008E-05 9.99008E-05 0.377099 9.99008E-05 9.99008E-05 9.99008E-05 9.99008E-05 9.99008E-05 9.99008E-05 9.99008E-05
9.9919E-05 9.9919E-05 0.0295209 9.9919E-05 9.9919E-05 9.9919E-05 0.105069 9.9919E-05 9.9919E-05 0.049729 0.814781 9.9919E-05 9.9919E-05
9.99101E-05 9.99101E-05 9.99101E-05 9.99101E-05 0.10633 9.99101E-05 0.846931 9.99101E-05 9.99101E-05 9.99101E-05 0.0457393 9.99101E-05 9.99101E-05
9.99013E-05 9.99013E-05 9.99013E-05 9.99013E-05 9.99013E-05 9.99013E-05 9.99013E-05 9.99013E-05 0.0390864 9.99013E-05 0.959815 9.99013E-05 9.99013E-05
9.99009E-05 9.99009E-05 9.99009E-05 9.99009E-05 9.99009E-05 9.99009E-05 9.99009E-05 0.126073 9.99009E-05 9.99009E-05 0.872828 9.99009E-05 9.99009E-05
9.99188E-05 9.99188E-05 0.0719017 9.99188E-05 0.0551712 9.99188E-05 9.99188E-05 0.054681 9.99188E-05 9.99188E-05 0.817347 9.99188E-05 9.99188E-05
9.99282E-05 0.000961777 9.99282E-05 9.99282E-05 9.99282E-05 9.99282E-05 0.0288248 0.0165843 9.99282E-05 0.059676 9.99282E-05 0.893154 9.99282E-05
0.313172 9.99013E-05 9.99013E-05 9.99013E-05 9.99013E-05 0.685729 9.99013E-05 9.99013E-05 9.99013E-05 9.99013E-05 9.99013E-05 9.99013E-05 9.99013E-05
0.125881 0.0383937 0.0560878 0.111707 0.201431 0.212961 9.99731E-05 0.164936 0.0713387 9.99731E-05 9.99731E-05 0.00689856 0.0100657
0.963196 9.99103E-05 9.99103E-05 0.0104033 9.99103E-05 9.99103E-05 9.99103E-05 9.99103E-05 9.99103E-05 9.99103E-05 0.0254013 9.99103E-05 9.99103E-05
0.701443 0.00126544 9.99369E-05 9.99369E-05 9.99369E-05 0.236226 9.99369E-05 9.99369E-05 0.0360771 0.00697754 9.99369E-05 9.99369E-05 0.0173112
9.9892E-05 9.9892E-05 9.9892E-05 9.9892E-05 9.9892E-05 0.998801 9.9892E-05 9.9892E-05 9.9892E-05 9.9892E-05 9.9892E-05 9.9892E-05 9.9892E-05
9.98921E-05 9.98921E-05 9.98921E-05 9.98921E-05 9.98921E-05 0.998801 9.98921E-05 9.98921E-05 9.98921E-05 9.98921E-05 9.98921E-05 9.98921E-05 9.98921E-05
0.656808 9.99371E-05 9.99371E-05 0.0144272 0.0111963 0.237091 9.99371E-05 0.0572336 0.0225442 9.99371E-05 9.99371E-05 9.99371E-05 9.99371E-05
0.496558 9.99099E-05 9.99099E-05 9.99099E-05 0.0162992 0.486144 9.99099E-05 9.99099E-05 9.99099E-05 9.99099E-05 9.99099E-05 9.99099E-05 9.99099E-05
0.368596 0.232963 9.99282E-05 9.99282E-05 9.99282E-05 0.0639798 9.99282E-05 9.99282E-05 0.317308 9.99282E-05 9.99282E-05 9.99282E-05 0.0163536
0.179001 0.0706459 9.99192E-05 9.99192E-05 9.99192E-05 0.24669 9.99192E-05 9.99192E-05 0.502764 9.99192E-05 9.99192E-05 9.99192E-05 9.99192E-05
0.802842 0.00976668 0.0106329 9.9928E-05 9.9928E-05 0.157323 9.9928E-05 9.9928E-05 9.9928E-05 9.9928E-05 0.0186365 9.9928E-05 9.9928E-05
0.00187535 0.0146091 9.991E-05 9.991E-05 9.991E-05 9.991E-05 0.982516 9.991E-05 9.991E-05 9.991E-05 9.991E-05 9.991E-05 9.991E-05
9.9892E-05 9.9892E-05 9.9892E-05 9.9892E-05 9.9892E-05 9.9892E-05 0.998801 9.9892E-05 9.9892E-05 9.9892E-05 9.9892E-05 9.9892E-05 9.9892E-05
9.99012E-05 9.99012E-05 0.994344 9.99012E-05 9.99012E-05 9.99012E-05 9.99012E-05 9.99012E-05 9.99012E-05 0.00455759 9.99012E-05 9.99012E-05 9.99012E-05
9.98922E-05 9.98922E-05 0.998801 9.98922E-05 9.98922E-05 9.98922E-05 9.98922E-05 9.98922E-05 9.98922E-05 9.98922E-05 9.98922E-05 9.98922E-05 9.98922E-05
9.9919E-05 9.9919E-05 9.9919E-05 0.0103319 9.9919E-05 0.0826572 9.9919E-05 0.877302 9.9919E-05 9.9919E-05 0.0288099 9.9919E-05 9.9919E-05
9.9919E-05 9.9919E-05 9.9919E-05 9.9919E-05 9.9919E-05 0.0134578 0.07564 0.819906 9.9919E-05 9.9919E-05 0.0900967 9.9919E-05 9.9919E-05
9.99012E-05 9.99012E-05 0.995391 9.99012E-05 9.99012E-05 9.99012E-05 9.99012E-05 9.99012E-05 0.00351057 9.99012E-05 9.99012E-05 9.99012E-05 9.99012E-05
9.98921E-05 9.98921E-05 0.998801 9.98921E-05 9.98921E-05 9.98921E-05 9.98921E-05 9.98921E-05 9.98921E-05 9.98921E-05 9.98921E-05 9.98921E-05 9.98921E-05
9.9901E-05 9.9901E-05 9.9901E-05 9.9901E-05 9.9901E-05 9.9901E-05 9.9901E-05 9.9901E-05 9.9901E-05 0.952927 0.0459738 9.9901E-05 9.9901E-05
9.99459E-05 9.99459E-05 9.99459E-05 0.034635 9.99459E-05 9.99459E-05 0.50514 0.168349 0.0738432 0.00663858 0.140837 0.0699575 9.99459E-05
9.99099E-05 0.0802853 9.99099E-05 0.848967 9.99099E-05 9.99099E-05 9.99099E-05 9.99099E-05 0.0697486 9.99099E-05 9.99099E-05 9.99099E-05 9.99099E-05
9.98919E-05 9.98919E-05 9.98919E-05 9.98919E-05 0.998801 9.98919E-05 9.98919E-05 9.98919E-05 9.98919E-05 9.98919E-05 9.98919E-05 9.98919E-05 9.98919E-05
9.9937E-05 9.9937E-05 0.0432586 9.9937E-05 0.720192 9.9937E-05 0.0228466 9.9937E-05 9.9937E-05 0.0606243 0.0515555 9.9937E-05 0.100823
9.99373E-05 0.106072 0.0355419 0.00588022 9.99373E-05 0.724941 9.99373E-05 9.99373E-05 0.0937184 9.99373E-05 9.99373E-05 0.0331468 9.99373E-05
