9.98381E-05 9.98381E-05 9.98381E-05 9.98381E-05 0.05168 9.98381E-05 9.98381E-05 9.98381E-05 9.98381E-05 9.98381E-05 9.98381E-05 0.946523 9.98381E-05 9.98381E-05 9.98381E-05 9.98381E-05 9.98381E-05 9.98381E-05 9.98381E-05 9.98381E-05
9.98559E-05 9.98559E-05 0.113613 9.98559E-05 9.98559E-05 9.98559E-05 9.98559E-05 9.98559E-05 9.98559E-05 9.98559E-05 9.98559E-05 9.98559E-05 0.13157 9.98559E-05 9.98559E-05 9.98559E-05 9.98559E-05 0.0464285 0.706791 9.98559E-05
9.98293E-05 9.98293E-05 9.98293E-05 9.98293E-05 9.98293E-05 9.98293E-05 9.98293E-05 9.98293E-05 9.98293E-05 9.98293E-05 9.98293E-05 9.98293E-05 9.98293E-05 9.98293E-05 0.998103 9.98293E-05 9.98293E-05 9.98293E-05 9.98293E-05 9.98293E-05
9.98562E-05 0.024648 0.906681 9.98562E-05 9.98562E-05 0.00561463 9.98562E-05 0.0614587 9.98562E-05 9.98562E-05 9.98562E-05 9.98562E-05 9.98562E-05 9.98562E-05 9.98562E-05 9.98562E-05 9.98562E-05 9.98562E-05 9.98562E-05 9.98562E-05
9.98292E-05 9.98292E-05 9.98292E-05 9.98292E-05 9.98292E-05 9.98292E-05 9.98292E-05 9.98292E-05 9.98292E-05 9.98292E-05 9.98292E-05 9.98292E-05 9.98292E-05 0.998103 9.98292E-05 9.98292E-05 9.98292E-05 9.98292E-05 9.98292E-05 9.98292E-05
9.98651E-05 9.98651E-05 0.906849 0.0188466 9.98651E-05 0.043496 9.98651E-05 9.98651E-05 0.000168493 9.98651E-05 9.98651E-05 9.98651E-05 0.0291416 9.98651E-05 9.98651E-05 9.98651E-05 9.98651E-05 9.98651E-05 9.98651E-05 9.98651E-05
9.98294E-05 9.98294E-05 9.98294E-05 9.98294E-05 9.98294E-05 9.98294E-05 0.998103 9.98294E-05 9.98294E-05 9.98294E-05 9.98294E-05 9.98294E-05 9.98294E-05 9.98294E-05 9.98294E-05 9.98294E-05 9.98294E-05 9.98294E-05 9.98294E-05 9.98294E-05
9.99189E-05 0.00986504 0.0283708 0.450612 0.0515844 0.116988 0.00673204 0.0689315 0.0458462 9.99189E-05 9.99189E-05 9.99189E-05 9.99189E-05 0.108844 0.00459414 9.99189E-05 9.99189E-05 9.99189E-05 0.106733 9.99189E-05
9.98651E-05 9.98651E-05 9.98651E-05 9.98651E-05 9.98651E-05 9.98651E-05 0.940835 9.98651E-05 0.011679 9.98651E-05 9.98651E-05 9.98651E-05 9.98651E-05 9.98651E-05 9.98651E-05 9.98651E-05 0.0125884 0.00150013 0.0318996 9.98651E-05
9.9847E-05 9.9847E-05 9.9847E-05 9.9847E-05 0.819225 9.9847E-05 0.112999 9.9847E-05 9.9847E-05 9.9847E-05 9.9847E-05 9.9847E-05 9.9847E-05 0.0660791 9.9847E-05 9.9847E-05 9.9847E-05 9.9847E-05 9.9847E-05 9.9847E-05
9.98471E-05 9.98471E-05 9.98471E-05 9.98471E-05 0.871884 9.98471E-05 0.11149 9.98471E-05 9.98471E-05 9.98471E-05 9.98471E-05 9.98471E-05 9.98471E-05 0.0149279 9.98471E-05 9.98471E-05 9.98471E-05 9.98471E-05 9.98471E-05 9.98471E-05
9.98652E-05 0.122153 9.98652E-05 9.98652E-05 9.98652E-05 9.98652E-05 9.98652E-05 0.025826 9.98652E-05 9.98652E-05 9.98652E-05 0.747969 0.00505574 9.98652E-05 9.98652E-05 9.98652E-05 9.98652E-05 9.98652E-05 9.98652E-05 0.0974988
9.98385E-05 9.98385E-05 9.98385E-05 0.0135799 9.98385E-05 9.98385E-05 9.98385E-05 9.98385E-05 9.98385E-05 9.98385E-05 9.98385E-05 9.98385E-05 9.98385E-05 9.98385E-05 9.98385E-05 9.98385E-05 9.98385E-05 9.98385E-05 9.98385E-05 0.984623
9.98473E-05 9.98473E-05 0.944874 9.98473E-05 9.98473E-05 9.98473E-05 9.98473E-05 9.98473E-05 9.98473E-05 9.98473E-05 0.0475333 9.98473E-05 9.98473E-05 9.98473E-05 9.98473E-05 9.98473E-05 9.98473E-05 9.98473E-05 9.98473E-05 0.0058949
9.98562E-05 9.98562E-05 0.939186 9.98562E-05 9.98562E-05 9.98562E-05 9.98562E-05 9.98562E-05 9.98562E-05 0.000802994 9.98562E-05 9.98562E-05 9.98562E-05 0.0456294 9.98562E-05 9.98562E-05 0.0127836 9.98562E-05 9.98562E-05 9.98562E-05
0.683603 9.98559E-05 9.98559E-05 9.98559E-05 0.0647295 9.98559E-05 9.98559E-05 9.98559E-05 9.98559E-05 9.98559E-05 0.0940408 9.98559E-05 9.98559E-05 9.98559E-05 9.98559E-05 9.98559E-05 9.98559E-05 9.98559E-05 9.98559E-05 0.156029
9.9838E-05 9.9838E-05 9.9838E-05 9.9838E-05 0.0621508 9.9838E-05 9.9838E-05 9.9838E-05 9.9838E-05 9.9838E-05 9.9838E-05 9.9838E-05 9.9838E-05 9.9838E-05 9.9838E-05 9.9838E-05 9.9838E-05 0.936052 9.9838E-05 9.9838E-05
0.0144868 9.98738E-05 9.98738E-05 9.98738E-05 0.0229259 9.98738E-05 9.98738E-05 9.98738E-05 0.0670409 0.726716 9.98738E-05 9.98738E-05 0.13146 9.98738E-05 9.98738E-05 9.98738E-05 0.035972 9.98738E-05 9.98738E-05 9.98738E-05
9.98381E-05 0.112286 9.98381E-05 9.98381E-05 9.98381E-05 9.98381E-05 9.98381E-05 9.98381E-05 9.98381E-05 0.885917 9.98381E-05 9.98381E-05 9.98381E-05 9.98381E-05 9.98381E-05 9.98381E-05 9.98381E-05 9.98381E-05 9.98381E-05 9.98381E-05
0.274563 0.0139342 9.98739E-05 9.98739E-05 0.472722 9.98739E-05 9.98739E-05 9.98739E-05 9.98739E-05 9.98739E-05 0.0971892 0.0904168 9.98739E-05 9.98739E-05 9.98739E-05 9.98739E-05 9.98739E-05 0.0497762 9.98739E-05 9.98739E-05
9.98294E-05 9.98294E-05 9.98294E-05 9.98294E-05 9.98294E-05 9.98294E-05 9.98294E-05 9.98294E-05 9.98294E-05 0.998103 9.98294E-05 9.98294E-05 9.98294E-05 9.98294E-05 9.98294E-05 9.98294E-05 9.98294E-05 9.98294E-05 9.98294E-05 9.98294E-05
0.154331 0.00697898 9.9901E-05 9.9901E-05 0.0725145 9.9901E-05 9.9901E-05 9.9901E-05 9.9901E-05 0.000269049 9.9901E-05 0.407889 0.257592 9.9901E-05 9.9901E-05 9.9901E-05 0.0283425 0.000833958 9.9901E-05 0.070151
9.98742E-05 0.173475 9.98742E-05 9.98742E-05 0.195924 9.98742E-05 9.98742E-05 9.98742E-05 9.98742E-05 0.333449 0.0477098 9.98742E-05 9.98742E-05 0.00479875 9.98742E-05 9.98742E-05 9.98742E-05 0.243245 9.98742E-05 9.98742E-05
9.98469E-05 0.0146984 9.98469E-05 9.98469E-05 9.98469E-05 9.98469E-05 9.98469E-05 9.98469E-05 9.98469E-05 0.852628 0.130977 9.98469E-05 9.98469E-05 9.98469E-05 9.98469E-05 9.98469E-05 9.98469E-05 9.98469E-05 9.98469E-05 9.98469E-05
9.98563E-05 9.98563E-05 0.316467 0.00173891 9.98563E-05 9.98563E-05 9.98563E-05 0.628984 9.98563E-05 9.98563E-05 9.98563E-05 9.98563E-05 9.98563E-05 9.98563E-05 0.0512122 9.98563E-05 9.98563E-05 9.98563E-05 9.98563E-05 9.98563E-05
9.98383E-05 9.98383E-05 0.804469 9.98383E-05 9.98383E-05 9.98383E-05 9.98383E-05 0.193734 9.98383E-05 9.98383E-05 9.98383E-05 9.98383E-05 9.98383E-05 9.98383E-05 9.98383E-05 9.98383E-05 9.98383E-05 9.98383E-05 9.98383E-05 9.98383E-05
9.98829E-05 0.0222694 9.98829E-05 9.98829E-05 0.0745057 0.00574164 9.98829E-05 9.98829E-05 9.98829E-05 9.98829E-05 9.98829E-05 0.00483773 9.98829E-05 9.98829E-05 9.98829E-05 9.98829E-05 0.0468718 0.0504399 9.98829E-05 0.794035
9.98383E-05 9.98383E-05 9.98383E-05 9.98383E-05 9.98383E-05 9.98383E-05 9.98383E-05 0.997274 0.000928743 9.98383E-05 9.98383E-05 9.98383E-05 9.98383E-05 9.98383E-05 9.98383E-05 9.98383E-05 9.98383E-05 9.98383E-05 9.98383E-05 9.98383E-05
9.98292E-05 9.98292E-05 9.98292E-05 9.98292E-05 9.98292E-05 9.98292E-05 9.98292E-05 0.998103 9.98292E-05 9.98292E-05 9.98292E-05 9.98292E-05 9.98292E-05 9.98292E-05 9.98292E-05 9.98292E-05 9.98292E-05 9.98292E-05 9.98292E-05 9.98292E-05
9.99012E-05 9.99012E-05 0.187754 0.0362528 9.99012E-05 0.41971 9.99012E-05 0.208788 0.0783108 0.00732728 9.99012E-05 0.0242821 9.99012E-05 0.0096471 0.026829 9.99012E-05 9.99012E-05 9.99012E-05 9.99012E-05 9.99012E-05
9.98467E-05 9.98467E-05 0.106184 9.98467E-05 9.98467E-05 0.868723 9.98467E-05 9.98467E-05 9.98467E-05 9.98467E-05 0.0233951 9.98467E-05 9.98467E-05 9.98467E-05 9.98467E-05 9.98467E-05 9.98467E-05 9.98467E-05 9.98467E-05 9.98467E-05
9.98296E-05 9.98296E-05 9.98296E-05 9.98296E-05 9.98296E-05 9.98296E-05 9.98296E-05 9.98296E-05 9.98296E-05 9.98296E-05 9.98296E-05 9.98296E-05 9.98296E-05 9.98296E-05 9.98296E-05 9.98296E-05 9.98296E-05 9.98296E-05 0.998103 9.98296E-05
9.98654E-05 9.98654E-05 0.455981 0.151429 9.98654E-05 9.98654E-05 9.98654E-05 0.359009 9.98654E-05 9.98654E-05 9.98654E-05 9.98654E-05 9.98654E-05 0.016194 0.0158885 9.98654E-05 9.98654E-05 9.98654E-05 9.98654E-05 9.98654E-05
9.98744E-05 9.98744E-05 9.98744E-05 0.213527 9.98744E-05 9.98744E-05 9.98744E-05 0.0160617 0.738377 9.98744E-05 9.98744E-05 9.98744E-05 9.98744E-05 9.98744E-05 9.98744E-05 0.0141019 9.98744E-05 0.00260629 0.0139273 9.98744E-05
9.99007E-05 0.0821508 9.99007E-05 9.99007E-05 0.0160765 0.0366224 9.99007E-05 9.99007E-05 9.99007E-05 9.99007E-05 0.0340755 0.0213687 0.0358746 0.00441765 9.99007E-05 9.99007E-05 9.99007E-05 0.246885 9.99007E-05 0.52143
9.98648E-05 9.98648E-05 0.276922 0.0733628 9.98648E-05 9.98648E-05 9.98648E-05 0.615451 9.98648E-05 9.98648E-05 0.0289903 9.98648E-05 9.98648E-05 9.98648E-05 9.98648E-05 9.98648E-05 9.98648E-05 0.00377634 9.98648E-05 9.98648E-05
9.98563E-05 9.98563E-05 9.98563E-05 0.0114136 9.98563E-05 9.98563E-05 9.98563E-05 9.98563E-05 9.98563E-05 9.98563E-05 9.98563E-05 0.945283 9.98563E-05 9.98563E-05 0.0273995 9.98563E-05 0.0143064 9.98563E-05 9.98563E-05 9.98563E-05
9.9874E-05 9.9874E-05 9.9874E-05 0.0798071 0.624254 9.9874E-05 9.9874E-05 9.9874E-05 9.9874E-05 9.9874E-05 9.9874E-05 0.0420335 0.0877027 9.9874E-05 9.9874E-05 9.9874E-05 9.9874E-05 0.0226837 0.142121 9.9874E-05
9.9847E-05 9.9847E-05 0.0098707 0.0214841 9.9847E-05 9.9847E-05 9.9847E-05 9.9847E-05 9.9847E-05 9.9847E-05 9.9847E-05 9.9847E-05 9.9847E-05 9.9847E-05 9.9847E-05 9.9847E-05 9.9847E-05 0.966948 9.9847E-05 9.9847E-05
9.98381E-05 9.98381E-05 0.0291648 9.98381E-05 9.98381E-05 9.98381E-05 9.98381E-05 9.98381E-05 9.98381E-05 9.98381E-05 9.98381E-05 9.98381E-05 0.969038 9.98381E-05 9.98381E-05 9.98381E-05 9.98381E-05 9.98381E-05 9.98381E-05 9.98381E-05
9.9847E-05 9.9847E-05 9.9847E-05 9.9847E-05 9.9847E-05 9.9847E-05 9.9847E-05 9.9847E-05 9.9847E-05 9.9847E-05 9.9847E-05 9.9847E-05 0.984639 0.00296446 9.9847E-05 9.9847E-05 0.0106989 9.9847E-05 9.9847E-05 9.9847E-05
0.0209236 9.9892E-05 9.9892E-05 9.9892E-05 0.892112 9.9892E-05 9.9892E-05 9.9892E-05 9.9892E-05 9.9892E-05 0.0208787 0.00405018 0.0273656 9.9892E-05 9.9892E-05 9.9892E-05 0.0256372 0.00230987 9.9892E-05 0.00552395
0.791755 9.9883E-05 9.9883E-05 9.9883E-05 0.0178021 9.9883E-05 0.0464653 9.9883E-05 9.9883E-05 0.0214398 9.9883E-05 0.0208002 0.0463226 9.9883E-05 9.9883E-05 9.9883E-05 9.9883E-05 9.9883E-05 9.9883E-05 0.0541166
9.9856E-05 9.9856E-05 9.9856E-05 9.9856E-05 0.896423 9.9856E-05 9.9856E-05 9.9856E-05 9.9856E-05 9.9856E-05 0.0734881 0.00624261 9.9856E-05 9.9856E-05 9.9856E-05 9.9856E-05 9.9856E-05 0.0222489 9.9856E-05 9.9856E-05
0.0491549 0.068763 9.99009E-05 9.99009E-05 0.24556 9.99009E-05 9.99009E-05 9.99009E-05 9.99009E-05 0.0602871 0.254549 9.99009E-05 0.121023 9.99009E-05 9.99009E-05 9.99009E-05 0.0165054 9.99009E-05 0.0570881 0.125971
0.144917 9.9892E-05 0.0262999 9.9892E-05 0.353836 9.9892E-05 9.9892E-05 9.9892E-05 9.9892E-05 9.9892E-05 0.216848 9.9892E-05 0.116204 9.9892E-05 0.00316126 0.0560093 0.0815261 9.9892E-05 9.9892E-05 9.9892E-05
9.99189E-05 9.99189E-05 0.00577697 9.99189E-05 0.181633 0.140006 0.0387466 9.99189E-05 9.99189E-05 9.99189E-05 0.237232 0.200846 9.99189E-05 0.00813342 0.022114 9.99189E-05 0.0157258 0.131586 9.99189E-05 0.0172995
9.98293E-05 9.98293E-05 9.98293E-05 9.98293E-05 9.98293E-05 9.98293E-05 9.98293E-05 9.98293E-05 9.98293E-05 9.98293E-05 9.98293E-05 9.98293E-05 9.98293E-05 9.98293E-05 9.98293E-05 9.98293E-05 0.998103 9.98293E-05 9.98293E-05 9.98293E-05
9.98383E-05 9.98383E-05 9.98383E-05 9.98383E-05 9.98383E-05 9.98383E-05 9.98383E-05 0.00648289 0.99172 9.98383E-05 9.98383E-05 9.98383E-05 9.98383E-05 9.98383E-05 9.98383E-05 9.98383E-05 9.98383E-05 9.98383E-05 9.98383E-05 9.98383E-05
9.98383E-05 9.98383E-05 9.98383E-05 9.98383E-05 9.98383E-05 9.98383E-05 0.0105835 9.98383E-05 0.987619 9.98383E-05 9.98383E-05 9.98383E-05 9.98383E-05 9.98383E-05 9.98383E-05 9.98383E-05 9.98383E-05 9.98383E-05 9.98383E-05 9.98383E-05
9.98562E-05 9.98562E-05 9.98562E-05 9.98562E-05 9.98562E-05 9.98562E-05 9.98562E-05 0.020178 0.963033 9.98562E-05 0.0129932 9.98562E-05 9.98562E-05 0.00219834 9.98562E-05 9.98562E-05 9.98562E-05 9.98562E-05 9.98562E-05 9.98562E-05
9.98294E-05 9.98294E-05 9.98294E-05 9.98294E-05 9.98294E-05 9.98294E-05 9.98294E-05 9.98294E-05 0.998103 9.98294E-05 9.98294E-05 9.98294E-05 9.98294E-05 9.98294E-05 9.98294E-05 9.98294E-05 9.98294E-05 9.98294E-05 9.98294E-05 9.98294E-05
9.98293E-05 9.98293E-05 9.98293E-05 9.98293E-05 9.98293E-05 9.98293E-05 9.98293E-05 9.98293E-05 0.998103 9.98293E-05 9.98293E-05 9.98293E-05 9.98293E-05 9.98293E-05 9.98293E-05 9.98293E-05 9.98293E-05 9.98293E-05 9.98293E-05 9.98293E-05
0.0800476 9.99013E-05 9.99013E-05 0.0451334 9.99013E-05 0.28743 0.0291615 9.99013E-05 0.33604 9.99013E-05 9.99013E-05 9.99013E-05 9.99013E-05 0.0940853 0.00655368 0.0481422 9.99013E-05 9.99013E-05 0.0723076 9.99013E-05
9.98383E-05 9.98383E-05 9.98383E-05 9.98383E-05 9.98383E-05 9.98383E-05 9.98383E-05 9.98383E-05 0.937608 9.98383E-05 9.98383E-05 9.98383E-05 9.98383E-05 9.98383E-05 9.98383E-05 9.98383E-05 9.98383E-05 9.98383E-05 0.0605947 9.98383E-05
0.107045 9.98381E-05 9.98381E-05 9.98381E-05 9.98381E-05 9.98381E-05 9.98381E-05 9.98381E-05 9.98381E-05 9.98381E-05 9.98381E-05 0.891158 9.98381E-05 9.98381E-05 9.98381E-05 9.98381E-05 9.98381E-05 9.98381E-05 9.98381E-05 9.98381E-05
0.00817642 9.98739E-05 9.98739E-05 9.98739E-05 9.98739E-05 9.98739E-05 0.0251484 9.98739E-05 0.013434 9.98739E-05 9.98739E-05 9.98739E-05 9.98739E-05 9.98739E-05 0.0232941 0.000506847 9.98739E-05 9.98739E-05 0.928042 9.98739E-05
9.98739E-05 9.98739E-05 0.49016 0.00111763 9.98739E-05 9.98739E-05 9.98739E-05 0.485779 9.98739E-05 9.98739E-05 0.00180729 9.98739E-05 0.0110029 0.00873433 9.98739E-05 9.98739E-05 9.98739E-05 9.98739E-05 9.98739E-05 9.98739E-05
0.00987098 0.00766577 9.98831E-05 9.98831E-05 9.98831E-05 9.98831E-05 0.0130833 9.98831E-05 0.00745345 9.98831E-05 9.98831E-05 0.00372727 0.115927 9.98831E-05 9.98831E-05 9.98831E-05 9.98831E-05 9.98831E-05 9.98831E-05 0.840974
0.866517 9.98473E-05 9.98473E-05 9.98473E-05 9.98473E-05 9.98473E-05 9.98473E-05 9.98473E-05 9.98473E-05 9.98473E-05 0.103105 0.0286807 9.98473E-05 9.98473E-05 9.98473E-05 9.98473E-05 9.98473E-05 9.98473E-05 9.98473E-05 9.98473E-05
9.98565E-05 9.98565E-05 9.98565E-05 0.0123957 9.98565E-05 9.98565E-05 0.0150715 9.98565E-05 9.98565E-05 9.98565E-05 9.98565E-05 9.98565E-05 9.98565E-05 9.98565E-05 0.0207148 9.98565E-05 9.98565E-05 9.98565E-05 9.98565E-05 0.95022
9.9874E-05 9.9874E-05 9.9874E-05 9.9874E-05 0.102314 9.9874E-05 9.9874E-05 9.9874E-05 9.9874E-05 9.9874E-05 9.9874E-05 0.00566181 0.00091123 9.9874E-05 0.00171147 9.9874E-05 0.00284003 9.9874E-05 9.9874E-05 0.885163
9.98649E-05 0.045023 9.98649E-05 9.98649E-05 0.0918503 9.98649E-05 9.98649E-05 9.98649E-05 9.98649E-05 9.98649E-05 0.021942 9.98649E-05 0.0125547 9.98649E-05 9.98649E-05 9.98649E-05 9.98649E-05 9.98649E-05 9.98649E-05 0.827132
9.98473E-05 9.98473E-05 9.98473E-05 0.0468964 9.98473E-05 9.98473E-05 9.98473E-05 9.98473E-05 9.98473E-05 0.894502 9.98473E-05 9.98473E-05 9.98473E-05 9.98473E-05 9.98473E-05 9.98473E-05 0.0569042 9.98473E-05 9.98473E-05 9.98473E-05
9.98566E-05 9.98566E-05 0.282143 9.98566E-05 9.98566E-05 9.98566E-05 9.98566E-05 0.67729 9.98566E-05 9.98566E-05 9.98566E-05 9.98566E-05 9.98566E-05 0.000786414 0.0381825 9.98566E-05 9.98566E-05 9.98566E-05 9.98566E-05 9.98566E-05
9.98293E-05 9.98293E-05 9.98293E-05 9.98293E-05 9.98293E-05 9.98293E-05 9.98293E-05 9.98293E-05 9.98293E-05 9.98293E-05 9.98293E-05 9.98293E-05 9.98293E-05 9.98293E-05 9.98293E-05 0.998103 9.98293E-05 9.98293E-05 9.98293E-05 9.98293E-05
0.0406281 9.98563E-05 0.790515 0.0783465 9.98563E-05 9.98563E-05 9.98563E-05 9.98563E-05 9.98563E-05 9.98563E-05 9.98563E-05 9.98563E-05 9.98563E-05 9.98563E-05 0.0889126 9.98563E-05 9.98563E-05 9.98563E-05 9.98563E-05 9.98563E-05
9.98702E-05 9.98702E-05 0.540409 9.98702E-05 9.98702E-05 0.0225794 9.98702E-05 0.251635 9.98702E-05 9.98702E-05 9.98702E-05 9.98702E-05 9.98702E-05 0.0847784 0.0236623 0.0499636 9.98702E-05 0.0256737 9.98702E-05 9.98702E-05
9.98473E-05 9.98473E-05 9.98473E-05 9.98473E-05 0.017591 9.98473E-05 0.00590618 0.974805 9.98473E-05 9.98473E-05 9.98473E-05 9.98473E-05 9.98473E-05 9.98473E-05 9.98473E-05 9.98473E-05 9.98473E-05 9.98473E-05 9.98473E-05 9.98473E-05
9.98473E-05 9.98473E-05 9.98473E-05 9.98473E-05 9.98473E-05 9.98473E-05 9.98473E-05 0.982121 9.98473E-05 0.00407384 9.98473E-05 9.98473E-05 9.98473E-05 9.98473E-05 9.98473E-05 9.98473E-05 0.0121079 9.98473E-05 9.98473E-05 9.98473E-05
9.98922E-05 9.98922E-05 0.645214 0.0469284 9.98922E-05 0.138674 9.98922E-05 0.0967727 9.98922E-05 9.98922E-05 9.98922E-05 9.98922E-05 0.0108222 0.0135697 9.98922E-05 0.024174 0.0226468 9.98922E-05 9.98922E-05 9.98922E-05
9.98649E-05 9.98649E-05 0.338504 9.98649E-05 9.98649E-05 9.98649E-05 9.98649E-05 0.569678 9.98649E-05 9.98649E-05 9.98649E-05 9.98649E-05 9.98649E-05 0.0560577 9.98649E-05 0.0107711 9.98649E-05 0.0234914 9.98649E-05 9.98649E-05
9.9847E-05 9.9847E-05 9.9847E-05 0.941705 9.9847E-05 9.9847E-05 9.9847E-05 9.9847E-05 0.0350571 9.9847E-05 9.9847E-05 9.9847E-05 9.9847E-05 0.0215405 9.9847E-05 9.9847E-05 9.9847E-05 9.9847E-05 9.9847E-05 9.9847E-05
9.98381E-05 9.98381E-05 9.98381E-05 0.983867 9.98381E-05 9.98381E-05 0.0143362 9.98381E-05 9.98381E-05 9.98381E-05 9.98381E-05 9.98381E-05 9.98381E-05 9.98381E-05 9.98381E-05 9.98381E-05 9.98381E-05 9.98381E-05 9.98381E-05 9.98381E-05
9.98562E-05 9.98562E-05 0.848695 9.98562E-05 9.98562E-05 9.98562E-05 9.98562E-05 0.103453 0.035183 9.98562E-05 9.98562E-05 9.98562E-05 9.98562E-05 9.98562E-05 9.98562E-05 0.0110719 9.98562E-05 9.98562E-05 9.98562E-05 9.98562E-05
0.951033 0.0138555 9.9874E-05 0.01041 9.9874E-05 9.9874E-05 9.9874E-05 9.9874E-05 0.00611048 9.9874E-05 9.9874E-05 9.9874E-05 9.9874E-05 9.9874E-05 9.9874E-05 9.9874E-05 9.9874E-05 0.0105301 0.00666236 9.9874E-05
0.995874 9.98382E-05 0.0023294 9.98382E-05 9.98382E-05 9.98382E-05 9.98382E-05 9.98382E-05 9.98382E-05 9.98382E-05 9.98382E-05 9.98382E-05 9.98382E-05 9.98382E-05 9.98382E-05 9.98382E-05 9.98382E-05 9.98382E-05 9.98382E-05 9.98382E-05
9.98384E-05 0.995372 9.98384E-05 9.98384E-05 9.98384E-05 9.98384E-05 9.98384E-05 9.98384E-05 9.98384E-05 9.98384E-05 9.98384E-05 0.00283041 9.98384E-05 9.98384E-05 9.98384E-05 9.98384E-05 9.98384E-05 9.98384E-05 9.98384E-05 9.98384E-05
9.98473E-05 0.983806 9.98473E-05 9.98473E-05 9.98473E-05 9.98473E-05 9.98473E-05 9.98473E-05 9.98473E-05 9.98473E-05 9.98473E-05 9.98473E-05 0.00312312 9.98473E-05 9.98473E-05 9.98473E-05 9.98473E-05 9.98473E-05 9.98473E-05 0.0113739
0.0776134 9.98739E-05 9.98739E-05 9.98739E-05 0.762454 9.98739E-05 9.98739E-05 0.0269522 9.98739E-05 9.98739E-05 9.98739E-05 9.98739E-05 0.0482453 9.98739E-05 9.98739E-05 9.98739E-05 0.0312183 9.98739E-05 0.0521182 9.98739E-05
0.108467 9.98739E-05 9.98739E-05 9.98739E-05 0.731851 9.98739E-05 9.98739E-05 0.0244301 9.98739E-05 9.98739E-05 9.98739E-05 9.98739E-05 0.0859419 9.98739E-05 9.98739E-05 9.98739E-05 9.98739E-05 9.98739E-05 0.00194829 0.0459629
0.0266943 0.959457 9.98652E-05 0.00678803 0.00514343 9.98652E-05 9.98652E-05 9.98652E-05 9.98652E-05 9.98652E-05 9.98652E-05 9.98652E-05 9.98652E-05 9.98652E-05 9.98652E-05 9.98652E-05 9.98652E-05 9.98652E-05 0.000419469 9.98652E-05
9.98293E-05 0.998103 9.98293E-05 9.98293E-05 9.98293E-05 9.98293E-05 9.98293E-05 9.98293E-05 9.98293E-05 9.98293E-05 9.98293E-05 9.98293E-05 9.98293E-05 9.98293E-05 9.98293E-05 9.98293E-05 9.98293E-05 9.98293E-05 9.98293E-05 9.98293E-05
9.9847E-05 9.9847E-05 9.9847E-05 9.9847E-05 9.9847E-05 9.9847E-05 9.9847E-05 9.9847E-05 9.9847E-05 9.9847E-05 9.9847E-05 0.897254 9.9847E-05 9.9847E-05 9.9847E-05 9.9847E-05 0.0639998 9.9847E-05 0.0370488 9.9847E-05
0.000859201 9.98561E-05 9.98561E-05 9.98561E-05 9.98561E-05 9.98561E-05 0.105649 9.98561E-05 9.98561E-05 9.98561E-05 9.98561E-05 9.98561E-05 0.761681 9.98561E-05 9.98561E-05 9.98561E-05 9.98561E-05 9.98561E-05 9.98561E-05 0.130213
9.98561E-05 9.98561E-05 9.98561E-05 9.98561E-05 9.98561E-05 9.98561E-05 0.049389 9.98561E-05 0.0347601 9.98561E-05 0.00267418 9.98561E-05 9.98561E-05 9.98561E-05 9.98561E-05 9.98561E-05 9.98561E-05 9.98561E-05 0.911579 9.98561E-05
9.98288E-05 9.98288E-05 9.98288E-05 9.98288E-05 9.98288E-05 9.98288E-05 9.98288E-05 9.98288E-05 9.98288E-05 9.98288E-05 0.998103 9.98288E-05 9.98288E-05 9.98288E-05 9.98288E-05 9.98288E-05 9.98288E-05 9.98288E-05 9.98288E-05 9.98288E-05
9.98652E-05 0.0390029 9.98652E-05 9.98652E-05 9.98652E-05 9.98652E-05 9.98652E-05 9.98652E-05 9.98652E-05 9.98652E-05 0.658498 0.14863 9.98652E-05 9.98652E-05 9.98652E-05 9.98652E-05 9.98652E-05 0.0988749 9.98652E-05 0.0534962
9.98291E-05 9.98291E-05 9.98291E-05 9.98291E-05 9.98291E-05 0.998103 9.98291E-05 9.98291E-05 9.98291E-05 9.98291E-05 9.98291E-05 9.98291E-05 9.98291E-05 9.98291E-05 9.98291E-05 9.98291E-05 9.98291E-05 9.98291E-05 9.98291E-05 9.98291E-05
