9.98648E-05 9.98648E-05 9.98648E-05 9.98648E-05 9.98648E-05 9.98648E-05 9.98648E-05 9.98648E-05 9.98648E-05 0.826019 9.98648E-05 0.00484774 9.98648E-05 9.98648E-05 9.98648E-05 0.0138154 9.98648E-05 0.0447145 9.98648E-05 0.109105
9.98648E-05 9.98648E-05 9.98648E-05 9.98648E-05 0.158539 9.98648E-05 9.98648E-05 9.98648E-05 0.670614 0.013019 9.98648E-05 9.98648E-05 9.98648E-05 9.98648E-05 9.98648E-05 0.0922704 9.98648E-05 9.98648E-05 9.98648E-05 0.0640599
0.00590284 9.99019E-05 9.99019E-05 0.0222101 0.572704 0.0476761 0.17523 0.0338205 0.0048187 9.99019E-05 9.99019E-05 9.99019E-05 0.0230688 9.99019E-05 9.99019E-05 9.99019E-05 9.99019E-05 9.99019E-05 0.113471 9.99019E-05
0.00355774 9.9865E-05 9.9865E-05 9.9865E-05 0.874379 9.9865E-05 9.9865E-05 9.9865E-05 9.9865E-05 9.9865E-05 9.9865E-05 9.9865E-05 0.0302059 9.9865E-05 9.9865E-05 0.00138368 9.9865E-05 9.9865E-05 0.0889756 9.9865E-05
0.0438951 9.99102E-05 0.0570025 9.99102E-05 0.395822 0.182303 0.0226145 9.99102E-05 0.0993558 9.99102E-05 0.0228056 0.0198597 9.99102E-05 9.99102E-05 0.0348792 9.99102E-05 9.99102E-05 0.120463 9.99102E-05 9.99102E-05
0.0116886 9.98469E-05 9.98469E-05 9.98469E-05 0.961819 9.98469E-05 9.98469E-05 9.98469E-05 9.98469E-05 9.98469E-05 9.98469E-05 9.98469E-05 9.98469E-05 9.98469E-05 0.0247954 9.98469E-05 9.98469E-05 9.98469E-05 9.98469E-05 9.98469E-05
9.98292E-05 9.98292E-05 9.98292E-05 9.98292E-05 9.98292E-05 0.998103 9.98292E-05 9.98292E-05 9.98292E-05 9.98292E-05 9.98292E-05 9.98292E-05 9.98292E-05 9.98292E-05 9.98292E-05 9.98292E-05 9.98292E-05 9.98292E-05 9.98292E-05 9.98292E-05
0.271312 9.98801E-05 0.0990246 9.98801E-05 0.0701767 0.000649066 0.383008 9.98801E-05 0.0729804 9.98801E-05 9.98801E-05 9.98801E-05 9.98801E-05 9.98801E-05 9.98801E-05 9.98801E-05 9.98801E-05 0.0962978 0.0053537 9.98801E-05
9.9865E-05 9.9865E-05 9.9865E-05 9.9865E-05 9.9865E-05 0.925884 9.9865E-05 9.9865E-05 0.0414832 9.9865E-05 9.9865E-05 9.9865E-05 9.9865E-05 9.9865E-05 9.9865E-05 0.00506178 0.0223783 9.9865E-05 0.0036946 9.9865E-05
9.98383E-05 9.98383E-05 9.98383E-05 9.98383E-05 9.98383E-05 0.0950234 9.98383E-05 9.98383E-05 9.98383E-05 9.98383E-05 9.98383E-05 9.98383E-05 9.98383E-05 9.98383E-05 9.98383E-05 9.98383E-05 9.98383E-05 0.90318 9.98383E-05 9.98383E-05
9.98382E-05 9.98382E-05 9.98382E-05 9.98382E-05 9.98382E-05 0.0867171 9.98382E-05 9.98382E-05 9.98382E-05 9.98382E-05 9.98382E-05 9.98382E-05 9.98382E-05 9.98382E-05 9.98382E-05 9.98382E-05 9.98382E-05 0.911486 9.98382E-05 9.98382E-05
9.9829E-05 9.9829E-05 9.9829E-05 9.9829E-05 9.9829E-05 9.9829E-05 9.9829E-05 9.9829E-05 9.9829E-05 9.9829E-05 9.9829E-05 9.9829E-05 9.9829E-05 9.9829E-05 9.9829E-05 9.9829E-05 9.9829E-05 9.9829E-05 9.9829E-05 0.998103
0.0207938 9.98564E-05 9.98564E-05 0.934326 9.98564E-05 0.0328685 9.98564E-05 9.98564E-05 9.98564E-05 9.98564E-05 9.98564E-05 9.98564E-05 9.98564E-05 9.98564E-05 0.0104145 9.98564E-05 9.98564E-05 9.98564E-05 9.98564E-05 9.98564E-05
9.98561E-05 9.98561E-05 9.98561E-05 9.98561E-05 0.951622 9.98561E-05 9.98561E-05 0.0221426 9.98561E-05 9.98561E-05 0.0026245 9.98561E-05 9.98561E-05 9.98561E-05 9.98561E-05 9.98561E-05 9.98561E-05 9.98561E-05 9.98561E-05 0.0220131
9.9856E-05 9.9856E-05 9.9856E-05 9.9856E-05 0.961052 9.9856E-05 9.9856E-05 0.0122836 9.9856E-05 9.9856E-05 9.9856E-05 0.00146005 9.9856E-05 9.9856E-05 9.9856E-05 9.9856E-05 9.9856E-05 9.9856E-05 9.9856E-05 0.0236064
9.98651E-05 9.98651E-05 9.98651E-05 0.109135 9.98651E-05 9.98651E-05 9.98651E-05 9.98651E-05 9.98651E-05 9.98651E-05 0.0881923 9.98651E-05 9.98651E-05 9.98651E-05 0.010506 9.98651E-05 0.75052 0.0401484 9.98651E-05 9.98651E-05
9.98561E-05 9.98561E-05 9.98561E-05 9.98561E-05 9.98561E-05 9.98561E-05 9.98561E-05 9.98561E-05 9.98561E-05 9.98561E-05 9.98561E-05 0.0093138 9.98561E-05 0.00308747 9.98561E-05 0.910244 9.98561E-05 0.0757575 9.98561E-05 9.98561E-05
9.98559E-05 9.98559E-05 0.00895637 9.98559E-05 9.98559E-05 9.98559E-05 9.98559E-05 0.855831 9.98559E-05 9.98559E-05 9.98559E-05 9.98559E-05 9.98559E-05 9.98559E-05 9.98559E-05 9.98559E-05 0.0272559 0.106359 9.98559E-05 9.98559E-05
9.98561E-05 0.822713 9.98561E-05 9.98561E-05 9.98561E-05 9.98561E-05 9.98561E-05 9.98561E-05 9.98561E-05 9.98561E-05 9.98561E-05 0.0034157 0.0468137 0.12546 9.98561E-05 9.98561E-05 9.98561E-05 9.98561E-05 9.98561E-05 9.98561E-05
9.98918E-05 9.98918E-05 9.98918E-05 9.98918E-05 9.98918E-05 9.98918E-05 9.98918E-05 9.98918E-05 9.98918E-05 0.11996 0.139252 9.98918E-05 0.000412852 0.021005 0.00346619 0.0125237 0.291449 0.410732 9.98918E-05 9.98918E-05
9.98381E-05 0.0454434 9.98381E-05 9.98381E-05 9.98381E-05 9.98381E-05 9.98381E-05 0.95276 9.98381E-05 9.98381E-05 9.98381E-05 9.98381E-05 9.98381E-05 9.98381E-05 9.98381E-05 9.98381E-05 9.98381E-05 9.98381E-05 9.98381E-05 9.98381E-05
9.98829E-05 9.98829E-05 9.98829E-05 0.0771032 9.98829E-05 9.98829E-05 9.98829E-05 9.98829E-05 9.98829E-05 0.506465 0.0289415 9.98829E-05 0.00387122 9.98829E-05 9.98829E-05 0.0319549 0.292134 0.0582316 9.98829E-05 9.98829E-05
9.98292E-05 9.98292E-05 9.98292E-05 9.98292E-05 9.98292E-05 9.98292E-05 9.98292E-05 9.98292E-05 9.98292E-05 9.98292E-05 9.98292E-05 0.998103 9.98292E-05 9.98292E-05 9.98292E-05 9.98292E-05 9.98292E-05 9.98292E-05 9.98292E-05 9.98292E-05
9.98293E-05 9.98293E-05 9.98293E-05 9.98293E-05 9.98293E-05 9.98293E-05 9.98293E-05 9.98293E-05 9.98293E-05 9.98293E-05 9.98293E-05 9.98293E-05 9.98293E-05 0.998103 9.98293E-05 9.98293E-05 9.98293E-05 9.98293E-05 9.98293E-05 9.98293E-05
9.98384E-05 9.98384E-05 9.98384E-05 9.98384E-05 0.304306 9.98384E-05 9.98384E-05 9.98384E-05 9.98384E-05 9.98384E-05 9.98384E-05 9.98384E-05 9.98384E-05 9.98384E-05 9.98384E-05 9.98384E-05 9.98384E-05 9.98384E-05 0.693897 9.98384E-05
9.98383E-05 9.98383E-05 9.98383E-05 9.98383E-05 0.782425 9.98383E-05 9.98383E-05 9.98383E-05 9.98383E-05 9.98383E-05 9.98383E-05 9.98383E-05 9.98383E-05 9.98383E-05 9.98383E-05 9.98383E-05 9.98383E-05 9.98383E-05 0.215778 9.98383E-05
9.98737E-05 9.98737E-05 9.98737E-05 0.798739 9.98737E-05 9.98737E-05 9.98737E-05 9.98737E-05 9.98737E-05 0.0711083 9.98737E-05 0.00642667 0.0308353 9.98737E-05 9.98737E-05 0.0631228 9.98737E-05 0.0283694 9.98737E-05 9.98737E-05
9.98293E-05 9.98293E-05 9.98293E-05 9.98293E-05 9.98293E-05 9.98293E-05 9.98293E-05 9.98293E-05 9.98293E-05 9.98293E-05 9.98293E-05 9.98293E-05 9.98293E-05 9.98293E-05 9.98293E-05 9.98293E-05 9.98293E-05 9.98293E-05 0.998103 9.98293E-05
9.98383E-05 9.98383E-05 0.018182 9.98383E-05 9.98383E-05 9.98383E-05 9.98383E-05 9.98383E-05 9.98383E-05 9.98383E-05 9.98383E-05 9.98383E-05 9.98383E-05 9.98383E-05 9.98383E-05 9.98383E-05 9.98383E-05 9.98383E-05 0.980021 9.98383E-05
0.593742 0.0231269 0.0229339 0.0050258 0.199599 9.98831E-05 9.98831E-05 9.98831E-05 9.98831E-05 0.0149432 9.98831E-05 9.98831E-05 9.98831E-05 9.98831E-05 9.98831E-05 9.98831E-05 9.98831E-05 9.98831E-05 0.139331 9.98831E-05
0.87089 9.98558E-05 9.98558E-05 9.98558E-05 0.115762 9.98558E-05 0.00504576 9.98558E-05 9.98558E-05 9.98558E-05 0.00670425 9.98558E-05 9.98558E-05 9.98558E-05 9.98558E-05 9.98558E-05 9.98558E-05 9.98558E-05 9.98558E-05 9.98558E-05
9.98295E-05 9.98295E-05 9.98295E-05 9.98295E-05 9.98295E-05 9.98295E-05 9.98295E-05 9.98295E-05 0.998103 9.98295E-05 9.98295E-05 9.98295E-05 9.98295E-05 9.98295E-05 9.98295E-05 9.98295E-05 9.98295E-05 9.98295E-05 9.98295E-05 9.98295E-05
0.00823392 9.98653E-05 9.98653E-05 9.98653E-05 0.572964 9.98653E-05 0.131757 9.98653E-05 9.98653E-05 9.98653E-05 9.98653E-05 9.98653E-05 9.98653E-05 9.98653E-05 9.98653E-05 9.98653E-05 0.0094406 9.98653E-05 0.276106 9.98653E-05
9.98744E-05 9.98744E-05 0.729229 9.98744E-05 9.98744E-05 9.98744E-05 0.215578 9.98744E-05 0.00386714 9.98744E-05 9.98744E-05 9.98744E-05 9.98744E-05 9.98744E-05 9.98744E-05 0.00204846 0.00937891 9.98744E-05 0.0385008 9.98744E-05
0.0460152 9.98916E-05 9.98916E-05 0.464688 9.98916E-05 9.98916E-05 0.00112864 9.98916E-05 9.98916E-05 0.0534487 9.98916E-05 9.98916E-05 0.0937733 9.98916E-05 0.0797302 0.254304 9.98916E-05 0.00571312 9.98916E-05 9.98916E-05
9.98649E-05 9.98649E-05 9.98649E-05 9.98649E-05 0.288587 9.98649E-05 0.0150922 9.98649E-05 9.98649E-05 9.98649E-05 0.024079 9.98649E-05 9.98649E-05 9.98649E-05 9.98649E-05 0.0124526 9.98649E-05 9.98649E-05 0.658291 9.98649E-05
9.9856E-05 9.9856E-05 9.9856E-05 9.9856E-05 9.9856E-05 9.9856E-05 0.0351546 9.9856E-05 9.9856E-05 0.81683 9.9856E-05 9.9856E-05 9.9856E-05 9.9856E-05 0.0500905 9.9856E-05 9.9856E-05 9.9856E-05 9.9856E-05 0.0963268
9.98828E-05 9.98828E-05 9.98828E-05 9.98828E-05 9.98828E-05 9.98828E-05 0.0436436 9.98828E-05 0.191702 0.0932707 9.98828E-05 0.0243151 9.98828E-05 0.023697 9.98828E-05 0.0420301 9.98828E-05 0.580043 9.98828E-05 9.98828E-05
9.98293E-05 9.98293E-05 9.98293E-05 9.98293E-05 9.98293E-05 9.98293E-05 9.98293E-05 9.98293E-05 9.98293E-05 9.98293E-05 9.98293E-05 9.98293E-05 9.98293E-05 9.98293E-05 9.98293E-05 0.998103 9.98293E-05 9.98293E-05 9.98293E-05 9.98293E-05
9.98917E-05 0.0054137 9.98917E-05 9.98917E-05 0.134567 9.98917E-05 9.98917E-05 9.98917E-05 9.98917E-05 0.228483 0.0183027 9.98917E-05 9.98917E-05 9.98917E-05 0.0223817 0.121612 0.263015 0.205026 9.98917E-05 9.98917E-05
9.99007E-05 9.99007E-05 9.99007E-05 9.99007E-05 0.0667434 9.99007E-05 9.99007E-05 0.022863 9.99007E-05 0.235764 9.99007E-05 9.99007E-05 0.018427 9.99007E-05 0.00901362 0.0630403 0.265394 0.2607 9.99007E-05 0.0569559
9.98829E-05 0.0207443 9.98829E-05 0.00223432 9.98829E-05 9.98829E-05 9.98829E-05 9.98829E-05 9.98829E-05 0.0415821 9.98829E-05 9.98829E-05 9.98829E-05 9.98829E-05 0.0533351 0.0117304 0.0347466 0.834329 9.98829E-05 9.98829E-05
9.98739E-05 9.98739E-05 9.98739E-05 0.0570001 9.98739E-05 0.0884309 9.98739E-05 9.98739E-05 9.98739E-05 0.00356593 9.98739E-05 9.98739E-05 9.98739E-05 0.028663 9.98739E-05 9.98739E-05 0.796822 0.0241198 9.98739E-05 9.98739E-05
9.98739E-05 9.98739E-05 9.98739E-05 0.000933304 9.98739E-05 9.98739E-05 9.98739E-05 9.98739E-05 9.98739E-05 0.0610132 0.0018618 9.98739E-05 9.98739E-05 9.98739E-05 0.0713704 0.00972596 9.98739E-05 0.853697 9.98739E-05 9.98739E-05
9.99007E-05 9.99007E-05 9.99007E-05 0.145781 9.99007E-05 9.99007E-05 9.99007E-05 9.99007E-05 0.0345676 0.0417363 9.99007E-05 0.130631 0.050239 0.0579271 0.243188 9.99007E-05 0.0752662 0.219564 9.99007E-05 9.99007E-05
9.99009E-05 0.00769713 0.0195679 9.99009E-05 0.0244554 9.99009E-05 9.99009E-05 9.99009E-05 0.0391414 9.99009E-05 9.99009E-05 0.0025101 9.99009E-05 9.99009E-05 0.273529 9.99009E-05 0.129686 0.318433 9.99009E-05 0.183881
0.0852892 9.98918E-05 0.00883878 0.0456046 9.98918E-05 0.0445042 9.98918E-05 9.98918E-05 9.98918E-05 0.234861 9.98918E-05 9.98918E-05 9.98918E-05 9.98918E-05 0.402555 0.083395 9.98918E-05 0.0937536 9.98918E-05 9.98918E-05
9.98301E-05 9.98301E-05 9.98301E-05 9.98301E-05 9.98301E-05 9.98301E-05 9.98301E-05 9.98301E-05 9.98301E-05 0.998103 9.98301E-05 9.98301E-05 9.98301E-05 9.98301E-05 9.98301E-05 9.98301E-05 9.98301E-05 9.98301E-05 9.98301E-05 9.98301E-05
9.98292E-05 9.98292E-05 0.998103 9.98292E-05 9.98292E-05 9.98292E-05 9.98292E-05 9.98292E-05 9.98292E-05 9.98292E-05 9.98292E-05 9.98292E-05 9.98292E-05 9.98292E-05 9.98292E-05 9.98292E-05 9.98292E-05 9.98292E-05 9.98292E-05 9.98292E-05
9.98293E-05 9.98293E-05 0.998103 9.98293E-05 9.98293E-05 9.98293E-05 9.98293E-05 9.98293E-05 9.98293E-05 9.98293E-05 9.98293E-05 9.98293E-05 9.98293E-05 9.98293E-05 9.98293E-05 9.98293E-05 9.98293E-05 9.98293E-05 9.98293E-05 9.98293E-05
9.98563E-05 9.98563E-05 0.981918 9.98563E-05 9.98563E-05 0.0144717 9.98563E-05 9.98563E-05 9.98563E-05 9.98563E-05 0.00124624 9.98563E-05 9.98563E-05 9.98563E-05 9.98563E-05 9.98563E-05 0.000766143 9.98563E-05 9.98563E-05 9.98563E-05
9.98295E-05 9.98295E-05 0.998103 9.98295E-05 9.98295E-05 9.98295E-05 9.98295E-05 9.98295E-05 9.98295E-05 9.98295E-05 9.98295E-05 9.98295E-05 9.98295E-05 9.98295E-05 9.98295E-05 9.98295E-05 9.98295E-05 9.98295E-05 9.98295E-05 9.98295E-05
9.98294E-05 9.98294E-05 0.998103 9.98294E-05 9.98294E-05 9.98294E-05 9.98294E-05 9.98294E-05 9.98294E-05 9.98294E-05 9.98294E-05 9.98294E-05 9.98294E-05 9.98294E-05 9.98294E-05 9.98294E-05 9.98294E-05 9.98294E-05 9.98294E-05 9.98294E-05
0.305028 9.98921E-05 0.325251 9.98921E-05 0.00450297 0.105448 0.120496 9.98921E-05 9.98921E-05 9.98921E-05 9.98921E-05 0.106897 9.98921E-05 9.98921E-05 9.98921E-05 9.98921E-05 0.0160391 9.98921E-05 0.0151395 9.98921E-05
9.98741E-05 9.98741E-05 0.861931 9.98741E-05 9.98741E-05 9.98741E-05 9.98741E-05 9.98741E-05 0.0975113 9.98741E-05 0.00395085 9.98741E-05 0.0143722 9.98741E-05 9.98741E-05 9.98741E-05 0.00888449 0.0119518 9.98741E-05 9.98741E-05
9.98557E-05 9.98557E-05 9.98557E-05 9.98557E-05 9.98557E-05 9.98557E-05 9.98557E-05 9.98557E-05 9.98557E-05 0.618729 0.093007 9.98557E-05 9.98557E-05 9.98557E-05 9.98557E-05 9.98557E-05 0.124641 9.98557E-05 9.98557E-05 0.162026
9.98649E-05 9.98649E-05 0.0407864 9.98649E-05 9.98649E-05 0.0526823 9.98649E-05 9.98649E-05 0.89825 9.98649E-05 0.000410153 9.98649E-05 9.98649E-05 9.98649E-05 9.98649E-05 9.98649E-05 9.98649E-05 9.98649E-05 0.00637347 9.98649E-05
9.9883E-05 9.9883E-05 9.9883E-05 9.9883E-05 0.541904 9.9883E-05 9.9883E-05 0.00519247 0.00891125 9.9883E-05 0.0103397 9.9883E-05 9.9883E-05 0.00208123 9.9883E-05 0.00693966 9.9883E-05 9.9883E-05 0.423333 9.9883E-05
9.98816E-05 9.98816E-05 9.98816E-05 0.81439 9.98816E-05 9.98816E-05 9.98816E-05 0.0114076 0.021306 9.98816E-05 0.0460865 9.98816E-05 9.98816E-05 9.98816E-05 9.98816E-05 9.98816E-05 0.0562222 9.98816E-05 9.98816E-05 0.0491888
9.98563E-05 9.98563E-05 9.98563E-05 0.022598 9.98563E-05 9.98563E-05 9.98563E-05 9.98563E-05 9.98563E-05 9.98563E-05 0.0502844 9.98563E-05 9.98563E-05 9.98563E-05 9.98563E-05 9.98563E-05 0.788884 9.98563E-05 9.98563E-05 0.136636
9.98476E-05 9.98476E-05 9.98476E-05 0.982042 9.98476E-05 0.013922 9.98476E-05 9.98476E-05 9.98476E-05 9.98476E-05 9.98476E-05 9.98476E-05 9.98476E-05 0.00233862 9.98476E-05 9.98476E-05 9.98476E-05 9.98476E-05 9.98476E-05 9.98476E-05
9.9856E-05 9.9856E-05 9.9856E-05 0.903076 0.00711199 9.9856E-05 9.9856E-05 9.9856E-05 9.9856E-05 9.9856E-05 9.9856E-05 9.9856E-05 9.9856E-05 9.9856E-05 0.014462 9.9856E-05 9.9856E-05 0.073752 9.9856E-05 9.9856E-05
9.98559E-05 9.98559E-05 9.98559E-05 0.785917 9.98559E-05 9.98559E-05 9.98559E-05 9.98559E-05 9.98559E-05 9.98559E-05 9.98559E-05 9.98559E-05 0.0652358 0.0120232 9.98559E-05 9.98559E-05 9.98559E-05 0.135226 9.98559E-05 9.98559E-05
9.98471E-05 0.984498 9.98471E-05 9.98471E-05 9.98471E-05 9.98471E-05 0.00585044 9.98471E-05 9.98471E-05 0.00795402 9.98471E-05 9.98471E-05 9.98471E-05 9.98471E-05 9.98471E-05 9.98471E-05 9.98471E-05 9.98471E-05 9.98471E-05 9.98471E-05
9.98388E-05 9.98388E-05 9.98388E-05 9.98388E-05 0.266047 9.98388E-05 9.98388E-05 9.98388E-05 9.98388E-05 9.98388E-05 9.98388E-05 9.98388E-05 9.98388E-05 9.98388E-05 9.98388E-05 9.98388E-05 9.98388E-05 9.98388E-05 0.732156 9.98388E-05
9.991E-05 9.991E-05 0.0721742 0.00262439 0.0831228 0.0185315 9.991E-05 0.0386457 9.991E-05 0.112312 9.991E-05 9.991E-05 0.000458987 9.991E-05 0.362631 9.991E-05 0.183574 9.991E-05 0.124927 9.991E-05
9.98654E-05 9.98654E-05 9.98654E-05 0.0160453 0.837401 9.98654E-05 0.0796804 9.98654E-05 9.98654E-05 9.98654E-05 9.98654E-05 9.98654E-05 9.98654E-05 9.98654E-05 9.98654E-05 9.98654E-05 0.00142245 9.98654E-05 0.0639525 9.98654E-05
0.021293 9.9883E-05 0.0251231 9.9883E-05 0.667017 0.0151296 9.9883E-05 9.9883E-05 9.9883E-05 9.9883E-05 0.0052695 9.9883E-05 9.9883E-05 9.9883E-05 9.9883E-05 0.0328273 9.9883E-05 9.9883E-05 0.232042 9.9883E-05
9.98382E-05 9.98382E-05 9.98382E-05 9.98382E-05 9.98382E-05 9.98382E-05 9.98382E-05 9.98382E-05 9.98382E-05 9.98382E-05 9.98382E-05 9.98382E-05 9.98382E-05 9.98382E-05 9.98382E-05 9.98382E-05 0.0106961 9.98382E-05 0.987507 9.98382E-05
9.98563E-05 9.98563E-05 9.98563E-05 9.98563E-05 9.98563E-05 9.98563E-05 9.98563E-05 0.00283487 0.000138276 9.98563E-05 9.98563E-05 9.98563E-05 9.98563E-05 0.00302601 9.98563E-05 9.98563E-05 9.98563E-05 9.98563E-05 0.992403 9.98563E-05
0.239433 9.98742E-05 9.98742E-05 9.98742E-05 0.560137 9.98742E-05 0.00123963 9.98742E-05 9.98742E-05 0.00296082 9.98742E-05 9.98742E-05 9.98742E-05 9.98742E-05 9.98742E-05 9.98742E-05 9.98742E-05 0.0343101 0.160521 9.98742E-05
9.9847E-05 9.9847E-05 9.9847E-05 9.9847E-05 0.433721 9.9847E-05 9.9847E-05 9.9847E-05 9.9847E-05 9.9847E-05 0.0228677 9.9847E-05 9.9847E-05 9.9847E-05 9.9847E-05 9.9847E-05 9.9847E-05 9.9847E-05 0.541714 9.9847E-05
9.9847E-05 9.9847E-05 0.0578465 9.9847E-05 0.0193004 9.9847E-05 0.921156 9.9847E-05 9.9847E-05 9.9847E-05 9.9847E-05 9.9847E-05 9.9847E-05 9.9847E-05 9.9847E-05 9.9847E-05 9.9847E-05 9.9847E-05 9.9847E-05 9.9847E-05
9.9838E-05 9.9838E-05 9.9838E-05 0.0204372 9.9838E-05 9.9838E-05 0.977766 9.9838E-05 9.9838E-05 9.9838E-05 9.9838E-05 9.9838E-05 9.9838E-05 9.9838E-05 9.9838E-05 9.9838E-05 9.9838E-05 9.9838E-05 9.9838E-05 9.9838E-05
9.98651E-05 9.98651E-05 0.00423666 9.98651E-05 0.853672 9.98651E-05 9.98651E-05 9.98651E-05 9.98651E-05 9.98651E-05 9.98651E-05 0.00593033 9.98651E-05 9.98651E-05 9.98651E-05 9.98651E-05 0.00550639 9.98651E-05 0.129156 9.98651E-05
9.9838E-05 9.9838E-05 9.9838E-05 9.9838E-05 9.9838E-05 9.9838E-05 9.9838E-05 9.9838E-05 9.9838E-05 9.9838E-05 9.9838E-05 0.023814 9.9838E-05 9.9838E-05 9.9838E-05 9.9838E-05 0.974389 9.9838E-05 9.9838E-05 9.9838E-05
9.98291E-05 9.98291E-05 9.98291E-05 9.98291E-05 9.98291E-05 9.98291E-05 9.98291E-05 9.98291E-05 9.98291E-05 9.98291E-05 9.98291E-05 9.98291E-05 9.98291E-05 9.98291E-05 9.98291E-05 9.98291E-05 0.998103 9.98291E-05 9.98291E-05 9.98291E-05
9.98384E-05 9.98384E-05 9.98384E-05 9.98384E-05 9.98384E-05 9.98384E-05 9.98384E-05 9.98384E-05 9.98384E-05 9.98384E-05 0.0213853 9.98384E-05 0.976818 9.98384E-05 9.98384E-05 9.98384E-05 9.98384E-05 9.98384E-05 9.98384E-05 9.98384E-05
9.98474E-05 9.98474E-05 9.98474E-05 9.98474E-05 9.98474E-05 9.98474E-05 9.98474E-05 9.98474E-05 9.98474E-05 0.010877 9.98474E-05 9.98474E-05 0.987235 9.98474E-05 9.98474E-05 9.98474E-05 9.98474E-05 9.98474E-05 9.98474E-05 0.000190719
9.98918E-05 9.98918E-05 9.98918E-05 9.98918E-05 9.98918E-05 9.98918E-05 0.0179456 0.0202327 0.035081 9.98918E-05 9.98918E-05 0.0103214 9.98918E-05 9.98918E-05 9.98918E-05 9.98918E-05 0.0721422 0.728969 0.0118114 0.102298
9.98649E-05 9.98649E-05 9.98649E-05 0.052945 9.98649E-05 9.98649E-05 9.98649E-05 9.98649E-05 9.98649E-05 9.98649E-05 9.98649E-05 9.98649E-05 9.98649E-05 9.98649E-05 9.98649E-05 9.98649E-05 0.0661221 0.715682 0.0332682 0.130485
9.98385E-05 9.98385E-05 9.98385E-05 9.98385E-05 9.98385E-05 9.98385E-05 9.98385E-05 9.98385E-05 9.98385E-05 9.98385E-05 9.98385E-05 0.0303617 0.967841 9.98385E-05 9.98385E-05 9.98385E-05 9.98385E-05 9.98385E-05 9.98385E-05 9.98385E-05
9.98294E-05 9.98294E-05 9.98294E-05 9.98294E-05 9.98294E-05 9.98294E-05 9.98294E-05 9.98294E-05 9.98294E-05 9.98294E-05 9.98294E-05 9.98294E-05 0.998103 9.98294E-05 9.98294E-05 9.98294E-05 9.98294E-05 9.98294E-05 9.98294E-05 9.98294E-05
9.98559E-05 9.98559E-05 9.98559E-05 0.0523842 9.98559E-05 0.015979 9.98559E-05 9.98559E-05 9.98559E-05 0.923082 9.98559E-05 9.98559E-05 9.98559E-05 9.98559E-05 9.98559E-05 9.98559E-05 0.0069568 9.98559E-05 9.98559E-05 9.98559E-05
9.99099E-05 0.0350795 9.99099E-05 0.118153 9.99099E-05 0.0802839 9.99099E-05 0.0191168 0.0779726 9.99099E-05 0.0594222 9.99099E-05 9.99099E-05 0.0189479 9.99099E-05 9.99099E-05 0.401794 0.110319 9.99099E-05 0.0779116
9.98471E-05 9.98471E-05 0.0456842 9.98471E-05 9.98471E-05 0.0369381 9.98471E-05 9.98471E-05 0.91568 9.98471E-05 9.98471E-05 9.98471E-05 9.98471E-05 9.98471E-05 9.98471E-05 9.98471E-05 9.98471E-05 9.98471E-05 9.98471E-05 9.98471E-05
9.98287E-05 9.98287E-05 9.98287E-05 9.98287E-05 9.98287E-05 9.98287E-05 9.98287E-05 9.98287E-05 9.98287E-05 9.98287E-05 9.98287E-05 9.98287E-05 9.98287E-05 9.98287E-05 0.998103 9.98287E-05 9.98287E-05 9.98287E-05 9.98287E-05 9.98287E-05
9.98292E-05 9.98292E-05 9.98292E-05 9.98292E-05 9.98292E-05 9.98292E-05 9.98292E-05 9.98292E-05 9.98292E-05 9.98292E-05 0.998103 9.98292E-05 9.98292E-05 9.98292E-05 9.98292E-05 9.98292E-05 9.98292E-05 9.98292E-05 9.98292E-05 9.98292E-05
0.998103 9.98292E-05 9.98292E-05 9.98292E-05 9.98292E-05 9.98292E-05 9.98292E-05 9.98292E-05 9.98292E-05 9.98292E-05 9.98292E-05 9.98292E-05 9.98292E-05 9.98292E-05 9.98292E-05 9.98292E-05 9.98292E-05 9.98292E-05 9.98292E-05 9.98292E-05
