0.0117354 0.0491344 9.99009E-05 9.99009E-05 0.938031 9.99009E-05 9.99009E-05 9.99009E-05 9.99009E-05 9.99009E-05 9.99009E-05 9.99009E-05 9.99009E-05 9.99009E-05
9.991E-05 9.991E-05 9.991E-05 9.991E-05 9.991E-05 9.991E-05 0.749342 0.170388 9.991E-05 0.0676848 9.991E-05 0.0115861 9.991E-05 9.991E-05
0.0297511 9.99198E-05 9.99198E-05 9.99198E-05 9.99198E-05 0.0021065 9.99198E-05 9.99198E-05 9.99198E-05 0.812186 0.0504633 9.99198E-05 0.104594 9.99198E-05
0.00850878 0.0188061 9.99152E-05 9.99152E-05 9.99152E-05 9.99152E-05 9.99152E-05 0.0030586 9.99152E-05 0.968627 9.99152E-05 9.99152E-05 9.99152E-05 9.99152E-05
9.99382E-05 0.0663902 9.99382E-05 0.087423 9.99382E-05 0.21147 0.107958 0.0762805 9.99382E-05 0.418335 9.99382E-05 0.0314437 9.99382E-05 9.99382E-05
9.9901E-05 9.9901E-05 9.9901E-05 9.9901E-05 9.9901E-05 9.9901E-05 9.9901E-05 0.0540006 9.9901E-05 0.928 9.9901E-05 0.0169007 9.9901E-05 9.9901E-05
9.98918E-05 9.98918E-05 9.98918E-05 9.98918E-05 9.98918E-05 0.997648 9.98918E-05 9.98918E-05 9.98918E-05 9.98918E-05 9.98918E-05 9.98918E-05 0.00115324 9.98918E-05
9.99101E-05 0.0660846 9.99101E-05 0.214154 9.99101E-05 0.163542 0.175518 9.99101E-05 9.99101E-05 0.379802 9.99101E-05 9.99101E-05 9.99101E-05 9.99101E-05
9.99098E-05 9.99098E-05 9.99098E-05 9.99098E-05 9.99098E-05 0.939039 0.0162994 0.000476969 9.99098E-05 9.99098E-05 9.99098E-05 9.99098E-05 9.99098E-05 0.0431859
9.9892E-05 0.845663 9.9892E-05 9.9892E-05 9.9892E-05 0.153138 9.9892E-05 9.9892E-05 9.9892E-05 9.9892E-05 9.9892E-05 9.9892E-05 9.9892E-05 9.9892E-05
9.9892E-05 0.863441 9.9892E-05 9.9892E-05 9.9892E-05 0.13536 9.9892E-05 9.9892E-05 9.9892E-05 9.9892E-05 9.9892E-05 9.9892E-05 9.9892E-05 9.9892E-05
0.125885 9.9919E-05 9.9919E-05 9.9919E-05 0.653123 9.9919E-05 9.9919E-05 9.9919E-05 9.9919E-05 0.0501497 9.9919E-05 9.9919E-05 0.148797 0.0211458
9.99012E-05 9.99012E-05 9.99012E-05 9.99012E-05 9.99012E-05 0.0461689 9.99012E-05 9.99012E-05 0.00723545 9.99012E-05 9.99012E-05 9.99012E-05 0.945497 9.99012E-05
9.99101E-05 9.99101E-05 9.99101E-05 9.99101E-05 9.99101E-05 9.99101E-05 9.99101E-05 0.0497796 9.99101E-05 0.922112 0.00305824 0.0240512 9.99101E-05 9.99101E-05
9.99101E-05 9.99101E-05 9.99101E-05 9.99101E-05 0.0157993 9.99101E-05 9.99101E-05 0.0514809 0.00101689 0.930704 9.99101E-05 9.99101E-05 9.99101E-05 9.99101E-05
9.991E-05 0.0502945 9.991E-05 9.991E-05 9.991E-05 9.991E-05 9.991E-05 9.991E-05 9.991E-05 9.991E-05 9.991E-05 0.0280747 0.123054 0.797578
9.98901E-05 0.13695 9.98901E-05 9.98901E-05 9.98901E-05 9.98901E-05 9.98901E-05 9.98901E-05 9.98901E-05 9.98901E-05 9.98901E-05 0.860185 9.98901E-05 0.00176639
9.99189E-05 0.116604 9.99189E-05 0.0250106 9.99189E-05 9.99189E-05 0.048398 0.0944178 9.99189E-05 9.99189E-05 0.71467 9.99189E-05 9.99189E-05 9.99189E-05
0.047229 9.99011E-05 9.99011E-05 9.99011E-05 9.99011E-05 9.99011E-05 9.99011E-05 9.99011E-05 0.0724988 9.99011E-05 0.879173 9.99011E-05 9.99011E-05 9.99011E-05
0.0530158 0.44215 0.024892 9.99279E-05 0.0695334 9.99279E-05 9.99279E-05 9.99279E-05 9.99279E-05 9.99279E-05 9.99279E-05 0.0571173 9.99279E-05 0.352492
9.98831E-05 9.98831E-05 9.98831E-05 9.98831E-05 9.98831E-05 9.98831E-05 9.98831E-05 9.98831E-05 9.98831E-05 9.98831E-05 0.998702 9.98831E-05 9.98831E-05 9.98831E-05
9.99369E-05 0.0438864 0.0168123 9.99369E-05 0.40465 9.99369E-05 9.99369E-05 0.268134 9.99369E-05 9.99369E-05 9.99369E-05 0.0240876 0.0514895 0.190241
0.143951 0.236143 9.9919E-05 0.0185393 9.9919E-05 9.9919E-05 9.9919E-05 9.9919E-05 9.9919E-05 9.9919E-05 0.409987 0.19048 9.9919E-05 9.9919E-05
0.00847838 0.0922497 9.991E-05 9.991E-05 9.991E-05 9.991E-05 9.991E-05 9.991E-05 0.00207579 9.991E-05 0.896197 9.991E-05 9.991E-05 9.991E-05
9.98922E-05 9.98922E-05 9.98922E-05 0.00235012 9.98922E-05 9.98922E-05 9.98922E-05 9.98922E-05 9.98922E-05 0.996451 9.98922E-05 9.98922E-05 9.98922E-05 9.98922E-05
9.98832E-05 9.98832E-05 9.98832E-05 9.98832E-05 9.98832E-05 9.98832E-05 9.98832E-05 9.98832E-05 9.98832E-05 0.998702 9.98832E-05 9.98832E-05 9.98832E-05 9.98832E-05
0.0378138 0.0647826 9.99278E-05 9.99278E-05 0.0412606 9.99278E-05 9.99278E-05 9.99278E-05 9.99278E-05 9.99278E-05 9.99278E-05 0.0375507 0.815397 0.00239567
9.99001E-05 9.99001E-05 9.99001E-05 0.0590031 9.99001E-05 9.99001E-05 0.00700854 9.99001E-05 9.99001E-05 0.923864 9.99001E-05 9.99001E-05 0.00912514 9.99001E-05
9.99101E-05 9.99101E-05 9.99101E-05 0.0441763 9.99101E-05 9.99101E-05 0.0103484 9.99101E-05 9.99101E-05 0.90717 9.99101E-05 9.99101E-05 0.0250577 0.0123485
0.00445558 9.99372E-05 9.99372E-05 0.207008 9.99372E-05 0.0151876 0.0308225 9.99372E-05 0.0391513 0.680627 9.99372E-05 9.99372E-05 0.0220481 9.99372E-05
0.00834373 9.99191E-05 9.99191E-05 0.204157 9.99191E-05 0.0698706 9.99191E-05 9.99191E-05 9.99191E-05 0.652985 9.99191E-05 0.0637444 9.99191E-05 9.99191E-05
9.98833E-05 9.98833E-05 9.98833E-05 9.98833E-05 9.98833E-05 9.98833E-05 0.998702 9.98833E-05 9.98833E-05 9.98833E-05 9.98833E-05 9.98833E-05 9.98833E-05 9.98833E-05
9.98923E-05 9.98923E-05 9.98923E-05 9.98923E-05 9.98923E-05 9.98923E-05 9.98923E-05 9.98923E-05 9.98923E-05 0.968977 9.98923E-05 9.98923E-05 9.98923E-05 0.0298243
9.99192E-05 9.99192E-05 0.0114308 0.772813 9.99192E-05 0.0578384 0.0578697 9.99192E-05 9.99192E-05 0.0991489 9.99192E-05 9.99192E-05 9.99192E-05 9.99192E-05
0.0989916 0.00980588 9.99368E-05 0.00133548 9.99368E-05 9.99368E-05 9.99368E-05 0.0684396 9.99368E-05 0.0207583 9.99368E-05 0.339232 0.460738 9.99368E-05
9.99189E-05 9.99189E-05 9.99189E-05 9.99189E-05 9.99189E-05 0.000343882 0.0245741 0.0435296 9.99189E-05 0.91276 9.99189E-05 0.0178929 9.99189E-05 9.99189E-05
9.99011E-05 9.99011E-05 9.99011E-05 9.99011E-05 0.946622 9.99011E-05 9.99011E-05 9.99011E-05 9.99011E-05 0.0106173 9.99011E-05 0.0416614 9.99011E-05 9.99011E-05
9.9928E-05 0.591415 9.9928E-05 9.9928E-05 0.0628446 9.9928E-05 0.21846 0.089992 0.0193695 0.0171194 9.9928E-05 9.9928E-05 9.9928E-05 9.9928E-05
9.98829E-05 9.98829E-05 9.98829E-05 9.98829E-05 9.98829E-05 9.98829E-05 9.98829E-05 9.98829E-05 9.98829E-05 9.98829E-05 9.98829E-05 0.998702 9.98829E-05 9.98829E-05
9.98831E-05 9.98831E-05 9.98831E-05 9.98831E-05 9.98831E-05 9.98831E-05 9.98831E-05 0.998702 9.98831E-05 9.98831E-05 9.98831E-05 9.98831E-05 9.98831E-05 9.98831E-05
9.9892E-05 9.9892E-05 9.9892E-05 9.9892E-05 0.011856 9.9892E-05 9.9892E-05 0.986945 9.9892E-05 9.9892E-05 9.9892E-05 9.9892E-05 9.9892E-05 9.9892E-05
9.991E-05 0.918411 9.991E-05 9.991E-05 0.00782762 9.991E-05 9.991E-05 0.0562657 9.991E-05 9.991E-05 9.991E-05 0.0164966 9.991E-05 9.991E-05
9.9937E-05 0.0163328 9.9937E-05 9.9937E-05 0.0110861 0.0397613 9.9937E-05 0.0275295 9.9937E-05 9.9937E-05 0.0218839 9.9937E-05 0.0633426 0.819364
9.99099E-05 0.914097 0.0330046 9.99099E-05 0.00560589 9.99099E-05 9.99099E-05 9.99099E-05 9.99099E-05 9.99099E-05 9.99099E-05 0.0462931 9.99099E-05 9.99099E-05
0.0882092 0.446595 9.99549E-05 9.99549E-05 0.00857663 9.99549E-05 0.041842 0.0919776 9.99549E-05 9.99549E-05 0.111735 0.0137147 0.177139 0.0197111
9.99459E-05 0.467723 9.99459E-05 9.99459E-05 0.0559433 9.99459E-05 0.0513789 0.087682 0.115078 0.04952 9.99459E-05 0.0795228 9.99459E-05 0.0925519
9.994E-05 0.22973 0.026381 0.0150989 0.173233 0.100156 9.994E-05 9.994E-05 9.994E-05 0.0667805 9.994E-05 0.338915 0.0491064 9.994E-05
9.98927E-05 9.98927E-05 9.98927E-05 9.98927E-05 0.99048 9.98927E-05 9.98927E-05 9.98927E-05 0.00832133 9.98927E-05 9.98927E-05 9.98927E-05 9.98927E-05 9.98927E-05
9.98831E-05 9.98831E-05 9.98831E-05 0.998702 9.98831E-05 9.98831E-05 9.98831E-05 9.98831E-05 9.98831E-05 9.98831E-05 9.98831E-05 9.98831E-05 9.98831E-05 9.98831E-05
9.98881E-05 9.98881E-05 9.98881E-05 0.998701 9.98881E-05 9.98881E-05 9.98881E-05 9.98881E-05 9.98881E-05 9.98881E-05 9.98881E-05 9.98881E-05 9.98881E-05 9.98881E-05
9.98921E-05 9.98921E-05 9.98921E-05 0.985838 9.98921E-05 9.98921E-05 9.98921E-05 9.98921E-05 9.98921E-05 9.98921E-05 9.98921E-05 9.98921E-05 9.98921E-05 0.0129638
9.98831E-05 9.98831E-05 9.98831E-05 0.998702 9.98831E-05 9.98831E-05 9.98831E-05 9.98831E-05 9.98831E-05 9.98831E-05 9.98831E-05 9.98831E-05 9.98831E-05 9.98831E-05
9.98801E-05 9.98801E-05 9.98801E-05 0.976841 9.98801E-05 9.98801E-05 9.98801E-05 9.98801E-05 9.98801E-05 0.0219606 9.98801E-05 9.98801E-05 9.98801E-05 9.98801E-05
9.99462E-05 9.99462E-05 9.99462E-05 0.443115 0.00039016 0.164354 0.113766 0.0268761 9.99462E-05 0.195447 0.0289008 9.99462E-05 9.99462E-05 0.0265508
9.9901E-05 9.9901E-05 9.9901E-05 0.915069 9.9901E-05 9.9901E-05 0.0819766 9.9901E-05 9.9901E-05 9.9901E-05 9.9901E-05 9.9901E-05 9.9901E-05 0.00185542
9.98919E-05 9.98919E-05 9.98919E-05 9.98919E-05 0.820863 9.98919E-05 9.98919E-05 9.98919E-05 9.98919E-05 9.98919E-05 9.98919E-05 9.98919E-05 9.98919E-05 0.177939
0.00504419 9.99189E-05 9.99189E-05 0.0357507 9.99189E-05 0.0279877 0.921835 9.99189E-05 9.99189E-05 9.99189E-05 9.99189E-05 9.99189E-05 9.99189E-05 0.0084836
9.98901E-05 9.98901E-05 9.98901E-05 9.98901E-05 9.98901E-05 9.98901E-05 0.00175786 0.0346102 9.98901E-05 0.962533 9.98901E-05 9.98901E-05 9.98901E-05 9.98901E-05
0.0154103 9.991E-05 0.0228881 9.991E-05 9.991E-05 9.991E-05 9.991E-05 0.151344 9.991E-05 9.991E-05 9.991E-05 9.991E-05 0.809358 9.991E-05
9.99101E-05 9.99101E-05 9.99101E-05 9.99101E-05 0.00246469 9.99101E-05 9.99101E-05 9.99101E-05 0.0112355 9.99101E-05 9.99101E-05 0.00393079 0.0399021 0.941568
9.98923E-05 9.98923E-05 9.98923E-05 9.98923E-05 9.98923E-05 0.0425537 9.98923E-05 9.98923E-05 9.98923E-05 9.98923E-05 9.98923E-05 9.98923E-05 0.956248 9.98923E-05
9.99009E-05 0.115186 9.99009E-05 9.99009E-05 0.000944784 9.99009E-05 9.99009E-05 9.99009E-05 9.99009E-05 9.99009E-05 9.99009E-05 9.99009E-05 0.882771 9.99009E-05
0.0506963 0.0649803 9.99189E-05 9.99189E-05 9.99189E-05 9.99189E-05 9.99189E-05 0.0424707 9.99189E-05 9.99189E-05 9.99189E-05 0.00181968 0.839134 9.99189E-05
9.98831E-05 9.98831E-05 9.98831E-05 9.98831E-05 9.98831E-05 9.98831E-05 9.98831E-05 9.98831E-05 0.998702 9.98831E-05 9.98831E-05 9.98831E-05 9.98831E-05 9.98831E-05
9.98925E-05 9.98925E-05 9.98925E-05 9.98925E-05 9.98925E-05 9.98925E-05 9.98925E-05 9.98925E-05 9.98925E-05 0.987595 9.98925E-05 9.98925E-05 9.98925E-05 0.0112063
9.98801E-05 9.98801E-05 0.998702 9.98801E-05 9.98801E-05 9.98801E-05 9.98801E-05 9.98801E-05 9.98801E-05 9.98801E-05 9.98801E-05 9.98801E-05 9.98801E-05 9.98801E-05
9.99014E-05 9.99014E-05 9.99014E-05 9.99014E-05 9.99014E-05 9.99014E-05 9.99014E-05 9.99014E-05 9.99014E-05 0.92948 9.99014E-05 9.99014E-05 0.039931 0.0294903
9.9901E-05 9.9901E-05 9.9901E-05 9.9901E-05 9.9901E-05 9.9901E-05 9.9901E-05 0.0556357 9.9901E-05 0.920119 9.9901E-05 0.023146 9.9901E-05 9.9901E-05
9.99001E-05 9.99001E-05 9.99001E-05 0.0344787 9.99001E-05 9.99001E-05 0.0346244 9.99001E-05 9.99001E-05 0.864126 9.99001E-05 9.99001E-05 9.99001E-05 0.0657722
9.99101E-05 9.99101E-05 9.99101E-05 9.99101E-05 0.00172959 9.99101E-05 0.0589038 9.99101E-05 0.00977159 0.862687 9.99101E-05 9.99101E-05 9.99101E-05 0.0660085
9.99102E-05 9.99102E-05 0.0179775 9.99102E-05 9.99102E-05 0.0290848 9.99102E-05 0.0841914 9.99102E-05 0.867747 9.99102E-05 9.99102E-05 9.99102E-05 9.99102E-05
9.99099E-05 9.99099E-05 0.0054079 9.99099E-05 9.99099E-05 9.99099E-05 9.99099E-05 0.0302388 9.99099E-05 0.929553 9.99099E-05 0.0338008 9.99099E-05 9.99099E-05
9.99194E-05 9.99194E-05 9.99194E-05 0.287091 9.99194E-05 0.2573 0.0515259 9.99194E-05 9.99194E-05 0.394891 9.99194E-05 0.0082932 9.99194E-05 9.99194E-05
9.99103E-05 9.99103E-05 9.99103E-05 0.12384 9.99103E-05 0.43315 9.99103E-05 9.99103E-05 0.0220483 0.419963 9.99103E-05 9.99103E-05 9.99103E-05 9.99103E-05
0.000738727 0.0221942 9.9928E-05 0.0285077 9.9928E-05 9.9928E-05 9.9928E-05 9.9928E-05 9.9928E-05 0.919099 0.00152792 9.9928E-05 9.9928E-05 0.0271336
9.9919E-05 9.9919E-05 9.9919E-05 0.0120541 9.9919E-05 9.9919E-05 0.0145279 0.0283215 9.9919E-05 0.00333579 9.9919E-05 9.9919E-05 9.9919E-05 0.940862
9.9892E-05 9.9892E-05 9.9892E-05 0.0131148 9.9892E-05 9.9892E-05 9.9892E-05 9.9892E-05 9.9892E-05 9.9892E-05 9.9892E-05 9.9892E-05 9.9892E-05 0.985687
0.982376 9.99011E-05 9.99011E-05 9.99011E-05 0.00714203 9.99011E-05 9.99011E-05 0.00938272 9.99011E-05 9.99011E-05 9.99011E-05 9.99011E-05 9.99011E-05 9.99011E-05
0.985707 9.98922E-05 9.98922E-05 9.98922E-05 9.98922E-05 9.98922E-05 9.98922E-05 0.0130945 9.98922E-05 9.98922E-05 9.98922E-05 9.98922E-05 9.98922E-05 9.98922E-05
9.99189E-05 0.799976 9.99189E-05 9.99189E-05 9.99189E-05 9.99189E-05 0.0750072 0.0730285 9.99189E-05 9.99189E-05 9.99189E-05 9.99189E-05 0.0280085 0.0230806
9.99279E-05 0.762889 9.99279E-05 9.99279E-05 9.99279E-05 9.99279E-05 0.0479853 0.0357118 0.026839 9.99279E-05 9.99279E-05 9.99279E-05 0.0111336 0.114642
0.970283 9.99012E-05 9.99012E-05 9.99012E-05 9.99012E-05 9.99012E-05 9.99012E-05 9.99012E-05 9.99012E-05 9.99012E-05 9.99012E-05 0.0140894 9.99012E-05 0.0145283
0.998702 9.98832E-05 9.98832E-05 9.98832E-05 9.98832E-05 9.98832E-05 9.98832E-05 9.98832E-05 9.98832E-05 9.98832E-05 9.98832E-05 9.98832E-05 9.98832E-05 9.98832E-05
9.99101E-05 9.99101E-05 9.99101E-05 0.0215634 0.911413 9.99101E-05 0.011463 9.99101E-05 9.99101E-05 9.99101E-05 9.99101E-05 9.99101E-05 0.016509 0.0381522
9.99101E-05 9.99101E-05 9.99101E-05 9.99101E-05 9.99101E-05 0.0998575 9.99101E-05 0.667352 9.99101E-05 9.99101E-05 0.0274844 9.99101E-05 0.101177 0.10323
9.99099E-05 9.99099E-05 0.0271385 0.0339122 9.99099E-05 0.0394608 0.898489 9.99099E-05 9.99099E-05 9.99099E-05 9.99099E-05 9.99099E-05 9.99099E-05 9.99099E-05
9.99193E-05 0.235689 9.99193E-05 9.99193E-05 9.99193E-05 9.99193E-05 9.99193E-05 9.99193E-05 9.99193E-05 0.0143361 0.0694648 0.526949 0.152662 9.99193E-05
0.0635315 9.99371E-05 0.0210432 9.99371E-05 0.0936125 9.99371E-05 9.99371E-05 9.99371E-05 9.99371E-05 9.99371E-05 0.0374753 0.603553 0.178795 0.00129004
0.029582 9.99372E-05 0.00176374 0.183541 9.99372E-05 0.145879 0.0454628 9.99372E-05 9.99372E-05 0.539913 0.0531592 9.99372E-05 9.99372E-05 9.99372E-05
