9.99189E-05 9.99189E-05 9.99189E-05 0.00024834 0.0504353 0.937069 9.99189E-05 9.99189E-05 9.99189E-05 9.99189E-05 9.99189E-05 0.00197601 0.00937218 9.99189E-05
0.137709 9.99099E-05 9.99099E-05 9.99099E-05 9.99099E-05 0.0552486 0.7299 9.99099E-05 9.99099E-05 0.0761434 9.99099E-05 9.99099E-05 9.99099E-05 9.99099E-05
9.98831E-05 9.98831E-05 0.998702 9.98831E-05 9.98831E-05 9.98831E-05 9.98831E-05 9.98831E-05 9.98831E-05 9.98831E-05 9.98831E-05 9.98831E-05 9.98831E-05 9.98831E-05
0.935203 0.00504494 0.0120388 9.9919E-05 9.9919E-05 9.9919E-05 9.9919E-05 9.9919E-05 9.9919E-05 9.9919E-05 9.9919E-05 0.01291 9.9919E-05 0.0339037
0.362544 9.99551E-05 0.0405631 0.104121 0.0776263 0.0132055 0.178694 9.99551E-05 0.158948 0.0422994 9.99551E-05 9.99551E-05 9.99551E-05 0.0214981
0.987452 9.98921E-05 9.98921E-05 9.98921E-05 9.98921E-05 9.98921E-05 9.98921E-05 9.98921E-05 9.98921E-05 9.98921E-05 0.0113489 9.98921E-05 9.98921E-05 9.98921E-05
9.9883E-05 9.9883E-05 9.9883E-05 9.9883E-05 9.9883E-05 9.9883E-05 9.9883E-05 9.9883E-05 0.998702 9.9883E-05 9.9883E-05 9.9883E-05 9.9883E-05 9.9883E-05
0.0495065 9.99101E-05 9.99101E-05 0.719179 0.104876 9.99101E-05 0.096526 9.99101E-05 9.99101E-05 9.99101E-05 9.99101E-05 9.99101E-05 9.99101E-05 0.029013
9.99099E-05 9.99099E-05 9.99099E-05 0.0144194 9.99099E-05 9.99099E-05 0.0447917 9.99099E-05 0.936704 9.99099E-05 9.99099E-05 9.99099E-05 9.99099E-05 0.00308597
9.98922E-05 9.98922E-05 9.98922E-05 9.98922E-05 0.896239 9.98922E-05 9.98922E-05 9.98922E-05 0.102563 9.98922E-05 9.98922E-05 9.98922E-05 9.98922E-05 9.98922E-05
9.98801E-05 9.98801E-05 9.98801E-05 9.98801E-05 0.886524 9.98801E-05 9.98801E-05 9.98801E-05 0.112277 9.98801E-05 9.98801E-05 9.98801E-05 9.98801E-05 9.98801E-05
0.000517359 9.9919E-05 0.0429564 9.9919E-05 9.9919E-05 0.672956 9.9919E-05 0.163164 9.9919E-05 9.9919E-05 9.9919E-05 0.119507 9.9919E-05 9.9919E-05
9.98923E-05 9.98923E-05 9.98923E-05 0.0370808 9.98923E-05 9.98923E-05 9.98923E-05 0.961721 9.98923E-05 9.98923E-05 9.98923E-05 9.98923E-05 9.98923E-05 9.98923E-05
0.966099 9.98921E-05 9.98921E-05 9.98921E-05 9.98921E-05 9.98921E-05 9.98921E-05 9.98921E-05 9.98921E-05 9.98921E-05 9.98921E-05 9.98921E-05 0.032702 9.98921E-05
0.973068 9.99011E-05 9.99011E-05 9.99011E-05 9.99011E-05 0.0246006 9.99011E-05 9.99011E-05 9.99011E-05 9.99011E-05 9.99011E-05 9.99011E-05 0.00123213 9.99011E-05
9.99278E-05 0.0414647 9.99278E-05 9.99278E-05 0.271776 0.110805 9.99278E-05 0.257868 0.222955 0.0943319 9.99278E-05 9.99278E-05 9.99278E-05 9.99278E-05
9.98918E-05 9.98918E-05 9.98918E-05 9.98918E-05 0.0522606 9.98918E-05 9.98918E-05 9.98918E-05 9.98918E-05 0.946541 9.98918E-05 9.98918E-05 9.98918E-05 9.98918E-05
9.99188E-05 9.99188E-05 9.99188E-05 9.99188E-05 0.111768 0.0107569 0.060142 9.99188E-05 9.99188E-05 9.99188E-05 9.99188E-05 9.99188E-05 0.793896 0.0225384
9.9901E-05 9.9901E-05 9.9901E-05 9.9901E-05 9.9901E-05 9.9901E-05 9.9901E-05 9.9901E-05 9.9901E-05 9.9901E-05 0.844361 0.0729634 0.0815769 9.9901E-05
9.9928E-05 9.9928E-05 9.9928E-05 9.9928E-05 0.669124 0.165656 9.9928E-05 0.00534077 0.0244905 0.0801847 9.9928E-05 0.0544045 9.9928E-05 9.9928E-05
9.9892E-05 9.9892E-05 9.9892E-05 9.9892E-05 9.9892E-05 9.9892E-05 9.9892E-05 9.9892E-05 9.9892E-05 9.9892E-05 0.173051 9.9892E-05 0.82575 9.9892E-05
9.99189E-05 9.99189E-05 9.99189E-05 9.99189E-05 0.239379 0.549542 0.0412729 0.097707 9.99189E-05 0.0711991 9.99189E-05 9.99189E-05 9.99189E-05 9.99189E-05
9.9928E-05 9.9928E-05 9.9928E-05 0.000663521 0.160781 9.9928E-05 9.9928E-05 9.9928E-05 9.9928E-05 0.209868 9.9928E-05 0.158443 0.46272 0.00672581
9.99011E-05 9.99011E-05 9.99011E-05 9.99011E-05 9.99011E-05 9.99011E-05 9.99011E-05 9.99011E-05 9.99011E-05 9.99011E-05 0.00856387 0.00639812 0.983939 9.99011E-05
0.378928 0.576591 0.00910606 9.99192E-05 9.99192E-05 9.99192E-05 9.99192E-05 9.99192E-05 9.99192E-05 0.00832305 9.99192E-05 9.99192E-05 9.99192E-05 0.0261528
0.840474 0.158328 9.98922E-05 9.98922E-05 9.98922E-05 9.98922E-05 9.98922E-05 9.98922E-05 9.98922E-05 9.98922E-05 9.98922E-05 9.98922E-05 9.98922E-05 9.98922E-05
9.99099E-05 9.99099E-05 9.99099E-05 9.99099E-05 0.126956 0.0514213 9.99099E-05 0.801173 9.99099E-05 9.99099E-05 9.99099E-05 0.0194502 9.99099E-05 9.99099E-05
9.98831E-05 0.998702 9.98831E-05 9.98831E-05 9.98831E-05 9.98831E-05 9.98831E-05 9.98831E-05 9.98831E-05 9.98831E-05 9.98831E-05 9.98831E-05 9.98831E-05 9.98831E-05
9.98832E-05 0.998702 9.98832E-05 9.98832E-05 9.98832E-05 9.98832E-05 9.98832E-05 9.98832E-05 9.98832E-05 9.98832E-05 9.98832E-05 9.98832E-05 9.98832E-05 9.98832E-05
0.354384 0.183246 0.0270187 0.289853 9.99372E-05 9.99372E-05 9.99372E-05 9.99372E-05 9.99372E-05 9.99372E-05 0.0188797 0.00747299 9.99372E-05 0.118446
0.305848 9.99098E-05 9.99098E-05 0.608041 9.99098E-05 9.99098E-05 9.99098E-05 9.99098E-05 9.99098E-05 9.99098E-05 9.99098E-05 0.048156 9.99098E-05 0.0369557
9.98833E-05 9.98833E-05 9.98833E-05 9.98833E-05 9.98833E-05 9.98833E-05 0.998702 9.98833E-05 9.98833E-05 9.98833E-05 9.98833E-05 9.98833E-05 9.98833E-05 9.98833E-05
0.580097 0.229867 9.99012E-05 0.188937 9.99012E-05 9.99012E-05 9.99012E-05 9.99012E-05 9.99012E-05 9.99012E-05 9.99012E-05 9.99012E-05 9.99012E-05 9.99012E-05
9.99191E-05 0.000356659 9.99191E-05 0.339557 9.99191E-05 9.99191E-05 0.0461539 0.0156169 9.99191E-05 9.99191E-05 9.99191E-05 9.99191E-05 9.99191E-05 0.597416
9.99277E-05 9.99277E-05 9.99277E-05 0.0833005 0.0125959 0.00811807 9.99277E-05 0.533567 9.99277E-05 0.259015 9.99277E-05 0.102604 9.99277E-05 9.99277E-05
0.390467 0.576152 9.99189E-05 0.00199613 9.99189E-05 9.99189E-05 9.99189E-05 0.017094 9.99189E-05 0.0133911 9.99189E-05 9.99189E-05 9.99189E-05 9.99189E-05
0.0070926 9.99101E-05 0.0228626 0.0186646 9.99101E-05 0.950381 9.99101E-05 9.99101E-05 9.99101E-05 9.99101E-05 9.99101E-05 9.99101E-05 9.99101E-05 9.99101E-05
0.00579483 9.9937E-05 0.0359728 9.9937E-05 0.683306 0.063769 0.196374 9.9937E-05 9.9937E-05 9.9937E-05 0.00648594 9.9937E-05 0.00759744 9.9937E-05
9.98918E-05 9.98918E-05 9.98918E-05 0.0223808 9.98918E-05 9.98918E-05 9.98918E-05 9.98918E-05 9.98918E-05 0.97642 9.98918E-05 9.98918E-05 9.98918E-05 9.98918E-05
0.131194 9.99188E-05 9.99188E-05 9.99188E-05 0.378517 0.314984 0.0141363 9.99188E-05 9.99188E-05 0.160269 9.99188E-05 9.99188E-05 9.99188E-05 9.99188E-05
0.0837339 9.99101E-05 9.99101E-05 9.99101E-05 0.421714 0.323306 0.0421578 9.99101E-05 9.99101E-05 0.128189 9.99101E-05 9.99101E-05 9.99101E-05 9.99101E-05
9.98921E-05 9.98921E-05 9.98921E-05 9.98921E-05 0.97471 0.0240908 9.98921E-05 9.98921E-05 9.98921E-05 9.98921E-05 9.98921E-05 9.98921E-05 9.98921E-05 9.98921E-05
9.99188E-05 9.99188E-05 9.99188E-05 9.99188E-05 0.272292 0.215446 9.99188E-05 0.0868846 0.421424 9.99188E-05 9.99188E-05 9.99188E-05 0.00305377 9.99188E-05
9.99011E-05 9.99011E-05 9.99011E-05 9.99011E-05 0.983563 9.99011E-05 9.99011E-05 0.0142528 9.99011E-05 0.00108542 9.99011E-05 9.99011E-05 9.99011E-05 9.99011E-05
9.99279E-05 9.99279E-05 9.99279E-05 9.99279E-05 0.4698 0.0567127 0.041664 0.164692 9.99279E-05 9.99279E-05 9.99279E-05 0.102495 0.163836 9.99279E-05
0.0614588 0.0080981 9.9964E-05 9.9964E-05 0.604022 0.117794 0.0782057 0.0773748 9.9964E-05 0.00225228 0.0363156 0.0103406 0.00373806 9.9964E-05
0.0774769 9.9946E-05 9.9946E-05 9.9946E-05 0.216368 0.170042 9.9946E-05 0.175703 0.0296316 0.266833 9.9946E-05 0.00154092 9.9946E-05 0.0618047
9.98928E-05 9.98928E-05 9.98928E-05 9.98928E-05 9.98928E-05 0.987095 9.98928E-05 9.98928E-05 9.98928E-05 9.98928E-05 0.0117063 9.98928E-05 9.98928E-05 9.98928E-05
9.98831E-05 9.98831E-05 9.98831E-05 9.98831E-05 9.98831E-05 9.98831E-05 9.98831E-05 9.98831E-05 9.98831E-05 9.98831E-05 9.98831E-05 9.98831E-05 9.98831E-05 0.998702
9.98831E-05 9.98831E-05 9.98831E-05 9.98831E-05 9.98831E-05 9.98831E-05 9.98831E-05 9.98831E-05 9.98831E-05 9.98831E-05 9.98831E-05 9.98831E-05 9.98831E-05 0.998702
9.99101E-05 9.99101E-05 9.99101E-05 9.99101E-05 0.0327298 9.99101E-05 9.99101E-05 9.99101E-05 9.99101E-05 0.00257658 9.99101E-05 0.00193805 9.99101E-05 0.961756
9.98832E-05 9.98832E-05 9.98832E-05 9.98832E-05 9.98832E-05 9.98832E-05 9.98832E-05 9.98832E-05 9.98832E-05 9.98832E-05 9.98832E-05 9.98832E-05 9.98832E-05 0.998702
9.98922E-05 0.0128979 9.98922E-05 9.98922E-05 9.98922E-05 9.98922E-05 9.98922E-05 9.98922E-05 9.98922E-05 9.98922E-05 9.98922E-05 9.98922E-05 9.98922E-05 0.985903
0.0418571 0.00418614 9.99461E-05 0.39922 0.0443427 9.99461E-05 0.0836594 9.99461E-05 0.0556663 9.99461E-05 9.99461E-05 9.99461E-05 0.0529788 0.31749
9.98921E-05 9.98921E-05 9.98921E-05 9.98921E-05 9.98921E-05 9.98921E-05 0.0466936 9.98921E-05 9.98921E-05 9.98921E-05 9.98921E-05 9.98921E-05 9.98921E-05 0.952108
9.99099E-05 9.99099E-05 9.99099E-05 9.99099E-05 0.00719146 0.908361 9.99099E-05 0.0355746 0.0478739 9.99099E-05 9.99099E-05 9.99099E-05 9.99099E-05 9.99099E-05
9.99279E-05 0.025053 0.0293897 9.99279E-05 9.99279E-05 9.99279E-05 0.863812 9.99279E-05 0.0339655 9.99279E-05 9.99279E-05 0.00628271 9.99279E-05 0.0406975
0.644107 0.354694 9.98919E-05 9.98919E-05 9.98919E-05 9.98919E-05 9.98919E-05 9.98919E-05 9.98919E-05 9.98919E-05 9.98919E-05 9.98919E-05 9.98919E-05 9.98919E-05
9.99191E-05 9.99191E-05 9.99191E-05 9.99191E-05 9.99191E-05 0.0800004 9.99191E-05 0.865345 0.0213939 9.99191E-05 9.99191E-05 0.0204749 9.99191E-05 0.011887
9.9946E-05 0.041458 0.00163985 9.9946E-05 0.130364 0.24295 9.9946E-05 0.227012 0.311433 0.0366797 9.9946E-05 0.00786363 9.9946E-05 9.9946E-05
9.99013E-05 9.99013E-05 0.0137084 9.99013E-05 9.99013E-05 9.99013E-05 9.99013E-05 0.958315 0.0268776 9.99013E-05 9.99013E-05 9.99013E-05 9.99013E-05 9.99013E-05
9.98919E-05 9.98919E-05 9.98919E-05 9.98919E-05 0.0786146 9.98919E-05 9.98919E-05 0.920187 9.98919E-05 9.98919E-05 9.98919E-05 9.98919E-05 9.98919E-05 9.98919E-05
9.99099E-05 9.99099E-05 9.99099E-05 9.99099E-05 0.0667441 9.99099E-05 9.99099E-05 0.855651 9.99099E-05 9.99099E-05 0.0113203 0.0652854 9.99099E-05 9.99099E-05
9.9892E-05 9.9892E-05 9.9892E-05 9.9892E-05 9.9892E-05 9.9892E-05 0.0111079 9.9892E-05 9.9892E-05 9.9892E-05 0.987693 9.9892E-05 9.9892E-05 9.9892E-05
0.293681 0.678462 0.0267583 9.99013E-05 9.99013E-05 9.99013E-05 9.99013E-05 9.99013E-05 9.99013E-05 9.99013E-05 9.99013E-05 9.99013E-05 9.99013E-05 9.99013E-05
0.0716386 0.102288 9.9964E-05 9.9964E-05 0.0893208 0.0793468 0.117263 0.209503 9.9964E-05 0.0277015 0.00871669 9.9964E-05 0.0773776 0.216444
0.774906 0.0850451 0.13895 9.99012E-05 9.99012E-05 9.99012E-05 9.99012E-05 9.99012E-05 9.99012E-05 9.99012E-05 9.99012E-05 9.99012E-05 9.99012E-05 9.99012E-05
0.769735 0.180545 9.9919E-05 0.0129871 9.9919E-05 9.9919E-05 9.9919E-05 9.9919E-05 9.9919E-05 0.0298963 9.9919E-05 9.9919E-05 9.9919E-05 0.00593753
9.99011E-05 0.988022 9.99011E-05 9.99011E-05 9.99011E-05 9.99011E-05 0.00626582 9.99011E-05 0.00461324 9.99011E-05 9.99011E-05 9.99011E-05 9.99011E-05 9.99011E-05
9.98922E-05 0.998674 9.98922E-05 9.98922E-05 9.98922E-05 0.000126796 9.98922E-05 9.98922E-05 9.98922E-05 9.98922E-05 9.98922E-05 9.98922E-05 9.98922E-05 9.98922E-05
0.732209 0.0433114 9.99461E-05 0.167844 0.0147669 0.00401757 0.0119034 9.99461E-05 0.00106349 9.99461E-05 9.99461E-05 0.0242839 9.99461E-05 9.99461E-05
0.47852 0.504551 9.99099E-05 9.99099E-05 9.99099E-05 9.99099E-05 9.99099E-05 9.99099E-05 0.00603966 0.00989004 9.99099E-05 9.99099E-05 9.99099E-05 9.99099E-05
9.9892E-05 9.9892E-05 0.0196396 0.979162 9.9892E-05 9.9892E-05 9.9892E-05 9.9892E-05 9.9892E-05 9.9892E-05 9.9892E-05 9.9892E-05 9.9892E-05 9.9892E-05
9.9901E-05 9.9901E-05 9.9901E-05 0.91499 9.9901E-05 9.9901E-05 9.9901E-05 0.0133008 0.07061 9.9901E-05 9.9901E-05 9.9901E-05 9.9901E-05 9.9901E-05
0.797734 0.131798 0.0332427 9.99101E-05 9.99101E-05 9.99101E-05 9.99101E-05 9.99101E-05 9.99101E-05 9.99101E-05 9.99101E-05 9.99101E-05 9.99101E-05 0.0362256
9.99368E-05 0.0469765 9.99368E-05 9.99368E-05 0.267711 0.127443 0.0140837 9.99368E-05 0.411728 0.0754378 9.99368E-05 0.0559209 9.99368E-05 9.99368E-05
9.99368E-05 0.0462264 9.99368E-05 9.99368E-05 0.217639 0.167691 9.99368E-05 0.0454486 0.421588 0.01623 9.99368E-05 0.084478 9.99368E-05 9.99368E-05
9.98832E-05 9.98832E-05 9.98832E-05 9.98832E-05 9.98832E-05 9.98832E-05 9.98832E-05 9.98832E-05 9.98832E-05 9.98832E-05 9.98832E-05 0.998702 9.98832E-05 9.98832E-05
9.98832E-05 9.98832E-05 9.98832E-05 9.98832E-05 9.98832E-05 9.98832E-05 9.98832E-05 9.98832E-05 9.98832E-05 9.98832E-05 9.98832E-05 0.998702 9.98832E-05 9.98832E-05
9.99099E-05 0.0177429 9.99099E-05 9.99099E-05 0.916024 9.99099E-05 0.0645449 9.99099E-05 0.000689341 9.99099E-05 9.99099E-05 9.99099E-05 9.99099E-05 9.99099E-05
9.9919E-05 0.0281092 9.9919E-05 9.9919E-05 0.881689 0.000505775 0.0316533 0.0571431 9.9919E-05 9.9919E-05 9.9919E-05 9.9919E-05 9.9919E-05 9.9919E-05
9.99191E-05 9.99191E-05 9.99191E-05 0.0271478 0.0204348 9.99191E-05 0.00271827 9.99191E-05 0.000163277 9.99191E-05 9.99191E-05 0.948637 9.99191E-05 9.99191E-05
9.98832E-05 9.98832E-05 9.98832E-05 9.98832E-05 9.98832E-05 9.98832E-05 9.98832E-05 9.98832E-05 9.98832E-05 9.98832E-05 9.98832E-05 0.998702 9.98832E-05 9.98832E-05
9.98901E-05 9.98901E-05 9.98901E-05 9.98901E-05 9.98901E-05 0.962363 9.98901E-05 0.0337543 9.98901E-05 9.98901E-05 9.98901E-05 9.98901E-05 9.98901E-05 0.00278372
9.99459E-05 9.99459E-05 9.99459E-05 9.99459E-05 0.350806 0.139399 0.0234835 0.158683 0.244438 0.0148802 0.0643671 9.99459E-05 0.00334381 9.99459E-05
9.9901E-05 9.9901E-05 9.9901E-05 9.9901E-05 9.9901E-05 9.9901E-05 0.916676 9.9901E-05 0.0434553 9.9901E-05 9.9901E-05 9.9901E-05 9.9901E-05 0.0387703
0.0321842 9.99373E-05 9.99373E-05 9.99373E-05 0.197301 9.99373E-05 9.99373E-05 0.249606 9.99373E-05 0.356968 0.00363451 0.0713431 0.0882629 9.99373E-05
9.99192E-05 9.99192E-05 9.99192E-05 9.99192E-05 9.99192E-05 0.112763 9.99192E-05 0.249349 9.99192E-05 0.510032 0.0268477 0.100109 9.99192E-05 9.99192E-05
0.0199894 0.209089 9.99281E-05 0.68006 9.99281E-05 9.99281E-05 9.99281E-05 9.99281E-05 9.99281E-05 9.99281E-05 9.99281E-05 0.0257276 0.0500327 0.0143028
