9.98649E-05 9.98649E-05 9.98649E-05 9.98649E-05 9.98649E-05 0.923175 9.98649E-05 0.0112492 9.98649E-05 9.98649E-05 9.98649E-05 9.98649E-05 9.98649E-05 9.98649E-05 9.98649E-05 9.98649E-05 0.0640778 9.98649E-05
9.98739E-05 9.98739E-05 9.98739E-05 9.98739E-05 9.98739E-05 9.98739E-05 9.98739E-05 9.98739E-05 9.98739E-05 0.139358 9.98739E-05 9.98739E-05 0.181508 0.648617 0.0291193 9.98739E-05 9.98739E-05 9.98739E-05
9.9847E-05 9.9847E-05 9.9847E-05 9.9847E-05 9.9847E-05 9.9847E-05 0.998303 9.9847E-05 9.9847E-05 9.9847E-05 9.9847E-05 9.9847E-05 9.9847E-05 9.9847E-05 9.9847E-05 9.9847E-05 9.9847E-05 9.9847E-05
9.98741E-05 9.98741E-05 9.98741E-05 9.98741E-05 9.98741E-05 9.98741E-05 9.98741E-05 9.98741E-05 0.00342966 0.894434 9.98741E-05 0.093776 9.98741E-05 9.98741E-05 9.98741E-05 0.00696254 9.98741E-05 9.98741E-05
9.99101E-05 0.0322143 9.99101E-05 0.109825 9.99101E-05 9.99101E-05 0.174992 9.99101E-05 0.0459482 0.21542 9.99101E-05 9.99101E-05 9.99101E-05 0.149202 9.99101E-05 9.99101E-05 0.13872 0.132679
9.98651E-05 0.0190388 9.98651E-05 0.0410934 9.98651E-05 9.98651E-05 9.98651E-05 9.98651E-05 9.98651E-05 0.93837 9.98651E-05 9.98651E-05 9.98651E-05 9.98651E-05 9.98651E-05 9.98651E-05 9.98651E-05 9.98651E-05
9.98472E-05 9.98472E-05 9.98472E-05 9.98472E-05 9.98472E-05 9.98472E-05 9.98472E-05 9.98472E-05 9.98472E-05 9.98472E-05 9.98472E-05 9.98472E-05 9.98472E-05 9.98472E-05 9.98472E-05 9.98472E-05 9.98472E-05 0.998303
9.98918E-05 9.98918E-05 9.98918E-05 0.684051 9.98918E-05 9.98918E-05 0.0375427 9.98918E-05 0.0415957 9.98918E-05 9.98918E-05 0.0493377 9.98918E-05 0.12391 9.98918E-05 9.98918E-05 0.0623642 9.98918E-05
9.98651E-05 9.98651E-05 9.98651E-05 9.98651E-05 9.98651E-05 9.98651E-05 9.98651E-05 9.98651E-05 9.98651E-05 9.98651E-05 9.98651E-05 9.98651E-05 9.98651E-05 0.0421542 0.00400295 9.98651E-05 9.98651E-05 0.952345
9.98562E-05 9.98562E-05 9.98562E-05 9.98562E-05 9.98562E-05 9.98562E-05 9.98562E-05 9.98562E-05 9.98562E-05 9.98562E-05 9.98562E-05 9.98562E-05 9.98562E-05 9.98562E-05 9.98562E-05 9.98562E-05 0.884885 0.113518
9.98403E-05 9.98403E-05 9.98403E-05 9.98403E-05 9.98403E-05 9.98403E-05 9.98403E-05 9.98403E-05 9.98403E-05 9.98403E-05 9.98403E-05 9.98403E-05 9.98403E-05 9.98403E-05 9.98403E-05 9.98403E-05 0.884494 0.113909
9.9901E-05 0.0440982 0.0899122 9.9901E-05 9.9901E-05 0.674389 0.00446435 9.9901E-05 9.9901E-05 9.9901E-05 9.9901E-05 0.0373866 9.9901E-05 9.9901E-05 9.9901E-05 0.109087 9.9901E-05 0.0395632
9.98653E-05 9.98653E-05 0.928593 0.0293838 9.98653E-05 9.98653E-05 9.98653E-05 9.98653E-05 9.98653E-05 9.98653E-05 9.98653E-05 9.98653E-05 9.98653E-05 9.98653E-05 9.98653E-05 9.98653E-05 9.98653E-05 0.0405249
0.0121171 0.0130154 9.98921E-05 9.98921E-05 9.98921E-05 0.0148515 9.98921E-05 9.98921E-05 9.98921E-05 0.938377 9.98921E-05 9.98921E-05 0.00862287 0.0118177 9.98921E-05 9.98921E-05 9.98921E-05 9.98921E-05
9.98651E-05 9.98651E-05 9.98651E-05 9.98651E-05 9.98651E-05 0.0257795 9.98651E-05 0.00942616 9.98651E-05 0.963296 9.98651E-05 9.98651E-05 9.98651E-05 9.98651E-05 9.98651E-05 9.98651E-05 9.98651E-05 9.98651E-05
9.9874E-05 0.077764 0.085634 9.9874E-05 9.9874E-05 9.9874E-05 9.9874E-05 9.9874E-05 9.9874E-05 9.9874E-05 0.792412 9.9874E-05 9.9874E-05 9.9874E-05 9.9874E-05 9.9874E-05 0.0427916 9.9874E-05
9.98651E-05 9.98651E-05 9.98651E-05 9.98651E-05 9.98651E-05 9.98651E-05 9.98651E-05 0.0245104 9.98651E-05 9.98651E-05 9.98651E-05 9.98651E-05 9.98651E-05 9.98651E-05 0.927832 9.98651E-05 0.0461599 9.98651E-05
0.752066 9.98918E-05 9.98918E-05 9.98918E-05 9.98918E-05 9.98918E-05 0.0108748 9.98918E-05 0.013182 9.98918E-05 9.98918E-05 9.98918E-05 0.136842 0.0350015 9.98918E-05 9.98918E-05 0.0508361 9.98918E-05
0.374233 9.9865E-05 9.9865E-05 9.9865E-05 0.532513 9.9865E-05 9.9865E-05 9.9865E-05 9.9865E-05 9.9865E-05 9.9865E-05 9.9865E-05 9.9865E-05 9.9865E-05 9.9865E-05 0.0917568 9.9865E-05 9.9865E-05
9.98919E-05 0.156212 9.98919E-05 9.98919E-05 9.98919E-05 0.0942593 9.98919E-05 9.98919E-05 9.98919E-05 9.98919E-05 0.324781 9.98919E-05 9.98919E-05 9.98919E-05 0.00691469 0.0129498 0.403684 9.98919E-05
0.998303 9.98472E-05 9.98472E-05 9.98472E-05 9.98472E-05 9.98472E-05 9.98472E-05 9.98472E-05 9.98472E-05 9.98472E-05 9.98472E-05 9.98472E-05 9.98472E-05 9.98472E-05 9.98472E-05 9.98472E-05 9.98472E-05 9.98472E-05
9.98919E-05 9.98919E-05 0.0340613 9.98919E-05 9.98919E-05 0.388011 9.98919E-05 9.98919E-05 9.98919E-05 9.98919E-05 0.248757 9.98919E-05 0.256782 9.98919E-05 0.046235 9.98919E-05 0.0249547 9.98919E-05
9.9847E-05 9.9847E-05 9.9847E-05 9.9847E-05 9.9847E-05 9.9847E-05 9.9847E-05 0.998303 9.9847E-05 9.9847E-05 9.9847E-05 9.9847E-05 9.9847E-05 9.9847E-05 9.9847E-05 9.9847E-05 9.9847E-05 9.9847E-05
0.927127 0.038429 9.98651E-05 9.98651E-05 9.98651E-05 9.98651E-05 9.98651E-05 0.0329465 9.98651E-05 9.98651E-05 9.98651E-05 9.98651E-05 9.98651E-05 9.98651E-05 9.98651E-05 9.98651E-05 9.98651E-05 9.98651E-05
9.98564E-05 9.98564E-05 9.98564E-05 9.98564E-05 9.98564E-05 9.98564E-05 9.98564E-05 9.98564E-05 9.98564E-05 0.333738 9.98564E-05 0.664664 9.98564E-05 9.98564E-05 9.98564E-05 9.98564E-05 9.98564E-05 9.98564E-05
9.98562E-05 9.98562E-05 9.98562E-05 9.98562E-05 9.98562E-05 9.98562E-05 9.98562E-05 9.98562E-05 9.98562E-05 0.716348 9.98562E-05 0.282054 9.98562E-05 9.98562E-05 9.98562E-05 9.98562E-05 9.98562E-05 9.98562E-05
9.99008E-05 9.99008E-05 0.798256 9.99008E-05 9.99008E-05 0.0737763 9.99008E-05 0.0195846 9.99008E-05 9.99008E-05 0.00620895 9.99008E-05 9.99008E-05 9.99008E-05 0.00449626 0.0387372 0.0578419 9.99008E-05
9.98472E-05 9.98472E-05 9.98472E-05 9.98472E-05 9.98472E-05 9.98472E-05 9.98472E-05 9.98472E-05 9.98472E-05 9.98472E-05 9.98472E-05 0.998303 9.98472E-05 9.98472E-05 9.98472E-05 9.98472E-05 9.98472E-05 9.98472E-05
9.98652E-05 9.98652E-05 0.00396999 9.98652E-05 9.98652E-05 9.98652E-05 0.000622963 9.98652E-05 9.98652E-05 9.98652E-05 9.98652E-05 0.993909 9.98652E-05 9.98652E-05 9.98652E-05 9.98652E-05 9.98652E-05 9.98652E-05
9.99191E-05 9.99191E-05 9.99191E-05 0.272018 0.0292804 9.99191E-05 0.0640021 9.99191E-05 0.123387 0.280456 9.99191E-05 0.210443 9.99191E-05 0.00502491 0.0091829 0.00530611 9.99191E-05 9.99191E-05
9.9892E-05 9.9892E-05 9.9892E-05 0.525266 9.9892E-05 9.9892E-05 9.9892E-05 0.000870304 0.0273341 0.28165 9.9892E-05 0.134321 9.9892E-05 9.9892E-05 0.02936 9.9892E-05 9.9892E-05 9.9892E-05
9.98475E-05 9.98475E-05 9.98475E-05 9.98475E-05 9.98475E-05 9.98475E-05 9.98475E-05 9.98475E-05 9.98475E-05 9.98475E-05 9.98475E-05 9.98475E-05 9.98475E-05 0.998303 9.98475E-05 9.98475E-05 9.98475E-05 9.98475E-05
9.98742E-05 9.98742E-05 9.98742E-05 0.194419 9.98742E-05 9.98742E-05 9.98742E-05 9.98742E-05 9.98742E-05 0.450717 9.98742E-05 0.341362 0.0121041 9.98742E-05 9.98742E-05 9.98742E-05 9.98742E-05 9.98742E-05
9.98832E-05 9.98832E-05 9.98832E-05 0.27364 9.98832E-05 9.98832E-05 0.033942 9.98832E-05 0.678294 9.98832E-05 9.98832E-05 9.98832E-05 9.98832E-05 9.98832E-05 9.98832E-05 9.98832E-05 0.00991005 0.00291531
9.98917E-05 9.98917E-05 0.523442 0.0429094 9.98917E-05 0.0159024 9.98917E-05 9.98917E-05 9.98917E-05 9.98917E-05 9.98917E-05 9.98917E-05 0.101744 9.98917E-05 0.212809 0.101995 9.98917E-05 9.98917E-05
9.98829E-05 0.0142226 9.98829E-05 0.0236232 9.98829E-05 9.98829E-05 9.98829E-05 9.98829E-05 9.98829E-05 0.263365 9.98829E-05 0.65751 0.0399807 9.98829E-05 9.98829E-05 9.98829E-05 9.98829E-05 9.98829E-05
9.98831E-05 0.00344587 9.98831E-05 0.00807319 9.98831E-05 0.96122 0.0121542 9.98831E-05 9.98831E-05 0.0138081 9.98831E-05 9.98831E-05 9.98831E-05 9.98831E-05 9.98831E-05 9.98831E-05 9.98831E-05 9.98831E-05
9.99099E-05 9.99099E-05 9.99099E-05 9.99099E-05 0.0115519 0.0920828 9.99099E-05 0.0515104 9.99099E-05 0.033017 9.99099E-05 9.99099E-05 0.0267681 0.185788 0.032191 9.99099E-05 0.566092 9.99099E-05
9.98473E-05 9.98473E-05 9.98473E-05 9.98473E-05 9.98473E-05 9.98473E-05 9.98473E-05 9.98473E-05 9.98473E-05 9.98473E-05 9.98473E-05 9.98473E-05 9.98473E-05 9.98473E-05 0.998303 9.98473E-05 9.98473E-05 9.98473E-05
9.9856E-05 9.9856E-05 9.9856E-05 9.9856E-05 9.9856E-05 9.9856E-05 9.9856E-05 9.9856E-05 9.9856E-05 0.0247443 9.9856E-05 9.9856E-05 0.973658 9.9856E-05 9.9856E-05 9.9856E-05 9.9856E-05 9.9856E-05
9.98561E-05 9.98561E-05 9.98561E-05 9.98561E-05 9.98561E-05 0.00376244 9.98561E-05 9.98561E-05 9.98561E-05 9.98561E-05 9.98561E-05 9.98561E-05 0.99464 9.98561E-05 9.98561E-05 9.98561E-05 9.98561E-05 9.98561E-05
9.98919E-05 0.0187525 0.00979859 9.98919E-05 9.98919E-05 0.0272164 9.98919E-05 9.98919E-05 9.98919E-05 9.98919E-05 9.98919E-05 9.98919E-05 0.0624249 9.98919E-05 0.0278272 9.98919E-05 0.852782 9.98919E-05
0.0211611 9.9901E-05 0.0448663 9.9901E-05 9.9901E-05 0.0150216 9.9901E-05 9.9901E-05 9.9901E-05 9.9901E-05 0.832751 9.9901E-05 0.00991051 9.9901E-05 9.9901E-05 9.9901E-05 0.018326 0.0568642
9.9883E-05 0.0775813 0.00185253 9.9883E-05 9.9883E-05 0.0263384 9.9883E-05 9.9883E-05 9.9883E-05 9.9883E-05 9.9883E-05 9.9883E-05 9.9883E-05 9.9883E-05 9.9883E-05 0.00351267 0.889417 9.9883E-05
0.0572998 0.151186 0.126595 9.99369E-05 9.99369E-05 0.0273745 9.99369E-05 0.0936055 9.99369E-05 9.99369E-05 0.0102391 9.99369E-05 0.171998 0.00951836 9.99369E-05 0.074464 0.272775 0.00424543
9.99369E-05 0.14112 0.0163533 0.0836727 0.0594411 0.0424585 9.99369E-05 0.00182895 9.99369E-05 0.014859 0.0383161 9.99369E-05 0.192572 9.99369E-05 9.99369E-05 0.00847636 0.400203 9.99369E-05
9.99189E-05 0.199093 0.0993703 9.99189E-05 0.00839554 0.16353 9.99189E-05 9.99189E-05 0.0198513 0.102746 9.99189E-05 9.99189E-05 9.99189E-05 9.99189E-05 0.185594 9.99189E-05 0.173453 0.0470673
9.9857E-05 9.9857E-05 9.9857E-05 9.9857E-05 9.9857E-05 0.971174 9.9857E-05 0.0272286 9.9857E-05 9.9857E-05 9.9857E-05 9.9857E-05 9.9857E-05 9.9857E-05 9.9857E-05 9.9857E-05 9.9857E-05 9.9857E-05
9.98473E-05 9.98473E-05 9.98473E-05 9.98473E-05 9.98473E-05 9.98473E-05 9.98473E-05 9.98473E-05 0.998303 9.98473E-05 9.98473E-05 9.98473E-05 9.98473E-05 9.98473E-05 9.98473E-05 9.98473E-05 9.98473E-05 9.98473E-05
9.98741E-05 9.98741E-05 9.98741E-05 9.98741E-05 0.00124494 9.98741E-05 9.98741E-05 0.00260573 0.967533 9.98741E-05 9.98741E-05 9.98741E-05 9.98741E-05 9.98741E-05 0.0272185 9.98741E-05 9.98741E-05 9.98741E-05
9.98652E-05 9.98652E-05 9.98652E-05 9.98652E-05 9.98652E-05 9.98652E-05 9.98652E-05 9.98652E-05 0.972201 9.98652E-05 0.0259413 0.000359297 9.98652E-05 9.98652E-05 9.98652E-05 9.98652E-05 9.98652E-05 9.98652E-05
9.98473E-05 9.98473E-05 9.98473E-05 9.98473E-05 9.98473E-05 9.98473E-05 9.98473E-05 9.98473E-05 0.998303 9.98473E-05 9.98473E-05 9.98473E-05 9.98473E-05 9.98473E-05 9.98473E-05 9.98473E-05 9.98473E-05 9.98473E-05
9.98473E-05 9.98473E-05 9.98473E-05 9.98473E-05 9.98473E-05 9.98473E-05 9.98473E-05 9.98473E-05 0.998303 9.98473E-05 9.98473E-05 9.98473E-05 9.98473E-05 9.98473E-05 9.98473E-05 9.98473E-05 9.98473E-05 9.98473E-05
9.99101E-05 9.99101E-05 9.99101E-05 0.325776 9.99101E-05 9.99101E-05 9.99101E-05 0.13022 0.372369 0.00323148 0.0210028 0.0413999 9.99101E-05 0.0324427 9.99101E-05 9.99101E-05 9.99101E-05 0.0725595
9.98562E-05 9.98562E-05 9.98562E-05 9.98562E-05 9.98562E-05 9.98562E-05 9.98562E-05 9.98562E-05 0.897238 9.98562E-05 9.98562E-05 9.98562E-05 9.98562E-05 0.101165 9.98562E-05 9.98562E-05 9.98562E-05 9.98562E-05
9.98648E-05 0.0544088 9.98648E-05 9.98648E-05 9.98648E-05 0.765618 9.98648E-05 9.98648E-05 9.98648E-05 9.98648E-05 0.178475 9.98648E-05 9.98648E-05 9.98648E-05 9.98648E-05 9.98648E-05 9.98648E-05 9.98648E-05
9.99009E-05 0.00614864 0.00460438 9.99009E-05 9.99009E-05 9.99009E-05 9.99009E-05 9.99009E-05 0.0358873 9.99009E-05 0.00417189 0.0247943 9.99009E-05 0.903703 9.99009E-05 9.99009E-05 9.99009E-05 0.0195912
9.98739E-05 0.0120035 9.98739E-05 9.98739E-05 9.98739E-05 9.98739E-05 9.98739E-05 9.98739E-05 9.98739E-05 0.453848 9.98739E-05 0.529171 0.00357952 9.98739E-05 9.98739E-05 9.98739E-05 9.98739E-05 9.98739E-05
9.98742E-05 9.98742E-05 0.823118 9.98742E-05 9.98742E-05 9.98742E-05 9.98742E-05 9.98742E-05 9.98742E-05 9.98742E-05 0.0263415 9.98742E-05 0.14636 9.98742E-05 9.98742E-05 0.00278292 9.98742E-05 9.98742E-05
9.98742E-05 0.0859589 0.0120142 9.98742E-05 9.98742E-05 9.98742E-05 0.00538421 9.98742E-05 9.98742E-05 9.98742E-05 0.895244 9.98742E-05 9.98742E-05 9.98742E-05 9.98742E-05 9.98742E-05 9.98742E-05 9.98742E-05
9.98477E-05 9.98477E-05 0.998303 9.98477E-05 9.98477E-05 9.98477E-05 9.98477E-05 9.98477E-05 9.98477E-05 9.98477E-05 9.98477E-05 9.98477E-05 9.98477E-05 9.98477E-05 9.98477E-05 9.98477E-05 9.98477E-05 9.98477E-05
9.9856E-05 9.9856E-05 0.893817 9.9856E-05 9.9856E-05 9.9856E-05 9.9856E-05 9.9856E-05 9.9856E-05 9.9856E-05 9.9856E-05 9.9856E-05 9.9856E-05 9.9856E-05 9.9856E-05 9.9856E-05 0.104585 9.9856E-05
9.98829E-05 0.0362041 0.851127 9.98829E-05 9.98829E-05 9.98829E-05 9.98829E-05 9.98829E-05 9.98829E-05 9.98829E-05 9.98829E-05 9.98829E-05 0.0307739 9.98829E-05 9.98829E-05 0.0337228 0.0468738 9.98829E-05
9.98468E-05 9.98468E-05 9.98468E-05 9.98468E-05 0.998303 9.98468E-05 9.98468E-05 9.98468E-05 9.98468E-05 9.98468E-05 9.98468E-05 9.98468E-05 9.98468E-05 9.98468E-05 9.98468E-05 9.98468E-05 9.98468E-05 9.98468E-05
9.98656E-05 9.98656E-05 9.98656E-05 9.98656E-05 9.98656E-05 9.98656E-05 0.00954542 9.98656E-05 9.98656E-05 0.347125 9.98656E-05 0.641831 9.98656E-05 9.98656E-05 9.98656E-05 9.98656E-05 9.98656E-05 9.98656E-05
9.99461E-05 9.99461E-05 0.022288 0.0404721 0.0469724 0.0587532 0.0192649 9.99461E-05 0.0323155 0.223215 0.223971 9.99461E-05 0.052793 0.0979466 9.99461E-05 0.111146 0.0702631 9.99461E-05
9.98834E-05 9.98834E-05 9.98834E-05 0.00155947 9.98834E-05 9.98834E-05 0.0778076 9.98834E-05 9.98834E-05 0.851599 0.0379582 0.029777 9.98834E-05 9.98834E-05 9.98834E-05 9.98834E-05 9.98834E-05 9.98834E-05
9.99189E-05 9.99189E-05 9.99189E-05 0.0342006 9.99189E-05 0.0074172 0.0163383 9.99189E-05 0.0221776 0.535117 9.99189E-05 0.30895 0.0310218 9.99189E-05 0.0329108 9.99189E-05 9.99189E-05 0.0109671
9.98473E-05 9.98473E-05 9.98473E-05 9.98473E-05 9.98473E-05 9.98473E-05 9.98473E-05 9.98473E-05 9.98473E-05 9.98473E-05 9.98473E-05 0.998303 9.98473E-05 9.98473E-05 9.98473E-05 9.98473E-05 9.98473E-05 9.98473E-05
0.00802546 9.98742E-05 9.98742E-05 9.98742E-05 9.98742E-05 0.01214 9.98742E-05 0.00227769 9.98742E-05 9.98742E-05 9.98742E-05 0.976159 9.98742E-05 9.98742E-05 9.98742E-05 9.98742E-05 9.98742E-05 9.98742E-05
9.98922E-05 0.016138 9.98922E-05 0.136321 9.98922E-05 9.98922E-05 9.98922E-05 9.98922E-05 9.98922E-05 0.518979 9.98922E-05 0.240725 0.0676576 0.0189808 9.98922E-05 9.98922E-05 9.98922E-05 9.98922E-05
9.98739E-05 0.0222037 9.98739E-05 9.98739E-05 9.98739E-05 9.98739E-05 9.98739E-05 9.98739E-05 9.98739E-05 0.401181 9.98739E-05 0.549262 9.98739E-05 9.98739E-05 0.0259555 9.98739E-05 9.98739E-05 9.98739E-05
9.9847E-05 9.9847E-05 9.9847E-05 0.998303 9.9847E-05 9.9847E-05 9.9847E-05 9.9847E-05 9.9847E-05 9.9847E-05 9.9847E-05 9.9847E-05 9.9847E-05 9.9847E-05 9.9847E-05 9.9847E-05 9.9847E-05 9.9847E-05
9.98561E-05 9.98561E-05 0.0493276 0.949075 9.98561E-05 9.98561E-05 9.98561E-05 9.98561E-05 9.98561E-05 9.98561E-05 9.98561E-05 9.98561E-05 9.98561E-05 9.98561E-05 9.98561E-05 9.98561E-05 9.98561E-05 9.98561E-05
9.98831E-05 9.98831E-05 9.98831E-05 9.98831E-05 9.98831E-05 9.98831E-05 9.98831E-05 0.00743899 0.0495665 0.903667 0.0213679 0.0166615 9.98831E-05 9.98831E-05 9.98831E-05 9.98831E-05 9.98831E-05 9.98831E-05
9.98919E-05 9.98919E-05 9.98919E-05 9.98919E-05 9.98919E-05 9.98919E-05 9.98919E-05 0.0228172 0.0390482 0.00305793 0.923393 9.98919E-05 0.00437695 9.98919E-05 0.00610763 9.98919E-05 9.98919E-05 9.98919E-05
9.9856E-05 9.9856E-05 9.9856E-05 9.9856E-05 9.9856E-05 9.9856E-05 9.9856E-05 0.00446484 9.9856E-05 9.9856E-05 0.993937 9.9856E-05 9.9856E-05 9.9856E-05 9.9856E-05 9.9856E-05 9.9856E-05 9.9856E-05
9.98473E-05 9.98473E-05 9.98473E-05 9.98473E-05 9.98473E-05 9.98473E-05 9.98473E-05 9.98473E-05 9.98473E-05 9.98473E-05 9.98473E-05 9.98473E-05 9.98473E-05 9.98473E-05 9.98473E-05 0.998303 9.98473E-05 9.98473E-05
9.98563E-05 9.98563E-05 0.0151066 9.98563E-05 9.98563E-05 9.98563E-05 9.98563E-05 9.98563E-05 9.98563E-05 9.98563E-05 9.98563E-05 9.98563E-05 9.98563E-05 9.98563E-05 9.98563E-05 0.983296 9.98563E-05 9.98563E-05
9.98919E-05 9.98919E-05 0.0359472 9.98919E-05 9.98919E-05 9.98919E-05 9.98919E-05 9.98919E-05 9.98919E-05 9.98919E-05 0.0387689 0.00256103 0.101594 0.0663706 9.98919E-05 9.98919E-05 0.753559 9.98919E-05
9.98829E-05 9.98829E-05 0.0621557 9.98829E-05 9.98829E-05 9.98829E-05 9.98829E-05 9.98829E-05 9.98829E-05 9.98829E-05 0.0497181 9.98829E-05 0.116654 0.0404706 9.98829E-05 9.98829E-05 0.729703 9.98829E-05
9.98833E-05 9.98833E-05 9.98833E-05 9.98833E-05 9.98833E-05 9.98833E-05 9.98833E-05 0.0174485 9.98833E-05 9.98833E-05 0.00591195 9.98833E-05 9.98833E-05 0.00623687 0.00169622 0.967408 9.98833E-05 9.98833E-05
9.98473E-05 9.98473E-05 9.98473E-05 9.98473E-05 9.98473E-05 9.98473E-05 9.98473E-05 9.98473E-05 9.98473E-05 9.98473E-05 9.98473E-05 9.98473E-05 9.98473E-05 9.98473E-05 9.98473E-05 0.998303 9.98473E-05 9.98473E-05
9.98739E-05 9.98739E-05 0.0389448 9.98739E-05 9.98739E-05 0.908953 9.98739E-05 9.98739E-05 0.0328897 9.98739E-05 0.0178141 9.98739E-05 9.98739E-05 9.98739E-05 9.98739E-05 9.98739E-05 9.98739E-05 9.98739E-05
9.9874E-05 9.9874E-05 0.107127 9.9874E-05 9.9874E-05 9.9874E-05 9.9874E-05 9.9874E-05 9.9874E-05 9.9874E-05 0.0584431 9.9874E-05 0.699188 9.9874E-05 9.9874E-05 9.9874E-05 9.9874E-05 0.133843
9.9865E-05 9.9865E-05 9.9865E-05 9.9865E-05 9.9865E-05 9.9865E-05 9.9865E-05 9.9865E-05 0.0631763 9.9865E-05 9.9865E-05 9.9865E-05 9.9865E-05 0.871274 9.9865E-05 9.9865E-05 9.9865E-05 0.0640517
9.98561E-05 0.9603 9.98561E-05 9.98561E-05 9.98561E-05 9.98561E-05 9.98561E-05 0.0381019 9.98561E-05 9.98561E-05 9.98561E-05 9.98561E-05 9.98561E-05 9.98561E-05 9.98561E-05 9.98561E-05 9.98561E-05 9.98561E-05
9.98742E-05 0.918073 9.98742E-05 9.98742E-05 9.98742E-05 0.0367612 9.98742E-05 9.98742E-05 9.98742E-05 9.98742E-05 0.0247824 9.98742E-05 9.98742E-05 9.98742E-05 0.018985 9.98742E-05 9.98742E-05 9.98742E-05
0.000958394 9.99011E-05 9.99011E-05 0.630816 9.99011E-05 9.99011E-05 9.99011E-05 0.0726234 0.032135 0.00398576 9.99011E-05 0.254455 9.99011E-05 9.99011E-05 9.99011E-05 0.00392697 9.99011E-05 9.99011E-05
