9.98559E-05 9.98559E-05 9.98559E-05 0.00389517 9.98559E-05 9.98559E-05 9.98559E-05 9.98559E-05 9.98559E-05 9.98559E-05 0.0651833 9.98559E-05 9.98559E-05 9.98559E-05 9.98559E-05 9.98559E-05 9.98559E-05 9.98559E-05 0.929324
9.98649E-05 0.0500239 0.164125 9.98649E-05 9.98649E-05 9.98649E-05 9.98649E-05 9.98649E-05 9.98649E-05 9.98649E-05 9.98649E-05 9.98649E-05 9.98649E-05 9.98649E-05 0.713703 9.98649E-05 9.98649E-05 0.0706495 9.98649E-05
9.98381E-05 9.98381E-05 9.98381E-05 9.98381E-05 9.98381E-05 9.98381E-05 9.98381E-05 0.998203 9.98381E-05 9.98381E-05 9.98381E-05 9.98381E-05 9.98381E-05 9.98381E-05 9.98381E-05 9.98381E-05 9.98381E-05 9.98381E-05 9.98381E-05
9.98832E-05 0.0075141 0.0174527 0.0014708 9.98832E-05 9.98832E-05 0.00475672 0.012859 9.98832E-05 9.98832E-05 9.98832E-05 9.98832E-05 9.98832E-05 9.98832E-05 9.98832E-05 9.98832E-05 9.98832E-05 0.954648 9.98832E-05
9.99102E-05 9.99102E-05 0.104127 0.0432017 9.99102E-05 9.99102E-05 9.99102E-05 0.124297 0.170663 0.110503 0.0585823 9.99102E-05 9.99102E-05 9.99102E-05 0.0943987 9.99102E-05 0.0577631 0.235464 9.99102E-05
9.98742E-05 9.98742E-05 0.0336587 9.98742E-05 9.98742E-05 9.98742E-05 9.98742E-05 9.98742E-05 9.98742E-05 0.0238552 9.98742E-05 9.98742E-05 0.000104453 9.98742E-05 9.98742E-05 9.98742E-05 0.0269337 0.91405 9.98742E-05
9.98382E-05 9.98382E-05 9.98382E-05 9.98382E-05 9.98382E-05 9.98382E-05 9.98382E-05 9.98382E-05 0.998203 9.98382E-05 9.98382E-05 9.98382E-05 9.98382E-05 9.98382E-05 9.98382E-05 9.98382E-05 9.98382E-05 9.98382E-05 9.98382E-05
9.98828E-05 9.98828E-05 9.98828E-05 0.0308103 9.98828E-05 9.98828E-05 0.00861975 9.98828E-05 9.98828E-05 0.740284 0.0794181 9.98828E-05 9.98828E-05 9.98828E-05 0.106057 9.98828E-05 9.98828E-05 0.0335119 9.98828E-05
9.98561E-05 0.0113514 9.98561E-05 9.98561E-05 9.98561E-05 9.98561E-05 9.98561E-05 9.98561E-05 0.955286 9.98561E-05 9.98561E-05 9.98561E-05 9.98561E-05 9.98561E-05 0.0317648 9.98561E-05 9.98561E-05 9.98561E-05 9.98561E-05
9.98472E-05 9.98472E-05 9.98472E-05 9.98472E-05 9.98472E-05 9.98472E-05 9.98472E-05 9.98472E-05 0.118018 9.98472E-05 0.880284 9.98472E-05 9.98472E-05 9.98472E-05 9.98472E-05 9.98472E-05 9.98472E-05 9.98472E-05 9.98472E-05
9.98473E-05 9.98473E-05 9.98473E-05 9.98473E-05 9.98473E-05 9.98473E-05 9.98473E-05 9.98473E-05 0.0790825 9.98473E-05 0.91922 9.98473E-05 9.98473E-05 9.98473E-05 9.98473E-05 9.98473E-05 9.98473E-05 9.98473E-05 9.98473E-05
9.98832E-05 9.98832E-05 9.98832E-05 9.98832E-05 9.98832E-05 9.98832E-05 0.130197 0.0251648 9.98832E-05 0.00911833 9.98832E-05 0.0761328 9.98832E-05 9.98832E-05 9.98832E-05 9.98832E-05 9.98832E-05 0.00985533 0.748233
9.98563E-05 9.98563E-05 9.98563E-05 9.98563E-05 9.98563E-05 9.98563E-05 0.0145899 9.98563E-05 9.98563E-05 9.98563E-05 9.98563E-05 0.975511 9.98563E-05 9.98563E-05 9.98563E-05 9.98563E-05 9.98563E-05 0.00830151 9.98563E-05
9.98742E-05 9.98742E-05 9.98742E-05 9.98742E-05 0.0444233 9.98742E-05 9.98742E-05 0.0085441 9.98742E-05 9.98742E-05 9.98742E-05 9.98742E-05 9.98742E-05 9.98742E-05 9.98742E-05 9.98742E-05 0.0154373 0.910434 0.0197626
9.98652E-05 9.98652E-05 0.0380012 9.98652E-05 0.0165084 9.98652E-05 9.98652E-05 9.98652E-05 9.98652E-05 9.98652E-05 9.98652E-05 9.98652E-05 9.98652E-05 9.98652E-05 9.98652E-05 0.0277414 9.98652E-05 0.916251 9.98652E-05
9.9874E-05 9.9874E-05 9.9874E-05 9.9874E-05 9.9874E-05 0.12593 9.9874E-05 9.9874E-05 9.9874E-05 9.9874E-05 0.0150638 0.00342615 9.9874E-05 0.755254 9.9874E-05 9.9874E-05 0.0989277 9.9874E-05 9.9874E-05
9.98559E-05 0.902581 9.98559E-05 9.98559E-05 9.98559E-05 0.0109876 9.98559E-05 9.98559E-05 9.98559E-05 9.98559E-05 0.0848332 9.98559E-05 9.98559E-05 9.98559E-05 9.98559E-05 9.98559E-05 9.98559E-05 9.98559E-05 9.98559E-05
9.98381E-05 9.98381E-05 9.98381E-05 9.98381E-05 0.998203 9.98381E-05 9.98381E-05 9.98381E-05 9.98381E-05 9.98381E-05 9.98381E-05 9.98381E-05 9.98381E-05 9.98381E-05 9.98381E-05 9.98381E-05 9.98381E-05 9.98381E-05 9.98381E-05
0.933106 9.98562E-05 9.98562E-05 9.98562E-05 9.98562E-05 9.98562E-05 0.0198691 9.98562E-05 9.98562E-05 9.98562E-05 9.98562E-05 9.98562E-05 0.045427 9.98562E-05 9.98562E-05 9.98562E-05 9.98562E-05 9.98562E-05 9.98562E-05
9.98919E-05 0.0118575 9.98919E-05 9.98919E-05 9.98919E-05 9.98919E-05 0.0263065 9.98919E-05 9.98919E-05 9.98919E-05 0.442594 9.98919E-05 9.98919E-05 0.299409 9.98919E-05 0.000608586 0.139524 9.98919E-05 0.0785019
0.833735 9.98561E-05 9.98561E-05 9.98561E-05 0.109689 9.98561E-05 9.98561E-05 9.98561E-05 9.98561E-05 9.98561E-05 9.98561E-05 9.98561E-05 0.0549779 9.98561E-05 9.98561E-05 9.98561E-05 9.98561E-05 9.98561E-05 9.98561E-05
9.9874E-05 9.9874E-05 0.261043 9.9874E-05 9.9874E-05 0.111061 9.9874E-05 9.9874E-05 9.9874E-05 9.9874E-05 0.0398615 9.9874E-05 9.9874E-05 0.157368 9.9874E-05 9.9874E-05 9.9874E-05 9.9874E-05 0.429269
0.400357 0.292943 9.98921E-05 0.00775097 9.98921E-05 9.98921E-05 0.115905 9.98921E-05 9.98921E-05 9.98921E-05 0.157561 9.98921E-05 9.98921E-05 9.98921E-05 9.98921E-05 0.0141593 9.98921E-05 0.0101255 9.98921E-05
0.904767 0.0323607 9.98649E-05 9.98649E-05 9.98649E-05 9.98649E-05 9.98649E-05 9.98649E-05 9.98649E-05 9.98649E-05 0.0533947 9.98649E-05 9.98649E-05 9.98649E-05 9.98649E-05 9.98649E-05 0.00798015 9.98649E-05 9.98649E-05
9.98653E-05 9.98653E-05 9.98653E-05 0.00511937 9.98653E-05 9.98653E-05 9.98653E-05 0.0167172 0.00857367 9.98653E-05 9.98653E-05 9.98653E-05 9.98653E-05 9.98653E-05 9.98653E-05 9.98653E-05 9.98653E-05 0.968092 9.98653E-05
9.98385E-05 9.98385E-05 9.98385E-05 9.98385E-05 9.98385E-05 9.98385E-05 9.98385E-05 9.98385E-05 9.98385E-05 9.98385E-05 9.98385E-05 9.98385E-05 9.98385E-05 9.98385E-05 9.98385E-05 9.98385E-05 9.98385E-05 0.998203 9.98385E-05
9.98561E-05 9.98561E-05 9.98561E-05 9.98561E-05 9.98561E-05 0.965789 9.98561E-05 9.98561E-05 9.98561E-05 9.98561E-05 0.0206133 9.98561E-05 9.98561E-05 9.98561E-05 9.98561E-05 0.0119997 9.98561E-05 9.98561E-05 9.98561E-05
9.98742E-05 9.98742E-05 9.98742E-05 0.0248782 9.98742E-05 0.0144602 0.000331769 9.98742E-05 0.0190126 9.98742E-05 9.98742E-05 9.98742E-05 9.98742E-05 9.98742E-05 9.98742E-05 9.98742E-05 9.98742E-05 0.939919 9.98742E-05
9.98742E-05 9.98742E-05 9.98742E-05 0.0590079 9.98742E-05 9.98742E-05 9.98742E-05 0.0303828 0.0140195 9.98742E-05 9.98742E-05 9.98742E-05 9.98742E-05 0.0271338 9.98742E-05 9.98742E-05 9.98742E-05 0.868058 9.98742E-05
9.98832E-05 9.98832E-05 9.98832E-05 0.100178 9.98832E-05 9.98832E-05 0.00423363 0.0105238 9.98832E-05 0.262648 9.98832E-05 9.98832E-05 0.0552423 9.98832E-05 9.98832E-05 9.98832E-05 9.98832E-05 0.565877 9.98832E-05
9.98829E-05 0.047035 9.98829E-05 0.0132414 9.98829E-05 9.98829E-05 0.00753142 9.98829E-05 9.98829E-05 0.599821 9.98829E-05 9.98829E-05 9.98829E-05 9.98829E-05 9.98829E-05 9.98829E-05 0.0102459 0.320827 9.98829E-05
9.98386E-05 9.98386E-05 9.98386E-05 9.98386E-05 9.98386E-05 9.98386E-05 9.98386E-05 9.98386E-05 9.98386E-05 9.98386E-05 9.98386E-05 9.98386E-05 9.98386E-05 9.98386E-05 0.998203 9.98386E-05 9.98386E-05 9.98386E-05 9.98386E-05
9.98653E-05 9.98653E-05 0.00970331 9.98653E-05 9.98653E-05 9.98653E-05 9.98653E-05 9.98653E-05 9.98653E-05 0.137477 9.98653E-05 9.98653E-05 9.98653E-05 0.00438233 9.98653E-05 9.98653E-05 9.98653E-05 0.846939 9.98653E-05
9.98653E-05 9.98653E-05 9.98653E-05 0.710094 9.98653E-05 9.98653E-05 9.98653E-05 9.98653E-05 0.00164985 0.264199 9.98653E-05 9.98653E-05 9.98653E-05 9.98653E-05 0.0225594 9.98653E-05 9.98653E-05 9.98653E-05 9.98653E-05
9.98736E-05 0.162159 9.98736E-05 9.98736E-05 9.98736E-05 0.692379 0.0399452 9.98736E-05 9.98736E-05 0.0624103 9.98736E-05 9.98736E-05 9.98736E-05 9.98736E-05 9.98736E-05 9.98736E-05 0.0417086 9.98736E-05 9.98736E-05
9.98649E-05 9.98649E-05 0.0120362 9.98649E-05 9.98649E-05 9.98649E-05 9.98649E-05 9.98649E-05 9.98649E-05 0.0347673 9.98649E-05 9.98649E-05 9.98649E-05 9.98649E-05 9.98649E-05 9.98649E-05 0.028763 0.922936 9.98649E-05
9.98474E-05 9.98474E-05 9.98474E-05 9.98474E-05 9.98474E-05 9.98474E-05 9.98474E-05 0.0137794 9.98474E-05 9.98474E-05 9.98474E-05 9.98474E-05 9.98474E-05 9.98474E-05 9.98474E-05 9.98474E-05 9.98474E-05 9.98474E-05 0.984523
9.99008E-05 0.0455908 0.122532 9.99008E-05 9.99008E-05 9.99008E-05 9.99008E-05 9.99008E-05 9.99008E-05 0.0399747 0.57687 0.00506723 0.0529805 9.99008E-05 0.142684 9.99008E-05 9.99008E-05 9.99008E-05 0.0132026
9.98381E-05 0.998203 9.98381E-05 9.98381E-05 9.98381E-05 9.98381E-05 9.98381E-05 9.98381E-05 9.98381E-05 9.98381E-05 9.98381E-05 9.98381E-05 9.98381E-05 9.98381E-05 9.98381E-05 9.98381E-05 9.98381E-05 9.98381E-05 9.98381E-05
9.98381E-05 9.98381E-05 0.998203 9.98381E-05 9.98381E-05 9.98381E-05 9.98381E-05 9.98381E-05 9.98381E-05 9.98381E-05 9.98381E-05 9.98381E-05 9.98381E-05 9.98381E-05 9.98381E-05 9.98381E-05 9.98381E-05 9.98381E-05 9.98381E-05
9.98471E-05 9.98471E-05 0.981411 9.98471E-05 9.98471E-05 9.98471E-05 9.98471E-05 9.98471E-05 9.98471E-05 9.98471E-05 9.98471E-05 9.98471E-05 9.98471E-05 9.98471E-05 9.98471E-05 9.98471E-05 9.98471E-05 9.98471E-05 0.0168919
9.9883E-05 0.0296815 0.0440452 9.9883E-05 9.9883E-05 9.9883E-05 9.9883E-05 9.9883E-05 9.9883E-05 9.9883E-05 0.862922 9.9883E-05 9.9883E-05 9.9883E-05 9.9883E-05 0.053982 0.00269226 9.9883E-05 0.00537858
9.98834E-05 9.98834E-05 0.0152051 9.98834E-05 0.0158236 0.0691804 9.98834E-05 9.98834E-05 0.0696706 9.98834E-05 9.98834E-05 9.98834E-05 9.98834E-05 0.794509 9.98834E-05 9.98834E-05 9.98834E-05 9.98834E-05 0.034313
9.98829E-05 9.98829E-05 9.98829E-05 0.0201344 9.98829E-05 0.00788411 9.98829E-05 0.00878252 9.98829E-05 9.98829E-05 0.893339 9.98829E-05 9.98829E-05 9.98829E-05 9.98829E-05 9.98829E-05 0.0639194 9.98829E-05 0.0046417
0.0575612 9.99188E-05 0.116782 9.99188E-05 0.025789 9.99188E-05 0.0631159 9.99188E-05 9.99188E-05 9.99188E-05 0.266842 0.175521 9.99188E-05 0.0452909 0.013719 0.0760109 0.158469 9.99188E-05 9.99188E-05
9.99189E-05 9.99189E-05 0.168207 9.99189E-05 9.99189E-05 9.99189E-05 9.99189E-05 9.99189E-05 9.99189E-05 0.0471503 0.313983 0.00463414 0.0892487 0.166677 0.0078645 0.0687854 0.124218 0.00833243 9.99189E-05
9.99369E-05 0.121371 0.0415672 0.0379973 9.99369E-05 0.0822171 9.99369E-05 0.0535853 0.0561728 9.99369E-05 0.127822 9.99369E-05 0.01668 9.99369E-05 9.99369E-05 0.0110354 0.280829 0.0294666 0.140556
9.98382E-05 9.98382E-05 9.98382E-05 9.98382E-05 9.98382E-05 9.98382E-05 9.98382E-05 9.98382E-05 9.98382E-05 9.98382E-05 9.98382E-05 9.98382E-05 9.98382E-05 9.98382E-05 9.98382E-05 0.998203 9.98382E-05 9.98382E-05 9.98382E-05
9.98382E-05 9.98382E-05 9.98382E-05 0.998203 9.98382E-05 9.98382E-05 9.98382E-05 9.98382E-05 9.98382E-05 9.98382E-05 9.98382E-05 9.98382E-05 9.98382E-05 9.98382E-05 9.98382E-05 9.98382E-05 9.98382E-05 9.98382E-05 9.98382E-05
9.98472E-05 9.98472E-05 9.98472E-05 0.998114 9.98472E-05 9.98472E-05 9.98472E-05 9.98472E-05 9.98472E-05 9.98472E-05 9.98472E-05 9.98472E-05 0.000188997 9.98472E-05 9.98472E-05 9.98472E-05 9.98472E-05 9.98472E-05 9.98472E-05
9.98563E-05 9.98563E-05 9.98563E-05 0.979716 0.00819402 9.98563E-05 9.98563E-05 9.98563E-05 9.98563E-05 9.98563E-05 0.010492 9.98563E-05 9.98563E-05 9.98563E-05 9.98563E-05 9.98563E-05 9.98563E-05 9.98563E-05 9.98563E-05
9.98563E-05 9.98563E-05 9.98563E-05 0.986756 9.98563E-05 9.98563E-05 9.98563E-05 0.0103946 9.98563E-05 9.98563E-05 9.98563E-05 9.98563E-05 9.98563E-05 9.98563E-05 9.98563E-05 0.00125131 9.98563E-05 9.98563E-05 9.98563E-05
9.98383E-05 9.98383E-05 9.98383E-05 0.998203 9.98383E-05 9.98383E-05 9.98383E-05 9.98383E-05 9.98383E-05 9.98383E-05 9.98383E-05 9.98383E-05 9.98383E-05 9.98383E-05 9.98383E-05 9.98383E-05 9.98383E-05 9.98383E-05 9.98383E-05
0.0132052 9.99102E-05 9.99102E-05 0.322453 0.0135711 0.0532102 9.99102E-05 9.99102E-05 9.99102E-05 0.4351 0.0233775 9.99102E-05 9.99102E-05 0.0418397 0.0686455 0.0275989 9.99102E-05 9.99102E-05 9.99102E-05
9.98652E-05 9.98652E-05 9.98652E-05 0.90223 9.98652E-05 0.0188366 9.98652E-05 9.98652E-05 9.98652E-05 9.98652E-05 9.98652E-05 9.98652E-05 9.98652E-05 0.0146799 0.0627553 9.98652E-05 9.98652E-05 9.98652E-05 9.98652E-05
9.9856E-05 9.9856E-05 9.9856E-05 9.9856E-05 9.9856E-05 9.9856E-05 9.9856E-05 9.9856E-05 9.9856E-05 9.9856E-05 9.9856E-05 9.9856E-05 9.9856E-05 0.153418 9.9856E-05 9.9856E-05 0.00484245 9.9856E-05 0.840142
9.98649E-05 9.98649E-05 9.98649E-05 0.070637 9.98649E-05 9.98649E-05 9.98649E-05 0.0102809 0.0431639 9.98649E-05 9.98649E-05 9.98649E-05 9.98649E-05 9.98649E-05 0.87442 9.98649E-05 9.98649E-05 9.98649E-05 9.98649E-05
9.9856E-05 9.9856E-05 0.0417416 9.9856E-05 9.9856E-05 9.9856E-05 9.9856E-05 9.9856E-05 9.9856E-05 9.9856E-05 9.9856E-05 9.9856E-05 9.9856E-05 9.9856E-05 9.9856E-05 9.9856E-05 0.0104532 0.946208 9.9856E-05
9.98472E-05 9.98472E-05 9.98472E-05 9.98472E-05 9.98472E-05 0.971117 9.98472E-05 9.98472E-05 0.0271854 9.98472E-05 9.98472E-05 9.98472E-05 9.98472E-05 9.98472E-05 9.98472E-05 9.98472E-05 9.98472E-05 9.98472E-05 9.98472E-05
9.98653E-05 9.98653E-05 9.98653E-05 9.98653E-05 9.98653E-05 9.98653E-05 9.98653E-05 9.98653E-05 9.98653E-05 9.98653E-05 9.98653E-05 0.01381 9.98653E-05 0.887566 9.98653E-05 9.98653E-05 0.0899966 9.98653E-05 0.00712941
9.98382E-05 9.98382E-05 9.98382E-05 9.98382E-05 9.98382E-05 9.98382E-05 9.98382E-05 9.98382E-05 9.98382E-05 9.98382E-05 9.98382E-05 0.998203 9.98382E-05 9.98382E-05 9.98382E-05 9.98382E-05 9.98382E-05 9.98382E-05 9.98382E-05
9.98649E-05 9.98649E-05 9.98649E-05 9.98649E-05 0.00373879 0.327992 9.98649E-05 9.98649E-05 9.98649E-05 9.98649E-05 0.0907169 0.576054 9.98649E-05 9.98649E-05 9.98649E-05 9.98649E-05 9.98649E-05 9.98649E-05 9.98649E-05
9.98738E-05 9.98738E-05 9.98738E-05 9.98738E-05 0.0141502 0.431949 9.98738E-05 9.98738E-05 9.98738E-05 9.98738E-05 0.0799271 0.374781 9.98738E-05 9.98738E-05 9.98738E-05 9.98738E-05 0.0977948 9.98738E-05 9.98738E-05
9.98382E-05 9.98382E-05 9.98382E-05 9.98382E-05 9.98382E-05 9.98382E-05 9.98382E-05 9.98382E-05 9.98382E-05 9.98382E-05 9.98382E-05 9.98382E-05 0.998203 9.98382E-05 9.98382E-05 9.98382E-05 9.98382E-05 9.98382E-05 9.98382E-05
9.98403E-05 9.98403E-05 9.98403E-05 9.98403E-05 9.98403E-05 9.98403E-05 9.98403E-05 9.98403E-05 0.00206303 9.98403E-05 9.98403E-05 9.98403E-05 9.98403E-05 0.00437719 9.98403E-05 9.98403E-05 9.98403E-05 0.991962 9.98403E-05
0.00686107 9.99461E-05 0.00463848 0.179509 0.108491 0.0960961 0.0785763 9.99461E-05 9.99461E-05 0.113309 0.137414 9.99461E-05 9.99461E-05 0.0549684 9.99461E-05 0.00589011 0.0562548 0.0861631 0.0712292
9.98654E-05 9.98654E-05 9.98654E-05 9.98654E-05 9.98654E-05 9.98654E-05 9.98654E-05 0.153623 9.98654E-05 0.0637623 9.98654E-05 9.98654E-05 9.98654E-05 0.0180292 9.98654E-05 9.98654E-05 9.98654E-05 0.763088 9.98654E-05
9.98921E-05 0.0368752 0.0312412 9.98921E-05 9.98921E-05 9.98921E-05 9.98921E-05 0.00089219 9.98921E-05 0.0137673 9.98921E-05 9.98921E-05 9.98921E-05 9.98921E-05 9.98921E-05 0.00659577 9.98921E-05 0.90702 0.00240984
9.98921E-05 9.98921E-05 9.98921E-05 0.037436 9.98921E-05 9.98921E-05 9.98921E-05 0.00338626 0.000864256 0.0279871 9.98921E-05 0.00141108 9.98921E-05 0.0502137 9.98921E-05 9.98921E-05 9.98921E-05 0.877503 9.98921E-05
0.00833394 9.98921E-05 9.98921E-05 0.0161462 9.98921E-05 9.98921E-05 9.98921E-05 9.98921E-05 9.98921E-05 0.0167188 9.98921E-05 9.98921E-05 9.98921E-05 0.0323441 0.0112921 0.00248897 9.98921E-05 0.911477 9.98921E-05
9.98743E-05 9.98743E-05 0.0673205 9.98743E-05 9.98743E-05 9.98743E-05 9.98743E-05 9.98743E-05 9.98743E-05 0.109953 0.00532494 9.98743E-05 9.98743E-05 9.98743E-05 9.98743E-05 9.98743E-05 0.0164841 0.799519 9.98743E-05
9.9874E-05 0.00985815 0.0174443 0.00597801 9.9874E-05 9.9874E-05 9.9874E-05 9.9874E-05 9.9874E-05 0.0395014 9.9874E-05 9.9874E-05 9.9874E-05 9.9874E-05 9.9874E-05 9.9874E-05 9.9874E-05 0.92582 9.9874E-05
9.9847E-05 9.9847E-05 9.9847E-05 9.9847E-05 9.9847E-05 9.9847E-05 9.9847E-05 0.0244334 9.9847E-05 0.973869 9.9847E-05 9.9847E-05 9.9847E-05 9.9847E-05 9.9847E-05 9.9847E-05 9.9847E-05 9.9847E-05 9.9847E-05
9.98471E-05 9.98471E-05 9.98471E-05 9.98471E-05 9.98471E-05 9.98471E-05 9.98471E-05 9.98471E-05 9.98471E-05 0.932951 9.98471E-05 0.0653514 9.98471E-05 9.98471E-05 9.98471E-05 9.98471E-05 9.98471E-05 9.98471E-05 9.98471E-05
9.98833E-05 9.98833E-05 9.98833E-05 0.00408186 0.00316028 0.011523 9.98833E-05 0.0030058 9.98833E-05 9.98833E-05 0.00827162 9.98833E-05 9.98833E-05 9.98833E-05 9.98833E-05 9.98833E-05 9.98833E-05 0.968659 9.98833E-05
9.98651E-05 9.98651E-05 9.98651E-05 9.98651E-05 9.98651E-05 9.98651E-05 0.00402165 9.98651E-05 9.98651E-05 0.0108872 9.98651E-05 9.98651E-05 9.98651E-05 0.976979 9.98651E-05 9.98651E-05 9.98651E-05 0.00661372 9.98651E-05
9.98471E-05 9.98471E-05 9.98471E-05 0.00529632 9.98471E-05 9.98471E-05 9.98471E-05 9.98471E-05 9.98471E-05 9.98471E-05 9.98471E-05 9.98471E-05 9.98471E-05 0.993006 9.98471E-05 9.98471E-05 9.98471E-05 9.98471E-05 9.98471E-05
9.98473E-05 9.98473E-05 9.98473E-05 9.98473E-05 9.98473E-05 9.98473E-05 0.991392 9.98473E-05 9.98473E-05 9.98473E-05 9.98473E-05 9.98473E-05 9.98473E-05 9.98473E-05 9.98473E-05 9.98473E-05 9.98473E-05 9.98473E-05 0.0069108
9.98384E-05 9.98384E-05 9.98384E-05 9.98384E-05 9.98384E-05 9.98384E-05 0.998203 9.98384E-05 9.98384E-05 9.98384E-05 9.98384E-05 9.98384E-05 9.98384E-05 9.98384E-05 9.98384E-05 9.98384E-05 9.98384E-05 9.98384E-05 9.98384E-05
9.99098E-05 9.99098E-05 0.104309 0.00270573 0.0200016 9.99098E-05 9.99098E-05 9.99098E-05 9.99098E-05 0.00318702 0.721619 0.0459732 9.99098E-05 0.0256897 0.0636911 0.0118249 9.99098E-05 9.99098E-05 9.99098E-05
9.99008E-05 9.99008E-05 0.077768 9.99008E-05 0.0275493 9.99008E-05 9.99008E-05 9.99008E-05 0.0113062 9.99008E-05 0.690196 0.0600123 9.99008E-05 0.0595564 0.0343418 0.0381714 9.99008E-05 9.99008E-05 9.99008E-05
9.98653E-05 0.00212583 9.98653E-05 9.98653E-05 9.98653E-05 9.98653E-05 0.973746 9.98653E-05 0.0130507 0.00957926 9.98653E-05 9.98653E-05 9.98653E-05 9.98653E-05 9.98653E-05 9.98653E-05 9.98653E-05 9.98653E-05 9.98653E-05
9.98384E-05 9.98384E-05 9.98384E-05 9.98384E-05 9.98384E-05 9.98384E-05 0.998203 9.98384E-05 9.98384E-05 9.98384E-05 9.98384E-05 9.98384E-05 9.98384E-05 9.98384E-05 9.98384E-05 9.98384E-05 9.98384E-05 9.98384E-05 9.98384E-05
9.9865E-05 9.9865E-05 9.9865E-05 0.0270412 9.9865E-05 0.0250725 9.9865E-05 9.9865E-05 9.9865E-05 9.9865E-05 9.9865E-05 9.9865E-05 9.9865E-05 9.9865E-05 9.9865E-05 0.118292 9.9865E-05 9.9865E-05 0.828096
0.0137818 9.98739E-05 0.692458 9.98739E-05 9.98739E-05 9.98739E-05 9.98739E-05 9.98739E-05 0.104823 9.98739E-05 9.98739E-05 0.165762 9.98739E-05 0.0217771 9.98739E-05 9.98739E-05 9.98739E-05 9.98739E-05 9.98739E-05
9.9856E-05 9.9856E-05 9.9856E-05 0.0266399 9.9856E-05 9.9856E-05 9.9856E-05 9.9856E-05 0.0635531 9.9856E-05 9.9856E-05 9.9856E-05 9.9856E-05 9.9856E-05 0.908209 9.9856E-05 9.9856E-05 9.9856E-05 9.9856E-05
9.98381E-05 9.98381E-05 9.98381E-05 9.98381E-05 9.98381E-05 9.98381E-05 9.98381E-05 9.98381E-05 9.98381E-05 9.98381E-05 9.98381E-05 9.98381E-05 9.98381E-05 9.98381E-05 9.98381E-05 9.98381E-05 0.998203 9.98381E-05 9.98381E-05
9.98652E-05 0.00746898 9.98652E-05 9.98652E-05 9.98652E-05 0.0806403 9.98652E-05 9.98652E-05 9.98652E-05 9.98652E-05 9.98652E-05 9.98652E-05 9.98652E-05 9.98652E-05 9.98652E-05 9.98652E-05 0.860335 9.98652E-05 0.050058
0.0120119 9.98833E-05 9.98833E-05 0.0504079 9.98833E-05 9.98833E-05 0.00886324 9.98833E-05 9.98833E-05 0.670719 9.98833E-05 9.98833E-05 0.0196504 9.98833E-05 9.98833E-05 9.98833E-05 9.98833E-05 0.237049 9.98833E-05
