0.92651 9.98648E-05 9.98648E-05 9.98648E-05 0.0342155 0.0257661 9.98648E-05 9.98648E-05 9.98648E-05 9.98648E-05 9.98648E-05 9.98648E-05 9.98648E-05 9.98648E-05 9.98648E-05 9.98648E-05 9.98648E-05 9.98648E-05 0.0120102
0.0165553 9.98739E-05 9.98739E-05 0.101342 9.98739E-05 9.98739E-05 9.98739E-05 9.98739E-05 9.98739E-05 9.98739E-05 0.000439792 9.98739E-05 9.98739E-05 0.124748 9.98739E-05 9.98739E-05 9.98739E-05 0.755516 9.98739E-05
9.98382E-05 9.98382E-05 9.98382E-05 9.98382E-05 9.98382E-05 9.98382E-05 9.98382E-05 9.98382E-05 9.98382E-05 9.98382E-05 9.98382E-05 9.98382E-05 9.98382E-05 9.98382E-05 0.998203 9.98382E-05 9.98382E-05 9.98382E-05 9.98382E-05
9.98741E-05 0.00192529 9.98741E-05 9.98741E-05 9.98741E-05 0.0134414 9.98741E-05 0.0797317 0.0218403 9.98741E-05 9.98741E-05 9.98741E-05 9.98741E-05 0.881663 9.98741E-05 9.98741E-05 9.98741E-05 9.98741E-05 9.98741E-05
0.00127229 0.0507347 9.99191E-05 0.0416458 0.0207506 9.99191E-05 9.99191E-05 9.99191E-05 0.0568693 0.243704 9.99191E-05 9.99191E-05 9.99191E-05 0.340049 0.053684 0.0584002 9.99191E-05 0.131991 9.99191E-05
9.9856E-05 9.9856E-05 9.9856E-05 9.9856E-05 9.9856E-05 9.9856E-05 0.0223712 9.9856E-05 9.9856E-05 9.9856E-05 9.9856E-05 9.9856E-05 9.9856E-05 0.957739 9.9856E-05 0.018292 9.9856E-05 9.9856E-05 9.9856E-05
9.98381E-05 9.98381E-05 9.98381E-05 9.98381E-05 9.98381E-05 9.98381E-05 9.98381E-05 9.98381E-05 9.98381E-05 0.998203 9.98381E-05 9.98381E-05 9.98381E-05 9.98381E-05 9.98381E-05 9.98381E-05 9.98381E-05 9.98381E-05 9.98381E-05
9.98919E-05 0.074767 9.98919E-05 9.98919E-05 0.105428 9.98919E-05 9.98919E-05 9.98919E-05 0.247854 9.98919E-05 0.370977 9.98919E-05 9.98919E-05 0.0560991 0.0485613 9.98919E-05 9.98919E-05 0.0951152 9.98919E-05
9.98554E-05 9.98554E-05 9.98554E-05 9.98554E-05 9.98554E-05 9.98554E-05 9.98554E-05 9.98554E-05 9.98554E-05 0.96011 9.98554E-05 9.98554E-05 9.98554E-05 9.98554E-05 9.98554E-05 9.98554E-05 9.98554E-05 0.0381922 9.98554E-05
9.98472E-05 9.98472E-05 9.98472E-05 9.98472E-05 0.859777 9.98472E-05 9.98472E-05 9.98472E-05 9.98472E-05 0.138525 9.98472E-05 9.98472E-05 9.98472E-05 9.98472E-05 9.98472E-05 9.98472E-05 9.98472E-05 9.98472E-05 9.98472E-05
9.98473E-05 9.98473E-05 9.98473E-05 9.98473E-05 0.851229 9.98473E-05 9.98473E-05 9.98473E-05 9.98473E-05 0.147074 9.98473E-05 9.98473E-05 9.98473E-05 9.98473E-05 9.98473E-05 9.98473E-05 9.98473E-05 9.98473E-05 9.98473E-05
0.62697 9.99009E-05 0.00408439 9.99009E-05 9.99009E-05 0.104511 9.99009E-05 0.0323802 9.99009E-05 9.99009E-05 0.0196892 9.99009E-05 0.137623 9.99009E-05 9.99009E-05 0.0685376 0.00510659 9.99009E-05 9.99009E-05
9.98655E-05 9.98655E-05 9.98655E-05 9.98655E-05 9.98655E-05 9.98655E-05 9.98655E-05 0.0154843 9.98655E-05 0.00358096 9.98655E-05 9.98655E-05 0.977893 9.98655E-05 9.98655E-05 0.00154382 9.98655E-05 9.98655E-05 9.98655E-05
9.98472E-05 9.98472E-05 9.98472E-05 9.98472E-05 9.98472E-05 9.98472E-05 9.98472E-05 9.98472E-05 9.98472E-05 9.98472E-05 9.98472E-05 9.98472E-05 9.98472E-05 0.969603 9.98472E-05 9.98472E-05 0.0286998 9.98472E-05 9.98472E-05
9.98562E-05 9.98562E-05 9.98562E-05 9.98562E-05 0.0120086 9.98562E-05 9.98562E-05 9.98562E-05 9.98562E-05 9.98562E-05 9.98562E-05 9.98562E-05 9.98562E-05 0.972716 9.98562E-05 9.98562E-05 0.013678 9.98562E-05 9.98562E-05
9.98559E-05 9.98559E-05 0.728478 9.98559E-05 9.98559E-05 9.98559E-05 9.98559E-05 9.98559E-05 9.98559E-05 9.98559E-05 9.98559E-05 9.98559E-05 0.155329 9.98559E-05 9.98559E-05 0.114595 9.98559E-05 9.98559E-05 9.98559E-05
9.98651E-05 9.98651E-05 0.00149715 0.951676 0.0272893 9.98651E-05 9.98651E-05 9.98651E-05 9.98651E-05 9.98651E-05 9.98651E-05 9.98651E-05 9.98651E-05 9.98651E-05 9.98651E-05 9.98651E-05 9.98651E-05 9.98651E-05 0.0180395
9.98468E-05 9.98468E-05 9.98468E-05 9.98468E-05 0.158109 9.98468E-05 9.98468E-05 9.98468E-05 9.98468E-05 9.98468E-05 9.98468E-05 9.98468E-05 9.98468E-05 9.98468E-05 9.98468E-05 9.98468E-05 0.840193 9.98468E-05 9.98468E-05
9.9838E-05 9.9838E-05 9.9838E-05 9.9838E-05 9.9838E-05 9.9838E-05 9.9838E-05 9.9838E-05 9.9838E-05 9.9838E-05 9.9838E-05 0.998203 9.9838E-05 9.9838E-05 9.9838E-05 9.9838E-05 9.9838E-05 9.9838E-05 9.9838E-05
0.0787983 9.9883E-05 0.257586 0.00863159 0.486564 0.00596585 9.9883E-05 9.9883E-05 9.9883E-05 9.9883E-05 9.9883E-05 9.9883E-05 9.9883E-05 9.9883E-05 9.9883E-05 0.161155 9.9883E-05 9.9883E-05 9.9883E-05
9.9847E-05 9.9847E-05 9.9847E-05 9.9847E-05 9.9847E-05 9.9847E-05 9.9847E-05 9.9847E-05 9.9847E-05 9.9847E-05 9.9847E-05 0.0734381 9.9847E-05 9.9847E-05 9.9847E-05 9.9847E-05 0.924864 9.9847E-05 9.9847E-05
0.501793 9.98919E-05 0.265088 0.06353 0.0916959 0.00108419 9.98919E-05 9.98919E-05 9.98919E-05 9.98919E-05 9.98919E-05 9.98919E-05 0.0699895 9.98919E-05 9.98919E-05 9.98919E-05 9.98919E-05 0.0056207 9.98919E-05
9.98377E-05 9.98377E-05 9.98377E-05 9.98377E-05 9.98377E-05 9.98377E-05 9.98377E-05 9.98377E-05 9.98377E-05 9.98377E-05 9.98377E-05 9.98377E-05 9.98377E-05 9.98377E-05 9.98377E-05 9.98377E-05 9.98377E-05 9.98377E-05 0.998203
9.98649E-05 9.98649E-05 9.98649E-05 9.98649E-05 9.98649E-05 9.98649E-05 0.158007 9.98649E-05 9.98649E-05 9.98649E-05 9.98649E-05 0.255451 9.98649E-05 9.98649E-05 9.98649E-05 9.98649E-05 0.178463 9.98649E-05 0.406581
9.98652E-05 9.98652E-05 9.98652E-05 9.98652E-05 9.98652E-05 9.98652E-05 9.98652E-05 0.594287 9.98652E-05 9.98652E-05 0.0040078 9.98652E-05 9.98652E-05 0.361774 0.0384331 9.98652E-05 9.98652E-05 9.98652E-05 9.98652E-05
9.98472E-05 9.98472E-05 9.98472E-05 9.98472E-05 9.98472E-05 9.98472E-05 9.98472E-05 0.211968 9.98472E-05 9.98472E-05 9.98472E-05 9.98472E-05 9.98472E-05 0.786334 9.98472E-05 9.98472E-05 9.98472E-05 9.98472E-05 9.98472E-05
0.0154698 0.00167405 0.0039083 0.0166124 0.0551646 0.0460363 9.98919E-05 9.98919E-05 9.98919E-05 9.98919E-05 9.98919E-05 9.98919E-05 0.859936 9.98919E-05 9.98919E-05 9.98919E-05 9.98919E-05 9.98919E-05 9.98919E-05
9.98472E-05 9.98472E-05 9.98472E-05 9.98472E-05 9.98472E-05 0.00568521 9.98472E-05 0.992617 9.98472E-05 9.98472E-05 9.98472E-05 9.98472E-05 9.98472E-05 9.98472E-05 9.98472E-05 9.98472E-05 9.98472E-05 9.98472E-05 9.98472E-05
9.98383E-05 9.98383E-05 9.98383E-05 9.98383E-05 9.98383E-05 9.98383E-05 9.98383E-05 0.998203 9.98383E-05 9.98383E-05 9.98383E-05 9.98383E-05 9.98383E-05 9.98383E-05 9.98383E-05 9.98383E-05 9.98383E-05 9.98383E-05 9.98383E-05
9.98922E-05 0.131747 9.98922E-05 9.98922E-05 9.98922E-05 9.98922E-05 0.0250272 0.134064 0.400991 9.98922E-05 9.98922E-05 0.0109342 9.98922E-05 0.233903 0.062135 9.98922E-05 9.98922E-05 9.98922E-05 9.98922E-05
9.98558E-05 9.98558E-05 9.98558E-05 9.98558E-05 9.98558E-05 9.98558E-05 9.98558E-05 9.98558E-05 0.882763 9.98558E-05 9.98558E-05 9.98558E-05 9.98558E-05 0.106276 9.98558E-05 0.00936293 9.98558E-05 9.98558E-05 9.98558E-05
9.98386E-05 9.98386E-05 9.98386E-05 9.98386E-05 9.98386E-05 9.98386E-05 9.98386E-05 9.98386E-05 9.98386E-05 9.98386E-05 9.98386E-05 9.98386E-05 9.98386E-05 9.98386E-05 9.98386E-05 9.98386E-05 9.98386E-05 0.998203 9.98386E-05
9.98653E-05 9.98653E-05 9.98653E-05 9.98653E-05 9.98653E-05 0.00110429 9.98653E-05 0.209339 9.98653E-05 9.98653E-05 0.183947 9.98653E-05 9.98653E-05 0.604111 9.98653E-05 9.98653E-05 9.98653E-05 9.98653E-05 9.98653E-05
0.0182941 0.758144 9.98833E-05 9.98833E-05 9.98833E-05 9.98833E-05 9.98833E-05 0.0173938 9.98833E-05 0.0150402 0.173895 9.98833E-05 9.98833E-05 9.98833E-05 0.0159348 9.98833E-05 9.98833E-05 9.98833E-05 9.98833E-05
0.0371104 9.99007E-05 9.99007E-05 0.231186 0.0368434 0.106268 9.99007E-05 9.99007E-05 0.0067527 9.99007E-05 0.0282099 9.99007E-05 0.534586 9.99007E-05 9.99007E-05 0.0179441 9.99007E-05 9.99007E-05 9.99007E-05
9.98828E-05 9.98828E-05 9.98828E-05 0.0130783 9.98828E-05 9.98828E-05 9.98828E-05 0.515771 0.00346028 9.98828E-05 0.0371342 9.98828E-05 9.98828E-05 0.419042 9.98828E-05 0.0102159 9.98828E-05 9.98828E-05 9.98828E-05
0.934514 9.98651E-05 9.98651E-05 9.98651E-05 9.98651E-05 9.98651E-05 9.98651E-05 9.98651E-05 9.98651E-05 9.98651E-05 9.98651E-05 9.98651E-05 9.98651E-05 0.0212458 0.0205051 0.022237 9.98651E-05 9.98651E-05 9.98651E-05
0.0510742 9.99008E-05 9.99008E-05 0.0199641 0.591184 9.99008E-05 0.0245546 9.99008E-05 9.99008E-05 9.99008E-05 0.0666445 9.99008E-05 0.019936 9.99008E-05 9.99008E-05 9.99008E-05 9.99008E-05 0.201645 0.0238991
9.98382E-05 9.98382E-05 9.98382E-05 0.998203 9.98382E-05 9.98382E-05 9.98382E-05 9.98382E-05 9.98382E-05 9.98382E-05 9.98382E-05 9.98382E-05 9.98382E-05 9.98382E-05 9.98382E-05 9.98382E-05 9.98382E-05 9.98382E-05 9.98382E-05
0.205834 9.98827E-05 0.22472 0.127142 0.294187 9.98827E-05 9.98827E-05 9.98827E-05 9.98827E-05 9.98827E-05 9.98827E-05 9.98827E-05 9.98827E-05 0.131113 9.98827E-05 9.98827E-05 0.0157065 9.98827E-05 9.98827E-05
0.273782 9.98918E-05 0.180345 0.0928404 0.305594 9.98918E-05 9.98918E-05 9.98918E-05 9.98918E-05 9.98918E-05 9.98918E-05 9.98918E-05 9.98918E-05 0.0617613 9.98918E-05 9.98918E-05 0.0340683 0.0504104 9.98918E-05
0.0209476 9.98649E-05 9.98649E-05 9.98649E-05 0.92513 9.98649E-05 9.98649E-05 9.98649E-05 9.98649E-05 9.98649E-05 9.98649E-05 0.016413 9.98649E-05 9.98649E-05 9.98649E-05 0.0360114 9.98649E-05 9.98649E-05 9.98649E-05
9.9874E-05 9.9874E-05 0.84505 9.9874E-05 0.0260831 9.9874E-05 0.00549284 9.9874E-05 9.9874E-05 0.0692791 9.9874E-05 9.9874E-05 0.0526963 9.9874E-05 9.9874E-05 9.9874E-05 9.9874E-05 9.9874E-05 9.9874E-05
9.9856E-05 9.9856E-05 9.9856E-05 9.9856E-05 0.886932 9.9856E-05 9.9856E-05 9.9856E-05 9.9856E-05 9.9856E-05 9.9856E-05 9.9856E-05 9.9856E-05 9.9856E-05 0.00137177 0.110098 9.9856E-05 9.9856E-05 9.9856E-05
0.054585 9.99009E-05 0.0507582 9.99009E-05 0.292417 0.018152 9.99009E-05 9.99009E-05 9.99009E-05 9.99009E-05 9.99009E-05 9.99009E-05 0.14772 9.99009E-05 9.99009E-05 0.141455 9.99009E-05 0.0622476 0.231566
0.0881229 9.99009E-05 0.130745 9.99009E-05 0.440707 9.99009E-05 0.114989 9.99009E-05 9.99009E-05 9.99009E-05 9.99009E-05 9.99009E-05 0.00403199 0.0620264 9.99009E-05 0.123615 9.99009E-05 0.0346638 9.99009E-05
0.179429 0.0345792 9.99189E-05 0.149806 0.183483 9.99189E-05 9.99189E-05 9.99189E-05 0.0628314 0.0355378 9.99189E-05 9.99189E-05 0.098524 0.010238 0.0196705 0.225002 9.99189E-05 9.99189E-05 9.99189E-05
0.99371 9.98481E-05 9.98481E-05 9.98481E-05 9.98481E-05 9.98481E-05 9.98481E-05 9.98481E-05 9.98481E-05 9.98481E-05 9.98481E-05 9.98481E-05 9.98481E-05 9.98481E-05 9.98481E-05 9.98481E-05 9.98481E-05 9.98481E-05 0.00459304
9.98382E-05 0.998203 9.98382E-05 9.98382E-05 9.98382E-05 9.98382E-05 9.98382E-05 9.98382E-05 9.98382E-05 9.98382E-05 9.98382E-05 9.98382E-05 9.98382E-05 9.98382E-05 9.98382E-05 9.98382E-05 9.98382E-05 9.98382E-05 9.98382E-05
9.98472E-05 0.997256 9.98472E-05 9.98472E-05 9.98472E-05 9.98472E-05 9.98472E-05 9.98472E-05 9.98472E-05 9.98472E-05 9.98472E-05 0.00104706 9.98472E-05 9.98472E-05 9.98472E-05 9.98472E-05 9.98472E-05 9.98472E-05 9.98472E-05
9.98303E-05 0.976091 9.98303E-05 9.98303E-05 0.022212 9.98303E-05 9.98303E-05 9.98303E-05 9.98303E-05 9.98303E-05 9.98303E-05 9.98303E-05 9.98303E-05 9.98303E-05 9.98303E-05 9.98303E-05 9.98303E-05 9.98303E-05 9.98303E-05
9.98563E-05 0.985263 9.98563E-05 9.98563E-05 9.98563E-05 9.98563E-05 9.98563E-05 9.98563E-05 9.98563E-05 9.98563E-05 9.98563E-05 9.98563E-05 9.98563E-05 9.98563E-05 9.98563E-05 9.98563E-05 0.0126857 9.98563E-05 0.000453374
9.98383E-05 0.998203 9.98383E-05 9.98383E-05 9.98383E-05 9.98383E-05 9.98383E-05 9.98383E-05 9.98383E-05 9.98383E-05 9.98383E-05 9.98383E-05 9.98383E-05 9.98383E-05 9.98383E-05 9.98383E-05 9.98383E-05 9.98383E-05 9.98383E-05
9.99102E-05 0.367941 0.0896522 9.99102E-05 9.99102E-05 9.99102E-05 9.99102E-05 0.0086089 0.293732 0.0698265 0.105849 0.00999783 9.99102E-05 9.99102E-05 9.99102E-05 9.99102E-05 9.99102E-05 0.0239678 0.0294247
9.98652E-05 0.934187 9.98652E-05 0.000906832 9.98652E-05 0.00775861 9.98652E-05 9.98652E-05 9.98652E-05 9.98652E-05 9.98652E-05 9.98652E-05 9.98652E-05 9.98652E-05 9.98652E-05 9.98652E-05 9.98652E-05 0.05565 9.98652E-05
0.796521 9.98648E-05 0.148643 9.98648E-05 9.98648E-05 9.98648E-05 9.98648E-05 9.98648E-05 9.98648E-05 9.98648E-05 9.98648E-05 9.98648E-05 0.00185223 9.98648E-05 9.98648E-05 0.0514853 9.98648E-05 9.98648E-05 9.98648E-05
9.98739E-05 0.0203114 9.98739E-05 9.98739E-05 9.98739E-05 9.98739E-05 9.98739E-05 0.0168819 9.98739E-05 0.0356832 9.98739E-05 9.98739E-05 9.98739E-05 9.98739E-05 0.00215749 9.98739E-05 9.98739E-05 0.923568 9.98739E-05
9.9865E-05 9.9865E-05 9.9865E-05 0.00136791 9.9865E-05 9.9865E-05 9.9865E-05 0.406989 9.9865E-05 9.9865E-05 9.9865E-05 0.0115054 9.9865E-05 0.578639 9.9865E-05 9.9865E-05 9.9865E-05 9.9865E-05 9.9865E-05
0.0247065 9.98741E-05 0.0678428 9.98741E-05 9.98741E-05 0.0574309 9.98741E-05 9.98741E-05 9.98741E-05 9.98741E-05 9.98741E-05 9.98741E-05 0.847792 9.98741E-05 9.98741E-05 9.98741E-05 0.000829523 9.98741E-05 9.98741E-05
9.98564E-05 9.98564E-05 0.866169 9.98564E-05 9.98564E-05 9.98564E-05 9.98564E-05 9.98564E-05 9.98564E-05 9.98564E-05 9.98564E-05 9.98564E-05 0.0254605 9.98564E-05 9.98564E-05 0.106773 9.98564E-05 9.98564E-05 9.98564E-05
9.98566E-05 9.98566E-05 9.98566E-05 9.98566E-05 9.98566E-05 9.98566E-05 9.98566E-05 9.98566E-05 9.98566E-05 0.0151931 0.00678298 9.98566E-05 0.976426 9.98566E-05 9.98566E-05 9.98566E-05 9.98566E-05 9.98566E-05 9.98566E-05
9.9865E-05 9.9865E-05 9.9865E-05 9.9865E-05 0.0687599 9.9865E-05 9.9865E-05 9.9865E-05 9.9865E-05 9.9865E-05 9.9865E-05 9.9865E-05 0.909649 9.9865E-05 9.9865E-05 9.9865E-05 9.9865E-05 0.014716 0.00537674
9.98738E-05 9.98738E-05 9.98738E-05 9.98738E-05 0.087749 0.0360791 9.98738E-05 9.98738E-05 9.98738E-05 9.98738E-05 9.98738E-05 0.0236405 0.80138 9.98738E-05 9.98738E-05 0.0497536 9.98738E-05 9.98738E-05 9.98738E-05
9.98381E-05 9.98381E-05 9.98381E-05 9.98381E-05 9.98381E-05 9.98381E-05 0.998203 9.98381E-05 9.98381E-05 9.98381E-05 9.98381E-05 9.98381E-05 9.98381E-05 9.98381E-05 9.98381E-05 9.98381E-05 9.98381E-05 9.98381E-05 9.98381E-05
9.98567E-05 9.98567E-05 9.98567E-05 9.98567E-05 9.98567E-05 9.98567E-05 9.98567E-05 0.710667 0.0138901 9.98567E-05 9.98567E-05 9.98567E-05 9.98567E-05 0.273845 9.98567E-05 9.98567E-05 9.98567E-05 9.98567E-05 9.98567E-05
9.99282E-05 0.0224743 0.119351 0.161861 0.0697894 0.0607733 0.0248782 0.171564 0.0573267 9.99282E-05 9.99282E-05 9.99282E-05 0.0278969 0.202403 9.99282E-05 9.99282E-05 9.99282E-05 0.080883 9.99282E-05
9.98743E-05 9.98743E-05 0.00102989 9.98743E-05 9.98743E-05 9.98743E-05 9.98743E-05 0.100017 9.98743E-05 9.98743E-05 0.0748928 9.98743E-05 9.98743E-05 0.696746 0.125916 9.98743E-05 9.98743E-05 9.98743E-05 9.98743E-05
0.00520493 0.0278892 9.98921E-05 0.00588546 9.98921E-05 9.98921E-05 9.98921E-05 0.107311 0.0185756 0.030544 9.98921E-05 9.98921E-05 9.98921E-05 0.803391 9.98921E-05 9.98921E-05 9.98921E-05 9.98921E-05 9.98921E-05
9.98652E-05 9.98652E-05 9.98652E-05 9.98652E-05 0.000188275 9.98652E-05 9.98652E-05 0.990172 9.98652E-05 0.00556556 9.98652E-05 9.98652E-05 9.98652E-05 9.98652E-05 9.98652E-05 9.98652E-05 9.98652E-05 9.98652E-05 0.00257621
9.98473E-05 9.98473E-05 9.98473E-05 9.98473E-05 9.98473E-05 9.98473E-05 9.98473E-05 0.996961 9.98473E-05 9.98473E-05 9.98473E-05 9.98473E-05 9.98473E-05 9.98473E-05 9.98473E-05 9.98473E-05 0.00134146 9.98473E-05 9.98473E-05
9.98832E-05 9.98832E-05 9.98832E-05 9.98832E-05 0.0387337 9.98832E-05 9.98832E-05 0.0462675 0.136545 0.0570274 9.98832E-05 9.98832E-05 9.98832E-05 0.713181 9.98832E-05 9.98832E-05 9.98832E-05 0.00694685 9.98832E-05
9.98739E-05 9.98739E-05 9.98739E-05 0.0223808 9.98739E-05 9.98739E-05 9.98739E-05 0.379973 9.98739E-05 9.98739E-05 0.00682732 9.98739E-05 9.98739E-05 0.579534 9.98739E-05 0.009886 9.98739E-05 9.98739E-05 9.98739E-05
9.98561E-05 0.0422658 9.98561E-05 9.98561E-05 9.98561E-05 9.98561E-05 9.98561E-05 9.98561E-05 0.0180439 9.98561E-05 0.938093 9.98561E-05 9.98561E-05 9.98561E-05 9.98561E-05 9.98561E-05 9.98561E-05 9.98561E-05 9.98561E-05
9.98472E-05 9.98472E-05 9.98472E-05 9.98472E-05 9.98472E-05 9.98472E-05 9.98472E-05 9.98472E-05 9.98472E-05 9.98472E-05 0.983001 9.98472E-05 0.0153017 9.98472E-05 9.98472E-05 9.98472E-05 9.98472E-05 9.98472E-05 9.98472E-05
9.98922E-05 0.0193988 0.000502359 9.98922E-05 9.98922E-05 9.98922E-05 9.98922E-05 0.0789122 9.98922E-05 9.98922E-05 9.98922E-05 9.98922E-05 0.00521234 0.871417 0.0157936 9.98922E-05 0.00756498 9.98922E-05 9.98922E-05
9.9865E-05 0.00755465 0.961405 9.9865E-05 9.9865E-05 0.00305561 9.9865E-05 9.9865E-05 9.9865E-05 9.9865E-05 0.0264866 9.9865E-05 9.9865E-05 9.9865E-05 9.9865E-05 9.9865E-05 9.9865E-05 9.9865E-05 9.9865E-05
9.9847E-05 0.000484548 0.997818 9.9847E-05 9.9847E-05 9.9847E-05 9.9847E-05 9.9847E-05 9.9847E-05 9.9847E-05 9.9847E-05 9.9847E-05 9.9847E-05 9.9847E-05 9.9847E-05 9.9847E-05 9.9847E-05 9.9847E-05 9.9847E-05
0.00433953 9.98653E-05 9.98653E-05 9.98653E-05 9.98653E-05 0.989482 9.98653E-05 9.98653E-05 9.98653E-05 9.98653E-05 9.98653E-05 9.98653E-05 9.98653E-05 0.00297052 9.98653E-05 0.00170992 9.98653E-05 9.98653E-05 9.98653E-05
9.98384E-05 9.98384E-05 9.98384E-05 9.98384E-05 9.98384E-05 0.998203 9.98384E-05 9.98384E-05 9.98384E-05 9.98384E-05 9.98384E-05 9.98384E-05 9.98384E-05 9.98384E-05 9.98384E-05 9.98384E-05 9.98384E-05 9.98384E-05 9.98384E-05
0.0121534 9.9892E-05 0.00372946 9.9892E-05 0.882444 9.9892E-05 9.9892E-05 0.00979427 9.9892E-05 9.9892E-05 9.9892E-05 9.9892E-05 0.0404599 9.9892E-05 9.9892E-05 9.9892E-05 0.0117805 0.03844 9.9892E-05
9.98919E-05 9.98919E-05 0.0627232 9.98919E-05 0.822735 9.98919E-05 9.98919E-05 0.000460475 9.98919E-05 9.98919E-05 0.0125393 9.98919E-05 0.0638362 9.98919E-05 9.98919E-05 9.98919E-05 0.00681827 0.0296891 9.98919E-05
9.98743E-05 9.98743E-05 0.0194895 9.98743E-05 9.98743E-05 0.937143 9.98743E-05 9.98743E-05 9.98743E-05 0.00443479 0.0161631 9.98743E-05 9.98743E-05 9.98743E-05 9.98743E-05 9.98743E-05 9.98743E-05 9.98743E-05 0.0213711
9.98383E-05 9.98383E-05 9.98383E-05 9.98383E-05 9.98383E-05 0.998203 9.98383E-05 9.98383E-05 9.98383E-05 9.98383E-05 9.98383E-05 9.98383E-05 9.98383E-05 9.98383E-05 9.98383E-05 9.98383E-05 9.98383E-05 9.98383E-05 9.98383E-05
0.967232 9.9865E-05 0.0208775 9.9865E-05 9.9865E-05 9.9865E-05 9.9865E-05 9.9865E-05 9.9865E-05 9.9865E-05 9.9865E-05 0.00391777 0.00647518 9.9865E-05 9.9865E-05 9.9865E-05 9.9865E-05 9.9865E-05 9.9865E-05
0.0528339 9.9901E-05 0.400368 9.9901E-05 0.16222 9.9901E-05 9.9901E-05 9.9901E-05 9.9901E-05 0.0871549 9.9901E-05 9.9901E-05 0.131964 9.9901E-05 9.9901E-05 0.0534136 0.0889836 0.0219627 9.9901E-05
9.9865E-05 0.0549618 9.9865E-05 9.9865E-05 9.9865E-05 9.9865E-05 9.9865E-05 9.9865E-05 9.9865E-05 0.0855537 9.9865E-05 9.9865E-05 9.9865E-05 9.9865E-05 9.9865E-05 0.00195437 9.9865E-05 0.856032 9.9865E-05
9.9847E-05 9.9847E-05 9.9847E-05 9.9847E-05 9.9847E-05 9.9847E-05 9.9847E-05 9.9847E-05 9.9847E-05 9.9847E-05 9.9847E-05 9.9847E-05 9.9847E-05 9.9847E-05 9.9847E-05 0.952273 9.9847E-05 9.9847E-05 0.0460297
0.00116064 9.98831E-05 0.016307 0.0491704 9.98831E-05 0.0288 9.98831E-05 9.98831E-05 9.98831E-05 9.98831E-05 9.98831E-05 9.98831E-05 9.98831E-05 9.98831E-05 9.98831E-05 0.898116 0.00514779 9.98831E-05 9.98831E-05
9.9838E-05 9.9838E-05 9.9838E-05 9.9838E-05 9.9838E-05 9.9838E-05 9.9838E-05 9.9838E-05 0.998203 9.9838E-05 9.9838E-05 9.9838E-05 9.9838E-05 9.9838E-05 9.9838E-05 9.9838E-05 9.9838E-05 9.9838E-05 9.9838E-05
