9.98469E-05 9.98469E-05 9.98469E-05 9.98469E-05 9.98469E-05 9.98469E-05 0.0139912 0.0278288 9.98469E-05 9.98469E-05 9.98469E-05 9.98469E-05 9.98469E-05 9.98469E-05 9.98469E-05 0.956483 9.98469E-05 9.98469E-05 9.98469E-05 9.98469E-05
9.98739E-05 0.0654901 9.98739E-05 9.98739E-05 0.0143731 0.00475925 9.98739E-05 9.98739E-05 9.98739E-05 9.98739E-05 9.98739E-05 9.98739E-05 0.714597 9.98739E-05 9.98739E-05 0.0580139 9.98739E-05 9.98739E-05 9.98739E-05 0.141369
9.98293E-05 9.98293E-05 9.98293E-05 0.998103 9.98293E-05 9.98293E-05 9.98293E-05 9.98293E-05 9.98293E-05 9.98293E-05 9.98293E-05 9.98293E-05 9.98293E-05 9.98293E-05 9.98293E-05 9.98293E-05 9.98293E-05 9.98293E-05 9.98293E-05 9.98293E-05
0.0490864 9.98651E-05 9.98651E-05 9.98651E-05 9.98651E-05 9.98651E-05 9.98651E-05 9.98651E-05 9.98651E-05 0.0166534 0.0197986 9.98651E-05 9.98651E-05 9.98651E-05 9.98651E-05 9.98651E-05 0.0201062 9.98651E-05 9.98651E-05 0.892857
9.98203E-05 9.98203E-05 9.98203E-05 9.98203E-05 9.98203E-05 0.998103 9.98203E-05 9.98203E-05 9.98203E-05 9.98203E-05 9.98203E-05 9.98203E-05 9.98203E-05 9.98203E-05 9.98203E-05 9.98203E-05 9.98203E-05 9.98203E-05 9.98203E-05 9.98203E-05
9.98382E-05 9.98382E-05 9.98382E-05 9.98382E-05 9.98382E-05 0.0516378 9.98382E-05 9.98382E-05 9.98382E-05 9.98382E-05 9.98382E-05 9.98382E-05 9.98382E-05 9.98382E-05 9.98382E-05 9.98382E-05 9.98382E-05 9.98382E-05 9.98382E-05 0.946565
9.98293E-05 9.98293E-05 9.98293E-05 9.98293E-05 9.98293E-05 9.98293E-05 9.98293E-05 9.98293E-05 9.98293E-05 9.98293E-05 9.98293E-05 9.98293E-05 9.98293E-05 9.98293E-05 9.98293E-05 9.98293E-05 9.98293E-05 9.98293E-05 0.998103 9.98293E-05
0.248887 9.98919E-05 9.98919E-05 0.0184501 9.98919E-05 0.102776 9.98919E-05 0.0798423 0.447915 0.000379376 9.98919E-05 9.98919E-05 0.0422574 9.98919E-05 9.98919E-05 9.98919E-05 0.0582942 9.98919E-05 9.98919E-05 9.98919E-05
9.98561E-05 0.00716118 9.98561E-05 9.98561E-05 0.00600812 9.98561E-05 9.98561E-05 9.98561E-05 9.98561E-05 9.98561E-05 9.98561E-05 9.98561E-05 0.0326007 9.98561E-05 9.98561E-05 9.98561E-05 9.98561E-05 9.98561E-05 0.952632 9.98561E-05
9.98472E-05 9.98472E-05 9.98472E-05 9.98472E-05 9.98472E-05 0.119234 9.98472E-05 0.800151 9.98472E-05 9.98472E-05 9.98472E-05 9.98472E-05 9.98472E-05 9.98472E-05 9.98472E-05 9.98472E-05 9.98472E-05 9.98472E-05 0.0789176 9.98472E-05
9.98472E-05 9.98472E-05 9.98472E-05 9.98472E-05 9.98472E-05 0.0783115 9.98472E-05 0.838652 9.98472E-05 9.98472E-05 9.98472E-05 9.98472E-05 9.98472E-05 9.98472E-05 9.98472E-05 9.98472E-05 9.98472E-05 9.98472E-05 0.0813392 9.98472E-05
9.9883E-05 9.9883E-05 9.9883E-05 0.0139577 9.9883E-05 9.9883E-05 9.9883E-05 9.9883E-05 9.9883E-05 0.118356 0.0261166 0.0348868 9.9883E-05 9.9883E-05 9.9883E-05 0.634382 9.9883E-05 0.14355 0.0274529 9.9883E-05
9.98563E-05 9.98563E-05 9.98563E-05 0.0174829 9.98563E-05 9.98563E-05 9.98563E-05 9.98563E-05 0.0167627 9.98563E-05 9.98563E-05 9.98563E-05 9.98563E-05 9.98563E-05 9.98563E-05 9.98563E-05 9.98563E-05 0.946229 0.0179274 9.98563E-05
9.98651E-05 9.98651E-05 0.0206384 9.98651E-05 9.98651E-05 9.98651E-05 9.98651E-05 9.98651E-05 9.98651E-05 9.98651E-05 9.98651E-05 0.00208204 0.0269195 9.98651E-05 9.98651E-05 0.00682025 9.98651E-05 9.98651E-05 9.98651E-05 0.942042
9.98472E-05 9.98472E-05 9.98472E-05 9.98472E-05 9.98472E-05 0.0327034 0.0204726 9.98472E-05 9.98472E-05 9.98472E-05 9.98472E-05 9.98472E-05 9.98472E-05 9.98472E-05 9.98472E-05 9.98472E-05 9.98472E-05 9.98472E-05 9.98472E-05 0.945127
9.9847E-05 9.9847E-05 9.9847E-05 9.9847E-05 0.780186 9.9847E-05 9.9847E-05 9.9847E-05 9.9847E-05 9.9847E-05 9.9847E-05 0.095773 9.9847E-05 9.9847E-05 9.9847E-05 9.9847E-05 9.9847E-05 0.122344 9.9847E-05 9.9847E-05
9.9865E-05 0.914962 9.9865E-05 9.9865E-05 9.9865E-05 9.9865E-05 0.0336755 0.0397969 9.9865E-05 9.9865E-05 9.9865E-05 9.9865E-05 9.9865E-05 0.00626078 9.9865E-05 9.9865E-05 9.9865E-05 0.00380702 9.9865E-05 9.9865E-05
9.98648E-05 9.98648E-05 0.756042 9.98648E-05 0.0643999 9.98648E-05 9.98648E-05 0.142525 9.98648E-05 9.98648E-05 9.98648E-05 9.98648E-05 0.026063 9.98648E-05 9.98648E-05 9.98648E-05 0.00947243 9.98648E-05 9.98648E-05 9.98648E-05
9.98653E-05 9.98653E-05 0.919937 9.98653E-05 9.98653E-05 9.98653E-05 9.98653E-05 9.98653E-05 9.98653E-05 0.0288997 9.98653E-05 0.00411921 9.98653E-05 0.0340496 0.0114961 9.98653E-05 9.98653E-05 9.98653E-05 9.98653E-05 9.98653E-05
9.98648E-05 9.98648E-05 9.98648E-05 9.98648E-05 0.297085 9.98648E-05 9.98648E-05 0.436093 9.98648E-05 0.00381833 9.98648E-05 0.180317 9.98648E-05 9.98648E-05 9.98648E-05 0.0811886 9.98648E-05 9.98648E-05 9.98648E-05 9.98648E-05
9.98291E-05 9.98291E-05 0.998103 9.98291E-05 9.98291E-05 9.98291E-05 9.98291E-05 9.98291E-05 9.98291E-05 9.98291E-05 9.98291E-05 9.98291E-05 9.98291E-05 9.98291E-05 9.98291E-05 9.98291E-05 9.98291E-05 9.98291E-05 9.98291E-05 9.98291E-05
9.98739E-05 0.056957 9.98739E-05 9.98739E-05 0.311156 9.98739E-05 9.98739E-05 0.087539 9.98739E-05 9.98739E-05 9.98739E-05 9.98739E-05 9.98739E-05 9.98739E-05 0.0116807 0.480415 9.98739E-05 0.0508537 9.98739E-05 9.98739E-05
9.98293E-05 9.98293E-05 9.98293E-05 9.98293E-05 9.98293E-05 9.98293E-05 0.998103 9.98293E-05 9.98293E-05 9.98293E-05 9.98293E-05 9.98293E-05 9.98293E-05 9.98293E-05 9.98293E-05 9.98293E-05 9.98293E-05 9.98293E-05 9.98293E-05 9.98293E-05
9.98292E-05 9.98292E-05 9.98292E-05 9.98292E-05 9.98292E-05 9.98292E-05 9.98292E-05 9.98292E-05 9.98292E-05 9.98292E-05 9.98292E-05 9.98292E-05 9.98292E-05 0.998103 9.98292E-05 9.98292E-05 9.98292E-05 9.98292E-05 9.98292E-05 9.98292E-05
9.98473E-05 9.98473E-05 9.98473E-05 0.0414721 9.98473E-05 9.98473E-05 9.98473E-05 9.98473E-05 9.98473E-05 9.98473E-05 0.680278 9.98473E-05 9.98473E-05 9.98473E-05 9.98473E-05 9.98473E-05 9.98473E-05 9.98473E-05 9.98473E-05 0.276552
9.98383E-05 9.98383E-05 9.98383E-05 9.98383E-05 9.98383E-05 9.98383E-05 9.98383E-05 9.98383E-05 9.98383E-05 9.98383E-05 0.251721 9.98383E-05 9.98383E-05 9.98383E-05 9.98383E-05 9.98383E-05 9.98383E-05 9.98383E-05 9.98383E-05 0.746482
9.98738E-05 0.0244439 9.98738E-05 9.98738E-05 9.98738E-05 9.98738E-05 0.0237783 0.0757313 9.98738E-05 0.024193 9.98738E-05 9.98738E-05 9.98738E-05 9.98738E-05 9.98738E-05 0.0685439 9.98738E-05 0.781911 9.98738E-05 9.98738E-05
9.98293E-05 9.98293E-05 9.98293E-05 9.98293E-05 9.98293E-05 9.98293E-05 9.98293E-05 9.98293E-05 9.98293E-05 9.98293E-05 0.998103 9.98293E-05 9.98293E-05 9.98293E-05 9.98293E-05 9.98293E-05 9.98293E-05 9.98293E-05 9.98293E-05 9.98293E-05
9.98293E-05 9.98293E-05 9.98293E-05 9.98293E-05 9.98293E-05 9.98293E-05 9.98293E-05 9.98293E-05 9.98293E-05 9.98293E-05 0.998103 9.98293E-05 9.98293E-05 9.98293E-05 9.98293E-05 9.98293E-05 9.98293E-05 9.98293E-05 9.98293E-05 9.98293E-05
0.571784 9.98742E-05 9.98742E-05 9.98742E-05 9.98742E-05 0.0473717 9.98742E-05 9.98742E-05 9.98742E-05 9.98742E-05 0.162087 9.98742E-05 9.98742E-05 9.98742E-05 0.026577 9.98742E-05 0.0621213 9.98742E-05 9.98742E-05 0.128661
0.956451 9.98559E-05 9.98559E-05 9.98559E-05 9.98559E-05 9.98559E-05 9.98559E-05 9.98559E-05 0.000571249 9.98559E-05 9.98559E-05 0.00423917 9.98559E-05 9.98559E-05 9.98559E-05 9.98559E-05 9.98559E-05 9.98559E-05 9.98559E-05 0.0371411
9.98296E-05 9.98296E-05 9.98296E-05 9.98296E-05 9.98296E-05 9.98296E-05 9.98296E-05 9.98296E-05 9.98296E-05 9.98296E-05 9.98296E-05 9.98296E-05 0.998103 9.98296E-05 9.98296E-05 9.98296E-05 9.98296E-05 9.98296E-05 9.98296E-05 9.98296E-05
9.98473E-05 9.98473E-05 9.98473E-05 9.98473E-05 9.98473E-05 9.98473E-05 9.98473E-05 9.98473E-05 0.161593 9.98473E-05 0.359332 9.98473E-05 9.98473E-05 9.98473E-05 9.98473E-05 9.98473E-05 9.98473E-05 9.98473E-05 9.98473E-05 0.477378
0.0429878 9.98653E-05 9.98653E-05 0.0321517 9.98653E-05 9.98653E-05 9.98653E-05 0.00298928 0.19261 9.98653E-05 9.98653E-05 9.98653E-05 9.98653E-05 9.98653E-05 9.98653E-05 9.98653E-05 0.727763 9.98653E-05 9.98653E-05 9.98653E-05
0.0320491 0.203075 9.99007E-05 9.99007E-05 9.99007E-05 0.0174741 9.99007E-05 9.99007E-05 0.0210422 0.124816 9.99007E-05 0.0629225 9.99007E-05 9.99007E-05 9.99007E-05 0.0217871 0.000429887 0.515305 9.99007E-05 9.99007E-05
0.00133355 9.98829E-05 9.98829E-05 9.98829E-05 9.98829E-05 0.00684503 9.98829E-05 9.98829E-05 0.0180981 9.98829E-05 0.637099 0.049984 0.000653188 9.98829E-05 9.98829E-05 9.98829E-05 9.98829E-05 9.98829E-05 9.98829E-05 0.284688
9.98561E-05 9.98561E-05 9.98561E-05 0.0120319 9.98561E-05 9.98561E-05 9.98561E-05 9.98561E-05 0.0280333 9.98561E-05 9.98561E-05 0.0115775 9.98561E-05 9.98561E-05 9.98561E-05 0.94676 9.98561E-05 9.98561E-05 9.98561E-05 9.98561E-05
9.98739E-05 9.98739E-05 9.98739E-05 9.98739E-05 9.98739E-05 9.98739E-05 0.0473934 0.580882 0.0557555 9.98739E-05 9.98739E-05 9.98739E-05 0.165971 9.98739E-05 0.0391905 0.10941 9.98739E-05 9.98739E-05 9.98739E-05 9.98739E-05
9.98382E-05 0.992384 9.98382E-05 9.98382E-05 9.98382E-05 9.98382E-05 9.98382E-05 9.98382E-05 0.00581884 9.98382E-05 9.98382E-05 9.98382E-05 9.98382E-05 9.98382E-05 9.98382E-05 9.98382E-05 9.98382E-05 9.98382E-05 9.98382E-05 9.98382E-05
9.98917E-05 0.0946441 9.98917E-05 9.98917E-05 0.28654 9.98917E-05 9.98917E-05 0.230575 9.98917E-05 9.98917E-05 9.98917E-05 0.0076351 9.98917E-05 0.0177206 0.00625876 0.237028 9.98917E-05 9.98917E-05 9.98917E-05 0.118399
9.98918E-05 0.0615362 0.00402824 9.98918E-05 0.275105 0.0181367 9.98918E-05 0.25723 9.98918E-05 9.98918E-05 9.98918E-05 9.98918E-05 0.00152943 9.98918E-05 9.98918E-05 0.300856 9.98918E-05 9.98918E-05 9.98918E-05 0.08038
9.9865E-05 0.0350112 9.9865E-05 9.9865E-05 0.0023707 9.9865E-05 9.9865E-05 0.906974 9.9865E-05 9.9865E-05 9.9865E-05 0.0338547 9.9865E-05 9.9865E-05 9.9865E-05 0.0202918 9.9865E-05 9.9865E-05 9.9865E-05 9.9865E-05
9.98561E-05 9.98561E-05 9.98561E-05 9.98561E-05 0.873226 9.98561E-05 9.98561E-05 9.98561E-05 9.98561E-05 9.98561E-05 9.98561E-05 9.98561E-05 9.98561E-05 0.0331746 9.98561E-05 9.98561E-05 9.98561E-05 0.0410311 0.0509708 9.98561E-05
0.0129965 0.00674025 9.9874E-05 9.9874E-05 9.9874E-05 9.9874E-05 9.9874E-05 0.856329 9.9874E-05 0.00489707 9.9874E-05 0.0915807 9.9874E-05 9.9874E-05 9.9874E-05 9.9874E-05 9.9874E-05 0.0260579 9.9874E-05 9.9874E-05
9.99008E-05 9.99008E-05 9.99008E-05 9.99008E-05 0.0690542 9.99008E-05 0.0746302 0.332746 9.99008E-05 0.0737568 9.99008E-05 0.0786139 0.0617603 0.12345 9.99008E-05 0.0498201 9.99008E-05 0.135069 9.99008E-05 9.99008E-05
0.0498241 9.99009E-05 9.99009E-05 0.0172765 0.137116 9.99009E-05 9.99009E-05 0.469817 9.99009E-05 9.99009E-05 9.99009E-05 0.137287 0.00810224 9.99009E-05 0.0758473 0.0767195 9.99009E-05 9.99009E-05 9.99009E-05 0.0269121
0.123644 0.161638 9.99099E-05 9.99099E-05 9.99099E-05 9.99099E-05 9.99099E-05 0.184302 9.99099E-05 9.99099E-05 9.99099E-05 0.192839 9.99099E-05 9.99099E-05 0.00601151 0.16138 0.00701376 0.115384 0.024335 0.0224524
9.98392E-05 9.98392E-05 9.98392E-05 9.98392E-05 9.98392E-05 9.98392E-05 9.98392E-05 9.98392E-05 9.98392E-05 9.98392E-05 9.98392E-05 9.98392E-05 9.98392E-05 9.98392E-05 0.00964304 0.98856 9.98392E-05 9.98392E-05 9.98392E-05 9.98392E-05
9.98383E-05 9.98383E-05 9.98383E-05 9.98383E-05 9.98383E-05 9.98383E-05 9.98383E-05 9.98383E-05 9.98383E-05 9.98383E-05 9.98383E-05 9.98383E-05 9.98383E-05 9.98383E-05 9.98383E-05 9.98383E-05 0.997539 9.98383E-05 0.000664339 9.98383E-05
9.98741E-05 0.00537919 0.00980988 9.98741E-05 0.00216432 9.98741E-05 9.98741E-05 0.00243407 9.98741E-05 9.98741E-05 9.98741E-05 9.98741E-05 9.98741E-05 9.98741E-05 0.00960784 9.98741E-05 0.969206 9.98741E-05 9.98741E-05 9.98741E-05
9.98383E-05 9.98383E-05 9.98383E-05 9.98383E-05 9.98383E-05 9.98383E-05 9.98383E-05 9.98383E-05 9.98383E-05 9.98383E-05 9.98383E-05 9.98383E-05 9.98383E-05 9.98383E-05 9.98383E-05 9.98383E-05 0.982018 9.98383E-05 0.0161853 9.98383E-05
9.983E-05 9.983E-05 9.983E-05 9.983E-05 9.983E-05 9.983E-05 9.983E-05 9.983E-05 9.983E-05 9.983E-05 9.983E-05 9.983E-05 9.983E-05 9.983E-05 9.983E-05 9.983E-05 0.998103 9.983E-05 9.983E-05 9.983E-05
0.0268754 9.98382E-05 9.98382E-05 9.98382E-05 9.98382E-05 9.98382E-05 9.98382E-05 9.98382E-05 9.98382E-05 9.98382E-05 9.98382E-05 9.98382E-05 9.98382E-05 9.98382E-05 9.98382E-05 9.98382E-05 0.971327 9.98382E-05 9.98382E-05 9.98382E-05
0.259405 9.98924E-05 9.98924E-05 9.98924E-05 0.113577 0.0313156 0.0548941 9.98924E-05 0.0954789 9.98924E-05 9.98924E-05 9.98924E-05 0.0371119 9.98924E-05 9.98924E-05 9.98924E-05 0.385314 0.021704 9.98924E-05 9.98924E-05
9.98471E-05 9.98471E-05 9.98471E-05 9.98471E-05 9.98471E-05 9.98471E-05 9.98471E-05 9.98471E-05 9.98471E-05 9.98471E-05 9.98471E-05 9.98471E-05 0.112094 9.98471E-05 9.98471E-05 0.0043315 0.881877 9.98471E-05 9.98471E-05 9.98471E-05
9.98558E-05 9.98558E-05 9.98558E-05 9.98558E-05 0.164276 9.98558E-05 9.98558E-05 9.98558E-05 9.98558E-05 9.98558E-05 9.98558E-05 0.0717348 9.98558E-05 9.98558E-05 9.98558E-05 0.756826 9.98558E-05 0.00556576 9.98558E-05 9.98558E-05
9.98739E-05 9.98739E-05 9.98739E-05 9.98739E-05 9.98739E-05 9.98739E-05 9.98739E-05 9.98739E-05 9.98739E-05 0.00127932 0.024296 0.00933669 0.901656 9.98739E-05 9.98739E-05 9.98739E-05 0.0256886 9.98739E-05 0.0363452 9.98739E-05
9.9856E-05 9.9856E-05 9.9856E-05 9.9856E-05 9.9856E-05 0.0027905 9.9856E-05 9.9856E-05 9.9856E-05 9.9856E-05 0.531724 0.00753545 9.9856E-05 9.9856E-05 9.9856E-05 9.9856E-05 9.9856E-05 9.9856E-05 9.9856E-05 0.456352
9.98653E-05 9.98653E-05 9.98653E-05 9.98653E-05 0.119573 9.98653E-05 9.98653E-05 9.98653E-05 9.98653E-05 0.028409 9.98653E-05 9.98653E-05 9.98653E-05 9.98653E-05 9.98653E-05 0.00778488 0.00217923 0.840556 9.98653E-05 9.98653E-05
9.98564E-05 9.98564E-05 9.98564E-05 0.00357987 0.913852 9.98564E-05 9.98564E-05 9.98564E-05 9.98564E-05 9.98564E-05 9.98564E-05 0.0639422 9.98564E-05 9.98564E-05 9.98564E-05 9.98564E-05 9.98564E-05 0.0170278 9.98564E-05 9.98564E-05
9.98476E-05 9.98476E-05 9.98476E-05 9.98476E-05 9.98476E-05 9.98476E-05 9.98476E-05 9.98476E-05 0.0119553 9.98476E-05 9.98476E-05 9.98476E-05 9.98476E-05 9.98476E-05 9.98476E-05 9.98476E-05 9.98476E-05 0.978366 0.00798162 9.98476E-05
9.9856E-05 9.9856E-05 9.9856E-05 9.9856E-05 9.9856E-05 9.9856E-05 9.9856E-05 0.0945482 9.9856E-05 9.9856E-05 9.9856E-05 9.9856E-05 9.9856E-05 9.9856E-05 9.9856E-05 0.000431267 9.9856E-05 0.898324 9.9856E-05 0.00509844
9.98649E-05 9.98649E-05 9.98649E-05 9.98649E-05 9.98649E-05 9.98649E-05 9.98649E-05 0.075273 9.98649E-05 0.0275607 9.98649E-05 0.0236759 9.98649E-05 0.026849 9.98649E-05 9.98649E-05 9.98649E-05 0.845143 9.98649E-05 9.98649E-05
9.98293E-05 9.98293E-05 9.98293E-05 9.98293E-05 9.98293E-05 9.98293E-05 9.98293E-05 9.98293E-05 9.98293E-05 9.98293E-05 9.98293E-05 9.98293E-05 9.98293E-05 9.98293E-05 0.998103 9.98293E-05 9.98293E-05 9.98293E-05 9.98293E-05 9.98293E-05
9.98565E-05 9.98565E-05 9.98565E-05 0.0705189 9.98565E-05 0.0236744 9.98565E-05 9.98565E-05 9.98565E-05 9.98565E-05 0.609039 9.98565E-05 9.98565E-05 9.98565E-05 9.98565E-05 9.98565E-05 9.98565E-05 9.98565E-05 9.98565E-05 0.29517
0.079565 0.0433928 0.0218162 9.99101E-05 9.99101E-05 9.99101E-05 9.99101E-05 0.239551 9.99101E-05 9.99101E-05 9.99101E-05 0.0566418 9.99101E-05 9.99101E-05 0.0127463 0.101087 0.00367505 9.99101E-05 0.149212 0.291314
9.98564E-05 9.98564E-05 9.98564E-05 0.128496 0.00420702 9.98564E-05 9.98564E-05 9.98564E-05 0.0582771 9.98564E-05 9.98564E-05 9.98564E-05 9.98564E-05 9.98564E-05 9.98564E-05 9.98564E-05 9.98564E-05 9.98564E-05 9.98564E-05 0.807422
0.0272073 0.0376937 9.9874E-05 9.9874E-05 9.9874E-05 0.068902 9.9874E-05 9.9874E-05 9.9874E-05 9.9874E-05 0.306077 9.9874E-05 9.9874E-05 9.9874E-05 9.9874E-05 9.9874E-05 9.9874E-05 9.9874E-05 0.0270008 0.531721
9.98383E-05 9.98383E-05 9.98383E-05 9.98383E-05 0.0039286 9.98383E-05 9.98383E-05 9.98383E-05 9.98383E-05 9.98383E-05 0.994274 9.98383E-05 9.98383E-05 9.98383E-05 9.98383E-05 9.98383E-05 9.98383E-05 9.98383E-05 9.98383E-05 9.98383E-05
9.98473E-05 9.98473E-05 9.98473E-05 9.98473E-05 9.98473E-05 9.98473E-05 9.98473E-05 9.98473E-05 9.98473E-05 9.98473E-05 0.978225 9.98473E-05 9.98473E-05 0.00786148 0.0122164 9.98473E-05 9.98473E-05 9.98473E-05 9.98473E-05 9.98473E-05
0.236666 9.98742E-05 9.98742E-05 9.98742E-05 9.98742E-05 0.0543267 9.98742E-05 0.0333706 9.98742E-05 9.98742E-05 0.246514 9.98742E-05 0.00353206 9.98742E-05 9.98742E-05 9.98742E-05 9.98742E-05 9.98742E-05 9.98742E-05 0.424192
9.9856E-05 9.9856E-05 9.9856E-05 9.9856E-05 9.9856E-05 0.0361357 9.9856E-05 9.9856E-05 9.9856E-05 9.9856E-05 0.55413 0.00586804 9.9856E-05 9.9856E-05 9.9856E-05 9.9856E-05 9.9856E-05 9.9856E-05 9.9856E-05 0.402268
9.9847E-05 9.9847E-05 9.9847E-05 9.9847E-05 9.9847E-05 0.0469835 9.9847E-05 9.9847E-05 0.94505 9.9847E-05 9.9847E-05 9.9847E-05 9.9847E-05 9.9847E-05 9.9847E-05 9.9847E-05 0.00626902 9.9847E-05 9.9847E-05 9.9847E-05
9.98471E-05 9.98471E-05 9.98471E-05 9.98471E-05 9.98471E-05 9.98471E-05 9.98471E-05 9.98471E-05 0.992734 9.98471E-05 9.98471E-05 9.98471E-05 9.98471E-05 9.98471E-05 9.98471E-05 9.98471E-05 9.98471E-05 0.00164483 0.00392366 9.98471E-05
9.98652E-05 9.98652E-05 9.98652E-05 0.0307861 9.98652E-05 9.98652E-05 0.00809737 9.98652E-05 9.98652E-05 9.98652E-05 0.0355996 9.98652E-05 9.98652E-05 9.98652E-05 9.98652E-05 9.98652E-05 0.0406266 9.98652E-05 9.98652E-05 0.883392
9.98741E-05 0.0220537 9.98741E-05 9.98741E-05 0.964935 9.98741E-05 0.00132202 9.98741E-05 0.0061459 0.00143617 9.98741E-05 9.98741E-05 9.98741E-05 9.98741E-05 9.98741E-05 9.98741E-05 0.00270938 9.98741E-05 9.98741E-05 9.98741E-05
9.98291E-05 9.98291E-05 9.98291E-05 9.98291E-05 0.998103 9.98291E-05 9.98291E-05 9.98291E-05 9.98291E-05 9.98291E-05 9.98291E-05 9.98291E-05 9.98291E-05 9.98291E-05 9.98291E-05 9.98291E-05 9.98291E-05 9.98291E-05 9.98291E-05 9.98291E-05
9.98294E-05 9.98294E-05 9.98294E-05 9.98294E-05 9.98294E-05 9.98294E-05 9.98294E-05 9.98294E-05 9.98294E-05 0.998103 9.98294E-05 9.98294E-05 9.98294E-05 9.98294E-05 9.98294E-05 9.98294E-05 9.98294E-05 9.98294E-05 9.98294E-05 9.98294E-05
9.98384E-05 9.98384E-05 9.98384E-05 9.98384E-05 9.98384E-05 9.98384E-05 9.98384E-05 9.98384E-05 9.98384E-05 0.981274 9.98384E-05 9.98384E-05 9.98384E-05 9.98384E-05 9.98384E-05 9.98384E-05 9.98384E-05 0.0169292 9.98384E-05 9.98384E-05
9.9865E-05 9.9865E-05 9.9865E-05 9.9865E-05 0.0399244 9.9865E-05 9.9865E-05 0.869943 9.9865E-05 9.9865E-05 9.9865E-05 9.9865E-05 0.0838692 9.9865E-05 9.9865E-05 0.00349079 9.9865E-05 0.00127503 9.9865E-05 9.9865E-05
9.9856E-05 9.9856E-05 9.9856E-05 9.9856E-05 0.0596793 9.9856E-05 9.9856E-05 0.859409 9.9856E-05 9.9856E-05 9.9856E-05 9.9856E-05 0.024335 9.9856E-05 9.9856E-05 9.9856E-05 9.9856E-05 0.0549789 9.9856E-05 9.9856E-05
9.98563E-05 9.98563E-05 9.98563E-05 9.98563E-05 9.98563E-05 9.98563E-05 0.0273797 9.98563E-05 0.0106773 0.93938 9.98563E-05 9.98563E-05 0.0209653 9.98563E-05 9.98563E-05 9.98563E-05 9.98563E-05 9.98563E-05 9.98563E-05 9.98563E-05
9.98294E-05 9.98294E-05 9.98294E-05 9.98294E-05 9.98294E-05 9.98294E-05 9.98294E-05 9.98294E-05 9.98294E-05 0.998103 9.98294E-05 9.98294E-05 9.98294E-05 9.98294E-05 9.98294E-05 9.98294E-05 9.98294E-05 9.98294E-05 9.98294E-05 9.98294E-05
9.9847E-05 9.9847E-05 9.9847E-05 9.9847E-05 9.9847E-05 9.9847E-05 9.9847E-05 9.9847E-05 9.9847E-05 9.9847E-05 9.9847E-05 9.9847E-05 9.9847E-05 9.9847E-05 9.9847E-05 0.936612 0.0230835 0.0386066 9.9847E-05 9.9847E-05
9.98919E-05 9.98919E-05 0.044072 9.98919E-05 0.444629 9.98919E-05 9.98919E-05 0.159334 9.98919E-05 9.98919E-05 9.98919E-05 9.98919E-05 0.010863 0.0269721 9.98919E-05 0.0515211 9.98919E-05 0.164479 0.0969312 9.98919E-05
9.9856E-05 9.9856E-05 9.9856E-05 9.9856E-05 9.9856E-05 0.00674647 9.9856E-05 9.9856E-05 9.9856E-05 9.9856E-05 9.9856E-05 9.9856E-05 0.895321 9.9856E-05 9.9856E-05 9.9856E-05 0.0407972 9.9856E-05 0.0555376 9.9856E-05
9.98381E-05 9.98381E-05 9.98381E-05 9.98381E-05 9.98381E-05 9.98381E-05 0.0297715 9.98381E-05 9.98381E-05 9.98381E-05 9.98381E-05 0.968431 9.98381E-05 9.98381E-05 9.98381E-05 9.98381E-05 9.98381E-05 9.98381E-05 9.98381E-05 9.98381E-05
9.98651E-05 0.0445321 0.0184115 9.98651E-05 0.0198703 9.98651E-05 9.98651E-05 9.98651E-05 9.98651E-05 9.98651E-05 9.98651E-05 0.886187 9.98651E-05 9.98651E-05 9.98651E-05 0.0295007 9.98651E-05 9.98651E-05 9.98651E-05 9.98651E-05
0.998103 9.98291E-05 9.98291E-05 9.98291E-05 9.98291E-05 9.98291E-05 9.98291E-05 9.98291E-05 9.98291E-05 9.98291E-05 9.98291E-05 9.98291E-05 9.98291E-05 9.98291E-05 9.98291E-05 9.98291E-05 9.98291E-05 9.98291E-05 9.98291E-05 9.98291E-05
