9.98559E-05 9.98559E-05 9.98559E-05 9.98559E-05 0.00204997 9.98559E-05 0.00802331 9.98559E-05 9.98559E-05 9.98559E-05 9.98559E-05 9.98559E-05 0.981709 9.98559E-05 9.98559E-05 9.98559E-05 9.98559E-05 9.98559E-05 0.00661996 9.98559E-05
0.683725 9.98559E-05 9.98559E-05 9.98559E-05 9.98559E-05 0.134947 9.98559E-05 9.98559E-05 9.98559E-05 9.98559E-05 9.98559E-05 9.98559E-05 9.98559E-05 9.98559E-05 9.98559E-05 9.98559E-05 0.178606 9.98559E-05 0.00112505 9.98559E-05
9.98293E-05 9.98293E-05 9.98293E-05 9.98293E-05 9.98293E-05 9.98293E-05 9.98293E-05 9.98293E-05 9.98293E-05 9.98293E-05 9.98293E-05 9.98293E-05 9.98293E-05 9.98293E-05 9.98293E-05 9.98293E-05 9.98293E-05 0.998103 9.98293E-05 9.98293E-05
9.98561E-05 9.98561E-05 9.98561E-05 9.98561E-05 0.0318411 0.932094 9.98561E-05 9.98561E-05 9.98561E-05 0.0176895 9.98561E-05 9.98561E-05 9.98561E-05 9.98561E-05 9.98561E-05 9.98561E-05 9.98561E-05 9.98561E-05 9.98561E-05 0.016778
0.14934 9.99192E-05 9.99192E-05 9.99192E-05 9.99192E-05 0.218194 0.0344074 9.99192E-05 9.99192E-05 9.99192E-05 0.00880086 9.99192E-05 0.00434918 0.164358 0.0527258 0.00480912 0.122779 0.0347213 9.99192E-05 0.204616
9.98382E-05 9.98382E-05 9.98382E-05 9.98382E-05 9.98382E-05 0.986522 9.98382E-05 9.98382E-05 0.011681 9.98382E-05 9.98382E-05 9.98382E-05 9.98382E-05 9.98382E-05 9.98382E-05 9.98382E-05 9.98382E-05 9.98382E-05 9.98382E-05 9.98382E-05
9.98292E-05 9.98292E-05 9.98292E-05 9.98292E-05 9.98292E-05 9.98292E-05 9.98292E-05 9.98292E-05 9.98292E-05 9.98292E-05 9.98292E-05 9.98292E-05 9.98292E-05 0.998103 9.98292E-05 9.98292E-05 9.98292E-05 9.98292E-05 9.98292E-05 9.98292E-05
0.136077 9.98919E-05 9.98919E-05 9.98919E-05 0.024074 9.98919E-05 9.98919E-05 9.98919E-05 9.98919E-05 0.0354285 0.0533865 9.98919E-05 9.98919E-05 9.98919E-05 0.0961163 0.385045 9.98919E-05 0.00879439 9.98919E-05 0.259879
0.048134 9.9847E-05 9.9847E-05 9.9847E-05 9.9847E-05 9.9847E-05 9.9847E-05 9.9847E-05 9.9847E-05 9.9847E-05 9.9847E-05 9.9847E-05 9.9847E-05 0.929387 0.0207819 9.9847E-05 9.9847E-05 9.9847E-05 9.9847E-05 9.9847E-05
9.98382E-05 9.98382E-05 9.98382E-05 9.98382E-05 9.98382E-05 9.98382E-05 9.98382E-05 9.98382E-05 9.98382E-05 9.98382E-05 0.889571 9.98382E-05 9.98382E-05 0.108632 9.98382E-05 9.98382E-05 9.98382E-05 9.98382E-05 9.98382E-05 9.98382E-05
9.98383E-05 9.98383E-05 9.98383E-05 9.98383E-05 9.98383E-05 9.98383E-05 9.98383E-05 9.98383E-05 9.98383E-05 9.98383E-05 0.871521 9.98383E-05 9.98383E-05 0.126682 9.98383E-05 9.98383E-05 9.98383E-05 9.98383E-05 9.98383E-05 9.98383E-05
9.9883E-05 9.9883E-05 9.9883E-05 9.9883E-05 0.143018 0.00596044 9.9883E-05 9.9883E-05 0.120872 0.00937415 9.9883E-05 9.9883E-05 0.695994 9.9883E-05 9.9883E-05 0.000875051 9.9883E-05 9.9883E-05 0.0226079 9.9883E-05
9.9829E-05 9.9829E-05 9.9829E-05 9.9829E-05 9.9829E-05 9.9829E-05 9.9829E-05 9.9829E-05 0.998103 9.9829E-05 9.9829E-05 9.9829E-05 9.9829E-05 9.9829E-05 9.9829E-05 9.9829E-05 9.9829E-05 9.9829E-05 9.9829E-05 9.9829E-05
0.00869353 9.98472E-05 0.0330245 9.98472E-05 9.98472E-05 0.956585 9.98472E-05 9.98472E-05 9.98472E-05 9.98472E-05 9.98472E-05 9.98472E-05 9.98472E-05 9.98472E-05 9.98472E-05 9.98472E-05 9.98472E-05 9.98472E-05 9.98472E-05 9.98472E-05
9.98382E-05 9.98382E-05 0.0267352 9.98382E-05 9.98382E-05 0.971468 9.98382E-05 9.98382E-05 9.98382E-05 9.98382E-05 9.98382E-05 9.98382E-05 9.98382E-05 9.98382E-05 9.98382E-05 9.98382E-05 9.98382E-05 9.98382E-05 9.98382E-05 9.98382E-05
9.98653E-05 9.98653E-05 9.98653E-05 0.772455 9.98653E-05 9.98653E-05 9.98653E-05 9.98653E-05 9.98653E-05 9.98653E-05 0.026386 0.177517 0.00321879 9.98653E-05 9.98653E-05 9.98653E-05 9.98653E-05 9.98653E-05 0.0189257 9.98653E-05
9.98558E-05 0.0133973 9.98558E-05 9.98558E-05 9.98558E-05 9.98558E-05 0.0100476 9.98558E-05 9.98558E-05 9.98558E-05 0.0682228 9.98558E-05 9.98558E-05 9.98558E-05 9.98558E-05 9.98558E-05 9.98558E-05 9.98558E-05 0.906734 9.98558E-05
9.98829E-05 9.98829E-05 0.742645 9.98829E-05 9.98829E-05 9.98829E-05 0.064732 9.98829E-05 9.98829E-05 9.98829E-05 0.0478561 9.98829E-05 9.98829E-05 0.00910667 0.00431105 9.98829E-05 0.0687259 9.98829E-05 0.061325 9.98829E-05
9.98294E-05 0.998103 9.98294E-05 9.98294E-05 9.98294E-05 9.98294E-05 9.98294E-05 9.98294E-05 9.98294E-05 9.98294E-05 9.98294E-05 9.98294E-05 9.98294E-05 9.98294E-05 9.98294E-05 9.98294E-05 9.98294E-05 9.98294E-05 9.98294E-05 9.98294E-05
9.98739E-05 9.98739E-05 9.98739E-05 0.320829 0.0321471 9.98739E-05 9.98739E-05 0.0205197 9.98739E-05 9.98739E-05 0.515718 9.98739E-05 0.0781176 9.98739E-05 9.98739E-05 9.98739E-05 9.98739E-05 9.98739E-05 0.0312698 9.98739E-05
9.9847E-05 0.0330796 0.917868 9.9847E-05 9.9847E-05 9.9847E-05 0.0473554 9.9847E-05 9.9847E-05 9.9847E-05 9.9847E-05 9.9847E-05 9.9847E-05 9.9847E-05 9.9847E-05 9.9847E-05 9.9847E-05 9.9847E-05 9.9847E-05 9.9847E-05
9.98651E-05 9.98651E-05 9.98651E-05 0.158364 9.98651E-05 9.98651E-05 9.98651E-05 9.98651E-05 9.98651E-05 9.98651E-05 9.98651E-05 0.132923 0.370557 9.98651E-05 9.98651E-05 9.98651E-05 0.28934 9.98651E-05 0.0473179 9.98651E-05
9.98291E-05 9.98291E-05 9.98291E-05 9.98291E-05 9.98291E-05 9.98291E-05 0.998103 9.98291E-05 9.98291E-05 9.98291E-05 9.98291E-05 9.98291E-05 9.98291E-05 9.98291E-05 9.98291E-05 9.98291E-05 9.98291E-05 9.98291E-05 9.98291E-05 9.98291E-05
9.9829E-05 9.9829E-05 9.9829E-05 9.9829E-05 9.9829E-05 9.9829E-05 9.9829E-05 0.998103 9.9829E-05 9.9829E-05 9.9829E-05 9.9829E-05 9.9829E-05 9.9829E-05 9.9829E-05 9.9829E-05 9.9829E-05 9.9829E-05 9.9829E-05 9.9829E-05
9.98564E-05 9.98564E-05 9.98564E-05 9.98564E-05 9.98564E-05 0.37469 9.98564E-05 9.98564E-05 9.98564E-05 0.576315 9.98564E-05 9.98564E-05 9.98564E-05 9.98564E-05 9.98564E-05 0.00554699 9.98564E-05 0.0418498 9.98564E-05 9.98564E-05
9.98384E-05 9.98384E-05 9.98384E-05 9.98384E-05 9.98384E-05 0.795777 9.98384E-05 9.98384E-05 9.98384E-05 0.202426 9.98384E-05 9.98384E-05 9.98384E-05 9.98384E-05 9.98384E-05 9.98384E-05 9.98384E-05 9.98384E-05 9.98384E-05 9.98384E-05
9.98472E-05 0.00204206 9.98472E-05 9.98472E-05 9.98472E-05 9.98472E-05 9.98472E-05 9.98472E-05 9.98472E-05 9.98472E-05 9.98472E-05 0.9914 0.00486061 9.98472E-05 9.98472E-05 9.98472E-05 9.98472E-05 9.98472E-05 9.98472E-05 9.98472E-05
9.98382E-05 9.98382E-05 9.98382E-05 9.98382E-05 9.98382E-05 9.98382E-05 9.98382E-05 9.98382E-05 9.98382E-05 0.996798 9.98382E-05 9.98382E-05 9.98382E-05 9.98382E-05 0.00140509 9.98382E-05 9.98382E-05 9.98382E-05 9.98382E-05 9.98382E-05
9.98382E-05 9.98382E-05 9.98382E-05 9.98382E-05 9.98382E-05 9.98382E-05 9.98382E-05 9.98382E-05 9.98382E-05 0.986435 9.98382E-05 9.98382E-05 9.98382E-05 9.98382E-05 0.0117677 9.98382E-05 9.98382E-05 9.98382E-05 9.98382E-05 9.98382E-05
9.98833E-05 9.98833E-05 9.98833E-05 9.98833E-05 9.98833E-05 0.234943 9.98833E-05 9.98833E-05 9.98833E-05 0.161309 9.98833E-05 0.0384658 0.0175141 9.98833E-05 0.0785115 9.98833E-05 9.98833E-05 0.0370442 9.98833E-05 0.430914
9.98378E-05 9.98378E-05 9.98378E-05 9.98378E-05 9.98378E-05 0.0629591 9.98378E-05 9.98378E-05 9.98378E-05 9.98378E-05 9.98378E-05 9.98378E-05 9.98378E-05 9.98378E-05 9.98378E-05 9.98378E-05 9.98378E-05 9.98378E-05 9.98378E-05 0.935244
0.998103 9.98295E-05 9.98295E-05 9.98295E-05 9.98295E-05 9.98295E-05 9.98295E-05 9.98295E-05 9.98295E-05 9.98295E-05 9.98295E-05 9.98295E-05 9.98295E-05 9.98295E-05 9.98295E-05 9.98295E-05 9.98295E-05 9.98295E-05 9.98295E-05 9.98295E-05
9.98473E-05 9.98473E-05 9.98473E-05 9.98473E-05 9.98473E-05 0.547915 9.98473E-05 9.98473E-05 9.98473E-05 0.307885 9.98473E-05 9.98473E-05 9.98473E-05 9.98473E-05 9.98473E-05 0.142503 9.98473E-05 9.98473E-05 9.98473E-05 9.98473E-05
0.0229689 9.98654E-05 9.98654E-05 9.98654E-05 9.98654E-05 9.98654E-05 9.98654E-05 9.98654E-05 9.98654E-05 9.98654E-05 9.98654E-05 9.98654E-05 9.98654E-05 9.98654E-05 0.752962 0.189395 9.98654E-05 0.00108818 9.98654E-05 0.0320881
9.98738E-05 9.98738E-05 9.98738E-05 9.98738E-05 0.0440558 9.98738E-05 9.98738E-05 9.98738E-05 9.98738E-05 9.98738E-05 9.98738E-05 0.668039 9.98738E-05 9.98738E-05 9.98738E-05 0.0442338 0.0174747 9.98738E-05 0.212248 0.0125507
9.98649E-05 9.98649E-05 9.98649E-05 9.98649E-05 9.98649E-05 0.334109 9.98649E-05 9.98649E-05 9.98649E-05 0.611491 9.98649E-05 9.98649E-05 9.98649E-05 9.98649E-05 9.98649E-05 0.0227157 0.0162154 9.98649E-05 0.0139716 9.98649E-05
9.98472E-05 9.98472E-05 9.98472E-05 9.98472E-05 9.98472E-05 9.98472E-05 9.98472E-05 9.98472E-05 9.98472E-05 9.98472E-05 9.98472E-05 9.98472E-05 0.966613 9.98472E-05 9.98472E-05 0.0223934 9.98472E-05 0.00929596 9.98472E-05 9.98472E-05
0.161962 9.98919E-05 9.98919E-05 9.98919E-05 9.98919E-05 9.98919E-05 0.0233186 0.00469282 0.00276285 9.98919E-05 0.579162 9.98919E-05 0.0896926 9.98919E-05 9.98919E-05 0.0743449 0.0628653 9.98919E-05 9.98919E-05 9.98919E-05
9.98469E-05 9.98469E-05 9.98469E-05 9.98469E-05 9.98469E-05 0.00713743 9.98469E-05 9.98469E-05 9.98469E-05 9.98469E-05 9.98469E-05 9.98469E-05 9.98469E-05 9.98469E-05 9.98469E-05 0.0256471 9.98469E-05 9.98469E-05 0.965518 9.98469E-05
9.98291E-05 9.98291E-05 9.98291E-05 9.98291E-05 9.98291E-05 9.98291E-05 9.98291E-05 9.98291E-05 9.98291E-05 9.98291E-05 9.98291E-05 9.98291E-05 9.98291E-05 9.98291E-05 9.98291E-05 9.98291E-05 0.998103 9.98291E-05 9.98291E-05 9.98291E-05
9.98381E-05 9.98381E-05 9.98381E-05 9.98381E-05 0.000576262 9.98381E-05 9.98381E-05 9.98381E-05 9.98381E-05 9.98381E-05 9.98381E-05 9.98381E-05 9.98381E-05 9.98381E-05 9.98381E-05 9.98381E-05 0.997627 9.98381E-05 9.98381E-05 9.98381E-05
9.98739E-05 0.0166498 9.98739E-05 9.98739E-05 9.98739E-05 9.98739E-05 0.0139168 9.98739E-05 9.98739E-05 9.98739E-05 0.853203 9.98739E-05 0.031625 9.98739E-05 9.98739E-05 9.98739E-05 0.0788677 9.98739E-05 0.00433985 9.98739E-05
9.98739E-05 9.98739E-05 9.98739E-05 0.817227 9.98739E-05 9.98739E-05 9.98739E-05 0.0416906 9.98739E-05 9.98739E-05 9.98739E-05 0.0530365 0.0189489 0.0597687 9.98739E-05 9.98739E-05 0.00793007 9.98739E-05 9.98739E-05 9.98739E-05
9.98471E-05 9.98471E-05 9.98471E-05 9.98471E-05 9.98471E-05 9.98471E-05 9.98471E-05 9.98471E-05 9.98471E-05 9.98471E-05 0.938868 0.0462896 9.98471E-05 9.98471E-05 9.98471E-05 9.98471E-05 9.98471E-05 9.98471E-05 9.98471E-05 0.0131454
0.0379373 9.99008E-05 9.99008E-05 0.0518667 0.0321904 9.99008E-05 0.12914 0.121567 0.176766 9.99008E-05 0.283264 9.99008E-05 0.0137693 9.99008E-05 9.99008E-05 9.99008E-05 0.1524 9.99008E-05 9.99008E-05 9.99008E-05
9.99011E-05 9.99011E-05 0.00941835 0.0502105 9.99011E-05 0.0362282 9.99011E-05 0.0282468 0.114037 9.99011E-05 0.397812 9.99011E-05 0.075233 9.99011E-05 9.99011E-05 9.99011E-05 0.247833 9.99011E-05 9.99011E-05 0.0398828
9.99101E-05 9.99101E-05 9.99101E-05 9.99101E-05 0.0178277 0.00855982 9.99101E-05 9.99101E-05 0.0943755 9.99101E-05 0.291716 0.0417368 0.173498 9.99101E-05 0.0237096 9.99101E-05 9.99101E-05 0.000810592 0.237965 0.108802
0.0162682 9.98569E-05 9.98569E-05 9.98569E-05 9.98569E-05 9.98569E-05 0.0339753 0.00800523 9.98569E-05 9.98569E-05 9.98569E-05 9.98569E-05 0.940154 9.98569E-05 9.98569E-05 9.98569E-05 9.98569E-05 9.98569E-05 9.98569E-05 9.98569E-05
9.98383E-05 9.98383E-05 9.98383E-05 9.98383E-05 9.98383E-05 9.98383E-05 9.98383E-05 9.98383E-05 9.98383E-05 9.98383E-05 9.98383E-05 9.98383E-05 9.98383E-05 9.98383E-05 0.993527 9.98383E-05 0.00467555 9.98383E-05 9.98383E-05 9.98383E-05
9.98293E-05 9.98293E-05 9.98293E-05 9.98293E-05 9.98293E-05 9.98293E-05 9.98293E-05 9.98293E-05 9.98293E-05 9.98293E-05 9.98293E-05 9.98293E-05 9.98293E-05 9.98293E-05 0.998103 9.98293E-05 9.98293E-05 9.98293E-05 9.98293E-05 9.98293E-05
9.98293E-05 9.98293E-05 9.98293E-05 9.98293E-05 9.98293E-05 9.98293E-05 9.98293E-05 9.98293E-05 9.98293E-05 9.98293E-05 9.98293E-05 9.98293E-05 9.98293E-05 9.98293E-05 0.998103 9.98293E-05 9.98293E-05 9.98293E-05 9.98293E-05 9.98293E-05
0.0127851 9.98473E-05 0.00628216 9.98473E-05 9.98473E-05 9.98473E-05 9.98473E-05 9.98473E-05 9.98473E-05 9.98473E-05 9.98473E-05 9.98473E-05 9.98473E-05 9.98473E-05 0.979235 9.98473E-05 9.98473E-05 9.98473E-05 9.98473E-05 9.98473E-05
9.98293E-05 9.98293E-05 9.98293E-05 9.98293E-05 9.98293E-05 9.98293E-05 9.98293E-05 9.98293E-05 9.98293E-05 9.98293E-05 9.98293E-05 9.98293E-05 9.98293E-05 9.98293E-05 0.998103 9.98293E-05 9.98293E-05 9.98293E-05 9.98293E-05 9.98293E-05
0.00379241 9.98833E-05 9.98833E-05 0.0539037 9.98833E-05 9.98833E-05 0.104734 9.98833E-05 9.98833E-05 9.98833E-05 9.98833E-05 9.98833E-05 9.98833E-05 0.04576 0.354901 0.107397 9.98833E-05 9.98833E-05 9.98833E-05 0.328213
0.0779107 9.98562E-05 9.98562E-05 0.00641743 9.98562E-05 9.98562E-05 9.98562E-05 9.98562E-05 9.98562E-05 9.98562E-05 9.98562E-05 0.00107171 9.98562E-05 9.98562E-05 0.913003 9.98562E-05 9.98562E-05 9.98562E-05 9.98562E-05 9.98562E-05
9.98468E-05 9.98468E-05 9.98468E-05 0.191227 9.98468E-05 9.98468E-05 9.98468E-05 9.98468E-05 9.98468E-05 9.98468E-05 9.98468E-05 0.00208048 0.804995 9.98468E-05 9.98468E-05 9.98468E-05 9.98468E-05 9.98468E-05 9.98468E-05 9.98468E-05
0.878531 9.98739E-05 9.98739E-05 0.00046872 0.00584342 9.98739E-05 9.98739E-05 9.98739E-05 9.98739E-05 0.000998417 9.98739E-05 9.98739E-05 9.98739E-05 0.0567267 0.0560332 9.98739E-05 9.98739E-05 9.98739E-05 9.98739E-05 9.98739E-05
9.9856E-05 9.9856E-05 9.9856E-05 9.9856E-05 9.9856E-05 0.579239 9.9856E-05 0.00256054 9.9856E-05 0.396371 9.9856E-05 9.9856E-05 9.9856E-05 9.9856E-05 9.9856E-05 9.9856E-05 0.0202314 9.9856E-05 9.9856E-05 9.9856E-05
9.98474E-05 9.98474E-05 9.98474E-05 0.0129754 9.98474E-05 9.98474E-05 9.98474E-05 9.98474E-05 9.98474E-05 9.98474E-05 9.98474E-05 0.948696 9.98474E-05 0.036631 9.98474E-05 9.98474E-05 9.98474E-05 9.98474E-05 9.98474E-05 9.98474E-05
9.98475E-05 9.98475E-05 9.98475E-05 0.874574 9.98475E-05 9.98475E-05 9.98475E-05 9.98475E-05 0.104023 9.98475E-05 9.98475E-05 9.98475E-05 0.0197051 9.98475E-05 9.98475E-05 9.98475E-05 9.98475E-05 9.98475E-05 9.98475E-05 9.98475E-05
9.98292E-05 9.98292E-05 9.98292E-05 9.98292E-05 9.98292E-05 9.98292E-05 9.98292E-05 9.98292E-05 0.998103 9.98292E-05 9.98292E-05 9.98292E-05 9.98292E-05 9.98292E-05 9.98292E-05 9.98292E-05 9.98292E-05 9.98292E-05 9.98292E-05 9.98292E-05
9.98469E-05 9.98469E-05 9.98469E-05 9.98469E-05 9.98469E-05 9.98469E-05 9.98469E-05 9.98469E-05 0.282185 9.98469E-05 0.0720954 0.644022 9.98469E-05 9.98469E-05 9.98469E-05 9.98469E-05 9.98469E-05 9.98469E-05 9.98469E-05 9.98469E-05
9.98561E-05 9.98561E-05 9.98561E-05 9.98561E-05 0.00666242 9.98561E-05 9.98561E-05 0.0402073 0.0459213 9.98561E-05 9.98561E-05 0.905611 9.98561E-05 9.98561E-05 9.98561E-05 9.98561E-05 9.98561E-05 9.98561E-05 9.98561E-05 9.98561E-05
9.98295E-05 9.98295E-05 0.998103 9.98295E-05 9.98295E-05 9.98295E-05 9.98295E-05 9.98295E-05 9.98295E-05 9.98295E-05 9.98295E-05 9.98295E-05 9.98295E-05 9.98295E-05 9.98295E-05 9.98295E-05 9.98295E-05 9.98295E-05 9.98295E-05 9.98295E-05
9.98656E-05 9.98656E-05 9.98656E-05 9.98656E-05 0.00136849 0.175884 9.98656E-05 9.98656E-05 9.98656E-05 0.757452 9.98656E-05 9.98656E-05 9.98656E-05 9.98656E-05 9.98656E-05 9.98656E-05 9.98656E-05 0.0255286 9.98656E-05 0.0382686
9.993E-05 9.993E-05 9.993E-05 9.993E-05 0.0151529 0.153789 9.993E-05 0.0789779 9.993E-05 9.993E-05 0.161546 0.0192388 0.186448 0.201771 0.0554697 0.0527025 0.0147833 0.0137291 0.0160225 0.0296706
9.98564E-05 9.98564E-05 9.98564E-05 0.0107276 9.98564E-05 0.791279 9.98564E-05 9.98564E-05 9.98564E-05 9.98564E-05 9.98564E-05 9.98564E-05 9.98564E-05 9.98564E-05 9.98564E-05 0.0668205 9.98564E-05 0.129576 9.98564E-05 9.98564E-05
9.9883E-05 9.9883E-05 9.9883E-05 9.9883E-05 9.9883E-05 0.676689 9.9883E-05 9.9883E-05 9.9883E-05 0.215741 9.9883E-05 9.9883E-05 9.9883E-05 0.0357276 0.0141831 9.9883E-05 0.00419472 9.9883E-05 0.00495655 0.0472098
9.98382E-05 9.98382E-05 9.98382E-05 0.00855522 9.98382E-05 9.98382E-05 9.98382E-05 9.98382E-05 9.98382E-05 0.989648 9.98382E-05 9.98382E-05 9.98382E-05 9.98382E-05 9.98382E-05 9.98382E-05 9.98382E-05 9.98382E-05 9.98382E-05 9.98382E-05
9.98384E-05 0.00358764 9.98384E-05 9.98384E-05 9.98384E-05 9.98384E-05 9.98384E-05 9.98384E-05 9.98384E-05 0.994615 9.98384E-05 9.98384E-05 9.98384E-05 9.98384E-05 9.98384E-05 9.98384E-05 9.98384E-05 9.98384E-05 9.98384E-05 9.98384E-05
9.98653E-05 9.98653E-05 9.98653E-05 9.98653E-05 9.98653E-05 0.642826 9.98653E-05 9.98653E-05 9.98653E-05 0.10324 0.00175712 9.98653E-05 9.98653E-05 9.98653E-05 9.98653E-05 9.98653E-05 0.0660656 9.98653E-05 9.98653E-05 0.184614
9.9847E-05 9.9847E-05 9.9847E-05 9.9847E-05 9.9847E-05 0.390361 9.9847E-05 9.9847E-05 9.9847E-05 0.556298 9.9847E-05 9.9847E-05 9.9847E-05 9.9847E-05 9.9847E-05 9.9847E-05 0.0516433 9.9847E-05 9.9847E-05 9.9847E-05
9.98381E-05 9.98381E-05 9.98381E-05 9.98381E-05 9.98381E-05 9.98381E-05 9.98381E-05 9.98381E-05 9.98381E-05 9.98381E-05 9.98381E-05 9.98381E-05 9.98381E-05 9.98381E-05 0.0534329 0.94477 9.98381E-05 9.98381E-05 9.98381E-05 9.98381E-05
9.9856E-05 0.00337676 9.9856E-05 9.9856E-05 9.9856E-05 9.9856E-05 9.9856E-05 9.9856E-05 0.0241356 9.9856E-05 9.9856E-05 9.9856E-05 9.9856E-05 0.0043741 9.9856E-05 0.966516 9.9856E-05 9.9856E-05 9.9856E-05 9.9856E-05
9.98741E-05 9.98741E-05 9.98741E-05 9.98741E-05 9.98741E-05 0.804379 0.0213157 9.98741E-05 9.98741E-05 0.116676 9.98741E-05 0.00178044 9.98741E-05 9.98741E-05 0.0303654 9.98741E-05 9.98741E-05 0.024085 9.98741E-05 9.98741E-05
0.00506768 9.98649E-05 9.98649E-05 0.926888 9.98649E-05 0.0262454 0.0277065 9.98649E-05 9.98649E-05 9.98649E-05 9.98649E-05 9.98649E-05 9.98649E-05 9.98649E-05 0.0125943 9.98649E-05 9.98649E-05 9.98649E-05 9.98649E-05 9.98649E-05
9.98381E-05 9.98381E-05 9.98381E-05 0.990142 9.98381E-05 9.98381E-05 9.98381E-05 9.98381E-05 9.98381E-05 9.98381E-05 9.98381E-05 9.98381E-05 9.98381E-05 9.98381E-05 9.98381E-05 0.00806081 9.98381E-05 9.98381E-05 9.98381E-05 9.98381E-05
9.98384E-05 9.98384E-05 9.98384E-05 9.98384E-05 0.990841 9.98384E-05 9.98384E-05 9.98384E-05 9.98384E-05 9.98384E-05 9.98384E-05 9.98384E-05 0.00736183 9.98384E-05 9.98384E-05 9.98384E-05 9.98384E-05 9.98384E-05 9.98384E-05 9.98384E-05
9.98294E-05 9.98294E-05 9.98294E-05 9.98294E-05 0.998103 9.98294E-05 9.98294E-05 9.98294E-05 9.98294E-05 9.98294E-05 9.98294E-05 9.98294E-05 9.98294E-05 9.98294E-05 9.98294E-05 9.98294E-05 9.98294E-05 9.98294E-05 9.98294E-05 9.98294E-05
0.0659836 9.98829E-05 9.98829E-05 0.0511535 9.98829E-05 9.98829E-05 9.98829E-05 9.98829E-05 0.00553678 0.00500681 0.745325 9.98829E-05 9.98829E-05 9.98829E-05 9.98829E-05 0.0179805 0.107716 9.98829E-05 9.98829E-05 9.98829E-05
0.00500035 9.98739E-05 9.98739E-05 0.10079 9.98739E-05 9.98739E-05 9.98739E-05 9.98739E-05 0.0567255 9.98739E-05 0.74153 9.98739E-05 9.98739E-05 0.025885 9.98739E-05 9.98739E-05 0.0686713 9.98739E-05 9.98739E-05 9.98739E-05
0.0130035 9.98742E-05 9.98742E-05 0.0106483 0.950243 9.98742E-05 0.0167846 0.00755975 9.98742E-05 9.98742E-05 9.98742E-05 9.98742E-05 9.98742E-05 9.98742E-05 0.000362549 9.98742E-05 9.98742E-05 9.98742E-05 9.98742E-05 9.98742E-05
9.98293E-05 9.98293E-05 9.98293E-05 9.98293E-05 0.998103 9.98293E-05 9.98293E-05 9.98293E-05 9.98293E-05 9.98293E-05 9.98293E-05 9.98293E-05 9.98293E-05 9.98293E-05 9.98293E-05 9.98293E-05 9.98293E-05 9.98293E-05 9.98293E-05 9.98293E-05
9.9865E-05 9.9865E-05 9.9865E-05 0.0243229 9.9865E-05 9.9865E-05 9.9865E-05 9.9865E-05 9.9865E-05 9.9865E-05 9.9865E-05 0.0222949 0.940608 0.00681059 0.00446608 9.9865E-05 9.9865E-05 9.9865E-05 9.9865E-05 9.9865E-05
9.98648E-05 0.0230164 9.98648E-05 0.0504572 9.98648E-05 9.98648E-05 9.98648E-05 9.98648E-05 0.120043 9.98648E-05 9.98648E-05 9.98648E-05 9.98648E-05 0.114803 9.98648E-05 9.98648E-05 0.690183 9.98648E-05 9.98648E-05 9.98648E-05
0.880503 9.9847E-05 9.9847E-05 9.9847E-05 9.9847E-05 9.9847E-05 9.9847E-05 9.9847E-05 9.9847E-05 9.9847E-05 9.9847E-05 9.9847E-05 9.9847E-05 0.0632049 0.0545948 9.9847E-05 9.9847E-05 9.9847E-05 9.9847E-05 9.9847E-05
9.98832E-05 9.98832E-05 9.98832E-05 9.98832E-05 0.110952 0.0422651 0.0281913 0.159318 0.352365 9.98832E-05 0.161374 9.98832E-05 9.98832E-05 9.98832E-05 9.98832E-05 9.98832E-05 9.98832E-05 9.98832E-05 0.144237 9.98832E-05
9.98832E-05 0.0243637 9.98832E-05 9.98832E-05 0.145321 9.98832E-05 9.98832E-05 0.0356025 0.214377 9.98832E-05 9.98832E-05 9.98832E-05 0.115917 9.98832E-05 9.98832E-05 9.98832E-05 0.0763517 9.98832E-05 0.386768 9.98832E-05
9.9829E-05 9.9829E-05 9.9829E-05 9.9829E-05 9.9829E-05 9.9829E-05 9.9829E-05 9.9829E-05 9.9829E-05 9.9829E-05 9.9829E-05 9.9829E-05 9.9829E-05 9.9829E-05 9.9829E-05 9.9829E-05 9.9829E-05 9.9829E-05 9.9829E-05 0.998103
