0.0324812 9.99549E-05 9.99549E-05 9.99549E-05 0.967019 9.99549E-05 9.99549E-05
0.266086 9.9973E-05 0.286776 9.9973E-05 0.185454 9.9973E-05 0.261384
9.99822E-05 0.0447682 0.818701 0.0493156 9.99822E-05 0.0628879 0.0241274
9.9955E-05 0.0369812 0.962519 9.9955E-05 9.9955E-05 9.9955E-05 9.9955E-05
0.215945 9.99731E-05 0.468887 9.99731E-05 0.0765782 9.99731E-05 0.23829
9.9964E-05 0.0360777 0.96202 0.00150271 9.9964E-05 9.9964E-05 9.9964E-05
0.228572 9.99731E-05 0.0180556 9.99731E-05 9.99731E-05 0.454394 0.298679
0.152721 9.99641E-05 0.418737 9.99641E-05 9.99641E-05 9.99641E-05 0.428142
0.289899 9.99731E-05 0.0149158 9.99731E-05 9.99731E-05 0.355501 0.339384
0.9994 9.995E-05 9.995E-05 9.995E-05 9.995E-05 9.995E-05 9.995E-05
0.9994 9.995E-05 9.995E-05 9.995E-05 9.995E-05 9.995E-05 9.995E-05
9.997E-05 0.16028 0.00310687 9.997E-05 0.656257 0.180057 9.997E-05
9.99551E-05 9.99551E-05 0.00456366 9.99551E-05 9.99551E-05 0.994937 9.99551E-05
9.9973E-05 0.0299126 0.945589 0.0151201 0.00907874 9.9973E-05 9.9973E-05
0.00451528 9.9973E-05 0.94186 0.00677628 0.0465485 9.9973E-05 9.9973E-05
0.554811 9.9982E-05 0.000967882 9.9982E-05 0.107707 0.32511 0.0112037
0.371219 0.362122 9.9982E-05 0.0937769 0.0222557 0.150426 9.9982E-05
0.226814 9.99639E-05 9.99639E-05 0.700166 9.99639E-05 9.99639E-05 0.0726201
9.9964E-05 0.0958201 9.9964E-05 0.903082 9.9964E-05 0.000698157 9.9964E-05
0.764856 0.0769354 9.9964E-05 9.9964E-05 0.157809 9.9964E-05 9.9964E-05
9.995E-05 9.995E-05 9.995E-05 0.9994 9.995E-05 9.995E-05 9.995E-05
0.334905 0.0134399 9.99729E-05 9.99729E-05 0.532487 0.118868 9.99729E-05
0.26425 0.336911 9.9973E-05 0.386924 9.9973E-05 9.9973E-05 0.0116161
9.99549E-05 0.0999287 9.99549E-05 0.899572 9.99549E-05 9.99549E-05 9.99549E-05
9.995E-05 9.995E-05 0.9994 9.995E-05 9.995E-05 9.995E-05 9.995E-05
9.995E-05 9.995E-05 0.9994 9.995E-05 9.995E-05 9.995E-05 9.995E-05
0.0541006 0.0914233 9.99729E-05 9.99729E-05 0.074491 0.779685 9.99729E-05
9.9955E-05 9.9955E-05 0.915999 9.9955E-05 9.9955E-05 9.9955E-05 0.0835009
9.9964E-05 9.9964E-05 0.905306 9.9964E-05 9.9964E-05 0.00635332 0.0879413
9.99731E-05 9.99731E-05 0.661832 0.023889 0.035989 9.99731E-05 0.27799
9.99641E-05 0.0512514 0.629499 9.99641E-05 9.99641E-05 9.99641E-05 0.31885
0.137845 9.99731E-05 0.0865564 9.99731E-05 0.197222 9.99731E-05 0.578077
9.995E-05 9.995E-05 0.9994 9.995E-05 9.995E-05 9.995E-05 9.995E-05
9.99641E-05 0.00466787 0.0750953 9.99641E-05 9.99641E-05 9.99641E-05 0.919837
0.0448851 0.253451 0.0438182 9.99819E-05 0.132048 0.525597 9.99819E-05
9.99549E-05 9.99549E-05 0.974456 9.99549E-05 9.99549E-05 0.0250438 9.99549E-05
9.9955E-05 9.9955E-05 0.00913646 9.9955E-05 0.990364 9.9955E-05 9.9955E-05
0.803149 9.9982E-05 0.0581419 0.00152504 0.0900435 9.9982E-05 0.0469408
0.17985 0.433678 0.13134 0.0718542 0.0776033 0.105574 9.9991E-05
0.577238 0.0158525 0.0885404 0.00187314 0.316296 9.9982E-05 9.9982E-05
0.598572 0.0103828 0.0608706 9.99729E-05 0.329874 9.99729E-05 9.99729E-05
0.956279 9.99639E-05 9.99639E-05 0.00811756 0.0352037 9.99639E-05 9.99639E-05
0.602495 9.9964E-05 9.9964E-05 9.9964E-05 0.159908 0.237197 9.9964E-05
0.94537 0.0423547 9.9964E-05 9.9964E-05 0.011875 9.9964E-05 9.9964E-05
0.553909 0.155716 9.9982E-05 0.103501 0.0153621 0.171312 9.9982E-05
0.669486 0.0371541 0.0584051 0.0115471 0.140517 0.0827909 9.9991E-05
0.281348 0.132818 0.0640584 0.00725868 0.224624 0.228887 0.0610061
9.99553E-05 9.99553E-05 9.99553E-05 0.0217542 0.977746 9.99553E-05 9.99553E-05
9.995E-05 9.995E-05 9.995E-05 9.995E-05 9.995E-05 9.995E-05 0.9994
9.995E-05 9.995E-05 9.995E-05 9.995E-05 9.995E-05 9.995E-05 0.9994
9.99639E-05 0.00694388 9.99639E-05 0.00477449 9.99639E-05 9.99639E-05 0.987882
9.995E-05 9.995E-05 9.995E-05 9.995E-05 9.995E-05 9.995E-05 0.9994
9.995E-05 9.995E-05 9.995E-05 9.995E-05 9.995E-05 9.995E-05 0.9994
0.0821279 9.99821E-05 0.22852 0.0216621 9.99821E-05 0.0646662 0.602824
9.99549E-05 9.99549E-05 9.99549E-05 9.99549E-05 0.0191377 9.99549E-05 0.980363
0.0526038 9.99639E-05 9.99639E-05 9.99639E-05 0.862869 0.0841278 9.99639E-05
0.147854 9.9982E-05 0.124101 9.9982E-05 0.177682 0.0114915 0.538671
9.995E-05 9.995E-05 0.9994 9.995E-05 9.995E-05 9.995E-05 9.995E-05
9.9973E-05 0.0238114 9.9973E-05 9.9973E-05 0.0922726 0.863019 0.0205973
0.469723 9.9973E-05 0.0501186 9.9973E-05 0.157578 0.322281 9.9973E-05
9.995E-05 9.995E-05 9.995E-05 9.995E-05 9.995E-05 0.9994 9.995E-05
0.11085 9.99639E-05 9.99639E-05 9.99639E-05 0.00650875 0.882241 9.99639E-05
0.043398 0.0935398 9.99819E-05 0.0214479 0.00549552 0.835919 9.99819E-05
9.99551E-05 9.99551E-05 9.99551E-05 0.9064 0.0931003 9.99551E-05 9.99551E-05
9.99552E-05 9.99552E-05 0.994299 9.99552E-05 9.99552E-05 9.99552E-05 0.00520159
0.364141 0.079529 0.37066 0.0765081 9.9991E-05 0.087403 0.0216585
9.99641E-05 9.99641E-05 0.965343 9.99641E-05 9.99641E-05 0.0283334 0.00592379
9.9964E-05 9.9964E-05 0.961452 9.9964E-05 0.0374874 9.9964E-05 0.000660849
9.9964E-05 9.9964E-05 0.920487 9.9964E-05 0.0109082 9.9964E-05 0.0682055
9.9973E-05 9.9973E-05 0.92928 0.0018083 0.0141448 9.9973E-05 0.0544666
0.0893185 9.99641E-05 0.90584 9.99641E-05 9.99641E-05 9.99641E-05 0.00444184
9.995E-05 9.995E-05 0.9994 9.995E-05 9.995E-05 9.995E-05 9.995E-05
0.0140451 9.99643E-05 0.509664 9.99643E-05 9.99643E-05 9.99643E-05 0.475891
9.99642E-05 9.99642E-05 0.518715 9.99642E-05 9.99642E-05 0.165146 0.315739
0.0351343 9.99551E-05 0.964366 9.99551E-05 9.99551E-05 9.99551E-05 9.99551E-05
0.714506 9.9982E-05 0.0842339 9.9982E-05 0.0924125 0.0610198 0.0476277
0.663188 9.9982E-05 0.066166 9.9982E-05 0.072357 0.141932 0.056158
9.995E-05 0.9994 9.995E-05 9.995E-05 9.995E-05 9.995E-05 9.995E-05
9.995E-05 0.9994 9.995E-05 9.995E-05 9.995E-05 9.995E-05 9.995E-05
0.980371 9.9964E-05 9.9964E-05 9.9964E-05 0.00669911 0.01253 9.9964E-05
0.963064 9.9955E-05 9.9955E-05 9.9955E-05 9.9955E-05 0.0364367 9.9955E-05
9.9955E-05 0.999334 9.9955E-05 9.9955E-05 9.9955E-05 9.9955E-05 0.000166353
9.995E-05 0.9994 9.995E-05 9.995E-05 9.995E-05 9.995E-05 9.995E-05
9.99639E-05 9.99639E-05 9.99639E-05 9.99639E-05 0.92558 0.0509705 0.02305
0.610762 9.9973E-05 9.9973E-05 0.0387688 0.0636736 0.286495 9.9973E-05
0.182565 9.9982E-05 0.0650116 9.9982E-05 0.12985 0.0203543 0.60202
0.265077 0.283756 0.0581213 0.131499 9.99821E-05 0.261347 9.99821E-05
9.99731E-05 0.306049 9.99731E-05 0.0884639 0.207498 0.397689 9.99731E-05
9.99731E-05 0.0112596 0.569009 0.0388013 9.99731E-05 9.99731E-05 0.38063
