9.9991E-05 0.931859 0.0680409
0.271042 0.334461 0.394496
0.808398 0.114404 0.0771976
0.9998 9.999E-05 9.999E-05
0.398877 0.172781 0.428342
0.9998 9.999E-05 9.999E-05
9.999E-05 0.431172 0.568728
0.407217 0.028347 0.564436
9.9991E-05 0.393055 0.606845
9.9991E-05 0.790403 0.209497
9.9991E-05 0.804621 0.195279
0.116252 0.883648 9.9991E-05
0.0914216 0.908478 9.9991E-05
0.980668 0.0192318 9.9991E-05
0.954969 0.0449314 9.9991E-05
0.042486 0.810955 0.146559
0.0584859 0.941414 9.9991E-05
9.99911E-05 0.887805 0.112095
9.999E-05 0.9998 9.999E-05
9.99909E-05 0.91324 0.0866604
9.999E-05 0.9998 9.999E-05
0.013648 0.912703 0.0736485
9.99911E-05 0.915493 0.084407
9.999E-05 0.9998 9.999E-05
0.99322 9.9991E-05 0.00667963
0.9998 9.999E-05 9.999E-05
9.999E-05 0.9998 9.999E-05
0.916827 9.9991E-05 0.0830729
0.864206 9.9991E-05 0.135694
0.710904 0.0413157 0.24778
0.643477 9.9991E-05 0.356423
0.0653286 0.231838 0.702833
0.9998 9.999E-05 9.999E-05
0.107879 9.9991E-05 0.892021
0.112787 0.887113 9.9991E-05
0.992355 0.00754514 9.9991E-05
0.106427 0.893473 9.9991E-05
9.9991E-05 0.722193 0.277707
0.191422 0.808478 9.9991E-05
0.181189 0.818711 9.99909E-05
0.106835 0.850373 0.0427913
9.99909E-05 0.916521 0.0833794
9.9991E-05 0.819589 0.180311
9.99909E-05 0.857701 0.142199
9.9991E-05 0.919324 0.0805765
0.0609362 0.801161 0.137903
0.154273 0.755155 0.0905723
9.99911E-05 0.962608 0.0372922
9.999E-05 9.999E-05 0.9998
9.999E-05 9.999E-05 0.9998
9.999E-05 9.999E-05 0.9998
9.999E-05 9.999E-05 0.9998
9.999E-05 9.999E-05 0.9998
0.237827 0.11012 0.652053
9.999E-05 9.999E-05 0.9998
9.9991E-05 0.923339 0.0765613
0.0783519 0.230105 0.691543
0.9998 9.999E-05 9.999E-05
0.035624 0.964276 9.9991E-05
0.0891542 0.830982 0.0798642
0.0160131 0.938643 0.0453443
0.0748966 0.925003 9.9991E-05
9.999E-05 0.9998 9.999E-05
9.99913E-05 0.979246 0.0206538
0.9998 9.999E-05 9.999E-05
0.230793 0.495357 0.27385
0.9998 9.999E-05 9.999E-05
0.943882 0.0162541 0.0398638
0.906797 9.9991E-05 0.0931031
0.927146 9.9991E-05 0.0727542
0.883329 0.0495446 0.0671265
0.9998 9.999E-05 9.999E-05
0.465511 9.99911E-05 0.534389
0.481266 0.0421355 0.476598
0.95725 0.000649335 0.0421007
0.0580663 0.724295 0.217639
0.0199114 0.72471 0.255378
0.132599 0.867301 9.9991E-05
0.126939 0.872961 9.9991E-05
9.99909E-05 0.829621 0.170279
9.99909E-05 0.81644 0.18346
0.134413 0.865487 9.9991E-05
0.12271 0.87719 9.9991E-05
0.00984878 0.903162 0.0869894
0.00467811 0.847454 0.147867
0.0731655 0.195281 0.731553
0.101661 0.898239 9.9991E-05
0.0336017 0.966298 9.9991E-05
0.6154 9.9991E-05 0.3845
