0.00499373 9.98559E-05 9.98559E-05 9.98559E-05 9.98559E-05 9.98559E-05 9.98559E-05 0.0635535 9.98559E-05 9.98559E-05 9.98559E-05 9.98559E-05 0.929855 9.98559E-05 9.98559E-05 9.98559E-05 9.98559E-05 9.98559E-05 9.98559E-05
9.98649E-05 9.98649E-05 0.126032 9.98649E-05 9.98649E-05 0.136147 9.98649E-05 9.98649E-05 9.98649E-05 9.98649E-05 9.98649E-05 9.98649E-05 9.98649E-05 0.69792 9.98649E-05 0.0384024 9.98649E-05 9.98649E-05 9.98649E-05
9.98381E-05 9.98381E-05 9.98381E-05 9.98381E-05 0.998203 9.98381E-05 9.98381E-05 9.98381E-05 9.98381E-05 9.98381E-05 9.98381E-05 9.98381E-05 9.98381E-05 9.98381E-05 9.98381E-05 9.98381E-05 9.98381E-05 9.98381E-05 9.98381E-05
0.00511799 9.98742E-05 0.941019 0.0277907 9.98742E-05 9.98742E-05 0.000125261 9.98742E-05 9.98742E-05 9.98742E-05 0.0245492 9.98742E-05 9.98742E-05 9.98742E-05 9.98742E-05 9.98742E-05 9.98742E-05 9.98742E-05 9.98742E-05
9.99101E-05 9.99101E-05 0.232267 9.99101E-05 0.11998 0.037504 0.139983 0.0976436 9.99101E-05 9.99101E-05 0.0339501 0.146807 9.99101E-05 0.113837 9.99101E-05 9.99101E-05 9.99101E-05 9.99101E-05 0.0770294
9.98651E-05 9.98651E-05 0.955759 9.98651E-05 9.98651E-05 9.98651E-05 0.0337293 9.98651E-05 9.98651E-05 9.98651E-05 9.98651E-05 9.98651E-05 9.98651E-05 9.98651E-05 0.00773939 9.98651E-05 9.98651E-05 9.98651E-05 0.00127471
9.98382E-05 9.98382E-05 9.98382E-05 9.98382E-05 9.98382E-05 9.98382E-05 9.98382E-05 9.98382E-05 9.98382E-05 9.98382E-05 9.98382E-05 0.998203 9.98382E-05 9.98382E-05 9.98382E-05 9.98382E-05 9.98382E-05 9.98382E-05 9.98382E-05
9.98919E-05 0.396939 9.98919E-05 0.0389521 0.0155279 9.98919E-05 0.292527 0.0595527 9.98919E-05 9.98919E-05 0.0555563 9.98919E-05 9.98919E-05 0.139746 9.98919E-05 9.98919E-05 9.98919E-05 9.98919E-05 9.98919E-05
9.98562E-05 9.98562E-05 9.98562E-05 9.98562E-05 9.98562E-05 9.98562E-05 9.98562E-05 9.98562E-05 9.98562E-05 9.98562E-05 0.00704101 0.966704 9.98562E-05 0.024657 9.98562E-05 9.98562E-05 9.98562E-05 9.98562E-05 9.98562E-05
9.98472E-05 9.98472E-05 9.98472E-05 9.98472E-05 9.98472E-05 9.98472E-05 9.98472E-05 0.890392 9.98472E-05 9.98472E-05 9.98472E-05 0.107911 9.98472E-05 9.98472E-05 9.98472E-05 9.98472E-05 9.98472E-05 9.98472E-05 9.98472E-05
9.98472E-05 9.98472E-05 9.98472E-05 9.98472E-05 9.98472E-05 9.98472E-05 9.98472E-05 0.903553 9.98472E-05 9.98472E-05 9.98472E-05 0.0947497 9.98472E-05 9.98472E-05 9.98472E-05 9.98472E-05 9.98472E-05 9.98472E-05 9.98472E-05
0.13183 0.00393039 9.99011E-05 0.0349822 9.99011E-05 9.99011E-05 0.000217331 9.99011E-05 9.99011E-05 9.99011E-05 9.99011E-05 0.00900724 0.661889 9.99011E-05 9.99011E-05 0.00998149 9.99011E-05 0.147063 9.99011E-05
9.98654E-05 0.015354 9.98654E-05 9.98654E-05 9.98654E-05 9.98654E-05 0.0142815 9.98654E-05 9.98654E-05 9.98654E-05 9.98654E-05 9.98654E-05 9.98654E-05 9.98654E-05 9.98654E-05 9.98654E-05 9.98654E-05 0.960532 0.00833479
9.98562E-05 9.98562E-05 0.977661 9.98562E-05 9.98562E-05 9.98562E-05 9.98562E-05 9.98562E-05 9.98562E-05 0.00781752 9.98562E-05 9.98562E-05 9.98562E-05 0.0129242 9.98562E-05 9.98562E-05 9.98562E-05 9.98562E-05 9.98562E-05
9.98651E-05 9.98651E-05 0.951772 9.98651E-05 9.98651E-05 0.00817887 9.98651E-05 9.98651E-05 0.0252421 9.98651E-05 9.98651E-05 9.98651E-05 0.0133089 9.98651E-05 9.98651E-05 9.98651E-05 9.98651E-05 9.98651E-05 9.98651E-05
9.98594E-05 9.98594E-05 9.98594E-05 9.98594E-05 9.98594E-05 9.98594E-05 9.98594E-05 9.98594E-05 9.98594E-05 9.98594E-05 9.98594E-05 9.98594E-05 9.98594E-05 9.98594E-05 9.98594E-05 9.98594E-05 0.775017 0.132924 0.0904611
9.9847E-05 9.9847E-05 9.9847E-05 9.9847E-05 9.9847E-05 9.9847E-05 9.9847E-05 0.0634812 9.9847E-05 9.9847E-05 9.9847E-05 9.9847E-05 9.9847E-05 9.9847E-05 9.9847E-05 0.934821 9.9847E-05 9.9847E-05 9.9847E-05
9.98303E-05 9.98303E-05 9.98303E-05 9.98303E-05 9.98303E-05 9.98303E-05 9.98303E-05 9.98303E-05 0.998203 9.98303E-05 9.98303E-05 9.98303E-05 9.98303E-05 9.98303E-05 9.98303E-05 9.98303E-05 9.98303E-05 9.98303E-05 9.98303E-05
0.032642 9.98562E-05 9.98562E-05 9.98562E-05 9.98562E-05 9.98562E-05 9.98562E-05 9.98562E-05 9.98562E-05 0.927365 9.98562E-05 9.98562E-05 9.98562E-05 9.98562E-05 0.0383949 9.98562E-05 9.98562E-05 9.98562E-05 9.98562E-05
0.00626685 9.98829E-05 9.98829E-05 9.98829E-05 9.98829E-05 9.98829E-05 9.98829E-05 0.454041 9.98829E-05 9.98829E-05 9.98829E-05 9.98829E-05 0.0670578 9.98829E-05 9.98829E-05 0.037185 0.340361 9.98829E-05 0.0937906
9.98562E-05 9.98562E-05 9.98562E-05 9.98562E-05 9.98562E-05 9.98562E-05 0.00156984 9.98562E-05 0.11089 0.885943 9.98562E-05 9.98562E-05 9.98562E-05 9.98562E-05 9.98562E-05 9.98562E-05 9.98562E-05 9.98562E-05 9.98562E-05
9.98919E-05 9.98919E-05 9.98919E-05 9.98919E-05 9.98919E-05 0.266902 9.98919E-05 0.0261144 9.98919E-05 9.98919E-05 9.98919E-05 9.98919E-05 0.439373 9.98919E-05 0.00102754 0.00922118 0.183965 0.0721989 9.98919E-05
0.105435 9.9883E-05 9.9883E-05 9.9883E-05 9.9883E-05 9.9883E-05 0.0382327 0.142415 9.9883E-05 0.409597 9.9883E-05 9.9883E-05 9.9883E-05 9.9883E-05 9.9883E-05 0.20904 9.9883E-05 9.9883E-05 0.0939811
9.98558E-05 9.98558E-05 9.98558E-05 9.98558E-05 9.98558E-05 9.98558E-05 9.98558E-05 0.0425301 9.98558E-05 0.874859 9.98558E-05 9.98558E-05 9.98558E-05 9.98558E-05 9.98558E-05 9.98558E-05 9.98558E-05 9.98558E-05 0.0810133
9.98654E-05 0.01012 0.276405 0.68771 0.0242673 9.98654E-05 9.98654E-05 9.98654E-05 9.98654E-05 9.98654E-05 9.98654E-05 9.98654E-05 9.98654E-05 9.98654E-05 9.98654E-05 9.98654E-05 9.98654E-05 9.98654E-05 9.98654E-05
9.98473E-05 9.98473E-05 0.80028 0.198022 9.98473E-05 9.98473E-05 9.98473E-05 9.98473E-05 9.98473E-05 9.98473E-05 9.98473E-05 9.98473E-05 9.98473E-05 9.98473E-05 9.98473E-05 9.98473E-05 9.98473E-05 9.98473E-05 9.98473E-05
0.0235833 9.98828E-05 9.98828E-05 9.98828E-05 9.98828E-05 9.98828E-05 9.98828E-05 0.0717758 9.98828E-05 9.98828E-05 9.98828E-05 9.98828E-05 0.0477559 9.98828E-05 9.98828E-05 0.0535003 0.00895425 0.793132 9.98828E-05
9.98383E-05 9.98383E-05 9.98383E-05 0.998203 9.98383E-05 9.98383E-05 9.98383E-05 9.98383E-05 9.98383E-05 9.98383E-05 9.98383E-05 9.98383E-05 9.98383E-05 9.98383E-05 9.98383E-05 9.98383E-05 9.98383E-05 9.98383E-05 9.98383E-05
9.98382E-05 9.98382E-05 9.98382E-05 0.998203 9.98382E-05 9.98382E-05 9.98382E-05 9.98382E-05 9.98382E-05 9.98382E-05 9.98382E-05 9.98382E-05 9.98382E-05 9.98382E-05 9.98382E-05 9.98382E-05 9.98382E-05 9.98382E-05 9.98382E-05
9.99012E-05 9.99012E-05 0.173769 0.179419 9.99012E-05 0.0031799 0.532048 9.99012E-05 9.99012E-05 9.99012E-05 0.056158 9.99012E-05 0.034957 9.99012E-05 0.00394344 9.99012E-05 9.99012E-05 0.0154261 9.99012E-05
9.98558E-05 9.98558E-05 0.0772246 9.98558E-05 9.98558E-05 9.98558E-05 0.908749 9.98558E-05 9.98558E-05 9.98558E-05 9.98558E-05 9.98558E-05 9.98558E-05 9.98558E-05 9.98558E-05 0.0124289 9.98558E-05 9.98558E-05 9.98558E-05
9.98385E-05 9.98385E-05 9.98385E-05 9.98385E-05 9.98385E-05 9.98385E-05 9.98385E-05 9.98385E-05 9.98385E-05 9.98385E-05 9.98385E-05 9.98385E-05 9.98385E-05 0.998203 9.98385E-05 9.98385E-05 9.98385E-05 9.98385E-05 9.98385E-05
9.98561E-05 0.191681 0.492087 0.314634 9.98561E-05 9.98561E-05 9.98561E-05 9.98561E-05 9.98561E-05 9.98561E-05 9.98561E-05 9.98561E-05 9.98561E-05 9.98561E-05 9.98561E-05 9.98561E-05 9.98561E-05 9.98561E-05 9.98561E-05
0.0284286 0.238253 9.98743E-05 9.98743E-05 9.98743E-05 9.98743E-05 0.0208754 9.98743E-05 9.98743E-05 9.98743E-05 0.705625 9.98743E-05 9.98743E-05 0.00542034 9.98743E-05 9.98743E-05 9.98743E-05 9.98743E-05 9.98743E-05
0.0801626 0.00791553 9.98916E-05 9.98916E-05 9.98916E-05 0.0945575 0.046228 9.98916E-05 9.98916E-05 9.98916E-05 9.98916E-05 9.98916E-05 9.98916E-05 9.98916E-05 9.98916E-05 0.220298 9.98916E-05 0.497462 0.0521773
0.00146778 0.0278341 0.374466 0.558003 9.9892E-05 0.00849522 9.9892E-05 9.9892E-05 9.9892E-05 9.9892E-05 9.9892E-05 9.9892E-05 9.9892E-05 9.9892E-05 9.9892E-05 0.0249787 9.9892E-05 9.9892E-05 0.00355633
9.98831E-05 0.014736 0.00605591 9.98831E-05 0.00948141 9.98831E-05 9.98831E-05 9.98831E-05 9.98831E-05 9.98831E-05 9.98831E-05 9.98831E-05 0.945673 9.98831E-05 9.98831E-05 0.00138082 9.98831E-05 9.98831E-05 0.0213741
9.99009E-05 0.0248045 0.0202292 9.99009E-05 9.99009E-05 0.0373148 9.99009E-05 0.545418 9.99009E-05 9.99009E-05 9.99009E-05 9.99009E-05 0.0704257 0.211016 0.0263708 0.0633222 9.99009E-05 9.99009E-05 9.99009E-05
9.98561E-05 0.00965443 0.000805799 9.98561E-05 9.98561E-05 9.98561E-05 9.98561E-05 9.98561E-05 9.98561E-05 9.98561E-05 9.98561E-05 9.98561E-05 9.98561E-05 9.98561E-05 9.98561E-05 0.987942 9.98561E-05 9.98561E-05 9.98561E-05
9.9856E-05 9.9856E-05 0.00718038 9.9856E-05 9.9856E-05 0.989621 9.9856E-05 9.9856E-05 9.9856E-05 9.9856E-05 9.9856E-05 9.9856E-05 9.9856E-05 9.9856E-05 9.9856E-05 0.00160101 9.9856E-05 9.9856E-05 9.9856E-05
0.00537193 9.98471E-05 9.98471E-05 9.98471E-05 9.98471E-05 0.992931 9.98471E-05 9.98471E-05 9.98471E-05 9.98471E-05 9.98471E-05 9.98471E-05 9.98471E-05 9.98471E-05 9.98471E-05 9.98471E-05 9.98471E-05 9.98471E-05 9.98471E-05
9.98739E-05 9.98739E-05 9.98739E-05 9.98739E-05 9.98739E-05 0.046992 9.98739E-05 0.861706 9.98739E-05 9.98739E-05 9.98739E-05 9.98739E-05 0.0412688 9.98739E-05 9.98739E-05 0.00674953 9.98739E-05 9.98739E-05 0.0418854
9.9901E-05 9.9901E-05 9.9901E-05 9.9901E-05 9.9901E-05 0.0490558 9.9901E-05 0.0433984 9.9901E-05 0.00630193 9.9901E-05 0.0578571 0.0231109 9.9901E-05 0.00845246 9.9901E-05 0.763802 0.0469222 9.9901E-05
9.98829E-05 9.98829E-05 9.98829E-05 0.00460116 9.98829E-05 9.98829E-05 0.00206118 0.891552 9.98829E-05 9.98829E-05 9.98829E-05 9.98829E-05 0.00355402 9.98829E-05 9.98829E-05 0.00267415 9.98829E-05 9.98829E-05 0.0942588
0.050772 9.99098E-05 9.99098E-05 9.99098E-05 9.99098E-05 0.0823027 9.99098E-05 0.326057 0.0148476 0.0785261 9.99098E-05 9.99098E-05 9.99098E-05 0.0410015 9.99098E-05 9.99098E-05 0.060549 0.0907302 0.254215
9.99099E-05 0.000317863 9.99099E-05 9.99099E-05 0.0169677 0.174868 0.06569 0.361611 9.99099E-05 9.99099E-05 9.99099E-05 9.99099E-05 0.00955336 9.99099E-05 0.0639531 9.99099E-05 0.0944578 9.99099E-05 0.211582
9.99189E-05 9.99189E-05 0.00392492 9.99189E-05 9.99189E-05 0.083567 0.0826457 0.0903744 9.99189E-05 9.99189E-05 0.0374667 0.0890222 0.162839 9.99189E-05 9.99189E-05 0.152106 9.99189E-05 0.032218 0.264937
9.98481E-05 9.98481E-05 9.98481E-05 9.98481E-05 9.98481E-05 9.98481E-05 9.98481E-05 9.98481E-05 0.0362916 9.98481E-05 9.98481E-05 9.98481E-05 0.962011 9.98481E-05 9.98481E-05 9.98481E-05 9.98481E-05 9.98481E-05 9.98481E-05
9.98383E-05 9.98383E-05 9.98383E-05 9.98383E-05 9.98383E-05 9.98383E-05 9.98383E-05 9.98383E-05 9.98383E-05 9.98383E-05 0.998203 9.98383E-05 9.98383E-05 9.98383E-05 9.98383E-05 9.98383E-05 9.98383E-05 9.98383E-05 9.98383E-05
9.98382E-05 9.98382E-05 9.98382E-05 9.98382E-05 9.98382E-05 9.98382E-05 9.98382E-05 9.98382E-05 9.98382E-05 9.98382E-05 0.998203 9.98382E-05 9.98382E-05 9.98382E-05 9.98382E-05 9.98382E-05 9.98382E-05 9.98382E-05 9.98382E-05
9.98563E-05 9.98563E-05 9.98563E-05 9.98563E-05 9.98563E-05 9.98563E-05 9.98563E-05 9.98563E-05 0.00354913 9.98563E-05 0.990938 0.003915 9.98563E-05 9.98563E-05 9.98563E-05 9.98563E-05 9.98563E-05 9.98563E-05 9.98563E-05
9.98383E-05 9.98383E-05 9.98383E-05 9.98383E-05 9.98383E-05 9.98383E-05 9.98383E-05 9.98383E-05 9.98383E-05 9.98383E-05 0.998203 9.98383E-05 9.98383E-05 9.98383E-05 9.98383E-05 9.98383E-05 9.98383E-05 9.98383E-05 9.98383E-05
9.98472E-05 9.98472E-05 9.98472E-05 9.98472E-05 9.98472E-05 9.98472E-05 0.0202867 9.98472E-05 9.98472E-05 9.98472E-05 0.978016 9.98472E-05 9.98472E-05 9.98472E-05 9.98472E-05 9.98472E-05 9.98472E-05 9.98472E-05 9.98472E-05
9.99192E-05 0.182745 9.99192E-05 0.0568334 0.01603 9.99192E-05 0.225407 9.99192E-05 0.00725711 9.99192E-05 0.330314 0.0243459 9.99192E-05 0.0375863 9.99192E-05 9.99192E-05 0.0991961 0.0193865 9.99192E-05
9.98741E-05 9.98741E-05 9.98741E-05 9.98741E-05 9.98741E-05 9.98741E-05 9.98741E-05 0.00880099 9.98741E-05 9.98741E-05 0.888668 9.98741E-05 9.98741E-05 0.063863 9.98741E-05 0.0100661 0.0272042 9.98741E-05 9.98741E-05
9.98558E-05 9.98558E-05 9.98558E-05 9.98558E-05 9.98558E-05 9.98558E-05 9.98558E-05 9.98558E-05 9.98558E-05 9.98558E-05 9.98558E-05 9.98558E-05 0.796887 9.98558E-05 9.98558E-05 9.98558E-05 0.180516 9.98558E-05 0.0209994
9.9874E-05 9.9874E-05 9.9874E-05 0.00302213 0.0123563 9.9874E-05 9.9874E-05 9.9874E-05 9.9874E-05 9.9874E-05 0.0105516 0.0428744 9.9874E-05 0.929797 9.9874E-05 9.9874E-05 9.9874E-05 9.9874E-05 9.9874E-05
9.98738E-05 9.98738E-05 0.56424 0.388828 0.0151715 0.0157932 9.98738E-05 9.98738E-05 9.98738E-05 9.98738E-05 9.98738E-05 9.98738E-05 9.98738E-05 9.98738E-05 9.98738E-05 0.0145692 9.98738E-05 9.98738E-05 9.98738E-05
0.00346004 9.98741E-05 9.98741E-05 9.98741E-05 9.98741E-05 0.135349 9.98741E-05 9.98741E-05 9.98741E-05 9.98741E-05 0.00679201 9.98741E-05 9.98741E-05 9.98741E-05 9.98741E-05 9.98741E-05 0.0472437 0.805757 9.98741E-05
9.98474E-05 9.98474E-05 9.98474E-05 9.98474E-05 9.98474E-05 9.98474E-05 9.98474E-05 9.98474E-05 9.98474E-05 9.98474E-05 9.98474E-05 9.98474E-05 9.98474E-05 9.98474E-05 9.98474E-05 9.98474E-05 0.867246 9.98474E-05 0.131057
9.98565E-05 0.0175224 9.98565E-05 9.98565E-05 0.0142612 9.98565E-05 9.98565E-05 9.98565E-05 9.98565E-05 9.98565E-05 9.98565E-05 9.98565E-05 9.98565E-05 9.98565E-05 9.98565E-05 9.98565E-05 9.98565E-05 0.966619 9.98565E-05
9.98469E-05 9.98469E-05 9.98469E-05 9.98469E-05 9.98469E-05 9.98469E-05 9.98469E-05 0.118318 9.98469E-05 9.98469E-05 9.98469E-05 9.98469E-05 9.98469E-05 9.98469E-05 9.98469E-05 9.98469E-05 9.98469E-05 0.879985 9.98469E-05
0.0348614 9.98828E-05 9.98828E-05 9.98828E-05 9.98828E-05 9.98828E-05 9.98828E-05 0.113293 0.0117831 9.98828E-05 9.98828E-05 9.98828E-05 9.98828E-05 9.98828E-05 9.98828E-05 0.0128546 9.98828E-05 0.778224 0.0476848
9.98383E-05 9.98383E-05 9.98383E-05 9.98383E-05 9.98383E-05 9.98383E-05 9.98383E-05 9.98383E-05 9.98383E-05 9.98383E-05 9.98383E-05 9.98383E-05 9.98383E-05 9.98383E-05 0.998203 9.98383E-05 9.98383E-05 9.98383E-05 9.98383E-05
0.0114431 9.98656E-05 0.315896 0.662313 0.00885042 9.98656E-05 9.98656E-05 9.98656E-05 9.98656E-05 9.98656E-05 9.98656E-05 9.98656E-05 9.98656E-05 9.98656E-05 9.98656E-05 9.98656E-05 9.98656E-05 9.98656E-05 9.98656E-05
9.99461E-05 9.99461E-05 0.029103 0.101621 0.103297 0.21591 0.0747771 0.0526821 9.99461E-05 9.99461E-05 0.136055 9.99461E-05 0.0155002 9.99461E-05 0.0322553 0.0367186 0.0355017 0.123435 0.0425447
9.98654E-05 0.0691891 0.85009 9.98654E-05 0.0643436 9.98654E-05 9.98654E-05 9.98654E-05 9.98654E-05 9.98654E-05 9.98654E-05 9.98654E-05 9.98654E-05 9.98654E-05 9.98654E-05 9.98654E-05 9.98654E-05 0.0148797 9.98654E-05
9.9901E-05 9.9901E-05 0.6586 0.214427 9.9901E-05 0.00732659 0.0615551 9.9901E-05 9.9901E-05 9.9901E-05 0.00775588 0.0249615 0.0113389 9.9901E-05 9.9901E-05 0.0129368 9.9901E-05 9.9901E-05 9.9901E-05
9.98561E-05 0.0218742 9.98561E-05 0.949667 9.98561E-05 9.98561E-05 9.98561E-05 9.98561E-05 9.98561E-05 9.98561E-05 9.98561E-05 9.98561E-05 9.98561E-05 9.98561E-05 9.98561E-05 9.98561E-05 0.0268606 9.98561E-05 9.98561E-05
9.98384E-05 9.98384E-05 9.98384E-05 0.998203 9.98384E-05 9.98384E-05 9.98384E-05 9.98384E-05 9.98384E-05 9.98384E-05 9.98384E-05 9.98384E-05 9.98384E-05 9.98384E-05 9.98384E-05 9.98384E-05 9.98384E-05 9.98384E-05 9.98384E-05
9.99102E-05 0.0268476 0.631683 0.13719 9.99102E-05 0.00346748 0.147741 0.0309995 9.99102E-05 9.99102E-05 9.99102E-05 9.99102E-05 9.99102E-05 0.00840071 9.99102E-05 0.00440635 9.99102E-05 9.99102E-05 0.00826601
9.9865E-05 0.0055329 0.541098 0.432998 9.9865E-05 9.9865E-05 9.9865E-05 9.9865E-05 9.9865E-05 9.9865E-05 9.9865E-05 9.9865E-05 9.9865E-05 9.9865E-05 9.9865E-05 0.0188728 9.9865E-05 9.9865E-05 9.9865E-05
9.98561E-05 0.985047 9.98561E-05 9.98561E-05 9.98561E-05 9.98561E-05 0.00510985 9.98561E-05 9.98561E-05 9.98561E-05 0.008245 9.98561E-05 9.98561E-05 9.98561E-05 9.98561E-05 9.98561E-05 9.98561E-05 9.98561E-05 9.98561E-05
9.98471E-05 0.982591 9.98471E-05 9.98471E-05 9.98471E-05 9.98471E-05 9.98471E-05 9.98471E-05 9.98471E-05 9.98471E-05 9.98471E-05 9.98471E-05 9.98471E-05 9.98471E-05 9.98471E-05 9.98471E-05 9.98471E-05 0.015712 9.98471E-05
9.98742E-05 9.98742E-05 0.771677 0.15684 0.00382595 9.98742E-05 9.98742E-05 9.98742E-05 9.98742E-05 9.98742E-05 0.0382359 9.98742E-05 9.98742E-05 9.98742E-05 9.98742E-05 9.98742E-05 0.0280231 9.98742E-05 9.98742E-05
9.9865E-05 9.9865E-05 0.000101009 9.9865E-05 9.9865E-05 9.9865E-05 9.9865E-05 9.9865E-05 9.9865E-05 9.9865E-05 0.00952968 9.9865E-05 9.9865E-05 9.9865E-05 9.9865E-05 0.0214469 0.967424 9.9865E-05 9.9865E-05
9.98561E-05 9.98561E-05 0.00290373 9.98561E-05 9.98561E-05 9.98561E-05 9.98561E-05 9.98561E-05 9.98561E-05 9.98561E-05 0.00106447 9.98561E-05 9.98561E-05 9.98561E-05 9.98561E-05 9.98561E-05 0.994434 9.98561E-05 9.98561E-05
0.990367 9.98473E-05 9.98473E-05 9.98473E-05 9.98473E-05 9.98473E-05 9.98473E-05 9.98473E-05 9.98473E-05 9.98473E-05 9.98473E-05 9.98473E-05 0.0079357 9.98473E-05 9.98473E-05 9.98473E-05 9.98473E-05 9.98473E-05 9.98473E-05
0.998203 9.98385E-05 9.98385E-05 9.98385E-05 9.98385E-05 9.98385E-05 9.98385E-05 9.98385E-05 9.98385E-05 9.98385E-05 9.98385E-05 9.98385E-05 9.98385E-05 9.98385E-05 9.98385E-05 9.98385E-05 9.98385E-05 9.98385E-05 9.98385E-05
9.99008E-05 0.00557039 9.99008E-05 0.00113734 9.99008E-05 0.121786 9.99008E-05 0.663166 0.0103179 9.99008E-05 9.99008E-05 9.99008E-05 9.99008E-05 0.0723993 9.99008E-05 9.99008E-05 0.0915003 0.0330242 9.99008E-05
9.98829E-05 9.98829E-05 9.98829E-05 9.98829E-05 9.98829E-05 0.107081 9.98829E-05 0.698236 0.0205498 9.98829E-05 9.98829E-05 9.98829E-05 9.98829E-05 0.0264449 9.98829E-05 9.98829E-05 0.0767395 0.0696509 9.98829E-05
0.951588 0.028762 9.98563E-05 9.98563E-05 9.98563E-05 9.98563E-05 9.98563E-05 9.98563E-05 9.98563E-05 9.98563E-05 9.98563E-05 9.98563E-05 9.98563E-05 9.98563E-05 9.98563E-05 9.98563E-05 0.0180523 9.98563E-05 9.98563E-05
0.998203 9.98383E-05 9.98383E-05 9.98383E-05 9.98383E-05 9.98383E-05 9.98383E-05 9.98383E-05 9.98383E-05 9.98383E-05 9.98383E-05 9.98383E-05 9.98383E-05 9.98383E-05 9.98383E-05 9.98383E-05 9.98383E-05 9.98383E-05 9.98383E-05
9.98559E-05 9.98559E-05 9.98559E-05 9.98559E-05 9.98559E-05 9.98559E-05 9.98559E-05 9.98559E-05 9.98559E-05 9.98559E-05 9.98559E-05 9.98559E-05 0.913411 9.98559E-05 9.98559E-05 9.98559E-05 0.0299243 0.055067 9.98559E-05
9.9874E-05 9.9874E-05 9.9874E-05 9.9874E-05 9.9874E-05 0.747234 9.9874E-05 9.9874E-05 9.9874E-05 0.0249864 9.9874E-05 0.143523 9.9874E-05 9.9874E-05 9.9874E-05 9.9874E-05 0.000658391 0.0822004 9.9874E-05
9.9865E-05 9.9865E-05 9.9865E-05 9.9865E-05 9.9865E-05 9.9865E-05 9.9865E-05 9.9865E-05 9.9865E-05 9.9865E-05 0.0559683 0.0628765 9.9865E-05 0.870354 9.9865E-05 9.9865E-05 9.9865E-05 9.9865E-05 0.00930362
9.98378E-05 9.98378E-05 9.98378E-05 9.98378E-05 9.98378E-05 9.98378E-05 9.98378E-05 9.98378E-05 9.98378E-05 9.98378E-05 9.98378E-05 9.98378E-05 9.98378E-05 9.98378E-05 9.98378E-05 9.98378E-05 9.98378E-05 9.98378E-05 0.998203
0.0890569 9.98832E-05 9.98832E-05 9.98832E-05 9.98832E-05 9.98832E-05 9.98832E-05 9.98832E-05 9.98832E-05 9.98832E-05 9.98832E-05 9.98832E-05 0.0534248 9.98832E-05 9.98832E-05 0.193134 0.0157091 0.16656 0.480816
9.9838E-05 9.9838E-05 9.9838E-05 9.9838E-05 9.9838E-05 9.9838E-05 0.998203 9.9838E-05 9.9838E-05 9.9838E-05 9.9838E-05 9.9838E-05 9.9838E-05 9.9838E-05 9.9838E-05 9.9838E-05 9.9838E-05 9.9838E-05 9.9838E-05
