9.98468E-05 9.98468E-05 0.915495 0.0828072 9.98468E-05 9.98468E-05 9.98468E-05 9.98468E-05 9.98468E-05 9.98468E-05 9.98468E-05 9.98468E-05 9.98468E-05 9.98468E-05 9.98468E-05 9.98468E-05 9.98468E-05 9.98468E-05 9.98468E-05
0.0653766 9.98739E-05 0.053612 9.98739E-05 9.98739E-05 9.98739E-05 9.98739E-05 9.98739E-05 9.98739E-05 9.98739E-05 0.0329912 9.98739E-05 0.150358 9.98739E-05 9.98739E-05 9.98739E-05 0.696264 9.98739E-05 9.98739E-05
9.98381E-05 0.998203 9.98381E-05 9.98381E-05 9.98381E-05 9.98381E-05 9.98381E-05 9.98381E-05 9.98381E-05 9.98381E-05 9.98381E-05 9.98381E-05 9.98381E-05 9.98381E-05 9.98381E-05 9.98381E-05 9.98381E-05 9.98381E-05 9.98381E-05
9.9874E-05 9.9874E-05 9.9874E-05 9.9874E-05 9.9874E-05 0.0166377 9.9874E-05 9.9874E-05 9.9874E-05 9.9874E-05 9.9874E-05 9.9874E-05 0.88041 9.9874E-05 0.00739618 0.0229219 9.9874E-05 0.0712361 9.9874E-05
0.041992 0.0341697 0.0698068 0.038357 9.99281E-05 9.99281E-05 9.99281E-05 0.0608641 0.00598882 0.226898 9.99281E-05 9.99281E-05 0.30338 9.99281E-05 0.0659337 9.99281E-05 0.0780642 0.0737461 9.99281E-05
9.9874E-05 9.9874E-05 9.9874E-05 9.9874E-05 9.9874E-05 9.9874E-05 9.9874E-05 9.9874E-05 0.0122972 9.9874E-05 9.9874E-05 0.000558006 0.965132 9.9874E-05 9.9874E-05 9.9874E-05 9.9874E-05 0.0124503 0.00816473
9.98381E-05 9.98381E-05 9.98381E-05 9.98381E-05 9.98381E-05 9.98381E-05 9.98381E-05 9.98381E-05 9.98381E-05 0.998203 9.98381E-05 9.98381E-05 9.98381E-05 9.98381E-05 9.98381E-05 9.98381E-05 9.98381E-05 9.98381E-05 9.98381E-05
9.99099E-05 0.0312432 9.99099E-05 0.0962236 9.99099E-05 0.0169436 9.99099E-05 0.475255 9.99099E-05 9.99099E-05 9.99099E-05 9.99099E-05 0.024243 9.99099E-05 0.0828455 0.0168217 0.0666188 0.188807 9.99099E-05
9.9847E-05 9.9847E-05 9.9847E-05 9.9847E-05 9.9847E-05 9.9847E-05 9.9847E-05 9.9847E-05 9.9847E-05 0.927436 9.9847E-05 9.9847E-05 9.9847E-05 9.9847E-05 9.9847E-05 9.9847E-05 0.0708661 9.9847E-05 9.9847E-05
9.98472E-05 9.98472E-05 9.98472E-05 0.871078 9.98472E-05 9.98472E-05 9.98472E-05 9.98472E-05 9.98472E-05 0.127224 9.98472E-05 9.98472E-05 9.98472E-05 9.98472E-05 9.98472E-05 9.98472E-05 9.98472E-05 9.98472E-05 9.98472E-05
9.98473E-05 9.98473E-05 9.98473E-05 0.896538 9.98473E-05 9.98473E-05 9.98473E-05 9.98473E-05 9.98473E-05 0.101765 9.98473E-05 9.98473E-05 9.98473E-05 9.98473E-05 9.98473E-05 9.98473E-05 9.98473E-05 9.98473E-05 9.98473E-05
0.00229407 0.0489612 0.666991 9.99018E-05 9.99018E-05 9.99018E-05 0.0307823 9.99018E-05 9.99018E-05 0.00152875 9.99018E-05 0.108265 9.99018E-05 9.99018E-05 9.99018E-05 0.134025 9.99018E-05 9.99018E-05 0.00605252
9.98651E-05 9.98651E-05 9.98651E-05 9.98651E-05 9.98651E-05 9.98651E-05 0.946296 9.98651E-05 9.98651E-05 9.98651E-05 9.98651E-05 9.98651E-05 9.98651E-05 9.98651E-05 9.98651E-05 0.0058279 9.98651E-05 0.0395836 0.00679434
9.98651E-05 9.98651E-05 9.98651E-05 9.98651E-05 0.0238838 9.98651E-05 9.98651E-05 9.98651E-05 9.98651E-05 9.98651E-05 9.98651E-05 0.0118612 0.950907 9.98651E-05 9.98651E-05 9.98651E-05 0.0118503 9.98651E-05 9.98651E-05
9.98562E-05 9.98562E-05 0.0035421 9.98562E-05 0.0055724 9.98562E-05 9.98562E-05 9.98562E-05 9.98562E-05 9.98562E-05 9.98562E-05 9.98562E-05 0.989288 9.98562E-05 9.98562E-05 9.98562E-05 9.98562E-05 9.98562E-05 9.98562E-05
9.98741E-05 9.98741E-05 9.98741E-05 0.00939823 9.98741E-05 9.98741E-05 0.0331492 9.98741E-05 9.98741E-05 9.98741E-05 0.758766 0.107654 9.98741E-05 9.98741E-05 9.98741E-05 9.98741E-05 9.98741E-05 9.98741E-05 0.0896347
0.921274 9.98649E-05 9.98649E-05 0.0269433 9.98649E-05 9.98649E-05 9.98649E-05 9.98649E-05 9.98649E-05 9.98649E-05 0.039094 9.98649E-05 9.98649E-05 0.0111909 9.98649E-05 9.98649E-05 9.98649E-05 9.98649E-05 9.98649E-05
9.98738E-05 9.98738E-05 9.98738E-05 0.0666651 0.797837 9.98738E-05 9.98738E-05 9.98738E-05 9.98738E-05 9.98738E-05 0.0953975 9.98738E-05 9.98738E-05 9.98738E-05 0.00881744 9.98738E-05 0.0298849 9.98738E-05 9.98738E-05
9.98383E-05 9.98383E-05 9.98383E-05 9.98383E-05 9.98383E-05 9.98383E-05 9.98383E-05 9.98383E-05 9.98383E-05 9.98383E-05 9.98383E-05 9.98383E-05 9.98383E-05 0.998203 9.98383E-05 9.98383E-05 9.98383E-05 9.98383E-05 9.98383E-05
0.0354977 9.98918E-05 0.0857561 0.364615 9.98918E-05 9.98918E-05 9.98918E-05 9.98918E-05 9.98918E-05 9.98918E-05 0.312391 0.00222305 9.98918E-05 9.98918E-05 9.98918E-05 0.0369535 9.98918E-05 9.98918E-05 0.161365
9.9847E-05 9.9847E-05 9.9847E-05 9.9847E-05 0.881001 9.9847E-05 9.9847E-05 9.9847E-05 0.117301 9.9847E-05 9.9847E-05 9.9847E-05 9.9847E-05 9.9847E-05 9.9847E-05 9.9847E-05 9.9847E-05 9.9847E-05 9.9847E-05
9.9874E-05 9.9874E-05 0.413244 0.0563232 9.9874E-05 9.9874E-05 9.9874E-05 9.9874E-05 9.9874E-05 9.9874E-05 0.323399 0.197935 9.9874E-05 9.9874E-05 9.9874E-05 9.9874E-05 0.00770059 9.9874E-05 9.9874E-05
0.190489 9.98741E-05 9.98741E-05 0.175108 0.456275 9.98741E-05 9.98741E-05 9.98741E-05 9.98741E-05 9.98741E-05 9.98741E-05 9.98741E-05 9.98741E-05 9.98741E-05 9.98741E-05 0.158807 9.98741E-05 0.0179224 9.98741E-05
9.9856E-05 9.9856E-05 9.9856E-05 9.9856E-05 0.889864 9.9856E-05 9.9856E-05 9.9856E-05 9.9856E-05 9.9856E-05 9.9856E-05 9.9856E-05 9.9856E-05 0.0415676 9.9856E-05 9.9856E-05 9.9856E-05 9.9856E-05 0.0669702
9.98564E-05 9.98564E-05 9.98564E-05 9.98564E-05 9.98564E-05 0.645156 9.98564E-05 0.0278603 9.98564E-05 9.98564E-05 9.98564E-05 9.98564E-05 0.325386 9.98564E-05 9.98564E-05 9.98564E-05 9.98564E-05 9.98564E-05 9.98564E-05
9.98564E-05 9.98564E-05 9.98564E-05 9.98564E-05 9.98564E-05 0.176025 9.98564E-05 9.98564E-05 9.98564E-05 9.98564E-05 9.98564E-05 9.98564E-05 0.819686 9.98564E-05 0.0026911 9.98564E-05 9.98564E-05 9.98564E-05 9.98564E-05
9.98471E-05 9.98471E-05 9.98471E-05 0.0161575 9.98471E-05 9.98471E-05 9.98471E-05 9.98471E-05 9.98471E-05 9.98471E-05 9.98471E-05 0.982145 9.98471E-05 9.98471E-05 9.98471E-05 9.98471E-05 9.98471E-05 9.98471E-05 9.98471E-05
9.98471E-05 9.98471E-05 9.98471E-05 9.98471E-05 9.98471E-05 0.971917 9.98471E-05 9.98471E-05 9.98471E-05 9.98471E-05 9.98471E-05 9.98471E-05 9.98471E-05 9.98471E-05 0.0263858 9.98471E-05 9.98471E-05 9.98471E-05 9.98471E-05
9.98562E-05 9.98562E-05 9.98562E-05 9.98562E-05 9.98562E-05 0.984344 9.98562E-05 9.98562E-05 9.98562E-05 9.98562E-05 9.98562E-05 0.00947894 9.98562E-05 9.98562E-05 0.00457924 9.98562E-05 9.98562E-05 9.98562E-05 9.98562E-05
9.98921E-05 0.0699496 0.00611798 9.98921E-05 9.98921E-05 0.268973 9.98921E-05 9.98921E-05 0.0369858 9.98921E-05 9.98921E-05 9.98921E-05 0.0861659 9.98921E-05 0.0847528 9.98921E-05 9.98921E-05 0.445856 9.98921E-05
9.98468E-05 9.98468E-05 9.98468E-05 9.98468E-05 9.98468E-05 9.98468E-05 9.98468E-05 9.98468E-05 9.98468E-05 9.98468E-05 9.98468E-05 9.98468E-05 0.0863539 9.98468E-05 9.98468E-05 9.98468E-05 9.98468E-05 0.911949 9.98468E-05
9.98386E-05 9.98386E-05 9.98386E-05 9.98386E-05 9.98386E-05 9.98386E-05 9.98386E-05 9.98386E-05 9.98386E-05 9.98386E-05 9.98386E-05 9.98386E-05 9.98386E-05 9.98386E-05 9.98386E-05 9.98386E-05 0.998203 9.98386E-05 9.98386E-05
9.98652E-05 9.98652E-05 9.98652E-05 9.98652E-05 9.98652E-05 0.308698 9.98652E-05 0.16848 9.98652E-05 9.98652E-05 9.98652E-05 9.98652E-05 0.51752 9.98652E-05 9.98652E-05 9.98652E-05 9.98652E-05 0.00380406 9.98652E-05
9.98653E-05 9.98653E-05 9.98653E-05 9.98653E-05 9.98653E-05 9.98653E-05 9.98653E-05 0.21091 9.98653E-05 9.98653E-05 9.98653E-05 9.98653E-05 9.98653E-05 9.98653E-05 0.688039 9.98653E-05 0.0159661 0.0835862 9.98653E-05
0.17758 9.98827E-05 9.98827E-05 9.98827E-05 9.98827E-05 9.98827E-05 9.98827E-05 0.0475088 9.98827E-05 9.98827E-05 9.98827E-05 0.67847 9.98827E-05 9.98827E-05 9.98827E-05 0.0527353 9.98827E-05 0.0283502 0.0140571
0.0165109 9.98738E-05 9.98738E-05 9.98738E-05 9.98738E-05 0.591686 9.98738E-05 0.0445527 9.98738E-05 9.98738E-05 9.98738E-05 9.98738E-05 0.344177 9.98738E-05 9.98738E-05 9.98738E-05 9.98738E-05 9.98738E-05 0.0016747
9.98741E-05 0.00800096 0.969018 9.98741E-05 9.98741E-05 9.98741E-05 9.98741E-05 0.0176051 9.98741E-05 9.98741E-05 9.98741E-05 9.98741E-05 0.000358607 9.98741E-05 9.98741E-05 9.98741E-05 9.98741E-05 9.98741E-05 0.00361955
0.036968 9.98829E-05 0.0992715 0.633543 9.98829E-05 9.98829E-05 9.98829E-05 0.0456858 0.0278801 9.98829E-05 9.98829E-05 9.98829E-05 9.98829E-05 9.98829E-05 9.98829E-05 9.98829E-05 0.155353 9.98829E-05 9.98829E-05
0.994129 9.98471E-05 9.98471E-05 9.98471E-05 9.98471E-05 9.98471E-05 9.98471E-05 0.0041732 9.98471E-05 9.98471E-05 9.98471E-05 9.98471E-05 9.98471E-05 9.98471E-05 9.98471E-05 9.98471E-05 9.98471E-05 9.98471E-05 9.98471E-05
0.116339 9.98918E-05 0.223228 0.245599 9.98918E-05 9.98918E-05 9.98918E-05 9.98918E-05 0.00425654 9.98918E-05 0.26135 9.98918E-05 0.122129 9.98918E-05 9.98918E-05 9.98918E-05 9.98918E-05 9.98918E-05 0.0258998
0.0726916 9.98918E-05 0.290822 0.262707 0.0232971 9.98918E-05 9.98918E-05 9.98918E-05 0.000494956 9.98918E-05 0.258294 9.98918E-05 0.0904944 9.98918E-05 9.98918E-05 9.98918E-05 9.98918E-05 9.98918E-05 9.98918E-05
0.0282382 9.98829E-05 0.0136957 0.900326 9.98829E-05 9.98829E-05 9.98829E-05 9.98829E-05 9.98829E-05 9.98829E-05 0.000992969 9.98829E-05 9.98829E-05 0.0184577 9.98829E-05 9.98829E-05 9.98829E-05 9.98829E-05 0.036991
9.9874E-05 9.9874E-05 9.9874E-05 9.9874E-05 0.00600747 9.9874E-05 0.00266101 9.9874E-05 9.9874E-05 0.124293 0.823654 0.041986 9.9874E-05 9.9874E-05 9.9874E-05 9.9874E-05 9.9874E-05 9.9874E-05 9.9874E-05
9.9856E-05 9.9856E-05 9.9856E-05 0.871716 9.9856E-05 9.9856E-05 9.9856E-05 9.9856E-05 9.9856E-05 9.9856E-05 9.9856E-05 9.9856E-05 9.9856E-05 9.9856E-05 0.00444793 9.9856E-05 9.9856E-05 9.9856E-05 0.122239
9.99008E-05 9.99008E-05 0.0372212 0.37258 0.119463 9.99008E-05 0.137433 9.99008E-05 9.99008E-05 9.99008E-05 0.0940137 9.99008E-05 9.99008E-05 9.99008E-05 9.99008E-05 0.0782622 0.0341238 9.99008E-05 0.125805
9.99009E-05 9.99009E-05 0.0830123 0.424293 9.99009E-05 9.99009E-05 9.99009E-05 9.99009E-05 0.0559425 9.99009E-05 0.156808 9.99009E-05 0.0517107 9.99009E-05 9.99009E-05 9.99009E-05 0.0156568 0.0366905 0.174787
0.125062 0.0142041 0.2214 0.099311 9.99189E-05 9.99189E-05 0.00604725 9.99189E-05 9.99189E-05 0.0614698 9.99189E-05 0.101245 9.99189E-05 9.99189E-05 0.0240434 9.99189E-05 9.99189E-05 0.0888747 0.257443
9.9848E-05 9.9848E-05 0.991809 9.9848E-05 9.9848E-05 9.9848E-05 9.9848E-05 9.9848E-05 0.00649338 9.9848E-05 9.9848E-05 9.9848E-05 9.9848E-05 9.9848E-05 9.9848E-05 9.9848E-05 9.9848E-05 9.9848E-05 9.9848E-05
9.98383E-05 9.98383E-05 9.98383E-05 9.98383E-05 9.98383E-05 9.98383E-05 9.98383E-05 9.98383E-05 9.98383E-05 9.98383E-05 9.98383E-05 9.98383E-05 9.98383E-05 9.98383E-05 0.998203 9.98383E-05 9.98383E-05 9.98383E-05 9.98383E-05
9.98303E-05 9.98303E-05 9.98303E-05 9.98303E-05 9.98303E-05 0.00815031 9.98303E-05 9.98303E-05 9.98303E-05 9.98303E-05 9.98303E-05 9.98303E-05 9.98303E-05 9.98303E-05 0.990153 9.98303E-05 9.98303E-05 9.98303E-05 9.98303E-05
9.98562E-05 9.98562E-05 9.98562E-05 9.98562E-05 9.98562E-05 9.98562E-05 0.00292115 9.98562E-05 9.98562E-05 9.98562E-05 9.98562E-05 9.98562E-05 9.98562E-05 0.00124563 0.994236 9.98562E-05 9.98562E-05 9.98562E-05 9.98562E-05
9.98383E-05 9.98383E-05 9.98383E-05 9.98383E-05 9.98383E-05 9.98383E-05 9.98383E-05 9.98383E-05 9.98383E-05 9.98383E-05 9.98383E-05 9.98383E-05 9.98383E-05 9.98383E-05 0.998203 9.98383E-05 9.98383E-05 9.98383E-05 9.98383E-05
9.98473E-05 9.98473E-05 9.98473E-05 9.98473E-05 9.98473E-05 9.98473E-05 9.98473E-05 9.98473E-05 9.98473E-05 9.98473E-05 9.98473E-05 9.98473E-05 9.98473E-05 9.98473E-05 0.990105 9.98473E-05 9.98473E-05 0.00819754 9.98473E-05
9.99013E-05 0.0276918 0.00515455 9.99013E-05 0.0202577 9.99013E-05 9.99013E-05 0.0150966 9.99013E-05 0.0712027 0.0649927 9.99013E-05 9.99013E-05 9.99013E-05 0.415305 9.99013E-05 9.99013E-05 0.3792 9.99013E-05
9.9865E-05 9.9865E-05 9.9865E-05 9.9865E-05 9.9865E-05 9.9865E-05 9.9865E-05 9.9865E-05 9.9865E-05 9.9865E-05 0.0244772 0.0117253 9.9865E-05 9.9865E-05 0.87762 9.9865E-05 0.0846792 9.9865E-05 9.9865E-05
9.98739E-05 9.98739E-05 0.814739 9.98739E-05 9.98739E-05 9.98739E-05 9.98739E-05 9.98739E-05 9.98739E-05 0.000788516 0.125525 0.0350058 9.98739E-05 9.98739E-05 9.98739E-05 9.98739E-05 9.98739E-05 9.98739E-05 0.0225431
9.98738E-05 0.0339919 9.98738E-05 9.98738E-05 9.98738E-05 0.0176742 9.98738E-05 9.98738E-05 9.98738E-05 0.0409054 9.98738E-05 9.98738E-05 9.98738E-05 9.98738E-05 0.0234438 9.98738E-05 0.882587 9.98738E-05 9.98738E-05
9.98559E-05 9.98559E-05 9.98559E-05 9.98559E-05 9.98559E-05 0.430631 9.98559E-05 9.98559E-05 9.98559E-05 9.98559E-05 9.98559E-05 9.98559E-05 0.557179 9.98559E-05 9.98559E-05 9.98559E-05 9.98559E-05 9.98559E-05 0.0105923
9.98563E-05 9.98563E-05 9.98563E-05 9.98563E-05 9.98563E-05 9.98563E-05 9.98563E-05 9.98563E-05 9.98563E-05 0.00816139 0.00243279 0.987808 9.98563E-05 9.98563E-05 9.98563E-05 9.98563E-05 9.98563E-05 9.98563E-05 9.98563E-05
9.98563E-05 9.98563E-05 9.98563E-05 9.98563E-05 9.98563E-05 9.98563E-05 0.0846515 9.98563E-05 9.98563E-05 9.98563E-05 0.844949 9.98563E-05 9.98563E-05 9.98563E-05 9.98563E-05 9.98563E-05 9.98563E-05 9.98563E-05 0.0688013
9.98382E-05 9.98382E-05 9.98382E-05 9.98382E-05 9.98382E-05 9.98382E-05 0.998203 9.98382E-05 9.98382E-05 9.98382E-05 9.98382E-05 9.98382E-05 9.98382E-05 9.98382E-05 9.98382E-05 9.98382E-05 9.98382E-05 9.98382E-05 9.98382E-05
9.98559E-05 9.98559E-05 9.98559E-05 0.116135 9.98559E-05 9.98559E-05 0.408449 9.98559E-05 9.98559E-05 9.98559E-05 9.98559E-05 0.473819 9.98559E-05 9.98559E-05 9.98559E-05 9.98559E-05 9.98559E-05 9.98559E-05 9.98559E-05
9.98739E-05 9.98739E-05 9.98739E-05 0.0586356 9.98739E-05 9.98739E-05 0.219361 9.98739E-05 9.98739E-05 9.98739E-05 9.98739E-05 0.640504 9.98739E-05 0.00827169 9.98739E-05 9.98739E-05 9.98739E-05 9.98739E-05 0.0718292
9.98382E-05 9.98382E-05 9.98382E-05 9.98382E-05 9.98382E-05 9.98382E-05 9.98382E-05 9.98382E-05 0.998203 9.98382E-05 9.98382E-05 9.98382E-05 9.98382E-05 9.98382E-05 9.98382E-05 9.98382E-05 9.98382E-05 9.98382E-05 9.98382E-05
9.98656E-05 0.0681783 9.98656E-05 9.98656E-05 9.98656E-05 0.632869 9.98656E-05 9.98656E-05 9.98656E-05 9.98656E-05 9.98656E-05 9.98656E-05 0.292306 9.98656E-05 9.98656E-05 0.00514884 9.98656E-05 9.98656E-05 9.98656E-05
0.160083 0.0444978 9.99281E-05 0.0523024 9.99281E-05 0.234341 9.99281E-05 0.0261736 0.0220248 0.0223843 9.99281E-05 0.107883 9.99281E-05 9.99281E-05 0.0961527 9.99281E-05 0.118451 9.99281E-05 0.114906
9.98653E-05 0.132273 9.98653E-05 9.98653E-05 9.98653E-05 9.98653E-05 0.0140609 0.0624657 9.98653E-05 9.98653E-05 9.98653E-05 9.98653E-05 0.789703 9.98653E-05 9.98653E-05 9.98653E-05 9.98653E-05 9.98653E-05 9.98653E-05
0.0211087 9.9892E-05 0.014086 9.9892E-05 9.9892E-05 0.139702 9.9892E-05 9.9892E-05 9.9892E-05 0.0057385 9.9892E-05 9.9892E-05 0.746189 9.9892E-05 0.0141011 9.9892E-05 9.9892E-05 0.0578757 9.9892E-05
9.98471E-05 9.98471E-05 9.98471E-05 9.98471E-05 9.98471E-05 0.972958 9.98471E-05 9.98471E-05 9.98471E-05 9.98471E-05 0.0253442 9.98471E-05 9.98471E-05 9.98471E-05 9.98471E-05 9.98471E-05 9.98471E-05 9.98471E-05 9.98471E-05
9.98474E-05 9.98474E-05 9.98474E-05 9.98474E-05 9.98474E-05 0.997369 9.98474E-05 9.98474E-05 0.000933608 9.98474E-05 9.98474E-05 9.98474E-05 9.98474E-05 9.98474E-05 9.98474E-05 9.98474E-05 9.98474E-05 9.98474E-05 9.98474E-05
9.98833E-05 9.98833E-05 9.98833E-05 0.0314059 9.98833E-05 0.141545 9.98833E-05 0.02771 9.98833E-05 9.98833E-05 9.98833E-05 9.98833E-05 0.539859 9.98833E-05 9.98833E-05 9.98833E-05 0.010811 0.24737 9.98833E-05
0.00256888 9.9865E-05 9.9865E-05 9.9865E-05 9.9865E-05 0.493129 9.9865E-05 0.0259097 9.9865E-05 9.9865E-05 9.9865E-05 9.9865E-05 0.476895 9.9865E-05 9.9865E-05 9.9865E-05 9.9865E-05 9.9865E-05 9.9865E-05
9.98471E-05 9.98471E-05 9.98471E-05 9.98471E-05 9.98471E-05 9.98471E-05 9.98471E-05 0.971052 9.98471E-05 9.98471E-05 9.98471E-05 9.98471E-05 9.98471E-05 9.98471E-05 0.0272505 9.98471E-05 9.98471E-05 9.98471E-05 9.98471E-05
9.98471E-05 9.98471E-05 9.98471E-05 9.98471E-05 9.98471E-05 9.98471E-05 0.0442479 0.954055 9.98471E-05 9.98471E-05 9.98471E-05 9.98471E-05 9.98471E-05 9.98471E-05 9.98471E-05 9.98471E-05 9.98471E-05 9.98471E-05 9.98471E-05
9.98742E-05 0.000493371 9.98742E-05 9.98742E-05 9.98742E-05 0.069777 9.98742E-05 9.98742E-05 9.98742E-05 9.98742E-05 0.00476087 9.98742E-05 0.906609 9.98742E-05 0.016962 9.98742E-05 9.98742E-05 9.98742E-05 9.98742E-05
9.9856E-05 9.9856E-05 9.9856E-05 9.9856E-05 9.9856E-05 9.9856E-05 9.9856E-05 0.00657606 9.9856E-05 9.9856E-05 0.981137 9.9856E-05 9.9856E-05 9.9856E-05 0.0106894 9.9856E-05 9.9856E-05 9.9856E-05 9.9856E-05
9.98471E-05 9.98471E-05 9.98471E-05 9.98471E-05 9.98471E-05 9.98471E-05 9.98471E-05 9.98471E-05 9.98471E-05 9.98471E-05 0.982714 9.98471E-05 9.98471E-05 9.98471E-05 0.0155885 9.98471E-05 9.98471E-05 9.98471E-05 9.98471E-05
9.98383E-05 9.98383E-05 9.98383E-05 9.98383E-05 9.98383E-05 9.98383E-05 9.98383E-05 9.98383E-05 9.98383E-05 9.98383E-05 9.98383E-05 9.98383E-05 9.98383E-05 9.98383E-05 9.98383E-05 0.998203 9.98383E-05 9.98383E-05 9.98383E-05
9.98473E-05 9.98473E-05 9.98473E-05 9.98473E-05 9.98473E-05 9.98473E-05 9.98473E-05 9.98473E-05 9.98473E-05 9.98473E-05 9.98473E-05 0.0131971 9.98473E-05 9.98473E-05 9.98473E-05 0.985105 9.98473E-05 9.98473E-05 9.98473E-05
9.98649E-05 9.98649E-05 9.98649E-05 0.874949 9.98649E-05 9.98649E-05 0.0342946 9.98649E-05 9.98649E-05 9.98649E-05 0.0386216 9.98649E-05 9.98649E-05 9.98649E-05 9.98649E-05 9.98649E-05 0.0506365 9.98649E-05 9.98649E-05
9.9874E-05 9.9874E-05 0.0188742 0.844345 9.9874E-05 0.00848817 0.065025 9.9874E-05 9.9874E-05 9.9874E-05 0.0618696 9.9874E-05 9.9874E-05 9.9874E-05 9.9874E-05 9.9874E-05 9.9874E-05 9.9874E-05 9.9874E-05
9.98474E-05 9.98474E-05 9.98474E-05 9.98474E-05 9.98474E-05 9.98474E-05 9.98474E-05 0.0163978 9.98474E-05 9.98474E-05 9.98474E-05 9.98474E-05 9.98474E-05 9.98474E-05 9.98474E-05 0.981905 9.98474E-05 9.98474E-05 9.98474E-05
9.98383E-05 9.98383E-05 9.98383E-05 9.98383E-05 9.98383E-05 9.98383E-05 9.98383E-05 9.98383E-05 9.98383E-05 9.98383E-05 9.98383E-05 9.98383E-05 9.98383E-05 9.98383E-05 9.98383E-05 0.998203 9.98383E-05 9.98383E-05 9.98383E-05
9.98649E-05 9.98649E-05 0.955022 9.98649E-05 9.98649E-05 9.98649E-05 0.0386443 9.98649E-05 9.98649E-05 9.98649E-05 9.98649E-05 9.98649E-05 9.98649E-05 0.000820217 0.00401581 9.98649E-05 9.98649E-05 9.98649E-05 9.98649E-05
9.99098E-05 9.99098E-05 0.0660223 0.141438 0.0134114 9.99098E-05 0.150138 9.99098E-05 9.99098E-05 0.147312 0.362075 9.99098E-05 9.99098E-05 0.0651262 9.99098E-05 9.99098E-05 0.0332246 9.99098E-05 0.0202533
9.9856E-05 9.9856E-05 9.9856E-05 9.9856E-05 9.9856E-05 9.9856E-05 9.9856E-05 9.9856E-05 9.9856E-05 0.0359151 9.9856E-05 9.9856E-05 9.9856E-05 9.9856E-05 0.0474466 9.9856E-05 0.915041 9.9856E-05 9.9856E-05
9.9838E-05 9.9838E-05 9.9838E-05 9.9838E-05 9.9838E-05 9.9838E-05 9.9838E-05 9.9838E-05 9.9838E-05 9.9838E-05 9.9838E-05 9.9838E-05 9.9838E-05 9.9838E-05 9.9838E-05 9.9838E-05 9.9838E-05 9.9838E-05 0.998203
0.0525718 9.98831E-05 0.0402682 9.98831E-05 9.98831E-05 9.98831E-05 9.98831E-05 9.98831E-05 9.98831E-05 9.98831E-05 9.98831E-05 0.0855507 9.98831E-05 0.00545485 9.98831E-05 0.0129132 9.98831E-05 9.98831E-05 0.801943
9.98381E-05 9.98381E-05 9.98381E-05 9.98381E-05 9.98381E-05 9.98381E-05 9.98381E-05 9.98381E-05 9.98381E-05 9.98381E-05 9.98381E-05 9.98381E-05 9.98381E-05 9.98381E-05 9.98381E-05 9.98381E-05 9.98381E-05 0.998203 9.98381E-05
