0.0317066 9.9982E-05 0.00500136 0.963092 9.9982E-05
0.0161261 0.30996 0.317107 0.356707 9.9991E-05
0.0624361 0.810091 0.0855299 9.99911E-05 0.0418435
0.0315886 0.968111 9.9973E-05 9.9973E-05 9.9973E-05
0.047309 0.460979 0.289063 0.202549 9.9991E-05
0.00994822 0.989752 9.9973E-05 9.9973E-05 9.9973E-05
9.99821E-05 0.014843 0.393646 0.591311 9.99821E-05
0.0238128 0.407251 0.504086 0.0647496 9.9991E-05
9.99821E-05 0.00628047 0.447057 0.546463 9.99821E-05
0.119237 9.9982E-05 0.161593 0.71897 9.9982E-05
0.134399 9.9982E-05 0.139788 0.725613 9.9982E-05
0.120375 0.0477252 9.9982E-05 0.8317 9.9982E-05
9.99732E-05 0.0867946 9.99732E-05 0.912905 9.99732E-05
9.9973E-05 0.961767 9.9973E-05 9.9973E-05 0.0379327
0.00319992 0.9649 9.9991E-05 0.00987288 0.021927
0.0411831 0.0274331 0.0367635 0.89452 9.9991E-05
0.419303 0.0149143 9.9991E-05 0.494621 0.0710623
9.9982E-05 9.9982E-05 0.065533 0.208641 0.725626
0.098808 9.9973E-05 9.9973E-05 9.9973E-05 0.900892
0.153816 9.9982E-05 0.0108143 0.835169 9.9982E-05
9.997E-05 9.997E-05 9.997E-05 9.997E-05 0.9996
0.0603383 9.9973E-05 9.9973E-05 0.939362 9.9973E-05
0.414467 9.9991E-05 0.0830987 0.061502 0.440832
0.0874516 9.9973E-05 9.9973E-05 9.9973E-05 0.912248
9.9973E-05 0.99911 0.000589698 9.9973E-05 9.9973E-05
9.997E-05 0.9996 9.997E-05 9.997E-05 9.997E-05
0.0878988 9.9973E-05 9.9973E-05 0.911801 9.9973E-05
9.9973E-05 0.902334 0.0973662 9.9973E-05 9.9973E-05
9.9973E-05 0.911288 0.0884119 9.9973E-05 9.9973E-05
0.0210724 0.651657 0.30361 9.9991E-05 0.02356
0.0617912 0.623713 0.314296 9.9982E-05 9.9982E-05
9.99821E-05 0.0924625 0.632269 0.275068 9.99821E-05
9.997E-05 0.9996 9.997E-05 9.997E-05 9.997E-05
9.9973E-05 0.0867585 0.912942 9.9973E-05 9.9973E-05
0.225399 0.0701164 9.9982E-05 0.704284 9.9982E-05
9.9973E-05 0.997445 9.9973E-05 0.00225544 9.9973E-05
0.0219398 0.0952392 9.99821E-05 0.882621 9.99821E-05
0.0531998 9.9991E-05 0.208789 0.702891 0.0350205
0.42712 0.129415 9.9991E-05 0.385087 0.0582773
0.0804769 0.138844 9.99819E-05 0.780479 9.99819E-05
0.0929614 0.0937562 9.9991E-05 0.795835 0.0173474
0.0951418 9.9991E-05 0.0565098 0.815664 0.0325849
9.9982E-05 0.000209471 0.0709415 0.928649 9.9982E-05
0.138484 9.9991E-05 0.0689422 0.782205 0.0102694
0.194953 9.9991E-05 0.023393 0.671141 0.110413
0.108835 0.0517295 0.0772278 0.703199 0.0590087
0.14236 0.119168 0.0828483 0.649451 0.00617341
9.99822E-05 0.00739071 9.99822E-05 0.96026 0.0321491
9.997E-05 9.997E-05 0.9996 9.997E-05 9.997E-05
0.00381188 9.99729E-05 0.995888 9.99729E-05 9.99729E-05
9.997E-05 9.997E-05 0.9996 9.997E-05 9.997E-05
9.997E-05 9.997E-05 0.9996 9.997E-05 9.997E-05
9.997E-05 9.997E-05 0.9996 9.997E-05 9.997E-05
0.0178903 0.210432 0.676469 0.0460689 0.0491403
9.997E-05 9.997E-05 0.9996 9.997E-05 9.997E-05
9.997E-05 9.997E-05 9.997E-05 0.9996 9.997E-05
9.9982E-05 0.0710042 0.599216 0.32958 9.9982E-05
9.997E-05 0.9996 9.997E-05 9.997E-05 9.997E-05
0.0271541 0.00199627 9.99821E-05 0.97065 9.99821E-05
0.0198922 0.0927447 9.9982E-05 0.887163 9.9982E-05
9.99732E-05 9.99732E-05 9.99732E-05 0.990445 0.00925472
9.9973E-05 0.00427521 9.9973E-05 0.995425 9.9973E-05
0.0642557 9.9982E-05 9.9982E-05 0.924057 0.0114874
9.99821E-05 9.99821E-05 0.0181425 0.0447133 0.936944
9.997E-05 0.9996 9.997E-05 9.997E-05 9.997E-05
0.0773696 0.363062 0.126625 0.393145 0.0397978
9.99821E-05 0.963143 0.00236362 0.0342934 9.99821E-05
9.9973E-05 0.980967 0.0187333 9.9973E-05 9.9973E-05
9.9982E-05 0.924459 0.0651205 0.010221 9.9982E-05
9.9982E-05 0.927568 0.0651964 9.9982E-05 0.00703577
9.9982E-05 0.924172 0.0461987 0.0294294 9.9982E-05
9.997E-05 0.9996 9.997E-05 9.997E-05 9.997E-05
9.99732E-05 0.462741 0.536959 9.99732E-05 9.99732E-05
9.99911E-05 0.506403 0.397747 0.07235 0.0233994
9.9991E-05 0.947701 0.035715 0.0160659 0.000418105
0.08602 0.0581949 0.108661 0.747024 9.9991E-05
0.0775287 0.0645535 0.112694 0.745124 9.9991E-05
0.9996 9.997E-05 9.997E-05 9.997E-05 9.997E-05
0.9996 9.997E-05 9.997E-05 9.997E-05 9.997E-05
0.0846087 9.99819E-05 0.15415 0.761041 9.99819E-05
0.0527318 9.9991E-05 0.118202 0.820707 0.00825913
0.9996 9.997E-05 9.997E-05 9.997E-05 9.997E-05
0.9996 9.997E-05 9.997E-05 9.997E-05 9.997E-05
9.997E-05 9.997E-05 9.997E-05 0.9996 9.997E-05
0.0256514 9.9991E-05 0.047135 0.866159 0.0609545
9.9982E-05 0.0450273 0.642335 0.312437 9.9982E-05
0.318311 0.0858725 9.9991E-05 0.483871 0.111845
0.346164 9.99821E-05 9.99821E-05 0.56809 0.0855457
0.0103467 0.555918 0.389061 9.9991E-05 0.0445747
