0.951118 9.9982E-05 9.9982E-05 0.00145126 0.0472304
0.367163 9.9991E-05 0.311871 0.296863 0.0240028
9.999E-05 0.0459592 0.841011 0.0381782 0.0747518
9.9973E-05 9.9973E-05 0.982895 9.9973E-05 0.0168046
0.237558 9.9991E-05 0.492082 0.258032 0.0122278
9.997E-05 9.997E-05 0.9996 9.997E-05 9.997E-05
0.617459 9.99821E-05 0.0911434 0.291198 9.99821E-05
0.0701091 9.9991E-05 0.421552 0.472723 0.0355151
0.544252 9.99821E-05 0.0272883 0.42826 9.99821E-05
0.752992 9.9982E-05 9.9982E-05 0.148115 0.0986924
0.784641 9.9982E-05 9.9982E-05 0.0946556 0.120503
0.789668 9.9982E-05 0.0554997 9.9982E-05 0.154632
0.90245 0.0153313 0.0820192 9.99821E-05 9.99821E-05
9.9982E-05 0.0271412 0.955992 9.9982E-05 0.0166673
0.0309289 0.00947969 0.959391 9.9982E-05 9.9982E-05
0.894892 9.9991E-05 0.0138772 0.0804368 0.0106937
0.534993 0.0716906 9.9982E-05 9.9982E-05 0.393116
0.220207 0.706219 9.9991E-05 0.0733113 0.000162789
9.9973E-05 0.900309 9.9973E-05 9.9973E-05 0.0993909
0.815296 9.9982E-05 9.9982E-05 0.0151084 0.169396
9.997E-05 0.9996 9.997E-05 9.997E-05 9.997E-05
0.924322 9.9973E-05 9.9973E-05 9.9973E-05 0.0753785
0.100907 0.422286 9.9991E-05 0.074451 0.402256
9.9973E-05 0.872091 9.9973E-05 9.9973E-05 0.127609
9.9973E-05 9.9973E-05 0.940375 0.0593249 9.9973E-05
9.997E-05 9.997E-05 0.9996 9.997E-05 9.997E-05
0.944345 9.9973E-05 9.9973E-05 9.9973E-05 0.0553546
9.9973E-05 9.9973E-05 0.924235 0.0754646 9.9973E-05
9.9973E-05 9.9973E-05 0.91383 0.0858696 9.9973E-05
0.00254399 0.0156413 0.720297 0.246579 0.0149389
9.9982E-05 9.9982E-05 0.666838 0.296189 0.0367722
0.24536 9.99911E-05 0.0937645 0.656616 0.00415981
9.997E-05 9.997E-05 0.9996 9.997E-05 9.997E-05
9.9973E-05 9.9973E-05 0.08397 0.91573 9.9973E-05
0.690442 9.9982E-05 0.0610348 9.9982E-05 0.248323
0.00983165 9.99729E-05 0.989868 9.99729E-05 9.99729E-05
0.899389 9.99821E-05 0.0669453 9.99821E-05 0.033466
0.733998 0.0272168 0.040416 0.175786 0.0225828
0.370655 0.0519021 0.131226 9.9991E-05 0.446117
0.821146 9.9982E-05 0.128671 9.9982E-05 0.0499832
0.80718 0.00643402 0.104992 0.000606114 0.0807879
0.868619 9.9982E-05 9.9982E-05 0.032629 0.098552
0.938612 9.9973E-05 9.9973E-05 0.0610881 9.9973E-05
0.800657 9.9982E-05 9.9982E-05 0.0763276 0.122815
0.652972 0.11593 9.9991E-05 0.0272795 0.203718
0.74278 0.0543492 0.0545082 0.0894894 0.0588737
0.712195 9.9991E-05 0.0817516 0.0832733 0.12268
0.95783 0.0418696 9.99733E-05 9.99733E-05 9.99733E-05
9.997E-05 9.997E-05 9.997E-05 0.9996 9.997E-05
9.997E-05 9.997E-05 9.997E-05 0.9996 9.997E-05
9.997E-05 9.997E-05 9.997E-05 0.9996 9.997E-05
9.997E-05 9.997E-05 9.997E-05 0.9996 9.997E-05
9.997E-05 9.997E-05 9.997E-05 0.9996 9.997E-05
0.0901791 0.0529733 0.235064 0.621683 9.9991E-05
9.997E-05 9.997E-05 9.997E-05 0.9996 9.997E-05
0.9996 9.997E-05 9.997E-05 9.997E-05 9.997E-05
0.288542 9.9982E-05 0.116167 0.59509 9.9982E-05
9.997E-05 9.997E-05 0.9996 9.997E-05 9.997E-05
0.950628 9.99731E-05 9.99731E-05 9.99731E-05 0.049072
0.889643 9.9982E-05 0.0794951 9.9982E-05 0.0306619
0.976925 0.0227754 9.99732E-05 9.99732E-05 9.99732E-05
0.9996 9.997E-05 9.997E-05 9.997E-05 9.997E-05
0.935289 0.010385 9.9982E-05 9.9982E-05 0.0541259
0.0488867 0.950813 9.99731E-05 9.99731E-05 9.99731E-05
9.997E-05 9.997E-05 0.9996 9.997E-05 9.997E-05
0.325447 0.0285334 0.325506 0.236166 0.0843476
0.0210971 9.99821E-05 0.951412 0.0272912 9.99821E-05
0.0286281 9.9982E-05 0.969847 0.00132484 9.9982E-05
0.0198254 9.9982E-05 0.913908 0.066067 9.9982E-05
9.9982E-05 0.0117393 0.912636 0.075425 9.9982E-05
0.0413217 9.9991E-05 0.942027 0.00143489 0.015116
9.9973E-05 9.9973E-05 0.990845 9.9973E-05 0.00885501
0.00563702 9.99821E-05 0.521133 0.47303 9.99821E-05
0.0623898 0.0141522 0.539177 0.384181 9.99911E-05
0.0293611 9.9982E-05 0.956503 9.9982E-05 0.013936
0.714324 9.9991E-05 0.0923157 0.132467 0.0607937
0.77243 9.9991E-05 0.0506063 0.136728 0.0401358
9.997E-05 9.997E-05 9.997E-05 9.997E-05 0.9996
9.997E-05 9.997E-05 9.997E-05 9.997E-05 0.9996
0.811411 9.99819E-05 9.99819E-05 0.123728 0.064661
0.814764 0.00771654 9.9991E-05 0.113957 0.0634623
9.997E-05 9.997E-05 9.997E-05 9.997E-05 0.9996
9.997E-05 9.997E-05 9.997E-05 9.997E-05 0.9996
0.9996 9.997E-05 9.997E-05 9.997E-05 9.997E-05
0.900166 0.0511139 0.0248782 0.0237417 9.9991E-05
0.2855 9.9982E-05 0.0897419 0.624558 9.9982E-05
0.559088 0.126857 0.0656091 9.9991E-05 0.248347
0.595374 0.0969878 9.99821E-05 9.99821E-05 0.307439
9.9991E-05 0.0714715 0.632699 0.286725 0.00900398
