9.999E-05 9.999E-05 0.9998
9.999E-05 0.520317 0.479583
0.0382525 0.900403 0.0613441
9.999E-05 0.9998 9.999E-05
9.9991E-05 0.697683 0.302217
9.999E-05 0.9998 9.999E-05
9.999E-05 0.333874 0.666026
9.999E-05 0.793229 0.206671
9.9991E-05 0.372053 0.627847
9.9991E-05 0.0294576 0.970442
9.9991E-05 0.0167078 0.983192
9.9991E-05 0.0331171 0.966783
9.99911E-05 0.0363957 0.963504
0.0137179 0.986182 9.9991E-05
9.9991E-05 0.993508 0.00639249
9.9991E-05 0.0411133 0.958787
0.176096 0.036942 0.786963
0.709976 0.0223347 0.267689
0.9998 9.999E-05 9.999E-05
9.999E-05 9.999E-05 0.9998
0.9998 9.999E-05 9.999E-05
9.999E-05 9.999E-05 0.9998
0.520678 0.0922433 0.387078
0.983375 9.9991E-05 0.0165247
9.999E-05 0.9998 9.999E-05
9.999E-05 0.9998 9.999E-05
9.999E-05 9.999E-05 0.9998
9.999E-05 0.9998 9.999E-05
9.999E-05 0.9998 9.999E-05
0.0608352 0.939065 9.9991E-05
0.0444599 0.936146 0.0193938
9.9991E-05 0.561679 0.438221
9.999E-05 0.9998 9.999E-05
9.9991E-05 0.834351 0.165549
9.9991E-05 0.0474152 0.952485
9.9991E-05 0.98579 0.0141103
9.9991E-05 0.04078 0.95912
9.9991E-05 0.176905 0.822995
0.141303 0.18623 0.672468
9.9991E-05 0.110573 0.889327
0.0148073 0.0899867 0.895206
0.00821792 9.9991E-05 0.991682
9.9991E-05 0.0222652 0.977635
9.999E-05 9.999E-05 0.9998
0.148436 9.9991E-05 0.851464
0.050229 0.11251 0.837261
9.9991E-05 0.180396 0.819504
0.00723367 9.99911E-05 0.992666
0.0416094 0.812765 0.145625
0.0367494 0.807299 0.155952
0.0246106 0.836176 0.139213
0.0321185 0.830605 0.137277
0.00677898 0.855324 0.137897
0.0285656 0.773699 0.197735
0.00545468 0.784127 0.210418
9.999E-05 9.999E-05 0.9998
9.9991E-05 0.551539 0.448361
9.999E-05 0.9998 9.999E-05
9.999E-05 9.999E-05 0.9998
9.9991E-05 0.0433301 0.95657
9.999E-05 9.999E-05 0.9998
9.999E-05 9.999E-05 0.9998
0.00646137 9.9991E-05 0.993439
0.921548 0.0201887 0.058263
9.999E-05 0.9998 9.999E-05
0.0943628 0.448048 0.457589
9.999E-05 0.9998 9.999E-05
9.9991E-05 0.995331 0.00456861
9.999E-05 0.9998 9.999E-05
9.999E-05 0.9998 9.999E-05
9.9991E-05 0.960479 0.0394215
9.999E-05 0.9998 9.999E-05
9.99911E-05 0.947293 0.0526068
0.0113186 0.887981 0.1007
9.999E-05 0.9998 9.999E-05
9.9991E-05 0.154118 0.845782
9.9991E-05 0.127383 0.872517
0.262187 0.103338 0.634475
0.260022 0.122038 0.61794
9.9991E-05 0.0623444 0.937556
9.9991E-05 0.019131 0.980769
0.228521 0.123935 0.647544
0.253941 0.117101 0.628958
9.999E-05 9.999E-05 0.9998
0.0257049 0.017907 0.956388
9.9991E-05 0.59559 0.40431
0.196586 0.0782764 0.725137
0.158296 9.9991E-05 0.841604
0.0571269 0.942773 9.9991E-05
