9.9982E-05 0.00525458 9.9982E-05 0.994545
0.301568 0.323569 9.9991E-05 0.374763
0.848821 0.0201038 0.0678821 0.0631933
0.9997 9.998E-05 9.998E-05 9.998E-05
0.449155 0.307561 9.9991E-05 0.243184
0.9997 9.998E-05 9.998E-05 9.998E-05
0.0423265 0.41121 9.99911E-05 0.546363
0.457917 0.460085 9.9991E-05 0.0818981
9.99821E-05 0.496441 9.99821E-05 0.503359
9.9982E-05 0.180672 9.9982E-05 0.819128
9.9982E-05 0.152463 9.9982E-05 0.847337
0.0709926 9.9982E-05 9.9982E-05 0.928807
0.0681867 9.99821E-05 9.99821E-05 0.931613
0.98325 9.9991E-05 0.0121704 0.00448004
0.979067 9.9991E-05 0.0091856 0.0116472
9.9982E-05 0.070866 9.9982E-05 0.928934
0.0533298 9.9991E-05 0.148152 0.798418
9.9991E-05 0.109696 0.74534 0.144864
9.998E-05 9.998E-05 0.9997 9.998E-05
9.9982E-05 0.0202143 9.9982E-05 0.979586
9.998E-05 9.998E-05 0.9997 9.998E-05
0.0028682 0.0251705 9.9991E-05 0.971861
0.0593488 0.0561903 0.556982 0.327479
9.998E-05 9.998E-05 0.9997 9.998E-05
0.9997 9.998E-05 9.998E-05 9.998E-05
0.9997 9.998E-05 9.998E-05 9.998E-05
9.998E-05 9.998E-05 9.998E-05 0.9997
0.92851 0.0712896 9.9982E-05 9.9982E-05
0.935375 0.0644254 9.9982E-05 9.9982E-05
0.703221 0.265358 0.031321 9.9991E-05
0.64099 0.337555 0.0213551 9.9991E-05
0.088941 0.662086 9.9991E-05 0.248873
0.9997 9.998E-05 9.998E-05 9.998E-05
0.106363 0.893437 9.9982E-05 9.9982E-05
0.0915245 9.9982E-05 9.9982E-05 0.908276
0.975419 9.9982E-05 9.9982E-05 0.0243806
0.0778442 9.99821E-05 9.99821E-05 0.921956
0.0186056 0.227881 0.0299487 0.723565
0.185359 9.9991E-05 0.154398 0.660143
0.159862 9.9982E-05 9.9982E-05 0.839938
0.098573 0.0160244 0.0055304 0.879872
9.9991E-05 0.042517 0.014747 0.942636
9.9982E-05 0.077449 9.9982E-05 0.922351
9.9982E-05 0.102793 9.9982E-05 0.897007
9.9991E-05 0.0665382 0.162746 0.770616
0.0553559 0.0947987 0.0444673 0.805378
0.149759 0.0657238 9.9991E-05 0.784417
9.99911E-05 0.0176867 0.0420019 0.940211
9.998E-05 0.9997 9.998E-05 9.998E-05
9.998E-05 0.9997 9.998E-05 9.998E-05
9.998E-05 0.9997 9.998E-05 9.998E-05
9.998E-05 0.9997 9.998E-05 9.998E-05
9.998E-05 0.9997 9.998E-05 9.998E-05
0.264719 0.635481 0.059432 0.0403676
9.998E-05 0.9997 9.998E-05 9.998E-05
9.998E-05 9.998E-05 9.998E-05 0.9997
0.112658 0.606835 9.9991E-05 0.280407
0.9997 9.998E-05 9.998E-05 9.998E-05
9.998E-05 9.998E-05 9.998E-05 0.9997
0.0624026 9.9982E-05 9.9982E-05 0.937397
9.998E-05 9.998E-05 9.998E-05 0.9997
0.00975715 9.9982E-05 9.9982E-05 0.990043
9.9982E-05 9.9982E-05 0.00301463 0.996785
9.9991E-05 0.0367171 0.914452 0.0487305
0.9997 9.998E-05 9.998E-05 9.998E-05
0.261929 0.214995 0.073314 0.449762
0.9997 9.998E-05 9.998E-05 9.998E-05
0.998842 0.000958291 9.9982E-05 9.9982E-05
0.921289 0.0711389 9.9991E-05 0.00747253
0.935833 0.0639669 9.9982E-05 9.9982E-05
0.908635 0.0215365 9.9991E-05 0.0697284
0.9997 9.998E-05 9.998E-05 9.998E-05
0.507923 0.491877 9.99821E-05 9.99821E-05
0.52673 0.380621 0.0120568 0.0805923
0.987152 0.0126485 9.9982E-05 9.9982E-05
0.0700753 0.13369 9.9991E-05 0.796135
0.053935 0.153158 9.9991E-05 0.792807
0.120266 9.9991E-05 0.215523 0.664111
0.12846 9.9991E-05 0.22753 0.64391
9.99819E-05 0.144304 9.99819E-05 0.855496
9.99819E-05 0.144546 9.99819E-05 0.855254
0.103174 0.0224296 0.209169 0.665228
0.140414 9.9991E-05 0.241026 0.618461
9.9982E-05 0.0593792 9.9982E-05 0.940421
9.9991E-05 0.0708807 0.0400798 0.888939
0.0969231 0.649579 9.9991E-05 0.253398
0.0799113 9.9991E-05 0.183032 0.736957
0.0219146 9.9991E-05 0.133472 0.844513
0.602647 0.331119 0.0661339 9.9991E-05
