9.9973E-05 9.9973E-05 0.991854 9.9973E-05 0.00784629
0.266559 0.332579 0.390022 9.9991E-05 0.0107401
0.0721896 0.797455 9.99911E-05 0.021624 0.108631
9.9973E-05 0.971234 9.9973E-05 9.9973E-05 0.0284658
0.304844 0.453703 0.226 9.9991E-05 0.0153529
9.9973E-05 0.992981 9.9973E-05 9.9973E-05 0.00671944
0.368496 0.0603672 0.570937 9.99821E-05 9.99821E-05
0.515057 0.397146 0.0571832 9.9991E-05 0.0305142
0.383095 0.0635775 0.553128 9.99821E-05 9.99821E-05
0.161345 9.9982E-05 0.711966 9.9982E-05 0.126489
0.128028 9.9982E-05 0.764025 9.9982E-05 0.107746
9.9982E-05 0.0552951 0.803925 9.9982E-05 0.14058
9.99732E-05 0.0581389 0.941561 9.99732E-05 9.99732E-05
9.9982E-05 0.971219 9.9982E-05 0.0221542 0.00642712
9.9982E-05 0.963167 0.0233386 0.0132944 9.9982E-05
0.0359087 0.0401855 0.896875 9.9991E-05 0.0269312
9.999E-05 0.00956408 0.529318 0.0844849 0.376533
0.0882679 9.9982E-05 0.172089 0.739443 9.9982E-05
9.9973E-05 9.9973E-05 9.9973E-05 0.907701 0.0919995
0.0363946 9.9982E-05 0.812143 9.9982E-05 0.151262
9.997E-05 9.997E-05 9.997E-05 0.9996 9.997E-05
9.9982E-05 0.0176659 0.952839 9.9982E-05 0.0292955
0.0704578 9.9991E-05 0.0978628 0.432838 0.398742
9.9973E-05 9.9973E-05 9.9973E-05 0.919943 0.0797575
9.997E-05 0.9996 9.997E-05 9.997E-05 9.997E-05
9.997E-05 0.9996 9.997E-05 9.997E-05 9.997E-05
9.9973E-05 9.9973E-05 0.913613 9.9973E-05 0.0860873
0.0346667 0.965033 9.9973E-05 9.9973E-05 9.9973E-05
0.0787556 0.920944 9.9973E-05 9.9973E-05 9.9973E-05
0.247721 0.721332 0.00771094 0.00812278 0.0151135
0.268031 0.673215 9.9982E-05 9.9982E-05 0.0585541
0.626168 0.0844266 0.286558 0.00274752 9.9991E-05
9.997E-05 0.9996 9.997E-05 9.997E-05 9.997E-05
0.947649 0.0347188 9.9982E-05 9.9982E-05 0.0174323
9.9982E-05 0.0939977 0.655582 9.9982E-05 0.25022
9.9982E-05 0.957601 0.0273522 9.9982E-05 0.0148465
9.99821E-05 0.0784979 0.915168 9.99821E-05 0.00613393
0.242574 0.00160783 0.698268 0.0395338 0.0180164
9.9991E-05 0.159789 0.338421 0.0987472 0.402943
9.9991E-05 0.132648 0.798194 0.00334158 0.0657162
9.9991E-05 0.107045 0.813709 0.00565734 0.0734896
0.0377513 9.9991E-05 0.836274 0.0232326 0.102643
0.0787155 9.9973E-05 0.920985 9.9973E-05 9.9973E-05
0.085626 9.9991E-05 0.776563 0.00720324 0.130508
0.0351444 9.9991E-05 0.642955 0.122674 0.199127
0.0989123 0.049518 0.676971 0.0661474 0.108451
0.037472 0.138226 0.685621 9.9991E-05 0.13858
0.0183365 0.000497063 0.927998 0.0530681 9.99911E-05
0.9996 9.997E-05 9.997E-05 9.997E-05 9.997E-05
0.9996 9.997E-05 9.997E-05 9.997E-05 9.997E-05
0.9996 9.997E-05 9.997E-05 9.997E-05 9.997E-05
0.9996 9.997E-05 9.997E-05 9.997E-05 9.997E-05
0.9996 9.997E-05 9.997E-05 9.997E-05 9.997E-05
0.630642 0.232267 0.106117 0.030874 9.9991E-05
0.998358 9.99729E-05 0.0013419 9.99729E-05 9.99729E-05
9.997E-05 9.997E-05 0.9996 9.997E-05 9.997E-05
0.567902 0.10208 0.326408 9.9991E-05 0.00351112
9.997E-05 0.9996 9.997E-05 9.997E-05 9.997E-05
9.99821E-05 0.00404327 0.955761 9.99821E-05 0.0399962
9.9973E-05 0.0777082 0.921992 9.9973E-05 9.9973E-05
9.99732E-05 9.99732E-05 0.98434 0.0153606 9.99732E-05
9.99731E-05 0.00313324 0.996567 9.99731E-05 9.99731E-05
9.9982E-05 9.9982E-05 0.918288 0.0105644 0.0709476
0.0245379 9.9982E-05 0.0968622 0.8784 9.9982E-05
9.997E-05 0.9996 9.997E-05 9.997E-05 9.997E-05
0.181278 0.266285 0.465076 0.0232228 0.0641381
9.99731E-05 0.993168 0.0065325 9.99731E-05 9.99731E-05
0.0166985 0.968159 0.0149429 9.9982E-05 9.9982E-05
0.0803177 0.919382 9.9973E-05 9.9973E-05 9.9973E-05
0.0530188 0.928684 9.9982E-05 0.0180973 9.9982E-05
9.9982E-05 0.914575 0.045371 9.9982E-05 0.0398536
0.0199099 0.971709 0.0041409 9.9991E-05 0.00413978
0.514688 0.485012 9.99732E-05 9.99732E-05 9.99732E-05
0.362071 0.519616 0.103293 0.0149204 9.99911E-05
9.9973E-05 0.985505 9.9973E-05 9.9973E-05 0.0141953
0.116537 0.0495016 0.769312 9.9991E-05 0.0645495
0.147779 0.0195568 0.783315 9.9991E-05 0.0492495
9.997E-05 9.997E-05 9.997E-05 9.997E-05 0.9996
9.997E-05 9.997E-05 9.997E-05 9.997E-05 0.9996
0.134082 9.99819E-05 0.777317 9.99819E-05 0.0884006
0.108647 9.9991E-05 0.831375 0.0115452 0.0483328
0.00226385 9.9973E-05 9.9973E-05 9.9973E-05 0.997436
9.997E-05 9.997E-05 9.997E-05 9.997E-05 0.9996
0.025733 9.9973E-05 0.973967 9.9973E-05 9.9973E-05
0.0518172 0.0226258 0.864054 0.0614029 9.9991E-05
0.650312 0.047365 0.302123 9.9982E-05 9.9982E-05
9.9991E-05 0.0643853 0.487663 0.135803 0.312049
9.99821E-05 9.99821E-05 0.58924 0.0873736 0.323186
0.31775 0.607853 9.9991E-05 0.0355287 0.038768
