0.966824 9.9991E-05 0.0330755
0.349579 0.310651 0.33977
0.0963158 0.847621 0.0560632
9.999E-05 0.9998 9.999E-05
0.218013 0.404919 0.377068
9.999E-05 0.9998 9.999E-05
0.491765 0.0225497 0.485686
0.0707622 0.408697 0.520541
0.435961 0.00112044 0.562918
0.808114 9.9991E-05 0.191786
0.82978 9.9991E-05 0.17012
0.882538 0.117362 9.9991E-05
0.900248 0.0996517 9.9991E-05
0.01102 0.98888 9.9991E-05
0.0254935 0.974407 9.9991E-05
0.89303 0.0278943 0.0790757
0.963215 0.0366846 9.9991E-05
0.964724 9.99911E-05 0.0351761
0.9998 9.999E-05 9.999E-05
0.941989 9.9991E-05 0.0579112
0.9998 9.999E-05 9.999E-05
0.937276 0.0484675 0.014257
0.920193 0.0277445 0.0520624
0.9998 9.999E-05 9.999E-05
9.999E-05 0.9998 9.999E-05
9.999E-05 0.9998 9.999E-05
0.9998 9.999E-05 9.999E-05
9.9991E-05 0.90513 0.0947703
9.9991E-05 0.917779 0.0821206
0.00314585 0.712327 0.284528
0.00921872 0.625024 0.365758
0.235168 0.0759072 0.688925
9.999E-05 0.9998 9.999E-05
9.9991E-05 0.0873113 0.912589
0.885279 0.114621 9.9991E-05
9.999E-05 0.9998 9.999E-05
0.87834 0.12156 9.9991E-05
0.725012 0.0417967 0.233191
0.80618 0.19372 9.9991E-05
0.817702 0.182198 9.99909E-05
0.848612 0.111267 0.0401205
0.927314 9.99909E-05 0.0725859
0.867529 9.9991E-05 0.132371
0.873058 9.9991E-05 0.126842
0.893717 9.9991E-05 0.106183
0.846041 0.0769733 0.0769852
0.769862 0.106175 0.123963
0.95378 9.99911E-05 0.0461202
9.999E-05 9.999E-05 0.9998
9.999E-05 9.999E-05 0.9998
9.999E-05 9.999E-05 0.9998
9.999E-05 9.999E-05 0.9998
9.999E-05 9.999E-05 0.9998
0.137991 0.245316 0.616692
9.999E-05 9.999E-05 0.9998
0.964047 9.9991E-05 0.0358531
0.286788 0.129243 0.583968
9.999E-05 0.9998 9.999E-05
0.960545 0.0208694 0.0185851
0.845586 0.089361 0.0650527
0.972 0.00930233 0.0186976
0.972752 0.0271476 9.9991E-05
0.9998 9.999E-05 9.999E-05
0.9998 9.999E-05 9.999E-05
9.999E-05 0.9998 9.999E-05
0.474465 0.233563 0.291973
9.999E-05 0.9998 9.999E-05
0.000282083 0.97312 0.0265977
9.9991E-05 0.908791 0.0911089
9.9991E-05 0.939501 0.0603987
9.9991E-05 0.952457 0.0474433
9.999E-05 0.9998 9.999E-05
9.99911E-05 0.466075 0.533825
0.0191841 0.504305 0.47651
0.00115045 0.974583 0.0242663
0.741169 0.101058 0.157774
0.75708 0.0435698 0.19935
0.867652 0.132248 9.9991E-05
0.866436 0.133464 9.9991E-05
0.834284 9.99909E-05 0.165616
0.866861 9.99909E-05 0.133039
0.825249 0.172984 0.00176774
0.873224 0.126676 9.9991E-05
0.902713 9.9991E-05 0.0971874
0.902847 9.9991E-05 0.0970525
0.255084 0.0427084 0.702208
0.898819 0.101081 9.9991E-05
0.953925 0.0459747 9.9991E-05
9.99911E-05 0.638751 0.361149
