0.949443 0.0111757 0.0391813 9.9982E-05 9.9982E-05
0.368895 0.294486 0.026848 0.30967 9.9991E-05
9.999E-05 0.081042 0.0871052 0.782359 0.0493943
9.9973E-05 9.9973E-05 0.0249189 0.974781 9.9973E-05
0.289421 0.289574 0.000998515 0.419907 9.9991E-05
9.9982E-05 9.9982E-05 0.0252282 0.974408 0.000163745
0.632569 0.332131 9.99821E-05 0.0350996 9.99821E-05
0.088096 0.453217 0.013571 0.445016 9.9991E-05
0.565855 0.419743 9.99821E-05 0.0142021 9.99821E-05
0.714911 0.180344 0.104545 9.9982E-05 9.9982E-05
0.743717 0.112525 0.143559 9.9982E-05 9.9982E-05
0.803619 9.9982E-05 0.135527 0.0606534 9.9982E-05
0.914076 9.99821E-05 0.0141498 0.0715747 9.99821E-05
9.9982E-05 9.9982E-05 0.0230389 0.951301 0.0254597
0.00771442 9.9982E-05 9.9982E-05 0.971708 0.020378
0.921271 0.0518705 0.021519 0.00523904 9.9991E-05
0.502489 9.9991E-05 0.39353 0.0164129 0.0874687
0.168619 0.125626 9.99819E-05 9.99819E-05 0.705556
9.9973E-05 9.9973E-05 0.0987847 9.9973E-05 0.900915
0.82515 0.0181946 0.156455 9.9982E-05 9.9982E-05
9.997E-05 9.997E-05 9.997E-05 9.997E-05 0.9996
0.923066 9.9973E-05 0.0766344 9.9973E-05 9.9973E-05
0.0860366 0.0682081 0.42465 9.9991E-05 0.421005
9.9973E-05 9.9973E-05 0.11067 9.9973E-05 0.88903
9.997E-05 9.997E-05 9.997E-05 0.9996 9.997E-05
9.997E-05 9.997E-05 9.997E-05 0.9996 9.997E-05
0.882662 9.9973E-05 0.117039 9.9973E-05 9.9973E-05
9.9973E-05 0.071926 9.9973E-05 0.927774 9.9973E-05
0.00135513 0.0514699 9.9982E-05 0.946975 9.9982E-05
9.9991E-05 0.299182 0.0215657 0.663855 0.0152972
9.9982E-05 0.293886 0.0403216 0.665592 9.9982E-05
0.275967 0.617603 9.9991E-05 0.0952542 0.0110757
9.997E-05 9.997E-05 9.997E-05 0.9996 9.997E-05
9.9982E-05 0.908261 0.00110739 0.0904319 9.9982E-05
0.707943 9.9982E-05 0.223451 0.0684069 9.9982E-05
0.0183946 9.99729E-05 9.99729E-05 0.981306 9.99729E-05
0.904027 9.99821E-05 0.033075 0.0626977 9.99821E-05
0.759673 0.149619 0.0423142 0.0240755 0.0243187
0.364623 9.9991E-05 0.42448 0.159361 0.0514359
0.788776 9.9991E-05 0.0921021 0.108325 0.0106965
0.792246 9.9991E-05 0.0926111 0.0953576 0.0196851
0.859785 0.0244366 0.0852791 9.9991E-05 0.0303995
0.958564 0.0411358 9.9973E-05 9.9973E-05 9.9973E-05
0.7975 0.079329 0.112882 9.9991E-05 0.0101892
0.662941 0.0439344 0.18218 9.9991E-05 0.110844
0.709501 0.0671448 0.1094 0.0637323 0.050222
0.682816 0.043559 0.146246 0.127279 9.9991E-05
0.944252 9.99733E-05 9.99733E-05 9.99733E-05 0.0554483
9.997E-05 0.9996 9.997E-05 9.997E-05 9.997E-05
9.997E-05 0.9996 9.997E-05 9.997E-05 9.997E-05
9.997E-05 0.9996 9.997E-05 9.997E-05 9.997E-05
9.997E-05 0.9996 9.997E-05 9.997E-05 9.997E-05
9.997E-05 0.9996 9.997E-05 9.997E-05 9.997E-05
0.0670347 0.658453 0.0438534 0.197281 0.0333773
9.99729E-05 0.998554 0.00114574 9.99729E-05 9.99729E-05
0.9996 9.997E-05 9.997E-05 9.997E-05 9.997E-05
0.316706 0.570801 9.9982E-05 0.112294 9.9982E-05
0.000143075 9.9973E-05 9.9973E-05 0.999557 9.9973E-05
0.929608 9.99821E-05 0.0577911 0.0124006 9.99821E-05
0.894295 9.9982E-05 0.0250958 0.0804088 9.9982E-05
0.985489 9.99732E-05 9.99732E-05 9.99732E-05 0.0142111
0.970241 9.9973E-05 9.9973E-05 0.029459 9.9973E-05
0.884231 9.9982E-05 0.104471 9.9982E-05 0.0110975
0.0749311 9.99731E-05 9.99731E-05 9.99731E-05 0.924769
9.997E-05 9.997E-05 9.997E-05 0.9996 9.997E-05
0.261174 0.258526 0.168084 0.246916 0.0653006
9.99731E-05 0.0133337 9.99731E-05 0.986366 9.99731E-05
9.9973E-05 0.0170952 9.9973E-05 0.982605 9.9973E-05
9.9973E-05 0.0945009 9.9973E-05 0.905199 9.9973E-05
9.9982E-05 0.03993 9.9982E-05 0.946786 0.0130843
0.0426443 0.00352533 9.9982E-05 0.95363 9.9982E-05
9.997E-05 9.997E-05 9.997E-05 0.9996 9.997E-05
9.99732E-05 0.523905 9.99732E-05 0.475795 9.99732E-05
0.0437216 0.432943 9.99911E-05 0.497874 0.0253608
0.00479656 0.0343923 0.00292821 0.950125 0.0077574
0.764276 0.129908 0.064154 0.0415624 9.9991E-05
0.737536 0.18033 0.0750406 0.0069936 9.9991E-05
9.997E-05 9.997E-05 0.9996 9.997E-05 9.997E-05
9.997E-05 9.997E-05 0.9996 9.997E-05 9.997E-05
0.797505 0.11441 0.0760101 9.9991E-05 0.0119745
0.834075 0.111097 0.0483 9.9991E-05 0.00642815
9.997E-05 9.997E-05 0.9996 9.997E-05 9.997E-05
9.997E-05 9.997E-05 0.9996 9.997E-05 9.997E-05
0.997404 0.00229599 9.9973E-05 9.9973E-05 9.9973E-05
0.851904 0.0652157 9.9982E-05 9.9982E-05 0.0826801
0.314427 0.555801 9.9982E-05 0.129572 9.9982E-05
0.491632 9.9991E-05 0.312474 0.0773855 0.118408
0.59046 9.9991E-05 0.32701 0.018126 0.0643031
9.9991E-05 0.321748 0.0600441 0.578031 0.0400769
