0.945856 9.98738E-05 9.98738E-05 9.98738E-05 9.98738E-05 9.98738E-05 9.98738E-05 9.98738E-05 0.0527458 9.98738E-05 9.98738E-05 9.98738E-05 9.98738E-05 9.98738E-05 9.98738E-05 9.98738E-05
9.98919E-05 9.98919E-05 0.158871 0.0949485 9.98919E-05 9.98919E-05 9.98919E-05 9.98919E-05 9.98919E-05 0.0395198 9.98919E-05 9.98919E-05 9.98919E-05 9.98919E-05 9.98919E-05 0.705462
9.99018E-05 9.99018E-05 9.99018E-05 0.539908 9.99018E-05 0.0405049 9.99018E-05 9.99018E-05 9.99018E-05 9.99018E-05 0.0318609 0.296485 9.99018E-05 0.0901428 9.99018E-05 9.99018E-05
9.98831E-05 9.98831E-05 9.98831E-05 0.942269 9.98831E-05 9.98831E-05 0.0292313 9.98831E-05 9.98831E-05 9.98831E-05 0.0272015 9.98831E-05 9.98831E-05 9.98831E-05 9.98831E-05 9.98831E-05
9.99461E-05 9.99461E-05 0.0954475 0.342878 0.00147676 9.99461E-05 0.0281758 0.014818 0.0105244 0.0266364 9.99461E-05 0.112889 0.230474 9.99461E-05 9.99461E-05 0.13608
9.98831E-05 9.98831E-05 0.0517318 0.938509 9.98831E-05 9.98831E-05 9.98831E-05 0.00846054 9.98831E-05 9.98831E-05 9.98831E-05 9.98831E-05 9.98831E-05 9.98831E-05 9.98831E-05 9.98831E-05
9.98651E-05 9.98651E-05 9.98651E-05 9.98651E-05 9.98651E-05 9.98651E-05 9.98651E-05 9.98651E-05 9.98651E-05 9.98651E-05 9.98651E-05 9.98651E-05 0.998502 9.98651E-05 9.98651E-05 9.98651E-05
9.99098E-05 9.99098E-05 9.99098E-05 0.0686075 9.99098E-05 9.99098E-05 0.0533509 9.99098E-05 0.0796302 9.99098E-05 0.0224141 0.654082 9.99098E-05 9.99098E-05 9.99098E-05 0.120917
9.9874E-05 9.9874E-05 9.9874E-05 9.9874E-05 9.9874E-05 9.9874E-05 9.9874E-05 9.9874E-05 9.9874E-05 9.9874E-05 9.9874E-05 9.9874E-05 0.949361 9.9874E-05 9.9874E-05 0.0492411
9.98741E-05 9.98741E-05 9.98741E-05 9.98741E-05 9.98741E-05 9.98741E-05 9.98741E-05 9.98741E-05 0.870725 9.98741E-05 9.98741E-05 9.98741E-05 0.127876 9.98741E-05 9.98741E-05 9.98741E-05
9.98741E-05 9.98741E-05 9.98741E-05 9.98741E-05 9.98741E-05 9.98741E-05 9.98741E-05 9.98741E-05 0.885033 9.98741E-05 9.98741E-05 9.98741E-05 0.113569 9.98741E-05 9.98741E-05 9.98741E-05
0.670514 9.98921E-05 9.98921E-05 0.0454156 9.98921E-05 9.98921E-05 9.98921E-05 9.98921E-05 9.98921E-05 9.98921E-05 0.112113 9.98921E-05 9.98921E-05 0.170759 9.98921E-05 9.98921E-05
9.98923E-05 9.98923E-05 9.98923E-05 0.0108535 9.98923E-05 9.98923E-05 9.98923E-05 9.98923E-05 9.98923E-05 9.98923E-05 9.98923E-05 0.0174594 0.0199636 0.950525 9.98923E-05 9.98923E-05
9.99011E-05 9.99011E-05 0.00725019 0.93764 0.0122397 9.99011E-05 9.99011E-05 0.0393212 9.99011E-05 9.99011E-05 9.99011E-05 9.99011E-05 9.99011E-05 9.99011E-05 0.0024497 9.99011E-05
9.98831E-05 9.98831E-05 0.0640524 0.932428 9.98831E-05 0.00222121 9.98831E-05 9.98831E-05 9.98831E-05 9.98831E-05 9.98831E-05 9.98831E-05 9.98831E-05 9.98831E-05 9.98831E-05 9.98831E-05
9.98829E-05 0.755319 9.98829E-05 9.98829E-05 9.98829E-05 9.98829E-05 9.98829E-05 0.129045 9.98829E-05 9.98829E-05 9.98829E-05 9.98829E-05 9.98829E-05 0.114338 9.98829E-05 9.98829E-05
9.9874E-05 9.9874E-05 9.9874E-05 9.9874E-05 9.9874E-05 9.9874E-05 9.9874E-05 9.9874E-05 0.0471823 0.95142 9.9874E-05 9.9874E-05 9.9874E-05 9.9874E-05 9.9874E-05 9.9874E-05
9.99008E-05 9.99008E-05 0.07885 9.99008E-05 0.0508261 0.796537 0.0562022 9.99008E-05 9.99008E-05 9.99008E-05 9.99008E-05 9.99008E-05 9.99008E-05 9.99008E-05 9.99008E-05 0.0164861
9.98741E-05 9.98741E-05 9.98741E-05 9.98741E-05 9.98741E-05 9.98741E-05 9.98741E-05 9.98741E-05 9.98741E-05 9.98741E-05 0.0539935 9.98741E-05 9.98741E-05 9.98741E-05 0.944608 9.98741E-05
0.0835748 0.303723 9.99098E-05 9.99098E-05 9.99098E-05 9.99098E-05 9.99098E-05 0.138529 0.434553 0.0216057 0.0170157 9.99098E-05 9.99098E-05 9.99098E-05 9.99098E-05 9.99098E-05
9.98832E-05 9.98832E-05 9.98832E-05 9.98832E-05 9.98832E-05 0.0553705 9.98832E-05 9.98832E-05 9.98832E-05 9.98832E-05 9.98832E-05 9.98832E-05 9.98832E-05 9.98832E-05 0.941451 0.00188009
0.424832 0.176253 0.253969 9.991E-05 9.991E-05 9.991E-05 9.991E-05 9.991E-05 0.0546614 9.991E-05 0.0186789 9.991E-05 9.991E-05 0.0706075 9.991E-05 9.991E-05
9.9901E-05 9.9901E-05 9.9901E-05 0.028085 9.9901E-05 0.542852 9.9901E-05 9.9901E-05 0.0433302 0.254003 0.130631 9.9901E-05 9.9901E-05 9.9901E-05 9.9901E-05 9.9901E-05
9.98739E-05 9.98739E-05 9.98739E-05 9.98739E-05 0.00952218 0.98908 9.98739E-05 9.98739E-05 9.98739E-05 9.98739E-05 9.98739E-05 9.98739E-05 9.98739E-05 9.98739E-05 9.98739E-05 9.98739E-05
9.98744E-05 9.98744E-05 9.98744E-05 0.991033 9.98744E-05 9.98744E-05 0.00756846 9.98744E-05 9.98744E-05 9.98744E-05 9.98744E-05 9.98744E-05 9.98744E-05 9.98744E-05 9.98744E-05 9.98744E-05
9.98654E-05 9.98654E-05 9.98654E-05 0.998502 9.98654E-05 9.98654E-05 9.98654E-05 9.98654E-05 9.98654E-05 9.98654E-05 9.98654E-05 9.98654E-05 9.98654E-05 9.98654E-05 9.98654E-05 9.98654E-05
0.0490605 0.0160281 9.99098E-05 9.99098E-05 9.99098E-05 9.99098E-05 9.99098E-05 9.99098E-05 0.07397 0.0435284 0.0284153 9.99098E-05 9.99098E-05 0.787999 9.99098E-05 9.99098E-05
9.98921E-05 9.98921E-05 9.98921E-05 0.942716 9.98921E-05 9.98921E-05 0.0306857 9.98921E-05 9.98921E-05 9.98921E-05 0.00311565 9.98921E-05 0.0222834 9.98921E-05 9.98921E-05 9.98921E-05
9.9901E-05 0.0114342 9.9901E-05 0.89749 9.9901E-05 9.9901E-05 0.0643509 9.9901E-05 9.9901E-05 9.9901E-05 9.9901E-05 9.9901E-05 0.0140909 0.0115348 9.9901E-05 9.9901E-05
9.99282E-05 9.99282E-05 9.99282E-05 0.591004 0.0379677 9.99282E-05 0.162266 0.00355768 9.99282E-05 0.00437471 0.00159276 0.161062 9.99282E-05 9.99282E-05 9.99282E-05 0.0373763
9.99009E-05 9.99009E-05 9.99009E-05 0.343021 9.99009E-05 9.99009E-05 0.0939974 9.99009E-05 9.99009E-05 0.0434926 0.0130066 0.505383 9.99009E-05 9.99009E-05 9.99009E-05 9.99009E-05
9.98654E-05 9.98654E-05 9.98654E-05 9.98654E-05 9.98654E-05 9.98654E-05 9.98654E-05 9.98654E-05 9.98654E-05 9.98654E-05 9.98654E-05 9.98654E-05 9.98654E-05 9.98654E-05 9.98654E-05 0.998502
9.98832E-05 9.98832E-05 0.0160467 0.813369 9.98832E-05 9.98832E-05 9.98832E-05 9.98832E-05 9.98832E-05 9.98832E-05 9.98832E-05 0.169286 9.98832E-05 9.98832E-05 9.98832E-05 9.98832E-05
9.99012E-05 0.00578942 9.99012E-05 0.0171245 9.99012E-05 9.99012E-05 0.701231 9.99012E-05 9.99012E-05 9.99012E-05 9.99012E-05 0.244415 9.99012E-05 9.99012E-05 9.99012E-05 0.0303412
9.99097E-05 9.99097E-05 0.103634 9.99097E-05 9.99097E-05 9.99097E-05 9.99097E-05 0.102294 9.99097E-05 0.216934 0.0853744 0.0396629 9.99097E-05 0.451101 9.99097E-05 9.99097E-05
9.99189E-05 9.99189E-05 0.0283978 0.87506 9.99189E-05 9.99189E-05 9.99189E-05 0.0392159 9.99189E-05 0.0138652 9.99189E-05 0.0162485 0.00525606 9.99189E-05 9.99189E-05 0.021057
0.953262 9.98831E-05 9.98831E-05 9.98831E-05 9.98831E-05 9.98831E-05 9.98831E-05 0.0107598 9.98831E-05 9.98831E-05 9.98831E-05 0.0346796 9.98831E-05 9.98831E-05 9.98831E-05 9.98831E-05
9.9892E-05 9.9892E-05 9.9892E-05 9.9892E-05 0.0211938 9.9892E-05 9.9892E-05 9.9892E-05 0.647577 0.0949093 9.9892E-05 9.9892E-05 9.9892E-05 9.9892E-05 9.9892E-05 0.235121
9.98651E-05 9.98651E-05 9.98651E-05 9.98651E-05 9.98651E-05 9.98651E-05 9.98651E-05 9.98651E-05 9.98651E-05 0.998502 9.98651E-05 9.98651E-05 9.98651E-05 9.98651E-05 9.98651E-05 9.98651E-05
9.98651E-05 9.98651E-05 0.998502 9.98651E-05 9.98651E-05 9.98651E-05 9.98651E-05 9.98651E-05 9.98651E-05 9.98651E-05 9.98651E-05 9.98651E-05 9.98651E-05 9.98651E-05 9.98651E-05 9.98651E-05
9.98651E-05 9.98651E-05 0.998502 9.98651E-05 9.98651E-05 9.98651E-05 9.98651E-05 9.98651E-05 9.98651E-05 9.98651E-05 9.98651E-05 9.98651E-05 9.98651E-05 9.98651E-05 9.98651E-05 9.98651E-05
0.0211038 0.0122007 0.0598994 9.99189E-05 9.99189E-05 9.99189E-05 9.99189E-05 0.0128492 0.885105 0.00542294 9.99189E-05 9.99189E-05 9.99189E-05 9.99189E-05 0.00251999 9.99189E-05
0.0394939 0.805463 9.99099E-05 9.99099E-05 9.99099E-05 0.0269156 9.99099E-05 9.99099E-05 0.0146554 9.99099E-05 9.99099E-05 9.99099E-05 0.0698829 0.0425901 9.99099E-05 9.99099E-05
0.0118914 9.9901E-05 9.9901E-05 9.9901E-05 9.9901E-05 9.9901E-05 0.000790427 0.0942678 0.884269 0.00768196 9.9901E-05 9.9901E-05 9.9901E-05 9.9901E-05 9.9901E-05 9.9901E-05
9.99278E-05 0.0153056 0.0903082 9.99278E-05 9.99278E-05 0.181409 9.99278E-05 0.157962 0.314656 9.99278E-05 0.0449427 9.99278E-05 9.99278E-05 0.13758 9.99278E-05 0.0570374
0.0139137 0.110056 0.112431 0.0370354 0.079455 9.99369E-05 9.99369E-05 0.19092 0.410636 9.99369E-05 9.99369E-05 0.00383631 9.99369E-05 9.99369E-05 9.99369E-05 0.0410172
0.186868 9.99549E-05 0.0170176 0.0871247 0.0077184 9.99549E-05 0.0441966 0.340988 0.138152 0.0847356 9.99549E-05 9.99549E-05 0.0756871 0.0132966 9.99549E-05 0.0037164
0.945474 9.98837E-05 9.98837E-05 9.98837E-05 0.0422468 0.0109809 9.98837E-05 9.98837E-05 9.98837E-05 9.98837E-05 9.98837E-05 9.98837E-05 9.98837E-05 9.98837E-05 9.98837E-05 9.98837E-05
9.98652E-05 9.98652E-05 9.98652E-05 9.98652E-05 9.98652E-05 9.98652E-05 0.998502 9.98652E-05 9.98652E-05 9.98652E-05 9.98652E-05 9.98652E-05 9.98652E-05 9.98652E-05 9.98652E-05 9.98652E-05
9.98831E-05 0.0114735 0.0119242 9.98831E-05 9.98831E-05 9.98831E-05 0.975304 9.98831E-05 9.98831E-05 9.98831E-05 9.98831E-05 9.98831E-05 9.98831E-05 9.98831E-05 9.98831E-05 9.98831E-05
9.98742E-05 9.98742E-05 9.98742E-05 9.98742E-05 9.98742E-05 9.98742E-05 0.98801 0.0105919 9.98742E-05 9.98742E-05 9.98742E-05 9.98742E-05 9.98742E-05 9.98742E-05 9.98742E-05 9.98742E-05
9.98653E-05 9.98653E-05 9.98653E-05 9.98653E-05 9.98653E-05 9.98653E-05 0.998502 9.98653E-05 9.98653E-05 9.98653E-05 9.98653E-05 9.98653E-05 9.98653E-05 9.98653E-05 9.98653E-05 9.98653E-05
9.98652E-05 9.98652E-05 9.98652E-05 9.98652E-05 9.98652E-05 9.98652E-05 0.998502 9.98652E-05 9.98652E-05 9.98652E-05 9.98652E-05 9.98652E-05 9.98652E-05 9.98652E-05 9.98652E-05 9.98652E-05
9.99193E-05 0.1514 9.99193E-05 0.15405 9.99193E-05 9.99193E-05 0.379551 9.99193E-05 9.99193E-05 9.99193E-05 9.99193E-05 0.18388 9.99193E-05 0.000329671 0.0174779 0.112412
0.0172604 9.9901E-05 9.9901E-05 9.9901E-05 9.9901E-05 9.9901E-05 0.912996 9.9901E-05 9.9901E-05 0.00509643 0.0149106 9.9901E-05 9.9901E-05 9.9901E-05 9.9901E-05 0.0486372
0.840392 0.128385 9.98919E-05 9.98919E-05 9.98919E-05 9.98919E-05 9.98919E-05 0.00894367 9.98919E-05 9.98919E-05 9.98919E-05 9.98919E-05 0.0210803 9.98919E-05 9.98919E-05 9.98919E-05
9.99099E-05 0.00762165 9.99099E-05 9.99099E-05 9.99099E-05 9.99099E-05 0.0444872 0.00475258 9.99099E-05 9.99099E-05 9.99099E-05 9.99099E-05 0.0293056 0.00562694 9.99099E-05 0.907207
9.98829E-05 9.98829E-05 0.0471956 0.94143 9.98829E-05 9.98829E-05 9.98829E-05 9.98829E-05 9.98829E-05 0.010076 9.98829E-05 9.98829E-05 9.98829E-05 9.98829E-05 9.98829E-05 9.98829E-05
9.9892E-05 0.00590874 0.139025 9.9892E-05 9.9892E-05 9.9892E-05 9.9892E-05 9.9892E-05 9.9892E-05 9.9892E-05 0.0217341 9.9892E-05 9.9892E-05 0.832133 9.9892E-05 9.9892E-05
9.98831E-05 0.828064 9.98831E-05 9.98831E-05 9.98831E-05 9.98831E-05 9.98831E-05 0.122553 9.98831E-05 9.98831E-05 9.98831E-05 9.98831E-05 9.98831E-05 0.0480845 9.98831E-05 9.98831E-05
9.98745E-05 9.98745E-05 9.98745E-05 9.98745E-05 9.98745E-05 9.98745E-05 9.98745E-05 9.98745E-05 9.98745E-05 9.98745E-05 9.98745E-05 9.98745E-05 0.0221476 0.976454 9.98745E-05 9.98745E-05
9.9883E-05 9.9883E-05 9.9883E-05 0.00804039 9.9883E-05 9.9883E-05 9.9883E-05 9.9883E-05 0.0987321 9.9883E-05 9.9883E-05 9.9883E-05 9.9883E-05 0.891929 9.9883E-05 9.9883E-05
9.99098E-05 9.99098E-05 0.0266128 9.99098E-05 9.99098E-05 9.99098E-05 9.99098E-05 0.066619 0.0546971 0.0134098 0.0511473 9.99098E-05 9.99098E-05 0.786515 9.99098E-05 9.99098E-05
9.98602E-05 9.98602E-05 9.98602E-05 9.98602E-05 0.998502 9.98602E-05 9.98602E-05 9.98602E-05 9.98602E-05 9.98602E-05 9.98602E-05 9.98602E-05 9.98602E-05 9.98602E-05 9.98602E-05 9.98602E-05
9.98836E-05 9.98836E-05 9.98836E-05 0.994291 9.98836E-05 9.98836E-05 9.98836E-05 9.98836E-05 0.00156541 9.98836E-05 9.98836E-05 9.98836E-05 0.00284481 9.98836E-05 9.98836E-05 9.98836E-05
0.0895164 0.119686 0.0219732 0.289687 9.9964E-05 0.0335372 0.0248721 9.9964E-05 0.105257 0.00471456 0.146702 0.0553596 9.9964E-05 0.0932758 0.0150197 9.9964E-05
9.98924E-05 0.0216435 9.98924E-05 0.865792 9.98924E-05 9.98924E-05 9.98924E-05 9.98924E-05 9.98924E-05 9.98924E-05 9.98924E-05 0.102187 9.98924E-05 0.00917931 9.98924E-05 9.98924E-05
0.00397295 9.991E-05 0.0266114 0.905298 9.991E-05 9.991E-05 0.0230028 9.991E-05 9.991E-05 0.0382814 9.991E-05 0.00183401 9.991E-05 9.991E-05 9.991E-05 9.991E-05
9.991E-05 0.0541051 9.991E-05 0.878701 9.991E-05 9.991E-05 0.00352844 9.991E-05 9.991E-05 9.991E-05 9.991E-05 0.0449073 0.00481595 9.991E-05 9.991E-05 0.0129434
9.99101E-05 0.0177842 9.99101E-05 0.91057 9.99101E-05 9.99101E-05 0.0219095 9.99101E-05 9.99101E-05 9.99101E-05 9.99101E-05 9.99101E-05 0.00631016 9.99101E-05 0.00314973 0.039277
9.99012E-05 9.99012E-05 0.0998111 0.753388 9.99012E-05 9.99012E-05 9.99012E-05 9.99012E-05 0.0180023 9.99012E-05 9.99012E-05 0.11798 9.99012E-05 9.99012E-05 9.99012E-05 0.00971942
9.9883E-05 9.9883E-05 0.0263042 0.957714 9.9883E-05 9.9883E-05 9.9883E-05 9.9883E-05 9.9883E-05 9.9883E-05 9.9883E-05 0.0146828 9.9883E-05 9.9883E-05 9.9883E-05 9.9883E-05
9.98649E-05 9.98649E-05 9.98649E-05 9.98649E-05 9.98649E-05 9.98649E-05 9.98649E-05 9.98649E-05 9.98649E-05 9.98649E-05 9.98649E-05 0.998502 9.98649E-05 9.98649E-05 9.98649E-05 9.98649E-05
9.9883E-05 9.9883E-05 9.9883E-05 9.9883E-05 9.9883E-05 9.9883E-05 9.9883E-05 9.9883E-05 9.9883E-05 9.9883E-05 9.9883E-05 0.947017 0.0278925 0.0237917 9.9883E-05 9.9883E-05
9.99102E-05 0.00479096 0.0176519 0.93626 9.99102E-05 9.99102E-05 0.0230486 9.99102E-05 9.99102E-05 9.99102E-05 0.00200823 9.99102E-05 9.99102E-05 9.99102E-05 0.0152407 9.99102E-05
9.9901E-05 0.937455 9.9901E-05 0.0133735 9.9901E-05 9.9901E-05 0.00558623 9.9901E-05 9.9901E-05 0.0382837 0.00420308 9.9901E-05 9.9901E-05 9.9901E-05 9.9901E-05 9.9901E-05
9.98651E-05 0.998502 9.98651E-05 9.98651E-05 9.98651E-05 9.98651E-05 9.98651E-05 9.98651E-05 9.98651E-05 9.98651E-05 9.98651E-05 9.98651E-05 9.98651E-05 9.98651E-05 9.98651E-05 9.98651E-05
9.98652E-05 9.98652E-05 9.98652E-05 9.98652E-05 9.98652E-05 9.98652E-05 9.98652E-05 9.98652E-05 9.98652E-05 9.98652E-05 0.998502 9.98652E-05 9.98652E-05 9.98652E-05 9.98652E-05 9.98652E-05
9.98695E-05 9.98695E-05 9.98695E-05 9.98695E-05 9.98695E-05 9.98695E-05 9.98695E-05 9.98695E-05 9.98695E-05 9.98695E-05 0.998502 9.98695E-05 9.98695E-05 9.98695E-05 9.98695E-05 9.98695E-05
9.991E-05 0.0589709 0.0766505 9.991E-05 9.991E-05 9.991E-05 9.991E-05 9.991E-05 0.799865 9.991E-05 0.000210383 9.991E-05 9.991E-05 0.00148769 9.991E-05 0.061816
9.99009E-05 0.051582 0.0631637 9.99009E-05 9.99009E-05 9.99009E-05 9.99009E-05 9.99009E-05 0.783403 9.99009E-05 9.99009E-05 9.99009E-05 9.99009E-05 0.0732024 9.99009E-05 0.0275498
9.98921E-05 0.0301283 9.98921E-05 9.98921E-05 9.98921E-05 9.98921E-05 9.98921E-05 9.98921E-05 0.00282403 0.0248419 0.941007 9.98921E-05 9.98921E-05 9.98921E-05 9.98921E-05 9.98921E-05
9.98652E-05 9.98652E-05 9.98652E-05 9.98652E-05 9.98652E-05 9.98652E-05 9.98652E-05 9.98652E-05 9.98652E-05 9.98652E-05 0.998502 9.98652E-05 9.98652E-05 9.98652E-05 9.98652E-05 9.98652E-05
0.913945 0.0168196 9.99009E-05 9.99009E-05 9.99009E-05 9.99009E-05 0.0435192 9.99009E-05 9.99009E-05 9.99009E-05 9.99009E-05 9.99009E-05 9.99009E-05 0.0234944 0.00112317 9.99009E-05
9.99099E-05 0.104199 0.620735 9.99099E-05 9.99099E-05 0.00270815 9.99099E-05 9.99099E-05 9.99099E-05 9.99099E-05 9.99099E-05 9.99099E-05 0.124721 0.126861 0.0197773 9.99099E-05
9.9883E-05 9.9883E-05 9.9883E-05 9.9883E-05 9.9883E-05 9.9883E-05 0.04375 9.9883E-05 9.9883E-05 9.9883E-05 9.9883E-05 9.9883E-05 0.0531874 9.9883E-05 9.9883E-05 0.901764
9.98649E-05 9.98649E-05 9.98649E-05 9.98649E-05 9.98649E-05 9.98649E-05 9.98649E-05 0.998502 9.98649E-05 9.98649E-05 9.98649E-05 9.98649E-05 9.98649E-05 9.98649E-05 9.98649E-05 9.98649E-05
0.0712876 9.99189E-05 0.00238754 9.99189E-05 9.99189E-05 9.99189E-05 9.99189E-05 0.777043 9.99189E-05 0.068847 0.00948761 9.99189E-05 9.99189E-05 0.028774 0.0412744 9.99189E-05
9.99191E-05 9.99191E-05 9.99191E-05 0.250227 9.99191E-05 9.99191E-05 0.0877587 9.99191E-05 0.00506085 9.99191E-05 0.0169364 0.584305 9.99191E-05 9.99191E-05 0.0539692 0.000843388
