9.98918E-05 0.0981367 0.0284062 9.98918E-05 9.98918E-05 9.98918E-05 9.98918E-05 9.98918E-05 9.98918E-05 0.852684 9.98918E-05 9.98918E-05 9.98918E-05 0.0195741 9.98918E-05 9.98918E-05
9.98919E-05 9.98919E-05 0.0327548 0.116357 0.656616 9.98919E-05 9.98919E-05 9.98919E-05 0.193074 9.98919E-05 9.98919E-05 9.98919E-05 9.98919E-05 9.98919E-05 9.98919E-05 9.98919E-05
9.99197E-05 9.99197E-05 9.99197E-05 0.741078 0.030508 9.99197E-05 9.99197E-05 9.99197E-05 9.99197E-05 9.99197E-05 0.104798 0.043897 0.00374928 9.99197E-05 0.0286222 0.0464481
9.98919E-05 9.98919E-05 9.98919E-05 0.864441 9.98919E-05 9.98919E-05 9.98919E-05 9.98919E-05 9.98919E-05 9.98919E-05 9.98919E-05 0.0154782 0.102956 9.98919E-05 9.98919E-05 0.0159258
9.99281E-05 0.0710737 9.99281E-05 0.39863 0.096345 9.99281E-05 9.99281E-05 9.99281E-05 0.083386 0.0287442 0.24768 0.0635572 9.99281E-05 0.00978423 9.99281E-05 9.99281E-05
9.98919E-05 9.98919E-05 9.98919E-05 0.97201 9.98919E-05 0.00508285 9.98919E-05 0.0134249 0.00828349 9.98919E-05 9.98919E-05 9.98919E-05 9.98919E-05 9.98919E-05 9.98919E-05 9.98919E-05
9.98737E-05 9.98737E-05 9.98737E-05 9.98737E-05 9.98737E-05 9.98737E-05 9.98737E-05 0.0238722 9.98737E-05 9.98737E-05 0.97473 9.98737E-05 9.98737E-05 9.98737E-05 9.98737E-05 9.98737E-05
9.99191E-05 0.0590259 0.0283998 0.180709 0.0905288 9.99191E-05 9.99191E-05 9.99191E-05 9.99191E-05 9.99191E-05 0.244611 0.243577 0.15225 9.99191E-05 9.99191E-05 9.99191E-05
9.98827E-05 0.0123922 9.98827E-05 9.98827E-05 9.98827E-05 9.98827E-05 0.106507 9.98827E-05 9.98827E-05 9.98827E-05 0.879802 9.98827E-05 9.98827E-05 9.98827E-05 9.98827E-05 9.98827E-05
9.98741E-05 0.899712 9.98741E-05 9.98741E-05 9.98741E-05 9.98741E-05 9.98741E-05 9.98741E-05 9.98741E-05 9.98741E-05 0.09889 9.98741E-05 9.98741E-05 9.98741E-05 9.98741E-05 9.98741E-05
9.9874E-05 0.88919 9.9874E-05 9.9874E-05 9.9874E-05 9.9874E-05 9.9874E-05 9.9874E-05 9.9874E-05 9.9874E-05 0.109411 9.9874E-05 9.9874E-05 9.9874E-05 9.9874E-05 9.9874E-05
9.991E-05 9.991E-05 0.0131749 0.0392826 9.991E-05 9.991E-05 9.991E-05 0.149641 9.991E-05 0.633749 0.00624872 9.991E-05 9.991E-05 9.991E-05 9.991E-05 0.156905
0.00869843 9.98833E-05 9.98833E-05 9.98833E-05 9.98833E-05 9.98833E-05 9.98833E-05 0.961313 9.98833E-05 9.98833E-05 0.0286901 9.98833E-05 9.98833E-05 9.98833E-05 9.98833E-05 9.98833E-05
9.991E-05 9.991E-05 9.991E-05 0.938926 0.0193546 0.000153328 9.991E-05 0.00778874 9.991E-05 0.0143693 9.991E-05 9.991E-05 9.991E-05 9.991E-05 0.0184093 9.991E-05
0.00499682 9.99099E-05 9.99099E-05 0.912408 9.99099E-05 9.99099E-05 9.99099E-05 9.99099E-05 0.0207347 0.0198659 9.99099E-05 9.99099E-05 0.0177309 0.023265 9.99099E-05 9.99099E-05
9.98801E-05 0.0165486 9.98801E-05 9.98801E-05 9.98801E-05 0.136543 0.736279 0.10943 9.98801E-05 9.98801E-05 9.98801E-05 9.98801E-05 9.98801E-05 9.98801E-05 9.98801E-05 9.98801E-05
9.9883E-05 0.0607078 0.925407 9.9883E-05 9.9883E-05 9.9883E-05 9.9883E-05 9.9883E-05 9.9883E-05 9.9883E-05 9.9883E-05 9.9883E-05 9.9883E-05 0.0125871 9.9883E-05 9.9883E-05
9.99008E-05 0.0244759 9.99008E-05 9.99008E-05 0.095213 9.99008E-05 9.99008E-05 9.99008E-05 0.13302 9.99008E-05 9.99008E-05 0.0236055 9.99008E-05 9.99008E-05 0.722587 9.99008E-05
9.98742E-05 9.98742E-05 9.98742E-05 9.98742E-05 9.98742E-05 9.98742E-05 9.98742E-05 9.98742E-05 9.98742E-05 9.98742E-05 9.98742E-05 9.98742E-05 9.98742E-05 9.98742E-05 0.951274 0.0473281
9.99009E-05 0.449304 9.99009E-05 9.99009E-05 9.99009E-05 0.197272 0.318386 9.99009E-05 9.99009E-05 0.0236812 9.99009E-05 9.99009E-05 9.99009E-05 9.99009E-05 9.99009E-05 0.0102587
9.98651E-05 9.98651E-05 9.98651E-05 9.98651E-05 9.98651E-05 9.98651E-05 9.98651E-05 9.98651E-05 9.98651E-05 9.98651E-05 9.98651E-05 9.98651E-05 9.98651E-05 9.98651E-05 0.998502 9.98651E-05
9.9919E-05 0.00941437 0.0142404 9.9919E-05 9.9919E-05 0.0240007 0.187365 0.0732423 0.246905 0.443933 9.9919E-05 9.9919E-05 9.9919E-05 9.9919E-05 9.9919E-05 9.9919E-05
9.98649E-05 9.98649E-05 9.98649E-05 9.98649E-05 9.98649E-05 9.98649E-05 9.98649E-05 9.98649E-05 9.98649E-05 9.98649E-05 9.98649E-05 9.98649E-05 9.98649E-05 0.998502 9.98649E-05 9.98649E-05
0.017379 9.9892E-05 9.9892E-05 9.9892E-05 9.9892E-05 0.0521309 9.9892E-05 9.9892E-05 9.9892E-05 9.9892E-05 9.9892E-05 9.9892E-05 9.9892E-05 0.169047 0.760244 9.9892E-05
9.98743E-05 9.98743E-05 9.98743E-05 0.374542 9.98743E-05 9.98743E-05 9.98743E-05 9.98743E-05 9.98743E-05 9.98743E-05 9.98743E-05 9.98743E-05 0.62406 9.98743E-05 9.98743E-05 9.98743E-05
9.98742E-05 9.98742E-05 9.98742E-05 0.783441 9.98742E-05 9.98742E-05 9.98742E-05 9.98742E-05 9.98742E-05 9.98742E-05 9.98742E-05 9.98742E-05 0.21516 9.98742E-05 9.98742E-05 9.98742E-05
9.99008E-05 0.0792721 0.040993 9.99008E-05 9.99008E-05 9.99008E-05 9.99008E-05 0.806519 9.99008E-05 0.0295967 9.99008E-05 9.99008E-05 9.99008E-05 9.99008E-05 9.99008E-05 0.0425199
9.9865E-05 9.9865E-05 9.9865E-05 9.9865E-05 9.9865E-05 9.9865E-05 9.9865E-05 9.9865E-05 9.9865E-05 9.9865E-05 9.9865E-05 9.9865E-05 0.998502 9.9865E-05 9.9865E-05 9.9865E-05
9.98651E-05 9.98651E-05 9.98651E-05 9.98651E-05 9.98651E-05 9.98651E-05 9.98651E-05 9.98651E-05 9.98651E-05 9.98651E-05 9.98651E-05 9.98651E-05 0.998502 9.98651E-05 9.98651E-05 9.98651E-05
0.0404672 9.99461E-05 0.0110373 0.286309 0.00278566 9.99461E-05 9.99461E-05 0.00358819 9.99461E-05 0.0237974 0.0331496 0.145615 0.444595 9.99461E-05 9.99461E-05 0.00805596
9.9928E-05 0.0457749 0.0353799 0.341596 9.9928E-05 9.9928E-05 9.9928E-05 9.9928E-05 9.9928E-05 9.9928E-05 0.0847763 0.153379 0.317888 0.0151389 9.9928E-05 0.00526795
9.98654E-05 9.98654E-05 9.98654E-05 9.98654E-05 0.998502 9.98654E-05 9.98654E-05 9.98654E-05 9.98654E-05 9.98654E-05 9.98654E-05 9.98654E-05 9.98654E-05 9.98654E-05 9.98654E-05 9.98654E-05
9.99013E-05 9.99013E-05 0.0119406 0.61626 9.99013E-05 9.99013E-05 0.0143671 9.99013E-05 9.99013E-05 9.99013E-05 0.00598033 9.99013E-05 0.350353 9.99013E-05 9.99013E-05 9.99013E-05
9.99013E-05 9.99013E-05 9.99013E-05 9.99013E-05 0.016161 0.00147336 9.99013E-05 9.99013E-05 9.99013E-05 9.99013E-05 0.0709828 0.835316 0.0749685 9.99013E-05 9.99013E-05 9.99013E-05
9.99188E-05 9.99188E-05 0.225895 9.99188E-05 9.99188E-05 0.0283535 9.99188E-05 0.49961 0.0914888 0.0372639 9.99188E-05 9.99188E-05 0.0497528 9.99188E-05 9.99188E-05 0.0667367
9.98917E-05 9.98917E-05 0.000811792 0.328951 9.98917E-05 0.0343943 9.98917E-05 9.98917E-05 9.98917E-05 9.98917E-05 9.98917E-05 9.98917E-05 0.634644 9.98917E-05 9.98917E-05 9.98917E-05
9.98831E-05 9.98831E-05 9.98831E-05 0.0351833 9.98831E-05 0.0107082 9.98831E-05 9.98831E-05 9.98831E-05 0.95281 9.98831E-05 9.98831E-05 9.98831E-05 9.98831E-05 9.98831E-05 9.98831E-05
0.0169122 0.542835 0.0521 0.00222948 0.179971 9.99459E-05 9.99459E-05 9.99459E-05 0.0929772 0.0492602 0.0103659 9.99459E-05 0.00273288 0.0500166 9.99459E-05 9.99459E-05
9.98742E-05 9.98742E-05 0.989102 0.00949945 9.98742E-05 9.98742E-05 9.98742E-05 9.98742E-05 9.98742E-05 9.98742E-05 9.98742E-05 9.98742E-05 9.98742E-05 9.98742E-05 9.98742E-05 9.98742E-05
9.9874E-05 9.9874E-05 9.9874E-05 0.0108059 9.9874E-05 9.9874E-05 9.9874E-05 9.9874E-05 0.987796 9.9874E-05 9.9874E-05 9.9874E-05 9.9874E-05 9.9874E-05 9.9874E-05 9.9874E-05
9.9865E-05 9.9865E-05 9.9865E-05 9.9865E-05 9.9865E-05 9.9865E-05 9.9865E-05 9.9865E-05 0.998502 9.9865E-05 9.9865E-05 9.9865E-05 9.9865E-05 9.9865E-05 9.9865E-05 9.9865E-05
0.000391764 0.844847 0.0344409 9.99189E-05 9.99189E-05 9.99189E-05 0.0170382 9.99189E-05 0.0925036 0.00898725 9.99189E-05 9.99189E-05 9.99189E-05 0.000892439 9.99189E-05 9.99189E-05
0.0119433 0.0523521 9.9928E-05 9.9928E-05 9.9928E-05 9.9928E-05 0.811763 0.0322739 0.0259703 0.0258048 0.02925 9.9928E-05 9.9928E-05 9.9928E-05 0.00984326 9.9928E-05
0.00637244 0.855395 0.00495172 9.99279E-05 9.99279E-05 0.0712709 0.00874933 9.99279E-05 9.99279E-05 0.0335354 9.99279E-05 9.99279E-05 0.0134213 9.99279E-05 9.99279E-05 0.00550457
9.99459E-05 0.240366 9.99459E-05 9.99459E-05 0.0510289 0.151386 0.046214 0.152797 0.153955 0.00550113 9.99459E-05 9.99459E-05 9.99459E-05 0.181146 0.0149799 0.00202671
0.0934973 0.308638 9.99279E-05 0.0489992 0.00301942 0.167913 0.157208 9.99279E-05 0.160505 0.059419 9.99279E-05 9.99279E-05 9.99279E-05 9.99279E-05 9.99279E-05 9.99279E-05
9.99459E-05 0.127101 0.11836 0.0209708 9.99459E-05 0.335576 9.99459E-05 0.0564281 0.0364105 0.149677 0.0790342 0.0563813 0.0194626 9.99459E-05 9.99459E-05 9.99459E-05
0.0202311 9.98838E-05 9.98838E-05 9.98838E-05 9.98838E-05 9.98838E-05 9.98838E-05 9.98838E-05 9.98838E-05 0.971556 9.98838E-05 9.98838E-05 9.98838E-05 0.00691467 9.98838E-05 9.98838E-05
9.98651E-05 9.98651E-05 9.98651E-05 9.98651E-05 9.98651E-05 9.98651E-05 9.98651E-05 9.98651E-05 9.98651E-05 9.98651E-05 9.98651E-05 0.998502 9.98651E-05 9.98651E-05 9.98651E-05 9.98651E-05
9.98651E-05 9.98651E-05 9.98651E-05 9.98651E-05 9.98651E-05 9.98651E-05 9.98651E-05 9.98651E-05 9.98651E-05 9.98651E-05 9.98651E-05 0.998502 9.98651E-05 9.98651E-05 9.98651E-05 9.98651E-05
9.98921E-05 9.98921E-05 9.98921E-05 9.98921E-05 9.98921E-05 9.98921E-05 9.98921E-05 0.00348865 0.031414 9.98921E-05 9.98921E-05 0.95942 9.98921E-05 9.98921E-05 0.00447872 9.98921E-05
9.98652E-05 9.98652E-05 9.98652E-05 9.98652E-05 9.98652E-05 9.98652E-05 9.98652E-05 9.98652E-05 9.98652E-05 9.98652E-05 9.98652E-05 0.998502 9.98652E-05 9.98652E-05 9.98652E-05 9.98652E-05
9.98832E-05 9.98832E-05 9.98832E-05 9.98832E-05 9.98832E-05 9.98832E-05 0.00117619 9.98832E-05 9.98832E-05 9.98832E-05 9.98832E-05 0.996694 0.000831244 9.98832E-05 9.98832E-05 9.98832E-05
9.99281E-05 9.99281E-05 0.00588842 0.137566 0.0395555 9.99281E-05 0.00335045 9.99281E-05 9.99281E-05 9.99281E-05 0.179731 0.457049 0.0978402 0.0782196 9.99281E-05 9.99281E-05
9.9892E-05 9.9892E-05 9.9892E-05 9.9892E-05 0.102329 9.9892E-05 0.00528719 9.9892E-05 0.00142235 9.9892E-05 9.9892E-05 0.889763 9.9892E-05 9.9892E-05 9.9892E-05 9.9892E-05
9.98918E-05 9.98918E-05 9.98918E-05 9.98918E-05 9.98918E-05 0.0399943 0.156897 9.98918E-05 9.98918E-05 0.800639 0.00127029 9.98918E-05 9.98918E-05 9.98918E-05 9.98918E-05 9.98918E-05
9.99009E-05 9.99009E-05 9.99009E-05 9.99009E-05 0.964351 0.00464089 9.99009E-05 9.99009E-05 9.99009E-05 0.0150281 0.0110869 9.99009E-05 0.00379387 9.99009E-05 9.99009E-05 9.99009E-05
9.98828E-05 9.98828E-05 9.98828E-05 0.505745 9.98828E-05 9.98828E-05 9.98828E-05 9.98828E-05 0.0127409 9.98828E-05 9.98828E-05 9.98828E-05 0.480216 9.98828E-05 9.98828E-05 9.98828E-05
9.98921E-05 9.98921E-05 9.98921E-05 9.98921E-05 9.98921E-05 9.98921E-05 0.038622 0.827143 0.128356 9.98921E-05 9.98921E-05 0.0046805 9.98921E-05 9.98921E-05 9.98921E-05 9.98921E-05
9.98832E-05 9.98832E-05 9.98832E-05 9.98832E-05 9.98832E-05 0.130038 0.801525 0.0671385 9.98832E-05 9.98832E-05 9.98832E-05 9.98832E-05 9.98832E-05 9.98832E-05 9.98832E-05 9.98832E-05
9.98744E-05 9.98744E-05 9.98744E-05 9.98744E-05 9.98744E-05 9.98744E-05 9.98744E-05 0.935305 9.98744E-05 9.98744E-05 0.0632972 9.98744E-05 9.98744E-05 9.98744E-05 9.98744E-05 9.98744E-05
9.98829E-05 0.114876 9.98829E-05 0.00175083 9.98829E-05 9.98829E-05 9.98829E-05 0.882075 9.98829E-05 9.98829E-05 9.98829E-05 9.98829E-05 9.98829E-05 9.98829E-05 9.98829E-05 9.98829E-05
9.98919E-05 0.058339 9.98919E-05 9.98919E-05 9.98919E-05 0.0439236 9.98919E-05 0.839301 9.98919E-05 9.98919E-05 9.98919E-05 9.98919E-05 9.98919E-05 9.98919E-05 9.98919E-05 0.0572376
0.998502 9.98651E-05 9.98651E-05 9.98651E-05 9.98651E-05 9.98651E-05 9.98651E-05 9.98651E-05 9.98651E-05 9.98651E-05 9.98651E-05 9.98651E-05 9.98651E-05 9.98651E-05 9.98651E-05 9.98651E-05
9.98744E-05 9.98744E-05 9.98744E-05 0.422715 9.98744E-05 9.98744E-05 9.98744E-05 9.98744E-05 9.98744E-05 9.98744E-05 9.98744E-05 9.98744E-05 0.575887 9.98744E-05 9.98744E-05 9.98744E-05
0.0154177 9.99461E-05 9.99461E-05 9.99461E-05 9.99461E-05 9.99461E-05 0.170303 0.028831 0.0154381 0.0690256 0.0738556 0.181132 0.280511 9.99461E-05 0.0787059 0.0861801
9.98744E-05 9.98744E-05 9.98744E-05 0.949463 9.98744E-05 9.98744E-05 0.0491391 9.98744E-05 9.98744E-05 9.98744E-05 9.98744E-05 9.98744E-05 9.98744E-05 9.98744E-05 9.98744E-05 9.98744E-05
9.99009E-05 9.99009E-05 0.0210184 0.679179 9.99009E-05 9.99009E-05 9.99009E-05 9.99009E-05 0.0287312 9.99009E-05 9.99009E-05 0.0304651 0.239508 9.99009E-05 9.99009E-05 9.99009E-05
9.9874E-05 9.9874E-05 9.9874E-05 9.9874E-05 9.9874E-05 9.9874E-05 0.00370324 9.9874E-05 9.9874E-05 9.9874E-05 9.9874E-05 9.9874E-05 0.994899 9.9874E-05 9.9874E-05 9.9874E-05
9.98741E-05 9.98741E-05 9.98741E-05 9.98741E-05 9.98741E-05 9.98741E-05 0.00375953 9.98741E-05 9.98741E-05 9.98741E-05 9.98741E-05 9.98741E-05 0.994842 9.98741E-05 9.98741E-05 9.98741E-05
9.99101E-05 0.0434481 0.00364066 0.614346 9.99101E-05 0.0272175 9.99101E-05 9.99101E-05 9.99101E-05 9.99101E-05 0.0069005 9.99101E-05 0.303448 9.99101E-05 9.99101E-05 9.99101E-05
9.99008E-05 9.99008E-05 0.00363026 0.445117 9.99008E-05 0.0145963 9.99008E-05 9.99008E-05 0.0240165 9.99008E-05 9.99008E-05 9.99008E-05 0.511542 9.99008E-05 9.99008E-05 9.99008E-05
9.98922E-05 9.98922E-05 9.98922E-05 0.41326 9.98922E-05 9.98922E-05 9.98922E-05 9.98922E-05 9.98922E-05 9.98922E-05 0.331541 0.214244 0.0397559 9.98922E-05 9.98922E-05 9.98922E-05
9.98923E-05 9.98923E-05 9.98923E-05 0.154487 9.98923E-05 9.98923E-05 9.98923E-05 9.98923E-05 9.98923E-05 9.98923E-05 0.522622 0.0418206 0.279872 9.98923E-05 9.98923E-05 9.98923E-05
9.9901E-05 9.9901E-05 9.9901E-05 0.91002 9.9901E-05 9.9901E-05 0.0332261 9.9901E-05 9.9901E-05 9.9901E-05 9.9901E-05 0.0183474 0.0355055 0.00180213 9.9901E-05 9.9901E-05
9.9892E-05 9.9892E-05 0.0197121 0.00151021 9.9892E-05 9.9892E-05 0.970847 9.9892E-05 9.9892E-05 9.9892E-05 9.9892E-05 0.006732 9.9892E-05 9.9892E-05 9.9892E-05 9.9892E-05
9.9874E-05 9.9874E-05 9.9874E-05 0.00141559 9.9874E-05 9.9874E-05 0.997186 9.9874E-05 9.9874E-05 9.9874E-05 9.9874E-05 9.9874E-05 9.9874E-05 9.9874E-05 9.9874E-05 9.9874E-05
9.98743E-05 9.98743E-05 9.98743E-05 9.98743E-05 9.98743E-05 9.98743E-05 9.98743E-05 9.98743E-05 9.98743E-05 0.00112834 9.98743E-05 9.98743E-05 9.98743E-05 9.98743E-05 9.98743E-05 0.997473
9.98742E-05 9.98742E-05 9.98742E-05 9.98742E-05 9.98742E-05 9.98742E-05 9.98742E-05 9.98742E-05 9.98742E-05 0.00522926 9.98742E-05 9.98742E-05 9.98742E-05 9.98742E-05 9.98742E-05 0.993372
9.99099E-05 0.679108 9.99099E-05 9.99099E-05 0.0467725 9.99099E-05 0.0833973 0.0252171 0.155339 9.99099E-05 9.99099E-05 9.99099E-05 0.00916705 9.99099E-05 9.99099E-05 9.99099E-05
9.9901E-05 0.690216 9.9901E-05 9.9901E-05 0.0482242 9.9901E-05 0.0793761 0.0667388 0.114346 9.9901E-05 9.9901E-05 9.9901E-05 9.9901E-05 9.9901E-05 9.9901E-05 9.9901E-05
9.98923E-05 9.98923E-05 9.98923E-05 9.98923E-05 9.98923E-05 9.98923E-05 0.00322334 9.98923E-05 9.98923E-05 9.98923E-05 0.00202006 0.00460064 9.98923E-05 9.98923E-05 9.98923E-05 0.988957
9.98742E-05 9.98742E-05 9.98742E-05 9.98742E-05 9.98742E-05 9.98742E-05 9.98742E-05 9.98742E-05 0.0190102 9.98742E-05 9.98742E-05 9.98742E-05 9.98742E-05 9.98742E-05 9.98742E-05 0.979592
9.98828E-05 9.98828E-05 9.98828E-05 9.98828E-05 9.98828E-05 9.98828E-05 9.98828E-05 0.038088 9.98828E-05 0.930711 9.98828E-05 0.0299024 9.98828E-05 9.98828E-05 9.98828E-05 9.98828E-05
9.99009E-05 9.99009E-05 9.99009E-05 9.99009E-05 9.99009E-05 9.99009E-05 0.0483605 0.107305 0.71497 9.99009E-05 0.112531 9.99009E-05 9.99009E-05 9.99009E-05 0.0157347 9.99009E-05
9.98831E-05 9.98831E-05 9.98831E-05 9.98831E-05 0.91373 9.98831E-05 9.98831E-05 9.98831E-05 9.98831E-05 9.98831E-05 0.0472346 0.0377365 9.98831E-05 9.98831E-05 9.98831E-05 9.98831E-05
9.9874E-05 9.9874E-05 9.9874E-05 9.9874E-05 9.9874E-05 0.962399 9.9874E-05 9.9874E-05 9.9874E-05 9.9874E-05 9.9874E-05 9.9874E-05 9.9874E-05 0.0362027 9.9874E-05 9.9874E-05
9.98921E-05 9.98921E-05 9.98921E-05 9.98921E-05 9.98921E-05 0.90863 9.98921E-05 0.0432983 9.98921E-05 0.0342043 9.98921E-05 9.98921E-05 9.98921E-05 9.98921E-05 0.0126685 9.98921E-05
0.0157841 9.99283E-05 9.99283E-05 0.000813919 0.00820541 9.99283E-05 9.99283E-05 9.99283E-05 9.99283E-05 9.99283E-05 0.129193 0.13361 0.663614 0.0347508 9.99283E-05 0.0132296
