9.996E-05 9.996E-05 0.9995 9.996E-05 9.996E-05 9.996E-05
9.9973E-05 9.9973E-05 0.4143 9.9973E-05 0.297961 0.287439
0.0731982 0.0630184 9.99911E-05 0.0523792 0.804645 0.00665891
0.0270026 9.9973E-05 9.9973E-05 9.9973E-05 0.967607 0.00509038
9.99731E-05 9.99731E-05 0.26729 9.99731E-05 0.472632 0.259778
9.9964E-05 9.9964E-05 0.00371367 9.9964E-05 0.995886 9.9964E-05
9.99731E-05 9.99731E-05 9.99731E-05 0.576937 0.0201656 0.402597
0.0400586 9.9982E-05 0.0871902 9.9982E-05 0.399726 0.472825
9.9982E-05 9.9982E-05 0.0945814 0.42327 0.0162946 0.465654
0.111082 9.99731E-05 0.795306 9.99731E-05 9.99731E-05 0.0933114
0.0984209 9.9982E-05 0.82085 0.00436686 9.9982E-05 0.0761619
0.140656 9.9982E-05 0.59293 0.222097 0.0441174 9.9982E-05
9.996E-05 9.996E-05 9.996E-05 0.9995 9.996E-05 9.996E-05
9.9973E-05 0.0227618 0.00852694 9.9973E-05 0.968411 9.9973E-05
9.9973E-05 0.0292443 0.0601863 9.9973E-05 0.910269 9.9973E-05
0.0285831 9.9982E-05 0.603346 0.317365 9.9982E-05 0.0505066
0.35291 0.0720263 0.439044 0.13582 9.9982E-05 9.9982E-05
9.99729E-05 0.740139 0.210028 9.99729E-05 9.99729E-05 0.0495331
0.0862657 0.913334 9.9964E-05 9.9964E-05 9.9964E-05 9.9964E-05
0.106788 9.9973E-05 0.857367 0.035546 9.9973E-05 9.9973E-05
9.996E-05 0.9995 9.996E-05 9.996E-05 9.996E-05 9.996E-05
0.0461039 9.9982E-05 0.871011 0.0771988 0.00548679 9.9982E-05
0.369396 0.408929 0.167823 9.9982E-05 9.9982E-05 0.0536519
0.0884187 0.911181 9.9964E-05 9.9964E-05 9.9964E-05 9.9964E-05
9.9964E-05 9.9964E-05 9.9964E-05 9.9964E-05 0.974307 0.0252933
9.996E-05 9.996E-05 9.996E-05 9.996E-05 0.9995 9.996E-05
0.0513036 9.99729E-05 0.211057 0.737339 9.99729E-05 9.99729E-05
9.9964E-05 9.9964E-05 9.9964E-05 9.9964E-05 0.950656 0.0489446
9.9973E-05 9.9973E-05 9.9973E-05 0.0142121 0.891296 0.0941923
0.0220055 0.0337959 9.99821E-05 9.99821E-05 0.66251 0.281489
0.0614431 9.9973E-05 9.9973E-05 9.9973E-05 0.623339 0.314918
9.99731E-05 9.99731E-05 0.352079 9.99731E-05 0.121069 0.526552
0.00306848 9.99641E-05 9.99641E-05 9.99641E-05 0.996532 9.99641E-05
9.99641E-05 9.99641E-05 9.99641E-05 9.99641E-05 0.0506825 0.948918
0.234054 9.99819E-05 0.18509 0.534272 0.0463833 9.99819E-05
9.99639E-05 9.99639E-05 9.99639E-05 0.0164584 0.983142 9.99639E-05
9.99642E-05 9.99642E-05 0.93748 9.99642E-05 0.0621201 9.99642E-05
0.00821035 0.0334927 0.783081 9.9991E-05 0.0296453 0.145471
0.387954 0.0545111 0.286592 0.150555 0.120288 9.9991E-05
9.9973E-05 0.0055115 0.875186 9.9973E-05 0.119003 9.9973E-05
0.0129155 0.0143445 0.91212 9.9982E-05 0.0604202 9.9982E-05
0.0644139 0.0250562 0.91023 9.99729E-05 9.99729E-05 9.99729E-05
9.9973E-05 9.9973E-05 0.694176 0.252481 9.9973E-05 0.0530427
0.102254 0.000895005 0.880264 0.0104402 9.9991E-05 0.00604686
0.1568 0.120793 0.547675 0.143212 9.9991E-05 0.0314201
0.0671336 0.0437738 0.715947 0.0488286 0.0848808 0.0394358
0.128757 9.9991E-05 0.523689 0.199985 0.0876517 0.0598175
9.99644E-05 0.0190422 0.980558 9.99644E-05 9.99644E-05 9.99644E-05
9.996E-05 9.996E-05 9.996E-05 9.996E-05 9.996E-05 0.9995
9.996E-05 9.996E-05 9.996E-05 9.996E-05 9.996E-05 0.9995
9.996E-05 9.996E-05 9.996E-05 9.996E-05 9.996E-05 0.9995
9.996E-05 9.996E-05 9.996E-05 9.996E-05 9.996E-05 0.9995
9.996E-05 9.996E-05 9.996E-05 9.996E-05 9.996E-05 0.9995
0.00352911 0.0331351 0.0532485 0.0864867 0.216475 0.607125
9.99639E-05 9.99639E-05 0.00659817 9.99639E-05 9.99639E-05 0.993002
9.9964E-05 9.9964E-05 0.966816 0.0327845 9.9964E-05 9.9964E-05
9.9973E-05 9.9973E-05 0.335297 9.9973E-05 0.0756876 0.588715
9.996E-05 9.996E-05 9.996E-05 9.996E-05 0.9995 9.996E-05
0.0543669 9.9982E-05 0.102235 0.827215 9.9982E-05 0.0159827
9.9973E-05 9.9973E-05 0.565529 0.352247 0.0819248 9.9973E-05
9.996E-05 9.996E-05 9.996E-05 0.9995 9.996E-05 9.996E-05
0.00167776 9.99729E-05 0.125089 0.872934 9.99729E-05 9.99729E-05
0.104821 9.99729E-05 0.0488443 0.846035 9.99729E-05 9.99729E-05
9.99641E-05 0.87859 0.12101 9.99641E-05 9.99641E-05 9.99641E-05
0.0106142 9.99641E-05 9.99641E-05 9.99641E-05 0.988986 9.99641E-05
0.0856883 0.0412579 0.184966 0.181041 0.2309 0.276148
9.99731E-05 9.99731E-05 9.99731E-05 0.00197487 0.985998 0.011727
9.9973E-05 9.9973E-05 0.00546161 9.9973E-05 0.966584 0.0276541
9.9973E-05 9.9973E-05 9.9973E-05 0.0135917 0.900557 0.0855511
9.9973E-05 0.0150712 9.9973E-05 9.9973E-05 0.902963 0.0816657
0.0101915 9.9982E-05 0.0849993 9.9982E-05 0.901221 0.00338802
9.996E-05 9.996E-05 9.996E-05 9.996E-05 0.9995 9.996E-05
9.99642E-05 9.99642E-05 9.99642E-05 9.99642E-05 0.477098 0.522502
9.99732E-05 9.99732E-05 9.99732E-05 0.141063 0.45558 0.403058
0.00728654 9.9982E-05 0.0217972 9.9982E-05 0.954501 0.0162149
0.0244639 9.9991E-05 0.664143 0.110163 0.0707488 0.130381
0.0451157 9.9991E-05 0.61415 0.151259 0.0453594 0.144015
0.9995 9.996E-05 9.996E-05 9.996E-05 9.996E-05 9.996E-05
0.9995 9.996E-05 9.996E-05 9.996E-05 9.996E-05 9.996E-05
0.0696215 9.99902E-05 0.846854 0.00637735 9.99902E-05 0.0769475
0.0375183 9.9982E-05 0.844227 0.0514303 9.9982E-05 0.0666247
0.9995 9.996E-05 9.996E-05 9.996E-05 9.996E-05 9.996E-05
0.9995 9.996E-05 9.996E-05 9.996E-05 9.996E-05 9.996E-05
9.99641E-05 9.99641E-05 0.958958 0.040642 9.99641E-05 9.99641E-05
9.9982E-05 0.0500943 0.651765 0.25772 9.9982E-05 0.0402203
9.9973E-05 9.9973E-05 0.319629 9.9973E-05 0.0839319 0.596139
0.282982 0.11512 0.273437 0.306179 0.0221814 9.9991E-05
0.307333 0.0659407 0.221163 0.405363 9.99821E-05 9.99821E-05
0.0363885 0.0134563 9.99821E-05 9.99821E-05 0.560831 0.389124
