9.98738E-05 0.014015 9.98738E-05 9.98738E-05 0.071454 9.98738E-05 9.98738E-05 9.98738E-05 0.00175878 9.98738E-05 9.98738E-05 9.98738E-05 9.98738E-05 0.910964 9.98738E-05 9.98738E-05 9.98738E-05 0.00041041 9.98738E-05
9.98739E-05 0.024525 9.98739E-05 9.98739E-05 9.98739E-05 9.98739E-05 9.98739E-05 9.98739E-05 9.98739E-05 9.98739E-05 0.00128066 0.168946 9.98739E-05 9.98739E-05 9.98739E-05 9.98739E-05 0.690406 9.98739E-05 0.113444
9.98702E-05 9.98702E-05 9.98702E-05 9.98702E-05 9.98702E-05 0.0168883 0.102436 9.98702E-05 0.0182826 9.98702E-05 0.244311 9.98702E-05 9.98702E-05 9.98702E-05 9.98702E-05 9.98702E-05 9.98702E-05 0.042035 0.574749
9.98741E-05 9.98741E-05 0.118144 9.98741E-05 9.98741E-05 9.98741E-05 9.98741E-05 0.00255568 9.98741E-05 0.00487375 9.98741E-05 9.98741E-05 9.98741E-05 9.98741E-05 9.98741E-05 9.98741E-05 9.98741E-05 0.0145898 0.858439
9.99281E-05 9.99281E-05 9.99281E-05 9.99281E-05 0.0787864 0.00344198 9.99281E-05 9.99281E-05 9.99281E-05 0.0785326 0.135267 0.0496589 0.0196839 0.0125369 0.145544 0.0187952 0.147407 9.99281E-05 0.309547
9.98561E-05 9.98561E-05 9.98561E-05 9.98561E-05 9.98561E-05 9.98561E-05 9.98561E-05 9.98561E-05 9.98561E-05 0.0331805 9.98561E-05 9.98561E-05 0.00316541 9.98561E-05 9.98561E-05 9.98561E-05 9.98561E-05 9.98561E-05 0.962056
9.98472E-05 9.98472E-05 9.98472E-05 9.98472E-05 9.98472E-05 9.98472E-05 0.0043841 9.98472E-05 9.98472E-05 9.98472E-05 9.98472E-05 9.98472E-05 9.98472E-05 9.98472E-05 0.993919 9.98472E-05 9.98472E-05 9.98472E-05 9.98472E-05
9.99009E-05 9.99009E-05 0.0221288 9.99009E-05 0.0716875 0.077868 9.99009E-05 9.99009E-05 9.99009E-05 0.281538 0.425592 9.99009E-05 9.99009E-05 9.99009E-05 9.99009E-05 9.99009E-05 0.107987 0.00297306 0.00912657
9.98561E-05 0.0228661 9.98561E-05 9.98561E-05 9.98561E-05 9.98561E-05 9.98561E-05 9.98561E-05 9.98561E-05 9.98561E-05 9.98561E-05 9.98561E-05 9.98561E-05 9.98561E-05 0.955577 9.98561E-05 0.019959 9.98561E-05 9.98561E-05
9.98471E-05 9.98471E-05 9.98471E-05 9.98471E-05 0.851736 9.98471E-05 9.98471E-05 9.98471E-05 9.98471E-05 9.98471E-05 9.98471E-05 9.98471E-05 9.98471E-05 9.98471E-05 0.146566 9.98471E-05 9.98471E-05 9.98471E-05 9.98471E-05
9.98472E-05 9.98472E-05 9.98472E-05 9.98472E-05 0.880174 9.98472E-05 9.98472E-05 9.98472E-05 9.98472E-05 9.98472E-05 9.98472E-05 9.98472E-05 9.98472E-05 9.98472E-05 0.118128 9.98472E-05 9.98472E-05 9.98472E-05 9.98472E-05
9.9883E-05 9.9883E-05 0.0133221 9.9883E-05 9.9883E-05 9.9883E-05 0.130597 9.9883E-05 0.00446516 9.9883E-05 9.9883E-05 9.9883E-05 0.0301418 0.679664 9.9883E-05 9.9883E-05 9.9883E-05 0.140512 9.9883E-05
9.98562E-05 9.98562E-05 9.98562E-05 9.98562E-05 9.98562E-05 9.98562E-05 0.937979 9.98562E-05 9.98562E-05 0.0249435 9.98562E-05 9.98562E-05 0.0354796 9.98562E-05 9.98562E-05 9.98562E-05 9.98562E-05 9.98562E-05 9.98562E-05
9.9865E-05 0.0178107 9.9865E-05 9.9865E-05 9.9865E-05 9.9865E-05 9.9865E-05 9.9865E-05 0.0360837 9.9865E-05 9.9865E-05 9.9865E-05 9.9865E-05 9.9865E-05 9.9865E-05 9.9865E-05 0.01285 9.9865E-05 0.931758
9.98651E-05 9.98651E-05 9.98651E-05 9.98651E-05 9.98651E-05 9.98651E-05 9.98651E-05 9.98651E-05 0.0150253 9.98651E-05 9.98651E-05 0.000404719 9.98651E-05 9.98651E-05 9.98651E-05 0.0169529 9.98651E-05 9.98651E-05 0.966119
9.9865E-05 9.9865E-05 9.9865E-05 0.13148 0.0205759 9.9865E-05 9.9865E-05 0.729908 9.9865E-05 9.9865E-05 9.9865E-05 9.9865E-05 0.116538 9.9865E-05 9.9865E-05 9.9865E-05 9.9865E-05 9.9865E-05 9.9865E-05
9.98561E-05 0.918211 9.98561E-05 0.010194 0.0699977 9.98561E-05 9.98561E-05 9.98561E-05 9.98561E-05 9.98561E-05 9.98561E-05 9.98561E-05 9.98561E-05 9.98561E-05 9.98561E-05 9.98561E-05 9.98561E-05 9.98561E-05 9.98561E-05
9.98738E-05 9.98738E-05 9.98738E-05 9.98738E-05 0.0947744 9.98738E-05 9.98738E-05 9.98738E-05 0.794445 9.98738E-05 9.98738E-05 0.106727 9.98738E-05 9.98738E-05 0.00114696 9.98738E-05 0.00150795 9.98738E-05 9.98738E-05
0.95885 9.9847E-05 9.9847E-05 9.9847E-05 9.9847E-05 9.9847E-05 9.9847E-05 9.9847E-05 9.9847E-05 9.9847E-05 9.9847E-05 9.9847E-05 9.9847E-05 9.9847E-05 9.9847E-05 9.9847E-05 9.9847E-05 0.0394526 9.9847E-05
9.98919E-05 0.0264744 9.98919E-05 0.00683004 0.397829 9.98919E-05 9.98919E-05 0.33045 9.98919E-05 9.98919E-05 9.98919E-05 9.98919E-05 0.134701 0.0953207 9.98919E-05 9.98919E-05 9.98919E-05 0.00719605 9.98919E-05
9.98381E-05 9.98381E-05 9.98381E-05 9.98381E-05 9.98381E-05 9.98381E-05 9.98381E-05 9.98381E-05 0.998203 9.98381E-05 9.98381E-05 9.98381E-05 9.98381E-05 9.98381E-05 9.98381E-05 9.98381E-05 9.98381E-05 9.98381E-05 9.98381E-05
0.00372931 9.98829E-05 9.98829E-05 0.189229 0.0185229 9.98829E-05 9.98829E-05 0.167809 9.98829E-05 9.98829E-05 9.98829E-05 0.230456 9.98829E-05 0.388955 9.98829E-05 9.98829E-05 9.98829E-05 9.98829E-05 9.98829E-05
9.98377E-05 9.98377E-05 9.98377E-05 9.98377E-05 9.98377E-05 9.98377E-05 9.98377E-05 9.98377E-05 9.98377E-05 9.98377E-05 9.98377E-05 9.98377E-05 9.98377E-05 9.98377E-05 9.98377E-05 0.998203 9.98377E-05 9.98377E-05 9.98377E-05
0.530152 9.9856E-05 9.9856E-05 9.9856E-05 9.9856E-05 9.9856E-05 9.9856E-05 9.9856E-05 0.167365 9.9856E-05 9.9856E-05 9.9856E-05 9.9856E-05 9.9856E-05 9.9856E-05 0.300885 9.9856E-05 9.9856E-05 9.9856E-05
9.98565E-05 9.98565E-05 0.698076 9.98565E-05 9.98565E-05 9.98565E-05 9.98565E-05 9.98565E-05 9.98565E-05 9.98565E-05 0.00178913 9.98565E-05 9.98565E-05 9.98565E-05 9.98565E-05 9.98565E-05 9.98565E-05 9.98565E-05 0.298537
9.98472E-05 9.98472E-05 0.293831 9.98472E-05 9.98472E-05 9.98472E-05 9.98472E-05 9.98472E-05 9.98472E-05 9.98472E-05 9.98472E-05 9.98472E-05 9.98472E-05 9.98472E-05 9.98472E-05 9.98472E-05 9.98472E-05 9.98472E-05 0.704472
9.98561E-05 9.98561E-05 9.98561E-05 0.96629 9.98561E-05 9.98561E-05 0.0281881 9.98561E-05 9.98561E-05 9.98561E-05 9.98561E-05 9.98561E-05 9.98561E-05 9.98561E-05 9.98561E-05 0.00392379 9.98561E-05 9.98561E-05 9.98561E-05
9.98472E-05 9.98472E-05 0.992066 0.00623706 9.98472E-05 9.98472E-05 9.98472E-05 9.98472E-05 9.98472E-05 9.98472E-05 9.98472E-05 9.98472E-05 9.98472E-05 9.98472E-05 9.98472E-05 9.98472E-05 9.98472E-05 9.98472E-05 9.98472E-05
9.98472E-05 9.98472E-05 0.994767 0.00353548 9.98472E-05 9.98472E-05 9.98472E-05 9.98472E-05 9.98472E-05 9.98472E-05 9.98472E-05 9.98472E-05 9.98472E-05 9.98472E-05 9.98472E-05 9.98472E-05 9.98472E-05 9.98472E-05 9.98472E-05
0.0155969 9.98833E-05 0.145011 0.0277483 9.98833E-05 0.0474622 9.98833E-05 9.98833E-05 9.98833E-05 0.480894 9.98833E-05 9.98833E-05 9.98833E-05 9.98833E-05 9.98833E-05 9.98833E-05 9.98833E-05 9.98833E-05 0.281989
9.98558E-05 9.98558E-05 9.98558E-05 9.98558E-05 9.98558E-05 9.98558E-05 9.98558E-05 9.98558E-05 9.98558E-05 0.932623 0.000936564 9.98558E-05 9.98558E-05 9.98558E-05 9.98558E-05 9.98558E-05 9.98558E-05 9.98558E-05 0.064843
9.98385E-05 9.98385E-05 9.98385E-05 9.98385E-05 9.98385E-05 9.98385E-05 9.98385E-05 9.98385E-05 9.98385E-05 9.98385E-05 9.98385E-05 9.98385E-05 9.98385E-05 9.98385E-05 9.98385E-05 9.98385E-05 0.998203 9.98385E-05 9.98385E-05
9.98563E-05 9.98563E-05 0.294766 9.98563E-05 9.98563E-05 9.98563E-05 9.98563E-05 9.98563E-05 9.98563E-05 9.98563E-05 0.129246 9.98563E-05 9.98563E-05 9.98563E-05 9.98563E-05 9.98563E-05 9.98563E-05 9.98563E-05 0.57439
9.98832E-05 9.98832E-05 9.98832E-05 0.044044 9.98832E-05 0.71539 9.98832E-05 9.98832E-05 9.98832E-05 0.00764689 0.208565 9.98832E-05 9.98832E-05 9.98832E-05 9.98832E-05 9.98832E-05 0.00804597 9.98832E-05 0.0150097
9.98827E-05 0.157422 9.98827E-05 0.681795 9.98827E-05 9.98827E-05 9.98827E-05 9.98827E-05 9.98827E-05 0.0268463 0.0421261 9.98827E-05 0.0680558 9.98827E-05 9.98827E-05 9.98827E-05 9.98827E-05 0.0224562 9.98827E-05
9.98829E-05 0.00352736 0.611229 9.98829E-05 9.98829E-05 9.98829E-05 9.98829E-05 9.98829E-05 9.98829E-05 9.98829E-05 9.98829E-05 0.0105668 0.0239615 9.98829E-05 9.98829E-05 9.98829E-05 0.000989687 9.98829E-05 0.348428
9.98561E-05 9.98561E-05 9.98561E-05 9.98561E-05 9.98561E-05 9.98561E-05 9.98561E-05 9.98561E-05 9.98561E-05 9.98561E-05 0.037514 9.98561E-05 0.0210775 0.939811 9.98561E-05 9.98561E-05 9.98561E-05 9.98561E-05 9.98561E-05
0.0120443 9.99009E-05 9.99009E-05 9.99009E-05 0.529591 9.99009E-05 9.99009E-05 9.99009E-05 9.99009E-05 9.99009E-05 0.0195229 0.103339 9.99009E-05 0.0840471 9.99009E-05 0.0620875 0.182416 9.99009E-05 0.00585287
9.98562E-05 0.977796 9.98562E-05 9.98562E-05 9.98562E-05 9.98562E-05 9.98562E-05 9.98562E-05 9.98562E-05 9.98562E-05 0.0191828 9.98562E-05 9.98562E-05 9.98562E-05 9.98562E-05 9.98562E-05 9.98562E-05 9.98562E-05 0.00142363
9.9847E-05 9.9847E-05 9.9847E-05 9.9847E-05 9.9847E-05 9.9847E-05 9.9847E-05 9.9847E-05 9.9847E-05 9.9847E-05 9.9847E-05 0.995507 9.9847E-05 9.9847E-05 9.9847E-05 9.9847E-05 9.9847E-05 9.9847E-05 0.00279547
9.9847E-05 9.9847E-05 9.9847E-05 9.9847E-05 9.9847E-05 9.9847E-05 9.9847E-05 9.9847E-05 9.9847E-05 9.9847E-05 9.9847E-05 0.995812 9.9847E-05 0.00249092 9.9847E-05 9.9847E-05 9.9847E-05 9.9847E-05 9.9847E-05
0.00811923 0.00663872 9.99009E-05 0.00848748 0.863903 9.99009E-05 9.99009E-05 0.0197877 9.99009E-05 9.99009E-05 9.99009E-05 0.0269975 0.0232205 0.0417465 9.99009E-05 9.99009E-05 9.99009E-05 9.99009E-05 9.99009E-05
9.99009E-05 9.99009E-05 9.99009E-05 0.0110286 0.025821 9.99009E-05 0.047216 0.763576 0.0085986 9.99009E-05 9.99009E-05 0.00580971 9.99009E-05 0.0541544 0.0826971 9.99009E-05 9.99009E-05 9.99009E-05 9.99009E-05
9.98829E-05 0.0015607 9.98829E-05 0.0277081 0.895231 9.98829E-05 9.98829E-05 0.00014881 9.98829E-05 0.000209917 9.98829E-05 9.98829E-05 0.0738431 9.98829E-05 9.98829E-05 9.98829E-05 9.98829E-05 9.98829E-05 9.98829E-05
0.0023377 9.99008E-05 9.99008E-05 9.99008E-05 0.239411 9.99008E-05 0.15622 9.99008E-05 9.99008E-05 9.99008E-05 9.99008E-05 0.197987 0.113254 9.99008E-05 9.99008E-05 0.218903 0.0422087 0.0285795 9.99008E-05
0.0119851 9.99201E-05 9.99201E-05 9.99201E-05 0.343436 9.99201E-05 0.0167048 0.113704 9.99201E-05 0.0107721 9.99201E-05 0.242091 0.186385 0.00599706 9.99201E-05 0.0302713 0.0288365 9.99201E-05 0.00901718
9.99099E-05 0.0923662 9.99099E-05 0.0852878 0.153298 0.0114019 9.99099E-05 9.99099E-05 9.99099E-05 0.0508147 9.99099E-05 9.99099E-05 0.309167 0.176217 0.042098 9.99099E-05 9.99099E-05 9.99099E-05 0.07835
9.98481E-05 9.98481E-05 9.98481E-05 9.98481E-05 9.98481E-05 9.98481E-05 9.98481E-05 9.98481E-05 9.98481E-05 9.98481E-05 9.98481E-05 9.98481E-05 9.98481E-05 0.960279 9.98481E-05 0.0380238 9.98481E-05 9.98481E-05 9.98481E-05
9.98382E-05 9.98382E-05 9.98382E-05 9.98382E-05 9.98382E-05 0.998203 9.98382E-05 9.98382E-05 9.98382E-05 9.98382E-05 9.98382E-05 9.98382E-05 9.98382E-05 9.98382E-05 9.98382E-05 9.98382E-05 9.98382E-05 9.98382E-05 9.98382E-05
9.98562E-05 9.98562E-05 9.98562E-05 9.98562E-05 9.98562E-05 0.979379 9.98562E-05 9.98562E-05 0.0107085 9.98562E-05 9.98562E-05 9.98562E-05 9.98562E-05 9.98562E-05 9.98562E-05 0.00831443 9.98562E-05 9.98562E-05 9.98562E-05
9.98474E-05 9.98474E-05 9.98474E-05 9.98474E-05 9.98474E-05 0.987938 9.98474E-05 9.98474E-05 9.98474E-05 9.98474E-05 9.98474E-05 9.98474E-05 9.98474E-05 9.98474E-05 9.98474E-05 9.98474E-05 9.98474E-05 0.0103642 9.98474E-05
9.98473E-05 9.98473E-05 9.98473E-05 9.98473E-05 9.98473E-05 0.997761 9.98473E-05 9.98473E-05 0.000541918 9.98473E-05 9.98473E-05 9.98473E-05 9.98473E-05 9.98473E-05 9.98473E-05 9.98473E-05 9.98473E-05 9.98473E-05 9.98473E-05
9.98473E-05 9.98473E-05 0.00903602 9.98473E-05 9.98473E-05 0.989267 9.98473E-05 9.98473E-05 9.98473E-05 9.98473E-05 9.98473E-05 9.98473E-05 9.98473E-05 9.98473E-05 9.98473E-05 9.98473E-05 9.98473E-05 9.98473E-05 9.98473E-05
9.98922E-05 9.98922E-05 9.98922E-05 9.98922E-05 9.98922E-05 0.40936 9.98922E-05 0.0466098 9.98922E-05 0.286847 0.0737065 9.98922E-05 9.98922E-05 9.98922E-05 0.0873199 0.0948292 0.0001291 9.98922E-05 9.98922E-05
9.98651E-05 9.98651E-05 9.98651E-05 0.0044238 9.98651E-05 0.924883 9.98651E-05 9.98651E-05 9.98651E-05 9.98651E-05 9.98651E-05 0.00198156 9.98651E-05 9.98651E-05 9.98651E-05 9.98651E-05 0.0672134 9.98651E-05 9.98651E-05
9.98648E-05 9.98648E-05 9.98648E-05 0.0153259 9.98648E-05 9.98648E-05 9.98648E-05 0.131431 9.98648E-05 9.98648E-05 9.98648E-05 9.98648E-05 0.0533385 0.798407 9.98648E-05 9.98648E-05 9.98648E-05 9.98648E-05 9.98648E-05
9.98739E-05 9.98739E-05 0.0147841 9.98739E-05 9.98739E-05 0.00657806 9.98739E-05 9.98739E-05 9.98739E-05 9.98739E-05 9.98739E-05 9.98739E-05 9.98739E-05 9.98739E-05 0.047176 9.98739E-05 0.915314 0.0147492 9.98739E-05
9.98649E-05 0.000661753 0.530953 9.98649E-05 9.98649E-05 9.98649E-05 9.98649E-05 9.98649E-05 9.98649E-05 9.98649E-05 9.98649E-05 0.0244286 9.98649E-05 9.98649E-05 9.98649E-05 9.98649E-05 9.98649E-05 9.98649E-05 0.442459
9.98473E-05 9.98473E-05 9.98473E-05 0.973802 9.98473E-05 9.98473E-05 9.98473E-05 9.98473E-05 9.98473E-05 9.98473E-05 9.98473E-05 9.98473E-05 9.98473E-05 9.98473E-05 0.0245004 9.98473E-05 9.98473E-05 9.98473E-05 9.98473E-05
9.98562E-05 9.98562E-05 9.98562E-05 9.98562E-05 9.98562E-05 9.98562E-05 0.0417315 0.842509 9.98562E-05 9.98562E-05 9.98562E-05 9.98562E-05 0.114161 9.98562E-05 9.98562E-05 9.98562E-05 9.98562E-05 9.98562E-05 9.98562E-05
9.98382E-05 9.98382E-05 9.98382E-05 9.98382E-05 9.98382E-05 9.98382E-05 0.998203 9.98382E-05 9.98382E-05 9.98382E-05 9.98382E-05 9.98382E-05 9.98382E-05 9.98382E-05 9.98382E-05 9.98382E-05 9.98382E-05 9.98382E-05 9.98382E-05
9.98559E-05 9.98559E-05 9.98559E-05 0.295006 0.124116 9.98559E-05 0.57928 9.98559E-05 9.98559E-05 9.98559E-05 9.98559E-05 9.98559E-05 9.98559E-05 9.98559E-05 9.98559E-05 9.98559E-05 9.98559E-05 9.98559E-05 9.98559E-05
0.0102063 9.98829E-05 9.98829E-05 0.501794 0.0545659 9.98829E-05 0.351054 9.98829E-05 9.98829E-05 9.98829E-05 9.98829E-05 9.98829E-05 0.0592078 9.98829E-05 9.98829E-05 9.98829E-05 9.98829E-05 0.0218737 9.98829E-05
0.990425 9.98562E-05 9.98562E-05 9.98562E-05 9.98562E-05 9.98562E-05 9.98562E-05 9.98562E-05 9.98562E-05 9.98562E-05 9.98562E-05 9.98562E-05 9.98562E-05 0.00377453 9.98562E-05 9.98562E-05 0.00420321 9.98562E-05 9.98562E-05
9.98567E-05 9.98567E-05 0.720506 9.98567E-05 9.98567E-05 9.98567E-05 9.98567E-05 9.98567E-05 9.98567E-05 9.98567E-05 9.98567E-05 9.98567E-05 9.98567E-05 9.98567E-05 9.98567E-05 9.98567E-05 9.98567E-05 0.00269366 0.275202
0.0647748 9.9937E-05 0.101803 9.9937E-05 9.9937E-05 0.119933 0.0498237 9.9937E-05 9.9937E-05 0.128076 9.9937E-05 0.263173 0.0361828 0.0962141 9.9937E-05 0.0439531 0.0141332 0.024329 0.056905
9.98743E-05 9.98743E-05 0.0196489 9.98743E-05 9.98743E-05 9.98743E-05 0.0205318 0.00542152 9.98743E-05 9.98743E-05 0.0796397 9.98743E-05 9.98743E-05 9.98743E-05 9.98743E-05 9.98743E-05 9.98743E-05 9.98743E-05 0.87336
9.98919E-05 0.0248063 0.19894 9.98919E-05 9.98919E-05 0.000825629 9.98919E-05 9.98919E-05 9.98919E-05 0.0646989 9.98919E-05 0.00297779 9.98919E-05 9.98919E-05 0.0196427 9.98919E-05 9.98919E-05 9.98919E-05 0.68691
9.98472E-05 9.98472E-05 0.988832 9.98472E-05 9.98472E-05 9.98472E-05 9.98472E-05 0.00947057 9.98472E-05 9.98472E-05 9.98472E-05 9.98472E-05 9.98472E-05 9.98472E-05 9.98472E-05 9.98472E-05 9.98472E-05 9.98472E-05 9.98472E-05
0.00228136 9.98563E-05 0.981664 9.98563E-05 9.98563E-05 9.98563E-05 9.98563E-05 9.98563E-05 9.98563E-05 9.98563E-05 9.98563E-05 9.98563E-05 9.98563E-05 0.0144568 9.98563E-05 9.98563E-05 9.98563E-05 9.98563E-05 9.98563E-05
9.98743E-05 9.98743E-05 0.214328 9.98743E-05 9.98743E-05 9.98743E-05 9.98743E-05 9.98743E-05 9.98743E-05 0.192887 9.98743E-05 0.0500238 9.98743E-05 9.98743E-05 9.98743E-05 9.98743E-05 0.00873561 9.98743E-05 0.532628
9.98649E-05 0.0237207 0.549722 9.98649E-05 9.98649E-05 9.98649E-05 9.98649E-05 9.98649E-05 9.98649E-05 9.98649E-05 9.98649E-05 9.98649E-05 0.015961 9.98649E-05 9.98649E-05 9.98649E-05 9.98649E-05 9.98649E-05 0.409098
9.98469E-05 9.98469E-05 9.98469E-05 9.98469E-05 9.98469E-05 0.0227238 9.98469E-05 9.98469E-05 9.98469E-05 9.98469E-05 0.975579 9.98469E-05 9.98469E-05 9.98469E-05 9.98469E-05 9.98469E-05 9.98469E-05 9.98469E-05 9.98469E-05
9.98559E-05 9.98559E-05 9.98559E-05 9.98559E-05 9.98559E-05 9.98559E-05 0.040339 9.98559E-05 9.98559E-05 9.98559E-05 0.951631 9.98559E-05 9.98559E-05 9.98559E-05 0.00643223 9.98559E-05 9.98559E-05 9.98559E-05 9.98559E-05
9.98741E-05 9.98741E-05 0.088255 9.98741E-05 9.98741E-05 0.0100473 9.98741E-05 0.00575427 0.0187768 9.98741E-05 9.98741E-05 9.98741E-05 9.98741E-05 9.98741E-05 9.98741E-05 9.98741E-05 9.98741E-05 9.98741E-05 0.875768
9.9865E-05 9.9865E-05 9.9865E-05 9.9865E-05 9.9865E-05 9.9865E-05 9.9865E-05 0.955964 9.9865E-05 9.9865E-05 9.9865E-05 9.9865E-05 9.9865E-05 9.9865E-05 9.9865E-05 0.0280203 0.00984022 9.9865E-05 0.00467728
9.98471E-05 9.98471E-05 9.98471E-05 9.98471E-05 9.98471E-05 0.0122688 9.98471E-05 0.986034 9.98471E-05 9.98471E-05 9.98471E-05 9.98471E-05 9.98471E-05 9.98471E-05 9.98471E-05 9.98471E-05 9.98471E-05 9.98471E-05 9.98471E-05
9.98384E-05 9.98384E-05 9.98384E-05 9.98384E-05 9.98384E-05 9.98384E-05 9.98384E-05 9.98384E-05 9.98384E-05 9.98384E-05 9.98384E-05 9.98384E-05 9.98384E-05 9.98384E-05 9.98384E-05 9.98384E-05 9.98384E-05 0.998203 9.98384E-05
9.98474E-05 9.98474E-05 9.98474E-05 0.000331736 9.98474E-05 9.98474E-05 9.98474E-05 9.98474E-05 9.98474E-05 9.98474E-05 9.98474E-05 9.98474E-05 9.98474E-05 9.98474E-05 9.98474E-05 9.98474E-05 9.98474E-05 0.997971 9.98474E-05
9.98828E-05 9.98828E-05 0.0137201 9.98828E-05 0.729389 9.98828E-05 0.0619105 0.00508875 9.98828E-05 9.98828E-05 9.98828E-05 0.162822 9.98828E-05 9.98828E-05 9.98828E-05 9.98828E-05 0.0257707 9.98828E-05 9.98828E-05
9.9865E-05 9.9865E-05 9.9865E-05 9.9865E-05 0.728495 9.9865E-05 0.0859369 0.0241256 9.9865E-05 9.9865E-05 9.9865E-05 0.159945 9.9865E-05 9.9865E-05 9.9865E-05 9.9865E-05 9.9865E-05 9.9865E-05 9.9865E-05
9.98652E-05 9.98652E-05 9.98652E-05 9.98652E-05 9.98652E-05 9.98652E-05 9.98652E-05 0.0104551 9.98652E-05 9.98652E-05 0.0235354 9.98652E-05 9.98652E-05 9.98652E-05 9.98652E-05 0.0208089 9.98652E-05 0.943703 9.98652E-05
9.98473E-05 9.98473E-05 9.98473E-05 9.98473E-05 9.98473E-05 9.98473E-05 9.98473E-05 9.98473E-05 9.98473E-05 9.98473E-05 9.98473E-05 0.01688 9.98473E-05 9.98473E-05 9.98473E-05 9.98473E-05 9.98473E-05 0.981423 9.98473E-05
9.9865E-05 9.9865E-05 9.9865E-05 0.0103856 9.9865E-05 9.9865E-05 9.9865E-05 0.0362425 9.9865E-05 9.9865E-05 9.9865E-05 9.9865E-05 9.9865E-05 0.945923 0.00595079 9.9865E-05 9.9865E-05 9.9865E-05 9.9865E-05
0.00618313 9.98739E-05 9.98739E-05 9.98739E-05 9.98739E-05 9.98739E-05 0.192571 0.0373886 9.98739E-05 9.98739E-05 9.98739E-05 0.686022 9.98739E-05 9.98739E-05 0.0764372 9.98739E-05 9.98739E-05 9.98739E-05 9.98739E-05
9.9856E-05 9.9856E-05 9.9856E-05 9.9856E-05 9.9856E-05 0.0451826 9.9856E-05 9.9856E-05 9.9856E-05 9.9856E-05 9.9856E-05 9.9856E-05 9.9856E-05 9.9856E-05 0.0699898 9.9856E-05 0.88323 9.9856E-05 9.9856E-05
9.9847E-05 9.9847E-05 9.9847E-05 9.9847E-05 9.9847E-05 9.9847E-05 9.9847E-05 9.9847E-05 9.9847E-05 9.9847E-05 9.9847E-05 9.9847E-05 0.946391 9.9847E-05 9.9847E-05 0.0519115 9.9847E-05 9.9847E-05 9.9847E-05
9.9874E-05 0.0511104 9.9874E-05 9.9874E-05 9.9874E-05 9.9874E-05 9.9874E-05 9.9874E-05 0.0167495 9.9874E-05 9.9874E-05 9.9874E-05 0.874703 0.0322975 9.9874E-05 9.9874E-05 9.9874E-05 0.0237411 9.9874E-05
9.98381E-05 9.98381E-05 9.98381E-05 9.98381E-05 9.98381E-05 9.98381E-05 9.98381E-05 9.98381E-05 9.98381E-05 0.998203 9.98381E-05 9.98381E-05 9.98381E-05 9.98381E-05 9.98381E-05 9.98381E-05 9.98381E-05 9.98381E-05 9.98381E-05
