9.98649E-05 9.98649E-05 9.98649E-05 9.98649E-05 9.98649E-05 9.98649E-05 9.98649E-05 9.98649E-05 9.98649E-05 9.98649E-05 9.98649E-05 9.98649E-05 0.934485 0.0257989 0.0140192 0.0241987 9.98649E-05 9.98649E-05 9.98649E-05
9.98649E-05 0.120404 0.163107 9.98649E-05 9.98649E-05 9.98649E-05 9.98649E-05 9.98649E-05 9.98649E-05 9.98649E-05 9.98649E-05 9.98649E-05 9.98649E-05 9.98649E-05 9.98649E-05 9.98649E-05 0.0543934 9.98649E-05 0.660598
9.98382E-05 9.98382E-05 9.98382E-05 9.98382E-05 9.98382E-05 9.98382E-05 9.98382E-05 9.98382E-05 9.98382E-05 9.98382E-05 9.98382E-05 9.98382E-05 9.98382E-05 9.98382E-05 9.98382E-05 9.98382E-05 9.98382E-05 0.998203 9.98382E-05
9.98651E-05 0.916638 9.98651E-05 9.98651E-05 9.98651E-05 0.015124 9.98651E-05 9.98651E-05 9.98651E-05 9.98651E-05 0.040019 9.98651E-05 9.98651E-05 0.0267207 9.98651E-05 9.98651E-05 9.98651E-05 9.98651E-05 9.98651E-05
9.99281E-05 0.270687 0.0368525 9.99281E-05 9.99281E-05 0.0601725 9.99281E-05 9.99281E-05 9.99281E-05 0.0109476 0.0242784 0.186706 9.99281E-05 9.99281E-05 0.0267952 0.086865 0.0427456 0.0272766 0.225874
9.98651E-05 0.993148 9.98651E-05 0.00111926 9.98651E-05 9.98651E-05 0.00176729 9.98651E-05 9.98651E-05 0.00246743 9.98651E-05 9.98651E-05 9.98651E-05 9.98651E-05 9.98651E-05 9.98651E-05 9.98651E-05 9.98651E-05 9.98651E-05
9.98832E-05 9.98832E-05 9.98832E-05 0.245516 0.0126038 9.98832E-05 9.98832E-05 9.98832E-05 0.20406 9.98832E-05 9.98832E-05 0.376022 9.98832E-05 9.98832E-05 9.98832E-05 0.023205 9.98832E-05 9.98832E-05 0.137294
9.99098E-05 0.0404057 9.99098E-05 9.99098E-05 9.99098E-05 0.121527 9.99098E-05 9.99098E-05 9.99098E-05 9.99098E-05 0.0642851 0.569878 9.99098E-05 0.0254451 9.99098E-05 0.0749567 0.00477517 0.0242428 0.0734852
9.98741E-05 9.98741E-05 9.98741E-05 0.167095 9.98741E-05 9.98741E-05 9.98741E-05 9.98741E-05 0.218046 9.98741E-05 9.98741E-05 0.341138 9.98741E-05 9.98741E-05 9.98741E-05 0.0714292 9.98741E-05 9.98741E-05 0.200893
9.98385E-05 9.98385E-05 9.98385E-05 9.98385E-05 9.98385E-05 9.98385E-05 9.98385E-05 9.98385E-05 9.98385E-05 9.98385E-05 9.98385E-05 9.98385E-05 9.98385E-05 9.98385E-05 9.98385E-05 0.998203 9.98385E-05 9.98385E-05 9.98385E-05
9.98474E-05 9.98474E-05 9.98474E-05 9.98474E-05 0.00545917 9.98474E-05 9.98474E-05 9.98474E-05 9.98474E-05 9.98474E-05 9.98474E-05 9.98474E-05 9.98474E-05 9.98474E-05 9.98474E-05 0.992843 9.98474E-05 9.98474E-05 9.98474E-05
9.98742E-05 9.98742E-05 9.98742E-05 0.113038 9.98742E-05 9.98742E-05 9.98742E-05 9.98742E-05 9.98742E-05 9.98742E-05 0.0169803 0.0131067 0.749435 0.106042 9.98742E-05 9.98742E-05 9.98742E-05 9.98742E-05 9.98742E-05
9.98563E-05 9.98563E-05 9.98563E-05 0.943077 9.98563E-05 9.98563E-05 9.98563E-05 9.98563E-05 9.98563E-05 9.98563E-05 0.0173344 0.037991 9.98563E-05 9.98563E-05 9.98563E-05 9.98563E-05 9.98563E-05 9.98563E-05 9.98563E-05
9.98652E-05 0.946104 9.98652E-05 9.98652E-05 9.98652E-05 9.98652E-05 9.98652E-05 0.0100695 9.98652E-05 0.0376688 9.98652E-05 9.98652E-05 9.98652E-05 9.98652E-05 9.98652E-05 9.98652E-05 0.0046596 9.98652E-05 9.98652E-05
0.00826247 0.961961 9.98741E-05 9.98741E-05 9.98741E-05 9.98741E-05 9.98741E-05 0.0141059 9.98741E-05 9.98741E-05 9.98741E-05 9.98741E-05 0.00977694 9.98741E-05 0.00449537 9.98741E-05 9.98741E-05 9.98741E-05 9.98741E-05
9.98739E-05 9.98739E-05 9.98739E-05 0.0785445 9.98739E-05 9.98739E-05 9.98739E-05 9.98739E-05 0.735345 0.122942 9.98739E-05 9.98739E-05 0.00634793 9.98739E-05 9.98739E-05 0.0554225 9.98739E-05 9.98739E-05 9.98739E-05
9.98561E-05 9.98561E-05 9.98561E-05 9.98561E-05 9.98561E-05 9.98561E-05 0.00559054 9.98561E-05 9.98561E-05 9.98561E-05 9.98561E-05 9.98561E-05 9.98561E-05 9.98561E-05 9.98561E-05 0.0694654 0.923346 9.98561E-05 9.98561E-05
9.98829E-05 9.98829E-05 0.126826 9.98829E-05 9.98829E-05 9.98829E-05 9.98829E-05 0.73121 9.98829E-05 9.98829E-05 9.98829E-05 9.98829E-05 9.98829E-05 9.98829E-05 0.0443436 0.0529248 0.0174478 9.98829E-05 0.0259488
9.98473E-05 9.98473E-05 9.98473E-05 9.98473E-05 9.98473E-05 9.98473E-05 0.98788 9.98473E-05 9.98473E-05 9.98473E-05 0.0104223 9.98473E-05 9.98473E-05 9.98473E-05 9.98473E-05 9.98473E-05 9.98473E-05 9.98473E-05 9.98473E-05
9.98828E-05 9.98828E-05 9.98828E-05 9.98828E-05 9.98828E-05 9.98828E-05 9.98828E-05 9.98828E-05 0.294394 0.19325 9.98828E-05 9.98828E-05 0.0751586 0.0135507 9.98828E-05 0.404374 0.0179739 9.98828E-05 9.98828E-05
9.9856E-05 9.9856E-05 9.9856E-05 9.9856E-05 9.9856E-05 9.9856E-05 0.0420391 0.930523 9.9856E-05 9.9856E-05 9.9856E-05 9.9856E-05 9.9856E-05 9.9856E-05 0.0258401 9.9856E-05 9.9856E-05 9.9856E-05 9.9856E-05
9.9901E-05 9.9901E-05 0.284703 0.0369557 0.00275261 9.9901E-05 9.9901E-05 9.9901E-05 0.142437 0.0231063 9.9901E-05 9.9901E-05 0.489567 9.9901E-05 9.9901E-05 0.0161897 0.00319 9.9901E-05 9.9901E-05
9.9838E-05 9.9838E-05 9.9838E-05 9.9838E-05 9.9838E-05 9.9838E-05 9.9838E-05 9.9838E-05 9.9838E-05 9.9838E-05 9.9838E-05 9.9838E-05 9.9838E-05 9.9838E-05 0.998203 9.9838E-05 9.9838E-05 9.9838E-05 9.9838E-05
9.98472E-05 9.98472E-05 9.98472E-05 9.98472E-05 9.98472E-05 9.98472E-05 0.926586 9.98472E-05 9.98472E-05 9.98472E-05 9.98472E-05 9.98472E-05 9.98472E-05 9.98472E-05 0.0717166 9.98472E-05 9.98472E-05 9.98472E-05 9.98472E-05
9.98563E-05 0.393925 9.98563E-05 9.98563E-05 9.98563E-05 9.98563E-05 9.98563E-05 9.98563E-05 9.98563E-05 9.98563E-05 0.5815 9.98563E-05 9.98563E-05 9.98563E-05 9.98563E-05 9.98563E-05 9.98563E-05 0.0229775 9.98563E-05
9.98652E-05 0.814248 9.98652E-05 9.98652E-05 0.00202686 9.98652E-05 9.98652E-05 9.98652E-05 9.98652E-05 9.98652E-05 0.172018 9.98652E-05 9.98652E-05 9.98652E-05 9.98652E-05 9.98652E-05 9.98652E-05 9.98652E-05 0.0102094
0.0984735 9.98826E-05 9.98826E-05 0.729924 9.98826E-05 9.98826E-05 9.98826E-05 9.98826E-05 0.0200342 9.98826E-05 9.98826E-05 9.98826E-05 9.98826E-05 0.0529902 9.98826E-05 0.0321072 0.0651726 9.98826E-05 9.98826E-05
9.98382E-05 9.98382E-05 9.98382E-05 9.98382E-05 9.98382E-05 9.98382E-05 9.98382E-05 9.98382E-05 9.98382E-05 9.98382E-05 0.998203 9.98382E-05 9.98382E-05 9.98382E-05 9.98382E-05 9.98382E-05 9.98382E-05 9.98382E-05 9.98382E-05
9.98471E-05 9.98471E-05 9.98471E-05 9.98471E-05 9.98471E-05 9.98471E-05 9.98471E-05 9.98471E-05 9.98471E-05 9.98471E-05 0.979891 9.98471E-05 9.98471E-05 9.98471E-05 9.98471E-05 9.98471E-05 9.98471E-05 0.0184114 9.98471E-05
9.99192E-05 0.335707 9.99192E-05 9.99192E-05 9.99192E-05 0.240846 9.99192E-05 0.0310815 9.99192E-05 9.99192E-05 0.247472 0.100808 0.0213242 0.00330942 9.99192E-05 9.99192E-05 0.00311749 0.0114871 0.0039493
9.99009E-05 0.326192 9.99009E-05 9.99009E-05 9.99009E-05 0.101664 9.99009E-05 9.99009E-05 9.99009E-05 9.99009E-05 0.176293 0.328093 9.99009E-05 0.0188186 9.99009E-05 0.00497121 0.0412445 9.99009E-05 0.00162603
9.98385E-05 9.98385E-05 9.98385E-05 9.98385E-05 9.98385E-05 9.98385E-05 9.98385E-05 9.98385E-05 9.98385E-05 9.98385E-05 9.98385E-05 9.98385E-05 9.98385E-05 9.98385E-05 9.98385E-05 9.98385E-05 9.98385E-05 9.98385E-05 0.998203
9.98562E-05 0.533096 9.98562E-05 9.98562E-05 9.98562E-05 9.98562E-05 9.98562E-05 9.98562E-05 9.98562E-05 9.98562E-05 0.315973 0.149334 9.98562E-05 9.98562E-05 9.98562E-05 9.98562E-05 9.98562E-05 9.98562E-05 9.98562E-05
9.98653E-05 9.98653E-05 9.98653E-05 9.98653E-05 9.98653E-05 0.721639 9.98653E-05 9.98653E-05 9.98653E-05 9.98653E-05 9.98653E-05 0.24196 0.0278315 9.98653E-05 9.98653E-05 0.00707172 9.98653E-05 9.98653E-05 9.98653E-05
0.00107625 9.99097E-05 0.0646197 0.454179 9.99097E-05 0.00403237 9.99097E-05 9.99097E-05 9.99097E-05 0.118745 0.0346681 0.0106892 9.99097E-05 0.0682055 9.99097E-05 9.99097E-05 0.242786 9.99097E-05 9.99097E-05
9.98738E-05 0.384845 9.98738E-05 9.98738E-05 9.98738E-05 9.98738E-05 9.98738E-05 9.98738E-05 9.98738E-05 0.0095559 0.558136 0.0383978 9.98738E-05 9.98738E-05 9.98738E-05 9.98738E-05 0.0076673 9.98738E-05 9.98738E-05
9.98473E-05 9.98473E-05 9.98473E-05 9.98473E-05 9.98473E-05 9.98473E-05 9.98473E-05 9.98473E-05 9.98473E-05 9.98473E-05 9.98473E-05 9.98473E-05 0.97108 9.98473E-05 9.98473E-05 9.98473E-05 9.98473E-05 0.027223 9.98473E-05
9.99099E-05 0.00300864 0.078201 9.99099E-05 9.99099E-05 9.99099E-05 9.99099E-05 0.0150366 9.99099E-05 9.99099E-05 9.99099E-05 0.0159368 0.0925075 9.99099E-05 0.0506177 0.541387 0.0144426 9.99099E-05 0.187863
9.98472E-05 0.0103413 9.98472E-05 9.98472E-05 9.98472E-05 9.98472E-05 9.98472E-05 9.98472E-05 9.98472E-05 9.98472E-05 9.98472E-05 9.98472E-05 9.98472E-05 9.98472E-05 9.98472E-05 9.98472E-05 0.987961 9.98472E-05 9.98472E-05
9.9847E-05 0.0244696 0.973833 9.9847E-05 9.9847E-05 9.9847E-05 9.9847E-05 9.9847E-05 9.9847E-05 9.9847E-05 9.9847E-05 9.9847E-05 9.9847E-05 9.9847E-05 9.9847E-05 9.9847E-05 9.9847E-05 9.9847E-05 9.9847E-05
0.00254183 9.9856E-05 0.988743 9.9856E-05 9.9856E-05 9.9856E-05 9.9856E-05 9.9856E-05 9.9856E-05 9.9856E-05 9.9856E-05 9.9856E-05 0.00711792 9.9856E-05 9.9856E-05 9.9856E-05 9.9856E-05 9.9856E-05 9.9856E-05
0.0508981 9.99008E-05 0.00160585 0.000305287 9.99008E-05 9.99008E-05 0.012034 9.99008E-05 0.0205194 0.0311634 9.99008E-05 9.99008E-05 9.99008E-05 9.99008E-05 9.99008E-05 0.839685 0.0426898 9.99008E-05 9.99008E-05
9.9892E-05 9.9892E-05 0.0280327 0.055715 9.9892E-05 9.9892E-05 0.00674646 0.0125927 0.813742 9.9892E-05 9.9892E-05 9.9892E-05 0.00578715 9.9892E-05 9.9892E-05 0.0761857 9.9892E-05 9.9892E-05 9.9892E-05
9.98738E-05 9.98738E-05 9.98738E-05 9.98738E-05 9.98738E-05 0.00870318 9.98738E-05 9.98738E-05 9.98738E-05 0.110636 9.98738E-05 9.98738E-05 0.00635647 9.98738E-05 9.98738E-05 0.849327 0.0235791 9.98738E-05 9.98738E-05
0.00983701 9.99278E-05 0.137638 0.153404 9.99278E-05 9.99278E-05 0.0457933 9.99278E-05 0.0283221 0.105283 9.99278E-05 9.99278E-05 0.019403 0.0249627 0.183118 0.254514 9.99278E-05 9.99278E-05 0.0369246
0.0342564 0.0219103 0.142852 9.9928E-05 9.9928E-05 9.9928E-05 9.9928E-05 0.026815 0.0999821 0.198799 9.9928E-05 9.9928E-05 0.0298692 9.9928E-05 0.00186204 0.378204 9.9928E-05 0.0219311 0.04272
0.0864649 0.0614846 9.99189E-05 0.0485442 9.99189E-05 0.0109722 9.99189E-05 9.99189E-05 9.99189E-05 0.393868 0.0261359 9.99189E-05 0.0588258 9.99189E-05 9.99189E-05 0.181086 0.0829243 9.99189E-05 0.0487952
0.998203 9.98382E-05 9.98382E-05 9.98382E-05 9.98382E-05 9.98382E-05 9.98382E-05 9.98382E-05 9.98382E-05 9.98382E-05 9.98382E-05 9.98382E-05 9.98382E-05 9.98382E-05 9.98382E-05 9.98382E-05 9.98382E-05 9.98382E-05 9.98382E-05
9.98472E-05 9.98472E-05 9.98472E-05 9.98472E-05 9.98472E-05 0.994963 9.98472E-05 9.98472E-05 9.98472E-05 9.98472E-05 0.00333915 9.98472E-05 9.98472E-05 9.98472E-05 9.98472E-05 9.98472E-05 9.98472E-05 9.98472E-05 9.98472E-05
9.98562E-05 9.98562E-05 0.011073 9.98562E-05 9.98562E-05 0.984719 9.98562E-05 0.00261071 9.98562E-05 9.98562E-05 9.98562E-05 9.98562E-05 9.98562E-05 9.98562E-05 9.98562E-05 9.98562E-05 9.98562E-05 9.98562E-05 9.98562E-05
9.98563E-05 9.98563E-05 9.98563E-05 9.98563E-05 9.98563E-05 0.993344 9.98563E-05 9.98563E-05 9.98563E-05 9.98563E-05 9.98563E-05 9.98563E-05 9.98563E-05 0.00148286 9.98563E-05 0.00357535 9.98563E-05 9.98563E-05 9.98563E-05
9.98383E-05 9.98383E-05 9.98383E-05 9.98383E-05 9.98383E-05 0.998203 9.98383E-05 9.98383E-05 9.98383E-05 9.98383E-05 9.98383E-05 9.98383E-05 9.98383E-05 9.98383E-05 9.98383E-05 9.98383E-05 9.98383E-05 9.98383E-05 9.98383E-05
9.98382E-05 9.98382E-05 9.98382E-05 9.98382E-05 9.98382E-05 0.998203 9.98382E-05 9.98382E-05 9.98382E-05 9.98382E-05 9.98382E-05 9.98382E-05 9.98382E-05 9.98382E-05 9.98382E-05 9.98382E-05 9.98382E-05 9.98382E-05 9.98382E-05
9.99102E-05 9.99102E-05 0.000274713 9.99102E-05 0.0121426 0.392459 9.99102E-05 9.99102E-05 0.0523997 9.99102E-05 0.130324 0.197023 9.99102E-05 9.99102E-05 0.118672 9.99102E-05 9.99102E-05 0.0780363 0.0176701
9.98651E-05 9.98651E-05 9.98651E-05 9.98651E-05 9.98651E-05 0.912845 9.98651E-05 9.98651E-05 0.0265001 9.98651E-05 9.98651E-05 9.98651E-05 0.00601424 9.98651E-05 9.98651E-05 9.98651E-05 9.98651E-05 9.98651E-05 0.0531422
9.9856E-05 9.9856E-05 9.9856E-05 9.9856E-05 9.9856E-05 9.9856E-05 9.9856E-05 9.9856E-05 0.116584 0.00422711 9.9856E-05 9.9856E-05 0.877591 9.9856E-05 9.9856E-05 9.9856E-05 9.9856E-05 9.9856E-05 9.9856E-05
9.98919E-05 9.98919E-05 9.98919E-05 9.98919E-05 0.01196 0.0107182 9.98919E-05 9.98919E-05 9.98919E-05 0.0129468 0.0251105 9.98919E-05 0.0192226 0.00631685 9.98919E-05 9.98919E-05 9.98919E-05 9.98919E-05 0.912526
9.98559E-05 0.559376 0.0249664 9.98559E-05 9.98559E-05 9.98559E-05 9.98559E-05 9.98559E-05 9.98559E-05 9.98559E-05 0.41406 9.98559E-05 9.98559E-05 9.98559E-05 9.98559E-05 9.98559E-05 9.98559E-05 9.98559E-05 9.98559E-05
9.98741E-05 9.98741E-05 0.0912298 0.771631 9.98741E-05 9.98741E-05 9.98741E-05 9.98741E-05 0.0788878 9.98741E-05 9.98741E-05 9.98741E-05 0.0203987 0.0364541 9.98741E-05 9.98741E-05 9.98741E-05 9.98741E-05 9.98741E-05
9.98653E-05 9.98653E-05 9.98653E-05 0.000609969 9.98653E-05 9.98653E-05 9.98653E-05 9.98653E-05 0.841374 0.138296 9.98653E-05 9.98653E-05 0.0182219 9.98653E-05 9.98653E-05 9.98653E-05 9.98653E-05 9.98653E-05 9.98653E-05
9.98476E-05 9.98476E-05 9.98476E-05 0.990223 9.98476E-05 9.98476E-05 9.98476E-05 9.98476E-05 9.98476E-05 9.98476E-05 9.98476E-05 9.98476E-05 9.98476E-05 9.98476E-05 9.98476E-05 9.98476E-05 9.98476E-05 0.00807944 9.98476E-05
9.98649E-05 9.98649E-05 0.034361 0.900138 9.98649E-05 9.98649E-05 9.98649E-05 9.98649E-05 9.98649E-05 9.98649E-05 9.98649E-05 9.98649E-05 0.00598102 9.98649E-05 9.98649E-05 0.058022 9.98649E-05 9.98649E-05 9.98649E-05
9.98828E-05 9.98828E-05 0.00456289 0.778787 9.98828E-05 9.98828E-05 9.98828E-05 9.98828E-05 9.98828E-05 0.0611174 9.98828E-05 9.98828E-05 9.98828E-05 0.0406069 0.00226251 0.111365 9.98828E-05 9.98828E-05 9.98828E-05
9.98384E-05 9.98384E-05 9.98384E-05 9.98384E-05 9.98384E-05 9.98384E-05 9.98384E-05 0.998203 9.98384E-05 9.98384E-05 9.98384E-05 9.98384E-05 9.98384E-05 9.98384E-05 9.98384E-05 9.98384E-05 9.98384E-05 9.98384E-05 9.98384E-05
9.98657E-05 0.346885 9.98657E-05 9.98657E-05 9.98657E-05 9.98657E-05 9.98657E-05 9.98657E-05 9.98657E-05 9.98657E-05 0.645211 9.98657E-05 9.98657E-05 0.00173016 9.98657E-05 9.98657E-05 9.98657E-05 0.00467554 9.98657E-05
9.98384E-05 9.98384E-05 9.98384E-05 9.98384E-05 0.998203 9.98384E-05 9.98384E-05 9.98384E-05 9.98384E-05 9.98384E-05 9.98384E-05 9.98384E-05 9.98384E-05 9.98384E-05 9.98384E-05 9.98384E-05 9.98384E-05 9.98384E-05 9.98384E-05
9.98743E-05 0.798185 9.98743E-05 9.98743E-05 0.00996456 9.98743E-05 9.98743E-05 9.98743E-05 0.0115196 9.98743E-05 9.98743E-05 0.0790867 9.98743E-05 9.98743E-05 9.98743E-05 9.98743E-05 9.98743E-05 0.0998461 9.98743E-05
9.98651E-05 0.712971 9.98651E-05 9.98651E-05 0.0551519 9.98651E-05 9.98651E-05 9.98651E-05 9.98651E-05 9.98651E-05 0.206571 9.98651E-05 9.98651E-05 9.98651E-05 9.98651E-05 9.98651E-05 0.0238078 9.98651E-05 9.98651E-05
9.98303E-05 9.98303E-05 9.98303E-05 9.98303E-05 9.98303E-05 9.98303E-05 9.98303E-05 9.98303E-05 0.0127073 9.98303E-05 0.985596 9.98303E-05 9.98303E-05 9.98303E-05 9.98303E-05 9.98303E-05 9.98303E-05 9.98303E-05 9.98303E-05
9.98472E-05 9.98472E-05 9.98472E-05 9.98472E-05 9.98472E-05 9.98472E-05 9.98472E-05 9.98472E-05 0.00432165 9.98472E-05 0.993981 9.98472E-05 9.98472E-05 9.98472E-05 9.98472E-05 9.98472E-05 9.98472E-05 9.98472E-05 9.98472E-05
9.98742E-05 0.632701 0.00933387 9.98742E-05 9.98742E-05 9.98742E-05 9.98742E-05 9.98742E-05 9.98742E-05 9.98742E-05 0.155333 0.153783 9.98742E-05 9.98742E-05 9.98742E-05 0.0474512 9.98742E-05 9.98742E-05 9.98742E-05
9.9865E-05 0.492793 0.00638329 9.9865E-05 9.9865E-05 9.9865E-05 9.9865E-05 9.9865E-05 9.9865E-05 9.9865E-05 0.475411 9.9865E-05 9.9865E-05 9.9865E-05 9.9865E-05 9.9865E-05 0.0239152 9.9865E-05 9.9865E-05
9.98648E-05 0.0228408 9.98648E-05 9.98648E-05 9.98648E-05 0.00777578 9.98648E-05 9.98648E-05 9.98648E-05 9.98648E-05 9.98648E-05 0.962699 9.98648E-05 9.98648E-05 9.98648E-05 9.98648E-05 0.00518684 9.98648E-05 9.98648E-05
9.9838E-05 9.9838E-05 9.9838E-05 9.9838E-05 9.9838E-05 9.9838E-05 9.9838E-05 9.9838E-05 9.9838E-05 9.9838E-05 9.9838E-05 0.998203 9.9838E-05 9.9838E-05 9.9838E-05 9.9838E-05 9.9838E-05 9.9838E-05 9.9838E-05
9.98921E-05 0.8152 9.98921E-05 9.98921E-05 9.98921E-05 0.0500031 9.98921E-05 9.98921E-05 0.0141289 9.98921E-05 0.0822629 9.98921E-05 0.00132985 9.98921E-05 0.00803758 9.98921E-05 9.98921E-05 0.0278394 9.98921E-05
9.9865E-05 0.0246521 9.9865E-05 9.9865E-05 9.9865E-05 9.9865E-05 9.9865E-05 9.9865E-05 0.953285 9.9865E-05 9.9865E-05 9.9865E-05 9.9865E-05 0.0159404 9.9865E-05 9.9865E-05 0.00462462 9.9865E-05 9.9865E-05
9.9856E-05 9.9856E-05 9.9856E-05 9.9856E-05 9.9856E-05 0.00386266 9.9856E-05 9.9856E-05 0.993069 9.9856E-05 9.9856E-05 9.9856E-05 9.9856E-05 0.00147111 9.9856E-05 9.9856E-05 9.9856E-05 9.9856E-05 9.9856E-05
9.98474E-05 9.98474E-05 9.98474E-05 9.98474E-05 9.98474E-05 9.98474E-05 9.98474E-05 9.98474E-05 9.98474E-05 9.98474E-05 9.98474E-05 9.98474E-05 0.00911244 0.98919 9.98474E-05 9.98474E-05 9.98474E-05 9.98474E-05 9.98474E-05
9.98385E-05 9.98385E-05 9.98385E-05 9.98385E-05 9.98385E-05 9.98385E-05 9.98385E-05 9.98385E-05 9.98385E-05 9.98385E-05 9.98385E-05 9.98385E-05 9.98385E-05 0.998203 9.98385E-05 9.98385E-05 9.98385E-05 9.98385E-05 9.98385E-05
0.0452433 9.98918E-05 0.125697 0.0157503 9.98918E-05 9.98918E-05 9.98918E-05 9.98918E-05 0.0277392 9.98918E-05 0.0104428 9.98918E-05 9.98918E-05 9.98918E-05 9.98918E-05 0.707644 9.98918E-05 9.98918E-05 0.0662841
0.0152957 9.9892E-05 0.138363 0.0126874 9.9892E-05 9.9892E-05 9.9892E-05 9.9892E-05 0.0843603 9.9892E-05 0.00476638 9.9892E-05 9.9892E-05 9.9892E-05 9.9892E-05 0.714919 9.9892E-05 9.9892E-05 0.0284101
9.98564E-05 9.98564E-05 9.98564E-05 9.98564E-05 9.98564E-05 9.98564E-05 9.98564E-05 9.98564E-05 9.98564E-05 9.98564E-05 9.98564E-05 0.0225276 9.98564E-05 0.96483 9.98564E-05 9.98564E-05 0.0110443 9.98564E-05 9.98564E-05
9.98384E-05 9.98384E-05 9.98384E-05 9.98384E-05 9.98384E-05 9.98384E-05 9.98384E-05 9.98384E-05 9.98384E-05 9.98384E-05 9.98384E-05 9.98384E-05 9.98384E-05 0.998203 9.98384E-05 9.98384E-05 9.98384E-05 9.98384E-05 9.98384E-05
0.0904335 9.9874E-05 9.9874E-05 0.0170943 0.0090822 0.0166458 9.9874E-05 9.9874E-05 9.9874E-05 9.9874E-05 9.9874E-05 9.9874E-05 0.865346 9.9874E-05 9.9874E-05 9.9874E-05 9.9874E-05 9.9874E-05 9.9874E-05
9.98652E-05 9.98652E-05 0.753822 0.152388 9.98652E-05 9.98652E-05 0.0026513 9.98652E-05 0.0896402 9.98652E-05 9.98652E-05 9.98652E-05 9.98652E-05 9.98652E-05 9.98652E-05 9.98652E-05 9.98652E-05 9.98652E-05 9.98652E-05
9.9865E-05 9.9865E-05 9.9865E-05 9.9865E-05 0.0198187 0.0281159 9.9865E-05 9.9865E-05 9.9865E-05 9.9865E-05 9.9865E-05 0.00681886 9.9865E-05 9.9865E-05 9.9865E-05 9.9865E-05 9.9865E-05 9.9865E-05 0.943749
9.9838E-05 9.9838E-05 9.9838E-05 9.9838E-05 9.9838E-05 9.9838E-05 9.9838E-05 9.9838E-05 9.9838E-05 0.998203 9.9838E-05 9.9838E-05 9.9838E-05 9.9838E-05 9.9838E-05 9.9838E-05 9.9838E-05 9.9838E-05 9.9838E-05
9.98742E-05 9.98742E-05 9.98742E-05 0.0491117 9.98742E-05 9.98742E-05 9.98742E-05 9.98742E-05 9.98742E-05 0.862193 9.98742E-05 9.98742E-05 0.0505058 0.0138453 9.98742E-05 9.98742E-05 0.0229459 9.98742E-05 9.98742E-05
9.98924E-05 0.0251938 9.98924E-05 9.98924E-05 9.98924E-05 0.0912079 9.98924E-05 0.0186381 9.98924E-05 9.98924E-05 0.449292 0.351662 9.98924E-05 0.0105335 0.0522735 9.98924E-05 9.98924E-05 9.98924E-05 9.98924E-05
