9.9973E-05 0.0130779 9.9973E-05 0.986622 9.9973E-05
9.999E-05 0.0603958 0.266215 0.350132 0.323157
0.0569086 0.0335942 0.143066 0.0429535 0.723478
9.9973E-05 0.0423577 9.9973E-05 9.9973E-05 0.957342
0.00798874 0.00109104 0.257237 0.243736 0.489947
9.9973E-05 0.0143913 9.9973E-05 9.9973E-05 0.985309
9.99821E-05 9.99821E-05 0.339876 0.585852 0.0740718
9.9991E-05 0.0249827 0.454614 0.0759917 0.444311
9.99821E-05 9.99821E-05 0.387439 0.589751 0.0226099
9.9982E-05 0.130983 0.142058 0.726759 9.9982E-05
9.9982E-05 0.143785 0.119875 0.73614 9.9982E-05
9.9982E-05 0.126635 9.9982E-05 0.818228 0.0549375
0.0129588 0.0099324 9.99911E-05 0.908829 0.0681803
0.0151909 0.0092456 9.9991E-05 0.010161 0.965302
0.0122487 9.9973E-05 9.9973E-05 9.9973E-05 0.987451
9.999E-05 0.0122529 0.0157851 0.936916 0.0349456
0.0908997 0.36137 0.0136181 0.512227 0.0218846
0.715136 9.9982E-05 0.0571573 0.227506 9.9982E-05
0.933587 0.066113 9.9973E-05 9.9973E-05 9.9973E-05
9.9982E-05 0.155679 0.0173631 0.826758 9.9982E-05
0.984849 9.9973E-05 9.9973E-05 9.9973E-05 0.014851
9.9982E-05 0.0595586 9.9982E-05 0.925544 0.0146976
0.429727 0.386777 0.0732705 0.110125 9.9991E-05
0.92687 0.0728299 9.9973E-05 9.9973E-05 9.9973E-05
9.997E-05 9.997E-05 9.997E-05 9.997E-05 0.9996
9.997E-05 9.997E-05 9.997E-05 9.997E-05 0.9996
9.9973E-05 0.0857888 9.9973E-05 0.913911 9.9973E-05
9.9973E-05 9.9973E-05 0.0857724 9.9973E-05 0.913928
9.9973E-05 9.9973E-05 0.0870106 9.9973E-05 0.912689
0.0189933 0.0218508 0.252845 9.9991E-05 0.70621
9.9982E-05 0.0445555 0.284426 9.9982E-05 0.670819
9.99911E-05 0.00928457 0.587543 0.30764 0.0954326
9.997E-05 9.997E-05 9.997E-05 9.997E-05 0.9996
9.9982E-05 0.0123187 0.91188 9.9982E-05 0.0756011
9.9982E-05 0.259686 9.9982E-05 0.691154 0.0489598
9.9982E-05 0.0136362 9.9982E-05 0.0261318 0.960032
9.99821E-05 0.0215174 9.99821E-05 0.907716 0.0705664
0.0594408 0.021014 0.163211 0.712034 0.0443006
0.048956 0.426619 9.9991E-05 0.390076 0.134249
9.99819E-05 0.0739411 9.99819E-05 0.803025 0.122834
0.00618668 0.0669955 9.9991E-05 0.804452 0.122266
0.0286194 0.111206 0.016557 0.843517 9.9991E-05
9.9973E-05 9.9973E-05 0.0847009 0.914999 9.9973E-05
0.00938312 0.134886 0.0646408 0.79099 9.9991E-05
0.119906 0.172146 0.0277169 0.68013 9.9991E-05
0.044111 0.0949411 0.0757695 0.72944 0.0557385
9.9991E-05 0.151114 0.0961857 0.649809 0.102791
0.0222737 9.99733E-05 9.99733E-05 0.977426 9.99733E-05
9.997E-05 9.997E-05 0.9996 9.997E-05 9.997E-05
9.997E-05 9.997E-05 0.9996 9.997E-05 9.997E-05
9.997E-05 9.997E-05 0.9996 9.997E-05 9.997E-05
9.997E-05 9.997E-05 0.9996 9.997E-05 9.997E-05
9.997E-05 9.997E-05 0.9996 9.997E-05 9.997E-05
0.0618613 9.9991E-05 0.616299 0.056025 0.265715
9.9973E-05 0.0203086 0.979391 9.9973E-05 9.9973E-05
9.997E-05 9.997E-05 9.997E-05 0.9996 9.997E-05
9.9982E-05 9.9982E-05 0.555207 0.32423 0.120364
9.997E-05 9.997E-05 9.997E-05 9.997E-05 0.9996
9.99731E-05 0.0829241 9.99731E-05 0.916776 9.99731E-05
9.9982E-05 0.012516 9.9982E-05 0.921139 0.0661451
0.0150994 9.99732E-05 9.99732E-05 0.984601 9.99732E-05
9.9973E-05 9.9973E-05 9.9973E-05 0.987898 0.0118017
0.0321127 0.0812501 9.9982E-05 0.886437 9.9982E-05
0.929292 9.99821E-05 9.99821E-05 0.0554707 0.0150369
9.997E-05 9.997E-05 9.997E-05 9.997E-05 0.9996
0.055972 0.0676908 0.308369 0.423564 0.144404
9.99731E-05 9.99731E-05 0.00645516 9.99731E-05 0.993245
9.9973E-05 9.9973E-05 0.00589978 9.9973E-05 0.9938
9.9973E-05 9.9973E-05 0.0968151 9.9973E-05 0.902885
0.00863894 9.9982E-05 0.0543962 9.9982E-05 0.936765
9.9982E-05 0.0138677 9.9982E-05 0.00548988 0.980442
9.9973E-05 0.00343509 9.9973E-05 9.9973E-05 0.996265
9.99732E-05 9.99732E-05 0.478918 9.99732E-05 0.520782
9.99822E-05 9.99822E-05 0.346371 0.109632 0.543797
0.0101344 9.9982E-05 0.0313384 9.9982E-05 0.958327
9.9991E-05 0.0455857 0.133242 0.753896 0.0671768
9.9991E-05 0.040976 0.12471 0.761189 0.0730249
9.997E-05 0.9996 9.997E-05 9.997E-05 9.997E-05
9.997E-05 0.9996 9.997E-05 9.997E-05 9.997E-05
9.99819E-05 0.106741 0.104073 0.788986 9.99819E-05
0.0150864 0.0635563 0.11864 0.802617 9.9991E-05
9.997E-05 0.9996 9.997E-05 9.997E-05 9.997E-05
9.997E-05 0.9996 9.997E-05 9.997E-05 9.997E-05
9.9973E-05 9.9973E-05 0.0100945 0.989606 9.9973E-05
0.0718908 0.00445703 0.0385815 0.884971 9.9991E-05
9.9982E-05 9.9982E-05 0.593686 0.307913 0.098201
0.116467 0.342056 9.9991E-05 0.487698 0.0536788
0.0640994 0.350424 9.99821E-05 0.585277 9.99821E-05
0.0527937 0.00526249 0.316882 9.9991E-05 0.624962
