0.0379513 9.9982E-05 9.9982E-05 0.961849
0.0271602 0.523065 9.9991E-05 0.449675
0.0974638 0.874566 0.0278703 9.99911E-05
0.0353841 0.964416 9.9982E-05 9.9982E-05
9.99821E-05 0.671457 9.99821E-05 0.328343
0.0198935 0.979907 9.9982E-05 9.9982E-05
9.99821E-05 0.31164 9.99821E-05 0.68816
0.0377321 0.805695 9.9991E-05 0.156472
9.99821E-05 0.351016 9.99821E-05 0.648784
0.155366 0.0237208 9.9991E-05 0.820814
0.140556 0.0148408 9.9991E-05 0.844503
0.191075 0.0296355 9.9991E-05 0.77919
9.999E-05 0.0598208 0.00441225 0.935667
0.0437578 0.956042 9.9982E-05 9.9982E-05
0.0168773 0.982923 9.9982E-05 9.9982E-05
0.0433782 0.0283482 9.9991E-05 0.928174
0.419601 0.0117288 0.0872379 0.481432
9.9991E-05 0.0320431 0.730237 0.23762
0.0813573 9.9982E-05 0.918443 9.9982E-05
0.198954 9.9982E-05 9.9982E-05 0.800846
9.998E-05 9.998E-05 0.9997 9.998E-05
0.0628315 9.9982E-05 9.9982E-05 0.936968
0.411471 0.0669665 0.41619 0.105372
0.0915022 9.9982E-05 0.908298 9.9982E-05
9.998E-05 0.9997 9.998E-05 9.998E-05
9.998E-05 0.9997 9.998E-05 9.998E-05
0.0744108 9.9982E-05 9.9982E-05 0.925389
9.998E-05 0.9997 9.998E-05 9.998E-05
9.998E-05 0.9997 9.998E-05 9.998E-05
0.0282181 0.927898 0.0177572 0.0261268
0.0747863 0.925014 9.9982E-05 9.9982E-05
9.9991E-05 0.561755 0.00872786 0.429417
9.998E-05 0.9997 9.998E-05 9.998E-05
9.99821E-05 0.814051 9.99821E-05 0.185749
0.279089 0.0511033 9.9991E-05 0.669708
0.0104146 0.989385 9.9982E-05 9.9982E-05
0.0738684 0.0738492 9.9991E-05 0.852182
0.0105158 0.153407 0.0554349 0.780643
0.461897 0.117809 0.0680877 0.352207
0.0778715 0.143578 9.9991E-05 0.77845
0.0965154 0.0850598 0.0139518 0.804473
0.123319 9.9991E-05 0.0288002 0.847781
9.9982E-05 0.00812033 9.9982E-05 0.99168
0.151565 9.9991E-05 0.00824096 0.840094
0.194006 9.9991E-05 0.105441 0.700453
0.115228 0.0858253 0.0409997 0.757947
0.160121 0.141573 9.9991E-05 0.698206
9.99822E-05 9.99822E-05 0.0322442 0.967556
9.9991E-05 0.817188 0.0425794 0.140132
9.9991E-05 0.839728 0.0502593 0.109912
9.9991E-05 0.792335 0.0565992 0.150965
9.9991E-05 0.810895 0.0519019 0.137104
9.9991E-05 0.848891 0.0421039 0.108905
9.9991E-05 0.758439 0.0756648 0.165797
9.9982E-05 0.786865 9.9982E-05 0.212935
9.998E-05 9.998E-05 9.998E-05 0.9997
9.9982E-05 0.535236 9.9982E-05 0.464564
9.998E-05 0.9997 9.998E-05 9.998E-05
0.0663864 9.99821E-05 9.99821E-05 0.933414
0.0434887 0.0579147 9.9991E-05 0.898497
9.99822E-05 9.99822E-05 0.0161625 0.983638
0.00209682 9.9982E-05 9.9982E-05 0.997703
0.113363 9.9991E-05 0.0125773 0.87396
9.99821E-05 9.99821E-05 0.907768 0.0920322
9.998E-05 0.9997 9.998E-05 9.998E-05
0.0782069 0.514349 0.0858395 0.321604
9.998E-05 0.9997 9.998E-05 9.998E-05
9.998E-05 0.9997 9.998E-05 9.998E-05
9.998E-05 0.9997 9.998E-05 9.998E-05
9.9986E-05 0.997287 0.00251299 9.9986E-05
0.0216788 0.978121 9.9982E-05 9.9982E-05
0.0072147 0.992585 9.9982E-05 9.9982E-05
9.99821E-05 0.907518 9.99821E-05 0.0922818
9.99911E-05 0.844485 0.0367548 0.11866
0.00815097 0.991649 9.9982E-05 9.9982E-05
0.0765929 0.164309 9.9991E-05 0.758998
0.0786819 0.160099 9.9991E-05 0.761119
0.9997 9.998E-05 9.998E-05 9.998E-05
0.9997 9.998E-05 9.998E-05 9.998E-05
0.0989957 0.0345844 0.000161303 0.866259
0.0666098 0.0293175 0.00912713 0.894946
0.9997 9.998E-05 9.998E-05 9.998E-05
0.9997 9.998E-05 9.998E-05 9.998E-05
9.998E-05 9.998E-05 9.998E-05 0.9997
9.9991E-05 0.0146431 0.0664299 0.918827
9.9982E-05 0.539859 9.9982E-05 0.459941
0.319777 0.0402468 0.114143 0.525832
0.363156 9.9991E-05 0.0872747 0.549469
0.0203025 0.910895 0.0687028 9.9991E-05
