0.941731 0.0052531 9.99369E-05 9.99369E-05 9.99369E-05 0.0523165 9.99369E-05 9.99369E-05 9.99369E-05 9.99369E-05
0.222969 9.99639E-05 0.288552 9.99639E-05 0.0862078 0.0632379 9.99639E-05 0.301618 0.0370156 9.99639E-05
9.996E-05 9.996E-05 0.0930587 0.00601745 0.0035942 9.996E-05 9.996E-05 0.76475 0.0641575 0.0680226
9.9937E-05 0.00866041 9.9937E-05 9.9937E-05 9.9937E-05 9.9937E-05 9.9937E-05 0.952923 0.0377168 9.9937E-05
0.01637 0.0698853 0.361625 9.9964E-05 0.0810709 0.0857091 9.9964E-05 0.38494 9.9964E-05 9.9964E-05
9.9928E-05 0.0213021 9.9928E-05 9.9928E-05 9.9928E-05 9.9928E-05 9.9928E-05 0.977898 9.9928E-05 9.9928E-05
9.99278E-05 9.99278E-05 0.918275 9.99278E-05 9.99278E-05 9.99278E-05 9.99278E-05 9.99278E-05 9.99278E-05 0.0809255
9.9955E-05 9.9955E-05 0.241799 9.9955E-05 0.251384 0.0770786 9.9955E-05 0.424744 0.00449473 9.9955E-05
9.99368E-05 9.99368E-05 0.931334 9.99368E-05 9.99368E-05 9.99368E-05 0.066621 9.99368E-05 9.99368E-05 0.00134495
9.9928E-05 9.9928E-05 0.182437 9.9928E-05 9.9928E-05 0.816763 9.9928E-05 9.9928E-05 9.9928E-05 9.9928E-05
9.9928E-05 9.9928E-05 0.12497 9.9928E-05 9.9928E-05 0.87423 9.9928E-05 9.9928E-05 9.9928E-05 9.9928E-05
0.649302 9.9946E-05 9.9946E-05 9.9946E-05 9.9946E-05 9.9946E-05 9.9946E-05 0.0380353 0.111702 0.20036
9.99201E-05 9.99201E-05 9.99201E-05 9.99201E-05 9.99201E-05 9.99201E-05 9.99201E-05 9.99201E-05 9.99201E-05 0.999101
0.00752948 0.0389105 9.9946E-05 0.0076154 9.9946E-05 9.9946E-05 9.9946E-05 0.945345 9.9946E-05 9.9946E-05
0.044499 9.9946E-05 9.9946E-05 0.00623086 9.9946E-05 0.0203655 9.9946E-05 0.928305 9.9946E-05 9.9946E-05
9.9946E-05 0.0399369 9.9946E-05 9.9946E-05 9.9946E-05 0.0518523 0.784749 9.9946E-05 9.9946E-05 0.122862
9.99278E-05 0.924167 9.99278E-05 9.99278E-05 9.99278E-05 0.0750334 9.99278E-05 9.99278E-05 9.99278E-05 9.99278E-05
0.0477396 9.99639E-05 0.0280133 0.707239 0.0416347 0.116782 0.0581912 9.99639E-05 9.99639E-05 9.99639E-05
9.9928E-05 9.9928E-05 9.9928E-05 0.909925 9.9928E-05 9.9928E-05 9.9928E-05 9.9928E-05 0.089276 9.9928E-05
0.0596344 0.0885337 9.99549E-05 9.99549E-05 9.99549E-05 0.492077 0.325846 9.99549E-05 0.0334099 9.99549E-05
9.99201E-05 9.99201E-05 9.99201E-05 0.999101 9.99201E-05 9.99201E-05 9.99201E-05 9.99201E-05 9.99201E-05 9.99201E-05
0.501308 0.102091 9.99639E-05 9.99639E-05 9.99639E-05 0.0704061 0.275177 9.99639E-05 0.00526823 0.0453492
9.9955E-05 0.283473 9.9955E-05 0.356921 0.00920465 0.166304 9.9955E-05 9.9955E-05 0.183598 9.9955E-05
9.9946E-05 0.0647876 9.9946E-05 0.887059 9.9946E-05 0.0263173 9.9946E-05 9.9946E-05 0.0212359 9.9946E-05
9.99201E-05 9.99201E-05 9.99201E-05 9.99201E-05 9.99201E-05 9.99201E-05 9.99201E-05 0.999101 9.99201E-05 9.99201E-05
9.99201E-05 9.99201E-05 9.99201E-05 9.99201E-05 9.99201E-05 9.99201E-05 9.99201E-05 0.999101 9.99201E-05 9.99201E-05
0.0571595 9.99549E-05 9.99549E-05 9.99549E-05 9.99549E-05 0.0741587 0.0367117 9.99549E-05 0.0252996 0.806171
9.9946E-05 9.9946E-05 9.9946E-05 9.9946E-05 0.0522518 9.9946E-05 0.00600412 0.928162 9.9946E-05 0.0129825
9.9946E-05 9.9946E-05 9.9946E-05 9.9946E-05 0.0799618 9.9946E-05 0.00739363 0.896048 9.9946E-05 0.0159971
0.00198202 0.000379225 9.99731E-05 0.0292374 0.156692 9.99731E-05 9.99731E-05 0.736054 0.0264205 0.0489347
9.99641E-05 0.0567185 0.0721292 9.99641E-05 0.195915 0.0104573 9.99641E-05 0.654055 0.0103258 9.99641E-05
0.235481 9.99551E-05 0.336352 9.99551E-05 0.307471 9.99551E-05 9.99551E-05 0.106217 0.0139783 9.99551E-05
9.99371E-05 0.00584789 9.99371E-05 9.99371E-05 9.99371E-05 9.99371E-05 0.0606372 0.932815 9.99371E-05 9.99371E-05
9.99461E-05 9.99461E-05 0.0772742 9.99461E-05 0.779872 0.0160951 9.99461E-05 0.126159 9.99461E-05 9.99461E-05
0.0148507 0.336255 9.99639E-05 9.99639E-05 9.99639E-05 0.0388863 9.99639E-05 0.0229953 0.0676885 0.518924
9.99459E-05 9.99459E-05 0.00968536 9.99459E-05 9.99459E-05 9.99459E-05 0.0113902 0.958865 9.99459E-05 0.01946
0.95243 0.0467702 9.9928E-05 9.9928E-05 9.9928E-05 9.9928E-05 9.9928E-05 9.9928E-05 9.9928E-05 9.9928E-05
0.108439 9.9964E-05 0.0695794 0.000590788 0.0589484 0.690524 9.9964E-05 0.0715189 9.9964E-05 9.9964E-05
9.99369E-05 0.96157 0.0178535 9.99369E-05 9.99369E-05 9.99369E-05 9.99369E-05 0.0198773 9.99369E-05 9.99369E-05
0.241624 0.117417 9.99549E-05 9.99549E-05 9.99549E-05 0.256219 0.292181 0.0920595 9.99549E-05 9.99549E-05
0.268437 0.0781575 9.99639E-05 0.00789679 9.99639E-05 0.288631 0.305044 0.0514337 9.99639E-05 9.99639E-05
0.0187484 0.0310883 9.9955E-05 9.9955E-05 9.9955E-05 0.900274 0.0378169 9.9955E-05 9.9955E-05 0.0115722
9.9946E-05 9.9946E-05 0.0492554 0.0138446 9.9946E-05 9.9946E-05 0.897265 9.9946E-05 9.9946E-05 0.0390349
9.9946E-05 0.0390585 9.9946E-05 9.9946E-05 0.00450292 0.93611 9.9946E-05 9.9946E-05 9.9946E-05 0.019729
0.0378679 0.0672822 9.9973E-05 0.0961869 9.9973E-05 0.485649 0.0642238 9.9973E-05 0.0618413 0.186649
0.104257 0.0707675 9.9982E-05 0.0263316 9.9982E-05 0.533101 0.137797 0.0721833 0.00807453 0.0472889
0.18802 0.39695 0.0685767 9.9973E-05 0.00293849 0.178997 9.9973E-05 0.0561701 9.9973E-05 0.108048
0.997918 9.99285E-05 9.99285E-05 0.00128275 9.99285E-05 9.99285E-05 9.99285E-05 9.99285E-05 9.99285E-05 9.99285E-05
9.99201E-05 9.99201E-05 9.99201E-05 9.99201E-05 0.999101 9.99201E-05 9.99201E-05 9.99201E-05 9.99201E-05 9.99201E-05
9.99201E-05 9.99201E-05 9.99201E-05 9.99201E-05 0.999101 9.99201E-05 9.99201E-05 9.99201E-05 9.99201E-05 9.99201E-05
9.9928E-05 9.9928E-05 9.9928E-05 9.9928E-05 0.982202 9.9928E-05 0.0169984 9.9928E-05 9.9928E-05 9.9928E-05
9.99201E-05 9.99201E-05 9.99201E-05 9.99201E-05 0.999101 9.99201E-05 9.99201E-05 9.99201E-05 9.99201E-05 9.99201E-05
9.99201E-05 9.99201E-05 9.99201E-05 9.99201E-05 0.999101 9.99201E-05 9.99201E-05 9.99201E-05 9.99201E-05 9.99201E-05
9.99551E-05 9.99551E-05 0.179405 0.0261551 0.398452 9.99551E-05 0.0957984 0.29969 9.99551E-05 9.99551E-05
0.00893075 0.00134857 9.9955E-05 9.9955E-05 0.952446 9.9955E-05 0.0288045 9.9955E-05 9.9955E-05 0.00797071
0.811044 9.99369E-05 9.99369E-05 9.99369E-05 9.99369E-05 9.99369E-05 0.161992 9.99369E-05 9.99369E-05 0.026265
0.17856 9.99548E-05 0.375649 9.99548E-05 0.271355 9.99548E-05 9.99548E-05 0.116127 0.0578079 9.99548E-05
9.99279E-05 0.0387384 9.99279E-05 9.99279E-05 9.99279E-05 9.99279E-05 9.99279E-05 0.960462 9.99279E-05 9.99279E-05
0.0592112 9.9955E-05 9.9955E-05 9.9955E-05 0.0175598 9.9955E-05 0.0534528 9.9955E-05 0.0266467 0.84263
9.99282E-05 9.99282E-05 9.99282E-05 9.99282E-05 9.99282E-05 9.99282E-05 0.914063 9.99282E-05 9.99282E-05 0.0851381
9.99282E-05 9.99282E-05 0.0639053 9.99282E-05 9.99282E-05 9.99282E-05 9.99282E-05 9.99282E-05 9.99282E-05 0.935295
9.99279E-05 9.99279E-05 9.99279E-05 9.99279E-05 9.99279E-05 0.107554 9.99279E-05 9.99279E-05 9.99279E-05 0.891646
9.99459E-05 0.033421 9.99459E-05 9.99459E-05 9.99459E-05 0.0829811 9.99459E-05 9.99459E-05 0.0462673 0.836731
0.0579673 9.99371E-05 9.99371E-05 0.891807 9.99371E-05 0.0495257 9.99371E-05 9.99371E-05 9.99371E-05 9.99371E-05
9.99282E-05 9.99282E-05 9.99282E-05 9.99282E-05 9.99282E-05 9.99282E-05 9.99282E-05 0.986474 0.0127261 9.99282E-05
0.0664778 0.0710268 0.0307176 0.0400668 0.168003 0.145288 0.052216 0.252443 0.0066352 0.167126
9.99283E-05 9.99283E-05 9.99283E-05 9.99283E-05 9.99283E-05 9.99283E-05 0.0370155 0.962185 9.99283E-05 9.99283E-05
0.0261958 0.0582399 9.9937E-05 9.9937E-05 9.9937E-05 9.9937E-05 9.9937E-05 0.914865 9.9937E-05 9.9937E-05
9.9937E-05 9.9937E-05 9.9937E-05 9.9937E-05 0.0474551 9.9937E-05 0.0508066 0.901039 9.9937E-05 9.9937E-05
9.99461E-05 9.99461E-05 9.99461E-05 0.00217293 0.0106122 9.99461E-05 0.0527312 0.933884 9.99461E-05 9.99461E-05
0.0227051 0.0320195 9.99551E-05 9.99551E-05 9.99551E-05 0.0413338 9.99551E-05 0.901176 0.00226586 9.99551E-05
9.99279E-05 0.0307968 9.99279E-05 9.99279E-05 9.99279E-05 9.99279E-05 9.99279E-05 0.968404 9.99279E-05 9.99279E-05
9.99462E-05 0.01332 0.319832 9.99462E-05 0.206198 9.99462E-05 9.99462E-05 0.460051 9.99462E-05 9.99462E-05
9.99463E-05 9.99463E-05 0.399024 9.99463E-05 0.130558 9.99463E-05 9.99463E-05 0.469713 9.99463E-05 0.000105488
9.99461E-05 9.99461E-05 9.99461E-05 9.99461E-05 0.0192104 9.99461E-05 0.0447808 0.92454 0.0108696 9.99461E-05
9.99369E-05 9.99369E-05 9.99369E-05 9.99369E-05 0.0143639 9.99369E-05 0.966088 0.0188489 9.99369E-05 9.99369E-05
9.99201E-05 9.99201E-05 9.99201E-05 9.99201E-05 9.99201E-05 9.99201E-05 0.999101 9.99201E-05 9.99201E-05 9.99201E-05
9.99201E-05 9.99201E-05 9.99201E-05 9.99201E-05 9.99201E-05 9.99201E-05 9.99201E-05 9.99201E-05 0.999101 9.99201E-05
9.99201E-05 9.99201E-05 9.99201E-05 9.99201E-05 9.99201E-05 9.99201E-05 9.99201E-05 9.99201E-05 0.999101 9.99201E-05
0.0516556 9.9937E-05 9.9937E-05 9.9937E-05 9.9937E-05 0.894371 0.053274 9.9937E-05 9.9937E-05 9.9937E-05
0.00302009 9.9955E-05 9.9955E-05 9.9955E-05 0.00522988 0.868722 0.111158 9.9955E-05 9.9955E-05 0.0113699
9.99371E-05 0.026008 9.99371E-05 9.99371E-05 9.99371E-05 9.99371E-05 0.0168921 9.99371E-05 0.9564 9.99371E-05
9.99201E-05 9.99201E-05 9.99201E-05 9.99201E-05 9.99201E-05 9.99201E-05 9.99201E-05 9.99201E-05 0.999101 9.99201E-05
0.938434 9.99369E-05 9.99369E-05 9.99369E-05 9.99369E-05 9.99369E-05 0.0157729 9.99369E-05 9.99369E-05 0.0450935
0.0170651 9.99639E-05 0.134324 0.0937366 9.99639E-05 0.19724 0.463837 9.99639E-05 9.99639E-05 0.0933983
0.18594 9.99459E-05 0.368476 9.99459E-05 0.349849 9.99459E-05 9.99459E-05 0.0951354 9.99459E-05 9.99459E-05
9.99641E-05 0.541429 9.99641E-05 0.0442777 9.99641E-05 0.16221 9.99641E-05 0.00784425 0.0357478 0.208091
0.0789653 0.574474 9.99551E-05 0.0249491 9.99551E-05 9.99551E-05 9.99551E-05 9.99551E-05 0.0584811 0.262631
9.99552E-05 9.99552E-05 0.137614 0.0600913 0.198383 9.99552E-05 9.99552E-05 0.59715 0.00626197 9.99552E-05
