0.0241872 0.946677 9.99369E-05 9.99369E-05 9.99369E-05 9.99369E-05 0.0284364 9.99369E-05 9.99369E-05 9.99369E-05
0.0115307 0.0683919 0.728886 9.99549E-05 9.99549E-05 9.99549E-05 0.00936262 9.99549E-05 0.181329 9.99549E-05
0.0215503 9.99643E-05 9.99643E-05 9.99643E-05 0.174261 0.032007 9.99643E-05 0.033217 0.635716 0.102849
9.9937E-05 9.9937E-05 9.9937E-05 0.00606048 0.0961184 9.9937E-05 9.9937E-05 9.9937E-05 0.897122 9.9937E-05
9.99641E-05 0.0321501 0.222341 0.0531676 9.99641E-05 9.99641E-05 0.139464 9.99641E-05 0.354849 0.197629
9.99201E-05 9.99201E-05 9.99201E-05 9.99201E-05 9.99201E-05 9.99201E-05 9.99201E-05 9.99201E-05 0.999101 9.99201E-05
9.99371E-05 9.99371E-05 0.543937 9.99371E-05 9.99371E-05 9.99371E-05 9.99371E-05 0.328653 9.99371E-05 0.126711
0.00550475 9.99729E-05 0.0319886 0.0859605 0.0462738 9.99729E-05 0.0883109 9.99729E-05 0.0401362 0.701525
9.9937E-05 9.9937E-05 0.633788 9.9937E-05 9.9937E-05 9.9937E-05 9.9937E-05 0.287933 9.9937E-05 0.0775791
9.99282E-05 9.99282E-05 9.99282E-05 9.99282E-05 9.99282E-05 9.99282E-05 0.991482 9.99282E-05 9.99282E-05 0.00771831
9.99201E-05 9.99201E-05 9.99201E-05 9.99201E-05 9.99201E-05 9.99201E-05 0.999101 9.99201E-05 9.99201E-05 9.99201E-05
0.143749 0.679439 9.9937E-05 9.9937E-05 9.9937E-05 9.9937E-05 9.9937E-05 0.176112 9.9937E-05 9.9937E-05
9.99281E-05 9.99281E-05 9.99281E-05 9.99281E-05 9.99281E-05 9.99281E-05 9.99281E-05 0.951829 9.99281E-05 0.0473712
9.9937E-05 0.010301 9.9937E-05 9.9937E-05 9.9937E-05 0.019324 9.9937E-05 9.9937E-05 0.969675 9.9937E-05
9.9928E-05 0.00996013 9.9928E-05 9.9928E-05 9.9928E-05 9.9928E-05 9.9928E-05 9.9928E-05 0.98924 9.9928E-05
9.995E-05 0.0898707 0.0947726 9.995E-05 0.0269077 9.995E-05 0.407672 0.380277 9.995E-05 9.995E-05
0.292188 9.99461E-05 9.99461E-05 9.99461E-05 9.99461E-05 0.0778509 0.436479 0.192882 9.99461E-05 9.99461E-05
9.995E-05 0.0432148 0.0799208 0.0128866 9.995E-05 0.727131 0.136347 9.995E-05 9.995E-05 9.995E-05
0.0909381 9.9928E-05 9.9928E-05 9.9928E-05 9.9928E-05 0.908262 9.9928E-05 9.9928E-05 9.9928E-05 9.9928E-05
0.0690187 0.135403 9.9946E-05 9.9946E-05 9.9946E-05 9.9946E-05 0.720646 0.0743324 9.9946E-05 9.9946E-05
9.99201E-05 9.99201E-05 9.99201E-05 9.99201E-05 9.99201E-05 0.999101 9.99201E-05 9.99201E-05 9.99201E-05 9.99201E-05
0.00763341 0.616579 0.0198708 9.99549E-05 9.99549E-05 9.99549E-05 0.238059 0.117358 9.99549E-05 9.99549E-05
0.334703 9.99551E-05 9.99551E-05 0.0140588 9.99551E-05 0.415644 0.21756 9.99551E-05 0.017535 9.99551E-05
0.10906 9.99369E-05 9.99369E-05 9.99369E-05 9.99369E-05 0.864242 0.0259984 9.99369E-05 9.99369E-05 9.99369E-05
9.99281E-05 9.99281E-05 9.99281E-05 9.99281E-05 0.538403 9.99281E-05 9.99281E-05 9.99281E-05 0.460798 9.99281E-05
9.9928E-05 9.9928E-05 9.9928E-05 9.9928E-05 0.175362 9.9928E-05 9.9928E-05 9.9928E-05 0.823839 9.9928E-05
0.0724733 0.118789 9.99458E-05 9.99458E-05 9.99458E-05 9.99458E-05 0.0534134 0.754725 9.99458E-05 9.99458E-05
9.99201E-05 9.99201E-05 9.99201E-05 9.99201E-05 0.999101 9.99201E-05 9.99201E-05 9.99201E-05 9.99201E-05 9.99201E-05
9.99201E-05 9.99201E-05 9.99201E-05 9.99201E-05 0.999101 9.99201E-05 9.99201E-05 9.99201E-05 9.99201E-05 9.99201E-05
0.00956488 9.99641E-05 9.99641E-05 0.103941 0.195455 0.0320239 9.99641E-05 9.99641E-05 0.392116 0.266498
0.0365943 9.99549E-05 0.0114509 0.0592239 9.99549E-05 9.99549E-05 9.99549E-05 9.99549E-05 0.36561 0.526621
9.99201E-05 9.99201E-05 0.999101 9.99201E-05 9.99201E-05 9.99201E-05 9.99201E-05 9.99201E-05 9.99201E-05 9.99201E-05
9.9937E-05 9.9937E-05 9.9937E-05 9.9937E-05 0.234896 9.9937E-05 9.9937E-05 9.9937E-05 0.616171 0.148233
0.00872349 9.99551E-05 0.0302015 0.680225 0.0205095 9.99551E-05 9.99551E-05 9.99551E-05 9.99551E-05 0.259841
0.188185 0.0758164 9.99639E-05 9.99639E-05 9.99639E-05 9.99639E-05 0.0686106 0.595165 0.0229629 0.0488608
0.00234852 9.99549E-05 9.99549E-05 9.99549E-05 0.50658 9.99549E-05 9.99549E-05 0.00770819 0.450836 0.0320281
9.9928E-05 0.967055 9.9928E-05 9.9928E-05 9.9928E-05 9.9928E-05 9.9928E-05 9.9928E-05 9.9928E-05 0.0321451
9.9955E-05 0.109034 0.101266 9.9955E-05 9.9955E-05 9.9955E-05 0.705999 9.9955E-05 0.0151002 0.0681006
0.365432 0.000876569 9.9973E-05 9.9973E-05 9.9973E-05 0.0607502 0.223647 0.16764 0.113268 0.0680857
9.99369E-05 0.269065 9.99369E-05 9.99369E-05 9.99369E-05 9.99369E-05 0.566208 9.99369E-05 0.164027 9.99369E-05
0.0211289 0.308636 0.00215353 9.99549E-05 9.99549E-05 9.99549E-05 0.558934 9.99549E-05 0.108648 9.99549E-05
9.9928E-05 0.000296424 9.9928E-05 9.9928E-05 9.9928E-05 9.9928E-05 0.998904 9.9928E-05 9.9928E-05 9.9928E-05
9.99459E-05 0.119102 0.167229 9.99459E-05 9.99459E-05 9.99459E-05 0.40509 0.307979 9.99459E-05 9.99459E-05
9.99281E-05 9.99281E-05 9.99281E-05 9.99281E-05 9.99281E-05 9.99281E-05 0.989546 0.00965426 9.99281E-05 9.99281E-05
0.119991 0.0315686 0.0572933 9.99639E-05 9.99639E-05 0.102192 0.50817 0.180386 9.99639E-05 9.99639E-05
9.9955E-05 0.111601 9.9955E-05 9.9955E-05 9.9955E-05 0.0319187 0.685411 0.0584269 0.112143 9.9955E-05
0.0958203 0.2311 9.9973E-05 0.0376885 9.9973E-05 9.9973E-05 0.28796 0.207108 0.105143 0.0348813
9.99285E-05 0.97767 9.99285E-05 9.99285E-05 9.99285E-05 0.0215303 9.99285E-05 9.99285E-05 9.99285E-05 9.99285E-05
9.99201E-05 9.99201E-05 9.99201E-05 0.999101 9.99201E-05 9.99201E-05 9.99201E-05 9.99201E-05 9.99201E-05 9.99201E-05
9.9928E-05 9.9928E-05 9.9928E-05 0.994856 9.9928E-05 0.00434417 9.9928E-05 9.9928E-05 9.9928E-05 9.9928E-05
9.99281E-05 9.99281E-05 9.99281E-05 0.983658 0.015543 9.99281E-05 9.99281E-05 9.99281E-05 9.99281E-05 9.99281E-05
9.99201E-05 9.99201E-05 9.99201E-05 0.999101 9.99201E-05 9.99201E-05 9.99201E-05 9.99201E-05 9.99201E-05 9.99201E-05
9.99281E-05 9.99281E-05 9.99281E-05 0.995103 9.99281E-05 9.99281E-05 9.99281E-05 9.99281E-05 9.99281E-05 0.00409739
0.0192014 9.9982E-05 0.0699582 0.342551 0.0117671 0.0327911 0.0596124 9.9982E-05 0.0489116 0.415007
9.99281E-05 9.99281E-05 0.0458884 0.953312 9.99281E-05 9.99281E-05 9.99281E-05 9.99281E-05 9.99281E-05 9.99281E-05
9.99459E-05 0.874986 0.00702202 9.99459E-05 9.99459E-05 9.99459E-05 0.00873152 0.108661 9.99459E-05 9.99459E-05
0.00441322 0.026647 0.877325 0.0910156 9.99458E-05 9.99458E-05 9.99458E-05 9.99458E-05 9.99458E-05 9.99458E-05
9.99279E-05 9.99279E-05 9.99279E-05 9.99279E-05 0.335715 9.99279E-05 9.99279E-05 9.99279E-05 0.663486 9.99279E-05
0.0293031 0.0844098 9.9946E-05 0.0224199 9.9946E-05 9.9946E-05 9.9946E-05 0.863268 9.9946E-05 9.9946E-05
9.9946E-05 0.169252 9.9946E-05 9.9946E-05 0.117852 9.9946E-05 0.332202 0.380094 9.9946E-05 9.9946E-05
9.99201E-05 9.99201E-05 9.99201E-05 9.99201E-05 9.99201E-05 9.99201E-05 9.99201E-05 0.999101 9.99201E-05 9.99201E-05
9.99459E-05 0.00417387 9.99459E-05 9.99459E-05 9.99459E-05 9.99459E-05 0.0839987 0.906118 0.00510931 9.99459E-05
0.0801766 0.00461582 9.99459E-05 9.99459E-05 9.99459E-05 9.99459E-05 0.0539904 0.860617 9.99459E-05 9.99459E-05
9.99462E-05 0.0733933 9.99462E-05 9.99462E-05 9.99462E-05 0.920402 0.00379162 9.99462E-05 9.99462E-05 0.00181318
9.99283E-05 9.99283E-05 9.99283E-05 9.99283E-05 0.674225 9.99283E-05 9.99283E-05 9.99283E-05 0.324976 9.99283E-05
0.0983232 9.9973E-05 0.283883 0.0660644 9.9973E-05 0.085403 0.21542 0.0508939 0.199713 9.9973E-05
9.99461E-05 9.99461E-05 0.00143603 9.99461E-05 0.212056 9.99461E-05 9.99461E-05 0.0351714 0.750737 9.99461E-05
9.9955E-05 0.00302581 9.9955E-05 0.0123509 0.14862 9.9955E-05 9.9955E-05 9.9955E-05 0.805781 0.0297229
9.9946E-05 0.0043363 9.9946E-05 9.9946E-05 0.97022 9.9946E-05 0.00881648 9.9946E-05 9.9946E-05 0.0160273
9.99281E-05 9.99281E-05 9.99281E-05 9.99281E-05 0.994297 0.0049036 9.99281E-05 9.99281E-05 9.99281E-05 9.99281E-05
0.014275 9.99641E-05 0.00730107 9.99641E-05 0.0794493 9.99641E-05 0.0218561 9.99641E-05 0.77457 0.102149
9.99369E-05 9.99369E-05 9.99369E-05 9.99369E-05 0.403682 9.99369E-05 9.99369E-05 9.99369E-05 0.580686 0.0149325
9.99201E-05 9.99201E-05 9.99201E-05 9.99201E-05 9.99201E-05 9.99201E-05 9.99201E-05 9.99201E-05 9.99201E-05 0.999101
9.9928E-05 9.9928E-05 9.9928E-05 9.9928E-05 9.9928E-05 9.9928E-05 9.9928E-05 0.0395107 9.9928E-05 0.95969
9.995E-05 9.995E-05 9.995E-05 0.041779 0.131141 0.000585157 0.00714548 9.995E-05 0.81885 9.995E-05
0.0344958 0.0493966 0.178118 9.99639E-05 0.0874975 9.99639E-05 0.474217 0.175875 9.99639E-05 9.99639E-05
0.0322862 0.0463971 0.179183 9.99639E-05 0.0777105 9.99639E-05 0.462987 0.201036 9.99639E-05 9.99639E-05
0.999101 9.99201E-05 9.99201E-05 9.99201E-05 9.99201E-05 9.99201E-05 9.99201E-05 9.99201E-05 9.99201E-05 9.99201E-05
0.999101 9.99201E-05 9.99201E-05 9.99201E-05 9.99201E-05 9.99201E-05 9.99201E-05 9.99201E-05 9.99201E-05 9.99201E-05
9.9955E-05 0.0364019 0.0324751 9.9955E-05 0.00701041 9.9955E-05 0.918483 0.00512937 9.9955E-05 9.9955E-05
9.9955E-05 0.00351965 0.0324937 9.9955E-05 0.0221417 9.9955E-05 0.868576 0.0727693 9.9955E-05 9.9955E-05
0.999101 9.99201E-05 9.99201E-05 9.99201E-05 9.99201E-05 9.99201E-05 9.99201E-05 9.99201E-05 9.99201E-05 9.99201E-05
0.999101 9.99201E-05 9.99201E-05 9.99201E-05 9.99201E-05 9.99201E-05 9.99201E-05 9.99201E-05 9.99201E-05 9.99201E-05
9.99369E-05 0.978133 9.99369E-05 0.0112005 9.99369E-05 9.99369E-05 9.99369E-05 0.00996666 9.99369E-05 9.99369E-05
9.99549E-05 0.0738271 0.199147 9.99549E-05 9.99549E-05 0.0490457 0.355766 0.321714 9.99549E-05 9.99549E-05
9.99279E-05 9.99279E-05 0.915091 0.0841094 9.99279E-05 9.99279E-05 9.99279E-05 9.99279E-05 9.99279E-05 9.99279E-05
0.234311 0.000520548 9.99641E-05 9.99641E-05 9.99641E-05 0.113103 0.255605 0.337428 0.058633 9.99641E-05
0.325995 0.183023 9.99495E-05 9.99495E-05 9.99495E-05 0.0628989 9.99495E-05 0.427483 9.99495E-05 9.99495E-05
0.0233109 9.9964E-05 9.9964E-05 0.0282777 0.276301 0.0437181 9.9964E-05 9.9964E-05 0.045663 0.582329
