0.0305626 0.969237 9.9982E-05 9.9982E-05
0.0170573 0.441914 0.540929 9.9991E-05
0.0337802 0.0320363 0.911627 0.0225569
0.0366118 9.9982E-05 0.963188 9.9982E-05
0.00655247 0.305556 0.687791 9.9991E-05
0.0195988 9.9982E-05 0.980201 9.9982E-05
9.99821E-05 0.687299 0.312501 9.99821E-05
0.027036 0.181085 0.791779 9.9991E-05
9.99821E-05 0.682139 0.317661 9.99821E-05
0.15731 0.807213 0.0353771 9.9991E-05
0.121753 0.860978 0.0171689 9.9991E-05
0.172951 0.762 0.064949 9.9991E-05
9.99822E-05 0.934662 0.0651383 9.99822E-05
0.0104469 9.9982E-05 0.989353 9.9982E-05
0.00917166 9.9991E-05 0.989368 0.00135998
0.0356473 0.909843 0.0544094 9.9991E-05
0.414122 0.51459 0.00339486 0.0678936
9.9991E-05 0.197133 0.0485913 0.754175
0.10888 9.9982E-05 9.9982E-05 0.89092
0.179101 0.820699 9.9982E-05 9.9982E-05
9.998E-05 9.998E-05 9.998E-05 0.9997
0.094688 0.905112 9.9982E-05 9.9982E-05
0.41045 0.167892 0.0158857 0.405773
0.109308 9.9982E-05 9.9982E-05 0.890492
9.998E-05 9.998E-05 0.9997 9.998E-05
9.998E-05 9.998E-05 0.9997 9.998E-05
0.0798706 0.919929 9.9982E-05 9.9982E-05
9.998E-05 9.998E-05 0.9997 9.998E-05
9.998E-05 9.998E-05 0.9997 9.998E-05
0.053898 0.00550872 0.911747 0.0288461
0.0585716 9.9991E-05 0.919497 0.0218317
9.9991E-05 0.441786 0.550968 0.00714589
9.998E-05 9.998E-05 0.9997 9.998E-05
9.99821E-05 0.170238 0.829562 9.99821E-05
0.283079 0.68101 0.0358105 9.9991E-05
0.00149656 9.9982E-05 0.998303 9.9982E-05
0.0456693 0.891783 0.0624482 9.9991E-05
0.0339451 0.754904 0.156748 0.0544027
0.463361 0.374551 0.123461 0.0386261
0.106201 0.799563 0.0941364 9.9991E-05
0.112914 0.806773 0.0802132 9.9991E-05
0.120099 0.856835 9.9991E-05 0.0229662
9.9982E-05 0.976649 0.0231511 9.9982E-05
0.166054 0.833054 9.9991E-05 0.000792542
0.209554 0.673917 9.9991E-05 0.116429
0.111499 0.75648 0.0899337 0.0420873
0.172584 0.657366 0.16995 9.9991E-05
0.000316069 0.951712 9.99911E-05 0.0478715
9.9991E-05 0.11566 0.831782 0.052458
9.9991E-05 0.13978 0.800091 0.0600291
9.9991E-05 0.14101 0.805453 0.0534367
9.9991E-05 0.105692 0.837725 0.0564826
9.9991E-05 0.102656 0.86384 0.0334041
9.9991E-05 0.241073 0.716544 0.0422831
9.9991E-05 0.24677 0.748772 0.00435857
9.998E-05 0.9997 9.998E-05 9.998E-05
9.9982E-05 0.457915 0.541885 9.9982E-05
9.998E-05 9.998E-05 0.9997 9.998E-05
0.0646916 0.935108 9.99821E-05 9.99821E-05
0.0414721 0.891213 0.0672151 9.9991E-05
9.99821E-05 0.969335 9.99821E-05 0.0304647
0.00959091 0.990209 9.9982E-05 9.9982E-05
0.108008 0.884672 9.9991E-05 0.00721973
9.9982E-05 0.0755054 9.9982E-05 0.924295
9.998E-05 9.998E-05 0.9997 9.998E-05
0.10243 0.499148 0.394436 0.00398503
9.998E-05 9.998E-05 0.9997 9.998E-05
9.998E-05 9.998E-05 0.9997 9.998E-05
9.998E-05 9.998E-05 0.9997 9.998E-05
9.9982E-05 9.9982E-05 0.995318 0.00448221
0.0476421 9.9982E-05 0.952158 9.9982E-05
9.998E-05 9.998E-05 0.9997 9.998E-05
9.99821E-05 0.0833151 0.916485 9.99821E-05
9.99911E-05 0.140264 0.844178 0.0154586
9.998E-05 9.998E-05 0.9997 9.998E-05
0.0529136 0.779252 0.167734 9.9991E-05
0.0460798 0.820651 0.133169 9.9991E-05
0.9997 9.998E-05 9.998E-05 9.998E-05
0.9997 9.998E-05 9.998E-05 9.998E-05
0.0732197 0.848089 0.0556416 0.0230498
0.0595313 0.846104 0.074281 0.0200834
0.9997 9.998E-05 9.998E-05 9.998E-05
0.9997 9.998E-05 9.998E-05 9.998E-05
9.998E-05 0.9997 9.998E-05 9.998E-05
9.9991E-05 0.918684 0.0205387 0.0606775
9.9982E-05 0.439644 0.560156 9.9982E-05
0.33857 0.497551 0.0343148 0.129564
0.374058 0.560538 9.9991E-05 0.0653037
0.0736009 0.00917469 0.870923 0.0463015
