9.99459E-05 9.99459E-05 9.99459E-05 9.99459E-05 0.937782 9.99459E-05 0.0616178 9.99459E-05
0.100849 9.9982E-05 0.285307 0.0227737 0.196876 0.300712 0.0932826 9.9982E-05
0.0469564 0.0501114 0.730828 0.102141 9.99822E-05 0.0649545 9.99822E-05 0.00480955
9.9955E-05 9.9955E-05 0.948494 0.0285959 9.9955E-05 9.9955E-05 0.0224108 9.9955E-05
0.152528 9.99731E-05 0.426836 9.99731E-05 0.027865 0.219399 0.173072 9.99731E-05
9.9946E-05 9.9946E-05 0.979258 9.9946E-05 9.9946E-05 9.9946E-05 0.0201422 9.9946E-05
9.99459E-05 0.0162568 9.99459E-05 9.99459E-05 9.99459E-05 0.983144 9.99459E-05 9.99459E-05
0.302602 9.9973E-05 0.39628 0.0370096 9.9973E-05 0.248036 0.0157728 9.9973E-05
9.994E-05 9.994E-05 9.994E-05 9.994E-05 9.994E-05 0.9993 9.994E-05 9.994E-05
9.99461E-05 9.99461E-05 9.99461E-05 9.99461E-05 9.99461E-05 0.0902489 0.909151 9.99461E-05
9.99461E-05 9.99461E-05 9.99461E-05 9.99461E-05 9.99461E-05 0.0982477 0.901153 9.99461E-05
9.9955E-05 0.209374 9.9955E-05 0.119891 0.670235 9.9955E-05 9.9955E-05 9.9955E-05
9.99461E-05 0.97943 9.99461E-05 9.99461E-05 9.99461E-05 0.0199707 9.99461E-05 9.99461E-05
9.9955E-05 9.9955E-05 0.961011 9.9955E-05 0.00720779 9.9955E-05 9.9955E-05 0.0312813
9.9955E-05 9.9955E-05 0.932789 9.9955E-05 0.0512425 9.9955E-05 0.0154686 9.9955E-05
0.00934347 0.349623 9.99819E-05 0.00983731 0.148048 0.188164 0.294784 9.99819E-05
9.9964E-05 0.206141 9.9964E-05 0.270831 9.9964E-05 9.9964E-05 0.451818 0.0708102
0.0502034 9.99729E-05 9.99729E-05 9.99729E-05 0.0464981 0.0222725 0.168033 0.712693
9.9946E-05 9.9946E-05 9.9946E-05 0.0863759 9.9946E-05 9.9946E-05 9.9946E-05 0.913024
9.9964E-05 0.0714482 9.9964E-05 0.0704207 0.154708 9.9964E-05 0.703023 9.9964E-05
9.994E-05 9.994E-05 9.994E-05 9.994E-05 9.994E-05 9.994E-05 9.994E-05 0.9993
9.9964E-05 0.133621 9.9964E-05 0.0146303 0.598629 9.9964E-05 0.25272 9.9964E-05
9.9964E-05 9.9964E-05 0.0190237 0.279926 9.9964E-05 9.9964E-05 0.309889 0.390761
9.99549E-05 9.99549E-05 9.99549E-05 0.0595569 9.99549E-05 9.99549E-05 0.0261567 0.913787
9.994E-05 9.994E-05 0.9993 9.994E-05 9.994E-05 9.994E-05 9.994E-05 9.994E-05
9.994E-05 9.994E-05 0.9993 9.994E-05 9.994E-05 9.994E-05 9.994E-05 9.994E-05
9.99639E-05 0.851913 9.99639E-05 0.019673 0.0567402 9.99639E-05 0.0712736 9.99639E-05
0.0593776 9.9955E-05 0.911432 9.9955E-05 9.9955E-05 0.0286906 9.9955E-05 9.9955E-05
0.0968733 9.9964E-05 0.864782 9.9964E-05 0.00228014 0.0356647 9.9964E-05 9.9964E-05
0.282771 0.00626816 0.664814 0.0287397 9.99731E-05 9.99731E-05 9.99731E-05 0.0171065
0.266987 9.9982E-05 0.640913 0.0304467 9.9982E-05 0.0294164 0.0206009 0.0114359
0.297731 9.9973E-05 0.104203 0.0193621 0.155417 0.422987 9.9973E-05 9.9973E-05
9.99551E-05 9.99551E-05 0.973494 0.0116196 9.99551E-05 0.0143865 9.99551E-05 9.99551E-05
0.861781 9.99551E-05 0.0911656 9.99551E-05 9.99551E-05 0.0465539 9.99551E-05 9.99551E-05
0.0393503 0.686621 0.0280189 0.165575 0.0294174 9.99819E-05 0.0508177 9.99819E-05
9.99549E-05 0.0127042 0.968461 9.99549E-05 0.0183346 9.99549E-05 9.99549E-05 9.99549E-05
9.994E-05 9.994E-05 9.994E-05 9.994E-05 0.9993 9.994E-05 9.994E-05 9.994E-05
0.0465673 9.9982E-05 0.058038 9.9982E-05 0.0695625 0.0557683 0.764559 0.00530526
9.997E-05 0.215153 0.120329 0.314518 9.997E-05 9.997E-05 0.298036 0.0516637
9.99549E-05 9.99549E-05 0.111957 9.99549E-05 0.292528 9.99549E-05 0.595015 9.99549E-05
9.99639E-05 9.99639E-05 0.0781999 0.00248612 0.290947 9.99639E-05 0.627967 9.99639E-05
9.9946E-05 9.9946E-05 9.9946E-05 9.9946E-05 0.0290824 9.9946E-05 0.970318 9.9946E-05
9.99639E-05 0.237188 9.99639E-05 9.99639E-05 0.18264 0.273983 0.305789 9.99639E-05
9.9946E-05 0.0756918 9.9946E-05 9.9946E-05 9.9946E-05 9.9946E-05 0.923709 9.9946E-05
0.00125347 0.173698 9.9991E-05 0.116988 0.0796016 0.00315826 0.521099 0.104102
9.9973E-05 0.0585112 0.0877206 9.9973E-05 0.145253 9.9973E-05 0.682783 0.0254317
0.0638617 0.28952 0.0833694 0.0819719 0.240924 9.9982E-05 0.240154 9.9982E-05
9.99463E-05 9.99463E-05 9.99463E-05 9.99463E-05 0.989956 9.99463E-05 9.99463E-05 0.00944402
0.9993 9.994E-05 9.994E-05 9.994E-05 9.994E-05 9.994E-05 9.994E-05 9.994E-05
0.9993 9.994E-05 9.994E-05 9.994E-05 9.994E-05 9.994E-05 9.994E-05 9.994E-05
0.9993 9.994E-05 9.994E-05 9.994E-05 9.994E-05 9.994E-05 9.994E-05 9.994E-05
0.9993 9.994E-05 9.994E-05 9.994E-05 9.994E-05 9.994E-05 9.994E-05 9.994E-05
0.9993 9.994E-05 9.994E-05 9.994E-05 9.994E-05 9.994E-05 9.994E-05 9.994E-05
0.497644 9.99821E-05 0.270578 0.0139629 9.99821E-05 0.143998 0.0315857 0.0420317
0.976265 9.9946E-05 9.9946E-05 9.9946E-05 0.0231351 9.9946E-05 9.9946E-05 9.9946E-05
9.99549E-05 0.0620254 9.99549E-05 9.99549E-05 0.908002 0.0294727 9.99549E-05 9.99549E-05
0.291839 9.99729E-05 0.0693068 0.0237901 0.158571 0.456193 9.99729E-05 9.99729E-05
9.994E-05 9.994E-05 0.9993 9.994E-05 9.994E-05 9.994E-05 9.994E-05 9.994E-05
0.00546147 0.839473 9.9973E-05 0.0296064 0.119326 0.00583325 9.9973E-05 9.9973E-05
9.9973E-05 0.319023 9.9973E-05 0.00880917 0.265402 0.220937 0.185529 9.9973E-05
9.99461E-05 0.952122 9.99461E-05 9.99461E-05 9.99461E-05 0.0472787 9.99461E-05 9.99461E-05
9.99459E-05 0.910741 9.99459E-05 9.99459E-05 9.99459E-05 9.99459E-05 0.0886593 9.99459E-05
9.99639E-05 0.870167 9.99639E-05 0.0489382 9.99639E-05 9.99639E-05 0.0786167 0.00187815
9.99461E-05 9.99461E-05 9.99461E-05 9.99461E-05 0.108014 9.99461E-05 9.99461E-05 0.891386
9.994E-05 9.994E-05 0.9993 9.994E-05 9.994E-05 9.994E-05 9.994E-05 9.994E-05
0.17318 0.143666 0.245707 0.115845 0.0948144 0.0467597 0.153547 0.0264807
9.99552E-05 0.0487318 0.940883 9.99552E-05 9.99552E-05 9.99552E-05 0.00988552 9.99552E-05
0.0111034 9.9955E-05 0.956747 9.9955E-05 0.03165 9.9955E-05 9.9955E-05 9.9955E-05
0.0408088 0.0019919 0.896615 9.9973E-05 0.00776331 0.0525208 9.9973E-05 9.9973E-05
9.9955E-05 9.9955E-05 0.934015 9.9955E-05 0.0198347 0.0456508 9.9955E-05 9.9955E-05
9.99641E-05 9.99641E-05 0.898174 0.0088178 0.00924555 9.99641E-05 0.0833625 9.99641E-05
9.994E-05 9.994E-05 0.9993 9.994E-05 9.994E-05 9.994E-05 9.994E-05 9.994E-05
0.341061 9.99552E-05 0.472445 9.99552E-05 9.99552E-05 0.185995 9.99552E-05 9.99552E-05
0.157317 9.99552E-05 0.453249 9.99552E-05 9.99552E-05 0.388935 9.99552E-05 9.99552E-05
9.9964E-05 0.00255319 0.955748 9.9964E-05 0.0145331 9.9964E-05 0.0267663 9.9964E-05
9.99819E-05 0.0216304 0.0563056 0.0756498 0.146035 0.311254 0.388926 9.99819E-05
9.99819E-05 0.0456322 0.0110086 0.0883345 0.129909 0.379848 0.345068 9.99819E-05
9.994E-05 9.994E-05 9.994E-05 0.9993 9.994E-05 9.994E-05 9.994E-05 9.994E-05
9.994E-05 9.994E-05 9.994E-05 0.9993 9.994E-05 9.994E-05 9.994E-05 9.994E-05
0.00726471 0.010136 0.016618 9.9973E-05 0.0372104 9.9973E-05 0.928471 9.9973E-05
9.9964E-05 0.0526659 9.9964E-05 9.9964E-05 0.0175387 0.0332621 0.896133 9.9964E-05
9.9946E-05 9.9946E-05 9.9946E-05 0.973325 9.9946E-05 0.0260756 9.9946E-05 9.9946E-05
9.994E-05 9.994E-05 9.994E-05 0.9993 9.994E-05 9.994E-05 9.994E-05 9.994E-05
9.99459E-05 0.0268654 9.99459E-05 9.99459E-05 0.972535 9.99459E-05 9.99459E-05 9.99459E-05
9.99729E-05 0.170904 9.99729E-05 9.99729E-05 0.111956 0.240698 0.420869 0.0552729
0.301171 9.99639E-05 0.070238 9.99639E-05 0.126992 0.501199 9.99639E-05 9.99639E-05
9.99731E-05 0.374079 0.0666812 0.227833 9.99731E-05 9.99731E-05 0.230384 0.100723
9.99641E-05 0.466621 9.99641E-05 0.271487 0.182599 9.99641E-05 9.99641E-05 0.0788923
0.188641 9.99731E-05 0.574396 0.0329389 9.99731E-05 0.150704 9.99731E-05 0.0530199
