9.9973E-05 0.023761 9.9973E-05 0.975939 9.9973E-05
0.32302 0.0409981 0.265314 0.370568 9.9991E-05
0.75063 0.074943 0.0689541 0.0529868 0.052486
0.963345 0.0363549 9.9973E-05 9.9973E-05 9.9973E-05
0.432289 9.99821E-05 0.315923 0.251588 9.99821E-05
0.991388 0.00165266 9.9982E-05 9.9982E-05 0.00675944
0.0351186 9.99821E-05 0.399006 0.565675 9.99821E-05
0.420594 0.0394942 0.466924 0.0728879 9.9991E-05
0.0256503 9.99821E-05 0.41728 0.556869 9.99821E-05
9.9982E-05 0.115855 0.140506 0.74344 9.9982E-05
9.9982E-05 0.136576 0.123371 0.739853 9.9982E-05
0.0623578 0.128974 9.9982E-05 0.808468 9.9982E-05
0.0844419 0.0129744 9.99821E-05 0.902384 9.99821E-05
0.945849 9.9982E-05 9.9982E-05 0.0244641 0.0294865
0.971671 9.9973E-05 9.9973E-05 9.9973E-05 0.0280293
9.9982E-05 0.0328335 0.0863548 0.880612 9.9982E-05
0.00835103 0.410972 0.0248311 0.48287 0.0729762
9.9982E-05 9.9982E-05 0.100946 0.176728 0.722126
9.9973E-05 0.0950498 9.9973E-05 9.9973E-05 0.90465
9.9982E-05 0.13789 0.0133661 0.848544 9.9982E-05
9.997E-05 9.997E-05 9.997E-05 9.997E-05 0.9996
0.00576492 0.0446528 0.00326089 0.946221 9.9991E-05
9.999E-05 0.380488 0.0802543 0.110074 0.429083
9.9973E-05 0.0864537 9.9973E-05 9.9973E-05 0.913246
0.989549 9.9973E-05 0.0101512 9.9973E-05 9.9973E-05
0.9996 9.997E-05 9.997E-05 9.997E-05 9.997E-05
9.9973E-05 0.105762 9.9973E-05 0.893938 9.9973E-05
0.948148 9.9973E-05 0.0515518 9.9973E-05 9.9973E-05
0.927928 9.9973E-05 0.0717724 9.9973E-05 9.9973E-05
0.705359 9.9982E-05 0.264062 9.9982E-05 0.0303797
0.689352 0.044062 0.266386 9.9982E-05 9.9982E-05
0.0756538 9.9991E-05 0.638352 0.28337 0.00252479
0.9996 9.997E-05 9.997E-05 9.997E-05 9.997E-05
0.0821495 0.010934 0.906717 9.9982E-05 9.9982E-05
0.0799436 0.241162 9.9982E-05 0.678694 9.9982E-05
0.9996 9.997E-05 9.997E-05 9.997E-05 9.997E-05
0.0790272 0.0174075 9.99821E-05 0.903365 9.99821E-05
0.0239028 0.0292117 0.194149 0.699361 0.0533752
0.148135 0.426623 9.9991E-05 0.389007 0.0361353
0.138724 0.0792411 9.9982E-05 0.781835 9.9982E-05
0.106187 0.0714853 9.9991E-05 0.804111 0.0181168
9.9991E-05 0.107918 0.0190699 0.854034 0.0188786
9.9973E-05 9.9973E-05 0.0784759 0.921224 9.9973E-05
9.9991E-05 0.12059 0.0857872 0.778609 0.0149144
9.9991E-05 0.166584 0.0295544 0.677924 0.125838
0.0583021 0.113874 0.0586035 0.729967 0.0392535
0.145422 0.167706 0.0562577 0.630514 9.9991E-05
9.99911E-05 0.00234864 0.00707709 0.958696 0.0317786
9.997E-05 9.997E-05 0.9996 9.997E-05 9.997E-05
9.997E-05 9.997E-05 0.9996 9.997E-05 9.997E-05
9.997E-05 9.997E-05 0.9996 9.997E-05 9.997E-05
9.997E-05 9.997E-05 0.9996 9.997E-05 9.997E-05
9.997E-05 9.997E-05 0.9996 9.997E-05 9.997E-05
0.218583 9.9991E-05 0.658505 0.0852692 0.0375429
9.997E-05 9.997E-05 0.9996 9.997E-05 9.997E-05
9.997E-05 9.997E-05 9.997E-05 0.9996 9.997E-05
0.144287 9.9982E-05 0.530189 0.325324 9.9982E-05
0.9996 9.997E-05 9.997E-05 9.997E-05 9.997E-05
0.0171775 0.0384792 9.99821E-05 0.944143 9.99821E-05
0.109358 0.00886144 9.9982E-05 0.881581 9.9982E-05
9.99732E-05 9.99732E-05 9.99732E-05 0.985679 0.0140206
9.997E-05 9.997E-05 9.997E-05 0.9996 9.997E-05
9.9982E-05 0.0858764 9.9982E-05 0.899995 0.0139284
9.99821E-05 9.99821E-05 0.0110304 0.0707068 0.918063
0.990841 0.00885944 9.99731E-05 9.99731E-05 9.99731E-05
0.414032 0.141196 0.100059 0.28696 0.0577522
0.981643 9.99731E-05 0.018057 9.99731E-05 9.99731E-05
0.981659 9.9973E-05 9.9973E-05 0.0180407 9.9973E-05
0.923441 9.9973E-05 0.0762594 9.9973E-05 9.9973E-05
0.951153 9.9973E-05 0.0485473 9.9973E-05 9.9973E-05
0.91899 0.0178109 0.0226321 0.040467 9.9991E-05
0.995006 0.00469378 9.9973E-05 9.9973E-05 9.9973E-05
0.503499 9.99732E-05 0.496201 9.99732E-05 9.99732E-05
0.536234 9.99911E-05 0.385057 0.0648658 0.0137428
0.92615 9.9982E-05 0.0711332 0.00251687 9.9982E-05
0.0675513 0.0609985 0.131299 0.740052 9.9991E-05
0.0513894 0.0251937 0.131469 0.791848 9.9991E-05
9.997E-05 0.9996 9.997E-05 9.997E-05 9.997E-05
9.997E-05 0.9996 9.997E-05 9.997E-05 9.997E-05
9.9991E-05 0.0636557 0.108368 0.816558 0.0113184
9.9991E-05 0.0476716 0.0963869 0.843258 0.0125834
9.997E-05 0.9996 9.997E-05 9.997E-05 9.997E-05
9.997E-05 0.9996 9.997E-05 9.997E-05 9.997E-05
9.9973E-05 9.9973E-05 0.0143057 0.985394 9.9973E-05
0.00266757 9.9991E-05 0.0397173 0.903621 0.0538941
0.0995066 9.9982E-05 0.61096 0.289334 9.9982E-05
0.0830053 0.2952 9.9991E-05 0.49147 0.130224
9.99821E-05 0.34284 9.99821E-05 0.571348 0.0856119
0.634453 0.026094 0.290386 9.9991E-05 0.0489675
