9.9973E-05 0.029904 9.9973E-05 9.9973E-05 0.969796
9.999E-05 0.0390082 0.326525 0.267861 0.366506
0.0123638 0.134861 0.105294 0.747382 9.99911E-05
9.9982E-05 0.0321166 0.000788741 0.966895 9.9982E-05
9.999E-05 0.00926195 0.321123 0.427339 0.242176
0.00790085 0.00938158 9.9982E-05 0.982518 9.9982E-05
9.99821E-05 9.99821E-05 0.389999 0.0328523 0.576948
9.9991E-05 0.0503025 0.470661 0.430456 0.0484796
9.99821E-05 9.99821E-05 0.424837 0.0270634 0.547899
9.9982E-05 0.106496 0.161984 9.9982E-05 0.73132
9.9982E-05 0.113539 0.119432 9.9982E-05 0.766829
9.9982E-05 0.163063 9.9982E-05 0.0478604 0.788877
9.99732E-05 9.99732E-05 9.99732E-05 0.0626648 0.937035
0.0294505 9.9982E-05 9.9982E-05 0.95483 0.0155199
0.0396992 9.9973E-05 9.9973E-05 0.960001 9.9973E-05
9.999E-05 0.00204858 0.0494908 0.0249378 0.923423
0.0939748 0.375388 9.9991E-05 0.0113175 0.51922
0.756861 9.99819E-05 0.0799966 9.99819E-05 0.162943
0.927192 0.0725083 9.9973E-05 9.9973E-05 9.9973E-05
9.9982E-05 0.151893 0.0103214 9.9982E-05 0.837586
0.9996 9.997E-05 9.997E-05 9.997E-05 9.997E-05
9.9973E-05 0.0308224 9.9973E-05 9.9973E-05 0.968878
0.436072 0.410515 0.0563212 0.0636128 0.0334795
0.885815 0.113885 9.9973E-05 9.9973E-05 9.9973E-05
9.9973E-05 9.9973E-05 0.000683938 0.999016 9.9973E-05
9.997E-05 9.997E-05 9.997E-05 0.9996 9.997E-05
9.9973E-05 0.0639066 9.9973E-05 9.9973E-05 0.935793
9.9973E-05 9.9973E-05 0.0556582 0.944042 9.9973E-05
9.9973E-05 9.9973E-05 0.0990812 0.900619 9.9973E-05
0.0403749 0.0178455 0.211572 0.730108 9.9991E-05
9.9982E-05 0.0609257 0.269364 0.66951 9.9982E-05
9.99821E-05 9.99821E-05 0.634392 0.115562 0.249846
9.997E-05 9.997E-05 9.997E-05 0.9996 9.997E-05
9.9982E-05 0.00570004 0.882312 0.111788 9.9982E-05
9.9982E-05 0.239439 9.9982E-05 0.0717518 0.68861
9.9982E-05 0.00523361 9.9982E-05 0.983241 0.0113253
9.99821E-05 0.0222713 9.99821E-05 0.0772654 0.900263
0.066694 0.0299372 0.186889 0.0265095 0.68997
0.0518671 0.41233 9.9991E-05 0.146817 0.388886
0.0198008 0.0561584 9.9991E-05 0.144896 0.779045
0.024809 0.0661364 0.00398115 0.0943843 0.810689
0.0285827 0.122347 0.0362618 9.9991E-05 0.812708
9.9973E-05 9.9973E-05 0.0693226 9.9973E-05 0.930377
9.9982E-05 0.13534 0.0769191 9.9982E-05 0.787541
0.140857 0.163787 0.0376714 9.9991E-05 0.657585
0.0472927 0.0900999 0.0345815 0.102243 0.725783
9.9991E-05 0.117125 0.0748851 0.1035 0.70439
0.0344055 9.99733E-05 9.99733E-05 9.99733E-05 0.965295
9.997E-05 9.997E-05 0.9996 9.997E-05 9.997E-05
9.997E-05 9.997E-05 0.9996 9.997E-05 9.997E-05
9.9973E-05 0.00408106 0.995619 9.9973E-05 9.9973E-05
9.997E-05 9.997E-05 0.9996 9.997E-05 9.997E-05
9.997E-05 9.997E-05 0.9996 9.997E-05 9.997E-05
0.0400155 9.9991E-05 0.648464 0.226841 0.0845801
9.997E-05 9.997E-05 0.9996 9.997E-05 9.997E-05
9.997E-05 9.997E-05 9.997E-05 9.997E-05 0.9996
9.9991E-05 0.00872477 0.571664 0.10886 0.310652
9.997E-05 9.997E-05 9.997E-05 0.9996 9.997E-05
9.99731E-05 0.0370172 9.99731E-05 9.99731E-05 0.962683
9.9982E-05 0.00260187 9.9982E-05 0.0795312 0.917667
0.0200325 9.99732E-05 9.99732E-05 9.99732E-05 0.979668
9.9973E-05 9.9973E-05 9.9973E-05 0.0270783 0.972622
0.00198 0.086594 9.9982E-05 9.9982E-05 0.911226
0.926396 9.99731E-05 9.99731E-05 9.99731E-05 0.0733045
9.997E-05 9.997E-05 9.997E-05 0.9996 9.997E-05
0.0602817 0.17894 0.0204532 0.387002 0.353322
9.997E-05 9.997E-05 9.997E-05 0.9996 9.997E-05
9.9982E-05 9.9982E-05 0.0172747 0.974083 0.00844212
9.9982E-05 9.9982E-05 0.0586843 0.927664 0.0134515
0.0145027 9.9991E-05 0.054042 0.918694 0.012661
9.99821E-05 0.0291177 9.99821E-05 0.949988 0.0206941
9.9973E-05 0.00326731 9.9973E-05 0.996433 9.9973E-05
9.99732E-05 9.99732E-05 0.481013 0.518687 9.99732E-05
0.0141084 9.99911E-05 0.366543 0.521587 0.0976624
9.9973E-05 9.9973E-05 9.9973E-05 0.99078 0.00892042
9.9991E-05 0.066522 0.166402 0.0402162 0.72676
9.9991E-05 0.0474158 0.133594 0.0697873 0.749103
9.997E-05 0.9996 9.997E-05 9.997E-05 9.997E-05
9.997E-05 0.9996 9.997E-05 9.997E-05 9.997E-05
9.99819E-05 0.0961976 0.0991826 9.99819E-05 0.80442
0.00773135 0.0648248 0.0926257 9.9991E-05 0.834718
9.997E-05 0.9996 9.997E-05 9.997E-05 9.997E-05
9.997E-05 0.9996 9.997E-05 9.997E-05 9.997E-05
9.9973E-05 9.9973E-05 0.000553387 9.9973E-05 0.999147
0.0746714 9.9991E-05 0.0114772 0.0223889 0.891362
9.9982E-05 9.9982E-05 0.6389 0.0673892 0.293511
0.114013 0.284517 9.9991E-05 0.0805249 0.520845
0.0731317 0.320775 9.99821E-05 9.99821E-05 0.605893
0.0235441 0.028946 0.319044 0.628365 9.9991E-05
