9.9937E-05 9.9937E-05 9.9937E-05 9.9937E-05 0.95974 9.9937E-05 9.9937E-05 9.9937E-05 0.0316359 0.00792432
9.9955E-05 9.9955E-05 9.9955E-05 0.0987665 0.0406025 0.77825 0.0292087 9.9955E-05 0.0526726 9.9955E-05
0.152958 0.0357193 0.0271207 0.698264 9.99643E-05 0.00769287 9.99643E-05 9.99643E-05 9.99643E-05 0.0778453
9.9946E-05 9.9946E-05 9.9946E-05 0.962297 9.9946E-05 9.9946E-05 0.0031092 0.00024116 9.9946E-05 0.0337531
0.246879 9.99641E-05 9.99641E-05 0.323127 0.0450494 0.185182 0.0291321 9.99641E-05 0.17023 9.99641E-05
0.0129473 9.9937E-05 9.9937E-05 0.931723 9.9937E-05 9.9937E-05 0.0546297 9.9937E-05 9.9937E-05 9.9937E-05
0.38883 9.99371E-05 0.440027 9.99371E-05 9.99371E-05 0.170444 9.99371E-05 9.99371E-05 9.99371E-05 9.99371E-05
0.653337 9.99639E-05 9.99639E-05 0.134705 9.99639E-05 0.0602962 9.99639E-05 0.0814036 0.0548772 0.0149812
0.342537 9.9946E-05 0.319349 9.9946E-05 9.9946E-05 0.257429 9.9946E-05 9.9946E-05 0.0800853 9.9946E-05
0.0802728 9.99282E-05 9.99282E-05 9.99282E-05 9.99282E-05 9.99282E-05 9.99282E-05 9.99282E-05 0.918928 9.99282E-05
0.0423301 9.99282E-05 9.99282E-05 9.99282E-05 9.99282E-05 9.99282E-05 9.99282E-05 9.99282E-05 0.956871 9.99282E-05
0.0383549 9.9946E-05 0.15156 9.9946E-05 0.654011 9.9946E-05 9.9946E-05 9.9946E-05 9.9946E-05 0.155474
0.00206852 9.99282E-05 0.997132 9.99282E-05 9.99282E-05 9.99282E-05 9.99282E-05 9.99282E-05 9.99282E-05 9.99282E-05
9.9946E-05 0.0131379 9.9946E-05 0.915698 9.9946E-05 0.00978708 0.0607772 9.9946E-05 9.9946E-05 9.9946E-05
9.99371E-05 0.00724627 9.99371E-05 0.941759 0.0502955 9.99371E-05 9.99371E-05 9.99371E-05 9.99371E-05 9.99371E-05
9.9973E-05 9.9973E-05 0.359829 0.0247057 0.0762078 0.011113 0.0341701 0.0056783 0.487996 9.9973E-05
9.99278E-05 9.99278E-05 9.99278E-05 9.99278E-05 9.99278E-05 9.99278E-05 0.909717 9.99278E-05 0.0894837 9.99278E-05
9.99549E-05 0.761216 9.99549E-05 9.99549E-05 0.0325771 0.0449585 9.99549E-05 0.0353314 0.125417 9.99549E-05
9.9928E-05 0.893183 9.9928E-05 9.9928E-05 9.9928E-05 9.9928E-05 9.9928E-05 9.9928E-05 9.9928E-05 0.106017
9.99459E-05 9.99459E-05 9.99459E-05 9.99459E-05 0.120268 9.99459E-05 0.143674 9.99459E-05 0.723446 0.012012
9.99281E-05 0.99709 9.99281E-05 0.00211075 9.99281E-05 9.99281E-05 9.99281E-05 9.99281E-05 9.99281E-05 9.99281E-05
9.99639E-05 9.99639E-05 0.109106 9.99639E-05 0.503273 0.00866035 0.0484144 9.99639E-05 0.319461 0.0106856
9.9946E-05 0.32632 9.9946E-05 9.9946E-05 9.9946E-05 9.9946E-05 0.358484 9.9946E-05 0.146114 0.168483
9.99369E-05 0.926325 9.99369E-05 9.99369E-05 9.99369E-05 9.99369E-05 0.0394462 9.99369E-05 9.99369E-05 0.0335292
9.99282E-05 9.99282E-05 9.99282E-05 0.987959 9.99282E-05 9.99282E-05 9.99282E-05 0.0112418 9.99282E-05 9.99282E-05
9.99201E-05 9.99201E-05 9.99201E-05 0.999101 9.99201E-05 9.99201E-05 9.99201E-05 9.99201E-05 9.99201E-05 9.99201E-05
9.99549E-05 9.99549E-05 0.760064 9.99549E-05 0.0722756 9.99549E-05 0.0547667 9.99549E-05 0.0369738 0.0754204
0.0222257 9.9937E-05 9.9937E-05 0.917164 9.9937E-05 9.9937E-05 9.9937E-05 0.0599104 9.9937E-05 9.9937E-05
9.9937E-05 9.9937E-05 0.00953002 0.910551 9.9937E-05 9.9937E-05 9.9937E-05 0.0792191 9.9937E-05 9.9937E-05
0.186573 0.0193996 9.99731E-05 0.567938 9.99731E-05 0.00365717 0.0238141 0.17967 9.99731E-05 0.0186483
0.443845 9.99549E-05 9.99549E-05 0.407632 9.99549E-05 9.99549E-05 0.0625189 0.0772394 9.99549E-05 0.00826578
9.99201E-05 9.99201E-05 9.99201E-05 9.99201E-05 9.99201E-05 0.999101 9.99201E-05 9.99201E-05 9.99201E-05 9.99201E-05
0.142116 9.99371E-05 9.99371E-05 0.855099 9.99371E-05 9.99371E-05 0.00208529 9.99371E-05 9.99371E-05 9.99371E-05
0.164504 9.99461E-05 9.99461E-05 0.0437372 9.99461E-05 0.0449975 9.99461E-05 0.746162 9.99461E-05 9.99461E-05
0.00828185 9.99729E-05 0.427617 0.00497945 0.0417754 9.99729E-05 0.392139 9.99729E-05 0.0351856 0.0897211
0.075347 9.99549E-05 0.00331987 0.901553 0.00340253 9.99549E-05 0.0158774 9.99549E-05 9.99549E-05 9.99549E-05
0.0259441 9.9937E-05 9.9937E-05 9.9937E-05 0.97013 9.9937E-05 0.00322596 9.9937E-05 9.9937E-05 9.9937E-05
0.00956859 0.0256984 9.9955E-05 9.9955E-05 0.0542139 0.178289 9.9955E-05 9.9955E-05 0.731731 9.9955E-05
0.0506651 9.99278E-05 9.99278E-05 9.99278E-05 9.99278E-05 9.99278E-05 0.948535 9.99278E-05 9.99278E-05 9.99278E-05
9.99459E-05 9.99459E-05 9.99459E-05 0.0815855 0.210318 9.99459E-05 0.122282 9.99459E-05 0.585215 9.99459E-05
9.99549E-05 9.99549E-05 9.99549E-05 0.0729916 0.245569 0.0250081 0.0361462 9.99549E-05 0.619786 9.99549E-05
9.9937E-05 9.9937E-05 9.9937E-05 9.9937E-05 0.00117609 9.9937E-05 0.00727692 9.9937E-05 0.990847 9.9937E-05
9.9946E-05 9.9946E-05 0.285577 9.9946E-05 0.0788283 0.0982368 9.9946E-05 9.9946E-05 0.536758 9.9946E-05
9.9937E-05 9.9937E-05 9.9937E-05 9.9937E-05 9.9937E-05 9.9937E-05 0.0751815 9.9937E-05 0.913253 0.0108663
9.99639E-05 0.105014 0.212347 9.99639E-05 9.99639E-05 0.0506834 0.0711684 9.99639E-05 0.433451 0.126937
0.0186422 0.0186298 0.0226956 0.050467 0.0963453 0.0144051 0.0622631 9.9982E-05 0.716352 9.9982E-05
0.0725556 9.9982E-05 0.0713237 0.0633302 0.19292 9.9982E-05 0.356557 0.0146415 0.228162 0.00031061
9.99284E-05 0.0317017 9.99284E-05 9.99284E-05 0.967499 9.99284E-05 9.99284E-05 9.99284E-05 9.99284E-05 9.99284E-05
9.99201E-05 9.99201E-05 9.99201E-05 9.99201E-05 9.99201E-05 9.99201E-05 9.99201E-05 0.999101 9.99201E-05 9.99201E-05
9.99201E-05 9.99201E-05 9.99201E-05 9.99201E-05 9.99201E-05 9.99201E-05 9.99201E-05 0.999101 9.99201E-05 9.99201E-05
9.994E-05 9.994E-05 9.994E-05 9.994E-05 9.994E-05 9.994E-05 0.00336148 0.977921 0.0126999 0.00541772
9.99201E-05 9.99201E-05 9.99201E-05 9.99201E-05 9.99201E-05 9.99201E-05 9.99201E-05 0.999101 9.99201E-05 9.99201E-05
9.99201E-05 9.99201E-05 9.99201E-05 9.99201E-05 9.99201E-05 9.99201E-05 9.99201E-05 0.999101 9.99201E-05 9.99201E-05
0.423992 0.0308006 0.0228182 0.00769947 9.9982E-05 0.0943077 9.9982E-05 0.330373 0.0581845 0.0316246
9.99371E-05 9.99371E-05 9.99371E-05 9.99371E-05 0.00178574 0.0693497 9.99371E-05 0.928165 9.99371E-05 9.99371E-05
9.99369E-05 9.99369E-05 0.0724645 9.99369E-05 0.874397 9.99369E-05 9.99369E-05 9.99369E-05 0.0524393 9.99369E-05
9.99459E-05 9.99459E-05 9.99459E-05 9.99459E-05 0.00850433 0.936982 9.99459E-05 0.0505957 9.99459E-05 0.00331796
9.99279E-05 9.99279E-05 9.99279E-05 0.984048 9.99279E-05 9.99279E-05 0.0151523 9.99279E-05 9.99279E-05 9.99279E-05
9.9946E-05 9.9946E-05 0.858925 9.9946E-05 0.0712645 9.9946E-05 9.9946E-05 0.0161782 9.9946E-05 0.0530327
0.0297289 9.9955E-05 0.321381 0.0402618 0.17688 9.9955E-05 9.9955E-05 9.9955E-05 0.431249 9.9955E-05
9.99201E-05 9.99201E-05 0.999101 9.99201E-05 9.99201E-05 9.99201E-05 9.99201E-05 9.99201E-05 9.99201E-05 9.99201E-05
9.99369E-05 9.99369E-05 0.909056 9.99369E-05 9.99369E-05 9.99369E-05 9.99369E-05 9.99369E-05 0.0766668 0.0135777
9.99459E-05 0.00875242 0.841779 9.99459E-05 9.99459E-05 9.99459E-05 0.0469513 9.99459E-05 9.99459E-05 0.101917
9.99372E-05 0.927245 9.99372E-05 9.99372E-05 0.065888 9.99372E-05 9.99372E-05 0.00616775 9.99372E-05 9.99372E-05
9.99283E-05 9.99283E-05 9.99283E-05 0.997791 9.99283E-05 9.99283E-05 9.99283E-05 9.99283E-05 9.99283E-05 0.00140912
0.00939813 0.0676668 0.0895129 0.31551 0.0649365 0.165539 0.0850542 0.0679378 0.0729674 0.0614778
9.99283E-05 9.99283E-05 0.0504957 0.948705 9.99283E-05 9.99283E-05 9.99283E-05 9.99283E-05 9.99283E-05 9.99283E-05
0.0286143 9.9955E-05 9.9955E-05 0.88376 0.0474541 9.9955E-05 0.0350598 0.00461218 9.9955E-05 9.9955E-05
9.9937E-05 9.9937E-05 0.0345932 0.933999 9.9937E-05 9.9937E-05 9.9937E-05 0.0307087 9.9937E-05 9.9937E-05
9.99371E-05 9.99371E-05 9.99371E-05 0.932284 9.99371E-05 0.0371405 9.99371E-05 0.0298758 9.99371E-05 9.99371E-05
0.0638417 9.99731E-05 9.99731E-05 0.829596 0.00821885 0.0132382 0.05461 9.99731E-05 0.0222827 0.00791274
9.99369E-05 9.99369E-05 9.99369E-05 0.94859 9.99369E-05 9.99369E-05 0.0345712 0.0161396 9.99369E-05 9.99369E-05
0.953653 9.99459E-05 9.99459E-05 0.0080549 9.99459E-05 9.99459E-05 0.0089506 0.0287417 9.99459E-05 9.99459E-05
0.990189 9.99279E-05 0.0090112 9.99279E-05 9.99279E-05 9.99279E-05 9.99279E-05 9.99279E-05 9.99279E-05 9.99279E-05
9.99371E-05 9.99371E-05 9.99371E-05 0.953537 9.99371E-05 9.99371E-05 9.99371E-05 0.029638 0.0161254 9.99371E-05
9.9973E-05 9.9973E-05 0.135961 0.0584999 0.0501497 0.0834219 9.9973E-05 0.0314751 0.630699 0.00949279
9.9973E-05 9.9973E-05 0.164767 0.0662991 0.0350961 0.0522869 9.9973E-05 0.0479979 0.616032 0.0172207
9.99201E-05 9.99201E-05 9.99201E-05 9.99201E-05 9.99201E-05 9.99201E-05 9.99201E-05 9.99201E-05 9.99201E-05 0.999101
9.99281E-05 9.99281E-05 9.99281E-05 9.99281E-05 0.0194664 9.99281E-05 9.99281E-05 9.99281E-05 9.99281E-05 0.979734
9.9928E-05 9.9928E-05 9.9928E-05 9.9928E-05 9.9928E-05 0.0625646 9.9928E-05 9.9928E-05 0.936636 9.9928E-05
9.9937E-05 9.9937E-05 0.0665947 9.9937E-05 9.9937E-05 0.00738472 9.9937E-05 9.9937E-05 0.925321 9.9937E-05
0.000595222 9.99461E-05 9.99461E-05 9.99461E-05 9.99461E-05 0.00561384 9.99461E-05 9.99461E-05 0.0145063 0.978685
9.99201E-05 9.99201E-05 9.99201E-05 9.99201E-05 9.99201E-05 9.99201E-05 9.99201E-05 9.99201E-05 9.99201E-05 0.999101
9.99369E-05 9.99369E-05 0.0375996 9.99369E-05 0.954041 9.99369E-05 9.99369E-05 0.00766007 9.99369E-05 9.99369E-05
9.9955E-05 0.0533191 0.316707 9.9955E-05 0.0160241 0.0814376 9.9955E-05 9.9955E-05 0.532013 9.9955E-05
9.9928E-05 9.9928E-05 9.9928E-05 9.9928E-05 9.9928E-05 0.95012 9.9928E-05 0.0490806 9.9928E-05 9.9928E-05
9.99642E-05 0.0383707 0.141756 0.00734187 9.99642E-05 9.99642E-05 0.717847 9.99642E-05 0.0935054 0.000780068
9.99461E-05 9.99461E-05 0.130608 9.99461E-05 0.137896 9.99461E-05 0.710783 9.99461E-05 9.99461E-05 0.0201129
0.415218 0.0521218 9.99641E-05 0.357324 9.99641E-05 0.0393188 9.99641E-05 0.0996097 9.99641E-05 0.0360084
