0.00308268 9.99369E-05 9.99369E-05 9.99369E-05 9.99369E-05 9.99369E-05 9.99369E-05 0.960347 9.99369E-05 0.0358708
0.0415497 9.99549E-05 9.99549E-05 9.99549E-05 9.99549E-05 0.120514 0.692249 0.0788439 9.99549E-05 0.066343
0.0535869 9.99643E-05 9.99643E-05 0.0410819 0.00982211 0.782387 0.064125 9.99643E-05 0.0485977 9.99643E-05
0.0399628 9.9937E-05 9.9937E-05 9.9937E-05 9.9937E-05 0.954348 9.9937E-05 9.9937E-05 9.9937E-05 0.00498951
9.99641E-05 0.108519 9.99641E-05 9.99641E-05 9.99641E-05 0.433781 0.112774 0.0724409 0.172271 0.0998142
0.0022932 9.9937E-05 0.0149693 9.9937E-05 9.9937E-05 0.982038 9.9937E-05 9.9937E-05 9.9937E-05 9.9937E-05
9.99201E-05 9.99201E-05 9.99201E-05 9.99201E-05 9.99201E-05 9.99201E-05 9.99201E-05 9.99201E-05 0.999101 9.99201E-05
9.99551E-05 0.301473 9.99551E-05 9.99551E-05 9.99551E-05 0.413821 0.0908262 9.99551E-05 0.126124 0.0672562
9.99279E-05 9.99279E-05 9.99279E-05 9.99279E-05 9.99279E-05 9.99279E-05 0.0508403 9.99279E-05 0.94836 9.99279E-05
9.99201E-05 9.99201E-05 9.99201E-05 9.99201E-05 9.99201E-05 9.99201E-05 9.99201E-05 9.99201E-05 0.181113 0.818087
9.9928E-05 9.9928E-05 9.9928E-05 9.9928E-05 9.9928E-05 9.9928E-05 9.9928E-05 9.9928E-05 0.185499 0.813701
0.113804 9.9955E-05 9.9955E-05 9.9955E-05 0.150619 0.00945383 9.9955E-05 0.700066 0.0255575 9.9955E-05
9.99281E-05 9.99281E-05 9.99281E-05 9.99281E-05 0.9647 9.99281E-05 9.99281E-05 9.99281E-05 0.0345005 9.99281E-05
0.0040136 9.9973E-05 0.00501232 0.0183782 0.0129351 0.956052 0.000643997 0.00266455 9.9973E-05 9.9973E-05
9.99371E-05 9.99371E-05 9.99371E-05 0.00112134 9.99371E-05 0.958009 9.99371E-05 0.0401697 9.99371E-05 9.99371E-05
0.0233263 9.99639E-05 9.99639E-05 9.99639E-05 0.247452 9.99639E-05 0.0016939 0.167902 0.268428 0.290797
0.259848 9.99551E-05 9.99551E-05 0.046175 0.183564 0.0014868 9.99551E-05 9.99551E-05 9.99551E-05 0.508427
9.99549E-05 0.0285724 9.99549E-05 0.721456 9.99549E-05 9.99549E-05 0.0943276 0.00890167 9.99549E-05 0.146243
0.0345532 9.9937E-05 0.140926 0.823821 9.9937E-05 9.9937E-05 9.9937E-05 9.9937E-05 9.9937E-05 9.9937E-05
0.053402 9.9955E-05 9.9955E-05 9.9955E-05 0.0203483 9.9955E-05 9.9955E-05 0.208146 0.0492322 0.668371
9.9928E-05 9.9928E-05 0.00263527 0.996565 9.9928E-05 9.9928E-05 9.9928E-05 9.9928E-05 9.9928E-05 9.9928E-05
0.0213674 9.9955E-05 9.9955E-05 9.9955E-05 0.136353 9.9955E-05 0.00656403 0.618983 9.9955E-05 0.216233
0.2195 0.023994 9.9955E-05 0.431384 9.9955E-05 0.0201561 9.9955E-05 9.9955E-05 9.9955E-05 0.304466
0.0214533 9.9937E-05 9.9937E-05 0.917724 9.9937E-05 9.9937E-05 9.9937E-05 9.9937E-05 9.9937E-05 0.0601233
9.99201E-05 9.99201E-05 9.99201E-05 9.99201E-05 9.99201E-05 0.999101 9.99201E-05 9.99201E-05 9.99201E-05 9.99201E-05
9.99201E-05 9.99201E-05 9.99201E-05 9.99201E-05 9.99201E-05 0.999101 9.99201E-05 9.99201E-05 9.99201E-05 9.99201E-05
0.0188712 9.99459E-05 9.99459E-05 9.99459E-05 0.836866 9.99459E-05 9.99459E-05 0.0474074 9.99459E-05 0.0962556
9.9937E-05 0.0368394 9.9937E-05 9.9937E-05 9.9937E-05 0.93081 9.9937E-05 9.9937E-05 0.0316511 9.9937E-05
9.9937E-05 0.0825402 9.9937E-05 9.9937E-05 9.9937E-05 0.887614 0.029146 9.9937E-05 9.9937E-05 9.9937E-05
0.0142961 0.233854 0.0340973 9.99551E-05 0.0311445 0.686108 9.99551E-05 9.99551E-05 9.99551E-05 9.99551E-05
0.0576086 0.256155 9.99641E-05 9.99641E-05 0.00323325 0.668264 0.0121175 9.99641E-05 0.00222127 9.99641E-05
9.99201E-05 9.99201E-05 9.99201E-05 9.99201E-05 9.99201E-05 9.99201E-05 0.999101 9.99201E-05 9.99201E-05 9.99201E-05
0.00135812 9.99372E-05 9.99372E-05 9.99372E-05 9.99372E-05 0.981211 9.99372E-05 9.99372E-05 0.0167317 9.99372E-05
9.99462E-05 0.868267 9.99462E-05 9.99462E-05 9.99462E-05 0.0806559 0.0130231 9.99462E-05 0.0374543 9.99462E-05
0.170273 0.00057679 9.99639E-05 9.99639E-05 0.638986 0.037252 9.99639E-05 0.00902132 9.99639E-05 0.143491
9.99459E-05 9.99459E-05 9.99459E-05 9.99459E-05 0.00999369 0.96368 9.99459E-05 0.00618925 0.0195373 9.99459E-05
0.0036158 9.99281E-05 9.99281E-05 9.99281E-05 9.99281E-05 9.99281E-05 9.99281E-05 0.995585 9.99281E-05 9.99281E-05
9.9937E-05 9.9937E-05 9.9937E-05 9.9937E-05 9.9937E-05 9.9937E-05 0.238568 0.0165038 9.9937E-05 0.744229
0.357984 9.99551E-05 9.99551E-05 0.0318882 0.190545 0.121214 9.99551E-05 9.99551E-05 9.99551E-05 0.29787
0.00271104 9.99549E-05 0.00474068 9.99549E-05 9.99549E-05 0.141481 9.99549E-05 0.291517 9.99549E-05 0.559051
0.0147503 9.99639E-05 0.0123275 9.99639E-05 9.99639E-05 0.0603058 0.0352522 0.305023 9.99639E-05 0.571942
9.9928E-05 9.9928E-05 9.9928E-05 9.9928E-05 0.00441181 9.9928E-05 9.9928E-05 9.9928E-05 9.9928E-05 0.994789
9.99458E-05 9.99458E-05 9.99458E-05 9.99458E-05 0.0966683 9.99458E-05 9.99458E-05 0.210964 0.438668 0.2531
9.9928E-05 9.9928E-05 9.9928E-05 9.9928E-05 0.0292561 9.9928E-05 9.9928E-05 9.9928E-05 9.9928E-05 0.969944
0.1245 9.9964E-05 9.9964E-05 0.0911018 0.181603 9.9964E-05 0.0739153 0.0248006 9.9964E-05 0.503679
0.0295361 0.000232017 0.0867435 9.9982E-05 0.052741 0.0661093 0.055246 0.148382 9.9982E-05 0.56081
0.0852393 0.0690366 0.0391662 9.9973E-05 0.257714 0.0824348 9.9973E-05 0.207043 9.9973E-05 0.259066
9.99285E-05 9.99285E-05 0.0252584 9.99285E-05 9.99285E-05 9.99285E-05 9.99285E-05 0.973942 9.99285E-05 9.99285E-05
9.99201E-05 0.999101 9.99201E-05 9.99201E-05 9.99201E-05 9.99201E-05 9.99201E-05 9.99201E-05 9.99201E-05 9.99201E-05
9.99201E-05 0.999101 9.99201E-05 9.99201E-05 9.99201E-05 9.99201E-05 9.99201E-05 9.99201E-05 9.99201E-05 9.99201E-05
9.9928E-05 0.99737 9.9928E-05 9.9928E-05 9.9928E-05 9.9928E-05 9.9928E-05 9.9928E-05 0.00183085 9.9928E-05
9.99201E-05 0.999101 9.99201E-05 9.99201E-05 9.99201E-05 9.99201E-05 9.99201E-05 9.99201E-05 9.99201E-05 9.99201E-05
9.99201E-05 0.999101 9.99201E-05 9.99201E-05 9.99201E-05 9.99201E-05 9.99201E-05 9.99201E-05 9.99201E-05 9.99201E-05
9.99731E-05 0.511554 0.0511645 9.99731E-05 0.0196082 0.201674 0.0584823 9.99731E-05 0.144388 0.0128289
0.00555281 0.897642 9.99459E-05 9.99459E-05 9.99459E-05 9.99459E-05 0.0761813 0.0200247 9.99459E-05 9.99459E-05
9.99369E-05 9.99369E-05 9.99369E-05 9.99369E-05 0.0341686 9.99369E-05 9.99369E-05 0.915736 0.0493961 9.99369E-05
9.99369E-05 0.0504314 9.99369E-05 9.99369E-05 9.99369E-05 9.99369E-05 0.89581 9.99369E-05 0.0530586 9.99369E-05
9.99279E-05 9.99279E-05 9.99279E-05 9.99279E-05 0.00241268 0.996788 9.99279E-05 9.99279E-05 9.99279E-05 9.99279E-05
0.0188565 9.9955E-05 9.9955E-05 9.9955E-05 0.856312 9.9955E-05 0.0122423 0.0808358 0.0312532 9.9955E-05
0.0486644 9.99639E-05 9.99639E-05 9.99639E-05 0.198766 0.00749859 9.99639E-05 0.299126 0.319746 0.125799
9.99282E-05 9.99282E-05 9.99282E-05 9.99282E-05 0.93709 9.99282E-05 9.99282E-05 9.99282E-05 0.0621103 9.99282E-05
9.99279E-05 9.99279E-05 9.99279E-05 9.99279E-05 0.909294 9.99279E-05 9.99279E-05 9.99279E-05 9.99279E-05 0.0899069
0.0315811 9.99369E-05 9.99369E-05 9.99369E-05 0.869967 9.99369E-05 9.99369E-05 9.99369E-05 9.99369E-05 0.097752
9.99201E-05 9.99201E-05 0.999101 9.99201E-05 9.99201E-05 9.99201E-05 9.99201E-05 9.99201E-05 9.99201E-05 9.99201E-05
9.99201E-05 9.99201E-05 9.99201E-05 9.99201E-05 9.99201E-05 0.999101 9.99201E-05 9.99201E-05 9.99201E-05 9.99201E-05
0.141069 0.15377 0.0273137 9.9991E-05 0.220918 0.169733 0.0901946 0.0348746 0.024204 0.137823
9.99552E-05 0.017868 9.99552E-05 9.99552E-05 0.00737554 0.948704 9.99552E-05 0.00703578 0.0185174 9.99552E-05
9.9946E-05 0.0120482 9.9946E-05 9.9946E-05 9.9946E-05 0.95602 9.9946E-05 0.0295146 0.00181715 9.9946E-05
9.99369E-05 0.0580312 9.99369E-05 9.99369E-05 9.99369E-05 0.895062 9.99369E-05 9.99369E-05 0.0462078 9.99369E-05
9.9964E-05 0.00297868 9.9964E-05 0.00481677 9.9964E-05 0.911756 0.0427321 0.00390297 0.0334137 9.9964E-05
9.99371E-05 9.99371E-05 9.99371E-05 9.99371E-05 9.99371E-05 0.934418 9.99371E-05 0.0159805 9.99371E-05 0.0489023
9.9937E-05 0.00638674 9.9937E-05 9.9937E-05 9.9937E-05 0.984859 9.9937E-05 0.00805471 9.9937E-05 9.9937E-05
9.99463E-05 0.344706 9.99463E-05 9.99463E-05 9.99463E-05 0.491906 0.00861324 9.99463E-05 0.154175 9.99463E-05
9.99374E-05 0.177407 9.99374E-05 9.99374E-05 9.99374E-05 0.467611 9.99374E-05 9.99374E-05 0.354283 9.99374E-05
9.9955E-05 0.00480117 9.9955E-05 9.9955E-05 0.0105006 0.955912 9.9955E-05 0.011563 9.9955E-05 0.0167236
0.0876245 9.99548E-05 9.99548E-05 9.99548E-05 9.99548E-05 0.01711 9.99548E-05 0.183101 0.46593 0.245735
0.0938025 9.99458E-05 9.99458E-05 9.99458E-05 9.99458E-05 9.99458E-05 9.99458E-05 0.187088 0.486698 0.231812
0.999101 9.99201E-05 9.99201E-05 9.99201E-05 9.99201E-05 9.99201E-05 9.99201E-05 9.99201E-05 9.99201E-05 9.99201E-05
0.999101 9.99201E-05 9.99201E-05 9.99201E-05 9.99201E-05 9.99201E-05 9.99201E-05 9.99201E-05 9.99201E-05 9.99201E-05
9.9955E-05 9.9955E-05 9.9955E-05 9.9955E-05 9.9955E-05 0.00250791 0.0908233 0.0272927 0.00726696 0.871609
9.9946E-05 9.9946E-05 9.9946E-05 9.9946E-05 0.0434727 9.9946E-05 0.0429474 9.9946E-05 0.0495403 0.86344
0.999101 9.99201E-05 9.99201E-05 9.99201E-05 9.99201E-05 9.99201E-05 9.99201E-05 9.99201E-05 9.99201E-05 9.99201E-05
0.999101 9.99201E-05 9.99201E-05 9.99201E-05 9.99201E-05 9.99201E-05 9.99201E-05 9.99201E-05 9.99201E-05 9.99201E-05
9.99279E-05 9.99279E-05 9.99279E-05 9.99279E-05 0.0293801 9.99279E-05 9.99279E-05 0.96982 9.99279E-05 9.99279E-05
9.99639E-05 9.99639E-05 0.0472765 9.99639E-05 0.187243 9.99639E-05 0.0404216 0.125899 0.248108 0.350652
9.99369E-05 0.0429079 9.99369E-05 9.99369E-05 9.99369E-05 9.99369E-05 0.912692 9.99369E-05 0.043701 9.99369E-05
0.185834 9.99641E-05 0.0129678 0.0893862 0.340509 0.052402 9.99641E-05 9.99641E-05 9.99641E-05 0.318501
0.265527 9.99461E-05 9.99461E-05 0.07197 0.431417 9.99461E-05 9.99461E-05 0.230486 9.99461E-05 9.99461E-05
9.99641E-05 0.268086 0.0463805 0.00832765 9.99641E-05 0.561604 0.00904703 9.99641E-05 0.106155 9.99641E-05
