0.967464 9.9982E-05 0.0323363 9.9982E-05
0.45242 9.9991E-05 0.0200974 0.527383
9.999E-05 0.0451892 0.0793452 0.875366
9.9982E-05 9.9982E-05 0.0275357 0.972264
0.279866 9.9991E-05 0.0155161 0.704518
9.9982E-05 9.9982E-05 0.00527101 0.994529
0.670701 9.99821E-05 9.99821E-05 0.329099
0.156764 9.9991E-05 0.0482797 0.794856
0.663695 9.99821E-05 9.99821E-05 0.336105
0.876235 9.9991E-05 0.100499 0.0231667
0.90108 9.99821E-05 0.0987198 9.99821E-05
0.790672 9.9991E-05 0.190971 0.018257
0.888783 0.000227189 0.0436445 0.0673456
9.999E-05 0.00704045 0.0117605 0.981099
9.9982E-05 0.00315483 9.9982E-05 0.996645
0.964195 9.9991E-05 0.0199806 0.0157243
0.505083 0.0846506 0.410166 9.9991E-05
0.189559 0.781119 9.9991E-05 0.0292223
9.9982E-05 0.903779 0.0960214 9.9982E-05
0.839645 9.9982E-05 0.160155 9.9982E-05
9.998E-05 0.9997 9.998E-05 9.998E-05
0.961902 9.9982E-05 0.0378981 9.9982E-05
0.123847 0.430754 0.404272 0.0411262
9.9982E-05 0.862877 0.136923 9.9982E-05
9.998E-05 9.998E-05 9.998E-05 0.9997
9.998E-05 9.998E-05 9.998E-05 0.9997
0.876172 9.9982E-05 0.123628 9.9982E-05
9.998E-05 9.998E-05 9.998E-05 0.9997
9.998E-05 9.998E-05 9.998E-05 0.9997
0.0133587 0.0205414 0.0447844 0.921315
9.9991E-05 0.00360251 0.0783548 0.917943
0.420552 0.0253566 9.99911E-05 0.553992
9.998E-05 9.998E-05 9.998E-05 0.9997
0.181874 9.9982E-05 9.9982E-05 0.817926
0.691349 9.9991E-05 0.264621 0.0439295
0.000941107 9.9991E-05 0.0184755 0.980483
0.901267 9.9991E-05 0.0423126 0.0563205
0.773189 0.0482737 0.0247097 0.153828
0.353909 0.0612071 0.459835 0.125049
0.83602 9.9991E-05 0.0563696 0.10751
0.864493 0.00663826 0.0677205 0.0611482
0.881855 0.0200206 0.0980243 9.9991E-05
0.995721 9.9982E-05 9.9982E-05 0.00407938
0.861863 9.9991E-05 0.131368 0.00666975
0.693233 0.100677 0.20599 9.9991E-05
0.75866 0.0596531 0.0853739 0.0963131
0.685017 9.9991E-05 0.166717 0.148166
0.954778 0.044393 0.000728675 9.99911E-05
0.155572 0.0353491 9.9991E-05 0.808979
0.150502 0.0637249 9.9991E-05 0.785673
0.169388 0.0408022 9.9991E-05 0.78971
0.146978 0.0441353 9.9991E-05 0.808786
0.115098 0.0369181 9.9991E-05 0.847884
0.223957 0.0599356 9.9991E-05 0.716008
0.23677 0.00642747 9.9991E-05 0.756703
0.9997 9.998E-05 9.998E-05 9.998E-05
0.458435 9.9982E-05 9.9982E-05 0.541366
9.998E-05 9.998E-05 9.998E-05 0.9997
0.916753 9.99821E-05 0.0830471 9.99821E-05
0.905939 9.9991E-05 0.0187125 0.0752486
0.977671 0.0221288 9.99822E-05 9.99822E-05
0.971056 9.9982E-05 0.0287444 9.9982E-05
0.864206 0.00484833 0.130846 9.9991E-05
0.0590169 0.940783 9.99821E-05 9.99821E-05
9.998E-05 9.998E-05 9.998E-05 0.9997
0.452741 0.0814387 0.130687 0.335133
9.998E-05 9.998E-05 9.998E-05 0.9997
0.013554 9.9991E-05 0.00775707 0.978589
0.0101738 9.9982E-05 9.9982E-05 0.989626
9.998E-05 9.998E-05 9.998E-05 0.9997
0.0231884 9.9991E-05 0.0232296 0.953482
9.998E-05 9.998E-05 9.998E-05 0.9997
0.0854078 9.99821E-05 9.99821E-05 0.914392
0.133945 0.0181804 9.99911E-05 0.847775
9.998E-05 9.998E-05 9.998E-05 0.9997
0.816326 9.9991E-05 0.0389169 0.144657
0.813993 9.9991E-05 0.0524849 0.133422
9.998E-05 9.998E-05 0.9997 9.998E-05
9.998E-05 9.998E-05 0.9997 9.998E-05
0.868493 9.9991E-05 0.0968183 0.0345882
0.897816 0.0102805 0.0630195 0.0288842
9.998E-05 9.998E-05 0.9997 9.998E-05
9.998E-05 9.998E-05 0.9997 9.998E-05
0.9997 9.998E-05 9.998E-05 9.998E-05
0.937798 0.0441176 9.9991E-05 0.0179846
0.465943 9.9982E-05 9.9982E-05 0.533857
0.479877 0.136198 0.344037 0.0398869
0.527185 0.0886813 0.384033 9.9991E-05
9.9991E-05 0.0782455 0.0426485 0.879006
