9.9982E-05 0.0592031 9.9982E-05 0.940597
0.542746 0.0307846 9.9991E-05 0.42637
0.899287 0.0376465 0.0247726 0.0382944
0.956148 0.0436522 9.9982E-05 9.9982E-05
0.691007 0.0140266 9.9991E-05 0.294867
0.981209 0.0185907 9.9982E-05 9.9982E-05
0.281757 9.99821E-05 9.99821E-05 0.718043
0.787595 0.0417593 9.9991E-05 0.170546
0.32014 9.99821E-05 9.99821E-05 0.67966
0.0422841 0.150118 9.9991E-05 0.807498
9.9982E-05 0.157475 9.9982E-05 0.842325
0.0391927 0.21092 9.9991E-05 0.749787
0.0383813 0.0268912 9.99911E-05 0.934628
0.953915 0.0356634 0.010322 9.9991E-05
0.9997 9.998E-05 9.998E-05 9.998E-05
0.0242828 0.049715 9.9991E-05 0.925902
9.9991E-05 0.468379 0.0741665 0.457355
0.0225711 9.9991E-05 0.722961 0.254368
9.9982E-05 0.0903819 0.909418 9.9982E-05
9.9982E-05 0.175348 9.9982E-05 0.824452
9.998E-05 9.998E-05 0.9997 9.998E-05
9.9982E-05 0.10016 9.9982E-05 0.89964
0.0508886 0.416936 0.41078 0.121395
9.9982E-05 0.0975377 0.902262 9.9982E-05
0.9997 9.998E-05 9.998E-05 9.998E-05
0.9997 9.998E-05 9.998E-05 9.998E-05
9.9982E-05 0.0873858 9.9982E-05 0.912414
0.9997 9.998E-05 9.998E-05 9.998E-05
0.9997 9.998E-05 9.998E-05 9.998E-05
0.893731 0.0737604 0.0324084 9.9991E-05
0.927267 0.0707638 0.00186891 9.9991E-05
0.580481 9.99911E-05 0.0147641 0.404655
0.9997 9.998E-05 9.998E-05 9.998E-05
0.828929 9.99821E-05 9.99821E-05 0.170871
0.0465187 0.290918 9.9991E-05 0.662463
0.994174 0.00562587 9.9982E-05 9.9982E-05
0.0697607 0.0768362 9.9991E-05 0.853303
0.163268 0.0544321 0.0171204 0.765179
0.113856 0.510765 0.0344117 0.340967
0.0992735 0.106814 0.0110314 0.782881
0.0828173 0.0936773 0.0295818 0.793924
9.9991E-05 0.113762 0.0141036 0.872035
0.0150928 9.9982E-05 9.9982E-05 0.984707
9.9991E-05 0.168984 0.00483244 0.826084
9.9991E-05 0.199385 0.0945978 0.705917
0.0893533 0.137912 0.0288708 0.743864
0.157065 0.179668 9.9991E-05 0.663167
9.99911E-05 0.013545 0.0530899 0.933265
0.825187 9.9991E-05 0.0536707 0.121042
0.812584 9.9991E-05 0.0598745 0.127442
0.748534 9.9991E-05 0.0675762 0.183789
0.829083 9.9991E-05 0.0660752 0.104742
0.847089 9.9991E-05 0.025158 0.127653
0.718892 9.9991E-05 0.0285568 0.252451
0.787014 9.9991E-05 0.0144519 0.198435
9.998E-05 9.998E-05 9.998E-05 0.9997
0.544441 9.9982E-05 9.9982E-05 0.455359
0.9997 9.998E-05 9.998E-05 9.998E-05
9.99821E-05 0.0712414 9.99821E-05 0.928559
0.0621428 0.0349825 9.9991E-05 0.902775
9.99821E-05 9.99821E-05 0.00321037 0.99659
9.9982E-05 0.0197302 9.9982E-05 0.98007
9.9982E-05 0.107329 9.9982E-05 0.892471
0.00442035 9.9991E-05 0.921927 0.073553
0.9997 9.998E-05 9.998E-05 9.998E-05
0.415324 0.122016 0.0920952 0.370564
0.997871 0.00192866 9.99821E-05 9.99821E-05
0.9997 9.998E-05 9.998E-05 9.998E-05
0.9997 9.998E-05 9.998E-05 9.998E-05
0.996852 9.9982E-05 0.00294776 9.9982E-05
0.943525 0.056275 9.9982E-05 9.9982E-05
0.9997 9.998E-05 9.998E-05 9.998E-05
0.899593 9.99821E-05 9.99821E-05 0.100207
0.848248 9.99911E-05 0.00798227 0.143669
0.988907 0.0108932 9.9982E-05 9.9982E-05
0.149033 0.0615038 9.9991E-05 0.789363
0.141905 0.0579207 9.9991E-05 0.800074
9.998E-05 0.9997 9.998E-05 9.998E-05
9.998E-05 0.9997 9.998E-05 9.998E-05
0.0360657 0.0885256 9.9991E-05 0.875309
0.0309072 0.0843444 0.0120202 0.872728
9.998E-05 0.9997 9.998E-05 9.998E-05
9.998E-05 0.9997 9.998E-05 9.998E-05
9.998E-05 9.998E-05 9.998E-05 0.9997
0.0197034 9.9991E-05 0.0753899 0.904807
0.564026 9.9982E-05 9.9982E-05 0.435774
0.0543179 0.332245 0.124257 0.48918
9.9991E-05 0.378761 0.0816873 0.539451
0.905513 0.0409066 0.0534804 9.9991E-05
