0.941791 0.0379771 0.020232
0.383359 0.244491 0.37215
0.0870946 0.892523 0.0203825
9.999E-05 0.9998 9.999E-05
0.228933 0.423265 0.347803
0.00801108 0.991889 9.9991E-05
0.451066 0.0100098 0.538924
0.0397503 0.43405 0.5262
0.414639 9.9991E-05 0.585261
0.816722 9.9991E-05 0.183178
0.813668 9.9991E-05 0.186232
0.890644 0.109256 9.9991E-05
0.887142 0.112758 9.9991E-05
0.000365017 0.999535 9.9991E-05
0.0312593 0.968641 9.9991E-05
0.852396 0.0166749 0.130929
0.961512 0.0383876 9.9991E-05
0.926445 9.99911E-05 0.0734551
0.9998 9.999E-05 9.999E-05
0.957724 9.9991E-05 0.0421755
0.9998 9.999E-05 9.999E-05
0.943338 0.00915137 0.0475108
0.933724 0.00138976 0.0648864
0.9998 9.999E-05 9.999E-05
9.999E-05 0.9998 9.999E-05
9.999E-05 0.9998 9.999E-05
0.9998 9.999E-05 9.999E-05
9.9991E-05 0.942584 0.0573161
9.9991E-05 0.889347 0.110553
0.0352933 0.680121 0.284585
0.012156 0.661048 0.326796
0.249115 0.0277454 0.723139
9.999E-05 0.9998 9.999E-05
9.9991E-05 0.0452821 0.954618
0.896382 0.103518 9.9991E-05
0.00601716 0.993883 9.9991E-05
0.891245 0.108655 9.9991E-05
0.734499 0.00232379 0.263177
0.79075 0.20915 9.9991E-05
0.822117 0.177783 9.99909E-05
0.843208 0.156692 9.99909E-05
0.94422 9.99909E-05 0.0556805
0.873023 9.9991E-05 0.126877
0.885863 9.99909E-05 0.114037
0.947028 9.9991E-05 0.0528719
0.837296 0.0528762 0.109828
0.772893 0.113439 0.113668
0.946171 9.99911E-05 0.0537293
9.999E-05 9.999E-05 0.9998
9.999E-05 9.999E-05 0.9998
9.999E-05 9.999E-05 0.9998
9.999E-05 9.999E-05 0.9998
9.999E-05 9.999E-05 0.9998
0.0811042 0.230349 0.688547
9.999E-05 9.999E-05 0.9998
0.965606 9.9991E-05 0.0342935
0.268147 0.0743682 0.657484
9.999E-05 0.9998 9.999E-05
0.979821 0.00102875 0.0191505
0.86891 0.0692965 0.0617931
0.963748 0.0361515 9.99911E-05
0.974379 0.025521 9.9991E-05
0.9998 9.999E-05 9.999E-05
0.9998 9.999E-05 9.999E-05
9.999E-05 0.9998 9.999E-05
0.455199 0.311897 0.232904
9.999E-05 0.9998 9.999E-05
0.00313555 0.975404 0.0214601
9.9991E-05 0.885784 0.114116
9.9991E-05 0.936433 0.0634666
0.0399503 0.923277 0.036773
9.999E-05 0.9998 9.999E-05
9.99911E-05 0.460919 0.538981
0.0168138 0.492481 0.490705
9.9991E-05 0.952289 0.047611
0.764192 0.045307 0.190501
0.739764 0.0506721 0.209564
0.868191 0.131709 9.9991E-05
0.88272 0.11718 9.9991E-05
0.837889 9.99909E-05 0.162011
0.852265 9.99909E-05 0.147635
0.860966 0.129955 0.00907827
0.874254 0.125646 9.9991E-05
0.931757 9.9991E-05 0.068143
0.900081 9.9991E-05 0.099819
0.227784 0.0401197 0.732096
0.919849 0.0800511 9.9991E-05
0.950809 0.0490906 9.9991E-05
0.0270719 0.603243 0.369685
