0.000268367 0.0379537 0.961778
0.306568 0.331227 0.362205
0.825622 0.111603 0.0627756
0.9998 9.999E-05 9.999E-05
0.450013 0.299872 0.250115
0.9998 9.999E-05 9.999E-05
9.999E-05 0.511202 0.488698
0.436696 0.48575 0.0775539
9.9991E-05 0.563473 0.436427
9.9991E-05 0.179102 0.820798
9.9991E-05 0.154226 0.845674
0.108177 9.9991E-05 0.891723
0.13358 9.9991E-05 0.86632
0.961339 9.9991E-05 0.038561
0.992353 9.9991E-05 0.00754722
9.9991E-05 0.137537 0.862363
0.0668399 9.9991E-05 0.93306
9.99911E-05 0.0740326 0.925867
9.999E-05 9.999E-05 0.9998
9.9991E-05 0.056719 0.943181
9.999E-05 9.999E-05 0.9998
0.0187517 0.0464113 0.934837
0.0497635 0.0266359 0.923601
9.999E-05 9.999E-05 0.9998
0.9998 9.999E-05 9.999E-05
0.9998 9.999E-05 9.999E-05
9.9991E-05 0.00589033 0.99401
0.938342 0.0615585 9.9991E-05
0.934827 0.0650734 9.9991E-05
0.724713 0.263558 0.0117285
0.704977 0.294923 9.9991E-05
0.100055 0.686735 0.21321
0.9998 9.999E-05 9.999E-05
0.0531345 0.946766 9.9991E-05
0.113233 9.9991E-05 0.886667
0.9998 9.999E-05 9.999E-05
0.117665 9.9991E-05 0.882235
9.9991E-05 0.240197 0.759703
0.194091 9.9991E-05 0.805809
0.164847 9.99909E-05 0.835053
0.128254 0.0128944 0.858852
9.9991E-05 0.0741134 0.925787
9.9991E-05 0.159944 0.839956
9.9991E-05 0.10579 0.89411
9.9991E-05 0.0685851 0.931315
0.085383 0.0940419 0.820575
0.125124 0.0796046 0.795272
9.99911E-05 0.0466289 0.953271
9.999E-05 0.9998 9.999E-05
9.999E-05 0.9998 9.999E-05
9.999E-05 0.9998 9.999E-05
9.999E-05 0.9998 9.999E-05
0.000776203 0.999124 9.9991E-05
0.188255 0.703789 0.107955
9.999E-05 0.9998 9.999E-05
9.9991E-05 0.0837866 0.916113
0.109026 0.64612 0.244854
0.9998 9.999E-05 9.999E-05
0.00485353 0.0397684 0.955378
0.0982128 0.0596504 0.842137
0.0228271 9.9991E-05 0.977073
0.0255992 9.9991E-05 0.974301
9.999E-05 9.999E-05 0.9998
9.999E-05 9.999E-05 0.9998
0.9998 9.999E-05 9.999E-05
0.274139 0.17774 0.548122
0.9998 9.999E-05 9.999E-05
0.969296 0.0306042 9.9991E-05
0.937106 0.0627935 9.9991E-05
0.964657 0.035243 9.9991E-05
0.921725 0.0316901 0.0465848
0.9998 9.999E-05 9.999E-05
0.477465 0.522435 9.99911E-05
0.514176 0.470161 0.0156626
0.9998 9.999E-05 9.999E-05
0.0339402 0.246767 0.719293
0.0220099 0.251537 0.726453
0.165267 9.9991E-05 0.834633
0.14307 9.9991E-05 0.85683
9.99909E-05 0.16722 0.83268
9.99909E-05 0.141666 0.858234
0.115598 0.0388966 0.845506
0.133642 9.9991E-05 0.866258
0.0106089 0.0723803 0.917011
9.9991E-05 0.111786 0.888114
0.0348736 0.740358 0.224768
0.103989 9.9991E-05 0.895911
0.0466471 9.9991E-05 0.953253
0.644351 0.342182 0.0134667
