9.99008E-05 9.99008E-05 9.99008E-05 9.99008E-05 0.0720656 9.99008E-05 0.00553725 9.99008E-05 9.99008E-05 0.921298 9.99008E-05 9.99008E-05 9.99008E-05 9.99008E-05
9.99099E-05 9.99099E-05 0.0656304 0.0267868 9.99099E-05 9.99099E-05 0.182598 9.99099E-05 9.99099E-05 9.99099E-05 9.99099E-05 9.99099E-05 0.723986 9.99099E-05
0.998702 9.9883E-05 9.9883E-05 9.9883E-05 9.9883E-05 9.9883E-05 9.9883E-05 9.9883E-05 9.9883E-05 9.9883E-05 9.9883E-05 9.9883E-05 9.9883E-05 9.9883E-05
9.99011E-05 9.99011E-05 0.958656 9.99011E-05 0.00141404 9.99011E-05 9.99011E-05 9.99011E-05 9.99011E-05 9.99011E-05 9.99011E-05 0.0388311 9.99011E-05 9.99011E-05
0.0440168 9.99282E-05 0.198083 0.0205873 9.99282E-05 9.99282E-05 0.206578 9.99282E-05 9.99282E-05 9.99282E-05 0.327758 9.99282E-05 0.202178 9.99282E-05
0.0100297 9.99011E-05 0.938857 9.99011E-05 9.99011E-05 9.99011E-05 0.050014 9.99011E-05 9.99011E-05 9.99011E-05 9.99011E-05 9.99011E-05 9.99011E-05 9.99011E-05
9.99101E-05 9.99101E-05 9.99101E-05 9.99101E-05 9.99101E-05 9.99101E-05 9.99101E-05 0.263336 9.99101E-05 9.99101E-05 0.475734 9.99101E-05 0.0339679 0.225963
0.0298863 0.0767615 0.100079 9.99368E-05 0.0625069 9.99368E-05 9.99368E-05 9.99368E-05 9.99368E-05 9.99368E-05 0.613433 0.026955 0.0896783 9.99368E-05
9.9919E-05 9.9919E-05 9.9919E-05 9.9919E-05 0.0506621 9.9919E-05 9.9919E-05 0.31523 9.9919E-05 9.9919E-05 0.380009 9.9919E-05 0.154331 0.0988684
9.98922E-05 9.98922E-05 9.98922E-05 9.98922E-05 0.970643 9.98922E-05 9.98922E-05 9.98922E-05 9.98922E-05 9.98922E-05 0.0281579 9.98922E-05 9.98922E-05 9.98922E-05
9.98923E-05 9.98923E-05 9.98923E-05 9.98923E-05 0.99502 9.98923E-05 9.98923E-05 9.98923E-05 9.98923E-05 9.98923E-05 0.00378139 9.98923E-05 9.98923E-05 9.98923E-05
9.9928E-05 9.9928E-05 0.0310067 0.0143367 9.9928E-05 9.9928E-05 9.9928E-05 9.9928E-05 9.9928E-05 0.656437 0.0139088 0.105659 9.9928E-05 0.177853
9.98922E-05 9.98922E-05 9.98922E-05 9.98922E-05 9.98922E-05 9.98922E-05 9.98922E-05 9.98922E-05 9.98922E-05 9.98922E-05 0.0477218 9.98922E-05 9.98922E-05 0.95108
9.99101E-05 9.99101E-05 0.917987 0.0302412 9.99101E-05 0.0217098 9.99101E-05 9.99101E-05 9.99101E-05 9.99101E-05 9.99101E-05 9.99101E-05 0.0290625 9.99101E-05
9.99101E-05 9.99101E-05 0.918189 9.99101E-05 9.99101E-05 0.0122528 0.0555743 9.99101E-05 9.99101E-05 0.0129845 9.99101E-05 9.99101E-05 9.99101E-05 9.99101E-05
9.9919E-05 9.9919E-05 9.9919E-05 0.0543745 0.00506533 9.9919E-05 9.9919E-05 0.815198 9.9919E-05 0.00392772 9.9919E-05 9.9919E-05 9.9919E-05 0.120535
9.98918E-05 9.98918E-05 9.98918E-05 0.89984 0.098961 9.98918E-05 9.98918E-05 9.98918E-05 9.98918E-05 9.98918E-05 9.98918E-05 9.98918E-05 9.98918E-05 9.98918E-05
0.00459944 0.0181291 9.99189E-05 9.99189E-05 0.137462 0.795604 0.0433061 9.99189E-05 9.99189E-05 9.99189E-05 9.99189E-05 9.99189E-05 9.99189E-05 9.99189E-05
9.98921E-05 9.98921E-05 9.98921E-05 9.98921E-05 9.98921E-05 0.0694575 9.98921E-05 9.98921E-05 0.929344 9.98921E-05 9.98921E-05 9.98921E-05 9.98921E-05 9.98921E-05
9.99189E-05 9.99189E-05 9.99189E-05 0.0848638 0.477285 9.99189E-05 9.99189E-05 0.286157 9.99189E-05 0.103121 9.99189E-05 0.0476739 9.99189E-05 9.99189E-05
9.9892E-05 9.9892E-05 9.9892E-05 9.9892E-05 9.9892E-05 0.891986 9.9892E-05 9.9892E-05 0.106815 9.9892E-05 9.9892E-05 9.9892E-05 9.9892E-05 9.9892E-05
9.9946E-05 9.9946E-05 9.9946E-05 0.0137866 0.0723715 0.0010273 0.268591 0.180307 9.9946E-05 0.429835 9.9946E-05 0.011043 9.9946E-05 0.0224397
9.99191E-05 0.0100841 9.99191E-05 0.206934 0.14534 9.99191E-05 9.99191E-05 9.99191E-05 0.494521 9.99191E-05 9.99191E-05 0.142221 9.99191E-05 9.99191E-05
9.98829E-05 9.98829E-05 9.98829E-05 9.98829E-05 9.98829E-05 9.98829E-05 9.98829E-05 9.98829E-05 0.998702 9.98829E-05 9.98829E-05 9.98829E-05 9.98829E-05 9.98829E-05
0.00870581 0.0187145 0.968372 9.99103E-05 9.99103E-05 9.99103E-05 9.99103E-05 9.99103E-05 9.99103E-05 9.99103E-05 0.00320851 9.99103E-05 9.99103E-05 9.99103E-05
9.98834E-05 9.98834E-05 0.998702 9.98834E-05 9.98834E-05 9.98834E-05 9.98834E-05 9.98834E-05 9.98834E-05 9.98834E-05 9.98834E-05 9.98834E-05 9.98834E-05 9.98834E-05
9.99278E-05 9.99278E-05 9.99278E-05 0.0232794 0.0966144 9.99278E-05 9.99278E-05 0.000138109 9.99278E-05 0.0762193 9.99278E-05 0.0328367 9.99278E-05 0.770113
9.991E-05 0.0574889 0.926638 9.991E-05 9.991E-05 9.991E-05 9.991E-05 0.000766941 9.991E-05 9.991E-05 9.991E-05 9.991E-05 9.991E-05 0.0141073
9.99101E-05 0.0455078 0.915707 9.99101E-05 9.99101E-05 9.99101E-05 9.99101E-05 0.037628 9.99101E-05 9.99101E-05 0.000158483 9.99101E-05 9.99101E-05 9.99101E-05
0.0242435 0.121796 0.604924 9.99372E-05 9.99372E-05 0.0319199 9.99372E-05 9.99372E-05 9.99372E-05 0.00563188 0.182769 9.99372E-05 0.0280159 9.99372E-05
9.99279E-05 0.0984751 0.425531 0.0302752 9.99279E-05 9.99279E-05 9.99279E-05 9.99279E-05 9.99279E-05 9.99279E-05 0.404749 0.0262468 0.013924 9.99279E-05
9.98834E-05 9.98834E-05 9.98834E-05 9.98834E-05 9.98834E-05 9.98834E-05 9.98834E-05 9.98834E-05 9.98834E-05 9.98834E-05 9.98834E-05 9.98834E-05 0.998702 9.98834E-05
9.99013E-05 9.99013E-05 0.872598 9.99013E-05 9.99013E-05 9.99013E-05 0.0101749 9.99013E-05 9.99013E-05 9.99013E-05 0.116128 9.99013E-05 9.99013E-05 9.99013E-05
9.99191E-05 0.691354 0.00581395 9.99191E-05 9.99191E-05 9.99191E-05 9.99191E-05 9.99191E-05 9.99191E-05 9.99191E-05 0.240724 0.00130028 0.0599088 9.99191E-05
9.99368E-05 0.018908 9.99368E-05 0.321358 9.99368E-05 9.99368E-05 0.0612507 9.99368E-05 9.99368E-05 0.00511079 0.0120884 0.110919 9.99368E-05 0.469665
9.99189E-05 9.99189E-05 0.915474 0.0246236 9.99189E-05 9.99189E-05 0.00299653 0.0332871 9.99189E-05 9.99189E-05 9.99189E-05 9.99189E-05 0.0227199 9.99189E-05
0.0230667 9.9901E-05 9.9901E-05 9.9901E-05 9.9901E-05 9.9901E-05 9.9901E-05 9.9901E-05 9.9901E-05 0.968304 0.00752989 9.9901E-05 9.9901E-05 9.9901E-05
0.0191868 9.99369E-05 9.99369E-05 0.0575593 0.643129 0.023508 0.0213164 9.99369E-05 9.99369E-05 0.0141869 9.99369E-05 9.99369E-05 0.220414 9.99369E-05
9.98829E-05 9.98829E-05 9.98829E-05 0.998702 9.98829E-05 9.98829E-05 9.98829E-05 9.98829E-05 9.98829E-05 9.98829E-05 9.98829E-05 9.98829E-05 9.98829E-05 9.98829E-05
9.9883E-05 9.9883E-05 9.9883E-05 9.9883E-05 9.9883E-05 9.9883E-05 0.998702 9.9883E-05 9.9883E-05 9.9883E-05 9.9883E-05 9.9883E-05 9.9883E-05 9.9883E-05
9.9883E-05 9.9883E-05 9.9883E-05 9.9883E-05 9.9883E-05 9.9883E-05 0.998702 9.9883E-05 9.9883E-05 9.9883E-05 9.9883E-05 9.9883E-05 9.9883E-05 9.9883E-05
9.991E-05 9.991E-05 9.991E-05 9.991E-05 0.929887 9.991E-05 0.0541323 9.991E-05 0.00921842 0.00576315 9.991E-05 9.991E-05 9.991E-05 9.991E-05
9.991E-05 9.991E-05 9.991E-05 9.991E-05 9.991E-05 9.991E-05 0.0270333 0.894294 0.0229886 0.0546851 9.991E-05 9.991E-05 9.991E-05 9.991E-05
9.991E-05 9.991E-05 9.991E-05 0.0290502 0.934904 9.991E-05 9.991E-05 0.00379313 9.991E-05 0.0312533 9.991E-05 9.991E-05 9.991E-05 9.991E-05
9.99368E-05 9.99368E-05 9.99368E-05 9.99368E-05 0.385959 9.99368E-05 0.129427 9.99368E-05 0.166891 0.00935162 9.99368E-05 0.0724004 0.0515601 0.183711
9.996E-05 9.996E-05 0.0575952 9.996E-05 0.502863 0.0610531 0.155932 0.0378347 9.996E-05 0.0897754 0.00481802 0.00477862 0.0371595 0.0477905
0.0506233 0.0562305 0.0629784 0.228493 0.250591 9.9946E-05 9.9946E-05 9.9946E-05 9.9946E-05 0.225154 9.9946E-05 9.9946E-05 0.000481607 0.124847
9.98927E-05 9.98927E-05 9.98927E-05 9.98927E-05 9.98927E-05 0.0332892 9.98927E-05 9.98927E-05 9.98927E-05 0.965512 9.98927E-05 9.98927E-05 9.98927E-05 9.98927E-05
9.98831E-05 0.998702 9.98831E-05 9.98831E-05 9.98831E-05 9.98831E-05 9.98831E-05 9.98831E-05 9.98831E-05 9.98831E-05 9.98831E-05 9.98831E-05 9.98831E-05 9.98831E-05
9.99011E-05 0.997827 9.99011E-05 9.99011E-05 9.99011E-05 0.000438378 0.000635428 9.99011E-05 9.99011E-05 9.99011E-05 9.99011E-05 9.99011E-05 9.99011E-05 9.99011E-05
9.99012E-05 0.994967 9.99012E-05 9.99012E-05 0.0016372 9.99012E-05 9.99012E-05 0.00229643 9.99012E-05 9.99012E-05 9.99012E-05 9.99012E-05 9.99012E-05 9.99012E-05
9.98832E-05 0.998702 9.98832E-05 9.98832E-05 9.98832E-05 9.98832E-05 9.98832E-05 9.98832E-05 9.98832E-05 9.98832E-05 9.98832E-05 9.98832E-05 9.98832E-05 9.98832E-05
9.98832E-05 0.998702 9.98832E-05 9.98832E-05 9.98832E-05 9.98832E-05 9.98832E-05 9.98832E-05 9.98832E-05 9.98832E-05 9.98832E-05 9.98832E-05 9.98832E-05 9.98832E-05
0.0065581 0.410221 0.122292 9.99461E-05 9.99461E-05 9.99461E-05 9.99461E-05 0.082715 0.0412979 9.99461E-05 0.225194 9.99461E-05 0.0999119 0.0112105
9.9901E-05 0.902583 9.9901E-05 9.9901E-05 9.9901E-05 9.9901E-05 9.9901E-05 9.9901E-05 9.9901E-05 0.000950785 9.9901E-05 9.9901E-05 0.0953674 9.9901E-05
9.98919E-05 9.98919E-05 9.98919E-05 9.98919E-05 9.98919E-05 9.98919E-05 9.98919E-05 0.198418 9.98919E-05 0.800383 9.98919E-05 9.98919E-05 9.98919E-05 9.98919E-05
9.99099E-05 0.0603429 9.99099E-05 9.99099E-05 9.99099E-05 9.99099E-05 9.99099E-05 0.0199904 9.99099E-05 9.99099E-05 9.99099E-05 0.00252352 0.916144 9.99099E-05
9.99009E-05 9.99009E-05 0.9468 0.00859834 9.99009E-05 9.99009E-05 0.043503 9.99009E-05 9.99009E-05 9.99009E-05 9.99009E-05 9.99009E-05 9.99009E-05 9.99009E-05
9.991E-05 9.991E-05 9.991E-05 9.991E-05 9.991E-05 9.991E-05 0.118796 0.0646322 9.991E-05 9.991E-05 9.991E-05 0.0377963 9.991E-05 0.777776
9.99012E-05 9.99012E-05 9.99012E-05 9.99012E-05 9.99012E-05 9.99012E-05 9.99012E-05 0.880062 9.99012E-05 0.0389675 9.99012E-05 9.99012E-05 9.99012E-05 0.0798713
0.00699524 9.99013E-05 9.99013E-05 9.99013E-05 9.99013E-05 9.99013E-05 9.99013E-05 9.99013E-05 9.99013E-05 9.99013E-05 0.00714751 9.99013E-05 9.99013E-05 0.984758
9.99189E-05 9.99189E-05 0.0237326 9.99189E-05 0.0894024 9.99189E-05 0.00601004 9.99189E-05 9.99189E-05 9.99189E-05 9.99189E-05 9.99189E-05 0.000744818 0.879211
9.99188E-05 9.99188E-05 9.99188E-05 0.014891 0.0615137 9.99188E-05 0.0500929 9.99188E-05 9.99188E-05 9.99188E-05 9.99188E-05 0.0705628 9.99188E-05 0.80204
9.98832E-05 9.98832E-05 9.98832E-05 9.98832E-05 9.98832E-05 0.998702 9.98832E-05 9.98832E-05 9.98832E-05 9.98832E-05 9.98832E-05 9.98832E-05 9.98832E-05 9.98832E-05
0.0574691 9.99015E-05 0.940683 9.99015E-05 9.99015E-05 9.99015E-05 9.99015E-05 9.99015E-05 9.99015E-05 9.99015E-05 9.99015E-05 0.00074855 9.99015E-05 9.99015E-05
0.00760717 0.167427 0.261987 9.997E-05 0.0275045 0.0473188 0.206372 0.0645127 9.997E-05 9.997E-05 0.0099821 0.0504733 0.0181141 0.138402
0.179703 9.99103E-05 0.790159 9.99103E-05 9.99103E-05 9.99103E-05 9.99103E-05 0.0165344 9.99103E-05 9.99103E-05 0.0126046 9.99103E-05 9.99103E-05 9.99103E-05
9.9919E-05 0.0121621 0.884416 0.022855 9.9919E-05 9.9919E-05 0.046731 9.9919E-05 9.9919E-05 9.9919E-05 0.0329364 9.9919E-05 9.9919E-05 9.9919E-05
9.991E-05 0.025233 0.888401 9.991E-05 9.991E-05 9.991E-05 9.991E-05 0.0524077 9.991E-05 9.991E-05 0.032959 9.991E-05 9.991E-05 9.991E-05
9.99102E-05 0.0103727 0.912936 9.99102E-05 9.99102E-05 9.99102E-05 9.99102E-05 0.0490509 9.99102E-05 9.99102E-05 9.99102E-05 9.99102E-05 0.0266412 9.99102E-05
9.99191E-05 9.99191E-05 0.757749 9.99191E-05 9.99191E-05 9.99191E-05 0.10747 9.99191E-05 9.99191E-05 9.99191E-05 0.117893 0.0111844 0.00480364 9.99191E-05
9.9901E-05 9.9901E-05 0.953634 0.0158017 9.9901E-05 9.9901E-05 0.0294658 9.9901E-05 9.9901E-05 9.9901E-05 9.9901E-05 9.9901E-05 9.9901E-05 9.9901E-05
0.00352986 0.0586316 0.007001 0.0011306 9.99189E-05 9.99189E-05 9.99189E-05 9.99189E-05 9.99189E-05 9.99189E-05 0.928808 9.99189E-05 9.99189E-05 9.99189E-05
9.9892E-05 9.9892E-05 9.9892E-05 9.9892E-05 9.9892E-05 9.9892E-05 9.9892E-05 9.9892E-05 9.9892E-05 9.9892E-05 0.983717 9.9892E-05 9.9892E-05 0.0150843
0.0115238 0.0120442 0.942672 9.99192E-05 0.00274264 9.99192E-05 9.99192E-05 0.0301185 9.99192E-05 9.99192E-05 9.99192E-05 9.99192E-05 9.99192E-05 9.99192E-05
9.99189E-05 0.00628029 0.0323552 0.0100122 9.99189E-05 9.99189E-05 9.99189E-05 0.935428 9.99189E-05 9.99189E-05 9.99189E-05 0.0150246 9.99189E-05 9.99189E-05
9.99009E-05 0.0100442 0.019907 9.99009E-05 9.99009E-05 9.99009E-05 9.99009E-05 0.96895 9.99009E-05 9.99009E-05 9.99009E-05 9.99009E-05 9.99009E-05 9.99009E-05
9.98832E-05 9.98832E-05 9.98832E-05 9.98832E-05 9.98832E-05 9.98832E-05 9.98832E-05 9.98832E-05 9.98832E-05 9.98832E-05 9.98832E-05 0.998702 9.98832E-05 9.98832E-05
9.98832E-05 9.98832E-05 9.98832E-05 9.98832E-05 9.98832E-05 9.98832E-05 9.98832E-05 9.98832E-05 9.98832E-05 9.98832E-05 9.98832E-05 0.998702 9.98832E-05 9.98832E-05
9.99279E-05 9.99279E-05 9.99279E-05 9.99279E-05 0.81191 9.99279E-05 0.0759647 0.0179479 9.99279E-05 0.00239816 9.99279E-05 9.99279E-05 0.077139 0.0138406
9.99279E-05 9.99279E-05 9.99279E-05 9.99279E-05 0.754071 0.0149382 0.0676081 0.0284678 9.99279E-05 9.99279E-05 9.99279E-05 9.99279E-05 0.0771226 0.0569933
9.99102E-05 9.99102E-05 9.99102E-05 9.99102E-05 0.0100495 9.99102E-05 9.99102E-05 0.0334823 9.99102E-05 9.99102E-05 9.99102E-05 0.954167 0.00130221 9.99102E-05
9.98832E-05 9.98832E-05 9.98832E-05 9.98832E-05 9.98832E-05 9.98832E-05 9.98832E-05 9.98832E-05 9.98832E-05 9.98832E-05 9.98832E-05 0.998702 9.98832E-05 9.98832E-05
9.99099E-05 0.0292704 9.99099E-05 9.99099E-05 9.99099E-05 9.99099E-05 9.99099E-05 0.0562783 9.99099E-05 0.898235 9.99099E-05 9.99099E-05 9.99099E-05 0.0152171
9.99099E-05 9.99099E-05 9.99099E-05 9.99099E-05 9.99099E-05 9.99099E-05 0.640637 0.177472 0.0414097 9.99099E-05 9.99099E-05 9.99099E-05 9.99099E-05 0.139483
9.98921E-05 0.0194137 9.98921E-05 9.98921E-05 9.98921E-05 9.98921E-05 9.98921E-05 9.98921E-05 9.98921E-05 9.98921E-05 9.98921E-05 9.98921E-05 0.979388 9.98921E-05
9.99282E-05 9.99282E-05 0.0241024 0.315449 0.162241 9.99282E-05 9.99282E-05 9.99282E-05 0.145138 9.99282E-05 9.99282E-05 0.0829087 9.99282E-05 0.269362
9.99281E-05 9.99281E-05 9.99281E-05 0.486808 9.99281E-05 9.99281E-05 0.0212169 9.99281E-05 0.0503437 0.0990785 9.99281E-05 0.118759 9.99281E-05 0.222994
9.99281E-05 0.0938667 0.366026 9.99281E-05 9.99281E-05 0.0532909 9.99281E-05 9.99281E-05 9.99281E-05 9.99281E-05 0.449 0.0279159 0.00910153 9.99281E-05
