9.99098E-05 9.99098E-05 9.99098E-05 9.99098E-05 9.99098E-05 9.99098E-05 0.0189399 9.99098E-05 9.99098E-05 9.99098E-05 9.99098E-05 0.0145926 0.116434 0.849035
0.200942 9.99368E-05 0.0802275 9.99368E-05 9.99368E-05 9.99368E-05 0.0192754 0.196471 9.99368E-05 9.99368E-05 0.0999687 0.348247 9.99368E-05 0.0541693
0.540839 0.0643926 0.17139 9.99375E-05 9.99375E-05 0.0654339 9.99375E-05 0.00886118 0.0373303 0.111054 9.99375E-05 9.99375E-05 9.99375E-05 9.99375E-05
0.931371 9.991E-05 9.991E-05 9.991E-05 9.991E-05 0.018275 9.991E-05 9.991E-05 9.991E-05 0.0425626 0.00679238 9.991E-05 9.991E-05 9.991E-05
0.33787 9.99371E-05 0.156034 0.0301829 9.99371E-05 9.99371E-05 9.99371E-05 0.226173 9.99371E-05 9.99371E-05 0.0533602 0.114778 0.0809032 9.99371E-05
0.973339 9.98921E-05 9.98921E-05 0.0254624 9.98921E-05 9.98921E-05 9.98921E-05 9.98921E-05 9.98921E-05 9.98921E-05 9.98921E-05 9.98921E-05 9.98921E-05 9.98921E-05
9.98919E-05 0.0373858 9.98919E-05 9.98919E-05 9.98919E-05 9.98919E-05 9.98919E-05 0.961415 9.98919E-05 9.98919E-05 9.98919E-05 9.98919E-05 9.98919E-05 9.98919E-05
9.99099E-05 9.99099E-05 0.77063 9.99099E-05 9.99099E-05 9.99099E-05 9.99099E-05 9.99099E-05 9.99099E-05 9.99099E-05 0.101904 9.99099E-05 0.116426 0.010041
9.98829E-05 9.98829E-05 9.98829E-05 9.98829E-05 9.98829E-05 9.98829E-05 9.98829E-05 0.998702 9.98829E-05 9.98829E-05 9.98829E-05 9.98829E-05 9.98829E-05 9.98829E-05
9.98921E-05 9.98921E-05 9.98921E-05 9.98921E-05 9.98921E-05 9.98921E-05 9.98921E-05 0.0882503 9.98921E-05 9.98921E-05 9.98921E-05 9.98921E-05 0.910551 9.98921E-05
9.98921E-05 9.98921E-05 9.98921E-05 9.98921E-05 9.98921E-05 9.98921E-05 9.98921E-05 0.0755128 9.98921E-05 9.98921E-05 9.98921E-05 9.98921E-05 0.923288 9.98921E-05
9.9919E-05 0.131888 9.9919E-05 9.9919E-05 9.9919E-05 0.148293 0.0188411 9.9919E-05 9.9919E-05 0.0587246 9.9919E-05 9.9919E-05 9.9919E-05 0.641354
9.98923E-05 0.976704 9.98923E-05 9.98923E-05 9.98923E-05 9.98923E-05 9.98923E-05 9.98923E-05 9.98923E-05 0.0220974 9.98923E-05 9.98923E-05 9.98923E-05 9.98923E-05
0.959854 9.9919E-05 9.9919E-05 0.00223398 9.9919E-05 9.9919E-05 0.0130039 9.9919E-05 0.0203399 9.9919E-05 9.9919E-05 9.9919E-05 9.9919E-05 0.00366915
0.946915 9.99099E-05 9.99099E-05 9.99099E-05 9.99099E-05 9.99099E-05 9.99099E-05 9.99099E-05 0.0258399 9.99099E-05 9.99099E-05 0.0203042 9.99099E-05 0.00594147
9.9901E-05 0.0915907 9.9901E-05 0.127578 0.779732 9.9901E-05 9.9901E-05 9.9901E-05 9.9901E-05 9.9901E-05 9.9901E-05 9.9901E-05 9.9901E-05 9.9901E-05
9.9892E-05 9.9892E-05 9.9892E-05 9.9892E-05 9.9892E-05 9.9892E-05 0.958211 9.9892E-05 9.9892E-05 9.9892E-05 9.9892E-05 9.9892E-05 0.0405906 9.9892E-05
9.99189E-05 9.99189E-05 9.99189E-05 9.99189E-05 9.99189E-05 9.99189E-05 9.99189E-05 0.00706422 0.711216 9.99189E-05 0.0369705 0.157563 0.0862874 9.99189E-05
9.98921E-05 9.98921E-05 9.98921E-05 9.98921E-05 9.98921E-05 0.0802124 9.98921E-05 9.98921E-05 0.918589 9.98921E-05 9.98921E-05 9.98921E-05 9.98921E-05 9.98921E-05
9.99101E-05 9.99101E-05 9.99101E-05 0.218895 0.305758 0.00843689 9.99101E-05 9.99101E-05 9.99101E-05 9.99101E-05 9.99101E-05 9.99101E-05 0.436533 0.0294785
9.98831E-05 9.98831E-05 9.98831E-05 9.98831E-05 9.98831E-05 9.98831E-05 9.98831E-05 9.98831E-05 0.998702 9.98831E-05 9.98831E-05 9.98831E-05 9.98831E-05 9.98831E-05
9.99369E-05 0.0351758 9.99369E-05 0.0135001 0.204777 9.99369E-05 0.0382068 9.99369E-05 9.99369E-05 9.99369E-05 9.99369E-05 0.289143 0.00747374 0.411024
9.99101E-05 9.99101E-05 9.99101E-05 9.99101E-05 9.99101E-05 0.18987 0.243034 9.99101E-05 0.375987 9.99101E-05 9.99101E-05 9.99101E-05 0.190109 9.99101E-05
9.99009E-05 9.99009E-05 9.99009E-05 0.0917629 9.99009E-05 0.0403403 9.99009E-05 9.99009E-05 0.866798 9.99009E-05 9.99009E-05 9.99009E-05 9.99009E-05 9.99009E-05
0.427811 9.98922E-05 9.98922E-05 9.98922E-05 9.98922E-05 9.98922E-05 9.98922E-05 9.98922E-05 9.98922E-05 0.57099 9.98922E-05 9.98922E-05 9.98922E-05 9.98922E-05
0.870464 9.98923E-05 9.98923E-05 9.98923E-05 9.98923E-05 9.98923E-05 9.98923E-05 9.98923E-05 9.98923E-05 0.128337 9.98923E-05 9.98923E-05 9.98923E-05 9.98923E-05
9.99188E-05 0.798138 9.99188E-05 9.99188E-05 9.99188E-05 0.0233368 0.035104 9.99188E-05 9.99188E-05 9.99188E-05 9.99188E-05 9.99188E-05 0.0791486 0.0633733
9.98831E-05 9.98831E-05 9.98831E-05 9.98831E-05 9.98831E-05 9.98831E-05 9.98831E-05 9.98831E-05 9.98831E-05 0.998702 9.98831E-05 9.98831E-05 9.98831E-05 9.98831E-05
9.9883E-05 9.9883E-05 9.9883E-05 9.9883E-05 9.9883E-05 9.9883E-05 9.9883E-05 9.9883E-05 9.9883E-05 0.998702 9.9883E-05 9.9883E-05 9.9883E-05 9.9883E-05
0.322575 9.99551E-05 0.215563 0.0426374 9.99551E-05 0.00309083 0.0225435 9.99551E-05 0.00445862 0.242276 0.130642 9.99551E-05 9.99551E-05 0.0157143
0.350968 9.99459E-05 0.420015 0.015736 9.99459E-05 0.00120427 0.00531207 9.99459E-05 9.99459E-05 0.0698154 0.0807876 9.99459E-05 0.0555616 9.99459E-05
9.99282E-05 9.99282E-05 0.0403073 9.99282E-05 9.99282E-05 9.99282E-05 9.99282E-05 0.320473 9.99282E-05 0.0830346 0.334719 0.0948547 9.99282E-05 0.125812
0.561526 9.99101E-05 0.140662 9.99101E-05 0.00384865 9.99101E-05 9.99101E-05 9.99101E-05 9.99101E-05 0.292965 9.99101E-05 9.99101E-05 9.99101E-05 9.99101E-05
9.99102E-05 9.99102E-05 0.237648 9.99102E-05 9.99102E-05 9.99102E-05 0.000127055 9.99102E-05 9.99102E-05 9.99102E-05 0.749269 9.99102E-05 0.0119564 9.99102E-05
9.99367E-05 0.476212 0.0564747 0.0725372 9.99367E-05 0.0961572 0.21787 9.99367E-05 9.99367E-05 9.99367E-05 9.99367E-05 0.0464673 9.99367E-05 0.0335817
0.36461 9.99188E-05 0.013558 0.0292475 9.99188E-05 9.99188E-05 9.99188E-05 9.99188E-05 9.99188E-05 0.584491 9.99188E-05 0.00719436 9.99188E-05 9.99188E-05
0.023707 9.99101E-05 0.0124528 0.0202515 9.99101E-05 9.99101E-05 9.99101E-05 9.99101E-05 9.99101E-05 9.99101E-05 9.99101E-05 9.99101E-05 9.99101E-05 0.94259
9.9937E-05 9.9937E-05 0.0734511 9.9937E-05 9.9937E-05 9.9937E-05 0.0654355 9.9937E-05 9.9937E-05 0.0176356 0.040219 0.180312 0.565231 0.057016
0.000468223 9.98921E-05 9.98921E-05 9.98921E-05 9.98921E-05 9.98921E-05 0.998333 9.98921E-05 9.98921E-05 9.98921E-05 9.98921E-05 9.98921E-05 9.98921E-05 9.98921E-05
9.9892E-05 9.9892E-05 9.9892E-05 0.00451624 9.9892E-05 9.9892E-05 9.9892E-05 9.9892E-05 9.9892E-05 9.9892E-05 9.9892E-05 0.994285 9.9892E-05 9.9892E-05
9.98829E-05 9.98829E-05 9.98829E-05 9.98829E-05 9.98829E-05 9.98829E-05 9.98829E-05 9.98829E-05 9.98829E-05 9.98829E-05 9.98829E-05 0.998702 9.98829E-05 9.98829E-05
9.99369E-05 0.00442824 9.99369E-05 0.0427918 0.00584796 9.99369E-05 0.0274765 9.99369E-05 9.99369E-05 9.99369E-05 9.99369E-05 0.0722451 0.826946 0.0195645
9.99279E-05 0.0122495 9.99279E-05 9.99279E-05 0.787575 9.99279E-05 9.99279E-05 0.0712141 0.026746 9.99279E-05 9.99279E-05 0.0586557 0.0427604 9.99279E-05
9.99369E-05 9.99369E-05 9.99369E-05 0.0515347 0.0260503 0.027084 9.99369E-05 9.99369E-05 9.99369E-05 0.0146024 0.00374286 9.99369E-05 0.860182 0.016104
9.99639E-05 0.104362 9.99639E-05 0.226409 0.0224873 0.03693 9.99639E-05 0.0205876 0.0869281 9.99639E-05 0.0145065 0.163682 0.296414 0.0272932
0.0268557 9.9937E-05 0.0289334 0.210487 0.150421 9.9937E-05 9.9937E-05 9.9937E-05 9.9937E-05 9.9937E-05 9.9937E-05 0.181969 0.341763 0.0588718
0.0582648 0.0439347 9.99459E-05 0.354843 9.99459E-05 9.99459E-05 0.105853 0.073652 9.99459E-05 9.99459E-05 0.0281461 9.99459E-05 0.160358 0.17435
9.98927E-05 9.98927E-05 9.98927E-05 9.98927E-05 9.98927E-05 9.98927E-05 9.98927E-05 9.98927E-05 0.0113289 9.98927E-05 9.98927E-05 9.98927E-05 9.98927E-05 0.987472
9.9883E-05 9.9883E-05 9.9883E-05 9.9883E-05 9.9883E-05 9.9883E-05 9.9883E-05 9.9883E-05 9.9883E-05 9.9883E-05 0.998702 9.9883E-05 9.9883E-05 9.9883E-05
9.98832E-05 9.98832E-05 9.98832E-05 9.98832E-05 9.98832E-05 9.98832E-05 9.98832E-05 9.98832E-05 9.98832E-05 9.98832E-05 0.998702 9.98832E-05 9.98832E-05 9.98832E-05
9.98921E-05 9.98921E-05 9.98921E-05 9.98921E-05 9.98921E-05 9.98921E-05 9.98921E-05 9.98921E-05 9.98921E-05 9.98921E-05 0.953685 9.98921E-05 0.0451161 9.98921E-05
9.98831E-05 9.98831E-05 9.98831E-05 9.98831E-05 9.98831E-05 9.98831E-05 9.98831E-05 9.98831E-05 9.98831E-05 9.98831E-05 0.998702 9.98831E-05 9.98831E-05 9.98831E-05
9.98831E-05 9.98831E-05 9.98831E-05 9.98831E-05 9.98831E-05 9.98831E-05 9.98831E-05 9.98831E-05 9.98831E-05 9.98831E-05 0.998702 9.98831E-05 9.98831E-05 9.98831E-05
0.0174907 9.99551E-05 0.256326 9.99551E-05 0.0382936 0.0102573 0.00245072 9.99551E-05 0.0516527 0.114051 0.419317 9.99551E-05 0.0896616 9.99551E-05
9.99011E-05 9.99011E-05 9.99011E-05 9.99011E-05 9.99011E-05 9.99011E-05 9.99011E-05 9.99011E-05 9.99011E-05 9.99011E-05 0.982846 0.0141545 9.99011E-05 0.00190099
9.99008E-05 9.99008E-05 9.99008E-05 0.0264424 0.195715 9.99008E-05 9.99008E-05 9.99008E-05 9.99008E-05 9.99008E-05 9.99008E-05 9.99008E-05 9.99008E-05 0.776744
9.99278E-05 9.99278E-05 9.99278E-05 9.99278E-05 9.99278E-05 0.010499 9.99278E-05 0.374598 9.99278E-05 0.0951065 0.317498 0.0657525 9.99278E-05 0.135747
0.552178 9.99008E-05 9.99008E-05 9.99008E-05 9.99008E-05 9.99008E-05 9.99008E-05 9.99008E-05 9.99008E-05 0.431778 9.99008E-05 0.0149459 9.99008E-05 9.99008E-05
9.99191E-05 0.854687 9.99191E-05 9.99191E-05 0.0314442 0.0167705 9.99191E-05 9.99191E-05 9.99191E-05 9.99191E-05 0.00330117 0.0928977 9.99191E-05 9.99191E-05
9.99012E-05 0.0256755 9.99012E-05 0.0977259 0.8755 9.99012E-05 9.99012E-05 9.99012E-05 9.99012E-05 9.99012E-05 9.99012E-05 9.99012E-05 9.99012E-05 9.99012E-05
9.98835E-05 0.998702 9.98835E-05 9.98835E-05 9.98835E-05 9.98835E-05 9.98835E-05 9.98835E-05 9.98835E-05 9.98835E-05 9.98835E-05 9.98835E-05 9.98835E-05 9.98835E-05
0.000871285 0.885533 9.99009E-05 9.99009E-05 9.99009E-05 9.99009E-05 9.99009E-05 9.99009E-05 9.99009E-05 9.99009E-05 9.99009E-05 9.99009E-05 0.112497 9.99009E-05
9.99099E-05 0.862832 9.99099E-05 0.0370212 9.99099E-05 0.0442792 9.99099E-05 9.99099E-05 9.99099E-05 9.99099E-05 9.99099E-05 9.99099E-05 0.0548681 9.99099E-05
9.99013E-05 9.99013E-05 0.00301904 9.99013E-05 9.99013E-05 9.99013E-05 9.99013E-05 9.99013E-05 0.89366 9.99013E-05 9.99013E-05 9.99013E-05 9.99013E-05 0.102222
0.374907 9.98924E-05 9.98924E-05 9.98924E-05 9.98924E-05 9.98924E-05 9.98924E-05 9.98924E-05 9.98924E-05 0.623894 9.98924E-05 9.98924E-05 9.98924E-05 9.98924E-05
0.103256 9.9955E-05 9.9955E-05 9.9955E-05 0.145678 0.119017 9.9955E-05 0.00477225 0.0449124 0.18274 0.0968913 0.0927744 9.9955E-05 0.209459
0.910771 9.99103E-05 0.0377133 9.99103E-05 0.045213 9.99103E-05 9.99103E-05 9.99103E-05 9.99103E-05 0.00530349 9.99103E-05 9.99103E-05 9.99103E-05 9.99103E-05
0.765418 9.9928E-05 0.000841465 9.9928E-05 9.9928E-05 9.9928E-05 0.0535919 0.0172777 9.9928E-05 0.142952 0.0191197 9.9928E-05 9.9928E-05 9.9928E-05
9.9892E-05 9.9892E-05 9.9892E-05 9.9892E-05 0.0145599 9.9892E-05 9.9892E-05 9.9892E-05 9.9892E-05 0.984241 9.9892E-05 9.9892E-05 9.9892E-05 9.9892E-05
9.98922E-05 9.98922E-05 9.98922E-05 9.98922E-05 0.00202465 9.98922E-05 9.98922E-05 9.98922E-05 9.98922E-05 0.996777 9.98922E-05 9.98922E-05 9.98922E-05 9.98922E-05
0.693379 9.99191E-05 0.138708 0.0128455 9.99191E-05 9.99191E-05 9.99191E-05 9.99191E-05 9.99191E-05 0.117737 9.99191E-05 9.99191E-05 0.0364315 9.99191E-05
0.55224 9.99099E-05 9.99099E-05 0.0211314 9.99099E-05 9.99099E-05 9.99099E-05 9.99099E-05 9.99099E-05 0.405746 9.99099E-05 0.0198835 9.99099E-05 9.99099E-05
9.98829E-05 9.98829E-05 0.998702 9.98829E-05 9.98829E-05 9.98829E-05 9.98829E-05 9.98829E-05 9.98829E-05 9.98829E-05 9.98829E-05 9.98829E-05 9.98829E-05 9.98829E-05
9.9892E-05 0.0497563 0.949045 9.9892E-05 9.9892E-05 9.9892E-05 9.9892E-05 9.9892E-05 9.9892E-05 9.9892E-05 9.9892E-05 9.9892E-05 9.9892E-05 9.9892E-05
0.837748 0.000470041 9.99101E-05 9.99101E-05 0.0293087 9.99101E-05 9.99101E-05 9.99101E-05 9.99101E-05 0.131474 9.99101E-05 9.99101E-05 9.99101E-05 9.99101E-05
0.00752579 9.9919E-05 9.9919E-05 9.9919E-05 0.95936 0.00470002 0.0228263 9.9919E-05 9.9919E-05 9.9919E-05 0.00468844 9.9919E-05 9.9919E-05 9.9919E-05
0.00682589 9.9901E-05 9.9901E-05 9.9901E-05 0.97628 9.9901E-05 9.9901E-05 9.9901E-05 9.9901E-05 9.9901E-05 0.015795 9.9901E-05 9.9901E-05 9.9901E-05
9.98832E-05 9.98832E-05 9.98832E-05 9.98832E-05 9.98832E-05 0.998702 9.98832E-05 9.98832E-05 9.98832E-05 9.98832E-05 9.98832E-05 9.98832E-05 9.98832E-05 9.98832E-05
9.98832E-05 9.98832E-05 9.98832E-05 9.98832E-05 9.98832E-05 0.998702 9.98832E-05 9.98832E-05 9.98832E-05 9.98832E-05 9.98832E-05 9.98832E-05 9.98832E-05 9.98832E-05
0.00063732 0.0217418 9.99279E-05 9.99279E-05 0.0428209 9.99279E-05 9.99279E-05 9.99279E-05 9.99279E-05 0.000558355 9.99279E-05 0.219909 0.713533 9.99279E-05
9.99189E-05 0.0615888 9.99189E-05 9.99189E-05 0.0640173 9.99189E-05 9.99189E-05 9.99189E-05 9.99189E-05 0.0108892 9.99189E-05 0.166348 0.696258 9.99189E-05
9.99101E-05 9.99101E-05 0.00616527 9.99101E-05 0.0141869 0.97046 0.00818884 9.99101E-05 9.99101E-05 9.99101E-05 9.99101E-05 9.99101E-05 9.99101E-05 9.99101E-05
9.98921E-05 9.98921E-05 9.98921E-05 9.98921E-05 9.98921E-05 0.982593 9.98921E-05 9.98921E-05 9.98921E-05 9.98921E-05 9.98921E-05 0.0162078 9.98921E-05 9.98921E-05
9.99098E-05 0.0471615 9.99098E-05 9.99098E-05 0.000328453 9.99098E-05 9.99098E-05 9.99098E-05 9.99098E-05 9.99098E-05 0.0287804 9.99098E-05 9.99098E-05 0.922731
9.99189E-05 0.143499 9.99189E-05 9.99189E-05 0.0536987 9.99189E-05 9.99189E-05 0.0872203 0.017635 9.99189E-05 9.99189E-05 0.697047 9.99189E-05 9.99189E-05
9.99189E-05 9.99189E-05 9.99189E-05 9.99189E-05 9.99189E-05 9.99189E-05 9.99189E-05 0.438129 9.99189E-05 0.0859492 0.330795 0.0490398 9.99189E-05 0.0951875
9.9883E-05 9.9883E-05 9.9883E-05 0.998702 9.9883E-05 9.9883E-05 9.9883E-05 9.9883E-05 9.9883E-05 9.9883E-05 9.9883E-05 9.9883E-05 9.9883E-05 9.9883E-05
9.99191E-05 0.0617107 9.99191E-05 0.887505 9.99191E-05 0.00173656 0.0119202 9.99191E-05 9.99191E-05 9.99191E-05 9.99191E-05 9.99191E-05 9.99191E-05 0.0362281
0.0096533 9.99461E-05 0.410278 9.99461E-05 9.99461E-05 0.0419816 9.99461E-05 0.024714 0.0240676 0.398973 0.0493841 9.99461E-05 0.0403479 9.99461E-05
