0.0143278 9.99639E-05 0.0429902 0.942282 9.99639E-05 9.99639E-05 9.99639E-05
9.9973E-05 9.9973E-05 0.283053 0.18447 0.342656 9.9973E-05 0.189521
0.0719466 0.0591896 9.99822E-05 9.99822E-05 0.802786 0.0452189 0.0206592
0.0233913 9.9955E-05 9.9955E-05 9.9955E-05 0.976109 9.9955E-05 9.9955E-05
9.99731E-05 9.99731E-05 0.30591 0.0683024 0.455668 9.99731E-05 0.16982
0.00707546 9.9955E-05 9.9955E-05 9.9955E-05 0.992425 9.9955E-05 9.9955E-05
9.99642E-05 0.515621 0.171094 9.99642E-05 9.99642E-05 9.99642E-05 0.312885
0.001488 9.99731E-05 0.162162 9.99731E-05 0.41587 9.99731E-05 0.42018
9.99731E-05 0.330398 0.278016 9.99731E-05 0.0203267 9.99731E-05 0.370959
9.995E-05 9.995E-05 0.9994 9.995E-05 9.995E-05 9.995E-05 9.995E-05
9.995E-05 9.995E-05 0.9994 9.995E-05 9.995E-05 9.995E-05 9.995E-05
0.123381 0.166172 9.9973E-05 0.693397 0.0167498 9.9973E-05 9.9973E-05
9.995E-05 0.9994 9.995E-05 9.995E-05 9.995E-05 9.995E-05 9.995E-05
0.00316463 9.9973E-05 9.9973E-05 0.0230618 0.960947 0.0125264 9.9973E-05
9.9973E-05 9.9973E-05 0.000488351 0.0496521 0.946195 0.00336422 9.9973E-05
0.00938213 0.353951 0.532887 0.0745343 0.00222379 9.9991E-05 0.0269213
0.351144 0.173273 0.360485 0.0401549 0.00636136 0.0684805 9.9991E-05
9.9973E-05 9.9973E-05 0.157446 0.0637875 9.9973E-05 0.733182 0.0452848
0.0768612 9.9955E-05 9.9955E-05 9.9955E-05 9.9955E-05 0.922639 9.9955E-05
0.0701112 0.0451744 0.727978 0.156436 9.9973E-05 9.9973E-05 9.9973E-05
9.995E-05 9.995E-05 9.995E-05 9.995E-05 9.995E-05 0.9994 9.995E-05
0.032233 0.117957 0.306644 0.542865 9.9973E-05 9.9973E-05 9.9973E-05
0.323958 9.9973E-05 0.233324 9.9973E-05 9.9973E-05 0.403911 0.0385075
0.0896369 9.9964E-05 0.0125596 9.9964E-05 9.9964E-05 0.897404 9.9964E-05
9.9955E-05 9.9955E-05 9.9955E-05 9.9955E-05 0.973798 9.9955E-05 0.0257023
9.995E-05 9.995E-05 9.995E-05 9.995E-05 0.9994 9.995E-05 9.995E-05
0.0687011 0.794286 0.0524692 0.0842436 9.99729E-05 9.99729E-05 9.99729E-05
9.9955E-05 9.9955E-05 9.9955E-05 9.9955E-05 0.944793 9.9955E-05 0.0547074
9.9964E-05 0.00702329 9.9964E-05 9.9964E-05 0.898886 9.9964E-05 0.093691
0.00786413 0.0172861 9.99821E-05 9.99821E-05 0.680585 0.0210259 0.273038
0.0503832 9.9982E-05 0.0102938 9.9982E-05 0.59425 0.00396351 0.34091
9.99731E-05 9.99731E-05 0.115437 0.21593 0.102401 9.99731E-05 0.565932
9.995E-05 9.995E-05 9.995E-05 9.995E-05 0.9994 9.995E-05 9.995E-05
0.0032689 9.99641E-05 9.99641E-05 9.99641E-05 0.0954809 9.99641E-05 0.90085
0.26548 0.512189 0.0911607 0.073665 0.0573053 9.99819E-05 9.99819E-05
9.99549E-05 0.0275016 9.99549E-05 9.99549E-05 0.971999 9.99549E-05 9.99549E-05
9.9955E-05 9.9955E-05 9.9955E-05 0.987562 0.0119379 9.9955E-05 9.9955E-05
9.9982E-05 9.9982E-05 0.69161 0.137138 0.0764328 0.0275111 0.0671083
0.415019 0.167039 0.254516 9.9982E-05 0.126584 0.0366426 9.9982E-05
0.0334496 9.9982E-05 0.663834 0.209261 0.0915025 0.00175317 9.9982E-05
0.0222544 9.9982E-05 0.65802 0.265967 0.0482517 0.00530717 9.9982E-05
9.99639E-05 9.99639E-05 0.933697 0.0566172 9.99639E-05 0.00928633 9.99639E-05
9.9964E-05 0.271293 0.624978 0.10333 9.9964E-05 9.9964E-05 9.9964E-05
0.0404353 9.9964E-05 0.915154 0.0440113 9.9964E-05 9.9964E-05 9.9964E-05
0.156848 0.175792 0.502258 0.0645751 9.9982E-05 0.100327 9.9982E-05
0.0366884 0.0285038 0.69072 0.127364 0.0721303 0.0444926 9.9991E-05
0.121846 0.187914 0.276944 0.257923 0.0878172 9.9991E-05 0.0674562
9.99552E-05 9.99552E-05 9.99552E-05 0.983732 9.99552E-05 0.0157687 9.99552E-05
9.995E-05 9.995E-05 9.995E-05 9.995E-05 9.995E-05 9.995E-05 0.9994
9.995E-05 9.995E-05 9.995E-05 9.995E-05 9.995E-05 9.995E-05 0.9994
9.995E-05 9.995E-05 9.995E-05 9.995E-05 9.995E-05 9.995E-05 0.9994
9.995E-05 9.995E-05 9.995E-05 9.995E-05 9.995E-05 9.995E-05 0.9994
9.995E-05 9.995E-05 9.995E-05 9.995E-05 9.995E-05 9.995E-05 0.9994
9.99821E-05 0.00372051 0.167199 9.99821E-05 0.251384 0.0201623 0.557334
0.00532668 9.99639E-05 9.99639E-05 0.00815739 9.99639E-05 9.99639E-05 0.986116
9.99639E-05 0.0645462 0.07602 0.859034 9.99639E-05 9.99639E-05 9.99639E-05
0.0259703 9.9982E-05 0.147003 0.181232 0.101803 9.9982E-05 0.543792
9.995E-05 9.995E-05 9.995E-05 9.995E-05 0.9994 9.995E-05 9.995E-05
0.054717 0.831914 9.99639E-05 0.112969 9.99639E-05 9.99639E-05 9.99639E-05
9.9973E-05 0.346121 0.471312 0.126186 0.0560812 9.9973E-05 9.9973E-05
9.995E-05 0.9994 9.995E-05 9.995E-05 9.995E-05 9.995E-05 9.995E-05
0.000733743 0.860604 0.0994205 0.0389414 9.99729E-05 9.99729E-05 9.99729E-05
0.107448 0.849632 0.0411953 0.00142497 9.99729E-05 9.99729E-05 9.99729E-05
9.99641E-05 9.99641E-05 9.99641E-05 0.0786519 9.99641E-05 0.916316 0.00463185
9.995E-05 9.995E-05 9.995E-05 9.995E-05 0.9994 9.995E-05 9.995E-05
0.0905252 0.15004 0.0793309 0.0954256 0.28123 0.0602619 0.243186
9.99731E-05 0.00921274 0.00928841 0.00213764 0.979061 9.99731E-05 9.99731E-05
9.9964E-05 9.9964E-05 9.9964E-05 0.0292004 0.957916 9.9964E-05 0.0124836
9.9964E-05 0.0164035 9.9964E-05 9.9964E-05 0.914109 9.9964E-05 0.0690876
9.9973E-05 0.00259396 9.9973E-05 0.0437974 0.922121 9.9973E-05 0.0311882
9.9973E-05 9.9973E-05 0.083125 0.011692 0.880878 9.9973E-05 0.0240048
9.995E-05 9.995E-05 9.995E-05 9.995E-05 0.9994 9.995E-05 9.995E-05
9.99553E-05 9.99553E-05 9.99553E-05 9.99553E-05 0.535522 9.99553E-05 0.463978
9.99642E-05 0.174795 9.99642E-05 9.99642E-05 0.500382 9.99642E-05 0.324423
9.9973E-05 9.9973E-05 0.0270646 0.020212 0.945268 9.9973E-05 0.00715566
9.9982E-05 0.0950619 0.713772 0.0570677 0.0852639 9.9982E-05 0.0486349
0.00748961 0.177553 0.665428 0.0325127 0.0513737 9.9991E-05 0.0655432
0.9994 9.995E-05 9.995E-05 9.995E-05 9.995E-05 9.995E-05 9.995E-05
0.9994 9.995E-05 9.995E-05 9.995E-05 9.995E-05 9.995E-05 9.995E-05
9.99633E-05 9.99633E-05 0.976787 0.0227135 9.99633E-05 9.99633E-05 9.99633E-05
9.9964E-05 0.0526806 0.923452 0.0234677 9.9964E-05 9.9964E-05 9.9964E-05
0.9994 9.995E-05 9.995E-05 9.995E-05 9.995E-05 9.995E-05 9.995E-05
0.9994 9.995E-05 9.995E-05 9.995E-05 9.995E-05 9.995E-05 9.995E-05
9.99639E-05 0.0612997 9.99639E-05 0.933147 9.99639E-05 9.99639E-05 0.00515345
9.9973E-05 0.290216 0.600307 0.0656579 9.9973E-05 0.0435192 9.9973E-05
9.9973E-05 9.9973E-05 0.211112 0.153598 0.103808 9.9973E-05 0.531182
0.286405 0.284626 0.238498 0.0192405 0.0463044 0.124826 9.9991E-05
0.348205 0.436778 9.99731E-05 0.158479 9.99731E-05 0.0562377 9.99731E-05
0.0224993 9.99731E-05 9.99731E-05 9.99731E-05 0.594148 0.0308353 0.352217
