9.98468E-05 0.0829878 9.98468E-05 9.98468E-05 9.98468E-05 9.98468E-05 9.98468E-05 9.98468E-05 9.98468E-05 9.98468E-05 9.98468E-05 9.98468E-05 9.98468E-05 9.98468E-05 0.885276 9.98468E-05 9.98468E-05 0.0300386 9.98468E-05 9.98468E-05
9.98649E-05 9.98649E-05 9.98649E-05 9.98649E-05 0.132029 9.98649E-05 9.98649E-05 0.165559 0.00144616 9.98649E-05 9.98649E-05 9.98649E-05 9.98649E-05 9.98649E-05 9.98649E-05 0.670347 9.98649E-05 0.0291214 9.98649E-05 9.98649E-05
0.0189795 9.9884E-05 9.9884E-05 9.9884E-05 0.655887 0.0271276 0.015824 9.9884E-05 9.9884E-05 9.9884E-05 9.9884E-05 0.0505231 0.213483 9.9884E-05 9.9884E-05 0.0168772 9.9884E-05 9.9884E-05 9.9884E-05 9.9884E-05
9.9892E-05 9.9892E-05 0.0066024 9.9892E-05 0.889172 9.9892E-05 0.0085183 9.9892E-05 9.9892E-05 9.9892E-05 0.00773819 0.0169334 9.9892E-05 9.9892E-05 9.9892E-05 9.9892E-05 0.024209 9.9892E-05 0.0412702 0.00435791
9.99102E-05 0.0211133 0.00256966 0.0268575 0.317777 9.99102E-05 0.209374 0.0921643 9.99102E-05 9.99102E-05 9.99102E-05 9.99102E-05 0.0229604 9.99102E-05 9.99102E-05 0.12095 0.145982 9.99102E-05 0.0392517 9.99102E-05
9.9856E-05 9.9856E-05 9.9856E-05 0.0200783 0.971067 9.9856E-05 9.9856E-05 9.9856E-05 0.00202826 9.9856E-05 9.9856E-05 9.9856E-05 9.9856E-05 9.9856E-05 9.9856E-05 9.9856E-05 0.00522885 9.9856E-05 9.9856E-05 9.9856E-05
9.98292E-05 9.98292E-05 9.98292E-05 9.98292E-05 9.98292E-05 9.98292E-05 0.998103 9.98292E-05 9.98292E-05 9.98292E-05 9.98292E-05 9.98292E-05 9.98292E-05 9.98292E-05 9.98292E-05 9.98292E-05 9.98292E-05 9.98292E-05 9.98292E-05 9.98292E-05
9.98919E-05 0.0686959 0.013973 9.98919E-05 0.0296221 9.98919E-05 9.98919E-05 9.98919E-05 9.98919E-05 9.98919E-05 9.98919E-05 0.0239993 0.455986 9.98919E-05 9.98919E-05 0.0754118 0.265396 9.98919E-05 0.0657172 9.98919E-05
9.9865E-05 9.9865E-05 0.027375 9.9865E-05 9.9865E-05 9.9865E-05 0.922861 9.9865E-05 9.9865E-05 9.9865E-05 0.00365621 9.9865E-05 9.9865E-05 9.9865E-05 9.9865E-05 0.0288133 9.9865E-05 9.9865E-05 0.0157964 9.9865E-05
9.98383E-05 0.901922 9.98383E-05 9.98383E-05 9.98383E-05 9.98383E-05 0.096281 9.98383E-05 9.98383E-05 9.98383E-05 9.98383E-05 9.98383E-05 9.98383E-05 9.98383E-05 9.98383E-05 9.98383E-05 9.98383E-05 9.98383E-05 9.98383E-05 9.98383E-05
9.98383E-05 0.890115 9.98383E-05 9.98383E-05 9.98383E-05 9.98383E-05 0.108088 9.98383E-05 9.98383E-05 9.98383E-05 9.98383E-05 9.98383E-05 9.98383E-05 9.98383E-05 9.98383E-05 9.98383E-05 9.98383E-05 9.98383E-05 9.98383E-05 9.98383E-05
9.9865E-05 9.9865E-05 9.9865E-05 0.0591908 9.9865E-05 0.113851 9.9865E-05 9.9865E-05 9.9865E-05 9.9865E-05 9.9865E-05 0.133204 9.9865E-05 9.9865E-05 0.661474 9.9865E-05 9.9865E-05 9.9865E-05 9.9865E-05 0.030782
9.98475E-05 9.98475E-05 9.98475E-05 9.98475E-05 9.98475E-05 0.975382 9.98475E-05 9.98475E-05 9.98475E-05 9.98475E-05 9.98475E-05 9.98475E-05 0.00141316 9.98475E-05 9.98475E-05 9.98475E-05 0.0215072 9.98475E-05 9.98475E-05 9.98475E-05
0.0145814 9.98651E-05 9.98651E-05 9.98651E-05 0.95538 0.01011 9.98651E-05 9.98651E-05 9.98651E-05 9.98651E-05 9.98651E-05 9.98651E-05 9.98651E-05 9.98651E-05 0.00638328 0.0120471 9.98651E-05 9.98651E-05 9.98651E-05 9.98651E-05
0.0130957 9.9847E-05 9.9847E-05 9.9847E-05 0.952218 9.9847E-05 9.9847E-05 9.9847E-05 9.9847E-05 9.9847E-05 9.9847E-05 9.9847E-05 9.9847E-05 9.9847E-05 0.0329886 9.9847E-05 9.9847E-05 9.9847E-05 9.9847E-05 9.9847E-05
9.9856E-05 9.9856E-05 0.0404335 0.126146 9.9856E-05 0.0729927 9.9856E-05 9.9856E-05 9.9856E-05 9.9856E-05 0.75883 9.9856E-05 9.9856E-05 9.9856E-05 9.9856E-05 9.9856E-05 9.9856E-05 9.9856E-05 9.9856E-05 9.9856E-05
9.98303E-05 0.0727197 9.98303E-05 9.98303E-05 9.98303E-05 9.98303E-05 9.98303E-05 9.98303E-05 9.98303E-05 9.98303E-05 9.98303E-05 9.98303E-05 9.98303E-05 9.98303E-05 0.00144909 9.98303E-05 9.98303E-05 0.924134 9.98303E-05 9.98303E-05
9.98203E-05 9.98203E-05 9.98203E-05 9.98203E-05 9.98203E-05 9.98203E-05 9.98203E-05 9.98203E-05 9.98203E-05 9.98203E-05 9.98203E-05 9.98203E-05 9.98203E-05 0.998103 9.98203E-05 9.98203E-05 9.98203E-05 9.98203E-05 9.98203E-05 9.98203E-05
9.98203E-05 9.98203E-05 9.98203E-05 9.98203E-05 9.98203E-05 9.98203E-05 9.98203E-05 9.98203E-05 9.98203E-05 0.998103 9.98203E-05 9.98203E-05 9.98203E-05 9.98203E-05 9.98203E-05 9.98203E-05 9.98203E-05 9.98203E-05 9.98203E-05 9.98203E-05
9.98738E-05 0.411034 9.98738E-05 0.149702 9.98738E-05 9.98738E-05 9.98738E-05 9.98738E-05 9.98738E-05 9.98738E-05 0.297611 0.00578672 9.98738E-05 9.98738E-05 0.087387 9.98738E-05 9.98738E-05 0.0470813 9.98738E-05 9.98738E-05
0.978497 9.98472E-05 9.98472E-05 9.98472E-05 9.98472E-05 9.98472E-05 9.98472E-05 9.98472E-05 9.98472E-05 9.98472E-05 9.98472E-05 9.98472E-05 9.98472E-05 0.0154492 9.98472E-05 9.98472E-05 0.00435644 9.98472E-05 9.98472E-05 9.98472E-05
9.9892E-05 0.0340304 0.102692 9.9892E-05 9.9892E-05 0.0412585 9.9892E-05 0.205603 9.9892E-05 9.9892E-05 0.24286 0.0064898 9.9892E-05 9.9892E-05 0.325765 9.9892E-05 9.9892E-05 0.0401031 9.9892E-05 9.9892E-05
0.363564 0.0752651 9.98652E-05 9.98652E-05 9.98652E-05 9.98652E-05 9.98652E-05 9.98652E-05 9.98652E-05 9.98652E-05 9.98652E-05 0.25112 9.98652E-05 9.98652E-05 9.98652E-05 9.98652E-05 0.0235823 0.284971 9.98652E-05 9.98652E-05
0.888141 9.98558E-05 9.98558E-05 0.0198729 9.98558E-05 9.98558E-05 9.98558E-05 9.98558E-05 9.98558E-05 9.98558E-05 9.98558E-05 0.0547769 9.98558E-05 9.98558E-05 9.98558E-05 9.98558E-05 9.98558E-05 0.0356116 9.98558E-05 9.98558E-05
9.98384E-05 9.98384E-05 9.98384E-05 9.98384E-05 0.329169 9.98384E-05 9.98384E-05 9.98384E-05 9.98384E-05 9.98384E-05 9.98384E-05 9.98384E-05 9.98384E-05 9.98384E-05 9.98384E-05 9.98384E-05 9.98384E-05 9.98384E-05 9.98384E-05 0.669034
9.98383E-05 9.98383E-05 9.98383E-05 9.98383E-05 0.777109 9.98383E-05 9.98383E-05 9.98383E-05 9.98383E-05 9.98383E-05 9.98383E-05 9.98383E-05 9.98383E-05 9.98383E-05 9.98383E-05 9.98383E-05 9.98383E-05 9.98383E-05 9.98383E-05 0.221094
9.98738E-05 0.0910018 9.98738E-05 9.98738E-05 9.98738E-05 0.794873 9.98738E-05 9.98738E-05 9.98738E-05 9.98738E-05 0.0173018 0.0380544 9.98738E-05 9.98738E-05 0.0402793 9.98738E-05 9.98738E-05 0.0170915 9.98738E-05 9.98738E-05
9.98382E-05 9.98382E-05 9.98382E-05 9.98382E-05 9.98382E-05 9.98382E-05 9.98382E-05 9.98382E-05 9.98382E-05 9.98382E-05 9.98382E-05 9.98382E-05 9.98382E-05 9.98382E-05 9.98382E-05 9.98382E-05 9.98382E-05 9.98382E-05 0.00156718 0.996636
9.98473E-05 9.98473E-05 9.98473E-05 9.98473E-05 9.98473E-05 0.00827564 0.00445872 9.98473E-05 9.98473E-05 9.98473E-05 9.98473E-05 9.98473E-05 9.98473E-05 9.98473E-05 9.98473E-05 9.98473E-05 9.98473E-05 9.98473E-05 9.98473E-05 0.985568
9.98653E-05 9.98653E-05 0.125555 9.98653E-05 0.172798 9.98653E-05 9.98653E-05 9.98653E-05 9.98653E-05 9.98653E-05 9.98653E-05 9.98653E-05 9.98653E-05 9.98653E-05 9.98653E-05 9.98653E-05 0.359726 9.98653E-05 0.0793123 0.261111
9.98468E-05 9.98468E-05 9.98468E-05 0.0185442 0.0823716 9.98468E-05 9.98468E-05 9.98468E-05 9.98468E-05 9.98468E-05 9.98468E-05 9.98468E-05 9.98468E-05 9.98468E-05 9.98468E-05 9.98468E-05 0.897387 9.98468E-05 9.98468E-05 9.98468E-05
9.98296E-05 9.98296E-05 9.98296E-05 9.98296E-05 9.98296E-05 9.98296E-05 9.98296E-05 9.98296E-05 9.98296E-05 9.98296E-05 9.98296E-05 9.98296E-05 9.98296E-05 9.98296E-05 9.98296E-05 0.998103 9.98296E-05 9.98296E-05 9.98296E-05 9.98296E-05
9.98502E-05 9.98502E-05 9.98502E-05 9.98502E-05 0.53721 9.98502E-05 9.98502E-05 0.0310321 9.98502E-05 9.98502E-05 9.98502E-05 9.98502E-05 0.104116 9.98502E-05 9.98502E-05 9.98502E-05 0.00121821 9.98502E-05 9.98502E-05 0.324927
9.98923E-05 0.00181628 0.00579339 9.98923E-05 9.98923E-05 9.98923E-05 9.98923E-05 9.98923E-05 9.98923E-05 9.98923E-05 9.98923E-05 9.98923E-05 0.188117 9.98923E-05 9.98923E-05 0.0489138 0.0231119 0.00924185 0.69102 0.0307864
9.98826E-05 9.98826E-05 0.134608 0.00856751 9.98826E-05 0.47825 9.98826E-05 0.0616593 9.98826E-05 9.98826E-05 9.98826E-05 0.0856227 9.98826E-05 9.98826E-05 9.98826E-05 9.98826E-05 0.0218194 0.208174 9.98826E-05 9.98826E-05
9.98648E-05 9.98648E-05 9.98648E-05 0.0529481 0.372297 9.98648E-05 9.98648E-05 0.0148118 9.98648E-05 9.98648E-05 9.98648E-05 9.98648E-05 9.98648E-05 9.98648E-05 9.98648E-05 9.98648E-05 0.0042395 9.98648E-05 9.98648E-05 0.554206
9.9847E-05 9.9847E-05 0.0800377 9.9847E-05 9.9847E-05 9.9847E-05 9.9847E-05 9.9847E-05 9.9847E-05 9.9847E-05 9.9847E-05 9.9847E-05 0.0335055 9.9847E-05 0.884759 9.9847E-05 9.9847E-05 9.9847E-05 9.9847E-05 9.9847E-05
0.0273489 0.547557 9.98829E-05 9.98829E-05 9.98829E-05 9.98829E-05 9.98829E-05 0.101393 9.98829E-05 9.98829E-05 9.98829E-05 9.98829E-05 0.0621482 9.98829E-05 0.0475167 0.193042 9.98829E-05 0.0196963 9.98829E-05 9.98829E-05
9.9847E-05 9.9847E-05 9.9847E-05 9.9847E-05 0.0104 9.9847E-05 9.9847E-05 9.9847E-05 9.9847E-05 9.9847E-05 9.9847E-05 9.9847E-05 0.0206495 9.9847E-05 9.9847E-05 9.9847E-05 9.9847E-05 0.967253 9.9847E-05 9.9847E-05
9.98381E-05 9.98381E-05 9.98381E-05 9.98381E-05 0.00746851 9.98381E-05 9.98381E-05 0.990734 9.98381E-05 9.98381E-05 9.98381E-05 9.98381E-05 9.98381E-05 9.98381E-05 9.98381E-05 9.98381E-05 9.98381E-05 9.98381E-05 9.98381E-05 9.98381E-05
9.9847E-05 9.9847E-05 0.00897952 9.9847E-05 9.9847E-05 9.9847E-05 9.9847E-05 0.967266 9.9847E-05 9.9847E-05 9.9847E-05 9.9847E-05 9.9847E-05 9.9847E-05 0.0220575 9.9847E-05 9.9847E-05 9.9847E-05 9.9847E-05 9.9847E-05
9.98829E-05 0.861198 0.0403797 9.98829E-05 9.98829E-05 9.98829E-05 9.98829E-05 0.0555254 9.98829E-05 0.019111 0.000377491 9.98829E-05 9.98829E-05 9.98829E-05 0.00718252 9.98829E-05 9.98829E-05 0.0149276 9.98829E-05 9.98829E-05
0.0306965 0.0132398 9.98919E-05 9.98919E-05 9.98919E-05 0.0803291 0.0544952 0.0227337 9.98919E-05 9.98919E-05 0.776489 9.98919E-05 9.98919E-05 0.0102882 0.0105295 9.98919E-05 9.98919E-05 9.98919E-05 9.98919E-05 9.98919E-05
9.98649E-05 0.883925 0.00997119 0.0674498 9.98649E-05 9.98649E-05 9.98649E-05 9.98649E-05 9.98649E-05 9.98649E-05 9.98649E-05 9.98649E-05 9.98649E-05 9.98649E-05 9.98649E-05 9.98649E-05 0.0162775 0.0208781 9.98649E-05 9.98649E-05
0.111984 0.274416 0.0176181 0.103463 9.99189E-05 0.0833369 0.00374779 0.205777 9.99189E-05 9.99189E-05 0.050346 0.104915 9.99189E-05 9.99189E-05 0.00883141 0.0346652 9.99189E-05 9.99189E-05 9.99189E-05 9.99189E-05
0.0432027 0.400603 0.0680005 0.0973132 0.0512891 9.991E-05 9.991E-05 0.178759 0.00931327 9.991E-05 0.0964368 9.991E-05 9.991E-05 9.991E-05 0.040286 0.0137973 9.991E-05 9.991E-05 9.991E-05 9.991E-05
9.9829E-05 9.9829E-05 0.998103 9.9829E-05 9.9829E-05 9.9829E-05 9.9829E-05 9.9829E-05 9.9829E-05 9.9829E-05 9.9829E-05 9.9829E-05 9.9829E-05 9.9829E-05 9.9829E-05 9.9829E-05 9.9829E-05 9.9829E-05 9.9829E-05 9.9829E-05
9.98391E-05 9.98391E-05 9.98391E-05 9.98391E-05 9.98391E-05 9.98391E-05 9.98391E-05 9.98391E-05 9.98391E-05 9.98391E-05 9.98391E-05 9.98391E-05 9.98391E-05 0.0348239 0.963379 9.98391E-05 9.98391E-05 9.98391E-05 9.98391E-05 9.98391E-05
9.98293E-05 9.98293E-05 9.98293E-05 9.98293E-05 9.98293E-05 9.98293E-05 9.98293E-05 9.98293E-05 9.98293E-05 9.98293E-05 9.98293E-05 9.98293E-05 9.98293E-05 9.98293E-05 9.98293E-05 9.98293E-05 9.98293E-05 9.98293E-05 0.998103 9.98293E-05
9.98293E-05 9.98293E-05 9.98293E-05 9.98293E-05 9.98293E-05 9.98293E-05 9.98293E-05 9.98293E-05 9.98293E-05 9.98293E-05 9.98293E-05 9.98293E-05 9.98293E-05 9.98293E-05 9.98293E-05 9.98293E-05 9.98293E-05 9.98293E-05 0.998103 9.98293E-05
9.98473E-05 9.98473E-05 9.98473E-05 9.98473E-05 9.98473E-05 9.98473E-05 9.98473E-05 9.98473E-05 0.00528368 9.98473E-05 9.98473E-05 9.98473E-05 9.98473E-05 0.00120125 9.98473E-05 9.98473E-05 9.98473E-05 9.98473E-05 0.991818 9.98473E-05
9.98383E-05 9.98383E-05 9.98383E-05 9.98383E-05 9.98383E-05 9.98383E-05 9.98383E-05 9.98383E-05 9.98383E-05 9.98383E-05 9.98383E-05 9.98383E-05 9.98383E-05 0.00492221 9.98383E-05 9.98383E-05 9.98383E-05 9.98383E-05 0.993281 9.98383E-05
9.98382E-05 9.98382E-05 9.98382E-05 9.98382E-05 9.98382E-05 9.98382E-05 9.98382E-05 9.98382E-05 9.98382E-05 9.98382E-05 9.98382E-05 9.98382E-05 9.98382E-05 9.98382E-05 9.98382E-05 9.98382E-05 0.0140628 9.98382E-05 0.98414 9.98382E-05
9.99103E-05 9.99103E-05 9.99103E-05 9.99103E-05 0.0393192 0.0417136 0.00526355 9.99103E-05 9.99103E-05 0.00873919 0.0860096 9.99103E-05 0.150188 0.0159906 9.99103E-05 0.03098 0.254219 9.99103E-05 0.366578 9.99103E-05
9.98652E-05 9.98652E-05 0.0055979 9.98652E-05 9.98652E-05 9.98652E-05 9.98652E-05 0.0315607 9.98652E-05 9.98652E-05 9.98652E-05 9.98652E-05 9.98652E-05 9.98652E-05 9.98652E-05 0.0582406 0.00174765 9.98652E-05 0.901355 9.98652E-05
9.98468E-05 9.98468E-05 9.98468E-05 0.0371198 9.98468E-05 9.98468E-05 9.98468E-05 9.98468E-05 9.98468E-05 9.98468E-05 0.177214 9.98468E-05 9.98468E-05 9.98468E-05 0.783969 9.98468E-05 9.98468E-05 9.98468E-05 9.98468E-05 9.98468E-05
9.98649E-05 9.98649E-05 0.0030047 9.98649E-05 9.98649E-05 9.98649E-05 0.0451131 9.98649E-05 9.98649E-05 9.98649E-05 9.98649E-05 9.98649E-05 9.98649E-05 9.98649E-05 9.98649E-05 0.900918 9.98649E-05 9.98649E-05 0.0200795 0.0293868
9.98469E-05 9.98469E-05 9.98469E-05 9.98469E-05 0.496869 9.98469E-05 9.98469E-05 0.0089657 9.98469E-05 9.98469E-05 9.98469E-05 9.98469E-05 9.98469E-05 9.98469E-05 9.98469E-05 9.98469E-05 9.98469E-05 9.98469E-05 9.98469E-05 0.492468
9.98741E-05 9.98741E-05 9.98741E-05 9.98741E-05 9.98741E-05 0.849041 0.0100707 0.103082 9.98741E-05 9.98741E-05 0.0048303 0.0305359 9.98741E-05 9.98741E-05 9.98741E-05 9.98741E-05 9.98741E-05 9.98741E-05 0.00104202 9.98741E-05
9.98563E-05 9.98563E-05 9.98563E-05 0.115853 9.98563E-05 0.0069591 9.98563E-05 9.98563E-05 9.98563E-05 9.98563E-05 0.871109 9.98563E-05 9.98563E-05 9.98563E-05 0.00448193 9.98563E-05 9.98563E-05 9.98563E-05 9.98563E-05 9.98563E-05
9.98475E-05 9.98475E-05 9.98475E-05 9.98475E-05 9.98475E-05 0.946527 9.98475E-05 9.98475E-05 9.98475E-05 9.98475E-05 9.98475E-05 9.98475E-05 0.0495069 0.00226838 9.98475E-05 9.98475E-05 9.98475E-05 9.98475E-05 9.98475E-05 9.98475E-05
9.9865E-05 0.102357 0.000961086 0.0128748 9.9865E-05 0.859606 9.9865E-05 0.0227033 9.9865E-05 9.9865E-05 9.9865E-05 9.9865E-05 9.9865E-05 9.9865E-05 9.9865E-05 9.9865E-05 9.9865E-05 9.9865E-05 9.9865E-05 9.9865E-05
9.98801E-05 0.0333646 0.0682231 0.0587515 9.98801E-05 0.761821 9.98801E-05 0.0267946 9.98801E-05 0.0125082 9.98801E-05 0.0327114 9.98801E-05 9.98801E-05 9.98801E-05 9.98801E-05 9.98801E-05 0.00462732 9.98801E-05 9.98801E-05
0.879719 9.98472E-05 0.103345 9.98472E-05 9.98472E-05 9.98472E-05 9.98472E-05 9.98472E-05 9.98472E-05 9.98472E-05 9.98472E-05 9.98472E-05 9.98472E-05 9.98472E-05 0.0152385 9.98472E-05 9.98472E-05 9.98472E-05 9.98472E-05 9.98472E-05
9.98403E-05 0.00799457 9.98403E-05 9.98403E-05 0.24405 9.98403E-05 9.98403E-05 9.98403E-05 9.98403E-05 9.98403E-05 9.98403E-05 0.00537357 9.98403E-05 9.98403E-05 9.98403E-05 9.98403E-05 9.98403E-05 9.98403E-05 9.98403E-05 0.740984
9.98203E-05 9.98203E-05 9.98203E-05 9.98203E-05 9.98203E-05 9.98203E-05 9.98203E-05 9.98203E-05 0.998103 9.98203E-05 9.98203E-05 9.98203E-05 9.98203E-05 9.98203E-05 9.98203E-05 9.98203E-05 9.98203E-05 9.98203E-05 9.98203E-05 9.98203E-05
9.98476E-05 9.98476E-05 9.98476E-05 9.98476E-05 0.864075 9.98476E-05 9.98476E-05 9.98476E-05 9.98476E-05 9.98476E-05 9.98476E-05 9.98476E-05 0.110903 9.98476E-05 9.98476E-05 9.98476E-05 9.98476E-05 9.98476E-05 9.98476E-05 0.0233241
9.98829E-05 9.98829E-05 9.98829E-05 9.98829E-05 0.681085 9.98829E-05 0.0106985 0.00708192 9.98829E-05 9.98829E-05 9.98829E-05 9.98829E-05 9.98829E-05 9.98829E-05 9.98829E-05 9.98829E-05 0.073155 0.0268516 0.0136445 0.186185
9.98382E-05 9.98382E-05 9.98382E-05 9.98382E-05 9.98382E-05 9.98382E-05 9.98382E-05 9.98382E-05 9.98382E-05 9.98382E-05 0.0147556 9.98382E-05 9.98382E-05 9.98382E-05 9.98382E-05 9.98382E-05 9.98382E-05 9.98382E-05 9.98382E-05 0.983447
9.98383E-05 9.98383E-05 9.98383E-05 9.98383E-05 9.98383E-05 9.98383E-05 9.98383E-05 9.98383E-05 9.98383E-05 0.00339203 9.98383E-05 9.98383E-05 9.98383E-05 9.98383E-05 9.98383E-05 9.98383E-05 9.98383E-05 9.98383E-05 9.98383E-05 0.994811
9.98702E-05 0.000482348 0.0587377 9.98702E-05 0.550743 9.98702E-05 9.98702E-05 0.0190971 0.0130795 9.98702E-05 9.98702E-05 9.98702E-05 9.98702E-05 9.98702E-05 9.98702E-05 9.98702E-05 0.145484 9.98702E-05 9.98702E-05 0.211078
9.98502E-05 9.98502E-05 9.98502E-05 0.00765938 0.5215 9.98502E-05 9.98502E-05 0.00994322 9.98502E-05 9.98502E-05 9.98502E-05 9.98502E-05 9.98502E-05 9.98502E-05 9.98502E-05 9.98502E-05 9.98502E-05 0.0237899 9.98502E-05 0.43561
9.98379E-05 9.98379E-05 9.98379E-05 9.98379E-05 9.98379E-05 9.98379E-05 9.98379E-05 9.98379E-05 9.98379E-05 9.98379E-05 9.98379E-05 9.98379E-05 0.935406 9.98379E-05 9.98379E-05 9.98379E-05 9.98379E-05 9.98379E-05 0.0627973 9.98379E-05
9.9838E-05 9.9838E-05 9.9838E-05 9.9838E-05 9.9838E-05 0.0207 9.9838E-05 9.9838E-05 9.9838E-05 9.9838E-05 9.9838E-05 9.9838E-05 0.977503 9.9838E-05 9.9838E-05 9.9838E-05 9.9838E-05 9.9838E-05 9.9838E-05 9.9838E-05
9.98741E-05 9.98741E-05 0.00413766 9.98741E-05 0.885663 9.98741E-05 9.98741E-05 9.98741E-05 0.00529116 0.0127832 0.0351222 9.98741E-05 9.98741E-05 9.98741E-05 9.98741E-05 9.98741E-05 9.98741E-05 9.98741E-05 9.98741E-05 0.055605
9.9847E-05 9.9847E-05 9.9847E-05 9.9847E-05 0.00668703 9.9847E-05 9.9847E-05 9.9847E-05 9.9847E-05 9.9847E-05 0.967849 9.9847E-05 9.9847E-05 9.9847E-05 9.9847E-05 9.9847E-05 9.9847E-05 0.0237663 9.9847E-05 9.9847E-05
9.98382E-05 9.98382E-05 9.98382E-05 9.98382E-05 9.98382E-05 9.98382E-05 9.98382E-05 9.98382E-05 9.98382E-05 9.98382E-05 0.990516 9.98382E-05 9.98382E-05 9.98382E-05 9.98382E-05 9.98382E-05 9.98382E-05 9.98382E-05 0.00768735 9.98382E-05
9.98293E-05 9.98293E-05 9.98293E-05 9.98293E-05 9.98293E-05 9.98293E-05 9.98293E-05 9.98293E-05 9.98293E-05 9.98293E-05 9.98293E-05 0.998103 9.98293E-05 9.98293E-05 9.98293E-05 9.98293E-05 9.98293E-05 9.98293E-05 9.98293E-05 9.98293E-05
9.98293E-05 9.98293E-05 9.98293E-05 9.98293E-05 9.98293E-05 9.98293E-05 9.98293E-05 9.98293E-05 9.98293E-05 9.98293E-05 9.98293E-05 0.998103 9.98293E-05 9.98293E-05 9.98293E-05 9.98293E-05 9.98293E-05 9.98293E-05 9.98293E-05 9.98293E-05
9.98919E-05 0.759489 9.98919E-05 9.98919E-05 9.98919E-05 0.0119043 9.98919E-05 0.113002 0.000197513 9.98919E-05 0.0212723 9.98919E-05 9.98919E-05 0.0277973 9.98919E-05 0.0598637 9.98919E-05 9.98919E-05 9.98919E-05 0.00527516
9.99009E-05 0.797382 9.99009E-05 9.99009E-05 9.99009E-05 0.0434418 9.99009E-05 0.031927 0.00672493 9.99009E-05 0.0502411 9.99009E-05 9.99009E-05 0.00670708 0.0227783 0.00732212 9.99009E-05 9.99009E-05 9.99009E-05 0.0323771
9.98651E-05 9.98651E-05 9.98651E-05 9.98651E-05 9.98651E-05 9.98651E-05 9.98651E-05 9.98651E-05 9.98651E-05 9.98651E-05 0.0299219 0.939786 0.0140477 9.98651E-05 9.98651E-05 9.98651E-05 0.0103572 0.0043896 9.98651E-05 9.98651E-05
9.98294E-05 9.98294E-05 9.98294E-05 9.98294E-05 9.98294E-05 9.98294E-05 9.98294E-05 9.98294E-05 9.98294E-05 9.98294E-05 9.98294E-05 0.998103 9.98294E-05 9.98294E-05 9.98294E-05 9.98294E-05 9.98294E-05 9.98294E-05 9.98294E-05 9.98294E-05
9.98559E-05 9.98559E-05 9.98559E-05 9.98559E-05 9.98559E-05 0.0225605 0.00658222 9.98559E-05 9.98559E-05 9.98559E-05 9.98559E-05 9.98559E-05 9.98559E-05 9.98559E-05 0.955211 9.98559E-05 9.98559E-05 9.98559E-05 0.0140486 9.98559E-05
9.98649E-05 9.98649E-05 9.98649E-05 9.98649E-05 9.98649E-05 0.101351 0.124411 0.686049 9.98649E-05 0.0289064 0.0577841 9.98649E-05 9.98649E-05 9.98649E-05 9.98649E-05 9.98649E-05 9.98649E-05 9.98649E-05 9.98649E-05 9.98649E-05
9.9847E-05 9.9847E-05 9.9847E-05 9.9847E-05 9.9847E-05 9.9847E-05 0.0650441 9.9847E-05 9.9847E-05 9.9847E-05 9.9847E-05 9.9847E-05 9.9847E-05 9.9847E-05 9.9847E-05 0.904853 9.9847E-05 9.9847E-05 0.0284052 9.9847E-05
9.98472E-05 0.0209486 9.98472E-05 0.967299 9.98472E-05 9.98472E-05 9.98472E-05 9.98472E-05 9.98472E-05 9.98472E-05 9.98472E-05 9.98472E-05 9.98472E-05 9.98472E-05 9.98472E-05 0.0100552 9.98472E-05 9.98472E-05 9.98472E-05 9.98472E-05
9.98562E-05 9.98562E-05 9.98562E-05 0.946325 9.98562E-05 0.0161425 9.98562E-05 9.98562E-05 9.98562E-05 9.98562E-05 9.98562E-05 9.98562E-05 9.98562E-05 9.98562E-05 0.016886 9.98562E-05 9.98562E-05 0.0190486 9.98562E-05 9.98562E-05
9.98291E-05 9.98291E-05 9.98291E-05 9.98291E-05 9.98291E-05 9.98291E-05 9.98291E-05 9.98291E-05 9.98291E-05 9.98291E-05 9.98291E-05 9.98291E-05 9.98291E-05 9.98291E-05 9.98291E-05 9.98291E-05 0.998103 9.98291E-05 9.98291E-05 9.98291E-05
