9.98469E-05 9.98469E-05 9.98469E-05 9.98469E-05 0.940523 9.98469E-05 9.98469E-05 9.98469E-05 9.98469E-05 9.98469E-05 9.98469E-05 0.0378339 9.98469E-05 9.98469E-05 9.98469E-05 9.98469E-05 0.0199461 9.98469E-05 9.98469E-05 9.98469E-05
0.0244604 9.9865E-05 9.9865E-05 0.21412 9.9865E-05 9.9865E-05 9.9865E-05 0.0192859 9.9865E-05 9.9865E-05 9.9865E-05 9.9865E-05 0.654226 9.9865E-05 9.9865E-05 9.9865E-05 9.9865E-05 0.0864095 9.9865E-05 9.9865E-05
9.98292E-05 9.98292E-05 0.998103 9.98292E-05 9.98292E-05 9.98292E-05 9.98292E-05 9.98292E-05 9.98292E-05 9.98292E-05 9.98292E-05 9.98292E-05 9.98292E-05 9.98292E-05 9.98292E-05 9.98292E-05 9.98292E-05 9.98292E-05 9.98292E-05 9.98292E-05
9.98742E-05 0.0296223 0.00265373 9.98742E-05 9.98742E-05 9.98742E-05 9.98742E-05 9.98742E-05 0.0104693 9.98742E-05 9.98742E-05 0.0185255 9.98742E-05 0.0219309 9.98742E-05 9.98742E-05 9.98742E-05 0.9154 9.98742E-05 9.98742E-05
0.998103 9.98293E-05 9.98293E-05 9.98293E-05 9.98293E-05 9.98293E-05 9.98293E-05 9.98293E-05 9.98293E-05 9.98293E-05 9.98293E-05 9.98293E-05 9.98293E-05 9.98293E-05 9.98293E-05 9.98293E-05 9.98293E-05 9.98293E-05 9.98293E-05 9.98293E-05
0.0410012 0.0219661 9.98741E-05 9.98741E-05 9.98741E-05 9.98741E-05 9.98741E-05 0.0140005 9.98741E-05 9.98741E-05 9.98741E-05 9.98741E-05 9.98741E-05 0.00533001 0.0118387 9.98741E-05 9.98741E-05 0.904465 9.98741E-05 9.98741E-05
9.98294E-05 9.98294E-05 9.98294E-05 9.98294E-05 9.98294E-05 9.98294E-05 9.98294E-05 9.98294E-05 9.98294E-05 9.98294E-05 0.998103 9.98294E-05 9.98294E-05 9.98294E-05 9.98294E-05 9.98294E-05 9.98294E-05 9.98294E-05 9.98294E-05 9.98294E-05
0.0622877 0.015991 0.0292504 9.98919E-05 9.98919E-05 9.98919E-05 9.98919E-05 9.98919E-05 0.0994935 9.98919E-05 9.98919E-05 0.0568299 0.104506 0.231498 9.98919E-05 0.398945 9.98919E-05 9.98919E-05 9.98919E-05 9.98919E-05
9.9892E-05 9.9892E-05 9.9892E-05 0.0021555 9.9892E-05 9.9892E-05 9.9892E-05 0.0195196 0.00290272 0.00589817 0.926847 9.9892E-05 0.0359381 0.00408229 9.9892E-05 9.9892E-05 0.00145828 9.9892E-05 9.9892E-05 9.9892E-05
0.0601875 9.98472E-05 9.98472E-05 9.98472E-05 9.98472E-05 9.98472E-05 9.98472E-05 9.98472E-05 9.98472E-05 9.98472E-05 0.0692091 0.868906 9.98472E-05 9.98472E-05 9.98472E-05 9.98472E-05 9.98472E-05 9.98472E-05 9.98472E-05 9.98472E-05
0.0296301 9.98472E-05 9.98472E-05 9.98472E-05 9.98472E-05 9.98472E-05 9.98472E-05 9.98472E-05 9.98472E-05 9.98472E-05 0.0745559 0.894117 9.98472E-05 9.98472E-05 9.98472E-05 9.98472E-05 9.98472E-05 9.98472E-05 9.98472E-05 9.98472E-05
9.98921E-05 0.1284 0.0099793 9.98921E-05 0.674417 9.98921E-05 9.98921E-05 0.0378224 9.98921E-05 0.00230524 9.98921E-05 9.98921E-05 9.98921E-05 9.98921E-05 9.98921E-05 0.0188822 9.98921E-05 0.000923202 0.126072 9.98921E-05
9.98566E-05 9.98566E-05 9.98566E-05 9.98566E-05 9.98566E-05 9.98566E-05 9.98566E-05 9.98566E-05 9.98566E-05 9.98566E-05 0.00386432 9.98566E-05 9.98566E-05 0.0120816 9.98566E-05 0.00782443 9.98566E-05 9.98566E-05 0.974632 9.98566E-05
9.98742E-05 9.98742E-05 9.98742E-05 9.98742E-05 9.98742E-05 0.0190832 0.00637932 9.98742E-05 9.98742E-05 9.98742E-05 9.98742E-05 9.98742E-05 0.0302672 9.98742E-05 0.0177202 0.00430536 9.98742E-05 0.920846 9.98742E-05 9.98742E-05
0.0630177 9.98563E-05 9.98563E-05 0.0228706 9.98563E-05 9.98563E-05 9.98563E-05 9.98563E-05 9.98563E-05 9.98563E-05 9.98563E-05 9.98563E-05 9.98563E-05 9.98563E-05 9.98563E-05 9.98563E-05 0.036468 0.876046 9.98563E-05 9.98563E-05
9.98559E-05 9.98559E-05 9.98559E-05 9.98559E-05 9.98559E-05 0.133818 9.98559E-05 9.98559E-05 9.98559E-05 0.735288 9.98559E-05 0.032888 9.98559E-05 9.98559E-05 9.98559E-05 9.98559E-05 9.98559E-05 9.98559E-05 0.0964087 9.98559E-05
9.9856E-05 9.9856E-05 9.9856E-05 9.9856E-05 9.9856E-05 9.9856E-05 9.9856E-05 0.902565 9.9856E-05 9.9856E-05 9.9856E-05 0.0718599 9.9856E-05 9.9856E-05 9.9856E-05 9.9856E-05 0.0120915 9.9856E-05 9.9856E-05 0.011886
0.00202431 9.98817E-05 9.98817E-05 0.149765 9.98817E-05 9.98817E-05 0.781287 9.98817E-05 0.0435023 9.98817E-05 9.98817E-05 0.0191115 0.00291095 9.98817E-05 9.98817E-05 9.98817E-05 9.98817E-05 9.98817E-05 9.98817E-05 9.98817E-05
9.98294E-05 9.98294E-05 9.98294E-05 9.98294E-05 9.98294E-05 9.98294E-05 9.98294E-05 9.98294E-05 9.98294E-05 9.98294E-05 9.98294E-05 9.98294E-05 9.98294E-05 9.98294E-05 9.98294E-05 9.98294E-05 9.98294E-05 9.98294E-05 9.98294E-05 0.998103
9.98738E-05 0.0335447 9.98738E-05 9.98738E-05 0.0785693 0.158351 9.98738E-05 0.00341598 9.98738E-05 0.300575 9.98738E-05 0.424146 9.98738E-05 9.98738E-05 9.98738E-05 9.98738E-05 9.98738E-05 9.98738E-05 9.98738E-05 9.98738E-05
9.98291E-05 9.98291E-05 9.98291E-05 9.98291E-05 9.98291E-05 9.98291E-05 0.998103 9.98291E-05 9.98291E-05 9.98291E-05 9.98291E-05 9.98291E-05 9.98291E-05 9.98291E-05 9.98291E-05 9.98291E-05 9.98291E-05 9.98291E-05 9.98291E-05 9.98291E-05
9.98919E-05 9.98919E-05 9.98919E-05 0.257888 0.415032 0.0248451 9.98919E-05 0.00670989 9.98919E-05 0.171921 9.98919E-05 0.0471602 9.98919E-05 9.98919E-05 0.0102458 9.98919E-05 9.98919E-05 9.98919E-05 0.0649991 9.98919E-05
9.9829E-05 9.9829E-05 9.9829E-05 9.9829E-05 9.9829E-05 9.9829E-05 9.9829E-05 9.9829E-05 9.9829E-05 9.9829E-05 9.9829E-05 9.9829E-05 9.9829E-05 9.9829E-05 9.9829E-05 9.9829E-05 0.998103 9.9829E-05 9.9829E-05 9.9829E-05
9.98561E-05 9.98561E-05 9.98561E-05 9.98561E-05 9.98561E-05 0.0194631 0.827179 9.98561E-05 9.98561E-05 9.98561E-05 9.98561E-05 9.98561E-05 9.98561E-05 9.98561E-05 9.98561E-05 9.98561E-05 0.0893094 9.98561E-05 9.98561E-05 0.0624504
9.98564E-05 9.98564E-05 0.0111529 9.98564E-05 9.98564E-05 9.98564E-05 9.98564E-05 9.98564E-05 9.98564E-05 9.98564E-05 0.0105344 9.98564E-05 9.98564E-05 9.98564E-05 9.98564E-05 0.014997 9.98564E-05 0.961718 9.98564E-05 9.98564E-05
9.98296E-05 9.98296E-05 9.98296E-05 9.98296E-05 9.98296E-05 9.98296E-05 9.98296E-05 9.98296E-05 9.98296E-05 9.98296E-05 9.98296E-05 9.98296E-05 9.98296E-05 9.98296E-05 9.98296E-05 9.98296E-05 9.98296E-05 0.998103 9.98296E-05 9.98296E-05
9.98738E-05 0.0260731 9.98738E-05 9.98738E-05 0.0344944 9.98738E-05 9.98738E-05 0.0598581 9.98738E-05 9.98738E-05 9.98738E-05 0.0506743 9.98738E-05 9.98738E-05 9.98738E-05 9.98738E-05 0.00144078 9.98738E-05 0.826061 9.98738E-05
9.98561E-05 9.98561E-05 9.98561E-05 9.98561E-05 9.98561E-05 9.98561E-05 9.98561E-05 9.98561E-05 0.0586966 9.98561E-05 0.0127073 9.98561E-05 9.98561E-05 0.0285632 9.98561E-05 9.98561E-05 9.98561E-05 0.898435 9.98561E-05 9.98561E-05
9.98741E-05 9.98741E-05 0.00725141 9.98741E-05 9.98741E-05 9.98741E-05 9.98741E-05 9.98741E-05 0.0600412 9.98741E-05 0.0164621 9.98741E-05 9.98741E-05 0.00258364 9.98741E-05 9.98741E-05 9.98741E-05 0.894032 0.0182314 9.98741E-05
0.0357448 0.0111818 0.0480161 0.0167424 9.99102E-05 9.99102E-05 9.99102E-05 9.99102E-05 0.109928 9.99102E-05 9.99102E-05 9.99102E-05 9.99102E-05 0.388228 9.99102E-05 0.014071 9.99102E-05 0.35669 0.00477111 0.0136277
0.00143341 9.98649E-05 9.98649E-05 9.98649E-05 9.98649E-05 0.0153821 9.98649E-05 9.98649E-05 0.0195053 9.98649E-05 9.98649E-05 9.98649E-05 9.98649E-05 0.956265 9.98649E-05 9.98649E-05 9.98649E-05 0.00591612 9.98649E-05 9.98649E-05
9.98296E-05 9.98296E-05 9.98296E-05 9.98296E-05 9.98296E-05 9.98296E-05 9.98296E-05 9.98296E-05 9.98296E-05 9.98296E-05 9.98296E-05 9.98296E-05 0.998103 9.98296E-05 9.98296E-05 9.98296E-05 9.98296E-05 9.98296E-05 9.98296E-05 9.98296E-05
9.98474E-05 9.98474E-05 9.98474E-05 0.0241285 9.98474E-05 9.98474E-05 9.98474E-05 9.98474E-05 9.98474E-05 9.98474E-05 9.98474E-05 9.98474E-05 9.98474E-05 9.98474E-05 9.98474E-05 0.144472 9.98474E-05 0.829702 9.98474E-05 9.98474E-05
9.98743E-05 9.98743E-05 9.98743E-05 9.98743E-05 9.98743E-05 9.98743E-05 9.98743E-05 0.00243023 0.679855 9.98743E-05 9.98743E-05 0.00315039 0.0153339 0.0762346 9.98743E-05 0.221597 9.98743E-05 9.98743E-05 9.98743E-05 9.98743E-05
9.98826E-05 0.10615 9.98826E-05 0.11299 9.98826E-05 0.0563496 9.98826E-05 0.216049 9.98826E-05 9.98826E-05 9.98826E-05 9.98826E-05 9.98826E-05 0.0354456 9.98826E-05 0.00229128 9.98826E-05 9.98826E-05 0.469426 9.98826E-05
9.9874E-05 9.9874E-05 9.9874E-05 0.00270639 9.9874E-05 0.00213878 9.9874E-05 0.0171934 9.9874E-05 9.9874E-05 0.0242396 9.9874E-05 9.9874E-05 9.9874E-05 9.9874E-05 0.0237565 9.9874E-05 0.928567 9.9874E-05 9.9874E-05
0.0147969 9.98651E-05 0.0101878 9.98651E-05 0.939696 0.0156586 9.98651E-05 9.98651E-05 9.98651E-05 9.98651E-05 9.98651E-05 9.98651E-05 9.98651E-05 9.98651E-05 9.98651E-05 0.0181625 9.98651E-05 9.98651E-05 9.98651E-05 9.98651E-05
9.98919E-05 9.98919E-05 9.98919E-05 0.0647521 0.0690859 9.98919E-05 9.98919E-05 0.0416426 9.98919E-05 9.98919E-05 9.98919E-05 0.563658 0.14383 9.98919E-05 0.0106007 0.0692566 0.0359759 9.98919E-05 9.98919E-05 9.98919E-05
9.98382E-05 9.98382E-05 9.98382E-05 9.98382E-05 9.98382E-05 9.98382E-05 9.98382E-05 0.968655 9.98382E-05 9.98382E-05 9.98382E-05 9.98382E-05 9.98382E-05 9.98382E-05 9.98382E-05 0.0295478 9.98382E-05 9.98382E-05 9.98382E-05 9.98382E-05
9.98291E-05 9.98291E-05 9.98291E-05 0.998103 9.98291E-05 9.98291E-05 9.98291E-05 9.98291E-05 9.98291E-05 9.98291E-05 9.98291E-05 9.98291E-05 9.98291E-05 9.98291E-05 9.98291E-05 9.98291E-05 9.98291E-05 9.98291E-05 9.98291E-05 9.98291E-05
9.9838E-05 0.00262214 9.9838E-05 0.995581 9.9838E-05 9.9838E-05 9.9838E-05 9.9838E-05 9.9838E-05 9.9838E-05 9.9838E-05 9.9838E-05 9.9838E-05 9.9838E-05 9.9838E-05 9.9838E-05 9.9838E-05 9.9838E-05 9.9838E-05 9.9838E-05
9.9865E-05 9.9865E-05 9.9865E-05 0.0563534 9.9865E-05 0.000959526 9.9865E-05 0.0303163 9.9865E-05 9.9865E-05 9.9865E-05 0.875149 9.9865E-05 9.9865E-05 9.9865E-05 9.9865E-05 9.9865E-05 9.9865E-05 9.9865E-05 0.0357235
9.9883E-05 9.9883E-05 9.9883E-05 0.0100491 0.00968009 9.9883E-05 0.0261057 9.9883E-05 9.9883E-05 0.804599 0.0539083 0.032128 9.9883E-05 9.9883E-05 9.9883E-05 9.9883E-05 9.9883E-05 9.9883E-05 0.0622316 9.9883E-05
9.98649E-05 9.98649E-05 9.98649E-05 9.98649E-05 0.020205 0.0880227 9.98649E-05 0.0121858 9.98649E-05 0.0199226 9.98649E-05 0.858166 9.98649E-05 9.98649E-05 9.98649E-05 9.98649E-05 9.98649E-05 9.98649E-05 9.98649E-05 9.98649E-05
9.99099E-05 0.0305821 9.99099E-05 0.102638 0.000658914 0.173315 0.00744696 9.99099E-05 9.99099E-05 0.0256644 9.99099E-05 0.281426 0.0252607 9.99099E-05 9.99099E-05 9.99099E-05 0.203717 9.99099E-05 0.148292 9.99099E-05
9.99189E-05 9.99189E-05 9.99189E-05 0.19089 0.0298125 0.184133 9.99189E-05 9.99189E-05 9.99189E-05 0.100619 9.99189E-05 0.33048 0.030788 0.0144212 0.0522955 9.99189E-05 0.0324169 0.0324501 0.000794617 9.99189E-05
0.0367076 9.99098E-05 0.0509362 0.00932217 0.225169 0.317172 9.99098E-05 0.0952791 9.99098E-05 9.99098E-05 0.0521634 0.147202 9.99098E-05 0.0521626 9.99098E-05 9.99098E-05 9.99098E-05 9.99098E-05 0.012887 9.99098E-05
9.98391E-05 9.98391E-05 9.98391E-05 9.98391E-05 0.983113 9.98391E-05 9.98391E-05 9.98391E-05 9.98391E-05 9.98391E-05 9.98391E-05 9.98391E-05 9.98391E-05 9.98391E-05 9.98391E-05 9.98391E-05 0.0150901 9.98391E-05 9.98391E-05 9.98391E-05
9.98293E-05 9.98293E-05 9.98293E-05 9.98293E-05 9.98293E-05 9.98293E-05 9.98293E-05 9.98293E-05 0.998103 9.98293E-05 9.98293E-05 9.98293E-05 9.98293E-05 9.98293E-05 9.98293E-05 9.98293E-05 9.98293E-05 9.98293E-05 9.98293E-05 9.98293E-05
9.98472E-05 9.98472E-05 9.98472E-05 9.98472E-05 9.98472E-05 9.98472E-05 9.98472E-05 9.98472E-05 0.985277 9.98472E-05 9.98472E-05 9.98472E-05 9.98472E-05 9.98472E-05 0.00641201 9.98472E-05 9.98472E-05 9.98472E-05 9.98472E-05 0.00661327
0.00689076 9.98473E-05 9.98473E-05 9.98473E-05 9.98473E-05 9.98473E-05 9.98473E-05 9.98473E-05 0.981831 9.98473E-05 9.98473E-05 0.00958116 9.98473E-05 9.98473E-05 9.98473E-05 9.98473E-05 9.98473E-05 9.98473E-05 9.98473E-05 9.98473E-05
9.98295E-05 9.98295E-05 9.98295E-05 9.98295E-05 9.98295E-05 9.98295E-05 9.98295E-05 9.98295E-05 0.998103 9.98295E-05 9.98295E-05 9.98295E-05 9.98295E-05 9.98295E-05 9.98295E-05 9.98295E-05 9.98295E-05 9.98295E-05 9.98295E-05 9.98295E-05
9.98473E-05 9.98473E-05 9.98473E-05 9.98473E-05 9.98473E-05 9.98473E-05 9.98473E-05 9.98473E-05 0.995388 9.98473E-05 9.98473E-05 9.98473E-05 9.98473E-05 0.00134513 9.98473E-05 9.98473E-05 9.98473E-05 0.0015695 9.98473E-05 9.98473E-05
9.98832E-05 9.98832E-05 9.98832E-05 9.98832E-05 9.98832E-05 9.98832E-05 9.98832E-05 9.98832E-05 0.323297 0.0587384 0.0440497 9.98832E-05 0.0576944 0.233943 9.98832E-05 0.207167 0.0738116 9.98832E-05 9.98832E-05 9.98832E-05
9.98651E-05 9.98651E-05 9.98651E-05 9.98651E-05 0.000726895 9.98651E-05 9.98651E-05 0.00668682 0.91842 9.98651E-05 9.98651E-05 9.98651E-05 0.069264 9.98651E-05 9.98651E-05 9.98651E-05 9.98651E-05 9.98651E-05 0.0034046 9.98651E-05
9.98558E-05 9.98558E-05 9.98558E-05 0.000675055 0.74052 0.0388463 9.98558E-05 9.98558E-05 9.98558E-05 0.218361 9.98558E-05 9.98558E-05 9.98558E-05 9.98558E-05 9.98558E-05 9.98558E-05 9.98558E-05 9.98558E-05 9.98558E-05 9.98558E-05
0.0266456 0.000724686 0.000620289 9.98919E-05 0.00853649 9.98919E-05 9.98919E-05 9.98919E-05 0.0232951 0.0295153 0.0383466 9.98919E-05 0.871117 9.98919E-05 9.98919E-05 9.98919E-05 9.98919E-05 9.98919E-05 9.98919E-05 9.98919E-05
0.0113152 9.9874E-05 9.9874E-05 0.0259546 9.9874E-05 0.0111909 9.9874E-05 0.0010182 9.9874E-05 9.9874E-05 9.9874E-05 9.9874E-05 9.9874E-05 9.9874E-05 9.9874E-05 9.9874E-05 9.9874E-05 0.946331 9.9874E-05 0.00279177
9.98562E-05 0.020461 9.98562E-05 0.13433 9.98562E-05 9.98562E-05 9.98562E-05 9.98562E-05 9.98562E-05 0.0245455 9.98562E-05 9.98562E-05 9.98562E-05 9.98562E-05 9.98562E-05 9.98562E-05 9.98562E-05 9.98562E-05 0.819066 9.98562E-05
9.98475E-05 9.98475E-05 9.98475E-05 9.98475E-05 9.98475E-05 0.105728 9.98475E-05 9.98475E-05 9.98475E-05 0.867854 9.98475E-05 9.98475E-05 9.98475E-05 9.98475E-05 9.98475E-05 9.98475E-05 9.98475E-05 9.98475E-05 0.024721 9.98475E-05
9.98476E-05 9.98476E-05 9.98476E-05 9.98476E-05 9.98476E-05 9.98476E-05 9.98476E-05 9.98476E-05 9.98476E-05 9.98476E-05 0.0106902 9.98476E-05 9.98476E-05 9.98476E-05 9.98476E-05 0.00939472 9.98476E-05 9.98476E-05 0.978218 9.98476E-05
9.9856E-05 9.9856E-05 9.9856E-05 9.9856E-05 9.9856E-05 9.9856E-05 9.9856E-05 9.9856E-05 9.9856E-05 9.9856E-05 9.9856E-05 0.117516 9.9856E-05 9.9856E-05 9.9856E-05 9.9856E-05 0.0050127 0.00344091 0.872433 9.9856E-05
9.98828E-05 0.0299325 9.98828E-05 9.98828E-05 9.98828E-05 0.0611764 0.00131732 0.0314476 9.98828E-05 9.98828E-05 9.98828E-05 0.0678329 9.98828E-05 9.98828E-05 9.98828E-05 9.98828E-05 9.98828E-05 9.98828E-05 0.796549 0.0104463
9.98294E-05 9.98294E-05 9.98294E-05 9.98294E-05 9.98294E-05 9.98294E-05 9.98294E-05 9.98294E-05 9.98294E-05 9.98294E-05 9.98294E-05 9.98294E-05 9.98294E-05 9.98294E-05 0.998103 9.98294E-05 9.98294E-05 9.98294E-05 9.98294E-05 9.98294E-05
9.98747E-05 0.00257923 0.0135159 9.98747E-05 9.98747E-05 9.98747E-05 9.98747E-05 9.98747E-05 9.98747E-05 0.00402536 9.98747E-05 0.00796209 9.98747E-05 0.00582538 9.98747E-05 9.98747E-05 9.98747E-05 0.964694 9.98747E-05 9.98747E-05
9.9937E-05 0.0397939 9.9937E-05 0.211062 0.0729421 9.9937E-05 9.9937E-05 0.0121829 0.0516644 0.0280591 9.9937E-05 0.0521654 9.9937E-05 0.126443 9.9937E-05 0.0897678 0.0700947 0.0900913 0.134203 0.020831
9.98564E-05 9.98564E-05 0.148291 9.98564E-05 9.98564E-05 9.98564E-05 9.98564E-05 9.98564E-05 9.98564E-05 0.00197525 9.98564E-05 9.98564E-05 9.98564E-05 9.98564E-05 9.98564E-05 0.0466809 9.98564E-05 0.801455 9.98564E-05 9.98564E-05
0.0520389 9.9883E-05 9.9883E-05 0.0458968 9.9883E-05 9.9883E-05 9.9883E-05 0.0152213 0.000719752 9.9883E-05 9.9883E-05 9.9883E-05 9.9883E-05 0.0413351 9.9883E-05 9.9883E-05 0.00443454 0.839055 9.9883E-05 9.9883E-05
9.9874E-05 9.9874E-05 9.9874E-05 9.9874E-05 9.9874E-05 9.9874E-05 9.9874E-05 9.9874E-05 0.0141964 0.064133 0.0192944 9.9874E-05 9.9874E-05 9.9874E-05 9.9874E-05 0.0272244 0.000923144 0.87283 9.9874E-05 9.9874E-05
9.98653E-05 9.98653E-05 9.98653E-05 9.98653E-05 9.98653E-05 9.98653E-05 9.98653E-05 9.98653E-05 9.98653E-05 0.0490585 0.000493904 9.98653E-05 0.0232604 9.98653E-05 9.98653E-05 0.0219365 9.98653E-05 0.903753 9.98653E-05 9.98653E-05
0.00374885 9.98563E-05 9.98563E-05 0.103316 9.98563E-05 9.98563E-05 9.98563E-05 9.98563E-05 9.98563E-05 9.98563E-05 9.98563E-05 9.98563E-05 9.98563E-05 0.266513 9.98563E-05 9.98563E-05 9.98563E-05 0.624824 9.98563E-05 9.98563E-05
0.038408 9.9874E-05 9.9874E-05 0.0092097 9.9874E-05 0.0220476 9.9874E-05 0.0267263 0.0115988 9.9874E-05 9.9874E-05 9.9874E-05 9.9874E-05 9.9874E-05 9.9874E-05 9.9874E-05 9.9874E-05 0.890611 9.9874E-05 9.9874E-05
0.0346472 9.9847E-05 9.9847E-05 9.9847E-05 9.9847E-05 9.9847E-05 9.9847E-05 9.9847E-05 0.00920604 9.9847E-05 9.9847E-05 9.9847E-05 9.9847E-05 9.9847E-05 9.9847E-05 0.954449 9.9847E-05 9.9847E-05 9.9847E-05 9.9847E-05
9.9847E-05 9.9847E-05 9.9847E-05 9.9847E-05 9.9847E-05 9.9847E-05 9.9847E-05 9.9847E-05 9.9847E-05 9.9847E-05 0.0173293 9.9847E-05 9.9847E-05 9.9847E-05 9.9847E-05 0.964747 9.9847E-05 9.9847E-05 0.0162262 9.9847E-05
9.98743E-05 0.0135862 0.0155031 9.98743E-05 9.98743E-05 9.98743E-05 9.98743E-05 9.98743E-05 0.0353987 9.98743E-05 9.98743E-05 0.00129981 9.98743E-05 9.98743E-05 9.98743E-05 9.98743E-05 0.0200608 0.912753 9.98743E-05 9.98743E-05
9.9856E-05 9.9856E-05 9.9856E-05 0.0435616 9.9856E-05 9.9856E-05 9.9856E-05 9.9856E-05 9.9856E-05 0.912149 9.9856E-05 9.9856E-05 9.9856E-05 9.9856E-05 9.9856E-05 0.0254579 0.0172343 9.9856E-05 9.9856E-05 9.9856E-05
9.98292E-05 9.98292E-05 9.98292E-05 9.98292E-05 9.98292E-05 9.98292E-05 9.98292E-05 9.98292E-05 9.98292E-05 0.998103 9.98292E-05 9.98292E-05 9.98292E-05 9.98292E-05 9.98292E-05 9.98292E-05 9.98292E-05 9.98292E-05 9.98292E-05 9.98292E-05
9.98383E-05 0.985249 9.98383E-05 9.98383E-05 0.0129543 9.98383E-05 9.98383E-05 9.98383E-05 9.98383E-05 9.98383E-05 9.98383E-05 9.98383E-05 9.98383E-05 9.98383E-05 9.98383E-05 9.98383E-05 9.98383E-05 9.98383E-05 9.98383E-05 9.98383E-05
9.98384E-05 0.997485 9.98384E-05 9.98384E-05 9.98384E-05 9.98384E-05 0.000717667 9.98384E-05 9.98384E-05 9.98384E-05 9.98384E-05 9.98384E-05 9.98384E-05 9.98384E-05 9.98384E-05 9.98384E-05 9.98384E-05 9.98384E-05 9.98384E-05 9.98384E-05
9.98739E-05 9.98739E-05 9.98739E-05 0.0962295 9.98739E-05 9.98739E-05 9.98739E-05 9.98739E-05 9.98739E-05 0.0156299 9.98739E-05 0.787995 0.0548902 9.98739E-05 9.98739E-05 0.0120539 9.98739E-05 9.98739E-05 0.0318038 9.98739E-05
9.98739E-05 9.98739E-05 9.98739E-05 0.0899227 9.98739E-05 9.98739E-05 9.98739E-05 9.98739E-05 9.98739E-05 0.050183 0.00920463 0.76104 0.0258373 9.98739E-05 9.98739E-05 9.98739E-05 9.98739E-05 9.98739E-05 0.0624145 9.98739E-05
0.00172605 0.958976 9.98743E-05 9.98743E-05 9.98743E-05 9.98743E-05 9.98743E-05 9.98743E-05 9.98743E-05 0.00781919 9.98743E-05 9.98743E-05 0.00748328 9.98743E-05 9.98743E-05 0.0121581 0.010439 9.98743E-05 9.98743E-05 9.98743E-05
9.98384E-05 0.995939 9.98384E-05 9.98384E-05 9.98384E-05 9.98384E-05 9.98384E-05 9.98384E-05 9.98384E-05 9.98384E-05 9.98384E-05 9.98384E-05 9.98384E-05 9.98384E-05 9.98384E-05 9.98384E-05 9.98384E-05 9.98384E-05 9.98384E-05 0.00226436
9.98502E-05 9.98502E-05 9.98502E-05 9.98502E-05 0.906608 9.98502E-05 9.98502E-05 9.98502E-05 0.0305921 0.0350778 0.0185006 9.98502E-05 9.98502E-05 9.98502E-05 9.98502E-05 9.98502E-05 9.98502E-05 9.98502E-05 0.00772364 9.98502E-05
9.9874E-05 9.9874E-05 9.9874E-05 0.65311 9.9874E-05 9.9874E-05 9.9874E-05 9.9874E-05 9.9874E-05 0.0712702 0.127065 9.9874E-05 9.9874E-05 9.9874E-05 0.0225875 9.9874E-05 9.9874E-05 9.9874E-05 0.119962 0.00460707
9.98471E-05 9.98471E-05 9.98471E-05 9.98471E-05 9.98471E-05 9.98471E-05 9.98471E-05 9.98471E-05 0.0226445 9.98471E-05 0.0334769 9.98471E-05 0.942181 9.98471E-05 9.98471E-05 9.98471E-05 9.98471E-05 9.98471E-05 9.98471E-05 9.98471E-05
9.9838E-05 9.9838E-05 9.9838E-05 9.9838E-05 9.9838E-05 0.970573 9.9838E-05 9.9838E-05 9.9838E-05 9.9838E-05 9.9838E-05 9.9838E-05 9.9838E-05 9.9838E-05 9.9838E-05 9.9838E-05 0.0276302 9.9838E-05 9.9838E-05 9.9838E-05
9.98742E-05 9.98742E-05 9.98742E-05 0.0271547 9.98742E-05 0.88699 9.98742E-05 0.0505879 9.98742E-05 0.00924786 9.98742E-05 9.98742E-05 9.98742E-05 9.98742E-05 9.98742E-05 9.98742E-05 9.98742E-05 9.98742E-05 0.0151265 0.00949457
9.98292E-05 9.98292E-05 9.98292E-05 9.98292E-05 9.98292E-05 9.98292E-05 9.98292E-05 9.98292E-05 9.98292E-05 9.98292E-05 9.98292E-05 9.98292E-05 9.98292E-05 0.998103 9.98292E-05 9.98292E-05 9.98292E-05 9.98292E-05 9.98292E-05 9.98292E-05
