9.99549E-05 0.00751216 9.99549E-05 9.99549E-05 0.982103 0.00988529 9.99549E-05 9.99549E-05
0.194338 9.99639E-05 9.99639E-05 9.99639E-05 0.145677 0.0472478 0.612337 9.99639E-05
0.797608 9.99732E-05 9.99732E-05 0.0290319 9.99732E-05 0.0486942 0.081407 0.0429587
0.959147 0.000769901 9.9955E-05 9.9955E-05 9.9955E-05 0.0395833 9.9955E-05 9.9955E-05
0.405152 0.182242 0.0669446 9.99731E-05 0.0261628 9.99731E-05 0.319199 9.99731E-05
0.956096 0.0406895 9.9964E-05 9.9964E-05 0.00179034 0.00102382 9.9964E-05 9.9964E-05
9.9946E-05 9.9946E-05 9.9946E-05 0.247928 9.9946E-05 9.9946E-05 0.751472 9.9946E-05
0.428773 0.0458692 0.17106 9.9964E-05 9.9964E-05 9.9964E-05 0.353898 9.9964E-05
9.99459E-05 9.99459E-05 9.99459E-05 0.17744 9.99459E-05 9.99459E-05 0.821961 9.99459E-05
9.99461E-05 0.917859 9.99461E-05 9.99461E-05 9.99461E-05 9.99461E-05 0.081541 9.99461E-05
9.99461E-05 0.983754 9.99461E-05 9.99461E-05 9.99461E-05 9.99461E-05 0.0156458 9.99461E-05
0.00659474 9.9964E-05 9.9964E-05 0.160428 0.695591 0.136986 9.9964E-05 9.9964E-05
9.994E-05 9.994E-05 9.994E-05 0.9993 9.994E-05 9.994E-05 9.994E-05 9.994E-05
0.930001 9.9973E-05 9.9973E-05 0.025094 0.00716803 0.0212313 9.9973E-05 0.0162062
0.956639 9.9955E-05 9.9955E-05 9.9955E-05 0.0396848 9.9955E-05 9.9955E-05 0.00317658
9.99639E-05 0.421143 9.99639E-05 0.368919 0.109736 9.99639E-05 0.0998026 9.99639E-05
9.99641E-05 0.44169 9.99641E-05 0.193302 9.99641E-05 0.299439 9.99641E-05 0.0651702
9.99639E-05 0.140692 0.0200179 9.99639E-05 9.99639E-05 9.99639E-05 0.0920659 0.746825
9.9955E-05 9.9955E-05 9.9955E-05 0.00344229 9.9955E-05 0.106756 9.9955E-05 0.889302
9.9964E-05 0.787341 9.9964E-05 0.0427816 0.113605 0.0558725 9.9964E-05 9.9964E-05
9.994E-05 9.994E-05 9.994E-05 9.994E-05 9.994E-05 9.994E-05 9.994E-05 0.9993
9.99639E-05 0.284027 9.99639E-05 0.12696 0.578448 0.0101655 9.99639E-05 9.99639E-05
0.0134276 0.305826 9.99641E-05 9.99641E-05 9.99641E-05 0.326272 9.99641E-05 0.354075
9.99549E-05 0.03164 9.99549E-05 9.99549E-05 9.99549E-05 0.0626389 9.99549E-05 0.905221
0.991073 9.99461E-05 0.00832741 9.99461E-05 9.99461E-05 9.99461E-05 9.99461E-05 9.99461E-05
0.9993 9.994E-05 9.994E-05 9.994E-05 9.994E-05 9.994E-05 9.994E-05 9.994E-05
9.99639E-05 0.100798 9.99639E-05 0.78072 0.0661021 0.05198 9.99639E-05 9.99639E-05
0.941988 9.99459E-05 0.0574124 9.99459E-05 9.99459E-05 9.99459E-05 9.99459E-05 9.99459E-05
0.915351 9.9955E-05 0.0732867 0.0108628 9.9955E-05 9.9955E-05 9.9955E-05 9.9955E-05
0.712819 9.99821E-05 0.182047 0.00855127 9.99821E-05 0.00895313 0.049873 0.0375566
0.653995 9.99641E-05 0.172872 9.99641E-05 9.99641E-05 0.0312822 0.141452 9.99641E-05
9.99551E-05 9.99551E-05 0.097735 9.99551E-05 0.0245651 9.99551E-05 0.8772 9.99551E-05
0.998622 9.99462E-05 9.99462E-05 9.99462E-05 9.99462E-05 0.000778333 9.99462E-05 9.99462E-05
0.0911196 9.99641E-05 0.776557 0.000170007 9.99641E-05 9.99641E-05 0.131753 9.99641E-05
0.0555846 0.15524 9.99729E-05 0.577474 0.0305783 0.180823 9.99729E-05 9.99729E-05
0.980012 9.99459E-05 9.99459E-05 0.0193882 9.99459E-05 9.99459E-05 9.99459E-05 9.99459E-05
0.00864435 9.9946E-05 9.9946E-05 9.9946E-05 0.990756 9.9946E-05 9.9946E-05 9.9946E-05
0.0435655 0.681918 9.9973E-05 9.9973E-05 0.111342 9.9973E-05 0.152484 0.010392
0.142155 0.297789 9.9982E-05 0.174697 0.0125827 0.32827 9.9982E-05 0.0443062
0.0999304 0.619665 9.99639E-05 9.99639E-05 0.276516 9.99639E-05 9.99639E-05 0.00348916
0.0769808 0.56597 9.99729E-05 9.99729E-05 0.338049 0.0171504 9.99729E-05 0.00155023
9.9946E-05 0.995309 9.9946E-05 9.9946E-05 0.00409119 9.9946E-05 9.9946E-05 9.9946E-05
9.99639E-05 0.398063 9.99639E-05 0.262419 0.158877 9.99639E-05 0.18024 9.99639E-05
9.9946E-05 0.991607 9.9946E-05 0.00779284 9.9946E-05 9.9946E-05 9.9946E-05 9.9946E-05
9.998E-05 0.499229 9.998E-05 0.208599 0.0242335 0.139543 0.0362314 0.0919638
0.0754044 0.651542 9.9991E-05 0.0388835 0.150258 0.0381622 0.00633586 0.0393136
0.105943 0.352012 0.0513712 0.205706 0.193035 0.0917333 9.9982E-05 9.9982E-05
9.99463E-05 9.99463E-05 9.99463E-05 9.99463E-05 0.981851 9.99463E-05 9.99463E-05 0.0175494
9.994E-05 9.994E-05 0.9993 9.994E-05 9.994E-05 9.994E-05 9.994E-05 9.994E-05
9.994E-05 9.994E-05 0.9993 9.994E-05 9.994E-05 9.994E-05 9.994E-05 9.994E-05
9.9946E-05 0.0159588 0.983442 9.9946E-05 9.9946E-05 9.9946E-05 9.9946E-05 9.9946E-05
9.994E-05 9.994E-05 0.9993 9.994E-05 9.994E-05 9.994E-05 9.994E-05 9.994E-05
9.994E-05 9.994E-05 0.9993 9.994E-05 9.994E-05 9.994E-05 9.994E-05 9.994E-05
0.273241 0.0495254 0.420222 0.0236804 9.99821E-05 9.99821E-05 0.217856 0.0152752
9.9955E-05 9.9955E-05 0.94829 9.9955E-05 0.0283103 9.9955E-05 0.0229 9.9955E-05
9.99549E-05 0.00164558 9.99549E-05 0.0847489 0.913106 9.99549E-05 9.99549E-05 9.99549E-05
0.00478341 9.99729E-05 0.125861 9.99729E-05 0.0428659 0.0404989 0.785691 9.99729E-05
0.9993 9.994E-05 9.994E-05 9.994E-05 9.994E-05 9.994E-05 9.994E-05 9.994E-05
9.9964E-05 9.9964E-05 0.0367607 0.882712 0.0793368 0.00079063 9.9964E-05 9.9964E-05
0.0284931 0.324452 9.9973E-05 0.314363 0.242111 9.9973E-05 0.0902805 9.9973E-05
9.994E-05 9.994E-05 9.994E-05 0.9993 9.994E-05 9.994E-05 9.994E-05 9.994E-05
9.99549E-05 0.0788242 9.99549E-05 0.895534 0.0251421 9.99549E-05 9.99549E-05 9.99549E-05
9.99549E-05 0.0687416 9.99549E-05 0.844018 9.99549E-05 0.0867405 9.99549E-05 9.99549E-05
9.99641E-05 0.00916692 0.01985 9.99641E-05 0.0516938 9.99641E-05 9.99641E-05 0.918889
0.9993 9.994E-05 9.994E-05 9.994E-05 9.994E-05 9.994E-05 9.994E-05 9.994E-05
0.234795 0.187923 0.0553083 0.0656434 0.185478 0.113987 0.14288 0.0139855
0.967514 9.99462E-05 9.99462E-05 0.0318862 9.99462E-05 9.99462E-05 9.99462E-05 9.99462E-05
0.942987 9.9946E-05 9.9946E-05 9.9946E-05 0.0564129 9.9946E-05 9.9946E-05 9.9946E-05
0.953307 9.9964E-05 0.0145175 0.0091352 9.9964E-05 9.9964E-05 0.0226407 9.9964E-05
0.963792 9.9964E-05 0.00119061 0.00325892 9.9964E-05 9.9964E-05 0.0313587 9.9964E-05
0.917843 0.0406819 9.99641E-05 9.99641E-05 0.010935 9.99641E-05 0.03014 9.99641E-05
0.996473 9.9946E-05 9.9946E-05 9.9946E-05 9.9946E-05 0.0029277 9.9946E-05 9.9946E-05
0.497688 9.99553E-05 0.217547 9.99553E-05 9.99553E-05 9.99553E-05 0.284265 9.99553E-05
0.466291 9.99642E-05 0.0689203 0.0410079 9.99642E-05 9.99642E-05 0.423381 9.99642E-05
0.940382 0.00936451 0.0359011 9.9964E-05 0.0139526 9.9964E-05 9.9964E-05 9.9964E-05
0.0158318 0.461448 9.9982E-05 0.0954238 0.116834 0.0503762 0.259887 9.9982E-05
0.0160857 0.443483 0.0211163 0.122492 0.117608 0.0475283 0.231587 9.9991E-05
9.994E-05 9.994E-05 9.994E-05 9.994E-05 9.994E-05 0.9993 9.994E-05 9.994E-05
9.994E-05 9.994E-05 9.994E-05 9.994E-05 9.994E-05 0.9993 9.994E-05 9.994E-05
9.9964E-05 0.910808 9.9964E-05 0.00462535 0.00578666 9.9964E-05 0.0783806 9.9964E-05
9.9964E-05 0.869699 9.9964E-05 0.0914279 0.0160002 9.9964E-05 0.0224728 9.9964E-05
9.9946E-05 9.9946E-05 9.9946E-05 9.9946E-05 9.9946E-05 0.98166 0.0177407 9.9946E-05
9.994E-05 9.994E-05 9.994E-05 9.994E-05 9.994E-05 0.9993 9.994E-05 9.994E-05
9.99549E-05 9.99549E-05 0.0066119 0.038992 0.953896 9.99549E-05 9.99549E-05 9.99549E-05
9.997E-05 0.43354 9.997E-05 0.24849 0.111878 9.997E-05 0.166167 0.0396258
9.99549E-05 9.99549E-05 0.13552 9.99549E-05 0.030984 9.99549E-05 0.832996 9.99549E-05
0.0479246 0.255474 9.99731E-05 0.383719 9.99731E-05 0.219165 9.99731E-05 0.0934177
9.99731E-05 0.0182219 9.99731E-05 0.430765 0.20883 0.266752 9.99731E-05 0.0751308
0.578734 9.997E-05 0.150377 9.997E-05 9.997E-05 0.0363628 0.192639 0.0415873
