0.00682662 9.99549E-05 0.959389 9.99549E-05 9.99549E-05 0.0332851 9.99549E-05 9.99549E-05
0.0374822 9.99729E-05 0.170372 0.499418 0.21952 0.0729078 9.99729E-05 9.99729E-05
0.0270681 0.0124961 9.99733E-05 0.118199 0.758678 9.99733E-05 0.0832587 9.99733E-05
0.0253925 9.9946E-05 9.9946E-05 9.9946E-05 0.974008 9.9946E-05 9.9946E-05 9.9946E-05
9.99731E-05 9.99731E-05 0.0393907 0.263905 0.424645 0.178245 9.99731E-05 0.0935138
9.9955E-05 0.00232224 0.00400236 9.9955E-05 0.993176 9.9955E-05 9.9955E-05 9.9955E-05
9.9946E-05 9.9946E-05 9.9946E-05 0.748504 9.9946E-05 9.9946E-05 0.250896 9.9946E-05
0.00967439 9.9973E-05 9.9973E-05 0.357387 0.398621 0.0336376 9.9973E-05 0.200381
9.995E-05 9.995E-05 9.995E-05 0.816647 9.995E-05 0.0177256 0.165128 9.995E-05
9.99461E-05 9.99461E-05 9.99461E-05 0.0784012 9.99461E-05 0.920999 9.99461E-05 9.99461E-05
9.99461E-05 9.99461E-05 9.99461E-05 0.047871 9.99461E-05 0.951529 9.99461E-05 9.99461E-05
0.112573 9.9964E-05 0.696453 9.9964E-05 0.017765 9.9964E-05 0.172809 9.9964E-05
9.99461E-05 9.99461E-05 9.99461E-05 9.99461E-05 0.00696903 9.99461E-05 0.992431 9.99461E-05
0.0153366 0.021736 0.0127133 9.9964E-05 0.949814 9.9964E-05 9.9964E-05 9.9964E-05
9.9955E-05 9.9955E-05 0.0386552 9.9955E-05 0.93853 0.0223148 9.9955E-05 9.9955E-05
0.00434676 9.9991E-05 0.0953501 0.0747469 0.0130109 0.419669 0.387073 0.00570272
0.303049 0.0596253 9.99641E-05 9.99641E-05 9.99641E-05 0.486678 0.150249 9.99641E-05
9.99729E-05 0.715137 0.00793785 0.0476302 9.99729E-05 0.196955 9.99729E-05 0.0320401
0.0528592 0.946541 9.9946E-05 9.9946E-05 9.9946E-05 9.9946E-05 9.9946E-05 9.9946E-05
0.0621894 9.9964E-05 0.172242 9.9964E-05 9.9964E-05 0.738729 0.0264399 9.9964E-05
9.9946E-05 0.994862 9.9946E-05 9.9946E-05 0.00453791 9.9946E-05 9.9946E-05 9.9946E-05
0.0064825 9.9964E-05 0.58492 9.9964E-05 9.9964E-05 0.299983 0.108215 9.9964E-05
0.264647 0.396862 9.9973E-05 9.9973E-05 0.00493917 0.306622 9.9973E-05 0.0266298
0.0418943 0.900859 9.9955E-05 9.9955E-05 9.9955E-05 0.0567473 9.9955E-05 9.9955E-05
9.99461E-05 9.99461E-05 9.99461E-05 9.99461E-05 0.999273 9.99461E-05 9.99461E-05 0.000127322
9.994E-05 9.994E-05 9.994E-05 9.994E-05 0.9993 9.994E-05 9.994E-05 9.994E-05
0.018726 9.99639E-05 0.0823393 9.99639E-05 9.99639E-05 0.118262 0.780273 9.99639E-05
9.9964E-05 9.9964E-05 9.9964E-05 0.0230312 0.934321 9.9964E-05 0.00040414 0.0418439
9.9955E-05 9.9955E-05 9.9955E-05 0.00984606 0.917648 9.9955E-05 9.9955E-05 0.0720062
0.0267378 0.021108 9.99731E-05 9.99731E-05 0.690205 9.99731E-05 0.0234847 0.238164
0.0393616 9.9964E-05 9.9964E-05 0.12581 0.643649 9.9964E-05 9.9964E-05 0.19078
0.00259884 9.9973E-05 0.0592672 0.872215 0.00320329 9.9973E-05 9.9973E-05 0.0624157
9.99461E-05 9.99461E-05 9.99461E-05 0.000594802 0.998806 9.99461E-05 9.99461E-05 9.99461E-05
9.99551E-05 9.99551E-05 9.99551E-05 0.127612 0.101126 9.99551E-05 9.99551E-05 0.770762
0.203634 9.99819E-05 0.0396493 9.99819E-05 0.0363352 0.112931 0.60613 0.00112077
0.00487658 9.9964E-05 0.0145134 9.9964E-05 0.977463 9.9964E-05 0.00274667 9.9964E-05
0.00463491 9.9955E-05 0.970034 9.9955E-05 0.0248313 9.9955E-05 9.9955E-05 9.9955E-05
9.9982E-05 0.00842923 0.0926363 0.185222 0.000683452 0.69026 9.9982E-05 0.0225683
0.362164 0.0529577 9.99731E-05 9.99731E-05 0.112736 0.280816 0.191027 9.99731E-05
0.0218621 9.99639E-05 0.272458 9.99639E-05 0.131943 0.573337 9.99639E-05 9.99639E-05
0.0293311 9.99639E-05 0.293591 9.99639E-05 0.0715263 0.605152 9.99639E-05 9.99639E-05
9.994E-05 9.994E-05 9.994E-05 9.994E-05 9.994E-05 0.9993 9.994E-05 9.994E-05
9.99639E-05 9.99639E-05 0.14652 0.187931 9.99639E-05 0.432648 0.232501 9.99639E-05
9.9946E-05 9.9946E-05 9.9946E-05 9.9946E-05 9.9946E-05 0.977749 0.0216513 9.9946E-05
0.141141 0.0948293 0.0410771 9.9973E-05 9.9973E-05 0.523757 0.198896 9.9973E-05
0.017581 0.0416599 0.176622 9.9982E-05 0.077729 0.615219 0.0709884 9.9982E-05
0.122256 9.9982E-05 0.235701 9.9982E-05 0.0676022 0.272028 0.216432 0.0857798
9.99464E-05 0.0126529 0.986747 9.99464E-05 9.99464E-05 9.99464E-05 9.99464E-05 9.99464E-05
9.994E-05 9.994E-05 9.994E-05 9.994E-05 9.994E-05 9.994E-05 9.994E-05 0.9993
9.994E-05 9.994E-05 9.994E-05 9.994E-05 9.994E-05 9.994E-05 9.994E-05 0.9993
9.9946E-05 9.9946E-05 9.9946E-05 9.9946E-05 9.9946E-05 0.0139915 9.9946E-05 0.985409
9.994E-05 9.994E-05 9.994E-05 9.994E-05 9.994E-05 9.994E-05 9.994E-05 0.9993
9.9946E-05 9.9946E-05 9.9946E-05 9.9946E-05 0.000658692 9.9946E-05 9.9946E-05 0.998742
9.99821E-05 0.0291602 9.99821E-05 0.201408 0.221234 0.0113503 0.0400373 0.496611
0.0158008 9.9955E-05 9.9955E-05 0.0556614 9.9955E-05 9.9955E-05 9.9955E-05 0.928038
9.99459E-05 9.99459E-05 0.929194 9.99459E-05 9.99459E-05 9.99459E-05 0.0702068 9.99459E-05
0.020875 9.99729E-05 0.0697728 0.772041 0.00934338 9.99729E-05 9.99729E-05 0.127668
9.994E-05 9.994E-05 9.994E-05 9.994E-05 0.9993 9.994E-05 9.994E-05 9.994E-05
0.0281829 9.9964E-05 0.106886 9.9964E-05 9.9964E-05 9.9964E-05 0.850866 0.0136648
9.9964E-05 9.9964E-05 0.225583 9.9964E-05 0.0658722 0.346354 0.361792 9.9964E-05
9.994E-05 9.994E-05 9.994E-05 9.994E-05 9.994E-05 9.994E-05 0.9993 9.994E-05
9.99459E-05 9.99459E-05 9.99459E-05 9.99459E-05 9.99459E-05 0.0733782 0.926022 9.99459E-05
0.0911144 9.99549E-05 9.99549E-05 9.99549E-05 9.99549E-05 0.0690529 0.839333 9.99549E-05
9.99551E-05 0.88477 0.0959899 9.99551E-05 9.99551E-05 9.99551E-05 9.99551E-05 0.0187408
9.994E-05 9.994E-05 9.994E-05 9.994E-05 0.9993 9.994E-05 9.994E-05 9.994E-05
0.0896393 0.0321981 0.119603 0.0827903 0.253525 0.062025 0.133082 0.227137
9.99462E-05 9.99462E-05 9.99462E-05 9.99462E-05 0.967337 9.99462E-05 0.0320634 9.99462E-05
9.9955E-05 9.9955E-05 0.0325405 9.9955E-05 0.932179 9.9955E-05 9.9955E-05 0.0347809
9.9964E-05 9.9964E-05 9.9964E-05 0.0674987 0.893838 9.9964E-05 0.0100161 0.028247
9.9964E-05 9.9964E-05 0.0108586 0.0630272 0.909016 9.9964E-05 9.9964E-05 0.0166978
9.99551E-05 9.99551E-05 9.99551E-05 0.0330362 0.907737 0.0587271 9.99551E-05 9.99551E-05
9.99459E-05 9.99459E-05 9.99459E-05 9.99459E-05 0.993653 9.99459E-05 9.99459E-05 0.0057471
9.99552E-05 9.99552E-05 9.99552E-05 0.326338 0.440237 9.99552E-05 9.99552E-05 0.232925
9.99642E-05 9.99642E-05 9.99642E-05 0.478958 0.422606 9.99642E-05 0.0416772 0.056358
9.99641E-05 9.99641E-05 0.0188784 9.99641E-05 0.956555 9.99641E-05 0.00289426 0.0212721
0.0381536 9.9991E-05 0.11983 0.224812 0.0337714 0.449845 0.132188 0.00129979
0.0304727 9.9991E-05 0.109856 0.206578 0.0361639 0.453119 0.154192 0.0095179
0.9993 9.994E-05 9.994E-05 9.994E-05 9.994E-05 9.994E-05 9.994E-05 9.994E-05
0.9993 9.994E-05 9.994E-05 9.994E-05 9.994E-05 9.994E-05 9.994E-05 9.994E-05
9.9973E-05 9.9973E-05 0.035672 0.0663147 0.00575948 0.884165 0.00778859 9.9973E-05
9.99679E-05 9.99679E-05 0.0036721 0.0657602 9.99679E-05 0.903064 0.0271034 9.99679E-05
0.9993 9.994E-05 9.994E-05 9.994E-05 9.994E-05 9.994E-05 9.994E-05 9.994E-05
0.9993 9.994E-05 9.994E-05 9.994E-05 9.994E-05 9.994E-05 9.994E-05 9.994E-05
9.9955E-05 9.9955E-05 0.950809 9.9955E-05 9.9955E-05 9.9955E-05 0.0438949 0.00479666
9.9973E-05 0.054935 0.070942 0.143172 9.9973E-05 0.457329 0.273322 9.9973E-05
9.99639E-05 9.99639E-05 0.0444194 0.809548 0.00501433 9.99639E-05 9.99639E-05 0.140618
0.209839 0.123004 9.99731E-05 9.99731E-05 0.0600817 0.292186 0.31459 9.99731E-05
0.296532 0.0619609 0.198607 9.99641E-05 9.99641E-05 9.99641E-05 0.4425 9.99641E-05
0.00170603 0.0542192 9.99731E-05 0.203952 0.572126 9.99731E-05 9.99731E-05 0.167696
