0.0177182 9.98829E-05 0.920189 0.0607946 9.98829E-05 9.98829E-05 9.98829E-05 9.98829E-05 9.98829E-05 9.98829E-05 9.98829E-05 9.98829E-05 9.98829E-05 9.98829E-05 9.98829E-05 9.98829E-05
0.0196639 0.125345 9.99008E-05 9.99008E-05 9.99008E-05 9.99008E-05 9.99008E-05 9.99008E-05 9.99008E-05 9.99008E-05 9.99008E-05 0.580285 0.011349 0.262258 9.99008E-05 9.99008E-05
9.98651E-05 9.98651E-05 9.98651E-05 9.98651E-05 0.998502 9.98651E-05 9.98651E-05 9.98651E-05 9.98651E-05 9.98651E-05 9.98651E-05 9.98651E-05 9.98651E-05 9.98651E-05 9.98651E-05 9.98651E-05
0.01616 0.9297 9.98921E-05 9.98921E-05 0.0186282 9.98921E-05 9.98921E-05 9.98921E-05 9.98921E-05 9.98921E-05 9.98921E-05 9.98921E-05 0.0343133 9.98921E-05 9.98921E-05 9.98921E-05
9.99282E-05 0.270039 9.99282E-05 0.111416 0.0427955 9.99282E-05 9.99282E-05 0.0485189 9.99282E-05 0.0604194 9.99282E-05 0.232168 9.99282E-05 0.0715304 0.162313 9.99282E-05
9.98921E-05 0.936857 9.98921E-05 9.98921E-05 0.00487386 9.98921E-05 9.98921E-05 9.98921E-05 9.98921E-05 0.0181651 9.98921E-05 9.98921E-05 9.98921E-05 0.0389052 9.98921E-05 9.98921E-05
9.98834E-05 9.98834E-05 9.98834E-05 9.98834E-05 9.98834E-05 9.98834E-05 0.325884 9.98834E-05 0.0253084 9.98834E-05 9.98834E-05 0.647509 9.98834E-05 9.98834E-05 9.98834E-05 9.98834E-05
9.99201E-05 0.0379674 9.99201E-05 0.052519 0.0564133 9.99201E-05 9.99201E-05 0.0502428 9.99201E-05 9.99201E-05 9.99201E-05 0.121917 0.0173913 0.0357613 0.626988 9.99201E-05
9.98921E-05 9.98921E-05 9.98921E-05 0.0246473 9.98921E-05 9.98921E-05 0.192595 9.98921E-05 0.0965576 9.98921E-05 9.98921E-05 0.685001 9.98921E-05 9.98921E-05 9.98921E-05 9.98921E-05
9.98654E-05 9.98654E-05 9.98654E-05 0.998502 9.98654E-05 9.98654E-05 9.98654E-05 9.98654E-05 9.98654E-05 9.98654E-05 9.98654E-05 9.98654E-05 9.98654E-05 9.98654E-05 9.98654E-05 9.98654E-05
9.98654E-05 9.98654E-05 9.98654E-05 0.998502 9.98654E-05 9.98654E-05 9.98654E-05 9.98654E-05 9.98654E-05 9.98654E-05 9.98654E-05 9.98654E-05 9.98654E-05 9.98654E-05 9.98654E-05 9.98654E-05
9.99099E-05 0.017802 0.640013 9.99099E-05 0.0159528 9.99099E-05 0.129133 9.99099E-05 9.99099E-05 0.072787 9.99099E-05 9.99099E-05 0.123313 9.99099E-05 9.99099E-05 9.99099E-05
9.98743E-05 0.02368 9.98743E-05 9.98743E-05 9.98743E-05 9.98743E-05 0.974922 9.98743E-05 9.98743E-05 9.98743E-05 9.98743E-05 9.98743E-05 9.98743E-05 9.98743E-05 9.98743E-05 9.98743E-05
9.98921E-05 0.919909 9.98921E-05 9.98921E-05 9.98921E-05 9.98921E-05 9.98921E-05 9.98921E-05 9.98921E-05 0.0474787 9.98921E-05 9.98921E-05 9.98921E-05 0.00888342 9.98921E-05 0.0225305
9.98832E-05 0.924364 9.98832E-05 9.98832E-05 9.98832E-05 9.98832E-05 9.98832E-05 9.98832E-05 9.98832E-05 9.98832E-05 0.0364378 9.98832E-05 9.98832E-05 0.0378995 9.98832E-05 9.98832E-05
9.98801E-05 9.98801E-05 9.98801E-05 0.0158218 9.98801E-05 9.98801E-05 0.0862412 9.98801E-05 0.758938 0.1378 9.98801E-05 9.98801E-05 9.98801E-05 9.98801E-05 9.98801E-05 9.98801E-05
0.922911 9.9883E-05 9.9883E-05 0.0589566 9.9883E-05 9.9883E-05 9.9883E-05 9.9883E-05 9.9883E-05 9.9883E-05 0.0168338 9.9883E-05 9.9883E-05 9.9883E-05 9.9883E-05 9.9883E-05
0.000615758 9.99279E-05 9.99279E-05 0.0338375 9.99279E-05 9.99279E-05 9.99279E-05 0.0120037 0.0286122 9.99279E-05 0.06696 9.99279E-05 0.0165044 0.126885 9.99279E-05 0.713782
9.98742E-05 0.00871866 9.98742E-05 9.98742E-05 9.98742E-05 0.989883 9.98742E-05 9.98742E-05 9.98742E-05 9.98742E-05 9.98742E-05 9.98742E-05 9.98742E-05 9.98742E-05 9.98742E-05 9.98742E-05
0.00375228 9.99098E-05 0.0597897 0.44797 9.99098E-05 9.99098E-05 9.99098E-05 9.99098E-05 0.296022 0.170258 9.99098E-05 9.99098E-05 0.0212083 9.99098E-05 9.99098E-05 9.99098E-05
9.98829E-05 9.98829E-05 9.98829E-05 9.98829E-05 9.98829E-05 0.0980035 9.98829E-05 9.98829E-05 9.98829E-05 9.98829E-05 0.0291966 9.98829E-05 9.98829E-05 9.98829E-05 9.98829E-05 0.871501
0.036589 9.9928E-05 0.366863 0.0359213 9.9928E-05 9.9928E-05 0.0258828 9.9928E-05 0.232101 0.00552837 9.9928E-05 9.9928E-05 0.0155813 0.280734 9.9928E-05 9.9928E-05
9.9865E-05 9.9865E-05 9.9865E-05 9.9865E-05 9.9865E-05 9.9865E-05 9.9865E-05 9.9865E-05 9.9865E-05 9.9865E-05 0.998502 9.9865E-05 9.9865E-05 9.9865E-05 9.9865E-05 9.9865E-05
9.98741E-05 9.98741E-05 9.98741E-05 9.98741E-05 9.98741E-05 0.916778 9.98741E-05 9.98741E-05 9.98741E-05 9.98741E-05 0.0818239 9.98741E-05 9.98741E-05 9.98741E-05 9.98741E-05 9.98741E-05
9.98744E-05 0.971008 9.98744E-05 9.98744E-05 9.98744E-05 9.98744E-05 9.98744E-05 0.027594 9.98744E-05 9.98744E-05 9.98744E-05 9.98744E-05 9.98744E-05 9.98744E-05 9.98744E-05 9.98744E-05
9.98744E-05 0.9978 9.98744E-05 9.98744E-05 0.00080131 9.98744E-05 9.98744E-05 9.98744E-05 9.98744E-05 9.98744E-05 9.98744E-05 9.98744E-05 9.98744E-05 9.98744E-05 9.98744E-05 9.98744E-05
0.0623779 9.99098E-05 0.0674307 0.0425076 9.99098E-05 9.99098E-05 0.780073 9.99098E-05 0.000409027 9.99098E-05 9.99098E-05 9.99098E-05 0.0462028 9.99098E-05 9.99098E-05 9.99098E-05
9.991E-05 0.923857 9.991E-05 9.991E-05 9.991E-05 9.991E-05 0.0057227 0.0454398 0.00239624 9.991E-05 9.991E-05 0.0118357 9.991E-05 9.991E-05 0.00974928 9.991E-05
9.99101E-05 0.8901 9.99101E-05 9.99101E-05 0.00178386 9.99101E-05 0.0104387 0.0530896 0.0129945 9.99101E-05 9.99101E-05 0.030594 9.99101E-05 9.99101E-05 9.99101E-05 9.99101E-05
9.99102E-05 0.506199 9.99102E-05 9.99102E-05 0.0409039 9.99102E-05 9.99102E-05 0.216838 9.99102E-05 9.99102E-05 9.99102E-05 9.99102E-05 0.0256931 9.99102E-05 0.170733 0.0386338
0.00201641 0.326677 9.99279E-05 0.0105473 9.99279E-05 9.99279E-05 9.99279E-05 0.0081267 9.99279E-05 0.0230454 0.00733761 9.99279E-05 0.0142313 9.99279E-05 0.607219 9.99279E-05
9.98653E-05 9.98653E-05 9.98653E-05 9.98653E-05 9.98653E-05 9.98653E-05 9.98653E-05 9.98653E-05 9.98653E-05 9.98653E-05 9.98653E-05 0.998502 9.98653E-05 9.98653E-05 9.98653E-05 9.98653E-05
9.98922E-05 0.751692 9.98922E-05 9.98922E-05 0.0141332 9.98922E-05 9.98922E-05 9.98922E-05 0.0114728 9.98922E-05 9.98922E-05 9.98922E-05 9.98922E-05 9.98922E-05 0.221503 9.98922E-05
9.98923E-05 9.98923E-05 0.0217944 9.98923E-05 9.98923E-05 9.98923E-05 9.98923E-05 0.712607 9.98923E-05 9.98923E-05 9.98923E-05 0.00816572 9.98923E-05 9.98923E-05 0.256235 9.98923E-05
0.18637 9.99187E-05 0.0234874 9.99187E-05 9.99187E-05 9.99187E-05 0.449905 9.99187E-05 9.99187E-05 0.0696587 9.99187E-05 9.99187E-05 0.0970284 0.125746 0.0469053 9.99187E-05
9.98919E-05 0.932515 9.98919E-05 9.98919E-05 9.98919E-05 9.98919E-05 9.98919E-05 9.98919E-05 0.0107118 0.0352848 9.98919E-05 9.98919E-05 9.98919E-05 9.98919E-05 0.0202901 9.98919E-05
9.98831E-05 9.98831E-05 0.958874 9.98831E-05 0.0281907 9.98831E-05 9.98831E-05 9.98831E-05 9.98831E-05 9.98831E-05 9.98831E-05 9.98831E-05 9.98831E-05 9.98831E-05 0.0116364 9.98831E-05
0.0204402 0.0126664 0.0674238 0.593146 0.0222356 9.99369E-05 9.99369E-05 9.99369E-05 9.99369E-05 9.99369E-05 0.0327509 0.172007 9.99369E-05 0.0772078 9.99369E-05 0.00142261
0.98839 9.98742E-05 9.98742E-05 9.98742E-05 9.98742E-05 9.98742E-05 9.98742E-05 9.98742E-05 9.98742E-05 9.98742E-05 9.98742E-05 9.98742E-05 9.98742E-05 9.98742E-05 0.0102113 9.98742E-05
9.9874E-05 0.00136448 9.9874E-05 9.9874E-05 9.9874E-05 9.9874E-05 9.9874E-05 9.9874E-05 9.9874E-05 9.9874E-05 9.9874E-05 9.9874E-05 9.9874E-05 0.997237 9.9874E-05 9.9874E-05
9.98649E-05 9.98649E-05 9.98649E-05 9.98649E-05 9.98649E-05 9.98649E-05 9.98649E-05 9.98649E-05 9.98649E-05 9.98649E-05 9.98649E-05 9.98649E-05 9.98649E-05 0.998502 9.98649E-05 9.98649E-05
9.99099E-05 9.99099E-05 0.013851 0.828387 9.99099E-05 0.0227796 9.99099E-05 9.99099E-05 0.0341386 0.0255437 9.99099E-05 9.99099E-05 9.99099E-05 0.0743007 9.99099E-05 9.99099E-05
9.991E-05 9.991E-05 0.0204232 0.0291508 9.991E-05 0.00847172 0.0704665 9.991E-05 0.858678 9.991E-05 9.991E-05 0.0118107 9.991E-05 9.991E-05 9.991E-05 9.991E-05
0.0107458 9.98919E-05 0.0215694 0.875659 9.98919E-05 9.98919E-05 9.98919E-05 9.98919E-05 9.98919E-05 0.0908275 9.98919E-05 9.98919E-05 9.98919E-05 9.98919E-05 9.98919E-05 9.98919E-05
9.99279E-05 9.99279E-05 9.99279E-05 0.238603 9.99279E-05 0.0672522 0.175208 9.99279E-05 9.99279E-05 0.0683742 0.136918 0.0382222 0.05876 0.215862 9.99279E-05 9.99279E-05
9.99281E-05 9.99281E-05 0.0398818 0.389515 9.99281E-05 9.99281E-05 9.99281E-05 9.99281E-05 0.10734 0.084772 0.000167089 9.99281E-05 9.99281E-05 0.296364 0.0604361 0.0207247
0.163286 0.0342658 0.199294 0.218481 0.0379734 9.9937E-05 0.088886 0.0250087 9.9937E-05 0.210501 9.9937E-05 0.0216039 9.9937E-05 9.9937E-05 9.9937E-05 9.9937E-05
9.98838E-05 9.98838E-05 0.964338 9.98838E-05 9.98838E-05 0.00110974 9.98838E-05 9.98838E-05 9.98838E-05 9.98838E-05 0.0332541 9.98838E-05 9.98838E-05 9.98838E-05 9.98838E-05 9.98838E-05
9.98652E-05 9.98652E-05 9.98652E-05 9.98652E-05 9.98652E-05 9.98652E-05 9.98652E-05 0.998502 9.98652E-05 9.98652E-05 9.98652E-05 9.98652E-05 9.98652E-05 9.98652E-05 9.98652E-05 9.98652E-05
9.98741E-05 9.98741E-05 9.98741E-05 9.98741E-05 9.98741E-05 9.98741E-05 9.98741E-05 0.990652 9.98741E-05 9.98741E-05 9.98741E-05 9.98741E-05 9.98741E-05 0.00794975 9.98741E-05 9.98741E-05
9.98832E-05 9.98832E-05 9.98832E-05 9.98832E-05 9.98832E-05 9.98832E-05 9.98832E-05 0.975996 9.98832E-05 9.98832E-05 9.98832E-05 9.98832E-05 0.0101267 0.0125791 9.98832E-05 9.98832E-05
9.98651E-05 9.98651E-05 9.98651E-05 9.98651E-05 9.98651E-05 9.98651E-05 9.98651E-05 0.998502 9.98651E-05 9.98651E-05 9.98651E-05 9.98651E-05 9.98651E-05 9.98651E-05 9.98651E-05 9.98651E-05
9.98653E-05 9.98653E-05 9.98653E-05 9.98653E-05 9.98653E-05 9.98653E-05 9.98653E-05 0.998502 9.98653E-05 9.98653E-05 9.98653E-05 9.98653E-05 9.98653E-05 9.98653E-05 9.98653E-05 9.98653E-05
9.99192E-05 0.0632923 9.99192E-05 9.99192E-05 0.0153149 9.99192E-05 9.99192E-05 0.361013 0.0803478 9.99192E-05 0.08438 0.061021 9.99192E-05 9.99192E-05 0.333732 9.99192E-05
9.98741E-05 9.98741E-05 9.98741E-05 9.98741E-05 9.98741E-05 9.98741E-05 9.98741E-05 0.945223 9.98741E-05 9.98741E-05 9.98741E-05 0.0533787 9.98741E-05 9.98741E-05 9.98741E-05 9.98741E-05
9.98828E-05 9.98828E-05 0.802844 9.98828E-05 9.98828E-05 9.98828E-05 9.98828E-05 9.98828E-05 0.143225 0.0526324 9.98828E-05 9.98828E-05 9.98828E-05 9.98828E-05 9.98828E-05 9.98828E-05
9.99007E-05 9.99007E-05 0.0347655 9.99007E-05 0.00750665 9.99007E-05 9.99007E-05 0.025996 9.99007E-05 9.99007E-05 9.99007E-05 0.909538 0.0210944 9.99007E-05 9.99007E-05 9.99007E-05
9.9883E-05 0.960253 9.9883E-05 9.9883E-05 9.9883E-05 9.9883E-05 9.9883E-05 9.9883E-05 9.9883E-05 0.0131386 9.9883E-05 9.9883E-05 9.9883E-05 0.0253103 9.9883E-05 9.9883E-05
9.991E-05 9.991E-05 0.0149671 9.991E-05 9.991E-05 9.991E-05 0.775771 0.000591677 0.0106888 9.991E-05 9.991E-05 9.991E-05 0.031174 0.165809 9.991E-05 9.991E-05
9.98922E-05 9.98922E-05 9.98922E-05 9.98922E-05 0.00778993 9.98922E-05 0.0246367 9.98922E-05 0.868564 0.0978106 9.98922E-05 9.98922E-05 9.98922E-05 9.98922E-05 9.98922E-05 9.98922E-05
9.98745E-05 9.98745E-05 9.98745E-05 9.98745E-05 0.026344 9.98745E-05 0.972258 9.98745E-05 9.98745E-05 9.98745E-05 9.98745E-05 9.98745E-05 9.98745E-05 9.98745E-05 9.98745E-05 9.98745E-05
9.98919E-05 9.98919E-05 0.000546406 0.0845454 9.98919E-05 9.98919E-05 0.864994 9.98919E-05 9.98919E-05 9.98919E-05 9.98919E-05 9.98919E-05 9.98919E-05 0.0487157 9.98919E-05 9.98919E-05
0.0226219 9.99188E-05 9.99188E-05 0.0743239 9.99188E-05 0.000162157 0.776195 9.99188E-05 9.99188E-05 0.0577706 9.99188E-05 9.99188E-05 0.0440246 0.0240025 9.99188E-05 9.99188E-05
9.98652E-05 9.98652E-05 9.98652E-05 9.98652E-05 9.98652E-05 9.98652E-05 9.98652E-05 9.98652E-05 9.98652E-05 9.98652E-05 9.98652E-05 9.98652E-05 9.98652E-05 9.98652E-05 9.98652E-05 0.998502
9.98926E-05 0.959519 9.98926E-05 0.00838499 0.026417 9.98926E-05 9.98926E-05 9.98926E-05 0.00447981 9.98926E-05 9.98926E-05 9.98926E-05 9.98926E-05 9.98926E-05 9.98926E-05 9.98926E-05
0.0179141 0.024563 0.0485374 9.99641E-05 9.99641E-05 9.99641E-05 0.0632495 0.0455407 0.0420911 0.0934587 9.99641E-05 0.138303 0.0602466 0.208081 0.203564 0.0540514
9.99013E-05 0.843244 9.99013E-05 9.99013E-05 0.129237 9.99013E-05 0.0121859 9.99013E-05 0.00148485 9.99013E-05 9.99013E-05 9.99013E-05 9.99013E-05 9.99013E-05 0.0127493 9.99013E-05
0.000759996 0.91421 0.0162449 9.99101E-05 9.99101E-05 9.99101E-05 9.99101E-05 9.99101E-05 9.99101E-05 0.0133942 9.99101E-05 9.99101E-05 9.99101E-05 0.048609 0.00578303 9.99101E-05
9.9901E-05 0.873817 9.9901E-05 9.9901E-05 9.9901E-05 9.9901E-05 9.9901E-05 0.0205782 0.0500334 9.9901E-05 9.9901E-05 0.00239437 9.9901E-05 9.9901E-05 0.0520782 9.9901E-05
9.99102E-05 0.916895 9.99102E-05 9.99102E-05 0.00072815 9.99102E-05 9.99102E-05 9.99102E-05 0.0228037 9.99102E-05 9.99102E-05 0.0505924 9.99102E-05 9.99102E-05 0.00347956 0.00450162
9.99013E-05 0.777037 9.99013E-05 0.0463785 9.99013E-05 9.99013E-05 9.99013E-05 9.99013E-05 9.99013E-05 0.000158936 9.99013E-05 9.99013E-05 9.99013E-05 0.0711854 0.104142 9.99013E-05
0.0240019 0.962587 9.9892E-05 9.9892E-05 9.9892E-05 9.9892E-05 9.9892E-05 9.9892E-05 9.9892E-05 0.00269353 9.9892E-05 9.9892E-05 9.9892E-05 0.00951843 9.9892E-05 9.9892E-05
9.9865E-05 9.9865E-05 9.9865E-05 9.9865E-05 9.9865E-05 9.9865E-05 9.9865E-05 9.9865E-05 9.9865E-05 9.9865E-05 9.9865E-05 9.9865E-05 9.9865E-05 9.9865E-05 0.998502 9.9865E-05
9.98741E-05 9.98741E-05 9.98741E-05 9.98741E-05 9.98741E-05 9.98741E-05 0.0346157 9.98741E-05 9.98741E-05 9.98741E-05 9.98741E-05 9.98741E-05 9.98741E-05 9.98741E-05 0.963986 9.98741E-05
9.99012E-05 0.948676 9.99012E-05 0.0139728 9.99012E-05 9.99012E-05 9.99012E-05 0.00846577 9.99012E-05 9.99012E-05 0.0260197 9.99012E-05 0.00176655 9.99012E-05 9.99012E-05 9.99012E-05
9.9883E-05 0.0182572 9.9883E-05 9.9883E-05 9.9883E-05 9.9883E-05 9.9883E-05 9.9883E-05 0.958992 9.9883E-05 0.0214525 9.9883E-05 9.9883E-05 9.9883E-05 9.9883E-05 9.9883E-05
9.9883E-05 9.9883E-05 9.9883E-05 9.9883E-05 9.9883E-05 9.9883E-05 9.9883E-05 9.9883E-05 0.983965 9.9883E-05 0.00569318 9.9883E-05 9.9883E-05 9.9883E-05 0.00904331 9.9883E-05
9.98653E-05 9.98653E-05 9.98653E-05 9.98653E-05 9.98653E-05 9.98653E-05 9.98653E-05 9.98653E-05 9.98653E-05 9.98653E-05 9.98653E-05 9.98653E-05 0.998502 9.98653E-05 9.98653E-05 9.98653E-05
9.98653E-05 9.98653E-05 9.98653E-05 9.98653E-05 9.98653E-05 9.98653E-05 9.98653E-05 9.98653E-05 9.98653E-05 9.98653E-05 9.98653E-05 9.98653E-05 0.998502 9.98653E-05 9.98653E-05 9.98653E-05
9.99099E-05 9.99099E-05 9.99099E-05 0.752218 9.99099E-05 9.99099E-05 0.0187707 9.99099E-05 0.06516 9.99099E-05 9.99099E-05 0.0354395 9.99099E-05 0.12396 9.99099E-05 0.00345295
9.99009E-05 9.99009E-05 9.99009E-05 0.744372 9.99009E-05 9.99009E-05 0.081893 9.99009E-05 0.0689699 9.99009E-05 9.99009E-05 0.0107002 9.99009E-05 0.0929664 9.99009E-05 9.99009E-05
9.98832E-05 9.98832E-05 9.98832E-05 9.98832E-05 9.98832E-05 9.98832E-05 9.98832E-05 9.98832E-05 0.0199415 9.98832E-05 9.98832E-05 0.0259505 0.95281 9.98832E-05 9.98832E-05 9.98832E-05
9.98743E-05 9.98743E-05 9.98743E-05 9.98743E-05 9.98743E-05 9.98743E-05 9.98743E-05 9.98743E-05 9.98743E-05 9.98743E-05 9.98743E-05 9.98743E-05 0.993895 0.00470721 9.98743E-05 9.98743E-05
9.98919E-05 9.98919E-05 0.949945 9.98919E-05 9.98919E-05 9.98919E-05 0.0289033 0.0159803 0.00397309 9.98919E-05 9.98919E-05 9.98919E-05 9.98919E-05 9.98919E-05 9.98919E-05 9.98919E-05
9.9901E-05 9.9901E-05 9.9901E-05 9.9901E-05 9.9901E-05 0.0174341 0.216206 9.9901E-05 0.0565962 9.9901E-05 9.9901E-05 0.0241894 9.9901E-05 0.684475 9.9901E-05 9.9901E-05
9.98829E-05 0.00903862 9.98829E-05 9.98829E-05 9.98829E-05 9.98829E-05 9.98829E-05 0.0682578 9.98829E-05 9.98829E-05 9.98829E-05 0.921405 9.98829E-05 9.98829E-05 9.98829E-05 9.98829E-05
9.98831E-05 9.98831E-05 9.98831E-05 0.00806362 9.98831E-05 9.98831E-05 9.98831E-05 9.98831E-05 9.98831E-05 0.985795 0.00484336 9.98831E-05 9.98831E-05 9.98831E-05 9.98831E-05 9.98831E-05
0.0391562 9.99011E-05 0.030005 9.99011E-05 9.99011E-05 9.99011E-05 0.00416786 9.99011E-05 0.00951473 0.916057 9.99011E-05 9.99011E-05 9.99011E-05 9.99011E-05 9.99011E-05 9.99011E-05
9.99192E-05 0.244636 9.99192E-05 9.99192E-05 9.99192E-05 9.99192E-05 9.99192E-05 0.0485599 9.99192E-05 9.99192E-05 0.00683187 0.0068094 0.0274094 9.99192E-05 0.650553 0.0143009
