9.98828E-05 9.98828E-05 9.98828E-05 9.98828E-05 9.98828E-05 9.98828E-05 9.98828E-05 9.98828E-05 0.0140488 9.98828E-05 9.98828E-05 9.98828E-05 9.98828E-05 9.98828E-05 0.905204 0.0794483
9.98829E-05 9.98829E-05 9.98829E-05 0.654037 9.98829E-05 0.197584 0.147081 9.98829E-05 9.98829E-05 9.98829E-05 9.98829E-05 9.98829E-05 9.98829E-05 9.98829E-05 9.98829E-05 9.98829E-05
0.0335278 9.99197E-05 9.99197E-05 0.0218835 0.00249336 9.99197E-05 0.769129 9.99197E-05 0.0219905 0.0188572 0.13122 9.99197E-05 9.99197E-05 9.99197E-05 9.99197E-05 9.99197E-05
0.039837 9.9892E-05 9.9892E-05 9.9892E-05 9.9892E-05 9.9892E-05 0.929779 9.9892E-05 0.0206698 9.9892E-05 9.9892E-05 9.9892E-05 9.9892E-05 0.00851532 9.9892E-05 9.9892E-05
9.99191E-05 9.99191E-05 0.225227 0.0744887 0.0959828 0.102489 0.406356 9.99191E-05 9.99191E-05 9.99191E-05 9.99191E-05 9.99191E-05 0.0567817 9.99191E-05 9.99191E-05 0.0377759
9.98739E-05 9.98739E-05 9.98739E-05 9.98739E-05 9.98739E-05 0.0200393 0.978562 9.98739E-05 9.98739E-05 9.98739E-05 9.98739E-05 9.98739E-05 9.98739E-05 9.98739E-05 9.98739E-05 9.98739E-05
9.98649E-05 9.98649E-05 0.998502 9.98649E-05 9.98649E-05 9.98649E-05 9.98649E-05 9.98649E-05 9.98649E-05 9.98649E-05 9.98649E-05 9.98649E-05 9.98649E-05 9.98649E-05 9.98649E-05 9.98649E-05
0.110802 9.99101E-05 0.0956907 0.154286 0.258046 9.99101E-05 0.295952 9.99101E-05 9.99101E-05 9.99101E-05 9.99101E-05 9.99101E-05 9.99101E-05 9.99101E-05 9.99101E-05 0.0842236
9.98919E-05 9.98919E-05 0.960815 0.0292171 9.98919E-05 0.0024934 9.98919E-05 9.98919E-05 9.98919E-05 9.98919E-05 9.98919E-05 9.98919E-05 9.98919E-05 0.00627615 9.98919E-05 9.98919E-05
9.98741E-05 9.98741E-05 0.133022 9.98741E-05 9.98741E-05 9.98741E-05 9.98741E-05 9.98741E-05 9.98741E-05 9.98741E-05 9.98741E-05 9.98741E-05 9.98741E-05 9.98741E-05 9.98741E-05 0.865579
9.98741E-05 9.98741E-05 0.119763 9.98741E-05 9.98741E-05 9.98741E-05 9.98741E-05 9.98741E-05 9.98741E-05 9.98741E-05 9.98741E-05 9.98741E-05 9.98741E-05 9.98741E-05 9.98741E-05 0.878839
0.0431511 0.158252 0.0212997 9.99128E-05 9.99128E-05 9.99128E-05 9.99128E-05 9.99128E-05 0.0878906 0.015529 9.99128E-05 9.99128E-05 9.99128E-05 9.99128E-05 0.672878 9.99128E-05
0.0131676 0.0176692 9.98831E-05 9.98831E-05 9.98831E-05 9.98831E-05 9.98831E-05 9.98831E-05 9.98831E-05 9.98831E-05 0.967865 9.98831E-05 9.98831E-05 9.98831E-05 9.98831E-05 9.98831E-05
9.98919E-05 9.98919E-05 9.98919E-05 0.0143598 9.98919E-05 0.025005 0.942728 9.98919E-05 9.98919E-05 0.0167083 9.98919E-05 9.98919E-05 9.98919E-05 9.98919E-05 9.98919E-05 9.98919E-05
9.9892E-05 9.9892E-05 9.9892E-05 9.9892E-05 9.9892E-05 0.0269651 0.946457 9.9892E-05 9.9892E-05 0.00742732 9.9892E-05 9.9892E-05 0.0179514 9.9892E-05 9.9892E-05 9.9892E-05
9.98831E-05 0.217609 9.98831E-05 9.98831E-05 9.98831E-05 9.98831E-05 9.98831E-05 9.98831E-05 9.98831E-05 9.98831E-05 9.98831E-05 9.98831E-05 9.98831E-05 0.737506 9.98831E-05 0.0435865
9.98739E-05 9.98739E-05 9.98739E-05 9.98739E-05 9.98739E-05 9.98739E-05 9.98739E-05 0.921515 9.98739E-05 9.98739E-05 9.98739E-05 9.98739E-05 9.98739E-05 9.98739E-05 9.98739E-05 0.0770866
9.99008E-05 9.99008E-05 9.99008E-05 9.99008E-05 0.00807191 0.0913962 9.99008E-05 9.99008E-05 9.99008E-05 0.818924 9.99008E-05 9.99008E-05 9.99008E-05 0.00264018 9.99008E-05 0.0778688
9.9874E-05 9.9874E-05 9.9874E-05 9.9874E-05 9.9874E-05 9.9874E-05 9.9874E-05 9.9874E-05 0.0361674 9.9874E-05 9.9874E-05 0.962434 9.9874E-05 9.9874E-05 9.9874E-05 9.9874E-05
9.99099E-05 0.0209883 9.99099E-05 9.99099E-05 9.99099E-05 9.99099E-05 9.99099E-05 0.0551357 0.0253089 9.99099E-05 9.99099E-05 9.99099E-05 9.99099E-05 0.316176 0.0710642 0.510328
9.9874E-05 9.9874E-05 9.9874E-05 9.9874E-05 9.9874E-05 9.9874E-05 9.9874E-05 9.9874E-05 9.9874E-05 0.986083 9.9874E-05 0.0125185 9.9874E-05 9.9874E-05 9.9874E-05 9.9874E-05
9.991E-05 0.156148 9.991E-05 0.01129 9.991E-05 0.276198 9.991E-05 9.991E-05 9.991E-05 9.991E-05 9.991E-05 9.991E-05 9.991E-05 0.153566 0.384877 0.0169223
9.98647E-05 9.98647E-05 9.98647E-05 9.98647E-05 9.98647E-05 9.98647E-05 9.98647E-05 9.98647E-05 9.98647E-05 9.98647E-05 9.98647E-05 9.98647E-05 0.998502 9.98647E-05 9.98647E-05 9.98647E-05
9.98828E-05 9.98828E-05 9.98828E-05 9.98828E-05 9.98828E-05 9.98828E-05 9.98828E-05 9.98828E-05 9.98828E-05 0.189849 9.98828E-05 0.522655 0.286198 9.98828E-05 9.98828E-05 9.98828E-05
0.696341 9.98742E-05 9.98742E-05 9.98742E-05 9.98742E-05 9.98742E-05 0.302261 9.98742E-05 9.98742E-05 9.98742E-05 9.98742E-05 9.98742E-05 9.98742E-05 9.98742E-05 9.98742E-05 9.98742E-05
0.231753 9.98921E-05 9.98921E-05 0.00147571 0.013132 9.98921E-05 0.752441 9.98921E-05 9.98921E-05 9.98921E-05 9.98921E-05 9.98921E-05 9.98921E-05 9.98921E-05 9.98921E-05 9.98921E-05
9.9901E-05 0.907715 9.9901E-05 0.00628681 9.9901E-05 9.9901E-05 9.9901E-05 9.9901E-05 9.9901E-05 9.9901E-05 0.0173231 9.9901E-05 9.9901E-05 9.9901E-05 0.0130325 0.0545435
0.998502 9.9865E-05 9.9865E-05 9.9865E-05 9.9865E-05 9.9865E-05 9.9865E-05 9.9865E-05 9.9865E-05 9.9865E-05 9.9865E-05 9.9865E-05 9.9865E-05 9.9865E-05 9.9865E-05 9.9865E-05
0.998502 9.98651E-05 9.98651E-05 9.98651E-05 9.98651E-05 9.98651E-05 9.98651E-05 9.98651E-05 9.98651E-05 9.98651E-05 9.98651E-05 9.98651E-05 9.98651E-05 9.98651E-05 9.98651E-05 9.98651E-05
0.23065 0.0395185 9.99192E-05 0.0176327 0.203136 9.99192E-05 0.473771 9.99192E-05 0.00254647 9.99192E-05 9.99192E-05 0.0318451 9.99192E-05 9.99192E-05 9.99192E-05 9.99192E-05
0.0782413 9.99191E-05 0.0557076 0.00414037 0.235885 9.99191E-05 0.583365 0.031761 0.010001 9.99191E-05 9.99191E-05 9.99191E-05 9.99191E-05 9.99191E-05 9.99191E-05 9.99191E-05
9.98654E-05 9.98654E-05 9.98654E-05 0.998502 9.98654E-05 9.98654E-05 9.98654E-05 9.98654E-05 9.98654E-05 9.98654E-05 9.98654E-05 9.98654E-05 9.98654E-05 9.98654E-05 9.98654E-05 9.98654E-05
0.441344 9.98832E-05 9.98832E-05 9.98832E-05 9.98832E-05 0.03589 0.521468 9.98832E-05 9.98832E-05 9.98832E-05 9.98832E-05 9.98832E-05 9.98832E-05 9.98832E-05 9.98832E-05 9.98832E-05
0.11257 9.99193E-05 0.00267909 0.0530033 0.800867 9.99193E-05 0.0182356 0.00826391 0.00348103 9.99193E-05 9.99193E-05 9.99193E-05 9.99193E-05 9.99193E-05 9.99193E-05 9.99193E-05
0.0335117 0.653986 9.99098E-05 9.99098E-05 0.0123354 9.99098E-05 9.99098E-05 0.188021 0.0582039 9.99098E-05 9.99098E-05 9.99098E-05 9.99098E-05 9.99098E-05 9.99098E-05 0.0529429
0.618334 9.98828E-05 9.98828E-05 9.98828E-05 9.98828E-05 0.0391682 0.341199 9.98828E-05 9.98828E-05 9.98828E-05 9.98828E-05 9.98828E-05 9.98828E-05 9.98828E-05 9.98828E-05 9.98828E-05
9.98832E-05 9.98832E-05 9.98832E-05 9.98832E-05 9.98832E-05 9.98832E-05 0.0275141 0.00593196 9.98832E-05 9.98832E-05 9.98832E-05 9.98832E-05 9.98832E-05 9.98832E-05 0.965255 9.98832E-05
9.99369E-05 9.99369E-05 9.99369E-05 0.199295 0.00284817 0.0175334 0.0351763 0.00725958 9.99369E-05 9.99369E-05 0.018395 9.99369E-05 0.0495501 9.99369E-05 0.0777812 0.591462
9.9874E-05 9.9874E-05 9.9874E-05 9.9874E-05 9.9874E-05 9.9874E-05 0.00112 0.997482 9.9874E-05 9.9874E-05 9.9874E-05 9.9874E-05 9.9874E-05 9.9874E-05 9.9874E-05 9.9874E-05
9.98831E-05 9.98831E-05 9.98831E-05 9.98831E-05 9.98831E-05 0.983886 0.00850014 0.00631576 9.98831E-05 9.98831E-05 9.98831E-05 9.98831E-05 9.98831E-05 9.98831E-05 9.98831E-05 9.98831E-05
9.98741E-05 9.98741E-05 9.98741E-05 9.98741E-05 9.98741E-05 0.992382 9.98741E-05 9.98741E-05 9.98741E-05 9.98741E-05 9.98741E-05 9.98741E-05 9.98741E-05 9.98741E-05 0.00621958 9.98741E-05
9.9892E-05 9.9892E-05 9.9892E-05 9.9892E-05 9.9892E-05 0.0681838 9.9892E-05 9.9892E-05 9.9892E-05 9.9892E-05 9.9892E-05 0.0102835 9.9892E-05 9.9892E-05 0.0369527 0.883381
9.99275E-05 0.00278634 0.0334852 9.99275E-05 9.99275E-05 0.0122923 9.99275E-05 9.99275E-05 9.99275E-05 9.99275E-05 0.0472024 0.026474 9.99275E-05 0.862456 0.0144046 9.99275E-05
9.9883E-05 0.06405 9.9883E-05 9.9883E-05 9.9883E-05 9.9883E-05 9.9883E-05 0.0244298 9.9883E-05 9.9883E-05 9.9883E-05 9.9883E-05 9.9883E-05 9.9883E-05 9.9883E-05 0.910222
9.99277E-05 9.99277E-05 9.99277E-05 0.0123708 9.99277E-05 0.0959725 9.99277E-05 9.99277E-05 0.0408169 9.99277E-05 0.185208 9.99277E-05 0.337797 0.0265044 0.0524681 0.248063
9.99101E-05 9.99101E-05 9.99101E-05 9.99101E-05 9.99101E-05 0.0955492 0.0629375 9.99101E-05 9.99101E-05 9.99101E-05 0.0750337 9.99101E-05 0.185916 0.155471 0.13496 0.289233
9.9946E-05 0.0434354 0.0196888 9.9946E-05 0.0253296 9.9946E-05 0.0848837 0.179362 0.028148 9.9946E-05 0.10595 9.9946E-05 0.0148522 9.9946E-05 0.282706 0.215045
9.98748E-05 9.98748E-05 9.98748E-05 9.98748E-05 9.98748E-05 9.98748E-05 9.98748E-05 9.98748E-05 9.98748E-05 0.00373773 9.98748E-05 9.98748E-05 9.98748E-05 9.98748E-05 0.994864 9.98748E-05
9.98651E-05 9.98651E-05 9.98651E-05 9.98651E-05 0.998502 9.98651E-05 9.98651E-05 9.98651E-05 9.98651E-05 9.98651E-05 9.98651E-05 9.98651E-05 9.98651E-05 9.98651E-05 9.98651E-05 9.98651E-05
9.9865E-05 9.9865E-05 9.9865E-05 9.9865E-05 0.998502 9.9865E-05 9.9865E-05 9.9865E-05 9.9865E-05 9.9865E-05 9.9865E-05 9.9865E-05 9.9865E-05 9.9865E-05 9.9865E-05 9.9865E-05
9.98741E-05 9.98741E-05 9.98741E-05 9.98741E-05 0.983925 0.0146764 9.98741E-05 9.98741E-05 9.98741E-05 9.98741E-05 9.98741E-05 9.98741E-05 9.98741E-05 9.98741E-05 9.98741E-05 9.98741E-05
0.0388225 9.98741E-05 9.98741E-05 9.98741E-05 0.959779 9.98741E-05 9.98741E-05 9.98741E-05 9.98741E-05 9.98741E-05 9.98741E-05 9.98741E-05 9.98741E-05 9.98741E-05 9.98741E-05 9.98741E-05
9.98651E-05 9.98651E-05 9.98651E-05 9.98651E-05 0.998502 9.98651E-05 9.98651E-05 9.98651E-05 9.98651E-05 9.98651E-05 9.98651E-05 9.98651E-05 9.98651E-05 9.98651E-05 9.98651E-05 9.98651E-05
0.168055 9.99192E-05 0.128822 0.027419 0.428294 9.99192E-05 0.0781947 9.99192E-05 9.99192E-05 9.99192E-05 9.99192E-05 9.99192E-05 0.141482 0.0268337 9.99192E-05 9.99192E-05
9.9901E-05 9.9901E-05 9.9901E-05 0.0077317 0.934178 0.00923265 9.9901E-05 9.9901E-05 9.9901E-05 9.9901E-05 9.9901E-05 9.9901E-05 9.9901E-05 0.0311121 0.0166471 9.9901E-05
9.98829E-05 0.0109317 9.98829E-05 9.98829E-05 9.98829E-05 9.98829E-05 9.98829E-05 9.98829E-05 9.98829E-05 9.98829E-05 9.98829E-05 9.98829E-05 9.98829E-05 0.197442 0.790328 9.98829E-05
0.021049 0.00153607 0.0256605 0.907606 0.0375606 9.99189E-05 9.99189E-05 9.99189E-05 0.00341212 9.99189E-05 9.99189E-05 9.99189E-05 9.99189E-05 0.00227662 9.99189E-05 9.99189E-05
0.474269 9.98828E-05 9.98828E-05 9.98828E-05 9.98828E-05 0.0133784 0.511054 9.98828E-05 9.98828E-05 9.98828E-05 9.98828E-05 9.98828E-05 9.98828E-05 9.98828E-05 9.98828E-05 9.98828E-05
9.98832E-05 0.950413 0.0248637 9.98832E-05 9.98832E-05 0.0234245 9.98832E-05 9.98832E-05 9.98832E-05 9.98832E-05 9.98832E-05 9.98832E-05 9.98832E-05 9.98832E-05 9.98832E-05 9.98832E-05
9.98834E-05 9.98834E-05 9.98834E-05 9.98834E-05 9.98834E-05 9.98834E-05 9.98834E-05 9.98834E-05 9.98834E-05 9.98834E-05 0.069256 9.98834E-05 9.98834E-05 0.886598 0.0428479 9.98834E-05
9.9874E-05 9.9874E-05 9.9874E-05 9.9874E-05 9.9874E-05 0.0136525 9.9874E-05 9.9874E-05 9.9874E-05 9.9874E-05 0.984949 9.9874E-05 9.9874E-05 9.9874E-05 9.9874E-05 9.9874E-05
9.98828E-05 0.648291 9.98828E-05 9.98828E-05 9.98828E-05 9.98828E-05 9.98828E-05 9.98828E-05 9.98828E-05 9.98828E-05 0.269975 9.98828E-05 9.98828E-05 9.98828E-05 9.98828E-05 0.0804352
9.9892E-05 0.883203 9.9892E-05 9.9892E-05 9.9892E-05 9.9892E-05 9.9892E-05 9.9892E-05 9.9892E-05 9.9892E-05 0.0648459 0.00555153 9.9892E-05 9.9892E-05 9.9892E-05 0.045201
9.98741E-05 9.98741E-05 9.98741E-05 9.98741E-05 9.98741E-05 9.98741E-05 9.98741E-05 9.98741E-05 9.98741E-05 9.98741E-05 9.98741E-05 0.974519 9.98741E-05 9.98741E-05 0.024083 9.98741E-05
0.6641 9.98924E-05 9.98924E-05 9.98924E-05 9.98924E-05 9.98924E-05 0.327783 9.98924E-05 0.00447491 9.98924E-05 9.98924E-05 9.98924E-05 9.98924E-05 9.98924E-05 9.98924E-05 0.00244424
0.246264 9.99461E-05 9.99461E-05 0.170384 0.0563587 0.101763 0.00841831 9.99461E-05 0.0541771 0.0521694 0.0847785 0.042025 9.99461E-05 9.99461E-05 9.99461E-05 0.183062
0.0502869 9.98923E-05 9.98923E-05 9.98923E-05 9.98923E-05 9.98923E-05 0.887165 9.98923E-05 9.98923E-05 9.98923E-05 0.0377238 9.98923E-05 9.98923E-05 0.023626 9.98923E-05 9.98923E-05
0.213431 9.99099E-05 0.000757872 9.99099E-05 0.0244058 0.01972 0.711556 0.0291296 9.99099E-05 9.99099E-05 9.99099E-05 9.99099E-05 9.99099E-05 9.99099E-05 9.99099E-05 9.99099E-05
0.998502 9.98651E-05 9.98651E-05 9.98651E-05 9.98651E-05 9.98651E-05 9.98651E-05 9.98651E-05 9.98651E-05 9.98651E-05 9.98651E-05 9.98651E-05 9.98651E-05 9.98651E-05 9.98651E-05 9.98651E-05
0.989999 9.98742E-05 9.98742E-05 9.98742E-05 9.98742E-05 9.98742E-05 9.98742E-05 9.98742E-05 9.98742E-05 9.98742E-05 9.98742E-05 9.98742E-05 9.98742E-05 0.00860238 9.98742E-05 9.98742E-05
0.171211 9.99012E-05 9.99012E-05 0.0271212 9.99012E-05 0.0731357 0.720126 9.99012E-05 9.99012E-05 9.99012E-05 9.99012E-05 9.99012E-05 9.99012E-05 9.99012E-05 9.99012E-05 0.00730722
0.522071 9.98828E-05 9.98828E-05 9.98828E-05 9.98828E-05 0.0107467 0.465884 9.98828E-05 9.98828E-05 9.98828E-05 9.98828E-05 9.98828E-05 9.98828E-05 9.98828E-05 9.98828E-05 9.98828E-05
0.227359 9.99014E-05 0.150288 9.99014E-05 0.301521 9.99014E-05 0.298917 0.0208154 9.99014E-05 9.99014E-05 9.99014E-05 9.99014E-05 9.99014E-05 9.99014E-05 9.99014E-05 9.99014E-05
0.397327 9.99015E-05 0.276916 9.99015E-05 0.147523 9.99015E-05 0.102478 9.99015E-05 9.99015E-05 9.99015E-05 0.0746559 9.99015E-05 9.99015E-05 9.99015E-05 9.99015E-05 9.99015E-05
0.145097 9.9892E-05 9.9892E-05 9.9892E-05 9.9892E-05 9.9892E-05 0.829624 9.9892E-05 9.9892E-05 0.00745167 9.9892E-05 9.9892E-05 9.9892E-05 0.0166291 9.9892E-05 9.9892E-05
9.9883E-05 9.9883E-05 9.9883E-05 9.9883E-05 0.0366476 9.9883E-05 9.9883E-05 9.9883E-05 0.0146318 9.9883E-05 9.9883E-05 9.9883E-05 9.9883E-05 0.947422 9.9883E-05 9.9883E-05
9.9874E-05 9.9874E-05 9.9874E-05 9.9874E-05 0.0125181 9.9874E-05 9.9874E-05 9.9874E-05 9.9874E-05 9.9874E-05 9.9874E-05 9.9874E-05 9.9874E-05 0.986084 9.9874E-05 9.9874E-05
9.98743E-05 9.98743E-05 9.98743E-05 9.98743E-05 9.98743E-05 0.0137564 9.98743E-05 9.98743E-05 0.984845 9.98743E-05 9.98743E-05 9.98743E-05 9.98743E-05 9.98743E-05 9.98743E-05 9.98743E-05
9.98653E-05 9.98653E-05 9.98653E-05 9.98653E-05 9.98653E-05 9.98653E-05 9.98653E-05 9.98653E-05 0.998502 9.98653E-05 9.98653E-05 9.98653E-05 9.98653E-05 9.98653E-05 9.98653E-05 9.98653E-05
9.99009E-05 9.99009E-05 9.99009E-05 0.0802813 9.99009E-05 0.0958452 9.99009E-05 9.99009E-05 9.99009E-05 9.99009E-05 0.0342087 9.99009E-05 9.99009E-05 0.0551928 9.99009E-05 0.733373
9.99189E-05 9.99189E-05 9.99189E-05 0.0496688 0.00668724 0.0593041 9.99189E-05 9.99189E-05 9.99189E-05 0.00979753 0.0960585 9.99189E-05 9.99189E-05 0.0600317 9.99189E-05 0.717553
9.99012E-05 9.99012E-05 9.99012E-05 9.99012E-05 9.99012E-05 9.99012E-05 9.99012E-05 0.00404264 0.960505 9.99012E-05 9.99012E-05 9.99012E-05 0.0248807 0.00935016 9.99012E-05 0.000122897
9.98682E-05 9.98682E-05 9.98682E-05 9.98682E-05 9.98682E-05 9.98682E-05 9.98682E-05 9.98682E-05 0.998502 9.98682E-05 9.98682E-05 9.98682E-05 9.98682E-05 9.98682E-05 9.98682E-05 9.98682E-05
9.99009E-05 0.0158902 9.99009E-05 9.99009E-05 0.0225672 9.99009E-05 9.99009E-05 9.99009E-05 9.99009E-05 9.99009E-05 9.99009E-05 0.00789048 9.99009E-05 0.000607472 0.951946 9.99009E-05
9.99008E-05 9.99008E-05 0.0966722 9.99008E-05 9.99008E-05 0.68017 9.99008E-05 9.99008E-05 9.99008E-05 9.99008E-05 0.147037 0.0219572 9.99008E-05 0.0530641 9.99008E-05 9.99008E-05
9.9883E-05 9.9883E-05 0.0356979 0.924108 0.0388953 9.9883E-05 9.9883E-05 9.9883E-05 9.9883E-05 9.9883E-05 9.9883E-05 9.9883E-05 9.9883E-05 9.9883E-05 9.9883E-05 9.9883E-05
9.98831E-05 0.309632 9.98831E-05 9.98831E-05 9.98831E-05 9.98831E-05 0.0444576 9.98831E-05 9.98831E-05 9.98831E-05 9.98831E-05 9.98831E-05 0.644612 9.98831E-05 9.98831E-05 9.98831E-05
9.99104E-05 0.375599 9.99104E-05 9.99104E-05 9.99104E-05 9.99104E-05 9.99104E-05 0.335409 0.100328 0.0290279 9.99104E-05 9.99104E-05 0.0491938 9.99104E-05 0.109444 9.99104E-05
0.278352 9.99284E-05 0.109013 0.00684692 0.227675 9.99284E-05 0.33323 9.99284E-05 0.00972579 0.0256105 9.99284E-05 0.00874754 9.99284E-05 9.99284E-05 9.99284E-05 9.99284E-05
