0.0437864 0.0110232 0.94519
0.384541 0.281872 0.333587
0.0794887 0.847971 0.0725405
9.999E-05 0.9998 9.999E-05
0.368067 0.431252 0.200681
9.999E-05 0.995769 0.00413107
0.493206 0.0462651 0.460529
0.535896 0.411927 0.0521766
0.551238 9.9991E-05 0.448662
0.160695 9.9991E-05 0.839205
0.181088 9.9991E-05 0.818812
9.9991E-05 0.12683 0.87307
9.9991E-05 0.126959 0.872941
9.9991E-05 0.990052 0.00984773
9.9991E-05 0.977448 0.022452
0.10513 0.0125215 0.882348
9.9991E-05 0.0414915 0.958409
0.0714275 9.99911E-05 0.928473
9.999E-05 9.999E-05 0.9998
0.0514243 9.9991E-05 0.948476
9.999E-05 9.999E-05 0.9998
0.0562737 9.9991E-05 0.943626
0.0621009 0.00191464 0.935984
9.999E-05 9.999E-05 0.9998
9.999E-05 0.9998 9.999E-05
9.999E-05 0.9998 9.999E-05
9.999E-05 9.999E-05 0.9998
0.0726894 0.927211 9.9991E-05
0.135091 0.864809 9.9991E-05
0.303024 0.696876 9.9991E-05
0.348724 0.651176 9.9991E-05
0.753068 0.0140229 0.232909
9.999E-05 0.9998 9.999E-05
0.957075 0.0428246 9.9991E-05
9.9991E-05 0.123913 0.875987
9.999E-05 0.9998 9.999E-05
9.9991E-05 0.0986378 0.901262
0.277527 0.0205521 0.701921
9.9991E-05 0.215917 0.783983
9.9991E-05 0.171715 0.828185
0.0443858 0.113151 0.842463
0.0388908 9.99909E-05 0.961009
0.100583 9.9991E-05 0.899317
0.122628 9.9991E-05 0.877272
0.0659115 9.9991E-05 0.933989
0.111546 0.0795414 0.808912
0.100151 0.114623 0.785226
0.0458578 9.99911E-05 0.954042
0.9998 9.999E-05 9.999E-05
0.9998 9.999E-05 9.999E-05
0.9998 9.999E-05 9.999E-05
0.9998 9.999E-05 9.999E-05
0.9998 9.999E-05 9.999E-05
0.691179 0.201186 0.107636
0.9998 9.999E-05 9.999E-05
0.0790273 9.9991E-05 0.920873
0.690848 0.0865867 0.222565
0.00506138 0.994839 9.9991E-05
0.0414935 0.00692098 0.951585
0.0590906 0.0748305 0.866079
9.99911E-05 0.0342098 0.96569
9.9991E-05 0.0357726 0.964127
9.999E-05 9.999E-05 0.9998
9.999E-05 9.999E-05 0.9998
9.999E-05 0.9998 9.999E-05
0.218907 0.253178 0.527915
0.00291214 0.996988 9.9991E-05
0.0146573 0.985243 9.9991E-05
0.089292 0.910608 9.9991E-05
0.0754826 0.924417 9.9991E-05
9.9991E-05 0.970762 0.0291379
9.999E-05 0.9998 9.999E-05
0.596031 0.403869 9.99911E-05
0.484417 0.479964 0.0356192
9.9991E-05 0.990974 0.00892619
0.205494 0.0436837 0.750822
0.213883 0.0338611 0.752256
9.9991E-05 0.119698 0.880202
9.9991E-05 0.115598 0.884302
0.180702 9.99909E-05 0.819198
0.155122 9.99909E-05 0.844778
9.9991E-05 0.11389 0.88601
9.9991E-05 0.132887 0.867013
0.0923787 9.9991E-05 0.907521
0.0622421 0.0388766 0.898881
0.710004 0.0364973 0.253499
9.9991E-05 0.107781 0.892119
9.9991E-05 0.0219432 0.977957
0.386633 0.581082 0.0322849
