9.999E-05 0.9998 9.999E-05
9.999E-05 0.473247 0.526653
0.0273616 0.0323665 0.940272
9.999E-05 9.999E-05 0.9998
9.9991E-05 0.264675 0.735225
0.0134455 0.00836614 0.978188
9.999E-05 0.651593 0.348307
9.999E-05 0.17112 0.82878
9.9991E-05 0.613699 0.386201
9.9991E-05 0.935929 0.063971
9.9991E-05 0.941059 0.0588405
9.9991E-05 0.98471 0.0151897
9.99911E-05 0.956142 0.043758
0.00402881 9.9991E-05 0.995871
0.00768708 0.0252902 0.967023
9.9991E-05 0.965405 0.034495
0.20592 0.742313 0.0517664
0.730798 0.224178 0.0450239
0.9998 9.999E-05 9.999E-05
9.999E-05 0.9998 9.999E-05
0.9998 9.999E-05 9.999E-05
9.9991E-05 0.995492 0.00440804
0.590349 0.286461 0.12319
0.9998 9.999E-05 9.999E-05
9.999E-05 9.999E-05 0.9998
9.999E-05 9.999E-05 0.9998
9.999E-05 0.9998 9.999E-05
9.999E-05 9.999E-05 0.9998
9.999E-05 9.999E-05 0.9998
0.0340626 0.0308355 0.935102
0.0421982 9.9991E-05 0.957702
9.9991E-05 0.395067 0.604833
9.999E-05 9.999E-05 0.9998
9.9991E-05 0.141452 0.858448
9.9991E-05 0.92006 0.0798398
9.999E-05 9.999E-05 0.9998
9.9991E-05 0.971221 0.0286791
0.0347259 0.831048 0.134226
0.205346 0.591737 0.202916
9.9991E-05 0.893178 0.106722
9.9991E-05 0.901113 0.0987871
0.0113465 0.988554 9.9991E-05
9.9991E-05 0.979514 0.0203855
0.0132205 0.986679 9.9991E-05
0.165728 0.834172 9.9991E-05
0.036682 0.861858 0.10146
0.00706084 0.827842 0.165097
9.999E-05 0.9998 9.999E-05
0.0413873 0.106549 0.852063
0.0516704 0.1082 0.840129
0.0313137 0.134835 0.833851
0.0400135 0.110666 0.84932
0.0344931 0.0984961 0.867011
0.0818562 0.207856 0.710288
0.00280379 0.202147 0.795049
9.999E-05 0.9998 9.999E-05
9.9991E-05 0.444854 0.555046
9.999E-05 9.999E-05 0.9998
9.999E-05 0.9998 9.999E-05
9.9991E-05 0.938462 0.061438
9.999E-05 0.9998 9.999E-05
9.999E-05 0.9998 9.999E-05
0.00845072 0.991449 9.9991E-05
0.950034 0.0450604 0.00490545
9.999E-05 9.999E-05 0.9998
0.0486927 0.588822 0.362486
9.999E-05 9.999E-05 0.9998
9.9991E-05 0.0150382 0.984862
9.999E-05 9.999E-05 0.9998
9.999E-05 9.999E-05 0.9998
9.9991E-05 0.0407343 0.959166
9.999E-05 9.999E-05 0.9998
9.99911E-05 0.0318844 0.968016
0.00113234 0.107593 0.891274
9.9991E-05 0.0132728 0.986627
9.9991E-05 0.811551 0.188349
9.9991E-05 0.851475 0.148425
0.331221 0.564312 0.104467
0.33415 0.528369 0.137481
9.9991E-05 0.941758 0.0581419
9.9991E-05 0.963783 0.0361172
0.31905 0.524835 0.156115
0.328162 0.539155 0.132683
9.999E-05 0.9998 9.999E-05
0.0373739 0.922337 0.0402889
9.9991E-05 0.40943 0.59047
0.208248 0.685103 0.106649
0.175569 0.824331 9.9991E-05
0.0785537 9.9991E-05 0.921346
