9.999E-05 0.9998 9.999E-05
0.525226 0.474674 9.9991E-05
0.832659 0.0888177 0.0785238
0.9998 9.999E-05 9.999E-05
0.694378 0.305522 9.9991E-05
0.9998 9.999E-05 9.999E-05
0.367951 0.631949 9.99911E-05
0.841236 0.158664 9.9991E-05
0.361074 0.638826 9.9991E-05
0.0527298 0.94717 9.9991E-05
0.00788079 0.992019 9.9991E-05
0.0375339 0.962366 9.9991E-05
0.0493054 0.950595 9.99911E-05
0.972648 0.0018749 0.0254766
0.992145 9.9991E-05 0.00775489
0.0127393 0.987161 9.9991E-05
0.0300471 0.794595 0.175358
0.0487593 0.197517 0.753724
9.999E-05 9.999E-05 0.9998
9.999E-05 0.9998 9.999E-05
9.999E-05 9.999E-05 0.9998
9.999E-05 0.9998 9.999E-05
0.0805014 0.362317 0.557181
9.9991E-05 0.0145523 0.985348
0.9998 9.999E-05 9.999E-05
0.9998 9.999E-05 9.999E-05
9.999E-05 0.9998 9.999E-05
0.9998 9.999E-05 9.999E-05
0.9998 9.999E-05 9.999E-05
0.943635 0.00907911 0.0472855
0.930916 0.0200938 0.0489901
0.582487 0.417413 9.99911E-05
0.9998 9.999E-05 9.999E-05
0.82402 0.17588 9.9991E-05
0.0888298 0.909782 0.00138828
0.9998 9.999E-05 9.999E-05
0.0748172 0.925083 9.9991E-05
0.148172 0.840738 0.0110893
0.175433 0.640398 0.184169
0.0917299 0.90817 9.9991E-05
0.0871824 0.874073 0.038745
9.9991E-05 0.983145 0.0167549
0.00485661 0.995043 9.9991E-05
0.0198517 0.979186 0.000962156
0.0278948 0.816721 0.155384
0.106024 0.85677 0.0372052
0.169524 0.830376 9.9991E-05
9.999E-05 0.9998 9.999E-05
0.839702 0.133864 0.0264343
0.781346 0.189115 0.0295388
0.790637 0.174247 0.0351162
0.838802 0.122882 0.0383155
0.858484 0.118106 0.0234091
0.781396 0.186931 0.0316728
0.774829 0.225071 9.9991E-05
9.999E-05 0.9998 9.999E-05
0.570419 0.429481 9.9991E-05
0.9998 9.999E-05 9.999E-05
9.999E-05 0.9998 9.999E-05
0.0480514 0.951849 9.9991E-05
9.999E-05 0.9998 9.999E-05
9.999E-05 0.9998 9.999E-05
9.9991E-05 0.98635 0.01355
0.00225665 0.0986766 0.899067
0.9998 9.999E-05 9.999E-05
0.362433 0.599458 0.0381087
0.9998 9.999E-05 9.999E-05
0.9998 9.999E-05 9.999E-05
0.9998 9.999E-05 9.999E-05
0.9998 9.999E-05 9.999E-05
0.983577 0.0163234 9.9991E-05
0.9998 9.999E-05 9.999E-05
0.928258 0.0716416 9.99911E-05
0.83826 0.145157 0.0165827
0.9998 9.999E-05 9.999E-05
0.140172 0.859728 9.9991E-05
0.151232 0.848668 9.9991E-05
0.133452 0.595939 0.27061
0.115602 0.59746 0.286938
0.0462951 0.953605 9.9991E-05
0.0144969 0.985403 9.9991E-05
0.137812 0.591611 0.270577
0.132371 0.58716 0.280469
9.999E-05 0.9998 9.999E-05
0.0164188 0.948629 0.0349525
0.548716 0.451184 9.9991E-05
0.0980138 0.716771 0.185215
9.9991E-05 0.827578 0.172322
0.920812 9.9991E-05 0.0790885
