0.957568 9.99369E-05 9.99369E-05 9.99369E-05 9.99369E-05 9.99369E-05 0.00483943 9.99369E-05 9.99369E-05 0.0108949 0.0259984
0.0371833 0.130488 0.753104 0.0785244 9.99369E-05 9.99369E-05 9.99369E-05 9.99369E-05 9.99369E-05 9.99369E-05 9.99369E-05
9.99555E-05 0.784903 9.99555E-05 9.99555E-05 0.0771661 0.0369653 9.99555E-05 0.0473449 0.0237186 0.0294023 9.99555E-05
9.9937E-05 0.931992 9.9937E-05 9.9937E-05 9.9937E-05 9.9937E-05 0.00262744 9.9937E-05 0.018105 0.0465762 9.9937E-05
0.0509034 0.387988 0.0767986 0.0460344 9.99641E-05 9.99641E-05 9.99641E-05 0.285056 0.0913216 9.99641E-05 0.0614981
9.99191E-05 0.990063 9.99191E-05 0.00903796 9.99191E-05 9.99191E-05 9.99191E-05 9.99191E-05 9.99191E-05 9.99191E-05 9.99191E-05
9.99188E-05 9.99188E-05 9.99188E-05 9.99188E-05 0.00732468 9.99188E-05 9.99188E-05 0.991776 9.99188E-05 9.99188E-05 9.99188E-05
9.9964E-05 0.368952 0.0981707 0.00358645 9.9964E-05 9.9964E-05 9.9964E-05 0.214665 0.233311 0.0258149 0.0550996
9.99188E-05 9.99188E-05 9.99188E-05 9.99188E-05 9.99188E-05 9.99188E-05 0.0550467 0.944054 9.99188E-05 9.99188E-05 9.99188E-05
9.99189E-05 9.99189E-05 9.99189E-05 9.99189E-05 9.99189E-05 9.99189E-05 9.99189E-05 0.174744 9.99189E-05 9.99189E-05 0.824357
9.99101E-05 9.99101E-05 9.99101E-05 9.99101E-05 9.99101E-05 9.99101E-05 9.99101E-05 0.17624 9.99101E-05 9.99101E-05 0.82286
0.689786 0.0288435 9.9946E-05 9.9946E-05 0.163843 9.9946E-05 9.9946E-05 0.00697804 9.9946E-05 0.109949 9.9946E-05
9.99192E-05 9.99192E-05 9.99192E-05 9.99192E-05 0.953078 9.99192E-05 9.99192E-05 0.0460225 9.99192E-05 9.99192E-05 9.99192E-05
0.0429956 0.880636 0.0106316 0.0538681 9.9946E-05 0.0112691 9.9946E-05 9.9946E-05 9.9946E-05 9.9946E-05 9.9946E-05
0.0425235 0.943332 9.9928E-05 9.9928E-05 9.9928E-05 0.0133448 9.9928E-05 9.9928E-05 9.9928E-05 9.9928E-05 9.9928E-05
9.9928E-05 9.9928E-05 9.9928E-05 9.9928E-05 0.15239 9.9928E-05 0.755441 9.9928E-05 9.9928E-05 9.9928E-05 0.0913691
9.99188E-05 9.99188E-05 9.99188E-05 0.933279 9.99188E-05 9.99188E-05 9.99188E-05 9.99188E-05 9.99188E-05 9.99188E-05 0.0658215
9.99459E-05 9.99459E-05 0.0681274 9.99459E-05 9.99459E-05 0.715149 0.0323016 9.99459E-05 0.0262846 9.99459E-05 0.157537
9.9919E-05 9.9919E-05 9.9919E-05 9.9919E-05 9.9919E-05 0.916559 9.9919E-05 9.9919E-05 9.9919E-05 0.0825417 9.9919E-05
0.0874932 9.99459E-05 9.99459E-05 0.0256311 9.99459E-05 9.99459E-05 0.312813 9.99459E-05 9.99459E-05 0.0520405 0.521423
9.99101E-05 9.99101E-05 9.99101E-05 9.99101E-05 9.99101E-05 0.999001 9.99101E-05 9.99101E-05 9.99101E-05 9.99101E-05 9.99101E-05
0.471664 9.99549E-05 9.99549E-05 0.0350975 0.0858743 9.99549E-05 0.259411 9.99549E-05 9.99549E-05 0.0205929 0.12686
9.99371E-05 9.99371E-05 9.99371E-05 0.363105 9.99371E-05 0.34681 9.99371E-05 9.99371E-05 9.99371E-05 0.195748 0.0936368
9.99369E-05 9.99369E-05 9.99369E-05 0.0355355 9.99369E-05 0.876767 9.99369E-05 9.99369E-05 9.99369E-05 0.0620645 0.0249334
9.99102E-05 0.999001 9.99102E-05 9.99102E-05 9.99102E-05 9.99102E-05 9.99102E-05 9.99102E-05 9.99102E-05 9.99102E-05 9.99102E-05
9.99101E-05 0.999001 9.99101E-05 9.99101E-05 9.99101E-05 9.99101E-05 9.99101E-05 9.99101E-05 9.99101E-05 9.99101E-05 9.99101E-05
0.0967644 9.99459E-05 9.99459E-05 0.0378165 0.780968 9.99459E-05 9.99459E-05 9.99459E-05 9.99459E-05 0.0386119 0.0452397
9.9955E-05 0.956102 0.00630553 9.9955E-05 0.00154797 9.9955E-05 0.013895 0.00488975 0.0167603 9.9955E-05 9.9955E-05
9.9937E-05 0.90628 9.9937E-05 9.9937E-05 0.00535318 9.9937E-05 0.0216828 9.9937E-05 0.0659848 9.9937E-05 9.9937E-05
9.99641E-05 0.695507 0.0466709 0.00594419 0.0345554 0.0215817 9.99641E-05 9.99641E-05 0.182745 0.0125958 9.99641E-05
9.9955E-05 0.64562 9.9955E-05 0.0532691 9.9955E-05 9.9955E-05 9.9955E-05 0.0682981 0.197509 0.0321911 0.00261256
9.99102E-05 9.99102E-05 0.999001 9.99102E-05 9.99102E-05 9.99102E-05 9.99102E-05 9.99102E-05 9.99102E-05 9.99102E-05 9.99102E-05
9.99282E-05 0.981208 9.99282E-05 9.99282E-05 9.99282E-05 9.99282E-05 0.010612 0.00738087 9.99282E-05 9.99282E-05 9.99282E-05
9.99372E-05 0.0690919 0.0207003 9.99372E-05 9.99372E-05 9.99372E-05 9.99372E-05 0.0631438 0.846364 9.99372E-05 9.99372E-05
0.0462593 9.99548E-05 9.99548E-05 0.284466 0.489038 9.99548E-05 9.99548E-05 9.99548E-05 0.0117545 0.10384 0.0641424
9.99369E-05 0.95646 9.99369E-05 0.0263563 0.0124763 9.99369E-05 9.99369E-05 0.0040082 9.99369E-05 9.99369E-05 9.99369E-05
0.98742 0.0116805 9.9919E-05 9.9919E-05 9.9919E-05 9.9919E-05 9.9919E-05 9.9919E-05 9.9919E-05 9.9919E-05 9.9919E-05
0.0944461 0.00912213 0.195852 0.0539281 9.99639E-05 0.0153159 9.99639E-05 0.00592676 9.99639E-05 9.99639E-05 0.625009
9.99101E-05 9.99101E-05 9.99101E-05 0.999001 9.99101E-05 9.99101E-05 9.99101E-05 9.99101E-05 9.99101E-05 9.99101E-05 9.99101E-05
0.209145 0.0976336 9.99459E-05 0.125333 9.99459E-05 9.99459E-05 0.21085 9.99459E-05 9.99459E-05 9.99459E-05 0.356438
0.263129 0.0733812 0.0328547 0.0636091 9.99549E-05 9.99549E-05 0.137892 9.99549E-05 9.99549E-05 9.99549E-05 0.428633
0.0106575 9.9919E-05 9.9919E-05 9.9919E-05 9.9919E-05 9.9919E-05 9.9919E-05 9.9919E-05 9.9919E-05 9.9919E-05 0.988443
0.00673715 9.9955E-05 9.9955E-05 9.9955E-05 0.0350998 0.00995399 0.832101 0.071719 9.9955E-05 9.9955E-05 0.0438888
9.9928E-05 9.9928E-05 9.9928E-05 9.9928E-05 0.0327492 9.9928E-05 9.9928E-05 9.9928E-05 9.9928E-05 0.000818968 0.965632
0.0179844 9.9964E-05 0.0627898 9.9964E-05 0.191619 0.100491 0.0808153 9.9964E-05 9.9964E-05 0.0960954 0.449805
0.147358 0.069926 9.9964E-05 9.9964E-05 0.0181838 0.0338746 0.186037 9.9964E-05 9.9964E-05 0.00773785 0.536482
0.178879 0.0553614 9.9964E-05 0.217094 0.16479 9.9964E-05 9.9964E-05 9.9964E-05 0.0709013 0.00773632 0.304839
0.976376 9.99195E-05 9.99195E-05 9.99195E-05 9.99195E-05 0.0227245 9.99195E-05 9.99195E-05 9.99195E-05 9.99195E-05 9.99195E-05
9.99101E-05 9.99101E-05 9.99101E-05 9.99101E-05 9.99101E-05 9.99101E-05 9.99101E-05 9.99101E-05 0.999001 9.99101E-05 9.99101E-05
9.99101E-05 9.99101E-05 9.99101E-05 9.99101E-05 9.99101E-05 9.99101E-05 9.99101E-05 9.99101E-05 0.999001 9.99101E-05 9.99101E-05
9.99191E-05 9.99191E-05 9.99191E-05 9.99191E-05 9.99191E-05 9.99191E-05 0.0175279 9.99191E-05 0.981573 9.99191E-05 9.99191E-05
9.99191E-05 9.99191E-05 9.99191E-05 9.99191E-05 9.99191E-05 0.0150864 9.99191E-05 9.99191E-05 0.984014 9.99191E-05 9.99191E-05
9.99101E-05 9.99101E-05 9.99101E-05 9.99101E-05 9.99101E-05 9.99101E-05 9.99101E-05 9.99101E-05 0.999001 9.99101E-05 9.99101E-05
9.99641E-05 0.266272 0.0833095 9.99641E-05 0.0281149 0.0192929 9.99641E-05 0.161103 0.422224 9.99641E-05 0.0192843
9.9928E-05 9.9928E-05 0.0833013 9.9928E-05 9.9928E-05 9.9928E-05 0.00931385 9.9928E-05 0.906585 9.9928E-05 9.9928E-05
0.789044 9.99279E-05 9.99279E-05 9.99279E-05 0.012953 9.99279E-05 0.197203 9.99279E-05 9.99279E-05 9.99279E-05 9.99279E-05
9.99279E-05 9.99279E-05 0.916648 9.99279E-05 9.99279E-05 9.99279E-05 9.99279E-05 0.0648758 0.0176773 9.99279E-05 9.99279E-05
0.00996812 0.981745 9.99279E-05 0.00748756 9.99279E-05 9.99279E-05 9.99279E-05 9.99279E-05 9.99279E-05 9.99279E-05 9.99279E-05
0.00476632 9.9946E-05 9.9946E-05 9.9946E-05 0.86812 9.9946E-05 0.107233 9.9946E-05 0.00536394 0.0139173 9.9946E-05
9.99192E-05 9.99192E-05 9.99192E-05 9.99192E-05 0.0726215 9.99192E-05 0.926479 9.99192E-05 9.99192E-05 9.99192E-05 9.99192E-05
9.99192E-05 9.99192E-05 9.99192E-05 9.99192E-05 0.960422 9.99192E-05 9.99192E-05 0.0386791 9.99192E-05 9.99192E-05 9.99192E-05
0.0100127 9.99369E-05 9.99369E-05 9.99369E-05 0.890634 9.99369E-05 0.0185538 9.99369E-05 9.99369E-05 9.99369E-05 0.0801004
9.99279E-05 9.99279E-05 9.99279E-05 9.99279E-05 0.81612 9.99279E-05 9.99279E-05 9.99279E-05 9.99279E-05 0.0344507 0.14863
0.0930595 0.00563443 9.99371E-05 9.99371E-05 9.99371E-05 0.892002 9.99371E-05 9.99371E-05 0.00860468 9.99371E-05 9.99371E-05
9.99282E-05 0.971888 9.99282E-05 9.99282E-05 9.99282E-05 9.99282E-05 9.99282E-05 9.99282E-05 9.99282E-05 0.0197208 0.00759205
0.064704 0.163817 0.0169227 0.102534 0.0548647 0.0350824 0.268789 0.0905216 0.199399 0.00326488 9.9991E-05
9.99282E-05 0.95825 9.99282E-05 9.99282E-05 9.99282E-05 9.99282E-05 0.0378262 9.99282E-05 0.0031249 9.99282E-05 9.99282E-05
0.0373716 0.910978 9.99369E-05 0.045967 9.99369E-05 9.99369E-05 9.99369E-05 0.00498398 9.99369E-05 9.99369E-05 9.99369E-05
9.99369E-05 0.889477 9.99369E-05 9.99369E-05 9.99369E-05 9.99369E-05 0.0541727 0.0181346 0.0375159 9.99369E-05 9.99369E-05
9.99282E-05 0.950336 0.0118504 9.99282E-05 9.99282E-05 9.99282E-05 0.0370143 9.99282E-05 9.99282E-05 9.99282E-05 9.99282E-05
0.00834341 0.913276 9.99531E-05 0.000407024 9.99531E-05 9.99531E-05 9.99531E-05 0.008832 9.99531E-05 9.99531E-05 0.0685415
9.99189E-05 0.968938 9.99189E-05 0.030163 9.99189E-05 9.99189E-05 9.99189E-05 9.99189E-05 9.99189E-05 9.99189E-05 9.99189E-05
9.99283E-05 0.464006 9.99283E-05 9.99283E-05 9.99283E-05 9.99283E-05 9.99283E-05 0.273058 0.262137 9.99283E-05 9.99283E-05
9.99283E-05 0.462427 9.99283E-05 9.99283E-05 9.99283E-05 9.99283E-05 9.99283E-05 0.426753 0.110021 9.99283E-05 9.99283E-05
9.99371E-05 0.95702 9.99371E-05 9.99371E-05 9.99371E-05 9.99371E-05 0.0395614 9.99371E-05 0.000587269 0.00213168 9.99371E-05
9.9919E-05 9.9919E-05 0.0252957 9.9919E-05 9.9919E-05 9.9919E-05 0.973805 9.9919E-05 9.9919E-05 9.9919E-05 9.9919E-05
9.9919E-05 9.9919E-05 9.9919E-05 9.9919E-05 9.9919E-05 9.9919E-05 0.997329 9.9919E-05 0.00177142 9.9919E-05 9.9919E-05
9.99101E-05 9.99101E-05 9.99101E-05 9.99101E-05 9.99101E-05 9.99101E-05 9.99101E-05 9.99101E-05 9.99101E-05 0.999001 9.99101E-05
9.99191E-05 9.99191E-05 9.99191E-05 9.99191E-05 0.0144692 9.99191E-05 9.99191E-05 9.99191E-05 9.99191E-05 0.984632 9.99191E-05
0.00409961 9.99459E-05 0.080621 9.99459E-05 0.00680634 9.99459E-05 0.0635553 9.99459E-05 9.99459E-05 9.99459E-05 0.844318
9.99369E-05 9.99369E-05 0.05738 9.99369E-05 0.0838935 9.99369E-05 0.0727512 9.99369E-05 9.99369E-05 9.99369E-05 0.785276
9.99461E-05 9.99461E-05 9.99461E-05 0.000379479 9.99461E-05 9.99461E-05 0.0112933 0.00349349 0.00239393 0.98184 9.99461E-05
9.99101E-05 9.99101E-05 9.99101E-05 9.99101E-05 9.99101E-05 9.99101E-05 9.99101E-05 9.99101E-05 9.99101E-05 0.999001 9.99101E-05
0.926595 9.99369E-05 9.99369E-05 9.99369E-05 0.0387834 9.99369E-05 0.0299061 9.99369E-05 0.00401603 9.99369E-05 9.99369E-05
9.99549E-05 9.99549E-05 0.0756476 9.99549E-05 0.140152 0.0711943 0.39771 0.0520772 9.99549E-05 9.99549E-05 0.262719
9.99201E-05 9.99201E-05 0.916774 9.99201E-05 9.99201E-05 9.99201E-05 9.99201E-05 0.0463462 0.0360808 9.99201E-05 9.99201E-05
9.99552E-05 0.0216348 9.99552E-05 0.320824 0.256545 0.057272 9.99552E-05 9.99552E-05 9.99552E-05 0.116346 0.226878
0.142988 9.99461E-05 9.99461E-05 0.396762 0.287895 0.0249694 9.99461E-05 9.99461E-05 9.99461E-05 0.146786 9.99461E-05
9.99552E-05 0.60868 0.0407233 9.99552E-05 9.99552E-05 0.0479497 9.99552E-05 0.122304 0.147474 0.0323691 9.99552E-05
