0.00654912 9.99279E-05 9.99279E-05 9.99279E-05 9.99279E-05 0.95562 0.0370314 9.99279E-05 9.99279E-05 9.99279E-05 9.99279E-05
0.0448969 9.99549E-05 9.99549E-05 0.0201604 9.99549E-05 0.0612838 0.0203379 9.99549E-05 0.166005 9.99549E-05 0.686816
0.0251672 0.0191363 0.125785 9.99554E-05 9.99554E-05 9.99554E-05 9.99554E-05 0.177664 0.6451 9.99554E-05 0.00664775
0.00802011 9.9955E-05 9.9955E-05 0.00880851 0.0129305 9.9955E-05 0.0121151 0.0206155 0.93701 9.9955E-05 9.9955E-05
9.99551E-05 9.99551E-05 0.246545 9.99551E-05 0.0665624 0.0825508 0.0954279 9.99551E-05 0.471436 9.99551E-05 0.0369774
9.99101E-05 9.99101E-05 9.99101E-05 9.99101E-05 9.99101E-05 9.99101E-05 9.99101E-05 9.99101E-05 0.999001 9.99101E-05 9.99101E-05
9.99101E-05 9.99101E-05 0.999001 9.99101E-05 9.99101E-05 9.99101E-05 9.99101E-05 9.99101E-05 9.99101E-05 9.99101E-05 9.99101E-05
0.00705116 9.9964E-05 0.170043 9.9964E-05 0.189384 9.9964E-05 0.0568299 0.314967 0.131798 9.9964E-05 0.129527
9.99368E-05 9.99368E-05 0.921944 0.0364198 0.00947371 9.99368E-05 9.99368E-05 9.99368E-05 9.99368E-05 9.99368E-05 0.0314627
9.99189E-05 9.99189E-05 0.157031 9.99189E-05 9.99189E-05 9.99189E-05 0.842069 9.99189E-05 9.99189E-05 9.99189E-05 9.99189E-05
9.9919E-05 9.9919E-05 0.141094 9.9919E-05 9.9919E-05 9.9919E-05 0.858007 9.9919E-05 9.9919E-05 9.9919E-05 9.9919E-05
0.156182 0.156637 0.0189634 9.9946E-05 9.9946E-05 0.64118 9.9946E-05 0.0264389 9.9946E-05 9.9946E-05 9.9946E-05
9.99191E-05 0.914507 0.0845935 9.99191E-05 9.99191E-05 9.99191E-05 9.99191E-05 9.99191E-05 9.99191E-05 9.99191E-05 9.99191E-05
9.9919E-05 9.9919E-05 9.9919E-05 9.9919E-05 9.9919E-05 9.9919E-05 9.9919E-05 9.9919E-05 0.973839 0.0252617 9.9919E-05
9.9928E-05 9.9928E-05 9.9928E-05 9.9928E-05 9.9928E-05 0.0152982 9.9928E-05 9.9928E-05 0.98362 0.000281957 9.9928E-05
9.9928E-05 0.149164 9.9928E-05 0.83402 9.9928E-05 9.9928E-05 0.0160167 9.9928E-05 9.9928E-05 9.9928E-05 9.9928E-05
0.273176 0.24829 9.9973E-05 0.05734 0.00304379 0.0123726 0.322518 9.9973E-05 0.0215234 0.0614362 9.9973E-05
9.99549E-05 9.99549E-05 9.99549E-05 0.10476 0.0308843 0.00423579 0.101303 9.99549E-05 9.99549E-05 0.712377 0.0459397
0.0853205 9.9919E-05 9.9919E-05 9.9919E-05 9.9919E-05 9.9919E-05 9.9919E-05 9.9919E-05 9.9919E-05 0.91378 9.9919E-05
0.0702792 9.99369E-05 9.99369E-05 0.334985 9.99369E-05 0.114828 0.479209 9.99369E-05 9.99369E-05 9.99369E-05 9.99369E-05
9.99101E-05 9.99101E-05 9.99101E-05 9.99101E-05 9.99101E-05 9.99101E-05 9.99101E-05 9.99101E-05 9.99101E-05 0.999001 9.99101E-05
0.0044989 0.0666256 9.99459E-05 0.258217 9.99459E-05 0.527764 0.142294 9.99459E-05 9.99459E-05 9.99459E-05 9.99459E-05
0.32269 9.99371E-05 9.99371E-05 9.99371E-05 9.99371E-05 9.99371E-05 0.285556 0.00818932 9.99371E-05 0.382865 9.99371E-05
0.0725258 9.9928E-05 9.9928E-05 9.9928E-05 9.9928E-05 9.9928E-05 0.0373967 9.9928E-05 9.9928E-05 0.889278 9.9928E-05
9.99191E-05 9.99191E-05 9.99191E-05 9.99191E-05 9.99191E-05 9.99191E-05 9.99191E-05 0.5586 0.440501 9.99191E-05 9.99191E-05
9.9919E-05 9.9919E-05 9.9919E-05 9.9919E-05 9.9919E-05 9.9919E-05 9.9919E-05 0.217812 0.781289 9.9919E-05 9.9919E-05
0.0372378 0.800407 9.99459E-05 0.0204177 9.99459E-05 0.0604137 0.080924 9.99459E-05 9.99459E-05 9.99459E-05 9.99459E-05
9.99101E-05 9.99101E-05 9.99101E-05 9.99101E-05 9.99101E-05 9.99101E-05 9.99101E-05 0.999001 9.99101E-05 9.99101E-05 9.99101E-05
9.99101E-05 9.99101E-05 9.99101E-05 9.99101E-05 9.99101E-05 9.99101E-05 9.99101E-05 0.999001 9.99101E-05 9.99101E-05 9.99101E-05
0.0324685 9.99462E-05 9.99462E-05 9.99462E-05 0.226075 9.99462E-05 9.99462E-05 0.451566 0.270384 0.0189073 9.99462E-05
0.0390688 9.9964E-05 0.00700526 9.9964E-05 0.1879 9.9964E-05 0.0424099 0.341885 0.379972 9.9964E-05 0.0013594
9.99102E-05 9.99102E-05 9.99102E-05 9.99102E-05 9.99102E-05 9.99102E-05 9.99102E-05 9.99102E-05 9.99102E-05 9.99102E-05 0.999001
9.99281E-05 9.99281E-05 9.99281E-05 0.0090778 9.99281E-05 9.99281E-05 9.99281E-05 0.327013 0.66311 9.99281E-05 9.99281E-05
0.00321089 9.99372E-05 0.0365795 9.99372E-05 0.798604 9.99372E-05 9.99372E-05 0.160906 9.99372E-05 9.99372E-05 9.99372E-05
0.187742 0.595572 9.99458E-05 9.99458E-05 9.99458E-05 0.01537 0.132382 0.068334 9.99458E-05 9.99458E-05 9.99458E-05
9.99279E-05 0.00548054 9.99279E-05 9.99279E-05 9.99279E-05 9.99279E-05 9.99279E-05 0.575352 0.418368 9.99279E-05 9.99279E-05
0.0130958 9.9937E-05 9.9937E-05 9.9937E-05 9.9937E-05 0.960034 9.9937E-05 0.0157507 0.01042 9.9937E-05 9.9937E-05
9.9937E-05 9.9937E-05 9.9937E-05 9.9937E-05 9.9937E-05 0.0692338 0.635499 9.9937E-05 9.9937E-05 0.00805063 0.286517
0.347592 0.185019 9.99641E-05 0.0312315 9.99641E-05 0.0024143 0.226164 9.99641E-05 0.17619 0.0309891 9.99641E-05
0.000353565 9.99459E-05 9.99459E-05 0.265778 9.99459E-05 0.197582 0.394715 9.99459E-05 0.140972 9.99459E-05 9.99459E-05
0.0367798 9.996E-05 9.996E-05 0.225786 9.996E-05 0.231519 0.381933 9.996E-05 0.0878924 0.00373867 0.031952
9.9937E-05 0.00602424 9.9937E-05 0.0186829 9.9937E-05 0.0321589 0.942434 9.9937E-05 9.9937E-05 9.9937E-05 9.9937E-05
9.99459E-05 9.99459E-05 0.0910131 0.844575 9.99459E-05 0.0323062 0.0078997 9.99459E-05 9.99459E-05 0.0236063 9.99459E-05
9.9946E-05 0.0291817 9.9946E-05 9.9946E-05 0.0159841 0.0119461 0.93957 0.00271871 9.9946E-05 9.9946E-05 9.9946E-05
0.0981608 0.180771 9.9964E-05 0.0752342 9.9964E-05 0.0373169 0.461932 9.9964E-05 9.9964E-05 0.0895647 0.0566201
0.011594 0.0173301 9.998E-05 0.177805 0.00679805 0.118186 0.558455 9.998E-05 0.0592127 0.0212285 0.0291896
0.0570976 0.262046 9.9964E-05 9.9964E-05 0.0471947 0.188527 0.325401 0.00633301 0.113002 9.9964E-05 9.9964E-05
9.99107E-05 9.99107E-05 9.99107E-05 9.99107E-05 9.99107E-05 0.999001 9.99107E-05 9.99107E-05 9.99107E-05 9.99107E-05 9.99107E-05
9.99101E-05 9.99101E-05 9.99101E-05 9.99101E-05 0.999001 9.99101E-05 9.99101E-05 9.99101E-05 9.99101E-05 9.99101E-05 9.99101E-05
9.9928E-05 9.9928E-05 9.9928E-05 9.9928E-05 0.98553 9.9928E-05 0.00795168 9.9928E-05 9.9928E-05 0.00571921 9.9928E-05
9.9928E-05 9.9928E-05 9.9928E-05 0.0443903 0.949386 9.9928E-05 0.00542398 9.9928E-05 9.9928E-05 9.9928E-05 9.9928E-05
9.99191E-05 9.99191E-05 9.99191E-05 9.99191E-05 0.996888 0.00221293 9.99191E-05 9.99191E-05 9.99191E-05 9.99191E-05 9.99191E-05
9.99101E-05 9.99101E-05 9.99101E-05 9.99101E-05 0.999001 9.99101E-05 9.99101E-05 9.99101E-05 9.99101E-05 9.99101E-05 9.99101E-05
0.000536071 9.99641E-05 0.132734 9.99641E-05 0.433815 9.99641E-05 0.0249187 0.235072 9.99641E-05 0.0336735 0.138851
0.000810214 9.9934E-05 9.9934E-05 9.9934E-05 0.940603 9.9934E-05 9.9934E-05 9.9934E-05 9.9934E-05 9.9934E-05 0.0577876
9.99278E-05 0.0222232 9.99278E-05 0.158379 9.99278E-05 0.818598 9.99278E-05 9.99278E-05 9.99278E-05 9.99278E-05 9.99278E-05
0.00465249 9.99549E-05 0.0188916 0.0329244 0.018279 9.99549E-05 9.99549E-05 0.0174327 9.99549E-05 9.99549E-05 0.90732
9.99188E-05 9.99188E-05 9.99188E-05 9.99188E-05 9.99188E-05 9.99188E-05 9.99188E-05 0.361431 0.63767 9.99188E-05 9.99188E-05
0.00624367 0.828723 9.9946E-05 0.134491 0.00504186 0.0249011 9.9946E-05 9.9946E-05 9.9946E-05 9.9946E-05 9.9946E-05
9.99192E-05 0.0624794 9.99192E-05 0.936621 9.99192E-05 9.99192E-05 9.99192E-05 9.99192E-05 9.99192E-05 9.99192E-05 9.99192E-05
9.99192E-05 0.910194 0.0889071 9.99192E-05 9.99192E-05 9.99192E-05 9.99192E-05 9.99192E-05 9.99192E-05 9.99192E-05 9.99192E-05
9.99369E-05 0.879236 9.99369E-05 0.00677774 9.99369E-05 9.99369E-05 0.106924 9.99369E-05 9.99369E-05 9.99369E-05 0.00636318
0.0151565 0.897126 9.99279E-05 9.99279E-05 9.99279E-05 9.99279E-05 0.086918 9.99279E-05 9.99279E-05 9.99279E-05 9.99279E-05
9.99282E-05 9.99282E-05 9.99282E-05 9.99282E-05 9.99282E-05 0.080593 0.0359592 9.99282E-05 9.99282E-05 0.882648 9.99282E-05
9.99192E-05 9.99192E-05 9.99192E-05 9.99192E-05 9.99192E-05 9.99192E-05 9.99192E-05 0.639966 0.359135 9.99192E-05 9.99192E-05
0.00471604 0.0371073 9.9982E-05 0.16025 0.053224 9.9982E-05 0.238582 0.142012 0.259654 0.0526653 0.0515889
9.99283E-05 9.99283E-05 0.00997287 9.99283E-05 0.00454852 9.99283E-05 9.99283E-05 9.99283E-05 0.984679 9.99283E-05 9.99283E-05
9.9937E-05 0.0181524 9.9937E-05 9.9937E-05 0.0286192 9.9937E-05 9.9937E-05 0.206938 0.745591 9.9937E-05 9.9937E-05
9.99101E-05 9.99101E-05 9.99101E-05 9.99101E-05 9.99101E-05 9.99101E-05 9.99101E-05 0.999001 9.99101E-05 9.99101E-05 9.99101E-05
9.9928E-05 9.9928E-05 9.9928E-05 0.00309294 9.9928E-05 0.00512763 9.9928E-05 0.99098 9.9928E-05 9.9928E-05 9.9928E-05
0.0166227 9.99461E-05 9.99461E-05 9.99461E-05 9.99461E-05 9.99461E-05 0.0490723 0.203147 0.687126 9.99461E-05 0.0434325
0.00787014 9.99279E-05 9.99279E-05 9.99279E-05 9.99279E-05 9.99279E-05 9.99279E-05 0.469493 0.521837 9.99279E-05 9.99279E-05
9.99373E-05 9.99373E-05 0.22301 9.99373E-05 0.249246 9.99373E-05 9.99373E-05 0.396817 0.130227 9.99373E-05 9.99373E-05
9.99283E-05 9.99283E-05 0.373105 9.99283E-05 0.0615244 9.99283E-05 9.99283E-05 0.564572 9.99283E-05 9.99283E-05 9.99283E-05
9.9946E-05 9.9946E-05 9.9946E-05 0.0110677 0.040193 0.00573922 9.9946E-05 0.0903966 0.852004 9.9946E-05 9.9946E-05
9.9919E-05 9.9919E-05 9.9919E-05 0.985456 0.0136446 9.9919E-05 9.9919E-05 9.9919E-05 9.9919E-05 9.9919E-05 9.9919E-05
9.99189E-05 9.99189E-05 9.99189E-05 0.965915 0.0331862 9.99189E-05 9.99189E-05 9.99189E-05 9.99189E-05 9.99189E-05 9.99189E-05
0.999001 9.99101E-05 9.99101E-05 9.99101E-05 9.99101E-05 9.99101E-05 9.99101E-05 9.99101E-05 9.99101E-05 9.99101E-05 9.99101E-05
0.999001 9.99101E-05 9.99101E-05 9.99101E-05 9.99101E-05 9.99101E-05 9.99101E-05 9.99101E-05 9.99101E-05 9.99101E-05 9.99101E-05
9.99279E-05 9.99279E-05 9.99279E-05 0.136871 9.99279E-05 9.99279E-05 0.783757 9.99279E-05 9.99279E-05 9.99279E-05 0.0785723
9.99549E-05 0.0113275 0.00760872 0.141875 9.99549E-05 0.0010894 0.783342 9.99549E-05 9.99549E-05 9.99549E-05 0.0542582
0.981313 9.9928E-05 0.0111 0.00678753 9.9928E-05 9.9928E-05 9.9928E-05 9.9928E-05 9.9928E-05 9.9928E-05 9.9928E-05
0.999001 9.99101E-05 9.99101E-05 9.99101E-05 9.99101E-05 9.99101E-05 9.99101E-05 9.99101E-05 9.99101E-05 9.99101E-05 9.99101E-05
9.99279E-05 0.0459398 9.99279E-05 9.99279E-05 0.00445277 0.948808 9.99279E-05 9.99279E-05 9.99279E-05 9.99279E-05 9.99279E-05
9.99639E-05 0.168849 0.0914727 0.391197 9.99639E-05 0.00550795 0.242637 9.99639E-05 9.99639E-05 0.0642834 0.0356527
9.9928E-05 9.9928E-05 0.0279229 9.9928E-05 0.0509087 9.9928E-05 9.9928E-05 9.9928E-05 9.9928E-05 9.9928E-05 0.920369
0.19521 0.38319 9.99462E-05 9.99462E-05 9.99462E-05 9.99462E-05 0.28046 9.99462E-05 0.0546321 0.0859089 9.99462E-05
0.283141 0.436637 9.99551E-05 0.0325756 9.99551E-05 0.159421 9.99551E-05 9.99551E-05 0.015679 0.0720462 9.99551E-05
0.0382215 9.99731E-05 0.0426115 9.99731E-05 0.168845 9.99731E-05 0.0132912 0.598547 0.102966 0.0276934 0.00752372
