9.99549E-05 9.99549E-05 0.929499 9.99549E-05 9.99549E-05 9.99549E-05 0.00314928 0.0668521
9.99729E-05 0.568291 0.145262 0.214361 9.99729E-05 9.99729E-05 0.0442885 0.0274978
9.99732E-05 0.0620657 9.99732E-05 0.816219 0.0788007 0.0160014 0.0266134 9.99732E-05
9.9955E-05 9.9955E-05 9.9955E-05 0.966235 9.9955E-05 9.9955E-05 0.0271729 0.00609252
0.0750502 0.265685 0.0112544 0.4407 9.99731E-05 9.99731E-05 9.99731E-05 0.207011
9.9946E-05 9.9946E-05 9.9946E-05 0.970606 9.9946E-05 9.9946E-05 9.9946E-05 0.0287946
9.9946E-05 0.788171 9.9946E-05 9.9946E-05 0.211229 9.9946E-05 9.9946E-05 9.9946E-05
0.202701 0.372646 9.9964E-05 0.394029 9.9964E-05 9.9964E-05 0.0302244 9.9964E-05
9.99459E-05 0.813888 9.99459E-05 9.99459E-05 0.185512 9.99459E-05 9.99459E-05 9.99459E-05
9.99461E-05 0.0913262 9.99461E-05 9.99461E-05 9.99461E-05 9.99461E-05 9.99461E-05 0.908074
9.99461E-05 0.0523845 9.99461E-05 9.99461E-05 9.99461E-05 9.99461E-05 9.99461E-05 0.947016
9.9964E-05 9.9964E-05 0.680975 0.0455849 0.144873 9.9964E-05 0.128167 9.9964E-05
9.99461E-05 9.99461E-05 9.99461E-05 0.0220993 0.977301 9.99461E-05 9.99461E-05 9.99461E-05
9.9964E-05 9.9964E-05 0.0361832 0.935759 9.9964E-05 0.0256624 0.00199598 9.9964E-05
9.9946E-05 9.9946E-05 0.0737953 0.925605 9.9946E-05 9.9946E-05 9.9946E-05 9.9946E-05
0.0112396 0.116418 0.0780416 0.00796215 0.331633 9.9982E-05 9.9982E-05 0.454506
9.9973E-05 9.9973E-05 0.000513948 9.9973E-05 0.197163 0.0639712 0.311946 0.426105
0.0290343 0.0636547 0.0319804 9.99729E-05 9.99729E-05 0.698104 9.99729E-05 0.176926
9.9946E-05 9.9946E-05 9.9946E-05 9.9946E-05 9.9946E-05 0.92647 0.0729298 9.9946E-05
9.9964E-05 9.9964E-05 0.127061 9.9964E-05 0.0546694 9.9964E-05 0.0662911 0.751578
9.994E-05 9.994E-05 9.994E-05 9.994E-05 9.994E-05 0.9993 9.994E-05 9.994E-05
9.9964E-05 9.9964E-05 0.558833 0.00624038 0.109433 9.9964E-05 9.9964E-05 0.325094
9.9964E-05 9.9964E-05 9.9964E-05 0.0345358 9.9964E-05 0.398402 0.335475 0.231188
9.9955E-05 9.9955E-05 9.9955E-05 9.9955E-05 9.9955E-05 0.872089 0.102716 0.0246951
9.994E-05 9.994E-05 9.994E-05 0.9993 9.994E-05 9.994E-05 9.994E-05 9.994E-05
9.994E-05 9.994E-05 9.994E-05 0.9993 9.994E-05 9.994E-05 9.994E-05 9.994E-05
9.99639E-05 9.99639E-05 0.0754938 9.99639E-05 0.773026 9.99639E-05 0.055453 0.0956274
0.0619752 9.9946E-05 9.9946E-05 0.937425 9.9946E-05 9.9946E-05 9.9946E-05 9.9946E-05
0.0405049 0.015839 9.9964E-05 0.93468 0.00857643 9.9964E-05 9.9964E-05 9.9964E-05
0.247759 0.037152 9.99821E-05 0.674493 0.00147643 0.0217102 0.0172102 9.99821E-05
0.208363 0.127026 9.9964E-05 0.604891 9.9964E-05 9.9964E-05 0.0593204 9.9964E-05
0.113428 0.830638 0.0542876 9.9964E-05 9.9964E-05 9.9964E-05 0.0012461 9.9964E-05
9.994E-05 9.994E-05 9.994E-05 0.9993 9.994E-05 9.994E-05 9.994E-05 9.994E-05
0.842991 0.0733091 0.00419976 0.0791004 9.99641E-05 9.99641E-05 9.99641E-05 9.99641E-05
0.00621379 9.99819E-05 0.0805879 0.0715398 0.526693 9.99819E-05 0.218362 0.0964029
9.99639E-05 0.0146421 0.0222302 0.953599 0.00912925 9.99639E-05 9.99639E-05 9.99639E-05
9.9955E-05 9.9955E-05 0.976849 0.00855506 9.9955E-05 9.9955E-05 0.0140963 9.9955E-05
0.0193956 0.179852 0.0516839 0.0230681 9.9982E-05 0.0122899 9.9982E-05 0.713511
9.99731E-05 9.99731E-05 9.99731E-05 0.11641 0.151568 0.0364834 0.364993 0.330246
9.99549E-05 9.99549E-05 0.277214 0.134186 9.99549E-05 9.99549E-05 9.99549E-05 0.5881
9.99729E-05 9.99729E-05 0.299921 0.0712453 9.99729E-05 0.0123184 0.0186294 0.597586
9.994E-05 9.994E-05 9.994E-05 9.994E-05 9.994E-05 9.994E-05 9.994E-05 0.9993
9.99639E-05 0.185831 0.150225 9.99639E-05 0.214986 9.99639E-05 9.99639E-05 0.448558
9.9964E-05 9.9964E-05 0.00162144 9.9964E-05 0.0226371 9.9964E-05 0.0407507 0.934591
9.9973E-05 9.9973E-05 0.0494672 9.9973E-05 0.164193 0.112535 0.115664 0.557842
9.9991E-05 0.0341584 0.174751 0.0540378 0.0405788 0.0415093 0.0137009 0.641163
0.0809768 9.9982E-05 0.239471 0.0763041 0.183456 9.9982E-05 0.0914144 0.328178
9.99463E-05 9.99463E-05 0.981833 9.99463E-05 9.99463E-05 0.0175678 9.99463E-05 9.99463E-05
0.996507 9.9946E-05 9.9946E-05 9.9946E-05 9.9946E-05 9.9946E-05 9.9946E-05 0.00289323
0.9993 9.994E-05 9.994E-05 9.994E-05 9.994E-05 9.994E-05 9.994E-05 9.994E-05
0.981814 9.9955E-05 9.9955E-05 0.0121387 9.9955E-05 9.9955E-05 9.9955E-05 0.00554711
0.9993 9.994E-05 9.994E-05 9.994E-05 9.994E-05 9.994E-05 9.994E-05 9.994E-05
0.9993 9.994E-05 9.994E-05 9.994E-05 9.994E-05 9.994E-05 9.994E-05 9.994E-05
0.509454 0.153518 9.99821E-05 0.242129 9.99821E-05 0.0550874 0.0172517 0.02236
0.980571 0.018829 9.9946E-05 9.9946E-05 9.9946E-05 9.9946E-05 9.9946E-05 9.9946E-05
9.99549E-05 9.99549E-05 0.878443 9.99549E-05 0.079722 9.99549E-05 9.99549E-05 0.0413353
0.136821 0.768707 0.0451213 0.00852303 9.99729E-05 9.99729E-05 0.0405276 9.99729E-05
9.994E-05 9.994E-05 9.994E-05 0.9993 9.994E-05 9.994E-05 9.994E-05 9.994E-05
9.9955E-05 9.9955E-05 0.0981494 9.9955E-05 0.854551 9.9955E-05 0.0467997 9.9955E-05
9.9973E-05 0.0277216 0.211259 0.0550954 0.323017 9.9973E-05 9.9973E-05 0.382607
9.994E-05 9.994E-05 9.994E-05 9.994E-05 0.9993 9.994E-05 9.994E-05 9.994E-05
9.99549E-05 9.99549E-05 0.0509448 9.99549E-05 0.847557 9.99549E-05 9.99549E-05 0.100998
9.99639E-05 9.99639E-05 9.99639E-05 9.99639E-05 0.859409 0.00235985 0.0724929 0.065338
9.99461E-05 9.99461E-05 0.094298 9.99461E-05 9.99461E-05 0.905102 9.99461E-05 9.99461E-05
9.994E-05 9.994E-05 9.994E-05 0.9993 9.994E-05 9.994E-05 9.994E-05 9.994E-05
0.137514 0.0559041 0.198673 0.189237 0.127186 0.0791501 0.0600748 0.152261
0.000619383 9.99552E-05 9.99552E-05 0.971165 0.0277163 9.99552E-05 9.99552E-05 9.99552E-05
0.0157613 9.9955E-05 0.0312676 0.952471 9.9955E-05 9.9955E-05 9.9955E-05 9.9955E-05
0.0375957 0.0143275 9.9964E-05 0.929637 0.0180396 9.9964E-05 9.9964E-05 9.9964E-05
9.9964E-05 0.0661385 0.00851327 0.918908 9.9964E-05 0.00604004 9.9964E-05 9.9964E-05
9.99641E-05 0.0151236 9.99641E-05 0.894312 9.99641E-05 9.99641E-05 0.00982621 0.0803388
9.9955E-05 9.9955E-05 9.9955E-05 0.993729 0.00145541 9.9955E-05 0.0043161 9.9955E-05
0.250692 0.286732 9.99552E-05 0.462076 9.99552E-05 9.99552E-05 9.99552E-05 9.99552E-05
0.0893468 0.433716 9.99642E-05 0.436048 0.0404896 9.99642E-05 9.99642E-05 9.99642E-05
0.0225717 9.9955E-05 9.9955E-05 0.937259 9.9955E-05 9.9955E-05 9.9955E-05 0.0396698
9.9982E-05 0.203107 0.0878141 0.0461446 0.122954 9.9982E-05 0.0341377 0.505642
9.9982E-05 0.235382 0.0688599 0.0208823 0.167903 9.9982E-05 0.0326183 0.474154
9.994E-05 9.994E-05 9.994E-05 9.994E-05 9.994E-05 9.994E-05 0.9993 9.994E-05
9.994E-05 9.994E-05 9.994E-05 9.994E-05 9.994E-05 9.994E-05 0.9993 9.994E-05
9.9973E-05 0.0483528 0.0144409 0.000897014 0.00118085 9.9973E-05 9.9973E-05 0.934828
9.9964E-05 0.0133951 0.0280613 9.9964E-05 0.0332273 9.9964E-05 9.9964E-05 0.924916
9.9946E-05 0.0034221 9.9946E-05 9.9946E-05 9.9946E-05 9.9946E-05 0.995978 9.9946E-05
9.994E-05 9.994E-05 9.994E-05 9.994E-05 9.994E-05 9.994E-05 0.9993 9.994E-05
0.0203838 9.99549E-05 0.954966 9.99549E-05 0.0241507 9.99549E-05 9.99549E-05 9.99549E-05
9.9973E-05 0.112127 0.0798691 9.9973E-05 0.255091 0.0444632 9.9973E-05 0.508149
0.19202 0.754148 0.0533316 9.99548E-05 9.99548E-05 9.99548E-05 9.99548E-05 9.99548E-05
9.99731E-05 9.99731E-05 9.99731E-05 0.0541415 0.302859 0.121175 0.233012 0.288512
9.99641E-05 9.99641E-05 0.204638 9.99641E-05 0.417816 0.0600911 0.317055 9.99641E-05
0.156317 0.174592 9.99731E-05 0.596965 9.99731E-05 0.026433 0.0453936 9.99731E-05
