0.9996 9.997E-05 9.997E-05 9.997E-05 9.997E-05
0.49906 9.9982E-05 0.02019 0.48055 9.9982E-05
9.999E-05 0.0323782 0.0495757 0.857493 0.0604526
9.9973E-05 9.9973E-05 0.0300696 0.96963 9.9973E-05
0.359306 9.99731E-05 9.99731E-05 0.640394 9.99731E-05
9.9973E-05 9.9973E-05 0.0354574 0.964243 9.9973E-05
0.220016 9.99821E-05 9.99821E-05 0.311502 0.468282
0.193475 9.9982E-05 0.0244932 0.781832 9.9982E-05
0.349662 9.99821E-05 9.99821E-05 0.285223 0.364914
0.927035 0.00925339 0.0635113 9.99821E-05 9.99821E-05
0.976416 9.99821E-05 0.021797 0.00158746 9.99821E-05
0.569083 9.9991E-05 0.153527 0.0271425 0.250148
9.9973E-05 9.9973E-05 9.9973E-05 0.0112985 0.988402
9.9982E-05 0.0240643 0.0340128 0.941723 9.9982E-05
0.00163277 0.00324837 0.0256184 0.9694 9.9991E-05
0.585736 9.9991E-05 0.0114469 0.0433681 0.359348
0.441192 0.0587791 0.334268 9.9991E-05 0.16566
0.248326 0.722949 9.9982E-05 0.0285243 9.9982E-05
9.9973E-05 0.932537 0.0671635 9.9973E-05 9.9973E-05
0.806956 9.9982E-05 0.116454 9.9982E-05 0.0763894
9.997E-05 0.9996 9.997E-05 9.997E-05 9.997E-05
0.85889 9.9973E-05 9.9973E-05 9.9973E-05 0.140811
0.180534 0.405758 0.346025 0.0675827 9.9991E-05
9.9973E-05 0.896545 0.103155 9.9973E-05 9.9973E-05
9.997E-05 9.997E-05 9.997E-05 0.9996 9.997E-05
9.997E-05 9.997E-05 9.997E-05 0.9996 9.997E-05
0.179412 9.99819E-05 0.0778293 9.99819E-05 0.742559
9.9973E-05 9.9973E-05 9.9973E-05 0.996168 0.00353242
9.9973E-05 9.9973E-05 9.9973E-05 0.987886 0.0118143
0.019621 0.046357 0.00189571 0.913864 0.0182621
9.9991E-05 0.0108453 0.0703943 0.916758 0.00190221
0.489358 9.99732E-05 9.99732E-05 0.510342 9.99732E-05
9.997E-05 9.997E-05 9.997E-05 0.9996 9.997E-05
0.209693 9.99731E-05 9.99731E-05 0.790007 9.99731E-05
0.164739 9.9991E-05 0.240221 0.0606581 0.534283
9.99729E-05 9.99729E-05 9.99729E-05 0.965692 0.0340077
0.911729 9.9991E-05 0.0443302 0.0155959 0.0282449
0.860852 0.0332977 9.9982E-05 0.10565 9.9982E-05
0.284687 0.0419119 0.37559 0.122486 0.175326
0.883788 9.9982E-05 0.0410747 0.074937 9.9982E-05
0.906308 9.9982E-05 0.0611476 0.0323444 9.9982E-05
0.927021 0.0122835 0.0344795 9.9991E-05 0.0261159
0.751339 9.9973E-05 9.9973E-05 9.9973E-05 0.248361
0.868096 0.0051993 0.0675732 9.9991E-05 0.0590311
0.571757 0.117553 0.153202 9.9991E-05 0.157388
0.736754 0.0480443 0.050568 0.0759483 0.0886852
0.558539 9.9991E-05 0.110017 0.144174 0.18717
0.969277 0.0304229 9.99733E-05 9.99733E-05 9.99733E-05
0.21845 0.0297694 9.9982E-05 0.751581 9.9982E-05
0.230632 0.0182154 9.9982E-05 0.750952 9.9982E-05
0.225615 0.0349128 9.9982E-05 0.739272 9.9982E-05
0.193398 0.031214 9.9982E-05 0.775188 9.9982E-05
0.18975 0.00601653 9.9982E-05 0.804034 9.9982E-05
0.192891 0.0704647 0.00288637 0.724816 0.00894103
0.268278 9.9973E-05 9.9973E-05 0.731422 9.9973E-05
0.930864 9.9973E-05 9.9973E-05 9.9973E-05 0.0688364
0.502294 9.9973E-05 9.9973E-05 0.497406 9.9973E-05
9.997E-05 9.997E-05 9.997E-05 0.9996 9.997E-05
0.0769729 9.9982E-05 0.0572652 9.9982E-05 0.865562
0.570574 9.9982E-05 9.9982E-05 0.0670769 0.362149
9.997E-05 9.997E-05 9.997E-05 9.997E-05 0.9996
0.105835 9.99729E-05 9.99729E-05 9.99729E-05 0.893865
0.0374165 0.0112464 0.0849867 9.9991E-05 0.86625
0.0953556 0.904344 9.99731E-05 9.99731E-05 9.99731E-05
9.997E-05 9.997E-05 9.997E-05 0.9996 9.997E-05
0.272319 0.0572765 0.086235 0.424076 0.160094
9.99731E-05 9.99731E-05 9.99731E-05 0.967322 0.0323777
9.9973E-05 9.9973E-05 9.9973E-05 0.986437 0.0132631
9.9973E-05 9.9973E-05 9.9973E-05 0.991025 0.00867469
9.9982E-05 0.0144099 9.9982E-05 0.973925 0.0114652
0.0870433 9.99731E-05 9.99731E-05 0.912657 9.99731E-05
9.9973E-05 9.9973E-05 0.0106212 0.989079 9.9973E-05
0.0798226 9.99821E-05 9.99821E-05 0.912217 0.00776047
9.99732E-05 9.99732E-05 9.99732E-05 0.792444 0.207256
9.9973E-05 9.9973E-05 0.0296654 0.970035 9.9973E-05
0.707861 9.9991E-05 0.0371152 0.109876 0.145048
0.686502 9.9991E-05 0.0273841 0.120451 0.165563
9.997E-05 9.997E-05 0.9996 9.997E-05 9.997E-05
9.997E-05 9.997E-05 0.9996 9.997E-05 9.997E-05
0.922143 0.00062945 0.021992 0.00261028 0.0526257
0.912271 0.0134187 0.00547615 9.9991E-05 0.0687345
9.997E-05 9.997E-05 0.9996 9.997E-05 9.997E-05
9.997E-05 9.997E-05 0.9996 9.997E-05 9.997E-05
0.908701 9.9973E-05 9.9973E-05 9.9973E-05 0.0909993
0.683504 0.0386744 9.9982E-05 9.9982E-05 0.277622
0.495263 9.9973E-05 9.9973E-05 0.504437 9.9973E-05
0.170824 0.128124 0.298052 0.0382262 0.364774
0.0991271 0.0788051 0.3438 9.9991E-05 0.478168
0.0138196 0.0548416 0.0299246 0.901314 9.9991E-05
