9.996E-05 0.9995 9.996E-05 9.996E-05 9.996E-05 9.996E-05
0.30616 0.439535 9.9973E-05 9.9973E-05 0.254005 9.9973E-05
0.736997 9.99911E-05 0.041921 0.0628981 0.0905403 0.0675432
0.98063 9.9964E-05 9.9964E-05 9.9964E-05 9.9964E-05 0.0189702
0.444041 0.291681 9.99731E-05 9.99731E-05 0.263978 9.99731E-05
0.980513 9.9964E-05 9.9964E-05 9.9964E-05 9.9964E-05 0.019087
0.021716 0.00171789 9.99821E-05 0.598624 0.377742 9.99821E-05
0.465907 0.0856291 9.9982E-05 9.9982E-05 0.427121 0.0211432
9.99731E-05 0.0729801 9.99731E-05 0.475735 0.450985 9.99731E-05
9.9982E-05 0.800861 9.9982E-05 0.00867446 0.139421 0.0508443
9.998E-05 0.783173 9.998E-05 0.0491451 0.104656 0.0628254
0.0458269 0.642343 9.9982E-05 0.197543 9.9982E-05 0.114087
0.00515225 9.9964E-05 9.9964E-05 0.994448 9.9964E-05 9.9964E-05
0.958793 0.0170575 0.0021198 9.9982E-05 9.9982E-05 0.0218295
0.935368 0.0570162 0.00731547 9.9973E-05 9.9973E-05 9.9973E-05
9.9982E-05 0.591157 9.9982E-05 0.35561 0.0494063 0.00362676
0.00469198 0.366134 0.0637884 0.183638 9.9991E-05 0.381648
9.9973E-05 0.213488 0.717061 9.9973E-05 0.0691512 9.9973E-05
9.9964E-05 9.9964E-05 0.892261 9.9964E-05 9.9964E-05 0.107339
9.9973E-05 0.838101 9.9973E-05 0.0377605 9.9973E-05 0.123839
9.996E-05 9.996E-05 0.9995 9.996E-05 9.996E-05 9.996E-05
0.00762011 0.90201 9.9982E-05 0.0686485 9.9982E-05 0.0215209
9.9982E-05 0.105783 0.426846 9.9982E-05 0.0639762 0.403195
9.99639E-05 9.99639E-05 0.908641 9.99639E-05 9.99639E-05 0.0909587
0.999158 9.9964E-05 9.9964E-05 9.9964E-05 0.000441735 9.9964E-05
0.9995 9.996E-05 9.996E-05 9.996E-05 9.996E-05 9.996E-05
9.99729E-05 0.131398 9.99729E-05 0.767761 9.99729E-05 0.10054
0.921365 9.9964E-05 9.9964E-05 9.9964E-05 0.078235 9.9964E-05
0.9244 9.9973E-05 9.9973E-05 0.0118457 0.0634545 9.9973E-05
0.663544 9.99821E-05 0.0265453 9.99821E-05 0.301571 0.00813926
0.615408 9.9973E-05 9.9973E-05 9.9973E-05 0.340503 0.0437892
0.111543 0.338279 9.99731E-05 9.99731E-05 0.549878 9.99731E-05
0.9995 9.996E-05 9.996E-05 9.996E-05 9.996E-05 9.996E-05
0.0958318 9.99641E-05 9.99641E-05 9.99641E-05 0.903768 9.99641E-05
0.0443971 0.163293 9.99819E-05 0.546495 9.99819E-05 0.245615
0.946724 0.0268901 9.9982E-05 0.0126133 9.9982E-05 0.0135728
0.0446571 0.954943 9.99642E-05 9.99642E-05 9.99642E-05 9.99642E-05
0.00749629 0.774079 0.0429668 9.9982E-05 0.175258 9.9982E-05
0.133826 0.239846 0.0523126 0.164161 9.9991E-05 0.409754
0.128353 0.854802 9.9973E-05 9.9973E-05 9.9973E-05 0.016545
0.0768711 0.896944 0.0090973 9.9982E-05 9.9982E-05 0.0168878
9.9982E-05 0.910875 0.025259 0.00158827 9.9982E-05 0.0620779
9.9973E-05 0.714096 9.9973E-05 0.248459 0.0371453 9.9973E-05
9.9991E-05 0.831166 0.00287653 0.0173364 0.0650058 0.0835154
9.9991E-05 0.540416 0.117228 0.166067 0.0208682 0.15532
0.0685863 0.760634 0.0607406 0.0319853 0.0340909 0.0439631
0.143662 0.487225 0.00097694 0.192154 0.0387347 0.137247
9.99644E-05 0.976028 0.0235723 9.99644E-05 9.99644E-05 9.99644E-05
9.996E-05 9.996E-05 9.996E-05 9.996E-05 0.9995 9.996E-05
9.99729E-05 9.99729E-05 0.00299281 9.99729E-05 0.99375 0.00295699
9.996E-05 9.996E-05 9.996E-05 9.996E-05 0.9995 9.996E-05
9.996E-05 9.996E-05 9.996E-05 9.996E-05 0.9995 9.996E-05
9.996E-05 9.996E-05 9.996E-05 9.996E-05 0.9995 9.996E-05
0.219159 0.0601108 0.0377237 0.04987 0.633036 9.9991E-05
9.99639E-05 9.99639E-05 9.99639E-05 9.99639E-05 0.986221 0.0133792
9.9964E-05 0.945282 9.9964E-05 0.0543177 9.9964E-05 9.9964E-05
0.114432 0.33123 9.9973E-05 9.9973E-05 0.554039 9.9973E-05
0.996957 9.99639E-05 0.00264304 9.99639E-05 9.99639E-05 9.99639E-05
9.9973E-05 0.0550739 9.9973E-05 0.870192 9.9973E-05 0.0744341
0.0586859 0.619387 9.9973E-05 0.321627 9.9973E-05 9.9973E-05
9.996E-05 9.996E-05 9.996E-05 0.9995 9.996E-05 9.996E-05
9.99729E-05 0.0977475 9.99729E-05 0.882798 9.99729E-05 0.0191545
9.99729E-05 0.0432239 9.99729E-05 0.817575 9.99729E-05 0.138901
9.99641E-05 0.0817525 0.917848 9.99641E-05 9.99641E-05 9.99641E-05
0.9995 9.996E-05 9.996E-05 9.996E-05 9.996E-05 9.996E-05
0.279317 0.204063 0.0182387 0.201424 0.214895 0.082062
0.960948 9.99731E-05 9.99731E-05 0.0368379 0.00191424 9.99731E-05
0.968151 0.0151043 9.9973E-05 9.9973E-05 0.016445 9.9973E-05
0.896624 9.9973E-05 9.9973E-05 0.0219338 0.0811425 9.9973E-05
0.925337 9.9973E-05 0.0116517 9.9973E-05 0.0627114 9.9973E-05
0.890062 0.089435 9.9982E-05 9.9982E-05 0.00348643 0.0168169
0.9995 9.996E-05 9.996E-05 9.996E-05 9.996E-05 9.996E-05
0.482693 9.99732E-05 9.99732E-05 0.00866087 0.508346 9.99732E-05
0.470991 9.99732E-05 9.99732E-05 0.193188 0.335522 9.99732E-05
0.968105 0.0311817 9.9973E-05 9.9973E-05 0.000413092 9.9973E-05
0.0770565 0.686921 9.999E-05 0.144714 0.0676117 0.0235967
0.0691676 0.65222 9.9991E-05 0.166865 0.0828218 0.0288252
9.996E-05 9.996E-05 9.996E-05 9.996E-05 9.996E-05 0.9995
9.996E-05 9.996E-05 9.996E-05 9.996E-05 9.996E-05 0.9995
9.9982E-05 0.882233 9.9982E-05 0.0169142 0.0684213 0.0322318
9.9991E-05 0.850016 0.00545075 0.0543958 0.0741024 0.0159354
9.996E-05 9.996E-05 9.996E-05 9.996E-05 9.996E-05 0.9995
9.996E-05 9.996E-05 9.996E-05 9.996E-05 9.996E-05 0.9995
9.99641E-05 0.927067 9.99641E-05 0.0725332 9.99641E-05 9.99641E-05
9.9982E-05 0.624317 0.0527555 0.292658 0.0300688 9.9982E-05
0.0835144 0.323611 9.9973E-05 9.9973E-05 0.592575 9.9973E-05
0.0429874 0.159514 0.136079 0.358513 9.9991E-05 0.302806
9.99821E-05 0.174456 0.0675646 0.431811 9.99821E-05 0.325968
0.579348 9.998E-05 0.0501847 9.998E-05 0.325765 0.0445027
