9.996E-05 9.996E-05 9.996E-05 9.996E-05 9.996E-05 0.9995
0.29459 9.9973E-05 9.9973E-05 0.270245 9.9973E-05 0.434865
0.717402 0.0502388 0.0204698 0.112193 0.0995956 9.99911E-05
0.982704 0.0168964 9.9964E-05 9.9964E-05 9.9964E-05 9.9964E-05
0.416646 9.99731E-05 9.99731E-05 0.301735 9.99731E-05 0.281319
0.972545 0.00191589 9.9973E-05 9.9973E-05 9.9973E-05 0.0252393
9.99642E-05 9.99642E-05 9.99642E-05 0.40944 0.59016 9.99642E-05
0.340921 0.0242988 9.9982E-05 0.522073 9.9982E-05 0.112508
9.99731E-05 9.99731E-05 9.99731E-05 0.415723 0.434422 0.149555
9.99731E-05 0.0965155 9.99731E-05 0.10936 9.99731E-05 0.793825
9.9982E-05 0.0752817 9.9982E-05 0.106212 0.0594406 0.758865
0.0451165 0.155453 9.9982E-05 9.9982E-05 0.219314 0.579916
9.996E-05 9.996E-05 9.996E-05 9.996E-05 0.9995 9.996E-05
0.957644 0.0158606 0.0131486 9.9982E-05 9.9982E-05 0.0131469
0.939221 9.9973E-05 0.00254135 9.9973E-05 9.9973E-05 0.057938
0.0268725 0.00989442 9.9991E-05 0.0420833 0.348125 0.572925
9.9982E-05 0.359289 0.0752648 9.9982E-05 0.175118 0.390128
9.99729E-05 9.99729E-05 0.740528 0.107459 9.99729E-05 0.151713
9.9964E-05 0.102435 0.897166 9.9964E-05 9.9964E-05 9.9964E-05
9.9973E-05 0.147547 9.9973E-05 9.9973E-05 0.0496855 0.802468
9.996E-05 9.996E-05 0.9995 9.996E-05 9.996E-05 9.996E-05
0.00367188 9.9973E-05 9.9973E-05 9.9973E-05 0.109437 0.886592
0.0296577 0.362285 0.408738 0.0267142 9.9991E-05 0.172506
9.9964E-05 0.0836817 0.915918 9.9964E-05 9.9964E-05 9.9964E-05
0.975965 9.9964E-05 9.9964E-05 0.0236348 9.9964E-05 9.9964E-05
0.9995 9.996E-05 9.996E-05 9.996E-05 9.996E-05 9.996E-05
9.99729E-05 0.0958962 9.99729E-05 9.99729E-05 0.780165 0.123639
0.912967 9.9964E-05 9.9964E-05 0.0866334 9.9964E-05 9.9964E-05
0.909312 9.9973E-05 9.9973E-05 0.0773227 0.0130657 9.9973E-05
0.704206 0.01912 0.0442012 0.224574 0.00779911 9.9991E-05
0.630355 0.0509845 9.99731E-05 0.318361 9.99731E-05 9.99731E-05
0.0661296 9.99731E-05 9.99731E-05 0.598767 9.99731E-05 0.334804
0.9995 9.996E-05 9.996E-05 9.996E-05 9.996E-05 9.996E-05
0.0609527 0.000624043 9.9973E-05 0.938123 9.9973E-05 9.9973E-05
0.0739607 0.221128 9.99819E-05 9.99819E-05 0.550595 0.154117
0.972383 9.99639E-05 9.99639E-05 9.99639E-05 0.0272171 9.99639E-05
0.0442601 9.99642E-05 9.99642E-05 9.99642E-05 9.99642E-05 0.95534
9.9973E-05 9.9973E-05 0.0257141 0.198301 9.9973E-05 0.775685
0.118234 0.374799 0.0711959 9.9991E-05 0.169494 0.266178
0.0967301 0.0107317 9.9973E-05 9.9973E-05 9.9973E-05 0.892238
0.0567883 0.0259932 9.99729E-05 9.99729E-05 9.99729E-05 0.916919
9.9982E-05 0.057857 0.0195584 9.9982E-05 0.0145673 0.907817
9.9973E-05 9.9973E-05 9.9973E-05 0.0463808 0.237908 0.715411
9.9991E-05 0.120184 0.0193803 0.0591063 0.0101869 0.791043
9.9991E-05 0.141594 0.10954 0.0284422 0.159298 0.561026
0.0521299 0.0763267 0.0299177 0.0228789 0.0640938 0.754653
0.0803639 0.141059 9.9991E-05 0.0840374 0.257227 0.437213
9.99644E-05 9.99644E-05 0.0187472 9.99644E-05 9.99644E-05 0.980853
9.996E-05 9.996E-05 9.996E-05 0.9995 9.996E-05 9.996E-05
9.996E-05 9.996E-05 9.996E-05 0.9995 9.996E-05 9.996E-05
9.996E-05 9.996E-05 9.996E-05 0.9995 9.996E-05 9.996E-05
9.996E-05 9.996E-05 9.996E-05 0.9995 9.996E-05 9.996E-05
9.996E-05 9.996E-05 9.996E-05 0.9995 9.996E-05 9.996E-05
0.249031 0.0220431 0.0530502 0.606334 0.0496304 0.0199112
9.99639E-05 0.00334311 9.99639E-05 0.996257 9.99639E-05 9.99639E-05
9.9964E-05 9.9964E-05 9.9964E-05 9.9964E-05 0.0660899 0.93351
0.0705023 9.9973E-05 9.9973E-05 0.582624 9.9973E-05 0.346574
0.9995 9.996E-05 9.996E-05 9.996E-05 9.996E-05 9.996E-05
9.9982E-05 0.022017 9.9982E-05 0.02027 0.881396 0.0761173
0.0831345 0.0144059 9.9982E-05 9.9982E-05 0.362012 0.540247
9.996E-05 9.996E-05 9.996E-05 9.996E-05 0.9995 9.996E-05
9.99639E-05 9.99639E-05 9.99639E-05 9.99639E-05 0.894255 0.105346
9.99729E-05 0.103319 9.99729E-05 9.99729E-05 0.865535 0.0308455
9.99641E-05 9.99641E-05 0.913283 9.99641E-05 9.99641E-05 0.0863168
0.9995 9.996E-05 9.996E-05 9.996E-05 9.996E-05 9.996E-05
0.298742 0.0201444 0.066724 0.157692 0.0887972 0.3679
0.972774 9.99641E-05 9.99641E-05 9.99641E-05 0.0268259 9.99641E-05
0.961896 9.9982E-05 9.9982E-05 0.0146505 0.000332241 0.0229209
0.898579 9.9973E-05 9.9973E-05 0.0743004 0.0268206 9.9973E-05
0.934724 9.9973E-05 0.0159102 0.0490657 9.9973E-05 9.9973E-05
0.948356 0.0105368 9.99731E-05 9.99731E-05 9.99731E-05 0.0408071
0.980075 0.0119414 9.9973E-05 9.9973E-05 9.9973E-05 0.00768415
0.523548 9.99643E-05 9.99643E-05 0.476052 9.99643E-05 9.99643E-05
0.472557 9.99732E-05 9.99732E-05 0.3362 0.190943 9.99732E-05
0.984612 0.00488109 9.9973E-05 9.9973E-05 9.9973E-05 0.0102072
0.0686421 0.0274654 9.9991E-05 0.0883437 0.102761 0.712687
0.0642208 0.00176066 9.9991E-05 0.138463 0.129725 0.665731
9.996E-05 0.9995 9.996E-05 9.996E-05 9.996E-05 9.996E-05
9.996E-05 0.9995 9.996E-05 9.996E-05 9.996E-05 9.996E-05
9.9982E-05 0.0281796 9.9982E-05 0.0561937 0.0366313 0.878795
9.9982E-05 9.9982E-05 0.00828502 0.0700452 0.0744917 0.846978
9.996E-05 0.9995 9.996E-05 9.996E-05 9.996E-05 9.996E-05
9.996E-05 0.9995 9.996E-05 9.996E-05 9.996E-05 9.996E-05
9.99641E-05 9.99641E-05 9.99641E-05 9.99641E-05 0.0769135 0.922687
9.9982E-05 9.9982E-05 0.0541169 0.0182166 0.272538 0.654929
0.0803991 9.9973E-05 9.9973E-05 0.621555 9.9973E-05 0.297746
0.0471022 0.329916 0.117114 9.9991E-05 0.298415 0.207353
9.99821E-05 0.305936 0.0726699 9.99821E-05 0.441266 0.179928
0.538292 0.0599535 0.030876 0.344451 0.0263279 9.9991E-05
