0.0012345 0.019862 9.99459E-05 9.99459E-05 9.99459E-05 9.99459E-05 9.99459E-05 0.978304 9.99459E-05
0.0206771 9.99639E-05 9.99639E-05 0.69602 9.99639E-05 0.0588631 9.99639E-05 0.09324 0.1308
0.0478967 9.99643E-05 0.0349049 0.0640274 0.0408168 9.99643E-05 9.99643E-05 9.99643E-05 0.811954
0.0381316 9.9937E-05 9.9937E-05 9.9937E-05 9.9937E-05 9.9937E-05 9.9937E-05 9.9937E-05 0.961169
9.99731E-05 0.0727081 9.99731E-05 0.382188 9.99731E-05 0.102581 0.0165032 0.0284903 0.39723
9.9937E-05 9.9937E-05 9.9937E-05 9.9937E-05 9.9937E-05 0.0588503 9.9937E-05 9.9937E-05 0.94045
9.99371E-05 9.99371E-05 9.99371E-05 0.678061 0.321239 9.99371E-05 9.99371E-05 9.99371E-05 9.99371E-05
9.9955E-05 9.9955E-05 9.9955E-05 0.395057 9.9955E-05 0.0543104 0.191425 9.9955E-05 0.358707
9.994E-05 0.0171375 9.994E-05 0.741227 0.241035 9.994E-05 9.994E-05 9.994E-05 9.994E-05
9.99372E-05 0.925085 9.99372E-05 0.0742155 9.99372E-05 9.99372E-05 9.99372E-05 9.99372E-05 9.99372E-05
9.993E-05 0.999201 9.993E-05 9.993E-05 9.993E-05 9.993E-05 9.993E-05 9.993E-05 9.993E-05
0.132165 9.9964E-05 9.9964E-05 9.9964E-05 0.13968 0.0083859 9.9964E-05 0.70164 0.0177292
9.99372E-05 9.99372E-05 9.99372E-05 9.99372E-05 0.989993 9.99372E-05 9.99372E-05 9.99372E-05 0.00930701
9.9955E-05 9.9955E-05 0.00306377 9.9955E-05 9.9955E-05 0.0949949 9.9955E-05 0.000723408 0.900718
0.00037699 9.9955E-05 0.00875377 9.9955E-05 9.9955E-05 9.9955E-05 9.9955E-05 0.0537109 0.936659
9.9973E-05 0.621664 9.9973E-05 0.000253518 0.313889 9.9973E-05 0.0108565 0.0380482 0.0149885
9.99368E-05 0.0919486 9.99368E-05 9.99368E-05 9.99368E-05 0.907352 9.99368E-05 9.99368E-05 9.99368E-05
9.996E-05 0.178839 0.755731 0.0341876 9.996E-05 9.996E-05 0.0300559 0.000787142 9.996E-05
0.107 9.9937E-05 0.892301 9.9937E-05 9.9937E-05 9.9937E-05 9.9937E-05 9.9937E-05 9.9937E-05
0.0237459 0.77023 9.99549E-05 9.99549E-05 9.99549E-05 0.133449 9.99549E-05 0.0720751 9.99549E-05
9.993E-05 9.993E-05 0.999201 9.993E-05 9.993E-05 9.993E-05 9.993E-05 9.993E-05 9.993E-05
9.99549E-05 0.316829 9.99549E-05 9.99549E-05 0.0815917 0.0454782 9.99549E-05 0.555601 9.99549E-05
0.190097 0.0904725 0.33773 0.0016335 9.9964E-05 0.379667 9.9964E-05 9.9964E-05 9.9964E-05
0.0600595 9.9946E-05 0.907025 9.9946E-05 9.9946E-05 0.0323156 9.9946E-05 9.9946E-05 9.9946E-05
9.99371E-05 9.99371E-05 9.99371E-05 9.99371E-05 9.99371E-05 9.99371E-05 0.00665773 9.99371E-05 0.992643
9.993E-05 9.993E-05 9.993E-05 9.993E-05 9.993E-05 9.993E-05 9.993E-05 9.993E-05 0.999201
0.0514066 0.060494 9.99639E-05 9.99639E-05 0.741963 0.0735238 9.99639E-05 0.0722127 9.99639E-05
9.9937E-05 9.9937E-05 9.9937E-05 9.9937E-05 9.9937E-05 9.9937E-05 0.0538795 9.9937E-05 0.945421
9.9946E-05 9.9946E-05 9.9946E-05 9.9946E-05 0.019929 9.9946E-05 0.071149 9.9946E-05 0.908322
0.0129697 9.99731E-05 0.0275019 0.0751353 9.99731E-05 0.01467 0.180549 9.99731E-05 0.688874
9.99551E-05 9.99551E-05 9.99551E-05 0.134415 9.99551E-05 0.0522953 0.200352 9.99551E-05 0.612437
0.00589782 9.9955E-05 9.9955E-05 0.912819 9.9955E-05 9.9955E-05 0.0338811 0.0469019 9.9955E-05
9.99551E-05 0.000571307 9.99551E-05 9.99551E-05 9.99551E-05 0.0213663 0.00392884 9.99551E-05 0.973634
9.99461E-05 9.99461E-05 9.99461E-05 0.110856 9.99461E-05 9.99461E-05 0.788529 9.99461E-05 0.100015
0.0858542 9.99729E-05 9.99729E-05 9.99729E-05 0.454165 0.391339 0.0127049 0.0457921 0.0098446
9.99369E-05 9.99369E-05 9.99369E-05 9.99369E-05 9.99369E-05 0.0234704 9.99369E-05 9.99369E-05 0.97583
9.99371E-05 9.99371E-05 9.99371E-05 9.99371E-05 9.99371E-05 9.99371E-05 9.99371E-05 0.988812 0.0104885
9.9982E-05 0.658774 0.0260908 0.201299 9.9982E-05 0.0138641 0.0117434 0.0688438 0.019185
9.99369E-05 9.99369E-05 9.99369E-05 0.0123597 9.99369E-05 0.986941 9.99369E-05 9.99369E-05 9.99369E-05
9.995E-05 0.533719 9.995E-05 9.995E-05 9.995E-05 0.145768 9.995E-05 0.235197 0.0848155
0.00891236 0.549908 9.99639E-05 9.99639E-05 9.99639E-05 0.0776576 9.99639E-05 0.295015 0.0681069
9.9946E-05 0.976049 0.0173019 9.9946E-05 9.9946E-05 0.00604888 9.9946E-05 9.9946E-05 9.9946E-05
9.9955E-05 0.636872 9.9955E-05 0.0699642 0.247016 9.9955E-05 9.9955E-05 0.0456482 9.9955E-05
0.00216109 0.905573 9.9946E-05 9.9946E-05 9.9946E-05 0.0916658 9.9946E-05 9.9946E-05 9.9946E-05
0.111609 0.508569 0.108251 9.9973E-05 0.175189 0.0588397 9.9973E-05 0.037242 9.9973E-05
0.0221524 0.685182 0.0189494 9.9991E-05 0.0382854 0.0518808 0.00736624 0.132317 0.0437664
9.9982E-05 0.180701 9.9982E-05 0.00477254 0.0763689 0.36525 0.0528425 0.250945 0.0689205
9.99374E-05 9.99374E-05 0.00387691 9.99374E-05 9.99374E-05 9.99374E-05 9.99374E-05 0.995424 9.99374E-05
9.993E-05 9.993E-05 9.993E-05 9.993E-05 9.993E-05 9.993E-05 0.999201 9.993E-05 9.993E-05
9.993E-05 9.993E-05 9.993E-05 9.993E-05 9.993E-05 9.993E-05 0.999201 9.993E-05 9.993E-05
9.9937E-05 0.0236665 9.9937E-05 9.9937E-05 9.9937E-05 9.9937E-05 0.975634 9.9937E-05 9.9937E-05
9.993E-05 9.993E-05 9.993E-05 9.993E-05 9.993E-05 9.993E-05 0.999201 9.993E-05 9.993E-05
9.993E-05 9.993E-05 9.993E-05 9.993E-05 9.993E-05 9.993E-05 0.999201 9.993E-05 9.993E-05
9.998E-05 9.998E-05 0.0287437 0.252293 0.00716619 0.0749135 0.437984 0.000512765 0.198187
9.9955E-05 9.9955E-05 9.9955E-05 0.0270103 9.9955E-05 0.000189032 0.9471 0.025201 9.9955E-05
9.99459E-05 0.0614962 9.99459E-05 9.99459E-05 0.0514305 9.99459E-05 9.99459E-05 0.886474 9.99459E-05
0.0101616 9.99548E-05 9.99548E-05 0.837362 9.99548E-05 9.99548E-05 0.104195 0.0477823 9.99548E-05
9.99369E-05 9.99369E-05 9.99369E-05 9.99369E-05 9.99369E-05 0.0108944 9.99369E-05 9.99369E-05 0.988406
0.0406591 9.9955E-05 9.9955E-05 9.9955E-05 0.864734 9.9955E-05 0.0361671 0.0579402 9.9955E-05
9.99551E-05 0.548334 9.99551E-05 9.99551E-05 0.27198 9.99551E-05 9.99551E-05 0.138967 0.04022
9.993E-05 9.993E-05 9.993E-05 9.993E-05 0.999201 9.993E-05 9.993E-05 9.993E-05 9.993E-05
0.00215693 0.0888086 9.9964E-05 9.9964E-05 0.900267 9.9964E-05 9.9964E-05 0.00537255 0.00299478
0.0973427 0.00923689 0.00193854 9.99639E-05 0.841424 0.0496579 9.99639E-05 9.99639E-05 9.99639E-05
9.99461E-05 0.00100722 0.920591 9.99461E-05 9.99461E-05 9.99461E-05 9.99461E-05 0.077802 9.99461E-05
9.993E-05 9.993E-05 9.993E-05 9.993E-05 9.993E-05 9.993E-05 9.993E-05 9.993E-05 0.999201
0.0310291 0.185069 0.0463271 0.13737 9.9991E-05 0.122756 0.199222 0.0297379 0.248389
9.99373E-05 9.99373E-05 9.99373E-05 9.99373E-05 0.029131 9.99373E-05 9.99373E-05 9.99373E-05 0.970169
9.9955E-05 9.9955E-05 9.9955E-05 9.9955E-05 9.9955E-05 0.0739029 0.027336 0.00301307 0.895248
9.9955E-05 0.00677931 9.9955E-05 9.9955E-05 0.0187717 9.9955E-05 0.0522101 9.9955E-05 0.921739
9.9946E-05 9.9946E-05 9.9946E-05 0.0399059 9.9946E-05 9.9946E-05 0.0352179 9.9946E-05 0.924277
0.00470856 9.99551E-05 9.99551E-05 0.0902629 9.99551E-05 0.0655682 9.99551E-05 9.99551E-05 0.838961
9.99369E-05 9.99369E-05 9.99369E-05 9.99369E-05 9.99369E-05 0.0379752 9.99369E-05 9.99369E-05 0.961325
9.995E-05 9.995E-05 9.995E-05 0.275475 9.995E-05 0.0286264 0.245816 9.995E-05 0.449583
9.99553E-05 9.99553E-05 9.99553E-05 0.382004 0.066503 9.99553E-05 0.124348 9.99553E-05 0.426644
0.000921557 9.9955E-05 9.9955E-05 9.9955E-05 9.9955E-05 9.9955E-05 0.00920235 0.0207004 0.968676
0.00662844 0.73124 9.9973E-05 0.0954221 0.087609 9.9973E-05 9.9973E-05 0.00679916 0.0720011
9.9964E-05 0.775588 9.9964E-05 0.0450548 0.11572 9.9964E-05 9.9964E-05 0.0047963 0.0584407
0.999201 9.993E-05 9.993E-05 9.993E-05 9.993E-05 9.993E-05 9.993E-05 9.993E-05 9.993E-05
0.998129 9.99371E-05 0.00117106 9.99371E-05 9.99371E-05 9.99371E-05 9.99371E-05 9.99371E-05 9.99371E-05
9.9946E-05 0.95268 9.9946E-05 0.0403867 9.9946E-05 9.9946E-05 9.9946E-05 9.9946E-05 0.00633394
9.9937E-05 0.948303 9.9937E-05 9.9937E-05 0.0509975 9.9937E-05 9.9937E-05 9.9937E-05 9.9937E-05
0.963903 9.99371E-05 9.99371E-05 0.0353973 9.99371E-05 9.99371E-05 9.99371E-05 9.99371E-05 9.99371E-05
0.999201 9.993E-05 9.993E-05 9.993E-05 9.993E-05 9.993E-05 9.993E-05 9.993E-05 9.993E-05
9.994E-05 9.994E-05 9.994E-05 9.994E-05 0.0395337 9.994E-05 0.0254891 0.934378 9.994E-05
9.996E-05 0.503954 0.0608924 0.0937243 0.2885 9.996E-05 9.996E-05 0.0525294 9.996E-05
9.99458E-05 9.99458E-05 9.99458E-05 0.877064 9.99458E-05 9.99458E-05 0.0935818 0.0287544 9.99458E-05
9.99731E-05 0.0387386 0.0252123 9.99731E-05 0.158219 0.752398 0.0150792 9.99731E-05 0.0100536
0.0588665 9.99641E-05 0.00551073 9.99641E-05 0.152147 0.639847 9.99641E-05 0.143229 9.99641E-05
9.99552E-05 9.99552E-05 0.0343998 0.217365 9.99552E-05 9.99552E-05 0.188732 9.99552E-05 0.559003
