0.960544 9.99369E-05 9.99369E-05 0.0387568 9.99369E-05 9.99369E-05 9.99369E-05 9.99369E-05 9.99369E-05
0.0755118 0.160087 0.679869 0.039612 9.99639E-05 9.99639E-05 9.99639E-05 0.0445204 9.99639E-05
9.99822E-05 0.735475 0.120669 9.99822E-05 0.0604263 0.0335468 0.0311306 0.0151969 0.00335477
9.9937E-05 0.9522 9.9937E-05 9.9937E-05 9.9937E-05 9.9937E-05 9.9937E-05 0.0471005 9.9937E-05
0.0368756 0.409157 0.130918 0.165279 9.99731E-05 9.99731E-05 0.126828 9.99731E-05 0.130643
9.9937E-05 0.984546 9.9937E-05 0.014754 9.9937E-05 9.9937E-05 9.9937E-05 9.9937E-05 9.9937E-05
9.993E-05 9.993E-05 9.993E-05 9.993E-05 9.993E-05 9.993E-05 9.993E-05 9.993E-05 0.999201
9.9973E-05 0.393454 0.185419 0.0457957 9.9973E-05 9.9973E-05 0.269905 0.0209522 0.0841738
9.99369E-05 9.99369E-05 0.0838442 9.99369E-05 9.99369E-05 9.99369E-05 9.99369E-05 9.99369E-05 0.915456
9.9937E-05 9.9937E-05 9.9937E-05 0.858955 9.9937E-05 9.9937E-05 9.9937E-05 9.9937E-05 0.140346
9.9937E-05 9.9937E-05 9.9937E-05 0.851792 9.9937E-05 9.9937E-05 9.9937E-05 9.9937E-05 0.147508
0.711166 0.0211679 9.9955E-05 9.9955E-05 0.176664 9.9955E-05 9.9955E-05 0.0905023 9.9955E-05
9.99371E-05 0.00393913 9.99371E-05 9.99371E-05 0.995361 9.99371E-05 9.99371E-05 9.99371E-05 9.99371E-05
0.0079583 0.956892 9.9955E-05 9.9955E-05 9.9955E-05 0.0219024 9.9955E-05 0.0127478 9.9955E-05
0.0327548 0.953735 9.9946E-05 0.0129104 9.9946E-05 9.9946E-05 9.9946E-05 9.9946E-05 9.9946E-05
0.20377 9.99639E-05 9.99639E-05 0.304818 0.2288 9.99639E-05 9.99639E-05 0.0175228 0.24469
0.0145594 9.99641E-05 9.99641E-05 0.473145 0.199429 0.0541568 9.99641E-05 0.25831 9.99641E-05
0.0289545 9.99639E-05 0.0716455 0.125922 9.99639E-05 0.721859 0.0512193 9.99639E-05 9.99639E-05
9.9937E-05 9.9937E-05 9.9937E-05 9.9937E-05 9.9937E-05 0.950703 9.9937E-05 0.048597 9.9937E-05
0.21504 9.99639E-05 9.99639E-05 0.644203 0.0356853 9.99639E-05 9.99639E-05 0.0740064 0.0306649
9.99371E-05 0.00290626 9.99371E-05 9.99371E-05 9.99371E-05 0.996394 9.99371E-05 9.99371E-05 9.99371E-05
0.625141 9.99549E-05 9.99549E-05 0.231825 0.120652 9.99549E-05 9.99549E-05 0.0218814 9.99549E-05
9.99641E-05 0.0141761 9.99641E-05 0.330183 9.99641E-05 0.384518 0.00655441 0.264169 9.99641E-05
9.99459E-05 9.99459E-05 9.99459E-05 0.0377519 9.99459E-05 0.899654 9.99459E-05 0.0619947 9.99459E-05
9.993E-05 0.999201 9.993E-05 9.993E-05 9.993E-05 9.993E-05 9.993E-05 9.993E-05 9.993E-05
9.993E-05 0.999201 9.993E-05 9.993E-05 9.993E-05 9.993E-05 9.993E-05 9.993E-05 9.993E-05
0.0638738 9.99549E-05 9.99549E-05 0.0919219 0.818506 9.99549E-05 9.99549E-05 0.0251988 9.99549E-05
9.9946E-05 0.930932 9.9946E-05 9.9946E-05 9.9946E-05 9.9946E-05 0.0546483 9.9946E-05 0.0138203
0.00269376 0.902707 0.0057078 9.9973E-05 0.000764346 9.9973E-05 0.0850017 9.9973E-05 0.00282554
9.99731E-05 0.69018 0.0466118 9.99731E-05 0.0388299 0.0206105 0.186178 0.0172899 9.99731E-05
9.99551E-05 0.632213 0.0799645 9.99551E-05 9.99551E-05 9.99551E-05 0.230495 0.0568274 9.99551E-05
9.993E-05 9.993E-05 0.999201 9.993E-05 9.993E-05 9.993E-05 9.993E-05 9.993E-05 9.993E-05
9.99372E-05 0.990701 9.99372E-05 9.99372E-05 9.99372E-05 9.99372E-05 9.99372E-05 9.99372E-05 0.00859922
9.99641E-05 0.080515 0.0782319 9.99641E-05 0.014165 9.99641E-05 0.813707 9.99641E-05 0.0129814
0.00166868 0.0429995 9.99639E-05 0.164726 0.621698 9.99639E-05 9.99639E-05 0.168508 9.99639E-05
0.00521425 0.981609 9.99459E-05 9.99459E-05 9.99459E-05 9.99459E-05 9.99459E-05 9.99459E-05 0.0125775
0.972852 0.0264488 9.99371E-05 9.99371E-05 9.99371E-05 9.99371E-05 9.99371E-05 9.99371E-05 9.99371E-05
0.026222 9.9946E-05 0.239424 0.733754 9.9946E-05 9.9946E-05 9.9946E-05 9.9946E-05 9.9946E-05
9.99641E-05 0.112918 9.99641E-05 0.291475 0.202174 0.0428568 9.99641E-05 0.350176 9.99641E-05
0.306598 0.139041 9.99549E-05 0.529994 9.99549E-05 9.99549E-05 9.99549E-05 0.0238676 9.99549E-05
0.342835 0.0891232 0.0282177 0.534652 9.99639E-05 9.99639E-05 9.99639E-05 0.00477169 9.99639E-05
0.0142749 9.9937E-05 9.9937E-05 0.985026 9.9937E-05 9.9937E-05 9.9937E-05 9.9937E-05 9.9937E-05
0.222871 9.99548E-05 9.99548E-05 0.260161 0.0889247 9.99548E-05 9.99548E-05 9.99548E-05 0.427543
9.9946E-05 9.9946E-05 9.9946E-05 0.966267 0.0279013 9.9946E-05 9.9946E-05 0.00523234 9.9946E-05
0.0246935 9.9973E-05 0.0638294 0.509548 0.202603 0.093972 9.9973E-05 0.105054 9.9973E-05
0.192478 0.0704011 0.00133805 0.620664 0.0456905 0.0102341 0.0302183 0.0288763 9.9991E-05
0.205733 0.0833401 9.9973E-05 0.332648 0.237601 9.9973E-05 0.0817501 0.0586268 9.9973E-05
0.986014 9.99375E-05 9.99375E-05 9.99375E-05 9.99375E-05 0.0132865 9.99375E-05 9.99375E-05 9.99375E-05
9.993E-05 9.993E-05 9.993E-05 9.993E-05 9.993E-05 9.993E-05 0.999201 9.993E-05 9.993E-05
9.993E-05 9.993E-05 9.993E-05 9.993E-05 9.993E-05 9.993E-05 0.999201 9.993E-05 9.993E-05
9.9937E-05 9.9937E-05 9.9937E-05 0.0158699 9.9937E-05 9.9937E-05 0.983431 9.9937E-05 9.9937E-05
9.993E-05 9.993E-05 9.993E-05 9.993E-05 9.993E-05 9.993E-05 0.999201 9.993E-05 9.993E-05
9.993E-05 9.993E-05 9.993E-05 9.993E-05 9.993E-05 9.993E-05 0.999201 9.993E-05 9.993E-05
9.99641E-05 0.231159 0.128191 9.99641E-05 9.99641E-05 0.0309247 0.468512 9.99641E-05 0.140813
0.0359462 9.9955E-05 0.0526531 9.9955E-05 9.9955E-05 9.9955E-05 0.907707 0.00319377 9.9955E-05
0.923508 9.99459E-05 9.99459E-05 9.99459E-05 0.03179 9.99459E-05 9.99459E-05 9.99459E-05 0.0441021
9.99459E-05 9.99459E-05 0.910897 9.99459E-05 9.99459E-05 9.99459E-05 0.0448199 9.99459E-05 0.0436835
9.99459E-05 0.989576 0.0039384 9.99459E-05 9.99459E-05 0.00588586 9.99459E-05 9.99459E-05 9.99459E-05
0.0731285 9.9955E-05 0.00134013 9.9955E-05 0.872657 9.9955E-05 9.9955E-05 9.9955E-05 0.0523747
0.301941 0.0142097 9.9973E-05 0.137618 0.225708 9.9973E-05 9.9973E-05 0.0374193 0.282805
9.99371E-05 9.99371E-05 9.99371E-05 9.99371E-05 0.961801 9.99371E-05 9.99371E-05 9.99371E-05 0.0374993
9.993E-05 9.993E-05 9.993E-05 0.0911843 0.908116 9.993E-05 9.993E-05 9.993E-05 9.993E-05
9.99459E-05 9.99459E-05 9.99459E-05 0.114878 0.853212 9.99459E-05 9.99459E-05 0.0313106 9.99459E-05
0.0826303 9.99551E-05 9.99551E-05 0.00747706 9.99551E-05 0.89152 0.017873 9.99551E-05 9.99551E-05
9.993E-05 0.999201 9.993E-05 9.993E-05 9.993E-05 9.993E-05 9.993E-05 9.993E-05 9.993E-05
0.0135127 0.340344 9.9991E-05 0.305529 0.144696 0.00167995 0.0923136 0.0189649 0.0828596
9.99552E-05 0.935548 9.99552E-05 9.99552E-05 0.0220488 9.99552E-05 0.00129155 9.99552E-05 0.0406119
0.0438804 0.935449 9.9946E-05 9.9946E-05 9.9946E-05 9.9946E-05 0.020071 9.9946E-05 9.9946E-05
9.9946E-05 0.902409 9.9946E-05 9.9946E-05 9.9946E-05 9.9946E-05 0.0635429 9.9946E-05 0.0334483
9.9964E-05 0.908399 0.0360706 9.9964E-05 9.9964E-05 0.00910063 0.00176499 9.9964E-05 0.0442649
0.00794739 0.910768 0.031831 0.0489537 9.99551E-05 9.99551E-05 9.99551E-05 9.99551E-05 9.99551E-05
9.99369E-05 0.981651 9.99369E-05 9.99369E-05 9.99369E-05 9.99369E-05 0.0176496 9.99369E-05 9.99369E-05
9.99552E-05 0.463773 0.0098953 9.99552E-05 9.99552E-05 9.99552E-05 0.36993 9.99552E-05 0.155902
9.99463E-05 0.508633 9.99463E-05 9.99463E-05 9.99463E-05 9.99463E-05 0.141553 9.99463E-05 0.349214
9.99461E-05 0.975812 9.99461E-05 0.00721402 9.99461E-05 9.99461E-05 0.0163741 9.99461E-05 9.99461E-05
0.201423 9.99548E-05 9.99548E-05 0.219777 9.99548E-05 9.99548E-05 9.99548E-05 0.106043 0.472257
0.196937 0.00868886 9.99729E-05 0.184934 9.99729E-05 9.99729E-05 0.000371455 0.116887 0.491882
9.993E-05 9.993E-05 9.993E-05 9.993E-05 9.993E-05 9.993E-05 9.993E-05 0.999201 9.993E-05
9.993E-05 9.993E-05 9.993E-05 9.993E-05 9.993E-05 9.993E-05 9.993E-05 0.999201 9.993E-05
0.053062 0.00402394 0.074852 0.854463 9.9964E-05 9.9964E-05 9.9964E-05 9.9964E-05 0.0131992
0.0117758 9.9964E-05 0.0585496 0.847182 0.038804 9.9964E-05 9.9964E-05 9.9964E-05 0.043289
9.993E-05 9.993E-05 9.993E-05 9.993E-05 9.993E-05 9.993E-05 9.993E-05 0.999201 9.993E-05
9.993E-05 9.993E-05 9.993E-05 9.993E-05 9.993E-05 9.993E-05 9.993E-05 0.999201 9.993E-05
0.960625 9.99369E-05 9.99369E-05 9.99369E-05 0.0386757 9.99369E-05 9.99369E-05 9.99369E-05 9.99369E-05
0.174141 9.99729E-05 0.000289566 0.3193 0.183312 0.0597942 9.99729E-05 9.99729E-05 0.262863
9.99459E-05 9.99459E-05 0.904298 9.99459E-05 9.99459E-05 9.99459E-05 0.0496971 9.99459E-05 0.0454048
9.99641E-05 0.0157837 9.99641E-05 0.34248 0.337919 0.100263 9.99641E-05 0.203154 9.99641E-05
0.248037 9.99551E-05 9.99551E-05 9.99551E-05 0.429666 0.0640502 9.99551E-05 0.257747 9.99551E-05
9.99731E-05 0.572167 0.0705738 9.99731E-05 9.99731E-05 0.0392159 0.248502 0.0215568 0.0476849
