9.997E-05 9.997E-05 9.997E-05 0.9996 9.997E-05
9.9973E-05 9.9973E-05 9.9973E-05 0.522975 0.476725
0.082515 0.00896671 0.0462464 9.99911E-05 0.862172
0.0336344 9.9973E-05 9.9973E-05 9.9973E-05 0.966066
9.99731E-05 9.99731E-05 9.99731E-05 0.334717 0.664983
0.0128104 9.9973E-05 9.9973E-05 9.9973E-05 0.98689
9.99821E-05 9.99821E-05 0.637601 0.0760707 0.286128
0.00579592 9.99821E-05 9.99821E-05 0.199658 0.794347
9.99821E-05 9.99821E-05 0.436281 0.209596 0.353924
0.0485409 9.99821E-05 9.99821E-05 0.939224 0.0120353
0.0475531 9.9991E-05 0.00920645 0.919488 0.0236525
0.148748 9.9991E-05 0.270491 0.56154 0.019121
9.997E-05 9.997E-05 0.9996 9.997E-05 9.997E-05
0.0176998 0.0164672 0.009276 9.9991E-05 0.956457
0.0166388 0.0165087 9.9991E-05 0.0126004 0.954152
0.029028 9.9991E-05 0.42087 0.503535 0.046467
0.363914 0.0798955 0.191076 0.365015 9.9991E-05
9.9982E-05 0.70596 9.9982E-05 0.270815 0.0230251
0.0881039 0.911596 9.9973E-05 9.9973E-05 9.9973E-05
0.115851 9.9982E-05 0.0798359 0.804113 9.9982E-05
9.997E-05 0.9996 9.997E-05 9.997E-05 9.997E-05
9.9973E-05 9.9973E-05 0.117984 0.881716 9.9973E-05
0.361077 0.388865 9.9991E-05 0.222568 0.0273898
0.0886297 0.91107 9.9973E-05 9.9973E-05 9.9973E-05
9.997E-05 9.997E-05 9.997E-05 9.997E-05 0.9996
9.997E-05 9.997E-05 9.997E-05 9.997E-05 0.9996
0.0758068 9.99819E-05 0.785745 0.138248 9.99819E-05
9.9973E-05 9.9973E-05 0.013853 9.9973E-05 0.985847
9.9973E-05 9.9973E-05 0.00799279 9.9973E-05 0.991707
0.00276783 0.0433606 0.00709363 0.0318135 0.914964
0.0797743 0.00625777 0.0147352 9.9991E-05 0.899133
9.99732E-05 9.99732E-05 9.99732E-05 0.47661 0.52309
9.997E-05 9.997E-05 9.997E-05 9.997E-05 0.9996
9.99731E-05 9.99731E-05 9.99731E-05 0.193841 0.805859
0.251706 9.9991E-05 0.599798 0.122475 0.0259206
0.00324922 9.99819E-05 0.0354554 9.99819E-05 0.961095
0.0155104 9.9991E-05 0.00838955 0.950149 0.0258506
9.9982E-05 0.0163268 9.9982E-05 0.878777 0.104696
0.414096 0.0665425 0.22342 0.198944 0.0969981
0.0347705 9.9982E-05 9.9982E-05 0.887101 0.0779285
0.0363528 9.9982E-05 9.9982E-05 0.918074 0.0453733
0.0188078 0.00936376 0.0124973 0.959231 9.9991E-05
9.9982E-05 9.9982E-05 0.375424 0.617225 0.00715165
0.0896677 9.9982E-05 0.017555 0.892577 9.9982E-05
0.160279 0.111683 0.184525 0.543413 9.9991E-05
0.046937 0.0578502 0.0651116 0.760456 0.0696454
0.14355 9.9991E-05 0.284628 0.446272 0.12545
9.99733E-05 0.00369911 9.99733E-05 0.996001 9.99733E-05
9.9982E-05 0.0163494 9.9982E-05 0.190784 0.792667
9.9982E-05 0.0236277 9.9982E-05 0.210758 0.765414
9.9982E-05 0.0146064 9.9982E-05 0.229714 0.75548
9.9982E-05 0.019884 9.9982E-05 0.195043 0.784873
9.9973E-05 9.9973E-05 9.9973E-05 0.158786 0.840914
9.9991E-05 0.0441559 0.00765902 0.224397 0.723689
9.9973E-05 9.9973E-05 9.9973E-05 0.255739 0.743962
9.9973E-05 9.9973E-05 0.113147 0.886553 9.9973E-05
9.9973E-05 9.9973E-05 9.9973E-05 0.472848 0.526852
9.997E-05 9.997E-05 9.997E-05 9.997E-05 0.9996
0.0812496 9.9973E-05 0.91845 9.9973E-05 9.9973E-05
0.00628003 9.9991E-05 0.506858 0.43636 0.0504024
9.997E-05 9.997E-05 0.9996 9.997E-05 9.997E-05
9.99729E-05 9.99729E-05 0.95765 0.0420498 9.99729E-05
0.106699 9.99729E-05 0.893001 9.99729E-05 9.99729E-05
9.99821E-05 0.890964 9.99821E-05 0.105754 0.00308215
9.997E-05 9.997E-05 9.997E-05 9.997E-05 0.9996
0.122849 0.071551 0.24094 0.246142 0.318518
9.99731E-05 9.99731E-05 0.0229753 9.99731E-05 0.976725
9.997E-05 9.997E-05 9.997E-05 9.997E-05 0.9996
9.9973E-05 9.9973E-05 0.0386873 9.9973E-05 0.961013
9.9982E-05 0.00266213 0.00209486 9.9982E-05 0.995043
0.0125118 9.9982E-05 9.9982E-05 0.0461434 0.941145
0.0108862 9.9982E-05 0.00113571 9.9982E-05 0.987778
9.99732E-05 9.99732E-05 9.99732E-05 0.105829 0.893871
9.99732E-05 9.99732E-05 0.213466 9.99732E-05 0.786234
9.9973E-05 9.9973E-05 0.0106654 9.9973E-05 0.989035
0.0173793 9.9991E-05 0.169793 0.689888 0.122839
9.9982E-05 9.9982E-05 0.241136 0.625104 0.13356
0.9996 9.997E-05 9.997E-05 9.997E-05 9.997E-05
0.9996 9.997E-05 9.997E-05 9.997E-05 9.997E-05
0.00836202 9.9982E-05 0.00825195 0.983186 9.9982E-05
9.9973E-05 9.9973E-05 0.0933768 0.906323 9.9973E-05
0.9996 9.997E-05 9.997E-05 9.997E-05 9.997E-05
0.9996 9.997E-05 9.997E-05 9.997E-05 9.997E-05
9.9973E-05 9.9973E-05 0.105121 0.894579 9.9973E-05
9.9991E-05 0.0575806 0.358717 0.576344 0.00725902
9.9973E-05 9.9973E-05 9.9973E-05 0.47008 0.52962
0.266077 0.146325 0.369851 0.196483 0.0212636
0.365751 0.0659807 0.463135 0.105033 9.9991E-05
0.074173 0.0542951 9.99821E-05 9.99821E-05 0.871332
