0.000756215 9.9982E-05 0.999044 9.9982E-05
0.29925 0.314092 0.386558 9.9991E-05
0.0626964 0.816212 0.0449189 0.0761731
9.9982E-05 0.992893 0.00690686 9.9982E-05
0.302254 0.454165 0.243481 9.9991E-05
9.998E-05 0.9997 9.998E-05 9.998E-05
0.464795 0.0147505 0.520354 9.99911E-05
0.471288 0.415059 0.113553 9.9991E-05
0.484113 9.99821E-05 0.515687 9.99821E-05
0.166607 9.9982E-05 0.833193 9.9982E-05
0.133482 9.9982E-05 0.866318 9.9982E-05
9.9982E-05 0.0597131 0.940087 9.9982E-05
9.99821E-05 0.031142 0.968658 9.99821E-05
9.9982E-05 0.988234 9.9982E-05 0.0115665
9.999E-05 0.96459 0.033417 0.00189287
0.0787296 9.9982E-05 0.92107 9.9982E-05
9.9991E-05 0.0444938 0.797372 0.158035
0.100475 9.9991E-05 0.151459 0.747966
9.998E-05 9.998E-05 9.998E-05 0.9997
0.0124512 9.9982E-05 0.987349 9.9982E-05
9.998E-05 9.998E-05 9.998E-05 0.9997
9.998E-05 9.998E-05 0.9997 9.998E-05
0.0963387 0.0234494 0.357436 0.522775
9.9982E-05 9.9982E-05 0.00461282 0.995187
0.00316457 0.996635 9.9982E-05 9.9982E-05
9.998E-05 0.9997 9.998E-05 9.998E-05
9.998E-05 9.998E-05 0.9997 9.998E-05
0.0763826 0.923417 9.9982E-05 9.9982E-05
0.087107 0.912693 9.9982E-05 9.9982E-05
0.294432 0.670845 0.000785272 0.0339374
0.316859 0.678028 9.9991E-05 0.0050131
0.622622 0.102486 0.274792 9.9991E-05
9.998E-05 0.9997 9.998E-05 9.998E-05
0.892315 0.107485 9.9982E-05 9.9982E-05
9.9982E-05 0.0855234 0.914277 9.9982E-05
9.9982E-05 0.999654 0.000146126 9.9982E-05
9.99821E-05 0.0715869 0.928213 9.99821E-05
0.200659 0.0315672 0.764844 0.00293031
9.9991E-05 0.211387 0.633247 0.155266
9.99819E-05 0.16594 0.83386 9.99819E-05
0.0336179 0.0899302 0.871647 0.00480488
0.0586919 9.9991E-05 0.93177 0.00943794
0.0891068 9.9982E-05 0.910693 9.9982E-05
0.102547 9.9991E-05 0.88863 0.00872315
0.038183 9.9991E-05 0.812144 0.149573
0.0926963 0.0586048 0.80999 0.0387086
0.0543418 0.120754 0.824124 0.000780542
0.0312849 9.99911E-05 0.945003 0.0236125
0.9997 9.998E-05 9.998E-05 9.998E-05
0.998184 9.9982E-05 9.9982E-05 0.00161644
0.9997 9.998E-05 9.998E-05 9.998E-05
0.9997 9.998E-05 9.998E-05 9.998E-05
0.9997 9.998E-05 9.998E-05 9.998E-05
0.637298 0.259578 0.0573597 0.045764
0.994454 9.9982E-05 0.00534653 9.9982E-05
9.998E-05 9.998E-05 0.9997 9.998E-05
0.557754 0.12937 0.312776 9.9991E-05
9.998E-05 0.9997 9.998E-05 9.998E-05
9.99821E-05 0.00575814 0.994042 9.99821E-05
9.9982E-05 0.0882176 0.911582 9.9982E-05
9.998E-05 9.998E-05 0.9997 9.998E-05
9.998E-05 9.998E-05 0.9997 9.998E-05
9.9982E-05 9.9982E-05 0.98091 0.0188901
0.0823386 9.9991E-05 0.00413129 0.91343
9.998E-05 0.9997 9.998E-05 9.998E-05
0.156594 0.398096 0.44299 0.00231954
9.998E-05 0.9997 9.998E-05 9.998E-05
9.9982E-05 0.998963 0.000836942 9.9982E-05
0.0952212 0.904579 9.9982E-05 9.9982E-05
0.100079 0.899721 9.9982E-05 9.9982E-05
0.0176885 0.942725 0.0394863 9.9991E-05
9.998E-05 0.9997 9.998E-05 9.998E-05
0.516197 0.483603 9.99821E-05 9.99821E-05
0.403842 0.573871 0.0206511 0.00163615
0.0200815 0.973292 9.9991E-05 0.00652614
0.0978072 0.0898059 0.812287 9.9991E-05
0.12339 0.0649033 0.811607 9.9991E-05
9.9991E-05 0.158892 0.604921 0.236087
9.9991E-05 0.151561 0.625787 0.222552
0.14091 9.99819E-05 0.85889 9.99819E-05
0.093528 9.9982E-05 0.906272 9.9982E-05
9.9991E-05 0.153867 0.634868 0.211165
9.9991E-05 0.162378 0.62455 0.212973
0.046176 9.9982E-05 0.953624 9.9982E-05
0.0615074 9.9991E-05 0.908682 0.0297103
0.648217 0.0437477 0.307936 9.9991E-05
9.9991E-05 0.0969982 0.716457 0.186445
9.9991E-05 0.0424382 0.792324 0.165138
0.33713 0.604249 9.9991E-05 0.0585206
