9.998E-05 0.9997 9.998E-05 9.998E-05
9.999E-05 0.394879 0.309439 0.295582
0.0792408 0.0529759 0.0275753 0.840208
9.9982E-05 9.9982E-05 0.00126449 0.998536
9.999E-05 0.280042 0.300418 0.41944
9.998E-05 9.998E-05 9.998E-05 0.9997
9.999E-05 0.549601 0.408874 0.0414249
9.999E-05 0.0895411 0.47737 0.432988
9.99821E-05 0.511947 0.487854 9.99821E-05
9.9982E-05 0.833019 0.166781 9.9982E-05
9.9982E-05 0.883046 0.116754 9.9982E-05
9.99821E-05 0.916887 9.99821E-05 0.0829133
9.99821E-05 0.910062 9.99821E-05 0.0897384
0.0118393 0.0276366 9.9991E-05 0.960424
0.00842129 0.0256973 9.9991E-05 0.965781
9.9991E-05 0.907934 0.0798436 0.0121228
0.157684 0.78403 9.9991E-05 0.0581863
0.714627 0.169695 0.115578 9.9991E-05
0.9997 9.998E-05 9.998E-05 9.998E-05
9.9982E-05 0.9797 0.0201004 9.9982E-05
0.9997 9.998E-05 9.998E-05 9.998E-05
9.9982E-05 0.964967 0.0348332 9.9982E-05
0.541732 0.334572 0.107638 0.016057
0.993776 0.00602421 9.9982E-05 9.9982E-05
9.998E-05 9.998E-05 9.998E-05 0.9997
9.998E-05 9.998E-05 9.998E-05 0.9997
9.998E-05 0.9997 9.998E-05 9.998E-05
9.9982E-05 9.9982E-05 0.0387392 0.961061
9.9982E-05 9.9982E-05 0.0953709 0.904429
0.025966 0.00375997 0.307745 0.662529
0.0189701 9.9991E-05 0.317691 0.663239
9.9991E-05 0.27636 0.643943 0.0795971
9.998E-05 9.998E-05 9.998E-05 0.9997
9.9982E-05 9.9982E-05 0.924569 0.075231
9.9982E-05 0.912454 9.9982E-05 0.0873459
9.9982E-05 0.0145886 9.9982E-05 0.985211
9.99821E-05 0.903657 9.99821E-05 0.0961433
0.00944222 0.758728 0.203558 0.0282722
0.163617 0.646455 9.9991E-05 0.189828
9.9982E-05 0.853954 9.9982E-05 0.145846
9.9991E-05 0.869542 0.0299848 0.100373
0.011938 0.969011 0.0189511 9.9991E-05
9.9982E-05 0.909991 0.0898087 9.9982E-05
0.00583647 0.892292 0.101772 9.9991E-05
0.165045 0.796499 0.0383556 9.9991E-05
0.0403818 0.82624 0.0776594 0.0557187
9.9991E-05 0.78757 0.0800087 0.132321
0.0203155 0.966717 0.0128671 9.99911E-05
9.998E-05 9.998E-05 0.9997 9.998E-05
9.998E-05 9.998E-05 0.9997 9.998E-05
9.998E-05 9.998E-05 0.9997 9.998E-05
9.998E-05 9.998E-05 0.9997 9.998E-05
9.998E-05 9.998E-05 0.9997 9.998E-05
0.0484319 0.0553844 0.632769 0.263415
9.998E-05 9.998E-05 0.9997 9.998E-05
9.9982E-05 0.968415 0.031385 9.9982E-05
9.9991E-05 0.296534 0.63909 0.0642761
9.998E-05 9.998E-05 9.998E-05 0.9997
9.998E-05 0.9997 9.998E-05 9.998E-05
9.9991E-05 0.921345 0.026919 0.051636
9.998E-05 0.9997 9.998E-05 9.998E-05
9.998E-05 0.9997 9.998E-05 9.998E-05
0.00218021 0.99762 9.9982E-05 9.9982E-05
0.903257 0.0717922 0.0248508 9.9991E-05
9.998E-05 9.998E-05 9.998E-05 0.9997
0.0602113 0.492774 0.194056 0.252959
9.99821E-05 9.99821E-05 0.0118749 0.987925
9.9982E-05 9.9982E-05 0.0301865 0.969614
9.9982E-05 9.9982E-05 0.101287 0.898513
0.000909061 9.9991E-05 0.0788935 0.920097
9.9991E-05 0.057617 0.0147472 0.927536
9.998E-05 9.998E-05 9.998E-05 0.9997
9.99821E-05 9.99821E-05 0.484025 0.515775
0.009436 0.0345963 0.421142 0.534825
9.9991E-05 0.00488782 0.0172503 0.977762
9.9991E-05 0.776468 0.148654 0.0747779
9.9991E-05 0.804495 0.161869 0.0335358
0.238561 0.642761 9.9991E-05 0.118578
0.235558 0.634895 9.9991E-05 0.129446
9.99819E-05 0.889453 0.110348 9.99819E-05
9.9982E-05 0.891118 0.108682 9.9982E-05
0.216336 0.668042 9.9991E-05 0.115522
0.218571 0.641136 9.9991E-05 0.140193
9.9982E-05 0.953731 0.046069 9.9982E-05
0.0314469 0.897487 0.0558271 0.0152394
9.9991E-05 0.281871 0.636426 0.081603
0.19923 0.714037 9.9991E-05 0.0866333
0.154847 0.822235 9.9991E-05 0.0228181
0.0413844 9.9991E-05 0.361635 0.59688
