9.9982E-05 0.953976 9.9982E-05 0.0458236
0.514932 0.457501 9.9991E-05 0.0274669
0.866987 0.0119492 0.0418649 0.0791993
0.963912 9.9982E-05 9.9982E-05 0.035888
0.694981 0.304819 9.99821E-05 9.99821E-05
0.992633 9.9982E-05 9.9982E-05 0.00716738
0.313175 0.686625 9.99821E-05 9.99821E-05
0.8077 0.158602 9.9991E-05 0.0335976
0.339028 0.660772 9.99821E-05 9.99821E-05
0.0259857 0.815063 9.9991E-05 0.158851
9.9982E-05 0.833342 9.9982E-05 0.166458
0.0602971 0.776449 9.9991E-05 0.163154
0.052494 0.929211 0.0181954 9.99911E-05
0.986179 9.9991E-05 0.00265294 0.0110676
0.9997 9.998E-05 9.998E-05 9.998E-05
0.068167 0.901319 9.9991E-05 0.0304139
9.9991E-05 0.490404 0.0924974 0.416998
0.0645429 0.187783 0.747574 9.9991E-05
9.9982E-05 9.9982E-05 0.904939 0.0948608
9.9982E-05 0.811625 9.9982E-05 0.188175
9.998E-05 9.998E-05 0.9997 9.998E-05
9.9982E-05 0.924459 9.9982E-05 0.0753406
0.0489314 0.10605 0.432096 0.412922
9.9982E-05 9.9982E-05 0.923744 0.0760561
0.9997 9.998E-05 9.998E-05 9.998E-05
0.9997 9.998E-05 9.998E-05 9.998E-05
9.9982E-05 0.899273 9.9982E-05 0.100527
0.9997 9.998E-05 9.998E-05 9.998E-05
0.9997 9.998E-05 9.998E-05 9.998E-05
0.947565 0.0184143 0.0313873 0.00263307
0.917241 9.9991E-05 0.0110313 0.0716278
0.55042 0.44938 9.99821E-05 9.99821E-05
0.9997 9.998E-05 9.998E-05 9.998E-05
0.812223 0.187577 9.9982E-05 9.9982E-05
0.0551463 0.658419 9.9991E-05 0.286335
0.99839 9.9982E-05 9.9982E-05 0.00141001
0.0494491 0.892076 9.9991E-05 0.0583754
0.153228 0.77666 0.0414571 0.0286546
0.118588 0.334656 0.071089 0.475666
0.118534 0.801209 9.9991E-05 0.0801569
0.0805956 0.816894 9.9991E-05 0.102411
9.9991E-05 0.865374 0.0220983 0.112427
0.0300327 0.969767 9.9982E-05 9.9982E-05
9.9982E-05 0.79141 9.9982E-05 0.20839
9.9991E-05 0.706906 0.0961334 0.196861
0.131399 0.724028 0.0404806 0.104092
0.138003 0.709336 9.9991E-05 0.15256
9.99822E-05 0.98258 0.0172203 9.99822E-05
0.823773 0.109292 0.0668344 9.9991E-05
0.802216 0.128723 0.0689609 9.9991E-05
0.7923 0.149379 0.0582213 9.9991E-05
0.807367 0.145051 0.0474817 9.9991E-05
0.863086 0.0797354 0.0570782 9.9991E-05
0.751696 0.177829 0.0703755 9.9991E-05
0.773471 0.200657 0.025772 9.9991E-05
9.998E-05 0.9997 9.998E-05 9.998E-05
0.57213 0.42767 9.9982E-05 9.9982E-05
0.9997 9.998E-05 9.998E-05 9.998E-05
9.9982E-05 0.927314 9.9982E-05 0.0724856
0.081052 0.886818 9.9991E-05 0.0320295
9.99821E-05 0.969522 0.0302781 9.99821E-05
9.9991E-05 0.983251 0.00857111 0.00807809
9.9991E-05 0.857559 0.0331797 0.109162
0.00600794 0.0598114 0.934081 9.9991E-05
0.9997 9.998E-05 9.998E-05 9.998E-05
0.463711 0.39791 0.0160041 0.122375
0.9997 9.998E-05 9.998E-05 9.998E-05
0.9997 9.998E-05 9.998E-05 9.998E-05
0.9997 9.998E-05 9.998E-05 9.998E-05
0.9997 9.998E-05 9.998E-05 9.998E-05
0.993733 9.9982E-05 9.9982E-05 0.00606712
0.9997 9.998E-05 9.998E-05 9.998E-05
0.940988 0.0588117 9.99821E-05 9.99821E-05
0.843461 0.133421 0.0230182 9.99911E-05
0.998465 9.9982E-05 9.9982E-05 0.00133502
0.159002 0.789836 9.9991E-05 0.0510625
0.128148 0.81769 9.9991E-05 0.0540615
9.998E-05 9.998E-05 9.998E-05 0.9997
9.998E-05 9.998E-05 9.998E-05 0.9997
0.0331309 0.868275 9.9991E-05 0.0984939
0.0265223 0.874388 0.00358873 0.0955012
9.998E-05 9.998E-05 9.998E-05 0.9997
9.998E-05 9.998E-05 9.998E-05 0.9997
9.998E-05 0.9997 9.998E-05 9.998E-05
0.000709445 0.949383 0.0498074 9.9991E-05
0.554322 0.445478 9.9982E-05 9.9982E-05
0.05293 0.523166 0.130924 0.292981
9.9991E-05 0.580881 0.0817157 0.337303
0.903796 9.9991E-05 0.0648993 0.0312047
