9.99549E-05 9.99549E-05 0.00329207 0.00904416 0.897333 0.0898311 9.99549E-05 9.99549E-05 9.99549E-05
0.0082608 0.31278 0.212001 0.0327075 0.224206 0.0457029 9.9982E-05 0.164141 9.9982E-05
9.99643E-05 0.795524 0.0115561 0.0330578 9.99643E-05 9.99643E-05 0.0585191 9.99643E-05 0.100944
9.9946E-05 0.946475 9.9946E-05 0.0362229 9.9946E-05 0.0167023 9.9946E-05 9.9946E-05 9.9946E-05
0.0249151 0.422683 0.191806 9.99731E-05 0.0717223 0.179102 9.99731E-05 0.109472 9.99731E-05
0.0370065 0.962294 9.9937E-05 9.9937E-05 9.9937E-05 9.9937E-05 9.9937E-05 9.9937E-05 9.9937E-05
9.99463E-05 9.99463E-05 0.104238 9.99463E-05 9.99463E-05 9.99463E-05 9.99463E-05 0.865879 0.0292831
9.99551E-05 0.434735 0.381788 9.99551E-05 9.99551E-05 0.17975 9.99551E-05 0.00322748 9.99551E-05
9.99372E-05 9.99372E-05 0.151491 9.99372E-05 9.99372E-05 9.99372E-05 9.99372E-05 0.847809 9.99372E-05
9.993E-05 9.993E-05 9.993E-05 9.993E-05 9.993E-05 0.999201 9.993E-05 9.993E-05 9.993E-05
9.993E-05 9.993E-05 9.993E-05 9.993E-05 9.993E-05 0.999201 9.993E-05 9.993E-05 9.993E-05
9.9955E-05 0.0417325 9.9955E-05 0.112633 0.662759 9.9955E-05 9.9955E-05 9.9955E-05 0.182376
9.99372E-05 0.000702513 9.99372E-05 9.99372E-05 9.99372E-05 9.99372E-05 9.99372E-05 9.99372E-05 0.998598
0.0596079 0.929025 9.9946E-05 9.9946E-05 9.9946E-05 9.9946E-05 0.0107675 9.9946E-05 9.9946E-05
9.9955E-05 0.936947 9.9955E-05 0.00367152 0.0574249 9.9955E-05 0.00145698 9.9955E-05 9.9955E-05
0.136631 9.99639E-05 9.99639E-05 9.99639E-05 0.0698584 0.0541719 9.99639E-05 0.625046 0.113893
0.920526 9.99369E-05 9.99369E-05 9.99369E-05 9.99369E-05 0.0787742 9.99369E-05 9.99369E-05 9.99369E-05
9.99639E-05 9.99639E-05 0.0644849 9.99639E-05 0.0568012 0.104453 0.679013 0.0948486 9.99639E-05
9.9937E-05 9.9937E-05 9.9937E-05 0.0891583 9.9937E-05 9.9937E-05 0.910142 9.9937E-05 9.9937E-05
0.108891 9.99639E-05 9.99639E-05 0.0659636 0.160365 0.48374 9.99639E-05 0.180641 9.99639E-05
9.993E-05 9.993E-05 9.993E-05 9.993E-05 9.993E-05 9.993E-05 0.999201 9.993E-05 9.993E-05
0.105353 9.99729E-05 9.99729E-05 0.0110319 0.560397 0.0709923 9.99729E-05 0.198387 0.0535384
0.305449 9.9964E-05 0.0165216 0.1605 9.9964E-05 0.164121 0.353008 9.9964E-05 9.9964E-05
0.044014 9.99459E-05 9.99459E-05 0.0468461 9.99459E-05 9.99459E-05 0.90854 9.99459E-05 9.99459E-05
9.99371E-05 0.996846 0.00245455 9.99371E-05 9.99371E-05 9.99371E-05 9.99371E-05 9.99371E-05 9.99371E-05
9.993E-05 0.999201 9.993E-05 9.993E-05 9.993E-05 9.993E-05 9.993E-05 9.993E-05 9.993E-05
0.00520893 9.99639E-05 9.99639E-05 0.0764129 0.033146 0.0953034 9.99639E-05 9.99639E-05 0.789529
9.9955E-05 0.929222 0.034204 9.9955E-05 9.9955E-05 9.9955E-05 9.9955E-05 0.0218066 0.0142675
9.9955E-05 0.885127 0.0827077 9.9955E-05 0.0157982 9.9955E-05 9.9955E-05 0.0158675 9.9955E-05
9.99641E-05 0.673131 0.242648 0.00141362 9.99641E-05 9.99641E-05 0.031593 9.99641E-05 0.050814
0.0916675 0.629619 0.278114 9.99461E-05 9.99461E-05 9.99461E-05 9.99461E-05 9.99461E-05 9.99461E-05
9.99641E-05 0.17684 0.406422 0.00385821 0.217923 9.99641E-05 9.99641E-05 0.194558 9.99641E-05
0.00947224 0.989828 9.99371E-05 9.99371E-05 9.99371E-05 9.99371E-05 9.99371E-05 9.99371E-05 9.99371E-05
9.99551E-05 0.0936199 0.887358 0.0123296 9.99551E-05 9.99551E-05 9.99551E-05 9.99551E-05 0.00619238
0.361929 0.0265907 0.0113955 0.0767678 0.0266854 0.00579022 9.99819E-05 9.99819E-05 0.490641
0.0208171 0.974414 9.99549E-05 0.00362949 9.99549E-05 9.99549E-05 9.99549E-05 0.000639678 9.99549E-05
0.0151881 0.0128963 9.9946E-05 9.9946E-05 0.971316 9.9946E-05 9.9946E-05 9.9946E-05 9.9946E-05
0.0172065 0.0636356 0.0595184 9.9982E-05 0.120259 0.709835 0.0195556 9.9982E-05 0.00979031
0.999201 9.993E-05 9.993E-05 9.993E-05 9.993E-05 9.993E-05 9.993E-05 9.993E-05 9.993E-05
0.22156 0.0743552 9.99639E-05 9.99639E-05 0.318659 0.209727 9.99639E-05 0.1753 9.99639E-05
0.159426 0.0567518 9.99639E-05 9.99639E-05 0.364747 0.277279 9.99639E-05 0.141396 9.99639E-05
0.0164847 9.9946E-05 9.9946E-05 9.9946E-05 0.0422324 0.940683 9.9946E-05 9.9946E-05 9.9946E-05
9.99639E-05 9.99639E-05 9.99639E-05 9.99639E-05 0.147169 0.0305665 0.00214426 0.789519 0.0302013
0.00896567 9.9973E-05 0.00595879 0.00697346 0.0169235 0.911306 9.9973E-05 9.9973E-05 0.049573
9.9973E-05 9.9973E-05 9.9973E-05 0.10401 0.0883865 0.483087 0.115326 0.0438973 0.164993
0.0471205 0.0737786 9.9982E-05 9.9982E-05 0.198669 0.567302 0.03084 0.0614382 0.0206522
0.359906 0.0596268 0.0617142 9.9973E-05 0.178021 0.221536 9.9973E-05 9.9973E-05 0.118896
9.99373E-05 9.99373E-05 9.99373E-05 9.99373E-05 0.983685 9.99373E-05 0.0156152 9.99373E-05 9.99373E-05
9.993E-05 9.993E-05 0.999201 9.993E-05 9.993E-05 9.993E-05 9.993E-05 9.993E-05 9.993E-05
9.993E-05 9.993E-05 0.999201 9.993E-05 9.993E-05 9.993E-05 9.993E-05 9.993E-05 9.993E-05
0.00928848 9.9937E-05 0.990012 9.9937E-05 9.9937E-05 9.9937E-05 9.9937E-05 9.9937E-05 9.9937E-05
9.9937E-05 9.9937E-05 0.998419 9.9937E-05 0.000881022 9.9937E-05 9.9937E-05 9.9937E-05 9.9937E-05
9.993E-05 9.993E-05 0.999201 9.993E-05 9.993E-05 9.993E-05 9.993E-05 9.993E-05 9.993E-05
9.99641E-05 0.268942 0.518285 9.99641E-05 9.99641E-05 0.00834191 0.0299988 0.174033 9.99641E-05
9.99369E-05 9.99369E-05 0.972259 9.99369E-05 0.0270412 9.99369E-05 9.99369E-05 9.99369E-05 9.99369E-05
9.99549E-05 9.99549E-05 9.99549E-05 9.99549E-05 0.781189 0.0168065 9.99549E-05 0.17794 0.0235654
9.99549E-05 0.131039 0.442738 9.99549E-05 0.144098 9.99549E-05 9.99549E-05 0.281626 9.99549E-05
0.0227642 0.976536 9.99369E-05 9.99369E-05 9.99369E-05 9.99369E-05 9.99369E-05 9.99369E-05 9.99369E-05
9.9955E-05 9.9955E-05 9.9955E-05 0.0509481 0.084036 9.9955E-05 9.9955E-05 0.074958 0.789558
0.0441542 9.9964E-05 9.9964E-05 0.0230617 0.130558 9.9964E-05 9.9964E-05 0.74717 0.0546556
9.993E-05 9.993E-05 9.993E-05 9.993E-05 9.993E-05 9.993E-05 9.993E-05 9.993E-05 0.999201
9.99369E-05 9.99369E-05 9.99369E-05 9.99369E-05 9.99369E-05 0.119048 9.99369E-05 9.99369E-05 0.880252
0.0134283 9.996E-05 9.996E-05 0.0438622 9.996E-05 0.117612 0.00715265 9.996E-05 0.817545
9.99372E-05 9.99372E-05 9.99372E-05 9.99372E-05 0.113164 9.99372E-05 0.886137 9.99372E-05 9.99372E-05
9.99372E-05 0.984273 9.99372E-05 9.99372E-05 9.99372E-05 9.99372E-05 9.99372E-05 0.0150278 9.99372E-05
0.164659 0.165863 0.269618 0.0572898 0.0478451 0.109665 0.0219049 0.117172 0.0459831
9.99462E-05 0.980815 9.99462E-05 9.99462E-05 9.99462E-05 9.99462E-05 9.99462E-05 0.0156144 0.00297072
0.059652 0.918706 9.99459E-05 9.99459E-05 0.0210419 9.99459E-05 9.99459E-05 9.99459E-05 9.99459E-05
9.99459E-05 0.913088 0.0258748 9.99459E-05 9.99459E-05 9.99459E-05 9.99459E-05 0.0604371 9.99459E-05
9.9955E-05 0.941052 0.00872666 9.9955E-05 9.9955E-05 9.9955E-05 0.00156857 0.0481529 9.9955E-05
0.0241641 0.886429 0.019987 9.996E-05 0.00606576 0.0629543 9.996E-05 9.996E-05 9.996E-05
0.0394265 0.959874 9.99369E-05 9.99369E-05 9.99369E-05 9.99369E-05 9.99369E-05 9.99369E-05 9.99369E-05
0.070022 0.505834 0.423544 9.99464E-05 9.99464E-05 9.99464E-05 9.99464E-05 9.99464E-05 9.99464E-05
9.99553E-05 0.484844 0.292751 9.99553E-05 9.99553E-05 9.99553E-05 9.99553E-05 0.0738239 0.148082
9.9955E-05 0.969222 0.0167617 0.00372554 9.9955E-05 0.00979128 9.9955E-05 9.9955E-05 9.9955E-05
0.0265417 9.99548E-05 9.99548E-05 0.0716312 0.0487088 9.99548E-05 9.99548E-05 0.852619 9.99548E-05
9.99558E-05 9.99558E-05 9.99558E-05 0.0681263 0.0216776 0.00105169 9.99558E-05 0.908645 9.99558E-05
9.993E-05 9.993E-05 9.993E-05 0.995417 0.00388304 9.993E-05 9.993E-05 9.993E-05 9.993E-05
9.993E-05 9.993E-05 9.993E-05 0.999201 9.993E-05 9.993E-05 9.993E-05 9.993E-05 9.993E-05
9.99639E-05 0.0279735 9.99639E-05 9.99639E-05 0.0313208 0.881006 9.99639E-05 0.0289633 0.0303367
9.9964E-05 0.00239615 9.9964E-05 9.9964E-05 0.0139228 0.853054 9.9964E-05 0.0900293 0.0401984
9.99371E-05 9.99371E-05 9.99371E-05 0.98938 9.99371E-05 0.00992086 9.99371E-05 9.99371E-05 9.99371E-05
9.993E-05 9.993E-05 9.993E-05 0.999201 9.993E-05 9.993E-05 9.993E-05 9.993E-05 9.993E-05
9.99459E-05 9.99459E-05 0.034138 9.99459E-05 0.918806 9.99459E-05 9.99459E-05 9.99459E-05 0.0464561
9.9973E-05 9.9973E-05 9.9973E-05 0.005649 0.130988 0.182815 0.072771 0.499001 0.108476
9.9955E-05 0.107796 0.457696 9.9955E-05 0.13376 9.9955E-05 9.9955E-05 0.300248 9.9955E-05
0.52007 0.0181641 9.99731E-05 0.0124524 9.99731E-05 0.188563 0.076037 9.99731E-05 0.184413
0.589049 9.99641E-05 9.99641E-05 0.0624238 0.116094 9.99641E-05 0.0212104 9.99641E-05 0.210823
9.99552E-05 0.641819 0.282657 0.0335581 9.99552E-05 9.99552E-05 0.0414659 9.99552E-05 9.99552E-05
