0.0227244 0.0180152 9.99459E-05 9.99459E-05 9.99459E-05 9.99459E-05 9.99459E-05 9.99459E-05 0.958661
9.99639E-05 0.0236897 9.99639E-05 0.630114 0.0266114 9.99639E-05 9.99639E-05 0.165825 0.15336
9.99733E-05 0.0218947 0.0174369 0.0352743 9.99733E-05 0.0268994 0.0570505 0.841144 9.99733E-05
9.9937E-05 0.0340188 9.9937E-05 9.9937E-05 9.9937E-05 9.9937E-05 9.9937E-05 0.965282 9.9937E-05
0.0374775 9.9973E-05 0.0288179 0.371758 0.124475 9.9973E-05 9.9973E-05 0.388258 0.0489142
9.9937E-05 9.9937E-05 9.9937E-05 9.9937E-05 0.0377811 9.9937E-05 9.9937E-05 0.961519 9.9937E-05
9.9937E-05 9.9937E-05 9.9937E-05 0.710464 9.9937E-05 9.9937E-05 0.288837 9.9937E-05 9.9937E-05
0.0560674 0.0107228 0.191599 0.370582 9.9964E-05 9.9964E-05 9.9964E-05 0.370629 9.9964E-05
9.9937E-05 9.9937E-05 9.9937E-05 0.759588 9.9937E-05 9.9937E-05 0.239713 9.9937E-05 9.9937E-05
0.900736 9.99462E-05 9.99462E-05 0.0889839 0.00968022 9.99462E-05 9.99462E-05 9.99462E-05 9.99462E-05
0.944577 9.99373E-05 9.99373E-05 0.054723 9.99373E-05 9.99373E-05 9.99373E-05 9.99373E-05 9.99373E-05
9.9955E-05 0.135734 9.9955E-05 9.9955E-05 9.9955E-05 9.9955E-05 0.182977 0.00972305 0.671066
9.99371E-05 9.99371E-05 9.99371E-05 9.99371E-05 9.99371E-05 9.99371E-05 0.99553 0.00377072 9.99371E-05
9.9955E-05 9.9955E-05 9.9955E-05 9.9955E-05 0.0395292 0.00902367 9.9955E-05 0.945693 0.00525408
0.0131946 0.00325909 9.9964E-05 9.9964E-05 9.9964E-05 0.000850709 9.9964E-05 0.931508 0.050788
0.524203 9.9973E-05 0.0137817 9.9973E-05 0.0652508 9.9973E-05 0.355434 0.0201117 0.0209185
0.085828 9.99368E-05 9.99368E-05 9.99368E-05 0.913472 9.99368E-05 9.99368E-05 9.99368E-05 9.99368E-05
0.137741 9.99639E-05 0.0574419 0.0230915 9.99639E-05 0.703194 9.99639E-05 9.99639E-05 0.0781319
9.9937E-05 0.0621786 9.9937E-05 9.9937E-05 9.9937E-05 0.937122 9.9937E-05 9.9937E-05 9.9937E-05
0.72059 0.036199 9.99549E-05 9.99549E-05 0.121756 9.99549E-05 9.99549E-05 9.99549E-05 0.120955
9.993E-05 9.993E-05 9.993E-05 9.993E-05 9.993E-05 0.999201 9.993E-05 9.993E-05 9.993E-05
0.306453 9.99549E-05 9.99549E-05 9.99549E-05 0.0289616 9.99549E-05 0.0950535 9.99549E-05 0.569032
0.132269 0.137575 9.9955E-05 9.9955E-05 0.386974 0.342682 9.9955E-05 9.9955E-05 9.9955E-05
9.99459E-05 0.0264474 9.99459E-05 9.99459E-05 0.102063 0.870889 9.99459E-05 9.99459E-05 9.99459E-05
9.993E-05 9.993E-05 9.993E-05 9.993E-05 9.993E-05 9.993E-05 9.993E-05 0.999201 9.993E-05
9.993E-05 9.993E-05 9.993E-05 9.993E-05 9.993E-05 9.993E-05 9.993E-05 0.999201 9.993E-05
0.0556794 0.0730524 9.99639E-05 9.99639E-05 0.0219811 9.99639E-05 0.810449 9.99639E-05 0.0384387
9.99459E-05 9.99459E-05 0.0514832 9.99459E-05 9.99459E-05 9.99459E-05 0.0393867 0.90853 9.99459E-05
9.9946E-05 9.9946E-05 0.0423985 9.9946E-05 9.9946E-05 9.9946E-05 0.0228353 0.934167 9.9946E-05
9.996E-05 0.0563536 0.223111 0.0358671 9.996E-05 0.0215489 9.996E-05 0.662719 9.996E-05
9.9955E-05 9.9955E-05 0.184467 0.151223 0.0577126 9.9955E-05 9.9955E-05 0.606098 9.9955E-05
9.9955E-05 0.00463541 0.0584058 0.874969 9.9955E-05 9.9955E-05 9.9955E-05 9.9955E-05 0.0614903
9.99371E-05 9.99371E-05 9.99371E-05 9.99371E-05 0.00929888 9.99371E-05 9.99371E-05 0.990002 9.99371E-05
9.99552E-05 9.99552E-05 0.80098 0.0922056 0.00229024 9.99552E-05 9.99552E-05 0.104024 9.99552E-05
0.010627 0.097671 9.99729E-05 9.99729E-05 0.327744 9.99729E-05 0.474782 0.0120705 0.0768061
9.99369E-05 9.99369E-05 9.99369E-05 9.99369E-05 9.99369E-05 9.99369E-05 0.018454 0.980846 9.99369E-05
9.9955E-05 0.0148852 9.9955E-05 9.9955E-05 0.0144436 9.9955E-05 9.9955E-05 0.0286372 0.941534
0.604289 9.9973E-05 9.9973E-05 0.191111 0.0707805 0.0217595 9.9973E-05 0.0260873 0.0856733
9.99459E-05 9.99459E-05 9.99459E-05 0.0193305 0.97534 9.99459E-05 9.99459E-05 0.00472976 9.99459E-05
0.594224 9.99549E-05 9.99549E-05 9.99549E-05 0.0743852 9.99549E-05 9.99549E-05 0.0899158 0.240975
0.632844 9.9964E-05 9.9964E-05 9.9964E-05 0.000173302 0.00880125 9.9964E-05 0.0843296 0.273452
0.954546 9.9946E-05 9.9946E-05 9.9946E-05 0.0393287 9.9946E-05 9.9946E-05 9.9946E-05 0.00552584
0.586182 9.99549E-05 9.99549E-05 0.109112 9.99549E-05 9.99549E-05 0.237221 9.99549E-05 0.0669854
0.854325 9.99369E-05 9.99369E-05 9.99369E-05 0.144976 9.99369E-05 9.99369E-05 9.99369E-05 9.99369E-05
0.496375 0.095866 0.00776039 9.9982E-05 0.116081 0.0970016 0.148229 9.9982E-05 0.0384866
0.631443 9.9973E-05 9.9973E-05 9.9973E-05 0.0879566 0.0332047 0.0535906 0.0625418 0.130964
0.130109 9.9982E-05 0.0646809 0.024642 0.354351 9.9982E-05 0.159944 0.0461591 0.219914
9.99374E-05 9.99374E-05 9.99374E-05 9.99374E-05 9.99374E-05 0.0186916 9.99374E-05 9.99374E-05 0.980609
9.993E-05 9.993E-05 0.999201 9.993E-05 9.993E-05 9.993E-05 9.993E-05 9.993E-05 9.993E-05
9.993E-05 9.993E-05 0.999201 9.993E-05 9.993E-05 9.993E-05 9.993E-05 9.993E-05 9.993E-05
0.0144745 9.9937E-05 0.984826 9.9937E-05 9.9937E-05 9.9937E-05 9.9937E-05 9.9937E-05 9.9937E-05
9.99371E-05 9.99371E-05 0.999154 9.99371E-05 9.99371E-05 9.99371E-05 9.99371E-05 9.99371E-05 0.000146829
9.993E-05 9.993E-05 0.999201 9.993E-05 9.993E-05 9.993E-05 9.993E-05 9.993E-05 9.993E-05
0.0379902 9.99731E-05 0.446294 0.251546 9.99731E-05 0.0325303 0.0140811 0.217259 9.99731E-05
9.9937E-05 9.9937E-05 0.968769 0.0305312 9.9937E-05 9.9937E-05 9.9937E-05 9.9937E-05 9.9937E-05
0.0267307 9.99459E-05 9.99459E-05 9.99459E-05 9.99459E-05 9.99459E-05 0.0845258 9.99459E-05 0.888144
9.99638E-05 0.0212955 0.0911144 0.801068 9.99638E-05 9.99638E-05 9.99638E-05 0.0178979 0.0682243
9.99369E-05 9.99369E-05 9.99369E-05 9.99369E-05 0.00962186 9.99369E-05 9.99369E-05 0.989679 9.99369E-05
9.9946E-05 0.0569505 9.9946E-05 9.9946E-05 9.9946E-05 9.9946E-05 0.853621 9.9946E-05 0.0888292
0.534407 9.99551E-05 9.99551E-05 9.99551E-05 9.99551E-05 9.99551E-05 0.281249 0.0757089 0.108135
9.99372E-05 9.99372E-05 9.99372E-05 9.99372E-05 9.99372E-05 0.00374892 0.995552 9.99372E-05 9.99372E-05
0.110776 0.00501972 9.99549E-05 9.99549E-05 9.99549E-05 9.99549E-05 0.877902 9.99549E-05 0.00580255
0.0607095 0.0829874 9.99549E-05 9.99549E-05 0.0703615 9.99549E-05 0.785442 9.99549E-05 9.99549E-05
9.99461E-05 9.99461E-05 9.99461E-05 0.013255 9.99461E-05 0.877722 9.99461E-05 9.99461E-05 0.108423
9.993E-05 9.993E-05 9.993E-05 9.993E-05 9.993E-05 9.993E-05 9.993E-05 0.999201 9.993E-05
0.308281 0.0237268 9.9991E-05 0.0205138 0.0119949 0.0448649 0.151971 0.362087 0.0764605
9.99373E-05 9.99373E-05 9.99373E-05 9.99373E-05 9.99373E-05 9.99373E-05 0.0226415 0.976659 9.99373E-05
9.9946E-05 9.9946E-05 9.9946E-05 9.9946E-05 0.0138098 9.9946E-05 9.9946E-05 0.942415 0.0431758
9.9955E-05 9.9955E-05 0.0284548 0.0232221 9.9955E-05 9.9955E-05 0.0222748 0.925548 9.9955E-05
9.9964E-05 9.9964E-05 9.9964E-05 0.0466706 9.9964E-05 0.0258586 0.000531564 0.916672 0.00986715
0.0243598 0.0229712 9.9973E-05 0.0857131 0.00318173 9.9973E-05 9.9973E-05 0.857099 0.00637567
9.99369E-05 9.99369E-05 9.99369E-05 9.99369E-05 0.0392457 9.99369E-05 9.99369E-05 0.960055 9.99369E-05
9.99552E-05 9.99552E-05 0.151514 0.371842 0.0277464 9.99552E-05 9.99552E-05 0.448397 9.99552E-05
9.99552E-05 9.99552E-05 0.0342974 0.451376 9.99552E-05 9.99552E-05 0.0612666 0.45256 9.99552E-05
0.0342731 9.99461E-05 9.99461E-05 9.99461E-05 9.99461E-05 9.99461E-05 9.99461E-05 0.955453 0.00967398
0.631592 0.00664437 9.9973E-05 0.111145 9.9973E-05 9.9973E-05 0.0924995 0.08511 0.0727096
0.690789 9.9973E-05 0.00826592 0.091024 9.9973E-05 9.9973E-05 0.0935143 0.0960521 0.0200548
9.99371E-05 0.997934 9.99371E-05 9.99371E-05 9.99371E-05 9.99371E-05 9.99371E-05 9.99371E-05 0.00136656
9.993E-05 0.999201 9.993E-05 9.993E-05 9.993E-05 9.993E-05 9.993E-05 9.993E-05 9.993E-05
0.988226 9.9937E-05 9.9937E-05 9.9937E-05 9.9937E-05 9.9937E-05 9.9937E-05 0.0110749 9.9937E-05
0.948546 9.9937E-05 9.9937E-05 9.9937E-05 9.9937E-05 9.9937E-05 0.0507542 9.9937E-05 9.9937E-05
0.00928027 0.959111 9.9964E-05 0.0281888 0.00271739 9.9964E-05 0.000303066 9.9964E-05 9.9964E-05
9.993E-05 0.999201 9.993E-05 9.993E-05 9.993E-05 9.993E-05 9.993E-05 9.993E-05 9.993E-05
9.99369E-05 9.99369E-05 9.99369E-05 9.99369E-05 9.99369E-05 9.99369E-05 0.051932 9.99369E-05 0.947368
0.555832 9.9964E-05 9.9964E-05 0.0920677 9.9964E-05 0.0607223 0.233694 9.9964E-05 0.0572849
9.99458E-05 9.99458E-05 0.129303 0.784971 9.99458E-05 9.99458E-05 9.99458E-05 9.99458E-05 0.0851266
0.0693668 9.99552E-05 9.99552E-05 9.99552E-05 0.741282 0.0269285 0.161923 9.99552E-05 9.99552E-05
9.99641E-05 0.0959334 9.99641E-05 9.99641E-05 0.591127 0.000658322 0.215639 9.99641E-05 0.0962428
9.99641E-05 0.0171019 0.122874 0.266485 9.99641E-05 0.0442494 9.99641E-05 0.54889 9.99641E-05
