0.0204731 9.99459E-05 9.99459E-05 0.972672 9.99459E-05 9.99459E-05 9.99459E-05 9.99459E-05 0.00625499
9.99638E-05 9.99638E-05 9.99638E-05 0.18099 9.99638E-05 0.0327261 0.21097 0.505877 0.0690359
9.99643E-05 9.99643E-05 0.0171447 9.99643E-05 0.0381787 9.99643E-05 0.726471 0.188771 0.0290345
0.011073 9.9946E-05 9.9946E-05 9.9946E-05 9.9946E-05 9.9946E-05 0.949417 9.9946E-05 0.0389099
0.198722 0.0555496 9.99641E-05 0.0200347 9.99641E-05 9.99641E-05 0.446654 0.278641 9.99641E-05
0.0074886 9.9955E-05 9.9955E-05 0.00935346 0.013342 9.9955E-05 0.969316 9.9955E-05 9.9955E-05
9.9937E-05 9.9937E-05 9.9937E-05 9.9937E-05 0.238189 9.9937E-05 9.9937E-05 0.761111 9.9937E-05
0.055215 0.160129 9.9964E-05 9.9964E-05 9.9964E-05 9.9964E-05 0.383237 0.392128 0.00889126
9.99459E-05 9.99459E-05 9.99459E-05 9.99459E-05 0.10668 0.104254 9.99459E-05 0.788465 9.99459E-05
0.930446 9.99371E-05 9.99371E-05 9.99371E-05 9.99371E-05 9.99371E-05 9.99371E-05 0.0688547 9.99371E-05
0.948207 9.99371E-05 9.99371E-05 9.99371E-05 9.99371E-05 9.99371E-05 9.99371E-05 0.0510933 9.99371E-05
9.9955E-05 9.9955E-05 9.9955E-05 0.650411 0.178892 9.9955E-05 0.0331425 9.9955E-05 0.137055
9.99371E-05 9.99371E-05 9.99371E-05 9.99371E-05 0.986739 9.99371E-05 0.0125615 9.99371E-05 9.99371E-05
9.9955E-05 9.9955E-05 0.00437867 0.0579898 0.0116861 9.9955E-05 0.925446 9.9955E-05 9.9955E-05
0.0318215 9.9946E-05 9.9946E-05 0.0616376 9.9946E-05 9.9946E-05 0.905941 9.9946E-05 9.9946E-05
0.0431061 9.9946E-05 9.9946E-05 9.9946E-05 0.163172 0.793122 9.9946E-05 9.9946E-05 9.9946E-05
0.293047 9.9964E-05 0.0665625 9.9964E-05 0.20406 0.106605 9.9964E-05 9.9964E-05 0.329325
0.126165 0.00562864 0.694493 0.0392242 9.99729E-05 0.065564 9.99729E-05 0.0686247 9.99729E-05
9.9937E-05 9.9937E-05 0.924264 9.9937E-05 9.9937E-05 9.9937E-05 9.9937E-05 9.9937E-05 0.0750359
0.52436 9.9964E-05 9.9964E-05 0.108791 0.0012736 0.299747 9.9964E-05 9.9964E-05 0.0654282
9.993E-05 9.993E-05 0.999201 9.993E-05 9.993E-05 9.993E-05 9.993E-05 9.993E-05 9.993E-05
0.0873477 9.9973E-05 0.00240177 0.540564 0.0498107 0.310629 9.9973E-05 9.9973E-05 0.00894666
0.297163 0.0177412 0.374519 9.9964E-05 9.9964E-05 9.9964E-05 0.0196571 9.9964E-05 0.290519
0.103443 9.99459E-05 0.857831 9.99459E-05 9.99459E-05 9.99459E-05 9.99459E-05 9.99459E-05 0.0381265
9.99371E-05 0.0334788 9.99371E-05 9.99371E-05 9.99371E-05 9.99371E-05 0.965822 9.99371E-05 9.99371E-05
9.99371E-05 0.00277662 9.99371E-05 9.99371E-05 9.99371E-05 9.99371E-05 0.996524 9.99371E-05 9.99371E-05
0.0677817 9.99639E-05 9.99639E-05 0.103446 0.787984 0.00991921 9.99639E-05 9.99639E-05 0.0304693
9.9955E-05 0.0860861 9.9955E-05 9.9955E-05 0.0006616 9.9955E-05 0.90514 9.9955E-05 0.00761222
9.9964E-05 0.0415277 9.9964E-05 9.9964E-05 0.00719808 0.0254116 0.9212 0.00426244 9.9964E-05
9.99731E-05 0.2539 0.0165885 9.99731E-05 0.0240874 9.99731E-05 0.64746 0.0377829 0.019881
0.0224258 0.197107 9.9964E-05 9.9964E-05 9.9964E-05 9.9964E-05 0.599389 0.125039 0.055639
9.9964E-05 0.0784538 9.9964E-05 0.0886075 9.9964E-05 9.9964E-05 0.0219171 0.809384 0.00123806
9.99371E-05 9.99371E-05 9.99371E-05 9.99371E-05 9.99371E-05 0.0356684 0.963632 9.99371E-05 9.99371E-05
9.99551E-05 0.801169 9.99551E-05 9.99551E-05 9.99551E-05 9.99551E-05 0.0788104 0.118375 0.00114585
0.106306 0.00874176 9.99729E-05 0.101318 0.561367 9.99729E-05 0.0326492 9.99729E-05 0.189319
9.99549E-05 9.99549E-05 9.99549E-05 9.99549E-05 0.0142249 0.0287462 0.945282 9.99549E-05 0.0112473
9.9937E-05 9.9937E-05 9.9937E-05 0.984833 9.9937E-05 9.9937E-05 0.0144672 9.9937E-05 9.9937E-05
0.644741 0.0107297 0.0019348 0.132764 9.9973E-05 9.9973E-05 0.0285065 0.181024 9.9973E-05
0.186593 9.9982E-05 0.0448838 0.0201258 0.181853 0.0164083 0.15925 9.9982E-05 0.390687
0.363845 9.99549E-05 9.99549E-05 0.290493 9.99549E-05 0.234841 0.110321 9.99549E-05 9.99549E-05
0.383249 9.99639E-05 9.99639E-05 0.30048 9.99639E-05 0.249015 0.0561534 9.99639E-05 0.0107025
0.951357 9.99549E-05 9.99549E-05 0.0321876 0.0136598 0.00229606 9.99549E-05 9.99549E-05 9.99549E-05
0.0344751 9.9964E-05 9.9964E-05 0.00425107 0.0444907 0.908989 9.9964E-05 0.00739449 9.9964E-05
0.910152 9.9955E-05 9.9955E-05 0.0510387 0.033412 9.9955E-05 9.9955E-05 9.9955E-05 0.00489798
0.488727 9.9982E-05 0.0987124 0.0650455 0.151958 0.0853535 9.9982E-05 0.00100831 0.108996
0.553086 9.9973E-05 0.0288315 0.141206 9.9973E-05 0.166074 0.0985536 9.9973E-05 0.0119494
0.311903 0.079781 9.9973E-05 0.222658 0.190402 9.9973E-05 0.0964377 9.9973E-05 0.0985183
9.993E-05 9.993E-05 9.993E-05 0.999201 9.993E-05 9.993E-05 9.993E-05 9.993E-05 9.993E-05
9.993E-05 0.999201 9.993E-05 9.993E-05 9.993E-05 9.993E-05 9.993E-05 9.993E-05 9.993E-05
9.993E-05 0.999201 9.993E-05 9.993E-05 9.993E-05 9.993E-05 9.993E-05 9.993E-05 9.993E-05
9.9937E-05 0.982072 9.9937E-05 9.9937E-05 9.9937E-05 0.017228 9.9937E-05 9.9937E-05 9.9937E-05
9.993E-05 0.999201 9.993E-05 9.993E-05 9.993E-05 9.993E-05 9.993E-05 9.993E-05 9.993E-05
9.993E-05 0.999201 9.993E-05 9.993E-05 9.993E-05 9.993E-05 9.993E-05 9.993E-05 9.993E-05
0.0526083 0.437783 0.0165314 9.99731E-05 0.000243919 9.99731E-05 0.180558 0.311976 9.99731E-05
9.9955E-05 0.958404 9.9955E-05 0.0116555 9.9955E-05 0.0255452 9.9955E-05 0.00389589 9.9955E-05
9.99459E-05 9.99459E-05 9.99459E-05 0.813216 0.033433 0.152751 9.99459E-05 9.99459E-05 9.99459E-05
9.99548E-05 0.122698 9.99548E-05 0.0979465 9.99548E-05 9.99548E-05 9.99548E-05 0.741886 0.0369699
9.993E-05 9.993E-05 9.993E-05 9.993E-05 9.993E-05 9.993E-05 0.999201 9.993E-05 9.993E-05
9.9964E-05 0.0067796 9.9964E-05 0.0222649 0.781829 0.158778 9.9964E-05 9.9964E-05 0.0299479
9.99371E-05 9.99371E-05 9.99371E-05 9.99371E-05 0.0841441 0.915156 9.99371E-05 9.99371E-05 9.99371E-05
9.993E-05 9.993E-05 9.993E-05 9.993E-05 0.999201 9.993E-05 9.993E-05 9.993E-05 9.993E-05
0.122847 9.99459E-05 9.99459E-05 9.99459E-05 0.850257 0.0262963 9.99459E-05 9.99459E-05 9.99459E-05
0.114645 9.99459E-05 9.99459E-05 9.99459E-05 0.833232 9.99459E-05 9.99459E-05 9.99459E-05 0.0515238
9.99372E-05 9.99372E-05 0.869992 0.129309 9.99372E-05 9.99372E-05 9.99372E-05 9.99372E-05 9.99372E-05
9.993E-05 9.993E-05 9.993E-05 9.993E-05 9.993E-05 9.993E-05 0.999201 9.993E-05 9.993E-05
0.100803 0.124093 9.9991E-05 0.171443 0.11575 0.0751327 0.262018 0.0187354 0.131925
9.99373E-05 9.99373E-05 9.99373E-05 9.99373E-05 9.99373E-05 0.000640314 0.99866 9.99373E-05 9.99373E-05
9.9937E-05 9.9937E-05 9.9937E-05 0.0435351 9.9937E-05 9.9937E-05 0.955765 9.9937E-05 9.9937E-05
9.9946E-05 0.0825046 9.9946E-05 9.9946E-05 9.9946E-05 0.0348777 0.882018 9.9946E-05 9.9946E-05
9.996E-05 0.0546552 0.0151233 9.996E-05 9.996E-05 0.0315446 0.888666 0.00961053 9.996E-05
0.0612449 9.99551E-05 9.99551E-05 9.99551E-05 9.99551E-05 9.99551E-05 0.85634 0.0614024 0.0205125
9.993E-05 9.993E-05 9.993E-05 9.993E-05 9.993E-05 9.993E-05 0.999201 9.993E-05 9.993E-05
9.99462E-05 0.18257 9.99462E-05 9.99462E-05 9.99462E-05 9.99462E-05 0.435394 0.381437 9.99462E-05
9.99552E-05 0.051104 9.99552E-05 9.99552E-05 0.0737229 9.99552E-05 0.430481 0.444192 9.99552E-05
0.0335925 9.9946E-05 9.9946E-05 9.9946E-05 9.9946E-05 0.0206585 0.945149 9.9946E-05 9.9946E-05
9.9946E-05 0.0130905 9.9946E-05 9.9946E-05 9.9946E-05 0.955568 9.9946E-05 9.9946E-05 0.0307423
9.9937E-05 0.0155071 9.9937E-05 9.9937E-05 9.9937E-05 0.983793 9.9937E-05 9.9937E-05 9.9937E-05
9.993E-05 9.993E-05 9.993E-05 9.993E-05 9.993E-05 9.993E-05 9.993E-05 9.993E-05 0.999201
9.993E-05 9.993E-05 9.993E-05 9.993E-05 9.993E-05 9.993E-05 9.993E-05 9.993E-05 0.999201
0.792026 0.0042146 9.99729E-05 0.054528 9.99729E-05 0.110007 0.00602404 0.0328999 9.99729E-05
0.736833 9.99639E-05 9.99639E-05 0.0414162 0.0324592 0.170874 9.99639E-05 0.0180177 9.99639E-05
9.9937E-05 9.9937E-05 9.9937E-05 9.9937E-05 9.9937E-05 9.9937E-05 9.9937E-05 0.038479 0.960821
9.993E-05 9.993E-05 9.993E-05 9.993E-05 9.993E-05 9.993E-05 9.993E-05 9.993E-05 0.999201
9.99549E-05 0.00469888 9.99549E-05 0.922437 0.0196932 0.0526716 9.99549E-05 9.99549E-05 9.99549E-05
0.140051 9.9973E-05 0.0615887 0.0236643 0.170389 0.547961 9.9973E-05 0.0560457 9.9973E-05
9.99458E-05 0.155695 9.99458E-05 0.0731999 9.99458E-05 9.99458E-05 9.99458E-05 0.770506 9.99458E-05
0.276158 9.99641E-05 0.068048 9.99641E-05 0.357829 9.99641E-05 0.0654953 9.99641E-05 0.23207
9.99641E-05 9.99641E-05 0.0659429 0.206673 0.4255 0.0183252 9.99641E-05 9.99641E-05 0.28316
9.99641E-05 0.164368 0.0265018 9.99641E-05 9.99641E-05 9.99641E-05 0.584066 0.198307 0.0263579
