9.99459E-05 9.99459E-05 9.99459E-05 9.99459E-05 0.0418076 0.00933327 0.948259 9.99459E-05 9.99459E-05
0.312612 0.247809 0.140826 9.99729E-05 0.0578878 0.0485689 0.191996 9.99729E-05 9.99729E-05
0.780614 0.0160884 0.0380653 0.028685 9.99733E-05 0.0245433 9.99733E-05 9.99733E-05 0.111704
0.946167 9.9964E-05 0.00361361 9.9964E-05 0.0142945 0.0301965 9.9964E-05 0.00532866 9.9964E-05
0.427698 0.289729 0.089284 9.9973E-05 0.0658861 9.9973E-05 0.0609916 0.0661119 9.9973E-05
0.978242 9.9937E-05 9.9937E-05 9.9937E-05 9.9937E-05 9.9937E-05 9.9937E-05 0.0210589 9.9937E-05
9.993E-05 0.999201 9.993E-05 9.993E-05 9.993E-05 9.993E-05 9.993E-05 9.993E-05 9.993E-05
0.432056 0.165417 0.296783 9.9964E-05 0.0786149 0.0267299 9.9964E-05 9.9964E-05 9.9964E-05
9.993E-05 0.999201 9.993E-05 9.993E-05 9.993E-05 9.993E-05 9.993E-05 9.993E-05 9.993E-05
9.99371E-05 0.122226 9.99371E-05 9.99371E-05 0.877075 9.99371E-05 9.99371E-05 9.99371E-05 9.99371E-05
9.99371E-05 0.0673321 9.99371E-05 9.99371E-05 0.931968 9.99371E-05 9.99371E-05 9.99371E-05 9.99371E-05
9.9955E-05 9.9955E-05 9.9955E-05 9.9955E-05 9.9955E-05 0.133495 0.638669 0.0268065 0.20053
9.99372E-05 0.0128984 9.99372E-05 9.99372E-05 9.99372E-05 9.99372E-05 9.99372E-05 9.99372E-05 0.986402
0.915617 9.9955E-05 9.9955E-05 0.00837478 9.9955E-05 9.9955E-05 0.0344501 0.0410583 9.9955E-05
0.940647 9.9946E-05 9.9946E-05 0.0142466 9.9946E-05 9.9946E-05 0.0445064 9.9946E-05 9.9946E-05
9.99639E-05 0.174805 9.99639E-05 9.99639E-05 0.355962 9.99639E-05 0.124051 0.0275517 0.317229
9.99368E-05 9.99368E-05 9.99368E-05 9.99368E-05 0.099142 9.99368E-05 9.99368E-05 0.900158 9.99368E-05
9.99549E-05 9.99549E-05 0.093305 0.732537 0.130103 9.99549E-05 0.0435554 9.99549E-05 9.99549E-05
9.9937E-05 9.9937E-05 9.9937E-05 0.939069 9.9937E-05 0.0602315 9.9937E-05 9.9937E-05 9.9937E-05
9.996E-05 9.996E-05 9.996E-05 9.996E-05 0.630225 0.0311758 0.203437 0.103815 0.0309476
9.993E-05 9.993E-05 9.993E-05 0.999201 9.993E-05 9.993E-05 9.993E-05 9.993E-05 9.993E-05
9.9964E-05 9.9964E-05 9.9964E-05 9.9964E-05 0.26046 0.00849694 0.582107 0.0373677 0.111168
9.9964E-05 9.9964E-05 0.0107403 0.332842 0.135803 0.151781 9.9964E-05 0.368433 9.9964E-05
9.9946E-05 9.9946E-05 9.9946E-05 0.932583 9.9946E-05 0.0380972 9.9946E-05 0.02872 9.9946E-05
0.999201 9.993E-05 9.993E-05 9.993E-05 9.993E-05 9.993E-05 9.993E-05 9.993E-05 9.993E-05
0.999201 9.993E-05 9.993E-05 9.993E-05 9.993E-05 9.993E-05 9.993E-05 9.993E-05 9.993E-05
9.99639E-05 9.99639E-05 9.99639E-05 9.99639E-05 0.102677 0.0434789 0.0373108 0.00810798 0.808026
0.925533 0.0108095 0.0478222 9.9955E-05 9.9955E-05 9.9955E-05 9.9955E-05 9.9955E-05 0.0153358
0.917767 0.0134413 0.0603526 9.9955E-05 9.9955E-05 9.9955E-05 9.9955E-05 9.9955E-05 0.00793974
0.675842 9.99731E-05 0.218446 0.035137 9.99731E-05 0.00694292 9.99731E-05 0.0596663 0.0036653
0.624819 0.0584132 0.231726 9.9964E-05 9.9964E-05 0.018026 9.9964E-05 0.066616 9.9964E-05
0.116701 0.331824 0.36487 9.99641E-05 0.00025777 9.99641E-05 0.185946 9.99641E-05 9.99641E-05
0.955839 0.0358095 9.99461E-05 9.99461E-05 9.99461E-05 9.99461E-05 9.99461E-05 0.00775176 9.99461E-05
0.107287 0.058163 0.83395 9.99461E-05 9.99461E-05 9.99461E-05 9.99461E-05 9.99461E-05 9.99461E-05
0.037717 9.99729E-05 9.99729E-05 9.99729E-05 0.0407577 0.118284 0.0288254 0.278147 0.495969
0.944628 0.0135568 9.99639E-05 9.99639E-05 9.99639E-05 9.99639E-05 0.0119915 0.0215818 0.00784211
0.0187756 9.9946E-05 9.9946E-05 9.9946E-05 9.9946E-05 9.9946E-05 0.941947 0.0386782 9.9946E-05
0.0686275 0.00150864 0.0512095 0.00503552 0.780199 9.9973E-05 0.0931199 9.9973E-05 9.9973E-05
9.993E-05 9.993E-05 9.993E-05 9.993E-05 9.993E-05 9.993E-05 9.993E-05 0.999201 9.993E-05
0.109359 9.99549E-05 9.99549E-05 9.99549E-05 0.577956 9.99549E-05 0.248713 0.0634731 9.99549E-05
0.0783399 9.99729E-05 9.99729E-05 0.0171699 0.564739 0.00446469 0.301662 0.0333243 9.99729E-05
9.9946E-05 9.9946E-05 9.9946E-05 9.9946E-05 0.965251 9.9946E-05 0.00608875 0.0280608 9.9946E-05
9.99549E-05 0.305435 9.99549E-05 9.99549E-05 0.289522 9.99549E-05 0.189154 9.99549E-05 0.215389
9.9946E-05 9.9946E-05 9.9946E-05 9.9946E-05 0.933672 9.9946E-05 9.9946E-05 0.0420756 0.0236528
9.9982E-05 9.9982E-05 0.00543225 0.110243 0.516373 0.0801222 0.0638596 0.0565096 0.16726
0.083438 0.0094709 0.00319722 0.0393578 0.653791 9.9991E-05 0.105955 0.0604826 0.0442077
0.040335 0.0628371 0.0590592 9.9982E-05 0.10446 9.9982E-05 0.241332 0.381559 0.110217
9.99374E-05 9.99374E-05 9.99374E-05 0.0225639 9.99374E-05 9.99374E-05 0.976737 9.99374E-05 9.99374E-05
9.993E-05 9.993E-05 0.999201 9.993E-05 9.993E-05 9.993E-05 9.993E-05 9.993E-05 9.993E-05
9.993E-05 9.993E-05 0.999201 9.993E-05 9.993E-05 9.993E-05 9.993E-05 9.993E-05 9.993E-05
9.993E-05 9.993E-05 0.999201 9.993E-05 9.993E-05 9.993E-05 9.993E-05 9.993E-05 9.993E-05
9.993E-05 9.993E-05 0.999201 9.993E-05 9.993E-05 9.993E-05 9.993E-05 9.993E-05 9.993E-05
9.9937E-05 9.9937E-05 0.996275 9.9937E-05 9.9937E-05 0.00302531 9.9937E-05 9.9937E-05 9.9937E-05
0.252028 0.222112 0.452709 0.0203291 0.012826 9.9982E-05 0.0207022 0.0190947 9.9982E-05
9.99459E-05 9.99459E-05 0.956849 9.99459E-05 9.99459E-05 9.99459E-05 0.040833 9.99459E-05 0.0017187
9.99459E-05 0.000244704 9.99459E-05 9.99459E-05 9.99459E-05 9.99459E-05 0.902175 9.99459E-05 0.0969809
0.0997995 0.377605 0.322091 9.99639E-05 9.99639E-05 0.0413901 0.158715 9.99639E-05 9.99639E-05
0.999201 9.993E-05 9.993E-05 9.993E-05 9.993E-05 9.993E-05 9.993E-05 9.993E-05 9.993E-05
9.9955E-05 9.9955E-05 0.0368039 9.9955E-05 9.9955E-05 0.0127661 0.0750668 9.9955E-05 0.874863
0.00531378 0.250711 9.9982E-05 9.9982E-05 0.176533 0.0334999 0.217402 0.00565429 0.310686
9.99372E-05 0.00835879 9.99372E-05 9.99372E-05 9.99372E-05 9.99372E-05 9.99372E-05 9.99372E-05 0.990942
9.99369E-05 9.99369E-05 9.99369E-05 9.99369E-05 0.0803552 9.99369E-05 9.99369E-05 9.99369E-05 0.918945
9.99639E-05 9.99639E-05 9.99639E-05 0.00270602 0.0695435 0.0423313 9.99639E-05 0.0295384 0.855481
9.99461E-05 9.99461E-05 9.99461E-05 0.886742 0.0308586 9.99461E-05 0.0817998 9.99461E-05 9.99461E-05
0.999201 9.993E-05 9.993E-05 9.993E-05 9.993E-05 9.993E-05 9.993E-05 9.993E-05 9.993E-05
0.234742 0.116788 0.185105 0.00666731 0.089985 0.0790977 0.181771 9.9991E-05 0.105744
0.947642 0.0060283 0.00216366 9.99552E-05 9.99552E-05 9.99552E-05 9.99552E-05 9.99552E-05 0.0436662
0.941962 9.9946E-05 9.9946E-05 9.9946E-05 9.9946E-05 9.9946E-05 0.0376404 0.0197975 9.9946E-05
0.850913 0.069547 0.0789407 9.9946E-05 9.9946E-05 9.9946E-05 9.9946E-05 9.9946E-05 9.9946E-05
0.893171 0.0512676 0.032322 0.00152935 9.9964E-05 9.9964E-05 0.0213103 9.9964E-05 9.9964E-05
0.93857 0.0029495 9.99461E-05 9.99461E-05 0.0578811 9.99461E-05 9.99461E-05 9.99461E-05 9.99461E-05
0.980545 9.99459E-05 0.0108564 9.99459E-05 9.99459E-05 9.99459E-05 9.99459E-05 0.00799925 9.99459E-05
0.50671 0.178039 0.301778 9.99552E-05 9.99552E-05 9.99552E-05 9.99552E-05 0.0129728 9.99552E-05
0.486533 0.361076 0.134 9.99552E-05 9.99552E-05 9.99552E-05 9.99552E-05 9.99552E-05 0.0178909
0.965545 9.99551E-05 0.0117046 0.00747635 9.99551E-05 9.99551E-05 0.0147741 9.99551E-05 9.99551E-05
0.0201764 0.335394 9.99729E-05 9.99729E-05 0.340216 0.0697146 0.183913 9.99729E-05 0.0502867
0.00324604 0.380925 9.99729E-05 9.99729E-05 0.295658 0.083431 0.162325 9.99729E-05 0.0741148
9.993E-05 9.993E-05 9.993E-05 9.993E-05 9.993E-05 0.999201 9.993E-05 9.993E-05 9.993E-05
9.993E-05 9.993E-05 9.993E-05 9.993E-05 9.993E-05 0.999201 9.993E-05 9.993E-05 9.993E-05
0.0155046 9.9946E-05 9.9946E-05 9.9946E-05 0.958273 9.9946E-05 9.9946E-05 9.9946E-05 0.0256228
9.9946E-05 0.000176163 9.9946E-05 9.9946E-05 0.923518 9.9946E-05 9.9946E-05 9.9946E-05 0.0757059
9.99371E-05 9.99371E-05 9.99371E-05 9.99371E-05 0.0242256 0.975075 9.99371E-05 9.99371E-05 9.99371E-05
9.993E-05 9.993E-05 9.993E-05 9.993E-05 9.993E-05 0.999201 9.993E-05 9.993E-05 9.993E-05
9.99369E-05 9.99369E-05 9.99369E-05 9.99369E-05 9.99369E-05 9.99369E-05 0.965481 9.99369E-05 0.0338198
9.99639E-05 0.218205 9.99639E-05 0.0621429 0.359301 9.99639E-05 0.0975944 9.99639E-05 0.262357
0.0829103 0.428744 0.332412 9.99729E-05 0.00477864 0.0051473 0.145708 9.99729E-05 9.99729E-05
9.99552E-05 9.99552E-05 9.99552E-05 0.0190771 0.140315 9.99552E-05 9.99552E-05 0.680075 0.160033
9.99641E-05 9.99641E-05 9.99641E-05 0.00367025 9.99641E-05 0.0163067 0.115992 0.613859 0.249773
0.53541 0.154631 0.24332 0.00273518 9.99641E-05 0.0635045 9.99641E-05 9.99641E-05 9.99641E-05
