9.99188E-05 0.920252 9.99188E-05 9.99188E-05 9.99188E-05 9.99188E-05 0.00329163 0.00084715 9.99188E-05 9.99188E-05 0.00571678 0.0680817 9.99188E-05 9.99188E-05 0.000911829
9.99009E-05 9.99009E-05 0.694074 0.0929689 9.99009E-05 9.99009E-05 9.99009E-05 9.99009E-05 9.99009E-05 9.99009E-05 0.0249332 9.99009E-05 9.99009E-05 9.99009E-05 0.186925
9.99108E-05 9.99108E-05 9.99108E-05 0.677623 9.99108E-05 0.220286 0.0223435 9.99108E-05 9.99108E-05 0.0589056 9.99108E-05 9.99108E-05 9.99108E-05 0.0198429 9.99108E-05
9.98921E-05 9.98921E-05 9.98921E-05 0.951497 9.98921E-05 9.98921E-05 0.0201429 9.98921E-05 9.98921E-05 9.98921E-05 9.98921E-05 0.0271611 9.98921E-05 9.98921E-05 9.98921E-05
9.99371E-05 9.99371E-05 0.125552 0.273986 0.018911 0.253695 9.99371E-05 0.0267606 9.99371E-05 9.99371E-05 9.99371E-05 0.0435646 0.0731494 9.99371E-05 0.183682
9.98921E-05 9.98921E-05 9.98921E-05 0.924332 0.00921674 9.98921E-05 9.98921E-05 9.98921E-05 9.98921E-05 9.98921E-05 9.98921E-05 9.98921E-05 9.98921E-05 9.98921E-05 0.0652528
9.99011E-05 9.99011E-05 0.0727999 9.99011E-05 9.99011E-05 0.409144 9.99011E-05 9.99011E-05 0.303112 9.99011E-05 9.99011E-05 9.99011E-05 9.99011E-05 0.213845 9.99011E-05
9.99188E-05 9.99188E-05 0.0719457 0.118803 9.99188E-05 0.635347 0.0107199 9.99188E-05 9.99188E-05 9.99188E-05 9.99188E-05 0.0739179 0.0883669 9.99188E-05 9.99188E-05
9.99101E-05 9.99101E-05 0.12515 9.99101E-05 9.99101E-05 0.351361 9.99101E-05 9.99101E-05 0.370734 9.99101E-05 9.99101E-05 0.0241765 9.99101E-05 0.127579 9.99101E-05
9.98833E-05 9.98833E-05 9.98833E-05 9.98833E-05 9.98833E-05 0.0048952 9.98833E-05 9.98833E-05 9.98833E-05 9.98833E-05 9.98833E-05 0.993806 9.98833E-05 9.98833E-05 9.98833E-05
9.98833E-05 9.98833E-05 9.98833E-05 9.98833E-05 9.98833E-05 0.00843413 9.98833E-05 9.98833E-05 9.98833E-05 9.98833E-05 9.98833E-05 0.990267 9.98833E-05 9.98833E-05 9.98833E-05
9.9928E-05 0.666575 9.9928E-05 0.00434599 0.0450427 0.0562743 0.105295 9.9928E-05 9.9928E-05 0.0148182 9.9928E-05 9.9928E-05 9.9928E-05 0.10685 9.9928E-05
9.98922E-05 9.98922E-05 9.98922E-05 9.98922E-05 0.00518941 0.0567738 9.98922E-05 9.98922E-05 9.98922E-05 9.98922E-05 9.98922E-05 9.98922E-05 9.98922E-05 0.936838 9.98922E-05
9.9919E-05 9.9919E-05 0.0117194 0.901855 0.0336841 9.9919E-05 9.9919E-05 9.9919E-05 9.9919E-05 0.00808612 0.00623127 9.9919E-05 9.9919E-05 9.9919E-05 0.0375246
9.98921E-05 9.98921E-05 9.98921E-05 0.884978 9.98921E-05 9.98921E-05 9.98921E-05 9.98921E-05 9.98921E-05 0.0163972 9.98921E-05 9.98921E-05 9.98921E-05 9.98921E-05 0.0974258
9.99098E-05 9.99098E-05 9.99098E-05 9.99098E-05 0.17575 9.99098E-05 9.99098E-05 9.99098E-05 0.686828 9.99098E-05 9.99098E-05 0.0311986 9.99098E-05 0.104916 0.000307577
9.98919E-05 9.98919E-05 9.98919E-05 9.98919E-05 9.98919E-05 9.98919E-05 9.98919E-05 0.0130343 9.98919E-05 9.98919E-05 0.902838 0.0829293 9.98919E-05 9.98919E-05 9.98919E-05
9.99188E-05 9.99188E-05 0.0221537 9.99188E-05 9.99188E-05 9.99188E-05 9.99188E-05 9.99188E-05 0.0244178 0.858676 9.99188E-05 0.0478459 0.00784092 9.99188E-05 0.0381669
0.934271 9.9883E-05 9.9883E-05 9.9883E-05 9.9883E-05 9.9883E-05 0.064431 9.9883E-05 9.9883E-05 9.9883E-05 9.9883E-05 9.9883E-05 9.9883E-05 9.9883E-05 9.9883E-05
9.99188E-05 0.0694278 9.99188E-05 9.99188E-05 0.200171 9.99188E-05 0.0165841 9.99188E-05 0.272827 9.99188E-05 0.027122 0.412969 9.99188E-05 9.99188E-05 9.99188E-05
0.0563972 9.9883E-05 9.9883E-05 9.9883E-05 9.9883E-05 9.9883E-05 9.9883E-05 9.9883E-05 9.9883E-05 0.942304 9.9883E-05 9.9883E-05 9.9883E-05 9.9883E-05 9.9883E-05
0.00120868 0.41074 9.99369E-05 9.99369E-05 0.0197216 9.99369E-05 9.99369E-05 9.99369E-05 0.199606 9.99369E-05 0.022547 0.0227223 9.99369E-05 0.0397192 0.283036
9.98737E-05 9.98737E-05 9.98737E-05 9.98737E-05 9.98737E-05 9.98737E-05 9.98737E-05 0.998602 9.98737E-05 9.98737E-05 9.98737E-05 9.98737E-05 9.98737E-05 9.98737E-05 9.98737E-05
0.517192 9.98919E-05 9.98919E-05 9.98919E-05 9.98919E-05 9.98919E-05 9.98919E-05 0.341516 9.98919E-05 0.140093 9.98919E-05 9.98919E-05 9.98919E-05 9.98919E-05 9.98919E-05
9.98833E-05 9.98833E-05 9.98833E-05 0.992703 9.98833E-05 0.00599887 9.98833E-05 9.98833E-05 9.98833E-05 9.98833E-05 9.98833E-05 9.98833E-05 9.98833E-05 9.98833E-05 9.98833E-05
9.98833E-05 9.98833E-05 9.98833E-05 0.997747 9.98833E-05 9.98833E-05 9.98833E-05 9.98833E-05 9.98833E-05 9.98833E-05 9.98833E-05 9.98833E-05 0.000954359 9.98833E-05 9.98833E-05
9.99098E-05 0.0655861 9.99098E-05 9.99098E-05 9.99098E-05 9.99098E-05 0.0320547 9.99098E-05 9.99098E-05 9.99098E-05 0.067158 0.0752856 9.99098E-05 0.758917 9.99098E-05
9.99012E-05 9.99012E-05 9.99012E-05 0.923211 9.99012E-05 0.00320843 9.99012E-05 9.99012E-05 9.99012E-05 9.99012E-05 9.99012E-05 9.99012E-05 0.0656612 0.00682056 9.99012E-05
9.991E-05 9.991E-05 9.991E-05 0.844152 9.991E-05 0.0189009 9.991E-05 9.991E-05 0.00822756 9.991E-05 9.991E-05 9.991E-05 0.102296 0.0254252 9.991E-05
0.0226649 0.0109218 0.0304837 0.562143 9.99371E-05 0.212617 0.00346085 9.99371E-05 9.99371E-05 9.99371E-05 9.99371E-05 9.99371E-05 0.155665 0.00134453 9.99371E-05
9.99279E-05 9.99279E-05 0.00340048 0.472992 9.99279E-05 0.35401 0.0164081 0.0143916 9.99279E-05 9.99279E-05 0.0331605 9.99279E-05 0.104838 9.99279E-05 9.99279E-05
9.98744E-05 9.98744E-05 0.998602 9.98744E-05 9.98744E-05 9.98744E-05 9.98744E-05 9.98744E-05 9.98744E-05 9.98744E-05 9.98744E-05 9.98744E-05 9.98744E-05 9.98744E-05 9.98744E-05
9.99012E-05 9.99012E-05 9.99012E-05 0.856808 9.99012E-05 0.126517 9.99012E-05 9.99012E-05 9.99012E-05 9.99012E-05 0.00131386 9.99012E-05 9.99012E-05 9.99012E-05 0.014262
9.99102E-05 9.99102E-05 0.0208415 9.99102E-05 9.99102E-05 0.260078 0.0134213 9.99102E-05 9.99102E-05 9.99102E-05 0.00192285 9.99102E-05 0.702738 9.99102E-05 9.99102E-05
9.99549E-05 0.00967741 9.99549E-05 0.00143356 0.0689246 0.0338686 0.110294 9.99549E-05 9.99549E-05 9.99549E-05 0.206692 0.0238197 0.00129812 0.47738 0.0661121
9.99099E-05 9.99099E-05 9.99099E-05 0.936781 0.00348585 0.0258549 9.99099E-05 9.99099E-05 9.99099E-05 9.99099E-05 0.00763135 9.99099E-05 9.99099E-05 9.99099E-05 0.0252473
9.9901E-05 0.954842 9.9901E-05 0.00692394 9.9901E-05 0.02892 9.9901E-05 9.9901E-05 9.9901E-05 9.9901E-05 0.00821556 9.9901E-05 9.9901E-05 9.9901E-05 9.9901E-05
9.99279E-05 0.0838729 0.18296 9.99279E-05 9.99279E-05 0.034447 9.99279E-05 0.0660274 9.99279E-05 9.99279E-05 0.0107903 0.554107 9.99279E-05 9.99279E-05 0.0669964
9.98831E-05 9.98831E-05 9.98831E-05 9.98831E-05 9.98831E-05 0.0101677 9.98831E-05 9.98831E-05 9.98831E-05 9.98831E-05 0.988534 9.98831E-05 9.98831E-05 9.98831E-05 9.98831E-05
9.9883E-05 9.9883E-05 9.9883E-05 9.9883E-05 9.9883E-05 9.9883E-05 9.9883E-05 9.9883E-05 9.9883E-05 9.9883E-05 0.00345664 9.9883E-05 9.9883E-05 9.9883E-05 0.995245
9.9892E-05 0.00114853 9.9892E-05 9.9892E-05 9.9892E-05 9.9892E-05 0.00169231 9.9892E-05 9.9892E-05 9.9892E-05 9.9892E-05 9.9892E-05 9.9892E-05 9.9892E-05 0.99596
9.99009E-05 0.039082 9.99009E-05 9.99009E-05 9.99009E-05 9.99009E-05 9.99009E-05 9.99009E-05 9.99009E-05 9.99009E-05 0.0681204 0.845717 9.99009E-05 9.99009E-05 0.0459816
0.0139849 0.038834 9.99191E-05 9.99191E-05 9.99191E-05 9.99191E-05 9.99191E-05 0.00172132 0.878985 9.99191E-05 9.99191E-05 0.0170995 9.99191E-05 0.0484757 9.99191E-05
9.99009E-05 0.0379537 9.99009E-05 9.99009E-05 0.0754824 9.99009E-05 9.99009E-05 9.99009E-05 9.99009E-05 9.99009E-05 0.00209668 0.883368 9.99009E-05 9.99009E-05 9.99009E-05
9.99279E-05 9.99279E-05 0.0435348 9.99279E-05 0.160876 9.99279E-05 0.0551023 0.199324 9.99279E-05 9.99279E-05 9.99279E-05 0.247705 9.99279E-05 0.170346 0.122313
0.0305611 0.0496828 0.0413257 0.0477241 0.148813 0.0110569 9.9955E-05 0.00152596 0.0527279 9.9955E-05 9.9955E-05 0.364422 9.9955E-05 9.9955E-05 0.251661
9.9928E-05 0.14652 9.9928E-05 0.0782151 0.17692 9.9928E-05 9.9928E-05 9.9928E-05 9.9928E-05 9.9928E-05 0.164628 0.273685 0.0551423 0.104091 9.9928E-05
9.98928E-05 0.964223 0.00417551 9.98928E-05 9.98928E-05 9.98928E-05 9.98928E-05 0.0304029 9.98928E-05 9.98928E-05 9.98928E-05 9.98928E-05 9.98928E-05 9.98928E-05 9.98928E-05
9.98831E-05 9.98831E-05 9.98831E-05 0.000991612 9.98831E-05 9.98831E-05 9.98831E-05 9.98831E-05 9.98831E-05 9.98831E-05 9.98831E-05 9.98831E-05 0.99771 9.98831E-05 9.98831E-05
0.000104823 9.98831E-05 9.98831E-05 9.98831E-05 9.98831E-05 9.98831E-05 9.98831E-05 9.98831E-05 9.98831E-05 9.98831E-05 9.98831E-05 9.98831E-05 0.998597 9.98831E-05 9.98831E-05
9.98922E-05 9.98922E-05 9.98922E-05 9.98922E-05 9.98922E-05 9.98922E-05 9.98922E-05 9.98922E-05 9.98922E-05 9.98922E-05 9.98922E-05 0.00283325 0.985701 9.98922E-05 0.0102669
9.98832E-05 9.98832E-05 9.98832E-05 9.98832E-05 9.98832E-05 9.98832E-05 9.98832E-05 9.98832E-05 9.98832E-05 0.00563631 9.98832E-05 9.98832E-05 0.993065 9.98832E-05 9.98832E-05
9.98832E-05 9.98832E-05 9.98832E-05 9.98832E-05 9.98832E-05 0.00183118 9.98832E-05 9.98832E-05 9.98832E-05 9.98832E-05 9.98832E-05 9.98832E-05 0.99687 9.98832E-05 9.98832E-05
9.9928E-05 0.0065952 0.0419086 0.0542658 9.9928E-05 0.373204 9.9928E-05 0.0856924 0.0564629 9.9928E-05 9.9928E-05 9.9928E-05 0.381072 9.9928E-05 9.9928E-05
9.99101E-05 9.99101E-05 0.0398857 9.99101E-05 9.99101E-05 9.99101E-05 9.99101E-05 9.99101E-05 9.99101E-05 9.99101E-05 0.000904232 9.99101E-05 0.944714 0.0102456 0.00325089
9.98918E-05 0.742802 9.98918E-05 9.98918E-05 0.0703241 9.98918E-05 9.98918E-05 9.98918E-05 0.185675 9.98918E-05 9.98918E-05 9.98918E-05 9.98918E-05 9.98918E-05 9.98918E-05
9.99009E-05 9.99009E-05 0.93956 9.99009E-05 9.99009E-05 9.99009E-05 0.00766133 9.99009E-05 0.0362229 9.99009E-05 9.99009E-05 9.99009E-05 0.0154565 9.99009E-05 9.99009E-05
9.99009E-05 9.99009E-05 9.99009E-05 0.949416 0.0162421 9.99009E-05 9.99009E-05 9.99009E-05 9.99009E-05 9.99009E-05 0.00385464 9.99009E-05 9.99009E-05 9.99009E-05 0.029388
9.9901E-05 9.9901E-05 9.9901E-05 9.9901E-05 9.9901E-05 9.9901E-05 0.0218591 9.9901E-05 0.0483554 9.9901E-05 9.9901E-05 9.9901E-05 9.9901E-05 0.818289 0.110397
9.99011E-05 0.00289407 9.99011E-05 9.99011E-05 0.155558 9.99011E-05 9.99011E-05 9.99011E-05 0.836804 9.99011E-05 9.99011E-05 9.99011E-05 9.99011E-05 0.00364527 9.99011E-05
9.98745E-05 9.98745E-05 9.98745E-05 9.98745E-05 9.98745E-05 9.98745E-05 9.98745E-05 9.98745E-05 9.98745E-05 9.98745E-05 9.98745E-05 9.98745E-05 9.98745E-05 0.998602 9.98745E-05
9.98829E-05 9.98829E-05 9.98829E-05 9.98829E-05 9.98829E-05 9.98829E-05 9.98829E-05 9.98829E-05 9.98829E-05 9.98829E-05 9.98829E-05 0.122964 9.98829E-05 0.875738 9.98829E-05
9.99189E-05 9.99189E-05 9.99189E-05 9.99189E-05 0.0467549 9.99189E-05 0.0482267 0.010704 9.99189E-05 9.99189E-05 9.99189E-05 0.0901676 9.99189E-05 0.800008 0.00323957
0.982773 9.9892E-05 0.00874267 9.9892E-05 9.9892E-05 0.00728571 9.9892E-05 9.9892E-05 9.9892E-05 9.9892E-05 9.9892E-05 9.9892E-05 9.9892E-05 9.9892E-05 9.9892E-05
9.98836E-05 9.98836E-05 9.98836E-05 0.989298 9.98836E-05 9.98836E-05 9.98836E-05 9.98836E-05 0.00940383 9.98836E-05 9.98836E-05 9.98836E-05 9.98836E-05 9.98836E-05 9.98836E-05
9.9973E-05 0.0700118 9.9973E-05 0.109586 0.0332835 0.0923352 0.0319665 0.0732326 0.138805 0.0325185 0.141498 0.0952301 0.129377 9.9973E-05 0.0518563
9.99014E-05 9.99014E-05 9.99014E-05 0.909489 9.99014E-05 0.0488077 9.99014E-05 9.99014E-05 0.00881499 9.99014E-05 9.99014E-05 9.99014E-05 9.99014E-05 0.0317894 9.99014E-05
9.99101E-05 9.99101E-05 9.99101E-05 0.925175 0.00206242 0.00490575 9.99101E-05 9.99101E-05 9.99101E-05 9.99101E-05 0.00201611 9.99101E-05 0.020864 9.99101E-05 0.0440775
9.9892E-05 9.9892E-05 9.9892E-05 0.89009 9.9892E-05 9.9892E-05 9.9892E-05 9.9892E-05 0.0937508 9.9892E-05 9.9892E-05 9.9892E-05 0.0149607 9.9892E-05 9.9892E-05
9.99101E-05 9.99101E-05 0.0341122 0.910798 9.99101E-05 9.99101E-05 9.99101E-05 9.99101E-05 0.0383619 0.0117645 9.99101E-05 9.99101E-05 0.0039645 9.99101E-05 9.99101E-05
9.99012E-05 9.99012E-05 9.99012E-05 0.79401 9.99012E-05 0.106274 9.99012E-05 9.99012E-05 9.99012E-05 9.99012E-05 9.99012E-05 0.0377891 9.99012E-05 9.99012E-05 0.0608279
9.98919E-05 9.98919E-05 9.98919E-05 0.957675 0.0122265 9.98919E-05 9.98919E-05 9.98919E-05 9.98919E-05 9.98919E-05 9.98919E-05 9.98919E-05 9.98919E-05 9.98919E-05 0.0288993
9.98828E-05 9.98828E-05 9.98828E-05 9.98828E-05 9.98828E-05 0.945504 9.98828E-05 9.98828E-05 9.98828E-05 9.98828E-05 9.98828E-05 9.98828E-05 0.0531971 9.98828E-05 9.98828E-05
9.98829E-05 9.98829E-05 9.98829E-05 9.98829E-05 9.98829E-05 0.989241 9.98829E-05 9.98829E-05 9.98829E-05 9.98829E-05 9.98829E-05 9.98829E-05 9.98829E-05 0.00946025 9.98829E-05
9.99011E-05 9.99011E-05 9.99011E-05 0.948898 9.99011E-05 9.99011E-05 9.99011E-05 9.99011E-05 0.00829256 0.0133729 9.99011E-05 0.028338 9.99011E-05 9.99011E-05 9.99011E-05
9.99009E-05 9.99009E-05 9.99009E-05 0.0069881 9.99009E-05 9.99009E-05 9.99009E-05 9.99009E-05 0.933816 9.99009E-05 0.0498829 9.99009E-05 0.00821368 9.99009E-05 9.99009E-05
9.98919E-05 9.98919E-05 9.98919E-05 9.98919E-05 9.98919E-05 9.98919E-05 0.00232848 9.98919E-05 0.981695 9.98919E-05 9.98919E-05 9.98919E-05 0.0147775 9.98919E-05 9.98919E-05
9.98832E-05 9.98832E-05 9.98832E-05 9.98832E-05 9.98832E-05 9.98832E-05 0.978781 9.98832E-05 9.98832E-05 9.98832E-05 9.98832E-05 9.98832E-05 9.98832E-05 9.98832E-05 0.0199202
9.98833E-05 9.98833E-05 9.98833E-05 9.98833E-05 9.98833E-05 9.98833E-05 0.988413 9.98833E-05 9.98833E-05 9.98833E-05 9.98833E-05 9.98833E-05 9.98833E-05 0.0102882 9.98833E-05
9.991E-05 9.991E-05 0.0562466 9.991E-05 9.991E-05 9.991E-05 9.991E-05 9.991E-05 0.087642 9.991E-05 9.991E-05 0.758599 9.991E-05 0.00750074 0.0890121
9.99279E-05 0.0245196 0.0347359 9.99279E-05 9.99279E-05 9.99279E-05 9.99279E-05 9.99279E-05 0.0631853 0.00700278 9.99279E-05 0.719431 9.99279E-05 0.0442382 0.106088
9.99102E-05 9.99102E-05 0.00737151 9.99102E-05 9.99102E-05 9.99102E-05 0.965064 0.0200894 0.00518817 9.99102E-05 0.00128735 9.99102E-05 9.99102E-05 9.99102E-05 9.99102E-05
9.98742E-05 9.98742E-05 9.98742E-05 9.98742E-05 9.98742E-05 9.98742E-05 0.998602 9.98742E-05 9.98742E-05 9.98742E-05 9.98742E-05 9.98742E-05 9.98742E-05 9.98742E-05 9.98742E-05
9.98919E-05 0.942024 9.98919E-05 9.98919E-05 9.98919E-05 9.98919E-05 9.98919E-05 9.98919E-05 0.0425431 9.98919E-05 9.98919E-05 9.98919E-05 0.0142346 9.98919E-05 9.98919E-05
9.99011E-05 9.99011E-05 9.99011E-05 9.99011E-05 9.99011E-05 9.99011E-05 9.99011E-05 9.99011E-05 0.127477 0.00539764 9.99011E-05 9.99011E-05 9.99011E-05 0.177694 0.688332
9.9901E-05 9.9901E-05 0.920626 9.9901E-05 0.0250773 9.9901E-05 9.9901E-05 9.9901E-05 9.9901E-05 9.9901E-05 9.9901E-05 0.0157962 0.0374014 9.9901E-05 9.9901E-05
9.9892E-05 9.9892E-05 0.0197389 9.9892E-05 0.948089 9.9892E-05 9.9892E-05 0.0309735 9.9892E-05 9.9892E-05 9.9892E-05 9.9892E-05 9.9892E-05 9.9892E-05 9.9892E-05
9.991E-05 0.0182985 9.991E-05 9.991E-05 0.932867 9.991E-05 9.991E-05 9.991E-05 0.00680065 0.0160719 0.0249631 9.991E-05 9.991E-05 9.991E-05 9.991E-05
0.00035921 9.99371E-05 9.99371E-05 0.353209 9.99371E-05 0.439487 0.0381164 0.0698371 9.99371E-05 0.00352263 9.99371E-05 0.000937111 0.0938324 9.99371E-05 9.99371E-05
