9.99008E-05 9.99008E-05 9.99008E-05 9.99008E-05 0.935707 0.0235557 0.0302954 9.99008E-05 9.99008E-05 9.99008E-05 9.99008E-05 9.99008E-05 9.99008E-05 0.00934251 9.99008E-05
0.00940411 9.99278E-05 9.99278E-05 0.400728 0.0462263 9.99278E-05 0.269282 0.0317847 9.99278E-05 9.99278E-05 9.99278E-05 0.227246 0.0145296 9.99278E-05 9.99278E-05
0.146291 9.99286E-05 0.00688303 0.0978065 9.99286E-05 9.99286E-05 9.99286E-05 9.99286E-05 0.0508652 0.0402946 0.0775038 0.579557 9.99286E-05 9.99286E-05 9.99286E-05
9.9928E-05 0.0053485 9.9928E-05 9.9928E-05 9.9928E-05 9.9928E-05 9.9928E-05 0.00131791 0.0206573 9.9928E-05 0.0563313 0.887294 0.0205629 0.0076888 9.9928E-05
0.0255689 9.99102E-05 9.99102E-05 0.285777 9.99102E-05 9.99102E-05 9.99102E-05 9.99102E-05 9.99102E-05 9.99102E-05 9.99102E-05 0.403158 0.0954335 0.189063 9.99102E-05
0.0471026 9.9892E-05 9.9892E-05 9.9892E-05 9.9892E-05 9.9892E-05 0.0229691 9.9892E-05 9.9892E-05 9.9892E-05 9.9892E-05 0.92873 9.9892E-05 9.9892E-05 9.9892E-05
9.98829E-05 9.98829E-05 9.98829E-05 0.876443 9.98829E-05 9.98829E-05 9.98829E-05 9.98829E-05 9.98829E-05 0.122259 9.98829E-05 9.98829E-05 9.98829E-05 9.98829E-05 9.98829E-05
0.728616 9.99369E-05 9.99369E-05 0.0381573 9.99369E-05 9.99369E-05 0.0100293 9.99369E-05 0.01059 9.99369E-05 0.0231211 0.0318807 0.0871891 0.0697166 9.99369E-05
9.98919E-05 9.98919E-05 9.98919E-05 0.900433 9.98919E-05 9.98919E-05 9.98919E-05 9.98919E-05 9.98919E-05 0.0387204 9.98919E-05 9.98919E-05 9.98919E-05 0.0596477 9.98919E-05
9.9883E-05 9.9883E-05 9.9883E-05 0.0060525 9.9883E-05 9.9883E-05 9.9883E-05 9.9883E-05 9.9883E-05 9.9883E-05 9.9883E-05 9.9883E-05 9.9883E-05 0.992649 9.9883E-05
9.98741E-05 9.98741E-05 9.98741E-05 9.98741E-05 9.98741E-05 9.98741E-05 9.98741E-05 9.98741E-05 9.98741E-05 9.98741E-05 9.98741E-05 9.98741E-05 9.98741E-05 0.998602 9.98741E-05
9.99101E-05 9.99101E-05 9.99101E-05 9.99101E-05 0.691305 9.99101E-05 9.99101E-05 9.99101E-05 0.111122 0.151428 0.0358987 9.99101E-05 9.99101E-05 9.99101E-05 0.0092471
0.0425522 9.98923E-05 9.98923E-05 9.98923E-05 9.98923E-05 9.98923E-05 9.98923E-05 9.98923E-05 9.98923E-05 0.89015 9.98923E-05 9.98923E-05 9.98923E-05 9.98923E-05 0.0660988
9.9892E-05 9.9892E-05 0.0149474 9.9892E-05 0.0164854 9.9892E-05 9.9892E-05 9.9892E-05 9.9892E-05 9.9892E-05 9.9892E-05 0.967369 9.9892E-05 9.9892E-05 9.9892E-05
9.9901E-05 9.9901E-05 9.9901E-05 9.9901E-05 0.0114585 0.0193226 0.0246519 9.9901E-05 9.9901E-05 9.9901E-05 9.9901E-05 0.943468 9.9901E-05 9.9901E-05 9.9901E-05
9.99009E-05 0.748898 9.99009E-05 9.99009E-05 9.99009E-05 9.99009E-05 9.99009E-05 9.99009E-05 9.99009E-05 0.108444 9.99009E-05 9.99009E-05 9.99009E-05 0.0296319 0.111926
9.9892E-05 9.9892E-05 9.9892E-05 9.9892E-05 9.9892E-05 0.0058958 9.9892E-05 0.929754 9.9892E-05 9.9892E-05 9.9892E-05 9.9892E-05 9.9892E-05 0.0631517 9.9892E-05
9.99099E-05 9.99099E-05 0.692772 0.0291779 9.99099E-05 9.99099E-05 0.200576 0.0176992 9.99099E-05 9.99099E-05 9.99099E-05 9.99099E-05 9.99099E-05 0.0587759 9.99099E-05
9.9883E-05 9.9883E-05 0.905649 9.9883E-05 9.9883E-05 9.9883E-05 9.9883E-05 9.9883E-05 0.0930527 9.9883E-05 9.9883E-05 9.9883E-05 9.9883E-05 9.9883E-05 9.9883E-05
9.99188E-05 0.311079 9.99188E-05 9.99188E-05 0.106085 9.99188E-05 9.99188E-05 0.0189029 0.043948 9.99188E-05 9.99188E-05 9.99188E-05 9.99188E-05 0.40057 0.118516
9.98742E-05 9.98742E-05 0.998602 9.98742E-05 9.98742E-05 9.98742E-05 9.98742E-05 9.98742E-05 9.98742E-05 9.98742E-05 9.98742E-05 9.98742E-05 9.98742E-05 9.98742E-05 9.98742E-05
9.99189E-05 0.231312 9.99189E-05 9.99189E-05 0.423594 9.99189E-05 0.20913 0.0803639 9.99189E-05 0.0466725 9.99189E-05 9.99189E-05 9.99189E-05 9.99189E-05 0.00802906
9.98739E-05 9.98739E-05 9.98739E-05 9.98739E-05 9.98739E-05 0.998602 9.98739E-05 9.98739E-05 9.98739E-05 9.98739E-05 9.98739E-05 9.98739E-05 9.98739E-05 9.98739E-05 9.98739E-05
9.98919E-05 9.98919E-05 0.739137 9.98919E-05 9.98919E-05 0.223576 9.98919E-05 9.98919E-05 9.98919E-05 9.98919E-05 9.98919E-05 9.98919E-05 9.98919E-05 9.98919E-05 0.0360875
9.98833E-05 9.98833E-05 9.98833E-05 9.98833E-05 9.98833E-05 9.98833E-05 9.98833E-05 9.98833E-05 9.98833E-05 9.98833E-05 0.661831 0.336871 9.98833E-05 9.98833E-05 9.98833E-05
9.98831E-05 9.98831E-05 9.98831E-05 9.98831E-05 9.98831E-05 9.98831E-05 9.98831E-05 9.98831E-05 9.98831E-05 9.98831E-05 0.179668 0.819034 9.98831E-05 9.98831E-05 9.98831E-05
9.99188E-05 9.99188E-05 9.99188E-05 9.99188E-05 0.0563704 0.00280409 9.99188E-05 0.0529535 0.0331105 0.802396 9.99188E-05 9.99188E-05 9.99188E-05 0.0514666 9.99188E-05
9.98741E-05 9.98741E-05 9.98741E-05 9.98741E-05 9.98741E-05 9.98741E-05 9.98741E-05 9.98741E-05 9.98741E-05 9.98741E-05 0.998602 9.98741E-05 9.98741E-05 9.98741E-05 9.98741E-05
9.98742E-05 9.98742E-05 9.98742E-05 9.98742E-05 9.98742E-05 9.98742E-05 9.98742E-05 9.98742E-05 9.98742E-05 9.98742E-05 0.998602 9.98742E-05 9.98742E-05 9.98742E-05 9.98742E-05
0.192189 9.99371E-05 0.0262347 9.99371E-05 9.99371E-05 9.99371E-05 9.99371E-05 0.00618368 0.00919025 9.99371E-05 0.122983 0.426942 0.180671 9.99371E-05 0.0349061
0.507355 9.99189E-05 9.99189E-05 9.99189E-05 9.99189E-05 9.99189E-05 9.99189E-05 9.99189E-05 9.99189E-05 9.99189E-05 0.145688 0.262152 0.0241303 0.0353783 0.0243981
9.99012E-05 9.99012E-05 9.99012E-05 0.634427 0.0935326 9.99012E-05 9.99012E-05 9.99012E-05 9.99012E-05 9.99012E-05 9.99012E-05 0.071448 0.199494 9.99012E-05 9.99012E-05
0.22926 0.00938684 9.99101E-05 9.99101E-05 9.99101E-05 9.99101E-05 9.99101E-05 0.00106533 9.99101E-05 9.99101E-05 0.278976 0.480313 9.99101E-05 9.99101E-05 9.99101E-05
0.272484 9.99102E-05 9.99102E-05 9.99102E-05 0.0197848 9.99102E-05 9.99102E-05 0.00577215 0.00389038 9.99102E-05 9.99102E-05 9.99102E-05 0.69707 9.99102E-05 9.99102E-05
0.0206916 9.99367E-05 9.99367E-05 9.99367E-05 0.0512553 9.99367E-05 9.99367E-05 0.218807 0.0933961 0.481838 0.019033 9.99367E-05 9.99367E-05 0.0372994 0.0769804
0.0563803 9.99098E-05 9.99098E-05 9.99098E-05 9.99098E-05 9.99098E-05 9.99098E-05 0.0426042 9.99098E-05 9.99098E-05 0.603895 0.285737 9.99098E-05 9.99098E-05 0.0103845
0.0248348 9.98921E-05 9.98921E-05 9.98921E-05 0.957714 9.98921E-05 9.98921E-05 9.98921E-05 9.98921E-05 9.98921E-05 9.98921E-05 9.98921E-05 9.98921E-05 9.98921E-05 0.0162523
0.0739306 9.99189E-05 9.99189E-05 0.0233822 0.0464857 0.0514014 0.592532 9.99189E-05 9.99189E-05 9.99189E-05 9.99189E-05 9.99189E-05 9.99189E-05 0.211369 9.99189E-05
0.000507051 9.98831E-05 9.98831E-05 9.98831E-05 9.98831E-05 9.98831E-05 9.98831E-05 0.998194 9.98831E-05 9.98831E-05 9.98831E-05 9.98831E-05 9.98831E-05 9.98831E-05 9.98831E-05
9.98919E-05 9.98919E-05 9.98919E-05 9.98919E-05 9.98919E-05 9.98919E-05 0.919088 0.0534129 9.98919E-05 9.98919E-05 9.98919E-05 0.0263006 9.98919E-05 9.98919E-05 9.98919E-05
9.9883E-05 9.9883E-05 9.9883E-05 9.9883E-05 9.9883E-05 9.9883E-05 0.987463 9.9883E-05 0.0112386 9.9883E-05 9.9883E-05 9.9883E-05 9.9883E-05 9.9883E-05 9.9883E-05
9.99201E-05 0.0181284 9.99201E-05 9.99201E-05 0.0538716 0.01377 0.264265 0.00605287 9.99201E-05 9.99201E-05 9.99201E-05 9.99201E-05 9.99201E-05 0.618697 0.0244162
9.99189E-05 0.734009 0.0106305 0.0612949 0.0441195 9.99189E-05 0.0509717 9.99189E-05 9.99189E-05 0.0980754 9.99189E-05 9.99189E-05 9.99189E-05 9.99189E-05 9.99189E-05
9.99188E-05 9.99188E-05 9.99188E-05 9.99188E-05 0.0852327 9.99188E-05 0.0246066 9.99188E-05 0.00749142 0.0167978 9.99188E-05 9.99188E-05 9.99188E-05 0.723634 0.141339
9.99099E-05 9.99099E-05 9.99099E-05 9.99099E-05 9.99099E-05 0.172075 0.535743 9.99099E-05 0.0332322 0.110071 9.99099E-05 9.99099E-05 9.99099E-05 9.99099E-05 0.147879
0.00332945 9.99011E-05 9.99011E-05 9.99011E-05 9.99011E-05 9.99011E-05 0.734386 9.99011E-05 9.99011E-05 9.99011E-05 9.99011E-05 9.99011E-05 9.99011E-05 0.0319292 0.229256
9.99279E-05 9.99279E-05 9.99279E-05 9.99279E-05 0.186896 9.99279E-05 9.99279E-05 0.0951484 9.99279E-05 0.0683696 9.99279E-05 0.0759426 0.0610058 0.171875 0.339963
9.98702E-05 9.98702E-05 9.98702E-05 9.98702E-05 0.988005 0.0106968 9.98702E-05 9.98702E-05 9.98702E-05 9.98702E-05 9.98702E-05 9.98702E-05 9.98702E-05 9.98702E-05 9.98702E-05
9.98741E-05 9.98741E-05 9.98741E-05 9.98741E-05 9.98741E-05 9.98741E-05 9.98741E-05 9.98741E-05 9.98741E-05 9.98741E-05 9.98741E-05 9.98741E-05 0.998602 9.98741E-05 9.98741E-05
9.98831E-05 9.98831E-05 9.98831E-05 9.98831E-05 9.98831E-05 9.98831E-05 9.98831E-05 9.98831E-05 0.0211087 9.98831E-05 9.98831E-05 9.98831E-05 0.977593 9.98831E-05 9.98831E-05
9.98921E-05 9.98921E-05 9.98921E-05 0.00176397 9.98921E-05 9.98921E-05 9.98921E-05 9.98921E-05 9.98921E-05 9.98921E-05 9.98921E-05 9.98921E-05 0.988774 9.98921E-05 0.00826355
9.98743E-05 9.98743E-05 9.98743E-05 9.98743E-05 9.98743E-05 9.98743E-05 9.98743E-05 9.98743E-05 9.98743E-05 9.98743E-05 9.98743E-05 9.98743E-05 0.998602 9.98743E-05 9.98743E-05
9.98742E-05 9.98742E-05 9.98742E-05 9.98742E-05 9.98742E-05 9.98742E-05 9.98742E-05 9.98742E-05 9.98742E-05 9.98742E-05 9.98742E-05 9.98742E-05 0.998602 9.98742E-05 9.98742E-05
0.446254 0.0595268 9.99282E-05 0.00301566 9.99282E-05 0.0449374 9.99282E-05 9.99282E-05 9.99282E-05 9.99282E-05 9.99282E-05 0.0206567 0.346865 0.0779447 9.99282E-05
9.99011E-05 0.0163032 9.99011E-05 0.0142985 9.99011E-05 9.99011E-05 0.0110124 9.99011E-05 9.99011E-05 9.99011E-05 9.99011E-05 9.99011E-05 0.957287 9.99011E-05 9.99011E-05
9.99099E-05 0.142667 9.99099E-05 0.00705598 0.80821 9.99099E-05 9.99099E-05 9.99099E-05 9.99099E-05 9.99099E-05 9.99099E-05 9.99099E-05 9.99099E-05 0.0224108 0.0186567
9.99187E-05 9.99187E-05 9.99187E-05 0.641026 0.0774904 9.99187E-05 9.99187E-05 9.99187E-05 0.0171791 9.99187E-05 0.0521846 0.0102305 0.20099 9.99187E-05 9.99187E-05
0.00287594 9.99099E-05 9.99099E-05 9.99099E-05 9.99099E-05 9.99099E-05 9.99099E-05 0.00966586 9.99099E-05 9.99099E-05 0.511353 0.464808 9.99099E-05 9.99099E-05 0.010298
9.99011E-05 0.0913357 9.99011E-05 9.99011E-05 0.0346907 9.99011E-05 9.99011E-05 9.99011E-05 0.0438979 0.828977 9.99011E-05 9.99011E-05 9.99011E-05 9.99011E-05 9.99011E-05
9.99012E-05 0.897521 9.99012E-05 9.99012E-05 0.0007992 9.99012E-05 9.99012E-05 9.99012E-05 9.99012E-05 0.00688869 9.99012E-05 9.99012E-05 9.99012E-05 9.99012E-05 0.093692
9.98745E-05 9.98745E-05 9.98745E-05 9.98745E-05 9.98745E-05 9.98745E-05 9.98745E-05 9.98745E-05 9.98745E-05 0.998602 9.98745E-05 9.98745E-05 9.98745E-05 9.98745E-05 9.98745E-05
9.9883E-05 9.9883E-05 9.9883E-05 9.9883E-05 9.9883E-05 9.9883E-05 9.9883E-05 9.9883E-05 9.9883E-05 0.931818 9.9883E-05 9.9883E-05 9.9883E-05 0.066883 9.9883E-05
9.99009E-05 9.99009E-05 9.99009E-05 9.99009E-05 9.99009E-05 9.99009E-05 9.99009E-05 9.99009E-05 0.0550964 0.816147 9.99009E-05 9.99009E-05 9.99009E-05 0.0951414 0.0325166
9.99013E-05 9.99013E-05 0.926613 9.99013E-05 0.0356777 9.99013E-05 0.0312559 9.99013E-05 9.99013E-05 9.99013E-05 9.99013E-05 9.99013E-05 0.00535458 9.99013E-05 9.99013E-05
9.98835E-05 9.98835E-05 9.98835E-05 9.98835E-05 9.98835E-05 9.98835E-05 9.98835E-05 9.98835E-05 9.98835E-05 9.98835E-05 0.67995 0.318752 9.98835E-05 9.98835E-05 9.98835E-05
0.0979448 9.9955E-05 0.0372305 9.9955E-05 0.0845968 0.0083773 0.202083 0.223826 9.9955E-05 0.0375638 0.225231 0.0204415 0.0622057 9.9955E-05 9.9955E-05
0.036159 0.0269413 9.99102E-05 9.99102E-05 9.99102E-05 9.99102E-05 9.99102E-05 9.99102E-05 9.99102E-05 0.0175176 0.0128276 0.905555 9.99102E-05 9.99102E-05 9.99102E-05
9.99099E-05 9.99099E-05 9.99099E-05 9.99099E-05 0.0219885 9.99099E-05 9.99099E-05 0.0452425 9.99099E-05 9.99099E-05 0.211412 0.677547 0.0428112 9.99099E-05 9.99099E-05
9.98831E-05 0.0357827 9.98831E-05 9.98831E-05 9.98831E-05 9.98831E-05 9.98831E-05 9.98831E-05 9.98831E-05 9.98831E-05 0.962919 9.98831E-05 9.98831E-05 9.98831E-05 9.98831E-05
9.98742E-05 9.98742E-05 9.98742E-05 9.98742E-05 9.98742E-05 9.98742E-05 9.98742E-05 9.98742E-05 9.98742E-05 9.98742E-05 0.998602 9.98742E-05 9.98742E-05 9.98742E-05 9.98742E-05
0.133802 9.99191E-05 9.99191E-05 9.99191E-05 9.99191E-05 9.99191E-05 9.99191E-05 9.99191E-05 0.000560909 9.99191E-05 0.204294 0.595109 9.99191E-05 0.0434017 0.0219324
9.98919E-05 9.98919E-05 9.98919E-05 9.98919E-05 9.98919E-05 9.98919E-05 9.98919E-05 0.0377169 9.98919E-05 9.98919E-05 0.508037 0.453048 9.98919E-05 9.98919E-05 9.98919E-05
0.998602 9.9874E-05 9.9874E-05 9.9874E-05 9.9874E-05 9.9874E-05 9.9874E-05 9.9874E-05 9.9874E-05 9.9874E-05 9.9874E-05 9.9874E-05 9.9874E-05 9.9874E-05 9.9874E-05
0.971505 9.9883E-05 9.9883E-05 9.9883E-05 9.9883E-05 9.9883E-05 9.9883E-05 9.9883E-05 9.9883E-05 0.0271964 9.9883E-05 9.9883E-05 9.9883E-05 9.9883E-05 9.9883E-05
9.98901E-05 0.0646184 9.98901E-05 9.98901E-05 9.98901E-05 9.98901E-05 9.98901E-05 9.98901E-05 9.98901E-05 9.98901E-05 0.0394173 0.882099 0.0127665 9.98901E-05 9.98901E-05
9.9919E-05 0.957327 9.9919E-05 9.9919E-05 9.9919E-05 9.9919E-05 0.00122081 0.000614865 0.00221839 9.9919E-05 9.9919E-05 0.0239699 0.0137497 9.9919E-05 9.9919E-05
0.00373404 0.990423 9.9901E-05 9.9901E-05 9.9901E-05 9.9901E-05 9.9901E-05 9.9901E-05 9.9901E-05 9.9901E-05 9.9901E-05 0.00375037 0.000993483 9.9901E-05 9.9901E-05
9.98922E-05 9.98922E-05 9.98922E-05 9.98922E-05 0.00135999 0.00565627 9.98922E-05 9.98922E-05 0.991785 9.98922E-05 9.98922E-05 9.98922E-05 9.98922E-05 9.98922E-05 9.98922E-05
9.98743E-05 9.98743E-05 9.98743E-05 9.98743E-05 9.98743E-05 9.98743E-05 9.98743E-05 9.98743E-05 0.998602 9.98743E-05 9.98743E-05 9.98743E-05 9.98743E-05 9.98743E-05 9.98743E-05
9.98801E-05 9.98801E-05 9.98801E-05 9.98801E-05 9.98801E-05 9.98801E-05 0.640964 9.98801E-05 9.98801E-05 0.0677157 9.98801E-05 9.98801E-05 9.98801E-05 0.290122 9.98801E-05
9.98919E-05 9.98919E-05 9.98919E-05 9.98919E-05 9.98919E-05 9.98919E-05 0.614393 9.98919E-05 9.98919E-05 0.0620614 9.98919E-05 9.98919E-05 9.98919E-05 0.322347 9.98919E-05
0.0114107 9.99012E-05 9.99012E-05 9.99012E-05 9.99012E-05 0.00273913 9.99012E-05 9.99012E-05 0.963698 9.99012E-05 9.99012E-05 9.99012E-05 9.99012E-05 0.0210534 9.99012E-05
9.98742E-05 9.98742E-05 9.98742E-05 9.98742E-05 9.98742E-05 9.98742E-05 9.98742E-05 9.98742E-05 0.998602 9.98742E-05 9.98742E-05 9.98742E-05 9.98742E-05 9.98742E-05 9.98742E-05
9.98919E-05 0.0184072 9.98919E-05 9.98919E-05 0.926481 9.98919E-05 9.98919E-05 9.98919E-05 9.98919E-05 0.0539126 9.98919E-05 9.98919E-05 9.98919E-05 9.98919E-05 9.98919E-05
9.991E-05 0.0929768 0.00237619 0.067603 9.991E-05 9.991E-05 0.715466 9.991E-05 9.991E-05 0.120579 9.991E-05 9.991E-05 9.991E-05 9.991E-05 9.991E-05
9.99008E-05 9.99008E-05 9.99008E-05 0.652282 0.0690778 9.99008E-05 9.99008E-05 9.99008E-05 9.99008E-05 9.99008E-05 9.99008E-05 0.0470898 0.230451 9.99008E-05 9.99008E-05
9.98738E-05 9.98738E-05 9.98738E-05 9.98738E-05 9.98738E-05 9.98738E-05 9.98738E-05 9.98738E-05 9.98738E-05 9.98738E-05 9.98738E-05 9.98738E-05 9.98738E-05 9.98738E-05 0.998602
9.99101E-05 9.99101E-05 9.99101E-05 9.99101E-05 0.0840442 9.99101E-05 9.99101E-05 0.0745628 0.0368235 0.0686175 9.99101E-05 9.99101E-05 9.99101E-05 9.99101E-05 0.734953
0.576711 9.99281E-05 0.0234826 9.99281E-05 9.99281E-05 0.0452628 9.99281E-05 9.99281E-05 0.00150166 9.99281E-05 0.296235 0.0363333 0.0196739 9.99281E-05 9.99281E-05
