9.99549E-05 0.951853 0.00357761 9.99549E-05 9.99549E-05 9.99549E-05 9.99549E-05 0.0440698
9.99819E-05 0.138422 0.040086 0.0165562 0.529235 9.99819E-05 0.218857 0.0566439
9.99643E-05 9.99643E-05 0.0535215 9.99643E-05 0.221999 0.038693 0.685387 9.99643E-05
9.9946E-05 9.9946E-05 0.0375717 9.9946E-05 9.9946E-05 9.9946E-05 0.961829 9.9946E-05
9.997E-05 0.102535 9.997E-05 0.0444317 0.33868 9.997E-05 0.42698 0.0870732
0.00397598 9.9955E-05 0.0171758 9.9955E-05 9.9955E-05 9.9955E-05 0.978348 9.9955E-05
0.189184 9.99459E-05 9.99459E-05 9.99459E-05 0.810216 9.99459E-05 9.99459E-05 9.99459E-05
9.996E-05 9.996E-05 9.996E-05 0.215764 0.365698 9.996E-05 0.364828 0.0533095
0.171402 9.99459E-05 9.99459E-05 9.99459E-05 0.827998 9.99459E-05 9.99459E-05 9.99459E-05
9.99461E-05 9.99461E-05 9.99461E-05 9.99461E-05 0.0753015 9.99461E-05 9.99461E-05 0.924099
9.99461E-05 9.99461E-05 9.99461E-05 9.99461E-05 0.0638315 9.99461E-05 9.99461E-05 0.935569
0.17137 0.66666 0.148378 9.9964E-05 9.9964E-05 9.9964E-05 0.0131918 9.9964E-05
0.9993 9.994E-05 9.994E-05 9.994E-05 9.994E-05 9.994E-05 9.994E-05 9.994E-05
9.9955E-05 0.027863 9.9955E-05 9.9955E-05 9.9955E-05 0.0192856 0.952352 9.9955E-05
9.9955E-05 0.0501446 9.9955E-05 9.9955E-05 9.9955E-05 9.9955E-05 0.924164 0.025192
0.33826 0.0870577 9.99639E-05 9.99639E-05 0.159592 9.99639E-05 9.99639E-05 0.41469
0.226993 0.00607383 0.31787 9.9982E-05 9.9982E-05 0.054543 0.00634724 0.387973
9.9964E-05 0.0419933 9.9964E-05 0.0295608 9.9964E-05 0.711278 9.9964E-05 0.216768
0.00446928 9.9955E-05 0.081243 9.9955E-05 9.9955E-05 0.913788 9.9955E-05 9.9955E-05
0.0356965 0.146973 0.0558977 9.9964E-05 9.9964E-05 9.9964E-05 9.9964E-05 0.761033
9.994E-05 9.994E-05 9.994E-05 9.994E-05 9.994E-05 0.9993 9.994E-05 9.994E-05
0.174168 0.527978 9.9964E-05 0.00464816 9.9964E-05 9.9964E-05 9.9964E-05 0.292805
9.99641E-05 9.99641E-05 0.290908 9.99641E-05 9.99641E-05 0.409766 0.00671524 0.292211
9.99549E-05 9.99549E-05 0.095173 9.99549E-05 9.99549E-05 0.890312 9.99549E-05 0.014015
9.994E-05 9.994E-05 9.994E-05 9.994E-05 9.994E-05 9.994E-05 0.9993 9.994E-05
9.994E-05 9.994E-05 9.994E-05 9.994E-05 9.994E-05 9.994E-05 0.9993 9.994E-05
0.81801 0.0213906 0.0432876 9.99639E-05 9.99639E-05 9.99639E-05 9.99639E-05 0.116912
9.9946E-05 9.9946E-05 9.9946E-05 0.0592414 9.9946E-05 9.9946E-05 0.940159 9.9946E-05
9.995E-05 9.995E-05 9.995E-05 0.102371 0.0303172 9.995E-05 0.866812 9.995E-05
0.0214805 9.99821E-05 0.0179416 0.202804 0.0150504 0.0277054 0.714818 9.99821E-05
9.9964E-05 9.9964E-05 0.0576839 0.184921 0.105289 9.9964E-05 0.651707 9.9964E-05
9.9964E-05 0.0673043 9.9964E-05 0.152451 0.7509 9.9964E-05 0.0289445 9.9964E-05
9.99462E-05 9.99462E-05 9.99462E-05 9.99462E-05 0.00704692 9.99462E-05 0.992353 9.99462E-05
9.99551E-05 9.99551E-05 9.99551E-05 0.763581 0.130425 9.99551E-05 0.105494 9.99551E-05
0.589068 0.0578787 0.202403 9.99729E-05 9.99729E-05 9.99729E-05 0.0665617 0.0837884
0.0274072 9.99459E-05 9.99459E-05 9.99459E-05 9.99459E-05 9.99459E-05 0.971993 9.99459E-05
9.99461E-05 0.996856 9.99461E-05 9.99461E-05 9.99461E-05 9.99461E-05 0.00254401 9.99461E-05
9.9973E-05 0.100301 9.9973E-05 9.9973E-05 0.129463 0.0123031 0.0688094 0.688824
0.149266 0.0138852 0.379266 9.9982E-05 9.9982E-05 0.0511601 0.169458 0.236764
9.9973E-05 0.320099 0.0117424 9.9973E-05 9.9973E-05 0.00150726 0.123454 0.542898
9.99639E-05 0.350368 0.0308224 9.99639E-05 9.99639E-05 9.99639E-05 0.0882851 0.530125
9.9946E-05 0.00651126 9.9946E-05 9.9946E-05 9.9946E-05 9.9946E-05 9.9946E-05 0.992889
0.202338 0.160482 9.99639E-05 9.99639E-05 0.221844 9.99639E-05 9.99639E-05 0.414936
0.0135784 9.9955E-05 0.00312111 9.9955E-05 9.9955E-05 9.9955E-05 9.9955E-05 0.982801
0.161576 0.0290388 0.135199 9.9973E-05 9.9973E-05 0.0976242 9.9973E-05 0.576262
0.0450878 0.119276 0.0150129 9.9982E-05 9.9982E-05 0.0321942 0.0915556 0.696673
0.235192 0.189731 0.0919437 0.0607981 9.9982E-05 9.9982E-05 0.116286 0.305849
9.99463E-05 0.963971 9.99463E-05 9.99463E-05 9.99463E-05 0.0354292 9.99463E-05 9.99463E-05
9.994E-05 9.994E-05 9.994E-05 0.9993 9.994E-05 9.994E-05 9.994E-05 9.994E-05
9.994E-05 9.994E-05 9.994E-05 0.9993 9.994E-05 9.994E-05 9.994E-05 9.994E-05
9.99461E-05 9.99461E-05 9.99461E-05 0.980671 9.99461E-05 9.99461E-05 9.99461E-05 0.0187291
9.994E-05 9.994E-05 9.994E-05 0.9993 9.994E-05 9.994E-05 9.994E-05 9.994E-05
9.994E-05 9.994E-05 9.994E-05 0.9993 9.994E-05 9.994E-05 9.994E-05 9.994E-05
0.0353563 9.99821E-05 9.99821E-05 0.483494 0.194784 0.0215078 0.255936 0.00872142
9.9955E-05 0.0337587 9.9955E-05 0.905495 0.0602467 9.9955E-05 9.9955E-05 9.9955E-05
0.0636893 0.874354 9.99639E-05 9.99639E-05 0.0396424 9.99639E-05 9.99639E-05 0.0219142
9.99729E-05 0.0883762 0.0228747 0.174621 0.664092 9.99729E-05 0.0497361 9.99729E-05
9.99459E-05 0.0139248 9.99459E-05 9.99459E-05 9.99459E-05 9.99459E-05 0.985476 9.99459E-05
0.876913 0.0799478 0.021883 0.0124496 0.00850644 9.9973E-05 9.9973E-05 9.9973E-05
0.33525 0.206835 0.00605096 9.9982E-05 0.0996882 9.9982E-05 0.0112615 0.340714
0.9993 9.994E-05 9.994E-05 9.994E-05 9.994E-05 9.994E-05 9.994E-05 9.994E-05
0.895878 9.99549E-05 9.99549E-05 9.99549E-05 9.99549E-05 9.99549E-05 0.00330682 0.100316
0.869041 9.99639E-05 0.0657653 9.99639E-05 9.99639E-05 0.0141803 9.99639E-05 0.0506133
9.99461E-05 0.102775 9.99461E-05 9.99461E-05 9.99461E-05 0.896625 9.99461E-05 9.99461E-05
9.99462E-05 9.99462E-05 9.99462E-05 9.99462E-05 0.0109841 9.99462E-05 0.988416 9.99462E-05
0.0899385 0.0559629 0.0516528 0.153122 0.190511 0.036242 0.228561 0.19401
0.0127485 9.99641E-05 9.99641E-05 0.00365972 0.010679 9.99641E-05 0.972513 9.99641E-05
9.9946E-05 0.053459 9.9946E-05 9.9946E-05 9.9946E-05 9.9946E-05 0.945941 9.9946E-05
0.00663922 0.0164057 9.9973E-05 0.0151215 0.0535689 9.9973E-05 0.907965 9.9973E-05
9.9973E-05 0.0134107 9.9973E-05 0.0358851 0.0228782 0.00359258 0.923934 9.9973E-05
9.99461E-05 9.99461E-05 9.99461E-05 9.99461E-05 9.99461E-05 9.99461E-05 0.904449 0.0949512
9.994E-05 9.994E-05 9.994E-05 9.994E-05 9.994E-05 9.994E-05 0.9993 9.994E-05
9.99552E-05 9.99552E-05 9.99552E-05 0.198346 0.346139 9.99552E-05 0.455015 9.99552E-05
9.99552E-05 9.99552E-05 9.99552E-05 0.060719 0.49337 9.99552E-05 0.445411 9.99552E-05
9.9964E-05 0.00370792 9.9964E-05 0.0246451 9.9964E-05 9.9964E-05 0.956848 0.0143993
0.0836345 0.106678 0.0305909 9.99819E-05 0.231491 9.99819E-05 0.0531419 0.494264
0.124458 0.120094 0.0106231 9.99729E-05 0.278641 9.99729E-05 9.99729E-05 0.465884
9.994E-05 9.994E-05 0.9993 9.994E-05 9.994E-05 9.994E-05 9.994E-05 9.994E-05
9.994E-05 9.994E-05 0.9993 9.994E-05 9.994E-05 9.994E-05 9.994E-05 9.994E-05
9.9973E-05 0.0123845 9.9973E-05 0.00486695 0.0254036 9.9973E-05 0.00914661 0.947898
0.0320482 9.9955E-05 9.9955E-05 9.9955E-05 0.0449638 9.9955E-05 9.9955E-05 0.922488
9.9955E-05 9.9955E-05 0.977878 0.00531775 0.0163041 9.9955E-05 9.9955E-05 9.9955E-05
9.994E-05 9.994E-05 0.9993 9.994E-05 9.994E-05 9.994E-05 9.994E-05 9.994E-05
0.0648468 0.905529 9.99549E-05 0.0291245 9.99549E-05 9.99549E-05 9.99549E-05 9.99549E-05
0.228478 0.124252 9.99729E-05 9.99729E-05 0.155783 0.0510582 9.99729E-05 0.440129
9.99638E-05 0.0605891 9.99638E-05 0.229026 0.708154 9.99638E-05 0.00183097 9.99638E-05
0.291582 9.99731E-05 0.251943 9.99731E-05 9.99731E-05 0.095074 0.0508743 0.310227
0.429487 0.189774 0.314005 9.99641E-05 9.99641E-05 0.0663337 9.99641E-05 9.99641E-05
9.99731E-05 9.99731E-05 0.00990449 0.223015 0.146953 0.0421532 0.577674 9.99731E-05
