9.9937E-05 9.9937E-05 9.9937E-05 0.00576813 9.9937E-05 0.993532 9.9937E-05 9.9937E-05 9.9937E-05
9.99548E-05 0.653361 9.99548E-05 0.0197173 9.99548E-05 0.11295 9.99548E-05 0.213473 9.99548E-05
0.00428874 0.00813819 0.0790486 0.0247249 9.99822E-05 9.99822E-05 0.00946831 0.828673 0.0454584
0.00562523 9.9955E-05 9.9955E-05 0.0177096 9.9955E-05 9.9955E-05 0.00290619 0.973259 9.9955E-05
9.99641E-05 0.363328 9.99641E-05 9.99641E-05 0.12833 0.0130575 0.0771233 0.417761 9.99641E-05
9.9937E-05 9.9937E-05 9.9937E-05 9.9937E-05 0.00220084 9.9937E-05 9.9937E-05 0.9971 9.9937E-05
9.9937E-05 0.736044 0.263256 9.9937E-05 9.9937E-05 9.9937E-05 9.9937E-05 9.9937E-05 9.9937E-05
0.358411 0.320849 9.9964E-05 9.9964E-05 0.0549712 9.9964E-05 0.160037 0.105332 9.9964E-05
9.9937E-05 0.83112 0.16818 9.9937E-05 9.9937E-05 9.9937E-05 9.9937E-05 9.9937E-05 9.9937E-05
9.99372E-05 0.0233011 9.99372E-05 9.99372E-05 0.975999 9.99372E-05 9.99372E-05 9.99372E-05 9.99372E-05
9.99371E-05 0.0198338 9.99371E-05 9.99371E-05 0.979467 9.99371E-05 9.99371E-05 9.99371E-05 9.99371E-05
0.0302067 9.9964E-05 0.120282 0.13277 9.9964E-05 0.698509 9.9964E-05 0.0178334 9.9964E-05
0.0198058 9.99371E-05 0.979495 9.99371E-05 9.99371E-05 9.99371E-05 9.99371E-05 9.99371E-05 9.99371E-05
9.9937E-05 9.9937E-05 9.9937E-05 9.9937E-05 9.9937E-05 9.9937E-05 9.9937E-05 0.987934 0.0113664
9.9946E-05 9.9946E-05 9.9946E-05 9.9946E-05 9.9946E-05 0.0265424 9.9946E-05 0.971857 0.00100076
0.012914 0.126561 0.350541 0.00402969 0.349208 0.156447 9.99729E-05 9.99729E-05 9.99729E-05
9.99551E-05 9.99551E-05 0.182632 0.312422 0.437476 9.99551E-05 9.99551E-05 9.99551E-05 0.0669707
9.99549E-05 9.99549E-05 9.99549E-05 9.99549E-05 0.207823 0.00615852 0.0536135 9.99549E-05 0.731905
9.99461E-05 9.99461E-05 0.00708203 0.0728906 9.99461E-05 9.99461E-05 9.99461E-05 9.99461E-05 0.919428
9.9955E-05 9.9955E-05 0.0510993 0.0661161 0.666166 0.216119 9.9955E-05 9.9955E-05 9.9955E-05
0.00449495 9.9946E-05 9.9946E-05 9.9946E-05 9.9946E-05 9.9946E-05 9.9946E-05 0.0122392 0.982666
9.99549E-05 9.99549E-05 0.073009 0.0252778 0.289788 0.611425 9.99549E-05 9.99549E-05 9.99549E-05
0.0118971 9.9964E-05 9.9964E-05 0.298684 0.274317 9.9964E-05 9.9964E-05 0.00112708 0.413575
9.9937E-05 9.9937E-05 9.9937E-05 0.0736209 9.9937E-05 9.9937E-05 9.9937E-05 9.9937E-05 0.92568
0.70897 9.9937E-05 9.9937E-05 9.9937E-05 9.9937E-05 9.9937E-05 9.9937E-05 0.29033 9.9937E-05
0.191788 9.9937E-05 9.9937E-05 9.9937E-05 9.9937E-05 9.9937E-05 9.9937E-05 0.807513 9.9937E-05
9.99549E-05 9.99549E-05 0.815185 0.0542303 0.0463029 0.083782 9.99549E-05 9.99549E-05 9.99549E-05
0.999201 9.993E-05 9.993E-05 9.993E-05 9.993E-05 9.993E-05 9.993E-05 9.993E-05 9.993E-05
0.960387 9.9937E-05 9.9937E-05 9.9937E-05 9.9937E-05 0.0389136 9.9937E-05 9.9937E-05 9.9937E-05
0.334462 9.99731E-05 0.0161828 0.00534799 9.99731E-05 9.99731E-05 0.220517 0.39674 0.0264496
0.520645 0.103769 9.9964E-05 0.0464855 9.9964E-05 9.9964E-05 0.161985 0.166715 9.9964E-05
9.99461E-05 0.878484 9.99461E-05 9.99461E-05 9.99461E-05 0.0155886 0.105328 9.99461E-05 9.99461E-05
0.577763 9.99371E-05 9.99371E-05 9.99371E-05 9.99371E-05 9.99371E-05 9.99371E-05 0.421538 9.99371E-05
0.151226 0.0706668 9.99461E-05 9.99461E-05 9.99461E-05 9.99461E-05 0.777508 9.99461E-05 9.99461E-05
0.0816831 9.99729E-05 0.580654 0.188212 0.0885234 0.0573886 0.00323981 9.99729E-05 9.99729E-05
0.638753 9.99459E-05 9.99459E-05 0.00901224 9.99459E-05 9.99459E-05 9.99459E-05 0.351636 9.99459E-05
9.99371E-05 9.99371E-05 9.99371E-05 9.99371E-05 9.99371E-05 0.989968 9.99371E-05 0.00933261 9.99371E-05
9.9964E-05 0.145889 9.9964E-05 9.9964E-05 0.733048 0.0737964 9.9964E-05 0.0386716 0.00819511
9.996E-05 9.996E-05 0.168374 0.376268 0.275131 9.996E-05 9.996E-05 0.124705 0.0551209
9.99549E-05 9.99549E-05 9.99549E-05 0.0229659 0.512324 0.302857 9.99549E-05 0.161354 9.99549E-05
9.99549E-05 9.99549E-05 9.99549E-05 0.0195645 0.548812 0.346128 9.99549E-05 0.0849963 9.99549E-05
9.993E-05 9.993E-05 9.993E-05 9.993E-05 0.999201 9.993E-05 9.993E-05 9.993E-05 9.993E-05
9.99549E-05 0.208357 0.227184 9.99549E-05 0.343026 0.220932 9.99549E-05 9.99549E-05 9.99549E-05
9.9955E-05 9.9955E-05 0.0111133 0.0107515 0.953739 0.0238968 9.9955E-05 9.9955E-05 9.9955E-05
9.9964E-05 9.9964E-05 0.163837 0.118901 0.553308 0.0650481 9.9964E-05 9.9964E-05 0.0985057
9.998E-05 0.0183511 0.0433268 9.998E-05 0.702779 0.131989 0.00212039 0.0653857 0.0358478
0.057922 9.9982E-05 0.204612 0.0545268 0.39159 0.159454 0.0338665 0.0978288 9.9982E-05
9.99374E-05 9.99374E-05 9.99374E-05 9.99374E-05 9.99374E-05 0.99709 9.99374E-05 9.99374E-05 0.00221005
9.993E-05 9.993E-05 9.993E-05 9.993E-05 9.993E-05 9.993E-05 0.999201 9.993E-05 9.993E-05
9.993E-05 9.993E-05 9.993E-05 9.993E-05 9.993E-05 9.993E-05 0.999201 9.993E-05 9.993E-05
9.99371E-05 9.99371E-05 9.99371E-05 9.99371E-05 0.0220746 9.99371E-05 0.977226 9.99371E-05 9.99371E-05
9.993E-05 9.993E-05 9.993E-05 9.993E-05 9.993E-05 9.993E-05 0.999201 9.993E-05 9.993E-05
9.993E-05 9.993E-05 9.993E-05 9.993E-05 9.993E-05 9.993E-05 0.999201 9.993E-05 9.993E-05
0.294207 0.207804 9.996E-05 9.996E-05 0.034597 9.996E-05 0.41872 9.996E-05 0.0442725
9.9946E-05 0.0359827 9.9946E-05 9.9946E-05 9.9946E-05 0.00788094 0.955537 9.9946E-05 9.9946E-05
9.99459E-05 9.99459E-05 0.05434 9.99459E-05 0.0467388 0.898322 9.99459E-05 9.99459E-05 9.99459E-05
0.016462 0.787424 9.99729E-05 0.00661402 9.99729E-05 0.0408649 0.145935 0.00240034 9.99729E-05
0.447509 9.99368E-05 9.99368E-05 9.99368E-05 9.99368E-05 9.99368E-05 9.99368E-05 0.551791 9.99368E-05
9.9964E-05 9.9964E-05 0.849438 0.0075494 9.9964E-05 0.129783 0.00684834 0.00598198 9.9964E-05
0.068155 0.12638 0.283322 0.0163866 0.233319 0.272137 9.997E-05 9.997E-05 9.997E-05
9.993E-05 9.993E-05 0.999201 9.993E-05 9.993E-05 9.993E-05 9.993E-05 9.993E-05 9.993E-05
9.99459E-05 9.99459E-05 0.900109 9.99459E-05 0.0935074 0.00578424 9.99459E-05 9.99459E-05 9.99459E-05
9.99549E-05 9.99549E-05 0.844989 0.0834366 0.0561687 0.0149056 9.99549E-05 9.99549E-05 9.99549E-05
9.99551E-05 9.99551E-05 9.99551E-05 9.99551E-05 0.0627082 0.0438785 0.000507732 9.99551E-05 0.892406
0.653535 9.99371E-05 9.99371E-05 9.99371E-05 9.99371E-05 9.99371E-05 9.99371E-05 0.345766 9.99371E-05
0.157774 0.068156 0.225307 0.0930652 0.0697777 0.125634 0.0738548 0.186331 9.9991E-05
9.99372E-05 0.0100889 9.99372E-05 9.99372E-05 9.99372E-05 9.99372E-05 9.99372E-05 0.989212 9.99372E-05
0.261964 9.9946E-05 9.9946E-05 9.9946E-05 9.9946E-05 0.00819879 9.9946E-05 0.729238 9.9946E-05
0.999201 9.993E-05 9.993E-05 9.993E-05 9.993E-05 9.993E-05 9.993E-05 9.993E-05 9.993E-05
0.999201 9.993E-05 9.993E-05 9.993E-05 9.993E-05 9.993E-05 9.993E-05 9.993E-05 9.993E-05
0.244186 0.0430791 9.9964E-05 9.9964E-05 0.05132 9.9964E-05 0.00736018 0.653655 9.9964E-05
0.480109 9.99368E-05 9.99368E-05 9.99368E-05 9.99368E-05 9.99368E-05 9.99368E-05 0.519192 9.99368E-05
0.530703 0.286242 9.99462E-05 9.99462E-05 9.99462E-05 9.99462E-05 0.182455 9.99462E-05 9.99462E-05
0.56065 0.39087 0.0204562 9.99552E-05 9.99552E-05 9.99552E-05 0.0275239 9.99552E-05 9.99552E-05
0.00782506 9.9955E-05 0.012289 9.9955E-05 9.9955E-05 9.9955E-05 0.0295305 0.949856 9.9955E-05
0.0179054 0.264229 0.0971191 0.053514 0.37504 0.189559 0.00243328 9.99819E-05 9.99819E-05
0.0279713 0.277452 0.104157 0.0569724 0.330794 0.202353 9.99729E-05 9.99729E-05 9.99729E-05
9.993E-05 9.993E-05 9.993E-05 0.999201 9.993E-05 9.993E-05 9.993E-05 9.993E-05 9.993E-05
9.9937E-05 9.9937E-05 9.9937E-05 0.997521 9.9937E-05 0.00177896 9.9937E-05 9.9937E-05 9.9937E-05
0.0227768 0.0189157 9.99549E-05 9.99549E-05 0.931744 0.0260638 9.99549E-05 9.99549E-05 9.99549E-05
9.9955E-05 0.00400491 0.0549796 9.9955E-05 0.893166 0.0473501 9.9955E-05 9.9955E-05 9.9955E-05
9.9937E-05 0.0182651 9.9937E-05 0.981035 9.9937E-05 9.9937E-05 9.9937E-05 9.9937E-05 9.9937E-05
9.993E-05 9.993E-05 9.993E-05 0.999201 9.993E-05 9.993E-05 9.993E-05 9.993E-05 9.993E-05
9.994E-05 9.994E-05 0.0476351 9.994E-05 9.994E-05 0.944444 0.00732078 9.994E-05 9.994E-05
9.99639E-05 0.179355 0.255649 9.99639E-05 0.363777 0.142635 9.99639E-05 9.99639E-05 0.0581841
9.99458E-05 0.823286 9.99458E-05 9.99458E-05 9.99458E-05 0.0209909 0.155124 9.99458E-05 9.99458E-05
9.996E-05 9.996E-05 0.367892 0.223715 0.254595 9.996E-05 9.996E-05 0.0386082 0.11479
9.99641E-05 9.99641E-05 0.427926 0.317025 0.00280363 0.187948 9.99641E-05 9.99641E-05 0.0638972
0.67777 0.119514 9.99642E-05 0.0351257 9.99642E-05 9.99642E-05 0.1535 9.99642E-05 0.013691
