9.98648E-05 9.98648E-05 9.98648E-05 9.98648E-05 0.0318571 9.98648E-05 9.98648E-05 9.98648E-05 9.98648E-05 9.98648E-05 9.98648E-05 9.98648E-05 0.905636 9.98648E-05 9.98648E-05 9.98648E-05 0.0379774 0.0160839 0.00694723 9.98648E-05
9.9856E-05 9.9856E-05 9.9856E-05 9.9856E-05 9.9856E-05 9.9856E-05 0.172472 9.9856E-05 0.0896238 9.9856E-05 9.9856E-05 9.9856E-05 9.9856E-05 9.9856E-05 9.9856E-05 0.693519 9.9856E-05 9.9856E-05 0.0427878 9.9856E-05
9.98661E-05 9.98661E-05 9.98661E-05 9.98661E-05 0.00757534 9.98661E-05 9.98661E-05 0.238831 0.416509 0.127447 9.98661E-05 0.20814 9.98661E-05 9.98661E-05 9.98661E-05 9.98661E-05 9.98661E-05 9.98661E-05 9.98661E-05 9.98661E-05
9.98742E-05 9.98742E-05 9.98742E-05 9.98742E-05 0.0363721 9.98742E-05 9.98742E-05 0.00533547 0.898457 9.98742E-05 9.98742E-05 0.0151511 9.98742E-05 9.98742E-05 9.98742E-05 9.98742E-05 9.98742E-05 9.98742E-05 0.0115377 0.0317486
9.99282E-05 9.99282E-05 9.99282E-05 9.99282E-05 9.99282E-05 9.99282E-05 0.00673247 0.00558015 0.35115 0.025473 9.99282E-05 0.0893114 0.0615071 9.99282E-05 0.196364 0.0696277 0.0848957 0.0101644 0.0153825 0.0830123
9.9874E-05 0.0174835 9.9874E-05 9.9874E-05 9.9874E-05 9.9874E-05 0.0271041 0.0457745 0.885674 9.9874E-05 0.0111452 9.9874E-05 9.9874E-05 0.0114204 9.9874E-05 9.9874E-05 9.9874E-05 9.9874E-05 9.9874E-05 9.9874E-05
9.98292E-05 9.98292E-05 9.98292E-05 9.98292E-05 9.98292E-05 9.98292E-05 9.98292E-05 9.98292E-05 9.98292E-05 9.98292E-05 9.98292E-05 9.98292E-05 9.98292E-05 9.98292E-05 0.998103 9.98292E-05 9.98292E-05 9.98292E-05 9.98292E-05 9.98292E-05
9.98828E-05 0.0454381 9.98828E-05 9.98828E-05 9.98828E-05 9.98828E-05 9.98828E-05 9.98828E-05 0.00622947 0.353747 9.98828E-05 0.334799 9.98828E-05 9.98828E-05 9.98828E-05 0.113939 0.0570235 9.98828E-05 9.98828E-05 0.0875256
9.98561E-05 9.98561E-05 0.000889659 9.98561E-05 9.98561E-05 9.98561E-05 9.98561E-05 9.98561E-05 9.98561E-05 9.98561E-05 9.98561E-05 9.98561E-05 9.98561E-05 9.98561E-05 0.962664 0.0203069 9.98561E-05 9.98561E-05 0.0145418 9.98561E-05
9.98382E-05 9.98382E-05 9.98382E-05 9.98382E-05 9.98382E-05 9.98382E-05 9.98382E-05 9.98382E-05 9.98382E-05 9.98382E-05 9.98382E-05 9.98382E-05 9.98382E-05 9.98382E-05 0.0799143 9.98382E-05 0.918289 9.98382E-05 9.98382E-05 9.98382E-05
9.98382E-05 9.98382E-05 9.98382E-05 9.98382E-05 9.98382E-05 9.98382E-05 9.98382E-05 9.98382E-05 9.98382E-05 9.98382E-05 9.98382E-05 9.98382E-05 9.98382E-05 9.98382E-05 0.100627 9.98382E-05 0.897576 9.98382E-05 9.98382E-05 9.98382E-05
9.98829E-05 9.98829E-05 9.98829E-05 0.0812781 0.096058 9.98829E-05 9.98829E-05 0.0764904 9.98829E-05 0.011787 0.11956 9.98829E-05 0.613196 9.98829E-05 0.00033222 9.98829E-05 9.98829E-05 9.98829E-05 9.98829E-05 9.98829E-05
9.98475E-05 9.98475E-05 9.98475E-05 0.974075 9.98475E-05 9.98475E-05 9.98475E-05 9.98475E-05 9.98475E-05 0.0181593 9.98475E-05 9.98475E-05 9.98475E-05 9.98475E-05 0.00606875 9.98475E-05 9.98475E-05 9.98475E-05 9.98475E-05 9.98475E-05
9.98741E-05 9.98741E-05 9.98741E-05 9.98741E-05 9.98741E-05 0.0320234 0.0125701 0.000664629 0.909009 9.98741E-05 0.026104 9.98741E-05 9.98741E-05 9.98741E-05 9.98741E-05 0.0182309 9.98741E-05 9.98741E-05 9.98741E-05 9.98741E-05
9.98741E-05 9.98741E-05 9.98741E-05 9.98741E-05 9.98741E-05 0.00487947 0.0145136 0.0610626 0.882738 9.98741E-05 9.98741E-05 9.98741E-05 0.0134687 9.98741E-05 9.98741E-05 9.98741E-05 9.98741E-05 0.0219398 9.98741E-05 9.98741E-05
9.9856E-05 9.9856E-05 0.749614 0.0926567 9.9856E-05 9.9856E-05 9.9856E-05 9.9856E-05 9.9856E-05 9.9856E-05 0.124348 9.9856E-05 9.9856E-05 9.9856E-05 9.9856E-05 9.9856E-05 0.0317836 9.9856E-05 9.9856E-05 9.9856E-05
0.00956013 9.98561E-05 9.98561E-05 9.98561E-05 9.98561E-05 9.98561E-05 9.98561E-05 9.98561E-05 9.98561E-05 9.98561E-05 9.98561E-05 9.98561E-05 9.98561E-05 9.98561E-05 9.98561E-05 9.98561E-05 0.0635728 0.00461203 0.920657 9.98561E-05
9.98558E-05 9.98558E-05 9.98558E-05 9.98558E-05 9.98558E-05 0.797663 0.100715 9.98558E-05 9.98558E-05 9.98558E-05 9.98558E-05 9.98558E-05 9.98558E-05 9.98558E-05 9.98558E-05 0.00589894 0.0941251 9.98558E-05 9.98558E-05 9.98558E-05
0.998103 9.98292E-05 9.98292E-05 9.98292E-05 9.98292E-05 9.98292E-05 9.98292E-05 9.98292E-05 9.98292E-05 9.98292E-05 9.98292E-05 9.98292E-05 9.98292E-05 9.98292E-05 9.98292E-05 9.98292E-05 9.98292E-05 9.98292E-05 9.98292E-05 9.98292E-05
9.98648E-05 9.98648E-05 0.300971 9.98648E-05 0.0155912 9.98648E-05 9.98648E-05 9.98648E-05 9.98648E-05 9.98648E-05 0.165748 9.98648E-05 0.0702405 9.98648E-05 9.98648E-05 9.98648E-05 0.445951 9.98648E-05 9.98648E-05 9.98648E-05
9.98292E-05 9.98292E-05 9.98292E-05 9.98292E-05 9.98292E-05 0.998103 9.98292E-05 9.98292E-05 9.98292E-05 9.98292E-05 9.98292E-05 9.98292E-05 9.98292E-05 9.98292E-05 9.98292E-05 9.98292E-05 9.98292E-05 9.98292E-05 9.98292E-05 9.98292E-05
9.9892E-05 9.9892E-05 0.167099 0.0824246 0.00493627 9.9892E-05 0.279387 0.0100003 9.9892E-05 9.9892E-05 9.9892E-05 9.9892E-05 0.427533 9.9892E-05 9.9892E-05 9.9892E-05 0.0107675 9.9892E-05 0.0166538 9.9892E-05
9.98292E-05 9.98292E-05 9.98292E-05 9.98292E-05 9.98292E-05 9.98292E-05 9.98292E-05 9.98292E-05 9.98292E-05 9.98292E-05 9.98292E-05 9.98292E-05 9.98292E-05 9.98292E-05 9.98292E-05 9.98292E-05 9.98292E-05 0.998103 9.98292E-05 9.98292E-05
0.820204 0.0390438 9.9856E-05 9.9856E-05 9.9856E-05 0.0434762 9.9856E-05 9.9856E-05 9.9856E-05 9.9856E-05 9.9856E-05 9.9856E-05 9.9856E-05 9.9856E-05 9.9856E-05 9.9856E-05 9.9856E-05 0.0956778 9.9856E-05 9.9856E-05
9.98474E-05 9.98474E-05 9.98474E-05 9.98474E-05 9.98474E-05 9.98474E-05 9.98474E-05 9.98474E-05 0.958789 0.00847142 9.98474E-05 9.98474E-05 9.98474E-05 9.98474E-05 9.98474E-05 9.98474E-05 9.98474E-05 9.98474E-05 9.98474E-05 0.0310424
9.98295E-05 9.98295E-05 9.98295E-05 9.98295E-05 9.98295E-05 9.98295E-05 9.98295E-05 9.98295E-05 0.998103 9.98295E-05 9.98295E-05 9.98295E-05 9.98295E-05 9.98295E-05 9.98295E-05 9.98295E-05 9.98295E-05 9.98295E-05 9.98295E-05 9.98295E-05
9.98649E-05 9.98649E-05 9.98649E-05 0.823418 0.0504026 9.98649E-05 9.98649E-05 9.98649E-05 9.98649E-05 9.98649E-05 9.98649E-05 9.98649E-05 0.0399059 9.98649E-05 9.98649E-05 9.98649E-05 0.0431762 9.98649E-05 0.0415994 9.98649E-05
9.98651E-05 9.98651E-05 0.0171943 0.0322122 9.98651E-05 9.98651E-05 9.98651E-05 9.98651E-05 0.861161 9.98651E-05 9.98651E-05 0.0216144 9.98651E-05 9.98651E-05 9.98651E-05 9.98651E-05 9.98651E-05 9.98651E-05 9.98651E-05 0.0663205
9.98472E-05 9.98472E-05 0.0399814 9.98472E-05 9.98472E-05 9.98472E-05 9.98472E-05 9.98472E-05 0.900863 9.98472E-05 9.98472E-05 9.98472E-05 9.98472E-05 9.98472E-05 9.98472E-05 9.98472E-05 9.98472E-05 9.98472E-05 9.98472E-05 0.0574579
9.98743E-05 0.0587776 9.98743E-05 9.98743E-05 0.0010779 9.98743E-05 9.98743E-05 9.98743E-05 0.347732 9.98743E-05 9.98743E-05 0.494331 9.98743E-05 0.00209147 9.98743E-05 9.98743E-05 9.98743E-05 9.98743E-05 9.98743E-05 0.0945918
9.98557E-05 9.98557E-05 9.98557E-05 9.98557E-05 9.98557E-05 9.98557E-05 9.98557E-05 0.0130849 0.0591538 9.98557E-05 0.00972927 0.916434 9.98557E-05 9.98557E-05 9.98557E-05 9.98557E-05 9.98557E-05 9.98557E-05 9.98557E-05 9.98557E-05
9.98295E-05 9.98295E-05 9.98295E-05 9.98295E-05 9.98295E-05 9.98295E-05 9.98295E-05 9.98295E-05 9.98295E-05 9.98295E-05 9.98295E-05 9.98295E-05 9.98295E-05 9.98295E-05 9.98295E-05 0.998103 9.98295E-05 9.98295E-05 9.98295E-05 9.98295E-05
9.98473E-05 9.98473E-05 9.98473E-05 9.98473E-05 9.98473E-05 9.98473E-05 9.98473E-05 9.98473E-05 0.816264 0.173889 9.98473E-05 9.98473E-05 9.98473E-05 9.98473E-05 9.98473E-05 9.98473E-05 9.98473E-05 9.98473E-05 0.00814901 9.98473E-05
9.98654E-05 0.0614941 9.98654E-05 9.98654E-05 9.98654E-05 9.98654E-05 9.98654E-05 9.98654E-05 0.0208905 0.182962 9.98654E-05 9.98654E-05 9.98654E-05 9.98654E-05 0.0157704 9.98654E-05 9.98654E-05 9.98654E-05 9.98654E-05 0.717385
9.98737E-05 0.139745 9.98737E-05 0.479973 0.0826205 9.98737E-05 0.034459 9.98737E-05 9.98737E-05 9.98737E-05 9.98737E-05 0.020754 9.98737E-05 9.98737E-05 9.98737E-05 9.98737E-05 9.98737E-05 9.98737E-05 0.24105 9.98737E-05
9.98649E-05 9.98649E-05 9.98649E-05 9.98649E-05 9.98649E-05 9.98649E-05 0.0267238 9.98649E-05 0.908406 0.0592246 9.98649E-05 0.00383151 9.98649E-05 9.98649E-05 9.98649E-05 9.98649E-05 9.98649E-05 9.98649E-05 0.000316021 9.98649E-05
9.98471E-05 0.0982106 9.98471E-05 9.98471E-05 9.98471E-05 9.98471E-05 9.98471E-05 9.98471E-05 9.98471E-05 0.0217581 9.98471E-05 9.98471E-05 0.878334 9.98471E-05 9.98471E-05 9.98471E-05 9.98471E-05 9.98471E-05 9.98471E-05 9.98471E-05
9.99008E-05 0.100062 9.99008E-05 0.00929251 9.99008E-05 9.99008E-05 0.0585434 9.99008E-05 9.99008E-05 0.0643654 9.99008E-05 9.99008E-05 0.0657367 0.00551032 9.99008E-05 0.177384 0.478574 0.0394331 9.99008E-05 9.99008E-05
9.98383E-05 9.98383E-05 9.98383E-05 9.98383E-05 9.98383E-05 9.98383E-05 9.98383E-05 9.98383E-05 9.98383E-05 0.00409628 9.98383E-05 9.98383E-05 9.98383E-05 9.98383E-05 9.98383E-05 9.98383E-05 9.98383E-05 9.98383E-05 0.994107 9.98383E-05
9.98381E-05 9.98381E-05 9.98381E-05 9.98381E-05 9.98381E-05 9.98381E-05 0.988338 9.98381E-05 0.00986513 9.98381E-05 9.98381E-05 9.98381E-05 9.98381E-05 9.98381E-05 9.98381E-05 9.98381E-05 9.98381E-05 9.98381E-05 9.98381E-05 9.98381E-05
9.98381E-05 9.98381E-05 9.98381E-05 9.98381E-05 9.98381E-05 9.98381E-05 0.987411 9.98381E-05 9.98381E-05 9.98381E-05 9.98381E-05 9.98381E-05 0.0107915 9.98381E-05 9.98381E-05 9.98381E-05 9.98381E-05 9.98381E-05 9.98381E-05 9.98381E-05
0.0246724 0.0805297 0.0260455 9.98828E-05 9.98828E-05 9.98828E-05 0.0502553 9.98828E-05 9.98828E-05 9.98828E-05 9.98828E-05 9.98828E-05 0.00279996 9.98828E-05 9.98828E-05 9.98828E-05 0.807316 9.98828E-05 0.00708239 9.98828E-05
0.00987851 9.9883E-05 0.821654 0.0466798 9.9883E-05 9.9883E-05 0.0186233 9.9883E-05 9.9883E-05 9.9883E-05 9.9883E-05 9.9883E-05 9.9883E-05 0.0169842 0.0740721 9.9883E-05 0.0108095 9.9883E-05 9.9883E-05 9.9883E-05
9.98559E-05 9.98559E-05 9.98559E-05 9.98559E-05 9.98559E-05 9.98559E-05 9.98559E-05 0.019265 9.98559E-05 9.98559E-05 0.0773636 9.98559E-05 0.0389137 9.98559E-05 9.98559E-05 9.98559E-05 0.86286 9.98559E-05 9.98559E-05 9.98559E-05
0.0363742 0.795258 0.027642 0.0129753 9.98738E-05 9.98738E-05 0.0106878 9.98738E-05 9.98738E-05 9.98738E-05 9.98738E-05 9.98738E-05 9.98738E-05 9.98738E-05 9.98738E-05 9.98738E-05 9.98738E-05 0.115665 9.98738E-05 9.98738E-05
9.98648E-05 0.908516 0.0219703 9.98648E-05 9.98648E-05 9.98648E-05 0.0215772 9.98648E-05 9.98648E-05 9.98648E-05 9.98648E-05 9.98648E-05 9.98648E-05 0.0244314 9.98648E-05 9.98648E-05 0.0220072 9.98648E-05 9.98648E-05 9.98648E-05
9.98741E-05 0.709074 9.98741E-05 9.98741E-05 9.98741E-05 9.98741E-05 9.98741E-05 9.98741E-05 9.98741E-05 9.98741E-05 9.98741E-05 0.0499521 0.0632778 9.98741E-05 0.026886 9.98741E-05 9.98741E-05 9.98741E-05 0.148689 0.000722667
0.0126237 9.9848E-05 9.9848E-05 9.9848E-05 9.9848E-05 9.9848E-05 9.9848E-05 9.9848E-05 9.9848E-05 9.9848E-05 9.9848E-05 9.9848E-05 0.974009 9.9848E-05 9.9848E-05 9.9848E-05 9.9848E-05 0.0116695 9.9848E-05 9.9848E-05
9.98292E-05 9.98292E-05 9.98292E-05 9.98292E-05 9.98292E-05 9.98292E-05 9.98292E-05 9.98292E-05 9.98292E-05 9.98292E-05 9.98292E-05 9.98292E-05 9.98292E-05 9.98292E-05 9.98292E-05 9.98292E-05 9.98292E-05 9.98292E-05 9.98292E-05 0.998103
9.98562E-05 9.98562E-05 9.98562E-05 9.98562E-05 9.98562E-05 9.98562E-05 9.98562E-05 9.98562E-05 9.98562E-05 9.98562E-05 0.00184613 9.98562E-05 9.98562E-05 0.00136592 0.00446957 9.98562E-05 9.98562E-05 9.98562E-05 9.98562E-05 0.990721
9.98203E-05 0.0140603 9.98203E-05 9.98203E-05 9.98203E-05 9.98203E-05 9.98203E-05 9.98203E-05 9.98203E-05 9.98203E-05 9.98203E-05 9.98203E-05 9.98203E-05 9.98203E-05 9.98203E-05 9.98203E-05 9.98203E-05 9.98203E-05 9.98203E-05 0.984143
9.98474E-05 9.98474E-05 9.98474E-05 9.98474E-05 9.98474E-05 9.98474E-05 9.98474E-05 9.98474E-05 9.98474E-05 0.00804043 9.98474E-05 9.98474E-05 9.98474E-05 9.98474E-05 9.98474E-05 9.98474E-05 0.00146359 9.98474E-05 9.98474E-05 0.988799
9.98293E-05 9.98293E-05 9.98293E-05 9.98293E-05 9.98293E-05 9.98293E-05 9.98293E-05 9.98293E-05 9.98293E-05 9.98293E-05 9.98293E-05 9.98293E-05 9.98293E-05 9.98293E-05 9.98293E-05 9.98293E-05 9.98293E-05 9.98293E-05 9.98293E-05 0.998103
9.98833E-05 9.98833E-05 0.0709812 9.98833E-05 9.98833E-05 9.98833E-05 9.98833E-05 9.98833E-05 0.019046 0.0507736 9.98833E-05 0.375588 9.98833E-05 9.98833E-05 0.0578435 9.98833E-05 9.98833E-05 0.0741072 9.98833E-05 0.350362
9.98652E-05 0.0099948 9.98652E-05 0.0010511 9.98652E-05 9.98652E-05 9.98652E-05 0.0199244 9.98652E-05 9.98652E-05 9.98652E-05 9.98652E-05 9.98652E-05 9.98652E-05 9.98652E-05 0.0516203 9.98652E-05 9.98652E-05 9.98652E-05 0.915911
9.98468E-05 9.98468E-05 0.155563 9.98468E-05 9.98468E-05 9.98468E-05 9.98468E-05 9.98468E-05 9.98468E-05 9.98468E-05 0.0773629 9.98468E-05 0.765377 9.98468E-05 9.98468E-05 9.98468E-05 9.98468E-05 9.98468E-05 9.98468E-05 9.98468E-05
9.9865E-05 9.9865E-05 0.00938242 9.9865E-05 0.004481 9.9865E-05 9.9865E-05 9.9865E-05 9.9865E-05 9.9865E-05 9.9865E-05 9.9865E-05 9.9865E-05 9.9865E-05 0.0353003 0.927379 9.9865E-05 9.9865E-05 9.9865E-05 0.0219595
9.98471E-05 9.98471E-05 9.98471E-05 9.98471E-05 9.98471E-05 9.98471E-05 0.0153206 9.98471E-05 0.967458 9.98471E-05 0.0155242 9.98471E-05 9.98471E-05 9.98471E-05 9.98471E-05 9.98471E-05 9.98471E-05 9.98471E-05 9.98471E-05 9.98471E-05
9.98561E-05 9.98561E-05 0.0212888 0.797688 0.0485733 9.98561E-05 0.130852 9.98561E-05 9.98561E-05 9.98561E-05 9.98561E-05 9.98561E-05 9.98561E-05 9.98561E-05 9.98561E-05 9.98561E-05 9.98561E-05 9.98561E-05 9.98561E-05 9.98561E-05
9.98474E-05 0.108624 0.831914 9.98474E-05 9.98474E-05 9.98474E-05 9.98474E-05 9.98474E-05 9.98474E-05 9.98474E-05 0.0577651 9.98474E-05 9.98474E-05 9.98474E-05 9.98474E-05 9.98474E-05 9.98474E-05 9.98474E-05 9.98474E-05 9.98474E-05
0.00499592 9.98476E-05 9.98476E-05 0.97418 9.98476E-05 9.98476E-05 9.98476E-05 9.98476E-05 9.98476E-05 9.98476E-05 9.98476E-05 9.98476E-05 9.98476E-05 9.98476E-05 0.0191265 9.98476E-05 9.98476E-05 9.98476E-05 9.98476E-05 9.98476E-05
9.98649E-05 0.0333813 9.98649E-05 0.861791 9.98649E-05 9.98649E-05 0.00952918 0.00729968 9.98649E-05 9.98649E-05 9.98649E-05 9.98649E-05 9.98649E-05 9.98649E-05 9.98649E-05 9.98649E-05 0.0865006 9.98649E-05 9.98649E-05 9.98649E-05
0.000688589 9.98739E-05 9.98739E-05 0.784933 0.0474197 9.98739E-05 0.0090651 9.98739E-05 9.98739E-05 9.98739E-05 0.051177 9.98739E-05 9.98739E-05 9.98739E-05 9.98739E-05 9.98739E-05 0.105318 9.98739E-05 9.98739E-05 9.98739E-05
9.98295E-05 9.98295E-05 9.98295E-05 9.98295E-05 9.98295E-05 9.98295E-05 9.98295E-05 9.98295E-05 9.98295E-05 9.98295E-05 9.98295E-05 9.98295E-05 9.98295E-05 0.998103 9.98295E-05 9.98295E-05 9.98295E-05 9.98295E-05 9.98295E-05 9.98295E-05
9.98479E-05 9.98479E-05 9.98479E-05 9.98479E-05 9.98479E-05 9.98479E-05 9.98479E-05 9.98479E-05 0.980074 9.98479E-05 9.98479E-05 0.0100953 9.98479E-05 9.98479E-05 9.98479E-05 9.98479E-05 0.00813339 9.98479E-05 9.98479E-05 9.98479E-05
9.98289E-05 9.98289E-05 9.98289E-05 9.98289E-05 9.98289E-05 9.98289E-05 9.98289E-05 0.998103 9.98289E-05 9.98289E-05 9.98289E-05 9.98289E-05 9.98289E-05 9.98289E-05 9.98289E-05 9.98289E-05 9.98289E-05 9.98289E-05 9.98289E-05 9.98289E-05
9.98474E-05 9.98474E-05 9.98474E-05 9.98474E-05 9.98474E-05 9.98474E-05 9.98474E-05 0.106415 0.799338 0.0925491 9.98474E-05 9.98474E-05 9.98474E-05 9.98474E-05 9.98474E-05 9.98474E-05 9.98474E-05 9.98474E-05 9.98474E-05 9.98474E-05
9.98742E-05 9.98742E-05 9.98742E-05 9.98742E-05 9.98742E-05 9.98742E-05 0.0272776 0.00207967 0.907987 9.98742E-05 9.98742E-05 0.0352109 9.98742E-05 9.98742E-05 0.0166897 9.98742E-05 9.98742E-05 9.98742E-05 0.009357 9.98742E-05
9.9883E-05 9.9883E-05 0.0568522 9.9883E-05 9.9883E-05 9.9883E-05 9.9883E-05 9.9883E-05 0.837102 0.0305762 9.9883E-05 0.0153462 9.9883E-05 9.9883E-05 0.011853 0.00877564 9.9883E-05 9.9883E-05 9.9883E-05 0.0381963
0.00310321 9.98921E-05 0.0402191 9.98921E-05 9.98921E-05 0.00762108 9.98921E-05 9.98921E-05 0.883631 0.0141068 9.98921E-05 9.98921E-05 9.98921E-05 9.98921E-05 0.00349115 0.0317532 9.98921E-05 9.98921E-05 9.98921E-05 0.0148761
9.98564E-05 9.98564E-05 9.98564E-05 9.98564E-05 9.98564E-05 9.98564E-05 0.0918712 9.98564E-05 0.695694 9.98564E-05 9.98564E-05 0.195589 9.98564E-05 9.98564E-05 9.98564E-05 9.98564E-05 0.0152477 9.98564E-05 9.98564E-05 9.98564E-05
9.9865E-05 9.9865E-05 9.9865E-05 9.9865E-05 9.9865E-05 9.9865E-05 0.00612632 9.9865E-05 0.936474 0.0106439 0.0351858 9.9865E-05 9.9865E-05 9.9865E-05 9.9865E-05 9.9865E-05 9.9865E-05 9.9865E-05 0.010072 9.9865E-05
9.9856E-05 9.9856E-05 9.9856E-05 9.9856E-05 9.9856E-05 9.9856E-05 9.9856E-05 9.9856E-05 9.9856E-05 0.944619 9.9856E-05 0.00741284 9.9856E-05 9.9856E-05 9.9856E-05 9.9856E-05 9.9856E-05 9.9856E-05 0.00863334 0.0377367
9.98471E-05 9.98471E-05 9.98471E-05 0.00850958 9.98471E-05 9.98471E-05 9.98471E-05 9.98471E-05 9.98471E-05 0.987822 9.98471E-05 9.98471E-05 9.98471E-05 0.0019714 9.98471E-05 9.98471E-05 9.98471E-05 9.98471E-05 9.98471E-05 9.98471E-05
9.98652E-05 0.0523306 9.98652E-05 9.98652E-05 9.98652E-05 0.00552628 9.98652E-05 0.0368569 0.89778 9.98652E-05 9.98652E-05 9.98652E-05 9.98652E-05 9.98652E-05 9.98652E-05 9.98652E-05 9.98652E-05 9.98652E-05 9.98652E-05 0.00600804
9.9865E-05 9.9865E-05 0.945748 9.9865E-05 0.016189 9.9865E-05 9.9865E-05 9.9865E-05 9.9865E-05 9.9865E-05 9.9865E-05 9.9865E-05 9.9865E-05 9.9865E-05 9.9865E-05 0.0235863 9.9865E-05 0.00909907 9.9865E-05 0.00387925
9.98471E-05 9.98471E-05 0.982516 9.98471E-05 9.98471E-05 9.98471E-05 9.98471E-05 9.98471E-05 0.00513083 9.98471E-05 9.98471E-05 9.98471E-05 9.98471E-05 9.98471E-05 9.98471E-05 9.98471E-05 9.98471E-05 9.98471E-05 9.98471E-05 0.0106561
9.98473E-05 0.0108425 9.98473E-05 9.98473E-05 0.981666 9.98473E-05 0.00579368 9.98473E-05 9.98473E-05 9.98473E-05 9.98473E-05 9.98473E-05 9.98473E-05 9.98473E-05 9.98473E-05 9.98473E-05 9.98473E-05 9.98473E-05 9.98473E-05 9.98473E-05
9.98474E-05 9.98474E-05 9.98474E-05 9.98474E-05 0.988411 9.98474E-05 9.98474E-05 0.00500739 9.98474E-05 9.98474E-05 9.98474E-05 9.98474E-05 0.0048845 9.98474E-05 9.98474E-05 9.98474E-05 9.98474E-05 9.98474E-05 9.98474E-05 9.98474E-05
9.98918E-05 0.071385 0.00234539 0.0076285 9.98918E-05 0.00618423 0.140691 0.0785735 9.98918E-05 9.98918E-05 9.98918E-05 9.98918E-05 9.98918E-05 9.98918E-05 9.98918E-05 0.035607 0.656387 9.98918E-05 9.98918E-05 9.98918E-05
9.98829E-05 0.0471344 0.0217809 0.0508139 9.98829E-05 9.98829E-05 0.114368 0.0849484 9.98829E-05 9.98829E-05 9.98829E-05 9.98829E-05 9.98829E-05 9.98829E-05 9.98829E-05 0.0271958 0.65246 9.98829E-05 9.98829E-05 9.98829E-05
9.98563E-05 9.98563E-05 0.00807524 9.98563E-05 0.943516 9.98563E-05 9.98563E-05 9.98563E-05 9.98563E-05 0.0265017 9.98563E-05 9.98563E-05 9.98563E-05 9.98563E-05 9.98563E-05 9.98563E-05 9.98563E-05 0.0203092 9.98563E-05 9.98563E-05
9.98294E-05 9.98294E-05 9.98294E-05 9.98294E-05 0.998103 9.98294E-05 9.98294E-05 9.98294E-05 9.98294E-05 9.98294E-05 9.98294E-05 9.98294E-05 9.98294E-05 9.98294E-05 9.98294E-05 9.98294E-05 9.98294E-05 9.98294E-05 9.98294E-05 9.98294E-05
9.98559E-05 9.98559E-05 0.0356803 0.017225 9.98559E-05 9.98559E-05 9.98559E-05 9.98559E-05 9.98559E-05 9.98559E-05 9.98559E-05 9.98559E-05 0.937925 9.98559E-05 9.98559E-05 9.98559E-05 9.98559E-05 9.98559E-05 9.98559E-05 0.00757218
0.0197621 9.9874E-05 0.0329416 0.114897 9.9874E-05 0.00208 0.702083 9.9874E-05 9.9874E-05 9.9874E-05 9.9874E-05 9.9874E-05 9.9874E-05 9.9874E-05 0.126838 9.9874E-05 9.9874E-05 9.9874E-05 9.9874E-05 9.9874E-05
9.98559E-05 0.0482072 9.98559E-05 9.98559E-05 9.98559E-05 9.98559E-05 9.98559E-05 9.98559E-05 9.98559E-05 9.98559E-05 9.98559E-05 9.98559E-05 9.98559E-05 9.98559E-05 0.0728719 0.828251 9.98559E-05 9.98559E-05 9.98559E-05 0.0490727
0.02217 0.294235 9.98561E-05 9.98561E-05 9.98561E-05 9.98561E-05 9.98561E-05 9.98561E-05 9.98561E-05 9.98561E-05 0.654007 9.98561E-05 9.98561E-05 9.98561E-05 9.98561E-05 9.98561E-05 9.98561E-05 0.0279908 9.98561E-05 9.98561E-05
9.98289E-05 9.98289E-05 9.98289E-05 9.98289E-05 9.98289E-05 9.98289E-05 9.98289E-05 9.98289E-05 9.98289E-05 9.98289E-05 0.998103 9.98289E-05 9.98289E-05 9.98289E-05 9.98289E-05 9.98289E-05 9.98289E-05 9.98289E-05 9.98289E-05 9.98289E-05
9.9829E-05 9.9829E-05 9.9829E-05 9.9829E-05 9.9829E-05 9.9829E-05 9.9829E-05 9.9829E-05 9.9829E-05 9.9829E-05 9.9829E-05 0.998103 9.9829E-05 9.9829E-05 9.9829E-05 9.9829E-05 9.9829E-05 9.9829E-05 9.9829E-05 9.9829E-05
