9.98469E-05 9.98469E-05 9.98469E-05 0.0957671 9.98469E-05 0.00265132 9.98469E-05 9.98469E-05 9.98469E-05 9.98469E-05 9.98469E-05 9.98469E-05 9.98469E-05 9.98469E-05 9.98469E-05 9.98469E-05 9.98469E-05 9.98469E-05 0.899884 9.98469E-05
0.673411 0.125329 9.98559E-05 9.98559E-05 9.98559E-05 9.98559E-05 9.98559E-05 9.98559E-05 9.98559E-05 0.0545503 9.98559E-05 9.98559E-05 9.98559E-05 9.98559E-05 0.145112 9.98559E-05 9.98559E-05 9.98559E-05 9.98559E-05 9.98559E-05
9.9884E-05 0.570838 0.0518554 9.9884E-05 0.0322662 9.9884E-05 9.9884E-05 9.9884E-05 9.9884E-05 9.9884E-05 9.9884E-05 0.0250417 0.151725 9.9884E-05 9.9884E-05 9.9884E-05 9.9884E-05 0.0368813 9.9884E-05 0.130095
9.98746E-05 0.928411 9.98746E-05 0.0235941 9.98746E-05 9.98746E-05 0.0141404 9.98746E-05 9.98746E-05 9.98746E-05 9.98746E-05 0.0102381 0.0166576 9.98746E-05 9.98746E-05 9.98746E-05 9.98746E-05 0.00556093 9.98746E-05 9.98746E-05
0.139828 0.352632 9.98832E-05 9.98832E-05 9.98832E-05 0.25707 0.0528518 9.98832E-05 9.98832E-05 9.98832E-05 0.109123 0.0398097 9.98832E-05 9.98832E-05 9.98832E-05 9.98832E-05 9.98832E-05 9.98832E-05 9.98832E-05 0.0473865
9.9856E-05 0.95962 9.9856E-05 9.9856E-05 9.9856E-05 9.9856E-05 0.00291235 9.9856E-05 9.9856E-05 9.9856E-05 9.9856E-05 9.9856E-05 9.9856E-05 9.9856E-05 9.9856E-05 0.0125665 0.0233033 9.9856E-05 9.9856E-05 9.9856E-05
9.98293E-05 9.98293E-05 9.98293E-05 9.98293E-05 9.98293E-05 9.98293E-05 9.98293E-05 9.98293E-05 9.98293E-05 9.98293E-05 0.998103 9.98293E-05 9.98293E-05 9.98293E-05 9.98293E-05 9.98293E-05 9.98293E-05 9.98293E-05 9.98293E-05 9.98293E-05
0.08689 0.0178645 9.99098E-05 0.0407418 9.99098E-05 0.0449214 0.159461 0.0773292 9.99098E-05 9.99098E-05 9.99098E-05 0.076325 0.0110138 9.99098E-05 9.99098E-05 9.99098E-05 9.99098E-05 0.0156646 9.99098E-05 0.46879
0.0497179 9.98471E-05 9.98471E-05 9.98471E-05 9.98471E-05 9.98471E-05 9.98471E-05 9.98471E-05 9.98471E-05 0.00886607 0.939719 9.98471E-05 9.98471E-05 9.98471E-05 9.98471E-05 9.98471E-05 9.98471E-05 9.98471E-05 9.98471E-05 9.98471E-05
9.98381E-05 9.98381E-05 9.98381E-05 9.98381E-05 9.98381E-05 0.995722 9.98381E-05 9.98381E-05 9.98381E-05 9.98381E-05 0.00248125 9.98381E-05 9.98381E-05 9.98381E-05 9.98381E-05 9.98381E-05 9.98381E-05 9.98381E-05 9.98381E-05 9.98381E-05
9.9829E-05 9.9829E-05 9.9829E-05 9.9829E-05 9.9829E-05 0.998103 9.9829E-05 9.9829E-05 9.9829E-05 9.9829E-05 9.9829E-05 9.9829E-05 9.9829E-05 9.9829E-05 9.9829E-05 9.9829E-05 9.9829E-05 9.9829E-05 9.9829E-05 9.9829E-05
9.98742E-05 9.98742E-05 9.98742E-05 9.98742E-05 0.118286 9.98742E-05 0.016025 9.98742E-05 9.98742E-05 9.98742E-05 9.98742E-05 9.98742E-05 0.0124648 9.98742E-05 9.98742E-05 9.98742E-05 9.98742E-05 0.134144 0.703012 0.0146706
9.98565E-05 9.98565E-05 9.98565E-05 9.98565E-05 0.961158 9.98565E-05 0.00910552 9.98565E-05 9.98565E-05 9.98565E-05 0.027931 9.98565E-05 0.000207924 9.98565E-05 9.98565E-05 9.98565E-05 9.98565E-05 9.98565E-05 9.98565E-05 9.98565E-05
9.98471E-05 0.962974 0.0256427 9.98471E-05 9.98471E-05 9.98471E-05 9.98471E-05 9.98471E-05 9.98471E-05 9.98471E-05 9.98471E-05 9.98471E-05 9.98471E-05 9.98471E-05 9.98471E-05 9.98471E-05 9.98471E-05 9.98471E-05 0.00968606 9.98471E-05
9.98471E-05 0.966222 0.00881506 9.98471E-05 9.98471E-05 9.98471E-05 9.98471E-05 9.98471E-05 9.98471E-05 9.98471E-05 9.98471E-05 9.98471E-05 9.98471E-05 0.0232655 9.98471E-05 9.98471E-05 9.98471E-05 9.98471E-05 9.98471E-05 9.98471E-05
9.9865E-05 9.9865E-05 9.9865E-05 9.9865E-05 0.114028 0.031839 9.9865E-05 9.9865E-05 0.743621 9.9865E-05 9.9865E-05 9.9865E-05 9.9865E-05 9.9865E-05 0.0270426 0.0819721 9.9865E-05 9.9865E-05 9.9865E-05 9.9865E-05
9.9847E-05 9.9847E-05 9.9847E-05 0.00810115 9.9847E-05 0.0494288 9.9847E-05 9.9847E-05 9.9847E-05 0.940773 9.9847E-05 9.9847E-05 9.9847E-05 9.9847E-05 9.9847E-05 9.9847E-05 9.9847E-05 9.9847E-05 9.9847E-05 9.9847E-05
0.00482019 9.99008E-05 0.671569 9.99008E-05 9.99008E-05 0.0624117 0.0050907 9.99008E-05 0.0144705 9.99008E-05 0.0276655 0.0471325 9.99008E-05 0.0832563 0.082485 9.99008E-05 9.99008E-05 9.99008E-05 9.99008E-05 9.99008E-05
9.98472E-05 9.98472E-05 0.760685 9.98472E-05 9.98472E-05 9.98472E-05 9.98472E-05 9.98472E-05 9.98472E-05 9.98472E-05 9.98472E-05 9.98472E-05 9.98472E-05 9.98472E-05 9.98472E-05 9.98472E-05 0.173128 0.0644895 9.98472E-05 9.98472E-05
9.98917E-05 9.98917E-05 9.98917E-05 0.0818625 9.98917E-05 0.272543 9.98917E-05 9.98917E-05 0.305851 0.0250159 9.98917E-05 9.98917E-05 9.98917E-05 0.0335541 9.98917E-05 0.152846 9.98917E-05 0.0490571 0.0780724 9.98917E-05
9.98382E-05 9.98382E-05 0.966735 9.98382E-05 9.98382E-05 9.98382E-05 9.98382E-05 9.98382E-05 9.98382E-05 9.98382E-05 9.98382E-05 9.98382E-05 9.98382E-05 9.98382E-05 9.98382E-05 9.98382E-05 0.0314681 9.98382E-05 9.98382E-05 9.98382E-05
9.9901E-05 9.9901E-05 9.9901E-05 9.9901E-05 0.00866953 0.0212615 9.9901E-05 9.9901E-05 0.193062 0.0190129 9.9901E-05 9.9901E-05 9.9901E-05 0.0183622 0.284607 9.9901E-05 0.0105827 0.00648257 0.43686 9.9901E-05
9.9883E-05 9.9883E-05 0.413772 0.164182 9.9883E-05 0.0133155 9.9883E-05 0.0389477 9.9883E-05 0.213463 9.9883E-05 9.9883E-05 9.9883E-05 9.9883E-05 9.9883E-05 0.00722402 9.9883E-05 0.147797 9.9883E-05 9.9883E-05
9.9847E-05 9.9847E-05 0.92177 0.026059 9.9847E-05 9.9847E-05 9.9847E-05 9.9847E-05 9.9847E-05 9.9847E-05 9.9847E-05 9.9847E-05 9.9847E-05 9.9847E-05 9.9847E-05 0.0504733 9.9847E-05 9.9847E-05 9.9847E-05 9.9847E-05
9.98384E-05 0.282565 9.98384E-05 9.98384E-05 9.98384E-05 9.98384E-05 9.98384E-05 9.98384E-05 9.98384E-05 9.98384E-05 9.98384E-05 9.98384E-05 0.715637 9.98384E-05 9.98384E-05 9.98384E-05 9.98384E-05 9.98384E-05 9.98384E-05 9.98384E-05
9.98383E-05 0.787412 9.98383E-05 9.98383E-05 9.98383E-05 9.98383E-05 9.98383E-05 9.98383E-05 9.98383E-05 9.98383E-05 9.98383E-05 9.98383E-05 0.210791 9.98383E-05 9.98383E-05 9.98383E-05 9.98383E-05 9.98383E-05 9.98383E-05 9.98383E-05
9.98918E-05 9.98918E-05 9.98918E-05 0.0497672 0.775443 0.0158023 9.98918E-05 9.98918E-05 0.00622223 0.0605879 9.98918E-05 9.98918E-05 9.98918E-05 0.0504198 9.98918E-05 9.98918E-05 9.98918E-05 0.0111499 0.0294091 9.98918E-05
9.98382E-05 9.98382E-05 9.98382E-05 9.98382E-05 0.00451396 9.98382E-05 9.98382E-05 9.98382E-05 9.98382E-05 9.98382E-05 9.98382E-05 9.98382E-05 0.993689 9.98382E-05 9.98382E-05 9.98382E-05 9.98382E-05 9.98382E-05 9.98382E-05 9.98382E-05
9.98383E-05 9.98383E-05 9.98383E-05 9.98383E-05 9.98383E-05 9.98383E-05 9.98383E-05 9.98383E-05 0.000704787 9.98383E-05 9.98383E-05 9.98383E-05 0.997498 9.98383E-05 9.98383E-05 9.98383E-05 9.98383E-05 9.98383E-05 9.98383E-05 9.98383E-05
9.98743E-05 0.135969 9.98743E-05 9.98743E-05 9.98743E-05 9.98743E-05 0.367433 9.98743E-05 9.98743E-05 9.98743E-05 9.98743E-05 0.112846 0.304683 9.98743E-05 9.98743E-05 0.0501475 0.0275241 9.98743E-05 9.98743E-05 9.98743E-05
9.98469E-05 0.0908909 9.98469E-05 9.98469E-05 9.98469E-05 9.98469E-05 0.892155 9.98469E-05 9.98469E-05 9.98469E-05 9.98469E-05 9.98469E-05 9.98469E-05 9.98469E-05 9.98469E-05 0.0152562 9.98469E-05 9.98469E-05 9.98469E-05 9.98469E-05
0.998103 9.98296E-05 9.98296E-05 9.98296E-05 9.98296E-05 9.98296E-05 9.98296E-05 9.98296E-05 9.98296E-05 9.98296E-05 9.98296E-05 9.98296E-05 9.98296E-05 9.98296E-05 9.98296E-05 9.98296E-05 9.98296E-05 9.98296E-05 9.98296E-05 9.98296E-05
9.98742E-05 0.445108 9.98742E-05 9.98742E-05 9.98742E-05 9.98742E-05 0.0149666 0.00907467 9.98742E-05 0.0119374 9.98742E-05 9.98742E-05 0.394813 9.98742E-05 9.98742E-05 9.98742E-05 9.98742E-05 9.98742E-05 9.98742E-05 0.122702
0.0275394 9.98563E-05 9.98563E-05 9.98563E-05 9.98563E-05 9.98563E-05 0.0440936 9.98563E-05 9.98563E-05 9.98563E-05 9.98563E-05 0.706148 9.98563E-05 9.98563E-05 9.98563E-05 9.98563E-05 9.98563E-05 9.98563E-05 9.98563E-05 0.220621
9.98916E-05 9.98916E-05 9.98916E-05 9.98916E-05 0.471121 9.98916E-05 0.017175 0.0582114 9.98916E-05 0.231806 9.98916E-05 9.98916E-05 9.98916E-05 9.98916E-05 0.0582407 0.079946 9.98916E-05 0.0786048 0.00369681 9.98916E-05
9.98649E-05 0.290819 9.98649E-05 9.98649E-05 9.98649E-05 9.98649E-05 9.98649E-05 9.98649E-05 9.98649E-05 9.98649E-05 9.98649E-05 9.98649E-05 0.675004 9.98649E-05 0.00898317 0.0214037 9.98649E-05 9.98649E-05 9.98649E-05 0.00229286
9.98473E-05 0.000958757 9.98473E-05 9.98473E-05 9.98473E-05 9.98473E-05 9.98473E-05 9.98473E-05 9.98473E-05 9.98473E-05 9.98473E-05 9.98473E-05 9.98473E-05 9.98473E-05 9.98473E-05 9.98473E-05 9.98473E-05 9.98473E-05 0.983907 0.0134366
0.0946439 9.98741E-05 9.98741E-05 0.766208 9.98741E-05 9.98741E-05 9.98741E-05 9.98741E-05 9.98741E-05 0.0934037 9.98741E-05 0.00504815 9.98741E-05 9.98741E-05 9.98741E-05 9.98741E-05 0.00388463 9.98741E-05 9.98741E-05 0.0354136
9.98381E-05 0.0225318 9.98381E-05 9.98381E-05 9.98381E-05 9.98381E-05 9.98381E-05 9.98381E-05 9.98381E-05 0.975671 9.98381E-05 9.98381E-05 9.98381E-05 9.98381E-05 9.98381E-05 9.98381E-05 9.98381E-05 9.98381E-05 9.98381E-05 9.98381E-05
9.9847E-05 0.0259254 9.9847E-05 9.9847E-05 9.9847E-05 9.9847E-05 9.9847E-05 9.9847E-05 9.9847E-05 0.00208881 9.9847E-05 9.9847E-05 9.9847E-05 9.9847E-05 0.970288 9.9847E-05 9.9847E-05 9.9847E-05 9.9847E-05 9.9847E-05
9.98381E-05 9.98381E-05 9.98381E-05 9.98381E-05 9.98381E-05 9.98381E-05 9.98381E-05 9.98381E-05 9.98381E-05 9.98381E-05 9.98381E-05 9.98381E-05 9.98381E-05 0.00627753 0.991925 9.98381E-05 9.98381E-05 9.98381E-05 9.98381E-05 9.98381E-05
9.98738E-05 9.98738E-05 9.98738E-05 0.501034 9.98738E-05 0.341971 9.98738E-05 9.98738E-05 9.98738E-05 0.0643505 9.98738E-05 9.98738E-05 9.98738E-05 0.032837 0.0264747 0.0319346 9.98738E-05 9.98738E-05 9.98738E-05 9.98738E-05
9.9892E-05 9.9892E-05 0.011662 0.0344184 0.01585 9.9892E-05 9.9892E-05 9.9892E-05 0.787843 9.9892E-05 0.0807067 9.9892E-05 9.9892E-05 0.0274492 0.0331691 9.9892E-05 9.9892E-05 9.9892E-05 0.00770235 9.9892E-05
9.98828E-05 9.98828E-05 9.98828E-05 0.345233 9.98828E-05 0.479402 0.0087691 9.98828E-05 0.0228051 0.00390106 9.98828E-05 9.98828E-05 9.98828E-05 9.98828E-05 9.98828E-05 0.110937 9.98828E-05 9.98828E-05 0.0276546 9.98828E-05
9.9883E-05 9.9883E-05 0.0696894 0.585785 0.0498181 9.9883E-05 9.9883E-05 9.9883E-05 9.9883E-05 9.9883E-05 9.9883E-05 9.9883E-05 9.9883E-05 0.00906243 0.0264847 0.217568 9.9883E-05 0.0402939 9.9883E-05 9.9883E-05
9.98919E-05 0.0227388 9.98919E-05 0.558699 9.98919E-05 9.98919E-05 9.98919E-05 0.064033 0.0598099 9.98919E-05 9.98919E-05 9.98919E-05 9.98919E-05 0.0253934 0.00441486 0.213523 0.0501894 9.98919E-05 9.98919E-05 9.98919E-05
9.99459E-05 0.0439652 9.99459E-05 0.0836537 0.0124572 0.0476976 0.0297644 9.99459E-05 9.99459E-05 0.128514 0.0917305 0.0122303 0.00402294 0.0352287 0.013656 0.334598 0.0112679 9.99459E-05 0.150614 9.99459E-05
9.98292E-05 9.98292E-05 9.98292E-05 9.98292E-05 9.98292E-05 9.98292E-05 9.98292E-05 9.98292E-05 9.98292E-05 9.98292E-05 9.98292E-05 9.98292E-05 9.98292E-05 0.998103 9.98292E-05 9.98292E-05 9.98292E-05 9.98292E-05 9.98292E-05 9.98292E-05
9.98383E-05 9.98383E-05 9.98383E-05 9.98383E-05 9.98383E-05 0.000315903 9.98383E-05 9.98383E-05 9.98383E-05 9.98383E-05 9.98383E-05 0.997887 9.98383E-05 9.98383E-05 9.98383E-05 9.98383E-05 9.98383E-05 9.98383E-05 9.98383E-05 9.98383E-05
9.98203E-05 9.98203E-05 9.98203E-05 9.98203E-05 9.98203E-05 9.98203E-05 9.98203E-05 9.98203E-05 9.98203E-05 9.98203E-05 9.98203E-05 0.997713 9.98203E-05 9.98203E-05 9.98203E-05 9.98203E-05 0.000490511 9.98203E-05 9.98203E-05 9.98203E-05
9.98474E-05 9.98474E-05 9.98474E-05 0.0308879 9.98474E-05 9.98474E-05 9.98474E-05 9.98474E-05 9.98474E-05 9.98474E-05 9.98474E-05 0.959682 9.98474E-05 9.98474E-05 0.00773249 9.98474E-05 9.98474E-05 9.98474E-05 9.98474E-05 9.98474E-05
9.98653E-05 0.00936357 9.98653E-05 9.98653E-05 9.98653E-05 9.98653E-05 9.98653E-05 0.00252818 9.98653E-05 9.98653E-05 9.98653E-05 0.978494 9.98653E-05 9.98653E-05 0.00448671 9.98653E-05 9.98653E-05 9.98653E-05 0.00363 9.98653E-05
9.98294E-05 9.98294E-05 9.98294E-05 9.98294E-05 9.98294E-05 9.98294E-05 9.98294E-05 9.98294E-05 9.98294E-05 9.98294E-05 9.98294E-05 0.998103 9.98294E-05 9.98294E-05 9.98294E-05 9.98294E-05 9.98294E-05 9.98294E-05 9.98294E-05 9.98294E-05
9.98292E-05 9.98292E-05 9.98292E-05 9.98292E-05 9.98292E-05 9.98292E-05 9.98292E-05 0.998103 9.98292E-05 9.98292E-05 9.98292E-05 9.98292E-05 9.98292E-05 9.98292E-05 9.98292E-05 9.98292E-05 9.98292E-05 9.98292E-05 9.98292E-05 9.98292E-05
0.032115 9.98473E-05 9.98473E-05 9.98473E-05 9.98473E-05 9.98473E-05 9.98473E-05 9.98473E-05 0.0186863 9.98473E-05 9.98473E-05 0.947501 9.98473E-05 9.98473E-05 9.98473E-05 9.98473E-05 9.98473E-05 9.98473E-05 9.98473E-05 9.98473E-05
9.98559E-05 9.98559E-05 9.98559E-05 9.98559E-05 9.98559E-05 0.0354178 9.98559E-05 9.98559E-05 0.151914 9.98559E-05 9.98559E-05 9.98559E-05 9.98559E-05 9.98559E-05 9.98559E-05 0.0247409 9.98559E-05 9.98559E-05 0.78633 9.98559E-05
0.910748 9.98559E-05 9.98559E-05 9.98559E-05 9.98559E-05 0.0201068 9.98559E-05 9.98559E-05 9.98559E-05 9.98559E-05 0.0392679 0.0282792 9.98559E-05 9.98559E-05 9.98559E-05 9.98559E-05 9.98559E-05 9.98559E-05 9.98559E-05 9.98559E-05
9.9847E-05 0.491922 9.9847E-05 9.9847E-05 9.9847E-05 9.9847E-05 9.9847E-05 9.9847E-05 9.9847E-05 9.9847E-05 9.9847E-05 9.9847E-05 0.470625 9.9847E-05 0.0357559 9.9847E-05 9.9847E-05 9.9847E-05 9.9847E-05 9.9847E-05
9.98561E-05 9.98561E-05 9.98561E-05 9.98561E-05 0.802116 9.98561E-05 9.98561E-05 9.98561E-05 0.0315811 9.98561E-05 9.98561E-05 9.98561E-05 9.98561E-05 9.98561E-05 0.14612 9.98561E-05 9.98561E-05 0.0185856 9.98561E-05 9.98561E-05
9.98475E-05 9.98475E-05 9.98475E-05 9.98475E-05 9.98475E-05 9.98475E-05 9.98475E-05 9.98475E-05 0.920445 9.98475E-05 9.98475E-05 9.98475E-05 9.98475E-05 9.98475E-05 9.98475E-05 0.0736904 9.98475E-05 9.98475E-05 0.00416692 9.98475E-05
9.98386E-05 9.98386E-05 9.98386E-05 9.98386E-05 0.98562 9.98386E-05 9.98386E-05 9.98386E-05 9.98386E-05 9.98386E-05 9.98386E-05 9.98386E-05 9.98386E-05 9.98386E-05 9.98386E-05 9.98386E-05 9.98386E-05 9.98386E-05 9.98386E-05 0.0125832
9.98471E-05 0.009315 9.98471E-05 0.0812273 0.90776 9.98471E-05 9.98471E-05 9.98471E-05 9.98471E-05 9.98471E-05 9.98471E-05 9.98471E-05 9.98471E-05 9.98471E-05 9.98471E-05 9.98471E-05 9.98471E-05 9.98471E-05 9.98471E-05 9.98471E-05
9.98558E-05 9.98558E-05 9.98558E-05 9.98558E-05 0.790451 0.110387 9.98558E-05 9.98558E-05 9.98558E-05 9.98558E-05 9.98558E-05 9.98558E-05 9.98558E-05 9.98558E-05 9.98558E-05 0.0661159 9.98558E-05 0.031448 9.98558E-05 9.98558E-05
9.98291E-05 9.98291E-05 9.98291E-05 9.98291E-05 9.98291E-05 9.98291E-05 9.98291E-05 9.98291E-05 9.98291E-05 9.98291E-05 9.98291E-05 9.98291E-05 9.98291E-05 9.98291E-05 9.98291E-05 9.98291E-05 0.998103 9.98291E-05 9.98291E-05 9.98291E-05
9.98386E-05 0.281002 9.98386E-05 9.98386E-05 9.98386E-05 9.98386E-05 9.98386E-05 9.98386E-05 9.98386E-05 9.98386E-05 9.98386E-05 9.98386E-05 0.717201 9.98386E-05 9.98386E-05 9.98386E-05 9.98386E-05 9.98386E-05 9.98386E-05 9.98386E-05
0.0507868 9.99461E-05 0.0192569 0.0380246 0.11074 0.0715235 9.99461E-05 0.0569784 0.109523 0.0683962 9.99461E-05 0.141738 0.162706 9.99461E-05 0.0796993 9.99461E-05 0.0325596 0.00508662 0.0523803 9.99461E-05
9.98475E-05 0.910001 9.98475E-05 9.98475E-05 9.98475E-05 9.98475E-05 9.98475E-05 9.98475E-05 0.00495201 9.98475E-05 9.98475E-05 9.98475E-05 9.98475E-05 9.98475E-05 9.98475E-05 9.98475E-05 9.98475E-05 9.98475E-05 9.98475E-05 0.0833499
9.9883E-05 0.623276 9.9883E-05 9.9883E-05 9.9883E-05 9.9883E-05 0.0453563 0.0217112 9.9883E-05 0.00386293 9.9883E-05 9.9883E-05 0.273142 0.0110427 0.0203106 9.9883E-05 9.9883E-05 9.9883E-05 9.9883E-05 9.9883E-05
9.98472E-05 9.98472E-05 9.98472E-05 0.00873354 9.98472E-05 9.98472E-05 0.00137604 9.98472E-05 9.98472E-05 9.98472E-05 9.98472E-05 9.98472E-05 0.988193 9.98472E-05 9.98472E-05 9.98472E-05 9.98472E-05 9.98472E-05 9.98472E-05 9.98472E-05
9.98383E-05 9.98383E-05 9.98383E-05 9.98383E-05 9.98383E-05 9.98383E-05 9.98383E-05 9.98383E-05 9.98383E-05 9.98383E-05 9.98383E-05 9.98383E-05 0.993111 0.00509235 9.98383E-05 9.98383E-05 9.98383E-05 9.98383E-05 9.98383E-05 9.98383E-05
9.98922E-05 0.547014 9.98922E-05 9.98922E-05 9.98922E-05 0.0427516 0.0771127 0.0348818 9.98922E-05 9.98922E-05 9.98922E-05 9.98922E-05 0.260907 9.98922E-05 0.0312184 0.000791717 9.98922E-05 9.98922E-05 9.98922E-05 0.00412483
9.98559E-05 0.419896 9.98559E-05 9.98559E-05 9.98559E-05 9.98559E-05 9.98559E-05 0.0144719 9.98559E-05 0.0204509 9.98559E-05 9.98559E-05 0.543584 9.98559E-05 9.98559E-05 9.98559E-05 9.98559E-05 9.98559E-05 9.98559E-05 9.98559E-05
9.9856E-05 0.0173752 9.9856E-05 9.9856E-05 9.9856E-05 9.9856E-05 9.9856E-05 0.0144109 9.9856E-05 9.9856E-05 9.9856E-05 0.0107028 9.9856E-05 9.9856E-05 9.9856E-05 9.9856E-05 9.9856E-05 9.9856E-05 9.9856E-05 0.955913
9.98381E-05 9.98381E-05 9.98381E-05 9.98381E-05 0.0166108 9.98381E-05 9.98381E-05 9.98381E-05 9.98381E-05 9.98381E-05 9.98381E-05 9.98381E-05 9.98381E-05 9.98381E-05 9.98381E-05 9.98381E-05 9.98381E-05 9.98381E-05 9.98381E-05 0.981592
9.98472E-05 0.869867 9.98472E-05 9.98472E-05 9.98472E-05 9.98472E-05 9.98472E-05 0.036038 9.98472E-05 9.98472E-05 9.98472E-05 9.98472E-05 0.0923981 9.98472E-05 9.98472E-05 9.98472E-05 9.98472E-05 9.98472E-05 9.98472E-05 9.98472E-05
9.98471E-05 0.00806558 9.98471E-05 9.98471E-05 9.98471E-05 9.98471E-05 9.98471E-05 9.98471E-05 0.964267 9.98471E-05 9.98471E-05 0.0259705 9.98471E-05 9.98471E-05 9.98471E-05 9.98471E-05 9.98471E-05 9.98471E-05 9.98471E-05 9.98471E-05
9.98381E-05 9.98381E-05 9.98381E-05 9.98381E-05 9.98381E-05 9.98381E-05 9.98381E-05 9.98381E-05 0.968056 9.98381E-05 9.98381E-05 0.0301465 9.98381E-05 9.98381E-05 9.98381E-05 9.98381E-05 9.98381E-05 9.98381E-05 9.98381E-05 9.98381E-05
9.98383E-05 9.98383E-05 9.98383E-05 9.98383E-05 9.98383E-05 9.98383E-05 9.98383E-05 9.98383E-05 9.98383E-05 9.98383E-05 9.98383E-05 9.98383E-05 9.98383E-05 9.98383E-05 9.98383E-05 9.98383E-05 9.98383E-05 0.988891 0.00931153 9.98383E-05
9.98294E-05 9.98294E-05 9.98294E-05 9.98294E-05 9.98294E-05 9.98294E-05 9.98294E-05 9.98294E-05 9.98294E-05 9.98294E-05 9.98294E-05 9.98294E-05 9.98294E-05 9.98294E-05 9.98294E-05 9.98294E-05 9.98294E-05 0.998103 9.98294E-05 9.98294E-05
9.98289E-05 9.98289E-05 9.98289E-05 0.998103 9.98289E-05 9.98289E-05 9.98289E-05 9.98289E-05 9.98289E-05 9.98289E-05 9.98289E-05 9.98289E-05 9.98289E-05 9.98289E-05 9.98289E-05 9.98289E-05 9.98289E-05 9.98289E-05 9.98289E-05 9.98289E-05
9.98291E-05 9.98291E-05 9.98291E-05 0.998103 9.98291E-05 9.98291E-05 9.98291E-05 9.98291E-05 9.98291E-05 9.98291E-05 9.98291E-05 9.98291E-05 9.98291E-05 9.98291E-05 9.98291E-05 9.98291E-05 9.98291E-05 9.98291E-05 9.98291E-05 9.98291E-05
9.98652E-05 9.98652E-05 9.98652E-05 9.98652E-05 9.98652E-05 0.00340781 9.98652E-05 0.0144717 0.0197899 9.98652E-05 9.98652E-05 9.98652E-05 9.98652E-05 9.98652E-05 9.98652E-05 9.98652E-05 9.98652E-05 0.958613 9.98652E-05 0.00222001
9.98384E-05 9.98384E-05 9.98384E-05 9.98384E-05 9.98384E-05 9.98384E-05 9.98384E-05 9.98384E-05 9.98384E-05 9.98384E-05 9.98384E-05 9.98384E-05 9.98384E-05 9.98384E-05 0.00274953 9.98384E-05 9.98384E-05 0.995453 9.98384E-05 9.98384E-05
9.98649E-05 9.98649E-05 9.98649E-05 9.98649E-05 0.0315447 9.98649E-05 9.98649E-05 9.98649E-05 0.00715886 9.98649E-05 9.98649E-05 0.0176935 9.98649E-05 0.1083 9.98649E-05 9.98649E-05 9.98649E-05 9.98649E-05 0.833805 9.98649E-05
9.9865E-05 9.9865E-05 0.0224295 9.9865E-05 0.13137 9.9865E-05 9.9865E-05 9.9865E-05 0.04146 9.9865E-05 0.117847 9.9865E-05 9.9865E-05 9.9865E-05 0.685395 9.9865E-05 9.9865E-05 9.9865E-05 9.9865E-05 9.9865E-05
0.889489 9.9865E-05 9.9865E-05 9.9865E-05 9.9865E-05 9.9865E-05 9.9865E-05 0.0133159 9.9865E-05 9.9865E-05 0.0716731 0.0223843 9.9865E-05 9.9865E-05 9.9865E-05 0.00164023 9.9865E-05 9.9865E-05 9.9865E-05 9.9865E-05
9.9847E-05 9.9847E-05 9.9847E-05 0.000518343 9.9847E-05 9.9847E-05 9.9847E-05 0.00206356 9.9847E-05 9.9847E-05 9.9847E-05 9.9847E-05 9.9847E-05 9.9847E-05 9.9847E-05 0.995721 9.9847E-05 9.9847E-05 9.9847E-05 9.9847E-05
9.98652E-05 9.98652E-05 9.98652E-05 9.98652E-05 0.00579804 9.98652E-05 9.98652E-05 9.98652E-05 9.98652E-05 0.0618271 9.98652E-05 9.98652E-05 9.98652E-05 9.98652E-05 9.98652E-05 0.864102 9.98652E-05 0.00354355 0.0632311 9.98652E-05
9.98292E-05 9.98292E-05 9.98292E-05 9.98292E-05 9.98292E-05 9.98292E-05 0.998103 9.98292E-05 9.98292E-05 9.98292E-05 9.98292E-05 9.98292E-05 9.98292E-05 9.98292E-05 9.98292E-05 9.98292E-05 9.98292E-05 9.98292E-05 9.98292E-05 9.98292E-05
