0.935976 9.9982E-05 0.0389792 0.0248449 9.9982E-05
0.366413 0.300064 0.0298218 0.303602 9.9991E-05
9.999E-05 0.781135 0.0820662 0.0534505 0.0832488
9.9973E-05 0.957884 0.0418159 9.9973E-05 9.9973E-05
0.207405 0.466079 0.0235682 0.302848 9.9991E-05
0.00791204 0.991788 9.9973E-05 9.9973E-05 9.9973E-05
0.584226 0.0410467 9.99821E-05 0.374527 9.99821E-05
0.0655111 0.423783 0.0401589 0.470447 9.9991E-05
0.524725 0.0420265 9.99821E-05 0.433048 9.99821E-05
0.709464 9.9982E-05 0.123333 0.167003 9.9982E-05
0.708995 9.9982E-05 0.159367 0.131438 9.9982E-05
0.797021 0.0617247 0.141055 9.9982E-05 9.9982E-05
0.914031 0.0856686 9.99732E-05 9.99732E-05 9.99732E-05
0.0154752 0.969811 9.9982E-05 9.9982E-05 0.0145137
9.9973E-05 0.977695 9.9973E-05 9.9973E-05 0.0220049
0.913266 0.0145866 0.0215191 0.0505283 9.9991E-05
0.552731 0.0325273 0.333868 9.9991E-05 0.0807736
0.197957 9.9982E-05 9.9982E-05 0.0772783 0.724565
9.9973E-05 9.9973E-05 0.0973593 9.9973E-05 0.902341
0.835235 9.9982E-05 0.155406 0.00915935 9.9982E-05
9.997E-05 9.997E-05 9.997E-05 9.997E-05 0.9996
0.963427 9.9973E-05 0.0362729 9.9973E-05 9.9973E-05
0.0992957 0.0165262 0.393674 0.0681662 0.422338
9.9973E-05 9.9973E-05 0.0866068 9.9973E-05 0.913093
9.997E-05 0.9996 9.997E-05 9.997E-05 9.997E-05
9.997E-05 0.9996 9.997E-05 9.997E-05 9.997E-05
0.925213 9.9973E-05 0.074487 9.9973E-05 9.9973E-05
9.9973E-05 0.943105 9.9973E-05 0.0565952 9.9973E-05
9.9973E-05 0.916534 9.9973E-05 0.0831658 9.9973E-05
9.9991E-05 0.710332 0.0133195 0.260796 0.0154528
9.9982E-05 0.651061 0.0267259 0.322013 9.9982E-05
0.282343 0.0797197 9.99821E-05 0.637737 9.99821E-05
9.997E-05 0.9996 9.997E-05 9.997E-05 9.997E-05
9.9973E-05 0.109452 9.9973E-05 0.890248 9.9973E-05
0.685813 0.0727574 0.241229 9.9982E-05 9.9982E-05
0.00739728 0.992303 9.99729E-05 9.99729E-05 9.99729E-05
0.885416 0.0697978 0.044586 9.99821E-05 9.99821E-05
0.671173 0.0176143 0.0334042 0.24849 0.0293187
0.385131 0.141769 0.427307 9.9991E-05 0.0456932
0.747953 0.143043 0.108803 9.99819E-05 9.99819E-05
0.792794 0.107048 0.0869684 0.00812761 0.00506129
0.810423 9.9991E-05 0.118601 0.0446857 0.0261908
0.930841 9.9973E-05 9.9973E-05 0.0688594 9.9973E-05
0.767196 9.9982E-05 0.162927 0.0696771 9.9982E-05
0.671072 9.9991E-05 0.199627 0.0249456 0.104256
0.702243 0.0737734 0.112404 0.0705548 0.0410252
0.697716 0.131415 0.134587 0.0361821 9.9991E-05
0.956911 9.99733E-05 9.99733E-05 9.99733E-05 0.0427892
9.997E-05 9.997E-05 9.997E-05 0.9996 9.997E-05
9.997E-05 9.997E-05 9.997E-05 0.9996 9.997E-05
9.997E-05 9.997E-05 9.997E-05 0.9996 9.997E-05
9.997E-05 9.997E-05 9.997E-05 0.9996 9.997E-05
9.997E-05 9.997E-05 9.997E-05 0.9996 9.997E-05
0.076731 0.271979 9.9991E-05 0.615731 0.0354591
9.9973E-05 9.9973E-05 0.00951312 0.990187 9.9973E-05
0.9996 9.997E-05 9.997E-05 9.997E-05 9.997E-05
0.317142 0.108152 0.00402701 0.570579 9.9991E-05
9.997E-05 0.9996 9.997E-05 9.997E-05 9.997E-05
0.956218 9.99731E-05 0.0434819 9.99731E-05 9.99731E-05
0.868455 0.102075 0.0292701 9.9982E-05 9.9982E-05
0.9996 9.997E-05 9.997E-05 9.997E-05 9.997E-05
0.9996 9.997E-05 9.997E-05 9.997E-05 9.997E-05
0.905704 9.9982E-05 0.0743119 9.9982E-05 0.019784
0.059697 9.99821E-05 9.99821E-05 0.0266425 0.91346
9.99731E-05 0.994825 0.00487527 9.99731E-05 9.99731E-05
0.288089 0.27766 0.267155 0.166996 9.9991E-05
0.0347152 0.964985 9.99731E-05 9.99731E-05 9.99731E-05
0.00734782 0.973592 9.9982E-05 0.0188607 9.9982E-05
9.9973E-05 0.916131 9.9973E-05 0.0835693 9.9973E-05
9.9982E-05 0.941832 9.9982E-05 0.0481873 0.00978098
0.0264144 0.9346 0.0241805 0.0147053 9.9991E-05
9.9973E-05 0.991142 0.0085578 9.9973E-05 9.9973E-05
9.99732E-05 0.47556 9.99732E-05 0.52414 9.99732E-05
0.0503445 0.519366 9.99911E-05 0.411453 0.0187359
0.00290094 0.971508 0.0131803 0.0123108 9.9991E-05
0.696359 0.0580487 0.0938002 0.151692 9.9991E-05
0.737945 0.0520821 0.0703889 0.139484 9.9991E-05
9.997E-05 9.997E-05 0.9996 9.997E-05 9.997E-05
9.997E-05 9.997E-05 0.9996 9.997E-05 9.997E-05
0.790109 9.99819E-05 0.0893487 0.120342 9.99819E-05
0.808899 9.9991E-05 0.0796121 0.109111 0.00227724
9.997E-05 9.997E-05 0.9996 9.997E-05 9.997E-05
9.997E-05 9.997E-05 0.9996 9.997E-05 9.997E-05
0.973298 9.9973E-05 9.9973E-05 0.0264022 9.9973E-05
0.871297 0.0231622 9.9991E-05 0.046354 0.0590871
0.30575 0.0744105 9.9982E-05 0.61964 9.9982E-05
0.513782 0.0863122 0.27593 9.9991E-05 0.123875
0.578927 9.99821E-05 0.340671 9.99821E-05 0.0802022
9.9991E-05 0.606261 0.0149074 0.333763 0.0449693
