9.9982E-05 0.00736507 0.0285076 0.963927 9.9982E-05
9.999E-05 0.319464 0.0275851 0.361653 0.291198
0.0563089 0.067612 0.0592484 0.0282524 0.788578
9.9973E-05 9.9973E-05 0.0316914 9.9973E-05 0.968009
9.99821E-05 0.284904 9.99821E-05 0.240808 0.474088
9.997E-05 9.997E-05 9.997E-05 9.997E-05 0.9996
9.99821E-05 0.355874 9.99821E-05 0.596085 0.047841
9.9991E-05 0.490506 0.0408142 0.0564986 0.412082
9.99821E-05 0.381579 9.99821E-05 0.553055 0.0651655
9.9982E-05 0.143769 0.115773 0.740258 9.9982E-05
9.9982E-05 0.119015 0.108155 0.77263 9.9982E-05
9.9982E-05 9.9982E-05 0.200022 0.741787 0.0579912
9.99732E-05 9.99732E-05 9.99732E-05 0.877777 0.121923
0.0197306 9.9982E-05 0.00785832 9.9982E-05 0.972211
0.0113004 9.9982E-05 0.00227458 9.9982E-05 0.986225
9.999E-05 0.0326146 0.0218841 0.923165 0.0222365
0.09716 9.9991E-05 0.391576 0.490363 0.0208012
0.704763 0.101309 9.9982E-05 0.193728 9.9982E-05
0.890632 9.9973E-05 0.109068 9.9973E-05 9.9973E-05
9.9973E-05 9.9973E-05 0.149334 0.850366 9.9973E-05
0.9996 9.997E-05 9.997E-05 9.997E-05 9.997E-05
9.9987E-05 9.9987E-05 0.0405543 0.927683 0.0315628
0.435481 0.0680652 0.369722 0.122132 0.00460054
0.907442 9.9973E-05 0.0922585 9.9973E-05 9.9973E-05
9.997E-05 9.997E-05 9.997E-05 9.997E-05 0.9996
9.997E-05 9.997E-05 9.997E-05 9.997E-05 0.9996
9.9973E-05 9.9973E-05 0.0760127 0.923687 9.9973E-05
9.9973E-05 0.0770596 9.9973E-05 9.9973E-05 0.92264
9.9973E-05 0.0778974 9.9973E-05 9.9973E-05 0.921803
0.0296915 0.255398 0.0372857 9.9991E-05 0.677525
0.00502471 0.324289 0.0238373 9.9991E-05 0.646749
9.99821E-05 0.640357 9.99821E-05 0.262989 0.0964542
9.997E-05 9.997E-05 9.997E-05 9.997E-05 0.9996
9.9982E-05 0.912063 0.00555558 9.9982E-05 0.0821817
9.9982E-05 9.9982E-05 0.225253 0.704368 0.0701789
9.997E-05 9.997E-05 9.997E-05 9.997E-05 0.9996
9.99821E-05 9.99821E-05 0.0514688 0.879582 0.0687489
0.0275156 0.208986 0.0185602 0.72668 0.0182575
0.0746348 9.9991E-05 0.388015 0.364821 0.172429
0.0235192 9.9991E-05 0.0307591 0.78872 0.156902
0.0303356 9.9991E-05 0.0696843 0.821787 0.0780934
0.0210406 0.02495 0.103683 0.850227 9.9991E-05
9.9973E-05 0.025072 9.9973E-05 0.974628 9.9973E-05
9.9982E-05 0.0607276 0.162419 0.776653 9.9982E-05
0.10635 0.0384334 0.204173 0.650944 9.9991E-05
0.0340001 0.0769037 0.0883317 0.739245 0.0615196
9.9991E-05 0.0331938 0.165341 0.686768 0.114597
0.0482528 9.99733E-05 9.99733E-05 0.951447 9.99733E-05
9.997E-05 0.9996 9.997E-05 9.997E-05 9.997E-05
9.997E-05 0.9996 9.997E-05 9.997E-05 9.997E-05
9.997E-05 0.9996 9.997E-05 9.997E-05 9.997E-05
9.997E-05 0.9996 9.997E-05 9.997E-05 9.997E-05
9.997E-05 0.9996 9.997E-05 9.997E-05 9.997E-05
0.031658 0.591511 9.99991E-05 0.110743 0.265987
9.997E-05 0.9996 9.997E-05 9.997E-05 9.997E-05
9.997E-05 9.997E-05 9.997E-05 0.9996 9.997E-05
9.9991E-05 0.592588 0.0180091 0.314338 0.074965
9.997E-05 9.997E-05 9.997E-05 9.997E-05 0.9996
9.99821E-05 9.99821E-05 0.0407099 0.942287 0.0168028
9.9973E-05 9.9973E-05 9.9973E-05 0.926565 0.0731353
0.0138116 9.99821E-05 9.99821E-05 0.958474 0.0275144
9.997E-05 9.997E-05 9.997E-05 0.9996 9.997E-05
0.0104838 9.9982E-05 0.0875607 0.901756 9.9982E-05
0.908146 0.0200564 9.9982E-05 0.0715975 9.9982E-05
9.99731E-05 0.00948255 9.99731E-05 9.99731E-05 0.990218
9.9991E-05 0.195775 0.136716 0.289388 0.378021
9.99731E-05 9.99731E-05 9.99731E-05 0.00854482 0.991155
9.9973E-05 9.9973E-05 9.9973E-05 0.00753618 0.992164
9.9973E-05 0.0747562 9.9973E-05 9.9973E-05 0.924944
9.9973E-05 0.0587389 9.9973E-05 9.9973E-05 0.940961
9.9991E-05 0.0122429 0.0456197 0.0297458 0.912292
9.997E-05 9.997E-05 9.997E-05 9.997E-05 0.9996
9.99732E-05 0.491729 9.99732E-05 9.99732E-05 0.507971
0.00957592 0.387391 9.99911E-05 0.0400782 0.562855
9.9982E-05 0.00982893 9.9982E-05 0.0128578 0.977113
9.9991E-05 0.119788 0.034428 0.787579 0.0581052
9.9991E-05 0.0883963 0.038286 0.792872 0.0803456
9.997E-05 9.997E-05 0.9996 9.997E-05 9.997E-05
9.997E-05 9.997E-05 0.9996 9.997E-05 9.997E-05
9.99819E-05 0.143913 0.0678983 0.787988 9.99819E-05
0.00338161 0.0995918 0.0441965 0.85273 9.9991E-05
9.9973E-05 0.0041308 0.995569 9.9973E-05 9.9973E-05
9.997E-05 9.997E-05 0.9996 9.997E-05 9.997E-05
9.9973E-05 0.0150941 9.9973E-05 0.984606 9.9973E-05
0.0677123 0.0400753 9.9991E-05 0.873252 0.0188599
9.9982E-05 0.608649 9.9982E-05 0.282857 0.108293
0.127935 9.9991E-05 0.263624 0.512197 0.0961442
0.0816575 9.99821E-05 0.308162 0.60998 9.99821E-05
0.0288944 0.37427 0.00188314 9.9991E-05 0.594853
