9.991E-05 9.991E-05 9.991E-05 9.991E-05 9.991E-05 0.000239063 9.991E-05 9.991E-05 9.991E-05 9.991E-05 9.991E-05 0.978525 0.0202373
9.99278E-05 9.99278E-05 9.99278E-05 9.99278E-05 9.99278E-05 0.0830636 0.0106499 0.605796 9.99278E-05 0.197888 9.99278E-05 0.101803 9.99278E-05
0.219876 9.99375E-05 0.0788139 0.112286 0.0254943 9.99375E-05 0.047559 9.99375E-05 9.99375E-05 0.515271 9.99375E-05 9.99375E-05 9.99375E-05
9.99191E-05 9.99191E-05 9.99191E-05 0.0558798 9.99191E-05 9.99191E-05 0.00819019 9.99191E-05 9.99191E-05 0.929447 0.00558333 9.99191E-05 9.99191E-05
0.126394 0.0345218 9.99281E-05 9.99281E-05 9.99281E-05 9.99281E-05 9.99281E-05 0.356106 9.99281E-05 0.340167 9.99281E-05 9.99281E-05 0.142011
9.9901E-05 0.0149698 9.9901E-05 9.9901E-05 9.9901E-05 9.9901E-05 9.9901E-05 9.9901E-05 9.9901E-05 0.983931 9.9901E-05 9.9901E-05 9.9901E-05
9.99013E-05 9.99013E-05 0.294692 9.99013E-05 9.99013E-05 9.99013E-05 9.99013E-05 0.704209 9.99013E-05 9.99013E-05 9.99013E-05 9.99013E-05 9.99013E-05
0.622935 9.99459E-05 9.99459E-05 0.0214303 9.99459E-05 9.99459E-05 0.0272229 0.100756 9.99459E-05 0.0413044 0.0820508 9.99459E-05 0.103701
9.99101E-05 9.99101E-05 0.169255 9.99101E-05 9.99101E-05 9.99101E-05 9.99101E-05 0.730722 0.0990242 9.99101E-05 9.99101E-05 9.99101E-05 9.99101E-05
9.98923E-05 9.98923E-05 9.98923E-05 9.98923E-05 9.98923E-05 9.98923E-05 9.98923E-05 9.98923E-05 9.98923E-05 9.98923E-05 9.98923E-05 9.98923E-05 0.998801
9.98901E-05 9.98901E-05 9.98901E-05 9.98901E-05 9.98901E-05 9.98901E-05 9.98901E-05 9.98901E-05 9.98901E-05 9.98901E-05 9.98901E-05 9.98901E-05 0.998801
9.9937E-05 9.9937E-05 0.136301 0.0234023 9.9937E-05 0.0359149 0.138968 9.9937E-05 9.9937E-05 0.008148 9.9937E-05 0.656565 9.9937E-05
9.99102E-05 0.0155576 0.944412 0.0390308 9.99102E-05 9.99102E-05 9.99102E-05 9.99102E-05 9.99102E-05 9.99102E-05 9.99102E-05 9.99102E-05 9.99102E-05
9.99011E-05 0.0155592 9.99011E-05 9.99011E-05 9.99011E-05 9.99011E-05 9.99011E-05 9.99011E-05 9.99011E-05 0.983342 9.99011E-05 9.99011E-05 9.99011E-05
9.99011E-05 9.99011E-05 9.99011E-05 9.99011E-05 9.99011E-05 9.99011E-05 9.99011E-05 9.99011E-05 9.99011E-05 0.971642 9.99011E-05 0.0272586 9.99011E-05
9.99099E-05 0.0780181 0.105433 9.99099E-05 9.99099E-05 9.99099E-05 9.99099E-05 9.99099E-05 0.815549 9.99099E-05 9.99099E-05 9.99099E-05 9.99099E-05
9.991E-05 9.991E-05 9.991E-05 9.991E-05 9.991E-05 0.941499 9.991E-05 9.991E-05 0.0117166 9.991E-05 9.991E-05 9.991E-05 0.0457855
9.99459E-05 9.99459E-05 9.99459E-05 9.99459E-05 0.700109 0.00250778 9.99459E-05 0.0518936 0.0821615 9.99459E-05 0.00224442 0.0651146 0.0953692
9.991E-05 9.991E-05 0.0113437 9.991E-05 0.905096 9.991E-05 0.0825611 9.991E-05 9.991E-05 9.991E-05 9.991E-05 9.991E-05 9.991E-05
9.99278E-05 0.136815 9.99278E-05 9.99278E-05 9.99278E-05 9.99278E-05 0.0378368 9.99278E-05 0.328855 9.99278E-05 9.99278E-05 0.0856473 0.410046
9.98921E-05 9.98921E-05 9.98921E-05 9.98921E-05 0.998801 9.98921E-05 9.98921E-05 9.98921E-05 9.98921E-05 9.98921E-05 9.98921E-05 9.98921E-05 9.98921E-05
9.99369E-05 9.99369E-05 0.0554533 9.99369E-05 9.99369E-05 0.0570036 0.0335878 9.99369E-05 0.251368 9.99369E-05 9.99369E-05 0.506668 0.0952207
9.9937E-05 0.0710421 9.9937E-05 9.9937E-05 0.352267 0.251995 0.155818 9.9937E-05 9.9937E-05 9.9937E-05 0.00625982 9.9937E-05 0.161918
9.99009E-05 0.136512 9.99009E-05 9.99009E-05 0.862389 9.99009E-05 9.99009E-05 9.99009E-05 9.99009E-05 9.99009E-05 9.99009E-05 9.99009E-05 9.99009E-05
9.99012E-05 9.99012E-05 9.99012E-05 0.573391 9.99012E-05 9.99012E-05 9.99012E-05 9.99012E-05 9.99012E-05 0.42551 9.99012E-05 9.99012E-05 9.99012E-05
9.99011E-05 9.99011E-05 9.99011E-05 0.15718 9.99011E-05 9.99011E-05 9.99011E-05 9.99011E-05 9.99011E-05 0.841721 9.99011E-05 9.99011E-05 9.99011E-05
9.99368E-05 9.99368E-05 0.78666 9.99368E-05 9.99368E-05 0.0401844 0.0454173 9.99368E-05 0.00597606 9.99368E-05 9.99368E-05 0.060507 0.0605552
9.98921E-05 9.98921E-05 9.98921E-05 0.998801 9.98921E-05 9.98921E-05 9.98921E-05 9.98921E-05 9.98921E-05 9.98921E-05 9.98921E-05 9.98921E-05 9.98921E-05
9.99011E-05 9.99011E-05 0.00653326 0.992368 9.99011E-05 9.99011E-05 9.99011E-05 9.99011E-05 9.99011E-05 9.99011E-05 9.99011E-05 9.99011E-05 9.99011E-05
0.214189 9.99551E-05 0.0066378 0.262457 0.0210758 0.0236033 0.0158843 9.99551E-05 9.99551E-05 0.323861 0.131791 9.99551E-05 9.99551E-05
0.544652 0.00537969 9.99369E-05 0.0353486 9.99369E-05 9.99369E-05 0.0217324 9.99369E-05 9.99369E-05 0.299729 0.0924583 9.99369E-05 9.99369E-05
9.99013E-05 9.99013E-05 9.99013E-05 9.99013E-05 9.99013E-05 9.99013E-05 9.99013E-05 0.975893 9.99013E-05 9.99013E-05 0.0230083 9.99013E-05 9.99013E-05
0.16715 9.99101E-05 9.99101E-05 0.202201 9.99101E-05 9.99101E-05 9.99101E-05 9.99101E-05 9.99101E-05 0.62965 9.99101E-05 9.99101E-05 9.99101E-05
0.298775 9.99282E-05 9.99282E-05 9.99282E-05 9.99282E-05 0.00447661 0.00463953 9.99282E-05 9.99282E-05 9.99282E-05 0.681372 0.00993762 9.99282E-05
0.0443791 0.0330786 0.45627 9.99458E-05 9.99458E-05 0.259447 0.109779 9.99458E-05 9.99458E-05 9.99458E-05 9.99458E-05 0.041042 0.0554042
0.000786708 0.018492 9.99279E-05 0.586582 9.99279E-05 0.0149543 9.99279E-05 9.99279E-05 9.99279E-05 0.378385 9.99279E-05 9.99279E-05 9.99279E-05
0.0392153 0.00680402 9.9919E-05 9.9919E-05 9.9919E-05 9.9919E-05 9.9919E-05 9.9919E-05 9.9919E-05 0.00197006 9.9919E-05 0.951111 9.9919E-05
9.9937E-05 9.9937E-05 9.9937E-05 9.9937E-05 0.00230844 0.0443756 9.9937E-05 0.119116 9.9937E-05 0.0531909 9.9937E-05 0.133785 0.646525
0.00626323 9.991E-05 9.991E-05 9.991E-05 9.991E-05 0.991186 9.991E-05 9.991E-05 9.991E-05 0.00155125 9.991E-05 9.991E-05 9.991E-05
9.99368E-05 0.0140095 9.99368E-05 9.99368E-05 9.99368E-05 0.131156 9.99368E-05 9.99368E-05 0.30249 0.0981847 9.99368E-05 0.24002 0.21344
9.994E-05 9.994E-05 9.994E-05 9.994E-05 0.0103041 0.0945124 0.0140641 9.994E-05 0.281979 0.0548605 9.994E-05 0.293637 0.250043
9.99279E-05 0.0375206 9.99279E-05 9.99279E-05 9.99279E-05 0.0107509 9.99279E-05 9.99279E-05 0.0287955 9.99279E-05 9.99279E-05 0.0564204 0.865713
9.9928E-05 9.9928E-05 0.0719411 9.9928E-05 0.00194201 9.9928E-05 9.9928E-05 0.020384 0.875452 9.9928E-05 9.9928E-05 9.9928E-05 0.0294819
9.99369E-05 0.0924193 0.00629846 9.99369E-05 9.99369E-05 0.0120107 9.99369E-05 9.99369E-05 0.00664587 9.99369E-05 9.99369E-05 0.0369388 0.844987
9.99549E-05 0.300693 0.142362 9.99549E-05 0.0650674 9.99549E-05 0.0582098 0.0248514 0.104718 9.99549E-05 9.99549E-05 0.025299 0.2783
9.9946E-05 0.271912 9.9946E-05 9.9946E-05 0.00661584 9.9946E-05 9.9946E-05 0.0141615 0.158716 0.0577346 9.9946E-05 0.119717 0.370544
9.99639E-05 0.347866 0.0544813 0.034825 9.99639E-05 0.0734768 9.99639E-05 0.0154484 9.99639E-05 0.0607951 0.0450143 0.243 0.124693
9.99016E-05 9.99016E-05 9.99016E-05 9.99016E-05 0.0126211 9.99016E-05 9.99016E-05 9.99016E-05 9.99016E-05 9.99016E-05 9.99016E-05 0.98628 9.99016E-05
9.98921E-05 9.98921E-05 9.98921E-05 9.98921E-05 9.98921E-05 9.98921E-05 9.98921E-05 9.98921E-05 9.98921E-05 9.98921E-05 0.998801 9.98921E-05 9.98921E-05
9.98921E-05 9.98921E-05 9.98921E-05 9.98921E-05 9.98921E-05 9.98921E-05 9.98921E-05 9.98921E-05 9.98921E-05 9.98921E-05 0.998801 9.98921E-05 9.98921E-05
9.98922E-05 9.98922E-05 9.98922E-05 9.98922E-05 9.98922E-05 9.98922E-05 9.98922E-05 9.98922E-05 9.98922E-05 9.98922E-05 0.998801 9.98922E-05 9.98922E-05
9.98922E-05 9.98922E-05 9.98922E-05 9.98922E-05 9.98922E-05 9.98922E-05 9.98922E-05 9.98922E-05 9.98922E-05 9.98922E-05 0.998801 9.98922E-05 9.98922E-05
0.00480765 9.99012E-05 9.99012E-05 9.99012E-05 9.99012E-05 9.99012E-05 9.99012E-05 9.99012E-05 9.99012E-05 9.99012E-05 0.994093 9.99012E-05 9.99012E-05
0.343899 9.99641E-05 9.99641E-05 0.0191936 0.0135911 0.00430102 9.99641E-05 0.0496359 0.109704 0.0554484 0.40185 9.99641E-05 0.00197648
9.99101E-05 9.99101E-05 9.99101E-05 9.99101E-05 9.99101E-05 9.99101E-05 9.99101E-05 0.0461401 9.99101E-05 9.99101E-05 0.947057 0.00580431 9.99101E-05
9.99189E-05 0.0044977 0.0281597 9.99189E-05 9.99189E-05 9.99189E-05 9.99189E-05 9.99189E-05 0.229572 9.99189E-05 9.99189E-05 0.736871 9.99189E-05
9.99278E-05 9.99278E-05 9.99278E-05 0.047298 9.99278E-05 9.99278E-05 0.0213762 0.906311 9.99278E-05 9.99278E-05 0.0011299 0.0230858 9.99278E-05
9.99098E-05 9.99098E-05 9.99098E-05 0.355019 9.99098E-05 0.0231608 9.99098E-05 9.99098E-05 9.99098E-05 0.620821 9.99098E-05 9.99098E-05 9.99098E-05
9.9928E-05 9.9928E-05 0.807806 9.9928E-05 9.9928E-05 9.9928E-05 0.0544918 9.9928E-05 0.115983 9.9928E-05 0.0049333 0.0159868 9.9928E-05
9.99102E-05 0.0816934 0.0379689 9.99102E-05 9.99102E-05 9.99102E-05 9.99102E-05 9.99102E-05 0.879339 9.99102E-05 9.99102E-05 9.99102E-05 9.99102E-05
9.98924E-05 9.98924E-05 0.998801 9.98924E-05 9.98924E-05 9.98924E-05 9.98924E-05 9.98924E-05 9.98924E-05 9.98924E-05 9.98924E-05 9.98924E-05 9.98924E-05
9.99189E-05 9.99189E-05 0.878461 9.99189E-05 9.99189E-05 9.99189E-05 9.99189E-05 9.99189E-05 9.99189E-05 0.0176039 9.99189E-05 0.00921485 0.0938215
9.99278E-05 0.0517467 0.836195 9.99278E-05 9.99278E-05 0.0121694 0.0389709 9.99278E-05 9.99278E-05 9.99278E-05 9.99278E-05 9.99278E-05 0.0601186
0.0201432 9.99103E-05 9.99103E-05 9.99103E-05 0.880645 9.99103E-05 9.99103E-05 9.99103E-05 9.99103E-05 9.99103E-05 9.99103E-05 0.0982129 9.99103E-05
9.99104E-05 9.99104E-05 9.99104E-05 0.703481 9.99104E-05 9.99104E-05 0.00278564 9.99104E-05 9.99104E-05 0.292734 9.99104E-05 9.99104E-05 9.99104E-05
9.9973E-05 9.9973E-05 0.118065 9.9973E-05 0.0409697 0.0370254 0.0589894 0.0526435 0.16422 0.269944 0.0835192 0.0678713 0.106453
0.021538 9.99193E-05 0.00556528 0.0361726 9.99193E-05 9.99193E-05 9.99193E-05 9.99193E-05 9.99193E-05 0.935825 9.99193E-05 9.99193E-05 9.99193E-05
0.00227398 9.9937E-05 9.9937E-05 0.190837 9.9937E-05 0.0498806 9.9937E-05 9.9937E-05 9.9937E-05 0.752448 0.000810015 0.00305099 9.9937E-05
9.9901E-05 9.9901E-05 9.9901E-05 0.971268 9.9901E-05 9.9901E-05 9.9901E-05 9.9901E-05 0.027633 9.9901E-05 9.9901E-05 9.9901E-05 9.9901E-05
9.99012E-05 9.99012E-05 9.99012E-05 0.997677 9.99012E-05 9.99012E-05 9.99012E-05 9.99012E-05 9.99012E-05 9.99012E-05 9.99012E-05 0.0012243 9.99012E-05
0.147105 9.99281E-05 9.99281E-05 0.110914 9.99281E-05 9.99281E-05 9.99281E-05 9.99281E-05 9.99281E-05 0.708571 9.99281E-05 0.0037584 0.028852
9.9919E-05 0.0151142 9.9919E-05 0.475378 9.9919E-05 0.0384273 9.9919E-05 9.9919E-05 9.9919E-05 0.470181 9.9919E-05 9.9919E-05 9.9919E-05
0.998801 9.98919E-05 9.98919E-05 9.98919E-05 9.98919E-05 9.98919E-05 9.98919E-05 9.98919E-05 9.98919E-05 9.98919E-05 9.98919E-05 9.98919E-05 9.98919E-05
0.946536 9.9901E-05 0.0523655 9.9901E-05 9.9901E-05 9.9901E-05 9.9901E-05 9.9901E-05 9.9901E-05 9.9901E-05 9.9901E-05 9.9901E-05 9.9901E-05
9.99191E-05 9.99191E-05 9.99191E-05 0.134785 9.99191E-05 9.99191E-05 9.99191E-05 9.99191E-05 0.0033227 0.824768 0.0362248 9.99191E-05 9.99191E-05
9.991E-05 9.991E-05 9.991E-05 9.991E-05 9.991E-05 0.0252919 9.991E-05 9.991E-05 0.949435 0.024274 9.991E-05 9.991E-05 9.991E-05
0.00542933 9.9901E-05 9.9901E-05 9.9901E-05 9.9901E-05 9.9901E-05 9.9901E-05 9.9901E-05 0.993472 9.9901E-05 9.9901E-05 9.9901E-05 9.9901E-05
9.98922E-05 9.98922E-05 9.98922E-05 9.98922E-05 9.98922E-05 9.98922E-05 0.998801 9.98922E-05 9.98922E-05 9.98922E-05 9.98922E-05 9.98922E-05 9.98922E-05
9.98922E-05 9.98922E-05 9.98922E-05 9.98922E-05 9.98922E-05 9.98922E-05 0.998801 9.98922E-05 9.98922E-05 9.98922E-05 9.98922E-05 9.98922E-05 9.98922E-05
9.99279E-05 9.99279E-05 0.0245966 0.0196829 9.99279E-05 9.99279E-05 9.99279E-05 9.99279E-05 0.101162 9.99279E-05 9.99279E-05 0.0567442 0.797015
9.9928E-05 9.9928E-05 0.0484866 9.9928E-05 9.9928E-05 9.9928E-05 9.9928E-05 0.00500904 0.163679 9.9928E-05 9.9928E-05 0.0157214 0.766305
9.99191E-05 9.99191E-05 9.99191E-05 9.99191E-05 9.99191E-05 0.0171 0.957887 0.0212818 0.00283145 9.99191E-05 9.99191E-05 9.99191E-05 9.99191E-05
9.98922E-05 9.98922E-05 9.98922E-05 9.98922E-05 9.98922E-05 9.98922E-05 0.998801 9.98922E-05 9.98922E-05 9.98922E-05 9.98922E-05 9.98922E-05 9.98922E-05
9.99189E-05 9.99189E-05 0.0607103 9.99189E-05 9.99189E-05 9.99189E-05 9.99189E-05 9.99189E-05 0.0371662 9.99189E-05 0.0144983 0.886726 9.99189E-05
9.99459E-05 0.0249439 0.186534 9.99459E-05 0.0644582 9.99459E-05 9.99459E-05 0.0777898 0.457514 9.99459E-05 9.99459E-05 0.029387 0.158774
9.99098E-05 9.99098E-05 9.99098E-05 9.99098E-05 9.99098E-05 9.99098E-05 0.00190639 0.924513 9.99098E-05 9.99098E-05 0.0725813 9.99098E-05 9.99098E-05
9.98919E-05 0.998801 9.98919E-05 9.98919E-05 9.98919E-05 9.98919E-05 9.98919E-05 9.98919E-05 9.98919E-05 9.98919E-05 9.98919E-05 9.98919E-05 9.98919E-05
9.99371E-05 0.744519 0.0911281 9.99371E-05 9.99371E-05 0.0845388 0.0319086 9.99371E-05 0.031081 9.99371E-05 9.99371E-05 0.0161247 9.99371E-05
0.571142 9.99281E-05 9.99281E-05 0.323572 0.0284295 9.99281E-05 0.028158 9.99281E-05 9.99281E-05 9.99281E-05 0.0478993 9.99281E-05 9.99281E-05
