9.99188E-05 9.99188E-05 0.0658267 0.00893293 9.99188E-05 9.99188E-05 9.99188E-05 9.99188E-05 0.0299172 9.99188E-05 9.99188E-05 9.99188E-05 0.894424
9.99188E-05 9.99188E-05 9.99188E-05 0.120713 9.99188E-05 9.99188E-05 9.99188E-05 9.99188E-05 9.99188E-05 0.685602 0.130411 9.99188E-05 0.0623743
0.0101292 0.0570875 9.99376E-05 9.99376E-05 0.0307392 9.99376E-05 9.99376E-05 0.0509468 9.99376E-05 9.99376E-05 0.669757 0.180641 9.99376E-05
0.0146837 0.0290937 0.016284 0.0102743 9.9928E-05 9.9928E-05 9.9928E-05 9.9928E-05 9.9928E-05 9.9928E-05 0.928865 9.9928E-05 9.9928E-05
0.0178317 9.99371E-05 0.118134 9.99371E-05 9.99371E-05 0.107857 9.99371E-05 9.99371E-05 9.99371E-05 0.273066 0.272133 0.210279 9.99371E-05
9.991E-05 9.991E-05 9.991E-05 0.00820036 9.991E-05 0.031768 9.991E-05 9.991E-05 9.991E-05 9.991E-05 0.959033 9.991E-05 9.991E-05
9.99193E-05 9.99193E-05 9.99193E-05 9.99193E-05 9.99193E-05 9.99193E-05 0.102117 0.29998 9.99193E-05 0.538543 9.99193E-05 0.0584611 9.99193E-05
0.0548062 0.00869812 0.0859572 9.99369E-05 9.99369E-05 9.99369E-05 9.99369E-05 9.99369E-05 9.99369E-05 0.104844 0.0320898 0.712905 9.99369E-05
9.99103E-05 9.99103E-05 9.99103E-05 9.99103E-05 9.99103E-05 9.99103E-05 0.145241 0.210691 9.99103E-05 0.643069 9.99103E-05 9.99103E-05 9.99103E-05
9.98923E-05 9.98923E-05 0.998801 9.98923E-05 9.98923E-05 9.98923E-05 9.98923E-05 9.98923E-05 9.98923E-05 9.98923E-05 9.98923E-05 9.98923E-05 9.98923E-05
9.98923E-05 9.98923E-05 0.998801 9.98923E-05 9.98923E-05 9.98923E-05 9.98923E-05 9.98923E-05 9.98923E-05 9.98923E-05 9.98923E-05 9.98923E-05 9.98923E-05
9.99279E-05 0.133773 9.99279E-05 9.99279E-05 9.99279E-05 0.0386602 9.99279E-05 0.145273 9.99279E-05 9.99279E-05 0.0221631 9.99279E-05 0.659331
9.99012E-05 9.99012E-05 9.99012E-05 9.99012E-05 9.99012E-05 9.99012E-05 9.99012E-05 0.974324 9.99012E-05 9.99012E-05 9.99012E-05 0.0245775 9.99012E-05
9.99281E-05 9.99281E-05 9.99281E-05 0.014706 0.00276594 0.0321491 9.99281E-05 9.99281E-05 9.99281E-05 9.99281E-05 0.944786 9.99281E-05 0.00479345
9.99101E-05 9.99101E-05 9.99101E-05 9.99101E-05 9.99101E-05 9.99101E-05 9.99101E-05 9.99101E-05 0.033795 9.99101E-05 0.920204 9.99101E-05 0.0450021
9.991E-05 9.991E-05 9.991E-05 9.991E-05 9.991E-05 0.108323 0.776045 0.114633 9.991E-05 9.991E-05 9.991E-05 9.991E-05 9.991E-05
9.991E-05 9.991E-05 0.0361508 0.916144 9.991E-05 9.991E-05 9.991E-05 9.991E-05 0.0467057 9.991E-05 9.991E-05 9.991E-05 9.991E-05
0.000535876 9.99459E-05 0.125011 9.99459E-05 0.729151 9.99459E-05 0.062097 9.99459E-05 0.0069533 0.0507384 9.99459E-05 9.99459E-05 0.0249141
9.99011E-05 0.0541541 9.99011E-05 9.99011E-05 0.944747 9.99011E-05 9.99011E-05 9.99011E-05 9.99011E-05 9.99011E-05 9.99011E-05 9.99011E-05 9.99011E-05
9.99369E-05 0.01779 0.410274 0.0468296 9.99369E-05 0.129858 0.330691 9.99369E-05 9.99369E-05 9.99369E-05 9.99369E-05 9.99369E-05 0.0638581
9.99011E-05 9.99011E-05 9.99011E-05 9.99011E-05 0.996469 9.99011E-05 9.99011E-05 9.99011E-05 0.00243231 9.99011E-05 9.99011E-05 9.99011E-05 9.99011E-05
9.99459E-05 0.0155235 0.0788822 0.0717491 9.99459E-05 0.0137863 0.318529 0.0163151 9.99459E-05 9.99459E-05 9.99459E-05 9.99459E-05 0.484615
9.98918E-05 9.98918E-05 9.98918E-05 9.98918E-05 9.98918E-05 9.98918E-05 9.98918E-05 9.98918E-05 0.998801 9.98918E-05 9.98918E-05 9.98918E-05 9.98918E-05
9.99099E-05 9.99099E-05 9.99099E-05 9.99099E-05 0.777686 0.0149501 9.99099E-05 9.99099E-05 0.206365 9.99099E-05 9.99099E-05 9.99099E-05 9.99099E-05
0.00432991 9.99103E-05 9.99103E-05 9.99103E-05 9.99103E-05 9.99103E-05 9.99103E-05 9.99103E-05 9.99103E-05 9.99103E-05 0.990197 0.00447437 9.99103E-05
9.98922E-05 9.98922E-05 9.98922E-05 9.98922E-05 9.98922E-05 9.98922E-05 9.98922E-05 9.98922E-05 9.98922E-05 9.98922E-05 0.998801 9.98922E-05 9.98922E-05
9.99369E-05 0.060137 0.0508887 0.0225795 9.99369E-05 9.99369E-05 9.99369E-05 0.793834 0.00440994 9.99369E-05 9.99369E-05 9.99369E-05 0.0674515
0.0439221 9.9919E-05 9.9919E-05 9.9919E-05 9.9919E-05 9.9919E-05 0.00615002 9.9919E-05 9.9919E-05 9.9919E-05 0.888606 0.0604228 9.9919E-05
0.0522373 9.9928E-05 9.9928E-05 9.9928E-05 9.9928E-05 9.9928E-05 0.0333454 9.9928E-05 9.9928E-05 0.0108112 0.865831 0.0369758 9.9928E-05
0.145334 0.00332779 9.99461E-05 0.00932619 0.0234773 9.99461E-05 9.99461E-05 9.99461E-05 9.99461E-05 9.99461E-05 0.527244 0.284059 0.00663184
0.0465713 0.0239047 9.99279E-05 9.99279E-05 9.99279E-05 0.0480482 9.99279E-05 9.99279E-05 9.99279E-05 9.99279E-05 0.266558 0.614119 9.99279E-05
9.99012E-05 0.00766893 9.99012E-05 9.99012E-05 9.99012E-05 9.99012E-05 9.99012E-05 9.99012E-05 9.99012E-05 0.991232 9.99012E-05 9.99012E-05 9.99012E-05
9.99101E-05 9.99101E-05 9.99101E-05 0.0195162 9.99101E-05 9.99101E-05 9.99101E-05 9.99101E-05 9.99101E-05 9.99101E-05 0.790383 0.189101 9.99101E-05
0.684631 9.99282E-05 9.99282E-05 9.99282E-05 9.99282E-05 9.99282E-05 9.99282E-05 0.0100829 9.99282E-05 0.0158727 9.99282E-05 0.287536 0.00107845
9.99458E-05 0.101513 0.00586121 0.287553 9.99458E-05 0.0451126 9.99458E-05 0.481253 9.99458E-05 9.99458E-05 9.99458E-05 0.0516289 0.0264784
9.99279E-05 9.99279E-05 9.99279E-05 0.0217012 9.99279E-05 0.00447408 0.00330759 9.99279E-05 9.99279E-05 9.99279E-05 0.923157 0.0465608 9.99279E-05
9.991E-05 9.991E-05 9.991E-05 9.991E-05 9.991E-05 0.000143403 9.991E-05 9.991E-05 9.991E-05 9.991E-05 9.991E-05 0.0431027 0.955755
0.0128769 9.9955E-05 0.572815 0.0305465 9.9955E-05 9.9955E-05 9.9955E-05 0.00190888 0.0421567 0.170443 9.9955E-05 0.0102402 0.158513
9.9892E-05 9.9892E-05 9.9892E-05 0.998801 9.9892E-05 9.9892E-05 9.9892E-05 9.9892E-05 9.9892E-05 9.9892E-05 9.9892E-05 9.9892E-05 9.9892E-05
9.993E-05 9.993E-05 0.245377 0.20598 0.0117499 9.993E-05 0.221174 9.993E-05 9.993E-05 9.993E-05 0.0721184 9.993E-05 0.242901
9.99549E-05 0.00102434 0.270088 0.173662 0.0110497 9.99549E-05 0.187393 9.99549E-05 9.99549E-05 0.0429607 0.0380441 9.99549E-05 0.275278
9.99189E-05 9.99189E-05 0.902992 0.0284728 9.99189E-05 0.0207343 9.99189E-05 9.99189E-05 9.99189E-05 9.99189E-05 9.99189E-05 9.99189E-05 0.0469012
9.9928E-05 9.9928E-05 0.0170587 9.9928E-05 0.00788673 9.9928E-05 0.866444 0.0805854 9.9928E-05 9.9928E-05 9.9928E-05 9.9928E-05 0.0272259
9.99099E-05 9.99099E-05 0.860548 9.99099E-05 9.99099E-05 0.117329 9.99099E-05 0.021124 9.99099E-05 9.99099E-05 9.99099E-05 9.99099E-05 9.99099E-05
9.99549E-05 0.0150946 0.258651 9.99549E-05 9.99549E-05 0.153616 0.138466 0.106992 0.237464 0.0187325 9.99549E-05 9.99549E-05 0.0704851
9.9964E-05 9.9964E-05 0.418842 9.9964E-05 0.00558284 0.176538 0.146295 9.9964E-05 0.0295901 0.0224496 0.0472541 0.0196539 0.133394
0.0553481 9.9946E-05 0.196602 0.158468 9.9946E-05 0.261301 9.9946E-05 0.0962439 9.9946E-05 9.9946E-05 0.0717921 9.9946E-05 0.159645
9.99017E-05 9.99017E-05 9.99017E-05 9.99017E-05 9.99017E-05 9.99017E-05 9.99017E-05 9.99017E-05 0.00048846 9.99017E-05 9.99017E-05 9.99017E-05 0.998413
0.998801 9.98921E-05 9.98921E-05 9.98921E-05 9.98921E-05 9.98921E-05 9.98921E-05 9.98921E-05 9.98921E-05 9.98921E-05 9.98921E-05 9.98921E-05 9.98921E-05
0.998801 9.98921E-05 9.98921E-05 9.98921E-05 9.98921E-05 9.98921E-05 9.98921E-05 9.98921E-05 9.98921E-05 9.98921E-05 9.98921E-05 9.98921E-05 9.98921E-05
0.996402 9.99011E-05 9.99011E-05 9.99011E-05 9.99011E-05 9.99011E-05 0.0024986 9.99011E-05 9.99011E-05 9.99011E-05 9.99011E-05 9.99011E-05 9.99011E-05
0.998801 9.98922E-05 9.98922E-05 9.98922E-05 9.98922E-05 9.98922E-05 9.98922E-05 9.98922E-05 9.98922E-05 9.98922E-05 9.98922E-05 9.98922E-05 9.98922E-05
0.998801 9.98922E-05 9.98922E-05 9.98922E-05 9.98922E-05 9.98922E-05 9.98922E-05 9.98922E-05 9.98922E-05 9.98922E-05 9.98922E-05 9.98922E-05 9.98922E-05
0.324945 9.9946E-05 0.00768671 9.9946E-05 9.9946E-05 9.9946E-05 0.0550797 9.9946E-05 0.0916013 0.0876426 0.0531176 0.379327 9.9946E-05
0.901542 9.9928E-05 9.9928E-05 0.000143019 9.9928E-05 9.9928E-05 9.9928E-05 9.9928E-05 9.9928E-05 0.074181 0.00986177 9.9928E-05 0.0134728
9.99098E-05 9.99098E-05 9.99098E-05 9.99098E-05 9.99098E-05 0.0478682 0.165556 9.99098E-05 9.99098E-05 9.99098E-05 9.99098E-05 9.99098E-05 0.785577
0.0655029 0.0125537 9.99097E-05 9.99097E-05 9.99097E-05 9.99097E-05 9.99097E-05 9.99097E-05 9.99097E-05 0.920944 9.99097E-05 9.99097E-05 9.99097E-05
9.99099E-05 9.99099E-05 0.00406654 0.0195527 9.99099E-05 9.99099E-05 9.99099E-05 9.99099E-05 9.99099E-05 9.99099E-05 0.975382 9.99099E-05 9.99099E-05
0.0202857 0.0405966 9.9928E-05 9.9928E-05 9.9928E-05 9.9928E-05 0.0837289 0.818361 9.9928E-05 9.9928E-05 9.9928E-05 9.9928E-05 0.0362279
9.99101E-05 9.99101E-05 9.99101E-05 9.99101E-05 9.99101E-05 0.12533 0.870153 0.0035174 9.99101E-05 9.99101E-05 9.99101E-05 9.99101E-05 9.99101E-05
9.98924E-05 9.98924E-05 9.98924E-05 9.98924E-05 9.98924E-05 9.98924E-05 9.98924E-05 0.998801 9.98924E-05 9.98924E-05 9.98924E-05 9.98924E-05 9.98924E-05
9.99279E-05 9.99279E-05 0.0983435 9.99279E-05 9.99279E-05 0.0207177 9.99279E-05 0.867291 0.0110266 9.99279E-05 9.99279E-05 9.99279E-05 0.0018222
9.99279E-05 0.0691537 0.0594771 0.0148467 9.99279E-05 0.0544269 9.99279E-05 0.801296 9.99279E-05 9.99279E-05 9.99279E-05 9.99279E-05 9.99279E-05
9.99012E-05 9.99012E-05 9.99012E-05 9.99012E-05 0.910021 9.99012E-05 9.99012E-05 9.99012E-05 9.99012E-05 9.99012E-05 9.99012E-05 9.99012E-05 0.0888801
0.0202649 9.99104E-05 9.99104E-05 9.99104E-05 9.99104E-05 9.99104E-05 0.0050322 9.99104E-05 9.99104E-05 9.99104E-05 0.973704 9.99104E-05 9.99104E-05
0.191788 0.0478042 0.133907 0.026468 0.00259017 9.99641E-05 9.99641E-05 0.18753 9.99641E-05 0.072591 0.252527 9.99641E-05 0.0843943
9.99105E-05 9.99105E-05 9.99105E-05 9.99105E-05 9.99105E-05 9.99105E-05 9.99105E-05 0.0170847 9.99105E-05 9.99105E-05 0.96327 0.0186464 9.99105E-05
9.9919E-05 9.9919E-05 9.9919E-05 0.0621241 9.9919E-05 9.9919E-05 9.9919E-05 9.9919E-05 9.9919E-05 9.9919E-05 0.889338 0.04257 0.0050681
0.0268497 9.9919E-05 9.9919E-05 9.9919E-05 9.9919E-05 9.9919E-05 0.0466746 9.9919E-05 9.9919E-05 9.9919E-05 0.836452 0.089124 9.9919E-05
0.0253047 9.99281E-05 9.99281E-05 9.99281E-05 0.0015907 9.99281E-05 0.0328446 9.99281E-05 9.99281E-05 9.99281E-05 0.908442 0.031019 9.99281E-05
9.99199E-05 9.99199E-05 0.0683956 9.99199E-05 9.99199E-05 0.00588769 9.99199E-05 9.99199E-05 9.99199E-05 9.99199E-05 0.781055 0.143762 9.99199E-05
9.99009E-05 9.99009E-05 9.99009E-05 0.05158 9.99009E-05 9.99009E-05 9.99009E-05 9.99009E-05 9.99009E-05 9.99009E-05 0.947321 9.99009E-05 9.99009E-05
9.98919E-05 9.98919E-05 9.98919E-05 9.98919E-05 9.98919E-05 9.98919E-05 9.98919E-05 9.98919E-05 9.98919E-05 9.98919E-05 9.98919E-05 0.998801 9.98919E-05
9.99011E-05 9.99011E-05 9.99011E-05 9.99011E-05 9.99011E-05 9.99011E-05 9.99011E-05 0.0498589 9.99011E-05 9.99011E-05 9.99011E-05 0.949042 9.99011E-05
0.0216353 9.99191E-05 9.99191E-05 9.99191E-05 9.99191E-05 9.99191E-05 0.0283222 9.99191E-05 0.0167061 9.99191E-05 0.932437 9.99191E-05 9.99191E-05
0.00237261 0.00386531 9.9919E-05 0.0383119 9.9919E-05 9.9919E-05 0.954551 9.9919E-05 9.9919E-05 9.9919E-05 9.9919E-05 9.9919E-05 9.9919E-05
0.0215456 9.9901E-05 9.9901E-05 9.9901E-05 9.9901E-05 9.9901E-05 0.977355 9.9901E-05 9.9901E-05 9.9901E-05 9.9901E-05 9.9901E-05 9.9901E-05
9.98922E-05 0.998801 9.98922E-05 9.98922E-05 9.98922E-05 9.98922E-05 9.98922E-05 9.98922E-05 9.98922E-05 9.98922E-05 9.98922E-05 9.98922E-05 9.98922E-05
9.98922E-05 0.998801 9.98922E-05 9.98922E-05 9.98922E-05 9.98922E-05 9.98922E-05 9.98922E-05 9.98922E-05 9.98922E-05 9.98922E-05 9.98922E-05 9.98922E-05
9.99369E-05 9.99369E-05 0.799997 9.99369E-05 9.99369E-05 9.99369E-05 0.100028 0.0113771 9.99369E-05 0.0283485 0.0016675 9.99369E-05 0.0578829
9.99279E-05 9.99279E-05 0.756753 9.99279E-05 9.99279E-05 9.99279E-05 0.103334 0.0720401 9.99279E-05 0.0412668 9.99279E-05 9.99279E-05 0.0258065
9.99101E-05 0.948236 9.99101E-05 9.99101E-05 9.99101E-05 9.99101E-05 0.0229832 9.99101E-05 9.99101E-05 9.99101E-05 9.99101E-05 0.0277821 9.99101E-05
9.98922E-05 0.998801 9.98922E-05 9.98922E-05 9.98922E-05 9.98922E-05 9.98922E-05 9.98922E-05 9.98922E-05 9.98922E-05 9.98922E-05 9.98922E-05 9.98922E-05
9.99009E-05 9.99009E-05 9.99009E-05 9.99009E-05 9.99009E-05 9.99009E-05 9.99009E-05 0.0525595 9.99009E-05 9.99009E-05 9.99009E-05 9.99009E-05 0.946342
9.99459E-05 9.99459E-05 0.196688 9.99459E-05 0.062584 0.0438141 0.388606 0.179194 9.99459E-05 0.0952461 9.99459E-05 9.99459E-05 0.0332689
0.0603004 9.99008E-05 9.99008E-05 9.99008E-05 9.99008E-05 9.99008E-05 9.99008E-05 9.99008E-05 9.99008E-05 0.938601 9.99008E-05 9.99008E-05 9.99008E-05
9.98919E-05 9.98919E-05 9.98919E-05 9.98919E-05 9.98919E-05 0.998801 9.98919E-05 9.98919E-05 9.98919E-05 9.98919E-05 9.98919E-05 9.98919E-05 9.98919E-05
9.9928E-05 9.9928E-05 9.9928E-05 0.117644 9.9928E-05 0.818574 0.00257479 0.050559 9.9928E-05 9.9928E-05 9.9928E-05 9.9928E-05 0.00984858
0.00244963 9.99281E-05 9.99281E-05 9.99281E-05 0.0255458 9.99281E-05 9.99281E-05 9.99281E-05 0.0376053 9.99281E-05 0.217546 0.716054 9.99281E-05
