9.999E-05 0.9998 9.999E-05
9.999E-05 0.450634 0.549266
0.0591231 0.0947068 0.84617
9.999E-05 9.999E-05 0.9998
9.9991E-05 0.270819 0.729081
9.999E-05 9.999E-05 0.9998
9.999E-05 0.638323 0.361577
9.999E-05 0.147524 0.852376
9.9991E-05 0.637943 0.361957
9.9991E-05 0.939254 0.0606456
9.9991E-05 0.961906 0.0379936
9.9991E-05 0.977292 0.0226084
9.99911E-05 0.953354 0.0465456
0.0344889 9.9991E-05 0.965411
0.0135016 9.9991E-05 0.986398
9.9991E-05 0.96506 0.0348403
0.155517 0.811399 0.0330844
0.737224 0.240945 0.021831
0.9998 9.999E-05 9.999E-05
9.999E-05 0.9998 9.999E-05
0.9998 9.999E-05 9.999E-05
9.999E-05 0.9998 9.999E-05
0.529764 0.390817 0.0794197
0.969306 0.0305942 9.9991E-05
9.999E-05 9.999E-05 0.9998
9.999E-05 9.999E-05 0.9998
9.999E-05 0.9998 9.999E-05
9.999E-05 9.999E-05 0.9998
9.999E-05 9.999E-05 0.9998
0.0527529 0.0361259 0.911121
0.0350824 9.9991E-05 0.964818
9.9991E-05 0.422943 0.576957
9.999E-05 9.999E-05 0.9998
9.9991E-05 0.169335 0.830565
9.9991E-05 0.927707 0.0721927
9.999E-05 9.999E-05 0.9998
9.9991E-05 0.919414 0.0804862
0.0214598 0.811322 0.167218
0.146125 0.675753 0.178122
9.9991E-05 0.885791 0.114109
9.9991E-05 0.928244 0.0716561
0.00188916 0.998011 9.9991E-05
9.9991E-05 0.971939 0.0279607
0.00329149 0.996609 9.9991E-05
0.116328 0.883572 9.9991E-05
0.0420996 0.830807 0.127094
9.9991E-05 0.837751 0.162149
0.0181873 0.981713 9.99911E-05
9.9991E-05 0.177266 0.822634
0.0152492 0.150198 0.834553
0.00388596 0.19795 0.798164
0.0373887 0.120351 0.84226
0.0243803 0.118585 0.857035
0.043868 0.170721 0.785411
9.9991E-05 0.222213 0.777687
9.999E-05 0.9998 9.999E-05
9.9991E-05 0.445876 0.554024
9.999E-05 9.999E-05 0.9998
9.999E-05 0.9998 9.999E-05
9.9991E-05 0.936743 0.0631573
9.999E-05 0.9998 9.999E-05
9.999E-05 0.9998 9.999E-05
0.00734105 0.992559 9.9991E-05
0.870508 0.107763 0.0217292
9.999E-05 9.999E-05 0.9998
0.0850149 0.413826 0.501159
9.999E-05 9.999E-05 0.9998
9.9991E-05 0.00403503 0.995865
9.999E-05 9.999E-05 0.9998
9.999E-05 9.999E-05 0.9998
9.9991E-05 0.057819 0.942081
9.999E-05 9.999E-05 0.9998
9.99911E-05 0.0542262 0.945674
0.0201205 0.102822 0.877057
9.999E-05 9.999E-05 0.9998
9.9991E-05 0.832465 0.167435
9.9991E-05 0.842227 0.157673
0.205246 0.685895 0.108858
0.236129 0.654797 0.109074
9.9991E-05 0.918216 0.0816839
9.9991E-05 0.948635 0.0512649
0.191752 0.700869 0.107379
0.204796 0.68115 0.114055
9.999E-05 0.9998 9.999E-05
0.0315336 0.941147 0.0273196
9.9991E-05 0.409323 0.590577
0.190775 0.707128 0.102097
0.168363 0.831537 9.9991E-05
0.0851516 9.9991E-05 0.914748
