0.9998 9.999E-05 9.999E-05
0.486364 9.9991E-05 0.513536
0.0256037 0.0626757 0.911721
9.999E-05 9.999E-05 0.9998
0.321884 9.9991E-05 0.678016
9.999E-05 9.999E-05 0.9998
0.684289 9.99911E-05 0.315611
0.18866 9.9991E-05 0.81124
0.636954 9.9991E-05 0.362946
0.94983 0.0144374 0.0357331
0.9998 9.999E-05 9.999E-05
0.959072 9.9991E-05 0.0408281
0.978129 9.99911E-05 0.0217713
9.9991E-05 0.00640608 0.993494
0.00326127 9.9991E-05 0.996639
0.974594 9.9991E-05 0.0253062
0.753742 0.197177 0.0490803
0.200066 0.736242 0.063692
9.999E-05 0.9998 9.999E-05
0.9998 9.999E-05 9.999E-05
9.999E-05 0.9998 9.999E-05
0.9998 9.999E-05 9.999E-05
0.301342 0.602421 0.0962373
0.00164261 0.998257 9.9991E-05
9.999E-05 9.999E-05 0.9998
9.999E-05 9.999E-05 0.9998
0.9998 9.999E-05 9.999E-05
9.999E-05 9.999E-05 0.9998
9.999E-05 9.999E-05 0.9998
0.00871886 0.0473373 0.943944
0.0146465 0.0428657 0.942488
0.396213 0.00546248 0.598324
9.999E-05 9.999E-05 0.9998
0.161257 9.9991E-05 0.838643
0.915147 9.9991E-05 0.0847533
9.999E-05 9.999E-05 0.9998
0.951237 9.9991E-05 0.0486632
0.855576 0.00987817 0.134545
0.619016 0.201047 0.179937
0.896206 9.9991E-05 0.103694
0.892361 9.9991E-05 0.107539
0.991867 0.00803253 9.9991E-05
0.985303 9.9991E-05 0.0145968
0.983542 0.0163584 9.9991E-05
0.823894 0.176006 9.9991E-05
0.839939 0.0404392 0.119622
0.830772 9.9991E-05 0.169128
0.992266 0.00763431 9.99911E-05
0.123125 0.035058 0.841817
0.164053 0.0207618 0.815185
0.178194 0.0250204 0.796785
0.118843 0.0449648 0.836192
0.115315 0.0225497 0.862135
0.208425 0.0654605 0.726115
0.223238 9.9991E-05 0.776662
0.9998 9.999E-05 9.999E-05
0.463778 9.9991E-05 0.536122
9.999E-05 9.999E-05 0.9998
0.9998 9.999E-05 9.999E-05
0.942572 9.9991E-05 0.057328
0.9998 9.999E-05 9.999E-05
0.9998 9.999E-05 9.999E-05
0.96748 0.03242 9.9991E-05
0.126146 0.873754 9.9991E-05
9.999E-05 9.999E-05 0.9998
0.414608 0.0776066 0.507786
9.999E-05 9.999E-05 0.9998
9.999E-05 9.999E-05 0.9998
9.999E-05 9.999E-05 0.9998
9.999E-05 9.999E-05 0.9998
0.0171446 9.9991E-05 0.982755
9.999E-05 9.999E-05 0.9998
0.0489506 9.99911E-05 0.950949
0.123774 0.012226 0.864
9.999E-05 9.999E-05 0.9998
0.841582 9.9991E-05 0.158318
0.865175 9.9991E-05 0.134725
0.49249 0.354978 0.152532
0.533731 0.34177 0.124499
0.932511 9.9991E-05 0.0673892
0.962317 9.9991E-05 0.037583
0.541263 0.329981 0.128756
0.516404 0.336395 0.147201
0.9998 9.999E-05 9.999E-05
0.952069 0.0261598 0.0217714
0.425278 9.9991E-05 0.574622
0.680852 0.227844 0.0913036
0.769685 0.197162 0.033153
9.9991E-05 0.0885251 0.911375
