0.9998 9.999E-05 9.999E-05
0.457196 9.9991E-05 0.542704
0.018734 0.0579624 0.923304
9.999E-05 9.999E-05 0.9998
0.311259 9.9991E-05 0.688641
9.999E-05 9.999E-05 0.9998
0.656478 9.99911E-05 0.343422
0.169363 9.9991E-05 0.830537
0.637666 9.9991E-05 0.362234
0.971878 9.9991E-05 0.0280223
0.9998 9.999E-05 9.999E-05
0.949596 9.9991E-05 0.0503045
0.927047 9.99911E-05 0.0728534
9.9991E-05 0.0170746 0.982825
0.000672978 0.0162189 0.983108
0.966379 9.9991E-05 0.0335209
0.794828 0.176362 0.0288098
0.243946 0.725069 0.0309857
9.999E-05 0.9998 9.999E-05
0.9998 9.999E-05 9.999E-05
9.999E-05 0.9998 9.999E-05
0.9998 9.999E-05 9.999E-05
0.337594 0.572221 0.0901845
9.999E-05 0.9998 9.999E-05
9.999E-05 9.999E-05 0.9998
9.999E-05 9.999E-05 0.9998
0.9998 9.999E-05 9.999E-05
9.999E-05 9.999E-05 0.9998
9.999E-05 9.999E-05 0.9998
0.00304176 0.0484981 0.94846
9.9991E-05 0.045679 0.954221
0.394625 9.9991E-05 0.605275
9.999E-05 9.999E-05 0.9998
0.167715 9.9991E-05 0.832185
0.929219 9.9991E-05 0.0706809
0.0152119 9.9991E-05 0.984688
0.929903 9.9991E-05 0.0699973
0.816233 0.0215078 0.16226
0.678856 0.165985 0.155159
0.889865 9.9991E-05 0.110035
0.932197 9.9991E-05 0.0677029
0.984021 0.0158788 9.9991E-05
0.9998 9.999E-05 9.999E-05
0.997966 0.00193425 9.9991E-05
0.830372 0.169528 9.9991E-05
0.846936 0.0583292 0.0947343
0.835477 9.9991E-05 0.164423
0.994327 0.00557311 9.99911E-05
0.107582 0.0427433 0.849675
0.171622 0.0324826 0.795896
0.173486 0.0362296 0.790284
0.114995 0.0328951 0.85211
0.126245 0.0131573 0.860598
0.196387 0.0561284 0.747485
0.237053 9.9991E-05 0.762847
0.9998 9.999E-05 9.999E-05
0.446773 9.9991E-05 0.553127
9.999E-05 9.999E-05 0.9998
0.9998 9.999E-05 9.999E-05
0.932283 9.9991E-05 0.0676167
0.9998 9.999E-05 9.999E-05
0.9998 9.999E-05 9.999E-05
0.996238 0.00366169 9.9991E-05
0.078781 0.917915 0.00330397
9.999E-05 9.999E-05 0.9998
0.516239 0.0745077 0.409253
9.999E-05 9.999E-05 0.9998
9.999E-05 9.999E-05 0.9998
9.999E-05 9.999E-05 0.9998
9.999E-05 9.999E-05 0.9998
0.0196681 9.9991E-05 0.980232
9.999E-05 9.999E-05 0.9998
0.0195358 9.99911E-05 0.980364
0.0674022 0.0198872 0.912711
9.999E-05 9.999E-05 0.9998
0.850871 9.9991E-05 0.149029
0.860784 9.9991E-05 0.139116
0.602012 0.268088 0.1299
0.580675 0.301233 0.118092
0.959194 9.9991E-05 0.0407057
0.980239 9.9991E-05 0.0196607
0.609892 0.271689 0.118419
0.640862 0.2661 0.0930378
0.9998 9.999E-05 9.999E-05
0.959376 0.0207663 0.0198579
0.418911 9.9991E-05 0.580989
0.674999 0.205587 0.119414
0.818186 0.181714 9.9991E-05
9.9991E-05 0.0682376 0.931662
