9.997E-05 9.997E-05 9.997E-05 0.9996 9.997E-05
9.9973E-05 9.9973E-05 0.503158 0.496543 9.9973E-05
0.0421356 0.0395997 0.81451 9.99911E-05 0.103655
9.9973E-05 0.0561545 0.943546 9.9973E-05 9.9973E-05
9.99731E-05 9.99731E-05 0.653193 0.346507 9.99731E-05
9.9973E-05 0.000943272 0.998757 9.9973E-05 9.9973E-05
9.99821E-05 9.99821E-05 0.314998 0.112547 0.572255
9.9982E-05 0.023729 0.772435 0.203636 9.9982E-05
9.99821E-05 9.99821E-05 0.298713 0.28091 0.420177
9.99821E-05 0.0460561 0.0129928 0.940751 9.99821E-05
9.99821E-05 0.0831801 9.99821E-05 0.898926 0.0176937
9.9982E-05 0.13493 9.9982E-05 0.599606 0.265265
9.997E-05 9.997E-05 9.997E-05 9.997E-05 0.9996
0.0128136 0.0245522 0.962434 9.9982E-05 9.9982E-05
9.9982E-05 0.00018919 0.975964 0.0236468 9.9982E-05
9.999E-05 0.0576696 0.0284348 0.538563 0.375233
0.0890853 0.340276 9.9991E-05 0.403349 0.16719
0.745082 9.9982E-05 0.0469324 0.207785 9.9982E-05
0.911844 0.0878563 9.9973E-05 9.9973E-05 9.9973E-05
9.9982E-05 0.146237 9.9982E-05 0.798034 0.0555287
0.9996 9.997E-05 9.997E-05 9.997E-05 9.997E-05
9.9982E-05 0.00999841 9.9982E-05 0.89263 0.0971719
0.416115 0.37142 0.0191271 0.193238 9.9991E-05
0.908158 0.0915417 9.9973E-05 9.9973E-05 9.9973E-05
9.997E-05 9.997E-05 0.9996 9.997E-05 9.997E-05
9.997E-05 9.997E-05 0.9996 9.997E-05 9.997E-05
9.99819E-05 0.0789742 9.99819E-05 0.187289 0.733537
9.99729E-05 9.99729E-05 0.975397 9.99729E-05 0.0243029
9.9973E-05 9.9973E-05 0.989202 9.9973E-05 0.0104977
0.0259881 0.0112697 0.90365 0.0203838 0.0387083
0.000473045 0.070061 0.907194 9.9991E-05 0.0221718
9.99731E-05 9.99731E-05 0.542456 0.457244 9.99731E-05
9.997E-05 9.997E-05 0.9996 9.997E-05 9.997E-05
9.99731E-05 9.99731E-05 0.81952 0.18018 9.99731E-05
9.9991E-05 0.2623 0.0459678 0.169889 0.521743
9.99729E-05 9.99729E-05 0.960673 9.99729E-05 0.0390275
9.99732E-05 9.99732E-05 0.0414182 0.958282 9.99732E-05
0.0182357 9.9982E-05 0.0974708 0.884094 9.9982E-05
0.0437497 0.405128 0.132785 0.216912 0.201426
9.9982E-05 0.0429354 0.0777369 0.879128 9.9982E-05
9.9982E-05 0.0343132 0.0309994 0.934487 9.9982E-05
0.0139029 0.0471918 9.9982E-05 0.938705 9.9982E-05
9.9982E-05 9.9982E-05 0.00244953 0.683164 0.314186
0.0159955 0.107354 9.9982E-05 0.87645 9.9982E-05
0.123264 0.148998 9.9991E-05 0.558498 0.16914
0.0292128 0.0341847 0.0488204 0.794724 0.0930584
9.9991E-05 0.127862 0.114098 0.550857 0.207084
0.00109488 9.99733E-05 9.99733E-05 0.998605 9.99733E-05
0.0205449 9.9982E-05 0.792076 0.187179 9.9982E-05
0.0386254 9.9982E-05 0.721437 0.239738 9.9982E-05
0.0302316 9.9982E-05 0.745046 0.224523 9.9982E-05
0.0424245 9.9982E-05 0.769797 0.187579 9.9982E-05
0.0181263 9.9982E-05 0.803397 0.178276 9.9982E-05
0.0308495 9.9991E-05 0.710954 0.252497 0.00559943
9.9973E-05 9.9973E-05 0.702439 0.297261 9.9973E-05
9.9973E-05 9.9973E-05 9.9973E-05 0.90275 0.0969498
9.9973E-05 9.9973E-05 0.510939 0.488761 9.9973E-05
9.99729E-05 0.0232265 0.976474 9.99729E-05 9.99729E-05
9.9991E-05 0.0884792 0.00104604 0.0188611 0.891514
9.9991E-05 0.0162182 0.0593028 0.526957 0.397422
9.997E-05 9.997E-05 9.997E-05 9.997E-05 0.9996
9.9982E-05 0.0112452 9.9982E-05 0.0726945 0.91586
0.0162606 0.107977 9.9991E-05 0.0653126 0.81035
0.908156 9.99731E-05 9.99731E-05 0.0915437 9.99731E-05
9.997E-05 9.997E-05 0.9996 9.997E-05 9.997E-05
0.027408 0.0761458 0.439808 0.364383 0.092255
9.99731E-05 9.99731E-05 0.975258 9.99731E-05 0.024442
9.9982E-05 0.00823365 0.989105 0.00246165 9.9982E-05
9.997E-05 9.997E-05 0.9996 9.997E-05 9.997E-05
9.9973E-05 9.9973E-05 0.971717 9.9973E-05 0.0279828
9.9982E-05 0.0249145 0.952227 0.0226586 9.9982E-05
9.99729E-05 0.0219795 0.977721 9.99729E-05 9.99729E-05
9.99732E-05 9.99732E-05 0.928204 0.0714962 9.99732E-05
9.99732E-05 9.99732E-05 0.779466 9.99732E-05 0.220234
9.9982E-05 0.0125637 0.980221 9.9982E-05 0.00701572
9.9991E-05 0.051706 0.122774 0.703727 0.121693
9.9991E-05 0.0465001 0.112884 0.650426 0.19009
9.997E-05 0.9996 9.997E-05 9.997E-05 9.997E-05
9.997E-05 0.9996 9.997E-05 9.997E-05 9.997E-05
9.9982E-05 0.023593 9.9982E-05 0.964183 0.0120236
9.9982E-05 0.00673954 9.9982E-05 0.893597 0.099463
9.997E-05 0.9996 9.997E-05 9.997E-05 9.997E-05
9.997E-05 0.9996 9.997E-05 9.997E-05 9.997E-05
9.9973E-05 9.9973E-05 9.9973E-05 0.914941 0.0847591
0.043707 9.9991E-05 0.000200366 0.643206 0.312787
9.9973E-05 9.9973E-05 0.535003 0.464697 9.9973E-05
0.14402 0.28921 0.0573775 0.150035 0.359357
0.0741726 0.349575 9.9991E-05 0.103381 0.472771
0.0361795 0.0742024 0.889418 9.99821E-05 9.99821E-05
