0.0248401 9.9973E-05 0.97486 9.9973E-05 9.9973E-05
0.0161383 0.242918 0.40782 9.9991E-05 0.333023
0.0628454 0.0520212 9.99911E-05 0.063149 0.821884
0.02515 9.9973E-05 9.9973E-05 9.9973E-05 0.97455
9.99821E-05 0.276325 0.261599 9.99821E-05 0.461876
0.00752613 9.9991E-05 0.00604138 0.00213944 0.984193
9.99821E-05 0.370076 0.590706 9.99821E-05 0.039018
0.0627578 0.449745 0.0830245 9.9991E-05 0.404373
9.99821E-05 0.433654 0.552419 9.99821E-05 0.0137265
0.12093 0.119234 0.759636 9.9982E-05 9.9982E-05
0.128288 0.133706 0.737806 9.9982E-05 9.9982E-05
0.115191 9.9982E-05 0.804544 9.9982E-05 0.0800645
0.0144229 9.99911E-05 0.899836 0.0121243 0.0735172
9.9982E-05 9.9982E-05 0.00118249 0.0365403 0.962077
9.9982E-05 9.9982E-05 0.0295274 0.0176601 0.952613
0.0186583 0.0407036 0.908271 9.9991E-05 0.032267
0.408554 9.9991E-05 0.492077 0.0885501 0.0107192
9.9982E-05 0.0841924 0.232988 0.68262 9.9982E-05
0.0700789 9.9973E-05 9.9973E-05 0.929621 9.9973E-05
0.179493 9.99729E-05 0.820207 9.99729E-05 9.99729E-05
9.9973E-05 9.9973E-05 9.9973E-05 0.998293 0.00140696
0.0356885 0.0187207 0.936854 9.9991E-05 0.00863721
0.403894 0.0561734 0.153966 0.385867 9.9991E-05
0.0898007 9.99729E-05 9.99729E-05 0.909899 9.99729E-05
9.997E-05 9.997E-05 9.997E-05 9.997E-05 0.9996
9.997E-05 9.997E-05 9.997E-05 9.997E-05 0.9996
0.0872112 9.9973E-05 0.912489 9.9973E-05 9.9973E-05
9.9973E-05 0.074821 9.9973E-05 9.9973E-05 0.924879
9.9973E-05 0.0803206 9.9973E-05 9.9973E-05 0.91938
0.0211382 0.256741 9.9991E-05 0.0280999 0.693921
0.0473188 0.319153 9.9982E-05 9.9982E-05 0.633328
9.99821E-05 0.544438 0.297612 9.99821E-05 0.15775
0.00125979 9.99731E-05 9.99731E-05 9.99731E-05 0.99844
0.0139037 0.910687 9.9982E-05 9.9982E-05 0.0752091
0.267845 9.9982E-05 0.658166 9.9982E-05 0.0737885
9.99729E-05 9.99729E-05 0.00855136 9.99729E-05 0.991149
0.0231746 9.99821E-05 0.893558 9.99821E-05 0.0830674
0.0441872 0.163197 0.728167 0.0384832 0.025966
0.428393 9.9991E-05 0.35443 0.0748493 0.142227
0.0337634 9.9991E-05 0.812135 0.00136902 0.152632
0.0767955 9.9982E-05 0.832925 9.9982E-05 0.0900795
0.120587 0.0208518 0.831734 0.0267275 9.9991E-05
9.9973E-05 0.0726908 0.927009 9.9973E-05 9.9973E-05
0.159946 0.0560804 0.783774 9.99819E-05 9.99819E-05
0.212361 0.0191789 0.671327 0.0970334 9.9991E-05
0.138143 0.0952073 0.694935 0.0385622 0.033153
0.176201 0.0403193 0.647207 9.9991E-05 0.136173
0.0106207 9.99822E-05 0.954156 0.0350233 9.99822E-05
9.997E-05 0.9996 9.997E-05 9.997E-05 9.997E-05
9.997E-05 0.9996 9.997E-05 9.997E-05 9.997E-05
9.997E-05 0.9996 9.997E-05 9.997E-05 9.997E-05
9.997E-05 0.9996 9.997E-05 9.997E-05 9.997E-05
9.997E-05 0.9996 9.997E-05 9.997E-05 9.997E-05
9.9991E-05 0.675049 0.0939672 0.0288335 0.20205
9.997E-05 0.9996 9.997E-05 9.997E-05 9.997E-05
9.997E-05 9.997E-05 0.9996 9.997E-05 9.997E-05
0.0121572 0.542126 0.331952 9.9991E-05 0.113665
9.997E-05 9.997E-05 9.997E-05 9.997E-05 0.9996
0.0557983 9.99821E-05 0.934734 9.99821E-05 0.00926757
9.9973E-05 9.9973E-05 0.913966 9.9973E-05 0.0857336
9.99732E-05 9.99732E-05 0.980524 0.0191759 9.99732E-05
9.9973E-05 9.9973E-05 0.987955 9.9973E-05 0.0117448
0.091592 9.9982E-05 0.887792 0.0204163 9.9982E-05
9.99731E-05 9.99731E-05 0.0739351 0.925765 9.99731E-05
9.997E-05 9.997E-05 9.997E-05 9.997E-05 0.9996
9.9991E-05 0.154606 0.382393 0.100714 0.362188
9.99821E-05 0.0181704 0.0237125 9.99821E-05 0.957917
9.9982E-05 0.0188815 0.00809907 9.9982E-05 0.972819
9.9973E-05 0.088686 9.9973E-05 9.9973E-05 0.911014
9.9982E-05 0.0619115 9.9982E-05 0.00474114 0.933147
9.99731E-05 9.99731E-05 0.0575318 9.99731E-05 0.942168
0.00127247 9.9973E-05 9.9973E-05 9.9973E-05 0.998428
9.99732E-05 0.498273 9.99732E-05 9.99732E-05 0.501427
9.99911E-05 0.39478 0.0377371 0.0390108 0.528372
0.0101622 9.9982E-05 0.0299223 9.9982E-05 0.959716
0.0421544 0.118827 0.772158 9.9991E-05 0.0667602
0.0257131 0.15126 0.781847 9.9991E-05 0.0410803
0.9996 9.997E-05 9.997E-05 9.997E-05 9.997E-05
0.9996 9.997E-05 9.997E-05 9.997E-05 9.997E-05
0.102021 0.104981 0.792798 9.99819E-05 9.99819E-05
0.063811 0.0937303 0.832768 0.00959105 9.9991E-05
0.9996 9.997E-05 9.997E-05 9.997E-05 9.997E-05
0.9996 9.997E-05 9.997E-05 9.997E-05 9.997E-05
9.9982E-05 0.00666543 0.980241 9.9982E-05 0.0128941
0.0102847 0.068488 0.824501 0.0740075 0.0227186
9.9982E-05 0.633365 0.279905 9.9982E-05 0.0865293
0.335898 9.9991E-05 0.4641 0.126774 0.073128
0.323769 9.9991E-05 0.564284 0.0985598 0.0132874
0.0408259 0.326658 9.9991E-05 0.0333339 0.599082
