0.057588 9.99279E-05 9.99279E-05 9.99279E-05 9.99279E-05 9.99279E-05 9.99279E-05 0.941613 9.99279E-05 9.99279E-05
9.99549E-05 0.0434664 0.0307274 9.99549E-05 9.99549E-05 0.106103 0.781905 0.0372987 9.99549E-05 9.99549E-05
9.99644E-05 9.99644E-05 0.0254057 0.0503071 0.00624224 0.773271 9.99644E-05 9.99644E-05 0.069658 0.074716
0.00866677 9.99371E-05 0.0263456 9.99371E-05 9.99371E-05 0.964288 9.99371E-05 9.99371E-05 9.99371E-05 9.99371E-05
0.0955904 9.9964E-05 9.9964E-05 0.0840964 9.9964E-05 0.407624 0.0994851 0.0678865 9.9964E-05 0.244918
9.9937E-05 9.9937E-05 0.0159444 9.9937E-05 0.000417323 0.982939 9.9937E-05 9.9937E-05 9.9937E-05 9.9937E-05
9.99278E-05 9.99278E-05 9.99278E-05 9.99278E-05 9.99278E-05 9.99278E-05 9.99278E-05 9.99278E-05 0.00937693 0.989824
0.0863314 9.9955E-05 9.9955E-05 0.247238 9.9955E-05 0.382797 0.0868604 9.9955E-05 9.9955E-05 0.196274
0.0154572 0.0597347 9.99458E-05 9.99458E-05 9.99458E-05 9.99458E-05 0.0219813 9.99458E-05 9.99458E-05 0.902227
0.862685 9.99279E-05 9.99279E-05 9.99279E-05 9.99279E-05 9.99279E-05 9.99279E-05 9.99279E-05 9.99279E-05 0.136516
0.845382 9.99279E-05 9.99279E-05 9.99279E-05 9.99279E-05 9.99279E-05 9.99279E-05 9.99279E-05 9.99279E-05 0.153818
9.9955E-05 9.9955E-05 0.119386 9.9955E-05 9.9955E-05 0.00530061 9.9955E-05 0.687478 0.157905 0.0294312
9.99281E-05 9.99281E-05 9.99281E-05 9.99281E-05 9.99281E-05 9.99281E-05 9.99281E-05 9.99281E-05 0.934527 0.0646735
9.9937E-05 9.9937E-05 9.9937E-05 9.9937E-05 0.0209166 0.91969 0.0586934 9.9937E-05 9.9937E-05 9.9937E-05
0.0257889 9.9946E-05 9.9946E-05 9.9946E-05 0.00214153 0.916947 9.9946E-05 0.054523 9.9946E-05 9.9946E-05
0.0314774 0.733323 9.9937E-05 9.9937E-05 9.9937E-05 9.9937E-05 9.9937E-05 9.9937E-05 0.2345 9.9937E-05
0.381147 0.0590559 0.287652 9.99551E-05 0.0654993 9.99551E-05 9.99551E-05 9.99551E-05 0.206147 9.99551E-05
0.0872808 0.0799619 9.99639E-05 9.99639E-05 0.723495 9.99639E-05 0.0899851 0.0176403 9.99639E-05 0.00123666
9.9937E-05 9.9937E-05 0.0702472 9.9937E-05 0.919231 9.9937E-05 9.9937E-05 9.9937E-05 0.00982235 9.9937E-05
0.504451 0.341388 0.0566496 9.9946E-05 9.9946E-05 9.9946E-05 9.9946E-05 0.0969122 9.9946E-05 9.9946E-05
9.99201E-05 9.99201E-05 9.99201E-05 9.99201E-05 0.999101 9.99201E-05 9.99201E-05 9.99201E-05 9.99201E-05 9.99201E-05
0.124188 0.290311 0.0132718 9.9964E-05 9.9964E-05 9.9964E-05 0.00145813 0.497868 0.072503 9.9964E-05
0.298161 9.99461E-05 0.295315 0.0225968 0.383327 9.99461E-05 9.99461E-05 9.99461E-05 9.99461E-05 9.99461E-05
0.0602512 9.99369E-05 0.0893029 9.99369E-05 0.849746 9.99369E-05 9.99369E-05 9.99369E-05 9.99369E-05 9.99369E-05
9.99281E-05 9.99281E-05 9.99281E-05 9.99281E-05 9.99281E-05 0.983981 0.0152196 9.99281E-05 9.99281E-05 9.99281E-05
9.99201E-05 9.99201E-05 9.99201E-05 9.99201E-05 9.99201E-05 0.999101 9.99201E-05 9.99201E-05 9.99201E-05 9.99201E-05
0.0907843 9.99458E-05 0.0369121 9.99458E-05 9.99458E-05 9.99458E-05 9.99458E-05 0.0663002 0.805404 9.99458E-05
9.9937E-05 9.9937E-05 9.9937E-05 0.0650262 9.9937E-05 0.92601 9.9937E-05 9.9937E-05 0.00826385 9.9937E-05
9.9946E-05 9.9946E-05 9.9946E-05 0.0759971 9.9946E-05 0.882398 9.9946E-05 0.0306068 0.0103982 9.9946E-05
9.99641E-05 9.99641E-05 0.0210316 0.239557 0.00774187 0.66938 0.0189737 9.99641E-05 0.0429159 9.99641E-05
0.0103557 9.9964E-05 0.0557483 0.215942 9.9964E-05 0.641822 0.0295488 9.9964E-05 9.9964E-05 0.0461835
9.99201E-05 9.99201E-05 9.99201E-05 9.99201E-05 9.99201E-05 9.99201E-05 0.999101 9.99201E-05 9.99201E-05 9.99201E-05
9.99371E-05 0.0318644 9.99371E-05 9.99371E-05 9.99371E-05 0.955076 9.99371E-05 9.99371E-05 9.99371E-05 0.0123596
9.99551E-05 9.99551E-05 0.0140761 0.825753 9.99551E-05 0.074664 0.0221419 9.99551E-05 9.99551E-05 0.0628649
0.107607 9.99639E-05 0.17389 0.0201047 9.99639E-05 0.0533749 9.99639E-05 0.030781 0.613843 9.99639E-05
9.99549E-05 9.99549E-05 0.00479456 9.99549E-05 9.99549E-05 0.968009 9.99549E-05 0.00275859 0.0116613 0.0122765
9.9928E-05 9.9928E-05 9.9928E-05 9.9928E-05 9.9928E-05 0.00619391 9.9928E-05 0.993007 9.9928E-05 9.9928E-05
0.627313 9.9964E-05 9.9964E-05 9.9964E-05 0.00480755 0.00734163 0.214675 0.113008 9.9964E-05 0.0324548
0.153743 0.0687409 0.406473 9.99641E-05 0.0600132 0.134401 9.99641E-05 9.99641E-05 0.176229 9.99641E-05
0.311312 0.290719 0.00948469 9.99639E-05 0.00171564 0.120874 9.99639E-05 0.265494 9.99639E-05 9.99639E-05
0.2935 0.295843 0.0231951 9.99729E-05 0.0253056 0.068397 0.0126568 0.280803 9.99729E-05 9.99729E-05
0.928094 0.032436 9.9946E-05 9.9946E-05 9.9946E-05 9.9946E-05 9.9946E-05 0.0283088 0.0105611 9.9946E-05
0.00469489 0.849653 9.9964E-05 9.9964E-05 0.0105112 9.9964E-05 9.9964E-05 0.0308755 0.0747698 0.0290961
0.929268 9.9937E-05 9.9937E-05 9.9937E-05 9.9937E-05 9.9937E-05 9.9937E-05 0.0465165 0.0235162 9.9937E-05
0.46324 0.016976 0.107083 9.9973E-05 0.104986 9.9973E-05 0.0530474 0.0279893 0.226378 9.9973E-05
0.513988 0.162082 0.00315208 9.9973E-05 0.0344291 0.105673 9.9973E-05 0.165452 0.0149236 9.9973E-05
0.419991 9.9964E-05 0.0379268 0.0509086 9.9964E-05 0.0950927 9.9964E-05 0.14595 0.249731 9.9964E-05
9.99285E-05 9.99285E-05 9.99285E-05 9.99285E-05 0.00787104 9.99285E-05 9.99285E-05 0.99133 9.99285E-05 9.99285E-05
9.99201E-05 9.99201E-05 9.99201E-05 0.999101 9.99201E-05 9.99201E-05 9.99201E-05 9.99201E-05 9.99201E-05 9.99201E-05
9.99201E-05 9.99201E-05 9.99201E-05 0.999101 9.99201E-05 9.99201E-05 9.99201E-05 9.99201E-05 9.99201E-05 9.99201E-05
9.99201E-05 9.99201E-05 9.99201E-05 0.999101 9.99201E-05 9.99201E-05 9.99201E-05 9.99201E-05 9.99201E-05 9.99201E-05
9.99281E-05 9.99281E-05 9.99281E-05 0.99609 0.00311052 9.99281E-05 9.99281E-05 9.99281E-05 9.99281E-05 9.99281E-05
9.99201E-05 9.99201E-05 9.99201E-05 0.999101 9.99201E-05 9.99201E-05 9.99201E-05 9.99201E-05 9.99201E-05 9.99201E-05
0.0515343 0.0315478 0.0312455 0.498075 0.0257113 0.165213 0.063511 9.99821E-05 9.99821E-05 0.132962
9.9946E-05 0.00919238 9.9946E-05 0.930279 9.9946E-05 9.9946E-05 0.0487917 0.0111376 9.9946E-05 9.9946E-05
9.99369E-05 0.161379 9.99369E-05 9.99369E-05 9.99369E-05 9.99369E-05 9.99369E-05 0.786997 0.0509244 9.99369E-05
9.99459E-05 0.0119449 9.99459E-05 0.0507721 9.99459E-05 9.99459E-05 0.90856 9.99459E-05 9.99459E-05 0.0281235
0.00954734 9.99459E-05 0.00545557 9.99459E-05 9.99459E-05 0.981063 9.99459E-05 0.00333401 9.99459E-05 9.99459E-05
9.9946E-05 0.138023 0.00228691 9.9946E-05 9.9946E-05 9.9946E-05 9.9946E-05 0.0380124 0.821078 9.9946E-05
9.99371E-05 0.8882 9.99371E-05 9.99371E-05 9.99371E-05 9.99371E-05 9.99371E-05 0.003972 0.107128 9.99371E-05
9.99281E-05 9.99281E-05 9.99281E-05 9.99281E-05 9.99281E-05 9.99281E-05 9.99281E-05 9.99281E-05 0.929873 0.0693276
0.108639 9.99369E-05 9.99369E-05 9.99369E-05 9.99369E-05 9.99369E-05 0.0019177 9.99369E-05 0.888743 9.99369E-05
0.115085 9.99369E-05 0.0377868 9.99369E-05 9.99369E-05 9.99369E-05 9.99369E-05 9.99369E-05 0.846429 9.99369E-05
0.00542091 9.99371E-05 9.99371E-05 9.99371E-05 0.897479 9.99371E-05 9.99371E-05 0.0964008 9.99371E-05 9.99371E-05
9.99283E-05 0.00292271 9.99283E-05 9.99283E-05 9.99283E-05 0.996278 9.99283E-05 9.99283E-05 9.99283E-05 9.99283E-05
0.0556092 0.099428 0.123708 0.166424 0.008867 0.209925 0.0751487 0.042795 0.198353 0.0197426
9.99552E-05 0.00912768 9.99552E-05 0.00191259 9.99552E-05 0.964049 9.99552E-05 9.99552E-05 0.0153746 0.00903641
9.9946E-05 9.9946E-05 9.9946E-05 0.0102343 9.9946E-05 0.949275 9.9946E-05 0.0287122 9.9946E-05 0.0111784
9.9946E-05 0.0468479 9.9946E-05 0.0313497 9.9946E-05 0.914648 9.9946E-05 9.9946E-05 9.9946E-05 0.00655483
9.9964E-05 0.0389703 9.9964E-05 0.0134034 0.00397927 0.910783 0.0214614 0.0110032 9.9964E-05 9.9964E-05
0.0458762 9.99461E-05 9.99461E-05 9.99461E-05 9.99461E-05 0.890984 0.0363163 0.026224 9.99461E-05 9.99461E-05
9.9937E-05 9.9937E-05 0.00698947 0.000125142 9.9937E-05 0.992186 9.9937E-05 9.9937E-05 9.9937E-05 9.9937E-05
9.99372E-05 9.99372E-05 9.99372E-05 0.299173 9.99372E-05 0.415264 9.99372E-05 9.99372E-05 9.99372E-05 0.284863
9.99372E-05 9.99372E-05 9.99372E-05 0.0931975 9.99372E-05 0.427582 9.99372E-05 9.99372E-05 9.99372E-05 0.478521
0.0196497 0.0241391 9.99371E-05 9.99371E-05 9.99371E-05 0.955512 9.99371E-05 9.99371E-05 9.99371E-05 9.99371E-05
9.99369E-05 0.965384 9.99369E-05 0.0307236 9.99369E-05 0.00319321 9.99369E-05 9.99369E-05 9.99369E-05 9.99369E-05
9.99279E-05 0.986574 9.99279E-05 0.0126263 9.99279E-05 9.99279E-05 9.99279E-05 9.99279E-05 9.99279E-05 9.99279E-05
9.9928E-05 9.9928E-05 0.991117 9.9928E-05 9.9928E-05 9.9928E-05 0.008084 9.9928E-05 9.9928E-05 9.9928E-05
9.99201E-05 9.99201E-05 0.999101 9.99201E-05 9.99201E-05 9.99201E-05 9.99201E-05 9.99201E-05 9.99201E-05 9.99201E-05
0.811892 0.105657 9.99369E-05 9.99369E-05 9.99369E-05 9.99369E-05 0.0817509 9.99369E-05 9.99369E-05 9.99369E-05
0.73156 0.127611 9.99639E-05 9.99639E-05 9.99639E-05 9.99639E-05 0.0842389 0.0303729 0.025118 0.000699743
9.9937E-05 9.9937E-05 0.994338 9.9937E-05 9.9937E-05 9.9937E-05 0.00250073 9.9937E-05 9.9937E-05 0.00246221
9.99201E-05 9.99201E-05 0.999101 9.99201E-05 9.99201E-05 9.99201E-05 9.99201E-05 9.99201E-05 9.99201E-05 9.99201E-05
9.99369E-05 9.99369E-05 9.99369E-05 0.016365 9.99369E-05 9.99369E-05 9.99369E-05 0.948264 0.0346718 9.99369E-05
0.185619 0.468747 9.9973E-05 9.9973E-05 0.0647723 9.9973E-05 0.049233 0.0161327 0.123977 0.0912188
9.9946E-05 9.9946E-05 9.9946E-05 0.0537838 9.9946E-05 9.9946E-05 0.889462 9.9946E-05 0.0176306 0.0385239
0.304365 9.99552E-05 0.207622 9.99552E-05 0.0847975 0.0671783 9.99552E-05 9.99552E-05 0.335537 9.99552E-05
9.995E-05 0.0530634 0.281254 9.995E-05 0.0735577 9.995E-05 9.995E-05 0.128915 0.46271 9.995E-05
9.99552E-05 9.99552E-05 0.0536066 0.253726 0.0251223 0.546329 9.99552E-05 9.99552E-05 9.99552E-05 0.120716
