9.99369E-05 0.0401357 9.99369E-05 0.0438163 9.99369E-05 9.99369E-05 0.915348 9.99369E-05 9.99369E-05 9.99369E-05
9.99549E-05 0.00666674 9.99549E-05 0.0439147 9.99549E-05 0.145984 0.113463 9.99549E-05 0.689471 9.99549E-05
0.206794 9.99554E-05 0.120716 0.0272527 0.00957375 0.635163 9.99554E-05 9.99554E-05 9.99554E-05 9.99554E-05
9.9946E-05 9.9946E-05 9.9946E-05 0.030959 9.9946E-05 0.927425 9.9946E-05 0.0269739 9.9946E-05 0.0140427
0.175197 0.130213 9.99731E-05 9.99731E-05 9.99731E-05 0.306186 0.0109272 0.00893291 0.30979 0.0584543
9.9928E-05 9.9928E-05 9.9928E-05 9.9928E-05 9.9928E-05 0.944321 9.9928E-05 9.9928E-05 9.9928E-05 0.0548797
0.0038546 9.99372E-05 0.352884 9.99372E-05 9.99372E-05 9.99372E-05 9.99372E-05 9.99372E-05 0.642562 9.99372E-05
0.745743 0.10062 9.99639E-05 0.00372513 9.99639E-05 0.0302827 9.99639E-05 0.0673527 0.0518767 9.99639E-05
9.99371E-05 0.0391256 0.216975 9.99371E-05 9.99371E-05 9.99371E-05 9.99371E-05 9.99371E-05 0.7432 9.99371E-05
0.0249597 0.974241 9.99282E-05 9.99282E-05 9.99282E-05 9.99282E-05 9.99282E-05 9.99282E-05 9.99282E-05 9.99282E-05
9.99201E-05 0.999101 9.99201E-05 9.99201E-05 9.99201E-05 9.99201E-05 9.99201E-05 9.99201E-05 9.99201E-05 9.99201E-05
9.9946E-05 9.9946E-05 0.169554 0.109604 9.9946E-05 0.0321971 0.688045 9.9946E-05 9.9946E-05 9.9946E-05
0.0657403 9.99281E-05 0.93346 9.99281E-05 9.99281E-05 9.99281E-05 9.99281E-05 9.99281E-05 9.99281E-05 9.99281E-05
9.99371E-05 9.99371E-05 9.99371E-05 9.99371E-05 9.99371E-05 0.922409 0.0167369 9.99371E-05 9.99371E-05 0.0601546
9.99371E-05 9.99371E-05 9.99371E-05 9.99371E-05 0.0192927 0.939898 0.0401092 9.99371E-05 9.99371E-05 9.99371E-05
9.9973E-05 0.463734 0.329005 9.9973E-05 9.9973E-05 0.0101355 0.108567 0.00650959 0.0418795 0.0398691
9.99279E-05 0.150994 9.99279E-05 9.99279E-05 9.99279E-05 9.99279E-05 9.99279E-05 9.99279E-05 9.99279E-05 0.848207
9.99549E-05 0.190706 9.99549E-05 9.99549E-05 0.699913 9.99549E-05 0.0596393 0.0318872 0.0173551 9.99549E-05
9.9928E-05 9.9928E-05 9.9928E-05 0.0845541 0.914646 9.9928E-05 9.9928E-05 9.9928E-05 9.9928E-05 9.9928E-05
9.994E-05 0.700854 9.994E-05 0.0164904 9.994E-05 9.994E-05 0.110408 9.994E-05 9.994E-05 0.171648
9.99201E-05 9.99201E-05 9.99201E-05 9.99201E-05 0.999101 9.99201E-05 9.99201E-05 9.99201E-05 9.99201E-05 9.99201E-05
9.99549E-05 0.288681 0.10943 9.99549E-05 9.99549E-05 0.0195575 0.487886 9.99549E-05 9.99549E-05 0.0939466
9.9964E-05 0.12148 9.9964E-05 0.210146 0.365667 0.00396193 9.9964E-05 9.9964E-05 0.01263 0.285716
9.99369E-05 9.99369E-05 9.99369E-05 0.0391149 0.876779 9.99369E-05 9.99369E-05 9.99369E-05 9.99369E-05 0.0834069
9.99282E-05 9.99282E-05 9.99282E-05 9.99282E-05 9.99282E-05 0.973124 9.99282E-05 0.0260769 9.99282E-05 9.99282E-05
9.99201E-05 9.99201E-05 9.99201E-05 9.99201E-05 9.99201E-05 0.999101 9.99201E-05 9.99201E-05 9.99201E-05 9.99201E-05
9.99549E-05 0.046938 0.768424 0.0619148 9.99549E-05 9.99549E-05 0.0625851 9.99549E-05 9.99549E-05 0.0596384
9.9937E-05 9.9937E-05 0.0099091 9.9937E-05 9.9937E-05 0.913393 9.9937E-05 0.0759979 9.9937E-05 9.9937E-05
9.9946E-05 9.9946E-05 0.0133149 9.9946E-05 9.9946E-05 0.860532 9.9946E-05 0.106588 0.0189652 9.9946E-05
0.257585 9.99731E-05 0.00797056 9.99731E-05 0.0252096 0.513188 0.0245757 0.164756 9.99731E-05 0.00641555
0.638639 9.99549E-05 9.99549E-05 0.0341735 9.99549E-05 0.283296 9.99549E-05 0.00468913 9.99549E-05 0.0387032
9.99281E-05 9.99281E-05 9.99281E-05 9.99281E-05 9.99281E-05 9.99281E-05 9.99281E-05 0.013453 0.985748 9.99281E-05
0.237685 9.99371E-05 9.99371E-05 9.99371E-05 9.99371E-05 0.747921 9.99371E-05 9.99371E-05 9.99371E-05 0.0136949
0.24059 0.0100801 9.99461E-05 9.99461E-05 9.99461E-05 9.99461E-05 9.99461E-05 0.730797 0.0179333 9.99461E-05
0.0292521 9.99638E-05 0.436635 0.0767571 9.99638E-05 0.00263176 0.068593 9.99638E-05 9.99638E-05 0.385731
0.093809 9.99369E-05 9.99369E-05 9.99369E-05 9.99369E-05 0.874529 9.99369E-05 9.99369E-05 9.99369E-05 0.0309626
9.9928E-05 9.9928E-05 9.9928E-05 9.9928E-05 9.9928E-05 9.9928E-05 0.936793 9.9928E-05 9.9928E-05 0.0624078
0.0360065 0.653482 9.99549E-05 9.99549E-05 0.0341287 9.99549E-05 0.105133 9.99549E-05 0.170751 9.99549E-05
0.0414618 9.99459E-05 9.99459E-05 0.0192082 9.99459E-05 9.99459E-05 9.99459E-05 9.99459E-05 0.051645 0.887085
9.99459E-05 0.561505 9.99459E-05 9.99459E-05 9.99459E-05 0.110871 0.211466 9.99459E-05 9.99459E-05 0.115558
9.99549E-05 0.564951 9.99549E-05 0.0220877 9.99549E-05 0.106611 0.25614 9.99549E-05 9.99549E-05 0.0497105
9.9928E-05 0.955205 9.9928E-05 9.9928E-05 9.9928E-05 9.9928E-05 9.9928E-05 9.9928E-05 9.9928E-05 0.0439952
9.99459E-05 0.48131 0.277634 9.99459E-05 9.99459E-05 9.99459E-05 0.0959004 9.99459E-05 0.144555 9.99459E-05
9.9928E-05 0.895054 9.9928E-05 9.9928E-05 9.9928E-05 9.9928E-05 9.9928E-05 9.9928E-05 9.9928E-05 0.104147
9.9982E-05 0.475496 0.154634 0.0874191 0.0961086 9.9982E-05 0.0298579 0.00329187 0.0568218 0.0961705
0.0217656 0.601452 0.000391066 9.9973E-05 0.0234586 0.0487901 0.153439 9.9973E-05 9.9973E-05 0.150404
9.9973E-05 0.11995 0.0822482 9.9973E-05 9.9973E-05 0.0528781 0.189634 0.0694587 0.0271234 0.458408
9.99285E-05 9.99285E-05 9.99285E-05 9.99285E-05 0.00835072 9.99285E-05 0.99085 9.99285E-05 9.99285E-05 9.99285E-05
9.9928E-05 0.00999768 9.9928E-05 9.9928E-05 9.9928E-05 9.9928E-05 9.9928E-05 0.989203 9.9928E-05 9.9928E-05
9.99201E-05 9.99201E-05 9.99201E-05 9.99201E-05 9.99201E-05 9.99201E-05 9.99201E-05 0.999101 9.99201E-05 9.99201E-05
9.99201E-05 9.99201E-05 9.99201E-05 9.99201E-05 9.99201E-05 9.99201E-05 9.99201E-05 0.999101 9.99201E-05 9.99201E-05
9.99201E-05 9.99201E-05 9.99201E-05 9.99201E-05 9.99201E-05 9.99201E-05 9.99201E-05 0.999101 9.99201E-05 9.99201E-05
9.99201E-05 9.99201E-05 9.99201E-05 9.99201E-05 9.99201E-05 9.99201E-05 9.99201E-05 0.999101 9.99201E-05 9.99201E-05
0.32838 0.0193629 0.0173648 9.99731E-05 0.0344256 0.0434229 9.99731E-05 0.369448 0.187297 9.99731E-05
9.99371E-05 9.99371E-05 9.99371E-05 9.99371E-05 9.99371E-05 9.99371E-05 0.00336067 0.94191 0.0540299 9.99371E-05
9.99369E-05 0.0425082 0.0730494 9.99369E-05 9.99369E-05 9.99369E-05 0.883743 9.99369E-05 9.99369E-05 9.99369E-05
9.99458E-05 9.99458E-05 9.99458E-05 0.0282814 9.99458E-05 9.99458E-05 0.0397493 0.0509153 0.880454 9.99458E-05
0.0139014 9.99369E-05 9.99369E-05 9.99369E-05 9.99369E-05 0.959841 9.99369E-05 9.99369E-05 9.99369E-05 0.0255582
9.994E-05 9.994E-05 0.850387 0.059437 9.994E-05 9.994E-05 0.0848449 0.0047312 9.994E-05 9.994E-05
9.99551E-05 0.425565 0.324992 0.00338108 9.99551E-05 0.0639802 0.181582 9.99551E-05 9.99551E-05 9.99551E-05
9.99201E-05 9.99201E-05 0.999101 9.99201E-05 9.99201E-05 9.99201E-05 9.99201E-05 9.99201E-05 9.99201E-05 9.99201E-05
9.99459E-05 0.0405172 0.927446 9.99459E-05 9.99459E-05 9.99459E-05 0.0274816 9.99459E-05 9.99459E-05 0.00395605
9.99459E-05 0.0232961 0.833703 0.0676401 9.99459E-05 9.99459E-05 9.99459E-05 9.99459E-05 9.99459E-05 0.0747615
9.99372E-05 9.99372E-05 9.99372E-05 9.99372E-05 0.896361 9.99372E-05 0.0942937 0.00864582 9.99372E-05 9.99372E-05
9.99283E-05 9.99283E-05 9.99283E-05 0.0114838 9.99283E-05 0.987717 9.99283E-05 9.99283E-05 9.99283E-05 9.99283E-05
0.14473 0.0545183 0.0171679 0.159341 0.042425 0.127902 0.303112 0.150604 9.9982E-05 9.9982E-05
0.0358763 9.99462E-05 0.024407 9.99462E-05 9.99462E-05 0.928577 9.99462E-05 0.0105401 9.99462E-05 9.99462E-05
0.0234005 9.9955E-05 9.9955E-05 9.9955E-05 9.9955E-05 0.903227 0.0130902 0.00581195 9.9955E-05 0.0539709
0.0586499 9.9955E-05 0.0208055 9.9955E-05 9.9955E-05 0.82299 9.9955E-05 0.0608881 0.0361665 9.9955E-05
9.99371E-05 9.99371E-05 9.99371E-05 9.99371E-05 9.99371E-05 0.900917 9.99371E-05 0.0443409 0.0540428 9.99371E-05
0.129972 0.0506828 9.99641E-05 0.0157192 9.99641E-05 0.775288 0.0210659 9.99641E-05 9.99641E-05 0.00687171
0.020866 9.99369E-05 9.99369E-05 9.99369E-05 9.99369E-05 0.951671 9.99369E-05 9.99369E-05 9.99369E-05 0.0267635
0.999101 9.99201E-05 9.99201E-05 9.99201E-05 9.99201E-05 9.99201E-05 9.99201E-05 9.99201E-05 9.99201E-05 9.99201E-05
0.946354 9.9928E-05 0.0528464 9.9928E-05 9.9928E-05 9.9928E-05 9.9928E-05 9.9928E-05 9.9928E-05 9.9928E-05
9.99551E-05 0.01807 0.00840033 0.0143725 9.99551E-05 0.91504 9.99551E-05 0.0436174 9.99551E-05 9.99551E-05
9.99639E-05 0.611025 0.116193 0.0136802 9.99639E-05 0.0849327 0.0429005 9.99639E-05 0.130869 9.99639E-05
9.9973E-05 0.591702 0.175616 0.0170749 9.9973E-05 0.0512867 0.0133671 0.0318246 0.118829 9.9973E-05
9.99281E-05 9.99281E-05 9.99281E-05 0.994343 9.99281E-05 9.99281E-05 0.00485738 9.99281E-05 9.99281E-05 9.99281E-05
9.99201E-05 9.99201E-05 9.99201E-05 0.999101 9.99201E-05 9.99201E-05 9.99201E-05 9.99201E-05 9.99201E-05 9.99201E-05
9.9955E-05 0.901491 0.0282292 9.9955E-05 9.9955E-05 9.9955E-05 0.0293516 0.00210629 0.0383218 9.9955E-05
9.9955E-05 0.921936 0.0496253 9.9955E-05 0.0111079 9.9955E-05 9.9955E-05 0.00937432 0.00745691 9.9955E-05
0.00951076 0.0171905 9.99371E-05 0.972599 9.99371E-05 9.99371E-05 9.99371E-05 9.99371E-05 9.99371E-05 9.99371E-05
9.99201E-05 9.99201E-05 9.99201E-05 0.999101 9.99201E-05 9.99201E-05 9.99201E-05 9.99201E-05 9.99201E-05 9.99201E-05
9.99279E-05 9.99279E-05 0.047295 9.99279E-05 9.99279E-05 9.99279E-05 0.951906 9.99279E-05 9.99279E-05 9.99279E-05
9.99549E-05 0.475322 0.261624 9.99549E-05 0.0645086 9.99549E-05 0.0490843 9.99549E-05 0.148962 9.99549E-05
9.99279E-05 9.99279E-05 9.99279E-05 9.99279E-05 9.99279E-05 9.99279E-05 9.99279E-05 0.0602407 0.93896 9.99279E-05
9.99552E-05 0.0260093 0.022624 9.99552E-05 0.0106082 9.99552E-05 9.99552E-05 9.99552E-05 0.0301624 0.910096
9.99461E-05 9.99461E-05 0.12778 0.0394852 9.99461E-05 9.99461E-05 0.0936657 9.99461E-05 9.99461E-05 0.738469
0.714928 9.9955E-05 9.9955E-05 0.0340121 0.0442309 0.180697 9.9955E-05 0.0256315 9.9955E-05 9.9955E-05
