9.99008E-05 9.99008E-05 9.99008E-05 0.0425013 0.0222985 9.99008E-05 9.99008E-05 9.99008E-05 9.99008E-05 9.99008E-05 9.99008E-05 9.99008E-05 0.934101 9.99008E-05
9.9919E-05 0.0628995 9.9919E-05 9.9919E-05 9.9919E-05 9.9919E-05 0.0157833 9.9919E-05 0.79717 9.9919E-05 9.9919E-05 0.10928 0.0139681 9.9919E-05
9.99287E-05 0.688176 0.169361 9.99287E-05 0.00808356 0.0588755 9.99287E-05 9.99287E-05 0.0197317 0.0549729 9.99287E-05 9.99287E-05 9.99287E-05 9.99287E-05
0.0112809 0.936242 9.99191E-05 0.00310879 0.0363034 9.99191E-05 9.99191E-05 9.99191E-05 9.99191E-05 9.99191E-05 9.99191E-05 0.0121657 9.99191E-05 9.99191E-05
0.0981079 0.327045 0.10375 0.0990074 9.99461E-05 9.99461E-05 9.99461E-05 9.99461E-05 0.136945 9.99461E-05 0.164427 0.0437491 0.0263691 9.99461E-05
9.99101E-05 0.959431 0.00817879 9.99101E-05 9.99101E-05 9.99101E-05 9.99101E-05 0.00399822 9.99101E-05 9.99101E-05 9.99101E-05 0.0273924 9.99101E-05 9.99101E-05
9.98831E-05 9.98831E-05 9.98831E-05 9.98831E-05 9.98831E-05 9.98831E-05 9.98831E-05 9.98831E-05 9.98831E-05 9.98831E-05 0.998702 9.98831E-05 9.98831E-05 9.98831E-05
0.0583301 0.0193885 0.73448 0.0896023 0.0125935 9.99279E-05 9.99279E-05 9.99279E-05 0.0848061 9.99279E-05 9.99279E-05 9.99279E-05 9.99279E-05 9.99279E-05
0.0139632 9.9901E-05 9.9901E-05 9.9901E-05 9.9901E-05 9.9901E-05 9.9901E-05 9.9901E-05 0.043368 9.9901E-05 0.94157 9.9901E-05 9.9901E-05 9.9901E-05
9.98921E-05 9.98921E-05 9.98921E-05 0.8419 9.98921E-05 9.98921E-05 9.98921E-05 9.98921E-05 9.98921E-05 9.98921E-05 0.156902 9.98921E-05 9.98921E-05 9.98921E-05
9.9892E-05 9.9892E-05 9.9892E-05 0.84085 9.9892E-05 9.9892E-05 9.9892E-05 9.9892E-05 9.9892E-05 9.9892E-05 0.157952 9.9892E-05 9.9892E-05 9.9892E-05
9.9928E-05 0.0156569 9.9928E-05 9.9928E-05 0.123899 0.0178822 9.9928E-05 9.9928E-05 9.9928E-05 0.16565 0.00619029 9.9928E-05 0.669923 9.9928E-05
9.99013E-05 0.00176456 9.99013E-05 9.99013E-05 9.99013E-05 9.99013E-05 9.99013E-05 9.99013E-05 9.99013E-05 0.967283 0.0298535 9.99013E-05 9.99013E-05 9.99013E-05
9.9919E-05 0.88967 9.9919E-05 9.9919E-05 9.9919E-05 0.0149422 9.9919E-05 0.0122672 0.00625555 9.9919E-05 9.9919E-05 0.0759653 9.9919E-05 9.9919E-05
9.99101E-05 0.938417 9.99101E-05 0.000712053 9.99101E-05 0.0354788 9.99101E-05 9.99101E-05 9.99101E-05 9.99101E-05 9.99101E-05 9.99101E-05 0.0243934 9.99101E-05
9.99011E-05 9.99011E-05 9.99011E-05 0.0459203 9.99011E-05 9.99011E-05 0.790447 9.99011E-05 9.99011E-05 0.162534 9.99011E-05 9.99011E-05 9.99011E-05 9.99011E-05
9.99008E-05 9.99008E-05 9.99008E-05 0.156626 9.99008E-05 9.99008E-05 9.99008E-05 9.99008E-05 9.99008E-05 9.99008E-05 9.99008E-05 0.831611 9.99008E-05 0.0106643
0.018052 9.99188E-05 9.99188E-05 0.0695623 9.99188E-05 0.84275 0.0495542 9.99188E-05 0.0191824 9.99188E-05 9.99188E-05 9.99188E-05 9.99188E-05 9.99188E-05
9.98921E-05 9.98921E-05 9.98921E-05 9.98921E-05 9.98921E-05 9.98921E-05 9.98921E-05 0.139263 9.98921E-05 9.98921E-05 9.98921E-05 9.98921E-05 9.98921E-05 0.859538
9.99189E-05 9.99189E-05 9.99189E-05 0.476971 0.0328894 9.99189E-05 0.322833 9.99189E-05 9.99189E-05 9.99189E-05 9.99189E-05 0.0745277 0.0918799 9.99189E-05
9.9892E-05 9.9892E-05 9.9892E-05 9.9892E-05 9.9892E-05 0.974626 9.9892E-05 0.0241751 9.9892E-05 9.9892E-05 9.9892E-05 9.9892E-05 9.9892E-05 9.9892E-05
9.9933E-05 9.9933E-05 9.9933E-05 0.0861 9.9933E-05 9.9933E-05 0.286764 9.9933E-05 0.0165251 0.0519269 9.9933E-05 0.0736795 0.484205 9.9933E-05
0.00482733 9.99279E-05 0.0335309 0.223449 0.143919 9.99279E-05 9.99279E-05 9.99279E-05 9.99279E-05 9.99279E-05 9.99279E-05 0.0685684 9.99279E-05 0.524906
9.98828E-05 9.98828E-05 9.98828E-05 9.98828E-05 9.98828E-05 9.98828E-05 9.98828E-05 9.98828E-05 9.98828E-05 9.98828E-05 9.98828E-05 9.98828E-05 9.98828E-05 0.998702
9.99012E-05 0.966544 0.0291123 9.99012E-05 0.00324511 9.99012E-05 9.99012E-05 9.99012E-05 9.99012E-05 9.99012E-05 9.99012E-05 9.99012E-05 9.99012E-05 9.99012E-05
0.00840133 0.9904 9.98922E-05 9.98922E-05 9.98922E-05 9.98922E-05 9.98922E-05 9.98922E-05 9.98922E-05 9.98922E-05 9.98922E-05 9.98922E-05 9.98922E-05 9.98922E-05
9.99188E-05 9.99188E-05 9.99188E-05 0.10763 0.0479479 9.99188E-05 9.99188E-05 9.99188E-05 9.99188E-05 0.784714 9.99188E-05 0.0130534 0.0457555 9.99188E-05
0.0447269 0.916714 9.991E-05 9.991E-05 9.991E-05 9.991E-05 9.991E-05 9.991E-05 0.0100707 9.991E-05 0.0274896 9.991E-05 9.991E-05 9.991E-05
0.0576737 0.921523 9.99101E-05 9.99101E-05 9.99101E-05 9.99101E-05 9.99101E-05 9.99101E-05 0.00951001 0.0102941 9.99101E-05 9.99101E-05 9.99101E-05 9.99101E-05
0.110937 0.511855 0.296035 9.99371E-05 0.000557167 9.99371E-05 9.99371E-05 0.0497588 0.00912524 0.0210322 9.99371E-05 9.99371E-05 9.99371E-05 9.99371E-05
0.0467049 0.240727 0.684046 9.99099E-05 0.0275232 9.99099E-05 9.99099E-05 9.99099E-05 9.99099E-05 9.99099E-05 9.99099E-05 9.99099E-05 9.99099E-05 9.99099E-05
9.98833E-05 9.98833E-05 9.98833E-05 9.98833E-05 9.98833E-05 9.98833E-05 9.98833E-05 9.98833E-05 0.998702 9.98833E-05 9.98833E-05 9.98833E-05 9.98833E-05 9.98833E-05
9.99012E-05 0.81286 0.168836 9.99012E-05 9.99012E-05 9.99012E-05 0.0172053 9.99012E-05 9.99012E-05 9.99012E-05 9.99012E-05 9.99012E-05 9.99012E-05 9.99012E-05
0.705314 9.98923E-05 0.293487 9.98923E-05 9.98923E-05 9.98923E-05 9.98923E-05 9.98923E-05 9.98923E-05 9.98923E-05 9.98923E-05 9.98923E-05 9.98923E-05 9.98923E-05
9.99187E-05 9.99187E-05 0.0522033 0.0502782 0.0817075 9.99187E-05 9.99187E-05 9.99187E-05 9.99187E-05 0.483122 9.99187E-05 0.33179 9.99187E-05 9.99187E-05
9.99279E-05 0.922465 0.0272057 9.99279E-05 9.99279E-05 9.99279E-05 0.00184905 9.99279E-05 9.99279E-05 9.99279E-05 0.0181733 0.023658 0.00584949 9.99279E-05
9.9901E-05 9.9901E-05 0.0452931 9.9901E-05 9.9901E-05 9.9901E-05 9.9901E-05 9.9901E-05 9.9901E-05 9.9901E-05 9.9901E-05 0.0395207 0.914087 9.9901E-05
9.9928E-05 9.9928E-05 0.00216564 0.680693 9.9928E-05 9.9928E-05 9.9928E-05 0.0163624 0.220663 0.0105305 9.9928E-05 9.9928E-05 0.0687861 9.9928E-05
9.98829E-05 9.98829E-05 9.98829E-05 9.98829E-05 9.98829E-05 9.98829E-05 9.98829E-05 9.98829E-05 9.98829E-05 9.98829E-05 9.98829E-05 0.998702 9.98829E-05 9.98829E-05
9.99278E-05 0.0621007 9.99278E-05 0.201584 9.99278E-05 9.99278E-05 0.325428 0.0212704 9.99278E-05 9.99278E-05 9.99278E-05 0.181688 0.20713 9.99278E-05
9.99458E-05 0.00897615 9.99458E-05 0.260295 9.99458E-05 0.000254987 0.282818 0.0207279 0.068275 9.99458E-05 9.99458E-05 0.141287 0.216766 9.99458E-05
9.991E-05 9.991E-05 9.991E-05 0.94495 9.991E-05 9.991E-05 0.0318967 9.991E-05 9.991E-05 9.991E-05 9.991E-05 0.0175671 0.00458696 9.991E-05
9.9919E-05 9.9919E-05 9.9919E-05 9.9919E-05 9.9919E-05 9.9919E-05 0.855613 9.9919E-05 9.9919E-05 0.0323977 0.0954789 9.9919E-05 0.00751567 0.0080953
9.9919E-05 9.9919E-05 9.9919E-05 0.923057 0.00415934 9.9919E-05 9.9919E-05 9.9919E-05 9.9919E-05 0.0159402 9.9919E-05 0.0347149 0.0212288 9.9919E-05
9.99369E-05 9.99369E-05 9.99369E-05 0.41397 0.0266214 9.99369E-05 0.0783322 9.99369E-05 0.0708505 0.157677 9.99369E-05 9.99369E-05 0.0587646 0.193085
9.99459E-05 0.0451053 9.99459E-05 0.442344 0.00545656 9.99459E-05 0.121746 0.105773 0.0645929 0.0752193 9.99459E-05 9.99459E-05 0.139164 9.99459E-05
0.0273072 0.0729745 9.9946E-05 0.295202 9.9946E-05 9.9946E-05 9.9946E-05 0.00527213 9.9946E-05 0.127343 0.00725308 0.262216 0.201831 9.9946E-05
9.98838E-05 9.98838E-05 9.98838E-05 9.98838E-05 9.98838E-05 9.98838E-05 9.98838E-05 9.98838E-05 9.98838E-05 9.98838E-05 9.98838E-05 9.98838E-05 0.998702 9.98838E-05
0.998702 9.98831E-05 9.98831E-05 9.98831E-05 9.98831E-05 9.98831E-05 9.98831E-05 9.98831E-05 9.98831E-05 9.98831E-05 9.98831E-05 9.98831E-05 9.98831E-05 9.98831E-05
0.979415 9.99191E-05 9.99191E-05 9.99191E-05 9.99191E-05 0.00171131 9.99191E-05 9.99191E-05 9.99191E-05 9.99191E-05 9.99191E-05 0.0049478 0.00502104 0.00800531
0.998702 9.98832E-05 9.98832E-05 9.98832E-05 9.98832E-05 9.98832E-05 9.98832E-05 9.98832E-05 9.98832E-05 9.98832E-05 9.98832E-05 9.98832E-05 9.98832E-05 9.98832E-05
0.998702 9.98832E-05 9.98832E-05 9.98832E-05 9.98832E-05 9.98832E-05 9.98832E-05 9.98832E-05 9.98832E-05 9.98832E-05 9.98832E-05 9.98832E-05 9.98832E-05 9.98832E-05
0.998702 9.98832E-05 9.98832E-05 9.98832E-05 9.98832E-05 9.98832E-05 9.98832E-05 9.98832E-05 9.98832E-05 9.98832E-05 9.98832E-05 9.98832E-05 9.98832E-05 9.98832E-05
0.350794 0.157751 0.327852 9.99282E-05 9.99282E-05 9.99282E-05 0.103652 9.99282E-05 9.99282E-05 9.99282E-05 0.0256091 9.99282E-05 9.99282E-05 0.0335427
0.928555 9.99101E-05 9.99101E-05 9.99101E-05 0.00289789 9.99101E-05 9.99101E-05 9.99101E-05 0.0663393 9.99101E-05 9.99101E-05 9.99101E-05 0.00120835 9.99101E-05
9.99099E-05 9.99099E-05 9.99099E-05 9.99099E-05 9.99099E-05 9.99099E-05 0.153402 9.99099E-05 9.99099E-05 0.0446311 0.00209717 9.99099E-05 0.798871 9.99099E-05
0.0555991 9.99009E-05 9.99009E-05 9.99009E-05 9.99009E-05 9.99009E-05 9.99009E-05 9.99009E-05 0.892898 9.99009E-05 0.0504036 9.99009E-05 9.99009E-05 9.99009E-05
9.99009E-05 0.944112 9.99009E-05 9.99009E-05 9.99009E-05 9.99009E-05 9.99009E-05 9.99009E-05 0.00562135 9.99009E-05 9.99009E-05 0.0491682 9.99009E-05 9.99009E-05
9.9919E-05 9.9919E-05 9.9919E-05 9.9919E-05 0.0127678 0.00522795 0.150322 9.9919E-05 9.9919E-05 0.816422 9.9919E-05 9.9919E-05 0.0143614 9.9919E-05
9.98924E-05 9.98924E-05 9.98924E-05 9.98924E-05 9.98924E-05 9.98924E-05 0.933283 9.98924E-05 9.98924E-05 0.0655178 9.98924E-05 9.98924E-05 9.98924E-05 9.98924E-05
9.99014E-05 9.99014E-05 0.0040694 9.99014E-05 9.99014E-05 9.99014E-05 9.99014E-05 9.99014E-05 9.99014E-05 0.990623 0.00420879 9.99014E-05 9.99014E-05 9.99014E-05
9.98919E-05 9.98919E-05 9.98919E-05 0.092406 9.98919E-05 9.98919E-05 9.98919E-05 9.98919E-05 9.98919E-05 0.906395 9.98919E-05 9.98919E-05 9.98919E-05 9.98919E-05
9.99098E-05 9.99098E-05 9.99098E-05 0.144248 0.0516 9.99098E-05 9.99098E-05 9.99098E-05 9.99098E-05 0.798121 9.99098E-05 9.99098E-05 9.99098E-05 0.00503243
9.9883E-05 9.9883E-05 9.9883E-05 9.9883E-05 9.9883E-05 9.9883E-05 9.9883E-05 0.998702 9.9883E-05 9.9883E-05 9.9883E-05 9.9883E-05 9.9883E-05 9.9883E-05
9.98836E-05 0.998702 9.98836E-05 9.98836E-05 9.98836E-05 9.98836E-05 9.98836E-05 9.98836E-05 9.98836E-05 9.98836E-05 9.98836E-05 9.98836E-05 9.98836E-05 9.98836E-05
0.0384778 0.126869 0.242906 0.117136 0.0359783 0.0139227 0.074045 9.9964E-05 9.9964E-05 0.00676264 9.9964E-05 9.9964E-05 0.284554 0.0589486
9.99015E-05 0.946399 0.0250748 9.99015E-05 9.99015E-05 9.99015E-05 0.0274277 9.99015E-05 9.99015E-05 9.99015E-05 9.99015E-05 9.99015E-05 9.99015E-05 9.99015E-05
0.0491205 0.886689 9.991E-05 9.991E-05 9.991E-05 9.991E-05 9.991E-05 9.991E-05 9.991E-05 9.991E-05 0.00326641 0.0599251 9.991E-05 9.991E-05
0.0498633 0.920645 0.00578831 9.9919E-05 9.9919E-05 9.9919E-05 0.00839136 9.9919E-05 9.9919E-05 9.9919E-05 0.0144131 9.9919E-05 9.9919E-05 9.9919E-05
0.0315304 0.894225 0.0102328 9.99461E-05 9.99461E-05 9.99461E-05 0.0129575 9.99461E-05 0.0331728 9.99461E-05 0.00557558 9.99461E-05 0.00152883 0.0101772
9.99371E-05 0.803978 0.116494 0.0143569 0.00504323 9.99371E-05 9.99371E-05 9.99371E-05 9.99371E-05 9.99371E-05 0.00860994 0.0386649 0.0121535 9.99371E-05
9.98919E-05 0.957656 9.98919E-05 9.98919E-05 9.98919E-05 9.98919E-05 9.98919E-05 9.98919E-05 9.98919E-05 9.98919E-05 9.98919E-05 0.0411451 9.98919E-05 9.98919E-05
9.9883E-05 9.9883E-05 0.998702 9.9883E-05 9.9883E-05 9.9883E-05 9.9883E-05 9.9883E-05 9.9883E-05 9.9883E-05 9.9883E-05 9.9883E-05 9.9883E-05 9.9883E-05
9.99011E-05 9.99011E-05 0.883935 9.99011E-05 9.99011E-05 9.99011E-05 9.99011E-05 9.99011E-05 9.99011E-05 0.0444311 0.0705348 9.99011E-05 9.99011E-05 9.99011E-05
0.0297806 0.922634 9.99191E-05 9.99191E-05 0.00371735 0.0212357 9.99191E-05 9.99191E-05 9.99191E-05 9.99191E-05 9.99191E-05 9.99191E-05 0.0217335 9.99191E-05
0.0143068 9.99099E-05 0.0252919 9.99099E-05 9.99099E-05 9.99099E-05 0.956799 9.99099E-05 0.00260364 9.99099E-05 9.99099E-05 9.99099E-05 9.99099E-05 9.99099E-05
0.00973335 9.9892E-05 9.9892E-05 9.9892E-05 9.9892E-05 9.9892E-05 0.989068 9.9892E-05 9.9892E-05 9.9892E-05 9.9892E-05 9.9892E-05 9.9892E-05 9.9892E-05
9.98921E-05 9.98921E-05 9.98921E-05 9.98921E-05 0.981078 9.98921E-05 9.98921E-05 9.98921E-05 9.98921E-05 9.98921E-05 9.98921E-05 9.98921E-05 0.0177233 9.98921E-05
9.98832E-05 9.98832E-05 9.98832E-05 9.98832E-05 0.998702 9.98832E-05 9.98832E-05 9.98832E-05 9.98832E-05 9.98832E-05 9.98832E-05 9.98832E-05 9.98832E-05 9.98832E-05
9.99189E-05 9.99189E-05 9.99189E-05 0.802913 9.99189E-05 0.00818212 0.124716 9.99189E-05 0.0618372 9.99189E-05 9.99189E-05 9.99189E-05 0.0014524 9.99189E-05
9.99279E-05 9.99279E-05 9.99279E-05 0.735397 9.99279E-05 0.000643525 0.160517 9.99279E-05 0.0337368 0.0528901 9.99279E-05 9.99279E-05 0.0160167 9.99279E-05
9.99012E-05 9.99012E-05 9.99012E-05 0.0262823 0.971013 9.99012E-05 9.99012E-05 9.99012E-05 0.00160623 9.99012E-05 9.99012E-05 9.99012E-05 9.99012E-05 9.99012E-05
9.98832E-05 9.98832E-05 9.98832E-05 9.98832E-05 0.998702 9.98832E-05 9.98832E-05 9.98832E-05 9.98832E-05 9.98832E-05 9.98832E-05 9.98832E-05 9.98832E-05 9.98832E-05
0.0161842 9.99099E-05 9.99099E-05 9.99099E-05 9.99099E-05 9.99099E-05 9.99099E-05 9.99099E-05 9.99099E-05 0.0318517 0.00164084 9.99099E-05 0.949324 9.99099E-05
9.994E-05 9.994E-05 9.994E-05 0.0857417 9.994E-05 9.994E-05 0.495551 0.0137053 0.0433179 0.133931 0.0984659 9.994E-05 0.0587847 0.069903
0.0618979 9.99009E-05 9.99009E-05 9.99009E-05 9.99009E-05 9.99009E-05 9.99009E-05 9.99009E-05 0.8631 9.99009E-05 0.073903 9.99009E-05 9.99009E-05 9.99009E-05
9.99281E-05 0.0422677 9.99281E-05 0.196265 0.0532741 9.99281E-05 9.99281E-05 9.99281E-05 9.99281E-05 0.228426 9.99281E-05 0.269045 9.99281E-05 0.209923
9.99372E-05 9.99372E-05 9.99372E-05 9.99372E-05 0.0812447 0.000365918 0.00742795 9.99372E-05 9.99372E-05 0.297021 9.99372E-05 0.456151 0.0971588 0.0599309
9.991E-05 0.195933 0.731403 9.991E-05 0.0376063 0.0340593 9.991E-05 9.991E-05 9.991E-05 9.991E-05 9.991E-05 9.991E-05 9.991E-05 9.991E-05
