9.9991E-05 0.0285342 0.00213467 0.956934 0.0122967
9.999E-05 0.0475056 0.29662 0.363098 0.292676
0.0307336 0.0208105 0.0103894 0.0673707 0.870696
9.9973E-05 0.0368868 9.9973E-05 9.9973E-05 0.962813
9.99821E-05 9.99821E-05 0.29042 0.249908 0.459472
0.00201169 0.0257518 9.9982E-05 9.9982E-05 0.972037
9.99821E-05 9.99821E-05 0.350024 0.587879 0.0618967
9.9991E-05 0.0571367 0.48352 0.0271252 0.432118
9.99821E-05 9.99821E-05 0.376224 0.55536 0.0682165
9.9982E-05 0.130353 0.144777 0.724669 9.9982E-05
9.9982E-05 0.150846 0.0946733 0.754281 9.9982E-05
9.9982E-05 0.155839 9.9982E-05 0.794036 0.0499255
9.99732E-05 9.99732E-05 9.99732E-05 0.953334 0.0463661
0.0162503 0.0155809 9.9982E-05 9.9982E-05 0.967969
0.0302466 9.9982E-05 9.9982E-05 0.00560826 0.963945
9.999E-05 0.0262354 0.0654291 0.898417 0.00981864
0.085446 0.404401 9.9991E-05 0.499582 0.0104715
0.716953 9.99819E-05 0.111391 0.171456 9.99819E-05
0.927634 0.0720661 9.9973E-05 9.9973E-05 9.9973E-05
9.9982E-05 0.166803 0.0336565 0.79934 9.9982E-05
0.9996 9.997E-05 9.997E-05 9.997E-05 9.997E-05
9.9973E-05 0.0417309 9.9973E-05 0.957969 9.9973E-05
0.425827 0.382861 0.0823179 0.103164 0.00583
0.908291 0.0914087 9.9973E-05 9.9973E-05 9.9973E-05
9.9973E-05 9.9973E-05 0.0155944 9.9973E-05 0.984106
9.997E-05 9.997E-05 9.997E-05 9.997E-05 0.9996
9.9973E-05 0.0858269 9.9973E-05 0.913873 9.9973E-05
9.9973E-05 9.9973E-05 0.0756351 9.9973E-05 0.924065
9.9973E-05 9.9973E-05 0.0799852 9.9973E-05 0.919715
0.0218935 0.0274899 0.251165 9.9991E-05 0.699351
9.9982E-05 0.0407189 0.346265 9.9982E-05 0.612816
9.9991E-05 0.0152656 0.63397 0.257827 0.0928377
9.99731E-05 0.00244213 9.99731E-05 9.99731E-05 0.997258
9.9982E-05 0.0074523 0.87516 9.9982E-05 0.117188
9.9982E-05 0.231739 9.9982E-05 0.679565 0.0884963
9.99729E-05 9.99729E-05 9.99729E-05 0.0184526 0.981247
9.9982E-05 0.048071 9.9982E-05 0.869297 0.0824319
0.0337397 0.0572209 0.199953 0.708986 9.9991E-05
0.0529597 0.436103 9.9991E-05 0.38298 0.127857
0.00230754 0.105281 9.9991E-05 0.725234 0.167078
0.0160275 0.121267 0.00328533 0.755657 0.103763
0.0171241 0.131082 0.0456063 0.806087 9.9991E-05
9.9973E-05 9.9973E-05 0.0534313 0.946269 9.9973E-05
0.00808339 0.148694 0.0696304 0.773492 9.9991E-05
0.127137 0.193034 0.0267737 0.652955 9.9991E-05
0.0585427 0.12117 0.0656756 0.685956 0.0686555
9.9991E-05 0.140988 0.0592834 0.689118 0.110511
0.050817 9.99822E-05 0.0020598 0.946923 9.99822E-05
9.997E-05 9.997E-05 0.9996 9.997E-05 9.997E-05
9.997E-05 9.997E-05 0.9996 9.997E-05 9.997E-05
9.997E-05 9.997E-05 0.9996 9.997E-05 9.997E-05
9.997E-05 9.997E-05 0.9996 9.997E-05 9.997E-05
9.997E-05 9.997E-05 0.9996 9.997E-05 9.997E-05
0.0224573 0.00915113 0.650026 0.134645 0.183721
9.9982E-05 0.00754442 0.984266 0.00798978 9.9982E-05
9.997E-05 9.997E-05 9.997E-05 0.9996 9.997E-05
9.9982E-05 9.9982E-05 0.570176 0.300351 0.129274
0.00420266 9.9973E-05 9.9973E-05 9.9973E-05 0.995497
9.99731E-05 0.0573773 9.99731E-05 0.942323 9.99731E-05
9.9991E-05 0.00403598 0.0284231 0.896047 0.0713943
0.0143308 9.99732E-05 9.99732E-05 0.985369 9.99732E-05
9.997E-05 9.997E-05 9.997E-05 0.9996 9.997E-05
0.00305822 0.104957 9.9982E-05 0.891785 9.9982E-05
0.953663 9.99821E-05 9.99821E-05 0.0448274 0.00130961
9.997E-05 9.997E-05 9.997E-05 9.997E-05 0.9996
0.0450323 0.129888 0.110939 0.312149 0.401992
9.99731E-05 9.99731E-05 0.0228005 9.99731E-05 0.9769
9.9973E-05 9.9973E-05 0.0213813 9.9973E-05 0.978319
9.9973E-05 9.9973E-05 0.0863874 9.9973E-05 0.913313
9.9973E-05 9.9973E-05 0.0636131 9.9973E-05 0.936087
9.9982E-05 0.0414677 9.9982E-05 0.0137501 0.944582
9.997E-05 9.997E-05 9.997E-05 9.997E-05 0.9996
9.99732E-05 9.99732E-05 0.486665 9.99732E-05 0.513036
0.0137335 9.99911E-05 0.395415 0.0685154 0.522236
9.997E-05 9.997E-05 9.997E-05 9.997E-05 0.9996
9.9991E-05 0.0797897 0.145205 0.743409 0.031496
9.9991E-05 0.0712194 0.167348 0.716625 0.0447085
9.997E-05 0.9996 9.997E-05 9.997E-05 9.997E-05
9.997E-05 0.9996 9.997E-05 9.997E-05 9.997E-05
9.99819E-05 0.107609 0.106764 0.785428 9.99819E-05
0.000633864 0.100365 0.109472 0.789429 9.9991E-05
9.997E-05 0.9996 9.997E-05 9.997E-05 9.997E-05
9.997E-05 0.9996 9.997E-05 9.997E-05 9.997E-05
9.9973E-05 9.9973E-05 0.0240976 0.975602 9.9973E-05
0.0664557 9.9991E-05 0.0250152 0.888518 0.0199109
9.9982E-05 9.9982E-05 0.58245 0.300265 0.117084
0.131306 0.279091 9.9991E-05 0.523023 0.0664797
0.0775203 0.33437 9.99901E-05 0.587909 9.99901E-05
0.0231469 0.0443277 0.365213 9.9991E-05 0.567212
