0.0182499 9.9982E-05 0.0104827 0.971067 9.9982E-05
0.045697 9.9991E-05 0.287359 0.339881 0.326962
0.0722329 0.015153 0.104561 0.00904244 0.799011
0.0563176 9.9973E-05 9.9973E-05 9.9973E-05 0.943382
9.99821E-05 9.99821E-05 0.298316 0.27537 0.426114
0.00645562 9.9973E-05 9.9973E-05 9.9973E-05 0.993244
9.99821E-05 9.99821E-05 0.39794 0.57312 0.0287406
0.0215574 9.9991E-05 0.493794 0.076684 0.407864
9.99821E-05 9.99821E-05 0.420425 0.570242 0.00913308
0.110558 9.9982E-05 0.151578 0.737664 9.9982E-05
0.133744 9.9982E-05 0.132263 0.733793 9.9982E-05
0.113935 9.9982E-05 9.9982E-05 0.8168 0.0690647
9.99821E-05 0.0152298 9.99821E-05 0.94417 0.0404006
9.9982E-05 0.0129755 9.9982E-05 0.0109817 0.975843
9.9982E-05 0.00472694 9.9982E-05 0.0265651 0.968508
0.000712516 9.9991E-05 0.00552322 0.938466 0.0551984
0.403448 0.0908333 0.00357647 0.478387 0.0237557
9.9982E-05 0.732208 0.092535 0.175058 9.9982E-05
0.0771882 0.922512 9.9973E-05 9.9973E-05 9.9973E-05
0.161073 9.9982E-05 0.00279239 0.835935 9.9982E-05
9.9973E-05 0.995983 9.9973E-05 9.9973E-05 0.00371731
0.0554791 9.9982E-05 9.9982E-05 0.936173 0.00814769
0.41775 0.383357 0.055802 0.142991 9.9991E-05
0.11212 0.88758 9.9973E-05 9.9973E-05 9.9973E-05
9.9973E-05 9.9973E-05 0.0129857 9.9973E-05 0.986714
9.997E-05 9.997E-05 9.997E-05 9.997E-05 0.9996
0.0812926 9.9973E-05 9.9973E-05 0.918408 9.9973E-05
9.9973E-05 9.9973E-05 0.0541272 9.9973E-05 0.945573
9.9973E-05 9.9973E-05 0.0870569 9.9973E-05 0.912643
0.0242774 0.0202749 0.315374 9.9991E-05 0.639974
0.0538577 9.9982E-05 0.30289 9.9982E-05 0.643052
9.99821E-05 9.99821E-05 0.638618 0.263601 0.0975812
9.99731E-05 9.99731E-05 0.0286001 9.99731E-05 0.9711
0.0130774 9.9982E-05 0.898132 9.9982E-05 0.0885903
0.207823 9.9982E-05 9.9982E-05 0.706616 0.0853611
9.99729E-05 9.99729E-05 9.99729E-05 0.0282318 0.971468
9.99731E-05 9.99731E-05 9.99731E-05 0.926525 0.0731749
0.0413658 0.039494 0.212974 0.687358 0.0188086
0.427037 0.0432071 9.9991E-05 0.358316 0.17134
0.0649456 9.99819E-05 9.99819E-05 0.785005 0.149849
0.109505 9.99819E-05 9.99819E-05 0.756693 0.133603
0.139215 0.0195878 0.0250898 0.816008 9.9991E-05
9.9973E-05 9.9973E-05 0.066551 0.933149 9.9973E-05
0.156219 9.99819E-05 0.070199 0.773382 9.99819E-05
0.19819 0.117671 0.0396018 0.644437 9.9991E-05
0.088791 0.0438636 0.103982 0.728296 0.0350671
0.129994 9.9991E-05 0.0732413 0.688871 0.107793
0.0109779 0.0610761 0.0298265 0.89802 9.99911E-05
9.997E-05 9.997E-05 0.9996 9.997E-05 9.997E-05
9.997E-05 9.997E-05 0.9996 9.997E-05 9.997E-05
9.997E-05 9.997E-05 0.9996 9.997E-05 9.997E-05
9.997E-05 9.997E-05 0.9996 9.997E-05 9.997E-05
9.997E-05 9.997E-05 0.9996 9.997E-05 9.997E-05
9.9991E-05 0.0173351 0.663963 0.099851 0.218751
0.00719612 9.9973E-05 0.992504 9.9973E-05 9.9973E-05
9.997E-05 9.997E-05 9.997E-05 0.9996 9.997E-05
0.018235 9.9991E-05 0.597079 0.296805 0.0877808
9.997E-05 9.997E-05 9.997E-05 9.997E-05 0.9996
0.0524955 9.99821E-05 9.99821E-05 0.944136 0.00316811
0.0195334 9.9982E-05 9.9982E-05 0.89439 0.0858762
9.99732E-05 0.0402673 9.99732E-05 0.959433 9.99732E-05
9.997E-05 9.997E-05 9.997E-05 0.9996 9.997E-05
0.0804987 0.0133598 9.9982E-05 0.905942 9.9982E-05
9.99731E-05 0.935105 9.99731E-05 0.0645953 9.99731E-05
9.997E-05 9.997E-05 9.997E-05 9.997E-05 0.9996
0.0687472 0.0545726 0.128391 0.444916 0.303373
9.99731E-05 9.99731E-05 0.0271076 9.99731E-05 0.972593
9.9973E-05 9.9973E-05 0.0358545 9.9973E-05 0.963846
9.9982E-05 9.9982E-05 0.0935578 0.00978702 0.896455
9.9982E-05 0.0120672 0.0794311 9.9982E-05 0.908302
9.9982E-05 9.9982E-05 0.0414623 0.0488667 0.909471
9.997E-05 9.997E-05 9.997E-05 9.997E-05 0.9996
9.99732E-05 9.99732E-05 0.480855 9.99732E-05 0.518845
9.99822E-05 9.99822E-05 0.429616 0.0647218 0.505463
0.0242998 9.9991E-05 0.0113874 0.0269104 0.937302
0.10405 9.9991E-05 0.123139 0.714646 0.058065
0.0736085 9.9991E-05 0.100015 0.760722 0.0655543
0.9996 9.997E-05 9.997E-05 9.997E-05 9.997E-05
0.9996 9.997E-05 9.997E-05 9.997E-05 9.997E-05
0.0822037 0.0020046 0.120039 0.795652 9.9991E-05
0.0700248 0.00940314 0.101648 0.818824 9.9991E-05
0.9996 9.997E-05 9.997E-05 9.997E-05 9.997E-05
0.9996 9.997E-05 9.997E-05 9.997E-05 9.997E-05
9.9973E-05 9.9973E-05 0.0149733 0.984727 9.9973E-05
9.9991E-05 0.0554482 0.045063 0.876759 0.0226293
9.9982E-05 9.9982E-05 0.595859 0.29653 0.107411
0.299842 0.121749 9.9991E-05 0.511888 0.0664214
0.330665 0.0864735 9.99821E-05 0.582661 9.99821E-05
0.0431966 0.0363997 0.344693 9.9991E-05 0.575611
