9.99188E-05 9.99188E-05 9.99188E-05 9.99188E-05 9.99188E-05 9.99188E-05 9.99188E-05 0.934896 9.99188E-05 0.00770962 9.99188E-05 0.0564951
9.99369E-05 9.99369E-05 0.143334 0.727583 0.0874478 9.99369E-05 9.99369E-05 0.02654 9.99369E-05 9.99369E-05 9.99369E-05 0.0143957
0.0322284 9.99375E-05 0.518336 9.99375E-05 9.99375E-05 0.320367 9.99375E-05 9.99375E-05 9.99375E-05 0.103132 0.0252369 9.99375E-05
9.99281E-05 9.99281E-05 0.935539 9.99281E-05 9.99281E-05 9.99281E-05 0.00655852 9.99281E-05 9.99281E-05 0.0520404 9.99281E-05 0.00506231
9.996E-05 9.996E-05 0.386903 0.0925319 0.0323528 0.0631336 0.0660317 0.0190123 0.275382 9.996E-05 9.996E-05 0.0642529
9.99191E-05 9.99191E-05 0.977921 9.99191E-05 9.99191E-05 0.0117231 9.99191E-05 0.00945649 9.99191E-05 9.99191E-05 9.99191E-05 9.99191E-05
9.9901E-05 9.9901E-05 9.9901E-05 9.9901E-05 9.9901E-05 9.9901E-05 9.9901E-05 9.9901E-05 0.998901 9.9901E-05 9.9901E-05 9.9901E-05
9.99459E-05 9.99459E-05 0.0932766 0.0768347 9.99459E-05 0.638176 0.0923426 9.99459E-05 9.99459E-05 0.0250555 9.99459E-05 0.0737145
9.9919E-05 0.0098609 9.9919E-05 0.0330634 9.9919E-05 9.9919E-05 9.9919E-05 9.9919E-05 0.956176 9.9919E-05 9.9919E-05 9.9919E-05
9.991E-05 9.991E-05 9.991E-05 9.991E-05 9.991E-05 9.991E-05 9.991E-05 9.991E-05 0.141661 9.991E-05 9.991E-05 0.85734
9.99101E-05 9.99101E-05 9.99101E-05 9.99101E-05 9.99101E-05 9.99101E-05 9.99101E-05 9.99101E-05 0.154162 9.99101E-05 9.99101E-05 0.844839
0.152802 9.9937E-05 0.00657916 9.9937E-05 9.9937E-05 0.00997398 9.9937E-05 0.696791 9.9937E-05 0.133154 9.9937E-05 9.9937E-05
0.969611 9.99102E-05 9.99102E-05 9.99102E-05 9.99102E-05 0.0293894 9.99102E-05 9.99102E-05 9.99102E-05 9.99102E-05 9.99102E-05 9.99102E-05
9.99281E-05 9.99281E-05 0.886013 0.04428 0.0629343 9.99281E-05 9.99281E-05 0.00597352 9.99281E-05 9.99281E-05 9.99281E-05 9.99281E-05
9.99281E-05 9.99281E-05 0.943559 0.0015274 9.99281E-05 9.99281E-05 9.99281E-05 0.0411715 9.99281E-05 9.99281E-05 0.0129426 9.99281E-05
0.174521 0.784974 9.9919E-05 9.9919E-05 9.9919E-05 9.9919E-05 9.9919E-05 9.9919E-05 9.9919E-05 9.9919E-05 9.9919E-05 0.0396054
9.99098E-05 9.99098E-05 9.99098E-05 9.99098E-05 0.907862 9.99098E-05 9.99098E-05 9.99098E-05 9.99098E-05 9.99098E-05 9.99098E-05 0.0911393
9.99279E-05 0.0251906 9.99279E-05 0.115505 9.99279E-05 9.99279E-05 9.99279E-05 9.99279E-05 9.99279E-05 9.99279E-05 0.698388 0.160117
9.991E-05 9.991E-05 9.991E-05 9.991E-05 9.991E-05 9.991E-05 9.991E-05 9.991E-05 9.991E-05 0.0815244 0.917476 9.991E-05
9.99369E-05 0.363878 9.99369E-05 9.99369E-05 0.0344189 9.99369E-05 9.99369E-05 0.0911404 9.99369E-05 0.0608961 9.99369E-05 0.448967
9.99101E-05 9.99101E-05 9.99101E-05 9.99101E-05 9.99101E-05 0.0029552 9.99101E-05 9.99101E-05 9.99101E-05 9.99101E-05 0.996046 9.99101E-05
0.0709293 0.274348 9.99459E-05 9.99459E-05 0.0698857 9.99459E-05 9.99459E-05 0.525981 9.99459E-05 0.0145249 9.99459E-05 0.043732
9.99281E-05 9.99281E-05 9.99281E-05 9.99281E-05 0.230712 9.99281E-05 9.99281E-05 9.99281E-05 9.99281E-05 0.215719 0.377875 0.174895
9.9928E-05 9.9928E-05 9.9928E-05 9.9928E-05 0.0026765 9.9928E-05 9.9928E-05 9.9928E-05 9.9928E-05 0.0602367 0.883393 0.0528944
9.99013E-05 9.99013E-05 0.998901 9.99013E-05 9.99013E-05 9.99013E-05 9.99013E-05 9.99013E-05 9.99013E-05 9.99013E-05 9.99013E-05 9.99013E-05
9.99012E-05 9.99012E-05 0.998901 9.99012E-05 9.99012E-05 9.99012E-05 9.99012E-05 9.99012E-05 9.99012E-05 9.99012E-05 9.99012E-05 9.99012E-05
0.7651 9.99369E-05 9.99369E-05 9.99369E-05 0.0148175 9.99369E-05 9.99369E-05 0.0752819 9.99369E-05 0.0566237 9.99369E-05 0.0874774
0.0196583 9.9928E-05 0.924148 9.9928E-05 9.9928E-05 9.9928E-05 0.0268282 9.9928E-05 0.0285659 9.9928E-05 9.9928E-05 9.9928E-05
0.0366502 9.99191E-05 0.881762 9.99191E-05 9.99191E-05 9.99191E-05 0.0806887 9.99191E-05 9.99191E-05 9.99191E-05 9.99191E-05 9.99191E-05
0.00853208 9.99641E-05 0.564061 0.0663031 0.0247839 0.152729 0.131779 9.99641E-05 9.99641E-05 0.0313144 0.0200976 9.99641E-05
9.99459E-05 9.99459E-05 0.391821 9.99459E-05 0.0171357 0.391271 0.149084 9.99459E-05 9.99459E-05 0.0485414 9.99459E-05 0.00154731
9.99013E-05 9.99013E-05 9.99013E-05 0.998901 9.99013E-05 9.99013E-05 9.99013E-05 9.99013E-05 9.99013E-05 9.99013E-05 9.99013E-05 9.99013E-05
9.99101E-05 9.99101E-05 0.813306 9.99101E-05 9.99101E-05 0.185695 9.99101E-05 9.99101E-05 9.99101E-05 9.99101E-05 9.99101E-05 9.99101E-05
9.99192E-05 9.99192E-05 9.99192E-05 9.99192E-05 9.99192E-05 0.232574 0.750236 9.99192E-05 9.99192E-05 9.99192E-05 9.99192E-05 0.0162902
0.476571 9.99548E-05 0.0013041 9.99548E-05 0.287583 0.0171457 9.99548E-05 0.0471339 9.99548E-05 0.10934 9.99548E-05 0.0604229
0.0222689 9.99369E-05 0.916419 9.99369E-05 0.0206061 0.0357343 9.99369E-05 9.99369E-05 0.00427256 9.99369E-05 9.99369E-05 9.99369E-05
9.991E-05 9.991E-05 9.991E-05 9.991E-05 9.991E-05 0.0419368 9.991E-05 0.957064 9.991E-05 9.991E-05 9.991E-05 9.991E-05
0.0104578 9.99459E-05 0.0284288 0.190304 0.0464651 9.99459E-05 9.99459E-05 0.061122 9.99459E-05 9.99459E-05 9.99459E-05 0.662623
9.99098E-05 9.99098E-05 9.99098E-05 9.99098E-05 0.991308 0.0076925 9.99098E-05 9.99098E-05 9.99098E-05 9.99098E-05 9.99098E-05 9.99098E-05
9.99369E-05 0.227192 0.0978148 9.99369E-05 0.180463 9.99369E-05 9.99369E-05 0.226399 9.99369E-05 9.99369E-05 9.99369E-05 0.267432
9.99458E-05 0.169292 0.0572589 0.0358519 0.132164 9.99458E-05 9.99458E-05 0.259241 9.99458E-05 9.99458E-05 9.99458E-05 0.345593
9.9919E-05 0.0102 9.9919E-05 9.9919E-05 9.9919E-05 9.9919E-05 9.9919E-05 0.0368179 9.9919E-05 9.9919E-05 9.9919E-05 0.952083
0.0537739 0.805369 9.99459E-05 9.99459E-05 9.99459E-05 9.99459E-05 9.99459E-05 0.0303971 0.0882296 9.99459E-05 0.01944 0.00219116
0.0344034 0.00892048 9.9937E-05 9.9937E-05 9.9937E-05 9.9937E-05 9.9937E-05 0.00582246 9.9937E-05 0.00423194 9.9937E-05 0.945922
0.193195 0.088275 9.9955E-05 0.0450033 9.9955E-05 9.9955E-05 9.9955E-05 0.0614328 9.9955E-05 0.111458 0.0955333 0.404603
0.0136469 0.202491 0.0641595 9.9964E-05 9.9964E-05 0.0213236 9.9964E-05 0.146009 9.9964E-05 0.00357623 0.0358892 0.512505
0.149496 9.9955E-05 0.0854737 9.9955E-05 0.208073 9.9955E-05 0.0512163 0.187469 0.0121377 9.9955E-05 9.9955E-05 0.305635
9.99106E-05 9.99106E-05 9.99106E-05 9.99106E-05 9.99106E-05 9.99106E-05 9.99106E-05 0.987459 9.99106E-05 9.99106E-05 0.0115422 9.99106E-05
9.9901E-05 9.9901E-05 9.9901E-05 9.9901E-05 9.9901E-05 9.9901E-05 0.998901 9.9901E-05 9.9901E-05 9.9901E-05 9.9901E-05 9.9901E-05
9.99011E-05 9.99011E-05 9.99011E-05 9.99011E-05 9.99011E-05 9.99011E-05 0.998901 9.99011E-05 9.99011E-05 9.99011E-05 9.99011E-05 9.99011E-05
9.99191E-05 0.0340777 0.00395359 9.99191E-05 9.99191E-05 9.99191E-05 0.961069 9.99191E-05 9.99191E-05 9.99191E-05 9.99191E-05 9.99191E-05
9.99012E-05 9.99012E-05 9.99012E-05 9.99012E-05 9.99012E-05 9.99012E-05 0.998901 9.99012E-05 9.99012E-05 9.99012E-05 9.99012E-05 9.99012E-05
9.99011E-05 9.99011E-05 9.99011E-05 9.99011E-05 9.99011E-05 9.99011E-05 0.998901 9.99011E-05 9.99011E-05 9.99011E-05 9.99011E-05 9.99011E-05
9.99641E-05 9.99641E-05 0.0356977 0.0638741 9.99641E-05 0.346326 0.400686 9.99641E-05 0.072646 0.0208147 0.0401215 0.0194338
9.99101E-05 9.99101E-05 9.99101E-05 0.0767117 9.99101E-05 9.99101E-05 0.922289 9.99101E-05 9.99101E-05 9.99101E-05 9.99101E-05 9.99101E-05
0.0523794 0.170992 9.99188E-05 9.99188E-05 9.99188E-05 9.99188E-05 9.99188E-05 0.775729 9.99188E-05 9.99188E-05 9.99188E-05 9.99188E-05
0.00835297 9.99279E-05 9.99279E-05 0.913596 9.99279E-05 9.99279E-05 0.0303951 9.99279E-05 0.0468563 9.99279E-05 9.99279E-05 9.99279E-05
9.99099E-05 9.99099E-05 0.959766 9.99099E-05 0.0392344 9.99099E-05 9.99099E-05 9.99099E-05 9.99099E-05 9.99099E-05 9.99099E-05 9.99099E-05
0.843036 0.105634 9.9955E-05 9.9955E-05 0.00145063 9.9955E-05 0.00804517 0.0209155 0.000114621 0.0203038 9.9955E-05 9.9955E-05
0.0585771 0.940424 9.99103E-05 9.99103E-05 9.99103E-05 9.99103E-05 9.99103E-05 9.99103E-05 9.99103E-05 9.99103E-05 9.99103E-05 9.99103E-05
0.974225 9.99103E-05 9.99103E-05 9.99103E-05 9.99103E-05 9.99103E-05 9.99103E-05 9.99103E-05 0.024776 9.99103E-05 9.99103E-05 9.99103E-05
0.905796 9.99189E-05 9.99189E-05 9.99189E-05 9.99189E-05 9.99189E-05 9.99189E-05 0.00468995 9.99189E-05 9.99189E-05 9.99189E-05 0.0886152
0.837373 9.99189E-05 9.99189E-05 9.99189E-05 9.99189E-05 9.99189E-05 9.99189E-05 9.99189E-05 9.99189E-05 0.0446337 9.99189E-05 0.117094
9.99102E-05 9.99102E-05 9.99102E-05 9.99102E-05 9.99102E-05 9.99102E-05 9.99102E-05 0.105131 9.99102E-05 9.99102E-05 0.893869 9.99102E-05
9.99193E-05 9.99193E-05 0.969904 9.99193E-05 9.99193E-05 9.99193E-05 9.99193E-05 9.99193E-05 0.0181827 0.0110142 9.99193E-05 9.99193E-05
9.9991E-05 0.205924 0.118608 0.00335721 0.0766597 0.147482 0.154051 0.0733876 0.0813552 0.0237227 0.0641156 0.0512374
9.99193E-05 0.0474147 0.927697 9.99193E-05 9.99193E-05 0.0239895 9.99193E-05 9.99193E-05 9.99193E-05 9.99193E-05 9.99193E-05 9.99193E-05
9.9928E-05 9.9928E-05 0.927029 9.9928E-05 0.0251596 9.9928E-05 9.9928E-05 0.0269576 0.0200547 9.9928E-05 9.9928E-05 9.9928E-05
9.9928E-05 0.0583687 0.824587 9.9928E-05 9.9928E-05 0.0716383 0.0446069 9.9928E-05 9.9928E-05 9.9928E-05 9.9928E-05 9.9928E-05
9.99281E-05 0.0357855 0.913931 0.00658894 9.99281E-05 0.0428956 9.99281E-05 9.99281E-05 9.99281E-05 9.99281E-05 9.99281E-05 9.99281E-05
9.99461E-05 9.99461E-05 0.886462 0.00053715 0.0100893 0.040816 9.99461E-05 9.99461E-05 0.00209912 9.99461E-05 9.99461E-05 0.059397
9.99099E-05 9.99099E-05 0.975695 9.99099E-05 0.0233059 9.99099E-05 9.99099E-05 9.99099E-05 9.99099E-05 9.99099E-05 9.99099E-05 9.99099E-05
9.99008E-05 9.99008E-05 9.99008E-05 9.99008E-05 9.99008E-05 0.998901 9.99008E-05 9.99008E-05 9.99008E-05 9.99008E-05 9.99008E-05 9.99008E-05
0.0519318 9.99099E-05 9.99099E-05 9.99099E-05 9.99099E-05 0.947069 9.99099E-05 9.99099E-05 9.99099E-05 9.99099E-05 9.99099E-05 9.99099E-05
9.99371E-05 0.0191308 0.959367 9.99371E-05 9.99371E-05 9.99371E-05 0.0144824 9.99371E-05 9.99371E-05 0.00444708 0.00187282 9.99371E-05
9.99189E-05 0.943137 9.99189E-05 0.0398086 9.99189E-05 0.016155 9.99189E-05 9.99189E-05 9.99189E-05 9.99189E-05 9.99189E-05 9.99189E-05
9.99189E-05 0.972367 9.99189E-05 9.99189E-05 9.99189E-05 9.99189E-05 0.0261649 9.99189E-05 9.99189E-05 0.000568386 9.99189E-05 9.99189E-05
9.99101E-05 9.99101E-05 9.99101E-05 9.99101E-05 9.99101E-05 9.99101E-05 9.99101E-05 0.00891981 9.99101E-05 0.990081 9.99101E-05 9.99101E-05
0.00652106 9.99191E-05 9.99191E-05 9.99191E-05 9.99191E-05 9.99191E-05 9.99191E-05 0.0104041 9.99191E-05 0.982176 9.99191E-05 9.99191E-05
0.0130016 0.0992872 9.99369E-05 0.0528631 9.99369E-05 9.99369E-05 9.99369E-05 0.00524392 9.99369E-05 9.99369E-05 9.99369E-05 0.828905
0.048924 0.108112 9.99279E-05 0.066607 9.99279E-05 9.99279E-05 9.99279E-05 9.99279E-05 9.99279E-05 9.99279E-05 9.99279E-05 0.775558
9.99102E-05 9.99102E-05 9.99102E-05 9.99102E-05 9.99102E-05 9.99102E-05 9.99102E-05 9.99102E-05 0.0110862 0.987915 9.99102E-05 9.99102E-05
9.9901E-05 9.9901E-05 9.9901E-05 9.9901E-05 9.9901E-05 9.9901E-05 9.9901E-05 9.9901E-05 9.9901E-05 0.998901 9.9901E-05 9.9901E-05
0.0219995 9.99279E-05 9.99279E-05 9.99279E-05 9.99279E-05 9.99279E-05 0.00940687 0.946136 0.0216584 9.99279E-05 9.99279E-05 9.99279E-05
0.145581 0.40259 9.99549E-05 0.0674893 9.99549E-05 9.99549E-05 9.99549E-05 0.0265306 0.0847385 9.99549E-05 0.0720234 0.200547
9.9919E-05 9.9919E-05 9.9919E-05 0.918194 9.9919E-05 9.9919E-05 0.0317413 9.9919E-05 0.0491658 9.9919E-05 9.9919E-05 9.9919E-05
0.276041 9.99462E-05 0.019534 9.99462E-05 0.306311 9.99462E-05 9.99462E-05 9.99462E-05 9.99462E-05 0.0865687 0.0693736 0.241572
0.308891 9.99372E-05 9.99372E-05 9.99372E-05 0.420934 9.99372E-05 9.99372E-05 0.0860835 9.99372E-05 0.150847 0.0325456 9.99372E-05
9.99371E-05 9.99371E-05 0.336744 9.99371E-05 9.99371E-05 0.505806 0.0777536 9.99371E-05 9.99371E-05 0.0495505 0.0294465 9.99371E-05
