9.99189E-05 0.932862 9.99189E-05 9.99189E-05 0.0164365 9.99189E-05 9.99189E-05 9.99189E-05 9.99189E-05 0.0498017 9.99189E-05 9.99189E-05
0.703799 0.0517436 0.0803929 0.163265 9.99279E-05 9.99279E-05 9.99279E-05 9.99279E-05 9.99279E-05 9.99279E-05 9.99279E-05 9.99279E-05
9.99376E-05 9.99376E-05 9.99376E-05 0.497715 0.0566501 9.99376E-05 0.219221 0.0508102 0.174904 9.99376E-05 9.99376E-05 9.99376E-05
9.9928E-05 9.9928E-05 9.9928E-05 0.887647 0.0243229 9.9928E-05 0.0791727 9.9928E-05 9.9928E-05 9.9928E-05 0.00805777 9.9928E-05
0.161702 0.0335895 0.0379506 0.353689 9.99551E-05 9.99551E-05 9.99551E-05 9.99551E-05 0.227266 0.177875 0.00742851 9.99551E-05
9.991E-05 9.991E-05 0.00517593 0.993825 9.991E-05 9.991E-05 9.991E-05 9.991E-05 9.991E-05 9.991E-05 9.991E-05 9.991E-05
9.99191E-05 9.99191E-05 9.99191E-05 9.99191E-05 9.99191E-05 9.99191E-05 9.99191E-05 0.190436 0.498014 9.99191E-05 9.99191E-05 0.310651
0.125519 9.99549E-05 9.99549E-05 0.11936 0.036415 9.99549E-05 0.0559801 9.99549E-05 0.513776 0.0567592 0.0916899 9.99549E-05
0.109581 9.99369E-05 9.99369E-05 9.99369E-05 9.99369E-05 9.99369E-05 9.99369E-05 0.119703 0.45633 0.00887781 9.99369E-05 0.304809
9.99102E-05 9.99102E-05 9.99102E-05 9.99102E-05 9.99102E-05 9.99102E-05 9.99102E-05 9.99102E-05 0.0243179 0.974683 9.99102E-05 9.99102E-05
9.99102E-05 9.99102E-05 9.99102E-05 9.99102E-05 9.99102E-05 9.99102E-05 9.99102E-05 9.99102E-05 0.0069931 0.992008 9.99102E-05 9.99102E-05
9.9937E-05 0.653882 0.000100951 9.9937E-05 0.145777 9.9937E-05 0.0332838 0.166257 9.9937E-05 9.9937E-05 9.9937E-05 9.9937E-05
9.99102E-05 9.99102E-05 9.99102E-05 9.99102E-05 9.99102E-05 9.99102E-05 9.99102E-05 0.930858 0.0681425 9.99102E-05 9.99102E-05 9.99102E-05
0.0184978 9.9928E-05 9.9928E-05 0.946267 9.9928E-05 0.02734 9.9928E-05 0.00709592 9.9928E-05 9.9928E-05 9.9928E-05 9.9928E-05
9.99191E-05 0.0240557 9.99191E-05 0.972659 9.99191E-05 0.00238573 9.99191E-05 9.99191E-05 9.99191E-05 9.99191E-05 9.99191E-05 9.99191E-05
9.99371E-05 9.99371E-05 0.0231255 9.99371E-05 9.99371E-05 9.99371E-05 9.99371E-05 0.119467 9.99371E-05 0.00163318 0.00293457 0.85214
9.99099E-05 9.99099E-05 0.908701 9.99099E-05 9.99099E-05 9.99099E-05 9.99099E-05 9.99099E-05 9.99099E-05 0.0903001 9.99099E-05 9.99099E-05
0.0662738 0.00145955 9.99459E-05 9.99459E-05 9.99459E-05 0.71491 9.99459E-05 9.99459E-05 9.99459E-05 0.123858 0.0432384 0.04966
9.99101E-05 9.99101E-05 9.99101E-05 9.99101E-05 0.0647212 0.93428 9.99101E-05 9.99101E-05 9.99101E-05 9.99101E-05 9.99101E-05 9.99101E-05
9.99369E-05 0.0737545 0.0782989 9.99369E-05 0.0391329 9.99369E-05 9.99369E-05 9.99369E-05 9.99369E-05 0.472935 9.99369E-05 0.335179
9.99011E-05 9.99011E-05 9.99011E-05 9.99011E-05 9.99011E-05 0.998901 9.99011E-05 9.99011E-05 9.99011E-05 9.99011E-05 9.99011E-05 9.99011E-05
9.99459E-05 0.530772 0.0608791 9.99459E-05 9.99459E-05 0.00554633 9.99459E-05 0.0377493 9.99459E-05 0.0566987 9.99459E-05 0.307755
9.99281E-05 9.99281E-05 0.248203 9.99281E-05 0.172576 0.352953 9.99281E-05 9.99281E-05 9.99281E-05 0.225468 9.99281E-05 9.99281E-05
9.9919E-05 9.9919E-05 9.9919E-05 9.9919E-05 0.0653107 0.893464 9.9919E-05 9.9919E-05 9.9919E-05 0.0403262 9.9919E-05 9.9919E-05
9.99192E-05 9.99192E-05 9.99192E-05 0.440337 9.99192E-05 9.99192E-05 0.554233 9.99192E-05 9.99192E-05 9.99192E-05 0.00453096 9.99192E-05
9.99191E-05 9.99191E-05 9.99191E-05 0.801478 9.99191E-05 9.99191E-05 0.189571 9.99191E-05 9.99191E-05 9.99191E-05 0.00805149 9.99191E-05
9.99459E-05 0.0565752 0.0226014 9.99459E-05 0.0495525 9.99459E-05 9.99459E-05 0.782791 9.99459E-05 0.0766904 9.99459E-05 0.0111893
9.99011E-05 9.99011E-05 9.99011E-05 9.99011E-05 9.99011E-05 9.99011E-05 0.998901 9.99011E-05 9.99011E-05 9.99011E-05 9.99011E-05 9.99011E-05
9.99011E-05 9.99011E-05 9.99011E-05 9.99011E-05 9.99011E-05 9.99011E-05 0.998901 9.99011E-05 9.99011E-05 9.99011E-05 9.99011E-05 9.99011E-05
9.99641E-05 0.0105411 0.00366598 0.39138 0.0219139 0.0132521 0.287296 9.99641E-05 0.118951 9.99641E-05 0.1526 9.99641E-05
9.99459E-05 9.99459E-05 0.0465897 0.429775 0.0249168 9.99459E-05 0.0413712 9.99459E-05 0.327019 9.99459E-05 0.129728 9.99459E-05
0.998901 9.99012E-05 9.99012E-05 9.99012E-05 9.99012E-05 9.99012E-05 9.99012E-05 9.99012E-05 9.99012E-05 9.99012E-05 9.99012E-05 9.99012E-05
9.99191E-05 9.99191E-05 9.99191E-05 0.663322 9.99191E-05 9.99191E-05 0.182561 9.99191E-05 0.153217 9.99191E-05 9.99191E-05 9.99191E-05
9.99281E-05 9.99281E-05 0.0112171 9.99281E-05 9.99281E-05 9.99281E-05 0.036567 9.99281E-05 0.200937 9.99281E-05 0.750479 9.99281E-05
9.99458E-05 0.00585749 0.350959 9.99458E-05 0.0821096 9.99458E-05 0.0559491 0.438981 9.99458E-05 0.0655441 9.99458E-05 9.99458E-05
9.99279E-05 9.99279E-05 0.0194459 0.43772 9.99279E-05 9.99279E-05 0.524393 9.99279E-05 0.0176413 9.99279E-05 9.99279E-05 9.99279E-05
9.9928E-05 0.940473 0.0461647 0.00593333 9.9928E-05 9.9928E-05 9.9928E-05 9.9928E-05 0.00662945 9.9928E-05 9.9928E-05 9.9928E-05
0.251342 0.064052 0.0264329 9.99459E-05 9.99459E-05 0.00495954 9.99459E-05 9.99459E-05 0.00973085 0.642883 9.99459E-05 9.99459E-05
9.99098E-05 9.99098E-05 0.997366 9.99098E-05 9.99098E-05 9.99098E-05 9.99098E-05 9.99098E-05 0.00163457 9.99098E-05 9.99098E-05 9.99098E-05
0.0019119 0.203047 0.146317 0.103319 9.99458E-05 9.99458E-05 9.99458E-05 9.99458E-05 9.99458E-05 0.310976 9.99458E-05 0.23383
0.0453744 0.228744 0.0998412 0.0704756 9.99458E-05 9.99458E-05 9.99458E-05 9.99458E-05 9.99458E-05 0.33993 9.99458E-05 0.215036
9.9919E-05 0.0438064 9.9919E-05 9.9919E-05 9.9919E-05 9.9919E-05 9.9919E-05 9.9919E-05 9.9919E-05 0.908409 9.9919E-05 0.0468854
9.9928E-05 0.04943 9.9928E-05 9.9928E-05 9.9928E-05 0.00726075 9.9928E-05 0.0473641 9.9928E-05 9.9928E-05 9.9928E-05 0.895146
9.9937E-05 0.0165406 0.0150135 9.9937E-05 9.9937E-05 9.9937E-05 0.0233556 0.0321563 9.9937E-05 0.912234 9.9937E-05 9.9937E-05
0.050482 0.0497105 9.99549E-05 9.99549E-05 0.0945564 0.120742 9.99549E-05 0.170557 9.99549E-05 0.461714 9.99549E-05 0.0517391
0.0232409 0.148227 0.0715334 0.0361247 0.00101007 0.0224243 9.9982E-05 0.00286586 9.9982E-05 0.50395 0.0151735 0.17525
9.9946E-05 0.209729 0.270924 0.0955076 9.9946E-05 9.9946E-05 9.9946E-05 0.151665 9.9946E-05 0.242319 0.0292558 9.9946E-05
9.99106E-05 0.9931 9.99106E-05 9.99106E-05 9.99106E-05 0.00590041 9.99106E-05 9.99106E-05 9.99106E-05 9.99106E-05 9.99106E-05 9.99106E-05
9.9901E-05 9.9901E-05 9.9901E-05 9.9901E-05 9.9901E-05 9.9901E-05 9.9901E-05 9.9901E-05 9.9901E-05 9.9901E-05 0.998901 9.9901E-05
9.99191E-05 9.99191E-05 9.99191E-05 9.99191E-05 9.99191E-05 0.000146813 9.99191E-05 9.99191E-05 9.99191E-05 0.000949108 0.998005 9.99191E-05
9.9919E-05 9.9919E-05 9.9919E-05 9.9919E-05 9.9919E-05 9.9919E-05 9.9919E-05 9.9919E-05 9.9919E-05 0.00733382 0.954302 0.0374654
9.99012E-05 9.99012E-05 9.99012E-05 9.99012E-05 9.99012E-05 9.99012E-05 9.99012E-05 9.99012E-05 9.99012E-05 9.99012E-05 0.998901 9.99012E-05
9.99101E-05 9.99101E-05 9.99101E-05 9.99101E-05 9.99101E-05 9.99101E-05 0.00639301 9.99101E-05 9.99101E-05 9.99101E-05 0.992608 9.99101E-05
0.0282836 0.0494934 9.9973E-05 0.0504235 9.9973E-05 0.0336968 0.0848162 9.9973E-05 0.293348 0.0156921 0.399232 0.0447152
0.0503197 9.99191E-05 9.99191E-05 9.99191E-05 9.99191E-05 9.99191E-05 9.99191E-05 9.99191E-05 9.99191E-05 9.99191E-05 0.93983 0.00895141
9.99189E-05 0.798454 9.99189E-05 9.99189E-05 9.99189E-05 9.99189E-05 9.99189E-05 0.0222291 9.99189E-05 9.99189E-05 9.99189E-05 0.178418
0.915595 9.99279E-05 9.99279E-05 9.99279E-05 9.99279E-05 9.99279E-05 0.0238662 9.99279E-05 9.99279E-05 9.99279E-05 0.0322639 0.0274758
9.99279E-05 9.99279E-05 0.00292058 0.62286 9.99279E-05 9.99279E-05 0.369763 9.99279E-05 9.99279E-05 0.00365694 9.99279E-05 9.99279E-05
9.9937E-05 0.0113597 9.9937E-05 9.9937E-05 0.0399593 9.9937E-05 9.9937E-05 0.816898 9.9937E-05 9.9937E-05 0.0115622 0.119521
9.99102E-05 9.99102E-05 9.99102E-05 9.99102E-05 9.99102E-05 9.99102E-05 9.99102E-05 0.0877538 9.99102E-05 9.99102E-05 9.99102E-05 0.911247
9.99102E-05 9.99102E-05 9.99102E-05 9.99102E-05 9.99102E-05 9.99102E-05 9.99102E-05 0.94811 0.0508908 9.99102E-05 9.99102E-05 9.99102E-05
9.99099E-05 9.99099E-05 9.99099E-05 9.99099E-05 9.99099E-05 9.99099E-05 9.99099E-05 0.877126 9.99099E-05 0.121875 9.99099E-05 9.99099E-05
9.99189E-05 9.99189E-05 9.99189E-05 9.99189E-05 0.0595566 9.99189E-05 9.99189E-05 0.859717 9.99189E-05 0.0798274 9.99189E-05 9.99189E-05
9.99192E-05 0.116204 9.99192E-05 9.99192E-05 9.99192E-05 0.871114 9.99192E-05 9.99192E-05 9.99192E-05 9.99192E-05 9.99192E-05 0.011782
9.99103E-05 9.99103E-05 9.99103E-05 0.405484 9.99103E-05 9.99103E-05 0.593517 9.99103E-05 9.99103E-05 9.99103E-05 9.99103E-05 9.99103E-05
0.0937946 0.0828222 0.0160062 0.233925 0.110709 0.0392063 0.0307564 0.151191 9.9982E-05 9.9982E-05 0.182211 0.0591788
9.99282E-05 9.99282E-05 9.99282E-05 0.900178 9.99282E-05 9.99282E-05 0.000599058 9.99282E-05 0.0949283 9.99282E-05 9.99282E-05 0.00349566
9.9946E-05 0.0203805 0.0184085 0.71642 9.9946E-05 9.9946E-05 0.213809 9.9946E-05 0.00676768 9.9946E-05 0.0236148 9.9946E-05
9.99011E-05 9.99011E-05 9.99011E-05 9.99011E-05 9.99011E-05 9.99011E-05 0.998901 9.99011E-05 9.99011E-05 9.99011E-05 9.99011E-05 9.99011E-05
9.99012E-05 9.99012E-05 9.99012E-05 9.99012E-05 9.99012E-05 9.99012E-05 0.998901 9.99012E-05 9.99012E-05 9.99012E-05 9.99012E-05 9.99012E-05
0.0142081 0.014863 9.9955E-05 0.655813 0.000106525 9.9955E-05 0.146149 9.9955E-05 0.105148 0.0632134 9.9955E-05 9.9955E-05
9.99279E-05 9.99279E-05 0.0317313 0.539807 9.99279E-05 9.99279E-05 0.419967 9.99279E-05 0.00769574 9.99279E-05 9.99279E-05 9.99279E-05
9.99278E-05 9.99278E-05 0.0140029 0.0520868 9.99278E-05 9.99278E-05 9.99278E-05 9.99278E-05 0.887335 9.99278E-05 0.0457763 9.99278E-05
9.99189E-05 9.99189E-05 9.99189E-05 9.99189E-05 9.99189E-05 9.99189E-05 0.0282188 0.00695572 0.963926 9.99189E-05 9.99189E-05 9.99189E-05
9.9928E-05 9.9928E-05 9.9928E-05 0.868035 9.9928E-05 9.9928E-05 0.0734076 9.9928E-05 9.9928E-05 9.9928E-05 0.0482311 0.00952645
9.991E-05 9.991E-05 9.991E-05 9.991E-05 9.991E-05 9.991E-05 9.991E-05 9.991E-05 9.991E-05 9.991E-05 0.0243509 0.97465
9.99099E-05 9.99099E-05 9.99099E-05 9.99099E-05 9.99099E-05 9.99099E-05 9.99099E-05 9.99099E-05 9.99099E-05 9.99099E-05 0.0103431 0.988658
9.99011E-05 9.99011E-05 9.99011E-05 9.99011E-05 0.998901 9.99011E-05 9.99011E-05 9.99011E-05 9.99011E-05 9.99011E-05 9.99011E-05 9.99011E-05
9.99101E-05 9.99101E-05 9.99101E-05 9.99101E-05 0.997731 9.99101E-05 9.99101E-05 0.00126945 9.99101E-05 9.99101E-05 9.99101E-05 9.99101E-05
0.0644652 0.0213511 9.99369E-05 9.99369E-05 9.99369E-05 9.99369E-05 9.99369E-05 0.00318196 9.99369E-05 0.801858 9.99369E-05 0.108444
0.0337071 0.016103 9.99369E-05 9.99369E-05 9.99369E-05 9.99369E-05 9.99369E-05 0.0426658 9.99369E-05 0.779216 9.99369E-05 0.127608
9.99281E-05 9.99281E-05 9.99281E-05 9.99281E-05 0.957346 9.99281E-05 9.99281E-05 9.99281E-05 0.00860059 0.0152454 9.99281E-05 0.0180085
9.99011E-05 9.99011E-05 9.99011E-05 9.99011E-05 0.998901 9.99011E-05 9.99011E-05 9.99011E-05 9.99011E-05 9.99011E-05 9.99011E-05 9.99011E-05
9.99189E-05 0.952217 9.99189E-05 9.99189E-05 9.99189E-05 9.99189E-05 9.99189E-05 0.0249362 9.99189E-05 9.99189E-05 0.0219476 9.99189E-05
0.0813703 0.00466651 9.99459E-05 9.99459E-05 9.99459E-05 0.0804673 9.99459E-05 0.204365 9.99459E-05 0.189717 9.99459E-05 0.438814
0.932824 9.991E-05 9.991E-05 9.991E-05 9.991E-05 9.991E-05 9.991E-05 9.991E-05 9.991E-05 9.991E-05 0.0661767 9.991E-05
9.99462E-05 9.99462E-05 0.437653 0.00121772 0.0429238 0.0703296 9.99462E-05 0.217767 9.99462E-05 0.22951 9.99462E-05 9.99462E-05
9.99372E-05 0.124855 0.44707 9.99372E-05 0.102535 0.0268982 9.99372E-05 0.297943 9.99372E-05 9.99372E-05 9.99372E-05 9.99372E-05
9.994E-05 9.994E-05 9.994E-05 0.204724 0.0415889 0.0330311 0.278967 9.994E-05 0.310553 9.994E-05 0.130537 9.994E-05
