9.996E-05 0.9995 9.996E-05 9.996E-05 9.996E-05 9.996E-05
0.316996 0.457385 9.9973E-05 0.225319 9.9973E-05 9.9973E-05
0.795751 9.99911E-05 0.0346604 0.0800625 0.0526599 0.0367658
0.960823 9.9964E-05 9.9964E-05 9.9964E-05 0.0387773 9.9964E-05
0.469753 0.303248 9.99731E-05 0.226699 9.99731E-05 9.99731E-05
0.987249 0.0123512 9.9964E-05 9.9964E-05 9.9964E-05 9.9964E-05
0.0258712 9.99731E-05 9.99731E-05 0.349974 9.99731E-05 0.623855
0.436967 0.103674 9.99821E-05 0.447119 0.0120393 9.99821E-05
0.0461941 0.0727354 9.9982E-05 0.405842 9.9982E-05 0.475028
9.9982E-05 0.830243 9.9982E-05 0.0917533 0.0752248 0.0025794
9.9982E-05 0.790872 9.9982E-05 0.0969675 0.0654639 0.0464962
0.0452888 0.628428 9.9982E-05 9.9982E-05 0.107117 0.218966
9.996E-05 9.996E-05 9.996E-05 9.996E-05 9.996E-05 0.9995
0.953265 0.014707 0.0317285 9.9973E-05 9.9973E-05 9.9973E-05
0.956719 0.0428807 9.9964E-05 9.9964E-05 9.9964E-05 9.9964E-05
0.00203392 0.50415 9.9991E-05 0.0747391 0.0333265 0.385651
9.9982E-05 0.431828 0.0712385 9.9982E-05 0.348275 0.148459
9.99729E-05 0.223191 0.696805 0.0797037 9.99729E-05 9.99729E-05
9.9964E-05 9.9964E-05 0.926041 9.9964E-05 0.0735596 9.9964E-05
9.9973E-05 0.824613 9.9973E-05 9.9973E-05 0.115317 0.0597698
9.996E-05 9.996E-05 0.9995 9.996E-05 9.996E-05 9.996E-05
9.9973E-05 0.911616 9.9973E-05 9.9973E-05 0.00633652 0.0817477
9.9982E-05 0.212416 0.363055 0.0527956 0.371533 9.9982E-05
9.99639E-05 9.99639E-05 0.906263 9.99639E-05 0.0933375 9.99639E-05
0.961 9.99641E-05 9.99641E-05 0.0386001 9.99641E-05 9.99641E-05
0.9995 9.996E-05 9.996E-05 9.996E-05 9.996E-05 9.996E-05
9.99729E-05 0.176042 9.99729E-05 9.99729E-05 0.0547209 0.768937
0.923991 9.9964E-05 9.9964E-05 0.0756089 9.9964E-05 9.9964E-05
0.891846 9.9973E-05 9.9973E-05 0.0933653 9.9973E-05 0.0144888
0.682375 9.9991E-05 0.0514829 0.231459 0.019632 0.014951
0.658988 9.99731E-05 9.99731E-05 0.275595 0.0651165 9.99731E-05
0.105295 0.339588 9.99731E-05 0.554818 9.99731E-05 9.99731E-05
0.9995 9.996E-05 9.996E-05 9.996E-05 9.996E-05 9.996E-05
0.0815361 9.99731E-05 9.99731E-05 0.910562 0.00760224 9.99731E-05
0.0387774 0.176129 9.99819E-05 9.99819E-05 0.241213 0.543681
0.955528 9.99729E-05 9.99729E-05 9.99729E-05 0.00507441 0.039098
0.0662196 0.933381 9.99642E-05 9.99642E-05 9.99642E-05 9.99642E-05
0.0306675 0.84191 0.00642905 0.120793 9.9982E-05 9.9982E-05
0.112558 0.206238 0.0575402 9.9991E-05 0.428272 0.195292
0.107707 0.881321 9.9973E-05 9.9973E-05 0.0106717 9.9973E-05
0.0631476 0.90116 9.9973E-05 9.9973E-05 0.0353927 9.9973E-05
9.9982E-05 0.903725 0.0199025 9.9982E-05 0.0505489 0.0256235
9.9973E-05 0.605017 9.9973E-05 0.0609492 9.9973E-05 0.333734
9.9982E-05 0.817016 9.9982E-05 0.0568374 0.0952266 0.0307202
9.9991E-05 0.543832 0.106932 0.00347816 0.159944 0.185714
0.0619784 0.765608 0.0343529 0.033394 0.0413169 0.0633498
0.11704 0.525391 9.9991E-05 0.0477236 0.110171 0.199574
9.99644E-05 0.990922 0.00867805 9.99644E-05 9.99644E-05 9.99644E-05
9.996E-05 9.996E-05 9.996E-05 0.9995 9.996E-05 9.996E-05
9.996E-05 9.996E-05 9.996E-05 0.9995 9.996E-05 9.996E-05
9.996E-05 9.996E-05 9.996E-05 0.9995 9.996E-05 9.996E-05
9.996E-05 9.996E-05 9.996E-05 0.9995 9.996E-05 9.996E-05
9.996E-05 9.996E-05 9.996E-05 0.9995 9.996E-05 9.996E-05
0.214352 0.0256025 0.0393932 0.658874 9.9991E-05 0.0616786
9.99639E-05 9.99639E-05 9.99639E-05 0.9879 0.0117003 9.99639E-05
9.9964E-05 0.926037 9.9964E-05 9.9964E-05 9.9964E-05 0.0735632
0.142514 0.355586 9.9973E-05 0.5016 9.9973E-05 9.9973E-05
0.9995 9.996E-05 9.996E-05 9.996E-05 9.996E-05 9.996E-05
9.9982E-05 0.0391547 9.9982E-05 0.00308965 0.0751737 0.882382
0.0785544 0.455335 9.9982E-05 9.9982E-05 0.00784493 0.458066
9.996E-05 9.996E-05 9.996E-05 9.996E-05 9.996E-05 0.9995
9.99639E-05 0.0925697 9.99639E-05 9.99639E-05 9.99639E-05 0.90703
9.99819E-05 0.036289 0.011316 9.99819E-05 0.0896807 0.862514
9.99731E-05 0.0700653 0.901027 0.0286081 9.99731E-05 9.99731E-05
0.9995 9.996E-05 9.996E-05 9.996E-05 9.996E-05 9.996E-05
0.234854 0.136975 0.0345313 0.137151 0.127699 0.32879
0.956052 9.99731E-05 9.99731E-05 0.0193688 9.99731E-05 0.0242796
0.951615 0.0479853 9.9964E-05 9.9964E-05 9.9964E-05 9.9964E-05
0.872602 9.9973E-05 9.9973E-05 0.0951772 9.9973E-05 0.0319209
0.92186 9.9973E-05 0.00555032 0.07229 9.9973E-05 9.9973E-05
0.917305 0.0822955 9.99641E-05 9.99641E-05 9.99641E-05 9.99641E-05
0.993796 9.9973E-05 0.0039564 9.9973E-05 0.00194791 9.9973E-05
0.528881 9.99732E-05 9.99732E-05 0.454821 9.99732E-05 0.0159982
0.464909 9.99732E-05 9.99732E-05 0.343532 9.99732E-05 0.19126
0.957683 0.0390981 0.002919 9.9973E-05 9.9973E-05 9.9973E-05
0.0754407 0.639034 9.9991E-05 0.0787474 0.0364275 0.17025
0.0382711 0.564511 9.9991E-05 0.128303 0.0331301 0.235684
9.996E-05 9.996E-05 9.996E-05 9.996E-05 0.9995 9.996E-05
9.996E-05 9.996E-05 9.996E-05 9.996E-05 0.9995 9.996E-05
9.9982E-05 0.870621 9.9982E-05 0.0862776 0.0311792 0.0117223
9.99896E-05 0.844263 9.99896E-05 0.0562995 0.000498875 0.0987385
9.9964E-05 9.9964E-05 9.9964E-05 0.00396732 0.995633 9.9964E-05
9.996E-05 9.996E-05 9.996E-05 9.996E-05 0.9995 9.996E-05
9.99641E-05 0.92929 9.99641E-05 9.99641E-05 9.99641E-05 0.0703101
9.9982E-05 0.58514 0.055038 0.0389563 9.9982E-05 0.320666
0.0917328 0.282044 9.9982E-05 0.603666 9.9982E-05 0.0223569
0.046412 0.254624 0.133214 9.9991E-05 0.245852 0.319797
9.9982E-05 0.201923 0.0730966 9.9982E-05 0.319878 0.404903
0.615351 9.9991E-05 0.0254168 0.292512 0.0492117 0.0174088
