0.9995 9.996E-05 9.996E-05 9.996E-05 9.996E-05 9.996E-05
0.43423 0.236906 9.9973E-05 9.9973E-05 9.9973E-05 0.328564
9.999E-05 0.0867757 0.0663996 0.0738732 0.0268673 0.745984
9.9964E-05 9.9964E-05 9.9964E-05 0.0430777 9.9964E-05 0.956522
0.272287 0.262182 9.99731E-05 9.99731E-05 9.99731E-05 0.465231
9.9964E-05 9.9964E-05 9.9964E-05 0.00858702 9.9964E-05 0.991013
9.99731E-05 0.331975 0.623985 9.99731E-05 9.99731E-05 0.0437395
0.0684999 0.465537 9.9982E-05 0.0326721 9.9982E-05 0.433091
0.125103 0.426577 0.437885 9.99821E-05 9.99821E-05 0.0102339
0.796122 0.105664 0.0184081 0.0796061 9.9982E-05 9.9982E-05
0.791095 0.0893517 0.0640517 0.0553021 9.9982E-05 9.9982E-05
0.636091 9.9982E-05 0.193935 0.128998 9.9982E-05 0.0407756
9.996E-05 9.996E-05 0.9995 9.996E-05 9.996E-05 9.996E-05
9.9964E-05 9.9964E-05 9.9964E-05 9.9964E-05 0.0356049 0.963995
0.0459112 9.9964E-05 9.9964E-05 9.9964E-05 9.9964E-05 0.953689
0.563919 0.0416258 0.351493 0.022798 9.9991E-05 0.0200642
0.373642 9.9982E-05 0.188141 0.370262 0.0677546 9.9982E-05
0.20636 0.0686353 9.99729E-05 9.99729E-05 0.724705 9.99729E-05
9.9964E-05 9.9964E-05 9.9964E-05 0.0985721 0.901028 9.9964E-05
0.81636 0.00108969 0.0557837 0.126567 9.9982E-05 9.9982E-05
9.996E-05 9.996E-05 9.996E-05 9.996E-05 0.9995 9.996E-05
0.893881 9.9973E-05 0.0869192 0.0189001 9.9973E-05 9.9973E-05
0.109122 0.0702448 9.9982E-05 0.373958 0.446475 9.9982E-05
9.9964E-05 9.9964E-05 9.9964E-05 0.109949 0.889651 9.9964E-05
9.996E-05 9.996E-05 9.996E-05 9.996E-05 9.996E-05 0.9995
9.996E-05 9.996E-05 9.996E-05 9.996E-05 9.996E-05 0.9995
0.142765 9.99729E-05 0.767721 0.0892137 9.99729E-05 9.99729E-05
9.9964E-05 0.0758262 9.9964E-05 9.9964E-05 9.9964E-05 0.923774
9.9973E-05 0.11109 0.00757788 9.9973E-05 9.9973E-05 0.881032
9.99821E-05 0.228215 0.0154882 9.99821E-05 0.0317512 0.724346
9.99731E-05 0.333186 9.99731E-05 0.0291448 9.99731E-05 0.63737
0.325899 0.605591 9.99732E-05 9.99732E-05 9.99732E-05 0.0682104
9.996E-05 9.996E-05 9.996E-05 9.996E-05 9.996E-05 0.9995
9.9973E-05 0.90815 9.9973E-05 0.0228799 9.9973E-05 0.0686704
0.149775 9.99819E-05 0.549803 0.24759 9.99819E-05 0.0526317
9.9973E-05 9.9973E-05 0.0248895 0.00228185 9.9973E-05 0.972529
0.937547 9.99642E-05 9.99642E-05 9.99642E-05 9.99642E-05 0.0620534
0.795223 0.140668 9.9982E-05 9.9982E-05 0.0338449 0.0300639
0.268062 9.9991E-05 0.143987 0.395544 0.0421732 0.150134
0.879891 9.9973E-05 9.9973E-05 0.010461 9.9973E-05 0.109348
0.897686 9.9982E-05 9.9982E-05 0.0291605 0.00671712 0.0662359
0.855906 0.0238074 0.0231277 0.0816218 0.0154372 9.9991E-05
0.699707 0.0186324 0.28136 9.9973E-05 9.9973E-05 9.9973E-05
0.78646 0.0469519 0.0501402 0.10576 0.0105885 9.9991E-05
0.479622 0.0127097 0.200051 0.177015 0.130503 9.9991E-05
0.758211 0.023792 0.00501337 0.0982859 0.0327934 0.0819039
0.467157 0.0641516 0.248213 0.104378 9.9991E-05 0.116
0.977333 9.99644E-05 9.99644E-05 9.99644E-05 0.0222671 9.99644E-05
9.996E-05 0.9995 9.996E-05 9.996E-05 9.996E-05 9.996E-05
9.996E-05 0.9995 9.996E-05 9.996E-05 9.996E-05 9.996E-05
9.996E-05 0.9995 9.996E-05 9.996E-05 9.996E-05 9.996E-05
9.996E-05 0.9995 9.996E-05 9.996E-05 9.996E-05 9.996E-05
9.996E-05 0.9995 9.996E-05 9.996E-05 9.996E-05 9.996E-05
0.0187139 0.629907 0.0862436 9.9991E-05 0.0195733 0.245462
9.99639E-05 0.985109 9.99639E-05 0.0144907 9.99639E-05 9.99639E-05
0.948743 9.9964E-05 0.0508573 9.9964E-05 9.9964E-05 9.9964E-05
0.345612 0.556606 9.9973E-05 9.9973E-05 9.9973E-05 0.0974823
9.996E-05 9.996E-05 9.996E-05 9.996E-05 9.996E-05 0.9995
0.0416867 0.01645 0.882953 0.0587105 9.9982E-05 9.9982E-05
0.596728 9.9982E-05 0.305665 0.0145653 9.9982E-05 0.0828415
9.996E-05 9.996E-05 0.9995 9.996E-05 9.996E-05 9.996E-05
0.108111 9.99729E-05 0.877333 0.0142561 9.99729E-05 9.99729E-05
0.0485132 9.99819E-05 0.852956 0.0932168 0.00511366 9.99819E-05
0.0831234 0.00175478 9.99731E-05 9.99731E-05 0.914822 9.99731E-05
9.996E-05 9.996E-05 9.996E-05 9.996E-05 9.996E-05 0.9995
0.307004 0.163964 0.0939088 0.14997 0.0263337 0.258819
9.99641E-05 9.99641E-05 0.00731175 9.99641E-05 9.99641E-05 0.992288
0.00416596 0.00103409 9.9973E-05 9.9973E-05 9.9973E-05 0.9945
9.9973E-05 0.0732736 0.0081936 9.9973E-05 9.9973E-05 0.918233
9.9982E-05 0.0944505 0.00733917 9.9982E-05 0.0140616 0.883949
0.0712067 0.00481595 9.99802E-05 9.99802E-05 9.99802E-05 0.923677
9.9964E-05 0.0019212 9.9964E-05 9.9964E-05 9.9964E-05 0.997679
0.00655689 0.47002 0.00316795 9.99821E-05 9.99821E-05 0.520055
9.99732E-05 0.317129 0.185038 9.99732E-05 9.99732E-05 0.497533
0.0185882 0.0366351 9.9982E-05 0.0107276 9.9982E-05 0.933849
0.727944 0.0970726 0.104282 0.0169019 9.9991E-05 0.0536998
0.659121 0.141516 0.110885 0.0451293 9.9991E-05 0.0432482
9.996E-05 9.996E-05 9.996E-05 0.9995 9.996E-05 9.996E-05
9.996E-05 9.996E-05 9.996E-05 0.9995 9.996E-05 9.996E-05
0.844923 0.0781989 0.00477917 0.0564419 0.0155566 9.9991E-05
0.767926 0.0848993 0.101272 0.0195992 0.0262036 9.9991E-05
9.996E-05 9.996E-05 9.996E-05 0.9995 9.996E-05 9.996E-05
9.996E-05 9.996E-05 9.996E-05 0.9995 9.996E-05 9.996E-05
0.942298 9.99641E-05 0.0573017 9.99641E-05 9.99641E-05 9.99641E-05
0.687781 0.0182294 0.211509 9.9991E-05 0.0590184 0.0233618
0.29635 0.566401 0.0384959 9.9982E-05 9.9982E-05 0.0985531
0.153338 9.9991E-05 0.349674 0.342487 0.118505 0.0358956
0.178864 9.99821E-05 0.412105 0.374184 0.034646 9.99821E-05
9.99821E-05 0.325053 9.99821E-05 0.0229548 0.0375678 0.614225
