9.996E-05 9.996E-05 9.996E-05 9.996E-05 0.9995 9.996E-05
9.9973E-05 9.9973E-05 0.299521 0.266586 0.433593 9.9973E-05
0.0418983 0.0649476 0.731399 0.0811341 9.99911E-05 0.0805209
9.9964E-05 0.015032 0.984568 9.9964E-05 9.9964E-05 9.9964E-05
9.99731E-05 9.99731E-05 0.468546 0.255137 0.276017 9.99731E-05
9.9964E-05 9.9964E-05 0.988801 9.9964E-05 0.0107996 9.9964E-05
9.99732E-05 9.99732E-05 0.0186935 0.394741 9.99732E-05 0.586266
9.9982E-05 0.0213084 0.440691 0.432845 0.104955 9.9982E-05
9.99731E-05 9.99731E-05 9.99731E-05 0.429576 0.121106 0.449017
9.99731E-05 0.0666442 9.99731E-05 0.115133 0.817923 9.99731E-05
9.9982E-05 0.0453593 9.9982E-05 0.0925559 0.827912 0.033973
9.9982E-05 0.129941 0.0587945 9.9982E-05 0.643886 0.167178
9.996E-05 9.996E-05 9.996E-05 9.996E-05 9.996E-05 0.9995
0.0204886 9.9964E-05 0.979112 9.9964E-05 9.9964E-05 9.9964E-05
9.9964E-05 9.9964E-05 0.94952 9.9964E-05 0.0500803 9.9964E-05
9.9973E-05 9.9973E-05 9.9973E-05 0.0721837 0.589926 0.337591
0.0761766 0.369982 9.9982E-05 9.9982E-05 0.391532 0.162109
0.724946 9.99729E-05 9.99729E-05 0.04682 0.227934 9.99729E-05
0.905948 0.0936525 9.9964E-05 9.9964E-05 9.9964E-05 9.9964E-05
9.9973E-05 0.136659 9.9973E-05 9.9973E-05 0.830997 0.0320445
0.9995 9.996E-05 9.996E-05 9.996E-05 9.996E-05 9.996E-05
9.9973E-05 0.0226862 9.9973E-05 9.9973E-05 0.882594 0.0944202
0.409894 0.404734 9.9982E-05 0.0694485 0.115724 9.9982E-05
0.920848 0.0787523 9.9964E-05 9.9964E-05 9.9964E-05 9.9964E-05
9.99731E-05 9.99731E-05 0.993274 0.0062866 9.99731E-05 0.000139057
9.996E-05 9.996E-05 0.9995 9.996E-05 9.996E-05 9.996E-05
9.99729E-05 0.0783974 9.99729E-05 9.99729E-05 0.143068 0.778234
9.9964E-05 9.9964E-05 0.923187 0.0764133 9.9964E-05 9.9964E-05
9.9973E-05 9.9973E-05 0.906521 0.0758315 9.9973E-05 0.0173473
0.0217867 0.0170161 0.708065 0.243879 9.9991E-05 0.00915364
9.9973E-05 0.0693615 0.634029 0.29631 9.9973E-05 9.9973E-05
9.99732E-05 9.99732E-05 0.0893451 0.550678 0.359677 9.99732E-05
9.996E-05 9.996E-05 0.9995 9.996E-05 9.996E-05 9.996E-05
9.99731E-05 9.99731E-05 0.0904267 0.905692 9.99731E-05 0.00358111
9.99819E-05 0.220816 0.04042 9.99819E-05 0.205017 0.533547
9.99729E-05 0.00876619 0.961148 9.99729E-05 9.99729E-05 0.0297854
9.99642E-05 9.99642E-05 0.0826457 9.99642E-05 0.916954 9.99642E-05
0.047632 9.9982E-05 0.031929 0.151902 0.768337 9.9982E-05
0.0404895 0.420859 0.131281 9.9991E-05 0.226686 0.180585
9.9973E-05 0.00908552 0.118554 9.9973E-05 0.872061 9.9973E-05
0.00761519 0.0220231 0.0766703 9.9982E-05 0.893491 9.9982E-05
0.0194328 0.0490506 9.9982E-05 9.9982E-05 0.929215 0.00210212
9.9973E-05 9.9973E-05 9.9973E-05 0.0704215 0.665415 0.263864
9.9982E-05 0.0781383 9.9982E-05 0.0435933 0.82874 0.0493288
0.111393 0.178886 9.9982E-05 9.9982E-05 0.522979 0.186542
0.0606229 0.0439192 0.0407264 0.0381828 0.783927 0.0326218
9.9991E-05 0.132562 0.120534 0.0739012 0.504637 0.168265
9.996E-05 9.996E-05 9.996E-05 9.996E-05 0.9995 9.996E-05
9.996E-05 9.996E-05 9.996E-05 0.9995 9.996E-05 9.996E-05
9.996E-05 9.996E-05 9.996E-05 0.9995 9.996E-05 9.996E-05
9.996E-05 9.996E-05 9.996E-05 0.9995 9.996E-05 9.996E-05
9.996E-05 9.996E-05 9.996E-05 0.9995 9.996E-05 9.996E-05
9.996E-05 9.996E-05 9.996E-05 0.9995 9.996E-05 9.996E-05
0.034746 9.9991E-05 0.239397 0.615714 0.0540516 0.0559917
9.99639E-05 0.0060535 9.99639E-05 0.993547 9.99639E-05 9.99639E-05
9.9964E-05 9.9964E-05 9.9964E-05 9.9964E-05 0.970359 0.029241
9.9991E-05 0.00932954 0.0968008 0.559676 0.327243 0.00685008
9.996E-05 9.996E-05 0.9995 9.996E-05 9.996E-05 9.996E-05
9.9973E-05 0.0213282 9.9973E-05 9.9973E-05 0.0692557 0.909116
9.9982E-05 0.0180931 0.09602 9.9982E-05 0.577602 0.308085
9.996E-05 9.996E-05 9.996E-05 9.996E-05 9.996E-05 0.9995
9.99639E-05 9.99639E-05 9.99639E-05 9.99639E-05 0.106681 0.89292
0.00255572 0.0732783 9.99819E-05 9.99819E-05 0.0600836 0.863882
0.897532 9.99641E-05 9.99641E-05 9.99641E-05 0.102068 9.99641E-05
9.996E-05 9.996E-05 0.9995 9.996E-05 9.996E-05 9.996E-05
0.0672211 0.0861441 0.294945 0.129217 0.291588 0.130884
9.99731E-05 9.99731E-05 0.982519 0.00638475 9.99731E-05 0.0107965
9.9982E-05 0.0113413 0.972342 0.00421067 0.0119064 9.9982E-05
9.9973E-05 9.9973E-05 0.889158 0.0924017 0.0181402 9.9973E-05
0.0174395 9.9982E-05 0.949127 0.0267978 0.00643551 9.9982E-05
9.99731E-05 0.0176506 0.940911 9.99731E-05 0.0411384 9.99731E-05
9.99639E-05 0.015337 0.984263 9.99639E-05 9.99639E-05 9.99639E-05
9.99643E-05 9.99643E-05 0.496892 0.502708 9.99643E-05 9.99643E-05
9.99732E-05 9.99732E-05 0.505621 0.342432 9.99732E-05 0.151648
0.00981873 0.00469155 0.924417 0.0608727 9.9982E-05 9.9982E-05
9.9991E-05 0.063477 0.0258901 0.163311 0.652778 0.0944439
9.9991E-05 0.0317501 0.00476582 0.16643 0.630992 0.165963
9.996E-05 0.9995 9.996E-05 9.996E-05 9.996E-05 9.996E-05
9.996E-05 0.9995 9.996E-05 9.996E-05 9.996E-05 9.996E-05
9.9982E-05 0.0369113 9.9982E-05 0.059171 0.879855 0.0238626
0.0141294 0.000939408 9.9991E-05 0.0802432 0.859661 0.0449275
9.9964E-05 0.996 9.9964E-05 0.00360009 9.9964E-05 9.9964E-05
9.996E-05 0.9995 9.996E-05 9.996E-05 9.996E-05 9.996E-05
9.99641E-05 9.99641E-05 9.99641E-05 9.99641E-05 0.951826 0.0477739
0.0667061 9.9991E-05 0.00346746 0.0224882 0.636247 0.270991
9.9982E-05 9.9982E-05 0.0853345 0.612443 0.289474 0.012548
0.11325 0.271966 0.049713 9.9991E-05 0.257481 0.307491
0.0544524 0.348005 9.99821E-05 9.99821E-05 0.172146 0.425197
0.0364223 0.00440495 0.560695 0.371741 9.9991E-05 0.0266367
