9.996E-05 0.9995 9.996E-05 9.996E-05 9.996E-05 9.996E-05
9.9973E-05 0.424327 9.9973E-05 0.28107 0.294303 9.9973E-05
0.0240513 9.99911E-05 0.0931945 0.00428136 0.833721 0.0446515
9.9964E-05 9.9964E-05 9.9964E-05 9.9964E-05 0.961174 0.0384265
9.99731E-05 0.286637 9.99731E-05 0.259319 0.453744 9.99731E-05
9.9973E-05 0.00113729 9.9973E-05 9.9973E-05 0.94653 0.0520331
9.99821E-05 0.0164624 0.583045 0.385642 0.0146502 9.99821E-05
9.9982E-05 0.110565 9.9982E-05 0.461367 0.423691 0.00417776
9.99821E-05 0.114929 0.471571 0.398045 0.0152544 9.99821E-05
9.99731E-05 0.873561 9.99731E-05 0.0841874 9.99731E-05 0.0419521
9.9982E-05 0.843108 0.0332479 0.071277 9.9982E-05 0.0521673
9.9982E-05 0.619678 0.215463 9.9982E-05 0.0440038 0.120655
9.996E-05 9.996E-05 0.9995 9.996E-05 9.996E-05 9.996E-05
0.0261952 0.0338479 9.9973E-05 9.9973E-05 0.939657 9.9973E-05
9.9964E-05 0.0554971 9.9964E-05 9.9964E-05 0.944103 9.9964E-05
9.999E-05 0.52701 0.413757 0.0306551 0.0219818 0.00649607
0.0719246 0.347363 0.199009 9.9991E-05 0.0338017 0.347803
0.699171 0.233853 9.99729E-05 0.0666764 9.99729E-05 9.99729E-05
0.942133 9.9964E-05 9.9964E-05 9.9964E-05 9.9964E-05 0.057467
9.9982E-05 0.809255 0.0850543 0.00115735 9.9982E-05 0.104333
0.98411 9.9964E-05 9.9964E-05 9.9964E-05 0.0154904 9.9964E-05
9.9973E-05 0.868484 0.114859 9.9973E-05 9.9973E-05 0.0163567
0.42141 0.170966 9.9991E-05 0.0219019 0.0130584 0.372563
0.927439 9.99639E-05 9.99639E-05 9.99639E-05 9.99639E-05 0.0721609
9.996E-05 9.996E-05 9.996E-05 9.996E-05 0.9995 9.996E-05
9.996E-05 9.996E-05 9.996E-05 9.996E-05 0.9995 9.996E-05
9.99729E-05 0.144896 0.794388 9.99729E-05 9.99729E-05 0.0604167
9.9973E-05 9.9973E-05 0.0236349 0.0585239 0.917541 9.9973E-05
9.9973E-05 9.9973E-05 0.00954183 0.119349 0.870809 9.9973E-05
0.0225366 9.99821E-05 9.99821E-05 0.242031 0.69085 0.0443829
0.0020602 9.9982E-05 9.9982E-05 0.270002 0.654575 0.0731636
9.99732E-05 0.360647 9.99732E-05 0.563398 0.0756553 9.99732E-05
9.996E-05 9.996E-05 9.996E-05 9.996E-05 0.9995 9.996E-05
9.9973E-05 9.9973E-05 0.00476772 0.901114 0.0938185 9.9973E-05
9.9982E-05 0.157849 0.565525 9.9982E-05 0.0386426 0.237783
9.9982E-05 0.00269666 0.0342887 9.9982E-05 0.940755 0.0220592
9.99642E-05 0.94366 9.99642E-05 9.99642E-05 0.0559406 9.99642E-05
0.017338 0.843084 9.9982E-05 0.117377 0.0220002 9.9982E-05
0.0541337 0.229657 0.155995 9.9991E-05 0.152942 0.407172
9.9973E-05 0.880464 9.9973E-05 9.9973E-05 0.112466 0.00676979
0.00069978 0.899325 9.9982E-05 9.9982E-05 0.0850081 0.0147671
0.0223631 0.896628 0.016699 9.9982E-05 9.9982E-05 0.0641102
9.9973E-05 0.583215 0.350837 0.0656474 9.9973E-05 9.9973E-05
0.0144836 0.875009 0.0178962 0.0178227 9.9991E-05 0.0746887
0.101412 0.508741 0.196598 0.035485 9.9991E-05 0.157664
0.0500261 0.709646 0.0608489 0.0220139 0.0717572 0.0857083
9.9991E-05 0.426476 0.238806 0.0604736 0.106925 0.16722
0.0165836 0.983017 9.99644E-05 9.99644E-05 9.99644E-05 9.99644E-05
9.996E-05 9.996E-05 9.996E-05 0.9995 9.996E-05 9.996E-05
9.996E-05 9.996E-05 9.996E-05 0.9995 9.996E-05 9.996E-05
9.996E-05 9.996E-05 9.996E-05 0.9995 9.996E-05 9.996E-05
9.996E-05 9.996E-05 9.996E-05 0.9995 9.996E-05 9.996E-05
9.996E-05 9.996E-05 9.996E-05 0.9995 9.996E-05 9.996E-05
0.0313411 0.0160379 0.0973651 0.614545 0.240611 9.9991E-05
9.99639E-05 9.99639E-05 9.99639E-05 0.989662 9.99639E-05 0.00993766
9.9964E-05 0.923358 0.0762421 9.9964E-05 9.9964E-05 9.9964E-05
9.9973E-05 0.352195 9.9973E-05 0.582133 0.0653719 9.9973E-05
9.996E-05 9.996E-05 9.996E-05 9.996E-05 0.9995 9.996E-05
9.9964E-05 9.9964E-05 0.923405 9.9964E-05 9.9964E-05 0.076195
9.9982E-05 0.476051 0.449621 9.9982E-05 0.0588677 0.01526
9.996E-05 9.996E-05 0.9995 9.996E-05 9.996E-05 9.996E-05
9.99639E-05 0.0650196 0.934581 9.99639E-05 9.99639E-05 9.99639E-05
0.00593574 0.0253432 0.887705 9.99819E-05 9.99819E-05 0.0808157
0.927739 0.0718614 9.99641E-05 9.99641E-05 9.99641E-05 9.99641E-05
9.996E-05 9.996E-05 9.996E-05 9.996E-05 0.9995 9.996E-05
0.0751695 0.252826 0.145758 0.186955 0.230367 0.108924
9.99641E-05 9.99641E-05 0.0304723 9.99641E-05 0.969128 9.99641E-05
9.9964E-05 0.0149471 9.9964E-05 9.9964E-05 0.984653 9.9964E-05
9.9973E-05 9.9973E-05 0.0117466 0.0995723 0.888381 9.9973E-05
9.9973E-05 9.9973E-05 0.00260453 0.0574558 0.93964 9.9973E-05
9.99641E-05 0.054838 9.99641E-05 9.99641E-05 0.944762 9.99641E-05
9.9964E-05 9.9964E-05 9.9964E-05 9.9964E-05 0.996304 0.00329657
9.99643E-05 9.99643E-05 9.99643E-05 0.498818 0.500783 9.99643E-05
9.99732E-05 9.99732E-05 0.1713 0.34219 0.48621 9.99732E-05
9.9982E-05 0.0241653 9.9982E-05 0.0239405 0.950318 0.00137659
9.9991E-05 0.600663 0.189067 0.139155 0.0507726 0.0202427
9.9991E-05 0.564763 0.219231 0.140041 0.0414091 0.0344558
9.996E-05 9.996E-05 9.996E-05 9.996E-05 9.996E-05 0.9995
9.996E-05 9.996E-05 9.996E-05 9.996E-05 9.996E-05 0.9995
9.9982E-05 0.853664 0.0447686 0.0745889 9.9982E-05 0.0267783
0.000117973 0.844641 0.0676585 0.0698409 9.9991E-05 0.0176418
9.9964E-05 9.9964E-05 9.9964E-05 0.0133502 9.9964E-05 0.98625
9.996E-05 9.996E-05 9.996E-05 9.996E-05 9.996E-05 0.9995
9.99641E-05 0.945509 0.0540911 9.99641E-05 9.99641E-05 9.99641E-05
0.0471221 0.601038 0.335395 9.9982E-05 0.0162451 9.9982E-05
9.9982E-05 0.318371 0.0112804 0.590294 0.0798547 9.9982E-05
0.13346 0.0990983 0.367174 9.9991E-05 0.0682392 0.331929
0.0642582 0.128308 0.448226 9.99821E-05 9.99821E-05 0.359008
0.0762859 9.9991E-05 0.00583945 0.317377 0.587037 0.0133607
