9.9973E-05 0.00725252 9.9973E-05 9.9973E-05 0.992448
0.271728 0.0438496 0.311811 9.9991E-05 0.372511
0.0442524 0.0571809 0.844198 0.0411004 0.013268
9.9973E-05 0.0305993 0.969101 9.9973E-05 9.9973E-05
0.295574 9.99821E-05 0.448938 9.99821E-05 0.255288
9.9973E-05 0.0075746 0.992125 9.9973E-05 9.9973E-05
0.354997 9.99821E-05 0.0483288 9.99821E-05 0.596474
0.436898 0.0299062 0.452727 9.9991E-05 0.080369
0.439624 9.99731E-05 9.99731E-05 9.99731E-05 0.560076
0.16931 0.103003 9.9982E-05 9.9982E-05 0.727487
0.13092 0.112936 9.9982E-05 9.9982E-05 0.755944
9.9982E-05 0.16985 0.0647961 9.9982E-05 0.765154
9.99821E-05 0.00278338 0.0902761 9.99821E-05 0.906741
9.999E-05 0.0113519 0.969143 0.0172288 0.00217652
9.999E-05 0.00439665 0.954434 0.00819641 0.0328732
0.0457879 0.016183 0.0186641 9.9991E-05 0.919265
9.999E-05 0.382547 0.00203006 0.0861813 0.529142
0.114376 9.9982E-05 9.9982E-05 0.709433 0.175991
9.9973E-05 0.0921651 9.9973E-05 0.907535 9.9973E-05
0.0235769 0.159972 9.9982E-05 9.9982E-05 0.816251
9.997E-05 9.997E-05 9.997E-05 0.9996 9.997E-05
9.9973E-05 0.0412658 9.9973E-05 9.9973E-05 0.958434
0.059252 0.365364 9.9991E-05 0.430261 0.145023
9.99729E-05 0.0838263 9.99729E-05 0.915874 9.99729E-05
0.00622196 9.9973E-05 0.993478 9.9973E-05 9.9973E-05
9.997E-05 9.997E-05 0.9996 9.997E-05 9.997E-05
9.9973E-05 0.077225 9.9973E-05 9.9973E-05 0.922475
0.046577 9.9973E-05 0.953123 9.9973E-05 9.9973E-05
0.0945152 9.9973E-05 0.905185 9.9973E-05 9.9973E-05
0.280853 0.0352069 0.669194 0.014647 9.9991E-05
0.321422 0.0590697 0.619308 9.9982E-05 9.9982E-05
0.612528 0.0272486 0.0714562 9.9991E-05 0.288667
9.99731E-05 0.0114443 0.988256 9.99731E-05 9.99731E-05
0.893523 0.00450829 0.101769 9.9982E-05 9.9982E-05
9.9982E-05 0.236227 0.0761187 9.9982E-05 0.687454
9.9982E-05 0.000847351 0.984655 9.9982E-05 0.0142977
9.99821E-05 0.0328916 0.0731044 9.99821E-05 0.893804
0.217063 0.0235874 9.9991E-05 0.0388365 0.720413
9.9991E-05 0.377618 0.150471 0.0892422 0.382568
9.9991E-05 0.0740536 0.14084 0.00960213 0.775404
0.0347019 0.0919455 0.0733088 0.0152929 0.784751
0.0303808 0.0941784 9.9991E-05 0.0416466 0.833694
0.0670322 9.9973E-05 9.9973E-05 9.9973E-05 0.932668
0.0895093 0.12526 9.9982E-05 9.9982E-05 0.78503
0.0263306 0.195718 9.9991E-05 0.128196 0.649655
0.0684849 0.131623 0.0787052 0.0415385 0.679648
0.06702 0.151362 0.109108 9.9991E-05 0.67241
0.00234534 9.99822E-05 9.99822E-05 0.0511188 0.946336
0.9996 9.997E-05 9.997E-05 9.997E-05 9.997E-05
0.9996 9.997E-05 9.997E-05 9.997E-05 9.997E-05
0.9996 9.997E-05 9.997E-05 9.997E-05 9.997E-05
0.9996 9.997E-05 9.997E-05 9.997E-05 9.997E-05
0.9996 9.997E-05 9.997E-05 9.997E-05 9.997E-05
0.617083 9.9991E-05 0.26406 0.0391968 0.0795605
0.9996 9.997E-05 9.997E-05 9.997E-05 9.997E-05
9.997E-05 9.997E-05 9.997E-05 9.997E-05 0.9996
0.588381 0.00601712 0.111467 9.9991E-05 0.294034
9.997E-05 9.997E-05 0.9996 9.997E-05 9.997E-05
9.99821E-05 0.0608042 0.0034923 9.99821E-05 0.935504
9.99731E-05 9.99731E-05 0.102249 9.99731E-05 0.897451
9.99732E-05 9.99732E-05 9.99732E-05 0.000293753 0.999406
9.9973E-05 9.9973E-05 0.00558405 9.9973E-05 0.994116
9.9982E-05 0.10463 9.9982E-05 0.0255463 0.869624
0.0420378 9.99821E-05 9.99821E-05 0.897767 0.0599948
9.997E-05 9.997E-05 0.9996 9.997E-05 9.997E-05
0.172595 0.0281835 0.348028 0.086374 0.36482
0.00852926 9.99731E-05 0.991171 9.99731E-05 9.99731E-05
9.9973E-05 9.9973E-05 0.985633 9.9973E-05 0.0140672
0.0635245 9.9973E-05 0.936176 9.9973E-05 9.9973E-05
0.0163956 9.9982E-05 0.969471 9.9982E-05 0.0139329
0.0339619 0.0111516 0.924416 9.9991E-05 0.0303704
9.997E-05 9.997E-05 0.9996 9.997E-05 9.997E-05
0.499705 9.99732E-05 0.499995 9.99732E-05 9.99732E-05
0.405253 9.99911E-05 0.521193 0.0222108 0.0512424
9.9982E-05 9.9982E-05 0.979752 0.007015 0.0130334
0.123965 0.0602476 0.0522762 9.9991E-05 0.763411
0.152496 0.0372286 0.0692512 9.9991E-05 0.740924
9.997E-05 0.9996 9.997E-05 9.997E-05 9.997E-05
9.997E-05 0.9996 9.997E-05 9.997E-05 9.997E-05
0.111995 0.0959363 9.99819E-05 9.99819E-05 0.791869
0.100977 0.0832845 9.99819E-05 9.99819E-05 0.815538
9.997E-05 0.9996 9.997E-05 9.997E-05 9.997E-05
9.997E-05 0.9996 9.997E-05 9.997E-05 9.997E-05
9.997E-05 9.997E-05 9.997E-05 9.997E-05 0.9996
0.0671467 9.9991E-05 0.00428282 0.0641408 0.86433
0.608422 9.9982E-05 0.111145 9.9982E-05 0.280234
9.9991E-05 0.301168 0.0746529 0.136257 0.487822
9.9991E-05 0.333814 0.00464522 0.0579248 0.603516
0.367898 9.99821E-05 0.5732 0.0587017 9.99821E-05
