9.98559E-05 9.98559E-05 9.98559E-05 9.98559E-05 9.98559E-05 0.963519 9.98559E-05 9.98559E-05 9.98559E-05 0.0261457 9.98559E-05 9.98559E-05 9.98559E-05 9.98559E-05 9.98559E-05 0.00873811 9.98559E-05 9.98559E-05 9.98559E-05
0.132768 9.98649E-05 9.98649E-05 9.98649E-05 9.98649E-05 9.98649E-05 9.98649E-05 9.98649E-05 9.98649E-05 9.98649E-05 9.98649E-05 9.98649E-05 0.707703 9.98649E-05 9.98649E-05 0.0276682 0.130362 9.98649E-05 9.98649E-05
0.525934 0.156133 9.99018E-05 0.0326514 9.99018E-05 9.99018E-05 9.99018E-05 0.0529117 0.00837927 9.99018E-05 9.99018E-05 0.0511021 9.99018E-05 9.99018E-05 9.99018E-05 9.99018E-05 9.99018E-05 0.138517 0.0332728
0.869251 0.059373 0.0193837 0.00917947 9.9883E-05 9.9883E-05 9.9883E-05 9.9883E-05 9.9883E-05 9.9883E-05 9.9883E-05 9.9883E-05 9.9883E-05 0.00121452 9.9883E-05 9.9883E-05 9.9883E-05 9.9883E-05 0.0403001
0.357215 9.99102E-05 0.0756182 9.99102E-05 9.99102E-05 9.99102E-05 0.013952 9.99102E-05 0.217304 0.0452411 9.99102E-05 9.99102E-05 0.0827928 9.99102E-05 9.99102E-05 0.00757021 0.105272 0.0940357 9.99102E-05
0.975379 9.9856E-05 9.9856E-05 0.0201209 9.9856E-05 9.9856E-05 0.00290224 9.9856E-05 9.9856E-05 9.9856E-05 9.9856E-05 9.9856E-05 9.9856E-05 9.9856E-05 9.9856E-05 9.9856E-05 9.9856E-05 9.9856E-05 9.9856E-05
9.98381E-05 9.98381E-05 9.98381E-05 9.98381E-05 9.98381E-05 9.98381E-05 9.98381E-05 9.98381E-05 0.998203 9.98381E-05 9.98381E-05 9.98381E-05 9.98381E-05 9.98381E-05 9.98381E-05 9.98381E-05 9.98381E-05 9.98381E-05 9.98381E-05
0.0342355 0.00248545 0.0610804 0.264546 9.99009E-05 9.99009E-05 9.99009E-05 9.99009E-05 9.99009E-05 0.0639498 9.99009E-05 9.99009E-05 0.101431 9.99009E-05 9.99009E-05 9.99009E-05 0.00646599 0.464707 9.99009E-05
9.9856E-05 9.9856E-05 9.9856E-05 9.9856E-05 9.9856E-05 0.00122021 9.9856E-05 9.9856E-05 0.941638 9.9856E-05 9.9856E-05 9.9856E-05 0.0555437 9.9856E-05 9.9856E-05 9.9856E-05 9.9856E-05 9.9856E-05 9.9856E-05
9.98472E-05 9.98472E-05 9.98472E-05 9.98472E-05 9.98472E-05 9.98472E-05 9.98472E-05 9.98472E-05 0.154266 0.844036 9.98472E-05 9.98472E-05 9.98472E-05 9.98472E-05 9.98472E-05 9.98472E-05 9.98472E-05 9.98472E-05 9.98472E-05
9.98473E-05 9.98473E-05 9.98473E-05 9.98473E-05 9.98473E-05 9.98473E-05 9.98473E-05 9.98473E-05 0.102515 0.895788 9.98473E-05 9.98473E-05 9.98473E-05 9.98473E-05 9.98473E-05 9.98473E-05 9.98473E-05 9.98473E-05 9.98473E-05
9.9892E-05 0.0243382 9.9892E-05 9.9892E-05 9.9892E-05 0.651639 0.0207872 9.9892E-05 9.9892E-05 9.9892E-05 9.9892E-05 0.15307 9.9892E-05 0.0149408 9.9892E-05 0.0153081 9.9892E-05 9.9892E-05 0.118718
9.98653E-05 9.98653E-05 9.98653E-05 0.0112568 9.98653E-05 9.98653E-05 9.98653E-05 9.98653E-05 0.0296535 9.98653E-05 9.98653E-05 0.946099 9.98653E-05 9.98653E-05 9.98653E-05 9.98653E-05 9.98653E-05 0.0114928 9.98653E-05
0.93402 9.9874E-05 9.9874E-05 9.9874E-05 9.9874E-05 9.9874E-05 0.0278728 0.00747684 9.9874E-05 9.9874E-05 0.00101903 9.9874E-05 0.0282134 9.9874E-05 9.9874E-05 9.9874E-05 9.9874E-05 9.9874E-05 9.9874E-05
0.958504 9.98741E-05 9.98741E-05 9.98741E-05 9.98741E-05 0.00207944 9.98741E-05 0.0182141 9.98741E-05 9.98741E-05 9.98741E-05 9.98741E-05 9.98741E-05 0.00221101 9.98741E-05 9.98741E-05 0.017593 9.98741E-05 9.98741E-05
9.9856E-05 9.9856E-05 9.9856E-05 9.9856E-05 9.9856E-05 9.9856E-05 0.119691 9.9856E-05 9.9856E-05 9.9856E-05 9.9856E-05 0.118989 9.9856E-05 9.9856E-05 0.759722 9.9856E-05 9.9856E-05 9.9856E-05 9.9856E-05
9.9847E-05 9.9847E-05 9.9847E-05 9.9847E-05 9.9847E-05 9.9847E-05 9.9847E-05 9.9847E-05 9.9847E-05 0.0497116 9.9847E-05 9.9847E-05 9.9847E-05 9.9847E-05 9.9847E-05 0.948591 9.9847E-05 9.9847E-05 9.9847E-05
9.98648E-05 9.98648E-05 0.00448365 9.98648E-05 9.98648E-05 9.98648E-05 9.98648E-05 0.860434 9.98648E-05 0.0525836 9.98648E-05 9.98648E-05 9.98648E-05 9.98648E-05 9.98648E-05 9.98648E-05 0.0810011 9.98648E-05 9.98648E-05
9.98472E-05 9.98472E-05 9.98472E-05 9.98472E-05 0.979279 9.98472E-05 9.98472E-05 9.98472E-05 9.98472E-05 9.98472E-05 0.019024 9.98472E-05 9.98472E-05 9.98472E-05 9.98472E-05 9.98472E-05 9.98472E-05 9.98472E-05 9.98472E-05
9.99008E-05 9.99008E-05 9.99008E-05 9.99008E-05 0.00514967 0.0930847 0.164461 9.99008E-05 9.99008E-05 0.40528 9.99008E-05 9.99008E-05 9.99008E-05 9.99008E-05 0.299498 0.0152393 0.005038 9.99008E-05 0.0111496
9.98471E-05 9.98471E-05 9.98471E-05 9.98471E-05 0.0721558 9.98471E-05 9.98471E-05 0.926147 9.98471E-05 9.98471E-05 9.98471E-05 9.98471E-05 9.98471E-05 9.98471E-05 9.98471E-05 9.98471E-05 9.98471E-05 9.98471E-05 9.98471E-05
9.9892E-05 9.9892E-05 9.9892E-05 9.9892E-05 9.9892E-05 0.429857 9.9892E-05 9.9892E-05 9.9892E-05 0.0310874 9.9892E-05 0.0626047 9.9892E-05 9.9892E-05 0.198175 0.0211543 0.249541 9.9892E-05 0.00638128
9.98832E-05 0.0103013 0.00689592 9.98832E-05 0.394947 9.98832E-05 9.98832E-05 9.98832E-05 9.98832E-05 0.188062 9.98832E-05 9.98832E-05 9.98832E-05 9.98832E-05 9.98832E-05 0.278194 9.98832E-05 9.98832E-05 0.120301
9.98381E-05 9.98381E-05 9.98381E-05 9.98381E-05 0.998203 9.98381E-05 9.98381E-05 9.98381E-05 9.98381E-05 9.98381E-05 9.98381E-05 9.98381E-05 9.98381E-05 9.98381E-05 9.98381E-05 9.98381E-05 9.98381E-05 9.98381E-05 9.98381E-05
0.362088 0.612116 9.98563E-05 9.98563E-05 9.98563E-05 9.98563E-05 9.98563E-05 9.98563E-05 9.98563E-05 9.98563E-05 9.98563E-05 9.98563E-05 9.98563E-05 0.0241985 9.98563E-05 9.98563E-05 9.98563E-05 9.98563E-05 9.98563E-05
0.795597 0.202706 9.98472E-05 9.98472E-05 9.98472E-05 9.98472E-05 9.98472E-05 9.98472E-05 9.98472E-05 9.98472E-05 9.98472E-05 9.98472E-05 9.98472E-05 9.98472E-05 9.98472E-05 9.98472E-05 9.98472E-05 9.98472E-05 9.98472E-05
9.98828E-05 9.98828E-05 9.98828E-05 9.98828E-05 9.98828E-05 0.0663216 9.98828E-05 9.98828E-05 9.98828E-05 0.0725241 9.98828E-05 0.777447 9.98828E-05 9.98828E-05 0.00515862 0.0356872 9.98828E-05 9.98828E-05 0.0415626
9.98383E-05 0.998203 9.98383E-05 9.98383E-05 9.98383E-05 9.98383E-05 9.98383E-05 9.98383E-05 9.98383E-05 9.98383E-05 9.98383E-05 9.98383E-05 9.98383E-05 9.98383E-05 9.98383E-05 9.98383E-05 9.98383E-05 9.98383E-05 9.98383E-05
9.98383E-05 0.998203 9.98383E-05 9.98383E-05 9.98383E-05 9.98383E-05 9.98383E-05 9.98383E-05 9.98383E-05 9.98383E-05 9.98383E-05 9.98383E-05 9.98383E-05 9.98383E-05 9.98383E-05 9.98383E-05 9.98383E-05 9.98383E-05 9.98383E-05
0.187401 0.0936994 9.98831E-05 0.639315 9.98831E-05 0.0470646 9.98831E-05 9.98831E-05 9.98831E-05 9.98831E-05 0.0308584 9.98831E-05 9.98831E-05 9.98831E-05 9.98831E-05 9.98831E-05 0.000363482 9.98831E-05 9.98831E-05
0.0908496 9.98468E-05 9.98468E-05 0.907453 9.98468E-05 9.98468E-05 9.98468E-05 9.98468E-05 9.98468E-05 9.98468E-05 9.98468E-05 9.98468E-05 9.98468E-05 9.98468E-05 9.98468E-05 9.98468E-05 9.98468E-05 9.98468E-05 9.98468E-05
9.98385E-05 9.98385E-05 9.98385E-05 9.98385E-05 9.98385E-05 9.98385E-05 9.98385E-05 9.98385E-05 9.98385E-05 9.98385E-05 9.98385E-05 9.98385E-05 0.998203 9.98385E-05 9.98385E-05 9.98385E-05 9.98385E-05 9.98385E-05 9.98385E-05
0.537178 0.269774 9.98742E-05 9.98742E-05 9.98742E-05 9.98742E-05 9.98742E-05 9.98742E-05 9.98742E-05 9.98742E-05 9.98742E-05 9.98742E-05 9.98742E-05 9.98742E-05 0.0198829 9.98742E-05 0.0102165 0.16155 9.98742E-05
9.98743E-05 0.00980545 0.679954 0.063906 9.98743E-05 9.98743E-05 9.98743E-05 9.98743E-05 9.98743E-05 9.98743E-05 9.98743E-05 9.98743E-05 0.0600148 9.98743E-05 9.98743E-05 9.98743E-05 9.98743E-05 0.184921 9.98743E-05
9.98916E-05 9.98916E-05 9.98916E-05 0.0836993 9.98916E-05 0.00561409 0.0364208 9.98916E-05 9.98916E-05 9.98916E-05 9.98916E-05 0.491934 9.98916E-05 9.98916E-05 9.98916E-05 0.182498 0.0768809 9.98916E-05 0.121754
0.348767 0.591483 9.98738E-05 9.98738E-05 9.98738E-05 9.98738E-05 0.0222581 9.98738E-05 9.98738E-05 9.98738E-05 9.98738E-05 9.98738E-05 9.98738E-05 9.98738E-05 9.98738E-05 9.98738E-05 0.0035562 0.032538 9.98738E-05
9.98403E-05 9.98403E-05 9.98403E-05 9.98403E-05 9.98403E-05 0.932318 0.031572 9.98403E-05 9.98403E-05 9.98403E-05 9.98403E-05 9.98403E-05 9.98403E-05 9.98403E-05 9.98403E-05 9.98403E-05 9.98403E-05 0.0345125 9.98403E-05
9.98919E-05 9.98919E-05 9.98919E-05 9.98919E-05 9.98919E-05 0.0978101 9.98919E-05 9.98919E-05 9.98919E-05 0.518256 0.0175293 9.98919E-05 0.205252 9.98919E-05 9.98919E-05 0.0538886 0.0737241 0.0323408 9.98919E-05
0.0159691 9.9856E-05 9.9856E-05 9.9856E-05 9.9856E-05 9.9856E-05 9.9856E-05 9.9856E-05 9.9856E-05 9.9856E-05 9.9856E-05 9.9856E-05 9.9856E-05 9.9856E-05 9.9856E-05 0.97685 9.9856E-05 0.00558307 9.9856E-05
0.0124041 9.98471E-05 9.98471E-05 9.98471E-05 9.98471E-05 9.98471E-05 9.98471E-05 9.98471E-05 9.98471E-05 9.98471E-05 9.98471E-05 9.98471E-05 9.98471E-05 9.98471E-05 9.98471E-05 9.98471E-05 0.985898 9.98471E-05 9.98471E-05
9.98471E-05 9.98471E-05 9.98471E-05 9.98471E-05 9.98471E-05 0.00594273 9.98471E-05 9.98471E-05 9.98471E-05 9.98471E-05 9.98471E-05 9.98471E-05 9.98471E-05 9.98471E-05 9.98471E-05 9.98471E-05 0.99236 9.98471E-05 9.98471E-05
9.9892E-05 9.9892E-05 9.9892E-05 9.9892E-05 0.00451647 0.0200364 9.9892E-05 9.9892E-05 9.9892E-05 0.877683 9.9892E-05 0.00519723 9.9892E-05 9.9892E-05 0.0208229 0.0491784 0.0213674 9.9892E-05 9.9892E-05
9.9883E-05 9.9883E-05 9.9883E-05 9.9883E-05 9.9883E-05 0.0431534 9.9883E-05 0.0126923 0.0615878 0.0341214 9.9883E-05 0.0801617 9.9883E-05 9.9883E-05 0.766985 9.9883E-05 9.9883E-05 9.9883E-05 9.9883E-05
9.98559E-05 9.98559E-05 9.98559E-05 9.98559E-05 9.98559E-05 0.0168938 0.126421 9.98559E-05 9.98559E-05 0.855087 9.98559E-05 9.98559E-05 9.98559E-05 9.98559E-05 9.98559E-05 9.98559E-05 9.98559E-05 9.98559E-05 9.98559E-05
9.99008E-05 9.99008E-05 9.99008E-05 9.99008E-05 0.114738 0.0169336 0.169362 9.99008E-05 9.99008E-05 0.249779 9.99008E-05 0.135904 0.0894403 9.99008E-05 9.99008E-05 9.99008E-05 0.168319 9.99008E-05 0.0544258
0.0685602 9.99099E-05 9.99099E-05 0.00393171 9.99099E-05 0.0470868 0.152535 9.99099E-05 9.99099E-05 0.422006 0.0793767 9.99099E-05 0.0248668 9.99099E-05 0.0845207 9.99099E-05 0.116117 9.99099E-05 9.99099E-05
0.0347256 9.99099E-05 0.00072427 0.112148 9.99099E-05 0.19743 0.308538 9.99099E-05 0.0713635 0.138486 9.99099E-05 0.0253937 9.99099E-05 9.99099E-05 9.99099E-05 0.110192 9.99099E-05 9.99099E-05 9.99099E-05
9.9857E-05 9.9857E-05 9.9857E-05 9.9857E-05 0.0154775 0.979993 9.9857E-05 9.9857E-05 9.9857E-05 9.9857E-05 9.9857E-05 9.9857E-05 0.0029319 9.9857E-05 9.9857E-05 9.9857E-05 9.9857E-05 9.9857E-05 9.9857E-05
9.98382E-05 9.98382E-05 0.998203 9.98382E-05 9.98382E-05 9.98382E-05 9.98382E-05 9.98382E-05 9.98382E-05 9.98382E-05 9.98382E-05 9.98382E-05 9.98382E-05 9.98382E-05 9.98382E-05 9.98382E-05 9.98382E-05 9.98382E-05 9.98382E-05
9.98562E-05 9.98562E-05 0.99647 9.98562E-05 9.98562E-05 9.98562E-05 9.98562E-05 0.000652698 9.98562E-05 9.98562E-05 9.98562E-05 9.98562E-05 9.98562E-05 9.98562E-05 9.98562E-05 0.00127985 9.98562E-05 9.98562E-05 9.98562E-05
9.98384E-05 9.98384E-05 0.998203 9.98384E-05 9.98384E-05 9.98384E-05 9.98384E-05 9.98384E-05 9.98384E-05 9.98384E-05 9.98384E-05 9.98384E-05 9.98384E-05 9.98384E-05 9.98384E-05 9.98384E-05 9.98384E-05 9.98384E-05 9.98384E-05
9.98384E-05 9.98384E-05 0.998203 9.98384E-05 9.98384E-05 9.98384E-05 9.98384E-05 9.98384E-05 9.98384E-05 9.98384E-05 9.98384E-05 9.98384E-05 9.98384E-05 9.98384E-05 9.98384E-05 9.98384E-05 9.98384E-05 9.98384E-05 9.98384E-05
9.98562E-05 9.98562E-05 0.949626 0.0431744 9.98562E-05 9.98562E-05 9.98562E-05 9.98562E-05 9.98562E-05 9.98562E-05 9.98562E-05 9.98562E-05 9.98562E-05 9.98562E-05 9.98562E-05 9.98562E-05 9.98562E-05 9.98562E-05 0.00560209
9.98744E-05 9.98744E-05 0.307326 0.496077 0.0224326 9.98744E-05 9.98744E-05 9.98744E-05 0.067193 9.98744E-05 9.98744E-05 9.98744E-05 9.98744E-05 9.98744E-05 0.105573 9.98744E-05 9.98744E-05 9.98744E-05 9.98744E-05
9.98562E-05 9.98562E-05 0.91432 9.98562E-05 9.98562E-05 0.00895852 9.98562E-05 9.98562E-05 9.98562E-05 9.98562E-05 9.98562E-05 9.98562E-05 0.0751235 9.98562E-05 9.98562E-05 9.98562E-05 9.98562E-05 9.98562E-05 9.98562E-05
9.98558E-05 9.98558E-05 9.98558E-05 9.98558E-05 9.98558E-05 0.795568 0.0324257 9.98558E-05 9.98558E-05 9.98558E-05 9.98558E-05 9.98558E-05 9.98558E-05 9.98558E-05 0.170409 9.98558E-05 9.98558E-05 9.98558E-05 9.98558E-05
9.98919E-05 9.98919E-05 0.0199285 9.98919E-05 9.98919E-05 9.98919E-05 0.0148527 9.98919E-05 0.032628 9.98919E-05 9.98919E-05 0.0069324 0.904366 0.0140949 0.00599911 9.98919E-05 9.98919E-05 9.98919E-05 9.98919E-05
0.53919 0.448277 9.98559E-05 9.98559E-05 9.98559E-05 9.98559E-05 9.98559E-05 9.98559E-05 9.98559E-05 9.98559E-05 9.98559E-05 9.98559E-05 9.98559E-05 9.98559E-05 9.98559E-05 9.98559E-05 0.0109351 9.98559E-05 9.98559E-05
9.98741E-05 9.98741E-05 9.98741E-05 9.98741E-05 9.98741E-05 9.98741E-05 9.98741E-05 0.0142371 9.98741E-05 9.98741E-05 9.98741E-05 0.824076 9.98741E-05 9.98741E-05 0.0112912 9.98741E-05 0.13187 9.98741E-05 0.0171272
9.98653E-05 9.98653E-05 9.98653E-05 9.98653E-05 9.98653E-05 9.98653E-05 0.0953926 9.98653E-05 9.98653E-05 9.98653E-05 9.98653E-05 0.0350951 9.98653E-05 0.00150079 0.866513 9.98653E-05 9.98653E-05 9.98653E-05 9.98653E-05
9.98657E-05 9.98657E-05 9.98657E-05 9.98657E-05 0.00753958 9.98657E-05 9.98657E-05 9.98657E-05 0.0263319 9.98657E-05 9.98657E-05 0.960904 9.98657E-05 9.98657E-05 9.98657E-05 9.98657E-05 9.98657E-05 0.00372667 9.98657E-05
9.98558E-05 9.98558E-05 9.98558E-05 9.98558E-05 9.98558E-05 9.98558E-05 9.98558E-05 9.98558E-05 9.98558E-05 0.0945086 9.98558E-05 0.859948 9.98558E-05 0.043946 9.98558E-05 9.98558E-05 9.98558E-05 9.98558E-05 9.98558E-05
9.98918E-05 9.98918E-05 9.98918E-05 9.98918E-05 0.0109258 9.98918E-05 0.0400806 9.98918E-05 9.98918E-05 0.0920414 9.98918E-05 0.785463 9.98918E-05 9.98918E-05 9.98918E-05 0.00171187 0.0326979 9.98918E-05 0.0358804
9.98383E-05 9.98383E-05 9.98383E-05 9.98383E-05 9.98383E-05 9.98383E-05 9.98383E-05 9.98383E-05 9.98383E-05 9.98383E-05 0.998203 9.98383E-05 9.98383E-05 9.98383E-05 9.98383E-05 9.98383E-05 9.98383E-05 9.98383E-05 9.98383E-05
0.39608 0.602223 9.98477E-05 9.98477E-05 9.98477E-05 9.98477E-05 9.98477E-05 9.98477E-05 9.98477E-05 9.98477E-05 9.98477E-05 9.98477E-05 9.98477E-05 9.98477E-05 9.98477E-05 9.98477E-05 9.98477E-05 9.98477E-05 9.98477E-05
9.98384E-05 9.98384E-05 9.98384E-05 9.98384E-05 9.98384E-05 9.98384E-05 9.98384E-05 9.98384E-05 9.98384E-05 9.98384E-05 9.98384E-05 9.98384E-05 9.98384E-05 0.998203 9.98384E-05 9.98384E-05 9.98384E-05 9.98384E-05 9.98384E-05
0.853832 0.0221513 0.00720579 9.98745E-05 9.98745E-05 9.98745E-05 9.98745E-05 9.98745E-05 9.98745E-05 9.98745E-05 9.98745E-05 0.0135996 9.98745E-05 9.98745E-05 9.98745E-05 9.98745E-05 9.98745E-05 0.101813 9.98745E-05
0.666323 0.242676 9.9883E-05 9.9883E-05 9.9883E-05 0.023459 9.9883E-05 9.9883E-05 9.9883E-05 9.9883E-05 9.9883E-05 9.9883E-05 9.9883E-05 9.9883E-05 9.9883E-05 0.0163019 0.0212282 0.0287141 9.9883E-05
9.98472E-05 0.960095 9.98472E-05 9.98472E-05 9.98472E-05 9.98472E-05 9.98472E-05 9.98472E-05 9.98472E-05 9.98472E-05 9.98472E-05 9.98472E-05 9.98472E-05 9.98472E-05 0.0382072 9.98472E-05 9.98472E-05 9.98472E-05 9.98472E-05
9.98473E-05 0.988909 9.98473E-05 9.98473E-05 9.98473E-05 9.98473E-05 9.98473E-05 0.00939327 9.98473E-05 9.98473E-05 9.98473E-05 9.98473E-05 9.98473E-05 9.98473E-05 9.98473E-05 9.98473E-05 9.98473E-05 9.98473E-05 9.98473E-05
0.619401 0.0937579 9.98922E-05 0.232784 9.98922E-05 9.98922E-05 9.98922E-05 9.98922E-05 0.00896493 0.00695521 9.98922E-05 9.98922E-05 9.98922E-05 9.98922E-05 9.98922E-05 9.98922E-05 0.0312605 0.00567767 9.98922E-05
0.490572 0.468163 9.98649E-05 9.98649E-05 9.98649E-05 9.98649E-05 0.0119403 9.98649E-05 9.98649E-05 9.98649E-05 9.98649E-05 9.98649E-05 9.98649E-05 0.0278265 9.98649E-05 9.98649E-05 9.98649E-05 9.98649E-05 9.98649E-05
9.9865E-05 9.9865E-05 0.0234937 0.00867964 9.9865E-05 9.9865E-05 9.9865E-05 9.9865E-05 9.9865E-05 9.9865E-05 9.9865E-05 9.9865E-05 9.9865E-05 9.9865E-05 9.9865E-05 0.012592 9.9865E-05 0.953737 9.9865E-05
9.98471E-05 9.98471E-05 9.98471E-05 9.98471E-05 9.98471E-05 9.98471E-05 9.98471E-05 9.98471E-05 9.98471E-05 9.98471E-05 9.98471E-05 0.0278647 9.98471E-05 9.98471E-05 9.98471E-05 9.98471E-05 9.98471E-05 0.970438 9.98471E-05
0.849744 0.106359 0.0312116 9.98652E-05 9.98652E-05 9.98652E-05 9.98652E-05 9.98652E-05 9.98652E-05 9.98652E-05 9.98652E-05 0.0111875 9.98652E-05 9.98652E-05 9.98652E-05 9.98652E-05 9.98652E-05 9.98652E-05 9.98652E-05
9.98561E-05 9.98561E-05 0.0071225 9.98561E-05 9.98561E-05 9.98561E-05 9.98561E-05 9.98561E-05 9.98561E-05 9.98561E-05 9.98561E-05 9.98561E-05 9.98561E-05 9.98561E-05 0.975005 0.0162752 9.98561E-05 9.98561E-05 9.98561E-05
9.98471E-05 9.98471E-05 9.98471E-05 9.98471E-05 9.98471E-05 9.98471E-05 9.98471E-05 9.98471E-05 0.00372475 9.98471E-05 9.98471E-05 9.98471E-05 9.98471E-05 9.98471E-05 0.994578 9.98471E-05 9.98471E-05 9.98471E-05 9.98471E-05
9.98383E-05 9.98383E-05 9.98383E-05 9.98383E-05 9.98383E-05 9.98383E-05 9.98383E-05 9.98383E-05 9.98383E-05 9.98383E-05 9.98383E-05 9.98383E-05 9.98383E-05 9.98383E-05 9.98383E-05 9.98383E-05 9.98383E-05 9.98383E-05 0.998203
9.98563E-05 9.98563E-05 9.98563E-05 9.98563E-05 9.98563E-05 0.0119626 9.98563E-05 0.00405559 9.98563E-05 9.98563E-05 9.98563E-05 9.98563E-05 9.98563E-05 9.98563E-05 9.98563E-05 9.98563E-05 9.98563E-05 9.98563E-05 0.982384
9.98829E-05 9.98829E-05 9.98829E-05 9.98829E-05 9.98829E-05 9.98829E-05 9.98829E-05 9.98829E-05 9.98829E-05 0.801278 9.98829E-05 0.0487743 0.0633138 0.00916959 0.0279972 9.98829E-05 0.0481683 9.98829E-05 9.98829E-05
9.98739E-05 9.98739E-05 9.98739E-05 9.98739E-05 9.98739E-05 9.98739E-05 9.98739E-05 9.98739E-05 9.98739E-05 0.768969 9.98739E-05 0.0808947 0.0336425 9.98739E-05 0.0686781 9.98739E-05 0.0464171 9.98739E-05 9.98739E-05
9.98564E-05 9.98564E-05 9.98564E-05 9.98564E-05 9.98564E-05 9.98564E-05 9.98564E-05 9.98564E-05 9.98564E-05 9.98564E-05 9.98564E-05 9.98564E-05 0.012543 9.98564E-05 0.0127591 9.98564E-05 9.98564E-05 9.98564E-05 0.9731
9.98383E-05 9.98383E-05 9.98383E-05 9.98383E-05 9.98383E-05 9.98383E-05 9.98383E-05 9.98383E-05 9.98383E-05 9.98383E-05 9.98383E-05 9.98383E-05 9.98383E-05 9.98383E-05 9.98383E-05 9.98383E-05 9.98383E-05 9.98383E-05 0.998203
9.98649E-05 9.98649E-05 0.00614568 9.98649E-05 9.98649E-05 0.960355 9.98649E-05 9.98649E-05 0.0232318 9.98649E-05 9.98649E-05 9.98649E-05 9.98649E-05 9.98649E-05 0.00876968 9.98649E-05 9.98649E-05 9.98649E-05 9.98649E-05
9.9865E-05 9.9865E-05 9.9865E-05 9.9865E-05 9.9865E-05 9.9865E-05 9.9865E-05 9.9865E-05 0.122325 9.9865E-05 9.9865E-05 0.161051 9.9865E-05 9.9865E-05 0.0122776 9.9865E-05 0.702848 9.9865E-05 9.9865E-05
9.98561E-05 9.98561E-05 0.0235677 9.98561E-05 9.98561E-05 9.98561E-05 9.98561E-05 9.98561E-05 0.0770236 9.98561E-05 9.98561E-05 9.98561E-05 0.897811 9.98561E-05 9.98561E-05 9.98561E-05 9.98561E-05 9.98561E-05 9.98561E-05
9.9838E-05 9.9838E-05 9.9838E-05 9.9838E-05 9.9838E-05 9.9838E-05 0.998203 9.9838E-05 9.9838E-05 9.9838E-05 9.9838E-05 9.9838E-05 9.9838E-05 9.9838E-05 9.9838E-05 9.9838E-05 9.9838E-05 9.9838E-05 9.9838E-05
9.9892E-05 9.9892E-05 9.9892E-05 9.9892E-05 9.9892E-05 0.0429579 0.782041 0.0101961 9.9892E-05 9.9892E-05 9.9892E-05 0.0680775 9.9892E-05 9.9892E-05 0.00605984 0.0729883 9.9892E-05 9.9892E-05 0.0164803
9.9838E-05 9.9838E-05 9.9838E-05 0.998203 9.9838E-05 9.9838E-05 9.9838E-05 9.9838E-05 9.9838E-05 9.9838E-05 9.9838E-05 9.9838E-05 9.9838E-05 9.9838E-05 9.9838E-05 9.9838E-05 9.9838E-05 9.9838E-05 9.9838E-05
