9.9865E-05 9.9865E-05 9.9865E-05 9.9865E-05 9.9865E-05 0.00979153 9.9865E-05 9.9865E-05 0.969658 9.9865E-05 9.9865E-05 9.9865E-05 9.9865E-05 9.9865E-05 0.00179734 0.0172556 9.9865E-05 9.9865E-05 9.9865E-05
0.100739 9.98648E-05 9.98648E-05 9.98648E-05 9.98648E-05 9.98648E-05 9.98648E-05 9.98648E-05 9.98648E-05 9.98648E-05 9.98648E-05 0.667761 9.98648E-05 9.98648E-05 9.98648E-05 9.98648E-05 0.0438053 9.98648E-05 0.186197
0.714663 0.0817371 0.0304946 9.98931E-05 9.98931E-05 9.98931E-05 9.98931E-05 0.0524412 9.98931E-05 0.00454334 9.98931E-05 9.98931E-05 0.0713286 9.98931E-05 0.0435936 9.98931E-05 9.98931E-05 9.98931E-05 9.98931E-05
0.8816 9.98831E-05 9.98831E-05 9.98831E-05 0.0658855 0.0069098 9.98831E-05 9.98831E-05 9.98831E-05 0.00568909 9.98831E-05 9.98831E-05 9.98831E-05 9.98831E-05 0.0330478 0.00556903 9.98831E-05 9.98831E-05 9.98831E-05
0.227292 0.00288426 0.20851 9.99281E-05 0.214306 9.99281E-05 0.0573998 9.99281E-05 0.0158638 0.065678 9.99281E-05 0.0965193 9.99281E-05 9.99281E-05 9.99281E-05 0.0198707 0.0123905 9.99281E-05 0.0784866
0.885372 9.9874E-05 9.9874E-05 0.00365294 0.0580309 9.9874E-05 0.0222252 9.9874E-05 9.9874E-05 9.9874E-05 9.9874E-05 9.9874E-05 9.9874E-05 9.9874E-05 9.9874E-05 9.9874E-05 9.9874E-05 9.9874E-05 0.0293203
9.98382E-05 9.98382E-05 0.998203 9.98382E-05 9.98382E-05 9.98382E-05 9.98382E-05 9.98382E-05 9.98382E-05 9.98382E-05 9.98382E-05 9.98382E-05 9.98382E-05 9.98382E-05 9.98382E-05 9.98382E-05 9.98382E-05 9.98382E-05 9.98382E-05
9.98829E-05 0.390751 9.98829E-05 9.98829E-05 0.39522 0.075642 9.98829E-05 9.98829E-05 9.98829E-05 0.044243 9.98829E-05 0.0893351 9.98829E-05 9.98829E-05 0.0035097 9.98829E-05 9.98829E-05 9.98829E-05 9.98829E-05
9.98561E-05 9.98561E-05 0.949787 9.98561E-05 9.98561E-05 9.98561E-05 9.98561E-05 9.98561E-05 9.98561E-05 0.00876486 9.98561E-05 0.0398505 9.98561E-05 9.98561E-05 9.98561E-05 9.98561E-05 9.98561E-05 9.98561E-05 9.98561E-05
9.98473E-05 9.98473E-05 0.121611 9.98473E-05 9.98473E-05 0.876691 9.98473E-05 9.98473E-05 9.98473E-05 9.98473E-05 9.98473E-05 9.98473E-05 9.98473E-05 9.98473E-05 9.98473E-05 9.98473E-05 9.98473E-05 9.98473E-05 9.98473E-05
9.98303E-05 9.98303E-05 0.107197 9.98303E-05 9.98303E-05 0.891105 9.98303E-05 9.98303E-05 9.98303E-05 9.98303E-05 9.98303E-05 9.98303E-05 9.98303E-05 9.98303E-05 9.98303E-05 9.98303E-05 9.98303E-05 9.98303E-05 9.98303E-05
9.98652E-05 0.020964 9.98652E-05 9.98652E-05 9.98652E-05 9.98652E-05 9.98652E-05 9.98652E-05 0.749228 9.98652E-05 9.98652E-05 9.98652E-05 0.105202 9.98652E-05 0.123108 9.98652E-05 9.98652E-05 9.98652E-05 9.98652E-05
9.98565E-05 0.00495354 9.98565E-05 9.98565E-05 0.0203185 9.98565E-05 9.98565E-05 9.98565E-05 9.98565E-05 9.98565E-05 9.98565E-05 9.98565E-05 0.97313 9.98565E-05 9.98565E-05 9.98565E-05 9.98565E-05 9.98565E-05 9.98565E-05
0.897637 9.98742E-05 9.98742E-05 9.98742E-05 9.98742E-05 9.98742E-05 0.0125545 9.98742E-05 9.98742E-05 9.98742E-05 9.98742E-05 0.00660253 9.98742E-05 9.98742E-05 9.98742E-05 9.98742E-05 9.98742E-05 0.00411731 0.0776908
0.912644 9.98831E-05 9.98831E-05 9.98831E-05 9.98831E-05 9.98831E-05 9.98831E-05 0.0161619 9.98831E-05 0.00168975 0.002563 9.98831E-05 9.98831E-05 9.98831E-05 9.98831E-05 0.0113673 9.98831E-05 9.98831E-05 0.054276
9.98739E-05 9.98739E-05 9.98739E-05 9.98739E-05 9.98739E-05 0.0414457 0.102954 9.98739E-05 9.98739E-05 9.98739E-05 9.98739E-05 9.98739E-05 0.102353 0.750189 9.98739E-05 9.98739E-05 0.00165994 9.98739E-05 9.98739E-05
9.98562E-05 9.98562E-05 9.98562E-05 9.98562E-05 9.98562E-05 0.0216649 9.98562E-05 9.98562E-05 9.98562E-05 9.98562E-05 9.98562E-05 9.98562E-05 9.98562E-05 9.98562E-05 9.98562E-05 9.98562E-05 0.967159 0.00957816 9.98562E-05
9.98381E-05 9.98381E-05 9.98381E-05 9.98381E-05 9.98381E-05 9.98381E-05 9.98381E-05 0.998203 9.98381E-05 9.98381E-05 9.98381E-05 9.98381E-05 9.98381E-05 9.98381E-05 9.98381E-05 9.98381E-05 9.98381E-05 9.98381E-05 9.98381E-05
9.98471E-05 9.98471E-05 9.98471E-05 9.98471E-05 9.98471E-05 9.98471E-05 9.98471E-05 9.98471E-05 9.98471E-05 9.98471E-05 9.98471E-05 9.98471E-05 9.98471E-05 9.98471E-05 0.0112448 9.98471E-05 9.98471E-05 0.987058 9.98471E-05
9.98918E-05 9.98918E-05 9.98918E-05 9.98918E-05 9.98918E-05 0.42836 0.139569 9.98918E-05 0.0586229 9.98918E-05 0.00416115 9.98918E-05 9.98918E-05 0.311324 0.0290172 9.98918E-05 0.027747 9.98918E-05 9.98918E-05
9.98472E-05 9.98472E-05 9.98472E-05 9.98472E-05 9.98472E-05 9.98472E-05 9.98472E-05 0.152751 9.98472E-05 9.98472E-05 9.98472E-05 9.98472E-05 9.98472E-05 9.98472E-05 9.98472E-05 9.98472E-05 9.98472E-05 0.845551 9.98472E-05
9.9901E-05 9.9901E-05 9.9901E-05 0.0165418 9.9901E-05 0.0169527 9.9901E-05 9.9901E-05 0.425914 9.9901E-05 0.0221006 9.9901E-05 0.0376665 0.16691 9.9901E-05 9.9901E-05 0.0353072 9.9901E-05 0.277509
9.9838E-05 9.9838E-05 9.9838E-05 9.9838E-05 9.9838E-05 9.9838E-05 9.9838E-05 9.9838E-05 9.9838E-05 9.9838E-05 9.9838E-05 9.9838E-05 9.9838E-05 9.9838E-05 9.9838E-05 0.998203 9.9838E-05 9.9838E-05 9.9838E-05
9.9865E-05 9.9865E-05 9.9865E-05 9.9865E-05 9.9865E-05 0.0196062 0.0362344 9.9865E-05 9.9865E-05 9.9865E-05 9.9865E-05 9.9865E-05 9.9865E-05 9.9865E-05 9.9865E-05 0.145623 9.9865E-05 0.797039 9.9865E-05
0.970746 0.000780608 9.98564E-05 9.98564E-05 9.98564E-05 9.98564E-05 9.98564E-05 9.98564E-05 9.98564E-05 0.0268758 9.98564E-05 9.98564E-05 9.98564E-05 9.98564E-05 9.98564E-05 9.98564E-05 9.98564E-05 9.98564E-05 9.98564E-05
0.998203 9.98385E-05 9.98385E-05 9.98385E-05 9.98385E-05 9.98385E-05 9.98385E-05 9.98385E-05 9.98385E-05 9.98385E-05 9.98385E-05 9.98385E-05 9.98385E-05 9.98385E-05 9.98385E-05 9.98385E-05 9.98385E-05 9.98385E-05 9.98385E-05
9.98827E-05 9.98827E-05 9.98827E-05 9.98827E-05 9.98827E-05 0.0779339 9.98827E-05 9.98827E-05 0.00540123 9.98827E-05 0.0749439 9.98827E-05 0.768403 9.98827E-05 0.0175257 9.98827E-05 0.0544934 9.98827E-05 9.98827E-05
0.897721 0.00602755 9.98832E-05 9.98832E-05 0.00369973 9.98832E-05 9.98832E-05 9.98832E-05 9.98832E-05 0.084776 9.98832E-05 0.00314872 9.98832E-05 9.98832E-05 0.00332854 9.98832E-05 9.98832E-05 9.98832E-05 9.98832E-05
0.887071 0.0150923 9.98832E-05 9.98832E-05 9.98832E-05 9.98832E-05 9.98832E-05 9.98832E-05 9.98832E-05 0.0591393 0.00329527 9.98832E-05 0.00614359 0.0279605 9.98832E-05 9.98832E-05 9.98832E-05 9.98832E-05 9.98832E-05
0.378269 9.98831E-05 9.98831E-05 0.044821 0.433679 9.98831E-05 9.98831E-05 9.98831E-05 0.0272903 0.109189 9.98831E-05 9.98831E-05 0.00545324 9.98831E-05 9.98831E-05 9.98831E-05 9.98831E-05 9.98831E-05 9.98831E-05
0.0530151 9.98469E-05 9.98469E-05 9.98469E-05 0.945287 9.98469E-05 9.98469E-05 9.98469E-05 9.98469E-05 9.98469E-05 9.98469E-05 9.98469E-05 9.98469E-05 9.98469E-05 9.98469E-05 9.98469E-05 9.98469E-05 9.98469E-05 9.98469E-05
9.98385E-05 9.98385E-05 9.98385E-05 9.98385E-05 9.98385E-05 9.98385E-05 9.98385E-05 9.98385E-05 9.98385E-05 9.98385E-05 9.98385E-05 0.998203 9.98385E-05 9.98385E-05 9.98385E-05 9.98385E-05 9.98385E-05 9.98385E-05 9.98385E-05
0.827457 0.141252 9.98563E-05 9.98563E-05 9.98563E-05 9.98563E-05 9.98563E-05 9.98563E-05 9.98563E-05 9.98563E-05 9.98563E-05 9.98563E-05 9.98563E-05 9.98563E-05 9.98563E-05 9.98563E-05 9.98563E-05 9.98563E-05 0.0296935
9.98744E-05 0.189397 9.98744E-05 9.98744E-05 0.0399224 9.98744E-05 9.98744E-05 9.98744E-05 9.98744E-05 0.708999 9.98744E-05 0.0529045 9.98744E-05 9.98744E-05 0.00737887 9.98744E-05 9.98744E-05 9.98744E-05 9.98744E-05
9.99007E-05 0.0317422 9.99007E-05 9.99007E-05 0.0387033 9.99007E-05 0.0301418 9.99007E-05 9.99007E-05 9.99007E-05 0.00849893 9.99007E-05 0.470749 9.99007E-05 0.0815609 9.99007E-05 0.278276 9.99007E-05 0.059229
0.904802 0.0357993 0.000274175 9.98919E-05 9.98919E-05 9.98919E-05 0.0271282 9.98919E-05 9.98919E-05 9.98919E-05 9.98919E-05 9.98919E-05 9.98919E-05 9.98919E-05 0.00117973 9.98919E-05 0.00517733 9.98919E-05 0.0244407
0.0197684 0.00478427 9.98653E-05 9.98653E-05 9.98653E-05 9.98653E-05 9.98653E-05 9.98653E-05 0.939583 9.98653E-05 0.0343665 9.98653E-05 9.98653E-05 9.98653E-05 9.98653E-05 9.98653E-05 9.98653E-05 9.98653E-05 9.98653E-05
9.99008E-05 0.0428874 9.99008E-05 0.0414189 9.99008E-05 0.595222 9.99008E-05 9.99008E-05 0.0445384 9.99008E-05 9.99008E-05 0.181918 9.99008E-05 9.99008E-05 9.99008E-05 0.0480941 0.0145421 9.99008E-05 0.0302794
9.98472E-05 0.0117384 9.98472E-05 9.98472E-05 9.98472E-05 9.98472E-05 9.98472E-05 9.98472E-05 9.98472E-05 9.98472E-05 9.98472E-05 9.98472E-05 9.98472E-05 9.98472E-05 9.98472E-05 9.98472E-05 0.986564 9.98472E-05 9.98472E-05
9.98381E-05 9.98381E-05 9.98381E-05 9.98381E-05 9.98381E-05 9.98381E-05 9.98381E-05 9.98381E-05 9.98381E-05 9.98381E-05 9.98381E-05 9.98381E-05 9.98381E-05 9.98381E-05 9.98381E-05 9.98381E-05 9.98381E-05 9.98381E-05 0.998203
9.9856E-05 9.9856E-05 9.9856E-05 9.9856E-05 9.9856E-05 0.00691727 9.9856E-05 9.9856E-05 9.9856E-05 9.9856E-05 0.0238935 9.9856E-05 9.9856E-05 9.9856E-05 9.9856E-05 9.9856E-05 9.9856E-05 9.9856E-05 0.967592
9.9892E-05 9.9892E-05 9.9892E-05 9.9892E-05 9.9892E-05 0.910204 0.00466139 9.9892E-05 9.9892E-05 9.9892E-05 9.9892E-05 9.9892E-05 0.00730281 9.9892E-05 9.9892E-05 0.000212756 0.029696 0.0121758 0.0345487
9.9901E-05 9.9901E-05 0.0717728 9.9901E-05 9.9901E-05 0.0397657 9.9901E-05 0.000512985 0.0143325 9.9901E-05 9.9901E-05 9.9901E-05 0.00576823 0.841537 9.9901E-05 9.9901E-05 9.9901E-05 0.00808069 0.0171313
9.98559E-05 9.98559E-05 9.98559E-05 9.98559E-05 9.98559E-05 0.889358 0.092406 9.98559E-05 0.0166384 9.98559E-05 9.98559E-05 9.98559E-05 9.98559E-05 9.98559E-05 9.98559E-05 9.98559E-05 9.98559E-05 9.98559E-05 9.98559E-05
9.99189E-05 9.99189E-05 9.99189E-05 9.99189E-05 9.99189E-05 0.34362 0.179426 9.99189E-05 9.99189E-05 9.99189E-05 0.0222022 0.0466543 0.0953744 0.0274441 0.0217381 0.166577 9.99189E-05 0.0271436 0.0689209
0.00163134 0.0371452 9.99189E-05 0.0714922 0.0129075 0.34719 0.164693 9.99189E-05 9.99189E-05 9.99189E-05 0.0437976 0.04614 9.99189E-05 0.106283 9.99189E-05 9.99189E-05 9.99189E-05 9.99189E-05 0.167822
0.0485441 9.99278E-05 0.0480731 9.99278E-05 0.0501822 0.16226 0.316483 9.99278E-05 0.00549468 0.0281241 0.177713 0.00264413 0.00500814 9.99278E-05 9.99278E-05 9.99278E-05 0.154674 9.99278E-05 9.99278E-05
9.98303E-05 9.98303E-05 9.98303E-05 9.98303E-05 9.98303E-05 9.98303E-05 9.98303E-05 9.98303E-05 9.98303E-05 9.98303E-05 0.998203 9.98303E-05 9.98303E-05 9.98303E-05 9.98303E-05 9.98303E-05 9.98303E-05 9.98303E-05 9.98303E-05
9.98382E-05 9.98382E-05 9.98382E-05 9.98382E-05 9.98382E-05 9.98382E-05 9.98382E-05 9.98382E-05 9.98382E-05 0.998203 9.98382E-05 9.98382E-05 9.98382E-05 9.98382E-05 9.98382E-05 9.98382E-05 9.98382E-05 9.98382E-05 9.98382E-05
9.98473E-05 9.98473E-05 9.98473E-05 9.98473E-05 9.98473E-05 9.98473E-05 9.98473E-05 0.00239619 9.98473E-05 0.995906 9.98473E-05 9.98473E-05 9.98473E-05 9.98473E-05 9.98473E-05 9.98473E-05 9.98473E-05 9.98473E-05 9.98473E-05
0.0174642 9.98563E-05 9.98563E-05 9.98563E-05 9.98563E-05 9.98563E-05 9.98563E-05 9.98563E-05 9.98563E-05 0.974775 9.98563E-05 9.98563E-05 9.98563E-05 9.98563E-05 9.98563E-05 9.98563E-05 9.98563E-05 9.98563E-05 0.0061629
9.98384E-05 9.98384E-05 9.98384E-05 9.98384E-05 9.98384E-05 9.98384E-05 9.98384E-05 9.98384E-05 9.98384E-05 0.998203 9.98384E-05 9.98384E-05 9.98384E-05 9.98384E-05 9.98384E-05 9.98384E-05 9.98384E-05 9.98384E-05 9.98384E-05
9.98473E-05 9.98473E-05 9.98473E-05 9.98473E-05 0.0235264 9.98473E-05 9.98473E-05 9.98473E-05 9.98473E-05 0.974776 9.98473E-05 9.98473E-05 9.98473E-05 9.98473E-05 9.98473E-05 9.98473E-05 9.98473E-05 9.98473E-05 9.98473E-05
9.98921E-05 0.0775503 0.0543503 9.98921E-05 0.37341 9.98921E-05 9.98921E-05 9.98921E-05 9.98921E-05 0.307591 9.98921E-05 0.0670985 9.98921E-05 0.0249721 9.98921E-05 0.0938287 9.98921E-05 9.98921E-05 9.98921E-05
9.98652E-05 9.98652E-05 9.98652E-05 9.98652E-05 9.98652E-05 9.98652E-05 9.98652E-05 9.98652E-05 9.98652E-05 0.911299 9.98652E-05 0.0630557 9.98652E-05 0.00695555 9.98652E-05 9.98652E-05 9.98652E-05 9.98652E-05 0.0171916
9.9856E-05 9.9856E-05 9.9856E-05 9.9856E-05 9.9856E-05 9.9856E-05 0.0167644 9.9856E-05 0.885383 9.9856E-05 9.9856E-05 9.9856E-05 9.9856E-05 0.0962545 9.9856E-05 9.9856E-05 9.9856E-05 9.9856E-05 9.9856E-05
9.98739E-05 9.98739E-05 0.0520786 9.98739E-05 9.98739E-05 9.98739E-05 9.98739E-05 9.98739E-05 9.98739E-05 0.0399567 9.98739E-05 0.878672 9.98739E-05 0.0168664 0.0110283 9.98739E-05 9.98739E-05 9.98739E-05 9.98739E-05
0.946028 9.98469E-05 9.98469E-05 9.98469E-05 9.98469E-05 9.98469E-05 9.98469E-05 9.98469E-05 9.98469E-05 9.98469E-05 9.98469E-05 9.98469E-05 9.98469E-05 9.98469E-05 9.98469E-05 9.98469E-05 9.98469E-05 9.98469E-05 0.0522745
9.98742E-05 9.98742E-05 9.98742E-05 9.98742E-05 9.98742E-05 9.98742E-05 9.98742E-05 9.98742E-05 9.98742E-05 0.00763133 9.98742E-05 9.98742E-05 0.808206 0.02371 0.00757469 9.98742E-05 9.98742E-05 9.98742E-05 0.15148
9.98563E-05 9.98563E-05 9.98563E-05 9.98563E-05 9.98563E-05 9.98563E-05 0.0772224 9.98563E-05 9.98563E-05 9.98563E-05 9.98563E-05 9.98563E-05 0.0388286 0.882351 9.98563E-05 9.98563E-05 9.98563E-05 9.98563E-05 9.98563E-05
9.98565E-05 0.0108544 0.00876739 9.98565E-05 9.98565E-05 9.98565E-05 9.98565E-05 9.98565E-05 9.98565E-05 9.98565E-05 9.98565E-05 9.98565E-05 0.97878 9.98565E-05 9.98565E-05 9.98565E-05 9.98565E-05 9.98565E-05 9.98565E-05
0.00515173 9.9856E-05 9.9856E-05 9.9856E-05 9.9856E-05 0.128295 9.9856E-05 9.9856E-05 9.9856E-05 9.9856E-05 9.9856E-05 9.9856E-05 0.864956 9.9856E-05 9.9856E-05 9.9856E-05 9.9856E-05 9.9856E-05 9.9856E-05
9.98918E-05 9.98918E-05 9.98918E-05 9.98918E-05 9.98918E-05 0.0709459 0.0242591 0.000885287 9.98918E-05 9.98918E-05 9.98918E-05 9.98918E-05 0.820078 9.98918E-05 0.0591965 9.98918E-05 0.0137733 9.98918E-05 0.0096635
9.98383E-05 9.98383E-05 9.98383E-05 0.998203 9.98383E-05 9.98383E-05 9.98383E-05 9.98383E-05 9.98383E-05 9.98383E-05 9.98383E-05 9.98383E-05 9.98383E-05 9.98383E-05 9.98383E-05 9.98383E-05 9.98383E-05 9.98383E-05 9.98383E-05
0.986474 9.98479E-05 9.98479E-05 9.98479E-05 9.98479E-05 9.98479E-05 9.98479E-05 9.98479E-05 9.98479E-05 9.98479E-05 9.98479E-05 9.98479E-05 9.98479E-05 9.98479E-05 0.0118281 9.98479E-05 9.98479E-05 9.98479E-05 9.98479E-05
0.274639 9.99371E-05 0.030193 0.0183452 0.0893969 0.0887725 0.0531444 0.0486519 0.0470122 0.00479959 9.99371E-05 0.120661 0.175863 9.99371E-05 9.99371E-05 9.99371E-05 0.0478212 9.99371E-05 9.99371E-05
0.91636 0.0819429 9.98476E-05 9.98476E-05 9.98476E-05 9.98476E-05 9.98476E-05 9.98476E-05 9.98476E-05 9.98476E-05 9.98476E-05 9.98476E-05 9.98476E-05 9.98476E-05 9.98476E-05 9.98476E-05 9.98476E-05 9.98476E-05 9.98476E-05
0.845826 9.9883E-05 0.0251498 9.9883E-05 0.0391249 9.9883E-05 9.9883E-05 9.9883E-05 9.9883E-05 0.0331254 9.9883E-05 9.9883E-05 9.9883E-05 9.9883E-05 9.9883E-05 9.9883E-05 0.0163163 9.9883E-05 0.0391593
0.834477 0.0800341 9.9874E-05 9.9874E-05 9.9874E-05 9.9874E-05 9.9874E-05 9.9874E-05 9.9874E-05 0.0485235 9.9874E-05 0.00679776 9.9874E-05 0.0287697 9.9874E-05 9.9874E-05 9.9874E-05 9.9874E-05 9.9874E-05
0.866825 0.0398552 0.00642938 9.99191E-05 0.00779096 9.99191E-05 9.99191E-05 9.99191E-05 9.99191E-05 0.022135 0.0106382 0.0160447 9.99191E-05 0.0192788 9.99191E-05 0.003802 9.99191E-05 0.00630125 9.99191E-05
0.6453 9.98562E-05 9.98562E-05 9.98562E-05 0.254122 9.98562E-05 9.98562E-05 9.98562E-05 9.98562E-05 9.98562E-05 9.98562E-05 9.98562E-05 9.98562E-05 9.98562E-05 9.98562E-05 9.98562E-05 9.98562E-05 9.98562E-05 0.0989798
0.939795 0.0155377 0.0151009 9.9874E-05 9.9874E-05 9.9874E-05 9.9874E-05 9.9874E-05 9.9874E-05 9.9874E-05 9.9874E-05 9.9874E-05 9.9874E-05 9.9874E-05 9.9874E-05 9.9874E-05 0.0090061 9.9874E-05 0.0191615
9.9865E-05 0.944079 9.9865E-05 9.9865E-05 0.00733803 9.9865E-05 9.9865E-05 9.9865E-05 9.9865E-05 0.0460615 9.9865E-05 9.9865E-05 9.9865E-05 9.9865E-05 9.9865E-05 9.9865E-05 0.0010239 9.9865E-05 9.9865E-05
9.98382E-05 0.998203 9.98382E-05 9.98382E-05 9.98382E-05 9.98382E-05 9.98382E-05 9.98382E-05 9.98382E-05 9.98382E-05 9.98382E-05 9.98382E-05 9.98382E-05 9.98382E-05 9.98382E-05 9.98382E-05 9.98382E-05 9.98382E-05 9.98382E-05
0.944293 9.98742E-05 9.98742E-05 9.98742E-05 9.98742E-05 0.0258382 9.98742E-05 9.98742E-05 9.98742E-05 9.98742E-05 9.98742E-05 9.98742E-05 9.98742E-05 0.016477 0.00110595 0.0108875 9.98742E-05 9.98742E-05 9.98742E-05
0.0119182 9.9865E-05 9.9865E-05 9.9865E-05 9.9865E-05 9.9865E-05 9.9865E-05 9.9865E-05 9.9865E-05 9.9865E-05 9.9865E-05 9.9865E-05 9.9865E-05 0.956577 0.011439 0.0185673 9.9865E-05 9.9865E-05 9.9865E-05
9.98471E-05 9.98471E-05 9.98471E-05 9.98471E-05 9.98471E-05 9.98471E-05 9.98471E-05 9.98471E-05 9.98471E-05 0.00562099 9.98471E-05 9.98471E-05 9.98471E-05 0.992682 9.98471E-05 9.98471E-05 9.98471E-05 9.98471E-05 9.98471E-05
9.98403E-05 9.98403E-05 9.98403E-05 9.98403E-05 9.98403E-05 9.98403E-05 0.00338373 9.98403E-05 9.98403E-05 9.98403E-05 9.98403E-05 9.98403E-05 9.98403E-05 9.98403E-05 0.990128 9.98403E-05 9.98403E-05 9.98403E-05 0.00489052
9.98384E-05 9.98384E-05 9.98384E-05 9.98384E-05 9.98384E-05 9.98384E-05 9.98384E-05 9.98384E-05 9.98384E-05 9.98384E-05 9.98384E-05 9.98384E-05 9.98384E-05 9.98384E-05 0.998203 9.98384E-05 9.98384E-05 9.98384E-05 9.98384E-05
9.98829E-05 0.0179975 9.98829E-05 9.98829E-05 9.98829E-05 0.793525 9.98829E-05 9.98829E-05 9.98829E-05 9.98829E-05 0.0215492 0.0501047 9.98829E-05 0.0311748 9.98829E-05 9.98829E-05 9.98829E-05 9.98829E-05 0.0843501
9.99099E-05 9.99099E-05 9.99099E-05 0.00954886 9.99099E-05 0.743863 9.99099E-05 0.000179117 0.00323277 9.99099E-05 0.011034 0.0173721 0.0373087 0.0672383 9.99099E-05 9.99099E-05 9.99099E-05 9.99099E-05 0.109224
9.98868E-05 0.00751158 9.98868E-05 9.98868E-05 9.98868E-05 0.00373928 9.98868E-05 9.98868E-05 9.98868E-05 9.98868E-05 9.98868E-05 0.0165222 9.98868E-05 0.0023388 0.946236 9.98868E-05 0.0223533 9.98868E-05 9.98868E-05
9.98474E-05 9.98474E-05 9.98474E-05 9.98474E-05 9.98474E-05 9.98474E-05 9.98474E-05 9.98474E-05 9.98474E-05 9.98474E-05 0.00141 9.98474E-05 9.98474E-05 9.98474E-05 0.996893 9.98474E-05 9.98474E-05 9.98474E-05 9.98474E-05
9.9865E-05 9.9865E-05 0.0143527 9.9865E-05 9.9865E-05 9.9865E-05 9.9865E-05 9.9865E-05 0.86207 9.9865E-05 0.085427 9.9865E-05 9.9865E-05 0.0366525 9.9865E-05 9.9865E-05 9.9865E-05 9.9865E-05 9.9865E-05
9.9874E-05 9.9874E-05 0.126544 9.9874E-05 9.9874E-05 9.9874E-05 9.9874E-05 9.9874E-05 9.9874E-05 9.9874E-05 9.9874E-05 9.9874E-05 0.118416 0.0850743 9.9874E-05 9.9874E-05 9.9874E-05 0.0305599 0.638007
9.9856E-05 9.9856E-05 0.0380258 9.9856E-05 9.9856E-05 9.9856E-05 9.9856E-05 9.9856E-05 9.9856E-05 0.0783196 9.9856E-05 0.882057 9.9856E-05 9.9856E-05 9.9856E-05 9.9856E-05 9.9856E-05 9.9856E-05 9.9856E-05
9.98379E-05 9.98379E-05 9.98379E-05 9.98379E-05 9.98379E-05 9.98379E-05 0.998203 9.98379E-05 9.98379E-05 9.98379E-05 9.98379E-05 9.98379E-05 9.98379E-05 9.98379E-05 9.98379E-05 9.98379E-05 9.98379E-05 9.98379E-05 9.98379E-05
9.98741E-05 9.98741E-05 9.98741E-05 9.98741E-05 9.98741E-05 9.98741E-05 0.741675 9.98741E-05 0.117179 9.98741E-05 9.98741E-05 9.98741E-05 0.0545602 9.98741E-05 0.00631801 9.98741E-05 0.0788691 9.98741E-05 9.98741E-05
9.98382E-05 9.98382E-05 9.98382E-05 9.98382E-05 0.998203 9.98382E-05 9.98382E-05 9.98382E-05 9.98382E-05 9.98382E-05 9.98382E-05 9.98382E-05 9.98382E-05 9.98382E-05 9.98382E-05 9.98382E-05 9.98382E-05 9.98382E-05 9.98382E-05
