9.99189E-05 0.0602454 9.99189E-05 9.99189E-05 9.99189E-05 9.99189E-05 9.99189E-05 0.938855 9.99189E-05 9.99189E-05 9.99189E-05
0.0137283 9.99638E-05 0.175435 0.0111775 9.99638E-05 0.0157515 0.048491 0.197859 9.99638E-05 9.99638E-05 0.537159
9.99466E-05 9.99466E-05 0.76328 9.99466E-05 9.99466E-05 9.99466E-05 0.0208072 9.99466E-05 0.039601 0.0411686 0.134544
9.9919E-05 9.9919E-05 0.971666 9.9919E-05 9.9919E-05 0.0274346 9.9919E-05 9.9919E-05 9.9919E-05 9.9919E-05 9.9919E-05
9.99551E-05 0.069386 0.357097 0.00639415 9.99551E-05 9.99551E-05 0.0237597 0.0783166 9.99551E-05 9.99551E-05 0.464547
9.99371E-05 0.00313328 0.981436 9.99371E-05 0.0127722 0.00195891 9.99371E-05 9.99371E-05 9.99371E-05 9.99371E-05 9.99371E-05
0.0532427 9.99279E-05 9.99279E-05 9.99279E-05 9.99279E-05 9.99279E-05 9.99279E-05 9.99279E-05 0.256001 9.99279E-05 0.689956
9.9946E-05 0.0395738 0.304788 0.172774 9.9946E-05 0.0249865 9.9946E-05 9.9946E-05 9.9946E-05 9.9946E-05 0.457278
0.119405 9.99279E-05 9.99279E-05 9.99279E-05 9.99279E-05 9.99279E-05 9.99279E-05 9.99279E-05 0.155664 9.99279E-05 0.724131
9.99191E-05 0.933351 9.99191E-05 9.99191E-05 9.99191E-05 9.99191E-05 9.99191E-05 9.99191E-05 9.99191E-05 9.99191E-05 0.0657495
9.99192E-05 0.984854 9.99192E-05 9.99192E-05 9.99192E-05 9.99192E-05 9.99192E-05 9.99192E-05 9.99192E-05 9.99192E-05 0.0142467
9.9937E-05 9.9937E-05 0.00563834 9.9937E-05 9.9937E-05 0.161452 9.9937E-05 0.649186 0.183024 9.9937E-05 9.9937E-05
9.99192E-05 9.99192E-05 0.0171126 9.99192E-05 9.99192E-05 9.99192E-05 9.99192E-05 9.99192E-05 0.981988 9.99192E-05 9.99192E-05
9.993E-05 9.993E-05 0.931115 9.993E-05 9.993E-05 9.993E-05 0.0177896 0.0227533 9.993E-05 0.0276425 9.993E-05
9.9937E-05 0.000264564 0.940304 9.9937E-05 9.9937E-05 9.9937E-05 9.9937E-05 0.0429308 9.9937E-05 0.0158006 9.9937E-05
0.774201 0.0274911 9.99371E-05 9.99371E-05 9.99371E-05 9.99371E-05 0.018195 9.99371E-05 0.179414 9.99371E-05 9.99371E-05
9.99189E-05 0.0750434 9.99189E-05 9.99189E-05 9.99189E-05 9.99189E-05 0.924057 9.99189E-05 9.99189E-05 9.99189E-05 9.99189E-05
9.99459E-05 0.154293 9.99459E-05 0.0196019 9.99459E-05 9.99459E-05 9.99459E-05 0.0792061 9.99459E-05 0.743553 0.00274643
9.9937E-05 9.9937E-05 9.9937E-05 9.9937E-05 0.222658 0.0611569 9.9937E-05 9.9937E-05 0.00440618 0.711079 9.9937E-05
0.290049 0.498986 9.99459E-05 9.99459E-05 9.99459E-05 0.0130166 0.0788506 0.118499 9.99459E-05 9.99459E-05 9.99459E-05
9.99191E-05 9.99191E-05 9.99191E-05 9.99191E-05 0.0527369 9.99191E-05 9.99191E-05 9.99191E-05 9.99191E-05 0.946364 9.99191E-05
0.268724 0.0982143 9.99459E-05 9.99459E-05 9.99459E-05 9.99459E-05 0.0142336 0.53876 0.0794683 9.99459E-05 9.99459E-05
9.99459E-05 0.170317 9.99459E-05 0.0036141 9.99459E-05 0.149163 0.222387 9.99459E-05 9.99459E-05 0.45392 9.99459E-05
9.9919E-05 0.0626934 9.9919E-05 9.9919E-05 9.9919E-05 9.9919E-05 9.9919E-05 9.9919E-05 9.9919E-05 0.936407 9.9919E-05
9.99192E-05 9.99192E-05 0.992617 9.99192E-05 9.99192E-05 0.00648323 9.99192E-05 9.99192E-05 9.99192E-05 9.99192E-05 9.99192E-05
9.99102E-05 9.99102E-05 0.999001 9.99102E-05 9.99102E-05 9.99102E-05 9.99102E-05 9.99102E-05 9.99102E-05 9.99102E-05 9.99102E-05
0.00321732 0.0929396 9.99549E-05 9.99549E-05 9.99549E-05 0.0226202 0.0649995 0.0374716 0.778252 9.99549E-05 9.99549E-05
9.9928E-05 9.9928E-05 0.927999 0.0535917 9.9928E-05 9.9928E-05 9.9928E-05 9.9928E-05 9.9928E-05 9.9928E-05 0.0176094
0.0143094 9.9937E-05 0.909289 0.0593393 9.9937E-05 9.9937E-05 9.9937E-05 9.9937E-05 0.0163623 9.9937E-05 9.9937E-05
9.99461E-05 9.99461E-05 0.699684 0.168205 0.0514318 9.99461E-05 9.99461E-05 9.99461E-05 0.0153069 9.99461E-05 0.0647723
9.9937E-05 9.9937E-05 0.604336 0.111494 9.9937E-05 9.9937E-05 0.0617254 9.9937E-05 9.9937E-05 9.9937E-05 0.221745
9.9937E-05 9.9937E-05 9.9937E-05 0.121734 9.9937E-05 0.00685401 9.9937E-05 0.119891 9.9937E-05 9.9937E-05 0.750822
0.00665358 9.99192E-05 0.992447 9.99192E-05 9.99192E-05 9.99192E-05 9.99192E-05 9.99192E-05 9.99192E-05 9.99192E-05 9.99192E-05
9.99462E-05 0.0124747 0.0900459 0.762717 9.99462E-05 0.0135823 9.99462E-05 9.99462E-05 9.99462E-05 9.99462E-05 0.12058
9.99548E-05 0.0554274 0.0266203 9.99548E-05 9.99548E-05 0.0838486 0.280736 0.0538362 0.499031 9.99548E-05 9.99548E-05
0.0216012 9.99369E-05 0.959723 9.99369E-05 9.99369E-05 9.99369E-05 0.00674654 9.99369E-05 9.99369E-05 9.99369E-05 0.0112301
9.9928E-05 9.9928E-05 0.0117391 9.9928E-05 9.9928E-05 9.9928E-05 0.0279455 0.959516 9.9928E-05 9.9928E-05 9.9928E-05
9.9964E-05 0.641237 0.0496417 0.000717694 0.0230733 9.9964E-05 0.0107911 0.136683 9.9964E-05 9.9964E-05 0.137456
9.99189E-05 9.99189E-05 9.99189E-05 9.99189E-05 9.99189E-05 9.99189E-05 0.995671 9.99189E-05 9.99189E-05 9.99189E-05 0.00342995
0.267894 0.24843 0.0963283 9.99459E-05 9.99459E-05 9.99459E-05 0.100329 0.286419 9.99459E-05 9.99459E-05 9.99459E-05
0.265977 0.255043 0.0526962 9.99639E-05 9.99639E-05 0.0327332 0.0664113 0.307431 9.99639E-05 0.0193084 9.99639E-05
0.0173998 0.915802 9.99369E-05 9.99369E-05 9.99369E-05 9.99369E-05 0.0334692 0.0326291 9.99369E-05 9.99369E-05 9.99369E-05
0.850732 0.00966447 9.9946E-05 9.9946E-05 0.0129727 9.9946E-05 9.9946E-05 0.0634984 0.0625327 9.9946E-05 9.9946E-05
9.9928E-05 0.92503 9.9928E-05 9.9928E-05 9.9928E-05 9.9928E-05 0.0606815 0.0134894 9.9928E-05 9.9928E-05 9.9928E-05
0.0967051 0.430874 9.99639E-05 0.0115027 9.99639E-05 0.0902436 9.99639E-05 0.0877512 0.139726 0.142797 9.99639E-05
0.204573 0.492338 0.0735455 9.9955E-05 0.0827667 9.9955E-05 9.9955E-05 0.142879 0.0033976 9.9955E-05 9.9955E-05
9.9955E-05 0.244422 0.0857976 0.0447278 9.9955E-05 9.9955E-05 0.215456 0.227554 0.181542 9.9955E-05 9.9955E-05
9.99195E-05 9.99195E-05 9.99195E-05 9.99195E-05 0.0301015 9.99195E-05 9.99195E-05 0.968999 9.99195E-05 9.99195E-05 9.99195E-05
9.99101E-05 9.99101E-05 9.99101E-05 0.999001 9.99101E-05 9.99101E-05 9.99101E-05 9.99101E-05 9.99101E-05 9.99101E-05 9.99101E-05
0.00174394 9.9928E-05 9.9928E-05 0.993691 9.9928E-05 9.9928E-05 0.00376525 9.9928E-05 9.9928E-05 9.9928E-05 9.9928E-05
0.0139394 9.99191E-05 9.99191E-05 0.985161 9.99191E-05 9.99191E-05 9.99191E-05 9.99191E-05 9.99191E-05 9.99191E-05 9.99191E-05
9.99101E-05 9.99101E-05 9.99101E-05 0.999001 9.99101E-05 9.99101E-05 9.99101E-05 9.99101E-05 9.99101E-05 9.99101E-05 9.99101E-05
9.99101E-05 9.99101E-05 9.99101E-05 0.999001 9.99101E-05 9.99101E-05 9.99101E-05 9.99101E-05 9.99101E-05 9.99101E-05 9.99101E-05
0.0576355 9.99641E-05 0.126939 0.498745 0.0132575 9.99641E-05 0.0504188 9.99641E-05 9.99641E-05 0.0350692 0.217536
0.0231346 9.9928E-05 9.9928E-05 0.964036 9.9928E-05 9.9928E-05 9.9928E-05 9.9928E-05 9.9928E-05 9.9928E-05 0.0120303
0.143405 9.99278E-05 9.99278E-05 9.99278E-05 9.99278E-05 9.99278E-05 9.99278E-05 0.800456 0.0553397 9.99278E-05 9.99278E-05
0.0173433 9.99457E-05 9.99457E-05 0.120811 9.99457E-05 0.0210495 9.99457E-05 0.0906378 9.99457E-05 9.99457E-05 0.749559
9.99189E-05 9.99189E-05 0.995313 9.99189E-05 9.99189E-05 9.99189E-05 0.00378813 9.99189E-05 9.99189E-05 9.99189E-05 9.99189E-05
0.0500154 9.9946E-05 9.9946E-05 0.0205591 9.9946E-05 0.0319455 9.9946E-05 0.05872 0.83816 9.9946E-05 9.9946E-05
0.920582 9.99192E-05 9.99192E-05 9.99192E-05 9.99192E-05 9.99192E-05 9.99192E-05 9.99192E-05 0.0785188 9.99192E-05 9.99192E-05
9.99103E-05 9.99103E-05 9.99103E-05 9.99103E-05 9.99103E-05 9.99103E-05 9.99103E-05 9.99103E-05 0.999001 9.99103E-05 9.99103E-05
9.99369E-05 0.120512 0.0100672 9.99369E-05 9.99369E-05 9.99369E-05 9.99369E-05 0.00552275 0.863198 9.99369E-05 9.99369E-05
9.99369E-05 0.0762944 9.99369E-05 9.99369E-05 9.99369E-05 0.0668547 0.019378 9.99369E-05 0.836773 9.99369E-05 9.99369E-05
9.99101E-05 9.99101E-05 9.99101E-05 9.99101E-05 0.999001 9.99101E-05 9.99101E-05 9.99101E-05 9.99101E-05 9.99101E-05 9.99101E-05
9.99193E-05 9.99193E-05 0.98346 9.99193E-05 9.99193E-05 0.0156404 9.99193E-05 9.99193E-05 9.99193E-05 9.99193E-05 9.99193E-05
0.0612353 0.147451 0.2527 9.9991E-05 0.0288876 0.0164181 0.0181862 0.0656978 0.121208 0.101974 0.186143
0.0184752 9.99373E-05 0.963766 9.99373E-05 9.99373E-05 9.99373E-05 9.99373E-05 9.99373E-05 0.0138012 9.99373E-05 0.00325784
9.9928E-05 9.9928E-05 0.949963 9.9928E-05 9.9928E-05 9.9928E-05 0.0405507 0.00868703 9.9928E-05 9.9928E-05 9.9928E-05
0.0589855 9.99279E-05 0.916484 0.023731 9.99279E-05 9.99279E-05 9.99279E-05 9.99279E-05 9.99279E-05 9.99279E-05 9.99279E-05
0.0329123 9.9946E-05 0.916847 0.034695 0.0133036 9.9946E-05 9.9946E-05 0.00164252 9.9946E-05 9.9946E-05 9.9946E-05
9.99461E-05 0.0301411 0.878278 9.99461E-05 9.99461E-05 0.0187002 9.99461E-05 0.0101877 9.99461E-05 9.99461E-05 0.0620936
9.99189E-05 9.99189E-05 0.975599 9.99189E-05 9.99189E-05 9.99189E-05 0.0235016 9.99189E-05 9.99189E-05 9.99189E-05 9.99189E-05
9.99372E-05 9.99372E-05 0.389416 0.156159 9.99372E-05 9.99372E-05 0.00955359 9.99372E-05 9.99372E-05 9.99372E-05 0.444172
9.99283E-05 9.99283E-05 0.358287 9.99283E-05 9.99283E-05 9.99283E-05 9.99283E-05 9.99283E-05 0.0386031 9.99283E-05 0.60231
0.0170734 9.9946E-05 0.959853 0.00645152 9.9946E-05 9.9946E-05 9.9946E-05 0.00668326 9.9946E-05 0.00933926 9.9946E-05
0.959219 9.9937E-05 9.9937E-05 0.0118187 9.9937E-05 0.00837379 9.9937E-05 9.9937E-05 9.9937E-05 9.9937E-05 0.0198892
0.990916 9.99189E-05 9.99189E-05 0.00818512 9.99189E-05 9.99189E-05 9.99189E-05 9.99189E-05 9.99189E-05 9.99189E-05 9.99189E-05
9.99101E-05 9.99101E-05 9.99101E-05 9.99101E-05 9.99101E-05 0.999001 9.99101E-05 9.99101E-05 9.99101E-05 9.99101E-05 9.99101E-05
9.99101E-05 9.99101E-05 9.99101E-05 9.99101E-05 9.99101E-05 0.999001 9.99101E-05 9.99101E-05 9.99101E-05 9.99101E-05 9.99101E-05
0.134583 0.817367 0.00286423 9.99459E-05 9.99459E-05 9.99459E-05 9.99459E-05 0.0388938 0.00569285 9.99459E-05 9.99459E-05
0.0995036 0.855245 9.9928E-05 9.9928E-05 9.9928E-05 9.9928E-05 9.9928E-05 9.9928E-05 0.0444515 9.9928E-05 9.9928E-05
0.0118615 9.99281E-05 9.99281E-05 9.99281E-05 9.99281E-05 0.973769 9.99281E-05 9.99281E-05 9.99281E-05 9.99281E-05 0.0135704
9.99101E-05 9.99101E-05 9.99101E-05 9.99101E-05 9.99101E-05 0.999001 9.99101E-05 9.99101E-05 9.99101E-05 9.99101E-05 9.99101E-05
9.9919E-05 9.9919E-05 9.9919E-05 9.9919E-05 9.9919E-05 9.9919E-05 9.9919E-05 0.961672 0.0374292 9.9919E-05 9.9919E-05
0.388588 0.150766 9.99639E-05 9.99639E-05 0.00777748 9.99639E-05 9.99639E-05 0.0743333 0.216433 0.0757329 0.0859697
9.99277E-05 9.99277E-05 9.99277E-05 0.129613 9.99277E-05 9.99277E-05 9.99277E-05 0.126134 9.99277E-05 9.99277E-05 0.743454
9.99641E-05 0.260136 0.0701482 0.00624296 9.99641E-05 0.115518 0.117001 9.99641E-05 0.310561 0.119995 9.99641E-05
9.99461E-05 9.99461E-05 9.99461E-05 9.99461E-05 9.99461E-05 0.196119 0.24211 0.16214 0.334936 0.0640959 9.99461E-05
9.99462E-05 9.99462E-05 0.537901 0.138716 9.99462E-05 0.00975244 9.99462E-05 9.99462E-05 9.99462E-05 0.0318786 0.281153
