9.99279E-05 0.935874 9.99279E-05 0.0169453 9.99279E-05 9.99279E-05 9.99279E-05 9.99279E-05 9.99279E-05 9.99279E-05 0.0463816
9.9955E-05 0.0153233 9.9955E-05 0.0316677 9.9955E-05 9.9955E-05 0.0554845 0.0896229 9.9955E-05 0.791176 0.0162258
0.00729673 9.99643E-05 0.0689877 0.0396092 0.172229 0.000812933 9.99643E-05 0.679418 0.0312469 9.99643E-05 9.99643E-05
9.9928E-05 9.9928E-05 9.9928E-05 0.035756 9.9928E-05 9.9928E-05 0.00735006 0.956095 9.9928E-05 9.9928E-05 9.9928E-05
0.0766706 0.00278589 9.99641E-05 9.99641E-05 0.080789 0.204152 9.99641E-05 0.373523 9.99641E-05 0.13818 0.1235
9.99371E-05 9.99371E-05 9.99371E-05 0.00976982 9.99371E-05 9.99371E-05 9.99371E-05 0.98102 0.000774719 9.99371E-05 0.00773624
9.99101E-05 9.99101E-05 9.99101E-05 9.99101E-05 9.99101E-05 0.999001 9.99101E-05 9.99101E-05 9.99101E-05 9.99101E-05 9.99101E-05
0.0698885 9.99549E-05 9.99549E-05 0.0169525 0.660097 9.99549E-05 9.99549E-05 0.0841422 9.99549E-05 0.0680715 0.100348
9.9919E-05 9.9919E-05 9.9919E-05 9.9919E-05 9.9919E-05 0.966429 9.9919E-05 9.9919E-05 9.9919E-05 0.0326721 9.9919E-05
9.99101E-05 9.99101E-05 9.99101E-05 9.99101E-05 9.99101E-05 0.131575 9.99101E-05 9.99101E-05 9.99101E-05 9.99101E-05 0.867526
9.9919E-05 9.9919E-05 9.9919E-05 9.9919E-05 9.9919E-05 0.1522 9.9919E-05 9.9919E-05 9.9919E-05 9.9919E-05 0.846901
9.9946E-05 0.707336 0.139008 0.123268 9.9946E-05 0.0217191 9.9946E-05 0.00806904 9.9946E-05 9.9946E-05 9.9946E-05
9.99281E-05 9.99281E-05 0.962239 9.99281E-05 0.00525971 0.0317014 9.99281E-05 9.99281E-05 9.99281E-05 9.99281E-05 9.99281E-05
9.9955E-05 0.0212361 9.9955E-05 0.00455897 9.9955E-05 9.9955E-05 9.9955E-05 0.931534 0.0219437 0.0197364 0.000491082
9.99371E-05 0.0206917 9.99371E-05 9.99371E-05 9.99371E-05 9.99371E-05 9.99371E-05 0.954539 0.00439487 9.99371E-05 0.0196745
0.0044267 9.9928E-05 0.160858 9.9928E-05 9.9928E-05 9.9928E-05 0.833916 9.9928E-05 9.9928E-05 9.9928E-05 9.9928E-05
0.00420205 9.99551E-05 0.167583 0.298809 9.99551E-05 9.99551E-05 0.1979 9.99551E-05 0.0409336 9.99551E-05 0.290072
0.00539995 9.99459E-05 9.99459E-05 9.99459E-05 9.99459E-05 9.99459E-05 0.0927354 9.99459E-05 0.700847 0.0870094 0.113409
9.99191E-05 9.99191E-05 9.99191E-05 0.068134 9.99191E-05 9.99191E-05 9.99191E-05 9.99191E-05 0.930967 9.99191E-05 9.99191E-05
9.9937E-05 0.139116 9.9937E-05 0.0598144 9.9937E-05 9.9937E-05 0.308359 9.9937E-05 9.9937E-05 9.9937E-05 0.492011
9.99101E-05 9.99101E-05 9.99101E-05 9.99101E-05 9.99101E-05 9.99101E-05 9.99101E-05 9.99101E-05 0.999001 9.99101E-05 9.99101E-05
9.9964E-05 0.492581 0.0413931 0.00255096 9.9964E-05 9.9964E-05 0.345906 9.9964E-05 0.0155298 0.0133405 0.0882983
0.00211124 9.99461E-05 9.99461E-05 0.273043 9.99461E-05 9.99461E-05 9.99461E-05 0.0192168 0.398113 9.99461E-05 0.306917
9.9928E-05 9.9928E-05 9.9928E-05 0.0531527 9.9928E-05 9.9928E-05 9.9928E-05 9.9928E-05 0.935219 9.9928E-05 0.0108293
9.99192E-05 9.99192E-05 9.99192E-05 9.99192E-05 9.99192E-05 0.00889119 9.99192E-05 0.99021 9.99192E-05 9.99192E-05 9.99192E-05
9.99192E-05 9.99192E-05 9.99192E-05 9.99192E-05 9.99192E-05 9.99192E-05 9.99192E-05 0.996819 9.99192E-05 0.00228203 9.99192E-05
9.99459E-05 0.0781028 0.789776 0.0333714 9.99459E-05 9.99459E-05 0.0230947 9.99459E-05 9.99459E-05 9.99459E-05 0.0750557
0.028484 9.9937E-05 9.9937E-05 9.9937E-05 9.9937E-05 0.0162583 9.9937E-05 0.927889 9.9937E-05 0.0266687 9.9937E-05
0.0185473 9.9937E-05 9.9937E-05 9.9937E-05 9.9937E-05 0.0527112 9.9937E-05 0.908442 9.9937E-05 0.0195999 9.9937E-05
0.14795 9.99551E-05 0.0154978 9.99551E-05 0.171066 9.99551E-05 9.99551E-05 0.602775 0.0166074 0.0456047 9.99551E-05
0.120884 9.9946E-05 9.9946E-05 0.0247292 0.324297 9.9946E-05 9.9946E-05 0.521411 9.9946E-05 9.9946E-05 0.00807942
9.99102E-05 9.99102E-05 9.99102E-05 9.99102E-05 9.99102E-05 9.99102E-05 9.99102E-05 9.99102E-05 9.99102E-05 0.999001 9.99102E-05
9.99192E-05 9.99192E-05 9.99192E-05 9.99192E-05 0.152921 9.99192E-05 9.99192E-05 0.84618 9.99192E-05 9.99192E-05 9.99192E-05
0.709892 9.99371E-05 9.99371E-05 0.00142087 0.272522 9.99371E-05 9.99371E-05 9.99371E-05 9.99371E-05 9.99371E-05 0.0154656
9.99458E-05 0.00406256 0.60678 0.174245 0.0791373 9.99458E-05 9.99458E-05 9.99458E-05 9.99458E-05 9.99458E-05 0.135176
9.99459E-05 9.99459E-05 0.000651811 0.00928206 0.0619833 9.99459E-05 9.99459E-05 0.92603 9.99459E-05 0.00145339 9.99459E-05
9.9919E-05 0.953235 9.9919E-05 9.9919E-05 0.0458658 9.9919E-05 9.9919E-05 9.9919E-05 9.9919E-05 9.9919E-05 9.9919E-05
9.99369E-05 0.0638233 9.99369E-05 9.99369E-05 0.0448803 9.99369E-05 9.99369E-05 9.99369E-05 9.99369E-05 0.195615 0.694982
9.99641E-05 9.99641E-05 0.174147 0.357025 0.0748733 9.99641E-05 0.124906 0.0539186 0.045114 9.99641E-05 0.169616
9.99459E-05 0.201254 9.99459E-05 0.00588056 9.99459E-05 9.99459E-05 0.362778 0.0974778 9.99459E-05 9.99459E-05 0.33201
9.99549E-05 0.248776 9.99549E-05 0.029415 9.99549E-05 9.99549E-05 0.327389 0.0604369 0.00515312 9.99549E-05 0.328331
9.99369E-05 0.0549429 0.0281576 9.99369E-05 9.99369E-05 9.99369E-05 0.0124032 9.99369E-05 9.99369E-05 9.99369E-05 0.903797
9.9955E-05 0.00394826 0.0531773 9.9955E-05 9.9955E-05 0.0647644 0.863514 9.9955E-05 0.00234101 9.9955E-05 0.0117552
0.0254916 9.99369E-05 0.0451842 0.00751277 9.99369E-05 9.99369E-05 9.99369E-05 9.99369E-05 9.99369E-05 9.99369E-05 0.921112
9.9955E-05 9.9955E-05 0.161924 0.0998472 9.9955E-05 9.9955E-05 0.104319 9.9955E-05 0.0932777 0.0345756 0.505557
9.9982E-05 0.133883 0.0176675 0.0164342 0.00891406 9.9982E-05 0.152698 0.0716236 0.0169691 0.000895819 0.580715
0.00665644 0.185715 0.210673 0.112933 9.9964E-05 0.0613496 9.9964E-05 0.147259 9.9964E-05 9.9964E-05 0.275014
9.99196E-05 0.995557 9.99196E-05 9.99196E-05 9.99196E-05 9.99196E-05 9.99196E-05 9.99196E-05 0.00354367 9.99196E-05 9.99196E-05
0.999001 9.99101E-05 9.99101E-05 9.99101E-05 9.99101E-05 9.99101E-05 9.99101E-05 9.99101E-05 9.99101E-05 9.99101E-05 9.99101E-05
0.980956 9.9928E-05 9.9928E-05 9.9928E-05 9.9928E-05 9.9928E-05 9.9928E-05 9.9928E-05 0.00909555 9.9928E-05 0.00914855
0.977847 9.9928E-05 9.9928E-05 9.9928E-05 9.9928E-05 0.00418512 0.0171686 9.9928E-05 9.9928E-05 9.9928E-05 9.9928E-05
0.999001 9.99101E-05 9.99101E-05 9.99101E-05 9.99101E-05 9.99101E-05 9.99101E-05 9.99101E-05 9.99101E-05 9.99101E-05 9.99101E-05
0.999001 9.99101E-05 9.99101E-05 9.99101E-05 9.99101E-05 9.99101E-05 9.99101E-05 9.99101E-05 9.99101E-05 9.99101E-05 9.99101E-05
0.434176 9.99641E-05 9.99641E-05 9.99641E-05 0.193079 0.0817502 0.0425773 0.185029 0.0332234 9.99641E-05 0.0297662
0.915799 9.9928E-05 9.9928E-05 9.9928E-05 9.9928E-05 9.9928E-05 0.0361713 9.9928E-05 9.9928E-05 0.0472307 9.9928E-05
9.99279E-05 0.828077 0.00628374 9.99279E-05 9.99279E-05 9.99279E-05 0.16484 9.99279E-05 9.99279E-05 9.99279E-05 9.99279E-05
0.0525371 9.99369E-05 0.0125034 9.99369E-05 9.99369E-05 0.041904 9.99369E-05 9.99369E-05 9.99369E-05 0.892356 9.99369E-05
9.9928E-05 0.000425793 9.9928E-05 9.9928E-05 9.9928E-05 9.9928E-05 9.9928E-05 0.990077 9.9928E-05 9.9928E-05 0.00869806
9.9928E-05 0.0603379 0.805826 9.9928E-05 9.9928E-05 9.9928E-05 0.133037 9.9928E-05 9.9928E-05 9.9928E-05 9.9928E-05
9.99192E-05 9.99192E-05 0.107917 9.99192E-05 9.99192E-05 9.99192E-05 0.891183 9.99192E-05 9.99192E-05 9.99192E-05 9.99192E-05
9.99192E-05 9.99192E-05 0.958473 9.99192E-05 9.99192E-05 0.0406274 9.99192E-05 9.99192E-05 9.99192E-05 9.99192E-05 9.99192E-05
9.99369E-05 0.000765575 0.904032 9.99369E-05 9.99369E-05 9.99369E-05 9.99369E-05 9.99369E-05 9.99369E-05 0.0292171 0.0652856
9.99279E-05 9.99279E-05 0.871372 0.00584912 9.99279E-05 9.99279E-05 9.99279E-05 9.99279E-05 9.99279E-05 9.99279E-05 0.12198
9.99372E-05 0.0240994 9.99372E-05 9.99372E-05 0.0267338 9.99372E-05 0.0462232 9.99372E-05 0.902244 9.99372E-05 9.99372E-05
9.99194E-05 9.99194E-05 9.99194E-05 9.99194E-05 9.99194E-05 9.99194E-05 9.99194E-05 0.976973 9.99194E-05 9.99194E-05 0.0221278
0.148374 0.084771 0.0362467 0.0777837 0.00602186 9.99821E-05 9.99821E-05 0.161915 0.0327122 0.054071 0.397904
9.99283E-05 9.99283E-05 9.99283E-05 9.99283E-05 0.110686 9.99283E-05 0.0500861 0.838429 9.99283E-05 9.99283E-05 9.99283E-05
9.9928E-05 0.0310894 9.9928E-05 9.9928E-05 9.9928E-05 0.0270895 9.9928E-05 0.941022 9.9928E-05 9.9928E-05 9.9928E-05
0.0198412 9.9937E-05 9.9937E-05 9.9937E-05 0.068427 9.9937E-05 0.0378218 0.87321 9.9937E-05 9.9937E-05 9.9937E-05
9.9946E-05 9.9946E-05 9.9946E-05 9.9946E-05 0.00523398 0.0336662 0.0223347 0.900926 9.9946E-05 0.0372398 9.9946E-05
9.99461E-05 0.0245001 9.99461E-05 0.0044225 0.153369 9.99461E-05 9.99461E-05 0.797789 9.99461E-05 9.99461E-05 0.0193197
0.0133146 9.9946E-05 0.00116016 0.00476082 9.9946E-05 0.0117457 9.9946E-05 0.968419 9.9946E-05 9.9946E-05 9.9946E-05
9.99101E-05 9.99101E-05 9.99101E-05 9.99101E-05 0.999001 9.99101E-05 9.99101E-05 9.99101E-05 9.99101E-05 9.99101E-05 9.99101E-05
9.9928E-05 9.9928E-05 0.00513542 9.9928E-05 0.986395 0.00767033 9.9928E-05 9.9928E-05 9.9928E-05 9.9928E-05 9.9928E-05
0.0297222 9.99281E-05 9.99281E-05 9.99281E-05 9.99281E-05 9.99281E-05 9.99281E-05 0.958972 9.99281E-05 9.99281E-05 0.0105065
9.9919E-05 9.9919E-05 9.9919E-05 9.9919E-05 0.018122 9.9919E-05 0.980979 9.9919E-05 9.9919E-05 9.9919E-05 9.9919E-05
0.00209541 9.99459E-05 9.99459E-05 9.99459E-05 0.0135369 0.00971495 0.965456 9.99459E-05 9.99459E-05 0.0085969 9.99459E-05
9.99101E-05 9.99101E-05 9.99101E-05 0.999001 9.99101E-05 9.99101E-05 9.99101E-05 9.99101E-05 9.99101E-05 9.99101E-05 9.99101E-05
9.99101E-05 9.99101E-05 9.99101E-05 0.999001 9.99101E-05 9.99101E-05 9.99101E-05 9.99101E-05 9.99101E-05 9.99101E-05 9.99101E-05
9.99459E-05 0.0048434 0.0362569 9.99459E-05 9.99459E-05 9.99459E-05 0.0733109 9.99459E-05 9.99459E-05 0.112918 0.772071
9.99369E-05 9.99369E-05 0.015217 9.99369E-05 9.99369E-05 9.99369E-05 0.146349 9.99369E-05 9.99369E-05 0.0446799 0.793055
9.9919E-05 9.9919E-05 9.9919E-05 0.994523 0.00457768 9.9919E-05 9.9919E-05 9.9919E-05 9.9919E-05 9.9919E-05 9.9919E-05
9.99101E-05 9.99101E-05 9.99101E-05 0.999001 9.99101E-05 9.99101E-05 9.99101E-05 9.99101E-05 9.99101E-05 9.99101E-05 9.99101E-05
0.00211149 0.970219 0.0236197 9.99369E-05 9.99369E-05 0.00334977 9.99369E-05 9.99369E-05 9.99369E-05 9.99369E-05 9.99369E-05
9.99549E-05 0.00217381 0.130101 9.99549E-05 9.99549E-05 0.113921 0.54144 9.99549E-05 0.0624215 9.99549E-05 0.149443
0.0520493 9.99279E-05 9.99279E-05 9.99279E-05 9.99279E-05 0.0639534 9.99279E-05 9.99279E-05 9.99279E-05 0.883198 9.99279E-05
9.99462E-05 9.99462E-05 0.349731 0.189006 9.99462E-05 9.99462E-05 9.99462E-05 0.0687184 0.095643 9.99462E-05 0.296302
9.99372E-05 0.163072 0.469555 0.296541 9.99372E-05 9.99372E-05 9.99372E-05 9.99372E-05 0.070132 9.99372E-05 9.99372E-05
0.0846823 9.99641E-05 9.99641E-05 0.0245235 0.307492 0.0352625 9.99641E-05 0.491488 0.0415485 0.0146029 9.99641E-05
