0.9376 9.98648E-05 9.98648E-05 9.98648E-05 9.98648E-05 9.98648E-05 9.98648E-05 9.98648E-05 9.98648E-05 9.98648E-05 9.98648E-05 0.028632 0.0037189 9.98648E-05 9.98648E-05 9.98648E-05 9.98648E-05 9.98648E-05 0.0226507 0.00590004
9.98739E-05 0.0219104 9.98739E-05 9.98739E-05 9.98739E-05 9.98739E-05 0.0854732 9.98739E-05 9.98739E-05 0.0508687 9.98739E-05 9.98739E-05 9.98739E-05 0.224565 0.607736 9.98739E-05 9.98739E-05 9.98739E-05 0.00804835 9.98739E-05
9.9829E-05 9.9829E-05 9.9829E-05 9.9829E-05 9.9829E-05 9.9829E-05 9.9829E-05 9.9829E-05 0.998103 9.9829E-05 9.9829E-05 9.9829E-05 9.9829E-05 9.9829E-05 9.9829E-05 9.9829E-05 9.9829E-05 9.9829E-05 9.9829E-05 9.9829E-05
9.98651E-05 9.98651E-05 9.98651E-05 9.98651E-05 9.98651E-05 9.98651E-05 0.865283 9.98651E-05 0.044747 9.98651E-05 9.98651E-05 0.0129474 0.0195751 9.98651E-05 9.98651E-05 9.98651E-05 9.98651E-05 0.0559497 9.98651E-05 9.98651E-05
9.98292E-05 0.998103 9.98292E-05 9.98292E-05 9.98292E-05 9.98292E-05 9.98292E-05 9.98292E-05 9.98292E-05 9.98292E-05 9.98292E-05 9.98292E-05 9.98292E-05 9.98292E-05 9.98292E-05 9.98292E-05 9.98292E-05 9.98292E-05 9.98292E-05 9.98292E-05
9.98921E-05 0.00643104 9.98921E-05 9.98921E-05 9.98921E-05 0.00205423 0.888565 9.98921E-05 0.0116192 0.00999682 9.98921E-05 9.98921E-05 9.98921E-05 0.0197284 9.98921E-05 0.0362462 9.98921E-05 0.0241604 9.98921E-05 9.98921E-05
9.98292E-05 9.98292E-05 9.98292E-05 0.998103 9.98292E-05 9.98292E-05 9.98292E-05 9.98292E-05 9.98292E-05 9.98292E-05 9.98292E-05 9.98292E-05 9.98292E-05 9.98292E-05 9.98292E-05 9.98292E-05 9.98292E-05 9.98292E-05 9.98292E-05 9.98292E-05
9.99009E-05 0.128124 9.99009E-05 9.99009E-05 0.0652768 9.99009E-05 0.0290222 9.99009E-05 9.99009E-05 0.384493 9.99009E-05 0.0778695 0.0151024 9.99009E-05 0.0667112 9.99009E-05 0.0330116 0.19929 9.99009E-05 9.99009E-05
9.98292E-05 9.98292E-05 9.98292E-05 9.98292E-05 9.98292E-05 9.98292E-05 9.98292E-05 9.98292E-05 9.98292E-05 9.98292E-05 9.98292E-05 9.98292E-05 9.98292E-05 9.98292E-05 9.98292E-05 9.98292E-05 0.998103 9.98292E-05 9.98292E-05 9.98292E-05
9.9856E-05 0.09009 9.9856E-05 0.0517154 9.9856E-05 9.9856E-05 9.9856E-05 9.9856E-05 9.9856E-05 9.9856E-05 9.9856E-05 0.826529 9.9856E-05 9.9856E-05 9.9856E-05 9.9856E-05 0.0300681 9.9856E-05 9.9856E-05 9.9856E-05
9.98472E-05 0.0690745 9.98472E-05 0.0789768 9.98472E-05 9.98472E-05 9.98472E-05 9.98472E-05 9.98472E-05 9.98472E-05 9.98472E-05 0.850251 9.98472E-05 9.98472E-05 9.98472E-05 9.98472E-05 9.98472E-05 9.98472E-05 9.98472E-05 9.98472E-05
0.628924 9.98921E-05 0.175334 9.98921E-05 9.98921E-05 9.98921E-05 0.0247958 9.98921E-05 9.98921E-05 9.98921E-05 9.98921E-05 9.98921E-05 0.110882 0.00639014 9.98921E-05 0.0240494 0.00899935 9.98921E-05 0.019427 9.98921E-05
9.98474E-05 9.98474E-05 0.918178 0.0471387 9.98474E-05 9.98474E-05 9.98474E-05 9.98474E-05 9.98474E-05 9.98474E-05 9.98474E-05 9.98474E-05 9.98474E-05 9.98474E-05 9.98474E-05 9.98474E-05 9.98474E-05 0.0329861 9.98474E-05 9.98474E-05
9.98653E-05 9.98653E-05 9.98653E-05 9.98653E-05 9.98653E-05 0.00153765 0.918762 9.98653E-05 9.98653E-05 9.98653E-05 0.00622235 9.98653E-05 9.98653E-05 9.98653E-05 0.00697943 0.0650003 9.98653E-05 9.98653E-05 9.98653E-05 9.98653E-05
9.98563E-05 0.052012 9.98563E-05 9.98563E-05 9.98563E-05 9.98563E-05 0.859083 9.98563E-05 9.98563E-05 9.98563E-05 9.98563E-05 9.98563E-05 9.98563E-05 0.0864151 9.98563E-05 9.98563E-05 9.98563E-05 9.98563E-05 9.98563E-05 0.000892559
9.9856E-05 9.9856E-05 0.0817283 9.9856E-05 9.9856E-05 9.9856E-05 9.9856E-05 0.806877 9.9856E-05 9.9856E-05 9.9856E-05 0.0225113 9.9856E-05 9.9856E-05 9.9856E-05 0.0872856 9.9856E-05 9.9856E-05 9.9856E-05 9.9856E-05
9.98561E-05 9.98561E-05 9.98561E-05 9.98561E-05 9.98561E-05 9.98561E-05 9.98561E-05 9.98561E-05 9.98561E-05 9.98561E-05 0.00693522 0.0710834 9.98561E-05 9.98561E-05 9.98561E-05 9.98561E-05 9.98561E-05 9.98561E-05 0.90849 0.0118938
9.98857E-05 9.98857E-05 9.98857E-05 0.00497365 0.0470392 9.98857E-05 9.98857E-05 0.0505721 9.98857E-05 9.98857E-05 0.751938 0.0419365 9.98857E-05 0.0839559 0.0182863 9.98857E-05 9.98857E-05 9.98857E-05 9.98857E-05 9.98857E-05
9.98473E-05 9.98473E-05 9.98473E-05 9.98473E-05 9.98473E-05 0.0320546 9.98473E-05 9.98473E-05 9.98473E-05 9.98473E-05 0.911547 9.98473E-05 0.0547005 9.98473E-05 9.98473E-05 9.98473E-05 9.98473E-05 9.98473E-05 9.98473E-05 9.98473E-05
0.0597147 9.98738E-05 9.98738E-05 9.98738E-05 9.98738E-05 9.98738E-05 9.98738E-05 0.351745 9.98738E-05 9.98738E-05 9.98738E-05 0.42942 0.0146145 9.98738E-05 9.98738E-05 0.118699 9.98738E-05 9.98738E-05 0.0244085 9.98738E-05
9.98383E-05 9.98383E-05 9.98383E-05 9.98383E-05 9.98383E-05 9.98383E-05 9.98383E-05 9.98383E-05 9.98383E-05 9.98383E-05 0.995838 9.98383E-05 9.98383E-05 9.98383E-05 9.98383E-05 9.98383E-05 9.98383E-05 0.00236496 9.98383E-05 9.98383E-05
0.438702 9.98831E-05 0.0316869 9.98831E-05 9.98831E-05 9.98831E-05 9.98831E-05 0.146627 9.98831E-05 9.98831E-05 9.98831E-05 0.078559 0.0158325 0.283787 9.98831E-05 9.98831E-05 9.98831E-05 9.98831E-05 0.00350656 9.98831E-05
9.9829E-05 9.9829E-05 9.9829E-05 9.9829E-05 9.9829E-05 9.9829E-05 9.9829E-05 9.9829E-05 9.9829E-05 9.9829E-05 9.9829E-05 9.9829E-05 9.9829E-05 9.9829E-05 9.9829E-05 9.9829E-05 9.9829E-05 9.9829E-05 9.9829E-05 0.998103
9.98381E-05 9.98381E-05 9.98381E-05 9.98381E-05 9.98381E-05 9.98381E-05 9.98381E-05 9.98381E-05 9.98381E-05 9.98381E-05 0.881501 9.98381E-05 9.98381E-05 9.98381E-05 9.98381E-05 9.98381E-05 9.98381E-05 9.98381E-05 9.98381E-05 0.116702
9.98474E-05 9.98474E-05 9.98474E-05 0.0100913 9.98474E-05 9.98474E-05 0.973696 9.98474E-05 9.98474E-05 0.0145154 9.98474E-05 9.98474E-05 9.98474E-05 9.98474E-05 9.98474E-05 9.98474E-05 9.98474E-05 9.98474E-05 9.98474E-05 9.98474E-05
9.98296E-05 9.98296E-05 9.98296E-05 9.98296E-05 9.98296E-05 9.98296E-05 0.998103 9.98296E-05 9.98296E-05 9.98296E-05 9.98296E-05 9.98296E-05 9.98296E-05 9.98296E-05 9.98296E-05 9.98296E-05 9.98296E-05 9.98296E-05 9.98296E-05 9.98296E-05
0.0670465 9.98649E-05 0.825948 9.98649E-05 9.98649E-05 9.98649E-05 9.98649E-05 9.98649E-05 9.98649E-05 9.98649E-05 9.98649E-05 0.0431998 0.0326698 9.98649E-05 9.98649E-05 9.98649E-05 9.98649E-05 9.98649E-05 0.0296384 9.98649E-05
9.98651E-05 9.98651E-05 0.00560203 9.98651E-05 0.0556075 9.98651E-05 0.883626 9.98651E-05 9.98651E-05 9.98651E-05 9.98651E-05 9.98651E-05 9.98651E-05 9.98651E-05 9.98651E-05 9.98651E-05 0.0118702 0.0417967 9.98651E-05 9.98651E-05
9.98832E-05 9.98832E-05 0.0185095 9.98832E-05 0.0559451 9.98832E-05 0.873919 9.98832E-05 0.00241337 9.98832E-05 9.98832E-05 9.98832E-05 9.98832E-05 9.98832E-05 0.00987338 9.98832E-05 0.0103167 0.027724 9.98832E-05 9.98832E-05
0.0269352 0.035477 9.98832E-05 9.98832E-05 0.101827 0.010522 0.318241 9.98832E-05 0.0351432 9.98832E-05 9.98832E-05 9.98832E-05 9.98832E-05 9.98832E-05 9.98832E-05 9.98832E-05 9.98832E-05 0.470556 9.98832E-05 9.98832E-05
9.98559E-05 0.015866 9.98559E-05 9.98559E-05 9.98559E-05 9.98559E-05 0.0364452 9.98559E-05 9.98559E-05 9.98559E-05 9.98559E-05 9.98559E-05 9.98559E-05 9.98559E-05 9.98559E-05 0.00288499 9.98559E-05 0.943206 9.98559E-05 9.98559E-05
9.98296E-05 9.98296E-05 9.98296E-05 9.98296E-05 9.98296E-05 9.98296E-05 9.98296E-05 9.98296E-05 9.98296E-05 9.98296E-05 9.98296E-05 9.98296E-05 9.98296E-05 9.98296E-05 0.998103 9.98296E-05 9.98296E-05 9.98296E-05 9.98296E-05 9.98296E-05
9.98473E-05 9.98473E-05 9.98473E-05 9.98473E-05 9.98473E-05 9.98473E-05 0.802751 9.98473E-05 9.98473E-05 0.181578 9.98473E-05 9.98473E-05 9.98473E-05 9.98473E-05 9.98473E-05 9.98473E-05 9.98473E-05 9.98473E-05 0.0139727 9.98473E-05
9.98833E-05 9.98833E-05 9.98833E-05 9.98833E-05 0.723903 9.98833E-05 9.98833E-05 0.00471658 9.98833E-05 0.200802 9.98833E-05 0.00541755 9.98833E-05 9.98833E-05 0.0222921 9.98833E-05 0.0220596 0.0195104 9.98833E-05 9.98833E-05
9.98917E-05 0.0128507 0.513795 9.98917E-05 9.98917E-05 9.98917E-05 0.00942294 9.98917E-05 9.98917E-05 9.98917E-05 9.98917E-05 9.98917E-05 0.0745352 0.060977 9.98917E-05 0.0524464 9.98917E-05 0.05261 0.222164 9.98917E-05
9.98739E-05 9.98739E-05 9.98739E-05 0.0306859 9.98739E-05 9.98739E-05 0.895142 9.98739E-05 9.98739E-05 0.0290541 9.98739E-05 9.98739E-05 9.98739E-05 0.0195815 9.98739E-05 0.0125167 9.98739E-05 9.98739E-05 0.0116216 9.98739E-05
0.940329 0.0106759 9.98562E-05 9.98562E-05 9.98562E-05 9.98562E-05 9.98562E-05 9.98562E-05 0.0367296 0.0106679 9.98562E-05 9.98562E-05 9.98562E-05 9.98562E-05 9.98562E-05 9.98562E-05 9.98562E-05 9.98562E-05 9.98562E-05 9.98562E-05
0.0531639 9.99008E-05 0.0030428 9.99008E-05 9.99008E-05 0.0193203 9.99008E-05 9.99008E-05 9.99008E-05 0.0611248 9.99008E-05 0.516192 9.99008E-05 0.0964167 0.16326 9.99008E-05 9.99008E-05 9.99008E-05 0.0372657 0.0491145
9.98383E-05 9.98383E-05 9.98383E-05 9.98383E-05 9.98383E-05 9.98383E-05 9.98383E-05 9.98383E-05 9.98383E-05 0.0106437 9.98383E-05 9.98383E-05 9.98383E-05 9.98383E-05 9.98383E-05 9.98383E-05 9.98383E-05 9.98383E-05 0.987559 9.98383E-05
9.98291E-05 9.98291E-05 9.98291E-05 9.98291E-05 9.98291E-05 9.98291E-05 9.98291E-05 9.98291E-05 9.98291E-05 9.98291E-05 9.98291E-05 9.98291E-05 9.98291E-05 0.998103 9.98291E-05 9.98291E-05 9.98291E-05 9.98291E-05 9.98291E-05 9.98291E-05
9.98382E-05 0.00946411 9.98382E-05 9.98382E-05 9.98382E-05 9.98382E-05 9.98382E-05 9.98382E-05 9.98382E-05 9.98382E-05 9.98382E-05 9.98382E-05 9.98382E-05 0.988739 9.98382E-05 9.98382E-05 9.98382E-05 9.98382E-05 9.98382E-05 9.98382E-05
0.00282957 9.98602E-05 9.98602E-05 9.98602E-05 9.98602E-05 9.98602E-05 9.98602E-05 0.000781246 9.98602E-05 9.98602E-05 9.98602E-05 0.882084 9.98602E-05 0.0476403 9.98602E-05 0.0368135 9.98602E-05 9.98602E-05 0.028453 9.98602E-05
0.0416218 9.9883E-05 0.0151659 9.9883E-05 9.9883E-05 0.00440439 9.9883E-05 0.842043 9.9883E-05 9.9883E-05 0.00478096 0.0269051 9.9883E-05 9.9883E-05 9.9883E-05 9.9883E-05 0.0637809 9.9883E-05 9.9883E-05 9.9883E-05
0.00364521 9.9856E-05 9.9856E-05 9.9856E-05 9.9856E-05 9.9856E-05 9.9856E-05 9.9856E-05 0.0090528 9.9856E-05 9.9856E-05 0.897164 9.9856E-05 9.9856E-05 9.9856E-05 0.0885407 9.9856E-05 9.9856E-05 9.9856E-05 9.9856E-05
0.0156982 9.99099E-05 0.110124 9.99099E-05 9.99099E-05 9.99099E-05 9.99099E-05 0.0624872 9.99099E-05 9.99099E-05 9.99099E-05 0.262674 0.0256964 0.10181 0.0264363 0.155044 0.0201048 9.99099E-05 9.99099E-05 0.218927
0.0547684 0.0151805 9.99099E-05 9.99099E-05 9.99099E-05 0.079435 9.99099E-05 0.135691 0.0105492 9.99099E-05 9.99099E-05 0.391506 9.99099E-05 0.115168 9.99099E-05 0.129564 9.99099E-05 0.0558039 9.99099E-05 0.0113353
0.150873 9.99099E-05 0.00377484 9.99099E-05 0.00778202 0.0067812 9.99099E-05 9.99099E-05 0.107912 9.99099E-05 9.99099E-05 0.155737 9.99099E-05 9.99099E-05 9.99099E-05 0.309028 0.121086 0.012678 0.123349 9.99099E-05
0.982915 9.98481E-05 9.98481E-05 9.98481E-05 9.98481E-05 0.00646227 9.98481E-05 9.98481E-05 9.98481E-05 9.98481E-05 9.98481E-05 9.98481E-05 9.98481E-05 9.98481E-05 9.98481E-05 9.98481E-05 9.98481E-05 9.98481E-05 9.98481E-05 0.00892499
9.98293E-05 9.98293E-05 9.98293E-05 9.98293E-05 0.998103 9.98293E-05 9.98293E-05 9.98293E-05 9.98293E-05 9.98293E-05 9.98293E-05 9.98293E-05 9.98293E-05 9.98293E-05 9.98293E-05 9.98293E-05 9.98293E-05 9.98293E-05 9.98293E-05 9.98293E-05
9.98472E-05 9.98472E-05 9.98472E-05 9.98472E-05 0.979653 9.98472E-05 9.98472E-05 9.98472E-05 9.98472E-05 9.98472E-05 0.00188721 9.98472E-05 9.98472E-05 9.98472E-05 9.98472E-05 9.98472E-05 0.0167624 9.98472E-05 9.98472E-05 9.98472E-05
9.98474E-05 9.98474E-05 9.98474E-05 9.98474E-05 0.98188 9.98474E-05 9.98474E-05 9.98474E-05 9.98474E-05 9.98474E-05 9.98474E-05 9.98474E-05 9.98474E-05 0.0135992 9.98474E-05 0.00282361 9.98474E-05 9.98474E-05 9.98474E-05 9.98474E-05
9.98294E-05 9.98294E-05 9.98294E-05 9.98294E-05 0.998103 9.98294E-05 9.98294E-05 9.98294E-05 9.98294E-05 9.98294E-05 9.98294E-05 9.98294E-05 9.98294E-05 9.98294E-05 9.98294E-05 9.98294E-05 9.98294E-05 9.98294E-05 9.98294E-05 9.98294E-05
9.98383E-05 9.98383E-05 9.98383E-05 9.98383E-05 0.997359 9.98383E-05 9.98383E-05 9.98383E-05 9.98383E-05 9.98383E-05 9.98383E-05 9.98383E-05 9.98383E-05 9.98383E-05 9.98383E-05 9.98383E-05 9.98383E-05 0.000844184 9.98383E-05 9.98383E-05
9.98921E-05 9.98921E-05 9.98921E-05 0.0455479 0.294509 9.98921E-05 9.98921E-05 0.0766632 0.11467 0.0769419 9.98921E-05 9.98921E-05 9.98921E-05 9.98921E-05 0.054827 9.98921E-05 9.98921E-05 0.258664 9.98921E-05 0.0769786
9.98562E-05 0.0171322 9.98562E-05 9.98562E-05 0.905635 9.98562E-05 9.98562E-05 9.98562E-05 9.98562E-05 9.98562E-05 9.98562E-05 9.98562E-05 9.98562E-05 9.98562E-05 0.0708889 9.98562E-05 9.98562E-05 9.98562E-05 0.0047464 9.98562E-05
0.762805 9.98467E-05 9.98467E-05 9.98467E-05 9.98467E-05 9.98467E-05 9.98467E-05 0.190693 9.98467E-05 9.98467E-05 9.98467E-05 9.98467E-05 9.98467E-05 9.98467E-05 9.98467E-05 0.0448047 9.98467E-05 9.98467E-05 9.98467E-05 9.98467E-05
9.98739E-05 9.98739E-05 9.98739E-05 0.0129419 0.0369861 9.98739E-05 9.98739E-05 0.0208519 9.98739E-05 9.98739E-05 9.98739E-05 9.98739E-05 0.00327907 9.98739E-05 0.91061 9.98739E-05 0.0139325 9.98739E-05 9.98739E-05 9.98739E-05
9.9847E-05 0.0270762 9.9847E-05 9.9847E-05 9.9847E-05 9.9847E-05 0.963892 9.9847E-05 9.9847E-05 9.9847E-05 9.9847E-05 9.9847E-05 9.9847E-05 0.00733459 9.9847E-05 9.9847E-05 9.9847E-05 9.9847E-05 9.9847E-05 9.9847E-05
9.98562E-05 9.98562E-05 0.850413 9.98562E-05 9.98562E-05 9.98562E-05 9.98562E-05 0.0339674 9.98562E-05 9.98562E-05 9.98562E-05 9.98562E-05 0.0119851 0.102037 9.98562E-05 9.98562E-05 9.98562E-05 9.98562E-05 9.98562E-05 9.98562E-05
9.98474E-05 9.98474E-05 0.00431336 9.98474E-05 9.98474E-05 9.98474E-05 9.98474E-05 0.913931 9.98474E-05 9.98474E-05 9.98474E-05 9.98474E-05 9.98474E-05 9.98474E-05 9.98474E-05 0.0800587 9.98474E-05 9.98474E-05 9.98474E-05 9.98474E-05
9.98476E-05 9.98476E-05 0.958738 0.0290785 9.98476E-05 9.98476E-05 9.98476E-05 9.98476E-05 9.98476E-05 0.0104865 9.98476E-05 9.98476E-05 9.98476E-05 9.98476E-05 9.98476E-05 9.98476E-05 9.98476E-05 9.98476E-05 9.98476E-05 9.98476E-05
9.9838E-05 9.9838E-05 0.862722 9.9838E-05 9.9838E-05 9.9838E-05 9.9838E-05 9.9838E-05 9.9838E-05 9.9838E-05 9.9838E-05 0.135481 9.9838E-05 9.9838E-05 9.9838E-05 9.9838E-05 9.9838E-05 9.9838E-05 9.9838E-05 9.9838E-05
9.98739E-05 9.98739E-05 0.867169 9.98739E-05 9.98739E-05 9.98739E-05 9.98739E-05 9.98739E-05 9.98739E-05 9.98739E-05 9.98739E-05 0.0465607 0.0356965 0.032735 9.98739E-05 0.0145607 9.98739E-05 9.98739E-05 0.00187977 9.98739E-05
9.98293E-05 9.98293E-05 9.98293E-05 9.98293E-05 9.98293E-05 0.998103 9.98293E-05 9.98293E-05 9.98293E-05 9.98293E-05 9.98293E-05 9.98293E-05 9.98293E-05 9.98293E-05 9.98293E-05 9.98293E-05 9.98293E-05 9.98293E-05 9.98293E-05 9.98293E-05
9.98658E-05 0.00726922 9.98658E-05 0.00845781 9.98658E-05 9.98658E-05 0.959228 0.0063523 0.0171943 9.98658E-05 9.98658E-05 9.98658E-05 9.98658E-05 9.98658E-05 9.98658E-05 9.98658E-05 9.98658E-05 9.98658E-05 9.98658E-05 9.98658E-05
9.99279E-05 9.99279E-05 0.158302 9.99279E-05 0.0296994 9.99279E-05 0.259972 0.0480035 9.99279E-05 0.0906987 0.00882867 0.143533 0.0244694 9.99279E-05 0.0626327 0.0867919 9.99279E-05 9.99279E-05 0.00019062 0.0860792
9.98566E-05 9.98566E-05 9.98566E-05 9.98566E-05 9.98566E-05 9.98566E-05 0.825276 0.0094844 0.11254 0.0511015 9.98566E-05 9.98566E-05 9.98566E-05 9.98566E-05 9.98566E-05 9.98566E-05 9.98566E-05 9.98566E-05 9.98566E-05 9.98566E-05
9.9865E-05 0.0955295 9.9865E-05 9.9865E-05 9.9865E-05 9.9865E-05 0.859943 9.9865E-05 9.9865E-05 9.9865E-05 9.9865E-05 9.9865E-05 9.9865E-05 0.00801078 9.9865E-05 9.9865E-05 9.9865E-05 0.00990791 0.0251113 9.9865E-05
9.9883E-05 9.9883E-05 9.9883E-05 0.018879 0.0234021 9.9883E-05 0.867691 0.0481339 9.9883E-05 0.0187811 9.9883E-05 9.9883E-05 9.9883E-05 9.9883E-05 9.9883E-05 9.9883E-05 0.00829465 0.0135194 9.9883E-05 9.9883E-05
9.98832E-05 9.98832E-05 9.98832E-05 9.98832E-05 0.00372585 9.98832E-05 0.895752 0.021092 9.98832E-05 0.0190442 9.98832E-05 9.98832E-05 9.98832E-05 9.98832E-05 0.032893 9.98832E-05 0.0192149 0.00697947 9.98832E-05 9.98832E-05
9.98653E-05 0.0551408 9.98653E-05 9.98653E-05 9.98653E-05 9.98653E-05 0.6857 9.98653E-05 9.98653E-05 9.98653E-05 9.98653E-05 9.98653E-05 9.98653E-05 0.0818056 9.98653E-05 9.98653E-05 0.00184098 0.174015 9.98653E-05 9.98653E-05
9.9874E-05 0.0299454 9.9874E-05 0.00373833 9.9874E-05 9.9874E-05 0.918284 9.9874E-05 9.9874E-05 0.0184822 9.9874E-05 9.9874E-05 9.9874E-05 0.00516336 9.9874E-05 9.9874E-05 9.9874E-05 9.9874E-05 0.0229881 9.9874E-05
9.9847E-05 0.0314252 9.9847E-05 9.9847E-05 0.0397072 9.9847E-05 9.9847E-05 9.9847E-05 9.9847E-05 0.92717 9.9847E-05 9.9847E-05 9.9847E-05 9.9847E-05 9.9847E-05 9.9847E-05 9.9847E-05 9.9847E-05 9.9847E-05 9.9847E-05
9.9838E-05 9.9838E-05 9.9838E-05 0.0531326 9.9838E-05 9.9838E-05 9.9838E-05 9.9838E-05 9.9838E-05 0.94507 9.9838E-05 9.9838E-05 9.9838E-05 9.9838E-05 9.9838E-05 9.9838E-05 9.9838E-05 9.9838E-05 9.9838E-05 9.9838E-05
9.98653E-05 9.98653E-05 9.98653E-05 9.98653E-05 0.0356419 9.98653E-05 0.874973 0.0202197 0.0498551 9.98653E-05 9.98653E-05 9.98653E-05 9.98653E-05 9.98653E-05 9.98653E-05 9.98653E-05 9.98653E-05 9.98653E-05 9.98653E-05 0.0178121
9.9874E-05 9.9874E-05 9.9874E-05 0.00111186 9.9874E-05 9.9874E-05 0.00466724 0.939689 9.9874E-05 9.9874E-05 9.9874E-05 9.9874E-05 9.9874E-05 0.00567925 0.0313774 9.9874E-05 9.9874E-05 9.9874E-05 9.9874E-05 0.0160775
9.98471E-05 9.98471E-05 9.98471E-05 9.98471E-05 0.0208787 9.98471E-05 9.98471E-05 0.968508 9.98471E-05 9.98471E-05 9.98471E-05 9.98471E-05 9.98471E-05 9.98471E-05 9.98471E-05 9.98471E-05 9.98471E-05 9.98471E-05 9.98471E-05 0.0089154
0.0141808 9.98473E-05 9.98473E-05 9.98473E-05 9.98473E-05 9.98473E-05 9.98473E-05 9.98473E-05 9.98473E-05 9.98473E-05 9.98473E-05 9.98473E-05 0.973962 0.0101595 9.98473E-05 9.98473E-05 9.98473E-05 9.98473E-05 9.98473E-05 9.98473E-05
9.98385E-05 9.98385E-05 9.98385E-05 9.98385E-05 9.98385E-05 9.98385E-05 9.98385E-05 9.98385E-05 0.00300243 9.98385E-05 9.98385E-05 9.98385E-05 0.9952 9.98385E-05 9.98385E-05 9.98385E-05 9.98385E-05 9.98385E-05 9.98385E-05 9.98385E-05
9.9847E-05 9.9847E-05 9.9847E-05 9.9847E-05 9.9847E-05 9.9847E-05 9.9847E-05 9.9847E-05 9.9847E-05 9.9847E-05 9.9847E-05 0.802373 9.9847E-05 0.115026 0.0809031 9.9847E-05 9.9847E-05 9.9847E-05 9.9847E-05 9.9847E-05
9.9874E-05 9.9874E-05 0.0314993 9.9874E-05 9.9874E-05 9.9874E-05 9.9874E-05 0.0587907 9.9874E-05 9.9874E-05 9.9874E-05 0.801353 9.9874E-05 0.0511249 0.0391891 9.9874E-05 0.0166447 9.9874E-05 9.9874E-05 9.9874E-05
9.98607E-05 9.98607E-05 9.98607E-05 9.98607E-05 9.98607E-05 9.98607E-05 9.98607E-05 0.00533956 9.98607E-05 0.00910626 9.98607E-05 9.98607E-05 0.962797 9.98607E-05 9.98607E-05 9.98607E-05 9.98607E-05 9.98607E-05 9.98607E-05 0.0211599
9.98294E-05 9.98294E-05 9.98294E-05 9.98294E-05 9.98294E-05 9.98294E-05 9.98294E-05 9.98294E-05 9.98294E-05 9.98294E-05 9.98294E-05 9.98294E-05 0.998103 9.98294E-05 9.98294E-05 9.98294E-05 9.98294E-05 9.98294E-05 9.98294E-05 9.98294E-05
0.943785 9.98469E-05 9.98469E-05 0.021279 9.98469E-05 9.98469E-05 9.98469E-05 0.0332383 9.98469E-05 9.98469E-05 9.98469E-05 9.98469E-05 9.98469E-05 9.98469E-05 9.98469E-05 9.98469E-05 9.98469E-05 9.98469E-05 9.98469E-05 9.98469E-05
9.98649E-05 9.98649E-05 0.118287 0.131543 9.98649E-05 9.98649E-05 9.98649E-05 0.0787684 9.98649E-05 9.98649E-05 0.0209829 9.98649E-05 9.98649E-05 0.648921 9.98649E-05 9.98649E-05 9.98649E-05 9.98649E-05 9.98649E-05 9.98649E-05
9.98561E-05 0.0103584 9.98561E-05 0.0317746 0.0579939 9.98561E-05 9.98561E-05 9.98561E-05 9.98561E-05 9.98561E-05 9.98561E-05 9.98561E-05 9.98561E-05 9.98561E-05 0.898275 9.98561E-05 9.98561E-05 9.98561E-05 9.98561E-05 9.98561E-05
9.98381E-05 9.98381E-05 9.98381E-05 9.98381E-05 9.98381E-05 9.98381E-05 9.98381E-05 9.98381E-05 9.98381E-05 9.98381E-05 9.98381E-05 9.98381E-05 9.98381E-05 9.98381E-05 9.98381E-05 0.982829 9.98381E-05 9.98381E-05 9.98381E-05 0.0153744
0.0214836 9.98741E-05 0.0592631 9.98741E-05 9.98741E-05 9.98741E-05 9.98741E-05 9.98741E-05 9.98741E-05 9.98741E-05 0.00319938 9.98741E-05 0.0157327 9.98741E-05 9.98741E-05 0.846391 9.98741E-05 9.98741E-05 0.0525321 9.98741E-05
9.98291E-05 9.98291E-05 9.98291E-05 9.98291E-05 9.98291E-05 9.98291E-05 9.98291E-05 9.98291E-05 9.98291E-05 9.98291E-05 9.98291E-05 9.98291E-05 9.98291E-05 9.98291E-05 9.98291E-05 9.98291E-05 9.98291E-05 0.998103 9.98291E-05 9.98291E-05
