9.997E-05 0.9996 9.997E-05 9.997E-05 9.997E-05
9.9973E-05 0.493593 0.506107 9.9973E-05 9.9973E-05
0.0515608 9.99911E-05 0.814901 0.0529323 0.0805063
9.99729E-05 9.99729E-05 0.966552 9.99729E-05 0.0331485
9.99731E-05 0.357111 0.642589 9.99731E-05 9.99731E-05
9.9973E-05 9.9973E-05 0.984353 9.9973E-05 0.0153472
9.99821E-05 0.055082 0.313703 0.631015 9.99821E-05
9.9982E-05 0.216834 0.782008 9.9982E-05 0.000957543
9.99821E-05 0.227972 0.330881 0.440947 9.99821E-05
9.99731E-05 0.925924 9.99731E-05 9.99731E-05 0.0737758
9.9982E-05 0.845054 9.9982E-05 0.0472604 0.107486
9.999E-05 0.598384 0.0271563 0.239514 0.134846
9.997E-05 9.997E-05 9.997E-05 0.9996 9.997E-05
0.0105466 9.9982E-05 0.970935 9.9982E-05 0.0183181
9.9982E-05 0.036218 0.957645 9.9982E-05 0.00593738
9.9991E-05 0.570804 0.0555492 0.346543 0.0270035
0.067289 0.376762 9.9991E-05 0.179614 0.376236
0.693311 0.291249 0.0152407 9.9982E-05 9.9982E-05
0.906209 9.9973E-05 9.9973E-05 9.9973E-05 0.0934911
9.9982E-05 0.807174 9.9982E-05 0.059603 0.133023
0.9996 9.997E-05 9.997E-05 9.997E-05 9.997E-05
9.9982E-05 0.830525 9.9982E-05 0.129215 0.04006
0.416554 0.213939 9.9982E-05 9.9982E-05 0.369307
0.88237 9.9973E-05 9.9973E-05 9.9973E-05 0.11733
9.997E-05 9.997E-05 0.9996 9.997E-05 9.997E-05
9.997E-05 9.997E-05 0.9996 9.997E-05 9.997E-05
9.99819E-05 0.132173 9.99819E-05 0.777818 0.0898081
9.997E-05 9.997E-05 0.9996 9.997E-05 9.997E-05
9.9973E-05 9.9973E-05 0.997339 0.00236135 9.9973E-05
0.0491648 9.9982E-05 0.893757 9.9982E-05 0.0568787
0.00726322 9.9982E-05 0.921203 9.9982E-05 0.0713335
9.99731E-05 0.493135 0.506566 9.99731E-05 9.99731E-05
9.9973E-05 9.9973E-05 0.988978 9.9973E-05 0.0107217
9.99731E-05 0.226874 0.772826 9.99731E-05 9.99731E-05
9.9991E-05 0.140505 0.031806 0.553791 0.273798
9.99729E-05 9.99729E-05 0.992263 9.99729E-05 0.00743697
9.99821E-05 0.948838 0.00371694 9.99821E-05 0.0472453
0.00953311 0.869185 0.121082 9.9982E-05 9.9982E-05
0.0500996 0.263232 0.108925 0.160799 0.416944
9.9982E-05 0.874873 0.0939046 9.9982E-05 0.0310221
0.00539103 0.902555 0.0495327 9.9991E-05 0.0424212
0.00634162 0.946649 9.9982E-05 9.9982E-05 0.0468094
9.9982E-05 0.672219 0.0404895 0.287092 9.9982E-05
9.9982E-05 0.844494 9.9982E-05 0.0381793 0.117126
0.127476 0.55137 9.9991E-05 0.175718 0.145336
0.0486664 0.830013 0.053443 0.0218062 0.0460715
9.9991E-05 0.508274 0.105111 0.218985 0.16753
0.00631661 0.993383 9.99733E-05 9.99733E-05 9.99733E-05
0.031814 0.20846 0.759526 9.9982E-05 9.9982E-05
0.0232011 0.227505 0.749094 9.9982E-05 9.9982E-05
0.0132579 0.248135 0.738407 9.9982E-05 9.9982E-05
0.0199238 0.210497 0.76938 9.9982E-05 9.9982E-05
0.0194253 0.172244 0.808131 9.9982E-05 9.9982E-05
0.0530283 0.215948 0.730824 9.9982E-05 9.9982E-05
9.9973E-05 0.282734 0.716966 9.9973E-05 9.9973E-05
9.9973E-05 0.89435 9.9973E-05 0.10535 9.9973E-05
9.9973E-05 0.47523 0.52447 9.9973E-05 9.9973E-05
9.997E-05 9.997E-05 0.9996 9.997E-05 9.997E-05
9.9982E-05 0.0217072 9.9982E-05 0.903744 0.0743487
9.9991E-05 0.548641 0.050089 0.381453 0.0197173
9.997E-05 9.997E-05 9.997E-05 0.9996 9.997E-05
9.9982E-05 0.067851 9.9982E-05 0.929419 0.00252962
0.000360707 0.00753266 9.9991E-05 0.872309 0.119697
0.907542 0.0921583 9.99731E-05 9.99731E-05 9.99731E-05
9.997E-05 9.997E-05 0.9996 9.997E-05 9.997E-05
0.0254793 0.131711 0.376173 0.3408 0.125836
9.99731E-05 9.99731E-05 0.980659 0.0190415 9.99731E-05
9.9982E-05 0.00412291 0.984911 0.0107662 9.9982E-05
9.99729E-05 9.99729E-05 0.980376 0.0193243 9.99729E-05
9.9973E-05 9.9973E-05 0.998463 0.00123685 9.9973E-05
9.9982E-05 0.0380212 0.933664 9.9982E-05 0.0281154
9.997E-05 9.997E-05 0.9996 9.997E-05 9.997E-05
9.99732E-05 0.122536 0.877164 9.99732E-05 9.99732E-05
9.99732E-05 9.99732E-05 0.797331 0.202369 9.99732E-05
9.9973E-05 9.9973E-05 0.980187 9.9973E-05 0.0195134
9.9991E-05 0.740708 0.115606 0.130157 0.0134285
9.9991E-05 0.664009 0.137892 0.188573 0.00942523
9.997E-05 9.997E-05 9.997E-05 9.997E-05 0.9996
9.997E-05 9.997E-05 9.997E-05 9.997E-05 0.9996
9.9982E-05 0.935954 9.9982E-05 0.0453351 0.0185106
0.00318227 0.898065 9.9991E-05 0.0940153 0.00463782
9.997E-05 9.997E-05 9.997E-05 9.997E-05 0.9996
9.997E-05 9.997E-05 9.997E-05 9.997E-05 0.9996
9.9973E-05 0.866107 9.9973E-05 0.133593 9.9973E-05
0.0608046 0.606641 0.0205057 0.311949 9.9991E-05
9.9973E-05 0.486273 0.513427 9.9973E-05 9.9973E-05
0.149461 0.162461 0.0499203 0.293675 0.344483
0.0888395 0.119119 9.9991E-05 0.42869 0.363252
0.062897 9.9991E-05 0.867733 0.0214621 0.0478082
