9.999E-05 9.999E-05 0.9998
9.999E-05 0.538731 0.461169
0.0567807 0.924901 0.0183187
9.999E-05 0.9998 9.999E-05
9.9991E-05 0.694153 0.305747
9.999E-05 0.9998 9.999E-05
9.999E-05 0.339321 0.660579
9.999E-05 0.814352 0.185548
9.9991E-05 0.354855 0.645045
9.9991E-05 0.0222542 0.977646
9.9991E-05 0.0130698 0.98683
9.9991E-05 0.0498242 0.950076
9.99911E-05 0.0341494 0.965751
0.0147718 0.985128 9.9991E-05
9.9991E-05 0.968232 0.0316677
9.9991E-05 0.0199169 0.979983
0.157741 0.00551592 0.836743
0.759492 0.0131239 0.227384
0.9998 9.999E-05 9.999E-05
9.999E-05 9.999E-05 0.9998
0.9998 9.999E-05 9.999E-05
9.999E-05 9.999E-05 0.9998
0.558582 0.0702194 0.371199
0.980482 9.9991E-05 0.0194181
9.999E-05 0.9998 9.999E-05
9.999E-05 0.9998 9.999E-05
9.999E-05 9.999E-05 0.9998
9.999E-05 0.9998 9.999E-05
9.999E-05 0.9998 9.999E-05
0.0594831 0.926459 0.0140579
0.037949 0.960114 0.00193728
9.99911E-05 0.580146 0.419754
9.999E-05 0.9998 9.999E-05
9.9991E-05 0.813698 0.186202
9.9991E-05 0.0525294 0.947371
9.9991E-05 0.985994 0.0139056
9.9991E-05 0.0704673 0.929433
0.00644564 0.123748 0.869806
0.172196 0.183067 0.644737
9.9991E-05 0.105824 0.894076
9.9991E-05 0.0767909 0.923109
0.0058477 9.9991E-05 0.994052
9.999E-05 9.999E-05 0.9998
9.999E-05 9.999E-05 0.9998
0.15212 0.00629812 0.841582
0.0409388 0.135197 0.823864
9.9991E-05 0.181243 0.818657
0.00562316 9.99911E-05 0.994277
0.035915 0.814527 0.149558
0.0414452 0.822238 0.136317
0.0497886 0.824044 0.126168
0.0500023 0.855553 0.0944449
0.0203534 0.862461 0.117186
0.0612722 0.744503 0.194225
9.9991E-05 0.787715 0.212185
9.999E-05 9.999E-05 0.9998
9.9991E-05 0.530702 0.469198
9.999E-05 0.9998 9.999E-05
9.999E-05 9.999E-05 0.9998
9.9991E-05 0.0650325 0.934868
9.999E-05 9.999E-05 0.9998
9.999E-05 9.999E-05 0.9998
0.0122981 9.9991E-05 0.987602
0.935304 0.0149622 0.0497336
9.999E-05 0.9998 9.999E-05
0.0789376 0.454082 0.46698
9.9991E-05 0.993077 0.0068229
9.999E-05 0.9998 9.999E-05
9.999E-05 0.9998 9.999E-05
9.999E-05 0.9998 9.999E-05
9.9991E-05 0.991438 0.00846218
9.999E-05 0.9998 9.999E-05
9.99911E-05 0.933113 0.066787
0.0304654 0.832717 0.136818
9.999E-05 0.9998 9.999E-05
9.9991E-05 0.15291 0.84699
9.9991E-05 0.130736 0.869164
0.209485 0.122704 0.667811
0.229111 0.0972127 0.673677
9.9991E-05 0.0322962 0.967604
9.9991E-05 0.0332259 0.966674
0.200342 0.108073 0.691585
0.221784 0.131932 0.646284
9.999E-05 9.999E-05 0.9998
0.045855 0.0170296 0.937115
9.9991E-05 0.550511 0.449389
0.198615 0.0787419 0.722643
0.173394 9.9991E-05 0.826506
0.0932406 0.906659 9.9991E-05
