9.99639E-05 0.00851738 0.980826 9.99639E-05 9.99639E-05 0.0102567 9.99639E-05
0.225317 0.2465 0.241128 0.286754 9.9973E-05 9.9973E-05 9.9973E-05
0.0738375 9.99733E-05 9.99733E-05 0.761169 0.0910034 0.0736897 9.99733E-05
9.9955E-05 9.9955E-05 9.9955E-05 0.963639 9.9955E-05 0.035861 9.9955E-05
0.215289 0.257716 0.0447599 0.481934 9.99731E-05 9.99731E-05 9.99731E-05
9.9964E-05 0.000823231 9.9964E-05 0.989417 9.9964E-05 0.00935944 9.9964E-05
0.2929 0.132191 9.99731E-05 0.049104 0.525506 9.99731E-05 9.99731E-05
0.413572 0.163523 9.99641E-05 0.422505 9.99641E-05 9.99641E-05 9.99641E-05
0.306501 0.293337 9.99731E-05 0.0307722 0.369089 9.99731E-05 9.99731E-05
9.995E-05 0.9994 9.995E-05 9.995E-05 9.995E-05 9.995E-05 9.995E-05
9.995E-05 0.9994 9.995E-05 9.995E-05 9.995E-05 9.995E-05 9.995E-05
9.9973E-05 9.9973E-05 0.68999 0.0336899 0.143666 0.132354 9.9973E-05
9.995E-05 9.995E-05 9.995E-05 9.995E-05 0.9994 9.995E-05 9.995E-05
9.99698E-05 9.99698E-05 0.0410032 0.95214 9.99698E-05 9.99698E-05 0.00645743
9.9964E-05 9.9964E-05 0.0497528 0.944731 9.9964E-05 9.9964E-05 0.00511673
0.0125652 0.453957 0.145476 0.0435195 0.344283 9.9982E-05 9.9982E-05
9.9982E-05 0.407227 0.0130664 9.9982E-05 0.157525 0.337834 0.0841473
0.0636103 0.132961 0.0680347 9.99729E-05 9.99729E-05 9.99729E-05 0.735094
9.9955E-05 9.9955E-05 9.9955E-05 9.9955E-05 9.9955E-05 0.0955032 0.903997
9.9973E-05 0.708613 0.16563 9.9973E-05 0.0358181 0.0896398 9.9973E-05
9.995E-05 9.995E-05 9.995E-05 9.995E-05 9.995E-05 9.995E-05 0.9994
9.9973E-05 0.346485 0.573874 9.9973E-05 0.0674964 0.0118447 9.9973E-05
0.00807109 0.268986 9.9973E-05 9.9973E-05 9.9973E-05 0.326851 0.395792
9.99549E-05 9.99549E-05 9.99549E-05 9.99549E-05 9.99549E-05 0.0951881 0.904312
0.0279208 9.99551E-05 9.99551E-05 0.971579 9.99551E-05 9.99551E-05 9.99551E-05
9.995E-05 9.995E-05 9.995E-05 0.9994 9.995E-05 9.995E-05 9.995E-05
9.99729E-05 0.0310761 0.124327 9.99729E-05 0.769748 0.0745496 9.99729E-05
0.0674725 9.9964E-05 9.9964E-05 0.9235 0.00862715 9.9964E-05 9.9964E-05
0.0577844 9.9964E-05 9.9964E-05 0.938732 0.00308407 9.9964E-05 9.9964E-05
0.208679 9.9982E-05 0.0253987 0.693538 9.9982E-05 0.0365635 0.0356208
0.284556 9.99641E-05 9.99641E-05 0.656923 9.99641E-05 0.0581212 9.99641E-05
0.543636 0.109041 0.271914 0.0751095 9.99731E-05 9.99731E-05 9.99731E-05
9.995E-05 9.995E-05 9.995E-05 0.9994 9.995E-05 9.995E-05 9.995E-05
0.925581 9.99641E-05 9.99641E-05 0.0549635 9.99641E-05 0.0190561 9.99641E-05
9.99819E-05 0.0654718 0.14354 0.0378364 0.503251 0.249701 9.99819E-05
9.99729E-05 9.99729E-05 0.0323262 0.962288 0.00439865 0.000687577 9.99729E-05
9.9955E-05 9.9955E-05 0.98834 0.0111603 9.9955E-05 9.9955E-05 9.9955E-05
0.0727509 0.745599 0.109113 0.0550519 9.9982E-05 9.9982E-05 0.0172853
9.9982E-05 0.290317 9.9982E-05 0.141443 0.156396 0.356182 0.0554623
9.99729E-05 0.642167 0.279891 0.0770758 9.99729E-05 0.000567199 9.99729E-05
9.9982E-05 0.667182 0.269266 0.0587395 9.9982E-05 0.00336161 0.00125016
9.9973E-05 0.99224 0.00504538 9.9973E-05 9.9973E-05 0.00188751 0.000527552
9.9964E-05 0.590353 0.129542 9.9964E-05 0.279705 9.9964E-05 9.9964E-05
9.9964E-05 0.91005 0.0415463 9.9964E-05 9.9964E-05 0.0480037 9.9964E-05
9.9982E-05 0.533465 0.0450108 9.9982E-05 0.171091 0.142002 0.108231
9.999E-05 0.726646 0.116014 0.0588541 0.0456541 0.0116681 0.041063
0.0585416 0.270381 0.251648 0.106875 0.18723 0.125225 9.9991E-05
9.99553E-05 9.99553E-05 0.99544 9.99553E-05 9.99553E-05 9.99553E-05 0.00406043
0.9994 9.995E-05 9.995E-05 9.995E-05 9.995E-05 9.995E-05 9.995E-05
0.998549 9.99549E-05 9.99549E-05 9.99549E-05 9.99549E-05 9.99549E-05 0.000951414
0.998101 9.9955E-05 9.9955E-05 9.9955E-05 9.9955E-05 0.00139926 9.9955E-05
0.9994 9.995E-05 9.995E-05 9.995E-05 9.995E-05 9.995E-05 9.995E-05
0.9994 9.995E-05 9.995E-05 9.995E-05 9.995E-05 9.995E-05 9.995E-05
0.5764 0.173407 9.99731E-05 0.240507 9.99731E-05 9.99731E-05 0.0093862
0.955462 9.99639E-05 0.0349896 9.99639E-05 9.99639E-05 0.00914852 9.99639E-05
9.99639E-05 0.0409956 0.888115 9.99639E-05 0.0704898 9.99639E-05 9.99639E-05
0.546046 0.117188 0.234254 0.0861938 0.016118 9.9982E-05 9.9982E-05
9.99549E-05 9.99549E-05 0.0333208 0.966179 9.99549E-05 9.99549E-05 9.99549E-05
0.00491319 9.9973E-05 0.102923 9.9973E-05 0.832749 0.0591152 9.9973E-05
9.9973E-05 0.443787 0.174753 0.0496742 0.331486 9.9973E-05 9.9973E-05
9.995E-05 9.995E-05 9.995E-05 9.995E-05 0.9994 9.995E-05 9.995E-05
9.99729E-05 0.060132 0.0729121 9.99729E-05 0.859315 0.00734054 9.99729E-05
9.99819E-05 0.0324188 0.0545681 9.99819E-05 0.807625 0.103971 0.00121689
9.99641E-05 0.00479459 0.091658 9.99641E-05 9.99641E-05 9.99641E-05 0.903148
9.995E-05 9.995E-05 9.995E-05 0.9994 9.995E-05 9.995E-05 9.995E-05
0.192123 0.0858505 0.125263 0.24801 0.168614 0.131822 0.0483181
9.99551E-05 9.99551E-05 9.99551E-05 0.969881 0.0296194 9.99551E-05 9.99551E-05
9.9955E-05 9.9955E-05 0.0471088 0.952391 9.9955E-05 9.9955E-05 9.9955E-05
0.062719 9.9964E-05 9.9964E-05 0.915919 0.020962 9.9964E-05 9.9964E-05
0.00908089 9.9973E-05 0.0269311 0.949918 9.9973E-05 9.9973E-05 0.0137698
0.00579494 0.0981072 9.99641E-05 0.895698 9.99641E-05 9.99641E-05 9.99641E-05
9.995E-05 9.995E-05 9.995E-05 0.9994 9.995E-05 9.995E-05 9.995E-05
0.479959 0.0198467 0.0149587 0.484618 0.000417313 9.99821E-05 9.99821E-05
0.333341 9.99642E-05 9.99642E-05 0.469687 0.196572 9.99642E-05 9.99642E-05
9.9955E-05 0.0314462 9.9955E-05 0.968054 9.9955E-05 9.9955E-05 9.9955E-05
0.0853507 0.606897 0.0903571 0.062073 0.145286 0.00993576 9.9991E-05
0.0607332 0.618817 0.0672374 0.0625399 0.175413 0.0151592 9.9991E-05
9.995E-05 9.995E-05 9.995E-05 9.995E-05 9.995E-05 0.9994 9.995E-05
9.995E-05 9.995E-05 9.995E-05 9.995E-05 9.995E-05 0.9994 9.995E-05
0.0269195 0.953547 0.00567676 9.9973E-05 0.0135568 9.9973E-05 9.9973E-05
0.00263575 0.962712 0.024537 9.9973E-05 0.00981533 9.9973E-05 9.9973E-05
0.0140237 0.0014724 9.9964E-05 9.9964E-05 9.9964E-05 0.984104 9.9964E-05
9.995E-05 9.995E-05 9.995E-05 9.995E-05 9.995E-05 0.9994 9.995E-05
0.0111282 9.9964E-05 0.970833 9.9964E-05 0.0176386 9.9964E-05 9.9964E-05
9.9973E-05 0.605469 0.0750623 9.9973E-05 0.278954 9.9973E-05 0.0402148
0.554118 0.147638 0.189967 0.0940675 0.0140101 9.9982E-05 9.9982E-05
9.9991E-05 0.20967 0.0434136 0.0420888 0.294893 0.27845 0.131384
9.99731E-05 9.99731E-05 0.174571 9.99731E-05 0.424173 0.336336 0.0646202
0.328583 9.99731E-05 9.99731E-05 0.585391 9.99731E-05 0.0634808 0.0222454
