0.0227106 0.00228337 9.99369E-05 9.99369E-05 9.99369E-05 0.974306 9.99369E-05 9.99369E-05 9.99369E-05 9.99369E-05
9.99459E-05 9.99459E-05 9.99459E-05 9.99459E-05 9.99459E-05 0.0562179 0.117445 0.732689 9.99459E-05 0.0930483
9.99466E-05 0.068648 9.99466E-05 0.00486875 0.111858 9.99466E-05 0.814026 9.99466E-05 9.99466E-05 9.99466E-05
9.9928E-05 0.0373638 9.9928E-05 9.9928E-05 9.9928E-05 9.9928E-05 0.961837 9.9928E-05 9.9928E-05 9.9928E-05
0.155793 9.99641E-05 0.0921196 9.99641E-05 9.99641E-05 9.99641E-05 0.423273 0.210534 0.0863882 0.0314928
0.0297807 9.9928E-05 9.9928E-05 9.9928E-05 9.9928E-05 9.9928E-05 0.96942 9.9928E-05 9.9928E-05 9.9928E-05
9.99283E-05 9.99283E-05 0.976628 9.99283E-05 9.99283E-05 9.99283E-05 9.99283E-05 0.0225729 9.99283E-05 9.99283E-05
0.0831314 9.99461E-05 9.99461E-05 9.99461E-05 9.99461E-05 9.99461E-05 0.44136 0.282952 0.191957 9.99461E-05
9.99371E-05 9.99371E-05 0.870059 9.99371E-05 9.99371E-05 9.99371E-05 9.99371E-05 0.0580778 0.0711635 9.99371E-05
0.979952 9.99282E-05 0.0192483 9.99282E-05 9.99282E-05 9.99282E-05 9.99282E-05 9.99282E-05 9.99282E-05 9.99282E-05
0.952243 9.99281E-05 0.0469575 9.99281E-05 9.99281E-05 9.99281E-05 9.99281E-05 9.99281E-05 9.99281E-05 9.99281E-05
9.9955E-05 0.121346 0.0188337 9.9955E-05 0.147992 0.664729 0.0465991 9.9955E-05 9.9955E-05 9.9955E-05
9.99282E-05 9.99282E-05 9.99282E-05 9.99282E-05 0.983401 9.99282E-05 0.0157996 9.99282E-05 9.99282E-05 9.99282E-05
9.9946E-05 9.9946E-05 9.9946E-05 0.0162762 9.9946E-05 0.0122383 0.95887 9.9946E-05 9.9946E-05 0.0120159
0.0161848 9.9946E-05 9.9946E-05 0.00282123 9.9946E-05 0.0355312 0.944863 9.9946E-05 9.9946E-05 9.9946E-05
0.0632066 0.0265265 0.520304 9.99639E-05 0.146767 0.113788 9.99639E-05 9.99639E-05 9.99639E-05 0.129007
0.0614888 9.99279E-05 9.99279E-05 9.99279E-05 9.99279E-05 9.99279E-05 9.99279E-05 9.99279E-05 9.99279E-05 0.937712
0.0988044 9.99729E-05 0.0498997 0.717865 9.99729E-05 0.0600164 9.99729E-05 0.0170215 0.0274908 0.0286024
9.9928E-05 0.0623022 9.9928E-05 0.936898 9.9928E-05 9.9928E-05 9.9928E-05 9.9928E-05 9.9928E-05 9.9928E-05
0.462725 0.0668539 0.192848 9.99549E-05 9.99549E-05 0.225724 9.99549E-05 9.99549E-05 9.99549E-05 0.0513489
9.99281E-05 9.99281E-05 9.99281E-05 0.998057 9.99281E-05 9.99281E-05 0.00114316 9.99281E-05 9.99281E-05 9.99281E-05
0.133096 0.00687406 0.0852952 9.99729E-05 0.0460276 0.61559 9.99729E-05 9.99729E-05 0.0095808 0.103236
0.176119 0.187873 9.99461E-05 0.391061 9.99461E-05 9.99461E-05 9.99461E-05 9.99461E-05 9.99461E-05 0.244347
0.0317885 0.0576914 9.9937E-05 0.909821 9.9937E-05 9.9937E-05 9.9937E-05 9.9937E-05 9.9937E-05 9.9937E-05
9.99281E-05 9.99281E-05 9.99281E-05 9.99281E-05 9.99281E-05 9.99281E-05 0.994421 9.99281E-05 0.00477956 9.99281E-05
9.99371E-05 9.99371E-05 9.99371E-05 9.99371E-05 9.99371E-05 9.99371E-05 0.992217 0.00459919 0.00248464 9.99371E-05
0.0593088 0.0757055 9.99639E-05 9.99639E-05 0.784332 0.055794 9.99639E-05 9.99639E-05 0.0115275 0.0129317
9.9946E-05 9.9946E-05 0.0377092 9.9946E-05 0.0234278 9.9946E-05 0.889659 9.9946E-05 0.048604 9.9946E-05
9.9937E-05 9.9937E-05 0.0477493 9.9937E-05 9.9937E-05 9.9937E-05 0.874968 9.9937E-05 0.0765834 9.9937E-05
9.99641E-05 0.000560015 9.99641E-05 0.0194057 0.0599942 9.99641E-05 0.685835 0.0228772 0.210928 9.99641E-05
9.99551E-05 0.00768468 9.99551E-05 9.99551E-05 9.99551E-05 9.99551E-05 0.618172 0.118203 0.189893 0.0655476
9.99201E-05 9.99201E-05 9.99201E-05 9.99201E-05 9.99201E-05 9.99201E-05 9.99201E-05 0.999101 9.99201E-05 9.99201E-05
9.99372E-05 9.99372E-05 0.0210362 9.99372E-05 9.99372E-05 9.99372E-05 0.972915 9.99372E-05 9.99372E-05 0.00534924
9.99461E-05 9.99461E-05 0.0158114 9.99461E-05 9.99461E-05 9.99461E-05 0.108733 0.0583866 0.816469 9.99461E-05
0.0454234 0.107773 9.99729E-05 9.99729E-05 0.518573 0.0302705 0.0496283 9.99729E-05 0.00596825 0.242063
9.99459E-05 9.99459E-05 0.0128193 9.99459E-05 0.00265998 9.99459E-05 0.951716 9.99459E-05 9.99459E-05 0.0322046
9.9928E-05 9.9928E-05 9.9928E-05 9.9928E-05 9.9928E-05 0.98329 0.0159107 9.9928E-05 9.9928E-05 9.9928E-05
0.685833 9.9964E-05 9.9964E-05 0.000735896 9.9964E-05 0.0914911 0.0131471 0.206522 9.9964E-05 0.0018715
9.99201E-05 9.99201E-05 9.99201E-05 9.99201E-05 9.99201E-05 9.99201E-05 9.99201E-05 9.99201E-05 9.99201E-05 0.999101
0.32834 9.99639E-05 0.0365172 9.99639E-05 9.99639E-05 0.297301 0.117057 0.0210365 9.99639E-05 0.199349
0.354599 9.99639E-05 0.102112 9.99639E-05 9.99639E-05 0.317798 0.0390875 0.0363912 9.99639E-05 0.149612
0.947119 9.9946E-05 9.9946E-05 9.9946E-05 0.012555 0.00428856 9.9946E-05 9.9946E-05 9.9946E-05 0.0354381
0.0563324 9.99639E-05 0.694991 0.00344876 0.000709927 0.232808 9.99639E-05 9.99639E-05 9.99639E-05 0.01131
0.914818 0.00964221 9.9946E-05 9.9946E-05 0.025703 0.0492366 9.9946E-05 9.9946E-05 9.9946E-05 9.9946E-05
0.530514 0.104348 9.996E-05 0.0998509 0.156104 0.0750166 9.996E-05 0.033766 9.996E-05 9.996E-05
0.614251 9.9973E-05 0.0347669 0.0387364 0.0904525 0.12069 0.0508761 0.0499268 9.9973E-05 9.9973E-05
0.250334 9.9964E-05 9.9964E-05 9.9964E-05 0.148732 0.230576 0.0924187 9.9964E-05 0.0493079 0.228232
9.99201E-05 9.99201E-05 9.99201E-05 9.99201E-05 9.99201E-05 0.999101 9.99201E-05 9.99201E-05 9.99201E-05 9.99201E-05
9.99201E-05 9.99201E-05 9.99201E-05 9.99201E-05 9.99201E-05 9.99201E-05 9.99201E-05 9.99201E-05 0.999101 9.99201E-05
9.99201E-05 9.99201E-05 9.99201E-05 9.99201E-05 9.99201E-05 9.99201E-05 9.99201E-05 9.99201E-05 0.999101 9.99201E-05
0.0178622 9.9928E-05 9.9928E-05 9.9928E-05 9.9928E-05 9.9928E-05 9.9928E-05 9.9928E-05 0.981338 9.9928E-05
9.99201E-05 9.99201E-05 9.99201E-05 9.99201E-05 9.99201E-05 9.99201E-05 9.99201E-05 9.99201E-05 0.999101 9.99201E-05
9.99201E-05 9.99201E-05 9.99201E-05 9.99201E-05 9.99201E-05 9.99201E-05 9.99201E-05 9.99201E-05 0.999101 9.99201E-05
0.0316291 9.99641E-05 0.0791748 0.0306922 9.99641E-05 9.99641E-05 0.24737 0.12589 0.484844 9.99641E-05
9.9946E-05 0.00497259 9.9946E-05 9.9946E-05 9.9946E-05 0.00550802 9.9946E-05 0.0811741 0.907746 9.9946E-05
9.99369E-05 9.99369E-05 0.124313 9.99369E-05 0.016689 0.858298 9.99369E-05 9.99369E-05 9.99369E-05 9.99369E-05
9.99459E-05 0.00933901 0.0419412 9.99459E-05 9.99459E-05 9.99459E-05 9.99459E-05 0.900814 0.047306 9.99459E-05
9.99279E-05 9.99279E-05 9.99279E-05 9.99279E-05 9.99279E-05 9.99279E-05 0.988409 9.99279E-05 9.99279E-05 0.0107918
9.9946E-05 0.0210338 0.088315 9.9946E-05 0.805344 0.0847072 9.9946E-05 9.9946E-05 9.9946E-05 9.9946E-05
9.99459E-05 0.0571087 0.623032 9.99459E-05 0.0789279 0.240332 9.99459E-05 9.99459E-05 9.99459E-05 9.99459E-05
9.99282E-05 9.99282E-05 0.0326109 9.99282E-05 0.96659 9.99282E-05 9.99282E-05 9.99282E-05 9.99282E-05 9.99282E-05
0.1186 9.99278E-05 9.99278E-05 9.99278E-05 0.880601 9.99278E-05 9.99278E-05 9.99278E-05 9.99278E-05 9.99278E-05
0.0796229 0.0507577 9.99459E-05 9.99459E-05 0.841259 9.99459E-05 9.99459E-05 9.99459E-05 9.99459E-05 0.0277611
9.99551E-05 9.99551E-05 9.99551E-05 0.915266 9.99551E-05 0.0613537 0.000727249 0.0104171 0.0117362 9.99551E-05
9.99372E-05 0.0105113 0.0214245 9.99372E-05 9.99372E-05 9.99372E-05 0.967365 9.99372E-05 9.99372E-05 9.99372E-05
9.9982E-05 0.0470746 0.098753 9.9982E-05 0.142638 0.206863 0.203458 0.0618276 0.198252 0.0409343
9.99462E-05 9.99462E-05 0.0147874 9.99462E-05 0.0162522 9.99462E-05 0.958232 9.99462E-05 0.0101282 9.99462E-05
9.99369E-05 9.99369E-05 9.99369E-05 9.99369E-05 9.99369E-05 9.99369E-05 0.941053 9.99369E-05 0.011455 0.0467919
9.9937E-05 9.9937E-05 0.0539495 9.9937E-05 9.9937E-05 9.9937E-05 0.900584 9.9937E-05 0.0447669 9.9937E-05
9.9937E-05 9.9937E-05 0.0432692 0.00369874 9.9937E-05 9.9937E-05 0.952332 9.9937E-05 9.9937E-05 9.9937E-05
0.0667636 0.00314283 9.99551E-05 9.99551E-05 9.99551E-05 9.99551E-05 0.912247 0.0107226 9.99551E-05 0.00662393
9.99279E-05 9.99279E-05 9.99279E-05 9.99279E-05 9.99279E-05 9.99279E-05 0.962616 9.99279E-05 9.99279E-05 0.0365841
9.99553E-05 9.99553E-05 0.0458509 9.99553E-05 9.99553E-05 9.99553E-05 0.486049 0.121407 0.343545 0.00264882
9.99553E-05 9.99553E-05 0.257812 9.99553E-05 0.00983938 9.99553E-05 0.45064 0.0514863 0.229723 9.99553E-05
0.0178987 9.99461E-05 9.99461E-05 0.00241774 9.99461E-05 9.99461E-05 0.957161 9.99461E-05 0.0219232 9.99461E-05
0.0251419 0.0631016 0.714245 9.99548E-05 9.99548E-05 0.121591 9.99548E-05 9.99548E-05 9.99548E-05 0.0754199
9.99458E-05 0.0913696 0.764033 9.99458E-05 9.99458E-05 0.132622 9.99458E-05 9.99458E-05 9.99458E-05 0.0113766
9.99201E-05 0.999101 9.99201E-05 9.99201E-05 9.99201E-05 9.99201E-05 9.99201E-05 9.99201E-05 9.99201E-05 9.99201E-05
9.99281E-05 0.995569 9.99281E-05 9.99281E-05 9.99281E-05 0.00363179 9.99281E-05 9.99281E-05 9.99281E-05 9.99281E-05
0.854791 9.99459E-05 9.99459E-05 9.99459E-05 0.0261678 0.0523024 9.99459E-05 0.0661391 9.99459E-05 9.99459E-05
0.818403 9.99549E-05 0.0426286 9.99549E-05 0.0648348 0.0496338 9.99549E-05 0.0239998 9.99549E-05 9.99549E-05
9.99281E-05 0.980356 0.018845 9.99281E-05 9.99281E-05 9.99281E-05 9.99281E-05 9.99281E-05 9.99281E-05 9.99281E-05
9.99201E-05 0.999101 9.99201E-05 9.99201E-05 9.99201E-05 9.99201E-05 9.99201E-05 9.99201E-05 9.99201E-05 9.99201E-05
9.99279E-05 9.99279E-05 9.99279E-05 9.99279E-05 0.0556542 0.943546 9.99279E-05 9.99279E-05 9.99279E-05 9.99279E-05
0.223712 9.99639E-05 0.409071 0.0667777 0.147753 0.127213 9.99639E-05 9.99639E-05 9.99639E-05 0.0250737
9.99369E-05 9.99369E-05 0.0241273 9.99369E-05 9.99369E-05 9.99369E-05 9.99369E-05 0.934448 0.0407251 9.99369E-05
0.201559 0.146012 9.99641E-05 0.110324 0.325453 9.99641E-05 0.0273037 9.99641E-05 9.99641E-05 0.188948
9.99551E-05 0.134801 9.99551E-05 0.0248552 0.30289 0.151813 9.99551E-05 9.99551E-05 9.99551E-05 0.385142
9.99642E-05 0.036256 0.0310828 0.028385 9.99642E-05 9.99642E-05 0.615221 0.0983865 0.190269 9.99642E-05
