9.9982E-05 9.9982E-05 0.988189 0.0116112
9.999E-05 0.287354 0.40108 0.311466
0.03259 0.738413 0.139802 0.089195
9.9982E-05 0.993086 0.00671451 9.9982E-05
9.999E-05 0.450939 0.246771 0.30219
0.0105514 0.989249 9.9982E-05 9.9982E-05
9.999E-05 0.0496191 0.52394 0.426341
9.999E-05 0.442286 0.100125 0.45749
9.999E-05 0.0258836 0.524713 0.449304
9.9982E-05 9.9982E-05 0.825773 0.174027
9.9982E-05 9.9982E-05 0.852121 0.147679
9.99821E-05 0.0465549 0.953245 9.99821E-05
9.99821E-05 0.0594673 0.940333 9.99821E-05
0.0146826 0.98437 0.000847601 9.9991E-05
0.00825549 0.991545 9.9982E-05 9.9982E-05
9.9991E-05 0.00682372 0.927605 0.0654713
0.133452 0.0413248 0.825123 9.9991E-05
0.7128 9.9991E-05 0.191569 0.0955307
0.9997 9.998E-05 9.998E-05 9.998E-05
9.9982E-05 9.9982E-05 0.99012 0.00967989
0.9997 9.998E-05 9.998E-05 9.998E-05
9.9982E-05 9.9982E-05 0.973999 0.0258013
0.502022 0.0319166 0.404155 0.0619066
0.9997 9.998E-05 9.998E-05 9.998E-05
9.9982E-05 0.995891 9.9982E-05 0.00390901
9.998E-05 0.9997 9.998E-05 9.998E-05
9.998E-05 9.998E-05 0.9997 9.998E-05
9.9982E-05 0.92393 9.9982E-05 0.0758701
9.9982E-05 0.896104 9.9982E-05 0.103696
0.0358601 0.694989 9.9991E-05 0.269051
0.0017706 0.689106 9.9991E-05 0.309023
9.99911E-05 0.0794684 0.253909 0.666522
9.998E-05 0.9997 9.998E-05 9.998E-05
9.9982E-05 0.0675565 9.9982E-05 0.932244
9.9982E-05 0.0838243 0.915976 9.9982E-05
9.9982E-05 0.982578 0.0172216 9.9982E-05
9.99821E-05 0.0775226 0.922277 9.99821E-05
0.0176495 0.0288654 0.746538 0.206947
0.155224 0.195396 0.64928 9.9991E-05
9.9982E-05 0.144465 0.855336 9.9982E-05
0.00143567 0.0752613 0.910535 0.012768
0.0119774 9.9991E-05 0.97634 0.0115821
9.9982E-05 9.9982E-05 0.912405 0.0873953
9.99819E-05 9.99819E-05 0.914932 0.0848678
0.149322 9.9991E-05 0.788637 0.0619409
0.0493294 0.0654298 0.815534 0.0697064
0.00177261 0.134547 0.797914 0.0657664
0.029633 0.00901334 0.961254 9.99911E-05
9.998E-05 9.998E-05 9.998E-05 0.9997
9.998E-05 9.998E-05 9.998E-05 0.9997
9.998E-05 9.998E-05 9.998E-05 0.9997
9.998E-05 9.998E-05 9.998E-05 0.9997
9.998E-05 9.998E-05 9.998E-05 0.9997
0.0579748 0.222823 0.0641812 0.655021
9.9982E-05 9.9982E-05 0.00914651 0.990654
9.998E-05 9.998E-05 0.9997 9.998E-05
9.9991E-05 0.0725291 0.317257 0.610114
9.998E-05 0.9997 9.998E-05 9.998E-05
9.998E-05 9.998E-05 0.9997 9.998E-05
9.9991E-05 0.056558 0.923881 0.0194606
9.998E-05 9.998E-05 0.9997 9.998E-05
9.998E-05 9.998E-05 0.9997 9.998E-05
0.00408466 9.9982E-05 0.995715 9.9982E-05
0.946233 9.9991E-05 0.00697592 0.046691
9.998E-05 0.9997 9.998E-05 9.998E-05
0.0754896 0.34482 0.416053 0.163637
9.99821E-05 0.998897 9.99821E-05 0.000902838
9.9982E-05 0.962304 0.0374959 9.9982E-05
9.9982E-05 0.918109 9.9982E-05 0.0816907
9.9982E-05 0.91002 9.9982E-05 0.0897803
9.9982E-05 0.938979 0.060821 9.9982E-05
9.998E-05 0.9997 9.998E-05 9.998E-05
9.99821E-05 0.483468 9.99821E-05 0.516332
0.00921655 0.53935 0.0562736 0.39516
9.9991E-05 0.970965 0.00635865 0.022576
9.9991E-05 0.0497718 0.795393 0.154736
9.9991E-05 0.0364245 0.791193 0.172283
0.196101 0.13327 0.670529 9.9991E-05
0.203529 0.137117 0.659254 9.9991E-05
9.99819E-05 9.99819E-05 0.872482 0.127318
9.9982E-05 9.9982E-05 0.886387 0.113413
0.194919 0.116267 0.685221 0.00359247
0.204565 0.133454 0.661881 9.9991E-05
9.9982E-05 9.9982E-05 0.966657 0.033143
0.0273218 9.9991E-05 0.903824 0.0687545
9.9991E-05 0.0570241 0.276888 0.665988
0.175415 0.103706 0.720779 9.9991E-05
0.155705 0.0116046 0.83259 9.9991E-05
0.0531113 0.642456 9.9991E-05 0.304333
