9.98918E-05 0.933539 9.98918E-05 9.98918E-05 9.98918E-05 9.98918E-05 9.98918E-05 9.98918E-05 0.0461813 9.98918E-05 0.0153588 0.00372212 9.98918E-05 9.98918E-05 9.98918E-05 9.98918E-05
9.98918E-05 9.98918E-05 9.98918E-05 0.657411 9.98918E-05 9.98918E-05 0.122564 9.98918E-05 9.98918E-05 9.98918E-05 0.0564954 9.98918E-05 0.162331 9.98918E-05 9.98918E-05 9.98918E-05
9.99197E-05 9.99197E-05 0.0990684 0.0280843 9.99197E-05 0.0116685 0.659272 9.99197E-05 9.99197E-05 9.99197E-05 9.99197E-05 0.0348294 9.99197E-05 0.0333199 9.99197E-05 0.132859
9.99009E-05 9.99009E-05 9.99009E-05 9.99009E-05 0.0162966 0.0153424 0.842848 9.99009E-05 9.99009E-05 9.99009E-05 9.99009E-05 9.99009E-05 9.99009E-05 0.111774 0.01264 9.99009E-05
9.99101E-05 9.99101E-05 9.99101E-05 0.173242 0.0793068 9.99101E-05 0.3296 9.99101E-05 0.129529 9.99101E-05 9.99101E-05 0.044366 0.0741512 9.99101E-05 9.99101E-05 0.168905
9.9874E-05 9.9874E-05 9.9874E-05 9.9874E-05 9.9874E-05 9.9874E-05 0.998374 0.000227665 9.9874E-05 9.9874E-05 9.9874E-05 9.9874E-05 9.9874E-05 9.9874E-05 9.9874E-05 9.9874E-05
9.98922E-05 9.98922E-05 0.260432 0.0601836 9.98922E-05 9.98922E-05 9.98922E-05 9.98922E-05 9.98922E-05 9.98922E-05 9.98922E-05 9.98922E-05 9.98922E-05 9.98922E-05 0.263163 0.415023
9.99278E-05 9.99278E-05 9.99278E-05 0.0948757 0.101526 0.00209546 0.153346 9.99278E-05 0.10471 9.99278E-05 0.0110307 9.99278E-05 9.99278E-05 0.0582864 9.99278E-05 0.47333
9.9901E-05 9.9901E-05 0.113565 0.198249 9.9901E-05 9.9901E-05 9.9901E-05 9.9901E-05 0.0148146 9.9901E-05 9.9901E-05 9.9901E-05 9.9901E-05 9.9901E-05 0.33103 0.341242
9.98653E-05 9.98653E-05 9.98653E-05 9.98653E-05 9.98653E-05 9.98653E-05 9.98653E-05 9.98653E-05 0.998502 9.98653E-05 9.98653E-05 9.98653E-05 9.98653E-05 9.98653E-05 9.98653E-05 9.98653E-05
9.98743E-05 9.98743E-05 9.98743E-05 9.98743E-05 9.98743E-05 9.98743E-05 9.98743E-05 9.98743E-05 0.990971 9.98743E-05 9.98743E-05 9.98743E-05 9.98743E-05 9.98743E-05 9.98743E-05 0.00763085
9.99101E-05 0.702652 0.128138 9.99101E-05 9.99101E-05 0.12265 9.99101E-05 0.0170299 9.99101E-05 9.99101E-05 9.99101E-05 9.99101E-05 9.99101E-05 0.00849628 9.99101E-05 0.020035
9.98832E-05 9.98832E-05 0.954755 9.98832E-05 9.98832E-05 9.98832E-05 9.98832E-05 9.98832E-05 9.98832E-05 9.98832E-05 9.98832E-05 9.98832E-05 9.98832E-05 0.0104596 9.98832E-05 0.0334866
0.0290104 9.9901E-05 0.00933929 0.00236477 9.9901E-05 9.9901E-05 0.956037 9.9901E-05 9.9901E-05 9.9901E-05 0.00215001 9.9901E-05 9.9901E-05 9.9901E-05 9.9901E-05 9.9901E-05
0.0121086 0.021233 9.98831E-05 9.98831E-05 9.98831E-05 9.98831E-05 0.96536 9.98831E-05 9.98831E-05 9.98831E-05 9.98831E-05 9.98831E-05 9.98831E-05 9.98831E-05 9.98831E-05 9.98831E-05
9.9892E-05 9.9892E-05 0.08431 9.9892E-05 9.9892E-05 9.9892E-05 9.9892E-05 0.124683 0.00262295 9.9892E-05 9.9892E-05 9.9892E-05 9.9892E-05 9.9892E-05 0.787186 9.9892E-05
9.98831E-05 9.98831E-05 9.98831E-05 9.98831E-05 9.98831E-05 9.98831E-05 9.98831E-05 9.98831E-05 0.023901 9.98831E-05 0.960331 0.0144699 9.98831E-05 9.98831E-05 9.98831E-05 9.98831E-05
0.730241 9.99188E-05 9.99188E-05 0.0227564 0.00949425 9.99188E-05 9.99188E-05 9.99188E-05 0.0738189 9.99188E-05 0.0158995 0.0693482 0.0775427 9.99188E-05 9.99188E-05 9.99188E-05
9.98653E-05 9.98653E-05 9.98653E-05 9.98653E-05 9.98653E-05 9.98653E-05 9.98653E-05 9.98653E-05 9.98653E-05 0.998502 9.98653E-05 9.98653E-05 9.98653E-05 9.98653E-05 9.98653E-05 9.98653E-05
9.99098E-05 0.0893764 9.99098E-05 9.99098E-05 9.99098E-05 0.0280008 9.99098E-05 0.163788 0.401612 9.99098E-05 0.000366404 9.99098E-05 9.99098E-05 9.99098E-05 0.315857 9.99098E-05
0.897119 9.98829E-05 9.98829E-05 9.98829E-05 9.98829E-05 9.98829E-05 9.98829E-05 9.98829E-05 9.98829E-05 0.0640803 9.98829E-05 0.0375018 9.98829E-05 9.98829E-05 9.98829E-05 9.98829E-05
9.9928E-05 0.395441 0.0585067 9.9928E-05 9.9928E-05 0.0169301 9.9928E-05 0.00920484 0.0330619 9.9928E-05 0.0391212 9.9928E-05 0.303221 9.9928E-05 0.143714 9.9928E-05
9.98649E-05 9.98649E-05 9.98649E-05 9.98649E-05 9.98649E-05 9.98649E-05 9.98649E-05 9.98649E-05 9.98649E-05 9.98649E-05 9.98649E-05 0.998502 9.98649E-05 9.98649E-05 9.98649E-05 9.98649E-05
9.98741E-05 9.98741E-05 9.98741E-05 9.98741E-05 9.98741E-05 9.98741E-05 9.98741E-05 9.98741E-05 9.98741E-05 0.911748 9.98741E-05 0.0868541 9.98741E-05 9.98741E-05 9.98741E-05 9.98741E-05
9.98742E-05 9.98742E-05 9.98742E-05 9.98742E-05 9.98742E-05 9.98742E-05 0.370683 9.98742E-05 9.98742E-05 9.98742E-05 9.98742E-05 9.98742E-05 9.98742E-05 0.627919 9.98742E-05 9.98742E-05
9.98742E-05 9.98742E-05 9.98742E-05 9.98742E-05 9.98742E-05 9.98742E-05 0.837881 9.98742E-05 9.98742E-05 9.98742E-05 9.98742E-05 9.98742E-05 9.98742E-05 0.160721 9.98742E-05 9.98742E-05
9.99098E-05 0.0743853 0.739939 9.99098E-05 9.99098E-05 0.0258878 9.99098E-05 9.99098E-05 0.0581236 9.99098E-05 0.0806448 0.0200201 9.99098E-05 9.99098E-05 9.99098E-05 9.99098E-05
9.98651E-05 9.98651E-05 9.98651E-05 9.98651E-05 9.98651E-05 9.98651E-05 9.98651E-05 9.98651E-05 9.98651E-05 9.98651E-05 9.98651E-05 9.98651E-05 9.98651E-05 0.998502 9.98651E-05 9.98651E-05
9.98742E-05 9.98742E-05 9.98742E-05 0.000663698 9.98742E-05 9.98742E-05 9.98742E-05 9.98742E-05 9.98742E-05 9.98742E-05 9.98742E-05 9.98742E-05 9.98742E-05 0.997938 9.98742E-05 9.98742E-05
0.0310886 9.99192E-05 9.99192E-05 9.99192E-05 0.188262 9.99192E-05 0.384754 9.99192E-05 9.99192E-05 0.00185699 0.0351948 9.99192E-05 9.99192E-05 0.257871 9.99192E-05 0.100073
9.99099E-05 9.99099E-05 9.99099E-05 9.99099E-05 0.148788 0.0267366 0.452612 9.99099E-05 9.99099E-05 9.99099E-05 9.99099E-05 0.0435532 9.99099E-05 0.0153407 9.99099E-05 0.311971
9.98654E-05 9.98654E-05 9.98654E-05 0.998502 9.98654E-05 9.98654E-05 9.98654E-05 9.98654E-05 9.98654E-05 9.98654E-05 9.98654E-05 9.98654E-05 9.98654E-05 9.98654E-05 9.98654E-05 9.98654E-05
9.98921E-05 9.98921E-05 9.98921E-05 9.98921E-05 9.98921E-05 9.98921E-05 0.614889 9.98921E-05 9.98921E-05 9.98921E-05 9.98921E-05 9.98921E-05 9.98921E-05 0.248446 0.00307379 0.132393
9.99101E-05 9.99101E-05 9.99101E-05 0.0548048 0.672872 9.99101E-05 9.99101E-05 9.99101E-05 0.0163283 9.99101E-05 0.0154484 9.99101E-05 9.99101E-05 0.0290505 9.99101E-05 0.210496
9.99277E-05 0.0319988 0.415765 9.99277E-05 9.99277E-05 0.0899037 9.99277E-05 0.0822835 0.00586727 9.99277E-05 0.244244 9.99277E-05 0.0843146 0.0448239 9.99277E-05 9.99277E-05
9.99009E-05 9.99009E-05 9.99009E-05 9.99009E-05 9.99009E-05 9.99009E-05 0.386758 0.00825206 9.99009E-05 9.99009E-05 9.99009E-05 9.99009E-05 0.0238256 0.579246 9.99009E-05 0.000820338
9.98921E-05 0.97489 9.98921E-05 9.98921E-05 9.98921E-05 9.98921E-05 0.0164207 0.00464901 9.98921E-05 9.98921E-05 9.98921E-05 9.98921E-05 9.98921E-05 9.98921E-05 9.98921E-05 0.00284114
9.99279E-05 0.0430366 9.99279E-05 0.189065 0.0108791 9.99279E-05 0.0258836 9.99279E-05 0.559426 9.99279E-05 0.0542371 0.0302149 0.0864586 9.99279E-05 9.99279E-05 9.99279E-05
9.98742E-05 9.98742E-05 9.98742E-05 9.98742E-05 9.98742E-05 9.98742E-05 0.013313 9.98742E-05 9.98742E-05 9.98742E-05 0.985289 9.98742E-05 9.98742E-05 9.98742E-05 9.98742E-05 9.98742E-05
9.9874E-05 9.9874E-05 9.9874E-05 9.9874E-05 9.9874E-05 9.9874E-05 0.00200647 9.9874E-05 9.9874E-05 9.9874E-05 9.9874E-05 9.9874E-05 0.996595 9.9874E-05 9.9874E-05 9.9874E-05
9.98829E-05 0.00969988 9.98829E-05 9.98829E-05 9.98829E-05 0.0109059 9.98829E-05 9.98829E-05 9.98829E-05 9.98829E-05 9.98829E-05 9.98829E-05 0.978096 9.98829E-05 9.98829E-05 9.98829E-05
9.99098E-05 0.0565426 9.99098E-05 9.99098E-05 9.99098E-05 9.99098E-05 9.99098E-05 0.0271111 0.816817 0.0166202 0.00734076 9.99098E-05 0.0745695 9.99098E-05 9.99098E-05 9.99098E-05
0.0123551 0.0340935 0.0545678 9.991E-05 9.991E-05 9.991E-05 9.991E-05 9.991E-05 0.0773066 9.991E-05 9.991E-05 9.991E-05 0.0113076 9.991E-05 0.80937 9.991E-05
9.99009E-05 0.0191424 9.99009E-05 9.99009E-05 0.00429977 9.99009E-05 9.99009E-05 0.102198 0.851219 9.99009E-05 0.0220415 9.99009E-05 9.99009E-05 9.99009E-05 9.99009E-05 9.99009E-05
9.99368E-05 9.99368E-05 0.0917532 0.0604497 9.99368E-05 0.0127448 9.99368E-05 0.198572 0.218474 0.0639865 9.99368E-05 0.152058 0.173993 9.99368E-05 0.0272687 9.99368E-05
0.033248 0.0408801 9.9937E-05 0.0320198 9.9937E-05 9.9937E-05 0.0341023 0.179783 0.37334 9.9937E-05 9.9937E-05 9.9937E-05 0.228233 9.9937E-05 0.0604783 0.0172172
9.9928E-05 0.213685 0.0243268 9.9928E-05 0.0353617 9.9928E-05 0.0524748 0.326094 0.200059 9.9928E-05 0.111465 9.9928E-05 9.9928E-05 0.0357347 9.9928E-05 9.9928E-05
9.98749E-05 0.978279 9.98749E-05 9.98749E-05 9.98749E-05 9.98749E-05 9.98749E-05 9.98749E-05 9.98749E-05 9.98749E-05 9.98749E-05 0.0203223 9.98749E-05 9.98749E-05 9.98749E-05 9.98749E-05
9.98652E-05 9.98652E-05 9.98652E-05 9.98652E-05 0.998502 9.98652E-05 9.98652E-05 9.98652E-05 9.98652E-05 9.98652E-05 9.98652E-05 9.98652E-05 9.98652E-05 9.98652E-05 9.98652E-05 9.98652E-05
0.00313897 9.98831E-05 9.98831E-05 9.98831E-05 0.979928 9.98831E-05 9.98831E-05 9.98831E-05 0.0156348 9.98831E-05 9.98831E-05 9.98831E-05 9.98831E-05 9.98831E-05 9.98831E-05 9.98831E-05
9.98832E-05 9.98832E-05 9.98832E-05 9.98832E-05 0.962797 9.98832E-05 9.98832E-05 9.98832E-05 9.98832E-05 9.98832E-05 9.98832E-05 9.98832E-05 9.98832E-05 0.0139859 0.0219182 9.98832E-05
9.98652E-05 9.98652E-05 9.98652E-05 9.98652E-05 0.998502 9.98652E-05 9.98652E-05 9.98652E-05 9.98652E-05 9.98652E-05 9.98652E-05 9.98652E-05 9.98652E-05 9.98652E-05 9.98652E-05 9.98652E-05
9.98652E-05 9.98652E-05 9.98652E-05 9.98652E-05 0.998502 9.98652E-05 9.98652E-05 9.98652E-05 9.98652E-05 9.98652E-05 9.98652E-05 9.98652E-05 9.98652E-05 9.98652E-05 9.98652E-05 9.98652E-05
9.99281E-05 9.99281E-05 9.99281E-05 9.99281E-05 0.352549 9.99281E-05 0.0814319 9.99281E-05 0.00907985 0.00278466 9.99281E-05 0.107799 9.99281E-05 0.121543 0.0648644 0.259149
9.98921E-05 9.98921E-05 9.98921E-05 0.0675118 0.916476 9.98921E-05 9.98921E-05 9.98921E-05 9.98921E-05 9.98921E-05 0.00148829 9.98921E-05 9.98921E-05 9.98921E-05 0.0133255 9.98921E-05
9.98827E-05 0.757672 9.98827E-05 9.98827E-05 9.98827E-05 9.98827E-05 9.98827E-05 0.0611302 9.98827E-05 9.98827E-05 9.98827E-05 9.98827E-05 9.98827E-05 9.98827E-05 0.1799 9.98827E-05
9.98919E-05 9.98919E-05 9.98919E-05 0.933926 0.0269817 9.98919E-05 9.98919E-05 9.98919E-05 9.98919E-05 9.98919E-05 9.98919E-05 9.98919E-05 9.98919E-05 0.0263575 0.0115361 9.98919E-05
9.99009E-05 9.99009E-05 9.99009E-05 9.99009E-05 9.99009E-05 9.99009E-05 0.591386 9.99009E-05 9.99009E-05 0.0067485 0.00498292 9.99009E-05 9.99009E-05 0.392219 9.99009E-05 0.00356431
9.98921E-05 9.98921E-05 0.809249 9.98921E-05 9.98921E-05 0.0194204 9.98921E-05 9.98921E-05 9.98921E-05 9.98921E-05 9.98921E-05 9.98921E-05 0.144808 9.98921E-05 0.0253233 9.98921E-05
9.98742E-05 9.98742E-05 9.98742E-05 9.98742E-05 9.98742E-05 9.98742E-05 9.98742E-05 0.14878 9.98742E-05 9.98742E-05 9.98742E-05 9.98742E-05 9.98742E-05 9.98742E-05 0.849822 9.98742E-05
9.98744E-05 9.98744E-05 0.98093 9.98744E-05 9.98744E-05 9.98744E-05 9.98744E-05 9.98744E-05 9.98744E-05 9.98744E-05 9.98744E-05 9.98744E-05 9.98744E-05 9.98744E-05 9.98744E-05 0.0176722
9.98918E-05 0.0219893 0.842566 9.98918E-05 9.98918E-05 9.98918E-05 9.98918E-05 9.98918E-05 0.124955 9.98918E-05 9.98918E-05 9.98918E-05 0.0092904 9.98918E-05 9.98918E-05 9.98918E-05
9.99008E-05 9.99008E-05 0.758027 9.99008E-05 9.99008E-05 0.0533658 9.99008E-05 0.0838397 0.0899596 0.0137088 9.99008E-05 9.99008E-05 9.99008E-05 9.99008E-05 9.99008E-05 9.99008E-05
0.998502 9.98653E-05 9.98653E-05 9.98653E-05 9.98653E-05 9.98653E-05 9.98653E-05 9.98653E-05 9.98653E-05 9.98653E-05 9.98653E-05 9.98653E-05 9.98653E-05 9.98653E-05 9.98653E-05 9.98653E-05
9.98836E-05 9.98836E-05 9.98836E-05 9.98836E-05 9.98836E-05 0.00715885 0.329986 9.98836E-05 9.98836E-05 9.98836E-05 9.98836E-05 9.98836E-05 9.98836E-05 0.661557 9.98836E-05 9.98836E-05
0.0100696 0.0577122 0.019513 9.9955E-05 0.0265242 0.0342708 0.0718468 9.9955E-05 0.163766 9.9955E-05 9.9955E-05 0.0682011 0.185472 0.189341 9.9955E-05 0.172783
9.98923E-05 9.98923E-05 9.98923E-05 9.98923E-05 9.98923E-05 9.98923E-05 0.848792 9.98923E-05 9.98923E-05 9.98923E-05 9.98923E-05 9.98923E-05 9.98923E-05 0.0704639 0.0160404 0.0635055
9.991E-05 0.00247273 9.991E-05 9.991E-05 0.0420617 9.991E-05 0.762027 9.991E-05 9.991E-05 9.991E-05 9.991E-05 9.991E-05 0.0415884 0.140571 9.991E-05 0.0102802
9.98741E-05 9.98741E-05 9.98741E-05 9.98741E-05 9.98741E-05 9.98741E-05 9.98741E-05 9.98741E-05 9.98741E-05 9.98741E-05 9.98741E-05 0.0093577 9.98741E-05 0.989244 9.98741E-05 9.98741E-05
9.98652E-05 9.98652E-05 9.98652E-05 9.98652E-05 9.98652E-05 9.98652E-05 9.98652E-05 9.98652E-05 9.98652E-05 9.98652E-05 9.98652E-05 9.98652E-05 9.98652E-05 0.998502 9.98652E-05 9.98652E-05
9.99101E-05 9.99101E-05 9.99101E-05 0.014997 9.99101E-05 9.99101E-05 0.696286 0.0168616 0.0558666 9.99101E-05 9.99101E-05 9.99101E-05 9.99101E-05 0.148571 9.99101E-05 0.0664194
9.9892E-05 9.9892E-05 9.9892E-05 9.9892E-05 9.9892E-05 9.9892E-05 0.597489 0.015851 9.9892E-05 9.9892E-05 9.9892E-05 9.9892E-05 0.0238022 0.361659 9.9892E-05 9.9892E-05
9.98828E-05 9.98828E-05 9.98828E-05 9.98828E-05 0.0658892 9.98828E-05 0.0108114 9.98828E-05 9.98828E-05 9.98828E-05 9.98828E-05 9.98828E-05 9.98828E-05 9.98828E-05 9.98828E-05 0.922001
9.98649E-05 9.98649E-05 9.98649E-05 9.98649E-05 9.98649E-05 9.98649E-05 9.98649E-05 9.98649E-05 9.98649E-05 9.98649E-05 9.98649E-05 9.98649E-05 9.98649E-05 9.98649E-05 9.98649E-05 0.998502
9.99011E-05 9.99011E-05 9.99011E-05 9.99011E-05 0.00609404 9.99011E-05 0.77801 9.99011E-05 9.99011E-05 9.99011E-05 9.99011E-05 0.00950555 9.99011E-05 0.174436 0.0308553 9.99011E-05
9.99279E-05 9.99279E-05 9.99279E-05 9.99279E-05 0.00299855 0.00520235 0.000524804 9.99279E-05 9.99279E-05 9.99279E-05 0.00926956 0.0108942 0.0138053 0.0108073 0.945699 9.99279E-05
9.98829E-05 9.98829E-05 9.98829E-05 9.98829E-05 0.00626632 0.0123418 9.98829E-05 9.98829E-05 9.98829E-05 9.98829E-05 9.98829E-05 9.98829E-05 9.98829E-05 9.98829E-05 0.980093 9.98829E-05
9.98742E-05 9.98742E-05 9.98742E-05 9.98742E-05 9.98742E-05 0.988667 9.98742E-05 9.98742E-05 9.98742E-05 9.98742E-05 9.98742E-05 9.98742E-05 0.00993449 9.98742E-05 9.98742E-05 9.98742E-05
9.98743E-05 9.98743E-05 9.98743E-05 9.98743E-05 9.98743E-05 0.98539 9.98743E-05 9.98743E-05 9.98743E-05 9.98743E-05 9.98743E-05 9.98743E-05 0.0132116 9.98743E-05 9.98743E-05 9.98743E-05
0.00268191 9.99189E-05 0.0305522 0.0601456 9.99189E-05 9.99189E-05 9.99189E-05 9.99189E-05 0.700959 9.99189E-05 9.99189E-05 9.99189E-05 0.170089 0.00163648 0.0330366 9.99189E-05
0.0206559 9.99189E-05 0.0698113 0.0327122 9.99189E-05 9.99189E-05 9.99189E-05 9.99189E-05 0.688813 9.99189E-05 9.99189E-05 9.99189E-05 0.129039 0.00161494 0.0564541 9.99189E-05
9.98923E-05 9.98923E-05 9.98923E-05 9.98923E-05 9.98923E-05 0.961227 9.98923E-05 9.98923E-05 9.98923E-05 9.98923E-05 9.98923E-05 0.0147369 9.98923E-05 9.98923E-05 0.000265834 0.0225713
9.98652E-05 9.98652E-05 9.98652E-05 9.98652E-05 9.98652E-05 0.998502 9.98652E-05 9.98652E-05 9.98652E-05 9.98652E-05 9.98652E-05 9.98652E-05 9.98652E-05 9.98652E-05 9.98652E-05 9.98652E-05
9.98919E-05 0.939585 0.0293588 9.98919E-05 0.00681792 9.98919E-05 9.98919E-05 9.98919E-05 9.98919E-05 9.98919E-05 9.98919E-05 9.98919E-05 9.98919E-05 9.98919E-05 0.0230399 9.98919E-05
9.9892E-05 9.9892E-05 0.180445 9.9892E-05 9.9892E-05 9.9892E-05 9.9892E-05 9.9892E-05 9.9892E-05 0.010283 9.9892E-05 9.9892E-05 0.673215 9.9892E-05 0.134858 9.9892E-05
9.98831E-05 9.98831E-05 9.98831E-05 0.948633 0.0495637 9.98831E-05 9.98831E-05 0.000504908 9.98831E-05 9.98831E-05 9.98831E-05 9.98831E-05 9.98831E-05 9.98831E-05 9.98831E-05 9.98831E-05
9.98649E-05 9.98649E-05 9.98649E-05 9.98649E-05 9.98649E-05 9.98649E-05 9.98649E-05 0.998502 9.98649E-05 9.98649E-05 9.98649E-05 9.98649E-05 9.98649E-05 9.98649E-05 9.98649E-05 9.98649E-05
0.00174807 0.0474179 0.0650854 9.99101E-05 9.99101E-05 0.0233306 9.99101E-05 0.770867 9.99101E-05 9.99101E-05 0.0905524 9.99101E-05 9.99101E-05 9.99101E-05 9.99101E-05 9.99101E-05
9.99011E-05 9.99011E-05 9.99011E-05 9.99011E-05 0.120672 9.99011E-05 0.218278 9.99011E-05 9.99011E-05 9.99011E-05 9.99011E-05 0.0817139 9.99011E-05 0.18195 9.99011E-05 0.396287
