0.010207 9.98919E-05 9.98919E-05 9.98919E-05 9.98919E-05 9.98919E-05 9.98919E-05 9.98919E-05 9.98919E-05 0.00163228 0.942386 9.98919E-05 0.0445762 9.98919E-05 9.98919E-05 9.98919E-05
9.98919E-05 9.98919E-05 9.98919E-05 9.98919E-05 9.98919E-05 9.98919E-05 0.161671 9.98919E-05 9.98919E-05 0.0855013 0.06965 9.98919E-05 9.98919E-05 9.98919E-05 0.681979 9.98919E-05
0.0545227 9.99108E-05 0.095702 9.99108E-05 0.0218859 9.99108E-05 0.609867 0.206451 9.99108E-05 9.99108E-05 9.99108E-05 9.99108E-05 9.99108E-05 9.99108E-05 0.0105718 9.99108E-05
0.0248906 0.0547075 9.9883E-05 9.9883E-05 9.9883E-05 9.9883E-05 0.919103 9.9883E-05 9.9883E-05 9.9883E-05 9.9883E-05 9.9883E-05 9.9883E-05 9.9883E-05 9.9883E-05 9.9883E-05
9.99281E-05 9.99281E-05 9.99281E-05 9.99281E-05 9.99281E-05 9.99281E-05 0.367793 0.0669347 9.99281E-05 0.0359994 9.99281E-05 0.0663176 0.054544 0.237828 0.146344 0.0234399
9.98741E-05 9.98741E-05 9.98741E-05 9.98741E-05 9.98741E-05 9.98741E-05 0.986963 9.98741E-05 0.0116387 9.98741E-05 9.98741E-05 9.98741E-05 9.98741E-05 9.98741E-05 9.98741E-05 9.98741E-05
9.98651E-05 9.98651E-05 9.98651E-05 9.98651E-05 9.98651E-05 9.98651E-05 9.98651E-05 9.98651E-05 9.98651E-05 9.98651E-05 9.98651E-05 9.98651E-05 9.98651E-05 0.998502 9.98651E-05 9.98651E-05
0.00747522 0.0184692 9.99188E-05 9.99188E-05 9.99188E-05 9.99188E-05 0.0113034 0.72702 9.99188E-05 9.99188E-05 9.99188E-05 9.99188E-05 0.077173 9.99188E-05 0.119243 0.0384168
9.9883E-05 9.9883E-05 9.9883E-05 9.9883E-05 9.9883E-05 9.9883E-05 9.9883E-05 9.9883E-05 9.9883E-05 0.0025823 9.9883E-05 9.9883E-05 9.9883E-05 0.928225 0.0678946 9.9883E-05
9.98742E-05 9.98742E-05 9.98742E-05 9.98742E-05 9.98742E-05 9.98742E-05 9.98742E-05 9.98742E-05 9.98742E-05 9.98742E-05 9.98742E-05 9.98742E-05 0.859799 0.138803 9.98742E-05 9.98742E-05
9.98741E-05 9.98741E-05 9.98741E-05 9.98741E-05 9.98741E-05 9.98741E-05 9.98741E-05 9.98741E-05 9.98741E-05 9.98741E-05 9.98741E-05 9.98741E-05 0.842909 0.155693 9.98741E-05 9.98741E-05
0.128941 0.0143449 0.149535 9.99087E-05 9.99087E-05 9.99087E-05 9.99087E-05 9.99087E-05 9.99087E-05 9.99087E-05 0.677848 9.99087E-05 9.99087E-05 0.0282328 9.99087E-05 9.99087E-05
9.98923E-05 0.0134641 0.944416 9.98923E-05 9.98923E-05 9.98923E-05 9.98923E-05 9.98923E-05 0.00915698 9.98923E-05 9.98923E-05 9.98923E-05 9.98923E-05 0.0317642 9.98923E-05 9.98923E-05
9.991E-05 9.991E-05 9.991E-05 9.991E-05 0.0151571 0.00133876 0.953945 9.991E-05 0.00437268 0.0161084 9.991E-05 9.991E-05 9.991E-05 9.991E-05 0.00807876 9.991E-05
9.9883E-05 9.9883E-05 9.9883E-05 9.9883E-05 9.9883E-05 9.9883E-05 0.958402 9.9883E-05 9.9883E-05 9.9883E-05 0.0306176 0.00968212 9.9883E-05 9.9883E-05 9.9883E-05 9.9883E-05
9.99009E-05 9.99009E-05 0.115004 0.738901 9.99009E-05 9.99009E-05 9.99009E-05 9.99009E-05 0.112845 9.99009E-05 9.99009E-05 9.99009E-05 0.0149975 9.99009E-05 0.0171536 9.99009E-05
9.9883E-05 9.9883E-05 9.9883E-05 9.9883E-05 9.9883E-05 9.9883E-05 9.9883E-05 9.9883E-05 9.9883E-05 0.89692 9.9883E-05 0.0225956 0.0791858 9.9883E-05 9.9883E-05 9.9883E-05
9.9865E-05 9.9865E-05 9.9865E-05 9.9865E-05 0.998502 9.9865E-05 9.9865E-05 9.9865E-05 9.9865E-05 9.9865E-05 9.9865E-05 9.9865E-05 9.9865E-05 9.9865E-05 9.9865E-05 9.9865E-05
0.0652242 9.9874E-05 9.9874E-05 9.9874E-05 9.9874E-05 0.933378 9.9874E-05 9.9874E-05 9.9874E-05 9.9874E-05 9.9874E-05 9.9874E-05 9.9874E-05 9.9874E-05 9.9874E-05 9.9874E-05
0.047467 9.99099E-05 9.99099E-05 0.290247 9.99099E-05 9.99099E-05 9.99099E-05 9.99099E-05 0.118789 0.0379194 0.0608451 9.99099E-05 0.443734 9.99099E-05 9.99099E-05 9.99099E-05
9.98831E-05 9.98831E-05 9.98831E-05 9.98831E-05 0.153238 0.830098 9.98831E-05 9.98831E-05 9.98831E-05 9.98831E-05 9.98831E-05 0.0153664 9.98831E-05 9.98831E-05 9.98831E-05 9.98831E-05
9.99189E-05 9.99189E-05 0.0354759 0.298395 0.0365078 9.99189E-05 9.99189E-05 9.99189E-05 0.0298662 0.0109309 0.518342 9.99189E-05 0.0695834 9.99189E-05 9.99189E-05 9.99189E-05
9.98649E-05 9.98649E-05 9.98649E-05 9.98649E-05 9.98649E-05 9.98649E-05 9.98649E-05 9.98649E-05 9.98649E-05 9.98649E-05 9.98649E-05 0.998502 9.98649E-05 9.98649E-05 9.98649E-05 9.98649E-05
9.98739E-05 9.98739E-05 9.98739E-05 9.98739E-05 9.98739E-05 0.778564 9.98739E-05 9.98739E-05 9.98739E-05 9.98739E-05 9.98739E-05 0.220038 9.98739E-05 9.98739E-05 9.98739E-05 9.98739E-05
9.98743E-05 0.525655 9.98743E-05 9.98743E-05 9.98743E-05 9.98743E-05 0.472947 9.98743E-05 9.98743E-05 9.98743E-05 9.98743E-05 9.98743E-05 9.98743E-05 9.98743E-05 9.98743E-05 9.98743E-05
9.98742E-05 0.179694 9.98742E-05 9.98742E-05 9.98742E-05 9.98742E-05 0.818908 9.98742E-05 9.98742E-05 9.98742E-05 9.98742E-05 9.98742E-05 9.98742E-05 9.98742E-05 9.98742E-05 9.98742E-05
0.0231619 9.99099E-05 0.773102 0.00545234 9.99099E-05 9.99099E-05 9.99099E-05 9.99099E-05 9.99099E-05 0.0719066 0.0407063 9.99099E-05 0.0846716 9.99099E-05 9.99099E-05 9.99099E-05
9.98652E-05 0.998502 9.98652E-05 9.98652E-05 9.98652E-05 9.98652E-05 9.98652E-05 9.98652E-05 9.98652E-05 9.98652E-05 9.98652E-05 9.98652E-05 9.98652E-05 9.98652E-05 9.98652E-05 9.98652E-05
9.98651E-05 0.998502 9.98651E-05 9.98651E-05 9.98651E-05 9.98651E-05 9.98651E-05 9.98651E-05 9.98651E-05 9.98651E-05 9.98651E-05 9.98651E-05 9.98651E-05 9.98651E-05 9.98651E-05 9.98651E-05
0.00598194 0.130349 9.99192E-05 9.99192E-05 9.99192E-05 0.0284949 0.354875 0.280936 9.99192E-05 9.99192E-05 9.99192E-05 9.99192E-05 9.99192E-05 9.99192E-05 0.0134522 0.185012
9.99188E-05 0.0206677 9.99188E-05 9.99188E-05 9.99188E-05 9.99188E-05 0.236945 0.66233 0.00842165 0.0179983 9.99188E-05 0.0264679 9.99188E-05 9.99188E-05 9.99188E-05 0.0262702
9.98654E-05 9.98654E-05 9.98654E-05 9.98654E-05 9.98654E-05 9.98654E-05 9.98654E-05 9.98654E-05 9.98654E-05 9.98654E-05 9.98654E-05 9.98654E-05 9.98654E-05 9.98654E-05 0.998502 9.98654E-05
9.98922E-05 0.261368 9.98922E-05 9.98922E-05 9.98922E-05 9.98922E-05 0.572948 0.143768 9.98922E-05 0.0207165 9.98922E-05 9.98922E-05 9.98922E-05 9.98922E-05 9.98922E-05 9.98922E-05
0.00391757 9.98922E-05 9.98922E-05 9.98922E-05 9.98922E-05 9.98922E-05 9.98922E-05 0.30098 9.98922E-05 9.98922E-05 9.98922E-05 9.98922E-05 0.00770105 9.98922E-05 9.98922E-05 0.686203
0.118248 0.00601958 0.498049 9.99368E-05 9.99368E-05 9.99368E-05 9.99368E-05 0.0638829 0.0501489 0.19941 0.0471983 9.99368E-05 0.0111635 9.99368E-05 9.99368E-05 0.00518108
9.99189E-05 0.534451 9.99189E-05 9.99189E-05 9.99189E-05 9.99189E-05 0.365565 0.0391276 0.0331474 0.0206773 0.000717378 9.99189E-05 9.99189E-05 0.0054157 9.99189E-05 9.99189E-05
9.98831E-05 9.98831E-05 9.98831E-05 9.98831E-05 9.98831E-05 9.98831E-05 9.98831E-05 0.0336576 0.0289026 9.98831E-05 0.936141 9.98831E-05 9.98831E-05 9.98831E-05 9.98831E-05 9.98831E-05
9.9919E-05 9.9919E-05 9.9919E-05 9.9919E-05 0.00202095 9.9919E-05 0.00214995 9.9919E-05 9.9919E-05 0.0644578 0.076928 0.0336837 0.612589 9.9919E-05 0.207271 9.9919E-05
9.98831E-05 9.98831E-05 9.98831E-05 9.98831E-05 9.98831E-05 9.98831E-05 0.0028171 0.0102053 9.98831E-05 0.985679 9.98831E-05 9.98831E-05 9.98831E-05 9.98831E-05 9.98831E-05 9.98831E-05
9.99101E-05 9.99101E-05 9.99101E-05 0.266157 0.0600815 9.99101E-05 0.11479 9.99101E-05 0.0310741 0.0691065 0.203583 9.99101E-05 0.254309 9.99101E-05 9.99101E-05 9.99101E-05
0.013759 9.99368E-05 9.99368E-05 0.255603 0.0793218 9.99368E-05 0.0811921 9.99368E-05 0.0339937 0.0163204 0.254359 9.99368E-05 0.257763 9.99368E-05 0.00698835 9.99368E-05
9.9883E-05 9.9883E-05 9.9883E-05 9.9883E-05 9.9883E-05 9.9883E-05 9.9883E-05 9.9883E-05 0.0336471 9.9883E-05 0.0248203 9.9883E-05 0.940234 9.9883E-05 9.9883E-05 9.9883E-05
9.9901E-05 9.9901E-05 0.0299078 0.877175 9.9901E-05 0.00952021 9.9901E-05 9.9901E-05 9.9901E-05 9.9901E-05 9.9901E-05 9.9901E-05 0.0264549 0.0558431 9.9901E-05 9.9901E-05
9.99009E-05 0.00337824 0.0105685 9.99009E-05 9.99009E-05 9.99009E-05 9.99009E-05 9.99009E-05 0.115801 0.00451915 9.99009E-05 9.99009E-05 0.864634 9.99009E-05 9.99009E-05 9.99009E-05
9.99279E-05 9.99279E-05 0.103318 0.034442 9.99279E-05 0.0245863 9.99279E-05 9.99279E-05 0.197848 9.99279E-05 0.0684772 0.171075 0.345065 9.99279E-05 0.0543888 9.99279E-05
9.9928E-05 9.9928E-05 9.9928E-05 0.159712 9.9928E-05 9.9928E-05 0.0247514 0.0381167 0.152816 9.9928E-05 0.115417 0.0408928 0.465795 9.9928E-05 9.9928E-05 0.0016997
9.9937E-05 0.0111274 0.0663389 9.9937E-05 9.9937E-05 9.9937E-05 0.0702928 9.9937E-05 0.261466 0.105446 0.148905 9.9937E-05 0.253998 0.0295043 9.9937E-05 0.0522217
9.98749E-05 9.98749E-05 9.98749E-05 9.98749E-05 0.015653 9.98749E-05 9.98749E-05 9.98749E-05 9.98749E-05 9.98749E-05 0.982949 9.98749E-05 9.98749E-05 9.98749E-05 9.98749E-05 9.98749E-05
9.98921E-05 9.98921E-05 9.98921E-05 9.98921E-05 0.00245743 9.98921E-05 9.98921E-05 9.98921E-05 9.98921E-05 0.00102705 9.98921E-05 0.00519781 9.98921E-05 9.98921E-05 9.98921E-05 0.990119
9.98652E-05 9.98652E-05 9.98652E-05 9.98652E-05 9.98652E-05 9.98652E-05 9.98652E-05 9.98652E-05 9.98652E-05 9.98652E-05 9.98652E-05 9.98652E-05 9.98652E-05 9.98652E-05 9.98652E-05 0.998502
9.98742E-05 9.98742E-05 9.98742E-05 0.0250315 9.98742E-05 9.98742E-05 9.98742E-05 9.98742E-05 9.98742E-05 9.98742E-05 9.98742E-05 9.98742E-05 9.98742E-05 9.98742E-05 9.98742E-05 0.97357
9.98653E-05 9.98653E-05 9.98653E-05 9.98653E-05 9.98653E-05 9.98653E-05 9.98653E-05 9.98653E-05 9.98653E-05 9.98653E-05 9.98653E-05 9.98653E-05 9.98653E-05 9.98653E-05 9.98653E-05 0.998502
9.98652E-05 9.98652E-05 9.98652E-05 9.98652E-05 9.98652E-05 9.98652E-05 9.98652E-05 9.98652E-05 9.98652E-05 9.98652E-05 9.98652E-05 9.98652E-05 9.98652E-05 9.98652E-05 9.98652E-05 0.998502
9.99191E-05 0.0822996 9.99191E-05 0.0547684 9.99191E-05 9.99191E-05 9.99191E-05 0.288663 9.99191E-05 9.99191E-05 9.99191E-05 0.080174 9.99191E-05 0.0598896 0.0338252 0.399481
9.98741E-05 9.98741E-05 9.98741E-05 9.98741E-05 9.98741E-05 9.98741E-05 9.98741E-05 9.98741E-05 9.98741E-05 9.98741E-05 9.98741E-05 9.98741E-05 9.98741E-05 9.98741E-05 0.0703532 0.928249
9.98919E-05 9.98919E-05 9.98919E-05 0.138293 9.98919E-05 9.98919E-05 9.98919E-05 9.98919E-05 0.0204451 9.98919E-05 0.823434 9.98919E-05 9.98919E-05 0.0166294 9.98919E-05 9.98919E-05
9.98829E-05 9.98829E-05 9.98829E-05 9.98829E-05 9.98829E-05 9.98829E-05 9.98829E-05 9.98829E-05 9.98829E-05 9.98829E-05 9.98829E-05 9.98829E-05 9.98829E-05 0.0394834 0.92717 0.0320481
9.98828E-05 0.429433 9.98828E-05 9.98828E-05 9.98828E-05 9.98828E-05 0.567407 9.98828E-05 0.0018616 9.98828E-05 9.98828E-05 9.98828E-05 9.98828E-05 9.98828E-05 9.98828E-05 9.98828E-05
0.0259176 9.99101E-05 0.856524 0.0602387 9.99101E-05 9.99101E-05 9.99101E-05 9.99101E-05 9.99101E-05 9.99101E-05 0.0181716 9.99101E-05 9.99101E-05 0.0175635 9.99101E-05 0.0205853
9.98833E-05 9.98833E-05 0.0146616 0.908626 9.98833E-05 9.98833E-05 9.98833E-05 9.98833E-05 0.0754143 9.98833E-05 9.98833E-05 9.98833E-05 9.98833E-05 9.98833E-05 9.98833E-05 9.98833E-05
9.98656E-05 9.98656E-05 0.998502 9.98656E-05 9.98656E-05 9.98656E-05 9.98656E-05 9.98656E-05 9.98656E-05 9.98656E-05 9.98656E-05 9.98656E-05 9.98656E-05 9.98656E-05 9.98656E-05 9.98656E-05
9.9892E-05 9.9892E-05 0.92603 9.9892E-05 0.00993141 9.9892E-05 9.9892E-05 9.9892E-05 9.9892E-05 9.9892E-05 9.9892E-05 9.9892E-05 0.059344 9.9892E-05 0.00349561 9.9892E-05
0.0302567 9.99008E-05 0.834347 9.99008E-05 0.020726 9.99008E-05 9.99008E-05 9.99008E-05 0.0577888 9.99008E-05 9.99008E-05 9.99008E-05 0.0557826 9.99008E-05 9.99008E-05 9.99008E-05
9.98742E-05 9.98742E-05 9.98742E-05 9.98742E-05 9.98742E-05 0.959362 9.98742E-05 9.98742E-05 9.98742E-05 9.98742E-05 0.0392401 9.98742E-05 9.98742E-05 9.98742E-05 9.98742E-05 9.98742E-05
9.98746E-05 0.662107 9.98746E-05 9.98746E-05 9.98746E-05 9.98746E-05 0.336495 9.98746E-05 9.98746E-05 9.98746E-05 9.98746E-05 9.98746E-05 9.98746E-05 9.98746E-05 9.98746E-05 9.98746E-05
0.0277657 9.99461E-05 0.154055 0.0229131 9.99461E-05 0.0408814 0.116327 0.237834 9.99461E-05 9.99461E-05 0.0987609 9.99461E-05 0.135798 9.99461E-05 0.107632 0.057433
9.98833E-05 0.0495318 9.98833E-05 9.98833E-05 9.98833E-05 9.98833E-05 0.874505 0.0746647 9.98833E-05 9.98833E-05 9.98833E-05 9.98833E-05 9.98833E-05 9.98833E-05 9.98833E-05 9.98833E-05
9.99099E-05 0.129354 9.99099E-05 9.99099E-05 9.99099E-05 9.99099E-05 0.779487 0.01938 9.99099E-05 0.0238467 9.99099E-05 9.99099E-05 9.99099E-05 0.0210592 9.99099E-05 0.0258733
9.98831E-05 0.966748 9.98831E-05 0.0315725 9.98831E-05 9.98831E-05 9.98831E-05 9.98831E-05 9.98831E-05 9.98831E-05 9.98831E-05 0.00038113 9.98831E-05 9.98831E-05 9.98831E-05 9.98831E-05
9.98652E-05 0.998502 9.98652E-05 9.98652E-05 9.98652E-05 9.98652E-05 9.98652E-05 9.98652E-05 9.98652E-05 9.98652E-05 9.98652E-05 9.98652E-05 9.98652E-05 9.98652E-05 9.98652E-05 9.98652E-05
9.991E-05 0.0703188 9.991E-05 9.991E-05 9.991E-05 9.991E-05 0.704911 0.149554 9.991E-05 9.991E-05 0.00110695 9.991E-05 0.0506099 0.0225003 9.991E-05 9.991E-05
9.98919E-05 0.443703 9.98919E-05 9.98919E-05 9.98919E-05 9.98919E-05 0.507504 9.98919E-05 0.0139702 0.0336247 9.98919E-05 9.98919E-05 9.98919E-05 9.98919E-05 9.98919E-05 9.98919E-05
9.9865E-05 9.9865E-05 9.9865E-05 9.9865E-05 9.9865E-05 9.9865E-05 9.9865E-05 0.998502 9.9865E-05 9.9865E-05 9.9865E-05 9.9865E-05 9.9865E-05 9.9865E-05 9.9865E-05 9.9865E-05
9.98831E-05 9.98831E-05 0.0191094 9.98831E-05 9.98831E-05 9.98831E-05 9.98831E-05 0.919959 9.98831E-05 9.98831E-05 9.98831E-05 9.98831E-05 9.98831E-05 0.0596329 9.98831E-05 9.98831E-05
0.00425739 0.118387 9.99101E-05 0.00777776 9.99101E-05 9.99101E-05 0.860512 9.99101E-05 9.99101E-05 9.99101E-05 9.99101E-05 0.00645869 9.99101E-05 9.99101E-05 9.99101E-05 0.00160784
9.98741E-05 9.98741E-05 9.98741E-05 0.995062 9.98741E-05 9.98741E-05 9.98741E-05 9.98741E-05 9.98741E-05 9.98741E-05 9.98741E-05 9.98741E-05 9.98741E-05 9.98741E-05 9.98741E-05 0.00353997
0.00589084 9.98919E-05 9.98919E-05 0.966273 9.98919E-05 9.98919E-05 9.98919E-05 0.00453981 9.98919E-05 9.98919E-05 9.98919E-05 9.98919E-05 9.98919E-05 9.98919E-05 9.98919E-05 0.022098
0.998502 9.98653E-05 9.98653E-05 9.98653E-05 9.98653E-05 9.98653E-05 9.98653E-05 9.98653E-05 9.98653E-05 9.98653E-05 9.98653E-05 9.98653E-05 9.98653E-05 9.98653E-05 9.98653E-05 9.98653E-05
0.998502 9.98653E-05 9.98653E-05 9.98653E-05 9.98653E-05 9.98653E-05 9.98653E-05 9.98653E-05 9.98653E-05 9.98653E-05 9.98653E-05 9.98653E-05 9.98653E-05 9.98653E-05 9.98653E-05 9.98653E-05
9.9919E-05 0.000318242 0.00237325 0.0466045 0.0202509 9.9919E-05 9.9919E-05 9.9919E-05 9.9919E-05 9.9919E-05 0.0290083 9.9919E-05 0.843868 9.9919E-05 0.0566777 9.9919E-05
9.99279E-05 0.0206234 0.0289947 0.105149 0.00171228 9.99279E-05 9.99279E-05 9.99279E-05 9.99279E-05 9.99279E-05 0.0183309 9.99279E-05 0.795863 0.005167 0.023361 9.99279E-05
0.944272 9.99191E-05 9.99191E-05 0.00299779 9.99191E-05 9.99191E-05 9.99191E-05 0.0219173 9.99191E-05 0.00644173 9.99191E-05 0.0128305 0.00840742 9.99191E-05 0.00223449 9.99191E-05
0.998502 9.98653E-05 9.98653E-05 9.98653E-05 9.98653E-05 9.98653E-05 9.98653E-05 9.98653E-05 9.98653E-05 9.98653E-05 9.98653E-05 9.98653E-05 9.98653E-05 9.98653E-05 9.98653E-05 9.98653E-05
9.98919E-05 9.98919E-05 0.0157027 0.0232977 9.98919E-05 9.98919E-05 9.98919E-05 9.98919E-05 9.98919E-05 9.98919E-05 0.946026 9.98919E-05 9.98919E-05 9.98919E-05 9.98919E-05 0.0137748
9.99189E-05 9.99189E-05 0.154266 0.422768 0.117561 9.99189E-05 9.99189E-05 9.99189E-05 0.0306918 9.99189E-05 0.0324796 9.99189E-05 0.127582 0.113753 9.99189E-05 9.99189E-05
9.9883E-05 9.9883E-05 9.9883E-05 9.9883E-05 9.9883E-05 9.9883E-05 9.9883E-05 9.9883E-05 9.9883E-05 9.9883E-05 9.9883E-05 9.9883E-05 9.9883E-05 0.0378159 0.894368 0.066518
9.98741E-05 9.98741E-05 9.98741E-05 9.98741E-05 9.98741E-05 9.98741E-05 9.98741E-05 9.98741E-05 0.991644 9.98741E-05 9.98741E-05 0.00695815 9.98741E-05 9.98741E-05 9.98741E-05 9.98741E-05
0.0218947 9.99011E-05 0.0492293 9.99011E-05 9.99011E-05 9.99011E-05 9.99011E-05 9.99011E-05 0.873818 0.0271396 0.02682 9.99011E-05 9.99011E-05 9.99011E-05 9.99011E-05 9.99011E-05
0.0300978 0.157938 9.99012E-05 9.99012E-05 9.99012E-05 9.99012E-05 9.99012E-05 0.73605 9.99012E-05 9.99012E-05 9.99012E-05 0.0523741 9.99012E-05 9.99012E-05 9.99012E-05 0.0224407
