9.99459E-05 9.99459E-05 0.0311047 9.99459E-05 0.935474 9.99459E-05 9.99459E-05 0.0328212 9.99459E-05
9.99729E-05 0.621553 0.00145798 9.99729E-05 0.119186 9.99729E-05 0.0829422 0.00837902 0.166181
0.0188085 0.0855116 0.0704615 0.0788497 9.99732E-05 0.0329344 9.99732E-05 9.99732E-05 0.713134
9.9946E-05 9.9946E-05 0.0205724 9.9946E-05 9.9946E-05 9.9946E-05 9.9946E-05 0.00624967 0.972578
0.0717345 0.295172 9.99731E-05 9.99731E-05 0.0325057 9.99731E-05 0.07466 0.102875 0.422753
9.9937E-05 9.9937E-05 9.9937E-05 9.9937E-05 9.9937E-05 9.9937E-05 0.0238992 9.9937E-05 0.975401
9.9937E-05 0.689378 9.9937E-05 0.309923 9.9937E-05 9.9937E-05 9.9937E-05 9.9937E-05 9.9937E-05
0.175665 0.367597 0.0211687 9.9973E-05 9.9973E-05 9.9973E-05 0.0203453 0.0282188 0.386705
9.9946E-05 0.798676 9.9946E-05 0.176211 9.9946E-05 9.9946E-05 9.9946E-05 0.024513 9.9946E-05
9.99372E-05 0.0282306 9.99372E-05 9.99372E-05 9.99372E-05 9.99372E-05 9.99372E-05 0.97107 9.99372E-05
9.993E-05 9.993E-05 9.993E-05 9.993E-05 9.993E-05 9.993E-05 9.993E-05 0.999201 9.993E-05
9.9955E-05 9.9955E-05 0.131888 0.196698 0.65076 9.9955E-05 9.9955E-05 9.9955E-05 0.020154
9.99372E-05 9.99372E-05 9.99372E-05 0.993602 9.99372E-05 9.99372E-05 9.99372E-05 9.99372E-05 0.00569815
9.9955E-05 9.9955E-05 9.9955E-05 9.9955E-05 0.00673426 0.00412573 0.047204 9.9955E-05 0.941436
9.9955E-05 9.9955E-05 9.9955E-05 9.9955E-05 0.0343513 0.000252853 9.9955E-05 0.0300034 0.934893
0.0125897 0.0332685 0.0117514 0.295581 0.0957827 9.9991E-05 0.0307105 0.504017 0.0161995
9.99368E-05 9.99368E-05 9.99368E-05 9.99368E-05 9.99368E-05 9.99368E-05 0.892111 0.107189 9.99368E-05
0.0629594 0.0506148 9.99639E-05 9.99639E-05 0.0400417 0.73369 9.99639E-05 0.112294 9.99639E-05
9.9937E-05 9.9937E-05 0.0708342 9.9937E-05 9.9937E-05 0.928466 9.9937E-05 9.9937E-05 9.9937E-05
9.9964E-05 9.9964E-05 0.046867 0.00142182 0.116061 9.9964E-05 0.11657 0.71868 9.9964E-05
9.99371E-05 9.99371E-05 9.99371E-05 9.99371E-05 9.99371E-05 0.996538 9.99371E-05 9.99371E-05 0.00276267
9.9955E-05 9.9955E-05 9.9955E-05 0.0766895 0.538041 9.9955E-05 0.0338028 0.350967 9.9955E-05
0.00765795 0.0149339 0.100255 9.9973E-05 9.9973E-05 0.363922 0.436602 0.0763296 9.9973E-05
9.99459E-05 9.99459E-05 0.0699465 9.99459E-05 9.99459E-05 0.864244 0.0652097 9.99459E-05 9.99459E-05
0.0193994 9.99371E-05 9.99371E-05 9.99371E-05 9.99371E-05 9.99371E-05 9.99371E-05 9.99371E-05 0.979901
9.993E-05 9.993E-05 9.993E-05 9.993E-05 9.993E-05 9.993E-05 9.993E-05 9.993E-05 0.999201
9.99639E-05 9.99639E-05 0.0599719 0.765155 0.0851236 9.99639E-05 0.0182391 0.0711101 9.99639E-05
0.0903728 0.0316752 9.9946E-05 9.9946E-05 9.9946E-05 9.9946E-05 9.9946E-05 9.9946E-05 0.877352
0.0480632 0.0251347 9.9955E-05 0.0186639 9.9955E-05 9.9955E-05 9.9955E-05 9.9955E-05 0.907638
0.222628 0.0379357 0.0139226 0.00957968 0.0018766 0.0421758 9.9982E-05 9.9982E-05 0.671682
0.21405 0.102362 9.9955E-05 9.9955E-05 9.9955E-05 9.9955E-05 0.10301 9.9955E-05 0.580078
0.0345871 0.940256 0.012597 9.99551E-05 0.0120606 9.99551E-05 9.99551E-05 9.99551E-05 9.99551E-05
9.99372E-05 9.99372E-05 9.99372E-05 9.99372E-05 9.99372E-05 9.99372E-05 0.0122847 9.99372E-05 0.987016
0.732293 0.0874391 0.0163065 9.99551E-05 9.99551E-05 9.99551E-05 9.99551E-05 9.99551E-05 0.163461
9.99638E-05 9.99638E-05 0.117026 0.479782 0.0473664 9.99638E-05 0.325655 9.99638E-05 0.0297715
9.99549E-05 9.99549E-05 0.00081279 0.0107674 0.00876534 9.99549E-05 9.99549E-05 9.99549E-05 0.979155
9.9937E-05 9.9937E-05 9.9937E-05 9.9937E-05 0.964586 9.9937E-05 0.0347141 9.9937E-05 9.9937E-05
0.00854788 0.1244 9.9982E-05 9.9982E-05 0.0851519 0.0172213 0.0401195 0.69574 0.02862
9.99369E-05 0.0177849 9.99369E-05 9.99369E-05 9.99369E-05 9.99369E-05 0.981516 9.99369E-05 9.99369E-05
9.99549E-05 9.99549E-05 9.99549E-05 9.99549E-05 0.241936 9.99549E-05 0.100906 0.54968 0.106978
9.99639E-05 9.99639E-05 0.0214325 9.99639E-05 0.291157 9.99639E-05 0.0253883 0.564244 0.0973782
9.9937E-05 9.9937E-05 9.9937E-05 9.9937E-05 9.9937E-05 9.9937E-05 0.0286319 0.970669 9.9937E-05
9.99549E-05 0.132162 9.99549E-05 0.207041 0.109971 9.99549E-05 9.99549E-05 0.550326 9.99549E-05
9.9946E-05 9.9946E-05 0.0125075 9.9946E-05 9.9946E-05 9.9946E-05 0.099692 0.887201 9.9946E-05
9.9973E-05 9.9973E-05 0.0839959 0.12315 0.05107 0.111356 0.105108 0.52502 9.9973E-05
9.9973E-05 9.9973E-05 9.9973E-05 0.0424887 0.122601 0.0351658 0.0978533 0.626241 0.075351
0.0495464 0.00813205 9.9982E-05 0.102423 0.225899 9.9982E-05 0.464424 0.102587 0.0467886
9.99374E-05 9.99374E-05 9.99374E-05 9.99374E-05 0.975636 0.0236641 9.99374E-05 9.99374E-05 9.99374E-05
0.999201 9.993E-05 9.993E-05 9.993E-05 9.993E-05 9.993E-05 9.993E-05 9.993E-05 9.993E-05
0.995768 9.9937E-05 9.9937E-05 9.9937E-05 9.9937E-05 9.9937E-05 9.9937E-05 0.00353291 9.9937E-05
0.999201 9.993E-05 9.993E-05 9.993E-05 9.993E-05 9.993E-05 9.993E-05 9.993E-05 9.993E-05
0.999201 9.993E-05 9.993E-05 9.993E-05 9.993E-05 9.993E-05 9.993E-05 9.993E-05 9.993E-05
0.999201 9.993E-05 9.993E-05 9.993E-05 9.993E-05 9.993E-05 9.993E-05 9.993E-05 9.993E-05
0.392077 0.175351 9.99731E-05 0.0216042 9.99731E-05 0.0259416 9.99731E-05 0.0881457 0.296581
0.955686 0.00502876 9.9946E-05 9.9946E-05 0.0386858 9.9946E-05 9.9946E-05 9.9946E-05 9.9946E-05
9.99459E-05 9.99459E-05 9.99459E-05 0.0602727 0.880228 9.99459E-05 9.99459E-05 0.0589 9.99459E-05
0.101958 0.790724 0.0260349 9.99548E-05 0.0807827 9.99548E-05 9.99548E-05 9.99548E-05 9.99548E-05
9.99459E-05 9.99459E-05 9.99459E-05 9.99459E-05 0.011982 9.99459E-05 0.00931058 9.99459E-05 0.978108
0.00447529 9.9955E-05 0.0561554 0.872769 0.0661003 9.9955E-05 9.9955E-05 9.9955E-05 9.9955E-05
9.9955E-05 9.9955E-05 9.9955E-05 0.315626 0.180382 9.9955E-05 9.9955E-05 0.431035 0.0724575
9.993E-05 9.993E-05 9.993E-05 0.999201 9.993E-05 9.993E-05 9.993E-05 9.993E-05 9.993E-05
9.99459E-05 9.99459E-05 9.99459E-05 0.843989 0.0210703 9.99459E-05 9.99459E-05 0.134341 9.99459E-05
9.99639E-05 9.99639E-05 0.0705905 0.809529 9.99639E-05 0.00316414 0.0467236 0.0695925 9.99639E-05
0.0105001 9.99641E-05 9.99641E-05 9.99641E-05 0.0618585 0.89657 9.99641E-05 0.0258133 0.00485811
9.99372E-05 9.99372E-05 9.99372E-05 9.99372E-05 9.99372E-05 9.99372E-05 9.99372E-05 0.0136737 0.985627
0.12213 0.134251 0.0628757 0.109758 9.9982E-05 0.0363484 9.9982E-05 0.24301 0.291428
9.99462E-05 0.0367282 9.99462E-05 0.0154061 9.99462E-05 9.99462E-05 9.99462E-05 9.99462E-05 0.947266
0.0257407 9.9955E-05 9.9955E-05 9.9955E-05 0.0324926 9.9955E-05 0.0239835 9.9955E-05 0.917283
0.0514581 0.0399435 9.9964E-05 0.00370611 9.9964E-05 9.9964E-05 9.9964E-05 0.00955808 0.894934
0.0172785 0.0456347 9.9964E-05 0.00445295 0.0100825 9.9964E-05 9.9964E-05 9.9964E-05 0.922151
9.99731E-05 0.0227571 0.0143038 9.99731E-05 0.00986749 9.99731E-05 0.031737 0.0313178 0.889717
9.99369E-05 9.99369E-05 9.99369E-05 9.99369E-05 9.99369E-05 9.99369E-05 0.0422995 9.99369E-05 0.957001
0.252411 0.246822 9.99552E-05 9.99552E-05 9.99552E-05 9.99552E-05 0.0374138 9.99552E-05 0.462853
0.0766163 0.405112 9.99552E-05 0.0663582 9.99552E-05 9.99552E-05 9.99552E-05 9.99552E-05 0.451414
0.0179915 9.9964E-05 0.00507912 9.9964E-05 0.0217754 9.9964E-05 9.9964E-05 0.0168882 0.937866
9.9973E-05 0.127948 0.0204621 0.102645 0.0829976 9.9973E-05 9.9973E-05 0.605848 0.059799
0.00882813 0.139406 0.0269726 0.0849258 0.0518722 9.9982E-05 9.9982E-05 0.621544 0.0662521
9.993E-05 9.993E-05 0.999201 9.993E-05 9.993E-05 9.993E-05 9.993E-05 9.993E-05 9.993E-05
9.993E-05 9.993E-05 0.999201 9.993E-05 9.993E-05 9.993E-05 9.993E-05 9.993E-05 9.993E-05
0.00406454 9.9955E-05 0.00155906 9.9955E-05 9.9955E-05 9.9955E-05 9.9955E-05 0.980575 0.0133018
9.9946E-05 0.0165267 9.9946E-05 0.0499288 9.9946E-05 9.9946E-05 9.9946E-05 0.932945 9.9946E-05
9.9955E-05 0.0201471 0.964558 9.9955E-05 9.9955E-05 9.9955E-05 0.0122162 0.0025784 9.9955E-05
9.99371E-05 9.99371E-05 0.987026 9.99371E-05 0.0122748 9.99371E-05 9.99371E-05 9.99371E-05 9.99371E-05
0.0023745 9.994E-05 9.994E-05 0.0402505 0.956775 9.994E-05 9.994E-05 9.994E-05 9.994E-05
9.9964E-05 0.104535 9.9964E-05 0.259917 0.0414501 0.0507712 9.9964E-05 0.542927 9.9964E-05
0.0908403 0.877364 9.99458E-05 9.99458E-05 0.0311965 9.99458E-05 9.99458E-05 9.99458E-05 9.99458E-05
9.99551E-05 9.99551E-05 9.99551E-05 0.187844 9.99551E-05 0.0327657 0.754138 0.0247534 9.99551E-05
9.99551E-05 9.99551E-05 0.0798476 0.248677 0.0926935 9.99551E-05 0.578282 9.99551E-05 9.99551E-05
0.148269 0.190923 0.0276431 9.99642E-05 9.99642E-05 0.0335297 9.99642E-05 9.99642E-05 0.599235
