9.996E-05 9.996E-05 9.996E-05 0.9995 9.996E-05 9.996E-05
9.9973E-05 9.9973E-05 9.9973E-05 0.446975 0.303159 0.249567
0.0401384 0.0132738 0.105274 9.99911E-05 0.801336 0.0398784
0.0397244 9.9964E-05 9.9964E-05 9.9964E-05 0.959876 9.9964E-05
9.99731E-05 9.99731E-05 9.99731E-05 0.300429 0.473266 0.226005
0.010719 0.00368414 9.9982E-05 0.0129917 0.972405 9.9982E-05
9.99731E-05 9.99731E-05 0.612581 9.99731E-05 0.000926357 0.386193
0.0557611 9.9982E-05 9.9982E-05 0.100468 0.424629 0.418942
9.9982E-05 9.9982E-05 0.520611 0.0237012 0.0226388 0.432849
0.0964379 9.99731E-05 9.99731E-05 0.791582 9.99731E-05 0.111681
0.0916296 9.9982E-05 0.0825207 0.724075 9.9982E-05 0.101575
0.106684 9.9982E-05 0.243778 0.602069 0.0472688 9.9982E-05
9.996E-05 9.996E-05 0.9995 9.996E-05 9.996E-05 9.996E-05
0.0151722 0.0253817 9.9973E-05 9.9973E-05 0.959146 9.9973E-05
9.9964E-05 9.9964E-05 9.9964E-05 0.0451601 0.95444 9.9964E-05
0.0048216 9.9991E-05 0.366052 0.545827 0.0204662 0.0627333
0.321446 0.105866 0.196389 0.366902 0.00929582 9.9991E-05
9.99729E-05 0.743635 9.99729E-05 0.17087 9.99729E-05 0.0851954
0.091907 0.907693 9.9964E-05 9.9964E-05 9.9964E-05 9.9964E-05
0.128704 9.9973E-05 0.0440365 0.82696 9.9973E-05 9.9973E-05
9.996E-05 0.9995 9.996E-05 9.996E-05 9.996E-05 9.996E-05
9.9964E-05 9.9964E-05 0.0555338 0.944066 9.9964E-05 9.9964E-05
0.380081 0.410569 9.9991E-05 0.150639 0.0171375 0.041473
0.0732726 0.926328 9.9964E-05 9.9964E-05 9.9964E-05 9.9964E-05
9.996E-05 9.996E-05 9.996E-05 9.996E-05 0.9995 9.996E-05
9.996E-05 9.996E-05 9.996E-05 9.996E-05 0.9995 9.996E-05
0.102467 9.99729E-05 0.7366 0.160633 9.99729E-05 9.99729E-05
9.9964E-05 9.9964E-05 9.9964E-05 9.9964E-05 0.925578 0.0740217
9.9964E-05 9.9964E-05 9.9964E-05 9.9964E-05 0.913484 0.0861162
0.0258566 0.0101493 0.00598651 9.9991E-05 0.684995 0.272913
0.0532723 9.9973E-05 9.9973E-05 9.9973E-05 0.668128 0.2783
9.99732E-05 9.99732E-05 9.99732E-05 0.331147 0.116041 0.552512
9.996E-05 9.996E-05 9.996E-05 9.996E-05 0.9995 9.996E-05
0.0192586 9.9973E-05 9.9973E-05 9.9973E-05 0.098445 0.881996
0.216496 9.99819E-05 0.541435 0.16418 0.0776899 9.99819E-05
0.00911744 9.9982E-05 0.00865041 0.005819 0.976213 9.9982E-05
9.99642E-05 9.99642E-05 9.99642E-05 0.943731 0.055869 9.99642E-05
9.9982E-05 0.0264907 9.9982E-05 0.818715 0.0102401 0.144354
0.364226 0.0764718 0.162057 0.256647 0.140498 9.9991E-05
0.0180436 0.0028325 9.9982E-05 0.881133 0.0977911 9.9982E-05
0.0189473 0.014724 9.99819E-05 0.884125 0.082004 9.99819E-05
0.0753665 0.0100444 9.9973E-05 0.914289 9.9973E-05 9.9973E-05
9.9973E-05 9.9973E-05 0.31565 0.63325 9.9973E-05 0.0507999
0.114825 9.9982E-05 0.0404579 0.82392 9.9982E-05 0.020597
0.192614 0.0916088 0.20363 0.489307 9.9991E-05 0.0227396
0.0680343 0.0435476 0.0643747 0.715836 0.0799689 0.0282381
0.108754 9.9991E-05 0.219486 0.480722 0.144061 0.0468765
9.99644E-05 0.0098295 9.99644E-05 0.989771 9.99644E-05 9.99644E-05
9.996E-05 9.996E-05 9.996E-05 9.996E-05 9.996E-05 0.9995
9.996E-05 9.996E-05 9.996E-05 9.996E-05 9.996E-05 0.9995
9.996E-05 9.996E-05 9.996E-05 9.996E-05 9.996E-05 0.9995
9.996E-05 9.996E-05 9.996E-05 9.996E-05 9.996E-05 0.9995
9.996E-05 9.996E-05 9.996E-05 9.996E-05 9.996E-05 0.9995
9.9991E-05 0.0120617 0.095806 0.0363005 0.18165 0.674082
0.0104835 9.9964E-05 9.9964E-05 9.9964E-05 9.9964E-05 0.989117
9.9964E-05 9.9964E-05 0.0861002 0.9135 9.9964E-05 9.9964E-05
9.9973E-05 9.9973E-05 9.9973E-05 0.337797 0.0872438 0.57466
9.996E-05 9.996E-05 9.996E-05 9.996E-05 0.9995 9.996E-05
0.0535391 9.9973E-05 0.911124 0.0350371 9.9973E-05 9.9973E-05
9.9973E-05 9.9973E-05 0.378408 0.563234 0.0580582 9.9973E-05
9.996E-05 9.996E-05 0.9995 9.996E-05 9.996E-05 9.996E-05
9.99639E-05 9.99639E-05 0.901096 0.0985038 9.99639E-05 9.99639E-05
0.0966619 9.99729E-05 0.887809 0.0152289 9.99729E-05 9.99729E-05
9.99731E-05 0.889894 9.99731E-05 0.10965 9.99731E-05 0.000155931
9.996E-05 9.996E-05 9.996E-05 9.996E-05 0.9995 9.996E-05
0.0601031 0.0767061 0.148439 0.328265 0.172528 0.213958
9.996E-05 9.996E-05 9.996E-05 9.996E-05 0.9995 9.996E-05
9.9973E-05 9.9973E-05 9.9973E-05 0.0117407 0.978041 0.00991889
9.9973E-05 9.9973E-05 0.000711236 9.9973E-05 0.910618 0.0883712
9.9973E-05 0.0130266 9.9973E-05 9.9973E-05 0.919223 0.0674506
0.0124188 9.9982E-05 9.9982E-05 0.0692288 0.910744 0.00740853
9.9982E-05 9.9982E-05 0.0036087 0.00455163 0.985259 0.00638023
9.99642E-05 9.99642E-05 9.99642E-05 9.99642E-05 0.492655 0.506945
9.99732E-05 9.99732E-05 0.159129 9.99732E-05 0.466215 0.374356
0.0170117 9.9973E-05 9.9973E-05 0.0189826 0.963706 9.9973E-05
0.0399078 9.9991E-05 0.150269 0.646719 0.0496905 0.113313
0.0433659 9.9991E-05 0.186793 0.603517 0.0360695 0.130155
0.9995 9.996E-05 9.996E-05 9.996E-05 9.996E-05 9.996E-05
0.9995 9.996E-05 9.996E-05 9.996E-05 9.996E-05 9.996E-05
0.0351557 9.9982E-05 0.0416528 0.860922 9.9982E-05 0.0620696
0.0173328 9.9982E-05 0.100164 0.83137 9.9982E-05 0.0509337
0.9995 9.996E-05 9.996E-05 9.996E-05 9.996E-05 9.996E-05
0.9995 9.996E-05 9.996E-05 9.996E-05 9.996E-05 9.996E-05
9.99641E-05 9.99641E-05 0.0469304 0.95267 9.99641E-05 9.99641E-05
9.9982E-05 0.0542208 0.30649 0.606025 9.9982E-05 0.033064
9.9973E-05 9.9973E-05 9.9973E-05 0.306735 0.0819107 0.611054
0.267805 0.122174 0.374113 0.19855 0.0372588 9.999E-05
0.28691 0.0928496 0.44847 0.171571 9.9982E-05 9.9982E-05
0.0506697 0.0374175 9.99821E-05 9.99821E-05 0.614172 0.297541
