9.99459E-05 0.00336003 9.99459E-05 9.99459E-05 0.0706136 9.99459E-05 0.925427 9.99459E-05 9.99459E-05
9.996E-05 0.0277174 9.996E-05 9.996E-05 0.00606815 0.111966 0.0956651 9.996E-05 0.758183
9.99733E-05 0.0632966 0.0198724 0.073079 0.0182099 0.811386 9.99733E-05 9.99733E-05 0.0138564
9.9937E-05 0.00961349 9.9937E-05 9.9937E-05 9.9937E-05 0.989687 9.9937E-05 9.9937E-05 9.9937E-05
0.0528953 9.99731E-05 9.99731E-05 9.99731E-05 0.176165 0.421614 0.0389422 0.0874617 0.222622
9.9946E-05 9.9946E-05 9.9946E-05 9.9946E-05 0.0127802 0.984808 0.00181186 9.9946E-05 9.9946E-05
0.98397 9.99462E-05 9.99462E-05 9.99462E-05 9.99462E-05 9.99462E-05 9.99462E-05 0.0020373 0.0133929
0.0157038 9.99641E-05 9.99641E-05 9.99641E-05 0.129656 0.3921 9.99641E-05 0.282101 0.180039
0.90877 9.99461E-05 9.99461E-05 9.99461E-05 9.99461E-05 9.99461E-05 9.99461E-05 0.041219 0.0494109
0.0232268 9.99372E-05 9.99372E-05 9.99372E-05 0.976074 9.99372E-05 9.99372E-05 9.99372E-05 9.99372E-05
0.0468635 9.99371E-05 9.99371E-05 9.99371E-05 0.952437 9.99371E-05 9.99371E-05 9.99371E-05 9.99371E-05
9.995E-05 0.14888 9.995E-05 0.166022 9.995E-05 0.0498488 0.634749 9.995E-05 9.995E-05
9.993E-05 9.993E-05 9.993E-05 0.999201 9.993E-05 9.993E-05 9.993E-05 9.993E-05 9.993E-05
9.9955E-05 0.00628647 0.00733906 9.9955E-05 9.9955E-05 0.950507 0.0353675 9.9955E-05 9.9955E-05
9.99459E-05 9.99459E-05 0.0128583 9.99459E-05 9.99459E-05 0.933746 0.0527957 9.99459E-05 9.99459E-05
0.494641 0.0176543 9.99639E-05 0.199782 0.164949 9.99639E-05 0.122574 9.99639E-05 9.99639E-05
9.99551E-05 0.321433 0.0449562 0.233867 0.399243 9.99551E-05 9.99551E-05 9.99551E-05 9.99551E-05
9.99639E-05 9.99639E-05 0.724474 9.99639E-05 0.145655 9.99639E-05 0.010598 0.0102962 0.108577
9.9937E-05 0.082792 0.916508 9.9937E-05 9.9937E-05 9.9937E-05 9.9937E-05 9.9937E-05 9.9937E-05
0.167378 0.0963031 9.99639E-05 0.0125841 0.575802 9.99639E-05 0.147533 9.99639E-05 9.99639E-05
9.993E-05 9.993E-05 0.999201 9.993E-05 9.993E-05 9.993E-05 9.993E-05 9.993E-05 9.993E-05
0.091338 0.0185397 9.9973E-05 0.1027 0.185488 9.9973E-05 0.596511 9.9973E-05 0.00512289
9.995E-05 0.295338 0.398467 9.995E-05 0.285433 0.0202619 9.995E-05 9.995E-05 9.995E-05
9.99459E-05 0.0785964 0.87619 9.99459E-05 0.044614 9.99459E-05 9.99459E-05 9.99459E-05 9.99459E-05
9.99371E-05 9.99371E-05 9.99371E-05 9.99371E-05 9.99371E-05 0.989531 9.99371E-05 0.0097695 9.99371E-05
9.993E-05 9.993E-05 9.993E-05 9.993E-05 9.993E-05 0.999201 9.993E-05 9.993E-05 9.993E-05
9.99549E-05 0.0461854 9.99549E-05 0.834475 0.0980486 9.99549E-05 0.0207914 9.99549E-05 9.99549E-05
0.00779901 9.9955E-05 9.9955E-05 0.00912127 9.9955E-05 0.946357 9.9955E-05 0.0362234 9.9955E-05
0.02064 9.9946E-05 9.9946E-05 9.9946E-05 9.9946E-05 0.913536 9.9946E-05 0.0652244 9.9946E-05
9.997E-05 0.0143027 0.0220514 0.0114383 9.997E-05 0.723194 9.997E-05 0.221171 0.00754233
9.99641E-05 0.0154036 9.99641E-05 9.99641E-05 0.0675071 0.679479 9.99641E-05 0.192718 0.0444931
9.993E-05 9.993E-05 9.993E-05 9.993E-05 9.993E-05 9.993E-05 9.993E-05 9.993E-05 0.999201
0.00329913 9.99371E-05 9.99371E-05 9.99371E-05 9.99371E-05 0.996001 9.99371E-05 9.99371E-05 9.99371E-05
0.0149854 9.99641E-05 9.99641E-05 9.99641E-05 9.99641E-05 0.100843 0.016059 0.856208 0.0115047
9.99729E-05 0.165153 9.99729E-05 0.618282 0.0914175 0.046033 0.0778791 0.000935411 9.99729E-05
0.00813177 9.99459E-05 9.99459E-05 0.0280396 9.99459E-05 0.963229 9.99459E-05 9.99459E-05 9.99459E-05
9.99371E-05 9.99371E-05 9.99371E-05 9.99371E-05 9.99371E-05 0.00845955 0.990841 9.99371E-05 9.99371E-05
9.995E-05 9.995E-05 9.995E-05 9.995E-05 0.710667 0.0230482 0.0763582 9.995E-05 0.189427
9.997E-05 0.378499 0.0313354 0.21291 0.224528 0.145897 0.00652993 9.997E-05 9.997E-05
0.0348644 0.00848597 9.99639E-05 9.99639E-05 0.469919 0.106926 0.379405 9.99639E-05 9.99639E-05
0.0322 0.0358243 9.99729E-05 9.99729E-05 0.493925 0.0428686 0.358393 9.99729E-05 0.0364896
9.99459E-05 9.99459E-05 9.99459E-05 0.0135015 0.930354 9.99459E-05 0.0555447 9.99459E-05 9.99459E-05
0.679309 9.99639E-05 0.00867176 0.0153535 0.116355 9.99639E-05 0.179911 9.99639E-05 9.99639E-05
9.9964E-05 0.0272392 9.9964E-05 0.0532665 0.881583 9.9964E-05 0.0183979 0.0191132 9.9964E-05
9.9973E-05 0.0904088 0.106486 0.173921 0.49294 9.9973E-05 0.059496 9.9973E-05 0.0764482
0.0604584 0.0295511 0.0082235 0.0643077 0.591554 0.069736 0.175969 9.9982E-05 9.9982E-05
9.997E-05 0.0986082 9.997E-05 0.248835 0.275109 0.0950435 0.197962 0.0841432 9.997E-05
9.99374E-05 9.99374E-05 0.0107545 9.99374E-05 9.99374E-05 9.99374E-05 0.988546 9.99374E-05 9.99374E-05
9.993E-05 9.993E-05 9.993E-05 9.993E-05 9.993E-05 9.993E-05 9.993E-05 0.999201 9.993E-05
9.993E-05 9.993E-05 9.993E-05 9.993E-05 9.993E-05 9.993E-05 9.993E-05 0.999201 9.993E-05
9.9937E-05 9.9937E-05 9.9937E-05 9.9937E-05 0.0360336 9.9937E-05 9.9937E-05 0.963267 9.9937E-05
9.993E-05 9.993E-05 9.993E-05 9.993E-05 9.993E-05 9.993E-05 9.993E-05 0.999201 9.993E-05
9.993E-05 9.993E-05 9.993E-05 9.993E-05 9.993E-05 9.993E-05 9.993E-05 0.999201 9.993E-05
0.0560535 9.99731E-05 0.0646203 9.99731E-05 0.0419086 0.190569 9.99731E-05 0.541422 0.105127
9.99459E-05 9.99459E-05 9.99459E-05 9.99459E-05 9.99459E-05 9.99459E-05 0.000798173 0.929037 0.0695652
0.111848 9.99458E-05 9.99458E-05 0.0324726 9.99458E-05 9.99458E-05 0.85508 9.99458E-05 9.99458E-05
0.0334919 9.99459E-05 9.99459E-05 9.99459E-05 9.99459E-05 9.99459E-05 9.99459E-05 0.0278684 0.93804
9.99369E-05 9.99369E-05 9.99369E-05 9.99369E-05 9.99369E-05 0.982474 0.0168262 9.99369E-05 9.99369E-05
0.0903039 9.9946E-05 9.9946E-05 0.841716 9.9946E-05 9.9946E-05 0.0673806 9.9946E-05 9.9946E-05
0.646034 0.0399099 9.99549E-05 0.101421 9.99549E-05 9.99549E-05 0.212135 9.99549E-05 9.99549E-05
0.00905126 9.99372E-05 9.99372E-05 0.990249 9.99372E-05 9.99372E-05 9.99372E-05 9.99372E-05 9.99372E-05
9.99369E-05 9.99369E-05 9.99369E-05 0.894116 0.105184 9.99369E-05 9.99369E-05 9.99369E-05 9.99369E-05
9.99459E-05 0.049754 9.99459E-05 0.915082 0.0345639 9.99459E-05 9.99459E-05 9.99459E-05 9.99459E-05
9.99372E-05 9.99372E-05 0.882521 9.99372E-05 9.99372E-05 9.99372E-05 0.116779 9.99372E-05 9.99372E-05
0.0109661 0.016065 9.99462E-05 9.99462E-05 9.99462E-05 0.972369 9.99462E-05 9.99462E-05 9.99462E-05
0.119811 0.110193 0.00244584 0.136231 0.0488034 0.337155 0.216324 0.0289371 9.9991E-05
0.0394865 9.99372E-05 9.99372E-05 9.99372E-05 9.99372E-05 0.959814 9.99372E-05 9.99372E-05 9.99372E-05
9.9946E-05 9.9946E-05 9.9946E-05 9.9946E-05 9.9946E-05 0.96599 0.0268552 0.00655546 9.9946E-05
0.0860079 9.99459E-05 9.99459E-05 9.99459E-05 9.99459E-05 0.893541 9.99459E-05 0.0198518 9.99459E-05
0.0635997 9.9955E-05 0.00389891 9.9955E-05 9.9955E-05 0.923974 9.9955E-05 0.00802774 9.9955E-05
9.99371E-05 9.99371E-05 9.99371E-05 9.99371E-05 0.0718747 0.927426 9.99371E-05 9.99371E-05 9.99371E-05
9.99459E-05 0.0127857 9.99459E-05 9.99459E-05 9.99459E-05 0.979042 0.00757296 9.99459E-05 9.99459E-05
0.0557783 9.99553E-05 9.99553E-05 9.99553E-05 9.99553E-05 0.562958 9.99553E-05 0.323285 0.0574789
0.207473 9.99643E-05 9.99643E-05 0.0748679 9.99643E-05 0.530465 9.99643E-05 0.182206 0.00458855
9.99551E-05 9.99551E-05 9.99551E-05 9.99551E-05 0.0119462 0.961391 0.0147097 0.0114532 9.99551E-05
0.692665 0.0772923 9.99548E-05 9.99548E-05 0.0812515 9.99548E-05 0.148292 9.99548E-05 9.99548E-05
0.776268 0.07492 9.99548E-05 9.99548E-05 0.0522711 9.99548E-05 0.0960412 9.99548E-05 9.99548E-05
9.993E-05 0.999201 9.993E-05 9.993E-05 9.993E-05 9.993E-05 9.993E-05 9.993E-05 9.993E-05
9.993E-05 0.999201 9.993E-05 9.993E-05 9.993E-05 9.993E-05 9.993E-05 9.993E-05 9.993E-05
0.0136942 9.99639E-05 9.99639E-05 0.0157741 0.84528 9.99639E-05 0.0658511 9.99639E-05 0.0590005
0.101744 9.996E-05 9.996E-05 0.018866 0.803042 9.996E-05 0.0580622 9.996E-05 0.0178859
9.9937E-05 0.996278 9.9937E-05 9.9937E-05 9.9937E-05 9.9937E-05 9.9937E-05 0.00302218 9.9937E-05
9.993E-05 0.999201 9.993E-05 9.993E-05 9.993E-05 9.993E-05 9.993E-05 9.993E-05 9.993E-05
9.994E-05 9.994E-05 9.994E-05 0.0471202 9.994E-05 9.994E-05 0.930684 0.0215962 9.994E-05
0.374942 9.997E-05 0.0597585 0.144548 0.26384 9.997E-05 0.136986 9.997E-05 0.0196252
0.0489902 9.9946E-05 9.9946E-05 9.9946E-05 9.9946E-05 9.9946E-05 9.9946E-05 0.0429398 0.90747
9.997E-05 0.233961 0.0748105 0.313003 0.330369 0.0360485 0.0115078 9.997E-05 9.997E-05
9.99552E-05 0.247308 0.0913817 0.452501 9.99552E-05 9.99552E-05 0.20831 9.99552E-05 9.99552E-05
0.020951 0.0186375 0.0636093 0.00210922 0.00334843 0.586741 9.9991E-05 0.208859 0.0956448
