9.99459E-05 0.955794 9.99459E-05 9.99459E-05 0.0169138 9.99459E-05 9.99459E-05 9.99459E-05 0.026693
9.99638E-05 0.153697 9.99638E-05 0.00107199 0.0516092 0.595017 0.198205 9.99638E-05 9.99638E-05
0.0467495 9.99732E-05 0.0254038 9.99732E-05 0.100976 0.0163583 0.779911 0.0303013 9.99732E-05
9.9946E-05 9.9946E-05 0.0262806 9.9946E-05 0.0194112 9.9946E-05 0.953709 9.9946E-05 9.9946E-05
9.996E-05 0.069288 0.019304 9.996E-05 9.996E-05 0.372436 0.404993 9.996E-05 0.13358
9.9937E-05 0.0127789 9.9937E-05 9.9937E-05 9.9937E-05 9.9937E-05 0.986522 9.9937E-05 9.9937E-05
0.245718 9.9946E-05 9.9946E-05 0.0737614 9.9946E-05 0.67992 9.9946E-05 9.9946E-05 9.9946E-05
9.996E-05 9.996E-05 0.120996 9.996E-05 0.0125481 0.395395 0.429052 9.996E-05 0.0416099
0.140767 9.99459E-05 9.99459E-05 0.127962 9.99459E-05 0.730671 9.99459E-05 9.99459E-05 9.99459E-05
9.99371E-05 9.99371E-05 9.99371E-05 9.99371E-05 9.99371E-05 0.0332771 9.99371E-05 9.99371E-05 0.966023
9.993E-05 9.993E-05 9.993E-05 9.993E-05 9.993E-05 9.993E-05 9.993E-05 9.993E-05 0.999201
0.182852 0.665129 9.9964E-05 0.00995914 0.12086 9.9964E-05 0.0207999 9.9964E-05 9.9964E-05
0.999201 9.993E-05 9.993E-05 9.993E-05 9.993E-05 9.993E-05 9.993E-05 9.993E-05 9.993E-05
9.9955E-05 0.0177065 9.9955E-05 9.9955E-05 0.0166401 9.9955E-05 0.961906 0.00324745 9.9955E-05
9.9946E-05 0.0503055 9.9946E-05 9.9946E-05 9.9946E-05 9.9946E-05 0.945117 0.00397754 9.9946E-05
0.176045 9.9955E-05 0.00457631 0.813327 9.9955E-05 9.9955E-05 9.9955E-05 9.9955E-05 0.00555169
0.181613 9.9964E-05 9.9964E-05 0.127398 0.289928 9.9964E-05 9.9964E-05 0.0584108 0.34225
9.997E-05 0.0322814 0.0313719 0.0782577 9.997E-05 0.0531464 9.997E-05 0.729111 0.075532
9.9937E-05 9.9937E-05 9.9937E-05 9.9937E-05 0.0922314 9.9937E-05 9.9937E-05 0.907069 9.9937E-05
9.99549E-05 0.106704 9.99549E-05 0.362254 0.0595551 9.99549E-05 9.99549E-05 9.99549E-05 0.470987
9.9937E-05 9.9937E-05 9.9937E-05 9.9937E-05 9.9937E-05 0.00208548 9.9937E-05 0.997215 9.9937E-05
0.0343169 0.490911 9.9964E-05 0.372798 0.0167056 9.9964E-05 9.9964E-05 9.9964E-05 0.0848681
9.99551E-05 9.99551E-05 9.99551E-05 9.99551E-05 0.317 9.99551E-05 0.0249729 0.395814 0.261713
9.99459E-05 9.99459E-05 9.99459E-05 9.99459E-05 0.0774157 9.99459E-05 9.99459E-05 0.890288 0.0316965
9.99371E-05 9.99371E-05 0.00512572 9.99371E-05 9.99371E-05 9.99371E-05 0.994175 9.99371E-05 9.99371E-05
9.993E-05 9.993E-05 9.993E-05 9.993E-05 9.993E-05 9.993E-05 0.999201 9.993E-05 9.993E-05
0.770261 0.0738389 0.0014599 0.0242873 0.0311911 9.997E-05 9.997E-05 9.997E-05 0.098662
0.00421793 9.9946E-05 0.0794404 9.9946E-05 9.9946E-05 9.9946E-05 0.915742 9.9946E-05 9.9946E-05
0.0195816 9.9964E-05 0.0637672 0.00637878 9.9964E-05 0.00260016 0.907272 9.9964E-05 9.9964E-05
0.0165418 9.99731E-05 0.207987 9.99731E-05 0.00757559 0.055813 0.696995 0.0147871 9.99731E-05
9.9955E-05 9.9955E-05 0.163704 9.9955E-05 0.0399683 0.153657 0.642171 9.9955E-05 9.9955E-05
9.9955E-05 0.0422952 0.0628295 9.9955E-05 0.0172174 0.877158 9.9955E-05 9.9955E-05 9.9955E-05
9.993E-05 9.993E-05 9.993E-05 0.0137867 9.993E-05 9.993E-05 0.985514 9.993E-05 9.993E-05
9.99461E-05 9.99461E-05 0.748873 9.99461E-05 9.99461E-05 0.132549 0.117978 9.99461E-05 9.99461E-05
0.585878 0.051362 0.024615 9.99729E-05 0.21087 9.99729E-05 0.0348765 9.99729E-05 0.0920978
0.000553094 0.033038 9.99729E-05 0.0157747 0.0169387 0.0174954 0.9159 9.99729E-05 9.99729E-05
9.99371E-05 0.982492 9.99371E-05 9.99371E-05 9.99371E-05 9.99371E-05 0.0168085 9.99371E-05 9.99371E-05
9.996E-05 0.0942727 0.0163446 9.996E-05 9.996E-05 0.173342 0.0138849 9.996E-05 0.701756
0.175156 9.9973E-05 9.9973E-05 0.0875693 0.361017 9.9973E-05 0.133128 0.0491592 0.19367
9.9973E-05 0.208823 9.9973E-05 0.402825 0.0051951 9.9973E-05 0.0985002 0.00591362 0.278443
9.99729E-05 0.203383 9.99729E-05 0.366359 0.00485968 9.99729E-05 0.0536927 0.0227232 0.348683
9.99459E-05 0.0563404 9.99459E-05 0.0382925 9.99459E-05 9.99459E-05 9.99459E-05 9.99459E-05 0.904767
0.0486414 0.0150411 9.9964E-05 0.922463 9.9964E-05 0.0105887 9.9964E-05 0.00286628 9.9964E-05
0.00692333 0.0672731 0.00624785 9.9964E-05 0.00141598 9.9964E-05 9.9964E-05 9.9964E-05 0.91774
0.148321 0.06662 9.9973E-05 0.0742144 0.133019 9.9973E-05 9.9973E-05 0.0954597 0.482066
0.0469963 0.131648 0.0181893 0.123545 0.0102244 9.9991E-05 0.0819934 0.0270694 0.560234
0.244716 0.233443 0.0255125 9.9973E-05 0.0579943 9.9973E-05 0.122002 9.9973E-05 0.316032
9.99374E-05 0.973096 9.99374E-05 9.99374E-05 9.99374E-05 9.99374E-05 9.99374E-05 0.0262044 9.99374E-05
9.9937E-05 9.9937E-05 0.996605 0.00269564 9.9937E-05 9.9937E-05 9.9937E-05 9.9937E-05 9.9937E-05
9.9937E-05 9.9937E-05 0.992725 0.00657498 9.9937E-05 9.9937E-05 9.9937E-05 9.9937E-05 9.9937E-05
9.993E-05 9.993E-05 0.999201 9.993E-05 9.993E-05 9.993E-05 9.993E-05 9.993E-05 9.993E-05
9.993E-05 9.993E-05 0.999201 9.993E-05 9.993E-05 9.993E-05 9.993E-05 9.993E-05 9.993E-05
9.993E-05 9.993E-05 0.999201 9.993E-05 9.993E-05 9.993E-05 9.993E-05 9.993E-05 9.993E-05
0.027815 9.99821E-05 0.478048 0.0662072 9.99821E-05 0.188787 0.202427 0.0289484 0.00756805
9.9955E-05 0.0256548 0.904773 9.9955E-05 0.0209252 0.0481471 9.9955E-05 9.9955E-05 9.9955E-05
0.0172377 0.846358 9.99459E-05 0.135804 9.99459E-05 9.99459E-05 9.99459E-05 9.99459E-05 9.99459E-05
9.995E-05 0.0977636 0.11433 9.995E-05 0.0315302 0.755876 9.995E-05 9.995E-05 9.995E-05
9.99369E-05 9.99369E-05 9.99369E-05 9.99369E-05 9.99369E-05 9.99369E-05 0.998319 9.99369E-05 0.000981473
0.810579 0.0534274 9.9955E-05 0.109545 0.0259488 9.9955E-05 9.9955E-05 9.9955E-05 9.9955E-05
0.117557 9.99371E-05 9.99371E-05 0.881743 9.99371E-05 9.99371E-05 9.99371E-05 9.99371E-05 9.99371E-05
0.991522 9.99371E-05 9.99371E-05 9.99371E-05 9.99371E-05 0.00777852 9.99371E-05 9.99371E-05 9.99371E-05
0.891768 0.0163006 9.99549E-05 9.99549E-05 9.99549E-05 9.99549E-05 0.012628 9.99549E-05 0.0788039
0.8545 9.99549E-05 9.99549E-05 9.99549E-05 0.0576615 9.99549E-05 9.99549E-05 0.00161706 0.0857219
9.99462E-05 0.073868 9.99462E-05 9.99462E-05 9.99462E-05 9.99462E-05 9.99462E-05 0.913405 0.0121272
9.99373E-05 9.99373E-05 9.99373E-05 9.99373E-05 0.00965046 9.99373E-05 0.98965 9.99373E-05 9.99373E-05
0.084704 9.9991E-05 0.0714717 0.139599 0.0361088 0.117114 0.317306 0.0441121 0.189484
9.99372E-05 9.99372E-05 9.99372E-05 0.0524495 9.99372E-05 9.99372E-05 0.946851 9.99372E-05 9.99372E-05
9.9946E-05 0.0496908 0.0205487 9.9946E-05 9.9946E-05 9.9946E-05 0.929161 9.9946E-05 9.9946E-05
9.9955E-05 9.9955E-05 0.0531402 0.0565436 9.9955E-05 0.00519666 0.88462 9.9955E-05 9.9955E-05
9.9955E-05 9.9955E-05 0.0356447 0.0386304 9.9955E-05 9.9955E-05 0.918384 0.00684156 9.9955E-05
9.99641E-05 0.00476408 9.99641E-05 9.99641E-05 0.00631166 0.120276 0.801321 9.99641E-05 0.0669276
9.993E-05 9.993E-05 9.993E-05 9.993E-05 9.993E-05 9.993E-05 0.999201 9.993E-05 9.993E-05
9.99462E-05 9.99462E-05 0.162589 9.99462E-05 9.99462E-05 0.360476 0.476335 9.99462E-05 9.99462E-05
0.055563 9.99552E-05 0.0368229 9.99552E-05 9.99552E-05 0.432065 0.47505 9.99552E-05 9.99552E-05
9.99551E-05 9.99551E-05 0.0393684 0.0266085 9.99551E-05 9.99551E-05 0.933352 0.000171213 9.99551E-05
9.99459E-05 9.99459E-05 0.0262889 0.964974 9.99459E-05 0.00813748 9.99459E-05 9.99459E-05 9.99459E-05
9.9937E-05 9.9937E-05 0.0122103 0.98709 9.9937E-05 9.9937E-05 9.9937E-05 9.9937E-05 9.9937E-05
9.993E-05 9.993E-05 9.993E-05 9.993E-05 0.999201 9.993E-05 9.993E-05 9.993E-05 9.993E-05
9.993E-05 9.993E-05 9.993E-05 9.993E-05 0.999201 9.993E-05 9.993E-05 9.993E-05 9.993E-05
9.99549E-05 0.0374497 9.99549E-05 0.0980503 9.99549E-05 0.0512798 9.99549E-05 9.99549E-05 0.81272
0.0373359 0.0517845 9.996E-05 0.124341 9.996E-05 0.0355236 9.996E-05 9.996E-05 0.750615
9.9946E-05 9.9946E-05 9.9946E-05 9.9946E-05 0.972515 0.0208606 9.9946E-05 9.9946E-05 0.00602495
9.993E-05 9.993E-05 9.993E-05 9.993E-05 0.999201 9.993E-05 9.993E-05 9.993E-05 9.993E-05
0.0469798 0.931392 0.021029 9.99459E-05 9.99459E-05 9.99459E-05 9.99459E-05 9.99459E-05 9.99459E-05
0.173664 9.9964E-05 9.9964E-05 0.602843 9.9964E-05 0.0416675 9.9964E-05 0.0867244 0.0947014
9.99458E-05 0.0654395 0.0970328 9.99458E-05 9.99458E-05 0.836928 9.99458E-05 9.99458E-05 9.99458E-05
0.391109 9.99641E-05 9.99641E-05 9.99641E-05 0.231257 9.99641E-05 0.043642 0.0888061 0.244786
0.467713 0.165098 9.99551E-05 9.99551E-05 0.281336 9.99551E-05 9.99551E-05 0.0853535 9.99551E-05
9.99552E-05 9.99552E-05 0.17307 9.99552E-05 9.99552E-05 0.212264 0.561023 0.0531426 9.99552E-05
