0.9994 9.995E-05 9.995E-05 9.995E-05 9.995E-05 9.995E-05 9.995E-05
0.265632 9.99639E-05 9.99639E-05 0.309617 9.99639E-05 0.424351 9.99639E-05
9.99822E-05 0.0277451 0.0487404 0.799044 9.99822E-05 0.0881155 0.0361554
9.9964E-05 9.9964E-05 0.04873 0.944284 0.00658652 9.9964E-05 9.9964E-05
0.176383 9.99731E-05 9.99731E-05 0.384224 0.0930399 0.346053 9.99731E-05
0.0113493 9.9955E-05 9.9955E-05 0.988151 9.9955E-05 9.9955E-05 9.9955E-05
9.99549E-05 9.99549E-05 9.99549E-05 9.99549E-05 9.99549E-05 0.876201 0.123299
9.9973E-05 9.9973E-05 0.00488877 0.395137 0.239448 0.360226 9.9973E-05
9.99549E-05 9.99549E-05 9.99549E-05 9.99549E-05 9.99549E-05 0.908102 0.0913981
0.527836 9.9964E-05 0.120101 9.9964E-05 9.9964E-05 0.351663 9.9964E-05
0.491748 9.9973E-05 0.128117 9.9973E-05 9.9973E-05 0.349738 0.0300978
0.672138 9.9973E-05 0.120696 0.0472447 9.9973E-05 9.9973E-05 0.159622
9.99641E-05 9.99641E-05 9.99641E-05 0.0240165 9.99641E-05 0.0109704 0.964613
9.9964E-05 0.0368937 0.017383 0.945323 9.9964E-05 9.9964E-05 9.9964E-05
0.0450468 0.0119924 9.9964E-05 0.942561 9.9964E-05 9.9964E-05 9.9964E-05
0.452905 9.99639E-05 9.99639E-05 9.99639E-05 9.99639E-05 0.206779 0.339916
0.345909 0.0745624 0.35739 9.9982E-05 0.0105681 9.9982E-05 0.211371
0.112037 0.735447 9.99729E-05 9.99729E-05 0.0468555 0.105361 9.99729E-05
9.9955E-05 0.907374 0.0921262 9.9955E-05 9.9955E-05 9.9955E-05 9.9955E-05
0.772641 9.9982E-05 0.109692 9.9982E-05 0.00560644 0.0287211 0.0831392
9.995E-05 0.9994 9.995E-05 9.995E-05 9.995E-05 9.995E-05 9.995E-05
0.85656 9.9982E-05 0.0127814 9.9982E-05 0.0271881 0.00385663 0.0994141
0.0846828 0.438017 0.387095 9.9982E-05 0.0225467 0.0674579 9.9982E-05
9.9955E-05 0.897244 0.102256 9.9955E-05 9.9955E-05 9.9955E-05 9.9955E-05
9.99641E-05 9.99641E-05 9.99641E-05 0.981612 0.0141171 0.00387144 9.99641E-05
9.995E-05 9.995E-05 9.995E-05 0.9994 9.995E-05 9.995E-05 9.995E-05
0.139607 9.99729E-05 0.0687232 9.99729E-05 0.00656645 9.99729E-05 0.784804
9.9964E-05 9.9964E-05 9.9964E-05 0.919386 0.0549566 0.0252578 9.9964E-05
9.9973E-05 9.9973E-05 9.9973E-05 0.892445 0.0679881 0.0386459 0.000620628
9.99821E-05 0.019236 0.012593 0.668911 0.26136 9.99821E-05 0.0376999
9.9973E-05 9.9973E-05 0.018824 0.687292 0.206216 0.0873681 9.9973E-05
0.0509099 9.99731E-05 9.99731E-05 0.0591062 0.221897 0.667787 9.99731E-05
9.99551E-05 9.99551E-05 9.99551E-05 0.979786 9.99551E-05 0.019714 9.99551E-05
9.99731E-05 9.99731E-05 0.00410716 0.0727273 0.852492 0.0703733 9.99731E-05
0.150555 9.99729E-05 0.204838 0.0544636 9.99729E-05 9.99729E-05 0.589843
9.99549E-05 9.99549E-05 9.99549E-05 0.954697 9.99549E-05 0.0448028 9.99549E-05
0.957613 9.99552E-05 9.99552E-05 0.0418874 9.99552E-05 9.99552E-05 9.99552E-05
0.664306 0.0414478 0.0216104 0.0262202 0.0232034 0.223113 9.9991E-05
0.211776 0.0628678 0.389932 0.143233 9.9982E-05 9.9982E-05 0.191992
0.850689 0.0166558 0.0103951 0.12196 9.99729E-05 9.99729E-05 9.99729E-05
0.862974 0.0190676 0.0120306 0.105628 9.99729E-05 9.99729E-05 9.99729E-05
0.82477 0.0196995 0.0934736 9.9982E-05 9.9982E-05 0.00591626 0.055941
0.454967 9.99639E-05 9.99639E-05 9.99639E-05 9.99639E-05 0.355992 0.188641
0.738202 9.9982E-05 0.106079 9.9982E-05 0.0507783 0.0104053 0.094336
0.479324 0.107085 0.157545 9.9991E-05 0.0343476 0.00998262 0.211616
0.684434 0.0495802 0.060832 0.0336003 0.0162655 0.110231 0.045057
0.529561 9.9982E-05 0.107158 0.0819708 0.0663512 9.9982E-05 0.21476
0.990552 0.00894822 9.99555E-05 9.99555E-05 9.99555E-05 9.99555E-05 9.99555E-05
9.995E-05 9.995E-05 9.995E-05 9.995E-05 0.9994 9.995E-05 9.995E-05
9.995E-05 9.995E-05 9.995E-05 9.995E-05 0.9994 9.995E-05 9.995E-05
9.9955E-05 9.9955E-05 9.9955E-05 9.9955E-05 0.986949 9.9955E-05 0.0125513
9.995E-05 9.995E-05 9.995E-05 9.995E-05 0.9994 9.995E-05 9.995E-05
9.995E-05 9.995E-05 9.995E-05 9.995E-05 0.9994 9.995E-05 9.995E-05
9.9991E-05 0.0533667 0.0192351 0.182553 0.505211 0.221059 0.0184752
0.035868 9.9955E-05 9.9955E-05 9.9955E-05 0.963632 9.9955E-05 9.9955E-05
0.97023 9.9955E-05 9.9955E-05 9.9955E-05 9.9955E-05 9.9955E-05 0.0292703
0.0603852 9.99819E-05 0.0192579 0.0619046 0.172251 0.686001 9.99819E-05
9.995E-05 9.995E-05 9.995E-05 0.9994 9.995E-05 9.995E-05 9.995E-05
0.0672619 9.9973E-05 0.0128831 9.9973E-05 0.034771 9.9973E-05 0.884784
0.409723 9.9982E-05 0.0239235 0.0168445 9.9982E-05 0.231681 0.317628
9.995E-05 9.995E-05 9.995E-05 9.995E-05 9.995E-05 9.995E-05 0.9994
0.0585961 9.9955E-05 9.9955E-05 9.9955E-05 9.9955E-05 9.9955E-05 0.940904
0.0303826 9.99639E-05 0.0575904 9.99639E-05 9.99639E-05 9.99639E-05 0.911627
0.10393 0.887715 9.99641E-05 9.99641E-05 0.00795472 9.99641E-05 9.99641E-05
9.995E-05 9.995E-05 9.995E-05 0.9994 9.995E-05 9.995E-05 9.995E-05
0.398814 0.0561283 0.0440773 0.358522 0.00689743 0.0550881 0.0804726
0.0113942 9.99731E-05 9.99731E-05 0.956341 9.99731E-05 0.000908792 0.0310562
0.0286635 9.9964E-05 9.9964E-05 0.940372 0.0305643 9.9964E-05 9.9964E-05
9.9964E-05 9.9964E-05 9.9964E-05 0.869262 0.0399093 0.0904286 9.9964E-05
9.9973E-05 0.00692679 9.9973E-05 0.919029 0.0249908 0.0487537 9.9973E-05
0.0559599 9.9964E-05 9.9964E-05 0.880947 9.9964E-05 0.0626929 9.9964E-05
9.995E-05 9.995E-05 9.995E-05 0.9994 9.995E-05 9.995E-05 9.995E-05
9.99641E-05 9.99641E-05 9.99641E-05 0.461598 0.242868 0.295134 9.99641E-05
9.99642E-05 9.99642E-05 9.99642E-05 0.475362 0.0777988 0.446439 9.99642E-05
0.0534817 9.9964E-05 9.9964E-05 0.94172 0.00439826 9.9964E-05 9.9964E-05
0.434144 9.99819E-05 0.0811248 9.99819E-05 0.000319375 0.426631 0.0575809
0.402056 9.99819E-05 0.075504 9.99819E-05 0.0141034 0.390943 0.117194
9.995E-05 9.995E-05 0.9994 9.995E-05 9.995E-05 9.995E-05 9.995E-05
9.995E-05 9.995E-05 0.9994 9.995E-05 9.995E-05 9.995E-05 9.995E-05
0.660195 0.00509357 0.0562075 9.99819E-05 9.99819E-05 0.17898 0.0993243
0.632563 0.0233988 0.0613909 9.99819E-05 9.99819E-05 0.215497 0.0669505
9.995E-05 9.995E-05 0.9994 9.995E-05 9.995E-05 9.995E-05 9.995E-05
9.995E-05 9.995E-05 0.9994 9.995E-05 9.995E-05 9.995E-05 9.995E-05
0.99493 9.99551E-05 9.99551E-05 9.99551E-05 9.99551E-05 9.99551E-05 0.00457052
0.48598 0.0620507 9.99729E-05 9.99729E-05 9.99729E-05 0.246631 0.205039
0.0357156 9.99729E-05 9.99729E-05 0.047029 0.236437 0.680518 9.99729E-05
0.225322 0.117695 0.224179 0.0788202 9.99821E-05 9.99821E-05 0.353784
0.224594 0.0730338 0.270704 0.00490109 9.99821E-05 9.99821E-05 0.426567
9.99821E-05 0.0243339 0.0430609 0.517637 0.196483 0.218285 9.99821E-05
