0.899413 9.98828E-05 9.98828E-05 9.98828E-05 9.98828E-05 0.0246473 0.0673593 9.98828E-05 9.98828E-05 9.98828E-05 9.98828E-05 9.98828E-05 9.98828E-05 9.98828E-05 9.98828E-05 0.00728218 9.98828E-05
9.98919E-05 9.98919E-05 9.98919E-05 9.98919E-05 0.156052 9.98919E-05 9.98919E-05 9.98919E-05 0.620486 9.98919E-05 0.0795285 0.0895173 9.98919E-05 9.98919E-05 9.98919E-05 9.98919E-05 0.0532172
9.9856E-05 9.9856E-05 0.998402 9.9856E-05 9.9856E-05 9.9856E-05 9.9856E-05 9.9856E-05 9.9856E-05 9.9856E-05 9.9856E-05 9.9856E-05 9.9856E-05 9.9856E-05 9.9856E-05 9.9856E-05 9.9856E-05
9.98921E-05 9.98921E-05 0.0229152 9.98921E-05 9.98921E-05 9.98921E-05 0.0188958 0.0280872 9.98921E-05 9.98921E-05 0.885546 9.98921E-05 9.98921E-05 9.98921E-05 9.98921E-05 0.0433575 9.98921E-05
9.98562E-05 9.98562E-05 9.98562E-05 9.98562E-05 9.98562E-05 9.98562E-05 9.98562E-05 9.98562E-05 9.98562E-05 9.98562E-05 9.98562E-05 0.998402 9.98562E-05 9.98562E-05 9.98562E-05 9.98562E-05 9.98562E-05
9.98831E-05 9.98831E-05 9.98831E-05 0.00643857 0.0347862 9.98831E-05 9.98831E-05 9.98831E-05 9.98831E-05 9.98831E-05 0.929182 0.0282947 9.98831E-05 9.98831E-05 9.98831E-05 9.98831E-05 9.98831E-05
9.98563E-05 9.98563E-05 9.98563E-05 9.98563E-05 9.98563E-05 9.98563E-05 9.98563E-05 9.98563E-05 9.98563E-05 9.98563E-05 9.98563E-05 9.98563E-05 9.98563E-05 9.98563E-05 0.998402 9.98563E-05 9.98563E-05
9.99099E-05 0.614967 9.99099E-05 9.99099E-05 9.99099E-05 9.99099E-05 0.069027 0.0618406 0.140304 9.99099E-05 0.0455364 0.0482696 9.99099E-05 9.99099E-05 9.99099E-05 0.0190561 9.99099E-05
9.98741E-05 9.98741E-05 9.98741E-05 9.98741E-05 9.98741E-05 9.98741E-05 9.98741E-05 9.98741E-05 0.033272 9.98741E-05 0.00423466 9.98741E-05 9.98741E-05 9.98741E-05 0.961095 9.98741E-05 9.98741E-05
9.98741E-05 9.98741E-05 9.98741E-05 9.98741E-05 9.98741E-05 9.98741E-05 0.862163 9.98741E-05 9.98741E-05 9.98741E-05 9.98741E-05 0.0177454 9.98741E-05 9.98741E-05 0.118693 9.98741E-05 9.98741E-05
9.98742E-05 9.98742E-05 9.98742E-05 9.98742E-05 9.98742E-05 9.98742E-05 0.916905 9.98742E-05 9.98742E-05 9.98742E-05 9.98742E-05 0.00664876 9.98742E-05 9.98742E-05 0.0750479 9.98742E-05 9.98742E-05
0.678758 9.98921E-05 0.0289704 9.98921E-05 9.98921E-05 9.98921E-05 9.98921E-05 9.98921E-05 9.98921E-05 0.162909 9.98921E-05 9.98921E-05 9.98921E-05 9.98921E-05 9.98921E-05 0.123005 0.00515876
9.98744E-05 9.98744E-05 9.98744E-05 0.0245153 9.98744E-05 9.98744E-05 9.98744E-05 9.98744E-05 9.98744E-05 0.958103 9.98744E-05 9.98744E-05 9.98744E-05 9.98744E-05 0.0159838 9.98744E-05 9.98744E-05
0.0037261 9.99102E-05 0.00604709 0.00363805 9.99102E-05 9.99102E-05 9.99102E-05 9.99102E-05 0.0135113 9.99102E-05 0.934106 9.99102E-05 9.99102E-05 0.0279085 9.99102E-05 9.99102E-05 0.0100639
0.0076376 9.98922E-05 9.98922E-05 9.98922E-05 0.0696207 0.00282595 9.98922E-05 9.98922E-05 9.98922E-05 9.98922E-05 0.903863 0.0148545 9.98922E-05 9.98922E-05 9.98922E-05 9.98922E-05 9.98922E-05
9.9892E-05 9.9892E-05 9.9892E-05 0.0897919 0.012066 9.9892E-05 0.0430861 9.9892E-05 9.9892E-05 0.117116 9.9892E-05 9.9892E-05 0.736741 9.9892E-05 9.9892E-05 9.9892E-05 9.9892E-05
9.98741E-05 9.98741E-05 9.98741E-05 9.98741E-05 9.98741E-05 0.00462518 0.0700119 9.98741E-05 9.98741E-05 9.98741E-05 9.98741E-05 9.98741E-05 9.98741E-05 9.98741E-05 9.98741E-05 9.98741E-05 0.923965
9.99099E-05 9.99099E-05 0.00316362 9.99099E-05 0.148501 0.00682658 0.12172 0.0253978 9.99099E-05 9.99099E-05 9.99099E-05 9.99099E-05 9.99099E-05 0.677606 0.0157856 9.99099E-05 9.99099E-05
9.98651E-05 9.98651E-05 9.98651E-05 9.98651E-05 9.98651E-05 9.98651E-05 9.98651E-05 9.98651E-05 9.98651E-05 9.98651E-05 9.98651E-05 9.98651E-05 9.98651E-05 0.926264 9.98651E-05 0.0722382 9.98651E-05
0.0697045 9.99009E-05 9.99009E-05 0.136795 9.99009E-05 9.99009E-05 0.432773 9.99009E-05 9.99009E-05 9.99009E-05 9.99009E-05 9.99009E-05 0.325026 9.99009E-05 9.99009E-05 0.0227927 0.01181
9.98652E-05 9.98652E-05 0.012954 9.98652E-05 9.98652E-05 9.98652E-05 9.98652E-05 9.98652E-05 9.98652E-05 9.98652E-05 9.98652E-05 9.98652E-05 9.98652E-05 0.985548 9.98652E-05 9.98652E-05 9.98652E-05
0.383197 9.9901E-05 9.9901E-05 9.9901E-05 0.269616 9.9901E-05 0.0178277 9.9901E-05 9.9901E-05 0.0652226 9.9901E-05 9.9901E-05 0.239786 9.9901E-05 9.9901E-05 9.9901E-05 0.023251
9.9856E-05 9.9856E-05 9.9856E-05 9.9856E-05 9.9856E-05 0.998402 9.9856E-05 9.9856E-05 9.9856E-05 9.9856E-05 9.9856E-05 9.9856E-05 9.9856E-05 9.9856E-05 9.9856E-05 9.9856E-05 9.9856E-05
9.98739E-05 9.98739E-05 9.98739E-05 0.0187895 9.98739E-05 0.173915 9.98739E-05 9.98739E-05 9.98739E-05 9.98739E-05 9.98739E-05 9.98739E-05 9.98739E-05 0.805897 9.98739E-05 9.98739E-05 9.98739E-05
9.98833E-05 0.00795214 0.0160961 9.98833E-05 9.98833E-05 9.98833E-05 9.98833E-05 0.0296037 9.98833E-05 9.98833E-05 0.94505 9.98833E-05 9.98833E-05 9.98833E-05 9.98833E-05 9.98833E-05 9.98833E-05
9.98653E-05 9.98653E-05 0.0105547 9.98653E-05 9.98653E-05 9.98653E-05 9.98653E-05 9.98653E-05 9.98653E-05 9.98653E-05 0.987947 9.98653E-05 9.98653E-05 9.98653E-05 9.98653E-05 9.98653E-05 9.98653E-05
0.04384 9.99008E-05 9.99008E-05 9.99008E-05 9.99008E-05 0.00193955 0.0360786 9.99008E-05 9.99008E-05 0.830856 9.99008E-05 9.99008E-05 9.99008E-05 9.99008E-05 9.99008E-05 0.0378278 0.0483594
9.98831E-05 9.98831E-05 9.98831E-05 9.98831E-05 9.98831E-05 9.98831E-05 9.98831E-05 0.0547693 9.98831E-05 0.00490731 0.938443 9.98831E-05 9.98831E-05 9.98831E-05 0.000582023 9.98831E-05 9.98831E-05
9.99011E-05 9.99011E-05 0.0211678 9.99011E-05 9.99011E-05 9.99011E-05 9.99011E-05 0.0302808 9.99011E-05 0.00778396 0.907138 9.99011E-05 0.0163558 9.99011E-05 0.0161748 9.99011E-05 9.99011E-05
0.0363745 0.185724 0.0488851 9.99192E-05 9.99192E-05 9.99192E-05 9.99192E-05 0.144853 0.034659 9.99192E-05 0.53175 0.00383782 9.99192E-05 0.0130173 9.99192E-05 9.99192E-05 9.99192E-05
9.99009E-05 0.504696 9.99009E-05 0.0166809 9.99009E-05 9.99009E-05 9.99009E-05 0.0948667 9.99009E-05 9.99009E-05 0.341853 0.00746574 9.99009E-05 9.99009E-05 9.99009E-05 9.99009E-05 0.033338
9.98564E-05 9.98564E-05 9.98564E-05 9.98564E-05 9.98564E-05 9.98564E-05 9.98564E-05 9.98564E-05 0.998402 9.98564E-05 9.98564E-05 9.98564E-05 9.98564E-05 9.98564E-05 9.98564E-05 9.98564E-05 9.98564E-05
9.98832E-05 0.217088 9.98832E-05 9.98832E-05 0.0249469 9.98832E-05 9.98832E-05 9.98832E-05 9.98832E-05 9.98832E-05 0.752213 9.98832E-05 9.98832E-05 9.98832E-05 9.98832E-05 9.98832E-05 0.00445412
0.00858048 0.267485 0.00837321 9.98922E-05 9.98922E-05 9.98922E-05 9.98922E-05 0.666272 0.0480909 9.98922E-05 9.98922E-05 9.98922E-05 9.98922E-05 9.98922E-05 9.98922E-05 9.98922E-05 9.98922E-05
0.00301254 0.0523877 9.99187E-05 0.0632877 0.0379134 9.99187E-05 9.99187E-05 9.99187E-05 9.99187E-05 0.485416 9.99187E-05 0.0281866 9.99187E-05 9.99187E-05 9.99187E-05 0.0952415 0.233656
9.99009E-05 0.0464559 9.99009E-05 9.99009E-05 0.00777595 9.99009E-05 9.99009E-05 9.99009E-05 9.99009E-05 9.99009E-05 0.931679 0.00255657 0.00118095 9.99009E-05 0.00925243 9.99009E-05 9.99009E-05
0.952476 0.0130927 0.0280988 0.000271485 9.98921E-05 9.98921E-05 9.98921E-05 9.98921E-05 9.98921E-05 9.98921E-05 9.98921E-05 9.98921E-05 9.98921E-05 9.98921E-05 9.98921E-05 9.98921E-05 0.00486257
0.0330089 0.00775225 9.99189E-05 9.99189E-05 0.0972721 0.0421003 0.572036 9.99189E-05 0.197617 9.99189E-05 0.0114233 9.99189E-05 9.99189E-05 9.99189E-05 9.99189E-05 9.99189E-05 0.0378918
9.98652E-05 0.0123722 9.98652E-05 9.98652E-05 9.98652E-05 9.98652E-05 9.98652E-05 9.98652E-05 9.98652E-05 9.98652E-05 9.98652E-05 9.98652E-05 9.98652E-05 9.98652E-05 9.98652E-05 9.98652E-05 0.98613
9.9865E-05 9.9865E-05 9.9865E-05 9.9865E-05 0.985932 9.9865E-05 9.9865E-05 9.9865E-05 9.9865E-05 9.9865E-05 9.9865E-05 9.9865E-05 9.9865E-05 9.9865E-05 9.9865E-05 9.9865E-05 0.0125701
0.00615782 9.9874E-05 9.9874E-05 9.9874E-05 0.983181 9.9874E-05 9.9874E-05 9.9874E-05 9.9874E-05 9.9874E-05 9.9874E-05 0.00926323 9.9874E-05 9.9874E-05 9.9874E-05 9.9874E-05 9.9874E-05
0.0699777 9.99009E-05 9.99009E-05 0.000416286 0.0573678 9.99009E-05 0.845216 9.99009E-05 9.99009E-05 9.99009E-05 9.99009E-05 9.99009E-05 9.99009E-05 0.0153093 9.99009E-05 9.99009E-05 0.0106143
0.00615969 9.99099E-05 9.99099E-05 9.99099E-05 0.0323821 9.99099E-05 0.0213241 9.99099E-05 9.99099E-05 0.10973 9.99099E-05 9.99099E-05 0.755826 0.0197104 0.0538689 9.99099E-05 9.99099E-05
0.008046 9.9883E-05 0.00120697 0.0966111 9.9883E-05 9.9883E-05 0.892838 9.9883E-05 9.9883E-05 9.9883E-05 9.9883E-05 9.9883E-05 9.9883E-05 9.9883E-05 9.9883E-05 9.9883E-05 9.9883E-05
0.037722 9.99369E-05 9.99369E-05 0.20548 0.155483 0.14527 0.221807 9.99369E-05 0.0557266 0.147988 9.99369E-05 9.99369E-05 0.0146486 0.00810043 9.99369E-05 0.0070751 9.99369E-05
0.0781495 0.0196399 9.9937E-05 0.175853 0.147402 0.021347 0.344627 9.9937E-05 0.0232513 9.9937E-05 0.0157017 0.0329153 0.140414 9.9937E-05 9.9937E-05 9.9937E-05 9.9937E-05
0.200279 9.99279E-05 0.00320984 0.325935 9.99279E-05 9.99279E-05 0.156035 0.0302266 9.99279E-05 0.00846046 0.0710203 9.99279E-05 9.99279E-05 9.99279E-05 0.0820384 9.99279E-05 0.121995
0.954021 9.98838E-05 9.98838E-05 9.98838E-05 9.98838E-05 0.00583481 9.98838E-05 9.98838E-05 0.0223418 9.98838E-05 9.98838E-05 9.98838E-05 9.98838E-05 0.016504 9.98838E-05 9.98838E-05 9.98838E-05
9.98561E-05 9.98561E-05 9.98561E-05 9.98561E-05 9.98561E-05 9.98561E-05 9.98561E-05 0.998402 9.98561E-05 9.98561E-05 9.98561E-05 9.98561E-05 9.98561E-05 9.98561E-05 9.98561E-05 9.98561E-05 9.98561E-05
9.98653E-05 9.98653E-05 9.98653E-05 9.98653E-05 9.98653E-05 0.0128932 9.98653E-05 0.985609 9.98653E-05 9.98653E-05 9.98653E-05 9.98653E-05 9.98653E-05 9.98653E-05 9.98653E-05 9.98653E-05 9.98653E-05
9.98652E-05 9.98652E-05 9.98652E-05 0.00643363 9.98652E-05 9.98652E-05 9.98652E-05 0.992068 9.98652E-05 9.98652E-05 9.98652E-05 9.98652E-05 9.98652E-05 9.98652E-05 9.98652E-05 9.98652E-05 9.98652E-05
9.98653E-05 9.98653E-05 9.98653E-05 9.98653E-05 9.98653E-05 9.98653E-05 9.98653E-05 0.991511 9.98653E-05 9.98653E-05 9.98653E-05 0.00699081 9.98653E-05 9.98653E-05 9.98653E-05 9.98653E-05 9.98653E-05
9.98562E-05 9.98562E-05 9.98562E-05 9.98562E-05 9.98562E-05 9.98562E-05 9.98562E-05 0.998402 9.98562E-05 9.98562E-05 9.98562E-05 9.98562E-05 9.98562E-05 9.98562E-05 9.98562E-05 9.98562E-05 9.98562E-05
9.99281E-05 0.275771 0.0843237 9.99281E-05 9.99281E-05 0.0871249 9.99281E-05 0.367505 0.0978068 9.99281E-05 0.0413827 0.0119667 0.00390998 9.99281E-05 0.0294098 9.99281E-05 9.99281E-05
9.98652E-05 9.98652E-05 9.98652E-05 9.98652E-05 9.98652E-05 9.98652E-05 9.98652E-05 0.93898 0.0595219 9.98652E-05 9.98652E-05 9.98652E-05 9.98652E-05 9.98652E-05 9.98652E-05 9.98652E-05 9.98652E-05
0.78498 9.98737E-05 9.98737E-05 0.0470747 9.98737E-05 9.98737E-05 9.98737E-05 9.98737E-05 9.98737E-05 9.98737E-05 9.98737E-05 9.98737E-05 0.166547 9.98737E-05 9.98737E-05 9.98737E-05 9.98737E-05
9.98919E-05 9.98919E-05 0.0229542 9.98919E-05 9.98919E-05 9.98919E-05 0.00621141 0.0421206 0.870138 9.98919E-05 9.98919E-05 9.98919E-05 9.98919E-05 9.98919E-05 0.0573766 9.98919E-05 9.98919E-05
9.9883E-05 9.9883E-05 9.9883E-05 0.00103265 0.0248158 9.9883E-05 9.9883E-05 9.9883E-05 9.9883E-05 9.9883E-05 0.965965 0.00688825 9.9883E-05 9.9883E-05 9.9883E-05 9.9883E-05 9.9883E-05
9.98921E-05 9.98921E-05 9.98921E-05 9.98921E-05 0.153644 9.98921E-05 9.98921E-05 0.00533072 9.98921E-05 0.809581 9.98921E-05 9.98921E-05 0.0169432 9.98921E-05 9.98921E-05 0.013302 9.98921E-05
9.98743E-05 9.98743E-05 9.98743E-05 0.0968538 9.98743E-05 9.98743E-05 9.98743E-05 9.98743E-05 9.98743E-05 0.0221526 9.98743E-05 9.98743E-05 0.879595 9.98743E-05 9.98743E-05 9.98743E-05 9.98743E-05
9.98655E-05 9.98655E-05 9.98655E-05 9.98655E-05 9.98655E-05 9.98655E-05 9.98655E-05 9.98655E-05 9.98655E-05 0.967679 9.98655E-05 9.98655E-05 9.98655E-05 9.98655E-05 0.0308228 9.98655E-05 9.98655E-05
9.98739E-05 9.98739E-05 0.000775222 9.98739E-05 9.98739E-05 9.98739E-05 0.140843 9.98739E-05 9.98739E-05 0.856984 9.98739E-05 9.98739E-05 9.98739E-05 9.98739E-05 9.98739E-05 9.98739E-05 9.98739E-05
9.99001E-05 9.99001E-05 9.99001E-05 0.0198299 0.00307855 9.99001E-05 0.104546 9.99001E-05 9.99001E-05 0.831074 9.99001E-05 0.000541678 9.99001E-05 0.00698249 9.99001E-05 0.0329479 9.99001E-05
0.050741 9.98743E-05 9.98743E-05 9.98743E-05 9.98743E-05 9.98743E-05 9.98743E-05 9.98743E-05 9.98743E-05 9.98743E-05 9.98743E-05 0.00741608 9.98743E-05 0.940445 9.98743E-05 9.98743E-05 9.98743E-05
9.98897E-05 9.98897E-05 0.0758513 9.98897E-05 9.98897E-05 9.98897E-05 9.98897E-05 9.98897E-05 9.98897E-05 9.98897E-05 0.921212 0.000819245 9.98897E-05 9.98897E-05 9.98897E-05 0.000818691 9.98897E-05
0.0357741 0.126708 0.0853002 0.218337 0.178327 9.9928E-05 9.9928E-05 0.00733667 9.9928E-05 9.9928E-05 0.179483 9.9928E-05 0.0975328 9.9928E-05 9.9928E-05 0.0704019 9.9928E-05
9.98923E-05 0.0741795 0.144119 9.98923E-05 9.98923E-05 9.98923E-05 9.98923E-05 0.010054 9.98923E-05 9.98923E-05 0.768539 9.98923E-05 0.00190999 9.98923E-05 9.98923E-05 9.98923E-05 9.98923E-05
9.98831E-05 9.98831E-05 9.98831E-05 9.98831E-05 9.98831E-05 9.98831E-05 9.98831E-05 0.0279572 9.98831E-05 9.98831E-05 0.859299 0.0904892 9.98831E-05 9.98831E-05 9.98831E-05 9.98831E-05 0.0209565
9.98921E-05 0.0648449 9.98921E-05 9.98921E-05 9.98921E-05 9.98921E-05 9.98921E-05 0.0316922 9.98921E-05 9.98921E-05 0.84907 9.98921E-05 0.0511811 9.98921E-05 0.00201321 9.98921E-05 9.98921E-05
9.98922E-05 9.98922E-05 9.98922E-05 9.98922E-05 9.98922E-05 9.98922E-05 9.98922E-05 0.0285126 0.0255405 9.98922E-05 0.8769 9.98922E-05 0.0493779 9.98922E-05 0.0184699 9.98922E-05 9.98922E-05
9.99012E-05 0.117987 9.99012E-05 9.99012E-05 0.0385938 9.99012E-05 0.0396072 9.99012E-05 9.99012E-05 9.99012E-05 0.760733 0.0213054 9.99012E-05 9.99012E-05 9.99012E-05 0.0206744 9.99012E-05
9.9883E-05 9.9883E-05 9.9883E-05 9.9883E-05 0.00101123 9.9883E-05 9.9883E-05 9.9883E-05 9.9883E-05 9.9883E-05 0.953959 0.0248723 9.9883E-05 9.9883E-05 9.9883E-05 9.9883E-05 0.0188594
9.9856E-05 0.998402 9.9856E-05 9.9856E-05 9.9856E-05 9.9856E-05 9.9856E-05 9.9856E-05 9.9856E-05 9.9856E-05 9.9856E-05 9.9856E-05 9.9856E-05 9.9856E-05 9.9856E-05 9.9856E-05 9.9856E-05
9.98741E-05 0.953053 9.98741E-05 9.98741E-05 9.98741E-05 9.98741E-05 9.98741E-05 9.98741E-05 9.98741E-05 0.0210218 9.98741E-05 9.98741E-05 9.98741E-05 9.98741E-05 0.0245267 9.98741E-05 9.98741E-05
9.98922E-05 9.98922E-05 0.0269805 9.98922E-05 9.98922E-05 0.0133854 9.98922E-05 0.0357237 9.98922E-05 9.98922E-05 0.892594 9.98922E-05 0.0301177 9.98922E-05 9.98922E-05 9.98922E-05 9.98922E-05
9.9883E-05 9.9883E-05 9.9883E-05 9.9883E-05 9.9883E-05 0.00547985 9.9883E-05 9.9883E-05 0.0208256 9.9883E-05 0.0027733 9.9883E-05 0.969623 9.9883E-05 9.9883E-05 9.9883E-05 9.9883E-05
9.98741E-05 0.00765049 9.98741E-05 9.98741E-05 9.98741E-05 9.98741E-05 9.98741E-05 0.00642969 9.98741E-05 9.98741E-05 9.98741E-05 9.98741E-05 0.984522 9.98741E-05 9.98741E-05 9.98741E-05 9.98741E-05
9.98563E-05 9.98563E-05 9.98563E-05 9.98563E-05 9.98563E-05 9.98563E-05 9.98563E-05 9.98563E-05 9.98563E-05 9.98563E-05 9.98563E-05 9.98563E-05 9.98563E-05 9.98563E-05 9.98563E-05 0.998402 9.98563E-05
9.98743E-05 9.98743E-05 9.98743E-05 9.98743E-05 0.00249008 9.98743E-05 9.98743E-05 9.98743E-05 9.98743E-05 0.00784079 9.98743E-05 9.98743E-05 9.98743E-05 9.98743E-05 9.98743E-05 0.988271 9.98743E-05
0.0233481 9.99099E-05 9.99099E-05 9.99099E-05 0.0978743 9.99099E-05 0.725252 9.99099E-05 0.0543365 0.022889 0.0243733 9.99099E-05 0.0509276 9.99099E-05 9.99099E-05 9.99099E-05 9.99099E-05
9.9892E-05 9.9892E-05 9.9892E-05 9.9892E-05 0.0760543 9.9892E-05 0.761421 9.9892E-05 0.0525731 0.0686501 9.9892E-05 9.9892E-05 0.0401028 9.9892E-05 9.9892E-05 9.9892E-05 9.9892E-05
9.98833E-05 9.98833E-05 9.98833E-05 9.98833E-05 9.98833E-05 0.00689689 9.98833E-05 9.98833E-05 0.0195723 9.98833E-05 9.98833E-05 9.98833E-05 0.0138861 9.98833E-05 9.98833E-05 0.958346 9.98833E-05
9.98563E-05 9.98563E-05 9.98563E-05 9.98563E-05 9.98563E-05 9.98563E-05 9.98563E-05 9.98563E-05 9.98563E-05 9.98563E-05 9.98563E-05 9.98563E-05 9.98563E-05 9.98563E-05 9.98563E-05 0.998402 9.98563E-05
0.962315 9.98829E-05 9.98829E-05 9.98829E-05 9.98829E-05 9.98829E-05 9.98829E-05 0.00580451 9.98829E-05 0.011731 9.98829E-05 9.98829E-05 9.98829E-05 9.98829E-05 0.0188508 9.98829E-05 9.98829E-05
9.9883E-05 9.9883E-05 9.9883E-05 9.9883E-05 0.737713 9.9883E-05 9.9883E-05 9.9883E-05 9.9883E-05 0.124257 9.9883E-05 9.9883E-05 0.0260562 9.9883E-05 0.110676 9.9883E-05 9.9883E-05
9.9874E-05 9.9874E-05 9.9874E-05 9.9874E-05 9.9874E-05 9.9874E-05 9.9874E-05 0.0388353 0.91162 9.9874E-05 9.9874E-05 9.9874E-05 9.9874E-05 9.9874E-05 0.0481461 9.9874E-05 9.9874E-05
9.98559E-05 9.98559E-05 9.98559E-05 0.998402 9.98559E-05 9.98559E-05 9.98559E-05 9.98559E-05 9.98559E-05 9.98559E-05 9.98559E-05 9.98559E-05 9.98559E-05 9.98559E-05 9.98559E-05 9.98559E-05 9.98559E-05
0.0212472 9.98921E-05 9.98921E-05 0.754672 9.98921E-05 9.98921E-05 9.98921E-05 9.98921E-05 9.98921E-05 0.0841113 9.98921E-05 9.98921E-05 9.98921E-05 9.98921E-05 9.98921E-05 0.00258442 0.136186
9.99101E-05 0.631865 9.99101E-05 9.99101E-05 9.99101E-05 0.00819869 9.99101E-05 0.0706231 0.0125302 9.99101E-05 0.216532 0.0158233 9.99101E-05 0.0434291 9.99101E-05 9.99101E-05 9.99101E-05
