9.98739E-05 9.98739E-05 9.98739E-05 9.98739E-05 9.98739E-05 9.98739E-05 9.98739E-05 9.98739E-05 9.98739E-05 9.98739E-05 0.0301141 9.98739E-05 0.00761851 0.960869 9.98739E-05 9.98739E-05 9.98739E-05
0.659706 9.99188E-05 9.99188E-05 9.99188E-05 9.99188E-05 9.99188E-05 0.0384025 9.99188E-05 0.0369049 9.99188E-05 0.00529799 0.141974 0.00996699 0.031569 0.0752792 9.99188E-05 9.99188E-05
9.99107E-05 0.0375945 9.99107E-05 9.99107E-05 0.0503896 0.0454605 0.0379708 9.99107E-05 9.99107E-05 9.99107E-05 9.99107E-05 0.736069 0.0287796 9.99107E-05 9.99107E-05 0.0627371 9.99107E-05
9.9883E-05 0.0161178 0.0498983 9.9883E-05 9.9883E-05 9.9883E-05 9.9883E-05 9.9883E-05 0.0233201 9.9883E-05 9.9883E-05 0.909365 9.9883E-05 9.9883E-05 9.9883E-05 9.9883E-05 9.9883E-05
9.98561E-05 9.98561E-05 9.98561E-05 9.98561E-05 9.98561E-05 9.98561E-05 0.998402 9.98561E-05 9.98561E-05 9.98561E-05 9.98561E-05 9.98561E-05 9.98561E-05 9.98561E-05 9.98561E-05 9.98561E-05 9.98561E-05
9.98651E-05 9.98651E-05 9.98651E-05 9.98651E-05 9.98651E-05 9.98651E-05 0.0342444 9.98651E-05 9.98651E-05 9.98651E-05 9.98651E-05 0.964258 9.98651E-05 9.98651E-05 9.98651E-05 9.98651E-05 9.98651E-05
9.98562E-05 0.998402 9.98562E-05 9.98562E-05 9.98562E-05 9.98562E-05 9.98562E-05 9.98562E-05 9.98562E-05 9.98562E-05 9.98562E-05 9.98562E-05 9.98562E-05 9.98562E-05 9.98562E-05 9.98562E-05 9.98562E-05
0.131123 9.99189E-05 0.0287529 9.99189E-05 0.589231 9.99189E-05 0.00739972 9.99189E-05 9.99189E-05 9.99189E-05 0.0811531 0.0597989 0.00515018 9.99189E-05 9.99189E-05 9.99189E-05 0.0964922
0.0370373 0.938612 9.9874E-05 9.9874E-05 9.9874E-05 9.9874E-05 9.9874E-05 9.9874E-05 9.9874E-05 9.9874E-05 9.9874E-05 9.9874E-05 9.9874E-05 9.9874E-05 9.9874E-05 9.9874E-05 0.0229524
9.98741E-05 0.0821497 9.98741E-05 9.98741E-05 9.98741E-05 9.98741E-05 0.075679 9.98741E-05 9.98741E-05 9.98741E-05 0.840773 9.98741E-05 9.98741E-05 9.98741E-05 9.98741E-05 9.98741E-05 9.98741E-05
9.98741E-05 0.0875394 9.98741E-05 9.98741E-05 9.98741E-05 9.98741E-05 0.0423428 9.98741E-05 9.98741E-05 9.98741E-05 0.86872 9.98741E-05 9.98741E-05 9.98741E-05 9.98741E-05 9.98741E-05 9.98741E-05
9.9901E-05 9.9901E-05 0.0419094 9.9901E-05 9.9901E-05 0.00283663 9.9901E-05 9.9901E-05 9.9901E-05 0.0444451 9.9901E-05 9.9901E-05 0.114096 0.624184 9.9901E-05 0.17143 9.9901E-05
9.98745E-05 9.98745E-05 0.0168937 9.98745E-05 0.0178836 9.98745E-05 9.98745E-05 9.98745E-05 9.98745E-05 9.98745E-05 9.98745E-05 9.98745E-05 9.98745E-05 9.98745E-05 9.98745E-05 0.963825 9.98745E-05
9.9874E-05 9.9874E-05 9.9874E-05 9.9874E-05 9.9874E-05 0.0181589 9.9874E-05 9.9874E-05 9.9874E-05 0.0196187 9.9874E-05 0.960824 9.9874E-05 9.9874E-05 9.9874E-05 9.9874E-05 9.9874E-05
9.98921E-05 9.98921E-05 9.98921E-05 9.98921E-05 9.98921E-05 0.00311499 0.044445 9.98921E-05 9.98921E-05 9.98921E-05 9.98921E-05 0.921421 9.98921E-05 0.00694413 9.98921E-05 9.98921E-05 0.0228764
9.98739E-05 9.98739E-05 9.98739E-05 9.98739E-05 9.98739E-05 9.98739E-05 9.98739E-05 9.98739E-05 0.699731 0.184464 9.98739E-05 9.98739E-05 9.98739E-05 9.98739E-05 9.98739E-05 0.114407 9.98739E-05
9.9865E-05 9.9865E-05 9.9865E-05 9.9865E-05 9.9865E-05 9.9865E-05 9.9865E-05 9.9865E-05 9.9865E-05 9.9865E-05 0.0626651 9.9865E-05 9.9865E-05 9.9865E-05 0.935837 9.9865E-05 9.9865E-05
9.98828E-05 9.98828E-05 9.98828E-05 9.98828E-05 9.98828E-05 0.827252 9.98828E-05 9.98828E-05 0.0928461 9.98828E-05 0.0604102 9.98828E-05 9.98828E-05 9.98828E-05 9.98828E-05 9.98828E-05 0.0181929
9.98651E-05 9.98651E-05 9.98651E-05 0.965663 9.98651E-05 9.98651E-05 9.98651E-05 0.0328389 9.98651E-05 9.98651E-05 9.98651E-05 9.98651E-05 9.98651E-05 9.98651E-05 9.98651E-05 9.98651E-05 9.98651E-05
9.98919E-05 9.98919E-05 9.98919E-05 9.98919E-05 9.98919E-05 9.98919E-05 9.98919E-05 9.98919E-05 0.310074 0.17748 0.440335 9.98919E-05 0.00438051 0.0665321 9.98919E-05 9.98919E-05 9.98919E-05
9.9865E-05 9.9865E-05 9.9865E-05 9.9865E-05 9.9865E-05 0.982231 9.9865E-05 0.0162707 9.9865E-05 9.9865E-05 9.9865E-05 9.9865E-05 9.9865E-05 9.9865E-05 9.9865E-05 9.9865E-05 9.9865E-05
0.00826414 9.99279E-05 9.99279E-05 0.000228105 9.99279E-05 9.99279E-05 9.99279E-05 0.0067773 0.292477 0.0323811 0.0290268 9.99279E-05 9.99279E-05 0.489575 0.0534712 0.0869998 9.99279E-05
9.98921E-05 9.98921E-05 9.98921E-05 0.459664 9.98921E-05 9.98921E-05 0.0520315 9.98921E-05 9.98921E-05 9.98921E-05 0.113998 9.98921E-05 0.142644 9.98921E-05 0.230463 9.98921E-05 9.98921E-05
9.9856E-05 9.9856E-05 9.9856E-05 0.998402 9.9856E-05 9.9856E-05 9.9856E-05 9.9856E-05 9.9856E-05 9.9856E-05 9.9856E-05 9.9856E-05 9.9856E-05 9.9856E-05 9.9856E-05 9.9856E-05 9.9856E-05
9.98653E-05 9.98653E-05 0.698708 9.98653E-05 9.98653E-05 9.98653E-05 9.98653E-05 9.98653E-05 9.98653E-05 9.98653E-05 9.98653E-05 0.299794 9.98653E-05 9.98653E-05 9.98653E-05 9.98653E-05 9.98653E-05
0.00441104 9.98742E-05 0.239125 9.98742E-05 9.98742E-05 9.98742E-05 9.98742E-05 9.98742E-05 9.98742E-05 9.98742E-05 9.98742E-05 0.755066 9.98742E-05 9.98742E-05 9.98742E-05 9.98742E-05 9.98742E-05
9.98918E-05 9.98918E-05 9.98918E-05 9.98918E-05 9.98918E-05 9.98918E-05 9.98918E-05 9.98918E-05 9.98918E-05 9.98918E-05 0.108512 9.98918E-05 0.0206512 0.0422734 0.0510435 0.776321 9.98918E-05
9.98741E-05 9.98741E-05 0.987287 9.98741E-05 9.98741E-05 9.98741E-05 0.00304106 9.98741E-05 9.98741E-05 9.98741E-05 9.98741E-05 9.98741E-05 9.98741E-05 9.98741E-05 9.98741E-05 9.98741E-05 0.00827408
0.000302036 9.98742E-05 0.998033 9.98742E-05 9.98742E-05 9.98742E-05 9.98742E-05 9.98742E-05 9.98742E-05 9.98742E-05 9.98742E-05 9.98742E-05 9.98742E-05 9.98742E-05 9.98742E-05 9.98742E-05 0.00026718
0.027471 9.99281E-05 0.202082 9.99281E-05 0.223488 9.99281E-05 0.0374315 0.0131827 9.99281E-05 9.99281E-05 9.99281E-05 0.322935 0.0200289 9.99281E-05 9.99281E-05 0.0265653 0.126017
9.98919E-05 9.98919E-05 9.98919E-05 9.98919E-05 0.574014 9.98919E-05 0.0099173 9.98919E-05 9.98919E-05 9.98919E-05 9.98919E-05 0.325265 0.022274 9.98919E-05 9.98919E-05 9.98919E-05 0.0673309
0.998402 9.98564E-05 9.98564E-05 9.98564E-05 9.98564E-05 9.98564E-05 9.98564E-05 9.98564E-05 9.98564E-05 9.98564E-05 9.98564E-05 9.98564E-05 9.98564E-05 9.98564E-05 9.98564E-05 9.98564E-05 9.98564E-05
9.98922E-05 9.98922E-05 0.353076 9.98922E-05 0.120727 9.98922E-05 0.00355354 9.98922E-05 9.98922E-05 9.98922E-05 9.98922E-05 0.518758 9.98922E-05 9.98922E-05 0.00268658 9.98922E-05 9.98922E-05
9.98653E-05 9.98653E-05 9.98653E-05 9.98653E-05 0.288437 9.98653E-05 9.98653E-05 9.98653E-05 9.98653E-05 9.98653E-05 9.98653E-05 9.98653E-05 9.98653E-05 9.98653E-05 9.98653E-05 9.98653E-05 0.710065
9.99187E-05 9.99187E-05 0.00910809 9.99187E-05 0.0751514 9.99187E-05 0.0169529 9.99187E-05 9.99187E-05 0.0669737 9.99187E-05 9.99187E-05 0.0828098 0.0142594 0.246243 0.487602 9.99187E-05
9.98828E-05 9.98828E-05 0.637702 9.98828E-05 0.0623357 9.98828E-05 9.98828E-05 9.98828E-05 9.98828E-05 0.0273018 9.98828E-05 0.271362 9.98828E-05 9.98828E-05 9.98828E-05 9.98828E-05 9.98828E-05
9.98831E-05 9.98831E-05 9.98831E-05 9.98831E-05 0.0313906 9.98831E-05 0.0150652 9.98831E-05 9.98831E-05 0.000952776 9.98831E-05 9.98831E-05 9.98831E-05 0.951293 9.98831E-05 9.98831E-05 9.98831E-05
0.207441 9.99009E-05 0.01114 9.99009E-05 9.99009E-05 9.99009E-05 9.99009E-05 0.0195218 9.99009E-05 9.99009E-05 0.614221 9.99009E-05 9.99009E-05 0.0960869 0.0504905 9.99009E-05 9.99009E-05
9.98561E-05 9.98561E-05 9.98561E-05 9.98561E-05 9.98561E-05 9.98561E-05 9.98561E-05 9.98561E-05 9.98561E-05 9.98561E-05 9.98561E-05 9.98561E-05 9.98561E-05 9.98561E-05 0.998402 9.98561E-05 9.98561E-05
9.99001E-05 9.99001E-05 9.99001E-05 9.99001E-05 9.99001E-05 9.99001E-05 0.0233776 0.00519859 0.307096 9.99001E-05 0.22304 0.0920863 9.99001E-05 0.198344 0.149859 9.99001E-05 9.99001E-05
9.99098E-05 9.99098E-05 9.99098E-05 9.99098E-05 9.99098E-05 9.99098E-05 0.0425438 0.00856813 0.30114 9.99098E-05 0.216092 0.0690929 9.99098E-05 0.246008 0.115556 9.99098E-05 9.99098E-05
9.98919E-05 9.98919E-05 9.98919E-05 0.00288623 9.98919E-05 9.98919E-05 9.98919E-05 9.98919E-05 9.98919E-05 0.0716438 0.878726 9.98919E-05 9.98919E-05 0.0293998 0.0161455 9.98919E-05 9.98919E-05
9.98921E-05 0.0208976 9.98921E-05 9.98921E-05 9.98921E-05 9.98921E-05 9.98921E-05 9.98921E-05 0.841738 9.98921E-05 0.031199 9.98921E-05 9.98921E-05 0.0153586 9.98921E-05 0.0896086 9.98921E-05
9.98831E-05 9.98831E-05 9.98831E-05 9.98831E-05 9.98831E-05 9.98831E-05 9.98831E-05 9.98831E-05 9.98831E-05 0.0820458 0.90303 9.98831E-05 9.98831E-05 0.00710428 9.98831E-05 0.00652104 9.98831E-05
0.0507045 9.99279E-05 9.99279E-05 0.125728 9.99279E-05 9.99279E-05 9.99279E-05 9.99279E-05 0.0770973 0.148981 0.417595 9.99279E-05 0.0551533 0.0202832 9.99279E-05 0.0966302 0.00702758
9.99098E-05 9.99098E-05 9.99098E-05 9.99098E-05 9.99098E-05 9.99098E-05 0.0580916 0.120909 0.202882 0.146803 0.368693 0.0444093 9.99098E-05 0.0572127 9.99098E-05 9.99098E-05 9.99098E-05
9.993E-05 0.0425761 9.993E-05 9.993E-05 9.993E-05 9.993E-05 0.0247662 0.00661521 9.993E-05 0.310172 0.208672 0.0744179 9.993E-05 0.160669 0.102369 0.0391972 0.0298457
9.9866E-05 9.9866E-05 9.9866E-05 0.0135189 9.9866E-05 9.9866E-05 9.9866E-05 9.9866E-05 9.9866E-05 9.9866E-05 9.9866E-05 9.9866E-05 9.9866E-05 0.984983 9.9866E-05 9.9866E-05 9.9866E-05
9.98562E-05 9.98562E-05 9.98562E-05 9.98562E-05 9.98562E-05 9.98562E-05 9.98562E-05 9.98562E-05 9.98562E-05 9.98562E-05 9.98562E-05 9.98562E-05 9.98562E-05 9.98562E-05 9.98562E-05 9.98562E-05 0.998402
9.98742E-05 9.98742E-05 9.98742E-05 0.00116857 9.98742E-05 9.98742E-05 9.98742E-05 0.00740128 9.98742E-05 9.98742E-05 9.98742E-05 9.98742E-05 9.98742E-05 9.98742E-05 9.98742E-05 9.98742E-05 0.990032
9.98652E-05 9.98652E-05 9.98652E-05 9.98652E-05 9.98652E-05 9.98652E-05 9.98652E-05 9.98652E-05 9.98652E-05 9.98652E-05 0.0131311 9.98652E-05 9.98652E-05 9.98652E-05 9.98652E-05 9.98652E-05 0.985371
9.98653E-05 9.98653E-05 9.98653E-05 9.98653E-05 9.98653E-05 9.98653E-05 9.98653E-05 9.98653E-05 9.98653E-05 9.98653E-05 9.98653E-05 9.98653E-05 9.98653E-05 0.00836783 9.98653E-05 9.98653E-05 0.990134
9.98652E-05 9.98652E-05 9.98652E-05 9.98652E-05 0.00634608 9.98652E-05 9.98652E-05 9.98652E-05 9.98652E-05 9.98652E-05 9.98652E-05 9.98652E-05 9.98652E-05 9.98652E-05 9.98652E-05 9.98652E-05 0.992156
9.99282E-05 0.0708595 0.0308936 9.99282E-05 0.271973 0.0494958 0.0462459 9.99282E-05 0.011693 9.99282E-05 0.0235323 0.0758615 9.99282E-05 9.99282E-05 9.99282E-05 9.99282E-05 0.418646
0.0525183 9.98741E-05 9.98741E-05 9.98741E-05 9.98741E-05 9.98741E-05 9.98741E-05 9.98741E-05 0.0163509 9.98741E-05 9.98741E-05 9.98741E-05 9.98741E-05 9.98741E-05 9.98741E-05 9.98741E-05 0.929733
9.98828E-05 0.007389 9.98828E-05 9.98828E-05 9.98828E-05 9.98828E-05 9.98828E-05 9.98828E-05 0.164747 0.0790228 9.98828E-05 9.98828E-05 9.98828E-05 0.747543 9.98828E-05 9.98828E-05 9.98828E-05
0.885177 0.0438046 0.049676 9.98829E-05 9.98829E-05 9.98829E-05 9.98829E-05 9.98829E-05 9.98829E-05 9.98829E-05 9.98829E-05 9.98829E-05 9.98829E-05 9.98829E-05 9.98829E-05 9.98829E-05 0.0200441
9.98739E-05 9.98739E-05 0.479778 9.98739E-05 9.98739E-05 9.98739E-05 9.98739E-05 9.98739E-05 9.98739E-05 0.00448977 9.98739E-05 0.514333 9.98739E-05 9.98739E-05 9.98739E-05 9.98739E-05 9.98739E-05
9.98921E-05 0.00582158 9.98921E-05 9.98921E-05 9.98921E-05 0.0269493 9.98921E-05 9.98921E-05 0.101889 9.98921E-05 9.98921E-05 9.98921E-05 0.0294669 9.98921E-05 9.98921E-05 0.834675 9.98921E-05
9.98742E-05 9.98742E-05 9.98742E-05 9.98742E-05 9.98742E-05 9.98742E-05 9.98742E-05 9.98742E-05 0.867438 0.0961262 9.98742E-05 9.98742E-05 9.98742E-05 9.98742E-05 9.98742E-05 0.0350381 9.98742E-05
9.98719E-05 0.0116729 9.98719E-05 9.98719E-05 9.98719E-05 9.98719E-05 9.98719E-05 9.98719E-05 9.98719E-05 9.98719E-05 9.98719E-05 9.98719E-05 9.98719E-05 9.98719E-05 9.98719E-05 0.986829 9.98719E-05
9.98649E-05 9.98649E-05 9.98649E-05 9.98649E-05 9.98649E-05 9.98649E-05 9.98649E-05 9.98649E-05 9.98649E-05 9.98649E-05 0.104873 9.98649E-05 9.98649E-05 9.98649E-05 9.98649E-05 0.893629 9.98649E-05
9.98918E-05 9.98918E-05 9.98918E-05 0.0143034 9.98918E-05 9.98918E-05 9.98918E-05 9.98918E-05 9.98918E-05 0.0503687 0.0764114 9.98918E-05 0.0362244 9.98918E-05 9.98918E-05 0.821493 9.98918E-05
9.98562E-05 9.98562E-05 9.98562E-05 9.98562E-05 9.98562E-05 9.98562E-05 9.98562E-05 0.998402 9.98562E-05 9.98562E-05 9.98562E-05 9.98562E-05 9.98562E-05 9.98562E-05 9.98562E-05 9.98562E-05 9.98562E-05
9.98745E-05 9.98745E-05 0.770237 9.98745E-05 9.98745E-05 9.98745E-05 0.0236859 9.98745E-05 9.98745E-05 9.98745E-05 9.98745E-05 0.204679 9.98745E-05 9.98745E-05 9.98745E-05 9.98745E-05 9.98745E-05
9.9955E-05 0.110856 0.193991 9.9955E-05 9.9955E-05 0.0351722 9.9955E-05 0.0392877 0.0695915 9.9955E-05 0.0707036 0.17941 0.0698554 0.029496 0.0421672 0.0583116 0.100658
9.98833E-05 9.98833E-05 0.00748548 9.98833E-05 0.0559754 9.98833E-05 9.98833E-05 9.98833E-05 0.0362035 9.98833E-05 9.98833E-05 0.899037 9.98833E-05 9.98833E-05 9.98833E-05 9.98833E-05 9.98833E-05
9.99189E-05 0.00251873 0.249707 9.99189E-05 0.0140214 9.99189E-05 0.0694762 9.99189E-05 9.99189E-05 9.99189E-05 9.99189E-05 0.60954 9.99189E-05 0.019581 0.0154509 9.99189E-05 0.0188054
9.98651E-05 9.98651E-05 0.977053 9.98651E-05 9.98651E-05 9.98651E-05 9.98651E-05 9.98651E-05 0.0214492 9.98651E-05 9.98651E-05 9.98651E-05 9.98651E-05 9.98651E-05 9.98651E-05 9.98651E-05 9.98651E-05
9.98563E-05 9.98563E-05 0.998402 9.98563E-05 9.98563E-05 9.98563E-05 9.98563E-05 9.98563E-05 9.98563E-05 9.98563E-05 9.98563E-05 9.98563E-05 9.98563E-05 9.98563E-05 9.98563E-05 9.98563E-05 9.98563E-05
9.99101E-05 0.0102693 0.109676 9.99101E-05 0.164313 9.99101E-05 9.99101E-05 9.99101E-05 9.99101E-05 0.00642521 0.00609077 0.667269 9.99101E-05 0.0349575 9.99101E-05 9.99101E-05 9.99101E-05
9.9892E-05 9.9892E-05 0.546938 9.9892E-05 9.9892E-05 9.9892E-05 0.0108025 9.9892E-05 9.9892E-05 0.00020734 9.9892E-05 0.407433 9.9892E-05 9.9892E-05 0.0334201 9.9892E-05 9.9892E-05
9.98559E-05 9.98559E-05 9.98559E-05 9.98559E-05 0.998402 9.98559E-05 9.98559E-05 9.98559E-05 9.98559E-05 9.98559E-05 9.98559E-05 9.98559E-05 9.98559E-05 9.98559E-05 9.98559E-05 9.98559E-05 9.98559E-05
9.98741E-05 0.0375282 9.98741E-05 9.98741E-05 0.955347 9.98741E-05 9.98741E-05 9.98741E-05 9.98741E-05 9.98741E-05 9.98741E-05 9.98741E-05 9.98741E-05 9.98741E-05 9.98741E-05 0.00572665 9.98741E-05
9.98831E-05 9.98831E-05 0.0652069 9.98831E-05 9.98831E-05 9.98831E-05 9.98831E-05 9.98831E-05 0.0253529 9.98831E-05 9.98831E-05 0.863113 9.98831E-05 9.98831E-05 9.98831E-05 9.98831E-05 0.0450286
9.9883E-05 9.9883E-05 9.9883E-05 9.9883E-05 0.0246835 9.9883E-05 9.9883E-05 9.9883E-05 0.965209 9.9883E-05 9.9883E-05 9.9883E-05 9.9883E-05 9.9883E-05 0.00665637 9.9883E-05 0.00215233
9.9865E-05 9.9865E-05 9.9865E-05 9.9865E-05 9.9865E-05 9.9865E-05 9.9865E-05 9.9865E-05 0.995023 9.9865E-05 9.9865E-05 9.9865E-05 9.9865E-05 9.9865E-05 9.9865E-05 9.9865E-05 0.00347929
9.98652E-05 9.98652E-05 9.98652E-05 9.98652E-05 9.98652E-05 9.98652E-05 9.98652E-05 9.98652E-05 9.98652E-05 9.98652E-05 0.00510262 9.98652E-05 0.993399 9.98652E-05 9.98652E-05 9.98652E-05 9.98652E-05
9.98563E-05 9.98563E-05 9.98563E-05 9.98563E-05 9.98563E-05 9.98563E-05 9.98563E-05 9.98563E-05 9.98563E-05 9.98563E-05 9.98563E-05 9.98563E-05 0.998402 9.98563E-05 9.98563E-05 9.98563E-05 9.98563E-05
0.0597077 9.9883E-05 0.000401515 9.9883E-05 9.9883E-05 9.9883E-05 9.9883E-05 9.9883E-05 0.0881087 9.9883E-05 0.850484 9.9883E-05 9.9883E-05 9.9883E-05 9.9883E-05 9.9883E-05 9.9883E-05
0.0423303 0.0170815 9.99009E-05 9.99009E-05 9.99009E-05 0.00421288 9.99009E-05 9.99009E-05 0.109387 9.99009E-05 0.785279 9.99009E-05 9.99009E-05 9.99009E-05 9.99009E-05 0.0406106 9.99009E-05
9.98832E-05 9.98832E-05 9.98832E-05 9.98832E-05 0.0255161 9.98832E-05 9.98832E-05 9.98832E-05 0.00529765 9.98832E-05 9.98832E-05 9.98832E-05 0.966203 9.98832E-05 0.0016846 9.98832E-05 9.98832E-05
9.98653E-05 9.98653E-05 9.98653E-05 9.98653E-05 9.98653E-05 9.98653E-05 9.98653E-05 9.98653E-05 9.98653E-05 9.98653E-05 9.98653E-05 9.98653E-05 0.997024 0.00147823 9.98653E-05 9.98653E-05 9.98653E-05
9.9874E-05 0.00475225 9.9874E-05 9.9874E-05 9.9874E-05 9.9874E-05 9.9874E-05 9.9874E-05 9.9874E-05 9.9874E-05 9.9874E-05 9.9874E-05 9.9874E-05 0.957245 9.9874E-05 0.0366046 9.9874E-05
0.00428572 0.110737 9.99279E-05 0.0773566 9.99279E-05 0.0226905 9.99279E-05 9.99279E-05 0.442849 0.00440751 0.134305 9.99279E-05 9.99279E-05 0.0449658 9.99279E-05 0.157604 9.99279E-05
0.898508 0.0431383 9.9892E-05 9.9892E-05 9.9892E-05 9.9892E-05 0.0226661 9.9892E-05 9.9892E-05 0.00784122 9.9892E-05 9.9892E-05 9.9892E-05 9.9892E-05 9.9892E-05 9.9892E-05 0.0266475
0.00175383 9.9883E-05 9.9883E-05 0.0169076 9.9883E-05 9.9883E-05 9.9883E-05 9.9883E-05 9.9883E-05 0.971882 0.00815806 9.9883E-05 9.9883E-05 9.9883E-05 9.9883E-05 9.9883E-05 9.9883E-05
9.9883E-05 9.9883E-05 9.9883E-05 9.9883E-05 9.9883E-05 0.022062 9.9883E-05 9.9883E-05 0.0337857 0.924489 9.9883E-05 9.9883E-05 9.9883E-05 9.9883E-05 0.0183646 9.9883E-05 9.9883E-05
0.0127064 9.99192E-05 0.178044 9.99192E-05 0.626795 0.0205807 9.99192E-05 9.99192E-05 9.99192E-05 9.99192E-05 0.00248903 0.0750353 0.027269 9.99192E-05 9.99192E-05 9.99192E-05 0.0561807
