9.996E-05 0.9995 9.996E-05 9.996E-05 9.996E-05 9.996E-05
9.9973E-05 0.440512 9.9973E-05 9.9973E-05 0.329044 0.230144
0.107149 9.99911E-05 0.000929202 0.0755891 0.761627 0.0546052
9.9973E-05 9.9973E-05 9.9973E-05 0.034008 0.957139 0.00855332
9.99731E-05 0.309284 9.99731E-05 9.99731E-05 0.487195 0.20322
9.9964E-05 9.9964E-05 9.9964E-05 0.0224682 0.977132 9.9964E-05
0.597187 9.99731E-05 9.99731E-05 9.99731E-05 0.0317025 0.370811
9.9982E-05 0.0924468 9.9982E-05 0.00507074 0.405564 0.496718
0.454539 0.0981909 9.9982E-05 9.9982E-05 0.0455159 0.401554
9.99731E-05 0.781988 9.99731E-05 0.0750761 9.99731E-05 0.142636
0.0485936 0.779311 9.9982E-05 0.0595984 9.9982E-05 0.112297
0.200088 0.627999 9.9982E-05 0.148024 0.0236886 9.9982E-05
0.9995 9.996E-05 9.996E-05 9.996E-05 9.996E-05 9.996E-05
0.0127954 9.9973E-05 0.0189181 9.9973E-05 0.967987 9.9973E-05
9.9964E-05 0.061597 9.9964E-05 9.9964E-05 0.938003 9.9964E-05
0.324576 0.612389 9.9973E-05 9.9973E-05 9.9973E-05 0.0627357
0.189181 0.353695 0.098577 0.349916 0.00853185 9.9991E-05
9.99729E-05 0.219395 0.701511 9.99729E-05 9.99729E-05 0.0787937
9.9964E-05 9.9964E-05 0.898783 0.100817 9.9964E-05 9.9964E-05
0.0156038 0.852447 9.9973E-05 0.13165 9.9973E-05 9.9973E-05
9.996E-05 9.996E-05 0.9995 9.996E-05 9.996E-05 9.996E-05
0.0972196 0.892544 9.9973E-05 0.00993638 9.9973E-05 9.9973E-05
9.9982E-05 0.140137 0.437285 0.3551 9.9982E-05 0.0672771
9.99639E-05 9.99639E-05 0.931483 0.0681172 9.99639E-05 9.99639E-05
9.99641E-05 9.99641E-05 9.99641E-05 9.99641E-05 0.997103 0.00249678
9.996E-05 9.996E-05 9.996E-05 9.996E-05 0.9995 9.996E-05
0.728215 0.178446 9.99729E-05 0.093039 9.99729E-05 9.99729E-05
0.00478498 9.9973E-05 9.9973E-05 9.9973E-05 0.949079 0.0458366
0.0177042 9.9973E-05 9.9973E-05 9.9973E-05 0.921168 0.0608281
0.0153457 9.9991E-05 0.016098 0.0310142 0.652835 0.284607
9.9973E-05 9.9973E-05 9.9973E-05 0.0361447 0.62767 0.335885
9.99732E-05 0.332112 9.99732E-05 9.99732E-05 0.106232 0.561356
9.99641E-05 9.99641E-05 9.99641E-05 0.0014543 0.998146 9.99641E-05
9.9973E-05 9.9973E-05 9.9973E-05 0.0155377 0.0557285 0.928434
0.539739 0.165703 9.99819E-05 0.246148 0.0482104 9.99819E-05
0.0418875 9.99729E-05 9.99729E-05 0.0018017 0.956011 9.99729E-05
9.99731E-05 0.950163 9.99731E-05 0.000466791 0.0490698 9.99731E-05
9.9982E-05 0.772423 0.026673 9.9982E-05 0.0408309 0.159873
0.191265 0.175496 0.0841056 0.379056 0.169977 9.9991E-05
9.99729E-05 0.848556 9.99729E-05 0.039251 0.111893 9.99729E-05
9.9973E-05 0.877969 9.9973E-05 0.039365 0.0823659 9.9973E-05
9.9973E-05 0.934264 0.0411299 0.024306 9.9973E-05 9.9973E-05
0.287573 0.666833 9.9973E-05 9.9973E-05 9.9973E-05 0.0452943
0.0296561 0.845075 0.0184475 0.0707932 9.9991E-05 0.0359285
0.163953 0.517297 0.121167 0.168107 9.9991E-05 0.0293754
0.00549739 0.770948 0.0468405 0.0655628 0.0458542 0.0652974
0.252272 0.466762 9.9991E-05 0.11567 0.105097 0.0600988
9.99644E-05 0.975272 0.0243279 9.99644E-05 9.99644E-05 9.99644E-05
9.996E-05 9.996E-05 9.996E-05 9.996E-05 9.996E-05 0.9995
9.996E-05 9.996E-05 9.996E-05 9.996E-05 9.996E-05 0.9995
9.996E-05 9.996E-05 9.996E-05 9.996E-05 9.996E-05 0.9995
9.996E-05 9.996E-05 9.996E-05 9.996E-05 9.996E-05 0.9995
9.996E-05 9.996E-05 9.996E-05 9.996E-05 9.996E-05 0.9995
0.105282 9.9991E-05 0.0310316 0.0102138 0.227367 0.626006
9.99729E-05 0.00937121 9.99729E-05 0.0128793 9.99729E-05 0.97745
0.0557405 0.94386 9.9964E-05 9.9964E-05 9.9964E-05 9.9964E-05
9.9973E-05 0.352369 9.9973E-05 9.9973E-05 0.0908288 0.556502
9.996E-05 9.996E-05 9.996E-05 9.996E-05 0.9995 9.996E-05
0.906745 0.0446985 9.9973E-05 0.0482564 9.9973E-05 9.9973E-05
0.361194 0.589967 9.9973E-05 9.9973E-05 0.0485389 9.9973E-05
0.9995 9.996E-05 9.996E-05 9.996E-05 9.996E-05 9.996E-05
0.869408 0.130192 9.99639E-05 9.99639E-05 9.99639E-05 9.99639E-05
0.86511 0.0418909 0.00715835 0.0856412 9.99819E-05 9.99819E-05
9.99731E-05 0.11658 0.876127 9.99731E-05 9.99731E-05 0.00699313
9.99641E-05 9.99641E-05 9.99641E-05 0.00349653 0.996104 9.99641E-05
0.194985 0.212726 0.0514069 0.0327237 0.325438 0.18272
0.0311323 9.99731E-05 9.99731E-05 9.99731E-05 0.962569 0.00599863
9.9973E-05 0.0249908 9.9973E-05 9.9973E-05 0.972694 0.00201568
0.0136492 9.9973E-05 9.9973E-05 9.9973E-05 0.897687 0.0883637
9.9973E-05 9.9973E-05 0.0195458 9.9973E-05 0.974657 0.00549764
9.9973E-05 0.0673509 9.9973E-05 0.0163433 0.916006 9.9973E-05
0.0151092 0.00525752 9.9973E-05 9.9973E-05 0.979333 9.9973E-05
9.99642E-05 9.99642E-05 9.99642E-05 9.99642E-05 0.461881 0.537719
0.180064 9.99732E-05 9.99732E-05 9.99732E-05 0.421971 0.397665
9.9973E-05 0.00493358 9.9973E-05 0.0203868 0.97438 9.9973E-05
0.123241 0.666984 9.9991E-05 0.0487025 0.0560703 0.104902
0.170077 0.626464 9.9991E-05 0.0497924 0.0396852 0.113882
9.996E-05 9.996E-05 9.996E-05 0.9995 9.996E-05 9.996E-05
9.996E-05 9.996E-05 9.996E-05 0.9995 9.996E-05 9.996E-05
0.0285202 0.836315 0.00901163 0.0307686 9.9991E-05 0.0952844
0.0749403 0.821986 0.0156243 9.9982E-05 9.9982E-05 0.0872493
9.9964E-05 9.9964E-05 9.9964E-05 0.982851 9.9964E-05 0.016749
9.996E-05 9.996E-05 9.996E-05 0.9995 9.996E-05 9.996E-05
0.0457831 0.953817 9.99641E-05 9.99641E-05 9.99641E-05 9.99641E-05
0.300693 0.581704 0.0532126 9.9991E-05 0.0118021 0.052489
9.9973E-05 0.309639 9.9973E-05 9.9973E-05 0.0763828 0.613678
0.32791 0.162776 0.141372 0.297637 0.0702046 9.9991E-05
0.421807 0.176465 0.0856789 0.31585 9.9982E-05 9.9982E-05
0.0107401 9.9991E-05 0.0363818 0.0228632 0.565095 0.36482
