0.0181367 9.99369E-05 9.99369E-05 9.99369E-05 0.958719 0.0224452 9.99369E-05 9.99369E-05 9.99369E-05 9.99369E-05
0.0392107 9.99639E-05 0.521444 9.99639E-05 0.174544 0.0469696 0.209599 9.99639E-05 0.00783313 9.99639E-05
0.102545 0.0137649 0.156868 0.0410945 9.99643E-05 9.99643E-05 0.679436 9.99643E-05 9.99643E-05 0.00589128
0.0242495 9.9928E-05 9.9928E-05 9.9928E-05 9.9928E-05 9.9928E-05 0.974951 9.9928E-05 9.9928E-05 9.9928E-05
9.995E-05 9.995E-05 0.416468 9.995E-05 0.0943956 9.995E-05 0.380062 9.995E-05 0.0298778 0.0786969
0.00579978 9.9946E-05 9.9946E-05 9.9946E-05 9.9946E-05 9.9946E-05 0.969977 0.0190438 9.9946E-05 0.00458024
9.99279E-05 0.249614 0.749586 9.99279E-05 9.99279E-05 9.99279E-05 9.99279E-05 9.99279E-05 9.99279E-05 9.99279E-05
0.0117909 9.9955E-05 0.407219 9.9955E-05 9.9955E-05 9.9955E-05 0.351126 9.9955E-05 0.18706 0.0423045
9.99369E-05 0.184847 0.796471 9.99369E-05 9.99369E-05 0.0179826 9.99369E-05 9.99369E-05 9.99369E-05 9.99369E-05
9.99371E-05 9.99371E-05 0.0971375 9.99371E-05 9.99371E-05 0.870937 9.99371E-05 9.99371E-05 9.99371E-05 0.031226
9.99282E-05 9.99282E-05 0.0564937 9.99282E-05 9.99282E-05 0.942707 9.99282E-05 9.99282E-05 9.99282E-05 9.99282E-05
0.144472 0.201816 9.9946E-05 9.9946E-05 0.647991 9.9946E-05 0.00512169 9.9946E-05 9.9946E-05 9.9946E-05
9.99201E-05 0.999101 9.99201E-05 9.99201E-05 9.99201E-05 9.99201E-05 9.99201E-05 9.99201E-05 9.99201E-05 9.99201E-05
9.9946E-05 0.00850255 9.9946E-05 0.0327541 0.0242372 9.9946E-05 0.933906 9.9946E-05 9.9946E-05 9.9946E-05
9.9937E-05 9.9937E-05 9.9937E-05 0.0189325 0.0441068 9.9937E-05 0.936261 9.9937E-05 9.9937E-05 9.9937E-05
9.9964E-05 0.334125 0.00436542 9.9964E-05 0.0188473 0.570435 0.0353161 9.9964E-05 0.0365117 9.9964E-05
9.99278E-05 9.99278E-05 9.99278E-05 9.99278E-05 9.99278E-05 0.065278 9.99278E-05 9.99278E-05 9.99278E-05 0.933923
9.99549E-05 9.99549E-05 0.00556306 0.798003 0.092293 0.0590183 9.99549E-05 9.99549E-05 0.0446228 9.99549E-05
0.0607492 9.9937E-05 9.9937E-05 0.0693901 9.9937E-05 9.9937E-05 9.9937E-05 0.869161 9.9937E-05 9.9937E-05
0.0443189 0.00535159 9.9955E-05 9.9955E-05 0.131885 0.747092 9.9955E-05 9.9955E-05 9.9955E-05 0.0708526
9.9928E-05 9.9928E-05 9.9928E-05 0.858768 9.9928E-05 9.9928E-05 9.9928E-05 0.140432 9.9928E-05 9.9928E-05
9.99459E-05 0.118473 9.99459E-05 9.99459E-05 0.506593 0.358819 9.99459E-05 9.99459E-05 9.99459E-05 0.015515
0.192476 9.996E-05 9.996E-05 0.473604 9.996E-05 0.0422683 0.0262584 9.996E-05 0.0158451 0.249148
0.0166074 9.9928E-05 9.9928E-05 0.982593 9.9928E-05 9.9928E-05 9.9928E-05 9.9928E-05 9.9928E-05 9.9928E-05
9.99372E-05 9.99372E-05 0.00264865 9.99372E-05 9.99372E-05 9.99372E-05 0.989025 9.99372E-05 0.00762685 9.99372E-05
9.99201E-05 9.99201E-05 9.99201E-05 9.99201E-05 9.99201E-05 9.99201E-05 0.999101 9.99201E-05 9.99201E-05 9.99201E-05
0.0288672 0.772708 9.99549E-05 9.99549E-05 0.0492008 0.102446 9.99549E-05 9.99549E-05 9.99549E-05 0.0462781
9.9946E-05 0.00752077 0.013199 9.9946E-05 9.9946E-05 9.9946E-05 0.930316 9.9946E-05 0.0483645 9.9946E-05
9.9937E-05 0.0133182 9.9937E-05 9.9937E-05 9.9937E-05 9.9937E-05 0.921067 9.9937E-05 0.0649156 9.9937E-05
9.99551E-05 9.99551E-05 0.0597395 9.99551E-05 9.99551E-05 9.99551E-05 0.716285 0.0439789 0.165796 0.0137008
0.0208422 9.9955E-05 0.142737 9.9955E-05 9.9955E-05 9.9955E-05 0.651806 9.9955E-05 0.130937 0.053178
0.0168454 9.9955E-05 0.720705 9.9955E-05 0.107406 9.9955E-05 0.0114024 9.9955E-05 0.143141 9.9955E-05
9.99282E-05 9.99282E-05 9.99282E-05 9.99282E-05 9.99282E-05 9.99282E-05 0.998711 9.99282E-05 9.99282E-05 0.000489666
9.99462E-05 9.99462E-05 0.119845 9.99462E-05 9.99462E-05 9.99462E-05 0.0782905 9.99462E-05 0.777825 0.0234403
0.0850169 0.427635 9.99729E-05 9.99729E-05 0.0782921 0.00253552 0.0096122 9.99729E-05 0.0137201 0.382889
9.99459E-05 0.00685596 0.0125025 9.99459E-05 9.99459E-05 9.99459E-05 0.975187 9.99459E-05 9.99459E-05 0.00485463
9.9928E-05 9.9928E-05 9.9928E-05 9.9928E-05 0.97022 9.9928E-05 9.9928E-05 9.9928E-05 9.9928E-05 0.0289804
9.9964E-05 9.9964E-05 0.164424 0.0244347 0.0931251 0.699461 0.00766966 9.9964E-05 9.9964E-05 0.010486
9.99201E-05 9.99201E-05 9.99201E-05 9.99201E-05 9.99201E-05 9.99201E-05 9.99201E-05 9.99201E-05 9.99201E-05 0.999101
9.995E-05 9.995E-05 9.995E-05 9.995E-05 0.244106 0.562708 0.117797 0.00232221 9.995E-05 0.0725675
0.00631315 9.99729E-05 9.99729E-05 0.0112387 0.278724 0.605721 0.0676209 0.00120045 9.99729E-05 0.0288819
9.99369E-05 9.99369E-05 9.99369E-05 9.99369E-05 9.99369E-05 0.945885 9.99369E-05 0.0259647 9.99369E-05 0.0274505
9.9946E-05 0.208988 0.0905455 9.9946E-05 0.108527 0.59134 9.9946E-05 9.9946E-05 9.9946E-05 9.9946E-05
0.0049479 9.9937E-05 9.9937E-05 9.9937E-05 9.9937E-05 0.915865 9.9937E-05 9.9937E-05 9.9937E-05 0.0784875
0.094156 0.14986 9.99549E-05 0.173587 0.0467192 0.535178 9.99549E-05 9.99549E-05 9.99549E-05 9.99549E-05
9.9964E-05 0.0259239 9.9964E-05 9.9964E-05 0.109627 0.691735 0.0657853 0.0478903 9.9964E-05 0.0586389
9.9973E-05 0.130584 0.00382271 9.9973E-05 0.238962 0.124534 0.0761602 9.9973E-05 0.0522715 0.373365
9.99284E-05 9.99284E-05 9.99284E-05 9.99284E-05 0.958801 9.99284E-05 9.99284E-05 0.0404 9.99284E-05 9.99284E-05
9.99201E-05 9.99201E-05 9.99201E-05 9.99201E-05 9.99201E-05 9.99201E-05 9.99201E-05 9.99201E-05 0.999101 9.99201E-05
9.99281E-05 9.99281E-05 9.99281E-05 0.00332996 9.99281E-05 9.99281E-05 9.99281E-05 9.99281E-05 0.995871 9.99281E-05
0.00066656 9.9937E-05 9.9937E-05 9.9937E-05 9.9937E-05 0.0276224 9.9937E-05 9.9937E-05 0.971011 9.9937E-05
9.99201E-05 9.99201E-05 9.99201E-05 9.99201E-05 9.99201E-05 9.99201E-05 9.99201E-05 9.99201E-05 0.999101 9.99201E-05
9.99201E-05 9.99201E-05 9.99201E-05 9.99201E-05 9.99201E-05 9.99201E-05 9.99201E-05 9.99201E-05 0.999101 9.99201E-05
9.99551E-05 9.99551E-05 0.181581 9.99551E-05 9.99551E-05 9.99551E-05 0.187604 0.0449818 0.482467 0.102867
9.9937E-05 9.9937E-05 0.0143058 9.9937E-05 9.9937E-05 0.0196458 9.9937E-05 9.9937E-05 0.965349 9.9937E-05
9.99369E-05 0.0996864 9.99369E-05 9.99369E-05 0.837139 0.0624753 9.99369E-05 9.99369E-05 9.99369E-05 9.99369E-05
0.0324754 9.99548E-05 0.698568 9.99548E-05 0.116191 9.99548E-05 0.000103916 9.99548E-05 0.152162 9.99548E-05
9.99279E-05 9.99279E-05 9.99279E-05 9.99279E-05 9.99279E-05 9.99279E-05 0.992457 9.99279E-05 9.99279E-05 0.00674344
0.048156 0.868075 9.9946E-05 9.9946E-05 0.0653794 9.9946E-05 9.9946E-05 9.9946E-05 0.0177902 9.9946E-05
9.99461E-05 0.308271 9.99461E-05 9.99461E-05 0.0962616 0.514886 0.0799821 9.99461E-05 9.99461E-05 9.99461E-05
9.99201E-05 0.999101 9.99201E-05 9.99201E-05 9.99201E-05 9.99201E-05 9.99201E-05 9.99201E-05 9.99201E-05 9.99201E-05
9.99279E-05 0.864497 9.99279E-05 9.99279E-05 9.99279E-05 0.134703 9.99279E-05 9.99279E-05 9.99279E-05 9.99279E-05
0.0573004 0.839021 9.99639E-05 9.99639E-05 0.000747891 0.0253802 9.99639E-05 0.00709811 9.99639E-05 0.0700524
9.9928E-05 9.9928E-05 0.00271524 9.9928E-05 9.9928E-05 9.9928E-05 9.9928E-05 0.996485 9.9928E-05 9.9928E-05
0.0074026 9.99283E-05 9.99283E-05 9.99283E-05 9.99283E-05 9.99283E-05 0.991798 9.99283E-05 9.99283E-05 9.99283E-05
0.0217304 0.0714003 0.181701 0.0414312 0.0276566 0.166393 0.254374 9.9991E-05 0.111492 0.123722
9.99372E-05 0.0233129 0.0107414 9.99372E-05 9.99372E-05 9.99372E-05 0.965246 9.99372E-05 9.99372E-05 9.99372E-05
9.9946E-05 9.9946E-05 9.9946E-05 9.9946E-05 0.00961732 9.9946E-05 0.934601 9.9946E-05 0.00117837 0.054004
9.9946E-05 0.0236729 0.0381676 9.9946E-05 9.9946E-05 9.9946E-05 0.896124 9.9946E-05 0.0414362 9.9946E-05
9.9946E-05 9.9946E-05 9.9946E-05 0.00617558 0.0489673 9.9946E-05 0.898632 9.9946E-05 0.0456257 9.9946E-05
9.99551E-05 9.99551E-05 0.0457727 9.99551E-05 0.00618298 0.0221689 0.88316 9.99551E-05 9.99551E-05 0.0422155
9.99279E-05 9.99279E-05 9.99279E-05 9.99279E-05 9.99279E-05 9.99279E-05 0.981278 9.99279E-05 9.99279E-05 0.0179222
9.99462E-05 9.99462E-05 0.394737 9.99462E-05 9.99462E-05 9.99462E-05 0.422982 9.99462E-05 0.151571 0.03011
9.99372E-05 0.0722665 0.524116 9.99372E-05 9.99372E-05 9.99372E-05 0.402918 9.99372E-05 9.99372E-05 9.99372E-05
9.9946E-05 9.9946E-05 9.9946E-05 0.00391784 9.9946E-05 0.042958 0.940292 9.9946E-05 0.0122329 9.9946E-05
0.0288911 0.0667855 0.0954176 9.9973E-05 0.0511033 0.67615 0.0391582 9.9973E-05 0.0421943 9.9973E-05
0.00297169 0.103444 0.0801002 9.9964E-05 9.9964E-05 0.698904 0.0567448 9.9964E-05 0.0574352 9.9964E-05
0.999101 9.99201E-05 9.99201E-05 9.99201E-05 9.99201E-05 9.99201E-05 9.99201E-05 9.99201E-05 9.99201E-05 9.99201E-05
0.999101 9.99201E-05 9.99201E-05 9.99201E-05 9.99201E-05 9.99201E-05 9.99201E-05 9.99201E-05 9.99201E-05 9.99201E-05
9.9937E-05 0.00114876 9.9937E-05 9.9937E-05 0.010415 0.987737 9.9937E-05 9.9937E-05 9.9937E-05 9.9937E-05
9.9928E-05 0.0304116 9.9928E-05 9.9928E-05 9.9928E-05 0.968789 9.9928E-05 9.9928E-05 9.9928E-05 9.9928E-05
0.959986 9.9946E-05 0.0124206 9.9946E-05 9.9946E-05 0.0212915 9.9946E-05 9.9946E-05 9.9946E-05 0.00570215
0.999101 9.99201E-05 9.99201E-05 9.99201E-05 9.99201E-05 9.99201E-05 9.99201E-05 9.99201E-05 9.99201E-05 9.99201E-05
9.993E-05 0.0177842 9.993E-05 9.993E-05 0.976485 9.993E-05 9.993E-05 9.993E-05 0.00503159 9.993E-05
9.99639E-05 0.232266 0.121684 0.0190252 0.0759431 0.517197 9.99639E-05 0.0334845 9.99639E-05 9.99639E-05
9.99368E-05 9.99368E-05 0.7212 9.99368E-05 0.115699 9.99368E-05 9.99368E-05 9.99368E-05 0.162402 9.99368E-05
0.0918267 0.257372 9.99731E-05 0.112909 9.99731E-05 0.084725 0.0195669 9.99731E-05 0.0327233 0.400577
0.182154 0.310493 9.99551E-05 0.0501175 0.131596 9.99551E-05 9.99551E-05 9.99551E-05 9.99551E-05 0.325139
0.0325779 9.99731E-05 0.237885 0.0069786 9.99731E-05 9.99731E-05 0.591438 0.0134166 0.113153 0.00425159
