9.99369E-05 9.99369E-05 9.99369E-05 9.99369E-05 0.039009 9.99369E-05 9.99369E-05 9.99369E-05 0.0124326 0.947859
0.0637716 9.99549E-05 9.99549E-05 0.165774 0.0281946 9.99549E-05 9.99549E-05 0.638265 9.99549E-05 0.103495
9.99554E-05 0.287591 0.0832606 0.574287 0.0504383 9.99554E-05 0.00392311 9.99554E-05 9.99554E-05 9.99554E-05
9.9928E-05 9.9928E-05 9.9928E-05 0.956132 0.0430684 9.9928E-05 9.9928E-05 9.9928E-05 9.9928E-05 9.9928E-05
0.0677314 0.13769 9.9973E-05 0.334809 9.9973E-05 0.0690104 9.9973E-05 0.260466 0.0559573 0.0740347
0.0385643 9.99371E-05 9.99371E-05 0.960375 0.000360874 9.99371E-05 9.99371E-05 9.99371E-05 9.99371E-05 9.99371E-05
9.99282E-05 9.99282E-05 0.20622 9.99282E-05 9.99282E-05 9.99282E-05 9.99282E-05 0.792981 9.99282E-05 9.99282E-05
9.99639E-05 0.639318 9.99639E-05 0.084818 0.00656844 0.116673 9.99639E-05 0.0634168 0.0888059 9.99639E-05
9.99281E-05 9.99281E-05 0.152268 9.99281E-05 9.99281E-05 9.99281E-05 9.99281E-05 0.846932 9.99281E-05 9.99281E-05
9.99282E-05 0.00969126 9.99282E-05 9.99282E-05 9.99282E-05 9.99282E-05 9.99282E-05 9.99282E-05 0.989509 9.99282E-05
9.99201E-05 9.99201E-05 9.99201E-05 9.99201E-05 9.99201E-05 9.99201E-05 9.99201E-05 9.99201E-05 0.999101 9.99201E-05
9.9946E-05 9.9946E-05 0.205996 0.0289441 0.127042 9.9946E-05 9.9946E-05 9.9946E-05 9.9946E-05 0.637419
9.99281E-05 0.0311263 0.968074 9.99281E-05 9.99281E-05 9.99281E-05 9.99281E-05 9.99281E-05 9.99281E-05 9.99281E-05
0.0511314 9.9946E-05 9.9946E-05 0.922064 9.9946E-05 9.9946E-05 0.00860427 9.9946E-05 9.9946E-05 0.0176009
9.99371E-05 9.99371E-05 9.99371E-05 0.937286 9.99371E-05 9.99371E-05 0.0134441 9.99371E-05 9.99371E-05 0.0485699
0.0458833 9.99639E-05 0.290244 9.99639E-05 9.99639E-05 0.00875211 9.99639E-05 0.115118 0.445387 0.0942162
0.880635 9.99278E-05 9.99278E-05 9.99278E-05 9.99278E-05 9.99278E-05 9.99278E-05 9.99278E-05 0.118565 9.99278E-05
9.995E-05 9.995E-05 9.995E-05 9.995E-05 9.995E-05 0.0178395 0.727116 0.0401382 0.188295 0.0261111
9.99281E-05 9.99281E-05 9.99281E-05 9.99281E-05 0.105293 9.99281E-05 0.893907 9.99281E-05 9.99281E-05 9.99281E-05
0.0948596 9.9955E-05 0.00307431 9.9955E-05 0.0113201 9.9955E-05 9.9955E-05 9.9955E-05 0.752707 0.137539
9.99201E-05 9.99201E-05 9.99201E-05 9.99201E-05 9.99201E-05 9.99201E-05 0.999101 9.99201E-05 9.99201E-05 9.99201E-05
0.0511956 9.9955E-05 0.0967772 9.9955E-05 9.9955E-05 0.026939 9.9955E-05 9.9955E-05 0.253628 0.570961
0.29236 9.9946E-05 9.9946E-05 9.9946E-05 0.174419 9.9946E-05 0.406061 9.9946E-05 0.126561 9.9946E-05
0.0213708 9.9937E-05 9.9937E-05 9.9937E-05 0.0590671 9.9937E-05 0.918863 9.9937E-05 9.9937E-05 9.9937E-05
9.99282E-05 9.99282E-05 9.99282E-05 0.995588 9.99282E-05 0.00361303 9.99282E-05 9.99282E-05 9.99282E-05 9.99282E-05
9.99201E-05 9.99201E-05 9.99201E-05 0.999101 9.99201E-05 9.99201E-05 9.99201E-05 9.99201E-05 9.99201E-05 9.99201E-05
0.0469801 9.99549E-05 0.768557 9.99549E-05 0.0345491 9.99549E-05 9.99549E-05 9.99549E-05 0.0945233 0.0548909
9.9946E-05 9.9946E-05 0.00109868 0.928638 9.9946E-05 0.0372438 9.9946E-05 0.0324201 9.9946E-05 9.9946E-05
9.9937E-05 9.9937E-05 9.9937E-05 0.880752 9.9937E-05 0.0603289 9.9937E-05 0.0582191 9.9937E-05 9.9937E-05
9.99461E-05 0.218193 9.99461E-05 0.543622 9.99461E-05 0.211883 0.0257019 9.99461E-05 9.99461E-05 9.99461E-05
0.072313 0.437046 9.99459E-05 0.39896 9.99459E-05 0.0910819 9.99459E-05 9.99459E-05 9.99459E-05 9.99459E-05
9.99282E-05 9.99282E-05 9.99282E-05 9.99282E-05 9.99282E-05 0.0708872 9.99282E-05 0.928313 9.99282E-05 9.99282E-05
0.00422139 0.163844 9.99371E-05 0.831235 9.99371E-05 9.99371E-05 9.99371E-05 9.99371E-05 9.99371E-05 9.99371E-05
9.9955E-05 0.287127 9.9955E-05 9.9955E-05 0.0152809 0.661662 9.9955E-05 0.035324 9.9955E-05 0.000106082
0.304616 0.0563543 0.503912 9.99638E-05 0.0861252 9.99638E-05 9.99638E-05 9.99638E-05 0.0120875 0.0365053
0.0320688 0.0461251 9.99369E-05 0.921107 9.99369E-05 9.99369E-05 9.99369E-05 9.99369E-05 9.99369E-05 9.99369E-05
9.9928E-05 0.0393814 9.9928E-05 9.9928E-05 9.9928E-05 9.9928E-05 9.9928E-05 9.9928E-05 9.9928E-05 0.959819
0.0159034 0.0751168 9.9982E-05 0.00444576 9.9982E-05 0.00636518 0.0239974 0.120731 0.679787 0.0734537
0.999101 9.99201E-05 9.99201E-05 9.99201E-05 9.99201E-05 9.99201E-05 9.99201E-05 9.99201E-05 9.99201E-05 9.99201E-05
0.111511 9.99459E-05 9.99459E-05 0.111039 9.99459E-05 9.99459E-05 9.99459E-05 9.99459E-05 0.520612 0.256239
0.089448 9.99639E-05 9.99639E-05 0.0861874 0.00529446 9.99639E-05 9.99639E-05 0.00335017 0.527004 0.288316
9.9937E-05 9.9937E-05 0.00124039 9.9937E-05 9.9937E-05 9.9937E-05 9.9937E-05 9.9937E-05 0.99707 0.000990177
9.99459E-05 9.99459E-05 0.221478 9.99459E-05 9.99459E-05 9.99459E-05 9.99459E-05 0.2376 0.44811 0.0922128
0.0136696 9.9937E-05 0.00497125 9.9937E-05 9.9937E-05 9.9937E-05 9.9937E-05 9.9937E-05 0.98066 9.9937E-05
9.9964E-05 9.9964E-05 0.191888 9.9964E-05 0.115806 9.9964E-05 0.132826 0.0231768 0.487627 0.0482769
9.9973E-05 0.0258016 0.0683523 0.0624284 0.0157737 9.9973E-05 0.0338493 9.9973E-05 0.652909 0.140586
0.27411 9.9973E-05 0.170033 0.120134 0.0347765 0.0345137 9.9973E-05 9.9973E-05 0.19223 0.173903
9.99285E-05 9.99285E-05 9.99285E-05 9.99285E-05 9.99285E-05 9.99285E-05 0.0145629 9.99285E-05 9.99285E-05 0.984638
9.99201E-05 9.99201E-05 9.99201E-05 9.99201E-05 9.99201E-05 0.999101 9.99201E-05 9.99201E-05 9.99201E-05 9.99201E-05
0.00274686 9.99371E-05 9.99371E-05 9.99371E-05 9.99371E-05 0.991563 0.00499071 9.99371E-05 9.99371E-05 9.99371E-05
9.99281E-05 9.99281E-05 9.99281E-05 9.99281E-05 9.99281E-05 0.988983 9.99281E-05 9.99281E-05 0.0102176 9.99281E-05
9.99201E-05 9.99201E-05 9.99201E-05 9.99201E-05 9.99201E-05 0.999101 9.99201E-05 9.99201E-05 9.99201E-05 9.99201E-05
9.99201E-05 9.99201E-05 9.99201E-05 9.99201E-05 9.99201E-05 0.999101 9.99201E-05 9.99201E-05 9.99201E-05 9.99201E-05
0.00150185 0.31976 9.9982E-05 0.0725092 0.00479711 0.401695 0.0483525 0.129942 0.0212427 9.9982E-05
9.9946E-05 9.9946E-05 0.000768777 9.9946E-05 9.9946E-05 0.923879 9.9946E-05 0.0600965 9.9946E-05 0.0146559
9.99369E-05 9.99369E-05 0.0516222 9.99369E-05 9.99369E-05 9.99369E-05 9.99369E-05 9.99369E-05 0.0540283 0.89365
9.995E-05 9.995E-05 9.995E-05 0.0243741 0.0231803 0.0948697 9.995E-05 0.840153 9.995E-05 0.0169234
0.0205678 9.9928E-05 9.9928E-05 0.978633 9.9928E-05 9.9928E-05 9.9928E-05 9.9928E-05 9.9928E-05 9.9928E-05
9.9946E-05 9.9946E-05 0.849548 9.9946E-05 0.0418599 0.0124727 9.9946E-05 9.9946E-05 9.9946E-05 0.0955202
9.9973E-05 0.0135345 0.355017 0.075292 0.00957048 9.9973E-05 9.9973E-05 0.0565384 0.306341 0.183407
9.99201E-05 9.99201E-05 0.999101 9.99201E-05 9.99201E-05 9.99201E-05 9.99201E-05 9.99201E-05 9.99201E-05 9.99201E-05
9.99279E-05 9.99279E-05 0.900314 9.99279E-05 9.99279E-05 9.99279E-05 9.99279E-05 9.99279E-05 0.0988866 9.99279E-05
9.99369E-05 9.99369E-05 0.834015 9.99369E-05 0.06229 9.99369E-05 9.99369E-05 9.99369E-05 0.102995 9.99369E-05
9.99461E-05 0.0107796 9.99461E-05 9.99461E-05 9.99461E-05 0.00194126 0.889515 9.99461E-05 9.99461E-05 0.0971645
9.99373E-05 9.99373E-05 9.99373E-05 0.973606 0.011773 9.99373E-05 9.99373E-05 9.99373E-05 0.0139215 9.99373E-05
0.0776629 9.9991E-05 0.153577 0.257342 0.00608246 0.0434696 0.0436178 0.201594 0.0688376 0.147716
9.99372E-05 0.117734 0.0317313 0.849835 9.99372E-05 9.99372E-05 9.99372E-05 9.99372E-05 9.99372E-05 9.99372E-05
0.0541015 0.0042759 9.9955E-05 0.928408 9.9955E-05 0.00205021 9.9955E-05 9.9955E-05 9.9955E-05 0.010665
9.9946E-05 0.0876852 9.9946E-05 0.851892 9.9946E-05 0.016207 9.9946E-05 0.0436158 9.9946E-05 9.9946E-05
9.99371E-05 0.00286738 9.99371E-05 0.882441 9.99371E-05 9.99371E-05 9.99371E-05 0.113992 9.99371E-05 9.99371E-05
9.9955E-05 0.170928 9.9955E-05 0.779358 0.00487962 9.9955E-05 9.9955E-05 9.9955E-05 0.0353923 0.00894272
0.0605854 9.99279E-05 9.99279E-05 0.938615 9.99279E-05 9.99279E-05 9.99279E-05 9.99279E-05 9.99279E-05 9.99279E-05
9.99201E-05 0.999101 9.99201E-05 9.99201E-05 9.99201E-05 9.99201E-05 9.99201E-05 9.99201E-05 9.99201E-05 9.99201E-05
9.99279E-05 0.961842 0.0373588 9.99279E-05 9.99279E-05 9.99279E-05 9.99279E-05 9.99279E-05 9.99279E-05 9.99279E-05
9.99551E-05 9.99551E-05 9.99551E-05 0.920383 0.0145101 0.0547621 9.99551E-05 9.99551E-05 0.00038128 0.00946352
0.0694269 9.99729E-05 0.0674797 0.0169995 0.0144693 9.99729E-05 9.99729E-05 0.312162 0.477511 0.0416516
9.99639E-05 9.99639E-05 0.141464 0.00632824 0.0068191 9.99639E-05 9.99639E-05 0.316735 0.471759 0.0564947
9.99201E-05 9.99201E-05 9.99201E-05 9.99201E-05 0.999101 9.99201E-05 9.99201E-05 9.99201E-05 9.99201E-05 9.99201E-05
9.99201E-05 9.99201E-05 9.99201E-05 9.99201E-05 0.999101 9.99201E-05 9.99201E-05 9.99201E-05 9.99201E-05 9.99201E-05
9.9955E-05 0.0289862 0.0252626 9.9955E-05 9.9955E-05 9.9955E-05 9.9955E-05 0.00309632 0.941152 0.00100295
9.9937E-05 9.9937E-05 0.0303761 9.9937E-05 9.9937E-05 9.9937E-05 9.9937E-05 0.0271198 0.941805 9.9937E-05
0.0117095 9.99461E-05 9.99461E-05 9.99461E-05 0.970125 9.99461E-05 9.99461E-05 0.00999673 0.00756866 9.99461E-05
9.99201E-05 9.99201E-05 9.99201E-05 9.99201E-05 0.999101 9.99201E-05 9.99201E-05 9.99201E-05 9.99201E-05 9.99201E-05
9.99369E-05 9.99369E-05 0.0482471 9.99369E-05 9.99369E-05 0.00120734 9.99369E-05 9.99369E-05 9.99369E-05 0.949846
9.995E-05 9.995E-05 0.223208 9.995E-05 9.995E-05 9.995E-05 0.0530885 0.158933 0.48604 0.0782305
9.99278E-05 9.99278E-05 9.99278E-05 9.99278E-05 9.99278E-05 0.109012 9.99278E-05 0.890188 9.99278E-05 9.99278E-05
0.335278 9.99641E-05 0.272441 0.0223948 0.123126 9.99641E-05 0.0787227 9.99641E-05 0.167638 9.99641E-05
0.41044 9.99551E-05 0.287611 9.99551E-05 0.142185 9.99551E-05 0.0294918 9.99551E-05 9.99551E-05 0.129773
9.99551E-05 0.577596 9.99551E-05 0.31231 0.014009 0.0391803 0.0564045 9.99551E-05 9.99551E-05 9.99551E-05
