9.98919E-05 0.0577198 9.98919E-05 9.98919E-05 9.98919E-05 9.98919E-05 9.98919E-05 0.000518906 9.98919E-05 9.98919E-05 9.98919E-05 9.98919E-05 0.940563 9.98919E-05 9.98919E-05
0.156277 9.99099E-05 9.99099E-05 9.99099E-05 0.05036 0.115175 9.99099E-05 9.99099E-05 9.99099E-05 9.99099E-05 9.99099E-05 9.99099E-05 0.03521 0.641978 9.99099E-05
9.98741E-05 9.98741E-05 9.98741E-05 9.98741E-05 9.98741E-05 9.98741E-05 9.98741E-05 9.98741E-05 9.98741E-05 9.98741E-05 0.998602 9.98741E-05 9.98741E-05 9.98741E-05 9.98741E-05
0.876599 9.99011E-05 9.99011E-05 0.0877756 9.99011E-05 9.99011E-05 0.0103407 0.0241857 9.99011E-05 9.99011E-05 9.99011E-05 9.99011E-05 9.99011E-05 9.99011E-05 9.99011E-05
0.38269 0.0843285 0.020126 9.99551E-05 9.99551E-05 0.0133102 0.122046 9.99551E-05 0.20985 9.99551E-05 0.053788 0.0242213 0.0603346 0.028805 9.99551E-05
0.994887 9.98831E-05 0.00381404 9.98831E-05 9.98831E-05 9.98831E-05 9.98831E-05 9.98831E-05 9.98831E-05 9.98831E-05 9.98831E-05 9.98831E-05 9.98831E-05 9.98831E-05 9.98831E-05
9.98741E-05 9.98741E-05 9.98741E-05 9.98741E-05 9.98741E-05 9.98741E-05 9.98741E-05 9.98741E-05 0.998602 9.98741E-05 9.98741E-05 9.98741E-05 9.98741E-05 9.98741E-05 9.98741E-05
0.117706 0.0870954 0.500076 0.0577328 9.9928E-05 9.9928E-05 0.104034 9.9928E-05 9.9928E-05 9.9928E-05 0.000276968 9.9928E-05 9.9928E-05 0.13228 9.9928E-05
9.9892E-05 9.9892E-05 9.9892E-05 9.9892E-05 9.9892E-05 0.00287159 9.9892E-05 9.9892E-05 0.946516 9.9892E-05 9.9892E-05 9.9892E-05 9.9892E-05 0.0494137 9.9892E-05
9.98832E-05 0.859133 9.98832E-05 9.98832E-05 9.98832E-05 9.98832E-05 9.98832E-05 9.98832E-05 0.139568 9.98832E-05 9.98832E-05 9.98832E-05 9.98832E-05 9.98832E-05 9.98832E-05
9.98831E-05 0.861786 9.98831E-05 9.98831E-05 9.98831E-05 9.98831E-05 9.98831E-05 9.98831E-05 0.136915 9.98831E-05 9.98831E-05 9.98831E-05 9.98831E-05 9.98831E-05 9.98831E-05
9.991E-05 9.991E-05 9.991E-05 0.0265166 9.991E-05 9.991E-05 9.991E-05 0.117825 0.00810765 9.991E-05 9.991E-05 9.991E-05 0.703132 9.991E-05 0.14342
9.98923E-05 9.98923E-05 9.98923E-05 0.0211869 9.98923E-05 9.98923E-05 9.98923E-05 9.98923E-05 9.98923E-05 9.98923E-05 9.98923E-05 0.00317489 9.98923E-05 9.98923E-05 0.974439
0.97648 9.99011E-05 9.99011E-05 9.99011E-05 9.99011E-05 9.99011E-05 9.99011E-05 0.00212686 9.99011E-05 0.00065207 9.99011E-05 0.0196423 9.99011E-05 9.99011E-05 9.99011E-05
0.973314 0.00813799 9.98921E-05 9.98921E-05 9.98921E-05 9.98921E-05 9.98921E-05 9.98921E-05 9.98921E-05 9.98921E-05 9.98921E-05 9.98921E-05 0.0173497 9.98921E-05 9.98921E-05
9.99099E-05 0.0129055 9.99099E-05 9.99099E-05 0.73399 9.99099E-05 9.99099E-05 9.99099E-05 9.99099E-05 9.99099E-05 9.99099E-05 0.125871 9.99099E-05 0.00889256 0.117342
9.9883E-05 0.0383561 9.9883E-05 9.9883E-05 9.9883E-05 0.960345 9.9883E-05 9.9883E-05 9.9883E-05 9.9883E-05 9.9883E-05 9.9883E-05 9.9883E-05 9.9883E-05 9.9883E-05
9.99098E-05 0.129152 9.99098E-05 9.99098E-05 0.0617544 9.99098E-05 0.0160446 9.99098E-05 9.99098E-05 0.720145 9.99098E-05 9.99098E-05 9.99098E-05 0.0719044 9.99098E-05
9.9883E-05 9.9883E-05 9.9883E-05 9.9883E-05 9.9883E-05 9.9883E-05 9.9883E-05 0.0567934 9.9883E-05 0.941908 9.9883E-05 9.9883E-05 9.9883E-05 9.9883E-05 9.9883E-05
9.99008E-05 0.452849 9.99008E-05 9.99008E-05 0.256312 9.99008E-05 9.99008E-05 9.99008E-05 9.99008E-05 9.99008E-05 9.99008E-05 0.214998 0.0747419 9.99008E-05 9.99008E-05
9.98832E-05 9.98832E-05 9.98832E-05 9.98832E-05 9.98832E-05 9.98832E-05 9.98832E-05 9.98832E-05 9.98832E-05 0.996069 0.00263273 9.98832E-05 9.98832E-05 9.98832E-05 9.98832E-05
9.9919E-05 0.093134 9.9919E-05 9.9919E-05 0.315614 0.0250589 9.9919E-05 9.9919E-05 9.9919E-05 9.9919E-05 9.9919E-05 0.0257265 0.486517 9.9919E-05 0.05305
9.99012E-05 0.166304 9.99012E-05 9.99012E-05 9.99012E-05 0.287947 9.99012E-05 0.182512 9.99012E-05 0.362138 9.99012E-05 9.99012E-05 9.99012E-05 9.99012E-05 9.99012E-05
9.99099E-05 0.0214018 9.99099E-05 9.99099E-05 9.99099E-05 0.0116858 9.99099E-05 0.00624687 9.99099E-05 0.876057 9.99099E-05 0.083609 9.99099E-05 9.99099E-05 9.99099E-05
0.36459 9.98922E-05 9.98922E-05 0.620238 9.98922E-05 9.98922E-05 9.98922E-05 9.98922E-05 9.98922E-05 9.98922E-05 0.0139739 9.98922E-05 9.98922E-05 9.98922E-05 9.98922E-05
0.82627 9.98921E-05 9.98921E-05 0.17099 9.98921E-05 9.98921E-05 9.98921E-05 9.98921E-05 9.98921E-05 9.98921E-05 0.00154161 9.98921E-05 9.98921E-05 9.98921E-05 9.98921E-05
9.99098E-05 0.0686462 9.99098E-05 9.99098E-05 9.99098E-05 0.0495171 9.99098E-05 0.0341364 9.99098E-05 9.99098E-05 9.99098E-05 9.99098E-05 0.0514541 9.99098E-05 0.795247
9.9874E-05 9.9874E-05 9.9874E-05 0.998602 9.9874E-05 9.9874E-05 9.9874E-05 9.9874E-05 9.9874E-05 9.9874E-05 9.9874E-05 9.9874E-05 9.9874E-05 9.9874E-05 9.9874E-05
9.98741E-05 9.98741E-05 9.98741E-05 0.998602 9.98741E-05 9.98741E-05 9.98741E-05 9.98741E-05 9.98741E-05 9.98741E-05 9.98741E-05 9.98741E-05 9.98741E-05 9.98741E-05 9.98741E-05
0.311139 9.99461E-05 0.00512768 0.396249 9.99461E-05 0.0424474 0.153454 9.99461E-05 9.99461E-05 0.0216501 0.0401819 0.0274978 9.99461E-05 0.00165263 9.99461E-05
0.23626 9.9928E-05 0.242275 0.288204 9.9928E-05 0.0605332 0.11761 0.0126967 9.9928E-05 9.9928E-05 9.9928E-05 9.9928E-05 9.9928E-05 0.0416211 9.9928E-05
9.98744E-05 9.98744E-05 9.98744E-05 9.98744E-05 9.98744E-05 9.98744E-05 9.98744E-05 9.98744E-05 9.98744E-05 9.98744E-05 9.98744E-05 9.98744E-05 9.98744E-05 0.998602 9.98744E-05
0.61095 9.98921E-05 0.154193 0.233658 9.98921E-05 9.98921E-05 9.98921E-05 9.98921E-05 9.98921E-05 9.98921E-05 9.98921E-05 9.98921E-05 9.98921E-05 9.98921E-05 9.98921E-05
9.99102E-05 0.00551637 0.23456 0.0222002 9.99102E-05 9.99102E-05 0.684356 9.99102E-05 9.99102E-05 9.99102E-05 9.99102E-05 9.99102E-05 9.99102E-05 0.0523684 9.99102E-05
0.00535528 0.0132764 0.0133685 9.99458E-05 9.99458E-05 0.288933 0.0140773 0.0774994 9.99458E-05 9.99458E-05 9.99458E-05 0.0848884 0.0144376 9.99458E-05 0.487564
0.378618 9.99189E-05 0.00724745 0.594678 9.99189E-05 0.00595687 9.99189E-05 9.99189E-05 9.99189E-05 9.99189E-05 9.99189E-05 0.00268616 0.00991423 9.99189E-05 9.99189E-05
9.9901E-05 9.9901E-05 0.0244665 9.9901E-05 9.9901E-05 9.9901E-05 9.9901E-05 9.9901E-05 9.9901E-05 9.9901E-05 0.0167465 0.0147499 0.942938 9.9901E-05 9.9901E-05
9.99099E-05 0.659875 0.0374655 9.99099E-05 9.99099E-05 0.0657192 9.99099E-05 9.99099E-05 9.99099E-05 9.99099E-05 9.99099E-05 9.99099E-05 0.0582587 0.177682 9.99099E-05
9.9874E-05 9.9874E-05 9.9874E-05 9.9874E-05 9.9874E-05 0.998602 9.9874E-05 9.9874E-05 9.9874E-05 9.9874E-05 9.9874E-05 9.9874E-05 9.9874E-05 9.9874E-05 9.9874E-05
0.10719 0.211306 9.99098E-05 9.99098E-05 0.333248 0.139881 9.99098E-05 9.99098E-05 9.99098E-05 9.99098E-05 9.99098E-05 9.99098E-05 0.207376 9.99098E-05 9.99098E-05
0.0625318 0.265663 9.99278E-05 9.99278E-05 0.318549 0.0986366 9.99278E-05 9.99278E-05 9.99278E-05 0.000281664 9.99278E-05 9.99278E-05 0.250074 0.00346516 9.99278E-05
9.991E-05 0.914357 9.991E-05 9.991E-05 0.0282211 0.000310684 9.991E-05 9.991E-05 9.991E-05 9.991E-05 9.991E-05 0.0342879 0.0218239 9.991E-05 9.991E-05
9.99011E-05 9.99011E-05 9.99011E-05 9.99011E-05 0.876807 9.99011E-05 9.99011E-05 9.99011E-05 0.0853426 0.00132914 9.99011E-05 9.99011E-05 9.99011E-05 9.99011E-05 0.0354219
9.9892E-05 0.891537 9.9892E-05 9.9892E-05 9.9892E-05 9.9892E-05 9.9892E-05 9.9892E-05 9.9892E-05 9.9892E-05 9.9892E-05 0.0967233 9.9892E-05 9.9892E-05 0.0105415
9.99279E-05 0.353869 9.99279E-05 9.99279E-05 0.120442 9.99279E-05 9.99279E-05 0.0732915 9.99279E-05 0.0870994 9.99279E-05 0.221779 9.99279E-05 0.0417852 0.100934
0.0624859 0.416384 0.00320706 9.9928E-05 0.196319 9.9928E-05 9.9928E-05 9.9928E-05 9.9928E-05 0.0148115 9.9928E-05 0.179126 0.126866 9.9928E-05 9.9928E-05
0.0394564 0.157652 9.99549E-05 9.99549E-05 9.99549E-05 0.0709771 0.0597107 9.99549E-05 0.0456686 9.99549E-05 0.0187981 0.335105 0.206091 0.00947789 0.056564
9.98838E-05 9.98838E-05 9.98838E-05 9.98838E-05 9.98838E-05 9.98838E-05 9.98838E-05 9.98838E-05 9.98838E-05 0.00317264 9.98838E-05 9.98838E-05 0.995529 9.98838E-05 9.98838E-05
9.98831E-05 9.98831E-05 9.98831E-05 0.00358831 9.98831E-05 9.98831E-05 0.995113 9.98831E-05 9.98831E-05 9.98831E-05 9.98831E-05 9.98831E-05 9.98831E-05 9.98831E-05 9.98831E-05
9.98741E-05 9.98741E-05 9.98741E-05 9.98741E-05 9.98741E-05 9.98741E-05 0.998602 9.98741E-05 9.98741E-05 9.98741E-05 9.98741E-05 9.98741E-05 9.98741E-05 9.98741E-05 9.98741E-05
9.98832E-05 9.98832E-05 9.98832E-05 9.98832E-05 0.0141508 9.98832E-05 0.984551 9.98832E-05 9.98832E-05 9.98832E-05 9.98832E-05 9.98832E-05 9.98832E-05 9.98832E-05 9.98832E-05
0.00440423 9.98832E-05 9.98832E-05 9.98832E-05 9.98832E-05 9.98832E-05 0.994297 9.98832E-05 9.98832E-05 9.98832E-05 9.98832E-05 9.98832E-05 9.98832E-05 9.98832E-05 9.98832E-05
9.98742E-05 9.98742E-05 9.98742E-05 9.98742E-05 9.98742E-05 9.98742E-05 0.998602 9.98742E-05 9.98742E-05 9.98742E-05 9.98742E-05 9.98742E-05 9.98742E-05 9.98742E-05 9.98742E-05
0.0521771 0.0252953 0.122898 0.0719443 9.99461E-05 9.99461E-05 0.482361 9.99461E-05 0.119935 0.0528396 0.071356 0.000594854 9.99461E-05 9.99461E-05 9.99461E-05
9.99154E-05 9.99154E-05 9.99154E-05 9.99154E-05 0.0110262 9.99154E-05 0.900857 0.00634532 9.99154E-05 9.99154E-05 9.99154E-05 9.99154E-05 0.0131921 0.0675806 9.99154E-05
9.98918E-05 9.98918E-05 9.98918E-05 9.98918E-05 0.169958 9.98918E-05 9.98918E-05 9.98918E-05 9.98918E-05 9.98918E-05 9.98918E-05 0.0440007 0.784842 9.98918E-05 9.98918E-05
9.99279E-05 9.99279E-05 9.99279E-05 9.99279E-05 0.0264192 9.99279E-05 0.0286577 9.99279E-05 0.0354629 9.99279E-05 0.0046098 0.00189661 9.99279E-05 0.896895 0.00525911
0.603305 9.9892E-05 9.9892E-05 0.390376 9.9892E-05 9.9892E-05 9.9892E-05 9.9892E-05 9.9892E-05 9.9892E-05 0.00512077 9.9892E-05 9.9892E-05 9.9892E-05 9.9892E-05
0.0147168 9.99191E-05 9.99191E-05 9.99191E-05 0.0577831 9.99191E-05 9.99191E-05 0.0155046 9.99191E-05 9.99191E-05 9.99191E-05 9.99191E-05 0.0238034 0.0154616 0.871831
9.99011E-05 9.99011E-05 9.99011E-05 9.99011E-05 0.8501 9.99011E-05 9.99011E-05 9.99011E-05 9.99011E-05 9.99011E-05 9.99011E-05 0.103814 0.0100256 9.99011E-05 0.0349613
9.98834E-05 9.98834E-05 9.98834E-05 9.98834E-05 9.98834E-05 9.98834E-05 9.98834E-05 9.98834E-05 0.0244276 9.98834E-05 9.98834E-05 9.98834E-05 9.98834E-05 9.98834E-05 0.974274
9.9883E-05 0.120841 9.9883E-05 9.9883E-05 9.9883E-05 9.9883E-05 9.9883E-05 9.9883E-05 9.9883E-05 9.9883E-05 9.9883E-05 9.9883E-05 9.9883E-05 9.9883E-05 0.877861
9.99009E-05 0.0883705 9.99009E-05 9.99009E-05 9.99009E-05 9.99009E-05 9.99009E-05 0.0505214 9.99009E-05 9.99009E-05 9.99009E-05 0.0202636 9.99009E-05 9.99009E-05 0.839746
9.98923E-05 9.98923E-05 0.0256707 9.98923E-05 9.98923E-05 9.98923E-05 9.98923E-05 9.98923E-05 9.98923E-05 0.871475 9.98923E-05 9.98923E-05 0.101655 9.98923E-05 9.98923E-05
0.204155 9.98924E-05 9.98924E-05 0.767125 9.98924E-05 9.98924E-05 9.98924E-05 9.98924E-05 9.98924E-05 9.98924E-05 0.0275209 9.98924E-05 9.98924E-05 9.98924E-05 9.98924E-05
0.0617985 0.170338 0.0257703 0.189623 0.159352 0.0402871 0.111841 0.00805213 0.00960268 0.0552218 0.0441938 9.9973E-05 9.9973E-05 0.123619 9.9973E-05
0.773322 9.99013E-05 0.0369575 0.0739379 9.99013E-05 9.99013E-05 9.99013E-05 9.99013E-05 9.99013E-05 9.99013E-05 0.114684 9.99013E-05 9.99013E-05 9.99013E-05 9.99013E-05
0.761473 9.991E-05 9.991E-05 0.148611 9.991E-05 0.0324953 0.0468399 9.991E-05 0.0095821 9.991E-05 9.991E-05 9.991E-05 9.991E-05 9.991E-05 9.991E-05
9.9883E-05 9.9883E-05 0.00830914 0.990392 9.9883E-05 9.9883E-05 9.9883E-05 9.9883E-05 9.9883E-05 9.9883E-05 9.9883E-05 9.9883E-05 9.9883E-05 9.9883E-05 9.9883E-05
9.98921E-05 9.98921E-05 9.98921E-05 0.991056 0.00429769 9.98921E-05 9.98921E-05 9.98921E-05 9.98921E-05 0.00344781 9.98921E-05 9.98921E-05 9.98921E-05 9.98921E-05 9.98921E-05
0.719659 0.0104065 0.0832512 0.140472 9.99191E-05 9.99191E-05 9.99191E-05 9.99191E-05 0.007448 9.99191E-05 9.99191E-05 9.99191E-05 0.0378642 9.99191E-05 9.99191E-05
0.52932 9.98919E-05 9.98919E-05 0.456403 9.98919E-05 9.98919E-05 9.98919E-05 9.98919E-05 9.98919E-05 9.98919E-05 9.98919E-05 0.0130777 9.98919E-05 9.98919E-05 9.98919E-05
9.98919E-05 9.98919E-05 0.940965 9.98919E-05 9.98919E-05 9.98919E-05 0.0480745 9.98919E-05 9.98919E-05 9.98919E-05 0.00976218 9.98919E-05 9.98919E-05 9.98919E-05 9.98919E-05
9.9883E-05 9.9883E-05 0.97606 9.9883E-05 9.9883E-05 9.9883E-05 9.9883E-05 9.9883E-05 9.9883E-05 9.9883E-05 9.9883E-05 9.9883E-05 9.9883E-05 9.9883E-05 0.0226412
0.871282 9.99281E-05 9.99281E-05 0.0881948 0.00454962 9.99281E-05 0.00444172 0.0132582 9.99281E-05 9.99281E-05 0.00828798 9.99281E-05 9.99281E-05 9.99281E-05 0.00918663
9.99009E-05 9.99009E-05 0.0210977 9.99009E-05 0.970231 0.00188984 0.00568288 9.99009E-05 9.99009E-05 9.99009E-05 9.99009E-05 9.99009E-05 9.99009E-05 9.99009E-05 9.99009E-05
9.9892E-05 9.9892E-05 0.00114231 9.9892E-05 0.988681 9.9892E-05 0.00897833 9.9892E-05 9.9892E-05 9.9892E-05 9.9892E-05 9.9892E-05 9.9892E-05 9.9892E-05 9.9892E-05
9.98742E-05 9.98742E-05 9.98742E-05 9.98742E-05 9.98742E-05 9.98742E-05 9.98742E-05 0.998602 9.98742E-05 9.98742E-05 9.98742E-05 9.98742E-05 9.98742E-05 9.98742E-05 9.98742E-05
9.98742E-05 9.98742E-05 9.98742E-05 9.98742E-05 9.98742E-05 9.98742E-05 9.98742E-05 0.998602 9.98742E-05 9.98742E-05 9.98742E-05 9.98742E-05 9.98742E-05 9.98742E-05 9.98742E-05
9.99099E-05 0.825828 9.99099E-05 9.99099E-05 0.0921206 9.99099E-05 9.99099E-05 9.99099E-05 9.99099E-05 9.99099E-05 9.99099E-05 9.99099E-05 0.0167213 0.0493952 0.0149355
9.9901E-05 0.777238 9.9901E-05 0.0445096 0.136391 9.9901E-05 9.9901E-05 9.9901E-05 9.9901E-05 9.9901E-05 9.9901E-05 9.9901E-05 9.9901E-05 9.9901E-05 0.0407621
9.98833E-05 9.98833E-05 0.00892389 9.98833E-05 9.98833E-05 9.98833E-05 9.98833E-05 0.989778 9.98833E-05 9.98833E-05 9.98833E-05 9.98833E-05 9.98833E-05 9.98833E-05 9.98833E-05
9.98742E-05 9.98742E-05 9.98742E-05 9.98742E-05 9.98742E-05 9.98742E-05 9.98742E-05 0.998602 9.98742E-05 9.98742E-05 9.98742E-05 9.98742E-05 9.98742E-05 9.98742E-05 9.98742E-05
9.98829E-05 9.98829E-05 9.98829E-05 9.98829E-05 9.98829E-05 9.98829E-05 9.98829E-05 9.98829E-05 9.98829E-05 9.98829E-05 9.98829E-05 9.98829E-05 0.931272 9.98829E-05 0.0674296
9.99189E-05 0.0934756 9.99189E-05 9.99189E-05 0.550739 9.99189E-05 9.99189E-05 9.99189E-05 0.0825543 0.0797383 9.99189E-05 9.99189E-05 9.99189E-05 0.0369638 0.15563
9.9892E-05 9.9892E-05 9.9892E-05 9.9892E-05 9.9892E-05 9.9892E-05 0.0451875 9.9892E-05 0.0501333 9.9892E-05 9.9892E-05 9.9892E-05 9.9892E-05 0.903481 9.9892E-05
9.9883E-05 0.00151725 9.9883E-05 9.9883E-05 9.9883E-05 9.9883E-05 9.9883E-05 9.9883E-05 9.9883E-05 9.9883E-05 9.9883E-05 0.997184 9.9883E-05 9.9883E-05 9.9883E-05
9.99011E-05 9.99011E-05 9.99011E-05 9.99011E-05 0.0159922 9.99011E-05 9.99011E-05 9.99011E-05 9.99011E-05 9.99011E-05 9.99011E-05 0.887325 0.0572518 9.99011E-05 0.0383317
9.993E-05 9.993E-05 0.197128 0.567288 9.993E-05 0.0323142 0.0818692 0.0308105 0.0350242 0.0298975 9.993E-05 9.993E-05 9.993E-05 0.0249685 9.993E-05
