0.039114 0.932014 9.98919E-05 9.98919E-05 9.98919E-05 0.0276737 9.98919E-05 9.98919E-05 9.98919E-05 9.98919E-05 9.98919E-05 9.98919E-05 9.98919E-05 9.98919E-05 9.98919E-05
9.99009E-05 9.99009E-05 9.99009E-05 0.141855 0.737659 0.047155 9.99009E-05 9.99009E-05 9.99009E-05 9.99009E-05 0.0722317 9.99009E-05 9.99009E-05 9.99009E-05 9.99009E-05
9.99198E-05 9.99198E-05 0.0103895 9.99198E-05 9.99198E-05 9.99198E-05 9.99198E-05 9.99198E-05 0.00918627 0.0721842 0.605698 9.99198E-05 0.0843469 9.99198E-05 0.217296
9.991E-05 9.991E-05 9.991E-05 0.00485503 9.991E-05 0.0111241 9.991E-05 9.991E-05 9.991E-05 9.991E-05 0.947107 0.000134811 0.0357799 9.991E-05 9.991E-05
0.0775054 9.99372E-05 9.99372E-05 0.147887 0.138853 9.99372E-05 0.135347 9.99372E-05 9.99372E-05 9.99372E-05 0.329711 0.0315423 9.99372E-05 0.0236991 0.114755
9.9901E-05 9.9901E-05 9.9901E-05 0.060222 9.9901E-05 9.9901E-05 9.9901E-05 9.9901E-05 9.9901E-05 9.9901E-05 0.892875 9.9901E-05 9.9901E-05 0.00702861 0.0387756
9.98741E-05 9.98741E-05 9.98741E-05 9.98741E-05 9.98741E-05 9.98741E-05 0.998602 9.98741E-05 9.98741E-05 9.98741E-05 9.98741E-05 9.98741E-05 9.98741E-05 9.98741E-05 9.98741E-05
0.0754917 9.99188E-05 9.99188E-05 9.99188E-05 0.108095 9.99188E-05 9.99188E-05 9.99188E-05 9.99188E-05 9.99188E-05 0.116939 0.0409283 0.0179217 9.99188E-05 0.639725
9.9892E-05 9.9892E-05 9.9892E-05 9.9892E-05 0.0516403 9.9892E-05 0.94379 9.9892E-05 9.9892E-05 9.9892E-05 9.9892E-05 0.00337099 9.9892E-05 9.9892E-05 9.9892E-05
0.831728 9.98831E-05 9.98831E-05 9.98831E-05 9.98831E-05 9.98831E-05 0.166974 9.98831E-05 9.98831E-05 9.98831E-05 9.98831E-05 9.98831E-05 9.98831E-05 9.98831E-05 9.98831E-05
0.859843 9.98831E-05 9.98831E-05 9.98831E-05 9.98831E-05 9.98831E-05 0.138859 9.98831E-05 9.98831E-05 9.98831E-05 9.98831E-05 9.98831E-05 9.98831E-05 9.98831E-05 9.98831E-05
9.9919E-05 0.666232 9.9919E-05 9.9919E-05 9.9919E-05 9.9919E-05 9.9919E-05 9.9919E-05 0.00974855 0.115365 0.0357414 9.9919E-05 0.14257 0.0294442 9.9919E-05
9.98924E-05 9.98924E-05 9.98924E-05 9.98924E-05 9.98924E-05 9.98924E-05 9.98924E-05 9.98924E-05 9.98924E-05 0.987161 0.00581671 9.98924E-05 9.98924E-05 9.98924E-05 0.00582319
9.99101E-05 9.99101E-05 0.00780655 0.0342678 9.99101E-05 0.0262433 9.99101E-05 9.99101E-05 9.99101E-05 9.99101E-05 0.906309 9.99101E-05 9.99101E-05 0.024374 9.99101E-05
9.98922E-05 0.00721291 9.98922E-05 0.0732799 9.98922E-05 9.98922E-05 9.98922E-05 9.98922E-05 9.98922E-05 9.98922E-05 0.918308 9.98922E-05 9.98922E-05 9.98922E-05 9.98922E-05
0.0537502 9.99009E-05 9.99009E-05 9.99009E-05 9.99009E-05 9.99009E-05 9.99009E-05 9.99009E-05 0.720683 0.109108 9.99009E-05 9.99009E-05 9.99009E-05 0.11536 9.99009E-05
0.0583424 9.9883E-05 9.9883E-05 9.9883E-05 9.9883E-05 0.940359 9.9883E-05 9.9883E-05 9.9883E-05 9.9883E-05 9.9883E-05 9.9883E-05 9.9883E-05 9.9883E-05 9.9883E-05
0.0273388 9.99369E-05 0.816613 0.089643 0.00438398 0.0255956 0.00418705 9.99369E-05 9.99369E-05 9.99369E-05 9.99369E-05 0.0136823 0.0178569 9.99369E-05 9.99369E-05
9.98831E-05 9.98831E-05 9.98831E-05 9.98831E-05 9.98831E-05 9.98831E-05 9.98831E-05 0.986631 9.98831E-05 0.0120705 9.98831E-05 9.98831E-05 9.98831E-05 9.98831E-05 9.98831E-05
0.469662 0.0172836 9.99189E-05 9.99189E-05 9.99189E-05 0.0244455 9.99189E-05 9.99189E-05 0.326658 9.99189E-05 9.99189E-05 9.99189E-05 0.00959875 0.151453 9.99189E-05
9.9883E-05 9.9883E-05 0.839644 9.9883E-05 9.9883E-05 9.9883E-05 9.9883E-05 0.159058 9.9883E-05 9.9883E-05 9.9883E-05 9.9883E-05 9.9883E-05 9.9883E-05 9.9883E-05
0.0378093 0.435001 0.000954284 0.275966 9.9928E-05 9.9928E-05 9.9928E-05 9.9928E-05 0.182082 0.0672361 9.9928E-05 9.9928E-05 0.000151199 9.9928E-05 9.9928E-05
0.181466 9.99191E-05 9.99191E-05 9.99191E-05 9.99191E-05 0.250677 9.99191E-05 0.431657 9.99191E-05 9.99191E-05 0.00679038 0.00737372 0.121136 9.99191E-05 9.99191E-05
9.9874E-05 9.9874E-05 9.9874E-05 9.9874E-05 9.9874E-05 9.9874E-05 9.9874E-05 0.998602 9.9874E-05 9.9874E-05 9.9874E-05 9.9874E-05 9.9874E-05 9.9874E-05 9.9874E-05
9.98923E-05 9.98923E-05 9.98923E-05 9.98923E-05 9.98923E-05 9.98923E-05 0.00097461 9.98923E-05 9.98923E-05 9.98923E-05 0.966334 0.0314931 9.98923E-05 9.98923E-05 9.98923E-05
9.98742E-05 9.98742E-05 9.98742E-05 9.98742E-05 9.98742E-05 9.98742E-05 9.98742E-05 9.98742E-05 9.98742E-05 9.98742E-05 0.998602 9.98742E-05 9.98742E-05 9.98742E-05 9.98742E-05
0.0703664 0.0663587 9.99098E-05 9.99098E-05 9.99098E-05 0.0515653 9.99098E-05 9.99098E-05 9.99098E-05 0.783414 9.99098E-05 9.99098E-05 0.0272969 9.99098E-05 9.99098E-05
9.98921E-05 9.98921E-05 9.98921E-05 9.98921E-05 0.000113516 9.98921E-05 9.98921E-05 9.98921E-05 9.98921E-05 9.98921E-05 0.933255 0.0654328 9.98921E-05 9.98921E-05 9.98921E-05
9.991E-05 9.991E-05 9.991E-05 9.991E-05 0.00513486 9.991E-05 0.00886074 9.991E-05 9.991E-05 0.0193207 0.891392 0.074293 9.991E-05 9.991E-05 9.991E-05
9.99371E-05 0.00173809 0.0253461 9.99371E-05 0.0235786 9.99371E-05 9.99371E-05 0.0142599 9.99371E-05 0.00587924 0.584486 0.115154 9.99371E-05 9.99371E-05 0.228859
9.99189E-05 9.99189E-05 9.99189E-05 9.99189E-05 9.99189E-05 0.0304399 9.99189E-05 9.99189E-05 9.99189E-05 9.99189E-05 0.376622 0.0796728 0.00525396 0.0417975 0.465315
9.98744E-05 9.98744E-05 9.98744E-05 9.98744E-05 0.998602 9.98744E-05 9.98744E-05 9.98744E-05 9.98744E-05 9.98744E-05 9.98744E-05 9.98744E-05 9.98744E-05 9.98744E-05 9.98744E-05
9.98922E-05 9.98922E-05 9.98922E-05 0.0288094 9.98922E-05 9.98922E-05 9.98922E-05 9.98922E-05 9.98922E-05 9.98922E-05 0.825765 9.98922E-05 9.98922E-05 9.98922E-05 0.144226
9.99192E-05 0.0219319 9.99192E-05 9.99192E-05 0.027782 9.99192E-05 9.99192E-05 9.99192E-05 9.99192E-05 0.00568089 0.0175977 0.697211 9.99192E-05 9.99192E-05 0.228897
9.99277E-05 0.0153626 9.99277E-05 0.062785 9.99277E-05 0.244908 9.99277E-05 9.99277E-05 9.99277E-05 0.474414 9.99277E-05 9.99277E-05 0.0946818 0.0610765 0.0459729
9.99099E-05 9.99099E-05 9.99099E-05 9.99099E-05 9.99099E-05 0.00422203 9.99099E-05 9.99099E-05 9.99099E-05 0.0098302 0.899451 9.99099E-05 9.99099E-05 0.0237286 0.0617688
9.9892E-05 0.930743 9.9892E-05 9.9892E-05 9.9892E-05 9.9892E-05 9.9892E-05 9.9892E-05 9.9892E-05 9.9892E-05 9.9892E-05 9.9892E-05 9.9892E-05 0.0137489 0.0543097
0.556704 0.0572794 0.00823457 0.0953167 0.140027 0.0807497 9.99279E-05 9.99279E-05 9.99279E-05 9.99279E-05 9.99279E-05 9.99279E-05 9.99279E-05 9.99279E-05 0.0608895
9.9892E-05 9.9892E-05 9.9892E-05 9.9892E-05 9.9892E-05 0.97594 9.9892E-05 9.9892E-05 9.9892E-05 9.9892E-05 0.00425113 9.9892E-05 9.9892E-05 9.9892E-05 0.01861
9.9883E-05 9.9883E-05 9.9883E-05 0.996046 9.9883E-05 0.00265509 9.9883E-05 9.9883E-05 9.9883E-05 9.9883E-05 9.9883E-05 9.9883E-05 9.9883E-05 9.9883E-05 9.9883E-05
9.9883E-05 0.00101828 9.9883E-05 0.997683 9.9883E-05 9.9883E-05 9.9883E-05 9.9883E-05 9.9883E-05 9.9883E-05 9.9883E-05 9.9883E-05 9.9883E-05 9.9883E-05 9.9883E-05
0.869495 0.0493331 9.99279E-05 0.0188223 9.99279E-05 0.0248986 9.99279E-05 0.00506656 0.0305041 0.00108078 9.99279E-05 9.99279E-05 9.99279E-05 9.99279E-05 9.99279E-05
0.0332331 0.00803772 0.0246902 0.0163868 9.9928E-05 9.9928E-05 0.0666556 9.9928E-05 0.813846 0.0363516 9.9928E-05 9.9928E-05 9.9928E-05 9.9928E-05 9.9928E-05
0.915105 9.9892E-05 9.9892E-05 9.9892E-05 9.9892E-05 0.0299855 9.9892E-05 9.9892E-05 9.9892E-05 9.9892E-05 9.9892E-05 9.9892E-05 9.9892E-05 0.0537106 9.9892E-05
0.294312 9.99369E-05 9.99369E-05 0.169111 0.0350199 9.99369E-05 9.99369E-05 0.107578 0.00928265 0.128534 9.99369E-05 9.99369E-05 0.0519436 0.203519 9.99369E-05
0.367318 0.0734213 0.0271412 0.165514 0.0457345 9.9955E-05 9.9955E-05 9.9955E-05 0.100619 9.9955E-05 0.00128327 0.00565293 9.9955E-05 0.196156 0.0166594
0.205329 0.207007 9.99279E-05 9.99279E-05 9.99279E-05 0.0428396 0.0775296 9.99279E-05 9.99279E-05 9.99279E-05 0.104419 0.00565783 9.99279E-05 0.356418 9.99279E-05
9.98838E-05 0.98131 0.0173913 9.98838E-05 9.98838E-05 9.98838E-05 9.98838E-05 9.98838E-05 9.98838E-05 9.98838E-05 9.98838E-05 9.98838E-05 9.98838E-05 9.98838E-05 9.98838E-05
9.98741E-05 9.98741E-05 9.98741E-05 9.98741E-05 9.98741E-05 9.98741E-05 9.98741E-05 9.98741E-05 9.98741E-05 9.98741E-05 9.98741E-05 0.998602 9.98741E-05 9.98741E-05 9.98741E-05
9.98742E-05 9.98742E-05 9.98742E-05 9.98742E-05 9.98742E-05 9.98742E-05 9.98742E-05 9.98742E-05 9.98742E-05 9.98742E-05 9.98742E-05 0.998602 9.98742E-05 9.98742E-05 9.98742E-05
9.99011E-05 9.99011E-05 9.99011E-05 9.99011E-05 9.99011E-05 9.99011E-05 9.99011E-05 9.99011E-05 0.0361332 9.99011E-05 0.00492933 0.949886 9.99011E-05 0.00795225 9.99011E-05
9.98742E-05 9.98742E-05 9.98742E-05 9.98742E-05 9.98742E-05 9.98742E-05 9.98742E-05 9.98742E-05 9.98742E-05 9.98742E-05 9.98742E-05 0.998602 9.98742E-05 9.98742E-05 9.98742E-05
9.98741E-05 9.98741E-05 9.98741E-05 9.98741E-05 9.98741E-05 9.98741E-05 9.98741E-05 9.98741E-05 9.98741E-05 9.98741E-05 9.98741E-05 0.998602 9.98741E-05 9.98741E-05 9.98741E-05
9.99281E-05 9.99281E-05 9.99281E-05 9.99281E-05 0.0806939 0.0619001 0.081368 0.0390384 9.99281E-05 9.99281E-05 0.108494 0.404778 9.99281E-05 9.99281E-05 0.222928
9.99011E-05 0.00745181 9.99011E-05 9.99011E-05 0.061667 0.00193587 9.99011E-05 9.99011E-05 9.99011E-05 9.99011E-05 9.99011E-05 0.927846 9.99011E-05 9.99011E-05 9.99011E-05
9.98918E-05 0.819945 9.98918E-05 9.98918E-05 9.98918E-05 9.98918E-05 9.98918E-05 9.98918E-05 0.135361 9.98918E-05 9.98918E-05 9.98918E-05 9.98918E-05 0.0434954 9.98918E-05
9.99009E-05 9.99009E-05 9.99009E-05 9.99009E-05 0.872592 9.99009E-05 0.0530437 9.99009E-05 0.0300698 9.99009E-05 9.99009E-05 0.0431958 9.99009E-05 9.99009E-05 9.99009E-05
9.98919E-05 9.98919E-05 9.98919E-05 0.0201665 9.98919E-05 0.0141496 9.98919E-05 9.98919E-05 9.98919E-05 9.98919E-05 0.964485 9.98919E-05 9.98919E-05 9.98919E-05 9.98919E-05
9.99011E-05 9.99011E-05 9.99011E-05 0.146399 9.99011E-05 9.99011E-05 9.99011E-05 9.99011E-05 9.99011E-05 0.836245 9.99011E-05 0.0126058 0.00365176 9.99011E-05 9.99011E-05
9.99012E-05 0.00107722 9.99012E-05 9.99012E-05 9.99012E-05 9.99012E-05 9.99012E-05 9.99012E-05 0.869522 0.0243157 9.99012E-05 9.99012E-05 9.99012E-05 0.103986 9.99012E-05
9.98834E-05 9.98834E-05 9.98834E-05 9.98834E-05 9.98834E-05 9.98834E-05 0.00913519 9.98834E-05 9.98834E-05 0.989566 9.98834E-05 9.98834E-05 9.98834E-05 9.98834E-05 9.98834E-05
0.113692 9.99009E-05 9.99009E-05 9.99009E-05 0.00933464 9.99009E-05 9.99009E-05 9.99009E-05 9.99009E-05 0.874822 0.00105199 9.99009E-05 9.99009E-05 9.99009E-05 9.99009E-05
0.0609585 9.99099E-05 9.99099E-05 0.00794035 9.99099E-05 9.99099E-05 9.99099E-05 9.99099E-05 9.99099E-05 0.821822 9.99099E-05 9.99099E-05 0.0794852 0.028795 9.99099E-05
9.98743E-05 9.98743E-05 0.998602 9.98743E-05 9.98743E-05 9.98743E-05 9.98743E-05 9.98743E-05 9.98743E-05 9.98743E-05 9.98743E-05 9.98743E-05 9.98743E-05 9.98743E-05 9.98743E-05
9.98746E-05 9.98746E-05 9.98746E-05 9.98746E-05 9.98746E-05 9.98746E-05 9.98746E-05 9.98746E-05 9.98746E-05 9.98746E-05 0.998602 9.98746E-05 9.98746E-05 9.98746E-05 9.98746E-05
0.147055 0.0449201 9.99641E-05 9.99641E-05 0.0111828 9.99641E-05 0.00420978 0.0296515 0.116176 0.0882291 0.311804 0.129472 0.0226408 0.0942596 9.99641E-05
9.98924E-05 9.98924E-05 9.98924E-05 9.98924E-05 9.98924E-05 9.98924E-05 9.98924E-05 9.98924E-05 0.0466847 9.98924E-05 0.885891 9.98924E-05 9.98924E-05 9.98924E-05 0.0662258
9.991E-05 9.991E-05 9.991E-05 0.0276849 9.991E-05 0.0574898 0.0214611 9.991E-05 9.991E-05 9.991E-05 0.888422 9.991E-05 9.991E-05 0.00394324 9.991E-05
9.9901E-05 9.9901E-05 9.9901E-05 9.9901E-05 9.9901E-05 9.9901E-05 0.0254138 9.9901E-05 0.0389426 9.9901E-05 0.91226 0.0222846 9.9901E-05 9.9901E-05 9.9901E-05
9.99101E-05 9.99101E-05 9.99101E-05 9.99101E-05 0.0348444 9.99101E-05 0.0131584 9.99101E-05 0.0312353 9.99101E-05 0.900882 0.0188812 9.99101E-05 9.99101E-05 9.99101E-05
9.98923E-05 9.98923E-05 9.98923E-05 0.108362 9.98923E-05 9.98923E-05 9.98923E-05 9.98923E-05 9.98923E-05 9.98923E-05 0.795869 9.98923E-05 9.98923E-05 9.98923E-05 0.0945694
9.9892E-05 9.9892E-05 9.9892E-05 0.0186817 9.9892E-05 0.00920735 9.9892E-05 9.9892E-05 9.9892E-05 9.9892E-05 0.970912 9.9892E-05 9.9892E-05 9.9892E-05 9.9892E-05
9.98739E-05 9.98739E-05 9.98739E-05 9.98739E-05 9.98739E-05 9.98739E-05 9.98739E-05 9.98739E-05 9.98739E-05 9.98739E-05 9.98739E-05 9.98739E-05 9.98739E-05 9.98739E-05 0.998602
9.9892E-05 9.9892E-05 9.9892E-05 9.9892E-05 9.9892E-05 9.9892E-05 0.0232818 9.9892E-05 9.9892E-05 0.0091957 9.9892E-05 9.9892E-05 9.9892E-05 9.9892E-05 0.966324
9.99102E-05 0.0020709 9.99102E-05 9.99102E-05 9.99102E-05 9.99102E-05 9.99102E-05 0.00353459 0.0168288 9.99102E-05 0.956387 0.0201798 9.99102E-05 9.99102E-05 9.99102E-05
9.99029E-05 9.99029E-05 9.99029E-05 9.99029E-05 0.0220702 0.0126168 9.99029E-05 9.99029E-05 0.962299 9.99029E-05 9.99029E-05 9.99029E-05 0.00191485 9.99029E-05 9.99029E-05
9.98831E-05 9.98831E-05 9.98831E-05 9.98831E-05 9.98831E-05 9.98831E-05 9.98831E-05 9.98831E-05 0.998037 9.98831E-05 9.98831E-05 0.000664554 9.98831E-05 9.98831E-05 9.98831E-05
9.98832E-05 0.00854071 9.98832E-05 9.98832E-05 9.98832E-05 9.98832E-05 9.98832E-05 9.98832E-05 9.98832E-05 9.98832E-05 9.98832E-05 9.98832E-05 0.990161 9.98832E-05 9.98832E-05
9.98832E-05 9.98832E-05 9.98832E-05 0.0144158 9.98832E-05 9.98832E-05 9.98832E-05 9.98832E-05 9.98832E-05 9.98832E-05 9.98832E-05 9.98832E-05 0.984286 9.98832E-05 9.98832E-05
0.830655 9.99189E-05 0.000860632 0.0530238 0.0729759 9.99189E-05 9.99189E-05 9.99189E-05 0.00304303 0.0385427 9.99189E-05 9.99189E-05 9.99189E-05 9.99189E-05 9.99189E-05
0.803961 0.00147415 9.9919E-05 0.0464567 0.0141085 9.9919E-05 9.9919E-05 9.9919E-05 0.0531547 0.0799453 9.9919E-05 9.9919E-05 9.9919E-05 9.9919E-05 9.9919E-05
9.99012E-05 9.99012E-05 9.99012E-05 9.99012E-05 9.99012E-05 9.99012E-05 0.00670486 9.99012E-05 0.00764247 9.99012E-05 9.99012E-05 9.99012E-05 0.981048 9.99012E-05 0.00350573
9.98702E-05 9.98702E-05 9.98702E-05 9.98702E-05 9.98702E-05 9.98702E-05 9.98702E-05 9.98702E-05 9.98702E-05 9.98702E-05 9.98702E-05 9.98702E-05 0.998602 9.98702E-05 9.98702E-05
9.99009E-05 0.926182 9.99009E-05 9.99009E-05 9.99009E-05 9.99009E-05 9.99009E-05 9.99009E-05 0.0228583 0.0333264 9.99009E-05 0.0165347 9.99009E-05 9.99009E-05 9.99009E-05
9.99099E-05 9.99099E-05 9.99099E-05 0.671914 9.99099E-05 9.99099E-05 0.144582 0.0151611 0.0592216 0.108122 9.99099E-05 9.99099E-05 9.99099E-05 9.99099E-05 9.99099E-05
9.9892E-05 9.9892E-05 9.9892E-05 9.9892E-05 0.910076 9.9892E-05 0.0619315 9.9892E-05 9.9892E-05 9.9892E-05 9.9892E-05 0.0267936 9.9892E-05 9.9892E-05 9.9892E-05
9.9874E-05 9.9874E-05 9.9874E-05 9.9874E-05 9.9874E-05 9.9874E-05 9.9874E-05 9.9874E-05 9.9874E-05 9.9874E-05 9.9874E-05 9.9874E-05 9.9874E-05 0.998602 9.9874E-05
9.991E-05 0.0823136 9.991E-05 9.991E-05 9.991E-05 0.0575581 9.991E-05 9.991E-05 0.0132891 9.991E-05 9.991E-05 9.991E-05 0.0179119 0.827928 9.991E-05
0.0374534 9.99282E-05 9.99282E-05 9.99282E-05 0.0428804 9.99282E-05 9.99282E-05 0.0198634 9.99282E-05 9.99282E-05 0.329909 0.0541928 0.0471353 9.99282E-05 0.467767
