9.99008E-05 9.99008E-05 0.0130103 9.99008E-05 9.99008E-05 9.99008E-05 0.00883385 9.99008E-05 9.99008E-05 0.935722 9.99008E-05 9.99008E-05 9.99008E-05 9.99008E-05 0.0413354
9.991E-05 9.991E-05 9.991E-05 9.991E-05 9.991E-05 0.0245847 9.991E-05 9.991E-05 0.113718 0.0167256 0.0615847 9.991E-05 0.782388 9.991E-05 9.991E-05
0.08418 9.99198E-05 0.0237812 9.99198E-05 9.99198E-05 9.99198E-05 0.0155408 0.00304627 9.99198E-05 9.99198E-05 0.747884 9.99198E-05 9.99198E-05 0.124668 9.99198E-05
9.98921E-05 9.98921E-05 0.0467562 0.0223191 9.98921E-05 9.98921E-05 9.98921E-05 9.98921E-05 9.98921E-05 9.98921E-05 0.929726 9.98921E-05 9.98921E-05 9.98921E-05 9.98921E-05
9.99461E-05 0.212841 9.99461E-05 0.0597941 0.0592128 9.99461E-05 0.00730895 9.99461E-05 0.0681507 9.99461E-05 0.350285 9.99461E-05 0.119964 0.0852332 0.0366109
9.9883E-05 9.9883E-05 9.9883E-05 9.9883E-05 0.074584 9.9883E-05 9.9883E-05 9.9883E-05 9.9883E-05 9.9883E-05 0.924118 9.9883E-05 9.9883E-05 9.9883E-05 9.9883E-05
9.98741E-05 0.998602 9.98741E-05 9.98741E-05 9.98741E-05 9.98741E-05 9.98741E-05 9.98741E-05 9.98741E-05 9.98741E-05 9.98741E-05 9.98741E-05 9.98741E-05 9.98741E-05 9.98741E-05
9.99098E-05 9.99098E-05 9.99098E-05 0.0703165 9.99098E-05 9.99098E-05 9.99098E-05 9.99098E-05 9.99098E-05 9.99098E-05 0.0693082 9.99098E-05 0.0814903 0.657057 0.120828
9.99011E-05 0.990909 9.99011E-05 0.000336707 9.99011E-05 9.99011E-05 9.99011E-05 9.99011E-05 9.99011E-05 9.99011E-05 9.99011E-05 9.99011E-05 0.00575321 9.99011E-05 0.00190185
9.98831E-05 0.101238 9.98831E-05 9.98831E-05 9.98831E-05 9.98831E-05 9.98831E-05 9.98831E-05 9.98831E-05 9.98831E-05 9.98831E-05 9.98831E-05 9.98831E-05 9.98831E-05 0.897463
9.98832E-05 0.140427 9.98832E-05 9.98832E-05 9.98832E-05 9.98832E-05 9.98832E-05 9.98832E-05 9.98832E-05 9.98832E-05 9.98832E-05 9.98832E-05 9.98832E-05 9.98832E-05 0.858275
0.145842 0.0110069 0.146509 9.9928E-05 0.00445021 9.9928E-05 9.9928E-05 9.9928E-05 0.00246353 0.674752 0.0141762 9.9928E-05 9.9928E-05 9.9928E-05 9.9928E-05
0.968276 0.0139874 9.99013E-05 9.99013E-05 9.99013E-05 9.99013E-05 9.99013E-05 9.99013E-05 9.99013E-05 9.99013E-05 0.0129497 9.99013E-05 9.99013E-05 0.00368821 9.99013E-05
9.99101E-05 9.99101E-05 9.99101E-05 9.99101E-05 0.0286758 9.99101E-05 9.99101E-05 0.000324257 9.99101E-05 9.99101E-05 0.946316 0.00212604 0.0215589 9.99101E-05 9.99101E-05
9.99101E-05 9.99101E-05 9.99101E-05 9.99101E-05 9.99101E-05 9.99101E-05 0.0251712 0.0133728 9.99101E-05 0.02829 0.931179 9.99101E-05 9.99101E-05 9.99101E-05 0.000987502
0.12452 9.9892E-05 9.9892E-05 9.9892E-05 0.0871439 0.787138 9.9892E-05 9.9892E-05 9.9892E-05 9.9892E-05 9.9892E-05 9.9892E-05 9.9892E-05 9.9892E-05 9.9892E-05
0.000890533 9.9901E-05 9.9901E-05 9.9901E-05 9.9901E-05 9.9901E-05 0.0121965 9.9901E-05 0.911262 9.9901E-05 9.9901E-05 9.9901E-05 9.9901E-05 9.9901E-05 0.0745523
9.98739E-05 9.98739E-05 9.98739E-05 9.98739E-05 9.98739E-05 9.98739E-05 9.98739E-05 0.998602 9.98739E-05 9.98739E-05 9.98739E-05 9.98739E-05 9.98739E-05 9.98739E-05 9.98739E-05
9.98829E-05 9.98829E-05 0.065338 9.98829E-05 9.98829E-05 9.98829E-05 9.98829E-05 9.98829E-05 9.98829E-05 9.98829E-05 9.98829E-05 0.933363 9.98829E-05 9.98829E-05 9.98829E-05
9.99099E-05 9.99099E-05 9.99099E-05 9.99099E-05 0.139909 0.28347 9.99099E-05 9.99099E-05 0.0270789 0.0933402 9.99099E-05 9.99099E-05 9.99099E-05 9.99099E-05 0.455202
9.98831E-05 9.98831E-05 9.98831E-05 9.98831E-05 9.98831E-05 9.98831E-05 9.98831E-05 0.210071 9.98831E-05 9.98831E-05 9.98831E-05 0.78863 9.98831E-05 9.98831E-05 9.98831E-05
0.0713636 9.99279E-05 0.00199256 9.99279E-05 9.99279E-05 0.245393 9.99279E-05 0.00843274 0.0618856 0.49961 9.99279E-05 9.99279E-05 9.99279E-05 9.99279E-05 0.110523
9.98737E-05 9.98737E-05 9.98737E-05 9.98737E-05 9.98737E-05 9.98737E-05 0.998602 9.98737E-05 9.98737E-05 9.98737E-05 9.98737E-05 9.98737E-05 9.98737E-05 9.98737E-05 9.98737E-05
9.98918E-05 9.98918E-05 9.98918E-05 9.98918E-05 9.98918E-05 9.98918E-05 0.332114 0.030869 9.98918E-05 9.98918E-05 9.98918E-05 0.635818 9.98918E-05 9.98918E-05 9.98918E-05
9.98833E-05 9.98833E-05 9.98833E-05 0.0229403 9.98833E-05 9.98833E-05 9.98833E-05 9.98833E-05 9.98833E-05 9.98833E-05 0.975761 9.98833E-05 9.98833E-05 9.98833E-05 9.98833E-05
9.98743E-05 9.98743E-05 9.98743E-05 9.98743E-05 9.98743E-05 9.98743E-05 9.98743E-05 9.98743E-05 9.98743E-05 9.98743E-05 0.998602 9.98743E-05 9.98743E-05 9.98743E-05 9.98743E-05
0.834851 9.99099E-05 0.0332539 9.99099E-05 9.99099E-05 9.99099E-05 9.99099E-05 9.99099E-05 0.0331429 0.028365 9.99099E-05 9.99099E-05 9.99099E-05 9.99099E-05 0.0693884
9.98921E-05 0.0351026 9.98921E-05 0.042927 9.98921E-05 9.98921E-05 9.98921E-05 9.98921E-05 9.98921E-05 9.98921E-05 0.920772 9.98921E-05 9.98921E-05 9.98921E-05 9.98921E-05
9.99011E-05 0.0110505 9.99011E-05 0.0492873 9.99011E-05 0.0233951 9.99011E-05 9.99011E-05 9.99011E-05 9.99011E-05 0.915168 9.99011E-05 9.99011E-05 9.99011E-05 9.99011E-05
0.00293987 9.99281E-05 0.0366947 0.156752 9.99281E-05 9.99281E-05 9.99281E-05 9.99281E-05 9.99281E-05 9.99281E-05 0.51077 0.0521965 0.00204758 0.2378 9.99281E-05
9.99189E-05 9.99189E-05 0.0181388 0.0380025 0.00930001 9.99189E-05 9.99189E-05 9.99189E-05 0.0269296 9.99189E-05 0.329963 9.99189E-05 9.99189E-05 0.576767 9.99189E-05
9.98744E-05 9.98744E-05 9.98744E-05 9.98744E-05 9.98744E-05 9.98744E-05 9.98744E-05 9.98744E-05 9.98744E-05 9.98744E-05 9.98744E-05 9.98744E-05 0.998602 9.98744E-05 9.98744E-05
9.98922E-05 9.98922E-05 9.98922E-05 9.98922E-05 9.98922E-05 9.98922E-05 9.98922E-05 9.98922E-05 0.00125473 9.98922E-05 0.809756 9.98922E-05 9.98922E-05 0.18779 9.98922E-05
9.98833E-05 9.98833E-05 9.98833E-05 0.7349 9.98833E-05 9.98833E-05 9.98833E-05 9.98833E-05 9.98833E-05 9.98833E-05 9.98833E-05 9.98833E-05 9.98833E-05 0.263801 9.98833E-05
0.462783 9.99277E-05 0.0766536 9.99277E-05 0.0893778 9.99277E-05 9.99277E-05 9.99277E-05 0.231699 0.0475119 9.99277E-05 9.99277E-05 9.99277E-05 0.0449543 0.0462202
0.0119209 0.0122313 9.99099E-05 9.99099E-05 9.99099E-05 9.99099E-05 9.99099E-05 9.99099E-05 0.0120157 9.99099E-05 0.922776 9.99099E-05 9.99099E-05 0.0400569 9.99099E-05
9.9901E-05 9.9901E-05 9.9901E-05 9.9901E-05 0.0643288 9.9901E-05 9.9901E-05 9.9901E-05 0.000555439 0.905729 9.9901E-05 9.9901E-05 9.9901E-05 0.0282877 9.9901E-05
0.00618521 9.99369E-05 9.99369E-05 9.99369E-05 9.99369E-05 9.99369E-05 0.0595797 9.99369E-05 0.00419973 0.0985327 0.0211915 9.99369E-05 0.206059 0.021384 0.582168
9.98741E-05 9.98741E-05 9.98741E-05 9.98741E-05 9.98741E-05 9.98741E-05 9.98741E-05 9.98741E-05 0.998602 9.98741E-05 9.98741E-05 9.98741E-05 9.98741E-05 9.98741E-05 9.98741E-05
9.99278E-05 9.99278E-05 9.99278E-05 9.99278E-05 9.99278E-05 0.287112 9.99278E-05 0.0582111 0.135465 0.211454 0.0733342 9.99278E-05 0.00975792 9.99278E-05 0.223866
9.99278E-05 9.99278E-05 9.99278E-05 9.99278E-05 9.99278E-05 0.245715 9.99278E-05 0.0936033 0.0724365 0.233756 0.0346369 9.99278E-05 0.0585082 9.99278E-05 0.260544
9.99009E-05 9.99009E-05 9.99009E-05 9.99009E-05 0.0703482 0.0452832 9.99009E-05 9.99009E-05 9.99009E-05 0.0104492 9.99009E-05 9.99009E-05 9.99009E-05 9.99009E-05 0.872821
0.0396617 0.0831039 9.9892E-05 9.9892E-05 9.9892E-05 0.876036 9.9892E-05 9.9892E-05 9.9892E-05 9.9892E-05 9.9892E-05 9.9892E-05 9.9892E-05 9.9892E-05 9.9892E-05
9.98919E-05 9.98919E-05 9.98919E-05 9.98919E-05 0.118851 9.98919E-05 9.98919E-05 9.98919E-05 9.98919E-05 0.00888002 9.98919E-05 9.98919E-05 9.98919E-05 9.98919E-05 0.871071
0.131142 9.99368E-05 0.00109852 9.99368E-05 0.208132 0.0922524 0.228431 9.99368E-05 9.99368E-05 0.022349 9.99368E-05 9.99368E-05 0.0780731 9.99368E-05 0.237822
9.99279E-05 9.99279E-05 9.99279E-05 9.99279E-05 0.225235 0.16574 9.99279E-05 9.99279E-05 9.99279E-05 0.100208 0.0311717 0.0358106 0.0383462 9.99279E-05 0.402688
0.0723355 0.0635377 9.99369E-05 0.0397056 0.31879 9.99369E-05 9.99369E-05 9.99369E-05 0.11282 0.21803 0.0557932 9.99369E-05 9.99369E-05 9.99369E-05 0.118289
9.98927E-05 9.98927E-05 9.98927E-05 9.98927E-05 9.98927E-05 9.98927E-05 0.0113779 0.0204144 9.98927E-05 0.967009 9.98927E-05 9.98927E-05 9.98927E-05 9.98927E-05 9.98927E-05
9.98742E-05 9.98742E-05 9.98742E-05 0.998602 9.98742E-05 9.98742E-05 9.98742E-05 9.98742E-05 9.98742E-05 9.98742E-05 9.98742E-05 9.98742E-05 9.98742E-05 9.98742E-05 9.98742E-05
9.98832E-05 9.98832E-05 9.98832E-05 0.998024 9.98832E-05 9.98832E-05 9.98832E-05 9.98832E-05 9.98832E-05 9.98832E-05 9.98832E-05 9.98832E-05 0.000677558 9.98832E-05 9.98832E-05
9.98869E-05 0.0066978 9.98869E-05 0.992004 9.98869E-05 9.98869E-05 9.98869E-05 9.98869E-05 9.98869E-05 9.98869E-05 9.98869E-05 9.98869E-05 9.98869E-05 9.98869E-05 9.98869E-05
9.98832E-05 9.98832E-05 9.98832E-05 0.978378 9.98832E-05 9.98832E-05 9.98832E-05 0.0203231 9.98832E-05 9.98832E-05 9.98832E-05 9.98832E-05 9.98832E-05 9.98832E-05 9.98832E-05
9.98741E-05 9.98741E-05 9.98741E-05 0.998602 9.98741E-05 9.98741E-05 9.98741E-05 9.98741E-05 9.98741E-05 9.98741E-05 9.98741E-05 9.98741E-05 9.98741E-05 9.98741E-05 9.98741E-05
9.99372E-05 0.0345193 9.99372E-05 0.399157 9.99372E-05 0.0186821 0.121467 9.99372E-05 9.99372E-05 9.99372E-05 0.0741344 9.99372E-05 0.012181 0.330913 0.00824713
9.98702E-05 9.98702E-05 9.98702E-05 0.927197 9.98702E-05 9.98702E-05 9.98702E-05 9.98702E-05 9.98702E-05 9.98702E-05 9.98702E-05 9.98702E-05 0.0715046 9.98702E-05 9.98702E-05
0.000145772 9.98919E-05 9.98919E-05 9.98919E-05 9.98919E-05 0.163983 9.98919E-05 9.98919E-05 9.98919E-05 0.834673 9.98919E-05 9.98919E-05 9.98919E-05 9.98919E-05 9.98919E-05
0.00303226 0.0360238 9.991E-05 0.0274667 9.991E-05 0.000407733 9.991E-05 9.991E-05 9.991E-05 9.991E-05 9.991E-05 9.991E-05 0.93207 9.991E-05 9.991E-05
9.9901E-05 9.9901E-05 9.9901E-05 9.9901E-05 0.0045718 9.9901E-05 9.9901E-05 9.9901E-05 0.00723168 9.9901E-05 0.980214 0.00688366 9.9901E-05 9.9901E-05 9.9901E-05
0.843683 9.991E-05 0.0593471 9.991E-05 9.991E-05 0.0837403 9.991E-05 9.991E-05 9.991E-05 0.0106605 9.991E-05 9.991E-05 0.00156998 9.991E-05 9.991E-05
9.98832E-05 9.98832E-05 9.98832E-05 9.98832E-05 0.112195 0.886506 9.98832E-05 9.98832E-05 9.98832E-05 9.98832E-05 9.98832E-05 9.98832E-05 9.98832E-05 9.98832E-05 9.98832E-05
0.998602 9.98746E-05 9.98746E-05 9.98746E-05 9.98746E-05 9.98746E-05 9.98746E-05 9.98746E-05 9.98746E-05 9.98746E-05 9.98746E-05 9.98746E-05 9.98746E-05 9.98746E-05 9.98746E-05
0.91431 9.99099E-05 9.99099E-05 9.99099E-05 9.99099E-05 9.99099E-05 0.00552281 0.0108747 9.99099E-05 9.99099E-05 9.99099E-05 9.99099E-05 0.000786264 9.99099E-05 0.0675067
0.784051 9.99188E-05 0.0684185 9.99188E-05 0.0544163 9.99188E-05 9.99188E-05 0.00513333 0.0014716 9.99188E-05 9.99188E-05 9.99188E-05 9.99188E-05 9.99188E-05 0.0856099
9.98921E-05 9.98921E-05 9.98921E-05 9.98921E-05 9.98921E-05 9.98921E-05 9.98921E-05 9.98921E-05 9.98921E-05 0.0518339 9.98921E-05 0.943772 0.00319526 9.98921E-05 9.98921E-05
9.99015E-05 9.99015E-05 0.00220638 0.00950561 9.99015E-05 9.99015E-05 9.99015E-05 9.99015E-05 9.99015E-05 9.99015E-05 0.986886 9.99015E-05 9.99015E-05 9.99015E-05 0.000303212
0.0519118 0.0998947 0.0234332 0.00818116 0.0581037 0.262693 9.9973E-05 9.9973E-05 0.0200278 0.0191396 0.160462 9.9973E-05 0.0620534 0.139993 0.0938074
9.98924E-05 9.98924E-05 9.98924E-05 9.98924E-05 9.98924E-05 0.0416272 9.98924E-05 9.98924E-05 9.98924E-05 9.98924E-05 0.903788 9.98924E-05 9.98924E-05 0.0533858 9.98924E-05
9.9919E-05 0.0258175 9.9919E-05 0.0103979 9.9919E-05 9.9919E-05 9.9919E-05 9.9919E-05 0.0327006 0.00164895 0.893455 9.9919E-05 9.9919E-05 0.0350806 9.9919E-05
9.991E-05 0.0258067 9.991E-05 0.0221025 9.991E-05 0.0374111 9.991E-05 9.991E-05 9.991E-05 9.991E-05 0.881238 9.991E-05 9.991E-05 0.0324428 9.991E-05
9.99191E-05 0.022703 9.99191E-05 0.0111375 9.99191E-05 0.0297498 9.99191E-05 9.99191E-05 9.99191E-05 9.99191E-05 0.903083 0.00506452 0.0273634 9.99191E-05 9.99191E-05
9.99192E-05 0.00690434 9.99192E-05 9.99192E-05 9.99192E-05 9.99192E-05 9.99192E-05 9.99192E-05 0.0407588 0.00808143 0.81993 9.99192E-05 9.99192E-05 0.0785442 0.0448816
9.9901E-05 0.0109457 9.9901E-05 9.9901E-05 0.000944605 9.9901E-05 9.9901E-05 9.9901E-05 0.0329452 9.9901E-05 0.954066 9.9901E-05 9.9901E-05 9.9901E-05 9.9901E-05
9.9874E-05 9.9874E-05 9.9874E-05 9.9874E-05 9.9874E-05 9.9874E-05 9.9874E-05 9.9874E-05 9.9874E-05 9.9874E-05 9.9874E-05 9.9874E-05 9.9874E-05 0.998602 9.9874E-05
0.0427714 9.98831E-05 9.98831E-05 9.98831E-05 9.98831E-05 9.98831E-05 9.98831E-05 9.98831E-05 9.98831E-05 9.98831E-05 9.98831E-05 9.98831E-05 9.98831E-05 0.95593 9.98831E-05
9.99102E-05 9.99102E-05 9.99102E-05 0.0131096 9.99102E-05 0.0144375 9.99102E-05 0.00635975 9.99102E-05 0.00666317 0.958431 9.99102E-05 9.99102E-05 9.99102E-05 9.99102E-05
9.9901E-05 9.9901E-05 0.0066404 0.0154722 9.9901E-05 0.963222 9.9901E-05 9.9901E-05 9.9901E-05 9.9901E-05 9.9901E-05 9.9901E-05 9.9901E-05 0.0135666 9.9901E-05
9.9883E-05 9.9883E-05 9.9883E-05 0.0071363 9.9883E-05 0.991565 9.9883E-05 9.9883E-05 9.9883E-05 9.9883E-05 9.9883E-05 9.9883E-05 9.9883E-05 9.9883E-05 9.9883E-05
9.98832E-05 9.98832E-05 0.9952 9.98832E-05 9.98832E-05 9.98832E-05 9.98832E-05 9.98832E-05 9.98832E-05 0.00350167 9.98832E-05 9.98832E-05 9.98832E-05 9.98832E-05 9.98832E-05
9.98743E-05 9.98743E-05 0.998602 9.98743E-05 9.98743E-05 9.98743E-05 9.98743E-05 9.98743E-05 9.98743E-05 9.98743E-05 9.98743E-05 9.98743E-05 9.98743E-05 9.98743E-05 9.98743E-05
0.0430113 9.99189E-05 9.99189E-05 9.99189E-05 9.99189E-05 0.0575145 9.99189E-05 0.0160756 9.99189E-05 0.00400639 9.99189E-05 9.99189E-05 0.0490066 9.99189E-05 0.829486
0.0895595 9.99099E-05 9.99099E-05 9.99099E-05 9.99099E-05 0.0728661 9.99099E-05 0.00917367 9.99099E-05 9.99099E-05 9.99099E-05 9.99099E-05 0.0230164 9.99099E-05 0.804385
9.99012E-05 9.99012E-05 0.958056 9.99012E-05 9.99012E-05 0.00479681 0.00573274 9.99012E-05 9.99012E-05 9.99012E-05 9.99012E-05 9.99012E-05 9.99012E-05 0.0303154 9.99012E-05
9.98742E-05 9.98742E-05 0.998602 9.98742E-05 9.98742E-05 9.98742E-05 9.98742E-05 9.98742E-05 9.98742E-05 9.98742E-05 9.98742E-05 9.98742E-05 9.98742E-05 9.98742E-05 9.98742E-05
0.0220523 9.99009E-05 9.99009E-05 0.0104655 9.99009E-05 0.00228247 9.99009E-05 9.99009E-05 9.99009E-05 0.964101 9.99009E-05 9.99009E-05 9.99009E-05 9.99009E-05 9.99009E-05
0.158248 0.0588937 9.9937E-05 9.9937E-05 0.0209019 0.471372 9.9937E-05 0.104504 9.9937E-05 0.00948697 9.9937E-05 9.9937E-05 0.0339609 9.9937E-05 0.141932
9.99009E-05 0.0691698 9.99009E-05 0.0694119 0.000611795 9.99009E-05 9.99009E-05 9.99009E-05 9.99009E-05 9.99009E-05 9.99009E-05 9.99009E-05 0.859708 9.99009E-05 9.99009E-05
9.98738E-05 9.98738E-05 9.98738E-05 9.98738E-05 0.998602 9.98738E-05 9.98738E-05 9.98738E-05 9.98738E-05 9.98738E-05 9.98738E-05 9.98738E-05 9.98738E-05 9.98738E-05 9.98738E-05
0.10413 9.99281E-05 0.0564824 9.99281E-05 0.600503 0.0361131 9.99281E-05 9.99281E-05 0.165611 0.0354031 9.99281E-05 0.000957678 9.99281E-05 9.99281E-05 9.99281E-05
9.99191E-05 9.99191E-05 0.00752655 9.99191E-05 9.99191E-05 9.99191E-05 0.0711491 9.99191E-05 9.99191E-05 9.99191E-05 0.269765 0.00452617 0.0415711 0.604562 9.99191E-05
