0.9998 9.999E-05 9.999E-05
0.462722 9.9991E-05 0.537178
0.0392788 0.0760909 0.88463
9.999E-05 9.999E-05 0.9998
0.318653 9.9991E-05 0.681247
9.999E-05 0.00363853 0.996261
0.654298 9.99911E-05 0.345602
0.16621 9.9991E-05 0.83369
0.648122 9.9991E-05 0.351778
0.961948 9.9991E-05 0.0379524
0.985642 9.9991E-05 0.0142575
0.944861 9.9991E-05 0.0550394
0.966609 9.99911E-05 0.0332907
0.000170676 0.0289049 0.970924
0.0225414 0.00728198 0.970177
0.944641 9.9991E-05 0.0552592
0.806961 0.165673 0.0273654
0.232703 0.747332 0.019965
9.999E-05 0.9998 9.999E-05
0.999071 0.000829387 9.9991E-05
9.999E-05 0.9998 9.999E-05
0.9998 9.999E-05 9.999E-05
0.367844 0.538838 0.093318
0.00246831 0.997432 9.9991E-05
9.999E-05 9.999E-05 0.9998
9.999E-05 9.999E-05 0.9998
0.9998 9.999E-05 9.999E-05
9.999E-05 9.999E-05 0.9998
9.999E-05 9.999E-05 0.9998
0.0122881 0.0557423 0.93197
0.0410566 0.0376665 0.921277
0.432885 9.99911E-05 0.567015
9.999E-05 9.999E-05 0.9998
0.16382 9.9991E-05 0.83608
0.924785 9.9991E-05 0.0751153
9.999E-05 9.999E-05 0.9998
0.956743 9.9991E-05 0.0431572
0.84402 0.0155983 0.140382
0.646967 0.162712 0.190321
0.873656 9.9991E-05 0.126244
0.891115 9.9991E-05 0.108785
0.980637 0.0192627 9.9991E-05
0.986422 9.9991E-05 0.0134776
0.9998 9.999E-05 9.999E-05
0.836807 0.163093 9.9991E-05
0.865875 0.0335544 0.10057
0.844767 9.9991E-05 0.155133
0.970222 0.0296779 9.99911E-05
0.132044 0.0156983 0.852258
0.167175 0.0311577 0.801667
0.161386 0.0273993 0.811214
0.153722 0.0298581 0.81642
0.111014 9.9991E-05 0.888886
0.227678 0.0386826 0.73364
0.237055 9.9991E-05 0.762845
0.9998 9.999E-05 9.999E-05
0.449294 9.9991E-05 0.550606
9.999E-05 9.999E-05 0.9998
0.9998 9.999E-05 9.999E-05
0.94667 9.9991E-05 0.0532296
0.9998 9.999E-05 9.999E-05
0.9998 9.999E-05 9.999E-05
0.983333 0.0165672 9.9991E-05
0.0691566 0.916785 0.0140582
9.999E-05 9.999E-05 0.9998
0.557496 0.0827562 0.359748
9.999E-05 9.999E-05 0.9998
9.999E-05 9.999E-05 0.9998
0.0144429 9.9991E-05 0.985457
9.999E-05 9.999E-05 0.9998
0.038139 9.9991E-05 0.961761
9.999E-05 9.999E-05 0.9998
0.0659189 9.99911E-05 0.933981
0.150516 9.99911E-05 0.849384
9.999E-05 9.999E-05 0.9998
0.83732 9.9991E-05 0.16258
0.857425 9.9991E-05 0.142475
0.603488 0.273568 0.122944
0.615949 0.282389 0.101662
0.959019 9.9991E-05 0.0408806
0.949169 9.9991E-05 0.0507312
0.594452 0.259806 0.145742
0.599391 0.276549 0.12406
0.9998 9.999E-05 9.999E-05
0.943869 0.0381687 0.0179623
0.456378 9.9991E-05 0.543522
0.693891 0.199914 0.106195
0.827376 0.172524 9.9991E-05
0.00187509 0.0641256 0.933999
