9.99549E-05 0.103435 0.896065 9.99549E-05 9.99549E-05 9.99549E-05 9.99549E-05
0.267985 0.198122 0.245362 9.9973E-05 0.288231 9.9973E-05 9.9973E-05
0.749963 9.99822E-05 9.99822E-05 0.0146654 0.0615841 0.0672916 0.106296
0.963517 9.9955E-05 9.9955E-05 9.9955E-05 9.9955E-05 0.035983 9.9955E-05
0.439962 0.247539 0.0610809 9.99731E-05 0.251118 9.99731E-05 9.99731E-05
0.986127 9.9955E-05 9.9955E-05 9.9955E-05 9.9955E-05 0.0133736 9.9955E-05
0.00342475 0.164807 9.99731E-05 9.99731E-05 0.353297 9.99731E-05 0.478171
0.440678 0.12707 9.99641E-05 9.99641E-05 0.431852 9.99641E-05 9.99641E-05
9.99641E-05 0.259661 9.99641E-05 9.99641E-05 0.39576 9.99641E-05 0.344179
9.995E-05 0.9994 9.995E-05 9.995E-05 9.995E-05 9.995E-05 9.995E-05
9.995E-05 0.9994 9.995E-05 9.995E-05 9.995E-05 9.995E-05 9.995E-05
0.0092489 9.9973E-05 0.696201 9.9973E-05 9.9973E-05 0.114243 0.180006
0.0116837 9.99551E-05 9.99551E-05 9.99551E-05 9.99551E-05 9.99551E-05 0.987817
0.954795 9.9973E-05 0.0128428 0.0255805 9.9973E-05 0.00648208 9.9973E-05
0.923228 9.9955E-05 0.0762722 9.9955E-05 9.9955E-05 9.9955E-05 9.9955E-05
9.9973E-05 0.511572 0.116415 9.9973E-05 0.0369754 9.9973E-05 0.334737
9.9982E-05 0.440667 0.0287855 0.0854735 9.9982E-05 0.302263 0.142611
9.99729E-05 0.245327 0.0550486 0.672483 0.0268418 9.99729E-05 9.99729E-05
9.9955E-05 9.9955E-05 9.9955E-05 0.896035 9.9955E-05 0.103465 9.9955E-05
9.9973E-05 0.745847 0.117372 9.9973E-05 9.9973E-05 0.0774322 0.0590484
0.00575172 9.9955E-05 9.9955E-05 0.993749 9.9955E-05 9.9955E-05 9.9955E-05
9.99729E-05 0.317768 0.571041 9.99729E-05 9.99729E-05 0.0104908 0.100401
0.00784003 0.257567 9.9973E-05 0.420119 9.9973E-05 0.314174 9.9973E-05
9.9964E-05 0.000966498 9.9964E-05 0.907386 9.9964E-05 0.0912477 9.9964E-05
0.9994 9.995E-05 9.995E-05 9.995E-05 9.995E-05 9.995E-05 9.995E-05
0.9994 9.995E-05 9.995E-05 9.995E-05 9.995E-05 9.995E-05 9.995E-05
9.99729E-05 0.0662619 0.0882658 9.99729E-05 9.99729E-05 0.060776 0.784396
0.928257 9.9955E-05 9.9955E-05 9.9955E-05 0.0712429 9.9955E-05 9.9955E-05
0.888271 9.9964E-05 9.9964E-05 9.9964E-05 0.102153 9.9964E-05 0.00917573
0.716042 9.99821E-05 9.99821E-05 0.0223725 0.220668 0.0130791 0.0276386
0.636416 9.9973E-05 9.9973E-05 0.000192015 0.318579 0.044513 9.9973E-05
0.0913795 0.0654465 0.261656 9.99731E-05 0.581218 9.99731E-05 9.99731E-05
0.979642 9.99641E-05 9.99641E-05 9.99641E-05 0.010797 0.00916108 9.99641E-05
0.0923927 9.99641E-05 9.99641E-05 9.99641E-05 0.904819 0.002388 9.99641E-05
0.0295639 0.0289605 0.0909057 9.9991E-05 0.0247692 0.245923 0.579778
0.964112 9.99639E-05 0.0146226 9.99639E-05 9.99639E-05 9.99639E-05 0.0208652
9.995E-05 9.995E-05 0.9994 9.995E-05 9.995E-05 9.995E-05 9.995E-05
0.0549046 0.772754 0.111077 0.00868645 0.0523774 9.9982E-05 9.9982E-05
0.122888 0.263079 0.0158367 0.0488377 9.9991E-05 0.394838 0.15442
0.0927181 0.59868 0.308202 9.99639E-05 9.99639E-05 9.99639E-05 9.99639E-05
0.0667496 0.646113 0.281013 9.99729E-05 9.99729E-05 0.00582468 9.99729E-05
9.9955E-05 0.975308 0.0241925 9.9955E-05 9.9955E-05 9.9955E-05 9.9955E-05
9.9964E-05 0.598881 0.134435 9.9964E-05 9.9964E-05 9.9964E-05 0.266284
9.9964E-05 0.921937 9.9964E-05 9.9964E-05 9.9964E-05 0.0420463 0.0356166
9.9982E-05 0.510281 0.0770207 0.111371 9.9982E-05 0.126711 0.174416
0.0881336 0.6462 0.182767 0.0337935 9.9991E-05 0.0378559 0.0111503
0.0711007 0.196422 0.322721 9.9991E-05 0.0694167 0.107578 0.232661
9.99553E-05 9.99553E-05 0.989622 0.00987864 9.99553E-05 9.99553E-05 9.99553E-05
9.995E-05 9.995E-05 9.995E-05 9.995E-05 0.9994 9.995E-05 9.995E-05
9.995E-05 9.995E-05 9.995E-05 9.995E-05 0.9994 9.995E-05 9.995E-05
9.995E-05 9.995E-05 9.995E-05 9.995E-05 0.9994 9.995E-05 9.995E-05
9.995E-05 9.995E-05 9.995E-05 9.995E-05 0.9994 9.995E-05 9.995E-05
9.995E-05 9.995E-05 9.995E-05 9.995E-05 0.9994 9.995E-05 9.995E-05
0.225747 0.125561 9.99821E-05 0.0408002 0.597562 9.99821E-05 0.0101294
9.995E-05 9.995E-05 9.995E-05 9.995E-05 0.9994 9.995E-05 9.995E-05
9.99639E-05 0.0189423 0.879556 9.99639E-05 9.99639E-05 9.99639E-05 0.101102
0.0881909 0.0942852 0.250715 9.99729E-05 0.566509 9.99729E-05 9.99729E-05
0.9994 9.995E-05 9.995E-05 9.995E-05 9.995E-05 9.995E-05 9.995E-05
9.9964E-05 9.9964E-05 0.106676 9.9964E-05 9.9964E-05 0.0673847 0.825539
0.0547558 0.413396 0.188397 9.9973E-05 9.9973E-05 9.9973E-05 0.343152
9.995E-05 9.995E-05 9.995E-05 9.995E-05 9.995E-05 9.995E-05 0.9994
0.00898371 0.0891298 9.99639E-05 9.99639E-05 9.99639E-05 9.99639E-05 0.901487
9.99729E-05 0.0512657 9.99729E-05 0.00908464 9.99729E-05 0.120664 0.818686
9.99551E-05 9.99551E-05 0.0916518 0.907848 9.99551E-05 9.99551E-05 9.99551E-05
0.9994 9.995E-05 9.995E-05 9.995E-05 9.995E-05 9.995E-05 9.995E-05
0.284021 0.10935 0.207025 0.0178296 0.116289 0.10217 0.163315
0.957822 9.99551E-05 9.99551E-05 9.99551E-05 9.99551E-05 9.99551E-05 0.0416781
0.919816 9.9964E-05 0.0556107 9.9964E-05 0.0241735 9.9964E-05 9.9964E-05
0.899292 9.9964E-05 9.9964E-05 9.9964E-05 0.0733368 9.9964E-05 0.0269712
0.942386 9.9973E-05 0.0346226 0.000755997 0.021936 9.9973E-05 9.9973E-05
0.90434 0.0535745 0.030878 9.9973E-05 9.9973E-05 0.0109076 9.9973E-05
0.976194 9.9955E-05 9.9955E-05 9.9955E-05 0.0233067 9.9955E-05 9.9955E-05
0.482612 0.0346511 9.99732E-05 9.99732E-05 0.480537 9.99732E-05 0.0018998
0.477357 9.99643E-05 9.99643E-05 9.99643E-05 0.346792 9.99643E-05 0.175451
0.965524 0.0291809 0.00489567 9.9964E-05 9.9964E-05 9.9964E-05 9.9964E-05
0.0878849 0.632711 0.101801 9.9991E-05 0.0531214 0.0245208 0.0998607
0.0655862 0.6254 0.0717506 9.9991E-05 0.0800411 0.0378233 0.119299
9.995E-05 9.995E-05 9.995E-05 9.995E-05 9.995E-05 0.9994 9.995E-05
9.995E-05 9.995E-05 9.995E-05 9.995E-05 9.995E-05 0.9994 9.995E-05
9.9955E-05 0.970501 0.0289993 9.9955E-05 9.9955E-05 9.9955E-05 9.9955E-05
9.9973E-05 0.93915 0.00336251 0.00178997 9.9973E-05 9.9973E-05 0.0553977
9.9955E-05 9.9955E-05 9.9955E-05 9.9955E-05 0.0147964 0.984704 9.9955E-05
9.995E-05 9.995E-05 9.995E-05 9.995E-05 9.995E-05 0.9994 9.995E-05
9.99549E-05 9.99549E-05 0.934533 9.99549E-05 9.99549E-05 9.99549E-05 0.0649675
0.00153673 0.609053 0.0951386 0.0406821 9.9982E-05 9.9982E-05 0.253389
0.0870262 0.144827 0.194308 9.9973E-05 0.573539 9.9973E-05 9.9973E-05
0.0601327 0.178173 0.0265041 0.14007 9.999E-05 0.268201 0.326819
9.9973E-05 9.9973E-05 0.184708 0.0911944 9.9973E-05 0.309108 0.41469
0.585694 0.0193429 9.9991E-05 0.0325826 0.31595 0.0411 0.00522965
