9.99279E-05 9.99279E-05 9.99279E-05 9.99279E-05 9.99279E-05 0.0551259 0.942954 9.99279E-05 9.99279E-05 0.00112101 9.99279E-05
9.995E-05 9.995E-05 0.035926 9.995E-05 0.0802565 0.0106551 0.00201773 0.056196 0.814449 9.995E-05 9.995E-05
0.118487 9.99554E-05 9.99554E-05 0.0549807 0.730933 9.99554E-05 9.99554E-05 9.99554E-05 0.0207169 0.0588741 0.0155091
9.9928E-05 9.9928E-05 9.9928E-05 9.9928E-05 0.96224 9.9928E-05 9.9928E-05 0.0104852 9.9928E-05 0.0264753 9.9928E-05
0.217669 0.103351 9.9964E-05 9.9964E-05 0.412181 0.123195 0.00050747 0.0545195 0.0881781 9.9964E-05 9.9964E-05
9.9919E-05 9.9919E-05 9.9919E-05 9.9919E-05 0.960691 9.9919E-05 9.9919E-05 0.0384094 9.9919E-05 9.9919E-05 9.9919E-05
0.99054 9.99278E-05 0.00394157 0.00471859 9.99278E-05 9.99278E-05 9.99278E-05 9.99278E-05 9.99278E-05 9.99278E-05 9.99278E-05
0.186951 0.228253 9.9955E-05 9.9955E-05 0.394229 0.094731 9.9955E-05 9.9955E-05 0.0892768 0.00605824 9.9955E-05
0.891396 9.99278E-05 0.10268 9.99278E-05 9.99278E-05 9.99278E-05 9.99278E-05 9.99278E-05 0.00512532 9.99278E-05 9.99278E-05
0.124233 9.9919E-05 9.9919E-05 9.9919E-05 9.9919E-05 0.874867 9.9919E-05 9.9919E-05 9.9919E-05 9.9919E-05 9.9919E-05
0.102662 9.9919E-05 9.9919E-05 9.9919E-05 9.9919E-05 0.896438 9.9919E-05 9.9919E-05 9.9919E-05 9.9919E-05 9.9919E-05
9.9937E-05 9.9937E-05 9.9937E-05 0.161276 0.00658401 9.9937E-05 0.67724 9.9937E-05 9.9937E-05 0.154201 9.9937E-05
0.04716 9.99281E-05 9.99281E-05 0.935513 0.0165271 9.99281E-05 9.99281E-05 9.99281E-05 9.99281E-05 9.99281E-05 9.99281E-05
9.9937E-05 9.9937E-05 9.9937E-05 9.9937E-05 0.891964 9.9937E-05 9.9937E-05 0.0619808 0.0344189 9.9937E-05 0.0109368
9.99281E-05 9.99281E-05 9.99281E-05 9.99281E-05 0.938586 0.0168154 0.0437991 9.99281E-05 9.99281E-05 9.99281E-05 9.99281E-05
9.9937E-05 9.9937E-05 0.792619 0.151916 9.9937E-05 0.0264708 9.9937E-05 0.0282944 9.9937E-05 9.9937E-05 9.9937E-05
9.99278E-05 9.99278E-05 0.0324004 9.99278E-05 9.99278E-05 0.055475 9.99278E-05 0.911325 9.99278E-05 9.99278E-05 9.99278E-05
9.99459E-05 0.0317222 0.0794649 9.99459E-05 9.99459E-05 0.115836 9.99459E-05 9.99459E-05 0.0440266 9.99459E-05 0.72835
9.9919E-05 9.9919E-05 9.9919E-05 9.9919E-05 9.9919E-05 9.9919E-05 9.9919E-05 9.9919E-05 9.9919E-05 0.0743487 0.924752
9.99459E-05 9.99459E-05 0.317184 9.99459E-05 9.99459E-05 0.481604 0.0961716 0.0740067 9.99459E-05 0.0304334 9.99459E-05
9.9919E-05 9.9919E-05 9.9919E-05 9.9919E-05 9.9919E-05 9.9919E-05 9.9919E-05 9.9919E-05 0.00522498 9.9919E-05 0.993876
9.9946E-05 9.9946E-05 0.335885 0.0161144 9.9946E-05 0.010785 0.533233 0.103383 9.9946E-05 9.9946E-05 9.9946E-05
9.99371E-05 9.99371E-05 9.99371E-05 9.99371E-05 9.99371E-05 0.156794 9.99371E-05 0.306624 9.99371E-05 0.177377 0.358506
9.9937E-05 9.9937E-05 9.9937E-05 9.9937E-05 9.9937E-05 0.0350838 9.9937E-05 0.060418 9.9937E-05 0.0532663 0.850532
9.99102E-05 9.99102E-05 9.99102E-05 9.99102E-05 0.999001 9.99102E-05 9.99102E-05 9.99102E-05 9.99102E-05 9.99102E-05 9.99102E-05
9.99101E-05 9.99101E-05 9.99101E-05 9.99101E-05 0.999001 9.99101E-05 9.99101E-05 9.99101E-05 9.99101E-05 9.99101E-05 9.99101E-05
9.99549E-05 9.99549E-05 0.0740124 0.756062 9.99549E-05 0.0270433 0.0664888 0.0252416 9.99549E-05 0.0506524 9.99549E-05
9.9928E-05 0.0554692 0.0269099 9.9928E-05 0.916821 9.9928E-05 9.9928E-05 9.9928E-05 9.9928E-05 9.9928E-05 9.9928E-05
9.9937E-05 0.0869382 0.0196343 0.00555407 0.887174 9.9937E-05 9.9937E-05 9.9937E-05 9.9937E-05 9.9937E-05 9.9937E-05
0.0455341 0.149744 9.99731E-05 9.99731E-05 0.681305 9.99731E-05 0.0425567 0.0361386 0.0190111 0.00514215 0.0202682
0.0883952 0.194088 9.9955E-05 9.9955E-05 0.610041 9.9955E-05 9.9955E-05 0.0717285 0.0022665 0.0329811 9.9955E-05
9.99103E-05 9.99103E-05 9.99103E-05 9.99103E-05 9.99103E-05 9.99103E-05 9.99103E-05 9.99103E-05 0.999001 9.99103E-05 9.99103E-05
9.99282E-05 9.99282E-05 0.0111163 9.99282E-05 0.977714 9.99282E-05 9.99282E-05 0.0103705 9.99282E-05 9.99282E-05 9.99282E-05
0.0566583 0.785971 9.99551E-05 0.00488079 0.0872526 9.99551E-05 9.99551E-05 9.99551E-05 0.0635958 0.0011418 9.99551E-05
9.99548E-05 0.0241232 9.99548E-05 0.522134 9.99548E-05 0.0222156 0.0290284 0.323167 9.99548E-05 0.0788328 9.99548E-05
0.0141744 9.99369E-05 0.0142273 9.99369E-05 0.936446 9.99369E-05 9.99369E-05 0.0344524 9.99369E-05 9.99369E-05 9.99369E-05
9.9928E-05 9.9928E-05 9.9928E-05 9.9928E-05 0.00474392 9.9928E-05 0.97379 0.020667 9.9928E-05 9.9928E-05 9.9928E-05
9.9946E-05 0.0220664 9.9946E-05 9.9946E-05 0.0530402 0.611392 0.165289 9.9946E-05 0.147613 9.9946E-05 9.9946E-05
9.99101E-05 9.99101E-05 9.99101E-05 9.99101E-05 9.99101E-05 9.99101E-05 9.99101E-05 0.999001 9.99101E-05 9.99101E-05 9.99101E-05
9.995E-05 9.995E-05 0.356403 9.995E-05 0.0519926 0.222998 0.196387 0.151438 0.0202826 9.995E-05 9.995E-05
9.99639E-05 9.99639E-05 0.331315 9.99639E-05 0.0101673 0.251149 0.257144 0.110424 0.0383581 9.99639E-05 0.00104242
9.9946E-05 9.9946E-05 0.00652124 0.00189294 9.9946E-05 0.937255 0.045251 0.0084797 9.9946E-05 9.9946E-05 9.9946E-05
0.0634713 9.9946E-05 0.847092 0.0718438 9.9946E-05 0.0106888 9.9946E-05 9.9946E-05 9.9946E-05 9.9946E-05 0.00630404
9.9937E-05 0.0152023 9.9937E-05 0.0554527 9.9937E-05 0.926554 0.00209163 9.9937E-05 9.9937E-05 9.9937E-05 9.9937E-05
9.9964E-05 9.9964E-05 0.112836 0.182417 9.9964E-05 0.429709 0.0563442 9.9964E-05 0.0405251 0.0833726 0.0943967
9.997E-05 9.997E-05 0.186134 0.0190892 0.0917612 0.528049 0.0872024 0.0273226 0.0124593 9.997E-05 0.047683
0.0841724 0.040716 9.9964E-05 0.0634822 0.0316729 0.177568 0.221131 0.380857 9.9964E-05 9.9964E-05 9.9964E-05
9.99285E-05 9.99285E-05 9.99285E-05 9.99285E-05 9.99285E-05 9.99285E-05 0.951114 9.99285E-05 0.0084219 9.99285E-05 0.0396648
9.9919E-05 0.990487 0.0086139 9.9919E-05 9.9919E-05 9.9919E-05 9.9919E-05 9.9919E-05 9.9919E-05 9.9919E-05 9.9919E-05
9.9928E-05 0.991595 9.9928E-05 9.9928E-05 9.9928E-05 9.9928E-05 9.9928E-05 0.00127075 9.9928E-05 9.9928E-05 0.00633467
9.9919E-05 0.969509 0.0295914 9.9919E-05 9.9919E-05 9.9919E-05 9.9919E-05 9.9919E-05 9.9919E-05 9.9919E-05 9.9919E-05
9.99101E-05 0.999001 9.99101E-05 9.99101E-05 9.99101E-05 9.99101E-05 9.99101E-05 9.99101E-05 9.99101E-05 9.99101E-05 9.99101E-05
9.99101E-05 0.999001 9.99101E-05 9.99101E-05 9.99101E-05 9.99101E-05 9.99101E-05 9.99101E-05 9.99101E-05 9.99101E-05 9.99101E-05
0.133285 0.47742 0.0327249 9.99641E-05 0.213331 0.0294576 9.99641E-05 9.99641E-05 0.0905576 9.99641E-05 0.0228238
9.9946E-05 0.933191 9.9946E-05 0.0010606 9.9946E-05 9.9946E-05 0.00109282 0.0036794 0.0603763 9.9946E-05 9.9946E-05
9.99279E-05 9.99279E-05 0.150856 0.0107593 9.99279E-05 9.99279E-05 0.837585 9.99279E-05 9.99279E-05 9.99279E-05 9.99279E-05
0.0514246 0.0509628 9.99459E-05 9.99459E-05 9.99459E-05 9.99459E-05 0.00230027 9.99459E-05 0.887704 0.00700862 9.99459E-05
9.99189E-05 9.99189E-05 9.99189E-05 9.99189E-05 0.987861 9.99189E-05 9.99189E-05 0.0112394 9.99189E-05 9.99189E-05 9.99189E-05
9.9937E-05 9.9937E-05 0.172688 0.813423 9.9937E-05 9.9937E-05 0.0073215 9.9937E-05 9.9937E-05 0.00586774 9.9937E-05
9.99192E-05 9.99192E-05 0.915044 0.0840563 9.99192E-05 9.99192E-05 9.99192E-05 9.99192E-05 9.99192E-05 9.99192E-05 9.99192E-05
0.0452271 9.99193E-05 9.99193E-05 0.953874 9.99193E-05 9.99193E-05 9.99193E-05 9.99193E-05 9.99193E-05 9.99193E-05 9.99193E-05
9.99189E-05 9.99189E-05 9.99189E-05 0.902753 9.99189E-05 0.0963479 9.99189E-05 9.99189E-05 9.99189E-05 9.99189E-05 9.99189E-05
9.99369E-05 9.99369E-05 9.99369E-05 0.816511 9.99369E-05 0.10598 9.99369E-05 0.0121367 9.99369E-05 0.0646734 9.99369E-05
9.99192E-05 9.99192E-05 9.99192E-05 9.99192E-05 9.99192E-05 9.99192E-05 0.0765792 9.99192E-05 9.99192E-05 9.99192E-05 0.922521
0.0106405 0.0049354 9.99283E-05 9.99283E-05 0.983625 9.99283E-05 9.99283E-05 9.99283E-05 9.99283E-05 9.99283E-05 9.99283E-05
0.0961034 0.126339 0.0407821 0.0119768 0.244811 0.144852 0.136519 0.198317 9.9973E-05 9.9973E-05 9.9973E-05
0.00198034 9.99462E-05 0.00158422 0.0503636 0.935138 9.99462E-05 9.99462E-05 9.99462E-05 0.0103344 9.99462E-05 9.99462E-05
0.00921976 9.99369E-05 9.99369E-05 9.99369E-05 0.904823 9.99369E-05 0.0285089 0.0567492 9.99369E-05 9.99369E-05 9.99369E-05
0.0010067 0.0412364 0.0689259 9.9937E-05 0.888132 9.9937E-05 9.9937E-05 9.9937E-05 9.9937E-05 9.9937E-05 9.9937E-05
9.99281E-05 9.99281E-05 0.0527929 9.99281E-05 0.938305 9.99281E-05 9.99281E-05 9.99281E-05 9.99281E-05 9.99281E-05 0.00810277
9.99371E-05 9.99371E-05 9.99371E-05 9.99371E-05 0.88359 0.0261303 9.99371E-05 0.0502734 0.0393065 9.99371E-05 9.99371E-05
9.9919E-05 9.9919E-05 9.9919E-05 9.9919E-05 0.962332 9.9919E-05 9.9919E-05 0.0367682 9.9919E-05 9.9919E-05 9.9919E-05
0.317241 0.271113 9.993E-05 9.993E-05 0.400054 9.993E-05 9.993E-05 0.010892 9.993E-05 9.993E-05 9.993E-05
0.487889 0.0781074 9.99283E-05 9.99283E-05 0.433204 9.99283E-05 9.99283E-05 9.99283E-05 9.99283E-05 9.99283E-05 9.99283E-05
9.99281E-05 9.99281E-05 0.0346521 9.99281E-05 0.938659 0.0258897 9.99281E-05 9.99281E-05 9.99281E-05 9.99281E-05 9.99281E-05
9.99279E-05 0.022623 0.968816 9.99279E-05 0.0077614 9.99279E-05 9.99279E-05 9.99279E-05 9.99279E-05 9.99279E-05 9.99279E-05
9.9919E-05 0.0053538 0.993747 9.9919E-05 9.9919E-05 9.9919E-05 9.9919E-05 9.9919E-05 9.9919E-05 9.9919E-05 9.9919E-05
9.99101E-05 9.99101E-05 9.99101E-05 9.99101E-05 9.99101E-05 9.99101E-05 9.99101E-05 9.99101E-05 9.99101E-05 0.999001 9.99101E-05
9.99101E-05 9.99101E-05 9.99101E-05 9.99101E-05 9.99101E-05 9.99101E-05 9.99101E-05 9.99101E-05 9.99101E-05 0.999001 9.99101E-05
9.99459E-05 9.99459E-05 0.0685383 0.0334286 9.99459E-05 0.789702 0.0450654 9.99459E-05 0.0626659 9.99459E-05 9.99459E-05
9.9946E-05 9.9946E-05 0.161473 0.0716594 9.9946E-05 0.723311 0.0181209 9.9946E-05 0.0248358 9.9946E-05 9.9946E-05
9.99371E-05 9.99371E-05 0.0122835 9.99371E-05 9.99371E-05 0.000542205 9.99371E-05 9.99371E-05 0.00331922 0.983155 9.99371E-05
9.99101E-05 9.99101E-05 9.99101E-05 9.99101E-05 9.99101E-05 9.99101E-05 9.99101E-05 9.99101E-05 9.99101E-05 0.999001 9.99101E-05
9.99279E-05 0.00615878 9.99279E-05 0.0211702 9.99279E-05 9.99279E-05 0.971872 9.99279E-05 9.99279E-05 9.99279E-05 9.99279E-05
0.126493 9.9964E-05 0.532209 0.144524 9.9964E-05 0.077106 0.017515 9.9964E-05 0.0404285 9.9964E-05 0.0613247
0.0391536 0.0282418 9.9928E-05 9.9928E-05 9.9928E-05 9.9928E-05 9.9928E-05 9.9928E-05 0.931805 9.9928E-05 9.9928E-05
9.99552E-05 9.99552E-05 9.99552E-05 0.200916 0.00677717 0.181338 9.99552E-05 0.485187 9.99552E-05 0.0602416 0.0650402
9.99551E-05 9.99551E-05 0.00471586 0.247539 9.99551E-05 9.99551E-05 0.075763 0.541576 9.99551E-05 0.120483 0.00942337
0.156924 0.182068 9.99462E-05 9.99462E-05 0.590956 9.99462E-05 9.99462E-05 9.99462E-05 9.99462E-05 0.0223437 0.0471081
