9.99189E-05 9.99189E-05 0.93225 9.99189E-05 9.99189E-05 0.0668508 9.99189E-05 9.99189E-05 9.99189E-05 9.99189E-05 9.99189E-05
0.0109215 9.99549E-05 0.0172698 0.130068 9.99549E-05 0.0226313 9.99549E-05 0.0300871 9.99549E-05 0.788523 9.99549E-05
9.99644E-05 0.0113695 9.99644E-05 0.812758 0.0300107 9.99644E-05 0.0957139 0.0332562 0.0072521 9.99644E-05 0.00924008
0.00186192 9.9928E-05 9.9928E-05 0.957206 9.9928E-05 9.9928E-05 9.9928E-05 0.0401328 9.9928E-05 9.9928E-05 9.9928E-05
9.99641E-05 0.0681282 0.0143233 0.329781 0.130945 0.142341 9.99641E-05 9.99641E-05 9.99641E-05 0.130145 0.183935
9.99191E-05 9.99191E-05 9.99191E-05 0.992963 9.99191E-05 0.0061374 9.99191E-05 9.99191E-05 9.99191E-05 9.99191E-05 9.99191E-05
9.99101E-05 9.99101E-05 9.99101E-05 9.99101E-05 9.99101E-05 9.99101E-05 9.99101E-05 9.99101E-05 9.99101E-05 9.99101E-05 0.999001
9.9955E-05 0.116027 9.9955E-05 0.0903453 0.604238 0.0836354 9.9955E-05 0.000301315 9.9955E-05 0.104953 9.9955E-05
0.00852749 0.0151671 9.9937E-05 9.9937E-05 9.9937E-05 9.9937E-05 9.9937E-05 9.9937E-05 9.9937E-05 0.0126101 0.962996
9.9919E-05 9.9919E-05 9.9919E-05 9.9919E-05 9.9919E-05 0.827311 9.9919E-05 9.9919E-05 9.9919E-05 9.9919E-05 0.17179
9.9919E-05 9.9919E-05 9.9919E-05 9.9919E-05 9.9919E-05 0.858885 9.9919E-05 9.9919E-05 9.9919E-05 9.9919E-05 0.140216
9.9937E-05 9.9937E-05 0.658895 0.030408 9.9937E-05 9.9937E-05 0.193143 0.116854 9.9937E-05 9.9937E-05 9.9937E-05
9.99282E-05 9.99282E-05 9.99282E-05 9.99282E-05 0.0264314 9.99282E-05 0.972335 9.99282E-05 9.99282E-05 9.99282E-05 0.000434015
9.9946E-05 9.9946E-05 0.0277485 0.937298 9.9946E-05 9.9946E-05 9.9946E-05 0.00745771 0.0164703 0.0104259 9.9946E-05
9.99371E-05 9.99371E-05 0.031324 0.952267 9.99371E-05 0.0045406 9.99371E-05 9.99371E-05 0.0111692 9.99371E-05 9.99371E-05
0.756571 9.9928E-05 9.9928E-05 9.9928E-05 9.9928E-05 0.063005 0.179625 9.9928E-05 9.9928E-05 9.9928E-05 9.9928E-05
0.0789665 9.99551E-05 0.00211339 9.99551E-05 9.99551E-05 0.335001 0.203904 0.312403 0.0671117 9.99551E-05 9.99551E-05
0.0533181 0.00977777 0.0158094 9.99549E-05 9.99549E-05 0.133554 9.99549E-05 9.99549E-05 0.698792 0.0882497 9.99549E-05
9.9919E-05 9.9919E-05 9.9919E-05 9.9919E-05 9.9919E-05 9.9919E-05 9.9919E-05 0.092525 0.906576 9.9919E-05 9.9919E-05
0.292042 9.99369E-05 0.116547 9.99369E-05 9.99369E-05 0.533148 9.99369E-05 0.0575637 9.99369E-05 9.99369E-05 9.99369E-05
9.99101E-05 9.99101E-05 9.99101E-05 9.99101E-05 9.99101E-05 9.99101E-05 9.99101E-05 9.99101E-05 0.999001 9.99101E-05 9.99101E-05
0.300599 9.99459E-05 0.505534 9.99459E-05 9.99459E-05 0.110681 0.0495148 0.0330712 9.99459E-05 9.99459E-05 9.99459E-05
9.99371E-05 0.0135522 9.99371E-05 9.99371E-05 9.99371E-05 0.252129 9.99371E-05 0.324684 0.408935 9.99371E-05 9.99371E-05
9.99279E-05 9.99279E-05 9.99279E-05 9.99279E-05 9.99279E-05 0.059826 9.99279E-05 0.0496919 0.889683 9.99279E-05 9.99279E-05
9.99281E-05 0.0336894 9.99281E-05 0.961268 9.99281E-05 9.99281E-05 9.99281E-05 9.99281E-05 9.99281E-05 9.99281E-05 0.00424323
9.99191E-05 0.00799184 9.99191E-05 0.991109 9.99191E-05 9.99191E-05 9.99191E-05 9.99191E-05 9.99191E-05 9.99191E-05 9.99191E-05
0.0422836 9.99459E-05 0.0633672 9.99459E-05 9.99459E-05 0.110539 0.764586 0.0186246 9.99459E-05 9.99459E-05 9.99459E-05
9.9928E-05 0.0447012 9.9928E-05 0.918484 9.9928E-05 9.9928E-05 9.9928E-05 9.9928E-05 9.9928E-05 9.9928E-05 0.0360157
0.0241951 0.0595175 9.9937E-05 0.915381 9.9937E-05 9.9937E-05 9.9937E-05 9.9937E-05 9.9937E-05 0.000206634 9.9937E-05
9.99731E-05 0.14825 0.00282786 0.607996 0.168438 9.99731E-05 0.0126928 0.0139175 0.0136063 0.0319721 9.99731E-05
9.99369E-05 0.0340324 9.99369E-05 0.333831 0.59615 9.99369E-05 9.99369E-05 0.0352876 9.99369E-05 9.99369E-05 9.99369E-05
9.99102E-05 9.99102E-05 9.99102E-05 9.99102E-05 9.99102E-05 9.99102E-05 9.99102E-05 9.99102E-05 9.99102E-05 0.999001 9.99102E-05
0.011504 9.99281E-05 9.99281E-05 0.858653 0.129044 9.99281E-05 9.99281E-05 9.99281E-05 9.99281E-05 9.99281E-05 9.99281E-05
9.99372E-05 0.722112 0.0114922 9.99372E-05 0.252857 0.0128399 9.99372E-05 9.99372E-05 9.99372E-05 9.99372E-05 9.99372E-05
9.99458E-05 9.99458E-05 0.0452065 9.99458E-05 0.102618 0.0741979 0.621133 0.156246 9.99458E-05 9.99458E-05 9.99458E-05
9.99459E-05 9.99459E-05 9.99459E-05 0.929031 0.0346141 9.99459E-05 9.99459E-05 0.0131057 9.99459E-05 0.012793 0.00985665
9.9919E-05 9.9919E-05 0.959064 9.9919E-05 0.0400372 9.9919E-05 9.9919E-05 9.9919E-05 9.9919E-05 9.9919E-05 9.9919E-05
9.9928E-05 9.9928E-05 0.0615596 9.9928E-05 9.9928E-05 0.671264 9.9928E-05 9.9928E-05 9.9928E-05 0.266377 9.9928E-05
0.048273 9.9964E-05 9.9964E-05 0.0317086 0.134241 0.156924 0.209452 0.373636 0.0453643 9.9964E-05 9.9964E-05
0.265313 9.99369E-05 0.255132 0.112758 9.99369E-05 0.366097 9.99369E-05 9.99369E-05 9.99369E-05 9.99369E-05 9.99369E-05
0.268627 9.99549E-05 0.275609 0.0717551 9.99549E-05 0.339678 9.99549E-05 0.0224097 0.0214216 9.99549E-05 9.99549E-05
0.022143 9.99279E-05 0.0335787 9.99279E-05 9.99279E-05 0.943479 9.99279E-05 9.99279E-05 9.99279E-05 9.99279E-05 9.99279E-05
0.82824 9.9955E-05 0.0228566 9.9955E-05 9.9955E-05 0.0239639 0.0112946 9.9955E-05 0.00454689 9.9955E-05 0.108599
9.9937E-05 0.0110463 0.000270242 9.9937E-05 9.9937E-05 0.953471 0.0345134 9.9937E-05 9.9937E-05 9.9937E-05 9.9937E-05
0.0439577 0.00101398 0.0212135 9.9973E-05 9.9973E-05 0.462449 0.208769 0.108472 0.0781142 0.0757102 9.9973E-05
0.157603 9.9964E-05 0.1149 0.0900639 9.9964E-05 0.556197 0.0382916 0.0245047 0.0180403 9.9964E-05 9.9964E-05
9.996E-05 0.0295399 0.220302 0.093095 9.996E-05 0.302669 0.239686 0.096194 9.996E-05 9.996E-05 0.0181149
9.99195E-05 9.99195E-05 0.995331 9.99195E-05 9.99195E-05 9.99195E-05 9.99195E-05 9.99195E-05 0.00376927 9.99195E-05 9.99195E-05
9.99101E-05 0.999001 9.99101E-05 9.99101E-05 9.99101E-05 9.99101E-05 9.99101E-05 9.99101E-05 9.99101E-05 9.99101E-05 9.99101E-05
9.99101E-05 0.999001 9.99101E-05 9.99101E-05 9.99101E-05 9.99101E-05 9.99101E-05 9.99101E-05 9.99101E-05 9.99101E-05 9.99101E-05
9.99191E-05 0.951357 9.99191E-05 9.99191E-05 9.99191E-05 0.0477434 9.99191E-05 9.99191E-05 9.99191E-05 9.99191E-05 9.99191E-05
9.99101E-05 0.999001 9.99101E-05 9.99101E-05 9.99101E-05 9.99101E-05 9.99101E-05 9.99101E-05 9.99101E-05 9.99101E-05 9.99101E-05
9.99101E-05 0.999001 9.99101E-05 9.99101E-05 9.99101E-05 9.99101E-05 9.99101E-05 9.99101E-05 9.99101E-05 9.99101E-05 9.99101E-05
0.0873224 0.371564 9.99821E-05 0.138128 0.198988 0.0141238 9.99821E-05 0.00756894 0.0371452 0.100643 0.0443165
0.00717657 0.910868 9.99281E-05 9.99281E-05 9.99281E-05 9.99281E-05 9.99281E-05 9.99281E-05 9.99281E-05 0.0811565 9.99281E-05
0.157019 9.99279E-05 0.813312 9.99279E-05 9.99279E-05 9.99279E-05 0.0288699 9.99279E-05 9.99279E-05 9.99279E-05 9.99279E-05
9.99279E-05 0.0178327 9.99279E-05 9.99279E-05 9.99279E-05 9.99279E-05 9.99279E-05 9.99279E-05 9.99279E-05 0.908991 0.0723764
9.99189E-05 9.99189E-05 9.99189E-05 0.976182 9.99189E-05 0.022919 9.99189E-05 9.99189E-05 9.99189E-05 9.99189E-05 9.99189E-05
0.0625209 0.0372307 0.0401399 9.9946E-05 9.9946E-05 9.9946E-05 0.84624 0.0132685 9.9946E-05 9.9946E-05 9.9946E-05
0.92614 9.99192E-05 9.99192E-05 9.99192E-05 9.99192E-05 9.99192E-05 0.0729609 9.99192E-05 9.99192E-05 9.99192E-05 9.99192E-05
9.99192E-05 9.99192E-05 9.99192E-05 9.99192E-05 9.99192E-05 9.99192E-05 0.899801 9.99192E-05 9.99192E-05 9.99192E-05 0.0992996
9.99369E-05 9.99369E-05 9.99369E-05 9.99369E-05 9.99369E-05 0.0590914 0.911198 9.99369E-05 9.99369E-05 0.028335 0.000676252
9.99279E-05 9.99279E-05 9.99279E-05 9.99279E-05 9.99279E-05 0.096501 0.877264 0.0254352 9.99279E-05 9.99279E-05 9.99279E-05
0.00618539 0.0119391 0.0537706 9.99462E-05 0.00961616 9.99462E-05 9.99462E-05 9.99462E-05 0.917889 9.99462E-05 9.99462E-05
9.99104E-05 9.99104E-05 9.99104E-05 0.999001 9.99104E-05 9.99104E-05 9.99104E-05 9.99104E-05 9.99104E-05 9.99104E-05 9.99104E-05
0.188424 0.0484326 0.0221428 0.229651 9.9982E-05 0.0840866 0.146279 0.0306038 0.0814717 0.168709 9.9982E-05
0.0142554 9.99283E-05 9.99283E-05 0.93809 0.0468554 9.99283E-05 9.99283E-05 9.99283E-05 9.99283E-05 9.99283E-05 9.99283E-05
9.9946E-05 0.0333444 0.0349382 0.903894 0.0109584 9.9946E-05 9.9946E-05 9.9946E-05 9.9946E-05 9.9946E-05 0.0162649
0.0545042 0.0430625 9.9946E-05 0.853563 0.0417731 9.9946E-05 9.9946E-05 9.9946E-05 9.9946E-05 9.9946E-05 0.00649775
0.0532129 0.0188669 9.99461E-05 0.911361 9.99461E-05 9.99461E-05 9.99461E-05 9.99461E-05 0.000552559 9.99461E-05 0.015407
9.99461E-05 9.99461E-05 0.00974276 0.809626 0.109015 0.059237 9.99461E-05 0.0117796 9.99461E-05 9.99461E-05 9.99461E-05
9.9919E-05 9.9919E-05 9.9919E-05 0.996423 0.00267771 9.9919E-05 9.9919E-05 9.9919E-05 9.9919E-05 9.9919E-05 9.9919E-05
9.99101E-05 9.99101E-05 9.99101E-05 9.99101E-05 0.999001 9.99101E-05 9.99101E-05 9.99101E-05 9.99101E-05 9.99101E-05 9.99101E-05
9.9928E-05 9.9928E-05 9.9928E-05 9.9928E-05 0.978571 9.9928E-05 0.0148225 9.9928E-05 9.9928E-05 9.9928E-05 0.00580675
0.0287315 0.0214284 9.99371E-05 0.928169 9.99371E-05 0.0209716 9.99371E-05 9.99371E-05 9.99371E-05 9.99371E-05 9.99371E-05
0.971253 9.9919E-05 9.9919E-05 9.9919E-05 0.027848 9.9919E-05 9.9919E-05 9.9919E-05 9.9919E-05 9.9919E-05 9.9919E-05
0.985023 0.0140778 9.99189E-05 9.99189E-05 9.99189E-05 9.99189E-05 9.99189E-05 9.99189E-05 9.99189E-05 9.99189E-05 9.99189E-05
9.99101E-05 9.99101E-05 9.99101E-05 9.99101E-05 9.99101E-05 9.99101E-05 9.99101E-05 0.999001 9.99101E-05 9.99101E-05 9.99101E-05
9.99101E-05 9.99101E-05 9.99101E-05 9.99101E-05 9.99101E-05 9.99101E-05 9.99101E-05 0.999001 9.99101E-05 9.99101E-05 9.99101E-05
0.0466396 9.99369E-05 0.0248465 9.99369E-05 9.99369E-05 0.833666 9.99369E-05 9.99369E-05 9.99369E-05 0.0941486 9.99369E-05
0.117183 9.99459E-05 0.0459935 9.99459E-05 9.99459E-05 0.778899 9.99459E-05 9.99459E-05 9.99459E-05 0.0420557 0.0152686
9.9919E-05 9.9919E-05 9.9919E-05 9.9919E-05 0.0112194 9.9919E-05 9.9919E-05 0.987881 9.9919E-05 9.9919E-05 9.9919E-05
9.99189E-05 9.99189E-05 0.00123506 9.99189E-05 9.99189E-05 9.99189E-05 9.99189E-05 0.997866 9.99189E-05 9.99189E-05 9.99189E-05
9.99279E-05 0.0201969 0.945458 9.99279E-05 9.99279E-05 9.99279E-05 0.0335457 9.99279E-05 9.99279E-05 9.99279E-05 9.99279E-05
0.39108 9.996E-05 0.0391323 9.996E-05 9.996E-05 0.21401 0.118794 9.996E-05 0.0721568 0.0226944 0.141732
9.9928E-05 0.0734431 9.9928E-05 9.9928E-05 9.9928E-05 9.9928E-05 9.9928E-05 9.9928E-05 9.9928E-05 0.894561 0.0311968
9.99462E-05 9.99462E-05 9.99462E-05 0.0591212 9.99462E-05 0.247572 0.389099 0.185105 0.118503 9.99462E-05 9.99462E-05
9.99462E-05 9.99462E-05 0.169527 0.00259974 9.99462E-05 9.99462E-05 0.493978 0.261049 0.0722465 9.99462E-05 9.99462E-05
9.9946E-05 0.0167945 9.9946E-05 0.24144 0.676888 9.9946E-05 9.9946E-05 0.00503706 0.0592406 9.9946E-05 9.9946E-05
