0.9995 9.996E-05 9.996E-05 9.996E-05 9.996E-05 9.996E-05
0.394919 9.9973E-05 0.305982 9.9973E-05 9.9973E-05 0.298798
9.999E-05 0.00542929 0.661389 0.143296 0.0629757 0.12681
9.9973E-05 9.9973E-05 0.951176 9.9973E-05 0.0431292 0.00539482
0.288307 9.99731E-05 0.428965 9.99731E-05 9.99731E-05 0.282428
9.9973E-05 0.000455953 0.994254 9.9973E-05 0.00498976 9.9973E-05
9.99641E-05 9.99641E-05 9.99641E-05 0.612743 9.99641E-05 0.386857
0.102282 9.9991E-05 0.42026 0.0285848 0.026525 0.422248
0.0674896 9.99731E-05 9.99731E-05 0.494263 9.99731E-05 0.437948
0.741519 9.9982E-05 9.9982E-05 0.022021 0.0688596 0.1674
0.685901 9.9982E-05 9.9982E-05 0.0784569 0.0967506 0.138691
0.633289 9.9982E-05 0.0440464 0.184417 0.138047 9.9982E-05
9.996E-05 9.996E-05 9.996E-05 0.9995 9.996E-05 9.996E-05
0.0104621 0.0278414 0.961397 9.9973E-05 9.9973E-05 9.9973E-05
0.0436089 0.0108058 0.945285 9.9973E-05 9.9973E-05 9.9973E-05
0.612511 9.9982E-05 9.9982E-05 0.33266 0.0263141 0.0283149
0.395407 0.0852517 0.00703386 0.134031 0.378177 9.9991E-05
0.200638 0.729365 9.9973E-05 9.9973E-05 9.9973E-05 0.0696967
9.9964E-05 0.903246 9.9964E-05 9.9964E-05 0.0963542 9.9964E-05
0.830133 9.9973E-05 9.9973E-05 0.033729 0.135838 9.9973E-05
9.996E-05 0.9995 9.996E-05 9.996E-05 9.996E-05 9.996E-05
0.905933 9.9973E-05 9.9973E-05 0.0752316 0.0185355 9.9973E-05
0.108527 0.421042 9.9982E-05 9.9982E-05 0.378885 0.0913462
9.9964E-05 0.927833 9.9964E-05 9.9964E-05 0.0717667 9.9964E-05
9.996E-05 9.996E-05 0.9995 9.996E-05 9.996E-05 9.996E-05
9.996E-05 9.996E-05 0.9995 9.996E-05 9.996E-05 9.996E-05
0.178584 9.99729E-05 9.99729E-05 0.73618 0.0849363 9.99729E-05
9.9973E-05 9.9973E-05 0.883633 0.0195265 9.9973E-05 0.0965409
9.9973E-05 9.9973E-05 0.892894 0.00105842 9.9973E-05 0.105748
9.9991E-05 0.0193648 0.66739 0.0329246 0.0350557 0.245165
9.9982E-05 0.00421512 0.664365 9.9982E-05 0.0482543 0.282965
0.29559 9.99732E-05 0.105766 9.99732E-05 9.99732E-05 0.598344
9.99641E-05 9.99641E-05 0.986886 9.99641E-05 0.0127142 9.99641E-05
9.99731E-05 9.99731E-05 0.108256 0.00484184 9.99731E-05 0.886603
0.204437 9.99819E-05 0.0302026 0.513259 0.251902 9.99819E-05
9.99729E-05 9.99729E-05 0.974304 0.0165026 0.00889376 9.99729E-05
0.965224 9.99642E-05 0.0343766 9.99642E-05 9.99642E-05 9.99642E-05
0.767167 0.0453122 0.0235584 9.9982E-05 9.9982E-05 0.163763
0.198799 0.0469925 0.14499 0.15072 0.458399 9.9991E-05
0.824011 9.99729E-05 0.147531 9.99729E-05 0.0281584 9.99729E-05
0.891033 0.00558745 0.0661873 9.9982E-05 0.0369923 9.9982E-05
0.86721 0.0218427 9.9991E-05 0.0253434 0.0619162 0.0235873
0.662126 9.9973E-05 9.9973E-05 0.2662 9.9973E-05 0.0713742
0.779192 9.9982E-05 9.9982E-05 0.0349434 0.11787 0.0677949
0.470968 0.103969 9.9991E-05 0.184327 0.198415 0.0422197
0.72569 0.0579156 0.0534869 0.0453694 0.0581332 0.0594045
0.501492 9.9991E-05 0.121473 0.184256 0.13933 0.0533485
0.996979 0.00262073 9.99644E-05 9.99644E-05 9.99644E-05 9.99644E-05
9.996E-05 9.996E-05 9.996E-05 9.996E-05 9.996E-05 0.9995
9.996E-05 9.996E-05 9.996E-05 9.996E-05 9.996E-05 0.9995
9.99639E-05 9.99639E-05 9.99639E-05 9.99639E-05 0.0114024 0.988198
9.996E-05 9.996E-05 9.996E-05 9.996E-05 9.996E-05 0.9995
9.996E-05 9.996E-05 9.996E-05 9.996E-05 9.996E-05 0.9995
0.0177583 0.0398783 0.228485 0.0766247 9.9991E-05 0.637153
0.00311183 9.99639E-05 9.99639E-05 9.99639E-05 9.99639E-05 0.996488
0.984564 9.9964E-05 9.9964E-05 0.0150366 9.9964E-05 9.9964E-05
0.338298 9.9991E-05 0.11072 0.0111429 0.00177044 0.537969
9.996E-05 9.996E-05 0.9995 9.996E-05 9.996E-05 9.996E-05
0.0931144 9.9982E-05 9.9982E-05 0.845879 0.0512851 0.00952183
0.594657 9.9973E-05 0.0684303 0.336613 9.9973E-05 9.9973E-05
9.996E-05 9.996E-05 9.996E-05 0.9995 9.996E-05 9.996E-05
0.120487 9.99639E-05 9.99639E-05 0.879113 9.99639E-05 9.99639E-05
0.0536764 0.0122549 9.99819E-05 0.830042 0.103826 9.99819E-05
0.0634506 0.925421 0.0108281 9.99731E-05 9.99731E-05 9.99731E-05
9.996E-05 9.996E-05 0.9995 9.996E-05 9.996E-05 9.996E-05
0.360498 0.0306316 0.286376 0.0864829 0.0841112 0.151901
9.99641E-05 9.99641E-05 0.985714 0.0138864 9.99641E-05 9.99641E-05
0.0297296 9.9973E-05 0.967946 9.9973E-05 9.9973E-05 0.00202467
9.9973E-05 9.9973E-05 0.894675 0.0310275 9.9973E-05 0.0739971
9.9964E-05 9.9964E-05 0.951215 9.9964E-05 9.9964E-05 0.0483847
0.0615454 9.99731E-05 0.934613 9.99731E-05 0.00354144 9.99731E-05
9.996E-05 9.996E-05 0.9995 9.996E-05 9.996E-05 9.996E-05
9.99732E-05 9.99732E-05 0.496211 0.000329048 9.99732E-05 0.50316
9.99732E-05 9.99732E-05 0.457146 0.175669 9.99732E-05 0.366884
0.0138496 9.9973E-05 0.983503 9.9973E-05 9.9973E-05 0.00234739
0.653194 9.9991E-05 0.0261506 0.13719 0.0312907 0.152075
0.582751 9.9991E-05 0.0540744 0.199252 0.0216999 0.142123
9.996E-05 9.996E-05 9.996E-05 9.996E-05 0.9995 9.996E-05
9.996E-05 9.996E-05 9.996E-05 9.996E-05 0.9995 9.996E-05
0.781348 0.00456034 9.9991E-05 0.0679798 0.0592169 0.0867952
0.73534 0.00856459 9.9991E-05 0.111739 0.0470798 0.0971767
9.996E-05 9.996E-05 9.996E-05 9.996E-05 0.9995 9.996E-05
9.996E-05 9.996E-05 9.996E-05 9.996E-05 0.9995 9.996E-05
0.982899 9.99641E-05 9.99641E-05 0.0167016 9.99641E-05 9.99641E-05
0.613571 0.0514613 0.00108046 0.278039 9.9991E-05 0.0557487
0.271989 9.9982E-05 0.0872987 0.055447 9.9982E-05 0.585066
0.168291 0.129202 0.0471825 0.342612 0.312612 9.9991E-05
0.244967 0.0830055 9.99821E-05 0.331126 0.340701 9.99821E-05
9.99821E-05 0.0556533 0.571498 9.99821E-05 0.0286124 0.344037
