9.9964E-05 9.9964E-05 9.9964E-05 0.00789263 0.958952 0.0327552 9.9964E-05
0.266007 9.9982E-05 9.9982E-05 0.00652452 0.237486 0.204862 0.284921
0.0457755 0.0609868 0.0327833 0.0292116 9.99822E-05 9.99822E-05 0.831043
9.9955E-05 9.9955E-05 9.9955E-05 0.0414052 9.9955E-05 9.9955E-05 0.958095
0.181432 9.99731E-05 9.99731E-05 9.99731E-05 0.0952004 0.256038 0.467029
9.9973E-05 9.9973E-05 9.9973E-05 0.00954652 0.0095392 0.00418417 0.97643
0.345861 0.477606 9.99731E-05 9.99731E-05 9.99731E-05 0.137927 0.0383062
0.398334 9.99731E-05 9.99731E-05 0.000829098 9.99731E-05 0.15039 0.450147
0.354629 0.340421 9.99731E-05 9.99731E-05 9.99731E-05 0.26425 0.0403997
9.995E-05 9.995E-05 9.995E-05 9.995E-05 9.995E-05 0.9994 9.995E-05
9.995E-05 9.995E-05 9.995E-05 9.995E-05 9.995E-05 0.9994 9.995E-05
9.9973E-05 0.156672 9.9973E-05 0.160136 0.676699 9.9973E-05 0.00619363
9.99551E-05 0.993836 9.99551E-05 9.99551E-05 9.99551E-05 9.99551E-05 0.00566447
9.9973E-05 0.00623852 9.9973E-05 0.0168437 0.0474257 9.9973E-05 0.929192
9.9964E-05 9.9964E-05 0.00642111 9.9964E-05 0.0364007 9.9964E-05 0.956778
0.0138514 0.33988 9.9982E-05 9.9982E-05 0.0842806 0.559088 0.00269985
9.9973E-05 0.185752 0.0773386 0.317825 9.9973E-05 0.418784 9.9973E-05
0.0637975 9.99729E-05 0.737244 9.99729E-05 0.0316504 0.167008 9.99729E-05
9.9955E-05 9.9955E-05 0.890674 0.108827 9.9955E-05 9.9955E-05 9.9955E-05
9.9973E-05 0.0368763 9.9973E-05 0.0801258 0.113417 0.769281 9.9973E-05
9.9955E-05 9.9955E-05 0.997481 9.9955E-05 9.9955E-05 9.9955E-05 0.00201897
9.9973E-05 0.0972532 9.9973E-05 0.00528005 0.60567 0.291497 9.9973E-05
9.9964E-05 9.9964E-05 0.363407 0.356046 9.9964E-05 0.280147 9.9964E-05
9.9955E-05 9.9955E-05 0.911883 0.0876176 9.9955E-05 9.9955E-05 9.9955E-05
0.012918 9.9955E-05 9.9955E-05 9.9955E-05 9.9955E-05 9.9955E-05 0.986582
9.995E-05 9.995E-05 9.995E-05 9.995E-05 9.995E-05 9.995E-05 0.9994
9.99729E-05 0.763839 9.99729E-05 0.0872389 0.107648 0.0409737 9.99729E-05
0.0740034 9.9955E-05 9.9955E-05 9.9955E-05 9.9955E-05 9.9955E-05 0.925497
0.108269 0.0041652 9.9964E-05 9.9964E-05 9.9964E-05 9.9964E-05 0.887166
0.257135 0.00684266 0.0335203 0.00815731 9.9982E-05 9.9982E-05 0.694145
0.286379 0.00184236 0.00507013 0.0563505 9.9982E-05 9.9982E-05 0.650158
0.562326 9.99821E-05 9.99821E-05 0.00660772 0.273061 0.0793167 0.0784892
9.99641E-05 9.99641E-05 9.99641E-05 0.00739664 9.99641E-05 0.00191247 0.990291
0.901868 0.0175427 9.99641E-05 9.99641E-05 9.99641E-05 9.99641E-05 0.0801891
9.99819E-05 0.55225 9.99819E-05 0.221019 0.0619109 0.122393 0.0422277
9.99639E-05 0.021962 9.99639E-05 0.00156425 9.99639E-05 9.99639E-05 0.976074
9.9964E-05 9.9964E-05 9.9964E-05 0.000885063 0.996539 9.9964E-05 0.00217564
0.082216 9.9982E-05 0.011728 9.9982E-05 0.103503 0.75265 0.0497032
9.9982E-05 0.174386 0.0507357 0.394775 9.9982E-05 0.246084 0.133819
9.99639E-05 9.99639E-05 9.99639E-05 9.99639E-05 0.285388 0.62363 0.0905826
9.9982E-05 9.9982E-05 0.00737597 0.0240481 0.298721 0.61062 0.059035
9.9964E-05 9.9964E-05 9.9964E-05 0.0210358 0.0146317 0.963933 9.9964E-05
0.0183272 0.246082 9.9973E-05 9.9973E-05 0.133743 0.601548 9.9973E-05
9.9964E-05 9.9964E-05 9.9964E-05 0.0380199 0.0264526 0.935128 9.9964E-05
9.9982E-05 0.198048 0.0895107 0.153553 0.0457971 0.512892 9.9982E-05
9.999E-05 0.0450163 0.0283525 0.0231526 0.133274 0.722219 0.0478854
0.0300441 0.190847 9.9991E-05 0.1038 0.233506 0.313876 0.127828
9.99552E-05 9.99552E-05 0.0203407 9.99552E-05 0.979159 9.99552E-05 9.99552E-05
0.9994 9.995E-05 9.995E-05 9.995E-05 9.995E-05 9.995E-05 9.995E-05
0.9994 9.995E-05 9.995E-05 9.995E-05 9.995E-05 9.995E-05 9.995E-05
0.990292 9.99549E-05 9.99549E-05 9.99549E-05 9.99549E-05 0.00920827 9.99549E-05
0.9994 9.995E-05 9.995E-05 9.995E-05 9.995E-05 9.995E-05 9.995E-05
0.9994 9.995E-05 9.995E-05 9.995E-05 9.995E-05 9.995E-05 9.995E-05
0.593779 0.00395638 0.0326173 9.99821E-05 9.99821E-05 0.0975866 0.27186
0.987189 9.99549E-05 9.99549E-05 0.012311 9.99549E-05 9.99549E-05 9.99549E-05
9.99639E-05 0.0702387 9.99639E-05 9.99639E-05 0.899898 0.029463 9.99639E-05
0.557354 9.9973E-05 9.9973E-05 9.9973E-05 0.222839 0.130759 0.0887485
9.995E-05 9.995E-05 9.995E-05 9.995E-05 9.995E-05 9.995E-05 0.9994
0.00158652 0.836638 9.9973E-05 0.0458771 0.115599 9.9973E-05 9.9973E-05
9.9973E-05 0.310325 9.9973E-05 9.9973E-05 0.216373 0.418906 0.0540966
9.995E-05 0.9994 9.995E-05 9.995E-05 9.995E-05 9.995E-05 9.995E-05
9.99639E-05 0.873682 9.99639E-05 9.99639E-05 0.0299622 0.0959558 9.99639E-05
9.99639E-05 0.835859 9.99639E-05 0.120352 9.99639E-05 0.0433894 9.99639E-05
9.99551E-05 9.99551E-05 0.919498 9.99551E-05 0.0800023 9.99551E-05 9.99551E-05
9.995E-05 9.995E-05 9.995E-05 9.995E-05 9.995E-05 9.995E-05 0.9994
0.192357 0.0328301 0.0478274 0.085874 0.162379 0.232616 0.246116
9.99552E-05 0.031552 9.99552E-05 9.99552E-05 9.99552E-05 9.99552E-05 0.967948
0.0186527 9.9964E-05 9.9964E-05 9.9964E-05 0.0309899 9.9964E-05 0.949958
0.0732784 0.0215876 9.9964E-05 9.9964E-05 9.9964E-05 9.9964E-05 0.904734
0.0676316 9.9955E-05 9.9955E-05 9.9955E-05 9.9955E-05 9.9955E-05 0.931869
9.99551E-05 9.99551E-05 9.99551E-05 9.99551E-05 9.99551E-05 0.0821119 0.917388
9.995E-05 9.995E-05 9.995E-05 9.995E-05 9.995E-05 9.995E-05 0.9994
0.424695 0.0082443 9.99821E-05 9.99821E-05 0.00416779 0.021437 0.541256
0.311954 0.162224 9.99643E-05 9.99643E-05 9.99643E-05 9.99643E-05 0.525422
0.0028648 9.9973E-05 9.9973E-05 0.00608427 0.0243765 9.9973E-05 0.966375
0.0487322 0.115432 9.9991E-05 0.0371206 0.121508 0.61148 0.0656268
0.0703529 0.135422 9.9991E-05 0.0150874 0.118462 0.60301 0.0575656
9.995E-05 9.995E-05 9.995E-05 0.9994 9.995E-05 9.995E-05 9.995E-05
9.995E-05 9.995E-05 9.995E-05 0.9994 9.995E-05 9.995E-05 9.995E-05
0.0293566 0.0141086 9.9964E-05 9.9964E-05 9.9964E-05 0.956135 9.9964E-05
9.9955E-05 0.082492 9.9955E-05 9.9955E-05 9.9955E-05 0.917008 9.9955E-05
9.995E-05 9.995E-05 9.995E-05 0.9994 9.995E-05 9.995E-05 9.995E-05
9.995E-05 9.995E-05 9.995E-05 0.9994 9.995E-05 9.995E-05 9.995E-05
9.99549E-05 0.0468266 9.99549E-05 9.99549E-05 0.952674 9.99549E-05 9.99549E-05
9.9973E-05 0.283935 0.038451 9.9973E-05 0.0998169 0.577497 9.9973E-05
0.608747 9.9973E-05 9.9973E-05 9.9973E-05 0.184415 0.136899 0.0696389
9.99821E-05 0.374034 0.0990066 0.248923 9.99821E-05 0.187626 0.0902095
9.99731E-05 0.37114 0.0768816 0.343513 0.208166 9.99731E-05 9.99731E-05
0.321638 0.000395459 0.0536193 0.00825803 9.99821E-05 9.99821E-05 0.61589
