9.99639E-05 0.0133326 9.99639E-05 0.0216504 9.99639E-05 0.964617 9.99639E-05
9.9982E-05 0.164438 9.9982E-05 0.0158062 0.212083 0.281033 0.32644
0.0529992 9.99733E-05 9.99733E-05 0.0575806 0.113683 9.99733E-05 0.775437
9.9964E-05 0.000648439 9.9964E-05 0.0357008 9.9964E-05 9.9964E-05 0.963251
9.99731E-05 0.172407 9.99731E-05 9.99731E-05 0.213478 0.151212 0.462604
9.9964E-05 0.000705076 9.9964E-05 9.9964E-05 9.9964E-05 0.0144056 0.984489
0.611006 0.0352351 9.99642E-05 9.99642E-05 0.353359 9.99642E-05 9.99642E-05
9.99641E-05 0.118662 9.99641E-05 9.99641E-05 0.481874 9.99641E-05 0.399063
0.431519 0.143856 9.99731E-05 9.99731E-05 0.415432 9.99731E-05 0.00889324
9.995E-05 0.9994 9.995E-05 9.995E-05 9.995E-05 9.995E-05 9.995E-05
9.995E-05 0.9994 9.995E-05 9.995E-05 9.995E-05 9.995E-05 9.995E-05
0.164549 9.9973E-05 9.9973E-05 0.135432 9.9973E-05 0.698527 0.0011921
0.9994 9.995E-05 9.995E-05 9.995E-05 9.995E-05 9.995E-05 9.995E-05
9.9973E-05 9.9973E-05 0.0257884 0.0211024 9.9973E-05 0.00847717 0.944332
9.9964E-05 9.9964E-05 0.0113877 9.9964E-05 9.9964E-05 0.0486932 0.939519
0.386099 0.428169 9.9982E-05 9.9982E-05 0.0291306 0.138663 0.0177386
0.132691 0.458229 0.0777522 0.298916 9.9982E-05 0.0322121 9.9982E-05
9.99729E-05 0.167929 0.715711 9.99729E-05 0.0613557 0.0547041 9.99729E-05
9.9955E-05 9.9955E-05 0.943016 0.0564842 9.9955E-05 9.9955E-05 9.9955E-05
0.0428093 0.713987 9.9973E-05 0.0635379 9.9973E-05 0.179366 9.9973E-05
9.9955E-05 9.9955E-05 0.990053 9.9955E-05 9.9955E-05 9.9955E-05 0.00944764
0.100369 0.301565 9.9973E-05 0.00983402 9.9973E-05 0.587933 9.9973E-05
9.9973E-05 0.302893 0.384163 0.278906 0.0337379 9.9973E-05 9.9973E-05
9.99639E-05 0.0203998 0.896629 0.0825711 9.99639E-05 9.99639E-05 9.99639E-05
9.995E-05 9.995E-05 9.995E-05 9.995E-05 9.995E-05 9.995E-05 0.9994
9.995E-05 9.995E-05 9.995E-05 9.995E-05 9.995E-05 9.995E-05 0.9994
0.742229 0.0890736 9.99729E-05 0.095768 9.99729E-05 0.072629 9.99729E-05
9.9955E-05 9.9955E-05 9.9955E-05 9.9955E-05 0.0676135 9.9955E-05 0.931887
0.00380614 9.9964E-05 9.9964E-05 9.9964E-05 0.0983296 9.9964E-05 0.897464
0.0233785 9.9991E-05 0.0283499 0.027662 0.220347 0.00753178 0.692631
9.99641E-05 9.99641E-05 9.99641E-05 0.0496145 0.324788 9.99641E-05 0.625197
9.99731E-05 0.0650974 9.99731E-05 9.99731E-05 0.55548 0.282165 0.0969574
9.99551E-05 9.99551E-05 9.99551E-05 9.99551E-05 9.99551E-05 0.00136608 0.998134
0.0180282 9.99641E-05 9.99641E-05 9.99641E-05 0.908443 9.99641E-05 0.0731288
0.544562 0.15043 9.99819E-05 0.211161 9.99819E-05 0.0650642 0.028583
0.0218398 9.99549E-05 9.99549E-05 9.99549E-05 9.99549E-05 9.99549E-05 0.97766
9.9955E-05 9.9955E-05 9.9955E-05 0.0086733 9.9955E-05 0.990827 9.9955E-05
9.9982E-05 0.784145 0.00660219 9.9982E-05 0.0845242 0.0885709 0.0359578
0.152953 0.269223 0.0613725 0.390314 9.9991E-05 0.016413 0.109624
9.9982E-05 0.545912 0.00309075 0.00561334 9.9982E-05 0.32105 0.124133
9.9982E-05 0.55381 0.00183998 0.0308032 9.9982E-05 0.353894 0.059453
9.995E-05 0.9994 9.995E-05 9.995E-05 9.995E-05 9.995E-05 9.995E-05
0.324369 0.480093 9.9973E-05 9.9973E-05 0.00770353 0.187534 9.9973E-05
0.000241898 0.991719 9.9973E-05 0.00480147 9.9973E-05 0.00293784 9.9973E-05
0.17839 0.519978 0.105975 0.126792 9.9982E-05 0.0686662 9.9982E-05
0.0437831 0.626041 0.0318739 0.0366134 0.00546101 0.166594 0.0896339
0.201379 0.357372 9.9991E-05 0.127362 0.0252097 0.190143 0.0984354
9.99553E-05 9.99553E-05 0.0180495 9.99553E-05 9.99553E-05 0.981451 9.99553E-05
9.995E-05 9.995E-05 9.995E-05 9.995E-05 0.9994 9.995E-05 9.995E-05
9.995E-05 9.995E-05 9.995E-05 9.995E-05 0.9994 9.995E-05 9.995E-05
9.995E-05 9.995E-05 9.995E-05 9.995E-05 0.9994 9.995E-05 9.995E-05
9.995E-05 9.995E-05 9.995E-05 9.995E-05 0.9994 9.995E-05 9.995E-05
9.995E-05 9.995E-05 9.995E-05 9.995E-05 0.9994 9.995E-05 9.995E-05
0.00721348 0.102353 0.0434035 9.99821E-05 0.628362 9.99821E-05 0.218469
9.99639E-05 9.99639E-05 9.99639E-05 0.00441729 0.984797 0.0103863 9.99639E-05
0.0702758 9.99549E-05 9.99549E-05 9.99549E-05 9.99549E-05 0.929224 9.99549E-05
0.00941809 0.0612953 9.9982E-05 9.9982E-05 0.56862 0.270233 0.0902337
9.9964E-05 9.9964E-05 0.00473892 9.9964E-05 9.9964E-05 0.0010792 0.993782
0.85554 9.9964E-05 9.9964E-05 0.0324254 9.9964E-05 0.111634 9.9964E-05
0.375009 0.310889 9.9973E-05 9.9973E-05 9.9973E-05 0.253527 0.0602751
0.9994 9.995E-05 9.995E-05 9.995E-05 9.995E-05 9.995E-05 9.995E-05
0.883733 0.107371 9.99639E-05 9.99639E-05 9.99639E-05 0.00849541 9.99639E-05
0.805288 0.090235 0.0026688 0.101508 9.99729E-05 9.99729E-05 9.99729E-05
9.99551E-05 9.99551E-05 0.898483 9.99551E-05 9.99551E-05 0.101018 9.99551E-05
9.995E-05 9.995E-05 9.995E-05 9.995E-05 9.995E-05 9.995E-05 0.9994
0.228873 0.0966479 0.0457369 0.0804845 0.151759 0.168986 0.227512
0.0217822 9.99641E-05 9.99641E-05 9.99641E-05 0.00998688 9.99641E-05 0.967831
9.9973E-05 0.00298085 9.9973E-05 9.9973E-05 0.00879538 0.0213019 0.966622
0.0298001 9.9964E-05 9.9964E-05 9.9964E-05 0.0633024 9.9964E-05 0.906498
0.0196078 9.9973E-05 0.00567376 9.9973E-05 0.0594734 9.9973E-05 0.914945
9.99551E-05 0.0695166 9.99551E-05 9.99551E-05 9.99551E-05 9.99551E-05 0.929984
9.995E-05 9.995E-05 9.995E-05 9.995E-05 9.995E-05 9.995E-05 0.9994
9.99642E-05 0.0151001 9.99642E-05 9.99642E-05 0.500922 9.99642E-05 0.483578
0.184551 9.99643E-05 9.99643E-05 9.99643E-05 0.355191 9.99643E-05 0.459858
9.9973E-05 0.00944476 9.9973E-05 0.0139876 0.00791795 9.9973E-05 0.96835
0.152524 0.510896 9.9991E-05 0.0164504 0.0787689 0.180618 0.0606435
0.201185 0.470015 9.9991E-05 0.0291937 0.078286 0.154983 0.0662374
9.995E-05 9.995E-05 9.995E-05 0.9994 9.995E-05 9.995E-05 9.995E-05
9.9955E-05 9.9955E-05 9.9955E-05 0.986876 9.9955E-05 0.0126239 9.9955E-05
0.0177838 0.922521 9.9973E-05 9.9973E-05 9.9973E-05 0.0358441 0.0235516
0.0643276 0.935173 9.9955E-05 9.9955E-05 9.9955E-05 9.9955E-05 9.9955E-05
9.995E-05 9.995E-05 9.995E-05 0.9994 9.995E-05 9.995E-05 9.995E-05
9.995E-05 9.995E-05 9.995E-05 0.9994 9.995E-05 9.995E-05 9.995E-05
0.0363193 9.99549E-05 9.99549E-05 9.99549E-05 9.99549E-05 0.963181 9.99549E-05
0.330153 0.431621 0.0498926 9.9982E-05 0.0289305 0.159203 9.9982E-05
0.0149572 0.0750739 9.9982E-05 9.9982E-05 0.586898 0.243556 0.0793151
0.279457 0.307256 0.124654 0.259861 9.99821E-05 9.99821E-05 0.0285725
0.409757 9.99731E-05 0.0669083 0.30749 9.99731E-05 0.215544 9.99731E-05
9.99821E-05 0.0207243 0.0568233 0.0422702 0.302735 9.99821E-05 0.577247
