9.98739E-05 9.98739E-05 9.98739E-05 9.98739E-05 9.98739E-05 0.944617 9.98739E-05 9.98739E-05 0.0163621 9.98739E-05 0.0376227 9.98739E-05 9.98739E-05 9.98739E-05 9.98739E-05 9.98739E-05 9.98739E-05
9.98828E-05 9.98828E-05 9.98828E-05 9.98828E-05 0.204737 9.98828E-05 9.98828E-05 9.98828E-05 0.0348187 9.98828E-05 9.98828E-05 9.98828E-05 9.98828E-05 9.98828E-05 9.98828E-05 0.635438 0.123708
9.99101E-05 0.00633392 9.99101E-05 0.0257143 9.99101E-05 9.99101E-05 9.99101E-05 0.03611 9.99101E-05 0.207452 9.99101E-05 0.0104607 9.99101E-05 9.99101E-05 0.0636298 0.0140112 0.635389
9.9892E-05 9.9892E-05 0.017347 9.9892E-05 9.9892E-05 9.9892E-05 9.9892E-05 0.0244615 9.9892E-05 9.9892E-05 0.0138106 9.9892E-05 0.0225614 9.9892E-05 9.9892E-05 9.9892E-05 0.920621
0.0278964 9.99281E-05 9.99281E-05 9.99281E-05 0.0893151 9.99281E-05 0.0279054 9.99281E-05 9.99281E-05 0.0890908 0.0479256 0.185765 0.0935251 9.99281E-05 9.99281E-05 0.125945 0.311832
9.98824E-05 9.98824E-05 9.98824E-05 9.98824E-05 9.98824E-05 9.98824E-05 9.98824E-05 9.98824E-05 9.98824E-05 9.98824E-05 9.98824E-05 9.98824E-05 0.0225728 0.0174926 9.98824E-05 9.98824E-05 0.958536
9.98562E-05 9.98562E-05 9.98562E-05 9.98562E-05 9.98562E-05 9.98562E-05 9.98562E-05 9.98562E-05 9.98562E-05 9.98562E-05 9.98562E-05 0.998402 9.98562E-05 9.98562E-05 9.98562E-05 9.98562E-05 9.98562E-05
0.0648247 9.99099E-05 0.0335768 9.99099E-05 9.99099E-05 9.99099E-05 9.99099E-05 0.0226283 9.99099E-05 0.468027 0.0962052 9.99099E-05 0.211906 9.99099E-05 9.99099E-05 0.101833 9.99099E-05
0.00226232 0.0100157 9.9901E-05 9.9901E-05 9.9901E-05 9.9901E-05 0.0111864 9.9901E-05 0.00456724 9.9901E-05 9.9901E-05 0.924734 9.9901E-05 9.9901E-05 9.9901E-05 0.0461355 9.9901E-05
9.98652E-05 9.98652E-05 9.98652E-05 9.98652E-05 9.98652E-05 9.98652E-05 9.98652E-05 9.98652E-05 9.98652E-05 9.98652E-05 0.912144 0.0863584 9.98652E-05 9.98652E-05 9.98652E-05 9.98652E-05 9.98652E-05
9.98652E-05 9.98652E-05 9.98652E-05 9.98652E-05 9.98652E-05 9.98652E-05 9.98652E-05 9.98652E-05 9.98652E-05 9.98652E-05 0.928847 0.0696554 9.98652E-05 9.98652E-05 9.98652E-05 9.98652E-05 9.98652E-05
9.991E-05 9.991E-05 0.0449575 9.991E-05 9.991E-05 0.684832 9.991E-05 0.113309 0.0219283 9.991E-05 9.991E-05 0.00142714 9.991E-05 0.0461467 0.0864003 9.991E-05 9.991E-05
9.98833E-05 9.98833E-05 9.98833E-05 9.98833E-05 9.98833E-05 9.98833E-05 9.98833E-05 9.98833E-05 9.98833E-05 0.0114595 9.98833E-05 0.00452427 0.0221434 9.98833E-05 0.960574 9.98833E-05 9.98833E-05
9.98741E-05 9.98741E-05 9.98741E-05 0.0147542 9.98741E-05 9.98741E-05 9.98741E-05 9.98741E-05 9.98741E-05 9.98741E-05 9.98741E-05 9.98741E-05 9.98741E-05 9.98741E-05 9.98741E-05 0.0213673 0.96248
9.98831E-05 9.98831E-05 9.98831E-05 0.000758198 0.0273706 9.98831E-05 0.0171882 9.98831E-05 9.98831E-05 9.98831E-05 9.98831E-05 9.98831E-05 9.98831E-05 9.98831E-05 9.98831E-05 9.98831E-05 0.953385
9.9874E-05 0.766046 9.9874E-05 9.9874E-05 9.9874E-05 9.9874E-05 9.9874E-05 9.9874E-05 9.9874E-05 9.9874E-05 9.9874E-05 9.9874E-05 9.9874E-05 0.132209 0.100347 9.9874E-05 9.9874E-05
9.9874E-05 9.9874E-05 9.9874E-05 9.9874E-05 9.9874E-05 9.9874E-05 0.0256391 9.9874E-05 0.900212 9.9874E-05 0.0727507 9.9874E-05 9.9874E-05 9.9874E-05 9.9874E-05 9.9874E-05 9.9874E-05
0.0170828 9.991E-05 9.991E-05 0.671645 0.140393 9.991E-05 0.0694993 9.991E-05 9.991E-05 9.991E-05 0.0716925 0.00739033 9.991E-05 9.991E-05 9.991E-05 0.0212976 9.991E-05
9.9865E-05 9.9865E-05 9.9865E-05 0.903125 9.9865E-05 9.9865E-05 9.9865E-05 0.0953769 9.9865E-05 9.9865E-05 9.9865E-05 9.9865E-05 9.9865E-05 9.9865E-05 9.9865E-05 9.9865E-05 9.9865E-05
9.99008E-05 0.311153 9.99008E-05 9.99008E-05 9.99008E-05 0.0804299 9.99008E-05 0.0134343 0.0192038 9.99008E-05 0.387238 9.99008E-05 9.99008E-05 0.187442 9.99008E-05 9.99008E-05 9.99008E-05
9.98652E-05 9.98652E-05 9.98652E-05 0.975636 9.98652E-05 9.98652E-05 0.0228665 9.98652E-05 9.98652E-05 9.98652E-05 9.98652E-05 9.98652E-05 9.98652E-05 9.98652E-05 9.98652E-05 9.98652E-05 9.98652E-05
9.991E-05 0.165886 9.991E-05 9.991E-05 0.229836 0.422927 9.991E-05 0.0117042 0.0277772 9.991E-05 0.0699609 9.991E-05 9.991E-05 9.991E-05 0.0709107 9.991E-05 9.991E-05
9.98557E-05 9.98557E-05 9.98557E-05 9.98557E-05 9.98557E-05 9.98557E-05 0.998402 9.98557E-05 9.98557E-05 9.98557E-05 9.98557E-05 9.98557E-05 9.98557E-05 9.98557E-05 9.98557E-05 9.98557E-05 9.98557E-05
9.98648E-05 9.98648E-05 9.98648E-05 0.719774 9.98648E-05 9.98648E-05 0.278728 9.98648E-05 9.98648E-05 9.98648E-05 9.98648E-05 9.98648E-05 9.98648E-05 9.98648E-05 9.98648E-05 9.98648E-05 9.98648E-05
9.98743E-05 9.98743E-05 0.54249 9.98743E-05 9.98743E-05 9.98743E-05 9.98743E-05 9.98743E-05 9.98743E-05 9.98743E-05 9.98743E-05 0.0031906 9.98743E-05 9.98743E-05 9.98743E-05 9.98743E-05 0.452921
9.98652E-05 9.98652E-05 0.165148 9.98652E-05 9.98652E-05 9.98652E-05 9.98652E-05 9.98652E-05 9.98652E-05 9.98652E-05 9.98652E-05 9.98652E-05 9.98652E-05 9.98652E-05 9.98652E-05 9.98652E-05 0.833354
9.99008E-05 0.00912555 9.99008E-05 9.99008E-05 9.99008E-05 0.0383345 9.99008E-05 0.0369774 0.0390512 9.99008E-05 0.0430907 9.99008E-05 9.99008E-05 9.99008E-05 0.832322 9.99008E-05 9.99008E-05
0.00376495 9.98652E-05 0.994737 9.98652E-05 9.98652E-05 9.98652E-05 9.98652E-05 9.98652E-05 9.98652E-05 9.98652E-05 9.98652E-05 9.98652E-05 9.98652E-05 9.98652E-05 9.98652E-05 9.98652E-05 9.98652E-05
9.98652E-05 9.98652E-05 0.98885 9.98652E-05 9.98652E-05 9.98652E-05 9.98652E-05 9.98652E-05 9.98652E-05 9.98652E-05 9.98652E-05 9.98652E-05 9.98652E-05 9.98652E-05 0.00965235 9.98652E-05 9.98652E-05
0.0586328 9.99281E-05 0.109879 0.0115246 9.99281E-05 0.0133622 9.99281E-05 0.00732797 0.00267802 9.99281E-05 9.99281E-05 9.99281E-05 0.575385 0.00303041 9.99281E-05 9.99281E-05 0.217381
0.0174496 9.98739E-05 9.98739E-05 9.98739E-05 9.98739E-05 9.98739E-05 9.98739E-05 9.98739E-05 9.98739E-05 9.98739E-05 9.98739E-05 9.98739E-05 0.965141 9.98739E-05 9.98739E-05 9.98739E-05 0.0160116
9.98565E-05 9.98565E-05 9.98565E-05 9.98565E-05 9.98565E-05 9.98565E-05 9.98565E-05 9.98565E-05 9.98565E-05 9.98565E-05 9.98565E-05 9.98565E-05 9.98565E-05 9.98565E-05 9.98565E-05 0.998402 9.98565E-05
9.98832E-05 0.00483375 0.314891 9.98832E-05 9.98832E-05 9.98832E-05 9.98832E-05 9.98832E-05 9.98832E-05 0.13345 9.98832E-05 9.98832E-05 9.98832E-05 9.98832E-05 9.98832E-05 9.98832E-05 0.545526
0.738084 9.98923E-05 9.98923E-05 9.98923E-05 9.98923E-05 0.000786621 9.98923E-05 9.98923E-05 9.98923E-05 0.226736 0.00490612 9.98923E-05 0.0282891 9.98923E-05 9.98923E-05 9.98923E-05 9.98923E-05
9.99097E-05 9.99097E-05 9.99097E-05 9.99097E-05 0.0715416 9.99097E-05 9.99097E-05 0.0954841 0.217032 9.99097E-05 0.0176527 9.99097E-05 0.0530514 0.0657762 0.478463 9.99097E-05 9.99097E-05
9.98829E-05 9.98829E-05 0.640592 9.98829E-05 9.98829E-05 9.98829E-05 9.98829E-05 9.98829E-05 9.98829E-05 0.000443642 9.98829E-05 9.98829E-05 9.98829E-05 0.0316453 9.98829E-05 9.98829E-05 0.32602
9.9883E-05 9.9883E-05 9.9883E-05 9.9883E-05 9.9883E-05 0.938767 9.9883E-05 9.9883E-05 0.00679811 0.0445642 9.9883E-05 9.9883E-05 9.9883E-05 9.9883E-05 9.9883E-05 9.9883E-05 0.00857271
9.99099E-05 9.99099E-05 9.99099E-05 9.99099E-05 0.178114 0.100797 0.0276747 9.99099E-05 0.0194472 0.0508656 0.490331 9.99099E-05 9.99099E-05 9.99099E-05 9.99099E-05 0.131771 9.99099E-05
9.98651E-05 9.98651E-05 9.98651E-05 9.98651E-05 9.98651E-05 9.98651E-05 9.98651E-05 9.98651E-05 0.96935 0.0291525 9.98651E-05 9.98651E-05 9.98651E-05 9.98651E-05 9.98651E-05 9.98651E-05 9.98651E-05
9.9856E-05 9.9856E-05 9.9856E-05 9.9856E-05 0.998402 9.9856E-05 9.9856E-05 9.9856E-05 9.9856E-05 9.9856E-05 9.9856E-05 9.9856E-05 9.9856E-05 9.9856E-05 9.9856E-05 9.9856E-05 9.9856E-05
9.9856E-05 9.9856E-05 9.9856E-05 9.9856E-05 0.998402 9.9856E-05 9.9856E-05 9.9856E-05 9.9856E-05 9.9856E-05 9.9856E-05 9.9856E-05 9.9856E-05 9.9856E-05 9.9856E-05 9.9856E-05 9.9856E-05
9.99009E-05 9.99009E-05 9.99009E-05 9.99009E-05 0.0566411 0.0356206 9.99009E-05 9.99009E-05 0.0304971 9.99009E-05 0.849536 9.99009E-05 9.99009E-05 0.0254237 0.00118285 9.99009E-05 9.99009E-05
9.991E-05 0.810544 9.991E-05 0.0108246 0.00705908 0.0161258 9.991E-05 9.991E-05 9.991E-05 9.991E-05 0.0310258 0.062067 9.991E-05 9.991E-05 0.0613548 9.991E-05 9.991E-05
9.98918E-05 0.018896 9.98918E-05 9.98918E-05 9.98918E-05 0.0349762 9.98918E-05 9.98918E-05 9.98918E-05 9.98918E-05 0.832605 9.98918E-05 0.00894216 0.103382 9.98918E-05 9.98918E-05 9.98918E-05
9.99189E-05 0.027521 9.99189E-05 9.99189E-05 0.155701 9.99189E-05 0.238349 0.0412948 9.99189E-05 9.99189E-05 0.222041 9.99189E-05 9.99189E-05 0.0970589 0.180573 0.0365618 9.99189E-05
9.9928E-05 0.114386 9.9928E-05 9.9928E-05 0.215216 0.0728017 0.0588485 9.9928E-05 9.9928E-05 9.9928E-05 0.34481 9.9928E-05 0.0539309 0.117023 0.00157835 9.9928E-05 0.0206069
9.99189E-05 9.99189E-05 9.99189E-05 9.99189E-05 9.99189E-05 0.27123 9.99189E-05 9.99189E-05 0.0772859 9.99189E-05 0.130358 0.0346837 0.134767 0.256212 0.0594108 9.99189E-05 0.0351528
9.98659E-05 9.98659E-05 9.98659E-05 9.98659E-05 9.98659E-05 0.972381 0.0261211 9.98659E-05 9.98659E-05 9.98659E-05 9.98659E-05 9.98659E-05 9.98659E-05 9.98659E-05 9.98659E-05 9.98659E-05 9.98659E-05
0.995629 9.98652E-05 9.98652E-05 9.98652E-05 9.98652E-05 9.98652E-05 9.98652E-05 9.98652E-05 9.98652E-05 9.98652E-05 9.98652E-05 0.00287284 9.98652E-05 9.98652E-05 9.98652E-05 9.98652E-05 9.98652E-05
0.993144 9.98742E-05 0.000458019 9.98742E-05 9.98742E-05 9.98742E-05 9.98742E-05 9.98742E-05 9.98742E-05 9.98742E-05 9.98742E-05 9.98742E-05 9.98742E-05 0.00499972 9.98742E-05 9.98742E-05 9.98742E-05
0.998402 9.98563E-05 9.98563E-05 9.98563E-05 9.98563E-05 9.98563E-05 9.98563E-05 9.98563E-05 9.98563E-05 9.98563E-05 9.98563E-05 9.98563E-05 9.98563E-05 9.98563E-05 9.98563E-05 9.98563E-05 9.98563E-05
0.998402 9.98563E-05 9.98563E-05 9.98563E-05 9.98563E-05 9.98563E-05 9.98563E-05 9.98563E-05 9.98563E-05 9.98563E-05 9.98563E-05 9.98563E-05 9.98563E-05 9.98563E-05 9.98563E-05 9.98563E-05 9.98563E-05
0.980588 9.98652E-05 9.98652E-05 9.98652E-05 9.98652E-05 9.98652E-05 9.98652E-05 9.98652E-05 9.98652E-05 9.98652E-05 9.98652E-05 9.98652E-05 0.0179138 9.98652E-05 9.98652E-05 9.98652E-05 9.98652E-05
0.401404 0.0350078 0.0389694 9.99103E-05 9.99103E-05 9.99103E-05 0.101153 9.99103E-05 9.99103E-05 0.123769 0.0116355 9.99103E-05 0.287062 9.99103E-05 9.99103E-05 9.99103E-05 9.99103E-05
0.916655 9.98831E-05 9.98831E-05 9.98831E-05 9.98831E-05 0.010907 9.98831E-05 9.98831E-05 9.98831E-05 9.98831E-05 9.98831E-05 9.98831E-05 9.98831E-05 9.98831E-05 0.00145057 0.0696886 9.98831E-05
9.98737E-05 0.228954 9.98737E-05 9.98737E-05 9.98737E-05 0.736072 9.98737E-05 9.98737E-05 9.98737E-05 9.98737E-05 9.98737E-05 9.98737E-05 9.98737E-05 0.0335748 9.98737E-05 9.98737E-05 9.98737E-05
0.0179639 9.98919E-05 0.0233208 9.98919E-05 9.98919E-05 9.98919E-05 9.98919E-05 9.98919E-05 9.98919E-05 9.98919E-05 9.98919E-05 0.0425685 9.98919E-05 0.0104825 9.98919E-05 0.904466 9.98919E-05
9.98829E-05 9.98829E-05 0.449995 9.98829E-05 0.0187206 9.98829E-05 9.98829E-05 9.98829E-05 0.00150559 9.98829E-05 9.98829E-05 9.98829E-05 9.98829E-05 9.98829E-05 9.98829E-05 9.98829E-05 0.52848
9.98831E-05 0.0548496 9.98831E-05 9.98831E-05 0.115863 9.98831E-05 9.98831E-05 0.033038 9.98831E-05 9.98831E-05 9.98831E-05 9.98831E-05 9.98831E-05 9.98831E-05 0.794951 9.98831E-05 9.98831E-05
9.98833E-05 0.850982 9.98833E-05 9.98833E-05 9.98833E-05 0.0132776 9.98833E-05 9.98833E-05 9.98833E-05 9.98833E-05 9.98833E-05 9.98833E-05 9.98833E-05 0.0940895 0.0403525 9.98833E-05 9.98833E-05
9.98655E-05 9.98655E-05 9.98655E-05 9.98655E-05 9.98655E-05 9.98655E-05 9.98655E-05 9.98655E-05 9.98655E-05 0.00978508 9.98655E-05 9.98655E-05 9.98655E-05 9.98655E-05 0.988717 9.98655E-05 9.98655E-05
9.98739E-05 9.98739E-05 9.98739E-05 9.98739E-05 9.98739E-05 9.98739E-05 9.98739E-05 9.98739E-05 9.98739E-05 9.98739E-05 0.110114 9.98739E-05 9.98739E-05 9.98739E-05 0.882549 9.98739E-05 0.0059388
9.99008E-05 9.99008E-05 9.99008E-05 9.99008E-05 0.0221833 9.99008E-05 9.99008E-05 0.0359585 0.00388773 9.99008E-05 0.0669305 9.99008E-05 9.99008E-05 0.0747385 0.795203 9.99008E-05 9.99008E-05
9.98653E-05 9.98653E-05 9.98653E-05 0.923437 9.98653E-05 0.0750648 9.98653E-05 9.98653E-05 9.98653E-05 9.98653E-05 9.98653E-05 9.98653E-05 9.98653E-05 9.98653E-05 9.98653E-05 9.98653E-05 9.98653E-05
9.98745E-05 9.98745E-05 0.616312 9.98745E-05 9.98745E-05 9.98745E-05 9.98745E-05 9.98745E-05 9.98745E-05 9.98745E-05 9.98745E-05 9.98745E-05 0.0100895 9.98745E-05 9.98745E-05 9.98745E-05 0.372201
0.0601152 0.142207 0.241389 0.00603576 0.0136912 0.0172645 0.162639 0.0570532 0.0463263 0.0279444 0.0689034 9.9973E-05 0.0188003 9.9973E-05 0.0954176 0.0419129 9.9973E-05
9.98654E-05 9.98654E-05 9.98654E-05 9.98654E-05 9.98654E-05 9.98654E-05 9.98654E-05 9.98654E-05 9.98654E-05 0.0675404 9.98654E-05 9.98654E-05 9.98654E-05 9.98654E-05 9.98654E-05 9.98654E-05 0.930962
9.9901E-05 9.9901E-05 0.168253 9.9901E-05 9.9901E-05 0.00259458 9.9901E-05 9.9901E-05 0.0475837 9.9901E-05 9.9901E-05 0.0278666 0.0468204 9.9901E-05 9.9901E-05 9.9901E-05 0.705783
9.98741E-05 0.0284273 0.967778 9.98741E-05 9.98741E-05 9.98741E-05 0.00239597 9.98741E-05 9.98741E-05 9.98741E-05 9.98741E-05 9.98741E-05 9.98741E-05 9.98741E-05 9.98741E-05 9.98741E-05 9.98741E-05
9.98563E-05 9.98563E-05 0.998402 9.98563E-05 9.98563E-05 9.98563E-05 9.98563E-05 9.98563E-05 9.98563E-05 9.98563E-05 9.98563E-05 9.98563E-05 9.98563E-05 9.98563E-05 9.98563E-05 9.98563E-05 9.98563E-05
9.98831E-05 9.98831E-05 0.0994267 9.98831E-05 0.0468373 9.98831E-05 9.98831E-05 9.98831E-05 9.98831E-05 9.98831E-05 9.98831E-05 9.98831E-05 0.320109 9.98831E-05 9.98831E-05 9.98831E-05 0.532329
0.00139672 9.99099E-05 0.512253 9.99099E-05 0.021156 9.99099E-05 9.99099E-05 9.99099E-05 0.0400085 0.00379706 9.99099E-05 9.99099E-05 9.99099E-05 0.000227154 9.99099E-05 9.99099E-05 0.420162
0.00415133 9.98739E-05 9.98739E-05 9.98739E-05 9.98739E-05 9.98739E-05 9.98739E-05 9.98739E-05 0.0105531 0.983897 9.98739E-05 9.98739E-05 9.98739E-05 9.98739E-05 9.98739E-05 9.98739E-05 9.98739E-05
9.9874E-05 9.9874E-05 9.9874E-05 9.9874E-05 9.9874E-05 9.9874E-05 9.9874E-05 9.9874E-05 9.9874E-05 0.957713 9.9874E-05 0.0310804 9.9874E-05 9.9874E-05 0.00980825 9.9874E-05 9.9874E-05
0.0341365 0.0124746 0.0857506 9.99011E-05 9.99011E-05 9.99011E-05 0.00537974 9.99011E-05 9.99011E-05 9.99011E-05 9.99011E-05 9.99011E-05 9.99011E-05 9.99011E-05 0.00310178 9.99011E-05 0.858058
0.0161648 0.941822 9.9892E-05 9.9892E-05 0.0210929 9.9892E-05 0.0159682 0.00375343 9.9892E-05 9.9892E-05 9.9892E-05 9.9892E-05 9.9892E-05 9.9892E-05 9.9892E-05 9.9892E-05 9.9892E-05
9.9856E-05 0.998402 9.9856E-05 9.9856E-05 9.9856E-05 9.9856E-05 9.9856E-05 9.9856E-05 9.9856E-05 9.9856E-05 9.9856E-05 9.9856E-05 9.9856E-05 9.9856E-05 9.9856E-05 9.9856E-05 9.9856E-05
9.98563E-05 9.98563E-05 9.98563E-05 9.98563E-05 9.98563E-05 9.98563E-05 9.98563E-05 0.998402 9.98563E-05 9.98563E-05 9.98563E-05 9.98563E-05 9.98563E-05 9.98563E-05 9.98563E-05 9.98563E-05 9.98563E-05
9.98564E-05 9.98564E-05 9.98564E-05 9.98564E-05 9.98564E-05 9.98564E-05 9.98564E-05 0.998402 9.98564E-05 9.98564E-05 9.98564E-05 9.98564E-05 9.98564E-05 9.98564E-05 9.98564E-05 9.98564E-05 9.98564E-05
9.99009E-05 0.043294 9.99009E-05 9.99009E-05 0.117634 0.0198853 9.99009E-05 9.99009E-05 9.99009E-05 9.99009E-05 0.735102 9.99009E-05 9.99009E-05 9.99009E-05 0.0283336 0.0546521 9.99009E-05
9.991E-05 0.0892803 0.00195659 9.991E-05 0.0860043 9.991E-05 9.991E-05 9.991E-05 9.991E-05 9.991E-05 0.73886 0.00345126 9.991E-05 9.991E-05 0.0447086 0.0347394 9.991E-05
9.99011E-05 0.0187846 9.99011E-05 9.99011E-05 9.99011E-05 9.99011E-05 0.0121607 0.944109 0.0141482 0.00390606 9.99011E-05 9.99011E-05 9.99011E-05 9.99011E-05 9.99011E-05 0.00579263 9.99011E-05
9.98652E-05 9.98652E-05 9.98652E-05 9.98652E-05 0.0122725 9.98652E-05 9.98652E-05 0.98623 9.98652E-05 9.98652E-05 9.98652E-05 9.98652E-05 9.98652E-05 9.98652E-05 9.98652E-05 9.98652E-05 9.98652E-05
0.0173771 0.0409623 9.98919E-05 9.98919E-05 9.98919E-05 0.91545 9.98919E-05 9.98919E-05 9.98919E-05 9.98919E-05 9.98919E-05 0.00247899 9.98919E-05 9.98919E-05 0.0225329 9.98919E-05 9.98919E-05
9.9892E-05 0.0643537 9.9892E-05 0.020831 0.694211 9.9892E-05 9.9892E-05 9.9892E-05 9.9892E-05 9.9892E-05 9.9892E-05 0.121187 9.9892E-05 9.9892E-05 0.0982188 9.9892E-05 9.9892E-05
0.0494383 9.9874E-05 9.9874E-05 9.9874E-05 9.9874E-05 9.9874E-05 9.9874E-05 9.9874E-05 9.9874E-05 9.9874E-05 9.9874E-05 0.0375446 9.9874E-05 9.9874E-05 9.9874E-05 0.911619 9.9874E-05
9.9865E-05 9.9865E-05 9.9865E-05 9.9865E-05 9.9865E-05 9.9865E-05 0.0417805 9.9865E-05 9.9865E-05 9.9865E-05 9.9865E-05 9.9865E-05 9.9865E-05 0.956721 9.9865E-05 9.9865E-05 9.9865E-05
9.98831E-05 0.0422461 9.98831E-05 9.98831E-05 9.98831E-05 9.98831E-05 9.98831E-05 0.00425217 0.0448703 9.98831E-05 9.98831E-05 9.98831E-05 9.98831E-05 0.907333 9.98831E-05 9.98831E-05 9.98831E-05
9.98561E-05 9.98561E-05 9.98561E-05 9.98561E-05 9.98561E-05 9.98561E-05 9.98561E-05 9.98561E-05 9.98561E-05 9.98561E-05 9.98561E-05 9.98561E-05 0.998402 9.98561E-05 9.98561E-05 9.98561E-05 9.98561E-05
