9.98828E-05 0.885336 9.98828E-05 9.98828E-05 0.0623338 9.98828E-05 9.98828E-05 0.0335401 9.98828E-05 9.98828E-05 9.98828E-05 9.98828E-05 9.98828E-05 9.98828E-05 9.98828E-05 9.98828E-05 0.0174916
9.98829E-05 9.98829E-05 9.98829E-05 9.98829E-05 9.98829E-05 9.98829E-05 0.12782 0.027798 9.98829E-05 9.98829E-05 0.16912 0.673963 9.98829E-05 9.98829E-05 9.98829E-05 9.98829E-05 9.98829E-05
0.998402 9.98562E-05 9.98562E-05 9.98562E-05 9.98562E-05 9.98562E-05 9.98562E-05 9.98562E-05 9.98562E-05 9.98562E-05 9.98562E-05 9.98562E-05 9.98562E-05 9.98562E-05 9.98562E-05 9.98562E-05 9.98562E-05
9.991E-05 9.991E-05 9.991E-05 0.0113826 0.000941284 9.991E-05 0.879615 9.991E-05 9.991E-05 9.991E-05 9.991E-05 9.991E-05 0.00186371 0.0420011 9.991E-05 0.0435601 0.019637
9.99192E-05 9.99192E-05 9.99192E-05 0.16414 0.117538 0.0291879 0.375495 9.99192E-05 9.99192E-05 0.107577 9.99192E-05 0.115706 9.99192E-05 0.0710083 0.0184476 9.99192E-05 9.99192E-05
9.98561E-05 9.98561E-05 9.98561E-05 9.98561E-05 9.98561E-05 9.98561E-05 0.998402 9.98561E-05 9.98561E-05 9.98561E-05 9.98561E-05 9.98561E-05 9.98561E-05 9.98561E-05 9.98561E-05 9.98561E-05 9.98561E-05
9.98562E-05 9.98562E-05 9.98562E-05 0.998402 9.98562E-05 9.98562E-05 9.98562E-05 9.98562E-05 9.98562E-05 9.98562E-05 9.98562E-05 9.98562E-05 9.98562E-05 9.98562E-05 9.98562E-05 9.98562E-05 9.98562E-05
0.016649 9.99189E-05 9.99189E-05 9.99189E-05 0.0935421 9.99189E-05 0.0100401 9.99189E-05 9.99189E-05 0.647536 9.99189E-05 0.102654 9.99189E-05 0.0634726 9.99189E-05 0.0572309 0.00797581
9.98831E-05 0.00657047 9.98831E-05 0.962987 9.98831E-05 9.98831E-05 9.98831E-05 9.98831E-05 9.98831E-05 9.98831E-05 9.98831E-05 0.0201788 9.98831E-05 0.0089653 9.98831E-05 9.98831E-05 9.98831E-05
9.98652E-05 9.98652E-05 9.98652E-05 0.101482 0.89702 9.98652E-05 9.98652E-05 9.98652E-05 9.98652E-05 9.98652E-05 9.98652E-05 9.98652E-05 9.98652E-05 9.98652E-05 9.98652E-05 9.98652E-05 9.98652E-05
9.98652E-05 9.98652E-05 9.98652E-05 0.114869 0.883633 9.98652E-05 9.98652E-05 9.98652E-05 9.98652E-05 9.98652E-05 9.98652E-05 9.98652E-05 9.98652E-05 9.98652E-05 9.98652E-05 9.98652E-05 9.98652E-05
9.9892E-05 0.675552 9.9892E-05 9.9892E-05 9.9892E-05 0.0018006 9.9892E-05 9.9892E-05 0.142756 9.9892E-05 9.9892E-05 9.9892E-05 9.9892E-05 9.9892E-05 9.9892E-05 0.0410741 0.137618
9.98744E-05 9.98744E-05 9.98744E-05 0.000868057 9.98744E-05 9.98744E-05 9.98744E-05 9.98744E-05 0.975833 9.98744E-05 9.98744E-05 9.98744E-05 9.98744E-05 9.98744E-05 9.98744E-05 0.0219003 9.98744E-05
9.98921E-05 0.00663606 0.0094062 9.98921E-05 9.98921E-05 9.98921E-05 0.971488 9.98921E-05 9.98921E-05 9.98921E-05 9.98921E-05 0.00851109 9.98921E-05 9.98921E-05 9.98921E-05 9.98921E-05 0.00275984
9.98652E-05 0.0336078 9.98652E-05 9.98652E-05 9.98652E-05 9.98652E-05 0.964894 9.98652E-05 9.98652E-05 9.98652E-05 9.98652E-05 9.98652E-05 9.98652E-05 9.98652E-05 9.98652E-05 9.98652E-05 9.98652E-05
9.98741E-05 9.98741E-05 9.98741E-05 9.98741E-05 9.98741E-05 0.11637 9.98741E-05 9.98741E-05 0.0883022 9.98741E-05 9.98741E-05 9.98741E-05 0.793929 9.98741E-05 9.98741E-05 9.98741E-05 9.98741E-05
9.9865E-05 9.9865E-05 9.9865E-05 9.9865E-05 0.0095351 9.9865E-05 9.9865E-05 0.988967 9.9865E-05 9.9865E-05 9.9865E-05 9.9865E-05 9.9865E-05 9.9865E-05 9.9865E-05 9.9865E-05 9.9865E-05
9.99009E-05 9.99009E-05 0.726607 9.99009E-05 0.0871333 9.99009E-05 9.99009E-05 0.0194979 9.99009E-05 9.99009E-05 0.0620636 0.101093 9.99009E-05 0.00250636 9.99009E-05 9.99009E-05 9.99009E-05
9.98651E-05 9.98651E-05 0.927643 9.98651E-05 9.98651E-05 9.98651E-05 9.98651E-05 9.98651E-05 9.98651E-05 9.98651E-05 9.98651E-05 9.98651E-05 9.98651E-05 9.98651E-05 9.98651E-05 9.98651E-05 0.070859
9.99008E-05 0.073128 9.99008E-05 9.99008E-05 0.412759 0.141242 9.99008E-05 0.0221618 9.99008E-05 9.99008E-05 9.99008E-05 9.99008E-05 0.347254 9.99008E-05 9.99008E-05 9.99008E-05 0.00235689
0.00130017 9.98652E-05 0.997202 9.98652E-05 9.98652E-05 9.98652E-05 9.98652E-05 9.98652E-05 9.98652E-05 9.98652E-05 9.98652E-05 9.98652E-05 9.98652E-05 9.98652E-05 9.98652E-05 9.98652E-05 9.98652E-05
9.99189E-05 0.402577 9.99189E-05 9.99189E-05 0.034162 0.00114702 9.99189E-05 0.0410505 0.0711477 9.99189E-05 0.259247 9.99189E-05 0.182906 9.99189E-05 9.99189E-05 9.99189E-05 0.00686362
9.98922E-05 9.98922E-05 0.359604 9.98922E-05 0.118537 9.98922E-05 9.98922E-05 0.291882 9.98922E-05 9.98922E-05 9.98922E-05 9.98922E-05 9.98922E-05 9.98922E-05 9.98922E-05 0.00525635 0.223521
9.98739E-05 9.98739E-05 0.867153 9.98739E-05 9.98739E-05 0.0818327 9.98739E-05 9.98739E-05 9.98739E-05 9.98739E-05 9.98739E-05 9.98739E-05 9.98739E-05 9.98739E-05 9.98739E-05 9.98739E-05 0.0496164
9.98653E-05 9.98653E-05 9.98653E-05 9.98653E-05 9.98653E-05 9.98653E-05 0.460151 9.98653E-05 9.98653E-05 9.98653E-05 9.98653E-05 9.98653E-05 9.98653E-05 9.98653E-05 9.98653E-05 0.538351 9.98653E-05
9.98652E-05 9.98652E-05 9.98652E-05 9.98652E-05 9.98652E-05 9.98652E-05 0.805071 9.98652E-05 9.98652E-05 9.98652E-05 9.98652E-05 9.98652E-05 9.98652E-05 9.98652E-05 9.98652E-05 0.193431 9.98652E-05
9.98918E-05 0.07179 9.98918E-05 9.98918E-05 0.0597357 9.98918E-05 9.98918E-05 0.0255237 0.822798 9.98918E-05 9.98918E-05 9.98918E-05 9.98918E-05 9.98918E-05 9.98918E-05 9.98918E-05 0.0189538
9.98561E-05 9.98561E-05 9.98561E-05 9.98561E-05 9.98561E-05 9.98561E-05 9.98561E-05 9.98561E-05 9.98561E-05 9.98561E-05 9.98561E-05 9.98561E-05 9.98561E-05 9.98561E-05 9.98561E-05 0.998402 9.98561E-05
9.98651E-05 9.98651E-05 9.98651E-05 9.98651E-05 9.98651E-05 9.98651E-05 9.98651E-05 9.98651E-05 0.00837856 9.98651E-05 9.98651E-05 9.98651E-05 9.98651E-05 9.98651E-05 9.98651E-05 0.990123 9.98651E-05
9.99193E-05 9.99193E-05 0.0211561 9.99193E-05 9.99193E-05 0.0218927 0.354779 0.017749 9.99193E-05 0.178076 9.99193E-05 9.99193E-05 9.99193E-05 0.130949 9.99193E-05 0.26328 0.01122
9.99279E-05 9.99279E-05 9.99279E-05 9.99279E-05 0.0089084 0.0209959 0.224382 0.0269872 9.99279E-05 0.381846 9.99279E-05 0.0176802 9.99279E-05 0.0731027 9.99279E-05 0.218815 0.026484
9.98564E-05 9.98564E-05 9.98564E-05 9.98564E-05 9.98564E-05 9.98564E-05 9.98564E-05 9.98564E-05 9.98564E-05 9.98564E-05 9.98564E-05 0.998402 9.98564E-05 9.98564E-05 9.98564E-05 9.98564E-05 9.98564E-05
0.0051586 9.98922E-05 9.98922E-05 9.98922E-05 9.98922E-05 9.98922E-05 0.549806 9.98922E-05 9.98922E-05 0.123048 9.98922E-05 9.98922E-05 0.0110874 9.98922E-05 9.98922E-05 0.309701 9.98922E-05
9.98923E-05 9.98923E-05 9.98923E-05 9.98923E-05 9.98923E-05 9.98923E-05 9.98923E-05 9.98923E-05 9.98923E-05 0.219825 9.98923E-05 0.0479725 0.0112504 0.697635 9.98923E-05 0.0221182 9.98923E-05
9.99097E-05 0.00346122 9.99097E-05 9.99097E-05 9.99097E-05 0.0220307 9.99097E-05 0.227956 0.538956 0.0469864 0.0720428 9.99097E-05 9.99097E-05 9.99097E-05 9.99097E-05 9.99097E-05 0.0875678
9.98829E-05 9.98829E-05 9.98829E-05 9.98829E-05 9.98829E-05 0.0283002 0.447161 9.98829E-05 9.98829E-05 0.0263806 9.98829E-05 9.98829E-05 9.98829E-05 9.98829E-05 9.98829E-05 0.49686 9.98829E-05
0.00788662 0.938585 9.9883E-05 9.9883E-05 9.9883E-05 0.00899418 9.9883E-05 9.9883E-05 9.9883E-05 0.0432361 9.9883E-05 9.9883E-05 9.9883E-05 9.9883E-05 9.9883E-05 9.9883E-05 9.9883E-05
0.00529453 0.0333935 0.00520038 9.9919E-05 0.556746 9.9919E-05 9.9919E-05 0.0463134 9.9919E-05 0.0185279 0.139277 0.194348 9.9919E-05 9.9919E-05 9.9919E-05 9.9919E-05 9.9919E-05
9.98739E-05 9.98739E-05 9.98739E-05 9.98739E-05 9.98739E-05 9.98739E-05 0.00132972 0.955634 9.98739E-05 0.0416382 9.98739E-05 9.98739E-05 9.98739E-05 9.98739E-05 9.98739E-05 9.98739E-05 9.98739E-05
9.9865E-05 9.9865E-05 9.9865E-05 9.9865E-05 9.9865E-05 9.9865E-05 0.0143741 9.9865E-05 9.9865E-05 9.9865E-05 0.984128 9.9865E-05 9.9865E-05 9.9865E-05 9.9865E-05 9.9865E-05 9.9865E-05
9.9865E-05 9.9865E-05 9.9865E-05 9.9865E-05 9.9865E-05 9.9865E-05 9.9865E-05 9.9865E-05 9.9865E-05 9.9865E-05 0.998233 9.9865E-05 9.9865E-05 9.9865E-05 9.9865E-05 9.9865E-05 0.000269363
9.98919E-05 0.0223097 9.98919E-05 9.98919E-05 0.884867 0.0212799 9.98919E-05 0.0213432 9.98919E-05 9.98919E-05 0.0490015 9.98919E-05 9.98919E-05 9.98919E-05 9.98919E-05 9.98919E-05 9.98919E-05
9.99099E-05 0.0369876 0.0157843 0.0671195 9.99099E-05 9.99099E-05 9.99099E-05 9.99099E-05 0.0517132 9.99099E-05 0.0321673 9.99099E-05 0.786539 9.99099E-05 0.00869004 9.99099E-05 9.99099E-05
9.98829E-05 0.019224 9.98829E-05 9.98829E-05 0.875724 0.0805108 9.98829E-05 0.0232428 9.98829E-05 9.98829E-05 9.98829E-05 9.98829E-05 9.98829E-05 9.98829E-05 9.98829E-05 9.98829E-05 9.98829E-05
9.9928E-05 9.9928E-05 0.0774944 0.00717478 0.283748 0.168943 9.9928E-05 9.9928E-05 0.098102 9.9928E-05 0.244289 0.0083211 0.0280322 9.9928E-05 9.9928E-05 9.9928E-05 0.0830959
0.0369546 0.0805957 0.0213333 9.9937E-05 0.406153 0.13021 0.0411097 9.9937E-05 9.9937E-05 0.00729185 0.169927 0.0222537 0.0834713 9.9937E-05 9.9937E-05 9.9937E-05 9.9937E-05
0.00786784 0.161946 9.9928E-05 0.0721259 0.191946 0.216838 0.103473 0.143932 0.0780127 9.9928E-05 9.9928E-05 9.9928E-05 9.9928E-05 0.0230601 9.9928E-05 9.9928E-05 9.9928E-05
9.98659E-05 0.986595 0.0119067 9.98659E-05 9.98659E-05 9.98659E-05 9.98659E-05 9.98659E-05 9.98659E-05 9.98659E-05 9.98659E-05 9.98659E-05 9.98659E-05 9.98659E-05 9.98659E-05 9.98659E-05 9.98659E-05
9.98651E-05 9.98651E-05 9.98651E-05 9.98651E-05 9.98651E-05 9.98651E-05 0.00885653 9.98651E-05 9.98651E-05 9.98651E-05 9.98651E-05 9.98651E-05 9.98651E-05 0.989645 9.98651E-05 9.98651E-05 9.98651E-05
9.98562E-05 9.98562E-05 9.98562E-05 9.98562E-05 9.98562E-05 9.98562E-05 9.98562E-05 9.98562E-05 9.98562E-05 9.98562E-05 9.98562E-05 9.98562E-05 9.98562E-05 0.998402 9.98562E-05 9.98562E-05 9.98562E-05
9.98652E-05 9.98652E-05 9.98652E-05 9.98652E-05 9.98652E-05 0.0105487 9.98652E-05 9.98652E-05 9.98652E-05 9.98652E-05 9.98652E-05 9.98652E-05 9.98652E-05 0.987953 9.98652E-05 9.98652E-05 9.98652E-05
9.98563E-05 9.98563E-05 9.98563E-05 9.98563E-05 9.98563E-05 9.98563E-05 9.98563E-05 9.98563E-05 9.98563E-05 9.98563E-05 9.98563E-05 9.98563E-05 9.98563E-05 0.998402 9.98563E-05 9.98563E-05 9.98563E-05
9.98652E-05 9.98652E-05 9.98652E-05 9.98652E-05 9.98652E-05 9.98652E-05 9.98652E-05 9.98652E-05 9.98652E-05 0.0167454 9.98652E-05 9.98652E-05 9.98652E-05 0.981757 9.98652E-05 9.98652E-05 9.98652E-05
0.00283646 9.99371E-05 0.0300922 0.0305738 9.99371E-05 9.99371E-05 0.101715 9.99371E-05 9.99371E-05 0.220515 9.99371E-05 0.0466971 0.0561399 0.356914 0.106863 0.0469541 9.99371E-05
9.98921E-05 0.00699956 9.98921E-05 9.98921E-05 9.98921E-05 9.98921E-05 9.98921E-05 9.98921E-05 9.98921E-05 9.98921E-05 9.98921E-05 0.0748296 9.98921E-05 0.908272 0.00370324 9.98921E-05 0.00499661
9.98738E-05 0.793412 9.98738E-05 9.98738E-05 9.98738E-05 0.0303254 9.98738E-05 9.98738E-05 9.98738E-05 9.98738E-05 9.98738E-05 9.98738E-05 0.174864 9.98738E-05 9.98738E-05 9.98738E-05 9.98738E-05
0.00538114 9.99009E-05 9.99009E-05 0.0402843 9.99009E-05 9.99009E-05 9.99009E-05 9.99009E-05 0.00324525 9.99009E-05 9.99009E-05 0.891341 9.99009E-05 0.0450574 9.99009E-05 0.0135915 9.99009E-05
9.98829E-05 9.98829E-05 9.98829E-05 9.98829E-05 9.98829E-05 9.98829E-05 0.641041 9.98829E-05 9.98829E-05 9.98829E-05 0.00305442 0.00289321 9.98829E-05 9.98829E-05 9.98829E-05 0.351713 9.98829E-05
9.98831E-05 9.98831E-05 9.98831E-05 9.98831E-05 9.98831E-05 9.98831E-05 9.98831E-05 9.98831E-05 0.847991 9.98831E-05 0.121947 9.98831E-05 0.0211092 9.98831E-05 9.98831E-05 9.98831E-05 0.00765513
0.00168057 9.98833E-05 9.98833E-05 9.98833E-05 9.98833E-05 0.106595 9.98833E-05 9.98833E-05 0.00838371 9.98833E-05 9.98833E-05 9.98833E-05 0.882042 9.98833E-05 9.98833E-05 9.98833E-05 9.98833E-05
0.0139595 9.98745E-05 9.98745E-05 0.0110407 9.98745E-05 9.98745E-05 9.98745E-05 9.98745E-05 0.973602 9.98745E-05 9.98745E-05 9.98745E-05 9.98745E-05 9.98745E-05 9.98745E-05 9.98745E-05 9.98745E-05
0.00150691 9.9892E-05 9.9892E-05 9.9892E-05 0.135326 9.9892E-05 0.0046429 9.9892E-05 0.855025 9.9892E-05 0.00229965 9.9892E-05 9.9892E-05 9.9892E-05 9.9892E-05 9.9892E-05 9.9892E-05
9.98919E-05 9.98919E-05 9.98919E-05 9.98919E-05 0.0781734 0.0784561 9.98919E-05 9.98919E-05 0.790988 9.98919E-05 0.0292596 9.98919E-05 9.98919E-05 9.98919E-05 9.98919E-05 9.98919E-05 0.0219247
9.98833E-05 0.0972117 0.890437 9.98833E-05 9.98833E-05 9.98833E-05 9.98833E-05 9.98833E-05 9.98833E-05 0.00772549 9.98833E-05 9.98833E-05 9.98833E-05 0.00332701 9.98833E-05 9.98833E-05 9.98833E-05
0.0458373 9.98834E-05 9.98834E-05 9.98834E-05 9.98834E-05 9.98834E-05 0.260685 9.98834E-05 9.98834E-05 9.98834E-05 9.98834E-05 9.98834E-05 9.98834E-05 9.98834E-05 0.0136366 0.678543 9.98834E-05
9.98562E-05 9.98562E-05 9.98562E-05 9.98562E-05 9.98562E-05 9.98562E-05 9.98562E-05 9.98562E-05 9.98562E-05 9.98562E-05 9.98562E-05 9.98562E-05 9.98562E-05 9.98562E-05 0.998402 9.98562E-05 9.98562E-05
0.140127 9.98833E-05 9.98833E-05 9.98833E-05 9.98833E-05 9.98833E-05 0.788813 9.98833E-05 9.98833E-05 0.0480919 9.98833E-05 9.98833E-05 9.98833E-05 9.98833E-05 9.98833E-05 0.0216694 9.98833E-05
9.9901E-05 9.9901E-05 9.9901E-05 0.0322317 9.9901E-05 9.9901E-05 0.771753 0.0144195 9.9901E-05 0.0241535 0.00281536 9.9901E-05 9.9901E-05 9.9901E-05 9.9901E-05 0.153528 9.9901E-05
9.98562E-05 9.98562E-05 9.98562E-05 9.98562E-05 9.98562E-05 9.98562E-05 9.98562E-05 9.98562E-05 9.98562E-05 9.98562E-05 9.98562E-05 9.98562E-05 9.98562E-05 9.98562E-05 9.98562E-05 0.998402 9.98562E-05
9.98562E-05 9.98562E-05 9.98562E-05 9.98562E-05 9.98562E-05 9.98562E-05 9.98562E-05 9.98562E-05 9.98562E-05 9.98562E-05 9.98562E-05 9.98562E-05 9.98562E-05 9.98562E-05 9.98562E-05 0.998402 9.98562E-05
9.99012E-05 9.99012E-05 9.99012E-05 9.99012E-05 0.0414651 9.99012E-05 0.683896 9.99012E-05 9.99012E-05 0.060698 9.99012E-05 0.0191572 9.99012E-05 9.99012E-05 0.0364313 0.157254 9.99012E-05
9.98739E-05 9.98739E-05 9.98739E-05 9.98739E-05 9.98739E-05 9.98739E-05 0.547979 0.0379333 9.98739E-05 9.98739E-05 9.98739E-05 9.98739E-05 9.98739E-05 9.98739E-05 9.98739E-05 0.41269 9.98739E-05
9.98649E-05 9.98649E-05 9.98649E-05 9.98649E-05 9.98649E-05 9.98649E-05 9.98649E-05 9.98649E-05 9.98649E-05 0.979075 9.98649E-05 9.98649E-05 9.98649E-05 0.0194273 9.98649E-05 9.98649E-05 9.98649E-05
9.9874E-05 9.9874E-05 9.9874E-05 0.00381228 9.9874E-05 9.9874E-05 9.9874E-05 9.9874E-05 0.035079 0.95971 9.9874E-05 9.9874E-05 9.9874E-05 9.9874E-05 9.9874E-05 9.9874E-05 9.9874E-05
0.028803 9.98922E-05 9.98922E-05 9.98922E-05 9.98922E-05 9.98922E-05 0.8495 9.98922E-05 9.98922E-05 9.98922E-05 9.98922E-05 9.98922E-05 0.0330285 0.00869042 9.98922E-05 0.0787797 9.98922E-05
9.9892E-05 9.9892E-05 9.9892E-05 9.9892E-05 9.9892E-05 9.9892E-05 9.9892E-05 0.0348234 9.9892E-05 0.00448916 9.9892E-05 0.00463214 0.952159 9.9892E-05 9.9892E-05 9.9892E-05 0.00269734
9.98561E-05 9.98561E-05 9.98561E-05 9.98561E-05 9.98561E-05 9.98561E-05 9.98561E-05 9.98561E-05 9.98561E-05 9.98561E-05 9.98561E-05 9.98561E-05 0.998402 9.98561E-05 9.98561E-05 9.98561E-05 9.98561E-05
9.98652E-05 9.98652E-05 9.98652E-05 9.98652E-05 9.98652E-05 9.98652E-05 9.98652E-05 9.98652E-05 9.98652E-05 9.98652E-05 0.00542106 9.98652E-05 9.98652E-05 9.98652E-05 9.98652E-05 9.98652E-05 0.993081
9.98563E-05 9.98563E-05 9.98563E-05 9.98563E-05 9.98563E-05 9.98563E-05 9.98563E-05 9.98563E-05 9.98563E-05 9.98563E-05 9.98563E-05 9.98563E-05 9.98563E-05 9.98563E-05 9.98563E-05 9.98563E-05 0.998402
9.99009E-05 9.99009E-05 9.99009E-05 9.99009E-05 0.731667 9.99009E-05 9.99009E-05 9.99009E-05 0.00805612 9.99009E-05 0.142031 0.052374 0.0402249 9.99009E-05 0.0245482 9.99009E-05 9.99009E-05
9.99009E-05 9.99009E-05 9.99009E-05 9.99009E-05 0.717757 9.99009E-05 9.99009E-05 9.99009E-05 0.0573001 9.99009E-05 0.118722 0.0354307 0.0638547 9.99009E-05 9.99009E-05 0.0058372 9.99009E-05
9.98741E-05 9.98741E-05 9.98741E-05 9.98741E-05 9.98741E-05 9.98741E-05 9.98741E-05 9.98741E-05 9.98741E-05 0.0274686 9.98741E-05 9.98741E-05 0.0188996 9.98741E-05 9.98741E-05 9.98741E-05 0.952233
9.98563E-05 9.98563E-05 9.98563E-05 9.98563E-05 9.98563E-05 9.98563E-05 9.98563E-05 9.98563E-05 9.98563E-05 9.98563E-05 9.98563E-05 9.98563E-05 9.98563E-05 9.98563E-05 9.98563E-05 9.98563E-05 0.998402
9.9892E-05 0.956839 9.9892E-05 0.0100253 9.9892E-05 9.9892E-05 9.9892E-05 9.9892E-05 0.00219651 9.9892E-05 9.9892E-05 9.9892E-05 0.00467446 0.0250661 9.9892E-05 9.9892E-05 9.9892E-05
9.9892E-05 9.9892E-05 0.00879729 0.135614 9.9892E-05 9.9892E-05 9.9892E-05 9.9892E-05 0.105698 9.9892E-05 0.737272 9.9892E-05 0.0114193 9.9892E-05 9.9892E-05 9.9892E-05 9.9892E-05
9.98602E-05 9.98602E-05 9.98602E-05 0.0485412 9.98602E-05 9.98602E-05 9.98602E-05 9.98602E-05 9.98602E-05 9.98602E-05 9.98602E-05 0.918509 9.98602E-05 0.0315515 9.98602E-05 9.98602E-05 9.98602E-05
9.98561E-05 9.98561E-05 9.98561E-05 9.98561E-05 9.98561E-05 0.998402 9.98561E-05 9.98561E-05 9.98561E-05 9.98561E-05 9.98561E-05 9.98561E-05 9.98561E-05 9.98561E-05 9.98561E-05 9.98561E-05 9.98561E-05
9.98831E-05 0.0330069 9.98831E-05 9.98831E-05 9.98831E-05 0.871999 9.98831E-05 0.0466069 0.0470886 9.98831E-05 9.98831E-05 9.98831E-05 9.98831E-05 9.98831E-05 9.98831E-05 9.98831E-05 9.98831E-05
9.99102E-05 9.99102E-05 0.0233297 9.99102E-05 0.0357778 9.99102E-05 9.99102E-05 9.99102E-05 9.99102E-05 0.397942 9.99102E-05 0.0153747 9.99102E-05 0.049866 9.99102E-05 0.443699 0.0330119
