0.964445 9.9982E-05 9.9982E-05 0.0353555
0.378271 0.285001 9.9991E-05 0.336628
0.0574521 0.852299 0.0502388 0.0400102
9.998E-05 0.9997 9.998E-05 9.998E-05
0.248596 0.428068 9.9991E-05 0.323236
9.9982E-05 0.988827 0.0109727 9.9982E-05
0.541738 0.00675693 9.99911E-05 0.451405
0.0891234 0.412522 9.9991E-05 0.498255
0.502626 0.00779458 9.9991E-05 0.48948
0.841243 9.9982E-05 9.9982E-05 0.158557
0.871664 9.9982E-05 9.9982E-05 0.128136
0.928358 0.0714424 9.9982E-05 9.9982E-05
0.975687 0.024113 9.99821E-05 9.99821E-05
0.00272969 0.978178 0.0189921 9.9991E-05
0.0127095 0.980941 0.00624973 9.9991E-05
0.913339 0.0122712 9.9991E-05 0.0742899
0.810469 0.0371566 0.152274 9.9991E-05
0.202759 9.9991E-05 0.714496 0.0826448
9.998E-05 9.998E-05 0.9997 9.998E-05
0.968571 9.9982E-05 9.9982E-05 0.0312294
9.998E-05 9.998E-05 0.9997 9.998E-05
0.992952 9.9982E-05 9.9982E-05 0.00684785
0.343521 0.0685581 0.504267 0.0836539
9.998E-05 9.998E-05 0.9997 9.998E-05
9.9982E-05 0.991964 9.9982E-05 0.00783633
9.998E-05 0.9997 9.998E-05 9.998E-05
0.9997 9.998E-05 9.998E-05 9.998E-05
9.9982E-05 0.903414 9.9982E-05 0.0963857
9.9982E-05 0.934561 9.9982E-05 0.0652394
0.0132025 0.727683 0.0197283 0.239386
9.9991E-05 0.61806 0.0127271 0.369113
0.261307 0.112713 9.9991E-05 0.62588
9.998E-05 0.9997 9.998E-05 9.998E-05
9.9982E-05 0.104466 9.9982E-05 0.895334
0.884799 0.115001 9.9982E-05 9.9982E-05
0.0149101 0.98489 9.9982E-05 9.9982E-05
0.91796 0.0818405 9.99821E-05 9.99821E-05
0.7609 9.9991E-05 0.012526 0.226474
0.695441 0.182417 0.122042 9.9991E-05
0.855317 0.144483 9.9982E-05 9.9982E-05
0.864169 0.10886 0.00901825 0.0179528
0.934993 9.9991E-05 0.0209142 0.0439931
0.91188 9.9982E-05 9.9982E-05 0.0879197
0.925092 9.9982E-05 9.9982E-05 0.0747081
0.811651 9.9991E-05 0.136288 0.0519607
0.812125 0.0572646 0.0494554 0.0811546
0.806031 0.128402 9.9991E-05 0.0654676
0.964165 9.99911E-05 0.0325451 0.0031902
9.998E-05 9.998E-05 9.998E-05 0.9997
9.998E-05 9.998E-05 9.998E-05 0.9997
9.998E-05 9.998E-05 9.998E-05 0.9997
9.998E-05 9.998E-05 9.998E-05 0.9997
9.998E-05 9.998E-05 9.998E-05 0.9997
0.109948 0.173581 0.04923 0.667241
9.998E-05 9.998E-05 9.998E-05 0.9997
0.9997 9.998E-05 9.998E-05 9.998E-05
0.289481 0.0898683 9.9991E-05 0.620551
9.998E-05 0.9997 9.998E-05 9.998E-05
0.998299 9.99821E-05 9.99821E-05 0.00150118
0.905753 0.085894 9.9991E-05 0.00825301
0.9997 9.998E-05 9.998E-05 9.998E-05
0.9997 9.998E-05 9.998E-05 9.998E-05
0.9997 9.998E-05 9.998E-05 9.998E-05
0.0144008 9.9991E-05 0.941288 0.0442108
9.998E-05 0.9997 9.998E-05 9.998E-05
0.560501 0.317571 0.0528775 0.0690498
9.99821E-05 0.996131 9.99821E-05 0.00366866
9.9982E-05 0.986528 9.9982E-05 0.0132716
9.9982E-05 0.89468 9.9982E-05 0.10512
9.9982E-05 0.936783 9.9982E-05 0.0630175
0.0531175 0.92503 9.9991E-05 0.0217521
9.998E-05 0.9997 9.998E-05 9.998E-05
9.99821E-05 0.487471 9.99821E-05 0.512329
0.0785634 0.485796 0.00769635 0.427944
9.998E-05 0.9997 9.998E-05 9.998E-05
0.770539 0.0553272 9.9991E-05 0.174034
0.798196 0.0383792 9.9991E-05 0.163325
0.707737 0.121489 0.170674 9.9991E-05
0.709618 0.123765 0.166517 9.9991E-05
0.874704 9.99819E-05 9.99819E-05 0.125096
0.890608 9.99819E-05 9.99819E-05 0.109192
0.710483 0.124358 0.152059 0.0131008
0.688567 0.148778 0.162555 9.9991E-05
0.957337 9.9982E-05 9.9982E-05 0.042463
0.890455 0.0233379 0.0492231 0.0369836
0.27336 0.0644944 9.9991E-05 0.662045
0.733375 0.0955812 0.170944 9.9991E-05
0.826131 0.039315 0.134454 9.9991E-05
9.9991E-05 0.574507 0.0566826 0.36871
