9.99369E-05 9.99369E-05 9.99369E-05 9.99369E-05 0.937578 9.99369E-05 9.99369E-05 0.0177266 0.0439955 9.99369E-05
9.99639E-05 0.12429 9.99639E-05 9.99639E-05 0.0918418 0.682836 9.99639E-05 0.0651415 0.0202518 0.015239
0.00689429 0.574071 9.99643E-05 0.318786 9.99643E-05 0.00302251 0.0432004 0.0536259 9.99643E-05 9.99643E-05
9.9937E-05 0.943065 9.9937E-05 9.9937E-05 9.9937E-05 9.9937E-05 9.9937E-05 0.0291728 0.0270631 9.9937E-05
9.99641E-05 0.403624 0.0264589 0.0848759 0.0303267 0.257499 9.99641E-05 9.99641E-05 0.196816 9.99641E-05
9.99358E-05 0.991858 9.99358E-05 9.99358E-05 9.99358E-05 9.99358E-05 9.99358E-05 9.99358E-05 0.00734259 9.99358E-05
9.99371E-05 9.99371E-05 9.99371E-05 9.99371E-05 9.99371E-05 0.650688 0.289326 9.99371E-05 9.99371E-05 0.0592869
9.99549E-05 0.0173871 0.0314262 0.744517 9.99549E-05 0.103448 9.99549E-05 9.99549E-05 0.102722 9.99549E-05
9.99461E-05 9.99461E-05 9.99461E-05 0.011398 9.99461E-05 0.680341 0.139401 9.99461E-05 9.99461E-05 0.168261
9.99281E-05 9.99281E-05 9.99281E-05 9.99281E-05 9.99281E-05 0.046681 9.99281E-05 9.99281E-05 0.95252 9.99281E-05
9.99282E-05 9.99282E-05 9.99282E-05 9.99282E-05 9.99282E-05 0.00970211 9.99282E-05 9.99282E-05 0.989498 9.99282E-05
9.9955E-05 0.0105437 9.9955E-05 0.0417753 0.624773 9.9955E-05 0.192345 0.130064 9.9955E-05 9.9955E-05
9.99281E-05 9.99281E-05 9.99281E-05 0.0154159 9.99281E-05 9.99281E-05 0.983785 9.99281E-05 9.99281E-05 9.99281E-05
0.0190825 0.953527 9.9946E-05 9.9946E-05 0.0192406 9.9946E-05 0.00755032 9.9946E-05 9.9946E-05 9.9946E-05
9.99371E-05 0.941698 9.99371E-05 9.99371E-05 0.0567406 9.99371E-05 9.99371E-05 9.99371E-05 0.000861808 9.99371E-05
9.9937E-05 9.9937E-05 9.9937E-05 9.9937E-05 9.9937E-05 9.9937E-05 0.173451 9.9937E-05 0.0624539 0.763395
0.0669309 0.00279714 9.99641E-05 9.99641E-05 9.99641E-05 9.99641E-05 0.144021 0.311819 0.425481 0.0485514
0.705159 9.99639E-05 0.0207297 9.99639E-05 0.0493529 0.0708163 9.99639E-05 9.99639E-05 0.0784079 0.0751342
0.907488 9.9928E-05 9.9928E-05 9.9928E-05 9.9928E-05 9.9928E-05 9.9928E-05 0.0917127 9.9928E-05 9.9928E-05
9.99459E-05 9.99459E-05 9.99459E-05 9.99459E-05 0.111749 9.99459E-05 9.99459E-05 0.0689191 0.534954 0.283778
0.993359 9.99281E-05 9.99281E-05 0.00584195 9.99281E-05 9.99281E-05 9.99281E-05 9.99281E-05 9.99281E-05 9.99281E-05
9.99549E-05 9.99549E-05 9.99549E-05 9.99549E-05 0.49986 9.99549E-05 0.0615184 0.0277107 0.189207 0.221205
0.410722 9.995E-05 0.0272934 0.017215 9.995E-05 9.995E-05 9.995E-05 0.279715 0.264555 9.995E-05
0.867532 9.99369E-05 9.99369E-05 9.99369E-05 9.99369E-05 9.99369E-05 9.99369E-05 0.0652626 0.0665063 9.99369E-05
9.99371E-05 0.943099 0.00881042 0.0473913 9.99371E-05 9.99371E-05 9.99371E-05 9.99371E-05 9.99371E-05 9.99371E-05
9.99201E-05 0.999101 9.99201E-05 9.99201E-05 9.99201E-05 9.99201E-05 9.99201E-05 9.99201E-05 9.99201E-05 9.99201E-05
9.99639E-05 9.99639E-05 0.00146223 9.99639E-05 0.0703643 9.99639E-05 0.759206 0.0515482 0.104148 0.0128721
9.9955E-05 0.814673 0.101181 0.0775872 9.9955E-05 0.000367258 9.9955E-05 9.9955E-05 9.9955E-05 0.00569228
9.9946E-05 0.857314 0.0423857 0.0679175 9.9946E-05 9.9946E-05 9.9946E-05 9.9946E-05 9.9946E-05 0.0317834
0.0299108 0.502348 0.154361 0.302493 9.99641E-05 9.99641E-05 0.00959422 0.000893669 9.99641E-05 9.99641E-05
9.99459E-05 0.277113 0.116953 0.579607 9.99459E-05 9.99459E-05 9.99459E-05 0.0257264 9.99459E-05 9.99459E-05
9.99201E-05 9.99201E-05 9.99201E-05 9.99201E-05 9.99201E-05 0.999101 9.99201E-05 9.99201E-05 9.99201E-05 9.99201E-05
9.99371E-05 0.786964 9.99371E-05 0.196265 9.99371E-05 9.99371E-05 9.99371E-05 9.99371E-05 9.99371E-05 0.0160708
9.9955E-05 0.00962814 0.618706 0.338957 9.9955E-05 0.026266 9.9955E-05 0.00594297 9.9955E-05 9.9955E-05
9.99638E-05 0.00509432 9.99638E-05 0.0933258 0.0845323 9.99638E-05 0.570847 0.186657 0.0591435 9.99638E-05
9.99459E-05 0.912575 9.99459E-05 0.0456088 9.99459E-05 9.99459E-05 0.027655 9.99459E-05 9.99459E-05 0.013562
9.9928E-05 9.9928E-05 9.9928E-05 0.0290526 0.970148 9.9928E-05 9.9928E-05 9.9928E-05 9.9928E-05 9.9928E-05
9.99549E-05 0.00599956 9.99549E-05 0.0407672 0.124036 0.135935 9.99549E-05 9.99549E-05 0.692762 9.99549E-05
0.0353239 0.0440855 9.99731E-05 0.111754 0.00370658 9.99731E-05 0.175852 0.370634 0.258344 9.99731E-05
9.99549E-05 0.099079 9.99549E-05 9.99549E-05 0.235865 9.99549E-05 9.99549E-05 0.0110307 0.406576 0.246949
9.99549E-05 0.0977488 9.99549E-05 9.99549E-05 0.265897 9.99549E-05 9.99549E-05 0.0213049 0.413935 0.200614
9.993E-05 9.993E-05 9.993E-05 9.993E-05 0.0636684 9.993E-05 9.993E-05 9.993E-05 0.912799 0.0228333
0.00761817 9.9955E-05 9.9955E-05 9.9955E-05 9.9955E-05 0.0298503 0.0400006 9.9955E-05 0.0369389 0.885092
9.99459E-05 9.99459E-05 9.99459E-05 9.99459E-05 0.0326929 9.99459E-05 0.0276614 0.0149888 0.924057 9.99459E-05
0.106438 9.9982E-05 0.00441055 9.9982E-05 0.0777985 0.0100833 0.14412 0.111115 0.513063 0.0327713
0.0315787 0.0798309 0.00309622 9.9973E-05 0.142964 9.9973E-05 0.0360496 9.9973E-05 0.575693 0.130488
9.996E-05 0.106115 0.0348646 9.996E-05 0.21125 9.996E-05 0.201215 0.0803678 0.365788 9.996E-05
0.00272246 9.99284E-05 9.99284E-05 9.99284E-05 0.996478 9.99284E-05 9.99284E-05 9.99284E-05 9.99284E-05 9.99284E-05
9.99201E-05 9.99201E-05 0.999101 9.99201E-05 9.99201E-05 9.99201E-05 9.99201E-05 9.99201E-05 9.99201E-05 9.99201E-05
9.99281E-05 9.99281E-05 0.992934 9.99281E-05 9.99281E-05 9.99281E-05 9.99281E-05 9.99281E-05 9.99281E-05 0.00626667
9.99281E-05 9.99281E-05 0.984089 9.99281E-05 9.99281E-05 9.99281E-05 9.99281E-05 9.99281E-05 0.0151117 9.99281E-05
9.99201E-05 9.99201E-05 0.999101 9.99201E-05 9.99201E-05 9.99201E-05 9.99201E-05 9.99201E-05 9.99201E-05 9.99201E-05
9.99201E-05 9.99201E-05 0.999101 9.99201E-05 9.99201E-05 9.99201E-05 9.99201E-05 9.99201E-05 9.99201E-05 9.99201E-05
0.00988092 0.0325106 0.305236 0.424216 9.99641E-05 0.113029 9.99641E-05 9.99641E-05 9.99641E-05 0.114727
9.9946E-05 9.9946E-05 0.953663 9.9946E-05 0.010543 0.0181496 9.9946E-05 9.9946E-05 9.9946E-05 0.017045
9.99369E-05 9.99369E-05 9.99369E-05 9.99369E-05 0.838461 9.99369E-05 0.0295026 9.99369E-05 9.99369E-05 0.131337
9.99458E-05 9.99458E-05 0.0704081 9.99458E-05 0.038662 0.881772 9.99458E-05 0.00855853 9.99458E-05 9.99458E-05
9.9928E-05 0.97568 9.9928E-05 0.0235207 9.9928E-05 9.9928E-05 9.9928E-05 9.9928E-05 9.9928E-05 9.9928E-05
9.9955E-05 9.9955E-05 0.0128609 9.9955E-05 0.0277192 9.9955E-05 0.832272 0.00303722 9.9955E-05 0.123611
9.99372E-05 9.99372E-05 9.99372E-05 9.99372E-05 0.00978913 9.99372E-05 0.0891868 9.99372E-05 9.99372E-05 0.900324
9.99201E-05 9.99201E-05 9.99201E-05 9.99201E-05 9.99201E-05 9.99201E-05 0.999101 9.99201E-05 9.99201E-05 9.99201E-05
9.99368E-05 9.99368E-05 9.99368E-05 9.99368E-05 0.0258793 9.99368E-05 0.853154 9.99368E-05 0.120267 9.99368E-05
9.99369E-05 9.99369E-05 9.99369E-05 9.99369E-05 9.99369E-05 9.99369E-05 0.830901 0.0688485 0.0995511 9.99369E-05
0.880694 9.99372E-05 9.99372E-05 0.00869421 0.109912 9.99372E-05 9.99372E-05 9.99372E-05 9.99372E-05 9.99372E-05
9.99373E-05 0.960343 9.99373E-05 0.0263708 9.99373E-05 9.99373E-05 9.99373E-05 9.99373E-05 9.99373E-05 0.0125862
0.0832797 0.187104 0.182128 0.0687398 0.0853059 9.9991E-05 0.0989498 0.0917861 0.00691084 0.195696
9.99372E-05 0.874567 9.99372E-05 0.0964969 9.99372E-05 9.99372E-05 9.99372E-05 9.99372E-05 9.99372E-05 0.0282369
9.9937E-05 0.927642 0.0471884 9.9937E-05 0.0244705 9.9937E-05 9.9937E-05 9.9937E-05 9.9937E-05 9.9937E-05
9.99549E-05 0.745181 0.0138158 0.161988 9.99549E-05 0.0302122 9.99549E-05 9.99549E-05 9.99549E-05 0.0483034
9.9946E-05 0.778784 0.00493586 0.15236 9.9946E-05 9.9946E-05 9.9946E-05 9.9946E-05 9.9946E-05 0.0633198
9.996E-05 0.806142 9.996E-05 0.112109 0.020348 0.0117126 9.996E-05 0.00415433 0.045134 9.996E-05
0.00369292 0.969632 9.9937E-05 0.0259758 9.9937E-05 9.9937E-05 9.9937E-05 9.9937E-05 9.9937E-05 9.9937E-05
9.99201E-05 9.99201E-05 9.99201E-05 0.999101 9.99201E-05 9.99201E-05 9.99201E-05 9.99201E-05 9.99201E-05 9.99201E-05
9.9928E-05 9.9928E-05 9.9928E-05 0.97867 9.9928E-05 9.9928E-05 0.020531 9.9928E-05 9.9928E-05 9.9928E-05
9.99461E-05 0.926047 0.031059 9.99461E-05 0.0107053 9.99461E-05 9.99461E-05 9.99461E-05 9.99461E-05 0.0315893
9.9937E-05 9.9937E-05 0.00625059 0.00128608 9.9937E-05 9.9937E-05 9.9937E-05 9.9937E-05 9.9937E-05 0.991764
9.99279E-05 9.99279E-05 0.00799183 9.99279E-05 9.99279E-05 9.99279E-05 9.99279E-05 9.99279E-05 9.99279E-05 0.991209
9.99201E-05 9.99201E-05 9.99201E-05 9.99201E-05 9.99201E-05 9.99201E-05 9.99201E-05 0.999101 9.99201E-05 9.99201E-05
9.99201E-05 9.99201E-05 9.99201E-05 9.99201E-05 9.99201E-05 9.99201E-05 9.99201E-05 0.999101 9.99201E-05 9.99201E-05
9.99549E-05 0.0108415 9.99549E-05 9.99549E-05 0.0655827 0.0568956 9.99549E-05 9.99549E-05 0.794156 0.0720241
9.99549E-05 9.99549E-05 9.99549E-05 9.99549E-05 0.0216513 0.0494618 0.0266866 9.99549E-05 0.73613 0.16557
9.9937E-05 9.9937E-05 9.9937E-05 0.00621657 9.9937E-05 0.0131227 9.9937E-05 0.979961 9.9937E-05 9.9937E-05
9.9928E-05 9.9928E-05 9.9928E-05 9.9928E-05 0.00151138 9.9928E-05 9.9928E-05 0.997689 9.9928E-05 9.9928E-05
9.99459E-05 9.99459E-05 0.00777053 9.99459E-05 0.939645 9.99459E-05 0.0351056 9.99459E-05 9.99459E-05 0.0168791
0.0476522 9.9964E-05 9.9964E-05 9.9964E-05 0.00903802 0.0735164 0.184449 9.9964E-05 0.254322 0.430622
9.99279E-05 9.99279E-05 0.0702645 9.99279E-05 9.99279E-05 0.928936 9.99279E-05 9.99279E-05 9.99279E-05 9.99279E-05
0.109889 0.0745106 9.99551E-05 9.99551E-05 9.99551E-05 9.99551E-05 0.329579 0.204811 0.28071 9.99551E-05
0.0601107 0.0191965 9.99551E-05 9.99551E-05 0.162171 9.99551E-05 0.453963 0.304059 9.99551E-05 9.99551E-05
0.0262337 0.273699 0.0378446 0.640669 9.9955E-05 9.9955E-05 9.9955E-05 0.0210542 9.9955E-05 9.9955E-05
