9.996E-05 9.996E-05 0.9995 9.996E-05 9.996E-05 9.996E-05
0.268936 9.9973E-05 0.428932 0.301832 9.9973E-05 9.9973E-05
0.0846911 0.0266339 9.99911E-05 0.780341 0.106062 0.00217235
9.9964E-05 0.033448 9.9964E-05 0.966152 9.9964E-05 9.9964E-05
0.276934 9.99731E-05 0.285535 0.437231 9.99731E-05 9.99731E-05
9.9964E-05 9.9964E-05 0.00796309 0.991637 9.9964E-05 9.9964E-05
0.402694 9.99641E-05 9.99641E-05 9.99641E-05 0.596906 9.99641E-05
0.443805 0.0206244 0.0822459 0.453124 9.9982E-05 9.9982E-05
0.421066 9.99731E-05 0.0593269 9.99731E-05 0.519307 9.99731E-05
0.128584 0.0843319 0.724405 9.9982E-05 0.0624797 9.9982E-05
0.111904 0.113089 0.660113 9.9982E-05 0.114694 9.9982E-05
9.9982E-05 0.137227 0.663534 0.0517952 0.147244 9.9982E-05
9.99641E-05 9.99641E-05 9.99641E-05 0.0194249 0.980175 9.99641E-05
9.9973E-05 9.9973E-05 0.0283514 0.955739 9.9973E-05 0.0156095
9.9964E-05 9.9964E-05 0.0497333 0.949867 9.9964E-05 9.9964E-05
0.00546547 0.0130182 0.589591 0.040531 0.351294 9.9991E-05
9.999E-05 0.394012 0.300712 0.0148659 0.209489 0.0808212
0.0490368 9.9973E-05 0.241481 9.9973E-05 9.9973E-05 0.709183
9.9964E-05 0.0578578 9.9964E-05 9.9964E-05 9.9964E-05 0.941742
9.9973E-05 0.130555 0.783873 9.9973E-05 0.0852722 9.9973E-05
9.996E-05 9.996E-05 9.996E-05 9.996E-05 9.996E-05 0.9995
9.9964E-05 9.9964E-05 0.928438 9.9964E-05 0.071162 9.9964E-05
0.0509303 0.387503 0.127613 0.00602046 9.9991E-05 0.427834
9.9964E-05 0.0963337 9.9964E-05 9.9964E-05 9.9964E-05 0.903266
9.99731E-05 0.00350506 9.99731E-05 0.992734 0.00346119 9.99731E-05
9.996E-05 9.996E-05 9.996E-05 0.9995 9.996E-05 9.996E-05
9.99729E-05 0.0702077 0.165141 9.99729E-05 0.764352 9.99729E-05
0.0686941 9.9973E-05 9.9973E-05 0.908825 0.022181 9.9973E-05
0.0622634 9.9973E-05 9.9973E-05 0.924471 0.0129653 9.9973E-05
0.234068 0.0449841 9.9991E-05 0.692301 0.0116726 0.0168742
0.240777 0.0723241 9.9982E-05 0.676742 9.9982E-05 0.00995642
0.571107 9.99732E-05 0.339316 0.0892773 9.99732E-05 9.99732E-05
9.99641E-05 0.000167208 9.99641E-05 0.999433 9.99641E-05 9.99641E-05
0.887551 0.00129968 9.9973E-05 0.11085 9.9973E-05 9.9973E-05
9.99819E-05 0.244699 0.148499 0.0349357 0.571667 9.99819E-05
9.99639E-05 9.99639E-05 9.99639E-05 0.981424 0.0181758 9.99639E-05
9.99642E-05 9.99642E-05 0.933968 0.0656325 9.99642E-05 9.99642E-05
0.143003 0.002072 0.759544 0.064383 9.9991E-05 0.030898
9.9991E-05 0.414802 0.159592 0.152851 0.197345 0.07531
9.9982E-05 0.00328173 0.84836 0.12547 9.9982E-05 0.0226883
9.9982E-05 0.0398597 0.863553 0.0942448 9.9982E-05 0.00214203
9.9982E-05 0.0431923 0.862502 9.9982E-05 0.0495419 0.0445636
0.0492791 9.9973E-05 0.722603 9.9973E-05 0.227818 9.9973E-05
0.0494418 0.108074 0.751737 9.9991E-05 0.079898 0.0107488
0.0218969 0.164919 0.500428 9.9991E-05 0.175863 0.136792
9.9991E-05 0.0639128 0.724308 0.102261 0.044933 0.064485
0.0845693 0.126801 0.441789 0.0896497 0.25709 9.9991E-05
9.996E-05 9.996E-05 0.9995 9.996E-05 9.996E-05 9.996E-05
0.9995 9.996E-05 9.996E-05 9.996E-05 9.996E-05 9.996E-05
0.9995 9.996E-05 9.996E-05 9.996E-05 9.996E-05 9.996E-05
0.998514 9.9964E-05 9.9964E-05 9.9964E-05 9.9964E-05 0.00108588
0.9995 9.996E-05 9.996E-05 9.996E-05 9.996E-05 9.996E-05
0.9995 9.996E-05 9.996E-05 9.996E-05 9.996E-05 9.996E-05
0.588641 9.9991E-05 0.0778216 0.247998 0.06192 0.0235194
0.9995 9.996E-05 9.996E-05 9.996E-05 9.996E-05 9.996E-05
9.9964E-05 9.9964E-05 0.990271 9.9964E-05 0.00932901 9.9964E-05
0.581213 9.9982E-05 0.300978 0.10057 0.017039 9.9982E-05
9.996E-05 9.996E-05 9.996E-05 0.9995 9.996E-05 9.996E-05
9.9973E-05 0.076369 0.0663465 9.9973E-05 0.856985 9.9973E-05
9.9973E-05 9.9973E-05 0.553133 0.0727305 0.373836 9.9973E-05
9.996E-05 9.996E-05 9.996E-05 9.996E-05 0.9995 9.996E-05
9.99729E-05 0.0170682 0.122156 9.99729E-05 0.860476 9.99729E-05
9.99819E-05 0.0943367 0.0180171 9.99819E-05 0.88405 0.00339605
9.99641E-05 9.99641E-05 0.0993344 9.99641E-05 9.99641E-05 0.900266
9.996E-05 9.996E-05 9.996E-05 0.9995 9.996E-05 9.996E-05
0.0987102 0.0802659 0.327623 0.362805 0.0802803 0.0503156
9.99641E-05 9.99641E-05 9.99641E-05 0.993346 0.00625458 9.99641E-05
9.9964E-05 9.9964E-05 0.0340701 0.96553 9.9964E-05 9.9964E-05
0.105151 9.9973E-05 9.9973E-05 0.886907 0.00764225 9.9973E-05
0.102171 9.9964E-05 9.9964E-05 0.897429 9.9964E-05 9.9964E-05
0.0273707 0.017898 0.0550276 0.899504 9.9982E-05 9.9982E-05
9.996E-05 9.996E-05 9.996E-05 0.9995 9.996E-05 9.996E-05
0.497613 9.99732E-05 9.99732E-05 0.480855 0.0212319 9.99732E-05
0.321394 9.99732E-05 9.99732E-05 0.491119 0.187188 9.99732E-05
0.0191372 0.00830718 0.0103284 0.951485 9.9991E-05 0.0106425
0.120187 0.0198228 0.703429 0.0706725 0.0857885 9.9991E-05
0.100585 0.0379392 0.64763 0.0438162 0.169929 9.9991E-05
9.996E-05 0.9995 9.996E-05 9.996E-05 9.996E-05 9.996E-05
9.996E-05 0.9995 9.996E-05 9.996E-05 9.996E-05 9.996E-05
0.0791971 0.0487657 0.838337 9.9982E-05 0.0335006 9.9982E-05
0.0553957 0.0105331 0.843445 9.9991E-05 0.0808722 0.00965386
0.0055437 0.994056 9.9964E-05 9.9964E-05 9.9964E-05 9.9964E-05
9.996E-05 0.9995 9.996E-05 9.996E-05 9.996E-05 9.996E-05
0.00425799 9.99731E-05 0.966629 9.99731E-05 0.0288136 9.99731E-05
0.0291361 9.9982E-05 0.619052 9.9982E-05 0.304634 0.0469778
0.596118 9.9982E-05 0.296806 0.102095 0.00478088 9.9982E-05
9.9991E-05 0.277677 0.145213 0.0716651 0.384298 0.121047
9.99821E-05 0.320443 0.184625 9.99821E-05 0.421673 0.0730596
0.294061 0.0682391 9.99821E-05 0.61539 9.99821E-05 0.0221099
