9.9982E-05 0.0389525 0.960175 9.9982E-05 0.000672792
0.267327 0.0404092 0.359779 9.9991E-05 0.332385
0.857257 0.068356 9.99911E-05 0.0584131 0.0158737
0.963628 0.0239241 9.9982E-05 9.9982E-05 0.0122476
0.477774 9.99821E-05 0.266447 9.99821E-05 0.255579
0.992085 9.9982E-05 0.000492585 0.00722293 9.9982E-05
0.0483373 9.99821E-05 0.579614 9.99821E-05 0.371849
0.422969 0.0302708 0.0633598 9.9991E-05 0.483301
0.0101034 9.99821E-05 0.586353 9.99821E-05 0.403343
9.9982E-05 0.103163 0.730452 9.9982E-05 0.166184
9.9982E-05 0.125445 0.774154 9.9982E-05 0.100201
0.0756517 0.132631 0.791518 9.9982E-05 9.9982E-05
0.0736509 9.99732E-05 0.926049 9.99732E-05 9.99732E-05
0.958971 9.9991E-05 0.000754644 0.0335843 0.00659038
0.960465 9.9982E-05 0.0204346 0.0189001 9.9982E-05
0.0278284 0.0179276 0.919437 9.9991E-05 0.0347072
0.0187687 0.392623 0.511709 0.0768002 9.9991E-05
9.9982E-05 9.9982E-05 0.187733 0.733367 0.0787
9.9973E-05 0.0949402 9.9973E-05 0.90476 9.9973E-05
9.99729E-05 0.159982 0.839718 9.99729E-05 9.99729E-05
9.997E-05 9.997E-05 9.997E-05 0.9996 9.997E-05
0.00172179 0.047047 0.904434 9.9991E-05 0.046697
0.0151701 0.377513 0.10784 0.437628 0.0618489
9.9973E-05 0.0807484 9.9973E-05 0.918952 9.9973E-05
0.999478 0.000221912 9.9973E-05 9.9973E-05 9.9973E-05
0.9996 9.997E-05 9.997E-05 9.997E-05 9.997E-05
9.9973E-05 0.0972545 0.902446 9.9973E-05 9.9973E-05
0.958994 9.9973E-05 9.9973E-05 9.9973E-05 0.0407061
0.914267 9.9973E-05 9.9973E-05 9.9973E-05 0.0854329
0.721753 0.0218087 9.99821E-05 9.99821E-05 0.256238
0.646431 0.0721376 9.9982E-05 9.9982E-05 0.281231
0.0663502 9.99821E-05 0.287418 9.99821E-05 0.646032
0.996092 0.00360855 9.99731E-05 9.99731E-05 9.99731E-05
0.11437 0.0105462 9.9982E-05 9.9982E-05 0.874884
0.0799524 0.249373 0.670475 9.9982E-05 9.9982E-05
0.988774 9.9973E-05 0.0109259 9.9973E-05 9.9973E-05
0.0706995 0.0156053 0.913495 9.99821E-05 9.99821E-05
9.9991E-05 0.042298 0.709913 0.0241732 0.223516
0.151698 0.459097 0.338627 0.0504783 9.9991E-05
0.159063 0.0851842 0.743591 0.0120623 9.9991E-05
0.100256 0.0748213 0.808978 0.0158448 9.9991E-05
9.9991E-05 0.12571 0.809618 0.01831 0.046262
9.9973E-05 9.9973E-05 0.943563 9.9973E-05 0.0561369
9.9982E-05 0.132381 0.808706 9.9982E-05 0.0587132
9.9991E-05 0.167547 0.675511 0.121648 0.0351938
0.0792408 0.118686 0.666058 0.0364603 0.0995549
0.142728 0.148169 0.662938 9.9991E-05 0.0460644
9.99733E-05 9.99733E-05 0.964881 0.0348194 9.99733E-05
9.997E-05 9.997E-05 9.997E-05 9.997E-05 0.9996
9.99729E-05 9.99729E-05 9.99729E-05 0.00749464 0.992205
9.997E-05 9.997E-05 9.997E-05 9.997E-05 0.9996
9.997E-05 9.997E-05 9.997E-05 9.997E-05 0.9996
9.997E-05 9.997E-05 9.997E-05 9.997E-05 0.9996
0.217443 0.0142208 0.0978278 0.0383125 0.632196
9.997E-05 9.997E-05 9.997E-05 9.997E-05 0.9996
9.997E-05 9.997E-05 0.9996 9.997E-05 9.997E-05
0.0914188 9.9982E-05 0.301943 9.9982E-05 0.606438
0.9996 9.997E-05 9.997E-05 9.997E-05 9.997E-05
0.0135994 0.0331019 0.952313 0.000885842 9.9991E-05
0.0853629 0.00498633 0.909451 9.9982E-05 9.9982E-05
9.99732E-05 9.99732E-05 0.970282 0.0294182 9.99732E-05
0.00212788 9.9973E-05 0.997572 9.9973E-05 9.9973E-05
9.9982E-05 0.0712418 0.921503 0.00705476 9.9982E-05
0.0064853 9.9982E-05 0.0778382 0.915476 9.9982E-05
0.9996 9.997E-05 9.997E-05 9.997E-05 9.997E-05
0.271079 0.162527 0.281848 0.0266516 0.257894
0.9996 9.997E-05 9.997E-05 9.997E-05 9.997E-05
0.980027 9.9973E-05 0.0196731 9.9973E-05 9.9973E-05
0.901188 9.9982E-05 0.00174455 9.9982E-05 0.096867
0.945941 9.9991E-05 0.00772563 0.00729267 0.038941
0.898312 0.00338814 0.0517559 9.9991E-05 0.0464435
0.983693 0.0160072 9.99729E-05 9.99729E-05 9.99729E-05
0.488343 9.99732E-05 9.99732E-05 9.99732E-05 0.511357
0.46027 9.99911E-05 0.0883679 0.0193113 0.431951
0.975368 9.9991E-05 0.0110975 0.00588001 0.00755488
0.0610751 0.0632276 0.753076 9.9991E-05 0.122521
0.0656878 0.07431 0.735898 9.9991E-05 0.124004
9.997E-05 0.9996 9.997E-05 9.997E-05 9.997E-05
9.997E-05 0.9996 9.997E-05 9.997E-05 9.997E-05
9.9991E-05 0.0959166 0.763311 0.00939135 0.131281
9.9991E-05 0.0823872 0.808268 0.010211 0.0990342
9.997E-05 0.9996 9.997E-05 9.997E-05 9.997E-05
9.997E-05 0.9996 9.997E-05 9.997E-05 9.997E-05
9.9973E-05 9.9973E-05 0.977193 9.9973E-05 0.0225069
0.0173612 9.9991E-05 0.853719 0.0860681 0.0427513
0.0460703 9.9982E-05 0.306909 9.9982E-05 0.646821
0.0825397 0.260954 0.545947 0.110459 9.9991E-05
9.99821E-05 0.33161 0.589527 0.0786629 9.99821E-05
0.605883 0.0262594 9.9991E-05 0.0379918 0.329766
