9.99549E-05 9.99549E-05 0.987353 9.99549E-05 0.00874519 9.99549E-05 0.00340228 9.99549E-05
0.111646 9.99729E-05 0.267369 0.297803 0.0362438 0.286639 9.99729E-05 9.99729E-05
0.0990953 9.99733E-05 9.99733E-05 0.750365 0.0465116 0.0122146 9.99733E-05 0.0915137
9.9946E-05 9.9946E-05 9.9946E-05 0.953211 0.0461896 9.9946E-05 9.9946E-05 9.9946E-05
0.123362 9.99731E-05 0.05502 0.444094 9.99731E-05 0.22607 0.151155 9.99731E-05
9.9946E-05 9.9946E-05 0.0413266 0.958074 9.9946E-05 9.9946E-05 9.9946E-05 9.9946E-05
9.994E-05 9.994E-05 9.994E-05 9.994E-05 9.994E-05 0.9993 9.994E-05 9.994E-05
0.337566 9.9973E-05 9.9973E-05 0.376958 0.0112514 0.191145 0.082779 9.9973E-05
9.994E-05 9.994E-05 9.994E-05 9.994E-05 9.994E-05 0.9993 9.994E-05 9.994E-05
9.99461E-05 9.99461E-05 9.99461E-05 9.99461E-05 9.99461E-05 0.0968115 0.902589 9.99461E-05
9.99461E-05 9.99461E-05 9.99461E-05 9.99461E-05 9.99461E-05 0.082223 0.917177 9.99461E-05
9.9964E-05 9.9964E-05 0.650919 0.0153528 0.107462 9.9964E-05 9.9964E-05 0.225867
9.99461E-05 9.99461E-05 9.99461E-05 9.99461E-05 9.99461E-05 0.0395773 9.99461E-05 0.959823
9.9955E-05 0.0224428 0.0348411 0.942216 9.9955E-05 9.9955E-05 9.9955E-05 9.9955E-05
9.9955E-05 9.9955E-05 0.0582223 0.933985 9.9955E-05 9.9955E-05 0.00729253 9.9955E-05
9.99639E-05 9.99639E-05 0.144401 9.99639E-05 9.99639E-05 0.227674 0.346474 0.281052
9.9973E-05 0.0500237 9.9973E-05 0.00965548 0.285862 9.9973E-05 0.425305 0.228854
0.0698304 0.702464 9.99639E-05 9.99639E-05 9.99639E-05 0.0160643 0.211242 9.99639E-05
9.9955E-05 0.917049 9.9955E-05 9.9955E-05 0.0738637 9.9955E-05 9.9955E-05 0.00858749
9.9964E-05 9.9964E-05 0.12792 9.9964E-05 0.0549046 9.9964E-05 0.767812 0.0489631
9.994E-05 0.9993 9.994E-05 9.994E-05 9.994E-05 9.994E-05 9.994E-05 9.994E-05
9.99639E-05 9.99639E-05 0.648344 9.99639E-05 0.0186332 9.99639E-05 0.204959 0.127664
0.0293156 0.355801 9.99641E-05 9.99641E-05 0.371145 9.99641E-05 0.243339 9.99641E-05
9.99549E-05 0.866994 9.99549E-05 9.99549E-05 0.0947427 9.99549E-05 0.0377632 9.99549E-05
0.0192217 9.99461E-05 9.99461E-05 0.980179 9.99461E-05 9.99461E-05 9.99461E-05 9.99461E-05
9.994E-05 9.994E-05 9.994E-05 0.9993 9.994E-05 9.994E-05 9.994E-05 9.994E-05
9.99639E-05 9.99639E-05 0.0557211 9.99639E-05 0.0377446 9.99639E-05 0.0476549 0.85848
0.0534193 9.9955E-05 9.9955E-05 0.915364 9.9955E-05 0.0307173 9.9955E-05 9.9955E-05
0.0717577 9.9973E-05 0.00502014 0.880698 9.9973E-05 0.0154103 9.9973E-05 0.0268134
0.2443 0.00819452 9.99731E-05 0.696859 0.0174401 9.99731E-05 9.99731E-05 0.0329069
0.259796 9.99641E-05 9.99641E-05 0.656877 0.0462164 0.0367112 9.99641E-05 9.99641E-05
0.349249 9.99731E-05 0.202345 0.0930861 0.0141865 0.340833 9.99731E-05 9.99731E-05
9.99461E-05 9.99461E-05 9.99461E-05 0.987768 9.99461E-05 0.0116326 9.99461E-05 9.99461E-05
0.867238 9.99641E-05 9.99641E-05 0.0809502 0.00735745 0.044054 9.99641E-05 9.99641E-05
0.00370822 9.99819E-05 0.0379172 0.0587916 0.181525 9.99819E-05 0.125995 0.591863
9.99549E-05 9.99549E-05 9.99549E-05 0.937195 0.0146579 0.0476475 9.99549E-05 9.99549E-05
9.99551E-05 9.99551E-05 0.982878 0.00161698 0.0150052 9.99551E-05 9.99551E-05 9.99551E-05
0.0509187 9.9973E-05 0.148276 0.0775542 9.9973E-05 0.0834046 0.639547 9.9973E-05
9.9973E-05 0.0476469 9.9973E-05 0.13629 0.376783 9.9973E-05 0.24979 0.189189
9.99549E-05 9.99549E-05 0.34032 0.105216 9.99549E-05 9.99549E-05 0.553964 9.99549E-05
9.99549E-05 9.99549E-05 0.324373 0.10941 9.99549E-05 9.99549E-05 0.565717 9.99549E-05
9.994E-05 9.994E-05 9.994E-05 9.994E-05 9.994E-05 9.994E-05 0.9993 9.994E-05
9.99639E-05 9.99639E-05 0.190284 9.99639E-05 9.99639E-05 0.367604 0.286709 0.155004
9.9955E-05 9.9955E-05 0.00964627 9.9955E-05 9.9955E-05 9.9955E-05 0.967368 0.022486
0.00688222 0.106434 0.0704289 9.9982E-05 0.102858 9.9982E-05 0.525388 0.187808
0.01276 0.0191883 0.182038 0.0889245 0.00372546 0.0125795 0.566882 0.113903
0.0413126 9.9982E-05 0.200612 0.105733 0.0860834 9.9982E-05 0.304798 0.261261
9.99464E-05 0.0267263 0.972674 9.99464E-05 9.99464E-05 9.99464E-05 9.99464E-05 9.99464E-05
0.9993 9.994E-05 9.994E-05 9.994E-05 9.994E-05 9.994E-05 9.994E-05 9.994E-05
0.995302 9.9955E-05 0.00152174 9.9955E-05 9.9955E-05 9.9955E-05 0.00267628 9.9955E-05
0.9993 9.994E-05 9.994E-05 9.994E-05 9.994E-05 9.994E-05 9.994E-05 9.994E-05
0.998599 0.00080173 9.9946E-05 9.9946E-05 9.9946E-05 9.9946E-05 9.9946E-05 9.9946E-05
0.9993 9.994E-05 9.994E-05 9.994E-05 9.994E-05 9.994E-05 9.994E-05 9.994E-05
0.53239 0.0299223 9.9991E-05 0.23213 0.017728 0.157735 0.0188553 0.0111385
0.989306 9.9946E-05 0.0100941 9.9946E-05 9.9946E-05 9.9946E-05 9.9946E-05 9.9946E-05
9.99639E-05 9.99639E-05 0.898906 9.99639E-05 9.99639E-05 0.0185511 0.0170861 0.0650573
0.328901 9.99729E-05 0.207923 0.0935163 0.00679834 0.362561 9.99729E-05 9.99729E-05
9.994E-05 9.994E-05 9.994E-05 0.9993 9.994E-05 9.994E-05 9.994E-05 9.994E-05
0.00951118 9.9973E-05 0.0996933 9.9973E-05 0.0103544 0.0122601 9.9973E-05 0.867881
9.9973E-05 9.9973E-05 0.211309 9.9973E-05 0.0145504 0.29206 0.217929 0.263851
9.99461E-05 9.99461E-05 9.99461E-05 9.99461E-05 9.99461E-05 0.0534979 9.99461E-05 0.945902
9.99549E-05 9.99549E-05 0.00434336 9.99549E-05 9.99549E-05 9.99549E-05 0.0766637 0.918493
9.99639E-05 0.00953215 9.99639E-05 9.99639E-05 0.0316995 9.99639E-05 0.0884354 0.869933
9.99551E-05 0.912191 0.0825261 9.99551E-05 9.99551E-05 0.00478296 9.99551E-05 9.99551E-05
9.994E-05 9.994E-05 9.994E-05 0.9993 9.994E-05 9.994E-05 9.994E-05 9.994E-05
0.08591 0.0154897 0.165851 0.361906 0.11915 0.00733153 0.104784 0.139578
9.99551E-05 9.99551E-05 9.99551E-05 0.967574 9.99551E-05 0.0184507 9.99551E-05 0.0134752
9.9946E-05 9.9946E-05 0.0236033 0.975797 9.9946E-05 9.9946E-05 9.9946E-05 9.9946E-05
0.0598255 9.9955E-05 9.9955E-05 0.882065 9.9955E-05 0.0576103 9.9955E-05 9.9955E-05
0.0020981 9.9964E-05 0.0273898 0.909607 9.9964E-05 0.060505 9.9964E-05 9.9964E-05
9.99461E-05 9.99461E-05 9.99461E-05 0.930148 9.99461E-05 9.99461E-05 0.0692522 9.99461E-05
9.9955E-05 9.9955E-05 9.9955E-05 0.981201 0.00942707 9.9955E-05 0.00887181 9.9955E-05
0.305526 9.99552E-05 9.99552E-05 0.456525 9.99552E-05 0.23745 9.99552E-05 9.99552E-05
0.13346 9.99552E-05 9.99552E-05 0.445162 9.99552E-05 0.420879 9.99552E-05 9.99552E-05
0.0128638 9.9973E-05 0.0258068 0.945783 0.0108116 9.9973E-05 0.00443469 9.9973E-05
9.99729E-05 9.99729E-05 0.158595 0.00450778 0.0816313 0.407616 0.34735 9.99729E-05
9.99819E-05 9.99819E-05 0.110794 0.0130568 0.0783343 0.421807 0.318587 0.0572204
9.9946E-05 9.9946E-05 0.00587915 9.9946E-05 0.993521 9.9946E-05 9.9946E-05 9.9946E-05
9.994E-05 9.994E-05 9.994E-05 9.994E-05 0.9993 9.994E-05 9.994E-05 9.994E-05
0.0232408 9.9973E-05 0.0779199 9.9973E-05 9.9973E-05 0.00398506 0.880392 0.0141623
0.0396413 9.9973E-05 0.041881 9.9973E-05 9.9973E-05 0.0358378 0.828815 0.0535249
9.9946E-05 9.9946E-05 9.9946E-05 9.9946E-05 0.995352 0.00404827 9.9946E-05 9.9946E-05
9.994E-05 9.994E-05 9.994E-05 9.994E-05 0.9993 9.994E-05 9.994E-05 9.994E-05
9.99459E-05 9.99459E-05 0.966662 9.99459E-05 9.99459E-05 9.99459E-05 9.99459E-05 0.0327386
9.99729E-05 0.050246 0.166079 9.99729E-05 9.99729E-05 0.259285 0.385298 0.138791
0.361213 9.99639E-05 0.15691 0.116114 9.99639E-05 0.365363 9.99639E-05 9.99639E-05
9.99731E-05 0.0811866 9.99731E-05 0.0564994 0.214292 9.99731E-05 0.294198 0.353524
9.99731E-05 0.0808455 0.176205 9.99731E-05 0.277618 9.99731E-05 0.03004 0.434992
0.221244 0.03452 9.99731E-05 0.583679 0.0383322 0.121925 9.99731E-05 9.99731E-05
