0.9994 9.995E-05 9.995E-05 9.995E-05 9.995E-05 9.995E-05 9.995E-05
0.331744 9.9973E-05 9.9973E-05 0.154175 0.341898 0.171883 9.9973E-05
9.999E-05 0.0279216 0.0621934 0.0361336 0.788557 0.0402191 0.0448749
9.9955E-05 0.0260467 9.9955E-05 9.9955E-05 0.973454 9.9955E-05 9.9955E-05
0.166179 9.99731E-05 9.99731E-05 0.164912 0.4277 0.240909 9.99731E-05
9.9955E-05 0.0108578 9.9955E-05 9.9955E-05 0.988642 9.9955E-05 9.9955E-05
9.995E-05 9.995E-05 9.995E-05 9.995E-05 9.995E-05 0.9994 9.995E-05
9.9973E-05 0.0246319 9.9973E-05 0.367516 0.412712 0.19484 9.9973E-05
9.995E-05 9.995E-05 9.995E-05 9.995E-05 9.995E-05 0.9994 9.995E-05
0.390059 0.133256 9.99729E-05 9.99729E-05 9.99729E-05 0.467304 0.00908134
0.404014 0.130075 0.00228951 9.99729E-05 9.99729E-05 0.463321 9.99729E-05
0.64482 0.0816949 0.222434 9.9973E-05 0.0507516 9.9973E-05 9.9973E-05
9.99551E-05 9.99551E-05 0.993374 9.99551E-05 0.00612595 9.99551E-05 9.99551E-05
0.0572055 9.9973E-05 0.00099633 9.9973E-05 0.926014 9.9973E-05 0.0154841
0.0501957 9.9955E-05 9.9955E-05 9.9955E-05 0.949305 9.9955E-05 9.9955E-05
0.492733 0.00242262 0.353045 0.0330065 9.9982E-05 0.118592 9.9982E-05
0.295783 0.345863 0.281931 9.9973E-05 9.9973E-05 9.9973E-05 0.0761222
0.174388 9.99729E-05 9.99729E-05 0.0509342 9.99729E-05 0.0489922 0.725386
9.9955E-05 0.0928474 9.9955E-05 9.9955E-05 9.9955E-05 9.9955E-05 0.906653
0.649087 0.136157 0.110065 0.0125585 9.9982E-05 0.0919318 9.9982E-05
9.995E-05 9.995E-05 9.995E-05 9.995E-05 9.995E-05 9.995E-05 0.9994
0.87768 0.00769742 0.114223 9.9964E-05 9.9964E-05 9.9964E-05 9.9964E-05
0.0621605 0.401234 0.00274371 0.0228713 0.0114907 0.0885763 0.410923
9.9955E-05 0.0829463 9.9955E-05 9.9955E-05 9.9955E-05 9.9955E-05 0.916554
9.99551E-05 9.99551E-05 9.99551E-05 0.00554358 0.993957 9.99551E-05 9.99551E-05
9.9955E-05 9.9955E-05 9.9955E-05 0.00175362 0.997747 9.9955E-05 9.9955E-05
0.128486 0.0351851 0.835929 9.99639E-05 9.99639E-05 9.99639E-05 9.99639E-05
9.9955E-05 9.9955E-05 9.9955E-05 0.073649 0.925851 9.9955E-05 9.9955E-05
9.9964E-05 9.9964E-05 0.013866 0.0476308 0.938103 9.9964E-05 9.9964E-05
9.99821E-05 0.0183139 0.0254799 0.288723 0.663731 9.99821E-05 0.00355216
9.9973E-05 0.0675697 9.9973E-05 0.187806 0.689523 0.0548018 9.9973E-05
0.226099 9.99731E-05 9.99731E-05 0.3973 0.159046 0.217256 9.99731E-05
9.99551E-05 9.99551E-05 9.99551E-05 9.99551E-05 0.999292 0.000208466 9.99551E-05
9.9973E-05 0.018484 9.9973E-05 0.797962 0.118073 0.0651812 9.9973E-05
0.115571 0.169691 0.642899 9.99729E-05 0.0715386 9.99729E-05 9.99729E-05
0.0123761 9.99639E-05 0.0197661 9.99639E-05 0.967458 9.99639E-05 9.99639E-05
0.960358 9.99552E-05 9.99552E-05 9.99552E-05 0.0391422 9.99552E-05 9.99552E-05
0.581748 0.0207377 9.9991E-05 0.10276 0.0406352 0.213894 0.0401251
0.234042 0.378223 0.176267 9.9982E-05 0.147699 9.9982E-05 0.063569
0.815511 0.0352816 9.9973E-05 9.9973E-05 0.143316 9.9973E-05 0.00559185
0.832953 0.0236032 9.9982E-05 9.9982E-05 0.104909 0.0301554 0.00817984
0.657937 0.116497 0.0825762 9.99819E-05 9.99819E-05 0.119843 0.0229466
0.503249 9.99639E-05 0.187387 9.99639E-05 9.99639E-05 0.308965 9.99639E-05
0.623774 0.125115 0.128713 0.0322439 9.9991E-05 0.0720749 0.01798
0.437286 0.172011 0.186452 0.0226021 9.9991E-05 0.0766522 0.104897
0.612606 0.0788151 0.083179 9.9991E-05 0.0710931 0.101648 0.0525586
0.40616 0.103356 0.308863 0.0855448 0.0958768 9.9982E-05 9.9982E-05
0.9994 9.995E-05 9.995E-05 9.995E-05 9.995E-05 9.995E-05 9.995E-05
9.995E-05 9.995E-05 9.995E-05 0.9994 9.995E-05 9.995E-05 9.995E-05
9.995E-05 9.995E-05 9.995E-05 0.9994 9.995E-05 9.995E-05 9.995E-05
9.99501E-05 9.99501E-05 9.99501E-05 0.9994 9.99501E-05 9.99501E-05 9.99501E-05
9.995E-05 9.995E-05 9.995E-05 0.9994 9.995E-05 9.995E-05 9.995E-05
9.995E-05 9.995E-05 9.995E-05 0.9994 9.995E-05 9.995E-05 9.995E-05
9.9991E-05 0.0406691 0.0438672 0.493709 0.251205 0.13933 0.0311203
0.0131323 9.9955E-05 9.9955E-05 0.986368 9.9955E-05 9.9955E-05 9.9955E-05
0.941416 9.9955E-05 0.0580839 9.9955E-05 9.9955E-05 9.9955E-05 9.9955E-05
0.205767 9.99729E-05 9.99729E-05 0.362091 0.134185 0.297656 9.99729E-05
0.0175196 9.99549E-05 9.99549E-05 9.99549E-05 0.981981 9.99549E-05 9.99549E-05
0.0765147 9.9973E-05 0.888969 0.0190266 9.9973E-05 0.0151894 9.9973E-05
0.504955 0.00716647 0.281196 9.9982E-05 0.0386029 0.16788 9.9982E-05
9.99551E-05 9.99551E-05 0.957739 9.99551E-05 9.99551E-05 0.0417611 9.99551E-05
0.106798 9.99639E-05 0.884555 9.99639E-05 9.99639E-05 0.00824742 9.99639E-05
0.0646779 0.0523028 0.882619 9.99639E-05 9.99639E-05 9.99639E-05 9.99639E-05
0.0661451 9.99551E-05 9.99551E-05 9.99551E-05 9.99551E-05 9.99551E-05 0.933355
9.995E-05 9.995E-05 9.995E-05 9.995E-05 0.9994 9.995E-05 9.995E-05
0.248464 0.197696 9.9991E-05 0.213356 0.170606 0.109608 0.0601707
9.99731E-05 9.99731E-05 0.00552786 0.0094932 0.964284 0.0203948 9.99731E-05
0.0319995 9.9964E-05 9.9964E-05 0.0115648 0.956036 9.9964E-05 9.9964E-05
9.9964E-05 9.9964E-05 0.0228269 0.0601708 0.916602 9.9964E-05 9.9964E-05
9.9973E-05 9.9973E-05 9.9973E-05 0.0539644 0.935515 0.00029736 0.00992307
0.0699249 9.99731E-05 9.99731E-05 0.0258457 0.899493 0.0044361 9.99731E-05
9.9964E-05 0.00813231 0.00303768 9.9964E-05 0.98843 9.9964E-05 9.9964E-05
9.99642E-05 9.99642E-05 9.99642E-05 0.338633 0.499177 0.16179 9.99642E-05
9.99731E-05 9.99731E-05 0.00510186 0.144148 0.514612 0.335839 9.99731E-05
0.033663 9.99551E-05 9.99551E-05 9.99551E-05 0.965837 9.99551E-05 9.99551E-05
0.561133 0.0783062 0.026026 9.99819E-05 0.0400186 0.294316 9.99819E-05
0.508983 0.066869 0.0639032 0.0175861 0.0465715 0.295988 9.9991E-05
9.995E-05 0.9994 9.995E-05 9.995E-05 9.995E-05 9.995E-05 9.995E-05
9.995E-05 0.9994 9.995E-05 9.995E-05 9.995E-05 9.995E-05 9.995E-05
0.643448 0.0978447 0.0149985 0.00351918 9.9991E-05 0.237361 0.00272849
0.627677 0.0580359 0.0234635 9.99819E-05 9.99819E-05 0.260561 0.0300632
9.995E-05 0.9994 9.995E-05 9.995E-05 9.995E-05 9.995E-05 9.995E-05
9.995E-05 0.9994 9.995E-05 9.995E-05 9.995E-05 9.995E-05 9.995E-05
0.955228 9.99551E-05 0.0442721 9.99551E-05 9.99551E-05 9.99551E-05 9.99551E-05
0.4712 9.99729E-05 0.197289 9.99729E-05 9.99729E-05 0.264504 0.0667068
0.14848 9.99729E-05 9.99729E-05 0.36382 0.121907 0.365494 9.99729E-05
0.101259 0.272533 0.431845 9.9982E-05 0.0753773 9.9982E-05 0.118785
0.20363 0.259946 0.463115 9.99731E-05 9.99731E-05 9.99731E-05 0.0730089
9.99821E-05 0.0352753 9.99821E-05 0.227305 0.596048 0.114779 0.0263923
