9.99549E-05 0.0275935 0.0169901 9.99549E-05 9.99549E-05 0.954917 9.99549E-05 9.99549E-05
9.9982E-05 0.000931371 0.0256044 9.9982E-05 0.409475 0.170304 0.083642 0.309844
0.0862195 9.99822E-05 0.0604674 0.0305227 0.00369342 9.99822E-05 0.0416386 0.777258
9.9964E-05 0.0084275 0.025915 9.9964E-05 9.9964E-05 9.9964E-05 0.0127701 0.952488
9.997E-05 0.104451 9.997E-05 9.997E-05 0.249958 0.0780081 0.115361 0.451922
9.9955E-05 0.0054481 9.9955E-05 9.9955E-05 9.9955E-05 0.0186492 9.9955E-05 0.975403
0.0679919 9.99461E-05 9.99461E-05 9.99461E-05 0.931408 9.99461E-05 9.99461E-05 9.99461E-05
9.99731E-05 0.0995271 0.00707072 9.99731E-05 0.122384 9.99731E-05 0.316671 0.454048
9.9946E-05 9.9946E-05 9.9946E-05 9.9946E-05 0.984719 9.9946E-05 0.014681 9.9946E-05
9.994E-05 0.9993 9.994E-05 9.994E-05 9.994E-05 9.994E-05 9.994E-05 9.994E-05
9.994E-05 0.9993 9.994E-05 9.994E-05 9.994E-05 9.994E-05 9.994E-05 9.994E-05
0.156617 9.9964E-05 0.147672 9.9964E-05 9.9964E-05 0.666445 9.9964E-05 0.028866
0.998465 9.99461E-05 9.99461E-05 9.99461E-05 9.99461E-05 9.99461E-05 9.99461E-05 0.000935803
0.0101144 9.9973E-05 0.012387 0.00614412 9.9973E-05 0.0328342 9.9973E-05 0.93822
9.9955E-05 0.0057547 9.9955E-05 9.9955E-05 9.9955E-05 0.0500521 9.9955E-05 0.943693
0.236728 0.163021 0.0543482 9.99729E-05 0.437103 0.1085 9.99729E-05 9.99729E-05
0.250768 0.386451 0.288456 0.0736572 9.9982E-05 0.000139077 9.9982E-05 0.000327717
9.99729E-05 0.100945 9.99729E-05 0.709874 0.086398 0.0458027 0.0566803 9.99729E-05
9.9946E-05 9.9946E-05 0.0852722 0.914128 9.9946E-05 9.9946E-05 9.9946E-05 9.9946E-05
0.0846981 0.593456 0.100362 9.9973E-05 0.0418654 0.179318 9.9973E-05 9.9973E-05
9.994E-05 9.994E-05 9.994E-05 0.9993 9.994E-05 9.994E-05 9.994E-05 9.994E-05
0.121252 0.161537 0.0553664 9.9982E-05 0.0368117 0.619785 0.00504806 9.9982E-05
9.9973E-05 0.326901 0.260995 0.39501 9.9973E-05 9.9973E-05 0.00208726 0.0147059
9.99549E-05 0.014232 0.084914 0.900354 9.99549E-05 9.99549E-05 9.99549E-05 9.99549E-05
9.994E-05 9.994E-05 9.994E-05 9.994E-05 9.994E-05 9.994E-05 9.994E-05 0.9993
9.994E-05 9.994E-05 9.994E-05 9.994E-05 9.994E-05 9.994E-05 9.994E-05 0.9993
0.787137 0.0846244 0.0573353 9.99729E-05 9.99729E-05 0.0639217 0.00668181 9.99729E-05
0.017669 9.9955E-05 9.9955E-05 9.9955E-05 9.9955E-05 9.9955E-05 0.0897592 0.892072
0.0067327 9.9964E-05 9.9964E-05 9.9964E-05 0.0266071 9.9964E-05 0.0623548 0.903906
0.0167239 9.99731E-05 0.0302909 0.024737 9.99731E-05 9.99731E-05 0.231727 0.696222
9.99731E-05 0.0090084 0.02015 0.00384523 9.99731E-05 9.99731E-05 0.272951 0.693746
9.99641E-05 9.99641E-05 9.99641E-05 9.99641E-05 0.552186 0.0548851 0.317272 0.0752574
9.99461E-05 9.99461E-05 9.99461E-05 9.99461E-05 0.00748935 9.99461E-05 9.99461E-05 0.991911
0.0276921 9.99641E-05 0.00451028 9.99641E-05 9.99641E-05 9.99641E-05 0.825559 0.141839
0.598041 0.14099 0.168771 9.99729E-05 9.99729E-05 0.0177001 9.99729E-05 0.0741985
0.0206661 9.99639E-05 0.00422984 9.99639E-05 0.0182035 9.99639E-05 9.99639E-05 0.956501
9.9946E-05 9.9946E-05 9.9946E-05 9.9946E-05 9.9946E-05 0.97522 9.9946E-05 0.0241801
9.9973E-05 0.733947 9.9973E-05 9.9973E-05 0.0622069 0.121802 0.0298978 0.0518468
0.159004 0.287847 0.337452 0.0641359 9.9973E-05 9.9973E-05 9.9973E-05 0.151261
9.99639E-05 0.501043 0.0327508 9.99639E-05 9.99639E-05 0.347534 9.99639E-05 0.118273
9.99729E-05 0.430304 0.04528 9.99729E-05 0.091849 0.351968 9.99729E-05 0.0802991
9.9946E-05 0.988791 9.9946E-05 9.9946E-05 9.9946E-05 0.0106095 9.9946E-05 9.9946E-05
0.148096 0.13486 9.99638E-05 9.99638E-05 0.565233 0.151411 9.99638E-05 9.99638E-05
0.0358538 0.920373 9.9964E-05 9.9964E-05 9.9964E-05 0.0321452 0.0112278 9.9964E-05
0.207694 0.462808 0.114086 0.092995 0.0267258 0.0898553 0.00573566 9.9991E-05
0.117239 0.621772 0.0138044 0.0269215 9.9982E-05 0.146506 9.9982E-05 0.0735566
0.27317 0.261351 0.10823 9.9982E-05 9.9982E-05 0.195459 0.0610878 0.100503
9.99464E-05 9.99464E-05 9.99464E-05 0.00778334 9.99464E-05 0.991617 9.99464E-05 9.99464E-05
9.994E-05 9.994E-05 9.994E-05 9.994E-05 9.994E-05 9.994E-05 0.9993 9.994E-05
9.9946E-05 9.9946E-05 9.9946E-05 0.00219585 9.9946E-05 9.9946E-05 0.997204 9.9946E-05
9.994E-05 9.994E-05 9.994E-05 9.994E-05 9.994E-05 9.994E-05 0.9993 9.994E-05
9.994E-05 9.994E-05 9.994E-05 9.994E-05 9.994E-05 9.994E-05 0.9993 9.994E-05
9.994E-05 9.994E-05 9.994E-05 9.994E-05 9.994E-05 9.994E-05 0.9993 9.994E-05
9.99731E-05 0.0408017 9.99731E-05 0.037938 0.213167 9.99731E-05 0.476025 0.231769
9.9946E-05 9.9946E-05 0.0103705 9.9946E-05 9.9946E-05 9.9946E-05 0.98903 9.9946E-05
0.0746665 9.99549E-05 9.99549E-05 9.99549E-05 0.0352566 0.889577 9.99549E-05 9.99549E-05
9.99639E-05 9.99639E-05 9.99639E-05 9.99639E-05 0.574878 0.0520939 0.283791 0.088837
9.994E-05 9.994E-05 9.994E-05 9.994E-05 9.994E-05 9.994E-05 9.994E-05 0.9993
0.86135 9.9964E-05 0.0366482 9.9964E-05 0.0506587 0.0509435 9.9964E-05 9.9964E-05
0.258738 9.9964E-05 0.0321816 9.9964E-05 0.485898 0.222782 9.9964E-05 9.9964E-05
0.942842 9.99461E-05 9.99461E-05 9.99461E-05 0.0565583 9.99461E-05 9.99461E-05 9.99461E-05
0.927942 0.0633223 9.99549E-05 9.99549E-05 9.99549E-05 0.00823638 9.99549E-05 9.99549E-05
0.856137 0.102543 0.040821 9.99549E-05 9.99549E-05 9.99549E-05 9.99549E-05 9.99549E-05
9.99551E-05 0.0140147 9.99551E-05 0.897681 9.99551E-05 0.0878044 9.99551E-05 9.99551E-05
9.994E-05 9.994E-05 9.994E-05 9.994E-05 9.994E-05 9.994E-05 9.994E-05 0.9993
0.177993 0.230611 0.104447 0.0814371 9.9991E-05 0.0459064 0.0536007 0.305904
0.0448956 9.99462E-05 9.99462E-05 9.99462E-05 9.99462E-05 9.99462E-05 9.99462E-05 0.954505
9.9946E-05 9.9946E-05 9.9946E-05 9.9946E-05 9.9946E-05 0.0424504 9.9946E-05 0.95695
9.9955E-05 9.9955E-05 9.9955E-05 9.9955E-05 0.105375 9.9955E-05 0.00198068 0.892144
9.9955E-05 9.9955E-05 9.9955E-05 9.9955E-05 0.0773516 0.0111163 9.9955E-05 0.911032
9.99641E-05 0.0136398 0.0293908 9.99641E-05 9.99641E-05 0.0439389 9.99641E-05 0.912631
0.00847902 9.99459E-05 9.99459E-05 9.99459E-05 9.99459E-05 9.99459E-05 9.99459E-05 0.990921
9.99553E-05 9.99553E-05 9.99553E-05 9.99553E-05 0.131457 9.99553E-05 0.339697 0.528346
0.0465701 9.99642E-05 9.99642E-05 9.99642E-05 0.275959 9.99642E-05 0.163943 0.513128
9.9964E-05 0.018747 0.0127983 9.9964E-05 9.9964E-05 0.00862948 9.9964E-05 0.959425
9.99638E-05 0.125182 0.110642 9.99638E-05 0.646481 0.117295 9.99638E-05 9.99638E-05
0.0382703 0.0955143 0.0970201 9.99729E-05 0.676762 0.0921331 9.99729E-05 9.99729E-05
9.994E-05 9.994E-05 0.9993 9.994E-05 9.994E-05 9.994E-05 9.994E-05 9.994E-05
9.994E-05 9.994E-05 0.9993 9.994E-05 9.994E-05 9.994E-05 9.994E-05 9.994E-05
9.9964E-05 0.850355 9.9964E-05 9.9964E-05 0.0512383 0.063123 9.9964E-05 0.0348841
0.042518 0.815361 9.9964E-05 9.9964E-05 0.103766 0.0379553 9.9964E-05 9.9964E-05
9.9955E-05 9.9955E-05 0.985572 9.9955E-05 0.0131202 9.9955E-05 0.000807883 9.9955E-05
9.994E-05 9.994E-05 0.9993 9.994E-05 9.994E-05 9.994E-05 9.994E-05 9.994E-05
0.02189 9.99459E-05 9.99459E-05 9.99459E-05 9.99459E-05 0.97751 9.99459E-05 9.99459E-05
0.21253 0.301988 9.99729E-05 0.0566253 0.326297 0.10226 9.99729E-05 9.99729E-05
9.9964E-05 9.9964E-05 9.9964E-05 9.9964E-05 0.572938 0.0454698 0.32254 0.058652
0.362398 0.276404 0.192021 0.117988 9.99731E-05 9.99731E-05 9.99731E-05 0.0508891
0.474343 9.99641E-05 0.296866 0.0657601 9.99641E-05 0.162631 9.99641E-05 9.99641E-05
9.99642E-05 9.99642E-05 9.99642E-05 0.042708 0.109322 9.99642E-05 0.232491 0.615079
