9.98739E-05 9.98739E-05 9.98739E-05 9.98739E-05 9.98739E-05 0.952589 9.98739E-05 9.98739E-05 9.98739E-05 9.98739E-05 9.98739E-05 9.98739E-05 0.0460132 9.98739E-05 9.98739E-05 9.98739E-05
9.991E-05 0.0128832 9.991E-05 0.702751 9.991E-05 0.00204321 9.991E-05 9.991E-05 9.991E-05 9.991E-05 0.17217 9.991E-05 9.991E-05 9.991E-05 0.0204832 0.0886703
9.98651E-05 9.98651E-05 9.98651E-05 9.98651E-05 9.98651E-05 9.98651E-05 9.98651E-05 9.98651E-05 9.98651E-05 9.98651E-05 9.98651E-05 9.98651E-05 9.98651E-05 9.98651E-05 0.998502 9.98651E-05
9.98921E-05 9.98921E-05 9.98921E-05 9.98921E-05 9.98921E-05 9.98921E-05 9.98921E-05 0.0391479 0.0162515 9.98921E-05 9.98921E-05 9.98921E-05 9.98921E-05 0.00624477 9.98921E-05 0.937157
9.99461E-05 0.0308207 0.163004 0.0907277 0.180157 0.0115218 9.99461E-05 9.99461E-05 9.99461E-05 9.99461E-05 0.0975535 9.99461E-05 0.0525845 0.075523 0.0188948 0.278613
9.98921E-05 9.98921E-05 9.98921E-05 9.98921E-05 9.98921E-05 9.98921E-05 9.98921E-05 9.98921E-05 0.0271159 9.98921E-05 0.044373 9.98921E-05 9.98921E-05 9.98921E-05 0.0130629 0.91425
9.98651E-05 9.98651E-05 9.98651E-05 9.98651E-05 0.998502 9.98651E-05 9.98651E-05 9.98651E-05 9.98651E-05 9.98651E-05 9.98651E-05 9.98651E-05 9.98651E-05 9.98651E-05 9.98651E-05 9.98651E-05
9.99008E-05 9.99008E-05 0.684984 0.158667 9.99008E-05 9.99008E-05 9.99008E-05 9.99008E-05 9.99008E-05 9.99008E-05 9.99008E-05 9.99008E-05 0.0674384 0.0326205 0.0551912 9.99008E-05
9.99009E-05 0.00442558 9.99009E-05 0.0598249 0.912765 9.99009E-05 0.00682836 9.99009E-05 9.99009E-05 9.99009E-05 9.99009E-05 9.99009E-05 9.99009E-05 0.0150568 9.99009E-05 9.99009E-05
9.98741E-05 9.98741E-05 9.98741E-05 9.98741E-05 0.102162 9.98741E-05 9.98741E-05 9.98741E-05 9.98741E-05 9.98741E-05 9.98741E-05 9.98741E-05 0.89644 9.98741E-05 9.98741E-05 9.98741E-05
9.98602E-05 9.98602E-05 9.98602E-05 9.98602E-05 0.109625 9.98602E-05 9.98602E-05 9.98602E-05 9.98602E-05 9.98602E-05 9.98602E-05 9.98602E-05 0.888977 9.98602E-05 9.98602E-05 9.98602E-05
9.99011E-05 9.99011E-05 9.99011E-05 9.99011E-05 9.99011E-05 0.712945 9.99011E-05 0.126363 0.00266934 0.120574 9.99011E-05 9.99011E-05 9.99011E-05 9.99011E-05 0.0363503 9.99011E-05
9.98833E-05 9.98833E-05 0.0251077 9.98833E-05 0.0149775 9.98833E-05 9.98833E-05 9.98833E-05 9.98833E-05 0.958616 9.98833E-05 9.98833E-05 9.98833E-05 9.98833E-05 9.98833E-05 9.98833E-05
9.99011E-05 0.0185556 9.99011E-05 0.000652585 9.99011E-05 9.99011E-05 9.99011E-05 9.99011E-05 9.99011E-05 9.99011E-05 0.0244591 0.0489927 9.99011E-05 9.99011E-05 9.99011E-05 0.906241
9.98921E-05 9.98921E-05 9.98921E-05 9.98921E-05 9.98921E-05 0.00161713 9.98921E-05 9.98921E-05 9.98921E-05 9.98921E-05 0.0469701 0.0289532 9.98921E-05 9.98921E-05 9.98921E-05 0.921261
9.9892E-05 0.0470088 9.9892E-05 9.9892E-05 9.9892E-05 9.9892E-05 0.801885 9.9892E-05 9.9892E-05 0.125198 9.9892E-05 9.9892E-05 0.0247098 9.9892E-05 9.9892E-05 9.9892E-05
9.98737E-05 0.934715 9.98737E-05 9.98737E-05 9.98737E-05 9.98737E-05 9.98737E-05 9.98737E-05 9.98737E-05 9.98737E-05 9.98737E-05 9.98737E-05 0.063887 9.98737E-05 9.98737E-05 9.98737E-05
9.98827E-05 9.98827E-05 9.98827E-05 9.98827E-05 9.98827E-05 9.98827E-05 9.98827E-05 9.98827E-05 9.98827E-05 9.98827E-05 0.136481 0.801028 0.0611933 9.98827E-05 9.98827E-05 9.98827E-05
0.960793 9.9874E-05 9.9874E-05 9.9874E-05 9.9874E-05 9.9874E-05 9.9874E-05 0.0378091 9.9874E-05 9.9874E-05 9.9874E-05 9.9874E-05 9.9874E-05 9.9874E-05 9.9874E-05 9.9874E-05
9.99009E-05 0.130925 9.99009E-05 9.99009E-05 9.99009E-05 0.108545 0.306937 0.0119143 9.99009E-05 9.99009E-05 9.99009E-05 9.99009E-05 0.44058 9.99009E-05 9.99009E-05 9.99009E-05
9.98649E-05 9.98649E-05 9.98649E-05 9.98649E-05 9.98649E-05 9.98649E-05 9.98649E-05 9.98649E-05 9.98649E-05 9.98649E-05 9.98649E-05 0.998502 9.98649E-05 9.98649E-05 9.98649E-05 9.98649E-05
9.9919E-05 0.0726674 9.9919E-05 9.9919E-05 9.9919E-05 0.409993 0.221081 0.00328017 9.9919E-05 0.0423094 0.227442 9.9919E-05 0.0223269 9.9919E-05 9.9919E-05 9.9919E-05
9.9901E-05 0.329063 9.9901E-05 9.9901E-05 9.9901E-05 9.9901E-05 9.9901E-05 0.173241 9.9901E-05 9.9901E-05 9.9901E-05 0.417044 0.0775514 0.00200095 9.9901E-05 9.9901E-05
0.624898 0.0835046 9.98829E-05 9.98829E-05 9.98829E-05 9.98829E-05 9.98829E-05 9.98829E-05 9.98829E-05 9.98829E-05 9.98829E-05 0.290299 9.98829E-05 9.98829E-05 9.98829E-05 9.98829E-05
9.98834E-05 9.98834E-05 9.98834E-05 9.98834E-05 0.00327399 9.98834E-05 9.98834E-05 9.98834E-05 9.98834E-05 9.98834E-05 9.98834E-05 9.98834E-05 9.98834E-05 9.98834E-05 0.0142616 0.981166
9.98655E-05 9.98655E-05 9.98655E-05 9.98655E-05 9.98655E-05 9.98655E-05 9.98655E-05 9.98655E-05 9.98655E-05 9.98655E-05 9.98655E-05 9.98655E-05 9.98655E-05 9.98655E-05 9.98655E-05 0.998502
9.99008E-05 0.0214116 9.99008E-05 9.99008E-05 9.99008E-05 0.0991288 9.99008E-05 0.0410201 9.99008E-05 0.760181 9.99008E-05 9.99008E-05 0.0771594 9.99008E-05 9.99008E-05 9.99008E-05
9.99101E-05 9.99101E-05 9.99101E-05 0.00593933 0.0023967 9.99101E-05 0.00422138 9.99101E-05 9.99101E-05 0.00385316 9.99101E-05 9.99101E-05 9.99101E-05 0.0584112 9.99101E-05 0.924179
9.98921E-05 9.98921E-05 9.98921E-05 9.98921E-05 9.98921E-05 9.98921E-05 0.0294972 9.98921E-05 0.0259232 9.98921E-05 9.98921E-05 9.98921E-05 9.98921E-05 0.0628021 9.98921E-05 0.880579
0.0400812 9.99191E-05 0.280585 9.99191E-05 9.99191E-05 0.00741445 9.99191E-05 0.03062 9.99191E-05 0.0151471 9.99191E-05 9.99191E-05 9.99191E-05 0.125333 9.99191E-05 0.49992
9.99009E-05 0.0136725 0.655281 9.99009E-05 9.99009E-05 9.99009E-05 9.99009E-05 0.0296359 9.99009E-05 9.99009E-05 9.99009E-05 9.99009E-05 9.99009E-05 0.0039172 9.99009E-05 0.296394
9.98653E-05 9.98653E-05 9.98653E-05 0.998502 9.98653E-05 9.98653E-05 9.98653E-05 9.98653E-05 9.98653E-05 9.98653E-05 9.98653E-05 9.98653E-05 9.98653E-05 9.98653E-05 9.98653E-05 9.98653E-05
9.98742E-05 9.98742E-05 0.174525 9.98742E-05 9.98742E-05 9.98742E-05 9.98742E-05 9.98742E-05 9.98742E-05 9.98742E-05 9.98742E-05 9.98742E-05 9.98742E-05 9.98742E-05 9.98742E-05 0.824077
9.98922E-05 9.98922E-05 0.285608 0.021642 9.98922E-05 9.98922E-05 9.98922E-05 9.98922E-05 9.98922E-05 9.98922E-05 9.98922E-05 9.98922E-05 9.98922E-05 0.666364 0.0251866 9.98922E-05
9.99097E-05 0.246726 0.0589423 9.99097E-05 9.99097E-05 0.0206612 9.99097E-05 0.0945518 9.99097E-05 0.475548 0.102571 9.99097E-05 9.99097E-05 9.99097E-05 9.99097E-05 9.99097E-05
9.98919E-05 0.0252884 0.00869346 9.98919E-05 0.0167077 9.98919E-05 9.98919E-05 9.98919E-05 9.98919E-05 9.98919E-05 9.98919E-05 9.98919E-05 9.98919E-05 9.98919E-05 9.98919E-05 0.948112
9.98831E-05 9.98831E-05 0.0426531 9.98831E-05 9.98831E-05 0.945539 9.98831E-05 9.98831E-05 9.98831E-05 9.98831E-05 9.98831E-05 9.98831E-05 9.98831E-05 9.98831E-05 0.010509 9.98831E-05
9.99099E-05 9.99099E-05 9.99099E-05 0.191809 9.99099E-05 0.0558045 9.99099E-05 9.99099E-05 0.00900843 9.99099E-05 0.0686161 9.99099E-05 0.632884 9.99099E-05 0.0408795 9.99099E-05
9.98738E-05 0.963625 0.0349769 9.98738E-05 9.98738E-05 9.98738E-05 9.98738E-05 9.98738E-05 9.98738E-05 9.98738E-05 9.98738E-05 9.98738E-05 9.98738E-05 9.98738E-05 9.98738E-05 9.98738E-05
9.98651E-05 9.98651E-05 9.98651E-05 9.98651E-05 9.98651E-05 9.98651E-05 9.98651E-05 9.98651E-05 9.98651E-05 9.98651E-05 0.998502 9.98651E-05 9.98651E-05 9.98651E-05 9.98651E-05 9.98651E-05
9.9874E-05 9.9874E-05 9.9874E-05 9.9874E-05 9.9874E-05 0.000377671 9.9874E-05 9.9874E-05 9.9874E-05 9.9874E-05 0.998224 9.9874E-05 9.9874E-05 9.9874E-05 9.9874E-05 9.9874E-05
0.0108038 0.0101638 9.99009E-05 9.99009E-05 9.99009E-05 0.0390921 9.99009E-05 9.99009E-05 9.99009E-05 9.99009E-05 0.0598048 9.99009E-05 0.879037 9.99009E-05 9.99009E-05 9.99009E-05
0.0225952 9.9919E-05 9.9919E-05 9.9919E-05 0.0751689 0.00876719 0.810873 9.9919E-05 9.9919E-05 0.0370232 0.0159255 9.9919E-05 0.0287483 9.9919E-05 9.9919E-05 9.9919E-05
9.9892E-05 0.0407878 9.9892E-05 9.9892E-05 9.9892E-05 0.0245988 9.9892E-05 9.9892E-05 9.9892E-05 0.0168935 9.9892E-05 9.9892E-05 0.916521 9.9892E-05 9.9892E-05 9.9892E-05
0.12083 0.000434364 9.9937E-05 0.0620858 9.9937E-05 0.00294951 0.0256826 0.0897386 9.9937E-05 0.149218 0.130423 9.9937E-05 0.417939 9.9937E-05 9.9937E-05 9.9937E-05
0.0565269 9.9937E-05 0.0266731 9.9937E-05 9.9937E-05 0.0691512 0.145153 9.9937E-05 0.0217979 9.9937E-05 0.190384 9.9937E-05 0.464159 9.9937E-05 0.0186197 0.0068357
9.99191E-05 0.278156 9.99191E-05 9.99191E-05 0.00771773 0.177207 9.99191E-05 9.99191E-05 9.99191E-05 0.101818 9.99191E-05 9.99191E-05 0.303227 0.0379284 9.99191E-05 0.0930465
9.98747E-05 9.98747E-05 9.98747E-05 9.98747E-05 9.98747E-05 0.957121 9.98747E-05 9.98747E-05 9.98747E-05 9.98747E-05 9.98747E-05 0.0414812 9.98747E-05 9.98747E-05 9.98747E-05 9.98747E-05
9.98742E-05 9.98742E-05 9.98742E-05 9.98742E-05 9.98742E-05 9.98742E-05 9.98742E-05 9.98742E-05 0.00944405 9.98742E-05 9.98742E-05 9.98742E-05 9.98742E-05 0.989158 9.98742E-05 9.98742E-05
9.98651E-05 9.98651E-05 9.98651E-05 9.98651E-05 9.98651E-05 9.98651E-05 9.98651E-05 9.98651E-05 9.98651E-05 9.98651E-05 9.98651E-05 9.98651E-05 9.98651E-05 0.998502 9.98651E-05 9.98651E-05
0.00307275 9.98742E-05 9.98742E-05 9.98742E-05 9.98742E-05 9.98742E-05 9.98742E-05 9.98742E-05 9.98742E-05 9.98742E-05 9.98742E-05 9.98742E-05 9.98742E-05 0.995529 9.98742E-05 9.98742E-05
0.000789927 9.98922E-05 9.98922E-05 0.00455636 9.98922E-05 9.98922E-05 9.98922E-05 9.98922E-05 9.98922E-05 9.98922E-05 9.98922E-05 0.00162816 9.98922E-05 0.991827 9.98922E-05 9.98922E-05
9.98743E-05 9.98743E-05 9.98743E-05 9.98743E-05 9.98743E-05 9.98743E-05 9.98743E-05 9.98743E-05 9.98743E-05 9.98743E-05 9.98743E-05 9.98743E-05 9.98743E-05 0.995408 0.0031934 9.98743E-05
9.99282E-05 9.99282E-05 0.387842 0.0392603 9.99282E-05 9.99282E-05 0.0120233 9.99282E-05 0.0284814 0.0364768 9.99282E-05 0.0522399 0.0676749 0.375202 9.99282E-05 9.99282E-05
9.98831E-05 9.98831E-05 9.98831E-05 0.0716298 9.98831E-05 9.98831E-05 0.00663791 9.98831E-05 9.98831E-05 9.98831E-05 9.98831E-05 9.98831E-05 9.98831E-05 0.920434 9.98831E-05 9.98831E-05
9.98739E-05 9.98739E-05 9.98739E-05 9.98739E-05 9.98739E-05 0.807319 0.191283 9.98739E-05 9.98739E-05 9.98739E-05 9.98739E-05 9.98739E-05 9.98739E-05 9.98739E-05 9.98739E-05 9.98739E-05
9.99009E-05 9.99009E-05 9.99009E-05 0.896292 0.0514876 9.99009E-05 0.0108416 0.00893244 9.99009E-05 9.99009E-05 9.99009E-05 9.99009E-05 9.99009E-05 0.0313473 9.99009E-05 9.99009E-05
9.9883E-05 9.9883E-05 9.9883E-05 9.9883E-05 9.9883E-05 9.9883E-05 9.9883E-05 9.9883E-05 0.000942257 9.9883E-05 0.0187812 9.9883E-05 9.9883E-05 9.9883E-05 9.9883E-05 0.978978
9.99011E-05 9.99011E-05 9.99011E-05 9.99011E-05 9.99011E-05 0.0215526 0.0256846 0.0118684 9.99011E-05 0.812256 0.12754 9.99011E-05 9.99011E-05 9.99011E-05 9.99011E-05 9.99011E-05
9.98923E-05 9.98923E-05 9.98923E-05 9.98923E-05 9.98923E-05 0.0323937 0.894672 9.98923E-05 9.98923E-05 0.0666596 9.98923E-05 9.98923E-05 9.98923E-05 9.98923E-05 0.00507618 9.98923E-05
9.98744E-05 9.98744E-05 9.98744E-05 9.98744E-05 0.052272 9.98744E-05 9.98744E-05 9.98744E-05 9.98744E-05 0.94633 9.98744E-05 9.98744E-05 9.98744E-05 9.98744E-05 9.98744E-05 9.98744E-05
9.98829E-05 9.98829E-05 9.98829E-05 9.98829E-05 9.98829E-05 9.98829E-05 9.98829E-05 9.98829E-05 9.98829E-05 0.898879 0.00654646 9.98829E-05 0.0932759 9.98829E-05 9.98829E-05 9.98829E-05
9.99008E-05 0.0173104 9.99008E-05 9.99008E-05 9.99008E-05 9.99008E-05 9.99008E-05 0.0706608 9.99008E-05 0.818597 0.0828972 9.99008E-05 0.00943588 9.99008E-05 9.99008E-05 9.99008E-05
0.970566 9.98741E-05 9.98741E-05 9.98741E-05 9.98741E-05 9.98741E-05 9.98741E-05 9.98741E-05 9.98741E-05 9.98741E-05 9.98741E-05 9.98741E-05 9.98741E-05 0.0280359 9.98741E-05 9.98741E-05
9.98925E-05 9.98925E-05 9.98925E-05 9.98925E-05 0.0177089 9.98925E-05 9.98925E-05 0.00387163 9.98925E-05 9.98925E-05 9.98925E-05 9.98925E-05 9.98925E-05 9.98925E-05 0.0826062 0.894615
9.98652E-05 9.98652E-05 9.98652E-05 9.98652E-05 9.98652E-05 9.98652E-05 9.98652E-05 9.98652E-05 0.998502 9.98652E-05 9.98652E-05 9.98652E-05 9.98652E-05 9.98652E-05 9.98652E-05 9.98652E-05
9.98834E-05 9.98834E-05 9.98834E-05 9.98834E-05 9.98834E-05 9.98834E-05 0.027456 9.98834E-05 9.98834E-05 9.98834E-05 9.98834E-05 9.98834E-05 9.98834E-05 9.98834E-05 0.144693 0.826553
9.991E-05 0.017345 0.0455072 9.991E-05 0.000800752 9.991E-05 9.991E-05 9.991E-05 9.991E-05 9.991E-05 0.0390435 9.991E-05 9.991E-05 0.0321818 9.991E-05 0.864123
9.991E-05 9.991E-05 0.0198818 9.991E-05 0.0185198 9.991E-05 0.0470869 9.991E-05 0.00769337 9.991E-05 9.991E-05 9.991E-05 9.991E-05 0.0122928 9.991E-05 0.893526
9.99191E-05 9.99191E-05 9.99191E-05 0.0384332 0.0105071 9.99191E-05 0.0173303 9.99191E-05 9.99191E-05 9.99191E-05 9.99191E-05 0.0167959 9.99191E-05 0.0273335 0.00113677 0.887564
9.98922E-05 9.98922E-05 0.176726 9.98922E-05 9.98922E-05 9.98922E-05 9.98922E-05 9.98922E-05 9.98922E-05 9.98922E-05 0.0508795 9.98922E-05 0.011941 9.98922E-05 9.98922E-05 0.759255
9.9892E-05 9.9892E-05 0.02138 9.9892E-05 9.9892E-05 9.9892E-05 9.9892E-05 9.9892E-05 0.0150793 9.9892E-05 0.0378612 9.9892E-05 9.9892E-05 9.9892E-05 9.9892E-05 0.924481
9.98651E-05 9.98651E-05 0.998502 9.98651E-05 9.98651E-05 9.98651E-05 9.98651E-05 9.98651E-05 9.98651E-05 9.98651E-05 9.98651E-05 9.98651E-05 9.98651E-05 9.98651E-05 9.98651E-05 9.98651E-05
9.98832E-05 9.98832E-05 0.898632 9.98832E-05 0.0968134 9.98832E-05 9.98832E-05 9.98832E-05 9.98832E-05 0.00325605 9.98832E-05 9.98832E-05 9.98832E-05 9.98832E-05 9.98832E-05 9.98832E-05
9.99101E-05 9.99101E-05 9.99101E-05 9.99101E-05 9.99101E-05 9.99101E-05 0.0119943 9.99101E-05 9.99101E-05 9.99101E-05 9.99101E-05 0.0261571 0.00549837 0.0280296 0.0330844 0.894237
9.9883E-05 9.9883E-05 9.9883E-05 0.0341761 9.9883E-05 9.9883E-05 0.944532 9.9883E-05 9.9883E-05 9.9883E-05 9.9883E-05 9.9883E-05 9.9883E-05 9.9883E-05 9.9883E-05 0.019993
9.9874E-05 9.9874E-05 9.9874E-05 9.9874E-05 9.9874E-05 9.9874E-05 0.992626 9.9874E-05 9.9874E-05 9.9874E-05 9.9874E-05 9.9874E-05 9.9874E-05 0.005976 9.9874E-05 9.9874E-05
9.98742E-05 9.98742E-05 9.98742E-05 9.98742E-05 9.98742E-05 0.021907 9.98742E-05 0.976695 9.98742E-05 9.98742E-05 9.98742E-05 9.98742E-05 9.98742E-05 9.98742E-05 9.98742E-05 9.98742E-05
9.98832E-05 9.98832E-05 9.98832E-05 9.98832E-05 9.98832E-05 9.98832E-05 9.98832E-05 0.988504 9.98832E-05 9.98832E-05 9.98832E-05 9.98832E-05 9.98832E-05 9.98832E-05 0.00534685 0.00485088
9.99099E-05 9.99099E-05 9.99099E-05 0.0620656 9.99099E-05 9.99099E-05 0.0349493 9.99099E-05 0.0283485 9.99099E-05 0.0699421 9.99099E-05 0.80079 9.99099E-05 9.99099E-05 0.0029054
9.99099E-05 9.99099E-05 9.99099E-05 0.0151762 9.99099E-05 9.99099E-05 0.090467 9.99099E-05 0.0281056 0.0567365 0.0465587 9.99099E-05 0.761957 9.99099E-05 9.99099E-05 9.99099E-05
9.98743E-05 9.98743E-05 9.98743E-05 9.98743E-05 9.98743E-05 9.98743E-05 0.0105188 0.988083 9.98743E-05 9.98743E-05 9.98743E-05 9.98743E-05 9.98743E-05 9.98743E-05 9.98743E-05 9.98743E-05
9.98652E-05 9.98652E-05 9.98652E-05 9.98652E-05 9.98652E-05 9.98652E-05 9.98652E-05 0.998502 9.98652E-05 9.98652E-05 9.98652E-05 9.98652E-05 9.98652E-05 9.98652E-05 9.98652E-05 9.98652E-05
9.98919E-05 9.98919E-05 9.98919E-05 9.98919E-05 9.98919E-05 0.926174 0.0194739 9.98919E-05 9.98919E-05 0.0415404 9.98919E-05 9.98919E-05 9.98919E-05 0.0116133 9.98919E-05 9.98919E-05
0.0221884 9.99009E-05 9.99009E-05 9.99009E-05 0.12075 9.99009E-05 0.0383754 9.99009E-05 9.99009E-05 0.136621 0.680967 9.99009E-05 9.99009E-05 9.99009E-05 9.99009E-05 9.99009E-05
9.9883E-05 9.9883E-05 9.9883E-05 0.876552 0.0400156 9.9883E-05 9.9883E-05 9.9883E-05 9.9883E-05 9.9883E-05 9.9883E-05 9.9883E-05 9.9883E-05 0.0821343 9.9883E-05 9.9883E-05
0.112239 0.368871 9.99192E-05 9.99192E-05 9.99192E-05 9.99192E-05 9.99192E-05 0.0587896 0.0623831 0.184488 9.99192E-05 9.99192E-05 0.203864 9.99192E-05 9.99192E-05 0.00846656
9.99103E-05 0.559154 9.99103E-05 9.99103E-05 9.99103E-05 0.117849 0.00719748 0.095042 9.99103E-05 0.191683 0.0280746 9.99103E-05 9.99103E-05 9.99103E-05 9.99103E-05 9.99103E-05
9.98921E-05 9.98921E-05 0.777571 9.98921E-05 9.98921E-05 9.98921E-05 9.98921E-05 0.0135401 9.98921E-05 9.98921E-05 9.98921E-05 0.0260135 9.98921E-05 9.98921E-05 9.98921E-05 0.181676
