9.98829E-05 9.98829E-05 9.98829E-05 9.98829E-05 0.9279 9.98829E-05 9.98829E-05 9.98829E-05 9.98829E-05 9.98829E-05 9.98829E-05 9.98829E-05 0.00830038 9.98829E-05 9.98829E-05 0.0625016
9.98918E-05 9.98918E-05 9.98918E-05 0.706546 0.0565734 9.98918E-05 9.98918E-05 9.98918E-05 9.98918E-05 9.98918E-05 9.98918E-05 0.145252 9.98918E-05 9.98918E-05 0.0904302 9.98918E-05
9.98651E-05 0.998502 9.98651E-05 9.98651E-05 9.98651E-05 9.98651E-05 9.98651E-05 9.98651E-05 9.98651E-05 9.98651E-05 9.98651E-05 9.98651E-05 9.98651E-05 9.98651E-05 9.98651E-05 9.98651E-05
0.0287893 9.98921E-05 0.0309656 9.98921E-05 9.98921E-05 0.0487411 9.98921E-05 9.98921E-05 9.98921E-05 9.98921E-05 9.98921E-05 0.890305 9.98921E-05 9.98921E-05 9.98921E-05 9.98921E-05
9.99191E-05 0.0982832 0.00436944 0.260269 9.99191E-05 9.99191E-05 9.99191E-05 9.99191E-05 0.183427 9.99191E-05 9.99191E-05 0.249912 9.99191E-05 0.0305986 9.99191E-05 0.172242
9.9901E-05 0.0274628 9.9901E-05 9.9901E-05 9.9901E-05 9.9901E-05 9.9901E-05 9.9901E-05 0.010771 0.00487238 9.9901E-05 0.926701 9.9901E-05 0.0290939 9.9901E-05 9.9901E-05
9.98923E-05 9.98923E-05 9.98923E-05 0.316894 9.98923E-05 9.98923E-05 9.98923E-05 0.292633 0.209104 9.98923E-05 0.18017 9.98923E-05 9.98923E-05 9.98923E-05 9.98923E-05 9.98923E-05
0.0069959 9.99098E-05 0.0608078 0.101608 9.99098E-05 0.0948214 9.99098E-05 9.99098E-05 0.642207 9.99098E-05 9.99098E-05 9.99098E-05 9.99098E-05 9.99098E-05 9.99098E-05 0.0925608
9.99012E-05 9.99012E-05 9.99012E-05 0.415648 9.99012E-05 9.99012E-05 9.99012E-05 0.169432 0.156014 9.99012E-05 0.238557 9.99012E-05 9.99012E-05 9.99012E-05 9.99012E-05 0.0192499
9.98743E-05 9.98743E-05 9.98743E-05 9.98743E-05 9.98743E-05 9.98743E-05 9.98743E-05 9.98743E-05 0.0100397 9.98743E-05 9.98743E-05 9.98743E-05 9.98743E-05 9.98743E-05 9.98743E-05 0.988562
9.98654E-05 9.98654E-05 9.98654E-05 9.98654E-05 9.98654E-05 9.98654E-05 9.98654E-05 9.98654E-05 9.98654E-05 9.98654E-05 9.98654E-05 9.98654E-05 9.98654E-05 9.98654E-05 9.98654E-05 0.998502
0.127773 9.9919E-05 9.9919E-05 9.9919E-05 0.629387 0.027131 9.9919E-05 0.135846 0.0372717 9.9919E-05 9.9919E-05 0.00172168 9.9919E-05 0.0399711 9.9919E-05 9.9919E-05
9.98832E-05 9.98832E-05 9.98832E-05 9.98832E-05 9.98832E-05 9.98832E-05 9.98832E-05 0.931902 0.04558 9.98832E-05 9.98832E-05 9.98832E-05 9.98832E-05 0.0212193 9.98832E-05 9.98832E-05
9.98831E-05 9.98831E-05 9.98831E-05 0.0663963 9.98831E-05 9.98831E-05 0.00772922 9.98831E-05 9.98831E-05 9.98831E-05 9.98831E-05 0.924576 9.98831E-05 9.98831E-05 9.98831E-05 9.98831E-05
9.98831E-05 9.98831E-05 9.98831E-05 9.98831E-05 0.0228111 9.98831E-05 9.98831E-05 9.98831E-05 9.98831E-05 9.98831E-05 9.98831E-05 0.972809 0.00308115 9.98831E-05 9.98831E-05 9.98831E-05
9.9892E-05 9.9892E-05 9.9892E-05 9.9892E-05 9.9892E-05 9.9892E-05 9.9892E-05 0.0984517 9.9892E-05 9.9892E-05 0.804355 9.9892E-05 9.9892E-05 0.0861262 9.9892E-05 0.00986877
9.9892E-05 9.9892E-05 9.9892E-05 9.9892E-05 9.9892E-05 9.9892E-05 9.9892E-05 0.00619938 9.9892E-05 9.9892E-05 9.9892E-05 9.9892E-05 0.0369345 9.9892E-05 0.909302 0.0463651
9.99098E-05 0.0345288 0.0192998 0.0281125 9.99098E-05 9.99098E-05 0.731908 9.99098E-05 9.99098E-05 9.99098E-05 0.0607105 9.99098E-05 9.99098E-05 9.99098E-05 9.99098E-05 0.124441
0.0364674 9.98832E-05 9.98832E-05 9.98832E-05 9.98832E-05 9.98832E-05 0.907934 9.98832E-05 9.98832E-05 0.0543001 9.98832E-05 9.98832E-05 9.98832E-05 9.98832E-05 9.98832E-05 9.98832E-05
9.98917E-05 9.98917E-05 9.98917E-05 9.98917E-05 0.115586 9.98917E-05 9.98917E-05 9.98917E-05 9.98917E-05 9.98917E-05 0.295237 9.98917E-05 9.98917E-05 0.191811 9.98917E-05 0.396167
9.98652E-05 9.98652E-05 9.98652E-05 9.98652E-05 9.98652E-05 9.98652E-05 0.998502 9.98652E-05 9.98652E-05 9.98652E-05 9.98652E-05 9.98652E-05 9.98652E-05 9.98652E-05 9.98652E-05 9.98652E-05
0.0115383 9.99189E-05 9.99189E-05 9.99189E-05 0.539186 9.99189E-05 9.99189E-05 0.0294278 9.99189E-05 0.0221765 0.294529 9.99189E-05 9.99189E-05 9.99189E-05 0.055718 0.0465247
9.9865E-05 9.9865E-05 9.9865E-05 9.9865E-05 9.9865E-05 9.9865E-05 9.9865E-05 9.9865E-05 9.9865E-05 9.9865E-05 9.9865E-05 9.9865E-05 0.998502 9.9865E-05 9.9865E-05 9.9865E-05
9.9883E-05 9.9883E-05 9.9883E-05 9.9883E-05 9.9883E-05 9.9883E-05 0.884477 9.9883E-05 9.9883E-05 9.9883E-05 9.9883E-05 9.9883E-05 0.0850169 0.029208 9.9883E-05 9.9883E-05
9.98744E-05 9.98744E-05 9.98744E-05 9.98744E-05 9.98744E-05 0.628929 9.98744E-05 9.98744E-05 9.98744E-05 9.98744E-05 9.98744E-05 0.369672 9.98744E-05 9.98744E-05 9.98744E-05 9.98744E-05
9.98742E-05 9.98742E-05 9.98742E-05 9.98742E-05 9.98742E-05 0.243443 9.98742E-05 9.98742E-05 9.98742E-05 9.98742E-05 9.98742E-05 0.755159 9.98742E-05 9.98742E-05 9.98742E-05 9.98742E-05
0.0420714 9.99098E-05 9.99098E-05 9.99098E-05 0.101371 9.99098E-05 9.99098E-05 0.735608 9.99098E-05 9.99098E-05 9.99098E-05 9.99098E-05 0.0316289 9.99098E-05 0.0326322 0.0556895
9.98651E-05 9.98651E-05 9.98651E-05 9.98651E-05 9.98651E-05 0.998502 9.98651E-05 9.98651E-05 9.98651E-05 9.98651E-05 9.98651E-05 9.98651E-05 9.98651E-05 9.98651E-05 9.98651E-05 9.98651E-05
9.98741E-05 9.98741E-05 0.0035258 9.98741E-05 9.98741E-05 0.995076 9.98741E-05 9.98741E-05 9.98741E-05 9.98741E-05 9.98741E-05 9.98741E-05 9.98741E-05 9.98741E-05 9.98741E-05 9.98741E-05
0.0102117 0.0194002 0.104918 0.000426439 0.0175681 0.335523 9.99371E-05 9.99371E-05 0.243989 0.0372489 9.99371E-05 0.230016 9.99371E-05 9.99371E-05 9.99371E-05 9.99371E-05
0.00962035 9.99189E-05 0.0143077 9.99189E-05 9.99189E-05 0.237422 9.99189E-05 9.99189E-05 0.485514 9.99189E-05 9.99189E-05 0.192973 9.99189E-05 0.0271495 0.0321136 9.99189E-05
9.98653E-05 9.98653E-05 9.98653E-05 0.998502 9.98653E-05 9.98653E-05 9.98653E-05 9.98653E-05 9.98653E-05 9.98653E-05 9.98653E-05 9.98653E-05 9.98653E-05 9.98653E-05 9.98653E-05 9.98653E-05
9.9883E-05 9.9883E-05 9.9883E-05 9.9883E-05 9.9883E-05 0.312941 9.9883E-05 9.9883E-05 0.187247 9.9883E-05 9.9883E-05 0.498514 9.9883E-05 9.9883E-05 9.9883E-05 9.9883E-05
9.99012E-05 0.00305309 0.718182 0.0107459 9.99012E-05 0.0294896 9.99012E-05 9.99012E-05 0.23743 9.99012E-05 9.99012E-05 9.99012E-05 9.99012E-05 9.99012E-05 9.99012E-05 9.99012E-05
0.0931098 9.99201E-05 9.99201E-05 9.99201E-05 0.0754675 0.0501205 9.99201E-05 0.460829 0.0164057 9.99201E-05 9.99201E-05 9.99201E-05 9.99201E-05 0.0588384 0.216613 0.0278173
9.99009E-05 9.99009E-05 9.99009E-05 9.99009E-05 9.99009E-05 0.597862 9.99009E-05 9.99009E-05 0.0265504 9.99009E-05 9.99009E-05 0.322624 9.99009E-05 0.0360205 0.0158443 9.99009E-05
9.9892E-05 0.0329609 9.9892E-05 9.9892E-05 0.947185 9.9892E-05 9.9892E-05 9.9892E-05 0.0106462 9.9892E-05 9.9892E-05 9.9892E-05 9.9892E-05 0.00800884 9.9892E-05 9.9892E-05
9.99369E-05 9.99369E-05 0.010151 0.167319 0.120909 9.99369E-05 9.99369E-05 0.00468727 9.99369E-05 0.0147381 9.99369E-05 0.0156914 0.0668018 9.99369E-05 0.0371396 0.561863
9.98741E-05 9.98741E-05 9.98741E-05 9.98741E-05 9.98741E-05 9.98741E-05 9.98741E-05 9.98741E-05 0.00248023 9.98741E-05 9.98741E-05 9.98741E-05 9.98741E-05 9.98741E-05 0.996122 9.98741E-05
9.99097E-05 9.99097E-05 9.99097E-05 9.99097E-05 0.231633 9.99097E-05 9.99097E-05 9.99097E-05 9.99097E-05 0.019559 0.230669 0.113127 9.99097E-05 9.99097E-05 0.131799 0.272213
9.99188E-05 9.99188E-05 9.99188E-05 0.00330712 0.313387 9.99188E-05 9.99188E-05 9.99188E-05 9.99188E-05 0.0191911 0.179833 0.0782881 9.99188E-05 9.99188E-05 0.109073 0.296021
9.9901E-05 9.9901E-05 9.9901E-05 9.9901E-05 0.0393681 9.9901E-05 9.9901E-05 0.0221005 9.9901E-05 9.9901E-05 9.9901E-05 9.9901E-05 9.9901E-05 0.0274337 0.0319171 0.878082
9.99009E-05 9.99009E-05 9.99009E-05 9.99009E-05 0.0329471 9.99009E-05 9.99009E-05 0.0657662 9.99009E-05 0.0350456 0.80897 9.99009E-05 9.99009E-05 9.99009E-05 9.99009E-05 0.0561721
9.98919E-05 9.98919E-05 9.98919E-05 9.98919E-05 0.0288661 9.98919E-05 9.98919E-05 9.98919E-05 9.98919E-05 9.98919E-05 9.98919E-05 9.98919E-05 9.98919E-05 0.108215 0.00954594 0.852174
0.0586046 9.99369E-05 9.99369E-05 0.0330901 0.0924627 9.99369E-05 0.0362903 0.123961 9.99369E-05 9.99369E-05 0.0562869 9.99369E-05 0.154306 0.150951 9.99369E-05 0.293348
9.99459E-05 0.0038944 9.99459E-05 0.016109 0.0837719 9.99459E-05 9.99459E-05 9.99459E-05 0.0411892 0.0901861 0.14896 0.0318407 0.0131271 0.190345 9.99459E-05 0.379978
9.99279E-05 9.99279E-05 0.0637987 9.99279E-05 0.158556 9.99279E-05 9.99279E-05 0.0871132 9.99279E-05 0.0302231 9.99279E-05 0.0937892 9.99279E-05 0.307603 0.127567 0.130551
9.98659E-05 9.98659E-05 9.98659E-05 9.98659E-05 0.998502 9.98659E-05 9.98659E-05 9.98659E-05 9.98659E-05 9.98659E-05 9.98659E-05 9.98659E-05 9.98659E-05 9.98659E-05 9.98659E-05 9.98659E-05
9.98652E-05 9.98652E-05 0.998502 9.98652E-05 9.98652E-05 9.98652E-05 9.98652E-05 9.98652E-05 9.98652E-05 9.98652E-05 9.98652E-05 9.98652E-05 9.98652E-05 9.98652E-05 9.98652E-05 9.98652E-05
9.98831E-05 9.98831E-05 0.980085 9.98831E-05 9.98831E-05 9.98831E-05 9.98831E-05 9.98831E-05 9.98831E-05 0.015672 9.98831E-05 9.98831E-05 9.98831E-05 9.98831E-05 0.00294448 9.98831E-05
9.98832E-05 9.98832E-05 0.985411 9.98832E-05 9.98832E-05 9.98832E-05 9.98832E-05 9.98832E-05 9.98832E-05 9.98832E-05 0.0105386 9.98832E-05 9.98832E-05 0.00275197 9.98832E-05 9.98832E-05
9.98653E-05 9.98653E-05 0.998502 9.98653E-05 9.98653E-05 9.98653E-05 9.98653E-05 9.98653E-05 9.98653E-05 9.98653E-05 9.98653E-05 9.98653E-05 9.98653E-05 9.98653E-05 9.98653E-05 9.98653E-05
9.98652E-05 9.98652E-05 0.998502 9.98652E-05 9.98652E-05 9.98652E-05 9.98652E-05 9.98652E-05 9.98652E-05 9.98652E-05 9.98652E-05 9.98652E-05 9.98652E-05 9.98652E-05 9.98652E-05 9.98652E-05
9.99372E-05 0.00711551 0.372892 0.0820897 9.99372E-05 0.106186 9.99372E-05 9.99372E-05 0.2717 0.0041869 0.0220984 9.99372E-05 0.0967335 9.99372E-05 9.99372E-05 0.036299
9.98832E-05 9.98832E-05 0.926679 0.0625484 0.00947387 9.98832E-05 9.98832E-05 9.98832E-05 9.98832E-05 9.98832E-05 9.98832E-05 9.98832E-05 9.98832E-05 9.98832E-05 9.98832E-05 9.98832E-05
9.98918E-05 9.98918E-05 9.98918E-05 9.98918E-05 0.760103 9.98918E-05 9.98918E-05 0.0132022 9.98918E-05 9.98918E-05 0.174572 9.98918E-05 9.98918E-05 0.0509243 9.98918E-05 9.98918E-05
0.017801 9.99008E-05 0.0236452 0.925938 9.99008E-05 0.0280319 9.99008E-05 9.99008E-05 9.99008E-05 9.99008E-05 9.99008E-05 9.99008E-05 9.99008E-05 0.00348497 9.99008E-05 9.99008E-05
9.98829E-05 9.98829E-05 9.98829E-05 9.98829E-05 9.98829E-05 0.490132 9.98829E-05 9.98829E-05 9.98829E-05 9.98829E-05 9.98829E-05 0.496925 9.98829E-05 0.0116444 9.98829E-05 9.98829E-05
0.0314826 9.98921E-05 9.98921E-05 9.98921E-05 0.0847359 9.98921E-05 9.98921E-05 0.816361 9.98921E-05 9.98921E-05 0.0662217 9.98921E-05 9.98921E-05 9.98921E-05 9.98921E-05 9.98921E-05
9.98742E-05 9.98742E-05 9.98742E-05 9.98742E-05 9.98742E-05 9.98742E-05 9.98742E-05 9.98742E-05 9.98742E-05 9.98742E-05 0.89244 9.98742E-05 9.98742E-05 0.106161 9.98742E-05 9.98742E-05
9.98655E-05 9.98655E-05 9.98655E-05 9.98655E-05 9.98655E-05 9.98655E-05 9.98655E-05 0.998502 9.98655E-05 9.98655E-05 9.98655E-05 9.98655E-05 9.98655E-05 9.98655E-05 9.98655E-05 9.98655E-05
9.98829E-05 9.98829E-05 9.98829E-05 9.98829E-05 9.98829E-05 9.98829E-05 9.98829E-05 0.861872 9.98829E-05 9.98829E-05 9.98829E-05 0.0137707 9.98829E-05 9.98829E-05 9.98829E-05 0.123059
0.0440607 9.98918E-05 9.98918E-05 9.98918E-05 9.98918E-05 9.98918E-05 9.98918E-05 0.833808 9.98918E-05 9.98918E-05 9.98918E-05 9.98918E-05 9.98918E-05 0.0394309 9.98918E-05 0.0815016
9.98651E-05 9.98651E-05 9.98651E-05 9.98651E-05 9.98651E-05 9.98651E-05 9.98651E-05 9.98651E-05 9.98651E-05 0.998502 9.98651E-05 9.98651E-05 9.98651E-05 9.98651E-05 9.98651E-05 9.98651E-05
9.98833E-05 0.0599342 9.98833E-05 9.98833E-05 9.98833E-05 0.613299 9.98833E-05 9.98833E-05 9.98833E-05 9.98833E-05 9.98833E-05 0.325468 9.98833E-05 9.98833E-05 9.98833E-05 9.98833E-05
0.00104883 9.99551E-05 0.0501708 0.246634 0.0283146 9.99551E-05 0.0808279 0.150889 9.99551E-05 9.99551E-05 0.117591 0.242414 0.000463915 9.99551E-05 0.0155382 0.0656084
9.98833E-05 0.113957 9.98833E-05 9.98833E-05 9.98833E-05 9.98833E-05 9.98833E-05 9.98833E-05 9.98833E-05 9.98833E-05 0.0395328 0.845212 9.98833E-05 9.98833E-05 9.98833E-05 9.98833E-05
9.991E-05 9.991E-05 0.0119021 9.991E-05 0.00483448 0.360995 9.991E-05 9.991E-05 0.0333116 9.991E-05 9.991E-05 0.527215 9.991E-05 9.991E-05 0.0607423 9.991E-05
9.98741E-05 9.98741E-05 9.98741E-05 9.98741E-05 9.98741E-05 0.989319 9.98741E-05 9.98741E-05 9.98741E-05 9.98741E-05 0.00928288 9.98741E-05 9.98741E-05 9.98741E-05 9.98741E-05 9.98741E-05
9.98742E-05 9.98742E-05 9.98742E-05 9.98742E-05 0.0168097 0.981792 9.98742E-05 9.98742E-05 9.98742E-05 9.98742E-05 9.98742E-05 9.98742E-05 9.98742E-05 9.98742E-05 9.98742E-05 9.98742E-05
9.99101E-05 9.99101E-05 9.99101E-05 0.0395103 9.99101E-05 0.274674 9.99101E-05 9.99101E-05 0.118734 9.99101E-05 9.99101E-05 0.509707 9.99101E-05 0.0114708 9.99101E-05 0.0449058
9.98919E-05 9.98919E-05 9.98919E-05 9.98919E-05 9.98919E-05 0.505214 9.98919E-05 9.98919E-05 0.00947279 9.98919E-05 9.98919E-05 0.449977 9.98919E-05 9.98919E-05 0.0341371 9.98919E-05
9.98649E-05 9.98649E-05 9.98649E-05 9.98649E-05 9.98649E-05 9.98649E-05 9.98649E-05 9.98649E-05 0.998502 9.98649E-05 9.98649E-05 9.98649E-05 9.98649E-05 9.98649E-05 9.98649E-05 9.98649E-05
9.9874E-05 9.9874E-05 9.9874E-05 9.9874E-05 9.9874E-05 9.9874E-05 9.9874E-05 0.0569533 0.941648 9.9874E-05 9.9874E-05 9.9874E-05 9.9874E-05 9.9874E-05 9.9874E-05 9.9874E-05
9.99011E-05 0.013999 0.0304701 9.99011E-05 9.99011E-05 0.0110344 9.99011E-05 0.0273464 9.99011E-05 9.99011E-05 9.99011E-05 0.916051 9.99011E-05 9.99011E-05 9.99011E-05 9.99011E-05
9.99009E-05 9.99009E-05 0.00107847 0.00283891 9.99009E-05 9.99009E-05 9.99009E-05 9.99009E-05 9.99009E-05 9.99009E-05 0.94361 9.99009E-05 0.0203131 9.99009E-05 0.0310607 9.99009E-05
9.9883E-05 9.9883E-05 0.0107814 9.9883E-05 9.9883E-05 9.9883E-05 9.9883E-05 9.9883E-05 9.9883E-05 9.9883E-05 0.98634 0.00157991 9.9883E-05 9.9883E-05 9.9883E-05 9.9883E-05
0.998502 9.98653E-05 9.98653E-05 9.98653E-05 9.98653E-05 9.98653E-05 9.98653E-05 9.98653E-05 9.98653E-05 9.98653E-05 9.98653E-05 9.98653E-05 9.98653E-05 9.98653E-05 9.98653E-05 9.98653E-05
0.998223 9.98743E-05 9.98743E-05 9.98743E-05 0.000379013 9.98743E-05 9.98743E-05 9.98743E-05 9.98743E-05 9.98743E-05 9.98743E-05 9.98743E-05 9.98743E-05 9.98743E-05 9.98743E-05 9.98743E-05
9.99009E-05 9.99009E-05 9.99009E-05 0.037603 0.0359737 9.99009E-05 9.99009E-05 0.0541766 9.99009E-05 9.99009E-05 0.0602594 9.99009E-05 9.99009E-05 9.99009E-05 9.99009E-05 0.810888
9.99099E-05 9.99099E-05 9.99099E-05 0.0218356 0.0418397 9.99099E-05 9.99099E-05 0.0794742 9.99099E-05 0.00286381 0.0599346 9.99099E-05 9.99099E-05 9.99099E-05 9.99099E-05 0.793053
0.953141 9.99012E-05 9.99012E-05 0.0204825 9.99012E-05 9.99012E-05 9.99012E-05 9.99012E-05 9.99012E-05 9.99012E-05 9.99012E-05 9.99012E-05 0.0124582 9.99012E-05 0.00119185 0.011628
0.998502 9.98653E-05 9.98653E-05 9.98653E-05 9.98653E-05 9.98653E-05 9.98653E-05 9.98653E-05 9.98653E-05 9.98653E-05 9.98653E-05 9.98653E-05 9.98653E-05 9.98653E-05 9.98653E-05 9.98653E-05
9.9883E-05 9.9883E-05 0.0254659 9.9883E-05 0.952948 9.9883E-05 9.9883E-05 0.0202877 9.9883E-05 9.9883E-05 9.9883E-05 9.9883E-05 9.9883E-05 9.9883E-05 9.9883E-05 9.9883E-05
9.99279E-05 0.0184662 9.99279E-05 0.0637063 0.0568222 9.99279E-05 0.0461689 0.19947 9.99279E-05 0.0342093 0.40432 9.99279E-05 9.99279E-05 9.99279E-05 9.99279E-05 0.176038
9.98739E-05 9.98739E-05 0.0633387 0.935263 9.98739E-05 9.98739E-05 9.98739E-05 9.98739E-05 9.98739E-05 9.98739E-05 9.98739E-05 9.98739E-05 9.98739E-05 9.98739E-05 9.98739E-05 9.98739E-05
9.98739E-05 9.98739E-05 9.98739E-05 9.98739E-05 9.98739E-05 9.98739E-05 9.98739E-05 9.98739E-05 9.98739E-05 9.98739E-05 9.98739E-05 9.98739E-05 0.00738191 0.99122 9.98739E-05 9.98739E-05
0.0134999 9.9919E-05 9.9919E-05 9.9919E-05 0.0745849 9.9919E-05 0.0217195 0.0392737 9.9919E-05 9.9919E-05 0.0202516 9.9919E-05 9.9919E-05 0.784615 0.045156 9.9919E-05
0.025255 9.99101E-05 0.0181333 9.99101E-05 9.99101E-05 0.413186 0.00709296 9.99101E-05 0.502236 9.99101E-05 9.99101E-05 9.99101E-05 0.0330984 9.99101E-05 9.99101E-05 9.99101E-05
