9.99369E-05 9.99369E-05 0.981838 0.0174624 9.99369E-05 9.99369E-05 9.99369E-05 9.99369E-05 9.99369E-05
0.053353 9.99639E-05 0.166594 0.0112077 9.99639E-05 0.598843 9.99639E-05 9.99639E-05 0.169602
0.0111529 9.99644E-05 9.99644E-05 9.99644E-05 9.99644E-05 0.0324582 0.0897956 0.030142 0.836051
0.0498011 9.9937E-05 9.9937E-05 9.9937E-05 9.9937E-05 9.9937E-05 9.9937E-05 9.9937E-05 0.949499
9.99641E-05 9.99641E-05 0.0543973 0.106417 0.0487636 0.383227 9.99641E-05 9.99641E-05 0.406796
9.9946E-05 9.9946E-05 0.0087858 0.00590855 9.9946E-05 9.9946E-05 9.9946E-05 9.9946E-05 0.984706
9.9946E-05 0.0512905 9.9946E-05 9.9946E-05 9.9946E-05 0.711013 0.237097 9.9946E-05 9.9946E-05
0.0174955 9.9964E-05 9.9964E-05 0.0647691 0.157508 0.425977 9.9964E-05 9.9964E-05 0.33385
9.99459E-05 0.0781676 9.99459E-05 9.99459E-05 9.99459E-05 0.765464 0.155769 9.99459E-05 9.99459E-05
9.99371E-05 9.99371E-05 9.99371E-05 0.937329 9.99371E-05 0.0619719 9.99371E-05 9.99371E-05 9.99371E-05
9.99371E-05 9.99371E-05 9.99371E-05 0.97302 9.99371E-05 0.0262809 9.99371E-05 9.99371E-05 9.99371E-05
0.117017 9.9955E-05 0.686414 9.9955E-05 9.9955E-05 9.9955E-05 0.178925 9.9955E-05 0.0171437
9.99371E-05 9.99371E-05 9.99371E-05 9.99371E-05 9.99371E-05 9.99371E-05 0.997751 9.99371E-05 0.00154985
9.9946E-05 9.9946E-05 0.0479482 9.9946E-05 9.9946E-05 9.9946E-05 9.9946E-05 0.0158438 0.935608
9.99461E-05 9.99461E-05 0.0491923 0.00515077 9.99461E-05 9.99461E-05 9.99461E-05 9.99461E-05 0.945057
9.9946E-05 0.761702 9.9946E-05 0.0548537 9.9946E-05 9.9946E-05 0.182845 9.9946E-05 9.9946E-05
0.293775 0.102995 0.0305072 0.320861 9.9973E-05 9.9973E-05 0.180732 0.0708297 9.9973E-05
9.99729E-05 0.0861311 0.0117764 0.0954334 0.0573042 0.0375512 9.99729E-05 0.711504 9.99729E-05
0.0670814 9.9946E-05 9.9946E-05 9.9946E-05 9.9946E-05 9.9946E-05 0.00882868 0.92349 9.9946E-05
0.0364367 0.271795 0.109402 0.58177 9.99639E-05 9.99639E-05 0.00019649 9.99639E-05 9.99639E-05
9.993E-05 9.993E-05 9.993E-05 9.993E-05 9.993E-05 9.993E-05 9.993E-05 0.999201 9.993E-05
0.0294742 0.271441 0.526077 0.0992299 0.000576371 9.9973E-05 0.0729016 9.9973E-05 9.9973E-05
0.27693 9.99551E-05 9.99551E-05 0.321208 0.0117048 9.99551E-05 9.99551E-05 0.389657 9.99551E-05
0.0738812 9.9946E-05 9.9946E-05 0.0333169 9.9946E-05 9.9946E-05 9.9946E-05 0.892202 9.9946E-05
0.00565564 9.99461E-05 9.99461E-05 9.99461E-05 0.00186581 9.99461E-05 9.99461E-05 9.99461E-05 0.991879
9.993E-05 9.993E-05 9.993E-05 9.993E-05 9.993E-05 9.993E-05 9.993E-05 9.993E-05 0.999201
0.0314421 0.0213851 0.0807612 0.111361 9.99639E-05 9.99639E-05 0.75465 9.99639E-05 9.99639E-05
9.9955E-05 0.0243676 9.9955E-05 9.9955E-05 0.0454071 9.9955E-05 0.000847026 9.9955E-05 0.928879
9.9955E-05 0.0180492 0.00363685 9.9955E-05 0.0698933 9.9955E-05 9.9955E-05 9.9955E-05 0.907921
0.0204981 9.99731E-05 9.99731E-05 9.99731E-05 0.198974 0.0534409 0.0315181 0.0188969 0.676372
0.0244316 9.99641E-05 9.99641E-05 0.0240196 0.155442 0.130885 9.99641E-05 9.99641E-05 0.664822
9.9946E-05 9.9946E-05 0.0683188 9.9946E-05 0.0772176 0.853864 9.9946E-05 9.9946E-05 9.9946E-05
9.99371E-05 0.0348996 9.99371E-05 9.99371E-05 9.99371E-05 9.99371E-05 9.99371E-05 9.99371E-05 0.964401
9.99461E-05 9.99461E-05 9.99461E-05 9.99461E-05 0.777351 0.152323 9.99461E-05 9.99461E-05 0.0697266
0.168455 9.99639E-05 0.0393732 0.151114 9.99639E-05 9.99639E-05 0.581708 9.99639E-05 0.05895
9.99549E-05 0.0322127 9.99549E-05 9.99549E-05 9.99549E-05 0.0212574 0.0115858 9.99549E-05 0.934444
9.9937E-05 9.9937E-05 0.964114 9.9937E-05 9.9937E-05 9.9937E-05 9.9937E-05 9.9937E-05 0.0351864
9.9964E-05 9.9964E-05 0.177178 0.629891 0.000742384 0.179385 9.9964E-05 9.9964E-05 0.0124034
0.373285 0.141519 9.9973E-05 0.196466 9.9973E-05 9.9973E-05 0.131629 0.0586593 0.0981424
0.0301277 0.35211 0.232426 0.315201 9.99639E-05 9.99639E-05 9.99639E-05 9.99639E-05 0.0697352
0.0368183 0.295916 0.297109 0.321641 9.99729E-05 9.99729E-05 9.99729E-05 0.0119748 0.0362412
9.99549E-05 0.0369701 0.022609 0.936325 9.99549E-05 9.99549E-05 0.00359643 9.99549E-05 9.99549E-05
9.9973E-05 0.872121 0.0183533 0.0212653 9.9973E-05 0.0238716 0.0568687 0.00722039 9.9973E-05
9.9955E-05 9.9955E-05 0.014836 0.961963 0.00184074 9.9955E-05 0.0208606 9.9955E-05 9.9955E-05
0.100245 0.133687 0.0686234 0.462296 9.9973E-05 9.9973E-05 0.158935 0.0759142 9.9973E-05
0.0109751 0.186824 0.131622 0.539862 9.9982E-05 9.9982E-05 0.0143157 0.0329884 0.0832132
0.0600533 9.9973E-05 0.184108 0.342429 0.0344132 9.9973E-05 0.251782 9.9973E-05 0.126914
9.99374E-05 9.99374E-05 0.996425 9.99374E-05 9.99374E-05 9.99374E-05 9.99374E-05 0.0028758 9.99374E-05
9.993E-05 9.993E-05 9.993E-05 9.993E-05 0.999201 9.993E-05 9.993E-05 9.993E-05 9.993E-05
9.9937E-05 0.00860206 9.9937E-05 9.9937E-05 0.990698 9.9937E-05 9.9937E-05 9.9937E-05 9.9937E-05
9.99371E-05 0.0174935 9.99371E-05 9.99371E-05 0.981807 9.99371E-05 9.99371E-05 9.99371E-05 9.99371E-05
9.993E-05 9.993E-05 9.993E-05 9.993E-05 0.999201 9.993E-05 9.993E-05 9.993E-05 9.993E-05
9.993E-05 9.993E-05 9.993E-05 9.993E-05 0.999201 9.993E-05 9.993E-05 9.993E-05 9.993E-05
9.99731E-05 0.0255685 9.99731E-05 0.0392629 0.424563 0.280888 9.99731E-05 0.0375626 0.191855
9.9946E-05 0.0388583 9.9946E-05 9.9946E-05 0.945132 9.9946E-05 0.0154099 9.9946E-05 9.9946E-05
9.99459E-05 0.154148 0.7904 9.99459E-05 9.99459E-05 9.99459E-05 0.0548521 9.99459E-05 9.99459E-05
0.0388162 0.0020119 0.0735957 9.99729E-05 0.108796 0.754861 9.99729E-05 9.99729E-05 0.0216192
9.99369E-05 9.99369E-05 0.00314886 9.99369E-05 9.99369E-05 9.99369E-05 9.99369E-05 9.99369E-05 0.996152
0.0270226 0.159553 0.0384664 9.9964E-05 0.00121233 9.9964E-05 0.773346 9.9964E-05 9.9964E-05
9.99371E-05 0.903934 9.99371E-05 9.99371E-05 9.99371E-05 9.99371E-05 0.0953661 9.99371E-05 9.99371E-05
9.993E-05 9.993E-05 9.993E-05 9.993E-05 9.993E-05 9.993E-05 0.999201 9.993E-05 9.993E-05
9.99549E-05 9.99549E-05 0.016725 0.114902 9.99549E-05 9.99549E-05 0.864899 9.99549E-05 0.00297397
0.0481052 9.99459E-05 9.99459E-05 0.0952263 9.99459E-05 9.99459E-05 0.856069 9.99459E-05 9.99459E-05
9.99371E-05 9.99371E-05 0.105288 9.99371E-05 9.99371E-05 9.99371E-05 9.99371E-05 0.894012 9.99371E-05
9.993E-05 9.993E-05 9.993E-05 9.993E-05 9.993E-05 9.993E-05 9.993E-05 9.993E-05 0.999201
9.999E-05 0.00520227 0.0773537 0.330715 0.149991 0.119597 0.0627243 0.0681064 0.186211
9.99462E-05 0.0284562 9.99462E-05 9.99462E-05 9.99462E-05 0.0047383 9.99462E-05 9.99462E-05 0.966206
9.9946E-05 9.9946E-05 0.0402832 9.9946E-05 0.0297058 9.9946E-05 9.9946E-05 9.9946E-05 0.929411
9.9955E-05 0.0505439 9.9955E-05 9.9955E-05 0.0213412 0.00974627 9.9955E-05 9.9955E-05 0.917869
9.99461E-05 0.0631679 9.99461E-05 9.99461E-05 9.99461E-05 0.00190253 9.99461E-05 9.99461E-05 0.93433
0.0100074 9.99551E-05 9.99551E-05 0.0621354 9.99551E-05 0.0339968 9.99551E-05 9.99551E-05 0.893361
0.00563153 9.9937E-05 9.9937E-05 9.9937E-05 9.9937E-05 9.9937E-05 9.9937E-05 9.9937E-05 0.993669
9.99462E-05 9.99462E-05 9.99462E-05 9.99462E-05 0.216787 0.399062 9.99462E-05 9.99462E-05 0.383552
9.99552E-05 9.99552E-05 9.99552E-05 9.99552E-05 0.0395597 0.492426 0.0547474 9.99552E-05 0.412768
9.9955E-05 9.9955E-05 9.9955E-05 0.0191584 0.0318903 9.9955E-05 9.9955E-05 0.00347545 0.944976
9.9937E-05 0.989092 9.9937E-05 9.9937E-05 0.0102083 9.9937E-05 9.9937E-05 9.9937E-05 9.9937E-05
9.9937E-05 0.987618 9.9937E-05 9.9937E-05 0.0116828 9.9937E-05 9.9937E-05 9.9937E-05 9.9937E-05
0.999201 9.993E-05 9.993E-05 9.993E-05 9.993E-05 9.993E-05 9.993E-05 9.993E-05 9.993E-05
0.999201 9.993E-05 9.993E-05 9.993E-05 9.993E-05 9.993E-05 9.993E-05 9.993E-05 9.993E-05
9.99549E-05 0.100554 0.0471924 0.779601 9.99549E-05 0.0721527 9.99549E-05 9.99549E-05 9.99549E-05
9.99639E-05 0.171693 0.0234333 0.745372 9.99639E-05 0.0379962 0.0211052 9.99639E-05 9.99639E-05
0.982548 9.9937E-05 9.9937E-05 9.9937E-05 9.9937E-05 0.0167528 9.9937E-05 9.9937E-05 9.9937E-05
0.999201 9.993E-05 9.993E-05 9.993E-05 9.993E-05 9.993E-05 9.993E-05 9.993E-05 9.993E-05
9.99459E-05 9.99459E-05 0.970833 9.99459E-05 0.00190535 9.99459E-05 0.0266617 9.99459E-05 9.99459E-05
9.9973E-05 0.490021 0.0488247 0.173738 9.9973E-05 0.0620318 0.150115 0.0749691 9.9973E-05
0.00158794 9.99548E-05 0.0627139 9.99548E-05 0.122458 0.812741 9.99548E-05 9.99548E-05 9.99548E-05
0.192972 9.99641E-05 9.99641E-05 0.374871 9.99641E-05 9.99641E-05 0.304359 0.0840948 0.0433034
0.330304 0.0300478 0.185271 9.99641E-05 9.99641E-05 9.99641E-05 0.375653 0.0783251 9.99641E-05
0.0096624 9.99731E-05 9.99731E-05 9.99731E-05 0.153112 0.201502 0.00143454 0.0474989 0.586491
