0.9998 9.999E-05 9.999E-05
0.444224 9.9991E-05 0.555676
0.0719501 0.0426791 0.885371
9.999E-05 9.999E-05 0.9998
0.327019 9.9991E-05 0.672881
9.999E-05 9.999E-05 0.9998
0.671336 9.99911E-05 0.328564
0.169926 9.9991E-05 0.829974
0.63377 9.9991E-05 0.36613
0.97354 9.9991E-05 0.0263602
0.992384 9.9991E-05 0.00751616
0.9998 9.999E-05 9.999E-05
0.973121 9.99911E-05 0.0267785
9.9991E-05 0.011573 0.988327
9.9991E-05 0.00162188 0.998278
0.977218 9.9991E-05 0.0226816
0.840579 0.142444 0.016978
0.238003 0.728516 0.0334802
9.999E-05 0.9998 9.999E-05
0.9998 9.999E-05 9.999E-05
9.999E-05 0.9998 9.999E-05
0.9998 9.999E-05 9.999E-05
0.366237 0.545192 0.088571
0.0303074 0.969593 9.9991E-05
9.999E-05 9.999E-05 0.9998
9.999E-05 9.999E-05 0.9998
0.9998 9.999E-05 9.999E-05
9.999E-05 9.999E-05 0.9998
9.999E-05 9.999E-05 0.9998
0.0226231 0.0576402 0.919737
0.025483 0.0387862 0.935731
0.384249 0.0135633 0.602188
9.999E-05 9.999E-05 0.9998
0.168405 9.9991E-05 0.831495
0.899676 9.9991E-05 0.100224
0.0211156 9.9991E-05 0.978784
0.936875 9.9991E-05 0.0630246
0.82451 0.028399 0.147091
0.662669 0.167826 0.169505
0.90914 9.9991E-05 0.0907605
0.914093 9.9991E-05 0.0858067
0.982113 0.0177874 9.9991E-05
0.976917 9.9991E-05 0.0229827
0.994187 0.00547031 0.000342209
0.848437 0.151463 9.9991E-05
0.853118 0.038514 0.108368
0.849816 9.9991E-05 0.150084
0.973331 0.0265694 9.99911E-05
0.133325 0.0361765 0.830499
0.177694 0.0428343 0.779471
0.174694 0.0419982 0.783308
0.118537 0.0425168 0.838946
0.0913475 0.017874 0.890778
0.170134 0.0756148 0.754251
0.198994 9.9991E-05 0.800906
0.9998 9.999E-05 9.999E-05
0.449335 9.9991E-05 0.550565
9.999E-05 9.999E-05 0.9998
0.9998 9.999E-05 9.999E-05
0.925853 9.9991E-05 0.0740475
0.9998 9.999E-05 9.999E-05
0.9998 9.999E-05 9.999E-05
0.98755 0.0123504 9.9991E-05
0.0591007 0.919673 0.0212262
9.999E-05 9.999E-05 0.9998
0.526923 0.0542057 0.418872
9.999E-05 9.999E-05 0.9998
9.999E-05 9.999E-05 0.9998
0.00511812 9.9991E-05 0.994782
9.999E-05 9.999E-05 0.9998
0.0509777 9.9991E-05 0.948922
9.999E-05 9.999E-05 0.9998
0.0511396 9.99911E-05 0.94876
0.093018 0.0311216 0.87586
9.999E-05 9.999E-05 0.9998
0.846848 9.9991E-05 0.153052
0.84629 9.9991E-05 0.15361
0.623449 0.231437 0.145115
0.665341 0.241428 0.0932302
0.942896 0.0124231 0.0446811
0.983506 9.9991E-05 0.016394
0.648666 0.233937 0.117396
0.635722 0.24955 0.114729
0.9998 9.999E-05 9.999E-05
0.976589 0.0212979 0.00211293
0.410429 9.9991E-05 0.589471
0.697217 0.215795 0.0869876
0.856123 0.143777 9.99911E-05
0.0245591 0.0793664 0.896075
