9.999E-05 9.999E-05 0.9998
9.999E-05 0.562865 0.437035
0.0230013 0.85358 0.123419
9.999E-05 0.9998 9.999E-05
9.9991E-05 0.693225 0.306675
9.999E-05 0.9998 9.999E-05
9.999E-05 0.345491 0.654409
9.999E-05 0.813673 0.186227
9.9991E-05 0.342977 0.656923
9.9991E-05 0.0218847 0.978015
9.9991E-05 0.0283622 0.971538
9.9991E-05 0.02982 0.97008
9.99911E-05 0.0397654 0.960135
0.0201199 0.97978 9.9991E-05
0.00959058 0.990309 9.9991E-05
9.9991E-05 0.0551978 0.944702
0.157215 0.014218 0.828567
0.726622 0.0542857 0.219092
0.9998 9.999E-05 9.999E-05
9.999E-05 9.999E-05 0.9998
0.9998 9.999E-05 9.999E-05
9.9991E-05 0.00378838 0.996112
0.516156 0.0832886 0.400555
0.957075 9.9991E-05 0.0428255
9.999E-05 0.9998 9.999E-05
9.999E-05 0.9998 9.999E-05
9.999E-05 9.999E-05 0.9998
9.999E-05 0.9998 9.999E-05
9.999E-05 0.9998 9.999E-05
0.0551404 0.936829 0.00803092
0.0485025 0.939569 0.0119287
9.99911E-05 0.586531 0.413369
9.999E-05 0.9998 9.999E-05
9.9991E-05 0.803419 0.196481
9.9991E-05 0.0585855 0.941314
9.999E-05 0.9998 9.999E-05
9.9991E-05 0.0424908 0.957409
0.0166806 0.161612 0.821708
0.138621 0.15581 0.705568
9.9991E-05 0.122064 0.877836
9.9991E-05 0.0717905 0.92811
0.0134354 9.9991E-05 0.986465
9.9991E-05 0.0208127 0.979087
9.9991E-05 0.00598945 0.993911
0.15035 9.9991E-05 0.84955
0.0444798 0.122553 0.832967
9.9991E-05 0.156042 0.843858
0.00840818 9.99911E-05 0.991492
0.0234273 0.801168 0.175404
0.0401262 0.810043 0.149831
0.0484817 0.827272 0.124246
0.0422732 0.866191 0.0915354
0.0146979 0.876687 0.108615
0.0709911 0.721986 0.207023
9.9991E-05 0.781928 0.217972
9.999E-05 9.999E-05 0.9998
9.9991E-05 0.550177 0.449723
9.999E-05 0.9998 9.999E-05
9.999E-05 9.999E-05 0.9998
9.9991E-05 0.0718053 0.928095
9.999E-05 9.999E-05 0.9998
9.999E-05 9.999E-05 0.9998
9.999E-05 9.999E-05 0.9998
0.926561 0.0250749 0.0483645
9.999E-05 0.9998 9.999E-05
0.072808 0.427304 0.499888
9.999E-05 0.9998 9.999E-05
9.999E-05 0.9998 9.999E-05
9.9991E-05 0.994541 0.00535905
9.999E-05 0.9998 9.999E-05
9.9991E-05 0.961765 0.0381352
9.999E-05 0.9998 9.999E-05
9.99911E-05 0.935612 0.0642883
0.0222421 0.888804 0.0889536
9.999E-05 0.9998 9.999E-05
9.9991E-05 0.148854 0.851046
9.9991E-05 0.139349 0.860551
0.204443 0.0934328 0.702124
0.224438 0.0917373 0.683825
9.9991E-05 0.0385218 0.961378
0.00320082 0.0352122 0.961587
0.189883 0.104218 0.705899
0.208665 0.117633 0.673702
9.999E-05 9.999E-05 0.9998
0.0278898 0.0267041 0.945406
9.9991E-05 0.597948 0.401952
0.19543 0.0823608 0.722209
0.170278 9.9991E-05 0.829622
0.0539803 0.927669 0.0183509
