0.0324301 9.9982E-05 0.96737 9.9982E-05
0.000675751 9.9991E-05 0.435253 0.563971
0.0908935 0.0589824 0.0127618 0.837362
0.0166717 9.9982E-05 9.9982E-05 0.983128
0.00914156 9.9991E-05 0.27508 0.715678
0.0179537 9.9982E-05 9.9982E-05 0.981846
9.99822E-05 9.99822E-05 0.686401 0.313399
0.0324698 9.9991E-05 0.180774 0.786656
9.99821E-05 9.99821E-05 0.638034 0.361766
0.151559 9.9991E-05 0.819882 0.028459
0.147774 9.9991E-05 0.849889 0.00223708
0.196498 9.9991E-05 0.777266 0.0261363
0.0158673 9.99911E-05 0.943063 0.0409693
0.0154221 0.011224 9.9991E-05 0.973254
9.9982E-05 0.0179505 9.9982E-05 0.981849
0.0381924 9.9991E-05 0.901229 0.0604787
0.398416 0.0692499 0.532234 9.9991E-05
9.9991E-05 0.757507 0.202775 0.0396183
0.0704299 0.92937 9.9982E-05 9.9982E-05
0.163312 9.9982E-05 0.836488 9.9982E-05
9.998E-05 0.9997 9.998E-05 9.998E-05
0.0889288 9.9982E-05 0.910871 9.9982E-05
0.388867 0.430069 0.125544 0.0555197
0.0851086 0.914691 9.9982E-05 9.9982E-05
9.998E-05 9.998E-05 9.998E-05 0.9997
9.998E-05 9.998E-05 9.998E-05 0.9997
0.0981599 9.9982E-05 0.90164 9.9982E-05
9.998E-05 9.998E-05 9.998E-05 0.9997
9.998E-05 9.998E-05 9.998E-05 0.9997
0.0182627 0.0348979 9.9991E-05 0.946739
0.079589 0.00581462 9.9991E-05 0.914496
9.99821E-05 9.99821E-05 0.465486 0.534314
0.00993796 9.9982E-05 9.9982E-05 0.989862
9.9982E-05 9.9982E-05 0.173294 0.826506
0.284732 9.9991E-05 0.653654 0.0615148
0.0115476 9.9982E-05 9.9982E-05 0.988252
0.0520478 9.9991E-05 0.868914 0.0789377
0.0593667 0.0340954 0.753206 0.153332
0.444629 0.0402452 0.37299 0.142136
0.126929 9.9991E-05 0.760255 0.112715
0.123931 0.00257086 0.79918 0.0743186
0.1154 0.0143785 0.870122 9.9991E-05
9.9982E-05 9.9982E-05 0.959057 0.0407434
0.162991 9.9982E-05 0.836809 9.9982E-05
0.205283 0.114266 0.680351 9.9991E-05
0.12075 0.0457549 0.729298 0.104196
0.162228 9.9991E-05 0.688718 0.148954
0.0116173 0.0400697 0.948213 9.99911E-05
9.9991E-05 0.0482858 0.140793 0.810822
9.9991E-05 0.0596434 0.146172 0.794084
9.9991E-05 0.0472827 0.141703 0.810914
9.9991E-05 0.0600415 0.109418 0.83044
9.9991E-05 0.0436221 0.119468 0.836809
9.9991E-05 0.0675246 0.198734 0.733642
9.9991E-05 0.000595786 0.228151 0.771154
9.998E-05 9.998E-05 0.9997 9.998E-05
9.9982E-05 9.9982E-05 0.470178 0.529622
0.00249498 9.9982E-05 9.9982E-05 0.997305
0.0731988 9.9991E-05 0.921324 0.00537768
0.0328092 9.9991E-05 0.895818 0.0712732
9.99822E-05 0.016695 0.983105 9.99822E-05
0.0210424 0.00910715 0.96975 9.9991E-05
0.117078 0.0127129 0.870109 9.9991E-05
9.99821E-05 0.906262 0.0935385 9.99821E-05
9.998E-05 9.998E-05 9.998E-05 0.9997
0.098368 9.9991E-05 0.439611 0.461921
9.998E-05 9.998E-05 9.998E-05 0.9997
9.998E-05 9.998E-05 9.998E-05 0.9997
9.998E-05 9.998E-05 9.998E-05 0.9997
9.9982E-05 0.00708303 9.9982E-05 0.992717
0.0229941 9.9991E-05 0.00306384 0.973842
9.998E-05 9.998E-05 9.998E-05 0.9997
9.99821E-05 9.99821E-05 0.0631264 0.936674
9.99911E-05 0.0186453 0.128712 0.852542
9.998E-05 9.998E-05 9.998E-05 0.9997
0.0455935 9.9991E-05 0.760134 0.194173
0.0543274 9.9991E-05 0.778184 0.167388
0.9997 9.998E-05 9.998E-05 9.998E-05
0.9997 9.998E-05 9.998E-05 9.998E-05
0.11196 9.9991E-05 0.842346 0.0455936
0.0858998 0.00741204 0.884385 0.0223033
0.9997 9.998E-05 9.998E-05 9.998E-05
0.9997 9.998E-05 9.998E-05 9.998E-05
9.998E-05 9.998E-05 0.9997 9.998E-05
9.9991E-05 0.0550077 0.899613 0.0452791
9.9982E-05 9.9982E-05 0.442856 0.556944
0.288216 0.116859 0.563364 0.0315612
0.372034 0.0735166 0.554349 9.9991E-05
0.035404 0.0603986 0.0330793 0.871118
