9.9973E-05 9.9973E-05 0.972128 0.0275723 9.9973E-05
9.999E-05 0.309528 0.37418 0.0275371 0.288654
0.0503559 0.821003 9.99911E-05 0.0545401 0.0740013
9.9973E-05 0.981618 9.9973E-05 0.0180817 9.9973E-05
9.999E-05 0.490204 0.223306 0.00439335 0.281997
9.9973E-05 0.993406 9.9973E-05 0.00629437 9.9973E-05
9.99822E-05 0.0557155 0.571349 9.99822E-05 0.372736
9.999E-05 0.408941 0.0534366 0.05583 0.481692
9.99821E-05 0.0507618 0.562569 9.99821E-05 0.38647
9.9982E-05 9.9982E-05 0.767457 0.114353 0.117989
9.9982E-05 9.9982E-05 0.776127 0.0929657 0.130707
9.9982E-05 0.0473682 0.810117 0.142315 9.9982E-05
9.99821E-05 0.0769024 0.920114 0.00278384 9.99821E-05
0.032448 0.962809 9.9982E-05 0.0045428 9.9982E-05
0.0107537 0.970394 0.0186521 9.9982E-05 9.9982E-05
9.9982E-05 9.9982E-05 0.924323 0.0174659 0.0580114
0.0748513 9.9982E-05 0.508168 0.41678 9.9982E-05
0.768041 9.9982E-05 0.155442 9.9982E-05 0.0763173
0.937133 9.9973E-05 9.9973E-05 0.0625667 9.9973E-05
9.99729E-05 9.99729E-05 0.830913 0.168787 9.99729E-05
0.9996 9.997E-05 9.997E-05 9.997E-05 9.997E-05
9.9982E-05 9.9982E-05 0.949185 0.0326839 0.0179312
0.438385 0.0133914 0.0877731 0.404462 0.0559877
0.883611 9.9973E-05 9.9973E-05 0.116089 9.9973E-05
9.997E-05 0.9996 9.997E-05 9.997E-05 9.997E-05
9.997E-05 0.9996 9.997E-05 9.997E-05 9.997E-05
9.9973E-05 9.9973E-05 0.901908 0.097792 9.9973E-05
9.9973E-05 0.939054 9.9973E-05 9.9973E-05 0.0606457
9.9973E-05 0.883259 9.9973E-05 9.9973E-05 0.116441
0.0354297 0.700925 9.9991E-05 0.0329432 0.230602
9.9982E-05 0.648767 9.9982E-05 0.065298 0.285735
9.99821E-05 0.118603 0.291502 9.99821E-05 0.589695
9.997E-05 0.9996 9.997E-05 9.997E-05 9.997E-05
9.9982E-05 0.0937386 9.9982E-05 0.0109724 0.895089
9.9982E-05 0.0713253 0.699259 0.229216 9.9982E-05
9.99729E-05 0.977227 0.0224735 9.99729E-05 9.99729E-05
9.99821E-05 0.0728725 0.906993 0.0199342 9.99821E-05
0.0200301 0.0466283 0.758396 0.0450304 0.129915
0.0436523 0.150414 0.354293 0.451541 9.9991E-05
9.99819E-05 0.14254 0.802203 0.0550573 9.99819E-05
0.000148564 0.103908 0.810452 0.0785382 0.00695305
0.0171246 9.9991E-05 0.84886 0.116373 0.0175422
9.9973E-05 9.9973E-05 0.935573 9.9973E-05 0.0641275
0.00730993 9.9991E-05 0.767272 0.155957 0.0693604
0.109111 9.9991E-05 0.681837 0.18425 0.0247028
0.0429501 0.0611578 0.742479 0.0867989 0.0666146
9.9991E-05 0.0853441 0.656811 0.173743 0.0840023
0.0683311 9.99822E-05 0.883456 9.99822E-05 0.0480131
9.997E-05 9.997E-05 9.997E-05 9.997E-05 0.9996
9.997E-05 9.997E-05 9.997E-05 9.997E-05 0.9996
9.997E-05 9.997E-05 9.997E-05 9.997E-05 0.9996
9.997E-05 9.997E-05 9.997E-05 9.997E-05 0.9996
9.997E-05 9.997E-05 9.997E-05 9.997E-05 0.9996
0.02851 0.239557 0.0861121 9.9991E-05 0.645721
9.997E-05 9.997E-05 9.997E-05 9.997E-05 0.9996
9.997E-05 9.997E-05 0.9996 9.997E-05 9.997E-05
9.9982E-05 0.120691 0.326682 9.9982E-05 0.552427
9.997E-05 0.9996 9.997E-05 9.997E-05 9.997E-05
9.99821E-05 0.00467849 0.956483 0.0386387 9.99821E-05
9.9973E-05 0.0913541 0.908346 9.9973E-05 9.9973E-05
0.0157403 9.99732E-05 0.98396 9.99732E-05 9.99732E-05
9.997E-05 9.997E-05 0.9996 9.997E-05 9.997E-05
0.0075693 9.9982E-05 0.888294 0.103937 9.9982E-05
0.943697 9.9982E-05 0.0449291 9.9982E-05 0.0111736
9.997E-05 0.9996 9.997E-05 9.997E-05 9.997E-05
0.0693837 0.238261 0.299656 0.188007 0.204692
9.99821E-05 0.993641 0.00251907 9.99821E-05 0.00364005
9.9973E-05 0.979244 0.0204561 9.9973E-05 9.9973E-05
9.9982E-05 0.927327 0.0098314 9.9982E-05 0.0626417
0.0243946 0.932438 9.9982E-05 9.9982E-05 0.0429674
9.9982E-05 0.921987 0.0626817 0.0151314 9.9982E-05
9.997E-05 0.9996 9.997E-05 9.997E-05 9.997E-05
9.99732E-05 0.473186 9.99732E-05 9.99732E-05 0.526514
0.0102673 0.535077 0.0769247 9.99911E-05 0.377631
9.9982E-05 0.980131 9.9982E-05 0.0155519 0.00411727
9.9991E-05 0.0627195 0.744268 0.0418089 0.151104
9.9991E-05 0.0505646 0.762939 0.0595452 0.126851
9.997E-05 9.997E-05 9.997E-05 0.9996 9.997E-05
9.997E-05 9.997E-05 9.997E-05 0.9996 9.997E-05
9.99819E-05 9.99819E-05 0.803388 0.0877686 0.108643
0.0147898 9.9991E-05 0.846574 0.0561992 0.0823372
9.9973E-05 9.9973E-05 9.9973E-05 0.996501 0.00319893
9.997E-05 9.997E-05 9.997E-05 0.9996 9.997E-05
9.9973E-05 9.9973E-05 0.975965 9.9973E-05 0.0237347
0.0425799 9.9982E-05 0.851026 9.9982E-05 0.106194
9.9982E-05 0.0830509 0.329881 9.9982E-05 0.586868
0.107983 0.0475535 0.509512 0.334851 9.9991E-05
0.0567172 9.99821E-05 0.569499 0.373584 9.99821E-05
0.0550988 0.615297 9.9991E-05 0.0172723 0.312232
