9.9973E-05 0.970215 9.9973E-05 9.9973E-05 0.0294855
0.299568 0.376032 0.320775 9.9991E-05 0.00352456
0.0205626 0.01279 0.879284 0.0240827 0.0632803
9.9973E-05 9.9973E-05 0.969665 9.9973E-05 0.030035
0.32026 0.238782 0.440757 9.99821E-05 9.99821E-05
9.9973E-05 9.9973E-05 0.996991 9.9973E-05 0.00270894
0.340325 0.620052 0.0394231 9.99821E-05 9.99821E-05
0.479823 0.0725421 0.402398 9.9991E-05 0.0451365
0.377104 0.576395 0.0463007 9.99821E-05 9.99821E-05
0.173121 0.697296 9.9982E-05 9.9982E-05 0.129383
0.102382 0.764771 9.9982E-05 9.9982E-05 0.132648
9.9982E-05 0.797553 0.0482599 9.9982E-05 0.153987
9.99732E-05 0.94721 0.0524899 9.99732E-05 9.99732E-05
9.9982E-05 9.9982E-05 0.953753 0.0262247 0.0198228
9.9973E-05 9.9973E-05 0.978123 0.0215772 9.9973E-05
0.0317565 0.936524 0.0222723 9.9991E-05 0.0093469
0.000411789 0.487014 0.0039574 0.0865768 0.42204
0.0888411 0.19759 9.9982E-05 0.713369 9.9982E-05
9.9973E-05 9.9973E-05 9.9973E-05 0.905292 0.0944081
9.99729E-05 0.825522 9.99729E-05 9.99729E-05 0.174179
9.9973E-05 9.9973E-05 0.00678729 0.992913 9.9973E-05
9.9973E-05 0.924317 9.9973E-05 9.9973E-05 0.0753827
0.0617131 0.10217 9.9991E-05 0.427167 0.40885
9.9973E-05 9.9973E-05 9.9973E-05 0.882215 0.117485
9.997E-05 9.997E-05 0.9996 9.997E-05 9.997E-05
9.997E-05 9.997E-05 0.9996 9.997E-05 9.997E-05
9.9973E-05 0.932518 9.9973E-05 9.9973E-05 0.0671821
0.0704527 9.9973E-05 0.929247 9.9973E-05 9.9973E-05
0.0868989 9.9973E-05 0.912801 9.9973E-05 9.9973E-05
0.203832 9.9991E-05 0.739405 0.0248694 0.0317931
0.292857 9.9982E-05 0.658457 9.9982E-05 0.0484858
0.559254 0.303066 0.133587 0.00399285 9.9991E-05
9.997E-05 9.997E-05 0.9996 9.997E-05 9.997E-05
0.890159 9.9973E-05 0.109541 9.9973E-05 9.9973E-05
9.9982E-05 0.679673 0.0624755 9.9982E-05 0.257651
9.9973E-05 0.00594453 0.993756 9.9973E-05 9.9973E-05
9.99821E-05 0.884177 0.0869657 9.99821E-05 0.0286574
0.223222 0.660758 0.0411284 0.0385413 0.0363509
9.9991E-05 0.353166 0.137281 0.0540029 0.45545
9.9991E-05 0.780153 0.137868 0.00452882 0.0773503
0.0254026 0.797017 0.0738525 0.0175054 0.0862227
0.00540996 0.848031 9.9991E-05 0.0167406 0.129719
0.051553 0.944634 0.00361306 9.9982E-05 9.9982E-05
0.0829968 0.746104 9.9991E-05 0.0119666 0.158832
0.0390226 0.65645 9.9991E-05 0.116586 0.187842
0.0918433 0.685176 0.0282262 0.034537 0.160217
0.0760173 0.66203 0.0881878 9.9991E-05 0.173665
0.0153202 0.946366 9.99822E-05 0.0381135 9.99822E-05
0.9996 9.997E-05 9.997E-05 9.997E-05 9.997E-05
0.9996 9.997E-05 9.997E-05 9.997E-05 9.997E-05
0.995197 9.9973E-05 9.9973E-05 9.9973E-05 0.00450299
0.9996 9.997E-05 9.997E-05 9.997E-05 9.997E-05
0.9996 9.997E-05 9.997E-05 9.997E-05 9.997E-05
0.596943 0.149516 0.230548 0.0199757 0.00301753
0.992836 9.9973E-05 9.9973E-05 9.9973E-05 0.00686377
9.997E-05 0.9996 9.997E-05 9.997E-05 9.997E-05
0.557197 0.3278 0.114803 9.9982E-05 9.9982E-05
9.997E-05 9.997E-05 0.9996 9.997E-05 9.997E-05
9.99821E-05 0.953687 0.00647145 9.99821E-05 0.0396413
9.99731E-05 0.932607 0.0670934 9.99731E-05 9.99731E-05
9.99732E-05 0.984568 9.99732E-05 0.0151323 9.99732E-05
9.997E-05 0.9996 9.997E-05 9.997E-05 9.997E-05
9.9973E-05 0.919973 9.9973E-05 9.9973E-05 0.0797267
0.0137734 0.0637746 9.99821E-05 0.922252 9.99821E-05
9.997E-05 9.997E-05 0.9996 9.997E-05 9.997E-05
0.173742 0.440527 0.274765 0.0218546 0.0891115
9.99731E-05 0.0124094 0.987291 9.99731E-05 9.99731E-05
0.00937254 0.0405463 0.949881 9.9982E-05 9.9982E-05
0.0557991 9.9973E-05 0.943901 9.9973E-05 9.9973E-05
0.0639187 9.9982E-05 0.917591 0.0182907 9.9982E-05
0.0109592 0.0297739 0.916201 9.9991E-05 0.0429663
9.997E-05 9.997E-05 0.9996 9.997E-05 9.997E-05
0.484321 9.99732E-05 0.515379 9.99732E-05 9.99732E-05
0.351966 0.0846195 0.551221 0.0120937 9.99911E-05
0.0389431 0.00909021 0.941952 9.9991E-05 0.00991422
0.0973794 0.766669 0.0818298 9.9991E-05 0.0540217
0.137225 0.754277 0.0576238 9.9991E-05 0.0507742
9.997E-05 9.997E-05 9.997E-05 9.997E-05 0.9996
9.997E-05 9.997E-05 9.997E-05 9.997E-05 0.9996
0.118163 0.788841 9.99819E-05 9.99819E-05 0.0927963
0.101426 0.810371 9.9991E-05 0.0135048 0.0745982
9.997E-05 9.997E-05 9.997E-05 9.997E-05 0.9996
9.997E-05 9.997E-05 9.997E-05 9.997E-05 0.9996
0.0199 0.9798 9.9973E-05 9.9973E-05 9.9973E-05
0.0603249 0.849638 0.029883 0.0600539 9.9991E-05
0.640894 0.294709 0.0641973 9.9982E-05 9.9982E-05
9.9991E-05 0.508837 0.0640854 0.120104 0.306874
9.99821E-05 0.595374 9.99821E-05 0.0791067 0.32532
0.327636 9.9991E-05 0.604239 0.0338887 0.034136
