9.9982E-05 9.9982E-05 0.0318714 0.967929
9.999E-05 0.535761 0.0420801 0.422059
0.0287931 0.865304 0.105803 9.99911E-05
9.9982E-05 0.962721 0.0370793 9.9982E-05
9.99821E-05 0.672035 9.99821E-05 0.327765
9.9982E-05 0.98436 0.0154397 9.9982E-05
9.99821E-05 0.289962 9.99821E-05 0.709838
9.999E-05 0.800603 0.0212214 0.178076
9.99821E-05 0.300007 9.99821E-05 0.699793
9.999E-05 0.0241241 0.133809 0.841967
9.9991E-05 0.0367804 0.137557 0.825562
9.999E-05 0.0224882 0.210489 0.766923
0.00611709 0.0329012 0.029213 0.931769
9.9982E-05 0.966994 0.0328058 9.9982E-05
0.00308225 0.99237 0.00444736 9.9991E-05
9.9991E-05 0.0319217 0.0401076 0.927871
0.0994604 9.9991E-05 0.429663 0.470776
0.727206 0.0335178 9.9991E-05 0.239176
0.903633 9.9982E-05 0.0961668 9.9982E-05
9.9982E-05 9.9982E-05 0.172848 0.826952
0.9997 9.998E-05 9.998E-05 9.998E-05
9.9982E-05 9.9982E-05 0.0580895 0.941711
0.448625 0.0435497 0.391275 0.11655
0.901921 9.9982E-05 0.0978793 9.9982E-05
9.998E-05 0.9997 9.998E-05 9.998E-05
9.998E-05 0.9997 9.998E-05 9.998E-05
9.9982E-05 9.9982E-05 0.101923 0.897877
9.998E-05 0.9997 9.998E-05 9.998E-05
9.998E-05 0.9997 9.998E-05 9.998E-05
0.0357085 0.900555 0.0492846 0.0144519
9.9982E-05 0.944396 0.0554045 9.9982E-05
0.0205815 0.542266 9.9991E-05 0.437053
9.9982E-05 0.994723 0.00507691 9.9982E-05
9.99821E-05 0.84414 9.99821E-05 0.15566
9.9991E-05 0.0675369 0.249441 0.682922
9.998E-05 0.9997 9.998E-05 9.998E-05
9.9991E-05 0.0313628 0.0634707 0.905067
0.0379777 0.165181 0.0373973 0.759444
0.0745392 0.129131 0.426762 0.369568
9.9991E-05 0.0870463 0.112144 0.80071
0.0157632 0.0664633 0.105896 0.811878
0.0293947 9.9991E-05 0.117039 0.853466
9.9982E-05 0.0168341 9.9982E-05 0.982966
9.9991E-05 0.000620246 0.138189 0.861091
0.104515 9.9991E-05 0.233833 0.661552
0.0191787 0.0897556 0.138797 0.752269
0.00470614 0.148487 0.177038 0.669768
0.0519799 9.99822E-05 9.99822E-05 0.94782
0.0449919 0.804627 9.9991E-05 0.150282
0.0593581 0.77356 9.9991E-05 0.166981
0.0666811 0.802218 9.9991E-05 0.131001
0.0560544 0.795985 9.9991E-05 0.147861
0.0468268 0.857756 9.9991E-05 0.0953171
0.0858218 0.714448 9.9991E-05 0.199631
0.0173756 0.749668 9.9991E-05 0.232856
9.998E-05 9.998E-05 9.998E-05 0.9997
9.9982E-05 0.553119 9.9982E-05 0.446681
9.998E-05 0.9997 9.998E-05 9.998E-05
9.99821E-05 9.99821E-05 0.0735793 0.926221
9.9991E-05 0.041079 0.0241398 0.934681
0.0124476 9.99821E-05 9.99821E-05 0.987352
9.9982E-05 9.9982E-05 0.0161591 0.983641
0.00931679 9.9991E-05 0.123974 0.866609
0.912083 0.0201323 9.9991E-05 0.0676846
9.998E-05 0.9997 9.998E-05 9.998E-05
0.101032 0.376786 0.113585 0.408597
9.998E-05 0.9997 9.998E-05 9.998E-05
9.998E-05 0.9997 9.998E-05 9.998E-05
9.998E-05 0.9997 9.998E-05 9.998E-05
0.00467505 0.995125 9.9982E-05 9.9982E-05
9.9991E-05 0.971793 0.0152202 0.0128866
9.9982E-05 0.999289 0.000511233 9.9982E-05
9.99822E-05 0.940662 9.99822E-05 0.0591377
0.026485 0.857516 9.99911E-05 0.115899
9.9982E-05 0.995134 0.00466608 9.9982E-05
9.9991E-05 0.114103 0.0582033 0.827594
9.9991E-05 0.158814 0.043039 0.798047
9.998E-05 9.998E-05 0.9997 9.998E-05
9.998E-05 9.998E-05 0.9997 9.998E-05
9.9991E-05 0.0230199 0.111577 0.865303
0.0106915 0.00781707 0.0885105 0.892981
9.998E-05 9.998E-05 0.9997 9.998E-05
9.998E-05 9.998E-05 0.9997 9.998E-05
9.998E-05 9.998E-05 9.998E-05 0.9997
0.0686983 0.0408191 0.0036797 0.886803
9.9982E-05 0.563645 9.9982E-05 0.436155
0.139307 0.0405475 0.336844 0.483302
0.078145 9.9991E-05 0.338543 0.583212
0.0712548 0.896718 0.0278317 0.00419578
