9.98558E-05 0.889731 9.98558E-05 9.98558E-05 9.98558E-05 9.98558E-05 9.98558E-05 9.98558E-05 9.98558E-05 9.98558E-05 9.98558E-05 9.98558E-05 9.98558E-05 9.98558E-05 0.108671 9.98558E-05 9.98558E-05 9.98558E-05
0.00698189 9.99009E-05 0.0209411 0.182443 9.99009E-05 9.99009E-05 9.99009E-05 9.99009E-05 0.04182 9.99009E-05 9.99009E-05 0.000221847 9.99009E-05 0.660902 9.99009E-05 0.0855911 9.99009E-05 9.99009E-05
9.98471E-05 9.98471E-05 9.98471E-05 9.98471E-05 9.98471E-05 9.98471E-05 9.98471E-05 9.98471E-05 9.98471E-05 9.98471E-05 9.98471E-05 0.998303 9.98471E-05 9.98471E-05 9.98471E-05 9.98471E-05 9.98471E-05 9.98471E-05
9.98921E-05 9.98921E-05 0.00930737 9.98921E-05 0.00607197 9.98921E-05 9.98921E-05 0.0364589 9.98921E-05 9.98921E-05 9.98921E-05 9.98921E-05 0.030184 9.98921E-05 0.00589371 0.910885 9.98921E-05 9.98921E-05
9.98472E-05 9.98472E-05 9.98472E-05 9.98472E-05 9.98472E-05 9.98472E-05 9.98472E-05 9.98472E-05 0.998303 9.98472E-05 9.98472E-05 9.98472E-05 9.98472E-05 9.98472E-05 9.98472E-05 9.98472E-05 9.98472E-05 9.98472E-05
9.98921E-05 9.98921E-05 9.98921E-05 0.0151649 9.98921E-05 9.98921E-05 9.98921E-05 9.98921E-05 0.0359626 9.98921E-05 0.0286892 0.0363461 0.0286156 9.98921E-05 9.98921E-05 0.854023 9.98921E-05 9.98921E-05
9.98563E-05 9.98563E-05 9.98563E-05 9.98563E-05 9.98563E-05 9.98563E-05 9.98563E-05 9.98563E-05 0.00370842 0.994694 9.98563E-05 9.98563E-05 9.98563E-05 9.98563E-05 9.98563E-05 9.98563E-05 9.98563E-05 9.98563E-05
0.472658 9.99099E-05 9.99099E-05 9.99099E-05 0.0747334 9.99099E-05 9.99099E-05 0.0128399 0.0390888 9.99099E-05 9.99099E-05 9.99099E-05 0.218307 0.0937001 0.0752478 0.0124257 9.99099E-05 9.99099E-05
9.98741E-05 9.98741E-05 0.00241073 9.98741E-05 0.0152027 9.98741E-05 9.98741E-05 9.98741E-05 9.98741E-05 0.953214 9.98741E-05 9.98741E-05 9.98741E-05 0.0277748 9.98741E-05 9.98741E-05 9.98741E-05 9.98741E-05
9.98651E-05 9.98651E-05 9.98651E-05 9.98651E-05 9.98651E-05 9.98651E-05 9.98651E-05 9.98651E-05 0.019288 0.0737754 9.98651E-05 9.98651E-05 9.98651E-05 9.98651E-05 0.905439 9.98651E-05 9.98651E-05 9.98651E-05
9.98652E-05 9.98652E-05 9.98652E-05 9.98652E-05 9.98652E-05 9.98652E-05 9.98652E-05 9.98652E-05 0.0264529 0.0524566 9.98652E-05 9.98652E-05 9.98652E-05 9.98652E-05 0.919592 9.98652E-05 9.98652E-05 9.98652E-05
0.0183662 0.623892 9.9901E-05 9.9901E-05 9.9901E-05 9.9901E-05 0.18318 0.135184 0.00561871 9.9901E-05 0.0112748 9.9901E-05 9.9901E-05 9.9901E-05 9.9901E-05 0.0213858 9.9901E-05 9.9901E-05
0.00600864 9.98743E-05 9.98743E-05 9.98743E-05 9.98743E-05 9.98743E-05 0.958637 9.98743E-05 9.98743E-05 0.00105266 9.98743E-05 9.98743E-05 0.0329038 9.98743E-05 9.98743E-05 9.98743E-05 9.98743E-05 9.98743E-05
9.99011E-05 9.99011E-05 9.99011E-05 0.00923532 9.99011E-05 0.0285909 9.99011E-05 9.99011E-05 0.00525874 9.99011E-05 0.0195803 0.0229608 9.99011E-05 0.0348166 9.99011E-05 0.878458 9.99011E-05 9.99011E-05
9.98742E-05 9.98742E-05 9.98742E-05 0.0245471 9.98742E-05 0.0198587 9.98742E-05 9.98742E-05 0.0360983 9.98742E-05 9.98742E-05 9.98742E-05 9.98742E-05 9.98742E-05 9.98742E-05 0.918098 9.98742E-05 9.98742E-05
9.98831E-05 0.0137806 9.98831E-05 9.98831E-05 9.98831E-05 9.98831E-05 0.109843 9.98831E-05 9.98831E-05 9.98831E-05 0.107494 9.98831E-05 9.98831E-05 9.98831E-05 0.0163443 9.98831E-05 0.751239 9.98831E-05
9.98561E-05 9.98561E-05 0.958504 9.98561E-05 9.98561E-05 9.98561E-05 9.98561E-05 9.98561E-05 9.98561E-05 9.98561E-05 9.98561E-05 9.98561E-05 9.98561E-05 9.98561E-05 0.0398982 9.98561E-05 9.98561E-05 9.98561E-05
9.99009E-05 9.99009E-05 0.0561835 0.105778 9.99009E-05 0.785856 9.99009E-05 0.00136835 9.99009E-05 9.99009E-05 9.99009E-05 0.00332734 9.99009E-05 9.99009E-05 0.0241667 9.99009E-05 0.0222215 9.99009E-05
9.98562E-05 9.98562E-05 9.98562E-05 9.98562E-05 9.98562E-05 0.0136127 9.98562E-05 9.98562E-05 9.98562E-05 9.98562E-05 9.98562E-05 9.98562E-05 9.98562E-05 9.98562E-05 9.98562E-05 9.98562E-05 9.98562E-05 0.98479
9.98919E-05 0.121077 0.0144513 9.98919E-05 9.98919E-05 9.98919E-05 9.98919E-05 0.024339 9.98919E-05 9.98919E-05 0.138416 9.98919E-05 9.98919E-05 9.98919E-05 0.43025 9.98919E-05 0.270269 9.98919E-05
9.98561E-05 9.98561E-05 9.98561E-05 9.98561E-05 9.98561E-05 0.920117 9.98561E-05 9.98561E-05 9.98561E-05 9.98561E-05 9.98561E-05 9.98561E-05 9.98561E-05 9.98561E-05 9.98561E-05 9.98561E-05 9.98561E-05 0.0782854
9.98919E-05 0.421904 0.0711183 0.234383 9.98919E-05 9.98919E-05 0.0640529 0.0274859 9.98919E-05 9.98919E-05 9.98919E-05 9.98919E-05 9.98919E-05 9.98919E-05 9.98919E-05 9.98919E-05 0.179857 9.98919E-05
9.98919E-05 9.98919E-05 0.211406 9.98919E-05 9.98919E-05 9.98919E-05 9.98919E-05 0.0908615 0.0476359 9.98919E-05 9.98919E-05 9.98919E-05 0.0118646 9.98919E-05 0.151409 9.98919E-05 9.98919E-05 0.485624
9.98471E-05 9.98471E-05 9.98471E-05 9.98471E-05 9.98471E-05 9.98471E-05 9.98471E-05 9.98471E-05 9.98471E-05 9.98471E-05 9.98471E-05 9.98471E-05 9.98471E-05 9.98471E-05 9.98471E-05 9.98471E-05 9.98471E-05 0.998303
9.98654E-05 9.98654E-05 9.98654E-05 9.98654E-05 9.98654E-05 9.98654E-05 0.00349567 9.98654E-05 9.98654E-05 9.98654E-05 9.98654E-05 0.031258 9.98654E-05 9.98654E-05 9.98654E-05 0.963748 9.98654E-05 9.98654E-05
9.98475E-05 9.98475E-05 9.98475E-05 9.98475E-05 9.98475E-05 9.98475E-05 9.98475E-05 9.98475E-05 9.98475E-05 9.98475E-05 9.98475E-05 9.98475E-05 9.98475E-05 9.98475E-05 9.98475E-05 0.998303 9.98475E-05 9.98475E-05
9.98828E-05 0.0867266 0.0582885 9.98828E-05 9.98828E-05 9.98828E-05 0.778084 0.0309603 9.98828E-05 9.98828E-05 9.98828E-05 9.98828E-05 9.98828E-05 9.98828E-05 0.0446419 9.98828E-05 9.98828E-05 9.98828E-05
0.0213421 9.98921E-05 9.98921E-05 9.98921E-05 0.042675 9.98921E-05 9.98921E-05 9.98921E-05 9.98921E-05 0.00931805 9.98921E-05 9.98921E-05 0.0364352 9.98921E-05 9.98921E-05 0.888349 0.000681623 9.98921E-05
0.0461254 9.98741E-05 9.98741E-05 9.98741E-05 0.067373 9.98741E-05 9.98741E-05 9.98741E-05 9.98741E-05 9.98741E-05 9.98741E-05 9.98741E-05 9.98741E-05 9.98741E-05 9.98741E-05 0.869225 0.0158786 9.98741E-05
9.98923E-05 0.0159041 9.98923E-05 9.98923E-05 0.0773691 9.98923E-05 0.0449258 9.98923E-05 0.0226902 9.98923E-05 9.98923E-05 9.98923E-05 0.535969 9.98923E-05 9.98923E-05 0.301943 9.98923E-05 9.98923E-05
9.98558E-05 9.98558E-05 9.98558E-05 9.98558E-05 9.98558E-05 9.98558E-05 9.98558E-05 9.98558E-05 9.98558E-05 9.98558E-05 9.98558E-05 9.98558E-05 0.955856 9.98558E-05 9.98558E-05 0.0425463 9.98558E-05 9.98558E-05
9.98474E-05 9.98474E-05 9.98474E-05 9.98474E-05 9.98474E-05 9.98474E-05 9.98474E-05 9.98474E-05 9.98474E-05 9.98474E-05 9.98474E-05 9.98474E-05 9.98474E-05 0.998303 9.98474E-05 9.98474E-05 9.98474E-05 9.98474E-05
0.167124 9.98653E-05 9.98653E-05 0.0259726 9.98653E-05 9.98653E-05 9.98653E-05 9.98653E-05 9.98653E-05 9.98653E-05 9.98653E-05 9.98653E-05 9.98653E-05 9.98653E-05 9.98653E-05 0.805405 9.98653E-05 9.98653E-05
0.218153 0.00526409 9.98922E-05 9.98922E-05 0.723259 9.98922E-05 9.98922E-05 9.98922E-05 9.98922E-05 9.98922E-05 9.98922E-05 0.00397725 0.0362347 0.0119132 9.98922E-05 9.98922E-05 9.98922E-05 9.98922E-05
9.99097E-05 9.99097E-05 0.274705 0.0284812 0.0182729 9.99097E-05 0.500262 0.105505 0.0188238 9.99097E-05 0.0269671 9.99097E-05 0.0259834 9.99097E-05 9.99097E-05 9.99097E-05 9.99097E-05 9.99097E-05
0.0531041 9.98919E-05 0.00951911 0.00375318 9.98919E-05 9.98919E-05 0.00925671 9.98919E-05 9.98919E-05 9.98919E-05 0.00459681 9.98919E-05 9.98919E-05 9.98919E-05 9.98919E-05 0.918571 9.98919E-05 9.98919E-05
0.0181494 0.961215 0.0025363 9.98741E-05 9.98741E-05 9.98741E-05 9.98741E-05 9.98741E-05 9.98741E-05 9.98741E-05 9.98741E-05 0.0167012 9.98741E-05 9.98741E-05 9.98741E-05 9.98741E-05 9.98741E-05 9.98741E-05
0.0389752 0.0409532 0.0243558 0.0697236 9.9901E-05 9.9901E-05 9.9901E-05 9.9901E-05 9.9901E-05 9.9901E-05 9.9901E-05 9.9901E-05 9.9901E-05 0.20089 0.610978 9.9901E-05 9.9901E-05 0.0130251
0.00313601 9.98741E-05 0.991331 9.98741E-05 9.98741E-05 9.98741E-05 9.98741E-05 0.00103809 0.00309665 9.98741E-05 9.98741E-05 9.98741E-05 9.98741E-05 9.98741E-05 9.98741E-05 9.98741E-05 9.98741E-05 9.98741E-05
9.98561E-05 9.98561E-05 9.98561E-05 0.998109 9.98561E-05 9.98561E-05 9.98561E-05 9.98561E-05 9.98561E-05 9.98561E-05 9.98561E-05 9.98561E-05 9.98561E-05 9.98561E-05 9.98561E-05 0.000293324 9.98561E-05 9.98561E-05
9.98559E-05 0.0233925 9.98559E-05 0.97501 9.98559E-05 9.98559E-05 9.98559E-05 9.98559E-05 9.98559E-05 9.98559E-05 9.98559E-05 9.98559E-05 9.98559E-05 9.98559E-05 9.98559E-05 9.98559E-05 9.98559E-05 9.98559E-05
9.9892E-05 0.0352748 0.0651033 0.0175411 9.9892E-05 9.9892E-05 9.9892E-05 9.9892E-05 9.9892E-05 9.9892E-05 0.018277 9.9892E-05 9.9892E-05 9.9892E-05 0.856573 9.9892E-05 0.00603199 9.9892E-05
9.9901E-05 0.0123418 9.9901E-05 0.0446615 9.9901E-05 0.00182992 0.0621356 9.9901E-05 9.9901E-05 0.0421018 9.9901E-05 9.9901E-05 9.9901E-05 9.9901E-05 0.0478173 9.9901E-05 0.788013 9.9901E-05
9.98828E-05 0.0254752 9.98828E-05 9.98828E-05 9.98828E-05 9.98828E-05 0.00225913 9.98828E-05 9.98828E-05 9.98828E-05 0.101863 9.98828E-05 0.00364909 9.98828E-05 0.865455 9.98828E-05 9.98828E-05 9.98828E-05
9.99189E-05 9.99189E-05 9.99189E-05 0.153192 0.0048942 9.99189E-05 0.0838652 0.0299911 9.99189E-05 9.99189E-05 0.296968 9.99189E-05 9.99189E-05 0.0482251 0.259989 9.99189E-05 0.0133541 0.108622
9.991E-05 0.026042 9.991E-05 0.250899 9.991E-05 0.00406141 9.991E-05 9.991E-05 9.991E-05 9.991E-05 0.179062 0.00344688 0.0702034 9.991E-05 0.315436 9.991E-05 0.149849 9.991E-05
9.99279E-05 0.207039 0.163238 0.0183423 0.0188307 9.99279E-05 0.0712122 9.99279E-05 9.99279E-05 0.0335785 0.241492 9.99279E-05 0.0469726 9.99279E-05 0.156217 0.0422775 9.99279E-05 9.99279E-05
9.9857E-05 0.979347 9.9857E-05 9.9857E-05 9.9857E-05 0.019055 9.9857E-05 9.9857E-05 9.9857E-05 9.9857E-05 9.9857E-05 9.9857E-05 9.9857E-05 9.9857E-05 9.9857E-05 9.9857E-05 9.9857E-05 9.9857E-05
9.98472E-05 9.98472E-05 9.98472E-05 9.98472E-05 0.998303 9.98472E-05 9.98472E-05 9.98472E-05 9.98472E-05 9.98472E-05 9.98472E-05 9.98472E-05 9.98472E-05 9.98472E-05 9.98472E-05 9.98472E-05 9.98472E-05 9.98472E-05
9.98472E-05 9.98472E-05 9.98472E-05 9.98472E-05 0.998303 9.98472E-05 9.98472E-05 9.98472E-05 9.98472E-05 9.98472E-05 9.98472E-05 9.98472E-05 9.98472E-05 9.98472E-05 9.98472E-05 9.98472E-05 9.98472E-05 9.98472E-05
9.98742E-05 9.98742E-05 9.98742E-05 9.98742E-05 0.981766 9.98742E-05 9.98742E-05 9.98742E-05 9.98742E-05 0.00685723 9.98742E-05 9.98742E-05 9.98742E-05 9.98742E-05 9.98742E-05 0.000278427 0.00970032 9.98742E-05
9.98562E-05 9.98562E-05 9.98562E-05 9.98562E-05 0.994184 0.00421835 9.98562E-05 9.98562E-05 9.98562E-05 9.98562E-05 9.98562E-05 9.98562E-05 9.98562E-05 9.98562E-05 9.98562E-05 9.98562E-05 9.98562E-05 9.98562E-05
9.98473E-05 9.98473E-05 9.98473E-05 9.98473E-05 0.998303 9.98473E-05 9.98473E-05 9.98473E-05 9.98473E-05 9.98473E-05 9.98473E-05 9.98473E-05 9.98473E-05 9.98473E-05 9.98473E-05 9.98473E-05 9.98473E-05 9.98473E-05
0.108461 9.99103E-05 9.99103E-05 9.99103E-05 0.325799 9.99103E-05 9.99103E-05 9.99103E-05 9.99103E-05 0.0443286 9.99103E-05 0.0108744 0.405852 0.000741823 0.0929379 9.99103E-05 9.99103E-05 0.0100062
9.98832E-05 0.0154763 9.98832E-05 9.98832E-05 0.92981 9.98832E-05 0.00391795 9.98832E-05 9.98832E-05 9.98832E-05 9.98832E-05 9.98832E-05 9.98832E-05 0.0482371 0.0012602 9.98832E-05 9.98832E-05 9.98832E-05
9.98649E-05 0.785884 9.98649E-05 9.98649E-05 9.98649E-05 9.98649E-05 9.98649E-05 9.98649E-05 9.98649E-05 9.98649E-05 0.0400195 9.98649E-05 9.98649E-05 9.98649E-05 9.98649E-05 9.98649E-05 0.172598 9.98649E-05
9.98829E-05 9.98829E-05 9.98829E-05 9.98829E-05 0.0356881 9.98829E-05 9.98829E-05 9.98829E-05 9.98829E-05 0.057906 9.98829E-05 0.00297368 9.98829E-05 0.900467 9.98829E-05 9.98829E-05 0.00166669 9.98829E-05
9.9883E-05 9.9883E-05 0.00635579 0.00119479 9.9883E-05 9.9883E-05 9.9883E-05 9.9883E-05 0.0357565 9.9883E-05 0.00422489 9.9883E-05 9.9883E-05 9.9883E-05 9.9883E-05 0.95117 9.9883E-05 9.9883E-05
9.98832E-05 9.98832E-05 9.98832E-05 0.0792669 0.00268034 9.98832E-05 0.844533 0.0208574 9.98832E-05 9.98832E-05 9.98832E-05 9.98832E-05 9.98832E-05 9.98832E-05 9.98832E-05 9.98832E-05 0.0513635 9.98832E-05
0.00184443 9.98653E-05 9.98653E-05 9.98653E-05 9.98653E-05 9.98653E-05 9.98653E-05 9.98653E-05 9.98653E-05 9.98653E-05 0.134787 9.98653E-05 9.98653E-05 9.98653E-05 9.98653E-05 9.98653E-05 0.861871 9.98653E-05
0.0198997 9.98654E-05 9.98654E-05 9.98654E-05 9.98654E-05 9.98654E-05 0.962704 9.98654E-05 9.98654E-05 0.015898 9.98654E-05 9.98654E-05 9.98654E-05 9.98654E-05 9.98654E-05 9.98654E-05 9.98654E-05 9.98654E-05
9.9856E-05 9.9856E-05 9.9856E-05 9.9856E-05 9.9856E-05 9.9856E-05 0.896466 9.9856E-05 9.9856E-05 9.9856E-05 9.9856E-05 9.9856E-05 9.9856E-05 9.9856E-05 0.101936 9.9856E-05 9.9856E-05 9.9856E-05
9.98739E-05 9.98739E-05 9.98739E-05 9.98739E-05 9.98739E-05 9.98739E-05 0.825066 0.0410888 9.98739E-05 9.98739E-05 0.0286412 9.98739E-05 9.98739E-05 9.98739E-05 0.103805 9.98739E-05 9.98739E-05 9.98739E-05
9.98475E-05 9.98475E-05 9.98475E-05 9.98475E-05 9.98475E-05 0.998303 9.98475E-05 9.98475E-05 9.98475E-05 9.98475E-05 9.98475E-05 9.98475E-05 9.98475E-05 9.98475E-05 9.98475E-05 9.98475E-05 9.98475E-05 9.98475E-05
9.98567E-05 9.98567E-05 9.98567E-05 9.98567E-05 9.98567E-05 9.98567E-05 9.98567E-05 9.98567E-05 9.98567E-05 9.98567E-05 9.98567E-05 0.0222711 9.98567E-05 9.98567E-05 9.98567E-05 0.976131 9.98567E-05 9.98567E-05
9.994E-05 0.0333312 9.994E-05 0.127462 0.0112556 9.994E-05 9.994E-05 9.994E-05 9.994E-05 0.0362284 0.111147 0.0918351 0.318991 0.0207436 0.0316733 0.0222338 0.116969 0.07753
0.0524928 9.98655E-05 9.98655E-05 9.98655E-05 9.98655E-05 9.98655E-05 9.98655E-05 9.98655E-05 9.98655E-05 9.98655E-05 9.98655E-05 0.169804 9.98655E-05 9.98655E-05 9.98655E-05 0.776205 9.98655E-05 9.98655E-05
9.9901E-05 0.00858111 0.00913177 9.9901E-05 0.00112781 9.9901E-05 9.9901E-05 9.9901E-05 0.0970034 0.00327732 9.9901E-05 9.9901E-05 0.00456389 9.9901E-05 9.9901E-05 0.875216 9.9901E-05 9.9901E-05
0.0436576 9.9883E-05 9.9883E-05 9.9883E-05 0.0389289 9.9883E-05 9.9883E-05 9.9883E-05 9.9883E-05 0.0176278 9.9883E-05 9.9883E-05 9.9883E-05 9.9883E-05 9.9883E-05 0.872274 0.0262135 9.9883E-05
9.98922E-05 0.00818473 9.98922E-05 9.98922E-05 0.0526807 0.0100327 9.98922E-05 9.98922E-05 9.98922E-05 0.0458087 9.98922E-05 9.98922E-05 9.98922E-05 9.98922E-05 9.98922E-05 0.88042 0.00167471 9.98922E-05
9.98832E-05 9.98832E-05 0.00976966 0.0581457 9.98832E-05 9.98832E-05 9.98832E-05 9.98832E-05 0.0258476 9.98832E-05 9.98832E-05 9.98832E-05 0.201569 9.98832E-05 9.98832E-05 0.703369 9.98832E-05 9.98832E-05
0.00131385 9.9874E-05 0.024277 9.9874E-05 9.9874E-05 9.9874E-05 9.9874E-05 9.9874E-05 0.0370432 9.9874E-05 9.9874E-05 9.9874E-05 9.9874E-05 9.9874E-05 9.9874E-05 0.935968 9.9874E-05 9.9874E-05
0.950547 9.98651E-05 9.98651E-05 9.98651E-05 0.0277729 9.98651E-05 9.98651E-05 9.98651E-05 0.020182 9.98651E-05 9.98651E-05 9.98651E-05 9.98651E-05 9.98651E-05 9.98651E-05 9.98651E-05 9.98651E-05 9.98651E-05
0.98605 9.98561E-05 9.98561E-05 9.98561E-05 9.98561E-05 9.98561E-05 0.0123527 9.98561E-05 9.98561E-05 9.98561E-05 9.98561E-05 9.98561E-05 9.98561E-05 9.98561E-05 9.98561E-05 9.98561E-05 9.98561E-05 9.98561E-05
9.98832E-05 9.98832E-05 9.98832E-05 9.98832E-05 0.0618208 9.98832E-05 9.98832E-05 0.00836758 9.98832E-05 9.98832E-05 9.98832E-05 0.0291901 9.98832E-05 9.98832E-05 9.98832E-05 0.875642 0.0236811 9.98832E-05
9.9874E-05 9.9874E-05 0.0188555 9.9874E-05 0.00910229 9.9874E-05 9.9874E-05 9.9874E-05 9.9874E-05 9.9874E-05 9.9874E-05 9.9874E-05 9.9874E-05 9.9874E-05 9.9874E-05 0.0088912 0.961753 9.9874E-05
9.98561E-05 9.98561E-05 9.98561E-05 9.98561E-05 0.0020192 9.98561E-05 9.98561E-05 9.98561E-05 9.98561E-05 9.98561E-05 9.98561E-05 9.98561E-05 9.98561E-05 9.98561E-05 9.98561E-05 9.98561E-05 0.996383 9.98561E-05
9.98473E-05 9.98473E-05 9.98473E-05 9.98473E-05 9.98473E-05 9.98473E-05 9.98473E-05 0.998303 9.98473E-05 9.98473E-05 9.98473E-05 9.98473E-05 9.98473E-05 9.98473E-05 9.98473E-05 9.98473E-05 9.98473E-05 9.98473E-05
9.98474E-05 9.98474E-05 9.98474E-05 9.98474E-05 9.98474E-05 9.98474E-05 9.98474E-05 0.998303 9.98474E-05 9.98474E-05 9.98474E-05 9.98474E-05 9.98474E-05 9.98474E-05 9.98474E-05 9.98474E-05 9.98474E-05 9.98474E-05
0.0349795 0.00374745 9.99099E-05 0.120792 9.99099E-05 9.99099E-05 0.00369458 0.000467877 9.99099E-05 9.99099E-05 9.99099E-05 9.99099E-05 9.99099E-05 0.0439499 0.706774 9.99099E-05 0.0845952 9.99099E-05
0.00760828 9.98919E-05 9.98919E-05 0.0730882 9.98919E-05 9.98919E-05 0.0815546 9.98919E-05 9.98919E-05 9.98919E-05 9.98919E-05 9.98919E-05 9.98919E-05 0.0388738 0.721314 9.98919E-05 0.0763624 9.98919E-05
9.98653E-05 9.98653E-05 9.98653E-05 9.98653E-05 9.98653E-05 9.98653E-05 9.98653E-05 0.973052 9.98653E-05 9.98653E-05 9.98653E-05 9.98653E-05 9.98653E-05 0.00427109 9.98653E-05 9.98653E-05 0.0211789 9.98653E-05
9.98474E-05 9.98474E-05 9.98474E-05 9.98474E-05 9.98474E-05 9.98474E-05 9.98474E-05 0.998303 9.98474E-05 9.98474E-05 9.98474E-05 9.98474E-05 9.98474E-05 9.98474E-05 9.98474E-05 9.98474E-05 9.98474E-05 9.98474E-05
9.98649E-05 0.945375 9.98649E-05 9.98649E-05 9.98649E-05 9.98649E-05 0.0142416 9.98649E-05 9.98649E-05 9.98649E-05 9.98649E-05 9.98649E-05 9.98649E-05 9.98649E-05 9.98649E-05 9.98649E-05 0.0388853 9.98649E-05
9.9883E-05 9.9883E-05 9.9883E-05 0.76612 9.9883E-05 9.9883E-05 0.0874197 9.9883E-05 9.9883E-05 0.123848 9.9883E-05 9.9883E-05 9.9883E-05 9.9883E-05 9.9883E-05 9.9883E-05 0.00428397 0.0170295
9.98739E-05 9.98739E-05 9.98739E-05 9.98739E-05 0.0659524 9.98739E-05 9.98739E-05 9.98739E-05 9.98739E-05 0.056746 0.0272734 9.98739E-05 9.98739E-05 0.84863 9.98739E-05 9.98739E-05 9.98739E-05 9.98739E-05
9.98469E-05 9.98469E-05 9.98469E-05 9.98469E-05 9.98469E-05 9.98469E-05 9.98469E-05 9.98469E-05 9.98469E-05 9.98469E-05 0.998303 9.98469E-05 9.98469E-05 9.98469E-05 9.98469E-05 9.98469E-05 9.98469E-05 9.98469E-05
9.98831E-05 0.0257899 0.124184 9.98831E-05 9.98831E-05 9.98831E-05 0.124672 0.0277176 9.98831E-05 9.98831E-05 0.696338 9.98831E-05 9.98831E-05 9.98831E-05 9.98831E-05 9.98831E-05 9.98831E-05 9.98831E-05
9.9847E-05 9.9847E-05 9.9847E-05 9.9847E-05 9.9847E-05 9.9847E-05 9.9847E-05 9.9847E-05 9.9847E-05 9.9847E-05 9.9847E-05 9.9847E-05 0.998303 9.9847E-05 9.9847E-05 9.9847E-05 9.9847E-05 9.9847E-05
