0.0446524 9.98649E-05 0.0228664 9.98649E-05 9.98649E-05 9.98649E-05 0.930983 9.98649E-05 9.98649E-05 9.98649E-05 9.98649E-05 9.98649E-05 9.98649E-05 9.98649E-05 9.98649E-05 9.98649E-05 9.98649E-05 9.98649E-05
9.98739E-05 9.98739E-05 0.0836593 9.98739E-05 0.736533 9.98739E-05 0.0430743 9.98739E-05 9.98739E-05 9.98739E-05 9.98739E-05 9.98739E-05 0.135335 9.98739E-05 9.98739E-05 9.98739E-05 9.98739E-05 9.98739E-05
9.98929E-05 9.98929E-05 9.98929E-05 9.98929E-05 9.98929E-05 9.98929E-05 9.98929E-05 9.98929E-05 9.98929E-05 9.98929E-05 0.0147683 9.98929E-05 0.632134 0.0581948 9.98929E-05 0.0341133 0.0434422 0.216149
9.98741E-05 9.98741E-05 9.98741E-05 9.98741E-05 9.98741E-05 0.014543 9.98741E-05 0.0562789 9.98741E-05 9.98741E-05 9.98741E-05 9.98741E-05 0.903413 0.0243669 9.98741E-05 9.98741E-05 9.98741E-05 9.98741E-05
0.115433 9.99282E-05 0.0368422 9.99282E-05 0.099865 9.99282E-05 0.0335238 0.0870623 0.00392436 0.229031 9.99282E-05 9.99282E-05 0.338232 9.99282E-05 0.0382913 9.99282E-05 9.99282E-05 0.0169958
9.9901E-05 9.9901E-05 0.0106399 0.00650387 9.9901E-05 0.000491148 9.9901E-05 0.0614232 0.0179791 9.9901E-05 9.9901E-05 0.00482144 0.897042 9.9901E-05 9.9901E-05 9.9901E-05 9.9901E-05 9.9901E-05
9.98471E-05 9.98471E-05 9.98471E-05 9.98471E-05 9.98471E-05 9.98471E-05 9.98471E-05 9.98471E-05 9.98471E-05 0.998303 9.98471E-05 9.98471E-05 9.98471E-05 9.98471E-05 9.98471E-05 9.98471E-05 9.98471E-05 9.98471E-05
0.0873175 9.98829E-05 9.98829E-05 9.98829E-05 0.0969921 9.98829E-05 9.98829E-05 0.285539 9.98829E-05 9.98829E-05 9.98829E-05 9.98829E-05 9.98829E-05 9.98829E-05 0.105746 9.98829E-05 9.98829E-05 0.423106
9.9865E-05 9.9865E-05 9.9865E-05 9.9865E-05 0.0545308 9.9865E-05 9.9865E-05 9.9865E-05 9.9865E-05 0.933032 9.9865E-05 9.9865E-05 9.9865E-05 9.9865E-05 0.0109391 9.9865E-05 9.9865E-05 9.9865E-05
0.867446 9.98562E-05 9.98562E-05 9.98562E-05 9.98562E-05 9.98562E-05 9.98562E-05 9.98562E-05 9.98562E-05 0.130956 9.98562E-05 9.98562E-05 9.98562E-05 9.98562E-05 9.98562E-05 9.98562E-05 9.98562E-05 9.98562E-05
0.891576 9.98652E-05 9.98652E-05 9.98652E-05 9.98652E-05 9.98652E-05 9.98652E-05 9.98652E-05 0.00459049 0.102336 9.98652E-05 9.98652E-05 9.98652E-05 9.98652E-05 9.98652E-05 9.98652E-05 9.98652E-05 9.98652E-05
9.9901E-05 9.9901E-05 9.9901E-05 9.9901E-05 9.9901E-05 9.9901E-05 0.639197 9.9901E-05 0.0918783 0.0184302 0.00731008 9.9901E-05 0.0235852 0.0883856 9.9901E-05 0.130114 9.9901E-05 9.9901E-05
9.98655E-05 9.98655E-05 9.98655E-05 9.98655E-05 9.98655E-05 9.98655E-05 9.98655E-05 9.98655E-05 9.98655E-05 0.0162946 9.98655E-05 9.98655E-05 9.98655E-05 9.98655E-05 9.98655E-05 0.968582 9.98655E-05 0.0136255
9.98742E-05 9.98742E-05 9.98742E-05 0.0353741 0.0448953 9.98742E-05 9.98742E-05 9.98742E-05 9.98742E-05 9.98742E-05 0.0256759 9.98742E-05 0.892656 9.98742E-05 9.98742E-05 9.98742E-05 9.98742E-05 9.98742E-05
0.023438 9.98922E-05 9.98922E-05 9.98922E-05 9.98922E-05 9.98922E-05 0.00723226 9.98922E-05 0.0103065 9.98922E-05 0.00940862 0.00306719 0.945349 9.98922E-05 9.98922E-05 9.98922E-05 9.98922E-05 9.98922E-05
9.9874E-05 0.806803 9.9874E-05 0.0179296 9.9874E-05 9.9874E-05 9.9874E-05 9.9874E-05 0.0724567 9.9874E-05 9.9874E-05 9.9874E-05 9.9874E-05 9.9874E-05 9.9874E-05 0.101412 9.9874E-05 9.9874E-05
0.0171888 0.00751672 0.963671 9.9883E-05 9.9883E-05 0.0092737 9.9883E-05 9.9883E-05 9.9883E-05 9.9883E-05 9.9883E-05 9.9883E-05 9.9883E-05 9.9883E-05 9.9883E-05 9.9883E-05 0.00105089 9.9883E-05
9.98467E-05 9.98467E-05 9.98467E-05 9.98467E-05 9.98467E-05 9.98467E-05 9.98467E-05 9.98467E-05 9.98467E-05 9.98467E-05 9.98467E-05 9.98467E-05 9.98467E-05 9.98467E-05 9.98467E-05 9.98467E-05 0.998303 9.98467E-05
9.98472E-05 9.98472E-05 9.98472E-05 9.98472E-05 9.98472E-05 0.998303 9.98472E-05 9.98472E-05 9.98472E-05 9.98472E-05 9.98472E-05 9.98472E-05 9.98472E-05 9.98472E-05 9.98472E-05 9.98472E-05 9.98472E-05 9.98472E-05
0.512534 0.243884 9.98919E-05 0.0161141 9.98919E-05 9.98919E-05 0.0743635 9.98919E-05 0.13015 9.98919E-05 9.98919E-05 9.98919E-05 9.98919E-05 0.0217558 9.98919E-05 9.98919E-05 9.98919E-05 9.98919E-05
9.98473E-05 9.98473E-05 9.98473E-05 9.98473E-05 9.98473E-05 9.98473E-05 9.98473E-05 9.98473E-05 9.98473E-05 9.98473E-05 0.998303 9.98473E-05 9.98473E-05 9.98473E-05 9.98473E-05 9.98473E-05 9.98473E-05 9.98473E-05
0.0548149 0.29299 0.0777994 9.98919E-05 9.98919E-05 9.98919E-05 0.514052 9.98919E-05 9.98919E-05 9.98919E-05 9.98919E-05 0.00573434 9.98919E-05 9.98919E-05 9.98919E-05 0.0534106 9.98919E-05 9.98919E-05
0.0547035 9.98921E-05 0.161902 0.0933724 9.98921E-05 9.98921E-05 9.98921E-05 0.0101332 9.98921E-05 9.98921E-05 9.98921E-05 9.98921E-05 9.98921E-05 0.135296 9.98921E-05 9.98921E-05 0.543394 9.98921E-05
9.9865E-05 9.9865E-05 9.9865E-05 0.052144 9.9865E-05 0.838294 9.9865E-05 9.9865E-05 9.9865E-05 9.9865E-05 9.9865E-05 9.9865E-05 9.9865E-05 9.9865E-05 9.9865E-05 9.9865E-05 0.108064 9.9865E-05
9.98744E-05 9.98744E-05 9.98744E-05 9.98744E-05 9.98744E-05 9.98744E-05 9.98744E-05 9.98744E-05 9.98744E-05 0.0180361 9.98744E-05 9.98744E-05 0.949576 9.98744E-05 0.0281008 0.00288867 9.98744E-05 9.98744E-05
9.98475E-05 9.98475E-05 9.98475E-05 9.98475E-05 9.98475E-05 9.98475E-05 9.98475E-05 9.98475E-05 9.98475E-05 9.98475E-05 9.98475E-05 9.98475E-05 0.998303 9.98475E-05 9.98475E-05 9.98475E-05 9.98475E-05 9.98475E-05
0.0467873 9.98918E-05 0.0515385 9.98918E-05 9.98918E-05 9.98918E-05 0.0674582 0.00104307 9.98918E-05 9.98918E-05 9.98918E-05 9.98918E-05 9.98918E-05 0.0286373 9.98918E-05 0.803337 9.98918E-05 9.98918E-05
9.98741E-05 0.00654061 9.98741E-05 9.98741E-05 9.98741E-05 9.98741E-05 9.98741E-05 9.98741E-05 9.98741E-05 0.0203315 9.98741E-05 9.98741E-05 0.893643 9.98741E-05 0.0780864 9.98741E-05 9.98741E-05 9.98741E-05
9.98831E-05 0.0100388 9.98831E-05 9.98831E-05 9.98831E-05 9.98831E-05 9.98831E-05 9.98831E-05 9.98831E-05 0.0111693 9.98831E-05 9.98831E-05 0.872056 9.98831E-05 0.0835072 9.98831E-05 9.98831E-05 0.02193
9.98921E-05 9.98921E-05 0.0190849 9.98921E-05 9.98921E-05 9.98921E-05 0.0134319 0.533498 9.98921E-05 9.98921E-05 9.98921E-05 0.0394517 0.315794 9.98921E-05 0.0775413 9.98921E-05 9.98921E-05 9.98921E-05
9.98559E-05 9.98559E-05 9.98559E-05 9.98559E-05 9.98559E-05 9.98559E-05 9.98559E-05 0.979228 9.98559E-05 9.98559E-05 9.98559E-05 9.98559E-05 0.0191741 9.98559E-05 9.98559E-05 9.98559E-05 9.98559E-05 9.98559E-05
9.98475E-05 9.98475E-05 9.98475E-05 9.98475E-05 0.998303 9.98475E-05 9.98475E-05 9.98475E-05 9.98475E-05 9.98475E-05 9.98475E-05 9.98475E-05 9.98475E-05 9.98475E-05 9.98475E-05 9.98475E-05 9.98475E-05 9.98475E-05
9.98832E-05 0.00861868 0.00606619 9.98832E-05 9.98832E-05 9.98832E-05 9.98832E-05 0.0399983 9.98832E-05 9.98832E-05 9.98832E-05 9.98832E-05 0.804237 9.98832E-05 9.98832E-05 9.98832E-05 9.98832E-05 0.139782
9.98743E-05 9.98743E-05 9.98743E-05 9.98743E-05 9.98743E-05 9.98743E-05 9.98743E-05 0.0495949 9.98743E-05 0.0224215 9.98743E-05 9.98743E-05 9.98743E-05 9.98743E-05 0.746054 9.98743E-05 9.98743E-05 0.180532
9.98916E-05 9.98916E-05 0.2596 0.0668937 9.98916E-05 9.98916E-05 0.0254854 0.0626661 9.98916E-05 9.98916E-05 9.98916E-05 9.98916E-05 9.98916E-05 0.0775748 9.98916E-05 0.506582 9.98916E-05 9.98916E-05
9.98919E-05 9.98919E-05 0.0245147 0.0344762 9.98919E-05 9.98919E-05 9.98919E-05 0.0058601 9.98919E-05 0.0175157 9.98919E-05 9.98919E-05 0.870637 9.98919E-05 9.98919E-05 9.98919E-05 9.98919E-05 0.0457979
9.9865E-05 9.9865E-05 9.9865E-05 0.0167399 9.9865E-05 9.9865E-05 0.935647 9.9865E-05 9.9865E-05 9.9865E-05 9.9865E-05 9.9865E-05 9.9865E-05 9.9865E-05 9.9865E-05 9.9865E-05 9.9865E-05 0.0461147
0.597012 9.99099E-05 0.0591322 9.99099E-05 0.183376 9.99099E-05 0.0827623 9.99099E-05 9.99099E-05 9.99099E-05 9.99099E-05 0.0235672 9.99099E-05 9.99099E-05 9.99099E-05 0.000809615 0.00859056 0.0437514
9.98561E-05 9.98561E-05 0.98771 9.98561E-05 9.98561E-05 9.98561E-05 9.98561E-05 9.98561E-05 9.98561E-05 9.98561E-05 9.98561E-05 9.98561E-05 9.98561E-05 9.98561E-05 9.98561E-05 9.98561E-05 9.98561E-05 0.0106927
0.357774 0.190152 0.134888 9.99098E-05 9.99098E-05 9.99098E-05 0.21146 9.99098E-05 0.00230437 9.99098E-05 9.99098E-05 0.00358439 0.0891412 9.99098E-05 9.99098E-05 9.99098E-05 0.00969684 9.99098E-05
0.333592 0.178867 0.105382 9.99007E-05 0.00600522 9.99007E-05 0.282028 9.99007E-05 9.99007E-05 9.99007E-05 9.99007E-05 9.99007E-05 0.065101 9.99007E-05 9.99007E-05 9.99007E-05 0.0279256 9.99007E-05
0.894705 9.99009E-05 0.0051728 0.0254055 9.99009E-05 0.0171067 0.0299554 9.99009E-05 0.017494 9.99009E-05 9.99009E-05 9.99009E-05 9.99009E-05 9.99009E-05 9.99009E-05 0.00906134 9.99009E-05 9.99009E-05
0.0382711 0.803438 9.9901E-05 9.9901E-05 9.9901E-05 9.9901E-05 0.0123839 9.9901E-05 0.00182997 0.0287533 0.000472695 9.9901E-05 9.9901E-05 9.9901E-05 9.9901E-05 0.113752 9.9901E-05 9.9901E-05
0.84828 9.98829E-05 9.98829E-05 0.0767265 9.98829E-05 9.98829E-05 9.98829E-05 0.00162827 0.0565812 9.98829E-05 9.98829E-05 9.98829E-05 9.98829E-05 9.98829E-05 9.98829E-05 0.0154853 9.98829E-05 9.98829E-05
0.276966 0.104723 9.99189E-05 0.367549 0.0176691 0.0289056 0.0244409 9.99189E-05 9.99189E-05 9.99189E-05 9.99189E-05 9.99189E-05 9.99189E-05 0.0238249 9.99189E-05 0.110196 0.0448263 9.99189E-05
0.343207 0.19514 9.99099E-05 0.245561 0.0139685 9.99099E-05 0.0774731 0.0527091 9.99099E-05 9.99099E-05 9.99099E-05 0.0630673 0.00787472 9.99099E-05 9.99099E-05 9.99099E-05 9.99099E-05 9.99099E-05
0.078863 9.99098E-05 0.168445 0.333067 9.99098E-05 9.99098E-05 0.174607 0.113786 9.99098E-05 0.067288 9.99098E-05 0.0188232 9.99098E-05 9.99098E-05 9.99098E-05 0.0441218 9.99098E-05 9.99098E-05
9.98569E-05 9.98569E-05 9.98569E-05 9.98569E-05 9.98569E-05 9.98569E-05 0.979432 9.98569E-05 9.98569E-05 9.98569E-05 9.98569E-05 9.98569E-05 9.98569E-05 9.98569E-05 9.98569E-05 9.98569E-05 0.0189702 9.98569E-05
9.98473E-05 9.98473E-05 9.98473E-05 9.98473E-05 9.98473E-05 9.98473E-05 9.98473E-05 9.98473E-05 9.98473E-05 9.98473E-05 9.98473E-05 9.98473E-05 9.98473E-05 9.98473E-05 0.998303 9.98473E-05 9.98473E-05 9.98473E-05
9.98742E-05 9.98742E-05 0.00219111 0.0126892 9.98742E-05 9.98742E-05 9.98742E-05 9.98742E-05 9.98742E-05 9.98742E-05 9.98742E-05 9.98742E-05 9.98742E-05 9.98742E-05 0.975888 9.98742E-05 0.00783334 9.98742E-05
0.0133262 9.98743E-05 9.98743E-05 9.98743E-05 9.98743E-05 9.98743E-05 9.98743E-05 9.98743E-05 0.00204618 9.98743E-05 9.98743E-05 9.98743E-05 0.00160203 9.98743E-05 0.981627 9.98743E-05 9.98743E-05 9.98743E-05
9.98653E-05 9.98653E-05 9.98653E-05 9.98653E-05 9.98653E-05 9.98653E-05 9.98653E-05 9.98653E-05 0.00273774 9.98653E-05 0.00185826 9.98653E-05 9.98653E-05 9.98653E-05 0.993906 9.98653E-05 9.98653E-05 9.98653E-05
9.98403E-05 9.98403E-05 9.98403E-05 9.98403E-05 9.98403E-05 9.98403E-05 9.98403E-05 0.0134472 9.98403E-05 9.98403E-05 9.98403E-05 9.98403E-05 9.98403E-05 9.98403E-05 0.984955 9.98403E-05 9.98403E-05 9.98403E-05
0.0152002 0.0545921 9.99192E-05 9.99192E-05 0.0408596 9.99192E-05 9.99192E-05 0.395927 9.99192E-05 0.0473063 0.0389666 9.99192E-05 0.0187134 9.99192E-05 0.346414 9.99192E-05 9.99192E-05 0.0411217
9.98652E-05 9.98652E-05 9.98652E-05 9.98652E-05 0.0643501 9.98652E-05 9.98652E-05 9.98652E-05 0.00177115 9.98652E-05 9.98652E-05 9.98652E-05 9.98652E-05 9.98652E-05 0.932381 9.98652E-05 9.98652E-05 9.98652E-05
9.98647E-05 0.127657 9.98647E-05 9.98647E-05 9.98647E-05 9.98647E-05 0.734559 9.98647E-05 0.136286 9.98647E-05 9.98647E-05 9.98647E-05 9.98647E-05 9.98647E-05 9.98647E-05 9.98647E-05 9.98647E-05 9.98647E-05
9.98829E-05 0.00161898 9.98829E-05 9.98829E-05 0.918325 9.98829E-05 9.98829E-05 9.98829E-05 0.0209933 0.0399417 9.98829E-05 9.98829E-05 9.98829E-05 9.98829E-05 0.0178224 9.98829E-05 9.98829E-05 9.98829E-05
9.9856E-05 9.9856E-05 0.015816 9.9856E-05 9.9856E-05 9.9856E-05 9.9856E-05 9.9856E-05 9.9856E-05 9.9856E-05 9.9856E-05 9.9856E-05 0.982586 9.9856E-05 9.9856E-05 9.9856E-05 9.9856E-05 9.9856E-05
9.98897E-05 0.0950882 9.98897E-05 9.98897E-05 9.98897E-05 9.98897E-05 9.98897E-05 9.98897E-05 0.0391631 9.98897E-05 0.00851951 9.98897E-05 9.98897E-05 0.0374829 9.98897E-05 0.818448 9.98897E-05 9.98897E-05
9.98744E-05 0.879196 9.98744E-05 0.0440666 9.98744E-05 9.98744E-05 9.98744E-05 9.98744E-05 0.06146 9.98744E-05 9.98744E-05 9.98744E-05 9.98744E-05 9.98744E-05 9.98744E-05 0.0138793 9.98744E-05 9.98744E-05
9.98744E-05 9.98744E-05 9.98744E-05 9.98744E-05 9.98744E-05 0.00167999 9.98744E-05 9.98744E-05 9.98744E-05 0.0542631 9.98744E-05 9.98744E-05 9.98744E-05 9.98744E-05 9.98744E-05 0.923157 9.98744E-05 0.0195016
0.0764499 9.98649E-05 9.98649E-05 9.98649E-05 9.98649E-05 9.98649E-05 0.0137041 9.98649E-05 9.98649E-05 9.98649E-05 9.98649E-05 9.98649E-05 9.98649E-05 9.98649E-05 9.98649E-05 0.908348 9.98649E-05 9.98649E-05
0.0641326 9.98918E-05 9.98918E-05 0.024696 9.98918E-05 0.0179769 9.98918E-05 9.98918E-05 0.0504955 9.98918E-05 9.98918E-05 9.98918E-05 9.98918E-05 0.0253247 9.98918E-05 0.816175 9.98918E-05 9.98918E-05
9.98472E-05 9.98472E-05 9.98472E-05 9.98472E-05 9.98472E-05 9.98472E-05 9.98472E-05 9.98472E-05 9.98472E-05 9.98472E-05 9.98472E-05 0.998303 9.98472E-05 9.98472E-05 9.98472E-05 9.98472E-05 9.98472E-05 9.98472E-05
9.98477E-05 9.98477E-05 9.98477E-05 9.98477E-05 9.98477E-05 9.98477E-05 9.98477E-05 9.98477E-05 9.98477E-05 9.98477E-05 9.98477E-05 9.98477E-05 0.998303 9.98477E-05 9.98477E-05 9.98477E-05 9.98477E-05 9.98477E-05
0.230012 9.99192E-05 0.0839338 9.99192E-05 9.99192E-05 9.99192E-05 0.101973 9.99192E-05 9.99192E-05 9.99192E-05 0.030331 9.99192E-05 0.20473 0.0240417 0.15655 0.0344 9.99192E-05 0.133128
9.98655E-05 0.00108529 9.98655E-05 9.98655E-05 9.98655E-05 9.98655E-05 9.98655E-05 9.98655E-05 9.98655E-05 9.98655E-05 9.98655E-05 9.98655E-05 0.86738 9.98655E-05 9.98655E-05 9.98655E-05 9.98655E-05 0.130037
9.9892E-05 9.9892E-05 0.02232 9.9892E-05 9.9892E-05 9.9892E-05 0.0095714 0.0249817 0.0143161 0.0134886 9.9892E-05 9.9892E-05 0.914123 9.9892E-05 9.9892E-05 9.9892E-05 9.9892E-05 9.9892E-05
9.9883E-05 0.0606381 9.9883E-05 9.9883E-05 9.9883E-05 9.9883E-05 9.9883E-05 9.9883E-05 9.9883E-05 0.0089913 9.9883E-05 9.9883E-05 0.853967 9.9883E-05 0.0559365 9.9883E-05 9.9883E-05 0.0191682
9.98921E-05 0.0190585 9.98921E-05 9.98921E-05 0.00431956 9.98921E-05 9.98921E-05 9.98921E-05 9.98921E-05 9.98921E-05 0.00781775 9.98921E-05 0.901207 9.98921E-05 0.0379194 9.98921E-05 9.98921E-05 0.0284794
0.0152444 9.98832E-05 9.98832E-05 9.98832E-05 9.98832E-05 9.98832E-05 0.0413629 0.230231 0.0194939 9.98832E-05 9.98832E-05 9.98832E-05 0.692369 9.98832E-05 9.98832E-05 9.98832E-05 9.98832E-05 9.98832E-05
9.98739E-05 9.98739E-05 0.0357511 9.98739E-05 9.98739E-05 9.98739E-05 9.98739E-05 9.98739E-05 0.00835088 0.0143013 9.98739E-05 9.98739E-05 0.940199 9.98739E-05 9.98739E-05 9.98739E-05 9.98739E-05 9.98739E-05
9.9865E-05 9.9865E-05 9.9865E-05 9.9865E-05 9.9865E-05 9.9865E-05 9.9865E-05 0.0152157 9.9865E-05 9.9865E-05 9.9865E-05 9.9865E-05 9.9865E-05 9.9865E-05 0.00781799 9.9865E-05 9.9865E-05 0.975468
9.98649E-05 9.98649E-05 9.98649E-05 9.98649E-05 9.98649E-05 9.98649E-05 9.98649E-05 9.98649E-05 9.98649E-05 0.031007 9.98649E-05 9.98649E-05 9.98649E-05 9.98649E-05 9.98649E-05 0.0132611 9.98649E-05 0.954234
9.98833E-05 0.0128902 9.98833E-05 9.98833E-05 9.98833E-05 9.98833E-05 9.98833E-05 9.98833E-05 9.98833E-05 9.98833E-05 0.00936215 9.98833E-05 0.963065 9.98833E-05 0.00703537 9.98833E-05 0.00634848 9.98833E-05
9.9892E-05 0.972988 0.0115673 9.9892E-05 0.000534922 9.9892E-05 9.9892E-05 9.9892E-05 9.9892E-05 9.9892E-05 9.9892E-05 9.9892E-05 9.9892E-05 0.00016461 0.0114692 9.9892E-05 9.9892E-05 0.00207712
9.9856E-05 0.991547 9.9856E-05 9.9856E-05 9.9856E-05 9.9856E-05 9.9856E-05 9.9856E-05 9.9856E-05 9.9856E-05 9.9856E-05 9.9856E-05 9.9856E-05 9.9856E-05 0.00685552 9.9856E-05 9.9856E-05 9.9856E-05
9.98563E-05 9.98563E-05 9.98563E-05 9.98563E-05 9.98563E-05 9.98563E-05 0.0260694 9.98563E-05 9.98563E-05 9.98563E-05 9.98563E-05 9.98563E-05 9.98563E-05 0.972333 9.98563E-05 9.98563E-05 9.98563E-05 9.98563E-05
9.98474E-05 9.98474E-05 9.98474E-05 9.98474E-05 9.98474E-05 9.98474E-05 9.98474E-05 9.98474E-05 9.98474E-05 9.98474E-05 9.98474E-05 9.98474E-05 9.98474E-05 0.998303 9.98474E-05 9.98474E-05 9.98474E-05 9.98474E-05
0.810594 0.0398108 9.98829E-05 9.98829E-05 0.0852654 9.98829E-05 0.0231346 9.98829E-05 9.98829E-05 9.98829E-05 9.98829E-05 9.98829E-05 9.98829E-05 9.98829E-05 9.98829E-05 0.0398963 9.98829E-05 9.98829E-05
0.792577 0.0647771 9.98829E-05 9.98829E-05 0.0466485 9.98829E-05 9.98829E-05 9.98829E-05 9.98829E-05 9.98829E-05 9.98829E-05 9.98829E-05 9.98829E-05 9.98829E-05 9.98829E-05 0.094069 0.000629893 9.98829E-05
0.0165587 0.00611728 0.0133939 9.98832E-05 9.98832E-05 9.98832E-05 9.98832E-05 9.98832E-05 9.98832E-05 0.00293493 9.98832E-05 9.98832E-05 9.98832E-05 0.959697 9.98832E-05 9.98832E-05 9.98832E-05 9.98832E-05
9.98473E-05 9.98473E-05 9.98473E-05 9.98473E-05 9.98473E-05 9.98473E-05 9.98473E-05 9.98473E-05 9.98473E-05 9.98473E-05 9.98473E-05 9.98473E-05 9.98473E-05 0.998303 9.98473E-05 9.98473E-05 9.98473E-05 9.98473E-05
9.98919E-05 0.0358351 9.98919E-05 9.98919E-05 0.00135593 9.98919E-05 0.894012 9.98919E-05 0.0194629 0.00823951 9.98919E-05 9.98919E-05 9.98919E-05 9.98919E-05 9.98919E-05 0.0398962 9.98919E-05 9.98919E-05
0.156627 0.375458 9.99188E-05 9.99188E-05 9.99188E-05 0.0188208 0.0550668 9.99188E-05 0.030441 0.14044 9.99188E-05 0.0504296 9.99188E-05 9.99188E-05 9.99188E-05 0.138537 0.0332808 9.99188E-05
9.9874E-05 9.9874E-05 9.9874E-05 0.00369531 0.8857 9.9874E-05 9.9874E-05 9.9874E-05 9.9874E-05 0.0572191 9.9874E-05 9.9874E-05 9.9874E-05 9.9874E-05 0.0519876 9.9874E-05 9.9874E-05 9.9874E-05
9.98468E-05 9.98468E-05 9.98468E-05 0.998303 9.98468E-05 9.98468E-05 9.98468E-05 9.98468E-05 9.98468E-05 9.98468E-05 9.98468E-05 9.98468E-05 9.98468E-05 9.98468E-05 9.98468E-05 9.98468E-05 9.98468E-05 9.98468E-05
9.98471E-05 9.98471E-05 9.98471E-05 9.98471E-05 9.98471E-05 9.98471E-05 9.98471E-05 9.98471E-05 0.998303 9.98471E-05 9.98471E-05 9.98471E-05 9.98471E-05 9.98471E-05 9.98471E-05 9.98471E-05 9.98471E-05 9.98471E-05
9.98561E-05 9.98561E-05 9.98561E-05 9.98561E-05 9.98561E-05 9.98561E-05 9.98561E-05 0.997671 9.98561E-05 9.98561E-05 0.000731411 9.98561E-05 9.98561E-05 9.98561E-05 9.98561E-05 9.98561E-05 9.98561E-05 9.98561E-05
