0.0547854 9.99459E-05 9.99459E-05 9.99459E-05 9.99459E-05 9.99459E-05 0.944615 9.99459E-05
0.0421567 0.275739 0.297699 0.215952 9.9973E-05 9.9973E-05 0.168154 9.9973E-05
9.997E-05 0.79838 9.997E-05 0.0700448 0.0269269 0.0557989 9.997E-05 0.0485491
9.9946E-05 0.971425 9.9946E-05 9.9946E-05 9.9946E-05 0.0279751 9.9946E-05 9.9946E-05
0.252623 0.444351 0.0267091 0.217893 9.99731E-05 9.99731E-05 0.0581243 9.99731E-05
0.00270975 0.98078 9.9964E-05 9.9964E-05 0.000585118 0.0155253 9.9964E-05 9.9964E-05
9.996E-05 0.00212294 0.624641 0.183206 9.996E-05 9.996E-05 9.996E-05 0.189631
0.170586 0.38201 9.99731E-05 0.439742 9.99731E-05 0.00514149 9.99731E-05 0.00222032
9.99552E-05 9.99552E-05 0.675269 0.259759 9.99552E-05 9.99552E-05 9.99552E-05 0.0644721
0.9993 9.994E-05 9.994E-05 9.994E-05 9.994E-05 9.994E-05 9.994E-05 9.994E-05
0.9993 9.994E-05 9.994E-05 9.994E-05 9.994E-05 9.994E-05 9.994E-05 9.994E-05
9.9973E-05 0.012898 0.00639548 9.9973E-05 9.9973E-05 0.135828 0.696417 0.148161
9.994E-05 9.994E-05 9.994E-05 9.994E-05 9.994E-05 9.994E-05 9.994E-05 0.9993
9.9964E-05 0.935411 9.9964E-05 9.9964E-05 0.0295132 0.0157256 0.01895 9.9964E-05
0.0290476 0.950767 9.9955E-05 9.9955E-05 9.9955E-05 9.9955E-05 0.019686 9.9955E-05
0.0334497 9.9964E-05 0.750013 9.9964E-05 9.9964E-05 9.9964E-05 0.0382056 0.177932
0.399853 9.9973E-05 9.9973E-05 9.9973E-05 0.0602939 0.315417 0.00389537 0.220242
0.133335 9.99729E-05 0.0921025 0.0523666 0.710611 9.99729E-05 0.0112846 9.99729E-05
9.9955E-05 9.9955E-05 9.9955E-05 9.9955E-05 0.911353 0.076855 9.9955E-05 0.0112918
0.484432 9.99729E-05 0.319598 9.99729E-05 9.99729E-05 0.0715181 0.117677 0.00647567
9.9946E-05 0.00848488 9.9946E-05 9.9946E-05 0.990915 9.9946E-05 9.9946E-05 9.9946E-05
0.0820562 9.9973E-05 0.300148 9.9973E-05 9.9973E-05 0.0116765 0.567046 0.0387728
0.310302 9.99641E-05 9.99641E-05 0.00230195 0.405694 0.281302 9.99641E-05 9.99641E-05
0.0333693 9.99549E-05 9.99549E-05 9.99549E-05 0.907006 0.0591254 9.99549E-05 9.99549E-05
9.994E-05 0.9993 9.994E-05 9.994E-05 9.994E-05 9.994E-05 9.994E-05 9.994E-05
9.994E-05 0.9993 9.994E-05 9.994E-05 9.994E-05 9.994E-05 9.994E-05 9.994E-05
0.047958 9.99639E-05 9.99639E-05 9.99639E-05 9.99639E-05 0.0476066 0.088781 0.815255
9.9946E-05 0.929241 9.9946E-05 0.0701592 9.9946E-05 9.9946E-05 9.9946E-05 9.9946E-05
9.9955E-05 0.894986 0.0281444 0.0763699 9.9955E-05 9.9955E-05 9.9955E-05 9.9955E-05
0.0034414 0.661235 9.9982E-05 0.250335 0.046982 0.0190122 9.9982E-05 0.0187947
0.0611784 0.653881 9.9964E-05 0.271305 9.9964E-05 0.0132354 9.9964E-05 9.9964E-05
9.99642E-05 0.124248 0.23412 0.516077 9.99642E-05 9.99642E-05 0.125155 9.99642E-05
9.994E-05 0.9993 9.994E-05 9.994E-05 9.994E-05 9.994E-05 9.994E-05 9.994E-05
9.99641E-05 0.113256 9.99641E-05 0.874642 9.99641E-05 0.0108206 9.99641E-05 0.000882135
0.0830257 0.0723616 9.99729E-05 9.99729E-05 9.99729E-05 0.199157 0.0763621 0.568793
9.99729E-05 0.969666 0.00402822 9.99729E-05 9.99729E-05 0.00925888 0.0076321 0.00911488
9.99461E-05 0.00807347 9.99461E-05 9.99461E-05 9.99461E-05 9.99461E-05 0.991327 9.99461E-05
0.714859 0.0537793 0.0281518 0.0617965 9.9973E-05 9.9973E-05 0.141113 9.9973E-05
0.201473 0.101973 9.9982E-05 9.9982E-05 0.0465227 0.410578 0.0440284 0.195225
0.346256 0.0816654 0.309025 9.99819E-05 0.00504761 0.0157647 0.242042 9.99819E-05
0.284499 0.0309816 0.328129 9.99819E-05 0.0119746 0.0411402 0.303075 9.99819E-05
0.902746 9.99549E-05 9.99549E-05 9.99549E-05 9.99549E-05 9.99549E-05 0.0751728 0.0215814
0.0131497 9.99729E-05 0.895985 9.99729E-05 0.0168088 9.99729E-05 0.020168 0.053589
0.893619 9.9964E-05 9.9964E-05 9.9964E-05 9.9964E-05 0.0112625 0.0192583 0.0754608
0.447817 9.9982E-05 0.101071 9.9982E-05 0.107474 0.133499 0.0292086 0.18073
0.530401 0.0764263 0.192123 9.9991E-05 0.0347357 0.00995348 0.123347 0.0329137
0.297644 0.105959 9.9982E-05 0.0363072 9.9982E-05 0.10751 0.205495 0.246886
9.994E-05 9.994E-05 9.994E-05 9.994E-05 9.994E-05 9.994E-05 0.9993 9.994E-05
9.994E-05 9.994E-05 9.994E-05 0.9993 9.994E-05 9.994E-05 9.994E-05 9.994E-05
9.99459E-05 9.99459E-05 9.99459E-05 0.990857 9.99459E-05 0.00854319 9.99459E-05 9.99459E-05
9.994E-05 9.994E-05 9.994E-05 0.9993 9.994E-05 9.994E-05 9.994E-05 9.994E-05
9.9946E-05 9.9946E-05 9.9946E-05 0.998711 0.000689337 9.9946E-05 9.9946E-05 9.9946E-05
9.994E-05 9.994E-05 9.994E-05 0.9993 9.994E-05 9.994E-05 9.994E-05 9.994E-05
0.012453 0.226566 0.110728 0.591873 0.0346727 9.9982E-05 9.9982E-05 0.0235072
9.9955E-05 9.9955E-05 0.00823825 0.986146 9.9955E-05 0.0051162 9.9955E-05 9.9955E-05
9.995E-05 9.995E-05 0.150727 9.995E-05 9.995E-05 9.995E-05 0.827852 0.0209218
9.99639E-05 0.104878 0.296662 0.447446 9.99639E-05 9.99639E-05 0.150614 9.99639E-05
9.994E-05 0.9993 9.994E-05 9.994E-05 9.994E-05 9.994E-05 9.994E-05 9.994E-05
9.9964E-05 9.9964E-05 0.108059 9.9964E-05 9.9964E-05 0.0267432 0.0710459 0.793752
9.9955E-05 9.9955E-05 0.843161 9.9955E-05 9.9955E-05 9.9955E-05 0.0564356 0.0999033
9.994E-05 9.994E-05 9.994E-05 9.994E-05 9.994E-05 9.994E-05 9.994E-05 0.9993
0.0927941 9.99639E-05 0.00932338 9.99639E-05 9.99639E-05 9.99639E-05 0.0359133 0.861569
0.0982873 9.99549E-05 9.99549E-05 9.99549E-05 9.99549E-05 0.0519718 9.99549E-05 0.849241
0.000955776 9.99551E-05 9.99551E-05 9.99551E-05 0.906299 9.99551E-05 0.092245 9.99551E-05
9.994E-05 0.9993 9.994E-05 9.994E-05 9.994E-05 9.994E-05 9.994E-05 9.994E-05
0.204659 0.294951 0.0708546 0.136445 9.9991E-05 0.0612747 0.0340952 0.197619
9.99462E-05 0.967197 0.0322038 9.99462E-05 9.99462E-05 9.99462E-05 9.99462E-05 9.99462E-05
9.9955E-05 0.927634 9.9955E-05 0.0433938 9.9955E-05 9.9955E-05 0.0284726 9.9955E-05
9.9955E-05 0.91794 0.0404467 0.0411139 9.9955E-05 9.9955E-05 9.9955E-05 9.9955E-05
9.9973E-05 0.927859 0.0290822 0.020534 0.0127826 9.9973E-05 0.00944214 9.9973E-05
0.0654944 0.902214 9.99641E-05 9.99641E-05 9.99641E-05 0.0104302 0.0214615 9.99641E-05
0.0168672 0.97583 9.9955E-05 9.9955E-05 9.9955E-05 0.00680295 9.9955E-05 9.9955E-05
0.0609923 0.495941 9.99553E-05 0.442567 9.99553E-05 9.99553E-05 9.99553E-05 9.99553E-05
9.99643E-05 0.466775 0.00594049 0.364186 9.99643E-05 9.99643E-05 9.99643E-05 0.162699
0.0197993 0.978619 9.99551E-05 9.99551E-05 9.99551E-05 9.99551E-05 0.00108194 9.99551E-05
9.99459E-05 9.99459E-05 0.943097 9.99459E-05 9.99459E-05 0.0563038 9.99459E-05 9.99459E-05
9.99459E-05 9.99459E-05 0.980883 9.99459E-05 9.99459E-05 0.0185176 9.99459E-05 9.99459E-05
9.994E-05 9.994E-05 9.994E-05 9.994E-05 9.994E-05 0.9993 9.994E-05 9.994E-05
9.994E-05 9.994E-05 9.994E-05 9.994E-05 9.994E-05 0.9993 9.994E-05 9.994E-05
0.782153 9.99549E-05 0.158693 9.99549E-05 9.99549E-05 9.99549E-05 0.0586542 9.99549E-05
0.713397 9.9973E-05 0.199413 0.0136078 9.9973E-05 9.9973E-05 0.0268342 0.0464476
9.9946E-05 9.9946E-05 9.9946E-05 0.0271692 9.9946E-05 0.972231 9.9946E-05 9.9946E-05
9.994E-05 9.994E-05 9.994E-05 9.994E-05 9.994E-05 0.9993 9.994E-05 9.994E-05
9.99549E-05 9.99549E-05 9.99549E-05 0.00920561 9.99549E-05 9.99549E-05 0.952276 0.0380187
0.146899 9.9964E-05 0.616489 9.9964E-05 0.0783472 9.9964E-05 9.9964E-05 0.157864
9.9964E-05 0.0956283 0.27192 0.483198 9.9964E-05 9.9964E-05 0.148854 9.9964E-05
0.293093 0.0564525 9.99731E-05 9.99731E-05 0.10407 0.216387 9.99731E-05 0.329697
9.99641E-05 9.99641E-05 9.99641E-05 9.99641E-05 0.0793581 0.29145 0.167329 0.461463
0.0367776 0.537237 9.99731E-05 0.343864 0.0412878 0.0405339 9.99731E-05 9.99731E-05
