0.976614 9.99459E-05 9.99459E-05 9.99459E-05 0.0188516 9.99459E-05 9.99459E-05 0.0039352 9.99459E-05
0.242448 0.226373 0.0295149 0.295796 0.0601703 9.99819E-05 9.99819E-05 0.0296752 0.115823
9.99555E-05 0.110465 9.99555E-05 0.812718 9.99555E-05 9.99555E-05 0.0440021 0.0323147 9.99555E-05
9.9937E-05 9.9937E-05 9.9937E-05 0.966024 9.9937E-05 9.9937E-05 9.9937E-05 0.0332767 9.9937E-05
0.0284816 0.328166 9.99641E-05 0.409455 0.144239 9.99641E-05 9.99641E-05 9.99641E-05 0.0892582
0.00576786 9.9955E-05 9.9955E-05 0.980928 0.0113873 9.9955E-05 9.9955E-05 0.00141688 9.9955E-05
9.99368E-05 0.957522 9.99368E-05 9.99368E-05 9.99368E-05 0.0417782 9.99368E-05 9.99368E-05 9.99368E-05
9.9955E-05 0.254753 9.9955E-05 0.384942 0.0853725 9.9955E-05 9.9955E-05 9.9955E-05 0.274433
9.99458E-05 0.922322 0.0539677 9.99458E-05 9.99458E-05 0.0231107 9.99458E-05 9.99458E-05 9.99458E-05
9.993E-05 0.134129 9.993E-05 9.993E-05 0.865171 9.993E-05 9.993E-05 9.993E-05 9.993E-05
9.9937E-05 0.12584 9.9937E-05 9.9937E-05 0.87346 9.9937E-05 9.9937E-05 9.9937E-05 9.9937E-05
0.658666 9.9955E-05 9.9955E-05 0.041162 9.9955E-05 0.185564 9.9955E-05 0.114109 9.9955E-05
9.99461E-05 0.0150932 9.99461E-05 0.0027708 9.99461E-05 0.981536 9.99461E-05 9.99461E-05 9.99461E-05
0.0192964 9.9964E-05 9.9964E-05 0.937358 0.00190619 9.9964E-05 0.0299154 0.0111243 9.9964E-05
0.0653412 9.99371E-05 9.99371E-05 0.933959 9.99371E-05 9.99371E-05 9.99371E-05 9.99371E-05 9.99371E-05
9.9946E-05 9.9946E-05 0.795188 9.9946E-05 0.0489401 0.155272 9.9946E-05 9.9946E-05 9.9946E-05
9.9964E-05 9.9964E-05 0.0263747 9.9964E-05 0.380897 0.239459 0.0618768 0.290993 9.9964E-05
9.99549E-05 9.99549E-05 0.0618378 9.99549E-05 0.167622 9.99549E-05 0.716673 9.99549E-05 0.0533672
9.9937E-05 9.9937E-05 9.9937E-05 9.9937E-05 9.9937E-05 9.9937E-05 0.913806 0.0854947 9.9937E-05
0.0577904 9.9955E-05 0.356345 9.9955E-05 0.541527 9.9955E-05 9.9955E-05 0.0438382 9.9955E-05
9.993E-05 9.993E-05 9.993E-05 9.993E-05 9.993E-05 9.993E-05 0.999201 9.993E-05 9.993E-05
0.498469 9.99639E-05 0.285963 9.99639E-05 0.148527 0.0573327 9.99639E-05 0.00930843 9.99639E-05
9.99551E-05 9.99551E-05 9.99551E-05 0.013611 0.310967 9.99551E-05 0.402552 0.272371 9.99551E-05
9.99459E-05 9.99459E-05 9.99459E-05 9.99459E-05 0.0878469 9.99459E-05 0.857446 0.0541076 9.99459E-05
9.9937E-05 9.9937E-05 9.9937E-05 0.977559 9.9937E-05 9.9937E-05 9.9937E-05 9.9937E-05 0.021741
9.993E-05 9.993E-05 9.993E-05 0.999201 9.993E-05 9.993E-05 9.993E-05 9.993E-05 9.993E-05
0.0417799 9.99549E-05 9.99549E-05 9.99549E-05 0.147929 0.785692 9.99549E-05 0.0240988 9.99549E-05
9.9946E-05 0.0201354 9.9946E-05 0.914493 9.9946E-05 9.9946E-05 9.9946E-05 9.9946E-05 0.0647719
9.9955E-05 9.9955E-05 0.00942986 0.911179 9.9955E-05 0.0059224 9.9955E-05 9.9955E-05 0.0729686
0.0262379 0.0314629 9.99731E-05 0.628048 9.99731E-05 0.0650701 0.000871393 9.99731E-05 0.24801
9.9964E-05 0.0866653 9.9964E-05 0.661749 0.0542024 9.9964E-05 9.9964E-05 0.00287672 0.194107
0.206777 0.329969 9.99731E-05 0.0888215 0.00199628 9.99731E-05 9.99731E-05 0.021915 0.350221
9.99371E-05 9.99371E-05 0.0513557 0.947945 9.99371E-05 9.99371E-05 9.99371E-05 9.99371E-05 9.99371E-05
9.99641E-05 0.0811903 9.99641E-05 0.0852713 0.00158353 9.99641E-05 9.99641E-05 0.00599917 0.825556
0.0412736 9.99639E-05 9.99639E-05 0.0550422 0.137543 0.604328 9.99639E-05 0.161413 9.99639E-05
9.99459E-05 0.00746089 0.0721127 0.919827 9.99459E-05 9.99459E-05 9.99459E-05 9.99459E-05 9.99459E-05
0.988934 9.99371E-05 9.99371E-05 0.0103669 9.99371E-05 9.99371E-05 9.99371E-05 9.99371E-05 9.99371E-05
0.16186 0.0702085 9.99639E-05 0.0596147 0.65701 9.99639E-05 9.99639E-05 9.99639E-05 0.0509075
9.99731E-05 9.99731E-05 0.00288628 0.119745 0.298383 0.167033 0.0541843 0.357469 9.99731E-05
0.260225 9.99639E-05 0.299831 0.0784662 0.338593 9.99639E-05 9.99639E-05 0.0224846 9.99639E-05
0.316344 9.99639E-05 0.289613 0.0512498 0.332727 9.99639E-05 9.99639E-05 0.0096668 9.99639E-05
0.0347401 9.99549E-05 0.0422127 9.99549E-05 0.907157 0.0153903 9.99549E-05 9.99549E-05 9.99549E-05
9.9955E-05 0.0235343 0.91409 9.9955E-05 9.9955E-05 0.058126 0.00374937 9.9955E-05 9.9955E-05
0.00396106 9.9964E-05 9.9964E-05 9.9964E-05 0.913184 0.0553732 9.9964E-05 0.0197547 0.00732755
0.06571 0.00382257 0.0219649 9.9991E-05 0.462378 0.20513 0.0917645 0.130759 0.0183714
0.184339 9.9973E-05 0.126797 0.0716661 0.535221 0.0336426 0.0480338 9.9973E-05 9.9973E-05
0.205645 9.9973E-05 9.9973E-05 0.125478 0.332962 0.257881 9.9973E-05 0.0608131 0.0169207
0.9951 9.99374E-05 9.99374E-05 9.99374E-05 9.99374E-05 9.99374E-05 0.00420069 9.99374E-05 9.99374E-05
9.993E-05 9.993E-05 9.993E-05 9.993E-05 9.993E-05 9.993E-05 9.993E-05 9.993E-05 0.999201
9.993E-05 9.993E-05 9.993E-05 9.993E-05 9.993E-05 9.993E-05 9.993E-05 9.993E-05 0.999201
9.99395E-05 9.99395E-05 9.99395E-05 9.99395E-05 0.000458593 9.99395E-05 9.99395E-05 9.99395E-05 0.998842
9.993E-05 9.993E-05 9.993E-05 9.993E-05 9.993E-05 9.993E-05 9.993E-05 9.993E-05 0.999201
9.993E-05 9.993E-05 9.993E-05 9.993E-05 9.993E-05 9.993E-05 9.993E-05 9.993E-05 0.999201
9.9982E-05 0.151748 0.0624316 0.20347 0.0411246 0.00558338 0.0486616 9.9982E-05 0.486781
0.00768562 9.9955E-05 0.0236192 9.9955E-05 9.9955E-05 9.9955E-05 9.9955E-05 0.00154873 0.966647
0.77663 9.99459E-05 0.184735 9.99459E-05 9.99459E-05 0.0380358 9.99459E-05 9.99459E-05 9.99459E-05
0.207017 0.346032 9.99638E-05 0.0852386 9.99638E-05 9.99638E-05 9.99638E-05 0.014562 0.34675
9.99369E-05 9.99369E-05 9.99369E-05 0.993687 0.00561381 9.99369E-05 9.99369E-05 9.99369E-05 9.99369E-05
0.0277004 9.9964E-05 0.100987 9.9964E-05 9.9964E-05 0.854053 9.9964E-05 0.0143158 0.00254385
9.99371E-05 9.99371E-05 0.925251 9.99371E-05 9.99371E-05 0.0740494 9.99371E-05 9.99371E-05 9.99371E-05
9.99371E-05 0.065792 9.99371E-05 9.99371E-05 9.99371E-05 0.933508 9.99371E-05 9.99371E-05 9.99371E-05
9.99459E-05 9.99459E-05 9.99459E-05 0.00785695 0.0913813 0.900162 9.99459E-05 9.99459E-05 9.99459E-05
9.99459E-05 9.99459E-05 9.99459E-05 9.99459E-05 0.0803591 0.866563 9.99459E-05 0.0524778 9.99459E-05
0.104309 9.99461E-05 9.99461E-05 9.99461E-05 9.99461E-05 9.99461E-05 0.883301 9.99461E-05 0.0117895
9.993E-05 9.993E-05 9.993E-05 0.999201 9.993E-05 9.993E-05 9.993E-05 9.993E-05 9.993E-05
0.165147 0.0433323 9.999E-05 0.254972 0.1028 0.206575 0.00812256 0.0626521 0.156299
9.99372E-05 9.99372E-05 0.0223165 0.976984 9.99372E-05 9.99372E-05 9.99372E-05 9.99372E-05 9.99372E-05
0.00696839 9.9955E-05 9.9955E-05 0.93951 9.9955E-05 0.0186283 9.9955E-05 9.9955E-05 0.034394
9.9946E-05 9.9946E-05 0.0705488 0.867808 9.9946E-05 9.9946E-05 9.9946E-05 9.9946E-05 0.0610431
9.9955E-05 0.00214262 0.0621203 0.913728 9.9955E-05 9.9955E-05 9.9955E-05 9.9955E-05 0.0215091
0.0159346 0.0427803 9.99551E-05 0.870605 0.0701804 9.99551E-05 9.99551E-05 9.99551E-05 9.99551E-05
9.9946E-05 9.9946E-05 9.9946E-05 0.972477 0.0178917 0.00903167 9.9946E-05 9.9946E-05 9.9946E-05
9.99462E-05 0.255833 9.99462E-05 0.447215 9.99462E-05 9.99462E-05 9.99462E-05 9.99462E-05 0.296352
9.99462E-05 0.48162 9.99462E-05 0.430973 9.99462E-05 9.99462E-05 9.99462E-05 9.99462E-05 0.0868073
9.996E-05 9.996E-05 0.0299108 0.949576 9.996E-05 0.010964 0.00635115 9.996E-05 0.00279863
9.9937E-05 9.9937E-05 0.98207 9.9937E-05 9.9937E-05 9.9937E-05 9.9937E-05 9.9937E-05 0.0172305
9.99459E-05 9.99459E-05 0.972545 9.99459E-05 9.99459E-05 9.99459E-05 9.99459E-05 0.000420857 0.026434
9.993E-05 9.993E-05 9.993E-05 9.993E-05 9.993E-05 9.993E-05 9.993E-05 0.999201 9.993E-05
9.993E-05 9.993E-05 9.993E-05 9.993E-05 9.993E-05 9.993E-05 9.993E-05 0.999201 9.993E-05
0.0351563 0.00635949 0.126685 0.0246194 0.80678 9.9964E-05 9.9964E-05 9.9964E-05 9.9964E-05
0.0347856 0.00285237 0.145066 9.9973E-05 0.769731 0.0376205 9.9973E-05 9.9973E-05 0.00964421
9.9937E-05 0.0186024 9.9937E-05 9.9937E-05 9.9937E-05 9.9937E-05 9.9937E-05 0.980698 9.9937E-05
9.993E-05 9.993E-05 9.993E-05 9.993E-05 9.993E-05 9.993E-05 9.993E-05 0.999201 9.993E-05
0.903574 9.99459E-05 9.99459E-05 9.99459E-05 9.99459E-05 0.0917322 9.99459E-05 9.99459E-05 0.00409414
0.0126481 0.127249 0.496123 9.9973E-05 0.140298 0.138805 0.0845775 9.9973E-05 9.9973E-05
0.193235 0.370286 9.99549E-05 0.0557683 9.99549E-05 9.99549E-05 9.99549E-05 9.99549E-05 0.380211
9.99641E-05 9.99641E-05 9.99641E-05 0.0372225 0.332363 0.33247 0.0990566 0.198487 9.99641E-05
0.123258 9.99731E-05 0.0676681 9.99731E-05 0.0361425 0.432657 0.0619832 0.277991 9.99731E-05
9.99552E-05 0.158046 9.99552E-05 0.606205 9.99552E-05 9.99552E-05 0.0367154 9.99552E-05 0.198533
