9.98919E-05 0.0596255 9.98919E-05 9.98919E-05 0.939176 9.98919E-05 9.98919E-05 9.98919E-05 9.98919E-05 9.98919E-05 9.98919E-05 9.98919E-05 9.98919E-05 9.98919E-05
9.99189E-05 9.99189E-05 9.99189E-05 9.99189E-05 0.0215933 9.99189E-05 0.114109 0.00933235 9.99189E-05 9.99189E-05 0.77477 9.99189E-05 9.99189E-05 0.079296
9.99197E-05 9.99197E-05 0.114319 0.0072464 9.99197E-05 0.00326797 9.99197E-05 9.99197E-05 9.99197E-05 9.99197E-05 9.99197E-05 0.308149 9.99197E-05 0.566118
0.0110479 9.9919E-05 0.0291004 9.9919E-05 9.9919E-05 9.9919E-05 0.0213071 9.9919E-05 0.000253398 9.9919E-05 9.9919E-05 9.9919E-05 9.9919E-05 0.937392
0.183265 0.0743253 9.99461E-05 9.99461E-05 0.0361393 9.99461E-05 9.99461E-05 9.99461E-05 0.0341751 0.0599808 0.0913017 9.99461E-05 0.207889 0.312324
0.0530515 9.99191E-05 0.00314951 9.99191E-05 9.99191E-05 9.99191E-05 0.00236231 9.99191E-05 9.99191E-05 0.0119395 9.99191E-05 9.99191E-05 9.99191E-05 0.928598
9.98831E-05 9.98831E-05 9.98831E-05 9.98831E-05 9.98831E-05 9.98831E-05 9.98831E-05 9.98831E-05 9.98831E-05 9.98831E-05 9.98831E-05 9.98831E-05 0.998702 9.98831E-05
0.39866 0.0948958 9.99279E-05 9.99279E-05 9.99279E-05 9.99279E-05 9.99279E-05 9.99279E-05 0.0533338 9.99279E-05 0.101726 0.343645 0.00694022 9.99279E-05
0.00164222 9.991E-05 9.991E-05 9.991E-05 9.991E-05 9.991E-05 9.991E-05 9.991E-05 0.0259389 9.991E-05 0.0253703 9.991E-05 0.946049 9.991E-05
9.98921E-05 0.875773 9.98921E-05 9.98921E-05 9.98921E-05 9.98921E-05 9.98921E-05 9.98921E-05 9.98921E-05 9.98921E-05 9.98921E-05 9.98921E-05 0.123028 9.98921E-05
9.98922E-05 0.908706 9.98922E-05 9.98922E-05 9.98922E-05 9.98922E-05 9.98922E-05 9.98922E-05 9.98922E-05 9.98922E-05 9.98922E-05 9.98922E-05 0.0900956 9.98922E-05
9.9919E-05 9.9919E-05 0.139996 9.9919E-05 0.646747 0.167536 0.0162485 9.9919E-05 9.9919E-05 9.9919E-05 9.9919E-05 9.9919E-05 9.9919E-05 0.028573
0.00644827 9.99102E-05 9.99102E-05 9.99102E-05 9.99102E-05 0.94823 9.99102E-05 9.99102E-05 9.99102E-05 9.99102E-05 9.99102E-05 0.013197 0.0311261 9.99102E-05
9.99191E-05 9.99191E-05 9.99191E-05 0.018248 9.99191E-05 0.0239175 0.00583641 9.99191E-05 9.99191E-05 9.99191E-05 0.0430442 9.99191E-05 9.99191E-05 0.908055
9.98922E-05 9.98922E-05 9.98922E-05 9.98922E-05 0.0395288 9.98922E-05 9.98922E-05 9.98922E-05 9.98922E-05 9.98922E-05 9.98922E-05 9.98922E-05 9.98922E-05 0.959272
9.99011E-05 0.00198609 9.99011E-05 9.99011E-05 9.99011E-05 0.173567 9.99011E-05 0.823348 9.99011E-05 9.99011E-05 9.99011E-05 9.99011E-05 9.99011E-05 9.99011E-05
9.9892E-05 0.0959648 9.9892E-05 9.9892E-05 9.9892E-05 9.9892E-05 0.902836 9.9892E-05 9.9892E-05 9.9892E-05 9.9892E-05 9.9892E-05 9.9892E-05 9.9892E-05
9.99369E-05 0.0671579 9.99369E-05 0.715536 9.99369E-05 9.99369E-05 0.0240054 0.0760495 0.0333581 0.0345595 0.0486337 9.99369E-05 9.99369E-05 9.99369E-05
9.98801E-05 9.98801E-05 0.0833605 0.915441 9.98801E-05 9.98801E-05 9.98801E-05 9.98801E-05 9.98801E-05 9.98801E-05 9.98801E-05 9.98801E-05 9.98801E-05 9.98801E-05
9.9919E-05 0.457919 0.0741966 9.9919E-05 0.0951803 9.9919E-05 9.9919E-05 0.325685 9.9919E-05 0.0461201 9.9919E-05 9.9919E-05 9.9919E-05 9.9919E-05
9.98831E-05 9.98831E-05 9.98831E-05 0.998702 9.98831E-05 9.98831E-05 9.98831E-05 9.98831E-05 9.98831E-05 9.98831E-05 9.98831E-05 9.98831E-05 9.98831E-05 9.98831E-05
9.99279E-05 0.0776702 9.99279E-05 0.00509163 0.519381 0.0309128 0.0426251 0.32352 9.99279E-05 9.99279E-05 9.99279E-05 9.99279E-05 9.99279E-05 9.99279E-05
9.98829E-05 9.98829E-05 9.98829E-05 9.98829E-05 9.98829E-05 9.98829E-05 9.98829E-05 9.98829E-05 9.98829E-05 0.998702 9.98829E-05 9.98829E-05 9.98829E-05 9.98829E-05
9.98801E-05 9.98801E-05 9.98801E-05 0.658307 9.98801E-05 9.98801E-05 9.98801E-05 9.98801E-05 9.98801E-05 0.340495 9.98801E-05 9.98801E-05 9.98801E-05 9.98801E-05
9.98923E-05 9.98923E-05 9.98923E-05 9.98923E-05 9.98923E-05 9.98923E-05 9.98923E-05 9.98923E-05 9.98923E-05 9.98923E-05 9.98923E-05 0.0213353 9.98923E-05 0.977466
9.98834E-05 9.98834E-05 9.98834E-05 9.98834E-05 9.98834E-05 9.98834E-05 9.98834E-05 9.98834E-05 9.98834E-05 9.98834E-05 9.98834E-05 9.98834E-05 9.98834E-05 0.998702
9.99278E-05 0.0785676 0.046342 9.99278E-05 0.0496407 0.771242 0.0392234 0.0141848 9.99278E-05 9.99278E-05 9.99278E-05 9.99278E-05 9.99278E-05 9.99278E-05
0.0166602 9.9928E-05 9.9928E-05 9.9928E-05 9.9928E-05 0.0142684 9.9928E-05 0.00470908 0.0581704 9.9928E-05 9.9928E-05 0.0376805 9.9928E-05 0.867712
9.99101E-05 9.99101E-05 9.99101E-05 9.99101E-05 9.99101E-05 9.99101E-05 9.99101E-05 9.99101E-05 0.113418 9.99101E-05 9.99101E-05 0.0480614 0.00225954 0.835262
0.609555 9.99192E-05 9.99192E-05 9.99192E-05 0.00598716 0.000610297 9.99192E-05 9.99192E-05 0.083934 9.99192E-05 9.99192E-05 9.99192E-05 9.99192E-05 0.299014
0.976803 9.98918E-05 9.98918E-05 9.98918E-05 9.98918E-05 9.98918E-05 9.98918E-05 9.98918E-05 9.98918E-05 9.98918E-05 9.98918E-05 9.98918E-05 9.98918E-05 0.0219983
9.98833E-05 9.98833E-05 9.98833E-05 9.98833E-05 9.98833E-05 9.98833E-05 9.98833E-05 9.98833E-05 9.98833E-05 9.98833E-05 0.998702 9.98833E-05 9.98833E-05 9.98833E-05
9.98901E-05 9.98901E-05 9.98901E-05 9.98901E-05 9.98901E-05 9.98901E-05 0.0154155 9.98901E-05 9.98901E-05 9.98901E-05 9.98901E-05 0.15309 9.98901E-05 0.830395
0.0369261 9.99192E-05 9.99192E-05 9.99192E-05 9.99192E-05 9.99192E-05 9.99192E-05 9.99192E-05 0.722771 9.99192E-05 0.0380084 0.200583 0.000812252 9.99192E-05
0.058434 0.0463633 0.1203 9.99277E-05 0.0279793 0.484515 0.261609 9.99277E-05 9.99277E-05 9.99277E-05 9.99277E-05 9.99277E-05 9.99277E-05 9.99277E-05
9.99279E-05 9.99279E-05 0.000280675 9.99279E-05 9.99279E-05 0.00718616 0.00316353 9.99279E-05 9.99279E-05 9.99279E-05 9.99279E-05 0.0525019 0.0163234 0.919745
9.9901E-05 9.9901E-05 9.9901E-05 9.9901E-05 0.942485 9.9901E-05 0.0346113 9.9901E-05 9.9901E-05 9.9901E-05 9.9901E-05 0.0218045 9.9901E-05 9.9901E-05
9.99279E-05 0.621091 9.99279E-05 0.00432663 0.0507916 9.99279E-05 0.0537567 9.99279E-05 9.99279E-05 9.99279E-05 0.206953 0.0622816 9.99279E-05 9.99279E-05
9.98831E-05 9.98831E-05 9.98831E-05 9.98831E-05 9.98831E-05 9.98831E-05 0.998702 9.98831E-05 9.98831E-05 9.98831E-05 9.98831E-05 9.98831E-05 9.98831E-05 9.98831E-05
9.99278E-05 0.288713 9.99278E-05 9.99278E-05 0.180315 9.99278E-05 0.169768 0.241263 9.99278E-05 9.99278E-05 0.0332163 9.99278E-05 9.99278E-05 0.0859255
9.99459E-05 0.30119 0.00304118 0.0211499 0.239744 9.99459E-05 0.12179 0.213154 9.99459E-05 9.99459E-05 0.0650548 9.99459E-05 9.99459E-05 0.034276
9.991E-05 0.948084 9.991E-05 9.991E-05 0.0152457 0.000589677 9.991E-05 0.0350818 9.991E-05 9.991E-05 9.991E-05 9.991E-05 9.991E-05 9.991E-05
9.9928E-05 0.000359087 9.9928E-05 0.00763166 0.0189843 0.0378774 9.9928E-05 0.848585 9.9928E-05 9.9928E-05 9.9928E-05 9.9928E-05 0.0857633 9.9928E-05
0.00834689 0.932873 0.012182 9.9919E-05 9.9919E-05 0.0349391 9.9919E-05 9.9919E-05 0.0107595 9.9919E-05 9.9919E-05 9.9919E-05 9.9919E-05 9.9919E-05
9.99278E-05 0.255985 9.99278E-05 9.99278E-05 0.0628622 0.115164 9.99278E-05 0.114776 9.99278E-05 0.39229 0.0581238 9.99278E-05 9.99278E-05 9.99278E-05
0.0561484 0.37945 9.9946E-05 9.9946E-05 0.130243 0.0248552 9.9946E-05 0.179287 0.014714 0.196708 0.0179951 9.9946E-05 9.9946E-05 9.9946E-05
0.0980866 0.240146 9.9955E-05 9.9955E-05 0.167585 0.219461 0.207508 9.9955E-05 0.0205068 0.0146426 9.9955E-05 9.9955E-05 0.00651018 0.0250545
9.98838E-05 9.98838E-05 9.98838E-05 9.98838E-05 0.998702 9.98838E-05 9.98838E-05 9.98838E-05 9.98838E-05 9.98838E-05 9.98838E-05 9.98838E-05 9.98838E-05 9.98838E-05
0.00197106 9.98921E-05 9.98921E-05 9.98921E-05 9.98921E-05 9.98921E-05 9.98921E-05 9.98921E-05 0.99683 9.98921E-05 9.98921E-05 9.98921E-05 9.98921E-05 9.98921E-05
9.99011E-05 9.99011E-05 9.99011E-05 0.00155869 9.99011E-05 9.99011E-05 9.99011E-05 9.99011E-05 0.993709 0.00363342 9.99011E-05 9.99011E-05 9.99011E-05 9.99011E-05
9.98922E-05 9.98922E-05 9.98922E-05 9.98922E-05 9.98922E-05 9.98922E-05 9.98922E-05 0.0253252 0.973476 9.98922E-05 9.98922E-05 9.98922E-05 9.98922E-05 9.98922E-05
9.98922E-05 9.98922E-05 0.00279187 9.98922E-05 9.98922E-05 9.98922E-05 9.98922E-05 9.98922E-05 0.996009 9.98922E-05 9.98922E-05 9.98922E-05 9.98922E-05 9.98922E-05
9.98832E-05 9.98832E-05 9.98832E-05 9.98832E-05 9.98832E-05 9.98832E-05 9.98832E-05 9.98832E-05 0.998702 9.98832E-05 9.98832E-05 9.98832E-05 9.98832E-05 9.98832E-05
0.359839 9.99461E-05 9.99461E-05 9.99461E-05 0.0187857 9.99461E-05 9.99461E-05 0.0834238 0.362235 0.0545424 0.0416567 0.0644968 0.0144203 9.99461E-05
9.98921E-05 9.98921E-05 9.98921E-05 9.98921E-05 9.98921E-05 9.98921E-05 9.98921E-05 9.98921E-05 0.927283 9.98921E-05 0.071518 9.98921E-05 9.98921E-05 9.98921E-05
9.99009E-05 9.99009E-05 9.99009E-05 9.99009E-05 0.822662 0.0277015 9.99009E-05 0.148537 9.99009E-05 9.99009E-05 9.99009E-05 9.99009E-05 9.99009E-05 9.99009E-05
9.99099E-05 9.99099E-05 9.99099E-05 9.99099E-05 9.99099E-05 9.99099E-05 9.99099E-05 0.00595549 0.0512713 9.99099E-05 0.902829 9.99099E-05 0.0389453 9.99099E-05
0.00398991 9.991E-05 9.991E-05 9.991E-05 9.991E-05 9.991E-05 0.00612609 9.991E-05 9.991E-05 9.991E-05 0.00560404 9.991E-05 9.991E-05 0.983281
9.9919E-05 9.9919E-05 0.0394477 9.9919E-05 0.0547697 0.811757 9.9919E-05 0.0899515 0.00317459 9.9919E-05 9.9919E-05 9.9919E-05 9.9919E-05 9.9919E-05
9.98923E-05 9.98923E-05 9.98923E-05 9.98923E-05 9.98923E-05 0.0754342 9.98923E-05 0.923367 9.98923E-05 9.98923E-05 9.98923E-05 9.98923E-05 9.98923E-05 9.98923E-05
9.98923E-05 9.98923E-05 9.98923E-05 9.98923E-05 9.98923E-05 0.952276 9.98923E-05 9.98923E-05 9.98923E-05 9.98923E-05 9.98923E-05 0.0465254 9.98923E-05 9.98923E-05
9.98919E-05 0.110986 9.98919E-05 9.98919E-05 9.98919E-05 0.887815 9.98919E-05 9.98919E-05 9.98919E-05 9.98919E-05 9.98919E-05 9.98919E-05 9.98919E-05 9.98919E-05
9.99009E-05 0.0799941 0.0643705 9.99009E-05 9.99009E-05 0.854537 9.99009E-05 9.99009E-05 9.99009E-05 9.99009E-05 9.99009E-05 9.99009E-05 9.99009E-05 9.99009E-05
9.99102E-05 0.00824026 9.99102E-05 0.911207 0.0646957 9.99102E-05 9.99102E-05 9.99102E-05 9.99102E-05 9.99102E-05 9.99102E-05 0.0148582 9.99102E-05 9.99102E-05
9.98925E-05 9.98925E-05 9.98925E-05 9.98925E-05 9.98925E-05 9.98925E-05 9.98925E-05 0.00155861 9.98925E-05 9.98925E-05 9.98925E-05 9.98925E-05 9.98925E-05 0.997243
9.99731E-05 0.192803 0.0463723 0.00706921 0.0930713 0.036219 0.083281 0.060301 0.0690951 9.99731E-05 0.0868836 9.99731E-05 0.0405596 0.284045
9.98901E-05 9.98901E-05 9.98901E-05 9.98901E-05 9.98901E-05 9.98901E-05 9.98901E-05 0.00854431 9.98901E-05 9.98901E-05 9.98901E-05 0.124837 9.98901E-05 0.86552
0.0533513 9.991E-05 9.991E-05 9.991E-05 9.991E-05 9.991E-05 0.0453709 9.991E-05 0.0253656 9.991E-05 9.991E-05 9.991E-05 9.991E-05 0.874913
0.000209675 9.9928E-05 9.9928E-05 9.9928E-05 9.9928E-05 9.9928E-05 9.9928E-05 0.0219243 0.0539778 9.9928E-05 9.9928E-05 0.0960167 0.0100885 0.816984
9.99281E-05 9.99281E-05 9.99281E-05 0.00648469 9.99281E-05 9.99281E-05 9.99281E-05 9.99281E-05 0.0224098 9.99281E-05 0.0283387 0.0501461 0.0183787 0.873443
0.256187 0.0398793 0.00997621 9.99191E-05 0.0241374 9.99191E-05 9.99191E-05 9.99191E-05 9.99191E-05 9.99191E-05 9.99191E-05 9.99191E-05 9.99191E-05 0.668921
9.9901E-05 9.9901E-05 9.9901E-05 9.9901E-05 9.9901E-05 9.9901E-05 0.0137346 9.9901E-05 9.9901E-05 9.9901E-05 9.9901E-05 9.9901E-05 0.0133573 0.971809
0.0136911 9.99009E-05 9.99009E-05 9.99009E-05 9.99009E-05 9.99009E-05 9.99009E-05 9.99009E-05 0.0581548 9.99009E-05 9.99009E-05 0.927055 9.99009E-05 9.99009E-05
9.99009E-05 9.99009E-05 9.99009E-05 9.99009E-05 9.99009E-05 0.0259899 9.99009E-05 9.99009E-05 9.99009E-05 9.99009E-05 9.99009E-05 0.968256 0.00465546 9.99009E-05
9.99191E-05 9.99191E-05 0.0142483 0.00108394 0.0214729 9.99191E-05 9.99191E-05 9.99191E-05 0.0416687 9.99191E-05 9.99191E-05 9.99191E-05 9.99191E-05 0.920627
9.9892E-05 9.9892E-05 9.9892E-05 9.9892E-05 9.9892E-05 9.9892E-05 9.9892E-05 0.971383 0.0274186 9.9892E-05 9.9892E-05 9.9892E-05 9.9892E-05 9.9892E-05
9.9892E-05 9.9892E-05 9.9892E-05 9.9892E-05 9.9892E-05 9.9892E-05 9.9892E-05 0.994666 0.00413492 9.9892E-05 9.9892E-05 9.9892E-05 9.9892E-05 9.9892E-05
9.98832E-05 9.98832E-05 0.998702 9.98832E-05 9.98832E-05 9.98832E-05 9.98832E-05 9.98832E-05 9.98832E-05 9.98832E-05 9.98832E-05 9.98832E-05 9.98832E-05 9.98832E-05
9.98832E-05 9.98832E-05 0.998702 9.98832E-05 9.98832E-05 9.98832E-05 9.98832E-05 9.98832E-05 9.98832E-05 9.98832E-05 9.98832E-05 9.98832E-05 9.98832E-05 9.98832E-05
9.99279E-05 0.806814 9.99279E-05 9.99279E-05 0.00735179 0.0295883 9.99279E-05 0.0837574 9.99279E-05 9.99279E-05 0.0702563 9.99279E-05 9.99279E-05 0.00143314
9.99279E-05 0.767219 9.99279E-05 9.99279E-05 0.0236876 0.0323806 9.99279E-05 0.0843706 9.99279E-05 9.99279E-05 0.0636449 9.99279E-05 0.0278981 9.99279E-05
9.99192E-05 0.00843249 0.962696 9.99192E-05 9.99192E-05 9.99192E-05 9.99192E-05 0.0205769 9.99192E-05 9.99192E-05 9.99192E-05 0.00152702 0.0058685 9.99192E-05
9.98832E-05 9.98832E-05 0.998702 9.98832E-05 9.98832E-05 9.98832E-05 9.98832E-05 9.98832E-05 9.98832E-05 9.98832E-05 9.98832E-05 9.98832E-05 9.98832E-05 9.98832E-05
9.99099E-05 9.99099E-05 9.99099E-05 9.99099E-05 0.963141 0.0215701 9.99099E-05 9.99099E-05 0.00555866 9.99099E-05 9.99099E-05 9.99099E-05 0.0087315 9.99099E-05
9.99369E-05 0.194657 9.99369E-05 0.093671 0.0260222 0.135537 9.99369E-05 0.398749 9.99369E-05 9.99369E-05 0.0646427 9.99369E-05 0.0860209 9.99369E-05
9.9901E-05 9.9901E-05 9.9901E-05 9.9901E-05 9.9901E-05 9.9901E-05 9.9901E-05 9.9901E-05 0.0511117 9.9901E-05 0.902213 9.9901E-05 0.0455769 9.9901E-05
9.99009E-05 9.99009E-05 9.99009E-05 9.99009E-05 9.99009E-05 0.25863 9.99009E-05 9.99009E-05 9.99009E-05 0.736228 9.99009E-05 9.99009E-05 9.99009E-05 0.0040426
9.99192E-05 9.99192E-05 0.12611 9.99192E-05 0.149162 0.303024 0.150045 9.99192E-05 9.99192E-05 0.27076 9.99192E-05 9.99192E-05 9.99192E-05 9.99192E-05
0.998702 9.9883E-05 9.9883E-05 9.9883E-05 9.9883E-05 9.9883E-05 9.9883E-05 9.9883E-05 9.9883E-05 9.9883E-05 9.9883E-05 9.9883E-05 9.9883E-05 9.9883E-05
