0.00662784 9.99459E-05 0.962843 9.99459E-05 9.99459E-05 0.0299298 9.99459E-05 9.99459E-05 9.99459E-05
0.0433986 9.99638E-05 0.137986 9.99638E-05 9.99638E-05 9.99638E-05 0.032941 0.187369 0.597905
0.0363831 9.99643E-05 9.99643E-05 0.0704164 0.0270033 9.99643E-05 9.99643E-05 0.670052 0.195745
0.0329549 9.9937E-05 9.9937E-05 9.9937E-05 9.9937E-05 9.9937E-05 9.9937E-05 0.966345 9.9937E-05
9.99641E-05 0.00182506 0.019205 9.99641E-05 9.99641E-05 0.205943 9.99641E-05 0.418763 0.353864
9.9946E-05 9.9946E-05 0.0180674 9.9946E-05 9.9946E-05 0.0130034 9.9946E-05 0.968329 9.9946E-05
9.99461E-05 9.99461E-05 9.99461E-05 0.266046 9.99461E-05 9.99461E-05 0.0849372 9.99461E-05 0.648417
0.0154347 0.232005 9.9964E-05 9.9964E-05 9.9964E-05 0.0457493 9.9964E-05 0.347276 0.359136
9.9946E-05 9.9946E-05 9.9946E-05 0.161862 9.9946E-05 9.9946E-05 0.142421 9.9946E-05 0.695117
9.99371E-05 9.99371E-05 9.99371E-05 9.99371E-05 9.99371E-05 0.953949 9.99371E-05 9.99371E-05 0.0453519
9.993E-05 9.993E-05 9.993E-05 9.993E-05 9.993E-05 0.999201 9.993E-05 9.993E-05 9.993E-05
0.12029 9.9964E-05 0.63144 0.178924 9.9964E-05 9.9964E-05 0.0364859 0.0324604 9.9964E-05
9.99371E-05 9.99371E-05 9.99371E-05 0.981308 9.99371E-05 9.99371E-05 9.99371E-05 0.0179929 9.99371E-05
9.9946E-05 9.9946E-05 0.0157789 9.9946E-05 0.0267605 9.9946E-05 9.9946E-05 0.956861 9.9946E-05
9.9946E-05 9.9946E-05 0.0480169 9.9946E-05 0.00659596 9.9946E-05 9.9946E-05 0.944787 9.9946E-05
9.9946E-05 9.9946E-05 9.9946E-05 0.172868 9.9946E-05 0.0305546 0.795978 9.9946E-05 9.9946E-05
0.322858 9.9964E-05 9.9964E-05 0.198428 0.0738101 0.357076 0.0474277 9.9964E-05 9.9964E-05
9.99729E-05 0.0665835 0.0209462 9.99729E-05 0.722423 0.103529 0.0248289 9.99729E-05 0.0613891
0.0818638 9.9946E-05 9.9946E-05 0.0213486 0.896188 9.9946E-05 9.9946E-05 9.9946E-05 9.9946E-05
0.0444313 9.99549E-05 0.135612 9.99549E-05 9.99549E-05 0.513935 0.305521 9.99549E-05 9.99549E-05
9.993E-05 9.993E-05 9.993E-05 9.993E-05 0.999201 9.993E-05 9.993E-05 9.993E-05 9.993E-05
9.9955E-05 9.9955E-05 0.547482 0.0751713 9.9955E-05 0.0856845 0.291162 9.9955E-05 9.9955E-05
0.32721 9.99461E-05 9.99461E-05 9.99461E-05 0.39689 0.275301 9.99461E-05 9.99461E-05 9.99461E-05
0.0442863 9.99459E-05 9.99459E-05 9.99459E-05 0.918357 0.0367575 9.99459E-05 9.99459E-05 9.99459E-05
9.99371E-05 0.00826792 9.99371E-05 9.99371E-05 9.99371E-05 9.99371E-05 9.99371E-05 0.991033 9.99371E-05
9.993E-05 9.993E-05 9.993E-05 9.993E-05 9.993E-05 9.993E-05 9.993E-05 0.999201 9.993E-05
0.0466422 9.99549E-05 0.116072 0.763078 9.99549E-05 0.0737077 9.99549E-05 9.99549E-05 9.99549E-05
9.9964E-05 0.0335667 9.9964E-05 0.0167528 9.9964E-05 9.9964E-05 0.00456141 0.921377 0.0233426
9.99552E-05 0.0525814 9.99552E-05 9.99552E-05 9.99552E-05 9.99552E-05 0.0172457 0.917842 0.0118313
0.0300508 0.175653 0.00686487 0.0445521 9.99731E-05 9.99731E-05 9.99731E-05 0.680436 0.0621432
0.0305708 0.197455 9.9964E-05 9.9964E-05 9.9964E-05 0.00671633 9.9964E-05 0.625884 0.138974
0.0156229 0.0209293 0.0167247 9.9955E-05 9.9955E-05 9.9955E-05 9.9955E-05 9.9955E-05 0.946223
9.99371E-05 9.99371E-05 9.99371E-05 9.99371E-05 9.99371E-05 9.99371E-05 0.00936644 0.989934 9.99371E-05
9.99461E-05 0.794553 9.99461E-05 9.99461E-05 9.99461E-05 9.99461E-05 9.99461E-05 0.0973518 0.107495
0.198608 9.99639E-05 0.0329546 0.560688 9.99639E-05 0.117635 9.99639E-05 0.0897143 9.99639E-05
9.99459E-05 9.99459E-05 0.00485069 0.01436 9.99459E-05 9.99459E-05 9.99459E-05 0.98019 9.99459E-05
9.9937E-05 9.9937E-05 0.989152 9.9937E-05 9.9937E-05 9.9937E-05 9.9937E-05 0.0101487 9.9937E-05
9.99549E-05 9.99549E-05 0.124604 9.99549E-05 9.99549E-05 0.657871 9.99549E-05 0.000244413 0.216781
0.347793 9.9982E-05 0.00155605 0.155846 0.0654937 0.213425 0.0754653 0.140221 9.9982E-05
0.0140424 9.9973E-05 0.2212 9.9973E-05 0.00152342 0.332835 0.324038 0.106062 9.9973E-05
0.0439181 9.99729E-05 0.292063 9.99729E-05 0.00247794 0.281423 0.312338 0.0674796 9.99729E-05
9.99549E-05 9.99549E-05 0.0554616 0.00929606 9.99549E-05 0.933595 0.00114718 9.99549E-05 9.99549E-05
9.9955E-05 9.9955E-05 0.0117298 0.0578277 0.00431697 9.9955E-05 0.925626 9.9955E-05 9.9955E-05
0.0100469 9.9955E-05 0.0414327 0.0304624 9.9955E-05 0.917558 9.9955E-05 9.9955E-05 9.9955E-05
0.12736 0.00269847 0.0893452 0.156952 0.0954516 0.461493 0.0496314 9.9991E-05 0.016969
0.0038192 9.9982E-05 0.147684 0.0284563 0.0618089 0.483393 0.190939 0.0836994 9.9982E-05
0.0788362 0.0373632 0.212895 0.202697 9.9973E-05 0.35984 9.9973E-05 0.10807 9.9973E-05
9.993E-05 9.993E-05 0.999201 9.993E-05 9.993E-05 9.993E-05 9.993E-05 9.993E-05 9.993E-05
9.993E-05 0.999201 9.993E-05 9.993E-05 9.993E-05 9.993E-05 9.993E-05 9.993E-05 9.993E-05
9.993E-05 0.999201 9.993E-05 9.993E-05 9.993E-05 9.993E-05 9.993E-05 9.993E-05 9.993E-05
9.993E-05 0.999201 9.993E-05 9.993E-05 9.993E-05 9.993E-05 9.993E-05 9.993E-05 9.993E-05
9.99371E-05 0.996138 9.99371E-05 9.99371E-05 0.00316247 9.99371E-05 9.99371E-05 9.99371E-05 9.99371E-05
9.993E-05 0.999201 9.993E-05 9.993E-05 9.993E-05 9.993E-05 9.993E-05 9.993E-05 9.993E-05
9.99731E-05 0.460452 9.99731E-05 9.99731E-05 0.0544912 0.0092459 0.071043 0.232669 0.1718
9.9946E-05 0.949285 0.0220103 9.9946E-05 9.9946E-05 9.9946E-05 0.0281054 9.9946E-05 9.9946E-05
9.99459E-05 9.99459E-05 0.777575 0.0498505 9.99459E-05 9.99459E-05 0.171975 9.99459E-05 9.99459E-05
0.0335262 0.0709417 0.0625553 9.99548E-05 9.99548E-05 9.99548E-05 9.99548E-05 9.99548E-05 0.832477
9.993E-05 9.993E-05 9.993E-05 9.993E-05 9.993E-05 9.993E-05 9.993E-05 0.999201 9.993E-05
0.00439827 0.000804251 0.035425 0.84518 9.9964E-05 9.9964E-05 0.113793 9.9964E-05 9.9964E-05
9.994E-05 9.994E-05 0.00302514 0.0921231 9.994E-05 9.994E-05 0.904252 9.994E-05 9.994E-05
9.99372E-05 9.99372E-05 9.99372E-05 0.968934 9.99372E-05 9.99372E-05 9.99372E-05 9.99372E-05 0.0303661
9.99549E-05 9.99549E-05 0.0230653 0.88616 9.99549E-05 0.0635009 0.0267736 9.99549E-05 9.99549E-05
0.0540075 9.99459E-05 9.99459E-05 0.85161 9.99459E-05 0.0937832 9.99459E-05 9.99459E-05 9.99459E-05
9.99551E-05 0.000417711 0.0912754 9.99551E-05 0.886446 9.99551E-05 0.0213614 9.99551E-05 9.99551E-05
9.993E-05 9.993E-05 9.993E-05 9.993E-05 9.993E-05 9.993E-05 9.993E-05 0.999201 9.993E-05
0.0276651 9.9991E-05 0.10827 0.0252745 0.0567411 0.100874 0.0799013 0.285898 0.315276
9.99462E-05 0.00552752 9.99462E-05 9.99462E-05 9.99462E-05 9.99462E-05 0.0323792 0.961494 9.99462E-05
0.00772178 0.0321348 0.0465157 9.9955E-05 9.9955E-05 9.9955E-05 9.9955E-05 0.913128 9.9955E-05
9.99549E-05 0.0407975 9.99549E-05 9.99549E-05 9.99549E-05 9.99549E-05 0.049679 0.902827 0.00619688
9.9946E-05 9.9946E-05 9.9946E-05 9.9946E-05 9.9946E-05 9.9946E-05 0.0576409 0.928466 0.0132933
9.99551E-05 9.99551E-05 0.0240593 9.99551E-05 9.99551E-05 0.0660831 9.99551E-05 0.899921 0.00943684
0.0155581 9.99369E-05 9.99369E-05 9.99369E-05 9.99369E-05 9.99369E-05 9.99369E-05 0.983742 9.99369E-05
9.99463E-05 0.218198 9.99463E-05 9.99463E-05 9.99463E-05 9.99463E-05 9.99463E-05 0.469911 0.311291
9.99552E-05 0.0688798 9.99552E-05 0.0696432 9.99552E-05 9.99552E-05 9.99552E-05 0.464867 0.39611
9.9946E-05 0.0323901 9.9946E-05 9.9946E-05 9.9946E-05 9.9946E-05 0.0126762 0.954334 9.9946E-05
9.9937E-05 0.0252098 9.9937E-05 9.9937E-05 9.9937E-05 9.9937E-05 0.974091 9.9937E-05 9.9937E-05
9.99369E-05 0.00271233 9.99369E-05 9.99369E-05 9.99369E-05 9.99369E-05 0.996588 9.99369E-05 9.99369E-05
0.999201 9.993E-05 9.993E-05 9.993E-05 9.993E-05 9.993E-05 9.993E-05 9.993E-05 9.993E-05
0.999201 9.993E-05 9.993E-05 9.993E-05 9.993E-05 9.993E-05 9.993E-05 9.993E-05 9.993E-05
9.99639E-05 0.0041494 0.0078282 9.99639E-05 9.99639E-05 0.730851 0.189866 9.99639E-05 0.0669063
9.99639E-05 9.99639E-05 0.0460559 0.0282026 9.99639E-05 0.66219 0.189179 9.99639E-05 0.0739727
0.988034 9.9937E-05 9.9937E-05 9.9937E-05 9.9937E-05 9.9937E-05 9.9937E-05 9.9937E-05 0.0112661
0.999201 9.993E-05 9.993E-05 9.993E-05 9.993E-05 9.993E-05 9.993E-05 9.993E-05 9.993E-05
9.99459E-05 0.00380942 0.931759 0.0638317 9.99459E-05 9.99459E-05 9.99459E-05 9.99459E-05 9.99459E-05
9.9973E-05 9.9973E-05 0.0333312 0.169104 0.071329 0.175737 0.489498 9.9973E-05 0.0607008
9.99458E-05 0.109635 0.0541745 9.99458E-05 9.99458E-05 9.99458E-05 9.99458E-05 9.99458E-05 0.835591
0.238269 9.99641E-05 9.99641E-05 0.304388 0.105545 0.284627 9.99641E-05 0.066771 9.99641E-05
0.293042 9.99731E-05 0.164355 0.428271 0.0710393 0.0187835 0.024209 9.99731E-05 9.99731E-05
0.00965883 0.188945 9.99641E-05 9.99641E-05 0.0175086 9.99641E-05 9.99641E-05 0.573159 0.210329
