0.907258 9.99459E-05 9.99459E-05 9.99459E-05 9.99459E-05 9.99459E-05 0.00735256 0.0847899 9.99459E-05
0.182397 0.182483 9.99548E-05 0.604771 9.99548E-05 9.99548E-05 9.99548E-05 9.99548E-05 0.0298488
9.99644E-05 0.757626 9.99644E-05 0.0949908 0.0866094 0.0298237 9.99644E-05 9.99644E-05 0.0305502
9.9955E-05 0.941847 9.9955E-05 9.9955E-05 9.9955E-05 9.9955E-05 0.00929601 0.00384719 0.0445098
0.027508 0.391014 9.99641E-05 0.427105 9.99641E-05 9.99641E-05 9.99641E-05 0.145191 0.00878245
0.0103557 0.982262 9.9946E-05 9.9946E-05 9.9946E-05 9.9946E-05 9.9946E-05 9.9946E-05 0.00678305
9.99371E-05 9.99371E-05 9.99371E-05 0.728345 0.270955 9.99371E-05 9.99371E-05 9.99371E-05 9.99371E-05
9.9955E-05 0.383325 9.9955E-05 0.344558 9.9955E-05 9.9955E-05 0.207856 0.0637607 9.9955E-05
9.994E-05 9.994E-05 0.0465084 0.749918 0.202974 9.994E-05 9.994E-05 9.994E-05 9.994E-05
9.99371E-05 9.99371E-05 9.99371E-05 0.0633705 9.99371E-05 9.99371E-05 9.99371E-05 0.93593 9.99371E-05
9.99371E-05 9.99371E-05 9.99371E-05 0.0331751 9.99371E-05 9.99371E-05 9.99371E-05 0.966125 9.99371E-05
0.698684 0.00657116 9.9955E-05 9.9955E-05 0.161955 9.9955E-05 9.9955E-05 9.9955E-05 0.132289
9.99371E-05 0.000230531 9.99371E-05 9.99371E-05 0.99907 9.99371E-05 9.99371E-05 9.99371E-05 9.99371E-05
0.0259481 0.959655 9.9946E-05 9.9946E-05 9.9946E-05 0.0137971 9.9946E-05 9.9946E-05 9.9946E-05
0.0616802 0.93482 9.9946E-05 9.9946E-05 9.9946E-05 9.9946E-05 9.9946E-05 0.00290034 9.9946E-05
9.9955E-05 9.9955E-05 0.79878 9.9955E-05 0.159699 9.9955E-05 0.00585488 0.0351659 9.9955E-05
9.9964E-05 9.9964E-05 0.130684 9.9964E-05 0.161329 0.0805111 9.9964E-05 0.310023 0.317054
0.0397709 9.99729E-05 0.0790601 0.0124407 9.99729E-05 0.70904 0.0387917 0.120596 9.99729E-05
9.9937E-05 9.9937E-05 9.9937E-05 9.9937E-05 9.9937E-05 0.908508 9.9937E-05 9.9937E-05 0.0907929
0.120189 9.9955E-05 0.321717 9.9955E-05 9.9955E-05 9.9955E-05 9.9955E-05 0.467471 0.090124
9.993E-05 9.993E-05 9.993E-05 9.993E-05 9.993E-05 0.999201 9.993E-05 9.993E-05 9.993E-05
0.505926 9.9955E-05 0.335787 9.9955E-05 0.0515943 9.9955E-05 9.9955E-05 0.106194 9.9955E-05
9.99551E-05 0.0290881 9.99551E-05 9.99551E-05 9.99551E-05 0.398133 9.99551E-05 0.303188 0.26909
9.99459E-05 9.99459E-05 9.99459E-05 9.99459E-05 9.99459E-05 0.915573 9.99459E-05 0.000216759 0.0836102
9.99371E-05 0.995618 9.99371E-05 9.99371E-05 9.99371E-05 9.99371E-05 0.00368226 9.99371E-05 9.99371E-05
9.993E-05 0.999201 9.993E-05 9.993E-05 9.993E-05 9.993E-05 9.993E-05 9.993E-05 9.993E-05
0.0922674 9.99548E-05 9.99548E-05 9.99548E-05 0.783186 9.99548E-05 9.99548E-05 0.0639878 0.0600594
9.9946E-05 0.938235 9.9946E-05 9.9946E-05 0.0171378 9.9946E-05 0.0440272 9.9946E-05 9.9946E-05
9.9955E-05 0.927429 0.0198168 9.9955E-05 0.000162322 9.9955E-05 0.0520923 9.9955E-05 9.9955E-05
0.00946211 0.710151 9.99731E-05 0.0421951 0.0431427 0.0174084 0.177341 9.99731E-05 9.99731E-05
9.9964E-05 0.670728 9.9964E-05 0.14014 9.9964E-05 9.9964E-05 0.164639 0.0100399 0.0140524
0.0808712 0.00186598 9.9955E-05 0.862503 9.9955E-05 9.9955E-05 0.0542599 9.9955E-05 9.9955E-05
9.99372E-05 0.950458 0.0488423 9.99372E-05 9.99372E-05 9.99372E-05 9.99372E-05 9.99372E-05 9.99372E-05
0.00571506 0.14486 9.99641E-05 0.105689 9.99641E-05 9.99641E-05 0.736559 9.99641E-05 0.00677737
0.0758968 0.0634353 9.99729E-05 9.99729E-05 0.549571 9.99729E-05 0.0118648 0.117246 0.181686
0.00586709 0.967482 0.0161007 0.0100502 9.99549E-05 9.99549E-05 9.99549E-05 9.99549E-05 9.99549E-05
0.97597 0.0233301 9.9937E-05 9.9937E-05 9.9937E-05 9.9937E-05 9.9937E-05 9.9937E-05 9.9937E-05
0.142232 0.018819 0.0179985 0.164962 9.99639E-05 9.99639E-05 9.99639E-05 0.655589 9.99639E-05
0.0177907 0.130071 0.111391 9.9982E-05 0.156858 0.0541002 9.9982E-05 0.177274 0.352316
0.249358 0.0717469 0.356815 9.99729E-05 9.99729E-05 0.00728928 9.99729E-05 0.293733 0.0207583
0.325688 0.0375396 0.273745 9.99729E-05 9.99729E-05 0.0167006 9.99729E-05 0.313578 0.032449
0.0376807 9.99549E-05 0.0247533 9.99549E-05 0.0258923 9.99549E-05 9.99549E-05 0.911174 9.99549E-05
0.015314 9.9955E-05 0.85998 9.9955E-05 0.112739 9.9955E-05 9.9955E-05 0.0114669 9.9955E-05
0.00400958 9.9946E-05 9.9946E-05 9.9946E-05 0.0183824 9.9946E-05 9.9946E-05 0.977008 9.9946E-05
0.0872665 9.9991E-05 0.101756 0.0179895 0.171984 0.104516 0.00143294 0.398015 0.11694
0.158356 0.0713241 0.222317 9.9982E-05 0.0230501 0.0260907 9.9982E-05 0.485973 0.0126899
0.213316 0.118531 9.9973E-05 9.9973E-05 0.220122 9.9973E-05 0.022847 0.338657 0.0862263
0.985687 9.99374E-05 9.99374E-05 9.99374E-05 9.99374E-05 0.0136137 9.99374E-05 9.99374E-05 9.99374E-05
9.993E-05 9.993E-05 9.993E-05 9.993E-05 9.993E-05 9.993E-05 0.999201 9.993E-05 9.993E-05
9.99371E-05 9.99371E-05 9.99371E-05 9.99371E-05 9.99371E-05 9.99371E-05 0.999092 0.000208079 9.99371E-05
9.993E-05 9.993E-05 9.993E-05 9.993E-05 9.993E-05 9.993E-05 0.999201 9.993E-05 9.993E-05
9.993E-05 9.993E-05 9.993E-05 9.993E-05 9.993E-05 9.993E-05 0.999201 9.993E-05 9.993E-05
9.993E-05 9.993E-05 9.993E-05 9.993E-05 9.993E-05 9.993E-05 0.999201 9.993E-05 9.993E-05
9.99731E-05 0.240239 0.042308 0.246547 9.99731E-05 0.0457003 0.42037 0.00453614 9.99731E-05
0.00706251 9.9955E-05 0.0316952 0.0163743 9.9955E-05 9.9955E-05 0.944368 9.9955E-05 9.9955E-05
0.840656 9.99459E-05 0.119961 9.99459E-05 0.0387835 9.99459E-05 9.99459E-05 9.99459E-05 9.99459E-05
0.042907 0.00312283 0.0124561 0.794617 9.99729E-05 9.99729E-05 0.117439 9.99729E-05 0.0291577
0.0160641 0.983236 9.99369E-05 9.99369E-05 9.99369E-05 9.99369E-05 9.99369E-05 9.99369E-05 9.99369E-05
0.125203 9.9964E-05 0.0812792 9.9964E-05 0.773544 9.9964E-05 0.00154764 9.9964E-05 0.0180259
9.99372E-05 9.99372E-05 0.90013 9.99372E-05 0.0991701 9.99372E-05 9.99372E-05 9.99372E-05 9.99372E-05
9.993E-05 9.993E-05 9.993E-05 9.993E-05 0.999201 9.993E-05 9.993E-05 9.993E-05 9.993E-05
9.99459E-05 9.99459E-05 0.00817542 9.99459E-05 0.856479 9.99459E-05 9.99459E-05 0.134746 9.99459E-05
9.99459E-05 9.99459E-05 9.99459E-05 9.99459E-05 0.800489 9.99459E-05 9.99459E-05 0.148715 0.0501963
0.0817754 9.99372E-05 9.99372E-05 9.99372E-05 9.99372E-05 0.917525 9.99372E-05 9.99372E-05 9.99372E-05
9.993E-05 0.999201 9.993E-05 9.993E-05 9.993E-05 9.993E-05 9.993E-05 9.993E-05 9.993E-05
0.131651 0.292339 0.0638358 0.127547 0.178911 0.0747015 0.0949973 9.9991E-05 0.0359172
9.99462E-05 0.965819 0.0098879 9.99462E-05 9.99462E-05 9.99462E-05 0.023693 9.99462E-05 9.99462E-05
0.043217 0.943605 9.9946E-05 9.9946E-05 9.9946E-05 9.9946E-05 0.0125779 9.9946E-05 9.9946E-05
9.9955E-05 0.885903 0.0667749 9.9955E-05 0.0070198 9.9955E-05 0.0398024 9.9955E-05 9.9955E-05
9.9955E-05 0.892459 0.0504521 0.018782 9.9955E-05 9.9955E-05 0.0378072 9.9955E-05 9.9955E-05
0.0318223 0.873317 9.99641E-05 0.0294139 9.99641E-05 9.99641E-05 9.99641E-05 0.0639783 0.0010685
9.9955E-05 0.979628 9.9955E-05 9.9955E-05 9.9955E-05 0.00208434 9.9955E-05 0.0104999 0.00728768
9.99462E-05 0.457432 9.99462E-05 0.28848 9.99462E-05 9.99462E-05 0.253488 9.99462E-05 9.99462E-05
9.99552E-05 0.442866 9.99552E-05 0.353939 0.106618 9.99552E-05 0.0960774 9.99552E-05 9.99552E-05
0.00639043 0.956787 0.0299667 9.9955E-05 9.9955E-05 9.9955E-05 0.00635574 9.9955E-05 9.9955E-05
9.9937E-05 0.00599227 0.993308 9.9937E-05 9.9937E-05 9.9937E-05 9.9937E-05 9.9937E-05 9.9937E-05
9.9937E-05 9.9937E-05 0.997669 9.9937E-05 9.9937E-05 9.9937E-05 0.00163176 9.9937E-05 9.9937E-05
9.993E-05 9.993E-05 9.993E-05 9.993E-05 9.993E-05 9.993E-05 9.993E-05 9.993E-05 0.999201
9.993E-05 9.993E-05 9.993E-05 9.993E-05 9.993E-05 9.993E-05 9.993E-05 9.993E-05 0.999201
0.0417323 0.00789078 0.143732 0.0184385 0.00429958 9.9982E-05 0.00929922 0.774408 9.9982E-05
0.0530196 9.99639E-05 0.186619 0.0219841 0.00776776 9.99639E-05 9.99639E-05 0.73021 9.99639E-05
9.9937E-05 9.9937E-05 9.9937E-05 0.0137103 9.9937E-05 9.9937E-05 9.9937E-05 9.9937E-05 0.98559
9.993E-05 9.993E-05 9.993E-05 9.993E-05 9.993E-05 9.993E-05 9.993E-05 9.993E-05 0.999201
0.961096 9.99459E-05 9.99459E-05 9.99459E-05 0.0261454 9.99459E-05 0.0121586 9.99459E-05 9.99459E-05
0.0595765 9.9973E-05 0.506598 0.0461033 0.144038 0.0690786 9.9973E-05 0.174306 9.9973E-05
0.0294629 9.99458E-05 9.99458E-05 0.824925 9.99458E-05 9.99458E-05 0.145012 9.99458E-05 9.99458E-05
9.99641E-05 0.030765 9.99641E-05 9.99641E-05 0.329883 0.0844031 9.99641E-05 0.349351 0.205198
0.21547 9.99641E-05 0.00909624 9.99641E-05 0.395389 0.0663579 9.99641E-05 9.99641E-05 0.313287
9.99641E-05 0.547165 9.99641E-05 0.237297 9.99641E-05 0.0340129 0.180645 9.99641E-05 0.000480535
