9.99369E-05 9.99369E-05 9.99369E-05 9.99369E-05 9.99369E-05 9.99369E-05 0.0654837 0.933817 9.99369E-05
9.996E-05 0.120502 9.996E-05 9.996E-05 0.0304378 0.700884 0.0531912 0.0945853 9.996E-05
0.249429 0.638326 9.99554E-05 9.99554E-05 0.0162303 9.99554E-05 9.99554E-05 9.99554E-05 0.0955143
9.9946E-05 0.951053 9.9946E-05 0.00283084 0.0455167 9.9946E-05 9.9946E-05 9.9946E-05 9.9946E-05
0.214237 0.365434 9.99731E-05 0.0329747 9.99731E-05 0.170417 0.174323 0.0423142 9.99731E-05
9.99461E-05 0.98166 9.99461E-05 9.99461E-05 0.012532 9.99461E-05 0.00520807 9.99461E-05 9.99461E-05
0.270364 9.99461E-05 9.99461E-05 9.99461E-05 9.99461E-05 0.340115 9.99461E-05 9.99461E-05 0.388922
0.668635 0.084724 9.99729E-05 0.0837806 0.0318845 0.0465433 0.0841326 9.99729E-05 9.99729E-05
0.228621 9.9955E-05 9.9955E-05 9.9955E-05 9.9955E-05 0.450913 0.0770151 9.9955E-05 0.242951
0.0201462 9.99371E-05 9.99371E-05 9.99371E-05 9.99371E-05 9.99371E-05 0.979154 9.99371E-05 9.99371E-05
0.0105167 9.99372E-05 9.99372E-05 9.99372E-05 9.99372E-05 9.99372E-05 0.988784 9.99372E-05 9.99372E-05
0.00510675 0.0245733 9.9964E-05 9.9964E-05 0.138893 9.9964E-05 9.9964E-05 0.666921 0.164106
0.0194307 9.99371E-05 9.99371E-05 9.99371E-05 9.99371E-05 9.99371E-05 9.99371E-05 9.99371E-05 0.97987
9.99461E-05 0.933347 0.0280524 9.99461E-05 9.99461E-05 9.99461E-05 9.99461E-05 0.0380013 9.99461E-05
9.9946E-05 0.967286 0.0022237 9.9946E-05 9.9946E-05 9.9946E-05 9.9946E-05 0.029891 9.9946E-05
9.9973E-05 0.00889263 9.9973E-05 0.000114805 9.9973E-05 0.0653731 0.488065 0.0917229 0.345532
9.99551E-05 9.99551E-05 0.0557754 9.99551E-05 0.336716 9.99551E-05 0.396968 9.99551E-05 0.210041
9.99639E-05 9.99639E-05 0.728725 0.0334433 9.99639E-05 0.0711422 0.117194 0.0490957 9.99639E-05
9.9937E-05 9.9937E-05 0.904178 9.9937E-05 0.0951227 9.9937E-05 9.9937E-05 9.9937E-05 9.9937E-05
9.9955E-05 9.9955E-05 9.9955E-05 9.9955E-05 0.0770781 9.9955E-05 0.724836 0.147299 0.0502879
9.993E-05 9.993E-05 0.999201 9.993E-05 9.993E-05 9.993E-05 9.993E-05 9.993E-05 9.993E-05
9.99639E-05 9.99639E-05 9.99639E-05 9.99639E-05 0.032794 0.0147362 0.308021 0.548526 0.0955229
9.9955E-05 9.9955E-05 0.409772 0.00939996 0.315298 9.9955E-05 0.265031 9.9955E-05 9.9955E-05
9.99459E-05 9.99459E-05 0.876407 9.99459E-05 0.112683 9.99459E-05 0.01031 9.99459E-05 9.99459E-05
9.99371E-05 0.988873 9.99371E-05 0.0104276 9.99371E-05 9.99371E-05 9.99371E-05 9.99371E-05 9.99371E-05
9.993E-05 0.999201 9.993E-05 9.993E-05 9.993E-05 9.993E-05 9.993E-05 9.993E-05 9.993E-05
9.99549E-05 9.99549E-05 9.99549E-05 9.99549E-05 0.0606812 9.99549E-05 0.0825875 0.0850488 0.771183
0.0340016 0.917954 9.9955E-05 0.0471661 9.9955E-05 9.9955E-05 9.9955E-05 9.9955E-05 0.000378438
0.0209299 0.901313 9.9964E-05 0.0638187 9.9964E-05 0.0087117 9.9964E-05 9.9964E-05 0.00482667
0.218456 0.522838 0.0180219 0.141602 0.0198364 0.0245877 9.9991E-05 0.0210094 0.033549
0.460564 0.395094 9.99549E-05 0.0911495 0.0526932 9.99549E-05 9.99549E-05 9.99549E-05 9.99549E-05
9.993E-05 9.993E-05 9.993E-05 9.993E-05 9.993E-05 0.999201 9.993E-05 9.993E-05 9.993E-05
0.124977 0.874323 9.99371E-05 9.99371E-05 9.99371E-05 9.99371E-05 9.99371E-05 9.99371E-05 9.99371E-05
0.244414 9.99461E-05 9.99461E-05 0.722576 9.99461E-05 0.0324099 9.99461E-05 9.99461E-05 9.99461E-05
0.0450637 0.0273352 9.99819E-05 0.00423879 0.214551 9.99819E-05 0.114305 0.029132 0.565175
9.99549E-05 0.951678 9.99549E-05 9.99549E-05 9.99549E-05 0.0127519 0.00385629 9.99549E-05 0.0312141
0.0184204 9.9937E-05 9.9937E-05 9.9937E-05 9.9937E-05 9.9937E-05 9.9937E-05 0.98088 9.9937E-05
0.00630593 0.00486716 0.0194401 9.9973E-05 9.9973E-05 0.182743 0.75328 0.0330637 9.9973E-05
0.00621698 0.113621 0.0341328 9.99731E-05 0.393719 9.99731E-05 0.268967 9.99731E-05 0.183043
9.9955E-05 0.127452 9.9955E-05 9.9955E-05 0.00385234 9.9955E-05 0.626492 0.241704 9.9955E-05
9.99639E-05 0.0606818 0.00185908 9.99639E-05 0.0186225 9.99639E-05 0.619717 0.29872 9.99639E-05
9.993E-05 9.993E-05 9.993E-05 9.993E-05 9.993E-05 9.993E-05 0.999201 9.993E-05 9.993E-05
9.9955E-05 9.9955E-05 9.9955E-05 9.9955E-05 9.9955E-05 0.139991 0.474249 0.111874 0.273387
9.9946E-05 9.9946E-05 9.9946E-05 9.9946E-05 0.0141357 9.9946E-05 0.966414 9.9946E-05 0.0188507
9.9973E-05 9.9973E-05 0.12849 9.9973E-05 0.124555 0.0207807 0.469076 0.0668614 0.189938
9.9973E-05 0.0728256 0.027291 9.9973E-05 0.0647132 9.9973E-05 0.697885 0.116155 0.0208308
0.00540618 0.132987 0.0026887 0.0264522 0.0886082 9.9991E-05 0.299691 0.210181 0.233886
9.99374E-05 9.99374E-05 0.0228981 9.99374E-05 9.99374E-05 9.99374E-05 9.99374E-05 0.976402 9.99374E-05
9.993E-05 9.993E-05 9.993E-05 0.999201 9.993E-05 9.993E-05 9.993E-05 9.993E-05 9.993E-05
9.993E-05 9.993E-05 9.993E-05 0.999201 9.993E-05 9.993E-05 9.993E-05 9.993E-05 9.993E-05
9.99461E-05 9.99461E-05 0.00334768 0.983543 9.99461E-05 9.99461E-05 0.0125096 9.99461E-05 9.99461E-05
9.9946E-05 9.9946E-05 0.00143969 0.995616 9.9946E-05 9.9946E-05 9.9946E-05 0.00234482 9.9946E-05
9.993E-05 9.993E-05 9.993E-05 0.999201 9.993E-05 9.993E-05 9.993E-05 9.993E-05 9.993E-05
0.371958 0.0582145 0.0204776 0.384784 9.99731E-05 0.0460087 0.118258 9.99731E-05 9.99731E-05
9.9946E-05 9.9946E-05 9.9946E-05 0.934712 9.9946E-05 0.0450145 9.9946E-05 0.0196734 9.9946E-05
9.99459E-05 9.99459E-05 9.99459E-05 9.99459E-05 9.99459E-05 9.99459E-05 0.0014731 0.918318 0.0796091
9.99459E-05 0.00131329 9.99459E-05 0.0355594 9.99459E-05 0.962528 9.99459E-05 9.99459E-05 9.99459E-05
9.993E-05 0.999201 9.993E-05 9.993E-05 9.993E-05 9.993E-05 9.993E-05 9.993E-05 9.993E-05
9.9955E-05 9.9955E-05 9.9955E-05 0.0203021 0.0250075 9.9955E-05 9.9955E-05 0.0814719 0.872719
0.0293743 0.0446656 9.9973E-05 9.9973E-05 0.0175634 9.9973E-05 0.363361 0.198401 0.346335
9.993E-05 9.993E-05 9.993E-05 9.993E-05 9.993E-05 9.993E-05 9.993E-05 9.993E-05 0.999201
9.99549E-05 0.00123554 9.99549E-05 9.99549E-05 9.99549E-05 9.99549E-05 0.07072 0.0410759 0.886469
9.99549E-05 9.99549E-05 9.99549E-05 9.99549E-05 0.0774091 9.99549E-05 0.0588623 0.00737313 0.855856
9.99372E-05 9.99372E-05 0.896012 9.99372E-05 9.99372E-05 9.99372E-05 9.99372E-05 0.103289 9.99372E-05
9.993E-05 0.999201 9.993E-05 9.993E-05 9.993E-05 9.993E-05 9.993E-05 9.993E-05 9.993E-05
9.999E-05 0.230512 0.0346016 0.125063 0.0817627 0.0914493 0.282144 0.0655596 0.0888078
0.0554398 0.938004 9.99462E-05 9.99462E-05 9.99462E-05 9.99462E-05 9.99462E-05 9.99462E-05 0.00595601
9.9946E-05 0.952257 9.9946E-05 0.0230206 9.9946E-05 9.9946E-05 9.9946E-05 0.0241224 9.9946E-05
0.0581402 0.884147 9.9955E-05 0.0360014 9.9955E-05 0.0212122 9.9955E-05 9.9955E-05 9.9955E-05
0.0213843 0.890488 0.0169763 0.0477644 9.9964E-05 0.0229875 9.9964E-05 9.9964E-05 9.9964E-05
0.0821349 0.836715 9.99641E-05 9.99641E-05 0.0119319 0.028517 0.0403014 9.99641E-05 9.99641E-05
9.993E-05 0.999201 9.993E-05 9.993E-05 9.993E-05 9.993E-05 9.993E-05 9.993E-05 9.993E-05
0.968981 9.99369E-05 9.99369E-05 0.0303192 9.99369E-05 9.99369E-05 9.99369E-05 9.99369E-05 9.99369E-05
0.962015 9.99369E-05 9.99369E-05 9.99369E-05 9.99369E-05 9.99369E-05 9.99369E-05 9.99369E-05 0.0372855
9.9955E-05 0.942551 0.00194565 0.0269592 9.9955E-05 9.9955E-05 0.0280448 9.9955E-05 9.9955E-05
9.9973E-05 0.0655524 9.9973E-05 9.9973E-05 0.0163609 0.123242 0.611034 0.0515399 0.131971
9.9973E-05 0.0228011 9.9973E-05 9.9973E-05 0.0280757 0.19118 0.586017 0.0395954 0.132031
9.993E-05 9.993E-05 9.993E-05 9.993E-05 0.999201 9.993E-05 9.993E-05 9.993E-05 9.993E-05
9.993E-05 9.993E-05 9.993E-05 9.993E-05 0.999201 9.993E-05 9.993E-05 9.993E-05 9.993E-05
9.9955E-05 9.9955E-05 9.9955E-05 0.0125627 9.9955E-05 0.0573318 0.919201 9.9955E-05 0.0104043
9.9946E-05 9.9946E-05 9.9946E-05 9.9946E-05 9.9946E-05 0.0394923 0.911282 9.9946E-05 0.048626
9.9937E-05 9.9937E-05 9.9937E-05 9.9937E-05 0.986312 0.0129889 9.9937E-05 9.9937E-05 9.9937E-05
9.993E-05 9.993E-05 9.993E-05 9.993E-05 0.999201 9.993E-05 9.993E-05 9.993E-05 9.993E-05
9.99369E-05 9.99369E-05 9.99369E-05 9.99369E-05 9.99369E-05 9.99369E-05 9.99369E-05 0.953097 0.0462035
9.9964E-05 9.9964E-05 0.0563521 9.9964E-05 9.9964E-05 0.133666 0.516649 0.0307175 0.262216
9.99369E-05 9.99369E-05 9.99369E-05 0.0590898 9.99369E-05 0.940211 9.99369E-05 9.99369E-05 9.99369E-05
9.99641E-05 0.0473288 0.109822 9.99641E-05 0.280879 9.99641E-05 0.20238 9.99641E-05 0.359191
9.99552E-05 9.99552E-05 0.0455235 9.99552E-05 0.332761 9.99552E-05 9.99552E-05 0.149614 0.471601
0.541629 0.321525 0.0303232 0.0618172 0.0443061 9.9964E-05 9.9964E-05 9.9964E-05 9.9964E-05
