9.99369E-05 9.99369E-05 0.91972 9.99369E-05 0.0795806 9.99369E-05 9.99369E-05 9.99369E-05 9.99369E-05
0.201522 9.99638E-05 0.181207 9.99638E-05 0.00575051 0.555125 9.99638E-05 0.0559951 9.99638E-05
0.747036 9.99643E-05 9.99643E-05 0.00899313 9.99643E-05 0.126922 0.056272 0.0603778 9.99643E-05
0.958531 9.99371E-05 9.99371E-05 9.99371E-05 9.99371E-05 9.99371E-05 9.99371E-05 0.0407692 9.99371E-05
0.418768 0.0314438 0.0155586 9.99641E-05 0.185179 0.34865 9.99641E-05 9.99641E-05 9.99641E-05
0.989365 9.9964E-05 0.00157908 0.00237322 0.000725698 9.9964E-05 0.00555728 9.9964E-05 9.9964E-05
9.9946E-05 9.9946E-05 9.9946E-05 9.9946E-05 9.9946E-05 0.738054 0.200563 9.9946E-05 0.0607832
0.369555 0.159962 9.9955E-05 9.9955E-05 0.0563309 0.413653 9.9955E-05 9.9955E-05 9.9955E-05
9.99459E-05 9.99459E-05 9.99459E-05 9.99459E-05 9.99459E-05 0.761198 0.111228 9.99459E-05 0.126974
9.99371E-05 9.99371E-05 9.99371E-05 9.99371E-05 0.944944 0.054356 9.99371E-05 9.99371E-05 9.99371E-05
9.99371E-05 9.99371E-05 9.99371E-05 9.99371E-05 0.934065 0.0652355 9.99371E-05 9.99371E-05 9.99371E-05
0.0262427 9.9955E-05 0.685319 9.9955E-05 9.9955E-05 9.9955E-05 0.177776 0.110162 9.9955E-05
9.99371E-05 9.99371E-05 9.99371E-05 9.99371E-05 9.99371E-05 0.0169312 0.982369 9.99371E-05 9.99371E-05
0.945227 9.9946E-05 0.0309645 0.0232084 9.9946E-05 9.9946E-05 9.9946E-05 9.9946E-05 9.9946E-05
0.933807 9.9946E-05 0.0613147 0.00427862 9.9946E-05 9.9946E-05 9.9946E-05 9.9946E-05 9.9946E-05
9.9946E-05 9.9946E-05 9.9946E-05 9.9946E-05 0.00387553 9.9946E-05 0.154322 9.9946E-05 0.841203
9.9973E-05 9.9973E-05 0.0467765 0.0485648 0.422783 9.9973E-05 0.19571 0.272335 0.0135312
9.99729E-05 0.0286898 0.0123899 0.686727 0.162008 0.0883187 9.99729E-05 9.99729E-05 0.0215675
9.9937E-05 9.9937E-05 9.9937E-05 0.920237 9.9937E-05 9.9937E-05 9.9937E-05 0.0790639 9.9937E-05
9.9955E-05 9.9955E-05 0.113668 9.9955E-05 0.5432 9.9955E-05 9.9955E-05 0.0481185 0.294514
9.993E-05 9.993E-05 9.993E-05 0.999201 9.993E-05 9.993E-05 9.993E-05 9.993E-05 9.993E-05
9.9964E-05 9.9964E-05 0.552893 9.9964E-05 0.103229 9.9964E-05 0.0756293 0.0150708 0.252778
0.0104479 9.99551E-05 9.99551E-05 0.351488 0.354659 9.99551E-05 9.99551E-05 0.282906 9.99551E-05
9.99459E-05 9.99459E-05 9.99459E-05 0.889777 0.0287686 9.99459E-05 9.99459E-05 0.0808544 9.99459E-05
0.957919 0.0345929 9.99461E-05 9.99461E-05 9.99461E-05 9.99461E-05 0.00688812 9.99461E-05 9.99461E-05
0.999201 9.993E-05 9.993E-05 9.993E-05 9.993E-05 9.993E-05 9.993E-05 9.993E-05 9.993E-05
9.99729E-05 0.00386734 0.0856118 9.99729E-05 0.086558 9.99729E-05 0.789152 0.0285958 0.00591524
0.90892 0.0565996 9.9955E-05 9.9955E-05 9.9955E-05 0.00963556 9.9955E-05 9.9955E-05 0.0243454
0.88155 0.068448 9.9955E-05 9.9955E-05 9.9955E-05 0.0146927 9.9955E-05 9.9955E-05 0.0348096
0.718774 0.147888 0.028622 0.0211528 9.99641E-05 0.083164 9.99641E-05 9.99641E-05 9.99641E-05
0.684685 0.135042 9.99641E-05 9.99641E-05 0.0619029 0.104434 9.99641E-05 0.0135366 9.99641E-05
9.9955E-05 0.0953901 0.0635762 9.9955E-05 9.9955E-05 0.811846 9.9955E-05 0.0286883 9.9955E-05
0.968576 9.99461E-05 9.99461E-05 9.99461E-05 9.99461E-05 9.99461E-05 9.99461E-05 0.00174465 0.0290792
0.105513 0.772132 9.99552E-05 9.99552E-05 9.99552E-05 0.102458 9.99552E-05 0.0193972 9.99552E-05
0.0728312 9.99639E-05 0.0415755 9.99639E-05 0.0977282 9.99639E-05 0.611398 0.176067 9.99639E-05
0.956459 9.99549E-05 9.99549E-05 9.99549E-05 9.99549E-05 0.00376648 0.00293075 9.99549E-05 0.0363444
0.0219424 9.9937E-05 0.977358 9.9937E-05 9.9937E-05 9.9937E-05 9.9937E-05 9.9937E-05 9.9937E-05
0.0259823 9.99549E-05 0.0907706 9.99549E-05 0.681129 0.201618 9.99549E-05 9.99549E-05 9.99549E-05
0.122003 9.9964E-05 9.9964E-05 0.0572518 0.278269 9.9964E-05 0.196977 0.345099 9.9964E-05
0.100795 9.99549E-05 0.244578 9.99549E-05 0.4236 9.99549E-05 9.99549E-05 9.99549E-05 0.230527
0.0479217 9.99639E-05 0.285991 9.99639E-05 0.412487 9.99639E-05 9.99639E-05 0.015397 0.237804
9.994E-05 9.994E-05 0.0654525 9.994E-05 0.90113 9.994E-05 0.0328178 9.994E-05 9.994E-05
9.9964E-05 9.9964E-05 0.0274284 0.000113564 9.9964E-05 0.0143931 0.0802881 9.9964E-05 0.877377
9.9973E-05 0.00656759 0.0303994 9.9973E-05 0.903057 9.9973E-05 0.0571526 0.00161524 0.000907769
9.9982E-05 9.9982E-05 0.0395914 0.107622 0.454122 0.0156562 0.170251 0.103841 0.108716
0.0633684 0.0194992 0.110447 0.0348511 0.488724 9.9991E-05 0.0629998 0.00079534 0.219215
0.106045 0.0544275 0.174096 9.9973E-05 0.314785 9.9973E-05 0.276997 0.0733502 9.9973E-05
9.99374E-05 9.99374E-05 0.993177 0.00612314 9.99374E-05 9.99374E-05 9.99374E-05 9.99374E-05 9.99374E-05
9.993E-05 0.999201 9.993E-05 9.993E-05 9.993E-05 9.993E-05 9.993E-05 9.993E-05 9.993E-05
9.993E-05 0.999201 9.993E-05 9.993E-05 9.993E-05 9.993E-05 9.993E-05 9.993E-05 9.993E-05
9.9937E-05 0.995587 9.9937E-05 9.9937E-05 9.9937E-05 9.9937E-05 9.9937E-05 9.9937E-05 0.00371334
9.993E-05 0.999201 9.993E-05 9.993E-05 9.993E-05 9.993E-05 9.993E-05 9.993E-05 9.993E-05
9.993E-05 0.999201 9.993E-05 9.993E-05 9.993E-05 9.993E-05 9.993E-05 9.993E-05 9.993E-05
0.19371 0.416177 0.00231446 0.0278982 0.00499344 0.300195 0.0333432 9.9991E-05 0.0212682
9.9946E-05 0.976877 0.00165643 9.9946E-05 9.9946E-05 9.9946E-05 9.9946E-05 9.9946E-05 0.0208668
9.99369E-05 9.99369E-05 0.787571 9.99369E-05 9.99369E-05 9.99369E-05 9.99369E-05 9.99369E-05 0.211729
9.99547E-05 0.125249 0.0923981 9.99547E-05 9.99547E-05 0.736548 9.99547E-05 0.0453051 9.99547E-05
0.996237 9.99369E-05 0.00306393 9.99369E-05 9.99369E-05 9.99369E-05 9.99369E-05 9.99369E-05 9.99369E-05
9.9964E-05 0.0148693 0.0497874 9.9964E-05 9.9964E-05 9.9964E-05 0.791492 0.0283341 0.115117
9.99372E-05 9.99372E-05 9.99372E-05 9.99372E-05 9.99372E-05 9.99372E-05 0.093668 9.99372E-05 0.905632
9.99372E-05 9.99372E-05 9.99372E-05 9.99372E-05 9.99372E-05 0.0256289 0.973672 9.99372E-05 9.99372E-05
9.99459E-05 9.99459E-05 0.0237688 9.99459E-05 0.084164 9.99459E-05 0.891468 9.99459E-05 9.99459E-05
9.99459E-05 9.99459E-05 9.99459E-05 9.99459E-05 0.105897 9.99459E-05 0.860047 0.0334558 9.99459E-05
9.99461E-05 0.00678441 0.0965578 0.896058 9.99461E-05 9.99461E-05 9.99461E-05 9.99461E-05 9.99461E-05
0.999201 9.993E-05 9.993E-05 9.993E-05 9.993E-05 9.993E-05 9.993E-05 9.993E-05 9.993E-05
0.211731 0.101918 0.0688576 0.043192 0.121574 0.297288 9.9991E-05 0.102023 0.0533157
0.954735 9.99372E-05 9.99372E-05 9.99372E-05 9.99372E-05 9.99372E-05 9.99372E-05 9.99372E-05 0.0445658
0.959949 0.00743256 0.0217185 9.9955E-05 0.0104001 9.9955E-05 9.9955E-05 9.9955E-05 9.9955E-05
0.846682 0.0716985 9.99459E-05 9.99459E-05 9.99459E-05 9.99459E-05 9.99459E-05 9.99459E-05 0.0810201
0.884145 0.0166862 9.9955E-05 9.9955E-05 9.9955E-05 0.0579708 9.9955E-05 9.9955E-05 0.0406986
0.885261 9.995E-05 0.0405494 9.995E-05 0.0617228 0.011967 9.995E-05 9.995E-05 9.995E-05
0.996998 9.99369E-05 9.99369E-05 9.99369E-05 9.99369E-05 9.99369E-05 9.99369E-05 0.00230207 9.99369E-05
0.439796 0.151098 9.99462E-05 9.99462E-05 9.99462E-05 0.408507 9.99462E-05 9.99462E-05 9.99462E-05
0.403433 9.99462E-05 9.99462E-05 9.99462E-05 9.99462E-05 0.575519 0.0204475 9.99462E-05 9.99462E-05
0.952358 0.00445637 0.00330076 9.9964E-05 9.9964E-05 9.9964E-05 9.9964E-05 0.0107329 0.0287523
0.000147932 0.0154347 9.9946E-05 9.9946E-05 9.9946E-05 9.9946E-05 9.9946E-05 9.9946E-05 0.983818
9.9937E-05 0.00266287 9.9937E-05 9.9937E-05 9.9937E-05 9.9937E-05 9.9937E-05 9.9937E-05 0.996638
9.9937E-05 9.9937E-05 0.00881294 9.9937E-05 9.9937E-05 9.9937E-05 9.9937E-05 0.990488 9.9937E-05
9.993E-05 9.993E-05 9.993E-05 9.993E-05 9.993E-05 9.993E-05 9.993E-05 0.999201 9.993E-05
9.99549E-05 9.99549E-05 0.0268439 9.99549E-05 0.783968 0.0500239 9.99549E-05 9.99549E-05 0.138664
9.99639E-05 9.99639E-05 0.0225049 9.99639E-05 0.758529 0.024782 0.0308607 9.99639E-05 0.162924
9.9937E-05 9.9937E-05 9.9937E-05 9.9937E-05 9.9937E-05 0.0261909 9.9937E-05 0.97311 9.9937E-05
9.993E-05 9.993E-05 9.993E-05 9.993E-05 9.993E-05 9.993E-05 9.993E-05 0.999201 9.993E-05
9.99549E-05 0.00138821 0.948368 9.99549E-05 9.99549E-05 9.99549E-05 0.0415611 9.99549E-05 0.00818329
9.9973E-05 9.9973E-05 0.0226354 0.066984 0.192987 0.0802507 0.154393 9.9973E-05 0.48245
9.99548E-05 0.142405 0.0610511 9.99548E-05 9.99548E-05 0.783616 9.99548E-05 0.0124282 9.99548E-05
0.0524916 9.99641E-05 9.99641E-05 0.10838 0.295272 9.99641E-05 0.362834 0.180622 9.99641E-05
9.99731E-05 9.99731E-05 0.162425 0.0815561 0.0180225 9.99731E-05 0.42076 0.275485 0.0414525
0.587662 0.130531 9.99641E-05 0.0318973 9.99641E-05 0.211694 9.99641E-05 0.0378151 9.99641E-05
