9.996E-05 0.9995 9.996E-05 9.996E-05 9.996E-05 9.996E-05
9.9973E-05 0.43547 0.34545 9.9973E-05 0.218779 9.9973E-05
0.0767086 9.99911E-05 0.803802 0.0167631 0.0423138 0.060313
9.9964E-05 9.9964E-05 0.932755 0.0668453 9.9964E-05 9.9964E-05
9.99731E-05 0.230019 0.445624 9.99731E-05 0.324057 9.99731E-05
9.9973E-05 0.0257559 0.970968 9.9973E-05 9.9973E-05 0.00297604
0.559838 9.99731E-05 0.0100457 9.99731E-05 0.429817 9.99731E-05
9.9982E-05 0.0652286 0.4047 0.0479165 0.481955 9.9982E-05
0.412055 0.140974 9.99731E-05 9.99731E-05 0.446671 9.99731E-05
0.00696755 0.747521 9.9982E-05 0.128389 0.116923 9.9982E-05
0.0516302 0.736655 9.9982E-05 0.123046 0.0884689 9.9982E-05
0.188481 0.65434 0.0642478 0.0927307 9.9982E-05 9.9982E-05
0.996395 9.9964E-05 0.00320477 9.9964E-05 9.9964E-05 9.9964E-05
9.9973E-05 9.9973E-05 0.97102 0.000548849 9.9973E-05 0.0281313
9.9964E-05 0.0381054 0.961495 9.9964E-05 9.9964E-05 9.9964E-05
0.362287 0.544207 0.014113 0.0276947 0.0515986 9.9991E-05
0.195196 0.356689 9.9982E-05 0.360023 9.9982E-05 0.0878923
9.99729E-05 0.187074 9.99729E-05 9.99729E-05 0.0816201 0.731006
9.9964E-05 9.9964E-05 9.9964E-05 0.0759326 9.9964E-05 0.923668
0.0639914 0.789246 9.9973E-05 0.146462 9.9973E-05 9.9973E-05
9.996E-05 9.996E-05 9.996E-05 9.996E-05 9.996E-05 0.9995
0.0966238 0.885005 0.00219788 0.0159733 9.9982E-05 9.9982E-05
9.9991E-05 0.150631 0.00609501 0.379206 0.0367747 0.427194
9.9964E-05 9.9964E-05 9.9964E-05 0.0812408 9.9964E-05 0.918359
9.996E-05 9.996E-05 0.9995 9.996E-05 9.996E-05 9.996E-05
9.996E-05 9.996E-05 0.9995 9.996E-05 9.996E-05 9.996E-05
0.763101 0.164117 9.99729E-05 0.0724813 9.99729E-05 9.99729E-05
9.9973E-05 9.9973E-05 0.921999 0.00885526 0.0688463 9.9973E-05
0.0065121 9.9973E-05 0.896406 9.9973E-05 0.0967818 9.9973E-05
0.015345 9.99821E-05 0.673684 9.99821E-05 0.280084 0.0306865
9.9982E-05 9.9982E-05 0.642874 0.0553306 0.295482 0.00611336
9.99732E-05 0.330155 0.0934483 9.99732E-05 0.576097 9.99732E-05
9.996E-05 9.996E-05 0.9995 9.996E-05 9.996E-05 9.996E-05
9.9973E-05 9.9973E-05 0.0765126 0.014994 0.908194 9.9973E-05
0.559917 0.137175 0.0777251 0.224983 9.99819E-05 9.99819E-05
0.0105854 0.00419194 0.973232 0.0117907 9.9982E-05 9.9982E-05
9.99642E-05 0.959899 0.0397012 9.99642E-05 9.99642E-05 9.99642E-05
9.9982E-05 0.781503 0.0229579 9.9982E-05 0.164579 0.0307596
0.187786 0.203854 0.1314 0.410793 9.9991E-05 0.0660658
9.9973E-05 0.856527 0.140777 0.00239605 9.9973E-05 9.9973E-05
9.9973E-05 0.914942 0.0823619 0.00239643 9.9973E-05 9.9973E-05
0.0254743 0.888986 9.9982E-05 0.0627914 9.9982E-05 0.0225479
0.262622 0.670845 9.9973E-05 9.9973E-05 0.0662332 9.9973E-05
0.0474038 0.764302 9.9991E-05 0.126419 0.0513784 0.0103965
0.176224 0.534971 9.9991E-05 0.185579 0.0180694 0.0850574
0.0668832 0.719517 0.0342343 0.03779 0.0893118 0.0522634
0.247296 0.466065 0.0801977 0.126287 0.0800539 9.9991E-05
9.996E-05 0.9995 9.996E-05 9.996E-05 9.996E-05 9.996E-05
9.996E-05 9.996E-05 9.996E-05 9.996E-05 0.9995 9.996E-05
9.996E-05 9.996E-05 9.996E-05 9.996E-05 0.9995 9.996E-05
9.99639E-05 9.99639E-05 9.99639E-05 0.00755564 0.992045 9.99639E-05
9.996E-05 9.996E-05 9.996E-05 9.996E-05 0.9995 9.996E-05
9.996E-05 9.996E-05 9.996E-05 9.996E-05 0.9995 9.996E-05
0.0393415 0.0506471 0.27565 9.9991E-05 0.591384 0.0428773
9.996E-05 9.996E-05 9.996E-05 9.996E-05 0.9995 9.996E-05
0.031577 0.968023 9.9964E-05 9.9964E-05 9.9964E-05 9.9964E-05
9.9973E-05 0.346063 0.0829547 9.9973E-05 0.570682 9.9973E-05
9.996E-05 9.996E-05 0.9995 9.996E-05 9.996E-05 9.996E-05
0.825286 0.109796 9.9982E-05 0.0511918 0.0135272 9.9982E-05
0.334331 0.607187 0.0581818 9.9973E-05 9.9973E-05 9.9973E-05
0.9995 9.996E-05 9.996E-05 9.996E-05 9.996E-05 9.996E-05
0.915808 0.0837918 9.99639E-05 9.99639E-05 9.99639E-05 9.99639E-05
0.82038 0.0676909 9.99729E-05 0.11163 9.99729E-05 9.99729E-05
9.99641E-05 0.107614 9.99641E-05 9.99641E-05 9.99641E-05 0.891987
9.996E-05 9.996E-05 0.9995 9.996E-05 9.996E-05 9.996E-05
0.0990302 0.305641 0.260447 0.126143 0.148813 0.0599264
0.0357246 9.99731E-05 0.956173 9.99731E-05 0.00780242 9.99731E-05
9.9973E-05 0.0358226 0.947611 9.9973E-05 0.0162664 9.9973E-05
0.0154773 9.9973E-05 0.88985 9.9973E-05 0.094373 9.9973E-05
0.00778178 0.00485711 0.934542 9.9982E-05 0.0526193 9.9982E-05
9.99731E-05 0.0637392 0.901942 9.99731E-05 0.0340192 9.99731E-05
9.9973E-05 9.9973E-05 0.981205 0.00870297 0.00979173 9.9973E-05
9.99642E-05 9.99642E-05 0.508135 9.99642E-05 0.491465 9.99642E-05
0.188741 9.99732E-05 0.504973 9.99732E-05 0.305987 9.99732E-05
9.9973E-05 0.0328013 0.947714 9.9973E-05 0.0191846 9.9973E-05
0.143236 0.642281 0.0611227 0.028829 0.124431 9.9991E-05
0.160396 0.629227 0.00283591 0.0601376 0.147304 9.9991E-05
9.996E-05 9.996E-05 9.996E-05 0.9995 9.996E-05 9.996E-05
9.996E-05 9.996E-05 9.996E-05 0.9995 9.996E-05 9.996E-05
0.0493167 0.832005 9.9982E-05 0.0376518 0.080827 9.9982E-05
0.10184 0.767006 9.9991E-05 0.0464298 0.0756556 0.00896881
9.996E-05 9.996E-05 9.996E-05 0.9995 9.996E-05 9.996E-05
9.996E-05 9.996E-05 9.996E-05 0.9995 9.996E-05 9.996E-05
0.0385354 0.961065 9.99641E-05 9.99641E-05 9.99641E-05 9.99641E-05
0.273513 0.655378 9.9982E-05 9.9982E-05 0.0107468 0.0601619
9.9973E-05 0.309058 0.0977846 9.9973E-05 0.592858 9.9973E-05
0.353424 0.195746 0.0642022 0.274305 9.9991E-05 0.112223
0.429224 0.176763 9.9982E-05 0.305052 9.9982E-05 0.0887613
9.99821E-05 9.99821E-05 0.609458 0.0478744 0.304439 0.0380286
