9.9991E-05 0.949791 0.0446642 0.00544507
0.548844 0.431181 0.0198745 9.9991E-05
0.912853 0.0179329 0.0398055 0.0294084
0.957983 9.9982E-05 0.041817 9.9982E-05
0.690739 0.29885 0.0103109 9.9991E-05
0.994823 9.9982E-05 0.00497698 9.9982E-05
0.334382 0.665418 9.99821E-05 9.99821E-05
0.831916 0.130275 0.0377089 9.9991E-05
0.348039 0.651761 9.99821E-05 9.99821E-05
0.0512472 0.807633 0.14102 9.9991E-05
9.9982E-05 0.861424 0.138376 9.9982E-05
0.0574766 0.776942 0.165482 9.9991E-05
0.0487891 0.946736 9.99911E-05 0.00437536
0.986731 9.9991E-05 0.000688019 0.0124815
0.967584 9.9991E-05 0.0282653 0.00405095
0.0364131 0.932815 0.0306718 9.9991E-05
9.9991E-05 0.513406 0.422001 0.0644927
0.0324033 0.203525 9.9991E-05 0.763972
9.9982E-05 9.9982E-05 0.0907061 0.909094
9.9982E-05 0.827466 0.172334 9.9982E-05
9.998E-05 9.998E-05 9.998E-05 0.9997
9.9982E-05 0.936181 0.0636189 9.9982E-05
0.0584112 0.133188 0.385166 0.423235
9.9982E-05 9.9982E-05 0.0943872 0.905413
0.9997 9.998E-05 9.998E-05 9.998E-05
0.9997 9.998E-05 9.998E-05 9.998E-05
9.9982E-05 0.916143 0.0836567 9.9982E-05
0.9997 9.998E-05 9.998E-05 9.998E-05
0.9997 9.998E-05 9.998E-05 9.998E-05
0.952178 0.040615 9.9991E-05 0.00710667
0.916108 9.9982E-05 0.0836924 9.9982E-05
0.568842 0.430958 9.99821E-05 9.99821E-05
0.9997 9.998E-05 9.998E-05 9.998E-05
0.846013 0.152831 0.00105636 9.9991E-05
0.0688222 0.651881 0.279197 9.9991E-05
0.99838 9.9982E-05 0.00142011 9.9982E-05
0.0548534 0.882392 0.0626549 9.9991E-05
0.175676 0.747571 0.0281196 0.0486336
0.0927404 0.385938 0.476385 0.0449374
0.0940412 0.801113 0.103096 0.00174966
0.0885511 0.762442 0.129064 0.0199429
9.9991E-05 0.845823 0.140657 0.0134197
0.0057718 0.994028 9.9982E-05 9.9982E-05
0.00523584 0.816231 0.178433 9.9991E-05
9.9991E-05 0.71098 0.187398 0.101522
0.120649 0.722375 0.101237 0.0557384
0.154843 0.693379 0.151678 9.9991E-05
9.99822E-05 0.922969 9.99822E-05 0.0768311
0.84698 0.133418 9.9991E-05 0.0195022
0.814391 0.150884 9.9991E-05 0.0346254
0.825232 0.151269 9.9991E-05 0.0233995
0.813817 0.17374 9.9991E-05 0.0123426
0.863664 0.122991 9.9991E-05 0.013245
0.744518 0.208456 9.9991E-05 0.0469257
0.786673 0.213127 9.9982E-05 9.9982E-05
9.998E-05 0.9997 9.998E-05 9.998E-05
0.566511 0.433289 9.9982E-05 9.9982E-05
0.9997 9.998E-05 9.998E-05 9.998E-05
9.99821E-05 0.945605 0.0541947 9.99821E-05
0.0671289 0.926884 0.0058874 9.9991E-05
9.99821E-05 0.976851 9.99821E-05 0.0229487
9.9982E-05 0.975456 0.0243439 9.9982E-05
9.9991E-05 0.877482 0.102423 0.019995
0.0224211 0.0483201 9.9991E-05 0.929159
0.9997 9.998E-05 9.998E-05 9.998E-05
0.467899 0.29871 0.233291 9.9991E-05
0.9997 9.998E-05 9.998E-05 9.998E-05
0.984757 0.00302589 0.0121167 9.9991E-05
0.9997 9.998E-05 9.998E-05 9.998E-05
0.9997 9.998E-05 9.998E-05 9.998E-05
0.92064 0.0279367 0.0513237 9.9991E-05
0.9997 9.998E-05 9.998E-05 9.998E-05
0.953488 0.0463123 9.99821E-05 9.99821E-05
0.85344 0.138821 9.99911E-05 0.00763951
0.994499 9.9982E-05 0.00530135 9.9982E-05
0.141872 0.792673 0.065355 9.9991E-05
0.14192 0.777533 0.0804473 9.9991E-05
9.998E-05 9.998E-05 0.9997 9.998E-05
9.998E-05 9.998E-05 0.9997 9.998E-05
0.0524087 0.856585 0.0909068 9.9991E-05
0.0323074 0.892961 0.0691824 0.00554947
9.998E-05 9.998E-05 0.9997 9.998E-05
9.998E-05 9.998E-05 0.9997 9.998E-05
9.998E-05 0.9997 9.998E-05 9.998E-05
0.00423651 0.942318 9.9991E-05 0.0533457
0.597361 0.402439 9.9982E-05 9.9982E-05
0.0501517 0.528261 0.308119 0.113468
9.9991E-05 0.560332 0.382258 0.0573097
0.893979 9.9991E-05 0.0419677 0.0639529
