0.0319096 9.99459E-05 9.99459E-05 9.99459E-05 0.961198 9.99459E-05 9.99459E-05 9.99459E-05 0.00629252
9.99638E-05 9.99638E-05 0.193867 0.565714 0.174816 0.00561504 9.99638E-05 9.99638E-05 0.0595888
9.996E-05 9.996E-05 0.852252 0.0405285 9.996E-05 9.996E-05 0.0596679 0.0301557 0.0169962
0.0062162 9.9955E-05 0.951998 9.9955E-05 9.9955E-05 0.00962981 9.9955E-05 9.9955E-05 0.031656
0.201213 0.0413139 0.433258 0.314263 0.00955227 9.99641E-05 9.99641E-05 9.99641E-05 9.99641E-05
9.993E-05 9.993E-05 0.999201 9.993E-05 9.993E-05 9.993E-05 9.993E-05 9.993E-05 9.993E-05
9.9946E-05 9.9946E-05 9.9946E-05 0.73582 9.9946E-05 0.027778 0.235803 9.9946E-05 9.9946E-05
0.081552 0.162298 0.407545 0.348105 9.9955E-05 9.9955E-05 9.9955E-05 9.9955E-05 9.9955E-05
9.99459E-05 9.99459E-05 9.99459E-05 0.796086 9.99459E-05 0.0704358 0.132878 9.99459E-05 9.99459E-05
0.969182 9.99371E-05 9.99371E-05 0.0301181 9.99371E-05 9.99371E-05 9.99371E-05 9.99371E-05 9.99371E-05
0.937981 9.99371E-05 9.99371E-05 0.061319 9.99371E-05 9.99371E-05 9.99371E-05 9.99371E-05 9.99371E-05
9.995E-05 9.995E-05 0.0351015 9.995E-05 0.694185 9.995E-05 0.130775 9.995E-05 0.139438
9.99371E-05 9.99371E-05 0.00581324 9.99371E-05 9.99371E-05 9.99371E-05 0.993487 9.99371E-05 9.99371E-05
9.9964E-05 9.9964E-05 0.949992 9.9964E-05 0.024214 9.9964E-05 0.0100232 0.0130742 0.00229719
9.99371E-05 9.99371E-05 0.950359 9.99371E-05 0.0489411 9.99371E-05 9.99371E-05 9.99371E-05 9.99371E-05
0.0293157 9.9946E-05 9.9946E-05 9.9946E-05 9.9946E-05 0.815963 0.154122 9.9946E-05 9.9946E-05
0.350874 9.9982E-05 0.000361412 9.9982E-05 0.00967028 0.0840628 0.20836 0.0628843 0.283587
0.112331 0.0326258 9.99729E-05 0.0542264 0.0173416 0.0935548 9.99729E-05 0.68962 9.99729E-05
9.9946E-05 9.9946E-05 9.9946E-05 9.9946E-05 9.9946E-05 9.9946E-05 0.0136746 0.895228 0.0904975
0.488083 9.99549E-05 9.99549E-05 9.99549E-05 0.0736546 0.393217 9.99549E-05 9.99549E-05 0.0445455
9.993E-05 9.993E-05 9.993E-05 9.993E-05 9.993E-05 9.993E-05 9.993E-05 0.999201 9.993E-05
0.0578519 0.00205962 9.9973E-05 9.9973E-05 0.522833 0.32915 0.0830846 9.9973E-05 0.00472121
0.309086 0.00138082 0.0280188 9.9964E-05 9.9964E-05 9.9964E-05 9.9964E-05 0.391302 0.269813
0.0312412 9.99459E-05 9.99459E-05 9.99459E-05 9.99459E-05 9.99459E-05 9.99459E-05 0.877669 0.0904906
9.993E-05 9.993E-05 0.999201 9.993E-05 9.993E-05 9.993E-05 9.993E-05 9.993E-05 9.993E-05
9.993E-05 9.993E-05 0.999201 9.993E-05 9.993E-05 9.993E-05 9.993E-05 9.993E-05 9.993E-05
0.0458924 0.00277846 9.99729E-05 9.99729E-05 0.103068 0.0188852 0.783212 9.99729E-05 0.0458642
9.9946E-05 0.0566854 0.941088 9.9946E-05 9.9946E-05 0.00162678 9.9946E-05 9.9946E-05 9.9946E-05
9.9955E-05 0.0661681 0.924597 9.9955E-05 9.9955E-05 0.00419522 0.00453995 9.9955E-05 9.9955E-05
9.99821E-05 0.166057 0.739787 0.0344793 0.00831832 9.99821E-05 0.0370229 0.00457058 0.00956534
0.0221981 0.102517 0.655649 0.167995 9.9964E-05 9.9964E-05 9.9964E-05 9.9964E-05 0.0512404
9.9955E-05 0.0888038 9.9955E-05 0.821847 0.0600689 9.9955E-05 9.9955E-05 9.9955E-05 0.02878
9.99372E-05 9.99372E-05 0.992175 9.99372E-05 9.99372E-05 0.00712579 9.99372E-05 9.99372E-05 9.99372E-05
9.99462E-05 0.76517 0.100321 0.133909 9.99462E-05 9.99462E-05 9.99462E-05 9.99462E-05 9.99462E-05
0.0890128 9.99639E-05 0.073397 9.99639E-05 0.0712969 9.99639E-05 0.604438 9.99639E-05 0.161456
9.99459E-05 9.99459E-05 0.976624 9.99459E-05 9.99459E-05 9.99459E-05 0.00718468 9.99459E-05 0.0155921
9.9937E-05 9.9937E-05 0.0253526 9.9937E-05 0.973948 9.9937E-05 9.9937E-05 9.9937E-05 9.9937E-05
0.629687 0.00471035 0.0369691 0.170392 0.157842 9.99639E-05 9.99639E-05 9.99639E-05 9.99639E-05
0.155543 9.9982E-05 0.152475 9.9982E-05 0.0338968 0.0284983 0.212979 0.0579246 0.358484
0.340665 9.99639E-05 0.0943799 9.99639E-05 0.209819 0.354537 9.99639E-05 0.00019977 9.99639E-05
0.325358 9.99639E-05 0.0665719 9.99639E-05 0.269376 0.333457 9.99639E-05 9.99639E-05 0.00483773
0.900173 9.99459E-05 9.99459E-05 9.99459E-05 0.0479145 0.0513131 9.99459E-05 9.99459E-05 9.99459E-05
0.000569405 9.9964E-05 9.9964E-05 0.0036208 9.9964E-05 0.921716 0.061152 0.0125423 9.9964E-05
0.922367 0.0140437 9.9964E-05 9.9964E-05 0.00211861 9.9964E-05 0.0512332 9.9964E-05 0.00983747
0.431504 9.9973E-05 9.9973E-05 9.9973E-05 0.069982 0.0854675 0.172986 0.117509 0.122252
0.530925 9.9982E-05 0.0862514 9.9982E-05 0.133359 0.170978 0.0353862 0.0329 0.0100005
0.269535 0.0573964 0.131397 9.9973E-05 0.238363 9.9973E-05 0.236819 9.9973E-05 0.0661902
9.99374E-05 9.99374E-05 9.99374E-05 9.99374E-05 0.986361 9.99374E-05 9.99374E-05 0.0129399 9.99374E-05
9.993E-05 0.999201 9.993E-05 9.993E-05 9.993E-05 9.993E-05 9.993E-05 9.993E-05 9.993E-05
9.9937E-05 0.993424 9.9937E-05 9.9937E-05 9.9937E-05 9.9937E-05 9.9937E-05 0.00587675 9.9937E-05
9.99371E-05 0.973547 9.99371E-05 9.99371E-05 9.99371E-05 0.0257534 9.99371E-05 9.99371E-05 9.99371E-05
9.993E-05 0.999201 9.993E-05 9.993E-05 9.993E-05 9.993E-05 9.993E-05 9.993E-05 9.993E-05
9.993E-05 0.999201 9.993E-05 9.993E-05 9.993E-05 9.993E-05 9.993E-05 9.993E-05 9.993E-05
0.0334781 0.466504 0.2207 0.23832 9.99731E-05 9.99731E-05 0.0126378 0.0280592 9.99731E-05
9.9955E-05 0.95493 9.9955E-05 0.00661358 0.0222232 0.0157339 9.9955E-05 9.9955E-05 9.9955E-05
9.99459E-05 9.99459E-05 9.99459E-05 9.99459E-05 0.826515 0.143544 0.029342 9.99459E-05 9.99459E-05
9.99638E-05 0.165838 0.0288807 0.664914 0.106333 9.99638E-05 9.99638E-05 9.99638E-05 0.0336346
9.993E-05 9.993E-05 0.999201 9.993E-05 9.993E-05 9.993E-05 9.993E-05 9.993E-05 9.993E-05
9.9955E-05 0.0127503 9.9955E-05 9.9955E-05 0.0334038 0.146843 0.806503 9.9955E-05 9.9955E-05
9.99372E-05 9.99372E-05 9.99372E-05 9.99372E-05 9.99372E-05 0.93909 0.0602106 9.99372E-05 9.99372E-05
9.99372E-05 9.99372E-05 9.99372E-05 0.0257504 9.99372E-05 9.99372E-05 0.97355 9.99372E-05 9.99372E-05
0.109178 9.99459E-05 9.99459E-05 9.99459E-05 0.0327596 9.99459E-05 0.857462 9.99459E-05 9.99459E-05
0.114404 9.99459E-05 9.99459E-05 9.99459E-05 9.99459E-05 9.99459E-05 0.835456 9.99459E-05 0.0495403
0.00926067 9.99551E-05 9.99551E-05 9.99551E-05 0.0791492 0.00980303 9.99551E-05 0.901287 9.99551E-05
9.993E-05 9.993E-05 0.999201 9.993E-05 9.993E-05 9.993E-05 9.993E-05 9.993E-05 9.993E-05
0.144129 0.0725555 0.275515 0.0534565 0.153111 0.0331778 0.0976648 0.08166 0.0887309
9.99463E-05 0.000234825 0.958817 9.99463E-05 9.99463E-05 0.0403486 9.99463E-05 9.99463E-05 9.99463E-05
9.9946E-05 0.000186617 0.966519 9.9946E-05 0.032695 9.9946E-05 9.9946E-05 9.9946E-05 9.9946E-05
9.99459E-05 0.0653967 0.863013 9.99459E-05 9.99459E-05 0.0709905 9.99459E-05 9.99459E-05 9.99459E-05
9.9964E-05 0.0159051 0.903192 0.0082887 9.9964E-05 0.067 9.9964E-05 0.00521474 9.9964E-05
0.00523463 9.9964E-05 0.880832 0.053412 0.0358356 9.9964E-05 9.9964E-05 9.9964E-05 0.0242854
0.000219627 9.9946E-05 0.99206 9.9946E-05 9.9946E-05 9.9946E-05 9.9946E-05 9.9946E-05 0.00712073
9.99462E-05 0.184751 0.478877 0.335773 9.99462E-05 9.99462E-05 9.99462E-05 9.99462E-05 9.99462E-05
9.99552E-05 0.0195308 0.460462 0.481281 9.99552E-05 9.99552E-05 0.0382269 9.99552E-05 9.99552E-05
9.9955E-05 0.0236703 0.943574 9.9955E-05 0.0123181 0.0199378 9.9955E-05 9.9955E-05 9.9955E-05
9.9955E-05 0.00329468 0.00997409 9.9955E-05 9.9955E-05 0.978604 9.9955E-05 9.9955E-05 0.00762754
9.9937E-05 0.0133305 9.9937E-05 9.9937E-05 9.9937E-05 0.98597 9.9937E-05 9.9937E-05 9.9937E-05
9.993E-05 9.993E-05 9.993E-05 9.993E-05 9.993E-05 9.993E-05 9.993E-05 9.993E-05 0.999201
9.993E-05 9.993E-05 9.993E-05 9.993E-05 9.993E-05 9.993E-05 9.993E-05 9.993E-05 0.999201
0.767424 9.99549E-05 9.99549E-05 0.0397791 0.0373503 0.154946 9.99549E-05 9.99549E-05 9.99549E-05
0.739621 9.99639E-05 9.99639E-05 0.0273721 0.00824421 0.211398 0.0129649 9.99639E-05 9.99639E-05
9.9937E-05 9.9937E-05 9.9937E-05 0.00149566 9.9937E-05 9.9937E-05 9.9937E-05 9.9937E-05 0.997805
9.993E-05 9.993E-05 9.993E-05 9.993E-05 9.993E-05 9.993E-05 9.993E-05 9.993E-05 0.999201
9.99459E-05 0.00286402 9.99459E-05 9.99459E-05 0.931794 9.99459E-05 0.0647419 9.99459E-05 9.99459E-05
0.144622 9.9964E-05 9.9964E-05 0.0550726 9.9964E-05 0.553427 0.168589 0.0778886 9.9964E-05
9.99548E-05 0.137267 0.0113324 0.764626 0.0862747 9.99548E-05 9.99548E-05 9.99548E-05 9.99548E-05
0.284744 9.99642E-05 0.0447778 9.99642E-05 9.99642E-05 9.99642E-05 0.38922 0.0808095 0.200049
9.99641E-05 9.99641E-05 9.99641E-05 9.99641E-05 0.112197 0.0541807 0.489384 0.0726233 0.271215
9.99641E-05 0.135384 0.597243 0.213591 9.99641E-05 9.99641E-05 9.99641E-05 0.0311147 0.0222674
