9.99459E-05 0.935956 0.0532086 9.99459E-05 0.0102361 9.99459E-05 9.99459E-05 9.99459E-05 9.99459E-05
9.99548E-05 0.158732 9.99548E-05 0.147655 9.99548E-05 0.602585 9.99548E-05 9.99548E-05 0.0905281
9.996E-05 9.996E-05 9.996E-05 0.812277 0.0384398 0.0385335 0.0764853 0.0338643 9.996E-05
0.0134099 9.9964E-05 0.00464858 0.936636 0.0145267 9.9964E-05 9.9964E-05 9.9964E-05 0.0303789
0.0505026 0.0630365 0.0146919 0.380755 9.9973E-05 0.400729 9.9973E-05 9.9973E-05 0.089985
9.9937E-05 9.9937E-05 9.9937E-05 0.95721 9.9937E-05 9.9937E-05 9.9937E-05 9.9937E-05 0.0420906
9.9937E-05 9.9937E-05 9.9937E-05 9.9937E-05 9.9937E-05 0.734992 0.264309 9.9937E-05 9.9937E-05
0.212302 9.9964E-05 0.0421638 0.353777 0.0258733 0.365484 9.9964E-05 9.9964E-05 9.9964E-05
9.99369E-05 9.99369E-05 9.99369E-05 9.99369E-05 9.99369E-05 0.792873 0.206427 9.99369E-05 9.99369E-05
9.99372E-05 9.99372E-05 0.943834 9.99372E-05 9.99372E-05 0.0554662 9.99372E-05 9.99372E-05 9.99372E-05
9.99372E-05 9.99372E-05 0.946274 9.99372E-05 9.99372E-05 0.053026 9.99372E-05 9.99372E-05 9.99372E-05
9.9955E-05 0.68075 9.9955E-05 0.0249204 0.13645 9.9955E-05 0.15738 9.9955E-05 9.9955E-05
9.99372E-05 9.99372E-05 9.99372E-05 0.0204769 9.99372E-05 9.99372E-05 0.978824 9.99372E-05 9.99372E-05
9.9955E-05 0.0259209 9.9955E-05 0.943791 9.9955E-05 9.9955E-05 9.9955E-05 0.00557067 0.0242179
9.99461E-05 0.0416942 9.99461E-05 0.934662 9.99461E-05 9.99461E-05 9.99461E-05 9.99461E-05 0.0230436
0.0264424 0.0648421 0.563506 9.9973E-05 9.9973E-05 0.00571741 0.329633 9.9973E-05 0.00955853
9.99369E-05 9.99369E-05 0.0420347 9.99369E-05 9.99369E-05 9.99369E-05 9.99369E-05 9.99369E-05 0.957266
0.0309423 9.99549E-05 0.177058 9.99549E-05 9.99549E-05 0.0596521 9.99549E-05 0.731848 9.99549E-05
9.9937E-05 9.9937E-05 9.9937E-05 9.9937E-05 0.0949636 9.9937E-05 9.9937E-05 0.904337 9.9937E-05
9.9964E-05 0.114475 0.778614 9.9964E-05 0.0500787 9.9964E-05 0.00862671 9.9964E-05 0.0478061
9.993E-05 9.993E-05 9.993E-05 9.993E-05 9.993E-05 9.993E-05 9.993E-05 0.999201 9.993E-05
9.99549E-05 0.51942 0.310062 9.99549E-05 9.99549E-05 9.99549E-05 0.0829799 9.99549E-05 0.0870379
0.00436214 9.9973E-05 0.0929855 9.9973E-05 0.191198 0.0138772 9.9973E-05 0.337678 0.359599
9.9946E-05 9.9946E-05 9.9946E-05 9.9946E-05 0.0581776 9.9946E-05 9.9946E-05 0.921098 0.020125
0.00140954 9.99371E-05 9.99371E-05 0.997891 9.99371E-05 9.99371E-05 9.99371E-05 9.99371E-05 9.99371E-05
9.993E-05 9.993E-05 9.993E-05 0.999201 9.993E-05 9.993E-05 9.993E-05 9.993E-05 9.993E-05
9.99639E-05 0.0670737 0.0159316 9.99639E-05 0.0642415 9.99639E-05 0.803029 9.99639E-05 0.0493245
0.0652455 9.9946E-05 9.9946E-05 0.924731 9.9946E-05 9.9946E-05 0.00942372 9.9946E-05 9.9946E-05
0.0869806 9.9946E-05 9.9946E-05 0.889689 9.9946E-05 9.9946E-05 0.0227307 9.9946E-05 9.9946E-05
0.151579 0.00680891 9.99731E-05 0.679487 9.99731E-05 0.11284 9.99731E-05 0.0304706 0.0185143
0.140794 9.9964E-05 9.9964E-05 0.640658 0.0352563 0.142281 9.9964E-05 9.9964E-05 0.040611
0.0601216 0.0577906 9.9955E-05 9.9955E-05 0.0179085 0.863679 9.9955E-05 9.9955E-05 9.9955E-05
9.993E-05 9.993E-05 9.993E-05 0.999201 9.993E-05 9.993E-05 9.993E-05 9.993E-05 9.993E-05
0.820088 9.99462E-05 9.99462E-05 0.0965707 9.99462E-05 0.0827414 9.99462E-05 9.99462E-05 9.99462E-05
0.0325226 0.0335218 0.0119234 0.00987256 0.105669 9.99819E-05 0.500342 9.99819E-05 0.305949
9.99459E-05 9.99459E-05 9.99459E-05 0.981663 9.99459E-05 0.00693444 0.0108032 9.99459E-05 9.99459E-05
9.9946E-05 0.977038 9.9946E-05 0.0101083 9.9946E-05 9.9946E-05 9.9946E-05 9.9946E-05 0.0122541
9.996E-05 0.102598 0.654403 9.996E-05 9.996E-05 0.194901 9.996E-05 0.00190569 0.0457923
9.993E-05 9.993E-05 9.993E-05 9.993E-05 9.993E-05 9.993E-05 9.993E-05 9.993E-05 0.999201
9.99549E-05 0.202632 0.537686 0.122975 9.99549E-05 9.99549E-05 9.99549E-05 9.99549E-05 0.136207
9.99639E-05 0.253344 0.607346 0.0600998 9.99639E-05 9.99639E-05 9.99639E-05 0.0166531 0.062157
9.9955E-05 9.9955E-05 0.974719 9.9955E-05 0.00693759 9.9955E-05 9.9955E-05 0.00158396 0.0162592
9.995E-05 0.111173 0.562965 9.995E-05 9.995E-05 0.0769945 0.248368 9.995E-05 9.995E-05
0.01594 9.9955E-05 0.935779 9.9955E-05 0.0258477 9.9955E-05 9.9955E-05 9.9955E-05 0.0219338
9.9964E-05 0.0366746 0.586192 9.9964E-05 0.119949 9.9964E-05 0.140537 0.116248 9.9964E-05
0.0119023 0.103507 0.728115 0.0805311 0.0188002 9.9982E-05 0.0131228 0.0438212 9.9982E-05
0.0538978 0.191023 0.235554 0.065402 0.0205658 0.0169337 0.141102 9.9991E-05 0.275422
9.99374E-05 0.985466 9.99374E-05 9.99374E-05 9.99374E-05 9.99374E-05 9.99374E-05 0.0138342 9.99374E-05
0.999201 9.993E-05 9.993E-05 9.993E-05 9.993E-05 9.993E-05 9.993E-05 9.993E-05 9.993E-05
0.968003 9.9946E-05 9.9946E-05 9.9946E-05 9.9946E-05 9.9946E-05 0.000936791 9.9946E-05 0.030461
0.999201 9.993E-05 9.993E-05 9.993E-05 9.993E-05 9.993E-05 9.993E-05 9.993E-05 9.993E-05
0.999201 9.993E-05 9.993E-05 9.993E-05 9.993E-05 9.993E-05 9.993E-05 9.993E-05 9.993E-05
0.999201 9.993E-05 9.993E-05 9.993E-05 9.993E-05 9.993E-05 9.993E-05 9.993E-05 9.993E-05
0.457451 9.99731E-05 0.0919128 0.202014 9.99731E-05 0.216064 0.00527961 0.026978 9.99731E-05
0.947412 0.0170575 0.000141217 9.9964E-05 9.9964E-05 0.0316997 9.9964E-05 9.9964E-05 0.00328966
9.99459E-05 0.875594 0.0850684 9.99459E-05 9.99459E-05 9.99459E-05 0.038738 9.99459E-05 9.99459E-05
0.0825324 0.0678772 9.99638E-05 0.0274149 0.022389 0.799387 9.99638E-05 9.99638E-05 9.99638E-05
9.99459E-05 0.00286714 9.99459E-05 0.984196 9.99459E-05 9.99459E-05 9.99459E-05 9.99459E-05 0.0123375
0.0212786 0.0580964 9.9955E-05 9.9955E-05 0.0474497 9.9955E-05 0.872676 9.9955E-05 9.9955E-05
9.995E-05 0.140313 0.4651 0.0737767 9.995E-05 9.995E-05 0.320311 9.995E-05 9.995E-05
9.993E-05 9.993E-05 9.993E-05 9.993E-05 9.993E-05 9.993E-05 0.999201 9.993E-05 9.993E-05
9.99459E-05 0.0167211 0.0842643 9.99459E-05 9.99459E-05 9.99459E-05 0.898415 9.99459E-05 9.99459E-05
9.996E-05 9.996E-05 0.0162704 9.996E-05 0.0727046 9.996E-05 0.870827 0.00373674 0.0360619
0.00811477 0.0903468 9.99461E-05 9.99461E-05 9.99461E-05 9.99461E-05 9.99461E-05 0.900939 9.99461E-05
9.99372E-05 9.99372E-05 9.99372E-05 0.995607 0.0036931 9.99372E-05 9.99372E-05 9.99372E-05 9.99372E-05
0.0950703 0.0416511 0.206989 0.321981 0.0724273 0.0542886 0.13312 0.0677044 0.00676775
9.99462E-05 9.99462E-05 9.99462E-05 0.970233 9.99462E-05 0.0133221 0.0158447 9.99462E-05 9.99462E-05
9.9946E-05 0.0153901 9.9946E-05 0.953408 9.9946E-05 9.9946E-05 9.9946E-05 9.9946E-05 0.0306027
0.0509876 9.9955E-05 9.9955E-05 0.873606 9.9955E-05 0.0524886 0.0224181 9.9955E-05 9.9955E-05
0.0187298 9.9955E-05 9.9955E-05 0.934065 9.9955E-05 0.0283495 9.9955E-05 0.0183556 9.9955E-05
9.9964E-05 0.0065474 0.00624748 0.878205 9.9964E-05 0.0493639 9.9964E-05 9.9964E-05 0.0592362
9.99369E-05 9.99369E-05 9.99369E-05 0.94446 9.99369E-05 9.99369E-05 9.99369E-05 9.99369E-05 0.0548404
0.235089 9.99462E-05 9.99462E-05 0.392383 9.99462E-05 0.371928 9.99462E-05 9.99462E-05 9.99462E-05
0.0678877 9.99553E-05 9.99553E-05 0.426241 9.99553E-05 0.458186 0.0471854 9.99553E-05 9.99553E-05
9.9946E-05 9.9946E-05 0.0151373 0.965403 0.0188604 9.9946E-05 9.9946E-05 9.9946E-05 9.9946E-05
9.9964E-05 0.0669811 0.70738 0.101858 9.9964E-05 0.0656125 0.0577683 9.9964E-05 9.9964E-05
0.011758 9.9973E-05 0.735108 0.059355 0.00504365 0.0720169 0.116419 9.9973E-05 9.9973E-05
9.993E-05 9.993E-05 9.993E-05 9.993E-05 0.999201 9.993E-05 9.993E-05 9.993E-05 9.993E-05
9.993E-05 9.993E-05 9.993E-05 9.993E-05 0.999201 9.993E-05 9.993E-05 9.993E-05 9.993E-05
9.9937E-05 9.9937E-05 0.967677 9.9937E-05 9.9937E-05 0.0316238 9.9937E-05 9.9937E-05 9.9937E-05
9.9937E-05 9.9937E-05 0.977814 9.9937E-05 9.9937E-05 9.9937E-05 0.0214864 9.9937E-05 9.9937E-05
9.99461E-05 9.99461E-05 9.99461E-05 9.99461E-05 0.980653 0.00805733 9.99461E-05 9.99461E-05 0.0106897
9.9937E-05 0.0123301 9.9937E-05 9.9937E-05 0.98697 9.9937E-05 9.9937E-05 9.9937E-05 9.9937E-05
0.035223 0.909174 9.99459E-05 9.99459E-05 9.99459E-05 9.99459E-05 0.0550032 9.99459E-05 9.99459E-05
9.9964E-05 0.0284954 0.569272 9.9964E-05 9.9964E-05 0.0895179 0.256797 0.0555177 9.9964E-05
0.158058 0.0895351 9.99549E-05 0.00284562 9.99549E-05 0.749062 9.99549E-05 9.99549E-05 9.99549E-05
9.99821E-05 0.0321117 0.108932 0.0212084 0.131221 9.99821E-05 0.254377 0.0873569 0.364592
9.99641E-05 0.138952 9.99641E-05 9.99641E-05 0.144805 9.99641E-05 0.27177 0.029168 0.414906
0.198592 9.99641E-05 9.99641E-05 0.551602 0.0167055 0.221258 9.99641E-05 0.0114425 9.99641E-05
