9.98738E-05 0.0771695 0.903259 9.98738E-05 9.98738E-05 9.98738E-05 0.018173 9.98738E-05 9.98738E-05 9.98738E-05 9.98738E-05 9.98738E-05 9.98738E-05 9.98738E-05 9.98738E-05 9.98738E-05 9.98738E-05
9.98829E-05 9.98829E-05 9.98829E-05 9.98829E-05 9.98829E-05 9.98829E-05 0.033384 0.669551 9.98829E-05 9.98829E-05 0.205504 9.98829E-05 9.98829E-05 9.98829E-05 9.98829E-05 0.0902631 9.98829E-05
9.9856E-05 9.9856E-05 9.9856E-05 9.9856E-05 9.9856E-05 9.9856E-05 9.9856E-05 9.9856E-05 9.9856E-05 9.9856E-05 9.9856E-05 9.9856E-05 0.998402 9.9856E-05 9.9856E-05 9.9856E-05 9.9856E-05
9.9892E-05 9.9892E-05 9.9892E-05 9.9892E-05 9.9892E-05 9.9892E-05 0.0105855 9.9892E-05 0.0233429 9.9892E-05 9.9892E-05 9.9892E-05 0.0263637 9.9892E-05 0.0523729 0.886136 9.9892E-05
9.99102E-05 9.99102E-05 9.99102E-05 0.0629701 9.99102E-05 0.0830305 9.99102E-05 0.148799 9.99102E-05 9.99102E-05 9.99102E-05 9.99102E-05 0.0782587 0.246933 0.108616 0.270394 9.99102E-05
9.9892E-05 9.9892E-05 9.9892E-05 9.9892E-05 9.9892E-05 9.9892E-05 9.9892E-05 9.9892E-05 9.9892E-05 9.9892E-05 0.0127356 9.9892E-05 0.0567656 9.9892E-05 0.0470105 0.848399 0.0338904
9.98652E-05 9.98652E-05 9.98652E-05 0.990004 9.98652E-05 9.98652E-05 9.98652E-05 9.98652E-05 9.98652E-05 9.98652E-05 9.98652E-05 0.00849774 9.98652E-05 9.98652E-05 9.98652E-05 9.98652E-05 9.98652E-05
0.561993 9.99009E-05 9.99009E-05 9.99009E-05 9.99009E-05 0.0485441 9.99009E-05 0.142105 9.99009E-05 9.99009E-05 9.99009E-05 9.99009E-05 9.99009E-05 0.0737947 0.149401 0.0230637 9.99009E-05
9.99011E-05 9.99011E-05 9.99011E-05 0.95147 9.99011E-05 0.0294678 0.00674953 0.0012871 0.00117748 9.99011E-05 9.99011E-05 9.99011E-05 9.99011E-05 9.99011E-05 0.00874926 9.99011E-05 9.99011E-05
9.9856E-05 9.9856E-05 9.9856E-05 9.9856E-05 9.9856E-05 9.9856E-05 9.9856E-05 9.9856E-05 9.9856E-05 9.9856E-05 9.9856E-05 9.9856E-05 9.9856E-05 0.998402 9.9856E-05 9.9856E-05 9.9856E-05
9.9856E-05 9.9856E-05 9.9856E-05 9.9856E-05 9.9856E-05 9.9856E-05 9.9856E-05 9.9856E-05 9.9856E-05 9.9856E-05 9.9856E-05 9.9856E-05 9.9856E-05 0.998402 9.9856E-05 9.9856E-05 9.9856E-05
9.9901E-05 9.9901E-05 0.612934 9.9901E-05 9.9901E-05 9.9901E-05 9.9901E-05 9.9901E-05 0.141032 9.9901E-05 9.9901E-05 0.177466 0.0120025 9.9901E-05 9.9901E-05 0.0329683 0.0224994
0.00949934 9.98744E-05 9.98744E-05 0.0224712 9.98744E-05 9.98744E-05 9.98744E-05 9.98744E-05 9.98744E-05 9.98744E-05 9.98744E-05 0.966631 9.98744E-05 9.98744E-05 9.98744E-05 9.98744E-05 9.98744E-05
9.99012E-05 9.99012E-05 9.99012E-05 9.99012E-05 9.99012E-05 9.99012E-05 9.99012E-05 0.03016 9.99012E-05 0.0201258 0.0137758 9.99012E-05 0.0136234 9.99012E-05 9.99012E-05 0.906143 0.0150735
9.98743E-05 0.0169085 9.98743E-05 9.98743E-05 9.98743E-05 9.98743E-05 9.98743E-05 9.98743E-05 9.98743E-05 9.98743E-05 0.0273793 9.98743E-05 9.98743E-05 9.98743E-05 9.98743E-05 0.954314 9.98743E-05
9.98919E-05 9.98919E-05 9.98919E-05 9.98919E-05 0.727634 9.98919E-05 9.98919E-05 9.98919E-05 9.98919E-05 9.98919E-05 0.0168246 0.0874097 9.98919E-05 0.0331347 9.98919E-05 9.98919E-05 0.133798
9.98649E-05 9.98649E-05 9.98649E-05 9.98649E-05 9.98649E-05 9.98649E-05 0.947565 9.98649E-05 9.98649E-05 9.98649E-05 9.98649E-05 9.98649E-05 9.98649E-05 0.0509367 9.98649E-05 9.98649E-05 9.98649E-05
9.99279E-05 0.105804 9.99279E-05 0.00329409 0.0139832 0.0169087 0.022191 0.0164996 9.99279E-05 0.705864 0.0990382 9.99279E-05 0.0156184 9.99279E-05 9.99279E-05 9.99279E-05 9.99279E-05
9.98741E-05 9.98741E-05 9.98741E-05 9.98741E-05 9.98741E-05 9.98741E-05 9.98741E-05 9.98741E-05 0.0799835 0.905039 9.98741E-05 0.0135795 9.98741E-05 9.98741E-05 9.98741E-05 9.98741E-05 9.98741E-05
9.99098E-05 0.0776306 0.103257 9.99098E-05 0.319593 9.99098E-05 0.015517 9.99098E-05 0.0183721 9.99098E-05 9.99098E-05 9.99098E-05 9.99098E-05 0.300482 9.99098E-05 9.99098E-05 0.164149
9.98562E-05 9.98562E-05 9.98562E-05 9.98562E-05 9.98562E-05 9.98562E-05 9.98562E-05 9.98562E-05 9.98562E-05 0.998402 9.98562E-05 9.98562E-05 9.98562E-05 9.98562E-05 9.98562E-05 9.98562E-05 9.98562E-05
9.99009E-05 9.99009E-05 0.461386 9.99009E-05 0.172232 9.99009E-05 0.0488656 9.99009E-05 9.99009E-05 9.99009E-05 0.241899 0.0480862 9.99009E-05 0.0264323 9.99009E-05 9.99009E-05 9.99009E-05
9.98922E-05 0.148769 9.98922E-05 9.98922E-05 9.98922E-05 9.98922E-05 0.338201 9.98922E-05 0.153328 0.356488 9.98922E-05 9.98922E-05 9.98922E-05 0.00201568 9.98922E-05 9.98922E-05 9.98922E-05
9.98829E-05 0.0122587 9.98829E-05 9.98829E-05 9.98829E-05 9.98829E-05 9.98829E-05 9.98829E-05 0.0678622 0.875141 9.98829E-05 9.98829E-05 9.98829E-05 9.98829E-05 9.98829E-05 9.98829E-05 0.0434392
9.98744E-05 9.98744E-05 9.98744E-05 9.98744E-05 9.98744E-05 0.018735 9.98744E-05 9.98744E-05 9.98744E-05 9.98744E-05 9.98744E-05 0.00192827 9.98744E-05 9.98744E-05 9.98744E-05 0.977939 9.98744E-05
9.98564E-05 9.98564E-05 9.98564E-05 9.98564E-05 9.98564E-05 9.98564E-05 9.98564E-05 9.98564E-05 9.98564E-05 9.98564E-05 9.98564E-05 9.98564E-05 9.98564E-05 9.98564E-05 9.98564E-05 0.998402 9.98564E-05
9.98918E-05 0.0533502 0.0780954 9.98918E-05 9.98918E-05 9.98918E-05 0.0535229 9.98918E-05 0.0296935 9.98918E-05 9.98918E-05 0.784139 9.98918E-05 9.98918E-05 9.98918E-05 9.98918E-05 9.98918E-05
0.0214238 9.99011E-05 9.99011E-05 0.0293841 0.0016604 0.0312156 9.99011E-05 9.99011E-05 9.99011E-05 9.99011E-05 9.99011E-05 9.99011E-05 9.99011E-05 9.99011E-05 0.00596189 0.909255 9.99011E-05
0.0319036 9.98921E-05 9.98921E-05 0.0140878 0.00258951 0.0578988 9.98921E-05 9.98921E-05 9.98921E-05 9.98921E-05 9.98921E-05 9.98921E-05 9.98921E-05 9.98921E-05 9.98921E-05 0.892322 9.98921E-05
9.99102E-05 9.99102E-05 0.0122894 9.99102E-05 9.99102E-05 0.0623253 9.99102E-05 0.0424717 9.99102E-05 9.99102E-05 9.99102E-05 0.0115392 0.0531828 9.99102E-05 0.418112 0.399081 9.99102E-05
0.0101109 9.98649E-05 9.98649E-05 9.98649E-05 9.98649E-05 9.98649E-05 9.98649E-05 9.98649E-05 9.98649E-05 9.98649E-05 9.98649E-05 9.98649E-05 9.98649E-05 9.98649E-05 0.988391 9.98649E-05 9.98649E-05
9.98565E-05 9.98565E-05 9.98565E-05 9.98565E-05 9.98565E-05 9.98565E-05 9.98565E-05 0.998402 9.98565E-05 9.98565E-05 9.98565E-05 9.98565E-05 9.98565E-05 9.98565E-05 9.98565E-05 9.98565E-05 9.98565E-05
0.123154 9.98923E-05 9.98923E-05 9.98923E-05 9.98923E-05 9.98923E-05 9.98923E-05 9.98923E-05 9.98923E-05 9.98923E-05 0.0205583 9.98923E-05 0.0221896 9.98923E-05 0.0443296 0.78857 9.98923E-05
0.241322 0.0338652 9.98833E-05 9.98833E-05 9.98833E-05 0.713108 9.98833E-05 9.98833E-05 9.98833E-05 9.98833E-05 9.98833E-05 9.98833E-05 9.98833E-05 9.98833E-05 9.98833E-05 0.0104057 9.98833E-05
9.99187E-05 9.99187E-05 9.99187E-05 9.99187E-05 9.99187E-05 0.00493292 0.219161 9.99187E-05 0.088737 9.99187E-05 0.0363544 0.484448 9.99187E-05 0.0515209 0.0702065 9.99187E-05 0.0437404
0.0429213 9.99009E-05 9.99009E-05 0.0126653 0.0101749 9.99009E-05 9.99009E-05 9.99009E-05 9.99009E-05 9.99009E-05 0.00856148 9.99009E-05 9.99009E-05 9.99009E-05 9.99009E-05 0.914937 0.00964152
0.0400856 9.98741E-05 0.94944 9.98741E-05 9.98741E-05 9.98741E-05 9.98741E-05 9.98741E-05 9.98741E-05 9.98741E-05 9.98741E-05 9.98741E-05 0.00907579 9.98741E-05 9.98741E-05 9.98741E-05 9.98741E-05
0.022424 0.774767 9.98921E-05 9.98921E-05 9.98921E-05 9.98921E-05 0.0643774 0.105594 9.98921E-05 9.98921E-05 9.98921E-05 9.98921E-05 9.98921E-05 0.031639 9.98921E-05 9.98921E-05 9.98921E-05
9.9865E-05 9.9865E-05 9.9865E-05 9.9865E-05 9.9865E-05 9.9865E-05 0.97906 9.9865E-05 9.9865E-05 9.9865E-05 9.9865E-05 9.9865E-05 9.9865E-05 9.9865E-05 9.9865E-05 0.0194419 9.9865E-05
9.98741E-05 9.98741E-05 9.98741E-05 9.98741E-05 9.98741E-05 9.98741E-05 0.00242453 9.98741E-05 9.98741E-05 9.98741E-05 0.984166 9.98741E-05 9.98741E-05 9.98741E-05 9.98741E-05 0.0120114 9.98741E-05
9.9892E-05 0.00468254 0.0178078 9.9892E-05 9.9892E-05 9.9892E-05 9.9892E-05 9.9892E-05 0.00127886 9.9892E-05 0.964522 9.9892E-05 9.9892E-05 0.0105099 9.9892E-05 9.9892E-05 9.9892E-05
9.99008E-05 0.3438 0.0675508 9.99008E-05 9.99008E-05 9.99008E-05 0.0395377 9.99008E-05 9.99008E-05 9.99008E-05 0.0361742 9.99008E-05 9.99008E-05 0.485124 9.99008E-05 9.99008E-05 0.0267149
9.9901E-05 0.0535161 0.0157683 0.0683436 0.788425 9.9901E-05 9.9901E-05 9.9901E-05 9.9901E-05 0.00661586 9.9901E-05 0.0662323 9.9901E-05 9.9901E-05 9.9901E-05 9.9901E-05 9.9901E-05
9.98918E-05 0.316906 0.0378357 9.98918E-05 9.98918E-05 9.98918E-05 0.0334274 9.98918E-05 9.98918E-05 9.98918E-05 9.98918E-05 9.98918E-05 9.98918E-05 0.510993 9.98918E-05 9.98918E-05 0.0996387
9.9883E-05 0.609073 9.9883E-05 9.9883E-05 9.9883E-05 9.9883E-05 9.9883E-05 9.9883E-05 0.0058768 0.0651057 9.9883E-05 9.9883E-05 9.9883E-05 9.9883E-05 9.9883E-05 9.9883E-05 0.318646
9.99101E-05 0.589924 0.0161695 9.99101E-05 0.0563178 9.99101E-05 9.99101E-05 9.99101E-05 9.99101E-05 9.99101E-05 0.118923 9.99101E-05 0.00494907 9.99101E-05 0.0301174 9.99101E-05 0.1826
9.99369E-05 0.0652018 0.241146 0.0190559 9.99369E-05 0.025377 0.106272 9.99369E-05 9.99369E-05 9.99369E-05 9.99369E-05 0.0635776 0.028582 0.122608 0.0707737 9.99369E-05 0.256705
9.9866E-05 9.9866E-05 0.995393 9.9866E-05 9.9866E-05 9.9866E-05 9.9866E-05 9.9866E-05 9.9866E-05 0.00310881 9.9866E-05 9.9866E-05 9.9866E-05 9.9866E-05 9.9866E-05 9.9866E-05 9.9866E-05
9.98562E-05 9.98562E-05 9.98562E-05 9.98562E-05 9.98562E-05 0.998402 9.98562E-05 9.98562E-05 9.98562E-05 9.98562E-05 9.98562E-05 9.98562E-05 9.98562E-05 9.98562E-05 9.98562E-05 9.98562E-05 9.98562E-05
9.98561E-05 9.98561E-05 9.98561E-05 9.98561E-05 9.98561E-05 0.998402 9.98561E-05 9.98561E-05 9.98561E-05 9.98561E-05 9.98561E-05 9.98561E-05 9.98561E-05 9.98561E-05 9.98561E-05 9.98561E-05 9.98561E-05
9.98922E-05 9.98922E-05 9.98922E-05 0.0186637 0.00301352 0.971048 9.98922E-05 9.98922E-05 9.98922E-05 9.98922E-05 9.98922E-05 9.98922E-05 9.98922E-05 9.98922E-05 9.98922E-05 0.00480071 0.00127547
9.98742E-05 9.98742E-05 9.98742E-05 9.98742E-05 9.98742E-05 0.994444 9.98742E-05 9.98742E-05 0.00135995 0.00279743 9.98742E-05 9.98742E-05 9.98742E-05 9.98742E-05 9.98742E-05 9.98742E-05 9.98742E-05
9.98653E-05 9.98653E-05 9.98653E-05 9.98653E-05 9.98653E-05 0.997208 9.98653E-05 9.98653E-05 9.98653E-05 9.98653E-05 9.98653E-05 9.98653E-05 0.0012945 9.98653E-05 9.98653E-05 9.98653E-05 9.98653E-05
0.0431853 9.99192E-05 9.99192E-05 0.0422577 0.0945373 0.366734 9.99192E-05 0.0209443 9.99192E-05 9.99192E-05 9.99192E-05 9.99192E-05 0.124181 0.0516435 0.255617 9.99192E-05 9.99192E-05
9.98832E-05 9.98832E-05 9.98832E-05 9.98832E-05 0.00862395 0.942893 9.98832E-05 0.0130459 9.98832E-05 9.98832E-05 0.0341385 9.98832E-05 9.98832E-05 9.98832E-05 9.98832E-05 9.98832E-05 9.98832E-05
9.98828E-05 9.98828E-05 0.796171 9.98828E-05 0.139635 9.98828E-05 9.98828E-05 9.98828E-05 9.98828E-05 9.98828E-05 9.98828E-05 9.98828E-05 9.98828E-05 0.00115374 9.98828E-05 9.98828E-05 0.0617412
0.00133425 9.98828E-05 9.98828E-05 0.0553218 9.98828E-05 0.0268242 9.98828E-05 0.915221 9.98828E-05 9.98828E-05 9.98828E-05 9.98828E-05 9.98828E-05 9.98828E-05 9.98828E-05 9.98828E-05 9.98828E-05
9.9865E-05 9.9865E-05 9.9865E-05 9.9865E-05 9.9865E-05 9.9865E-05 9.9865E-05 9.9865E-05 9.9865E-05 9.9865E-05 0.0139946 9.9865E-05 9.9865E-05 9.9865E-05 9.9865E-05 0.984507 9.9865E-05
9.98801E-05 9.98801E-05 9.98801E-05 9.98801E-05 0.0430434 0.00879594 9.98801E-05 9.98801E-05 0.00695631 9.98801E-05 0.106549 0.833457 9.98801E-05 9.98801E-05 9.98801E-05 9.98801E-05 9.98801E-05
9.98653E-05 9.98653E-05 9.98653E-05 9.98653E-05 0.85343 9.98653E-05 9.98653E-05 9.98653E-05 9.98653E-05 9.98653E-05 9.98653E-05 9.98653E-05 9.98653E-05 9.98653E-05 9.98653E-05 9.98653E-05 0.145072
0.00630098 9.98744E-05 9.98744E-05 0.0631761 9.98744E-05 9.98744E-05 9.98744E-05 9.98744E-05 9.98744E-05 9.98744E-05 9.98744E-05 0.929125 9.98744E-05 9.98744E-05 9.98744E-05 9.98744E-05 9.98744E-05
9.98649E-05 0.127023 9.98649E-05 9.98649E-05 9.98649E-05 9.98649E-05 9.98649E-05 9.98649E-05 9.98649E-05 9.98649E-05 9.98649E-05 0.871479 9.98649E-05 9.98649E-05 9.98649E-05 9.98649E-05 9.98649E-05
9.98828E-05 9.98828E-05 9.98828E-05 9.98828E-05 9.98828E-05 9.98828E-05 9.98828E-05 9.98828E-05 0.0408152 9.98828E-05 9.98828E-05 0.812036 9.98828E-05 0.129752 9.98828E-05 9.98828E-05 0.0160976
9.98744E-05 9.98744E-05 0.0738134 9.98744E-05 9.98744E-05 9.98744E-05 9.98744E-05 9.98744E-05 9.98744E-05 0.902312 0.0224763 9.98744E-05 9.98744E-05 9.98744E-05 9.98744E-05 9.98744E-05 9.98744E-05
9.98657E-05 9.98657E-05 9.98657E-05 9.98657E-05 9.98657E-05 9.98657E-05 9.98657E-05 9.98657E-05 9.98657E-05 9.98657E-05 9.98657E-05 9.98657E-05 0.0760005 9.98657E-05 9.98657E-05 0.922501 9.98657E-05
9.99191E-05 0.0307307 0.051915 9.99191E-05 0.0821465 9.99191E-05 9.99191E-05 0.296033 9.99191E-05 0.0557968 9.99191E-05 0.0453736 9.99191E-05 0.192485 0.24462 9.99191E-05 9.99191E-05
0.0543105 9.98835E-05 9.98835E-05 9.98835E-05 0.000583399 9.98835E-05 9.98835E-05 9.98835E-05 9.98835E-05 9.98835E-05 9.98835E-05 9.98835E-05 0.152071 9.98835E-05 9.98835E-05 0.791737 9.98835E-05
9.9919E-05 9.9919E-05 0.00993826 0.00561183 9.9919E-05 0.0470433 0.00614818 9.9919E-05 9.9919E-05 9.9919E-05 0.00463662 9.9919E-05 0.0428918 9.9919E-05 0.0280247 0.854806 9.9919E-05
0.0451061 9.9892E-05 9.9892E-05 0.0223674 0.0196062 0.0314495 9.9892E-05 9.9892E-05 9.9892E-05 9.9892E-05 9.9892E-05 9.9892E-05 9.9892E-05 9.9892E-05 9.9892E-05 0.880272 9.9892E-05
0.00995685 9.99101E-05 0.00381342 0.0316197 0.0259778 0.0327307 9.99101E-05 9.99101E-05 9.99101E-05 0.00107252 9.99101E-05 9.99101E-05 9.99101E-05 9.99101E-05 9.99101E-05 0.89383 9.99101E-05
9.98923E-05 9.98923E-05 9.98923E-05 9.98923E-05 9.98923E-05 9.98923E-05 9.98923E-05 0.00477833 9.98923E-05 9.98923E-05 0.0359663 9.98923E-05 9.98923E-05 0.054402 0.170499 0.733156 9.98923E-05
0.0133968 9.9883E-05 9.9883E-05 9.9883E-05 9.9883E-05 9.9883E-05 0.0231169 9.9883E-05 9.9883E-05 9.9883E-05 9.9883E-05 9.9883E-05 9.9883E-05 9.9883E-05 9.9883E-05 0.955224 0.00696415
0.971534 9.98651E-05 9.98651E-05 9.98651E-05 9.98651E-05 0.0269683 9.98651E-05 9.98651E-05 9.98651E-05 9.98651E-05 9.98651E-05 9.98651E-05 9.98651E-05 9.98651E-05 9.98651E-05 9.98651E-05 9.98651E-05
0.971967 9.98741E-05 9.98741E-05 0.0200105 9.98741E-05 9.98741E-05 9.98741E-05 9.98741E-05 9.98741E-05 9.98741E-05 9.98741E-05 0.00662464 9.98741E-05 9.98741E-05 9.98741E-05 9.98741E-05 9.98741E-05
9.98922E-05 0.0451688 9.98922E-05 9.98922E-05 9.98922E-05 0.0342994 9.98922E-05 9.98922E-05 0.00168442 9.98922E-05 9.98922E-05 9.98922E-05 0.020111 9.98922E-05 9.98922E-05 0.897538 9.98922E-05
9.98651E-05 9.98651E-05 9.98651E-05 9.98651E-05 0.98745 0.0110525 9.98651E-05 9.98651E-05 9.98651E-05 9.98651E-05 9.98651E-05 9.98651E-05 9.98651E-05 9.98651E-05 9.98651E-05 9.98651E-05 9.98651E-05
9.9865E-05 9.9865E-05 9.9865E-05 9.9865E-05 0.989511 0.008991 9.9865E-05 9.9865E-05 9.9865E-05 9.9865E-05 9.9865E-05 9.9865E-05 9.9865E-05 9.9865E-05 9.9865E-05 9.9865E-05 9.9865E-05
9.98563E-05 9.98563E-05 9.98563E-05 9.98563E-05 9.98563E-05 9.98563E-05 9.98563E-05 9.98563E-05 0.998402 9.98563E-05 9.98563E-05 9.98563E-05 9.98563E-05 9.98563E-05 9.98563E-05 9.98563E-05 9.98563E-05
9.98563E-05 9.98563E-05 9.98563E-05 9.98563E-05 9.98563E-05 9.98563E-05 9.98563E-05 9.98563E-05 0.998402 9.98563E-05 9.98563E-05 9.98563E-05 9.98563E-05 9.98563E-05 9.98563E-05 9.98563E-05 9.98563E-05
9.9856E-05 0.998402 9.9856E-05 9.9856E-05 9.9856E-05 9.9856E-05 9.9856E-05 9.9856E-05 9.9856E-05 9.9856E-05 9.9856E-05 9.9856E-05 9.9856E-05 9.9856E-05 9.9856E-05 9.9856E-05 9.9856E-05
9.9856E-05 0.998402 9.9856E-05 9.9856E-05 9.9856E-05 9.9856E-05 9.9856E-05 9.9856E-05 9.9856E-05 9.9856E-05 9.9856E-05 9.9856E-05 9.9856E-05 9.9856E-05 9.9856E-05 9.9856E-05 9.9856E-05
9.98742E-05 9.98742E-05 9.98742E-05 9.98742E-05 0.0131482 9.98742E-05 9.98742E-05 0.0194279 0.966026 9.98742E-05 9.98742E-05 9.98742E-05 9.98742E-05 9.98742E-05 9.98742E-05 9.98742E-05 9.98742E-05
9.98563E-05 9.98563E-05 9.98563E-05 9.98563E-05 9.98563E-05 9.98563E-05 9.98563E-05 9.98563E-05 0.998402 9.98563E-05 9.98563E-05 9.98563E-05 9.98563E-05 9.98563E-05 9.98563E-05 9.98563E-05 9.98563E-05
9.98919E-05 9.98919E-05 0.951421 0.00389488 0.0113715 0.0014918 9.98919E-05 9.98919E-05 9.98919E-05 9.98919E-05 9.98919E-05 0.030622 9.98919E-05 9.98919E-05 9.98919E-05 9.98919E-05 9.98919E-05
9.98831E-05 9.98831E-05 9.98831E-05 0.119905 9.98831E-05 9.98831E-05 9.98831E-05 9.98831E-05 9.98831E-05 0.0102035 0.789925 0.0786688 9.98831E-05 9.98831E-05 9.98831E-05 9.98831E-05 9.98831E-05
9.98829E-05 9.98829E-05 9.98829E-05 0.0594245 9.98829E-05 0.0345438 9.98829E-05 0.895493 9.98829E-05 9.98829E-05 9.98829E-05 0.00924037 9.98829E-05 9.98829E-05 9.98829E-05 9.98829E-05 9.98829E-05
9.98561E-05 9.98561E-05 9.98561E-05 9.98561E-05 9.98561E-05 9.98561E-05 9.98561E-05 9.98561E-05 9.98561E-05 9.98561E-05 9.98561E-05 9.98561E-05 9.98561E-05 9.98561E-05 9.98561E-05 9.98561E-05 0.998402
9.98921E-05 9.98921E-05 0.0550877 9.98921E-05 9.98921E-05 9.98921E-05 0.0687423 9.98921E-05 0.00367911 9.98921E-05 9.98921E-05 0.0167782 9.98921E-05 9.98921E-05 9.98921E-05 9.98921E-05 0.854514
9.98561E-05 9.98561E-05 9.98561E-05 9.98561E-05 9.98561E-05 9.98561E-05 9.98561E-05 9.98561E-05 9.98561E-05 9.98561E-05 9.98561E-05 9.98561E-05 9.98561E-05 9.98561E-05 0.998402 9.98561E-05 9.98561E-05
