9.98829E-05 0.0704117 9.98829E-05 9.98829E-05 0.0174815 9.98829E-05 9.98829E-05 9.98829E-05 9.98829E-05 9.98829E-05 9.98829E-05 0.905181 9.98829E-05 9.98829E-05 0.00562717 9.98829E-05 9.98829E-05
9.98739E-05 9.98739E-05 9.98739E-05 9.98739E-05 9.98739E-05 9.98739E-05 9.98739E-05 9.98739E-05 0.677344 9.98739E-05 9.98739E-05 9.98739E-05 0.109031 9.98739E-05 0.212227 9.98739E-05 9.98739E-05
0.998402 9.98561E-05 9.98561E-05 9.98561E-05 9.98561E-05 9.98561E-05 9.98561E-05 9.98561E-05 9.98561E-05 9.98561E-05 9.98561E-05 9.98561E-05 9.98561E-05 9.98561E-05 9.98561E-05 9.98561E-05 9.98561E-05
0.0232446 9.98832E-05 9.98832E-05 9.98832E-05 0.022757 9.98832E-05 9.98832E-05 9.98832E-05 9.98832E-05 9.98832E-05 9.98832E-05 9.98832E-05 0.905942 9.98832E-05 9.98832E-05 9.98832E-05 0.0467584
0.0729049 0.0252848 9.99371E-05 9.99371E-05 9.99371E-05 0.0342408 0.162627 0.000391622 0.0555846 9.99371E-05 0.074902 9.99371E-05 0.2321 9.99371E-05 0.19866 9.99371E-05 0.142606
0.0250615 9.98921E-05 9.98921E-05 9.98921E-05 9.98921E-05 9.98921E-05 9.98921E-05 0.00644411 9.98921E-05 9.98921E-05 9.98921E-05 9.98921E-05 0.879295 9.98921E-05 0.0314212 9.98921E-05 0.0565799
9.98561E-05 9.98561E-05 9.98561E-05 9.98561E-05 9.98561E-05 9.98561E-05 0.998402 9.98561E-05 9.98561E-05 9.98561E-05 9.98561E-05 9.98561E-05 9.98561E-05 9.98561E-05 9.98561E-05 9.98561E-05 9.98561E-05
9.991E-05 0.0988051 9.991E-05 9.991E-05 0.012385 0.0849101 9.991E-05 9.991E-05 0.0636029 9.991E-05 0.44811 9.991E-05 0.0588993 9.991E-05 9.991E-05 9.991E-05 0.232289
9.9883E-05 0.00477034 9.9883E-05 9.9883E-05 9.9883E-05 0.0251951 0.911458 9.9883E-05 0.0572781 9.9883E-05 9.9883E-05 9.9883E-05 9.9883E-05 9.9883E-05 9.9883E-05 9.9883E-05 9.9883E-05
9.98651E-05 0.871915 9.98651E-05 9.98651E-05 9.98651E-05 9.98651E-05 0.126587 9.98651E-05 9.98651E-05 9.98651E-05 9.98651E-05 9.98651E-05 9.98651E-05 9.98651E-05 9.98651E-05 9.98651E-05 9.98651E-05
9.98652E-05 0.879796 9.98652E-05 9.98652E-05 9.98652E-05 9.98652E-05 0.118706 9.98652E-05 9.98652E-05 9.98652E-05 9.98652E-05 9.98652E-05 9.98652E-05 9.98652E-05 9.98652E-05 9.98652E-05 9.98652E-05
0.0304594 9.9901E-05 9.9901E-05 9.9901E-05 0.105238 9.9901E-05 0.000159345 9.9901E-05 9.9901E-05 9.9901E-05 9.9901E-05 0.69262 0.0153077 9.9901E-05 9.9901E-05 0.155117 9.9901E-05
9.98743E-05 9.98743E-05 9.98743E-05 9.98743E-05 9.98743E-05 9.98743E-05 0.00203963 9.98743E-05 9.98743E-05 9.98743E-05 0.0321568 9.98743E-05 9.98743E-05 9.98743E-05 9.98743E-05 0.964405 9.98743E-05
9.98702E-05 9.98702E-05 9.98702E-05 9.98702E-05 9.98702E-05 9.98702E-05 9.98702E-05 9.98702E-05 0.0358314 0.0252782 9.98702E-05 9.98702E-05 0.916989 9.98702E-05 0.0206027 9.98702E-05 9.98702E-05
9.98922E-05 0.0107973 9.98922E-05 9.98922E-05 9.98922E-05 9.98922E-05 9.98922E-05 9.98922E-05 9.98922E-05 0.0145283 9.98922E-05 0.00541514 0.943442 9.98922E-05 0.0246187 9.98922E-05 9.98922E-05
9.98831E-05 0.0210638 0.0066609 0.842594 9.98831E-05 9.98831E-05 9.98831E-05 9.98831E-05 9.98831E-05 9.98831E-05 9.98831E-05 9.98831E-05 9.98831E-05 9.98831E-05 9.98831E-05 0.128383 9.98831E-05
9.98648E-05 0.07955 9.98648E-05 9.98648E-05 9.98648E-05 9.98648E-05 9.98648E-05 0.918952 9.98648E-05 9.98648E-05 9.98648E-05 9.98648E-05 9.98648E-05 9.98648E-05 9.98648E-05 9.98648E-05 9.98648E-05
9.99007E-05 0.027369 9.99007E-05 9.99007E-05 9.99007E-05 0.0203022 0.0137074 9.99007E-05 0.0140595 0.81159 9.99007E-05 9.99007E-05 9.99007E-05 9.99007E-05 0.111873 9.99007E-05 9.99007E-05
9.98652E-05 9.98652E-05 0.972293 9.98652E-05 9.98652E-05 9.98652E-05 9.98652E-05 9.98652E-05 9.98652E-05 9.98652E-05 9.98652E-05 9.98652E-05 9.98652E-05 0.0262087 9.98652E-05 9.98652E-05 9.98652E-05
9.98919E-05 0.495414 9.98919E-05 0.303911 0.0145559 9.98919E-05 9.98919E-05 0.094935 9.98919E-05 9.98919E-05 9.98919E-05 0.0899853 9.98919E-05 9.98919E-05 9.98919E-05 9.98919E-05 9.98919E-05
9.98649E-05 9.98649E-05 9.98649E-05 9.98649E-05 9.98649E-05 9.98649E-05 9.98649E-05 9.98649E-05 9.98649E-05 0.974613 9.98649E-05 9.98649E-05 9.98649E-05 0.023889 9.98649E-05 9.98649E-05 9.98649E-05
9.98919E-05 9.98919E-05 9.98919E-05 0.209493 9.98919E-05 9.98919E-05 9.98919E-05 0.0227163 9.98919E-05 9.98919E-05 9.98919E-05 0.43668 9.98919E-05 9.98919E-05 0.275831 0.0540817 9.98919E-05
9.98831E-05 0.184483 9.98831E-05 9.98831E-05 0.184885 9.98831E-05 9.98831E-05 0.222098 9.98831E-05 0.407235 9.98831E-05 9.98831E-05 9.98831E-05 9.98831E-05 9.98831E-05 9.98831E-05 9.98831E-05
9.98651E-05 0.031868 0.966634 9.98651E-05 9.98651E-05 9.98651E-05 9.98651E-05 9.98651E-05 9.98651E-05 9.98651E-05 9.98651E-05 9.98651E-05 9.98651E-05 9.98651E-05 9.98651E-05 9.98651E-05 9.98651E-05
0.0360214 9.98834E-05 9.98834E-05 9.98834E-05 9.98834E-05 0.0230901 0.00204868 9.98834E-05 9.98834E-05 9.98834E-05 9.98834E-05 9.98834E-05 0.937541 9.98834E-05 9.98834E-05 9.98834E-05 9.98834E-05
9.98565E-05 9.98565E-05 9.98565E-05 9.98565E-05 9.98565E-05 9.98565E-05 9.98565E-05 9.98565E-05 9.98565E-05 9.98565E-05 9.98565E-05 9.98565E-05 0.998402 9.98565E-05 9.98565E-05 9.98565E-05 9.98565E-05
9.99008E-05 0.0868384 9.99008E-05 9.99008E-05 0.00932287 9.99008E-05 9.99008E-05 0.0357805 9.99008E-05 9.99008E-05 9.99008E-05 0.111 9.99008E-05 9.99008E-05 9.99008E-05 0.749498 0.00646163
9.98921E-05 9.98921E-05 9.98921E-05 9.98921E-05 9.98921E-05 0.077333 0.0128237 9.98921E-05 9.98921E-05 9.98921E-05 0.00560034 9.98921E-05 0.893629 9.98921E-05 9.98921E-05 9.98921E-05 0.00941508
9.98801E-05 9.98801E-05 9.98801E-05 0.00839684 9.98801E-05 0.0606435 0.0233068 9.98801E-05 9.98801E-05 9.98801E-05 0.00428567 9.98801E-05 0.902169 9.98801E-05 9.98801E-05 9.98801E-05 9.98801E-05
0.0307124 9.99201E-05 9.99201E-05 9.99201E-05 9.99201E-05 0.0729257 9.99201E-05 9.99201E-05 0.00497944 9.99201E-05 0.0174811 0.0161793 0.341336 0.0204008 0.0218995 9.99201E-05 0.473286
9.98649E-05 9.98649E-05 9.98649E-05 9.98649E-05 9.98649E-05 9.98649E-05 9.98649E-05 9.98649E-05 9.98649E-05 9.98649E-05 9.98649E-05 9.98649E-05 0.00887591 9.98649E-05 9.98649E-05 9.98649E-05 0.989626
9.98565E-05 9.98565E-05 9.98565E-05 9.98565E-05 9.98565E-05 9.98565E-05 9.98565E-05 9.98565E-05 0.998402 9.98565E-05 9.98565E-05 9.98565E-05 9.98565E-05 9.98565E-05 9.98565E-05 9.98565E-05 9.98565E-05
9.98832E-05 9.98832E-05 9.98832E-05 9.98832E-05 9.98832E-05 9.98832E-05 9.98832E-05 0.018748 9.98832E-05 9.98832E-05 0.136065 9.98832E-05 0.812909 9.98832E-05 9.98832E-05 9.98832E-05 0.0309799
0.0243104 9.99013E-05 9.99013E-05 9.99013E-05 9.99013E-05 0.744881 0.0079188 9.99013E-05 9.99013E-05 9.99013E-05 0.168933 9.99013E-05 0.0117443 9.99013E-05 9.99013E-05 9.99013E-05 0.0411133
9.99006E-05 9.99006E-05 9.99006E-05 9.99006E-05 0.0903006 9.99006E-05 9.99006E-05 0.292672 9.99006E-05 9.99006E-05 0.0139118 9.99006E-05 9.99006E-05 9.99006E-05 0.076035 0.466846 0.0591351
9.98919E-05 9.98919E-05 9.98919E-05 9.98919E-05 9.98919E-05 9.98919E-05 9.98919E-05 0.023886 0.00291569 9.98919E-05 0.0726837 9.98919E-05 0.884373 9.98919E-05 0.014943 9.98919E-05 9.98919E-05
0.0259547 9.9883E-05 9.9883E-05 9.9883E-05 9.9883E-05 9.9883E-05 9.9883E-05 0.00617621 9.9883E-05 9.9883E-05 0.0377819 0.928789 9.9883E-05 9.9883E-05 9.9883E-05 9.9883E-05 9.9883E-05
9.99099E-05 0.578591 9.99099E-05 9.99099E-05 9.99099E-05 9.99099E-05 9.99099E-05 0.00187894 0.158097 0.0102993 0.0692138 9.99099E-05 9.99099E-05 0.00894809 0.171973 9.99099E-05 9.99099E-05
9.98648E-05 9.98648E-05 9.98648E-05 9.98648E-05 9.98648E-05 9.98648E-05 9.98648E-05 0.98242 9.98648E-05 9.98648E-05 0.0160823 9.98648E-05 9.98648E-05 9.98648E-05 9.98648E-05 9.98648E-05 9.98648E-05
9.98561E-05 9.98561E-05 9.98561E-05 9.98561E-05 9.98561E-05 9.98561E-05 9.98561E-05 9.98561E-05 9.98561E-05 9.98561E-05 9.98561E-05 9.98561E-05 9.98561E-05 9.98561E-05 0.998402 9.98561E-05 9.98561E-05
9.98561E-05 9.98561E-05 9.98561E-05 9.98561E-05 9.98561E-05 9.98561E-05 9.98561E-05 9.98561E-05 9.98561E-05 9.98561E-05 9.98561E-05 9.98561E-05 9.98561E-05 9.98561E-05 0.998402 9.98561E-05 9.98561E-05
9.98919E-05 0.896485 0.0016433 9.98919E-05 9.98919E-05 9.98919E-05 9.98919E-05 0.0206496 9.98919E-05 9.98919E-05 9.98919E-05 0.0274866 9.98919E-05 9.98919E-05 0.0525363 9.98919E-05 9.98919E-05
9.99011E-05 0.0531854 0.000557054 0.843346 9.99011E-05 9.99011E-05 0.0399132 9.99011E-05 9.99011E-05 9.99011E-05 9.99011E-05 0.00752675 9.99011E-05 9.99011E-05 9.99011E-05 0.0543729 9.99011E-05
9.98829E-05 0.904156 9.98829E-05 0.0260157 9.98829E-05 9.98829E-05 9.98829E-05 0.044448 9.98829E-05 9.98829E-05 9.98829E-05 9.98829E-05 9.98829E-05 9.98829E-05 9.98829E-05 9.98829E-05 0.0240823
9.9919E-05 0.423237 0.130282 0.0429534 0.0768868 9.9919E-05 9.9919E-05 9.9919E-05 0.0252108 9.9919E-05 9.9919E-05 0.0181184 9.9919E-05 9.9919E-05 0.134386 0.148026 9.9919E-05
0.0303276 0.442324 9.9928E-05 0.170277 9.9928E-05 9.9928E-05 9.9928E-05 0.0230754 9.9928E-05 9.9928E-05 9.9928E-05 0.0771064 0.0129894 0.0719108 0.140889 9.9928E-05 0.0303007
0.0413943 0.246754 9.99369E-05 9.99369E-05 9.99369E-05 9.99369E-05 0.0352061 0.256993 9.99369E-05 9.99369E-05 9.99369E-05 0.173372 0.0276774 0.0372774 0.0105145 0.0759168 0.0941959
9.98659E-05 9.98659E-05 9.98659E-05 9.98659E-05 9.98659E-05 9.98659E-05 9.98659E-05 9.98659E-05 9.98659E-05 0.00541979 9.98659E-05 0.993082 9.98659E-05 9.98659E-05 9.98659E-05 9.98659E-05 9.98659E-05
9.98562E-05 9.98562E-05 9.98562E-05 9.98562E-05 9.98562E-05 0.998402 9.98562E-05 9.98562E-05 9.98562E-05 9.98562E-05 9.98562E-05 9.98562E-05 9.98562E-05 9.98562E-05 9.98562E-05 9.98562E-05 9.98562E-05
9.98742E-05 9.98742E-05 9.98742E-05 9.98742E-05 9.98742E-05 0.988171 9.98742E-05 9.98742E-05 9.98742E-05 9.98742E-05 9.98742E-05 9.98742E-05 9.98742E-05 0.00429272 0.00613819 9.98742E-05 9.98742E-05
9.98832E-05 9.98832E-05 9.98832E-05 0.00903016 9.98832E-05 0.984385 9.98832E-05 9.98832E-05 9.98832E-05 9.98832E-05 9.98832E-05 9.98832E-05 9.98832E-05 0.00250568 0.00278087 9.98832E-05 9.98832E-05
9.98652E-05 9.98652E-05 9.98652E-05 9.98652E-05 9.98652E-05 0.991643 9.98652E-05 9.98652E-05 9.98652E-05 0.00685864 9.98652E-05 9.98652E-05 9.98652E-05 9.98652E-05 9.98652E-05 9.98652E-05 9.98652E-05
9.98502E-05 9.98502E-05 9.98502E-05 9.98502E-05 9.98502E-05 0.990554 9.98502E-05 9.98502E-05 9.98502E-05 9.98502E-05 9.98502E-05 9.98502E-05 9.98502E-05 9.98502E-05 9.98502E-05 9.98502E-05 0.00794806
9.99283E-05 9.99283E-05 9.99283E-05 0.0928102 9.99283E-05 0.309461 0.044976 0.000977661 0.0314864 9.99283E-05 0.0692076 9.99283E-05 9.99283E-05 0.00925178 0.048405 9.99283E-05 0.392625
9.98832E-05 9.98832E-05 9.98832E-05 9.98832E-05 0.00871416 0.94892 9.98832E-05 9.98832E-05 0.0354199 9.98832E-05 9.98832E-05 9.98832E-05 9.98832E-05 9.98832E-05 9.98832E-05 0.005647 9.98832E-05
9.98649E-05 9.98649E-05 9.98649E-05 0.202934 9.98649E-05 9.98649E-05 9.98649E-05 9.98649E-05 9.98649E-05 9.98649E-05 9.98649E-05 0.795568 9.98649E-05 9.98649E-05 9.98649E-05 9.98649E-05 9.98649E-05
9.98829E-05 9.98829E-05 9.98829E-05 0.0273148 9.98829E-05 0.0120294 0.0341479 9.98829E-05 0.925209 9.98829E-05 9.98829E-05 9.98829E-05 9.98829E-05 9.98829E-05 9.98829E-05 9.98829E-05 9.98829E-05
9.9865E-05 9.9865E-05 9.9865E-05 9.9865E-05 9.9865E-05 9.9865E-05 9.9865E-05 9.9865E-05 9.9865E-05 9.9865E-05 9.9865E-05 9.9865E-05 0.955801 9.9865E-05 0.0427008 9.9865E-05 9.9865E-05
9.9892E-05 9.9892E-05 9.9892E-05 0.00696477 0.0325321 0.0156791 9.9892E-05 9.9892E-05 9.9892E-05 9.9892E-05 9.9892E-05 9.9892E-05 9.9892E-05 9.9892E-05 0.131461 0.812164 9.9892E-05
9.98656E-05 9.98656E-05 9.98656E-05 0.928721 9.98656E-05 9.98656E-05 9.98656E-05 9.98656E-05 9.98656E-05 9.98656E-05 9.98656E-05 9.98656E-05 9.98656E-05 9.98656E-05 9.98656E-05 0.0697806 9.98656E-05
0.00938821 9.98923E-05 0.00107496 9.98923E-05 9.98923E-05 9.98923E-05 0.0924333 9.98923E-05 9.98923E-05 9.98923E-05 0.0145295 9.98923E-05 9.98923E-05 9.98923E-05 9.98923E-05 0.881375 9.98923E-05
9.98813E-05 0.0947212 9.98813E-05 9.98813E-05 9.98813E-05 9.98813E-05 9.98813E-05 9.98813E-05 9.98813E-05 9.98813E-05 9.98813E-05 0.0309935 9.98813E-05 9.98813E-05 9.98813E-05 0.872887 9.98813E-05
9.99008E-05 0.0908098 0.0358108 9.99008E-05 0.0157752 9.99008E-05 9.99008E-05 0.0130364 9.99008E-05 9.99008E-05 9.99008E-05 9.99008E-05 9.99008E-05 9.99008E-05 0.0424288 0.80104 9.99008E-05
9.98502E-05 9.98502E-05 9.98502E-05 9.98502E-05 9.98502E-05 9.98502E-05 9.98502E-05 9.98502E-05 9.98502E-05 9.98502E-05 9.98502E-05 9.98502E-05 9.98502E-05 0.998402 9.98502E-05 9.98502E-05 9.98502E-05
0.0555811 9.98655E-05 9.98655E-05 9.98655E-05 9.98655E-05 9.98655E-05 9.98655E-05 9.98655E-05 9.98655E-05 9.98655E-05 9.98655E-05 9.98655E-05 0.942921 9.98655E-05 9.98655E-05 9.98655E-05 9.98655E-05
9.9964E-05 0.0583006 9.9964E-05 0.0947851 0.0608044 0.0726261 9.9964E-05 0.101071 0.0989264 0.0328877 0.00444844 0.00517481 0.168239 9.9964E-05 0.0948132 0.0215031 0.186019
0.144137 9.98833E-05 9.98833E-05 0.00748153 9.98833E-05 9.98833E-05 9.98833E-05 9.98833E-05 9.98833E-05 9.98833E-05 0.0714416 9.98833E-05 0.775641 9.98833E-05 9.98833E-05 9.98833E-05 9.98833E-05
9.99011E-05 9.99011E-05 9.99011E-05 9.99011E-05 9.99011E-05 0.00767306 0.0114327 0.0217694 9.99011E-05 9.99011E-05 9.99011E-05 9.99011E-05 0.881239 9.99011E-05 0.0361683 9.99011E-05 0.0406183
9.98901E-05 9.98901E-05 9.98901E-05 0.0608964 9.98901E-05 0.0660318 0.0158458 9.98901E-05 9.98901E-05 9.98901E-05 0.0189628 9.98901E-05 0.830123 9.98901E-05 9.98901E-05 9.98901E-05 0.00704152
9.99281E-05 9.99281E-05 0.00228257 0.0160274 9.99281E-05 0.0141875 0.0163105 9.99281E-05 0.0500886 0.00242808 0.0193354 9.99281E-05 0.876662 9.99281E-05 9.99281E-05 9.99281E-05 0.00187901
9.98742E-05 9.98742E-05 9.98742E-05 9.98742E-05 9.98742E-05 9.98742E-05 9.98742E-05 9.98742E-05 9.98742E-05 9.98742E-05 9.98742E-05 9.98742E-05 0.679623 9.98742E-05 0.0852548 9.98742E-05 0.233724
9.98741E-05 9.98741E-05 9.98741E-05 9.98741E-05 9.98741E-05 9.98741E-05 9.98741E-05 0.0288787 9.98741E-05 9.98741E-05 9.98741E-05 9.98741E-05 0.938225 9.98741E-05 0.0314976 9.98741E-05 9.98741E-05
9.9865E-05 9.9865E-05 9.9865E-05 9.9865E-05 9.9865E-05 0.0255563 9.9865E-05 9.9865E-05 9.9865E-05 9.9865E-05 0.972946 9.9865E-05 9.9865E-05 9.9865E-05 9.9865E-05 9.9865E-05 9.9865E-05
9.9874E-05 9.9874E-05 9.9874E-05 9.9874E-05 9.9874E-05 9.9874E-05 0.0196599 9.9874E-05 9.9874E-05 9.9874E-05 0.945054 9.9874E-05 9.9874E-05 9.9874E-05 9.9874E-05 0.0338882 9.9874E-05
0.0550808 0.000496528 9.99011E-05 0.0140594 9.99011E-05 0.00626905 9.99011E-05 9.99011E-05 9.99011E-05 0.0183855 9.99011E-05 9.99011E-05 0.90461 9.99011E-05 9.99011E-05 9.99011E-05 9.99011E-05
9.9883E-05 9.9883E-05 9.9883E-05 0.961377 9.9883E-05 0.00313866 9.9883E-05 9.9883E-05 9.9883E-05 9.9883E-05 0.0108499 9.9883E-05 9.9883E-05 9.9883E-05 0.0233362 9.9883E-05 9.9883E-05
9.9874E-05 9.9874E-05 9.9874E-05 0.974724 9.9874E-05 0.0203511 9.9874E-05 9.9874E-05 9.9874E-05 9.9874E-05 0.00352671 9.9874E-05 9.9874E-05 9.9874E-05 9.9874E-05 9.9874E-05 9.9874E-05
9.98652E-05 9.98652E-05 9.98652E-05 9.98652E-05 0.989353 9.98652E-05 9.98652E-05 9.98652E-05 9.98652E-05 9.98652E-05 9.98652E-05 0.00914874 9.98652E-05 9.98652E-05 9.98652E-05 9.98652E-05 9.98652E-05
9.98563E-05 9.98563E-05 9.98563E-05 9.98563E-05 0.998402 9.98563E-05 9.98563E-05 9.98563E-05 9.98563E-05 9.98563E-05 9.98563E-05 9.98563E-05 9.98563E-05 9.98563E-05 9.98563E-05 9.98563E-05 9.98563E-05
9.99099E-05 0.819773 9.99099E-05 0.0137598 9.99099E-05 9.99099E-05 9.99099E-05 9.99099E-05 0.0817862 9.99099E-05 0.00433159 0.0152776 9.99099E-05 9.99099E-05 0.0598015 0.00427125 9.99099E-05
9.991E-05 0.779757 9.991E-05 0.0435922 9.991E-05 9.991E-05 0.00694846 9.991E-05 0.0183556 0.0228954 9.991E-05 9.991E-05 9.991E-05 9.991E-05 0.0666181 0.0608339 9.991E-05
9.98922E-05 9.98922E-05 9.98922E-05 0.00457457 0.975415 0.00277863 9.98922E-05 9.98922E-05 9.98922E-05 9.98922E-05 0.0079083 9.98922E-05 9.98922E-05 9.98922E-05 9.98922E-05 9.98922E-05 0.00812487
9.98562E-05 9.98562E-05 9.98562E-05 9.98562E-05 0.998402 9.98562E-05 9.98562E-05 9.98562E-05 9.98562E-05 9.98562E-05 9.98562E-05 9.98562E-05 9.98562E-05 9.98562E-05 9.98562E-05 9.98562E-05 9.98562E-05
9.98919E-05 9.98919E-05 9.98919E-05 0.0104978 9.98919E-05 0.0187261 0.00641233 9.98919E-05 9.98919E-05 9.98919E-05 9.98919E-05 0.931758 9.98919E-05 9.98919E-05 9.98919E-05 0.0314073 9.98919E-05
9.98918E-05 9.98918E-05 0.0331467 0.0658762 9.98918E-05 9.98918E-05 0.148318 9.98918E-05 9.98918E-05 9.98918E-05 9.98918E-05 9.98918E-05 9.98918E-05 9.98918E-05 0.635701 0.11576 9.98918E-05
9.9892E-05 0.00100043 9.9892E-05 9.9892E-05 9.9892E-05 0.0371448 0.0537137 9.9892E-05 0.898588 9.9892E-05 9.9892E-05 9.9892E-05 9.9892E-05 0.00835382 9.9892E-05 9.9892E-05 9.9892E-05
9.99012E-05 0.214602 0.164474 9.99012E-05 0.0347771 9.99012E-05 9.99012E-05 0.351116 9.99012E-05 9.99012E-05 9.99012E-05 9.99012E-05 0.0642179 9.99012E-05 9.99012E-05 0.169714 9.99012E-05
9.99012E-05 9.99012E-05 0.0458213 0.0133965 0.0961287 9.99012E-05 9.99012E-05 0.507755 9.99012E-05 9.99012E-05 9.99012E-05 0.10845 9.99012E-05 9.99012E-05 9.99012E-05 0.22735 9.99012E-05
9.98502E-05 9.98502E-05 9.98502E-05 9.98502E-05 9.98502E-05 9.98502E-05 9.98502E-05 9.98502E-05 9.98502E-05 9.98502E-05 9.98502E-05 9.98502E-05 9.98502E-05 9.98502E-05 9.98502E-05 9.98502E-05 0.998402
