9.999E-05 9.999E-05 0.9998
0.533613 9.9991E-05 0.466287
0.902064 0.0547404 0.0431954
0.9998 9.999E-05 9.999E-05
0.667272 9.9991E-05 0.332628
0.9998 9.999E-05 9.999E-05
0.33361 9.99911E-05 0.66629
0.825942 9.9991E-05 0.173958
0.366834 9.99911E-05 0.633066
0.0340963 9.9991E-05 0.965804
0.00490706 9.9991E-05 0.994993
0.0383766 9.9991E-05 0.961523
0.0408827 9.99911E-05 0.959017
0.998073 0.00182666 9.9991E-05
0.988794 0.00152897 0.00967662
0.0550834 9.9991E-05 0.944817
0.0451815 0.203474 0.751345
0.0193885 0.730187 0.250424
9.999E-05 0.9998 9.999E-05
9.999E-05 9.999E-05 0.9998
9.999E-05 0.9998 9.999E-05
9.999E-05 9.999E-05 0.9998
0.117364 0.516151 0.366485
9.9991E-05 0.929774 0.0701261
0.9998 9.999E-05 9.999E-05
0.9998 9.999E-05 9.999E-05
9.999E-05 9.999E-05 0.9998
0.9998 9.999E-05 9.999E-05
0.9998 9.999E-05 9.999E-05
0.936399 0.0469857 0.016615
0.932166 0.0245389 0.043295
0.604507 9.99911E-05 0.395393
0.9998 9.999E-05 9.999E-05
0.838387 9.9991E-05 0.161513
0.0661409 9.9991E-05 0.933759
0.9998 9.999E-05 9.999E-05
0.0656431 9.9991E-05 0.934257
0.175158 0.0394001 0.785442
0.176767 0.167868 0.655365
0.101016 9.9991E-05 0.898884
0.0668327 9.9991E-05 0.933067
9.9991E-05 0.00991215 0.989988
0.0458993 9.9991E-05 0.954001
0.00907037 9.9991E-05 0.99083
9.9991E-05 0.156874 0.843026
0.123695 0.0377612 0.838543
0.185938 9.9991E-05 0.813962
9.999E-05 9.999E-05 0.9998
0.83503 0.0376583 0.127311
0.815202 0.047241 0.137557
0.787484 0.0509544 0.161561
0.825225 0.0418952 0.13288
0.830623 0.0374456 0.131932
0.739557 0.0333159 0.227127
0.787516 0.00320515 0.209279
9.999E-05 9.999E-05 0.9998
0.531091 9.9991E-05 0.468809
0.9998 9.999E-05 9.999E-05
9.999E-05 9.999E-05 0.9998
0.060231 9.9991E-05 0.939669
9.99911E-05 0.00579607 0.994104
9.999E-05 9.999E-05 0.9998
9.9991E-05 0.0345907 0.965309
0.0226647 0.89974 0.0775956
0.9998 9.999E-05 9.999E-05
0.400082 0.0340698 0.565849
0.9998 9.999E-05 9.999E-05
0.9998 9.999E-05 9.999E-05
0.9998 9.999E-05 9.999E-05
0.9998 9.999E-05 9.999E-05
0.973066 9.9991E-05 0.026834
0.9998 9.999E-05 9.999E-05
0.896266 9.99911E-05 0.103634
0.862038 0.0186748 0.119287
0.9998 9.999E-05 9.999E-05
0.182935 9.9991E-05 0.816965
0.139161 9.9991E-05 0.860739
0.137003 0.202257 0.66074
0.114584 0.201717 0.683699
0.0664962 9.9991E-05 0.933404
0.014004 9.9991E-05 0.985896
0.120631 0.187803 0.691566
0.14656 0.188741 0.6647
9.999E-05 9.999E-05 0.9998
0.0156032 0.0329235 0.951473
0.586028 9.9991E-05 0.413872
0.0854491 0.184147 0.730404
9.99911E-05 0.139033 0.860867
0.911672 0.0613895 0.0269388
