9.9991E-05 0.0532921 0.946608
0.268714 0.391746 0.339539
0.858188 0.067254 0.0745584
0.991994 9.9991E-05 0.00790553
0.442752 0.348915 0.208333
0.9998 9.999E-05 9.999E-05
9.999E-05 0.54592 0.45398
0.405524 0.515975 0.0785008
9.9991E-05 0.585137 0.414763
9.9991E-05 0.244053 0.755847
9.9991E-05 0.175551 0.824349
0.0874599 9.9991E-05 0.91244
0.08951 9.9991E-05 0.91039
0.961107 9.9991E-05 0.0387934
0.975539 9.9991E-05 0.0243609
0.0181898 0.138061 0.843749
0.0736522 9.9991E-05 0.926248
9.99911E-05 0.0580767 0.941823
9.999E-05 9.999E-05 0.9998
9.9991E-05 0.0996036 0.900296
9.999E-05 9.999E-05 0.9998
9.9991E-05 0.0570961 0.942804
0.0873111 0.0125031 0.900186
9.999E-05 9.999E-05 0.9998
0.9998 9.999E-05 9.999E-05
0.9998 9.999E-05 9.999E-05
0.00807877 9.9991E-05 0.991821
0.945708 0.0541916 9.9991E-05
0.928392 0.0715078 9.9991E-05
0.730802 0.207914 0.0612839
0.694589 0.292924 0.012487
0.0613722 0.716882 0.221746
0.988152 0.0117476 9.9991E-05
0.072493 0.927407 9.9991E-05
0.136133 9.9991E-05 0.863767
0.997379 9.9991E-05 0.00252064
0.132153 9.9991E-05 0.867747
0.0133401 0.264355 0.722305
0.207682 9.9991E-05 0.792218
0.143731 0.0330691 0.8232
0.0688935 0.0832995 0.847807
9.99909E-05 0.0904166 0.909483
9.9991E-05 0.166333 0.833567
9.9991E-05 0.140184 0.859716
9.9991E-05 0.0729439 0.926956
0.0561115 0.131597 0.812291
0.144967 0.0774039 0.777629
9.99911E-05 0.0447382 0.955162
9.999E-05 0.9998 9.999E-05
9.999E-05 0.9998 9.999E-05
9.999E-05 0.9998 9.999E-05
9.999E-05 0.9998 9.999E-05
0.000284312 0.999616 9.9991E-05
0.236677 0.665638 0.0976858
9.999E-05 0.9998 9.999E-05
9.9991E-05 0.0620653 0.937835
0.102631 0.645093 0.252276
0.9998 9.999E-05 9.999E-05
0.005288 0.0457754 0.948937
0.0942652 0.0819044 0.82383
0.0439194 9.9991E-05 0.955981
0.0334312 9.9991E-05 0.966469
9.999E-05 9.999E-05 0.9998
9.999E-05 9.999E-05 0.9998
0.9998 9.999E-05 9.999E-05
0.24715 0.272722 0.480129
0.975819 0.0240806 9.9991E-05
0.978271 0.0216293 9.9991E-05
0.876397 0.123503 9.9991E-05
0.932321 0.067579 9.9991E-05
0.956579 0.0279762 0.0154448
0.9998 9.999E-05 9.999E-05
0.501897 0.498003 9.99911E-05
0.524699 0.429973 0.045328
0.986806 0.0130938 9.9991E-05
0.00522812 0.251366 0.743406
0.045355 0.221596 0.733049
0.125301 9.9991E-05 0.874599
0.139223 9.9991E-05 0.860677
9.99909E-05 0.181518 0.818382
9.99909E-05 0.168732 0.831168
0.102201 0.0314696 0.866329
0.147314 9.9991E-05 0.852586
9.9991E-05 0.0911112 0.908789
9.9991E-05 0.131777 0.868123
0.0794676 0.66123 0.259303
0.119617 9.9991E-05 0.880283
0.0517196 9.9991E-05 0.94818
0.576061 0.404593 0.0193453
