9.98918E-05 0.0532306 9.98918E-05 9.98918E-05 9.98918E-05 9.98918E-05 9.98918E-05 0.927106 0.0184643 9.98918E-05 9.98918E-05 9.98918E-05 9.98918E-05 9.98918E-05 9.98918E-05
0.019534 9.99099E-05 9.99099E-05 9.99099E-05 9.99099E-05 9.99099E-05 9.99099E-05 0.0520099 0.0733978 9.99099E-05 9.99099E-05 0.665297 9.99099E-05 0.188762 9.99099E-05
9.99197E-05 9.99197E-05 0.0679207 0.0910498 0.0692206 9.99197E-05 0.0607044 9.99197E-05 9.99197E-05 9.99197E-05 0.032238 9.99197E-05 9.99197E-05 0.677967 9.99197E-05
0.00305339 9.9901E-05 0.0374983 9.9901E-05 9.9901E-05 9.9901E-05 0.00705589 9.9901E-05 9.9901E-05 9.9901E-05 9.9901E-05 9.9901E-05 9.9901E-05 0.951293 9.9901E-05
9.99371E-05 0.175549 0.053633 0.222184 9.99371E-05 0.0404445 9.99371E-05 9.99371E-05 0.0206434 9.99371E-05 9.99371E-05 0.117361 0.0448697 0.324616 9.99371E-05
9.9901E-05 9.9901E-05 9.9901E-05 9.9901E-05 9.9901E-05 0.0158877 9.9901E-05 9.9901E-05 9.9901E-05 0.000584151 0.00949405 9.9901E-05 9.9901E-05 0.972935 9.9901E-05
0.215464 9.9892E-05 9.9892E-05 0.541631 9.9892E-05 9.9892E-05 9.9892E-05 9.9892E-05 9.9892E-05 9.9892E-05 0.241707 9.9892E-05 9.9892E-05 9.9892E-05 9.9892E-05
9.99278E-05 0.0650606 0.054859 0.508397 9.99278E-05 9.99278E-05 0.0231338 9.99278E-05 9.99278E-05 9.99278E-05 9.99278E-05 0.0766761 0.119973 0.151101 9.99278E-05
0.260878 0.0671218 9.99099E-05 0.480483 9.99099E-05 9.99099E-05 9.99099E-05 9.99099E-05 9.99099E-05 9.99099E-05 0.104521 0.0859967 9.99099E-05 9.99099E-05 9.99099E-05
9.98833E-05 0.974315 9.98833E-05 0.0243862 9.98833E-05 9.98833E-05 9.98833E-05 9.98833E-05 9.98833E-05 9.98833E-05 9.98833E-05 9.98833E-05 9.98833E-05 9.98833E-05 9.98833E-05
9.98833E-05 0.997854 9.98833E-05 0.000847529 9.98833E-05 9.98833E-05 9.98833E-05 9.98833E-05 9.98833E-05 9.98833E-05 9.98833E-05 9.98833E-05 9.98833E-05 9.98833E-05 9.98833E-05
9.9901E-05 9.9901E-05 9.9901E-05 0.0436757 9.9901E-05 9.9901E-05 0.129976 0.682687 9.9901E-05 9.9901E-05 0.142562 9.9901E-05 9.9901E-05 9.9901E-05 9.9901E-05
9.98923E-05 9.98923E-05 0.00659399 0.0390865 9.98923E-05 9.98923E-05 9.98923E-05 9.98923E-05 9.98923E-05 9.98923E-05 0.953121 9.98923E-05 9.98923E-05 9.98923E-05 9.98923E-05
9.991E-05 9.991E-05 9.991E-05 9.991E-05 9.991E-05 9.991E-05 9.991E-05 0.0147526 9.991E-05 0.0124368 0.0112708 9.991E-05 9.991E-05 0.947521 0.01302
9.9901E-05 9.9901E-05 9.9901E-05 9.9901E-05 0.00512719 9.9901E-05 9.9901E-05 0.0250352 9.9901E-05 9.9901E-05 9.9901E-05 9.9901E-05 0.0313002 0.937439 9.9901E-05
0.779531 9.98919E-05 9.98919E-05 9.98919E-05 9.98919E-05 0.106685 9.98919E-05 9.98919E-05 9.98919E-05 9.98919E-05 0.112585 9.98919E-05 9.98919E-05 9.98919E-05 9.98919E-05
9.9883E-05 0.0474903 9.9883E-05 9.9883E-05 9.9883E-05 9.9883E-05 9.9883E-05 9.9883E-05 0.951211 9.9883E-05 9.9883E-05 9.9883E-05 9.9883E-05 9.9883E-05 9.9883E-05
9.98739E-05 9.98739E-05 9.98739E-05 9.98739E-05 0.998602 9.98739E-05 9.98739E-05 9.98739E-05 9.98739E-05 9.98739E-05 9.98739E-05 9.98739E-05 9.98739E-05 9.98739E-05 9.98739E-05
9.98921E-05 9.98921E-05 9.98921E-05 9.98921E-05 9.98921E-05 9.98921E-05 0.0360631 9.98921E-05 9.98921E-05 0.0299647 9.98921E-05 9.98921E-05 9.98921E-05 9.98921E-05 0.932774
0.298057 0.434907 9.99008E-05 9.99008E-05 9.99008E-05 0.201322 9.99008E-05 0.0646152 9.99008E-05 9.99008E-05 9.99008E-05 9.99008E-05 9.99008E-05 9.99008E-05 9.99008E-05
9.98921E-05 9.98921E-05 9.98921E-05 9.98921E-05 0.131428 9.98921E-05 9.98921E-05 9.98921E-05 9.98921E-05 0.018165 9.98921E-05 9.98921E-05 9.98921E-05 9.98921E-05 0.849208
0.266883 0.099829 9.99369E-05 9.99369E-05 0.0107004 0.0525259 0.00988087 0.478664 9.99369E-05 0.00528258 0.0755349 9.99369E-05 9.99369E-05 9.99369E-05 9.99369E-05
9.99101E-05 0.128501 9.99101E-05 9.99101E-05 9.99101E-05 9.99101E-05 0.138424 9.99101E-05 0.309151 9.99101E-05 9.99101E-05 9.99101E-05 0.0444699 9.99101E-05 0.378455
9.98829E-05 0.0787671 9.98829E-05 9.98829E-05 9.98829E-05 9.98829E-05 9.98829E-05 9.98829E-05 9.98829E-05 9.98829E-05 9.98829E-05 9.98829E-05 9.98829E-05 9.98829E-05 0.919934
9.98832E-05 9.98832E-05 0.616983 9.98832E-05 9.98832E-05 9.98832E-05 9.98832E-05 9.98832E-05 9.98832E-05 9.98832E-05 9.98832E-05 9.98832E-05 9.98832E-05 0.381718 9.98832E-05
9.98832E-05 9.98832E-05 0.226941 9.98832E-05 9.98832E-05 9.98832E-05 9.98832E-05 9.98832E-05 9.98832E-05 9.98832E-05 9.98832E-05 9.98832E-05 9.98832E-05 0.771761 9.98832E-05
9.99098E-05 0.083087 9.99098E-05 9.99098E-05 9.99098E-05 9.99098E-05 0.0533535 0.0590327 0.0484568 9.99098E-05 0.755071 9.99098E-05 9.99098E-05 9.99098E-05 9.99098E-05
9.9892E-05 9.9892E-05 0.978956 9.9892E-05 9.9892E-05 9.9892E-05 0.000839312 9.9892E-05 9.9892E-05 9.9892E-05 9.9892E-05 9.9892E-05 9.9892E-05 0.0190057 9.9892E-05
9.9874E-05 9.9874E-05 0.998602 9.9874E-05 9.9874E-05 9.9874E-05 9.9874E-05 9.9874E-05 9.9874E-05 9.9874E-05 9.9874E-05 9.9874E-05 9.9874E-05 9.9874E-05 9.9874E-05
9.99282E-05 9.99282E-05 0.334658 0.128464 0.0541227 0.0461579 9.99282E-05 9.99282E-05 9.99282E-05 9.99282E-05 9.99282E-05 0.0213771 0.161797 0.252624 9.99282E-05
9.99278E-05 9.99278E-05 0.149541 0.352959 9.99278E-05 0.000529721 0.0120945 9.99278E-05 0.0654824 9.99278E-05 9.99278E-05 9.99278E-05 0.0963026 0.322291 9.99278E-05
9.98744E-05 9.98744E-05 9.98744E-05 9.98744E-05 9.98744E-05 9.98744E-05 9.98744E-05 9.98744E-05 9.98744E-05 9.98744E-05 9.98744E-05 0.998602 9.98744E-05 9.98744E-05 9.98744E-05
9.9892E-05 9.9892E-05 0.234458 0.143237 9.9892E-05 9.9892E-05 9.9892E-05 9.9892E-05 9.9892E-05 9.9892E-05 9.9892E-05 9.9892E-05 9.9892E-05 0.621106 9.9892E-05
9.99102E-05 9.99102E-05 9.99102E-05 0.238834 9.99102E-05 9.99102E-05 9.99102E-05 0.00821225 0.00516477 9.99102E-05 9.99102E-05 0.00188906 0.744901 9.99102E-05 9.99102E-05
9.99277E-05 0.0132909 0.0404602 9.99277E-05 9.99277E-05 0.121038 0.0852655 0.0414104 0.226937 9.99277E-05 0.470799 9.99277E-05 9.99277E-05 9.99277E-05 9.99277E-05
9.99008E-05 9.99008E-05 0.518841 0.0573424 9.99008E-05 0.0173363 9.99008E-05 9.99008E-05 9.99008E-05 9.99008E-05 9.99008E-05 9.99008E-05 9.99008E-05 0.405382 9.99008E-05
9.9892E-05 9.9892E-05 9.9892E-05 9.9892E-05 9.9892E-05 0.0563471 9.9892E-05 0.915959 9.9892E-05 9.9892E-05 9.9892E-05 9.9892E-05 9.9892E-05 0.0264947 9.9892E-05
9.99189E-05 0.623763 9.99189E-05 9.99189E-05 9.99189E-05 9.99189E-05 9.99189E-05 0.0705289 0.0694599 0.0421744 9.99189E-05 0.192019 0.0011553 9.99189E-05 9.99189E-05
9.9883E-05 9.9883E-05 9.9883E-05 9.9883E-05 9.9883E-05 9.9883E-05 9.9883E-05 9.9883E-05 0.996844 9.9883E-05 9.9883E-05 9.9883E-05 9.9883E-05 0.00185717 9.9883E-05
0.205124 0.282625 9.99201E-05 9.99201E-05 0.0677237 0.0145066 9.99201E-05 0.217334 0.0848242 9.99201E-05 9.99201E-05 9.99201E-05 9.99201E-05 0.127063 9.99201E-05
0.171692 0.274387 9.99367E-05 9.99367E-05 0.111842 9.99367E-05 0.00593085 0.309309 0.0299236 9.99367E-05 9.99367E-05 0.00460707 9.99367E-05 0.0916088 9.99367E-05
0.0209814 0.875738 9.99189E-05 9.99189E-05 9.99189E-05 0.0064794 9.99189E-05 0.0727083 0.0166958 0.00649807 9.99189E-05 9.99189E-05 9.99189E-05 9.99189E-05 9.99189E-05
0.87146 0.0288636 9.991E-05 9.991E-05 9.991E-05 9.991E-05 9.991E-05 0.0133477 9.991E-05 9.991E-05 0.07341 9.991E-05 9.991E-05 9.991E-05 0.0119195
9.99009E-05 0.833056 9.99009E-05 9.99009E-05 9.99009E-05 0.131824 9.99009E-05 0.0143943 9.99009E-05 9.99009E-05 0.0196273 9.99009E-05 9.99009E-05 9.99009E-05 9.99009E-05
0.051401 0.374633 9.99459E-05 9.99459E-05 0.00161873 0.137676 0.0789092 0.0323618 9.99459E-05 9.99459E-05 0.188754 0.0429118 9.99459E-05 9.99459E-05 0.0911352
0.170602 0.381383 9.99279E-05 9.99279E-05 9.99279E-05 0.188547 9.99279E-05 0.0707574 9.99279E-05 0.0641145 9.99279E-05 0.080859 9.99279E-05 0.0429382 9.99279E-05
9.99279E-05 0.199706 0.0788415 9.99279E-05 9.99279E-05 0.365284 9.99279E-05 0.173292 0.0886582 9.99279E-05 0.0638494 9.99279E-05 0.0295704 9.99279E-05 9.99279E-05
9.98928E-05 9.98928E-05 9.98928E-05 9.98928E-05 0.00683068 9.98928E-05 9.98928E-05 0.986769 9.98928E-05 9.98928E-05 9.98928E-05 0.00520168 9.98928E-05 9.98928E-05 9.98928E-05
9.98742E-05 9.98742E-05 9.98742E-05 9.98742E-05 9.98742E-05 9.98742E-05 9.98742E-05 9.98742E-05 9.98742E-05 9.98742E-05 9.98742E-05 9.98742E-05 0.998602 9.98742E-05 9.98742E-05
9.98921E-05 9.98921E-05 9.98921E-05 9.98921E-05 9.98921E-05 9.98921E-05 0.0178762 9.98921E-05 9.98921E-05 0.00206629 9.98921E-05 9.98921E-05 0.978859 9.98921E-05 9.98921E-05
0.00583467 9.98922E-05 9.98922E-05 9.98922E-05 9.98922E-05 0.00225771 9.98922E-05 9.98922E-05 9.98922E-05 9.98922E-05 9.98922E-05 9.98922E-05 0.990709 9.98922E-05 9.98922E-05
9.98922E-05 0.00318054 9.98922E-05 9.98922E-05 0.0022494 9.98922E-05 9.98922E-05 9.98922E-05 9.98922E-05 9.98922E-05 9.98922E-05 9.98922E-05 0.993371 9.98922E-05 9.98922E-05
9.98742E-05 9.98742E-05 9.98742E-05 9.98742E-05 9.98742E-05 9.98742E-05 9.98742E-05 9.98742E-05 9.98742E-05 9.98742E-05 9.98742E-05 9.98742E-05 0.998602 9.98742E-05 9.98742E-05
0.0310911 0.00786553 0.105849 0.386365 0.00714055 9.99641E-05 9.99641E-05 0.00121049 0.0108172 0.00460788 9.99641E-05 0.120765 0.31731 9.99641E-05 0.0065791
9.98921E-05 9.98921E-05 9.98921E-05 9.98921E-05 9.98921E-05 9.98921E-05 9.98921E-05 0.0200969 9.98921E-05 9.98921E-05 9.98921E-05 0.0395367 0.939168 9.98921E-05 9.98921E-05
0.179847 9.98919E-05 9.98919E-05 9.98919E-05 9.98919E-05 0.00756239 9.98919E-05 0.811392 9.98919E-05 9.98919E-05 9.98919E-05 9.98919E-05 9.98919E-05 9.98919E-05 9.98919E-05
9.99099E-05 9.99099E-05 0.0164894 9.99099E-05 9.99099E-05 9.99099E-05 0.00364922 9.99099E-05 9.99099E-05 9.99099E-05 0.0280381 0.922331 0.028493 9.99099E-05 9.99099E-05
9.98828E-05 9.98828E-05 0.410853 9.98828E-05 9.98828E-05 9.98828E-05 9.98828E-05 9.98828E-05 9.98828E-05 9.98828E-05 9.98828E-05 9.98828E-05 9.98828E-05 0.587849 9.98828E-05
0.0866707 9.99101E-05 9.99101E-05 9.99101E-05 9.99101E-05 9.99101E-05 0.0190855 0.0650056 9.99101E-05 9.99101E-05 0.819756 9.99101E-05 9.99101E-05 0.00848339 9.99101E-05
0.883217 9.98922E-05 9.98922E-05 9.98922E-05 9.98922E-05 0.101612 9.98922E-05 9.98922E-05 9.98922E-05 9.98922E-05 0.0139722 9.98922E-05 9.98922E-05 9.98922E-05 9.98922E-05
9.98745E-05 9.98745E-05 9.98745E-05 9.98745E-05 9.98745E-05 9.98745E-05 9.98745E-05 9.98745E-05 9.98745E-05 9.98745E-05 0.998602 9.98745E-05 9.98745E-05 9.98745E-05 9.98745E-05
0.0106119 0.113715 9.99099E-05 9.99099E-05 9.99099E-05 9.99099E-05 9.99099E-05 0.00740889 9.99099E-05 9.99099E-05 0.86591 9.99099E-05 9.99099E-05 0.00135482 9.99099E-05
9.99188E-05 0.0455926 9.99188E-05 9.99188E-05 0.0256499 0.0779254 0.0229387 9.99188E-05 0.00350907 9.99188E-05 0.823485 9.99188E-05 9.99188E-05 9.99188E-05 9.99188E-05
9.98742E-05 9.98742E-05 9.98742E-05 9.98742E-05 9.98742E-05 9.98742E-05 9.98742E-05 9.98742E-05 9.98742E-05 0.998602 9.98742E-05 9.98742E-05 9.98742E-05 9.98742E-05 9.98742E-05
9.98925E-05 9.98925E-05 0.684254 9.98925E-05 9.98925E-05 9.98925E-05 0.00101199 9.98925E-05 9.98925E-05 9.98925E-05 9.98925E-05 9.98925E-05 9.98925E-05 0.313536 9.98925E-05
0.052459 0.15729 0.277123 9.9955E-05 0.0508192 9.9955E-05 0.0565217 0.0663652 9.9955E-05 0.016137 0.103827 9.9955E-05 0.117702 0.101256 9.9955E-05
0.0228225 9.99013E-05 9.99013E-05 0.0191394 9.99013E-05 9.99013E-05 9.99013E-05 9.99013E-05 9.99013E-05 9.99013E-05 0.00322154 9.99013E-05 9.99013E-05 0.953718 9.99013E-05
9.9919E-05 9.9919E-05 0.190357 0.023987 9.9919E-05 9.9919E-05 9.9919E-05 0.000622066 0.0262787 9.9919E-05 9.9919E-05 9.9919E-05 0.033444 0.724412 9.9919E-05
0.0178048 9.98831E-05 0.980897 9.98831E-05 9.98831E-05 9.98831E-05 9.98831E-05 9.98831E-05 9.98831E-05 9.98831E-05 9.98831E-05 9.98831E-05 9.98831E-05 9.98831E-05 9.98831E-05
9.98832E-05 9.98832E-05 0.984638 9.98832E-05 0.0140639 9.98832E-05 9.98832E-05 9.98832E-05 9.98832E-05 9.98832E-05 9.98832E-05 9.98832E-05 9.98832E-05 9.98832E-05 9.98832E-05
9.99101E-05 0.0383375 0.140076 0.0800264 9.99101E-05 9.99101E-05 9.99101E-05 9.99101E-05 9.99101E-05 9.99101E-05 9.99101E-05 0.028729 9.99101E-05 0.711832 9.99101E-05
9.98919E-05 9.98919E-05 0.430738 9.98919E-05 9.98919E-05 9.98919E-05 9.98919E-05 9.98919E-05 0.0167664 9.98919E-05 9.98919E-05 9.98919E-05 9.98919E-05 0.551297 9.98919E-05
9.98918E-05 9.98918E-05 9.98918E-05 0.862023 9.98918E-05 9.98918E-05 9.98918E-05 9.98918E-05 9.98918E-05 9.98918E-05 9.98918E-05 9.98918E-05 0.0613158 0.0754626 9.98918E-05
9.98829E-05 9.98829E-05 0.0492655 0.949436 9.98829E-05 9.98829E-05 9.98829E-05 9.98829E-05 9.98829E-05 9.98829E-05 9.98829E-05 9.98829E-05 9.98829E-05 9.98829E-05 9.98829E-05
0.00601122 9.99101E-05 0.125446 9.99101E-05 9.99101E-05 9.99101E-05 9.99101E-05 9.99101E-05 9.99101E-05 9.99101E-05 0.00871411 9.99101E-05 0.04085 0.81798 9.99101E-05
0.952242 9.9919E-05 9.9919E-05 9.9919E-05 9.9919E-05 9.9919E-05 0.0107456 9.9919E-05 0.0125924 9.9919E-05 9.9919E-05 0.00163642 0.0167094 0.00517479 9.9919E-05
0.977684 9.9892E-05 9.9892E-05 0.00712607 9.9892E-05 9.9892E-05 9.9892E-05 9.9892E-05 9.9892E-05 9.9892E-05 9.9892E-05 9.9892E-05 0.0139915 9.9892E-05 9.9892E-05
9.98832E-05 9.98832E-05 9.98832E-05 9.98832E-05 9.98832E-05 9.98832E-05 0.994561 0.00414049 9.98832E-05 9.98832E-05 9.98832E-05 9.98832E-05 9.98832E-05 9.98832E-05 9.98832E-05
9.98742E-05 9.98742E-05 9.98742E-05 9.98742E-05 9.98742E-05 9.98742E-05 0.998602 9.98742E-05 9.98742E-05 9.98742E-05 9.98742E-05 9.98742E-05 9.98742E-05 9.98742E-05 9.98742E-05
0.0812029 0.797079 9.9919E-05 9.9919E-05 0.00363207 9.9919E-05 9.9919E-05 0.0245016 9.9919E-05 9.9919E-05 0.0176589 0.0750261 9.9919E-05 9.9919E-05 9.9919E-05
0.0964397 0.77426 0.00881125 9.99189E-05 9.99189E-05 9.99189E-05 9.99189E-05 9.99189E-05 9.99189E-05 0.0104231 0.0698145 0.039352 9.99189E-05 9.99189E-05 9.99189E-05
0.00654583 9.98922E-05 9.98922E-05 9.98922E-05 9.98922E-05 9.98922E-05 0.975349 9.98922E-05 0.0169061 9.98922E-05 9.98922E-05 9.98922E-05 9.98922E-05 9.98922E-05 9.98922E-05
9.98742E-05 9.98742E-05 9.98742E-05 9.98742E-05 9.98742E-05 9.98742E-05 0.998602 9.98742E-05 9.98742E-05 9.98742E-05 9.98742E-05 9.98742E-05 9.98742E-05 9.98742E-05 9.98742E-05
9.98829E-05 9.98829E-05 9.98829E-05 9.98829E-05 9.98829E-05 9.98829E-05 9.98829E-05 0.957635 9.98829E-05 9.98829E-05 0.0410662 9.98829E-05 9.98829E-05 9.98829E-05 9.98829E-05
0.385289 0.181289 9.9919E-05 9.9919E-05 0.146057 9.9919E-05 9.9919E-05 0.0379269 9.9919E-05 9.9919E-05 0.202482 0.0460566 9.9919E-05 9.9919E-05 9.9919E-05
9.98831E-05 9.98831E-05 9.98831E-05 9.98831E-05 9.98831E-05 9.98831E-05 9.98831E-05 9.98831E-05 9.98831E-05 9.98831E-05 9.98831E-05 0.967019 0.0316828 9.98831E-05 9.98831E-05
9.9874E-05 9.9874E-05 9.9874E-05 9.9874E-05 9.9874E-05 0.998602 9.9874E-05 9.9874E-05 9.9874E-05 9.9874E-05 9.9874E-05 9.9874E-05 9.9874E-05 9.9874E-05 9.9874E-05
0.0514972 9.99191E-05 9.99191E-05 9.99191E-05 9.99191E-05 0.874858 9.99191E-05 0.00877459 0.0331594 9.99191E-05 0.0284428 9.99191E-05 9.99191E-05 9.99191E-05 0.00236925
9.99281E-05 9.99281E-05 0.40771 0.438475 9.99281E-05 9.99281E-05 0.0216091 9.99281E-05 9.99281E-05 0.00134589 9.99281E-05 9.99281E-05 0.111625 0.00307773 0.0153581
