9.99459E-05 9.99459E-05 9.99459E-05 9.99459E-05 0.0250222 0.974378 9.99459E-05 9.99459E-05
0.215265 0.0105672 9.99729E-05 9.99729E-05 0.0217934 0.168262 0.583812 9.99729E-05
0.814845 0.00799782 0.0666098 0.0534293 9.99733E-05 9.99733E-05 0.0568179 9.99733E-05
0.966707 0.0253191 9.9955E-05 9.9955E-05 0.00747375 9.9955E-05 9.9955E-05 9.9955E-05
0.410309 0.0184076 9.99821E-05 9.99821E-05 0.182393 0.024655 0.32109 0.0429454
0.971363 0.00204784 9.9955E-05 9.9955E-05 9.9955E-05 0.0260897 9.9955E-05 9.9955E-05
9.9946E-05 9.9946E-05 0.243691 9.9946E-05 9.9946E-05 9.9946E-05 0.755709 9.9946E-05
0.357616 0.0173385 9.9973E-05 9.9973E-05 0.0223775 9.9973E-05 0.441508 0.16086
9.99549E-05 9.99549E-05 0.218488 9.99549E-05 0.00734382 9.99549E-05 0.773668 9.99549E-05
9.99461E-05 9.99461E-05 9.99461E-05 9.99461E-05 0.950575 9.99461E-05 0.0488256 9.99461E-05
9.99462E-05 9.99462E-05 9.99462E-05 9.99462E-05 0.993045 9.99462E-05 0.00635495 9.99462E-05
9.9955E-05 0.11127 0.180863 9.9955E-05 9.9955E-05 0.707367 9.9955E-05 9.9955E-05
9.994E-05 9.994E-05 0.9993 9.994E-05 9.994E-05 9.994E-05 9.994E-05 9.994E-05
0.931482 9.9955E-05 9.9955E-05 0.0237679 9.9955E-05 0.0442504 9.9955E-05 9.9955E-05
0.946618 9.9946E-05 9.9946E-05 9.9946E-05 9.9946E-05 0.052782 9.9946E-05 9.9946E-05
9.99729E-05 9.99729E-05 0.357686 9.99729E-05 0.395363 0.123586 0.101032 0.0220319
9.9973E-05 0.302644 0.172088 0.0783769 0.443274 0.00331739 9.9973E-05 9.9973E-05
9.99729E-05 9.99729E-05 9.99729E-05 0.718468 0.131858 0.0623215 0.049789 0.0372629
9.9946E-05 0.081801 9.9946E-05 0.917599 9.9946E-05 9.9946E-05 9.9946E-05 9.9946E-05
9.9964E-05 0.0557059 0.0452691 9.9964E-05 0.741137 0.157488 9.9964E-05 9.9964E-05
9.994E-05 9.994E-05 9.994E-05 0.9993 9.994E-05 9.994E-05 9.994E-05 9.994E-05
9.9973E-05 0.0149548 0.148433 9.9973E-05 0.243699 0.577654 9.9973E-05 0.0149588
0.00173978 0.279917 9.99641E-05 0.394167 0.323776 9.99641E-05 9.99641E-05 9.99641E-05
9.9955E-05 0.0848328 9.9955E-05 0.8954 0.0192672 9.9955E-05 9.9955E-05 9.9955E-05
0.983796 0.00328003 9.99551E-05 9.99551E-05 9.99551E-05 9.99551E-05 9.99551E-05 0.0124241
0.9993 9.994E-05 9.994E-05 9.994E-05 9.994E-05 9.994E-05 9.994E-05 9.994E-05
9.99639E-05 0.0314674 0.80421 9.99639E-05 0.0879061 0.0760165 9.99639E-05 9.99639E-05
0.940657 9.9964E-05 0.0100806 9.9964E-05 9.9964E-05 9.9964E-05 0.0143944 0.0344681
0.916165 9.9964E-05 0.00896702 9.9964E-05 9.9964E-05 9.9964E-05 0.0323185 0.0421495
0.680734 0.0505363 9.99641E-05 0.0281119 9.99641E-05 9.99641E-05 9.99641E-05 0.240218
0.664648 0.0564062 9.9973E-05 0.00201158 9.9973E-05 9.9973E-05 0.131673 0.144962
9.9955E-05 9.9955E-05 9.9955E-05 9.9955E-05 9.9955E-05 0.0472159 0.8548 0.0974841
0.982558 9.99461E-05 9.99461E-05 9.99461E-05 9.99461E-05 9.99461E-05 0.0168426 9.99461E-05
0.0836476 9.99551E-05 9.99551E-05 9.99551E-05 9.99551E-05 9.99551E-05 0.1208 0.795052
0.0635587 0.190831 0.549415 9.99639E-05 0.195796 9.99639E-05 9.99639E-05 9.99639E-05
0.926175 9.99549E-05 0.0320381 9.99549E-05 9.99549E-05 9.99549E-05 0.0412875 9.99549E-05
0.0267231 9.99461E-05 9.99461E-05 9.99461E-05 9.99461E-05 0.972677 9.99461E-05 9.99461E-05
0.00739947 9.9982E-05 9.9982E-05 0.0188496 0.678627 0.111108 0.150345 0.0334718
0.109957 0.350337 0.1705 0.0661295 0.28981 0.0130667 9.9982E-05 9.9982E-05
0.109731 9.99549E-05 9.99549E-05 9.99549E-05 0.575382 0.314387 9.99549E-05 9.99549E-05
0.0576296 0.0201853 9.99639E-05 9.99639E-05 0.563865 0.35792 9.99639E-05 9.99639E-05
9.994E-05 9.994E-05 9.994E-05 9.994E-05 0.9993 9.994E-05 9.994E-05 9.994E-05
9.99639E-05 9.99639E-05 0.243916 9.99639E-05 0.351469 0.179248 0.224966 9.99639E-05
9.9946E-05 9.9946E-05 0.0342952 9.9946E-05 0.965105 9.9946E-05 9.9946E-05 9.9946E-05
9.9982E-05 0.110399 0.244802 0.0840537 0.501143 0.0521761 0.00722645 9.9982E-05
0.0735919 9.9982E-05 0.0519094 0.0131246 0.679562 0.174944 9.9982E-05 0.00666804
0.156083 0.0579275 0.230149 9.9982E-05 0.357058 0.165144 9.9982E-05 0.0334389
9.99463E-05 9.99463E-05 9.99463E-05 0.0124192 9.99463E-05 0.986981 9.99463E-05 9.99463E-05
9.994E-05 9.994E-05 9.994E-05 9.994E-05 9.994E-05 9.994E-05 9.994E-05 0.9993
9.994E-05 9.994E-05 9.994E-05 9.994E-05 9.994E-05 9.994E-05 9.994E-05 0.9993
9.9946E-05 9.9946E-05 9.9946E-05 9.9946E-05 0.00992686 9.9946E-05 9.9946E-05 0.989473
9.994E-05 9.994E-05 9.994E-05 9.994E-05 9.994E-05 9.994E-05 9.994E-05 0.9993
9.994E-05 9.994E-05 9.994E-05 9.994E-05 9.994E-05 9.994E-05 9.994E-05 0.9993
0.18586 9.9982E-05 0.0100155 0.0462476 0.0133487 9.9982E-05 0.279335 0.464993
9.9982E-05 0.0048689 0.0123777 9.9982E-05 0.00442177 0.0278987 0.0182732 0.93196
9.99549E-05 9.99549E-05 0.0883146 9.99549E-05 0.0317029 0.879483 9.99549E-05 9.99549E-05
0.00977052 0.039747 9.99729E-05 9.99729E-05 9.99729E-05 0.0658155 0.770339 0.114028
0.9993 9.994E-05 9.994E-05 9.994E-05 9.994E-05 9.994E-05 9.994E-05 9.994E-05
9.9964E-05 0.00801873 0.83926 9.9964E-05 9.9964E-05 0.129956 9.9964E-05 0.0223649
0.0325304 0.00206922 0.371601 9.9982E-05 0.22005 0.269073 0.104476 9.9982E-05
9.994E-05 9.994E-05 0.9993 9.994E-05 9.994E-05 9.994E-05 9.994E-05 9.994E-05
9.99549E-05 9.99549E-05 0.904262 9.99549E-05 0.0869278 0.00831035 9.99549E-05 9.99549E-05
9.99549E-05 0.0690581 0.871671 9.99549E-05 0.0587716 9.99549E-05 9.99549E-05 9.99549E-05
9.99551E-05 9.99551E-05 9.99551E-05 0.897905 0.0118561 0.0897393 9.99551E-05 9.99551E-05
0.9993 9.994E-05 9.994E-05 9.994E-05 9.994E-05 9.994E-05 9.994E-05 9.994E-05
0.361799 0.0467189 0.0861483 0.0679094 0.0896179 0.218126 0.0144547 0.115226
0.966418 9.99462E-05 0.0329828 9.99462E-05 9.99462E-05 9.99462E-05 9.99462E-05 9.99462E-05
0.952082 9.9955E-05 9.9955E-05 9.9955E-05 9.9955E-05 0.0358488 9.9955E-05 0.011569
0.903384 9.99549E-05 9.99549E-05 9.99549E-05 9.99549E-05 9.99549E-05 0.0660618 0.0300544
0.93733 9.9955E-05 9.9955E-05 9.9955E-05 9.9955E-05 0.00288211 0.0592883 9.9955E-05
0.898693 0.00366561 9.99731E-05 9.99731E-05 0.0697827 0.0227899 0.00476874 9.99731E-05
0.990092 9.99463E-05 9.99463E-05 9.99463E-05 0.0093085 9.99463E-05 9.99463E-05 9.99463E-05
0.427876 9.99552E-05 9.99552E-05 9.99552E-05 9.99552E-05 9.99552E-05 0.380404 0.19122
0.418214 9.99642E-05 0.0367224 9.99642E-05 9.99642E-05 9.99642E-05 0.539335 0.00532833
0.962297 9.9955E-05 9.9955E-05 9.9955E-05 9.9955E-05 0.020653 9.9955E-05 0.0165499
0.0248799 0.0237211 0.115391 9.9982E-05 0.430584 0.154903 0.250321 9.9982E-05
0.0262847 0.0473051 0.148097 9.9991E-05 0.389063 0.0894551 0.298374 0.00132147
9.994E-05 0.9993 9.994E-05 9.994E-05 9.994E-05 9.994E-05 9.994E-05 9.994E-05
9.994E-05 0.9993 9.994E-05 9.994E-05 9.994E-05 9.994E-05 9.994E-05 9.994E-05
9.99549E-05 9.99549E-05 9.99549E-05 9.99549E-05 0.888567 0.0192538 0.0916793 9.99549E-05
9.9964E-05 9.9964E-05 0.0609587 9.9964E-05 0.876486 0.00240683 0.0597481 9.9964E-05
9.9946E-05 0.974181 9.9946E-05 9.9946E-05 9.9946E-05 9.9946E-05 0.0252189 9.9946E-05
9.994E-05 0.9993 9.994E-05 9.994E-05 9.994E-05 9.994E-05 9.994E-05 9.994E-05
9.99549E-05 9.99549E-05 0.0247266 9.99549E-05 9.99549E-05 0.97104 9.99549E-05 0.00373342
9.9973E-05 9.9973E-05 0.24644 0.0563679 0.460663 0.101144 0.135084 9.9973E-05
9.99549E-05 9.99549E-05 9.99549E-05 9.99549E-05 9.99549E-05 0.0630675 0.812822 0.123611
0.0553754 0.227084 0.351081 0.0880653 0.278094 9.99731E-05 9.99731E-05 9.99731E-05
9.9964E-05 0.311314 0.405648 0.0865427 9.9964E-05 0.196096 9.9964E-05 9.9964E-05
0.603224 9.99641E-05 9.99641E-05 0.0569097 9.99641E-05 9.99641E-05 0.218058 0.121408
