9.9982E-05 0.969392 0.0243699 0.00603762 9.9982E-05
9.999E-05 0.375673 0.0123077 0.313372 0.298547
0.0604508 0.0155077 0.0807433 0.808838 0.0344599
9.9973E-05 9.9973E-05 0.0245175 0.975183 9.9973E-05
9.99821E-05 0.275165 9.99821E-05 0.44389 0.280745
9.997E-05 9.997E-05 9.997E-05 0.9996 9.997E-05
9.99821E-05 0.587934 9.99821E-05 0.0434379 0.368428
9.999E-05 0.0545514 0.0387501 0.468854 0.437744
9.99821E-05 0.584683 9.99821E-05 0.0296748 0.385442
9.9982E-05 0.743 0.102554 9.9982E-05 0.154246
9.9982E-05 0.765771 0.130116 9.9982E-05 0.103913
9.9982E-05 0.780522 0.146871 0.0724066 9.9982E-05
9.99821E-05 0.924927 0.00642533 0.0684482 9.99821E-05
0.0170691 9.9982E-05 0.00592837 0.976803 9.9982E-05
0.020752 0.0314012 9.9982E-05 0.947647 9.9982E-05
9.999E-05 0.910228 0.0160301 0.0421545 0.0314872
0.056392 0.523357 0.420051 9.9982E-05 9.9982E-05
0.737446 0.162486 9.9982E-05 9.9982E-05 0.0998681
0.93168 9.9973E-05 0.0680198 9.9973E-05 9.9973E-05
9.9973E-05 0.826132 0.173568 9.9973E-05 9.9973E-05
0.9996 9.997E-05 9.997E-05 9.997E-05 9.997E-05
9.9982E-05 0.947039 0.0477738 9.9982E-05 0.00498761
0.426878 0.0907247 0.420545 9.9991E-05 0.0617527
0.887096 9.9973E-05 0.112604 9.9973E-05 9.9973E-05
9.997E-05 9.997E-05 9.997E-05 0.9996 9.997E-05
9.997E-05 9.997E-05 9.997E-05 0.9996 9.997E-05
9.9973E-05 0.930469 0.0692313 9.9973E-05 9.9973E-05
9.9973E-05 9.9973E-05 9.9973E-05 0.917066 0.082634
9.9973E-05 9.9973E-05 9.9973E-05 0.916727 0.0829729
0.0421159 9.9991E-05 0.0299002 0.684405 0.243479
0.0100392 9.9991E-05 0.0608858 0.69574 0.233235
9.99821E-05 0.289011 9.99821E-05 0.110159 0.60063
9.997E-05 9.997E-05 9.997E-05 0.9996 9.997E-05
9.9982E-05 0.000670451 9.9982E-05 0.125876 0.873253
9.9982E-05 0.690877 0.249565 0.0593577 9.9982E-05
9.997E-05 9.997E-05 9.997E-05 0.9996 9.997E-05
9.99821E-05 0.890598 0.0165707 0.0926309 9.99821E-05
0.0366761 0.72487 0.0136467 0.0222999 0.202507
0.0390161 0.384277 0.43666 0.139946 9.9991E-05
0.00425489 0.795386 0.0606219 0.139637 9.9991E-05
0.00800909 0.790873 0.0879553 0.113062 9.9991E-05
0.0230935 0.83112 0.114598 9.9991E-05 0.0310879
9.9973E-05 0.937201 9.9973E-05 9.9973E-05 0.062499
0.00599289 0.75424 0.152394 9.9991E-05 0.0872731
0.130482 0.635938 0.206487 9.9991E-05 0.0269933
0.0532372 0.729964 0.093628 0.0761161 0.0470552
0.0120565 0.667995 0.142135 0.118779 0.0590347
0.0450521 0.913371 9.99822E-05 9.99822E-05 0.0413771
9.997E-05 9.997E-05 9.997E-05 9.997E-05 0.9996
9.997E-05 9.997E-05 9.997E-05 9.997E-05 0.9996
0.00166535 9.9973E-05 9.9973E-05 9.9973E-05 0.998035
9.997E-05 9.997E-05 9.997E-05 9.997E-05 0.9996
9.997E-05 9.997E-05 9.997E-05 9.997E-05 0.9996
0.0302881 0.0908966 9.9991E-05 0.272258 0.606458
9.997E-05 9.997E-05 9.997E-05 9.997E-05 0.9996
9.997E-05 0.9996 9.997E-05 9.997E-05 9.997E-05
9.9982E-05 0.32685 9.9982E-05 0.11422 0.55873
9.997E-05 9.997E-05 9.997E-05 0.9996 9.997E-05
9.99731E-05 0.939137 0.0605633 9.99731E-05 9.99731E-05
9.9982E-05 0.905947 0.00916853 0.084685 9.9982E-05
0.0252058 0.974494 9.99732E-05 9.99732E-05 9.99732E-05
9.9973E-05 0.993998 0.00570233 9.9973E-05 9.9973E-05
0.0124485 0.920527 0.0668244 9.9982E-05 9.9982E-05
0.930569 0.0419167 9.9982E-05 9.9982E-05 0.0273138
9.997E-05 9.997E-05 9.997E-05 0.9996 9.997E-05
0.0474047 0.427593 0.120895 0.222129 0.181978
9.997E-05 9.997E-05 9.997E-05 0.9996 9.997E-05
9.9982E-05 0.00608865 9.9982E-05 0.969708 0.0240033
9.9973E-05 9.9973E-05 9.9973E-05 0.870179 0.129521
0.00132897 9.9982E-05 9.9982E-05 0.929822 0.0686488
9.9991E-05 0.0256218 0.0377463 0.92747 0.00906171
9.997E-05 9.997E-05 9.997E-05 0.9996 9.997E-05
9.99821E-05 0.0120768 9.99821E-05 0.508915 0.478808
0.0116734 0.098327 9.99911E-05 0.535576 0.354324
9.9991E-05 0.001382 0.0178166 0.958986 0.0217157
9.9991E-05 0.74031 0.0718864 0.0323408 0.155363
9.9991E-05 0.780803 0.032154 0.0456726 0.14127
9.997E-05 9.997E-05 0.9996 9.997E-05 9.997E-05
9.997E-05 9.997E-05 0.9996 9.997E-05 9.997E-05
0.00736004 0.802554 0.0896771 9.9991E-05 0.100309
0.0131664 0.830934 0.0683598 9.9991E-05 0.0874394
9.997E-05 9.997E-05 0.9996 9.997E-05 9.997E-05
9.997E-05 9.997E-05 0.9996 9.997E-05 9.997E-05
9.9973E-05 0.971244 9.9973E-05 9.9973E-05 0.0284558
0.0572066 0.897045 9.9982E-05 9.9982E-05 0.0455487
9.9982E-05 0.32201 9.9982E-05 0.0797704 0.59802
0.127826 0.513557 0.301019 0.0574988 9.9991E-05
0.0775599 0.590181 0.328925 0.00323353 9.9991E-05
0.0320776 9.9991E-05 0.0445969 0.602484 0.320741
