0.9995 9.996E-05 9.996E-05 9.996E-05 9.996E-05 9.996E-05
0.431904 0.290772 9.9973E-05 9.9973E-05 0.277024 9.9973E-05
9.999E-05 0.816947 0.067012 0.0251256 0.0308214 0.059994
9.9964E-05 0.967089 9.9964E-05 9.9964E-05 9.9964E-05 0.0325114
0.281553 0.431163 9.99731E-05 9.99731E-05 0.286985 9.99731E-05
9.996E-05 0.9995 9.996E-05 9.996E-05 9.996E-05 9.996E-05
9.99731E-05 0.00339792 0.607417 9.99731E-05 0.388885 9.99731E-05
0.11206 0.412377 9.9982E-05 9.9982E-05 0.466955 0.00840804
0.116165 9.99731E-05 0.440276 9.99731E-05 0.44326 9.99731E-05
0.794336 9.99731E-05 9.99731E-05 9.99731E-05 0.117394 0.0879707
0.754904 9.9982E-05 0.0514348 9.9982E-05 0.109036 0.084425
0.640957 0.0264642 0.205344 9.9982E-05 9.9982E-05 0.127035
9.9964E-05 0.00288417 0.996716 9.9964E-05 9.9964E-05 9.9964E-05
0.00410054 0.960779 9.9982E-05 0.0268739 9.9982E-05 0.00804661
0.0427519 0.95531 9.9973E-05 0.0016386 9.9973E-05 9.9973E-05
0.608201 0.00305536 0.334031 9.9991E-05 0.0527282 0.0018845
0.384112 9.9982E-05 0.187127 0.0705196 9.9982E-05 0.358042
0.227095 9.99729E-05 9.99729E-05 0.725762 0.0468435 9.99729E-05
9.9964E-05 9.9964E-05 9.9964E-05 0.91475 9.9964E-05 0.0848498
0.828424 9.9973E-05 0.0475648 9.9973E-05 9.9973E-05 0.123712
9.9964E-05 0.000115123 9.9964E-05 0.999485 9.9964E-05 9.9964E-05
0.918802 9.9973E-05 0.0570098 9.9973E-05 9.9973E-05 0.0238884
0.109371 9.9982E-05 9.9982E-05 0.419526 0.0869447 0.383958
9.9964E-05 9.9964E-05 9.9964E-05 0.936998 9.9964E-05 0.0626019
9.996E-05 0.9995 9.996E-05 9.996E-05 9.996E-05 9.996E-05
9.996E-05 0.9995 9.996E-05 9.996E-05 9.996E-05 9.996E-05
0.199445 9.99729E-05 0.731247 9.99729E-05 9.99729E-05 0.0690072
9.9973E-05 0.924466 0.00971595 9.9973E-05 0.0655177 9.9973E-05
9.9973E-05 0.925547 0.0126804 9.9973E-05 0.0614729 9.9973E-05
9.9982E-05 0.65702 9.9982E-05 0.0211079 0.279103 0.0425692
9.99731E-05 0.634347 9.99731E-05 9.99731E-05 0.316222 0.0491319
0.327033 0.0941535 9.99732E-05 9.99732E-05 0.578514 9.99732E-05
9.99641E-05 0.997512 9.99641E-05 9.99641E-05 9.99641E-05 0.00208812
9.99731E-05 0.0576485 9.99731E-05 9.99731E-05 0.93685 0.00520149
0.168372 0.0410236 0.549968 9.99819E-05 9.99819E-05 0.240436
9.99729E-05 0.952552 0.0356886 9.99729E-05 9.99729E-05 0.0114594
0.947212 0.0523882 9.99642E-05 9.99642E-05 9.99642E-05 9.99642E-05
0.775214 0.0253076 9.9982E-05 0.0408764 0.158402 9.9982E-05
0.238721 0.0873854 0.21181 0.0497291 9.9991E-05 0.412255
0.875461 0.116287 9.99729E-05 9.99729E-05 9.99729E-05 0.00795171
0.890949 0.0898502 9.9973E-05 9.9973E-05 9.9973E-05 0.0189008
0.915137 9.9982E-05 9.9982E-05 0.0214197 0.00929035 0.0539531
0.670754 9.9973E-05 0.264928 9.9973E-05 0.0640187 9.9973E-05
0.834608 9.9991E-05 0.00925041 0.0202724 0.0530109 0.082758
0.495442 9.9991E-05 0.166088 0.115851 0.029548 0.192972
0.699559 0.0591712 0.0562523 0.0451718 0.0762227 0.0636232
0.42643 0.0969453 0.211584 9.9991E-05 0.0845892 0.180351
0.98311 9.99644E-05 9.99644E-05 0.0164901 9.99644E-05 9.99644E-05
9.996E-05 9.996E-05 9.996E-05 9.996E-05 0.9995 9.996E-05
9.996E-05 9.996E-05 9.996E-05 9.996E-05 0.9995 9.996E-05
9.99639E-05 9.99639E-05 9.99639E-05 9.99639E-05 0.999076 0.000523735
9.996E-05 9.996E-05 9.996E-05 9.996E-05 0.9995 9.996E-05
9.996E-05 9.996E-05 9.996E-05 9.996E-05 0.9995 9.996E-05
0.109065 0.195538 0.0129377 0.0286985 0.62153 0.0322302
0.0185305 9.99639E-05 9.99639E-05 9.99639E-05 0.98107 9.99639E-05
0.986257 9.9964E-05 0.0133429 9.9964E-05 9.9964E-05 9.9964E-05
0.331909 0.0929231 9.9973E-05 9.9973E-05 0.574868 9.9973E-05
9.996E-05 0.9995 9.996E-05 9.996E-05 9.996E-05 9.996E-05
0.0575392 9.9973E-05 0.890758 9.9973E-05 9.9973E-05 0.0514027
0.58007 0.0749834 0.344646 9.9973E-05 9.9973E-05 9.9973E-05
9.996E-05 9.996E-05 0.9995 9.996E-05 9.996E-05 9.996E-05
0.131127 9.99729E-05 0.86502 9.99729E-05 9.99729E-05 0.00355246
0.0457499 9.99729E-05 0.873822 9.99729E-05 9.99729E-05 0.0801285
0.0789816 9.99641E-05 9.99641E-05 0.920619 9.99641E-05 9.99641E-05
9.996E-05 0.9995 9.996E-05 9.996E-05 9.996E-05 9.996E-05
0.287288 0.290055 0.101356 0.0350872 0.229943 0.0562716
9.99641E-05 0.967539 0.0320611 9.99641E-05 9.99641E-05 9.99641E-05
0.0104999 0.97221 9.9973E-05 9.9973E-05 0.0169899 9.9973E-05
0.00595278 0.895744 0.0188715 9.9982E-05 0.0792319 9.9982E-05
9.9964E-05 0.927477 9.9964E-05 9.9964E-05 0.0721229 9.9964E-05
0.0896538 0.903603 9.99731E-05 9.99731E-05 9.99731E-05 0.00644373
9.9964E-05 0.978499 9.9964E-05 9.9964E-05 0.0211007 9.9964E-05
9.99642E-05 0.45794 9.99642E-05 9.99642E-05 0.541661 9.99642E-05
9.99732E-05 0.439325 0.200896 9.99732E-05 0.359479 9.99732E-05
0.0330128 0.958971 9.9973E-05 9.9973E-05 9.9973E-05 0.00771632
0.665677 0.0551411 0.142325 9.9991E-05 0.102819 0.0339378
0.618311 0.00764186 0.178516 9.9991E-05 0.153427 0.0420042
9.996E-05 9.996E-05 9.996E-05 9.996E-05 9.996E-05 0.9995
9.996E-05 9.996E-05 9.996E-05 9.996E-05 9.996E-05 0.9995
0.826489 9.9991E-05 0.0173545 0.00100399 0.0994437 0.0556084
0.770047 9.9991E-05 0.118783 0.0089566 0.085059 0.0170538
9.996E-05 9.996E-05 9.996E-05 9.996E-05 9.996E-05 0.9995
9.996E-05 9.996E-05 9.996E-05 9.996E-05 9.996E-05 0.9995
0.968737 9.99641E-05 0.0308629 9.99641E-05 9.99641E-05 9.99641E-05
0.605748 0.0031934 0.320468 0.0513488 0.0191415 9.9991E-05
0.316747 0.0882037 9.9973E-05 9.9973E-05 0.594749 9.9973E-05
0.182727 0.0551748 0.354713 0.115369 9.9991E-05 0.291917
0.204867 0.00251297 0.381148 0.0760798 9.9991E-05 0.335292
9.99821E-05 0.577325 9.99821E-05 0.0437932 0.34125 0.0374314
