9.996E-05 9.996E-05 9.996E-05 9.996E-05 9.996E-05 0.9995
9.9973E-05 9.9973E-05 0.217882 0.338108 9.9973E-05 0.44371
0.0915254 0.0306107 0.0348779 0.77653 0.0663562 9.99911E-05
9.9964E-05 9.9964E-05 9.9964E-05 0.96162 0.0379801 9.9964E-05
9.99731E-05 9.99731E-05 0.258277 0.44114 9.99731E-05 0.300283
9.9964E-05 9.9964E-05 9.9964E-05 0.970687 0.0289131 9.9964E-05
0.625036 9.99821E-05 0.368863 0.00464484 9.99821E-05 0.00125574
9.9982E-05 9.9982E-05 0.439387 0.393235 0.0295935 0.137585
0.437353 9.99821E-05 0.409162 0.0108911 9.99821E-05 0.142394
0.0142829 9.99821E-05 0.128154 9.99821E-05 0.0639734 0.79339
0.0626512 9.99821E-05 0.0825301 9.99821E-05 0.0723525 0.782266
0.187598 9.9982E-05 9.9982E-05 0.0362456 0.133223 0.642733
0.9995 9.996E-05 9.996E-05 9.996E-05 9.996E-05 9.996E-05
9.9982E-05 0.0226009 9.9982E-05 0.960645 0.00752812 0.00902643
9.9964E-05 9.9964E-05 9.9964E-05 0.960832 9.9964E-05 0.0387677
0.313915 9.9982E-05 0.0677293 9.9982E-05 0.00991245 0.608244
0.15007 0.0941019 9.9991E-05 0.00150011 0.37598 0.378248
9.9973E-05 0.728286 0.0659415 9.9973E-05 9.9973E-05 0.205472
9.9964E-05 0.924826 9.9964E-05 9.9964E-05 0.0747745 9.9964E-05
0.0569875 9.9973E-05 9.9973E-05 9.9973E-05 0.108029 0.834684
9.996E-05 0.9995 9.996E-05 9.996E-05 9.996E-05 9.996E-05
0.0477997 9.9964E-05 9.9964E-05 9.9964E-05 9.9964E-05 0.9518
9.9982E-05 0.429329 0.073756 9.9982E-05 0.401983 0.0947315
9.99639E-05 0.9148 9.99639E-05 9.99639E-05 0.0848001 9.99639E-05
9.996E-05 9.996E-05 9.996E-05 0.9995 9.996E-05 9.996E-05
9.996E-05 9.996E-05 9.996E-05 0.9995 9.996E-05 9.996E-05
0.768598 9.99729E-05 9.99729E-05 9.99729E-05 0.0816184 0.149483
0.00992562 9.9973E-05 0.0359544 0.95382 9.9973E-05 9.9973E-05
0.0197882 9.9973E-05 0.0715688 0.908343 9.9973E-05 9.9973E-05
9.9982E-05 0.0386297 0.244213 0.677841 0.0391164 9.9982E-05
9.9973E-05 9.9973E-05 0.310413 0.631399 0.0578884 9.9973E-05
9.99732E-05 9.99732E-05 0.556888 0.134699 9.99732E-05 0.308113
9.99641E-05 9.99641E-05 9.99641E-05 0.992177 0.00742352 9.99641E-05
9.9973E-05 9.9973E-05 0.905336 0.0936049 0.000759145 9.9973E-05
0.536461 9.99819E-05 9.99819E-05 0.071089 0.254659 0.137591
0.029714 9.99639E-05 9.99639E-05 0.969886 9.99639E-05 9.99639E-05
9.99642E-05 9.99642E-05 9.99642E-05 0.0513759 9.99642E-05 0.948224
9.9982E-05 0.0444291 0.149722 0.015279 9.9982E-05 0.79037
0.136935 0.0545836 9.9991E-05 0.110492 0.451452 0.246437
9.99729E-05 9.99729E-05 9.99729E-05 0.111661 0.0159777 0.872061
9.9982E-05 0.0100855 9.9982E-05 0.075294 0.0158397 0.898581
0.0112827 0.0347757 0.0239438 9.9991E-05 0.0422444 0.887653
0.263117 9.9973E-05 0.0548132 9.9973E-05 9.9973E-05 0.68177
0.0346279 9.9982E-05 0.0465513 9.9982E-05 0.0940175 0.824603
0.165938 0.118703 0.013967 9.9991E-05 0.171507 0.529785
0.0764389 0.0513097 0.05167 0.0773585 0.0416299 0.701593
0.22351 9.9991E-05 0.0560054 0.100846 0.155377 0.464162
9.99644E-05 0.013992 9.99644E-05 9.99644E-05 9.99644E-05 0.985608
9.996E-05 9.996E-05 0.9995 9.996E-05 9.996E-05 9.996E-05
9.996E-05 9.996E-05 0.9995 9.996E-05 9.996E-05 9.996E-05
9.996E-05 9.996E-05 0.9995 9.996E-05 9.996E-05 9.996E-05
9.996E-05 9.996E-05 0.9995 9.996E-05 9.996E-05 9.996E-05
9.996E-05 9.996E-05 0.9995 9.996E-05 9.996E-05 9.996E-05
0.0453832 0.04076 0.589438 0.247874 0.0529567 0.0235884
9.99639E-05 9.99639E-05 0.976648 9.99639E-05 0.0229521 9.99639E-05
0.0271542 9.9964E-05 9.9964E-05 9.9964E-05 9.9964E-05 0.972446
9.9973E-05 9.9973E-05 0.471566 0.166675 9.9973E-05 0.361459
9.996E-05 9.996E-05 9.996E-05 0.9995 9.996E-05 9.996E-05
0.889191 9.9973E-05 9.9973E-05 9.9973E-05 0.060915 0.0495937
0.300926 9.9973E-05 9.9973E-05 0.0787254 9.9973E-05 0.620049
0.9995 9.996E-05 9.996E-05 9.996E-05 9.996E-05 9.996E-05
0.869231 9.99639E-05 9.99639E-05 9.99639E-05 9.99639E-05 0.130369
0.827811 0.000217864 9.99819E-05 9.99819E-05 0.118424 0.0533464
9.99731E-05 0.905695 0.0178791 9.99731E-05 9.99731E-05 0.0761257
9.996E-05 9.996E-05 9.996E-05 0.9995 9.996E-05 9.996E-05
0.0792283 0.0330445 0.165131 0.281974 0.0881831 0.352439
0.0162258 9.99641E-05 9.99641E-05 0.983374 9.99641E-05 9.99641E-05
9.9973E-05 9.9973E-05 0.00993605 0.988629 9.9973E-05 0.00113543
0.00304045 9.9973E-05 0.0872753 0.909384 9.9973E-05 9.9973E-05
0.0162932 9.9973E-05 0.0557055 0.927701 9.9973E-05 9.9973E-05
9.99731E-05 9.99731E-05 9.99731E-05 0.936852 0.0147182 0.0481302
9.9973E-05 9.9973E-05 9.9973E-05 0.984884 0.00577124 0.00904446
0.0274387 9.99732E-05 0.464562 0.507699 9.99732E-05 9.99732E-05
0.192942 9.99732E-05 0.348679 0.45808 9.99732E-05 9.99732E-05
9.9973E-05 9.9973E-05 9.9973E-05 0.970526 0.00114063 0.028033
0.106226 9.9991E-05 0.0735744 0.0887329 0.0253559 0.706011
0.144121 9.9991E-05 0.125496 0.0470863 0.0362079 0.646989
9.996E-05 9.996E-05 9.996E-05 9.996E-05 0.9995 9.996E-05
9.996E-05 9.996E-05 9.996E-05 9.996E-05 0.9995 9.996E-05
0.00904149 9.9982E-05 0.0810247 9.9982E-05 0.0341119 0.875622
0.127164 0.0215806 0.0699284 9.9982E-05 9.9982E-05 0.781127
9.996E-05 9.996E-05 9.996E-05 9.996E-05 0.9995 9.996E-05
9.996E-05 9.996E-05 9.996E-05 9.996E-05 0.9995 9.996E-05
0.0477262 9.99641E-05 9.99641E-05 9.99641E-05 9.99641E-05 0.951874
0.267794 0.0650084 0.0335692 0.00754278 9.9991E-05 0.625986
9.9973E-05 9.9973E-05 0.505849 0.132639 9.9973E-05 0.361212
0.299941 0.131815 9.9991E-05 0.0625235 0.298141 0.207481
0.403178 0.0713672 9.9982E-05 9.9982E-05 0.325967 0.199288
9.99821E-05 0.0305477 0.362003 0.584291 0.0229582 9.99821E-05
