9.98648E-05 0.044839 9.98648E-05 9.98648E-05 9.98648E-05 9.98648E-05 9.98648E-05 9.98648E-05 0.945155 9.98648E-05 0.00850757 9.98648E-05 9.98648E-05 9.98648E-05 9.98648E-05 9.98648E-05 9.98648E-05 9.98648E-05
0.0290073 9.98739E-05 9.98739E-05 0.171589 9.98739E-05 9.98739E-05 9.98739E-05 9.98739E-05 9.98739E-05 0.676383 9.98739E-05 0.121622 9.98739E-05 9.98739E-05 9.98739E-05 9.98739E-05 9.98739E-05 9.98739E-05
9.98403E-05 9.98403E-05 9.98403E-05 9.98403E-05 0.998303 9.98403E-05 9.98403E-05 9.98403E-05 9.98403E-05 9.98403E-05 9.98403E-05 9.98403E-05 9.98403E-05 9.98403E-05 9.98403E-05 9.98403E-05 9.98403E-05 9.98403E-05
9.98831E-05 9.98831E-05 9.98831E-05 9.98831E-05 0.00492028 0.0653623 9.98831E-05 0.0365165 9.98831E-05 9.98831E-05 0.00389172 0.888011 9.98831E-05 9.98831E-05 9.98831E-05 9.98831E-05 9.98831E-05 9.98831E-05
0.00995309 0.175911 9.99102E-05 9.99102E-05 9.99102E-05 9.99102E-05 9.99102E-05 0.0606047 9.99102E-05 0.172288 9.99102E-05 0.336193 0.0760683 9.99102E-05 9.99102E-05 0.0201358 0.147847 9.99102E-05
9.98472E-05 9.98472E-05 9.98472E-05 9.98472E-05 9.98472E-05 9.98472E-05 9.98472E-05 9.98472E-05 9.98472E-05 9.98472E-05 9.98472E-05 0.998303 9.98472E-05 9.98472E-05 9.98472E-05 9.98472E-05 9.98472E-05 9.98472E-05
9.98472E-05 9.98472E-05 9.98472E-05 9.98472E-05 9.98472E-05 9.98472E-05 9.98472E-05 9.98472E-05 9.98472E-05 9.98472E-05 9.98472E-05 9.98472E-05 9.98472E-05 9.98472E-05 9.98472E-05 9.98472E-05 0.998303 9.98472E-05
9.99099E-05 0.0453144 9.99099E-05 9.99099E-05 0.0241275 9.99099E-05 9.99099E-05 0.0784971 9.99099E-05 0.168322 0.00828174 0.0423951 0.385984 9.99099E-05 9.99099E-05 0.246079 9.99099E-05 9.99099E-05
9.98651E-05 9.98651E-05 9.98651E-05 9.98651E-05 9.98651E-05 9.98651E-05 9.98651E-05 0.00652873 9.98651E-05 0.0498068 9.98651E-05 9.98651E-05 9.98651E-05 9.98651E-05 9.98651E-05 9.98651E-05 0.942167 9.98651E-05
9.9856E-05 0.93936 9.9856E-05 9.9856E-05 9.9856E-05 9.9856E-05 9.9856E-05 9.9856E-05 9.9856E-05 9.9856E-05 9.9856E-05 9.9856E-05 9.9856E-05 9.9856E-05 9.9856E-05 9.9856E-05 0.0590427 9.9856E-05
9.98561E-05 0.963685 9.98561E-05 9.98561E-05 9.98561E-05 9.98561E-05 9.98561E-05 9.98561E-05 9.98561E-05 9.98561E-05 9.98561E-05 9.98561E-05 9.98561E-05 9.98561E-05 9.98561E-05 9.98561E-05 0.0347169 9.98561E-05
9.98742E-05 9.98742E-05 0.169937 9.98742E-05 9.98742E-05 0.0310093 9.98742E-05 9.98742E-05 0.665268 9.98742E-05 0.132387 9.98742E-05 9.98742E-05 9.98742E-05 9.98742E-05 9.98742E-05 9.98742E-05 9.98742E-05
9.98653E-05 9.98653E-05 0.968415 9.98653E-05 9.98653E-05 9.98653E-05 9.98653E-05 9.98653E-05 9.98653E-05 9.98653E-05 9.98653E-05 9.98653E-05 0.0211809 9.98653E-05 9.98653E-05 9.98653E-05 0.00890641 9.98653E-05
9.98741E-05 9.98741E-05 9.98741E-05 9.98741E-05 9.98741E-05 9.98741E-05 0.0100949 9.98741E-05 9.98741E-05 0.000350636 9.98741E-05 0.973414 9.98741E-05 0.0147425 9.98741E-05 9.98741E-05 9.98741E-05 9.98741E-05
9.98741E-05 9.98741E-05 9.98741E-05 0.0110034 9.98741E-05 9.98741E-05 9.98741E-05 9.98741E-05 0.00347566 9.98741E-05 9.98741E-05 0.957339 9.98741E-05 0.0267838 9.98741E-05 9.98741E-05 9.98741E-05 9.98741E-05
0.0127857 0.0117117 0.138152 9.98741E-05 9.98741E-05 9.98741E-05 9.98741E-05 9.98741E-05 9.98741E-05 9.98741E-05 9.98741E-05 9.98741E-05 9.98741E-05 9.98741E-05 0.835953 9.98741E-05 9.98741E-05 9.98741E-05
0.906414 0.0821435 9.98648E-05 9.98648E-05 9.98648E-05 9.98648E-05 9.98648E-05 9.98648E-05 9.98648E-05 9.98648E-05 9.98648E-05 9.98648E-05 9.98648E-05 0.0099445 9.98648E-05 9.98648E-05 9.98648E-05 9.98648E-05
9.9847E-05 9.9847E-05 9.9847E-05 9.9847E-05 9.9847E-05 9.9847E-05 9.9847E-05 9.9847E-05 9.9847E-05 9.9847E-05 9.9847E-05 9.9847E-05 9.9847E-05 0.998303 9.9847E-05 9.9847E-05 9.9847E-05 9.9847E-05
9.98561E-05 9.98561E-05 9.98561E-05 9.98561E-05 9.98561E-05 9.98561E-05 0.100047 9.98561E-05 9.98561E-05 9.98561E-05 9.98561E-05 9.98561E-05 9.98561E-05 9.98561E-05 9.98561E-05 9.98561E-05 9.98561E-05 0.898356
0.0777497 0.416295 9.98828E-05 9.98828E-05 9.98828E-05 9.98828E-05 9.98828E-05 9.98828E-05 0.111313 9.98828E-05 0.0233542 9.98828E-05 9.98828E-05 9.98828E-05 0.36999 9.98828E-05 9.98828E-05 9.98828E-05
9.98651E-05 9.98651E-05 9.98651E-05 9.98651E-05 9.98651E-05 9.98651E-05 0.104377 9.98651E-05 9.98651E-05 9.98651E-05 9.98651E-05 9.98651E-05 9.98651E-05 0.278529 9.98651E-05 9.98651E-05 9.98651E-05 0.615596
0.0517794 9.9883E-05 9.9883E-05 0.234427 9.9883E-05 9.9883E-05 9.9883E-05 9.9883E-05 0.441257 9.9883E-05 0.0154709 9.9883E-05 9.9883E-05 9.9883E-05 0.255767 9.9883E-05 9.9883E-05 9.9883E-05
0.169913 0.17972 9.9883E-05 9.9883E-05 9.9883E-05 9.9883E-05 9.9883E-05 9.9883E-05 9.9883E-05 9.9883E-05 0.127279 9.9883E-05 9.9883E-05 9.9883E-05 9.9883E-05 0.0397728 9.9883E-05 0.482016
9.98649E-05 0.0200523 9.98649E-05 0.0030778 9.98649E-05 9.98649E-05 9.98649E-05 9.98649E-05 9.98649E-05 9.98649E-05 9.98649E-05 9.98649E-05 9.98649E-05 9.98649E-05 9.98649E-05 9.98649E-05 9.98649E-05 0.975372
9.98743E-05 9.98743E-05 9.98743E-05 9.98743E-05 0.0201194 0.569017 9.98743E-05 9.98743E-05 9.98743E-05 9.98743E-05 9.98743E-05 0.38948 0.0199852 9.98743E-05 9.98743E-05 9.98743E-05 9.98743E-05 9.98743E-05
9.98562E-05 9.98562E-05 9.98562E-05 9.98562E-05 9.98562E-05 0.186719 9.98562E-05 9.98562E-05 9.98562E-05 9.98562E-05 9.98562E-05 0.811683 9.98562E-05 9.98562E-05 9.98562E-05 9.98562E-05 9.98562E-05 9.98562E-05
0.0200094 0.0960369 0.784312 9.98919E-05 9.98919E-05 9.98919E-05 9.98919E-05 9.98919E-05 0.033198 9.98919E-05 0.031792 9.98919E-05 9.98919E-05 9.98919E-05 0.0334532 9.98919E-05 9.98919E-05 9.98919E-05
9.98472E-05 9.98472E-05 9.98472E-05 9.98472E-05 9.98472E-05 0.998303 9.98472E-05 9.98472E-05 9.98472E-05 9.98472E-05 9.98472E-05 9.98472E-05 9.98472E-05 9.98472E-05 9.98472E-05 9.98472E-05 9.98472E-05 9.98472E-05
9.98472E-05 9.98472E-05 9.98472E-05 9.98472E-05 9.98472E-05 0.998303 9.98472E-05 9.98472E-05 9.98472E-05 9.98472E-05 9.98472E-05 9.98472E-05 9.98472E-05 9.98472E-05 9.98472E-05 9.98472E-05 9.98472E-05 9.98472E-05
0.0145759 9.99012E-05 9.99012E-05 9.99012E-05 0.0764654 0.146849 0.0102273 0.117608 9.99012E-05 9.99012E-05 9.99012E-05 0.203127 9.99012E-05 9.99012E-05 9.99012E-05 0.430049 9.99012E-05 9.99012E-05
9.98558E-05 9.98558E-05 9.98558E-05 9.98558E-05 9.98558E-05 9.98558E-05 9.98558E-05 9.98558E-05 9.98558E-05 9.98558E-05 9.98558E-05 0.128361 9.98558E-05 9.98558E-05 9.98558E-05 0.870041 9.98558E-05 9.98558E-05
9.98475E-05 9.98475E-05 9.98475E-05 9.98475E-05 9.98475E-05 9.98475E-05 9.98475E-05 9.98475E-05 9.98475E-05 0.998303 9.98475E-05 9.98475E-05 9.98475E-05 9.98475E-05 9.98475E-05 9.98475E-05 9.98475E-05 9.98475E-05
9.98653E-05 9.98653E-05 9.98653E-05 9.98653E-05 9.98653E-05 0.223301 9.98653E-05 9.98653E-05 9.98653E-05 9.98653E-05 9.98653E-05 0.590542 0.184659 9.98653E-05 9.98653E-05 9.98653E-05 9.98653E-05 9.98653E-05
0.0117837 9.99012E-05 9.99012E-05 9.99012E-05 0.00396139 0.0262127 9.99012E-05 0.71008 9.99012E-05 0.0340054 9.99012E-05 9.99012E-05 0.183777 9.99012E-05 9.99012E-05 0.0290818 9.99012E-05 9.99012E-05
0.289388 0.0199764 0.489598 0.0203902 9.99097E-05 9.99097E-05 9.99097E-05 0.00250328 0.0572985 9.99097E-05 0.0880125 9.99097E-05 9.99097E-05 9.99097E-05 9.99097E-05 0.0318336 9.99097E-05 9.99097E-05
0.0511696 9.98828E-05 9.98828E-05 9.98828E-05 9.98828E-05 0.522188 9.98828E-05 9.98828E-05 9.98828E-05 9.98828E-05 9.98828E-05 0.379589 0.045155 9.98828E-05 9.98828E-05 9.98828E-05 0.000599705 9.98828E-05
9.98651E-05 9.98651E-05 9.98651E-05 9.98651E-05 0.00749527 9.98651E-05 9.98651E-05 9.98651E-05 0.955614 9.98651E-05 9.98651E-05 9.98651E-05 0.0353932 9.98651E-05 9.98651E-05 9.98651E-05 9.98651E-05 9.98651E-05
0.0027692 0.416217 9.98919E-05 0.342549 9.98919E-05 9.98919E-05 0.0206613 9.98919E-05 9.98919E-05 0.157705 9.98919E-05 9.98919E-05 0.0588989 9.98919E-05 9.98919E-05 9.98919E-05 9.98919E-05 9.98919E-05
0.997727 9.98559E-05 9.98559E-05 9.98559E-05 9.98559E-05 9.98559E-05 9.98559E-05 9.98559E-05 9.98559E-05 9.98559E-05 9.98559E-05 9.98559E-05 0.000675044 9.98559E-05 9.98559E-05 9.98559E-05 9.98559E-05 9.98559E-05
9.98558E-05 9.98558E-05 9.98558E-05 0.970772 9.98558E-05 9.98558E-05 9.98558E-05 9.98558E-05 9.98558E-05 9.98558E-05 9.98558E-05 0.0276299 9.98558E-05 9.98558E-05 9.98558E-05 9.98558E-05 9.98558E-05 9.98558E-05
9.98468E-05 9.98468E-05 9.98468E-05 0.998303 9.98468E-05 9.98468E-05 9.98468E-05 9.98468E-05 9.98468E-05 9.98468E-05 9.98468E-05 9.98468E-05 9.98468E-05 9.98468E-05 9.98468E-05 9.98468E-05 9.98468E-05 9.98468E-05
0.0068662 0.754844 0.00231378 0.178822 9.98919E-05 9.98919E-05 9.98919E-05 9.98919E-05 0.0528684 9.98919E-05 9.98919E-05 9.98919E-05 9.98919E-05 9.98919E-05 9.98919E-05 9.98919E-05 9.98919E-05 0.00308744
9.98741E-05 9.98741E-05 9.98741E-05 9.98741E-05 9.98741E-05 9.98741E-05 9.98741E-05 9.98741E-05 0.0440899 9.98741E-05 9.98741E-05 9.98741E-05 9.98741E-05 0.0146853 0.844226 9.98741E-05 0.0956007 9.98741E-05
0.022658 0.820813 0.0237992 9.99009E-05 9.99009E-05 0.00599995 0.0138363 9.99009E-05 0.0487913 9.99009E-05 9.99009E-05 9.99009E-05 9.99009E-05 9.99009E-05 0.0630029 9.99009E-05 9.99009E-05 9.99009E-05
9.98918E-05 0.0875943 0.140489 0.523952 9.98918E-05 9.98918E-05 9.98918E-05 9.98918E-05 9.98918E-05 0.0181031 0.0697462 9.98918E-05 9.98918E-05 9.98918E-05 9.98918E-05 9.98918E-05 9.98918E-05 0.158916
9.9901E-05 0.181012 0.0263364 0.615423 9.9901E-05 9.9901E-05 0.0674026 9.9901E-05 0.0167749 9.9901E-05 9.9901E-05 9.9901E-05 9.9901E-05 9.9901E-05 0.0220868 0.0698654 9.9901E-05 9.9901E-05
0.257285 0.14129 0.0849677 0.0494345 0.0206652 9.99189E-05 9.99189E-05 9.99189E-05 0.246254 9.99189E-05 9.99189E-05 0.0188673 9.99189E-05 9.99189E-05 9.99189E-05 0.121488 0.0588485 9.99189E-05
9.98659E-05 9.98659E-05 9.98659E-05 9.98659E-05 9.98659E-05 9.98659E-05 0.0206087 9.98659E-05 0.970972 9.98659E-05 9.98659E-05 9.98659E-05 9.98659E-05 0.00692126 9.98659E-05 9.98659E-05 9.98659E-05 9.98659E-05
9.98473E-05 9.98473E-05 9.98473E-05 9.98473E-05 9.98473E-05 9.98473E-05 9.98473E-05 0.998303 9.98473E-05 9.98473E-05 9.98473E-05 9.98473E-05 9.98473E-05 9.98473E-05 9.98473E-05 9.98473E-05 9.98473E-05 9.98473E-05
9.98562E-05 9.98562E-05 9.98562E-05 9.98562E-05 9.98562E-05 9.98562E-05 9.98562E-05 0.987511 9.98562E-05 9.98562E-05 9.98562E-05 0.0108917 9.98562E-05 9.98562E-05 9.98562E-05 9.98562E-05 9.98562E-05 9.98562E-05
9.98563E-05 9.98563E-05 9.98563E-05 9.98563E-05 9.98563E-05 9.98563E-05 9.98563E-05 0.995449 9.98563E-05 9.98563E-05 9.98563E-05 9.98563E-05 9.98563E-05 9.98563E-05 0.00295376 9.98563E-05 9.98563E-05 9.98563E-05
9.98563E-05 9.98563E-05 9.98563E-05 9.98563E-05 9.98563E-05 9.98563E-05 0.00243955 0.995963 9.98563E-05 9.98563E-05 9.98563E-05 9.98563E-05 9.98563E-05 9.98563E-05 9.98563E-05 9.98563E-05 9.98563E-05 9.98563E-05
9.98473E-05 9.98473E-05 9.98473E-05 9.98473E-05 9.98473E-05 9.98473E-05 9.98473E-05 0.998303 9.98473E-05 9.98473E-05 9.98473E-05 9.98473E-05 9.98473E-05 9.98473E-05 9.98473E-05 9.98473E-05 9.98473E-05 9.98473E-05
9.99461E-05 9.99461E-05 0.018988 9.99461E-05 0.0159758 0.00461413 0.0042771 0.377564 9.99461E-05 0.0477438 9.99461E-05 0.0195813 0.0851724 9.99461E-05 0.116698 0.285189 0.00898271 0.0146141
0.00221837 9.98741E-05 9.98741E-05 9.98741E-05 9.98741E-05 9.98741E-05 9.98741E-05 0.909782 9.98741E-05 0.0661546 9.98741E-05 9.98741E-05 9.98741E-05 9.98741E-05 9.98741E-05 0.0204464 9.98741E-05 9.98741E-05
9.98649E-05 9.98649E-05 9.98649E-05 9.98649E-05 9.98649E-05 9.98649E-05 9.98649E-05 9.98649E-05 0.810676 9.98649E-05 9.98649E-05 9.98649E-05 9.98649E-05 9.98649E-05 0.18088 9.98649E-05 0.00694597 9.98649E-05
9.9901E-05 9.9901E-05 0.000158808 9.9901E-05 0.00156302 0.00820475 9.9901E-05 0.0298996 9.9901E-05 0.934364 9.9901E-05 9.9901E-05 9.9901E-05 9.9901E-05 0.016208 9.9901E-05 0.008503 9.9901E-05
0.0173736 9.98739E-05 9.98739E-05 9.98739E-05 9.98739E-05 0.390924 9.98739E-05 9.98739E-05 9.98739E-05 9.98739E-05 9.98739E-05 0.581205 0.00909861 9.98739E-05 9.98739E-05 9.98739E-05 9.98739E-05 9.98739E-05
9.98831E-05 9.98831E-05 0.818685 0.0415455 9.98831E-05 9.98831E-05 9.98831E-05 9.98831E-05 0.0280584 9.98831E-05 0.0317779 9.98831E-05 9.98831E-05 9.98831E-05 0.0786343 9.98831E-05 9.98831E-05 9.98831E-05
9.98565E-05 9.98565E-05 0.084367 9.98565E-05 9.98565E-05 9.98565E-05 9.98565E-05 9.98565E-05 9.98565E-05 9.98565E-05 9.98565E-05 9.98565E-05 9.98565E-05 9.98565E-05 0.914035 9.98565E-05 9.98565E-05 9.98565E-05
9.98654E-05 9.98654E-05 0.958132 9.98654E-05 9.98654E-05 9.98654E-05 9.98654E-05 9.98654E-05 9.98654E-05 9.98654E-05 9.98654E-05 9.98654E-05 0.0310248 9.98654E-05 9.98654E-05 9.98654E-05 0.00934476 9.98654E-05
9.98753E-05 0.0540118 0.87866 0.055229 0.0107005 9.98753E-05 9.98753E-05 9.98753E-05 9.98753E-05 9.98753E-05 9.98753E-05 9.98753E-05 9.98753E-05 9.98753E-05 9.98753E-05 9.98753E-05 9.98753E-05 9.98753E-05
9.98738E-05 0.127838 0.812844 9.98738E-05 9.98738E-05 9.98738E-05 9.98738E-05 9.98738E-05 9.98738E-05 9.98738E-05 0.0555517 9.98738E-05 9.98738E-05 0.00236785 9.98738E-05 9.98738E-05 9.98738E-05 9.98738E-05
9.98472E-05 9.98472E-05 9.98472E-05 9.98472E-05 9.98472E-05 9.98472E-05 0.998303 9.98472E-05 9.98472E-05 9.98472E-05 9.98472E-05 9.98472E-05 9.98472E-05 9.98472E-05 9.98472E-05 9.98472E-05 9.98472E-05 9.98472E-05
9.98834E-05 0.00273154 9.98834E-05 9.98834E-05 0.0919164 0.599943 9.98834E-05 9.98834E-05 9.98834E-05 9.98834E-05 9.98834E-05 0.298905 9.98834E-05 9.98834E-05 9.98834E-05 0.00520529 9.98834E-05 9.98834E-05
0.0861943 0.100361 0.156244 0.125295 9.99461E-05 0.272929 9.99461E-05 0.0252094 0.00517397 0.0759355 0.0423054 0.0559937 9.99461E-05 0.0518064 9.99461E-05 0.00195303 9.99461E-05 9.99461E-05
9.98833E-05 9.98833E-05 9.98833E-05 9.98833E-05 0.162648 0.0273396 9.98833E-05 9.98833E-05 9.98833E-05 9.98833E-05 9.98833E-05 0.712687 0.091335 9.98833E-05 0.00469173 9.98833E-05 9.98833E-05 9.98833E-05
0.0386082 9.9883E-05 9.9883E-05 9.9883E-05 9.9883E-05 0.201469 9.9883E-05 0.00301669 9.9883E-05 9.9883E-05 9.9883E-05 0.68131 9.9883E-05 9.9883E-05 9.9883E-05 0.0742981 9.9883E-05 9.9883E-05
9.98561E-05 9.98561E-05 9.98561E-05 9.98561E-05 9.98561E-05 0.974064 9.98561E-05 9.98561E-05 9.98561E-05 9.98561E-05 9.98561E-05 9.98561E-05 9.98561E-05 9.98561E-05 0.0243387 9.98561E-05 9.98561E-05 9.98561E-05
9.98563E-05 9.98563E-05 9.98563E-05 9.98563E-05 9.98563E-05 0.995355 9.98563E-05 9.98563E-05 9.98563E-05 9.98563E-05 9.98563E-05 9.98563E-05 9.98563E-05 0.0030472 9.98563E-05 9.98563E-05 9.98563E-05 9.98563E-05
9.99012E-05 0.00374093 9.99012E-05 0.0357277 9.99012E-05 0.0697624 9.99012E-05 9.99012E-05 0.016555 9.99012E-05 9.99012E-05 0.657614 9.99012E-05 9.99012E-05 9.99012E-05 0.205213 0.0102881 9.99012E-05
0.0143562 9.9874E-05 9.9874E-05 9.9874E-05 9.9874E-05 0.4616 9.9874E-05 9.9874E-05 9.9874E-05 9.9874E-05 9.9874E-05 0.511556 0.0110894 9.9874E-05 9.9874E-05 9.9874E-05 9.9874E-05 9.9874E-05
9.9865E-05 9.9865E-05 9.9865E-05 9.9865E-05 9.9865E-05 9.9865E-05 9.9865E-05 0.0613851 9.9865E-05 9.9865E-05 9.9865E-05 9.9865E-05 0.911106 9.9865E-05 9.9865E-05 0.026011 9.9865E-05 9.9865E-05
9.98651E-05 9.98651E-05 0.00837739 9.98651E-05 9.98651E-05 9.98651E-05 9.98651E-05 9.98651E-05 9.98651E-05 9.98651E-05 9.98651E-05 9.98651E-05 0.987277 9.98651E-05 9.98651E-05 9.98651E-05 0.00284795 9.98651E-05
9.99012E-05 9.99012E-05 0.00531767 9.99012E-05 0.00733213 0.0818099 9.99012E-05 0.019003 9.99012E-05 9.99012E-05 0.00225421 0.880671 9.99012E-05 0.00251346 9.99012E-05 9.99012E-05 9.99012E-05 9.99012E-05
9.98741E-05 9.98741E-05 9.98741E-05 9.98741E-05 9.98741E-05 9.98741E-05 9.98741E-05 9.98741E-05 9.98741E-05 0.0163894 9.98741E-05 0.00816996 9.98741E-05 9.98741E-05 0.960161 0.0138819 9.98741E-05 9.98741E-05
9.9874E-05 9.9874E-05 9.9874E-05 9.9874E-05 0.00430647 9.9874E-05 9.9874E-05 9.9874E-05 9.9874E-05 9.9874E-05 0.00326762 9.9874E-05 0.0217432 9.9874E-05 0.969284 9.9874E-05 9.9874E-05 9.9874E-05
9.98473E-05 9.98473E-05 9.98473E-05 9.98473E-05 9.98473E-05 9.98473E-05 9.98473E-05 9.98473E-05 9.98473E-05 9.98473E-05 0.998303 9.98473E-05 9.98473E-05 9.98473E-05 9.98473E-05 9.98473E-05 9.98473E-05 9.98473E-05
9.98474E-05 9.98474E-05 9.98474E-05 9.98474E-05 9.98474E-05 9.98474E-05 9.98474E-05 9.98474E-05 9.98474E-05 9.98474E-05 0.998303 9.98474E-05 9.98474E-05 9.98474E-05 9.98474E-05 9.98474E-05 9.98474E-05 9.98474E-05
9.98918E-05 0.457009 0.0176929 0.452695 9.98918E-05 9.98918E-05 9.98918E-05 9.98918E-05 9.98918E-05 0.0617282 9.98918E-05 9.98918E-05 9.98918E-05 0.00669146 0.0029845 9.98918E-05 9.98918E-05 9.98918E-05
9.98918E-05 0.449073 0.0563878 0.413837 9.98918E-05 9.98918E-05 9.98918E-05 9.98918E-05 9.98918E-05 0.0263142 9.98918E-05 9.98918E-05 9.98918E-05 0.0151684 0.0380208 9.98918E-05 9.98918E-05 9.98918E-05
9.98652E-05 9.98652E-05 9.98652E-05 9.98652E-05 9.98652E-05 9.98652E-05 9.98652E-05 9.98652E-05 9.98652E-05 9.98652E-05 0.95842 9.98652E-05 0.0115169 9.98652E-05 0.0285653 9.98652E-05 9.98652E-05 9.98652E-05
9.98472E-05 9.98472E-05 9.98472E-05 9.98472E-05 9.98472E-05 9.98472E-05 9.98472E-05 9.98472E-05 9.98472E-05 9.98472E-05 0.998303 9.98472E-05 9.98472E-05 9.98472E-05 9.98472E-05 9.98472E-05 9.98472E-05 9.98472E-05
9.98739E-05 9.98739E-05 0.0350438 9.98739E-05 9.98739E-05 9.98739E-05 9.98739E-05 0.0314642 0.930146 0.00194809 9.98739E-05 9.98739E-05 9.98739E-05 9.98739E-05 9.98739E-05 9.98739E-05 9.98739E-05 9.98739E-05
9.98829E-05 9.98829E-05 0.0629886 0.706991 9.98829E-05 9.98829E-05 9.98829E-05 9.98829E-05 9.98829E-05 9.98829E-05 9.98829E-05 9.98829E-05 9.98829E-05 9.98829E-05 0.0837434 9.98829E-05 0.114982 0.0299965
9.9865E-05 9.9865E-05 9.9865E-05 9.9865E-05 9.9865E-05 9.9865E-05 9.9865E-05 0.0396002 9.9865E-05 0.904553 9.9865E-05 9.9865E-05 9.9865E-05 9.9865E-05 9.9865E-05 9.9865E-05 0.054349 9.9865E-05
0.230848 0.156315 0.325697 0.0220707 9.99102E-05 0.0159767 9.99102E-05 9.99102E-05 9.99102E-05 9.99102E-05 0.0742109 0.025501 9.99102E-05 9.99102E-05 9.99102E-05 9.99102E-05 9.99102E-05 0.148382
0.433857 9.98833E-05 0.231743 9.98833E-05 9.98833E-05 9.98833E-05 9.98833E-05 9.98833E-05 0.145423 9.98833E-05 0.114599 9.98833E-05 9.98833E-05 9.98833E-05 9.98833E-05 9.98833E-05 9.98833E-05 0.0730793
9.9847E-05 9.9847E-05 9.9847E-05 9.9847E-05 9.9847E-05 9.9847E-05 9.9847E-05 9.9847E-05 9.9847E-05 9.9847E-05 9.9847E-05 9.9847E-05 9.9847E-05 9.9847E-05 9.9847E-05 0.998303 9.9847E-05 9.9847E-05
