9.98829E-05 9.98829E-05 0.895086 9.98829E-05 9.98829E-05 9.98829E-05 0.00313016 9.98829E-05 9.98829E-05 0.0943815 9.98829E-05 0.000176298 9.98829E-05 9.98829E-05 9.98829E-05 9.98829E-05 0.00592751 9.98829E-05
9.98739E-05 0.191383 9.98739E-05 9.98739E-05 9.98739E-05 9.98739E-05 0.668783 9.98739E-05 9.98739E-05 9.98739E-05 0.126171 9.98739E-05 9.98739E-05 9.98739E-05 9.98739E-05 0.0122647 9.98739E-05 9.98739E-05
9.98471E-05 9.98471E-05 9.98471E-05 9.98471E-05 9.98471E-05 9.98471E-05 9.98471E-05 0.998303 9.98471E-05 9.98471E-05 9.98471E-05 9.98471E-05 9.98471E-05 9.98471E-05 9.98471E-05 9.98471E-05 9.98471E-05 9.98471E-05
9.98741E-05 9.98741E-05 9.98741E-05 9.98741E-05 9.98741E-05 9.98741E-05 9.98741E-05 9.98741E-05 9.98741E-05 9.98741E-05 0.914615 0.0215607 0.00408253 0.0583437 9.98741E-05 9.98741E-05 9.98741E-05 9.98741E-05
0.165443 0.0815409 0.0293959 9.99192E-05 0.0536875 9.99192E-05 0.112961 9.99192E-05 9.99192E-05 0.0529812 0.325419 9.99192E-05 0.0306555 9.99192E-05 0.147018 9.99192E-05 9.99192E-05 9.99192E-05
9.98741E-05 0.00143185 9.98741E-05 9.98741E-05 0.00868836 9.98741E-05 9.98741E-05 9.98741E-05 9.98741E-05 9.98741E-05 0.985442 9.98741E-05 9.98741E-05 9.98741E-05 9.98741E-05 9.98741E-05 9.98741E-05 0.00303993
9.98472E-05 9.98472E-05 9.98472E-05 9.98472E-05 9.98472E-05 9.98472E-05 9.98472E-05 9.98472E-05 9.98472E-05 9.98472E-05 9.98472E-05 9.98472E-05 9.98472E-05 9.98472E-05 0.998303 9.98472E-05 9.98472E-05 9.98472E-05
0.74066 0.0253332 9.98918E-05 9.98918E-05 9.98918E-05 9.98918E-05 0.0452698 0.0320636 9.98918E-05 0.0731511 9.98918E-05 9.98918E-05 0.0823235 9.98918E-05 9.98918E-05 9.98918E-05 9.98918E-05 9.98918E-05
9.9892E-05 9.9892E-05 0.0117277 9.9892E-05 9.9892E-05 9.9892E-05 0.00313806 9.9892E-05 9.9892E-05 9.9892E-05 0.000274526 0.0207824 9.9892E-05 9.9892E-05 0.954028 0.00885015 9.9892E-05 9.9892E-05
9.98562E-05 9.98562E-05 9.98562E-05 9.98562E-05 9.98562E-05 9.98562E-05 9.98562E-05 9.98562E-05 9.98562E-05 0.876089 9.98562E-05 9.98562E-05 9.98562E-05 9.98562E-05 0.122313 9.98562E-05 9.98562E-05 9.98562E-05
9.98562E-05 9.98562E-05 9.98562E-05 9.98562E-05 9.98562E-05 9.98562E-05 9.98562E-05 9.98562E-05 9.98562E-05 0.874251 9.98562E-05 9.98562E-05 9.98562E-05 9.98562E-05 0.124151 9.98562E-05 9.98562E-05 9.98562E-05
9.98922E-05 9.98922E-05 0.723851 9.98922E-05 9.98922E-05 9.98922E-05 9.98922E-05 0.0111501 9.98922E-05 9.98922E-05 0.0300738 0.128135 9.98922E-05 9.98922E-05 0.00682235 9.98922E-05 9.98922E-05 0.0987696
0.00882108 9.98654E-05 9.98654E-05 9.98654E-05 9.98654E-05 9.98654E-05 9.98654E-05 9.98654E-05 9.98654E-05 9.98654E-05 9.98654E-05 9.98654E-05 9.98654E-05 9.98654E-05 0.0139949 9.98654E-05 9.98654E-05 0.975686
9.98741E-05 9.98741E-05 0.0111656 9.98741E-05 9.98741E-05 0.0116173 0.0066258 9.98741E-05 9.98741E-05 9.98741E-05 0.969193 9.98741E-05 9.98741E-05 9.98741E-05 9.98741E-05 9.98741E-05 9.98741E-05 9.98741E-05
9.9874E-05 0.0188371 0.0181287 9.9874E-05 9.9874E-05 0.0179821 9.9874E-05 9.9874E-05 9.9874E-05 9.9874E-05 0.943654 9.9874E-05 9.9874E-05 9.9874E-05 9.9874E-05 9.9874E-05 9.9874E-05 9.9874E-05
9.98742E-05 9.98742E-05 9.98742E-05 9.98742E-05 9.98742E-05 9.98742E-05 9.98742E-05 9.98742E-05 0.799803 0.042686 9.98742E-05 9.98742E-05 9.98742E-05 9.98742E-05 9.98742E-05 0.00277411 9.98742E-05 0.153338
9.9856E-05 9.9856E-05 9.9856E-05 9.9856E-05 9.9856E-05 9.9856E-05 9.9856E-05 9.9856E-05 9.9856E-05 0.0511889 9.9856E-05 9.9856E-05 9.9856E-05 9.9856E-05 9.9856E-05 0.947213 9.9856E-05 9.9856E-05
9.98918E-05 0.124636 9.98918E-05 9.98918E-05 9.98918E-05 0.712885 0.0428674 9.98918E-05 9.98918E-05 0.0547219 9.98918E-05 9.98918E-05 0.00373676 9.98918E-05 9.98918E-05 9.98918E-05 0.0599534 9.98918E-05
9.98652E-05 9.98652E-05 9.98652E-05 0.000652488 9.98652E-05 0.951322 9.98652E-05 9.98652E-05 9.98652E-05 9.98652E-05 9.98652E-05 0.0465274 9.98652E-05 9.98652E-05 9.98652E-05 9.98652E-05 9.98652E-05 9.98652E-05
9.9892E-05 9.9892E-05 0.0858616 9.9892E-05 0.00994001 9.9892E-05 9.9892E-05 9.9892E-05 0.35801 0.450874 9.9892E-05 0.040708 9.9892E-05 9.9892E-05 9.9892E-05 0.0534076 9.9892E-05 9.9892E-05
9.98471E-05 9.98471E-05 9.98471E-05 9.98471E-05 9.98471E-05 0.998303 9.98471E-05 9.98471E-05 9.98471E-05 9.98471E-05 9.98471E-05 9.98471E-05 9.98471E-05 9.98471E-05 9.98471E-05 9.98471E-05 9.98471E-05 9.98471E-05
9.99163E-05 0.237569 0.377849 9.99163E-05 9.99163E-05 9.99163E-05 0.00370479 9.99163E-05 0.21411 9.99163E-05 9.99163E-05 0.0103407 9.99163E-05 9.99163E-05 9.99163E-05 0.0126632 0.0879978 0.0547661
9.98467E-05 9.98467E-05 9.98467E-05 9.98467E-05 0.998303 9.98467E-05 9.98467E-05 9.98467E-05 9.98467E-05 9.98467E-05 9.98467E-05 9.98467E-05 9.98467E-05 9.98467E-05 9.98467E-05 9.98467E-05 9.98467E-05 9.98467E-05
9.98648E-05 9.98648E-05 9.98648E-05 0.04753 0.312291 0.638681 9.98648E-05 9.98648E-05 9.98648E-05 9.98648E-05 9.98648E-05 9.98648E-05 9.98648E-05 9.98648E-05 9.98648E-05 9.98648E-05 9.98648E-05 9.98648E-05
9.98653E-05 9.98653E-05 9.98653E-05 9.98653E-05 9.98653E-05 9.98653E-05 9.98653E-05 0.0221626 9.98653E-05 9.98653E-05 0.33194 9.98653E-05 9.98653E-05 0.644399 9.98653E-05 9.98653E-05 9.98653E-05 9.98653E-05
9.98564E-05 9.98564E-05 9.98564E-05 9.98564E-05 9.98564E-05 9.98564E-05 9.98564E-05 9.98564E-05 9.98564E-05 9.98564E-05 0.805266 9.98564E-05 9.98564E-05 0.193136 9.98564E-05 9.98564E-05 9.98564E-05 9.98564E-05
9.98827E-05 9.98827E-05 9.98827E-05 9.98827E-05 9.98827E-05 9.98827E-05 9.98827E-05 9.98827E-05 9.98827E-05 0.0779378 9.98827E-05 0.0260173 9.98827E-05 9.98827E-05 9.98827E-05 0.0281731 0.0530919 0.813481
9.98472E-05 9.98472E-05 9.98472E-05 9.98472E-05 9.98472E-05 9.98472E-05 9.98472E-05 9.98472E-05 9.98472E-05 9.98472E-05 9.98472E-05 9.98472E-05 9.98472E-05 0.998303 9.98472E-05 9.98472E-05 9.98472E-05 9.98472E-05
9.98472E-05 9.98472E-05 9.98472E-05 9.98472E-05 9.98472E-05 9.98472E-05 9.98472E-05 9.98472E-05 9.98472E-05 9.98472E-05 9.98472E-05 9.98472E-05 9.98472E-05 0.998303 9.98472E-05 9.98472E-05 9.98472E-05 9.98472E-05
0.254296 9.99102E-05 9.99102E-05 0.0435436 9.99102E-05 9.99102E-05 9.99102E-05 0.018547 9.99102E-05 9.99102E-05 0.329095 0.0155945 0.0723376 0.251592 9.99102E-05 0.0139951 9.99102E-05 9.99102E-05
0.671334 9.99008E-05 9.99008E-05 9.99008E-05 0.0010332 9.99008E-05 9.99008E-05 9.99008E-05 9.99008E-05 0.00994175 0.26597 9.99008E-05 0.00939734 0.0106535 9.99008E-05 0.0305717 9.99008E-05 9.99008E-05
9.98474E-05 9.98474E-05 9.98474E-05 9.98474E-05 9.98474E-05 9.98474E-05 0.998303 9.98474E-05 9.98474E-05 9.98474E-05 9.98474E-05 9.98474E-05 9.98474E-05 9.98474E-05 9.98474E-05 9.98474E-05 9.98474E-05 9.98474E-05
0.154583 9.98743E-05 9.98743E-05 9.98743E-05 9.98743E-05 9.98743E-05 9.98743E-05 9.98743E-05 9.98743E-05 9.98743E-05 0.544478 9.98743E-05 9.98743E-05 0.298654 9.98743E-05 0.000886534 9.98743E-05 9.98743E-05
0.247867 9.98833E-05 9.98833E-05 9.98833E-05 9.98833E-05 9.98833E-05 0.0338194 0.00610929 9.98833E-05 9.98833E-05 9.98833E-05 0.00100747 0.709898 9.98833E-05 9.98833E-05 9.98833E-05 9.98833E-05 9.98833E-05
0.0753009 0.0678104 0.0463268 9.98916E-05 9.98916E-05 9.98916E-05 9.98916E-05 9.98916E-05 9.98916E-05 9.98916E-05 9.98916E-05 0.0752895 9.98916E-05 9.98916E-05 9.98916E-05 0.215804 9.98916E-05 0.518269
0.0193284 0.00521794 9.98829E-05 9.98829E-05 9.98829E-05 9.98829E-05 9.98829E-05 9.98829E-05 9.98829E-05 9.98829E-05 0.375047 9.98829E-05 9.98829E-05 0.576997 9.98829E-05 0.0221112 9.98829E-05 9.98829E-05
0.000930698 9.98653E-05 0.976348 9.98653E-05 9.98653E-05 9.98653E-05 9.98653E-05 0.0212236 9.98653E-05 9.98653E-05 9.98653E-05 9.98653E-05 9.98653E-05 9.98653E-05 9.98653E-05 9.98653E-05 9.98653E-05 9.98653E-05
0.0140868 0.10543 0.0458456 0.00648588 0.0704151 9.99189E-05 0.216877 9.99189E-05 9.99189E-05 0.52011 0.00392044 9.99189E-05 9.99189E-05 9.99189E-05 9.99189E-05 0.0159308 9.99189E-05 9.99189E-05
9.98561E-05 9.98561E-05 9.98561E-05 9.98561E-05 9.98561E-05 9.98561E-05 9.98561E-05 9.98561E-05 9.98561E-05 9.98561E-05 0.0141308 9.98561E-05 9.98561E-05 9.98561E-05 9.98561E-05 0.984272 9.98561E-05 9.98561E-05
9.98651E-05 0.991699 9.98651E-05 9.98651E-05 9.98651E-05 9.98651E-05 9.98651E-05 9.98651E-05 9.98651E-05 9.98651E-05 0.0023207 9.98651E-05 9.98651E-05 9.98651E-05 9.98651E-05 0.00448218 9.98651E-05 9.98651E-05
9.98561E-05 0.994825 9.98561E-05 9.98561E-05 9.98561E-05 9.98561E-05 9.98561E-05 9.98561E-05 9.98561E-05 9.98561E-05 9.98561E-05 9.98561E-05 9.98561E-05 9.98561E-05 9.98561E-05 9.98561E-05 0.00357701 9.98561E-05
9.98919E-05 0.0493663 0.0198221 9.98919E-05 9.98919E-05 9.98919E-05 9.98919E-05 9.98919E-05 0.0252156 0.875171 9.98919E-05 9.98919E-05 9.98919E-05 9.98919E-05 9.98919E-05 0.0268161 0.00240986 9.98919E-05
9.9901E-05 0.0256574 0.0242016 0.00892821 9.9901E-05 9.9901E-05 9.9901E-05 9.9901E-05 0.841213 0.0235625 9.9901E-05 9.9901E-05 9.9901E-05 9.9901E-05 0.0592544 9.9901E-05 9.9901E-05 0.0160835
9.9937E-05 9.9937E-05 0.011157 0.0104582 0.00307687 9.9937E-05 9.9937E-05 0.00534324 0.0184965 0.899839 9.9937E-05 0.00762373 0.0134031 0.00432774 9.9937E-05 0.0136893 9.9937E-05 0.0118859
9.99008E-05 0.133798 0.0230032 9.99008E-05 0.348405 9.99008E-05 0.0561505 9.99008E-05 0.0453602 0.226298 9.99008E-05 9.99008E-05 9.99008E-05 9.99008E-05 9.99008E-05 9.99008E-05 9.99008E-05 0.165886
0.0362622 0.136194 0.114052 0.0582212 0.147933 9.99369E-05 0.00128219 0.0086213 0.1614 0.302882 0.0320381 9.99369E-05 9.99369E-05 9.99369E-05 9.99369E-05 9.99369E-05 9.99369E-05 0.000415104
9.9937E-05 9.9937E-05 0.189585 0.0283207 9.9937E-05 9.9937E-05 9.9937E-05 0.0436503 9.9937E-05 0.220072 0.0685404 0.000312804 0.0210571 9.9937E-05 0.0446128 0.226148 0.0296984 0.127302
9.98472E-05 9.98472E-05 9.98472E-05 9.98472E-05 9.98472E-05 9.98472E-05 9.98472E-05 9.98472E-05 9.98472E-05 9.98472E-05 9.98472E-05 9.98472E-05 9.98472E-05 9.98472E-05 9.98472E-05 9.98472E-05 0.998303 9.98472E-05
9.98472E-05 9.98472E-05 9.98472E-05 9.98472E-05 9.98472E-05 9.98472E-05 9.98472E-05 9.98472E-05 9.98472E-05 9.98472E-05 9.98472E-05 9.98472E-05 0.998303 9.98472E-05 9.98472E-05 9.98472E-05 9.98472E-05 9.98472E-05
9.98652E-05 9.98652E-05 9.98652E-05 0.00883008 0.00279429 9.98652E-05 9.98652E-05 9.98652E-05 9.98652E-05 9.98652E-05 9.98652E-05 9.98652E-05 0.986878 9.98652E-05 9.98652E-05 9.98652E-05 9.98652E-05 9.98652E-05
9.98652E-05 9.98652E-05 9.98652E-05 9.98652E-05 9.98652E-05 9.98652E-05 9.98652E-05 9.98652E-05 0.0259244 0.00627913 9.98652E-05 9.98652E-05 0.966298 9.98652E-05 9.98652E-05 9.98652E-05 9.98652E-05 9.98652E-05
9.98563E-05 9.98563E-05 9.98563E-05 9.98563E-05 9.98563E-05 9.98563E-05 9.98563E-05 9.98563E-05 9.98563E-05 9.98563E-05 9.98563E-05 9.98563E-05 0.994698 0.00370442 9.98563E-05 9.98563E-05 9.98563E-05 9.98563E-05
9.98563E-05 9.98563E-05 9.98563E-05 9.98563E-05 9.98563E-05 9.98563E-05 9.98563E-05 9.98563E-05 9.98563E-05 9.98563E-05 9.98563E-05 9.98563E-05 0.977822 0.0205802 9.98563E-05 9.98563E-05 9.98563E-05 9.98563E-05
0.336246 9.99191E-05 9.99191E-05 9.99191E-05 0.111457 9.99191E-05 0.0260461 0.0350883 0.0515804 9.99191E-05 9.99191E-05 9.99191E-05 0.354875 0.0536265 0.0149075 9.99191E-05 0.0152741 9.99191E-05
9.9856E-05 9.9856E-05 9.9856E-05 9.9856E-05 9.9856E-05 9.9856E-05 0.113571 9.9856E-05 9.9856E-05 9.9856E-05 9.9856E-05 9.9856E-05 0.884832 9.9856E-05 9.9856E-05 9.9856E-05 9.9856E-05 9.9856E-05
9.98649E-05 9.98649E-05 0.855168 9.98649E-05 9.98649E-05 9.98649E-05 9.98649E-05 9.98649E-05 0.136223 9.98649E-05 9.98649E-05 9.98649E-05 9.98649E-05 9.98649E-05 0.00711174 9.98649E-05 9.98649E-05 9.98649E-05
9.9874E-05 9.9874E-05 9.9874E-05 9.9874E-05 9.9874E-05 9.9874E-05 0.929951 0.0215171 9.9874E-05 9.9874E-05 9.9874E-05 9.9874E-05 0.0242936 9.9874E-05 0.0228402 9.9874E-05 9.9874E-05 9.9874E-05
9.98649E-05 0.0175336 9.98649E-05 9.98649E-05 9.98649E-05 9.98649E-05 9.98649E-05 9.98649E-05 9.98649E-05 9.98649E-05 0.541107 9.98649E-05 9.98649E-05 0.439862 9.98649E-05 9.98649E-05 9.98649E-05 9.98649E-05
9.98921E-05 0.145989 9.98921E-05 9.98921E-05 9.98921E-05 9.98921E-05 9.98921E-05 0.000183345 0.0391503 9.98921E-05 9.98921E-05 0.00154301 0.000766766 9.98921E-05 9.98921E-05 9.98921E-05 9.98921E-05 0.811169
9.98744E-05 9.98744E-05 0.0493169 9.98744E-05 9.98744E-05 9.98744E-05 9.98744E-05 0.00371787 0.86523 9.98744E-05 9.98744E-05 9.98744E-05 9.98744E-05 9.98744E-05 9.98744E-05 9.98744E-05 9.98744E-05 0.0803371
9.98656E-05 9.98656E-05 9.98656E-05 9.98656E-05 9.98656E-05 9.98656E-05 9.98656E-05 0.000608766 9.98656E-05 9.98656E-05 9.98656E-05 9.98656E-05 9.98656E-05 9.98656E-05 0.0182175 9.98656E-05 9.98656E-05 0.979676
9.98558E-05 9.98558E-05 9.98558E-05 9.98558E-05 9.98558E-05 9.98558E-05 9.98558E-05 9.98558E-05 9.98558E-05 0.1388 9.98558E-05 9.98558E-05 9.98558E-05 9.98558E-05 9.98558E-05 9.98558E-05 9.98558E-05 0.859602
9.9865E-05 9.9865E-05 9.9865E-05 9.9865E-05 9.9865E-05 9.9865E-05 9.9865E-05 9.9865E-05 9.9865E-05 0.0644273 9.9865E-05 0.0467162 9.9865E-05 9.9865E-05 9.9865E-05 9.9865E-05 9.9865E-05 0.887359
9.98472E-05 9.98472E-05 9.98472E-05 0.998303 9.98472E-05 9.98472E-05 9.98472E-05 9.98472E-05 9.98472E-05 9.98472E-05 9.98472E-05 9.98472E-05 9.98472E-05 9.98472E-05 9.98472E-05 9.98472E-05 9.98472E-05 9.98472E-05
9.98654E-05 9.98654E-05 9.98654E-05 9.98654E-05 9.98654E-05 9.98654E-05 9.98654E-05 0.0581496 9.98654E-05 9.98654E-05 0.314122 9.98654E-05 9.98654E-05 0.62623 9.98654E-05 9.98654E-05 9.98654E-05 9.98654E-05
9.994E-05 0.00408897 9.994E-05 0.0291891 0.150649 9.994E-05 0.00564512 0.0724653 0.18427 9.994E-05 0.242944 0.0593453 0.122324 9.994E-05 0.0402318 0.0595263 9.994E-05 0.0287214
9.98654E-05 9.98654E-05 9.98654E-05 9.98654E-05 9.98654E-05 9.98654E-05 9.98654E-05 0.138774 0.0294613 9.98654E-05 0.830267 9.98654E-05 9.98654E-05 9.98654E-05 9.98654E-05 9.98654E-05 9.98654E-05 9.98654E-05
0.0390911 0.0264077 9.9901E-05 9.9901E-05 9.9901E-05 9.9901E-05 9.9901E-05 9.9901E-05 9.9901E-05 9.9901E-05 0.691911 9.9901E-05 0.0102476 0.213124 0.0144984 0.00362068 9.9901E-05 9.9901E-05
9.98561E-05 9.98561E-05 9.98561E-05 9.98561E-05 9.98561E-05 9.98561E-05 9.98561E-05 9.98561E-05 0.0120547 9.98561E-05 9.98561E-05 9.98561E-05 9.98561E-05 0.986348 9.98561E-05 9.98561E-05 9.98561E-05 9.98561E-05
9.98563E-05 9.98563E-05 9.98563E-05 9.98563E-05 9.98563E-05 9.98563E-05 9.98563E-05 9.98563E-05 9.98563E-05 9.98563E-05 9.98563E-05 9.98563E-05 9.98563E-05 0.984998 9.98563E-05 9.98563E-05 0.0134041 9.98563E-05
0.192352 0.00179005 9.98922E-05 9.98922E-05 9.98922E-05 9.98922E-05 9.98922E-05 9.98922E-05 9.98922E-05 0.0362859 0.744807 9.98922E-05 9.98922E-05 0.0120363 9.98922E-05 9.98922E-05 0.0115304 9.98922E-05
9.9874E-05 0.0178861 9.9874E-05 9.9874E-05 9.9874E-05 9.9874E-05 9.9874E-05 9.9874E-05 9.9874E-05 9.9874E-05 0.515553 9.9874E-05 9.9874E-05 0.453648 9.9874E-05 0.0115142 9.9874E-05 9.9874E-05
0.998303 9.98471E-05 9.98471E-05 9.98471E-05 9.98471E-05 9.98471E-05 9.98471E-05 9.98471E-05 9.98471E-05 9.98471E-05 9.98471E-05 9.98471E-05 9.98471E-05 9.98471E-05 9.98471E-05 9.98471E-05 9.98471E-05 9.98471E-05
0.894956 9.98652E-05 9.98652E-05 9.98652E-05 9.98652E-05 9.98652E-05 9.98652E-05 9.98652E-05 9.98652E-05 9.98652E-05 9.98652E-05 9.98652E-05 9.98652E-05 9.98652E-05 0.0144923 9.98652E-05 9.98652E-05 0.0890533
9.98832E-05 9.98832E-05 9.98832E-05 9.98832E-05 9.98832E-05 9.98832E-05 9.98832E-05 0.00945812 0.0397971 9.98832E-05 0.85189 9.98832E-05 0.00234527 0.0952114 9.98832E-05 9.98832E-05 9.98832E-05 9.98832E-05
9.98605E-05 9.98605E-05 9.98605E-05 9.98605E-05 9.98605E-05 9.98605E-05 9.98605E-05 9.98605E-05 0.96504 9.98605E-05 0.0333624 9.98605E-05 9.98605E-05 9.98605E-05 9.98605E-05 9.98605E-05 9.98605E-05 9.98605E-05
9.9865E-05 9.9865E-05 9.9865E-05 9.9865E-05 9.9865E-05 9.9865E-05 0.0141712 9.9865E-05 0.971401 9.9865E-05 9.9865E-05 9.9865E-05 0.0129293 9.9865E-05 9.9865E-05 9.9865E-05 9.9865E-05 9.9865E-05
9.98562E-05 9.98562E-05 0.0237713 9.98562E-05 9.98562E-05 9.98562E-05 9.98562E-05 9.98562E-05 9.98562E-05 9.98562E-05 9.98562E-05 0.974631 9.98562E-05 9.98562E-05 9.98562E-05 9.98562E-05 9.98562E-05 9.98562E-05
9.98563E-05 0.00248143 9.98563E-05 9.98563E-05 9.98563E-05 9.98563E-05 9.98563E-05 9.98563E-05 9.98563E-05 9.98563E-05 9.98563E-05 0.995921 9.98563E-05 9.98563E-05 9.98563E-05 9.98563E-05 9.98563E-05 9.98563E-05
9.99099E-05 0.105169 9.99099E-05 9.99099E-05 9.99099E-05 9.99099E-05 0.0568399 0.00157285 0.0494895 0.742477 9.99099E-05 9.99099E-05 9.99099E-05 0.0116684 9.99099E-05 9.99099E-05 0.02372 0.0080638
9.99009E-05 0.111796 9.99009E-05 9.99009E-05 9.99009E-05 9.99009E-05 0.0464186 9.99009E-05 0.0830346 0.705165 9.99009E-05 9.99009E-05 9.99009E-05 0.00955288 9.99009E-05 9.99009E-05 0.00492013 0.0380139
0.01516 9.98653E-05 9.98653E-05 9.98653E-05 9.98653E-05 9.98653E-05 9.98653E-05 9.98653E-05 9.98653E-05 0.0080365 9.98653E-05 0.975305 9.98653E-05 9.98653E-05 9.98653E-05 9.98653E-05 9.98653E-05 9.98653E-05
9.98473E-05 9.98473E-05 9.98473E-05 9.98473E-05 9.98473E-05 9.98473E-05 9.98473E-05 9.98473E-05 9.98473E-05 9.98473E-05 9.98473E-05 0.998303 9.98473E-05 9.98473E-05 9.98473E-05 9.98473E-05 9.98473E-05 9.98473E-05
9.98649E-05 9.98649E-05 0.910322 9.98649E-05 9.98649E-05 9.98649E-05 9.98649E-05 9.98649E-05 9.98649E-05 9.98649E-05 9.98649E-05 9.98649E-05 0.0242962 9.98649E-05 9.98649E-05 9.98649E-05 0.0638836 9.98649E-05
9.98919E-05 0.696549 9.98919E-05 0.00128114 9.98919E-05 0.00637434 9.98919E-05 9.98919E-05 0.0450325 9.98919E-05 9.98919E-05 9.98919E-05 9.98919E-05 9.98919E-05 0.141349 9.98919E-05 9.98919E-05 0.108216
9.9865E-05 9.9865E-05 9.9865E-05 9.9865E-05 9.9865E-05 9.9865E-05 0.892988 9.9865E-05 9.9865E-05 9.9865E-05 9.9865E-05 9.9865E-05 0.0195864 9.9865E-05 0.0859277 9.9865E-05 9.9865E-05 9.9865E-05
9.9901E-05 9.9901E-05 0.0753907 9.9901E-05 0.596161 9.9901E-05 9.9901E-05 9.9901E-05 9.9901E-05 0.0222151 0.0195863 0.0152204 9.9901E-05 9.9901E-05 9.9901E-05 0.0116985 9.9901E-05 0.258629
9.98835E-05 9.98835E-05 0.295207 9.98835E-05 9.98835E-05 0.0668249 9.98835E-05 9.98835E-05 9.98835E-05 9.98835E-05 9.98835E-05 0.145784 9.98835E-05 9.98835E-05 9.98835E-05 0.241589 9.98835E-05 0.249297
0.758701 9.98741E-05 9.98741E-05 9.98741E-05 9.98741E-05 0.033993 9.98741E-05 9.98741E-05 9.98741E-05 9.98741E-05 9.98741E-05 0.0228884 9.98741E-05 0.183019 9.98741E-05 9.98741E-05 9.98741E-05 9.98741E-05
