9.99459E-05 0.974621 9.99459E-05 9.99459E-05 0.0247797 9.99459E-05 9.99459E-05 9.99459E-05
9.99729E-05 0.161306 0.570162 0.208947 0.026128 0.0331581 9.99729E-05 9.99729E-05
9.997E-05 9.997E-05 0.107159 0.76763 9.997E-05 0.0591786 0.0320147 0.0337178
9.9946E-05 9.9946E-05 9.9946E-05 0.974709 9.9946E-05 0.0246917 9.9946E-05 9.9946E-05
0.0558476 0.0868947 0.355261 0.412358 0.0893382 9.99731E-05 9.99731E-05 9.99731E-05
9.9955E-05 0.00494884 9.9955E-05 0.984386 0.010165 9.9955E-05 9.9955E-05 9.9955E-05
9.9946E-05 9.9946E-05 0.759716 9.9946E-05 9.9946E-05 9.9946E-05 0.239685 9.9946E-05
0.16199 9.9973E-05 0.42515 0.376132 0.011266 0.0251609 9.9973E-05 9.9973E-05
9.99549E-05 9.99549E-05 0.790482 9.99549E-05 0.0141269 9.99549E-05 0.194892 9.99549E-05
9.99461E-05 9.99461E-05 0.0714906 9.99461E-05 0.92791 9.99461E-05 9.99461E-05 9.99461E-05
9.99461E-05 9.99461E-05 0.0475305 9.99461E-05 0.95187 9.99461E-05 9.99461E-05 9.99461E-05
9.9964E-05 0.719629 9.9964E-05 0.0299163 9.9964E-05 0.115134 0.134921 9.9964E-05
9.99461E-05 9.99461E-05 9.99461E-05 0.000481579 9.99461E-05 9.99461E-05 0.998919 9.99461E-05
9.9964E-05 0.0283464 9.9964E-05 0.943597 9.9964E-05 0.00499078 9.9964E-05 0.0226659
9.9955E-05 0.0288273 9.9955E-05 0.965892 9.9955E-05 9.9955E-05 9.9955E-05 0.00478143
0.0210512 0.108836 9.9973E-05 0.0175162 0.549721 9.9973E-05 0.302575 9.9973E-05
9.9964E-05 9.9964E-05 9.9964E-05 9.9964E-05 0.434567 0.326837 0.168745 0.0694515
0.0753929 0.0291485 0.0171085 9.99729E-05 0.162584 9.99729E-05 9.99729E-05 0.715466
9.9955E-05 9.9955E-05 9.9955E-05 9.9955E-05 9.9955E-05 0.0856336 0.00185438 0.912012
9.9964E-05 0.138259 9.9964E-05 9.9964E-05 0.777543 0.0717459 0.0120526 9.9964E-05
9.9946E-05 9.9946E-05 9.9946E-05 0.00217138 9.9946E-05 9.9946E-05 9.9946E-05 0.997229
9.9964E-05 0.533287 9.9964E-05 9.9964E-05 0.354195 0.0325482 0.0795694 9.9964E-05
0.0054358 9.9964E-05 9.9964E-05 9.9964E-05 0.25921 0.31589 9.9964E-05 0.419064
9.9955E-05 9.9955E-05 9.9955E-05 9.9955E-05 0.0102721 0.0978485 9.9955E-05 0.89138
9.994E-05 9.994E-05 9.994E-05 0.9993 9.994E-05 9.994E-05 9.994E-05 9.994E-05
9.994E-05 9.994E-05 9.994E-05 0.9993 9.994E-05 9.994E-05 9.994E-05 9.994E-05
9.99639E-05 0.11708 9.99639E-05 9.99639E-05 0.0598329 0.0584877 0.7642 9.99639E-05
0.0481046 9.9955E-05 0.00393948 0.947456 9.9955E-05 9.9955E-05 9.9955E-05 9.9955E-05
0.0915822 9.9955E-05 9.9955E-05 0.896047 9.9955E-05 9.9955E-05 0.0118713 9.9955E-05
0.18545 9.99821E-05 0.0574757 0.695984 9.99821E-05 0.0109041 0.0262208 0.0237661
0.148069 9.99641E-05 0.168626 0.654166 9.99641E-05 0.0287383 9.99641E-05 9.99641E-05
0.0944055 0.0590861 0.815877 0.0302317 9.9964E-05 9.9964E-05 9.9964E-05 9.9964E-05
9.994E-05 9.994E-05 9.994E-05 0.9993 9.994E-05 9.994E-05 9.994E-05 9.994E-05
0.781457 9.99551E-05 0.121355 0.0966881 9.99551E-05 9.99551E-05 9.99551E-05 9.99551E-05
9.99729E-05 0.043124 9.99729E-05 0.0520632 0.104967 0.215827 0.58372 9.99729E-05
9.99639E-05 0.00497014 9.99639E-05 0.973557 9.99639E-05 0.00624156 0.0148318 9.99639E-05
9.99461E-05 0.981318 9.99461E-05 0.0180825 9.99461E-05 9.99461E-05 9.99461E-05 9.99461E-05
0.0117728 0.130527 0.207058 9.99729E-05 0.620487 9.99729E-05 9.99729E-05 0.0298551
9.99731E-05 9.99731E-05 9.99731E-05 0.14032 0.272841 0.343507 0.196213 0.0468201
9.99549E-05 0.237524 9.99549E-05 0.105747 0.656229 9.99549E-05 9.99549E-05 9.99549E-05
9.99639E-05 0.227725 9.99639E-05 0.0938845 0.658233 0.0197583 9.99639E-05 9.99639E-05
9.9946E-05 0.00896387 9.9946E-05 9.9946E-05 0.990436 9.9946E-05 9.9946E-05 9.9946E-05
9.9964E-05 0.132025 0.110659 9.9964E-05 0.547574 9.9964E-05 0.209342 9.9964E-05
9.9964E-05 0.0295893 9.9964E-05 9.9964E-05 0.94548 0.0209014 0.00362911 9.9964E-05
0.0063153 0.0473709 0.0134358 9.9991E-05 0.531743 0.133181 0.158274 0.109581
9.9982E-05 0.123342 9.9982E-05 0.0839394 0.706469 0.0165773 0.0309016 0.03857
0.0588289 0.207954 9.9982E-05 0.116589 0.277494 0.107534 0.2314 9.9982E-05
9.99463E-05 0.984566 9.99463E-05 9.99463E-05 9.99463E-05 9.99463E-05 9.99463E-05 0.0148343
0.9993 9.994E-05 9.994E-05 9.994E-05 9.994E-05 9.994E-05 9.994E-05 9.994E-05
0.9993 9.994E-05 9.994E-05 9.994E-05 9.994E-05 9.994E-05 9.994E-05 9.994E-05
0.990459 9.9955E-05 9.9955E-05 9.9955E-05 0.00553436 9.9955E-05 9.9955E-05 0.00350691
0.992836 0.00656454 9.99461E-05 9.99461E-05 9.99461E-05 9.99461E-05 9.99461E-05 9.99461E-05
0.9993 9.994E-05 9.994E-05 9.994E-05 9.994E-05 9.994E-05 9.994E-05 9.994E-05
0.479256 9.99821E-05 0.190226 0.220965 0.070752 9.99821E-05 0.00497551 0.033625
0.958256 9.99461E-05 0.0411439 9.99461E-05 9.99461E-05 9.99461E-05 9.99461E-05 9.99461E-05
9.99549E-05 0.822449 9.99549E-05 9.99549E-05 0.121199 9.99549E-05 0.0558526 9.99549E-05
0.126109 0.081112 0.758169 9.99638E-05 9.99638E-05 0.0342107 9.99638E-05 9.99638E-05
9.994E-05 9.994E-05 9.994E-05 0.9993 9.994E-05 9.994E-05 9.994E-05 9.994E-05
0.0215857 0.116386 9.9964E-05 9.9964E-05 9.9964E-05 0.0441661 0.817463 9.9964E-05
9.9964E-05 0.182885 9.9964E-05 0.0708959 0.462041 9.9964E-05 0.283778 9.9964E-05
9.994E-05 9.994E-05 9.994E-05 9.994E-05 9.994E-05 9.994E-05 0.9993 9.994E-05
9.99549E-05 0.000614918 9.99549E-05 9.99549E-05 0.0735377 9.99549E-05 0.925348 9.99549E-05
9.99639E-05 9.99639E-05 9.99639E-05 9.99639E-05 0.0419462 0.0906012 0.864931 0.00212126
0.0185783 0.0677326 9.99641E-05 9.99641E-05 0.0199005 9.99641E-05 9.99641E-05 0.893389
9.994E-05 9.994E-05 9.994E-05 0.9993 9.994E-05 9.994E-05 9.994E-05 9.994E-05
0.0693604 0.199886 0.0923182 0.229921 0.298964 9.9991E-05 0.0607781 0.0486724
9.99462E-05 9.99462E-05 9.99462E-05 0.975617 9.99462E-05 9.99462E-05 0.023783 9.99462E-05
0.0120753 0.0313038 9.9955E-05 0.956121 9.9955E-05 9.9955E-05 9.9955E-05 9.9955E-05
0.0378021 9.9955E-05 0.0357116 0.925987 9.9955E-05 9.9955E-05 9.9955E-05 9.9955E-05
0.0391312 0.00504648 0.0162925 0.924159 9.9973E-05 9.9973E-05 9.9973E-05 0.0150714
9.99551E-05 9.99551E-05 0.0297547 0.893844 0.0759018 9.99551E-05 9.99551E-05 9.99551E-05
9.9955E-05 0.0129772 9.9955E-05 0.986004 9.9955E-05 0.000518692 9.9955E-05 9.9955E-05
0.156149 9.99552E-05 0.3882 0.455152 9.99552E-05 9.99552E-05 9.99552E-05 9.99552E-05
9.99552E-05 9.99552E-05 0.475519 0.468965 9.99552E-05 9.99552E-05 0.0550163 9.99552E-05
0.0282022 9.9955E-05 9.9955E-05 0.955428 0.0158698 9.9955E-05 9.9955E-05 9.9955E-05
0.00526068 0.0774905 0.122812 0.0846599 0.684338 0.0115606 0.0137784 9.9991E-05
0.0164369 0.0575127 0.108935 0.0555863 0.687995 9.9982E-05 0.0733345 9.9982E-05
9.994E-05 9.994E-05 9.994E-05 9.994E-05 9.994E-05 0.9993 9.994E-05 9.994E-05
9.994E-05 9.994E-05 9.994E-05 9.994E-05 9.994E-05 0.9993 9.994E-05 9.994E-05
9.9955E-05 9.9955E-05 0.0798877 0.000830173 0.918782 9.9955E-05 9.9955E-05 9.9955E-05
9.9955E-05 9.9955E-05 0.0336687 9.9955E-05 0.911067 9.9955E-05 0.0547641 9.9955E-05
9.9946E-05 9.9946E-05 0.00224598 9.9946E-05 9.9946E-05 0.997154 9.9946E-05 9.9946E-05
9.994E-05 9.994E-05 9.994E-05 9.994E-05 9.994E-05 0.9993 9.994E-05 9.994E-05
9.99459E-05 0.956701 9.99459E-05 9.99459E-05 9.99459E-05 9.99459E-05 0.042699 9.99459E-05
9.9973E-05 0.0718519 0.126254 9.9973E-05 0.533035 9.9973E-05 0.225363 0.0431953
0.151771 0.0156937 0.787141 0.0449937 9.99639E-05 9.99639E-05 9.99639E-05 9.99639E-05
9.99731E-05 9.99731E-05 9.99731E-05 0.0382429 0.286774 0.243685 0.338492 0.0925067
9.99731E-05 0.21173 9.99731E-05 9.99731E-05 0.0741618 0.277063 0.372887 0.0638584
0.133398 9.99731E-05 0.193052 0.620046 9.99731E-05 0.0206901 9.99731E-05 0.0325127
