0.9998 9.999E-05 9.999E-05
0.450062 0.549838 9.9991E-05
0.0762845 0.893263 0.0304521
9.999E-05 0.9998 9.999E-05
0.289242 0.710658 9.9991E-05
9.999E-05 0.9998 9.999E-05
0.633573 0.366327 9.99911E-05
0.217876 0.782024 9.9991E-05
0.636368 0.363532 9.9991E-05
0.971775 0.028125 9.9991E-05
0.982987 0.0169131 9.9991E-05
0.972283 0.0276168 9.9991E-05
0.967378 0.0325217 9.99911E-05
9.9991E-05 0.970424 0.0294765
9.9991E-05 0.994384 0.0055159
0.960091 0.0398094 9.9991E-05
0.745459 0.0731719 0.18137
0.239079 0.0358022 0.725119
9.999E-05 9.999E-05 0.9998
0.9998 9.999E-05 9.999E-05
9.999E-05 9.999E-05 0.9998
0.9998 9.999E-05 9.999E-05
0.375126 0.0825505 0.542324
9.999E-05 9.999E-05 0.9998
9.999E-05 0.9998 9.999E-05
9.999E-05 0.9998 9.999E-05
0.9998 9.999E-05 9.999E-05
9.999E-05 0.9998 9.999E-05
0.00946505 0.990435 9.9991E-05
9.9991E-05 0.950988 0.0489119
0.0190618 0.942604 0.0383339
0.412839 0.587061 9.99911E-05
9.999E-05 0.9998 9.999E-05
0.148067 0.851833 9.9991E-05
0.910186 0.0867041 0.00311022
9.999E-05 0.9998 9.999E-05
0.961387 0.0385134 9.9991E-05
0.797574 0.182512 0.0199143
0.610386 0.186561 0.203053
0.884111 0.115789 9.9991E-05
0.909802 0.0883118 0.00188639
0.986424 9.9991E-05 0.0134755
0.973007 0.0268929 9.9991E-05
0.990965 0.00893522 9.9991E-05
0.839919 9.9991E-05 0.159981
0.835805 0.131864 0.0323312
0.851306 0.143062 0.0056316
0.989477 9.99911E-05 0.0104228
0.129585 0.851593 0.0188221
0.206937 0.780517 0.0125458
0.151848 0.812501 0.0356513
0.126476 0.848832 0.0246919
0.105845 0.885119 0.00903619
0.198742 0.746436 0.0548223
0.20093 0.79897 9.9991E-05
0.9998 9.999E-05 9.999E-05
0.455232 0.544668 9.9991E-05
9.999E-05 0.9998 9.999E-05
0.9998 9.999E-05 9.999E-05
0.940645 0.0592551 9.9991E-05
0.9998 9.999E-05 9.999E-05
0.9998 9.999E-05 9.999E-05
0.979413 9.9991E-05 0.0204871
0.0410245 9.9991E-05 0.958876
9.999E-05 0.9998 9.999E-05
0.507879 0.405587 0.0865337
9.999E-05 0.9998 9.999E-05
9.999E-05 0.9998 9.999E-05
9.999E-05 0.9998 9.999E-05
9.999E-05 0.9998 9.999E-05
0.0162758 0.983624 9.9991E-05
9.999E-05 0.9998 9.999E-05
0.0578239 0.942076 9.99911E-05
0.109214 0.876654 0.0141319
0.0100308 0.989869 9.9991E-05
0.838431 0.161469 9.9991E-05
0.817515 0.182385 9.9991E-05
0.630974 0.114878 0.254148
0.604194 0.1167 0.279106
0.94599 0.0539104 9.9991E-05
0.963318 0.0363248 0.000357009
0.590517 0.122631 0.286852
0.586949 0.136672 0.27638
0.9998 9.999E-05 9.999E-05
0.960727 0.0262395 0.0130334
0.427569 0.572331 9.9991E-05
0.731979 0.0675313 0.20049
0.811687 9.9991E-05 0.188213
9.9991E-05 0.915192 0.0847076
