9.999E-05 0.9998 9.999E-05
0.52702 0.47288 9.9991E-05
0.841904 0.116906 0.0411899
0.9998 9.999E-05 9.999E-05
0.685944 0.313956 9.9991E-05
0.99886 9.9991E-05 0.00103969
0.340211 0.659689 9.99911E-05
0.781925 0.217975 9.9991E-05
0.350347 0.649553 9.9991E-05
0.0203881 0.979512 9.9991E-05
0.0115598 0.98834 9.9991E-05
0.0384557 0.961444 9.9991E-05
0.0553563 0.944544 9.99911E-05
0.970704 9.9991E-05 0.029196
0.969953 0.0122334 0.0178132
0.0576725 0.942227 9.9991E-05
0.0471987 0.747314 0.205488
0.0223579 0.226036 0.751606
9.999E-05 9.999E-05 0.9998
9.999E-05 0.9998 9.999E-05
9.999E-05 9.999E-05 0.9998
9.999E-05 0.9998 9.999E-05
0.0886922 0.33759 0.573718
9.999E-05 9.999E-05 0.9998
0.9998 9.999E-05 9.999E-05
0.9998 9.999E-05 9.999E-05
9.999E-05 0.9998 9.999E-05
0.9998 9.999E-05 9.999E-05
0.9998 9.999E-05 9.999E-05
0.903369 0.0226663 0.0739644
0.954006 9.9991E-05 0.0458943
0.580914 0.418986 9.99911E-05
0.9998 9.999E-05 9.999E-05
0.847449 0.152451 9.9991E-05
0.0714132 0.928487 9.9991E-05
0.9998 9.999E-05 9.999E-05
0.0635101 0.93639 9.9991E-05
0.163503 0.823539 0.0129577
0.170149 0.635507 0.194345
0.104857 0.895043 9.9991E-05
0.0524136 0.944601 0.0029852
9.9991E-05 0.971368 0.0285324
0.038358 0.961542 9.9991E-05
9.999E-05 0.9998 9.999E-05
0.00126829 0.834328 0.164403
0.101265 0.848416 0.0503191
0.163853 0.831423 0.00472434
9.99911E-05 0.992649 0.00725081
0.814013 0.159816 0.0261706
0.826284 0.133351 0.040365
0.796923 0.166916 0.0361612
0.820294 0.142564 0.0371418
0.881915 0.0948806 0.0232039
0.727492 0.207482 0.0650252
0.766696 0.233204 9.9991E-05
9.999E-05 0.9998 9.999E-05
0.545835 0.454065 9.9991E-05
0.9998 9.999E-05 9.999E-05
0.0096321 0.990268 9.9991E-05
0.0660331 0.933867 9.9991E-05
9.999E-05 0.9998 9.999E-05
9.999E-05 0.9998 9.999E-05
9.9991E-05 0.973932 0.0259676
9.9991E-05 0.126145 0.873755
0.9998 9.999E-05 9.999E-05
0.359817 0.542161 0.0980222
0.9998 9.999E-05 9.999E-05
0.996087 0.00381339 9.9991E-05
0.9998 9.999E-05 9.999E-05
0.9998 9.999E-05 9.999E-05
0.966997 0.0329027 9.9991E-05
0.9998 9.999E-05 9.999E-05
0.957148 0.0427518 9.99911E-05
0.879182 0.115667 0.00515101
0.9998 9.999E-05 9.999E-05
0.148492 0.851408 9.9991E-05
0.157148 0.842752 9.9991E-05
0.102229 0.612215 0.285556
0.101971 0.60283 0.295199
0.0245587 0.975341 9.9991E-05
0.0386521 0.961248 9.9991E-05
0.136867 0.57079 0.292342
0.104877 0.600119 0.295004
9.999E-05 0.9998 9.999E-05
0.0296654 0.936929 0.033406
0.552945 0.446955 9.9991E-05
0.0558625 0.722131 0.222006
9.9991E-05 0.816247 0.183653
0.898013 0.0212442 0.0807424
