9.99279E-05 9.99279E-05 0.0351585 0.0298601 9.99279E-05 9.99279E-05 0.934182 9.99279E-05 9.99279E-05 9.99279E-05 9.99279E-05
9.99458E-05 9.99458E-05 9.99458E-05 0.0184202 0.472198 9.99458E-05 0.230395 0.114513 0.163874 9.99458E-05 9.99458E-05
9.99464E-05 0.0640606 9.99464E-05 0.0315323 0.17666 9.99464E-05 9.99464E-05 9.99464E-05 0.707387 0.0197597 9.99464E-05
0.0917099 9.9937E-05 9.9937E-05 0.01476 9.9937E-05 0.0288776 9.9937E-05 9.9937E-05 0.863953 9.9937E-05 9.9937E-05
0.0478194 9.99641E-05 0.161692 9.99641E-05 0.36872 0.0567928 0.0492715 9.99641E-05 0.278845 9.99641E-05 0.0364601
9.9928E-05 0.0037849 9.9928E-05 9.9928E-05 9.9928E-05 9.9928E-05 0.00785881 9.9928E-05 0.987557 9.9928E-05 9.9928E-05
9.99281E-05 0.264356 9.99281E-05 9.99281E-05 0.564497 9.99281E-05 9.99281E-05 0.170348 9.99281E-05 9.99281E-05 9.99281E-05
0.169566 9.99549E-05 0.0322182 0.0323164 0.627696 0.064236 9.99549E-05 9.99549E-05 0.073468 9.99549E-05 9.99549E-05
9.99369E-05 0.132384 0.0552273 9.99369E-05 0.567769 9.99369E-05 9.99369E-05 0.24392 9.99369E-05 9.99369E-05 9.99369E-05
9.99191E-05 9.99191E-05 0.957187 9.99191E-05 0.041914 9.99191E-05 9.99191E-05 9.99191E-05 9.99191E-05 9.99191E-05 9.99191E-05
9.99192E-05 9.99192E-05 0.992261 9.99192E-05 0.00683968 9.99192E-05 9.99192E-05 9.99192E-05 9.99192E-05 9.99192E-05 9.99192E-05
0.0335168 0.191322 9.9937E-05 0.107567 9.9937E-05 9.9937E-05 0.666894 9.9937E-05 9.9937E-05 9.9937E-05 9.9937E-05
0.00869369 0.950056 9.99281E-05 9.99281E-05 0.0404512 9.99281E-05 9.99281E-05 9.99281E-05 9.99281E-05 9.99281E-05 9.99281E-05
9.99281E-05 9.99281E-05 9.99281E-05 9.99281E-05 9.99281E-05 9.99281E-05 0.017385 9.99281E-05 0.977423 0.00439298 9.99281E-05
9.9928E-05 9.9928E-05 9.9928E-05 9.9928E-05 9.9928E-05 9.9928E-05 0.0347132 9.9928E-05 0.96304 0.00144738 9.9928E-05
9.9928E-05 0.141931 9.9928E-05 9.9928E-05 9.9928E-05 9.9928E-05 9.9928E-05 0.78514 9.9928E-05 9.9928E-05 0.0721299
9.99188E-05 9.99188E-05 0.0983187 9.99188E-05 9.99188E-05 9.99188E-05 9.99188E-05 9.99188E-05 9.99188E-05 9.99188E-05 0.900782
9.99459E-05 9.99459E-05 0.127711 9.99459E-05 9.99459E-05 0.0337082 0.0551418 0.0863846 9.99459E-05 0.696455 9.99459E-05
9.9919E-05 9.9919E-05 9.9919E-05 0.101185 9.9919E-05 9.9919E-05 9.9919E-05 9.9919E-05 9.9919E-05 0.897916 9.9919E-05
9.99459E-05 9.99459E-05 0.41162 0.0350964 9.99459E-05 9.99459E-05 0.0778562 0.310482 9.99459E-05 9.99459E-05 0.164345
9.9911E-05 9.9911E-05 9.9911E-05 9.9911E-05 9.9911E-05 9.9911E-05 9.9911E-05 9.9911E-05 9.9911E-05 0.999001 9.9911E-05
9.99459E-05 0.0696146 0.0384244 9.99459E-05 9.99459E-05 9.99459E-05 0.481072 0.307111 9.99459E-05 9.99459E-05 0.103178
9.99371E-05 9.99371E-05 0.162473 0.214613 9.99371E-05 9.99371E-05 9.99371E-05 9.99371E-05 9.99371E-05 0.345757 0.276457
9.9928E-05 9.9928E-05 9.9928E-05 0.0581599 9.9928E-05 9.9928E-05 9.9928E-05 9.9928E-05 9.9928E-05 0.894909 0.0461315
0.657578 9.99191E-05 9.99191E-05 9.99191E-05 9.99191E-05 9.99191E-05 9.99191E-05 9.99191E-05 0.341523 9.99191E-05 9.99191E-05
0.208211 9.9919E-05 9.9919E-05 9.9919E-05 9.9919E-05 9.9919E-05 9.9919E-05 9.9919E-05 0.79089 9.9919E-05 9.9919E-05
9.99459E-05 0.77752 0.0883226 0.0441023 9.99459E-05 9.99459E-05 0.0576741 9.99459E-05 9.99459E-05 9.99459E-05 0.0317814
0.999001 9.99101E-05 9.99101E-05 9.99101E-05 9.99101E-05 9.99101E-05 9.99101E-05 9.99101E-05 9.99101E-05 9.99101E-05 9.99101E-05
0.999001 9.99101E-05 9.99101E-05 9.99101E-05 9.99101E-05 9.99101E-05 9.99101E-05 9.99101E-05 9.99101E-05 9.99101E-05 9.99101E-05
0.364832 0.0327453 9.99641E-05 9.99641E-05 0.0947517 0.189835 9.99641E-05 9.99641E-05 0.298562 0.0112752 0.00759925
0.260654 9.99459E-05 9.99459E-05 9.99459E-05 0.369706 0.063428 9.99459E-05 9.99459E-05 0.240768 9.99459E-05 0.0648448
9.9937E-05 9.9937E-05 9.9937E-05 9.9937E-05 0.688077 0.0777681 0.200282 0.0331732 9.9937E-05 9.9937E-05 9.9937E-05
0.354107 9.99281E-05 9.99281E-05 9.99281E-05 0.0471973 9.99281E-05 9.99281E-05 9.99281E-05 0.597896 9.99281E-05 9.99281E-05
0.0703105 9.99371E-05 9.99371E-05 0.0173004 0.167122 0.744567 9.99371E-05 9.99371E-05 9.99371E-05 9.99371E-05 9.99371E-05
0.056674 0.481521 0.00665912 0.0911371 9.99638E-05 0.00194379 0.0450117 9.99638E-05 9.99638E-05 9.99638E-05 0.316653
0.641319 0.00251202 9.99369E-05 9.99369E-05 9.99369E-05 9.99369E-05 9.99369E-05 9.99369E-05 0.327685 9.99369E-05 0.0277844
9.9919E-05 9.9919E-05 9.9919E-05 9.9919E-05 9.9919E-05 9.9919E-05 0.937458 9.9919E-05 9.9919E-05 9.9919E-05 0.0616424
9.99459E-05 9.99459E-05 0.634498 9.99459E-05 0.152696 9.99459E-05 0.204986 9.99459E-05 0.00192478 0.0052958 9.99459E-05
9.99188E-05 9.99188E-05 9.99188E-05 9.99188E-05 0.0484252 9.99188E-05 9.99188E-05 9.99188E-05 9.99188E-05 9.99188E-05 0.950676
9.99459E-05 9.99459E-05 0.247337 9.99459E-05 9.99459E-05 9.99459E-05 0.218989 0.297246 0.11841 9.99459E-05 0.117418
9.99639E-05 9.99639E-05 0.283829 0.034785 9.99639E-05 9.99639E-05 0.270719 0.266962 0.104802 0.00191356 0.0365897
9.9937E-05 9.9937E-05 0.91142 9.9937E-05 9.9937E-05 9.9937E-05 0.0407094 0.0349362 9.9937E-05 9.9937E-05 0.0122347
9.99444E-05 0.0864073 9.99444E-05 9.99444E-05 9.99444E-05 9.99444E-05 0.0285343 0.87083 9.99444E-05 0.013529 9.99444E-05
9.99459E-05 0.0300462 0.888711 0.00495239 9.99459E-05 9.99459E-05 0.0303502 9.99459E-05 9.99459E-05 9.99459E-05 0.0453404
9.997E-05 0.15828 0.40128 0.119425 9.997E-05 0.0179196 0.0845376 0.0744499 9.997E-05 0.0836109 0.0601972
9.995E-05 9.995E-05 0.477671 9.995E-05 9.995E-05 9.995E-05 0.140299 0.185838 0.0746182 0.025737 0.0953372
9.9955E-05 0.117211 0.219085 9.9955E-05 9.9955E-05 0.0714856 0.197697 9.9955E-05 0.0667914 9.9955E-05 0.327229
9.99106E-05 9.99106E-05 9.99106E-05 9.99106E-05 9.99106E-05 9.99106E-05 0.999001 9.99106E-05 9.99106E-05 9.99106E-05 9.99106E-05
9.99101E-05 9.99101E-05 9.99101E-05 9.99101E-05 9.99101E-05 0.999001 9.99101E-05 9.99101E-05 9.99101E-05 9.99101E-05 9.99101E-05
9.99191E-05 9.99191E-05 9.99191E-05 9.99191E-05 9.99191E-05 0.998794 9.99191E-05 9.99191E-05 9.99191E-05 0.000306257 9.99191E-05
9.99191E-05 9.99191E-05 9.99191E-05 9.99191E-05 9.99191E-05 0.981945 9.99191E-05 0.0171561 9.99191E-05 9.99191E-05 9.99191E-05
9.99101E-05 9.99101E-05 9.99101E-05 9.99101E-05 9.99101E-05 0.999001 9.99101E-05 9.99101E-05 9.99101E-05 9.99101E-05 9.99101E-05
9.99101E-05 9.99101E-05 9.99101E-05 9.99101E-05 9.99101E-05 0.999001 9.99101E-05 9.99101E-05 9.99101E-05 9.99101E-05 9.99101E-05
0.123686 9.99731E-05 0.00225859 9.99731E-05 0.336273 0.38991 9.99731E-05 0.08746 0.0115328 0.0294946 0.0190854
9.9937E-05 9.9937E-05 9.9937E-05 9.9937E-05 0.0449466 0.937416 0.00770429 0.00923336 9.9937E-05 9.9937E-05 9.9937E-05
9.99201E-05 0.0411155 9.99201E-05 9.99201E-05 9.99201E-05 9.99201E-05 0.79895 0.159135 9.99201E-05 9.99201E-05 9.99201E-05
9.99457E-05 9.99457E-05 9.99457E-05 0.0143365 0.609708 0.0974574 0.160579 0.11732 9.99457E-05 9.99457E-05 9.99457E-05
0.49369 9.99189E-05 9.99189E-05 9.99189E-05 9.99189E-05 9.99189E-05 9.99189E-05 9.99189E-05 0.505411 9.99189E-05 9.99189E-05
9.9937E-05 0.832326 9.9937E-05 0.0348185 9.9937E-05 9.9937E-05 0.0549848 0.0771712 9.9937E-05 9.9937E-05 9.9937E-05
9.99192E-05 0.0505858 9.99192E-05 9.99192E-05 9.99192E-05 9.99192E-05 9.99192E-05 0.948515 9.99192E-05 9.99192E-05 9.99192E-05
9.99193E-05 0.99517 9.99193E-05 9.99193E-05 0.00393118 9.99193E-05 9.99193E-05 9.99193E-05 9.99193E-05 9.99193E-05 9.99193E-05
9.99279E-05 0.893392 0.101714 9.99279E-05 9.99279E-05 9.99279E-05 0.00409474 9.99279E-05 9.99279E-05 9.99279E-05 9.99279E-05
9.99279E-05 0.844386 0.0833133 0.0715013 9.99279E-05 9.99279E-05 9.99279E-05 9.99279E-05 9.99279E-05 9.99279E-05 9.99279E-05
9.99372E-05 9.99372E-05 9.99372E-05 9.99372E-05 0.0124326 0.00426718 0.0849986 9.99372E-05 9.99372E-05 0.897602 9.99372E-05
0.643995 9.99193E-05 9.99193E-05 9.99193E-05 9.99193E-05 9.99193E-05 9.99193E-05 9.99193E-05 0.355106 9.99193E-05 9.99193E-05
0.0119771 0.0163152 0.0571967 9.9982E-05 0.0737059 0.162431 0.139074 0.22735 0.151812 9.9982E-05 0.159939
9.99371E-05 0.0100247 9.99371E-05 9.99371E-05 0.0100775 9.99371E-05 9.99371E-05 0.0220888 0.957109 9.99371E-05 9.99371E-05
0.231803 9.9946E-05 9.9946E-05 9.9946E-05 9.9946E-05 0.0634757 0.0232244 9.9946E-05 0.669315 9.9946E-05 0.0115826
0.981228 9.9919E-05 9.9919E-05 9.9919E-05 9.9919E-05 9.9919E-05 9.9919E-05 0.0178728 9.9919E-05 9.9919E-05 9.9919E-05
0.999001 9.99101E-05 9.99101E-05 9.99101E-05 9.99101E-05 9.99101E-05 9.99101E-05 9.99101E-05 9.99101E-05 9.99101E-05 9.99101E-05
0.275395 9.9946E-05 0.0489651 9.9946E-05 0.0981031 9.9946E-05 9.9946E-05 9.9946E-05 0.561778 9.9946E-05 0.0151592
0.523083 9.99279E-05 9.99279E-05 9.99279E-05 9.99279E-05 9.99279E-05 9.99279E-05 9.99279E-05 0.462399 9.99279E-05 0.0137185
0.0526035 9.9946E-05 9.9946E-05 9.9946E-05 0.74535 0.0437588 9.9946E-05 9.9946E-05 0.156699 9.9946E-05 0.000989727
0.18314 0.0286822 9.99281E-05 9.99281E-05 0.787378 9.99281E-05 9.99281E-05 9.99281E-05 9.99281E-05 9.99281E-05 9.99281E-05
0.0777237 9.9946E-05 9.9946E-05 0.00330946 9.9946E-05 0.0413774 9.9946E-05 0.0194313 0.857559 9.9946E-05 9.9946E-05
0.000423699 9.9937E-05 9.9937E-05 9.9937E-05 9.9937E-05 0.037282 9.9937E-05 0.957523 0.00407151 9.9937E-05 9.9937E-05
9.99189E-05 9.99189E-05 9.99189E-05 9.99189E-05 9.99189E-05 0.0166069 9.99189E-05 0.982494 9.99189E-05 9.99189E-05 9.99189E-05
9.99102E-05 9.99102E-05 9.99102E-05 0.999001 9.99102E-05 9.99102E-05 9.99102E-05 9.99102E-05 9.99102E-05 9.99102E-05 9.99102E-05
9.99101E-05 9.99101E-05 9.99101E-05 0.999001 9.99101E-05 9.99101E-05 9.99101E-05 9.99101E-05 9.99101E-05 9.99101E-05 9.99101E-05
0.0131427 0.035953 0.781119 9.99549E-05 9.99549E-05 0.0176394 0.047987 0.103659 9.99549E-05 9.99549E-05 9.99549E-05
9.99459E-05 0.0454529 0.806019 9.99459E-05 9.99459E-05 0.00165855 0.0420308 0.104239 9.99459E-05 9.99459E-05 9.99459E-05
9.99281E-05 9.99281E-05 9.99281E-05 0.980497 0.0150753 9.99281E-05 9.99281E-05 0.00362831 9.99281E-05 9.99281E-05 9.99281E-05
9.99101E-05 9.99101E-05 9.99101E-05 0.999001 9.99101E-05 9.99101E-05 9.99101E-05 9.99101E-05 9.99101E-05 9.99101E-05 9.99101E-05
9.99188E-05 0.0865308 9.99188E-05 9.99188E-05 9.99188E-05 9.99188E-05 0.91257 9.99188E-05 9.99188E-05 9.99188E-05 9.99188E-05
9.9955E-05 0.15336 0.186995 9.9955E-05 9.9955E-05 9.9955E-05 0.062465 0.516866 0.00611279 0.0737011 9.9955E-05
9.99458E-05 9.99458E-05 0.00393921 9.99458E-05 0.638492 0.153805 0.14827 0.0548937 9.99458E-05 9.99458E-05 9.99458E-05
0.0190041 0.114 0.155366 9.99462E-05 9.99462E-05 9.99462E-05 9.99462E-05 9.99462E-05 9.99462E-05 0.027337 0.683694
9.99461E-05 0.165241 9.99461E-05 0.0521168 9.99461E-05 9.99461E-05 0.0761793 9.99461E-05 9.99461E-05 0.00384588 0.702017
0.417968 9.99551E-05 9.99551E-05 0.0155223 0.460501 0.0380964 9.99551E-05 9.99551E-05 0.033705 0.0337076 9.99551E-05
