9.99279E-05 9.99279E-05 9.99279E-05 0.0375399 9.99279E-05 9.99279E-05 0.954904 9.99279E-05 9.99279E-05 0.00675681 9.99279E-05
9.99369E-05 9.99369E-05 9.99369E-05 9.99369E-05 0.0813668 9.99369E-05 0.0770985 0.113178 9.99369E-05 9.99369E-05 0.727657
0.110815 0.0934103 0.00750291 9.99644E-05 9.99644E-05 9.99644E-05 9.99644E-05 0.737599 0.00493884 0.0158295 0.0295051
9.9928E-05 9.9928E-05 9.9928E-05 0.00887595 9.9928E-05 9.9928E-05 9.9928E-05 0.952823 9.9928E-05 0.0375019 9.9928E-05
9.99641E-05 0.154196 0.0376295 0.0915033 0.0966713 9.99641E-05 0.012647 0.312918 9.99641E-05 9.99641E-05 0.294035
9.9937E-05 9.9937E-05 9.9937E-05 0.00847609 0.0475405 9.9937E-05 9.9937E-05 0.94077 0.00251342 9.9937E-05 9.9937E-05
0.291305 0.199817 9.99371E-05 9.99371E-05 9.99371E-05 0.168087 9.99371E-05 9.99371E-05 9.99371E-05 9.99371E-05 0.340091
9.99549E-05 0.654065 0.0914431 0.080327 9.99549E-05 9.99549E-05 9.99549E-05 0.078396 9.99549E-05 0.0246889 0.0705799
0.198324 0.143043 9.99371E-05 9.99371E-05 9.99371E-05 0.249801 9.99371E-05 9.99371E-05 9.99371E-05 9.99371E-05 0.408132
9.99102E-05 9.99102E-05 9.99102E-05 0.999001 9.99102E-05 9.99102E-05 9.99102E-05 9.99102E-05 9.99102E-05 9.99102E-05 9.99102E-05
9.99192E-05 0.0207715 9.99192E-05 0.978329 9.99192E-05 9.99192E-05 9.99192E-05 9.99192E-05 9.99192E-05 9.99192E-05 9.99192E-05
0.124961 0.0130916 9.9946E-05 9.9946E-05 9.9946E-05 9.9946E-05 0.681907 0.0655068 9.9946E-05 0.113934 9.9946E-05
0.952296 0.0468044 9.99191E-05 9.99191E-05 9.99191E-05 9.99191E-05 9.99191E-05 9.99191E-05 9.99191E-05 9.99191E-05 9.99191E-05
9.99281E-05 9.99281E-05 9.99281E-05 9.99281E-05 0.0424456 9.99281E-05 9.99281E-05 0.944877 9.99281E-05 9.99281E-05 0.0118778
9.9937E-05 9.9937E-05 9.9937E-05 0.0027673 9.9937E-05 9.9937E-05 0.0504225 0.930177 0.0159334 9.9937E-05 9.9937E-05
0.214307 9.9937E-05 9.9937E-05 0.0540636 0.0294128 0.701517 9.9937E-05 9.9937E-05 9.9937E-05 9.9937E-05 9.9937E-05
9.99189E-05 9.99189E-05 9.99189E-05 0.057425 0.941676 9.99189E-05 9.99189E-05 9.99189E-05 9.99189E-05 9.99189E-05 9.99189E-05
9.99549E-05 9.99549E-05 0.0525673 0.0242332 9.99549E-05 0.0712015 0.0361955 9.99549E-05 0.732135 9.99549E-05 0.0831674
0.0068423 9.9928E-05 9.9928E-05 9.9928E-05 9.9928E-05 9.9928E-05 9.9928E-05 9.9928E-05 0.904781 0.0875775 9.9928E-05
9.99459E-05 9.99459E-05 9.99459E-05 0.49427 0.0406174 0.309485 0.0965776 9.99459E-05 9.99459E-05 0.05845 9.99459E-05
9.99101E-05 9.99101E-05 9.99101E-05 9.99101E-05 9.99101E-05 9.99101E-05 9.99101E-05 9.99101E-05 0.999001 9.99101E-05 9.99101E-05
0.0381761 9.99549E-05 9.99549E-05 0.0906895 0.0668518 0.288756 0.504994 9.99549E-05 9.99549E-05 0.0100322 9.99549E-05
9.99371E-05 9.99371E-05 9.99371E-05 0.203741 0.27793 9.99371E-05 9.99371E-05 9.99371E-05 0.354298 0.163332 9.99371E-05
9.99369E-05 9.99369E-05 9.99369E-05 0.02809 0.0608672 9.99369E-05 9.99369E-05 9.99369E-05 0.871336 0.0390075 9.99369E-05
9.99192E-05 0.00129786 9.99192E-05 9.99192E-05 9.99192E-05 9.99192E-05 9.99192E-05 0.997803 9.99192E-05 9.99192E-05 9.99192E-05
9.99191E-05 9.99191E-05 0.0080512 9.99191E-05 9.99191E-05 9.99191E-05 9.99191E-05 0.99105 9.99191E-05 9.99191E-05 9.99191E-05
0.73851 9.99458E-05 9.99458E-05 0.0825833 0.0335386 9.99458E-05 0.07931 9.99458E-05 9.99458E-05 0.0654583 9.99458E-05
9.9928E-05 0.0018283 0.101223 9.9928E-05 9.9928E-05 9.9928E-05 9.9928E-05 0.896149 9.9928E-05 9.9928E-05 9.9928E-05
0.0297092 0.0147699 0.114248 9.9946E-05 9.9946E-05 9.9946E-05 9.9946E-05 0.825485 9.9946E-05 9.9946E-05 0.0151887
0.00516025 0.23532 0.156294 9.99641E-05 0.0060385 9.99641E-05 9.99641E-05 0.558889 0.0232617 0.0146367 9.99641E-05
9.99459E-05 0.39136 0.12845 9.99459E-05 0.0447927 9.99459E-05 9.99459E-05 0.416776 9.99459E-05 0.0180214 9.99459E-05
9.99102E-05 9.99102E-05 9.99102E-05 9.99102E-05 9.99102E-05 9.99102E-05 9.99102E-05 9.99102E-05 9.99102E-05 9.99102E-05 0.999001
9.99371E-05 0.133164 9.99371E-05 9.99371E-05 0.0013899 0.0141484 9.99371E-05 0.850598 9.99371E-05 9.99371E-05 9.99371E-05
9.99371E-05 0.270621 0.668753 9.99371E-05 9.99371E-05 9.99371E-05 9.99371E-05 9.99371E-05 9.99371E-05 0.0173595 0.0425671
0.469047 0.0621914 9.99548E-05 0.00901282 0.275712 9.99548E-05 0.0664162 9.99548E-05 9.99548E-05 0.117121 9.99548E-05
0.0105795 0.0482384 9.99369E-05 9.99369E-05 0.0121425 9.99369E-05 9.99369E-05 0.92834 9.99369E-05 9.99369E-05 9.99369E-05
9.9919E-05 0.0134837 9.9919E-05 9.9919E-05 9.9919E-05 9.9919E-05 0.985617 9.9919E-05 9.9919E-05 9.9919E-05 9.9919E-05
9.9955E-05 9.9955E-05 0.00217546 0.646299 0.0272735 9.9955E-05 0.100927 0.037739 9.9955E-05 9.9955E-05 0.185086
9.99101E-05 9.99101E-05 9.99101E-05 9.99101E-05 0.999001 9.99101E-05 9.99101E-05 9.99101E-05 9.99101E-05 9.99101E-05 9.99101E-05
9.99458E-05 9.99458E-05 9.99458E-05 0.224256 0.113539 0.283212 0.275235 0.103158 9.99458E-05 9.99458E-05 9.99458E-05
9.99639E-05 9.99639E-05 9.99639E-05 0.267646 0.0727467 0.28093 0.310775 0.054918 0.00382508 0.00875922 9.99639E-05
9.99459E-05 9.99459E-05 9.99459E-05 0.912989 0.0181479 0.00250349 0.0628418 9.99459E-05 0.00291805 9.99459E-05 9.99459E-05
0.0428898 9.9955E-05 9.9955E-05 0.0125437 9.9955E-05 0.868113 0.0476486 9.9955E-05 0.00830096 9.9955E-05 0.0200045
0.00465292 9.9937E-05 9.9937E-05 0.930014 0.0111296 9.9937E-05 0.0535035 9.9937E-05 9.9937E-05 9.9937E-05 9.9937E-05
0.18788 9.9964E-05 9.9964E-05 0.477097 9.9964E-05 0.0334303 0.0539418 9.9964E-05 0.102631 0.113633 0.0309864
0.0101735 9.9955E-05 9.9955E-05 0.50305 9.9955E-05 0.199693 0.143735 0.100091 0.0427574 9.9955E-05 9.9955E-05
0.177844 9.9964E-05 0.0634962 0.273518 0.21019 9.9964E-05 0.172483 0.0858318 9.9964E-05 0.0162374 9.9964E-05
9.99195E-05 9.99195E-05 9.99195E-05 9.99195E-05 9.99195E-05 9.99195E-05 0.98721 9.99195E-05 0.0118907 9.99195E-05 9.99195E-05
9.99101E-05 9.99101E-05 0.999001 9.99101E-05 9.99101E-05 9.99101E-05 9.99101E-05 9.99101E-05 9.99101E-05 9.99101E-05 9.99101E-05
9.99101E-05 9.99101E-05 0.999001 9.99101E-05 9.99101E-05 9.99101E-05 9.99101E-05 9.99101E-05 9.99101E-05 9.99101E-05 9.99101E-05
9.99261E-05 9.99261E-05 0.995803 9.99261E-05 9.99261E-05 9.99261E-05 9.99261E-05 9.99261E-05 9.99261E-05 9.99261E-05 0.00329809
9.99281E-05 9.99281E-05 0.989711 0.00205201 9.99281E-05 9.99281E-05 9.99281E-05 9.99281E-05 0.0074371 9.99281E-05 9.99281E-05
9.99191E-05 9.99191E-05 0.994123 9.99191E-05 9.99191E-05 9.99191E-05 9.99191E-05 0.00497739 9.99191E-05 9.99191E-05 9.99191E-05
9.995E-05 0.33278 0.342367 9.995E-05 9.995E-05 0.13722 9.995E-05 0.0981165 0.0290957 9.995E-05 0.0599217
9.99371E-05 9.99371E-05 0.958353 9.99371E-05 9.99371E-05 0.0130008 0.0142966 9.99371E-05 9.99371E-05 9.99371E-05 0.0136504
0.0239287 9.99279E-05 9.99279E-05 9.99279E-05 9.99279E-05 0.147741 0.827531 9.99279E-05 9.99279E-05 9.99279E-05 9.99279E-05
9.99278E-05 9.99278E-05 0.046028 9.99278E-05 9.99278E-05 9.99278E-05 9.99278E-05 9.99278E-05 9.99278E-05 0.0167448 0.936428
9.99279E-05 0.0318509 9.99279E-05 9.99279E-05 0.0205255 9.99279E-05 9.99279E-05 0.946824 9.99279E-05 9.99279E-05 9.99279E-05
0.784589 9.9946E-05 0.00512241 9.9946E-05 9.9946E-05 0.0770018 0.102235 9.9946E-05 9.9946E-05 0.0304524 9.9946E-05
0.0912122 9.99192E-05 9.99192E-05 9.99192E-05 9.99192E-05 0.907889 9.99192E-05 9.99192E-05 9.99192E-05 9.99192E-05 9.99192E-05
0.999001 9.99102E-05 9.99102E-05 9.99102E-05 9.99102E-05 9.99102E-05 9.99102E-05 9.99102E-05 9.99102E-05 9.99102E-05 9.99102E-05
0.876842 9.99279E-05 9.99279E-05 0.105713 9.99279E-05 9.99279E-05 9.99279E-05 0.0166456 9.99279E-05 9.99279E-05 9.99279E-05
0.812958 9.99368E-05 9.99368E-05 0.113529 0.00494537 9.99368E-05 9.99368E-05 9.99368E-05 9.99368E-05 0.0678681 9.99368E-05
9.99282E-05 9.99282E-05 0.00654607 9.99282E-05 9.99282E-05 9.99282E-05 0.105505 9.99282E-05 0.887149 9.99282E-05 9.99282E-05
9.99194E-05 9.99194E-05 9.99194E-05 0.00943569 9.99194E-05 9.99194E-05 9.99194E-05 0.989665 9.99194E-05 9.99194E-05 9.99194E-05
9.9982E-05 0.164774 0.119801 9.9982E-05 0.0214444 0.181798 0.237051 0.16024 0.0367375 0.0337644 0.0441903
0.0246208 0.0468234 9.99283E-05 9.99283E-05 9.99283E-05 9.99283E-05 9.99283E-05 0.927756 9.99283E-05 9.99283E-05 9.99283E-05
9.9928E-05 9.9928E-05 0.028683 9.9928E-05 0.0422296 9.9928E-05 9.9928E-05 0.928288 9.9928E-05 9.9928E-05 9.9928E-05
9.9937E-05 0.0490318 0.018937 9.9937E-05 9.9937E-05 0.0568036 9.9937E-05 0.874528 9.9937E-05 9.9937E-05 9.9937E-05
9.9955E-05 0.0170479 0.00741879 9.9955E-05 9.9955E-05 0.0025583 9.9955E-05 0.913608 0.0060319 9.9955E-05 0.0528352
9.99461E-05 0.0675018 9.99461E-05 0.0561615 0.00637533 9.99461E-05 0.0230247 0.846337 9.99461E-05 9.99461E-05 9.99461E-05
9.99369E-05 9.99369E-05 0.00609598 9.99369E-05 0.0414899 9.99369E-05 9.99369E-05 0.939434 9.99369E-05 0.0122809 9.99369E-05
9.99101E-05 0.999001 9.99101E-05 9.99101E-05 9.99101E-05 9.99101E-05 9.99101E-05 9.99101E-05 9.99101E-05 9.99101E-05 9.99101E-05
0.0329193 0.966181 9.99189E-05 9.99189E-05 9.99189E-05 9.99189E-05 9.99189E-05 9.99189E-05 9.99189E-05 9.99189E-05 9.99189E-05
9.99281E-05 9.99281E-05 9.99281E-05 0.00164732 9.99281E-05 0.0403786 9.99281E-05 0.957175 9.99281E-05 9.99281E-05 9.99281E-05
9.99279E-05 9.99279E-05 0.02605 9.99279E-05 9.99279E-05 0.969553 9.99279E-05 0.00359808 9.99279E-05 9.99279E-05 9.99279E-05
9.9919E-05 9.9919E-05 0.00204418 9.9919E-05 9.9919E-05 0.997057 9.9919E-05 9.9919E-05 9.9919E-05 9.9919E-05 9.9919E-05
9.99191E-05 9.99191E-05 9.99191E-05 9.99191E-05 9.99191E-05 9.99191E-05 0.00321936 9.99191E-05 9.99191E-05 0.995881 9.99191E-05
0.00217508 9.99191E-05 9.99191E-05 9.99191E-05 9.99191E-05 9.99191E-05 9.99191E-05 9.99191E-05 9.99191E-05 0.996926 9.99191E-05
9.99369E-05 9.99369E-05 9.99369E-05 0.808137 9.99369E-05 0.111626 0.007343 9.99369E-05 9.99369E-05 9.99369E-05 0.0721941
0.0177017 9.99459E-05 9.99459E-05 0.762948 9.99459E-05 0.135059 0.0248721 9.99459E-05 9.99459E-05 9.99459E-05 0.0588198
9.99371E-05 9.99371E-05 9.99371E-05 0.00356796 9.99371E-05 0.0115981 9.99371E-05 9.99371E-05 9.99371E-05 0.97168 0.0124547
9.99101E-05 9.99101E-05 9.99101E-05 9.99101E-05 9.99101E-05 9.99101E-05 9.99101E-05 9.99101E-05 9.99101E-05 0.999001 9.99101E-05
0.0127256 9.99369E-05 0.0109257 9.99369E-05 9.99369E-05 0.0223362 0.953313 9.99369E-05 9.99369E-05 9.99369E-05 9.99369E-05
0.157249 9.9955E-05 9.9955E-05 0.164123 9.9955E-05 0.484886 0.0541758 9.9955E-05 0.0709872 9.9955E-05 0.0680785
9.99189E-05 9.99189E-05 0.0318681 9.99189E-05 9.99189E-05 9.99189E-05 9.99189E-05 9.99189E-05 9.99189E-05 9.99189E-05 0.967233
0.254579 9.99552E-05 9.99552E-05 0.259388 0.208093 9.99552E-05 9.99552E-05 0.060417 0.0890084 0.128015 9.99552E-05
0.306882 9.99551E-05 9.99551E-05 9.99551E-05 0.348459 0.00271547 0.13272 9.99551E-05 0.0596954 0.149028 9.99551E-05
9.99551E-05 0.530314 0.071914 9.99551E-05 0.00407265 9.99551E-05 9.99551E-05 0.333723 0.031891 0.0275855 9.99551E-05
