9.99459E-05 9.99459E-05 0.0226077 9.99459E-05 9.99459E-05 0.916323 0.0604695 9.99459E-05 9.99459E-05
0.0250808 0.276402 0.0332198 0.421423 9.99729E-05 0.149267 0.0943079 9.99729E-05 9.99729E-05
0.0409197 0.720228 0.0203567 0.12401 0.0910755 9.99733E-05 9.99733E-05 0.00311039 9.99733E-05
9.9937E-05 0.976595 0.0227053 9.9937E-05 9.9937E-05 9.9937E-05 9.9937E-05 9.9937E-05 9.9937E-05
0.0366298 0.399902 9.997E-05 0.37356 9.997E-05 0.0211165 0.0792153 9.997E-05 0.0892772
9.9937E-05 0.95935 9.9937E-05 9.9937E-05 9.9937E-05 9.9937E-05 9.9937E-05 9.9937E-05 0.0399502
9.99369E-05 9.99369E-05 9.99369E-05 0.816451 0.18285 9.99369E-05 9.99369E-05 9.99369E-05 9.99369E-05
0.23487 0.354607 0.0389579 0.344082 9.9973E-05 9.9973E-05 0.0143572 9.9973E-05 0.0128255
9.99369E-05 9.99369E-05 9.99369E-05 0.873443 0.125858 9.99369E-05 9.99369E-05 9.99369E-05 9.99369E-05
9.99372E-05 9.99372E-05 9.99372E-05 0.0906484 9.99372E-05 9.99372E-05 0.908652 9.99372E-05 9.99372E-05
9.99371E-05 9.99371E-05 9.99371E-05 0.0574155 9.99371E-05 9.99371E-05 0.941885 9.99371E-05 9.99371E-05
9.995E-05 0.0239966 0.125107 9.995E-05 0.176652 0.673745 9.995E-05 9.995E-05 9.995E-05
9.99372E-05 0.0176564 9.99372E-05 9.99372E-05 0.981644 9.99372E-05 9.99372E-05 9.99372E-05 9.99372E-05
9.995E-05 0.955172 9.995E-05 9.995E-05 9.995E-05 0.00969587 9.995E-05 0.0299123 0.00472023
9.9955E-05 0.935189 9.9955E-05 9.9955E-05 9.9955E-05 0.0459136 0.0158701 0.00252757 9.9955E-05
9.9973E-05 0.0145959 9.9973E-05 0.0427667 0.327674 0.0477618 0.529577 9.9973E-05 0.0373246
9.99369E-05 9.99369E-05 9.99369E-05 9.99369E-05 9.99369E-05 9.99369E-05 0.104494 9.99369E-05 0.894806
0.0775122 9.99459E-05 9.99459E-05 9.99459E-05 9.99459E-05 9.99459E-05 0.196542 0.725347 9.99459E-05
9.9937E-05 9.9937E-05 0.100649 9.9937E-05 9.9937E-05 9.9937E-05 9.9937E-05 0.898652 9.9937E-05
9.99459E-05 9.99459E-05 9.99459E-05 9.99459E-05 9.99459E-05 0.10199 0.704388 9.99459E-05 0.193022
9.993E-05 9.993E-05 9.993E-05 9.993E-05 9.993E-05 9.993E-05 9.993E-05 0.999201 9.993E-05
9.99639E-05 9.99639E-05 0.000702871 9.99639E-05 0.128058 0.493996 0.331603 9.99639E-05 0.0452405
0.0197005 9.9964E-05 0.124402 9.9964E-05 9.9964E-05 9.9964E-05 0.0576413 0.320166 0.47769
9.99369E-05 9.99369E-05 9.99369E-05 9.99369E-05 9.99369E-05 9.99369E-05 9.99369E-05 0.862415 0.136886
9.993E-05 0.999201 9.993E-05 9.993E-05 9.993E-05 9.993E-05 9.993E-05 9.993E-05 9.993E-05
0.000937398 0.998363 9.99371E-05 9.99371E-05 9.99371E-05 9.99371E-05 9.99371E-05 9.99371E-05 9.99371E-05
9.99639E-05 9.99639E-05 0.0659481 9.99639E-05 0.768035 0.0408488 0.0922115 9.99639E-05 0.0325564
0.0652736 0.917114 9.9946E-05 9.9946E-05 0.017013 9.9946E-05 9.9946E-05 9.9946E-05 9.9946E-05
0.048218 0.940253 9.9946E-05 9.9946E-05 0.0109297 9.9946E-05 9.9946E-05 9.9946E-05 9.9946E-05
0.21965 0.654043 0.0296433 0.0691428 9.99641E-05 9.99641E-05 9.99641E-05 0.027121 9.99641E-05
0.179814 0.635692 0.0125032 0.114974 9.9964E-05 9.9964E-05 9.9964E-05 9.9964E-05 0.0566168
0.161437 0.0549342 9.9955E-05 0.679616 9.9955E-05 0.103513 9.9955E-05 9.9955E-05 9.9955E-05
9.99372E-05 0.995438 9.99372E-05 9.99372E-05 9.99372E-05 9.99372E-05 9.99372E-05 9.99372E-05 0.00386252
0.816199 0.0921765 9.99462E-05 0.0910248 9.99462E-05 9.99462E-05 9.99462E-05 9.99462E-05 9.99462E-05
0.0032937 0.0431848 0.0823846 9.99819E-05 0.474941 0.0399754 0.000137714 9.99819E-05 0.355883
9.996E-05 0.946702 0.00454518 0.00275593 9.996E-05 0.0196962 9.996E-05 9.996E-05 0.0259012
9.9946E-05 0.033384 9.9946E-05 9.9946E-05 9.9946E-05 0.928821 9.9946E-05 9.9946E-05 0.037195
0.0447011 9.9973E-05 9.9973E-05 0.108273 9.9973E-05 0.149998 0.673881 0.012598 0.010249
9.99459E-05 0.0230935 9.99459E-05 0.00527027 9.99459E-05 9.99459E-05 9.99459E-05 9.99459E-05 0.971037
9.996E-05 0.0905839 9.996E-05 9.996E-05 9.996E-05 0.196985 0.654416 0.00235991 0.0552554
9.99639E-05 0.064945 0.00682542 9.99639E-05 9.99639E-05 0.287397 0.61806 0.0223733 9.99639E-05
9.9946E-05 9.9946E-05 9.9946E-05 9.9946E-05 9.9946E-05 0.0171063 0.934889 9.9946E-05 0.0474047
9.99549E-05 9.99549E-05 9.99549E-05 0.0938479 0.272633 0.0571186 0.575901 9.99549E-05 9.99549E-05
9.9946E-05 9.9946E-05 9.9946E-05 9.9946E-05 0.00277936 9.9946E-05 0.83411 9.9946E-05 0.162511
9.9973E-05 9.9973E-05 0.091316 9.9973E-05 0.145895 0.0421479 0.491903 0.0941811 0.134257
9.9982E-05 0.0670352 9.9982E-05 0.00234451 0.0212839 0.0905303 0.657463 0.0321297 0.129013
0.0653008 0.0581108 9.9982E-05 0.0545063 0.0645409 0.256974 0.101806 9.9982E-05 0.398561
9.99374E-05 9.99374E-05 9.99374E-05 9.99374E-05 9.99374E-05 0.992211 9.99374E-05 0.00708985 9.99374E-05
0.999201 9.993E-05 9.993E-05 9.993E-05 9.993E-05 9.993E-05 9.993E-05 9.993E-05 9.993E-05
0.999201 9.993E-05 9.993E-05 9.993E-05 9.993E-05 9.993E-05 9.993E-05 9.993E-05 9.993E-05
0.992825 9.9937E-05 9.9937E-05 9.9937E-05 0.00647538 9.9937E-05 9.9937E-05 9.9937E-05 9.9937E-05
0.999201 9.993E-05 9.993E-05 9.993E-05 9.993E-05 9.993E-05 9.993E-05 9.993E-05 9.993E-05
0.999201 9.993E-05 9.993E-05 9.993E-05 9.993E-05 9.993E-05 9.993E-05 9.993E-05 9.993E-05
0.449108 0.217157 9.99731E-05 0.239758 0.00808098 9.99731E-05 0.0417196 0.0438771 9.99731E-05
0.957943 9.9937E-05 9.9937E-05 9.9937E-05 9.9937E-05 0.0413572 9.9937E-05 9.9937E-05 9.9937E-05
9.99459E-05 9.99459E-05 9.99459E-05 9.99459E-05 0.0743422 0.850028 0.0750301 9.99459E-05 9.99459E-05
0.210636 0.0252917 0.039922 0.618501 9.99638E-05 0.105249 9.99638E-05 9.99638E-05 9.99638E-05
9.99459E-05 0.985629 9.99459E-05 9.99459E-05 9.99459E-05 0.00461495 9.99459E-05 9.99459E-05 0.00915604
0.00408551 9.9955E-05 0.0475738 9.9955E-05 0.872285 0.0755562 9.9955E-05 9.9955E-05 9.9955E-05
9.99551E-05 0.0647971 9.99551E-05 9.99551E-05 0.367931 0.114955 0.451817 9.99551E-05 9.99551E-05
9.993E-05 9.993E-05 9.993E-05 9.993E-05 0.999201 9.993E-05 9.993E-05 9.993E-05 9.993E-05
9.99459E-05 9.99459E-05 9.99459E-05 9.99459E-05 0.885468 0.0192072 0.0947253 9.99459E-05 9.99459E-05
9.996E-05 9.996E-05 0.0470066 9.996E-05 0.834187 9.996E-05 0.0383562 0.00722499 0.0728257
9.99372E-05 9.99372E-05 9.99372E-05 9.99372E-05 9.99372E-05 0.0718744 9.99372E-05 0.927426 9.99372E-05
9.99373E-05 0.996846 0.0024541 9.99373E-05 9.99373E-05 9.99373E-05 9.99373E-05 9.99373E-05 9.99373E-05
0.0285734 0.32712 0.053785 0.00238186 0.0264215 0.0822645 0.278143 0.0555939 0.145717
9.99372E-05 0.959734 9.99372E-05 9.99372E-05 0.0395665 9.99372E-05 9.99372E-05 9.99372E-05 9.99372E-05
0.00148314 0.939795 9.9955E-05 9.9955E-05 9.9955E-05 0.0135212 9.9955E-05 9.9955E-05 0.0447006
0.0365742 0.910978 9.9955E-05 9.9955E-05 0.0443008 9.9955E-05 0.00764685 9.9955E-05 9.9955E-05
0.0500024 0.925628 9.9964E-05 0.00558355 0.00566695 9.9964E-05 9.9964E-05 0.0127193 9.9964E-05
9.99461E-05 0.899175 9.99461E-05 0.0484266 9.99461E-05 9.99461E-05 0.0517988 9.99461E-05 9.99461E-05
9.99369E-05 0.98197 9.99369E-05 9.99369E-05 9.99369E-05 9.99369E-05 9.99369E-05 9.99369E-05 0.0173302
0.217907 0.445585 9.99552E-05 0.330077 9.99552E-05 9.99552E-05 9.99552E-05 9.99552E-05 0.00593096
0.0821813 0.468177 9.99552E-05 0.399279 0.0498629 9.99552E-05 9.99552E-05 9.99552E-05 9.99552E-05
0.0313332 0.945349 0.0184333 9.99551E-05 9.99551E-05 9.99551E-05 0.00438442 9.99551E-05 9.99551E-05
9.9973E-05 0.0695241 0.0424977 0.111712 0.117816 0.0387677 0.619383 9.9973E-05 9.9973E-05
9.9964E-05 0.0666037 0.0287276 0.133548 0.119263 9.9964E-05 0.651458 9.9964E-05 9.9964E-05
9.993E-05 9.993E-05 0.999201 9.993E-05 9.993E-05 9.993E-05 9.993E-05 9.993E-05 9.993E-05
9.993E-05 9.993E-05 0.999201 9.993E-05 9.993E-05 9.993E-05 9.993E-05 9.993E-05 9.993E-05
0.022833 9.9946E-05 9.9946E-05 0.0338144 9.9946E-05 9.9946E-05 0.942753 9.9946E-05 9.9946E-05
9.9937E-05 9.9937E-05 9.9937E-05 9.9937E-05 0.0655792 9.9937E-05 0.933721 9.9937E-05 9.9937E-05
9.99371E-05 9.99371E-05 0.988468 0.0108321 9.99371E-05 9.99371E-05 9.99371E-05 9.99371E-05 9.99371E-05
9.99371E-05 9.99371E-05 0.989215 9.99371E-05 9.99371E-05 0.0100853 9.99371E-05 9.99371E-05 9.99371E-05
9.99369E-05 9.99369E-05 9.99369E-05 9.99369E-05 0.046484 0.952816 9.99369E-05 9.99369E-05 9.99369E-05
9.99639E-05 9.99639E-05 9.99639E-05 0.109656 0.265035 0.0280441 0.524039 0.0728258 9.99639E-05
0.187444 9.99458E-05 9.99458E-05 0.721335 9.99458E-05 0.090622 9.99458E-05 9.99458E-05 9.99458E-05
9.99551E-05 0.000425259 9.99551E-05 0.0329629 0.0715676 9.99551E-05 9.99551E-05 9.99551E-05 0.894545
9.99641E-05 9.99641E-05 0.08216 9.99641E-05 0.198079 0.128764 9.99641E-05 0.000589861 0.590007
0.240159 0.538138 0.0091411 0.164329 9.99641E-05 9.99641E-05 9.99641E-05 0.0478327 9.99641E-05
