0.0236073 0.0148211 9.99459E-05 9.99459E-05 9.99459E-05 9.99459E-05 9.99459E-05 0.960972 9.99459E-05
9.99548E-05 0.0572629 9.99548E-05 0.610837 9.99548E-05 9.99548E-05 9.99548E-05 0.156414 0.174987
9.99644E-05 0.0677901 0.0181775 0.0740889 0.0532126 9.99644E-05 9.99644E-05 9.99644E-05 0.786331
0.0294835 0.00177613 9.9955E-05 9.9955E-05 9.9955E-05 0.00277706 9.9955E-05 9.9955E-05 0.965464
0.0151285 9.9973E-05 9.9973E-05 0.410933 9.9973E-05 0.00272109 0.100936 0.0415047 0.428476
9.9937E-05 9.9937E-05 9.9937E-05 9.9937E-05 9.9937E-05 9.9937E-05 0.0421831 9.9937E-05 0.957117
9.99371E-05 9.99371E-05 9.99371E-05 0.699585 0.299716 9.99371E-05 9.99371E-05 9.99371E-05 9.99371E-05
0.00377365 0.0307609 9.9973E-05 0.372307 9.9973E-05 0.186035 0.0322299 9.9973E-05 0.374593
9.9937E-05 9.9937E-05 9.9937E-05 0.778149 0.221151 9.9937E-05 9.9937E-05 9.9937E-05 9.9937E-05
0.898517 9.99462E-05 9.99462E-05 0.0662207 9.99462E-05 9.99462E-05 0.0346625 9.99462E-05 9.99462E-05
0.999201 9.993E-05 9.993E-05 9.993E-05 9.993E-05 9.993E-05 9.993E-05 9.993E-05 9.993E-05
9.9955E-05 0.127296 9.9955E-05 9.9955E-05 0.148868 9.9955E-05 9.9955E-05 0.706481 0.0168553
9.99371E-05 9.99371E-05 9.99371E-05 9.99371E-05 0.967197 9.99371E-05 9.99371E-05 9.99371E-05 0.032103
9.9955E-05 9.9955E-05 0.0163604 9.9955E-05 9.9955E-05 9.9955E-05 0.0185949 0.0230305 0.941514
0.0374994 9.9955E-05 0.0106404 9.9955E-05 9.9955E-05 9.9955E-05 9.9955E-05 0.0369522 0.914408
0.641321 9.9964E-05 9.9964E-05 9.9964E-05 0.31031 0.0198917 9.9964E-05 0.0242887 0.00378905
0.0694372 9.99368E-05 9.99368E-05 9.99368E-05 9.99368E-05 9.99368E-05 0.929863 9.99368E-05 9.99368E-05
0.193749 9.99549E-05 0.7178 9.99549E-05 9.99549E-05 0.0249198 9.99549E-05 0.0630314 9.99549E-05
9.99371E-05 0.0898446 0.909456 9.99371E-05 9.99371E-05 9.99371E-05 9.99371E-05 9.99371E-05 9.99371E-05
0.728194 0.0368363 9.99549E-05 9.99549E-05 9.99549E-05 9.99549E-05 0.127174 0.107296 9.99549E-05
9.993E-05 9.993E-05 0.999201 9.993E-05 9.993E-05 9.993E-05 9.993E-05 9.993E-05 9.993E-05
0.303513 9.99639E-05 9.99639E-05 9.99639E-05 0.0989277 0.00444018 0.082315 0.510404 9.99639E-05
9.9946E-05 0.146263 0.331942 9.9946E-05 9.9946E-05 9.9946E-05 0.521195 9.9946E-05 9.9946E-05
9.99369E-05 9.99369E-05 0.839485 9.99369E-05 9.99369E-05 9.99369E-05 0.159815 9.99369E-05 9.99369E-05
9.99371E-05 9.99371E-05 9.99371E-05 9.99371E-05 9.99371E-05 0.0284584 9.99371E-05 9.99371E-05 0.970842
9.993E-05 9.993E-05 9.993E-05 9.993E-05 9.993E-05 9.993E-05 9.993E-05 9.993E-05 0.999201
0.0488912 0.0451176 9.99639E-05 9.99639E-05 0.750168 9.99639E-05 0.0599981 0.095425 9.99639E-05
9.9955E-05 9.9955E-05 9.9955E-05 0.00752948 0.00275671 0.0645028 9.9955E-05 9.9955E-05 0.924711
9.9946E-05 9.9946E-05 9.9946E-05 9.9946E-05 0.0481113 0.0657551 9.9946E-05 9.9946E-05 0.885534
9.99731E-05 0.0182592 0.0149168 0.0481514 9.99731E-05 0.198857 9.99731E-05 0.0192223 0.700293
9.9955E-05 9.9955E-05 9.9955E-05 0.0864516 9.9955E-05 0.157466 0.0818851 9.9955E-05 0.673698
9.9955E-05 0.0307069 9.9955E-05 0.876562 9.9955E-05 0.0732219 9.9955E-05 0.0190095 9.9955E-05
9.99372E-05 0.00195661 9.99372E-05 9.99372E-05 9.99372E-05 9.99372E-05 9.99372E-05 9.99372E-05 0.997344
9.99551E-05 9.99551E-05 9.99551E-05 0.113344 9.99551E-05 0.778143 0.00743007 9.99551E-05 0.100583
9.99729E-05 0.120118 9.99729E-05 9.99729E-05 0.458803 0.0332847 0.308043 0.0754324 0.00401995
9.99549E-05 9.99549E-05 9.99549E-05 9.99549E-05 0.0295893 9.99549E-05 0.00654575 0.0108855 0.95248
9.9937E-05 9.9937E-05 9.9937E-05 9.9937E-05 9.9937E-05 9.9937E-05 9.9937E-05 0.988802 0.0104981
0.643007 9.9964E-05 9.9964E-05 0.170042 9.9964E-05 0.0449624 0.0811114 0.0604765 9.9964E-05
9.99549E-05 0.0178964 9.99549E-05 0.00675845 9.99549E-05 9.99549E-05 0.930432 9.99549E-05 0.0444129
0.606702 9.99549E-05 9.99549E-05 9.99549E-05 9.99549E-05 9.99549E-05 0.0680577 0.237714 0.0870266
0.597892 0.0321391 0.00629711 9.99729E-05 9.99729E-05 9.99729E-05 0.00885035 0.284801 0.0697202
0.922123 9.99369E-05 9.99369E-05 9.99369E-05 9.99369E-05 9.99369E-05 0.0771776 9.99369E-05 9.99369E-05
0.64501 9.9955E-05 9.9955E-05 0.0760932 0.210635 9.9955E-05 9.9955E-05 0.0677627 9.9955E-05
0.813532 0.00521952 9.9955E-05 9.9955E-05 9.9955E-05 9.9955E-05 0.174897 0.00585193 9.9955E-05
0.435568 0.089197 0.10278 9.9973E-05 0.11911 9.9973E-05 0.227246 0.0257992 9.9973E-05
0.637756 9.9973E-05 0.021527 9.9973E-05 9.9973E-05 0.00247706 0.102963 0.164982 0.069994
0.0663613 9.9982E-05 9.9982E-05 0.00768682 0.117572 0.0776895 0.428539 0.239185 0.0627668
9.99374E-05 9.99374E-05 0.00913176 9.99374E-05 9.99374E-05 9.99374E-05 9.99374E-05 0.990169 9.99374E-05
9.993E-05 9.993E-05 9.993E-05 9.993E-05 9.993E-05 0.999201 9.993E-05 9.993E-05 9.993E-05
9.993E-05 9.993E-05 9.993E-05 9.993E-05 9.993E-05 0.999201 9.993E-05 9.993E-05 9.993E-05
9.99371E-05 9.99371E-05 9.99371E-05 9.99371E-05 0.00679809 0.992502 9.99371E-05 9.99371E-05 9.99371E-05
9.993E-05 9.993E-05 9.993E-05 9.993E-05 9.993E-05 0.999201 9.993E-05 9.993E-05 9.993E-05
9.993E-05 9.993E-05 9.993E-05 9.993E-05 9.993E-05 0.999201 9.993E-05 9.993E-05 9.993E-05
0.0266274 9.99731E-05 0.0614932 0.25092 0.00719254 0.439329 9.99731E-05 9.99731E-05 0.214138
0.0214029 0.0167504 9.9964E-05 0.0175799 9.9964E-05 0.933098 9.9964E-05 0.0107686 9.9964E-05
0.0932343 9.99459E-05 9.99459E-05 9.99459E-05 0.0931271 9.99459E-05 9.99459E-05 0.813039 9.99459E-05
9.99638E-05 0.0258505 9.99638E-05 0.813914 9.99638E-05 0.0844913 9.99638E-05 0.0697353 0.00560858
9.99369E-05 9.99369E-05 9.99369E-05 9.99369E-05 9.99369E-05 9.99369E-05 9.99369E-05 0.0031629 0.996138
9.9955E-05 0.0634464 9.9955E-05 9.9955E-05 0.863971 0.00720261 9.9955E-05 0.0648802 9.9955E-05
0.574296 9.99551E-05 9.99551E-05 9.99551E-05 0.290152 9.99551E-05 9.99551E-05 0.0945786 0.0404741
9.993E-05 9.993E-05 9.993E-05 9.993E-05 0.999201 9.993E-05 9.993E-05 9.993E-05 9.993E-05
0.0886433 9.99459E-05 9.99459E-05 9.99459E-05 0.892879 9.99459E-05 9.99459E-05 0.0178776 9.99459E-05
0.0201042 0.0255423 9.99549E-05 9.99549E-05 0.851444 9.99549E-05 0.10241 9.99549E-05 9.99549E-05
9.99461E-05 9.99461E-05 0.921962 9.99461E-05 9.99461E-05 0.00190373 9.99461E-05 0.0755348 9.99461E-05
9.993E-05 9.993E-05 9.993E-05 9.993E-05 9.993E-05 9.993E-05 9.993E-05 9.993E-05 0.999201
0.026985 0.127857 0.0320364 0.146134 0.204017 9.9991E-05 0.0579623 0.039022 0.365886
9.99462E-05 9.99462E-05 9.99462E-05 9.99462E-05 0.0313949 0.00264045 9.99462E-05 9.99462E-05 0.965365
9.9964E-05 9.9964E-05 9.9964E-05 0.00441304 9.9964E-05 0.0128492 0.0239865 0.0354003 0.922951
9.9946E-05 9.9946E-05 9.9946E-05 9.9946E-05 0.0632234 0.0494805 9.9946E-05 9.9946E-05 0.886696
9.99461E-05 9.99461E-05 9.99461E-05 0.0461085 9.99461E-05 0.0199093 9.99461E-05 9.99461E-05 0.933383
0.00375912 9.99641E-05 9.99641E-05 0.0331418 9.99641E-05 9.99641E-05 0.0371394 0.0430475 0.882512
9.99369E-05 9.99369E-05 9.99369E-05 9.99369E-05 9.99369E-05 9.99369E-05 0.0240993 9.99369E-05 0.975201
9.99552E-05 9.99552E-05 9.99552E-05 0.37423 9.99552E-05 0.140461 0.0346075 9.99552E-05 0.450201
9.99642E-05 9.99642E-05 0.00275938 0.375192 0.06773 0.0904463 9.99642E-05 9.99642E-05 0.463472
0.0365343 9.99461E-05 9.99461E-05 9.99461E-05 9.99461E-05 0.0103312 9.99461E-05 9.99461E-05 0.952535
0.75462 0.0131295 9.9964E-05 0.060298 0.0860751 9.9964E-05 9.9964E-05 9.9964E-05 0.085477
0.764749 9.9964E-05 9.9964E-05 0.0572923 0.103442 0.0225112 9.9964E-05 9.9964E-05 0.0516058
9.9937E-05 0.996428 9.9937E-05 9.9937E-05 9.9937E-05 9.9937E-05 9.9937E-05 0.00287213 9.9937E-05
9.993E-05 0.999201 9.993E-05 9.993E-05 9.993E-05 9.993E-05 9.993E-05 9.993E-05 9.993E-05
0.961951 0.00463848 9.9964E-05 0.0141448 0.0105085 9.9964E-05 9.9964E-05 0.00835716 9.9964E-05
0.921 9.9946E-05 9.9946E-05 0.0308368 0.0475635 9.9946E-05 9.9946E-05 9.9946E-05 9.9946E-05
9.99461E-05 0.968782 9.99461E-05 0.0185274 9.99461E-05 9.99461E-05 0.0120905 9.99461E-05 9.99461E-05
9.993E-05 0.999201 9.993E-05 9.993E-05 9.993E-05 9.993E-05 9.993E-05 9.993E-05 9.993E-05
9.994E-05 9.994E-05 9.994E-05 9.994E-05 0.0612358 0.0106449 9.994E-05 0.92752 9.994E-05
0.618 9.9955E-05 0.0587051 0.0381476 0.284648 9.9955E-05 9.9955E-05 9.9955E-05 9.9955E-05
9.99548E-05 0.011836 9.99548E-05 0.854962 9.99548E-05 0.099666 9.99548E-05 0.033036 9.99548E-05
9.99462E-05 9.99462E-05 9.99462E-05 9.99462E-05 0.102216 9.99462E-05 0.882922 9.99462E-05 0.0142619
9.99551E-05 0.118074 9.99551E-05 9.99551E-05 0.22856 9.99551E-05 0.525888 0.126978 9.99551E-05
9.99641E-05 0.0163066 0.0686477 0.220034 9.99641E-05 0.102292 9.99641E-05 9.99641E-05 0.59232
