9.9982E-05 0.00613426 9.9982E-05 0.00794421 0.985722
9.999E-05 0.272505 0.344632 0.055499 0.327264
0.0132491 0.801237 0.0813681 0.0612562 0.0428892
9.9973E-05 0.982025 9.9973E-05 0.0176746 9.9973E-05
9.999E-05 0.461119 0.291233 0.01159 0.235958
9.9973E-05 0.977426 9.9973E-05 0.0222741 9.9973E-05
9.99821E-05 0.0730289 0.358852 9.99821E-05 0.567919
9.999E-05 0.420509 0.468389 0.0497005 0.0613008
9.99821E-05 0.0168291 0.431514 9.99821E-05 0.551457
9.9982E-05 9.9982E-05 0.1535 0.104186 0.742115
9.9982E-05 9.9982E-05 0.126628 0.117528 0.755644
9.9982E-05 0.101775 9.9982E-05 0.137554 0.760472
9.99821E-05 0.078252 9.99821E-05 0.0154652 0.906083
0.0114716 0.988228 9.9973E-05 9.9973E-05 9.9973E-05
0.00161846 0.989661 9.9982E-05 9.9982E-05 0.00852068
9.999E-05 0.0379131 0.0128135 0.0226046 0.926569
0.0592141 0.0198105 9.9991E-05 0.39431 0.526565
0.74029 0.00557904 0.112544 9.9991E-05 0.141487
0.914702 9.9973E-05 9.9973E-05 0.0849982 9.9973E-05
9.9982E-05 9.9982E-05 0.0295957 0.157514 0.812691
0.9996 9.997E-05 9.997E-05 9.997E-05 9.997E-05
9.9973E-05 9.9973E-05 9.9973E-05 0.0657094 0.933991
0.396487 9.9991E-05 0.0767897 0.437354 0.0892695
0.912969 9.9973E-05 9.9973E-05 0.086731 9.9973E-05
9.997E-05 0.9996 9.997E-05 9.997E-05 9.997E-05
9.997E-05 0.9996 9.997E-05 9.997E-05 9.997E-05
9.9973E-05 9.9973E-05 9.9973E-05 0.0719295 0.927771
9.9973E-05 0.952038 0.0476622 9.9973E-05 9.9973E-05
9.9982E-05 0.918003 0.0739082 9.9982E-05 0.00788893
0.0156724 0.690562 0.263105 0.0305607 9.9991E-05
9.9982E-05 0.682005 0.254984 0.0628109 9.9982E-05
0.00583128 0.0962431 0.628927 0.0303021 0.238696
9.997E-05 0.9996 9.997E-05 9.997E-05 9.997E-05
9.99731E-05 0.056451 0.943249 9.99731E-05 9.99731E-05
9.9982E-05 0.0677304 9.9982E-05 0.230717 0.701353
9.9982E-05 0.962711 9.9982E-05 0.0196942 0.0173952
9.99821E-05 0.0788407 9.99821E-05 0.0517599 0.869199
0.017223 0.00345214 0.237676 0.0579254 0.683724
0.0412778 0.126433 9.9991E-05 0.43868 0.393509
0.0225911 0.155777 9.9991E-05 0.0404767 0.781055
0.0102256 0.113892 0.0332075 0.0715697 0.771106
0.0273217 9.9991E-05 0.0302173 0.114595 0.827766
9.9982E-05 0.00505837 0.0545831 9.9982E-05 0.940159
0.00734028 9.9991E-05 0.0750871 0.143551 0.773922
0.114983 9.9991E-05 0.0337377 0.207234 0.643945
0.044598 0.057088 0.101149 0.101816 0.69535
9.9991E-05 0.150755 0.0202516 0.17021 0.658684
0.0651709 9.99822E-05 0.00726843 9.99822E-05 0.927361
9.997E-05 9.997E-05 0.9996 9.997E-05 9.997E-05
9.997E-05 9.997E-05 0.9996 9.997E-05 9.997E-05
9.997E-05 9.997E-05 0.9996 9.997E-05 9.997E-05
9.997E-05 9.997E-05 0.9996 9.997E-05 9.997E-05
9.997E-05 9.997E-05 0.9996 9.997E-05 9.997E-05
0.025964 0.240449 0.626407 9.9991E-05 0.10708
9.997E-05 9.997E-05 0.9996 9.997E-05 9.997E-05
9.997E-05 9.997E-05 9.997E-05 9.997E-05 0.9996
9.9991E-05 0.0923249 0.588337 0.0032186 0.316019
9.997E-05 0.9996 9.997E-05 9.997E-05 9.997E-05
9.99821E-05 0.00229511 9.99821E-05 0.033619 0.963886
9.99731E-05 0.102422 9.99731E-05 9.99731E-05 0.897278
0.0150928 9.99732E-05 9.99732E-05 9.99732E-05 0.984607
9.9982E-05 0.00515363 9.9982E-05 0.00856813 0.986078
0.00176229 9.9982E-05 9.9982E-05 0.0546523 0.943385
0.941872 9.99731E-05 0.0578281 9.99731E-05 9.99731E-05
9.997E-05 0.9996 9.997E-05 9.997E-05 9.997E-05
0.0363977 0.3905 0.0705448 0.102108 0.400449
9.99821E-05 0.979769 0.0107452 9.99821E-05 0.00928557
9.9982E-05 0.944291 0.00993493 9.9982E-05 0.0455736
9.9973E-05 0.933349 0.0663507 9.9973E-05 9.9973E-05
0.0220979 0.936448 0.0388699 9.9991E-05 0.00248466
9.9991E-05 0.879763 0.0368359 0.0170478 0.0662532
9.9973E-05 0.979318 9.9973E-05 0.0203818 9.9973E-05
9.99732E-05 0.498514 0.501186 9.99732E-05 9.99732E-05
0.0112353 0.520725 0.401961 9.99911E-05 0.0659783
0.00785637 0.963841 0.0156011 9.9991E-05 0.0126011
9.9991E-05 0.0724545 0.134163 0.0500432 0.743239
9.9991E-05 0.0563978 0.119714 0.0702272 0.753561
9.997E-05 9.997E-05 9.997E-05 0.9996 9.997E-05
9.997E-05 9.997E-05 9.997E-05 0.9996 9.997E-05
0.012852 9.9991E-05 0.115193 0.0742472 0.797608
0.0214361 9.9991E-05 0.0923861 0.0653983 0.82068
9.997E-05 9.997E-05 9.997E-05 0.9996 9.997E-05
9.997E-05 9.997E-05 9.997E-05 0.9996 9.997E-05
9.9973E-05 9.9973E-05 0.0331508 9.9973E-05 0.966549
0.0542292 0.0191523 0.0489059 9.9991E-05 0.877613
9.9982E-05 0.0651333 0.662934 9.9982E-05 0.271733
0.0978795 0.0765837 9.9991E-05 0.325675 0.499762
0.0749575 0.00638599 9.9991E-05 0.332653 0.585904
0.0382986 0.647544 0.307479 0.00657829 9.9991E-05
