9.9973E-05 9.9973E-05 0.0496413 0.950059 9.9973E-05
0.260903 0.35192 0.0281735 0.358904 9.9991E-05
0.767781 0.114604 0.0786328 9.99911E-05 0.0388819
0.968515 9.9973E-05 0.0311851 9.9973E-05 9.9973E-05
0.426872 0.341766 0.0291113 0.202151 9.9991E-05
0.995066 9.9973E-05 0.00463367 9.9973E-05 9.9973E-05
0.0323428 0.370507 9.99821E-05 0.59695 9.99821E-05
0.406661 0.509768 0.0500856 0.0333855 9.9991E-05
0.0255075 0.424248 9.99821E-05 0.550045 9.99821E-05
9.9982E-05 0.150162 0.130033 0.719605 9.9982E-05
9.9982E-05 0.152764 0.143243 0.703792 9.9982E-05
0.0656693 9.9982E-05 0.160408 0.773722 9.9982E-05
0.0544667 9.99732E-05 9.99732E-05 0.945233 9.99732E-05
0.947409 9.9991E-05 0.011087 0.00289988 0.0385045
0.99049 9.9982E-05 9.9982E-05 0.00193833 0.00737206
0.0454195 0.0182676 0.0280244 0.908188 9.9991E-05
0.00392545 9.9991E-05 0.428279 0.478648 0.0890478
9.9982E-05 0.115392 9.9982E-05 0.151084 0.733324
9.9973E-05 9.9973E-05 0.0678443 9.9973E-05 0.931856
9.9982E-05 0.00681924 0.168622 0.824359 9.9982E-05
9.997E-05 9.997E-05 9.997E-05 9.997E-05 0.9996
9.9973E-05 9.9973E-05 0.0670227 0.932677 9.9973E-05
9.999E-05 0.0932534 0.408355 0.0564764 0.441815
9.9973E-05 9.9973E-05 0.0923744 9.9973E-05 0.907326
0.9996 9.997E-05 9.997E-05 9.997E-05 9.997E-05
0.9996 9.997E-05 9.997E-05 9.997E-05 9.997E-05
9.9973E-05 9.9973E-05 0.0830069 0.916693 9.9973E-05
0.944851 0.0548495 9.9973E-05 9.9973E-05 9.9973E-05
0.918011 0.0764284 9.9982E-05 0.00536021 9.9982E-05
0.66266 0.250237 0.0523925 9.9991E-05 0.0346101
0.638643 0.308801 0.0523561 9.9982E-05 9.9982E-05
0.0909949 0.604949 9.99911E-05 0.285118 0.018838
0.9996 9.997E-05 9.997E-05 9.997E-05 9.997E-05
0.0824182 0.917282 9.9973E-05 9.9973E-05 9.9973E-05
0.05044 9.9982E-05 0.251122 0.698238 9.9982E-05
0.974086 9.9982E-05 0.000372242 0.0253422 9.9982E-05
0.0701867 9.99821E-05 0.0497179 0.879895 9.99821E-05
0.00523632 0.250092 0.0465812 0.651449 0.0466413
0.147225 9.9991E-05 0.431477 0.343023 0.0781746
0.135823 9.9991E-05 0.0911312 0.765747 0.00719902
0.0976252 9.9991E-05 0.0956115 0.793613 0.0130508
9.9991E-05 0.0330495 0.13731 0.801413 0.0281273
9.9973E-05 0.0669518 9.9973E-05 0.932748 9.9973E-05
9.99819E-05 0.0783541 0.152727 0.768719 9.99819E-05
9.9991E-05 0.0326852 0.179815 0.659351 0.128048
0.058146 0.0671536 0.0972902 0.711703 0.065707
0.101282 0.111594 0.195973 0.591051 9.9991E-05
9.99822E-05 0.0100881 9.99822E-05 0.939417 0.0502949
9.997E-05 0.9996 9.997E-05 9.997E-05 9.997E-05
9.997E-05 0.9996 9.997E-05 9.997E-05 9.997E-05
9.997E-05 0.9996 9.997E-05 9.997E-05 9.997E-05
9.997E-05 0.9996 9.997E-05 9.997E-05 9.997E-05
9.997E-05 0.9996 9.997E-05 9.997E-05 9.997E-05
0.182672 0.671372 0.0190481 0.0761383 0.0507699
9.997E-05 0.9996 9.997E-05 9.997E-05 9.997E-05
9.997E-05 9.997E-05 9.997E-05 0.9996 9.997E-05
0.0974473 0.596783 9.9982E-05 0.30557 9.9982E-05
0.9996 9.997E-05 9.997E-05 9.997E-05 9.997E-05
9.99731E-05 9.99731E-05 0.0412593 0.958441 9.99731E-05
0.089539 9.9982E-05 0.0223858 0.887875 9.9982E-05
0.00116956 9.99822E-05 9.99822E-05 0.989336 0.00929487
9.99731E-05 9.99731E-05 0.00301394 0.996686 9.99731E-05
9.9982E-05 9.9982E-05 0.100542 0.889749 0.00950916
9.9982E-05 0.0165487 9.9982E-05 0.0564102 0.926841
0.991696 0.00800438 9.99731E-05 9.99731E-05 9.99731E-05
0.331535 0.13262 0.189841 0.288872 0.0571325
0.963643 0.0317776 9.99821E-05 0.00437921 9.99821E-05
0.97329 0.0156243 9.9982E-05 0.0108858 9.9982E-05
0.956293 0.0434067 9.9973E-05 9.9973E-05 9.9973E-05
0.950672 0.0227309 9.9991E-05 0.00260864 0.0238882
0.906017 0.0526998 0.0120494 0.0291335 9.9991E-05
0.9996 9.997E-05 9.997E-05 9.997E-05 9.997E-05
0.457265 0.542436 9.99732E-05 9.99732E-05 9.99732E-05
0.522664 0.403509 9.99911E-05 0.0631428 0.0105843
0.979144 0.00776239 9.9982E-05 0.0128938 9.9982E-05
0.0535535 0.137948 0.0747636 0.733635 9.9991E-05
0.0351599 0.147626 0.057411 0.759703 9.9991E-05
9.997E-05 9.997E-05 0.9996 9.997E-05 9.997E-05
9.997E-05 9.997E-05 0.9996 9.997E-05 9.997E-05
9.99819E-05 0.143672 0.111053 0.745076 9.99819E-05
9.99819E-05 0.116752 0.111573 0.771475 9.99819E-05
9.997E-05 9.997E-05 0.9996 9.997E-05 9.997E-05
9.997E-05 9.997E-05 0.9996 9.997E-05 9.997E-05
9.997E-05 9.997E-05 9.997E-05 0.9996 9.997E-05
0.0303716 0.0433096 9.9991E-05 0.865174 0.0610451
0.0947683 0.637444 9.9982E-05 0.267588 9.9982E-05
0.0666953 9.9991E-05 0.299174 0.503978 0.130052
9.99821E-05 9.99821E-05 0.315337 0.603373 0.0810895
0.625762 0.310307 0.0328958 9.9991E-05 0.0309358
