9.99549E-05 9.99549E-05 9.99549E-05 0.00179938 0.0603595 9.99549E-05 9.99549E-05 0.937341
0.570847 9.99639E-05 0.203589 0.0536885 9.99639E-05 9.99639E-05 9.99639E-05 0.171476
0.0530268 0.0187457 0.827217 0.0410264 9.99733E-05 9.99733E-05 0.0596843 9.99733E-05
9.9946E-05 9.9946E-05 0.990086 0.00931467 9.9946E-05 9.9946E-05 9.9946E-05 9.9946E-05
0.311358 9.99731E-05 0.418873 9.99731E-05 0.124262 0.0584158 9.99731E-05 0.0867921
9.9955E-05 9.9955E-05 0.975621 9.9955E-05 0.0150045 9.9955E-05 9.9955E-05 0.00887425
0.82887 9.9946E-05 9.9946E-05 9.9946E-05 9.9946E-05 9.9946E-05 0.17053 9.9946E-05
0.293451 9.9973E-05 0.357266 0.0147611 0.075514 0.258707 9.9973E-05 9.9973E-05
0.843642 9.99549E-05 9.99549E-05 9.99549E-05 0.0160787 9.99549E-05 0.13978 9.99549E-05
0.0660474 9.99461E-05 9.99461E-05 9.99461E-05 0.933353 9.99461E-05 9.99461E-05 9.99461E-05
0.0372828 9.99461E-05 9.99461E-05 9.99461E-05 0.962118 9.99461E-05 9.99461E-05 9.99461E-05
9.9964E-05 9.9964E-05 0.0407953 0.15898 9.9964E-05 9.9964E-05 0.172962 0.626863
9.994E-05 9.994E-05 9.994E-05 9.994E-05 9.994E-05 9.994E-05 0.9993 9.994E-05
9.9964E-05 0.0102717 0.948109 0.00259743 9.9964E-05 9.9964E-05 9.9964E-05 0.0386219
9.9955E-05 0.0108211 0.943924 9.9955E-05 9.9955E-05 9.9955E-05 9.9955E-05 0.0447551
0.103716 9.9973E-05 9.9973E-05 0.0172486 0.434532 9.9973E-05 0.346014 0.0981895
9.99641E-05 0.0726643 9.99641E-05 0.307361 0.403773 9.99641E-05 0.215802 9.99641E-05
0.0561572 0.723421 9.99729E-05 9.99729E-05 0.163826 0.00893593 9.99729E-05 0.0473604
9.9946E-05 0.935073 9.9946E-05 0.0643277 9.9946E-05 9.9946E-05 9.9946E-05 9.9946E-05
9.9964E-05 9.9964E-05 9.9964E-05 0.0860056 0.740287 9.9964E-05 0.0606105 0.112697
9.994E-05 0.9993 9.994E-05 9.994E-05 9.994E-05 9.994E-05 9.994E-05 9.994E-05
9.9964E-05 9.9964E-05 9.9964E-05 0.0153002 0.271592 9.9964E-05 0.119794 0.592914
9.99641E-05 0.408561 0.0173059 0.297221 0.276512 9.99641E-05 9.99641E-05 9.99641E-05
9.99549E-05 0.899253 9.99549E-05 0.0831953 0.0170517 9.99549E-05 9.99549E-05 9.99549E-05
9.99461E-05 9.99461E-05 0.977496 9.99461E-05 9.99461E-05 0.0219046 9.99461E-05 9.99461E-05
9.994E-05 9.994E-05 0.9993 9.994E-05 9.994E-05 9.994E-05 9.994E-05 9.994E-05
9.99639E-05 9.99639E-05 9.99639E-05 0.0475681 0.0631805 9.99639E-05 0.844322 0.0445297
0.0183016 9.9955E-05 0.911894 9.9955E-05 9.9955E-05 0.0693042 9.9955E-05 9.9955E-05
9.9955E-05 9.9955E-05 0.939413 9.9955E-05 9.9955E-05 0.0574783 0.00260939 9.9955E-05
0.0205591 0.0152967 0.734974 0.00853236 9.9991E-05 0.168393 0.0220939 0.0300513
0.119109 0.00398063 0.668527 0.0322681 9.9973E-05 0.175816 9.9973E-05 9.9973E-05
0.767122 9.9964E-05 0.00692008 9.9964E-05 9.9964E-05 0.172953 9.9964E-05 0.0526051
9.99461E-05 9.99461E-05 0.996189 0.00321091 9.99461E-05 9.99461E-05 9.99461E-05 9.99461E-05
0.0966189 9.99641E-05 0.0682699 0.0080008 9.99641E-05 0.826711 9.99641E-05 9.99641E-05
9.99729E-05 9.99729E-05 0.0667394 0.187811 0.048189 9.99729E-05 0.628149 0.0688109
9.99522E-05 9.99522E-05 0.973941 9.99522E-05 9.99522E-05 9.99522E-05 0.0254594 9.99522E-05
9.9955E-05 9.9955E-05 0.0149791 0.00226391 9.9955E-05 9.9955E-05 9.9955E-05 0.982257
0.122188 0.00820218 0.0308794 9.9982E-05 0.70247 0.0218036 9.9982E-05 0.114257
9.99731E-05 0.0516895 0.13485 0.367297 0.232804 9.99731E-05 0.21306 9.99731E-05
9.99549E-05 9.99549E-05 0.115597 9.99549E-05 0.567725 9.99549E-05 9.99549E-05 0.316178
9.99639E-05 9.99639E-05 0.0539647 0.0188063 0.579652 9.99639E-05 9.99639E-05 0.347177
9.994E-05 9.994E-05 9.994E-05 9.994E-05 0.9993 9.994E-05 9.994E-05 9.994E-05
0.234996 9.99639E-05 9.99639E-05 9.99639E-05 0.417531 9.99639E-05 0.194347 0.152726
9.9964E-05 9.9964E-05 9.9964E-05 0.0237966 0.918169 0.0259828 0.0316514 9.9964E-05
0.0321475 0.108623 9.9991E-05 0.104982 0.505171 0.00342637 0.189406 0.0561437
9.9982E-05 0.0262345 0.0729481 0.0104135 0.611015 9.9982E-05 0.122716 0.156473
9.9982E-05 9.9982E-05 0.0981318 0.0877037 0.249579 0.0433875 0.299834 0.221164
9.99463E-05 0.0143057 9.99463E-05 9.99463E-05 9.99463E-05 9.99463E-05 9.99463E-05 0.985095
9.994E-05 9.994E-05 9.994E-05 9.994E-05 9.994E-05 0.9993 9.994E-05 9.994E-05
9.994E-05 9.994E-05 9.994E-05 9.994E-05 9.994E-05 0.9993 9.994E-05 9.994E-05
9.9955E-05 9.9955E-05 9.9955E-05 9.9955E-05 0.0217128 0.976633 0.00115414 9.9955E-05
9.994E-05 9.994E-05 9.994E-05 9.994E-05 9.994E-05 0.9993 9.994E-05 9.994E-05
9.994E-05 9.994E-05 9.994E-05 9.994E-05 9.994E-05 0.9993 9.994E-05 9.994E-05
0.194544 0.0388085 0.257422 9.9982E-05 0.0386723 0.439539 0.0308142 9.9982E-05
0.0353026 9.9955E-05 9.9955E-05 9.9955E-05 9.9955E-05 0.92923 9.9955E-05 0.0349678
9.99549E-05 9.99549E-05 9.99549E-05 9.99549E-05 0.0263341 9.99549E-05 0.0883847 0.884781
0.741462 9.99638E-05 9.99638E-05 0.0222745 9.99638E-05 0.181929 9.99638E-05 0.0539339
9.99459E-05 9.99459E-05 0.989669 9.99459E-05 9.99459E-05 9.99459E-05 9.99459E-05 0.00973117
9.9964E-05 9.9964E-05 9.9964E-05 0.0143558 9.9964E-05 0.0186214 0.864655 0.101968
0.140631 9.9982E-05 0.022473 0.00267454 0.277304 9.9982E-05 0.358428 0.19829
9.994E-05 9.994E-05 9.994E-05 9.994E-05 9.994E-05 9.994E-05 0.9993 9.994E-05
9.99459E-05 9.99459E-05 9.99459E-05 9.99459E-05 0.102702 9.99459E-05 0.896698 9.99459E-05
9.99639E-05 0.00256873 9.99639E-05 0.0486927 0.0443428 9.99639E-05 0.903996 9.99639E-05
9.99551E-05 0.879459 9.99551E-05 9.99551E-05 9.99551E-05 0.00298423 9.99551E-05 0.117057
9.994E-05 9.994E-05 0.9993 9.994E-05 9.994E-05 9.994E-05 9.994E-05 9.994E-05
0.23033 0.107959 0.319877 0.0356487 0.108247 0.0317284 0.0345518 0.131658
0.0212646 9.99552E-05 0.977446 9.99552E-05 9.99552E-05 9.99552E-05 0.000789339 9.99552E-05
9.9955E-05 9.9955E-05 0.945419 9.9955E-05 9.9955E-05 0.0214205 9.9955E-05 0.0326612
0.0657173 9.9964E-05 0.900736 9.9964E-05 9.9964E-05 0.0248389 0.00830836 9.9964E-05
0.0581525 0.00333275 0.93358 9.9964E-05 9.9964E-05 9.9964E-05 9.9964E-05 0.00453491
9.99462E-05 9.99462E-05 0.946891 9.99462E-05 0.0525091 9.99462E-05 9.99462E-05 9.99462E-05
9.994E-05 9.994E-05 0.9993 9.994E-05 9.994E-05 9.994E-05 9.994E-05 9.994E-05
0.310653 9.99552E-05 0.483687 9.99552E-05 9.99552E-05 0.205161 9.99552E-05 9.99552E-05
0.470515 9.99642E-05 0.457418 9.99642E-05 9.99642E-05 0.0378809 0.0337867 9.99642E-05
9.99551E-05 9.99551E-05 0.970249 9.99551E-05 0.00205775 0.0271937 9.99551E-05 9.99551E-05
0.266106 9.9982E-05 0.0335827 0.0348887 0.45239 9.9982E-05 0.0674489 0.145384
0.267766 9.99819E-05 0.0545241 0.0336648 0.444483 9.99819E-05 0.108279 0.0910822
9.994E-05 9.994E-05 9.994E-05 0.9993 9.994E-05 9.994E-05 9.994E-05 9.994E-05
9.994E-05 9.994E-05 9.994E-05 0.9993 9.994E-05 9.994E-05 9.994E-05 9.994E-05
9.9973E-05 9.9973E-05 0.0209122 9.9973E-05 0.896604 0.010838 0.0271427 0.044203
0.0294909 9.9973E-05 9.9973E-05 9.9973E-05 0.857283 0.0281796 0.0515392 0.0332074
9.994E-05 9.994E-05 9.994E-05 0.9993 9.994E-05 9.994E-05 9.994E-05 9.994E-05
9.994E-05 9.994E-05 9.994E-05 0.9993 9.994E-05 9.994E-05 9.994E-05 9.994E-05
9.99549E-05 9.99549E-05 9.99549E-05 9.99549E-05 9.99549E-05 0.0237795 0.0356304 0.94009
0.170507 0.0500019 9.99729E-05 9.99729E-05 0.402882 9.99729E-05 0.248629 0.127681
0.747995 9.99639E-05 0.0330814 9.99639E-05 9.99639E-05 0.173968 9.99639E-05 0.0445558
9.99731E-05 0.0927927 0.0478699 0.253441 0.23846 9.99731E-05 0.367136 9.99731E-05
9.99641E-05 0.055171 9.99641E-05 0.270526 9.99641E-05 9.99641E-05 0.46851 0.205393
0.189908 0.0410891 0.577776 9.99641E-05 9.99641E-05 0.190827 9.99641E-05 9.99641E-05
