0.943871 9.99459E-05 0.0555295 9.99459E-05 9.99459E-05 9.99459E-05 9.99459E-05 9.99459E-05
0.153625 9.99729E-05 0.0446422 0.229768 9.99729E-05 0.0226145 0.54905 9.99729E-05
9.99733E-05 0.0194104 9.99733E-05 0.747587 9.99733E-05 0.0460898 0.081575 0.105038
9.9955E-05 9.9955E-05 9.9955E-05 0.952916 0.0236234 0.0229611 9.9955E-05 9.9955E-05
0.0436496 9.99731E-05 0.148314 0.417546 0.0551975 9.99731E-05 0.334993 9.99731E-05
0.0111282 9.9955E-05 0.000227522 0.988145 9.9955E-05 9.9955E-05 9.9955E-05 9.9955E-05
9.9946E-05 9.9946E-05 9.9946E-05 9.9946E-05 9.9946E-05 9.9946E-05 0.761856 0.237544
9.9964E-05 9.9964E-05 9.9964E-05 0.383886 0.186972 0.0181985 0.410544 9.9964E-05
9.99459E-05 9.99459E-05 9.99459E-05 9.99459E-05 9.99459E-05 9.99459E-05 0.826818 0.172582
9.99461E-05 9.99461E-05 0.939458 9.99461E-05 9.99461E-05 9.99461E-05 0.0599419 9.99461E-05
9.99462E-05 9.99462E-05 0.97988 9.99462E-05 9.99462E-05 9.99462E-05 0.0195204 9.99462E-05
0.652853 9.9964E-05 9.9964E-05 0.00993082 9.9964E-05 0.131562 9.9964E-05 0.205254
9.99461E-05 9.99461E-05 9.99461E-05 0.00182064 9.99461E-05 9.99461E-05 9.99461E-05 0.99758
0.0395193 0.0148143 9.9955E-05 0.945167 9.9955E-05 9.9955E-05 9.9955E-05 9.9955E-05
0.0647454 0.00195344 9.9955E-05 0.932801 9.9955E-05 9.9955E-05 9.9955E-05 9.9955E-05
0.0888857 9.9973E-05 0.473771 9.9973E-05 0.0031252 9.9973E-05 0.0583983 0.37552
9.9973E-05 0.0435064 0.474343 0.0354137 9.9973E-05 0.284307 9.9973E-05 0.16213
9.99639E-05 0.717496 0.234974 9.99639E-05 0.0323152 9.99639E-05 0.0148157 9.99639E-05
9.9946E-05 0.915906 9.9946E-05 9.9946E-05 9.9946E-05 0.0834946 9.9946E-05 9.9946E-05
0.166114 9.9964E-05 0.700967 9.9964E-05 9.9964E-05 0.0735012 9.9964E-05 0.0590183
9.9946E-05 0.993416 9.9946E-05 0.00598482 9.9946E-05 9.9946E-05 9.9946E-05 9.9946E-05
0.564613 9.9964E-05 0.346955 9.9964E-05 9.9964E-05 0.0117238 9.9964E-05 0.0763085
9.99641E-05 0.419948 0.250198 0.0233883 9.99641E-05 0.306066 9.99641E-05 9.99641E-05
9.9955E-05 0.917573 0.0213011 9.9955E-05 9.9955E-05 0.0606259 9.9955E-05 9.9955E-05
9.99461E-05 9.99461E-05 9.99461E-05 0.992334 0.00706602 9.99461E-05 9.99461E-05 9.99461E-05
9.994E-05 9.994E-05 9.994E-05 0.9993 9.994E-05 9.994E-05 9.994E-05 9.994E-05
0.0420294 9.99639E-05 0.134212 9.99639E-05 9.99639E-05 0.0328824 9.99639E-05 0.790477
9.9964E-05 9.9964E-05 9.9964E-05 0.905339 0.064427 9.9964E-05 0.0174299 0.0124044
9.9964E-05 9.9964E-05 9.9964E-05 0.924597 0.0456894 9.9964E-05 0.0105424 0.0187717
0.00469987 0.021072 9.9991E-05 0.67148 0.23011 0.00273774 0.0664692 0.00333114
9.99641E-05 9.99641E-05 9.99641E-05 0.624875 0.202539 0.0358515 0.136335 9.99641E-05
0.0425446 9.9973E-05 9.9973E-05 0.0290476 0.114921 0.00567854 0.807509 9.9973E-05
9.994E-05 9.994E-05 9.994E-05 0.9993 9.994E-05 9.994E-05 9.994E-05 9.994E-05
9.99551E-05 9.99551E-05 9.99551E-05 0.0988303 0.777467 9.99551E-05 0.123203 9.99551E-05
0.0886991 9.99819E-05 0.0471423 0.0229014 0.0299547 0.208922 9.99819E-05 0.602181
0.0135928 9.99729E-05 9.99729E-05 0.913843 9.99729E-05 0.0118561 0.0260548 0.0343534
0.9993 9.994E-05 9.994E-05 9.994E-05 9.994E-05 9.994E-05 9.994E-05 9.994E-05
0.0582752 0.0180087 0.731855 0.0156223 0.00447953 9.9982E-05 0.17156 9.9982E-05
9.99731E-05 0.0382066 0.278232 0.146999 9.99731E-05 0.38012 9.99731E-05 0.156142
0.270077 9.99549E-05 0.604094 0.125329 9.99549E-05 9.99549E-05 9.99549E-05 9.99549E-05
0.266593 9.99639E-05 0.645951 0.0824715 9.99639E-05 0.00458458 9.99639E-05 9.99639E-05
0.00553256 9.9946E-05 0.993868 9.9946E-05 9.9946E-05 9.9946E-05 9.9946E-05 9.9946E-05
0.179835 9.99639E-05 0.451912 9.99639E-05 9.99639E-05 9.99639E-05 0.135225 0.232629
0.00656732 9.9973E-05 0.965769 9.9973E-05 0.00155195 0.00910112 9.9973E-05 0.016711
0.0578469 0.113194 0.559933 9.9982E-05 9.9982E-05 0.110319 0.00412043 0.154386
0.122671 0.0446872 0.66847 0.0824888 9.9982E-05 0.0149247 9.9982E-05 0.0665584
0.264039 9.9982E-05 0.271705 0.143335 0.0163954 0.101964 9.9982E-05 0.202362
0.970429 0.0289711 9.99463E-05 9.99463E-05 9.99463E-05 9.99463E-05 9.99463E-05 9.99463E-05
9.994E-05 9.994E-05 9.994E-05 9.994E-05 0.9993 9.994E-05 9.994E-05 9.994E-05
9.9964E-05 0.00251473 0.000768126 9.9964E-05 0.991764 9.9964E-05 9.9964E-05 0.00455348
9.9946E-05 9.9946E-05 0.0144073 9.9946E-05 0.984993 9.9946E-05 9.9946E-05 9.9946E-05
9.994E-05 9.994E-05 9.994E-05 9.994E-05 0.9993 9.994E-05 9.994E-05 9.994E-05
9.994E-05 9.994E-05 9.994E-05 9.994E-05 0.9993 9.994E-05 9.994E-05 9.994E-05
9.9991E-05 0.0401464 0.0336902 0.227 0.460967 0.00629524 0.210786 0.0210139
9.9955E-05 9.9955E-05 9.9955E-05 9.9955E-05 0.931591 0.0136433 0.0542661 9.9955E-05
0.881226 9.99549E-05 0.0364719 9.99549E-05 9.99549E-05 9.99549E-05 9.99549E-05 0.081802
0.0716332 9.99729E-05 9.99729E-05 0.0370199 0.150899 0.0254383 0.71471 9.99729E-05
9.99459E-05 9.99459E-05 0.0121836 0.987217 9.99459E-05 9.99459E-05 9.99459E-05 9.99459E-05
0.0843674 9.9955E-05 9.9955E-05 9.9955E-05 9.9955E-05 0.0360862 9.9955E-05 0.879047
0.204887 9.9973E-05 0.372383 0.0499894 9.9973E-05 9.9973E-05 0.0178405 0.3546
9.994E-05 9.994E-05 9.994E-05 9.994E-05 9.994E-05 9.994E-05 9.994E-05 0.9993
0.00236201 9.99549E-05 0.0952763 9.99549E-05 9.99549E-05 9.99549E-05 9.99549E-05 0.901862
9.99639E-05 0.0048111 0.0732403 9.99639E-05 9.99639E-05 0.0630428 9.99639E-05 0.858506
0.107069 0.892332 9.99461E-05 9.99461E-05 9.99461E-05 9.99461E-05 9.99461E-05 9.99461E-05
9.994E-05 9.994E-05 9.994E-05 0.9993 9.994E-05 9.994E-05 9.994E-05 9.994E-05
0.118572 0.0840609 0.0190217 0.217891 0.252188 0.0415645 0.142063 0.124639
9.99552E-05 9.99552E-05 9.99552E-05 0.943223 9.99552E-05 9.99552E-05 0.0503482 0.00592895
0.0418875 9.9955E-05 9.9955E-05 0.937428 0.0201847 9.9955E-05 9.9955E-05 9.9955E-05
9.9964E-05 9.9964E-05 9.9964E-05 0.876921 0.0532553 9.9964E-05 0.033121 0.0363031
9.9964E-05 0.00415429 9.9964E-05 0.894554 0.0315239 9.9964E-05 0.0693676 9.9964E-05
0.0353467 9.9973E-05 0.00908531 0.859002 9.9973E-05 0.0034678 0.0927987 9.9973E-05
9.99459E-05 9.99459E-05 9.99459E-05 0.996499 9.99459E-05 0.00290121 9.99459E-05 9.99459E-05
9.99552E-05 9.99552E-05 9.99552E-05 0.468478 0.158119 9.99552E-05 0.372903 9.99552E-05
9.99642E-05 9.99642E-05 9.99642E-05 0.444128 0.0465546 9.99642E-05 0.479328 0.0295889
9.99551E-05 9.99551E-05 0.0169855 0.95503 0.0274847 9.99551E-05 9.99551E-05 9.99551E-05
0.0661882 9.9982E-05 0.580438 0.0614064 9.9982E-05 0.032258 0.162651 0.0968579
0.0532235 9.9991E-05 0.61033 0.0468888 0.00710456 0.00947916 0.157527 0.115347
9.994E-05 9.994E-05 9.994E-05 9.994E-05 9.994E-05 0.9993 9.994E-05 9.994E-05
9.994E-05 9.994E-05 9.994E-05 9.994E-05 9.994E-05 0.9993 9.994E-05 9.994E-05
9.9946E-05 9.9946E-05 0.944455 9.9946E-05 9.9946E-05 9.9946E-05 0.0549456 9.9946E-05
0.013308 9.9964E-05 0.906427 9.9964E-05 9.9964E-05 9.9964E-05 0.0364085 0.043457
9.9946E-05 9.9946E-05 9.9946E-05 9.9946E-05 9.9946E-05 0.987598 0.0118021 9.9946E-05
9.994E-05 9.994E-05 9.994E-05 9.994E-05 9.994E-05 0.9993 9.994E-05 9.994E-05
0.931247 9.99549E-05 9.99549E-05 9.99549E-05 0.0128041 9.99549E-05 9.99549E-05 0.0554493
0.0896266 0.0467097 0.484452 9.9973E-05 9.9973E-05 9.9973E-05 0.116168 0.262743
0.0398334 9.99639E-05 9.99639E-05 9.99639E-05 0.152415 0.000496526 0.806855 9.99639E-05
9.99731E-05 0.101403 0.200968 0.0589359 9.99731E-05 0.243935 9.99731E-05 0.394459
0.212349 0.0610415 9.99641E-05 9.99641E-05 9.99641E-05 0.297812 9.99641E-05 0.428397
9.99641E-05 0.0530246 9.99641E-05 0.570493 0.176726 9.99641E-05 0.199356 9.99641E-05
