9.999E-05 0.9998 9.999E-05
0.54729 0.45261 9.9991E-05
0.867491 0.0622869 0.070222
0.9998 9.999E-05 9.999E-05
0.705123 0.294777 9.9991E-05
0.9998 9.999E-05 9.999E-05
0.344636 0.655264 9.99911E-05
0.80668 0.19322 9.9991E-05
0.389138 0.610762 9.9991E-05
0.0445776 0.955322 9.9991E-05
0.00835643 0.991544 9.9991E-05
0.0574268 0.942473 9.9991E-05
0.0565418 0.943358 9.99911E-05
0.9998 9.999E-05 9.999E-05
0.9998 9.999E-05 9.999E-05
0.0491289 0.950771 9.9991E-05
0.0315166 0.784226 0.184257
0.0426663 0.17701 0.780323
9.999E-05 9.999E-05 0.9998
9.999E-05 0.9998 9.999E-05
9.999E-05 9.999E-05 0.9998
9.999E-05 0.9998 9.999E-05
0.0755456 0.35862 0.565834
9.999E-05 9.999E-05 0.9998
0.9998 9.999E-05 9.999E-05
0.9998 9.999E-05 9.999E-05
9.999E-05 0.9998 9.999E-05
0.9998 9.999E-05 9.999E-05
0.9998 9.999E-05 9.999E-05
0.942525 0.00266677 0.0548087
0.959279 9.9991E-05 0.040621
0.591418 0.408482 9.99911E-05
0.9998 9.999E-05 9.999E-05
0.81723 0.18267 9.9991E-05
0.0670057 0.932894 9.9991E-05
0.9998 9.999E-05 9.999E-05
0.0443947 0.955505 9.9991E-05
0.154683 0.823107 0.0222097
0.182595 0.634109 0.183296
0.108024 0.891876 9.9991E-05
0.0764249 0.920417 0.00315835
9.9991E-05 0.988091 0.0118095
0.0326856 0.967214 9.9991E-05
0.0166845 0.983216 9.9991E-05
0.00912093 0.829596 0.161283
0.127978 0.838574 0.0334481
0.158752 0.841148 9.9991E-05
9.99911E-05 0.999043 0.00085669
0.823267 0.12535 0.0513832
0.81459 0.118403 0.0670072
0.787374 0.156776 0.0558499
0.823404 0.115388 0.0612087
0.819249 0.148452 0.0322988
0.718315 0.21705 0.0646349
0.758956 0.232785 0.00825902
9.999E-05 0.9998 9.999E-05
0.562312 0.437588 9.9991E-05
0.9998 9.999E-05 9.999E-05
9.999E-05 0.9998 9.999E-05
0.0433812 0.956519 9.9991E-05
9.999E-05 0.9998 9.999E-05
9.999E-05 0.9998 9.999E-05
9.9991E-05 0.993505 0.00639458
0.00986252 0.0582924 0.931845
0.9998 9.999E-05 9.999E-05
0.369584 0.601808 0.0286079
0.9998 9.999E-05 9.999E-05
0.9998 9.999E-05 9.999E-05
0.9998 9.999E-05 9.999E-05
0.999486 9.9991E-05 0.000413572
0.972181 0.0277194 9.9991E-05
0.9998 9.999E-05 9.999E-05
0.912837 0.0870629 9.99911E-05
0.866835 0.111645 0.0215199
0.99385 0.00604982 9.9991E-05
0.158999 0.840901 9.9991E-05
0.13514 0.86476 9.9991E-05
0.112226 0.612387 0.275387
0.104761 0.644189 0.25105
0.051904 0.947996 9.9991E-05
0.0235857 0.976314 9.9991E-05
0.110348 0.638974 0.250678
0.146108 0.600662 0.25323
9.999E-05 0.9998 9.999E-05
0.0205605 0.945377 0.0340622
0.575902 0.423998 9.9991E-05
0.0983121 0.703731 0.197957
0.000898157 0.852071 0.147031
0.902094 0.0151912 0.0827143
