0.982477 9.9973E-05 9.9973E-05 9.9973E-05 0.0172233
0.340658 9.9991E-05 0.328505 0.291952 0.0387852
0.0630784 0.0524053 0.128705 0.723345 0.0324657
9.9982E-05 9.9982E-05 0.0266921 0.935786 0.037322
0.231863 9.9991E-05 0.329847 0.427761 0.010429
0.00909183 9.9982E-05 9.9982E-05 0.976213 0.0144954
0.563049 9.99821E-05 0.40752 0.0292307 9.99821E-05
0.0958897 9.9991E-05 0.476637 0.39797 0.0294034
0.538957 9.99731E-05 0.460743 9.99731E-05 9.99731E-05
0.72692 9.9982E-05 0.173949 9.9982E-05 0.0989311
0.721907 9.9982E-05 0.170253 9.9982E-05 0.10764
0.786993 9.9982E-05 9.9982E-05 0.0525663 0.160241
0.918958 0.0025087 9.99911E-05 0.0672195 0.0112136
0.000813457 0.0296289 9.9982E-05 0.969358 9.9982E-05
0.0060797 0.0122946 9.9982E-05 0.981426 9.9982E-05
0.913641 9.9991E-05 0.0456937 0.0243434 0.0162218
0.51859 0.0807336 9.9991E-05 0.0013679 0.399209
0.178812 0.725659 0.0953287 9.9982E-05 9.9982E-05
9.9973E-05 0.904532 9.9973E-05 9.9973E-05 0.095168
0.840468 9.9982E-05 0.00808348 9.9982E-05 0.151248
9.997E-05 0.9996 9.997E-05 9.997E-05 9.997E-05
0.967528 9.9982E-05 9.9982E-05 0.00307718 0.0291953
0.0939798 0.400553 0.106246 9.9991E-05 0.399121
9.99729E-05 0.924567 9.99729E-05 9.99729E-05 0.075133
9.997E-05 9.997E-05 9.997E-05 0.9996 9.997E-05
9.997E-05 9.997E-05 9.997E-05 0.9996 9.997E-05
0.921407 9.9973E-05 9.9973E-05 9.9973E-05 0.0782932
9.9982E-05 9.9982E-05 0.0475069 0.949132 0.00316138
9.9973E-05 9.9973E-05 0.0777606 0.921939 9.9973E-05
9.9991E-05 0.0388165 0.226836 0.720625 0.0136231
9.9982E-05 9.9982E-05 0.280212 0.683381 0.0362075
0.252195 0.00227926 0.655167 0.0902593 9.9991E-05
9.99731E-05 9.99731E-05 0.0107798 0.98892 9.99731E-05
9.9982E-05 9.9982E-05 0.899683 0.0857566 0.0143601
0.699849 9.9982E-05 9.9982E-05 0.0638585 0.236093
0.0218455 9.9973E-05 9.9973E-05 0.977855 9.9973E-05
0.90712 9.99821E-05 9.99821E-05 0.088265 0.00441496
0.729641 0.0376561 0.201711 0.0191805 0.0118112
0.354473 0.050053 9.9991E-05 0.148446 0.446929
0.745358 9.99819E-05 9.99819E-05 0.15153 0.102912
0.807749 0.0106965 9.9991E-05 0.0866996 0.0947552
0.828942 0.020371 0.0469366 9.9991E-05 0.103651
0.900376 9.9973E-05 0.0993242 9.9973E-05 9.9973E-05
0.760529 9.9982E-05 0.102651 9.9982E-05 0.136621
0.632182 0.111405 0.0491105 9.9991E-05 0.207203
0.725002 0.0429813 0.0818398 0.0431677 0.10701
0.690057 9.9991E-05 0.0469079 0.131835 0.1311
0.964903 0.0347971 9.99733E-05 9.99733E-05 9.99733E-05
9.997E-05 9.997E-05 0.9996 9.997E-05 9.997E-05
9.997E-05 9.997E-05 0.9996 9.997E-05 9.997E-05
9.9973E-05 0.00508207 0.994618 9.9973E-05 9.9973E-05
9.997E-05 9.997E-05 0.9996 9.997E-05 9.997E-05
9.997E-05 9.997E-05 0.9996 9.997E-05 9.997E-05
0.111891 0.0353771 0.675757 0.176875 9.9991E-05
9.997E-05 9.997E-05 0.9996 9.997E-05 9.997E-05
0.9996 9.997E-05 9.997E-05 9.997E-05 9.997E-05
0.314376 9.9982E-05 0.558366 0.127058 9.9982E-05
9.997E-05 9.997E-05 9.997E-05 0.9996 9.997E-05
0.931457 9.99821E-05 9.99821E-05 0.0322037 0.0361392
0.91842 9.9982E-05 9.9982E-05 0.0647716 0.016608
0.978284 0.0214164 9.99732E-05 9.99732E-05 9.99732E-05
0.995673 9.9973E-05 9.9973E-05 0.00402662 9.9973E-05
0.898176 0.0199191 9.9982E-05 9.9982E-05 0.0817052
0.0658957 0.918809 9.99821E-05 0.0150951 9.99821E-05
9.997E-05 9.997E-05 9.997E-05 0.9996 9.997E-05
0.513301 0.0359691 0.179282 0.212223 0.0592241
0.0105756 9.99731E-05 9.99731E-05 0.989125 9.99731E-05
0.0178304 9.9982E-05 0.00865005 0.97332 9.9982E-05
0.0092118 9.9982E-05 0.0703143 0.920274 9.9982E-05
0.00614296 0.016854 0.0258385 0.951065 9.9991E-05
0.0125772 9.9991E-05 0.0169052 0.937448 0.0329692
9.9973E-05 9.9973E-05 9.9973E-05 0.996929 0.0027712
9.99732E-05 9.99732E-05 0.525513 0.474187 9.99732E-05
0.0464151 0.0153519 0.443383 0.49475 9.99911E-05
0.00383399 9.99895E-05 0.0247927 0.971173 9.99895E-05
0.755059 9.9991E-05 0.144768 0.0595223 0.0405513
0.798261 9.9991E-05 0.133574 0.0474361 0.0206283
9.997E-05 9.997E-05 9.997E-05 9.997E-05 0.9996
9.997E-05 9.997E-05 9.997E-05 9.997E-05 0.9996
0.783265 9.99819E-05 0.119029 9.99819E-05 0.0975057
0.816655 0.00474798 0.110109 9.9991E-05 0.0683881
9.997E-05 9.997E-05 9.997E-05 9.997E-05 0.9996
9.997E-05 9.997E-05 9.997E-05 9.997E-05 0.9996
0.984926 9.9982E-05 0.0139323 0.000941781 9.9982E-05
0.87782 0.0529099 0.0490416 0.0201286 9.9991E-05
0.311484 9.9982E-05 0.599341 0.0889752 9.9982E-05
0.498625 0.139111 9.9991E-05 0.0594346 0.302729
0.56607 0.100879 9.9991E-05 0.00237266 0.330578
9.9991E-05 0.0352193 0.308824 0.608546 0.0473108
