0.0275819 9.99189E-05 9.99189E-05 9.99189E-05 9.99189E-05 9.99189E-05 9.99189E-05 9.99189E-05 0.0804377 9.99189E-05 9.99189E-05 0.891081
0.0379806 0.0362651 0.524847 9.99639E-05 9.99639E-05 0.0758854 9.99639E-05 0.013865 0.059125 0.0394711 9.99639E-05 0.212161
9.99375E-05 9.99375E-05 0.270528 9.99375E-05 0.0826512 0.584632 9.99375E-05 0.0352671 9.99375E-05 9.99375E-05 0.0262213 9.99375E-05
0.000298558 9.99371E-05 9.99371E-05 9.99371E-05 9.99371E-05 0.951764 0.0067576 0.0398032 0.000677462 9.99371E-05 9.99371E-05 9.99371E-05
9.99551E-05 9.99551E-05 0.298786 0.098277 9.99551E-05 0.268171 0.052639 9.99551E-05 0.0833785 0.162613 9.99551E-05 0.0356348
9.99101E-05 9.99101E-05 9.99101E-05 0.0410834 9.99101E-05 0.957918 9.99101E-05 9.99101E-05 9.99101E-05 9.99101E-05 9.99101E-05 9.99101E-05
9.99011E-05 9.99011E-05 9.99011E-05 9.99011E-05 9.99011E-05 9.99011E-05 9.99011E-05 9.99011E-05 9.99011E-05 0.998901 9.99011E-05 9.99011E-05
9.99279E-05 9.99279E-05 0.800945 9.99279E-05 9.99279E-05 0.0687973 0.0127884 9.99279E-05 0.11667 9.99279E-05 9.99279E-05 9.99279E-05
0.0097534 9.9928E-05 9.9928E-05 9.9928E-05 9.9928E-05 9.9928E-05 0.00857543 9.9928E-05 9.9928E-05 0.97779 9.9928E-05 0.00308181
9.99101E-05 9.99101E-05 9.99101E-05 9.99101E-05 9.99101E-05 9.99101E-05 9.99101E-05 9.99101E-05 0.880684 0.118317 9.99101E-05 9.99101E-05
9.99101E-05 9.99101E-05 9.99101E-05 9.99101E-05 9.99101E-05 9.99101E-05 9.99101E-05 9.99101E-05 0.910749 0.0882518 9.99101E-05 9.99101E-05
9.9937E-05 9.9937E-05 9.9937E-05 0.0422762 0.15677 0.0340225 9.9937E-05 0.120104 9.9937E-05 9.9937E-05 9.9937E-05 0.646128
9.99193E-05 9.99193E-05 9.99193E-05 9.99193E-05 0.959866 0.00169405 9.99193E-05 9.99193E-05 9.99193E-05 0.0375407 9.99193E-05 9.99193E-05
0.010103 9.99371E-05 9.99371E-05 0.00960602 9.99371E-05 0.945883 9.99371E-05 9.99371E-05 9.99371E-05 9.99371E-05 0.0126826 0.0210257
9.99191E-05 9.99191E-05 9.99191E-05 9.99191E-05 9.99191E-05 0.961428 9.99191E-05 9.99191E-05 0.00393069 9.99191E-05 9.99191E-05 0.0337422
9.99189E-05 0.763832 9.99189E-05 0.114323 0.120945 9.99189E-05 9.99189E-05 9.99189E-05 9.99189E-05 9.99189E-05 9.99189E-05 9.99189E-05
0.935926 9.99099E-05 9.99099E-05 9.99099E-05 9.99099E-05 9.99099E-05 9.99099E-05 9.99099E-05 0.0630749 9.99099E-05 9.99099E-05 9.99099E-05
9.99459E-05 0.0538807 9.99459E-05 9.99459E-05 9.99459E-05 9.99459E-05 0.023738 9.99459E-05 0.128891 0.0356965 0.673252 0.0839427
9.991E-05 9.991E-05 9.991E-05 9.991E-05 9.991E-05 9.991E-05 9.991E-05 0.0694214 9.991E-05 9.991E-05 0.92958 9.991E-05
9.99369E-05 0.294875 9.99369E-05 0.191008 9.99369E-05 9.99369E-05 9.99369E-05 0.0361092 0.408438 9.99369E-05 9.99369E-05 0.0688704
9.99011E-05 9.99011E-05 9.99011E-05 9.99011E-05 9.99011E-05 9.99011E-05 9.99011E-05 9.99011E-05 9.99011E-05 9.99011E-05 0.998901 9.99011E-05
0.0379941 0.273064 9.9964E-05 0.0129055 0.0614544 9.9964E-05 9.9964E-05 0.018456 0.0559804 9.9964E-05 0.000876271 0.53887
0.320597 9.99281E-05 9.99281E-05 9.99281E-05 9.99281E-05 9.99281E-05 9.99281E-05 0.160034 0.164619 9.99281E-05 0.353951 9.99281E-05
0.032008 9.99279E-05 9.99279E-05 0.0218757 9.99279E-05 9.99279E-05 9.99279E-05 0.0490635 9.99279E-05 9.99279E-05 0.896253 9.99279E-05
9.99013E-05 9.99013E-05 9.99013E-05 9.99013E-05 9.99013E-05 0.998901 9.99013E-05 9.99013E-05 9.99013E-05 9.99013E-05 9.99013E-05 9.99013E-05
9.99012E-05 9.99012E-05 9.99012E-05 9.99012E-05 9.99012E-05 0.998901 9.99012E-05 9.99012E-05 9.99012E-05 9.99012E-05 9.99012E-05 9.99012E-05
0.0223776 0.0217457 9.99459E-05 9.99459E-05 0.799916 9.99459E-05 9.99459E-05 0.0257086 0.077268 9.99459E-05 9.99459E-05 0.0523845
9.9928E-05 9.9928E-05 9.9928E-05 9.9928E-05 0.00756153 0.9278 0.0212109 9.9928E-05 9.9928E-05 0.0426285 9.9928E-05 9.9928E-05
9.9928E-05 0.0159818 9.9928E-05 9.9928E-05 9.9928E-05 0.913795 0.0562957 9.9928E-05 9.9928E-05 0.0131278 9.9928E-05 9.9928E-05
9.99371E-05 9.99371E-05 0.292044 9.99371E-05 0.0381292 0.558908 0.0965911 9.99371E-05 9.99371E-05 9.99371E-05 0.0136274 9.99371E-05
0.0306523 9.9928E-05 0.502579 9.9928E-05 9.9928E-05 0.417181 0.0487876 9.9928E-05 9.9928E-05 9.9928E-05 9.9928E-05 9.9928E-05
9.9937E-05 0.0874391 0.691496 9.9937E-05 9.9937E-05 9.9937E-05 0.025036 0.0135777 9.9937E-05 9.9937E-05 9.9937E-05 0.181752
9.99192E-05 0.00655505 0.0820827 9.99192E-05 9.99192E-05 0.910463 9.99192E-05 9.99192E-05 9.99192E-05 9.99192E-05 9.99192E-05 9.99192E-05
9.99282E-05 9.99282E-05 0.320872 9.99282E-05 0.00266493 9.99282E-05 0.672853 0.00281098 9.99282E-05 9.99282E-05 9.99282E-05 9.99282E-05
0.276367 9.99548E-05 0.0309243 0.0376335 0.516201 0.00733402 9.99548E-05 0.113585 9.99548E-05 9.99548E-05 9.99548E-05 0.0174559
9.99189E-05 9.99189E-05 9.99189E-05 0.0306622 9.99189E-05 0.950854 9.99189E-05 9.99189E-05 9.99189E-05 0.0175843 9.99189E-05 9.99189E-05
9.9919E-05 9.9919E-05 9.9919E-05 0.0248998 9.9919E-05 0.0131495 9.9919E-05 9.9919E-05 9.9919E-05 9.9919E-05 9.9919E-05 0.961051
0.0464481 9.9946E-05 0.122144 9.9946E-05 0.0128957 9.9946E-05 9.9946E-05 9.9946E-05 0.72151 9.9946E-05 0.00801766 0.0883847
0.998901 9.9901E-05 9.9901E-05 9.9901E-05 9.9901E-05 9.9901E-05 9.9901E-05 9.9901E-05 9.9901E-05 9.9901E-05 9.9901E-05 9.9901E-05
0.143003 0.210216 9.99458E-05 0.00295578 9.99458E-05 0.0779651 9.99458E-05 9.99458E-05 0.26328 9.99458E-05 9.99458E-05 0.301981
0.125495 0.155363 9.99458E-05 9.99458E-05 9.99458E-05 0.0483062 9.99458E-05 0.0189272 0.298823 9.99458E-05 9.99458E-05 0.352486
0.0256522 9.9928E-05 9.9928E-05 0.0199191 9.9928E-05 9.9928E-05 9.9928E-05 9.9928E-05 0.901764 9.9928E-05 9.9928E-05 0.0518649
9.9946E-05 0.827267 9.9946E-05 9.9946E-05 0.0124451 9.9946E-05 9.9946E-05 9.9946E-05 0.0263038 0.074483 0.00737261 0.0515285
9.9928E-05 0.0140516 9.9928E-05 0.123386 9.9928E-05 9.9928E-05 0.00291523 9.9928E-05 0.858848 9.9928E-05 9.9928E-05 9.9928E-05
9.9955E-05 0.103293 9.9955E-05 0.188894 0.106164 9.9955E-05 9.9955E-05 0.0684444 0.380596 9.9955E-05 0.0820344 0.0700738
9.9955E-05 0.20433 0.0486745 0.155183 9.9955E-05 0.00165472 9.9955E-05 9.9955E-05 0.455023 9.9955E-05 0.020773 0.113862
0.141961 9.9964E-05 9.9964E-05 0.291329 0.0324557 0.0569229 0.0465105 9.9964E-05 0.166592 0.044646 9.9964E-05 0.219183
9.99016E-05 9.99016E-05 9.99016E-05 9.99016E-05 9.99016E-05 9.99016E-05 9.99016E-05 9.99016E-05 9.99016E-05 9.99016E-05 9.99016E-05 0.998901
9.99011E-05 9.99011E-05 9.99011E-05 9.99011E-05 9.99011E-05 9.99011E-05 0.998901 9.99011E-05 9.99011E-05 9.99011E-05 9.99011E-05 9.99011E-05
9.99011E-05 9.99011E-05 9.99011E-05 9.99011E-05 9.99011E-05 9.99011E-05 0.998901 9.99011E-05 9.99011E-05 9.99011E-05 9.99011E-05 9.99011E-05
9.99101E-05 0.0104107 9.99101E-05 9.99101E-05 9.99101E-05 9.99101E-05 0.98859 9.99101E-05 9.99101E-05 9.99101E-05 9.99101E-05 9.99101E-05
9.99101E-05 9.99101E-05 9.99101E-05 9.99101E-05 9.99101E-05 0.0184244 0.980577 9.99101E-05 9.99101E-05 9.99101E-05 9.99101E-05 9.99101E-05
9.9901E-05 9.9901E-05 9.9901E-05 9.9901E-05 9.9901E-05 9.9901E-05 0.998901 9.9901E-05 9.9901E-05 9.9901E-05 9.9901E-05 9.9901E-05
9.99461E-05 0.103363 0.434361 9.99461E-05 0.0353259 0.0722099 0.330674 9.99461E-05 9.99461E-05 9.99461E-05 0.0234665 9.99461E-05
9.9928E-05 0.030106 0.0296131 9.9928E-05 9.9928E-05 9.9928E-05 0.930176 9.9928E-05 9.9928E-05 9.9928E-05 9.9928E-05 0.00930535
9.99278E-05 0.144754 9.99278E-05 0.0870691 9.99278E-05 9.99278E-05 9.99278E-05 9.99278E-05 9.99278E-05 0.00903223 9.99278E-05 0.758346
9.99367E-05 0.0671992 0.495759 9.99367E-05 9.99367E-05 9.99367E-05 0.131211 9.99367E-05 9.99367E-05 0.126357 9.99367E-05 0.178774
9.99099E-05 9.99099E-05 9.99099E-05 0.0194568 9.99099E-05 0.979544 9.99099E-05 9.99099E-05 9.99099E-05 9.99099E-05 9.99099E-05 9.99099E-05
9.9928E-05 0.0846238 9.9928E-05 9.9928E-05 0.819184 9.9928E-05 9.9928E-05 0.0274664 9.9928E-05 9.9928E-05 9.9928E-05 0.0679264
9.99102E-05 0.900606 9.99102E-05 0.0983946 9.99102E-05 9.99102E-05 9.99102E-05 9.99102E-05 9.99102E-05 9.99102E-05 9.99102E-05 9.99102E-05
9.99013E-05 9.99013E-05 9.99013E-05 9.99013E-05 0.998901 9.99013E-05 9.99013E-05 9.99013E-05 9.99013E-05 9.99013E-05 9.99013E-05 9.99013E-05
9.99099E-05 9.99099E-05 9.99099E-05 9.99099E-05 0.899474 9.99099E-05 9.99099E-05 9.99099E-05 0.0995271 9.99099E-05 9.99099E-05 9.99099E-05
9.99279E-05 9.99279E-05 9.99279E-05 0.109003 0.799599 9.99279E-05 9.99279E-05 0.0362792 0.0543199 9.99279E-05 9.99279E-05 9.99279E-05
9.99102E-05 9.99102E-05 9.99102E-05 9.99102E-05 9.99102E-05 9.99102E-05 9.99102E-05 9.99102E-05 9.99102E-05 9.99102E-05 0.880502 0.118499
9.99103E-05 0.017761 9.99103E-05 9.99103E-05 9.99103E-05 0.98124 9.99103E-05 9.99103E-05 9.99103E-05 9.99103E-05 9.99103E-05 9.99103E-05
9.9964E-05 0.0833352 9.9964E-05 9.9964E-05 0.158137 0.34078 0.121831 0.102798 0.0501785 9.9964E-05 0.033296 0.109244
9.99283E-05 0.0273713 0.015633 9.99283E-05 0.00108458 0.955112 9.99283E-05 9.99283E-05 9.99283E-05 9.99283E-05 9.99283E-05 9.99283E-05
0.0508501 9.9928E-05 9.9928E-05 9.9928E-05 9.9928E-05 0.922763 9.9928E-05 9.9928E-05 9.9928E-05 0.0142305 9.9928E-05 0.0113566
9.9937E-05 0.0367792 0.00128043 9.9937E-05 9.9937E-05 0.918627 0.021066 9.9937E-05 9.9937E-05 0.0215475 9.9937E-05 9.9937E-05
9.9946E-05 0.0174286 0.0038754 9.9946E-05 9.9946E-05 0.925224 0.0283788 9.9946E-05 9.9946E-05 0.0233912 0.00110231 9.9946E-05
9.99281E-05 9.99281E-05 0.086184 0.00998281 9.99281E-05 0.858551 9.99281E-05 9.99281E-05 0.0444832 9.99281E-05 9.99281E-05 9.99281E-05
0.0107642 9.9919E-05 9.9919E-05 0.022215 9.9919E-05 0.966122 9.9919E-05 9.9919E-05 9.9919E-05 9.9919E-05 9.9919E-05 9.9919E-05
9.99101E-05 9.99101E-05 0.975233 9.99101E-05 9.99101E-05 0.0237681 9.99101E-05 9.99101E-05 9.99101E-05 9.99101E-05 9.99101E-05 9.99101E-05
9.99101E-05 9.99101E-05 0.940573 9.99101E-05 0.0584279 9.99101E-05 9.99101E-05 9.99101E-05 9.99101E-05 9.99101E-05 9.99101E-05 9.99101E-05
9.99192E-05 9.99192E-05 9.99192E-05 9.99192E-05 9.99192E-05 0.964915 0.0191092 0.0150768 9.99192E-05 9.99192E-05 9.99192E-05 9.99192E-05
9.991E-05 0.969408 0.0295925 9.991E-05 9.991E-05 9.991E-05 9.991E-05 9.991E-05 9.991E-05 9.991E-05 9.991E-05 9.991E-05
9.991E-05 0.995662 9.991E-05 9.991E-05 9.991E-05 9.991E-05 0.00333871 9.991E-05 9.991E-05 9.991E-05 9.991E-05 9.991E-05
9.99101E-05 9.99101E-05 9.99101E-05 9.99101E-05 9.99101E-05 9.99101E-05 9.99101E-05 0.992788 9.99101E-05 9.99101E-05 9.99101E-05 0.00621286
9.99011E-05 9.99011E-05 9.99011E-05 9.99011E-05 9.99011E-05 9.99011E-05 9.99011E-05 0.998901 9.99011E-05 9.99011E-05 9.99011E-05 9.99011E-05
9.99369E-05 0.0505976 0.00905193 9.99369E-05 0.042045 9.99369E-05 9.99369E-05 9.99369E-05 0.877975 9.99369E-05 9.99369E-05 0.0196308
9.9937E-05 0.0475836 9.9937E-05 9.9937E-05 0.0638994 9.9937E-05 9.9937E-05 9.9937E-05 0.869449 0.00990045 9.9937E-05 0.00846818
9.99191E-05 9.99191E-05 0.0202863 9.99191E-05 9.99191E-05 9.99191E-05 9.99191E-05 0.974156 0.00465853 9.99191E-05 9.99191E-05 9.99191E-05
9.99011E-05 9.99011E-05 9.99011E-05 9.99011E-05 9.99011E-05 9.99011E-05 9.99011E-05 0.998901 9.99011E-05 9.99011E-05 9.99011E-05 9.99011E-05
9.99189E-05 9.99189E-05 9.99189E-05 9.99189E-05 0.0600251 9.99189E-05 0.00334814 9.99189E-05 9.99189E-05 9.99189E-05 9.99189E-05 0.935728
9.99549E-05 0.339381 9.99549E-05 0.0400879 0.142603 9.99549E-05 9.99549E-05 9.99549E-05 0.185938 0.134531 0.0738154 0.0831433
9.994E-05 0.0557941 0.450622 9.994E-05 9.994E-05 9.994E-05 0.155391 0.00619884 9.994E-05 0.183162 9.994E-05 0.148232
9.9928E-05 9.9928E-05 0.0025466 0.976033 9.9928E-05 9.9928E-05 0.00355843 9.9928E-05 0.0170624 9.9928E-05 9.9928E-05 9.9928E-05
0.0255783 9.9919E-05 9.9919E-05 0.958276 9.9919E-05 9.9919E-05 9.9919E-05 9.9919E-05 9.9919E-05 9.9919E-05 9.9919E-05 0.0152467
9.99281E-05 9.99281E-05 0.600378 9.99281E-05 9.99281E-05 0.355736 9.99281E-05 0.0124881 9.99281E-05 9.99281E-05 0.0305979 9.99281E-05
