9.99188E-05 9.99188E-05 0.0628356 9.99188E-05 9.99188E-05 0.920716 0.0155487 9.99188E-05 9.99188E-05 9.99188E-05 9.99188E-05 9.99188E-05
0.111302 0.766491 9.99279E-05 9.99279E-05 9.99279E-05 9.99279E-05 9.99279E-05 9.99279E-05 9.99279E-05 0.00348502 0.117923 9.99279E-05
9.995E-05 0.0153715 9.995E-05 0.0177274 0.00416051 9.995E-05 0.0432261 0.0644751 0.0974703 9.995E-05 0.757069 9.995E-05
9.9928E-05 9.9928E-05 0.00455608 0.000813255 9.9928E-05 9.9928E-05 0.0317647 9.9928E-05 9.9928E-05 9.9928E-05 0.962066 9.9928E-05
0.0593335 0.139274 0.0717397 0.0557247 9.9964E-05 0.00732076 9.9964E-05 9.9964E-05 0.251293 9.9964E-05 0.399811 0.0151042
0.0382825 9.9928E-05 0.00241101 9.9928E-05 9.9928E-05 9.9928E-05 9.9928E-05 9.9928E-05 9.9928E-05 9.9928E-05 0.933416 0.0250914
9.99008E-05 9.99008E-05 9.99008E-05 9.99008E-05 9.99008E-05 9.99008E-05 9.99008E-05 9.99008E-05 0.998901 9.99008E-05 9.99008E-05 9.99008E-05
9.9946E-05 0.13418 0.102506 0.239559 9.9946E-05 9.9946E-05 0.000414661 9.9946E-05 0.109484 9.9946E-05 0.413257 9.9946E-05
9.99188E-05 0.0110865 9.99188E-05 9.99188E-05 9.99188E-05 9.99188E-05 9.99188E-05 9.99188E-05 0.948578 0.0394366 9.99188E-05 9.99188E-05
9.991E-05 9.991E-05 0.880619 9.991E-05 9.991E-05 9.991E-05 9.991E-05 9.991E-05 0.118382 9.991E-05 9.991E-05 9.991E-05
9.99101E-05 9.99101E-05 0.856476 9.99101E-05 9.99101E-05 9.99101E-05 9.99101E-05 9.99101E-05 0.142525 9.99101E-05 9.99101E-05 9.99101E-05
0.000223844 9.9946E-05 9.9946E-05 9.9946E-05 9.9946E-05 0.669424 0.126275 0.156366 0.0118383 9.9946E-05 0.0352729 9.9946E-05
9.99102E-05 9.99102E-05 9.99102E-05 9.99102E-05 9.99102E-05 9.99102E-05 9.99102E-05 0.96126 0.037741 9.99102E-05 9.99102E-05 9.99102E-05
0.0188412 9.99281E-05 9.99281E-05 9.99281E-05 0.00795386 0.0252804 9.99281E-05 9.99281E-05 9.99281E-05 9.99281E-05 0.947125 9.99281E-05
9.99281E-05 9.99281E-05 0.0209619 9.99281E-05 9.99281E-05 0.0410483 9.99281E-05 9.99281E-05 9.99281E-05 9.99281E-05 0.93187 0.00532022
0.0227079 9.9919E-05 9.9919E-05 9.9919E-05 9.9919E-05 9.9919E-05 9.9919E-05 0.196632 9.9919E-05 0.779761 9.9919E-05 9.9919E-05
0.922102 9.99099E-05 0.0768987 9.99099E-05 9.99099E-05 9.99099E-05 9.99099E-05 9.99099E-05 9.99099E-05 9.99099E-05 9.99099E-05 9.99099E-05
9.99369E-05 0.148802 0.122617 0.0132483 0.700036 0.0145965 9.99369E-05 9.99369E-05 9.99369E-05 9.99369E-05 9.99369E-05 9.99369E-05
9.991E-05 9.991E-05 9.991E-05 9.991E-05 0.930338 9.991E-05 0.0686624 9.991E-05 9.991E-05 9.991E-05 9.991E-05 9.991E-05
0.0530021 9.9946E-05 0.441869 9.9946E-05 9.9946E-05 0.101406 0.0474 9.9946E-05 9.9946E-05 0.328621 9.9946E-05 0.0271027
9.99011E-05 9.99011E-05 9.99011E-05 9.99011E-05 0.998901 9.99011E-05 9.99011E-05 9.99011E-05 9.99011E-05 9.99011E-05 9.99011E-05 9.99011E-05
0.0484337 9.9937E-05 0.0916017 9.9937E-05 9.9937E-05 0.494512 9.9937E-05 0.0548156 9.9937E-05 0.309938 9.9937E-05 9.9937E-05
9.99099E-05 9.99099E-05 9.99099E-05 9.99099E-05 0.0941862 9.99099E-05 9.99099E-05 9.99099E-05 9.99099E-05 9.99099E-05 9.99099E-05 0.904815
9.99098E-05 9.99098E-05 9.99098E-05 9.99098E-05 0.738712 9.99098E-05 9.99098E-05 9.99098E-05 9.99098E-05 9.99098E-05 9.99098E-05 0.260289
9.99101E-05 9.99101E-05 9.99101E-05 0.0165203 9.99101E-05 9.99101E-05 9.99101E-05 9.99101E-05 9.99101E-05 9.99101E-05 0.982481 9.99101E-05
9.99012E-05 9.99012E-05 9.99012E-05 9.99012E-05 9.99012E-05 9.99012E-05 9.99012E-05 9.99012E-05 9.99012E-05 9.99012E-05 0.998901 9.99012E-05
0.0187511 9.99369E-05 0.0621668 9.99369E-05 9.99369E-05 0.0374459 0.0402227 0.840714 9.99369E-05 9.99369E-05 9.99369E-05 9.99369E-05
9.9928E-05 9.9928E-05 9.9928E-05 0.0550887 9.9928E-05 9.9928E-05 9.9928E-05 0.023886 9.9928E-05 0.00275425 0.917472 9.9928E-05
9.9919E-05 9.9919E-05 9.9919E-05 0.025453 9.9919E-05 9.9919E-05 9.9919E-05 9.9919E-05 9.9919E-05 0.0476495 0.925998 9.9919E-05
0.0156944 0.00906013 9.99641E-05 0.210401 0.0269759 9.99641E-05 0.0239768 0.0253471 0.0113866 9.99641E-05 0.676758 9.99641E-05
0.0142248 9.99461E-05 9.99461E-05 0.205018 9.99461E-05 9.99461E-05 0.0235378 9.99461E-05 0.0635255 9.99461E-05 0.663162 0.0299324
9.99012E-05 0.998901 9.99012E-05 9.99012E-05 9.99012E-05 9.99012E-05 9.99012E-05 9.99012E-05 9.99012E-05 9.99012E-05 9.99012E-05 9.99012E-05
0.0210132 9.99282E-05 9.99282E-05 9.99282E-05 9.99282E-05 9.99282E-05 9.99282E-05 9.99282E-05 0.00778761 0.00422994 0.96617 9.99282E-05
9.99372E-05 9.99372E-05 0.0252941 0.847078 9.99372E-05 0.000404445 9.99372E-05 9.99372E-05 0.0549383 9.99372E-05 0.0715861 9.99372E-05
0.248223 9.99458E-05 0.0385539 9.99458E-05 9.99458E-05 0.0493693 0.103152 0.559561 9.99458E-05 9.99458E-05 0.000540815 9.99458E-05
0.0150491 9.99188E-05 9.99188E-05 9.99188E-05 9.99188E-05 9.99188E-05 9.99188E-05 0.0345507 9.99188E-05 9.99188E-05 0.949501 9.99188E-05
0.0176167 9.9928E-05 9.9928E-05 9.9928E-05 9.9928E-05 0.957379 0.00722583 9.9928E-05 9.9928E-05 9.9928E-05 0.0169793 9.9928E-05
9.99459E-05 0.225412 0.534658 9.99459E-05 9.99459E-05 0.0994313 9.99459E-05 0.017431 9.99459E-05 9.99459E-05 0.0400106 0.0824575
0.998901 9.9901E-05 9.9901E-05 9.9901E-05 9.9901E-05 9.9901E-05 9.9901E-05 9.9901E-05 9.9901E-05 9.9901E-05 9.9901E-05 9.9901E-05
0.20026 0.0229945 0.243142 9.99458E-05 9.99458E-05 0.192246 9.99458E-05 9.99458E-05 9.99458E-05 0.280731 0.0600268 9.99458E-05
0.138543 0.0822868 0.26276 9.99459E-05 0.0142612 0.228608 9.99459E-05 9.99459E-05 9.99459E-05 0.272942 9.99459E-05 9.99459E-05
0.0064996 9.9937E-05 0.895905 9.9937E-05 9.9937E-05 0.0378293 9.9937E-05 9.9937E-05 9.9937E-05 0.0307333 9.9937E-05 0.0283328
9.9937E-05 9.9937E-05 0.00270374 9.9937E-05 0.00393332 9.9937E-05 9.9937E-05 0.047544 0.0648736 0.880246 9.9937E-05 9.9937E-05
0.00368176 9.9937E-05 0.888568 9.9937E-05 9.9937E-05 0.0429213 9.9937E-05 0.0511119 9.9937E-05 9.9937E-05 9.9937E-05 0.013018
9.99458E-05 0.0440056 0.145227 9.99458E-05 9.99458E-05 0.0507004 9.99458E-05 0.141202 9.99458E-05 0.104645 9.99458E-05 0.513621
9.99549E-05 0.00643018 0.290571 9.99549E-05 9.99549E-05 0.147204 9.99549E-05 0.0138317 9.99549E-05 0.18719 0.0535609 0.300712
0.170726 9.9973E-05 0.109218 0.0329613 9.9973E-05 0.222068 0.00204794 0.144033 0.0778967 9.9973E-05 0.0437171 0.197031
9.99106E-05 9.99106E-05 9.99106E-05 9.99106E-05 0.00283607 0.996165 9.99106E-05 9.99106E-05 9.99106E-05 9.99106E-05 9.99106E-05 9.99106E-05
9.9901E-05 9.9901E-05 9.9901E-05 0.998901 9.9901E-05 9.9901E-05 9.9901E-05 9.9901E-05 9.9901E-05 9.9901E-05 9.9901E-05 9.9901E-05
9.991E-05 9.991E-05 9.991E-05 0.996766 9.991E-05 9.991E-05 9.991E-05 9.991E-05 9.991E-05 0.00223493 9.991E-05 9.991E-05
9.99101E-05 9.99101E-05 9.99101E-05 0.987414 9.99101E-05 9.99101E-05 9.99101E-05 9.99101E-05 9.99101E-05 0.0115873 9.99101E-05 9.99101E-05
9.99011E-05 9.99011E-05 9.99011E-05 0.998901 9.99011E-05 9.99011E-05 9.99011E-05 9.99011E-05 9.99011E-05 9.99011E-05 9.99011E-05 9.99011E-05
9.9901E-05 9.9901E-05 9.9901E-05 0.998901 9.9901E-05 9.9901E-05 9.9901E-05 9.9901E-05 9.9901E-05 9.9901E-05 9.9901E-05 9.9901E-05
9.99551E-05 0.0588334 9.99551E-05 0.498825 0.00693243 9.99551E-05 9.99551E-05 9.99551E-05 0.14387 0.0330847 0.196846 0.061109
9.9919E-05 0.0662286 9.9919E-05 0.923872 9.9919E-05 9.9919E-05 9.9919E-05 9.9919E-05 9.9919E-05 0.0090006 9.9919E-05 9.9919E-05
9.99189E-05 9.99189E-05 9.99189E-05 9.99189E-05 9.99189E-05 0.83355 9.99189E-05 0.0119963 9.99189E-05 0.153555 9.99189E-05 9.99189E-05
9.99189E-05 0.910707 9.99189E-05 0.0401324 9.99189E-05 9.99189E-05 9.99189E-05 9.99189E-05 0.0482616 9.99189E-05 9.99189E-05 9.99189E-05
0.0161746 9.99279E-05 0.000487185 9.99279E-05 9.99279E-05 0.00800474 9.99279E-05 9.99279E-05 9.99279E-05 9.99279E-05 0.974534 9.99279E-05
9.9928E-05 9.9928E-05 9.9928E-05 9.9928E-05 9.9928E-05 0.0135265 0.0472416 0.869497 9.9928E-05 0.0689353 9.9928E-05 9.9928E-05
9.99103E-05 9.99103E-05 9.99103E-05 9.99103E-05 9.99103E-05 9.99103E-05 9.99103E-05 0.0799569 9.99103E-05 0.919044 9.99103E-05 9.99103E-05
9.99103E-05 9.99103E-05 9.99103E-05 9.99103E-05 9.99103E-05 9.99103E-05 9.99103E-05 0.975921 0.0230803 9.99103E-05 9.99103E-05 9.99103E-05
9.99099E-05 9.99099E-05 0.122304 9.99099E-05 9.99099E-05 9.99099E-05 9.99099E-05 0.876697 9.99099E-05 9.99099E-05 9.99099E-05 9.99099E-05
9.99279E-05 9.99279E-05 0.0980148 9.99279E-05 0.0145415 9.99279E-05 0.0735743 0.81307 9.99279E-05 9.99279E-05 9.99279E-05 9.99279E-05
9.99192E-05 9.99192E-05 9.99192E-05 0.0124166 0.920311 0.0663734 9.99192E-05 9.99192E-05 9.99192E-05 9.99192E-05 9.99192E-05 9.99192E-05
9.99104E-05 9.99104E-05 9.99104E-05 9.99104E-05 9.99104E-05 9.99104E-05 0.00897422 9.99104E-05 9.99104E-05 9.99104E-05 0.990027 9.99104E-05
9.9973E-05 0.0307405 0.0278767 0.134911 9.9973E-05 0.142191 0.0903902 0.0173688 0.113641 9.9973E-05 0.199708 0.242873
9.99283E-05 9.99283E-05 9.99283E-05 9.99283E-05 9.99283E-05 9.99283E-05 9.99283E-05 0.0107771 0.0146078 0.0249117 0.948904 9.99283E-05
0.0404676 9.9928E-05 9.9928E-05 0.00333762 9.9928E-05 0.02235 9.9928E-05 9.9928E-05 9.9928E-05 9.9928E-05 0.933045 9.9928E-05
9.9928E-05 9.9928E-05 9.9928E-05 0.030095 9.9928E-05 9.9928E-05 9.9928E-05 9.9928E-05 0.0173952 0.0487021 0.903008 9.9928E-05
9.9946E-05 0.0207316 9.9946E-05 0.00760481 0.00682386 9.9946E-05 9.9946E-05 9.9946E-05 0.00620153 0.0465348 0.911504 9.9946E-05
0.0140162 0.0204223 0.0875824 9.99461E-05 9.99461E-05 0.00192176 9.99461E-05 9.99461E-05 0.026848 9.99461E-05 0.84861 9.99461E-05
0.0302537 9.99099E-05 9.99099E-05 9.99099E-05 9.99099E-05 9.99099E-05 9.99099E-05 9.99099E-05 9.99099E-05 9.99099E-05 0.968747 9.99099E-05
0.0139736 9.99283E-05 9.99283E-05 0.255251 9.99283E-05 9.99283E-05 9.99283E-05 9.99283E-05 0.206903 9.99283E-05 0.523073 9.99283E-05
9.99283E-05 9.99283E-05 9.99283E-05 0.133665 9.99283E-05 9.99283E-05 9.99283E-05 0.00551208 0.386725 9.99283E-05 0.473298 9.99283E-05
9.99371E-05 9.99371E-05 0.00262957 0.0104724 0.0044406 9.99371E-05 9.99371E-05 9.99371E-05 9.99371E-05 0.037019 0.944739 9.99371E-05
9.9928E-05 9.9928E-05 9.9928E-05 0.00365045 9.9928E-05 9.9928E-05 0.00285731 9.9928E-05 9.9928E-05 0.967075 0.0256178 9.9928E-05
9.99099E-05 9.99099E-05 9.99099E-05 0.0186744 9.99099E-05 9.99099E-05 9.99099E-05 9.99099E-05 9.99099E-05 0.980327 9.99099E-05 9.99099E-05
9.99012E-05 9.99012E-05 9.99012E-05 9.99012E-05 9.99012E-05 9.99012E-05 0.998901 9.99012E-05 9.99012E-05 9.99012E-05 9.99012E-05 9.99012E-05
9.99101E-05 9.99101E-05 9.99101E-05 9.99101E-05 9.99101E-05 9.99101E-05 0.997676 0.00132509 9.99101E-05 9.99101E-05 9.99101E-05 9.99101E-05
9.9937E-05 0.0540176 0.842704 9.9937E-05 9.9937E-05 0.0269761 9.9937E-05 0.00834796 9.9937E-05 0.0672548 9.9937E-05 9.9937E-05
9.9937E-05 0.0273677 0.78702 9.9937E-05 9.9937E-05 0.0129595 9.9937E-05 0.0684367 9.9937E-05 0.103516 9.9937E-05 9.9937E-05
9.99102E-05 0.0239052 9.99102E-05 9.99102E-05 9.99102E-05 9.99102E-05 0.975096 9.99102E-05 9.99102E-05 9.99102E-05 9.99102E-05 9.99102E-05
9.99011E-05 9.99011E-05 9.99011E-05 9.99011E-05 9.99011E-05 9.99011E-05 0.998901 9.99011E-05 9.99011E-05 9.99011E-05 9.99011E-05 9.99011E-05
9.9919E-05 9.9919E-05 9.9919E-05 9.9919E-05 9.9919E-05 0.977825 9.9919E-05 0.0158331 9.9919E-05 0.00544221 9.9919E-05 9.9919E-05
9.9964E-05 0.0753839 0.156134 9.9964E-05 0.0482713 0.0291271 9.9964E-05 0.136038 0.0349402 0.486925 9.9964E-05 0.0327803
9.99369E-05 0.860166 9.99369E-05 0.0474176 9.99369E-05 9.99369E-05 9.99369E-05 0.00187888 0.0690684 9.99369E-05 9.99369E-05 0.0207699
9.99099E-05 9.99099E-05 9.99099E-05 9.99099E-05 9.99099E-05 9.99099E-05 9.99099E-05 0.161115 9.99099E-05 9.99099E-05 9.99099E-05 0.837886
0.372228 9.99462E-05 9.99462E-05 9.99462E-05 0.0134568 0.115381 0.116378 0.254967 9.99462E-05 9.99462E-05 9.99462E-05 0.12699
9.99462E-05 0.0268643 9.99462E-05 0.202732 0.0245959 9.99462E-05 0.0335871 9.99462E-05 0.133684 9.99462E-05 0.577937 9.99462E-05
