0.0451112 9.99639E-05 0.946206 0.00828293 9.99639E-05 9.99639E-05 9.99639E-05
0.223887 0.257174 0.229394 9.9973E-05 0.289246 9.9973E-05 9.9973E-05
9.99733E-05 0.00858482 9.99733E-05 9.99733E-05 0.854361 0.0191066 0.117647
9.9955E-05 9.9955E-05 9.9955E-05 0.017749 0.981751 9.9955E-05 9.9955E-05
0.219223 0.233924 0.0832974 9.99731E-05 0.463256 9.99731E-05 9.99731E-05
0.0142447 9.9973E-05 9.9973E-05 0.00465844 0.974784 0.00601339 9.9973E-05
0.215747 0.323272 9.99731E-05 9.99731E-05 0.0553012 9.99731E-05 0.40538
0.151306 0.43657 9.99731E-05 0.0192439 0.39258 9.99731E-05 9.99731E-05
0.264958 0.369907 9.99731E-05 9.99731E-05 0.0127249 9.99731E-05 0.35211
0.9994 9.995E-05 9.995E-05 9.995E-05 9.995E-05 9.995E-05 9.995E-05
0.9994 9.995E-05 9.995E-05 9.995E-05 9.995E-05 9.995E-05 9.995E-05
9.9964E-05 9.9964E-05 0.689516 0.131337 9.9964E-05 9.9964E-05 0.178747
9.995E-05 9.995E-05 9.995E-05 9.995E-05 9.995E-05 9.995E-05 0.9994
9.9964E-05 9.9964E-05 0.0491785 9.9964E-05 0.935399 0.0150226 9.9964E-05
9.9964E-05 9.9964E-05 0.0521697 9.9964E-05 0.942739 0.0046911 9.9964E-05
0.490863 9.9973E-05 0.0909681 9.9973E-05 0.0530278 9.9973E-05 0.364841
0.424354 9.9973E-05 9.9973E-05 0.31401 9.9973E-05 0.0651683 0.196168
0.223096 0.0171992 0.0597965 9.99729E-05 9.99729E-05 0.699608 9.99729E-05
9.9955E-05 9.9955E-05 9.9955E-05 0.0789402 9.9955E-05 0.92056 9.9955E-05
0.74971 9.9973E-05 0.161403 0.0631654 9.9973E-05 9.9973E-05 0.0254219
9.995E-05 9.995E-05 9.995E-05 9.995E-05 9.995E-05 0.9994 9.995E-05
0.259273 9.9982E-05 0.559032 0.0189083 0.00498245 9.9982E-05 0.157604
0.304103 9.9964E-05 9.9964E-05 0.29593 9.9964E-05 0.399567 9.9964E-05
0.0414118 9.9964E-05 9.9964E-05 0.0609851 9.9964E-05 0.897203 9.9964E-05
9.99551E-05 0.0033838 9.99551E-05 9.99551E-05 0.996116 9.99551E-05 9.99551E-05
9.995E-05 9.995E-05 9.995E-05 9.995E-05 0.9994 9.995E-05 9.995E-05
0.0744727 9.99729E-05 0.0716992 0.074173 9.99729E-05 9.99729E-05 0.779355
9.9955E-05 0.0653195 9.9955E-05 9.9955E-05 0.934181 9.9955E-05 9.9955E-05
9.9964E-05 0.0979983 9.9964E-05 9.9964E-05 0.893053 9.9964E-05 0.00854846
9.999E-05 0.271259 0.00494399 0.00564281 0.697463 0.00732175 0.0132699
9.99641E-05 0.335161 9.99641E-05 0.0306587 0.633781 9.99641E-05 9.99641E-05
0.105462 0.576875 0.256921 9.99731E-05 0.0604421 9.99731E-05 9.99731E-05
9.99551E-05 9.99551E-05 9.99551E-05 0.00171025 0.99779 9.99551E-05 9.99551E-05
9.99551E-05 0.91515 9.99551E-05 9.99551E-05 0.0843498 9.99551E-05 9.99551E-05
0.128566 0.00320172 0.0239733 0.190762 0.0610313 9.9991E-05 0.592366
9.99639E-05 9.99639E-05 9.99639E-05 0.00485837 0.96745 9.99639E-05 0.0272916
9.9955E-05 9.9955E-05 0.97889 9.9955E-05 0.0206102 9.9955E-05 9.9955E-05
0.747029 0.132349 0.097238 9.9982E-05 0.0217079 0.00147625 9.9982E-05
0.261608 9.9991E-05 0.0176518 0.380068 0.11122 0.0600568 0.169295
0.616389 9.99729E-05 0.267568 0.0121031 0.10364 9.99729E-05 9.99729E-05
0.620576 9.99729E-05 0.296599 0.0116254 0.0708994 9.99729E-05 9.99729E-05
0.9994 9.995E-05 9.995E-05 9.995E-05 9.995E-05 9.995E-05 9.995E-05
0.585603 0.0334391 0.152977 9.9982E-05 0.00516131 9.9982E-05 0.222619
0.947776 9.9964E-05 9.9964E-05 0.028646 9.9964E-05 9.9964E-05 0.0231781
0.604058 9.9982E-05 0.0298164 0.112538 9.9982E-05 0.0895205 0.163867
0.694476 9.9991E-05 0.1394 0.0114693 0.0775481 0.035297 0.0417088
0.311786 0.0284992 0.182379 0.0911827 0.13262 9.9991E-05 0.253433
9.99552E-05 9.99552E-05 0.990493 9.99552E-05 9.99552E-05 0.00900731 9.99552E-05
9.995E-05 0.9994 9.995E-05 9.995E-05 9.995E-05 9.995E-05 9.995E-05
9.995E-05 0.9994 9.995E-05 9.995E-05 9.995E-05 9.995E-05 9.995E-05
9.99549E-05 0.989012 9.99549E-05 0.0104886 9.99549E-05 9.99549E-05 9.99549E-05
9.995E-05 0.9994 9.995E-05 9.995E-05 9.995E-05 9.995E-05 9.995E-05
9.995E-05 0.9994 9.995E-05 9.995E-05 9.995E-05 9.995E-05 9.995E-05
0.132278 0.649243 9.99821E-05 9.99821E-05 0.151861 0.0317557 0.0346623
9.99639E-05 0.973503 0.0245058 0.00159111 9.99639E-05 9.99639E-05 9.99639E-05
0.0650533 9.99639E-05 0.833076 9.99639E-05 9.99639E-05 9.99639E-05 0.101471
0.166424 0.528953 0.201205 9.9973E-05 0.103118 9.9973E-05 9.9973E-05
9.995E-05 9.995E-05 9.995E-05 9.995E-05 0.9994 9.995E-05 9.995E-05
9.9964E-05 9.9964E-05 0.107091 0.0345063 9.9964E-05 9.9964E-05 0.858003
0.384525 9.9982E-05 0.178678 0.00629027 0.0716934 9.9982E-05 0.358614
9.995E-05 9.995E-05 9.995E-05 9.995E-05 9.995E-05 9.995E-05 0.9994
0.0654688 9.99729E-05 0.0308751 0.00114112 9.99729E-05 9.99729E-05 0.902215
0.0335336 9.99639E-05 9.99639E-05 0.093932 9.99639E-05 9.99639E-05 0.872134
9.99551E-05 9.99551E-05 0.112913 9.99551E-05 9.99551E-05 0.886587 9.99551E-05
9.995E-05 9.995E-05 9.995E-05 9.995E-05 0.9994 9.995E-05 9.995E-05
0.119937 0.217377 0.120377 0.0530646 0.306917 0.0354294 0.146899
9.99552E-05 9.99552E-05 9.99552E-05 9.99552E-05 0.969839 9.99552E-05 0.029661
9.9955E-05 9.9955E-05 0.0421833 9.9955E-05 0.957317 9.9955E-05 9.9955E-05
9.9964E-05 0.0656956 9.9964E-05 9.9964E-05 0.929833 9.9964E-05 0.00407104
9.9973E-05 0.0464078 0.0160266 9.9973E-05 0.933937 0.00332863 9.9973E-05
0.0604532 9.99731E-05 0.0177023 0.0129211 0.908624 9.99731E-05 9.99731E-05
9.9955E-05 9.9955E-05 9.9955E-05 0.0268431 0.972657 9.9955E-05 9.9955E-05
9.99642E-05 0.516253 9.99642E-05 9.99642E-05 0.476301 9.99642E-05 0.00704597
9.99642E-05 0.338131 9.99642E-05 9.99642E-05 0.481472 9.99642E-05 0.179997
0.00863368 0.00649318 9.9973E-05 0.00835667 0.976217 9.9973E-05 9.9973E-05
0.611982 0.0440412 0.12201 9.9982E-05 0.103229 9.9982E-05 0.118538
0.588819 0.0913665 0.0795673 0.0312348 0.056415 9.9991E-05 0.152497
9.995E-05 9.995E-05 9.995E-05 0.9994 9.995E-05 9.995E-05 9.995E-05
9.995E-05 9.995E-05 9.995E-05 0.9994 9.995E-05 9.995E-05 9.995E-05
0.963536 9.9964E-05 0.0211468 9.9964E-05 9.9964E-05 9.9964E-05 0.0149169
0.921312 9.9964E-05 0.0191689 9.9964E-05 9.9964E-05 9.9964E-05 0.0591197
9.9955E-05 0.0168059 9.9955E-05 0.982694 9.9955E-05 9.9955E-05 9.9955E-05
9.995E-05 9.995E-05 9.995E-05 0.9994 9.995E-05 9.995E-05 9.995E-05
9.99639E-05 0.00196518 0.954402 9.99639E-05 9.99639E-05 9.99639E-05 0.0432325
0.597158 9.9973E-05 0.119853 9.9973E-05 9.9973E-05 0.053101 0.229588
0.145994 0.595685 0.19861 9.9982E-05 0.0564298 9.9982E-05 0.00308101
0.247732 9.99821E-05 9.99821E-05 0.255685 0.0385631 0.11751 0.34031
9.9973E-05 9.9973E-05 0.190225 0.352318 9.9973E-05 0.0717686 0.385389
9.99731E-05 0.3222 9.99731E-05 0.0374326 0.582892 0.0571754 9.99731E-05
