0.00541213 9.99639E-05 0.0244193 9.99639E-05 9.99639E-05 0.969769 9.99639E-05
0.00452325 0.26371 0.243594 9.9982E-05 9.9982E-05 0.212314 0.275659
0.033768 0.848171 9.99733E-05 0.0292999 0.0884613 9.99733E-05 9.99733E-05
0.0224243 0.977076 9.9955E-05 9.9955E-05 9.9955E-05 9.9955E-05 9.9955E-05
9.99731E-05 0.486076 0.251532 9.99731E-05 9.99731E-05 0.0297893 0.232302
0.027106 0.967676 0.00481788 9.9964E-05 9.9964E-05 9.9964E-05 9.9964E-05
9.99731E-05 0.0272185 0.16162 9.99731E-05 0.503953 9.99731E-05 0.306908
9.99641E-05 0.396533 0.182692 9.99641E-05 9.99641E-05 9.99641E-05 0.420375
9.99731E-05 0.0148569 0.232823 9.99731E-05 0.362427 9.99731E-05 0.389593
9.995E-05 9.995E-05 0.9994 9.995E-05 9.995E-05 9.995E-05 9.995E-05
9.995E-05 9.995E-05 0.9994 9.995E-05 9.995E-05 9.995E-05 9.995E-05
0.12448 0.0312097 9.9973E-05 9.9973E-05 0.167105 0.676905 9.9973E-05
9.99551E-05 0.00705196 9.99551E-05 9.99551E-05 0.992448 9.99551E-05 9.99551E-05
9.9964E-05 0.932108 9.9964E-05 0.0278012 9.9964E-05 0.0396911 9.9964E-05
9.9973E-05 0.920145 0.00825646 0.00331373 9.9973E-05 0.0679851 9.9973E-05
9.9973E-05 0.035245 0.545529 9.9973E-05 0.376407 0.0425187 9.9973E-05
0.301365 9.9973E-05 0.445223 0.0768915 0.176221 9.9973E-05 9.9973E-05
9.997E-05 9.997E-05 0.219133 0.715029 9.997E-05 0.0333418 0.0321958
0.128124 9.9955E-05 9.9955E-05 0.871377 9.9955E-05 9.9955E-05 9.9955E-05
0.0930162 9.9973E-05 0.756718 9.9973E-05 0.049324 0.100642 9.9973E-05
9.995E-05 9.995E-05 9.995E-05 0.9994 9.995E-05 9.995E-05 9.995E-05
0.00102867 9.99729E-05 0.288046 9.99729E-05 0.139514 0.571112 9.99729E-05
0.33312 9.9973E-05 0.21594 0.424802 9.9973E-05 9.9973E-05 0.0258384
0.107011 9.9964E-05 0.0194269 0.873162 9.9964E-05 9.9964E-05 9.9964E-05
9.99551E-05 0.972274 9.99551E-05 9.99551E-05 9.99551E-05 9.99551E-05 0.0272264
9.995E-05 0.9994 9.995E-05 9.995E-05 9.995E-05 9.995E-05 9.995E-05
0.0679297 9.99729E-05 0.0418118 9.99729E-05 0.788668 0.101291 9.99729E-05
9.9955E-05 0.902466 9.9955E-05 9.9955E-05 9.9955E-05 9.9955E-05 0.0970345
9.996E-05 0.877995 9.996E-05 9.996E-05 0.0170298 9.996E-05 0.104575
0.0262304 0.648319 9.9991E-05 0.0114118 0.00240598 0.0301393 0.281393
0.0450837 0.670003 9.9964E-05 9.9964E-05 9.9964E-05 9.9964E-05 0.284513
9.99731E-05 0.0368046 0.0610589 9.99731E-05 9.99731E-05 0.250804 0.651033
9.995E-05 0.9994 9.995E-05 9.995E-05 9.995E-05 9.995E-05 9.995E-05
0.00402978 0.0878107 9.9973E-05 9.9973E-05 0.00296771 9.9973E-05 0.904892
0.251021 0.0379557 0.0388721 9.99819E-05 0.576107 0.0958441 9.99819E-05
0.00813546 0.948314 0.0272981 9.9973E-05 9.9973E-05 0.0159528 9.9973E-05
9.9955E-05 0.0122637 9.9955E-05 9.9955E-05 9.9955E-05 0.987237 9.9955E-05
9.9982E-05 0.00606759 0.77575 0.00202856 9.9982E-05 0.111138 0.104816
0.376619 0.130576 0.272741 0.0583464 0.161518 9.9982E-05 9.9982E-05
0.00805901 0.100345 0.61739 9.9973E-05 9.9973E-05 0.273906 9.9973E-05
0.0272257 0.0521753 0.607181 9.9973E-05 9.9973E-05 0.313118 9.9973E-05
0.00797983 9.9964E-05 0.990832 9.9964E-05 9.9964E-05 0.000788606 9.9964E-05
9.9964E-05 9.9964E-05 0.662472 9.9964E-05 0.269543 0.067585 9.9964E-05
0.0666668 9.9973E-05 0.887799 9.9973E-05 0.00273337 0.0425007 9.9973E-05
0.150319 9.9982E-05 0.49755 0.120275 0.174264 0.0573923 9.9982E-05
0.014787 0.0787976 0.680311 0.032215 0.0373783 0.156411 9.9991E-05
0.133759 0.089208 0.239177 9.9991E-05 0.207792 0.26652 0.0634439
9.995E-05 9.995E-05 9.995E-05 9.995E-05 9.995E-05 0.9994 9.995E-05
9.995E-05 9.995E-05 9.995E-05 9.995E-05 9.995E-05 9.995E-05 0.9994
9.995E-05 9.995E-05 9.995E-05 9.995E-05 9.995E-05 9.995E-05 0.9994
9.995E-05 9.995E-05 9.995E-05 9.995E-05 9.995E-05 9.995E-05 0.9994
9.995E-05 9.995E-05 9.995E-05 9.995E-05 9.995E-05 9.995E-05 0.9994
9.995E-05 9.995E-05 9.995E-05 9.995E-05 9.995E-05 9.995E-05 0.9994
9.99821E-05 0.28917 0.106921 0.0440706 0.0260946 9.99821E-05 0.533543
0.0209365 9.99639E-05 9.99639E-05 9.99639E-05 9.99639E-05 0.00722917 0.971434
9.99639E-05 9.99639E-05 0.0663558 9.99639E-05 0.100566 0.832679 9.99639E-05
0.00240211 0.0969701 0.120981 9.9982E-05 9.9982E-05 0.225895 0.553552
9.995E-05 0.9994 9.995E-05 9.995E-05 9.995E-05 9.995E-05 9.995E-05
0.0439239 9.9973E-05 9.9973E-05 9.9973E-05 0.893612 0.0591315 0.00303231
0.00618065 0.0585887 0.413221 9.9982E-05 0.407228 0.114582 9.9982E-05
9.995E-05 9.995E-05 9.995E-05 9.995E-05 0.9994 9.995E-05 9.995E-05
9.99639E-05 9.99639E-05 0.0521894 9.99639E-05 0.907243 0.0401681 9.99639E-05
0.0870299 9.99639E-05 0.0299742 9.99639E-05 0.882596 9.99639E-05 9.99639E-05
9.99641E-05 9.99641E-05 0.0105565 0.905492 9.99641E-05 0.0835514 9.99641E-05
9.995E-05 0.9994 9.995E-05 9.995E-05 9.995E-05 9.995E-05 9.995E-05
9.9991E-05 0.357218 0.20422 0.0658617 0.205261 0.0663084 0.101031
9.99552E-05 0.974051 9.99552E-05 9.99552E-05 0.0254487 9.99552E-05 9.99552E-05
9.9964E-05 0.939428 9.9964E-05 9.9964E-05 9.9964E-05 0.045226 0.0149462
9.9964E-05 0.887745 9.9964E-05 9.9964E-05 0.023866 9.9964E-05 0.0879892
9.9964E-05 0.933225 9.9964E-05 0.0065692 9.9964E-05 9.9964E-05 0.0598057
9.99641E-05 0.900722 0.0706381 9.99641E-05 9.99641E-05 0.0282396 9.99641E-05
0.0114697 0.988031 9.9955E-05 9.9955E-05 9.9955E-05 9.9955E-05 9.9955E-05
9.99821E-05 0.489453 0.01245 9.99821E-05 0.00406192 0.00712137 0.486714
9.99643E-05 0.487572 9.99643E-05 9.99643E-05 0.177828 9.99643E-05 0.3342
0.0103092 0.952676 0.0366151 9.9964E-05 9.9964E-05 9.9964E-05 9.9964E-05
9.9982E-05 0.0998743 0.692706 9.9982E-05 0.14957 0.036818 0.0208314
0.0164312 0.0493886 0.672252 9.9991E-05 0.192988 0.0141835 0.0546564
0.9994 9.995E-05 9.995E-05 9.995E-05 9.995E-05 9.995E-05 9.995E-05
0.9994 9.995E-05 9.995E-05 9.995E-05 9.995E-05 9.995E-05 9.995E-05
9.9964E-05 9.9964E-05 0.939012 9.9964E-05 0.024018 0.0365704 9.9964E-05
9.9973E-05 9.9973E-05 0.895253 9.9973E-05 0.061157 0.0319662 0.0113237
0.9994 9.995E-05 9.995E-05 9.995E-05 9.995E-05 9.995E-05 9.995E-05
0.9994 9.995E-05 9.995E-05 9.995E-05 9.995E-05 9.995E-05 9.995E-05
9.99639E-05 9.99639E-05 9.99639E-05 9.99639E-05 0.0793876 0.92008 0.000132096
9.9973E-05 9.9973E-05 0.58054 0.0472618 0.335624 0.0362744 9.9973E-05
9.9982E-05 0.0618641 0.133144 9.9982E-05 0.0127192 0.177994 0.614079
0.21122 0.0713214 0.214826 0.142198 0.335484 0.0248507 9.9991E-05
0.333075 9.9973E-05 9.9973E-05 0.0829852 0.426816 0.156823 9.9973E-05
0.0115234 0.564733 9.99821E-05 0.0543237 0.0379617 9.99821E-05 0.331258
