9.995E-05 0.9994 9.995E-05 9.995E-05 9.995E-05 9.995E-05 9.995E-05
0.0128788 0.274548 9.99819E-05 9.99819E-05 0.0773567 0.334605 0.300412
0.0356181 9.99911E-05 0.0432015 0.0110336 0.017911 0.111032 0.781103
0.0384561 9.9964E-05 9.9964E-05 9.9964E-05 0.00021062 9.9964E-05 0.960933
0.0089187 0.132998 9.9982E-05 9.9982E-05 0.0774585 0.331181 0.449244
9.9955E-05 0.0267544 9.9955E-05 9.9955E-05 9.9955E-05 9.9955E-05 0.972746
9.99549E-05 9.99549E-05 0.0654586 9.99549E-05 9.99549E-05 0.934042 9.99549E-05
0.0359772 9.9973E-05 9.9973E-05 9.9973E-05 0.257284 0.307504 0.398935
9.99549E-05 9.99549E-05 0.0267917 9.99549E-05 9.99549E-05 0.972709 9.99549E-05
0.117288 0.474843 9.99639E-05 9.99639E-05 9.99639E-05 0.407469 9.99639E-05
0.112283 0.475215 9.99639E-05 9.99639E-05 9.99639E-05 0.412102 9.99639E-05
0.0984158 0.634682 0.235219 9.99731E-05 9.99731E-05 9.99731E-05 0.0313835
9.99551E-05 9.99551E-05 0.996738 9.99551E-05 9.99551E-05 9.99551E-05 0.00276272
9.9964E-05 0.0292791 9.9964E-05 0.0198564 9.9964E-05 9.9964E-05 0.950465
9.9955E-05 0.0579004 9.9955E-05 9.9955E-05 9.9955E-05 9.9955E-05 0.9416
0.00504824 0.493406 0.333541 9.99729E-05 9.99729E-05 0.167705 9.99729E-05
0.33938 0.381827 0.205782 0.0727112 9.9973E-05 9.9973E-05 9.9973E-05
9.99729E-05 0.18472 9.99729E-05 0.731274 0.0511736 0.0325317 9.99729E-05
0.0886009 9.9955E-05 9.9955E-05 0.910899 9.9955E-05 9.9955E-05 9.9955E-05
0.112544 0.759501 0.0738224 9.9973E-05 9.9973E-05 0.0538322 9.9973E-05
9.995E-05 9.995E-05 9.995E-05 0.9994 9.995E-05 9.995E-05 9.995E-05
0.00694667 0.858268 0.134386 9.9964E-05 9.9964E-05 9.9964E-05 9.9964E-05
0.401103 0.0537253 9.9982E-05 0.424143 0.0499021 0.0709265 9.9982E-05
0.0845468 9.9955E-05 9.9955E-05 0.914953 9.9955E-05 9.9955E-05 9.9955E-05
9.995E-05 9.995E-05 9.995E-05 9.995E-05 9.995E-05 9.995E-05 0.9994
9.995E-05 9.995E-05 9.995E-05 9.995E-05 9.995E-05 9.995E-05 0.9994
0.0501623 0.147832 0.801606 9.99639E-05 9.99639E-05 9.99639E-05 9.99639E-05
9.9973E-05 9.9973E-05 0.0328463 9.9973E-05 0.0563939 0.00168044 0.908779
9.9964E-05 9.9964E-05 0.0224232 9.9964E-05 0.0784366 9.9964E-05 0.89874
0.041394 0.0231189 0.0203052 0.0262933 0.201145 9.9991E-05 0.687644
0.0484933 9.9973E-05 9.9973E-05 9.9973E-05 0.172153 0.0827841 0.696269
9.99731E-05 0.117278 9.99731E-05 9.99731E-05 0.26804 0.494597 0.119785
0.00252832 9.99551E-05 9.99551E-05 9.99551E-05 9.99551E-05 9.99551E-05 0.996972
9.99641E-05 9.99641E-05 9.99641E-05 9.99641E-05 0.826037 0.0813186 0.0922447
0.181094 0.154269 0.608671 9.99729E-05 9.99729E-05 9.99729E-05 0.055665
9.99639E-05 0.0210385 0.00798838 9.99639E-05 9.99639E-05 9.99639E-05 0.970573
9.99552E-05 0.930204 9.99552E-05 9.99552E-05 9.99552E-05 9.99552E-05 0.0692959
0.00441728 0.661014 9.9982E-05 0.0236172 0.0877216 0.22303 9.9982E-05
0.391267 0.213083 0.222459 0.0564882 9.9982E-05 9.9982E-05 0.116503
0.0284128 0.845382 9.9973E-05 0.00440522 9.9973E-05 9.9973E-05 0.1215
0.0140128 0.876698 9.9982E-05 0.0178688 9.9982E-05 0.000746457 0.0904738
0.0725986 0.822727 0.0512313 0.00159715 9.9982E-05 0.0516462 9.9982E-05
9.99639E-05 0.507422 0.194406 9.99639E-05 9.99639E-05 0.297773 9.99639E-05
0.116095 0.689457 0.126973 0.0112563 0.0403382 0.0157807 9.9991E-05
0.172873 0.488603 0.180752 0.0969917 9.9982E-05 0.060581 9.9982E-05
0.0492086 0.658848 0.0818206 0.0569865 0.0185026 0.0991127 0.035521
0.0986383 0.498548 0.229691 9.9982E-05 0.0385659 9.9982E-05 0.134357
9.995E-05 0.9994 9.995E-05 9.995E-05 9.995E-05 9.995E-05 9.995E-05
9.995E-05 9.995E-05 9.995E-05 9.995E-05 0.9994 9.995E-05 9.995E-05
9.9955E-05 0.0137067 9.9955E-05 9.9955E-05 0.985794 9.9955E-05 9.9955E-05
9.995E-05 9.995E-05 9.995E-05 9.995E-05 0.9994 9.995E-05 9.995E-05
9.995E-05 9.995E-05 9.995E-05 9.995E-05 0.9994 9.995E-05 9.995E-05
9.995E-05 9.995E-05 9.995E-05 9.995E-05 0.9994 9.995E-05 9.995E-05
9.9982E-05 9.9982E-05 0.0448826 0.0503714 0.451519 0.229215 0.223812
9.9964E-05 0.0328173 0.00128932 9.9964E-05 0.965494 9.9964E-05 9.9964E-05
9.9955E-05 0.957986 0.0415138 9.9955E-05 9.9955E-05 9.9955E-05 9.9955E-05
0.0199064 0.12976 9.99819E-05 9.99819E-05 0.257072 0.492958 0.100104
9.995E-05 9.995E-05 9.995E-05 9.995E-05 9.995E-05 9.995E-05 0.9994
9.9973E-05 0.0874307 0.884411 9.9973E-05 0.0085668 0.0192916 9.9973E-05
9.9973E-05 0.455634 0.34382 9.9973E-05 9.9973E-05 0.145539 0.0547076
9.99551E-05 9.99551E-05 0.997423 9.99551E-05 9.99551E-05 0.00207756 9.99551E-05
9.99639E-05 0.104549 0.886393 9.99639E-05 9.99639E-05 9.99639E-05 0.00865724
0.0352931 0.0917034 0.869087 0.00361617 9.99729E-05 9.99729E-05 9.99729E-05
9.99641E-05 0.0936836 9.99641E-05 0.901065 0.00485128 9.99641E-05 9.99641E-05
9.995E-05 9.995E-05 9.995E-05 9.995E-05 9.995E-05 9.995E-05 0.9994
0.0730362 0.325251 0.0211899 0.0655889 0.0519208 0.0971814 0.365832
9.99642E-05 9.99642E-05 0.0260292 9.99642E-05 0.000341509 9.99642E-05 0.973229
9.9964E-05 0.0317537 9.9964E-05 9.9964E-05 0.00389725 9.9964E-05 0.963949
9.9964E-05 9.9964E-05 0.0225607 9.9964E-05 0.0536564 9.9964E-05 0.923383
9.9973E-05 0.00789288 9.9973E-05 9.9973E-05 0.0246712 0.0338622 0.933274
9.99641E-05 0.0425308 9.99641E-05 9.99641E-05 9.99641E-05 0.0512552 0.905814
0.00603914 9.9973E-05 0.00144519 9.9973E-05 0.00140751 9.9973E-05 0.990808
9.99642E-05 9.99642E-05 9.99642E-05 9.99642E-05 0.240405 0.274098 0.485097
9.99731E-05 9.99731E-05 0.0286095 9.99731E-05 0.0858566 0.425767 0.459467
0.00353698 0.0145795 0.0028701 9.9982E-05 0.0265113 9.9982E-05 0.952302
0.0971817 0.475805 0.0890061 9.9991E-05 0.00402915 0.299276 0.0346023
0.0933328 0.436938 0.0892626 9.9991E-05 0.0194734 0.347113 0.0137801
0.9994 9.995E-05 9.995E-05 9.995E-05 9.995E-05 9.995E-05 9.995E-05
0.9994 9.995E-05 9.995E-05 9.995E-05 9.995E-05 9.995E-05 9.995E-05
0.038657 0.700695 0.00719601 0.0104829 0.0272335 0.215636 9.9991E-05
0.0370711 0.639747 0.10815 0.0120998 9.99819E-05 0.202732 9.99819E-05
0.9994 9.995E-05 9.995E-05 9.995E-05 9.995E-05 9.995E-05 9.995E-05
0.9994 9.995E-05 9.995E-05 9.995E-05 9.995E-05 9.995E-05 9.995E-05
9.99551E-05 0.959594 0.0399066 9.99551E-05 9.99551E-05 9.99551E-05 9.99551E-05
9.99729E-05 0.504107 0.18377 0.061426 9.99729E-05 0.250397 9.99729E-05
9.99729E-05 0.108969 9.99729E-05 9.99729E-05 0.289521 0.539502 0.0617082
0.262292 0.241871 0.336289 0.10122 9.99821E-05 9.99821E-05 0.0581275
0.287128 0.189034 0.447171 0.0763669 9.99731E-05 9.99731E-05 9.99731E-05
0.0190873 9.9982E-05 9.9982E-05 0.0308559 0.212139 0.155552 0.582166
