9.99549E-05 0.0541739 9.99549E-05 9.99549E-05 9.99549E-05 9.99549E-05 0.92459 0.0207358
0.258704 0.0469879 9.99819E-05 0.107551 0.308048 9.99819E-05 0.249028 0.0294805
0.099368 9.99822E-05 0.0483513 0.017786 0.736173 0.0249334 9.99822E-05 0.073188
9.9964E-05 0.0115073 9.9964E-05 0.0138497 0.9478 9.9964E-05 9.9964E-05 0.0264435
0.228519 0.142772 9.99731E-05 0.134314 0.426281 9.99731E-05 0.0678142 9.99731E-05
9.9955E-05 0.00941541 9.9955E-05 9.9955E-05 0.981649 9.9955E-05 9.9955E-05 0.00843617
0.998724 9.99459E-05 9.99459E-05 9.99459E-05 9.99459E-05 0.000676399 9.99459E-05 9.99459E-05
0.178058 0.107959 9.99641E-05 0.281275 0.432307 9.99641E-05 9.99641E-05 9.99641E-05
0.997516 0.00188423 9.99459E-05 9.99459E-05 9.99459E-05 9.99459E-05 9.99459E-05 9.99459E-05
0.14105 0.85835 9.9946E-05 9.9946E-05 9.9946E-05 9.9946E-05 9.9946E-05 9.9946E-05
0.133692 0.865708 9.99461E-05 9.99461E-05 9.99461E-05 9.99461E-05 9.99461E-05 9.99461E-05
9.9964E-05 9.9964E-05 9.9964E-05 9.9964E-05 0.0345772 0.193494 0.651166 0.120362
0.0229874 9.99461E-05 9.99461E-05 9.99461E-05 9.99461E-05 0.976413 9.99461E-05 9.99461E-05
9.9955E-05 9.9955E-05 0.0260787 9.9955E-05 0.96233 9.9955E-05 0.0110917 9.9955E-05
9.9946E-05 9.9946E-05 9.9946E-05 9.9946E-05 0.940579 9.9946E-05 0.0588208 9.9946E-05
0.143925 0.396391 9.99639E-05 9.99639E-05 9.99639E-05 0.325829 0.133455 9.99639E-05
9.99641E-05 0.420116 0.0648018 9.99641E-05 9.99641E-05 0.22739 9.99641E-05 0.287292
0.0174186 0.139719 0.733577 0.0313631 9.9973E-05 9.9973E-05 0.0776225 9.9973E-05
9.9946E-05 9.9946E-05 0.92006 9.9946E-05 9.9946E-05 9.9946E-05 9.9946E-05 0.0793407
9.9964E-05 0.696544 9.9964E-05 9.9964E-05 9.9964E-05 0.0485426 0.180657 0.0738569
9.994E-05 9.994E-05 0.9993 9.994E-05 9.994E-05 9.994E-05 9.994E-05 9.994E-05
9.99639E-05 0.269272 9.99639E-05 9.99639E-05 9.99639E-05 0.135918 0.576012 0.0183983
9.9973E-05 0.254998 0.406191 0.022017 0.00146345 9.9973E-05 9.9973E-05 0.315031
9.9955E-05 0.00280333 0.922978 9.9955E-05 9.9955E-05 9.9955E-05 9.9955E-05 0.0737192
9.994E-05 9.994E-05 9.994E-05 9.994E-05 0.9993 9.994E-05 9.994E-05 9.994E-05
9.994E-05 9.994E-05 9.994E-05 9.994E-05 0.9993 9.994E-05 9.994E-05 9.994E-05
9.99639E-05 0.0714299 9.99639E-05 9.99639E-05 9.99639E-05 0.829767 0.0501883 0.0482149
0.010072 9.9964E-05 9.9964E-05 0.0621252 0.912598 0.0148046 9.9964E-05 9.9964E-05
0.00336737 9.9964E-05 9.9964E-05 0.0667917 0.908658 0.0207833 9.9964E-05 9.9964E-05
9.99731E-05 9.99731E-05 0.0337618 0.219359 0.69423 0.016758 9.99731E-05 0.0355919
0.0477841 9.99641E-05 9.99641E-05 0.26114 0.651454 9.99641E-05 9.99641E-05 0.0392218
0.317489 9.99641E-05 9.99641E-05 0.380646 0.0821273 9.99641E-05 0.219338 9.99641E-05
9.99461E-05 9.99461E-05 9.99461E-05 9.99461E-05 0.9985 9.99461E-05 9.99461E-05 0.000900557
0.0346366 0.00158018 9.99731E-05 0.848593 0.0889736 0.0259163 9.99731E-05 9.99731E-05
9.99729E-05 0.119745 9.99729E-05 9.99729E-05 0.0534214 0.627134 0.0255207 0.173879
0.0292807 9.99639E-05 9.99639E-05 9.99639E-05 0.946531 9.99639E-05 0.0213031 0.0024849
9.99461E-05 9.99461E-05 9.99461E-05 9.99461E-05 0.0176822 9.99461E-05 0.981718 9.99461E-05
0.0424627 0.726859 0.00788546 0.0422803 0.0623524 9.9982E-05 0.11796 9.9982E-05
9.99731E-05 0.246162 0.0411704 9.99731E-05 0.144005 0.217732 9.99731E-05 0.35063
9.99549E-05 0.611137 9.99549E-05 9.99549E-05 0.137355 9.99549E-05 0.251009 9.99549E-05
9.99639E-05 0.634549 9.99639E-05 9.99639E-05 0.0641826 9.99639E-05 0.297192 0.00367711
9.994E-05 0.9993 9.994E-05 9.994E-05 9.994E-05 9.994E-05 9.994E-05 9.994E-05
0.307475 0.368433 9.99639E-05 9.99639E-05 9.99639E-05 0.153918 0.169775 9.99639E-05
9.9946E-05 0.974094 9.9946E-05 9.9946E-05 9.9946E-05 0.0253063 9.9946E-05 9.9946E-05
9.9973E-05 0.542072 0.113655 9.9973E-05 9.9973E-05 0.180003 0.031951 0.13202
9.9982E-05 0.729943 0.0323651 9.9982E-05 0.0634456 0.0534278 0.100125 0.0204935
9.9982E-05 0.35316 9.9982E-05 0.0381375 0.127008 0.267359 0.137172 0.0769631
9.99463E-05 9.99463E-05 0.00442936 9.99463E-05 9.99463E-05 9.99463E-05 0.994971 9.99463E-05
9.994E-05 9.994E-05 9.994E-05 0.9993 9.994E-05 9.994E-05 9.994E-05 9.994E-05
9.994E-05 9.994E-05 9.994E-05 0.9993 9.994E-05 9.994E-05 9.994E-05 9.994E-05
9.9955E-05 0.0072616 9.9955E-05 0.990335 9.9955E-05 9.9955E-05 9.9955E-05 0.00190394
9.994E-05 9.994E-05 9.994E-05 0.9993 9.994E-05 9.994E-05 9.994E-05 9.994E-05
9.994E-05 9.994E-05 9.994E-05 0.9993 9.994E-05 9.994E-05 9.994E-05 9.994E-05
0.202271 0.031603 0.0464435 0.472572 0.241593 9.9982E-05 9.9982E-05 0.00531746
9.9955E-05 9.9955E-05 9.9955E-05 0.984581 9.9955E-05 0.00201562 0.0129032 9.9955E-05
0.0260375 9.99549E-05 9.99549E-05 9.99549E-05 9.99549E-05 0.0917228 0.88174 9.99549E-05
0.403063 9.99729E-05 9.99729E-05 0.312086 0.108909 9.99729E-05 0.166606 0.009036
9.994E-05 9.994E-05 9.994E-05 9.994E-05 0.9993 9.994E-05 9.994E-05 9.994E-05
0.00557551 9.9964E-05 9.9964E-05 0.0335754 9.9964E-05 0.859251 0.101198 9.9964E-05
0.1966 0.303557 9.9982E-05 9.9982E-05 0.0062079 0.277786 0.197626 0.0180224
0.033379 9.99461E-05 9.99461E-05 9.99461E-05 9.99461E-05 0.966021 9.99461E-05 9.99461E-05
9.99549E-05 0.0842759 9.99549E-05 9.99549E-05 9.99549E-05 0.91093 0.00429455 9.99549E-05
9.99549E-05 0.0534492 9.99549E-05 9.99549E-05 9.99549E-05 0.883339 9.99549E-05 0.0627118
9.99533E-05 9.99533E-05 0.893821 9.99533E-05 9.99533E-05 9.99533E-05 0.105579 9.99533E-05
9.994E-05 9.994E-05 9.994E-05 9.994E-05 0.9993 9.994E-05 9.994E-05 9.994E-05
0.10114 0.137353 0.0635241 0.166319 0.26152 0.0749979 0.136795 0.0583508
9.99462E-05 9.99462E-05 9.99462E-05 9.99462E-05 0.980981 0.0184192 9.99462E-05 9.99462E-05
9.9955E-05 9.9955E-05 9.9955E-05 0.0287878 0.927574 9.9955E-05 0.0431388 9.9955E-05
0.0477207 9.9964E-05 9.9964E-05 0.0258793 0.91491 0.0110903 9.9964E-05 9.9964E-05
0.0393713 9.9964E-05 0.00280167 0.013758 0.943669 9.9964E-05 9.9964E-05 9.9964E-05
0.00445716 0.0561576 9.99641E-05 9.99641E-05 0.928694 9.99641E-05 9.99641E-05 0.0102913
9.994E-05 9.994E-05 9.994E-05 9.994E-05 0.9993 9.994E-05 9.994E-05 9.994E-05
0.238027 9.99552E-05 9.99552E-05 0.283921 0.477552 9.99552E-05 9.99552E-05 9.99552E-05
0.427444 9.99552E-05 9.99552E-05 0.134091 0.437965 9.99552E-05 9.99552E-05 9.99552E-05
9.9955E-05 9.9955E-05 9.9955E-05 0.00582111 0.980306 9.9955E-05 0.0133731 9.9955E-05
0.334227 0.450795 9.99819E-05 9.99819E-05 0.0226876 0.0249862 0.127766 0.0393382
0.351146 0.387419 9.9991E-05 0.00391184 0.00170655 0.0786439 0.126982 0.0500912
9.994E-05 9.994E-05 9.994E-05 9.994E-05 9.994E-05 9.994E-05 9.994E-05 0.9993
9.994E-05 9.994E-05 9.994E-05 9.994E-05 9.994E-05 9.994E-05 9.994E-05 0.9993
9.9955E-05 0.934486 9.9955E-05 9.9955E-05 0.0310862 0.0339276 9.9955E-05 9.9955E-05
0.0534344 0.8641 9.9973E-05 0.0043797 9.9973E-05 0.0702345 0.00755194 9.9973E-05
0.000689473 9.9946E-05 9.9946E-05 9.9946E-05 9.9946E-05 9.9946E-05 9.9946E-05 0.998711
9.994E-05 9.994E-05 9.994E-05 9.994E-05 9.994E-05 9.994E-05 9.994E-05 0.9993
9.99459E-05 9.99459E-05 9.99459E-05 9.99459E-05 9.99459E-05 0.0379286 0.961472 9.99459E-05
0.228167 0.450699 0.0495087 9.99729E-05 9.99729E-05 0.160241 0.111085 9.99729E-05
0.422229 9.99639E-05 9.99639E-05 0.327984 0.0825735 9.99639E-05 0.166814 9.99639E-05
9.99731E-05 0.296534 0.101979 9.99731E-05 0.0485638 0.365078 9.99731E-05 0.187545
9.99641E-05 9.99641E-05 0.0725572 9.99641E-05 9.99641E-05 0.469459 0.162628 0.294956
0.133251 9.99731E-05 0.0149802 0.254913 0.572247 9.99731E-05 9.99731E-05 0.024309
