9.99549E-05 0.0211782 0.963874 9.99549E-05 9.99549E-05 0.0144475 9.99549E-05 9.99549E-05
0.264044 0.0555446 0.232314 9.9982E-05 0.315724 0.00848228 0.123691 9.9982E-05
0.0710175 9.99822E-05 9.99822E-05 0.0285472 0.70222 0.0544264 0.0777255 0.0658636
9.9955E-05 0.0120193 9.9955E-05 9.9955E-05 0.965763 0.0217179 9.9955E-05 9.9955E-05
0.266683 0.10574 0.0706607 9.99731E-05 0.397783 9.99731E-05 0.158833 9.99731E-05
9.9946E-05 0.0104035 9.9946E-05 9.9946E-05 0.988997 9.9946E-05 9.9946E-05 9.9946E-05
0.9993 9.994E-05 9.994E-05 9.994E-05 9.994E-05 9.994E-05 9.994E-05 9.994E-05
0.146428 0.0909465 9.99641E-05 9.99641E-05 0.425114 9.99641E-05 0.337111 9.99641E-05
0.9993 9.994E-05 9.994E-05 9.994E-05 9.994E-05 9.994E-05 9.994E-05 9.994E-05
0.142342 0.857058 9.99461E-05 9.99461E-05 9.99461E-05 9.99461E-05 9.99461E-05 9.99461E-05
0.120224 0.879176 9.99461E-05 9.99461E-05 9.99461E-05 9.99461E-05 9.99461E-05 9.99461E-05
9.9964E-05 9.9964E-05 0.706501 9.9964E-05 0.0355729 0.11203 9.9964E-05 0.145496
0.0465975 9.99461E-05 9.99461E-05 9.99461E-05 9.99461E-05 9.99461E-05 9.99461E-05 0.952803
9.9955E-05 9.9955E-05 0.0240479 0.0308223 0.94463 9.9955E-05 9.9955E-05 9.9955E-05
9.9964E-05 0.00591583 0.0487286 0.00870886 0.936247 9.9964E-05 9.9964E-05 9.9964E-05
0.28081 0.286316 0.138787 9.99729E-05 9.99729E-05 0.0177652 9.99729E-05 0.276022
9.9973E-05 0.350183 0.000840868 0.055598 9.9973E-05 0.321678 9.9973E-05 0.2714
0.0545836 0.198425 0.0296625 0.677572 9.9973E-05 9.9973E-05 0.0394566 9.9973E-05
9.9946E-05 9.9946E-05 9.9946E-05 0.919656 9.9946E-05 0.0797439 9.9946E-05 9.9946E-05
0.0338854 0.66504 0.191577 9.9973E-05 9.9973E-05 0.0589085 9.9973E-05 0.0502895
9.994E-05 9.994E-05 9.994E-05 0.9993 9.994E-05 9.994E-05 9.994E-05 9.994E-05
9.9973E-05 0.232368 0.600526 9.9973E-05 9.9973E-05 0.0134067 0.000105309 0.153295
9.9964E-05 0.231011 9.9964E-05 0.413818 9.9964E-05 0.306567 0.0482039 9.9964E-05
9.9955E-05 0.0134042 9.9955E-05 0.906633 9.9955E-05 0.0794627 9.9955E-05 9.9955E-05
0.00474467 9.99551E-05 9.99551E-05 9.99551E-05 0.990074 9.99551E-05 0.00468205 9.99551E-05
9.994E-05 9.994E-05 9.994E-05 9.994E-05 0.9993 9.994E-05 9.994E-05 9.994E-05
9.99729E-05 0.0722361 0.0961627 9.99729E-05 9.99729E-05 0.0201754 0.00249456 0.808631
0.0309275 9.9955E-05 9.9955E-05 9.9955E-05 0.907544 9.9955E-05 0.0610283 9.9955E-05
0.0409129 9.9955E-05 9.9955E-05 9.9955E-05 0.867328 9.9955E-05 0.0912594 9.9955E-05
9.99641E-05 9.99641E-05 9.99641E-05 0.00816046 0.691058 9.99641E-05 0.274867 0.0255141
9.99641E-05 0.00981579 9.99641E-05 9.99641E-05 0.636509 0.0544607 0.298815 9.99641E-05
0.36683 9.99641E-05 0.146669 9.99641E-05 0.0894201 9.99641E-05 0.39668 9.99641E-05
0.0169634 9.99462E-05 9.99462E-05 9.99462E-05 0.982437 9.99462E-05 9.99462E-05 9.99462E-05
0.00551683 9.99641E-05 9.99641E-05 9.99641E-05 0.0768551 9.99641E-05 0.915368 0.00185997
9.99729E-05 0.130839 0.0155335 9.99729E-05 0.066734 0.156515 9.99729E-05 0.630078
0.0354304 9.99459E-05 9.99459E-05 9.99459E-05 0.96397 9.99459E-05 9.99459E-05 9.99459E-05
9.99461E-05 9.99461E-05 0.988249 9.99461E-05 0.0111509 9.99461E-05 9.99461E-05 9.99461E-05
0.0475797 0.725096 0.102855 9.9973E-05 0.0487576 9.9973E-05 0.0754122 9.9973E-05
9.9982E-05 0.206978 0.0106896 0.0429699 0.145608 0.347288 9.9982E-05 0.246267
9.99639E-05 0.526244 0.339638 9.99639E-05 0.125957 0.00776172 9.99639E-05 9.99639E-05
9.99639E-05 0.505459 0.359631 9.99639E-05 0.111926 0.0225841 9.99639E-05 9.99639E-05
9.9946E-05 0.977333 9.9946E-05 9.9946E-05 9.9946E-05 9.9946E-05 9.9946E-05 0.022067
0.438802 0.21698 0.233706 9.99638E-05 9.99638E-05 9.99638E-05 9.99638E-05 0.110113
9.9964E-05 0.940746 9.9964E-05 9.9964E-05 9.9964E-05 0.00245418 0.0036936 0.0527068
0.00526709 0.470144 0.0811084 0.110842 9.9991E-05 0.119081 0.0165677 0.196889
0.038021 0.631571 0.167506 0.0277 0.0981289 0.0196814 0.0172923 9.9991E-05
9.9982E-05 0.333453 0.162679 9.9982E-05 0.110516 0.083739 0.04504 0.264374
9.99464E-05 9.99464E-05 0.990147 0.00925382 9.99464E-05 9.99464E-05 9.99464E-05 9.99464E-05
9.994E-05 9.994E-05 9.994E-05 9.994E-05 9.994E-05 9.994E-05 0.9993 9.994E-05
9.994E-05 9.994E-05 9.994E-05 9.994E-05 9.994E-05 9.994E-05 0.9993 9.994E-05
9.9955E-05 9.9955E-05 9.9955E-05 9.9955E-05 9.9955E-05 0.00281469 0.990701 0.00598438
9.994E-05 9.994E-05 9.994E-05 9.994E-05 9.994E-05 9.994E-05 0.9993 9.994E-05
9.994E-05 9.994E-05 9.994E-05 9.994E-05 9.994E-05 9.994E-05 0.9993 9.994E-05
0.194149 0.048053 9.99731E-05 0.0356012 0.190018 9.99731E-05 0.531879 9.99731E-05
9.9946E-05 9.9946E-05 0.0226006 9.9946E-05 9.9946E-05 9.9946E-05 0.9768 9.9946E-05
0.0148904 9.99549E-05 0.893349 9.99549E-05 9.99549E-05 9.99549E-05 9.99549E-05 0.0912612
0.432661 9.99639E-05 0.139062 9.99639E-05 0.109487 9.99639E-05 0.318391 9.99639E-05
9.994E-05 9.994E-05 9.994E-05 9.994E-05 0.9993 9.994E-05 9.994E-05 9.994E-05
0.00348958 9.9973E-05 0.0950049 9.9973E-05 9.9973E-05 0.0301265 0.0364754 0.834604
0.367609 0.141681 0.27533 9.99729E-05 9.99729E-05 0.0351835 9.99729E-05 0.179897
0.0321239 9.99461E-05 9.99461E-05 9.99461E-05 9.99461E-05 9.99461E-05 9.99461E-05 0.967276
9.99549E-05 0.0595995 9.99549E-05 9.99549E-05 0.00583256 9.99549E-05 9.99549E-05 0.934068
9.99549E-05 0.0710282 9.99549E-05 9.99549E-05 9.99549E-05 0.0163779 9.99549E-05 0.912094
9.99462E-05 9.99462E-05 0.12973 0.86967 9.99462E-05 9.99462E-05 9.99462E-05 9.99462E-05
0.0157912 9.99462E-05 9.99462E-05 9.99462E-05 0.983609 9.99462E-05 9.99462E-05 9.99462E-05
0.0840544 0.108168 0.182029 0.0184935 0.267539 0.0424607 0.173029 0.124226
9.99552E-05 9.99552E-05 9.99552E-05 9.99552E-05 0.977726 9.99552E-05 0.0135191 0.0082548
9.9955E-05 9.9955E-05 0.0377181 9.9955E-05 0.948758 9.9955E-05 0.0130238 9.9955E-05
0.0781141 9.99549E-05 9.99549E-05 9.99549E-05 0.882206 9.99549E-05 0.03918 9.99549E-05
0.102249 9.9964E-05 0.00410096 0.00584712 0.887404 9.9964E-05 9.9964E-05 9.9964E-05
9.99551E-05 0.0787525 9.99551E-05 9.99551E-05 0.907927 0.0128208 9.99551E-05 9.99551E-05
9.99459E-05 9.99459E-05 9.99459E-05 9.99459E-05 0.995272 0.00412874 9.99459E-05 9.99459E-05
0.0811597 9.99553E-05 9.99553E-05 9.99553E-05 0.504199 9.99553E-05 0.414142 9.99553E-05
0.329943 9.99642E-05 9.99642E-05 0.00420152 0.478361 9.99642E-05 0.187094 9.99642E-05
9.9964E-05 9.9964E-05 0.0242882 0.000627572 0.948009 9.9964E-05 0.0266753 9.9964E-05
0.48573 0.222956 0.193906 9.99638E-05 9.99638E-05 0.0970083 9.99638E-05 9.99638E-05
0.530061 0.192436 0.178492 9.99638E-05 9.99638E-05 0.098611 9.99638E-05 9.99638E-05
9.994E-05 9.994E-05 9.994E-05 9.994E-05 9.994E-05 0.9993 9.994E-05 9.994E-05
9.994E-05 9.994E-05 9.994E-05 9.994E-05 9.994E-05 0.9993 9.994E-05 9.994E-05
0.0143413 0.883098 0.0301321 9.9982E-05 0.0121985 9.9982E-05 0.0202663 0.0397637
0.057524 0.898149 0.0182336 9.9964E-05 9.9964E-05 9.9964E-05 9.9964E-05 0.0256936
0.00776028 9.9955E-05 9.9955E-05 9.9955E-05 9.9955E-05 0.989967 0.00177293 9.9955E-05
9.994E-05 9.994E-05 9.994E-05 9.994E-05 9.994E-05 0.9993 9.994E-05 9.994E-05
9.99459E-05 9.99459E-05 0.971481 9.99459E-05 9.99459E-05 9.99459E-05 9.99459E-05 0.0279191
0.286252 0.316831 0.153032 0.056717 9.99729E-05 9.99729E-05 9.99729E-05 0.186868
0.414476 9.99639E-05 0.10511 9.99639E-05 0.0731529 9.99639E-05 0.406862 9.99639E-05
9.99731E-05 0.300328 9.99731E-05 0.0945127 0.070111 0.196853 9.99731E-05 0.337895
9.99641E-05 9.99641E-05 0.208792 0.0707695 9.99641E-05 0.313058 9.99641E-05 0.406981
0.0871422 9.99731E-05 9.99731E-05 0.0352407 0.596829 0.00748304 0.273005 9.99731E-05
