9.996E-05 0.9995 9.996E-05 9.996E-05 9.996E-05 9.996E-05
9.9973E-05 0.451285 9.9973E-05 9.9973E-05 0.305531 0.242884
0.100991 9.99911E-05 0.0446499 0.0140963 0.816814 0.0233495
9.9964E-05 9.9964E-05 0.0503927 9.9964E-05 0.949207 9.9964E-05
9.99731E-05 0.279122 9.99731E-05 9.99731E-05 0.436376 0.284202
9.9964E-05 9.9964E-05 0.00869876 9.9964E-05 0.990901 9.9964E-05
0.576244 9.99731E-05 9.99731E-05 9.99731E-05 0.00482505 0.418631
9.9982E-05 0.0764847 0.0244781 9.9982E-05 0.423109 0.475728
0.45097 0.0903956 9.99731E-05 9.99731E-05 9.99731E-05 0.458335
0.0308172 0.752368 0.0831048 9.9982E-05 9.9982E-05 0.13351
0.0435059 0.73526 0.0959044 9.9982E-05 9.9982E-05 0.12513
0.201546 0.630531 0.104302 9.9982E-05 0.0634209 9.9982E-05
0.9995 9.996E-05 9.996E-05 9.996E-05 9.996E-05 9.996E-05
9.9982E-05 0.00558184 0.00910074 0.0200498 0.965068 9.9982E-05
9.9973E-05 0.0596779 9.9973E-05 0.00299478 0.937027 9.9973E-05
0.389456 0.523969 0.010833 9.9982E-05 9.9982E-05 0.0755426
0.218053 0.357191 0.362859 0.0616964 9.9982E-05 9.9982E-05
9.99729E-05 0.211005 9.99729E-05 0.726223 9.99729E-05 0.0624722
9.9964E-05 9.9964E-05 0.0883238 0.911276 9.9964E-05 9.9964E-05
0.0672206 0.793791 0.138689 9.9973E-05 9.9973E-05 9.9973E-05
9.996E-05 9.996E-05 9.996E-05 0.9995 9.996E-05 9.996E-05
0.120108 0.856336 0.0232559 9.9973E-05 9.9973E-05 9.9973E-05
9.9982E-05 0.124334 0.360306 0.429905 9.9982E-05 0.0852556
9.99639E-05 9.99639E-05 0.0963966 0.903204 9.99639E-05 9.99639E-05
9.996E-05 9.996E-05 9.996E-05 9.996E-05 0.9995 9.996E-05
9.996E-05 9.996E-05 9.996E-05 9.996E-05 0.9995 9.996E-05
0.76557 0.132875 0.101255 9.99729E-05 9.99729E-05 9.99729E-05
0.00159535 9.9973E-05 9.9973E-05 9.9973E-05 0.915606 0.0824983
0.028661 9.9973E-05 9.9973E-05 9.9973E-05 0.858838 0.112201
0.0183667 9.9991E-05 0.00620837 0.0211635 0.66842 0.285742
9.9973E-05 9.9973E-05 0.0655325 9.9973E-05 0.624392 0.309775
9.99731E-05 0.325444 9.99731E-05 9.99731E-05 0.0907063 0.58355
9.99641E-05 9.99641E-05 0.0135475 9.99641E-05 0.986053 9.99641E-05
9.99731E-05 9.99731E-05 0.0159756 9.99731E-05 0.0714569 0.912268
0.542262 0.1763 0.216002 9.99819E-05 0.0652364 9.99819E-05
0.00145023 9.99729E-05 0.0189666 9.99729E-05 0.979283 9.99729E-05
9.99642E-05 0.958074 9.99642E-05 9.99642E-05 0.0415263 9.99642E-05
9.9982E-05 0.78708 9.9982E-05 0.0275764 0.0319786 0.153165
0.199413 0.229995 0.395173 0.0510321 0.124288 9.9991E-05
9.99639E-05 0.882518 9.99639E-05 9.99639E-05 0.117082 9.99639E-05
9.99729E-05 0.919233 9.99729E-05 0.0100637 0.0704033 9.99729E-05
9.9973E-05 0.924629 0.0646365 0.0104343 9.9973E-05 9.9973E-05
0.280831 0.666946 9.9973E-05 9.9973E-05 9.9973E-05 0.0519225
0.0340205 0.809147 0.109136 9.9982E-05 9.9982E-05 0.0474964
0.20812 0.477004 0.168024 0.117223 9.9991E-05 0.0295299
0.0627193 0.742686 0.0597885 0.0352241 0.0420021 0.0575801
0.236463 0.437872 0.159047 9.9991E-05 0.101582 0.0649366
9.99644E-05 0.997577 9.99644E-05 0.00202296 9.99644E-05 9.99644E-05
9.996E-05 9.996E-05 9.996E-05 9.996E-05 9.996E-05 0.9995
9.99639E-05 9.99639E-05 0.00771112 9.99639E-05 9.99639E-05 0.991889
0.00289664 9.9973E-05 9.9973E-05 0.00113923 9.9973E-05 0.995664
9.996E-05 9.996E-05 9.996E-05 9.996E-05 9.996E-05 0.9995
9.996E-05 9.996E-05 9.996E-05 9.996E-05 9.996E-05 0.9995
0.0414436 0.0925299 0.012347 0.0338212 0.208395 0.611464
9.9964E-05 0.0114869 9.9964E-05 9.9964E-05 9.9964E-05 0.988113
0.0682625 0.931338 9.9964E-05 9.9964E-05 9.9964E-05 9.9964E-05
9.9973E-05 0.326931 9.9973E-05 9.9973E-05 0.0956844 0.577085
9.996E-05 9.996E-05 9.996E-05 9.996E-05 0.9995 9.996E-05
0.831133 0.0809152 0.0790732 9.9982E-05 9.9982E-05 0.00867809
0.368966 0.557754 9.9973E-05 9.9973E-05 0.0729802 9.9973E-05
0.9995 9.996E-05 9.996E-05 9.996E-05 9.996E-05 9.996E-05
0.865763 0.133837 9.99639E-05 9.99639E-05 9.99639E-05 9.99639E-05
0.823598 0.0806156 0.0832096 0.0123768 9.99819E-05 9.99819E-05
9.99731E-05 0.0330603 9.99731E-05 0.937318 0.0293221 9.99731E-05
9.996E-05 9.996E-05 9.996E-05 9.996E-05 0.9995 9.996E-05
0.11603 0.310101 0.0799978 0.0587556 0.256966 0.178149
0.0110837 9.99641E-05 9.99641E-05 9.99641E-05 0.988516 9.99641E-05
9.9973E-05 0.0278743 9.9973E-05 9.9973E-05 0.952136 0.0196893
0.0358616 9.9973E-05 9.9973E-05 9.9973E-05 0.885 0.0788382
0.00359802 9.9982E-05 9.9982E-05 0.0220888 0.926685 0.047428
9.9973E-05 0.0710155 0.00412528 9.9973E-05 0.924559 9.9973E-05
9.9964E-05 9.9964E-05 0.0131782 9.9964E-05 0.986422 9.9964E-05
9.99642E-05 9.99642E-05 9.99642E-05 9.99642E-05 0.489189 0.510411
0.204101 9.99732E-05 9.99732E-05 9.99732E-05 0.449782 0.345817
9.9991E-05 0.0177365 0.000419556 0.00081255 0.968489 0.0124426
0.172856 0.621531 0.0411352 9.9991E-05 0.0773064 0.0870712
0.192149 0.616127 0.0328687 9.9991E-05 0.0394688 0.119286
9.996E-05 9.996E-05 0.9995 9.996E-05 9.996E-05 9.996E-05
9.996E-05 9.996E-05 0.9995 9.996E-05 9.996E-05 9.996E-05
0.042105 0.819341 0.0418157 9.9982E-05 9.9982E-05 0.0965385
0.1018 0.807437 9.9982E-05 0.00582217 9.9982E-05 0.0847414
9.9964E-05 9.9964E-05 0.984774 9.9964E-05 9.9964E-05 0.0148258
9.996E-05 9.996E-05 0.9995 9.996E-05 9.996E-05 9.996E-05
0.0661008 0.933499 9.99641E-05 9.99641E-05 9.99641E-05 9.99641E-05
0.272579 0.638898 9.9982E-05 0.058918 9.9982E-05 0.0294052
9.9973E-05 0.335489 9.9973E-05 9.9973E-05 0.0734784 0.590733
0.318946 0.157669 0.326536 0.120984 0.0757645 9.9991E-05
0.394661 0.206438 0.320306 0.0783952 9.99821E-05 9.99821E-05
9.99821E-05 9.99821E-05 0.0746482 0.027048 0.545819 0.352285
