0.941697 0.0520635 9.99459E-05 9.99459E-05 9.99459E-05 9.99459E-05 0.00563958 9.99459E-05 9.99459E-05
0.216343 0.0279263 0.230116 9.9973E-05 9.9973E-05 0.276083 0.0219875 0.227244 9.9973E-05
9.996E-05 9.996E-05 0.0569567 9.996E-05 0.0338643 0.777255 0.0436332 9.996E-05 0.087891
9.9946E-05 0.0198069 9.9946E-05 9.9946E-05 9.9946E-05 0.956009 0.0235845 9.9946E-05 9.9946E-05
0.0355615 0.258073 0.187041 0.00368211 9.99731E-05 0.472879 9.99731E-05 0.0424644 9.99731E-05
9.9946E-05 0.0238083 9.9946E-05 9.9946E-05 9.9946E-05 0.966734 0.00885816 9.9946E-05 9.9946E-05
9.99553E-05 9.99553E-05 0.233767 9.99553E-05 9.99553E-05 0.0109518 9.99553E-05 0.526102 0.22868
9.99461E-05 0.194585 0.397746 9.99461E-05 9.99461E-05 0.40707 9.99461E-05 9.99461E-05 9.99461E-05
9.99642E-05 0.0435874 0.285892 9.99642E-05 9.99642E-05 0.00765633 9.99642E-05 0.544929 0.117535
9.993E-05 0.999201 9.993E-05 9.993E-05 9.993E-05 9.993E-05 9.993E-05 9.993E-05 9.993E-05
9.993E-05 0.999201 9.993E-05 9.993E-05 9.993E-05 9.993E-05 9.993E-05 9.993E-05 9.993E-05
0.703337 9.9955E-05 9.9955E-05 9.9955E-05 9.9955E-05 0.0233777 0.113651 9.9955E-05 0.159135
9.993E-05 9.993E-05 9.993E-05 9.993E-05 9.993E-05 9.993E-05 9.993E-05 9.993E-05 0.999201
0.0376886 9.9955E-05 9.9955E-05 9.9955E-05 0.0221327 0.930929 0.00875008 9.9955E-05 9.9955E-05
0.0184208 0.0152355 9.9955E-05 9.9955E-05 0.00725377 0.95859 9.9955E-05 9.9955E-05 9.9955E-05
0.0294035 0.0219383 9.99549E-05 9.99549E-05 9.99549E-05 9.99549E-05 9.99549E-05 0.761405 0.186754
9.9955E-05 0.416588 9.9955E-05 9.9955E-05 0.0802819 9.9955E-05 0.306794 9.9955E-05 0.195835
0.0637814 0.0745709 0.0335438 9.99639E-05 0.732668 9.99639E-05 9.99639E-05 0.0950363 9.99639E-05
9.9955E-05 9.9955E-05 9.9955E-05 0.144552 0.79345 9.9955E-05 0.0611424 9.9955E-05 0.000356638
0.12841 0.447656 9.99549E-05 9.99549E-05 9.99549E-05 9.99549E-05 0.0719655 0.351469 9.99549E-05
9.9946E-05 9.9946E-05 9.9946E-05 0.0471255 0.950356 0.00191846 9.9946E-05 9.9946E-05 9.9946E-05
0.562918 0.0766997 9.99729E-05 0.00711348 9.99729E-05 9.99729E-05 0.019913 0.273936 0.0591198
9.9946E-05 0.306361 9.9946E-05 9.9946E-05 0.472183 9.9946E-05 0.220856 9.9946E-05 9.9946E-05
9.9937E-05 0.0541364 9.9937E-05 9.9937E-05 0.945164 9.9937E-05 9.9937E-05 9.9937E-05 9.9937E-05
9.99371E-05 9.99371E-05 9.99371E-05 9.99371E-05 9.99371E-05 0.996655 0.0026451 9.99371E-05 9.99371E-05
9.993E-05 9.993E-05 9.993E-05 9.993E-05 9.993E-05 0.999201 9.993E-05 9.993E-05 9.993E-05
0.106554 0.0937131 9.99549E-05 9.99549E-05 9.99549E-05 9.99549E-05 0.0253603 9.99549E-05 0.773873
9.9937E-05 9.9937E-05 0.0671229 9.9937E-05 9.9937E-05 0.932178 9.9937E-05 9.9937E-05 9.9937E-05
9.9946E-05 9.9946E-05 0.0674289 9.9946E-05 9.9946E-05 0.899306 9.9946E-05 0.0326656 9.9946E-05
9.9964E-05 9.9964E-05 0.253363 0.0395884 9.9964E-05 0.671146 0.0285203 9.9964E-05 0.00698245
9.99641E-05 0.038392 0.250649 9.99641E-05 9.99641E-05 0.678427 0.0250115 9.99641E-05 0.00712074
0.122115 9.99552E-05 0.534997 9.99552E-05 9.99552E-05 0.103605 9.99552E-05 0.238783 9.99552E-05
9.994E-05 9.994E-05 9.994E-05 9.994E-05 9.994E-05 0.957079 0.00623517 0.0360865 9.994E-05
9.99551E-05 0.0168552 0.879542 9.99551E-05 9.99551E-05 0.0998809 0.00322206 9.99551E-05 9.99551E-05
0.0761338 0.0882758 9.99639E-05 9.99639E-05 9.99639E-05 0.0738895 0.202904 9.99639E-05 0.558398
0.00220676 9.996E-05 9.996E-05 9.996E-05 9.996E-05 0.951578 0.0130741 0.0124163 0.0203248
0.989253 9.99371E-05 9.99371E-05 9.99371E-05 9.99371E-05 0.0100473 9.99371E-05 9.99371E-05 9.99371E-05
0.169899 0.682976 0.0513521 0.0423232 9.99639E-05 0.0530491 9.99639E-05 9.99639E-05 9.99639E-05
0.026738 0.303359 9.99731E-05 9.99731E-05 0.0511701 0.098619 0.367561 9.99731E-05 0.152253
0.274569 0.340773 9.99729E-05 0.0134647 9.99729E-05 0.0888919 0.0389479 0.243053 9.99729E-05
0.312155 0.344288 9.99729E-05 0.0114453 9.99729E-05 0.0457858 0.0407872 0.245239 9.99729E-05
0.109557 0.88694 9.99459E-05 9.99459E-05 0.00290324 9.99459E-05 9.99459E-05 9.99459E-05 9.99459E-05
0.0181745 0.00877683 9.99639E-05 9.99639E-05 0.000350066 9.99639E-05 9.99639E-05 0.918072 0.0542269
0.0639457 0.865669 9.99549E-05 9.99549E-05 9.99549E-05 9.99549E-05 0.00479839 9.99549E-05 0.0650874
0.0799718 0.385436 9.99729E-05 9.99729E-05 0.130003 9.99729E-05 0.118402 0.11629 0.169597
0.0903626 0.49871 9.9982E-05 0.11697 9.9982E-05 0.0830048 0.0083486 0.147436 0.0549675
0.236373 0.289821 0.0289543 9.9973E-05 9.9973E-05 0.114495 0.103495 9.9973E-05 0.226563
0.999113 9.99374E-05 9.99374E-05 0.000187155 9.99374E-05 9.99374E-05 9.99374E-05 9.99374E-05 9.99374E-05
9.993E-05 9.993E-05 0.999201 9.993E-05 9.993E-05 9.993E-05 9.993E-05 9.993E-05 9.993E-05
9.99459E-05 9.99459E-05 0.975138 0.00872578 9.99459E-05 0.0155368 9.99459E-05 9.99459E-05 9.99459E-05
9.993E-05 9.993E-05 0.999201 9.993E-05 9.993E-05 9.993E-05 9.993E-05 9.993E-05 9.993E-05
9.993E-05 9.993E-05 0.999201 9.993E-05 9.993E-05 9.993E-05 9.993E-05 9.993E-05 9.993E-05
9.993E-05 9.993E-05 0.999201 9.993E-05 9.993E-05 9.993E-05 9.993E-05 9.993E-05 9.993E-05
9.99641E-05 9.99641E-05 0.509899 0.0176862 0.0127249 0.297951 9.99641E-05 0.16134 9.99641E-05
9.99369E-05 9.99369E-05 0.992131 9.99369E-05 9.99369E-05 9.99369E-05 0.00716986 9.99369E-05 9.99369E-05
0.821808 9.99459E-05 9.99459E-05 9.99459E-05 9.99459E-05 9.99459E-05 9.99459E-05 0.145536 0.0320556
0.152589 9.99549E-05 0.444645 9.99549E-05 9.99549E-05 0.131779 9.99549E-05 0.270487 9.99549E-05
0.00217061 9.99369E-05 9.99369E-05 9.99369E-05 9.99369E-05 0.99713 9.99369E-05 9.99369E-05 9.99369E-05
0.0594366 9.9955E-05 9.9955E-05 9.9955E-05 9.9955E-05 9.9955E-05 0.0554671 0.0846964 0.7999
0.0403224 9.9946E-05 9.9946E-05 9.9946E-05 9.9946E-05 9.9946E-05 9.9946E-05 0.858028 0.10105
9.993E-05 9.993E-05 9.993E-05 9.993E-05 9.993E-05 9.993E-05 9.993E-05 9.993E-05 0.999201
0.0496941 0.0697936 9.99459E-05 9.99459E-05 9.99459E-05 9.99459E-05 9.99459E-05 9.99459E-05 0.879913
9.99458E-05 0.10619 9.99458E-05 9.99458E-05 9.99458E-05 9.99458E-05 0.0545982 9.99458E-05 0.838612
9.993E-05 9.993E-05 9.993E-05 0.999201 9.993E-05 9.993E-05 9.993E-05 9.993E-05 9.993E-05
9.993E-05 9.993E-05 9.993E-05 9.993E-05 9.993E-05 0.999201 9.993E-05 9.993E-05 9.993E-05
0.132488 0.0752579 0.0443002 9.9991E-05 0.0610101 0.257688 0.0862651 0.215768 0.127122
9.99372E-05 9.99372E-05 9.99372E-05 9.99372E-05 9.99372E-05 0.947584 9.99372E-05 0.0517167 9.99372E-05
0.0275596 9.9946E-05 0.00787234 9.9946E-05 9.9946E-05 0.963968 9.9946E-05 9.9946E-05 9.9946E-05
9.9946E-05 9.9946E-05 0.043406 9.9946E-05 9.9946E-05 0.909879 9.9946E-05 0.0461152 9.9946E-05
9.9955E-05 9.9955E-05 0.0289577 9.9955E-05 0.00440884 0.909892 9.9955E-05 0.0562416 9.9955E-05
0.0285587 0.0665418 9.99461E-05 9.99461E-05 9.99461E-05 0.9043 9.99461E-05 9.99461E-05 9.99461E-05
9.99369E-05 0.0180913 9.99369E-05 9.99369E-05 9.99369E-05 0.981209 9.99369E-05 9.99369E-05 9.99369E-05
9.99464E-05 0.0338794 0.452991 9.99464E-05 9.99464E-05 0.51253 9.99464E-05 9.99464E-05 9.99464E-05
9.99642E-05 9.99642E-05 0.3141 0.0142347 9.99642E-05 0.494549 9.99642E-05 0.02269 0.154026
9.9955E-05 0.00951417 9.9955E-05 9.9955E-05 0.00195408 0.95709 9.9955E-05 0.0309417 9.9955E-05
9.99369E-05 9.99369E-05 9.99369E-05 9.99369E-05 9.99369E-05 9.99369E-05 0.0160948 0.983206 9.99369E-05
9.99459E-05 9.99459E-05 0.0137747 9.99459E-05 9.99459E-05 9.99459E-05 0.00938754 0.976238 9.99459E-05
9.993E-05 9.993E-05 9.993E-05 9.993E-05 9.993E-05 9.993E-05 0.999201 9.993E-05 9.993E-05
9.993E-05 9.993E-05 9.993E-05 9.993E-05 9.993E-05 9.993E-05 0.999201 9.993E-05 9.993E-05
0.0669867 0.758246 0.0188853 9.99639E-05 9.99639E-05 0.0021565 9.99639E-05 0.153326 9.99639E-05
0.0811184 0.69948 9.99639E-05 0.0124139 9.99639E-05 9.99639E-05 9.99639E-05 0.188744 0.0178432
9.9937E-05 0.0156498 9.9937E-05 9.9937E-05 9.9937E-05 9.9937E-05 0.983651 9.9937E-05 9.9937E-05
9.993E-05 9.993E-05 9.993E-05 9.993E-05 9.993E-05 9.993E-05 0.999201 9.993E-05 9.993E-05
0.960816 9.99369E-05 9.99369E-05 9.99369E-05 9.99369E-05 9.99369E-05 9.99369E-05 9.99369E-05 0.038484
0.0358162 0.185033 9.997E-05 0.0265342 0.0335464 9.997E-05 9.997E-05 0.538636 0.180134
0.156815 0.00414702 0.546486 9.9964E-05 9.9964E-05 0.0650014 9.9964E-05 0.22715 9.9964E-05
9.99641E-05 0.253904 9.99641E-05 9.99641E-05 0.0941273 0.0835523 0.225122 9.99641E-05 0.342894
0.167543 9.9964E-05 9.9964E-05 9.9964E-05 0.0997317 9.9964E-05 0.283684 0.0199185 0.428723
9.99731E-05 0.00941178 0.298822 0.0246196 0.0365655 0.610799 0.0194824 9.99731E-05 9.99731E-05
