0.997371 9.99369E-05 9.99369E-05 9.99369E-05 9.99369E-05 0.00192903 9.99369E-05 9.99369E-05 9.99369E-05
0.117993 9.99549E-05 9.99549E-05 0.191232 9.99549E-05 0.0343585 9.99549E-05 9.99549E-05 0.655916
9.99643E-05 9.99643E-05 9.99643E-05 0.603702 0.26807 0.0512009 0.0324097 0.0442172 9.99643E-05
9.9946E-05 0.0125401 9.9946E-05 0.960416 9.9946E-05 0.026444 9.9946E-05 9.9946E-05 9.9946E-05
0.0203507 0.0962564 0.217367 0.359117 0.119088 9.99731E-05 9.99731E-05 9.99731E-05 0.187521
9.99461E-05 9.99461E-05 0.0185155 0.96156 0.0193246 9.99461E-05 9.99461E-05 9.99461E-05 9.99461E-05
9.99461E-05 9.99461E-05 9.99461E-05 9.99461E-05 0.0725156 9.99461E-05 9.99461E-05 0.319639 0.607246
9.99729E-05 0.085181 0.0891484 0.113608 0.567743 0.0201622 9.99729E-05 9.99729E-05 0.123857
9.99551E-05 9.99551E-05 0.0293299 9.99551E-05 0.0698807 9.99551E-05 9.99551E-05 0.214534 0.685756
9.993E-05 9.993E-05 0.999201 9.993E-05 9.993E-05 9.993E-05 9.993E-05 9.993E-05 9.993E-05
9.993E-05 9.993E-05 0.999201 9.993E-05 9.993E-05 9.993E-05 9.993E-05 9.993E-05 9.993E-05
0.705924 9.9955E-05 9.9955E-05 0.00133607 9.9955E-05 0.127491 9.9955E-05 0.164749 9.9955E-05
9.993E-05 9.993E-05 9.993E-05 9.993E-05 0.0328305 9.993E-05 9.993E-05 0.96647 9.993E-05
0.00520409 9.9955E-05 9.9955E-05 0.94428 9.9955E-05 0.0245389 0.0254768 9.9955E-05 9.9955E-05
0.0382617 9.9946E-05 9.9946E-05 0.95572 9.9946E-05 9.9946E-05 0.00541903 9.9946E-05 9.9946E-05
0.139546 0.00743565 0.345719 9.99639E-05 9.99639E-05 9.99639E-05 9.99639E-05 0.403764 0.103135
9.99551E-05 9.99551E-05 0.400499 9.99551E-05 9.99551E-05 0.316074 0.0448506 0.238078 9.99551E-05
0.0333172 0.0500595 0.142899 9.99639E-05 9.99639E-05 9.99639E-05 0.723216 9.99639E-05 0.0501084
9.9937E-05 9.9937E-05 9.9937E-05 9.9937E-05 9.9937E-05 0.0883149 0.910986 9.9937E-05 9.9937E-05
0.15218 9.99549E-05 0.694718 9.99549E-05 9.99549E-05 0.0627718 9.99549E-05 0.0898309 9.99549E-05
9.9937E-05 9.9937E-05 9.9937E-05 9.9937E-05 0.00485971 9.9937E-05 0.994441 9.9937E-05 9.9937E-05
0.655061 9.9955E-05 0.223265 9.9955E-05 9.9955E-05 0.0136143 9.9955E-05 0.10756 9.9955E-05
9.99641E-05 9.99641E-05 0.256136 0.0002086 0.0358508 0.3206 0.386804 9.99641E-05 9.99641E-05
9.9946E-05 9.9946E-05 0.00586818 9.9946E-05 9.9946E-05 0.0593708 0.934161 9.9946E-05 9.9946E-05
9.99371E-05 9.99371E-05 9.99371E-05 0.994318 0.00498197 9.99371E-05 9.99371E-05 9.99371E-05 9.99371E-05
9.993E-05 9.993E-05 9.993E-05 0.999201 9.993E-05 9.993E-05 9.993E-05 9.993E-05 9.993E-05
0.102412 9.99549E-05 0.0733455 9.99549E-05 9.99549E-05 0.0495627 9.99549E-05 0.77418 9.99549E-05
9.9955E-05 0.0534104 9.9955E-05 0.896704 9.9955E-05 9.9955E-05 9.9955E-05 0.0086457 0.04074
9.9955E-05 0.0783128 9.9955E-05 0.91109 9.9955E-05 9.9955E-05 9.9955E-05 0.00423265 0.00586447
0.00948746 0.221735 9.99731E-05 0.537248 0.183957 0.0251398 0.0221326 9.99731E-05 9.99731E-05
9.9964E-05 0.117783 0.00602621 0.402173 0.451414 0.0222044 9.9964E-05 9.9964E-05 9.9964E-05
9.993E-05 9.993E-05 9.993E-05 9.993E-05 9.993E-05 9.993E-05 9.993E-05 9.993E-05 0.999201
9.99371E-05 9.99371E-05 9.99371E-05 0.81961 0.179691 9.99371E-05 9.99371E-05 9.99371E-05 9.99371E-05
0.0352795 0.725215 9.99461E-05 9.99461E-05 0.238906 9.99461E-05 9.99461E-05 9.99461E-05 9.99461E-05
0.0872155 9.99639E-05 0.098206 9.99639E-05 0.0725832 0.214268 9.99639E-05 0.527328 9.99639E-05
9.99639E-05 9.99639E-05 9.99639E-05 0.918809 0.0371677 0.0191305 9.99639E-05 0.0206564 0.00383607
0.990825 9.99371E-05 9.99371E-05 9.99371E-05 0.00847514 9.99371E-05 9.99371E-05 9.99371E-05 9.99371E-05
0.0829056 9.9973E-05 0.683013 0.0359357 0.038529 9.9973E-05 0.0200439 9.9973E-05 0.139273
0.0107349 9.9982E-05 0.230372 0.00592457 0.150827 0.369049 0.0327303 0.200162 9.9982E-05
0.368338 9.99459E-05 0.50175 0.129313 9.99459E-05 9.99459E-05 9.99459E-05 9.99459E-05 9.99459E-05
0.378847 9.99639E-05 0.491827 0.0998606 9.99639E-05 0.0166453 0.01242 9.99639E-05 9.99639E-05
0.00973314 9.9937E-05 0.989567 9.9937E-05 9.9937E-05 9.9937E-05 9.9937E-05 9.9937E-05 9.9937E-05
0.150342 9.99549E-05 0.305563 9.99549E-05 9.99549E-05 9.99549E-05 9.99549E-05 0.290323 0.253273
9.9937E-05 0.00831399 0.990986 9.9937E-05 9.9937E-05 9.9937E-05 9.9937E-05 9.9937E-05 9.9937E-05
0.0376931 9.9973E-05 0.489878 9.9973E-05 9.9973E-05 0.109115 0.112307 0.231219 0.0194872
0.147504 0.00944611 0.642688 0.0694637 9.9991E-05 0.00720754 0.0224411 0.0854085 0.0157409
0.18641 0.0562601 0.335321 0.12433 9.9973E-05 0.103067 9.9973E-05 0.194312 9.9973E-05
0.984368 9.99374E-05 9.99374E-05 9.99374E-05 9.99374E-05 9.99374E-05 0.0149324 9.99374E-05 9.99374E-05
9.993E-05 0.999201 9.993E-05 9.993E-05 9.993E-05 9.993E-05 9.993E-05 9.993E-05 9.993E-05
9.993E-05 0.999201 9.993E-05 9.993E-05 9.993E-05 9.993E-05 9.993E-05 9.993E-05 9.993E-05
9.99461E-05 0.970077 0.0205063 9.99461E-05 9.99461E-05 9.99461E-05 9.99461E-05 0.00881725 9.99461E-05
9.993E-05 0.999201 9.993E-05 9.993E-05 9.993E-05 9.993E-05 9.993E-05 9.993E-05 9.993E-05
9.993E-05 0.999201 9.993E-05 9.993E-05 9.993E-05 9.993E-05 9.993E-05 9.993E-05 9.993E-05
9.9982E-05 0.298385 0.0527615 0.0569446 0.319998 9.9982E-05 0.0320543 0.0162413 0.223416
0.00603473 0.92969 9.9946E-05 9.9946E-05 9.9946E-05 9.9946E-05 9.9946E-05 9.9946E-05 0.0636751
0.921562 9.99369E-05 9.99369E-05 9.99369E-05 9.99369E-05 9.99369E-05 9.99369E-05 0.077738 9.99369E-05
9.99548E-05 0.0651072 9.99548E-05 0.0239498 9.99548E-05 0.0144032 9.99548E-05 9.99548E-05 0.89604
9.993E-05 9.993E-05 9.993E-05 0.999201 9.993E-05 9.993E-05 9.993E-05 9.993E-05 9.993E-05
0.111399 9.9946E-05 9.9946E-05 9.9946E-05 9.9946E-05 0.0133083 9.9946E-05 0.874693 9.9946E-05
0.255292 9.9964E-05 0.165647 0.0397552 9.9964E-05 9.9964E-05 9.9964E-05 0.430362 0.108544
9.99372E-05 9.99372E-05 9.99372E-05 9.99372E-05 0.00389986 9.99372E-05 9.99372E-05 0.995401 9.99372E-05
0.0269843 9.99459E-05 0.0937123 9.99459E-05 9.99459E-05 9.99459E-05 9.99459E-05 0.878704 9.99459E-05
9.99459E-05 9.99459E-05 0.0514141 9.99459E-05 9.99459E-05 0.0771612 9.99459E-05 0.870825 9.99459E-05
0.0690086 0.00273108 0.000725739 9.99641E-05 0.00443785 9.99641E-05 0.922697 9.99641E-05 9.99641E-05
9.993E-05 9.993E-05 9.993E-05 0.999201 9.993E-05 9.993E-05 9.993E-05 9.993E-05 9.993E-05
0.16 0.216968 0.185528 0.230495 9.9991E-05 0.0100149 0.0276558 0.104698 0.0645404
9.99462E-05 9.99462E-05 9.99462E-05 0.921265 0.0589212 9.99462E-05 9.99462E-05 0.0192143 9.99462E-05
0.0234146 0.0266696 9.9955E-05 0.946805 0.00261066 9.9955E-05 9.9955E-05 9.9955E-05 9.9955E-05
9.9964E-05 0.0323308 9.9964E-05 0.854014 0.0369991 9.9964E-05 9.9964E-05 0.00340254 0.0728536
9.9946E-05 9.9946E-05 9.9946E-05 0.90316 0.0275586 9.9946E-05 9.9946E-05 9.9946E-05 0.0686815
0.0157249 9.9973E-05 0.0232936 0.827968 0.0972402 0.0328521 9.9973E-05 9.9973E-05 0.00262174
9.995E-05 0.0284363 0.00956583 0.941002 0.0204962 9.995E-05 9.995E-05 9.995E-05 9.995E-05
9.99369E-05 0.0123105 9.99369E-05 9.99369E-05 0.98699 9.99369E-05 9.99369E-05 9.99369E-05 9.99369E-05
9.99369E-05 9.99369E-05 9.99369E-05 9.99369E-05 0.961269 9.99369E-05 9.99369E-05 0.0380317 9.99369E-05
0.0103532 0.0394756 0.000400469 0.923874 9.99641E-05 0.0254966 9.99641E-05 9.99641E-05 9.99641E-05
0.155438 9.99729E-05 0.296898 0.0144563 9.99729E-05 0.0390854 9.99729E-05 0.212083 0.28174
0.104501 0.00153287 0.356222 9.99729E-05 9.99729E-05 0.0275596 9.99729E-05 0.220936 0.288948
9.993E-05 9.993E-05 9.993E-05 9.993E-05 9.993E-05 0.999201 9.993E-05 9.993E-05 9.993E-05
9.993E-05 9.993E-05 9.993E-05 9.993E-05 9.993E-05 0.999201 9.993E-05 9.993E-05 9.993E-05
0.0373621 9.9946E-05 0.900284 9.9946E-05 9.9946E-05 9.9946E-05 9.9946E-05 9.9946E-05 0.0617538
0.0315247 9.9955E-05 0.840103 9.9955E-05 9.9955E-05 9.9955E-05 9.9955E-05 0.0671776 0.060695
9.99369E-05 9.99369E-05 9.99369E-05 9.99369E-05 9.99369E-05 0.971601 9.99369E-05 9.99369E-05 0.0276998
9.993E-05 9.993E-05 9.993E-05 9.993E-05 9.993E-05 0.999201 9.993E-05 9.993E-05 9.993E-05
0.959883 0.00505427 9.99459E-05 9.99459E-05 9.99459E-05 9.99459E-05 9.99459E-05 0.0344629 9.99459E-05
0.152554 9.99639E-05 0.319808 9.99639E-05 9.99639E-05 9.99639E-05 0.0666473 0.307297 0.153293
9.99369E-05 0.0699188 9.99369E-05 9.99369E-05 9.99369E-05 9.99369E-05 9.99369E-05 9.99369E-05 0.929382
9.996E-05 9.996E-05 0.262125 0.038327 9.996E-05 0.258368 0.086236 0.354544 9.996E-05
0.216199 9.99551E-05 9.99551E-05 9.99551E-05 9.99551E-05 0.318832 0.0598487 0.40462 9.99551E-05
9.9973E-05 0.0643739 9.9973E-05 0.312954 0.459894 0.0278493 0.00623496 9.9973E-05 0.128394
