9.9982E-05 9.9982E-05 0.0463073 0.953493
0.544014 9.9991E-05 0.0154878 0.440398
0.798667 0.0724231 0.0799728 0.0489371
0.979191 9.9982E-05 0.0206087 9.9982E-05
0.687439 9.99821E-05 9.99821E-05 0.312361
0.975354 9.9982E-05 0.0244459 9.9982E-05
0.296228 9.99821E-05 9.99821E-05 0.703572
0.76474 9.9991E-05 0.0443066 0.190853
0.310789 9.99821E-05 9.99821E-05 0.689011
0.0507167 9.9991E-05 0.120369 0.828814
0.00934394 9.9991E-05 0.139651 0.850905
0.0270206 9.9991E-05 0.212134 0.760745
0.0305832 9.99911E-05 0.0421052 0.927212
0.975293 0.0115882 0.0130193 9.9991E-05
0.991104 0.00869609 9.9982E-05 9.9982E-05
0.0329517 9.9991E-05 0.0465289 0.920419
9.9991E-05 0.0808623 0.432885 0.486153
0.0559704 0.748617 9.9991E-05 0.195313
9.9982E-05 0.889045 0.110755 9.9982E-05
9.9982E-05 9.9982E-05 0.16942 0.83038
9.998E-05 0.9997 9.998E-05 9.998E-05
9.9982E-05 9.9982E-05 0.0812706 0.918529
0.0520336 0.39681 0.412409 0.138748
9.9982E-05 0.903167 0.0966334 9.9982E-05
0.9997 9.998E-05 9.998E-05 9.998E-05
0.9997 9.998E-05 9.998E-05 9.998E-05
9.9982E-05 9.9982E-05 0.0923784 0.907422
0.9997 9.998E-05 9.998E-05 9.998E-05
0.9997 9.998E-05 9.998E-05 9.998E-05
0.905314 0.0380126 0.056573 9.9991E-05
0.933842 0.00782199 0.0582363 9.9991E-05
0.554225 9.99821E-05 9.99821E-05 0.445575
0.9997 9.998E-05 9.998E-05 9.998E-05
0.782856 9.99821E-05 9.99821E-05 0.216944
0.029808 9.9991E-05 0.306395 0.663697
0.99717 9.9982E-05 0.0026299 9.9982E-05
0.039825 9.9991E-05 0.0371712 0.922904
0.147456 0.0598079 0.0223275 0.770409
0.141069 0.0577004 0.478335 0.322896
0.145004 9.9991E-05 0.117565 0.73733
0.0707372 0.00234122 0.121267 0.805654
9.9991E-05 0.0126635 0.111554 0.875683
0.06703 9.9982E-05 9.9982E-05 0.93277
0.0205856 9.9991E-05 0.163892 0.815422
9.9991E-05 0.102471 0.215596 0.681834
0.0868578 0.0603295 0.131936 0.720877
0.149743 9.9991E-05 0.174799 0.675358
9.99822E-05 0.0426612 9.99822E-05 0.957139
0.80928 0.0326162 9.9991E-05 0.158004
0.790583 0.0434316 9.9991E-05 0.165885
0.785615 0.0484995 9.9991E-05 0.165786
0.814532 0.043716 9.9991E-05 0.141652
0.820764 0.0346639 9.9991E-05 0.144472
0.726238 0.0575584 9.9991E-05 0.216103
0.745499 9.9982E-05 9.9982E-05 0.254301
9.998E-05 9.998E-05 9.998E-05 0.9997
0.532067 9.9982E-05 9.9982E-05 0.467733
0.9997 9.998E-05 9.998E-05 9.998E-05
0.00464304 9.9991E-05 0.0648931 0.930364
0.0635829 9.9991E-05 0.0707928 0.865524
9.99821E-05 0.0263191 9.99821E-05 0.973481
9.9982E-05 9.9982E-05 0.0117278 0.988072
9.9991E-05 0.0169455 0.124225 0.858729
0.0285035 0.909771 9.9991E-05 0.0616258
0.9997 9.998E-05 9.998E-05 9.998E-05
0.347111 0.0415377 0.210841 0.40051
0.9997 9.998E-05 9.998E-05 9.998E-05
0.9997 9.998E-05 9.998E-05 9.998E-05
0.9997 9.998E-05 9.998E-05 9.998E-05
0.9997 9.998E-05 9.998E-05 9.998E-05
0.972211 9.9991E-05 0.0250476 0.00264109
0.997112 9.9982E-05 0.00268783 9.9982E-05
0.906405 9.99821E-05 9.99821E-05 0.093395
0.843954 0.0211765 9.99911E-05 0.134769
0.9997 9.998E-05 9.998E-05 9.998E-05
0.145526 9.9991E-05 0.07127 0.783104
0.143531 9.9991E-05 0.0424688 0.8139
9.998E-05 9.998E-05 0.9997 9.998E-05
9.998E-05 9.998E-05 0.9997 9.998E-05
0.0505926 9.9991E-05 0.0980173 0.85129
0.0213145 9.9991E-05 0.0863132 0.892272
9.998E-05 9.998E-05 0.9997 9.998E-05
9.998E-05 9.998E-05 0.9997 9.998E-05
9.998E-05 9.998E-05 9.998E-05 0.9997
0.0243064 0.0594034 9.9991E-05 0.91619
0.528623 9.9982E-05 9.9982E-05 0.471177
0.0611996 0.127158 0.319495 0.492147
9.9991E-05 0.0956698 0.381968 0.522262
0.904707 0.0628957 0.0322972 9.9991E-05
