0.0555051 9.99278E-05 0.0236549 9.99278E-05 0.910724 0.00931616 9.99278E-05 9.99278E-05 9.99278E-05 9.99278E-05 9.99278E-05 9.99278E-05
9.9937E-05 0.033481 0.0144755 9.9937E-05 0.0192861 9.9937E-05 9.9937E-05 9.9937E-05 0.795201 9.9937E-05 0.136857 9.9937E-05
9.99553E-05 9.99553E-05 0.0237592 9.99553E-05 9.99553E-05 0.0643578 0.315178 0.0832265 0.0150259 9.99553E-05 0.440208 0.0577444
9.9928E-05 9.9928E-05 0.00167398 9.9928E-05 9.9928E-05 9.9928E-05 0.0883049 9.9928E-05 9.9928E-05 0.0203223 0.888899 9.9928E-05
0.140565 9.9955E-05 9.9955E-05 0.0271076 0.000318507 9.9955E-05 9.9955E-05 0.271726 0.125796 0.0506041 0.383383 9.9955E-05
9.99189E-05 0.00390612 9.99189E-05 0.0209559 9.99189E-05 9.99189E-05 9.99189E-05 9.99189E-05 9.99189E-05 9.99189E-05 0.974239 9.99189E-05
9.99187E-05 0.154114 9.99187E-05 9.99187E-05 9.99187E-05 9.99187E-05 9.99187E-05 0.774241 9.99187E-05 9.99187E-05 9.99187E-05 0.0707453
0.060973 9.99549E-05 0.00730891 9.99549E-05 9.99549E-05 9.99549E-05 0.180211 0.329663 0.0753296 0.17927 0.166745 9.99549E-05
0.00106565 0.228223 9.99368E-05 9.99368E-05 9.99368E-05 9.99368E-05 9.99368E-05 0.722466 0.0204742 9.99368E-05 9.99368E-05 0.0270717
0.885584 9.99099E-05 9.99099E-05 9.99099E-05 9.99099E-05 9.99099E-05 9.99099E-05 0.113417 9.99099E-05 9.99099E-05 9.99099E-05 9.99099E-05
0.899216 9.991E-05 9.991E-05 9.991E-05 9.991E-05 9.991E-05 9.991E-05 0.0997853 9.991E-05 9.991E-05 9.991E-05 9.991E-05
9.9946E-05 0.0126418 0.125443 9.9946E-05 0.681874 9.9946E-05 0.0431858 9.9946E-05 9.9946E-05 9.9946E-05 0.00494096 0.131315
9.99101E-05 9.99101E-05 9.99101E-05 9.99101E-05 9.99101E-05 9.99101E-05 9.99101E-05 0.0688642 9.99101E-05 9.99101E-05 9.99101E-05 0.930137
9.9928E-05 9.9928E-05 9.9928E-05 9.9928E-05 9.9928E-05 0.0108792 9.9928E-05 9.9928E-05 0.0118987 9.9928E-05 0.975341 0.00108139
9.9919E-05 9.9919E-05 9.9919E-05 9.9919E-05 0.0209735 0.00307154 9.9919E-05 9.9919E-05 9.9919E-05 9.9919E-05 0.975056 9.9919E-05
0.0351274 0.812584 9.99191E-05 9.99191E-05 9.99191E-05 9.99191E-05 9.99191E-05 9.99191E-05 9.99191E-05 9.99191E-05 9.99191E-05 0.151389
0.320164 0.0743889 0.301823 9.9937E-05 9.9937E-05 0.0899232 9.9937E-05 9.9937E-05 9.9937E-05 9.9937E-05 9.9937E-05 0.213001
0.0445265 0.0830813 9.99458E-05 9.99458E-05 0.042739 0.732378 9.99458E-05 9.99458E-05 0.0625044 0.0341712 9.99458E-05 9.99458E-05
9.99191E-05 9.99191E-05 0.0502519 0.185301 9.99191E-05 0.763548 9.99191E-05 9.99191E-05 9.99191E-05 9.99191E-05 9.99191E-05 9.99191E-05
0.520685 0.317271 0.0611218 9.99279E-05 0.100123 9.99279E-05 9.99279E-05 9.99279E-05 9.99279E-05 9.99279E-05 9.99279E-05 9.99279E-05
9.99101E-05 9.99101E-05 9.99101E-05 0.00942489 9.99101E-05 0.989576 9.99101E-05 9.99101E-05 9.99101E-05 9.99101E-05 9.99101E-05 9.99101E-05
0.139252 0.303715 9.9928E-05 9.9928E-05 0.473253 9.9928E-05 9.9928E-05 9.9928E-05 9.9928E-05 9.9928E-05 9.9928E-05 0.0829802
0.280607 9.99279E-05 0.231796 9.99279E-05 9.99279E-05 0.458228 0.0285696 9.99279E-05 9.99279E-05 9.99279E-05 9.99279E-05 9.99279E-05
0.0989614 9.9919E-05 9.9919E-05 0.0115926 9.9919E-05 0.888547 9.9919E-05 9.9919E-05 9.9919E-05 9.9919E-05 9.9919E-05 9.9919E-05
9.99101E-05 9.99101E-05 9.99101E-05 9.99101E-05 9.99101E-05 9.99101E-05 0.546641 9.99101E-05 9.99101E-05 9.99101E-05 0.45236 9.99101E-05
9.99101E-05 9.99101E-05 9.99101E-05 9.99101E-05 9.99101E-05 9.99101E-05 0.149568 9.99101E-05 9.99101E-05 9.99101E-05 0.849432 9.99101E-05
0.0693704 0.0057943 0.0175286 9.99459E-05 0.0620186 9.99459E-05 9.99459E-05 9.99459E-05 9.99459E-05 0.00149326 9.99459E-05 0.843195
9.9901E-05 9.9901E-05 9.9901E-05 9.9901E-05 9.9901E-05 9.9901E-05 0.998901 9.9901E-05 9.9901E-05 9.9901E-05 9.9901E-05 9.9901E-05
9.9901E-05 9.9901E-05 9.9901E-05 9.9901E-05 9.9901E-05 9.9901E-05 0.998901 9.9901E-05 9.9901E-05 9.9901E-05 9.9901E-05 9.9901E-05
9.995E-05 9.995E-05 0.00144098 0.0583082 9.995E-05 9.995E-05 0.256075 0.0639866 0.00394209 0.174404 0.441342 9.995E-05
9.9937E-05 9.9937E-05 0.0409343 9.9937E-05 9.9937E-05 9.9937E-05 0.109637 0.238054 9.9937E-05 0.135311 0.475365 9.9937E-05
9.99013E-05 9.99013E-05 9.99013E-05 9.99013E-05 9.99013E-05 9.99013E-05 9.99013E-05 9.99013E-05 0.998901 9.99013E-05 9.99013E-05 9.99013E-05
9.99191E-05 9.99191E-05 9.99191E-05 9.99191E-05 9.99191E-05 9.99191E-05 0.206548 0.0706229 9.99191E-05 9.99191E-05 0.72193 9.99191E-05
9.99282E-05 9.99282E-05 0.00829526 9.99282E-05 9.99282E-05 9.99282E-05 0.0976209 0.130102 9.99282E-05 0.763182 9.99282E-05 9.99282E-05
0.0849419 9.99458E-05 0.183244 9.99458E-05 0.0376729 9.99458E-05 0.0601152 9.99458E-05 9.99458E-05 0.0156636 9.99458E-05 0.617763
9.99279E-05 0.0330499 9.99279E-05 9.99279E-05 9.99279E-05 9.99279E-05 0.533809 9.99279E-05 0.0161989 9.99279E-05 0.416143 9.99279E-05
9.99101E-05 9.99101E-05 9.99101E-05 9.99101E-05 0.979625 9.99101E-05 9.99101E-05 9.99101E-05 9.99101E-05 9.99101E-05 0.0193757 9.99101E-05
0.664875 9.9937E-05 9.9937E-05 0.00276235 0.0818109 9.9937E-05 9.9937E-05 9.9937E-05 0.235214 9.9937E-05 0.0146382 9.9937E-05
0.144432 0.00928211 0.364287 9.99551E-05 0.0328487 0.0769142 9.99551E-05 9.99551E-05 9.99551E-05 9.99551E-05 0.161465 0.210271
0.323848 0.297969 0.00564998 0.0193645 0.218575 9.99459E-05 9.99459E-05 9.99459E-05 9.99459E-05 9.99459E-05 0.133993 9.99459E-05
0.311335 0.2726 0.012122 0.0283289 0.26268 9.99548E-05 9.99548E-05 9.99548E-05 0.0303116 9.99548E-05 0.0821228 9.99548E-05
0.947774 0.00882472 9.9919E-05 9.9919E-05 0.0425021 9.9919E-05 9.9919E-05 9.9919E-05 9.9919E-05 9.9919E-05 9.9919E-05 9.9919E-05
9.991E-05 0.948701 9.991E-05 9.991E-05 9.991E-05 9.991E-05 9.991E-05 9.991E-05 9.991E-05 9.991E-05 9.991E-05 0.0502995
0.915972 9.9928E-05 9.9928E-05 9.9928E-05 0.0246117 9.9928E-05 0.0153478 9.9928E-05 9.9928E-05 9.9928E-05 9.9928E-05 0.0432697
0.440585 0.0878752 0.104496 9.99549E-05 0.030248 0.101149 9.99549E-05 9.99549E-05 0.0549803 9.99549E-05 9.99549E-05 0.180167
0.498114 0.134045 0.0364925 0.0856363 0.111056 9.9964E-05 9.9964E-05 9.9964E-05 0.0574152 9.9964E-05 0.0735487 0.00329257
0.346058 9.9955E-05 0.0470619 0.0288578 0.1703 9.9955E-05 9.9955E-05 9.9955E-05 9.9955E-05 0.0319958 0.130356 0.244871
9.99017E-05 9.99017E-05 9.99017E-05 9.99017E-05 0.998901 9.99017E-05 9.99017E-05 9.99017E-05 9.99017E-05 9.99017E-05 9.99017E-05 9.99017E-05
9.99101E-05 9.99101E-05 9.99101E-05 9.99101E-05 9.99101E-05 9.99101E-05 9.99101E-05 9.99101E-05 9.99101E-05 0.998783 9.99101E-05 0.00021815
9.99011E-05 9.99011E-05 9.99011E-05 9.99011E-05 9.99011E-05 9.99011E-05 9.99011E-05 9.99011E-05 9.99011E-05 0.998901 9.99011E-05 9.99011E-05
9.99101E-05 0.0172023 9.99101E-05 9.99101E-05 9.99101E-05 9.99101E-05 9.99101E-05 9.99101E-05 9.99101E-05 0.981799 9.99101E-05 9.99101E-05
9.99101E-05 9.99101E-05 9.99101E-05 0.000836054 9.99101E-05 9.99101E-05 9.99101E-05 9.99101E-05 9.99101E-05 0.998165 9.99101E-05 9.99101E-05
9.99101E-05 9.99101E-05 9.99101E-05 9.99101E-05 9.99101E-05 9.99101E-05 0.00821258 9.99101E-05 9.99101E-05 0.990788 9.99101E-05 9.99101E-05
0.0796669 9.99551E-05 9.99551E-05 9.99551E-05 9.99551E-05 0.0320464 0.163117 0.244366 0.0342144 0.425584 0.0205065 9.99551E-05
9.99281E-05 0.00891685 0.00161671 9.99281E-05 9.99281E-05 9.99281E-05 9.99281E-05 9.99281E-05 0.0451407 0.943526 9.99281E-05 9.99281E-05
9.99189E-05 0.20779 9.99189E-05 9.99189E-05 0.781615 9.99189E-05 9.99189E-05 9.99189E-05 9.99189E-05 9.99189E-05 9.99189E-05 0.00969624
9.9946E-05 0.0188494 9.9946E-05 9.9946E-05 9.9946E-05 9.9946E-05 0.0225258 0.00450236 0.920293 0.0329748 9.9946E-05 0.00025523
9.99099E-05 9.99099E-05 9.99099E-05 9.99099E-05 9.99099E-05 9.99099E-05 0.362141 9.99099E-05 9.99099E-05 9.99099E-05 0.63686 9.99099E-05
9.993E-05 0.0868398 0.0102786 9.993E-05 0.0594755 9.993E-05 9.993E-05 9.993E-05 9.993E-05 0.00176144 9.993E-05 0.840945
9.99103E-05 0.917347 9.99103E-05 9.99103E-05 9.99103E-05 9.99103E-05 9.99103E-05 9.99103E-05 9.99103E-05 9.99103E-05 9.99103E-05 0.0816537
9.99102E-05 9.99102E-05 9.99102E-05 9.99102E-05 9.99102E-05 9.99102E-05 9.99102E-05 0.0490838 9.99102E-05 9.99102E-05 9.99102E-05 0.949917
0.0882667 0.0111475 9.99278E-05 9.99278E-05 9.99278E-05 9.99278E-05 9.99278E-05 9.99278E-05 0.0141003 9.99278E-05 9.99278E-05 0.885686
0.110287 9.99279E-05 0.0153333 0.00893985 9.99279E-05 9.99279E-05 9.99279E-05 9.99279E-05 9.99279E-05 9.99279E-05 9.99279E-05 0.864641
9.9901E-05 9.9901E-05 9.9901E-05 0.998901 9.9901E-05 9.9901E-05 9.9901E-05 9.9901E-05 9.9901E-05 9.9901E-05 9.9901E-05 9.9901E-05
9.99103E-05 9.99103E-05 9.99103E-05 9.99103E-05 9.99103E-05 9.99103E-05 0.683169 9.99103E-05 9.99103E-05 9.99103E-05 0.315832 9.99103E-05
0.136601 0.166312 0.109518 9.996E-05 9.996E-05 0.00713879 0.0499528 9.996E-05 9.996E-05 0.135342 0.291373 0.103363
9.995E-05 0.00149882 9.995E-05 9.995E-05 9.995E-05 9.995E-05 0.0534459 0.00814764 0.00564695 0.00533055 0.922209 0.00322128
9.9937E-05 9.9937E-05 9.9937E-05 9.9937E-05 0.0295008 9.9937E-05 0.0984684 0.0463703 9.9937E-05 0.0230073 0.801954 9.9937E-05
9.991E-05 0.0167127 9.991E-05 9.991E-05 9.991E-05 9.991E-05 0.982288 9.991E-05 9.991E-05 9.991E-05 9.991E-05 9.991E-05
9.99101E-05 0.00985222 9.99101E-05 9.99101E-05 9.99101E-05 9.99101E-05 0.989149 9.99101E-05 9.99101E-05 9.99101E-05 9.99101E-05 9.99101E-05
0.0131695 9.99461E-05 9.99461E-05 9.99461E-05 0.00552756 9.99461E-05 0.113492 0.0743211 0.0245546 9.99461E-05 0.768336 9.99461E-05
9.99189E-05 9.99189E-05 9.99189E-05 0.00618773 9.99189E-05 9.99189E-05 0.368677 9.99189E-05 9.99189E-05 9.99189E-05 0.624236 9.99189E-05
9.9928E-05 9.9928E-05 9.9928E-05 9.9928E-05 9.9928E-05 9.9928E-05 0.0433428 0.558315 9.9928E-05 0.168619 0.228924 9.9928E-05
9.9919E-05 9.9919E-05 9.9919E-05 9.9919E-05 9.9919E-05 9.9919E-05 0.254966 0.716792 9.9919E-05 9.9919E-05 0.0273428 9.9919E-05
9.99281E-05 0.0169538 9.99281E-05 9.99281E-05 9.99281E-05 9.99281E-05 0.113709 9.99281E-05 9.99281E-05 0.0596153 0.808922 9.99281E-05
9.991E-05 0.971273 9.991E-05 9.991E-05 9.991E-05 9.991E-05 0.0277283 9.991E-05 9.991E-05 9.991E-05 9.991E-05 9.991E-05
9.991E-05 0.977393 9.991E-05 9.991E-05 9.991E-05 9.991E-05 9.991E-05 9.991E-05 9.991E-05 0.0216083 9.991E-05 9.991E-05
9.991E-05 9.991E-05 0.993116 9.991E-05 0.00588517 9.991E-05 9.991E-05 9.991E-05 9.991E-05 9.991E-05 9.991E-05 9.991E-05
9.9901E-05 9.9901E-05 0.998901 9.9901E-05 9.9901E-05 9.9901E-05 9.9901E-05 9.9901E-05 9.9901E-05 9.9901E-05 9.9901E-05 9.9901E-05
0.756301 0.131589 9.99279E-05 9.99279E-05 0.0186924 9.99279E-05 9.99279E-05 9.99279E-05 0.092618 9.99279E-05 9.99279E-05 9.99279E-05
0.737463 0.121361 9.99459E-05 9.99459E-05 0.0364284 9.99459E-05 0.0270616 9.99459E-05 0.0585084 9.99459E-05 9.99459E-05 0.0185778
9.991E-05 0.00483803 0.994163 9.991E-05 9.991E-05 9.991E-05 9.991E-05 9.991E-05 9.991E-05 9.991E-05 9.991E-05 9.991E-05
9.9901E-05 9.9901E-05 0.998901 9.9901E-05 9.9901E-05 9.9901E-05 9.9901E-05 9.9901E-05 9.9901E-05 9.9901E-05 9.9901E-05 9.9901E-05
9.993E-05 0.0517931 9.993E-05 9.993E-05 0.91578 9.993E-05 9.993E-05 9.993E-05 0.000651534 0.0163312 9.993E-05 0.0147449
0.139904 0.599888 9.9946E-05 9.9946E-05 9.9946E-05 0.0724961 9.9946E-05 0.0178268 0.0504987 9.9946E-05 9.9946E-05 0.118786
9.9919E-05 9.9919E-05 9.9919E-05 9.9919E-05 9.9919E-05 9.9919E-05 9.9919E-05 0.0204539 0.921912 0.056735 9.9919E-05 9.9919E-05
0.306295 9.993E-05 0.213085 9.993E-05 9.993E-05 0.0910064 9.993E-05 9.993E-05 9.993E-05 9.993E-05 0.072848 0.316066
9.99461E-05 0.0680569 0.257205 9.99461E-05 0.159592 0.107002 9.99461E-05 9.99461E-05 9.99461E-05 9.99461E-05 0.0183257 0.389218
9.9955E-05 9.9955E-05 0.0281784 9.9955E-05 9.9955E-05 0.0344504 0.378465 0.310626 0.00284995 0.106998 0.137932 9.9955E-05
