9.99099E-05 9.99099E-05 9.99099E-05 0.053646 9.99099E-05 9.99099E-05 9.99099E-05 9.99099E-05 0.945355 9.99099E-05 9.99099E-05 9.99099E-05
0.715457 9.9937E-05 9.9937E-05 0.0604521 9.9937E-05 9.9937E-05 9.9937E-05 9.9937E-05 0.0669849 0.0153801 0.141027 9.9937E-05
9.99375E-05 9.99375E-05 9.99375E-05 9.99375E-05 9.99375E-05 0.0282743 0.357834 0.0515406 9.99375E-05 0.0336313 0.52802 9.99375E-05
9.99101E-05 9.99101E-05 9.99101E-05 9.99101E-05 9.99101E-05 9.99101E-05 9.99101E-05 9.99101E-05 9.99101E-05 0.0305014 0.968499 9.99101E-05
0.135128 9.99551E-05 9.99551E-05 0.1029 0.171717 9.99551E-05 0.0673692 9.99551E-05 0.072534 9.99551E-05 0.423896 0.0259563
9.99191E-05 0.0107796 9.99191E-05 0.0176342 9.99191E-05 9.99191E-05 9.99191E-05 9.99191E-05 9.99191E-05 9.99191E-05 0.970687 9.99191E-05
9.99011E-05 9.99011E-05 9.99011E-05 9.99011E-05 0.998901 9.99011E-05 9.99011E-05 9.99011E-05 9.99011E-05 9.99011E-05 9.99011E-05 9.99011E-05
0.11196 9.99369E-05 9.99369E-05 0.112668 9.99369E-05 9.99369E-05 0.61314 9.99369E-05 9.99369E-05 9.99369E-05 0.102025 0.0595077
0.0533116 9.9919E-05 9.9919E-05 0.00202106 0.943768 9.9919E-05 9.9919E-05 9.9919E-05 9.9919E-05 9.9919E-05 9.9919E-05 9.9919E-05
9.991E-05 9.991E-05 9.991E-05 0.877338 0.121663 9.991E-05 9.991E-05 9.991E-05 9.991E-05 9.991E-05 9.991E-05 9.991E-05
9.99101E-05 9.99101E-05 9.99101E-05 0.854191 0.14481 9.99101E-05 9.99101E-05 9.99101E-05 9.99101E-05 9.99101E-05 9.99101E-05 9.99101E-05
9.9937E-05 9.9937E-05 9.9937E-05 9.9937E-05 0.0168101 9.9937E-05 9.9937E-05 0.161503 0.680351 0.11434 0.0262957 9.9937E-05
9.99102E-05 9.99102E-05 9.99102E-05 9.99102E-05 0.0682812 9.99102E-05 9.99102E-05 0.93072 9.99102E-05 9.99102E-05 9.99102E-05 9.99102E-05
0.00826135 9.99371E-05 9.99371E-05 9.99371E-05 9.99371E-05 0.030673 9.99371E-05 9.99371E-05 0.00982297 0.00587789 0.944665 9.99371E-05
9.99191E-05 9.99191E-05 9.99191E-05 0.010683 9.99191E-05 9.99191E-05 9.99191E-05 9.99191E-05 0.044257 9.99191E-05 0.944161 9.99191E-05
9.99191E-05 9.99191E-05 0.793533 0.0661752 9.99191E-05 9.99191E-05 9.99191E-05 0.139392 9.99191E-05 9.99191E-05 9.99191E-05 9.99191E-05
9.99371E-05 9.99371E-05 0.0353249 0.410912 9.99371E-05 0.107154 9.99371E-05 0.19608 9.99371E-05 0.249829 9.99371E-05 9.99371E-05
0.09174 9.99459E-05 0.0738379 0.0895776 9.99459E-05 0.71271 9.99459E-05 9.99459E-05 0.0275703 9.99459E-05 9.99459E-05 0.00396502
9.99191E-05 0.109532 9.99191E-05 9.99191E-05 9.99191E-05 0.826866 9.99191E-05 9.99191E-05 9.99191E-05 0.0627031 9.99191E-05 9.99191E-05
9.9928E-05 9.9928E-05 0.33035 0.506721 9.9928E-05 9.9928E-05 9.9928E-05 9.9928E-05 0.106317 0.0558122 9.9928E-05 9.9928E-05
9.991E-05 0.0480077 9.991E-05 9.991E-05 9.991E-05 0.950993 9.991E-05 9.991E-05 9.991E-05 9.991E-05 9.991E-05 9.991E-05
9.9937E-05 9.9937E-05 0.258218 0.175951 9.9937E-05 9.9937E-05 9.9937E-05 0.0429141 0.517975 0.00424183 9.9937E-05 9.9937E-05
9.9946E-05 9.9946E-05 9.9946E-05 0.305496 9.9946E-05 0.441458 0.0121766 9.9946E-05 9.9946E-05 0.193914 0.0112104 0.0351452
9.99099E-05 9.99099E-05 9.99099E-05 0.0863297 9.99099E-05 0.912671 9.99099E-05 9.99099E-05 9.99099E-05 9.99099E-05 9.99099E-05 9.99099E-05
9.99191E-05 9.99191E-05 9.99191E-05 9.99191E-05 9.99191E-05 9.99191E-05 0.0267977 9.99191E-05 9.99191E-05 9.99191E-05 0.931504 0.040799
9.99013E-05 9.99013E-05 9.99013E-05 9.99013E-05 9.99013E-05 9.99013E-05 9.99013E-05 9.99013E-05 9.99013E-05 9.99013E-05 0.998901 9.99013E-05
9.99369E-05 9.99369E-05 0.0405605 0.0838973 9.99369E-05 9.99369E-05 9.99369E-05 0.794766 0.06495 0.0151262 9.99369E-05 9.99369E-05
0.0144584 9.9928E-05 9.9928E-05 9.9928E-05 9.9928E-05 9.9928E-05 0.0973984 9.9928E-05 9.9928E-05 9.9928E-05 0.83431 0.0530338
9.9928E-05 9.9928E-05 0.0189062 9.9928E-05 9.9928E-05 9.9928E-05 0.0533657 9.9928E-05 9.9928E-05 9.9928E-05 0.882738 0.0441905
9.99282E-05 0.0429184 9.99282E-05 9.99282E-05 9.99282E-05 9.99282E-05 0.172159 9.99282E-05 9.99282E-05 9.99282E-05 0.599986 0.184137
0.000522888 9.9946E-05 9.9946E-05 0.0107412 9.9946E-05 9.9946E-05 0.367857 9.9946E-05 9.9946E-05 0.0468311 0.461853 0.111595
0.998901 9.99013E-05 9.99013E-05 9.99013E-05 9.99013E-05 9.99013E-05 9.99013E-05 9.99013E-05 9.99013E-05 9.99013E-05 9.99013E-05 9.99013E-05
9.99101E-05 9.99101E-05 9.99101E-05 9.99101E-05 9.99101E-05 9.99101E-05 0.188283 9.99101E-05 9.99101E-05 9.99101E-05 0.810718 9.99101E-05
0.0287806 9.99191E-05 9.99191E-05 9.99191E-05 9.99191E-05 9.99191E-05 0.310863 9.99191E-05 9.99191E-05 9.99191E-05 9.99191E-05 0.659457
9.99458E-05 9.99458E-05 9.99458E-05 0.101894 9.99458E-05 9.99458E-05 0.045328 0.657247 0.0231269 0.160911 0.010894 9.99458E-05
0.00151006 9.9955E-05 0.00567856 9.9955E-05 0.0362955 9.9955E-05 0.0370509 0.000426367 9.9955E-05 0.00700549 0.911533 9.9955E-05
9.991E-05 9.991E-05 9.991E-05 9.991E-05 9.991E-05 9.991E-05 0.0419187 9.991E-05 0.957082 9.991E-05 9.991E-05 9.991E-05
0.215814 0.00462013 9.99459E-05 0.680746 9.99459E-05 9.99459E-05 0.0225476 9.99459E-05 0.0639947 9.99459E-05 0.0116775 9.99459E-05
9.9964E-05 9.9964E-05 0.01128 0.217046 9.9964E-05 0.0825306 0.0827722 0.142726 0.0529088 0.336128 0.0742098 9.9964E-05
9.99369E-05 0.0111246 0.244509 0.374209 9.99369E-05 9.99369E-05 9.99369E-05 9.99369E-05 0.247038 9.99369E-05 0.12242 9.99369E-05
9.99458E-05 0.0167776 0.217641 0.418828 9.99458E-05 9.99458E-05 9.99458E-05 9.99458E-05 0.262368 0.00670376 0.0770815 9.99458E-05
9.99279E-05 9.99279E-05 0.0118277 0.930208 9.99279E-05 9.99279E-05 9.99279E-05 0.018738 0.0384271 9.99279E-05 9.99279E-05 9.99279E-05
9.9937E-05 9.9937E-05 0.823444 0.0301056 0.10632 0.015388 9.9937E-05 9.9937E-05 0.0240428 9.9937E-05 9.9937E-05 9.9937E-05
9.9919E-05 9.9919E-05 9.9919E-05 0.920929 9.9919E-05 9.9919E-05 9.9919E-05 0.0619943 0.0161775 9.9919E-05 9.9919E-05 9.9919E-05
0.0314615 9.9955E-05 0.0671285 0.474368 9.9955E-05 0.104007 9.9955E-05 0.157024 0.0452095 0.120302 9.9955E-05 9.9955E-05
0.040012 0.0880022 0.112562 0.500291 9.9964E-05 9.9964E-05 9.9964E-05 0.0566203 0.118715 0.0221731 0.0612236 9.9964E-05
9.9964E-05 0.00378766 9.9964E-05 0.304991 0.0333173 9.9964E-05 9.9964E-05 0.221181 0.179228 0.106087 0.109757 0.0412503
9.99106E-05 9.99106E-05 9.99106E-05 9.99106E-05 9.99106E-05 0.00786853 9.99106E-05 9.99106E-05 0.991132 9.99106E-05 9.99106E-05 9.99106E-05
9.9901E-05 9.9901E-05 9.9901E-05 9.9901E-05 9.9901E-05 9.9901E-05 9.9901E-05 9.9901E-05 9.9901E-05 9.9901E-05 9.9901E-05 0.998901
9.99191E-05 0.00923908 0.00103545 9.99191E-05 9.99191E-05 9.99191E-05 9.99191E-05 9.99191E-05 9.99191E-05 9.99191E-05 9.99191E-05 0.988826
9.99102E-05 9.99102E-05 0.00351115 9.99102E-05 9.99102E-05 9.99102E-05 9.99102E-05 9.99102E-05 9.99102E-05 9.99102E-05 9.99102E-05 0.99549
9.99011E-05 9.99011E-05 9.99011E-05 9.99011E-05 9.99011E-05 9.99011E-05 9.99011E-05 9.99011E-05 9.99011E-05 9.99011E-05 9.99011E-05 0.998901
9.99011E-05 9.99011E-05 9.99011E-05 9.99011E-05 9.99011E-05 9.99011E-05 9.99011E-05 9.99011E-05 9.99011E-05 9.99011E-05 9.99011E-05 0.998901
0.163643 9.995E-05 9.995E-05 0.0792293 0.0122753 0.0531169 0.32036 9.995E-05 9.995E-05 9.995E-05 0.0212329 0.349643
0.0419967 9.99191E-05 9.99191E-05 9.99191E-05 9.99191E-05 9.99191E-05 9.99191E-05 9.99191E-05 0.000474833 9.99191E-05 9.99191E-05 0.956629
9.99099E-05 9.99099E-05 0.180857 9.99099E-05 9.99099E-05 9.99099E-05 9.99099E-05 9.99099E-05 0.818144 9.99099E-05 9.99099E-05 9.99099E-05
0.936998 9.99369E-05 9.99369E-05 9.99369E-05 0.0373151 9.99369E-05 0.00195457 9.99369E-05 9.99369E-05 0.00225457 9.99369E-05 0.0207782
9.9901E-05 9.9901E-05 9.9901E-05 9.9901E-05 9.9901E-05 9.9901E-05 9.9901E-05 9.9901E-05 9.9901E-05 9.9901E-05 0.998901 9.9901E-05
9.99281E-05 9.99281E-05 0.0956505 9.99281E-05 9.99281E-05 9.99281E-05 9.99281E-05 0.855839 0.0273428 9.99281E-05 9.99281E-05 0.0203688
9.99192E-05 9.99192E-05 0.917602 9.99192E-05 9.99192E-05 9.99192E-05 9.99192E-05 0.0688886 0.0126101 9.99192E-05 9.99192E-05 9.99192E-05
9.99192E-05 9.99192E-05 9.99192E-05 9.99192E-05 0.0433536 9.99192E-05 0.001827 0.95392 9.99192E-05 9.99192E-05 9.99192E-05 9.99192E-05
9.99189E-05 9.99189E-05 0.00327853 0.0662823 9.99189E-05 9.99189E-05 9.99189E-05 0.92954 9.99189E-05 9.99189E-05 9.99189E-05 9.99189E-05
9.99279E-05 9.99279E-05 9.99279E-05 0.0597211 9.99279E-05 0.000387708 9.99279E-05 0.898143 9.99279E-05 0.0409488 9.99279E-05 9.99279E-05
9.9901E-05 0.998901 9.9901E-05 9.9901E-05 9.9901E-05 9.9901E-05 9.9901E-05 9.9901E-05 9.9901E-05 9.9901E-05 9.9901E-05 9.9901E-05
9.99104E-05 9.99104E-05 0.00612984 9.99104E-05 9.99104E-05 9.99104E-05 9.99104E-05 9.99104E-05 9.99104E-05 9.99104E-05 0.992871 9.99104E-05
9.9973E-05 0.0379683 9.9973E-05 0.105264 0.0198694 0.0211873 9.9973E-05 0.0792199 0.173228 0.104418 0.303139 0.155406
9.99193E-05 9.99193E-05 0.0127568 9.99193E-05 9.99193E-05 9.99193E-05 0.0519392 9.99193E-05 9.99193E-05 9.99193E-05 0.934405 9.99193E-05
9.99281E-05 9.99281E-05 9.99281E-05 9.99281E-05 0.0131525 9.99281E-05 9.99281E-05 9.99281E-05 0.00455042 9.99281E-05 0.952273 0.0292244
0.0264143 9.99369E-05 0.0463474 9.99369E-05 9.99369E-05 9.99369E-05 0.0993201 9.99369E-05 9.99369E-05 9.99369E-05 0.776593 0.0506258
0.00671613 9.9946E-05 0.0284183 9.9946E-05 0.0103098 9.9946E-05 0.0417635 9.9946E-05 9.9946E-05 9.9946E-05 0.881335 0.0308573
9.99282E-05 9.99282E-05 9.99282E-05 0.0739229 9.99282E-05 9.99282E-05 0.0865353 9.99282E-05 0.0137446 9.99282E-05 0.824998 9.99282E-05
9.99189E-05 9.99189E-05 9.99189E-05 9.99189E-05 0.0436657 9.99189E-05 9.99189E-05 9.99189E-05 9.99189E-05 9.99189E-05 0.941987 0.0134481
9.99099E-05 9.99099E-05 9.99099E-05 9.99099E-05 9.99099E-05 9.99099E-05 0.997569 9.99099E-05 9.99099E-05 9.99099E-05 9.99099E-05 0.00143209
9.99189E-05 9.99189E-05 9.99189E-05 9.99189E-05 0.0182594 9.99189E-05 0.966706 0.0141353 9.99189E-05 9.99189E-05 9.99189E-05 9.99189E-05
9.99192E-05 9.99192E-05 0.032901 9.99192E-05 9.99192E-05 9.99192E-05 9.99192E-05 9.99192E-05 9.99192E-05 9.99192E-05 0.937815 0.0283852
9.99189E-05 9.99189E-05 0.97148 9.99189E-05 9.99189E-05 9.99189E-05 0.0217414 9.99189E-05 9.99189E-05 9.99189E-05 9.99189E-05 0.0058794
9.9901E-05 9.9901E-05 0.998901 9.9901E-05 9.9901E-05 9.9901E-05 9.9901E-05 9.9901E-05 9.9901E-05 9.9901E-05 9.9901E-05 9.9901E-05
9.9901E-05 9.9901E-05 9.9901E-05 9.9901E-05 9.9901E-05 9.9901E-05 9.9901E-05 9.9901E-05 9.9901E-05 0.998901 9.9901E-05 9.9901E-05
9.9901E-05 9.9901E-05 9.9901E-05 9.9901E-05 9.9901E-05 9.9901E-05 9.9901E-05 9.9901E-05 9.9901E-05 0.998901 9.9901E-05 9.9901E-05
0.0358177 9.99459E-05 0.0881601 0.818987 9.99459E-05 9.99459E-05 9.99459E-05 0.00749495 0.0357072 9.99459E-05 0.0132333 9.99459E-05
0.058293 0.00126784 0.0630062 0.759199 0.0206002 9.99549E-05 9.99549E-05 0.0468834 0.0502506 9.99549E-05 9.99549E-05 9.99549E-05
9.9919E-05 9.9919E-05 0.00778601 9.9919E-05 9.9919E-05 9.9919E-05 0.0113796 9.9919E-05 9.9919E-05 0.979935 9.9919E-05 9.9919E-05
9.9901E-05 9.9901E-05 9.9901E-05 9.9901E-05 9.9901E-05 9.9901E-05 9.9901E-05 9.9901E-05 9.9901E-05 0.998901 9.9901E-05 9.9901E-05
9.99189E-05 9.99189E-05 9.99189E-05 9.99189E-05 9.99189E-05 9.99189E-05 9.99189E-05 0.0182064 0.969128 9.99189E-05 9.99189E-05 0.0117661
0.00925181 0.0746525 0.477663 0.216366 0.0749475 0.00437486 9.9964E-05 0.126908 0.0154357 9.9964E-05 9.9964E-05 9.9964E-05
0.896333 9.9928E-05 9.9928E-05 9.9928E-05 0.0503048 9.9928E-05 9.9928E-05 0.000702399 9.9928E-05 9.9928E-05 9.9928E-05 0.0518603
9.993E-05 9.993E-05 9.993E-05 0.299526 9.993E-05 0.103584 9.993E-05 0.350161 9.993E-05 0.19452 0.0515102 9.993E-05
9.99371E-05 9.99371E-05 9.99371E-05 9.99371E-05 9.99371E-05 0.123318 9.99371E-05 0.407091 0.189821 0.262128 0.0169419 9.99371E-05
0.00665677 9.99551E-05 9.99551E-05 0.0210064 9.99551E-05 0.0475193 0.410383 9.99551E-05 9.99551E-05 0.00157669 0.355436 0.156922
