9.98739E-05 9.98739E-05 9.98739E-05 0.0491705 9.98739E-05 9.98739E-05 0.949431 9.98739E-05 9.98739E-05 9.98739E-05 9.98739E-05 9.98739E-05 9.98739E-05 9.98739E-05 9.98739E-05 9.98739E-05
9.99098E-05 9.99098E-05 9.99098E-05 9.99098E-05 9.99098E-05 0.0926255 0.0374196 9.99098E-05 9.99098E-05 0.683763 0.174005 9.99098E-05 9.99098E-05 0.00523283 0.00595557 9.99098E-05
9.99108E-05 0.18638 9.99108E-05 9.99108E-05 9.99108E-05 9.99108E-05 9.99108E-05 0.00349405 9.99108E-05 9.99108E-05 0.595994 0.102414 9.99108E-05 9.99108E-05 0.0232736 0.0874446
9.9883E-05 9.9883E-05 9.9883E-05 9.9883E-05 9.9883E-05 9.9883E-05 9.9883E-05 0.0237935 9.9883E-05 9.9883E-05 0.920631 9.9883E-05 9.9883E-05 9.9883E-05 9.9883E-05 0.0542773
9.99371E-05 0.0550627 9.99371E-05 0.0499301 0.025268 0.0255495 0.0296013 9.99371E-05 0.078381 0.0412771 0.39359 9.99371E-05 0.30064 9.99371E-05 9.99371E-05 9.99371E-05
0.0120306 0.0127587 9.9892E-05 9.9892E-05 0.00141389 9.9892E-05 9.9892E-05 9.9892E-05 9.9892E-05 9.9892E-05 0.972598 9.9892E-05 9.9892E-05 9.9892E-05 9.9892E-05 9.9892E-05
9.9865E-05 9.9865E-05 9.9865E-05 9.9865E-05 9.9865E-05 9.9865E-05 9.9865E-05 9.9865E-05 9.9865E-05 9.9865E-05 9.9865E-05 9.9865E-05 0.998502 9.9865E-05 9.9865E-05 9.9865E-05
9.99279E-05 0.631782 9.99279E-05 0.0770233 9.99279E-05 9.99279E-05 9.99279E-05 0.00577852 0.0241529 0.14901 0.0154838 9.99279E-05 0.00730052 9.99279E-05 9.99279E-05 0.0886698
9.9883E-05 9.9883E-05 9.9883E-05 9.9883E-05 9.9883E-05 0.00939101 9.9883E-05 9.9883E-05 9.9883E-05 0.0330434 9.9883E-05 9.9883E-05 0.956267 9.9883E-05 9.9883E-05 9.9883E-05
9.98741E-05 9.98741E-05 9.98741E-05 0.858775 9.98741E-05 9.98741E-05 9.98741E-05 9.98741E-05 9.98741E-05 9.98741E-05 9.98741E-05 9.98741E-05 0.139827 9.98741E-05 9.98741E-05 9.98741E-05
9.98741E-05 9.98741E-05 9.98741E-05 0.883376 9.98741E-05 9.98741E-05 9.98741E-05 9.98741E-05 9.98741E-05 9.98741E-05 9.98741E-05 9.98741E-05 0.115226 9.98741E-05 9.98741E-05 9.98741E-05
9.9901E-05 9.9901E-05 9.9901E-05 9.9901E-05 0.0847159 9.9901E-05 0.621112 0.103041 9.9901E-05 9.9901E-05 9.9901E-05 0.163741 9.9901E-05 9.9901E-05 9.9901E-05 0.0262912
9.99013E-05 0.0078391 9.99013E-05 9.99013E-05 0.0017161 9.99013E-05 9.99013E-05 9.99013E-05 9.99013E-05 9.99013E-05 9.99013E-05 0.929427 0.0370709 9.99013E-05 9.99013E-05 0.0228478
0.0103606 9.9919E-05 9.9919E-05 9.9919E-05 0.00945161 9.9919E-05 0.000440211 9.9919E-05 9.9919E-05 0.00146499 0.971154 0.00122954 9.9919E-05 9.9919E-05 0.00499972 9.9919E-05
9.9883E-05 9.9883E-05 9.9883E-05 9.9883E-05 9.9883E-05 9.9883E-05 0.00332926 9.9883E-05 9.9883E-05 9.9883E-05 0.981989 9.9883E-05 9.9883E-05 9.9883E-05 0.0133833 9.9883E-05
9.9883E-05 9.9883E-05 9.9883E-05 9.9883E-05 0.117709 9.9883E-05 9.9883E-05 9.9883E-05 9.9883E-05 9.9883E-05 9.9883E-05 0.0699842 9.9883E-05 0.811008 9.9883E-05 9.9883E-05
9.9874E-05 9.9874E-05 9.9874E-05 0.0507589 9.9874E-05 0.947843 9.9874E-05 9.9874E-05 9.9874E-05 9.9874E-05 9.9874E-05 9.9874E-05 9.9874E-05 9.9874E-05 9.9874E-05 9.9874E-05
9.9865E-05 9.9865E-05 9.9865E-05 9.9865E-05 9.9865E-05 9.9865E-05 9.9865E-05 9.9865E-05 9.9865E-05 9.9865E-05 9.9865E-05 9.9865E-05 9.9865E-05 9.9865E-05 0.998502 9.9865E-05
0.0792323 9.9892E-05 0.884631 9.9892E-05 9.9892E-05 9.9892E-05 9.9892E-05 0.0155653 9.9892E-05 9.9892E-05 9.9892E-05 0.0193726 9.9892E-05 9.9892E-05 9.9892E-05 9.9892E-05
9.99098E-05 9.99098E-05 9.99098E-05 0.455202 0.144083 0.0177862 0.0520723 0.00648615 9.99098E-05 9.99098E-05 9.99098E-05 9.99098E-05 9.99098E-05 0.323371 9.99098E-05 9.99098E-05
0.113129 9.98832E-05 0.691387 9.98832E-05 9.98832E-05 9.98832E-05 9.98832E-05 9.98832E-05 9.98832E-05 9.98832E-05 9.98832E-05 9.98832E-05 9.98832E-05 9.98832E-05 0.194186 9.98832E-05
9.991E-05 9.991E-05 9.991E-05 0.0774998 0.00726089 0.0693989 0.525026 9.991E-05 9.991E-05 9.991E-05 9.991E-05 0.038952 9.991E-05 0.280863 9.991E-05 9.991E-05
9.991E-05 9.991E-05 0.43675 0.128172 9.991E-05 0.267902 9.991E-05 0.139147 0.0117665 0.0152627 9.991E-05 9.991E-05 9.991E-05 9.991E-05 9.991E-05 9.991E-05
9.98739E-05 9.98739E-05 0.951051 0.0475511 9.98739E-05 9.98739E-05 9.98739E-05 9.98739E-05 9.98739E-05 9.98739E-05 9.98739E-05 9.98739E-05 9.98739E-05 9.98739E-05 9.98739E-05 9.98739E-05
9.98743E-05 9.98743E-05 9.98743E-05 9.98743E-05 9.98743E-05 9.98743E-05 9.98743E-05 9.98743E-05 9.98743E-05 9.98743E-05 0.361252 9.98743E-05 9.98743E-05 9.98743E-05 9.98743E-05 0.63735
9.98741E-05 9.98741E-05 9.98741E-05 9.98741E-05 9.98741E-05 9.98741E-05 9.98741E-05 9.98741E-05 9.98741E-05 9.98741E-05 0.74759 9.98741E-05 9.98741E-05 9.98741E-05 9.98741E-05 0.251011
9.99008E-05 9.99008E-05 9.99008E-05 0.054591 9.99008E-05 0.0489033 0.0853229 0.0288237 9.99008E-05 9.99008E-05 9.99008E-05 0.78126 9.99008E-05 9.99008E-05 9.99008E-05 9.99008E-05
9.98651E-05 9.98651E-05 9.98651E-05 9.98651E-05 9.98651E-05 9.98651E-05 9.98651E-05 9.98651E-05 9.98651E-05 9.98651E-05 9.98651E-05 9.98651E-05 9.98651E-05 9.98651E-05 9.98651E-05 0.998502
9.98651E-05 9.98651E-05 9.98651E-05 9.98651E-05 9.98651E-05 9.98651E-05 9.98651E-05 9.98651E-05 9.98651E-05 9.98651E-05 9.98651E-05 9.98651E-05 9.98651E-05 9.98651E-05 9.98651E-05 0.998502
0.0341383 0.193965 9.99372E-05 9.99372E-05 0.00337578 0.0117515 9.99372E-05 0.0245493 0.167178 9.99372E-05 0.307542 0.00173022 9.99372E-05 9.99372E-05 9.99372E-05 0.25507
9.99189E-05 0.46833 9.99189E-05 9.99189E-05 0.0179554 0.00465827 9.99189E-05 0.0304343 0.0771595 9.99189E-05 0.314159 9.99189E-05 9.99189E-05 9.99189E-05 9.99189E-05 0.0864042
9.98654E-05 9.98654E-05 9.98654E-05 9.98654E-05 9.98654E-05 9.98654E-05 9.98654E-05 9.98654E-05 9.98654E-05 0.998502 9.98654E-05 9.98654E-05 9.98654E-05 9.98654E-05 9.98654E-05 9.98654E-05
9.98831E-05 0.196021 9.98831E-05 9.98831E-05 9.98831E-05 9.98831E-05 9.98831E-05 9.98831E-05 9.98831E-05 9.98831E-05 0.557445 9.98831E-05 9.98831E-05 9.98831E-05 9.98831E-05 0.245236
9.99102E-05 0.26401 9.99102E-05 0.0015711 9.99102E-05 9.99102E-05 0.00725705 9.99102E-05 0.7094 0.0074104 9.99102E-05 9.99102E-05 9.99102E-05 9.99102E-05 9.99102E-05 0.00935264
9.99097E-05 0.0454777 9.99097E-05 9.99097E-05 0.0221901 0.26717 0.058271 0.104357 9.99097E-05 9.99097E-05 9.99097E-05 0.501536 9.99097E-05 9.99097E-05 9.99097E-05 9.99097E-05
9.99008E-05 9.99008E-05 9.99008E-05 9.99008E-05 0.034678 0.0269059 9.99008E-05 9.99008E-05 9.99008E-05 9.99008E-05 0.336713 9.99008E-05 0.000778531 9.99008E-05 9.99008E-05 0.599825
9.98742E-05 9.98742E-05 9.98742E-05 9.98742E-05 9.98742E-05 9.98742E-05 0.989906 9.98742E-05 9.98742E-05 9.98742E-05 0.00869542 9.98742E-05 9.98742E-05 9.98742E-05 9.98742E-05 9.98742E-05
0.0392745 0.0154104 9.99189E-05 0.607549 9.99189E-05 0.0396319 0.0966461 9.99189E-05 9.99189E-05 0.177908 0.0226817 9.99189E-05 9.99189E-05 9.99189E-05 9.99189E-05 9.99189E-05
9.98651E-05 9.98651E-05 9.98651E-05 9.98651E-05 9.98651E-05 0.998502 9.98651E-05 9.98651E-05 9.98651E-05 9.98651E-05 9.98651E-05 9.98651E-05 9.98651E-05 9.98651E-05 9.98651E-05 9.98651E-05
9.99097E-05 9.99097E-05 9.99097E-05 0.232905 9.99097E-05 0.189795 0.212288 9.99097E-05 9.99097E-05 9.99097E-05 0.113676 9.99097E-05 9.99097E-05 0.226716 0.0236214 9.99097E-05
9.99097E-05 9.99097E-05 9.99097E-05 0.247872 9.99097E-05 0.102775 0.263941 9.99097E-05 9.99097E-05 9.99097E-05 0.101359 9.99097E-05 9.99097E-05 0.24038 0.0426739 9.99097E-05
9.9901E-05 9.9901E-05 9.9901E-05 0.920276 0.0095754 0.0223933 0.0342867 9.9901E-05 9.9901E-05 9.9901E-05 9.9901E-05 9.9901E-05 9.9901E-05 0.0123697 9.9901E-05 9.9901E-05
0.00395989 9.9919E-05 0.000774342 0.0193283 9.9919E-05 9.9919E-05 0.0312728 9.9919E-05 9.9919E-05 9.9919E-05 9.9919E-05 0.0320298 0.0526779 0.859058 9.9919E-05 9.9919E-05
9.9883E-05 9.9883E-05 9.9883E-05 0.912862 0.0841486 9.9883E-05 9.9883E-05 9.9883E-05 0.00169123 9.9883E-05 9.9883E-05 9.9883E-05 9.9883E-05 9.9883E-05 9.9883E-05 9.9883E-05
9.99279E-05 9.99279E-05 0.11681 0.360197 0.168312 9.99279E-05 0.0219519 0.0615118 9.99279E-05 0.0646874 9.99279E-05 0.0923704 9.99279E-05 0.11336 9.99279E-05 9.99279E-05
0.079422 9.99189E-05 9.99189E-05 0.43091 0.145417 9.99189E-05 0.0738564 9.99189E-05 9.99189E-05 0.0423991 0.0959649 9.99189E-05 9.99189E-05 0.131132 9.99189E-05 9.99189E-05
0.0139385 9.993E-05 9.993E-05 0.122616 0.356375 0.102737 0.165076 9.993E-05 0.0586197 9.993E-05 0.0679351 0.0334558 0.0785476 9.993E-05 9.993E-05 9.993E-05
9.98749E-05 9.98749E-05 9.98749E-05 9.98749E-05 9.98749E-05 9.98749E-05 0.978976 9.98749E-05 9.98749E-05 9.98749E-05 9.98749E-05 9.98749E-05 9.98749E-05 9.98749E-05 0.019626 9.98749E-05
9.98652E-05 9.98652E-05 9.98652E-05 9.98652E-05 9.98652E-05 9.98652E-05 9.98652E-05 9.98652E-05 0.998502 9.98652E-05 9.98652E-05 9.98652E-05 9.98652E-05 9.98652E-05 9.98652E-05 9.98652E-05
9.98741E-05 9.98741E-05 9.98741E-05 9.98741E-05 9.98741E-05 9.98741E-05 9.98741E-05 9.98741E-05 0.976502 9.98741E-05 9.98741E-05 9.98741E-05 9.98741E-05 9.98741E-05 0.0221 9.98741E-05
9.98832E-05 9.98832E-05 9.98832E-05 9.98832E-05 0.00784958 9.98832E-05 9.98832E-05 9.98832E-05 0.976374 9.98832E-05 9.98832E-05 9.98832E-05 9.98832E-05 0.0144778 9.98832E-05 9.98832E-05
9.98652E-05 9.98652E-05 9.98652E-05 9.98652E-05 9.98652E-05 9.98652E-05 9.98652E-05 9.98652E-05 0.998502 9.98652E-05 9.98652E-05 9.98652E-05 9.98652E-05 9.98652E-05 9.98652E-05 9.98652E-05
9.98651E-05 9.98651E-05 9.98651E-05 9.98651E-05 9.98651E-05 9.98651E-05 9.98651E-05 9.98651E-05 0.998502 9.98651E-05 9.98651E-05 9.98651E-05 9.98651E-05 9.98651E-05 9.98651E-05 9.98651E-05
9.99281E-05 0.384148 0.0260465 0.0296633 9.99281E-05 9.99281E-05 9.99281E-05 9.99281E-05 0.321382 0.0841557 0.0462517 9.99281E-05 0.0274592 0.0800945 9.99281E-05 9.99281E-05
9.98921E-05 9.98921E-05 9.98921E-05 9.98921E-05 0.0130681 9.98921E-05 9.98921E-05 9.98921E-05 0.896987 0.0877779 9.98921E-05 0.000967892 9.98921E-05 9.98921E-05 9.98921E-05 9.98921E-05
9.98828E-05 9.98828E-05 9.98828E-05 9.98828E-05 0.0410366 9.98828E-05 0.76589 9.98828E-05 9.98828E-05 9.98828E-05 9.98828E-05 9.98828E-05 9.98828E-05 0.191775 9.98828E-05 9.98828E-05
9.98919E-05 9.98919E-05 9.98919E-05 9.98919E-05 9.98919E-05 9.98919E-05 9.98919E-05 9.98919E-05 0.0221295 0.889071 9.98919E-05 9.98919E-05 0.0390676 9.98919E-05 9.98919E-05 0.0485336
9.98829E-05 9.98829E-05 9.98829E-05 9.98829E-05 9.98829E-05 0.00713294 9.98829E-05 9.98829E-05 9.98829E-05 9.98829E-05 0.558694 9.98829E-05 9.98829E-05 9.98829E-05 9.98829E-05 0.432874
9.99011E-05 9.99011E-05 9.99011E-05 9.99011E-05 9.99011E-05 9.99011E-05 0.0189763 0.0120093 0.010689 9.99011E-05 9.99011E-05 0.869079 9.99011E-05 0.0881477 9.99011E-05 9.99011E-05
9.98743E-05 9.98743E-05 9.98743E-05 9.98743E-05 0.0777123 9.98743E-05 9.98743E-05 9.98743E-05 9.98743E-05 9.98743E-05 9.98743E-05 9.98743E-05 9.98743E-05 0.920889 9.98743E-05 9.98743E-05
9.98745E-05 9.98745E-05 9.98745E-05 9.98745E-05 9.98745E-05 9.98745E-05 9.98745E-05 9.98745E-05 9.98745E-05 9.98745E-05 9.98745E-05 0.976919 0.0216823 9.98745E-05 9.98745E-05 9.98745E-05
9.9874E-05 9.9874E-05 9.9874E-05 0.103689 9.9874E-05 9.9874E-05 9.9874E-05 9.9874E-05 9.9874E-05 9.9874E-05 9.9874E-05 0.894913 9.9874E-05 9.9874E-05 9.9874E-05 9.9874E-05
9.99008E-05 9.99008E-05 9.99008E-05 0.0414614 0.0470783 9.99008E-05 9.99008E-05 0.0364275 9.99008E-05 9.99008E-05 9.99008E-05 0.842131 9.99008E-05 9.99008E-05 0.0318024 9.99008E-05
0.998502 9.98651E-05 9.98651E-05 9.98651E-05 9.98651E-05 9.98651E-05 9.98651E-05 9.98651E-05 9.98651E-05 9.98651E-05 9.98651E-05 9.98651E-05 9.98651E-05 9.98651E-05 9.98651E-05 9.98651E-05
9.98745E-05 9.98745E-05 9.98745E-05 9.98745E-05 9.98745E-05 9.98745E-05 9.98745E-05 9.98745E-05 9.98745E-05 9.98745E-05 0.329785 9.98745E-05 9.98745E-05 9.98745E-05 9.98745E-05 0.668817
9.99462E-05 9.99462E-05 0.0264495 0.177366 0.270578 9.99462E-05 0.0144702 0.0256862 0.0645784 0.00150238 0.0573741 0.0451623 9.99462E-05 9.99462E-05 9.99462E-05 0.316233
9.99013E-05 0.00285612 9.99013E-05 9.99013E-05 9.99013E-05 9.99013E-05 9.99013E-05 9.99013E-05 9.99013E-05 9.99013E-05 0.877046 9.99013E-05 0.00760112 0.0223323 9.99013E-05 0.0890654
9.9901E-05 9.9901E-05 9.9901E-05 9.9901E-05 9.9901E-05 0.00660078 0.00757022 9.9901E-05 9.9901E-05 9.9901E-05 0.688679 9.9901E-05 0.0534849 9.9901E-05 9.9901E-05 0.242567
9.98741E-05 9.98741E-05 9.98741E-05 9.98741E-05 9.98741E-05 9.98741E-05 9.98741E-05 9.98741E-05 9.98741E-05 9.98741E-05 9.98741E-05 9.98741E-05 9.98741E-05 0.00917126 9.98741E-05 0.989431
9.98652E-05 9.98652E-05 9.98652E-05 9.98652E-05 9.98652E-05 9.98652E-05 9.98652E-05 9.98652E-05 9.98652E-05 9.98652E-05 9.98652E-05 9.98652E-05 9.98652E-05 9.98652E-05 9.98652E-05 0.998502
9.99281E-05 0.105296 9.99281E-05 0.0106626 9.99281E-05 9.99281E-05 0.0265903 0.0113592 9.99281E-05 0.0163008 0.651424 9.99281E-05 0.0143995 9.99281E-05 9.99281E-05 0.163168
9.99099E-05 0.0189476 9.99099E-05 9.99099E-05 0.00081563 0.0210587 9.99099E-05 9.99099E-05 0.00219312 9.99099E-05 0.574079 9.99099E-05 9.99099E-05 9.99099E-05 9.99099E-05 0.381906
9.98649E-05 0.998502 9.98649E-05 9.98649E-05 9.98649E-05 9.98649E-05 9.98649E-05 9.98649E-05 9.98649E-05 9.98649E-05 9.98649E-05 9.98649E-05 9.98649E-05 9.98649E-05 9.98649E-05 9.98649E-05
9.9874E-05 0.944997 9.9874E-05 9.9874E-05 9.9874E-05 9.9874E-05 9.9874E-05 9.9874E-05 9.9874E-05 9.9874E-05 9.9874E-05 0.0536049 9.9874E-05 9.9874E-05 9.9874E-05 9.9874E-05
9.98921E-05 9.98921E-05 9.98921E-05 9.98921E-05 9.98921E-05 9.98921E-05 9.98921E-05 9.98921E-05 0.0329458 9.98921E-05 0.838674 9.98921E-05 9.98921E-05 0.0218799 9.98921E-05 0.105302
9.99009E-05 0.0392292 9.99009E-05 9.99009E-05 9.99009E-05 0.0193407 9.99009E-05 0.00102001 9.99009E-05 0.005479 9.99009E-05 9.99009E-05 9.99009E-05 0.933832 9.99009E-05 9.99009E-05
9.98741E-05 9.98741E-05 9.98741E-05 9.98741E-05 9.98741E-05 9.98741E-05 9.98741E-05 9.98741E-05 0.0261402 9.98741E-05 9.98741E-05 9.98741E-05 9.98741E-05 0.972462 9.98741E-05 9.98741E-05
9.98742E-05 9.98742E-05 9.98742E-05 9.98742E-05 9.98742E-05 9.98742E-05 0.0136111 0.984991 9.98742E-05 9.98742E-05 9.98742E-05 9.98742E-05 9.98742E-05 9.98742E-05 9.98742E-05 9.98742E-05
9.98653E-05 9.98653E-05 9.98653E-05 9.98653E-05 9.98653E-05 9.98653E-05 9.98653E-05 0.998502 9.98653E-05 9.98653E-05 9.98653E-05 9.98653E-05 9.98653E-05 9.98653E-05 9.98653E-05 9.98653E-05
9.9919E-05 9.9919E-05 9.9919E-05 0.850552 9.9919E-05 9.9919E-05 0.00131062 9.9919E-05 9.9919E-05 0.043959 9.9919E-05 0.0168405 9.9919E-05 0.0477939 0.0029395 0.0357053
9.99001E-05 9.99001E-05 9.99001E-05 0.774419 9.99001E-05 9.99001E-05 0.00358696 9.99001E-05 9.99001E-05 0.022238 9.99001E-05 0.0782436 9.99001E-05 0.105926 9.99001E-05 0.0145875
9.98832E-05 9.98832E-05 9.98832E-05 9.98832E-05 9.98832E-05 0.0109452 9.98832E-05 0.973329 9.98832E-05 9.98832E-05 9.98832E-05 9.98832E-05 0.0144273 9.98832E-05 9.98832E-05 9.98832E-05
9.98653E-05 9.98653E-05 9.98653E-05 9.98653E-05 9.98653E-05 9.98653E-05 9.98653E-05 0.998502 9.98653E-05 9.98653E-05 9.98653E-05 9.98653E-05 9.98653E-05 9.98653E-05 9.98653E-05 9.98653E-05
9.99009E-05 9.99009E-05 9.99009E-05 9.99009E-05 9.99009E-05 9.99009E-05 0.955675 9.99009E-05 0.00454689 9.99009E-05 9.99009E-05 0.011933 0.0205553 0.00619099 9.99009E-05 9.99009E-05
0.0176069 9.9946E-05 0.0405502 0.157205 0.0213695 9.9946E-05 0.0125676 9.9946E-05 9.9946E-05 0.0329296 9.9946E-05 0.141378 0.0916048 0.465016 0.0191729 9.9946E-05
9.9883E-05 9.9883E-05 9.9883E-05 9.9883E-05 9.9883E-05 9.9883E-05 9.9883E-05 9.9883E-05 0.0399529 0.912493 9.9883E-05 9.9883E-05 0.0462558 9.9883E-05 9.9883E-05 9.9883E-05
9.9865E-05 9.9865E-05 9.9865E-05 9.9865E-05 0.998502 9.9865E-05 9.9865E-05 9.9865E-05 9.9865E-05 9.9865E-05 9.9865E-05 9.9865E-05 9.9865E-05 9.9865E-05 9.9865E-05 9.9865E-05
9.98921E-05 9.98921E-05 9.98921E-05 9.98921E-05 0.9298 0.00943744 0.0438647 9.98921E-05 9.98921E-05 9.98921E-05 9.98921E-05 9.98921E-05 9.98921E-05 0.0156987 9.98921E-05 9.98921E-05
9.99191E-05 0.576751 0.0133278 9.99191E-05 9.99191E-05 9.99191E-05 9.99191E-05 0.00788883 0.0575603 0.0195446 0.0894507 9.99191E-05 9.99191E-05 9.99191E-05 9.99191E-05 0.234578
