9.98919E-05 9.98919E-05 9.98919E-05 9.98919E-05 9.98919E-05 9.98919E-05 9.98919E-05 9.98919E-05 0.083412 9.98919E-05 0.000651517 9.98919E-05 0.914219 0.000518887 9.98919E-05 9.98919E-05
0.171585 9.99007E-05 9.99007E-05 9.99007E-05 9.99007E-05 9.99007E-05 9.99007E-05 9.99007E-05 9.99007E-05 9.99007E-05 0.0855667 0.628421 0.101084 9.99007E-05 0.0122443 9.99007E-05
9.98651E-05 9.98651E-05 9.98651E-05 9.98651E-05 9.98651E-05 9.98651E-05 0.998502 9.98651E-05 9.98651E-05 9.98651E-05 9.98651E-05 9.98651E-05 9.98651E-05 9.98651E-05 9.98651E-05 9.98651E-05
0.85663 0.0116524 9.99011E-05 9.99011E-05 9.99011E-05 0.100738 0.0191277 9.99011E-05 9.99011E-05 9.99011E-05 9.99011E-05 9.99011E-05 9.99011E-05 0.010753 9.99011E-05 9.99011E-05
0.351812 0.0273583 9.99192E-05 9.99192E-05 0.0746461 9.99192E-05 0.00252454 9.99192E-05 0.0879042 0.125378 9.99192E-05 0.329478 9.99192E-05 9.99192E-05 9.99192E-05 9.99192E-05
0.98535 9.9892E-05 9.9892E-05 9.9892E-05 0.00495728 9.9892E-05 0.00176152 9.9892E-05 9.9892E-05 9.9892E-05 9.9892E-05 9.9892E-05 9.9892E-05 9.9892E-05 9.9892E-05 0.00673203
9.98923E-05 9.98923E-05 0.306364 9.98923E-05 9.98923E-05 9.98923E-05 9.98923E-05 9.98923E-05 9.98923E-05 0.017156 9.98923E-05 0.673925 9.98923E-05 9.98923E-05 0.00135604 9.98923E-05
0.0758688 0.0975828 9.99189E-05 9.99189E-05 9.99189E-05 9.99189E-05 0.00742063 9.99189E-05 0.0869604 0.620096 9.99189E-05 0.0887186 9.99189E-05 0.0224534 9.99189E-05 9.99189E-05
9.98921E-05 9.98921E-05 0.170173 9.98921E-05 9.98921E-05 9.98921E-05 9.98921E-05 9.98921E-05 0.00904698 9.98921E-05 9.98921E-05 0.745272 9.98921E-05 9.98921E-05 0.0743083 9.98921E-05
9.98653E-05 9.98653E-05 9.98653E-05 9.98653E-05 9.98653E-05 9.98653E-05 9.98653E-05 9.98653E-05 0.998502 9.98653E-05 9.98653E-05 9.98653E-05 9.98653E-05 9.98653E-05 9.98653E-05 9.98653E-05
9.98654E-05 9.98654E-05 9.98654E-05 9.98654E-05 9.98654E-05 9.98654E-05 9.98654E-05 9.98654E-05 0.998502 9.98654E-05 9.98654E-05 9.98654E-05 9.98654E-05 9.98654E-05 9.98654E-05 9.98654E-05
0.0174214 9.991E-05 0.131326 9.991E-05 0.0243018 0.00935813 9.991E-05 9.991E-05 9.991E-05 9.991E-05 9.991E-05 9.991E-05 0.688572 0.128021 9.991E-05 9.991E-05
9.98922E-05 9.98922E-05 0.929091 9.98922E-05 0.0389628 0.00517063 9.98922E-05 9.98922E-05 9.98922E-05 0.0255773 9.98922E-05 9.98922E-05 9.98922E-05 9.98922E-05 9.98922E-05 9.98922E-05
0.95458 9.9901E-05 0.00398868 9.9901E-05 0.00496628 9.9901E-05 9.9901E-05 0.0245447 9.9901E-05 9.9901E-05 9.9901E-05 0.0108213 9.9901E-05 9.9901E-05 9.9901E-05 9.9901E-05
0.983214 9.98742E-05 9.98742E-05 9.98742E-05 9.98742E-05 9.98742E-05 9.98742E-05 9.98742E-05 9.98742E-05 9.98742E-05 9.98742E-05 9.98742E-05 0.0153873 9.98742E-05 9.98742E-05 9.98742E-05
9.9892E-05 9.9892E-05 0.119725 0.00455516 0.123463 9.9892E-05 9.9892E-05 9.9892E-05 9.9892E-05 9.9892E-05 9.9892E-05 9.9892E-05 9.9892E-05 9.9892E-05 0.751058 9.9892E-05
9.9874E-05 9.9874E-05 9.9874E-05 9.9874E-05 9.9874E-05 9.9874E-05 9.9874E-05 9.9874E-05 0.0473446 9.9874E-05 0.951257 9.9874E-05 9.9874E-05 9.9874E-05 9.9874E-05 9.9874E-05
9.99189E-05 0.0425718 9.99189E-05 9.99189E-05 9.99189E-05 9.99189E-05 0.00105768 0.713707 0.128442 9.99189E-05 9.99189E-05 0.000559295 0.0271107 9.99189E-05 0.0856527 9.99189E-05
9.98922E-05 9.98922E-05 0.0336826 9.98922E-05 9.98922E-05 9.98922E-05 9.98922E-05 0.84016 9.98922E-05 9.98922E-05 9.98922E-05 9.98922E-05 9.98922E-05 0.0201139 9.98922E-05 0.104845
9.99098E-05 9.99098E-05 9.99098E-05 9.99098E-05 0.156968 9.99098E-05 9.99098E-05 9.99098E-05 0.41041 9.99098E-05 0.0500771 9.99098E-05 0.0600565 0.0011974 0.320292 9.99098E-05
9.98741E-05 9.98741E-05 9.98741E-05 9.98741E-05 9.98741E-05 9.98741E-05 9.98741E-05 0.975902 9.98741E-05 9.98741E-05 9.98741E-05 9.98741E-05 9.98741E-05 9.98741E-05 9.98741E-05 0.0226996
9.99098E-05 9.99098E-05 0.0115652 0.17608 9.99098E-05 9.99098E-05 9.99098E-05 9.99098E-05 0.0265899 9.99098E-05 9.99098E-05 9.99098E-05 0.480948 9.99098E-05 0.303556 0.000261897
9.99011E-05 9.99011E-05 9.99011E-05 9.99011E-05 0.0151927 9.99011E-05 9.99011E-05 0.414232 0.149588 9.99011E-05 0.270026 9.99011E-05 9.99011E-05 0.149862 9.99011E-05 9.99011E-05
9.98739E-05 9.98739E-05 9.98739E-05 9.98739E-05 0.110334 9.98739E-05 9.98739E-05 0.888268 9.98739E-05 9.98739E-05 9.98739E-05 9.98739E-05 9.98739E-05 9.98739E-05 9.98739E-05 9.98739E-05
0.389356 9.98832E-05 9.98832E-05 9.98832E-05 9.98832E-05 0.578438 0.0309077 9.98832E-05 9.98832E-05 9.98832E-05 9.98832E-05 9.98832E-05 9.98832E-05 9.98832E-05 9.98832E-05 9.98832E-05
0.847812 9.98742E-05 9.98742E-05 9.98742E-05 9.98742E-05 0.15079 9.98742E-05 9.98742E-05 9.98742E-05 9.98742E-05 9.98742E-05 9.98742E-05 9.98742E-05 9.98742E-05 9.98742E-05 9.98742E-05
9.99008E-05 9.99008E-05 0.754334 9.99008E-05 9.99008E-05 9.99008E-05 9.99008E-05 9.99008E-05 0.0680905 9.99008E-05 0.0692877 9.99008E-05 0.0749494 0.0322398 9.99008E-05 9.99008E-05
9.98741E-05 9.98741E-05 0.00283223 9.98741E-05 9.98741E-05 0.99577 9.98741E-05 9.98741E-05 9.98741E-05 9.98741E-05 9.98741E-05 9.98741E-05 9.98741E-05 9.98741E-05 9.98741E-05 9.98741E-05
9.98651E-05 9.98651E-05 9.98651E-05 9.98651E-05 9.98651E-05 0.998502 9.98651E-05 9.98651E-05 9.98651E-05 9.98651E-05 9.98651E-05 9.98651E-05 9.98651E-05 9.98651E-05 9.98651E-05 9.98651E-05
0.361375 0.128385 9.99192E-05 0.149043 9.99192E-05 0.184107 9.99192E-05 0.00320704 9.99192E-05 0.166176 9.99192E-05 9.99192E-05 9.99192E-05 9.99192E-05 9.99192E-05 0.00680813
0.386195 0.0822395 9.99189E-05 0.0267886 9.99189E-05 0.0013355 9.99189E-05 9.99189E-05 9.99189E-05 0.466435 0.00806841 9.99189E-05 9.99189E-05 0.028039 9.99189E-05 9.99189E-05
9.98744E-05 0.0131767 9.98744E-05 9.98744E-05 9.98744E-05 9.98744E-05 9.98744E-05 9.98744E-05 9.98744E-05 9.98744E-05 9.98744E-05 0.985425 9.98744E-05 9.98744E-05 9.98744E-05 9.98744E-05
0.57555 9.98801E-05 9.98801E-05 9.98801E-05 9.98801E-05 0.23605 9.98801E-05 9.98801E-05 9.98801E-05 0.171813 9.98801E-05 9.98801E-05 9.98801E-05 9.98801E-05 0.0153893 9.98801E-05
9.99012E-05 0.666339 9.99012E-05 0.0163722 9.99012E-05 9.99012E-05 0.0360771 9.99012E-05 9.99012E-05 0.265166 9.99012E-05 0.0149464 9.99012E-05 9.99012E-05 9.99012E-05 9.99012E-05
9.99187E-05 9.99187E-05 0.408204 0.254579 0.00409504 0.0206292 9.99187E-05 9.99187E-05 9.99187E-05 0.00444765 0.193243 9.99187E-05 9.99187E-05 0.113902 9.99187E-05 9.99187E-05
0.361453 9.98829E-05 9.98829E-05 9.98829E-05 9.98829E-05 0.600981 9.98829E-05 9.98829E-05 9.98829E-05 9.98829E-05 0.036268 9.98829E-05 9.98829E-05 9.98829E-05 9.98829E-05 9.98829E-05
9.98831E-05 9.98831E-05 9.98831E-05 0.0549628 9.98831E-05 9.98831E-05 9.98831E-05 9.98831E-05 9.98831E-05 0.00989424 9.98831E-05 9.98831E-05 0.933844 9.98831E-05 9.98831E-05 9.98831E-05
0.0060059 9.99279E-05 9.99279E-05 9.99279E-05 9.99279E-05 0.00422852 0.01378 9.99279E-05 0.626298 9.99279E-05 0.0633895 0.147688 0.0979825 9.99279E-05 9.99279E-05 0.0398279
9.9874E-05 9.9874E-05 9.9874E-05 9.9874E-05 9.9874E-05 9.9874E-05 9.9874E-05 9.9874E-05 9.9874E-05 0.00886102 0.989741 9.9874E-05 9.9874E-05 9.9874E-05 9.9874E-05 9.9874E-05
0.112525 9.99188E-05 9.99188E-05 9.99188E-05 0.0113689 9.99188E-05 9.99188E-05 9.99188E-05 0.200077 9.99188E-05 0.076591 9.99188E-05 0.204615 9.99188E-05 0.370745 0.023179
0.0650635 9.99188E-05 9.99188E-05 0.0415293 9.99188E-05 9.99188E-05 9.99188E-05 9.99188E-05 0.220419 9.99188E-05 0.0651028 9.99188E-05 0.232383 9.99188E-05 0.349787 0.0248163
9.99189E-05 9.99189E-05 0.0010615 0.0806994 0.0241153 9.99189E-05 9.99189E-05 0.00674646 0.813046 9.99189E-05 9.99189E-05 9.99189E-05 0.0561609 9.99189E-05 0.0172708 9.99189E-05
9.98921E-05 9.98921E-05 0.0799129 9.98921E-05 9.98921E-05 9.98921E-05 9.98921E-05 9.98921E-05 0.00489492 9.98921E-05 9.98921E-05 0.0121896 9.98921E-05 9.98921E-05 0.901804 9.98921E-05
9.98828E-05 9.98828E-05 9.98828E-05 0.0388881 0.121925 9.98828E-05 9.98828E-05 9.98828E-05 0.837888 9.98828E-05 9.98828E-05 9.98828E-05 9.98828E-05 9.98828E-05 9.98828E-05 9.98828E-05
9.99189E-05 9.99189E-05 0.0698934 9.99189E-05 0.26629 9.99189E-05 9.99189E-05 0.103501 0.366182 9.99189E-05 9.99189E-05 0.036007 9.99189E-05 0.0364414 0.120786 9.99189E-05
0.0675472 9.99279E-05 9.99279E-05 0.140639 0.124847 9.99279E-05 9.99279E-05 9.99279E-05 0.377893 0.00529554 9.99279E-05 9.99279E-05 0.0142222 9.99279E-05 0.17887 0.0898862
9.98649E-05 9.98649E-05 9.98649E-05 0.998502 9.98649E-05 9.98649E-05 9.98649E-05 9.98649E-05 9.98649E-05 9.98649E-05 9.98649E-05 9.98649E-05 9.98649E-05 9.98649E-05 9.98649E-05 9.98649E-05
9.98749E-05 9.98749E-05 9.98749E-05 9.98749E-05 9.98749E-05 9.98749E-05 9.98749E-05 0.0137205 9.98749E-05 9.98749E-05 9.98749E-05 9.98749E-05 0.984881 9.98749E-05 9.98749E-05 9.98749E-05
9.98652E-05 0.998502 9.98652E-05 9.98652E-05 9.98652E-05 9.98652E-05 9.98652E-05 9.98652E-05 9.98652E-05 9.98652E-05 9.98652E-05 9.98652E-05 9.98652E-05 9.98652E-05 9.98652E-05 9.98652E-05
9.98742E-05 0.993817 9.98742E-05 9.98742E-05 0.00478519 9.98742E-05 9.98742E-05 9.98742E-05 9.98742E-05 9.98742E-05 9.98742E-05 9.98742E-05 9.98742E-05 9.98742E-05 9.98742E-05 9.98742E-05
9.98653E-05 0.998502 9.98653E-05 9.98653E-05 9.98653E-05 9.98653E-05 9.98653E-05 9.98653E-05 9.98653E-05 9.98653E-05 9.98653E-05 9.98653E-05 9.98653E-05 9.98653E-05 9.98653E-05 9.98653E-05
9.98743E-05 0.996451 9.98743E-05 9.98743E-05 9.98743E-05 9.98743E-05 9.98743E-05 9.98743E-05 9.98743E-05 9.98743E-05 9.98743E-05 9.98743E-05 9.98743E-05 9.98743E-05 9.98743E-05 0.00215104
9.98652E-05 0.998502 9.98652E-05 9.98652E-05 9.98652E-05 9.98652E-05 9.98652E-05 9.98652E-05 9.98652E-05 9.98652E-05 9.98652E-05 9.98652E-05 9.98652E-05 9.98652E-05 9.98652E-05 9.98652E-05
9.99371E-05 0.334465 9.99371E-05 0.019028 9.99371E-05 0.0781328 0.0992609 0.0340305 0.0392632 0.295967 9.99371E-05 0.0750877 9.99371E-05 9.99371E-05 0.0240658 9.99371E-05
9.98832E-05 0.963226 9.98832E-05 9.98832E-05 9.98832E-05 9.98832E-05 9.98832E-05 9.98832E-05 9.98832E-05 9.98832E-05 9.98832E-05 0.0287078 9.98832E-05 9.98832E-05 0.00676729 9.98832E-05
9.98828E-05 9.98828E-05 9.98828E-05 9.98828E-05 0.0687126 9.98828E-05 9.98828E-05 9.98828E-05 9.98828E-05 9.98828E-05 9.98828E-05 9.98828E-05 0.787361 9.98828E-05 0.142628 9.98828E-05
9.99007E-05 0.05577 9.99007E-05 9.99007E-05 9.99007E-05 0.0319717 9.99007E-05 9.99007E-05 9.99007E-05 9.99007E-05 9.99007E-05 0.847477 0.0508143 0.0128682 9.99007E-05 9.99007E-05
0.595736 9.98829E-05 9.98829E-05 9.98829E-05 9.98829E-05 0.397184 9.98829E-05 9.98829E-05 9.98829E-05 9.98829E-05 0.00578183 9.98829E-05 9.98829E-05 9.98829E-05 9.98829E-05 9.98829E-05
9.9892E-05 9.9892E-05 0.818496 9.9892E-05 9.9892E-05 9.9892E-05 9.9892E-05 9.9892E-05 9.9892E-05 9.9892E-05 9.9892E-05 9.9892E-05 0.0520203 0.0599174 0.0683675 9.9892E-05
9.98831E-05 9.98831E-05 0.0286334 9.98831E-05 0.121847 9.98831E-05 9.98831E-05 9.98831E-05 9.98831E-05 9.98831E-05 9.98831E-05 9.98831E-05 9.98831E-05 9.98831E-05 0.848221 9.98831E-05
9.98744E-05 9.98744E-05 0.976893 9.98744E-05 9.98744E-05 9.98744E-05 0.0217084 9.98744E-05 9.98744E-05 9.98744E-05 9.98744E-05 9.98744E-05 9.98744E-05 9.98744E-05 9.98744E-05 9.98744E-05
0.00145971 9.99099E-05 0.851514 0.0134897 9.99099E-05 9.99099E-05 0.000981643 9.99099E-05 0.12454 9.99099E-05 9.99099E-05 9.99099E-05 0.00701583 9.99099E-05 9.99099E-05 9.99099E-05
9.99188E-05 9.99188E-05 0.775025 0.071541 0.0100182 9.99188E-05 9.99188E-05 0.00101281 0.0741117 9.99188E-05 0.00719267 9.99188E-05 9.99188E-05 0.0601992 9.99188E-05 9.99188E-05
9.98651E-05 9.98651E-05 9.98651E-05 9.98651E-05 9.98651E-05 9.98651E-05 9.98651E-05 9.98651E-05 9.98651E-05 9.98651E-05 9.98651E-05 9.98651E-05 9.98651E-05 9.98651E-05 9.98651E-05 0.998502
0.307634 9.98834E-05 9.98834E-05 9.98834E-05 9.98834E-05 0.666525 0.0245434 9.98834E-05 9.98834E-05 9.98834E-05 9.98834E-05 9.98834E-05 9.98834E-05 9.98834E-05 9.98834E-05 9.98834E-05
0.0215259 0.0578388 0.0444129 9.9964E-05 0.172893 0.198873 0.0567526 9.9964E-05 9.9964E-05 0.0196491 9.9964E-05 0.0623539 0.0620813 0.0928399 0.157164 0.0532151
0.804225 9.99102E-05 0.00106041 9.99102E-05 9.99102E-05 0.0540996 0.106283 9.99102E-05 9.99102E-05 0.0241571 9.99102E-05 9.99102E-05 9.99102E-05 9.99102E-05 0.0091753 9.99102E-05
0.787854 0.0159653 9.991E-05 9.991E-05 9.991E-05 0.164598 9.991E-05 9.991E-05 9.991E-05 9.991E-05 0.0259182 0.0018446 0.00282053 9.991E-05 9.991E-05 9.991E-05
9.98831E-05 9.98831E-05 9.98831E-05 9.98831E-05 9.98831E-05 0.978474 9.98831E-05 9.98831E-05 9.98831E-05 0.0140997 9.98831E-05 9.98831E-05 9.98831E-05 9.98831E-05 0.00612823 9.98831E-05
9.98653E-05 9.98653E-05 9.98653E-05 9.98653E-05 9.98653E-05 0.998502 9.98653E-05 9.98653E-05 9.98653E-05 9.98653E-05 9.98653E-05 9.98653E-05 9.98653E-05 9.98653E-05 9.98653E-05 9.98653E-05
0.785404 9.99192E-05 9.99192E-05 0.0384349 9.99192E-05 0.0680575 9.99192E-05 9.99192E-05 9.99192E-05 0.0851728 9.99192E-05 0.0108157 0.00224054 0.00897542 9.99192E-05 9.99192E-05
0.537214 9.9883E-05 9.9883E-05 9.9883E-05 9.9883E-05 0.440427 9.9883E-05 9.9883E-05 9.9883E-05 9.9883E-05 0.02106 9.9883E-05 9.9883E-05 9.9883E-05 9.9883E-05 9.9883E-05
9.98649E-05 9.98649E-05 9.98649E-05 9.98649E-05 9.98649E-05 9.98649E-05 9.98649E-05 9.98649E-05 9.98649E-05 0.998502 9.98649E-05 9.98649E-05 9.98649E-05 9.98649E-05 9.98649E-05 9.98649E-05
9.9874E-05 9.9874E-05 0.043225 9.9874E-05 9.9874E-05 9.9874E-05 9.9874E-05 9.9874E-05 9.9874E-05 0.955377 9.9874E-05 9.9874E-05 9.9874E-05 9.9874E-05 9.9874E-05 9.9874E-05
0.797368 0.021215 9.99011E-05 9.99011E-05 9.99011E-05 0.154361 0.0101747 9.99011E-05 9.99011E-05 9.99011E-05 9.99011E-05 9.99011E-05 9.99011E-05 9.99011E-05 0.0157822 9.99011E-05
9.9883E-05 9.9883E-05 9.9883E-05 9.9883E-05 9.9883E-05 9.9883E-05 9.9883E-05 9.9883E-05 9.9883E-05 0.011719 0.00174656 9.9883E-05 9.9883E-05 9.9883E-05 0.985236 9.9883E-05
9.9883E-05 0.00714417 9.9883E-05 9.9883E-05 9.9883E-05 9.9883E-05 9.9883E-05 9.9883E-05 9.9883E-05 0.000211395 9.9883E-05 9.9883E-05 9.9883E-05 9.9883E-05 0.991346 9.9883E-05
9.98743E-05 9.98743E-05 9.98743E-05 0.00658014 9.98743E-05 9.98743E-05 9.98743E-05 9.98743E-05 9.98743E-05 9.98743E-05 9.98743E-05 9.98743E-05 9.98743E-05 0.992022 9.98743E-05 9.98743E-05
9.98652E-05 9.98652E-05 9.98652E-05 9.98652E-05 9.98652E-05 9.98652E-05 9.98652E-05 9.98652E-05 9.98652E-05 9.98652E-05 9.98652E-05 9.98652E-05 9.98652E-05 0.998502 9.98652E-05 9.98652E-05
9.99009E-05 9.99009E-05 0.00744151 9.99009E-05 9.99009E-05 0.0295573 9.99009E-05 9.99009E-05 0.850587 9.99009E-05 9.99009E-05 9.99009E-05 0.0192185 9.99009E-05 0.0920971 9.99009E-05
9.99009E-05 9.99009E-05 0.0910392 9.99009E-05 9.99009E-05 0.036371 9.99009E-05 9.99009E-05 0.755588 9.99009E-05 9.99009E-05 0.0157823 9.99009E-05 9.99009E-05 0.10012 9.99009E-05
9.98922E-05 0.0135096 9.98922E-05 9.98922E-05 9.98922E-05 9.98922E-05 9.98922E-05 9.98922E-05 0.00704128 9.98922E-05 0.0329564 9.98922E-05 9.98922E-05 0.945294 9.98922E-05 9.98922E-05
9.98652E-05 9.98652E-05 9.98652E-05 9.98652E-05 9.98652E-05 9.98652E-05 9.98652E-05 9.98652E-05 9.98652E-05 9.98652E-05 9.98652E-05 9.98652E-05 9.98652E-05 0.998502 9.98652E-05 9.98652E-05
9.9883E-05 0.0166506 0.0240612 9.9883E-05 9.9883E-05 9.9883E-05 9.9883E-05 9.9883E-05 9.9883E-05 9.9883E-05 9.9883E-05 9.9883E-05 0.95799 9.9883E-05 9.9883E-05 9.9883E-05
9.9919E-05 9.9919E-05 0.17136 9.9919E-05 0.0303991 9.9919E-05 9.9919E-05 0.0678286 0.13812 9.9919E-05 9.9919E-05 0.044519 9.9919E-05 9.9919E-05 0.534969 0.011905
9.98918E-05 0.0687111 9.98918E-05 9.98918E-05 9.98918E-05 9.98918E-05 9.98918E-05 9.98918E-05 9.98918E-05 9.98918E-05 9.98918E-05 0.903482 0.022425 0.00418291 9.98918E-05 9.98918E-05
9.9874E-05 9.9874E-05 9.9874E-05 0.00195545 0.996646 9.9874E-05 9.9874E-05 9.9874E-05 9.9874E-05 9.9874E-05 9.9874E-05 9.9874E-05 9.9874E-05 9.9874E-05 9.9874E-05 9.9874E-05
9.9901E-05 9.9901E-05 0.038265 9.9901E-05 0.824401 9.9901E-05 9.9901E-05 9.9901E-05 9.9901E-05 9.9901E-05 0.055806 9.9901E-05 0.0534841 9.9901E-05 0.0269448 9.9901E-05
0.0897855 0.0720563 9.99191E-05 0.0223662 9.99191E-05 0.188323 9.99191E-05 0.0185389 9.99191E-05 0.574281 9.99191E-05 9.99191E-05 9.99191E-05 0.0337499 9.99191E-05 9.99191E-05
