9.998E-05 0.9997 9.998E-05 9.998E-05
0.320591 0.402457 0.276852 9.9991E-05
0.825078 0.102577 0.0179856 0.0543598
0.9997 9.998E-05 9.998E-05 9.998E-05
0.486845 0.235474 0.277581 9.9991E-05
0.9997 9.998E-05 9.998E-05 9.998E-05
0.0414315 0.547842 0.410627 9.99911E-05
0.435427 0.0977855 0.466687 9.9991E-05
0.0162168 0.546104 0.437579 9.99911E-05
9.9982E-05 0.841954 0.157846 9.9982E-05
9.9982E-05 0.872744 0.127056 9.9982E-05
0.070088 0.929712 9.9982E-05 9.9982E-05
0.0809199 0.91888 9.99821E-05 9.99821E-05
0.951405 0.034423 9.9991E-05 0.0140724
0.968846 0.022448 9.9991E-05 0.00860563
9.9982E-05 0.929612 0.0701876 9.9982E-05
0.0755781 0.744367 9.9991E-05 0.179955
9.9991E-05 0.202083 0.0718855 0.725931
9.998E-05 9.998E-05 9.998E-05 0.9997
9.9982E-05 0.964502 0.0352983 9.9982E-05
9.998E-05 9.998E-05 9.998E-05 0.9997
9.9982E-05 0.990819 0.00898138 9.9982E-05
0.0519978 0.31109 0.0640728 0.57284
9.998E-05 9.998E-05 9.998E-05 0.9997
0.9997 9.998E-05 9.998E-05 9.998E-05
0.9997 9.998E-05 9.998E-05 9.998E-05
9.998E-05 0.9997 9.998E-05 9.998E-05
0.931241 9.9982E-05 0.0685588 9.9982E-05
0.877154 9.9982E-05 0.122646 9.9982E-05
0.72207 9.9991E-05 0.263218 0.0146121
0.686317 9.9991E-05 0.292553 0.0210303
0.0734925 0.288787 0.63762 9.99911E-05
0.9997 9.998E-05 9.998E-05 9.998E-05
0.0806717 9.9982E-05 0.919128 9.9982E-05
0.0818937 0.917906 9.9982E-05 9.9982E-05
0.957799 0.0420009 9.9982E-05 9.9982E-05
0.0547628 0.945037 9.99821E-05 9.99821E-05
0.0233007 0.772635 0.181084 0.0229803
0.20791 0.619807 9.9991E-05 0.172183
0.131686 0.868114 9.9982E-05 9.9982E-05
0.102971 0.891665 0.00526397 9.9991E-05
9.9991E-05 0.954116 0.0229143 0.0228697
9.9982E-05 0.909453 0.0903471 9.9982E-05
9.9991E-05 0.940294 0.0483378 0.011268
9.9991E-05 0.782352 0.0591545 0.158393
0.0545053 0.815127 0.077071 0.0532963
0.135516 0.805802 0.0585821 9.9991E-05
9.99822E-05 0.994027 9.99822E-05 0.00577264
9.998E-05 9.998E-05 0.9997 9.998E-05
9.998E-05 9.998E-05 0.9997 9.998E-05
9.998E-05 9.998E-05 0.9997 9.998E-05
9.998E-05 9.998E-05 0.9997 9.998E-05
9.998E-05 9.998E-05 0.9997 9.998E-05
0.247997 0.0612975 0.637546 0.0531601
9.998E-05 9.998E-05 0.9997 9.998E-05
9.998E-05 0.9997 9.998E-05 9.998E-05
0.0748796 0.336986 0.588035 9.9991E-05
0.9997 9.998E-05 9.998E-05 9.998E-05
9.998E-05 0.9997 9.998E-05 9.998E-05
0.0797076 0.919067 0.00112499 9.9991E-05
9.998E-05 0.9997 9.998E-05 9.998E-05
0.0139618 0.985838 9.9982E-05 9.9982E-05
9.9982E-05 0.978531 9.9982E-05 0.0212688
9.9991E-05 0.0700745 0.0233682 0.906457
0.9997 9.998E-05 9.998E-05 9.998E-05
0.319379 0.456289 0.177865 0.046466
0.984335 9.99821E-05 0.0154646 9.99821E-05
0.9997 9.998E-05 9.998E-05 9.998E-05
0.900814 9.9982E-05 0.0989856 9.9982E-05
0.930433 9.9982E-05 0.0693675 9.9982E-05
0.978244 0.0119295 0.00972615 9.9991E-05
0.9997 9.998E-05 9.998E-05 9.998E-05
0.486924 9.99821E-05 0.512876 9.99821E-05
0.507764 0.0654128 0.426723 9.99911E-05
0.948701 9.9982E-05 0.0510993 9.9982E-05
0.0343247 0.78001 0.185565 9.9991E-05
0.0524177 0.789881 0.157601 9.9991E-05
0.152175 0.571705 9.9991E-05 0.276021
0.153145 0.554968 9.9991E-05 0.291787
9.99819E-05 0.875191 0.124609 9.99819E-05
9.99819E-05 0.893876 0.105924 9.99819E-05
0.158448 0.513756 0.0332806 0.294516
0.141248 0.576822 9.9991E-05 0.28183
9.9982E-05 0.983955 0.0158455 9.9982E-05
9.9991E-05 0.926599 0.0572435 0.0160572
0.0809688 0.293836 0.625095 9.9991E-05
0.112321 0.671555 9.9991E-05 0.216024
0.0224916 0.813129 9.9991E-05 0.164279
0.621449 9.9991E-05 0.294599 0.0838527
