9.996E-05 9.996E-05 0.9995 9.996E-05 9.996E-05 9.996E-05
9.9973E-05 0.273477 0.471099 9.9973E-05 9.9973E-05 0.255123
0.0309191 0.809627 9.99911E-05 0.0479519 0.032005 0.0793968
9.9964E-05 0.954434 9.9964E-05 9.9964E-05 0.0451661 9.9964E-05
9.99731E-05 0.440706 0.295439 9.99731E-05 9.99731E-05 0.263555
9.996E-05 0.9995 9.996E-05 9.996E-05 9.996E-05 9.996E-05
9.99731E-05 0.0167584 9.99731E-05 0.575712 9.99731E-05 0.407229
9.9982E-05 0.391282 0.0626944 9.9982E-05 0.0598182 0.486005
9.99731E-05 9.99731E-05 0.0959744 0.46588 9.99731E-05 0.437846
9.99731E-05 9.99731E-05 0.782818 9.99731E-05 0.0874347 0.129448
9.99821E-05 9.99821E-05 0.829398 0.0267937 0.0815682 0.0620397
9.9982E-05 0.0622182 0.665841 0.191002 0.0807383 9.9982E-05
9.996E-05 9.996E-05 9.996E-05 0.9995 9.996E-05 9.996E-05
0.0256379 0.973962 9.9964E-05 9.9964E-05 9.9964E-05 9.9964E-05
9.9964E-05 0.947289 0.0523111 9.9964E-05 9.9964E-05 9.9964E-05
9.999E-05 0.0176974 0.603256 0.315864 0.0123322 0.0507501
0.0600933 9.9982E-05 0.376037 0.144197 0.419473 9.9982E-05
0.750384 9.99729E-05 0.168853 9.99729E-05 9.99729E-05 0.0804631
0.913323 9.9964E-05 9.9964E-05 9.9964E-05 0.0862771 9.9964E-05
9.9982E-05 9.9982E-05 0.851264 0.0139848 0.133987 0.000564474
0.9995 9.996E-05 9.996E-05 9.996E-05 9.996E-05 9.996E-05
9.9964E-05 9.9964E-05 0.920068 0.0795322 9.9964E-05 9.9964E-05
0.39499 9.9982E-05 0.149527 9.9982E-05 0.400847 0.054436
0.895205 9.9964E-05 9.9964E-05 9.9964E-05 0.104395 9.9964E-05
9.99641E-05 0.985779 9.99641E-05 9.99641E-05 9.99641E-05 0.0138215
9.996E-05 0.9995 9.996E-05 9.996E-05 9.996E-05 9.996E-05
9.99729E-05 9.99729E-05 0.154803 0.770686 0.0742106 9.99729E-05
9.9964E-05 0.919147 9.9964E-05 9.9964E-05 9.9964E-05 0.0804533
9.9973E-05 0.918869 9.9973E-05 0.00493955 9.9973E-05 0.0758918
0.02537 0.691336 9.9991E-05 0.0169651 0.0169001 0.249329
9.9973E-05 0.666678 9.9973E-05 9.9973E-05 0.0579549 0.275068
9.99731E-05 0.0743995 0.349061 9.99731E-05 9.99731E-05 0.57624
9.99641E-05 0.97633 9.99641E-05 0.0232698 9.99641E-05 9.99641E-05
9.9973E-05 0.0658298 9.9973E-05 9.9973E-05 0.00951844 0.924352
9.99819E-05 0.0564112 0.179928 0.511447 0.252015 9.99819E-05
9.99729E-05 0.978667 0.0143032 0.00673015 9.99729E-05 9.99729E-05
9.99642E-05 0.0615732 0.938027 9.99642E-05 9.99642E-05 9.99642E-05
0.0322035 0.0368057 0.770091 9.9982E-05 9.9982E-05 0.1607
0.0508133 0.105407 0.235766 0.160265 0.447649 9.9991E-05
9.9973E-05 0.11144 0.886762 9.9973E-05 0.00149859 9.9973E-05
0.00534287 0.0888626 0.871299 9.9982E-05 0.0342957 9.9982E-05
0.0181348 9.9973E-05 0.894239 9.9973E-05 0.0873261 9.9973E-05
9.9973E-05 9.9973E-05 0.724125 0.236014 9.9973E-05 0.0395613
0.00924006 9.9991E-05 0.78501 0.0326387 0.121573 0.0514381
0.122977 9.9991E-05 0.555156 0.149215 0.144049 0.028503
0.0372716 0.0737574 0.713502 0.0651363 0.06413 0.0462025
9.9991E-05 0.113577 0.43558 0.253233 0.129414 0.068096
0.0545764 9.99644E-05 0.945024 9.99644E-05 9.99644E-05 9.99644E-05
9.996E-05 9.996E-05 9.996E-05 9.996E-05 9.996E-05 0.9995
9.996E-05 9.996E-05 9.996E-05 9.996E-05 9.996E-05 0.9995
9.996E-05 9.996E-05 9.996E-05 9.996E-05 9.996E-05 0.9995
9.996E-05 9.996E-05 9.996E-05 9.996E-05 9.996E-05 0.9995
9.996E-05 9.996E-05 9.996E-05 9.996E-05 9.996E-05 0.9995
0.0397619 0.214767 0.0707813 9.9991E-05 0.00526467 0.669325
9.99639E-05 9.99639E-05 0.000796562 9.99639E-05 9.99639E-05 0.998804
9.9964E-05 9.9964E-05 0.97889 0.0207101 9.9964E-05 9.9964E-05
9.9973E-05 0.0909704 0.354711 9.9973E-05 9.9973E-05 0.554019
9.996E-05 0.9995 9.996E-05 9.996E-05 9.996E-05 9.996E-05
9.9973E-05 9.9973E-05 0.0431016 0.900474 0.0561246 9.9973E-05
9.9991E-05 0.038101 0.607057 0.333787 0.00156004 0.019395
9.996E-05 9.996E-05 9.996E-05 0.9995 9.996E-05 9.996E-05
9.99639E-05 9.99639E-05 0.118546 0.881054 9.99639E-05 9.99639E-05
0.0123917 9.99819E-05 0.0548986 0.831367 0.101142 9.99819E-05
0.919482 9.99641E-05 0.0801181 9.99641E-05 9.99641E-05 9.99641E-05
9.996E-05 0.9995 9.996E-05 9.996E-05 9.996E-05 9.996E-05
0.114992 0.226342 0.245435 0.229449 0.0274336 0.156349
9.99731E-05 0.97485 9.99731E-05 0.0194271 9.99731E-05 0.00542314
9.9982E-05 0.9804 0.0088262 9.9982E-05 0.00730822 0.00326609
9.9973E-05 0.892041 9.9973E-05 0.00999826 9.9973E-05 0.0976609
0.00344573 0.908204 0.00496862 9.9982E-05 9.9982E-05 0.0831819
9.9982E-05 0.929905 0.052826 9.9982E-05 0.0112357 0.00583313
9.9964E-05 0.989018 9.9964E-05 9.9964E-05 9.9964E-05 0.0105823
9.99642E-05 0.484859 9.99642E-05 9.99642E-05 9.99642E-05 0.514741
9.99732E-05 0.493071 9.99732E-05 0.1716 9.99732E-05 0.335029
9.9982E-05 0.965516 0.000761281 9.9982E-05 0.013597 0.0199258
9.9991E-05 0.0457107 0.723729 0.0997998 0.0268992 0.103761
9.9991E-05 0.0203607 0.664185 0.148121 0.0341241 0.13311
9.996E-05 9.996E-05 9.996E-05 9.996E-05 0.9995 9.996E-05
9.996E-05 9.996E-05 9.996E-05 9.996E-05 0.9995 9.996E-05
0.00232191 9.9991E-05 0.8551 0.0375742 0.0323968 0.0725067
0.00997421 9.9982E-05 0.835454 0.103579 9.9982E-05 0.0507924
9.996E-05 9.996E-05 9.996E-05 9.996E-05 0.9995 9.996E-05
9.996E-05 9.996E-05 9.996E-05 9.996E-05 0.9995 9.996E-05
9.99731E-05 0.00472388 0.932159 0.0628169 9.99731E-05 9.99731E-05
0.054693 9.9982E-05 0.679721 0.25195 9.9982E-05 0.0134358
9.9973E-05 0.108253 0.300167 9.9973E-05 9.9973E-05 0.59128
0.112581 0.0661862 0.195083 0.349943 0.276107 9.9991E-05
0.0516648 9.9982E-05 0.154153 0.435913 0.35807 9.9982E-05
0.0348036 0.562082 9.9991E-05 0.0120311 0.0540986 0.336884
