9.99549E-05 9.99549E-05 9.99549E-05 9.99549E-05 0.962685 0.0368148 9.99549E-05
9.9982E-05 0.234162 0.309905 0.023696 0.234773 0.197263 9.9982E-05
0.0175395 0.0545006 0.80222 0.0284751 9.99822E-05 9.99822E-05 0.0970652
9.9955E-05 9.9955E-05 0.970337 0.029163 9.9955E-05 9.9955E-05 9.9955E-05
9.99731E-05 0.211738 0.468201 9.99731E-05 0.0622949 0.257467 9.99731E-05
9.9964E-05 9.9964E-05 0.982375 0.0136051 9.9964E-05 0.00361983 9.9964E-05
9.99731E-05 0.269779 0.0550928 9.99731E-05 9.99731E-05 0.28093 0.393898
9.99641E-05 0.394019 0.444651 9.99641E-05 9.99641E-05 0.16093 9.99641E-05
9.99731E-05 0.318964 0.0356208 9.99731E-05 9.99731E-05 0.335646 0.30947
9.995E-05 9.995E-05 9.995E-05 9.995E-05 9.995E-05 0.9994 9.995E-05
9.995E-05 9.995E-05 9.995E-05 9.995E-05 9.995E-05 0.9994 9.995E-05
9.9973E-05 9.9973E-05 0.00689155 0.144428 0.673826 9.9973E-05 0.174555
9.99551E-05 9.99551E-05 0.0202195 9.99551E-05 9.99551E-05 9.99551E-05 0.979281
0.0258021 9.9964E-05 0.954016 9.9964E-05 0.0197821 9.9964E-05 9.9964E-05
0.0064583 9.9973E-05 0.938676 9.9973E-05 0.0452531 0.00931265 9.9973E-05
9.9982E-05 0.00125413 0.0299111 9.9982E-05 0.069279 0.549891 0.349465
0.0828919 9.9973E-05 9.9973E-05 0.32332 9.9973E-05 0.431858 0.161631
0.696851 0.0633255 9.9973E-05 9.9973E-05 0.0635207 0.176003 9.9973E-05
0.919911 9.9955E-05 9.9955E-05 0.0795897 9.9955E-05 9.9955E-05 9.9955E-05
9.9973E-05 9.9973E-05 9.9973E-05 0.063441 0.13153 0.771301 0.0334283
0.9994 9.995E-05 9.995E-05 9.995E-05 9.995E-05 9.995E-05 9.995E-05
9.99729E-05 9.99729E-05 9.99729E-05 0.0300093 0.565722 0.314084 0.0898845
0.39874 0.00434322 0.027331 0.288725 9.9982E-05 0.280661 9.9982E-05
0.929078 9.9964E-05 9.9964E-05 0.0680853 9.9964E-05 0.00243641 9.9964E-05
9.995E-05 9.995E-05 0.9994 9.995E-05 9.995E-05 9.995E-05 9.995E-05
9.995E-05 9.995E-05 0.9994 9.995E-05 9.995E-05 9.995E-05 9.995E-05
9.99729E-05 9.99729E-05 9.99729E-05 0.0815384 0.0961282 0.0368868 0.785147
9.9964E-05 0.0563401 0.929288 9.9964E-05 9.9964E-05 9.9964E-05 0.0139721
9.9955E-05 0.100847 0.898653 9.9955E-05 9.9955E-05 9.9955E-05 9.9955E-05
0.0202907 0.2645 0.703947 0.0109625 9.99731E-05 9.99731E-05 9.99731E-05
9.9964E-05 0.300331 0.652241 0.0470278 9.9964E-05 9.9964E-05 9.9964E-05
9.99732E-05 0.515176 0.106402 9.99732E-05 0.243705 0.134417 9.99732E-05
9.995E-05 9.995E-05 0.9994 9.995E-05 9.995E-05 9.995E-05 9.995E-05
9.99641E-05 0.88817 0.109092 9.99641E-05 9.99641E-05 9.99641E-05 0.00233797
9.99819E-05 9.99819E-05 0.0539813 0.240886 0.073104 0.022475 0.609354
9.99639E-05 9.99639E-05 0.938236 0.0193197 9.99639E-05 9.99639E-05 0.0420449
9.9955E-05 9.9955E-05 0.00790302 9.9955E-05 0.991597 9.9955E-05 9.9955E-05
0.0145056 0.0529367 0.0496337 9.9982E-05 0.140857 0.741867 9.9982E-05
0.0727108 9.9991E-05 0.133966 0.402218 0.0279034 0.246805 0.116297
9.9973E-05 9.9973E-05 0.0843591 0.0219157 0.257982 0.635444 9.9973E-05
0.00226708 9.9982E-05 0.0637602 0.00435603 0.273487 0.655929 9.9982E-05
9.9964E-05 9.9964E-05 9.9964E-05 0.0235698 9.9964E-05 0.955673 0.0203576
9.9973E-05 0.00977804 9.9973E-05 9.9973E-05 0.114665 0.612521 0.262736
9.9973E-05 9.9973E-05 9.9973E-05 0.0165732 0.027682 0.946457 0.00898805
0.102141 9.9982E-05 9.9982E-05 0.151081 0.0412525 0.519804 0.185522
0.0357675 9.9991E-05 0.0891277 0.0285431 0.20028 0.630431 0.0157512
9.999E-05 0.0277945 0.12113 0.149233 0.240123 0.239112 0.222508
0.00202478 9.99553E-05 9.99553E-05 9.99553E-05 0.997475 9.99553E-05 9.99553E-05
9.995E-05 0.9994 9.995E-05 9.995E-05 9.995E-05 9.995E-05 9.995E-05
9.995E-05 0.9994 9.995E-05 9.995E-05 9.995E-05 9.995E-05 9.995E-05
9.995E-05 0.9994 9.995E-05 9.995E-05 9.995E-05 9.995E-05 9.995E-05
9.995E-05 0.9994 9.995E-05 9.995E-05 9.995E-05 9.995E-05 9.995E-05
9.995E-05 0.9994 9.995E-05 9.995E-05 9.995E-05 9.995E-05 9.995E-05
0.0324618 0.596605 0.259254 9.99731E-05 9.99731E-05 0.11138 9.99731E-05
9.99639E-05 0.972581 9.99639E-05 0.00844664 0.0185725 9.99639E-05 9.99639E-05
9.99639E-05 9.99639E-05 9.99639E-05 9.99639E-05 0.852115 0.0374962 0.109989
9.9982E-05 0.537374 0.10445 9.9982E-05 0.232082 0.109504 0.0163895
9.995E-05 9.995E-05 0.9994 9.995E-05 9.995E-05 9.995E-05 9.995E-05
9.9973E-05 0.00733947 9.9973E-05 0.0476415 0.0858895 9.9973E-05 0.85883
9.9973E-05 9.9973E-05 0.0503138 9.9973E-05 0.159154 0.423309 0.366924
9.995E-05 9.995E-05 9.995E-05 9.995E-05 9.995E-05 9.995E-05 0.9994
9.99549E-05 9.99549E-05 9.99549E-05 9.99549E-05 9.99549E-05 0.108038 0.891462
0.0196668 9.99729E-05 9.99729E-05 0.0874469 9.99729E-05 0.0350892 0.857497
0.879531 9.99551E-05 9.99551E-05 9.99551E-05 0.119969 9.99551E-05 9.99551E-05
9.995E-05 9.995E-05 0.9994 9.995E-05 9.995E-05 9.995E-05 9.995E-05
0.0691305 0.120428 0.37176 0.0403298 0.107274 0.199148 0.0919298
9.99641E-05 0.0256127 0.950633 9.99641E-05 9.99641E-05 9.99641E-05 0.0233549
9.9955E-05 9.9955E-05 0.975097 9.9955E-05 0.0244036 9.9955E-05 9.9955E-05
9.9964E-05 0.0880541 0.891812 9.9964E-05 9.9964E-05 9.9964E-05 0.0197344
0.00129437 0.0346891 0.94378 9.9973E-05 0.0199363 9.9973E-05 9.9973E-05
9.99731E-05 9.99731E-05 0.951127 0.00555416 0.00527832 0.0377403 9.99731E-05
9.99549E-05 9.99549E-05 0.997996 0.00150471 9.99549E-05 9.99549E-05 9.99549E-05
9.99643E-05 0.44215 0.54797 9.99643E-05 9.99643E-05 0.00948021 9.99643E-05
9.99643E-05 0.295182 0.531827 9.99643E-05 9.99643E-05 9.99643E-05 0.172591
9.9973E-05 0.0153693 0.966523 9.9973E-05 0.00539343 0.0124142 9.9973E-05
9.9982E-05 0.0457804 0.0724971 9.9982E-05 0.0318318 0.754197 0.0954936
9.9982E-05 0.053307 0.0666146 9.9982E-05 0.0343932 0.715963 0.129523
9.995E-05 9.995E-05 9.995E-05 0.9994 9.995E-05 9.995E-05 9.995E-05
9.995E-05 9.995E-05 9.995E-05 0.9994 9.995E-05 9.995E-05 9.995E-05
9.9982E-05 0.00257563 9.9982E-05 0.0124055 0.035721 0.916992 0.0321057
9.9973E-05 0.00457713 9.9973E-05 9.9973E-05 0.0479226 0.90843 0.0387707
9.995E-05 9.995E-05 9.995E-05 0.9994 9.995E-05 9.995E-05 9.995E-05
9.995E-05 9.995E-05 9.995E-05 0.9994 9.995E-05 9.995E-05 9.995E-05
9.99639E-05 0.000982038 9.99639E-05 9.99639E-05 0.953086 9.99639E-05 0.0455319
0.0395605 9.9973E-05 9.9973E-05 9.9973E-05 0.0773969 0.624539 0.258204
9.9982E-05 0.529777 0.121608 9.9982E-05 0.191569 0.15643 0.000416526
0.113491 9.99821E-05 0.0509557 0.29965 9.99821E-05 0.189691 0.346012
0.0692557 9.99731E-05 9.99731E-05 0.335915 0.177358 9.99731E-05 0.417171
0.0547524 0.288909 0.644904 9.99821E-05 9.99821E-05 0.00865681 0.00257835
