9.996E-05 0.9995 9.996E-05 9.996E-05 9.996E-05 9.996E-05
9.9973E-05 0.458019 0.302861 9.9973E-05 0.23882 9.9973E-05
0.0250495 9.99911E-05 0.718881 0.0864008 0.119312 0.0502562
9.9964E-05 9.9964E-05 0.960756 9.9964E-05 9.9964E-05 0.0388443
9.99731E-05 0.322912 0.499629 9.99731E-05 0.177158 9.99731E-05
0.000350084 9.9964E-05 0.99925 9.9964E-05 9.9964E-05 9.9964E-05
9.99731E-05 9.99731E-05 0.0138031 0.65203 0.333867 9.99731E-05
9.9982E-05 0.0716633 0.423837 9.9982E-05 0.468192 0.0361077
9.99731E-05 0.0615649 9.99731E-05 0.498613 0.439522 9.99731E-05
9.9982E-05 0.703518 9.9982E-05 0.10026 0.119202 0.0768205
9.9982E-05 0.671968 9.9982E-05 0.117186 0.109211 0.101435
9.9982E-05 0.672044 0.0287875 0.188401 9.9982E-05 0.110567
9.996E-05 9.996E-05 9.996E-05 0.9995 9.996E-05 9.996E-05
0.0158058 0.0214335 0.946031 9.9982E-05 9.9982E-05 0.0165297
9.9964E-05 0.0536483 0.945952 9.9964E-05 9.9964E-05 9.9964E-05
9.999E-05 0.535993 0.00760324 0.368773 0.0740711 0.0134598
0.0784897 0.394057 0.000961011 0.212966 9.9991E-05 0.313426
0.73105 0.212625 9.99729E-05 9.99729E-05 0.0560255 9.99729E-05
0.892752 9.9964E-05 9.9964E-05 9.9964E-05 9.9964E-05 0.106848
9.9982E-05 0.773824 9.9982E-05 0.0827477 0.00314858 0.140079
0.9995 9.996E-05 9.996E-05 9.996E-05 9.996E-05 9.996E-05
9.9973E-05 0.919076 9.9973E-05 0.0771749 9.9973E-05 0.00344914
0.434616 0.119711 9.9982E-05 9.9982E-05 0.0531696 0.392304
0.911577 9.9964E-05 9.9964E-05 9.9964E-05 9.9964E-05 0.0880229
9.99641E-05 9.99641E-05 0.964477 9.99641E-05 0.0351227 9.99641E-05
9.996E-05 9.996E-05 0.9995 9.996E-05 9.996E-05 9.996E-05
9.997E-05 0.144584 9.997E-05 0.755173 9.997E-05 0.0999434
9.9973E-05 9.9973E-05 0.918273 0.00642782 0.074999 9.9973E-05
9.9973E-05 9.9973E-05 0.902343 0.011297 0.0860602 9.9973E-05
0.0253617 9.9982E-05 0.673426 9.9982E-05 0.265742 0.0352701
9.9973E-05 9.9973E-05 0.641229 9.9973E-05 0.316445 0.0420264
9.99732E-05 0.351335 0.0850886 9.99732E-05 0.563277 9.99732E-05
9.996E-05 9.996E-05 0.9995 9.996E-05 9.996E-05 9.996E-05
9.9973E-05 9.9973E-05 0.0707234 9.9973E-05 0.922901 0.00607595
9.99819E-05 0.168085 0.0530364 0.525685 9.99819E-05 0.252993
9.99639E-05 9.99639E-05 0.972867 0.0267327 9.99639E-05 9.99639E-05
9.99642E-05 0.95534 0.0442597 9.99642E-05 9.99642E-05 9.99642E-05
0.0309066 0.77096 0.0329021 9.9982E-05 0.165031 9.9982E-05
0.0597144 0.26524 0.143339 0.146295 9.9991E-05 0.385313
0.00289457 0.885255 0.111551 9.9973E-05 9.9973E-05 9.9973E-05
0.0155965 0.898047 0.075539 9.9982E-05 9.9982E-05 0.0106179
0.0369884 0.867942 9.9982E-05 0.02821 9.9982E-05 0.0666595
9.9973E-05 0.651901 9.9973E-05 0.290526 0.0572736 9.9973E-05
0.0108561 0.730439 9.9991E-05 0.0916724 0.0358981 0.131034
0.132692 0.475862 9.999E-05 0.176286 0.0521569 0.162903
0.0561652 0.719104 0.0523721 0.0593472 0.0578335 0.055178
9.999E-05 0.447018 0.0750464 0.257747 0.0936572 0.126432
0.0346885 0.964912 9.99644E-05 9.99644E-05 9.99644E-05 9.99644E-05
9.996E-05 9.996E-05 9.996E-05 9.996E-05 0.9995 9.996E-05
9.996E-05 9.996E-05 9.996E-05 9.996E-05 0.9995 9.996E-05
9.9964E-05 9.9964E-05 9.9964E-05 9.9964E-05 0.980236 0.0193637
9.996E-05 9.996E-05 9.996E-05 9.996E-05 0.9995 9.996E-05
9.996E-05 9.996E-05 9.996E-05 9.996E-05 0.9995 9.996E-05
0.048995 0.0600564 0.20219 0.0480512 0.640309 0.000398115
9.996E-05 9.996E-05 9.996E-05 9.996E-05 0.9995 9.996E-05
9.9964E-05 0.957959 9.9964E-05 0.0416413 9.9964E-05 9.9964E-05
9.9973E-05 0.338814 0.0853271 9.9973E-05 0.575559 9.9973E-05
9.996E-05 9.996E-05 0.9995 9.996E-05 9.996E-05 9.996E-05
9.9982E-05 0.0417897 9.9982E-05 0.872093 0.0127272 0.0731898
9.9973E-05 0.56043 0.0655457 0.373725 9.9973E-05 9.9973E-05
9.996E-05 9.996E-05 9.996E-05 0.9995 9.996E-05 9.996E-05
9.99729E-05 0.0721677 9.99729E-05 0.923094 9.99729E-05 0.00443859
0.00846645 0.00295677 9.99819E-05 0.873507 9.99819E-05 0.114869
0.939347 0.0576654 9.99731E-05 9.99731E-05 0.00268774 9.99731E-05
9.99641E-05 9.99641E-05 0.996117 9.99641E-05 9.99641E-05 0.00348357
0.0466678 0.221972 0.334224 0.213725 0.0753786 0.108033
9.99731E-05 9.99731E-05 0.988692 0.00106745 0.00994107 9.99731E-05
9.9973E-05 0.0103776 0.957979 9.9973E-05 0.0313435 9.9973E-05
9.9973E-05 9.9973E-05 0.870293 0.0335855 0.0958217 9.9973E-05
0.00103723 9.9982E-05 0.880278 0.00537648 0.113108 9.9982E-05
9.9982E-05 0.0531162 0.902395 9.9982E-05 0.0248877 0.0194016
9.9964E-05 9.9964E-05 0.997771 9.9964E-05 9.9964E-05 0.00182941
9.99732E-05 0.00403764 0.502691 9.99732E-05 0.492971 9.99732E-05
9.99732E-05 9.99732E-05 0.440375 0.155091 0.404234 9.99732E-05
9.9964E-05 0.0434387 0.956161 9.9964E-05 9.9964E-05 9.9964E-05
9.9991E-05 0.663185 0.0698495 0.163445 0.0987907 0.00462944
9.9991E-05 0.576312 0.0539936 0.168476 0.146826 0.0542926
9.996E-05 9.996E-05 9.996E-05 9.996E-05 9.996E-05 0.9995
9.996E-05 9.996E-05 9.996E-05 9.996E-05 9.996E-05 0.9995
9.998E-05 0.807838 9.998E-05 0.051502 0.0900315 0.0504285
9.9982E-05 0.787066 9.9982E-05 0.122963 0.0740841 0.0156873
9.996E-05 9.996E-05 9.996E-05 9.996E-05 9.996E-05 0.9995
9.996E-05 9.996E-05 9.996E-05 9.996E-05 9.996E-05 0.9995
9.99641E-05 0.98734 9.99641E-05 0.0122602 9.99641E-05 9.99641E-05
0.0507968 0.608447 9.9982E-05 0.327083 0.0134729 9.9982E-05
9.9982E-05 0.292933 0.0654403 0.0189802 0.622446 9.9982E-05
0.130168 0.172721 0.0725089 0.340421 9.9991E-05 0.284081
0.0895047 0.163606 9.99821E-05 0.426053 9.99821E-05 0.320637
0.0444229 9.999E-05 0.590306 0.0105043 0.325528 0.029139
