9.996E-05 9.996E-05 0.9995 9.996E-05 9.996E-05 9.996E-05
9.9973E-05 9.9973E-05 0.402803 0.270007 0.326891 9.9973E-05
0.0882106 9.99822E-05 9.99822E-05 0.788065 0.0924802 0.0310446
9.9964E-05 0.0240767 9.9964E-05 0.975523 9.9964E-05 9.9964E-05
9.99731E-05 9.99731E-05 0.301996 0.465952 0.231752 9.99731E-05
9.9964E-05 9.9964E-05 0.0113359 0.988264 9.9964E-05 9.9964E-05
0.642965 9.99642E-05 9.99642E-05 9.99642E-05 0.356635 9.99642E-05
9.9982E-05 0.032642 0.0841226 0.410553 0.472482 9.9982E-05
0.472013 9.9982E-05 0.0884184 0.013181 0.426187 9.9982E-05
0.0490663 0.0739179 0.797547 9.9982E-05 0.0792693 9.9982E-05
0.0535348 0.0770877 0.766321 9.9982E-05 0.102857 9.9982E-05
0.187739 0.114317 0.660339 0.0374057 9.9982E-05 9.9982E-05
0.9995 9.996E-05 9.996E-05 9.996E-05 9.996E-05 9.996E-05
9.9973E-05 0.0248203 9.9973E-05 0.947916 9.9973E-05 0.0269638
9.9964E-05 9.9964E-05 0.0363628 0.963237 9.9964E-05 9.9964E-05
0.320836 9.9982E-05 0.607219 0.015993 0.0557521 9.9982E-05
0.14478 0.367942 0.413608 9.9982E-05 9.9982E-05 0.0734701
9.9973E-05 9.9973E-05 0.209477 9.9973E-05 0.0835727 0.70665
9.9964E-05 0.0768245 9.9964E-05 9.9964E-05 9.9964E-05 0.922776
0.0610922 0.108933 0.829675 9.9973E-05 9.9973E-05 9.9973E-05
9.996E-05 9.996E-05 9.996E-05 9.996E-05 9.996E-05 0.9995
0.0828573 0.0223115 0.879418 0.0152131 9.9982E-05 9.9982E-05
9.999E-05 0.409529 0.168076 0.0148306 0.016935 0.390529
9.9964E-05 0.102349 9.9964E-05 9.9964E-05 9.9964E-05 0.897251
0.00793203 0.000241223 9.9973E-05 0.991527 9.9973E-05 9.9973E-05
9.996E-05 9.996E-05 9.996E-05 0.9995 9.996E-05 9.996E-05
0.744701 0.0766983 0.178301 9.99729E-05 9.99729E-05 9.99729E-05
0.0344855 9.9973E-05 9.9973E-05 0.913112 0.0521024 9.9973E-05
0.0173683 9.9973E-05 9.9973E-05 0.923428 0.0589039 9.9973E-05
0.00127181 0.0223538 9.9991E-05 0.669659 0.26923 0.0373859
9.9973E-05 0.0521706 9.9973E-05 0.644485 0.303044 9.9973E-05
9.99732E-05 9.99732E-05 0.285345 0.0919993 0.622355 9.99732E-05
9.996E-05 9.996E-05 9.996E-05 0.9995 9.996E-05 9.996E-05
0.0119778 0.0180628 9.9982E-05 0.069387 0.900372 9.9982E-05
0.514368 0.231504 0.206484 0.047444 9.99819E-05 9.99819E-05
0.0264533 9.99729E-05 0.0103583 0.962888 9.99729E-05 9.99729E-05
9.99642E-05 9.99642E-05 0.947718 0.0518818 9.99642E-05 9.99642E-05
9.9991E-05 0.0122582 0.773583 0.0363806 0.160358 0.0173202
0.166891 0.404123 0.253456 0.119398 9.9991E-05 0.0560316
9.9982E-05 0.00301863 0.880704 0.110797 9.9982E-05 0.00528108
9.99729E-05 0.0392481 0.893109 0.067343 9.99729E-05 9.99729E-05
0.0305159 0.0639361 0.876882 9.9982E-05 9.9982E-05 0.0284657
0.265642 9.9973E-05 0.697861 9.9973E-05 0.0361963 9.9973E-05
0.00896227 0.135268 0.797985 9.9982E-05 0.0575852 9.9982E-05
0.182349 0.17702 0.502956 9.9991E-05 0.0160366 0.121538
0.0304832 0.0548491 0.753455 0.077738 0.0316488 0.0518257
0.209119 0.15882 0.480202 0.0951861 0.0565718 9.9991E-05
9.996E-05 9.996E-05 0.9995 9.996E-05 9.996E-05 9.996E-05
9.996E-05 9.996E-05 9.996E-05 9.996E-05 0.9995 9.996E-05
9.996E-05 9.996E-05 9.996E-05 9.996E-05 0.9995 9.996E-05
9.996E-05 9.996E-05 9.996E-05 9.996E-05 0.9995 9.996E-05
9.996E-05 9.996E-05 9.996E-05 9.996E-05 0.9995 9.996E-05
9.996E-05 9.996E-05 9.996E-05 9.996E-05 0.9995 9.996E-05
0.0431487 9.9991E-05 0.0875307 0.293814 0.551234 0.0241722
9.9964E-05 0.00410958 9.9964E-05 9.9964E-05 0.995491 9.9964E-05
0.0509195 9.9964E-05 0.948681 9.9964E-05 9.9964E-05 9.9964E-05
9.9973E-05 9.9973E-05 0.330694 0.0998323 0.569174 9.9973E-05
9.996E-05 9.996E-05 9.996E-05 0.9995 9.996E-05 9.996E-05
0.844863 0.0655694 0.0892672 9.9973E-05 9.9973E-05 9.9973E-05
0.289994 0.0104683 0.618805 0.0805327 9.9982E-05 9.9982E-05
0.9995 9.996E-05 9.996E-05 9.996E-05 9.996E-05 9.996E-05
0.85834 9.99639E-05 0.14126 9.99639E-05 9.99639E-05 9.99639E-05
0.792588 0.0927109 0.108455 9.99819E-05 9.99819E-05 0.00604631
9.99641E-05 9.99641E-05 0.0828985 9.99641E-05 9.99641E-05 0.916702
9.99641E-05 0.0148661 9.99641E-05 0.984734 9.99641E-05 9.99641E-05
0.0814416 0.100893 0.205724 0.394607 0.125134 0.0921994
0.0130527 9.99731E-05 9.99731E-05 0.982629 0.00401843 9.99731E-05
9.9973E-05 9.9973E-05 0.038351 0.937121 0.0242284 9.9973E-05
0.0130865 9.9973E-05 9.9973E-05 0.922225 0.0643881 9.9973E-05
0.00538805 9.9982E-05 9.9982E-05 0.930257 0.0535466 0.0106085
9.99731E-05 0.0263059 0.0609316 0.912463 9.99731E-05 9.99731E-05
9.9964E-05 0.026536 9.9964E-05 0.973064 9.9964E-05 9.9964E-05
9.99643E-05 9.99643E-05 9.99643E-05 0.434601 0.564999 9.99643E-05
0.179455 9.99732E-05 9.99732E-05 0.451703 0.368542 9.99732E-05
9.9973E-05 9.9973E-05 0.0296674 0.966376 9.9973E-05 0.00365713
0.122851 0.0303977 0.673609 0.040775 0.132267 9.9991E-05
0.133307 0.0319765 0.672914 0.0429645 0.118738 9.9991E-05
9.996E-05 0.9995 9.996E-05 9.996E-05 9.996E-05 9.996E-05
9.996E-05 0.9995 9.996E-05 9.996E-05 9.996E-05 9.996E-05
0.0359477 0.0674658 0.832637 9.9982E-05 0.063749 9.9982E-05
0.103419 0.0353585 0.759311 9.9991E-05 0.0885053 0.0133054
9.996E-05 0.9995 9.996E-05 9.996E-05 9.996E-05 9.996E-05
9.996E-05 0.9995 9.996E-05 9.996E-05 9.996E-05 9.996E-05
0.0520599 9.99641E-05 0.94754 9.99641E-05 9.99641E-05 9.99641E-05
0.280401 9.9982E-05 0.627673 9.9982E-05 0.0393041 0.0524225
0.0066978 9.9982E-05 0.273851 0.0827219 0.63653 9.9982E-05
0.292924 0.29235 0.225886 0.0499661 9.9991E-05 0.138774
0.393498 0.323122 0.179957 9.9982E-05 9.9982E-05 0.103223
9.99821E-05 0.0161032 9.99821E-05 0.592411 0.346233 0.0450536
