9.9973E-05 0.968521 9.9973E-05 0.0311792 9.9973E-05
0.322755 0.382952 9.9991E-05 0.0142576 0.279935
0.80649 9.99911E-05 0.0480892 0.0718088 0.0735121
0.983213 9.9973E-05 9.9973E-05 0.0164873 9.9973E-05
0.444749 0.236066 9.9991E-05 0.0146524 0.304433
0.988448 9.9982E-05 0.00301359 0.00833867 9.9982E-05
0.0772258 0.569757 9.99821E-05 9.99821E-05 0.352817
0.391192 0.0886891 9.9991E-05 0.0335774 0.486441
0.0464607 0.561187 9.99821E-05 9.99821E-05 0.392152
9.9982E-05 0.708819 9.9982E-05 0.108994 0.181987
9.9982E-05 0.733045 9.9982E-05 0.129682 0.137073
0.0377555 0.824867 9.99821E-05 0.137178 9.99821E-05
0.0710526 0.928647 9.99732E-05 9.99732E-05 9.99732E-05
0.956437 0.0152616 0.0281018 9.9982E-05 9.9982E-05
0.978256 0.00627563 0.0152684 9.9982E-05 9.9982E-05
0.0486876 0.893977 9.9991E-05 0.0294608 0.027775
0.0192381 0.534524 0.0719449 0.374193 9.9991E-05
9.9982E-05 0.177835 0.72625 9.9982E-05 0.0957146
9.9973E-05 9.9973E-05 0.928036 0.0716644 9.9973E-05
9.9982E-05 0.855701 9.9982E-05 0.136509 0.00758998
9.997E-05 9.997E-05 0.9996 9.997E-05 9.997E-05
0.0140835 0.891206 9.9991E-05 0.0795007 0.0151093
0.00152775 0.131531 0.399966 0.392797 0.0741793
9.9973E-05 9.9973E-05 0.905385 0.0943146 9.9973E-05
0.995626 9.9973E-05 9.9973E-05 9.9973E-05 0.00407419
0.9996 9.997E-05 9.997E-05 9.997E-05 9.997E-05
9.9973E-05 0.925462 9.9973E-05 0.0742378 9.9973E-05
0.922762 9.9973E-05 9.9973E-05 9.9973E-05 0.0769378
0.91089 9.9973E-05 9.9973E-05 9.9973E-05 0.0888103
0.683716 9.9991E-05 0.0113726 0.0619044 0.242907
0.635929 9.9982E-05 9.9982E-05 0.0517446 0.312126
0.0884589 0.271575 0.00639062 9.9991E-05 0.633476
0.975559 9.9982E-05 9.9982E-05 0.00308401 0.0211575
0.0634816 9.9982E-05 9.9982E-05 0.000352194 0.935966
0.0734351 0.716836 9.9982E-05 0.209529 9.9982E-05
0.984242 0.00844952 9.9982E-05 0.00710872 9.9982E-05
0.102783 0.864756 9.99821E-05 0.0322605 9.99821E-05
9.9991E-05 0.721122 0.0258396 0.0370334 0.215905
0.127469 0.388746 0.0610418 0.422644 9.9991E-05
0.143124 0.765313 0.00942921 0.0820334 9.9991E-05
0.0959743 0.786464 0.0288812 0.0885803 9.9991E-05
9.9991E-05 0.842327 0.0171749 0.104559 0.0358393
0.00842688 0.917894 9.9982E-05 9.9982E-05 0.0734789
9.9982E-05 0.801877 9.9982E-05 0.114766 0.0831564
9.9991E-05 0.692967 0.105693 0.188005 0.0132358
0.0976497 0.757893 0.0333392 0.0831561 0.0279615
0.181962 0.692422 9.9991E-05 0.0959108 0.0296053
9.99911E-05 0.942054 0.0439719 0.00183494 0.0120388
9.997E-05 9.997E-05 9.997E-05 9.997E-05 0.9996
9.997E-05 9.997E-05 9.997E-05 9.997E-05 0.9996
9.997E-05 9.997E-05 9.997E-05 9.997E-05 0.9996
9.997E-05 9.997E-05 9.997E-05 9.997E-05 0.9996
9.997E-05 9.997E-05 9.997E-05 9.997E-05 0.9996
0.197402 0.0764283 0.0470337 0.0126836 0.666453
9.9973E-05 0.0292482 9.9973E-05 9.9973E-05 0.970452
9.997E-05 0.9996 9.997E-05 9.997E-05 9.997E-05
0.115485 0.295011 9.9982E-05 9.9982E-05 0.589304
0.9996 9.997E-05 9.997E-05 9.997E-05 9.997E-05
0.0170137 0.920016 9.99821E-05 0.0627707 9.99821E-05
0.106086 0.870105 9.9982E-05 0.0236084 9.9982E-05
9.997E-05 0.9996 9.997E-05 9.997E-05 9.997E-05
9.997E-05 0.9996 9.997E-05 9.997E-05 9.997E-05
9.9982E-05 0.929125 0.00893186 0.0617436 9.9982E-05
9.99821E-05 0.0752795 0.914898 9.99821E-05 0.00962291
0.9996 9.997E-05 9.997E-05 9.997E-05 9.997E-05
0.291352 0.381431 9.9991E-05 0.0654079 0.261709
0.9996 9.997E-05 9.997E-05 9.997E-05 9.997E-05
0.969996 9.9973E-05 9.9973E-05 9.9973E-05 0.0297037
0.917417 9.9973E-05 9.9973E-05 9.9973E-05 0.0822826
0.951946 9.9973E-05 9.9973E-05 9.9973E-05 0.0477543
0.919867 0.0237188 9.9991E-05 0.0331034 0.0232112
0.9996 9.997E-05 9.997E-05 9.997E-05 9.997E-05
0.465928 9.99732E-05 9.99732E-05 9.99732E-05 0.533772
0.565213 0.082098 0.011983 9.99911E-05 0.340606
0.965606 9.9973E-05 9.9973E-05 9.9973E-05 0.0340937
0.067268 0.744733 9.9991E-05 0.07135 0.116549
0.0136523 0.740246 9.9991E-05 0.0876189 0.158382
9.997E-05 9.997E-05 9.997E-05 0.9996 9.997E-05
9.997E-05 9.997E-05 9.997E-05 0.9996 9.997E-05
9.99819E-05 0.802913 9.99819E-05 0.0905213 0.106366
9.9991E-05 0.846908 0.0260384 0.0525435 0.0744105
9.997E-05 9.997E-05 9.997E-05 0.9996 9.997E-05
9.997E-05 9.997E-05 9.997E-05 0.9996 9.997E-05
9.99731E-05 0.952069 9.99731E-05 9.99731E-05 0.047631
0.0219111 0.875763 0.07048 9.9991E-05 0.0317457
0.0601066 0.309132 9.9982E-05 9.9982E-05 0.630561
0.0660592 0.54637 0.103949 0.283522 9.9991E-05
0.00771138 0.543827 0.09152 0.356841 9.9991E-05
0.610534 9.9991E-05 0.0368276 0.0394682 0.31307
