9.99639E-05 0.98632 0.00585321 9.99639E-05 0.00742648 9.99639E-05 9.99639E-05
0.190251 0.22815 9.9973E-05 9.9973E-05 0.23143 9.9973E-05 0.349869
0.0106917 9.99822E-05 0.0714053 0.0378952 9.99822E-05 0.0815029 0.798305
9.9955E-05 9.9955E-05 0.0240516 9.9955E-05 9.9955E-05 9.9955E-05 0.975449
0.223714 0.0426623 9.99731E-05 9.99731E-05 0.254324 9.99731E-05 0.479
9.9955E-05 9.9955E-05 0.0121809 9.9955E-05 9.9955E-05 9.9955E-05 0.987319
0.279253 9.99732E-05 9.99732E-05 9.99732E-05 0.254266 0.432597 0.0335843
0.374825 9.99731E-05 0.00379175 9.99731E-05 0.179992 9.99731E-05 0.441091
0.346923 9.99731E-05 9.99731E-05 9.99731E-05 0.350516 0.276007 0.026254
9.995E-05 9.995E-05 9.995E-05 9.995E-05 0.9994 9.995E-05 9.995E-05
9.995E-05 9.995E-05 9.995E-05 9.995E-05 0.9994 9.995E-05 9.995E-05
9.9973E-05 0.675527 0.140944 9.9973E-05 9.9973E-05 0.181002 0.00222684
9.99551E-05 9.99551E-05 9.99551E-05 9.99551E-05 9.99551E-05 0.994408 0.00509248
9.9973E-05 0.00880306 0.0033437 0.0133057 9.9973E-05 9.9973E-05 0.974248
9.9973E-05 0.0503176 9.9973E-05 0.0098893 0.00941803 9.9973E-05 0.930075
0.0171248 0.122888 9.9982E-05 9.9982E-05 0.508516 0.343796 0.00747519
9.9973E-05 9.9973E-05 0.34124 0.0817264 0.36328 0.213453 9.9973E-05
0.00470171 0.0807969 9.99729E-05 0.69703 0.217171 9.99729E-05 9.99729E-05
9.9955E-05 9.9955E-05 0.0568574 0.942643 9.9955E-05 9.9955E-05 9.9955E-05
9.9973E-05 0.129069 0.0703549 9.9973E-05 0.756554 0.0437222 9.9973E-05
9.995E-05 9.995E-05 9.995E-05 0.9994 9.995E-05 9.995E-05 9.995E-05
9.9973E-05 0.600136 0.0219669 9.9973E-05 0.287509 0.0900877 9.9973E-05
0.0186271 9.9973E-05 0.329279 0.3993 0.252494 9.9973E-05 9.9973E-05
9.99639E-05 9.99639E-05 0.0918133 0.856567 0.0512198 9.99639E-05 9.99639E-05
0.00972099 9.99551E-05 9.99551E-05 9.99551E-05 9.99551E-05 9.99551E-05 0.989779
9.995E-05 9.995E-05 9.995E-05 9.995E-05 9.995E-05 9.995E-05 0.9994
9.99729E-05 0.112793 0.0622473 9.99729E-05 0.0589611 0.765699 9.99729E-05
0.0801526 9.9973E-05 0.00270575 9.9973E-05 9.9973E-05 0.00215424 0.914687
0.0439652 0.00421262 9.9973E-05 9.9973E-05 9.9973E-05 0.0205371 0.930985
0.262617 9.99731E-05 0.0260878 0.0348883 9.99731E-05 9.99731E-05 0.676107
0.256442 9.99641E-05 0.069913 9.99641E-05 9.99641E-05 9.99641E-05 0.673246
0.456196 0.226061 9.99731E-05 9.99731E-05 0.169911 9.99731E-05 0.147532
9.995E-05 9.995E-05 9.995E-05 9.995E-05 9.995E-05 9.995E-05 0.9994
0.901254 9.9973E-05 0.00751964 9.9973E-05 9.9973E-05 0.0294649 0.0614616
0.0153786 0.0855533 0.219525 9.9991E-05 0.0622607 0.566904 0.0502786
9.99729E-05 0.0147943 0.0224536 9.99729E-05 9.99729E-05 0.00569589 0.956756
9.9955E-05 0.971265 9.9955E-05 9.9955E-05 9.9955E-05 9.9955E-05 0.0282353
0.0503718 0.0726818 9.9982E-05 0.019044 0.802225 9.9982E-05 0.055477
9.999E-05 0.0130121 0.362886 0.0629868 0.273195 0.162792 0.125027
9.99729E-05 0.317553 0.00888005 9.99729E-05 0.563258 9.99729E-05 0.110009
9.9982E-05 0.344773 0.0239588 0.00278454 0.583157 9.9982E-05 0.0451262
9.9955E-05 9.9955E-05 9.9955E-05 0.00457456 0.994926 9.9955E-05 9.9955E-05
0.00961439 0.166445 9.9973E-05 9.9973E-05 0.615764 0.207877 9.9973E-05
9.9964E-05 9.9964E-05 0.0480708 9.9964E-05 0.920144 0.0313854 9.9964E-05
9.9982E-05 0.0387629 0.137644 0.119709 0.564121 0.139563 9.9982E-05
9.999E-05 0.135593 0.0242239 0.0456352 0.709736 0.0201116 0.0646006
0.0285679 0.194364 0.138695 9.9991E-05 0.331166 0.193793 0.113314
9.99553E-05 0.995584 9.99553E-05 0.00391628 9.99553E-05 9.99553E-05 9.99553E-05
0.9994 9.995E-05 9.995E-05 9.995E-05 9.995E-05 9.995E-05 9.995E-05
0.9994 9.995E-05 9.995E-05 9.995E-05 9.995E-05 9.995E-05 9.995E-05
0.9994 9.995E-05 9.995E-05 9.995E-05 9.995E-05 9.995E-05 9.995E-05
0.9994 9.995E-05 9.995E-05 9.995E-05 9.995E-05 9.995E-05 9.995E-05
0.9994 9.995E-05 9.995E-05 9.995E-05 9.995E-05 9.995E-05 9.995E-05
0.584907 9.99731E-05 9.99731E-05 9.99731E-05 0.126115 0.0509163 0.237762
0.985364 0.0141362 9.99549E-05 9.99549E-05 9.99549E-05 9.99549E-05 9.99549E-05
9.99639E-05 0.905424 9.99639E-05 9.99639E-05 0.0344863 0.0596896 9.99639E-05
0.506372 0.228409 9.9973E-05 9.9973E-05 0.159665 9.9973E-05 0.105255
9.99549E-05 0.00123524 9.99549E-05 9.99549E-05 9.99549E-05 9.99549E-05 0.998265
9.9964E-05 0.123994 0.038147 9.9964E-05 9.9964E-05 0.837459 9.9964E-05
9.9973E-05 0.2111 9.9973E-05 9.9973E-05 0.398349 0.345579 0.0446723
9.995E-05 9.995E-05 9.995E-05 9.995E-05 9.995E-05 0.9994 9.995E-05
9.99639E-05 0.0187549 9.99639E-05 9.99639E-05 0.128035 0.85281 9.99639E-05
9.99729E-05 0.0312169 0.0966815 9.99729E-05 0.0180754 0.853726 9.99729E-05
9.99551E-05 0.105362 9.99551E-05 0.894138 9.99551E-05 9.99551E-05 9.99551E-05
9.995E-05 9.995E-05 9.995E-05 9.995E-05 9.995E-05 9.995E-05 0.9994
0.133122 0.125896 0.110534 0.0393623 0.182944 0.101611 0.306531
9.99552E-05 9.99552E-05 9.99552E-05 9.99552E-05 9.99552E-05 0.0165324 0.982968
0.0211098 0.0445833 9.9964E-05 9.9964E-05 9.9964E-05 9.9964E-05 0.933907
0.0755087 9.9964E-05 9.9964E-05 9.9964E-05 9.9964E-05 0.0106975 0.913394
0.028819 9.9973E-05 9.9973E-05 0.0106419 9.9973E-05 0.0210304 0.939209
9.99551E-05 9.99551E-05 9.99551E-05 9.99551E-05 0.0926305 9.99551E-05 0.90687
0.00200062 9.9955E-05 9.9955E-05 9.9955E-05 9.9955E-05 9.9955E-05 0.9975
0.474097 9.99643E-05 9.99643E-05 9.99643E-05 0.0536906 9.99643E-05 0.471813
0.329677 9.99642E-05 9.99642E-05 9.99642E-05 9.99642E-05 0.168512 0.501412
9.9955E-05 9.9955E-05 9.9955E-05 9.9955E-05 0.030053 9.9955E-05 0.969447
0.0387138 0.122277 0.0212903 9.9991E-05 0.664767 0.0709307 0.0819219
0.0774797 0.117799 0.0166526 9.9991E-05 0.633532 0.0870782 0.0673575
9.995E-05 9.995E-05 0.9994 9.995E-05 9.995E-05 9.995E-05 9.995E-05
9.995E-05 9.995E-05 0.9994 9.995E-05 9.995E-05 9.995E-05 9.995E-05
9.9955E-05 0.0468679 9.9955E-05 9.9955E-05 0.952632 9.9955E-05 9.9955E-05
9.9964E-05 0.0320682 9.9964E-05 9.9964E-05 0.938547 0.0289852 9.9964E-05
0.00190793 9.9964E-05 0.993279 9.9964E-05 0.00441292 9.9964E-05 9.9964E-05
9.995E-05 9.995E-05 0.9994 9.995E-05 9.995E-05 9.995E-05 9.995E-05
9.99549E-05 0.966449 9.99549E-05 9.99549E-05 9.99549E-05 0.0330512 9.99549E-05
0.00185909 0.116401 9.9991E-05 0.0457969 0.544695 0.28956 0.00158845
0.528754 0.205089 9.9973E-05 9.9973E-05 0.151098 9.9973E-05 0.114759
0.00314519 9.9991E-05 0.27923 0.105982 0.227053 0.354505 0.0299853
9.99731E-05 0.189463 0.292043 0.0722494 9.99731E-05 0.445945 9.99731E-05
0.290557 9.99731E-05 0.0609269 0.0292321 9.99731E-05 9.99731E-05 0.618984
