0.0238851 0.961574 9.99639E-05 9.99639E-05 0.0141406 9.99639E-05 9.99639E-05
0.183225 0.237024 0.237619 0.320673 0.0212593 9.9982E-05 9.9982E-05
9.99822E-05 9.99822E-05 0.06686 0.787542 0.0588452 0.0593177 0.0272356
0.000371518 9.9964E-05 9.9964E-05 0.95263 0.0465985 9.9964E-05 9.9964E-05
0.220502 0.0953764 0.232158 0.451663 9.99731E-05 9.99731E-05 9.99731E-05
9.995E-05 9.995E-05 9.995E-05 0.9994 9.995E-05 9.995E-05 9.995E-05
0.203406 9.99731E-05 0.355007 0.00987434 9.99731E-05 0.431413 9.99731E-05
0.168814 9.99731E-05 0.401303 0.428257 0.00132582 9.99731E-05 9.99731E-05
0.244503 9.99641E-05 0.415559 9.99641E-05 9.99641E-05 0.339538 9.99641E-05
0.9994 9.995E-05 9.995E-05 9.995E-05 9.995E-05 9.995E-05 9.995E-05
0.9994 9.995E-05 9.995E-05 9.995E-05 9.995E-05 9.995E-05 9.995E-05
9.9973E-05 0.665052 9.9973E-05 0.000844248 0.139572 0.194231 9.9973E-05
9.995E-05 9.995E-05 9.995E-05 9.995E-05 9.995E-05 0.9994 9.995E-05
9.9964E-05 0.0361798 9.9964E-05 0.944983 9.9964E-05 9.9964E-05 0.0184369
9.9955E-05 0.0364112 9.9955E-05 0.963089 9.9955E-05 9.9955E-05 9.9955E-05
0.546128 0.0447237 0.0290561 0.00929571 9.9982E-05 0.370597 9.9982E-05
0.372372 0.0461049 9.9982E-05 9.9982E-05 0.318868 0.170891 0.0915634
0.164406 0.0558182 0.0544778 9.9973E-05 9.9973E-05 9.9973E-05 0.724998
9.9955E-05 9.9955E-05 9.9955E-05 9.9955E-05 0.082713 9.9955E-05 0.916787
0.7212 0.16831 9.9973E-05 9.9973E-05 0.0574702 0.0527198 9.9973E-05
9.9955E-05 9.9955E-05 0.00447855 9.9955E-05 9.9955E-05 9.9955E-05 0.995022
0.332048 0.555713 9.9973E-05 9.9973E-05 0.00638136 0.105557 9.9973E-05
0.28542 9.9973E-05 9.9973E-05 0.00978603 0.317022 9.9973E-05 0.387472
9.99549E-05 9.99549E-05 9.99549E-05 9.99549E-05 0.0835453 9.99549E-05 0.915955
9.995E-05 9.995E-05 9.995E-05 0.9994 9.995E-05 9.995E-05 9.995E-05
9.995E-05 9.995E-05 9.995E-05 0.9994 9.995E-05 9.995E-05 9.995E-05
0.0640168 0.0957279 9.99729E-05 9.99729E-05 0.0740456 0.76591 9.99729E-05
9.9955E-05 9.9955E-05 0.0766155 0.922885 9.9955E-05 9.9955E-05 9.9955E-05
9.9964E-05 9.9964E-05 0.0675861 0.929002 9.9964E-05 0.00301234 9.9964E-05
9.9982E-05 0.0154826 0.232403 0.684906 9.9982E-05 0.0360039 0.0310039
9.99641E-05 9.99641E-05 0.263087 0.685943 0.0505702 9.99641E-05 9.99641E-05
0.148215 0.202137 0.557259 0.0920889 9.99731E-05 9.99731E-05 9.99731E-05
9.99551E-05 9.99551E-05 0.000314834 0.999185 9.99551E-05 9.99551E-05 9.99551E-05
9.99551E-05 9.99551E-05 0.889299 0.110201 9.99551E-05 9.99551E-05 9.99551E-05
0.0534379 0.0912836 9.99819E-05 0.0502113 0.22949 0.575377 9.99819E-05
9.99639E-05 9.99639E-05 9.99639E-05 0.976259 0.000837434 0.0225034 9.99639E-05
9.9955E-05 0.98887 9.9955E-05 0.0106306 9.9955E-05 9.9955E-05 9.9955E-05
0.747679 0.138568 0.0495778 0.0498296 9.9982E-05 9.9982E-05 0.0141458
0.173695 0.0456183 9.9991E-05 0.147841 0.375878 0.193597 0.0632703
0.618033 0.272446 9.99729E-05 0.0978412 0.0113796 9.99729E-05 9.99729E-05
0.638981 0.295476 9.9982E-05 0.0501974 0.00878773 9.9982E-05 0.00635769
0.986851 0.0126493 9.9955E-05 9.9955E-05 9.9955E-05 9.9955E-05 9.9955E-05
0.571113 0.125523 0.0171985 9.9973E-05 9.9973E-05 0.285865 9.9973E-05
0.926553 0.0164853 9.9973E-05 9.9973E-05 0.0283804 0.0282813 9.9973E-05
0.508349 0.0966966 9.9982E-05 9.9982E-05 0.125104 0.152207 0.117443
0.659607 0.139018 9.9982E-05 0.0973567 9.9982E-05 0.0428662 0.0609516
0.265872 0.301809 0.0509089 0.0812876 0.0792194 0.220803 9.9991E-05
9.99553E-05 0.996086 9.99553E-05 9.99553E-05 9.99553E-05 9.99553E-05 0.00341467
9.995E-05 9.995E-05 0.9994 9.995E-05 9.995E-05 9.995E-05 9.995E-05
9.995E-05 9.995E-05 0.9994 9.995E-05 9.995E-05 9.995E-05 9.995E-05
9.9955E-05 9.9955E-05 0.996545 9.9955E-05 0.00295518 9.9955E-05 9.9955E-05
9.995E-05 9.995E-05 0.9994 9.995E-05 9.995E-05 9.995E-05 9.995E-05
9.995E-05 9.995E-05 0.9994 9.995E-05 9.995E-05 9.995E-05 9.995E-05
0.108684 9.99821E-05 0.590951 0.215707 9.99821E-05 0.0475751 0.0368835
9.99549E-05 0.0139325 0.985568 9.99549E-05 9.99549E-05 9.99549E-05 9.99549E-05
0.0407882 0.871174 9.99639E-05 9.99639E-05 9.99639E-05 0.0876377 9.99639E-05
0.139983 0.227727 0.505314 0.119763 0.00701299 9.9982E-05 9.9982E-05
9.995E-05 9.995E-05 9.995E-05 0.9994 9.995E-05 9.995E-05 9.995E-05
9.9973E-05 0.101548 0.00725154 9.9973E-05 0.0521559 0.838744 9.9973E-05
0.430675 0.138635 9.9973E-05 0.0585363 9.9973E-05 0.371854 9.9973E-05
9.995E-05 9.995E-05 9.995E-05 9.995E-05 9.995E-05 0.9994 9.995E-05
0.106291 9.99639E-05 9.99639E-05 9.99639E-05 0.00839536 0.884914 9.99639E-05
0.058212 9.99639E-05 9.99639E-05 9.99639E-05 0.0957075 0.845681 9.99639E-05
9.99551E-05 0.114758 9.99551E-05 9.99551E-05 9.99551E-05 9.99551E-05 0.884742
9.995E-05 9.995E-05 9.995E-05 0.9994 9.995E-05 9.995E-05 9.995E-05
0.164446 0.184693 0.15299 0.259969 0.0273475 0.148482 0.0620724
9.99642E-05 9.99642E-05 0.0320618 0.964852 9.99642E-05 0.0026865 9.99642E-05
9.9964E-05 0.0460586 0.0125803 0.940961 9.9964E-05 9.9964E-05 9.9964E-05
9.9964E-05 9.9964E-05 0.0982489 0.887825 9.9964E-05 0.0135265 9.9964E-05
9.9973E-05 9.9973E-05 0.0551298 0.917901 9.9973E-05 0.0181569 0.00851198
0.0685865 9.99551E-05 9.99551E-05 0.930914 9.99551E-05 9.99551E-05 9.99551E-05
9.9955E-05 9.9955E-05 0.0306417 0.968859 9.9955E-05 9.9955E-05 9.9955E-05
0.013728 9.99643E-05 0.471566 0.514307 9.99643E-05 9.99643E-05 9.99643E-05
9.99642E-05 9.99642E-05 0.299816 0.501069 9.99642E-05 0.198716 9.99642E-05
9.9973E-05 9.9973E-05 0.00984671 0.977277 0.000378328 9.9973E-05 0.012198
0.649909 0.0847155 0.0572407 0.0704506 0.0322514 0.105332 9.9991E-05
0.666161 0.0614469 0.059901 0.0669197 0.00631866 0.139153 9.9991E-05
9.995E-05 9.995E-05 9.995E-05 9.995E-05 0.9994 9.995E-05 9.995E-05
9.995E-05 9.995E-05 9.995E-05 9.995E-05 0.9994 9.995E-05 9.995E-05
0.956895 0.023035 9.9964E-05 9.9964E-05 9.9964E-05 0.0196703 9.9964E-05
0.94638 0.00189115 9.9964E-05 9.9964E-05 9.9964E-05 0.0513288 9.9964E-05
9.9955E-05 9.9955E-05 0.00756318 9.9955E-05 0.991937 9.9955E-05 9.9955E-05
9.995E-05 9.995E-05 9.995E-05 9.995E-05 0.9994 9.995E-05 9.995E-05
9.99549E-05 0.966733 9.99549E-05 9.99549E-05 9.99549E-05 0.0327672 9.99549E-05
0.578672 0.0683219 0.00637482 9.9982E-05 9.9982E-05 0.304164 0.0422676
0.21316 0.162851 0.516095 0.107594 9.9973E-05 9.9973E-05 9.9973E-05
0.190835 9.99821E-05 9.99821E-05 0.0620174 0.20046 0.396722 0.149765
9.99731E-05 0.205103 9.99731E-05 9.99731E-05 0.283791 0.450968 0.0598382
0.000313969 9.99821E-05 0.333722 0.583113 0.0500166 9.99821E-05 0.0326347
