9.999E-05 9.999E-05 0.9998
9.999E-05 0.531066 0.468834
0.0409586 0.857006 0.102036
9.999E-05 0.9998 9.999E-05
9.9991E-05 0.727438 0.272462
9.999E-05 0.9998 9.999E-05
9.999E-05 0.326698 0.673202
9.999E-05 0.820839 0.179061
9.99911E-05 0.368253 0.631647
9.9991E-05 0.0378458 0.962054
9.9991E-05 0.0022341 0.997666
9.9991E-05 0.0152336 0.984666
9.99911E-05 0.0115266 0.988373
0.0191697 0.98073 9.9991E-05
0.00428428 0.993463 0.00225224
9.9991E-05 0.0569314 0.942969
0.187037 0.0275442 0.785419
0.775167 0.0689977 0.155835
0.9998 9.999E-05 9.999E-05
9.999E-05 9.999E-05 0.9998
0.9998 9.999E-05 9.999E-05
9.999E-05 9.999E-05 0.9998
0.542052 0.101193 0.356755
0.998727 9.9991E-05 0.00117273
9.999E-05 0.9998 9.999E-05
9.999E-05 0.9998 9.999E-05
9.999E-05 9.999E-05 0.9998
9.999E-05 0.9998 9.999E-05
9.999E-05 0.9998 9.999E-05
0.0520248 0.938233 0.00974236
0.0407794 0.959121 9.9991E-05
9.99911E-05 0.55527 0.44463
9.999E-05 0.9998 9.999E-05
9.9991E-05 0.823662 0.176238
9.9991E-05 0.0832484 0.916652
9.9991E-05 0.998575 0.0013249
9.9991E-05 0.0572141 0.942686
0.0384912 0.155225 0.806284
0.176209 0.15414 0.669652
9.9991E-05 0.128185 0.871715
0.00728598 0.100183 0.892532
0.0305714 9.9991E-05 0.969329
9.999E-05 9.999E-05 0.9998
9.9991E-05 0.00673809 0.993162
0.142456 0.000220148 0.857324
0.0660635 0.12465 0.809286
0.00895286 0.163332 0.827715
0.00266093 9.99911E-05 0.997239
0.0466382 0.830609 0.122753
0.0317893 0.806282 0.161929
0.0417198 0.824297 0.133984
0.0404087 0.844214 0.115378
0.0164509 0.866281 0.117268
0.0531323 0.734798 0.21207
9.9991E-05 0.780583 0.219317
9.999E-05 9.999E-05 0.9998
9.9991E-05 0.579557 0.420343
9.999E-05 0.9998 9.999E-05
9.999E-05 9.999E-05 0.9998
9.9991E-05 0.05 0.9499
9.999E-05 9.999E-05 0.9998
9.999E-05 9.999E-05 0.9998
0.00552812 9.9991E-05 0.994372
0.94374 0.0145754 0.0416842
9.999E-05 0.9998 9.999E-05
0.0434269 0.430487 0.526086
9.999E-05 0.9998 9.999E-05
9.999E-05 0.9998 9.999E-05
9.999E-05 0.9998 9.999E-05
0.000887601 0.999012 9.9991E-05
9.9991E-05 0.969538 0.0303617
9.999E-05 0.9998 9.999E-05
9.99911E-05 0.951703 0.0481972
0.0135429 0.887046 0.0994107
0.000388884 0.999511 9.9991E-05
9.9991E-05 0.15673 0.84317
9.9991E-05 0.128886 0.871014
0.251709 0.115615 0.632676
0.224933 0.0996677 0.675399
9.9991E-05 0.0596444 0.940256
9.9991E-05 0.0202013 0.979699
0.234159 0.140532 0.625309
0.240216 0.125355 0.634429
9.999E-05 9.999E-05 0.9998
0.0346948 0.0272318 0.938073
9.9991E-05 0.575002 0.424898
0.178934 0.0988237 0.722243
0.165598 9.99911E-05 0.834302
0.0622209 0.937679 9.9991E-05
