9.98828E-05 9.98828E-05 9.98828E-05 9.98828E-05 0.934761 0.0227819 0.00901214 9.98828E-05 0.0321461 9.98828E-05 9.98828E-05 9.98828E-05 9.98828E-05 9.98828E-05 9.98828E-05 9.98828E-05 9.98828E-05
9.98917E-05 0.102158 9.98917E-05 0.666924 0.049168 0.00804511 9.98917E-05 9.98917E-05 9.98917E-05 9.98917E-05 9.98917E-05 0.172507 9.98917E-05 9.98917E-05 9.98917E-05 9.98917E-05 9.98917E-05
9.98561E-05 9.98561E-05 9.98561E-05 9.98561E-05 9.98561E-05 9.98561E-05 9.98561E-05 9.98561E-05 9.98561E-05 0.998402 9.98561E-05 9.98561E-05 9.98561E-05 9.98561E-05 9.98561E-05 9.98561E-05 9.98561E-05
9.9892E-05 9.9892E-05 9.9892E-05 9.9892E-05 9.9892E-05 0.0297073 9.9892E-05 0.0676976 9.9892E-05 9.9892E-05 0.00854224 0.891452 9.9892E-05 9.9892E-05 9.9892E-05 0.00140232 9.9892E-05
0.0665906 9.99191E-05 9.99191E-05 0.362677 9.99191E-05 9.99191E-05 9.99191E-05 9.99191E-05 0.0893557 0.0234033 0.216812 0.219111 9.99191E-05 0.000900366 9.99191E-05 0.0202511 9.99191E-05
0.00632458 9.98741E-05 9.98741E-05 9.98741E-05 9.98741E-05 9.98741E-05 9.98741E-05 9.98741E-05 9.98741E-05 9.98741E-05 0.0102139 0.982063 9.98741E-05 9.98741E-05 9.98741E-05 9.98741E-05 9.98741E-05
9.98833E-05 9.98833E-05 0.00588695 0.71496 9.98833E-05 9.98833E-05 9.98833E-05 9.98833E-05 9.98833E-05 9.98833E-05 9.98833E-05 9.98833E-05 9.98833E-05 9.98833E-05 0.276199 9.98833E-05 0.00165527
9.99279E-05 9.99279E-05 0.389637 0.109689 9.99279E-05 0.0117782 9.99279E-05 0.00117493 0.0644808 0.0284565 0.279232 0.00420039 9.99279E-05 9.99279E-05 9.99279E-05 0.110551 9.99279E-05
9.98922E-05 9.98922E-05 0.0348074 0.719487 9.98922E-05 9.98922E-05 9.98922E-05 9.98922E-05 0.000492715 9.98922E-05 9.98922E-05 9.98922E-05 9.98922E-05 9.98922E-05 0.226779 9.98922E-05 0.0172344
9.98564E-05 9.98564E-05 9.98564E-05 9.98564E-05 9.98564E-05 9.98564E-05 9.98564E-05 9.98564E-05 0.998402 9.98564E-05 9.98564E-05 9.98564E-05 9.98564E-05 9.98564E-05 9.98564E-05 9.98564E-05 9.98564E-05
9.98654E-05 9.98654E-05 9.98654E-05 9.98654E-05 9.98654E-05 9.98654E-05 9.98654E-05 9.98654E-05 0.996496 9.98654E-05 9.98654E-05 9.98654E-05 9.98654E-05 0.00200585 9.98654E-05 9.98654E-05 9.98654E-05
9.9892E-05 9.9892E-05 9.9892E-05 9.9892E-05 0.621675 0.086537 9.9892E-05 0.0385449 9.9892E-05 9.9892E-05 9.9892E-05 9.9892E-05 9.9892E-05 0.101315 0.150729 9.9892E-05 9.9892E-05
9.98833E-05 9.98833E-05 0.0133202 9.98833E-05 9.98833E-05 9.98833E-05 9.98833E-05 0.00251879 9.98833E-05 9.98833E-05 0.0408728 9.98833E-05 9.98833E-05 9.98833E-05 0.94199 9.98833E-05 9.98833E-05
9.98832E-05 9.98832E-05 9.98832E-05 0.0281554 9.98832E-05 9.98832E-05 9.98832E-05 9.98832E-05 9.98832E-05 9.98832E-05 9.98832E-05 0.960583 0.00314032 0.0068233 9.98832E-05 9.98832E-05 9.98832E-05
9.98742E-05 9.98742E-05 9.98742E-05 9.98742E-05 0.00992422 9.98742E-05 0.0110833 9.98742E-05 9.98742E-05 9.98742E-05 9.98742E-05 0.977594 9.98742E-05 9.98742E-05 9.98742E-05 9.98742E-05 9.98742E-05
0.0618452 9.98919E-05 9.98919E-05 9.98919E-05 9.98919E-05 9.98919E-05 9.98919E-05 9.98919E-05 0.0134552 9.98919E-05 9.98919E-05 9.98919E-05 9.98919E-05 0.0675095 0.104098 9.98919E-05 0.751893
9.9874E-05 0.912121 9.9874E-05 9.9874E-05 9.9874E-05 9.9874E-05 0.00197065 9.9874E-05 0.0845101 9.9874E-05 9.9874E-05 9.9874E-05 9.9874E-05 9.9874E-05 9.9874E-05 9.9874E-05 9.9874E-05
9.99099E-05 0.0149067 9.99099E-05 0.0174621 9.99099E-05 9.99099E-05 9.99099E-05 9.99099E-05 0.176857 0.0251419 9.99099E-05 9.99099E-05 0.69869 9.99099E-05 9.99099E-05 0.0290063 0.0369373
9.9874E-05 9.9874E-05 9.9874E-05 9.9874E-05 9.9874E-05 0.079255 9.9874E-05 9.9874E-05 9.9874E-05 9.9874E-05 9.9874E-05 9.9874E-05 0.873011 0.0463356 9.9874E-05 9.9874E-05 9.9874E-05
0.0527749 9.99008E-05 9.99008E-05 9.99008E-05 0.0761992 0.000126859 9.99008E-05 9.99008E-05 0.434972 9.99008E-05 9.99008E-05 9.99008E-05 9.99008E-05 0.140808 9.99008E-05 9.99008E-05 0.294021
9.98561E-05 9.98561E-05 9.98561E-05 9.98561E-05 9.98561E-05 9.98561E-05 9.98561E-05 9.98561E-05 9.98561E-05 9.98561E-05 9.98561E-05 9.98561E-05 0.998402 9.98561E-05 9.98561E-05 9.98561E-05 9.98561E-05
0.0236604 0.0442807 9.9919E-05 9.9919E-05 0.490158 0.0024017 9.9919E-05 9.9919E-05 0.0910346 9.9919E-05 9.9919E-05 9.9919E-05 9.9919E-05 0.0446141 0.0355479 9.9919E-05 0.267403
9.98559E-05 9.98559E-05 9.98559E-05 9.98559E-05 9.98559E-05 9.98559E-05 0.998402 9.98559E-05 9.98559E-05 9.98559E-05 9.98559E-05 9.98559E-05 9.98559E-05 9.98559E-05 9.98559E-05 9.98559E-05 9.98559E-05
0.101732 9.98739E-05 9.98739E-05 9.98739E-05 9.98739E-05 9.98739E-05 0.149484 9.98739E-05 9.98739E-05 9.98739E-05 9.98739E-05 9.98739E-05 0.747386 9.98739E-05 9.98739E-05 9.98739E-05 9.98739E-05
9.98744E-05 9.98744E-05 9.98744E-05 9.98744E-05 9.98744E-05 9.98744E-05 9.98744E-05 0.655454 9.98744E-05 0.0126425 9.98744E-05 0.330506 9.98744E-05 9.98744E-05 9.98744E-05 9.98744E-05 9.98744E-05
9.98652E-05 9.98652E-05 9.98652E-05 9.98652E-05 9.98652E-05 9.98652E-05 9.98652E-05 0.208727 9.98652E-05 9.98652E-05 9.98652E-05 0.789775 9.98652E-05 9.98652E-05 9.98652E-05 9.98652E-05 9.98652E-05
9.99008E-05 0.0451932 9.99008E-05 9.99008E-05 0.0900812 0.057589 9.99008E-05 9.99008E-05 0.0573398 9.99008E-05 9.99008E-05 9.99008E-05 9.99008E-05 9.99008E-05 0.737895 9.99008E-05 0.0108026
9.98561E-05 9.98561E-05 9.98561E-05 9.98561E-05 9.98561E-05 9.98561E-05 9.98561E-05 0.998402 9.98561E-05 9.98561E-05 9.98561E-05 9.98561E-05 9.98561E-05 9.98561E-05 9.98561E-05 9.98561E-05 9.98561E-05
9.98894E-05 9.98894E-05 9.98894E-05 9.98894E-05 9.98894E-05 9.98894E-05 9.98894E-05 0.972848 9.98894E-05 0.00803612 9.98894E-05 9.98894E-05 9.98894E-05 9.98894E-05 0.0022838 0.0155336 9.98894E-05
0.000657169 9.99192E-05 9.99192E-05 9.99192E-05 0.0143986 9.99192E-05 9.99192E-05 0.133195 9.99192E-05 9.99192E-05 0.483404 0.246665 0.00676114 9.99192E-05 0.0086372 0.105382 9.99192E-05
0.0114148 0.000332311 9.98828E-05 9.98828E-05 9.98828E-05 9.98828E-05 9.98828E-05 9.98828E-05 9.98828E-05 9.98828E-05 0.907374 0.0795808 9.98828E-05 9.98828E-05 9.98828E-05 9.98828E-05 9.98828E-05
9.98743E-05 9.98743E-05 9.98743E-05 0.949527 9.98743E-05 0.00833332 9.98743E-05 9.98743E-05 9.98743E-05 9.98743E-05 9.98743E-05 9.98743E-05 9.98743E-05 9.98743E-05 9.98743E-05 0.040741 9.98743E-05
9.98832E-05 9.98832E-05 0.17333 9.98832E-05 9.98832E-05 9.98832E-05 9.98832E-05 0.363186 9.98832E-05 0.000379546 9.98832E-05 0.461806 9.98832E-05 9.98832E-05 9.98832E-05 9.98832E-05 9.98832E-05
0.0212667 9.98922E-05 0.183957 0.00607606 9.98922E-05 9.98922E-05 9.98922E-05 9.98922E-05 9.98922E-05 9.98922E-05 0.08337 9.98922E-05 9.98922E-05 9.98922E-05 9.98922E-05 0.704132 9.98922E-05
0.140972 0.230818 0.0143271 9.99097E-05 0.0251058 0.0690389 9.99097E-05 9.99097E-05 9.99097E-05 9.99097E-05 0.0540496 9.99097E-05 9.99097E-05 9.99097E-05 0.464689 9.99097E-05 9.99097E-05
0.0105992 0.0046166 0.0299445 9.99009E-05 9.99009E-05 9.99009E-05 9.99009E-05 0.598752 9.99009E-05 9.99009E-05 9.99009E-05 0.337915 9.99009E-05 0.017074 9.99009E-05 9.99009E-05 9.99009E-05
0.0024259 9.9883E-05 0.0293091 9.9883E-05 0.940561 9.9883E-05 9.9883E-05 9.9883E-05 9.9883E-05 0.0264057 9.9883E-05 9.9883E-05 9.9883E-05 9.9883E-05 9.9883E-05 9.9883E-05 9.9883E-05
9.99098E-05 0.018499 0.0758649 0.118561 0.156471 9.99098E-05 0.0649834 9.99098E-05 0.561221 9.99098E-05 9.99098E-05 9.99098E-05 9.99098E-05 9.99098E-05 9.99098E-05 0.00340177 9.99098E-05
9.98651E-05 0.986616 0.011886 9.98651E-05 9.98651E-05 9.98651E-05 9.98651E-05 9.98651E-05 9.98651E-05 9.98651E-05 9.98651E-05 9.98651E-05 9.98651E-05 9.98651E-05 9.98651E-05 9.98651E-05 9.98651E-05
9.98918E-05 0.148999 9.98918E-05 9.98918E-05 0.215828 9.98918E-05 9.98918E-05 9.98918E-05 0.277125 9.98918E-05 9.98918E-05 0.130697 9.98918E-05 9.98918E-05 9.98918E-05 9.98918E-05 0.226153
9.99008E-05 0.124336 9.99008E-05 9.99008E-05 0.255752 9.99008E-05 9.99008E-05 9.99008E-05 0.29778 9.99008E-05 9.99008E-05 0.0853074 0.0117792 9.99008E-05 9.99008E-05 9.99008E-05 0.223946
0.0663502 0.00880499 9.99009E-05 9.99009E-05 0.0715974 9.99009E-05 9.99009E-05 9.99009E-05 0.842392 9.99009E-05 9.99009E-05 9.99009E-05 9.99009E-05 9.99009E-05 0.0029017 9.99009E-05 0.00685508
9.98831E-05 9.98831E-05 9.98831E-05 9.98831E-05 9.98831E-05 9.98831E-05 9.98831E-05 9.98831E-05 0.0709004 9.98831E-05 9.98831E-05 9.98831E-05 0.00812725 9.98831E-05 0.0614604 9.98831E-05 0.858213
0.126151 9.98919E-05 9.98919E-05 9.98919E-05 0.000462588 9.98919E-05 9.98919E-05 9.98919E-05 0.823064 9.98919E-05 9.98919E-05 9.98919E-05 9.98919E-05 0.0367917 9.98919E-05 0.0123321 9.98919E-05
0.229007 9.99189E-05 9.99189E-05 0.060085 0.0639946 0.0180844 0.198061 9.99189E-05 0.264297 9.99189E-05 9.99189E-05 9.99189E-05 9.99189E-05 9.99189E-05 0.12738 9.99189E-05 0.0381925
0.283491 9.9901E-05 9.9901E-05 0.00878115 0.104298 9.9901E-05 9.9901E-05 9.9901E-05 0.379281 9.9901E-05 9.9901E-05 0.0626852 9.9901E-05 9.9901E-05 9.9901E-05 9.9901E-05 0.160365
0.461179 0.0743345 9.99098E-05 9.99098E-05 0.196174 9.99098E-05 9.99098E-05 9.99098E-05 0.0995674 0.0467185 0.0910075 9.99098E-05 9.99098E-05 9.99098E-05 0.0300202 9.99098E-05 9.99098E-05
9.98748E-05 9.98748E-05 9.98748E-05 9.98748E-05 0.987802 9.98748E-05 0.00782263 9.98748E-05 9.98748E-05 9.98748E-05 9.98748E-05 9.98748E-05 0.00297722 9.98748E-05 9.98748E-05 9.98748E-05 9.98748E-05
9.98562E-05 9.98562E-05 9.98562E-05 9.98562E-05 9.98562E-05 9.98562E-05 9.98562E-05 9.98562E-05 9.98562E-05 9.98562E-05 9.98562E-05 9.98562E-05 9.98562E-05 9.98562E-05 9.98562E-05 0.998402 9.98562E-05
9.98652E-05 9.98652E-05 9.98652E-05 9.98652E-05 9.98652E-05 9.98652E-05 9.98652E-05 9.98652E-05 0.00372705 9.98652E-05 9.98652E-05 9.98652E-05 9.98652E-05 9.98652E-05 9.98652E-05 0.994775 9.98652E-05
9.98652E-05 9.98652E-05 9.98652E-05 9.98652E-05 9.98652E-05 9.98652E-05 9.98652E-05 9.98652E-05 9.98652E-05 9.98652E-05 9.98652E-05 9.98652E-05 9.98652E-05 0.00940292 9.98652E-05 0.989099 9.98652E-05
9.98563E-05 9.98563E-05 9.98563E-05 9.98563E-05 9.98563E-05 9.98563E-05 9.98563E-05 9.98563E-05 9.98563E-05 9.98563E-05 9.98563E-05 9.98563E-05 9.98563E-05 9.98563E-05 9.98563E-05 0.998402 9.98563E-05
9.98563E-05 9.98563E-05 9.98563E-05 9.98563E-05 9.98563E-05 9.98563E-05 9.98563E-05 9.98563E-05 9.98563E-05 9.98563E-05 9.98563E-05 9.98563E-05 9.98563E-05 9.98563E-05 9.98563E-05 0.998402 9.98563E-05
9.99102E-05 9.99102E-05 0.151999 0.0136051 9.99102E-05 9.99102E-05 0.0921772 9.99102E-05 0.00240704 9.99102E-05 0.303043 9.99102E-05 9.99102E-05 9.99102E-05 9.99102E-05 0.384369 0.0514001
9.98831E-05 9.98831E-05 9.98831E-05 0.00526289 0.022855 9.98831E-05 9.98831E-05 9.98831E-05 9.98831E-05 9.98831E-05 9.98831E-05 9.98831E-05 9.98831E-05 9.98831E-05 9.98831E-05 0.931784 0.0387999
9.98737E-05 9.98737E-05 9.98737E-05 9.98737E-05 0.741605 9.98737E-05 9.98737E-05 9.98737E-05 9.98737E-05 9.98737E-05 9.98737E-05 9.98737E-05 9.98737E-05 0.138577 9.98737E-05 9.98737E-05 0.11842
9.99007E-05 9.99007E-05 9.99007E-05 0.851398 0.0402462 0.0292987 9.99007E-05 0.0230658 9.99007E-05 0.0052003 9.99007E-05 9.99007E-05 9.99007E-05 9.99007E-05 9.99007E-05 0.0496916 9.99007E-05
9.98829E-05 0.00821182 9.98829E-05 9.98829E-05 9.98829E-05 9.98829E-05 9.98829E-05 0.486655 9.98829E-05 0.0167218 9.98829E-05 0.487113 9.98829E-05 9.98829E-05 9.98829E-05 9.98829E-05 9.98829E-05
9.9901E-05 9.9901E-05 9.9901E-05 9.9901E-05 0.0211909 0.0345197 9.9901E-05 9.9901E-05 9.9901E-05 9.9901E-05 9.9901E-05 0.00647398 9.9901E-05 0.0447701 0.793099 9.9901E-05 0.0988479
0.0174395 9.98922E-05 9.98922E-05 9.98922E-05 9.98922E-05 9.98922E-05 9.98922E-05 9.98922E-05 9.98922E-05 0.00477741 9.98922E-05 9.98922E-05 9.98922E-05 0.0563686 0.0587758 9.98922E-05 0.86144
9.98654E-05 9.98654E-05 0.012976 9.98654E-05 9.98654E-05 9.98654E-05 9.98654E-05 9.98654E-05 9.98654E-05 9.98654E-05 9.98654E-05 9.98654E-05 9.98654E-05 9.98654E-05 0.985526 9.98654E-05 9.98654E-05
9.98829E-05 9.98829E-05 9.98829E-05 9.98829E-05 0.00250689 9.98829E-05 9.98829E-05 9.98829E-05 0.105016 0.0140468 9.98829E-05 9.98829E-05 9.98829E-05 9.98829E-05 0.877131 9.98829E-05 9.98829E-05
0.0479169 9.98918E-05 9.98918E-05 9.98918E-05 9.98918E-05 0.0596625 9.98918E-05 9.98918E-05 0.0667219 9.98918E-05 9.98918E-05 9.98918E-05 9.98918E-05 0.0367348 0.787765 9.98918E-05 9.98918E-05
9.98743E-05 9.98743E-05 9.98743E-05 0.00316974 0.0821953 9.98743E-05 9.98743E-05 9.98743E-05 9.98743E-05 9.98743E-05 9.98743E-05 9.98743E-05 0.913237 9.98743E-05 9.98743E-05 9.98743E-05 9.98743E-05
9.98746E-05 9.98746E-05 9.98746E-05 9.98746E-05 9.98746E-05 9.98746E-05 9.98746E-05 0.715605 0.0324786 9.98746E-05 9.98746E-05 0.250518 9.98746E-05 9.98746E-05 9.98746E-05 9.98746E-05 9.98746E-05
0.09803 0.14047 9.99551E-05 0.142073 9.99551E-05 9.99551E-05 0.00566421 0.103226 0.0474397 0.0881877 0.0330949 0.15473 0.0303735 9.99551E-05 9.99551E-05 0.0650769 0.0911351
9.98743E-05 9.98743E-05 0.11751 9.98743E-05 9.98743E-05 9.98743E-05 9.98743E-05 9.98743E-05 9.98743E-05 0.0683842 9.98743E-05 0.812708 9.98743E-05 9.98743E-05 9.98743E-05 9.98743E-05 9.98743E-05
9.9901E-05 0.0213384 9.9901E-05 9.9901E-05 0.00564711 9.9901E-05 9.9901E-05 0.220738 9.9901E-05 0.00356392 0.104551 0.643063 9.9901E-05 9.9901E-05 9.9901E-05 9.9901E-05 9.9901E-05
9.9874E-05 9.9874E-05 0.0132784 9.9874E-05 9.9874E-05 9.9874E-05 9.9874E-05 0.967858 9.9874E-05 9.9874E-05 9.9874E-05 9.9874E-05 9.9874E-05 9.9874E-05 9.9874E-05 9.9874E-05 0.0174654
9.98743E-05 9.98743E-05 9.98743E-05 9.98743E-05 9.98743E-05 9.98743E-05 9.98743E-05 0.989932 9.98743E-05 9.98743E-05 9.98743E-05 9.98743E-05 0.00300899 9.98743E-05 9.98743E-05 9.98743E-05 0.00566077
9.99101E-05 9.99101E-05 0.0192504 0.0107292 0.0189578 9.99101E-05 9.99101E-05 0.127503 0.0229377 9.99101E-05 0.262005 0.537618 9.99101E-05 9.99101E-05 9.99101E-05 9.99101E-05 9.99101E-05
9.98918E-05 0.00870121 9.98918E-05 9.98918E-05 9.98918E-05 9.98918E-05 9.98918E-05 0.436465 9.98918E-05 9.98918E-05 0.0201373 0.494638 9.98918E-05 0.0388605 9.98918E-05 9.98918E-05 9.98918E-05
9.9892E-05 0.0141217 0.959153 9.9892E-05 9.9892E-05 9.9892E-05 9.9892E-05 9.9892E-05 9.9892E-05 9.9892E-05 0.000674004 0.00309706 9.9892E-05 9.9892E-05 9.9892E-05 0.021756 9.9892E-05
9.98651E-05 9.98651E-05 0.978644 9.98651E-05 9.98651E-05 9.98651E-05 9.98651E-05 9.98651E-05 9.98651E-05 9.98651E-05 9.98651E-05 9.98651E-05 9.98651E-05 9.98651E-05 0.019858 9.98651E-05 9.98651E-05
9.98922E-05 9.98922E-05 9.98922E-05 9.98922E-05 9.98922E-05 0.00314012 0.00791255 0.101494 9.98922E-05 9.98922E-05 9.98922E-05 0.847133 9.98922E-05 9.98922E-05 9.98922E-05 0.0391214 9.98922E-05
9.9874E-05 9.9874E-05 9.9874E-05 9.9874E-05 9.9874E-05 9.9874E-05 9.9874E-05 9.9874E-05 9.9874E-05 9.9874E-05 9.9874E-05 0.00502973 9.9874E-05 9.9874E-05 9.9874E-05 0.00387774 0.989694
9.98561E-05 9.98561E-05 9.98561E-05 9.98561E-05 9.98561E-05 9.98561E-05 9.98561E-05 9.98561E-05 9.98561E-05 9.98561E-05 9.98561E-05 9.98561E-05 9.98561E-05 9.98561E-05 9.98561E-05 9.98561E-05 0.998402
9.98653E-05 9.98653E-05 9.98653E-05 9.98653E-05 0.0151639 0.983338 9.98653E-05 9.98653E-05 9.98653E-05 9.98653E-05 9.98653E-05 9.98653E-05 9.98653E-05 9.98653E-05 9.98653E-05 9.98653E-05 9.98653E-05
9.98743E-05 9.98743E-05 9.98743E-05 9.98743E-05 9.98743E-05 0.996769 9.98743E-05 9.98743E-05 9.98743E-05 0.00153277 9.98743E-05 9.98743E-05 9.98743E-05 0.000300094 9.98743E-05 9.98743E-05 9.98743E-05
9.99099E-05 9.99099E-05 0.0281463 0.0028956 0.0537744 9.99099E-05 9.99099E-05 0.0090765 0.835653 9.99099E-05 9.99099E-05 9.99099E-05 9.99099E-05 9.99099E-05 0.0330298 9.99099E-05 0.0364257
9.9892E-05 9.9892E-05 9.9892E-05 9.9892E-05 0.00330698 9.9892E-05 9.9892E-05 0.0302112 0.807974 9.9892E-05 9.9892E-05 9.9892E-05 9.9892E-05 9.9892E-05 0.0664247 9.9892E-05 0.0908847
0.015652 0.0201731 0.0075544 9.98922E-05 9.98922E-05 0.954325 9.98922E-05 9.98922E-05 9.98922E-05 9.98922E-05 9.98922E-05 9.98922E-05 9.98922E-05 9.98922E-05 9.98922E-05 9.98922E-05 0.00109672
9.98563E-05 9.98563E-05 9.98563E-05 9.98563E-05 9.98563E-05 0.998402 9.98563E-05 9.98563E-05 9.98563E-05 9.98563E-05 9.98563E-05 9.98563E-05 9.98563E-05 9.98563E-05 9.98563E-05 9.98563E-05 9.98563E-05
9.98702E-05 9.98702E-05 9.98702E-05 9.98702E-05 0.9344 9.98702E-05 9.98702E-05 9.98702E-05 9.98702E-05 9.98702E-05 9.98702E-05 9.98702E-05 9.98702E-05 0.0288853 0.0252479 0.0101689 9.98702E-05
9.9901E-05 9.9901E-05 9.9901E-05 0.096386 9.9901E-05 9.9901E-05 9.9901E-05 9.9901E-05 0.183742 9.9901E-05 9.9901E-05 9.9901E-05 0.043971 0.0455323 0.186008 9.9901E-05 0.443262
0.00134156 9.98738E-05 9.98738E-05 0.910359 9.98738E-05 9.98738E-05 9.98738E-05 9.98738E-05 9.98738E-05 9.98738E-05 9.98738E-05 9.98738E-05 9.98738E-05 9.98738E-05 9.98738E-05 0.0869015 9.98738E-05
0.998402 9.98557E-05 9.98557E-05 9.98557E-05 9.98557E-05 9.98557E-05 9.98557E-05 9.98557E-05 9.98557E-05 9.98557E-05 9.98557E-05 9.98557E-05 9.98557E-05 9.98557E-05 9.98557E-05 9.98557E-05 9.98557E-05
9.98502E-05 9.98502E-05 9.98502E-05 9.98502E-05 9.98502E-05 9.98502E-05 9.98502E-05 9.98502E-05 9.98502E-05 9.98502E-05 9.98502E-05 9.98502E-05 9.98502E-05 0.998402 9.98502E-05 9.98502E-05 9.98502E-05
9.9856E-05 9.9856E-05 9.9856E-05 9.9856E-05 9.9856E-05 9.9856E-05 9.9856E-05 9.9856E-05 9.9856E-05 9.9856E-05 0.998402 9.9856E-05 9.9856E-05 9.9856E-05 9.9856E-05 9.9856E-05 9.9856E-05
