9.98738E-05 9.98738E-05 9.98738E-05 9.98738E-05 9.98738E-05 9.98738E-05 0.0160904 9.98738E-05 9.98738E-05 9.98738E-05 9.98738E-05 0.0519404 9.98738E-05 9.98738E-05 0.930571 9.98738E-05 9.98738E-05
9.9883E-05 0.109816 0.645779 9.9883E-05 9.9883E-05 9.9883E-05 9.9883E-05 0.233654 9.9883E-05 9.9883E-05 9.9883E-05 9.9883E-05 9.9883E-05 0.00945275 9.9883E-05 9.9883E-05 9.9883E-05
9.99107E-05 0.502837 9.99107E-05 0.057088 9.99107E-05 9.99107E-05 0.0672281 9.99107E-05 9.99107E-05 9.99107E-05 9.99107E-05 9.99107E-05 0.0253196 0.202288 9.99107E-05 0.0530399 0.0911999
0.0124617 0.94208 9.98921E-05 9.98921E-05 0.0134532 9.98921E-05 0.0294648 9.98921E-05 9.98921E-05 9.98921E-05 9.98921E-05 0.0013414 9.98921E-05 9.98921E-05 9.98921E-05 9.98921E-05 9.98921E-05
0.0209105 0.18417 0.149487 9.99192E-05 9.99192E-05 0.0586041 9.99192E-05 0.118367 9.99192E-05 9.99192E-05 9.99192E-05 9.99192E-05 0.192931 0.0651932 9.99192E-05 9.99192E-05 0.209437
9.99011E-05 0.851896 9.99011E-05 9.99011E-05 9.99011E-05 9.99011E-05 0.00509651 0.0442136 0.0175249 0.00464048 9.99011E-05 9.99011E-05 9.99011E-05 9.99011E-05 9.99011E-05 9.99011E-05 0.0755297
9.98562E-05 9.98562E-05 9.98562E-05 9.98562E-05 9.98562E-05 9.98562E-05 9.98562E-05 9.98562E-05 9.98562E-05 9.98562E-05 9.98562E-05 9.98562E-05 0.998402 9.98562E-05 9.98562E-05 9.98562E-05 9.98562E-05
0.0760105 0.00307223 0.132754 9.99099E-05 9.99099E-05 9.99099E-05 0.00329121 9.99099E-05 9.99099E-05 9.99099E-05 9.99099E-05 0.0708738 9.99099E-05 0.43079 9.99099E-05 9.99099E-05 0.282209
0.0126257 9.98741E-05 0.0177018 9.98741E-05 9.98741E-05 9.98741E-05 9.98741E-05 9.98741E-05 9.98741E-05 9.98741E-05 9.98741E-05 9.98741E-05 0.968274 9.98741E-05 9.98741E-05 9.98741E-05 9.98741E-05
9.98651E-05 9.98651E-05 9.98651E-05 9.98651E-05 9.98651E-05 9.98651E-05 9.98651E-05 9.98651E-05 9.98651E-05 9.98651E-05 9.98651E-05 0.840486 0.158016 9.98651E-05 9.98651E-05 9.98651E-05 9.98651E-05
9.98652E-05 9.98652E-05 9.98652E-05 9.98652E-05 9.98652E-05 9.98652E-05 9.98652E-05 9.98652E-05 9.98652E-05 9.98652E-05 9.98652E-05 0.884235 0.114267 9.98652E-05 9.98652E-05 9.98652E-05 9.98652E-05
9.98921E-05 0.0136758 9.98921E-05 0.139968 9.98921E-05 9.98921E-05 0.155798 9.98921E-05 9.98921E-05 9.98921E-05 9.98921E-05 9.98921E-05 9.98921E-05 0.0032716 0.686088 9.98921E-05 9.98921E-05
9.98743E-05 9.98743E-05 9.98743E-05 0.976119 9.98743E-05 9.98743E-05 9.98743E-05 9.98743E-05 9.98743E-05 9.98743E-05 9.98743E-05 9.98743E-05 9.98743E-05 0.00697911 9.98743E-05 9.98743E-05 0.015504
9.99011E-05 0.886579 9.99011E-05 9.99011E-05 0.00343103 9.99011E-05 9.99011E-05 0.0417841 9.99011E-05 9.99011E-05 9.99011E-05 9.99011E-05 9.99011E-05 9.99011E-05 0.00140566 0.0321595 0.0335414
9.98832E-05 0.899524 9.98832E-05 9.98832E-05 9.98832E-05 0.0110934 9.98832E-05 0.0643791 9.98832E-05 9.98832E-05 9.98832E-05 9.98832E-05 9.98832E-05 9.98832E-05 9.98832E-05 0.0237053 9.98832E-05
9.98831E-05 9.98831E-05 9.98831E-05 0.15922 0.0183246 9.98831E-05 9.98831E-05 9.98831E-05 9.98831E-05 9.98831E-05 0.78246 0.0386967 9.98831E-05 9.98831E-05 9.98831E-05 9.98831E-05 9.98831E-05
9.9865E-05 9.9865E-05 9.9865E-05 9.9865E-05 0.936167 9.9865E-05 9.9865E-05 9.9865E-05 9.9865E-05 9.9865E-05 9.9865E-05 0.0623346 9.9865E-05 9.9865E-05 9.9865E-05 9.9865E-05 9.9865E-05
0.0021582 9.99009E-05 0.0393328 9.99009E-05 9.99009E-05 9.99009E-05 9.99009E-05 0.106764 9.99009E-05 9.99009E-05 9.99009E-05 0.0931687 0.00954631 9.99009E-05 9.99009E-05 0.747931 9.99009E-05
9.98741E-05 9.98741E-05 9.98741E-05 9.98741E-05 9.98741E-05 9.98741E-05 0.0484347 9.98741E-05 9.98741E-05 0.146902 9.98741E-05 9.98741E-05 9.98741E-05 9.98741E-05 9.98741E-05 0.803265 9.98741E-05
9.9892E-05 9.9892E-05 9.9892E-05 9.9892E-05 0.098362 9.9892E-05 0.0348799 9.9892E-05 9.9892E-05 9.9892E-05 0.337728 0.434596 9.9892E-05 9.9892E-05 0.0932351 9.9892E-05 9.9892E-05
9.98561E-05 9.98561E-05 9.98561E-05 9.98561E-05 9.98561E-05 9.98561E-05 9.98561E-05 9.98561E-05 9.98561E-05 9.98561E-05 9.98561E-05 9.98561E-05 9.98561E-05 9.98561E-05 9.98561E-05 0.998402 9.98561E-05
9.9901E-05 9.9901E-05 9.9901E-05 0.0822336 9.9901E-05 9.9901E-05 9.9901E-05 0.253818 9.9901E-05 0.000676408 0.211593 0.0216944 9.9901E-05 9.9901E-05 0.428885 9.9901E-05 9.9901E-05
9.98558E-05 9.98558E-05 9.98558E-05 9.98558E-05 9.98558E-05 0.998402 9.98558E-05 9.98558E-05 9.98558E-05 9.98558E-05 9.98558E-05 9.98558E-05 9.98558E-05 9.98558E-05 9.98558E-05 9.98558E-05 9.98558E-05
9.98649E-05 9.98649E-05 9.98649E-05 9.98649E-05 9.98649E-05 0.209517 9.98649E-05 9.98649E-05 9.98649E-05 9.98649E-05 9.98649E-05 9.98649E-05 9.98649E-05 9.98649E-05 9.98649E-05 0.788985 9.98649E-05
0.0065633 0.959617 9.98833E-05 9.98833E-05 9.98833E-05 9.98833E-05 9.98833E-05 9.98833E-05 9.98833E-05 9.98833E-05 9.98833E-05 9.98833E-05 0.00203012 0.030491 9.98833E-05 9.98833E-05 9.98833E-05
9.98564E-05 0.998402 9.98564E-05 9.98564E-05 9.98564E-05 9.98564E-05 9.98564E-05 9.98564E-05 9.98564E-05 9.98564E-05 9.98564E-05 9.98564E-05 9.98564E-05 9.98564E-05 9.98564E-05 9.98564E-05 9.98564E-05
9.98918E-05 9.98918E-05 9.98918E-05 0.783685 0.0588828 9.98918E-05 0.0171978 9.98918E-05 9.98918E-05 9.98918E-05 9.98918E-05 0.0854958 9.98918E-05 9.98918E-05 0.0535399 9.98918E-05 9.98918E-05
0.0364356 0.905891 9.9892E-05 0.00688122 9.9892E-05 9.9892E-05 9.9892E-05 9.9892E-05 9.9892E-05 9.9892E-05 9.9892E-05 9.9892E-05 0.0369601 9.9892E-05 9.9892E-05 9.9892E-05 0.012633
0.0766525 0.875996 9.98921E-05 0.00978633 9.98921E-05 9.98921E-05 9.98921E-05 9.98921E-05 9.98921E-05 9.98921E-05 0.0338708 9.98921E-05 0.0024952 9.98921E-05 9.98921E-05 9.98921E-05 9.98921E-05
0.063968 0.271894 9.99102E-05 0.0123495 9.99102E-05 9.99102E-05 9.99102E-05 0.00577337 9.99102E-05 0.013081 9.99102E-05 9.99102E-05 9.99102E-05 9.99102E-05 0.0307491 9.99102E-05 0.601186
9.98738E-05 0.0232165 9.98738E-05 9.98738E-05 9.98738E-05 9.98738E-05 9.98738E-05 9.98738E-05 9.98738E-05 9.98738E-05 9.98738E-05 9.98738E-05 9.98738E-05 0.0102035 9.98738E-05 9.98738E-05 0.965182
9.98565E-05 9.98565E-05 0.998402 9.98565E-05 9.98565E-05 9.98565E-05 9.98565E-05 9.98565E-05 9.98565E-05 9.98565E-05 9.98565E-05 9.98565E-05 9.98565E-05 9.98565E-05 9.98565E-05 9.98565E-05 9.98565E-05
9.98743E-05 0.863195 9.98743E-05 9.98743E-05 9.98743E-05 9.98743E-05 9.98743E-05 9.98743E-05 9.98743E-05 9.98743E-05 9.98743E-05 9.98743E-05 9.98743E-05 0.133812 9.98743E-05 9.98743E-05 0.00159504
0.704007 0.0210663 0.0137116 9.99281E-05 0.0110075 0.00365184 0.000106004 9.99281E-05 9.99281E-05 9.99281E-05 9.99281E-05 9.99281E-05 9.99281E-05 0.232285 0.00430769 9.99281E-05 0.00905734
9.98916E-05 9.98916E-05 9.98916E-05 0.480877 0.271953 9.98916E-05 0.0815857 0.0813287 9.98916E-05 9.98916E-05 9.98916E-05 9.98916E-05 9.98916E-05 9.98916E-05 9.98916E-05 9.98916E-05 0.0830571
9.98828E-05 0.918843 9.98828E-05 9.98828E-05 0.0138839 9.98828E-05 9.98828E-05 0.020248 9.98828E-05 9.98828E-05 9.98828E-05 9.98828E-05 9.98828E-05 0.0457267 9.98828E-05 9.98828E-05 9.98828E-05
9.98741E-05 9.98741E-05 9.98741E-05 9.98741E-05 0.0104081 9.98741E-05 9.98741E-05 9.98741E-05 9.98741E-05 9.98741E-05 9.98741E-05 9.98741E-05 9.98741E-05 0.0422311 0.945963 9.98741E-05 9.98741E-05
9.991E-05 9.991E-05 0.173596 9.991E-05 9.991E-05 0.0171977 9.991E-05 0.100446 9.991E-05 0.0196261 9.991E-05 0.582075 9.991E-05 0.0415175 0.0645427 9.991E-05 9.991E-05
9.9865E-05 9.9865E-05 9.9865E-05 9.9865E-05 0.981425 9.9865E-05 9.9865E-05 9.9865E-05 9.9865E-05 9.9865E-05 9.9865E-05 9.9865E-05 9.9865E-05 0.0170773 9.9865E-05 9.9865E-05 9.9865E-05
9.98561E-05 9.98561E-05 9.98561E-05 9.98561E-05 9.98561E-05 9.98561E-05 9.98561E-05 0.998402 9.98561E-05 9.98561E-05 9.98561E-05 9.98561E-05 9.98561E-05 9.98561E-05 9.98561E-05 9.98561E-05 9.98561E-05
9.98651E-05 9.98651E-05 9.98651E-05 9.98651E-05 9.98651E-05 9.98651E-05 0.00500062 0.993501 9.98651E-05 9.98651E-05 9.98651E-05 9.98651E-05 9.98651E-05 9.98651E-05 9.98651E-05 9.98651E-05 9.98651E-05
9.9901E-05 9.9901E-05 9.9901E-05 9.9901E-05 0.0162596 0.00933698 9.9901E-05 0.056508 9.9901E-05 0.00567008 9.9901E-05 0.91015 9.9901E-05 9.9901E-05 0.000976662 9.9901E-05 9.9901E-05
9.99189E-05 9.99189E-05 9.99189E-05 0.0413766 9.99189E-05 9.99189E-05 9.99189E-05 0.0175602 0.00206518 9.99189E-05 0.726213 0.0513999 0.09791 9.99189E-05 0.0504798 0.0120961 9.99189E-05
9.9883E-05 9.9883E-05 9.9883E-05 0.017705 0.0368585 9.9883E-05 9.9883E-05 9.9883E-05 9.9883E-05 9.9883E-05 9.9883E-05 0.92789 9.9883E-05 9.9883E-05 0.0162485 9.9883E-05 9.9883E-05
9.99189E-05 9.99189E-05 0.0239853 0.133053 9.99189E-05 0.401412 0.00484494 0.133296 9.99189E-05 9.99189E-05 0.0351301 0.215185 9.99189E-05 9.99189E-05 0.0521938 9.99189E-05 9.99189E-05
9.99189E-05 0.0142922 9.99189E-05 9.99189E-05 9.99189E-05 0.132889 9.99189E-05 0.185747 9.99189E-05 0.0607586 0.202504 0.324798 9.99189E-05 9.99189E-05 0.0474557 9.99189E-05 0.030657
0.00518896 9.9928E-05 9.9928E-05 0.151023 0.195742 0.0203417 9.9928E-05 0.0167735 9.9928E-05 9.9928E-05 9.9928E-05 0.170524 0.0547272 9.9928E-05 0.240356 9.9928E-05 0.144524
9.9866E-05 9.9866E-05 9.9866E-05 9.9866E-05 9.9866E-05 9.9866E-05 9.9866E-05 9.9866E-05 9.9866E-05 0.0185885 9.9866E-05 9.9866E-05 9.9866E-05 9.9866E-05 0.979914 9.9866E-05 9.9866E-05
0.998402 9.98562E-05 9.98562E-05 9.98562E-05 9.98562E-05 9.98562E-05 9.98562E-05 9.98562E-05 9.98562E-05 9.98562E-05 9.98562E-05 9.98562E-05 9.98562E-05 9.98562E-05 9.98562E-05 9.98562E-05 9.98562E-05
0.97843 9.98921E-05 9.98921E-05 9.98921E-05 0.0118004 0.0047444 0.000707813 9.98921E-05 9.98921E-05 9.98921E-05 9.98921E-05 9.98921E-05 9.98921E-05 9.98921E-05 9.98921E-05 0.00311896 9.98921E-05
0.956437 9.98922E-05 9.98922E-05 0.00229623 9.98922E-05 0.00121206 9.98922E-05 0.032657 9.98922E-05 9.98922E-05 0.006199 9.98922E-05 9.98922E-05 9.98922E-05 9.98922E-05 9.98922E-05 9.98922E-05
0.99477 9.98742E-05 9.98742E-05 9.98742E-05 9.98742E-05 9.98742E-05 9.98742E-05 9.98742E-05 9.98742E-05 0.000965643 9.98742E-05 9.98742E-05 9.98742E-05 0.002866 9.98742E-05 9.98742E-05 9.98742E-05
0.992982 9.98652E-05 9.98652E-05 9.98652E-05 9.98652E-05 9.98652E-05 9.98652E-05 9.98652E-05 9.98652E-05 9.98652E-05 9.98652E-05 9.98652E-05 9.98652E-05 9.98652E-05 9.98652E-05 9.98652E-05 0.00551997
0.349485 9.99192E-05 0.0183628 9.99192E-05 9.99192E-05 9.99192E-05 9.99192E-05 9.99192E-05 0.00439249 9.99192E-05 0.12411 9.99192E-05 0.043486 0.0418285 9.99192E-05 0.0390395 0.378396
0.928885 9.98651E-05 0.0696171 9.98651E-05 9.98651E-05 9.98651E-05 9.98651E-05 9.98651E-05 9.98651E-05 9.98651E-05 9.98651E-05 9.98651E-05 9.98651E-05 9.98651E-05 9.98651E-05 9.98651E-05 9.98651E-05
9.98738E-05 9.98738E-05 9.98738E-05 0.0353697 9.98738E-05 9.98738E-05 9.98738E-05 9.98738E-05 9.98738E-05 9.98738E-05 0.152116 9.98738E-05 9.98738E-05 9.98738E-05 0.811116 9.98738E-05 9.98738E-05
0.0166509 9.98919E-05 0.926246 9.98919E-05 0.00436565 9.98919E-05 9.98919E-05 9.98919E-05 9.98919E-05 9.98919E-05 0.00656004 9.98919E-05 0.0449791 9.98919E-05 9.98919E-05 9.98919E-05 9.98919E-05
9.98649E-05 0.933895 9.98649E-05 9.98649E-05 9.98649E-05 9.98649E-05 9.98649E-05 0.0646073 9.98649E-05 9.98649E-05 9.98649E-05 9.98649E-05 9.98649E-05 9.98649E-05 9.98649E-05 9.98649E-05 9.98649E-05
0.0137991 9.98741E-05 9.98741E-05 0.836764 9.98741E-05 9.98741E-05 9.98741E-05 0.148039 9.98741E-05 9.98741E-05 9.98741E-05 9.98741E-05 9.98741E-05 9.98741E-05 9.98741E-05 9.98741E-05 9.98741E-05
9.98655E-05 9.98655E-05 9.98655E-05 0.0320678 9.98655E-05 9.98655E-05 9.98655E-05 9.98655E-05 9.98655E-05 9.98655E-05 0.966434 9.98655E-05 9.98655E-05 9.98655E-05 9.98655E-05 9.98655E-05 9.98655E-05
9.98654E-05 9.98654E-05 9.98654E-05 0.951198 9.98654E-05 9.98654E-05 9.98654E-05 9.98654E-05 9.98654E-05 9.98654E-05 9.98654E-05 9.98654E-05 9.98654E-05 0.0473039 9.98654E-05 9.98654E-05 9.98654E-05
9.9874E-05 9.9874E-05 9.9874E-05 0.876744 9.9874E-05 9.9874E-05 9.9874E-05 0.0186327 9.9874E-05 9.9874E-05 9.9874E-05 0.103225 9.9874E-05 9.9874E-05 9.9874E-05 9.9874E-05 9.9874E-05
9.98919E-05 9.98919E-05 9.98919E-05 0.841637 0.00267846 9.98919E-05 0.0575658 0.0326958 9.98919E-05 9.98919E-05 9.98919E-05 0.064224 9.98919E-05 9.98919E-05 9.98919E-05 9.98919E-05 9.98919E-05
9.98561E-05 9.98561E-05 9.98561E-05 9.98561E-05 9.98561E-05 9.98561E-05 9.98561E-05 9.98561E-05 9.98561E-05 0.998402 9.98561E-05 9.98561E-05 9.98561E-05 9.98561E-05 9.98561E-05 9.98561E-05 9.98561E-05
9.98568E-05 0.998402 9.98568E-05 9.98568E-05 9.98568E-05 9.98568E-05 9.98568E-05 9.98568E-05 9.98568E-05 9.98568E-05 9.98568E-05 9.98568E-05 9.98568E-05 9.98568E-05 9.98568E-05 9.98568E-05 9.98568E-05
9.98564E-05 9.98564E-05 9.98564E-05 9.98564E-05 9.98564E-05 9.98564E-05 9.98564E-05 9.98564E-05 0.998402 9.98564E-05 9.98564E-05 9.98564E-05 9.98564E-05 9.98564E-05 9.98564E-05 9.98564E-05 9.98564E-05
9.98835E-05 0.89592 9.98835E-05 9.98835E-05 9.98835E-05 9.98835E-05 9.98835E-05 9.98835E-05 0.0120789 9.98835E-05 0.0153068 9.98835E-05 9.98835E-05 0.0753955 9.98835E-05 9.98835E-05 9.98835E-05
0.0128484 0.856514 9.99011E-05 9.99011E-05 0.0190258 9.99011E-05 9.99011E-05 0.0452713 9.99011E-05 9.99011E-05 9.99011E-05 9.99011E-05 0.00507314 9.99011E-05 9.99011E-05 9.99011E-05 0.0601687
9.9892E-05 0.860509 9.9892E-05 9.9892E-05 9.9892E-05 9.9892E-05 9.9892E-05 9.9892E-05 9.9892E-05 9.9892E-05 0.0674573 9.9892E-05 0.00706514 0.0209468 9.9892E-05 9.9892E-05 0.0428227
0.0408471 0.911872 0.0144695 9.99102E-05 9.99102E-05 9.99102E-05 9.99102E-05 9.99102E-05 0.0107899 9.99102E-05 0.0167384 9.99102E-05 9.99102E-05 9.99102E-05 0.000783066 0.00350136 9.99102E-05
9.98742E-05 0.676274 9.98742E-05 9.98742E-05 9.98742E-05 9.98742E-05 9.98742E-05 0.0649112 9.98742E-05 9.98742E-05 9.98742E-05 9.98742E-05 9.98742E-05 9.98742E-05 9.98742E-05 9.98742E-05 0.257417
0.000835539 0.953992 9.98919E-05 9.98919E-05 0.0269241 9.98919E-05 9.98919E-05 0.0159668 9.98919E-05 0.00108304 9.98919E-05 9.98919E-05 9.98919E-05 9.98919E-05 9.98919E-05 9.98919E-05 9.98919E-05
0.000999985 9.9874E-05 9.9874E-05 9.9874E-05 9.9874E-05 9.9874E-05 9.9874E-05 9.9874E-05 9.9874E-05 9.9874E-05 9.9874E-05 9.9874E-05 9.9874E-05 0.972107 9.9874E-05 9.9874E-05 0.0254949
9.9874E-05 9.9874E-05 9.9874E-05 0.0173138 9.9874E-05 9.9874E-05 9.9874E-05 9.9874E-05 9.9874E-05 9.9874E-05 9.9874E-05 9.9874E-05 0.0078219 0.973466 9.9874E-05 9.9874E-05 9.9874E-05
0.0334955 0.924192 9.99102E-05 9.99102E-05 9.99102E-05 0.00400457 9.99102E-05 0.0132224 9.99102E-05 9.99102E-05 0.0097445 9.99102E-05 9.99102E-05 9.99102E-05 0.00952088 0.00482094 9.99102E-05
0.022614 9.9901E-05 0.0102194 9.9901E-05 0.000695869 9.9901E-05 0.00198796 9.9901E-05 9.9901E-05 9.9901E-05 0.951973 9.9901E-05 9.9901E-05 0.0114108 9.9901E-05 9.9901E-05 9.9901E-05
9.9865E-05 9.9865E-05 9.9865E-05 9.9865E-05 9.9865E-05 9.9865E-05 9.9865E-05 9.9865E-05 0.00378579 9.9865E-05 0.994716 9.9865E-05 9.9865E-05 9.9865E-05 9.9865E-05 9.9865E-05 9.9865E-05
9.98563E-05 9.98563E-05 9.98563E-05 9.98563E-05 9.98563E-05 9.98563E-05 0.998402 9.98563E-05 9.98563E-05 9.98563E-05 9.98563E-05 9.98563E-05 9.98563E-05 9.98563E-05 9.98563E-05 9.98563E-05 9.98563E-05
9.98653E-05 9.98653E-05 9.98653E-05 0.0111555 9.98653E-05 9.98653E-05 0.987347 9.98653E-05 9.98653E-05 9.98653E-05 9.98653E-05 9.98653E-05 9.98653E-05 9.98653E-05 9.98653E-05 9.98653E-05 9.98653E-05
9.98919E-05 9.98919E-05 0.0244062 9.98919E-05 9.98919E-05 9.98919E-05 9.98919E-05 0.112358 0.00667584 9.98919E-05 0.085611 0.76975 9.98919E-05 9.98919E-05 9.98919E-05 9.98919E-05 9.98919E-05
9.9901E-05 9.9901E-05 0.0114958 0.0374868 9.9901E-05 9.9901E-05 9.9901E-05 0.0805829 0.00448594 9.9901E-05 0.0610936 0.803756 9.9901E-05 9.9901E-05 9.9901E-05 9.9901E-05 9.9901E-05
9.99005E-05 9.99005E-05 9.99005E-05 9.99005E-05 0.000213275 0.019201 0.964525 9.99005E-05 9.99005E-05 9.99005E-05 0.00383357 9.99005E-05 9.99005E-05 0.0110289 9.99005E-05 9.99005E-05 9.99005E-05
9.98653E-05 9.98653E-05 9.98653E-05 9.98653E-05 9.98653E-05 9.98653E-05 0.989376 0.00912556 9.98653E-05 9.98653E-05 9.98653E-05 9.98653E-05 9.98653E-05 9.98653E-05 9.98653E-05 9.98653E-05 9.98653E-05
0.00989976 9.98919E-05 9.98919E-05 0.00836854 9.98919E-05 9.98919E-05 9.98919E-05 9.98919E-05 9.98919E-05 9.98919E-05 0.00999386 9.98919E-05 0.013474 9.98919E-05 0.957065 9.98919E-05 9.98919E-05
9.98801E-05 9.98801E-05 9.98801E-05 0.132075 9.98801E-05 9.98801E-05 9.98801E-05 0.666443 9.98801E-05 9.98801E-05 0.0558086 9.98801E-05 0.117845 9.98801E-05 9.98801E-05 0.0266299 9.98801E-05
0.0237894 9.9892E-05 0.902422 9.9892E-05 9.9892E-05 0.00137742 9.9892E-05 9.9892E-05 0.0106746 9.9892E-05 9.9892E-05 9.9892E-05 0.0605376 9.9892E-05 9.9892E-05 9.9892E-05 9.9892E-05
9.9883E-05 0.0220991 9.9883E-05 0.27548 9.9883E-05 0.674336 9.9883E-05 9.9883E-05 9.9883E-05 9.9883E-05 9.9883E-05 0.0267867 9.9883E-05 9.9883E-05 9.9883E-05 9.9883E-05 9.9883E-05
9.99102E-05 9.99102E-05 9.99102E-05 0.292806 0.265088 0.0563675 0.138467 9.99102E-05 0.00326452 9.99102E-05 9.99102E-05 9.99102E-05 9.99102E-05 9.99102E-05 0.185682 0.0573259 9.99102E-05
9.9856E-05 9.9856E-05 9.9856E-05 9.9856E-05 9.9856E-05 9.9856E-05 9.9856E-05 9.9856E-05 9.9856E-05 9.9856E-05 9.9856E-05 9.9856E-05 9.9856E-05 9.9856E-05 9.9856E-05 9.9856E-05 0.998402
