9.98649E-05 0.927842 9.98649E-05 9.98649E-05 9.98649E-05 9.98649E-05 9.98649E-05 9.98649E-05 9.98649E-05 0.0339737 9.98649E-05 0.0366866 9.98649E-05 9.98649E-05 9.98649E-05 9.98649E-05 9.98649E-05 9.98649E-05
9.98919E-05 9.98919E-05 0.651258 9.98919E-05 9.98919E-05 9.98919E-05 9.98919E-05 0.00766275 9.98919E-05 9.98919E-05 0.0941615 9.98919E-05 0.032405 0.176758 9.98919E-05 9.98919E-05 0.0365558 9.98919E-05
9.9847E-05 9.9847E-05 9.9847E-05 9.9847E-05 9.9847E-05 9.9847E-05 9.9847E-05 9.9847E-05 9.9847E-05 9.9847E-05 9.9847E-05 9.9847E-05 9.9847E-05 9.9847E-05 0.998303 9.9847E-05 9.9847E-05 9.9847E-05
9.98831E-05 9.98831E-05 9.98831E-05 9.98831E-05 9.98831E-05 0.0448061 0.00248718 9.98831E-05 9.98831E-05 0.0302351 9.98831E-05 9.98831E-05 9.98831E-05 9.98831E-05 0.0124436 9.98831E-05 0.908729 9.98831E-05
9.98471E-05 9.98471E-05 9.98471E-05 9.98471E-05 9.98471E-05 9.98471E-05 9.98471E-05 9.98471E-05 9.98471E-05 9.98471E-05 0.998303 9.98471E-05 9.98471E-05 9.98471E-05 9.98471E-05 9.98471E-05 9.98471E-05 9.98471E-05
9.9883E-05 9.9883E-05 9.9883E-05 9.9883E-05 9.9883E-05 9.9883E-05 9.9883E-05 9.9883E-05 0.0444121 9.9883E-05 9.9883E-05 9.9883E-05 9.9883E-05 0.0416505 0.0660551 9.9883E-05 0.841383 0.005201
9.98473E-05 9.98473E-05 9.98473E-05 0.998303 9.98473E-05 9.98473E-05 9.98473E-05 9.98473E-05 9.98473E-05 9.98473E-05 9.98473E-05 9.98473E-05 9.98473E-05 9.98473E-05 9.98473E-05 9.98473E-05 9.98473E-05 9.98473E-05
9.99008E-05 9.99008E-05 0.122985 9.99008E-05 9.99008E-05 0.261069 0.0682516 0.34234 9.99008E-05 9.99008E-05 0.0866004 0.0766657 9.99008E-05 9.99008E-05 0.0409896 9.99008E-05 9.99008E-05 9.99008E-05
9.98651E-05 9.98651E-05 0.0431785 0.953662 9.98651E-05 9.98651E-05 9.98651E-05 9.98651E-05 9.98651E-05 9.98651E-05 9.98651E-05 9.98651E-05 0.00166186 9.98651E-05 9.98651E-05 9.98651E-05 9.98651E-05 9.98651E-05
9.98651E-05 9.98651E-05 9.98651E-05 0.0825976 9.98651E-05 9.98651E-05 9.98651E-05 9.98651E-05 9.98651E-05 9.98651E-05 0.050529 0.865375 9.98651E-05 9.98651E-05 9.98651E-05 9.98651E-05 9.98651E-05 9.98651E-05
9.98652E-05 9.98652E-05 9.98652E-05 0.0939309 9.98652E-05 9.98652E-05 9.98652E-05 9.98652E-05 9.98652E-05 9.98652E-05 0.0215389 0.883032 9.98652E-05 9.98652E-05 9.98652E-05 9.98652E-05 9.98652E-05 9.98652E-05
9.9901E-05 0.645545 9.9901E-05 9.9901E-05 0.146815 9.9901E-05 9.9901E-05 0.0139795 0.0117418 0.135783 9.9901E-05 9.9901E-05 9.9901E-05 0.0105454 9.9901E-05 9.9901E-05 0.034491 9.9901E-05
9.98744E-05 9.98744E-05 9.98744E-05 0.027243 0.960379 0.00461973 9.98744E-05 0.00636049 9.98744E-05 9.98744E-05 9.98744E-05 9.98744E-05 9.98744E-05 9.98744E-05 9.98744E-05 9.98744E-05 9.98744E-05 9.98744E-05
9.98922E-05 9.98922E-05 9.98922E-05 9.98922E-05 9.98922E-05 9.98922E-05 9.98922E-05 9.98922E-05 0.0188767 9.98922E-05 0.0261365 9.98922E-05 9.98922E-05 0.0161341 0.0328964 0.010508 0.89425 9.98922E-05
9.98832E-05 0.0288284 9.98832E-05 9.98832E-05 9.98832E-05 9.98832E-05 9.98832E-05 9.98832E-05 9.98832E-05 9.98832E-05 0.0630701 9.98832E-05 9.98832E-05 0.028298 9.98832E-05 0.00496639 0.873539 9.98832E-05
0.739901 9.98739E-05 9.98739E-05 9.98739E-05 0.125889 9.98739E-05 9.98739E-05 9.98739E-05 0.129815 9.98739E-05 9.98739E-05 0.00299697 9.98739E-05 9.98739E-05 9.98739E-05 9.98739E-05 9.98739E-05 9.98739E-05
9.9856E-05 9.9856E-05 9.9856E-05 9.9856E-05 9.9856E-05 9.9856E-05 9.9856E-05 9.9856E-05 9.9856E-05 9.9856E-05 9.9856E-05 0.0509722 0.94743 9.9856E-05 9.9856E-05 9.9856E-05 9.9856E-05 9.9856E-05
9.99008E-05 0.006734 0.0596273 9.99008E-05 9.99008E-05 9.99008E-05 0.0278265 9.99008E-05 9.99008E-05 9.99008E-05 9.99008E-05 0.0701342 9.99008E-05 0.111414 0.0113133 0.711852 9.99008E-05 9.99008E-05
9.98652E-05 9.98652E-05 9.98652E-05 9.98652E-05 9.98652E-05 9.98652E-05 9.98652E-05 9.98652E-05 9.98652E-05 0.0580169 9.98652E-05 9.98652E-05 9.98652E-05 9.98652E-05 9.98652E-05 0.800927 9.98652E-05 0.139558
0.299561 0.0787711 9.98918E-05 9.98918E-05 9.98918E-05 9.98918E-05 9.98918E-05 9.98918E-05 0.157608 0.0221766 9.98918E-05 0.425752 0.0149327 9.98918E-05 9.98918E-05 9.98918E-05 9.98918E-05 9.98918E-05
9.98562E-05 9.98562E-05 9.98562E-05 9.98562E-05 9.98562E-05 9.98562E-05 9.98562E-05 9.98562E-05 9.98562E-05 9.98562E-05 9.98562E-05 9.98562E-05 9.98562E-05 9.98562E-05 9.98562E-05 0.968433 9.98562E-05 0.0299694
0.196846 0.430802 9.99009E-05 9.99009E-05 0.0454715 9.99009E-05 9.99009E-05 9.99009E-05 9.99009E-05 0.00219712 9.99009E-05 0.045756 0.0416728 0.236155 9.99009E-05 9.99009E-05 9.99009E-05 9.99009E-05
9.98741E-05 9.98741E-05 9.98741E-05 9.98741E-05 9.98741E-05 9.98741E-05 9.98741E-05 9.98741E-05 9.98741E-05 0.152404 9.98741E-05 0.140415 0.270974 9.98741E-05 9.98741E-05 0.434809 9.98741E-05 9.98741E-05
9.9865E-05 9.9865E-05 9.9865E-05 9.9865E-05 9.9865E-05 9.9865E-05 9.9865E-05 9.9865E-05 0.0729161 9.9865E-05 9.9865E-05 0.00750732 9.9865E-05 9.9865E-05 9.9865E-05 0.918079 9.9865E-05 9.9865E-05
9.98744E-05 9.98744E-05 9.98744E-05 9.98744E-05 0.000564518 9.98744E-05 0.0338439 9.98744E-05 9.98744E-05 9.98744E-05 9.98744E-05 9.98744E-05 9.98744E-05 9.98744E-05 0.00522476 9.98744E-05 0.958969 9.98744E-05
9.98475E-05 9.98475E-05 9.98475E-05 9.98475E-05 9.98475E-05 9.98475E-05 9.98475E-05 9.98475E-05 9.98475E-05 9.98475E-05 9.98475E-05 9.98475E-05 9.98475E-05 9.98475E-05 9.98475E-05 9.98475E-05 0.998303 9.98475E-05
9.98829E-05 0.0075894 9.98829E-05 9.98829E-05 0.848507 9.98829E-05 9.98829E-05 9.98829E-05 9.98829E-05 0.0511553 9.98829E-05 0.0613064 0.0301436 9.98829E-05 9.98829E-05 9.98829E-05 9.98829E-05 9.98829E-05
0.00016451 9.98831E-05 9.98831E-05 0.00988669 0.00762327 9.98831E-05 0.0577931 9.98831E-05 9.98831E-05 9.98831E-05 9.98831E-05 9.98831E-05 9.98831E-05 9.98831E-05 9.98831E-05 9.98831E-05 0.923234 9.98831E-05
0.0264785 9.98921E-05 0.00277384 0.00843295 0.0131321 9.98921E-05 0.0371846 9.98921E-05 9.98921E-05 9.98921E-05 9.98921E-05 9.98921E-05 9.98921E-05 9.98921E-05 9.98921E-05 9.98921E-05 0.910799 9.98921E-05
9.98923E-05 9.98923E-05 9.98923E-05 9.98923E-05 0.0186319 0.436281 0.0784186 9.98923E-05 9.98923E-05 9.98923E-05 9.98923E-05 9.98923E-05 9.98923E-05 9.98923E-05 0.00483309 9.98923E-05 0.411025 0.049612
9.98559E-05 9.98559E-05 9.98559E-05 9.98559E-05 9.98559E-05 0.963041 9.98559E-05 9.98559E-05 9.98559E-05 9.98559E-05 9.98559E-05 9.98559E-05 9.98559E-05 9.98559E-05 9.98559E-05 9.98559E-05 0.0353614 9.98559E-05
9.98475E-05 9.98475E-05 0.998303 9.98475E-05 9.98475E-05 9.98475E-05 9.98475E-05 9.98475E-05 9.98475E-05 9.98475E-05 9.98475E-05 9.98475E-05 9.98475E-05 9.98475E-05 9.98475E-05 9.98475E-05 9.98475E-05 9.98475E-05
9.98743E-05 9.98743E-05 9.98743E-05 9.98743E-05 9.98743E-05 9.98743E-05 9.98743E-05 0.17092 9.98743E-05 9.98743E-05 9.98743E-05 9.98743E-05 0.00296107 0.00740237 9.98743E-05 9.98743E-05 0.817318 9.98743E-05
9.99013E-05 9.99013E-05 9.99013E-05 9.99013E-05 0.00222739 9.99013E-05 0.732274 0.178339 9.99013E-05 9.99013E-05 9.99013E-05 0.014222 0.00406637 9.99013E-05 0.0264362 9.99013E-05 0.0413361 9.99013E-05
9.99007E-05 9.99007E-05 9.99007E-05 9.99007E-05 0.511913 0.0461698 9.99007E-05 9.99007E-05 0.01496 0.111486 0.00212076 9.99007E-05 0.224583 0.0876688 9.99007E-05 9.99007E-05 9.99007E-05 9.99007E-05
0.0052859 9.98828E-05 9.98828E-05 0.0161942 9.98828E-05 9.98828E-05 9.98828E-05 0.0444937 0.0202375 9.98828E-05 9.98828E-05 9.98828E-05 9.98828E-05 9.98828E-05 9.98828E-05 9.98828E-05 0.91249 9.98828E-05
9.9883E-05 0.902895 9.9883E-05 9.9883E-05 9.9883E-05 9.9883E-05 9.9883E-05 0.00565035 0.0118023 9.9883E-05 0.0631856 9.9883E-05 9.9883E-05 9.9883E-05 0.0151682 9.9883E-05 9.9883E-05 9.9883E-05
9.99188E-05 0.0577368 0.140205 9.99188E-05 0.0271193 9.99188E-05 9.99188E-05 0.0918048 9.99188E-05 9.99188E-05 9.99188E-05 0.527783 0.0553031 0.0737465 0.000679864 9.99188E-05 9.99188E-05 0.0247224
9.98651E-05 9.98651E-05 9.98651E-05 9.98651E-05 9.98651E-05 9.98651E-05 9.98651E-05 0.00680226 9.98651E-05 9.98651E-05 0.00389468 9.98651E-05 0.987805 9.98651E-05 9.98651E-05 9.98651E-05 9.98651E-05 9.98651E-05
9.98561E-05 9.98561E-05 9.98561E-05 9.98561E-05 9.98561E-05 9.98561E-05 9.98561E-05 9.98561E-05 9.98561E-05 9.98561E-05 9.98561E-05 9.98561E-05 0.00592444 0.992478 9.98561E-05 9.98561E-05 9.98561E-05 9.98561E-05
9.98561E-05 9.98561E-05 9.98561E-05 9.98561E-05 9.98561E-05 9.98561E-05 9.98561E-05 9.98561E-05 9.98561E-05 9.98561E-05 0.000477507 9.98561E-05 9.98561E-05 0.997925 9.98561E-05 9.98561E-05 9.98561E-05 9.98561E-05
0.0382739 9.98829E-05 9.98829E-05 9.98829E-05 9.98829E-05 9.98829E-05 9.98829E-05 9.98829E-05 0.0298875 9.98829E-05 9.98829E-05 0.84232 0.0314486 0.0567709 9.98829E-05 9.98829E-05 9.98829E-05 9.98829E-05
0.812892 0.00929505 9.991E-05 0.0917631 0.0202053 9.991E-05 9.991E-05 9.991E-05 9.991E-05 9.991E-05 9.991E-05 0.0386315 9.991E-05 0.00553195 9.991E-05 0.0157711 9.991E-05 0.00491118
9.98739E-05 0.0581229 9.98739E-05 9.98739E-05 9.98739E-05 9.98739E-05 9.98739E-05 9.98739E-05 0.0943996 9.98739E-05 9.98739E-05 0.838145 0.00793384 9.98739E-05 9.98739E-05 9.98739E-05 9.98739E-05 9.98739E-05
0.0324564 0.0101532 0.0328847 9.99188E-05 0.10288 9.99188E-05 9.99188E-05 9.99188E-05 0.290501 0.0471981 9.99188E-05 0.289633 9.99188E-05 0.106334 9.99188E-05 0.0870607 9.99188E-05 9.99188E-05
0.108449 0.0629933 0.0075512 9.99201E-05 9.99201E-05 0.0215577 9.99201E-05 9.99201E-05 0.18491 9.99201E-05 0.0396435 0.33974 9.99201E-05 0.149708 0.00261955 9.99201E-05 9.99201E-05 0.0820286
9.99369E-05 0.193613 0.00357549 0.0503975 0.0405994 0.0977384 0.006383 9.99369E-05 0.324845 9.99369E-05 9.99369E-05 0.0960626 0.0948582 0.059184 0.0320446 9.99369E-05 9.99369E-05 9.99369E-05
9.98571E-05 0.997124 9.98571E-05 9.98571E-05 9.98571E-05 9.98571E-05 9.98571E-05 9.98571E-05 9.98571E-05 9.98571E-05 9.98571E-05 9.98571E-05 9.98571E-05 9.98571E-05 9.98571E-05 0.00127806 9.98571E-05 9.98571E-05
9.98562E-05 9.98562E-05 9.98562E-05 9.98562E-05 9.98562E-05 9.98562E-05 0.997854 9.98562E-05 9.98562E-05 9.98562E-05 0.00054866 9.98562E-05 9.98562E-05 9.98562E-05 9.98562E-05 9.98562E-05 9.98562E-05 9.98562E-05
0.00303898 9.98742E-05 9.98742E-05 0.00183095 9.98742E-05 9.98742E-05 0.980864 9.98742E-05 9.98742E-05 9.98742E-05 0.0128681 9.98742E-05 9.98742E-05 9.98742E-05 9.98742E-05 9.98742E-05 9.98742E-05 9.98742E-05
9.98743E-05 9.98743E-05 9.98743E-05 0.00184103 9.98743E-05 9.98743E-05 0.99464 9.98743E-05 9.98743E-05 0.00154342 9.98743E-05 9.98743E-05 0.00057761 9.98743E-05 9.98743E-05 9.98743E-05 9.98743E-05 9.98743E-05
9.98563E-05 9.98563E-05 9.98563E-05 9.98563E-05 9.98563E-05 9.98563E-05 0.99382 0.0045822 9.98563E-05 9.98563E-05 9.98563E-05 9.98563E-05 9.98563E-05 9.98563E-05 9.98563E-05 9.98563E-05 9.98563E-05 9.98563E-05
9.98472E-05 9.98472E-05 9.98472E-05 9.98472E-05 9.98472E-05 9.98472E-05 0.998303 9.98472E-05 9.98472E-05 9.98472E-05 9.98472E-05 9.98472E-05 9.98472E-05 9.98472E-05 9.98472E-05 9.98472E-05 9.98472E-05 9.98472E-05
0.0808752 9.99282E-05 0.0126522 0.0665515 0.00709712 0.275015 0.410323 0.0441063 9.99282E-05 9.99282E-05 9.99282E-05 9.99282E-05 9.99282E-05 9.99282E-05 0.0764087 0.0214775 9.99282E-05 0.00469369
9.98831E-05 9.98831E-05 0.0723503 9.98831E-05 0.0012653 9.98831E-05 0.915887 9.98831E-05 9.98831E-05 9.98831E-05 9.98831E-05 0.00543322 9.98831E-05 0.0037655 9.98831E-05 9.98831E-05 9.98831E-05 9.98831E-05
0.158 0.816305 9.98738E-05 9.98738E-05 0.000617329 9.98738E-05 9.98738E-05 9.98738E-05 0.0236793 9.98738E-05 9.98738E-05 9.98738E-05 9.98738E-05 9.98738E-05 9.98738E-05 9.98738E-05 9.98738E-05 9.98738E-05
9.98739E-05 9.98739E-05 0.94704 0.0318926 9.98739E-05 9.98739E-05 0.0108508 9.98739E-05 9.98739E-05 9.98739E-05 9.98739E-05 9.98739E-05 9.98739E-05 9.98739E-05 0.00881798 9.98739E-05 9.98739E-05 9.98739E-05
9.9856E-05 9.9856E-05 9.9856E-05 9.9856E-05 9.9856E-05 9.9856E-05 9.9856E-05 9.9856E-05 9.9856E-05 9.9856E-05 0.0463616 9.9856E-05 9.9856E-05 9.9856E-05 9.9856E-05 9.9856E-05 0.952041 9.9856E-05
0.0192604 9.98741E-05 9.98741E-05 9.98741E-05 0.819653 9.98741E-05 9.98741E-05 9.98741E-05 9.98741E-05 0.0421785 9.98741E-05 9.98741E-05 9.98741E-05 0.11751 9.98741E-05 9.98741E-05 9.98741E-05 9.98741E-05
0.879334 9.98653E-05 9.98653E-05 9.98653E-05 9.98653E-05 9.98653E-05 9.98653E-05 9.98653E-05 0.118555 9.98653E-05 0.000612562 9.98653E-05 9.98653E-05 9.98653E-05 9.98653E-05 9.98653E-05 9.98653E-05 9.98653E-05
9.98655E-05 9.98655E-05 9.98655E-05 0.0114126 0.975394 9.98655E-05 9.98655E-05 0.0116951 9.98655E-05 9.98655E-05 9.98655E-05 9.98655E-05 9.98655E-05 9.98655E-05 9.98655E-05 9.98655E-05 9.98655E-05 9.98655E-05
9.9874E-05 0.00905583 9.9874E-05 9.9874E-05 0.865172 9.9874E-05 9.9874E-05 9.9874E-05 9.9874E-05 9.9874E-05 9.9874E-05 0.113774 9.9874E-05 0.0106002 9.9874E-05 9.9874E-05 9.9874E-05 9.9874E-05
9.98829E-05 9.98829E-05 9.98829E-05 9.98829E-05 0.7913 9.98829E-05 9.98829E-05 9.98829E-05 0.0819327 0.0333816 9.98829E-05 0.0821452 9.98829E-05 0.00994232 9.98829E-05 9.98829E-05 9.98829E-05 9.98829E-05
9.98471E-05 9.98471E-05 9.98471E-05 9.98471E-05 9.98471E-05 9.98471E-05 9.98471E-05 9.98471E-05 9.98471E-05 9.98471E-05 9.98471E-05 9.98471E-05 9.98471E-05 9.98471E-05 9.98471E-05 9.98471E-05 9.98471E-05 0.998303
9.98567E-05 9.98567E-05 9.98567E-05 9.98567E-05 9.98567E-05 0.0120963 9.98567E-05 9.98567E-05 9.98567E-05 9.98567E-05 9.98567E-05 9.98567E-05 9.98567E-05 9.98567E-05 9.98567E-05 9.98567E-05 0.986306 9.98567E-05
0.0893625 9.99371E-05 0.185705 0.025674 9.99371E-05 0.032928 0.0544585 9.99371E-05 0.146066 9.99371E-05 0.013473 0.158979 0.0585158 9.99371E-05 9.99371E-05 9.99371E-05 0.218887 0.0152515
9.98655E-05 9.98655E-05 9.98655E-05 9.98655E-05 9.98655E-05 9.98655E-05 9.98655E-05 0.0455088 9.98655E-05 9.98655E-05 9.98655E-05 9.98655E-05 9.98655E-05 9.98655E-05 0.19233 9.98655E-05 0.760664 9.98655E-05
9.98831E-05 9.98831E-05 9.98831E-05 9.98831E-05 9.98831E-05 0.0271213 9.98831E-05 9.98831E-05 9.98831E-05 9.98831E-05 0.0781858 9.98831E-05 0.0010113 0.0409299 9.98831E-05 9.98831E-05 0.851453 9.98831E-05
0.0404096 9.9883E-05 9.9883E-05 0.0336026 9.9883E-05 9.9883E-05 0.0351831 0.00880424 9.9883E-05 9.9883E-05 9.9883E-05 9.9883E-05 9.9883E-05 9.9883E-05 9.9883E-05 9.9883E-05 0.880702 9.9883E-05
0.0281782 9.98832E-05 9.98832E-05 0.0104984 9.98832E-05 9.98832E-05 9.98832E-05 0.0137966 9.98832E-05 9.98832E-05 9.98832E-05 9.98832E-05 9.98832E-05 9.98832E-05 9.98832E-05 0.0156593 0.930569 9.98832E-05
9.98833E-05 9.98833E-05 9.98833E-05 0.0228934 9.98833E-05 0.162767 9.98833E-05 9.98833E-05 9.98833E-05 9.98833E-05 0.0906972 9.98833E-05 9.98833E-05 0.0758666 9.98833E-05 9.98833E-05 0.646477 9.98833E-05
9.9883E-05 9.9883E-05 9.9883E-05 9.9883E-05 9.9883E-05 9.9883E-05 9.9883E-05 0.00368051 9.9883E-05 9.9883E-05 0.0399274 9.9883E-05 0.014584 0.0141853 9.9883E-05 9.9883E-05 0.926324 9.9883E-05
9.98651E-05 9.98651E-05 9.98651E-05 9.98651E-05 9.98651E-05 9.98651E-05 0.0159679 0.939175 9.98651E-05 9.98651E-05 0.0433588 9.98651E-05 9.98651E-05 9.98651E-05 9.98651E-05 9.98651E-05 9.98651E-05 9.98651E-05
9.98562E-05 9.98562E-05 9.98562E-05 9.98562E-05 0.00494481 9.98562E-05 9.98562E-05 0.993457 9.98562E-05 9.98562E-05 9.98562E-05 9.98562E-05 9.98562E-05 9.98562E-05 9.98562E-05 9.98562E-05 9.98562E-05 9.98562E-05
0.0320136 9.98742E-05 9.98742E-05 9.98742E-05 9.98742E-05 9.98742E-05 0.0146978 9.98742E-05 9.98742E-05 9.98742E-05 9.98742E-05 9.98742E-05 9.98742E-05 9.98742E-05 0.109065 9.98742E-05 0.842826 9.98742E-05
0.951596 9.9883E-05 0.0184007 9.9883E-05 9.9883E-05 9.9883E-05 9.9883E-05 0.00541159 9.9883E-05 0.00429389 9.9883E-05 9.9883E-05 9.9883E-05 0.0189988 9.9883E-05 9.9883E-05 9.9883E-05 9.9883E-05
0.990723 9.98561E-05 9.98561E-05 9.98561E-05 9.98561E-05 9.98561E-05 0.00767944 9.98561E-05 9.98561E-05 9.98561E-05 9.98561E-05 9.98561E-05 9.98561E-05 9.98561E-05 9.98561E-05 9.98561E-05 9.98561E-05 9.98561E-05
9.98563E-05 9.98563E-05 9.98563E-05 9.98563E-05 9.98563E-05 9.98563E-05 9.98563E-05 9.98563E-05 9.98563E-05 0.986221 9.98563E-05 9.98563E-05 9.98563E-05 0.0121813 9.98563E-05 9.98563E-05 9.98563E-05 9.98563E-05
9.98563E-05 9.98563E-05 9.98563E-05 9.98563E-05 9.98563E-05 9.98563E-05 9.98563E-05 9.98563E-05 9.98563E-05 0.995807 9.98563E-05 9.98563E-05 9.98563E-05 9.98563E-05 0.0025957 9.98563E-05 9.98563E-05 9.98563E-05
0.0146718 9.9892E-05 0.0158979 9.9892E-05 0.00194106 9.9892E-05 9.9892E-05 9.9892E-05 9.9892E-05 9.9892E-05 9.9892E-05 0.804882 9.9892E-05 0.161043 9.9892E-05 9.9892E-05 9.9892E-05 0.000365095
0.0471377 9.98919E-05 9.98919E-05 0.00547909 0.0653263 9.98919E-05 9.98919E-05 0.00427517 9.98919E-05 9.98919E-05 9.98919E-05 0.768415 9.98919E-05 0.108168 9.98919E-05 9.98919E-05 9.98919E-05 9.98919E-05
0.00438605 9.98832E-05 9.98832E-05 0.00332843 9.98832E-05 9.98832E-05 9.98832E-05 0.0160923 9.98832E-05 0.963181 9.98832E-05 9.98832E-05 0.0117132 9.98832E-05 9.98832E-05 9.98832E-05 9.98832E-05 9.98832E-05
9.98473E-05 9.98473E-05 9.98473E-05 9.98473E-05 9.98473E-05 9.98473E-05 9.98473E-05 9.98473E-05 9.98473E-05 0.998303 9.98473E-05 9.98473E-05 9.98473E-05 9.98473E-05 9.98473E-05 9.98473E-05 9.98473E-05 9.98473E-05
0.00978604 0.968094 9.9865E-05 0.0206224 9.9865E-05 9.9865E-05 9.9865E-05 9.9865E-05 9.9865E-05 9.9865E-05 9.9865E-05 9.9865E-05 9.9865E-05 9.9865E-05 9.9865E-05 9.9865E-05 9.9865E-05 9.9865E-05
0.0396256 9.98829E-05 9.98829E-05 0.122994 0.103927 9.98829E-05 9.98829E-05 9.98829E-05 9.98829E-05 9.98829E-05 9.98829E-05 9.98829E-05 9.98829E-05 0.702533 9.98829E-05 0.0296217 9.98829E-05 9.98829E-05
9.9883E-05 9.9883E-05 0.872607 0.0806607 0.00227775 9.9883E-05 0.0420732 9.9883E-05 0.00108331 9.9883E-05 9.9883E-05 9.9883E-05 9.9883E-05 9.9883E-05 9.9883E-05 9.9883E-05 9.9883E-05 9.9883E-05
9.9847E-05 9.9847E-05 9.9847E-05 9.9847E-05 9.9847E-05 9.9847E-05 9.9847E-05 9.9847E-05 0.998303 9.9847E-05 9.9847E-05 9.9847E-05 9.9847E-05 9.9847E-05 9.9847E-05 9.9847E-05 9.9847E-05 9.9847E-05
9.98831E-05 0.0636554 9.98831E-05 9.98831E-05 0.024421 9.98831E-05 9.98831E-05 9.98831E-05 0.828525 0.0135054 9.98831E-05 9.98831E-05 0.0685948 9.98831E-05 9.98831E-05 9.98831E-05 9.98831E-05 9.98831E-05
9.98471E-05 9.98471E-05 9.98471E-05 9.98471E-05 9.98471E-05 0.998303 9.98471E-05 9.98471E-05 9.98471E-05 9.98471E-05 9.98471E-05 9.98471E-05 9.98471E-05 9.98471E-05 9.98471E-05 9.98471E-05 9.98471E-05 9.98471E-05
