9.98828E-05 9.98828E-05 9.98828E-05 9.98828E-05 9.98828E-05 9.98828E-05 0.868363 9.98828E-05 9.98828E-05 9.98828E-05 0.000938777 0.0145301 9.98828E-05 9.98828E-05 0.00172487 0.113145 9.98828E-05 9.98828E-05
0.148158 9.98739E-05 9.98739E-05 0.679572 9.98739E-05 9.98739E-05 9.98739E-05 9.98739E-05 0.105997 9.98739E-05 0.0648742 9.98739E-05 9.98739E-05 9.98739E-05 9.98739E-05 9.98739E-05 9.98739E-05 9.98739E-05
9.98748E-05 9.98748E-05 9.98748E-05 9.98748E-05 9.98748E-05 9.98748E-05 9.98748E-05 0.0328437 9.98748E-05 9.98748E-05 9.98748E-05 9.98748E-05 9.98748E-05 9.98748E-05 0.0442097 9.98748E-05 0.914779 0.00676893
9.98648E-05 9.98648E-05 9.98648E-05 9.98648E-05 9.98648E-05 9.98648E-05 9.98648E-05 9.98648E-05 0.406194 0.0144868 9.98648E-05 9.98648E-05 9.98648E-05 9.98648E-05 9.98648E-05 9.98648E-05 0.577821 9.98648E-05
9.98923E-05 9.98923E-05 0.180022 0.142115 9.98923E-05 9.98923E-05 9.98923E-05 9.98923E-05 0.442083 0.0599485 9.98923E-05 0.0240275 9.98923E-05 9.98923E-05 9.98923E-05 0.150606 9.98923E-05 9.98923E-05
0.00382619 0.00385225 9.9883E-05 9.9883E-05 9.9883E-05 0.00914672 9.9883E-05 9.9883E-05 0.595212 9.9883E-05 9.9883E-05 9.9883E-05 9.9883E-05 9.9883E-05 9.9883E-05 9.9883E-05 0.386664 9.9883E-05
9.98472E-05 9.98472E-05 0.998303 9.98472E-05 9.98472E-05 9.98472E-05 9.98472E-05 9.98472E-05 9.98472E-05 9.98472E-05 9.98472E-05 9.98472E-05 9.98472E-05 9.98472E-05 9.98472E-05 9.98472E-05 9.98472E-05 9.98472E-05
9.98829E-05 0.659559 9.98829E-05 0.114502 9.98829E-05 9.98829E-05 9.98829E-05 9.98829E-05 0.0936936 0.0511165 9.98829E-05 9.98829E-05 9.98829E-05 9.98829E-05 9.98829E-05 0.0798308 9.98829E-05 9.98829E-05
9.9865E-05 9.9865E-05 0.928302 0.0699669 9.9865E-05 9.9865E-05 9.9865E-05 9.9865E-05 9.9865E-05 9.9865E-05 0.000232729 9.9865E-05 9.9865E-05 9.9865E-05 9.9865E-05 9.9865E-05 9.9865E-05 9.9865E-05
9.98562E-05 9.98562E-05 0.131506 9.98562E-05 9.98562E-05 9.98562E-05 9.98562E-05 9.98562E-05 9.98562E-05 9.98562E-05 9.98562E-05 9.98562E-05 9.98562E-05 9.98562E-05 9.98562E-05 0.866896 9.98562E-05 9.98562E-05
9.98562E-05 9.98562E-05 0.0796929 9.98562E-05 9.98562E-05 9.98562E-05 9.98562E-05 9.98562E-05 9.98562E-05 9.98562E-05 9.98562E-05 9.98562E-05 9.98562E-05 9.98562E-05 9.98562E-05 0.918709 9.98562E-05 9.98562E-05
9.9883E-05 0.0128329 9.9883E-05 9.9883E-05 0.152115 9.9883E-05 0.65387 0.147457 0.0324266 9.9883E-05 9.9883E-05 9.9883E-05 9.9883E-05 9.9883E-05 9.9883E-05 9.9883E-05 9.9883E-05 9.9883E-05
9.98655E-05 9.98655E-05 0.0114998 9.98655E-05 9.98655E-05 9.98655E-05 9.98655E-05 0.968062 9.98655E-05 9.98655E-05 9.98655E-05 9.98655E-05 9.98655E-05 0.0189401 9.98655E-05 9.98655E-05 9.98655E-05 9.98655E-05
9.98739E-05 9.98739E-05 9.98739E-05 9.98739E-05 9.98739E-05 0.00132818 9.98739E-05 9.98739E-05 0.506818 9.98739E-05 9.98739E-05 9.98739E-05 9.98739E-05 9.98739E-05 9.98739E-05 9.98739E-05 0.465594 0.0248613
0.0224341 9.98829E-05 9.98829E-05 9.98829E-05 9.98829E-05 9.98829E-05 0.00135052 9.98829E-05 0.504164 9.98829E-05 9.98829E-05 9.98829E-05 9.98829E-05 9.98829E-05 0.00974358 9.98829E-05 0.461009 9.98829E-05
9.9874E-05 9.9874E-05 9.9874E-05 9.9874E-05 9.9874E-05 0.121828 9.9874E-05 0.10853 9.9874E-05 9.9874E-05 9.9874E-05 9.9874E-05 0.717355 9.9874E-05 9.9874E-05 0.0508885 9.9874E-05 9.9874E-05
9.9865E-05 9.9865E-05 9.9865E-05 9.9865E-05 9.9865E-05 9.9865E-05 9.9865E-05 9.9865E-05 9.9865E-05 9.9865E-05 0.890016 0.0174417 9.9865E-05 9.9865E-05 9.9865E-05 0.0910447 9.9865E-05 9.9865E-05
9.98471E-05 9.98471E-05 9.98471E-05 9.98471E-05 9.98471E-05 9.98471E-05 9.98471E-05 9.98471E-05 9.98471E-05 9.98471E-05 9.98471E-05 9.98471E-05 9.98471E-05 9.98471E-05 0.998303 9.98471E-05 9.98471E-05 9.98471E-05
9.9856E-05 9.9856E-05 9.9856E-05 9.9856E-05 0.0586275 9.9856E-05 9.9856E-05 9.9856E-05 9.9856E-05 9.9856E-05 9.9856E-05 9.9856E-05 9.9856E-05 9.9856E-05 9.9856E-05 9.9856E-05 9.9856E-05 0.939775
9.98919E-05 9.98919E-05 9.98919E-05 9.98919E-05 0.0121098 0.139194 0.0693489 9.98919E-05 9.98919E-05 9.98919E-05 0.0277419 9.98919E-05 0.326191 9.98919E-05 9.98919E-05 0.424217 9.98919E-05 9.98919E-05
9.98651E-05 9.98651E-05 9.98651E-05 9.98651E-05 9.98651E-05 9.98651E-05 9.98651E-05 9.98651E-05 9.98651E-05 9.98651E-05 9.98651E-05 0.0122397 9.98651E-05 9.98651E-05 0.16409 9.98651E-05 9.98651E-05 0.822172
0.259051 9.98919E-05 9.98919E-05 9.98919E-05 0.0203489 9.98919E-05 0.431251 0.0426297 9.98919E-05 9.98919E-05 0.0241321 9.98919E-05 0.221389 9.98919E-05 9.98919E-05 9.98919E-05 9.98919E-05 9.98919E-05
9.9847E-05 9.9847E-05 9.9847E-05 9.9847E-05 9.9847E-05 9.9847E-05 9.9847E-05 9.9847E-05 9.9847E-05 9.9847E-05 9.9847E-05 0.998303 9.9847E-05 9.9847E-05 9.9847E-05 9.9847E-05 9.9847E-05 9.9847E-05
9.98739E-05 9.98739E-05 9.98739E-05 9.98739E-05 9.98739E-05 0.0125417 9.98739E-05 9.98739E-05 9.98739E-05 9.98739E-05 9.98739E-05 0.203484 9.98739E-05 9.98739E-05 0.010798 9.98739E-05 9.98739E-05 0.771778
9.98563E-05 9.98563E-05 9.98563E-05 9.98563E-05 9.98563E-05 9.98563E-05 9.98563E-05 9.98563E-05 0.572334 9.98563E-05 9.98563E-05 9.98563E-05 9.98563E-05 0.426068 9.98563E-05 9.98563E-05 9.98563E-05 9.98563E-05
9.98651E-05 9.98651E-05 9.98651E-05 9.98651E-05 9.98651E-05 9.98651E-05 9.98651E-05 9.98651E-05 0.783871 9.98651E-05 9.98651E-05 9.98651E-05 9.98651E-05 0.0188834 9.98651E-05 9.98651E-05 0.195748 9.98651E-05
9.99009E-05 9.99009E-05 9.99009E-05 9.99009E-05 0.02179 9.99009E-05 0.0494682 0.805394 9.99009E-05 9.99009E-05 0.0435251 0.000122632 0.0211666 9.99009E-05 9.99009E-05 0.0574349 9.99009E-05 9.99009E-05
9.98652E-05 9.98652E-05 9.98652E-05 9.98652E-05 9.98652E-05 0.00288274 9.98652E-05 9.98652E-05 0.0448955 9.98652E-05 9.98652E-05 9.98652E-05 9.98652E-05 0.950724 9.98652E-05 9.98652E-05 9.98652E-05 9.98652E-05
9.98473E-05 9.98473E-05 9.98473E-05 9.98473E-05 9.98473E-05 9.98473E-05 9.98473E-05 9.98473E-05 9.98473E-05 9.98473E-05 9.98473E-05 9.98473E-05 9.98473E-05 0.998303 9.98473E-05 9.98473E-05 9.98473E-05 9.98473E-05
9.98832E-05 0.315084 9.98832E-05 9.98832E-05 9.98832E-05 9.98832E-05 9.98832E-05 9.98832E-05 0.403115 0.117049 9.98832E-05 9.98832E-05 9.98832E-05 0.137398 9.98832E-05 9.98832E-05 9.98832E-05 0.0260561
9.99008E-05 0.621456 9.99008E-05 9.99008E-05 0.0132257 0.0169178 9.99008E-05 9.99008E-05 0.321021 0.0146221 0.00281718 0.00884168 9.99008E-05 9.99008E-05 9.99008E-05 9.99008E-05 9.99008E-05 9.99008E-05
9.98475E-05 9.98475E-05 9.98475E-05 0.998303 9.98475E-05 9.98475E-05 9.98475E-05 9.98475E-05 9.98475E-05 9.98475E-05 9.98475E-05 9.98475E-05 9.98475E-05 9.98475E-05 9.98475E-05 9.98475E-05 9.98475E-05 9.98475E-05
9.98743E-05 0.0644551 9.98743E-05 9.98743E-05 9.98743E-05 9.98743E-05 9.98743E-05 9.98743E-05 0.882031 9.98743E-05 9.98743E-05 9.98743E-05 0.00892556 0.0431903 9.98743E-05 9.98743E-05 9.98743E-05 9.98743E-05
9.98654E-05 0.271836 9.98654E-05 9.98654E-05 9.98654E-05 9.98654E-05 9.98654E-05 9.98654E-05 9.98654E-05 0.725401 9.98654E-05 9.98654E-05 9.98654E-05 9.98654E-05 9.98654E-05 0.00126504 9.98654E-05 9.98654E-05
0.0628705 0.0697518 9.98916E-05 9.98916E-05 0.0965722 0.0354558 9.98916E-05 0.496153 9.98916E-05 9.98916E-05 0.237998 9.98916E-05 9.98916E-05 9.98916E-05 9.98916E-05 9.98916E-05 9.98916E-05 9.98916E-05
0.00124337 9.98919E-05 9.98919E-05 9.98919E-05 0.0137455 0.000793091 9.98919E-05 9.98919E-05 0.614939 9.98919E-05 0.008659 9.98919E-05 9.98919E-05 0.359421 9.98919E-05 9.98919E-05 9.98919E-05 9.98919E-05
9.98652E-05 0.0152449 9.98652E-05 9.98652E-05 9.98652E-05 9.98652E-05 0.974865 9.98652E-05 0.00839256 9.98652E-05 9.98652E-05 9.98652E-05 9.98652E-05 9.98652E-05 9.98652E-05 9.98652E-05 9.98652E-05 9.98652E-05
0.15457 0.0425123 9.99099E-05 0.164677 9.99099E-05 9.99099E-05 0.045676 9.99099E-05 9.99099E-05 9.99099E-05 0.0569269 0.0526446 9.99099E-05 9.99099E-05 0.00150626 0.480488 9.99099E-05 9.99099E-05
9.98561E-05 9.98561E-05 9.98561E-05 9.98561E-05 9.98561E-05 9.98561E-05 9.98561E-05 9.98561E-05 0.0214588 9.98561E-05 0.976943 9.98561E-05 9.98561E-05 9.98561E-05 9.98561E-05 9.98561E-05 9.98561E-05 9.98561E-05
0.994659 9.9856E-05 9.9856E-05 9.9856E-05 9.9856E-05 9.9856E-05 9.9856E-05 9.9856E-05 0.00374322 9.9856E-05 9.9856E-05 9.9856E-05 9.9856E-05 9.9856E-05 9.9856E-05 9.9856E-05 9.9856E-05 9.9856E-05
0.998303 9.9847E-05 9.9847E-05 9.9847E-05 9.9847E-05 9.9847E-05 9.9847E-05 9.9847E-05 9.9847E-05 9.9847E-05 9.9847E-05 9.9847E-05 9.9847E-05 9.9847E-05 9.9847E-05 9.9847E-05 9.9847E-05 9.9847E-05
0.0918663 9.98919E-05 9.98919E-05 9.98919E-05 9.98919E-05 0.00583971 0.0519119 9.98919E-05 9.98919E-05 9.98919E-05 0.0197753 9.98919E-05 9.98919E-05 9.98919E-05 9.98919E-05 0.818857 9.98919E-05 0.0105506
0.0140139 9.991E-05 0.0792484 9.991E-05 9.991E-05 9.991E-05 0.0351825 0.0288551 9.991E-05 9.991E-05 9.991E-05 9.991E-05 0.798635 9.991E-05 0.0115065 0.0185307 9.991E-05 0.013029
9.98919E-05 9.98919E-05 9.98919E-05 9.98919E-05 9.98919E-05 0.0776146 0.0236305 9.98919E-05 9.98919E-05 0.000934231 9.98919E-05 9.98919E-05 0.0176199 0.0113591 9.98919E-05 0.867643 9.98919E-05 9.98919E-05
0.252926 9.99279E-05 9.99279E-05 0.0232525 0.0304452 0.138856 9.99279E-05 0.147321 9.99279E-05 9.99279E-05 9.99279E-05 0.133158 0.0472367 9.99279E-05 0.0119001 0.197198 9.99279E-05 0.0169068
0.235437 0.00397628 9.99201E-05 0.0350164 9.99201E-05 0.136314 0.0567867 9.99201E-05 9.99201E-05 9.99201E-05 9.99201E-05 0.011546 0.117959 9.99201E-05 9.99201E-05 0.318939 0.0637968 0.0194297
0.0268096 9.99189E-05 0.0511817 9.99189E-05 9.99189E-05 0.276517 0.194288 0.0279283 9.99189E-05 0.0397025 0.123024 9.99189E-05 9.99189E-05 9.99189E-05 9.99189E-05 0.179429 0.0802213 9.99189E-05
9.98659E-05 9.98659E-05 9.98659E-05 9.98659E-05 9.98659E-05 9.98659E-05 0.980483 9.98659E-05 9.98659E-05 9.98659E-05 9.98659E-05 0.00323688 9.98659E-05 9.98659E-05 0.0147825 9.98659E-05 9.98659E-05 9.98659E-05
9.98562E-05 9.98562E-05 9.98562E-05 9.98562E-05 0.00740627 9.98562E-05 9.98562E-05 9.98562E-05 9.98562E-05 0.990996 9.98562E-05 9.98562E-05 9.98562E-05 9.98562E-05 9.98562E-05 9.98562E-05 9.98562E-05 9.98562E-05
0.00727967 9.98562E-05 9.98562E-05 9.98562E-05 9.98562E-05 9.98562E-05 9.98562E-05 9.98562E-05 9.98562E-05 0.991123 9.98562E-05 9.98562E-05 9.98562E-05 9.98562E-05 9.98562E-05 9.98562E-05 9.98562E-05 9.98562E-05
9.98474E-05 9.98474E-05 9.98474E-05 9.98474E-05 9.98474E-05 9.98474E-05 9.98474E-05 9.98474E-05 9.98474E-05 0.998303 9.98474E-05 9.98474E-05 9.98474E-05 9.98474E-05 9.98474E-05 9.98474E-05 9.98474E-05 9.98474E-05
9.98474E-05 9.98474E-05 9.98474E-05 9.98474E-05 9.98474E-05 9.98474E-05 9.98474E-05 9.98474E-05 9.98474E-05 0.998303 9.98474E-05 9.98474E-05 9.98474E-05 9.98474E-05 9.98474E-05 9.98474E-05 9.98474E-05 9.98474E-05
9.98472E-05 9.98472E-05 9.98472E-05 9.98472E-05 9.98472E-05 9.98472E-05 9.98472E-05 9.98472E-05 9.98472E-05 0.998303 9.98472E-05 9.98472E-05 9.98472E-05 9.98472E-05 9.98472E-05 9.98472E-05 9.98472E-05 9.98472E-05
0.00364103 0.429111 0.0112671 0.121702 9.99281E-05 9.99281E-05 9.99281E-05 9.99281E-05 0.0120214 0.297608 9.99281E-05 0.0866766 0.0244196 9.99281E-05 0.00152845 0.0112252 9.99281E-05 9.99281E-05
9.98651E-05 9.98651E-05 9.98651E-05 0.0735937 9.98651E-05 9.98651E-05 9.98651E-05 9.98651E-05 9.98651E-05 0.903602 9.98651E-05 9.98651E-05 0.0213059 9.98651E-05 9.98651E-05 9.98651E-05 9.98651E-05 9.98651E-05
9.98648E-05 9.98648E-05 9.98648E-05 9.98648E-05 9.98648E-05 0.0576683 0.748025 9.98648E-05 9.98648E-05 9.98648E-05 9.98648E-05 9.98648E-05 0.192809 9.98648E-05 9.98648E-05 9.98648E-05 9.98648E-05 9.98648E-05
9.98649E-05 9.98649E-05 0.0526231 0.91904 9.98649E-05 9.98649E-05 9.98649E-05 9.98649E-05 9.98649E-05 0.0268389 9.98649E-05 9.98649E-05 9.98649E-05 9.98649E-05 9.98649E-05 9.98649E-05 9.98649E-05 9.98649E-05
9.9856E-05 9.9856E-05 9.9856E-05 9.9856E-05 9.9856E-05 9.9856E-05 9.9856E-05 9.9856E-05 0.871779 9.9856E-05 9.9856E-05 9.9856E-05 9.9856E-05 0.126623 9.9856E-05 9.9856E-05 9.9856E-05 9.9856E-05
0.125407 9.98831E-05 9.98831E-05 9.98831E-05 0.0256358 9.98831E-05 0.00218793 0.811071 9.98831E-05 9.98831E-05 9.98831E-05 9.98831E-05 0.0344002 9.98831E-05 9.98831E-05 9.98831E-05 9.98831E-05 9.98831E-05
9.98564E-05 9.98564E-05 9.98564E-05 9.98564E-05 9.98564E-05 0.094759 9.98564E-05 9.98564E-05 9.98564E-05 9.98564E-05 9.98564E-05 9.98564E-05 0.903643 9.98564E-05 9.98564E-05 9.98564E-05 9.98564E-05 9.98564E-05
9.98565E-05 9.98565E-05 0.000950458 9.98565E-05 9.98565E-05 9.98565E-05 9.98565E-05 0.997452 9.98565E-05 9.98565E-05 9.98565E-05 9.98565E-05 9.98565E-05 9.98565E-05 9.98565E-05 9.98565E-05 9.98565E-05 9.98565E-05
0.023558 9.9883E-05 9.9883E-05 9.9883E-05 9.9883E-05 9.9883E-05 9.9883E-05 0.904432 0.00318152 9.9883E-05 9.9883E-05 9.9883E-05 9.9883E-05 9.9883E-05 9.9883E-05 0.0670919 0.000438568 9.9883E-05
9.98828E-05 9.98828E-05 9.98828E-05 9.98828E-05 0.00609419 0.0978944 9.98828E-05 0.789013 9.98828E-05 9.98828E-05 9.98828E-05 9.98828E-05 9.98828E-05 9.98828E-05 0.0185894 0.0871103 9.98828E-05 9.98828E-05
0.051738 9.98742E-05 9.98742E-05 9.98742E-05 9.98742E-05 9.98742E-05 0.0150728 9.98742E-05 9.98742E-05 0.00574871 9.98742E-05 9.98742E-05 9.98742E-05 9.98742E-05 9.98742E-05 9.98742E-05 9.98742E-05 0.926042
9.98653E-05 9.98653E-05 9.98653E-05 9.98653E-05 9.98653E-05 9.98653E-05 9.98653E-05 9.98653E-05 0.0304776 9.98653E-05 9.98653E-05 9.98653E-05 9.98653E-05 0.602538 9.98653E-05 9.98653E-05 0.365487 9.98653E-05
0.156176 9.99461E-05 0.00403724 9.99461E-05 0.105933 9.99461E-05 0.107842 0.0912669 0.0420892 0.181189 9.99461E-05 9.99461E-05 0.0391989 0.130333 0.0641276 9.99461E-05 0.0739099 0.00329821
9.9856E-05 0.0054464 9.9856E-05 9.9856E-05 9.9856E-05 9.9856E-05 9.9856E-05 9.9856E-05 9.9856E-05 9.9856E-05 9.9856E-05 9.9856E-05 9.9856E-05 9.9856E-05 9.9856E-05 9.9856E-05 0.992956 9.9856E-05
9.98562E-05 9.98562E-05 9.98562E-05 9.98562E-05 9.98562E-05 9.98562E-05 0.0139172 9.98562E-05 0.984485 9.98562E-05 9.98562E-05 9.98562E-05 9.98562E-05 9.98562E-05 9.98562E-05 9.98562E-05 9.98562E-05 9.98562E-05
9.98651E-05 0.00336191 9.98651E-05 9.98651E-05 9.98651E-05 9.98651E-05 9.98651E-05 9.98651E-05 9.98651E-05 9.98651E-05 9.98651E-05 9.98651E-05 0.00310295 0.992037 9.98651E-05 9.98651E-05 9.98651E-05 9.98651E-05
9.98473E-05 9.98473E-05 9.98473E-05 9.98473E-05 9.98473E-05 9.98473E-05 9.98473E-05 9.98473E-05 9.98473E-05 9.98473E-05 9.98473E-05 9.98473E-05 9.98473E-05 0.998303 9.98473E-05 9.98473E-05 9.98473E-05 9.98473E-05
9.98654E-05 9.98654E-05 9.98654E-05 0.0413946 9.98654E-05 9.98654E-05 9.98654E-05 9.98654E-05 0.940676 9.98654E-05 9.98654E-05 9.98654E-05 9.98654E-05 9.98654E-05 9.98654E-05 0.0164317 9.98654E-05 9.98654E-05
9.9856E-05 9.9856E-05 9.9856E-05 9.9856E-05 9.9856E-05 9.9856E-05 9.9856E-05 9.9856E-05 0.823522 9.9856E-05 9.9856E-05 9.9856E-05 9.9856E-05 0.17488 9.9856E-05 9.9856E-05 9.9856E-05 9.9856E-05
9.98471E-05 0.998303 9.98471E-05 9.98471E-05 9.98471E-05 9.98471E-05 9.98471E-05 9.98471E-05 9.98471E-05 9.98471E-05 9.98471E-05 9.98471E-05 9.98471E-05 9.98471E-05 9.98471E-05 9.98471E-05 9.98471E-05 9.98471E-05
9.98651E-05 0.936884 0.0391989 9.98651E-05 9.98651E-05 9.98651E-05 9.98651E-05 0.0224188 9.98651E-05 9.98651E-05 9.98651E-05 9.98651E-05 9.98651E-05 9.98651E-05 9.98651E-05 9.98651E-05 9.98651E-05 9.98651E-05
9.98649E-05 9.98649E-05 9.98649E-05 9.98649E-05 9.98649E-05 9.98649E-05 9.98649E-05 9.98649E-05 0.0585167 9.98649E-05 9.98649E-05 9.98649E-05 9.98649E-05 0.178548 9.98649E-05 9.98649E-05 0.761437 9.98649E-05
9.98829E-05 0.0162424 9.98829E-05 9.98829E-05 9.98829E-05 9.98829E-05 9.98829E-05 9.98829E-05 9.98829E-05 0.00852614 0.000754946 0.0205086 0.952669 9.98829E-05 9.98829E-05 9.98829E-05 9.98829E-05 9.98829E-05
9.9874E-05 9.9874E-05 9.9874E-05 9.9874E-05 9.9874E-05 9.9874E-05 9.9874E-05 9.9874E-05 9.9874E-05 0.00213847 9.9874E-05 0.00362095 0.982775 9.9874E-05 9.9874E-05 9.9874E-05 0.010067 9.9874E-05
9.98473E-05 9.98473E-05 9.98473E-05 9.98473E-05 0.998303 9.98473E-05 9.98473E-05 9.98473E-05 9.98473E-05 9.98473E-05 9.98473E-05 9.98473E-05 9.98473E-05 9.98473E-05 9.98473E-05 9.98473E-05 9.98473E-05 9.98473E-05
9.98474E-05 9.98474E-05 9.98474E-05 9.98474E-05 0.998303 9.98474E-05 9.98474E-05 9.98474E-05 9.98474E-05 9.98474E-05 9.98474E-05 9.98474E-05 9.98474E-05 9.98474E-05 9.98474E-05 9.98474E-05 9.98474E-05 9.98474E-05
0.145326 9.98919E-05 9.98919E-05 0.0626191 9.98919E-05 9.98919E-05 9.98919E-05 0.06049 9.98919E-05 9.98919E-05 9.98919E-05 9.98919E-05 0.0531051 9.98919E-05 0.00625378 0.671008 9.98919E-05 9.98919E-05
0.10456 9.98919E-05 9.98919E-05 0.0354682 9.98919E-05 9.98919E-05 9.98919E-05 0.115026 9.98919E-05 9.98919E-05 9.98919E-05 9.98919E-05 0.03879 0.0253769 9.98919E-05 0.679581 9.98919E-05 9.98919E-05
9.98652E-05 9.98652E-05 9.98652E-05 9.98652E-05 0.9382 9.98652E-05 9.98652E-05 9.98652E-05 9.98652E-05 9.98652E-05 9.98652E-05 0.0505216 9.98652E-05 9.98652E-05 9.98652E-05 0.00977997 9.98652E-05 9.98652E-05
9.98474E-05 9.98474E-05 9.98474E-05 9.98474E-05 0.998303 9.98474E-05 9.98474E-05 9.98474E-05 9.98474E-05 9.98474E-05 9.98474E-05 9.98474E-05 9.98474E-05 9.98474E-05 9.98474E-05 9.98474E-05 9.98474E-05 9.98474E-05
9.98739E-05 9.98739E-05 9.98739E-05 9.98739E-05 9.98739E-05 9.98739E-05 0.900755 0.0213967 9.98739E-05 0.0187656 9.98739E-05 9.98739E-05 0.0576845 9.98739E-05 9.98739E-05 9.98739E-05 9.98739E-05 9.98739E-05
0.726268 9.9883E-05 0.117411 9.9883E-05 9.9883E-05 9.9883E-05 9.9883E-05 0.126654 9.9883E-05 9.9883E-05 9.9883E-05 9.9883E-05 0.00507736 9.9883E-05 9.9883E-05 9.9883E-05 9.9883E-05 0.0232911
9.9865E-05 9.9865E-05 0.0717708 0.871068 9.9865E-05 9.9865E-05 9.9865E-05 9.9865E-05 9.9865E-05 0.0556637 9.9865E-05 9.9865E-05 9.9865E-05 9.9865E-05 9.9865E-05 9.9865E-05 9.9865E-05 9.9865E-05
9.9865E-05 9.9865E-05 9.9865E-05 9.9865E-05 9.9865E-05 0.976165 9.9865E-05 9.9865E-05 9.9865E-05 9.9865E-05 9.9865E-05 0.0190142 9.9865E-05 0.00332276 9.9865E-05 9.9865E-05 9.9865E-05 9.9865E-05
9.98742E-05 9.98742E-05 9.98742E-05 9.98742E-05 0.0234433 0.912163 0.046996 9.98742E-05 9.98742E-05 9.98742E-05 0.0159995 9.98742E-05 9.98742E-05 9.98742E-05 9.98742E-05 9.98742E-05 9.98742E-05 9.98742E-05
9.98832E-05 0.714876 9.98832E-05 0.0111865 0.0119863 9.98832E-05 9.98832E-05 9.98832E-05 9.98832E-05 9.98832E-05 9.98832E-05 0.0404212 9.98832E-05 0.220231 9.98832E-05 9.98832E-05 9.98832E-05 9.98832E-05
