9.99008E-05 9.99008E-05 9.99008E-05 9.99008E-05 9.99008E-05 9.99008E-05 9.99008E-05 9.99008E-05 9.99008E-05 9.99008E-05 9.99008E-05 0.914644 0.084257
9.99279E-05 9.99279E-05 0.0694733 0.0154335 9.99279E-05 9.99279E-05 9.99279E-05 0.148677 9.99279E-05 9.99279E-05 0.721154 0.0444632 9.99279E-05
0.295575 0.00948184 9.99375E-05 9.99375E-05 0.0609552 0.0194541 9.99375E-05 0.551571 9.99375E-05 0.0622636 9.99375E-05 9.99375E-05 9.99375E-05
9.9928E-05 0.000861604 9.9928E-05 9.9928E-05 9.9928E-05 9.9928E-05 0.0364485 0.917944 0.0244617 0.0194852 9.9928E-05 9.9928E-05 9.9928E-05
0.0875412 0.212563 0.0877724 9.99551E-05 9.99551E-05 9.99551E-05 9.99551E-05 0.395873 0.0431557 9.99551E-05 0.109795 0.0124626 0.0503377
9.991E-05 9.991E-05 9.991E-05 9.991E-05 0.00156412 0.00253767 9.991E-05 0.994899 9.991E-05 9.991E-05 9.991E-05 9.991E-05 9.991E-05
9.98921E-05 0.998801 9.98921E-05 9.98921E-05 9.98921E-05 9.98921E-05 9.98921E-05 9.98921E-05 9.98921E-05 9.98921E-05 9.98921E-05 9.98921E-05 9.98921E-05
0.632539 9.99279E-05 9.99279E-05 9.99279E-05 9.99279E-05 9.99279E-05 9.99279E-05 0.129777 0.0694595 9.99279E-05 0.065493 9.99279E-05 0.101932
9.9928E-05 0.953812 0.000310625 9.9928E-05 9.9928E-05 9.9928E-05 9.9928E-05 9.9928E-05 0.01543 9.9928E-05 0.0222077 9.9928E-05 0.00744041
9.9901E-05 0.107226 9.9901E-05 9.9901E-05 9.9901E-05 9.9901E-05 9.9901E-05 9.9901E-05 9.9901E-05 9.9901E-05 9.9901E-05 9.9901E-05 0.891675
9.99011E-05 0.128051 9.99011E-05 9.99011E-05 9.99011E-05 9.99011E-05 9.99011E-05 9.99011E-05 9.99011E-05 9.99011E-05 9.99011E-05 9.99011E-05 0.87085
9.9928E-05 0.0217836 9.9928E-05 9.9928E-05 0.153826 9.9928E-05 0.0185322 9.9928E-05 9.9928E-05 0.129048 9.9928E-05 0.676011 9.9928E-05
0.0185939 0.0292701 9.99192E-05 9.99192E-05 0.950949 9.99192E-05 0.000287516 9.99192E-05 9.99192E-05 9.99192E-05 9.99192E-05 9.99192E-05 9.99192E-05
9.9919E-05 9.9919E-05 0.000151413 9.9919E-05 9.9919E-05 0.0240761 9.9919E-05 0.95908 9.9919E-05 9.9919E-05 0.0157929 9.9919E-05 9.9919E-05
9.9901E-05 9.9901E-05 9.9901E-05 9.9901E-05 9.9901E-05 9.9901E-05 9.9901E-05 0.985125 9.9901E-05 9.9901E-05 9.9901E-05 0.0137765 9.9901E-05
9.991E-05 9.991E-05 9.991E-05 0.802038 0.154194 9.991E-05 9.991E-05 9.991E-05 9.991E-05 9.991E-05 9.991E-05 9.991E-05 0.0427689
9.99008E-05 9.99008E-05 0.936061 9.99008E-05 9.99008E-05 9.99008E-05 9.99008E-05 9.99008E-05 9.99008E-05 9.99008E-05 9.99008E-05 9.99008E-05 0.0628397
9.99279E-05 9.99279E-05 9.99279E-05 0.0525093 9.99279E-05 0.693126 9.99279E-05 9.99279E-05 9.99279E-05 9.99279E-05 0.0793082 0.00309866 0.171159
9.99101E-05 9.99101E-05 9.99101E-05 9.99101E-05 0.0147014 0.907323 9.99101E-05 9.99101E-05 9.99101E-05 0.0769765 9.99101E-05 9.99101E-05 9.99101E-05
9.9928E-05 9.9928E-05 0.0522289 0.313207 9.9928E-05 9.9928E-05 9.9928E-05 9.9928E-05 9.9928E-05 0.0359702 9.9928E-05 0.103706 0.494088
0.000376502 9.99012E-05 9.99012E-05 9.99012E-05 9.99012E-05 0.998525 9.99012E-05 9.99012E-05 9.99012E-05 9.99012E-05 9.99012E-05 9.99012E-05 9.99012E-05
9.99201E-05 9.99201E-05 0.058208 0.279324 0.051768 9.99201E-05 9.99201E-05 9.99201E-05 9.99201E-05 9.99201E-05 9.99201E-05 0.490446 0.119455
9.99281E-05 9.99281E-05 0.313427 9.99281E-05 9.99281E-05 0.344305 9.99281E-05 9.99281E-05 0.019485 0.148341 9.99281E-05 9.99281E-05 0.173642
9.99189E-05 9.99189E-05 0.00902184 9.99189E-05 9.99189E-05 0.87788 9.99189E-05 9.99189E-05 9.99189E-05 0.0362966 9.99189E-05 9.99189E-05 0.075902
9.99192E-05 9.99192E-05 9.99192E-05 9.99192E-05 0.0108437 9.99192E-05 0.60426 0.37833 0.00566649 9.99192E-05 9.99192E-05 9.99192E-05 9.99192E-05
9.99011E-05 9.99011E-05 9.99011E-05 9.99011E-05 9.99011E-05 9.99011E-05 0.17436 0.824541 9.99011E-05 9.99011E-05 9.99011E-05 9.99011E-05 9.99011E-05
9.99279E-05 9.99279E-05 0.00236173 9.99279E-05 0.838378 9.99279E-05 9.99279E-05 9.99279E-05 9.99279E-05 0.0287048 9.99279E-05 0.0235018 0.106254
9.9892E-05 9.9892E-05 9.9892E-05 9.9892E-05 9.9892E-05 9.9892E-05 0.998801 9.9892E-05 9.9892E-05 9.9892E-05 9.9892E-05 9.9892E-05 9.9892E-05
9.98921E-05 9.98921E-05 9.98921E-05 9.98921E-05 9.98921E-05 9.98921E-05 0.998801 9.98921E-05 9.98921E-05 9.98921E-05 9.98921E-05 9.98921E-05 9.98921E-05
0.134684 9.99551E-05 0.0268838 9.99551E-05 0.00940894 0.00822649 0.273323 0.332596 0.178014 0.0363638 9.99551E-05 9.99551E-05 9.99551E-05
0.353796 9.9937E-05 0.0435722 9.9937E-05 9.9937E-05 9.9937E-05 0.2696 0.18902 0.104658 0.0386546 9.9937E-05 9.9937E-05 9.9937E-05
9.98923E-05 9.98923E-05 9.98923E-05 9.98923E-05 9.98923E-05 9.98923E-05 9.98923E-05 9.98923E-05 9.98923E-05 9.98923E-05 0.998801 9.98923E-05 9.98923E-05
0.159402 9.99101E-05 9.99101E-05 9.99101E-05 9.99101E-05 9.99101E-05 0.299639 0.53996 9.99101E-05 9.99101E-05 9.99101E-05 9.99101E-05 9.99101E-05
0.271308 9.99281E-05 9.99281E-05 9.99281E-05 9.99281E-05 9.99281E-05 0.0133475 9.99281E-05 0.680478 9.99281E-05 0.0185248 9.99281E-05 0.0155426
0.0538776 9.99367E-05 0.25643 9.99367E-05 0.551053 9.99367E-05 9.99367E-05 9.99367E-05 9.99367E-05 0.102126 9.99367E-05 0.0326763 0.00313819
9.99279E-05 0.004186 0.0625465 0.00113287 9.99279E-05 9.99279E-05 0.655953 0.275383 9.99279E-05 9.99279E-05 9.99279E-05 9.99279E-05 9.99279E-05
0.0203686 9.99101E-05 9.99101E-05 9.99101E-05 9.99101E-05 9.99101E-05 9.99101E-05 0.00923922 9.99101E-05 9.99101E-05 9.99101E-05 0.969393 9.99101E-05
0.0210547 9.9946E-05 0.00222407 9.9946E-05 9.9946E-05 0.00122878 9.9946E-05 0.0193313 9.9946E-05 9.9946E-05 0.192234 0.0810192 0.682308
9.98918E-05 9.98918E-05 0.998801 9.98918E-05 9.98918E-05 9.98918E-05 9.98918E-05 9.98918E-05 9.98918E-05 9.98918E-05 9.98918E-05 9.98918E-05 9.98918E-05
9.99278E-05 9.99278E-05 0.128498 0.305117 9.99278E-05 9.99278E-05 9.99278E-05 0.112472 9.99278E-05 9.99278E-05 9.99278E-05 0.205037 0.248076
9.99368E-05 9.99368E-05 0.107286 0.282196 9.99368E-05 0.0040247 9.99368E-05 0.0781515 9.99368E-05 9.99368E-05 9.99368E-05 0.217451 0.310191
9.99189E-05 9.99189E-05 9.99189E-05 0.039064 0.000421323 9.99189E-05 9.99189E-05 9.99189E-05 9.99189E-05 9.99189E-05 9.99189E-05 0.0401391 0.919476
9.9928E-05 0.0882252 9.9928E-05 0.812813 0.0335822 9.9928E-05 9.9928E-05 9.9928E-05 9.9928E-05 9.9928E-05 9.9928E-05 0.0223556 0.0422248
9.9919E-05 9.9919E-05 0.0122729 9.9919E-05 0.0326208 9.9919E-05 9.9919E-05 9.9919E-05 9.9919E-05 9.9919E-05 9.9919E-05 0.024315 0.929892
9.9955E-05 9.9955E-05 0.00818787 0.0882906 0.148859 0.122096 9.9955E-05 9.9955E-05 9.9955E-05 0.110887 0.0347615 0.0318764 0.454542
9.9955E-05 9.9955E-05 9.9955E-05 0.150073 0.0412032 0.0344452 9.9955E-05 0.0811932 9.9955E-05 0.016531 0.0213309 0.126951 0.527772
9.9964E-05 0.103613 0.295664 9.9964E-05 0.117382 9.9964E-05 0.0500262 0.0203636 0.0349087 0.025569 9.9964E-05 0.208286 0.143788
9.99016E-05 9.99016E-05 9.99016E-05 9.99016E-05 9.99016E-05 0.0103199 9.99016E-05 9.99016E-05 9.99016E-05 9.99016E-05 9.99016E-05 0.988581 9.99016E-05
9.98921E-05 9.98921E-05 9.98921E-05 9.98921E-05 9.98921E-05 9.98921E-05 9.98921E-05 9.98921E-05 0.998801 9.98921E-05 9.98921E-05 9.98921E-05 9.98921E-05
9.99101E-05 0.00362654 9.99101E-05 9.99101E-05 9.99101E-05 0.00440194 9.99101E-05 9.99101E-05 0.990972 9.99101E-05 9.99101E-05 9.99101E-05 9.99101E-05
9.99101E-05 9.99101E-05 9.99101E-05 0.0344079 9.99101E-05 9.99101E-05 9.99101E-05 9.99101E-05 0.958974 9.99101E-05 9.99101E-05 9.99101E-05 0.00561873
9.98921E-05 9.98921E-05 9.98921E-05 9.98921E-05 9.98921E-05 9.98921E-05 9.98921E-05 9.98921E-05 0.998801 9.98921E-05 9.98921E-05 9.98921E-05 9.98921E-05
9.98922E-05 9.98922E-05 9.98922E-05 9.98922E-05 9.98922E-05 9.98922E-05 9.98922E-05 9.98922E-05 0.998801 9.98922E-05 9.98922E-05 9.98922E-05 9.98922E-05
0.293986 0.0675831 9.99551E-05 0.0770189 9.99551E-05 0.0421198 0.063584 9.99551E-05 0.354446 9.99551E-05 0.0894173 9.99551E-05 0.0113455
9.991E-05 9.991E-05 9.991E-05 9.991E-05 9.991E-05 9.991E-05 9.991E-05 9.991E-05 0.936113 9.991E-05 0.0440477 0.0188406 9.991E-05
9.99009E-05 9.99009E-05 9.99009E-05 0.183993 9.99009E-05 9.99009E-05 9.99009E-05 9.99009E-05 9.99009E-05 9.99009E-05 9.99009E-05 0.814908 9.99009E-05
9.99279E-05 0.00507581 9.99279E-05 9.99279E-05 0.0282183 9.99279E-05 0.0330457 9.99279E-05 0.0349401 9.99279E-05 0.897921 9.99279E-05 9.99279E-05
9.99009E-05 9.99009E-05 9.99009E-05 9.99009E-05 9.99009E-05 9.99009E-05 0.419931 0.57897 9.99009E-05 9.99009E-05 9.99009E-05 9.99009E-05 9.99009E-05
9.99281E-05 9.99281E-05 9.99281E-05 0.0935758 0.858189 9.99281E-05 9.99281E-05 9.99281E-05 0.00238697 0.030926 9.99281E-05 0.0141228 9.99281E-05
9.99014E-05 9.99014E-05 9.99014E-05 0.943103 0.0557985 9.99014E-05 9.99014E-05 9.99014E-05 9.99014E-05 9.99014E-05 9.99014E-05 9.99014E-05 9.99014E-05
0.00155421 0.0192907 9.99103E-05 9.99103E-05 0.978156 9.99103E-05 9.99103E-05 9.99103E-05 9.99103E-05 9.99103E-05 9.99103E-05 9.99103E-05 9.99103E-05
9.99099E-05 9.99099E-05 9.99099E-05 0.00151177 0.905018 9.99099E-05 9.99099E-05 9.99099E-05 9.99099E-05 9.99099E-05 9.99099E-05 9.99099E-05 0.0924716
9.99189E-05 9.99189E-05 9.99189E-05 9.99189E-05 0.840976 0.0121393 9.99189E-05 9.99189E-05 9.99189E-05 0.0864904 9.99189E-05 9.99189E-05 0.0594948
9.99103E-05 9.99103E-05 9.99103E-05 9.99103E-05 9.99103E-05 0.919801 9.99103E-05 9.99103E-05 9.99103E-05 9.99103E-05 9.99103E-05 0.0511468 0.0280526
9.99014E-05 9.99014E-05 9.99014E-05 9.99014E-05 9.99014E-05 9.99014E-05 0.701952 0.296949 9.99014E-05 9.99014E-05 9.99014E-05 9.99014E-05 9.99014E-05
0.0992506 9.9982E-05 0.0886664 0.0503512 0.12442 0.0534211 0.0243435 0.222431 0.0713355 0.0972776 9.9982E-05 0.127758 0.0405443
0.0613306 9.99192E-05 9.99192E-05 0.0199472 9.99192E-05 9.99192E-05 0.0184902 0.899333 9.99192E-05 9.99192E-05 9.99192E-05 9.99192E-05 9.99192E-05
0.000357261 0.00689232 0.0405974 9.99279E-05 9.99279E-05 9.99279E-05 0.259027 0.692327 9.99279E-05 9.99279E-05 9.99279E-05 9.99279E-05 9.99279E-05
9.991E-05 9.991E-05 9.991E-05 0.0136882 9.991E-05 9.991E-05 0.984321 9.991E-05 0.000992121 9.991E-05 9.991E-05 9.991E-05 9.991E-05
9.99101E-05 9.99101E-05 9.99101E-05 0.00449063 9.99101E-05 9.99101E-05 0.987779 9.99101E-05 9.99101E-05 9.99101E-05 9.99101E-05 0.00673125 9.99101E-05
0.0689471 9.99281E-05 9.99281E-05 9.99281E-05 9.99281E-05 9.99281E-05 0.219255 0.6421 9.99281E-05 0.00470484 9.99281E-05 9.99281E-05 0.0641941
9.99099E-05 9.99099E-05 0.0192938 9.99099E-05 9.99099E-05 9.99099E-05 0.573699 0.406008 9.99099E-05 9.99099E-05 9.99099E-05 9.99099E-05 9.99099E-05
0.998801 9.98918E-05 9.98918E-05 9.98918E-05 9.98918E-05 9.98918E-05 9.98918E-05 9.98918E-05 9.98918E-05 9.98918E-05 9.98918E-05 9.98918E-05 9.98918E-05
0.971114 0.0053129 9.99099E-05 9.99099E-05 0.0225739 9.99099E-05 9.99099E-05 9.99099E-05 9.99099E-05 9.99099E-05 9.99099E-05 9.99099E-05 9.99099E-05
9.9919E-05 9.9919E-05 9.9919E-05 0.0232312 9.9919E-05 9.9919E-05 0.0908931 0.859524 0.0254523 9.9919E-05 9.9919E-05 9.9919E-05 9.9919E-05
0.0405673 9.99009E-05 9.99009E-05 0.958334 9.99009E-05 9.99009E-05 9.99009E-05 9.99009E-05 9.99009E-05 9.99009E-05 9.99009E-05 9.99009E-05 9.99009E-05
9.9901E-05 9.9901E-05 9.9901E-05 0.996645 9.9901E-05 9.9901E-05 9.9901E-05 9.9901E-05 0.00225645 9.9901E-05 9.9901E-05 9.9901E-05 9.9901E-05
9.98921E-05 9.98921E-05 9.98921E-05 9.98921E-05 9.98921E-05 9.98921E-05 9.98921E-05 9.98921E-05 9.98921E-05 0.998801 9.98921E-05 9.98921E-05 9.98921E-05
9.98922E-05 9.98922E-05 9.98922E-05 9.98922E-05 9.98922E-05 9.98922E-05 9.98922E-05 9.98922E-05 9.98922E-05 0.998801 9.98922E-05 9.98922E-05 9.98922E-05
9.99279E-05 9.99279E-05 9.99279E-05 0.11544 9.99279E-05 9.99279E-05 0.00682866 9.99279E-05 9.99279E-05 9.99279E-05 0.0425759 0.00693065 0.827425
9.9946E-05 9.9946E-05 9.9946E-05 0.0700258 0.0442693 9.9946E-05 0.00929277 9.9946E-05 0.000354574 9.9946E-05 0.0609783 0.0114799 0.803
0.0206126 9.99191E-05 9.99191E-05 0.00772931 9.99191E-05 9.99191E-05 9.99191E-05 9.99191E-05 9.99191E-05 0.963658 0.00710038 9.99191E-05 9.99191E-05
9.98921E-05 9.98921E-05 9.98921E-05 9.98921E-05 9.98921E-05 9.98921E-05 9.98921E-05 9.98921E-05 9.98921E-05 0.998801 9.98921E-05 9.98921E-05 9.98921E-05
9.99099E-05 9.99099E-05 9.99099E-05 9.99099E-05 0.0346604 9.99099E-05 9.99099E-05 9.99099E-05 0.00627224 9.99099E-05 9.99099E-05 0.958068 9.99099E-05
9.99369E-05 0.0742358 9.99369E-05 0.55722 0.11482 0.073123 9.99369E-05 9.99369E-05 9.99369E-05 9.99369E-05 9.99369E-05 0.0277851 0.152117
9.991E-05 0.0711708 9.991E-05 9.991E-05 9.991E-05 9.991E-05 9.991E-05 9.991E-05 0.0381864 9.991E-05 0.889644 9.991E-05 9.991E-05
9.99462E-05 9.99462E-05 0.413414 9.99462E-05 0.261682 0.0596695 0.00648617 0.0115132 9.99462E-05 0.075146 9.99462E-05 9.99462E-05 0.17149
9.99282E-05 9.99282E-05 0.481058 9.99282E-05 0.257347 0.0260837 9.99282E-05 9.99282E-05 9.99282E-05 0.126316 9.99282E-05 0.108395 9.99282E-05
0.372584 9.99282E-05 9.99282E-05 9.99282E-05 9.99282E-05 0.0569427 0.457878 9.99282E-05 0.0852585 0.0265368 9.99282E-05 9.99282E-05 9.99282E-05
