0.0135099 9.99099E-05 0.945745 9.99099E-05 9.99099E-05 0.0397464 9.99099E-05 9.99099E-05 9.99099E-05 9.99099E-05 9.99099E-05 9.99099E-05 9.99099E-05
9.99189E-05 9.99189E-05 0.0414189 9.99189E-05 9.99189E-05 9.99189E-05 9.99189E-05 9.99189E-05 9.99189E-05 0.0643093 0.764515 9.99189E-05 0.128858
0.0568304 0.471251 9.99465E-05 9.99465E-05 0.0347654 9.99465E-05 0.0896991 9.99465E-05 0.00735666 9.99465E-05 0.0340611 9.99465E-05 0.305437
0.0056855 0.037253 9.9919E-05 0.0338187 9.9919E-05 9.9919E-05 9.9919E-05 9.9919E-05 9.9919E-05 9.9919E-05 9.9919E-05 9.9919E-05 0.922343
9.99372E-05 9.99372E-05 0.0389444 0.103806 9.99372E-05 0.0907026 9.99372E-05 9.99372E-05 9.99372E-05 9.99372E-05 0.0738132 0.255867 0.436167
9.99011E-05 9.99011E-05 9.99011E-05 0.0313425 9.99011E-05 9.99011E-05 9.99011E-05 9.99011E-05 9.99011E-05 9.99011E-05 9.99011E-05 9.99011E-05 0.967559
9.98919E-05 9.98919E-05 9.98919E-05 9.98919E-05 9.98919E-05 9.98919E-05 9.98919E-05 9.98919E-05 9.98919E-05 9.98919E-05 9.98919E-05 0.998801 9.98919E-05
9.99371E-05 0.482412 9.99371E-05 0.161748 9.99371E-05 0.106488 9.99371E-05 9.99371E-05 9.99371E-05 0.00493062 0.152274 0.0914475 9.99371E-05
9.99099E-05 9.99099E-05 9.99099E-05 9.99099E-05 9.99099E-05 9.99099E-05 9.99099E-05 0.00956035 9.99099E-05 9.99099E-05 0.0239948 0.965446 9.99099E-05
9.99009E-05 9.99009E-05 9.99009E-05 9.99009E-05 9.99009E-05 0.814279 9.99009E-05 9.99009E-05 9.99009E-05 9.99009E-05 9.99009E-05 0.184622 9.99009E-05
9.99009E-05 9.99009E-05 9.99009E-05 9.99009E-05 9.99009E-05 0.819839 9.99009E-05 9.99009E-05 9.99009E-05 9.99009E-05 9.99009E-05 0.179062 9.99009E-05
0.128958 0.0360191 0.636696 9.9937E-05 0.000926543 9.9937E-05 0.168219 0.0284824 9.9937E-05 9.9937E-05 9.9937E-05 9.9937E-05 9.9937E-05
9.99102E-05 0.0100099 9.99102E-05 9.99102E-05 9.99102E-05 9.99102E-05 0.947192 9.99102E-05 9.99102E-05 9.99102E-05 9.99102E-05 0.0417989 9.99102E-05
9.99101E-05 9.99101E-05 9.99101E-05 9.99101E-05 9.99101E-05 9.99101E-05 9.99101E-05 9.99101E-05 0.00585516 9.99101E-05 0.0252735 9.99101E-05 0.967872
9.99101E-05 9.99101E-05 0.00686316 9.99101E-05 0.0061838 9.99101E-05 9.99101E-05 9.99101E-05 9.99101E-05 9.99101E-05 9.99101E-05 9.99101E-05 0.985954
9.991E-05 9.991E-05 9.991E-05 9.991E-05 9.991E-05 0.0255498 0.13609 0.837361 9.991E-05 9.991E-05 9.991E-05 9.991E-05 9.991E-05
9.99099E-05 9.99099E-05 9.99099E-05 9.99099E-05 9.99099E-05 0.0503103 9.99099E-05 0.013852 9.99099E-05 0.934839 9.99099E-05 9.99099E-05 9.99099E-05
0.012831 9.99369E-05 9.99369E-05 0.0184541 0.822793 0.0798592 9.99369E-05 9.99369E-05 9.99369E-05 0.0510697 0.014293 9.99369E-05 9.99369E-05
9.98921E-05 9.98921E-05 9.98921E-05 9.98921E-05 9.98921E-05 9.98921E-05 9.98921E-05 9.98921E-05 0.998801 9.98921E-05 9.98921E-05 9.98921E-05 9.98921E-05
0.0534051 9.9928E-05 0.0747463 9.9928E-05 9.9928E-05 0.485948 9.9928E-05 0.37117 9.9928E-05 0.0139309 9.9928E-05 9.9928E-05 9.9928E-05
9.99009E-05 9.99009E-05 9.99009E-05 9.99009E-05 0.534014 9.99009E-05 9.99009E-05 9.99009E-05 0.464887 9.99009E-05 9.99009E-05 9.99009E-05 9.99009E-05
9.9928E-05 9.9928E-05 0.463422 9.9928E-05 9.9928E-05 0.109808 0.0534831 0.295336 9.9928E-05 0.0771514 9.9928E-05 9.9928E-05 9.9928E-05
0.100397 9.99369E-05 9.99369E-05 0.00492778 9.99369E-05 0.194823 9.99369E-05 9.99369E-05 0.41719 0.255726 0.0262369 9.99369E-05 9.99369E-05
9.99009E-05 9.99009E-05 9.99009E-05 9.99009E-05 9.99009E-05 0.0628295 9.99009E-05 9.99009E-05 0.936072 9.99009E-05 9.99009E-05 9.99009E-05 9.99009E-05
9.99009E-05 0.52611 9.99009E-05 9.99009E-05 9.99009E-05 9.99009E-05 9.99009E-05 9.99009E-05 9.99009E-05 9.99009E-05 9.99009E-05 9.99009E-05 0.472791
9.99011E-05 0.158507 9.99011E-05 9.99011E-05 9.99011E-05 9.99011E-05 9.99011E-05 9.99011E-05 9.99011E-05 9.99011E-05 9.99011E-05 9.99011E-05 0.840394
0.0272661 9.99368E-05 0.0599459 9.99368E-05 9.99368E-05 0.0573143 0.801316 0.0231812 9.99368E-05 0.0302769 9.99368E-05 9.99368E-05 9.99368E-05
9.99009E-05 0.890833 9.99009E-05 9.99009E-05 9.99009E-05 9.99009E-05 9.99009E-05 9.99009E-05 9.99009E-05 9.99009E-05 9.99009E-05 9.99009E-05 0.108068
9.99008E-05 0.992049 9.99008E-05 9.99008E-05 9.99008E-05 9.99008E-05 9.99008E-05 9.99008E-05 9.99008E-05 9.99008E-05 9.99008E-05 9.99008E-05 0.00685204
9.99461E-05 0.296005 9.99461E-05 0.206459 0.0627282 9.99461E-05 0.00760656 9.99461E-05 9.99461E-05 0.0207341 0.000329512 9.99461E-05 0.405539
0.000158445 0.457235 9.9946E-05 0.163964 9.9946E-05 9.9946E-05 9.9946E-05 9.9946E-05 9.9946E-05 0.0472425 0.04551 0.0505365 0.234754
9.98923E-05 9.98923E-05 9.98923E-05 9.98923E-05 9.98923E-05 9.98923E-05 9.98923E-05 9.98923E-05 9.98923E-05 9.98923E-05 0.998801 9.98923E-05 9.98923E-05
9.99102E-05 0.371844 9.99102E-05 9.99102E-05 9.99102E-05 9.99102E-05 9.99102E-05 0.0115652 9.99102E-05 9.99102E-05 9.99102E-05 9.99102E-05 0.615592
9.99192E-05 0.20021 9.99192E-05 0.744123 9.99192E-05 9.99192E-05 9.99192E-05 9.99192E-05 9.99192E-05 9.99192E-05 0.0369963 0.0177709 9.99192E-05
0.11865 0.0442394 0.0206704 9.99367E-05 9.99367E-05 0.0320397 0.528507 9.99367E-05 9.99367E-05 0.255194 9.99367E-05 9.99367E-05 9.99367E-05
9.99188E-05 0.501924 9.99188E-05 9.99188E-05 9.99188E-05 9.99188E-05 9.99188E-05 0.0155987 9.99188E-05 0.0135641 9.99188E-05 9.99188E-05 0.468014
9.99101E-05 9.99101E-05 0.971676 9.99101E-05 9.99101E-05 9.99101E-05 9.99101E-05 9.99101E-05 9.99101E-05 0.0129038 9.99101E-05 9.99101E-05 0.0144214
9.9937E-05 9.9937E-05 0.068747 9.9937E-05 0.0153977 0.638479 9.9937E-05 9.9937E-05 9.9937E-05 0.0126231 0.244324 9.9937E-05 0.0197291
9.98919E-05 9.98919E-05 9.98919E-05 9.98919E-05 9.98919E-05 9.98919E-05 9.98919E-05 9.98919E-05 9.98919E-05 0.998801 9.98919E-05 9.98919E-05 9.98919E-05
9.99278E-05 9.99278E-05 0.191575 9.99278E-05 9.99278E-05 0.328284 9.99278E-05 0.26472 9.99278E-05 0.0724789 9.99278E-05 9.99278E-05 0.142143
0.0168772 9.99549E-05 0.256397 9.99549E-05 0.00821769 0.331504 9.99549E-05 0.265902 9.99549E-05 0.0186056 0.000955815 9.99549E-05 0.101041
9.9919E-05 9.9919E-05 0.0249955 9.9919E-05 9.9919E-05 0.957452 0.0075368 0.00911618 9.9919E-05 9.9919E-05 9.9919E-05 9.9919E-05 9.9919E-05
9.9928E-05 9.9928E-05 0.00912693 9.9928E-05 9.9928E-05 9.9928E-05 0.0541035 0.870988 0.00772227 9.9928E-05 9.9928E-05 0.0572599 9.9928E-05
9.9928E-05 9.9928E-05 0.00174722 9.9928E-05 9.9928E-05 0.925315 0.0278119 0.0405533 9.9928E-05 0.0037736 9.9928E-05 9.9928E-05 9.9928E-05
0.0613028 9.994E-05 0.0557537 9.994E-05 9.994E-05 0.461939 0.161894 0.0702482 0.137693 9.994E-05 0.0505704 9.994E-05 9.994E-05
9.9946E-05 9.9946E-05 0.0869152 9.9946E-05 0.0711847 0.568135 0.0309187 0.137164 9.9946E-05 9.9946E-05 0.0354784 9.9946E-05 0.0696045
0.00812646 9.9955E-05 0.163949 0.0283318 9.9955E-05 0.279847 0.144663 9.9955E-05 9.9955E-05 0.21455 9.9955E-05 0.0692844 0.0907485
9.99016E-05 9.99016E-05 0.980811 9.99016E-05 0.0180904 9.99016E-05 9.99016E-05 9.99016E-05 9.99016E-05 9.99016E-05 9.99016E-05 9.99016E-05 9.99016E-05
9.9901E-05 9.9901E-05 0.00780019 0.991101 9.9901E-05 9.9901E-05 9.9901E-05 9.9901E-05 9.9901E-05 9.9901E-05 9.9901E-05 9.9901E-05 9.9901E-05
9.98921E-05 9.98921E-05 9.98921E-05 0.998801 9.98921E-05 9.98921E-05 9.98921E-05 9.98921E-05 9.98921E-05 9.98921E-05 9.98921E-05 9.98921E-05 9.98921E-05
0.00681645 9.99101E-05 9.99101E-05 0.985247 9.99101E-05 0.00693737 9.99101E-05 9.99101E-05 9.99101E-05 9.99101E-05 9.99101E-05 9.99101E-05 9.99101E-05
9.98921E-05 9.98921E-05 9.98921E-05 0.998801 9.98921E-05 9.98921E-05 9.98921E-05 9.98921E-05 9.98921E-05 9.98921E-05 9.98921E-05 9.98921E-05 9.98921E-05
9.98921E-05 9.98921E-05 9.98921E-05 0.998801 9.98921E-05 9.98921E-05 9.98921E-05 9.98921E-05 9.98921E-05 9.98921E-05 9.98921E-05 9.98921E-05 9.98921E-05
9.99551E-05 0.314614 9.99551E-05 0.417897 9.99551E-05 0.0164223 9.99551E-05 0.034727 0.0532282 0.0164009 0.0163903 0.129821 9.99551E-05
9.99011E-05 9.99011E-05 9.99011E-05 0.939898 9.99011E-05 9.99011E-05 9.99011E-05 9.99011E-05 9.99011E-05 9.99011E-05 0.0590028 9.99011E-05 9.99011E-05
9.99099E-05 9.99099E-05 0.745699 9.99099E-05 9.99099E-05 9.99099E-05 0.00883615 0.244466 9.99099E-05 9.99099E-05 9.99099E-05 9.99099E-05 9.99099E-05
9.99279E-05 0.0176332 9.99279E-05 0.0520901 9.99279E-05 9.99279E-05 9.99279E-05 0.0310689 9.99279E-05 9.99279E-05 0.874843 0.0235651 9.99279E-05
9.99099E-05 0.340319 9.99099E-05 9.99099E-05 9.99099E-05 9.99099E-05 9.99099E-05 9.99099E-05 9.99099E-05 0.0048717 9.99099E-05 9.99099E-05 0.65381
0.0293173 9.9919E-05 0.023805 9.9919E-05 9.9919E-05 9.9919E-05 0.826791 0.119187 9.9919E-05 9.9919E-05 9.9919E-05 9.9919E-05 9.9919E-05
9.99014E-05 9.99014E-05 9.99014E-05 9.99014E-05 9.99014E-05 9.99014E-05 0.0864276 0.912473 9.99014E-05 9.99014E-05 9.99014E-05 9.99014E-05 9.99014E-05
9.99012E-05 9.99012E-05 9.99012E-05 9.99012E-05 9.99012E-05 9.99012E-05 0.958616 9.99012E-05 9.99012E-05 9.99012E-05 9.99012E-05 0.0402854 9.99012E-05
9.99279E-05 9.99279E-05 0.00151744 9.99279E-05 9.99279E-05 0.117375 0.863346 9.99279E-05 9.99279E-05 9.99279E-05 0.013907 9.99279E-05 0.00305554
0.0472572 9.99189E-05 9.99189E-05 9.99189E-05 9.99189E-05 0.0909026 0.855914 9.99189E-05 0.00502649 9.99189E-05 9.99189E-05 9.99189E-05 9.99189E-05
9.9892E-05 9.9892E-05 9.9892E-05 9.9892E-05 0.998801 9.9892E-05 9.9892E-05 9.9892E-05 9.9892E-05 9.9892E-05 9.9892E-05 9.9892E-05 9.9892E-05
9.99013E-05 0.594937 9.99013E-05 9.99013E-05 9.99013E-05 9.99013E-05 9.99013E-05 9.99013E-05 9.99013E-05 9.99013E-05 9.99013E-05 9.99013E-05 0.403964
9.999E-05 0.0107879 0.102647 0.117473 0.0684167 0.085425 0.0905177 0.184013 0.000927063 0.0856224 0.105224 0.0018081 0.147039
9.99283E-05 0.027527 9.99283E-05 9.99283E-05 9.99283E-05 9.99283E-05 0.00689385 0.0169045 9.99283E-05 9.99283E-05 9.99283E-05 0.0283597 0.919516
9.9937E-05 0.0610798 0.0308635 0.0285093 9.9937E-05 9.9937E-05 9.9937E-05 9.9937E-05 9.9937E-05 0.0159858 9.9937E-05 0.0294931 0.833369
9.99009E-05 0.985126 9.99009E-05 9.99009E-05 9.99009E-05 9.99009E-05 9.99009E-05 0.0137746 9.99009E-05 9.99009E-05 9.99009E-05 9.99009E-05 9.99009E-05
9.99099E-05 0.960745 0.00027056 9.99099E-05 9.99099E-05 9.99099E-05 9.99099E-05 0.0379857 9.99099E-05 9.99099E-05 9.99099E-05 9.99099E-05 9.99099E-05
9.99371E-05 0.184888 9.99371E-05 9.99371E-05 9.99371E-05 0.0333333 9.99371E-05 9.99371E-05 9.99371E-05 0.00910855 0.0324631 0.015399 0.724108
9.99098E-05 0.348287 9.99098E-05 9.99098E-05 9.99098E-05 9.99098E-05 9.99098E-05 9.99098E-05 9.99098E-05 0.0164733 9.99098E-05 9.99098E-05 0.63424
9.99283E-05 0.545919 9.99283E-05 0.258705 9.99283E-05 9.99283E-05 9.99283E-05 9.99283E-05 9.99283E-05 0.0113228 0.00442232 0.178831 9.99283E-05
9.99283E-05 0.633908 9.99283E-05 0.0475371 0.00879374 9.99283E-05 0.00478877 9.99283E-05 9.99283E-05 9.99283E-05 9.99283E-05 0.304172 9.99283E-05
0.00502398 0.0668417 9.99281E-05 0.0337605 9.99281E-05 9.99281E-05 9.99281E-05 0.0154264 9.99281E-05 9.99281E-05 9.99281E-05 9.99281E-05 0.878148
9.9919E-05 0.00223435 9.9919E-05 9.9919E-05 9.9919E-05 9.9919E-05 9.9919E-05 0.985929 9.9919E-05 0.00326171 0.00767609 9.9919E-05 9.9919E-05
9.99009E-05 9.99009E-05 9.99009E-05 0.018806 9.99009E-05 9.99009E-05 9.99009E-05 0.980095 9.99009E-05 9.99009E-05 9.99009E-05 9.99009E-05 9.99009E-05
0.987827 9.99011E-05 0.011074 9.99011E-05 9.99011E-05 9.99011E-05 9.99011E-05 9.99011E-05 9.99011E-05 9.99011E-05 9.99011E-05 9.99011E-05 9.99011E-05
0.998801 9.98922E-05 9.98922E-05 9.98922E-05 9.98922E-05 9.98922E-05 9.98922E-05 9.98922E-05 9.98922E-05 9.98922E-05 9.98922E-05 9.98922E-05 9.98922E-05
9.99189E-05 9.99189E-05 9.99189E-05 9.99189E-05 0.00231488 0.840212 9.99189E-05 0.0509328 9.99189E-05 9.99189E-05 0.105641 9.99189E-05 9.99189E-05
9.99459E-05 0.0228081 0.00403439 9.99459E-05 0.0225435 0.774075 0.0293578 0.116971 9.99459E-05 9.99459E-05 0.0296107 9.99459E-05 9.99459E-05
0.98059 9.99012E-05 9.99012E-05 9.99012E-05 9.99012E-05 9.99012E-05 9.99012E-05 9.99012E-05 9.99012E-05 9.99012E-05 0.0183108 9.99012E-05 9.99012E-05
0.998801 9.98921E-05 9.98921E-05 9.98921E-05 9.98921E-05 9.98921E-05 9.98921E-05 9.98921E-05 9.98921E-05 9.98921E-05 9.98921E-05 9.98921E-05 9.98921E-05
9.99279E-05 9.99279E-05 0.919247 0.0245246 9.99279E-05 9.99279E-05 0.0318924 0.0206774 9.99279E-05 9.99279E-05 9.99279E-05 0.00285959 9.99279E-05
9.9937E-05 9.9937E-05 9.9937E-05 9.9937E-05 9.9937E-05 0.198051 0.136465 0.459088 0.0877889 9.9937E-05 0.0250483 0.0928591 9.9937E-05
9.991E-05 9.991E-05 9.991E-05 0.0425485 9.991E-05 9.991E-05 9.991E-05 9.991E-05 9.991E-05 9.991E-05 0.899988 0.0564641 9.991E-05
0.0975931 9.99372E-05 9.99372E-05 9.99372E-05 9.99372E-05 0.297971 0.24289 9.99372E-05 0.148721 0.166025 9.99372E-05 9.99372E-05 0.0460997
0.1316 9.99372E-05 0.079392 9.99372E-05 9.99372E-05 9.99372E-05 0.320665 0.0414123 0.0686324 0.357599 9.99372E-05 9.99372E-05 9.99372E-05
9.99372E-05 0.721698 9.99372E-05 0.0938762 9.99372E-05 9.99372E-05 9.99372E-05 9.99372E-05 0.0382044 0.0317212 0.0354844 0.0783165 9.99372E-05
