0.9998 9.999E-05 9.999E-05
0.473963 0.525937 9.9991E-05
0.0692022 0.861313 0.0694846
9.999E-05 0.9998 9.999E-05
0.31474 0.68516 9.9991E-05
9.999E-05 0.998266 0.00163434
0.666944 0.332956 9.99911E-05
0.194311 0.805589 9.9991E-05
0.655666 0.344234 9.999E-05
0.970674 0.0292259 9.9991E-05
0.982706 0.0171937 9.9991E-05
0.976513 0.0233874 9.9991E-05
0.987156 0.0127435 9.99911E-05
0.00416404 0.964694 0.0311417
9.999E-05 0.9998 9.999E-05
0.987431 0.0124695 9.9991E-05
0.773973 0.0537406 0.172287
0.23516 0.0587723 0.706068
9.999E-05 9.999E-05 0.9998
0.9998 9.999E-05 9.999E-05
9.999E-05 9.999E-05 0.9998
0.9998 9.999E-05 9.999E-05
0.340953 0.119429 0.539618
0.0179751 9.9991E-05 0.981925
9.999E-05 0.9998 9.999E-05
9.999E-05 0.9998 9.999E-05
0.9998 9.999E-05 9.999E-05
9.999E-05 0.9998 9.999E-05
9.999E-05 0.9998 9.999E-05
9.9991E-05 0.956515 0.0433853
0.00259591 0.944638 0.0527664
0.413122 0.586778 9.99911E-05
9.999E-05 0.9998 9.999E-05
0.158961 0.84094 9.9991E-05
0.935002 0.0648976 9.9991E-05
9.999E-05 0.9998 9.999E-05
0.970845 0.0290547 9.9991E-05
0.836288 0.154634 0.00907788
0.644073 0.174891 0.181036
0.883663 0.116237 9.9991E-05
0.920489 0.0794113 9.9991E-05
0.991956 9.9991E-05 0.00794373
0.957265 0.042635 9.9991E-05
0.973794 0.0255543 0.000652093
0.844068 9.9991E-05 0.155832
0.849717 0.104342 0.0459407
0.855671 0.144229 9.9991E-05
0.970556 9.99911E-05 0.0293442
0.160367 0.803861 0.0357726
0.157409 0.797823 0.0447679
0.157641 0.809967 0.0323917
0.14402 0.829064 0.0269163
0.114573 0.858261 0.0271661
0.209764 0.741472 0.0487635
0.251785 0.748115 9.9991E-05
0.9998 9.999E-05 9.999E-05
0.468086 0.531814 9.9991E-05
9.999E-05 0.9998 9.999E-05
0.9998 9.999E-05 9.999E-05
0.920942 0.0789584 9.9991E-05
0.9998 9.999E-05 9.999E-05
0.9998 9.999E-05 9.999E-05
0.9998 9.999E-05 9.999E-05
0.0607711 0.0199568 0.919272
9.999E-05 0.9998 9.999E-05
0.577878 0.399304 0.022818
9.999E-05 0.9998 9.999E-05
9.999E-05 0.9998 9.999E-05
9.999E-05 0.9998 9.999E-05
9.9991E-05 0.997447 0.00245314
0.014371 0.985529 9.9991E-05
9.999E-05 0.9998 9.999E-05
0.0820787 0.917821 9.99911E-05
0.117886 0.863467 0.0186465
0.00637937 0.993521 9.9991E-05
0.832512 0.167388 9.9991E-05
0.858613 0.141287 9.9991E-05
0.673855 0.102269 0.223875
0.658076 0.0928091 0.249115
0.941083 0.0588166 9.9991E-05
0.989176 0.0107242 9.9991E-05
0.602868 0.140111 0.257021
0.626834 0.131571 0.241595
0.9998 9.999E-05 9.999E-05
0.957006 0.0105926 0.0324019
0.419979 0.579921 9.9991E-05
0.688063 0.0941232 0.217814
0.853717 9.9991E-05 0.146183
0.015487 0.900103 0.0844097
