9.9982E-05 0.980593 9.9982E-05 0.0192074
0.290521 0.396952 9.9991E-05 0.312427
0.793151 0.0632961 0.052628 0.0909248
0.975713 9.9982E-05 9.9982E-05 0.0240868
0.41967 0.252928 0.00308571 0.324316
0.9997 9.998E-05 9.998E-05 9.998E-05
9.99822E-05 0.554923 9.99822E-05 0.444877
0.418595 0.0802686 9.9991E-05 0.501037
9.99821E-05 0.506064 9.99821E-05 0.493736
9.9982E-05 0.825895 9.9982E-05 0.173905
9.9982E-05 0.88992 9.9982E-05 0.10988
0.0639488 0.935851 9.9982E-05 9.9982E-05
0.0629859 0.936814 9.99821E-05 9.99821E-05
0.977139 9.9982E-05 0.0226609 9.9982E-05
0.986065 0.00761395 0.0062213 9.9991E-05
9.9982E-05 0.881423 9.9982E-05 0.118377
0.0390249 0.789383 0.171492 9.9991E-05
9.9991E-05 0.187865 0.715935 0.0961
9.998E-05 9.998E-05 0.9997 9.998E-05
9.9982E-05 0.974653 9.9982E-05 0.0251467
9.998E-05 9.998E-05 0.9997 9.998E-05
9.9982E-05 0.973221 9.9982E-05 0.0265791
0.0755749 0.289446 0.57993 0.0550492
9.998E-05 9.998E-05 0.9997 9.998E-05
0.9997 9.998E-05 9.998E-05 9.998E-05
0.9997 9.998E-05 9.998E-05 9.998E-05
9.998E-05 0.9997 9.998E-05 9.998E-05
0.936685 9.9982E-05 9.9982E-05 0.0631145
0.863263 9.9982E-05 9.9982E-05 0.136537
0.688021 9.9991E-05 0.0262467 0.285632
0.683822 9.9991E-05 0.0241122 0.291966
0.111164 0.258169 9.9991E-05 0.630567
0.9997 9.998E-05 9.998E-05 9.998E-05
0.0758722 9.9982E-05 9.9982E-05 0.923928
0.0795212 0.920279 9.9982E-05 9.9982E-05
0.99467 0.00512976 9.9982E-05 9.9982E-05
0.0665805 0.93322 9.99821E-05 9.99821E-05
0.011775 0.748006 0.0296073 0.210611
0.200957 0.622605 0.176338 9.9991E-05
0.12913 0.87067 9.9982E-05 9.9982E-05
0.0900444 0.865622 9.9991E-05 0.0442335
9.9991E-05 0.952195 0.0302615 0.0174434
9.9982E-05 0.924786 9.9982E-05 0.0750142
9.9991E-05 0.93115 0.000178286 0.0685719
9.9991E-05 0.770336 0.179402 0.0501621
0.0668282 0.812715 0.0516476 0.0688093
0.130725 0.804831 9.9991E-05 0.0643446
9.99911E-05 0.946692 0.00927643 0.0439313
9.998E-05 9.998E-05 9.998E-05 0.9997
9.998E-05 9.998E-05 9.998E-05 0.9997
9.998E-05 9.998E-05 9.998E-05 0.9997
9.998E-05 9.998E-05 9.998E-05 0.9997
9.998E-05 9.998E-05 9.998E-05 0.9997
0.229502 0.0919033 0.0420685 0.636527
9.998E-05 9.998E-05 9.998E-05 0.9997
9.998E-05 0.9997 9.998E-05 9.998E-05
0.0957071 0.319927 9.9991E-05 0.584266
0.9997 9.998E-05 9.998E-05 9.998E-05
9.998E-05 0.9997 9.998E-05 9.998E-05
0.0568794 0.942921 9.9982E-05 9.9982E-05
9.998E-05 0.9997 9.998E-05 9.998E-05
0.0081822 0.991618 9.9982E-05 9.9982E-05
9.9982E-05 0.975706 0.024094 9.9982E-05
9.9991E-05 0.0562559 0.914662 0.0289824
0.9997 9.998E-05 9.998E-05 9.998E-05
0.26505 0.479037 0.0281031 0.22781
0.9997 9.998E-05 9.998E-05 9.998E-05
0.9505 0.0306739 9.9991E-05 0.0187258
0.925814 0.00413578 9.9991E-05 0.0699506
0.93904 9.9982E-05 9.9982E-05 0.06076
0.900389 0.083954 9.9991E-05 0.0155575
0.975943 9.9982E-05 9.9982E-05 0.0238573
0.483712 9.99821E-05 9.99821E-05 0.516088
0.492732 0.0436109 0.0173218 0.446336
0.97962 0.0201796 9.9982E-05 9.9982E-05
0.060432 0.804907 9.9991E-05 0.134561
0.0331524 0.80578 9.9991E-05 0.160968
0.158492 0.541522 0.299886 9.9991E-05
0.147004 0.571224 0.281673 9.9991E-05
9.99819E-05 0.898376 9.99819E-05 0.101424
9.9991E-05 0.891279 0.00951589 0.0991046
0.13685 0.583705 0.279345 9.9991E-05
0.142954 0.551998 0.304948 9.9991E-05
9.9982E-05 0.963821 9.9982E-05 0.0359786
9.99963E-05 0.893273 0.0159193 0.0907074
0.0919195 0.287749 9.9991E-05 0.620231
0.138637 0.64411 0.217152 9.9991E-05
0.0395962 0.77293 0.187374 9.9991E-05
0.562768 9.9991E-05 0.0713323 0.365799
