9.996E-05 9.996E-05 0.9995 9.996E-05 9.996E-05 9.996E-05
0.214382 0.354161 0.431157 9.9973E-05 9.9973E-05 9.9973E-05
0.0664044 0.770614 9.99911E-05 0.0689215 0.0166453 0.0773148
9.9964E-05 0.974585 9.9964E-05 9.9964E-05 9.9964E-05 0.025015
0.236903 0.481661 0.281137 9.99731E-05 9.99731E-05 9.99731E-05
9.9973E-05 0.989227 9.9973E-05 9.9973E-05 0.00870278 0.00177038
0.37757 0.0180384 9.99731E-05 0.604091 9.99731E-05 9.99731E-05
0.425479 0.453186 0.0766251 0.012083 9.9991E-05 0.032527
0.420094 0.0250139 0.0944214 0.460271 9.9982E-05 9.9982E-05
0.114772 9.99821E-05 0.787007 0.0344832 9.99821E-05 0.0635373
0.0679529 9.9982E-05 0.778939 0.100335 9.9982E-05 0.0525734
9.9982E-05 0.0560939 0.673175 0.136645 9.9982E-05 0.133885
9.996E-05 9.996E-05 9.996E-05 0.9995 9.996E-05 9.996E-05
9.9973E-05 0.941847 0.0266743 9.9973E-05 0.0311791 9.9973E-05
9.9973E-05 0.93533 0.0511781 9.9973E-05 0.0131917 9.9973E-05
0.0362331 0.0244673 0.628903 0.307007 9.9991E-05 0.00328927
9.9982E-05 9.9982E-05 0.339021 0.192502 0.108549 0.359728
0.0521121 9.99729E-05 0.217424 9.99729E-05 0.730164 9.99729E-05
9.9964E-05 9.9964E-05 9.9964E-05 9.9964E-05 0.912128 0.0874718
9.9973E-05 9.9973E-05 0.833215 0.0730177 9.9973E-05 0.0934677
9.996E-05 9.996E-05 9.996E-05 9.996E-05 0.9995 9.996E-05
9.9973E-05 9.9973E-05 0.919808 0.0687662 9.9973E-05 0.0111262
0.067849 9.9991E-05 0.103842 0.0205192 0.420677 0.387013
9.9964E-05 9.9964E-05 9.9964E-05 9.9964E-05 0.917765 0.0818356
0.00937165 0.990228 9.99641E-05 9.99641E-05 9.99641E-05 9.99641E-05
9.996E-05 0.9995 9.996E-05 9.996E-05 9.996E-05 9.996E-05
9.99729E-05 9.99729E-05 0.151803 0.759261 9.99729E-05 0.088636
0.052844 0.944435 9.9973E-05 0.00242094 9.9973E-05 9.9973E-05
0.0557397 0.92479 9.9973E-05 0.0191708 9.9973E-05 9.9973E-05
0.259427 0.672009 9.9991E-05 0.016647 0.0449876 0.00682985
0.268699 0.677412 9.9973E-05 9.9973E-05 9.9973E-05 0.0535894
0.543629 0.123997 0.332075 9.99731E-05 9.99731E-05 9.99731E-05
9.996E-05 0.9995 9.996E-05 9.996E-05 9.996E-05 9.996E-05
0.873796 0.117926 9.9973E-05 9.9973E-05 9.9973E-05 0.00797815
9.99819E-05 0.0546304 0.167362 0.562994 9.99819E-05 0.214814
9.99639E-05 0.963786 9.99639E-05 0.035814 9.99639E-05 9.99639E-05
9.99642E-05 0.0614772 0.938123 9.99642E-05 9.99642E-05 9.99642E-05
0.150647 0.0280047 0.767954 0.00579659 0.0474983 9.9991E-05
9.9991E-05 0.160848 0.216821 0.168283 0.0711164 0.38283
9.9973E-05 0.139409 0.856992 9.9973E-05 0.003299 9.9973E-05
9.9973E-05 0.100129 0.879892 9.9973E-05 9.9973E-05 0.0196786
9.9982E-05 9.9982E-05 0.877336 0.0350924 0.0331686 0.0542026
0.0467697 0.00435586 0.646394 0.30228 9.9982E-05 9.9982E-05
0.0393149 9.9991E-05 0.781761 0.0704257 0.00512473 0.103273
0.0157808 9.9991E-05 0.550387 0.165696 0.117217 0.150819
0.040492 0.0554195 0.742868 0.0436772 0.0513141 0.0662292
0.0960242 0.0708156 0.483601 0.234061 9.9991E-05 0.115398
9.996E-05 9.996E-05 0.9995 9.996E-05 9.996E-05 9.996E-05
0.9995 9.996E-05 9.996E-05 9.996E-05 9.996E-05 9.996E-05
0.9995 9.996E-05 9.996E-05 9.996E-05 9.996E-05 9.996E-05
0.9995 9.996E-05 9.996E-05 9.996E-05 9.996E-05 9.996E-05
0.9995 9.996E-05 9.996E-05 9.996E-05 9.996E-05 9.996E-05
0.9995 9.996E-05 9.996E-05 9.996E-05 9.996E-05 9.996E-05
0.633077 0.201642 0.107288 0.0285068 0.0293868 9.9991E-05
0.995098 9.99639E-05 0.00450205 9.99639E-05 9.99639E-05 9.99639E-05
9.9964E-05 9.9964E-05 0.983059 0.0165413 9.9964E-05 9.9964E-05
0.539931 0.130664 0.329105 9.9973E-05 9.9973E-05 9.9973E-05
9.9973E-05 0.992446 0.00653125 9.9973E-05 0.000723277 9.9973E-05
9.9973E-05 9.9973E-05 0.0677555 0.889558 9.9973E-05 0.0423862
9.9973E-05 0.0748933 0.598596 0.32621 9.9973E-05 9.9973E-05
9.996E-05 9.996E-05 9.996E-05 0.9995 9.996E-05 9.996E-05
9.99639E-05 9.99639E-05 0.133979 0.865621 9.99639E-05 9.99639E-05
9.99819E-05 9.99819E-05 0.024553 0.881787 0.00215906 0.0913011
9.99641E-05 9.99641E-05 0.0701632 9.99641E-05 0.929437 9.99641E-05
9.996E-05 0.9995 9.996E-05 9.996E-05 9.996E-05 9.996E-05
0.162741 0.294129 0.347966 0.0639054 0.0511787 0.0800788
0.0033356 0.996265 9.99641E-05 9.99641E-05 9.99641E-05 9.99641E-05
9.9964E-05 0.96322 0.0363798 9.9964E-05 9.9964E-05 9.9964E-05
0.0802806 0.910376 9.9973E-05 0.0090439 9.9973E-05 9.9973E-05
0.0551423 0.891547 0.0433566 9.9982E-05 0.00975421 9.9982E-05
0.0339776 0.897786 0.067937 9.99731E-05 9.99731E-05 9.99731E-05
9.9964E-05 0.990709 0.00889147 9.9964E-05 9.9964E-05 9.9964E-05
0.460053 0.525029 9.99732E-05 0.0146175 9.99732E-05 9.99732E-05
0.318897 0.479376 9.99732E-05 0.201428 9.99732E-05 9.99732E-05
0.054743 0.94311 0.00184663 9.9973E-05 9.9973E-05 9.9973E-05
0.0460378 0.120424 0.695161 0.10301 9.9991E-05 0.0352676
0.0954172 0.065488 0.658278 0.16378 9.9991E-05 0.0169369
9.996E-05 9.996E-05 9.996E-05 9.996E-05 9.996E-05 0.9995
9.996E-05 9.996E-05 9.996E-05 9.996E-05 9.996E-05 0.9995
0.0765456 9.9991E-05 0.823231 0.0325509 0.0105074 0.0570647
0.070155 9.9991E-05 0.829137 0.0719203 0.0175462 0.0111415
9.996E-05 9.996E-05 9.996E-05 9.996E-05 9.996E-05 0.9995
9.996E-05 9.996E-05 9.996E-05 9.996E-05 9.996E-05 0.9995
9.99641E-05 9.99641E-05 0.971212 0.0283886 9.99641E-05 9.99641E-05
0.0294686 0.0304808 0.619838 0.272825 0.0472883 9.9991E-05
0.552701 0.108071 0.302264 0.0367643 9.9982E-05 9.9982E-05
9.9991E-05 0.0715945 0.161128 0.341906 0.127498 0.297773
9.9991E-05 0.00704325 0.180973 0.440924 0.0814232 0.289537
0.300171 0.594188 9.9991E-05 0.016699 0.0413779 0.0474642
