0.0416395 9.9982E-05 9.9982E-05 0.958161
9.9982E-05 9.9982E-05 0.531482 0.468318
0.127558 0.0257483 0.846593 9.99911E-05
0.039532 9.9982E-05 0.960268 9.9982E-05
9.99821E-05 9.99821E-05 0.722633 0.277167
9.998E-05 9.998E-05 0.9997 9.998E-05
9.99821E-05 9.99821E-05 0.315974 0.683826
0.0441168 9.9991E-05 0.768178 0.187606
9.99821E-05 9.99821E-05 0.334626 0.665174
0.124453 9.9991E-05 0.0385927 0.836855
0.120476 9.9991E-05 0.016871 0.862553
0.196033 9.9982E-05 9.9982E-05 0.803767
0.0417893 9.99911E-05 0.0334361 0.924675
0.0311511 9.9982E-05 0.968649 9.9982E-05
0.0165799 0.00267536 0.980645 9.9991E-05
0.0296483 9.9991E-05 0.0690001 0.901252
0.383797 0.0881878 9.9991E-05 0.527915
9.9991E-05 0.731955 0.0313424 0.236602
0.0814548 0.918345 9.9982E-05 9.9982E-05
0.165342 9.9982E-05 9.9982E-05 0.834458
9.998E-05 0.9997 9.998E-05 9.998E-05
0.0345941 9.9982E-05 9.9982E-05 0.965206
0.416667 0.39819 0.0310137 0.154129
0.125716 0.874085 9.9982E-05 9.9982E-05
9.998E-05 9.998E-05 0.9997 9.998E-05
9.998E-05 9.998E-05 0.9997 9.998E-05
0.117069 9.9982E-05 9.9982E-05 0.882731
9.998E-05 9.998E-05 0.9997 9.998E-05
9.998E-05 9.998E-05 0.9997 9.998E-05
0.0362781 0.0421726 0.915715 0.00583437
0.0526438 0.00390531 0.943351 9.9991E-05
9.9991E-05 0.0147732 0.541596 0.443531
9.998E-05 9.998E-05 0.9997 9.998E-05
0.00152676 9.9991E-05 0.835626 0.162748
0.289594 9.9991E-05 0.0402339 0.670072
9.998E-05 9.998E-05 0.9997 9.998E-05
0.0300285 9.9991E-05 0.0670171 0.902854
0.00577924 0.0384805 0.156479 0.799261
0.427603 0.0527159 0.14714 0.372542
0.0825978 0.00145849 0.115839 0.800105
0.082747 9.9991E-05 0.106162 0.810991
0.120022 0.000286096 9.9991E-05 0.879592
9.9982E-05 9.9982E-05 0.0068574 0.992943
0.172708 9.9991E-05 0.0183331 0.808859
0.219099 0.0844673 9.9991E-05 0.696334
0.104348 0.0375146 0.0974621 0.760675
0.185698 9.9991E-05 0.157076 0.657126
9.99822E-05 0.0612507 9.99822E-05 0.938549
9.9991E-05 0.0415284 0.801411 0.15696
9.9991E-05 0.056729 0.77621 0.166961
9.9991E-05 0.0448678 0.781118 0.173914
9.9991E-05 0.048406 0.815817 0.135677
9.9991E-05 0.029849 0.846639 0.123412
9.9991E-05 0.052641 0.709504 0.237755
9.9991E-05 0.00257179 0.758296 0.239032
9.998E-05 9.998E-05 9.998E-05 0.9997
9.9982E-05 9.9982E-05 0.547644 0.452156
9.998E-05 9.998E-05 0.9997 9.998E-05
0.0887613 9.99821E-05 9.99821E-05 0.911039
0.0288576 9.9991E-05 0.0762641 0.894778
9.99822E-05 0.00973968 9.99822E-05 0.99006
0.0190923 9.9982E-05 9.9982E-05 0.980708
0.129863 0.00757232 9.9991E-05 0.862465
9.9982E-05 0.910977 9.9982E-05 0.0888228
9.998E-05 9.998E-05 0.9997 9.998E-05
0.088493 0.0418842 0.416901 0.452721
9.998E-05 9.998E-05 0.9997 9.998E-05
9.998E-05 9.998E-05 0.9997 9.998E-05
9.998E-05 9.998E-05 0.9997 9.998E-05
9.9982E-05 0.0125156 0.987284 9.9982E-05
0.0298196 9.9982E-05 0.96998 9.9982E-05
9.998E-05 9.998E-05 0.9997 9.998E-05
9.99821E-05 9.99821E-05 0.944845 0.0549555
9.99911E-05 0.0159132 0.838296 0.145691
0.0264228 9.9982E-05 0.973377 9.9982E-05
0.0441416 9.9991E-05 0.174033 0.781726
0.0442511 9.9991E-05 0.149146 0.806503
0.9997 9.998E-05 9.998E-05 9.998E-05
0.9997 9.998E-05 9.998E-05 9.998E-05
0.0859971 9.9991E-05 0.0339581 0.879945
0.0651904 9.9991E-05 0.018205 0.916505
0.9997 9.998E-05 9.998E-05 9.998E-05
0.9997 9.998E-05 9.998E-05 9.998E-05
9.998E-05 9.998E-05 9.998E-05 0.9997
9.9991E-05 0.0660843 0.0102584 0.923557
9.9982E-05 9.9982E-05 0.544121 0.455679
0.374876 0.103221 0.0454842 0.476419
0.377694 0.0688951 9.9991E-05 0.553311
0.0216924 0.0637964 0.914411 9.9991E-05
