9.99639E-05 0.00560628 9.99639E-05 9.99639E-05 9.99639E-05 0.00111367 0.00520359 0.987677
9.99819E-05 0.0114977 0.316324 0.248316 9.99819E-05 0.0832113 0.116638 0.223813
0.0472628 0.0467246 0.71663 0.0560193 0.0838653 9.99822E-05 0.0492981 9.99822E-05
9.9946E-05 0.0445699 0.95483 9.9946E-05 9.9946E-05 9.9946E-05 9.9946E-05 9.9946E-05
9.99731E-05 9.99731E-05 0.479666 0.211421 9.99731E-05 0.18019 0.0891826 0.0392402
0.00116781 9.9955E-05 0.969953 9.9955E-05 9.9955E-05 0.0283797 9.9955E-05 9.9955E-05
9.994E-05 9.994E-05 9.994E-05 0.9993 9.994E-05 9.994E-05 9.994E-05 9.994E-05
9.9973E-05 0.00568615 0.452049 0.182676 9.9973E-05 0.0786625 0.280627 9.9973E-05
9.994E-05 9.994E-05 9.994E-05 0.9993 9.994E-05 9.994E-05 9.994E-05 9.994E-05
9.99461E-05 9.99461E-05 9.99461E-05 0.127337 9.99461E-05 0.872064 9.99461E-05 9.99461E-05
9.9946E-05 9.9946E-05 9.9946E-05 0.115239 9.9946E-05 0.884161 9.9946E-05 9.9946E-05
9.9964E-05 0.10547 0.0190282 9.9964E-05 0.183046 9.9964E-05 9.9964E-05 0.692056
9.99461E-05 9.99461E-05 0.0141381 9.99461E-05 0.985262 9.99461E-05 9.99461E-05 9.99461E-05
0.00742532 9.9964E-05 0.957799 9.9964E-05 0.00456547 9.9964E-05 9.9964E-05 0.0298107
9.9955E-05 9.9955E-05 0.93482 9.9955E-05 9.9955E-05 0.0161023 9.9955E-05 0.0485783
9.99729E-05 0.0275097 9.99729E-05 0.229489 0.258545 0.295888 9.99729E-05 0.188268
0.0651617 0.315822 0.0181383 9.9973E-05 0.26809 0.332488 9.9973E-05 9.9973E-05
0.695655 9.99729E-05 9.99729E-05 0.0322245 9.99729E-05 0.178866 0.0383411 0.0546135
0.936443 0.0629578 9.9946E-05 9.9946E-05 9.9946E-05 9.9946E-05 9.9946E-05 9.9946E-05
9.99639E-05 0.0999136 9.99639E-05 9.99639E-05 0.0620021 0.642644 9.99639E-05 0.195041
0.990331 9.99461E-05 9.99461E-05 9.99461E-05 0.009069 9.99461E-05 9.99461E-05 9.99461E-05
9.9955E-05 9.9955E-05 9.9955E-05 9.9955E-05 0.110172 0.222721 9.9955E-05 0.666607
0.376458 0.288108 0.0337184 9.9973E-05 9.9973E-05 0.290482 0.0109338 9.9973E-05
0.869646 0.048539 9.9955E-05 9.9955E-05 9.9955E-05 0.0813156 9.9955E-05 9.9955E-05
9.99461E-05 9.99461E-05 0.96012 9.99461E-05 9.99461E-05 9.99461E-05 0.0392808 9.99461E-05
9.994E-05 9.994E-05 0.9993 9.994E-05 9.994E-05 9.994E-05 9.994E-05 9.994E-05
9.99639E-05 0.0346541 9.99639E-05 9.99639E-05 0.815482 0.0506043 9.99639E-05 0.0988602
9.9964E-05 0.00148514 0.922502 0.0360214 9.9964E-05 9.9964E-05 0.0395916 9.9964E-05
9.9964E-05 9.9964E-05 0.908237 0.0392392 0.00365382 9.9964E-05 0.0484702 9.9964E-05
0.0239456 0.020719 0.685568 9.99731E-05 0.0163847 9.99731E-05 0.253083 9.99731E-05
9.99641E-05 0.076578 0.674939 9.99641E-05 9.99641E-05 0.0101879 0.237896 9.99641E-05
9.99731E-05 0.015838 0.118917 0.361116 9.99731E-05 9.99731E-05 0.340996 0.162833
9.994E-05 9.994E-05 0.9993 9.994E-05 9.994E-05 9.994E-05 9.994E-05 9.994E-05
9.99641E-05 0.00894882 0.107031 0.0423145 9.99641E-05 9.99641E-05 0.841306 9.99641E-05
9.99729E-05 0.207065 0.0560102 9.99729E-05 0.602905 0.0915533 9.99729E-05 0.042166
9.99729E-05 0.0257051 0.944027 0.0261307 0.000784215 9.99729E-05 9.99729E-05 0.00305337
9.99461E-05 9.99461E-05 0.00282125 9.99461E-05 9.99461E-05 9.99461E-05 9.99461E-05 0.996579
9.9973E-05 9.9973E-05 0.0454354 0.0521652 9.9973E-05 0.758474 0.0632263 0.0803988
0.038866 0.394587 0.132186 9.9982E-05 0.158821 0.272162 9.9982E-05 0.00317941
9.99549E-05 9.99549E-05 0.125302 9.99549E-05 9.99549E-05 0.523027 9.99549E-05 0.351172
0.00341396 0.01006 0.0747466 9.99729E-05 9.99729E-05 0.522263 9.99729E-05 0.389217
9.9946E-05 9.9946E-05 9.9946E-05 9.9946E-05 0.00262245 0.996778 9.9946E-05 9.9946E-05
9.99639E-05 9.99639E-05 9.99639E-05 0.374804 0.101237 0.258135 9.99639E-05 0.265424
9.9955E-05 9.9955E-05 9.9955E-05 9.9955E-05 0.0263469 0.964295 9.9955E-05 0.00885814
0.102398 0.114 9.9982E-05 9.9982E-05 0.172078 0.582938 0.000591775 0.0277931
0.016777 0.03818 0.0696705 9.9991E-05 0.0402594 0.686692 0.0212445 0.127076
9.9982E-05 0.109209 0.121132 9.9982E-05 0.212733 0.328381 0.0621108 0.166233
0.00633123 9.99464E-05 9.99464E-05 9.99464E-05 9.99464E-05 9.99464E-05 9.99464E-05 0.993069
9.994E-05 9.994E-05 9.994E-05 9.994E-05 9.994E-05 9.994E-05 0.9993 9.994E-05
9.994E-05 9.994E-05 9.994E-05 9.994E-05 9.994E-05 9.994E-05 0.9993 9.994E-05
9.9946E-05 9.9946E-05 9.9946E-05 9.9946E-05 9.9946E-05 0.0103544 0.989046 9.9946E-05
9.994E-05 9.994E-05 9.994E-05 9.994E-05 9.994E-05 9.994E-05 0.9993 9.994E-05
9.994E-05 9.994E-05 9.994E-05 9.994E-05 9.994E-05 9.994E-05 0.9993 9.994E-05
0.0245177 0.00773142 0.246718 0.189319 0.0193852 0.0223846 0.489844 9.9991E-05
9.9946E-05 9.9946E-05 9.9946E-05 9.9946E-05 9.9946E-05 9.9946E-05 0.973138 0.0262621
9.99549E-05 9.99549E-05 9.99549E-05 0.0173932 0.0584892 9.99549E-05 9.99549E-05 0.923618
9.99729E-05 0.0241812 0.0732952 0.405253 9.99729E-05 9.99729E-05 0.325714 0.171257
9.994E-05 9.994E-05 0.9993 9.994E-05 9.994E-05 9.994E-05 9.994E-05 9.994E-05
9.9964E-05 0.0191272 9.9964E-05 0.0486971 0.813845 9.9964E-05 9.9964E-05 0.117931
9.9973E-05 0.0278732 9.9973E-05 0.282216 0.25233 0.0998909 9.9973E-05 0.33739
9.994E-05 9.994E-05 9.994E-05 9.994E-05 0.9993 9.994E-05 9.994E-05 9.994E-05
9.99549E-05 9.99549E-05 9.99549E-05 0.0102799 0.887422 0.101798 9.99549E-05 9.99549E-05
0.0101131 0.0366276 9.99639E-05 9.99639E-05 0.862834 0.0900251 9.99639E-05 9.99639E-05
0.870517 9.99551E-05 9.99551E-05 9.99551E-05 9.99551E-05 9.99551E-05 0.00725362 0.12173
9.99462E-05 0.0028658 0.996535 9.99462E-05 9.99462E-05 9.99462E-05 9.99462E-05 9.99462E-05
0.00194611 0.077495 0.236061 0.109825 0.131662 0.196602 0.120298 0.12611
9.994E-05 9.994E-05 0.9993 9.994E-05 9.994E-05 9.994E-05 9.994E-05 9.994E-05
9.9955E-05 9.9955E-05 0.93389 9.9955E-05 9.9955E-05 9.9955E-05 0.00280747 0.0628023
9.99549E-05 9.99549E-05 0.88685 0.0677769 9.99549E-05 9.99549E-05 0.0448736 9.99549E-05
0.00920992 9.9964E-05 0.916184 0.0515646 9.9964E-05 9.9964E-05 0.0226414 9.9964E-05
9.99551E-05 0.00981862 0.903045 9.99551E-05 9.99551E-05 0.0866368 9.99551E-05 9.99551E-05
9.994E-05 9.994E-05 0.9993 9.994E-05 9.994E-05 9.994E-05 9.994E-05 9.994E-05
9.99642E-05 9.99642E-05 0.530693 0.147262 9.99642E-05 0.00782994 0.313815 9.99642E-05
9.99642E-05 9.99642E-05 0.490127 0.352843 0.00355353 9.99642E-05 0.153077 9.99642E-05
9.9955E-05 0.00263776 0.96231 9.9955E-05 9.9955E-05 0.0345523 9.9955E-05 9.9955E-05
9.99729E-05 0.130399 0.00677961 0.402638 9.99729E-05 0.247951 9.99729E-05 0.211932
9.99729E-05 0.114122 9.99729E-05 0.439692 9.99729E-05 0.196813 0.00497474 0.244098
9.994E-05 0.9993 9.994E-05 9.994E-05 9.994E-05 9.994E-05 9.994E-05 9.994E-05
9.994E-05 0.9993 9.994E-05 9.994E-05 9.994E-05 9.994E-05 9.994E-05 9.994E-05
9.9973E-05 9.9973E-05 0.0155102 0.034558 9.9973E-05 0.894288 0.0288136 0.0265302
9.9964E-05 9.9964E-05 9.9964E-05 0.0588935 0.0574028 0.846084 9.9964E-05 0.0372198
9.9946E-05 0.977004 9.9946E-05 0.0223962 9.9946E-05 9.9946E-05 9.9946E-05 9.9946E-05
9.994E-05 0.9993 9.994E-05 9.994E-05 9.994E-05 9.994E-05 9.994E-05 9.994E-05
9.9946E-05 9.9946E-05 9.9946E-05 9.9946E-05 0.0321609 9.9946E-05 9.9946E-05 0.967239
0.0549677 9.99729E-05 9.99729E-05 0.294351 0.191792 0.315623 9.99729E-05 0.142966
9.99639E-05 9.99639E-05 0.0874123 0.403293 9.99639E-05 9.99639E-05 0.373019 0.135876
0.0842729 0.221195 0.0377539 9.99731E-05 0.369693 0.286786 9.99731E-05 9.99731E-05
0.0704069 0.278253 9.99641E-05 9.99641E-05 0.46847 9.99641E-05 9.99641E-05 0.18247
0.0154639 0.0353317 0.612814 0.0981175 9.99731E-05 9.99731E-05 0.237973 9.99731E-05
