0.0400556 9.98649E-05 9.98649E-05 0.00675828 9.98649E-05 9.98649E-05 9.98649E-05 0.932211 9.98649E-05 9.98649E-05 9.98649E-05 9.98649E-05 0.0136227 9.98649E-05 0.00585406 9.98649E-05 9.98649E-05 9.98649E-05 9.98649E-05 9.98649E-05
9.98559E-05 0.0357058 9.98559E-05 9.98559E-05 0.149921 9.98559E-05 9.98559E-05 9.98559E-05 9.98559E-05 9.98559E-05 9.98559E-05 9.98559E-05 9.98559E-05 9.98559E-05 9.98559E-05 0.684103 0.128673 9.98559E-05 9.98559E-05 9.98559E-05
9.98602E-05 9.98602E-05 9.98602E-05 9.98602E-05 9.98602E-05 0.262498 9.98602E-05 9.98602E-05 9.98602E-05 9.98602E-05 9.98602E-05 0.0618141 9.98602E-05 9.98602E-05 0.0386808 9.98602E-05 0.474366 9.98602E-05 0.0364217 0.124821
9.98651E-05 9.98651E-05 9.98651E-05 9.98651E-05 9.98651E-05 0.100367 9.98651E-05 9.98651E-05 9.98651E-05 0.00767501 9.98651E-05 9.98651E-05 9.98651E-05 9.98651E-05 0.0181673 9.98651E-05 0.868851 0.00344243 9.98651E-05 9.98651E-05
9.99012E-05 9.99012E-05 9.99012E-05 0.224093 0.00670255 9.99012E-05 9.99012E-05 0.0025751 9.99012E-05 9.99012E-05 9.99012E-05 9.99012E-05 0.013827 0.122347 9.99012E-05 0.0894926 0.404199 0.0864661 9.99012E-05 0.0491983
9.9865E-05 0.00134687 9.9865E-05 9.9865E-05 9.9865E-05 9.9865E-05 9.9865E-05 9.9865E-05 0.0294945 0.0016674 0.00104832 9.9865E-05 9.9865E-05 9.9865E-05 9.9865E-05 9.9865E-05 0.964945 9.9865E-05 9.9865E-05 9.9865E-05
9.98293E-05 9.98293E-05 9.98293E-05 9.98293E-05 9.98293E-05 9.98293E-05 9.98293E-05 9.98293E-05 9.98293E-05 9.98293E-05 9.98293E-05 9.98293E-05 9.98293E-05 0.998103 9.98293E-05 9.98293E-05 9.98293E-05 9.98293E-05 9.98293E-05 9.98293E-05
0.0175229 9.99009E-05 9.99009E-05 0.068773 9.99009E-05 0.00501478 9.99009E-05 9.99009E-05 9.99009E-05 0.224785 9.99009E-05 9.99009E-05 9.99009E-05 9.99009E-05 0.000306046 0.119537 0.0419761 0.0565854 9.99009E-05 0.464401
9.98562E-05 9.98562E-05 0.0091926 9.98562E-05 9.98562E-05 9.98562E-05 9.98562E-05 9.98562E-05 9.98562E-05 9.98562E-05 9.98562E-05 9.98562E-05 9.98562E-05 0.951632 9.98562E-05 0.00829009 9.98562E-05 0.0292873 9.98562E-05 9.98562E-05
9.98291E-05 9.98291E-05 9.98291E-05 0.998103 9.98291E-05 9.98291E-05 9.98291E-05 9.98291E-05 9.98291E-05 9.98291E-05 9.98291E-05 9.98291E-05 9.98291E-05 9.98291E-05 9.98291E-05 9.98291E-05 9.98291E-05 9.98291E-05 9.98291E-05 9.98291E-05
9.98291E-05 9.98291E-05 9.98291E-05 0.998103 9.98291E-05 9.98291E-05 9.98291E-05 9.98291E-05 9.98291E-05 9.98291E-05 9.98291E-05 9.98291E-05 9.98291E-05 9.98291E-05 9.98291E-05 9.98291E-05 9.98291E-05 9.98291E-05 9.98291E-05 9.98291E-05
9.9874E-05 9.9874E-05 9.9874E-05 9.9874E-05 9.9874E-05 0.0153256 9.9874E-05 0.679007 0.0528073 9.9874E-05 9.9874E-05 0.113283 9.9874E-05 9.9874E-05 0.108751 9.9874E-05 9.9874E-05 9.9874E-05 9.9874E-05 0.0294281
9.98564E-05 9.98564E-05 9.98564E-05 9.98564E-05 9.98564E-05 9.98564E-05 9.98564E-05 9.98564E-05 9.98564E-05 0.0217997 9.98564E-05 0.940125 9.98564E-05 0.0262498 9.98564E-05 9.98564E-05 9.98564E-05 9.98564E-05 9.98564E-05 0.0102281
9.98651E-05 9.98651E-05 9.98651E-05 9.98651E-05 9.98651E-05 9.98651E-05 0.00516191 9.98651E-05 0.0155487 9.98651E-05 9.98651E-05 9.98651E-05 9.98651E-05 9.98651E-05 9.98651E-05 0.0168661 0.950385 9.98651E-05 0.0105403 9.98651E-05
0.0177333 9.98651E-05 9.98651E-05 9.98651E-05 0.0145758 9.98651E-05 9.98651E-05 0.00484057 9.98651E-05 9.98651E-05 9.98651E-05 9.98651E-05 9.98651E-05 9.98651E-05 9.98651E-05 9.98651E-05 0.948002 9.98651E-05 0.01335 9.98651E-05
9.98559E-05 9.98559E-05 0.690757 0.0486254 9.98559E-05 9.98559E-05 9.98559E-05 9.98559E-05 0.151764 9.98559E-05 9.98559E-05 0.107256 9.98559E-05 9.98559E-05 9.98559E-05 9.98559E-05 9.98559E-05 9.98559E-05 9.98559E-05 9.98559E-05
9.9856E-05 0.914091 9.9856E-05 0.0600416 9.9856E-05 9.9856E-05 0.0185695 9.9856E-05 9.9856E-05 9.9856E-05 9.9856E-05 9.9856E-05 0.00570057 9.9856E-05 9.9856E-05 9.9856E-05 9.9856E-05 9.9856E-05 9.9856E-05 9.9856E-05
9.98292E-05 9.98292E-05 9.98292E-05 9.98292E-05 9.98292E-05 9.98292E-05 9.98292E-05 9.98292E-05 9.98292E-05 9.98292E-05 9.98292E-05 9.98292E-05 9.98292E-05 9.98292E-05 9.98292E-05 9.98292E-05 9.98292E-05 9.98292E-05 0.998103 9.98292E-05
9.98382E-05 9.98382E-05 9.98382E-05 9.98382E-05 9.98382E-05 9.98382E-05 0.980108 9.98382E-05 9.98382E-05 9.98382E-05 9.98382E-05 9.98382E-05 9.98382E-05 9.98382E-05 0.0180946 9.98382E-05 9.98382E-05 9.98382E-05 9.98382E-05 9.98382E-05
0.0953278 0.0182399 0.331356 0.251756 9.98827E-05 9.98827E-05 9.98827E-05 0.0856098 0.190032 9.98827E-05 9.98827E-05 9.98827E-05 9.98827E-05 9.98827E-05 0.0263804 9.98827E-05 9.98827E-05 9.98827E-05 9.98827E-05 9.98827E-05
9.98382E-05 9.98382E-05 9.98382E-05 9.98382E-05 9.98382E-05 9.98382E-05 0.871936 9.98382E-05 9.98382E-05 9.98382E-05 9.98382E-05 9.98382E-05 9.98382E-05 9.98382E-05 9.98382E-05 9.98382E-05 9.98382E-05 9.98382E-05 0.126267 9.98382E-05
9.98919E-05 0.00291741 0.181621 0.0338073 0.295665 9.98919E-05 9.98919E-05 0.392253 0.056339 9.98919E-05 0.00254305 0.0336561 9.98919E-05 9.98919E-05 9.98919E-05 9.98919E-05 9.98919E-05 9.98919E-05 9.98919E-05 9.98919E-05
9.9829E-05 9.9829E-05 9.9829E-05 9.9829E-05 9.9829E-05 9.9829E-05 9.9829E-05 9.9829E-05 9.9829E-05 9.9829E-05 9.9829E-05 9.9829E-05 0.998103 9.9829E-05 9.9829E-05 9.9829E-05 9.9829E-05 9.9829E-05 9.9829E-05 9.9829E-05
0.00910596 9.98649E-05 9.98649E-05 9.98649E-05 9.98649E-05 9.98649E-05 0.779984 9.98649E-05 0.0532453 9.98649E-05 0.0230956 9.98649E-05 0.133072 9.98649E-05 9.98649E-05 9.98649E-05 9.98649E-05 9.98649E-05 9.98649E-05 9.98649E-05
9.98474E-05 9.98474E-05 9.98474E-05 9.98474E-05 9.98474E-05 0.639075 9.98474E-05 9.98474E-05 9.98474E-05 9.98474E-05 9.98474E-05 9.98474E-05 9.98474E-05 9.98474E-05 9.98474E-05 9.98474E-05 0.354783 9.98474E-05 9.98474E-05 0.00444523
9.98473E-05 9.98473E-05 9.98473E-05 9.98473E-05 9.98473E-05 0.243315 9.98473E-05 9.98473E-05 9.98473E-05 9.98473E-05 9.98473E-05 9.98473E-05 9.98473E-05 9.98473E-05 9.98473E-05 9.98473E-05 0.750416 0.00457143 9.98473E-05 9.98473E-05
0.0764126 0.0569656 9.98737E-05 0.000149817 9.98737E-05 9.98737E-05 9.98737E-05 0.071281 9.98737E-05 9.98737E-05 9.98737E-05 0.761133 9.98737E-05 9.98737E-05 0.0326599 9.98737E-05 9.98737E-05 9.98737E-05 9.98737E-05 9.98737E-05
9.98293E-05 9.98293E-05 9.98293E-05 9.98293E-05 9.98293E-05 0.998103 9.98293E-05 9.98293E-05 9.98293E-05 9.98293E-05 9.98293E-05 9.98293E-05 9.98293E-05 9.98293E-05 9.98293E-05 9.98293E-05 9.98293E-05 9.98293E-05 9.98293E-05 9.98293E-05
9.98562E-05 9.98562E-05 9.98562E-05 9.98562E-05 9.98562E-05 0.988485 9.98562E-05 9.98562E-05 9.98562E-05 9.98562E-05 9.98562E-05 0.00571166 9.98562E-05 0.00358709 9.98562E-05 9.98562E-05 9.98562E-05 0.000619014 9.98562E-05 9.98562E-05
9.98833E-05 9.98833E-05 9.98833E-05 9.98833E-05 9.98833E-05 0.111007 0.00237042 0.0220947 0.00231246 0.618919 9.98833E-05 9.98833E-05 9.98833E-05 9.98833E-05 9.98833E-05 9.98833E-05 0.20151 0.0404882 9.98833E-05 9.98833E-05
9.98469E-05 9.98469E-05 9.98469E-05 9.98469E-05 9.98469E-05 9.98469E-05 9.98469E-05 9.98469E-05 9.98469E-05 0.945152 9.98469E-05 9.98469E-05 9.98469E-05 9.98469E-05 9.98469E-05 9.98469E-05 0.0503127 0.00283833 9.98469E-05 9.98469E-05
9.98296E-05 9.98296E-05 9.98296E-05 9.98296E-05 9.98296E-05 9.98296E-05 9.98296E-05 9.98296E-05 9.98296E-05 9.98296E-05 9.98296E-05 9.98296E-05 9.98296E-05 9.98296E-05 9.98296E-05 0.998103 9.98296E-05 9.98296E-05 9.98296E-05 9.98296E-05
9.98743E-05 0.00660367 0.00205918 9.98743E-05 9.98743E-05 0.259075 9.98743E-05 9.98743E-05 9.98743E-05 0.0376325 9.98743E-05 9.98743E-05 9.98743E-05 9.98743E-05 9.98743E-05 9.98743E-05 0.55885 9.98743E-05 9.98743E-05 0.134381
0.031886 9.98653E-05 9.98653E-05 9.98653E-05 9.98653E-05 9.98653E-05 9.98653E-05 9.98653E-05 9.98653E-05 0.040203 9.98653E-05 9.98653E-05 9.98653E-05 9.98653E-05 9.98653E-05 0.00877612 9.98653E-05 0.670401 9.98653E-05 0.247236
9.99007E-05 0.207289 9.99007E-05 0.0337721 0.0613979 9.99007E-05 9.99007E-05 0.0122182 0.0462104 0.0459746 9.99007E-05 0.481202 9.99007E-05 9.99007E-05 0.10078 9.99007E-05 9.99007E-05 9.99007E-05 9.99007E-05 0.0100572
9.98738E-05 0.00601925 9.98738E-05 9.98738E-05 0.015781 0.544712 9.98738E-05 9.98738E-05 0.0120525 9.98738E-05 9.98738E-05 9.98738E-05 9.98738E-05 9.98738E-05 9.98738E-05 9.98738E-05 0.369093 9.98738E-05 9.98738E-05 0.0509447
9.98561E-05 0.0175698 9.98561E-05 9.98561E-05 9.98561E-05 9.98561E-05 9.98561E-05 0.929529 9.98561E-05 9.98561E-05 9.98561E-05 9.98561E-05 9.98561E-05 9.98561E-05 9.98561E-05 9.98561E-05 0.0199248 9.98561E-05 9.98561E-05 0.0313785
0.800219 0.0523682 9.98741E-05 9.98741E-05 9.98741E-05 9.98741E-05 9.98741E-05 9.98741E-05 9.98741E-05 9.98741E-05 0.00922218 9.98741E-05 0.00414337 9.98741E-05 9.98741E-05 0.0870324 9.98741E-05 9.98741E-05 9.98741E-05 0.0456166
9.98472E-05 0.972972 9.98472E-05 9.98472E-05 9.98472E-05 9.98472E-05 9.98472E-05 9.98472E-05 9.98472E-05 9.98472E-05 9.98472E-05 9.98472E-05 9.98472E-05 9.98472E-05 9.98472E-05 9.98472E-05 0.0207893 9.98472E-05 9.98472E-05 0.00454167
9.98382E-05 9.98382E-05 9.98382E-05 9.98382E-05 0.995211 9.98382E-05 9.98382E-05 9.98382E-05 9.98382E-05 9.98382E-05 9.98382E-05 9.98382E-05 9.98382E-05 9.98382E-05 9.98382E-05 9.98382E-05 0.00299208 9.98382E-05 9.98382E-05 9.98382E-05
9.98381E-05 9.98381E-05 9.98381E-05 9.98381E-05 0.988782 9.98381E-05 9.98381E-05 9.98381E-05 9.98381E-05 9.98381E-05 9.98381E-05 9.98381E-05 9.98381E-05 9.98381E-05 0.00942047 9.98381E-05 9.98381E-05 9.98381E-05 9.98381E-05 9.98381E-05
0.451585 0.0428566 9.98828E-05 0.358661 0.0333319 9.98828E-05 0.00808246 0.0322388 0.0719454 9.98828E-05 9.98828E-05 9.98828E-05 9.98828E-05 9.98828E-05 9.98828E-05 9.98828E-05 9.98828E-05 9.98828E-05 9.98828E-05 9.98828E-05
0.0689137 9.9883E-05 0.804639 9.9883E-05 9.9883E-05 9.9883E-05 0.0129206 0.00426491 9.9883E-05 9.9883E-05 0.0141901 0.0193584 9.9883E-05 0.0744146 9.9883E-05 9.9883E-05 9.9883E-05 9.9883E-05 9.9883E-05 9.9883E-05
0.362344 0.0325015 9.98828E-05 0.453978 9.98828E-05 9.98828E-05 9.98828E-05 0.0442932 0.0993436 9.98828E-05 9.98828E-05 0.00576273 9.98828E-05 9.98828E-05 9.98828E-05 9.98828E-05 9.98828E-05 9.98828E-05 0.00047845 9.98828E-05
0.433629 9.9883E-05 9.9883E-05 9.9883E-05 0.0597821 9.9883E-05 0.0192965 9.9883E-05 0.213234 9.9883E-05 9.9883E-05 0.0742098 0.165708 9.9883E-05 0.0328423 9.9883E-05 9.9883E-05 9.9883E-05 9.9883E-05 9.9883E-05
0.541264 9.9883E-05 0.0721953 9.9883E-05 0.0451899 9.9883E-05 9.9883E-05 0.024343 0.170913 9.9883E-05 0.0799014 9.9883E-05 9.9883E-05 9.9883E-05 9.9883E-05 9.9883E-05 0.0648953 9.9883E-05 9.9883E-05 9.9883E-05
0.101131 0.136131 9.99189E-05 0.0988455 9.99189E-05 9.99189E-05 9.99189E-05 0.189798 0.223615 0.0692789 0.0125923 0.074514 9.99189E-05 0.03365 9.99189E-05 9.99189E-05 0.0207244 0.0388205 9.99189E-05 9.99189E-05
9.9857E-05 9.9857E-05 9.9857E-05 9.9857E-05 9.9857E-05 9.9857E-05 9.9857E-05 0.940811 9.9857E-05 9.9857E-05 0.00386564 9.9857E-05 0.0297438 9.9857E-05 9.9857E-05 9.9857E-05 9.9857E-05 9.9857E-05 0.0239822 9.9857E-05
9.98383E-05 9.98383E-05 9.98383E-05 9.98383E-05 9.98383E-05 0.00438228 9.98383E-05 9.98383E-05 9.98383E-05 9.98383E-05 9.98383E-05 9.98383E-05 9.98383E-05 9.98383E-05 9.98383E-05 9.98383E-05 9.98383E-05 0.993821 9.98383E-05 9.98383E-05
9.98382E-05 9.98382E-05 9.98382E-05 9.98382E-05 9.98382E-05 9.98382E-05 9.98382E-05 9.98382E-05 9.98382E-05 9.98382E-05 9.98382E-05 9.98382E-05 9.98382E-05 9.98382E-05 9.98382E-05 9.98382E-05 9.98382E-05 0.995608 0.00259507 9.98382E-05
0.00291963 9.98653E-05 0.00230648 9.98653E-05 0.000711527 0.00489272 9.98653E-05 9.98653E-05 9.98653E-05 9.98653E-05 9.98653E-05 9.98653E-05 9.98653E-05 9.98653E-05 9.98653E-05 9.98653E-05 9.98653E-05 0.987672 9.98653E-05 9.98653E-05
9.98383E-05 9.98383E-05 9.98383E-05 9.98383E-05 9.98383E-05 9.98383E-05 9.98383E-05 9.98383E-05 9.98383E-05 9.98383E-05 9.98383E-05 9.98383E-05 9.98383E-05 9.98383E-05 9.98383E-05 9.98383E-05 9.98383E-05 0.989875 0.00832792 9.98383E-05
9.98383E-05 9.98383E-05 9.98383E-05 9.98383E-05 9.98383E-05 9.98383E-05 9.98383E-05 9.98383E-05 9.98383E-05 0.0104559 9.98383E-05 9.98383E-05 9.98383E-05 9.98383E-05 9.98383E-05 9.98383E-05 9.98383E-05 0.987747 9.98383E-05 9.98383E-05
9.98922E-05 9.98922E-05 9.98922E-05 0.0814396 9.98922E-05 0.0848019 9.98922E-05 9.98922E-05 9.98922E-05 0.222234 9.98922E-05 9.98922E-05 0.0793681 0.0510475 9.98922E-05 0.0113703 9.98922E-05 0.362085 9.98922E-05 0.106455
9.98473E-05 9.98473E-05 0.010021 9.98473E-05 9.98473E-05 9.98473E-05 9.98473E-05 9.98473E-05 9.98473E-05 9.98473E-05 9.98473E-05 9.98473E-05 9.98473E-05 9.98473E-05 9.98473E-05 0.0565863 9.98473E-05 0.931695 9.98473E-05 9.98473E-05
9.98558E-05 9.98558E-05 0.155844 9.98558E-05 9.98558E-05 9.98558E-05 9.98558E-05 0.788151 0.0422712 9.98558E-05 9.98558E-05 9.98558E-05 9.98558E-05 9.98558E-05 9.98558E-05 0.0121365 9.98558E-05 9.98558E-05 9.98558E-05 9.98558E-05
9.98739E-05 9.98739E-05 9.98739E-05 0.00131088 9.98739E-05 0.0268405 9.98739E-05 9.98739E-05 9.98739E-05 9.98739E-05 9.98739E-05 9.98739E-05 9.98739E-05 0.0304047 0.00366465 0.901576 9.98739E-05 0.0348047 9.98739E-05 9.98739E-05
9.98649E-05 9.98649E-05 9.98649E-05 9.98649E-05 0.012024 0.491323 9.98649E-05 9.98649E-05 0.0130922 9.98649E-05 9.98649E-05 9.98649E-05 9.98649E-05 9.98649E-05 9.98649E-05 9.98649E-05 0.479592 9.98649E-05 9.98649E-05 0.00247086
9.98651E-05 9.98651E-05 0.093882 9.98651E-05 0.107256 9.98651E-05 9.98651E-05 0.00769191 9.98651E-05 9.98651E-05 9.98651E-05 0.780689 9.98651E-05 9.98651E-05 0.00898259 9.98651E-05 9.98651E-05 9.98651E-05 9.98651E-05 9.98651E-05
9.98474E-05 9.98474E-05 0.883119 9.98474E-05 9.98474E-05 9.98474E-05 9.98474E-05 9.98474E-05 0.112182 9.98474E-05 9.98474E-05 0.00300132 9.98474E-05 9.98474E-05 9.98474E-05 9.98474E-05 9.98474E-05 9.98474E-05 9.98474E-05 9.98474E-05
9.98387E-05 9.98387E-05 9.98387E-05 9.98387E-05 9.98387E-05 9.98387E-05 9.98387E-05 9.98387E-05 9.98387E-05 9.98387E-05 9.98387E-05 0.978326 9.98387E-05 0.0198769 9.98387E-05 9.98387E-05 9.98387E-05 9.98387E-05 9.98387E-05 9.98387E-05
0.120017 9.9856E-05 9.9856E-05 0.0127399 0.000486356 9.9856E-05 9.9856E-05 9.9856E-05 9.9856E-05 9.9856E-05 9.9856E-05 0.865159 9.9856E-05 9.9856E-05 9.9856E-05 9.9856E-05 9.9856E-05 9.9856E-05 9.9856E-05 9.9856E-05
9.98738E-05 9.98738E-05 9.98738E-05 0.103229 0.00356475 9.98738E-05 9.98738E-05 9.98738E-05 0.0445962 9.98738E-05 9.98738E-05 0.794258 0.0152555 9.98738E-05 0.0376984 9.98738E-05 9.98738E-05 9.98738E-05 9.98738E-05 9.98738E-05
9.98293E-05 9.98293E-05 9.98293E-05 9.98293E-05 9.98293E-05 9.98293E-05 9.98293E-05 9.98293E-05 9.98293E-05 9.98293E-05 0.998103 9.98293E-05 9.98293E-05 9.98293E-05 9.98293E-05 9.98293E-05 9.98293E-05 9.98293E-05 9.98293E-05 9.98293E-05
9.98477E-05 9.98477E-05 9.98477E-05 0.00574637 9.98477E-05 0.675902 9.98477E-05 9.98477E-05 9.98477E-05 9.98477E-05 9.98477E-05 9.98477E-05 9.98477E-05 9.98477E-05 9.98477E-05 9.98477E-05 0.316655 9.98477E-05 9.98477E-05 9.98477E-05
0.0779421 0.0239812 0.114846 9.9937E-05 9.9937E-05 0.12599 0.0326859 0.0820516 0.137783 0.187021 0.00376474 9.9937E-05 0.0708791 9.9937E-05 9.9937E-05 0.0288936 0.0737065 0.0397557 9.9937E-05 9.9937E-05
9.98564E-05 9.98564E-05 9.98564E-05 9.98564E-05 9.98564E-05 0.0288759 9.98564E-05 9.98564E-05 9.98564E-05 9.98564E-05 9.98564E-05 0.00580554 9.98564E-05 9.98564E-05 9.98564E-05 9.98564E-05 0.84646 9.98564E-05 9.98564E-05 0.117261
9.9874E-05 9.9874E-05 9.9874E-05 9.9874E-05 0.0123033 0.266052 9.9874E-05 9.9874E-05 9.9874E-05 0.0459006 9.9874E-05 9.9874E-05 9.9874E-05 0.0180825 9.9874E-05 9.9874E-05 0.638649 0.0176151 9.9874E-05 9.9874E-05
9.98382E-05 9.98382E-05 0.0260733 9.98382E-05 9.98382E-05 0.97213 9.98382E-05 9.98382E-05 9.98382E-05 9.98382E-05 9.98382E-05 9.98382E-05 9.98382E-05 9.98382E-05 9.98382E-05 9.98382E-05 9.98382E-05 9.98382E-05 9.98382E-05 9.98382E-05
9.98473E-05 9.98473E-05 0.00625419 9.98473E-05 9.98473E-05 0.98744 9.98473E-05 9.98473E-05 9.98473E-05 9.98473E-05 9.98473E-05 9.98473E-05 9.98473E-05 9.98473E-05 9.98473E-05 9.98473E-05 9.98473E-05 9.98473E-05 0.00460822 9.98473E-05
9.98652E-05 9.98652E-05 9.98652E-05 0.0137358 0.0369983 0.174677 9.98652E-05 9.98652E-05 9.98652E-05 0.239873 9.98652E-05 9.98652E-05 9.98652E-05 9.98652E-05 9.98652E-05 9.98652E-05 0.533218 9.98652E-05 9.98652E-05 9.98652E-05
9.98648E-05 0.00980148 9.98648E-05 9.98648E-05 0.012089 0.461628 9.98648E-05 9.98648E-05 0.022238 9.98648E-05 9.98648E-05 9.98648E-05 9.98648E-05 9.98648E-05 9.98648E-05 9.98648E-05 0.492745 9.98648E-05 9.98648E-05 9.98648E-05
9.98381E-05 9.98381E-05 9.98381E-05 9.98381E-05 9.98381E-05 9.98381E-05 9.98381E-05 9.98381E-05 9.98381E-05 9.98381E-05 9.98381E-05 9.98381E-05 9.98381E-05 9.98381E-05 9.98381E-05 9.98381E-05 9.98381E-05 0.0358524 9.98381E-05 0.96235
9.9847E-05 9.9847E-05 9.9847E-05 9.9847E-05 9.9847E-05 9.9847E-05 9.9847E-05 9.9847E-05 9.9847E-05 9.9847E-05 9.9847E-05 0.0244853 9.9847E-05 0.0135425 9.9847E-05 9.9847E-05 9.9847E-05 9.9847E-05 9.9847E-05 0.960275
0.009913 9.98831E-05 0.00634472 9.98831E-05 9.98831E-05 0.0773639 9.98831E-05 9.98831E-05 9.98831E-05 9.98831E-05 9.98831E-05 0.00214353 0.00843782 9.98831E-05 9.98831E-05 9.98831E-05 0.887507 9.98831E-05 0.00699208 9.98831E-05
9.9865E-05 0.0177711 0.943588 9.9865E-05 0.00516965 9.9865E-05 9.9865E-05 9.9865E-05 9.9865E-05 9.9865E-05 9.9865E-05 9.9865E-05 9.9865E-05 9.9865E-05 9.9865E-05 9.9865E-05 0.0146945 0.0172784 9.9865E-05 9.9865E-05
9.98381E-05 9.98381E-05 0.997157 9.98381E-05 9.98381E-05 9.98381E-05 9.98381E-05 9.98381E-05 9.98381E-05 9.98381E-05 9.98381E-05 9.98381E-05 9.98381E-05 9.98381E-05 9.98381E-05 9.98381E-05 9.98381E-05 0.00104576 9.98381E-05 9.98381E-05
9.98384E-05 9.98384E-05 9.98384E-05 9.98384E-05 0.00743635 9.98384E-05 9.98384E-05 9.98384E-05 9.98384E-05 9.98384E-05 9.98384E-05 9.98384E-05 9.98384E-05 9.98384E-05 0.990767 9.98384E-05 9.98384E-05 9.98384E-05 9.98384E-05 9.98384E-05
9.98295E-05 9.98295E-05 9.98295E-05 9.98295E-05 9.98295E-05 9.98295E-05 9.98295E-05 9.98295E-05 9.98295E-05 9.98295E-05 9.98295E-05 9.98295E-05 9.98295E-05 9.98295E-05 0.998103 9.98295E-05 9.98295E-05 9.98295E-05 9.98295E-05 9.98295E-05
0.998103 9.98291E-05 9.98291E-05 9.98291E-05 9.98291E-05 9.98291E-05 9.98291E-05 9.98291E-05 9.98291E-05 9.98291E-05 9.98291E-05 9.98291E-05 9.98291E-05 9.98291E-05 9.98291E-05 9.98291E-05 9.98291E-05 9.98291E-05 9.98291E-05 9.98291E-05
0.998103 9.98291E-05 9.98291E-05 9.98291E-05 9.98291E-05 9.98291E-05 9.98291E-05 9.98291E-05 9.98291E-05 9.98291E-05 9.98291E-05 9.98291E-05 9.98291E-05 9.98291E-05 9.98291E-05 9.98291E-05 9.98291E-05 9.98291E-05 9.98291E-05 9.98291E-05
9.98563E-05 0.0304336 9.98563E-05 9.98563E-05 9.98563E-05 9.98563E-05 9.98563E-05 9.98563E-05 9.98563E-05 9.98563E-05 9.98563E-05 9.98563E-05 0.0110931 9.98563E-05 0.951814 9.98563E-05 9.98563E-05 9.98563E-05 9.98563E-05 0.005062
9.98294E-05 9.98294E-05 9.98294E-05 9.98294E-05 9.98294E-05 9.98294E-05 9.98294E-05 9.98294E-05 9.98294E-05 9.98294E-05 9.98294E-05 9.98294E-05 9.98294E-05 9.98294E-05 0.998103 9.98294E-05 9.98294E-05 9.98294E-05 9.98294E-05 9.98294E-05
9.9847E-05 9.9847E-05 0.014955 9.9847E-05 9.9847E-05 9.9847E-05 9.9847E-05 0.96746 9.9847E-05 9.9847E-05 9.9847E-05 9.9847E-05 9.9847E-05 0.0158879 9.9847E-05 9.9847E-05 9.9847E-05 9.9847E-05 9.9847E-05 9.9847E-05
9.98651E-05 9.98651E-05 0.0332251 9.98651E-05 0.709326 9.98651E-05 0.015072 9.98651E-05 9.98651E-05 9.98651E-05 9.98651E-05 0.11568 9.98651E-05 0.125199 9.98651E-05 9.98651E-05 9.98651E-05 9.98651E-05 9.98651E-05 9.98651E-05
9.98471E-05 9.98471E-05 9.98471E-05 9.98471E-05 9.98471E-05 9.98471E-05 9.98471E-05 9.98471E-05 0.00937636 9.98471E-05 9.98471E-05 9.98471E-05 9.98471E-05 0.0614701 9.98471E-05 0.927456 9.98471E-05 9.98471E-05 9.98471E-05 9.98471E-05
0.00154906 9.98471E-05 9.98471E-05 9.98471E-05 9.98471E-05 9.98471E-05 9.98471E-05 9.98471E-05 0.982837 9.98471E-05 9.98471E-05 9.98471E-05 9.98471E-05 9.98471E-05 9.98471E-05 9.98471E-05 9.98471E-05 9.98471E-05 9.98471E-05 0.013917
9.98651E-05 0.032532 0.0175818 9.98651E-05 9.98651E-05 9.98651E-05 9.98651E-05 0.0138187 0.898348 9.98651E-05 9.98651E-05 0.036221 9.98651E-05 9.98651E-05 9.98651E-05 9.98651E-05 9.98651E-05 9.98651E-05 9.98651E-05 9.98651E-05
9.98291E-05 9.98291E-05 9.98291E-05 9.98291E-05 9.98291E-05 9.98291E-05 9.98291E-05 9.98291E-05 9.98291E-05 0.998103 9.98291E-05 9.98291E-05 9.98291E-05 9.98291E-05 9.98291E-05 9.98291E-05 9.98291E-05 9.98291E-05 9.98291E-05 9.98291E-05
