9.98649E-05 0.00535621 0.0139557 0.0350853 9.98649E-05 9.98649E-05 9.98649E-05 9.98649E-05 9.98649E-05 9.98649E-05 9.98649E-05 9.98649E-05 9.98649E-05 9.98649E-05 0.0131448 0.93096 9.98649E-05 9.98649E-05 9.98649E-05 9.98649E-05
0.177628 9.98559E-05 0.0410121 9.98559E-05 9.98559E-05 9.98559E-05 9.98559E-05 9.98559E-05 9.98559E-05 9.98559E-05 9.98559E-05 9.98559E-05 0.694482 9.98559E-05 9.98559E-05 9.98559E-05 9.98559E-05 0.0852795 9.98559E-05 9.98559E-05
9.98663E-05 0.0208825 9.98663E-05 9.98663E-05 9.98663E-05 9.98663E-05 0.0955073 9.98663E-05 9.98663E-05 9.98663E-05 9.98663E-05 9.98663E-05 9.98663E-05 9.98663E-05 9.98663E-05 9.98663E-05 0.184004 0.670699 9.98663E-05 0.0274093
9.98651E-05 0.00252538 9.98651E-05 9.98651E-05 0.0267885 0.00906423 9.98651E-05 0.0856061 9.98651E-05 9.98651E-05 9.98651E-05 9.98651E-05 9.98651E-05 9.98651E-05 9.98651E-05 9.98651E-05 9.98651E-05 0.874518 9.98651E-05 9.98651E-05
0.0151968 9.99012E-05 9.99012E-05 0.0826038 0.0967315 0.0601362 9.99012E-05 9.99012E-05 0.21581 9.99012E-05 9.99012E-05 9.99012E-05 0.119129 9.99012E-05 0.0450055 0.00473622 9.99012E-05 0.359552 9.99012E-05 9.99012E-05
0.0278875 9.98649E-05 9.98649E-05 9.98649E-05 0.00729385 9.98649E-05 9.98649E-05 9.98649E-05 9.98649E-05 9.98649E-05 9.98649E-05 9.98649E-05 9.98649E-05 9.98649E-05 0.00782793 9.98649E-05 9.98649E-05 0.950074 0.00541926 9.98649E-05
9.98292E-05 9.98292E-05 9.98292E-05 9.98292E-05 9.98292E-05 9.98292E-05 9.98292E-05 9.98292E-05 0.998103 9.98292E-05 9.98292E-05 9.98292E-05 9.98292E-05 9.98292E-05 9.98292E-05 9.98292E-05 9.98292E-05 9.98292E-05 9.98292E-05 9.98292E-05
9.9883E-05 9.9883E-05 9.9883E-05 0.0624046 0.258644 0.0861279 9.9883E-05 0.0186449 9.9883E-05 9.9883E-05 9.9883E-05 9.9883E-05 0.120093 9.9883E-05 9.9883E-05 9.9883E-05 0.441846 0.0109409 9.9883E-05 9.9883E-05
9.9856E-05 9.9856E-05 0.0031171 9.9856E-05 9.9856E-05 0.0355964 9.9856E-05 9.9856E-05 0.920449 9.9856E-05 9.9856E-05 9.9856E-05 0.0392394 9.9856E-05 9.9856E-05 9.9856E-05 9.9856E-05 9.9856E-05 9.9856E-05 9.9856E-05
9.98381E-05 9.98381E-05 9.98381E-05 0.870624 9.98381E-05 9.98381E-05 9.98381E-05 9.98381E-05 0.127579 9.98381E-05 9.98381E-05 9.98381E-05 9.98381E-05 9.98381E-05 9.98381E-05 9.98381E-05 9.98381E-05 9.98381E-05 9.98381E-05 9.98381E-05
9.98382E-05 9.98382E-05 9.98382E-05 0.903026 9.98382E-05 9.98382E-05 9.98382E-05 9.98382E-05 0.0951771 9.98382E-05 9.98382E-05 9.98382E-05 9.98382E-05 9.98382E-05 9.98382E-05 9.98382E-05 9.98382E-05 9.98382E-05 9.98382E-05 9.98382E-05
9.98831E-05 0.107957 9.98831E-05 9.98831E-05 9.98831E-05 9.98831E-05 0.11472 0.0262416 0.00301041 0.0490382 9.98831E-05 9.98831E-05 9.98831E-05 9.98831E-05 9.98831E-05 0.691723 9.98831E-05 0.00601034 9.98831E-05 9.98831E-05
9.98653E-05 9.98653E-05 9.98653E-05 9.98653E-05 0.0182454 9.98653E-05 0.903094 9.98653E-05 0.0200076 9.98653E-05 9.98653E-05 9.98653E-05 9.98653E-05 0.0284839 9.98653E-05 9.98653E-05 0.028671 9.98653E-05 9.98653E-05 9.98653E-05
9.98561E-05 9.98561E-05 9.98561E-05 9.98561E-05 9.98561E-05 9.98561E-05 9.98561E-05 9.98561E-05 9.98561E-05 0.00848279 0.0205627 9.98561E-05 0.0130773 9.98561E-05 9.98561E-05 9.98561E-05 9.98561E-05 0.956279 9.98561E-05 9.98561E-05
0.00111732 9.98561E-05 9.98561E-05 9.98561E-05 9.98561E-05 9.98561E-05 9.98561E-05 9.98561E-05 9.98561E-05 9.98561E-05 9.98561E-05 9.98561E-05 9.98561E-05 9.98561E-05 9.98561E-05 0.0190326 9.98561E-05 0.967782 9.98561E-05 0.0104703
9.9865E-05 9.9865E-05 9.9865E-05 0.0314896 9.9865E-05 9.9865E-05 0.0834802 9.9865E-05 9.9865E-05 0.0727838 9.9865E-05 0.768783 9.9865E-05 0.0419657 9.9865E-05 9.9865E-05 9.9865E-05 9.9865E-05 9.9865E-05 9.9865E-05
9.98471E-05 9.98471E-05 0.907511 0.0745312 9.98471E-05 9.98471E-05 9.98471E-05 9.98471E-05 9.98471E-05 9.98471E-05 9.98471E-05 9.98471E-05 9.98471E-05 9.98471E-05 0.0162609 9.98471E-05 9.98471E-05 9.98471E-05 9.98471E-05 9.98471E-05
9.98293E-05 9.98293E-05 9.98293E-05 9.98293E-05 9.98293E-05 9.98293E-05 9.98293E-05 9.98293E-05 9.98293E-05 9.98293E-05 9.98293E-05 9.98293E-05 9.98293E-05 9.98293E-05 9.98293E-05 9.98293E-05 9.98293E-05 9.98293E-05 9.98293E-05 0.998103
9.98472E-05 0.00979413 9.98472E-05 9.98472E-05 9.98472E-05 9.98472E-05 9.98472E-05 9.98472E-05 9.98472E-05 9.98472E-05 0.981798 9.98472E-05 9.98472E-05 9.98472E-05 9.98472E-05 9.98472E-05 9.98472E-05 9.98472E-05 0.00671064 9.98472E-05
9.98739E-05 9.98739E-05 0.0144605 0.456949 9.98739E-05 9.98739E-05 9.98739E-05 9.98739E-05 9.98739E-05 0.142697 9.98739E-05 0.328652 9.98739E-05 0.024143 9.98739E-05 0.0317004 9.98739E-05 9.98739E-05 9.98739E-05 9.98739E-05
9.98384E-05 9.98384E-05 9.98384E-05 9.98384E-05 9.98384E-05 9.98384E-05 9.98384E-05 9.98384E-05 9.98384E-05 9.98384E-05 0.929358 9.98384E-05 9.98384E-05 9.98384E-05 9.98384E-05 9.98384E-05 9.98384E-05 9.98384E-05 9.98384E-05 0.0688451
0.197364 9.9892E-05 9.9892E-05 9.9892E-05 9.9892E-05 9.9892E-05 0.031292 9.9892E-05 9.9892E-05 0.034392 9.9892E-05 0.296119 9.9892E-05 0.0340384 9.9892E-05 0.392567 9.9892E-05 9.9892E-05 0.0126173 0.000410698
9.98291E-05 9.98291E-05 9.98291E-05 9.98291E-05 9.98291E-05 9.98291E-05 9.98291E-05 9.98291E-05 9.98291E-05 9.98291E-05 9.98291E-05 9.98291E-05 9.98291E-05 9.98291E-05 0.998103 9.98291E-05 9.98291E-05 9.98291E-05 9.98291E-05 9.98291E-05
9.98559E-05 9.98559E-05 9.98559E-05 9.98559E-05 9.98559E-05 9.98559E-05 9.98559E-05 9.98559E-05 9.98559E-05 9.98559E-05 0.79662 9.98559E-05 9.98559E-05 0.0873448 0.0773769 9.98559E-05 9.98559E-05 9.98559E-05 9.98559E-05 0.0370611
9.98385E-05 9.98385E-05 9.98385E-05 9.98385E-05 9.98385E-05 9.98385E-05 9.98385E-05 0.627907 9.98385E-05 9.98385E-05 9.98385E-05 9.98385E-05 9.98385E-05 9.98385E-05 9.98385E-05 9.98385E-05 9.98385E-05 0.370296 9.98385E-05 9.98385E-05
9.98472E-05 9.98472E-05 9.98472E-05 9.98472E-05 9.98472E-05 0.00323441 9.98472E-05 0.175404 9.98472E-05 9.98472E-05 9.98472E-05 9.98472E-05 9.98472E-05 9.98472E-05 9.98472E-05 9.98472E-05 9.98472E-05 0.819664 9.98472E-05 9.98472E-05
9.98648E-05 0.0316636 0.0601988 0.0527204 9.98648E-05 9.98648E-05 0.818061 9.98648E-05 9.98648E-05 9.98648E-05 9.98648E-05 9.98648E-05 9.98648E-05 9.98648E-05 9.98648E-05 0.0358577 9.98648E-05 9.98648E-05 9.98648E-05 9.98648E-05
9.98294E-05 9.98294E-05 9.98294E-05 9.98294E-05 9.98294E-05 9.98294E-05 9.98294E-05 0.998103 9.98294E-05 9.98294E-05 9.98294E-05 9.98294E-05 9.98294E-05 9.98294E-05 9.98294E-05 9.98294E-05 9.98294E-05 9.98294E-05 9.98294E-05 9.98294E-05
9.98293E-05 9.98293E-05 9.98293E-05 9.98293E-05 9.98293E-05 9.98293E-05 9.98293E-05 0.998103 9.98293E-05 9.98293E-05 9.98293E-05 9.98293E-05 9.98293E-05 9.98293E-05 9.98293E-05 9.98293E-05 9.98293E-05 9.98293E-05 9.98293E-05 9.98293E-05
9.98833E-05 9.98833E-05 9.98833E-05 9.98833E-05 0.506499 0.0896983 0.00682456 0.108667 9.98833E-05 9.98833E-05 9.98833E-05 9.98833E-05 9.98833E-05 0.0113553 9.98833E-05 9.98833E-05 9.98833E-05 0.248771 0.0268855 9.98833E-05
9.98378E-05 9.98378E-05 9.98378E-05 9.98378E-05 0.933569 9.98378E-05 9.98378E-05 9.98378E-05 9.98378E-05 9.98378E-05 9.98378E-05 9.98378E-05 9.98378E-05 9.98378E-05 9.98378E-05 9.98378E-05 9.98378E-05 0.0646341 9.98378E-05 9.98378E-05
9.98296E-05 9.98296E-05 9.98296E-05 9.98296E-05 9.98296E-05 9.98296E-05 9.98296E-05 9.98296E-05 9.98296E-05 9.98296E-05 9.98296E-05 9.98296E-05 0.998103 9.98296E-05 9.98296E-05 9.98296E-05 9.98296E-05 9.98296E-05 9.98296E-05 9.98296E-05
0.0050192 9.98652E-05 9.98652E-05 9.98652E-05 0.0342063 9.98652E-05 9.98652E-05 0.247064 9.98652E-05 9.98652E-05 9.98652E-05 9.98652E-05 9.98652E-05 9.98652E-05 9.98652E-05 9.98652E-05 0.167682 0.544531 9.98652E-05 9.98652E-05
9.98654E-05 0.0127548 9.98654E-05 9.98654E-05 0.0592084 0.732604 9.98654E-05 9.98654E-05 9.98654E-05 9.98654E-05 9.98654E-05 9.98654E-05 9.98654E-05 9.98654E-05 9.98654E-05 0.0178093 0.176125 9.98654E-05 9.98654E-05 9.98654E-05
0.0704894 0.079387 0.193277 9.98826E-05 0.0366755 9.98826E-05 0.471083 9.98826E-05 9.98826E-05 9.98826E-05 9.98826E-05 9.98826E-05 9.98826E-05 0.106467 9.98826E-05 0.041323 9.98826E-05 9.98826E-05 9.98826E-05 9.98826E-05
9.98648E-05 9.98648E-05 9.98648E-05 9.98648E-05 0.00135863 9.98648E-05 9.98648E-05 0.606489 9.98648E-05 0.0226976 9.98648E-05 9.98648E-05 9.98648E-05 9.98648E-05 9.98648E-05 9.98648E-05 0.0639786 0.303978 9.98648E-05 9.98648E-05
9.98471E-05 9.98471E-05 9.98471E-05 9.98471E-05 9.98471E-05 9.98471E-05 9.98471E-05 9.98471E-05 9.98471E-05 9.98471E-05 9.98471E-05 9.98471E-05 9.98471E-05 0.0345718 9.98471E-05 0.940422 0.0233089 9.98471E-05 9.98471E-05 9.98471E-05
0.123082 9.98829E-05 9.98829E-05 0.499716 9.98829E-05 9.98829E-05 9.98829E-05 9.98829E-05 9.98829E-05 9.98829E-05 9.98829E-05 9.98829E-05 0.198722 9.98829E-05 0.0597919 0.0724695 0.0331264 9.98829E-05 0.0117936 9.98829E-05
9.98472E-05 9.98472E-05 0.972832 9.98472E-05 9.98472E-05 9.98472E-05 9.98472E-05 9.98472E-05 9.98472E-05 9.98472E-05 9.98472E-05 9.98472E-05 9.98472E-05 9.98472E-05 9.98472E-05 9.98472E-05 0.0213883 0.00408222 9.98472E-05 9.98472E-05
0.994087 9.98381E-05 0.00411639 9.98381E-05 9.98381E-05 9.98381E-05 9.98381E-05 9.98381E-05 9.98381E-05 9.98381E-05 9.98381E-05 9.98381E-05 9.98381E-05 9.98381E-05 9.98381E-05 9.98381E-05 9.98381E-05 9.98381E-05 9.98381E-05 9.98381E-05
0.985189 0.0130138 9.98381E-05 9.98381E-05 9.98381E-05 9.98381E-05 9.98381E-05 9.98381E-05 9.98381E-05 9.98381E-05 9.98381E-05 9.98381E-05 9.98381E-05 9.98381E-05 9.98381E-05 9.98381E-05 9.98381E-05 9.98381E-05 9.98381E-05 9.98381E-05
0.0787698 9.9874E-05 9.9874E-05 0.868751 9.9874E-05 9.9874E-05 9.9874E-05 9.9874E-05 9.9874E-05 9.9874E-05 0.000112104 9.9874E-05 9.9874E-05 0.00712828 0.0181311 0.02571 9.9874E-05 9.9874E-05 9.9874E-05 9.9874E-05
0.038409 9.98829E-05 9.98829E-05 9.98829E-05 9.98829E-05 9.98829E-05 0.0595001 9.98829E-05 0.101345 9.98829E-05 0.00916157 0.736713 9.98829E-05 9.98829E-05 9.98829E-05 0.0420156 9.98829E-05 9.98829E-05 9.98829E-05 0.0115567
9.98559E-05 9.98559E-05 9.98559E-05 0.880169 9.98559E-05 9.98559E-05 0.0130272 9.98559E-05 9.98559E-05 0.0163436 9.98559E-05 9.98559E-05 9.98559E-05 0.0888628 9.98559E-05 9.98559E-05 9.98559E-05 9.98559E-05 9.98559E-05 9.98559E-05
0.206228 0.0208266 9.99009E-05 0.222612 9.99009E-05 9.99009E-05 0.126584 9.99009E-05 9.99009E-05 9.99009E-05 0.00805955 9.99009E-05 0.00207946 0.214932 0.190407 9.99009E-05 9.99009E-05 9.99009E-05 9.99009E-05 0.00717176
0.23143 9.99009E-05 9.99009E-05 0.296253 0.0289014 9.99009E-05 9.99009E-05 9.99009E-05 9.99009E-05 9.99009E-05 9.99009E-05 0.0710627 0.00207334 0.210899 9.99009E-05 0.0722359 9.99009E-05 0.0202496 0.0657961 9.99009E-05
0.0196224 9.99099E-05 0.0995007 0.0737779 0.101302 0.00706603 0.0569211 9.99099E-05 0.0149512 9.99099E-05 9.99099E-05 9.99099E-05 9.99099E-05 0.358703 9.99099E-05 0.232874 9.99099E-05 0.0342825 9.99099E-05 9.99099E-05
9.9839E-05 9.9839E-05 9.9839E-05 9.9839E-05 9.9839E-05 9.9839E-05 9.9839E-05 9.9839E-05 9.9839E-05 9.9839E-05 9.9839E-05 9.9839E-05 9.9839E-05 9.9839E-05 9.9839E-05 0.967715 9.9839E-05 9.9839E-05 9.9839E-05 0.0304876
9.98382E-05 9.98382E-05 9.98382E-05 9.98382E-05 9.98382E-05 0.996681 9.98382E-05 9.98382E-05 9.98382E-05 9.98382E-05 9.98382E-05 9.98382E-05 9.98382E-05 9.98382E-05 9.98382E-05 9.98382E-05 9.98382E-05 9.98382E-05 9.98382E-05 0.00152185
9.98382E-05 9.98382E-05 9.98382E-05 9.98382E-05 9.98382E-05 0.982955 9.98382E-05 9.98382E-05 9.98382E-05 9.98382E-05 9.98382E-05 9.98382E-05 9.98382E-05 9.98382E-05 9.98382E-05 9.98382E-05 9.98382E-05 9.98382E-05 9.98382E-05 0.0152476
9.98473E-05 9.98473E-05 9.98473E-05 9.98473E-05 9.98473E-05 0.990963 9.98473E-05 9.98473E-05 9.98473E-05 9.98473E-05 9.98473E-05 0.00641616 9.98473E-05 9.98473E-05 9.98473E-05 9.98473E-05 9.98473E-05 9.98473E-05 0.000923679 9.98473E-05
9.98383E-05 9.98383E-05 9.98383E-05 9.98383E-05 9.98383E-05 0.987282 9.98383E-05 0.0109207 9.98383E-05 9.98383E-05 9.98383E-05 9.98383E-05 9.98383E-05 9.98383E-05 9.98383E-05 9.98383E-05 9.98383E-05 9.98383E-05 9.98383E-05 9.98383E-05
9.98383E-05 9.98383E-05 9.98383E-05 9.98383E-05 0.00214007 0.996063 9.98383E-05 9.98383E-05 9.98383E-05 9.98383E-05 9.98383E-05 9.98383E-05 9.98383E-05 9.98383E-05 9.98383E-05 9.98383E-05 9.98383E-05 9.98383E-05 9.98383E-05 9.98383E-05
9.98834E-05 9.98834E-05 9.98834E-05 9.98834E-05 0.301949 0.401453 9.98834E-05 9.98834E-05 0.0401269 9.98834E-05 9.98834E-05 0.0803152 9.98834E-05 9.98834E-05 0.0508081 9.98834E-05 0.11031 9.98834E-05 9.98834E-05 0.0137396
9.98382E-05 9.98382E-05 9.98382E-05 9.98382E-05 9.98382E-05 0.930593 9.98382E-05 9.98382E-05 9.98382E-05 9.98382E-05 9.98382E-05 9.98382E-05 0.0676094 9.98382E-05 9.98382E-05 9.98382E-05 9.98382E-05 9.98382E-05 9.98382E-05 9.98382E-05
9.98557E-05 9.98557E-05 9.98557E-05 9.98557E-05 9.98557E-05 9.98557E-05 9.98557E-05 9.98557E-05 0.000433706 0.0846678 9.98557E-05 0.130052 9.98557E-05 9.98557E-05 9.98557E-05 0.783249 9.98557E-05 9.98557E-05 9.98557E-05 9.98557E-05
9.98739E-05 9.98739E-05 9.98739E-05 9.98739E-05 9.98739E-05 0.00842389 9.98739E-05 0.0218469 0.0517805 0.0187784 9.98739E-05 0.00336871 0.894403 9.98739E-05 9.98739E-05 9.98739E-05 9.98739E-05 9.98739E-05 9.98739E-05 9.98739E-05
9.98469E-05 9.98469E-05 9.98469E-05 9.98469E-05 9.98469E-05 9.98469E-05 9.98469E-05 0.440233 9.98469E-05 0.0120357 9.98469E-05 9.98469E-05 9.98469E-05 9.98469E-05 9.98469E-05 9.98469E-05 9.98469E-05 0.546034 9.98469E-05 9.98469E-05
0.137967 0.0227625 9.98562E-05 9.98562E-05 9.98562E-05 9.98562E-05 0.810576 9.98562E-05 9.98562E-05 9.98562E-05 9.98562E-05 0.0270967 9.98562E-05 9.98562E-05 9.98562E-05 9.98562E-05 9.98562E-05 9.98562E-05 9.98562E-05 9.98562E-05
9.98564E-05 9.98564E-05 9.98564E-05 9.98564E-05 9.98564E-05 9.98564E-05 0.0571211 9.98564E-05 9.98564E-05 0.038276 9.98564E-05 0.884418 9.98564E-05 0.0185874 9.98564E-05 9.98564E-05 9.98564E-05 9.98564E-05 9.98564E-05 9.98564E-05
9.98475E-05 9.98475E-05 9.98475E-05 9.98475E-05 9.98475E-05 9.98475E-05 0.947038 9.98475E-05 0.0288834 9.98475E-05 9.98475E-05 9.98475E-05 9.98475E-05 9.98475E-05 9.98475E-05 9.98475E-05 0.0223809 9.98475E-05 9.98475E-05 9.98475E-05
9.98469E-05 9.98469E-05 9.98469E-05 0.065824 9.98469E-05 9.98469E-05 0.922203 9.98469E-05 9.98469E-05 9.98469E-05 9.98469E-05 9.98469E-05 9.98469E-05 9.98469E-05 9.98469E-05 9.98469E-05 9.98469E-05 9.98469E-05 9.98469E-05 0.0102756
0.0215233 0.0579323 9.98829E-05 0.0366175 9.98829E-05 9.98829E-05 0.81427 9.98829E-05 9.98829E-05 0.0150791 9.98829E-05 9.98829E-05 9.98829E-05 0.0327605 9.98829E-05 9.98829E-05 9.98829E-05 9.98829E-05 9.98829E-05 0.0205191
9.98292E-05 9.98292E-05 9.98292E-05 9.98292E-05 9.98292E-05 9.98292E-05 9.98292E-05 9.98292E-05 9.98292E-05 9.98292E-05 9.98292E-05 9.98292E-05 9.98292E-05 9.98292E-05 9.98292E-05 9.98292E-05 9.98292E-05 9.98292E-05 0.998103 9.98292E-05
9.98477E-05 9.98477E-05 9.98477E-05 9.98477E-05 0.0137945 9.98477E-05 9.98477E-05 0.648727 9.98477E-05 9.98477E-05 9.98477E-05 9.98477E-05 9.98477E-05 9.98477E-05 9.98477E-05 9.98477E-05 9.98477E-05 0.335781 9.98477E-05 9.98477E-05
0.000322565 0.159184 9.99459E-05 9.99459E-05 0.0340763 0.0703508 9.99459E-05 0.180264 0.0943189 0.105283 0.00259235 0.0988132 0.0264504 0.0294379 9.99459E-05 0.032827 0.0789462 9.99459E-05 0.0865344 9.99459E-05
9.98564E-05 9.98564E-05 9.98564E-05 9.98564E-05 9.98564E-05 9.98564E-05 0.0090839 9.98564E-05 9.98564E-05 9.98564E-05 9.98564E-05 0.0119653 9.98564E-05 9.98564E-05 9.98564E-05 9.98564E-05 0.071085 0.906268 9.98564E-05 9.98564E-05
0.00907041 9.9892E-05 0.0161394 9.9892E-05 0.0407874 0.0399208 9.9892E-05 0.15483 0.0185751 9.9892E-05 9.9892E-05 9.9892E-05 9.9892E-05 9.9892E-05 9.9892E-05 0.0255629 9.9892E-05 0.693915 9.9892E-05 9.9892E-05
9.98561E-05 9.98561E-05 9.98561E-05 9.98561E-05 9.98561E-05 9.98561E-05 9.98561E-05 0.958082 9.98561E-05 9.98561E-05 9.98561E-05 0.0257465 9.98561E-05 9.98561E-05 0.00215017 9.98561E-05 0.0124233 9.98561E-05 9.98561E-05 9.98561E-05
9.98383E-05 9.98383E-05 9.98383E-05 9.98383E-05 9.98383E-05 9.98383E-05 9.98383E-05 0.988227 9.98383E-05 9.98383E-05 9.98383E-05 9.98383E-05 9.98383E-05 9.98383E-05 9.98383E-05 9.98383E-05 9.98383E-05 9.98383E-05 9.98383E-05 0.00997577
0.0648667 9.98832E-05 9.98832E-05 9.98832E-05 0.183725 9.98832E-05 9.98832E-05 0.172044 0.000646801 0.0124201 9.98832E-05 9.98832E-05 9.98832E-05 9.98832E-05 9.98832E-05 9.98832E-05 0.0117613 0.553237 9.98832E-05 9.98832E-05
9.98559E-05 9.98559E-05 0.0144207 9.98559E-05 9.98559E-05 9.98559E-05 9.98559E-05 0.460878 9.98559E-05 0.0158632 9.98559E-05 9.98559E-05 9.98559E-05 9.98559E-05 9.98559E-05 9.98559E-05 9.98559E-05 0.507241 9.98559E-05 9.98559E-05
9.98381E-05 9.98381E-05 9.98381E-05 9.98381E-05 9.98381E-05 0.0114731 9.98381E-05 9.98381E-05 9.98381E-05 9.98381E-05 9.98381E-05 9.98381E-05 9.98381E-05 9.98381E-05 9.98381E-05 9.98381E-05 0.98673 9.98381E-05 9.98381E-05 9.98381E-05
9.98381E-05 9.98381E-05 9.98381E-05 9.98381E-05 9.98381E-05 9.98381E-05 0.00929005 9.98381E-05 9.98381E-05 9.98381E-05 9.98381E-05 9.98381E-05 9.98381E-05 9.98381E-05 9.98381E-05 9.98381E-05 0.988913 9.98381E-05 9.98381E-05 9.98381E-05
9.98741E-05 9.98741E-05 9.98741E-05 9.98741E-05 9.98741E-05 0.0148732 9.98741E-05 0.064152 9.98741E-05 9.98741E-05 9.98741E-05 0.037256 9.98741E-05 9.98741E-05 0.00539158 9.98741E-05 9.98741E-05 0.867948 9.98741E-05 0.00898146
9.98471E-05 9.98471E-05 9.98471E-05 9.98471E-05 9.98471E-05 0.00427716 9.98471E-05 9.98471E-05 9.98471E-05 9.98471E-05 9.98471E-05 0.967288 9.98471E-05 9.98471E-05 9.98471E-05 9.98471E-05 9.98471E-05 0.0267369 9.98471E-05 9.98471E-05
9.98381E-05 9.98381E-05 9.98381E-05 9.98381E-05 9.98381E-05 0.0068998 9.98381E-05 9.98381E-05 9.98381E-05 9.98381E-05 9.98381E-05 0.991303 9.98381E-05 9.98381E-05 9.98381E-05 9.98381E-05 9.98381E-05 9.98381E-05 9.98381E-05 9.98381E-05
9.98384E-05 0.994177 9.98384E-05 9.98384E-05 9.98384E-05 9.98384E-05 9.98384E-05 9.98384E-05 9.98384E-05 9.98384E-05 9.98384E-05 9.98384E-05 9.98384E-05 9.98384E-05 9.98384E-05 0.00402605 9.98384E-05 9.98384E-05 9.98384E-05 9.98384E-05
9.98384E-05 0.990238 9.98384E-05 9.98384E-05 9.98384E-05 9.98384E-05 9.98384E-05 9.98384E-05 0.00796525 9.98384E-05 9.98384E-05 9.98384E-05 9.98384E-05 9.98384E-05 9.98384E-05 9.98384E-05 9.98384E-05 9.98384E-05 9.98384E-05 9.98384E-05
0.112956 9.98828E-05 9.98828E-05 0.686189 9.98828E-05 9.98828E-05 0.049412 9.98828E-05 9.98828E-05 9.98828E-05 9.98828E-05 0.0416693 0.0895201 9.98828E-05 9.98828E-05 9.98828E-05 9.98828E-05 9.98828E-05 0.00267939 0.0162756
0.119413 9.98739E-05 9.98739E-05 0.712177 9.98739E-05 9.98739E-05 0.0840738 9.98739E-05 9.98739E-05 9.98739E-05 9.98739E-05 0.00841305 0.0549793 9.98739E-05 9.98739E-05 9.98739E-05 9.98739E-05 9.98739E-05 9.98739E-05 0.0195453
9.98563E-05 0.965603 9.98563E-05 0.0123616 9.98563E-05 9.98563E-05 9.98563E-05 9.98563E-05 9.98563E-05 9.98563E-05 9.98563E-05 9.98563E-05 9.98563E-05 9.98563E-05 0.0127106 9.98563E-05 0.00772713 9.98563E-05 9.98563E-05 9.98563E-05
0.000680778 0.990405 9.98473E-05 9.98473E-05 9.98473E-05 9.98473E-05 9.98473E-05 9.98473E-05 9.98473E-05 9.98473E-05 9.98473E-05 9.98473E-05 9.98473E-05 9.98473E-05 9.98473E-05 9.98473E-05 9.98473E-05 9.98473E-05 9.98473E-05 0.00721691
9.98502E-05 9.98502E-05 9.98502E-05 9.98502E-05 9.98502E-05 0.0016215 0.0320922 9.98502E-05 9.98502E-05 0.00198751 9.98502E-05 0.0370639 9.98502E-05 9.98502E-05 9.98502E-05 0.925737 9.98502E-05 9.98502E-05 9.98502E-05 9.98502E-05
0.745602 9.9856E-05 9.9856E-05 9.9856E-05 9.9856E-05 9.9856E-05 0.111073 9.9856E-05 0.131128 9.9856E-05 0.010599 9.9856E-05 9.9856E-05 9.9856E-05 9.9856E-05 9.9856E-05 9.9856E-05 9.9856E-05 9.9856E-05 9.9856E-05
9.98561E-05 9.98561E-05 9.98561E-05 9.98561E-05 9.98561E-05 0.0366518 9.98561E-05 9.98561E-05 0.0309537 9.98561E-05 9.98561E-05 9.98561E-05 0.919333 0.0114638 9.98561E-05 9.98561E-05 9.98561E-05 9.98561E-05 9.98561E-05 9.98561E-05
9.98288E-05 9.98288E-05 9.98288E-05 9.98288E-05 9.98288E-05 9.98288E-05 9.98288E-05 9.98288E-05 9.98288E-05 9.98288E-05 9.98288E-05 9.98288E-05 9.98288E-05 0.998103 9.98288E-05 9.98288E-05 9.98288E-05 9.98288E-05 9.98288E-05 9.98288E-05
9.98292E-05 9.98292E-05 9.98292E-05 9.98292E-05 9.98292E-05 9.98292E-05 9.98292E-05 9.98292E-05 9.98292E-05 0.998103 9.98292E-05 9.98292E-05 9.98292E-05 9.98292E-05 9.98292E-05 9.98292E-05 9.98292E-05 9.98292E-05 9.98292E-05 9.98292E-05
9.98291E-05 9.98291E-05 9.98291E-05 9.98291E-05 0.998103 9.98291E-05 9.98291E-05 9.98291E-05 9.98291E-05 9.98291E-05 9.98291E-05 9.98291E-05 9.98291E-05 9.98291E-05 9.98291E-05 9.98291E-05 9.98291E-05 9.98291E-05 9.98291E-05 9.98291E-05
