0.989671 9.9982E-05 0.010129 9.9982E-05
0.381594 9.9991E-05 0.331978 0.286328
0.0637925 0.0765244 0.073784 0.785899
0.0223757 9.9982E-05 9.9982E-05 0.977424
0.241634 9.9991E-05 0.319599 0.438667
9.9982E-05 0.00336412 9.9982E-05 0.996436
0.525664 9.99911E-05 0.472113 0.0021226
0.091044 9.9991E-05 0.525341 0.383515
0.502299 9.99821E-05 0.497501 9.99821E-05
0.82737 9.9982E-05 0.17243 9.9982E-05
0.856783 9.9982E-05 0.143017 9.9982E-05
0.913456 9.9982E-05 9.9982E-05 0.0863441
0.938213 9.99821E-05 9.99821E-05 0.0615875
9.9982E-05 0.0219689 9.9982E-05 0.977831
0.00411558 0.00652833 9.9991E-05 0.989256
0.927594 9.9982E-05 0.0722062 9.9982E-05
0.795589 0.173236 9.9991E-05 0.0310747
0.167076 0.717059 0.115765 9.9991E-05
9.998E-05 0.9997 9.998E-05 9.998E-05
0.977181 9.9982E-05 0.0226195 9.9982E-05
9.998E-05 0.9997 9.998E-05 9.998E-05
0.974212 9.9991E-05 0.0217742 0.00391396
0.343998 0.544056 0.0815425 0.0304041
9.998E-05 0.9997 9.998E-05 9.998E-05
9.998E-05 9.998E-05 9.998E-05 0.9997
9.998E-05 9.998E-05 9.998E-05 0.9997
0.9997 9.998E-05 9.998E-05 9.998E-05
9.9982E-05 9.9982E-05 0.0876657 0.912134
9.9982E-05 9.9982E-05 0.104374 0.895426
9.9991E-05 0.0415529 0.253533 0.704814
9.9991E-05 0.0226116 0.396841 0.580447
0.263084 9.9991E-05 0.653003 0.0838126
9.998E-05 9.998E-05 9.998E-05 0.9997
9.9982E-05 9.9982E-05 0.928156 0.071644
0.911371 9.9982E-05 9.9982E-05 0.0884287
0.0122213 9.9982E-05 9.9982E-05 0.987579
0.912063 9.99821E-05 9.99821E-05 0.0877369
0.721082 0.027966 0.226925 0.0240278
0.645528 0.16446 9.9991E-05 0.189912
0.849341 9.9982E-05 9.9982E-05 0.150459
0.879657 0.000560825 0.0370202 0.0827616
0.939846 0.0154382 0.0446162 9.9991E-05
0.914331 9.9982E-05 0.0854686 9.9982E-05
0.91548 9.9982E-05 0.0843202 9.9982E-05
0.785043 0.159545 0.0553117 9.9991E-05
0.791971 0.0422363 0.0973022 0.0684906
0.813105 9.9991E-05 0.0344849 0.152311
0.987646 9.99822E-05 0.0121541 9.99822E-05
9.998E-05 9.998E-05 0.9997 9.998E-05
9.998E-05 9.998E-05 0.9997 9.998E-05
9.998E-05 9.998E-05 0.9997 9.998E-05
9.998E-05 9.998E-05 0.9997 9.998E-05
9.998E-05 9.998E-05 0.9997 9.998E-05
0.090531 0.00665022 0.655883 0.246936
9.998E-05 9.998E-05 0.9997 9.998E-05
0.9997 9.998E-05 9.998E-05 9.998E-05
0.301768 9.9991E-05 0.602699 0.0954339
9.998E-05 9.998E-05 9.998E-05 0.9997
0.9997 9.998E-05 9.998E-05 9.998E-05
0.893196 9.9991E-05 0.0152951 0.0914092
0.9997 9.998E-05 9.998E-05 9.998E-05
0.9997 9.998E-05 9.998E-05 9.998E-05
0.9997 9.998E-05 9.998E-05 9.998E-05
0.0738802 0.878111 0.0479085 9.9991E-05
9.998E-05 9.998E-05 9.998E-05 0.9997
0.407684 0.0873898 0.157276 0.34765
9.998E-05 9.998E-05 9.998E-05 0.9997
0.00702614 9.9991E-05 0.00347479 0.989399
0.0105529 9.9991E-05 0.0841017 0.905245
9.9982E-05 9.9982E-05 0.0839851 0.915815
0.0637802 9.9982E-05 9.9982E-05 0.93602
9.998E-05 9.998E-05 9.998E-05 0.9997
9.99821E-05 9.99821E-05 0.514984 0.484816
0.0442241 0.0119074 0.440424 0.503444
9.9982E-05 9.9982E-05 0.0121512 0.987649
0.802031 9.9991E-05 0.140543 0.0573267
0.789641 9.9991E-05 0.172143 0.0381165
0.605721 0.269195 9.9991E-05 0.124984
0.578798 0.270364 9.9991E-05 0.150738
0.88735 9.99819E-05 0.11245 9.99819E-05
0.874209 0.000628454 0.125063 9.9991E-05
0.581748 0.257739 0.013263 0.14725
0.600361 0.265419 9.9991E-05 0.13412
0.934097 9.9982E-05 0.0657027 9.9982E-05
0.861865 0.0616832 0.0763514 9.9991E-05
0.266076 9.9991E-05 0.716749 0.017075
0.720204 0.184647 9.9991E-05 0.0950491
0.829468 0.156095 9.9991E-05 0.0143369
9.9991E-05 0.06863 0.369407 0.561863
