9.9982E-05 0.933986 0.065814 9.9982E-05
9.999E-05 0.444907 0.0106278 0.544365
0.0191209 9.99911E-05 0.100605 0.880174
9.9982E-05 9.9982E-05 0.0242678 0.975532
9.999E-05 0.29095 0.00617402 0.702776
9.9982E-05 9.9982E-05 0.0121747 0.987625
9.99821E-05 0.705894 9.99821E-05 0.293906
9.999E-05 0.158353 0.0321721 0.809375
9.99821E-05 0.664313 9.99821E-05 0.335487
9.999E-05 0.819017 0.127495 0.0533877
9.9991E-05 0.835348 0.115131 0.0494204
9.999E-05 0.794886 0.189581 0.0154328
9.999E-05 0.894865 0.0565201 0.0485149
0.00190146 9.9991E-05 0.0386802 0.959318
0.00285606 9.9991E-05 0.0115562 0.985488
9.9991E-05 0.936315 0.0181698 0.0454152
0.0807622 0.541683 0.377455 9.9991E-05
0.741989 0.233984 9.9991E-05 0.0239266
0.929901 9.9982E-05 0.069899 9.9982E-05
9.99819E-05 0.853205 0.146595 9.99819E-05
0.9997 9.998E-05 9.998E-05 9.998E-05
9.9982E-05 0.917862 0.0819378 9.9982E-05
0.424703 0.0947353 0.44215 0.0384123
0.886774 9.9982E-05 0.113026 9.9982E-05
9.998E-05 9.998E-05 9.998E-05 0.9997
9.998E-05 9.998E-05 9.998E-05 0.9997
9.9982E-05 0.911456 0.0883442 9.9982E-05
9.998E-05 9.998E-05 9.998E-05 0.9997
9.998E-05 9.998E-05 9.998E-05 0.9997
0.0240094 9.9991E-05 0.0331373 0.942753
9.9982E-05 9.9982E-05 0.0982567 0.901543
0.00276257 0.396237 9.9991E-05 0.6009
9.998E-05 9.998E-05 9.998E-05 0.9997
9.99821E-05 0.189229 9.99821E-05 0.810571
9.9991E-05 0.687878 0.270701 0.0413213
9.9982E-05 9.9982E-05 0.0267323 0.973068
9.9991E-05 0.905066 0.0340898 0.0607438
0.0466696 0.77006 0.0121245 0.171145
0.0510755 0.39186 0.430072 0.126993
9.9991E-05 0.805172 0.0793404 0.115388
0.00926949 0.825049 0.0845875 0.0810938
0.00769068 0.865722 0.126487 9.9991E-05
9.9982E-05 0.982834 9.9982E-05 0.0169665
9.9991E-05 0.824528 0.174638 0.000733582
0.0977149 0.697326 0.204859 9.9991E-05
0.0302424 0.741978 0.134753 0.0930274
9.9991E-05 0.684687 0.16501 0.150203
0.0409186 0.958881 9.99822E-05 9.99822E-05
0.0406441 0.151464 9.9991E-05 0.807792
0.0446192 0.136333 9.9991E-05 0.818947
0.0512788 0.173798 9.9991E-05 0.774823
0.0728562 0.109042 9.9991E-05 0.818001
0.0359867 0.130799 9.9991E-05 0.833114
0.0624885 0.198839 9.9991E-05 0.738573
0.00632748 0.221526 9.9991E-05 0.772046
9.998E-05 0.9997 9.998E-05 9.998E-05
9.9982E-05 0.427454 9.9982E-05 0.572346
9.998E-05 9.998E-05 9.998E-05 0.9997
9.9991E-05 0.938903 0.0598907 0.00110653
9.9991E-05 0.881646 0.0301575 0.0880969
0.0111777 0.988622 9.99821E-05 9.99821E-05
9.9982E-05 0.958378 0.0414224 9.9982E-05
0.0180638 0.867942 0.113895 9.9991E-05
0.905336 0.0944638 9.9982E-05 9.9982E-05
9.998E-05 9.998E-05 9.998E-05 0.9997
0.163237 0.321409 0.0908297 0.424524
9.998E-05 9.998E-05 9.998E-05 0.9997
9.998E-05 9.998E-05 9.998E-05 0.9997
9.998E-05 9.998E-05 9.998E-05 0.9997
9.998E-05 9.998E-05 9.998E-05 0.9997
9.9991E-05 0.00700254 0.0325494 0.960348
9.9982E-05 9.9982E-05 0.00863049 0.99117
9.99821E-05 0.0849343 9.99821E-05 0.914866
0.0289973 0.148714 9.99911E-05 0.822189
9.9982E-05 9.9982E-05 0.0124753 0.987325
9.9991E-05 0.798257 0.0675632 0.13408
9.9991E-05 0.838238 0.0332621 0.1284
9.998E-05 9.998E-05 0.9997 9.998E-05
9.998E-05 9.998E-05 0.9997 9.998E-05
9.9991E-05 0.854657 0.0746319 0.0706112
0.00827954 0.921537 0.0506836 0.0195002
9.998E-05 9.998E-05 0.9997 9.998E-05
9.998E-05 9.998E-05 0.9997 9.998E-05
9.998E-05 0.9997 9.998E-05 9.998E-05
0.0521964 0.901165 9.9991E-05 0.0465389
9.9982E-05 0.444854 9.9982E-05 0.554946
0.118066 0.530348 0.308292 0.0432944
0.0933537 0.541394 0.365153 9.9991E-05
0.0546037 9.9991E-05 0.0598781 0.885418
