9.99189E-05 9.99189E-05 9.99189E-05 9.99189E-05 9.99189E-05 9.99189E-05 0.112646 0.886455 9.99189E-05 9.99189E-05 9.99189E-05
0.138532 9.99458E-05 0.696267 9.99458E-05 9.99458E-05 9.99458E-05 9.99458E-05 0.0815057 9.99458E-05 0.0578927 0.0252035
0.598864 9.99465E-05 9.99465E-05 0.29317 0.0355087 0.0295222 9.99465E-05 9.99465E-05 9.99465E-05 9.99465E-05 0.0423346
0.958799 0.00820822 9.99371E-05 9.99371E-05 9.99371E-05 9.99371E-05 0.00749431 9.99371E-05 9.99371E-05 9.99371E-05 0.0247994
0.326656 0.0121456 0.377942 0.0698886 9.99641E-05 9.99641E-05 0.109766 0.00165297 9.99641E-05 0.101549 9.99641E-05
0.952232 9.99191E-05 9.99191E-05 9.99191E-05 9.99191E-05 9.99191E-05 9.99191E-05 9.99191E-05 9.99191E-05 0.046869 9.99191E-05
9.99282E-05 9.99282E-05 0.678959 9.99282E-05 9.99282E-05 0.313743 9.99282E-05 9.99282E-05 0.00649888 9.99282E-05 9.99282E-05
0.0760999 0.0205461 0.166052 0.635949 9.99549E-05 9.99549E-05 0.0806917 9.99549E-05 9.99549E-05 9.99549E-05 0.0201607
9.99281E-05 9.99281E-05 0.702644 9.99281E-05 9.99281E-05 0.207076 9.99281E-05 9.99281E-05 0.0894806 9.99281E-05 9.99281E-05
9.99192E-05 9.99192E-05 0.0136954 9.99192E-05 9.99192E-05 9.99192E-05 0.985405 9.99192E-05 9.99192E-05 9.99192E-05 9.99192E-05
9.99102E-05 9.99102E-05 9.99102E-05 9.99102E-05 9.99102E-05 9.99102E-05 0.999001 9.99102E-05 9.99102E-05 9.99102E-05 9.99102E-05
0.0526843 9.9937E-05 9.9937E-05 9.9937E-05 9.9937E-05 0.144084 9.9937E-05 0.684765 9.9937E-05 9.9937E-05 0.117767
0.0208527 9.99192E-05 9.99192E-05 9.99192E-05 9.99192E-05 0.978248 9.99192E-05 9.99192E-05 9.99192E-05 9.99192E-05 9.99192E-05
0.929489 9.9937E-05 9.9937E-05 9.9937E-05 0.0254483 9.9937E-05 9.9937E-05 0.0193654 9.9937E-05 0.0249979 9.9937E-05
0.92306 9.99281E-05 9.99281E-05 9.99281E-05 0.000316462 9.99281E-05 9.99281E-05 0.0758237 9.99281E-05 9.99281E-05 9.99281E-05
9.9937E-05 9.9937E-05 9.9937E-05 9.9937E-05 9.9937E-05 0.121514 0.0315394 9.9937E-05 0.804511 0.0417358 9.9937E-05
9.99188E-05 9.99188E-05 9.99188E-05 9.99188E-05 9.99188E-05 9.99188E-05 0.0832518 9.99188E-05 9.99188E-05 0.915849 9.99188E-05
9.99549E-05 0.0401793 0.037426 9.99549E-05 0.697226 9.99549E-05 0.087404 0.0670197 0.0702448 9.99549E-05 9.99549E-05
9.9919E-05 9.9919E-05 9.9919E-05 9.9919E-05 0.922912 9.9919E-05 9.9919E-05 9.9919E-05 9.9919E-05 9.9919E-05 0.0761889
9.99459E-05 9.99459E-05 9.99459E-05 9.99459E-05 9.99459E-05 9.99459E-05 0.471348 0.0840199 0.317 0.0851634 0.0418693
9.99101E-05 9.99101E-05 9.99101E-05 9.99101E-05 0.999001 9.99101E-05 9.99101E-05 9.99101E-05 9.99101E-05 9.99101E-05 9.99101E-05
9.99369E-05 9.99369E-05 9.99369E-05 9.99369E-05 9.99369E-05 9.99369E-05 0.0989112 0.536502 0.295479 0.0684074 9.99369E-05
9.99461E-05 9.99461E-05 9.99461E-05 0.0122494 0.334674 9.99461E-05 0.182586 9.99461E-05 9.99461E-05 0.34091 0.128981
9.99279E-05 9.99279E-05 9.99279E-05 9.99279E-05 0.916291 9.99279E-05 9.99279E-05 9.99279E-05 9.99279E-05 0.0691581 0.013752
0.974702 0.0243988 9.99192E-05 9.99192E-05 9.99192E-05 9.99192E-05 9.99192E-05 9.99192E-05 9.99192E-05 9.99192E-05 9.99192E-05
0.999001 9.99102E-05 9.99102E-05 9.99102E-05 9.99102E-05 9.99102E-05 9.99102E-05 9.99102E-05 9.99102E-05 9.99102E-05 9.99102E-05
9.99458E-05 9.99458E-05 9.99458E-05 9.99458E-05 9.99458E-05 0.75751 0.0579184 0.108077 9.99458E-05 0.0320881 0.0438061
0.920021 0.0409414 0.0150072 9.9937E-05 9.9937E-05 0.023331 9.9937E-05 9.9937E-05 9.9937E-05 9.9937E-05 9.9937E-05
0.906459 0.0598487 9.99281E-05 9.99281E-05 9.99281E-05 9.99281E-05 9.99281E-05 9.99281E-05 0.0328934 9.99281E-05 9.99281E-05
0.552443 0.189786 9.99551E-05 0.212332 0.0176422 0.0196063 9.99551E-05 9.99551E-05 9.99551E-05 0.00769052 9.99551E-05
0.322901 0.0624087 9.99369E-05 0.563677 9.99369E-05 9.99369E-05 9.99369E-05 9.99369E-05 9.99369E-05 0.0503144 9.99369E-05
9.99282E-05 0.000173052 0.989083 9.99282E-05 9.99282E-05 9.99282E-05 9.99282E-05 9.99282E-05 9.99282E-05 9.99282E-05 0.00994416
0.848649 9.99281E-05 9.99281E-05 0.144334 9.99281E-05 9.99281E-05 9.99281E-05 9.99281E-05 0.00621768 9.99281E-05 9.99281E-05
9.99371E-05 0.708583 0.0182841 0.256221 9.99371E-05 9.99371E-05 9.99371E-05 0.0162122 9.99371E-05 9.99371E-05 9.99371E-05
9.99548E-05 9.99548E-05 9.99548E-05 0.0599159 9.99548E-05 0.455845 0.0172607 0.0485494 9.99548E-05 0.32724 0.0906891
0.932952 9.99549E-05 0.00503354 0.0319146 9.99549E-05 9.99549E-05 9.99549E-05 9.99549E-05 0.00942783 0.017196 0.00297651
9.9928E-05 9.9928E-05 9.9928E-05 0.0120899 9.9928E-05 9.9928E-05 9.9928E-05 0.978387 9.9928E-05 0.00872378 9.9928E-05
0.015828 9.99639E-05 0.114628 0.0444433 0.0117122 9.99639E-05 0.65539 0.123802 9.99639E-05 0.0337969 9.99639E-05
9.99188E-05 9.99188E-05 9.99188E-05 0.0104652 9.99188E-05 9.99188E-05 9.99188E-05 9.99188E-05 9.99188E-05 0.988636 9.99188E-05
0.066616 9.99459E-05 9.99459E-05 9.99459E-05 9.99459E-05 9.99459E-05 0.211449 0.292351 0.274008 0.154976 9.99459E-05
0.0257364 9.99639E-05 0.0398255 9.99639E-05 9.99639E-05 9.99639E-05 0.252267 0.32848 0.213721 0.130397 0.00917337
9.99279E-05 9.99279E-05 9.99279E-05 9.99279E-05 9.99279E-05 9.99279E-05 0.901726 0.0827656 9.99279E-05 0.0147085 9.99279E-05
9.9955E-05 9.9955E-05 0.00819627 9.9955E-05 0.0113873 0.0753333 0.0265212 0.0435683 0.834494 9.9955E-05 9.9955E-05
9.9955E-05 0.00338787 9.9955E-05 9.9955E-05 9.9955E-05 0.0137087 0.902161 0.0270404 0.0292508 0.0239513 9.9955E-05
9.9973E-05 9.9973E-05 0.0153646 9.9973E-05 0.12807 0.137471 0.406939 0.093923 0.111611 0.0204673 0.0858549
0.0838749 9.9964E-05 0.00303367 9.9964E-05 0.0422291 9.9964E-05 0.474312 0.161258 0.216642 0.0182496 9.9964E-05
0.0368974 0.0817892 9.9955E-05 9.9955E-05 9.9955E-05 0.0983832 0.234462 0.227062 9.9955E-05 0.320907 9.9955E-05
9.99105E-05 9.99105E-05 9.99105E-05 9.99105E-05 9.99105E-05 9.99105E-05 9.99105E-05 0.999001 9.99105E-05 9.99105E-05 9.99105E-05
9.99101E-05 0.999001 9.99101E-05 9.99101E-05 9.99101E-05 9.99101E-05 9.99101E-05 9.99101E-05 9.99101E-05 9.99101E-05 9.99101E-05
9.9919E-05 0.99789 9.9919E-05 9.9919E-05 0.00121116 9.9919E-05 9.9919E-05 9.9919E-05 9.9919E-05 9.9919E-05 9.9919E-05
9.99191E-05 0.9807 9.99191E-05 9.99191E-05 9.99191E-05 9.99191E-05 0.0184009 9.99191E-05 9.99191E-05 9.99191E-05 9.99191E-05
0.00847551 0.980547 0.0101776 9.99281E-05 9.99281E-05 9.99281E-05 9.99281E-05 9.99281E-05 9.99281E-05 9.99281E-05 9.99281E-05
9.99101E-05 0.999001 9.99101E-05 9.99101E-05 9.99101E-05 9.99101E-05 9.99101E-05 9.99101E-05 9.99101E-05 9.99101E-05 9.99101E-05
0.04297 0.352488 0.107554 0.353098 0.0107055 0.0035984 0.0198829 0.00862612 0.0951822 0.00579501 9.9991E-05
9.9937E-05 0.92767 0.0256683 9.9937E-05 9.9937E-05 9.9937E-05 9.9937E-05 0.0228375 0.0231247 9.9937E-05 9.9937E-05
9.99279E-05 9.99279E-05 9.99279E-05 9.99279E-05 9.99279E-05 0.0252452 9.99279E-05 0.750623 0.223332 9.99279E-05 9.99279E-05
9.99278E-05 0.0798966 0.914872 9.99278E-05 9.99278E-05 9.99278E-05 9.99278E-05 9.99278E-05 9.99278E-05 9.99278E-05 0.00443183
0.960091 9.99189E-05 9.99189E-05 9.99189E-05 9.99189E-05 9.99189E-05 9.99189E-05 9.99189E-05 9.99189E-05 0.0390093 9.99189E-05
9.99459E-05 0.0273356 9.99459E-05 9.99459E-05 9.99459E-05 0.767979 9.99459E-05 0.0625118 0.0930417 9.99459E-05 0.0485318
9.99193E-05 9.99193E-05 9.99193E-05 9.99193E-05 9.99193E-05 0.0307881 9.99193E-05 9.99193E-05 0.968313 9.99193E-05 9.99193E-05
9.99103E-05 9.99103E-05 9.99103E-05 9.99103E-05 9.99103E-05 0.999001 9.99103E-05 9.99103E-05 9.99103E-05 9.99103E-05 9.99103E-05
0.020857 9.99279E-05 9.99279E-05 9.99279E-05 9.99279E-05 0.880946 0.0973978 9.99279E-05 9.99279E-05 9.99279E-05 9.99279E-05
9.99369E-05 9.99369E-05 9.99369E-05 9.99369E-05 9.99369E-05 0.821167 0.103715 9.99369E-05 9.99369E-05 0.0233137 0.0511046
9.99282E-05 9.99282E-05 9.99282E-05 0.0125613 0.874583 9.99282E-05 9.99282E-05 0.112056 9.99282E-05 9.99282E-05 9.99282E-05
0.996832 9.99193E-05 9.99193E-05 9.99193E-05 9.99193E-05 9.99193E-05 9.99193E-05 9.99193E-05 0.00226843 9.99193E-05 9.99193E-05
0.0327096 0.0861824 9.9982E-05 0.257605 0.0126809 0.188527 0.0735284 0.178098 0.0774143 9.9982E-05 0.0930541
0.907987 9.99283E-05 9.99283E-05 0.0782178 9.99283E-05 9.99283E-05 9.99283E-05 9.99283E-05 0.0129953 9.99283E-05 9.99283E-05
0.896641 0.0166719 9.9946E-05 0.0256758 9.9946E-05 9.9946E-05 9.9946E-05 0.0285539 9.9946E-05 0.0318575 9.9946E-05
0.893996 0.0194222 9.9937E-05 0.041062 9.9937E-05 9.9937E-05 9.9937E-05 9.9937E-05 0.0448204 9.9937E-05 9.9937E-05
0.904923 0.00503846 0.00212513 0.0505884 9.99461E-05 9.99461E-05 9.99461E-05 9.99461E-05 0.0367257 9.99461E-05 9.99461E-05
0.859597 9.99372E-05 9.99372E-05 0.0885956 9.99372E-05 9.99372E-05 0.0454236 0.00568419 9.99372E-05 9.99372E-05 9.99372E-05
0.94944 0.00195393 9.99369E-05 0.0146275 9.99369E-05 9.99369E-05 9.99369E-05 9.99369E-05 9.99369E-05 0.033279 9.99369E-05
9.99101E-05 9.99101E-05 9.99101E-05 0.999001 9.99101E-05 9.99101E-05 9.99101E-05 9.99101E-05 9.99101E-05 9.99101E-05 9.99101E-05
9.9919E-05 9.9919E-05 9.9919E-05 0.952334 9.9919E-05 0.0467672 9.9919E-05 9.9919E-05 9.9919E-05 9.9919E-05 9.9919E-05
0.960518 9.99281E-05 9.99281E-05 9.99281E-05 9.99281E-05 9.99281E-05 9.99281E-05 9.99281E-05 0.032731 9.99281E-05 0.00595153
9.99279E-05 0.00463836 9.99279E-05 0.0298217 9.99279E-05 9.99279E-05 9.99279E-05 9.99279E-05 0.964741 9.99279E-05 9.99279E-05
9.9919E-05 0.00930918 9.9919E-05 9.9919E-05 9.9919E-05 9.9919E-05 9.9919E-05 9.9919E-05 0.989792 9.9919E-05 9.9919E-05
9.99191E-05 9.99191E-05 9.99191E-05 9.99191E-05 9.99191E-05 9.99191E-05 9.99191E-05 0.00519969 9.99191E-05 9.99191E-05 0.993901
9.99101E-05 9.99101E-05 9.99101E-05 9.99101E-05 9.99101E-05 9.99101E-05 9.99101E-05 9.99101E-05 9.99101E-05 9.99101E-05 0.999001
9.99459E-05 9.99459E-05 0.028416 9.99459E-05 9.99459E-05 0.0283615 0.842208 0.0328949 0.0675197 9.99459E-05 9.99459E-05
9.99549E-05 0.0200099 0.00212076 9.99549E-05 9.99549E-05 0.0712065 0.787711 0.0409438 0.0775085 9.99549E-05 9.99549E-05
9.99281E-05 9.99281E-05 9.99281E-05 0.00998142 9.99281E-05 9.99281E-05 0.0161304 9.99281E-05 9.99281E-05 9.99281E-05 0.973089
9.99101E-05 9.99101E-05 9.99101E-05 9.99101E-05 9.99101E-05 9.99101E-05 9.99101E-05 9.99101E-05 9.99101E-05 9.99101E-05 0.999001
9.993E-05 0.0201835 9.993E-05 9.993E-05 9.993E-05 0.0334712 9.993E-05 0.917029 0.0286172 9.993E-05 9.993E-05
9.9964E-05 9.9964E-05 0.0821007 9.9964E-05 0.069532 0.167436 0.161948 0.0694187 0.445558 0.00360673 9.9964E-05
9.99189E-05 0.0761206 0.92298 9.99189E-05 9.99189E-05 9.99189E-05 9.99189E-05 9.99189E-05 9.99189E-05 9.99189E-05 9.99189E-05
0.00523375 0.00580613 9.99641E-05 9.99641E-05 0.0663378 0.204022 0.181349 9.99641E-05 9.99641E-05 0.50481 0.0320414
9.99461E-05 9.99461E-05 9.99461E-05 9.99461E-05 0.0239098 0.219698 9.99461E-05 0.101017 9.99461E-05 0.588308 0.0664674
0.267905 0.0303687 9.99461E-05 0.656459 0.0157343 9.99461E-05 9.99461E-05 9.99461E-05 9.99461E-05 9.99461E-05 0.028934
