0.0389848 9.99279E-05 9.99279E-05 9.99279E-05 9.99279E-05 9.99279E-05 9.99279E-05 0.93368 9.99279E-05 9.99279E-05 0.0265353
9.99459E-05 9.99459E-05 0.0197895 9.99459E-05 0.0857355 9.99459E-05 0.0867787 0.0202397 0.786857 9.99459E-05 9.99459E-05
0.0451279 0.0221044 9.99644E-05 0.0196334 9.99644E-05 0.104455 0.785138 9.99644E-05 0.0111148 0.0120265 9.99644E-05
0.0312549 9.9937E-05 9.9937E-05 9.9937E-05 9.9937E-05 9.9937E-05 0.9478 9.9937E-05 9.9937E-05 0.00511204 0.0151339
9.9955E-05 0.262871 9.9955E-05 9.9955E-05 0.095222 9.9955E-05 0.405731 9.9955E-05 0.13917 0.0425718 0.0539337
0.00364583 9.99279E-05 9.99279E-05 9.99279E-05 0.0664002 9.99279E-05 0.929155 9.99279E-05 9.99279E-05 9.99279E-05 9.99279E-05
9.99101E-05 0.999001 9.99101E-05 9.99101E-05 9.99101E-05 9.99101E-05 9.99101E-05 9.99101E-05 9.99101E-05 9.99101E-05 9.99101E-05
0.0142 0.139813 9.9955E-05 9.9955E-05 9.9955E-05 9.9955E-05 0.381726 9.9955E-05 0.129024 0.239756 0.094982
9.99278E-05 0.944843 0.0291456 9.99278E-05 9.99278E-05 9.99278E-05 9.99278E-05 9.99278E-05 0.0252117 9.99278E-05 9.99278E-05
9.9919E-05 0.128352 9.9919E-05 9.9919E-05 9.9919E-05 9.9919E-05 9.9919E-05 9.9919E-05 9.9919E-05 9.9919E-05 0.870749
9.9919E-05 0.145426 9.9919E-05 9.9919E-05 9.9919E-05 9.9919E-05 9.9919E-05 9.9919E-05 9.9919E-05 9.9919E-05 0.853675
0.137112 9.9946E-05 0.0489347 9.9946E-05 9.9946E-05 0.175095 0.0216511 0.616607 9.9946E-05 9.9946E-05 9.9946E-05
9.99192E-05 0.0257626 9.99192E-05 9.99192E-05 9.99192E-05 0.973338 9.99192E-05 9.99192E-05 9.99192E-05 9.99192E-05 9.99192E-05
9.9937E-05 9.9937E-05 9.9937E-05 0.0059921 0.0109208 9.9937E-05 0.951021 0.0313661 9.9937E-05 9.9937E-05 9.9937E-05
9.9937E-05 9.9937E-05 9.9937E-05 0.00818424 9.9937E-05 9.9937E-05 0.926317 0.0456911 9.9937E-05 9.9937E-05 0.0191077
9.9928E-05 9.9928E-05 0.743793 9.9928E-05 0.0533118 0.202096 9.9928E-05 9.9928E-05 9.9928E-05 9.9928E-05 9.9928E-05
9.99188E-05 9.99188E-05 9.99188E-05 9.99188E-05 0.920192 9.99188E-05 9.99188E-05 9.99188E-05 9.99188E-05 9.99188E-05 0.0789088
9.99459E-05 9.99459E-05 0.0776111 0.689882 9.99459E-05 9.99459E-05 9.99459E-05 0.055184 0.0730537 9.99459E-05 0.10367
0.0839072 9.9919E-05 9.9919E-05 0.915194 9.9919E-05 9.9919E-05 9.9919E-05 9.9919E-05 9.9919E-05 9.9919E-05 9.9919E-05
0.0307633 9.99459E-05 0.283402 9.99459E-05 0.112835 9.99459E-05 9.99459E-05 0.0953631 9.99459E-05 9.99459E-05 0.477036
9.99191E-05 0.00123652 9.99191E-05 0.997864 9.99191E-05 9.99191E-05 9.99191E-05 9.99191E-05 9.99191E-05 9.99191E-05 9.99191E-05
9.9946E-05 9.9946E-05 0.298821 9.9946E-05 0.0429432 0.059183 9.9946E-05 0.522576 9.9946E-05 9.9946E-05 0.0758773
0.13601 9.9937E-05 9.9937E-05 0.366786 0.334978 9.9937E-05 9.9937E-05 9.9937E-05 9.9937E-05 9.9937E-05 0.161526
0.0283833 9.9937E-05 9.9937E-05 0.901345 0.0667661 9.9937E-05 9.9937E-05 9.9937E-05 9.9937E-05 9.9937E-05 0.00280646
9.99191E-05 9.99191E-05 9.99191E-05 9.99191E-05 9.99191E-05 9.99191E-05 0.99756 9.99191E-05 9.99191E-05 0.00154114 9.99191E-05
9.99101E-05 9.99101E-05 9.99101E-05 9.99101E-05 9.99101E-05 9.99101E-05 0.999001 9.99101E-05 9.99101E-05 9.99101E-05 9.99101E-05
0.0527597 9.99369E-05 9.99369E-05 9.99369E-05 9.99369E-05 0.822472 9.99369E-05 0.0471008 9.99369E-05 9.99369E-05 0.0769682
9.9946E-05 0.0173181 0.0124777 9.9946E-05 9.9946E-05 0.00786957 0.908801 9.9946E-05 9.9946E-05 0.0529342 9.9946E-05
9.9928E-05 9.9928E-05 0.0512636 9.9928E-05 9.9928E-05 9.9928E-05 0.916278 9.9928E-05 9.9928E-05 0.0316589 9.9928E-05
0.0377157 0.0105442 9.99641E-05 0.0191191 9.99641E-05 0.0296351 0.623124 9.99641E-05 0.0308628 0.248599 9.99641E-05
0.0336314 0.0904414 9.9946E-05 9.9946E-05 0.0393695 9.9946E-05 0.621973 9.9946E-05 9.9946E-05 0.213985 9.9946E-05
9.99102E-05 9.99102E-05 9.99102E-05 9.99102E-05 9.99102E-05 9.99102E-05 9.99102E-05 9.99102E-05 0.999001 9.99102E-05 9.99102E-05
9.99282E-05 9.99282E-05 0.00277984 9.99282E-05 0.0269371 9.99282E-05 0.969484 9.99282E-05 9.99282E-05 9.99282E-05 9.99282E-05
9.99372E-05 0.0506779 9.99372E-05 9.99372E-05 9.99372E-05 9.99372E-05 0.0930337 9.99372E-05 9.99372E-05 0.819983 0.0356054
0.0802356 9.99548E-05 9.99548E-05 9.99548E-05 0.296923 0.5226 9.99548E-05 0.0316511 9.99548E-05 0.0246223 0.0434679
9.99369E-05 0.000482914 0.00355185 9.99369E-05 0.0345481 9.99369E-05 0.960718 9.99369E-05 9.99369E-05 9.99369E-05 9.99369E-05
9.9928E-05 9.9928E-05 9.9928E-05 9.9928E-05 0.0349708 9.9928E-05 0.0253819 0.938848 9.9928E-05 9.9928E-05 9.9928E-05
9.99549E-05 9.99549E-05 9.99549E-05 0.0124938 0.0316745 9.99549E-05 0.0412291 0.0411977 0.219207 9.99549E-05 0.653698
9.99188E-05 9.99188E-05 9.99188E-05 9.99188E-05 0.996292 9.99188E-05 0.00280905 9.99188E-05 9.99188E-05 9.99188E-05 9.99188E-05
9.99549E-05 9.99549E-05 0.338547 9.99549E-05 0.127002 9.99549E-05 0.0697892 0.222472 0.00277295 9.99549E-05 0.238917
9.99549E-05 9.99549E-05 0.317586 9.99549E-05 0.0821971 9.99549E-05 0.0207452 0.243904 0.0644936 9.99549E-05 0.270574
9.9928E-05 9.9928E-05 0.0325513 9.9928E-05 9.9928E-05 9.9928E-05 9.9928E-05 0.0200462 9.9928E-05 9.9928E-05 0.946603
9.9946E-05 0.0547237 0.875154 0.00918304 9.9946E-05 0.0490673 9.9946E-05 9.9946E-05 9.9946E-05 9.9946E-05 0.0112726
9.9946E-05 9.9946E-05 9.9946E-05 9.9946E-05 0.0312924 0.0172015 9.9946E-05 0.0294403 9.9946E-05 0.0135574 0.907909
0.122348 9.9973E-05 0.124013 0.0973733 0.00480472 0.160781 9.9973E-05 0.0265292 0.0442399 9.9973E-05 0.419611
0.00305114 9.9973E-05 0.14894 0.0468186 9.9973E-05 0.0364956 0.0634573 0.115624 0.025547 9.9973E-05 0.559766
0.0278044 0.0335061 9.9973E-05 9.9973E-05 0.255296 0.153675 0.0471793 0.212602 9.9973E-05 0.0569857 0.212651
9.99195E-05 9.99195E-05 9.99195E-05 0.00270091 9.99195E-05 9.99195E-05 9.99195E-05 0.9964 9.99195E-05 9.99195E-05 9.99195E-05
9.99101E-05 9.99101E-05 9.99101E-05 9.99101E-05 9.99101E-05 9.99101E-05 9.99101E-05 9.99101E-05 9.99101E-05 0.999001 9.99101E-05
9.99101E-05 9.99101E-05 9.99101E-05 9.99101E-05 9.99101E-05 9.99101E-05 9.99101E-05 9.99101E-05 9.99101E-05 0.999001 9.99101E-05
9.99191E-05 9.99191E-05 0.0106603 9.99191E-05 9.99191E-05 9.99191E-05 9.99191E-05 9.99191E-05 9.99191E-05 0.98844 9.99191E-05
9.99101E-05 9.99101E-05 9.99101E-05 9.99101E-05 9.99101E-05 9.99101E-05 9.99101E-05 9.99101E-05 9.99101E-05 0.999001 9.99101E-05
9.99101E-05 9.99101E-05 9.99101E-05 9.99101E-05 9.99101E-05 9.99101E-05 9.99101E-05 9.99101E-05 9.99101E-05 0.999001 9.99101E-05
9.99641E-05 0.146607 9.99641E-05 0.0510544 9.99641E-05 0.0189962 0.20718 9.99641E-05 0.106962 0.457247 0.0115542
9.9928E-05 9.9928E-05 0.00277977 9.9928E-05 9.9928E-05 9.9928E-05 9.9928E-05 9.9928E-05 0.0656461 0.930775 9.9928E-05
9.99201E-05 9.99201E-05 0.14808 9.99201E-05 9.99201E-05 0.0208479 9.99201E-05 0.830273 9.99201E-05 9.99201E-05 9.99201E-05
9.9937E-05 0.0244402 9.9937E-05 9.9937E-05 9.9937E-05 0.00423609 9.9937E-05 9.9937E-05 0.937998 0.0326266 9.9937E-05
9.99189E-05 9.99189E-05 9.99189E-05 9.99189E-05 9.99189E-05 9.99189E-05 0.995999 0.00310197 9.99189E-05 9.99189E-05 9.99189E-05
0.0642272 9.9937E-05 0.103005 9.9937E-05 9.9937E-05 0.795227 9.9937E-05 0.0368418 9.9937E-05 9.9937E-05 9.9937E-05
9.99192E-05 9.99192E-05 0.92232 9.99192E-05 9.99192E-05 0.0767808 9.99192E-05 9.99192E-05 9.99192E-05 9.99192E-05 9.99192E-05
9.99193E-05 0.0257402 9.99193E-05 9.99193E-05 9.99193E-05 0.973361 9.99193E-05 9.99193E-05 9.99193E-05 9.99193E-05 9.99193E-05
9.99279E-05 9.99279E-05 9.99279E-05 9.99279E-05 9.99279E-05 0.872984 9.99279E-05 0.011536 9.99279E-05 9.99279E-05 0.114681
0.0954228 9.99279E-05 9.99279E-05 9.99279E-05 9.99279E-05 0.830451 9.99279E-05 9.99279E-05 9.99279E-05 9.99279E-05 0.0733269
9.99282E-05 9.99282E-05 9.99282E-05 0.911381 9.99282E-05 9.99282E-05 9.99282E-05 0.064697 9.99282E-05 0.0231223 9.99282E-05
9.99194E-05 9.99194E-05 0.0168802 9.99194E-05 9.99194E-05 9.99194E-05 0.98222 9.99194E-05 9.99194E-05 9.99194E-05 9.99194E-05
0.0921171 0.0855935 0.0456999 0.044969 9.9991E-05 0.257448 0.206413 0.130043 0.0160585 0.0769217 0.0446361
9.99283E-05 9.99283E-05 0.00749036 9.99283E-05 9.99283E-05 0.0176511 0.974059 9.99283E-05 9.99283E-05 9.99283E-05 9.99283E-05
9.9946E-05 0.00194737 9.9946E-05 9.9946E-05 0.0350822 9.9946E-05 0.920719 0.0303659 9.9946E-05 0.0112856 9.9946E-05
9.994E-05 0.0129184 0.0435249 9.994E-05 9.994E-05 9.994E-05 0.907694 9.994E-05 0.00391067 0.0313523 9.994E-05
9.9946E-05 9.9946E-05 0.0680831 0.00723293 9.9946E-05 9.9946E-05 0.882562 9.9946E-05 0.0393913 0.00213128 9.9946E-05
0.0148342 0.0742978 9.99551E-05 9.99551E-05 0.0300487 9.99551E-05 0.841979 0.00722918 9.99551E-05 9.99551E-05 0.0311117
9.99189E-05 9.99189E-05 9.99189E-05 9.99189E-05 0.0496721 9.99189E-05 0.949429 9.99189E-05 9.99189E-05 9.99189E-05 9.99189E-05
9.99373E-05 0.191455 9.99373E-05 9.99373E-05 0.0434424 9.99373E-05 0.498033 9.99373E-05 9.99373E-05 0.26637 9.99373E-05
9.99283E-05 0.383923 9.99283E-05 9.99283E-05 9.99283E-05 9.99283E-05 0.465349 9.99283E-05 9.99283E-05 0.149928 9.99283E-05
0.00568245 9.9955E-05 0.0211306 9.9955E-05 9.9955E-05 9.9955E-05 0.934434 0.0045588 9.9955E-05 0.0138232 0.0198715
9.99237E-05 9.99237E-05 0.974629 9.99237E-05 9.99237E-05 9.99237E-05 9.99237E-05 9.99237E-05 9.99237E-05 0.0244715 9.99237E-05
9.99189E-05 9.99189E-05 0.972532 9.99189E-05 9.99189E-05 9.99189E-05 9.99189E-05 9.99189E-05 9.99189E-05 0.0265686 9.99189E-05
0.999001 9.99101E-05 9.99101E-05 9.99101E-05 9.99101E-05 9.99101E-05 9.99101E-05 9.99101E-05 9.99101E-05 9.99101E-05 9.99101E-05
0.999001 9.99101E-05 9.99101E-05 9.99101E-05 9.99101E-05 9.99101E-05 9.99101E-05 9.99101E-05 9.99101E-05 9.99101E-05 9.99101E-05
9.9946E-05 9.9946E-05 0.112771 9.9946E-05 9.9946E-05 0.0116407 9.9946E-05 9.9946E-05 0.0521333 0.00221838 0.820637
9.99369E-05 9.99369E-05 0.118821 9.99369E-05 9.99369E-05 0.0567075 9.99369E-05 9.99369E-05 0.0345662 9.99369E-05 0.789206
0.963451 0.0221889 0.00917421 9.99371E-05 0.00448638 9.99371E-05 9.99371E-05 9.99371E-05 9.99371E-05 9.99371E-05 9.99371E-05
0.999001 9.99101E-05 9.99101E-05 9.99101E-05 9.99101E-05 9.99101E-05 9.99101E-05 9.99101E-05 9.99101E-05 9.99101E-05 9.99101E-05
9.99369E-05 9.99369E-05 0.0229255 9.99369E-05 9.99369E-05 0.0114316 9.99369E-05 0.963666 9.99369E-05 0.00127712 9.99369E-05
9.99549E-05 0.119612 0.463764 0.0656095 9.99549E-05 0.133464 9.99549E-05 0.0612074 9.99549E-05 9.99549E-05 0.155844
9.9928E-05 0.0674747 9.9928E-05 9.9928E-05 9.9928E-05 9.9928E-05 9.9928E-05 9.9928E-05 0.885155 0.0465711 9.9928E-05
0.0437534 9.99462E-05 9.99462E-05 0.050548 0.486535 0.213723 9.99462E-05 9.99462E-05 9.99462E-05 9.99462E-05 0.20484
0.0736318 9.99372E-05 9.99372E-05 9.99372E-05 0.60388 0.220316 9.99372E-05 0.101473 9.99372E-05 9.99372E-05 9.99372E-05
0.0360544 0.138955 9.99552E-05 0.0335771 9.99552E-05 9.99552E-05 0.579055 9.99552E-05 0.0183418 0.193517 9.99552E-05
