9.9973E-05 0.00896904 9.9973E-05 9.9973E-05 0.990731
0.0862534 0.0035491 0.533088 9.9991E-05 0.377009
9.99822E-05 0.103876 0.856965 0.0389594 9.99822E-05
9.9973E-05 0.0386196 0.961081 9.9973E-05 9.9973E-05
0.167817 0.00615453 0.669276 9.9991E-05 0.156653
9.9973E-05 0.0168637 0.982836 9.9973E-05 9.9973E-05
0.756807 9.99731E-05 0.242893 9.99731E-05 9.99731E-05
0.195158 0.0168013 0.787841 9.9982E-05 9.9982E-05
0.707282 9.99731E-05 0.292418 9.99731E-05 9.99731E-05
0.847975 0.113477 0.0193167 9.9991E-05 0.0191305
0.871366 0.126107 9.9982E-05 9.9982E-05 0.00232733
0.109237 0.136223 0.01523 9.9991E-05 0.73921
0.99905 9.99732E-05 0.000650162 9.99732E-05 9.99732E-05
9.999E-05 0.0233389 0.935328 0.0010902 0.0401429
9.9973E-05 9.9973E-05 0.948542 9.9973E-05 0.0511576
0.750494 0.0481954 0.0379608 9.9991E-05 0.16325
0.411746 0.393868 9.9991E-05 0.078944 0.115342
0.0662615 9.9991E-05 0.0437482 0.748034 0.141856
9.9973E-05 0.0996895 9.9973E-05 0.900011 9.9973E-05
0.532032 0.169782 9.99819E-05 9.99819E-05 0.297986
9.997E-05 9.997E-05 9.997E-05 0.9996 9.997E-05
0.290097 0.0415248 9.9982E-05 9.9982E-05 0.668178
0.139949 0.412443 0.0343724 0.413135 9.9991E-05
9.9973E-05 0.089177 9.9973E-05 0.910523 9.9973E-05
9.997E-05 9.997E-05 0.9996 9.997E-05 9.997E-05
9.997E-05 9.997E-05 0.9996 9.997E-05 9.997E-05
0.84739 0.0831388 9.9982E-05 9.9982E-05 0.0692716
9.997E-05 9.997E-05 0.9996 9.997E-05 9.997E-05
9.997E-05 9.997E-05 0.9996 9.997E-05 9.997E-05
0.0188587 0.01189 0.896763 0.0461308 0.026357
0.0267909 0.0438569 0.929152 9.9982E-05 9.9982E-05
0.159948 9.99821E-05 0.561361 9.99821E-05 0.278491
9.99731E-05 0.0209156 0.978784 9.99731E-05 9.99731E-05
0.231829 9.99731E-05 0.767871 9.99731E-05 9.99731E-05
0.620744 0.268022 0.0525037 9.9991E-05 0.0586305
9.99729E-05 9.99729E-05 0.982548 9.99729E-05 0.0171516
9.997E-05 9.997E-05 9.997E-05 9.997E-05 0.9996
0.439613 0.0153776 0.131306 0.0496963 0.364007
0.253788 0.450479 0.119269 0.065693 0.110771
0.258906 0.085309 0.119256 9.9991E-05 0.536429
0.247992 0.0908987 0.0609895 0.0179377 0.582182
0.629958 0.112602 9.9991E-05 0.0229353 0.234405
0.742621 9.9982E-05 0.0108098 9.9982E-05 0.246369
0.682474 0.160228 9.9991E-05 0.00510428 0.152094
0.516996 0.186303 9.9991E-05 0.110816 0.185785
0.436085 0.115065 0.100393 0.0555291 0.292927
0.429355 0.162728 0.153624 9.9991E-05 0.254193
9.99732E-05 9.99732E-05 9.99732E-05 0.00241378 0.997286
0.196615 9.9982E-05 0.780862 0.0223236 9.9982E-05
0.227703 9.9982E-05 0.733771 0.0383269 9.9982E-05
0.237636 9.9982E-05 0.735801 0.0263628 9.9982E-05
0.169313 9.9982E-05 0.796603 0.0338845 9.9982E-05
0.181377 9.9982E-05 0.804073 0.0143502 9.9982E-05
0.259325 9.99821E-05 0.674314 0.0661612 9.99821E-05
0.279647 9.9982E-05 0.716186 0.00396777 9.9982E-05
0.115392 9.99729E-05 9.99729E-05 9.99729E-05 0.884308
0.205012 9.9982E-05 0.547013 9.9982E-05 0.247775
9.997E-05 9.997E-05 0.9996 9.997E-05 9.997E-05
0.871293 0.0419999 9.9982E-05 9.9982E-05 0.0865067
0.658304 0.0322698 0.0621233 9.9991E-05 0.247203
0.998217 9.99732E-05 9.99732E-05 0.00148265 9.99732E-05
0.9638 0.0119712 9.9982E-05 9.9982E-05 0.0240293
0.896693 0.103007 9.9973E-05 9.9973E-05 9.9973E-05
9.99731E-05 9.99731E-05 9.99731E-05 0.907178 0.0925223
9.997E-05 9.997E-05 0.9996 9.997E-05 9.997E-05
0.320445 0.132801 0.426275 0.0531154 0.0673642
9.997E-05 9.997E-05 0.9996 9.997E-05 9.997E-05
9.9973E-05 9.9973E-05 0.982161 9.9973E-05 0.0175387
9.997E-05 9.997E-05 0.9996 9.997E-05 9.997E-05
9.9982E-05 9.9982E-05 0.983736 0.00574429 0.0103196
9.9982E-05 0.0365335 0.941821 9.9982E-05 0.0214451
9.997E-05 9.997E-05 0.9996 9.997E-05 9.997E-05
0.121619 9.99732E-05 0.878081 9.99732E-05 9.99732E-05
0.212527 9.99732E-05 0.787173 9.99732E-05 9.99732E-05
9.997E-05 9.997E-05 0.9996 9.997E-05 9.997E-05
0.55574 0.0928804 0.134005 9.9991E-05 0.217274
0.612828 0.0775358 0.130306 9.9991E-05 0.179231
9.997E-05 0.9996 9.997E-05 9.997E-05 9.997E-05
9.997E-05 0.9996 9.997E-05 9.997E-05 9.997E-05
0.650222 0.0734944 0.0238427 9.9991E-05 0.252341
0.708609 0.0471039 0.00801143 0.0237465 0.212529
9.997E-05 0.9996 9.997E-05 9.997E-05 9.997E-05
9.997E-05 0.9996 9.997E-05 9.997E-05 9.997E-05
0.0460473 9.9973E-05 9.9973E-05 9.9973E-05 0.953653
0.637527 0.0125791 0.0149089 0.0501195 0.284865
0.260122 9.9982E-05 0.527347 9.9982E-05 0.212331
0.495518 0.314936 0.083126 0.0947166 0.0117032
0.450149 0.368178 9.9991E-05 0.0668865 0.114687
0.0525638 0.0250424 0.874862 0.0474314 9.9991E-05
