9.9973E-05 9.9973E-05 9.9973E-05 0.988125 0.0115747
0.304313 9.9991E-05 0.291521 0.381239 0.0228276
0.894051 0.054822 9.99822E-05 9.99822E-05 0.0509275
0.970911 9.9973E-05 9.9973E-05 9.9973E-05 0.0287892
0.467715 9.9991E-05 0.261874 0.266552 0.00375902
0.9996 9.997E-05 9.997E-05 9.997E-05 9.997E-05
0.110672 9.99821E-05 0.316626 0.572502 9.99821E-05
0.450118 9.9991E-05 0.47101 0.0577422 0.0210298
0.0448438 9.99821E-05 0.395604 0.559352 9.99821E-05
9.9982E-05 9.9982E-05 0.146573 0.763134 0.0900928
9.9982E-05 9.9982E-05 0.0924988 0.832788 0.0745131
0.0945886 9.9982E-05 9.9982E-05 0.761917 0.143294
0.092838 9.99821E-05 9.99821E-05 0.900253 0.00670864
0.975014 0.0111689 9.9982E-05 0.0136173 9.9982E-05
0.974157 0.00591742 9.9991E-05 0.0196516 0.000173508
0.0321024 9.9991E-05 0.0411591 0.904282 0.0223566
0.0161126 0.0639065 0.00405751 0.52959 0.386333
9.9982E-05 0.706588 0.0791036 0.214108 9.9982E-05
9.9973E-05 0.897266 9.9973E-05 9.9973E-05 0.102434
9.9982E-05 9.9982E-05 0.00555313 0.854583 0.139664
9.997E-05 0.9996 9.997E-05 9.997E-05 9.997E-05
0.019903 9.9982E-05 9.9982E-05 0.938235 0.0416625
9.9991E-05 0.411028 0.0940644 0.102667 0.39214
9.99729E-05 0.885825 9.99729E-05 9.99729E-05 0.113875
0.9996 9.997E-05 9.997E-05 9.997E-05 9.997E-05
0.9996 9.997E-05 9.997E-05 9.997E-05 9.997E-05
9.9973E-05 9.9973E-05 9.9973E-05 0.908586 0.0911138
0.950797 9.9973E-05 0.0489029 9.9973E-05 9.9973E-05
0.919252 9.9973E-05 0.0804485 9.9973E-05 9.9973E-05
0.691657 0.00568497 0.266558 9.9991E-05 0.0360005
0.667594 9.9982E-05 0.268263 9.9982E-05 0.0639432
0.0903577 9.99821E-05 0.616831 0.292611 9.99821E-05
0.9996 9.997E-05 9.997E-05 9.997E-05 9.997E-05
0.0932765 9.99731E-05 0.906424 9.99731E-05 9.99731E-05
0.0796444 9.9982E-05 9.9982E-05 0.695244 0.224911
0.9996 9.997E-05 9.997E-05 9.997E-05 9.997E-05
0.0904626 9.99821E-05 9.99821E-05 0.885572 0.0237654
0.0257676 0.0407257 0.18897 0.742832 0.00170449
0.143455 0.0584793 9.9991E-05 0.388123 0.409843
0.149651 0.00351797 9.9991E-05 0.798385 0.0483463
0.107979 0.00208992 0.00434467 0.828132 0.0574551
9.9991E-05 0.0223356 0.0239976 0.865887 0.0876801
9.9973E-05 9.9973E-05 0.0481009 0.951599 9.9973E-05
9.9991E-05 0.0153481 0.0949827 0.761602 0.127967
9.9991E-05 0.123203 0.0217415 0.669307 0.185649
0.117342 0.0445076 0.035039 0.716748 0.086364
0.0842544 9.9991E-05 0.0977465 0.704905 0.112994
9.99733E-05 0.0631446 9.99733E-05 0.936555 9.99733E-05
9.997E-05 9.997E-05 0.9996 9.997E-05 9.997E-05
9.997E-05 9.997E-05 0.9996 9.997E-05 9.997E-05
9.997E-05 9.997E-05 0.9996 9.997E-05 9.997E-05
9.997E-05 9.997E-05 0.9996 9.997E-05 9.997E-05
9.997E-05 9.997E-05 0.9996 9.997E-05 9.997E-05
0.228226 0.042937 0.670842 0.057895 9.9991E-05
9.997E-05 9.997E-05 0.9996 9.997E-05 9.997E-05
9.997E-05 9.997E-05 9.997E-05 0.9996 9.997E-05
0.135069 9.9991E-05 0.545477 0.300624 0.0187295
0.9996 9.997E-05 9.997E-05 9.997E-05 9.997E-05
0.0288313 9.99821E-05 9.99821E-05 0.929613 0.0413554
0.0983566 9.9982E-05 9.9982E-05 0.888558 0.0128857
9.997E-05 9.997E-05 9.997E-05 0.9996 9.997E-05
9.997E-05 9.997E-05 9.997E-05 0.9996 9.997E-05
9.9982E-05 0.0100096 9.9982E-05 0.886822 0.102968
9.99821E-05 0.931895 0.00967074 0.0582338 9.99821E-05
0.9996 9.997E-05 9.997E-05 9.997E-05 9.997E-05
0.243744 0.0170042 0.191426 0.392001 0.155824
0.97281 9.99731E-05 0.0268897 9.99731E-05 9.99731E-05
0.954639 9.9982E-05 0.0444749 0.000686566 9.9982E-05
0.885973 9.9973E-05 0.113727 9.9973E-05 9.9973E-05
0.923638 0.0100487 0.0661138 9.9982E-05 9.9982E-05
0.938881 9.9982E-05 9.9982E-05 0.0261479 0.0347711
0.998325 9.9973E-05 9.9973E-05 9.9973E-05 0.0013751
0.515799 9.99732E-05 0.483901 9.99732E-05 9.99732E-05
0.569729 0.0164081 0.346432 0.0673315 9.99911E-05
0.951186 9.9991E-05 0.0345713 0.00127608 0.0128668
0.0802818 9.9991E-05 0.0817053 0.736864 0.101049
0.066313 9.9991E-05 0.103832 0.759897 0.0698581
9.997E-05 9.997E-05 9.997E-05 9.997E-05 0.9996
9.997E-05 9.997E-05 9.997E-05 9.997E-05 0.9996
9.9991E-05 0.01853 0.0752773 0.857573 0.0485197
9.9991E-05 0.0169279 0.0925032 0.850407 0.0400617
9.997E-05 9.997E-05 9.997E-05 9.997E-05 0.9996
9.997E-05 9.997E-05 9.997E-05 9.997E-05 0.9996
9.9973E-05 9.9973E-05 0.00822799 0.991472 9.9973E-05
0.00553746 0.0485664 0.0279704 0.917826 9.9991E-05
0.112187 9.9982E-05 0.566519 0.321094 9.9982E-05
0.0690167 0.112862 9.9991E-05 0.520208 0.297813
9.99821E-05 0.0844828 9.99821E-05 0.587639 0.327678
0.622177 0.0259329 0.314917 9.9991E-05 0.0368731
