0.00659991 9.9982E-05 0.954588 0.0386122 9.9982E-05
0.283053 9.9991E-05 0.391848 0.00182446 0.323175
0.81779 0.0494282 0.0200646 0.0324632 0.080254
0.957733 9.9973E-05 9.9973E-05 0.0419667 9.9973E-05
0.440596 9.9991E-05 0.226454 0.0384278 0.294422
0.9886 9.9973E-05 9.9973E-05 0.0111002 9.9973E-05
9.99732E-05 9.99732E-05 0.558409 9.99732E-05 0.441291
0.369838 9.9991E-05 0.0905498 0.0464239 0.493088
0.0142848 9.99821E-05 0.552532 9.99821E-05 0.432983
9.9982E-05 9.9982E-05 0.73924 0.116981 0.14358
9.9982E-05 9.9982E-05 0.771073 0.119171 0.109557
0.0406169 9.9982E-05 0.829062 0.130121 9.9982E-05
0.0588261 0.00627837 0.934696 9.99821E-05 9.99821E-05
0.973949 0.0257507 9.9973E-05 9.9973E-05 9.9973E-05
0.947492 0.00847563 0.0438322 9.9982E-05 9.9982E-05
9.9982E-05 9.9982E-05 0.873964 0.0345603 0.0912753
0.0052327 0.0891099 0.519173 0.386385 9.9991E-05
9.99819E-05 0.745174 0.14711 9.99819E-05 0.107516
9.9973E-05 0.913046 9.9973E-05 0.0866536 9.9973E-05
9.9982E-05 9.9982E-05 0.824769 0.162058 0.012973
0.00886147 0.990839 9.9973E-05 9.9973E-05 9.9973E-05
9.9982E-05 9.9982E-05 0.941736 0.0405912 0.0174729
9.999E-05 0.403545 0.119668 0.38729 0.0893968
9.9973E-05 0.919906 9.9973E-05 0.079794 9.9973E-05
0.999579 9.9973E-05 9.9973E-05 9.9973E-05 0.000121151
0.9996 9.997E-05 9.997E-05 9.997E-05 9.997E-05
9.9973E-05 9.9973E-05 0.930608 0.0690917 9.9973E-05
0.919492 9.9973E-05 9.9973E-05 9.9973E-05 0.0802077
0.902146 9.9973E-05 9.9973E-05 9.9973E-05 0.0975541
0.662458 0.0281135 9.9991E-05 0.0195545 0.289774
0.67614 9.9982E-05 9.9982E-05 0.0612391 0.262421
0.0877458 9.9991E-05 0.272112 0.014983 0.625059
0.9996 9.997E-05 9.997E-05 9.997E-05 9.997E-05
0.0994369 9.9973E-05 9.9973E-05 9.9973E-05 0.900263
0.0723647 9.9982E-05 0.695225 0.23221 9.9982E-05
0.995425 9.99729E-05 0.00427491 9.99729E-05 9.99729E-05
0.0983804 9.99821E-05 0.879277 0.0221431 9.99821E-05
0.0211966 0.0235835 0.70993 0.031421 0.213869
0.135402 0.0872257 0.347749 0.429523 9.9991E-05
0.156537 9.9982E-05 0.778949 0.0643141 9.9982E-05
0.0772898 0.0253857 0.81064 0.059928 0.0267564
9.9991E-05 0.00946744 0.833914 0.130637 0.0258815
9.9973E-05 9.9973E-05 0.937864 9.9973E-05 0.0618356
9.99819E-05 9.99819E-05 0.770732 0.147374 0.0816948
9.9991E-05 0.114631 0.664665 0.186538 0.0340667
0.0615805 0.0394575 0.73074 0.086359 0.0818633
0.107492 9.9991E-05 0.644968 0.164411 0.0830285
9.99822E-05 0.0551776 0.913523 9.99822E-05 0.0310994
9.997E-05 9.997E-05 9.997E-05 9.997E-05 0.9996
9.997E-05 9.997E-05 9.997E-05 9.997E-05 0.9996
9.997E-05 9.997E-05 9.997E-05 9.997E-05 0.9996
9.997E-05 9.997E-05 9.997E-05 9.997E-05 0.9996
9.997E-05 9.997E-05 9.997E-05 9.997E-05 0.9996
0.227543 0.0414983 0.0957895 9.9991E-05 0.635069
9.99729E-05 9.99729E-05 9.99729E-05 0.00727163 0.992428
9.997E-05 9.997E-05 0.9996 9.997E-05 9.997E-05
0.103985 9.9982E-05 0.326651 9.9982E-05 0.569164
0.9996 9.997E-05 9.997E-05 9.997E-05 9.997E-05
9.99731E-05 9.99731E-05 0.979393 0.020307 9.99731E-05
0.0806277 9.9973E-05 0.919072 9.9973E-05 9.9973E-05
9.99732E-05 0.023058 0.976642 9.99732E-05 9.99732E-05
9.997E-05 9.997E-05 0.9996 9.997E-05 9.997E-05
9.9982E-05 0.0148807 0.908481 0.076438 9.9982E-05
9.9982E-05 0.920046 0.0428679 9.9982E-05 0.0368861
0.9996 9.997E-05 9.997E-05 9.997E-05 9.997E-05
0.274429 0.016274 0.395052 0.144637 0.169608
0.989938 9.9991E-05 0.000953494 0.00877897 0.000229186
0.977964 9.9982E-05 0.00195707 9.9982E-05 0.0198794
0.882061 9.9973E-05 9.9973E-05 9.9973E-05 0.117639
0.931178 9.9973E-05 9.9973E-05 9.9973E-05 0.0685221
0.929209 9.9991E-05 0.0418737 0.0162043 0.0126131
0.998764 9.9973E-05 9.9973E-05 0.000936443 9.9973E-05
0.47222 9.99732E-05 9.99732E-05 9.99732E-05 0.52748
0.520749 0.00806516 0.017199 9.99911E-05 0.453886
0.953953 9.9991E-05 0.00893445 0.0213108 0.0157016
0.0875242 9.9991E-05 0.728889 0.0817135 0.101774
0.0335119 9.9991E-05 0.758778 0.0647956 0.142814
9.997E-05 9.997E-05 9.997E-05 0.9996 9.997E-05
9.997E-05 9.997E-05 9.997E-05 0.9996 9.997E-05
9.99819E-05 9.99819E-05 0.755965 0.104319 0.139516
9.9991E-05 0.0020417 0.799684 0.0753923 0.122782
9.997E-05 9.997E-05 9.997E-05 0.9996 9.997E-05
9.997E-05 9.997E-05 9.997E-05 0.9996 9.997E-05
9.9973E-05 9.9973E-05 0.977807 9.9973E-05 0.021893
9.9982E-05 0.0526518 0.884836 9.9982E-05 0.0623119
0.0893456 9.9982E-05 0.296322 9.9982E-05 0.614132
0.0664436 0.116055 0.515281 0.30212 9.9991E-05
9.99821E-05 0.0698467 0.574394 0.355559 9.99821E-05
0.597309 0.0253627 9.9991E-05 0.0249286 0.3523
