0.052082 0.947418 9.99549E-05 9.99549E-05 9.99549E-05 9.99549E-05 9.99549E-05
0.143008 0.288272 0.292862 9.9982E-05 9.9982E-05 0.250723 0.0249354
9.99822E-05 9.99822E-05 0.805747 0.0258663 0.11577 0.0120125 0.0404047
9.9955E-05 9.9955E-05 0.961834 9.9955E-05 9.9955E-05 9.9955E-05 0.0376667
0.23604 0.0901328 0.42691 9.99731E-05 9.99731E-05 0.246617 9.99731E-05
9.9964E-05 0.00392558 0.994138 9.9964E-05 9.9964E-05 9.9964E-05 0.00153611
0.208056 9.99732E-05 0.0163271 9.99732E-05 0.45634 0.318977 9.99732E-05
0.130872 9.99641E-05 0.408508 9.99641E-05 9.99641E-05 0.46022 9.99641E-05
0.329176 9.99731E-05 0.00864994 9.99731E-05 0.303789 0.358085 9.99731E-05
0.9994 9.995E-05 9.995E-05 9.995E-05 9.995E-05 9.995E-05 9.995E-05
0.9994 9.995E-05 9.995E-05 9.995E-05 9.995E-05 9.995E-05 9.995E-05
9.9973E-05 0.622276 0.0122755 9.9973E-05 0.199474 9.9973E-05 0.165675
9.9955E-05 9.9955E-05 0.0163489 9.9955E-05 0.983151 9.9955E-05 9.9955E-05
9.9964E-05 0.0294828 0.95499 0.0151272 9.9964E-05 9.9964E-05 9.9964E-05
9.9955E-05 0.0580009 0.941499 9.9955E-05 9.9955E-05 9.9955E-05 9.9955E-05
0.600176 0.0850734 0.00882117 9.9982E-05 0.291207 0.0145231 9.9982E-05
0.402508 9.9973E-05 9.9973E-05 0.0836115 0.182495 9.9973E-05 0.331085
0.205723 0.0610197 9.99729E-05 0.694042 9.99729E-05 0.0389159 9.99729E-05
9.9955E-05 9.9955E-05 9.9955E-05 0.896133 9.9955E-05 9.9955E-05 0.103367
0.748102 0.140437 9.9973E-05 9.9973E-05 0.0372309 9.9973E-05 0.0739302
9.995E-05 9.995E-05 9.995E-05 0.9994 9.995E-05 9.995E-05 9.995E-05
0.287589 0.610768 9.9973E-05 9.9973E-05 0.0849859 9.9973E-05 0.0163569
0.261509 9.9973E-05 0.0135414 0.403073 9.9973E-05 9.9973E-05 0.321576
9.99549E-05 9.99549E-05 9.99549E-05 0.910154 9.99549E-05 9.99549E-05 0.0893459
9.995E-05 9.995E-05 0.9994 9.995E-05 9.995E-05 9.995E-05 9.995E-05
9.995E-05 9.995E-05 0.9994 9.995E-05 9.995E-05 9.995E-05 9.995E-05
0.034025 0.124405 9.99729E-05 9.99729E-05 0.757057 9.99729E-05 0.0842128
9.9964E-05 9.9964E-05 0.910449 9.9964E-05 0.0128724 0.0762787 9.9964E-05
9.9964E-05 9.9964E-05 0.927443 9.9964E-05 0.00172804 0.0704289 9.9964E-05
9.99821E-05 9.99821E-05 0.646651 0.0171251 0.0373262 0.288563 0.0101353
9.9964E-05 9.9964E-05 0.615041 9.9964E-05 9.9964E-05 0.328404 0.0561552
0.0859586 0.307849 0.0372648 9.99731E-05 9.99731E-05 0.568628 9.99731E-05
9.995E-05 9.995E-05 0.9994 9.995E-05 9.995E-05 9.995E-05 9.995E-05
9.99641E-05 9.99641E-05 0.097889 9.99641E-05 9.99641E-05 0.884013 0.0176981
0.0837983 0.086494 0.0579672 9.99819E-05 0.574673 9.99819E-05 0.196867
9.99549E-05 9.99549E-05 0.975324 9.99549E-05 0.0241762 9.99549E-05 9.99549E-05
9.995E-05 0.9994 9.995E-05 9.995E-05 9.995E-05 9.995E-05 9.995E-05
0.684334 0.184736 0.00778619 0.029267 9.9982E-05 0.0936761 9.9982E-05
0.303173 0.00857919 0.132958 0.0568247 0.161409 9.9991E-05 0.336955
0.590486 0.304681 0.0921201 9.99729E-05 9.99729E-05 9.99729E-05 0.0124129
0.605841 0.32053 0.0390017 0.0202288 9.99819E-05 9.99819E-05 0.0141986
0.977075 0.0224252 9.9955E-05 9.9955E-05 9.9955E-05 9.9955E-05 9.9955E-05
0.659631 0.123398 9.9964E-05 9.9964E-05 0.216571 9.9964E-05 9.9964E-05
0.918397 0.0481061 9.9973E-05 9.9973E-05 0.0143402 9.9973E-05 0.0188573
0.514608 0.0773407 9.9982E-05 0.127106 0.147779 9.9982E-05 0.132966
0.676592 0.136787 0.0775045 0.0428709 0.0292548 9.9991E-05 0.0368911
0.266816 0.257209 0.0995318 9.9991E-05 0.202196 0.0586032 0.115544
9.99552E-05 0.988946 9.99552E-05 0.0105545 9.99552E-05 9.99552E-05 9.99552E-05
9.995E-05 9.995E-05 9.995E-05 9.995E-05 9.995E-05 0.9994 9.995E-05
9.995E-05 9.995E-05 9.995E-05 9.995E-05 9.995E-05 0.9994 9.995E-05
9.995E-05 9.995E-05 9.995E-05 9.995E-05 9.995E-05 0.9994 9.995E-05
9.995E-05 9.995E-05 9.995E-05 9.995E-05 9.995E-05 0.9994 9.995E-05
9.995E-05 9.995E-05 9.995E-05 9.995E-05 9.995E-05 0.9994 9.995E-05
0.0926335 9.9982E-05 0.24595 0.0359007 0.0470849 0.578231 9.9982E-05
9.99549E-05 0.0274069 9.99549E-05 9.99549E-05 9.99549E-05 0.972093 9.99549E-05
0.00749377 0.920808 9.99639E-05 9.99639E-05 0.0712985 9.99639E-05 9.99639E-05
0.101975 0.248534 0.0817587 9.9982E-05 9.9982E-05 0.553831 0.013702
9.995E-05 9.995E-05 0.9994 9.995E-05 9.995E-05 9.995E-05 9.995E-05
9.9964E-05 0.139299 9.9964E-05 9.9964E-05 0.808849 9.9964E-05 0.0514528
0.47388 0.157557 0.0395555 9.9973E-05 0.328708 9.9973E-05 9.9973E-05
9.995E-05 9.995E-05 9.995E-05 9.995E-05 0.9994 9.995E-05 9.995E-05
0.106651 0.0169952 9.99639E-05 9.99639E-05 0.875954 9.99639E-05 9.99639E-05
0.0533063 9.99639E-05 9.99639E-05 9.99639E-05 0.853389 9.99639E-05 0.0929051
9.99551E-05 0.0934839 9.99551E-05 0.906016 9.99551E-05 9.99551E-05 9.99551E-05
9.995E-05 9.995E-05 0.9994 9.995E-05 9.995E-05 9.995E-05 9.995E-05
0.347064 0.066244 0.312157 0.0262094 0.078413 0.110054 0.0598587
9.99641E-05 9.99641E-05 0.94644 9.99641E-05 0.0297393 0.0234213 9.99641E-05
9.9955E-05 0.0199772 0.979523 9.9955E-05 9.9955E-05 9.9955E-05 9.9955E-05
9.9964E-05 9.9964E-05 0.90668 9.9964E-05 0.0262629 0.0666577 9.9964E-05
9.9964E-05 9.9964E-05 0.948232 0.00878353 9.9964E-05 0.0425851 9.9964E-05
0.0692241 0.0116212 0.91193 9.9973E-05 9.9973E-05 0.00692461 9.9973E-05
0.000882804 0.00198286 0.988503 9.9973E-05 9.9973E-05 9.9973E-05 0.00833095
9.99642E-05 9.99642E-05 0.471135 9.99642E-05 0.0465652 0.4819 9.99642E-05
9.99642E-05 9.99642E-05 0.466856 9.99642E-05 0.174118 0.358626 9.99642E-05
9.9973E-05 0.0247874 0.969085 0.000814867 9.9973E-05 9.9973E-05 0.0050125
0.708361 0.110293 0.0914097 9.9982E-05 0.0726075 0.0171293 9.9982E-05
0.711121 0.0909416 0.115362 9.9982E-05 0.0725523 0.00982335 9.9982E-05
9.995E-05 9.995E-05 9.995E-05 9.995E-05 9.995E-05 9.995E-05 0.9994
9.995E-05 9.995E-05 9.995E-05 9.995E-05 9.995E-05 9.995E-05 0.9994
0.962577 0.0369228 9.9955E-05 9.9955E-05 9.9955E-05 9.9955E-05 9.9955E-05
0.934463 0.0107684 9.9964E-05 9.9964E-05 0.0543687 9.9964E-05 9.9964E-05
9.9955E-05 9.9955E-05 9.9955E-05 9.9955E-05 9.9955E-05 0.00437091 0.995129
9.995E-05 9.995E-05 9.995E-05 9.995E-05 9.995E-05 9.995E-05 0.9994
9.99549E-05 0.94663 9.99549E-05 9.99549E-05 0.0528702 9.99549E-05 9.99549E-05
0.598782 0.101391 9.9982E-05 0.0259576 0.269727 0.00394222 9.9982E-05
0.123627 0.193982 0.0946946 9.9973E-05 9.9973E-05 0.587396 9.9973E-05
0.254623 0.00455261 0.0420361 0.130295 0.310251 9.9991E-05 0.258142
9.99731E-05 0.157965 9.99731E-05 0.0665979 0.444595 9.99731E-05 0.330542
0.0193172 9.9991E-05 0.601312 0.046948 0.00954489 0.311988 0.0107899
