9.99459E-05 9.99459E-05 0.0486292 0.92816 9.99459E-05 9.99459E-05 0.0226116 9.99459E-05 9.99459E-05
9.99638E-05 9.99638E-05 0.0237492 0.147093 9.99638E-05 9.99638E-05 0.0645986 0.251978 0.512181
0.0129113 0.0497508 9.99732E-05 9.99732E-05 9.99732E-05 0.107215 0.0237148 0.749734 0.0563747
0.0176091 9.9955E-05 9.9955E-05 9.9955E-05 0.0144696 9.9955E-05 0.0291326 0.938289 9.9955E-05
0.0576224 9.9973E-05 0.0763945 0.0240569 0.108126 9.9973E-05 9.9973E-05 0.34706 0.386441
9.9937E-05 9.9937E-05 9.9937E-05 9.9937E-05 0.0480973 9.9937E-05 9.9937E-05 0.951203 9.9937E-05
9.99369E-05 9.99369E-05 9.99369E-05 9.99369E-05 9.99369E-05 0.209054 9.99369E-05 9.99369E-05 0.790246
0.208326 9.9973E-05 0.00231086 9.9973E-05 0.0516807 9.9973E-05 0.0124858 0.381354 0.343543
9.99369E-05 9.99369E-05 9.99369E-05 9.99369E-05 9.99369E-05 0.153716 9.99369E-05 9.99369E-05 0.845584
9.99371E-05 9.99371E-05 0.891745 9.99371E-05 9.99371E-05 9.99371E-05 9.99371E-05 9.99371E-05 0.107556
9.99372E-05 9.99372E-05 0.924928 9.99372E-05 9.99372E-05 9.99372E-05 9.99372E-05 9.99372E-05 0.0743729
9.995E-05 9.995E-05 9.995E-05 0.64883 9.995E-05 0.175621 0.15871 0.01634 9.995E-05
9.993E-05 9.993E-05 9.993E-05 9.993E-05 9.993E-05 0.999201 9.993E-05 9.993E-05 9.993E-05
9.9955E-05 0.0167284 9.9955E-05 0.00751102 0.0398162 9.9955E-05 9.9955E-05 0.935445 9.9955E-05
9.9946E-05 0.0185335 9.9946E-05 0.035777 9.9946E-05 9.9946E-05 9.9946E-05 0.94509 9.9946E-05
9.9955E-05 9.9955E-05 0.573742 0.0492423 9.9955E-05 0.334415 9.9955E-05 0.0421015 9.9955E-05
9.99368E-05 9.99368E-05 0.08208 9.99368E-05 0.91722 9.99368E-05 9.99368E-05 9.99368E-05 9.99368E-05
0.071245 0.73819 0.151022 0.030399 9.9964E-05 9.9964E-05 9.9964E-05 9.9964E-05 0.00874356
9.9937E-05 0.907734 9.9937E-05 9.9937E-05 9.9937E-05 9.9937E-05 0.0915664 9.9937E-05 9.9937E-05
9.9955E-05 9.9955E-05 0.73027 0.124158 0.128138 9.9955E-05 0.0169341 9.9955E-05 9.9955E-05
9.9937E-05 0.996819 9.9937E-05 9.9937E-05 9.9937E-05 9.9937E-05 9.9937E-05 0.00248099 9.9937E-05
9.99639E-05 9.99639E-05 0.283799 0.526695 0.0440147 0.12019 0.0249016 9.99639E-05 9.99639E-05
0.00457482 0.376986 0.169236 9.9964E-05 0.236579 9.9964E-05 0.212224 9.9964E-05 9.9964E-05
9.99459E-05 0.902057 9.99459E-05 9.99459E-05 0.065693 9.99459E-05 0.0316506 9.99459E-05 9.99459E-05
9.993E-05 9.993E-05 9.993E-05 9.993E-05 9.993E-05 9.993E-05 9.993E-05 0.999201 9.993E-05
9.993E-05 9.993E-05 9.993E-05 9.993E-05 9.993E-05 9.993E-05 9.993E-05 0.999201 9.993E-05
9.99639E-05 9.99639E-05 0.0877097 0.0562348 0.0282446 0.791872 0.0355387 9.99639E-05 9.99639E-05
0.0385749 9.9955E-05 9.9955E-05 9.9955E-05 9.9955E-05 0.0244777 0.0217164 0.914731 9.9955E-05
0.0905445 9.9955E-05 9.9955E-05 9.9955E-05 9.9955E-05 0.0113641 9.9955E-05 0.896995 0.000596281
0.193882 0.0223159 9.99641E-05 9.99641E-05 0.0469878 9.99641E-05 9.99641E-05 0.674585 0.0618288
0.192058 9.9955E-05 9.9955E-05 9.9955E-05 0.0793354 9.9955E-05 9.9955E-05 0.633773 0.0943341
0.171314 9.99551E-05 9.99551E-05 0.108258 9.99551E-05 9.99551E-05 9.99551E-05 0.0114543 0.708474
0.00553905 9.99551E-05 9.99551E-05 9.99551E-05 0.020107 9.99551E-05 9.99551E-05 0.973012 0.000841762
0.825263 9.99552E-05 9.99552E-05 0.00652971 9.99552E-05 9.99552E-05 9.99552E-05 0.0907727 0.076935
0.0279296 9.99729E-05 9.99729E-05 0.0727344 0.346793 0.471036 0.0781358 0.00307117 9.99729E-05
9.99549E-05 9.99549E-05 9.99549E-05 0.00925296 0.0422234 9.99549E-05 9.99549E-05 0.932116 0.0159075
9.99371E-05 9.99371E-05 9.99371E-05 0.998287 9.99371E-05 9.99371E-05 9.99371E-05 0.00101325 9.99371E-05
9.9964E-05 0.012592 0.729504 0.0901691 9.9964E-05 9.9964E-05 9.9964E-05 0.0419483 0.125387
9.99459E-05 9.99459E-05 9.99459E-05 9.99459E-05 0.969568 9.99459E-05 9.99459E-05 0.0271102 0.00272201
9.99549E-05 9.99549E-05 0.53017 0.233479 0.12126 9.99549E-05 9.99549E-05 0.114591 9.99549E-05
9.99639E-05 0.00685727 0.556739 0.30694 0.0795648 9.99639E-05 9.99639E-05 0.0494989 9.99639E-05
9.99369E-05 9.99369E-05 0.971173 9.99369E-05 0.0281276 9.99369E-05 9.99369E-05 9.99369E-05 9.99369E-05
9.99549E-05 9.99549E-05 0.497636 0.0914279 9.99549E-05 0.243589 9.99549E-05 9.99549E-05 0.166848
9.9937E-05 9.9937E-05 0.924338 9.9937E-05 0.0749627 9.9937E-05 9.9937E-05 9.9937E-05 9.9937E-05
9.9982E-05 0.121731 0.533215 0.00800425 0.0284686 0.168966 0.126238 9.9982E-05 0.0131768
9.9964E-05 0.0378908 0.681785 0.102888 0.120239 9.9964E-05 9.9964E-05 0.0567972 9.9964E-05
0.0689652 9.9991E-05 0.170292 0.180271 0.394822 0.119719 0.00299164 0.0623357 0.000503059
9.99374E-05 0.00643718 9.99374E-05 0.992863 9.99374E-05 9.99374E-05 9.99374E-05 9.99374E-05 9.99374E-05
0.999201 9.993E-05 9.993E-05 9.993E-05 9.993E-05 9.993E-05 9.993E-05 9.993E-05 9.993E-05
0.999201 9.993E-05 9.993E-05 9.993E-05 9.993E-05 9.993E-05 9.993E-05 9.993E-05 9.993E-05
0.982329 9.9946E-05 0.0133141 9.9946E-05 9.9946E-05 9.9946E-05 0.00375765 9.9946E-05 9.9946E-05
0.999201 9.993E-05 9.993E-05 9.993E-05 9.993E-05 9.993E-05 9.993E-05 9.993E-05 9.993E-05
0.999201 9.993E-05 9.993E-05 9.993E-05 9.993E-05 9.993E-05 9.993E-05 9.993E-05 9.993E-05
0.459567 0.0322107 0.0161806 9.99821E-05 0.024074 0.0447564 9.99821E-05 0.218367 0.204645
0.979654 9.9937E-05 9.9937E-05 0.019646 9.9937E-05 9.9937E-05 9.9937E-05 9.9937E-05 9.9937E-05
9.99459E-05 9.99459E-05 0.0480944 0.87161 9.99459E-05 0.0796963 9.99459E-05 9.99459E-05 9.99459E-05
0.157237 9.99638E-05 9.99638E-05 0.104336 9.99638E-05 9.99638E-05 0.0284973 0.0244285 0.685101
9.9937E-05 9.9937E-05 9.9937E-05 9.9937E-05 0.0010882 9.9937E-05 9.9937E-05 0.998212 9.9937E-05
0.0160533 9.9955E-05 9.9955E-05 0.0774705 9.9955E-05 0.871784 0.0341922 9.9955E-05 9.9955E-05
9.99641E-05 9.99641E-05 0.445743 0.141517 9.99641E-05 0.337031 0.00172771 0.0735813 9.99641E-05
9.993E-05 9.993E-05 9.993E-05 9.993E-05 9.993E-05 0.999201 9.993E-05 9.993E-05 9.993E-05
9.99459E-05 9.99459E-05 0.0937491 0.00661196 9.99459E-05 0.899039 9.99459E-05 9.99459E-05 9.99459E-05
9.996E-05 0.00527815 0.0542671 9.996E-05 0.016219 0.856097 0.0677385 9.996E-05 9.996E-05
0.00226484 0.903737 9.99461E-05 0.0933981 9.99461E-05 9.99461E-05 9.99461E-05 9.99461E-05 9.99461E-05
9.99373E-05 9.99373E-05 9.99373E-05 9.99373E-05 9.99373E-05 9.99373E-05 0.00221618 0.997084 9.99373E-05
0.159332 0.0591451 0.0378704 0.24382 0.0560151 0.107061 0.0190268 0.317629 9.9991E-05
9.99372E-05 9.99372E-05 9.99372E-05 9.99372E-05 9.99372E-05 0.0324654 9.99372E-05 0.966835 9.99372E-05
0.018088 9.99549E-05 9.99549E-05 0.0393802 0.026527 9.99549E-05 9.99549E-05 0.915505 9.99549E-05
0.0314527 9.9955E-05 9.9955E-05 9.9955E-05 9.9955E-05 0.0345449 9.9955E-05 0.918246 0.0152562
0.0195954 9.9955E-05 9.9955E-05 9.9955E-05 9.9955E-05 0.0202735 9.9955E-05 0.948117 0.011514
9.99641E-05 9.99641E-05 0.00238396 9.99641E-05 0.0599559 9.99641E-05 0.00833779 0.900752 0.0281709
9.99369E-05 9.99369E-05 9.99369E-05 9.99369E-05 0.0244434 9.99369E-05 9.99369E-05 0.974857 9.99369E-05
0.231495 9.99552E-05 9.99552E-05 9.99552E-05 0.00946745 9.99552E-05 9.99552E-05 0.43228 0.326258
0.0770578 9.99552E-05 9.99552E-05 9.99552E-05 9.99552E-05 0.0128047 9.99552E-05 0.421817 0.48782
0.0143662 9.99551E-05 0.0109651 0.00991886 9.99551E-05 9.99551E-05 9.99551E-05 0.96425 9.99551E-05
0.0245601 9.9982E-05 0.594781 0.0687678 9.9982E-05 0.124541 0.00135186 0.0592582 0.12654
0.0185035 9.9973E-05 0.594866 0.0248352 9.9973E-05 0.176051 9.9973E-05 0.0367925 0.148652
9.993E-05 9.993E-05 9.993E-05 9.993E-05 9.993E-05 9.993E-05 0.999201 9.993E-05 9.993E-05
9.993E-05 9.993E-05 9.993E-05 9.993E-05 9.993E-05 9.993E-05 0.999201 9.993E-05 9.993E-05
0.00154331 9.9955E-05 0.981082 9.9955E-05 9.9955E-05 0.00511315 9.9955E-05 0.0117619 9.9955E-05
9.9946E-05 9.9946E-05 0.912577 9.9946E-05 9.9946E-05 0.0582905 9.9946E-05 9.9946E-05 0.0285329
9.99371E-05 9.99371E-05 0.0139724 9.99371E-05 9.99371E-05 9.99371E-05 0.985328 9.99371E-05 9.99371E-05
9.9937E-05 9.9937E-05 9.9937E-05 0.00637278 9.9937E-05 9.9937E-05 0.992928 9.9937E-05 9.9937E-05
9.99369E-05 9.99369E-05 9.99369E-05 0.940512 9.99369E-05 0.058788 9.99369E-05 9.99369E-05 9.99369E-05
9.996E-05 0.0569244 0.500613 0.0474643 9.996E-05 0.27007 9.996E-05 9.996E-05 0.124528
0.164182 9.99548E-05 9.99548E-05 0.100189 9.99548E-05 9.99548E-05 9.99548E-05 0.016239 0.71889
9.99551E-05 0.0579947 0.0397604 9.99551E-05 0.758157 0.143588 9.99551E-05 9.99551E-05 9.99551E-05
9.99641E-05 0.0223241 9.99641E-05 0.133404 0.539501 0.20711 0.0972611 9.99641E-05 9.99641E-05
0.217106 0.0354453 9.996E-05 9.996E-05 9.996E-05 9.996E-05 0.0446409 0.541319 0.161089
