0.94549 0.0544095 9.9991E-05
0.327434 0.382874 0.289692
0.109543 0.0107897 0.879668
0.00192512 9.9991E-05 0.997975
0.211845 0.337952 0.450203
9.999E-05 9.999E-05 0.9998
0.455151 0.532593 0.0122556
0.0550652 0.511922 0.433013
0.440944 0.558956 9.9991E-05
0.790585 0.209315 9.9991E-05
0.80576 0.19414 9.9991E-05
0.890684 9.9991E-05 0.109216
0.920027 9.9991E-05 0.0798731
0.0271099 9.9991E-05 0.97279
0.0201001 9.9991E-05 0.9798
0.857215 0.124405 0.0183803
0.942047 9.9991E-05 0.0578529
0.905056 0.0948442 9.99911E-05
0.9998 9.999E-05 9.999E-05
0.936359 0.0635407 9.9991E-05
0.9998 9.999E-05 9.999E-05
0.932389 0.0506656 0.0169454
0.884694 0.0606685 0.0546376
0.9998 9.999E-05 9.999E-05
9.999E-05 9.999E-05 0.9998
9.999E-05 9.999E-05 0.9998
0.9998 9.999E-05 9.999E-05
9.9991E-05 0.0450218 0.954878
9.9991E-05 0.0913487 0.908551
0.0018034 0.295383 0.702814
0.00459312 0.328172 0.667235
0.214142 0.733431 0.0524271
9.999E-05 9.999E-05 0.9998
9.9991E-05 0.901437 0.0984631
0.87664 9.9991E-05 0.12326
9.999E-05 9.999E-05 0.9998
0.887479 9.9991E-05 0.112421
0.718807 0.277611 0.00358156
0.788212 9.9991E-05 0.211688
0.826426 9.9991E-05 0.173474
0.849089 0.0413125 0.109599
0.929604 0.0702962 9.99909E-05
0.832946 0.166954 9.9991E-05
0.887614 0.112286 9.99909E-05
0.895558 0.104342 9.9991E-05
0.806836 0.108631 0.0845325
0.780209 0.0749546 0.144837
0.925617 0.0742833 9.99911E-05
9.999E-05 0.9998 9.999E-05
9.999E-05 0.9998 9.999E-05
9.999E-05 0.9998 9.999E-05
9.999E-05 0.9998 9.999E-05
9.999E-05 0.9998 9.999E-05
0.0788514 0.620216 0.300932
9.999E-05 0.9998 9.999E-05
0.954612 0.0452885 9.9991E-05
0.245835 0.649661 0.104504
9.999E-05 9.999E-05 0.9998
0.980748 0.00850616 0.0107455
0.864275 0.0532508 0.0824745
0.971121 0.0278708 0.00100785
0.957594 9.9991E-05 0.0423055
0.9998 9.999E-05 9.999E-05
0.9998 9.999E-05 9.999E-05
9.999E-05 9.999E-05 0.9998
0.517243 0.0948849 0.387872
9.999E-05 9.999E-05 0.9998
9.9991E-05 0.0585006 0.941399
9.9991E-05 0.0928219 0.907078
9.9991E-05 0.0589659 0.940934
0.0185325 0.0075773 0.97389
9.9991E-05 0.010817 0.989083
9.99911E-05 0.486319 0.513581
0.0307814 0.450612 0.518607
9.9991E-05 0.0440867 0.955813
0.713787 0.234458 0.0517557
0.71544 0.263189 0.021371
0.88049 9.9991E-05 0.11941
0.851225 9.9991E-05 0.148675
0.80636 0.19354 9.99909E-05
0.837613 0.162287 9.99909E-05
0.856434 0.00487289 0.138693
0.856477 9.9991E-05 0.143423
0.864628 0.135272 9.9991E-05
0.899112 0.100788 9.9991E-05
0.237028 0.746022 0.0169499
0.883855 9.9991E-05 0.116045
0.967749 9.9991E-05 0.0321507
9.9991E-05 0.394121 0.605779
