9.99549E-05 9.99549E-05 0.964668 9.99549E-05 0.0348322 9.99549E-05 9.99549E-05
9.9973E-05 9.9973E-05 0.291774 0.260027 0.131983 0.315916 9.9973E-05
0.0449178 0.0212731 9.99822E-05 0.0608186 9.99822E-05 0.784481 0.0883096
0.0202533 9.9964E-05 9.9964E-05 0.0051287 9.9964E-05 0.974218 9.9964E-05
9.99731E-05 9.99731E-05 0.0503654 0.246614 0.246816 0.455905 9.99731E-05
9.9955E-05 9.9955E-05 0.017775 9.9955E-05 9.9955E-05 0.981725 9.9955E-05
9.99732E-05 9.99732E-05 9.99732E-05 0.321608 0.169572 0.00845163 0.500068
0.00401008 9.99731E-05 9.99731E-05 0.366165 0.160389 0.469135 9.99731E-05
9.99641E-05 9.99641E-05 9.99641E-05 0.382772 0.230107 9.99641E-05 0.386721
9.995E-05 9.995E-05 9.995E-05 9.995E-05 0.9994 9.995E-05 9.995E-05
9.995E-05 9.995E-05 9.995E-05 9.995E-05 0.9994 9.995E-05 9.995E-05
0.118121 9.9973E-05 0.692048 9.9973E-05 9.9973E-05 0.00851566 0.181015
9.995E-05 9.995E-05 9.995E-05 9.995E-05 9.995E-05 9.995E-05 0.9994
0.0081324 0.00620772 0.0439836 9.9973E-05 9.9973E-05 0.941376 9.9973E-05
9.9973E-05 0.0112333 0.0490565 9.9973E-05 0.00147652 0.937934 9.9973E-05
0.020188 9.9982E-05 0.154699 0.0377591 0.386967 9.9982E-05 0.400187
0.285319 0.0520068 9.9973E-05 9.9973E-05 0.478334 9.9973E-05 0.184039
9.99729E-05 0.73348 0.0187905 0.0967957 0.150634 9.99729E-05 9.99729E-05
0.0952782 0.904222 9.9955E-05 9.9955E-05 9.9955E-05 9.9955E-05 9.9955E-05
0.0819323 9.9973E-05 0.175142 9.9973E-05 0.710457 9.9973E-05 0.0321695
9.995E-05 0.9994 9.995E-05 9.995E-05 9.995E-05 9.995E-05 9.995E-05
0.026886 9.9973E-05 0.631817 9.9973E-05 0.234387 9.9973E-05 0.106611
0.289735 0.404464 9.9973E-05 9.9973E-05 0.305056 0.000444522 9.9973E-05
0.0580174 0.908334 9.9964E-05 9.9964E-05 0.0332491 9.9964E-05 9.9964E-05
9.995E-05 9.995E-05 9.995E-05 9.995E-05 9.995E-05 0.9994 9.995E-05
9.995E-05 9.995E-05 9.995E-05 9.995E-05 9.995E-05 0.9994 9.995E-05
0.0767615 9.99729E-05 0.0687213 9.99729E-05 0.0956844 9.99729E-05 0.758533
9.9955E-05 9.9955E-05 9.9955E-05 0.0752447 9.9955E-05 0.924255 9.9955E-05
9.9955E-05 9.9955E-05 9.9955E-05 0.0932514 9.9955E-05 0.906249 9.9955E-05
0.00126571 0.0382904 9.99731E-05 0.232004 9.99731E-05 0.728139 9.99731E-05
0.0654634 0.0112568 9.99731E-05 0.285239 9.99731E-05 0.63774 9.99731E-05
9.99731E-05 9.99731E-05 0.260514 0.550664 0.0759493 0.112573 9.99731E-05
9.995E-05 9.995E-05 9.995E-05 9.995E-05 9.995E-05 0.9994 9.995E-05
0.025375 9.9964E-05 9.9964E-05 0.868232 9.9964E-05 0.105993 9.9964E-05
0.245923 9.9991E-05 0.0839595 0.00623619 0.0874702 0.0329093 0.543402
0.0257289 9.99729E-05 0.018591 9.99729E-05 9.99729E-05 0.951002 0.00437787
9.995E-05 9.995E-05 0.9994 9.995E-05 9.995E-05 9.995E-05 9.995E-05
9.9982E-05 0.013928 0.0745456 0.11739 0.784316 0.00962041 9.9982E-05
0.349827 0.0513702 0.00823266 9.9991E-05 0.279743 0.120658 0.190069
0.0237489 9.9973E-05 0.332581 9.9973E-05 0.534925 0.108446 9.9973E-05
0.00900658 0.00811947 0.30753 9.998E-05 0.602881 0.0722631 9.998E-05
9.995E-05 9.995E-05 9.995E-05 9.995E-05 0.9994 9.995E-05 9.995E-05
9.9973E-05 9.9973E-05 0.243045 0.0385142 0.444432 9.9973E-05 0.273709
0.0331075 9.9964E-05 0.0133438 9.9964E-05 0.953149 9.9964E-05 9.9964E-05
0.135977 0.0971994 0.043954 9.9982E-05 0.555512 9.9982E-05 0.167158
0.0101051 0.0529648 0.151423 9.9991E-05 0.658764 0.0832853 0.043358
0.106656 0.000577869 0.24087 0.0132832 0.285928 0.141841 0.210844
9.99553E-05 0.0313608 0.968139 9.99553E-05 9.99553E-05 9.99553E-05 9.99553E-05
9.995E-05 9.995E-05 9.995E-05 0.9994 9.995E-05 9.995E-05 9.995E-05
0.00704848 9.99549E-05 9.99549E-05 0.992452 9.99549E-05 9.99549E-05 9.99549E-05
9.995E-05 9.995E-05 9.995E-05 0.9994 9.995E-05 9.995E-05 9.995E-05
9.995E-05 9.995E-05 9.995E-05 0.9994 9.995E-05 9.995E-05 9.995E-05
9.995E-05 9.995E-05 9.995E-05 0.9994 9.995E-05 9.995E-05 9.995E-05
9.99821E-05 0.0385498 9.99821E-05 0.631535 0.0555603 0.261315 0.01284
0.00832321 9.99549E-05 9.99549E-05 0.991177 9.99549E-05 9.99549E-05 9.99549E-05
9.99639E-05 9.99639E-05 0.935714 9.99639E-05 0.0073947 9.99639E-05 0.0564912
0.012138 9.9987E-05 0.272162 0.543255 0.0739485 0.0982972 9.9987E-05
9.995E-05 9.995E-05 9.995E-05 9.995E-05 9.995E-05 0.9994 9.995E-05
0.0627912 9.99639E-05 0.11558 9.99639E-05 9.99639E-05 9.99639E-05 0.821229
0.00571701 9.9982E-05 0.236441 9.9982E-05 0.336773 0.0528668 0.368003
9.995E-05 9.995E-05 9.995E-05 9.995E-05 9.995E-05 9.995E-05 0.9994
9.99639E-05 9.99639E-05 0.019826 9.99639E-05 0.0999111 9.99639E-05 0.879863
0.102984 0.00505062 9.99729E-05 9.99729E-05 0.0440677 9.99729E-05 0.847597
9.99551E-05 0.900079 0.0994212 9.99551E-05 9.99551E-05 9.99551E-05 9.99551E-05
9.995E-05 9.995E-05 9.995E-05 9.995E-05 9.995E-05 0.9994 9.995E-05
0.122406 0.048851 0.210444 0.232038 9.999E-05 0.211804 0.174357
9.99552E-05 9.99552E-05 9.99552E-05 9.99552E-05 9.99552E-05 0.963778 0.0357225
9.9955E-05 9.9955E-05 0.0420128 9.9955E-05 9.9955E-05 0.957487 9.9955E-05
9.9964E-05 9.9964E-05 9.9964E-05 0.0727747 9.9964E-05 0.896367 0.0304586
9.9973E-05 0.00639478 0.00444786 0.0675307 9.9973E-05 0.921327 9.9973E-05
0.00243412 9.997E-05 0.0434759 9.997E-05 0.080615 0.873175 9.997E-05
0.000813345 9.99549E-05 9.99549E-05 9.99549E-05 9.99549E-05 0.998687 9.99549E-05
9.99553E-05 9.99553E-05 9.99553E-05 0.459609 9.99553E-05 0.539891 9.99553E-05
9.99643E-05 9.99643E-05 9.99643E-05 0.315176 9.99643E-05 0.504295 0.18013
0.000640009 9.9973E-05 0.00211724 0.0211231 9.9973E-05 0.97582 9.9973E-05
0.0477034 9.999E-05 0.172002 0.0823653 0.44605 0.0550096 0.19677
0.0234756 9.999E-05 0.146331 0.101519 0.475952 0.0484347 0.204189
0.9994 9.995E-05 9.995E-05 9.995E-05 9.995E-05 9.995E-05 9.995E-05
0.9994 9.995E-05 9.995E-05 9.995E-05 9.995E-05 9.995E-05 9.995E-05
9.9964E-05 9.9964E-05 0.0453633 9.9964E-05 0.950462 9.9964E-05 0.00377516
9.99639E-05 9.99639E-05 0.0420974 9.99639E-05 0.888671 9.99639E-05 0.0688321
0.980146 9.9955E-05 9.9955E-05 9.9955E-05 0.019354 9.9955E-05 9.9955E-05
0.9994 9.995E-05 9.995E-05 9.995E-05 9.995E-05 9.995E-05 9.995E-05
9.99549E-05 9.99549E-05 0.932091 9.99549E-05 9.99549E-05 9.99549E-05 0.0674088
9.9982E-05 0.0548574 0.128483 9.9982E-05 0.493134 0.00460232 0.318724
9.9982E-05 9.9982E-05 0.233667 0.585212 0.0567455 0.0861915 0.0379838
0.251254 0.112612 9.99821E-05 9.99821E-05 0.230963 0.0407 0.36427
0.308757 0.0748282 0.220235 9.9973E-05 9.9973E-05 9.9973E-05 0.39588
0.0104901 0.0553452 9.99821E-05 0.335622 0.0444245 0.553918 9.99821E-05
