9.999E-05 9.999E-05 0.9998
9.999E-05 0.540993 0.458907
0.040729 0.868239 0.0910324
9.999E-05 0.9998 9.999E-05
9.9991E-05 0.69737 0.30253
9.999E-05 0.9998 9.999E-05
9.999E-05 0.369361 0.630539
9.999E-05 0.815159 0.184741
9.9991E-05 0.360257 0.639643
9.9991E-05 0.0261799 0.97372
9.9991E-05 0.0121446 0.987755
9.9991E-05 0.0288156 0.971084
9.99911E-05 0.0711864 0.928714
0.0140681 0.985832 9.9991E-05
9.999E-05 0.9998 9.999E-05
9.9991E-05 0.0256797 0.97422
0.131228 0.0140151 0.854757
0.722085 0.0335542 0.24436
0.9998 9.999E-05 9.999E-05
9.999E-05 9.999E-05 0.9998
0.9998 9.999E-05 9.999E-05
9.999E-05 9.999E-05 0.9998
0.52984 0.100378 0.369783
0.953904 9.9991E-05 0.0459958
9.999E-05 0.9998 9.999E-05
9.999E-05 0.9998 9.999E-05
9.999E-05 9.999E-05 0.9998
9.999E-05 0.9998 9.999E-05
9.999E-05 0.9998 9.999E-05
0.0289728 0.958514 0.0125136
0.0154006 0.955949 0.0286504
9.99911E-05 0.579152 0.420748
9.999E-05 0.9998 9.999E-05
9.9991E-05 0.834301 0.165599
9.9991E-05 0.0666245 0.933276
9.9991E-05 0.992092 0.00780785
9.9991E-05 0.0589823 0.940918
0.0172785 0.160251 0.82247
0.132467 0.161726 0.705808
9.9991E-05 0.127673 0.872227
0.0105802 0.0866016 0.902818
0.02016 9.9991E-05 0.97974
9.9991E-05 0.0405414 0.959359
0.0123284 0.00360909 0.984063
0.156092 9.9991E-05 0.843808
0.0331857 0.0973151 0.869499
9.9991E-05 0.154075 0.845825
0.00309131 9.99911E-05 0.996809
0.0234716 0.836239 0.140289
0.0451585 0.799842 0.154999
0.0208842 0.800592 0.178524
0.0368691 0.849376 0.113755
0.0179106 0.856024 0.126065
0.043872 0.762518 0.19361
9.9991E-05 0.753591 0.246309
9.999E-05 9.999E-05 0.9998
9.9991E-05 0.556899 0.443001
9.999E-05 0.9998 9.999E-05
9.999E-05 9.999E-05 0.9998
9.9991E-05 0.0725641 0.927336
9.999E-05 9.999E-05 0.9998
9.999E-05 9.999E-05 0.9998
0.0153641 9.9991E-05 0.984536
0.888452 9.9991E-05 0.111448
9.999E-05 0.9998 9.999E-05
0.049046 0.428776 0.522178
9.999E-05 0.9998 9.999E-05
9.999E-05 0.9998 9.999E-05
9.999E-05 0.9998 9.999E-05
0.00161715 0.998283 9.9991E-05
9.9991E-05 0.977454 0.0224458
9.999E-05 0.9998 9.999E-05
9.99911E-05 0.958621 0.041279
0.00922421 0.872593 0.118183
0.0071964 0.992704 9.9991E-05
9.9991E-05 0.128782 0.871118
9.9991E-05 0.141059 0.858841
0.211466 0.127435 0.661099
0.244871 0.136531 0.618599
9.9991E-05 0.039997 0.959903
9.9991E-05 0.0102322 0.989668
0.218747 0.141815 0.639439
0.245935 0.154699 0.599366
9.999E-05 9.999E-05 0.9998
0.0346516 0.0290228 0.936326
9.9991E-05 0.580095 0.419805
0.20233 0.0787092 0.718961
0.156899 9.9991E-05 0.843001
0.0651074 0.934793 9.9991E-05
