0.0384593 0.961441 9.9991E-05
0.3548 0.334791 0.310408
0.0193041 0.0773225 0.903373
9.999E-05 9.999E-05 0.9998
0.313211 0.219772 0.467018
9.999E-05 9.999E-05 0.9998
0.503515 0.47086 0.0256254
0.497395 0.0641943 0.438411
0.559897 0.440003 9.9991E-05
0.199462 0.800438 9.9991E-05
0.167126 0.832774 9.9991E-05
9.9991E-05 0.86481 0.13509
9.9991E-05 0.877949 0.121951
9.9991E-05 0.0406452 0.959255
9.9991E-05 0.0101854 0.989715
0.155391 0.844509 9.9991E-05
9.9991E-05 0.931869 0.0680314
0.0535735 0.946326 9.99911E-05
9.999E-05 0.9998 9.999E-05
0.0652313 0.934669 9.9991E-05
9.999E-05 0.9998 9.999E-05
0.0873777 0.910054 0.00256835
0.0432376 0.937804 0.0189581
9.999E-05 0.9998 9.999E-05
9.999E-05 9.999E-05 0.9998
9.999E-05 9.999E-05 0.9998
0.0121606 0.987739 9.9991E-05
0.0620952 9.9991E-05 0.937805
0.10701 9.9991E-05 0.89289
0.301629 0.0152102 0.683161
0.310843 9.9991E-05 0.689057
0.694159 0.2321 0.0737406
0.000536499 9.9991E-05 0.999364
0.922136 9.9991E-05 0.077764
9.9991E-05 0.858752 0.141148
9.9991E-05 0.0132052 0.986695
9.9991E-05 0.872549 0.127351
0.245514 0.748754 0.00573208
9.9991E-05 0.798989 0.200911
9.99909E-05 0.819117 0.180783
0.0560993 0.867701 0.0761994
0.0839758 0.915924 9.99909E-05
0.17239 0.82751 9.9991E-05
0.108356 0.891544 9.99909E-05
0.0787902 0.92111 9.9991E-05
0.139653 0.834587 0.0257603
0.0630833 0.804164 0.132753
0.0615712 0.937751 0.000677832
0.9998 9.999E-05 9.999E-05
0.9998 9.999E-05 9.999E-05
0.9998 9.999E-05 9.999E-05
0.9998 9.999E-05 9.999E-05
0.9998 9.999E-05 9.999E-05
0.71066 0.0774573 0.211882
0.9998 9.999E-05 9.999E-05
0.0625183 0.937382 9.9991E-05
0.640103 0.256557 0.103339
9.999E-05 9.999E-05 0.9998
0.0181136 0.927684 0.0542027
0.0833879 0.842359 0.0742534
0.00471987 0.964475 0.0308049
9.9991E-05 0.973461 0.0264386
9.999E-05 0.9998 9.999E-05
9.999E-05 0.9998 9.999E-05
9.999E-05 9.999E-05 0.9998
0.105331 0.544356 0.350313
0.00796248 9.9991E-05 0.991938
0.0349403 9.9991E-05 0.96496
0.0870142 9.9991E-05 0.912886
0.0613591 9.9991E-05 0.938541
9.9991E-05 0.0396608 0.960239
9.999E-05 9.999E-05 0.9998
0.515602 9.99911E-05 0.484298
0.477277 0.027522 0.495201
0.00153632 0.00800069 0.990463
0.23944 0.716796 0.043764
0.240586 0.721991 0.0374237
9.9991E-05 0.869178 0.130722
9.9991E-05 0.8439 0.156
0.173342 0.826558 9.99909E-05
0.143142 0.856758 9.99909E-05
0.050782 0.812075 0.137142
9.9991E-05 0.869036 0.130864
0.0807285 0.898065 0.0212061
0.146757 0.853143 9.9991E-05
0.755688 0.212743 0.0315688
9.9991E-05 0.886841 0.113059
9.9991E-05 0.972141 0.0277594
0.344035 9.99911E-05 0.655865
