9.99549E-05 9.99549E-05 9.99549E-05 0.00397894 9.99549E-05 0.0581887 9.99549E-05 0.937333
9.99729E-05 0.612024 0.183853 0.0488251 9.99729E-05 0.0131832 9.99729E-05 0.141815
0.0617237 0.106441 0.768393 0.0436767 9.99733E-05 9.99733E-05 0.0194661 9.99733E-05
9.9946E-05 9.9946E-05 0.966034 0.0333661 9.9946E-05 9.9946E-05 9.9946E-05 9.9946E-05
9.99731E-05 0.31312 0.40725 9.99731E-05 0.0550926 0.205972 9.99731E-05 0.0182659
9.9955E-05 9.9955E-05 0.98517 0.0116753 9.9955E-05 0.00265501 9.9955E-05 9.9955E-05
0.264282 0.735119 9.9946E-05 9.9946E-05 9.9946E-05 9.9946E-05 9.9946E-05 9.9946E-05
9.9973E-05 0.394011 0.388616 0.000959289 0.196983 0.0191302 9.9973E-05 9.9973E-05
0.191528 0.807873 9.9946E-05 9.9946E-05 9.9946E-05 9.9946E-05 9.9946E-05 9.9946E-05
9.99461E-05 0.019869 9.99461E-05 9.99461E-05 9.99461E-05 0.979531 9.99461E-05 9.99461E-05
9.99461E-05 0.0351005 9.99461E-05 9.99461E-05 9.99461E-05 0.9643 9.99461E-05 9.99461E-05
0.170618 9.9964E-05 0.00123784 0.158416 9.9964E-05 9.9964E-05 9.9964E-05 0.669328
0.990626 9.99461E-05 0.00877452 9.99461E-05 9.99461E-05 9.99461E-05 9.99461E-05 9.99461E-05
9.9964E-05 9.9964E-05 0.938702 0.00650032 9.9964E-05 9.9964E-05 0.0289594 0.0254382
9.9946E-05 9.9946E-05 0.956835 9.9946E-05 9.9946E-05 9.9946E-05 9.9946E-05 0.0425658
0.310904 0.0908312 0.000609366 9.9982E-05 0.00650094 0.468126 9.9982E-05 0.122829
0.205638 9.99641E-05 9.99641E-05 0.266515 9.99641E-05 0.458146 0.0693018 9.99641E-05
9.99729E-05 0.0423043 9.99729E-05 9.99729E-05 0.0360399 0.162386 0.708594 0.0503755
0.000132129 9.9955E-05 9.9955E-05 0.0832217 9.9955E-05 9.9955E-05 0.916146 9.9955E-05
0.0585691 9.9964E-05 9.9964E-05 0.0613422 9.9964E-05 0.754185 9.9964E-05 0.125504
9.994E-05 9.994E-05 9.994E-05 9.994E-05 9.994E-05 9.994E-05 0.9993 9.994E-05
0.12492 9.9973E-05 0.00236944 0.0223469 9.9973E-05 0.30829 9.9973E-05 0.541773
9.9973E-05 9.9973E-05 0.010507 0.315253 0.00289914 0.237559 0.433482 9.9973E-05
9.99459E-05 9.99459E-05 9.99459E-05 0.105202 9.99459E-05 9.99459E-05 0.894198 9.99459E-05
9.994E-05 9.994E-05 0.9993 9.994E-05 9.994E-05 9.994E-05 9.994E-05 9.994E-05
9.994E-05 9.994E-05 0.9993 9.994E-05 9.994E-05 9.994E-05 9.994E-05 9.994E-05
0.7931 9.99639E-05 9.99639E-05 0.0518609 9.99639E-05 0.0741127 9.99639E-05 0.080527
9.9946E-05 9.9946E-05 0.942285 9.9946E-05 0.0571149 9.9946E-05 9.9946E-05 9.9946E-05
0.0288521 9.9955E-05 0.899539 9.9955E-05 0.0711095 9.9955E-05 9.9955E-05 9.9955E-05
0.0147006 0.054493 0.67178 0.0296674 0.187973 9.9991E-05 0.0336307 0.007655
9.9964E-05 0.158997 0.64398 0.0162017 0.180421 9.9964E-05 9.9964E-05 9.9964E-05
9.9964E-05 0.883298 9.9964E-05 0.0035394 0.0689388 9.9964E-05 9.9964E-05 0.0438241
0.00224545 9.99623E-05 0.995439 9.99623E-05 9.99623E-05 9.99623E-05 9.99623E-05 0.0018155
9.99551E-05 0.103218 0.0856313 9.99551E-05 0.810651 9.99551E-05 9.99551E-05 9.99551E-05
0.578924 9.99819E-05 0.0499059 0.178776 0.0200705 0.162548 9.99819E-05 0.00957524
0.0230001 9.99459E-05 0.9764 9.99459E-05 9.99459E-05 9.99459E-05 9.99459E-05 9.99459E-05
9.9946E-05 9.9946E-05 0.0137024 9.9946E-05 9.9946E-05 9.9946E-05 9.9946E-05 0.985698
9.9973E-05 0.166599 0.0272783 9.9973E-05 9.9973E-05 0.725828 0.00487497 0.0751202
0.145444 9.9982E-05 0.128614 0.36693 9.9982E-05 0.30176 0.0535982 0.00345332
9.99549E-05 9.99549E-05 0.129492 9.99549E-05 9.99549E-05 0.590158 9.99549E-05 0.279849
9.99549E-05 9.99549E-05 0.0795892 9.99549E-05 9.99549E-05 0.600328 9.99549E-05 0.319583
9.994E-05 9.994E-05 9.994E-05 9.994E-05 9.994E-05 0.9993 9.994E-05 9.994E-05
0.235517 0.149663 9.99639E-05 9.99639E-05 9.99639E-05 0.44042 9.99639E-05 0.174001
0.0239624 9.9946E-05 9.9946E-05 9.9946E-05 9.9946E-05 0.975438 9.9946E-05 9.9946E-05
0.20741 9.9982E-05 9.9982E-05 0.136074 0.00885874 0.459501 0.127199 0.060758
0.0489158 9.9982E-05 0.0779561 0.0386748 9.9982E-05 0.677035 0.0277186 0.1295
0.24813 9.9982E-05 0.103544 0.0728425 0.0611333 0.312491 9.9982E-05 0.201659
9.99463E-05 9.99463E-05 9.99463E-05 9.99463E-05 9.99463E-05 9.99463E-05 0.0112853 0.988115
9.994E-05 9.994E-05 9.994E-05 9.994E-05 0.9993 9.994E-05 9.994E-05 9.994E-05
9.994E-05 9.994E-05 9.994E-05 9.994E-05 0.9993 9.994E-05 9.994E-05 9.994E-05
9.9946E-05 9.9946E-05 9.9946E-05 9.9946E-05 0.998086 0.00131411 9.9946E-05 9.9946E-05
9.9946E-05 9.9946E-05 9.9946E-05 9.9946E-05 0.992458 9.9946E-05 9.9946E-05 0.00694221
9.994E-05 9.994E-05 9.994E-05 9.994E-05 0.9993 9.994E-05 9.994E-05 9.994E-05
9.99731E-05 0.21043 0.265623 9.99731E-05 0.4273 0.058263 0.0380844 9.99731E-05
9.9955E-05 0.0193234 9.9955E-05 9.9955E-05 0.956144 9.9955E-05 9.9955E-05 0.0240332
0.0806424 9.99459E-05 9.99459E-05 9.99459E-05 9.99459E-05 9.99459E-05 9.99459E-05 0.918758
9.99729E-05 0.835005 0.0213773 0.0124999 0.0841141 9.99729E-05 9.99729E-05 0.0467042
9.994E-05 9.994E-05 0.9993 9.994E-05 9.994E-05 9.994E-05 9.994E-05 9.994E-05
0.867289 9.9964E-05 9.9964E-05 0.0272205 0.0381276 9.9964E-05 9.9964E-05 0.0669628
0.327425 0.0806589 0.0467857 0.0141537 9.9982E-05 0.318756 9.9982E-05 0.212021
0.9993 9.994E-05 9.994E-05 9.994E-05 9.994E-05 9.994E-05 9.994E-05 9.994E-05
0.887025 9.99549E-05 9.99549E-05 9.99549E-05 9.99549E-05 0.0510501 9.99549E-05 0.061425
0.883114 9.99549E-05 9.99549E-05 0.0475436 9.99549E-05 0.0688428 9.99549E-05 9.99549E-05
9.99462E-05 9.99462E-05 9.99462E-05 9.99462E-05 9.99462E-05 9.99462E-05 0.891211 0.108189
9.994E-05 9.994E-05 0.9993 9.994E-05 9.994E-05 9.994E-05 9.994E-05 9.994E-05
0.0790024 0.178804 0.189549 0.0159055 0.173805 0.249365 9.9991E-05 0.11347
9.994E-05 9.994E-05 0.9993 9.994E-05 9.994E-05 9.994E-05 9.994E-05 9.994E-05
9.9946E-05 9.9946E-05 0.969009 9.9946E-05 9.9946E-05 9.9946E-05 9.9946E-05 0.0303909
9.9955E-05 0.02767 0.915592 9.9955E-05 0.0562386 9.9955E-05 9.9955E-05 9.9955E-05
9.9964E-05 0.0219076 0.908255 9.9964E-05 0.052555 9.9964E-05 9.9964E-05 0.0168822
9.99551E-05 0.0390395 0.902823 9.99551E-05 9.99551E-05 0.0576381 9.99551E-05 9.99551E-05
9.994E-05 9.994E-05 0.9993 9.994E-05 9.994E-05 9.994E-05 9.994E-05 9.994E-05
9.99552E-05 0.354571 0.434149 9.99552E-05 0.210779 9.99552E-05 9.99552E-05 9.99552E-05
0.0671532 0.423185 0.426952 9.99642E-05 0.0823092 9.99642E-05 9.99642E-05 9.99642E-05
9.9955E-05 9.9955E-05 0.94201 9.9955E-05 0.0331769 0.0243134 9.9955E-05 9.9955E-05
0.118389 0.198889 0.0332419 0.0402554 9.9982E-05 0.515093 9.9982E-05 0.0939318
0.111203 0.234766 0.0410238 0.0656836 9.99819E-05 0.455436 9.99819E-05 0.0916874
9.994E-05 9.994E-05 9.994E-05 0.9993 9.994E-05 9.994E-05 9.994E-05 9.994E-05
9.994E-05 9.994E-05 9.994E-05 0.9993 9.994E-05 9.994E-05 9.994E-05 9.994E-05
0.0019826 0.0628108 9.9973E-05 9.9973E-05 0.00475417 0.874622 9.9973E-05 0.0555307
0.0635159 0.0680187 9.9964E-05 9.9964E-05 9.9964E-05 0.862585 9.9964E-05 0.00548043
9.99459E-05 0.0206608 9.99459E-05 0.97874 9.99459E-05 9.99459E-05 9.99459E-05 9.99459E-05
9.994E-05 9.994E-05 9.994E-05 0.9993 9.994E-05 9.994E-05 9.994E-05 9.994E-05
0.0359619 9.99549E-05 9.99549E-05 9.99549E-05 0.00326872 9.99549E-05 9.99549E-05 0.96027
0.247724 0.122941 9.9973E-05 9.9973E-05 9.9973E-05 0.469912 0.0479579 0.111166
9.99548E-05 0.799506 9.99548E-05 9.99548E-05 0.138345 9.99548E-05 9.99548E-05 0.0616493
0.340905 9.997E-05 0.0483215 0.26805 9.997E-05 0.243436 0.0989875 9.997E-05
0.419215 9.99731E-05 9.99731E-05 0.331279 9.99731E-05 0.0155587 0.0711818 0.162466
9.99731E-05 0.20134 0.588614 0.0171161 0.144344 9.99731E-05 0.048285 9.99731E-05
