9.99549E-05 0.0121211 9.99549E-05 9.99549E-05 0.0492932 9.99549E-05 9.99549E-05 0.938086
0.306263 0.04166 0.149567 9.9982E-05 0.0197404 9.9982E-05 0.23314 0.249429
0.807183 0.0117819 0.02272 0.0842361 9.99822E-05 0.0351601 0.038719 9.99822E-05
0.955019 0.0231551 0.000626904 9.9964E-05 0.0207993 9.9964E-05 9.9964E-05 9.9964E-05
0.4595 9.99731E-05 0.0882067 9.99731E-05 0.236727 9.99731E-05 0.18317 0.0320966
0.984443 0.00510178 9.9964E-05 9.9964E-05 0.00220896 9.9964E-05 9.9964E-05 0.00784591
9.994E-05 9.994E-05 9.994E-05 9.994E-05 9.994E-05 9.994E-05 0.9993 9.994E-05
0.414597 9.99641E-05 0.293876 9.99641E-05 0.0973461 9.99641E-05 0.193781 9.99641E-05
9.994E-05 9.994E-05 9.994E-05 9.994E-05 9.994E-05 9.994E-05 0.9993 9.994E-05
9.9946E-05 9.9946E-05 9.9946E-05 9.9946E-05 0.847863 9.9946E-05 0.151538 9.9946E-05
9.9946E-05 9.9946E-05 9.9946E-05 9.9946E-05 0.851846 9.9946E-05 0.147554 9.9946E-05
0.0351094 0.1086 9.9964E-05 0.180728 9.9964E-05 9.9964E-05 9.9964E-05 0.675162
9.99461E-05 9.99461E-05 9.99461E-05 0.998064 9.99461E-05 9.99461E-05 0.00133602 9.99461E-05
0.94379 9.9964E-05 9.9964E-05 0.00127283 9.9964E-05 0.0137243 9.9964E-05 0.0408128
0.93941 0.0130689 9.9964E-05 9.9964E-05 0.00634198 9.9964E-05 9.9964E-05 0.0407793
9.99729E-05 0.0259885 9.99729E-05 0.282601 0.197836 9.99729E-05 0.289058 0.204216
9.9973E-05 0.274039 9.9973E-05 0.237073 0.383494 0.0538862 9.9973E-05 0.0512078
9.99639E-05 9.99639E-05 0.076498 9.99639E-05 0.195006 0.683022 0.0450743 9.99639E-05
9.9946E-05 0.0796905 9.9946E-05 9.9946E-05 9.9946E-05 0.91971 9.9946E-05 9.9946E-05
9.9964E-05 0.065381 9.9964E-05 0.0697656 0.67926 9.9964E-05 9.9964E-05 0.185194
9.994E-05 9.994E-05 9.994E-05 9.994E-05 9.994E-05 0.9993 9.994E-05 9.994E-05
9.99639E-05 0.0131275 9.99639E-05 0.144 0.182043 9.99639E-05 9.99639E-05 0.66043
9.99551E-05 0.343778 9.99551E-05 9.99551E-05 0.305202 0.35052 9.99551E-05 9.99551E-05
9.99549E-05 0.0689479 9.99549E-05 9.99549E-05 0.0518783 0.878674 9.99549E-05 9.99549E-05
0.960911 9.99551E-05 0.0191252 9.99551E-05 9.99551E-05 9.99551E-05 0.0194644 9.99551E-05
0.9993 9.994E-05 9.994E-05 9.994E-05 9.994E-05 9.994E-05 9.994E-05 9.994E-05
9.99729E-05 0.0118224 0.00208222 0.815546 0.0539489 9.99729E-05 9.99729E-05 0.1163
0.909245 9.99549E-05 0.0347953 9.99549E-05 9.99549E-05 9.99549E-05 0.0554598 9.99549E-05
0.882622 9.9955E-05 0.0702679 9.9955E-05 9.9955E-05 9.9955E-05 0.04661 9.9955E-05
0.636273 0.0397308 0.259794 0.0231531 0.00102139 0.0398274 9.9982E-05 9.9982E-05
0.709185 0.0333389 0.21954 9.99731E-05 0.0207605 9.99731E-05 0.0168758 9.99731E-05
0.113804 0.000292048 0.356203 9.99731E-05 9.99731E-05 9.99731E-05 0.344565 0.184836
0.978597 0.00264211 9.99551E-05 9.99551E-05 9.99551E-05 9.99551E-05 0.0182615 9.99551E-05
0.109474 9.99551E-05 0.841111 9.99551E-05 9.99551E-05 9.99551E-05 0.0489145 9.99551E-05
0.0407836 0.181026 9.99729E-05 0.620195 0.13585 9.99729E-05 9.99729E-05 0.0218449
0.945364 9.99549E-05 9.99549E-05 0.00272314 9.99549E-05 9.99549E-05 0.0514129 9.99549E-05
0.0348132 9.99461E-05 9.99461E-05 9.99461E-05 9.99461E-05 9.99461E-05 9.99461E-05 0.964587
0.071939 9.9973E-05 0.040743 9.9973E-05 0.709019 9.9973E-05 0.0658489 0.112151
0.117264 0.350746 9.99731E-05 0.201284 0.2935 0.0369071 9.99731E-05 9.99731E-05
0.117825 0.00357379 9.99639E-05 9.99639E-05 0.532739 9.99639E-05 9.99639E-05 0.345462
0.0910285 0.0365758 9.99639E-05 9.99639E-05 0.513771 9.99639E-05 9.99639E-05 0.358225
9.9946E-05 9.9946E-05 9.9946E-05 9.9946E-05 0.989431 9.9946E-05 9.9946E-05 0.00996895
9.99639E-05 9.99639E-05 9.99639E-05 0.176387 0.185666 9.99639E-05 0.378072 0.259476
9.9946E-05 9.9946E-05 9.9946E-05 0.048684 0.950716 9.9946E-05 9.9946E-05 9.9946E-05
9.9982E-05 0.107501 0.0051442 0.196418 0.543192 0.0880327 9.9982E-05 0.0595119
0.0837437 0.023808 0.010238 0.0529067 0.638382 0.0315902 0.0122126 0.147119
0.0889323 0.0952224 0.0536677 0.272275 0.338954 9.998E-05 9.998E-05 0.150749
9.99464E-05 9.99464E-05 9.99464E-05 9.99464E-05 9.99464E-05 0.00383964 9.99464E-05 0.995561
9.994E-05 9.994E-05 0.9993 9.994E-05 9.994E-05 9.994E-05 9.994E-05 9.994E-05
9.9946E-05 0.00346024 0.99594 9.9946E-05 9.9946E-05 9.9946E-05 9.9946E-05 9.9946E-05
9.9946E-05 9.9946E-05 0.998149 0.00125143 9.9946E-05 9.9946E-05 9.9946E-05 9.9946E-05
9.994E-05 9.994E-05 0.9993 9.994E-05 9.994E-05 9.994E-05 9.994E-05 9.994E-05
0.00541737 9.9946E-05 0.993983 9.9946E-05 9.9946E-05 9.9946E-05 9.9946E-05 9.9946E-05
0.230153 9.99821E-05 0.520999 0.0201655 0.0914965 0.0222563 0.11473 9.99821E-05
9.9955E-05 0.000769413 0.990375 0.00835618 9.9955E-05 9.9955E-05 9.9955E-05 9.9955E-05
9.99549E-05 9.99549E-05 9.99549E-05 0.0778347 9.99549E-05 9.99549E-05 0.00984262 0.911823
0.0992257 0.00726604 0.316764 9.99729E-05 9.99729E-05 9.99729E-05 0.385074 0.19137
0.992 9.99459E-05 9.99459E-05 9.99459E-05 9.99459E-05 9.99459E-05 9.99459E-05 0.00740036
9.9964E-05 0.0368317 9.9964E-05 0.849275 9.9964E-05 9.9964E-05 0.0245188 0.0889743
9.9973E-05 0.0496702 9.9973E-05 0.295388 0.0957003 9.9973E-05 0.310789 0.248152
9.99461E-05 9.99461E-05 9.99461E-05 0.916583 9.99461E-05 9.99461E-05 0.0828175 9.99461E-05
9.99549E-05 9.99549E-05 9.99549E-05 0.914189 0.0577805 9.99549E-05 9.99549E-05 0.0275311
9.99549E-05 0.0302471 9.99549E-05 0.86387 0.105383 9.99549E-05 9.99549E-05 9.99549E-05
9.99551E-05 9.99551E-05 0.00623469 9.99551E-05 9.99551E-05 0.884603 9.99551E-05 0.108663
0.9993 9.994E-05 9.994E-05 9.994E-05 9.994E-05 9.994E-05 9.994E-05 9.994E-05
0.167727 0.118839 0.224886 0.122812 0.144415 0.0390652 0.00748435 0.174772
0.951142 9.99641E-05 0.00502303 0.0201517 9.99641E-05 9.99641E-05 0.0232836 9.99641E-05
0.954098 9.9964E-05 0.0145501 9.9964E-05 0.0110719 9.9964E-05 9.9964E-05 0.0198798
0.878645 9.997E-05 0.0411949 0.00462737 9.997E-05 9.997E-05 0.0600898 0.0151431
0.922421 9.9964E-05 0.00174653 9.9964E-05 9.9964E-05 0.00558041 0.0698517 9.9964E-05
0.899692 0.00647918 9.99641E-05 9.99641E-05 0.0852765 9.99641E-05 9.99641E-05 0.0081522
0.9993 9.994E-05 9.994E-05 9.994E-05 9.994E-05 9.994E-05 9.994E-05 9.994E-05
0.484237 9.99553E-05 0.301033 9.99553E-05 9.99553E-05 9.99553E-05 0.21423 9.99553E-05
0.43976 9.99552E-05 0.13877 9.99552E-05 9.99552E-05 9.99552E-05 0.42097 9.99552E-05
0.943988 9.99641E-05 9.99641E-05 0.00543587 0.0173089 9.99641E-05 9.99641E-05 0.0328674
0.00642782 0.0915176 9.99729E-05 9.99729E-05 0.214379 9.99729E-05 0.444554 0.242822
9.99728E-05 0.0815243 9.99728E-05 0.0318114 0.180617 9.99728E-05 0.491416 0.214332
9.9946E-05 0.992687 9.9946E-05 9.9946E-05 9.9946E-05 9.9946E-05 9.9946E-05 0.00671312
9.994E-05 0.9993 9.994E-05 9.994E-05 9.994E-05 9.994E-05 9.994E-05 9.994E-05
9.99549E-05 9.99549E-05 9.99549E-05 9.99549E-05 0.846361 9.99549E-05 0.0716117 0.0815276
9.9964E-05 9.9964E-05 9.9964E-05 0.0247137 0.872176 9.9964E-05 0.0629694 0.0397413
9.9955E-05 0.99151 9.9955E-05 9.9955E-05 0.0039314 9.9955E-05 0.00405923 9.9955E-05
9.994E-05 0.9993 9.994E-05 9.994E-05 9.994E-05 9.994E-05 9.994E-05 9.994E-05
9.99459E-05 9.99459E-05 9.99459E-05 0.0609143 9.99459E-05 9.99459E-05 9.99459E-05 0.938486
9.997E-05 9.997E-05 9.997E-05 0.202391 0.301391 0.0595607 0.263326 0.173032
0.08943 9.99639E-05 0.351037 9.99639E-05 9.99639E-05 9.99639E-05 0.415447 0.143686
0.0340103 0.198498 9.99731E-05 0.365466 0.305021 0.0967052 9.99731E-05 9.99731E-05
9.99731E-05 0.285567 9.99731E-05 0.452221 0.0393373 0.063423 9.99731E-05 0.159151
0.589756 0.0416583 0.232138 9.99731E-05 9.99731E-05 0.0208482 0.115299 9.99731E-05
