0.9995 9.996E-05 9.996E-05 9.996E-05 9.996E-05 9.996E-05
0.459523 9.9973E-05 9.9973E-05 0.255704 0.284473 9.9973E-05
9.999E-05 0.0316691 0.00929663 0.0367268 0.826534 0.0956731
9.9964E-05 9.9964E-05 0.0157649 9.9964E-05 0.983835 9.9964E-05
0.294294 9.99731E-05 9.99731E-05 0.25278 0.452626 9.99731E-05
0.0319858 0.00297517 0.0125857 9.9982E-05 0.952253 9.9982E-05
0.0501117 9.99821E-05 9.99821E-05 0.325464 0.0348401 0.589384
0.0840224 9.99821E-05 0.0120018 0.480565 0.423211 9.99821E-05
0.167024 9.9982E-05 9.9982E-05 0.374807 0.0575375 0.400432
0.791837 9.99731E-05 0.0725965 0.135266 9.99731E-05 9.99731E-05
0.800768 9.99821E-05 0.0618467 0.116986 9.99821E-05 0.0201998
0.727524 9.9982E-05 0.101923 9.9982E-05 0.0274214 0.142931
9.9964E-05 9.9964E-05 9.9964E-05 9.9964E-05 0.00369937 0.995901
0.0111073 0.0223555 9.9973E-05 9.9973E-05 0.966237 9.9973E-05
0.0427615 0.0202279 9.9973E-05 9.9973E-05 0.936711 9.9973E-05
0.564716 9.9982E-05 0.0197979 0.0766016 9.9982E-05 0.338684
0.372235 0.0843427 0.377503 9.9982E-05 9.9982E-05 0.16572
0.231339 0.703658 9.99729E-05 0.0647027 9.99729E-05 9.99729E-05
9.9964E-05 0.889588 0.110012 9.9964E-05 9.9964E-05 9.9964E-05
0.818243 9.9973E-05 0.148395 9.9973E-05 9.9973E-05 0.0330625
9.996E-05 0.9995 9.996E-05 9.996E-05 9.996E-05 9.996E-05
0.876209 9.9982E-05 0.00893777 9.9982E-05 0.0162301 0.0984232
0.148245 0.405732 0.395196 0.0506273 9.9982E-05 9.9982E-05
9.99639E-05 0.893985 0.105615 9.99639E-05 9.99639E-05 9.99639E-05
9.996E-05 9.996E-05 9.996E-05 9.996E-05 0.9995 9.996E-05
9.996E-05 9.996E-05 9.996E-05 9.996E-05 0.9995 9.996E-05
0.123383 9.99729E-05 0.0711389 9.99729E-05 9.99729E-05 0.805179
9.9964E-05 9.9964E-05 9.9964E-05 0.0600432 0.939557 9.9964E-05
9.9973E-05 9.9973E-05 9.9973E-05 0.079409 0.920066 0.000225479
9.99821E-05 0.0174684 0.0102339 0.314012 0.658086 9.99821E-05
9.9973E-05 9.9973E-05 0.0347406 0.320364 0.644595 9.9973E-05
0.35175 9.99731E-05 9.99731E-05 0.527868 0.120082 9.99731E-05
9.99641E-05 9.99641E-05 0.0202132 9.99641E-05 0.979387 9.99641E-05
9.9982E-05 9.9982E-05 0.017934 0.87391 0.102648 0.0053074
0.120857 9.99819E-05 0.234665 9.99819E-05 0.0661288 0.578149
9.99639E-05 9.99639E-05 9.99639E-05 9.99639E-05 0.96864 0.03096
0.936071 9.99642E-05 9.99642E-05 9.99642E-05 0.0635294 9.99642E-05
0.81895 0.0117337 9.9982E-05 0.138716 0.0304008 9.9982E-05
0.162173 0.0735284 0.40218 9.9991E-05 0.16476 0.197259
0.855167 9.99639E-05 9.99639E-05 9.99639E-05 0.144433 9.99639E-05
0.856317 9.99729E-05 0.0614414 9.99729E-05 0.0819421 9.99729E-05
0.905157 0.0243766 0.0701664 9.9973E-05 9.9973E-05 9.9973E-05
0.683292 9.9973E-05 9.9973E-05 0.0380255 9.9973E-05 0.278383
0.809049 0.0133779 0.117476 0.0301329 9.9991E-05 0.0298639
0.484806 0.118547 0.168151 0.051051 9.9991E-05 0.177346
0.737301 0.0538841 0.0822537 0.0619583 0.0395894 0.0250136
0.485675 0.00463454 0.107825 0.0383537 0.126403 0.237109
0.989146 0.0104537 9.99644E-05 9.99644E-05 9.99644E-05 9.99644E-05
9.996E-05 9.996E-05 9.996E-05 0.9995 9.996E-05 9.996E-05
9.996E-05 9.996E-05 9.996E-05 0.9995 9.996E-05 9.996E-05
9.996E-05 9.996E-05 9.996E-05 0.9995 9.996E-05 9.996E-05
9.996E-05 9.996E-05 9.996E-05 0.9995 9.996E-05 9.996E-05
9.996E-05 9.996E-05 9.996E-05 0.9995 9.996E-05 9.996E-05
0.088235 0.0384945 9.9991E-05 0.5744 0.256682 0.0420885
9.996E-05 9.996E-05 9.996E-05 0.9995 9.996E-05 9.996E-05
0.961075 9.9964E-05 9.9964E-05 9.9964E-05 9.9964E-05 0.0385256
0.367027 9.9973E-05 9.9973E-05 0.500705 0.131968 9.9973E-05
9.996E-05 9.996E-05 9.996E-05 9.996E-05 0.9995 9.996E-05
0.0772524 9.9973E-05 0.0689311 9.9973E-05 9.9973E-05 0.853517
0.604589 9.9973E-05 9.9973E-05 9.9973E-05 0.0704905 0.324621
9.996E-05 9.996E-05 9.996E-05 9.996E-05 9.996E-05 0.9995
0.0682425 9.99639E-05 9.99639E-05 9.99639E-05 9.99639E-05 0.931358
0.0562806 0.00179788 0.0916799 9.99819E-05 9.99819E-05 0.850042
0.0883283 0.903473 9.99731E-05 0.00789885 9.99731E-05 9.99731E-05
9.996E-05 9.996E-05 9.996E-05 9.996E-05 0.9995 9.996E-05
0.265014 0.0276291 0.132597 0.227391 0.179881 0.167487
9.99641E-05 9.99641E-05 9.99641E-05 9.99641E-05 0.971786 0.0278143
0.0220583 9.9973E-05 9.9973E-05 0.0154907 0.962151 9.9973E-05
0.0147642 9.9982E-05 9.9982E-05 0.101874 0.856276 0.0268858
9.9973E-05 0.00389943 9.9973E-05 0.046764 0.949037 9.9973E-05
0.0719031 9.9973E-05 9.9973E-05 0.0292355 0.898561 9.9973E-05
9.9964E-05 9.9964E-05 0.0124594 9.9964E-05 0.987141 9.9964E-05
9.99732E-05 9.99732E-05 9.99732E-05 0.476141 0.518592 0.00496693
9.99732E-05 9.99732E-05 9.99732E-05 0.349709 0.500715 0.149277
0.0352293 9.9991E-05 0.0254409 0.0268227 0.91175 0.000657265
0.664235 9.9991E-05 0.0405521 0.102809 0.0762883 0.116015
0.647803 9.9991E-05 0.0223488 0.123447 0.0450329 0.161268
9.996E-05 9.996E-05 0.9995 9.996E-05 9.996E-05 9.996E-05
9.996E-05 9.996E-05 0.9995 9.996E-05 9.996E-05 9.996E-05
0.79381 9.99819E-05 0.0613117 0.1095 9.99819E-05 0.0351782
0.783749 0.0184664 0.0346659 0.0769478 9.9991E-05 0.0860705
9.996E-05 9.996E-05 0.9995 9.996E-05 9.996E-05 9.996E-05
9.996E-05 9.996E-05 0.9995 9.996E-05 9.996E-05 9.996E-05
0.959885 9.9964E-05 9.9964E-05 9.9964E-05 9.9964E-05 0.0397151
0.681737 0.0698105 9.9991E-05 0.000666406 0.0254573 0.222229
0.330966 9.9973E-05 9.9973E-05 0.582709 0.0860249 9.9973E-05
0.128803 0.136428 0.288236 9.9991E-05 0.0819271 0.364505
0.174623 0.0760491 0.342725 9.99821E-05 9.99821E-05 0.406403
9.9991E-05 0.0471142 0.0285187 0.331546 0.588315 0.00440643
