0.9995 9.996E-05 9.996E-05 9.996E-05 9.996E-05 9.996E-05
0.406776 0.312343 9.9982E-05 0.018564 9.9982E-05 0.262117
9.999E-05 0.748817 0.0251203 0.0134436 0.0808262 0.131693
9.9964E-05 0.968311 9.9964E-05 0.0312892 9.9964E-05 9.9964E-05
0.259742 0.448713 9.99731E-05 9.99731E-05 9.99731E-05 0.291245
9.9964E-05 0.987272 9.9964E-05 0.0123284 9.9964E-05 9.9964E-05
9.99731E-05 0.0134056 9.99731E-05 9.99731E-05 0.588459 0.397836
0.0320623 0.407942 9.9982E-05 0.0354381 9.9982E-05 0.524358
0.0757055 9.99731E-05 9.99731E-05 9.99731E-05 0.479799 0.444196
0.75619 9.99821E-05 9.99821E-05 0.0943895 0.0264594 0.122761
0.799189 9.99731E-05 9.99731E-05 0.0730698 9.99731E-05 0.127441
0.618992 0.0782045 9.9982E-05 0.114697 0.187906 9.9982E-05
9.9964E-05 0.00328358 9.9964E-05 9.9964E-05 0.996317 9.9964E-05
0.00584662 0.973408 0.0127444 9.9982E-05 0.00780133 9.9982E-05
0.0370837 0.96246 0.000156261 9.9973E-05 9.9973E-05 9.9973E-05
0.5604 0.00794176 9.9982E-05 9.9982E-05 0.391004 0.0404543
0.322608 9.9982E-05 0.0882032 0.397243 0.191746 9.9982E-05
0.207842 9.99729E-05 0.728882 9.99729E-05 9.99729E-05 0.0629759
9.9964E-05 9.9964E-05 0.919565 0.0800353 9.9964E-05 9.9964E-05
0.82123 9.9973E-05 9.9973E-05 0.117778 0.0606916 9.9973E-05
9.996E-05 9.996E-05 0.9995 9.996E-05 9.996E-05 9.996E-05
0.910815 0.00186289 9.9982E-05 0.00826166 0.0788607 9.9982E-05
0.099857 9.9982E-05 0.435474 0.398947 9.9982E-05 0.0655221
9.9964E-05 9.9964E-05 0.88726 0.11234 9.9964E-05 9.9964E-05
9.996E-05 0.9995 9.996E-05 9.996E-05 9.996E-05 9.996E-05
9.996E-05 0.9995 9.996E-05 9.996E-05 9.996E-05 9.996E-05
0.152967 9.99729E-05 9.99729E-05 0.10232 0.744413 9.99729E-05
9.9964E-05 0.933203 9.9964E-05 9.9964E-05 9.9964E-05 0.0663974
9.9973E-05 0.878044 9.9973E-05 9.9973E-05 0.0219643 0.0996921
9.999E-05 0.678246 0.00378069 0.0111734 0.00650995 0.300189
9.9973E-05 0.606226 9.9973E-05 0.0580527 9.9973E-05 0.335421
0.319406 0.0694189 9.99732E-05 9.99732E-05 9.99732E-05 0.610875
9.996E-05 0.9995 9.996E-05 9.996E-05 9.996E-05 9.996E-05
9.99731E-05 0.0576906 9.99731E-05 0.023441 9.99731E-05 0.918569
0.154611 0.0652888 9.99819E-05 0.245697 0.534203 9.99819E-05
0.00374435 0.979077 9.9982E-05 0.00340461 0.0135743 9.9982E-05
0.942451 0.0571491 9.99642E-05 9.99642E-05 9.99642E-05 9.99642E-05
0.778163 0.0245186 0.036509 9.9982E-05 9.9982E-05 0.16061
0.184562 0.136969 0.0652494 0.434584 0.178536 9.9991E-05
0.852562 0.129577 9.9973E-05 0.0175602 9.9973E-05 9.9973E-05
0.876038 0.0898107 9.99729E-05 0.0338515 9.99729E-05 9.99729E-05
0.886516 9.9982E-05 0.0154047 0.0673805 0.0304984 9.9982E-05
0.642675 9.9973E-05 9.9973E-05 9.9973E-05 0.299171 0.0578536
0.837577 9.9982E-05 9.9982E-05 0.100114 0.00620072 0.055908
0.482663 9.9991E-05 0.128808 0.187898 0.184109 0.0164221
0.713498 0.101227 0.0443625 0.0613331 0.0502374 0.0293428
0.482281 0.113186 9.9991E-05 0.137484 0.21364 0.053308
0.991938 9.99644E-05 0.00766208 9.99644E-05 9.99644E-05 9.99644E-05
9.996E-05 9.996E-05 9.996E-05 9.996E-05 9.996E-05 0.9995
9.996E-05 9.996E-05 9.996E-05 9.996E-05 9.996E-05 0.9995
9.996E-05 9.996E-05 9.996E-05 9.996E-05 9.996E-05 0.9995
9.99639E-05 9.99639E-05 0.00126197 9.99639E-05 9.99639E-05 0.998338
9.996E-05 9.996E-05 9.996E-05 9.996E-05 9.996E-05 0.9995
0.0369341 0.223772 0.036576 9.9991E-05 0.0557604 0.646857
0.00234144 9.99639E-05 9.99639E-05 9.99639E-05 9.99639E-05 0.997259
0.956714 9.9964E-05 9.9964E-05 9.9964E-05 0.042886 9.9964E-05
0.313761 0.109271 9.9973E-05 9.9973E-05 9.9973E-05 0.576669
9.99639E-05 0.994204 0.00539592 9.99639E-05 9.99639E-05 9.99639E-05
0.0776149 9.9973E-05 9.9973E-05 0.0639559 0.858129 9.9973E-05
0.52865 0.0664638 9.9973E-05 9.9973E-05 0.404587 9.9973E-05
9.996E-05 9.996E-05 9.996E-05 9.996E-05 0.9995 9.996E-05
0.124137 9.99639E-05 9.99639E-05 9.99639E-05 0.875463 9.99639E-05
0.0784178 9.99729E-05 9.99729E-05 0.115545 0.805737 9.99729E-05
0.0931334 9.99641E-05 0.906467 9.99641E-05 9.99641E-05 9.99641E-05
9.996E-05 0.9995 9.996E-05 9.996E-05 9.996E-05 9.996E-05
0.369387 0.233633 0.046642 0.0217594 0.133818 0.194761
9.99731E-05 0.973593 9.99731E-05 9.99731E-05 0.0199535 0.00615322
0.0100491 0.978778 9.9973E-05 9.9973E-05 9.9973E-05 0.010873
9.9973E-05 0.910042 9.9973E-05 9.9973E-05 0.0450163 0.0446421
0.00870938 0.940402 0.0109442 9.9982E-05 9.9982E-05 0.0397443
0.0623202 0.91802 9.99731E-05 9.99731E-05 9.99731E-05 0.0193604
9.9964E-05 0.998294 9.9964E-05 0.00130641 9.9964E-05 9.9964E-05
9.99642E-05 0.500991 9.99642E-05 9.99642E-05 9.99642E-05 0.498609
9.99732E-05 0.473672 9.99732E-05 9.99732E-05 0.184625 0.341404
0.0363683 0.963149 9.9973E-05 9.9973E-05 9.9973E-05 0.000182919
0.592746 0.0713039 9.9991E-05 0.0163655 0.190107 0.129377
0.66744 0.0630254 9.9991E-05 0.00377342 0.178761 0.0869003
9.996E-05 9.996E-05 9.996E-05 0.9995 9.996E-05 9.996E-05
9.996E-05 9.996E-05 9.996E-05 0.9995 9.996E-05 9.996E-05
0.823144 9.9982E-05 9.9982E-05 0.0319704 0.0517935 0.0928918
0.782803 9.9982E-05 9.9982E-05 0.0428094 0.0888235 0.0853636
9.996E-05 9.996E-05 9.996E-05 0.9995 9.996E-05 9.996E-05
9.996E-05 9.996E-05 9.996E-05 0.9995 9.996E-05 9.996E-05
0.977562 9.99641E-05 9.99641E-05 9.99641E-05 0.0220379 9.99641E-05
0.622348 0.0164815 0.0574871 9.9991E-05 0.293123 0.0104604
0.295518 0.081623 9.9982E-05 9.9982E-05 0.0293342 0.593325
0.234333 0.0619796 0.110729 0.274869 0.317989 9.9991E-05
0.191297 9.99821E-05 0.0600816 0.334931 0.413491 9.99821E-05
9.99821E-05 0.572564 0.0288716 0.0496338 9.99821E-05 0.348731
