9.99549E-05 9.99549E-05 0.0549445 0.014222 9.99549E-05 9.99549E-05 9.99549E-05 0.930334
9.99729E-05 9.99729E-05 0.0118766 0.0729089 9.99729E-05 0.186656 0.593729 0.134529
0.0508451 0.0816729 9.99733E-05 0.0182952 0.0306447 0.818242 9.99733E-05 9.99733E-05
9.9964E-05 9.9964E-05 0.0274396 0.0189179 0.0251971 0.928046 9.9964E-05 9.9964E-05
9.99641E-05 9.99641E-05 0.149232 9.99641E-05 0.0847887 0.393798 0.371782 9.99641E-05
9.9946E-05 9.9946E-05 9.9946E-05 9.9946E-05 9.9946E-05 0.988192 9.9946E-05 0.0112083
9.9946E-05 0.273008 9.9946E-05 9.9946E-05 9.9946E-05 9.9946E-05 0.726393 9.9946E-05
9.997E-05 9.997E-05 0.0357121 0.0114975 0.20457 0.349998 0.397923 9.997E-05
9.9955E-05 0.202139 0.000430873 9.9955E-05 9.9955E-05 9.9955E-05 0.79693 9.9955E-05
9.99461E-05 9.99461E-05 0.915355 9.99461E-05 9.99461E-05 9.99461E-05 0.0840453 9.99461E-05
9.99461E-05 9.99461E-05 0.924138 9.99461E-05 9.99461E-05 9.99461E-05 0.0752619 9.99461E-05
9.996E-05 0.165521 9.996E-05 0.145482 9.996E-05 0.0107296 9.996E-05 0.677867
9.994E-05 0.9993 9.994E-05 9.994E-05 9.994E-05 9.994E-05 9.994E-05 9.994E-05
0.00243227 9.9964E-05 9.9964E-05 0.00842311 9.9964E-05 0.931302 9.9964E-05 0.0574429
0.00576751 9.9964E-05 0.0155546 9.9964E-05 9.9964E-05 0.942345 9.9964E-05 0.0359335
9.9982E-05 0.33796 0.553947 9.9982E-05 0.0222259 0.0150779 0.00844434 0.0621447
0.0867158 0.137069 0.482228 0.293587 9.99641E-05 9.99641E-05 9.99641E-05 9.99641E-05
0.733246 9.99639E-05 0.172244 9.99639E-05 9.99639E-05 9.99639E-05 0.0568932 0.037217
0.923618 9.9946E-05 9.9946E-05 0.0757818 9.9946E-05 9.9946E-05 9.9946E-05 9.9946E-05
9.9964E-05 0.0310518 0.824535 0.0392789 9.9964E-05 9.9964E-05 9.9964E-05 0.104734
0.9993 9.994E-05 9.994E-05 9.994E-05 9.994E-05 9.994E-05 9.994E-05 9.994E-05
9.9964E-05 0.114094 0.366779 0.0437994 9.9964E-05 9.9964E-05 9.9964E-05 0.474928
0.411089 9.9973E-05 0.228928 0.337862 0.00221665 0.0196044 9.9973E-05 9.9973E-05
0.896662 9.9955E-05 0.00985719 0.0929807 9.9955E-05 9.9955E-05 9.9955E-05 9.9955E-05
9.994E-05 9.994E-05 9.994E-05 9.994E-05 9.994E-05 0.9993 9.994E-05 9.994E-05
9.994E-05 9.994E-05 9.994E-05 9.994E-05 9.994E-05 0.9993 9.994E-05 9.994E-05
9.99639E-05 0.794958 0.046008 0.0658351 9.99639E-05 9.99639E-05 9.99639E-05 0.0927988
9.9955E-05 0.00695945 9.9955E-05 9.9955E-05 0.0623676 0.930173 9.9955E-05 9.9955E-05
9.9964E-05 0.039137 9.9964E-05 9.9964E-05 0.0422602 0.916818 0.0013853 9.9964E-05
0.00590265 0.0108057 9.9991E-05 0.0229527 0.220574 0.697681 0.0134336 0.0285509
9.9964E-05 9.9964E-05 9.9964E-05 0.0456964 0.216099 0.622504 0.115301 9.9964E-05
9.9973E-05 9.9973E-05 9.9973E-05 0.0249628 0.0921173 0.00749188 0.803728 0.0714001
9.99461E-05 9.99461E-05 9.99461E-05 0.00571944 9.99461E-05 0.993681 9.99461E-05 9.99461E-05
9.99641E-05 0.00360115 9.99641E-05 9.99641E-05 0.818559 0.0693076 0.108132 9.99641E-05
9.99819E-05 0.629719 0.0630232 0.215229 0.0101392 0.0406803 9.99819E-05 0.0410091
9.99549E-05 0.0138687 9.99549E-05 9.99549E-05 9.99549E-05 0.974164 9.99549E-05 0.0114678
9.9946E-05 9.9946E-05 9.9946E-05 9.9946E-05 9.9946E-05 0.00784275 9.9946E-05 0.991558
0.00791281 9.9982E-05 0.65903 9.9982E-05 0.00774762 0.0253291 0.174364 0.125416
0.0615903 0.176737 0.294724 0.356258 9.99731E-05 0.110391 9.99731E-05 9.99731E-05
9.99639E-05 9.99639E-05 0.649341 0.00648166 9.99639E-05 0.101123 9.99639E-05 0.242655
0.018879 9.99729E-05 0.629491 0.0206127 9.99729E-05 0.0630202 9.99729E-05 0.267697
9.994E-05 9.994E-05 0.9993 9.994E-05 9.994E-05 9.994E-05 9.994E-05 9.994E-05
9.9964E-05 0.236944 0.581995 9.9964E-05 9.9964E-05 9.9964E-05 0.0959606 0.0847008
9.9964E-05 0.0228539 0.949574 0.0253785 0.00179381 9.9964E-05 9.9964E-05 9.9964E-05
0.104673 0.148331 0.531874 0.131214 9.9982E-05 9.9982E-05 0.00277438 0.0809331
0.0357952 0.0260825 0.657365 0.0215963 9.9982E-05 0.0810225 9.9982E-05 0.177938
9.998E-05 0.212837 0.303773 0.114675 0.0628436 0.117702 9.998E-05 0.18797
0.0143008 9.99463E-05 9.99463E-05 9.99463E-05 9.99463E-05 9.99463E-05 9.99463E-05 0.9851
9.994E-05 9.994E-05 9.994E-05 9.994E-05 0.9993 9.994E-05 9.994E-05 9.994E-05
9.994E-05 9.994E-05 9.994E-05 9.994E-05 0.9993 9.994E-05 9.994E-05 9.994E-05
9.9946E-05 9.9946E-05 0.00520885 9.9946E-05 0.994191 9.9946E-05 9.9946E-05 9.9946E-05
9.994E-05 9.994E-05 9.994E-05 9.994E-05 0.9993 9.994E-05 9.994E-05 9.994E-05
9.994E-05 9.994E-05 9.994E-05 9.994E-05 0.9993 9.994E-05 9.994E-05 9.994E-05
0.0470917 9.99731E-05 0.0565059 9.99731E-05 0.444499 0.274452 0.177152 9.99731E-05
9.9955E-05 9.9955E-05 0.000663446 9.9955E-05 0.95081 9.9955E-05 9.9955E-05 0.0480264
9.99549E-05 0.0719833 0.0580466 9.99549E-05 9.99549E-05 9.99549E-05 9.99549E-05 0.86947
9.997E-05 9.997E-05 9.997E-05 0.0317165 0.141427 0.022943 0.740688 0.0629249
9.99459E-05 9.99459E-05 9.99459E-05 9.99459E-05 9.99459E-05 0.983213 9.99459E-05 0.0161872
9.9964E-05 0.902386 9.9964E-05 0.0283226 0.00278019 9.9964E-05 9.9964E-05 0.0661108
9.99641E-05 0.33739 0.436404 9.99641E-05 9.99641E-05 0.0816036 9.99641E-05 0.144203
9.994E-05 0.9993 9.994E-05 9.994E-05 9.994E-05 9.994E-05 9.994E-05 9.994E-05
9.99549E-05 0.885183 0.0790927 9.99549E-05 9.99549E-05 9.99549E-05 9.99549E-05 0.0352249
0.00153036 0.87248 0.0602943 0.0652958 9.99639E-05 9.99639E-05 9.99639E-05 9.99639E-05
0.874539 9.99641E-05 9.99641E-05 9.99641E-05 0.0194741 9.99641E-05 0.000544468 0.105042
9.99552E-05 9.99552E-05 0.00965773 9.99552E-05 0.00734208 0.9825 9.99552E-05 9.99552E-05
0.0394683 0.0624805 0.248369 9.999E-05 0.0950497 0.293073 0.150801 0.110659
9.99462E-05 0.000807667 9.99462E-05 9.99462E-05 9.99462E-05 0.998593 9.99462E-05 9.99462E-05
9.9955E-05 9.9955E-05 9.9955E-05 9.9955E-05 0.00787866 0.954373 9.9955E-05 0.037249
9.9964E-05 0.00277458 9.9964E-05 9.9964E-05 0.0133913 0.924161 0.0592736 9.9964E-05
0.00320508 9.9964E-05 9.9964E-05 9.9964E-05 9.9964E-05 0.95564 0.0151273 0.0256273
9.9973E-05 9.9973E-05 0.0424792 0.0127272 9.9973E-05 0.906509 0.0291608 0.00882398
9.99459E-05 9.99459E-05 9.99459E-05 0.00683093 9.99459E-05 0.992569 9.99459E-05 9.99459E-05
9.99552E-05 9.99552E-05 9.99552E-05 9.99552E-05 0.23995 0.444033 0.315517 9.99552E-05
9.99642E-05 0.0418976 9.99642E-05 9.99642E-05 0.0434593 0.456734 0.457509 9.99642E-05
9.9964E-05 9.9964E-05 0.0232828 9.9964E-05 0.0160151 0.957355 9.9964E-05 0.00294727
9.9991E-05 0.0629367 0.716765 0.0157449 0.00169901 0.0687644 0.103683 0.0303075
9.9991E-05 0.0864748 0.658259 0.00320615 0.0150466 0.0425348 0.159815 0.0345634
9.994E-05 9.994E-05 9.994E-05 0.9993 9.994E-05 9.994E-05 9.994E-05 9.994E-05
9.994E-05 9.994E-05 9.994E-05 0.9993 9.994E-05 9.994E-05 9.994E-05 9.994E-05
9.9964E-05 9.9964E-05 0.892059 9.9964E-05 9.9964E-05 0.0141675 0.063377 0.0299962
9.9964E-05 0.0468868 0.869157 9.9964E-05 9.9964E-05 9.9964E-05 0.0420488 0.0415073
9.99459E-05 9.99459E-05 9.99459E-05 0.971629 9.99459E-05 9.99459E-05 0.0277716 9.99459E-05
9.994E-05 9.994E-05 9.994E-05 0.9993 9.994E-05 9.994E-05 9.994E-05 9.994E-05
9.99549E-05 0.0270473 9.99549E-05 9.99549E-05 0.00289511 9.99549E-05 9.99549E-05 0.969558
0.0427136 0.255647 0.525335 9.997E-05 9.997E-05 9.997E-05 0.110275 0.0657286
9.99639E-05 9.99639E-05 9.99639E-05 0.013407 0.141456 9.99639E-05 0.795409 0.0493276
0.119632 0.336466 0.235554 0.244481 9.99821E-05 0.0420825 9.99821E-05 0.0215852
0.0767881 0.501923 9.99641E-05 0.275102 9.99641E-05 9.99641E-05 9.99641E-05 0.145787
0.0355364 9.99731E-05 9.99731E-05 0.0223098 0.211953 0.574937 0.154964 9.99731E-05
