0.973251 9.99549E-05 9.99549E-05 9.99549E-05 9.99549E-05 9.99549E-05 0.00286819 0.023381
0.172738 9.99639E-05 9.99639E-05 0.179037 9.99639E-05 0.597371 0.050454 9.99639E-05
9.99733E-05 0.0575657 0.0320434 0.833589 9.99733E-05 0.0483922 0.0281094 9.99733E-05
9.9946E-05 9.9946E-05 9.9946E-05 0.958652 9.9946E-05 9.9946E-05 0.0407486 9.9946E-05
0.0820546 9.99731E-05 9.99731E-05 0.416273 0.0485118 0.344774 9.99731E-05 0.108087
0.00562777 9.9955E-05 9.9955E-05 0.983931 9.9955E-05 9.9955E-05 0.00994164 9.9955E-05
9.99461E-05 0.262752 9.99461E-05 9.99461E-05 9.99461E-05 0.736648 9.99461E-05 9.99461E-05
9.9973E-05 9.9973E-05 9.9973E-05 0.384085 0.212004 0.322971 0.0160165 0.0646236
9.9946E-05 0.191439 9.9946E-05 9.9946E-05 9.9946E-05 0.807962 9.9946E-05 9.9946E-05
9.99461E-05 9.99461E-05 9.99461E-05 9.99461E-05 9.99461E-05 0.0765837 9.99461E-05 0.922817
9.99462E-05 9.99462E-05 9.99462E-05 9.99462E-05 9.99462E-05 0.0125376 9.99462E-05 0.986863
0.691987 0.110512 9.9964E-05 0.0357588 9.9964E-05 9.9964E-05 0.161342 9.9964E-05
9.99461E-05 0.988075 9.99461E-05 0.0113252 9.99461E-05 9.99461E-05 9.99461E-05 9.99461E-05
0.00154185 9.9964E-05 0.0178055 0.971434 9.9964E-05 9.9964E-05 0.00881908 9.9964E-05
0.0544127 9.9955E-05 0.000761429 0.944326 9.9955E-05 9.9955E-05 9.9955E-05 9.9955E-05
0.0714712 0.414708 9.9973E-05 9.9973E-05 0.0147036 0.073033 9.9973E-05 0.425784
0.0461363 0.199432 0.0531243 9.9973E-05 9.9973E-05 9.9973E-05 0.333544 0.367464
0.0774667 9.99729E-05 0.71123 9.99729E-05 0.0272628 0.0612876 9.99729E-05 0.122453
9.9946E-05 9.9946E-05 0.895341 9.9946E-05 9.9946E-05 9.9946E-05 0.104059 9.9946E-05
0.155692 0.0473021 9.9964E-05 9.9964E-05 9.9964E-05 9.9964E-05 0.052151 0.744456
9.994E-05 9.994E-05 0.9993 9.994E-05 9.994E-05 9.994E-05 9.994E-05 9.994E-05
0.57891 0.136486 9.99639E-05 9.99639E-05 9.99639E-05 9.99639E-05 0.0125277 0.271676
9.9964E-05 9.9964E-05 0.394381 9.9964E-05 0.0174663 9.9964E-05 0.298222 0.289531
9.99549E-05 9.99549E-05 0.907227 9.99549E-05 9.99549E-05 9.99549E-05 0.0837889 0.00848427
9.994E-05 9.994E-05 9.994E-05 0.9993 9.994E-05 9.994E-05 9.994E-05 9.994E-05
9.994E-05 9.994E-05 9.994E-05 0.9993 9.994E-05 9.994E-05 9.994E-05 9.994E-05
0.0624105 0.823011 9.99639E-05 9.99639E-05 9.99639E-05 9.99639E-05 0.0410241 0.0731545
9.9946E-05 9.9946E-05 9.9946E-05 0.938775 0.0606252 9.9946E-05 9.9946E-05 9.9946E-05
9.9964E-05 0.0113638 9.9964E-05 0.915625 0.0622565 0.0103546 9.9964E-05 9.9964E-05
9.99821E-05 0.0325576 0.0379536 0.683645 0.210623 0.0197182 0.0153027 9.99821E-05
9.9973E-05 9.9973E-05 0.0101447 0.602681 0.2373 0.0918476 0.057726 9.9973E-05
0.0455333 9.9964E-05 9.9964E-05 0.000750289 0.0839819 0.869335 9.9964E-05 9.9964E-05
9.994E-05 9.994E-05 9.994E-05 0.9993 9.994E-05 9.994E-05 9.994E-05 9.994E-05
9.99641E-05 9.99641E-05 9.99641E-05 0.0868495 0.805625 0.0987592 0.00836624 9.99641E-05
0.0603224 0.58396 9.99819E-05 0.030453 0.0277644 9.99819E-05 0.19916 0.0981405
9.99549E-05 0.0187676 9.99549E-05 0.97675 9.99549E-05 0.00398305 9.99549E-05 9.99549E-05
0.996328 9.9946E-05 9.9946E-05 0.00307215 9.9946E-05 9.9946E-05 9.9946E-05 9.9946E-05
0.119513 9.9973E-05 0.00804004 0.0207757 9.9973E-05 0.15937 9.9973E-05 0.692001
0.0299967 0.194598 0.0381141 0.145412 9.9982E-05 9.9982E-05 0.362842 0.228837
0.320506 9.99639E-05 9.99639E-05 0.128504 9.99639E-05 9.99639E-05 0.0209548 0.529635
0.371888 0.00242234 9.99729E-05 0.0868264 9.99729E-05 9.99729E-05 0.0382989 0.500264
0.00217264 9.9946E-05 9.9946E-05 9.9946E-05 9.9946E-05 9.9946E-05 9.9946E-05 0.997228
0.0917897 0.299283 9.99639E-05 9.99639E-05 9.99639E-05 0.158011 9.99639E-05 0.450516
0.00123489 0.0175354 9.9955E-05 9.9955E-05 9.9955E-05 9.9955E-05 9.9955E-05 0.98073
0.0184249 0.200084 0.115545 9.9982E-05 9.9982E-05 0.0149421 0.14375 0.507054
0.162223 0.0565346 0.0318455 0.109199 9.9982E-05 9.9982E-05 0.0289853 0.611012
0.27647 0.220708 9.9982E-05 0.142946 0.0354554 9.9982E-05 0.0733527 0.250868
0.988502 9.99463E-05 0.0108983 9.99463E-05 9.99463E-05 9.99463E-05 9.99463E-05 9.99463E-05
9.994E-05 9.994E-05 9.994E-05 9.994E-05 0.9993 9.994E-05 9.994E-05 9.994E-05
0.00232089 9.9946E-05 9.9946E-05 9.9946E-05 0.997079 9.9946E-05 9.9946E-05 9.9946E-05
9.994E-05 9.994E-05 9.994E-05 9.994E-05 0.9993 9.994E-05 9.994E-05 9.994E-05
9.994E-05 9.994E-05 9.994E-05 9.994E-05 0.9993 9.994E-05 9.994E-05 9.994E-05
9.994E-05 9.994E-05 9.994E-05 9.994E-05 0.9993 9.994E-05 9.994E-05 9.994E-05
9.99821E-05 0.0424294 0.0354776 0.229775 0.496831 0.137479 9.99821E-05 0.0578075
0.0355041 9.9955E-05 9.9955E-05 9.9955E-05 0.956329 0.00766721 9.9955E-05 9.9955E-05
0.845255 0.0970416 9.99549E-05 9.99549E-05 9.99549E-05 9.99549E-05 9.99549E-05 0.057204
0.0657442 9.99729E-05 9.99729E-05 0.00248657 0.0708777 0.833779 0.0268123 9.99729E-05
0.00126468 9.99459E-05 9.99459E-05 0.998136 9.99459E-05 9.99459E-05 9.99459E-05 9.99459E-05
0.0731723 0.864193 9.9964E-05 9.9964E-05 0.0111085 9.9964E-05 0.0511262 9.9964E-05
0.171489 0.378845 9.9973E-05 0.0800937 9.9973E-05 0.0222176 9.9973E-05 0.347055
9.994E-05 0.9993 9.994E-05 9.994E-05 9.994E-05 9.994E-05 9.994E-05 9.994E-05
0.0151604 0.911254 9.99639E-05 0.00996727 9.99639E-05 9.99639E-05 9.99639E-05 0.0632185
9.99549E-05 0.88059 9.99549E-05 9.99549E-05 9.99549E-05 9.99549E-05 0.0591043 0.059806
0.117782 9.99551E-05 0.875938 9.99551E-05 0.00578043 9.99551E-05 9.99551E-05 9.99551E-05
9.994E-05 9.994E-05 9.994E-05 0.9993 9.994E-05 9.994E-05 9.994E-05 9.994E-05
0.0359606 0.119743 0.0775822 0.343123 0.154777 9.999E-05 0.035493 0.233221
9.99462E-05 0.00859243 9.99462E-05 0.990808 9.99462E-05 9.99462E-05 9.99462E-05 9.99462E-05
0.0387541 9.9946E-05 9.9946E-05 0.960646 9.9946E-05 9.9946E-05 9.9946E-05 9.9946E-05
0.000760888 0.0259646 9.9973E-05 0.891122 0.0466382 0.0352147 9.9973E-05 9.9973E-05
0.0174574 9.9973E-05 0.00122384 0.93318 0.0134874 0.0343514 9.9973E-05 9.9973E-05
0.0312307 9.9973E-05 9.9973E-05 0.899225 9.9973E-05 0.0509447 0.0145655 0.00373437
9.9955E-05 0.0115869 9.9955E-05 0.974092 0.0138212 9.9955E-05 9.9955E-05 9.9955E-05
9.99552E-05 9.99552E-05 9.99552E-05 0.478775 0.212853 0.307872 9.99552E-05 9.99552E-05
9.99642E-05 0.0392514 9.99642E-05 0.458671 0.0578347 0.443843 9.99642E-05 9.99642E-05
0.000463646 9.99641E-05 9.99641E-05 0.963453 0.0123762 9.99641E-05 0.0233071 9.99641E-05
0.0726493 0.13382 9.99819E-05 0.0464873 9.99819E-05 0.232611 0.038798 0.475434
0.0505306 0.165075 9.9982E-05 0.0415734 9.9982E-05 0.219893 0.0397479 0.48298
9.994E-05 9.994E-05 9.994E-05 9.994E-05 9.994E-05 9.994E-05 0.9993 9.994E-05
9.994E-05 9.994E-05 9.994E-05 9.994E-05 9.994E-05 9.994E-05 0.9993 9.994E-05
0.0135441 0.0332795 9.9964E-05 9.9964E-05 9.9964E-05 0.0508049 9.9964E-05 0.901972
0.0192448 0.0402266 9.9964E-05 9.9964E-05 9.9964E-05 0.0435379 9.9964E-05 0.896591
9.9946E-05 9.9946E-05 9.9946E-05 9.9946E-05 9.9946E-05 0.0261737 0.973227 9.9946E-05
9.994E-05 9.994E-05 9.994E-05 9.994E-05 9.994E-05 9.994E-05 0.9993 9.994E-05
0.937883 0.045464 9.99549E-05 9.99549E-05 0.0161531 9.99549E-05 9.99549E-05 9.99549E-05
0.128672 0.273459 0.0503319 9.9973E-05 9.9973E-05 0.131009 9.9973E-05 0.416229
0.0547032 9.99548E-05 9.99548E-05 9.99548E-05 0.117953 0.826844 9.99548E-05 9.99548E-05
9.99731E-05 0.303664 0.10883 0.0392127 9.99731E-05 9.99731E-05 0.210679 0.337315
0.123253 0.505237 0.0546271 9.99641E-05 9.99641E-05 9.99641E-05 0.316483 9.99641E-05
9.99731E-05 9.99731E-05 0.0357564 0.575128 0.23961 0.133197 0.0160087 9.99731E-05
