9.996E-05 9.996E-05 9.996E-05 0.9995 9.996E-05 9.996E-05
0.21762 9.9973E-05 9.9973E-05 0.465997 0.316083 9.9973E-05
0.00212885 0.0284348 0.073114 9.99911E-05 0.799324 0.0968983
9.9964E-05 9.9964E-05 0.0252539 9.9964E-05 0.974346 9.9964E-05
0.257371 9.99731E-05 9.99731E-05 0.303832 0.438498 9.99731E-05
9.9964E-05 9.9964E-05 9.9964E-05 0.0261612 0.973439 9.9964E-05
0.38611 9.99642E-05 9.99642E-05 9.99642E-05 9.99642E-05 0.61349
0.450169 9.9991E-05 0.0250375 0.108871 0.387222 0.0286005
0.44042 9.9982E-05 9.9982E-05 0.0436879 0.0128147 0.502877
0.0904369 9.99821E-05 0.0675233 0.799224 9.99821E-05 0.0426154
0.093727 9.9982E-05 0.0977242 0.754319 9.9982E-05 0.0540293
9.9982E-05 9.9982E-05 0.109189 0.65292 0.0357157 0.201975
9.996E-05 9.996E-05 9.996E-05 9.996E-05 9.996E-05 0.9995
9.9982E-05 0.0241141 9.9982E-05 0.0170649 0.953377 0.00524448
9.9964E-05 9.9964E-05 9.9964E-05 0.0610816 0.938519 9.9964E-05
0.0513739 9.9982E-05 0.0130099 0.571548 9.9982E-05 0.363868
9.9982E-05 0.0666867 0.365207 0.393312 9.9982E-05 0.174594
0.0572581 0.734707 9.99729E-05 0.207735 9.99729E-05 9.99729E-05
9.9964E-05 0.924198 0.0754018 9.9964E-05 9.9964E-05 9.9964E-05
9.9973E-05 9.9973E-05 0.124016 0.816424 9.9973E-05 0.0592597
9.996E-05 0.9995 9.996E-05 9.996E-05 9.996E-05 9.996E-05
9.9973E-05 9.9973E-05 0.0377615 0.902292 9.9973E-05 0.0596462
0.0602386 0.419685 0.367107 0.152427 0.00044187 9.9991E-05
9.99639E-05 0.912385 0.0872153 9.99639E-05 9.99639E-05 9.99639E-05
9.996E-05 9.996E-05 9.996E-05 9.996E-05 0.9995 9.996E-05
9.996E-05 9.996E-05 9.996E-05 9.996E-05 0.9995 9.996E-05
9.99729E-05 9.99729E-05 0.1038 0.182356 9.99729E-05 0.713543
0.0654108 9.9973E-05 9.9973E-05 9.9973E-05 0.918169 0.0161198
0.0858447 9.9973E-05 9.9973E-05 9.9973E-05 0.908238 0.00561686
0.235582 0.0255631 0.0407701 9.9991E-05 0.664908 0.0330764
0.319027 9.9973E-05 0.0602574 9.9973E-05 0.620415 9.9973E-05
0.547206 9.99731E-05 9.99731E-05 0.330212 0.122282 9.99731E-05
9.996E-05 9.996E-05 9.996E-05 9.996E-05 0.9995 9.996E-05
0.909748 9.99731E-05 0.0212882 9.99731E-05 0.0686642 9.99731E-05
9.99819E-05 9.99819E-05 0.228314 0.170359 0.04045 0.560678
9.99639E-05 9.99639E-05 9.99639E-05 9.99639E-05 0.988471 0.0111289
9.99642E-05 9.99642E-05 9.99642E-05 0.931823 0.0677768 9.99642E-05
0.164264 0.0467285 9.9991E-05 0.737744 0.0480011 0.00316277
9.9991E-05 0.0738853 0.363737 0.272988 0.147964 0.141326
9.9973E-05 9.9973E-05 0.0349854 0.838064 0.12665 9.9973E-05
9.9982E-05 0.0191619 0.0203857 0.897848 0.0624044 9.9982E-05
9.9982E-05 0.0188 0.0672046 0.875948 9.9982E-05 0.0378469
0.0397475 9.9973E-05 9.9973E-05 0.666865 9.9973E-05 0.293088
0.0497377 9.9982E-05 0.11337 0.804866 9.9982E-05 0.0318258
0.00345356 0.120497 0.155747 0.568973 9.9991E-05 0.151229
0.0299404 0.0477651 0.0790869 0.716817 0.101383 0.0250077
0.0559793 9.9991E-05 0.123679 0.485385 0.0967031 0.238154
9.99644E-05 0.0213411 9.99644E-05 0.978259 9.99644E-05 9.99644E-05
0.9995 9.996E-05 9.996E-05 9.996E-05 9.996E-05 9.996E-05
0.9995 9.996E-05 9.996E-05 9.996E-05 9.996E-05 9.996E-05
0.9995 9.996E-05 9.996E-05 9.996E-05 9.996E-05 9.996E-05
0.9995 9.996E-05 9.996E-05 9.996E-05 9.996E-05 9.996E-05
0.9995 9.996E-05 9.996E-05 9.996E-05 9.996E-05 9.996E-05
0.645438 0.0465003 9.9991E-05 0.104305 0.190035 0.0136217
0.9995 9.996E-05 9.996E-05 9.996E-05 9.996E-05 9.996E-05
9.9964E-05 9.9964E-05 9.9964E-05 0.966303 9.9964E-05 0.0332973
0.525936 9.9982E-05 0.00367887 0.345269 0.124917 9.9982E-05
9.996E-05 9.996E-05 9.996E-05 9.996E-05 0.9995 9.996E-05
9.9973E-05 9.9973E-05 0.0555921 0.0738095 9.9973E-05 0.870298
9.9982E-05 9.9982E-05 0.00119572 0.598533 0.0726859 0.327385
9.996E-05 9.996E-05 9.996E-05 9.996E-05 9.996E-05 0.9995
9.99639E-05 9.99639E-05 9.99639E-05 0.0785744 9.99639E-05 0.921026
9.99729E-05 9.99729E-05 0.116717 0.0384517 9.99729E-05 0.844532
9.99641E-05 0.8854 9.99641E-05 0.1142 9.99641E-05 9.99641E-05
9.996E-05 9.996E-05 9.996E-05 9.996E-05 0.9995 9.996E-05
0.202111 0.0228586 0.107718 0.220088 0.2659 0.181324
9.99641E-05 9.99641E-05 9.99641E-05 9.99641E-05 0.966955 0.032645
9.9964E-05 9.9964E-05 9.9964E-05 0.0488204 0.95078 9.9964E-05
0.0809838 9.9973E-05 9.9973E-05 9.9973E-05 0.900051 0.0186654
0.0519008 9.9969E-05 9.9969E-05 9.9969E-05 0.947699 9.9969E-05
0.0332612 9.99731E-05 9.99731E-05 0.0645266 0.901912 9.99731E-05
9.9964E-05 9.9964E-05 0.00866473 9.9964E-05 0.990935 9.9964E-05
0.492879 9.99732E-05 9.99732E-05 9.99732E-05 0.485884 0.0209365
0.33555 9.99732E-05 9.99732E-05 9.99732E-05 0.468876 0.195274
0.040588 9.9982E-05 0.0222582 0.00874534 0.928209 9.9982E-05
0.119236 9.9991E-05 0.0637634 0.62497 0.0614406 0.13049
0.118086 9.9991E-05 0.0312725 0.633449 0.059826 0.157267
9.996E-05 9.996E-05 0.9995 9.996E-05 9.996E-05 9.996E-05
9.996E-05 9.996E-05 0.9995 9.996E-05 9.996E-05 9.996E-05
0.0563307 9.9982E-05 0.0426244 0.862069 9.9982E-05 0.0387759
0.0536705 0.00309306 0.0418665 0.832321 9.9991E-05 0.0689489
0.00491883 9.9964E-05 0.994681 9.9964E-05 9.9964E-05 9.9964E-05
9.996E-05 9.996E-05 0.9995 9.996E-05 9.996E-05 9.996E-05
9.99641E-05 9.99641E-05 9.99641E-05 0.95278 9.99641E-05 0.0468203
0.0394638 0.0486135 9.9991E-05 0.608303 0.0158332 0.287686
0.575376 9.9982E-05 9.9982E-05 0.307967 0.0958674 0.02059
9.9991E-05 0.116994 0.305321 0.251415 0.0551692 0.271001
9.99821E-05 0.0704694 0.341211 0.207668 9.99821E-05 0.380452
0.352396 0.0485783 0.0361479 9.99821E-05 0.562677 9.99821E-05
