0.0410654 9.9982E-05 0.958735 9.9982E-05
0.0175112 0.531901 0.450488 9.9991E-05
0.0393135 0.874407 0.0332556 0.0530235
0.0477973 0.952003 9.9982E-05 9.9982E-05
0.00111402 0.726951 0.271835 9.9991E-05
0.0101937 0.989606 9.9982E-05 9.9982E-05
9.99821E-05 0.321491 0.678309 9.99821E-05
0.024532 0.822635 0.152732 9.9991E-05
9.99821E-05 0.335925 0.663875 9.99821E-05
0.119706 0.0622666 0.817928 9.9991E-05
0.106856 0.0255785 0.867465 9.9991E-05
0.170472 0.0280318 0.801397 9.9991E-05
0.0190012 0.0752136 0.903519 0.00226601
0.0350713 0.964729 9.9982E-05 9.9982E-05
0.00326134 0.996539 9.9982E-05 9.9982E-05
0.0511189 0.0702416 0.878539 9.9991E-05
0.426568 0.00531083 0.492023 0.0760978
9.9991E-05 0.0281224 0.23575 0.736027
0.0928651 9.9982E-05 9.9982E-05 0.906935
0.156281 9.9982E-05 0.843519 9.9982E-05
9.998E-05 9.998E-05 9.998E-05 0.9997
0.0497794 9.9982E-05 0.950021 9.9982E-05
0.385467 0.0505617 0.114836 0.449136
0.0941648 9.9982E-05 9.9982E-05 0.905635
9.998E-05 0.9997 9.998E-05 9.998E-05
9.998E-05 0.9997 9.998E-05 9.998E-05
0.0842109 9.9982E-05 0.915589 9.9982E-05
9.998E-05 0.9997 9.998E-05 9.998E-05
9.998E-05 0.9997 9.998E-05 9.998E-05
0.0632044 0.924548 9.9991E-05 0.0121471
0.06195 0.937123 9.9991E-05 0.000826561
9.99911E-05 0.593145 0.399974 0.00678114
0.00300598 0.996794 9.9982E-05 9.9982E-05
9.99821E-05 0.845297 0.154503 9.99821E-05
0.279697 0.0704438 0.649759 9.9991E-05
0.0162362 0.973629 0.0100344 9.9991E-05
0.0583008 0.0508665 0.890733 9.9991E-05
0.0478511 0.162745 0.752242 0.0371621
0.497071 0.143409 0.309879 0.0496406
0.100907 0.115221 0.783772 9.9991E-05
0.0882944 0.0962891 0.808125 0.00729197
0.109235 9.9991E-05 0.857365 0.0333004
9.9982E-05 0.0135721 0.986228 9.9982E-05
0.129189 0.00559858 0.846286 0.0189267
0.207952 9.9991E-05 0.693146 0.0988028
0.136248 0.136341 0.690788 0.0366221
0.163558 0.181835 0.654507 9.9991E-05
9.99822E-05 9.99822E-05 0.950818 0.048982
9.9991E-05 0.828236 0.114631 0.0570325
9.9991E-05 0.811011 0.12166 0.067229
9.9991E-05 0.80882 0.115094 0.0759861
9.9991E-05 0.824376 0.0954024 0.0801215
9.9991E-05 0.86209 0.0887113 0.0490984
9.9991E-05 0.736274 0.175965 0.0876605
9.9991E-05 0.773886 0.193254 0.0327592
9.998E-05 9.998E-05 0.9997 9.998E-05
9.9982E-05 0.529638 0.470162 9.9982E-05
9.998E-05 0.9997 9.998E-05 9.998E-05
0.0377263 9.99821E-05 0.962074 9.99821E-05
0.0249715 0.0671275 0.907801 9.9991E-05
9.99821E-05 9.99821E-05 0.990919 0.00888107
9.998E-05 9.998E-05 0.9997 9.998E-05
0.100363 9.9991E-05 0.893001 0.00653663
9.9982E-05 9.9982E-05 0.0882372 0.911563
0.0224607 0.977339 9.99821E-05 9.99821E-05
0.021463 0.461429 0.452399 0.064709
9.998E-05 0.9997 9.998E-05 9.998E-05
9.998E-05 0.9997 9.998E-05 9.998E-05
9.998E-05 0.9997 9.998E-05 9.998E-05
9.998E-05 0.9997 9.998E-05 9.998E-05
0.0196023 0.980198 9.9982E-05 9.9982E-05
9.998E-05 0.9997 9.998E-05 9.998E-05
9.99821E-05 0.950579 0.0492215 9.99821E-05
9.99911E-05 0.853229 0.116787 0.0298833
0.0073772 0.992423 9.9982E-05 9.9982E-05
0.0673281 0.15716 0.775412 9.9991E-05
0.0762623 0.136929 0.786709 9.9991E-05
0.9997 9.998E-05 9.998E-05 9.998E-05
0.9997 9.998E-05 9.998E-05 9.998E-05
0.0833602 0.051629 0.857577 0.00743419
0.0619601 0.0252386 0.89862 0.0141809
0.9997 9.998E-05 9.998E-05 9.998E-05
0.9997 9.998E-05 9.998E-05 9.998E-05
9.998E-05 9.998E-05 0.9997 9.998E-05
9.9991E-05 0.0356529 0.902466 0.0617807
9.9982E-05 0.555009 0.444791 9.9982E-05
0.335792 0.0447014 0.501221 0.118286
0.358787 9.9991E-05 0.582843 0.0582696
0.0115279 0.891949 9.9991E-05 0.0964227
