9.9973E-05 0.00128175 9.9973E-05 0.998418 9.9973E-05
9.999E-05 0.00272472 0.343819 0.378822 0.274534
0.0636405 0.107673 0.755681 9.99911E-05 0.0729046
9.9973E-05 0.0161535 0.983547 9.9973E-05 9.9973E-05
9.999E-05 0.00553903 0.426462 0.242678 0.325221
0.0129035 0.0123856 0.969636 0.00497471 9.9991E-05
9.99732E-05 9.99732E-05 9.99732E-05 0.605424 0.394276
9.999E-05 0.0377521 0.408862 0.054915 0.498371
9.99731E-05 9.99731E-05 9.99731E-05 0.566881 0.432819
9.9982E-05 0.153675 9.9982E-05 0.726279 0.119846
9.9982E-05 0.149435 9.9982E-05 0.74413 0.106235
9.9982E-05 0.15306 0.0491769 0.797563 9.9982E-05
9.99732E-05 9.99732E-05 0.0591293 0.940571 9.99732E-05
0.0239776 0.0286896 0.942744 0.0044888 9.9991E-05
0.0119545 9.9973E-05 0.987746 9.9973E-05 9.9973E-05
9.999E-05 0.0643227 0.0249299 0.851888 0.0587598
0.0940315 0.416529 9.9982E-05 0.48924 9.9982E-05
0.718045 9.99819E-05 9.99819E-05 0.186471 0.0952837
0.904669 0.0950306 9.9973E-05 9.9973E-05 9.9973E-05
9.9982E-05 0.158146 9.9982E-05 0.799395 0.0422589
0.9996 9.997E-05 9.997E-05 9.997E-05 9.997E-05
9.9982E-05 0.0542493 0.0185096 0.927041 9.9982E-05
0.406627 0.410522 0.00390198 0.0964165 0.0825325
0.902524 0.0971762 9.9973E-05 9.9973E-05 9.9973E-05
9.997E-05 9.997E-05 0.9996 9.997E-05 9.997E-05
9.997E-05 9.997E-05 0.9996 9.997E-05 9.997E-05
9.9973E-05 0.114436 9.9973E-05 0.885264 9.9973E-05
9.9973E-05 9.9973E-05 0.930361 9.9973E-05 0.0693391
9.9973E-05 9.9973E-05 0.884849 9.9973E-05 0.114851
0.0170854 0.0485935 0.702198 9.9991E-05 0.232023
9.9982E-05 0.0604823 0.647057 9.9982E-05 0.292261
9.99821E-05 9.99821E-05 0.105622 0.282472 0.611706
9.997E-05 9.997E-05 0.9996 9.997E-05 9.997E-05
9.9973E-05 9.9973E-05 0.0863411 9.9973E-05 0.913359
9.9982E-05 0.260785 0.0754753 0.663539 9.9982E-05
9.99729E-05 9.99729E-05 0.960015 0.0396847 9.99729E-05
9.99731E-05 9.99731E-05 0.0816001 0.9181 9.99731E-05
0.0204997 0.0554828 0.0303691 0.718475 0.175173
0.0680091 0.413244 0.150563 0.368084 9.9991E-05
0.00578533 0.0646663 0.14837 0.781078 9.9991E-05
0.0130197 0.100915 0.11045 0.775515 9.9991E-05
0.0206857 0.15361 9.9991E-05 0.805158 0.0204463
9.9982E-05 9.9982E-05 0.00626917 0.919876 0.0736549
9.99819E-05 0.161266 9.99819E-05 0.77313 0.0654038
0.108671 0.175419 9.9991E-05 0.701921 0.0138898
0.0356643 0.109605 0.0471846 0.727397 0.0801491
9.9991E-05 0.179502 0.0911042 0.635811 0.0934836
0.039635 9.99822E-05 9.99822E-05 0.957133 0.00303229
9.997E-05 9.997E-05 9.997E-05 9.997E-05 0.9996
0.00835026 9.99729E-05 9.99729E-05 9.99729E-05 0.99135
9.997E-05 9.997E-05 9.997E-05 9.997E-05 0.9996
9.997E-05 9.997E-05 9.997E-05 9.997E-05 0.9996
9.997E-05 9.997E-05 9.997E-05 9.997E-05 0.9996
0.0412073 9.9991E-05 0.249711 0.116765 0.592217
9.99729E-05 0.00352934 9.99729E-05 9.99729E-05 0.996171
9.997E-05 9.997E-05 9.997E-05 0.9996 9.997E-05
9.9982E-05 9.9982E-05 0.0944012 0.348635 0.556764
9.997E-05 9.997E-05 0.9996 9.997E-05 9.997E-05
9.99731E-05 0.0575395 9.99731E-05 0.942161 9.99731E-05
9.9982E-05 0.0084385 0.094509 0.896853 9.9982E-05
0.0197713 9.99732E-05 9.99732E-05 0.979929 9.99732E-05
9.9973E-05 0.0028523 9.9973E-05 0.996848 9.9973E-05
0.0174051 0.123159 9.9982E-05 0.859236 9.9982E-05
0.947349 9.99821E-05 9.99821E-05 0.0431676 0.0092832
9.99731E-05 9.99731E-05 0.984692 9.99731E-05 0.015008
9.9991E-05 0.151865 0.347468 0.386766 0.113802
9.997E-05 9.997E-05 0.9996 9.997E-05 9.997E-05
9.9982E-05 9.9982E-05 0.969715 0.00661037 0.0234742
9.9982E-05 9.9982E-05 0.910948 0.000489133 0.0883626
0.0102783 9.9991E-05 0.916039 0.00740224 0.0661806
9.9991E-05 0.0228153 0.922877 0.0417593 0.0124485
9.9973E-05 0.00174833 0.997952 9.9973E-05 9.9973E-05
9.99732E-05 9.99732E-05 0.473558 9.99732E-05 0.526142
0.0204161 9.99911E-05 0.546919 0.0820318 0.350534
9.9982E-05 0.013591 0.969997 0.0162123 9.9982E-05
9.9991E-05 0.0849218 0.0611842 0.715137 0.138657
9.9991E-05 0.0589517 0.0265135 0.759686 0.154749
9.997E-05 0.9996 9.997E-05 9.997E-05 9.997E-05
9.997E-05 0.9996 9.997E-05 9.997E-05 9.997E-05
9.9982E-05 0.120705 9.9982E-05 0.777665 0.10143
0.00369193 0.0758189 9.9991E-05 0.812302 0.108087
9.997E-05 0.9996 9.997E-05 9.997E-05 9.997E-05
9.997E-05 0.9996 9.997E-05 9.997E-05 9.997E-05
9.9973E-05 9.9973E-05 9.9973E-05 0.965751 0.0339494
0.0561504 9.9991E-05 0.00182185 0.86215 0.079778
9.9982E-05 9.9982E-05 0.0818188 0.315283 0.602698
0.123458 0.34971 0.0594237 0.467309 9.9991E-05
0.089534 0.343902 9.99821E-05 0.566364 9.99821E-05
0.0354781 0.0219815 0.579924 9.9991E-05 0.362516
