0.9998 9.999E-05 9.999E-05
0.47516 9.9991E-05 0.52474
0.0523696 0.0461515 0.901479
9.999E-05 9.999E-05 0.9998
0.29506 9.9991E-05 0.70484
0.0138934 9.9991E-05 0.986007
0.653224 9.99911E-05 0.346676
0.192494 9.9991E-05 0.807406
0.641677 9.99911E-05 0.358223
0.970275 9.9991E-05 0.0296253
0.9998 9.999E-05 9.999E-05
0.965208 9.9991E-05 0.0346917
0.960578 9.99911E-05 0.0393215
9.9991E-05 0.00483413 0.995066
9.9991E-05 0.0124039 0.987496
0.967055 9.9991E-05 0.0328454
0.784423 0.177579 0.0379978
0.194821 0.748809 0.0563699
9.999E-05 0.9998 9.999E-05
0.9998 9.999E-05 9.999E-05
9.999E-05 0.9998 9.999E-05
0.9998 9.999E-05 9.999E-05
0.362959 0.559759 0.0772815
9.999E-05 0.9998 9.999E-05
9.999E-05 9.999E-05 0.9998
9.999E-05 9.999E-05 0.9998
0.9998 9.999E-05 9.999E-05
9.999E-05 9.999E-05 0.9998
9.999E-05 9.999E-05 0.9998
0.0272626 0.052934 0.919803
0.0129877 0.0350101 0.952002
0.421721 9.99911E-05 0.578179
9.999E-05 9.999E-05 0.9998
0.177936 9.9991E-05 0.821964
0.944677 9.9991E-05 0.0552229
9.999E-05 9.999E-05 0.9998
0.942702 9.9991E-05 0.057198
0.815309 0.0263519 0.158339
0.656564 0.168362 0.175073
0.887426 9.9991E-05 0.112474
0.921742 9.9991E-05 0.0781583
0.984924 0.0149765 9.9991E-05
0.98292 9.9991E-05 0.0169796
0.983458 0.0164422 9.9991E-05
0.842221 0.157679 9.9991E-05
0.840649 0.0476114 0.11174
0.868376 9.9991E-05 0.131524
0.997673 0.00222723 9.99911E-05
0.126549 0.0455008 0.82795
0.129483 0.0539408 0.816576
0.143783 0.0467861 0.809431
0.139095 0.0557648 0.80514
0.0922364 0.04664 0.861124
0.199167 0.0354591 0.765374
0.197087 0.00607317 0.79684
0.9998 9.999E-05 9.999E-05
0.432909 9.9991E-05 0.566991
9.999E-05 9.999E-05 0.9998
0.9998 9.999E-05 9.999E-05
0.940258 9.9991E-05 0.0596416
0.9998 9.999E-05 9.999E-05
0.9998 9.999E-05 9.999E-05
0.991386 0.00851395 9.9991E-05
0.0409852 0.936325 0.02269
9.999E-05 9.999E-05 0.9998
0.493955 0.0889271 0.417118
9.999E-05 9.999E-05 0.9998
9.999E-05 9.999E-05 0.9998
9.999E-05 9.999E-05 0.9998
9.999E-05 9.999E-05 0.9998
0.0637107 9.9991E-05 0.936189
9.999E-05 9.999E-05 0.9998
0.0858365 9.99911E-05 0.914064
0.102767 0.00250766 0.894726
9.999E-05 9.999E-05 0.9998
0.855594 9.9991E-05 0.144306
0.840694 9.9991E-05 0.159206
0.627476 0.262404 0.110121
0.632171 0.264764 0.103066
0.968172 9.9991E-05 0.0317281
0.987351 9.9991E-05 0.0125489
0.594832 0.270275 0.134893
0.606626 0.279298 0.114076
0.9998 9.999E-05 9.999E-05
0.960721 0.00517992 0.0340987
0.414552 9.9991E-05 0.585348
0.743806 0.21808 0.038114
0.81624 0.18366 9.9991E-05
0.0304207 0.0770942 0.892485
