0.9998 9.999E-05 9.999E-05
0.484268 0.515632 9.9991E-05
0.0542729 0.875204 0.0705236
9.999E-05 0.9998 9.999E-05
0.302796 0.697104 9.9991E-05
9.999E-05 0.9998 9.999E-05
0.689823 0.310077 9.99911E-05
0.201348 0.798552 9.9991E-05
0.662527 0.337373 9.9991E-05
0.94529 0.0546096 9.9991E-05
0.984695 0.015205 9.9991E-05
0.925973 0.0730692 0.00095757
0.942594 0.0573057 9.99911E-05
9.9991E-05 0.984963 0.0149373
9.999E-05 0.9998 9.999E-05
0.982567 0.0173326 9.9991E-05
0.823615 0.00809547 0.168289
0.289829 0.0152684 0.694903
9.999E-05 9.999E-05 0.9998
0.9998 9.999E-05 9.999E-05
9.999E-05 9.999E-05 0.9998
0.9998 9.999E-05 9.999E-05
0.342995 0.105157 0.551848
9.999E-05 9.999E-05 0.9998
9.999E-05 0.9998 9.999E-05
9.999E-05 0.9998 9.999E-05
0.9998 9.999E-05 9.999E-05
9.999E-05 0.9998 9.999E-05
9.999E-05 0.9998 9.999E-05
9.9991E-05 0.939906 0.0599938
9.9991E-05 0.974457 0.0254426
0.412508 0.587392 9.9991E-05
9.999E-05 0.9998 9.999E-05
0.183013 0.816887 9.9991E-05
0.93219 0.059106 0.00870353
9.999E-05 0.9998 9.999E-05
0.977132 0.0227684 9.9991E-05
0.824913 0.159659 0.0154285
0.680642 0.156677 0.162682
0.912829 0.0870712 9.9991E-05
0.92964 0.0702599 9.9991E-05
0.993732 9.9991E-05 0.00616835
0.990109 0.00979073 9.9991E-05
0.990163 0.0097374 9.9991E-05
0.859099 9.9991E-05 0.140801
0.876698 0.0876015 0.035701
0.852823 0.147077 9.9991E-05
0.993384 9.99911E-05 0.0065156
0.186067 0.801928 0.0120045
0.143119 0.825772 0.031109
0.176639 0.805297 0.0180642
0.166905 0.812338 0.0207568
0.12341 0.845593 0.0309966
0.2228 0.732266 0.0449344
0.241614 0.758286 9.9991E-05
0.9998 9.999E-05 9.999E-05
0.441159 0.558741 9.9991E-05
9.999E-05 0.9998 9.999E-05
0.9998 9.999E-05 9.999E-05
0.932964 0.0669357 9.9991E-05
0.9998 9.999E-05 9.999E-05
0.9998 9.999E-05 9.999E-05
0.970221 9.9991E-05 0.0296789
0.107002 9.9991E-05 0.892898
9.999E-05 0.9998 9.999E-05
0.471994 0.470718 0.0572879
9.999E-05 0.9998 9.999E-05
9.999E-05 0.9998 9.999E-05
9.999E-05 0.9998 9.999E-05
9.999E-05 0.9998 9.999E-05
0.0194035 0.980496 9.9991E-05
9.999E-05 0.9998 9.999E-05
0.076274 0.923626 9.99911E-05
0.131832 0.83835 0.0298177
9.999E-05 0.9998 9.999E-05
0.854107 0.145793 9.9991E-05
0.865802 0.134098 9.9991E-05
0.589609 0.110578 0.299813
0.569738 0.124978 0.305284
0.972509 0.027391 9.9991E-05
0.966827 0.033073 9.9991E-05
0.57672 0.122812 0.300468
0.576865 0.119681 0.303455
0.9998 9.999E-05 9.999E-05
0.951045 0.0182079 0.0307476
0.448967 0.550933 9.9991E-05
0.695392 0.0850257 0.219582
0.81134 9.9991E-05 0.18856
0.00191213 0.921301 0.0767871
