9.996E-05 9.996E-05 9.996E-05 0.9995 9.996E-05 9.996E-05
9.9973E-05 0.256743 9.9973E-05 0.417341 9.9973E-05 0.325616
0.0150678 0.0721473 0.0821177 9.99911E-05 0.0271254 0.803442
9.9964E-05 9.9964E-05 9.9964E-05 9.9964E-05 0.0354132 0.964187
9.99731E-05 0.209671 9.99731E-05 0.303 9.99731E-05 0.487029
0.00795476 9.9973E-05 9.9973E-05 0.0072352 9.9973E-05 0.98451
9.99642E-05 0.377351 0.62225 9.99642E-05 9.99642E-05 9.99642E-05
9.9982E-05 0.46698 9.9982E-05 0.0910421 0.00450045 0.437278
9.99731E-05 0.451698 0.477555 0.0704463 9.99731E-05 9.99731E-05
9.9982E-05 0.117205 0.0265485 0.783258 0.072789 9.9982E-05
9.9982E-05 0.0750092 0.0217966 0.799354 0.10364 9.9982E-05
9.9982E-05 9.9982E-05 0.20349 0.644683 0.125611 0.0260157
9.996E-05 9.996E-05 0.9995 9.996E-05 9.996E-05 9.996E-05
0.0388214 9.9973E-05 9.9973E-05 0.0123999 9.9973E-05 0.948479
0.00366437 9.9973E-05 9.9973E-05 0.0525567 9.9973E-05 0.943479
9.9973E-05 0.0517471 0.380242 0.567711 9.9973E-05 9.9973E-05
0.0730633 9.9982E-05 0.185704 0.360914 0.380118 9.9982E-05
0.736699 0.0867564 9.99729E-05 0.176245 9.99729E-05 9.99729E-05
0.898644 9.9964E-05 9.9964E-05 9.9964E-05 0.100956 9.9964E-05
9.9973E-05 9.9973E-05 0.0518572 0.850529 0.0973142 9.9973E-05
0.9995 9.996E-05 9.996E-05 9.996E-05 9.996E-05 9.996E-05
9.9973E-05 9.9973E-05 0.110484 0.886798 0.00241826 9.9973E-05
0.421152 0.0743321 9.9982E-05 0.103075 0.401241 9.9982E-05
0.889007 9.99639E-05 9.99639E-05 9.99639E-05 0.110593 9.99639E-05
9.996E-05 9.996E-05 9.996E-05 9.996E-05 9.996E-05 0.9995
9.996E-05 9.996E-05 9.996E-05 9.996E-05 9.996E-05 0.9995
9.99729E-05 9.99729E-05 0.723535 0.179923 0.0962429 9.99729E-05
9.9973E-05 0.0803485 0.0206573 9.9973E-05 9.9973E-05 0.898694
9.9973E-05 0.109108 0.00352394 9.9973E-05 9.9973E-05 0.887068
0.0357954 0.250178 0.00147958 9.9991E-05 0.0272312 0.685216
9.9973E-05 0.261396 9.9973E-05 9.9973E-05 0.060382 0.677922
9.99731E-05 0.57944 9.99731E-05 0.332292 9.99731E-05 0.0879683
9.996E-05 9.996E-05 9.996E-05 9.996E-05 9.996E-05 0.9995
9.9973E-05 0.938194 9.9973E-05 9.9973E-05 0.00514173 0.0563647
9.99819E-05 9.99819E-05 0.539706 0.181056 0.226517 0.0525221
9.9973E-05 9.9973E-05 0.00527085 0.0147024 9.9973E-05 0.979727
9.99642E-05 9.99642E-05 9.99642E-05 0.920415 9.99642E-05 0.0791856
0.0261605 0.161725 9.9982E-05 0.792738 9.9982E-05 0.0191765
0.0518334 9.9991E-05 0.190174 0.212148 0.424459 0.121285
9.9973E-05 9.9973E-05 9.9973E-05 0.869296 0.0138658 0.116538
0.018335 9.9982E-05 9.9982E-05 0.895898 0.000882468 0.0846841
0.00707869 0.010611 9.9982E-05 0.921768 0.0603419 9.9982E-05
9.9973E-05 0.0541985 0.306764 0.638738 9.9973E-05 9.9973E-05
0.00606976 0.0419593 0.0501736 0.809306 0.0923911 9.9991E-05
0.104703 0.0102985 0.204751 0.499155 0.180992 9.9991E-05
0.0561889 0.0671425 0.0476533 0.72586 0.0558406 0.0473148
0.000876302 0.0572806 0.212764 0.506794 0.118672 0.103613
9.996E-05 9.996E-05 9.996E-05 0.9995 9.996E-05 9.996E-05
9.996E-05 0.9995 9.996E-05 9.996E-05 9.996E-05 9.996E-05
9.99639E-05 0.999071 9.99639E-05 9.99639E-05 0.000528958 9.99639E-05
9.996E-05 0.9995 9.996E-05 9.996E-05 9.996E-05 9.996E-05
9.996E-05 0.9995 9.996E-05 9.996E-05 9.996E-05 9.996E-05
9.996E-05 0.9995 9.996E-05 9.996E-05 9.996E-05 9.996E-05
0.0426497 0.675458 0.0362722 0.0308295 9.9991E-05 0.214691
9.9973E-05 0.985436 9.9973E-05 0.00416512 0.010099 9.9973E-05
9.9964E-05 9.9964E-05 0.0580428 0.941557 9.9964E-05 9.9964E-05
9.9982E-05 0.548288 0.00182551 0.349936 9.9982E-05 0.0997506
9.996E-05 9.996E-05 9.996E-05 9.996E-05 9.996E-05 0.9995
9.9973E-05 9.9973E-05 0.880677 0.0734765 0.0455468 9.9973E-05
9.9973E-05 9.9973E-05 0.398998 0.526955 9.9973E-05 0.0737469
9.996E-05 9.996E-05 0.9995 9.996E-05 9.996E-05 9.996E-05
9.99639E-05 9.99639E-05 0.896692 0.102908 9.99639E-05 9.99639E-05
0.00111222 9.99819E-05 0.845159 0.0666525 0.0868765 9.99819E-05
0.922952 0.0206595 9.99731E-05 0.0560888 9.99731E-05 9.99731E-05
9.99641E-05 9.99641E-05 9.99641E-05 9.99641E-05 0.00226895 0.997331
0.0750347 0.0740053 0.198032 0.156538 0.109397 0.386992
9.99731E-05 0.0238156 0.0213396 9.99731E-05 9.99731E-05 0.954545
9.9973E-05 0.00479467 9.9973E-05 0.00336168 9.9973E-05 0.991544
9.9973E-05 0.080038 0.0180722 9.9973E-05 9.9973E-05 0.90159
0.0026636 0.0924136 9.9973E-05 9.9973E-05 9.9973E-05 0.904623
9.99641E-05 9.99641E-05 9.99641E-05 0.0583057 9.99641E-05 0.941294
9.996E-05 9.996E-05 9.996E-05 9.996E-05 9.996E-05 0.9995
9.99643E-05 0.536753 9.99643E-05 9.99643E-05 9.99643E-05 0.462847
9.99732E-05 0.367934 0.18791 9.99732E-05 9.99732E-05 0.443856
9.9964E-05 0.0556399 9.9964E-05 9.9964E-05 9.9964E-05 0.94396
9.9991E-05 0.118274 0.193188 0.59522 0.0538151 0.0394028
9.9991E-05 0.130513 0.23815 0.543753 0.0640154 0.0234694
9.996E-05 9.996E-05 9.996E-05 9.996E-05 0.9995 9.996E-05
9.996E-05 9.996E-05 9.996E-05 9.996E-05 0.9995 9.996E-05
9.9982E-05 0.0835878 0.043033 0.832031 0.0411478 9.9982E-05
0.00821644 0.0660475 0.0822478 0.837592 0.00579616 9.9991E-05
9.996E-05 9.996E-05 9.996E-05 9.996E-05 0.9995 9.996E-05
9.996E-05 9.996E-05 9.996E-05 9.996E-05 0.9995 9.996E-05
9.99641E-05 9.99641E-05 0.0516184 0.947982 9.99641E-05 9.99641E-05
0.0629242 0.0268357 0.294475 0.615565 9.9982E-05 9.9982E-05
9.99767E-05 0.613834 9.99767E-05 0.318483 9.99767E-05 0.067383
0.106652 9.9991E-05 0.291789 0.222069 0.330806 0.0485835
0.0870218 9.9982E-05 0.394646 0.161753 0.356379 9.9982E-05
0.044221 0.361106 9.99821E-05 9.99821E-05 0.0360526 0.558421
