9.996E-05 9.996E-05 9.996E-05 0.9995 9.996E-05 9.996E-05
0.316111 0.237239 9.9982E-05 0.437237 0.0092128 9.9982E-05
0.742356 0.0807668 0.143946 9.99911E-05 0.0287854 0.00404526
0.982238 9.9964E-05 9.9964E-05 9.9964E-05 0.0173623 9.9964E-05
0.486791 0.237622 9.99731E-05 0.275287 9.99731E-05 9.99731E-05
0.98136 9.9964E-05 9.9964E-05 9.9964E-05 0.0182406 9.9964E-05
0.0422368 0.308124 0.649339 9.99731E-05 9.99731E-05 9.99731E-05
0.415887 0.445383 9.9982E-05 0.108457 0.0300733 9.9982E-05
9.99731E-05 0.442857 0.513907 0.0429364 9.99731E-05 9.99731E-05
9.99821E-05 0.10242 0.0400252 0.80443 0.0529251 9.99821E-05
9.9982E-05 0.0818214 0.0524688 0.789473 0.0760372 9.9982E-05
0.0543766 9.9982E-05 0.166987 0.660555 0.117882 9.9982E-05
0.00829678 9.9964E-05 0.991303 9.9964E-05 9.9964E-05 9.9964E-05
0.97335 9.9982E-05 9.9982E-05 0.00944001 0.00189964 0.0151105
0.94127 9.9973E-05 9.9973E-05 0.0504431 9.9973E-05 0.00798692
0.0116117 0.0715897 0.469196 0.447402 9.9982E-05 9.9982E-05
9.9982E-05 9.9982E-05 0.193209 0.338875 0.392754 0.0749619
9.99729E-05 0.0699393 9.99729E-05 0.217632 9.99729E-05 0.712128
9.9964E-05 9.9964E-05 9.9964E-05 9.9964E-05 0.0845723 0.915028
9.9982E-05 0.00486789 0.112343 0.747677 0.134913 9.9982E-05
9.996E-05 9.996E-05 9.996E-05 9.996E-05 9.996E-05 0.9995
9.9973E-05 9.9973E-05 0.11579 0.870991 0.0129198 9.9973E-05
9.9982E-05 0.0621286 9.9982E-05 0.0848905 0.424257 0.428524
9.99639E-05 9.99639E-05 9.99639E-05 9.99639E-05 0.128332 0.871268
0.970419 0.0291815 9.9964E-05 9.9964E-05 9.9964E-05 9.9964E-05
0.9995 9.996E-05 9.996E-05 9.996E-05 9.996E-05 9.996E-05
9.99729E-05 9.99729E-05 0.790848 0.144767 0.0640846 9.99729E-05
0.880412 0.119188 9.9964E-05 9.9964E-05 9.9964E-05 9.9964E-05
0.892163 0.0874938 0.0200433 9.9973E-05 9.9973E-05 9.9973E-05
0.667507 0.266876 9.9982E-05 9.9982E-05 0.0304201 0.0349978
0.633658 0.299099 9.9982E-05 9.9982E-05 0.0549086 0.0121343
0.0969562 0.589946 9.99731E-05 0.312798 9.99731E-05 9.99731E-05
0.9995 9.996E-05 9.996E-05 9.996E-05 9.996E-05 9.996E-05
0.108663 0.890816 9.9973E-05 9.9973E-05 0.000221745 9.9973E-05
0.0364516 9.99819E-05 0.562232 0.157828 0.243289 9.99819E-05
0.986664 9.99729E-05 0.0129248 0.000110769 9.99729E-05 9.99729E-05
0.0500168 9.99642E-05 9.99642E-05 0.949583 9.99642E-05 9.99642E-05
9.9973E-05 0.174875 9.9973E-05 0.802321 9.9973E-05 0.0225035
0.139929 9.9991E-05 0.211022 0.189136 0.403664 0.0561479
0.113812 9.9973E-05 9.9973E-05 0.871948 0.0139409 9.9973E-05
0.0776087 9.99729E-05 9.99729E-05 0.884437 0.0376539 9.99729E-05
9.9982E-05 9.9982E-05 0.0293403 0.917687 0.0427354 0.0100375
9.9973E-05 0.0298742 0.349957 0.619869 9.9973E-05 9.9973E-05
9.9991E-05 0.0558624 0.0617282 0.807614 0.0642389 0.0104567
9.9991E-05 0.00812256 0.167226 0.497549 0.215261 0.111742
0.0642941 0.041973 0.0422523 0.766931 0.0423849 0.0421651
0.101622 0.0527952 0.237857 0.488574 0.119052 9.9991E-05
9.99644E-05 9.99644E-05 9.99644E-05 0.99262 9.99644E-05 0.00698036
9.996E-05 0.9995 9.996E-05 9.996E-05 9.996E-05 9.996E-05
9.996E-05 0.9995 9.996E-05 9.996E-05 9.996E-05 9.996E-05
9.996E-05 0.9995 9.996E-05 9.996E-05 9.996E-05 9.996E-05
9.996E-05 0.9995 9.996E-05 9.996E-05 9.996E-05 9.996E-05
9.996E-05 0.9995 9.996E-05 9.996E-05 9.996E-05 9.996E-05
0.22258 0.607111 0.0596883 0.0777572 9.9991E-05 0.0327635
9.99729E-05 0.987327 9.99729E-05 0.000377792 0.0119955 9.99729E-05
9.9964E-05 9.9964E-05 0.0791935 0.920407 9.9964E-05 9.9964E-05
0.106895 0.588012 0.00854971 0.296344 9.9982E-05 9.9982E-05
0.9995 9.996E-05 9.996E-05 9.996E-05 9.996E-05 9.996E-05
9.9973E-05 9.9973E-05 0.90776 0.0128107 0.0791294 9.9973E-05
0.0595947 9.9982E-05 0.451367 0.453707 0.0351313 9.9982E-05
9.996E-05 9.996E-05 0.9995 9.996E-05 9.996E-05 9.996E-05
9.99639E-05 9.99639E-05 0.93778 0.0618197 9.99639E-05 9.99639E-05
9.99729E-05 9.99729E-05 0.886222 0.046452 0.0670263 9.99729E-05
9.99641E-05 9.99641E-05 9.99641E-05 0.0885467 9.99641E-05 0.911053
0.9995 9.996E-05 9.996E-05 9.996E-05 9.996E-05 9.996E-05
0.278411 0.146688 0.13746 0.327746 0.102064 0.0076305
0.963448 9.99641E-05 0.0361523 9.99641E-05 9.99641E-05 9.99641E-05
0.949528 0.00494426 9.9973E-05 0.0452279 9.9973E-05 9.9973E-05
0.891194 0.0674665 0.0410397 9.9973E-05 9.9973E-05 9.9973E-05
0.922258 0.0767372 0.000705151 9.9973E-05 9.9973E-05 9.9973E-05
0.899168 9.9973E-05 9.9973E-05 0.0894926 0.0110391 9.9973E-05
0.9995 9.996E-05 9.996E-05 9.996E-05 9.996E-05 9.996E-05
0.502151 0.476177 9.99732E-05 0.021373 9.99732E-05 9.99732E-05
0.469981 0.34585 0.183869 9.99732E-05 9.99732E-05 9.99732E-05
0.949499 9.9964E-05 9.9964E-05 0.0501007 9.9964E-05 9.9964E-05
0.0994763 0.104938 0.21344 0.52608 0.0559666 9.9991E-05
0.0499837 0.154344 0.261235 0.504701 0.0296366 9.9991E-05
9.996E-05 9.996E-05 9.996E-05 9.996E-05 0.9995 9.996E-05
9.996E-05 9.996E-05 9.996E-05 9.996E-05 0.9995 9.996E-05
9.9982E-05 0.0795167 0.043874 0.862053 0.0143568 9.9982E-05
9.9982E-05 0.0793953 0.0912912 0.804931 0.0241823 9.9982E-05
9.996E-05 9.996E-05 9.996E-05 9.996E-05 0.9995 9.996E-05
9.996E-05 9.996E-05 9.996E-05 9.996E-05 0.9995 9.996E-05
9.99641E-05 9.99641E-05 0.0551813 0.944419 9.99641E-05 9.99641E-05
9.9982E-05 0.0247723 0.416044 0.51882 9.9982E-05 0.0401642
0.0945311 0.591785 0.00825216 0.305232 9.9982E-05 9.9982E-05
0.0767492 9.9991E-05 0.339873 0.226388 0.238666 0.118224
9.9982E-05 9.9982E-05 0.427577 0.170947 0.315345 0.0859306
0.584396 0.314061 0.0499945 9.99821E-05 9.99821E-05 0.0513487
