0.9998 9.999E-05 9.999E-05
0.484241 0.515659 9.9991E-05
0.03026 0.924465 0.0452752
9.999E-05 0.9998 9.999E-05
0.332513 0.667387 9.9991E-05
9.999E-05 0.9998 9.999E-05
0.646873 0.353027 9.99911E-05
0.17952 0.82038 9.9991E-05
0.644244 0.355656 9.999E-05
0.984714 0.0132585 0.00202771
0.99233 0.00757004 9.9991E-05
0.963034 0.0368663 9.9991E-05
0.937515 0.0623849 9.99911E-05
0.00108654 0.987816 0.0110975
0.00457444 0.995326 9.9991E-05
0.941339 0.0585613 9.9991E-05
0.808064 0.0306825 0.161254
0.280391 0.0329949 0.686615
9.999E-05 9.999E-05 0.9998
0.9998 9.999E-05 9.999E-05
9.999E-05 9.999E-05 0.9998
0.9998 9.999E-05 9.999E-05
0.365957 0.0949803 0.539063
0.0303078 9.9991E-05 0.969592
9.999E-05 0.9998 9.999E-05
9.999E-05 0.9998 9.999E-05
0.9998 9.999E-05 9.999E-05
9.999E-05 0.9998 9.999E-05
9.999E-05 0.9998 9.999E-05
0.0372954 0.927764 0.0349403
9.9991E-05 0.931181 0.0687187
0.412273 0.587627 9.99911E-05
9.999E-05 0.9998 9.999E-05
0.158746 0.841154 9.9991E-05
0.946235 0.0536648 9.9991E-05
9.999E-05 0.9998 9.999E-05
0.947429 0.0524706 9.9991E-05
0.844995 0.149498 0.00550692
0.646511 0.175518 0.177971
0.901125 0.0987752 9.9991E-05
0.927717 0.0721834 9.9991E-05
0.999747 9.9991E-05 0.000153293
0.997437 0.00246267 9.9991E-05
0.988962 0.00794482 0.00309328
0.822845 9.9991E-05 0.177055
0.873177 0.0909214 0.0359014
0.83541 0.16449 9.9991E-05
0.980867 9.99911E-05 0.0190329
0.161996 0.819893 0.0181112
0.151375 0.796777 0.0518478
0.186048 0.79652 0.0174317
0.0851538 0.885546 0.0293006
0.100678 0.863957 0.0353648
0.230936 0.736784 0.0322797
0.210885 0.789015 9.9991E-05
0.9998 9.999E-05 9.999E-05
0.435586 0.564314 9.9991E-05
9.999E-05 0.9998 9.999E-05
0.9998 9.999E-05 9.999E-05
0.932074 0.0678264 9.9991E-05
0.9998 9.999E-05 9.999E-05
0.9998 9.999E-05 9.999E-05
0.983351 9.9991E-05 0.0165488
0.0931325 9.9991E-05 0.906768
9.999E-05 0.9998 9.999E-05
0.517795 0.405815 0.0763894
9.999E-05 0.9998 9.999E-05
9.999E-05 0.9998 9.999E-05
9.999E-05 0.9998 9.999E-05
9.999E-05 0.9998 9.999E-05
0.0196472 0.980253 9.9991E-05
9.999E-05 0.9998 9.999E-05
0.0531949 0.946705 9.99911E-05
0.0807424 0.900732 0.0185261
9.999E-05 0.9998 9.999E-05
0.827613 0.172287 9.9991E-05
0.864606 0.135294 9.9991E-05
0.602204 0.0986888 0.299107
0.592457 0.124157 0.283385
0.979619 0.0202813 9.9991E-05
0.990356 0.00954441 9.9991E-05
0.615327 0.111915 0.272758
0.598241 0.133607 0.268152
0.9998 9.999E-05 9.999E-05
0.950534 0.0221389 0.027327
0.433478 0.566422 9.9991E-05
0.722844 0.073227 0.203929
0.815995 9.9991E-05 0.183905
9.9991E-05 0.928598 0.0713017
