0.9998 9.999E-05 9.999E-05
0.473459 0.526441 9.9991E-05
0.034688 0.891265 0.0740469
9.999E-05 0.9998 9.999E-05
0.292064 0.707836 9.9991E-05
9.999E-05 0.99066 0.00924029
0.665265 0.334635 9.99911E-05
0.222033 0.777867 9.9991E-05
0.644815 0.355085 9.9991E-05
0.979894 0.0200057 9.9991E-05
0.9998 9.999E-05 9.999E-05
0.949594 0.0503055 9.9991E-05
0.984057 0.0158431 9.99911E-05
9.9991E-05 0.975191 0.0247093
9.9991E-05 0.989612 0.0102884
0.961357 0.0385432 9.9991E-05
0.781799 0.0410623 0.177139
0.21211 0.0457985 0.742092
9.999E-05 9.999E-05 0.9998
0.9998 9.999E-05 9.999E-05
9.999E-05 9.999E-05 0.9998
0.9998 9.999E-05 9.999E-05
0.372794 0.0754382 0.551767
9.999E-05 9.999E-05 0.9998
9.999E-05 0.9998 9.999E-05
9.999E-05 0.9998 9.999E-05
0.9998 9.999E-05 9.999E-05
9.999E-05 0.9998 9.999E-05
9.999E-05 0.9998 9.999E-05
0.0161732 0.949353 0.0344738
0.00180697 0.980299 0.0178937
0.418522 0.581378 9.99911E-05
9.999E-05 0.9998 9.999E-05
0.149712 0.850188 9.9991E-05
0.932695 0.0672053 9.9991E-05
9.999E-05 0.9998 9.999E-05
0.926055 0.0738449 9.9991E-05
0.84826 0.136524 0.0152163
0.643242 0.17747 0.179288
0.886333 0.113568 9.9991E-05
0.917449 0.0824514 9.9991E-05
0.976188 9.9991E-05 0.0237117
0.956327 0.0435733 9.9991E-05
0.9998 9.999E-05 9.999E-05
0.848692 9.9991E-05 0.151208
0.838821 0.120446 0.0407324
0.836331 0.163569 9.9991E-05
0.990625 9.99911E-05 0.00927537
0.139008 0.838039 0.0229528
0.166667 0.810174 0.0231588
0.179097 0.79368 0.0272231
0.125356 0.838948 0.0356969
0.116021 0.848948 0.0350311
0.240629 0.729614 0.0297573
0.214108 0.772485 0.0134064
0.9998 9.999E-05 9.999E-05
0.451483 0.548417 9.9991E-05
9.999E-05 0.9998 9.999E-05
0.9998 9.999E-05 9.999E-05
0.936478 0.0634217 9.9991E-05
0.9998 9.999E-05 9.999E-05
0.9998 9.999E-05 9.999E-05
0.992728 9.9991E-05 0.00717174
0.0975108 9.9991E-05 0.902389
9.999E-05 0.9998 9.999E-05
0.447568 0.465291 0.0871409
9.999E-05 0.9998 9.999E-05
9.999E-05 0.9998 9.999E-05
9.999E-05 0.9998 9.999E-05
9.999E-05 0.9998 9.999E-05
0.0357735 0.964127 9.9991E-05
9.999E-05 0.9998 9.999E-05
0.0688788 0.931021 9.99911E-05
0.115124 0.884776 9.99911E-05
9.999E-05 0.9998 9.999E-05
0.846175 0.153725 9.9991E-05
0.874262 0.125638 9.9991E-05
0.598412 0.13524 0.266348
0.600472 0.153703 0.245825
0.945269 0.054631 9.9991E-05
0.970626 0.029274 9.9991E-05
0.614172 0.138576 0.247253
0.649359 0.116497 0.234144
0.9998 9.999E-05 9.999E-05
0.958182 0.0101322 0.0316862
0.425078 0.574822 9.9991E-05
0.747004 0.0568778 0.196118
0.828191 9.9991E-05 0.171709
0.0255463 0.907246 0.0672074
