9.98918E-05 9.98918E-05 9.98918E-05 0.903321 9.98918E-05 9.98918E-05 9.98918E-05 9.98918E-05 0.0918588 9.98918E-05 0.00362134 9.98918E-05 9.98918E-05 9.98918E-05 9.98918E-05
0.11244 9.99009E-05 9.99009E-05 9.99009E-05 9.99009E-05 9.99009E-05 9.99009E-05 9.99009E-05 9.99009E-05 0.206798 0.0341431 9.99009E-05 0.64552 9.99009E-05 9.99009E-05
0.608997 9.99107E-05 9.99107E-05 9.99107E-05 0.242926 9.99107E-05 0.0826376 9.99107E-05 9.99107E-05 9.99107E-05 9.99107E-05 9.99107E-05 9.99107E-05 0.048361 0.0160797
0.961897 9.98832E-05 9.98832E-05 9.98832E-05 9.98832E-05 9.98832E-05 9.98832E-05 9.98832E-05 9.98832E-05 9.98832E-05 9.98832E-05 9.98832E-05 9.98832E-05 9.98832E-05 0.0368041
0.336381 0.0233191 9.99461E-05 9.99461E-05 0.175489 9.99461E-05 9.99461E-05 0.1502 0.10268 0.0549793 0.0284907 0.0344756 0.0933853 9.99461E-05 9.99461E-05
0.938953 9.99011E-05 9.99011E-05 9.99011E-05 9.99011E-05 0.0101522 9.99011E-05 9.99011E-05 9.99011E-05 0.0230838 9.99011E-05 0.0267121 9.99011E-05 9.99011E-05 9.99011E-05
9.98741E-05 9.98741E-05 9.98741E-05 9.98741E-05 9.98741E-05 9.98741E-05 9.98741E-05 0.998602 9.98741E-05 9.98741E-05 9.98741E-05 9.98741E-05 9.98741E-05 9.98741E-05 9.98741E-05
0.0444051 0.023944 9.99098E-05 9.99098E-05 0.707203 9.99098E-05 9.99098E-05 9.99098E-05 0.0826622 9.99098E-05 9.99098E-05 9.99098E-05 0.140787 9.99098E-05 9.99098E-05
9.9901E-05 9.9901E-05 9.9901E-05 0.00204045 9.9901E-05 9.9901E-05 9.9901E-05 0.935655 9.9901E-05 9.9901E-05 0.0251782 9.9901E-05 0.0360274 9.9901E-05 9.9901E-05
9.98702E-05 9.98702E-05 9.98702E-05 9.98702E-05 9.98702E-05 9.98702E-05 9.98702E-05 0.0837348 0.914967 9.98702E-05 9.98702E-05 9.98702E-05 9.98702E-05 9.98702E-05 9.98702E-05
9.98702E-05 9.98702E-05 9.98702E-05 9.98702E-05 9.98702E-05 9.98702E-05 9.98702E-05 0.100331 0.898371 9.98702E-05 9.98702E-05 9.98702E-05 9.98702E-05 9.98702E-05 9.98702E-05
0.0412868 9.9919E-05 9.9919E-05 0.645503 9.9919E-05 9.9919E-05 0.161358 0.0160708 9.9919E-05 9.9919E-05 9.9919E-05 0.0245816 9.9919E-05 9.9919E-05 0.110301
9.99012E-05 9.99012E-05 9.99012E-05 9.99012E-05 0.0143093 9.99012E-05 0.936591 0.0384455 9.99012E-05 9.99012E-05 9.99012E-05 0.00955486 9.99012E-05 9.99012E-05 9.99012E-05
0.938607 9.99011E-05 9.99011E-05 9.99011E-05 9.99011E-05 9.99011E-05 9.99011E-05 9.99011E-05 9.99011E-05 0.00179712 9.99011E-05 0.0308736 9.99011E-05 0.0276233 9.99011E-05
0.940386 9.99102E-05 9.99102E-05 0.0378586 9.99102E-05 9.99102E-05 9.99102E-05 9.99102E-05 0.00068508 0.0098916 9.99102E-05 9.99102E-05 9.99102E-05 0.0101796 9.99102E-05
9.98919E-05 9.98919E-05 0.76597 9.98919E-05 9.98919E-05 9.98919E-05 0.107119 9.98919E-05 9.98919E-05 9.98919E-05 9.98919E-05 0.125712 9.98919E-05 9.98919E-05 9.98919E-05
9.98829E-05 9.98829E-05 9.98829E-05 9.98829E-05 9.98829E-05 9.98829E-05 9.98829E-05 9.98829E-05 0.051853 9.98829E-05 0.946848 9.98829E-05 9.98829E-05 9.98829E-05 9.98829E-05
9.99279E-05 0.000298932 9.99279E-05 0.00216917 9.99279E-05 9.99279E-05 9.99279E-05 0.00887308 0.104123 0.0925431 9.99279E-05 9.99279E-05 0.0764733 0.71472 9.99279E-05
9.99011E-05 9.99011E-05 9.99011E-05 9.99011E-05 9.99011E-05 0.102681 9.99011E-05 9.99011E-05 9.99011E-05 9.99011E-05 9.99011E-05 0.0051601 9.99011E-05 0.829004 0.0620565
9.99099E-05 9.99099E-05 0.343358 0.0571373 9.99099E-05 9.99099E-05 9.99099E-05 9.99099E-05 0.433535 9.99099E-05 9.99099E-05 0.158362 9.99099E-05 9.99099E-05 0.00660924
9.98831E-05 9.98831E-05 9.98831E-05 9.98831E-05 9.98831E-05 0.0249999 9.98831E-05 9.98831E-05 9.98831E-05 9.98831E-05 9.98831E-05 9.98831E-05 9.98831E-05 0.973702 9.98831E-05
9.99189E-05 9.99189E-05 0.193198 0.444595 9.99189E-05 9.99189E-05 0.0658203 9.99189E-05 0.0512866 0.23947 0.00473134 9.99189E-05 9.99189E-05 9.99189E-05 9.99189E-05
9.99101E-05 0.0093511 9.99101E-05 9.99101E-05 9.99101E-05 9.99101E-05 9.99101E-05 9.99101E-05 0.152358 9.99101E-05 0.292766 9.99101E-05 9.99101E-05 0.387142 0.157383
9.9892E-05 9.9892E-05 9.9892E-05 9.9892E-05 9.9892E-05 9.9892E-05 9.9892E-05 9.9892E-05 0.0372836 9.9892E-05 9.9892E-05 0.0417889 9.9892E-05 0.919729 9.9892E-05
0.955759 0.0391408 9.98922E-05 9.98922E-05 9.98922E-05 9.98922E-05 0.00390151 9.98922E-05 9.98922E-05 9.98922E-05 9.98922E-05 9.98922E-05 9.98922E-05 9.98922E-05 9.98922E-05
0.998602 9.98744E-05 9.98744E-05 9.98744E-05 9.98744E-05 9.98744E-05 9.98744E-05 9.98744E-05 9.98744E-05 9.98744E-05 9.98744E-05 9.98744E-05 9.98744E-05 9.98744E-05 9.98744E-05
9.99098E-05 9.99098E-05 9.99098E-05 0.0733829 9.99098E-05 9.99098E-05 0.793837 9.99098E-05 0.0656843 9.99098E-05 0.0332002 9.99098E-05 9.99098E-05 9.99098E-05 0.0328964
0.886897 0.0805624 9.9892E-05 9.9892E-05 0.0313424 9.9892E-05 9.9892E-05 9.9892E-05 9.9892E-05 9.9892E-05 9.9892E-05 9.9892E-05 9.9892E-05 9.9892E-05 9.9892E-05
0.900328 0.0473581 0.0423334 9.99011E-05 9.99011E-05 9.99011E-05 9.99011E-05 0.00888186 9.99011E-05 9.99011E-05 9.99011E-05 9.99011E-05 9.99011E-05 9.99011E-05 9.99011E-05
0.531961 0.132288 9.99192E-05 9.99192E-05 0.250812 0.0212716 0.0488618 9.99192E-05 9.99192E-05 9.99192E-05 9.99192E-05 9.99192E-05 9.99192E-05 9.99192E-05 0.013906
0.358225 0.0642831 9.99189E-05 9.99189E-05 0.517342 9.99189E-05 9.99189E-05 9.99189E-05 0.00111954 9.99189E-05 0.023411 9.99189E-05 9.99189E-05 9.99189E-05 0.0347204
9.98744E-05 9.98744E-05 9.98744E-05 9.98744E-05 9.98744E-05 9.98744E-05 9.98744E-05 9.98744E-05 9.98744E-05 9.98744E-05 9.98744E-05 9.98744E-05 0.998602 9.98744E-05 9.98744E-05
0.795069 9.98922E-05 9.98922E-05 9.98922E-05 0.192807 9.98922E-05 9.98922E-05 9.98922E-05 9.98922E-05 0.0109253 9.98922E-05 9.98922E-05 9.98922E-05 9.98922E-05 9.98922E-05
9.98922E-05 0.686757 9.98922E-05 9.98922E-05 0.306893 9.98922E-05 9.98922E-05 9.98922E-05 0.00515057 9.98922E-05 9.98922E-05 9.98922E-05 9.98922E-05 9.98922E-05 9.98922E-05
9.99187E-05 9.99187E-05 9.99187E-05 9.99187E-05 0.0633353 9.99187E-05 0.505484 9.99187E-05 9.99187E-05 0.0828985 0.20379 0.0569274 9.99187E-05 9.99187E-05 0.0866648
0.866408 9.99189E-05 9.99189E-05 9.99189E-05 0.068516 9.99189E-05 9.99189E-05 0.0163552 9.99189E-05 0.0312237 9.99189E-05 0.0126005 9.99189E-05 9.99189E-05 0.00399721
0.0226684 9.98921E-05 9.98921E-05 0.965622 0.0105108 9.98921E-05 9.98921E-05 9.98921E-05 9.98921E-05 9.98921E-05 9.98921E-05 9.98921E-05 9.98921E-05 9.98921E-05 9.98921E-05
0.0454572 9.99279E-05 9.99279E-05 0.0508642 9.99279E-05 0.0366893 9.99279E-05 9.99279E-05 0.62668 0.0246745 0.0397491 9.99279E-05 0.175086 9.99279E-05 9.99279E-05
9.9883E-05 9.9883E-05 9.9883E-05 9.9883E-05 0.00720123 9.9883E-05 9.9883E-05 9.9883E-05 9.9883E-05 9.9883E-05 0.9915 9.9883E-05 9.9883E-05 9.9883E-05 9.9883E-05
9.98741E-05 9.98741E-05 9.98741E-05 9.98741E-05 9.98741E-05 9.98741E-05 9.98741E-05 9.98741E-05 9.98741E-05 0.998602 9.98741E-05 9.98741E-05 9.98741E-05 9.98741E-05 9.98741E-05
9.9883E-05 9.9883E-05 9.9883E-05 9.9883E-05 9.9883E-05 9.9883E-05 9.9883E-05 9.9883E-05 0.018678 0.980024 9.9883E-05 9.9883E-05 9.9883E-05 9.9883E-05 9.9883E-05
9.99189E-05 9.99189E-05 0.0077825 0.0311596 9.99189E-05 9.99189E-05 0.0133255 9.99189E-05 0.858403 0.069267 0.0191634 9.99189E-05 9.99189E-05 9.99189E-05 9.99189E-05
9.9919E-05 9.9919E-05 0.782228 0.00205359 9.9919E-05 9.9919E-05 0.0151544 0.106593 0.0751287 9.9919E-05 9.9919E-05 9.9919E-05 9.9919E-05 0.0179436 9.9919E-05
9.991E-05 9.991E-05 0.003554 0.0332781 9.991E-05 9.991E-05 9.991E-05 9.991E-05 0.874027 9.991E-05 0.0036519 0.0844901 9.991E-05 9.991E-05 9.991E-05
9.99369E-05 9.99369E-05 0.014854 9.99369E-05 9.99369E-05 9.99369E-05 0.125232 9.99369E-05 0.360511 0.13208 9.99369E-05 0.14572 0.0425931 0.114924 0.0633864
0.0300512 9.99549E-05 0.0914015 0.0471324 0.00817224 0.0809621 0.0123155 9.99549E-05 0.422346 0.132107 9.99549E-05 0.127424 0.0475886 9.99549E-05 9.99549E-05
0.050919 0.0769627 9.9955E-05 0.180145 9.9955E-05 9.9955E-05 0.0364648 0.0500304 0.139178 0.00609224 0.153044 0.304744 9.9955E-05 9.9955E-05 0.00192049
9.98749E-05 9.98749E-05 9.98749E-05 0.998602 9.98749E-05 9.98749E-05 9.98749E-05 9.98749E-05 9.98749E-05 9.98749E-05 9.98749E-05 9.98749E-05 9.98749E-05 9.98749E-05 9.98749E-05
9.98741E-05 0.998602 9.98741E-05 9.98741E-05 9.98741E-05 9.98741E-05 9.98741E-05 9.98741E-05 9.98741E-05 9.98741E-05 9.98741E-05 9.98741E-05 9.98741E-05 9.98741E-05 9.98741E-05
9.98921E-05 0.988803 9.98921E-05 9.98921E-05 9.98921E-05 0.00130901 9.98921E-05 9.98921E-05 9.98921E-05 9.98921E-05 9.98921E-05 9.98921E-05 9.98921E-05 0.00868934 9.98921E-05
9.98901E-05 0.970612 9.98901E-05 9.98901E-05 9.98901E-05 9.98901E-05 9.98901E-05 9.98901E-05 9.98901E-05 0.0157026 9.98901E-05 0.0101036 9.98901E-05 9.98901E-05 0.00248297
9.98741E-05 0.998602 9.98741E-05 9.98741E-05 9.98741E-05 9.98741E-05 9.98741E-05 9.98741E-05 9.98741E-05 9.98741E-05 9.98741E-05 9.98741E-05 9.98741E-05 9.98741E-05 9.98741E-05
9.98742E-05 0.998602 9.98742E-05 9.98742E-05 9.98742E-05 9.98742E-05 9.98742E-05 9.98742E-05 9.98742E-05 9.98742E-05 9.98742E-05 9.98742E-05 9.98742E-05 9.98742E-05 9.98742E-05
0.0873309 0.433482 0.0720198 0.00833803 0.235007 9.99372E-05 9.99372E-05 0.0305609 9.99372E-05 9.99372E-05 9.99372E-05 9.99372E-05 0.0823757 0.050186 9.99372E-05
9.98831E-05 0.947799 9.98831E-05 9.98831E-05 9.98831E-05 9.98831E-05 9.98831E-05 9.98831E-05 9.98831E-05 9.98831E-05 9.98831E-05 9.98831E-05 0.0509026 9.98831E-05 9.98831E-05
9.98918E-05 9.98918E-05 0.205926 0.734609 9.98918E-05 9.98918E-05 9.98918E-05 9.98918E-05 9.98918E-05 9.98918E-05 9.98918E-05 0.0582663 9.98918E-05 9.98918E-05 9.98918E-05
0.0114904 0.0211209 9.99189E-05 9.99189E-05 9.99189E-05 9.99189E-05 0.00219839 0.0403741 9.99189E-05 9.99189E-05 9.99189E-05 9.99189E-05 0.916787 9.99189E-05 0.00713006
0.969419 9.98829E-05 9.98829E-05 9.98829E-05 9.98829E-05 9.98829E-05 9.98829E-05 9.98829E-05 9.98829E-05 0.0292825 9.98829E-05 9.98829E-05 9.98829E-05 9.98829E-05 9.98829E-05
9.99101E-05 0.0038144 0.00327157 9.99101E-05 9.99101E-05 9.99101E-05 0.854237 9.99101E-05 9.99101E-05 0.121913 9.99101E-05 9.99101E-05 9.99101E-05 9.99101E-05 0.0157655
9.98922E-05 9.98922E-05 0.893035 9.98922E-05 9.98922E-05 9.98922E-05 0.0173599 9.98922E-05 9.98922E-05 9.98922E-05 9.98922E-05 0.088406 9.98922E-05 9.98922E-05 9.98922E-05
9.98834E-05 9.98834E-05 9.98834E-05 9.98834E-05 9.98834E-05 9.98834E-05 0.971076 0.027625 9.98834E-05 9.98834E-05 9.98834E-05 9.98834E-05 9.98834E-05 9.98834E-05 9.98834E-05
9.9892E-05 9.9892E-05 9.9892E-05 9.9892E-05 9.9892E-05 9.9892E-05 0.918774 9.9892E-05 0.0482548 0.0317728 9.9892E-05 9.9892E-05 9.9892E-05 9.9892E-05 9.9892E-05
9.98901E-05 9.98901E-05 9.98901E-05 9.98901E-05 9.98901E-05 9.98901E-05 0.826357 9.98901E-05 0.0675455 9.98901E-05 9.98901E-05 0.0512687 9.98901E-05 9.98901E-05 0.0537301
9.98741E-05 9.98741E-05 9.98741E-05 9.98741E-05 9.98741E-05 0.998602 9.98741E-05 9.98741E-05 9.98741E-05 9.98741E-05 9.98741E-05 9.98741E-05 9.98741E-05 9.98741E-05 9.98741E-05
0.967609 9.98926E-05 0.0288355 9.98926E-05 9.98926E-05 9.98926E-05 9.98926E-05 9.98926E-05 0.00235672 9.98926E-05 9.98926E-05 9.98926E-05 9.98926E-05 9.98926E-05 9.98926E-05
0.112673 9.9955E-05 0.19638 0.0773483 0.239644 0.00242024 9.9955E-05 9.9955E-05 0.206056 9.9955E-05 0.0311877 0.0450736 9.9955E-05 0.0577699 0.0309484
0.947571 9.98925E-05 0.0365329 9.98925E-05 0.0146976 9.98925E-05 9.98925E-05 9.98925E-05 9.98925E-05 9.98925E-05 9.98925E-05 9.98925E-05 9.98925E-05 9.98925E-05 9.98925E-05
0.932559 0.000541708 9.9901E-05 9.9901E-05 9.9901E-05 9.9901E-05 9.9901E-05 9.9901E-05 9.9901E-05 0.030532 0.0352683 9.9901E-05 9.9901E-05 9.9901E-05 9.9901E-05
0.857102 0.0298598 0.0622501 9.991E-05 0.0435915 9.991E-05 9.991E-05 0.00619795 9.991E-05 9.991E-05 9.991E-05 9.991E-05 9.991E-05 9.991E-05 9.991E-05
0.923121 0.00919162 0.0529231 9.99101E-05 9.99101E-05 9.99101E-05 9.99101E-05 0.00961233 9.99101E-05 9.99101E-05 9.99101E-05 9.99101E-05 0.00415309 9.99101E-05 9.99101E-05
0.785933 9.99102E-05 9.99102E-05 9.99102E-05 0.0970643 9.99102E-05 9.99102E-05 9.99102E-05 0.00928229 0.10136 9.99102E-05 9.99102E-05 9.99102E-05 9.99102E-05 0.00536135
0.93761 9.99099E-05 9.99099E-05 9.99099E-05 0.0249702 9.99099E-05 9.99099E-05 9.99099E-05 9.99099E-05 0.0100074 0.0144101 0.0120036 9.99099E-05 9.99099E-05 9.99099E-05
9.98739E-05 9.98739E-05 9.98739E-05 9.98739E-05 0.998602 9.98739E-05 9.98739E-05 9.98739E-05 9.98739E-05 9.98739E-05 9.98739E-05 9.98739E-05 9.98739E-05 9.98739E-05 9.98739E-05
9.9892E-05 9.9892E-05 9.9892E-05 9.9892E-05 0.932416 9.9892E-05 0.0346034 0.0317824 9.9892E-05 9.9892E-05 9.9892E-05 9.9892E-05 9.9892E-05 9.9892E-05 9.9892E-05
0.943504 0.0237674 0.0130192 9.99102E-05 9.99102E-05 9.99102E-05 9.99102E-05 9.99102E-05 0.0176412 9.99102E-05 9.99102E-05 9.99102E-05 9.99102E-05 0.00106932 9.99102E-05
0.0104078 0.000584002 0.94929 9.99279E-05 0.0209993 9.99279E-05 9.99279E-05 9.99279E-05 9.99279E-05 9.99279E-05 0.0062112 9.99279E-05 0.0102843 9.99279E-05 0.0014234
9.98741E-05 9.98741E-05 0.998602 9.98741E-05 9.98741E-05 9.98741E-05 9.98741E-05 9.98741E-05 9.98741E-05 9.98741E-05 9.98741E-05 9.98741E-05 9.98741E-05 9.98741E-05 9.98741E-05
9.98742E-05 9.98742E-05 9.98742E-05 9.98742E-05 9.98742E-05 9.98742E-05 9.98742E-05 9.98742E-05 9.98742E-05 9.98742E-05 9.98742E-05 9.98742E-05 9.98742E-05 9.98742E-05 0.998602
9.98742E-05 9.98742E-05 9.98742E-05 9.98742E-05 9.98742E-05 9.98742E-05 9.98742E-05 9.98742E-05 9.98742E-05 9.98742E-05 9.98742E-05 9.98742E-05 9.98742E-05 9.98742E-05 0.998602
0.0226307 9.991E-05 0.0823992 9.991E-05 9.991E-05 9.991E-05 9.991E-05 9.991E-05 0.7759 0.108938 9.991E-05 9.991E-05 0.0091329 9.991E-05 9.991E-05
9.9919E-05 0.00735886 0.0189281 9.9919E-05 9.9919E-05 9.9919E-05 0.0559417 9.9919E-05 0.785051 0.0940413 9.9919E-05 9.9919E-05 0.0377793 9.9919E-05 9.9919E-05
9.99012E-05 9.99012E-05 0.020782 9.99012E-05 0.00667481 9.99012E-05 9.99012E-05 9.99012E-05 9.99012E-05 9.99012E-05 0.0344314 9.99012E-05 9.99012E-05 9.99012E-05 0.937013
9.98742E-05 9.98742E-05 9.98742E-05 9.98742E-05 9.98742E-05 9.98742E-05 9.98742E-05 9.98742E-05 9.98742E-05 9.98742E-05 9.98742E-05 9.98742E-05 9.98742E-05 9.98742E-05 0.998602
9.98919E-05 0.0168166 9.98919E-05 0.94606 9.98919E-05 9.98919E-05 0.0359244 9.98919E-05 9.98919E-05 9.98919E-05 9.98919E-05 9.98919E-05 9.98919E-05 9.98919E-05 9.98919E-05
9.99001E-05 9.99001E-05 0.0894894 9.99001E-05 9.99001E-05 9.99001E-05 0.130366 0.102231 9.99001E-05 0.657165 9.99001E-05 9.99001E-05 9.99001E-05 0.0197494 9.99001E-05
9.9892E-05 0.0224311 9.9892E-05 9.9892E-05 9.9892E-05 9.9892E-05 9.9892E-05 0.0696922 9.9892E-05 9.9892E-05 9.9892E-05 9.9892E-05 0.906678 9.9892E-05 9.9892E-05
9.98831E-05 9.98831E-05 9.98831E-05 9.98831E-05 9.98831E-05 9.98831E-05 9.98831E-05 9.98831E-05 9.98831E-05 9.98831E-05 9.98831E-05 0.996804 0.00189727 9.98831E-05 9.98831E-05
9.99011E-05 9.99011E-05 0.00601693 0.0106956 9.99011E-05 9.99011E-05 9.99011E-05 9.99011E-05 9.99011E-05 9.99011E-05 0.018178 0.964011 9.99011E-05 9.99011E-05 9.99011E-05
0.304202 0.0203028 9.99101E-05 9.99101E-05 0.602224 9.99101E-05 9.99101E-05 9.99101E-05 9.99101E-05 9.99101E-05 9.99101E-05 9.99101E-05 9.99101E-05 0.0649326 0.00733893
