0.914499 0.0121949 9.98918E-05 9.98918E-05 9.98918E-05 9.98918E-05 9.98918E-05 9.98918E-05 9.98918E-05 9.98918E-05 0.0721075 9.98918E-05 9.98918E-05 9.98918E-05 9.98918E-05
9.98901E-05 9.98901E-05 9.98901E-05 9.98901E-05 0.129084 9.98901E-05 0.0507142 0.696787 9.98901E-05 9.98901E-05 9.98901E-05 9.98901E-05 0.122316 9.98901E-05 9.98901E-05
9.99197E-05 0.0804207 0.0367905 0.0750993 9.99197E-05 9.99197E-05 9.99197E-05 9.99197E-05 9.99197E-05 0.101147 9.99197E-05 9.99197E-05 0.566437 0.139205 9.99197E-05
9.9901E-05 0.00583729 9.9901E-05 9.9901E-05 9.9901E-05 9.9901E-05 9.9901E-05 9.9901E-05 0.0109244 0.116085 9.9901E-05 9.9901E-05 0.866054 9.9901E-05 9.9901E-05
0.0134784 9.99461E-05 9.99461E-05 9.99461E-05 0.0794108 0.0128958 9.99461E-05 0.0902951 0.0421683 9.99461E-05 0.0708254 9.99461E-05 0.359638 0.177046 0.153643
9.9892E-05 9.9892E-05 9.9892E-05 9.9892E-05 0.00877954 0.0168348 9.9892E-05 9.9892E-05 9.9892E-05 9.9892E-05 9.9892E-05 9.9892E-05 0.973187 9.9892E-05 9.9892E-05
9.98741E-05 9.98741E-05 9.98741E-05 9.98741E-05 9.98741E-05 9.98741E-05 9.98741E-05 9.98741E-05 9.98741E-05 9.98741E-05 9.98741E-05 9.98741E-05 9.98741E-05 9.98741E-05 0.998602
9.99189E-05 9.99189E-05 9.99189E-05 9.99189E-05 9.99189E-05 9.99189E-05 9.99189E-05 0.108605 0.0456863 0.00602352 0.0764838 9.99189E-05 0.0258592 0.736443 9.99189E-05
9.98831E-05 9.98831E-05 9.98831E-05 9.98831E-05 9.98831E-05 9.98831E-05 9.98831E-05 0.0113742 9.98831E-05 9.98831E-05 9.98831E-05 9.98831E-05 9.98831E-05 9.98831E-05 0.987327
9.9883E-05 9.9883E-05 9.9883E-05 9.9883E-05 9.9883E-05 9.9883E-05 9.9883E-05 9.9883E-05 9.9883E-05 9.9883E-05 0.88282 9.9883E-05 9.9883E-05 9.9883E-05 0.115881
9.98832E-05 9.98832E-05 9.98832E-05 9.98832E-05 9.98832E-05 9.98832E-05 9.98832E-05 9.98832E-05 9.98832E-05 9.98832E-05 0.875275 9.98832E-05 9.98832E-05 9.98832E-05 0.123426
0.688055 0.125748 9.99011E-05 0.158573 9.99011E-05 9.99011E-05 9.99011E-05 9.99011E-05 9.99011E-05 9.99011E-05 9.99011E-05 9.99011E-05 0.0265249 9.99011E-05 9.99011E-05
9.98923E-05 9.98923E-05 9.98923E-05 0.930247 9.98923E-05 9.98923E-05 9.98923E-05 9.98923E-05 9.98923E-05 9.98923E-05 9.98923E-05 9.98923E-05 9.98923E-05 0.038982 0.0295727
9.9901E-05 9.9901E-05 0.00771736 9.9901E-05 9.9901E-05 0.0119062 9.9901E-05 0.0144285 9.9901E-05 9.9901E-05 9.9901E-05 9.9901E-05 0.964849 9.9901E-05 9.9901E-05
0.0218984 9.98969E-05 9.98969E-05 9.98969E-05 0.0112395 9.98969E-05 9.98969E-05 9.98969E-05 9.98969E-05 9.98969E-05 9.98969E-05 9.98969E-05 0.965663 9.98969E-05 9.98969E-05
9.9901E-05 9.9901E-05 9.9901E-05 0.0835116 9.9901E-05 0.109795 9.9901E-05 9.9901E-05 9.9901E-05 9.9901E-05 0.00670327 0.798891 9.9901E-05 9.9901E-05 9.9901E-05
9.9892E-05 9.9892E-05 9.9892E-05 9.9892E-05 9.9892E-05 9.9892E-05 0.94151 9.9892E-05 9.9892E-05 9.9892E-05 0.0498693 0.00742169 9.9892E-05 9.9892E-05 9.9892E-05
0.00669688 9.99279E-05 0.721 9.99279E-05 0.0798832 9.99279E-05 0.00138718 0.0639095 9.99279E-05 9.99279E-05 0.112054 0.0142704 9.99279E-05 9.99279E-05 9.99279E-05
9.98921E-05 0.0784916 0.910877 9.98921E-05 9.98921E-05 0.00943222 9.98921E-05 9.98921E-05 9.98921E-05 9.98921E-05 9.98921E-05 9.98921E-05 9.98921E-05 9.98921E-05 9.98921E-05
0.0763909 0.0362247 9.99189E-05 9.99189E-05 9.99189E-05 0.108828 0.0285856 9.99189E-05 9.99189E-05 9.99189E-05 0.384982 0.364089 9.99189E-05 9.99189E-05 9.99189E-05
9.98741E-05 9.98741E-05 0.998602 9.98741E-05 9.98741E-05 9.98741E-05 9.98741E-05 9.98741E-05 9.98741E-05 9.98741E-05 9.98741E-05 9.98741E-05 9.98741E-05 9.98741E-05 9.98741E-05
0.422589 9.9928E-05 9.9928E-05 0.0329363 0.279764 0.000929646 0.0498978 9.9928E-05 9.9928E-05 9.9928E-05 0.0354979 0.177585 9.9928E-05 9.9928E-05 9.9928E-05
9.99281E-05 0.159747 0.341942 9.99281E-05 9.99281E-05 0.0583767 0.250606 9.99281E-05 9.99281E-05 0.00738395 0.179727 9.99281E-05 9.99281E-05 0.00141824 9.99281E-05
9.99009E-05 0.0237011 0.855116 9.99009E-05 9.99009E-05 0.102837 9.99009E-05 9.99009E-05 9.99009E-05 9.99009E-05 0.0172467 9.99009E-05 9.99009E-05 9.99009E-05 9.99009E-05
9.98833E-05 9.98833E-05 9.98833E-05 9.98833E-05 9.98833E-05 9.98833E-05 9.98833E-05 9.98833E-05 9.98833E-05 0.515456 9.98833E-05 9.98833E-05 0.483246 9.98833E-05 9.98833E-05
9.98831E-05 9.98831E-05 9.98831E-05 9.98831E-05 9.98831E-05 9.98831E-05 9.98831E-05 9.98831E-05 9.98831E-05 0.13709 9.98831E-05 9.98831E-05 0.861612 9.98831E-05 9.98831E-05
0.0494936 0.0305229 9.99098E-05 0.79037 9.99098E-05 9.99098E-05 0.0662923 9.99098E-05 9.99098E-05 9.99098E-05 0.0623217 9.99098E-05 9.99098E-05 9.99098E-05 9.99098E-05
9.98832E-05 0.00593684 9.98832E-05 9.98832E-05 9.98832E-05 9.98832E-05 9.98832E-05 9.98832E-05 9.98832E-05 0.992765 9.98832E-05 9.98832E-05 9.98832E-05 9.98832E-05 9.98832E-05
9.98741E-05 9.98741E-05 9.98741E-05 9.98741E-05 9.98741E-05 9.98741E-05 9.98741E-05 9.98741E-05 9.98741E-05 0.998602 9.98741E-05 9.98741E-05 9.98741E-05 9.98741E-05 9.98741E-05
0.026542 0.0069232 9.99192E-05 9.99192E-05 9.99192E-05 9.99192E-05 9.99192E-05 9.99192E-05 0.141774 0.232201 9.99192E-05 9.99192E-05 0.322321 0.26934 9.99192E-05
9.99279E-05 0.00679361 9.99279E-05 9.99279E-05 9.99279E-05 0.0172688 0.0222274 9.99279E-05 0.0345728 0.0532449 9.99279E-05 9.99279E-05 0.258946 0.606147 9.99279E-05
9.98702E-05 9.98702E-05 9.98702E-05 9.98702E-05 9.98702E-05 9.98702E-05 9.98702E-05 0.998602 9.98702E-05 9.98702E-05 9.98702E-05 9.98702E-05 9.98702E-05 9.98702E-05 9.98702E-05
9.98921E-05 9.98921E-05 9.98921E-05 9.98921E-05 9.98921E-05 9.98921E-05 9.98921E-05 9.98921E-05 9.98921E-05 0.154661 9.98921E-05 9.98921E-05 0.691399 0.152741 9.98921E-05
9.99012E-05 9.99012E-05 9.99012E-05 9.99012E-05 9.99012E-05 9.99012E-05 9.99012E-05 0.0320468 0.669506 0.0291486 9.99012E-05 9.99012E-05 9.99012E-05 0.268199 9.99012E-05
9.99187E-05 0.0980076 9.99187E-05 0.449167 0.0819036 0.0678176 0.227059 9.99187E-05 9.99187E-05 9.99187E-05 9.99187E-05 9.99187E-05 9.99187E-05 0.0751461 9.99187E-05
9.99098E-05 9.99098E-05 9.99098E-05 9.99098E-05 0.0167123 0.0221098 9.99098E-05 9.99098E-05 9.99098E-05 0.500679 9.99098E-05 9.99098E-05 0.42536 0.0341404 9.99098E-05
0.971451 9.99011E-05 9.99011E-05 9.99011E-05 9.99011E-05 0.014394 9.99011E-05 9.99011E-05 9.99011E-05 9.99011E-05 9.99011E-05 9.99011E-05 0.00332285 0.00973341 9.99011E-05
0.0657833 9.9928E-05 9.9928E-05 9.9928E-05 0.0753722 9.9928E-05 0.0615729 0.210717 9.9928E-05 0.00232212 0.57612 9.9928E-05 0.00731288 9.9928E-05 9.9928E-05
9.9883E-05 9.9883E-05 9.9883E-05 9.9883E-05 9.9883E-05 9.9883E-05 0.994912 9.9883E-05 9.9883E-05 9.9883E-05 9.9883E-05 9.9883E-05 9.9883E-05 0.00378905 9.9883E-05
9.98741E-05 9.98741E-05 9.98741E-05 9.98741E-05 0.998602 9.98741E-05 9.98741E-05 9.98741E-05 9.98741E-05 9.98741E-05 9.98741E-05 9.98741E-05 9.98741E-05 9.98741E-05 9.98741E-05
9.9874E-05 9.9874E-05 9.9874E-05 9.9874E-05 0.998602 9.9874E-05 9.9874E-05 9.9874E-05 9.9874E-05 9.9874E-05 9.9874E-05 9.9874E-05 9.9874E-05 9.9874E-05 9.9874E-05
0.0248063 9.991E-05 9.991E-05 9.991E-05 0.0559822 0.0145064 0.0111424 9.991E-05 9.991E-05 9.991E-05 0.892564 9.991E-05 9.991E-05 9.991E-05 9.991E-05
0.0247015 9.99279E-05 0.0115436 0.0518356 0.0198769 9.99279E-05 9.99279E-05 9.99279E-05 9.99279E-05 9.99279E-05 0.0120208 0.836221 9.99279E-05 9.99279E-05 0.0430011
0.015468 9.991E-05 9.991E-05 9.991E-05 9.991E-05 0.0642552 0.015357 9.991E-05 9.991E-05 9.991E-05 0.895929 0.00799204 9.991E-05 9.991E-05 9.991E-05
0.00121709 0.0460784 0.064055 0.13757 0.0998854 0.238634 9.99459E-05 0.0380646 9.99459E-05 9.99459E-05 0.34733 0.0265666 9.99459E-05 9.99459E-05 9.99459E-05
0.0720181 9.9946E-05 0.0140973 9.9946E-05 0.11877 0.179665 9.9946E-05 0.0249715 9.9946E-05 9.9946E-05 0.427406 0.111825 0.0134569 0.0371916 9.9946E-05
0.173529 9.99279E-05 9.99279E-05 9.99279E-05 9.99279E-05 0.324385 0.0977501 9.99279E-05 0.0281541 9.99279E-05 0.1889 9.99279E-05 0.0610913 9.99279E-05 0.125391
0.981162 9.98837E-05 0.0175393 9.98837E-05 9.98837E-05 9.98837E-05 9.98837E-05 9.98837E-05 9.98837E-05 9.98837E-05 9.98837E-05 9.98837E-05 9.98837E-05 9.98837E-05 9.98837E-05
9.98742E-05 9.98742E-05 9.98742E-05 9.98742E-05 9.98742E-05 9.98742E-05 9.98742E-05 9.98742E-05 0.998602 9.98742E-05 9.98742E-05 9.98742E-05 9.98742E-05 9.98742E-05 9.98742E-05
9.98742E-05 9.98742E-05 9.98742E-05 9.98742E-05 9.98742E-05 9.98742E-05 9.98742E-05 9.98742E-05 0.998602 9.98742E-05 9.98742E-05 9.98742E-05 9.98742E-05 9.98742E-05 9.98742E-05
9.98922E-05 9.98922E-05 9.98922E-05 9.98922E-05 9.98922E-05 9.98922E-05 0.0012272 9.98922E-05 0.977798 9.98922E-05 0.019776 9.98922E-05 9.98922E-05 9.98922E-05 9.98922E-05
9.98742E-05 9.98742E-05 9.98742E-05 9.98742E-05 9.98742E-05 9.98742E-05 9.98742E-05 9.98742E-05 0.998602 9.98742E-05 9.98742E-05 9.98742E-05 9.98742E-05 9.98742E-05 9.98742E-05
9.98922E-05 9.98922E-05 9.98922E-05 9.98922E-05 9.98922E-05 9.98922E-05 9.98922E-05 9.98922E-05 0.983733 0.00289292 9.98922E-05 9.98922E-05 0.0121757 9.98922E-05 9.98922E-05
9.99641E-05 9.99641E-05 0.037274 9.99641E-05 0.0501946 9.99641E-05 0.0048169 0.0194033 0.342744 0.0644421 0.0193449 0.0308035 0.00509891 0.388002 0.0374753
9.98831E-05 9.98831E-05 9.98831E-05 9.98831E-05 9.98831E-05 9.98831E-05 9.98831E-05 0.0955039 0.903198 9.98831E-05 9.98831E-05 9.98831E-05 9.98831E-05 9.98831E-05 9.98831E-05
0.779306 9.98918E-05 9.98918E-05 9.98918E-05 9.98918E-05 0.0278604 9.98918E-05 9.98918E-05 9.98918E-05 9.98918E-05 9.98918E-05 0.191635 9.98918E-05 9.98918E-05 9.98918E-05
9.991E-05 9.991E-05 9.991E-05 9.991E-05 9.991E-05 0.0170737 9.991E-05 0.919493 0.0275181 0.00277157 9.991E-05 9.991E-05 9.991E-05 9.991E-05 0.0321441
9.98919E-05 9.98919E-05 9.98919E-05 9.98919E-05 0.0126108 9.98919E-05 9.98919E-05 9.98919E-05 9.98919E-05 0.334562 9.98919E-05 9.98919E-05 0.651628 9.98919E-05 9.98919E-05
9.9901E-05 0.0346828 9.9901E-05 0.825532 0.119574 9.9901E-05 9.9901E-05 9.9901E-05 9.9901E-05 9.9901E-05 9.9901E-05 0.0191121 9.9901E-05 9.9901E-05 9.9901E-05
9.98801E-05 9.98801E-05 9.98801E-05 0.00307849 9.98801E-05 0.0895817 9.98801E-05 9.98801E-05 9.98801E-05 9.98801E-05 9.98801E-05 0.906141 9.98801E-05 9.98801E-05 9.98801E-05
9.98834E-05 9.98834E-05 9.98834E-05 0.957922 9.98834E-05 9.98834E-05 9.98834E-05 9.98834E-05 9.98834E-05 9.98834E-05 9.98834E-05 9.98834E-05 9.98834E-05 9.98834E-05 0.0407794
9.98919E-05 9.98919E-05 9.98919E-05 0.851109 9.98919E-05 9.98919E-05 9.98919E-05 9.98919E-05 9.98919E-05 9.98919E-05 0.141323 9.98919E-05 0.0063689 9.98919E-05 9.98919E-05
9.99009E-05 0.0350624 9.99009E-05 0.802304 9.99009E-05 0.0678603 9.99009E-05 9.99009E-05 9.99009E-05 9.99009E-05 0.0936741 9.99009E-05 9.99009E-05 9.99009E-05 9.99009E-05
0.0588793 9.98923E-05 0.908183 9.98923E-05 9.98923E-05 9.98923E-05 9.98923E-05 9.98923E-05 9.98923E-05 9.98923E-05 9.98923E-05 9.98923E-05 9.98923E-05 0.0317385 9.98923E-05
9.98835E-05 9.98835E-05 9.98835E-05 9.98835E-05 9.98835E-05 9.98835E-05 9.98835E-05 9.98835E-05 9.98835E-05 0.67653 9.98835E-05 9.98835E-05 0.322171 9.98835E-05 9.98835E-05
0.0632392 0.0342619 0.0649859 0.0757818 9.99731E-05 9.99731E-05 0.0715033 0.0607434 0.106323 0.0134163 0.0522053 0.147888 0.27735 0.0320013 9.99731E-05
9.99014E-05 9.99014E-05 9.99014E-05 9.99014E-05 9.99014E-05 9.99014E-05 9.99014E-05 9.99014E-05 9.99014E-05 0.0605378 9.99014E-05 0.0470747 0.890022 9.99014E-05 0.00126655
0.0173526 9.9919E-05 9.9919E-05 9.9919E-05 9.9919E-05 9.9919E-05 9.9919E-05 9.9919E-05 0.00172652 0.105866 9.9919E-05 9.9919E-05 0.806419 0.00854999 0.0591867
9.9901E-05 9.9901E-05 9.9901E-05 9.9901E-05 9.9901E-05 9.9901E-05 9.9901E-05 0.0138893 9.9901E-05 0.953022 9.9901E-05 0.0174666 9.9901E-05 0.0145235 9.9901E-05
9.98922E-05 9.98922E-05 0.00993717 9.98922E-05 9.98922E-05 9.98922E-05 9.98922E-05 9.98922E-05 9.98922E-05 0.986462 9.98922E-05 0.00240224 9.98922E-05 9.98922E-05 9.98922E-05
9.9919E-05 9.9919E-05 9.9919E-05 9.9919E-05 0.0554965 9.9919E-05 9.9919E-05 9.9919E-05 9.9919E-05 0.0594943 0.00188192 9.9919E-05 0.663745 0.210616 0.00786745
9.99009E-05 9.99009E-05 9.99009E-05 9.99009E-05 0.0215283 0.045248 9.99009E-05 9.99009E-05 9.99009E-05 0.347904 9.99009E-05 9.99009E-05 0.584221 9.99009E-05 9.99009E-05
9.9883E-05 9.9883E-05 9.9883E-05 9.9883E-05 9.9883E-05 9.9883E-05 9.9883E-05 9.9883E-05 0.0162474 9.9883E-05 9.9883E-05 9.9883E-05 9.9883E-05 0.982454 9.9883E-05
9.98921E-05 9.98921E-05 9.98921E-05 0.0602398 9.98921E-05 9.98921E-05 9.98921E-05 9.98921E-05 9.98921E-05 9.98921E-05 9.98921E-05 9.98921E-05 9.98921E-05 0.909938 0.0286235
9.99101E-05 9.99101E-05 0.00810899 9.99101E-05 9.99101E-05 9.99101E-05 9.99101E-05 9.99101E-05 0.0299915 0.143397 0.00278557 0.028022 0.786796 9.99101E-05 9.99101E-05
9.9919E-05 9.9919E-05 9.9919E-05 9.9919E-05 0.0662312 9.9919E-05 0.0126106 9.9919E-05 0.00685187 0.00821938 9.9919E-05 0.894103 0.0110844 9.9919E-05 9.9919E-05
9.98741E-05 9.98741E-05 9.98741E-05 9.98741E-05 9.98741E-05 9.98741E-05 9.98741E-05 9.98741E-05 9.98741E-05 9.98741E-05 9.98741E-05 0.998602 9.98741E-05 9.98741E-05 9.98741E-05
0.0153501 0.983351 9.98831E-05 9.98831E-05 9.98831E-05 9.98831E-05 9.98831E-05 9.98831E-05 9.98831E-05 9.98831E-05 9.98831E-05 9.98831E-05 9.98831E-05 9.98831E-05 9.98831E-05
9.98832E-05 0.997577 9.98832E-05 9.98832E-05 0.0011241 9.98832E-05 9.98832E-05 9.98832E-05 9.98832E-05 9.98832E-05 9.98832E-05 9.98832E-05 9.98832E-05 9.98832E-05 9.98832E-05
9.99189E-05 9.99189E-05 9.99189E-05 0.0180128 0.107921 9.99189E-05 9.99189E-05 0.0373008 9.99189E-05 0.0135836 0.776701 0.0455822 9.99189E-05 9.99189E-05 9.99189E-05
0.00588382 9.993E-05 0.00660084 0.0375337 0.0534296 9.993E-05 9.993E-05 0.0433848 9.993E-05 0.0186698 0.758959 0.0748387 9.993E-05 9.993E-05 9.993E-05
9.98922E-05 0.957626 9.98922E-05 9.98922E-05 9.98922E-05 9.98922E-05 0.0134158 9.98922E-05 9.98922E-05 9.98922E-05 9.98922E-05 0.02776 9.98922E-05 9.98922E-05 9.98922E-05
9.98742E-05 0.998602 9.98742E-05 9.98742E-05 9.98742E-05 9.98742E-05 9.98742E-05 9.98742E-05 9.98742E-05 9.98742E-05 9.98742E-05 9.98742E-05 9.98742E-05 9.98742E-05 9.98742E-05
0.89978 9.99009E-05 9.99009E-05 0.0132749 9.99009E-05 9.99009E-05 9.99009E-05 9.99009E-05 0.0208794 9.99009E-05 9.99009E-05 0.0649664 9.99009E-05 9.99009E-05 9.99009E-05
9.99001E-05 9.99001E-05 0.0161547 0.129671 0.680661 9.99001E-05 9.99001E-05 9.99001E-05 9.99001E-05 9.99001E-05 9.99001E-05 0.0784849 9.99001E-05 9.99001E-05 0.094029
9.9892E-05 9.9892E-05 9.9892E-05 9.9892E-05 9.9892E-05 9.9892E-05 9.9892E-05 0.889976 0.0354265 9.9892E-05 9.9892E-05 9.9892E-05 9.9892E-05 9.9892E-05 0.073399
9.9874E-05 9.9874E-05 9.9874E-05 9.9874E-05 9.9874E-05 0.998602 9.9874E-05 9.9874E-05 9.9874E-05 9.9874E-05 9.9874E-05 9.9874E-05 9.9874E-05 9.9874E-05 9.9874E-05
0.0617963 9.99101E-05 9.99101E-05 0.047122 9.99101E-05 0.824958 0.045568 9.99101E-05 9.99101E-05 9.99101E-05 9.99101E-05 0.0195571 9.99101E-05 9.99101E-05 9.99101E-05
9.99011E-05 0.0181484 0.0360508 9.99011E-05 9.99011E-05 9.99011E-05 9.99011E-05 9.99011E-05 9.99011E-05 0.223393 9.99011E-05 9.99011E-05 9.99011E-05 0.721309 9.99011E-05
