9.9991E-05 0.0507161 0.949184
0.268288 0.359533 0.372179
0.812683 0.0237856 0.163532
0.9998 9.999E-05 9.999E-05
0.462333 0.342002 0.195665
0.9998 9.999E-05 9.999E-05
9.999E-05 0.526718 0.473182
0.424614 0.510092 0.0652935
9.9991E-05 0.552928 0.446972
9.9991E-05 0.185925 0.813975
9.9991E-05 0.184654 0.815246
0.123628 9.9991E-05 0.876272
0.109099 9.9991E-05 0.890801
0.9998 9.999E-05 9.999E-05
0.971914 9.9991E-05 0.0279865
0.0204563 0.122205 0.857338
0.0543206 9.9991E-05 0.945579
9.99911E-05 0.0734781 0.926422
9.999E-05 9.999E-05 0.9998
9.9991E-05 0.0503442 0.949556
9.999E-05 9.999E-05 0.9998
0.0101378 0.0540373 0.935825
0.03707 0.0312313 0.931699
9.999E-05 9.999E-05 0.9998
0.989758 0.0101421 9.9991E-05
0.9998 9.999E-05 9.999E-05
9.9991E-05 0.00839091 0.991509
0.944702 0.0551982 9.9991E-05
0.92387 0.07603 9.9991E-05
0.700224 0.285641 0.0141351
0.675619 0.324282 9.9991E-05
0.113056 0.657101 0.229843
0.9998 9.999E-05 9.999E-05
0.070762 0.929138 9.9991E-05
0.102521 9.9991E-05 0.89738
0.985496 9.9991E-05 0.0144042
0.137455 9.9991E-05 0.862445
0.0188189 0.227317 0.753865
0.196638 9.9991E-05 0.803262
0.167947 0.00824678 0.823806
0.111984 0.0449584 0.843058
9.9991E-05 0.0723877 0.927512
9.9991E-05 0.141871 0.858029
9.99909E-05 0.119156 0.880744
9.9991E-05 0.0618224 0.938078
0.045031 0.11677 0.838199
0.150218 0.0890297 0.760753
9.99911E-05 0.0616166 0.938283
9.999E-05 0.9998 9.999E-05
9.999E-05 0.9998 9.999E-05
9.999E-05 0.9998 9.999E-05
9.999E-05 0.9998 9.999E-05
9.999E-05 0.9998 9.999E-05
0.225306 0.662855 0.111839
9.999E-05 0.9998 9.999E-05
9.9991E-05 0.035344 0.964556
0.0989714 0.649489 0.25154
0.9998 9.999E-05 9.999E-05
0.029691 0.0270905 0.943218
0.0945234 0.0537223 0.851754
0.0106945 0.0177385 0.971567
0.0306494 9.9991E-05 0.969251
9.999E-05 9.999E-05 0.9998
9.99912E-05 0.014754 0.985146
0.9998 9.999E-05 9.999E-05
0.25288 0.229462 0.517659
0.9998 9.999E-05 9.999E-05
0.963468 0.0364324 9.9991E-05
0.876206 0.123694 9.9991E-05
0.94321 0.0566901 9.9991E-05
0.941101 0.0386948 0.0202041
0.9998 9.999E-05 9.999E-05
0.463428 0.536472 9.99911E-05
0.516926 0.482974 9.99911E-05
0.948456 0.0514436 9.9991E-05
0.0528237 0.227476 0.7197
0.0177513 0.234858 0.747391
0.159626 9.9991E-05 0.840274
0.136859 9.9991E-05 0.863041
9.99909E-05 0.158016 0.841884
9.99909E-05 0.184649 0.815251
0.156802 9.9991E-05 0.843098
0.151366 9.9991E-05 0.848534
9.9991E-05 0.0982867 0.901613
0.00462767 0.0937917 0.901581
0.0588575 0.722896 0.218247
0.0958346 9.9991E-05 0.904065
0.0481847 9.9991E-05 0.951715
0.605374 0.386662 0.00796424
