9.995E-05 9.995E-05 9.995E-05 0.9994 9.995E-05 9.995E-05 9.995E-05
9.99729E-05 9.99729E-05 0.0582204 0.152941 0.588366 0.200172 9.99729E-05
0.0601491 0.00259033 0.0634967 9.99911E-05 0.0515415 0.744874 0.0772485
0.0242768 9.9964E-05 0.0483851 9.9964E-05 9.9964E-05 0.926938 9.9964E-05
0.0373925 9.99731E-05 9.99731E-05 0.110006 0.393325 0.458977 9.99731E-05
9.9964E-05 9.9964E-05 0.010525 0.0316546 9.9964E-05 0.957421 9.9964E-05
9.9955E-05 9.9955E-05 9.9955E-05 9.9955E-05 0.791711 9.9955E-05 0.207789
0.255156 9.9973E-05 0.0360244 9.9973E-05 0.312143 0.396376 9.9973E-05
9.99549E-05 9.99549E-05 9.99549E-05 9.99549E-05 0.880672 9.99549E-05 0.118828
9.9964E-05 9.9964E-05 0.0845488 0.611963 0.303088 9.9964E-05 9.9964E-05
9.99641E-05 9.99641E-05 0.0750924 0.647833 0.276674 9.99641E-05 9.99641E-05
9.99731E-05 9.99731E-05 0.0744645 0.696804 9.99731E-05 0.0600006 0.168431
9.995E-05 9.995E-05 9.995E-05 9.995E-05 9.995E-05 9.995E-05 0.9994
9.9964E-05 0.00311312 9.9964E-05 0.035747 9.9964E-05 0.96074 9.9964E-05
9.9955E-05 9.9955E-05 9.9955E-05 0.0573865 9.9955E-05 0.942114 9.9955E-05
0.0358668 9.9973E-05 9.9973E-05 0.501024 0.0690143 9.9973E-05 0.393794
9.9982E-05 0.0581104 0.354889 0.358334 9.9982E-05 0.0211535 0.207313
0.0395283 0.694672 9.99729E-05 0.192699 0.0728001 9.99729E-05 9.99729E-05
9.9955E-05 0.900234 0.0992659 9.9955E-05 9.9955E-05 9.9955E-05 9.9955E-05
9.9964E-05 9.9964E-05 0.118635 0.832843 9.9964E-05 9.9964E-05 0.0481226
9.995E-05 0.9994 9.995E-05 9.995E-05 9.995E-05 9.995E-05 9.995E-05
0.00239418 9.9973E-05 9.9973E-05 0.856797 9.9973E-05 0.0168718 0.123637
9.9973E-05 0.419832 0.403612 0.0894575 0.0867991 9.9973E-05 9.9973E-05
9.9955E-05 0.883363 0.116137 9.9955E-05 9.9955E-05 9.9955E-05 9.9955E-05
9.995E-05 9.995E-05 9.995E-05 9.995E-05 9.995E-05 0.9994 9.995E-05
9.995E-05 9.995E-05 9.995E-05 9.995E-05 9.995E-05 0.9994 9.995E-05
9.99639E-05 9.99639E-05 0.0592805 0.133278 9.99639E-05 9.99639E-05 0.807042
0.0494849 9.9955E-05 9.9955E-05 9.9955E-05 9.9955E-05 0.950015 9.9955E-05
0.10278 9.9955E-05 9.9955E-05 9.9955E-05 9.9955E-05 0.89672 9.9955E-05
0.227729 0.0354673 0.0320656 9.99731E-05 9.99731E-05 0.704438 9.99731E-05
0.208595 9.99731E-05 0.0452341 9.99731E-05 0.10274 0.64313 9.99731E-05
0.13837 9.9973E-05 0.0108959 9.9973E-05 0.825431 0.0250031 9.9973E-05
9.99551E-05 9.99551E-05 0.00581923 9.99551E-05 9.99551E-05 0.993681 9.99551E-05
0.789616 9.99731E-05 0.0159275 9.99731E-05 0.0762802 0.117876 9.99731E-05
9.99729E-05 9.99729E-05 0.200833 0.170911 9.99729E-05 0.0585478 0.569408
9.99639E-05 9.99639E-05 9.99639E-05 9.99639E-05 0.0162337 0.953699 0.0296673
9.99552E-05 9.99552E-05 9.99552E-05 0.951859 9.99552E-05 0.0476411 9.99552E-05
9.9973E-05 0.022861 0.0188627 0.645342 0.312634 9.9973E-05 9.9973E-05
9.9982E-05 0.0598508 0.374305 0.228798 9.9982E-05 0.143671 0.193175
9.99639E-05 0.0048824 9.99639E-05 0.836918 9.99639E-05 0.1578 9.99639E-05
9.99729E-05 9.99729E-05 0.0397697 0.842056 0.00950101 0.108373 9.99729E-05
0.00112925 0.0167102 0.081345 0.900516 9.9973E-05 9.9973E-05 9.9973E-05
9.99639E-05 9.99639E-05 9.99639E-05 0.516619 0.222362 9.99639E-05 0.260618
0.0230593 0.00239846 0.0962187 0.836738 9.9982E-05 9.9982E-05 0.0413858
9.9982E-05 0.0973675 0.178228 0.459151 0.103754 9.9982E-05 0.1613
0.00116849 0.0543932 0.0617643 0.70286 0.0497713 0.0829804 0.0470627
0.0608953 9.9982E-05 0.0941999 0.509123 9.9982E-05 0.0992338 0.236348
9.995E-05 9.995E-05 9.995E-05 0.9994 9.995E-05 9.995E-05 9.995E-05
0.9994 9.995E-05 9.995E-05 9.995E-05 9.995E-05 9.995E-05 9.995E-05
0.9994 9.995E-05 9.995E-05 9.995E-05 9.995E-05 9.995E-05 9.995E-05
0.983278 9.9955E-05 9.9955E-05 0.0162224 9.9955E-05 9.9955E-05 9.9955E-05
0.9994 9.995E-05 9.995E-05 9.995E-05 9.995E-05 9.995E-05 9.995E-05
0.9994 9.995E-05 9.995E-05 9.995E-05 9.995E-05 9.995E-05 9.995E-05
0.536817 0.0433108 9.99821E-05 9.99821E-05 0.18888 0.214128 0.0166642
0.955962 9.9973E-05 9.9973E-05 0.00807335 0.0319702 9.9973E-05 0.00369428
9.9955E-05 9.9955E-05 9.9955E-05 0.936114 9.9955E-05 9.9955E-05 0.0633862
0.1319 9.99819E-05 0.0271559 0.00541956 0.771276 0.064048 9.99819E-05
9.99639E-05 9.99639E-05 9.99639E-05 9.99639E-05 0.000289756 0.996482 0.00282851
0.0238159 9.9973E-05 0.0385015 0.0827263 9.9973E-05 9.9973E-05 0.854656
0.0114949 9.9982E-05 9.9982E-05 0.559482 0.0191096 0.0703887 0.339325
9.995E-05 9.995E-05 9.995E-05 9.995E-05 9.995E-05 9.995E-05 0.9994
9.99639E-05 9.99639E-05 9.99639E-05 0.0600914 9.99639E-05 0.000279807 0.939229
9.99639E-05 9.99639E-05 0.0739898 0.0621626 9.99639E-05 9.99639E-05 0.863448
9.99551E-05 0.905274 9.99551E-05 0.094226 9.99551E-05 9.99551E-05 9.99551E-05
9.99552E-05 9.99552E-05 0.00320235 9.99552E-05 9.99552E-05 0.996298 9.99552E-05
0.182313 0.0535097 0.106855 0.234988 0.00641172 0.216784 0.19914
9.99641E-05 9.99641E-05 0.0100164 9.99641E-05 9.99641E-05 0.949838 0.0397461
0.0153545 9.9964E-05 9.9964E-05 0.0256614 9.9964E-05 0.958584 9.9964E-05
0.0492706 9.9973E-05 9.9973E-05 9.9973E-05 0.0255605 0.899011 0.0258583
0.00850624 0.00363802 9.9973E-05 9.9973E-05 0.0380956 0.94946 9.9973E-05
9.99641E-05 9.99641E-05 9.99641E-05 0.0730458 0.0210191 0.905535 9.99641E-05
9.995E-05 9.995E-05 9.995E-05 9.995E-05 9.995E-05 0.9994 9.995E-05
0.313001 9.99642E-05 9.99642E-05 9.99642E-05 0.23097 0.45563 9.99642E-05
0.1525 9.99731E-05 9.99731E-05 9.99731E-05 0.320111 0.458453 0.0686363
0.0128745 9.9973E-05 0.0261894 0.0233589 9.9973E-05 0.937277 9.9973E-05
0.0391999 9.9991E-05 0.052334 0.540634 0.205394 0.041769 0.120569
0.0736929 9.9991E-05 0.0256873 0.533259 0.170847 0.0412489 0.155165
9.995E-05 9.995E-05 0.9994 9.995E-05 9.995E-05 9.995E-05 9.995E-05
9.995E-05 9.995E-05 0.9994 9.995E-05 9.995E-05 9.995E-05 9.995E-05
0.0224648 0.00230783 0.0340782 0.745428 0.158634 9.9991E-05 0.0369866
9.99819E-05 0.019213 0.0372242 0.717698 0.184536 9.99819E-05 0.0411286
9.995E-05 9.995E-05 0.9994 9.995E-05 9.995E-05 9.995E-05 9.995E-05
9.995E-05 9.995E-05 0.9994 9.995E-05 9.995E-05 9.995E-05 9.995E-05
9.99551E-05 9.99551E-05 9.99551E-05 0.938619 9.99551E-05 9.99551E-05 0.0608811
9.99729E-05 0.065156 9.99729E-05 0.473731 0.231393 9.99729E-05 0.22942
0.181103 9.99729E-05 0.0110996 9.99729E-05 0.802054 0.00544345 9.99729E-05
9.99821E-05 0.111516 0.253289 0.187652 9.99821E-05 0.0754656 0.371877
9.99731E-05 0.0782907 0.286753 0.174028 9.99731E-05 9.99731E-05 0.460629
0.156629 0.0456709 0.0153443 9.99821E-05 0.166725 0.615432 9.99821E-05
