9.99639E-05 0.972931 0.0204757 9.99639E-05 0.00619296 9.99639E-05 9.99639E-05
0.283476 0.248922 0.0214102 9.9982E-05 0.151097 9.9982E-05 0.294895
0.794088 9.99822E-05 0.0567754 0.0164225 9.99822E-05 0.0650567 0.0674577
0.954307 9.9955E-05 0.0451935 9.9955E-05 9.9955E-05 9.9955E-05 9.9955E-05
0.431047 0.0179395 9.99731E-05 9.99731E-05 0.281562 9.99731E-05 0.269152
0.989079 0.00286403 0.00360229 0.00415486 9.9973E-05 9.9973E-05 9.9973E-05
0.0414294 9.99731E-05 9.99731E-05 9.99731E-05 0.123655 0.504842 0.329774
0.421958 9.99641E-05 9.99641E-05 9.99641E-05 0.137719 9.99641E-05 0.439922
9.99641E-05 9.99641E-05 9.99641E-05 9.99641E-05 0.272952 0.357455 0.369193
9.995E-05 9.995E-05 9.995E-05 9.995E-05 0.9994 9.995E-05 9.995E-05
9.995E-05 9.995E-05 9.995E-05 9.995E-05 0.9994 9.995E-05 9.995E-05
0.0486036 0.644347 0.123713 9.9973E-05 9.9973E-05 0.183036 9.9973E-05
0.00774166 9.99551E-05 9.99551E-05 9.99551E-05 9.99551E-05 0.991759 9.99551E-05
0.968583 9.9964E-05 0.00392542 0.0270917 9.9964E-05 9.9964E-05 9.9964E-05
0.948762 0.0464434 9.9964E-05 0.00439447 9.9964E-05 9.9964E-05 9.9964E-05
9.9973E-05 0.0951133 9.9973E-05 9.9973E-05 0.535436 0.347194 0.021957
9.9973E-05 9.9973E-05 0.344146 0.0791528 0.395473 0.180929 9.9973E-05
9.9973E-05 0.067292 9.9973E-05 0.730415 0.149513 9.9973E-05 0.0524803
9.9955E-05 9.9955E-05 0.0815189 0.917981 9.9955E-05 9.9955E-05 9.9955E-05
9.9973E-05 0.144215 0.0855965 9.9973E-05 0.730166 0.0397232 9.9973E-05
9.995E-05 9.995E-05 9.995E-05 0.9994 9.995E-05 9.995E-05 9.995E-05
9.9973E-05 0.600154 0.0129549 9.9973E-05 0.298456 0.0881354 9.9973E-05
9.9973E-05 9.9973E-05 0.324665 0.412759 0.253214 9.9973E-05 0.00906262
9.9964E-05 9.9964E-05 0.0925883 0.888453 0.0185587 9.9964E-05 9.9964E-05
0.9994 9.995E-05 9.995E-05 9.995E-05 9.995E-05 9.995E-05 9.995E-05
0.9994 9.995E-05 9.995E-05 9.995E-05 9.995E-05 9.995E-05 9.995E-05
9.99729E-05 0.0771464 0.0805896 9.99729E-05 0.0725637 0.7694 9.99729E-05
0.904673 9.9955E-05 9.9955E-05 9.9955E-05 9.9955E-05 9.9955E-05 0.0948269
0.873287 9.9964E-05 9.9964E-05 9.9964E-05 9.9964E-05 0.020788 0.105525
0.661126 9.99821E-05 0.0400576 0.00735706 9.99821E-05 0.0112592 0.28
0.616549 9.9973E-05 0.0664944 0.00191714 9.9973E-05 9.9973E-05 0.31474
0.067341 0.249925 9.99731E-05 9.99731E-05 0.0817489 9.99731E-05 0.600685
0.9994 9.995E-05 9.995E-05 9.995E-05 9.995E-05 9.995E-05 9.995E-05
0.0831009 9.99641E-05 0.0110863 9.99641E-05 9.99641E-05 9.99641E-05 0.905413
0.041965 0.0767921 0.237328 9.9991E-05 0.0876673 0.546666 0.00948218
0.995215 9.99639E-05 0.00161051 9.99639E-05 9.99639E-05 0.00277418 9.99639E-05
0.012932 0.973532 0.0131357 9.9964E-05 9.9964E-05 9.9964E-05 9.9964E-05
0.0485156 0.115708 9.9973E-05 9.9973E-05 0.753091 9.9973E-05 0.0823856
0.134064 0.0104359 0.421843 0.0599561 0.210693 0.162907 9.9991E-05
0.116942 0.316752 0.00112587 9.99729E-05 0.56488 9.99729E-05 9.99729E-05
0.0630977 0.325084 0.0245812 0.0165908 0.570447 9.99819E-05 9.99819E-05
9.99549E-05 0.00730008 9.99549E-05 9.99549E-05 0.9922 9.99549E-05 9.99549E-05
9.9973E-05 0.15857 9.9973E-05 9.9973E-05 0.565251 0.245469 0.0304099
9.9964E-05 0.0271245 0.0131376 9.9964E-05 0.959338 9.9964E-05 9.9964E-05
9.9982E-05 0.065394 0.187361 0.0960866 0.460621 0.190337 9.9982E-05
0.103273 0.106857 0.0278307 0.0460894 0.6866 0.0292503 9.9991E-05
0.101073 0.210599 0.107081 9.9991E-05 0.309489 0.212591 0.0590663
9.99553E-05 0.979737 9.99553E-05 0.0197633 9.99553E-05 9.99553E-05 9.99553E-05
9.995E-05 9.995E-05 9.995E-05 9.995E-05 9.995E-05 9.995E-05 0.9994
9.995E-05 9.995E-05 9.995E-05 9.995E-05 9.995E-05 9.995E-05 0.9994
9.995E-05 9.995E-05 9.995E-05 9.995E-05 9.995E-05 9.995E-05 0.9994
9.99549E-05 9.99549E-05 9.99549E-05 0.000380694 9.99549E-05 9.99549E-05 0.99912
9.995E-05 9.995E-05 9.995E-05 9.995E-05 9.995E-05 9.995E-05 0.9994
0.192951 9.99821E-05 9.99821E-05 0.0370204 0.119751 0.018731 0.631346
9.9964E-05 0.00309871 0.00543082 9.9964E-05 9.9964E-05 9.9964E-05 0.991071
9.99639E-05 0.902943 9.99639E-05 9.99639E-05 0.0302867 0.0663706 9.99639E-05
0.104528 0.196386 0.00255074 9.9982E-05 0.107475 9.9982E-05 0.58886
0.993849 0.00491849 0.000833067 9.99639E-05 9.99639E-05 9.99639E-05 9.99639E-05
9.99639E-05 0.1187 0.0686701 9.99639E-05 9.99639E-05 0.81223 9.99639E-05
0.0412416 0.195007 9.9973E-05 9.9973E-05 0.42459 0.338861 9.9973E-05
9.995E-05 9.995E-05 9.995E-05 9.995E-05 9.995E-05 0.9994 9.995E-05
9.99639E-05 0.0250211 9.99639E-05 9.99639E-05 0.0897497 0.884829 9.99639E-05
9.99819E-05 0.0214291 0.0837955 0.00136581 0.0982996 0.79491 9.99819E-05
9.99641E-05 0.0632334 9.99641E-05 0.897891 0.038476 9.99641E-05 9.99641E-05
0.9994 9.995E-05 9.995E-05 9.995E-05 9.995E-05 9.995E-05 9.995E-05
0.329457 0.0542476 0.0392555 0.097638 0.178236 0.147202 0.153963
0.993759 9.99641E-05 9.99641E-05 9.99641E-05 9.99641E-05 0.00485413 0.000986632
0.971519 0.0279809 9.9955E-05 9.9955E-05 9.9955E-05 9.9955E-05 9.9955E-05
0.931785 9.9964E-05 9.9964E-05 9.9964E-05 9.9964E-05 0.0123014 0.0555134
0.961837 9.9973E-05 9.9973E-05 0.00472332 9.9973E-05 0.00756651 0.0255737
0.909313 0.0434447 9.9973E-05 9.9973E-05 0.0428123 9.9973E-05 0.00413054
0.982181 9.99549E-05 0.0173195 9.99549E-05 9.99549E-05 9.99549E-05 9.99549E-05
0.47353 9.99643E-05 9.99643E-05 9.99643E-05 0.00751403 9.99643E-05 0.518556
0.48968 9.99642E-05 9.99642E-05 9.99642E-05 9.99642E-05 0.202383 0.307537
0.98198 9.9964E-05 0.00565439 9.9964E-05 0.0119661 9.9964E-05 9.9964E-05
0.0688953 0.0837171 0.0189755 9.9991E-05 0.636424 0.122024 0.0698645
0.0614749 0.10142 0.0017166 9.9991E-05 0.604001 0.147146 0.084142
9.995E-05 9.995E-05 0.9994 9.995E-05 9.995E-05 9.995E-05 9.995E-05
9.995E-05 9.995E-05 0.9994 9.995E-05 9.995E-05 9.995E-05 9.995E-05
0.00377454 0.0113378 9.9982E-05 9.9982E-05 0.969054 0.00651093 0.00912263
9.9964E-05 0.067001 9.9964E-05 9.9964E-05 0.902969 0.0296301 9.9964E-05
9.9955E-05 9.9955E-05 0.991266 9.9955E-05 9.9955E-05 9.9955E-05 0.0082343
9.995E-05 9.995E-05 0.9994 9.995E-05 9.995E-05 9.995E-05 9.995E-05
9.99549E-05 0.981533 9.99549E-05 9.99549E-05 9.99549E-05 0.017967 9.99549E-05
0.0145002 0.0681738 9.9991E-05 0.0591201 0.593178 0.260096 0.00483171
0.0739854 0.172542 9.9973E-05 9.9973E-05 0.141108 9.9973E-05 0.612065
0.052724 9.9982E-05 0.253214 0.109897 0.250358 0.333607 9.9982E-05
9.99731E-05 0.176064 0.311616 0.0752008 9.99731E-05 0.43682 9.99731E-05
0.592073 9.99821E-05 0.0451984 0.0499992 0.0188975 9.99821E-05 0.293632
