9.9982E-05 0.945219 0.0545809 9.9982E-05
9.999E-05 0.434789 0.0210322 0.544079
0.00893485 0.0407533 0.100796 0.849516
9.9982E-05 9.9982E-05 0.0313343 0.968466
9.99821E-05 0.275179 9.99821E-05 0.724621
9.9982E-05 9.9982E-05 0.0147595 0.985041
9.99821E-05 0.685985 9.99821E-05 0.313815
9.999E-05 0.161277 0.0489005 0.789722
9.99821E-05 0.661597 9.99821E-05 0.338203
9.999E-05 0.814488 0.130092 0.0553202
9.9991E-05 0.850005 0.142309 0.00758571
9.999E-05 0.791233 0.195073 0.0135938
9.999E-05 0.940027 0.0177208 0.0421518
9.9982E-05 9.9982E-05 0.0374541 0.962346
0.00489907 9.9991E-05 0.0012391 0.993762
9.9991E-05 0.921772 0.0190704 0.0590576
0.0762372 0.487345 0.422308 0.01411
0.731773 0.216624 9.9991E-05 0.0515035
0.919683 9.9982E-05 0.080117 9.9982E-05
9.9982E-05 0.82876 0.17104 9.9982E-05
0.9997 9.998E-05 9.998E-05 9.998E-05
9.9982E-05 0.909438 0.0903616 9.9982E-05
0.408765 0.162397 0.369768 0.0590708
0.894742 9.9982E-05 0.105058 9.9982E-05
9.998E-05 9.998E-05 9.998E-05 0.9997
9.998E-05 9.998E-05 9.998E-05 0.9997
9.9982E-05 0.937763 0.0620372 9.9982E-05
9.998E-05 9.998E-05 9.998E-05 0.9997
9.998E-05 9.998E-05 9.998E-05 0.9997
0.0202857 0.0217155 0.0631759 0.894823
0.000470423 9.9991E-05 0.0709281 0.928502
9.99821E-05 0.438015 9.99821E-05 0.561785
9.9982E-05 9.9982E-05 0.017612 0.982188
9.9991E-05 0.162764 0.01114 0.825996
9.9991E-05 0.658351 0.275998 0.0655516
9.998E-05 9.998E-05 9.998E-05 0.9997
9.9991E-05 0.852228 0.0627956 0.0848766
0.0265947 0.785208 0.0438108 0.144386
0.0491983 0.328843 0.478816 0.143143
9.9991E-05 0.745738 0.125426 0.128736
0.0240418 0.763005 0.119237 0.0937165
0.00345884 0.848297 0.148144 9.9991E-05
9.9982E-05 0.949414 9.9982E-05 0.0503859
0.00221225 0.840823 0.151771 0.0051942
0.129873 0.689001 0.181026 9.9991E-05
0.0464956 0.708054 0.145386 0.100064
9.9991E-05 0.681375 0.144407 0.174117
0.0605165 0.939284 9.99822E-05 9.99822E-05
0.0501241 0.138551 9.9991E-05 0.811225
0.0555968 0.157667 9.9991E-05 0.786636
0.0485116 0.175919 9.9991E-05 0.775469
0.0568741 0.112502 9.9991E-05 0.830524
0.029391 0.131174 9.9991E-05 0.839335
0.0858969 0.198787 9.9991E-05 0.715216
0.0173593 0.221687 9.9991E-05 0.760853
9.998E-05 0.9997 9.998E-05 9.998E-05
9.9982E-05 0.436434 9.9982E-05 0.563366
9.998E-05 9.998E-05 9.998E-05 0.9997
9.99821E-05 0.923005 0.0767955 9.99821E-05
9.9991E-05 0.911207 0.0152534 0.0734391
0.0107328 0.989067 9.99821E-05 9.99821E-05
9.9982E-05 0.994673 0.00512719 9.9982E-05
0.0257208 0.871285 0.102895 9.9991E-05
0.922194 0.0776058 9.9982E-05 9.9982E-05
9.998E-05 9.998E-05 9.998E-05 0.9997
0.0653976 0.408457 0.090687 0.435458
9.998E-05 9.998E-05 9.998E-05 0.9997
9.9982E-05 0.012375 9.9982E-05 0.987425
9.9982E-05 0.0099447 9.9982E-05 0.989855
0.00418366 9.9982E-05 9.9982E-05 0.995616
9.9982E-05 9.9982E-05 0.0314607 0.968339
9.9982E-05 9.9982E-05 0.00289841 0.996902
9.99821E-05 0.0761116 9.99821E-05 0.923688
0.0203426 0.133334 9.99911E-05 0.846223
9.998E-05 9.998E-05 9.998E-05 0.9997
9.9991E-05 0.828274 0.0350815 0.136544
9.9991E-05 0.829782 0.044134 0.125984
9.998E-05 9.998E-05 0.9997 9.998E-05
9.998E-05 9.998E-05 0.9997 9.998E-05
9.9991E-05 0.845121 0.097618 0.0571614
9.9991E-05 0.864581 0.0795313 0.0557875
9.998E-05 9.998E-05 0.9997 9.998E-05
9.998E-05 9.998E-05 0.9997 9.998E-05
9.998E-05 0.9997 9.998E-05 9.998E-05
0.0625222 0.888189 9.9991E-05 0.0491893
9.9982E-05 0.444079 9.9982E-05 0.555721
0.118557 0.522175 0.302932 0.0563364
0.0825014 0.53125 0.386149 9.9991E-05
0.07841 9.9991E-05 0.00478489 0.916705
