9.9991E-05 0.940457 0.0594428
0.288687 0.331434 0.37988
0.817323 0.0788133 0.103863
0.9998 9.999E-05 9.999E-05
0.445897 0.223185 0.330918
0.9998 9.999E-05 9.999E-05
9.999E-05 0.48882 0.51108
0.37472 0.0957481 0.529531
9.9991E-05 0.452043 0.547857
9.9991E-05 0.816527 0.183373
9.9991E-05 0.823417 0.176483
0.128497 0.871403 9.9991E-05
0.101021 0.898879 9.9991E-05
0.990959 0.00894076 9.9991E-05
0.994676 0.00522376 9.9991E-05
0.00261275 0.844186 0.153201
0.0753052 0.924595 9.9991E-05
9.99911E-05 0.956126 0.0437737
9.999E-05 0.9998 9.999E-05
9.9991E-05 0.934649 0.0652507
9.999E-05 0.9998 9.999E-05
0.019615 0.932833 0.0475525
0.0502142 0.926112 0.0236737
9.999E-05 0.9998 9.999E-05
0.996085 9.9991E-05 0.00381454
0.9998 9.999E-05 9.999E-05
9.9991E-05 0.98481 0.0150905
0.952065 9.9991E-05 0.0478346
0.89907 9.9991E-05 0.10083
0.669591 0.0305574 0.299852
0.681312 9.9991E-05 0.318588
0.0429753 0.222458 0.734566
0.9998 9.999E-05 9.999E-05
0.0703287 9.9991E-05 0.929571
0.107574 0.892326 9.9991E-05
0.978452 0.021448 9.9991E-05
0.142 0.8579 9.9991E-05
0.0278065 0.721813 0.250381
0.205354 0.794546 9.9991E-05
0.171064 0.828836 9.99909E-05
0.137815 0.828758 0.0334268
9.9991E-05 0.936087 0.063813
9.9991E-05 0.841582 0.158319
9.99909E-05 0.894147 0.105753
9.9991E-05 0.936692 0.0632081
0.0520258 0.797684 0.15029
0.130857 0.7733 0.0958437
9.99911E-05 0.95156 0.0483396
9.999E-05 9.999E-05 0.9998
9.999E-05 9.999E-05 0.9998
9.999E-05 9.999E-05 0.9998
9.999E-05 9.999E-05 0.9998
9.999E-05 9.999E-05 0.9998
0.208813 0.0946024 0.696585
9.999E-05 9.999E-05 0.9998
9.9991E-05 0.944132 0.0557678
0.0918048 0.234772 0.673423
0.9998 9.999E-05 9.999E-05
0.025644 0.958487 0.0158688
0.0743821 0.852798 0.0728201
0.052678 0.942535 0.00478688
0.0476342 0.952266 9.9991E-05
9.999E-05 0.9998 9.999E-05
9.999E-05 0.9998 9.999E-05
0.9998 9.999E-05 9.999E-05
0.23197 0.527482 0.240548
0.9998 9.999E-05 9.999E-05
0.972196 0.0253252 0.00247915
0.896389 9.9991E-05 0.103511
0.890654 9.9991E-05 0.109246
0.972591 0.0227353 0.00467346
0.9998 9.999E-05 9.999E-05
0.514825 9.99911E-05 0.485075
0.517479 0.0162456 0.466275
0.955088 0.0235445 0.0213678
0.0569586 0.719241 0.2238
0.0225105 0.730198 0.247291
0.133808 0.866092 9.9991E-05
0.13642 0.86348 9.9991E-05
9.99909E-05 0.820983 0.178917
9.99909E-05 0.839984 0.159916
0.127277 0.872623 9.9991E-05
0.16798 0.83192 9.9991E-05
9.9991E-05 0.891831 0.108069
9.9991E-05 0.906526 0.0933739
0.0227205 0.211229 0.76605
0.128057 0.871843 9.9991E-05
0.0344023 0.965498 9.9991E-05
0.59809 9.99911E-05 0.40181
