9.98649E-05 0.00210555 9.98649E-05 9.98649E-05 9.98649E-05 9.98649E-05 9.98649E-05 0.0746387 0.0109438 0.910814 9.98649E-05 9.98649E-05 9.98649E-05 9.98649E-05 9.98649E-05 9.98649E-05 9.98649E-05 9.98649E-05 9.98649E-05
9.98559E-05 9.98559E-05 0.599695 9.98559E-05 9.98559E-05 9.98559E-05 9.98559E-05 9.98559E-05 9.98559E-05 9.98559E-05 0.191242 9.98559E-05 9.98559E-05 0.207465 9.98559E-05 9.98559E-05 9.98559E-05 9.98559E-05 9.98559E-05
9.98382E-05 9.98382E-05 9.98382E-05 9.98382E-05 9.98382E-05 9.98382E-05 9.98382E-05 9.98382E-05 9.98382E-05 9.98382E-05 9.98382E-05 0.998203 9.98382E-05 9.98382E-05 9.98382E-05 9.98382E-05 9.98382E-05 9.98382E-05 9.98382E-05
9.9874E-05 9.9874E-05 9.9874E-05 0.0244607 9.9874E-05 0.0256705 9.9874E-05 9.9874E-05 0.0202686 9.9874E-05 0.914251 9.9874E-05 0.0139515 9.9874E-05 9.9874E-05 9.9874E-05 9.9874E-05 9.9874E-05 9.9874E-05
9.99102E-05 9.99102E-05 0.117484 9.99102E-05 9.99102E-05 9.99102E-05 9.99102E-05 0.0760529 9.99102E-05 9.99102E-05 0.235776 0.0739122 0.233896 0.103767 9.99102E-05 0.00813137 9.99102E-05 0.133678 0.0163034
9.98383E-05 9.98383E-05 9.98383E-05 9.98383E-05 9.98383E-05 9.98383E-05 9.98383E-05 9.98383E-05 9.98383E-05 9.98383E-05 0.998203 9.98383E-05 9.98383E-05 9.98383E-05 9.98383E-05 9.98383E-05 9.98383E-05 9.98383E-05 9.98383E-05
9.98472E-05 9.98472E-05 9.98472E-05 9.98472E-05 9.98472E-05 9.98472E-05 9.98472E-05 9.98472E-05 9.98472E-05 9.98472E-05 9.98472E-05 9.98472E-05 9.98472E-05 9.98472E-05 0.00873615 9.98472E-05 9.98472E-05 0.989566 9.98472E-05
0.405383 9.9892E-05 0.123859 0.0767551 9.9892E-05 9.9892E-05 9.9892E-05 0.0805602 9.9892E-05 9.9892E-05 0.00246642 0.00948771 0.30029 9.9892E-05 9.9892E-05 9.9892E-05 9.9892E-05 9.9892E-05 9.9892E-05
9.98561E-05 9.98561E-05 0.0267496 0.0122071 9.98561E-05 9.98561E-05 9.98561E-05 9.98561E-05 9.98561E-05 9.98561E-05 9.98561E-05 9.98561E-05 9.98561E-05 9.98561E-05 9.98561E-05 9.98561E-05 9.98561E-05 0.959446 9.98561E-05
9.98472E-05 9.98472E-05 9.98472E-05 9.98472E-05 9.98472E-05 9.98472E-05 9.98472E-05 0.890038 9.98472E-05 9.98472E-05 9.98472E-05 9.98472E-05 9.98472E-05 9.98472E-05 9.98472E-05 9.98472E-05 9.98472E-05 0.108264 9.98472E-05
9.98472E-05 9.98472E-05 9.98472E-05 9.98472E-05 9.98472E-05 9.98472E-05 9.98472E-05 0.918383 9.98472E-05 9.98472E-05 9.98472E-05 9.98472E-05 9.98472E-05 9.98472E-05 9.98472E-05 9.98472E-05 9.98472E-05 0.0799194 9.98472E-05
9.98702E-05 0.011016 9.98702E-05 9.98702E-05 9.98702E-05 9.98702E-05 9.98702E-05 9.98702E-05 0.134942 0.717175 0.0119426 9.98702E-05 9.98702E-05 9.98702E-05 0.101645 9.98702E-05 9.98702E-05 0.0219805 9.98702E-05
0.0177624 9.98564E-05 9.98564E-05 9.98564E-05 9.98564E-05 9.98564E-05 9.98564E-05 9.98564E-05 9.98564E-05 9.98564E-05 9.98564E-05 9.98564E-05 0.0285121 9.98564E-05 0.952128 9.98564E-05 9.98564E-05 9.98564E-05 9.98564E-05
9.98652E-05 0.0212763 9.98652E-05 9.98652E-05 0.00508032 9.98652E-05 9.98652E-05 9.98652E-05 9.98652E-05 9.98652E-05 0.970647 9.98652E-05 9.98652E-05 9.98652E-05 9.98652E-05 9.98652E-05 9.98652E-05 0.00149829 9.98652E-05
9.98651E-05 0.00461856 9.98651E-05 9.98651E-05 9.98651E-05 9.98651E-05 9.98651E-05 9.98651E-05 9.98651E-05 9.98651E-05 0.959776 9.98651E-05 9.98651E-05 9.98651E-05 9.98651E-05 0.0177382 9.98651E-05 9.98651E-05 0.0163688
9.98651E-05 9.98651E-05 9.98651E-05 9.98651E-05 9.98651E-05 9.98651E-05 0.836174 0.0126296 9.98651E-05 9.98651E-05 9.98651E-05 9.98651E-05 9.98651E-05 9.98651E-05 0.141233 9.98651E-05 0.00846589 9.98651E-05 9.98651E-05
9.98559E-05 0.0138023 9.98559E-05 9.98559E-05 9.98559E-05 9.98559E-05 9.98559E-05 0.0641877 9.98559E-05 9.98559E-05 9.98559E-05 9.98559E-05 9.98559E-05 9.98559E-05 9.98559E-05 9.98559E-05 0.920412 9.98559E-05 9.98559E-05
9.9838E-05 0.998203 9.9838E-05 9.9838E-05 9.9838E-05 9.9838E-05 9.9838E-05 9.9838E-05 9.9838E-05 9.9838E-05 9.9838E-05 9.9838E-05 9.9838E-05 9.9838E-05 9.9838E-05 9.9838E-05 9.9838E-05 9.9838E-05 9.9838E-05
9.98468E-05 9.98468E-05 9.98468E-05 9.98468E-05 0.923544 9.98468E-05 9.98468E-05 9.98468E-05 0.0747584 9.98468E-05 9.98468E-05 9.98468E-05 9.98468E-05 9.98468E-05 9.98468E-05 9.98468E-05 9.98468E-05 9.98468E-05 9.98468E-05
9.98919E-05 9.98919E-05 9.98919E-05 9.98919E-05 9.98919E-05 9.98919E-05 0.339973 0.448289 0.00211825 0.0632618 9.98919E-05 9.98919E-05 9.98919E-05 0.0187248 9.98919E-05 0.0328856 0.0935487 9.98919E-05 9.98919E-05
9.98473E-05 0.278004 9.98473E-05 9.98473E-05 0.720298 9.98473E-05 9.98473E-05 9.98473E-05 9.98473E-05 9.98473E-05 9.98473E-05 9.98473E-05 9.98473E-05 9.98473E-05 9.98473E-05 9.98473E-05 9.98473E-05 9.98473E-05 9.98473E-05
9.9892E-05 0.00620409 9.9892E-05 9.9892E-05 9.9892E-05 9.9892E-05 0.172125 0.00582477 0.0067351 0.404203 9.9892E-05 9.9892E-05 9.9892E-05 0.315005 0.088704 9.9892E-05 9.9892E-05 9.9892E-05 9.9892E-05
9.98377E-05 9.98377E-05 9.98377E-05 9.98377E-05 9.98377E-05 9.98377E-05 9.98377E-05 9.98377E-05 9.98377E-05 9.98377E-05 9.98377E-05 9.98377E-05 9.98377E-05 9.98377E-05 9.98377E-05 9.98377E-05 9.98377E-05 9.98377E-05 0.998203
9.98467E-05 9.98467E-05 9.98467E-05 9.98467E-05 0.667258 9.98467E-05 9.98467E-05 9.98467E-05 9.98467E-05 9.98467E-05 9.98467E-05 9.98467E-05 9.98467E-05 9.98467E-05 9.98467E-05 9.98467E-05 9.98467E-05 9.98467E-05 0.331044
9.98563E-05 9.98563E-05 9.98563E-05 9.98563E-05 9.98563E-05 0.622376 9.98563E-05 9.98563E-05 9.98563E-05 9.98563E-05 0.349588 0.0264376 9.98563E-05 9.98563E-05 9.98563E-05 9.98563E-05 9.98563E-05 9.98563E-05 9.98563E-05
9.98475E-05 9.98475E-05 9.98475E-05 9.98475E-05 9.98475E-05 0.156311 9.98475E-05 9.98475E-05 9.98475E-05 9.98475E-05 0.841992 9.98475E-05 9.98475E-05 9.98475E-05 9.98475E-05 9.98475E-05 9.98475E-05 9.98475E-05 9.98475E-05
9.98827E-05 9.98827E-05 0.0117736 9.98827E-05 9.98827E-05 9.98827E-05 9.98827E-05 0.0986775 0.0647428 9.98827E-05 9.98827E-05 9.98827E-05 9.98827E-05 9.98827E-05 0.762623 0.0555721 0.00531265 9.98827E-05 9.98827E-05
9.98472E-05 9.98472E-05 9.98472E-05 0.0206889 9.98472E-05 0.977614 9.98472E-05 9.98472E-05 9.98472E-05 9.98472E-05 9.98472E-05 9.98472E-05 9.98472E-05 9.98472E-05 9.98472E-05 9.98472E-05 9.98472E-05 9.98472E-05 9.98472E-05
9.98383E-05 9.98383E-05 9.98383E-05 9.98383E-05 9.98383E-05 0.998203 9.98383E-05 9.98383E-05 9.98383E-05 9.98383E-05 9.98383E-05 9.98383E-05 9.98383E-05 9.98383E-05 9.98383E-05 9.98383E-05 9.98383E-05 9.98383E-05 9.98383E-05
9.98923E-05 9.98923E-05 9.98923E-05 0.0402053 9.98923E-05 0.184559 9.98923E-05 9.98923E-05 9.98923E-05 0.0308938 0.136619 9.98923E-05 0.577088 0.0238129 0.00562254 9.98923E-05 9.98923E-05 9.98923E-05 9.98923E-05
9.98403E-05 9.98403E-05 9.98403E-05 9.98403E-05 9.98403E-05 9.98403E-05 9.98403E-05 9.98403E-05 9.98403E-05 9.98403E-05 0.0209661 9.98403E-05 0.973939 9.98403E-05 9.98403E-05 9.98403E-05 0.00349784 9.98403E-05 9.98403E-05
9.98385E-05 9.98385E-05 0.998203 9.98385E-05 9.98385E-05 9.98385E-05 9.98385E-05 9.98385E-05 9.98385E-05 9.98385E-05 9.98385E-05 9.98385E-05 9.98385E-05 9.98385E-05 9.98385E-05 9.98385E-05 9.98385E-05 9.98385E-05 9.98385E-05
0.152554 9.98563E-05 9.98563E-05 9.98563E-05 9.98563E-05 0.281146 9.98563E-05 9.98563E-05 9.98563E-05 9.98563E-05 0.564702 9.98563E-05 9.98563E-05 9.98563E-05 9.98563E-05 9.98563E-05 9.98563E-05 9.98563E-05 9.98563E-05
0.181922 9.98654E-05 0.0439032 0.72708 9.98654E-05 9.98654E-05 9.98654E-05 9.98654E-05 9.98654E-05 9.98654E-05 9.98654E-05 9.98654E-05 0.045597 9.98654E-05 9.98654E-05 9.98654E-05 9.98654E-05 9.98654E-05 9.98654E-05
9.98826E-05 9.98826E-05 9.98826E-05 9.98826E-05 9.98826E-05 9.98826E-05 9.98826E-05 9.98826E-05 0.0891781 0.00952497 9.98826E-05 9.98826E-05 0.0577704 0.0884115 0.511722 9.98826E-05 0.242095 9.98826E-05 9.98826E-05
0.0460749 9.98649E-05 9.98649E-05 9.98649E-05 9.98649E-05 0.548537 9.98649E-05 9.98649E-05 9.98649E-05 9.98649E-05 0.376763 9.98649E-05 9.98649E-05 9.98649E-05 9.98649E-05 9.98649E-05 0.0271275 9.98649E-05 9.98649E-05
0.0069925 9.98563E-05 9.98563E-05 9.98563E-05 9.98563E-05 9.98563E-05 9.98563E-05 9.98563E-05 9.98563E-05 0.979679 9.98563E-05 0.0117311 9.98563E-05 9.98563E-05 9.98563E-05 9.98563E-05 9.98563E-05 9.98563E-05 9.98563E-05
0.032338 9.9892E-05 0.173711 9.9892E-05 9.9892E-05 9.9892E-05 9.9892E-05 0.555407 9.9892E-05 0.0674324 9.9892E-05 9.9892E-05 9.9892E-05 0.109285 9.9892E-05 9.9892E-05 0.00740742 9.9892E-05 0.0532201
0.00320146 9.9847E-05 9.9847E-05 9.9847E-05 9.9847E-05 9.9847E-05 9.9847E-05 9.9847E-05 9.9847E-05 9.9847E-05 9.9847E-05 9.9847E-05 9.9847E-05 9.9847E-05 9.9847E-05 9.9847E-05 0.995101 9.9847E-05 9.9847E-05
9.9856E-05 9.9856E-05 9.9856E-05 9.9856E-05 9.9856E-05 9.9856E-05 9.9856E-05 9.9856E-05 9.9856E-05 9.9856E-05 0.00584895 9.9856E-05 9.9856E-05 0.986174 9.9856E-05 9.9856E-05 0.00637936 9.9856E-05 9.9856E-05
9.9838E-05 9.9838E-05 9.9838E-05 9.9838E-05 9.9838E-05 9.9838E-05 9.9838E-05 9.9838E-05 9.9838E-05 9.9838E-05 9.9838E-05 9.9838E-05 9.9838E-05 0.998203 9.9838E-05 9.9838E-05 9.9838E-05 9.9838E-05 9.9838E-05
9.98829E-05 9.98829E-05 9.98829E-05 9.98829E-05 0.00171044 9.98829E-05 0.0255624 0.827652 9.98829E-05 9.98829E-05 9.98829E-05 9.98829E-05 9.98829E-05 0.0896215 9.98829E-05 0.0324569 0.0216986 9.98829E-05 9.98829E-05
9.98849E-05 9.98849E-05 9.98849E-05 9.98849E-05 0.0158915 9.98849E-05 0.823997 0.0264272 9.98849E-05 9.98849E-05 9.98849E-05 9.98849E-05 9.98849E-05 0.0108031 0.0334131 9.98849E-05 9.98849E-05 0.0881696 9.98849E-05
9.9865E-05 9.9865E-05 9.9865E-05 9.9865E-05 9.9865E-05 9.9865E-05 9.9865E-05 0.878751 9.9865E-05 0.0170888 9.9865E-05 9.9865E-05 9.9865E-05 9.9865E-05 0.0601188 9.9865E-05 0.042543 9.9865E-05 9.9865E-05
9.99008E-05 9.99008E-05 0.000854462 9.99008E-05 9.99008E-05 9.99008E-05 0.0456506 0.196047 0.020153 0.0622815 9.99008E-05 9.99008E-05 9.99008E-05 0.164224 0.166514 9.99008E-05 9.99008E-05 9.99008E-05 0.343176
0.0227163 9.9919E-05 0.0122455 9.9919E-05 9.9919E-05 9.9919E-05 0.106735 0.31738 9.9919E-05 0.0794932 9.9919E-05 9.9919E-05 0.0435766 0.208713 0.0212554 0.0135192 9.9919E-05 9.9919E-05 0.173467
9.9928E-05 9.9928E-05 9.9928E-05 0.00976979 9.9928E-05 9.9928E-05 9.9928E-05 0.229363 0.0103973 0.23658 0.0662951 0.00338364 0.0985768 0.00661967 0.117328 9.9928E-05 0.208633 0.0122552 9.9928E-05
9.98382E-05 9.98382E-05 9.98382E-05 9.98382E-05 9.98382E-05 9.98382E-05 9.98382E-05 9.98382E-05 9.98382E-05 9.98382E-05 9.98382E-05 9.98382E-05 9.98382E-05 9.98382E-05 9.98382E-05 0.998203 9.98382E-05 9.98382E-05 9.98382E-05
9.98562E-05 9.98562E-05 9.98562E-05 0.981279 9.98562E-05 9.98562E-05 9.98562E-05 9.98562E-05 9.98562E-05 9.98562E-05 9.98562E-05 0.00743514 0.00968771 9.98562E-05 9.98562E-05 9.98562E-05 9.98562E-05 9.98562E-05 9.98562E-05
9.98652E-05 9.98652E-05 9.98652E-05 0.987159 0.00764855 9.98652E-05 9.98652E-05 9.98652E-05 0.00349838 9.98652E-05 9.98652E-05 9.98652E-05 9.98652E-05 0.000196029 9.98652E-05 9.98652E-05 9.98652E-05 9.98652E-05 9.98652E-05
9.98473E-05 0.00808487 9.98473E-05 0.990218 9.98473E-05 9.98473E-05 9.98473E-05 9.98473E-05 9.98473E-05 9.98473E-05 9.98473E-05 9.98473E-05 9.98473E-05 9.98473E-05 9.98473E-05 9.98473E-05 9.98473E-05 9.98473E-05 9.98473E-05
9.98384E-05 9.98384E-05 9.98384E-05 0.998203 9.98384E-05 9.98384E-05 9.98384E-05 9.98384E-05 9.98384E-05 9.98384E-05 9.98384E-05 9.98384E-05 9.98384E-05 9.98384E-05 9.98384E-05 9.98384E-05 9.98384E-05 9.98384E-05 9.98384E-05
9.98383E-05 9.98383E-05 9.98383E-05 0.998203 9.98383E-05 9.98383E-05 9.98383E-05 9.98383E-05 9.98383E-05 9.98383E-05 9.98383E-05 9.98383E-05 9.98383E-05 9.98383E-05 9.98383E-05 9.98383E-05 9.98383E-05 9.98383E-05 9.98383E-05
0.0759824 0.0116485 0.0226095 0.344809 9.99192E-05 9.99192E-05 0.0491371 9.99192E-05 9.99192E-05 9.99192E-05 9.99192E-05 0.068472 0.320611 9.99192E-05 9.99192E-05 0.0351809 9.99192E-05 0.046265 0.0243856
9.98562E-05 9.98562E-05 0.0563108 0.935011 9.98562E-05 9.98562E-05 9.98562E-05 9.98562E-05 9.98562E-05 9.98562E-05 9.98562E-05 9.98562E-05 9.98562E-05 9.98562E-05 9.98562E-05 0.00708094 9.98562E-05 9.98562E-05 9.98562E-05
9.98651E-05 9.98651E-05 9.98651E-05 9.98651E-05 9.98651E-05 9.98651E-05 0.108109 0.0136296 9.98651E-05 0.867687 9.98651E-05 9.98651E-05 9.98651E-05 9.98651E-05 9.98651E-05 9.98651E-05 9.98651E-05 0.00907623 9.98651E-05
9.98918E-05 9.98918E-05 0.894794 0.0382571 9.98918E-05 0.00660685 9.98918E-05 9.98918E-05 0.0127127 9.98918E-05 9.98918E-05 0.00468093 9.98918E-05 9.98918E-05 0.0112478 9.98918E-05 9.98918E-05 0.0305015 9.98918E-05
9.9856E-05 9.9856E-05 9.9856E-05 9.9856E-05 9.9856E-05 0.458569 9.9856E-05 9.9856E-05 9.9856E-05 9.9856E-05 0.523243 9.9856E-05 9.9856E-05 0.0165902 9.9856E-05 9.9856E-05 9.9856E-05 9.9856E-05 9.9856E-05
9.98652E-05 9.98652E-05 9.98652E-05 9.98652E-05 9.98652E-05 9.98652E-05 0.0106402 9.98652E-05 0.0111558 9.98652E-05 9.98652E-05 9.98652E-05 9.98652E-05 0.160286 0.81642 9.98652E-05 9.98652E-05 9.98652E-05 9.98652E-05
9.98403E-05 9.98403E-05 9.98403E-05 9.98403E-05 9.98403E-05 9.98403E-05 0.923021 9.98403E-05 9.98403E-05 0.018737 9.98403E-05 9.98403E-05 9.98403E-05 9.98403E-05 0.0566443 9.98403E-05 9.98403E-05 9.98403E-05 9.98403E-05
0.0195036 9.98566E-05 9.98566E-05 9.98566E-05 9.98566E-05 9.98566E-05 9.98566E-05 9.98566E-05 9.98566E-05 9.98566E-05 9.98566E-05 9.98566E-05 9.98566E-05 9.98566E-05 0.959151 9.98566E-05 9.98566E-05 0.0197482 9.98566E-05
9.98738E-05 0.0245331 9.98738E-05 9.98738E-05 9.98738E-05 9.98738E-05 9.98738E-05 0.0876564 9.98738E-05 9.98738E-05 0.00151879 0.00510064 9.98738E-05 9.98738E-05 0.879793 9.98738E-05 9.98738E-05 9.98738E-05 9.98738E-05
9.98828E-05 0.00305429 9.98828E-05 9.98828E-05 9.98828E-05 9.98828E-05 9.98828E-05 0.0984671 0.0268632 9.98828E-05 9.98828E-05 9.98828E-05 9.98828E-05 0.00856317 0.827908 9.98828E-05 0.0338462 9.98828E-05 9.98828E-05
0.00884337 9.98651E-05 9.98651E-05 9.98651E-05 0.952608 9.98651E-05 9.98651E-05 9.98651E-05 9.98651E-05 9.98651E-05 9.98651E-05 9.98651E-05 9.98651E-05 0.0058324 9.98651E-05 0.0312179 9.98651E-05 9.98651E-05 9.98651E-05
9.98567E-05 9.98567E-05 9.98567E-05 9.98567E-05 9.98567E-05 0.725881 9.98567E-05 9.98567E-05 9.98567E-05 9.98567E-05 0.254775 0.017746 9.98567E-05 9.98567E-05 9.98567E-05 9.98567E-05 9.98567E-05 9.98567E-05 9.98567E-05
0.0467641 9.9955E-05 0.00799485 0.0582911 0.0290431 0.0859115 9.9955E-05 0.0651969 0.00332252 9.9955E-05 0.120558 0.00324753 9.9955E-05 0.203931 0.0540942 0.110098 0.09749 0.113557 9.9955E-05
0.0627423 9.98654E-05 9.98654E-05 9.98654E-05 9.98654E-05 9.98654E-05 0.0185521 9.98654E-05 9.98654E-05 9.98654E-05 0.818669 0.098539 9.98654E-05 9.98654E-05 9.98654E-05 9.98654E-05 9.98654E-05 9.98654E-05 9.98654E-05
9.9883E-05 9.9883E-05 9.9883E-05 0.023088 9.9883E-05 0.205295 9.9883E-05 9.9883E-05 9.9883E-05 9.9883E-05 0.66272 9.9883E-05 0.0762326 0.0099209 9.9883E-05 9.9883E-05 9.9883E-05 0.021445 9.9883E-05
9.98472E-05 9.98472E-05 9.98472E-05 9.98472E-05 9.98472E-05 0.975585 0.0227178 9.98472E-05 9.98472E-05 9.98472E-05 9.98472E-05 9.98472E-05 9.98472E-05 9.98472E-05 9.98472E-05 9.98472E-05 9.98472E-05 9.98472E-05 9.98472E-05
9.98474E-05 9.98474E-05 9.98474E-05 9.98474E-05 9.98474E-05 0.981567 9.98474E-05 9.98474E-05 9.98474E-05 9.98474E-05 9.98474E-05 9.98474E-05 9.98474E-05 9.98474E-05 9.98474E-05 0.0167353 9.98474E-05 9.98474E-05 9.98474E-05
0.00552206 9.98921E-05 0.0171407 9.98921E-05 9.98921E-05 0.0870446 9.98921E-05 0.00570297 9.98921E-05 9.98921E-05 0.595408 9.98921E-05 0.250461 0.037523 9.98921E-05 9.98921E-05 9.98921E-05 9.98921E-05 9.98921E-05
9.9874E-05 9.9874E-05 9.9874E-05 9.9874E-05 9.9874E-05 0.485693 9.9874E-05 9.9874E-05 9.9874E-05 9.9874E-05 0.492845 9.9874E-05 9.9874E-05 0.0103513 9.9874E-05 9.9874E-05 0.00553968 0.00417346 9.9874E-05
0.959662 9.98561E-05 9.98561E-05 0.00558628 9.98561E-05 9.98561E-05 9.98561E-05 9.98561E-05 9.98561E-05 9.98561E-05 9.98561E-05 9.98561E-05 0.0331542 9.98561E-05 9.98561E-05 9.98561E-05 9.98561E-05 9.98561E-05 9.98561E-05
0.971942 9.98471E-05 9.98471E-05 9.98471E-05 9.98471E-05 9.98471E-05 9.98471E-05 9.98471E-05 9.98471E-05 9.98471E-05 9.98471E-05 9.98471E-05 9.98471E-05 9.98471E-05 0.0263601 9.98471E-05 9.98471E-05 9.98471E-05 9.98471E-05
9.98742E-05 9.98742E-05 9.98742E-05 0.0465903 9.98742E-05 0.0697603 0.0260361 9.98742E-05 0.000293709 9.98742E-05 0.855921 9.98742E-05 9.98742E-05 9.98742E-05 9.98742E-05 9.98742E-05 9.98742E-05 9.98742E-05 9.98742E-05
0.000907116 9.98741E-05 0.0300371 9.98741E-05 9.98741E-05 9.98741E-05 0.949368 9.98741E-05 0.00814065 9.98741E-05 0.0101493 9.98741E-05 9.98741E-05 9.98741E-05 9.98741E-05 9.98741E-05 9.98741E-05 9.98741E-05 9.98741E-05
0.00659068 9.9865E-05 9.9865E-05 0.0165981 9.9865E-05 9.9865E-05 0.968786 9.9865E-05 0.00652688 9.9865E-05 9.9865E-05 9.9865E-05 9.9865E-05 9.9865E-05 9.9865E-05 9.9865E-05 9.9865E-05 9.9865E-05 9.9865E-05
9.98563E-05 9.98563E-05 9.98563E-05 9.98563E-05 9.98563E-05 9.98563E-05 9.98563E-05 9.98563E-05 0.996126 0.00194154 9.98563E-05 0.00033445 9.98563E-05 9.98563E-05 9.98563E-05 9.98563E-05 9.98563E-05 9.98563E-05 9.98563E-05
9.98384E-05 9.98384E-05 9.98384E-05 9.98384E-05 9.98384E-05 9.98384E-05 9.98384E-05 9.98384E-05 0.998203 9.98384E-05 9.98384E-05 9.98384E-05 9.98384E-05 9.98384E-05 9.98384E-05 9.98384E-05 9.98384E-05 9.98384E-05 9.98384E-05
0.00352996 0.0296146 0.0472457 9.99098E-05 9.99098E-05 0.00224789 0.0466569 0.68935 9.99098E-05 9.99098E-05 9.99098E-05 9.99098E-05 9.99098E-05 0.148521 0.0231664 0.00866912 9.99098E-05 9.99098E-05 9.99098E-05
9.99009E-05 0.0289847 0.0496173 9.99009E-05 9.99009E-05 0.00311587 0.0320571 0.705199 9.99009E-05 9.99009E-05 9.99009E-05 9.99009E-05 9.99009E-05 0.120324 0.0555174 0.00408554 9.99009E-05 9.99009E-05 9.99009E-05
9.98654E-05 9.98654E-05 9.98654E-05 9.98654E-05 9.98654E-05 9.98654E-05 0.00537818 9.98654E-05 0.980164 9.98654E-05 9.98654E-05 9.98654E-05 9.98654E-05 9.98654E-05 9.98654E-05 9.98654E-05 0.00706527 9.98654E-05 0.00589434
9.98563E-05 9.98563E-05 9.98563E-05 9.98563E-05 9.98563E-05 9.98563E-05 9.98563E-05 9.98563E-05 0.981903 9.98563E-05 9.98563E-05 9.98563E-05 9.98563E-05 0.01201 9.98563E-05 0.00448943 9.98563E-05 9.98563E-05 9.98563E-05
9.9865E-05 9.9865E-05 9.9865E-05 9.9865E-05 9.9865E-05 9.9865E-05 0.00449149 9.9865E-05 9.9865E-05 0.893769 9.9865E-05 9.9865E-05 9.9865E-05 9.9865E-05 0.00332857 0.096913 9.9865E-05 9.9865E-05 9.9865E-05
9.9883E-05 0.0081547 9.9883E-05 9.9883E-05 0.00595439 9.9883E-05 0.0401913 9.9883E-05 9.9883E-05 9.9883E-05 9.9883E-05 9.9883E-05 9.9883E-05 0.658259 0.139186 9.9883E-05 9.9883E-05 0.146956 9.9883E-05
9.98561E-05 9.98561E-05 0.920939 0.026362 9.98561E-05 9.98561E-05 9.98561E-05 9.98561E-05 9.98561E-05 9.98561E-05 9.98561E-05 9.98561E-05 9.98561E-05 9.98561E-05 9.98561E-05 9.98561E-05 9.98561E-05 0.0511012 9.98561E-05
9.98831E-05 9.98831E-05 9.98831E-05 9.98831E-05 9.98831E-05 9.98831E-05 9.98831E-05 9.98831E-05 0.0129174 0.062691 0.0477695 9.98831E-05 9.98831E-05 9.98831E-05 0.216122 9.98831E-05 0.132963 9.98831E-05 0.526238
9.98745E-05 9.98745E-05 9.98745E-05 9.98745E-05 0.0607357 9.98745E-05 9.98745E-05 9.98745E-05 0.135563 0.216665 9.98745E-05 9.98745E-05 9.98745E-05 9.98745E-05 0.17529 9.98745E-05 0.410347 9.98745E-05 9.98745E-05
9.98381E-05 9.98381E-05 9.98381E-05 9.98381E-05 9.98381E-05 9.98381E-05 9.98381E-05 9.98381E-05 9.98381E-05 9.98381E-05 9.98381E-05 9.98381E-05 0.998203 9.98381E-05 9.98381E-05 9.98381E-05 9.98381E-05 9.98381E-05 9.98381E-05
