0.0412945 0.935495 0.0232106
0.37487 0.337722 0.287408
0.0469924 0.0910381 0.861969
9.999E-05 9.999E-05 0.9998
0.344572 0.241582 0.413846
9.999E-05 0.00315653 0.996743
0.54727 0.45263 9.99911E-05
0.529653 0.0526371 0.41771
0.577996 0.421904 9.9991E-05
0.224105 0.775795 9.9991E-05
0.190169 0.809731 9.9991E-05
9.9991E-05 0.867945 0.131955
9.9991E-05 0.895037 0.104863
9.9991E-05 0.0249209 0.974979
9.9991E-05 0.0169199 0.98298
0.148134 0.851766 9.9991E-05
9.9991E-05 0.932843 0.0670575
0.086797 0.913103 9.99911E-05
9.999E-05 0.9998 9.999E-05
0.0740301 0.92587 9.9991E-05
9.999E-05 0.9998 9.999E-05
0.0495119 0.950388 9.9991E-05
0.0550685 0.898065 0.0468667
9.999E-05 0.9998 9.999E-05
9.999E-05 9.999E-05 0.9998
9.999E-05 9.999E-05 0.9998
0.0111789 0.988721 9.9991E-05
0.0941323 9.9991E-05 0.905768
0.101011 9.9991E-05 0.898889
0.307965 9.9991E-05 0.691935
0.273995 9.9991E-05 0.725905
0.645192 0.243798 0.111009
9.999E-05 9.999E-05 0.9998
0.90696 9.9991E-05 0.0929405
9.9991E-05 0.866694 0.133206
9.9991E-05 0.0234536 0.976446
9.9991E-05 0.878262 0.121638
0.268594 0.723427 0.00797894
9.9991E-05 0.794471 0.205429
0.0264066 0.811467 0.162126
0.0815427 0.813917 0.10454
0.079923 0.919977 9.99909E-05
0.18889 0.81101 9.9991E-05
0.109362 0.890538 9.99909E-05
0.0899605 0.90994 9.9991E-05
0.151894 0.797391 0.0507147
0.0753438 0.7675 0.157157
0.0600156 0.939884 9.99911E-05
0.9998 9.999E-05 9.999E-05
0.9998 9.999E-05 9.999E-05
0.9998 9.999E-05 9.999E-05
0.9998 9.999E-05 9.999E-05
0.9998 9.999E-05 9.999E-05
0.697067 0.0796077 0.223325
0.9998 9.999E-05 9.999E-05
0.0566708 0.943229 9.9991E-05
0.601799 0.256266 0.141935
9.999E-05 9.999E-05 0.9998
0.00123765 0.951001 0.0477612
0.106381 0.814025 0.0795936
0.00986406 0.9714 0.0187357
9.9991E-05 0.960221 0.0396792
9.999E-05 0.9998 9.999E-05
0.011568 0.988332 9.99913E-05
9.999E-05 9.999E-05 0.9998
0.167191 0.512702 0.320107
0.0137733 9.9991E-05 0.986127
0.0141529 0.047165 0.938682
0.0991319 9.9991E-05 0.900768
0.0599158 9.9991E-05 0.939984
0.0509013 0.0375221 0.911577
9.999E-05 9.999E-05 0.9998
0.516651 9.99911E-05 0.483249
0.4297 0.0380972 0.532203
0.00346156 0.0226861 0.973852
0.239842 0.726948 0.0332098
0.263239 0.726796 0.00996455
9.9991E-05 0.847615 0.152285
9.9991E-05 0.836425 0.163475
0.177298 0.822602 9.99909E-05
0.164246 0.835654 9.99909E-05
9.9991E-05 0.826319 0.173581
9.9991E-05 0.81706 0.18284
0.100792 0.899108 9.9991E-05
0.118532 0.881368 9.9991E-05
0.702389 0.238635 0.058975
9.9991E-05 0.877375 0.122525
9.9991E-05 0.927479 0.0724208
0.406813 9.99911E-05 0.593087
