0.96826 0.03164 9.9991E-05
0.322049 0.38975 0.288202
0.109212 0.154248 0.73654
9.999E-05 9.999E-05 0.9998
0.212579 0.362871 0.424549
9.999E-05 9.999E-05 0.9998
0.458368 0.541532 9.99911E-05
0.0723857 0.528534 0.39908
0.448834 0.551066 9.9991E-05
0.810698 0.189202 9.9991E-05
0.797957 0.201943 9.9991E-05
0.875127 9.9991E-05 0.124773
0.890774 9.9991E-05 0.109126
0.0139065 9.9991E-05 0.985994
0.00958536 9.9991E-05 0.990315
0.862208 0.136738 0.00105375
0.945901 9.9991E-05 0.0539991
0.929478 0.0704216 9.99911E-05
0.9998 9.999E-05 9.999E-05
0.923919 0.0759812 9.9991E-05
0.9998 9.999E-05 9.999E-05
0.94178 0.039341 0.0188791
0.927934 0.0428372 0.0292284
0.9998 9.999E-05 9.999E-05
9.999E-05 9.999E-05 0.9998
9.999E-05 9.999E-05 0.9998
0.991254 0.00864619 9.9991E-05
9.9991E-05 0.0666496 0.93325
9.9991E-05 0.0727237 0.927176
0.0503728 0.240559 0.709069
9.9991E-05 0.293476 0.706424
0.229315 0.677242 0.0934432
9.999E-05 9.999E-05 0.9998
9.9991E-05 0.935466 0.0644345
0.878864 9.9991E-05 0.121036
0.00182768 9.9991E-05 0.998072
0.883183 9.9991E-05 0.116717
0.730197 0.269703 9.9991E-05
0.772527 9.9991E-05 0.227373
0.833953 9.99909E-05 0.165947
0.849795 0.0251397 0.125066
0.9305 0.0693998 9.99909E-05
0.833518 0.166382 9.9991E-05
0.892696 0.107204 9.9991E-05
0.911527 0.0883727 9.9991E-05
0.837484 0.0972371 0.0652785
0.76464 0.109958 0.125401
0.93845 0.0614497 9.99911E-05
9.999E-05 0.9998 9.999E-05
9.999E-05 0.9998 9.999E-05
9.999E-05 0.9998 9.999E-05
9.999E-05 0.9998 9.999E-05
9.999E-05 0.9998 9.999E-05
0.10425 0.702806 0.192944
9.999E-05 0.9998 9.999E-05
0.940083 0.0598172 9.9991E-05
0.264735 0.646973 0.0882918
9.999E-05 9.999E-05 0.9998
0.955439 0.00273202 0.0418286
0.849672 0.0795118 0.0708162
0.965711 0.0108186 0.02347
0.958392 9.9991E-05 0.0415084
0.9998 9.999E-05 9.999E-05
0.9998 9.999E-05 9.999E-05
9.9991E-05 0.00650668 0.993393
0.512351 0.186218 0.301431
9.9991E-05 0.00240735 0.997493
9.9991E-05 0.029115 0.970785
9.9991E-05 0.0521814 0.947719
9.9991E-05 0.0673203 0.93258
0.0272308 0.040508 0.932261
9.999E-05 9.999E-05 0.9998
9.99911E-05 0.509469 0.490431
0.0198284 0.468957 0.511215
0.00237145 0.00158972 0.996039
0.727184 0.204457 0.0683589
0.745591 0.225755 0.0286542
0.85336 9.9991E-05 0.14654
0.853315 9.9991E-05 0.146585
0.813459 0.186441 9.99909E-05
0.842275 0.157625 9.99909E-05
0.86473 9.9991E-05 0.13517
0.857754 9.9991E-05 0.142146
0.923357 0.0765433 9.9991E-05
0.866672 0.119684 0.0136447
0.209489 0.714899 0.075612
0.895088 9.9991E-05 0.104812
0.936847 9.9991E-05 0.0630531
0.0167319 0.299897 0.683371
