9.99099E-05 0.0173475 9.99099E-05 9.99099E-05 9.99099E-05 9.99099E-05 9.99099E-05 0.938617 0.0056339 9.99099E-05 9.99099E-05 0.00159102 9.99099E-05 9.99099E-05 0.0358114
9.98919E-05 9.98919E-05 9.98919E-05 0.122152 9.98919E-05 9.98919E-05 0.225045 9.98919E-05 9.98919E-05 9.98919E-05 9.98919E-05 0.651605 9.98919E-05 9.98919E-05 9.98919E-05
9.9874E-05 9.9874E-05 9.9874E-05 9.9874E-05 9.9874E-05 0.998602 9.9874E-05 9.9874E-05 9.9874E-05 9.9874E-05 9.9874E-05 9.9874E-05 9.9874E-05 9.9874E-05 9.9874E-05
9.991E-05 0.0180835 0.0139642 0.892956 9.991E-05 0.0098039 9.991E-05 9.991E-05 9.991E-05 9.991E-05 9.991E-05 9.991E-05 9.991E-05 0.0641938 9.991E-05
9.99372E-05 9.99372E-05 0.0340783 0.399927 9.99372E-05 9.99372E-05 0.105989 0.00503584 9.99372E-05 9.99372E-05 0.114845 0.177566 0.0733906 9.99372E-05 0.088469
9.98921E-05 9.98921E-05 9.98921E-05 0.986918 0.000874598 9.98921E-05 9.98921E-05 9.98921E-05 9.98921E-05 9.98921E-05 0.0110087 9.98921E-05 9.98921E-05 9.98921E-05 9.98921E-05
9.98741E-05 9.98741E-05 9.98741E-05 9.98741E-05 9.98741E-05 9.98741E-05 9.98741E-05 9.98741E-05 9.98741E-05 9.98741E-05 0.998602 9.98741E-05 9.98741E-05 9.98741E-05 9.98741E-05
9.99369E-05 0.00812108 0.0928566 0.130372 9.99369E-05 0.00939557 9.99369E-05 9.99369E-05 9.99369E-05 9.99369E-05 9.99369E-05 0.119047 0.533557 0.01734 0.0886108
9.9892E-05 9.9892E-05 0.0224668 9.9892E-05 9.9892E-05 9.9892E-05 9.9892E-05 9.9892E-05 9.9892E-05 9.9892E-05 0.937048 0.039287 9.9892E-05 9.9892E-05 9.9892E-05
9.98831E-05 9.98831E-05 9.98831E-05 9.98831E-05 9.98831E-05 9.98831E-05 9.98831E-05 9.98831E-05 9.98831E-05 9.98831E-05 0.114871 9.98831E-05 9.98831E-05 9.98831E-05 0.88383
9.9883E-05 9.9883E-05 9.9883E-05 9.9883E-05 9.9883E-05 9.9883E-05 9.9883E-05 9.9883E-05 9.9883E-05 9.9883E-05 0.104735 9.9883E-05 9.9883E-05 9.9883E-05 0.893967
9.99011E-05 0.128167 9.99011E-05 9.99011E-05 9.99011E-05 9.99011E-05 9.99011E-05 0.676581 9.99011E-05 0.143416 9.99011E-05 9.99011E-05 9.99011E-05 0.0507374 9.99011E-05
9.99012E-05 9.99012E-05 9.99012E-05 9.99012E-05 9.99012E-05 9.99012E-05 9.99012E-05 9.99012E-05 9.99012E-05 0.969548 0.00243823 9.99012E-05 0.0237364 0.00317846 9.99012E-05
0.0168235 9.9901E-05 9.9901E-05 0.969679 9.9901E-05 9.9901E-05 9.9901E-05 9.9901E-05 9.9901E-05 0.00658095 9.9901E-05 0.0058175 9.9901E-05 9.9901E-05 9.9901E-05
0.00420243 9.99011E-05 9.99011E-05 0.967265 9.99011E-05 9.99011E-05 0.0081892 0.0192444 9.99011E-05 9.99011E-05 9.99011E-05 9.99011E-05 9.99011E-05 9.99011E-05 9.99011E-05
9.9892E-05 9.9892E-05 9.9892E-05 9.9892E-05 9.9892E-05 9.9892E-05 9.9892E-05 9.9892E-05 0.767461 0.167046 9.9892E-05 9.9892E-05 9.9892E-05 9.9892E-05 0.0642948
0.0677095 0.23602 9.99101E-05 9.99101E-05 9.99101E-05 9.99101E-05 0.363626 9.99101E-05 9.99101E-05 0.170224 9.99101E-05 9.99101E-05 9.99101E-05 9.99101E-05 0.161421
0.715704 9.99188E-05 0.0260974 9.99188E-05 9.99188E-05 0.00144318 0.143709 9.99188E-05 9.99188E-05 9.99188E-05 9.99188E-05 0.068711 9.99188E-05 9.99188E-05 0.0434363
0.845246 0.0446532 9.99011E-05 9.99011E-05 0.0839361 9.99011E-05 9.99011E-05 9.99011E-05 9.99011E-05 0.0250658 9.99011E-05 9.99011E-05 9.99011E-05 9.99011E-05 9.99011E-05
9.991E-05 0.037369 9.991E-05 9.991E-05 9.991E-05 9.991E-05 0.00561048 0.074342 0.38428 9.991E-05 9.991E-05 9.991E-05 9.991E-05 9.991E-05 0.497399
0.932999 9.98831E-05 9.98831E-05 9.98831E-05 0.0657027 9.98831E-05 9.98831E-05 9.98831E-05 9.98831E-05 9.98831E-05 9.98831E-05 9.98831E-05 9.98831E-05 9.98831E-05 9.98831E-05
9.98901E-05 9.98901E-05 9.98901E-05 9.98901E-05 9.98901E-05 9.98901E-05 0.277859 0.42565 0.189955 0.105438 9.98901E-05 9.98901E-05 9.98901E-05 9.98901E-05 9.98901E-05
0.457015 0.230791 9.991E-05 0.0107672 9.991E-05 9.991E-05 9.991E-05 9.991E-05 9.991E-05 9.991E-05 9.991E-05 9.991E-05 9.991E-05 0.0111898 0.289238
0.925287 9.9892E-05 9.9892E-05 9.9892E-05 0.0118655 9.9892E-05 9.9892E-05 9.9892E-05 9.9892E-05 9.9892E-05 9.9892E-05 9.9892E-05 9.9892E-05 9.9892E-05 0.0616486
9.98922E-05 9.98922E-05 9.98922E-05 0.31403 9.98922E-05 0.0310196 9.98922E-05 9.98922E-05 9.98922E-05 9.98922E-05 9.98922E-05 9.98922E-05 9.98922E-05 0.653751 9.98922E-05
9.98832E-05 9.98832E-05 9.98832E-05 0.797201 9.98832E-05 9.98832E-05 9.98832E-05 9.98832E-05 9.98832E-05 9.98832E-05 9.98832E-05 9.98832E-05 9.98832E-05 0.2015 9.98832E-05
9.99098E-05 0.0215339 9.99098E-05 9.99098E-05 9.99098E-05 9.99098E-05 9.99098E-05 0.0472307 0.0178469 0.794747 9.99098E-05 9.99098E-05 9.99098E-05 9.99098E-05 0.117642
9.98741E-05 9.98741E-05 9.98741E-05 9.98741E-05 9.98741E-05 9.98741E-05 9.98741E-05 9.98741E-05 9.98741E-05 9.98741E-05 9.98741E-05 9.98741E-05 9.98741E-05 0.998602 9.98741E-05
9.98831E-05 9.98831E-05 0.0230131 9.98831E-05 9.98831E-05 9.98831E-05 9.98831E-05 9.98831E-05 9.98831E-05 9.98831E-05 9.98831E-05 9.98831E-05 9.98831E-05 0.975688 9.98831E-05
9.99461E-05 0.0406816 0.190556 0.356815 0.0218651 0.0320279 9.99461E-05 9.99461E-05 9.99461E-05 0.000366825 9.99461E-05 0.0106886 0.137887 0.208513 9.99461E-05
9.9928E-05 0.0209899 0.112013 0.363906 9.9928E-05 9.9928E-05 9.9928E-05 9.9928E-05 9.9928E-05 9.9928E-05 9.9928E-05 0.00857502 0.420048 0.0609132 0.0127548
9.98743E-05 9.98743E-05 9.98743E-05 9.98743E-05 9.98743E-05 9.98743E-05 9.98743E-05 9.98743E-05 9.98743E-05 9.98743E-05 9.98743E-05 0.998602 9.98743E-05 9.98743E-05 9.98743E-05
9.98922E-05 9.98922E-05 9.98922E-05 0.56635 9.98922E-05 9.98922E-05 9.98922E-05 9.98922E-05 9.98922E-05 9.98922E-05 9.98922E-05 9.98922E-05 0.0724987 0.359953 9.98922E-05
9.99102E-05 0.0111312 0.715556 9.99102E-05 9.99102E-05 0.0216836 9.99102E-05 0.00116201 9.99102E-05 9.99102E-05 9.99102E-05 9.99102E-05 0.249468 9.99102E-05 9.99102E-05
9.99007E-05 0.1737 9.99007E-05 9.99007E-05 9.99007E-05 9.99007E-05 0.181455 9.99007E-05 9.99007E-05 0.563632 9.99007E-05 9.99007E-05 0.0801131 9.99007E-05 9.99007E-05
9.99009E-05 9.99009E-05 9.99009E-05 0.426999 9.99009E-05 9.99009E-05 0.0145487 9.99009E-05 9.99009E-05 9.99009E-05 9.99009E-05 9.99009E-05 0.0155531 0.541801 9.99009E-05
9.9892E-05 9.9892E-05 9.9892E-05 9.9892E-05 9.9892E-05 0.0444222 9.9892E-05 0.929993 9.9892E-05 9.9892E-05 9.9892E-05 9.9892E-05 0.0243856 9.9892E-05 9.9892E-05
9.99279E-05 9.99279E-05 9.99279E-05 9.99279E-05 0.0206142 0.0170134 0.136755 0.0419947 9.99279E-05 9.99279E-05 9.99279E-05 0.193897 0.0489939 9.99279E-05 0.539932
0.0302868 0.25429 9.99102E-05 9.99102E-05 9.99102E-05 9.99102E-05 0.511304 9.99102E-05 9.99102E-05 0.084667 9.99102E-05 9.99102E-05 0.118453 9.99102E-05 9.99102E-05
9.98828E-05 9.98828E-05 9.98828E-05 0.00163796 9.98828E-05 9.98828E-05 0.997064 9.98828E-05 9.98828E-05 9.98828E-05 9.98828E-05 9.98828E-05 9.98828E-05 9.98828E-05 9.98828E-05
9.98828E-05 9.98828E-05 9.98828E-05 9.98828E-05 9.98828E-05 9.98828E-05 0.943706 0.0549954 9.98828E-05 9.98828E-05 9.98828E-05 9.98828E-05 9.98828E-05 9.98828E-05 9.98828E-05
9.99099E-05 9.99099E-05 9.99099E-05 9.99099E-05 9.99099E-05 9.99099E-05 0.0492797 0.0468666 0.00387991 0.00688873 9.99099E-05 9.99099E-05 9.99099E-05 9.99099E-05 0.892086
9.9919E-05 9.9919E-05 9.9919E-05 9.9919E-05 0.0188479 9.9919E-05 0.0427085 0.0387035 0.843749 0.0123987 0.0426931 9.9919E-05 9.9919E-05 9.9919E-05 9.9919E-05
9.99099E-05 9.99099E-05 9.99099E-05 9.99099E-05 9.99099E-05 9.99099E-05 9.99099E-05 0.0358875 0.029961 0.0165647 9.99099E-05 9.99099E-05 9.99099E-05 0.00973252 0.906855
0.0898469 0.103535 9.9928E-05 9.9928E-05 9.9928E-05 9.9928E-05 0.160981 0.00473539 9.9928E-05 0.122092 9.9928E-05 0.0403572 9.9928E-05 9.9928E-05 0.477653
9.99549E-05 0.031159 9.99549E-05 0.0539838 0.110856 0.0187007 0.112916 0.0969066 0.156331 0.00300608 9.99549E-05 9.99549E-05 0.0175709 9.99549E-05 0.39807
9.9937E-05 0.0632284 0.0316798 0.0823277 9.9937E-05 0.0618264 0.0813967 0.182226 9.9937E-05 0.180799 9.9937E-05 9.9937E-05 9.9937E-05 9.9937E-05 0.315816
0.0170901 9.98838E-05 9.98838E-05 9.98838E-05 9.98838E-05 9.98838E-05 9.98838E-05 0.981611 9.98838E-05 9.98838E-05 9.98838E-05 9.98838E-05 9.98838E-05 9.98838E-05 9.98838E-05
9.98741E-05 9.98741E-05 0.998602 9.98741E-05 9.98741E-05 9.98741E-05 9.98741E-05 9.98741E-05 9.98741E-05 9.98741E-05 9.98741E-05 9.98741E-05 9.98741E-05 9.98741E-05 9.98741E-05
9.98831E-05 9.98831E-05 0.997944 9.98831E-05 9.98831E-05 9.98831E-05 0.000757203 9.98831E-05 9.98831E-05 9.98831E-05 9.98831E-05 9.98831E-05 9.98831E-05 9.98831E-05 9.98831E-05
9.98832E-05 9.98832E-05 0.98566 9.98832E-05 9.98832E-05 9.98832E-05 9.98832E-05 9.98832E-05 9.98832E-05 9.98832E-05 0.0130414 9.98832E-05 9.98832E-05 9.98832E-05 9.98832E-05
9.98742E-05 9.98742E-05 0.998602 9.98742E-05 9.98742E-05 9.98742E-05 9.98742E-05 9.98742E-05 9.98742E-05 9.98742E-05 9.98742E-05 9.98742E-05 9.98742E-05 9.98742E-05 9.98742E-05
9.98832E-05 9.98832E-05 0.992612 0.00608983 9.98832E-05 9.98832E-05 9.98832E-05 9.98832E-05 9.98832E-05 9.98832E-05 9.98832E-05 9.98832E-05 9.98832E-05 9.98832E-05 9.98832E-05
0.0441333 9.99192E-05 0.429164 9.99192E-05 9.99192E-05 9.99192E-05 9.99192E-05 9.99192E-05 0.0910186 9.99192E-05 0.0507222 9.99192E-05 0.172099 0.211963 9.99192E-05
9.98921E-05 9.98921E-05 0.922234 9.98921E-05 9.98921E-05 9.98921E-05 9.98921E-05 9.98921E-05 0.00373549 9.98921E-05 9.98921E-05 0.0728321 9.98921E-05 9.98921E-05 9.98921E-05
9.98919E-05 9.98919E-05 9.98919E-05 9.98919E-05 9.98919E-05 9.98919E-05 9.98919E-05 0.803344 0.186582 0.00887498 9.98919E-05 9.98919E-05 9.98919E-05 9.98919E-05 9.98919E-05
9.99099E-05 9.99099E-05 0.00445667 9.99099E-05 9.99099E-05 0.0101406 9.99099E-05 9.99099E-05 9.99099E-05 9.99099E-05 0.0411454 0.896838 9.99099E-05 0.0464202 9.99099E-05
9.98918E-05 9.98918E-05 9.98918E-05 0.567442 9.98918E-05 9.98918E-05 0.0319119 9.98918E-05 9.98918E-05 9.98918E-05 9.98918E-05 9.98918E-05 9.98918E-05 0.399447 9.98918E-05
9.98921E-05 9.98921E-05 9.98921E-05 9.98921E-05 9.98921E-05 9.98921E-05 0.10149 9.98921E-05 0.0692866 0.828025 9.98921E-05 9.98921E-05 9.98921E-05 9.98921E-05 9.98921E-05
9.98923E-05 9.98923E-05 9.98923E-05 9.98923E-05 9.98923E-05 9.98923E-05 9.98923E-05 0.0103333 0.913101 0.075367 9.98923E-05 9.98923E-05 9.98923E-05 9.98923E-05 9.98923E-05
9.99013E-05 9.99013E-05 9.99013E-05 9.99013E-05 9.99013E-05 0.0164888 9.99013E-05 9.99013E-05 9.99013E-05 0.910193 0.0720382 9.99013E-05 0.000180871 9.99013E-05 9.99013E-05
9.99009E-05 9.99009E-05 9.99009E-05 9.99009E-05 9.99009E-05 9.99009E-05 9.99009E-05 9.99009E-05 0.0342488 0.899367 0.00432066 9.99009E-05 9.99009E-05 9.99009E-05 0.0609641
9.98918E-05 0.0473901 9.98918E-05 9.98918E-05 9.98918E-05 9.98918E-05 9.98918E-05 9.98918E-05 9.98918E-05 0.842077 9.98918E-05 9.98918E-05 9.98918E-05 9.98918E-05 0.109334
9.98741E-05 9.98741E-05 9.98741E-05 9.98741E-05 0.998602 9.98741E-05 9.98741E-05 9.98741E-05 9.98741E-05 9.98741E-05 9.98741E-05 9.98741E-05 9.98741E-05 9.98741E-05 9.98741E-05
9.98924E-05 9.98924E-05 9.98924E-05 0.309558 9.98924E-05 0.0405799 9.98924E-05 9.98924E-05 9.98924E-05 9.98924E-05 9.98924E-05 9.98924E-05 9.98924E-05 0.648663 9.98924E-05
0.0680717 9.99462E-05 0.0679588 0.193149 9.99462E-05 0.109795 0.0843308 0.0418156 0.1349 9.99462E-05 0.00653851 9.99462E-05 9.99462E-05 9.99462E-05 0.292841
9.99101E-05 9.99101E-05 9.99101E-05 0.749911 9.99101E-05 0.118378 9.99101E-05 9.99101E-05 0.0103111 9.99101E-05 9.99101E-05 9.99101E-05 0.0696081 0.0507923 9.99101E-05
9.9919E-05 9.9919E-05 0.0147057 0.724557 9.9919E-05 9.9919E-05 0.0299132 0.00734127 9.9919E-05 9.9919E-05 0.0120297 9.9919E-05 9.9919E-05 0.210554 9.9919E-05
9.98831E-05 9.98831E-05 9.98831E-05 9.98831E-05 9.98831E-05 9.98831E-05 9.98831E-05 9.98831E-05 0.0121846 9.98831E-05 9.98831E-05 9.98831E-05 9.98831E-05 0.986517 9.98831E-05
9.98742E-05 9.98742E-05 9.98742E-05 9.98742E-05 9.98742E-05 9.98742E-05 9.98742E-05 9.98742E-05 9.98742E-05 9.98742E-05 9.98742E-05 9.98742E-05 9.98742E-05 0.998602 9.98742E-05
9.99372E-05 0.0105004 9.99372E-05 0.822925 9.99372E-05 9.99372E-05 9.99372E-05 0.00881121 9.99372E-05 9.99372E-05 0.0312809 0.0148995 0.0687387 0.040771 0.00137426
9.9892E-05 9.9892E-05 9.9892E-05 0.5481 9.9892E-05 9.9892E-05 0.0207434 9.9892E-05 9.9892E-05 9.9892E-05 9.9892E-05 9.9892E-05 9.9892E-05 0.429957 9.9892E-05
9.98739E-05 9.98739E-05 9.98739E-05 9.98739E-05 9.98739E-05 9.98739E-05 9.98739E-05 9.98739E-05 9.98739E-05 9.98739E-05 9.98739E-05 9.98739E-05 0.998602 9.98739E-05 9.98739E-05
9.9892E-05 9.9892E-05 9.9892E-05 9.9892E-05 9.9892E-05 9.9892E-05 9.9892E-05 9.9892E-05 9.9892E-05 0.01988 0.00447978 9.9892E-05 0.974441 9.9892E-05 9.9892E-05
0.00739317 9.99191E-05 0.029383 0.863089 9.99191E-05 0.00792384 9.99191E-05 9.99191E-05 0.00264128 9.99191E-05 9.99191E-05 9.99191E-05 9.99191E-05 0.0886704 9.99191E-05
9.9928E-05 0.0167353 0.00974055 0.0118333 9.9928E-05 9.9928E-05 0.000852434 9.9928E-05 0.958973 9.9928E-05 9.9928E-05 0.000431163 0.000635304 9.9928E-05 9.9928E-05
9.98829E-05 9.98829E-05 0.00961192 9.98829E-05 9.98829E-05 9.98829E-05 9.98829E-05 9.98829E-05 0.98909 9.98829E-05 9.98829E-05 9.98829E-05 9.98829E-05 9.98829E-05 9.98829E-05
9.9874E-05 0.998602 9.9874E-05 9.9874E-05 9.9874E-05 9.9874E-05 9.9874E-05 9.9874E-05 9.9874E-05 9.9874E-05 9.9874E-05 9.9874E-05 9.9874E-05 9.9874E-05 9.9874E-05
9.98741E-05 0.998602 9.98741E-05 9.98741E-05 9.98741E-05 9.98741E-05 9.98741E-05 9.98741E-05 9.98741E-05 9.98741E-05 9.98741E-05 9.98741E-05 9.98741E-05 9.98741E-05 9.98741E-05
9.99098E-05 9.99098E-05 9.99098E-05 9.99098E-05 9.99098E-05 9.99098E-05 0.0720282 9.99098E-05 0.102355 9.99098E-05 9.99098E-05 0.085866 9.99098E-05 0.0131819 0.72557
9.99369E-05 9.99369E-05 9.99369E-05 9.99369E-05 9.99369E-05 9.99369E-05 0.0684943 0.00625004 0.125831 0.0103161 0.0350987 0.0671372 9.99369E-05 0.00484078 0.681332
9.98921E-05 0.97815 9.98921E-05 9.98921E-05 9.98921E-05 9.98921E-05 9.98921E-05 9.98921E-05 0.0127023 9.98921E-05 9.98921E-05 9.98921E-05 0.00794893 9.98921E-05 9.98921E-05
9.9874E-05 0.998602 9.9874E-05 9.9874E-05 9.9874E-05 9.9874E-05 9.9874E-05 9.9874E-05 9.9874E-05 9.9874E-05 9.9874E-05 9.9874E-05 9.9874E-05 9.9874E-05 9.9874E-05
9.98919E-05 9.98919E-05 0.0303418 9.98919E-05 9.98919E-05 9.98919E-05 9.98919E-05 0.951737 9.98919E-05 9.98919E-05 0.0167227 9.98919E-05 9.98919E-05 9.98919E-05 9.98919E-05
0.0124357 9.99188E-05 9.99188E-05 9.99188E-05 0.00469707 9.99188E-05 0.626663 9.99188E-05 0.0636139 0.12745 0.164241 9.99188E-05 9.99188E-05 9.99188E-05 9.99188E-05
9.98919E-05 9.98919E-05 0.0477991 9.98919E-05 9.98919E-05 9.98919E-05 9.98919E-05 9.98919E-05 9.98919E-05 9.98919E-05 0.0623911 0.888611 9.98919E-05 9.98919E-05 9.98919E-05
0.102997 0.169647 9.99103E-05 0.0894959 9.99103E-05 9.99103E-05 9.99103E-05 9.99103E-05 9.99103E-05 0.342411 9.99103E-05 9.99103E-05 9.99103E-05 9.99103E-05 0.29445
0.0939502 0.237936 9.99193E-05 0.00546796 9.99193E-05 9.99193E-05 0.184536 0.115634 9.99193E-05 0.361576 9.99193E-05 9.99193E-05 9.99193E-05 9.99193E-05 9.99193E-05
0.0209399 0.0310477 0.0915152 0.111516 9.99461E-05 9.99461E-05 9.99461E-05 9.99461E-05 9.99461E-05 9.99461E-05 0.0177133 0.0297305 0.391496 0.296516 0.00892633
