0.00336246 9.98918E-05 9.98918E-05 9.98918E-05 0.100281 9.98918E-05 0.895157 9.98918E-05 9.98918E-05 9.98918E-05 9.98918E-05 9.98918E-05 9.98918E-05 9.98918E-05 9.98918E-05
9.9901E-05 0.00987498 0.112529 9.9901E-05 9.9901E-05 9.9901E-05 9.9901E-05 9.9901E-05 0.637329 9.9901E-05 9.9901E-05 9.9901E-05 9.9901E-05 9.9901E-05 0.239168
9.99108E-05 0.225146 0.639311 0.0324026 9.99108E-05 9.99108E-05 9.99108E-05 9.99108E-05 0.0304436 9.99108E-05 9.99108E-05 9.99108E-05 9.99108E-05 0.0716983 9.99108E-05
9.991E-05 9.991E-05 0.887888 9.991E-05 0.00846822 9.991E-05 9.991E-05 0.0437365 9.991E-05 0.0362477 0.0226605 9.991E-05 9.991E-05 9.991E-05 9.991E-05
9.99461E-05 0.0073906 0.222919 9.99461E-05 0.0657793 0.144965 0.0286458 0.0343704 0.122897 0.259831 9.99461E-05 9.99461E-05 9.99461E-05 9.99461E-05 0.112602
0.00315547 0.0231279 0.948589 9.99011E-05 9.99011E-05 9.99011E-05 9.99011E-05 9.99011E-05 9.99011E-05 9.99011E-05 9.99011E-05 9.99011E-05 9.99011E-05 9.99011E-05 0.0240292
9.98741E-05 9.98741E-05 9.98741E-05 9.98741E-05 9.98741E-05 0.998602 9.98741E-05 9.98741E-05 9.98741E-05 9.98741E-05 9.98741E-05 9.98741E-05 9.98741E-05 9.98741E-05 9.98741E-05
9.99279E-05 0.381295 0.0151674 9.99279E-05 0.104075 9.99279E-05 9.99279E-05 0.0638688 0.134538 0.296664 0.00359192 9.99279E-05 9.99279E-05 9.99279E-05 9.99279E-05
9.9883E-05 9.9883E-05 9.9883E-05 9.9883E-05 9.9883E-05 0.922541 9.9883E-05 9.9883E-05 0.0761604 9.9883E-05 9.9883E-05 9.9883E-05 9.9883E-05 9.9883E-05 9.9883E-05
9.9883E-05 9.9883E-05 9.9883E-05 9.9883E-05 0.852056 0.146645 9.9883E-05 9.9883E-05 9.9883E-05 9.9883E-05 9.9883E-05 9.9883E-05 9.9883E-05 9.9883E-05 9.9883E-05
9.98831E-05 9.98831E-05 9.98831E-05 9.98831E-05 0.879119 0.119583 9.98831E-05 9.98831E-05 9.98831E-05 9.98831E-05 9.98831E-05 9.98831E-05 9.98831E-05 9.98831E-05 9.98831E-05
9.9901E-05 9.9901E-05 0.0167751 9.9901E-05 9.9901E-05 9.9901E-05 0.671977 9.9901E-05 9.9901E-05 9.9901E-05 0.131693 9.9901E-05 9.9901E-05 0.178457 9.9901E-05
9.98923E-05 9.98923E-05 9.98923E-05 9.98923E-05 9.98923E-05 0.0103193 9.98923E-05 9.98923E-05 9.98923E-05 0.00760927 9.98923E-05 9.98923E-05 9.98923E-05 0.980873 9.98923E-05
0.00540327 9.99281E-05 0.930628 0.0362288 9.99281E-05 9.99281E-05 0.00570878 9.99281E-05 9.99281E-05 0.00782737 0.000928548 9.99281E-05 9.99281E-05 9.99281E-05 0.0124761
9.99011E-05 9.99011E-05 0.893368 0.00889951 9.99011E-05 9.99011E-05 0.00894738 9.99011E-05 9.99011E-05 9.99011E-05 9.99011E-05 9.99011E-05 9.99011E-05 9.99011E-05 0.0876863
9.9892E-05 9.9892E-05 9.9892E-05 9.9892E-05 0.0917701 9.9892E-05 9.9892E-05 9.9892E-05 9.9892E-05 9.9892E-05 9.9892E-05 0.745481 9.9892E-05 0.16155 9.9892E-05
0.914517 9.98828E-05 9.98828E-05 9.98828E-05 0.0841849 9.98828E-05 9.98828E-05 9.98828E-05 9.98828E-05 9.98828E-05 9.98828E-05 9.98828E-05 9.98828E-05 9.98828E-05 9.98828E-05
9.99369E-05 9.99369E-05 9.99369E-05 0.763235 0.0175965 0.00468599 9.99369E-05 0.0182575 0.00478026 9.99369E-05 0.0237087 0.00122115 9.99369E-05 9.99369E-05 0.165815
9.98832E-05 9.98832E-05 9.98832E-05 9.98832E-05 9.98832E-05 9.98832E-05 9.98832E-05 9.98832E-05 9.98832E-05 9.98832E-05 9.98832E-05 9.98832E-05 0.998298 0.000403814 9.98832E-05
0.0854459 9.99099E-05 9.99099E-05 9.99099E-05 0.502702 9.99099E-05 0.0721793 9.99099E-05 9.99099E-05 9.99099E-05 0.0122964 0.326377 9.99099E-05 9.99099E-05 9.99099E-05
9.9883E-05 9.9883E-05 9.9883E-05 0.901725 9.9883E-05 9.9883E-05 9.9883E-05 9.9883E-05 9.9883E-05 9.9883E-05 9.9883E-05 9.9883E-05 0.0969762 9.9883E-05 9.9883E-05
0.00707359 9.9919E-05 9.9919E-05 9.9919E-05 0.040379 9.9919E-05 0.363728 9.9919E-05 9.9919E-05 9.9919E-05 9.9919E-05 0.217412 9.9919E-05 0.0676305 0.302878
0.257427 9.99101E-05 9.99101E-05 9.99101E-05 0.222757 9.99101E-05 9.99101E-05 0.0215765 9.99101E-05 9.99101E-05 0.0801374 9.99101E-05 0.417103 9.99101E-05 9.99101E-05
9.98829E-05 9.98829E-05 9.98829E-05 9.98829E-05 0.00987716 9.98829E-05 9.98829E-05 9.98829E-05 9.98829E-05 9.98829E-05 9.98829E-05 9.98829E-05 0.988824 9.98829E-05 9.98829E-05
9.98924E-05 0.0170776 0.96319 9.98924E-05 9.98924E-05 9.98924E-05 9.98924E-05 0.0185335 9.98924E-05 9.98924E-05 9.98924E-05 9.98924E-05 9.98924E-05 9.98924E-05 9.98924E-05
9.98743E-05 9.98743E-05 0.998602 9.98743E-05 9.98743E-05 9.98743E-05 9.98743E-05 9.98743E-05 9.98743E-05 9.98743E-05 9.98743E-05 9.98743E-05 9.98743E-05 9.98743E-05 9.98743E-05
0.0360147 9.99098E-05 9.99098E-05 9.99098E-05 0.0820751 9.99098E-05 0.0569956 9.99098E-05 9.99098E-05 9.99098E-05 0.0520514 9.99098E-05 9.99098E-05 0.771864 9.99098E-05
9.9901E-05 9.9901E-05 0.929159 9.9901E-05 9.9901E-05 0.00893801 9.9901E-05 0.0474199 9.9901E-05 9.9901E-05 9.9901E-05 9.9901E-05 9.9901E-05 0.0133846 9.9901E-05
9.99011E-05 9.99011E-05 0.903013 9.99011E-05 9.99011E-05 9.99011E-05 9.99011E-05 0.0283632 0.0172898 9.99011E-05 9.99011E-05 9.99011E-05 9.99011E-05 0.0502353 9.99011E-05
9.99192E-05 9.99192E-05 0.368722 0.00938788 9.99192E-05 9.99192E-05 0.0184951 0.0819004 9.99192E-05 0.518242 9.99192E-05 9.99192E-05 9.99192E-05 0.00235299 9.99192E-05
9.98828E-05 9.98828E-05 0.0531308 9.98828E-05 9.98828E-05 9.98828E-05 9.98828E-05 9.98828E-05 9.98828E-05 0.945571 9.98828E-05 9.98828E-05 9.98828E-05 9.98828E-05 9.98828E-05
9.98743E-05 9.98743E-05 9.98743E-05 9.98743E-05 9.98743E-05 9.98743E-05 9.98743E-05 9.98743E-05 0.998602 9.98743E-05 9.98743E-05 9.98743E-05 9.98743E-05 9.98743E-05 9.98743E-05
0.00870217 0.159189 0.794461 9.99101E-05 9.99101E-05 9.99101E-05 9.99101E-05 9.99101E-05 9.99101E-05 0.0283328 9.99101E-05 9.99101E-05 9.99101E-05 9.99101E-05 0.00831653
9.99371E-05 0.190723 9.99371E-05 9.99371E-05 0.00427154 0.0113188 0.0240993 0.653107 0.0200863 0.0883398 0.00735482 9.99371E-05 9.99371E-05 9.99371E-05 9.99371E-05
0.257346 9.99368E-05 9.99368E-05 9.99368E-05 0.0294686 9.99368E-05 0.00323052 0.00484374 9.99368E-05 0.0580699 0.0810764 9.99368E-05 9.99368E-05 0.4933 0.0719657
0.012253 0.0445941 0.922366 9.99189E-05 9.99189E-05 0.00971391 9.99189E-05 9.99189E-05 9.99189E-05 0.0055355 9.99189E-05 9.99189E-05 9.99189E-05 9.99189E-05 0.00463784
9.9892E-05 0.0304062 0.00352267 9.9892E-05 9.9892E-05 9.9892E-05 0.964872 9.9892E-05 9.9892E-05 9.9892E-05 9.9892E-05 9.9892E-05 9.9892E-05 9.9892E-05 9.9892E-05
0.0325222 0.0408166 9.99279E-05 0.0169976 0.582168 9.99279E-05 0.0151373 9.99279E-05 0.200286 9.99279E-05 9.99279E-05 9.99279E-05 9.99279E-05 9.99279E-05 0.111272
0.987207 0.0114941 9.98828E-05 9.98828E-05 9.98828E-05 9.98828E-05 9.98828E-05 9.98828E-05 9.98828E-05 9.98828E-05 9.98828E-05 9.98828E-05 9.98828E-05 9.98828E-05 9.98828E-05
0.00237971 9.9883E-05 9.9883E-05 9.9883E-05 9.9883E-05 9.9883E-05 9.9883E-05 9.9883E-05 9.9883E-05 9.9883E-05 9.9883E-05 9.9883E-05 9.9883E-05 9.9883E-05 0.996322
9.9874E-05 9.9874E-05 9.9874E-05 9.9874E-05 9.9874E-05 9.9874E-05 9.9874E-05 9.9874E-05 9.9874E-05 9.9874E-05 9.9874E-05 9.9874E-05 9.9874E-05 9.9874E-05 0.998602
0.00183378 9.99279E-05 9.99279E-05 9.99279E-05 0.907693 9.99279E-05 0.0314494 9.99279E-05 9.99279E-05 9.99279E-05 9.99279E-05 0.018512 0.0157719 0.00297469 0.0209659
9.99189E-05 9.99189E-05 9.99189E-05 0.0230269 9.99189E-05 0.0726742 0.0356684 9.99189E-05 9.99189E-05 9.99189E-05 9.99189E-05 0.798082 9.99189E-05 0.0363954 0.0332534
9.9918E-05 9.9918E-05 9.9918E-05 9.9918E-05 0.945077 9.9918E-05 0.0217511 9.9918E-05 9.9918E-05 0.00807387 9.9918E-05 0.00392357 9.9918E-05 0.0201754 9.9918E-05
9.99369E-05 9.99369E-05 9.99369E-05 9.99369E-05 0.364711 9.99369E-05 0.0238734 9.99369E-05 0.0642864 9.99369E-05 0.0645828 0.0190796 0.12916 0.176032 0.157576
9.9946E-05 9.9946E-05 0.0258742 0.0310863 0.41486 9.9946E-05 0.111257 9.9946E-05 0.0407301 0.0620341 9.9946E-05 0.10412 9.9946E-05 0.0158339 0.193605
0.189777 9.9946E-05 0.0291729 9.9946E-05 0.204992 0.0498078 0.259975 0.0223361 9.9946E-05 0.105947 0.00321028 9.9946E-05 9.9946E-05 0.134183 9.9946E-05
9.98927E-05 9.98927E-05 9.98927E-05 0.0275084 9.98927E-05 9.98927E-05 0.968664 9.98927E-05 0.00262868 9.98927E-05 9.98927E-05 9.98927E-05 9.98927E-05 9.98927E-05 9.98927E-05
9.98741E-05 9.98741E-05 9.98741E-05 9.98741E-05 9.98741E-05 9.98741E-05 9.98741E-05 0.998602 9.98741E-05 9.98741E-05 9.98741E-05 9.98741E-05 9.98741E-05 9.98741E-05 9.98741E-05
9.98832E-05 9.98832E-05 9.98832E-05 9.98832E-05 9.98832E-05 9.98832E-05 9.98832E-05 0.991441 9.98832E-05 9.98832E-05 9.98832E-05 9.98832E-05 0.00726046 9.98832E-05 9.98832E-05
9.98742E-05 9.98742E-05 9.98742E-05 9.98742E-05 9.98742E-05 9.98742E-05 9.98742E-05 0.998602 9.98742E-05 9.98742E-05 9.98742E-05 9.98742E-05 9.98742E-05 9.98742E-05 9.98742E-05
9.98742E-05 9.98742E-05 9.98742E-05 9.98742E-05 9.98742E-05 9.98742E-05 9.98742E-05 0.998602 9.98742E-05 9.98742E-05 9.98742E-05 9.98742E-05 9.98742E-05 9.98742E-05 9.98742E-05
9.98742E-05 9.98742E-05 9.98742E-05 9.98742E-05 9.98742E-05 9.98742E-05 9.98742E-05 0.998602 9.98742E-05 9.98742E-05 9.98742E-05 9.98742E-05 9.98742E-05 9.98742E-05 9.98742E-05
9.99282E-05 0.0793495 9.99282E-05 9.99282E-05 9.99282E-05 0.0647453 9.99282E-05 0.333048 0.0435043 0.377527 9.99282E-05 0.0880634 0.012964 9.99282E-05 9.99282E-05
9.98921E-05 9.98921E-05 9.98921E-05 9.98921E-05 9.98921E-05 9.98921E-05 9.98921E-05 0.936201 0.0578775 9.98921E-05 9.98921E-05 0.0047228 9.98921E-05 9.98921E-05 9.98921E-05
9.98829E-05 9.98829E-05 9.98829E-05 9.98829E-05 9.98829E-05 9.98829E-05 0.846058 9.98829E-05 9.98829E-05 9.98829E-05 9.98829E-05 0.152643 9.98829E-05 9.98829E-05 9.98829E-05
9.99009E-05 9.99009E-05 9.99009E-05 9.99009E-05 9.99009E-05 0.0437215 9.99009E-05 0.0560769 0.892547 9.99009E-05 9.99009E-05 9.99009E-05 9.99009E-05 0.00655603 9.99009E-05
0.00806536 0.0063775 0.945646 9.99009E-05 9.99009E-05 9.99009E-05 9.99009E-05 9.99009E-05 9.99009E-05 9.99009E-05 9.99009E-05 9.99009E-05 9.99009E-05 9.99009E-05 0.0388127
9.991E-05 9.991E-05 9.991E-05 9.991E-05 9.991E-05 9.991E-05 9.991E-05 0.0043201 9.991E-05 9.991E-05 0.03665 0.0474319 9.991E-05 0.77105 0.139548
9.98924E-05 9.98924E-05 9.98924E-05 9.98924E-05 9.98924E-05 9.98924E-05 0.0556994 9.98924E-05 9.98924E-05 9.98924E-05 9.98924E-05 0.884381 9.98924E-05 0.0587207 9.98924E-05
9.98923E-05 0.048243 9.98923E-05 9.98923E-05 9.98923E-05 0.0172477 9.98923E-05 9.98923E-05 9.98923E-05 9.98923E-05 9.98923E-05 9.98923E-05 9.98923E-05 0.933311 9.98923E-05
9.98829E-05 9.98829E-05 9.98829E-05 9.98829E-05 0.130224 9.98829E-05 9.98829E-05 9.98829E-05 9.98829E-05 9.98829E-05 9.98829E-05 9.98829E-05 9.98829E-05 0.868478 9.98829E-05
9.99008E-05 9.99008E-05 9.99008E-05 9.99008E-05 0.120558 9.99008E-05 9.99008E-05 9.99008E-05 9.99008E-05 9.99008E-05 0.0261653 9.99008E-05 9.99008E-05 0.845376 0.00680142
9.98742E-05 9.98742E-05 9.98742E-05 0.998602 9.98742E-05 9.98742E-05 9.98742E-05 9.98742E-05 9.98742E-05 9.98742E-05 9.98742E-05 9.98742E-05 9.98742E-05 9.98742E-05 9.98742E-05
9.98925E-05 9.98925E-05 0.979373 9.98925E-05 9.98925E-05 0.0124719 9.98925E-05 9.98925E-05 9.98925E-05 9.98925E-05 0.00695617 9.98925E-05 9.98925E-05 9.98925E-05 9.98925E-05
0.0956827 0.0513485 0.264908 0.0397488 0.221701 0.103068 0.0577826 0.0855163 9.99551E-05 9.99551E-05 0.0552984 9.99551E-05 9.99551E-05 0.0244461 9.99551E-05
9.98834E-05 0.116675 0.882027 9.98834E-05 9.98834E-05 9.98834E-05 9.98834E-05 9.98834E-05 9.98834E-05 9.98834E-05 9.98834E-05 9.98834E-05 9.98834E-05 9.98834E-05 9.98834E-05
0.037825 9.991E-05 0.864985 9.991E-05 9.991E-05 0.0199586 9.991E-05 9.991E-05 9.991E-05 0.0746277 9.991E-05 9.991E-05 9.991E-05 9.991E-05 0.00160432
9.9937E-05 0.00873126 0.849149 9.9937E-05 9.9937E-05 0.0346023 9.9937E-05 0.0334632 0.00158233 0.0208121 9.9937E-05 0.031283 9.9937E-05 0.019677 9.9937E-05
9.99191E-05 0.00437708 0.882932 9.99191E-05 9.99191E-05 0.0267855 9.99191E-05 0.0129434 0.0310063 9.99191E-05 9.99191E-05 0.0410567 9.99191E-05 9.99191E-05 9.99191E-05
9.99191E-05 0.01931 0.669782 9.99191E-05 9.99191E-05 9.99191E-05 0.0157361 9.99191E-05 9.99191E-05 0.242579 0.00460945 9.99191E-05 9.99191E-05 9.99191E-05 0.0470839
0.0345531 9.9901E-05 0.940729 9.9901E-05 9.9901E-05 9.9901E-05 9.9901E-05 9.9901E-05 9.9901E-05 0.0101158 9.9901E-05 9.9901E-05 9.9901E-05 9.9901E-05 0.0135027
9.98829E-05 0.956542 9.98829E-05 9.98829E-05 9.98829E-05 9.98829E-05 9.98829E-05 0.0421596 9.98829E-05 9.98829E-05 9.98829E-05 9.98829E-05 9.98829E-05 9.98829E-05 9.98829E-05
9.98919E-05 0.964893 9.98919E-05 9.98919E-05 9.98919E-05 0.00635732 9.98919E-05 9.98919E-05 9.98919E-05 9.98919E-05 9.98919E-05 9.98919E-05 9.98919E-05 0.0275507 9.98919E-05
9.99101E-05 9.99101E-05 0.938374 0.00474833 9.99101E-05 9.99101E-05 0.013961 0.0249881 9.99101E-05 9.99101E-05 9.99101E-05 0.00750926 9.99101E-05 9.99101E-05 0.00952035
9.9892E-05 9.9892E-05 0.0355265 9.9892E-05 9.9892E-05 9.9892E-05 9.9892E-05 9.9892E-05 0.00991734 9.9892E-05 9.9892E-05 0.953357 9.9892E-05 9.9892E-05 9.9892E-05
9.9892E-05 9.9892E-05 9.9892E-05 9.9892E-05 9.9892E-05 9.9892E-05 9.9892E-05 0.00144571 9.9892E-05 9.9892E-05 0.00540228 0.991953 9.9892E-05 9.9892E-05 9.9892E-05
9.98832E-05 9.98832E-05 9.98832E-05 9.98832E-05 9.98832E-05 9.98832E-05 9.98832E-05 9.98832E-05 9.98832E-05 9.98832E-05 0.979453 9.98832E-05 9.98832E-05 9.98832E-05 0.0192485
9.98743E-05 9.98743E-05 9.98743E-05 9.98743E-05 9.98743E-05 9.98743E-05 9.98743E-05 9.98743E-05 9.98743E-05 9.98743E-05 0.998602 9.98743E-05 9.98743E-05 9.98743E-05 9.98743E-05
9.99279E-05 0.0114761 0.00979162 9.99279E-05 0.719873 9.99279E-05 9.99279E-05 9.99279E-05 0.0440515 9.99279E-05 9.99279E-05 0.0566809 9.99279E-05 0.0178297 0.139497
9.99279E-05 0.00858012 9.99279E-05 9.99279E-05 0.723077 0.0106308 9.99279E-05 9.99279E-05 0.0481229 9.99279E-05 9.99279E-05 0.0501358 9.99279E-05 0.0159372 0.142717
9.99102E-05 0.0118471 9.99102E-05 9.99102E-05 9.99102E-05 9.99102E-05 9.99102E-05 0.0100839 9.99102E-05 9.99102E-05 0.966654 0.00537248 0.0050434 9.99102E-05 9.99102E-05
9.98742E-05 9.98742E-05 9.98742E-05 9.98742E-05 9.98742E-05 9.98742E-05 9.98742E-05 9.98742E-05 9.98742E-05 9.98742E-05 0.998602 9.98742E-05 9.98742E-05 9.98742E-05 9.98742E-05
9.9901E-05 9.9901E-05 9.9901E-05 9.9901E-05 9.9901E-05 0.00338426 0.954898 0.0129147 9.9901E-05 9.9901E-05 9.9901E-05 9.9901E-05 9.9901E-05 0.0277044 9.9901E-05
9.99099E-05 9.99099E-05 9.99099E-05 9.99099E-05 9.99099E-05 0.11069 9.99099E-05 9.99099E-05 9.99099E-05 9.99099E-05 9.99099E-05 0.00128022 0.017678 0.117301 0.752052
9.9892E-05 9.9892E-05 9.9892E-05 9.9892E-05 9.9892E-05 0.0470734 9.9892E-05 0.0276093 0.924119 9.9892E-05 9.9892E-05 9.9892E-05 9.9892E-05 9.9892E-05 9.9892E-05
0.220117 9.99192E-05 0.0580993 9.99192E-05 0.229264 9.99192E-05 9.99192E-05 9.99192E-05 9.99192E-05 9.99192E-05 0.0751565 9.99192E-05 0.142196 0.274268 9.99192E-05
0.457079 9.99102E-05 9.99102E-05 9.99102E-05 9.99102E-05 9.99102E-05 0.151448 9.99102E-05 9.99102E-05 9.99102E-05 0.0945351 9.99102E-05 0.0466288 0.24931 9.99102E-05
9.9874E-05 9.9874E-05 9.9874E-05 9.9874E-05 9.9874E-05 9.9874E-05 9.9874E-05 9.9874E-05 9.9874E-05 0.998602 9.9874E-05 9.9874E-05 9.9874E-05 9.9874E-05 9.9874E-05
