9.996E-05 0.9995 9.996E-05 9.996E-05 9.996E-05 9.996E-05
0.288034 0.454813 9.9982E-05 0.000948683 0.256005 9.9982E-05
0.73644 9.99911E-05 0.0422301 0.0357909 0.084136 0.101303
0.969325 9.9964E-05 9.9964E-05 0.0302749 9.9964E-05 9.9964E-05
0.497061 0.270987 9.99731E-05 9.99731E-05 0.231652 9.99731E-05
0.963142 0.021158 0.0154005 9.9973E-05 9.9973E-05 9.9973E-05
0.00384817 0.00511629 9.99821E-05 9.99821E-05 0.3914 0.599436
0.399121 0.0915817 9.9982E-05 0.0410477 0.46805 9.9982E-05
0.0178308 0.163807 9.9982E-05 9.9982E-05 0.420341 0.397822
9.99731E-05 0.813276 9.99731E-05 0.0711297 0.115294 9.99731E-05
9.99821E-05 0.786498 9.99821E-05 0.0863791 0.0904726 0.03645
0.0379688 0.596045 9.9982E-05 0.128115 9.9982E-05 0.237672
9.996E-05 9.996E-05 9.996E-05 9.996E-05 9.996E-05 0.9995
0.958988 0.000409903 0.0338502 0.00655213 9.9982E-05 9.9982E-05
0.962338 0.0372622 9.9964E-05 9.9964E-05 9.9964E-05 9.9964E-05
0.00100324 0.571258 9.9991E-05 0.0179341 0.0506953 0.35901
9.9982E-05 0.399721 0.109118 0.34373 9.9982E-05 0.147231
9.99729E-05 0.203517 0.707312 9.99729E-05 0.0888718 9.99729E-05
9.9964E-05 9.9964E-05 0.899516 0.100085 9.9964E-05 9.9964E-05
9.9973E-05 0.834531 9.9973E-05 0.129639 9.9973E-05 0.03553
9.996E-05 9.996E-05 0.9995 9.996E-05 9.996E-05 9.996E-05
9.9964E-05 0.904889 9.9964E-05 9.9964E-05 9.9964E-05 0.0947116
0.00631028 0.150191 0.417259 0.35008 0.0760599 9.9991E-05
9.9964E-05 9.9964E-05 0.904624 0.0949761 9.9964E-05 9.9964E-05
0.95311 9.9964E-05 9.9964E-05 9.9964E-05 0.04649 9.9964E-05
0.9995 9.996E-05 9.996E-05 9.996E-05 9.996E-05 9.996E-05
9.99729E-05 0.15078 9.99729E-05 0.0837215 9.99729E-05 0.765199
0.900557 9.9964E-05 9.9964E-05 9.9964E-05 0.0990432 9.9964E-05
0.928851 9.9964E-05 9.9964E-05 9.9964E-05 0.0707491 9.9964E-05
0.683174 9.9991E-05 0.0237579 0.00758431 0.283896 0.00148808
0.625013 9.9973E-05 9.9973E-05 0.0672305 0.307457 9.9973E-05
0.0896395 0.35546 9.99731E-05 9.99731E-05 0.554601 9.99731E-05
0.999385 9.99641E-05 9.99641E-05 0.000214721 9.99641E-05 9.99641E-05
0.0687855 9.9982E-05 9.9982E-05 0.0176356 0.90449 0.00888925
0.0526325 0.149052 9.99819E-05 0.244816 9.99819E-05 0.553299
0.946364 0.0296637 9.9982E-05 0.000540514 9.9982E-05 0.0232322
0.066837 0.932763 9.99642E-05 9.99642E-05 9.99642E-05 9.99642E-05
0.0585536 0.801121 0.027928 9.9982E-05 0.112197 9.9982E-05
0.134925 0.300962 0.0639196 0.393156 9.9991E-05 0.106936
0.124957 0.874643 9.99639E-05 9.99639E-05 9.99639E-05 9.99639E-05
0.0869742 0.858628 0.018929 0.0352685 9.9982E-05 9.9982E-05
9.9973E-05 0.935379 0.0249046 0.039417 9.9973E-05 9.9973E-05
9.9973E-05 0.671535 9.9973E-05 9.9973E-05 0.057054 0.271111
9.9991E-05 0.820603 0.0172278 0.112136 0.0341141 0.0158182
9.9991E-05 0.539905 0.119558 0.171878 0.000123608 0.168436
0.0740805 0.744056 0.0569034 0.0559986 0.0160749 0.0528868
0.0939295 0.475168 9.9991E-05 0.130532 0.0791995 0.221071
9.99644E-05 0.990425 0.00917513 9.99644E-05 9.99644E-05 9.99644E-05
9.996E-05 9.996E-05 9.996E-05 9.996E-05 0.9995 9.996E-05
9.996E-05 9.996E-05 9.996E-05 9.996E-05 0.9995 9.996E-05
9.99639E-05 9.99639E-05 9.99639E-05 0.0237426 0.975858 9.99639E-05
9.996E-05 9.996E-05 9.996E-05 9.996E-05 0.9995 9.996E-05
9.996E-05 9.996E-05 9.996E-05 9.996E-05 0.9995 9.996E-05
0.214654 0.0306454 0.0438287 9.9991E-05 0.664857 0.0459154
9.996E-05 9.996E-05 9.996E-05 9.996E-05 0.9995 9.996E-05
9.9964E-05 0.96072 9.9964E-05 9.9964E-05 9.9964E-05 0.0388798
0.140666 0.33346 9.9973E-05 9.9973E-05 0.525574 9.9973E-05
0.9995 9.996E-05 9.996E-05 9.996E-05 9.996E-05 9.996E-05
9.9982E-05 0.0206307 9.9982E-05 0.0488995 0.00564372 0.924626
0.0680841 0.57912 9.9973E-05 9.9973E-05 9.9973E-05 0.352496
9.996E-05 9.996E-05 9.996E-05 9.996E-05 9.996E-05 0.9995
9.99729E-05 0.0779421 9.99729E-05 0.00607255 9.99729E-05 0.915685
9.99729E-05 9.99729E-05 0.0174283 0.109093 9.99729E-05 0.873178
9.99641E-05 0.0766089 0.922991 9.99641E-05 9.99641E-05 9.99641E-05
0.9995 9.996E-05 9.996E-05 9.996E-05 9.996E-05 9.996E-05
0.237688 0.271877 0.0496617 0.0888618 0.24505 0.106861
0.983338 9.99641E-05 9.99641E-05 9.99641E-05 9.99641E-05 0.0162624
0.99273 0.00456456 9.9982E-05 9.9982E-05 0.00230212 0.000203494
0.857395 9.9973E-05 9.9973E-05 9.9973E-05 0.135946 0.00635951
0.921577 0.0056652 9.9973E-05 9.9973E-05 0.0724578 9.9973E-05
0.904339 0.0678421 9.9982E-05 0.024439 0.00317948 9.9982E-05
0.969156 9.9982E-05 9.9982E-05 0.0029818 0.0267702 0.000892509
0.475676 9.99732E-05 9.99732E-05 9.99732E-05 0.507419 0.016606
0.489749 9.99732E-05 9.99732E-05 9.99732E-05 0.335311 0.174639
0.952956 0.0466443 9.9964E-05 9.9964E-05 9.9964E-05 9.9964E-05
0.0912875 0.664824 9.9991E-05 0.055485 0.079193 0.10911
0.0707963 0.590393 9.9991E-05 0.0364314 0.107943 0.194337
9.996E-05 9.996E-05 9.996E-05 0.9995 9.996E-05 9.996E-05
9.996E-05 9.996E-05 9.996E-05 0.9995 9.996E-05 9.996E-05
9.9982E-05 0.855714 9.9982E-05 0.0519734 0.0884791 0.00363395
9.9991E-05 0.831154 0.00398527 0.0339553 0.0780495 0.0527555
9.9964E-05 9.9964E-05 9.9964E-05 0.997642 0.00195779 9.9964E-05
9.996E-05 9.996E-05 9.996E-05 0.9995 9.996E-05 9.996E-05
9.99641E-05 0.933912 9.99641E-05 9.99641E-05 9.99641E-05 0.0656885
9.9982E-05 0.626617 0.0573402 9.9982E-05 0.0348723 0.28097
0.0876189 0.325354 9.9973E-05 9.9973E-05 0.586727 9.9973E-05
0.0599231 0.192998 0.137825 0.274052 9.9991E-05 0.335101
9.9982E-05 0.153664 0.0797037 0.341092 9.9982E-05 0.425341
0.578837 9.99821E-05 0.040631 0.0289985 0.351334 9.99821E-05
