9.996E-05 9.996E-05 9.996E-05 9.996E-05 0.9995 9.996E-05
9.9982E-05 9.9982E-05 0.215577 0.322113 0.460165 0.00194592
0.0228761 0.0637358 0.044314 0.755638 9.99911E-05 0.113336
9.9973E-05 9.9973E-05 0.0103619 0.972943 9.9973E-05 0.0163952
9.99731E-05 9.99731E-05 0.264273 0.433026 0.302401 9.99731E-05
9.9973E-05 9.9973E-05 9.9973E-05 0.953262 0.0343078 0.0121298
9.99731E-05 0.626947 0.322522 0.0502315 9.99731E-05 9.99731E-05
9.9982E-05 9.9982E-05 0.458074 0.429991 0.0979799 0.0137553
9.99821E-05 0.513815 0.40457 0.0216303 0.0597855 9.99821E-05
9.9982E-05 0.109207 0.0903339 9.9982E-05 0.744789 0.0554707
9.9982E-05 0.162824 0.0575195 9.9982E-05 0.70851 0.0709469
9.9982E-05 0.1786 9.9982E-05 0.0409652 0.659846 0.120389
9.996E-05 0.9995 9.996E-05 9.996E-05 9.996E-05 9.996E-05
0.0176575 9.9973E-05 9.9973E-05 0.974418 9.9973E-05 0.00762475
0.000548842 9.9973E-05 9.9973E-05 0.953788 0.0453633 9.9973E-05
9.999E-05 0.379717 0.0298348 0.00103092 0.579458 0.00985954
0.0683397 0.208495 9.9982E-05 9.9982E-05 0.347229 0.375736
0.726539 9.99729E-05 0.046672 9.99729E-05 0.226489 9.99729E-05
0.908577 9.9964E-05 9.9964E-05 9.9964E-05 9.9964E-05 0.0910233
9.9973E-05 0.117858 9.9973E-05 9.9973E-05 0.763079 0.118763
0.9995 9.996E-05 9.996E-05 9.996E-05 9.996E-05 9.996E-05
9.9964E-05 0.0923995 9.9964E-05 9.9964E-05 0.907201 9.9964E-05
0.408312 0.00943005 0.0690776 9.9991E-05 0.142086 0.370995
0.912237 9.9964E-05 9.9964E-05 9.9964E-05 9.9964E-05 0.0873636
9.996E-05 9.996E-05 9.996E-05 0.9995 9.996E-05 9.996E-05
9.996E-05 9.996E-05 9.996E-05 0.9995 9.996E-05 9.996E-05
9.99729E-05 0.787086 9.99729E-05 9.99729E-05 0.141042 0.0715718
9.9964E-05 9.9964E-05 0.0999333 0.899667 9.9964E-05 9.9964E-05
9.9964E-05 9.9964E-05 0.0818066 0.917794 9.9964E-05 9.9964E-05
0.0249355 9.99821E-05 0.265396 0.686716 9.99821E-05 0.0227522
9.9982E-05 0.00688984 0.258622 0.672274 9.9982E-05 0.0620142
9.99731E-05 9.99731E-05 0.509208 0.120439 0.370053 9.99731E-05
9.996E-05 9.996E-05 9.996E-05 0.9995 9.996E-05 9.996E-05
9.9973E-05 9.9973E-05 0.876435 0.118886 9.9973E-05 0.00437858
9.99819E-05 0.563667 9.99819E-05 0.0389446 0.138438 0.258751
9.99729E-05 0.00940585 9.99729E-05 0.974832 9.99729E-05 0.0154624
9.99642E-05 9.99642E-05 9.99642E-05 0.0374848 0.962115 9.99642E-05
0.0485813 9.9982E-05 0.148062 0.0354411 0.767716 9.9982E-05
0.0525823 0.165426 9.9991E-05 0.109638 0.257827 0.414427
9.9973E-05 9.9973E-05 9.9973E-05 0.108449 0.85921 0.0320412
0.00450916 9.9982E-05 9.9982E-05 0.0997771 0.87503 0.0204839
0.0282323 0.0460815 9.9982E-05 9.9982E-05 0.885176 0.04031
9.9973E-05 0.327987 0.0271571 9.9973E-05 0.644556 9.9973E-05
0.0210813 0.0821938 0.0377178 9.9991E-05 0.788589 0.070318
0.132513 0.208971 0.00310595 9.9991E-05 0.512759 0.142551
0.0531447 0.0267825 0.0501225 0.0497823 0.765941 0.0542271
9.9991E-05 0.27433 0.0603483 0.0929308 0.452718 0.119572
0.00131845 9.99644E-05 9.99644E-05 9.99644E-05 0.998282 9.99644E-05
9.996E-05 9.996E-05 0.9995 9.996E-05 9.996E-05 9.996E-05
9.996E-05 9.996E-05 0.9995 9.996E-05 9.996E-05 9.996E-05
9.996E-05 9.996E-05 0.9995 9.996E-05 9.996E-05 9.996E-05
9.996E-05 9.996E-05 0.9995 9.996E-05 9.996E-05 9.996E-05
9.996E-05 9.996E-05 0.9995 9.996E-05 9.996E-05 9.996E-05
0.0509973 0.0535665 0.654082 0.19559 0.0185552 0.0272092
9.99639E-05 9.99639E-05 0.988067 9.99639E-05 0.0115328 9.99639E-05
9.9964E-05 0.064302 9.9964E-05 9.9964E-05 0.935298 9.9964E-05
9.9982E-05 9.9982E-05 0.49415 0.154692 0.34299 0.00796885
9.996E-05 9.996E-05 9.996E-05 0.9995 9.996E-05 9.996E-05
9.9973E-05 0.879585 9.9973E-05 9.9973E-05 0.0530353 0.0670794
9.9982E-05 0.368277 9.9982E-05 0.049188 0.567271 0.0150645
9.996E-05 0.9995 9.996E-05 9.996E-05 9.996E-05 9.996E-05
9.99639E-05 0.870334 9.99639E-05 9.99639E-05 0.129266 9.99639E-05
0.00068863 0.885044 9.99819E-05 9.99819E-05 0.0176984 0.0963693
0.893334 9.99641E-05 9.99641E-05 9.99641E-05 0.106266 9.99641E-05
9.996E-05 9.996E-05 9.996E-05 0.9995 9.996E-05 9.996E-05
0.0864799 0.148344 0.0834567 0.323444 0.328748 0.0295275
9.99641E-05 0.0252476 9.99641E-05 0.974353 9.99641E-05 9.99641E-05
9.9973E-05 9.9973E-05 0.0478323 0.914404 0.0374641 9.9973E-05
9.9973E-05 0.0168165 0.0959546 0.886929 9.9973E-05 9.9973E-05
0.00729811 0.0060378 0.0918742 0.88021 0.0144797 9.9991E-05
9.99641E-05 9.99641E-05 9.99641E-05 0.925235 0.0743654 9.99641E-05
9.9964E-05 9.9964E-05 9.9964E-05 0.993904 9.9964E-05 0.00569635
9.99732E-05 0.0169499 0.501147 0.481603 9.99732E-05 9.99732E-05
9.99732E-05 0.222743 0.35492 0.422038 9.99732E-05 9.99732E-05
0.00683369 9.9982E-05 0.0513714 0.924955 0.01664 9.9982E-05
9.9991E-05 0.118221 0.100554 0.0749992 0.682684 0.0234424
9.9991E-05 0.177475 0.144331 0.0191169 0.624647 0.0343302
9.996E-05 9.996E-05 9.996E-05 9.996E-05 9.996E-05 0.9995
9.996E-05 9.996E-05 9.996E-05 9.996E-05 9.996E-05 0.9995
9.9982E-05 0.0644155 0.0414121 9.9982E-05 0.85923 0.0347423
0.0108317 0.0650976 0.0814735 9.9991E-05 0.825584 0.0169135
9.996E-05 9.996E-05 9.996E-05 9.996E-05 9.996E-05 0.9995
9.996E-05 9.996E-05 9.996E-05 9.996E-05 9.996E-05 0.9995
9.9973E-05 0.05224 0.00111993 9.9973E-05 0.94634 9.9973E-05
0.0649216 0.276405 0.0041118 0.0316567 0.622805 9.9991E-05
9.9973E-05 9.9973E-05 0.518216 0.115479 0.366005 9.9973E-05
0.151047 0.335949 9.9991E-05 0.0865383 0.148156 0.27821
0.0815669 0.43666 9.9991E-05 0.00534878 0.157024 0.319301
0.0455056 0.00434486 0.346007 0.577466 9.9991E-05 0.0265768
