9.99188E-05 9.99188E-05 0.0855619 0.913539 9.99188E-05 9.99188E-05 9.99188E-05 9.99188E-05 9.99188E-05 9.99188E-05 9.99188E-05
0.277129 0.0274415 9.99548E-05 0.210387 0.351335 9.99548E-05 9.99548E-05 0.0402684 9.99548E-05 0.0929392 9.99548E-05
0.770001 0.0522446 9.99465E-05 9.99465E-05 0.0949065 9.99465E-05 9.99465E-05 9.99465E-05 0.0342223 9.99465E-05 0.0480262
0.943093 0.0560073 9.9919E-05 9.9919E-05 9.9919E-05 9.9919E-05 9.9919E-05 9.9919E-05 9.9919E-05 9.9919E-05 9.9919E-05
0.397167 0.00265813 0.130658 0.0677106 0.307654 9.99551E-05 9.99551E-05 9.99551E-05 9.99551E-05 0.0936521 9.99551E-05
0.986461 9.9928E-05 9.9928E-05 9.9928E-05 9.9928E-05 0.00584275 0.00689678 9.9928E-05 9.9928E-05 9.9928E-05 9.9928E-05
9.99188E-05 9.99188E-05 9.99188E-05 9.99188E-05 0.928342 9.99188E-05 9.99188E-05 9.99188E-05 0.0707586 9.99188E-05 9.99188E-05
0.409157 0.00339279 0.096888 9.9946E-05 0.230541 9.9946E-05 9.9946E-05 9.9946E-05 9.9946E-05 0.259422 9.9946E-05
9.99368E-05 9.99368E-05 0.00172244 9.99368E-05 0.910459 9.99368E-05 9.99368E-05 0.0446548 0.0424642 9.99368E-05 9.99368E-05
9.9919E-05 9.9919E-05 0.865797 9.9919E-05 0.133304 9.9919E-05 9.9919E-05 9.9919E-05 9.9919E-05 9.9919E-05 9.9919E-05
9.9919E-05 9.9919E-05 0.881205 9.9919E-05 0.117896 9.9919E-05 9.9919E-05 9.9919E-05 9.9919E-05 9.9919E-05 9.9919E-05
9.9928E-05 0.124963 9.9928E-05 0.688132 9.9928E-05 9.9928E-05 9.9928E-05 9.9928E-05 0.186105 9.9928E-05 9.9928E-05
0.0073401 9.99282E-05 9.99282E-05 9.99282E-05 0.017943 9.99282E-05 9.99282E-05 9.99282E-05 0.973918 9.99282E-05 9.99282E-05
0.930709 9.9928E-05 9.9928E-05 0.0358012 9.9928E-05 9.9928E-05 9.9928E-05 9.9928E-05 9.9928E-05 9.9928E-05 0.0326903
0.947017 9.9928E-05 9.9928E-05 0.0373658 9.9928E-05 9.9928E-05 9.9928E-05 9.9928E-05 9.9928E-05 9.9928E-05 0.0148176
9.9928E-05 9.9928E-05 0.0749788 9.9928E-05 9.9928E-05 9.9928E-05 9.9928E-05 0.7748 0.149422 9.9928E-05 9.9928E-05
9.99459E-05 0.242394 0.26638 9.99459E-05 9.99459E-05 9.99459E-05 9.99459E-05 0.120412 0.172539 9.99459E-05 0.197676
9.99368E-05 9.99368E-05 0.0247881 0.00664833 9.99368E-05 9.99368E-05 9.99368E-05 0.0387865 9.99368E-05 9.99368E-05 0.929077
9.99191E-05 9.99191E-05 9.99191E-05 9.99191E-05 9.99191E-05 0.992836 9.99191E-05 9.99191E-05 0.00626467 9.99191E-05 9.99191E-05
9.9946E-05 0.0570764 0.524789 0.0848313 9.9946E-05 0.0053882 9.9946E-05 0.327315 9.9946E-05 9.9946E-05 9.9946E-05
9.99278E-05 9.99278E-05 9.99278E-05 9.99278E-05 9.99278E-05 0.131847 0.126842 9.99278E-05 9.99278E-05 9.99278E-05 0.740512
9.994E-05 9.994E-05 0.122792 0.468171 9.994E-05 9.994E-05 0.0177902 0.301547 0.0890999 9.994E-05 9.994E-05
9.9937E-05 0.231933 0.190541 9.9937E-05 9.9937E-05 9.9937E-05 9.9937E-05 9.9937E-05 9.9937E-05 0.000291264 0.576535
9.9928E-05 9.9928E-05 0.0208637 9.9928E-05 9.9928E-05 0.957068 9.9928E-05 9.9928E-05 9.9928E-05 9.9928E-05 0.0212685
0.992696 9.99192E-05 9.99192E-05 9.99192E-05 9.99192E-05 9.99192E-05 9.99192E-05 9.99192E-05 9.99192E-05 0.00640519 9.99192E-05
0.999001 9.99101E-05 9.99101E-05 9.99101E-05 9.99101E-05 9.99101E-05 9.99101E-05 9.99101E-05 9.99101E-05 9.99101E-05 9.99101E-05
9.99368E-05 0.0607717 0.0594935 0.0615939 9.99368E-05 9.99368E-05 9.99368E-05 9.99368E-05 0.817441 9.99368E-05 9.99368E-05
0.933451 9.9928E-05 9.9928E-05 9.9928E-05 9.9928E-05 9.9928E-05 9.9928E-05 9.9928E-05 0.015654 0.0500955 9.9928E-05
0.918255 9.9937E-05 9.9937E-05 9.9937E-05 0.00407975 9.9937E-05 9.9937E-05 9.9937E-05 0.02393 0.0530353 9.9937E-05
0.663621 0.021654 9.99461E-05 9.99461E-05 0.0379087 9.99461E-05 0.059744 9.99461E-05 9.99461E-05 0.216473 9.99461E-05
0.648408 0.0145509 0.0608463 9.99551E-05 0.0682006 9.99551E-05 9.99551E-05 9.99551E-05 9.99551E-05 0.201045 0.00644951
0.103853 9.99371E-05 9.99371E-05 0.209501 0.40249 9.99371E-05 9.99371E-05 9.99371E-05 9.99371E-05 0.283457 9.99371E-05
0.945567 9.99192E-05 9.99192E-05 9.99192E-05 9.99192E-05 9.99192E-05 9.99192E-05 0.0535338 9.99192E-05 9.99192E-05 9.99192E-05
0.122086 9.99371E-05 9.99371E-05 0.000861394 0.109884 9.99371E-05 9.99371E-05 9.99371E-05 9.99371E-05 0.766469 9.99371E-05
0.0370062 0.174794 0.113076 0.0502302 9.99549E-05 9.99549E-05 9.99549E-05 9.99549E-05 0.617699 0.00669485 9.99549E-05
0.969825 9.99369E-05 9.99369E-05 0.000270475 9.99369E-05 9.99369E-05 9.99369E-05 0.0113594 0.0178454 9.99369E-05 9.99369E-05
0.00584266 9.99191E-05 9.99191E-05 0.993258 9.99191E-05 9.99191E-05 9.99191E-05 9.99191E-05 9.99191E-05 9.99191E-05 9.99191E-05
0.0455433 9.99729E-05 0.639128 0.119729 0.145756 9.99729E-05 0.0168146 0.00521856 9.99729E-05 0.0259334 0.00157681
0.106592 0.30524 0.080422 0.0616068 9.9964E-05 9.9964E-05 9.9964E-05 0.0868116 0.161851 9.9964E-05 0.197077
0.0874553 0.00564874 0.296661 0.235315 9.99639E-05 0.0164646 9.99639E-05 0.351969 9.99639E-05 9.99639E-05 0.00608644
0.0487202 0.0288489 0.316798 0.304042 9.99549E-05 9.99549E-05 9.99549E-05 0.278363 9.99549E-05 9.99549E-05 0.0227282
9.99369E-05 9.99369E-05 0.903884 0.0556572 9.99369E-05 9.99369E-05 9.99369E-05 0.0388168 0.000942591 9.99369E-05 9.99369E-05
9.9955E-05 9.9955E-05 0.0451286 0.00641227 0.0275088 9.9955E-05 0.00581405 0.855397 0.0592393 9.9955E-05 9.9955E-05
9.9928E-05 9.9928E-05 0.946756 0.00891175 9.9928E-05 9.9928E-05 9.9928E-05 9.9928E-05 0.0435333 9.9928E-05 9.9928E-05
9.99729E-05 0.07811 0.398732 0.113628 0.00368977 0.12467 9.99729E-05 0.0845426 0.175526 0.020802 9.99729E-05
0.0805099 0.016948 0.456639 0.142335 9.9964E-05 9.9964E-05 0.0700016 0.202414 0.030752 9.9964E-05 9.9964E-05
0.134876 0.0707336 0.339938 0.215783 9.9964E-05 9.9964E-05 0.00561097 9.9964E-05 0.211552 0.0211065 9.9964E-05
9.99194E-05 9.99194E-05 9.99194E-05 0.981177 9.99194E-05 9.99194E-05 0.0179236 9.99194E-05 9.99194E-05 9.99194E-05 9.99194E-05
9.99101E-05 9.99101E-05 9.99101E-05 9.99101E-05 9.99101E-05 9.99101E-05 9.99101E-05 9.99101E-05 9.99101E-05 0.999001 9.99101E-05
9.9919E-05 9.9919E-05 9.9919E-05 9.9919E-05 9.9919E-05 9.9919E-05 9.9919E-05 9.9919E-05 9.9919E-05 0.993529 0.00557149
9.99101E-05 9.99101E-05 9.99101E-05 9.99101E-05 9.99101E-05 9.99101E-05 9.99101E-05 9.99101E-05 9.99101E-05 0.999001 9.99101E-05
9.99101E-05 9.99101E-05 9.99101E-05 9.99101E-05 9.99101E-05 9.99101E-05 9.99101E-05 9.99101E-05 9.99101E-05 0.999001 9.99101E-05
9.99101E-05 9.99101E-05 9.99101E-05 9.99101E-05 9.99101E-05 9.99101E-05 9.99101E-05 9.99101E-05 9.99101E-05 0.999001 9.99101E-05
0.247555 9.99551E-05 9.99551E-05 9.99551E-05 0.126862 9.99551E-05 9.99551E-05 0.0712642 0.024618 0.494559 0.0346424
9.9928E-05 9.9928E-05 9.9928E-05 0.00860531 9.9928E-05 9.9928E-05 9.9928E-05 0.00667958 9.9928E-05 0.983916 9.9928E-05
9.99279E-05 9.99279E-05 9.99279E-05 0.822588 9.99279E-05 9.99279E-05 9.99279E-05 0.162788 0.0138254 9.99279E-05 9.99279E-05
0.0664523 0.0429549 9.99457E-05 0.143012 0.444053 9.99457E-05 9.99457E-05 9.99457E-05 9.99457E-05 0.302928 9.99457E-05
0.989204 9.99189E-05 9.99189E-05 0.00989716 9.99189E-05 9.99189E-05 9.99189E-05 9.99189E-05 9.99189E-05 9.99189E-05 9.99189E-05
9.9946E-05 0.0263128 9.9946E-05 0.0713347 9.9946E-05 9.9946E-05 9.9946E-05 0.0877242 0.807819 0.00620915 9.9946E-05
9.99192E-05 9.99192E-05 9.99192E-05 9.99192E-05 9.99192E-05 9.99192E-05 9.99192E-05 0.912813 0.0862875 9.99192E-05 9.99192E-05
9.99192E-05 9.99192E-05 9.99192E-05 9.99192E-05 0.0263206 9.99192E-05 9.99192E-05 9.99192E-05 0.97278 9.99192E-05 9.99192E-05
9.99189E-05 9.99189E-05 0.0938354 9.99189E-05 9.99189E-05 9.99189E-05 9.99189E-05 9.99189E-05 0.905265 9.99189E-05 9.99189E-05
9.99369E-05 0.0336686 0.119552 9.99369E-05 9.99369E-05 0.00924083 9.99369E-05 9.99369E-05 0.836839 9.99369E-05 9.99369E-05
9.99101E-05 9.99101E-05 9.99101E-05 9.99101E-05 9.99101E-05 9.99101E-05 0.999001 9.99101E-05 9.99101E-05 9.99101E-05 9.99101E-05
0.999001 9.99104E-05 9.99104E-05 9.99104E-05 9.99104E-05 9.99104E-05 9.99104E-05 9.99104E-05 9.99104E-05 9.99104E-05 9.99104E-05
0.268899 0.0209989 0.226398 0.0222556 0.137262 0.110091 9.9973E-05 0.208612 9.9973E-05 0.00518307 9.9973E-05
0.964342 9.99283E-05 9.99283E-05 9.99283E-05 9.99283E-05 9.99283E-05 9.99283E-05 0.01669 9.99283E-05 0.0181682 9.99283E-05
0.938444 9.9937E-05 9.9937E-05 0.0378566 0.000829079 9.9937E-05 9.9937E-05 9.9937E-05 9.9937E-05 0.0221705 9.9937E-05
0.900602 9.9937E-05 9.9937E-05 9.9937E-05 9.9937E-05 9.9937E-05 9.9937E-05 0.0467932 0.0167412 0.0351639 9.9937E-05
0.921381 9.99371E-05 9.99371E-05 9.99371E-05 0.0173227 9.99371E-05 9.99371E-05 0.0265077 9.99371E-05 0.0340886 9.99371E-05
0.878691 0.00968931 0.0703955 0.00128715 0.0393376 9.99461E-05 9.99461E-05 9.99461E-05 9.99461E-05 9.99461E-05 9.99461E-05
0.997977 0.00112368 9.9919E-05 9.9919E-05 9.9919E-05 9.9919E-05 9.9919E-05 9.9919E-05 9.9919E-05 9.9919E-05 9.9919E-05
0.494633 9.99283E-05 9.99283E-05 9.99283E-05 0.242953 9.99283E-05 9.99283E-05 9.99283E-05 9.99283E-05 0.261615 9.99283E-05
0.479604 9.99462E-05 9.99462E-05 9.99462E-05 0.414362 9.99462E-05 0.0063018 9.99462E-05 9.99462E-05 0.085703 0.0134303
0.946346 9.99461E-05 9.99461E-05 0.0217312 9.99461E-05 9.99461E-05 9.99461E-05 0.0141948 9.99461E-05 0.000884976 0.0162437
0.0106228 9.9919E-05 9.9919E-05 9.9919E-05 9.9919E-05 9.9919E-05 9.9919E-05 0.988478 9.9919E-05 9.9919E-05 9.9919E-05
9.9919E-05 9.9919E-05 9.9919E-05 9.9919E-05 9.9919E-05 9.9919E-05 9.9919E-05 0.966617 9.9919E-05 0.0324842 9.9919E-05
9.99101E-05 0.999001 9.99101E-05 9.99101E-05 9.99101E-05 9.99101E-05 9.99101E-05 9.99101E-05 9.99101E-05 9.99101E-05 9.99101E-05
9.99101E-05 0.999001 9.99101E-05 9.99101E-05 9.99101E-05 9.99101E-05 9.99101E-05 9.99101E-05 9.99101E-05 9.99101E-05 9.99101E-05
0.0253063 9.99549E-05 0.763581 0.0671488 0.000757309 9.99549E-05 9.99549E-05 0.127973 0.0147332 9.99549E-05 9.99549E-05
9.9937E-05 9.9937E-05 0.75597 0.0519369 0.0253881 9.9937E-05 9.9937E-05 0.166006 9.9937E-05 9.9937E-05 9.9937E-05
9.99191E-05 0.989947 9.99191E-05 9.99191E-05 9.99191E-05 9.99191E-05 9.99191E-05 9.99191E-05 9.99191E-05 0.00915341 9.99191E-05
9.99101E-05 0.999001 9.99101E-05 9.99101E-05 9.99101E-05 9.99101E-05 9.99101E-05 9.99101E-05 9.99101E-05 9.99101E-05 9.99101E-05
9.9928E-05 9.9928E-05 9.9928E-05 0.96794 9.9928E-05 9.9928E-05 9.9928E-05 9.9928E-05 0.0245626 0.00669786 9.9928E-05
9.99639E-05 9.99639E-05 0.145879 0.0569076 0.0662615 0.0816567 0.00114685 0.505437 0.142312 9.99639E-05 9.99639E-05
0.0589765 9.99368E-05 9.99368E-05 0.142416 0.463452 9.99368E-05 9.99368E-05 9.99368E-05 9.99368E-05 0.334456 9.99368E-05
0.0644735 0.140722 0.290612 9.99461E-05 9.99461E-05 0.155925 9.99461E-05 9.99461E-05 0.347668 9.99461E-05 9.99461E-05
9.99641E-05 0.259854 0.0105296 0.16767 9.99641E-05 0.0830959 9.99641E-05 0.0178757 0.452654 9.99641E-05 0.00792102
0.598301 0.0230191 9.99551E-05 9.99551E-05 0.157387 9.99551E-05 0.0312064 9.99551E-05 9.99551E-05 0.166898 0.0226882
