9.99369E-05 0.950064 0.0283909 9.99369E-05 9.99369E-05 9.99369E-05 0.0181876 9.99369E-05 9.99369E-05 9.99369E-05 0.0026583
0.602693 0.156725 0.0221371 0.15062 9.99458E-05 0.0672245 9.99458E-05 9.99458E-05 9.99458E-05 9.99458E-05 9.99458E-05
0.135575 9.99465E-05 0.0307356 0.701185 9.99465E-05 9.99465E-05 0.0803331 0.0515714 9.99465E-05 9.99465E-05 9.99465E-05
9.9919E-05 9.9919E-05 0.0291334 0.969967 9.9919E-05 9.9919E-05 9.9919E-05 9.9919E-05 9.9919E-05 9.9919E-05 9.9919E-05
0.368933 9.99551E-05 9.99551E-05 0.385932 9.99551E-05 0.0339066 9.99551E-05 9.99551E-05 0.0350322 0.0670994 0.108597
9.9919E-05 9.9919E-05 9.9919E-05 0.952618 9.9919E-05 9.9919E-05 9.9919E-05 9.9919E-05 9.9919E-05 0.0464827 9.9919E-05
0.631447 9.99191E-05 9.99191E-05 9.99191E-05 9.99191E-05 9.99191E-05 9.99191E-05 0.367653 9.99191E-05 9.99191E-05 9.99191E-05
0.403766 9.9955E-05 0.0176351 0.34348 9.9955E-05 0.00486404 9.9955E-05 9.9955E-05 0.20246 9.9955E-05 0.0272951
0.705576 9.99279E-05 9.99279E-05 9.99279E-05 9.99279E-05 9.99279E-05 9.99279E-05 0.256246 9.99279E-05 9.99279E-05 0.0373785
0.0236708 9.99193E-05 9.99193E-05 9.99193E-05 9.99193E-05 9.99193E-05 9.99193E-05 9.99193E-05 9.99193E-05 9.99193E-05 0.97543
9.99104E-05 9.99104E-05 9.99104E-05 9.99104E-05 9.99104E-05 9.99104E-05 9.99104E-05 9.99104E-05 9.99104E-05 9.99104E-05 0.999001
9.9937E-05 0.650651 0.124103 0.049644 9.9937E-05 9.9937E-05 9.9937E-05 0.174903 9.9937E-05 9.9937E-05 9.9937E-05
9.99282E-05 9.99282E-05 9.99282E-05 0.0204511 9.99282E-05 9.99282E-05 9.99282E-05 0.95161 9.99282E-05 0.0271393 9.99282E-05
9.9937E-05 9.9937E-05 9.9937E-05 0.929302 9.9937E-05 0.0286254 0.0192016 9.9937E-05 9.9937E-05 0.0221711 9.9937E-05
9.99281E-05 0.0350743 9.99281E-05 0.954734 9.99281E-05 9.99281E-05 0.0093921 9.99281E-05 9.99281E-05 9.99281E-05 9.99281E-05
9.9946E-05 0.0625425 9.9946E-05 0.041128 9.9946E-05 9.9946E-05 9.9946E-05 0.356766 9.9946E-05 0.01484 0.524124
9.9919E-05 9.9919E-05 9.9919E-05 9.9919E-05 9.9919E-05 0.952997 9.9919E-05 9.9919E-05 9.9919E-05 9.9919E-05 0.0461036
9.99368E-05 0.0398267 9.99368E-05 9.99368E-05 9.99368E-05 9.99368E-05 0.792704 9.99368E-05 0.0359245 9.99368E-05 0.130845
9.9928E-05 9.9928E-05 0.0744791 9.9928E-05 0.861418 9.9928E-05 0.0633032 9.9928E-05 9.9928E-05 9.9928E-05 9.9928E-05
9.99369E-05 0.121568 0.0210998 9.99369E-05 9.99369E-05 9.99369E-05 9.99369E-05 9.99369E-05 9.99369E-05 0.175675 0.680958
9.99189E-05 9.99189E-05 9.99189E-05 9.99189E-05 0.0279675 9.99189E-05 0.971133 9.99189E-05 9.99189E-05 9.99189E-05 9.99189E-05
9.99459E-05 0.542899 9.99459E-05 9.99459E-05 0.0283597 0.0362104 9.99459E-05 0.12976 9.99459E-05 9.99459E-05 0.262171
9.9946E-05 9.9946E-05 0.155193 9.9946E-05 9.9946E-05 0.099056 0.425863 9.9946E-05 9.9946E-05 0.270561 0.0487276
9.99279E-05 9.99279E-05 9.99279E-05 9.99279E-05 0.111195 9.99279E-05 0.781725 9.99279E-05 9.99279E-05 0.106281 9.99279E-05
9.99102E-05 9.99102E-05 9.99102E-05 0.999001 9.99102E-05 9.99102E-05 9.99102E-05 9.99102E-05 9.99102E-05 9.99102E-05 9.99102E-05
9.99102E-05 9.99102E-05 9.99102E-05 0.999001 9.99102E-05 9.99102E-05 9.99102E-05 9.99102E-05 9.99102E-05 9.99102E-05 9.99102E-05
9.99459E-05 0.0557435 0.0650013 9.99459E-05 9.99459E-05 0.0503445 9.99459E-05 0.786383 9.99459E-05 9.99459E-05 0.0419277
0.00738767 9.9946E-05 0.0045304 0.891329 9.9946E-05 9.9946E-05 9.9946E-05 0.0245801 0.071573 9.9946E-05 9.9946E-05
0.0161172 9.9937E-05 9.9937E-05 0.911262 9.9937E-05 9.9937E-05 9.9937E-05 0.00782545 0.064096 9.9937E-05 9.9937E-05
0.129578 9.99551E-05 9.99551E-05 0.680763 0.0338917 9.99551E-05 9.99551E-05 0.000838519 0.140515 0.0139146 9.99551E-05
0.202533 9.9946E-05 0.0174144 0.598146 9.9946E-05 0.0416348 9.9946E-05 9.9946E-05 0.139673 9.9946E-05 9.9946E-05
0.933078 0.0404524 0.0190581 9.9937E-05 9.9937E-05 9.9937E-05 9.9937E-05 9.9937E-05 0.00671166 9.9937E-05 9.9937E-05
9.99192E-05 9.99192E-05 9.99192E-05 0.966962 9.99192E-05 0.0321385 9.99192E-05 9.99192E-05 9.99192E-05 9.99192E-05 9.99192E-05
0.146183 9.99282E-05 9.99282E-05 0.0822495 9.99282E-05 9.99282E-05 9.99282E-05 9.99282E-05 0.770768 9.99282E-05 9.99282E-05
9.99639E-05 0.030483 0.0954123 0.0330354 9.99639E-05 0.285291 9.99639E-05 0.493785 0.0301344 0.0314592 9.99639E-05
9.99369E-05 0.0157579 9.99369E-05 0.95416 9.99369E-05 0.00343686 9.99369E-05 0.025946 9.99369E-05 9.99369E-05 9.99369E-05
9.99281E-05 0.973983 9.99281E-05 0.000731503 9.99281E-05 9.99281E-05 9.99281E-05 9.99281E-05 9.99281E-05 0.0244862 9.99281E-05
0.219314 0.0880066 9.99459E-05 9.99459E-05 0.0183343 0.0535529 9.99459E-05 9.99459E-05 9.99459E-05 9.99459E-05 0.620193
9.99101E-05 9.99101E-05 9.99101E-05 9.99101E-05 9.99101E-05 0.999001 9.99101E-05 9.99101E-05 9.99101E-05 9.99101E-05 9.99101E-05
9.99369E-05 0.206377 9.99369E-05 0.0724844 9.99369E-05 0.154443 9.99369E-05 9.99369E-05 9.99369E-05 9.99369E-05 0.565996
9.99459E-05 0.243275 9.99459E-05 0.0580857 0.0131784 0.1179 9.99459E-05 9.99459E-05 9.99459E-05 9.99459E-05 0.566962
9.99278E-05 0.0127391 9.99278E-05 9.99278E-05 9.99278E-05 9.99278E-05 9.99278E-05 9.99278E-05 9.99278E-05 0.133525 0.852937
0.0510737 0.10615 9.9937E-05 9.9937E-05 9.9937E-05 9.9937E-05 9.9937E-05 0.232451 9.9937E-05 9.9937E-05 0.609626
9.99189E-05 9.99189E-05 9.99189E-05 9.99189E-05 9.99189E-05 9.99189E-05 9.99189E-05 9.99189E-05 9.99189E-05 0.172912 0.826189
9.99549E-05 0.0180958 0.0161708 9.99549E-05 9.99549E-05 9.99549E-05 0.0708936 0.0251872 9.99549E-05 0.418715 0.450438
0.0228749 0.103852 9.99549E-05 0.048287 0.027775 9.99549E-05 9.99549E-05 9.99549E-05 9.99549E-05 0.24829 0.548421
0.00491249 0.193555 9.9973E-05 0.045271 9.9973E-05 0.12113 9.9973E-05 0.0589579 0.0845405 0.328948 0.162385
9.99195E-05 0.971076 9.99195E-05 9.99195E-05 9.99195E-05 9.99195E-05 0.0280252 9.99195E-05 9.99195E-05 9.99195E-05 9.99195E-05
9.99101E-05 9.99101E-05 9.99101E-05 9.99101E-05 9.99101E-05 9.99101E-05 9.99101E-05 9.99101E-05 0.999001 9.99101E-05 9.99101E-05
9.99101E-05 9.99101E-05 9.99101E-05 9.99101E-05 9.99101E-05 9.99101E-05 9.99101E-05 9.99101E-05 0.999001 9.99101E-05 9.99101E-05
9.99191E-05 9.99191E-05 9.99191E-05 9.99191E-05 9.99191E-05 9.99191E-05 9.99191E-05 9.99191E-05 0.995707 0.00339327 9.99191E-05
9.99191E-05 9.99191E-05 9.99191E-05 9.99191E-05 9.99191E-05 9.99191E-05 0.00607767 9.99191E-05 0.993023 9.99191E-05 9.99191E-05
9.99101E-05 9.99101E-05 9.99101E-05 9.99101E-05 9.99101E-05 9.99101E-05 9.99101E-05 9.99101E-05 0.999001 9.99101E-05 9.99101E-05
0.236351 9.99552E-05 9.99552E-05 0.182599 0.0327034 9.99552E-05 9.99552E-05 0.0209451 0.448669 9.99552E-05 0.0782327
0.0298505 0.0360011 9.9928E-05 9.9928E-05 9.9928E-05 9.9928E-05 9.9928E-05 9.9928E-05 0.933349 9.9928E-05 9.9928E-05
9.99369E-05 0.833186 9.99369E-05 9.99369E-05 9.99369E-05 9.99369E-05 9.99369E-05 0.080646 9.99369E-05 0.00443337 0.081035
0.856683 0.0557971 0.0378965 9.99367E-05 9.99367E-05 9.99367E-05 9.99367E-05 9.99367E-05 0.0489243 9.99367E-05 9.99367E-05
9.99189E-05 9.99189E-05 9.99189E-05 0.994934 9.99189E-05 0.00416665 9.99189E-05 9.99189E-05 9.99189E-05 9.99189E-05 9.99189E-05
9.9937E-05 0.0465902 0.0513438 9.9937E-05 9.9937E-05 9.9937E-05 9.9937E-05 0.899462 0.0019044 9.9937E-05 9.9937E-05
9.99371E-05 0.137696 9.99371E-05 0.0550928 9.99371E-05 9.99371E-05 9.99371E-05 0.327426 9.99371E-05 9.99371E-05 0.479086
9.99283E-05 9.99283E-05 9.99283E-05 9.99283E-05 9.99283E-05 0.005388 0.00272409 0.991088 9.99283E-05 9.99283E-05 9.99283E-05
9.99293E-05 9.99293E-05 9.99293E-05 9.99293E-05 9.99293E-05 9.99293E-05 9.99293E-05 0.876817 9.99293E-05 0.0149924 0.107392
9.99368E-05 9.99368E-05 0.0866696 9.99368E-05 9.99368E-05 0.0166685 9.99368E-05 0.845914 9.99368E-05 0.0500486 9.99368E-05
9.9919E-05 0.0170216 9.9919E-05 9.9919E-05 0.982079 9.9919E-05 9.9919E-05 9.9919E-05 9.9919E-05 9.9919E-05 9.9919E-05
9.99104E-05 9.99104E-05 9.99104E-05 0.999001 9.99104E-05 9.99104E-05 9.99104E-05 9.99104E-05 9.99104E-05 9.99104E-05 9.99104E-05
0.0247647 0.0896283 9.9964E-05 0.323625 9.9964E-05 9.9964E-05 0.0228482 0.174003 0.114092 0.250639 9.9964E-05
0.0127161 9.99462E-05 9.99462E-05 0.942372 9.99462E-05 9.99462E-05 9.99462E-05 0.0260769 0.0142181 9.99462E-05 0.00401704
9.9937E-05 0.0190439 9.9937E-05 0.899488 9.9937E-05 0.0447881 9.9937E-05 9.9937E-05 0.0359807 9.9937E-05 9.9937E-05
9.9928E-05 9.9928E-05 9.9928E-05 0.918149 9.9928E-05 9.9928E-05 9.9928E-05 0.0339517 0.0471003 9.9928E-05 9.9928E-05
0.0130797 0.027452 9.99551E-05 0.934003 9.99551E-05 9.99551E-05 0.0085945 0.00433068 0.0120406 9.99551E-05 9.99551E-05
0.0535306 0.0100715 0.0106866 0.879062 9.99551E-05 9.99551E-05 9.99551E-05 9.99551E-05 9.99551E-05 0.0156252 0.0305244
9.99189E-05 9.99189E-05 9.99189E-05 0.958697 9.99189E-05 0.040404 9.99189E-05 9.99189E-05 9.99189E-05 9.99189E-05 9.99189E-05
0.440534 9.99373E-05 9.99373E-05 0.419628 9.99373E-05 0.0269705 9.99373E-05 9.99373E-05 0.112169 9.99373E-05 9.99373E-05
0.488846 9.99373E-05 9.99373E-05 0.417673 9.99373E-05 9.99373E-05 9.99373E-05 0.0627605 0.0300205 9.99373E-05 9.99373E-05
9.9955E-05 0.0136991 9.9955E-05 0.917359 9.9955E-05 9.9955E-05 0.00621163 0.012273 0.0369878 0.0129697 9.9955E-05
0.0834609 0.032042 0.00264017 0.0711906 9.9964E-05 0.0376539 9.9964E-05 0.0598632 9.9964E-05 9.9964E-05 0.712749
0.037381 0.030719 9.9955E-05 0.0741925 9.9955E-05 9.9955E-05 9.9955E-05 0.129961 0.0188055 9.9955E-05 0.708441
9.99101E-05 9.99101E-05 0.999001 9.99101E-05 9.99101E-05 9.99101E-05 9.99101E-05 9.99101E-05 9.99101E-05 9.99101E-05 9.99101E-05
9.99102E-05 9.99102E-05 0.999001 9.99102E-05 9.99102E-05 9.99102E-05 9.99102E-05 9.99102E-05 9.99102E-05 9.99102E-05 9.99102E-05
0.00414705 9.9928E-05 9.9928E-05 9.9928E-05 9.9928E-05 9.9928E-05 9.9928E-05 9.9928E-05 0.00329819 9.9928E-05 0.991755
9.99279E-05 9.99279E-05 9.99279E-05 9.99279E-05 9.99279E-05 9.99279E-05 0.0171555 0.0377358 9.99279E-05 9.99279E-05 0.944309
0.00815469 9.99282E-05 0.990476 9.99282E-05 9.99282E-05 0.000569607 9.99282E-05 9.99282E-05 9.99282E-05 9.99282E-05 9.99282E-05
9.99281E-05 0.00569111 0.993362 9.99281E-05 9.99281E-05 9.99281E-05 9.99281E-05 9.99281E-05 0.000147126 9.99281E-05 9.99281E-05
9.99279E-05 0.95662 9.99279E-05 9.99279E-05 9.99279E-05 9.99279E-05 9.99279E-05 0.0372089 0.00537126 9.99279E-05 9.99279E-05
0.0512551 0.05496 9.9946E-05 9.9946E-05 0.055456 9.9946E-05 9.9946E-05 0.26469 9.9946E-05 9.9946E-05 0.573039
0.864284 0.0372423 0.0126257 9.99458E-05 9.99458E-05 9.99458E-05 9.99458E-05 9.99458E-05 0.0718365 0.0134114 9.99458E-05
9.99101E-05 9.99101E-05 9.99101E-05 9.99101E-05 9.99101E-05 9.99101E-05 9.99101E-05 9.99101E-05 9.99101E-05 0.999001 9.99101E-05
9.994E-05 0.12626 0.0470314 9.994E-05 9.994E-05 0.117479 9.994E-05 0.155922 9.994E-05 0.552708 9.994E-05
0.256486 9.99462E-05 0.0302789 0.532112 0.0151137 9.99462E-05 9.99462E-05 9.99462E-05 0.16541 9.99462E-05 9.99462E-05
