0.9998 9.999E-05 9.999E-05
0.487415 9.9991E-05 0.512485
0.0511926 0.0645773 0.88423
9.999E-05 9.999E-05 0.9998
0.344776 9.9991E-05 0.655124
9.999E-05 9.999E-05 0.9998
0.664885 9.99911E-05 0.335015
0.195866 9.9991E-05 0.804034
0.628896 9.9991E-05 0.371004
0.975224 9.9991E-05 0.024676
0.9998 9.999E-05 9.999E-05
0.941853 9.9991E-05 0.0580466
0.964179 9.99911E-05 0.0357205
9.9991E-05 0.00482356 0.995076
9.9991E-05 0.0186184 0.981282
0.974689 9.9991E-05 0.0252106
0.793553 0.176478 0.0299686
0.210401 0.759189 0.03041
9.999E-05 0.9998 9.999E-05
0.9998 9.999E-05 9.999E-05
9.999E-05 0.9998 9.999E-05
0.9998 9.999E-05 9.999E-05
0.399478 0.520945 0.0795768
0.0259213 0.973979 9.9991E-05
9.999E-05 9.999E-05 0.9998
9.999E-05 9.999E-05 0.9998
0.9998 9.999E-05 9.999E-05
9.999E-05 9.999E-05 0.9998
9.999E-05 9.999E-05 0.9998
0.0237544 0.0447189 0.931527
9.9991E-05 0.0355086 0.964391
0.419577 9.99911E-05 0.580323
9.999E-05 9.999E-05 0.9998
0.1642 9.9991E-05 0.8357
0.930481 9.9991E-05 0.0694193
9.999E-05 9.999E-05 0.9998
0.960087 9.9991E-05 0.0398126
0.817904 0.0150055 0.167091
0.670801 0.166776 0.162423
0.910049 9.9991E-05 0.0898506
0.920581 0.00591879 0.0735004
0.99793 0.00197019 9.9991E-05
0.985973 9.9991E-05 0.0139268
0.978402 0.00440819 0.0171895
0.836855 0.163045 9.9991E-05
0.833544 0.0422272 0.124229
0.82808 0.00483317 0.167087
0.973091 0.0268088 9.99911E-05
0.130284 0.0186805 0.851035
0.16979 0.0165615 0.813649
0.180395 0.021323 0.798282
0.168544 0.0123106 0.819145
0.119533 0.00558418 0.874883
0.202472 0.019847 0.777681
0.216554 9.9991E-05 0.783346
0.9998 9.999E-05 9.999E-05
0.451469 9.9991E-05 0.548431
9.999E-05 9.999E-05 0.9998
0.9998 9.999E-05 9.999E-05
0.940261 9.9991E-05 0.0596393
0.9998 9.999E-05 9.999E-05
0.9998 9.999E-05 9.999E-05
0.970427 0.029473 9.9991E-05
0.0664738 0.921247 0.0122788
9.999E-05 9.999E-05 0.9998
0.485945 0.0487448 0.46531
9.999E-05 9.999E-05 0.9998
9.999E-05 9.999E-05 0.9998
9.999E-05 9.999E-05 0.9998
9.999E-05 9.999E-05 0.9998
0.0199241 9.9991E-05 0.979976
9.999E-05 9.999E-05 0.9998
0.0710213 9.99911E-05 0.928879
0.0933232 0.0180995 0.888577
9.999E-05 9.999E-05 0.9998
0.847093 9.9991E-05 0.152807
0.859772 9.9991E-05 0.140128
0.611692 0.290239 0.098068
0.643082 0.267841 0.0890763
0.955065 9.9991E-05 0.044835
0.977795 9.9991E-05 0.0221046
0.632933 0.262575 0.104492
0.634173 0.248763 0.117065
0.981586 9.9991E-05 0.0183142
0.965073 0.0275514 0.00737582
0.395106 9.9991E-05 0.604794
0.717083 0.185623 0.0972943
0.847989 0.149437 0.00257429
0.0155706 0.0752684 0.909161
