0.0341802 9.9982E-05 0.96562 9.9982E-05
0.320156 0.288951 0.390793 9.9991E-05
0.084547 0.81336 0.0300355 0.0720576
9.998E-05 0.9997 9.998E-05 9.998E-05
0.35874 0.413061 0.228099 9.9991E-05
9.9982E-05 0.995768 9.9982E-05 0.00403168
0.414316 0.0261057 0.559479 9.99911E-05
0.474137 0.409301 0.116462 9.9991E-05
0.508981 9.99821E-05 0.490819 9.99821E-05
0.152629 9.9982E-05 0.847171 9.9982E-05
0.144562 9.9982E-05 0.855238 9.9982E-05
9.9982E-05 0.0713609 0.928439 9.9982E-05
9.99821E-05 0.0624673 0.937333 9.99821E-05
9.999E-05 0.946659 0.0383106 0.0149307
0.00163522 0.961543 0.0247722 0.0120498
0.110164 0.00191982 0.887816 9.9991E-05
9.9991E-05 0.0706462 0.721989 0.207265
0.0524434 9.9991E-05 0.200786 0.74667
9.998E-05 9.998E-05 9.998E-05 0.9997
0.0103996 9.9982E-05 0.9894 9.9982E-05
9.998E-05 9.998E-05 9.998E-05 0.9997
9.998E-05 9.998E-05 0.9997 9.998E-05
0.0678797 0.0245916 0.337426 0.570103
9.998E-05 9.998E-05 9.998E-05 0.9997
0.00200348 0.997797 9.9982E-05 9.9982E-05
9.998E-05 0.9997 9.998E-05 9.998E-05
9.998E-05 9.998E-05 0.9997 9.998E-05
0.0654828 0.934317 9.9982E-05 9.9982E-05
0.0895838 0.910216 9.9982E-05 9.9982E-05
0.260662 0.707872 9.9991E-05 0.0313658
0.312126 0.673525 9.9991E-05 0.0142493
0.662028 0.0614212 0.276451 9.9991E-05
9.998E-05 0.9997 9.998E-05 9.998E-05
0.890164 0.109636 9.9982E-05 9.9982E-05
9.9982E-05 0.102234 0.897566 9.9982E-05
9.998E-05 0.9997 9.998E-05 9.998E-05
9.99821E-05 0.0642309 0.935569 9.99821E-05
0.213386 9.9991E-05 0.760633 0.0258804
9.9991E-05 0.191929 0.618789 0.189182
9.9982E-05 0.135912 0.863888 9.9982E-05
0.024769 0.0666479 0.9011 0.00748274
0.00862659 9.9991E-05 0.967983 0.0232908
0.089737 9.9982E-05 0.910063 9.9982E-05
0.0838194 9.9982E-05 0.915981 9.9982E-05
0.0530775 9.9991E-05 0.778317 0.168506
0.0831734 0.0647876 0.823294 0.028745
0.0764656 0.110719 0.805868 0.00694793
0.0199574 9.99911E-05 0.971626 0.00831679
0.9997 9.998E-05 9.998E-05 9.998E-05
0.9997 9.998E-05 9.998E-05 9.998E-05
0.9997 9.998E-05 9.998E-05 9.998E-05
0.9997 9.998E-05 9.998E-05 9.998E-05
0.9997 9.998E-05 9.998E-05 9.998E-05
0.65339 0.180187 0.114757 0.0516657
0.9997 9.998E-05 9.998E-05 9.998E-05
9.998E-05 9.998E-05 0.9997 9.998E-05
0.572149 0.101124 0.326627 9.9991E-05
9.998E-05 0.9997 9.998E-05 9.998E-05
9.99821E-05 0.0200066 0.979793 9.99821E-05
0.00208433 0.083278 0.914538 9.9991E-05
9.99822E-05 0.0050122 0.994788 9.99822E-05
9.998E-05 9.998E-05 0.9997 9.998E-05
9.9982E-05 9.9982E-05 0.981475 0.0183255
0.0295066 9.9991E-05 0.0627883 0.907605
9.998E-05 0.9997 9.998E-05 9.998E-05
0.0921718 0.410867 0.444947 0.052015
0.0128067 0.986993 9.99821E-05 9.99821E-05
0.0150631 0.951605 0.0332321 9.9991E-05
0.0830146 0.916785 9.9982E-05 9.9982E-05
0.0635944 0.936206 9.9982E-05 9.9982E-05
0.00787872 0.947635 0.0443859 9.9991E-05
9.998E-05 0.9997 9.998E-05 9.998E-05
0.504541 0.495259 9.99821E-05 9.99821E-05
0.396534 0.529514 0.0596888 0.0142632
0.0267087 0.968207 0.00498459 9.9991E-05
0.140492 0.0528668 0.806541 9.9991E-05
0.128993 0.0619354 0.808971 9.9991E-05
9.9991E-05 0.144002 0.586435 0.269464
9.9991E-05 0.133489 0.585007 0.281404
0.129554 9.9991E-05 0.864072 0.00627384
0.133568 9.9982E-05 0.866232 9.9982E-05
9.9991E-05 0.156172 0.554337 0.28939
9.9991E-05 0.16764 0.553411 0.278848
0.0361927 9.9982E-05 0.963607 9.9982E-05
0.0654155 9.9991E-05 0.907934 0.0265504
0.641863 0.0793002 0.278737 9.9991E-05
9.9991E-05 0.0845525 0.694389 0.220958
9.9991E-05 0.0359895 0.790864 0.173047
0.301666 0.621522 9.9991E-05 0.0767119
