9.98649E-05 9.98649E-05 9.98649E-05 0.0178784 9.98649E-05 0.00137323 9.98649E-05 9.98649E-05 9.98649E-05 9.98649E-05 9.98649E-05 9.98649E-05 9.98649E-05 0.0274001 0.00084643 9.98649E-05 9.98649E-05 0.951004 9.98649E-05 9.98649E-05
9.98559E-05 9.98559E-05 0.0390488 9.98559E-05 9.98559E-05 9.98559E-05 9.98559E-05 9.98559E-05 9.98559E-05 9.98559E-05 0.656698 9.98559E-05 9.98559E-05 9.98559E-05 9.98559E-05 0.122502 0.180154 9.98559E-05 9.98559E-05 9.98559E-05
9.98292E-05 9.98292E-05 9.98292E-05 9.98292E-05 9.98292E-05 9.98292E-05 9.98292E-05 9.98292E-05 9.98292E-05 9.98292E-05 9.98292E-05 0.998103 9.98292E-05 9.98292E-05 9.98292E-05 9.98292E-05 9.98292E-05 9.98292E-05 9.98292E-05 9.98292E-05
0.0182517 0.0333738 9.98651E-05 9.98651E-05 9.98651E-05 9.98651E-05 9.98651E-05 9.98651E-05 9.98651E-05 9.98651E-05 9.98651E-05 9.98651E-05 0.0159911 9.98651E-05 0.0313704 0.899515 9.98651E-05 9.98651E-05 9.98651E-05 9.98651E-05
0.15158 0.0273418 9.99012E-05 9.99012E-05 0.118537 0.207284 9.99012E-05 9.99012E-05 9.99012E-05 9.99012E-05 0.0861079 0.0415925 0.0493094 9.99012E-05 9.99012E-05 0.280542 0.0366067 9.99012E-05 9.99012E-05 9.99012E-05
0.00283778 9.98651E-05 0.0268491 9.98651E-05 9.98651E-05 9.98651E-05 9.98651E-05 9.98651E-05 9.98651E-05 9.98651E-05 9.98651E-05 9.98651E-05 9.98651E-05 9.98651E-05 9.98651E-05 0.94563 0.0131151 9.98651E-05 0.01007 9.98651E-05
9.98294E-05 9.98294E-05 9.98294E-05 9.98294E-05 0.998103 9.98294E-05 9.98294E-05 9.98294E-05 9.98294E-05 9.98294E-05 9.98294E-05 9.98294E-05 9.98294E-05 9.98294E-05 9.98294E-05 9.98294E-05 9.98294E-05 9.98294E-05 9.98294E-05 9.98294E-05
0.3631 9.98829E-05 0.33043 9.98829E-05 9.98829E-05 9.98829E-05 9.98829E-05 9.98829E-05 9.98829E-05 9.98829E-05 0.0925855 0.024553 0.0726283 0.102251 0.0131532 9.98829E-05 9.98829E-05 9.98829E-05 9.98829E-05 9.98829E-05
9.98382E-05 9.98382E-05 9.98382E-05 9.98382E-05 0.958605 9.98382E-05 9.98382E-05 9.98382E-05 9.98382E-05 9.98382E-05 0.0395983 9.98382E-05 9.98382E-05 9.98382E-05 9.98382E-05 9.98382E-05 9.98382E-05 9.98382E-05 9.98382E-05 9.98382E-05
9.98291E-05 9.98291E-05 9.98291E-05 9.98291E-05 9.98291E-05 0.998103 9.98291E-05 9.98291E-05 9.98291E-05 9.98291E-05 9.98291E-05 9.98291E-05 9.98291E-05 9.98291E-05 9.98291E-05 9.98291E-05 9.98291E-05 9.98291E-05 9.98291E-05 9.98291E-05
9.98291E-05 9.98291E-05 9.98291E-05 9.98291E-05 9.98291E-05 0.998103 9.98291E-05 9.98291E-05 9.98291E-05 9.98291E-05 9.98291E-05 9.98291E-05 9.98291E-05 9.98291E-05 9.98291E-05 9.98291E-05 9.98291E-05 9.98291E-05 9.98291E-05 9.98291E-05
9.98742E-05 0.0209798 9.98742E-05 9.98742E-05 0.0176072 9.98742E-05 9.98742E-05 9.98742E-05 9.98742E-05 9.98742E-05 9.98742E-05 0.00418442 9.98742E-05 9.98742E-05 0.108528 9.98742E-05 9.98742E-05 0.795162 0.05214 9.98742E-05
0.0102593 0.00238593 0.0179438 9.98654E-05 0.00135457 9.98654E-05 9.98654E-05 9.98654E-05 9.98654E-05 9.98654E-05 9.98654E-05 9.98654E-05 9.98654E-05 9.98654E-05 9.98654E-05 9.98654E-05 9.98654E-05 9.98654E-05 0.966558 9.98654E-05
9.98651E-05 9.98651E-05 9.98651E-05 9.98651E-05 9.98651E-05 9.98651E-05 9.98651E-05 9.98651E-05 9.98651E-05 0.00258331 0.0203796 9.98651E-05 9.98651E-05 9.98651E-05 9.98651E-05 0.94963 9.98651E-05 0.0169746 9.98651E-05 0.00893428
9.98561E-05 9.98561E-05 9.98561E-05 0.0157249 9.98561E-05 9.98561E-05 9.98561E-05 0.0080382 9.98561E-05 9.98561E-05 9.98561E-05 9.98561E-05 9.98561E-05 9.98561E-05 9.98561E-05 0.960349 0.0142907 9.98561E-05 9.98561E-05 9.98561E-05
9.98651E-05 9.98651E-05 9.98651E-05 9.98651E-05 9.98651E-05 0.0641527 0.0086063 0.00423767 0.796433 9.98651E-05 9.98651E-05 9.98651E-05 9.98651E-05 9.98651E-05 9.98651E-05 9.98651E-05 9.98651E-05 9.98651E-05 0.125072 9.98651E-05
9.98648E-05 9.98648E-05 9.98648E-05 0.0287141 9.98648E-05 0.0282988 0.885864 9.98648E-05 0.00458867 9.98648E-05 9.98648E-05 9.98648E-05 9.98648E-05 0.051036 9.98648E-05 9.98648E-05 9.98648E-05 9.98648E-05 9.98648E-05 9.98648E-05
9.98829E-05 9.98829E-05 9.98829E-05 0.0325807 9.98829E-05 0.0369083 0.00446293 9.98829E-05 9.98829E-05 0.778041 0.0106657 9.98829E-05 0.0174695 9.98829E-05 9.98829E-05 9.98829E-05 0.118573 9.98829E-05 9.98829E-05 9.98829E-05
9.98293E-05 9.98293E-05 9.98293E-05 9.98293E-05 9.98293E-05 9.98293E-05 9.98293E-05 9.98293E-05 9.98293E-05 9.98293E-05 9.98293E-05 9.98293E-05 9.98293E-05 9.98293E-05 9.98293E-05 9.98293E-05 9.98293E-05 9.98293E-05 9.98293E-05 0.998103
9.99008E-05 9.99008E-05 9.99008E-05 9.99008E-05 9.99008E-05 0.23266 0.0743893 0.00743118 0.305676 9.99008E-05 9.99008E-05 9.99008E-05 9.99008E-05 0.229235 0.0357667 9.99008E-05 0.0035932 0.0964546 9.99008E-05 0.0136955
9.9847E-05 9.9847E-05 9.9847E-05 0.0241338 9.9847E-05 9.9847E-05 9.9847E-05 9.9847E-05 9.9847E-05 0.876524 9.9847E-05 9.9847E-05 9.9847E-05 9.9847E-05 9.9847E-05 9.9847E-05 9.9847E-05 9.9847E-05 9.9847E-05 0.0976447
9.9892E-05 9.9892E-05 9.9892E-05 9.9892E-05 9.9892E-05 0.0273972 0.00254161 0.0403192 0.169011 0.000759774 9.9892E-05 9.9892E-05 9.9892E-05 9.9892E-05 9.9892E-05 9.9892E-05 0.296166 0.397247 0.0653591 9.9892E-05
9.98291E-05 9.98291E-05 9.98291E-05 0.998103 9.98291E-05 9.98291E-05 9.98291E-05 9.98291E-05 9.98291E-05 9.98291E-05 9.98291E-05 9.98291E-05 9.98291E-05 9.98291E-05 9.98291E-05 9.98291E-05 9.98291E-05 9.98291E-05 9.98291E-05 9.98291E-05
9.98471E-05 9.98471E-05 9.98471E-05 0.0756521 9.98471E-05 9.98471E-05 9.98471E-05 9.98471E-05 9.98471E-05 0.0121572 9.98471E-05 9.98471E-05 9.98471E-05 9.98471E-05 9.98471E-05 9.98471E-05 9.98471E-05 9.98471E-05 9.98471E-05 0.910493
9.98385E-05 0.706133 9.98385E-05 9.98385E-05 9.98385E-05 9.98385E-05 9.98385E-05 9.98385E-05 9.98385E-05 9.98385E-05 9.98385E-05 9.98385E-05 9.98385E-05 9.98385E-05 9.98385E-05 0.29207 9.98385E-05 9.98385E-05 9.98385E-05 9.98385E-05
9.98563E-05 0.219366 9.98563E-05 9.98563E-05 9.98563E-05 9.98563E-05 9.98563E-05 9.98563E-05 9.98563E-05 9.98563E-05 0.00600529 9.98563E-05 0.00025276 9.98563E-05 9.98563E-05 0.772778 9.98563E-05 9.98563E-05 9.98563E-05 9.98563E-05
9.98738E-05 9.98738E-05 9.98738E-05 9.98738E-05 9.98738E-05 0.01292 9.98738E-05 0.0409703 0.0180199 9.98738E-05 9.98738E-05 9.98738E-05 9.98738E-05 0.106917 0.0460197 9.98738E-05 9.98738E-05 9.98738E-05 0.773755 9.98738E-05
9.98293E-05 0.998103 9.98293E-05 9.98293E-05 9.98293E-05 9.98293E-05 9.98293E-05 9.98293E-05 9.98293E-05 9.98293E-05 9.98293E-05 9.98293E-05 9.98293E-05 9.98293E-05 9.98293E-05 9.98293E-05 9.98293E-05 9.98293E-05 9.98293E-05 9.98293E-05
9.98383E-05 0.992257 9.98383E-05 9.98383E-05 0.0059464 9.98383E-05 9.98383E-05 9.98383E-05 9.98383E-05 9.98383E-05 9.98383E-05 9.98383E-05 9.98383E-05 9.98383E-05 9.98383E-05 9.98383E-05 9.98383E-05 9.98383E-05 9.98383E-05 9.98383E-05
0.564048 0.138289 9.98743E-05 9.98743E-05 9.98743E-05 9.98743E-05 9.98743E-05 9.98743E-05 9.98743E-05 9.98743E-05 9.98743E-05 9.98743E-05 0.0619859 9.98743E-05 0.0112534 0.168635 9.98743E-05 0.0543911 9.98743E-05 9.98743E-05
0.920706 9.98468E-05 9.98468E-05 9.98468E-05 9.98468E-05 9.98468E-05 0.00704285 9.98468E-05 9.98468E-05 9.98468E-05 9.98468E-05 9.98468E-05 9.98468E-05 9.98468E-05 9.98468E-05 0.0705537 9.98468E-05 9.98468E-05 9.98468E-05 9.98468E-05
9.98296E-05 9.98296E-05 9.98296E-05 9.98296E-05 9.98296E-05 9.98296E-05 9.98296E-05 9.98296E-05 9.98296E-05 9.98296E-05 0.998103 9.98296E-05 9.98296E-05 9.98296E-05 9.98296E-05 9.98296E-05 9.98296E-05 9.98296E-05 9.98296E-05 9.98296E-05
0.00442813 0.347363 0.165489 9.98742E-05 9.98742E-05 9.98742E-05 9.98742E-05 9.98742E-05 9.98742E-05 9.98742E-05 9.98742E-05 0.0278752 9.98742E-05 9.98742E-05 9.98742E-05 0.445522 0.00792475 9.98742E-05 9.98742E-05 9.98742E-05
0.0457893 0.0413743 0.175167 9.98833E-05 9.98833E-05 9.98833E-05 9.98833E-05 9.98833E-05 9.98833E-05 9.98833E-05 0.00379953 0.00541577 0.713683 9.98833E-05 0.0134729 9.98833E-05 9.98833E-05 9.98833E-05 9.98833E-05 9.98833E-05
0.065597 9.98825E-05 9.98825E-05 9.98825E-05 9.98825E-05 0.0698445 0.249261 0.00886342 9.98825E-05 9.98825E-05 9.98825E-05 9.98825E-05 9.98825E-05 9.98825E-05 0.0744634 9.98825E-05 0.0360393 9.98825E-05 0.494633 9.98825E-05
9.9856E-05 0.633651 0.0356695 9.9856E-05 9.9856E-05 9.9856E-05 9.9856E-05 9.9856E-05 9.9856E-05 9.9856E-05 9.9856E-05 9.9856E-05 9.9856E-05 9.9856E-05 9.9856E-05 0.294405 0.0346775 9.9856E-05 9.9856E-05 9.9856E-05
9.98563E-05 9.98563E-05 0.0111949 9.98563E-05 9.98563E-05 9.98563E-05 9.98563E-05 0.029819 9.98563E-05 9.98563E-05 9.98563E-05 0.0235138 9.98563E-05 9.98563E-05 9.98563E-05 9.98563E-05 9.98563E-05 0.933875 9.98563E-05 9.98563E-05
9.9883E-05 9.9883E-05 0.0827267 0.000469652 9.9883E-05 0.0491223 9.9883E-05 9.9883E-05 9.9883E-05 9.9883E-05 0.131603 9.9883E-05 9.9883E-05 0.687922 9.9883E-05 9.9883E-05 0.0389539 0.00790378 9.9883E-05 9.9883E-05
9.98379E-05 9.98379E-05 0.0224578 9.98379E-05 9.98379E-05 9.98379E-05 0.975745 9.98379E-05 9.98379E-05 9.98379E-05 9.98379E-05 9.98379E-05 9.98379E-05 9.98379E-05 9.98379E-05 9.98379E-05 9.98379E-05 9.98379E-05 9.98379E-05 9.98379E-05
9.98471E-05 9.98471E-05 9.98471E-05 9.98471E-05 9.98471E-05 9.98471E-05 0.0164947 9.98471E-05 9.98471E-05 9.98471E-05 9.98471E-05 9.98471E-05 9.98471E-05 9.98471E-05 9.98471E-05 0.00457008 0.977238 9.98471E-05 9.98471E-05 9.98471E-05
9.98561E-05 9.98561E-05 9.98561E-05 9.98561E-05 9.98561E-05 0.00407065 9.98561E-05 0.0121611 9.98561E-05 9.98561E-05 9.98561E-05 9.98561E-05 9.98561E-05 9.98561E-05 9.98561E-05 9.98561E-05 0.979286 0.00288458 9.98561E-05 9.98561E-05
9.98739E-05 9.98739E-05 9.98739E-05 9.98739E-05 9.98739E-05 0.310818 0.0364259 0.0243097 9.98739E-05 9.98739E-05 9.98739E-05 9.98739E-05 9.98739E-05 0.549539 9.98739E-05 9.98739E-05 0.0512731 9.98739E-05 9.98739E-05 0.0262353
9.98651E-05 9.98651E-05 9.98651E-05 9.98651E-05 0.0917957 9.98651E-05 9.98651E-05 0.0454153 0.837532 9.98651E-05 9.98651E-05 9.98651E-05 9.98651E-05 0.0115389 9.98651E-05 9.98651E-05 9.98651E-05 9.98651E-05 9.98651E-05 0.01222
9.98649E-05 9.98649E-05 9.98649E-05 9.98649E-05 9.98649E-05 0.419103 0.0645175 9.98649E-05 9.98649E-05 9.98649E-05 9.98649E-05 9.98649E-05 9.98649E-05 0.493535 9.98649E-05 9.98649E-05 9.98649E-05 0.0147279 0.00661854 9.98649E-05
9.98829E-05 9.98829E-05 9.98829E-05 0.126091 9.98829E-05 9.98829E-05 9.98829E-05 0.00601716 9.98829E-05 9.98829E-05 9.98829E-05 9.98829E-05 9.98829E-05 0.623499 0.031243 9.98829E-05 0.0373348 9.98829E-05 0.0976496 0.0768661
0.105084 9.98832E-05 9.98832E-05 9.98832E-05 9.98832E-05 9.98832E-05 0.0153772 9.98832E-05 0.0492147 9.98832E-05 9.98832E-05 0.00919812 9.98832E-05 0.730278 9.98832E-05 9.98832E-05 0.0708738 0.0186759 9.98832E-05 9.98832E-05
0.07449 9.9901E-05 9.9901E-05 9.9901E-05 0.0454214 9.9901E-05 0.346839 0.122857 9.9901E-05 9.9901E-05 9.9901E-05 0.0348364 9.9901E-05 0.280742 0.00212282 9.9901E-05 9.9901E-05 0.0276339 0.0639584 9.9901E-05
9.98292E-05 9.98292E-05 9.98292E-05 9.98292E-05 9.98292E-05 9.98292E-05 9.98292E-05 0.998103 9.98292E-05 9.98292E-05 9.98292E-05 9.98292E-05 9.98292E-05 9.98292E-05 9.98292E-05 9.98292E-05 9.98292E-05 9.98292E-05 9.98292E-05 9.98292E-05
9.98383E-05 9.98383E-05 9.98383E-05 9.98383E-05 0.00619426 9.98383E-05 9.98383E-05 9.98383E-05 9.98383E-05 9.98383E-05 9.98383E-05 9.98383E-05 0.992009 9.98383E-05 9.98383E-05 9.98383E-05 9.98383E-05 9.98383E-05 9.98383E-05 9.98383E-05
9.98383E-05 9.98383E-05 9.98383E-05 9.98383E-05 9.98383E-05 9.98383E-05 0.00117306 9.98383E-05 9.98383E-05 9.98383E-05 9.98383E-05 9.98383E-05 0.99703 9.98383E-05 9.98383E-05 9.98383E-05 9.98383E-05 9.98383E-05 9.98383E-05 9.98383E-05
9.98383E-05 9.98383E-05 9.98383E-05 9.98383E-05 9.98383E-05 9.98383E-05 9.98383E-05 9.98383E-05 9.98383E-05 9.98383E-05 9.98383E-05 9.98383E-05 0.984319 0.0138839 9.98383E-05 9.98383E-05 9.98383E-05 9.98383E-05 9.98383E-05 9.98383E-05
9.98474E-05 0.0115151 9.98474E-05 9.98474E-05 9.98474E-05 9.98474E-05 9.98474E-05 9.98474E-05 9.98474E-05 0.00111035 9.98474E-05 9.98474E-05 0.985677 9.98474E-05 9.98474E-05 9.98474E-05 9.98474E-05 9.98474E-05 9.98474E-05 9.98474E-05
9.98293E-05 9.98293E-05 9.98293E-05 9.98293E-05 9.98293E-05 9.98293E-05 9.98293E-05 9.98293E-05 9.98293E-05 9.98293E-05 9.98293E-05 9.98293E-05 0.998103 9.98293E-05 9.98293E-05 9.98293E-05 9.98293E-05 9.98293E-05 9.98293E-05 9.98293E-05
0.280744 9.99012E-05 0.129205 0.119436 0.0612292 0.0104542 9.99012E-05 0.000656961 0.0109688 9.99012E-05 0.0163488 9.99012E-05 0.369858 9.99012E-05 9.99012E-05 9.99012E-05 9.99012E-05 9.99012E-05 9.99012E-05 9.99012E-05
9.98651E-05 9.98651E-05 9.98651E-05 9.98651E-05 9.98651E-05 9.98651E-05 9.98651E-05 0.0150391 0.00935026 9.98651E-05 0.0539221 9.98651E-05 0.918691 9.98651E-05 0.00149973 9.98651E-05 9.98651E-05 9.98651E-05 9.98651E-05 9.98651E-05
9.98381E-05 9.98381E-05 9.98381E-05 9.98381E-05 9.98381E-05 9.98381E-05 9.98381E-05 9.98381E-05 0.139541 9.98381E-05 9.98381E-05 9.98381E-05 9.98381E-05 9.98381E-05 9.98381E-05 9.98381E-05 9.98381E-05 0.858662 9.98381E-05 9.98381E-05
0.0133975 0.0301785 9.98739E-05 9.98739E-05 0.0195336 9.98739E-05 9.98739E-05 9.98739E-05 9.98739E-05 9.98739E-05 0.916262 9.98739E-05 0.00201399 9.98739E-05 9.98739E-05 9.98739E-05 9.98739E-05 9.98739E-05 0.0172158 9.98739E-05
9.98559E-05 0.492872 0.00366325 9.98559E-05 9.98559E-05 9.98559E-05 9.98559E-05 9.98559E-05 9.98559E-05 9.98559E-05 9.98559E-05 9.98559E-05 9.98559E-05 9.98559E-05 9.98559E-05 0.461464 0.0404032 9.98559E-05 9.98559E-05 9.98559E-05
9.98562E-05 9.98562E-05 9.98562E-05 9.98562E-05 9.98562E-05 9.98562E-05 9.98562E-05 9.98562E-05 0.0296271 9.98562E-05 9.98562E-05 9.98562E-05 9.98562E-05 9.98562E-05 0.00775441 9.98562E-05 0.124741 9.98562E-05 0.83628 9.98562E-05
9.98655E-05 9.98655E-05 0.00790048 9.98655E-05 9.98655E-05 9.98655E-05 9.98655E-05 9.98655E-05 0.901034 9.98655E-05 9.98655E-05 0.00146633 9.98655E-05 9.98655E-05 9.98655E-05 9.98655E-05 9.98655E-05 0.0490149 0.0390862 9.98655E-05
9.98386E-05 9.98386E-05 0.0382659 9.98386E-05 9.98386E-05 9.98386E-05 9.98386E-05 9.98386E-05 9.98386E-05 9.98386E-05 9.98386E-05 9.98386E-05 9.98386E-05 9.98386E-05 9.98386E-05 9.98386E-05 9.98386E-05 9.98386E-05 0.959937 9.98386E-05
9.98469E-05 9.98469E-05 9.98469E-05 9.98469E-05 9.98469E-05 0.0265137 9.98469E-05 9.98469E-05 9.98469E-05 9.98469E-05 9.98469E-05 9.98469E-05 9.98469E-05 0.107318 9.98469E-05 9.98469E-05 9.98469E-05 9.98469E-05 0.864471 9.98469E-05
9.98737E-05 9.98737E-05 9.98737E-05 9.98737E-05 9.98737E-05 0.0799719 0.00626739 9.98737E-05 9.98737E-05 9.98737E-05 9.98737E-05 9.98737E-05 9.98737E-05 9.98737E-05 0.0335812 9.98737E-05 0.0253614 9.98737E-05 0.821976 0.0314434
9.98295E-05 9.98295E-05 9.98295E-05 9.98295E-05 9.98295E-05 9.98295E-05 9.98295E-05 9.98295E-05 9.98295E-05 0.998103 9.98295E-05 9.98295E-05 9.98295E-05 9.98295E-05 9.98295E-05 9.98295E-05 9.98295E-05 9.98295E-05 9.98295E-05 9.98295E-05
9.98477E-05 0.662814 9.98477E-05 9.98477E-05 9.98477E-05 9.98477E-05 9.98477E-05 9.98477E-05 9.98477E-05 9.98477E-05 9.98477E-05 0.028911 9.98477E-05 9.98477E-05 9.98477E-05 0.306578 9.98477E-05 9.98477E-05 9.98477E-05 9.98477E-05
0.0261191 0.0223658 0.107543 0.0828612 0.0394836 0.092057 0.018938 9.9955E-05 0.0357231 0.0235283 9.9955E-05 0.0951446 0.104675 9.9955E-05 0.0509251 0.172784 9.9955E-05 0.0708915 0.0564612 9.9955E-05
9.98563E-05 9.98563E-05 0.0958898 9.98563E-05 9.98563E-05 9.98563E-05 9.98563E-05 9.98563E-05 0.0151851 9.98563E-05 9.98563E-05 0.0750239 9.98563E-05 9.98563E-05 9.98563E-05 0.812304 9.98563E-05 9.98563E-05 9.98563E-05 9.98563E-05
0.0842288 0.211606 9.98829E-05 9.98829E-05 0.00440933 9.98829E-05 0.0374295 9.98829E-05 9.98829E-05 9.98829E-05 9.98829E-05 0.011067 0.0182553 9.98829E-05 9.98829E-05 0.631705 9.98829E-05 9.98829E-05 9.98829E-05 9.98829E-05
9.98383E-05 0.989682 9.98383E-05 9.98383E-05 9.98383E-05 9.98383E-05 9.98383E-05 9.98383E-05 0.00852131 9.98383E-05 9.98383E-05 9.98383E-05 9.98383E-05 9.98383E-05 9.98383E-05 9.98383E-05 9.98383E-05 9.98383E-05 9.98383E-05 9.98383E-05
9.98383E-05 0.9812 9.98383E-05 9.98383E-05 9.98383E-05 9.98383E-05 9.98383E-05 0.0170032 9.98383E-05 9.98383E-05 9.98383E-05 9.98383E-05 9.98383E-05 9.98383E-05 9.98383E-05 9.98383E-05 9.98383E-05 9.98383E-05 9.98383E-05 9.98383E-05
0.212376 0.171053 0.00802261 9.98742E-05 9.98742E-05 0.0328992 9.98742E-05 9.98742E-05 9.98742E-05 9.98742E-05 9.98742E-05 9.98742E-05 9.98742E-05 9.98742E-05 9.98742E-05 0.503034 0.0712167 9.98742E-05 9.98742E-05 9.98742E-05
9.98649E-05 0.540386 0.0245546 9.98649E-05 9.98649E-05 9.98649E-05 0.0186587 9.98649E-05 9.98649E-05 9.98649E-05 9.98649E-05 9.98649E-05 9.98649E-05 9.98649E-05 9.98649E-05 0.399476 0.0154269 9.98649E-05 9.98649E-05 9.98649E-05
9.9856E-05 9.9856E-05 0.920329 9.9856E-05 9.9856E-05 9.9856E-05 9.9856E-05 9.9856E-05 9.9856E-05 9.9856E-05 9.9856E-05 0.0113392 0.0426531 9.9856E-05 9.9856E-05 0.0240813 9.9856E-05 9.9856E-05 9.9856E-05 9.9856E-05
9.98381E-05 9.98381E-05 0.978493 9.98381E-05 9.98381E-05 9.98381E-05 9.98381E-05 9.98381E-05 9.98381E-05 9.98381E-05 9.98381E-05 9.98381E-05 9.98381E-05 9.98381E-05 9.98381E-05 9.98381E-05 9.98381E-05 9.98381E-05 0.0197099 9.98381E-05
9.98563E-05 0.0987814 9.98563E-05 9.98563E-05 9.98563E-05 9.98563E-05 9.98563E-05 9.98563E-05 9.98563E-05 9.98563E-05 9.98563E-05 0.000998543 0.0237179 9.98563E-05 9.98563E-05 0.874904 9.98563E-05 9.98563E-05 9.98563E-05 9.98563E-05
9.9856E-05 9.9856E-05 9.9856E-05 0.0356978 9.9856E-05 9.9856E-05 9.9856E-05 9.9856E-05 0.936069 9.9856E-05 9.9856E-05 9.9856E-05 0.0191046 9.9856E-05 9.9856E-05 0.00753047 9.9856E-05 9.9856E-05 9.9856E-05 9.9856E-05
9.9847E-05 9.9847E-05 9.9847E-05 0.00810079 9.9847E-05 9.9847E-05 9.9847E-05 9.9847E-05 0.975056 9.9847E-05 9.9847E-05 9.9847E-05 0.0151455 9.9847E-05 9.9847E-05 9.9847E-05 9.9847E-05 9.9847E-05 9.9847E-05 9.9847E-05
9.98473E-05 9.98473E-05 9.98473E-05 9.98473E-05 9.98473E-05 9.98473E-05 9.98473E-05 9.98473E-05 9.98473E-05 9.98473E-05 9.98473E-05 9.98473E-05 9.98473E-05 9.98473E-05 0.976144 9.98473E-05 0.0117089 0.0104493 9.98473E-05 9.98473E-05
9.98295E-05 9.98295E-05 9.98295E-05 9.98295E-05 9.98295E-05 9.98295E-05 9.98295E-05 9.98295E-05 9.98295E-05 9.98295E-05 9.98295E-05 9.98295E-05 9.98295E-05 9.98295E-05 0.998103 9.98295E-05 9.98295E-05 9.98295E-05 9.98295E-05 9.98295E-05
9.9838E-05 9.9838E-05 9.9838E-05 9.9838E-05 0.00274547 9.9838E-05 9.9838E-05 9.9838E-05 9.9838E-05 9.9838E-05 9.9838E-05 9.9838E-05 9.9838E-05 0.995457 9.9838E-05 9.9838E-05 9.9838E-05 9.9838E-05 9.9838E-05 9.9838E-05
9.98379E-05 9.98379E-05 9.98379E-05 9.98379E-05 0.0135472 9.98379E-05 9.98379E-05 9.98379E-05 9.98379E-05 9.98379E-05 9.98379E-05 9.98379E-05 9.98379E-05 0.984656 9.98379E-05 9.98379E-05 9.98379E-05 9.98379E-05 9.98379E-05 9.98379E-05
9.98474E-05 9.98474E-05 9.98474E-05 0.010757 9.98474E-05 9.98474E-05 9.98474E-05 9.98474E-05 0.018764 9.98474E-05 9.98474E-05 9.98474E-05 9.98474E-05 9.98474E-05 0.968782 9.98474E-05 9.98474E-05 9.98474E-05 9.98474E-05 9.98474E-05
9.98294E-05 9.98294E-05 9.98294E-05 9.98294E-05 9.98294E-05 9.98294E-05 9.98294E-05 9.98294E-05 9.98294E-05 9.98294E-05 9.98294E-05 9.98294E-05 9.98294E-05 9.98294E-05 0.998103 9.98294E-05 9.98294E-05 9.98294E-05 9.98294E-05 9.98294E-05
9.9856E-05 9.9856E-05 9.9856E-05 9.9856E-05 9.9856E-05 9.9856E-05 9.9856E-05 0.0975126 9.9856E-05 9.9856E-05 9.9856E-05 9.9856E-05 0.0136036 9.9856E-05 9.9856E-05 9.9856E-05 9.9856E-05 0.883692 0.0035943 9.9856E-05
9.9865E-05 9.9865E-05 9.9865E-05 9.9865E-05 0.0981536 9.9865E-05 9.9865E-05 9.9865E-05 0.0860433 9.9865E-05 9.9865E-05 9.9865E-05 9.9865E-05 9.9865E-05 9.9865E-05 9.9865E-05 0.693172 9.9865E-05 0.101409 0.019724
9.98472E-05 9.98472E-05 9.98472E-05 9.98472E-05 0.0362118 9.98472E-05 9.98472E-05 9.98472E-05 9.98472E-05 9.98472E-05 0.940552 9.98472E-05 0.0215389 9.98472E-05 9.98472E-05 9.98472E-05 9.98472E-05 9.98472E-05 9.98472E-05 9.98472E-05
9.98744E-05 9.98744E-05 9.98744E-05 9.98744E-05 9.98744E-05 9.98744E-05 0.279156 9.98744E-05 9.98744E-05 9.98744E-05 9.98744E-05 9.98744E-05 9.98744E-05 0.286718 0.0589066 0.0423618 9.98744E-05 9.98744E-05 0.159375 0.172085
9.98602E-05 9.98602E-05 9.98602E-05 9.98602E-05 9.98602E-05 0.0136034 0.467758 9.98602E-05 9.98602E-05 9.98602E-05 9.98602E-05 9.98602E-05 9.98602E-05 9.98602E-05 0.0906384 9.98602E-05 9.98602E-05 0.152055 0.188727 0.0858208
0.998103 9.98291E-05 9.98291E-05 9.98291E-05 9.98291E-05 9.98291E-05 9.98291E-05 9.98291E-05 9.98291E-05 9.98291E-05 9.98291E-05 9.98291E-05 9.98291E-05 9.98291E-05 9.98291E-05 9.98291E-05 9.98291E-05 9.98291E-05 9.98291E-05 9.98291E-05
