0.919525 0.0096062 9.98468E-05 9.98468E-05 9.98468E-05 0.0691716 9.98468E-05 9.98468E-05 9.98468E-05 9.98468E-05 9.98468E-05 9.98468E-05 9.98468E-05 9.98468E-05 9.98468E-05 9.98468E-05 9.98468E-05 9.98468E-05 9.98468E-05 9.98468E-05
9.98649E-05 9.98649E-05 9.98649E-05 9.98649E-05 9.98649E-05 9.98649E-05 0.0435053 9.98649E-05 9.98649E-05 9.98649E-05 9.98649E-05 9.98649E-05 9.98649E-05 0.178742 9.98649E-05 9.98649E-05 0.625965 0.0923113 9.98649E-05 0.057978
9.98841E-05 9.98841E-05 9.98841E-05 9.98841E-05 9.98841E-05 9.98841E-05 0.0157307 9.98841E-05 9.98841E-05 9.98841E-05 0.012861 0.0912385 0.0131926 9.98841E-05 0.185024 9.98841E-05 9.98841E-05 0.619568 0.0610871 9.98841E-05
9.98651E-05 9.98651E-05 0.0344852 9.98651E-05 9.98651E-05 0.00200423 9.98651E-05 9.98651E-05 9.98651E-05 0.0261567 9.98651E-05 9.98651E-05 0.0142966 9.98651E-05 9.98651E-05 9.98651E-05 9.98651E-05 0.921559 9.98651E-05 9.98651E-05
9.98292E-05 9.98292E-05 9.98292E-05 9.98292E-05 9.98292E-05 9.98292E-05 0.998103 9.98292E-05 9.98292E-05 9.98292E-05 9.98292E-05 9.98292E-05 9.98292E-05 9.98292E-05 9.98292E-05 9.98292E-05 9.98292E-05 9.98292E-05 9.98292E-05 9.98292E-05
9.98561E-05 9.98561E-05 0.0489864 9.98561E-05 9.98561E-05 9.98561E-05 9.98561E-05 9.98561E-05 9.98561E-05 0.0262177 9.98561E-05 9.98561E-05 9.98561E-05 0.0355345 9.98561E-05 9.98561E-05 9.98561E-05 0.887664 9.98561E-05 9.98561E-05
9.98294E-05 9.98294E-05 9.98294E-05 9.98294E-05 9.98294E-05 9.98294E-05 9.98294E-05 9.98294E-05 9.98294E-05 9.98294E-05 9.98294E-05 9.98294E-05 9.98294E-05 9.98294E-05 9.98294E-05 0.998103 9.98294E-05 9.98294E-05 9.98294E-05 9.98294E-05
9.98919E-05 9.98919E-05 9.98919E-05 0.0617569 9.98919E-05 0.0609587 0.0669705 9.98919E-05 9.98919E-05 0.255442 9.98919E-05 9.98919E-05 0.0207875 9.98919E-05 0.426155 0.0200398 0.0866899 9.98919E-05 9.98919E-05 9.98919E-05
9.98667E-05 9.98667E-05 9.98667E-05 9.98667E-05 9.98667E-05 0.00203459 9.98667E-05 9.98667E-05 9.98667E-05 0.012539 9.98667E-05 9.98667E-05 9.98667E-05 9.98667E-05 9.98667E-05 0.935345 0.0381903 9.98667E-05 9.98667E-05 0.0103931
9.98471E-05 9.98471E-05 9.98471E-05 9.98471E-05 9.98471E-05 0.854978 0.0533532 9.98471E-05 9.98471E-05 9.98471E-05 9.98471E-05 9.98471E-05 9.98471E-05 9.98471E-05 9.98471E-05 0.089971 9.98471E-05 9.98471E-05 9.98471E-05 9.98471E-05
9.98472E-05 9.98472E-05 9.98472E-05 9.98472E-05 9.98472E-05 0.869659 0.0672377 9.98472E-05 9.98472E-05 9.98472E-05 9.98472E-05 9.98472E-05 9.98472E-05 9.98472E-05 9.98472E-05 0.0614059 9.98472E-05 9.98472E-05 9.98472E-05 9.98472E-05
0.649998 9.98741E-05 0.00892484 9.98741E-05 9.98741E-05 9.98741E-05 9.98741E-05 9.98741E-05 9.98741E-05 9.98741E-05 9.98741E-05 0.179755 0.133037 9.98741E-05 0.00443476 9.98741E-05 9.98741E-05 0.0224518 9.98741E-05 9.98741E-05
9.98475E-05 9.98475E-05 9.98475E-05 9.98475E-05 9.98475E-05 9.98475E-05 9.98475E-05 9.98475E-05 9.98475E-05 9.98475E-05 9.98475E-05 0.969966 9.98475E-05 9.98475E-05 9.98475E-05 0.0280241 9.98475E-05 0.000312419 9.98475E-05 9.98475E-05
9.98742E-05 9.98742E-05 0.0564675 9.98742E-05 9.98742E-05 9.98742E-05 9.98742E-05 9.98742E-05 9.98742E-05 0.0109096 9.98742E-05 9.98742E-05 9.98742E-05 0.00659699 9.98742E-05 9.98742E-05 0.0142316 0.902172 0.00822373 9.98742E-05
9.98652E-05 0.00844857 9.98652E-05 9.98652E-05 9.98652E-05 9.98652E-05 0.0630124 9.98652E-05 9.98652E-05 9.98652E-05 9.98652E-05 9.98652E-05 9.98652E-05 0.0330139 9.98652E-05 9.98652E-05 9.98652E-05 0.883321 0.0107064 9.98652E-05
9.98471E-05 9.98471E-05 0.127342 9.98471E-05 9.98471E-05 9.98471E-05 9.98471E-05 0.785576 9.98471E-05 9.98471E-05 9.98471E-05 0.0853852 9.98471E-05 9.98471E-05 9.98471E-05 9.98471E-05 9.98471E-05 9.98471E-05 9.98471E-05 9.98471E-05
9.98471E-05 0.0174758 9.98471E-05 9.98471E-05 9.98471E-05 0.076385 9.98471E-05 9.98471E-05 9.98471E-05 9.98471E-05 9.98471E-05 9.98471E-05 9.98471E-05 9.98471E-05 9.98471E-05 9.98471E-05 9.98471E-05 9.98471E-05 9.98471E-05 0.904442
9.98292E-05 9.98292E-05 9.98292E-05 9.98292E-05 9.98292E-05 9.98292E-05 9.98292E-05 9.98292E-05 9.98292E-05 9.98292E-05 9.98292E-05 9.98292E-05 9.98292E-05 9.98292E-05 9.98292E-05 9.98292E-05 9.98292E-05 9.98292E-05 0.998103 9.98292E-05
9.98303E-05 9.98303E-05 9.98303E-05 9.98303E-05 9.98303E-05 9.98303E-05 9.98303E-05 9.98303E-05 0.95969 9.98303E-05 9.98303E-05 0.00195986 0.0366529 9.98303E-05 9.98303E-05 9.98303E-05 9.98303E-05 9.98303E-05 9.98303E-05 9.98303E-05
0.0798381 9.98738E-05 0.157499 9.98738E-05 9.98738E-05 0.429142 9.98738E-05 0.298966 9.98738E-05 9.98738E-05 9.98738E-05 9.98738E-05 0.0190466 9.98738E-05 9.98738E-05 9.98738E-05 9.98738E-05 9.98738E-05 9.98738E-05 0.0141088
9.98472E-05 9.98472E-05 9.98472E-05 9.98472E-05 0.0101481 9.98472E-05 9.98472E-05 9.98472E-05 0.886927 9.98472E-05 9.98472E-05 9.98472E-05 9.98472E-05 9.98472E-05 9.98472E-05 9.98472E-05 9.98472E-05 9.98472E-05 0.101228 9.98472E-05
0.410893 9.98919E-05 9.98919E-05 9.98919E-05 9.98919E-05 0.0308777 9.98919E-05 0.224512 9.98919E-05 9.98919E-05 9.98919E-05 0.0425835 0.00488464 0.260039 9.98919E-05 9.98919E-05 9.98919E-05 9.98919E-05 0.00385961 0.0211517
9.9829E-05 0.998103 9.9829E-05 9.9829E-05 9.9829E-05 9.9829E-05 9.9829E-05 9.9829E-05 9.9829E-05 9.9829E-05 9.9829E-05 9.9829E-05 9.9829E-05 9.9829E-05 9.9829E-05 9.9829E-05 9.9829E-05 9.9829E-05 9.9829E-05 9.9829E-05
9.98651E-05 0.118081 9.98651E-05 9.98651E-05 0.00505154 0.0224258 9.98651E-05 9.98651E-05 0.843525 9.98651E-05 9.98651E-05 9.98651E-05 9.98651E-05 9.98651E-05 9.98651E-05 9.98651E-05 9.98651E-05 9.98651E-05 0.00941858 9.98651E-05
9.98474E-05 9.98474E-05 9.98474E-05 0.0380533 9.98474E-05 9.98474E-05 9.98474E-05 9.98474E-05 9.98474E-05 9.98474E-05 9.98474E-05 9.98474E-05 9.98474E-05 9.98474E-05 0.00407839 9.98474E-05 9.98474E-05 0.956171 9.98474E-05 9.98474E-05
9.98295E-05 9.98295E-05 9.98295E-05 9.98295E-05 9.98295E-05 9.98295E-05 9.98295E-05 9.98295E-05 9.98295E-05 9.98295E-05 9.98295E-05 9.98295E-05 9.98295E-05 9.98295E-05 9.98295E-05 9.98295E-05 9.98295E-05 0.998103 9.98295E-05 9.98295E-05
0.0800073 0.0168548 9.98829E-05 9.98829E-05 9.98829E-05 0.025048 9.98829E-05 0.0174021 9.98829E-05 9.98829E-05 9.98829E-05 0.783252 0.0106968 9.98829E-05 9.98829E-05 9.98829E-05 9.98829E-05 9.98829E-05 9.98829E-05 0.0654401
9.98651E-05 9.98651E-05 9.98651E-05 0.0415354 9.98651E-05 9.98651E-05 9.98651E-05 9.98651E-05 9.98651E-05 0.0213516 0.028664 9.98651E-05 9.98651E-05 9.98651E-05 9.98651E-05 0.0126685 9.98651E-05 0.894283 9.98651E-05 9.98651E-05
9.98652E-05 9.98652E-05 9.98652E-05 0.0551075 9.98652E-05 9.98652E-05 9.98652E-05 0.00219155 9.98652E-05 9.98652E-05 0.0302956 9.98652E-05 9.98652E-05 9.98652E-05 9.98652E-05 9.98652E-05 0.0187221 0.892185 9.98652E-05 9.98652E-05
9.98833E-05 9.98833E-05 9.98833E-05 0.0456757 0.00800534 9.98833E-05 9.98833E-05 9.98833E-05 9.98833E-05 0.616546 0.0541753 9.98833E-05 9.98833E-05 0.00021016 9.98833E-05 9.98833E-05 9.98833E-05 0.264707 0.00938181 9.98833E-05
9.98469E-05 9.98469E-05 9.98469E-05 9.98469E-05 9.98469E-05 9.98469E-05 9.98469E-05 9.98469E-05 9.98469E-05 0.937811 9.98469E-05 9.98469E-05 9.98469E-05 9.98469E-05 0.0176948 9.98469E-05 9.98469E-05 0.0427966 9.98469E-05 9.98469E-05
9.98295E-05 9.98295E-05 9.98295E-05 9.98295E-05 9.98295E-05 9.98295E-05 9.98295E-05 9.98295E-05 9.98295E-05 9.98295E-05 9.98295E-05 9.98295E-05 9.98295E-05 9.98295E-05 9.98295E-05 9.98295E-05 0.998103 9.98295E-05 9.98295E-05 9.98295E-05
9.98473E-05 9.98473E-05 9.98473E-05 9.98473E-05 9.98473E-05 9.98473E-05 9.98473E-05 9.98473E-05 9.98473E-05 9.98473E-05 9.98473E-05 9.98473E-05 9.98473E-05 0.00471378 0.163999 9.98473E-05 9.98473E-05 0.82959 9.98473E-05 9.98473E-05
0.030217 9.98563E-05 9.98563E-05 0.688059 9.98563E-05 9.98563E-05 9.98563E-05 9.98563E-05 9.98563E-05 0.0525824 9.98563E-05 9.98563E-05 9.98563E-05 9.98563E-05 0.227544 9.98563E-05 9.98563E-05 9.98563E-05 9.98563E-05 9.98563E-05
9.98827E-05 9.98827E-05 0.0535632 9.98827E-05 9.98827E-05 9.98827E-05 0.0335661 9.98827E-05 9.98827E-05 0.0317407 9.98827E-05 0.480361 0.0990875 0.091615 9.98827E-05 9.98827E-05 9.98827E-05 9.98827E-05 9.98827E-05 0.208768
0.0115097 9.99099E-05 0.00314682 9.99099E-05 9.99099E-05 9.99099E-05 0.000703961 0.0133977 9.99099E-05 0.0181146 9.99099E-05 9.99099E-05 9.99099E-05 9.99099E-05 0.0248926 0.0185499 0.00859908 0.897409 9.99099E-05 0.00267761
0.939335 9.98472E-05 9.98472E-05 9.98472E-05 9.98472E-05 9.98472E-05 0.0289137 9.98472E-05 9.98472E-05 9.98472E-05 9.98472E-05 9.98472E-05 9.98472E-05 9.98472E-05 0.0300539 9.98472E-05 9.98472E-05 9.98472E-05 9.98472E-05 9.98472E-05
0.0399435 0.0315297 9.99009E-05 9.99009E-05 0.0347917 0.550018 9.99009E-05 9.99009E-05 9.99009E-05 9.99009E-05 9.99009E-05 9.99009E-05 9.99009E-05 0.0749669 0.033429 9.99009E-05 0.197766 9.99009E-05 0.0010945 0.0353614
9.98472E-05 9.98472E-05 9.98472E-05 9.98472E-05 9.98472E-05 9.98472E-05 9.98472E-05 9.98472E-05 9.98472E-05 9.98472E-05 9.98472E-05 9.98472E-05 9.98472E-05 9.98472E-05 0.0116974 9.98472E-05 9.98472E-05 0.000265208 9.98472E-05 0.98634
9.98381E-05 9.98381E-05 9.98381E-05 9.98381E-05 9.98381E-05 9.98381E-05 9.98381E-05 9.98381E-05 9.98381E-05 9.98381E-05 9.98381E-05 9.98381E-05 9.98381E-05 0.992591 9.98381E-05 9.98381E-05 9.98381E-05 0.00561168 9.98381E-05 9.98381E-05
0.0110224 9.98381E-05 9.98381E-05 9.98381E-05 9.98381E-05 9.98381E-05 9.98381E-05 9.98381E-05 9.98381E-05 9.98381E-05 9.98381E-05 9.98381E-05 9.98381E-05 0.98718 9.98381E-05 9.98381E-05 9.98381E-05 9.98381E-05 9.98381E-05 9.98381E-05
0.00692702 9.9883E-05 0.022189 9.9883E-05 0.00039421 0.8369 9.9883E-05 0.0197501 9.9883E-05 9.9883E-05 9.9883E-05 9.9883E-05 9.9883E-05 0.0876243 9.9883E-05 9.9883E-05 9.9883E-05 9.9883E-05 9.9883E-05 0.024917
0.0181877 9.98651E-05 9.98651E-05 9.98651E-05 0.0250865 9.98651E-05 9.98651E-05 0.855294 9.98651E-05 9.98651E-05 9.98651E-05 0.0317272 9.98651E-05 9.98651E-05 9.98651E-05 0.0682063 9.98651E-05 9.98651E-05 9.98651E-05 9.98651E-05
0.00501577 9.9856E-05 0.121553 9.9856E-05 9.9856E-05 0.855953 9.9856E-05 9.9856E-05 9.9856E-05 9.9856E-05 9.9856E-05 9.9856E-05 9.9856E-05 9.9856E-05 9.9856E-05 9.9856E-05 9.9856E-05 9.9856E-05 9.9856E-05 0.0158804
9.98918E-05 0.154013 0.15026 9.98918E-05 9.98918E-05 0.264455 9.98918E-05 9.98918E-05 0.0290537 9.98918E-05 9.98918E-05 0.12759 0.0488302 0.158495 9.98918E-05 9.98918E-05 0.0661049 9.98918E-05 9.98918E-05 9.98918E-05
0.0315284 9.98919E-05 0.124329 9.98919E-05 0.0871828 0.350291 0.0308981 0.106655 9.98919E-05 0.064173 9.98919E-05 9.98919E-05 9.98919E-05 0.203744 9.98919E-05 9.98919E-05 9.98919E-05 9.98919E-05 9.98919E-05 9.98919E-05
0.153638 9.9901E-05 0.265985 9.9901E-05 0.0164651 0.200752 0.00920881 9.9901E-05 9.9901E-05 0.124017 9.9901E-05 0.11472 9.9901E-05 9.9901E-05 9.9901E-05 0.00513831 9.9901E-05 9.9901E-05 9.9901E-05 0.108977
0.932412 0.0134375 9.98568E-05 9.98568E-05 0.0117585 9.98568E-05 9.98568E-05 9.98568E-05 9.98568E-05 9.98568E-05 9.98568E-05 9.98568E-05 9.98568E-05 9.98568E-05 9.98568E-05 9.98568E-05 9.98568E-05 9.98568E-05 0.0407938 9.98568E-05
9.98293E-05 9.98293E-05 9.98293E-05 0.998103 9.98293E-05 9.98293E-05 9.98293E-05 9.98293E-05 9.98293E-05 9.98293E-05 9.98293E-05 9.98293E-05 9.98293E-05 9.98293E-05 9.98293E-05 9.98293E-05 9.98293E-05 9.98293E-05 9.98293E-05 9.98293E-05
9.98473E-05 9.98473E-05 9.98473E-05 0.986097 0.00549112 9.98473E-05 0.00671443 9.98473E-05 9.98473E-05 9.98473E-05 9.98473E-05 9.98473E-05 9.98473E-05 9.98473E-05 9.98473E-05 9.98473E-05 9.98473E-05 9.98473E-05 9.98473E-05 9.98473E-05
9.98473E-05 9.98473E-05 0.0175082 0.974073 9.98473E-05 9.98473E-05 9.98473E-05 9.98473E-05 9.98473E-05 9.98473E-05 0.00672093 9.98473E-05 9.98473E-05 9.98473E-05 9.98473E-05 9.98473E-05 9.98473E-05 9.98473E-05 9.98473E-05 9.98473E-05
9.98294E-05 9.98294E-05 9.98294E-05 0.998103 9.98294E-05 9.98294E-05 9.98294E-05 9.98294E-05 9.98294E-05 9.98294E-05 9.98294E-05 9.98294E-05 9.98294E-05 9.98294E-05 9.98294E-05 9.98294E-05 9.98294E-05 9.98294E-05 9.98294E-05 9.98294E-05
9.98384E-05 9.98384E-05 9.98384E-05 0.982118 9.98384E-05 9.98384E-05 9.98384E-05 9.98384E-05 9.98384E-05 0.0160847 9.98384E-05 9.98384E-05 9.98384E-05 9.98384E-05 9.98384E-05 9.98384E-05 9.98384E-05 9.98384E-05 9.98384E-05 9.98384E-05
9.98921E-05 0.116457 9.98921E-05 0.309579 9.98921E-05 9.98921E-05 9.98921E-05 9.98921E-05 9.98921E-05 0.17333 0.101858 9.98921E-05 9.98921E-05 9.98921E-05 0.183281 0.0558551 0.0559853 0.00245599 9.98921E-05 9.98921E-05
0.000374652 9.98562E-05 9.98562E-05 0.921436 9.98562E-05 9.98562E-05 9.98562E-05 0.0103135 9.98562E-05 9.98562E-05 9.98562E-05 9.98562E-05 9.98562E-05 9.98562E-05 9.98562E-05 9.98562E-05 0.0662786 9.98562E-05 9.98562E-05 9.98562E-05
0.784339 9.98468E-05 0.0677483 9.98468E-05 9.98468E-05 9.98468E-05 9.98468E-05 0.146215 9.98468E-05 9.98468E-05 9.98468E-05 9.98468E-05 9.98468E-05 9.98468E-05 9.98468E-05 9.98468E-05 9.98468E-05 9.98468E-05 9.98468E-05 9.98468E-05
9.9856E-05 9.9856E-05 9.9856E-05 0.00824913 9.9856E-05 9.9856E-05 9.9856E-05 0.00300164 9.9856E-05 9.9856E-05 9.9856E-05 9.9856E-05 9.9856E-05 9.9856E-05 9.9856E-05 0.0438032 0.943348 9.9856E-05 9.9856E-05 9.9856E-05
9.9847E-05 9.9847E-05 9.9847E-05 9.9847E-05 9.9847E-05 9.9847E-05 0.0399616 9.9847E-05 9.9847E-05 9.9847E-05 9.9847E-05 9.9847E-05 9.9847E-05 0.0283363 9.9847E-05 9.9847E-05 9.9847E-05 0.930005 9.9847E-05 9.9847E-05
9.98741E-05 9.98741E-05 9.98741E-05 9.98741E-05 9.98741E-05 9.98741E-05 9.98741E-05 0.00906021 9.98741E-05 9.98741E-05 0.00327749 0.789314 0.0308728 0.156758 9.98741E-05 0.00931967 9.98741E-05 9.98741E-05 9.98741E-05 9.98741E-05
9.98474E-05 9.98474E-05 0.0920659 9.98474E-05 9.98474E-05 9.98474E-05 9.98474E-05 0.863977 9.98474E-05 9.98474E-05 9.98474E-05 0.0422599 9.98474E-05 9.98474E-05 9.98474E-05 9.98474E-05 9.98474E-05 9.98474E-05 9.98474E-05 9.98474E-05
9.98475E-05 9.98475E-05 9.98475E-05 9.98475E-05 9.98475E-05 9.98475E-05 9.98475E-05 9.98475E-05 9.98475E-05 9.98475E-05 9.98475E-05 0.906214 9.98475E-05 9.98475E-05 0.0382348 0.0538539 9.98475E-05 9.98475E-05 9.98475E-05 9.98475E-05
9.98469E-05 9.98469E-05 9.98469E-05 9.98469E-05 9.98469E-05 0.0673503 9.98469E-05 9.98469E-05 9.98469E-05 9.98469E-05 9.98469E-05 0.883085 9.98469E-05 0.0478671 9.98469E-05 9.98469E-05 9.98469E-05 9.98469E-05 9.98469E-05 9.98469E-05
9.98648E-05 9.98648E-05 0.0365586 9.98648E-05 9.98648E-05 0.0711301 9.98648E-05 9.98648E-05 9.98648E-05 9.98648E-05 9.98648E-05 0.827914 0.031824 0.031075 9.98648E-05 9.98648E-05 9.98648E-05 9.98648E-05 9.98648E-05 9.98648E-05
9.98293E-05 9.98293E-05 9.98293E-05 9.98293E-05 0.998103 9.98293E-05 9.98293E-05 9.98293E-05 9.98293E-05 9.98293E-05 9.98293E-05 9.98293E-05 9.98293E-05 9.98293E-05 9.98293E-05 9.98293E-05 9.98293E-05 9.98293E-05 9.98293E-05 9.98293E-05
9.98478E-05 9.98478E-05 9.98478E-05 9.98478E-05 9.98478E-05 0.0106315 9.98478E-05 9.98478E-05 9.98478E-05 9.98478E-05 9.98478E-05 9.98478E-05 9.98478E-05 9.98478E-05 9.98478E-05 0.00766196 9.98478E-05 0.980009 9.98478E-05 9.98478E-05
9.98293E-05 9.98293E-05 9.98293E-05 9.98293E-05 9.98293E-05 9.98293E-05 9.98293E-05 9.98293E-05 9.98293E-05 9.98293E-05 0.998103 9.98293E-05 9.98293E-05 9.98293E-05 9.98293E-05 9.98293E-05 9.98293E-05 9.98293E-05 9.98293E-05 9.98293E-05
9.98476E-05 9.98476E-05 9.98476E-05 9.98476E-05 9.98476E-05 9.98476E-05 9.98476E-05 9.98476E-05 9.98476E-05 9.98476E-05 9.98476E-05 0.0402606 9.98476E-05 9.98476E-05 0.0825698 9.98476E-05 9.98476E-05 0.875472 9.98476E-05 9.98476E-05
9.9865E-05 9.9865E-05 9.9865E-05 9.9865E-05 9.9865E-05 9.9865E-05 0.130056 9.9865E-05 9.9865E-05 0.0869599 9.9865E-05 9.9865E-05 9.9865E-05 0.00227564 9.9865E-05 9.9865E-05 9.9865E-05 0.77236 9.9865E-05 0.00685068
9.9874E-05 9.9874E-05 9.9874E-05 0.0237822 9.9874E-05 9.9874E-05 9.9874E-05 0.040581 9.9874E-05 9.9874E-05 0.000601932 9.9874E-05 9.9874E-05 9.9874E-05 0.021999 0.0275013 9.9874E-05 0.884136 9.9874E-05 9.9874E-05
9.98922E-05 9.98922E-05 9.98922E-05 0.00715174 0.00555007 9.98922E-05 9.98922E-05 0.0165355 0.000958537 9.98922E-05 0.0315872 9.98922E-05 9.98922E-05 9.98922E-05 9.98922E-05 0.0139244 0.0364616 0.886632 9.98922E-05 9.98922E-05
9.98652E-05 9.98652E-05 0.0111097 9.98652E-05 9.98652E-05 0.00151266 9.98652E-05 9.98652E-05 9.98652E-05 0.299126 9.98652E-05 9.98652E-05 9.98652E-05 0.08101 9.98652E-05 9.98652E-05 9.98652E-05 0.605744 9.98652E-05 9.98652E-05
9.98559E-05 9.98559E-05 9.98559E-05 9.98559E-05 9.98559E-05 9.98559E-05 0.0215759 9.98559E-05 9.98559E-05 9.98559E-05 9.98559E-05 9.98559E-05 9.98559E-05 0.0176267 9.98559E-05 9.98559E-05 9.98559E-05 0.929928 9.98559E-05 0.0292714
9.98469E-05 9.98469E-05 9.98469E-05 0.00949251 9.98469E-05 9.98469E-05 0.0285366 9.98469E-05 9.98469E-05 9.98469E-05 9.98469E-05 9.98469E-05 9.98469E-05 9.98469E-05 0.960273 9.98469E-05 9.98469E-05 9.98469E-05 9.98469E-05 9.98469E-05
9.9838E-05 9.9838E-05 9.9838E-05 9.9838E-05 9.9838E-05 9.9838E-05 9.9838E-05 9.9838E-05 9.9838E-05 9.9838E-05 9.9838E-05 0.0289172 9.9838E-05 9.9838E-05 0.969286 9.9838E-05 9.9838E-05 9.9838E-05 9.9838E-05 9.9838E-05
9.98653E-05 9.98653E-05 9.98653E-05 0.0245969 9.98653E-05 0.00739585 9.98653E-05 9.98653E-05 9.98653E-05 9.98653E-05 9.98653E-05 0.0152292 9.98653E-05 9.98653E-05 9.98653E-05 9.98653E-05 9.98653E-05 0.942115 0.00916544 9.98653E-05
9.9865E-05 0.00608642 9.9865E-05 9.9865E-05 9.9865E-05 9.9865E-05 9.9865E-05 0.939073 9.9865E-05 9.9865E-05 9.9865E-05 9.9865E-05 9.9865E-05 9.9865E-05 0.00641947 9.9865E-05 0.0202683 0.0266548 9.9865E-05 9.9865E-05
9.9847E-05 9.9847E-05 9.9847E-05 0.0026989 9.9847E-05 9.9847E-05 9.9847E-05 0.981508 9.9847E-05 9.9847E-05 9.9847E-05 9.9847E-05 9.9847E-05 9.9847E-05 0.0140956 9.9847E-05 9.9847E-05 9.9847E-05 9.9847E-05 9.9847E-05
9.98294E-05 9.98294E-05 9.98294E-05 9.98294E-05 9.98294E-05 9.98294E-05 9.98294E-05 9.98294E-05 9.98294E-05 9.98294E-05 9.98294E-05 9.98294E-05 0.998103 9.98294E-05 9.98294E-05 9.98294E-05 9.98294E-05 9.98294E-05 9.98294E-05 9.98294E-05
9.98295E-05 9.98295E-05 9.98295E-05 9.98295E-05 9.98295E-05 9.98295E-05 9.98295E-05 9.98295E-05 9.98295E-05 9.98295E-05 9.98295E-05 9.98295E-05 0.998103 9.98295E-05 9.98295E-05 9.98295E-05 9.98295E-05 9.98295E-05 9.98295E-05 9.98295E-05
0.0144287 9.98739E-05 9.98739E-05 9.98739E-05 9.98739E-05 0.825242 9.98739E-05 0.0111949 9.98739E-05 9.98739E-05 9.98739E-05 9.98739E-05 9.98739E-05 0.0626817 9.98739E-05 9.98739E-05 0.0792332 9.98739E-05 0.00582142 9.98739E-05
9.9874E-05 9.9874E-05 9.9874E-05 9.9874E-05 9.9874E-05 0.754965 9.9874E-05 0.0823341 9.9874E-05 9.9874E-05 9.9874E-05 0.0328231 9.9874E-05 0.065164 9.9874E-05 9.9874E-05 0.0587183 9.9874E-05 0.00459705 9.9874E-05
9.98743E-05 0.00819581 9.98743E-05 9.98743E-05 9.98743E-05 0.000345204 9.98743E-05 0.00985962 9.98743E-05 9.98743E-05 9.98743E-05 9.98743E-05 0.960065 9.98743E-05 0.00178741 9.98743E-05 0.0183487 9.98743E-05 9.98743E-05 9.98743E-05
9.98384E-05 9.98384E-05 9.98384E-05 9.98384E-05 9.98384E-05 9.98384E-05 9.98384E-05 9.98384E-05 9.98384E-05 9.98384E-05 9.98384E-05 9.98384E-05 0.987742 0.0104612 9.98384E-05 9.98384E-05 9.98384E-05 9.98384E-05 9.98384E-05 9.98384E-05
0.960551 9.98649E-05 9.98649E-05 0.0107792 9.98649E-05 9.98649E-05 9.98649E-05 0.00463924 9.98649E-05 9.98649E-05 0.0157261 0.00680614 9.98649E-05 9.98649E-05 9.98649E-05 9.98649E-05 9.98649E-05 9.98649E-05 9.98649E-05 9.98649E-05
9.98649E-05 9.98649E-05 9.98649E-05 9.98649E-05 9.98649E-05 9.98649E-05 9.98649E-05 0.00692515 0.0166625 9.98649E-05 9.98649E-05 0.143936 9.98649E-05 0.698444 9.98649E-05 0.132535 9.98649E-05 9.98649E-05 9.98649E-05 9.98649E-05
9.9856E-05 9.9856E-05 9.9856E-05 0.0445602 9.9856E-05 9.9856E-05 9.9856E-05 9.9856E-05 9.9856E-05 0.022847 9.9856E-05 9.9856E-05 9.9856E-05 9.9856E-05 9.9856E-05 0.0533063 0.877689 9.9856E-05 9.9856E-05 9.9856E-05
9.98381E-05 0.0157305 0.982472 9.98381E-05 9.98381E-05 9.98381E-05 9.98381E-05 9.98381E-05 9.98381E-05 9.98381E-05 9.98381E-05 9.98381E-05 9.98381E-05 9.98381E-05 9.98381E-05 9.98381E-05 9.98381E-05 9.98381E-05 9.98381E-05 9.98381E-05
0.0668004 9.98651E-05 0.874599 9.98651E-05 9.98651E-05 9.98651E-05 9.98651E-05 9.98651E-05 0.00637986 9.98651E-05 9.98651E-05 0.0228534 9.98651E-05 9.98651E-05 9.98651E-05 9.98651E-05 9.98651E-05 9.98651E-05 9.98651E-05 0.0278696
9.98292E-05 9.98292E-05 9.98292E-05 9.98292E-05 9.98292E-05 9.98292E-05 9.98292E-05 9.98292E-05 9.98292E-05 0.998103 9.98292E-05 9.98292E-05 9.98292E-05 9.98292E-05 9.98292E-05 9.98292E-05 9.98292E-05 9.98292E-05 9.98292E-05 9.98292E-05
