9.99549E-05 0.0250007 9.99549E-05 9.99549E-05 9.99549E-05 9.99549E-05 0.9745
0.321166 9.9973E-05 9.9973E-05 0.202136 0.282588 9.9973E-05 0.19381
0.834711 0.0542743 0.0954711 9.99733E-05 9.99733E-05 0.0152433 9.99733E-05
0.967087 0.0324129 9.9955E-05 9.9955E-05 9.9955E-05 9.9955E-05 9.9955E-05
0.485595 9.99731E-05 9.99731E-05 0.19689 0.238897 9.99731E-05 0.0783185
0.959285 0.0345703 9.9964E-05 9.9964E-05 9.9964E-05 9.9964E-05 0.0057448
0.0416175 9.99731E-05 0.409051 0.249904 0.299128 9.99731E-05 9.99731E-05
0.454502 9.99641E-05 9.99641E-05 0.403734 0.141365 9.99641E-05 9.99641E-05
0.0402661 9.99731E-05 0.219002 0.345384 0.395049 9.99731E-05 9.99731E-05
9.995E-05 9.995E-05 9.995E-05 9.995E-05 0.9994 9.995E-05 9.995E-05
9.995E-05 9.995E-05 9.995E-05 9.995E-05 0.9994 9.995E-05 9.995E-05
0.0112893 0.135307 0.1991 9.9973E-05 9.9973E-05 9.9973E-05 0.654004
9.995E-05 9.995E-05 0.9994 9.995E-05 9.995E-05 9.995E-05 9.995E-05
0.944187 0.0010341 9.9973E-05 9.9973E-05 9.9973E-05 0.0255087 0.02897
0.936333 0.0105526 9.9982E-05 9.9982E-05 0.0211091 0.01383 0.0179748
9.9982E-05 0.0362296 0.329925 0.013129 0.513798 9.9982E-05 0.106718
9.9982E-05 0.362966 0.156871 9.9982E-05 0.388411 0.0705567 0.020995
9.99729E-05 9.99729E-05 9.99729E-05 0.0431668 0.189405 0.710531 0.0565979
9.9955E-05 0.105884 9.9955E-05 9.9955E-05 9.9955E-05 0.893616 9.9955E-05
9.9973E-05 0.076319 0.0415215 9.9973E-05 0.724481 9.9973E-05 0.157378
9.995E-05 9.995E-05 9.995E-05 9.995E-05 9.995E-05 0.9994 9.995E-05
9.9973E-05 0.0100376 0.0837783 9.9973E-05 0.360989 9.9973E-05 0.544895
9.9973E-05 0.363128 9.9973E-05 0.0204805 0.246248 0.369844 9.9973E-05
9.9964E-05 0.0865754 9.9964E-05 9.9964E-05 0.00646849 0.906556 9.9964E-05
0.9994 9.995E-05 9.995E-05 9.995E-05 9.995E-05 9.995E-05 9.995E-05
0.971506 9.9955E-05 9.9955E-05 0.0279944 9.9955E-05 9.9955E-05 9.9955E-05
9.99729E-05 0.0700066 0.800758 9.99729E-05 0.0583554 9.99729E-05 0.0705803
0.914694 9.9964E-05 0.0167605 0.0681453 9.9964E-05 9.9964E-05 9.9964E-05
0.894811 9.9955E-05 9.9955E-05 0.104689 9.9955E-05 9.9955E-05 9.9955E-05
0.675957 0.0181388 0.011823 0.274668 9.99821E-05 0.0192134 9.99821E-05
0.657392 0.0550363 9.9973E-05 0.28135 0.00592197 9.9973E-05 9.9973E-05
0.101778 9.99731E-05 9.99731E-05 0.532097 0.16168 9.99731E-05 0.204145
0.996213 0.003287 9.99551E-05 9.99551E-05 9.99551E-05 9.99551E-05 9.99551E-05
0.0948408 0.00179878 9.99641E-05 0.902961 9.99641E-05 9.99641E-05 9.99641E-05
0.0308559 0.240592 0.587632 0.0271874 0.0145104 9.9991E-05 0.099122
0.982343 9.99549E-05 0.0171575 9.99549E-05 9.99549E-05 9.99549E-05 9.99549E-05
9.9955E-05 0.0160091 9.9955E-05 9.9955E-05 9.9955E-05 9.9955E-05 0.983491
0.0375236 9.9982E-05 9.9982E-05 0.0400804 0.789276 0.0215249 0.111396
0.120094 0.42561 0.148257 9.9991E-05 0.230472 0.0490647 0.0264031
0.0930513 0.00984269 9.99729E-05 9.99729E-05 0.654403 9.99729E-05 0.242403
0.0517157 0.0309825 9.9982E-05 9.9982E-05 0.631128 0.00463436 0.28134
9.9973E-05 0.0063963 9.9973E-05 9.9973E-05 0.953807 0.00389591 0.0356005
9.9964E-05 9.9964E-05 0.227807 9.9964E-05 0.639211 9.9964E-05 0.132582
9.9973E-05 0.10094 0.0136806 9.9973E-05 0.866333 9.9973E-05 0.0187468
9.9982E-05 0.137238 0.145044 9.9982E-05 0.564663 0.0895313 0.0633236
0.0601456 0.0208859 0.00940494 9.9991E-05 0.70725 0.0414373 0.160776
0.129059 0.171528 0.207481 0.0411148 0.201963 0.0100279 0.238827
9.99553E-05 9.99553E-05 9.99553E-05 9.99553E-05 9.99553E-05 0.0163913 0.983109
9.995E-05 9.995E-05 9.995E-05 0.9994 9.995E-05 9.995E-05 9.995E-05
9.995E-05 9.995E-05 9.995E-05 0.9994 9.995E-05 9.995E-05 9.995E-05
9.99549E-05 9.99549E-05 9.99549E-05 0.984456 9.99549E-05 0.0150447 9.99549E-05
9.995E-05 9.995E-05 9.995E-05 0.9994 9.995E-05 9.995E-05 9.995E-05
9.995E-05 9.995E-05 9.995E-05 0.9994 9.995E-05 9.995E-05 9.995E-05
0.239495 9.99821E-05 0.0240924 0.588901 0.130582 0.0167292 9.99821E-05
9.9964E-05 0.000800012 9.9964E-05 0.984786 9.9964E-05 9.9964E-05 0.0140138
9.99639E-05 9.99639E-05 0.0605004 9.99639E-05 0.0424622 9.99639E-05 0.896638
0.135241 9.9973E-05 9.9973E-05 0.497853 0.163451 9.9973E-05 0.203155
0.9994 9.995E-05 9.995E-05 9.995E-05 9.995E-05 9.995E-05 9.995E-05
9.9964E-05 0.0251767 0.878402 9.9964E-05 9.9964E-05 9.9964E-05 0.0960217
0.0441178 0.00710615 0.333559 9.9982E-05 0.389526 9.9982E-05 0.225491
9.995E-05 9.995E-05 0.9994 9.995E-05 9.995E-05 9.995E-05 9.995E-05
9.99639E-05 9.99639E-05 0.87403 9.99639E-05 0.0948488 9.99639E-05 0.0307217
9.99729E-05 0.0761814 0.825603 9.99729E-05 0.0740507 0.0238645 9.99729E-05
9.99551E-05 9.99551E-05 9.99551E-05 9.99551E-05 9.99551E-05 0.928629 0.0708713
0.9994 9.995E-05 9.995E-05 9.995E-05 9.995E-05 9.995E-05 9.995E-05
0.225354 0.098618 0.155799 0.150665 0.202372 0.0622832 0.104909
0.993867 9.99551E-05 0.00563303 9.99551E-05 9.99551E-05 9.99551E-05 9.99551E-05
0.965183 9.9964E-05 9.9964E-05 0.00616136 9.9964E-05 9.9964E-05 0.028256
0.881987 9.9964E-05 0.0263216 0.0912915 9.9964E-05 9.9964E-05 9.9964E-05
0.937264 9.9982E-05 0.016141 0.0361516 9.9982E-05 0.00858717 0.00165651
0.910139 9.99641E-05 9.99641E-05 9.99641E-05 0.0473828 9.99641E-05 0.0420786
0.998334 0.00116652 9.99549E-05 9.99549E-05 9.99549E-05 9.99549E-05 9.99549E-05
0.503543 9.99732E-05 9.99732E-05 0.478183 0.0012962 9.99732E-05 0.016678
0.508839 9.99642E-05 0.17242 0.318341 9.99642E-05 9.99642E-05 9.99642E-05
0.973107 9.9973E-05 9.9973E-05 0.0179217 0.00102566 9.9973E-05 0.00764582
0.0837797 0.0221344 0.0995493 0.0251919 0.670923 9.9991E-05 0.0983218
0.0708003 0.0145937 0.134354 0.0194964 0.691672 9.9991E-05 0.0689836
9.995E-05 0.9994 9.995E-05 9.995E-05 9.995E-05 9.995E-05 9.995E-05
9.995E-05 0.9994 9.995E-05 9.995E-05 9.995E-05 9.995E-05 9.995E-05
9.9973E-05 0.0209872 0.0102492 9.9973E-05 0.924587 9.9973E-05 0.0438767
9.9955E-05 9.9955E-05 0.0732629 9.9955E-05 0.926237 9.9955E-05 9.9955E-05
9.9955E-05 0.980702 9.9955E-05 0.0187986 9.9955E-05 9.9955E-05 9.9955E-05
9.995E-05 0.9994 9.995E-05 9.995E-05 9.995E-05 9.995E-05 9.995E-05
9.99639E-05 9.99639E-05 0.0284522 0.0181544 9.99639E-05 9.99639E-05 0.952994
0.00378186 9.9982E-05 0.245191 9.9982E-05 0.611907 0.0471667 0.0917535
0.0971477 9.9973E-05 9.9973E-05 0.548832 0.174844 9.9973E-05 0.178876
0.0532253 0.301091 0.312323 9.9991E-05 0.144422 0.124017 0.0648219
9.99731E-05 0.318433 0.382696 9.99731E-05 9.99731E-05 0.0797169 0.218854
0.571131 0.0475996 9.99821E-05 0.325832 0.00931502 0.045922 9.99821E-05
