9.98648E-05 9.98648E-05 9.98648E-05 9.98648E-05 9.98648E-05 9.98648E-05 9.98648E-05 9.98648E-05 9.98648E-05 9.98648E-05 0.0466186 0.0223003 0.929583 9.98648E-05 9.98648E-05 9.98648E-05 9.98648E-05 9.98648E-05
9.98901E-05 0.102766 9.98901E-05 0.000890414 9.98901E-05 9.98901E-05 9.98901E-05 9.98901E-05 0.00129393 9.98901E-05 0.0073013 9.98901E-05 0.0507755 9.98901E-05 0.726523 0.10935 9.98901E-05 9.98901E-05
9.98471E-05 9.98471E-05 9.98471E-05 9.98471E-05 9.98471E-05 9.98471E-05 9.98471E-05 9.98471E-05 9.98471E-05 9.98471E-05 9.98471E-05 9.98471E-05 9.98471E-05 9.98471E-05 9.98471E-05 9.98471E-05 9.98471E-05 0.998303
9.98652E-05 0.938677 9.98652E-05 9.98652E-05 9.98652E-05 9.98652E-05 9.98652E-05 0.0439136 9.98652E-05 9.98652E-05 9.98652E-05 9.98652E-05 9.98652E-05 9.98652E-05 9.98652E-05 9.98652E-05 9.98652E-05 0.0159117
0.13492 0.352132 9.99281E-05 9.99281E-05 9.99281E-05 9.99281E-05 9.99281E-05 9.99281E-05 9.99281E-05 0.0255711 0.0555077 0.0539774 0.00538271 0.207856 0.127478 0.0236041 9.99281E-05 0.0127713
9.98741E-05 0.942921 0.0386572 9.98741E-05 0.0121142 9.98741E-05 9.98741E-05 0.0049096 9.98741E-05 9.98741E-05 9.98741E-05 9.98741E-05 9.98741E-05 9.98741E-05 9.98741E-05 9.98741E-05 9.98741E-05 9.98741E-05
9.98472E-05 9.98472E-05 9.98472E-05 9.98472E-05 9.98472E-05 9.98472E-05 9.98472E-05 9.98472E-05 9.98472E-05 9.98472E-05 9.98472E-05 9.98472E-05 9.98472E-05 0.998303 9.98472E-05 9.98472E-05 9.98472E-05 9.98472E-05
0.727414 0.0240496 9.98919E-05 9.98919E-05 9.98919E-05 9.98919E-05 9.98919E-05 0.00124226 9.98919E-05 0.0198101 0.0920637 9.98919E-05 9.98919E-05 9.98919E-05 0.134221 9.98919E-05 9.98919E-05 9.98919E-05
9.9865E-05 9.9865E-05 9.9865E-05 9.9865E-05 9.9865E-05 9.9865E-05 9.9865E-05 9.9865E-05 9.9865E-05 9.9865E-05 9.9865E-05 9.9865E-05 9.9865E-05 0.951229 0.043335 0.00393784 9.9865E-05 9.9865E-05
9.98562E-05 9.98562E-05 9.98562E-05 9.98562E-05 9.98562E-05 9.98562E-05 9.98562E-05 9.98562E-05 9.98562E-05 9.98562E-05 0.868008 9.98562E-05 9.98562E-05 0.130394 9.98562E-05 9.98562E-05 9.98562E-05 9.98562E-05
9.98562E-05 9.98562E-05 9.98562E-05 9.98562E-05 9.98562E-05 9.98562E-05 9.98562E-05 9.98562E-05 9.98562E-05 9.98562E-05 0.877184 9.98562E-05 9.98562E-05 0.121218 9.98562E-05 9.98562E-05 9.98562E-05 9.98562E-05
9.9883E-05 0.0254818 9.9883E-05 9.9883E-05 9.9883E-05 9.9883E-05 0.193534 0.133692 9.9883E-05 9.9883E-05 9.9883E-05 9.9883E-05 0.637178 9.9883E-05 9.9883E-05 9.9883E-05 0.00881612 9.9883E-05
9.98565E-05 9.98565E-05 9.98565E-05 9.98565E-05 9.98565E-05 9.98565E-05 0.966485 9.98565E-05 9.98565E-05 9.98565E-05 9.98565E-05 9.98565E-05 9.98565E-05 0.0319172 9.98565E-05 9.98565E-05 9.98565E-05 9.98565E-05
9.98742E-05 0.925169 0.0126654 9.98742E-05 9.98742E-05 9.98742E-05 9.98742E-05 9.98742E-05 9.98742E-05 9.98742E-05 9.98742E-05 9.98742E-05 9.98742E-05 9.98742E-05 0.0104382 9.98742E-05 0.0503294 9.98742E-05
9.98921E-05 0.94814 9.98921E-05 9.98921E-05 9.98921E-05 9.98921E-05 9.98921E-05 9.98921E-05 0.0107256 9.98921E-05 0.00308075 0.0182013 0.0137012 9.98921E-05 9.98921E-05 9.98921E-05 0.00495248 9.98921E-05
9.9874E-05 9.9874E-05 0.0942231 0.798218 9.9874E-05 9.9874E-05 0.0921593 9.9874E-05 9.9874E-05 9.9874E-05 0.0140009 9.9874E-05 9.9874E-05 9.9874E-05 9.9874E-05 9.9874E-05 9.9874E-05 9.9874E-05
9.9865E-05 9.9865E-05 9.9865E-05 9.9865E-05 9.9865E-05 0.0174923 9.9865E-05 9.9865E-05 9.9865E-05 9.9865E-05 0.0607831 9.9865E-05 9.9865E-05 9.9865E-05 9.9865E-05 0.920227 9.9865E-05 9.9865E-05
9.98472E-05 9.98472E-05 9.98472E-05 9.98472E-05 9.98472E-05 9.98472E-05 9.98472E-05 9.98472E-05 0.998303 9.98472E-05 9.98472E-05 9.98472E-05 9.98472E-05 9.98472E-05 9.98472E-05 9.98472E-05 9.98472E-05 9.98472E-05
9.98472E-05 9.98472E-05 9.98472E-05 9.98472E-05 9.98472E-05 0.998303 9.98472E-05 9.98472E-05 9.98472E-05 9.98472E-05 9.98472E-05 9.98472E-05 9.98472E-05 9.98472E-05 9.98472E-05 9.98472E-05 9.98472E-05 9.98472E-05
9.98829E-05 9.98829E-05 0.129441 0.294245 9.98829E-05 9.98829E-05 9.98829E-05 0.025567 9.98829E-05 9.98829E-05 0.437828 9.98829E-05 0.111621 9.98829E-05 9.98829E-05 9.98829E-05 9.98829E-05 9.98829E-05
9.98473E-05 9.98473E-05 9.98473E-05 9.98473E-05 9.98473E-05 9.98473E-05 9.98473E-05 9.98473E-05 9.98473E-05 9.98473E-05 9.98473E-05 9.98473E-05 9.98473E-05 9.98473E-05 9.98473E-05 9.98473E-05 0.998303 9.98473E-05
9.99099E-05 9.99099E-05 0.0223163 0.271161 0.0053561 9.99099E-05 0.0494956 9.99099E-05 0.018731 9.99099E-05 0.0939472 9.99099E-05 0.497116 9.99099E-05 9.99099E-05 0.0408775 9.99099E-05 9.99099E-05
9.98403E-05 9.98403E-05 9.98403E-05 9.98403E-05 9.98403E-05 9.98403E-05 9.98403E-05 9.98403E-05 9.98403E-05 9.98403E-05 9.98403E-05 0.998303 9.98403E-05 9.98403E-05 9.98403E-05 9.98403E-05 9.98403E-05 9.98403E-05
9.98651E-05 9.98651E-05 9.98651E-05 9.98651E-05 9.98651E-05 0.864424 9.98651E-05 9.98651E-05 0.0538484 9.98651E-05 9.98651E-05 0.0802293 9.98651E-05 9.98651E-05 9.98651E-05 9.98651E-05 9.98651E-05 9.98651E-05
0.00671179 0.938504 9.98923E-05 9.98923E-05 9.98923E-05 9.98923E-05 0.00162373 9.98923E-05 9.98923E-05 0.0401769 9.98923E-05 9.98923E-05 9.98923E-05 9.98923E-05 0.00286703 9.98923E-05 9.98923E-05 0.00891759
9.98565E-05 0.994736 9.98565E-05 9.98565E-05 9.98565E-05 9.98565E-05 9.98565E-05 9.98565E-05 9.98565E-05 9.98565E-05 9.98565E-05 9.98565E-05 9.98565E-05 9.98565E-05 9.98565E-05 9.98565E-05 9.98565E-05 0.00366652
9.98901E-05 9.98901E-05 9.98901E-05 0.015666 9.98901E-05 9.98901E-05 0.796597 0.027194 9.98901E-05 9.98901E-05 0.0899368 0.00139573 0.0414639 9.98901E-05 9.98901E-05 0.026648 9.98901E-05 9.98901E-05
0.0526303 0.887687 9.98741E-05 9.98741E-05 9.98741E-05 9.98741E-05 9.98741E-05 9.98741E-05 9.98741E-05 0.050763 9.98741E-05 9.98741E-05 9.98741E-05 9.98741E-05 0.00752155 9.98741E-05 9.98741E-05 9.98741E-05
0.0421532 0.88746 9.98742E-05 0.0119136 9.98742E-05 9.98742E-05 9.98742E-05 9.98742E-05 9.98742E-05 0.0570746 9.98742E-05 9.98742E-05 9.98742E-05 9.98742E-05 9.98742E-05 9.98742E-05 9.98742E-05 9.98742E-05
0.205435 0.548428 9.98923E-05 9.98923E-05 0.0460093 9.98923E-05 9.98923E-05 0.0128401 9.98923E-05 0.14905 9.98923E-05 9.98923E-05 9.98923E-05 9.98923E-05 9.98923E-05 9.98923E-05 9.98923E-05 0.0370396
0.521378 0.375246 0.0280898 9.99009E-05 9.99009E-05 9.99009E-05 9.99009E-05 0.0179561 0.00731838 0.0481135 9.99009E-05 0.00079998 9.99009E-05 9.99009E-05 9.99009E-05 9.99009E-05 9.99009E-05 9.99009E-05
9.98475E-05 9.98475E-05 9.98475E-05 9.98475E-05 9.98475E-05 9.98475E-05 9.98475E-05 9.98475E-05 9.98475E-05 9.98475E-05 9.98475E-05 9.98475E-05 9.98475E-05 9.98475E-05 0.998303 9.98475E-05 9.98475E-05 9.98475E-05
0.187942 0.81046 9.98563E-05 9.98563E-05 9.98563E-05 9.98563E-05 9.98563E-05 9.98563E-05 9.98563E-05 9.98563E-05 9.98563E-05 9.98563E-05 9.98563E-05 9.98563E-05 9.98563E-05 9.98563E-05 9.98563E-05 9.98563E-05
0.328509 9.98833E-05 9.98833E-05 9.98833E-05 9.98833E-05 9.98833E-05 9.98833E-05 0.00466297 9.98833E-05 0.66016 0.00427538 9.98833E-05 9.98833E-05 9.98833E-05 0.00109379 9.98833E-05 9.98833E-05 9.98833E-05
0.0587332 9.99007E-05 0.0229417 9.99007E-05 9.99007E-05 9.99007E-05 0.55456 0.0979259 9.99007E-05 9.99007E-05 0.0087851 9.99007E-05 0.0119643 9.99007E-05 9.99007E-05 0.243991 9.99007E-05 9.99007E-05
0.0475698 0.879101 0.0221638 0.0283024 9.99099E-05 9.99099E-05 0.0106522 0.00286862 9.99099E-05 9.99099E-05 9.99099E-05 9.99099E-05 0.000105823 0.00823718 9.99099E-05 9.99099E-05 9.99099E-05 9.99099E-05
0.0297743 9.98742E-05 0.00270651 9.98742E-05 9.98742E-05 9.98742E-05 9.98742E-05 9.98742E-05 9.98742E-05 9.98742E-05 9.98742E-05 9.98742E-05 0.965898 9.98742E-05 9.98742E-05 9.98742E-05 9.98742E-05 0.000223139
9.99173E-05 0.0221557 9.99173E-05 9.99173E-05 0.0198871 9.99173E-05 9.99173E-05 9.99173E-05 9.99173E-05 9.99173E-05 0.596493 0.0395633 0.0560497 9.99173E-05 0.227957 0.0337517 9.99173E-05 0.00314361
0.0055697 9.98561E-05 9.98561E-05 9.98561E-05 9.98561E-05 9.98561E-05 9.98561E-05 9.98561E-05 9.98561E-05 9.98561E-05 9.98561E-05 9.98561E-05 9.98561E-05 9.98561E-05 9.98561E-05 0.992833 9.98561E-05 9.98561E-05
9.98917E-05 0.0889174 9.98917E-05 0.216832 9.98917E-05 9.98917E-05 9.98917E-05 9.98917E-05 0.0226529 9.98917E-05 0.294651 9.98917E-05 0.235846 9.98917E-05 9.98917E-05 0.139903 9.98917E-05 9.98917E-05
9.99187E-05 0.082099 9.99187E-05 0.18781 0.008976 9.99187E-05 9.99187E-05 0.00928224 0.0586529 9.99187E-05 0.330042 9.99187E-05 0.231747 9.99187E-05 0.000317694 0.0901745 9.99187E-05 9.99187E-05
9.99009E-05 9.99009E-05 0.0252289 0.00594225 9.99009E-05 0.00155071 9.99009E-05 9.99009E-05 9.99009E-05 9.99009E-05 0.904018 0.0199941 0.039675 9.99009E-05 9.99009E-05 0.00249227 9.99009E-05 9.99009E-05
9.9901E-05 9.9901E-05 9.9901E-05 0.776858 9.9901E-05 0.00483768 0.0145226 9.9901E-05 9.9901E-05 9.9901E-05 0.0721642 9.9901E-05 0.0223781 0.106332 9.9901E-05 9.9901E-05 0.00180881 9.9901E-05
9.9865E-05 9.9865E-05 0.0999767 9.9865E-05 9.9865E-05 9.9865E-05 0.00971473 9.9865E-05 9.9865E-05 9.9865E-05 0.888811 9.9865E-05 9.9865E-05 9.9865E-05 9.9865E-05 9.9865E-05 9.9865E-05 9.9865E-05
9.99188E-05 9.99188E-05 0.164612 0.0771743 9.99188E-05 0.0716116 0.109264 0.0295461 9.99188E-05 9.99188E-05 0.352722 0.105638 0.0465097 9.99188E-05 0.0420227 9.99188E-05 9.99188E-05 9.99188E-05
9.99189E-05 0.0281117 0.163124 0.13552 0.0721615 9.99189E-05 0.0168703 9.99189E-05 9.99189E-05 9.99189E-05 0.431834 0.00162388 0.0981896 9.99189E-05 0.0516651 9.99189E-05 9.99189E-05 9.99189E-05
9.99279E-05 0.0413784 0.280774 9.99279E-05 0.0144111 9.99279E-05 0.0467608 9.99279E-05 9.99279E-05 0.0412778 0.198211 9.99279E-05 0.155915 0.0747607 9.99279E-05 0.123463 9.99279E-05 0.0222494
9.98569E-05 9.98569E-05 9.98569E-05 9.98569E-05 9.98569E-05 9.98569E-05 9.98569E-05 9.98569E-05 0.0347048 9.98569E-05 9.98569E-05 9.98569E-05 0.963698 9.98569E-05 9.98569E-05 9.98569E-05 9.98569E-05 9.98569E-05
9.98472E-05 9.98472E-05 9.98472E-05 9.98472E-05 9.98472E-05 9.98472E-05 9.98472E-05 9.98472E-05 9.98472E-05 0.998303 9.98472E-05 9.98472E-05 9.98472E-05 9.98472E-05 9.98472E-05 9.98472E-05 9.98472E-05 9.98472E-05
9.98562E-05 9.98562E-05 9.98562E-05 9.98562E-05 9.98562E-05 9.98562E-05 9.98562E-05 9.98562E-05 0.00245111 0.995951 9.98562E-05 9.98562E-05 9.98562E-05 9.98562E-05 9.98562E-05 9.98562E-05 9.98562E-05 9.98562E-05
9.98652E-05 9.98652E-05 9.98652E-05 0.00896806 9.98652E-05 9.98652E-05 9.98652E-05 9.98652E-05 9.98652E-05 0.972831 0.0167025 9.98652E-05 9.98652E-05 9.98652E-05 9.98652E-05 9.98652E-05 9.98652E-05 9.98652E-05
9.98472E-05 9.98472E-05 9.98472E-05 9.98472E-05 9.98472E-05 9.98472E-05 9.98472E-05 9.98472E-05 9.98472E-05 0.998303 9.98472E-05 9.98472E-05 9.98472E-05 9.98472E-05 9.98472E-05 9.98472E-05 9.98472E-05 9.98472E-05
9.98564E-05 9.98564E-05 9.98564E-05 9.98564E-05 9.98564E-05 9.98564E-05 9.98564E-05 9.98564E-05 9.98564E-05 0.987823 9.98564E-05 9.98564E-05 9.98564E-05 9.98564E-05 0.0105795 9.98564E-05 9.98564E-05 9.98564E-05
0.284377 0.0449578 9.99191E-05 0.0217895 0.00103731 9.99191E-05 9.99191E-05 9.99191E-05 0.0180029 0.37271 9.99191E-05 0.0872572 9.99191E-05 0.0505362 0.118432 9.99191E-05 9.99191E-05 9.99191E-05
9.98562E-05 9.98562E-05 9.98562E-05 9.98562E-05 9.98562E-05 9.98562E-05 9.98562E-05 9.98562E-05 9.98562E-05 0.950834 9.98562E-05 9.98562E-05 9.98562E-05 9.98562E-05 0.0475688 9.98562E-05 9.98562E-05 9.98562E-05
9.98648E-05 9.98648E-05 0.0261765 0.16466 9.98648E-05 9.98648E-05 9.98648E-05 9.98648E-05 9.98648E-05 9.98648E-05 9.98648E-05 9.98648E-05 0.807665 9.98648E-05 9.98648E-05 9.98648E-05 9.98648E-05 9.98648E-05
9.98919E-05 9.98919E-05 9.98919E-05 9.98919E-05 9.98919E-05 9.98919E-05 0.00416304 0.012375 9.98919E-05 0.0569607 9.98919E-05 9.98919E-05 9.98919E-05 0.0254132 0.880015 9.98919E-05 9.98919E-05 0.0198741
9.9856E-05 0.985294 9.9856E-05 9.9856E-05 9.9856E-05 9.9856E-05 9.9856E-05 9.9856E-05 9.9856E-05 9.9856E-05 9.9856E-05 9.9856E-05 9.9856E-05 9.9856E-05 9.9856E-05 0.0131082 9.9856E-05 9.9856E-05
9.98832E-05 9.98832E-05 9.98832E-05 0.0781525 9.98832E-05 9.98832E-05 0.87447 0.0166812 9.98832E-05 0.0181875 9.98832E-05 9.98832E-05 9.98832E-05 9.98832E-05 9.98832E-05 9.98832E-05 0.0112103 9.98832E-05
9.98653E-05 9.98653E-05 0.0938099 0.884279 9.98653E-05 9.98653E-05 0.0204129 9.98653E-05 9.98653E-05 9.98653E-05 9.98653E-05 9.98653E-05 9.98653E-05 9.98653E-05 9.98653E-05 9.98653E-05 9.98653E-05 9.98653E-05
9.98745E-05 9.98745E-05 9.98745E-05 9.98745E-05 9.98745E-05 0.0032816 0.973267 9.98745E-05 9.98745E-05 9.98745E-05 9.98745E-05 9.98745E-05 9.98745E-05 0.0203287 9.98745E-05 9.98745E-05 9.98745E-05 0.00172472
9.98651E-05 9.98651E-05 9.98651E-05 9.98651E-05 9.98651E-05 9.98651E-05 0.913515 9.98651E-05 0.0076201 9.98651E-05 0.0773667 9.98651E-05 9.98651E-05 9.98651E-05 9.98651E-05 9.98651E-05 9.98651E-05 9.98651E-05
9.99009E-05 9.99009E-05 0.0283612 9.99009E-05 9.99009E-05 0.00331032 0.84212 0.0579085 0.0358012 9.99009E-05 0.0246052 0.006795 9.99009E-05 9.99009E-05 9.99009E-05 9.99009E-05 9.99009E-05 9.99009E-05
9.98473E-05 9.98473E-05 9.98473E-05 9.98473E-05 0.998303 9.98473E-05 9.98473E-05 9.98473E-05 9.98473E-05 9.98473E-05 9.98473E-05 9.98473E-05 9.98473E-05 9.98473E-05 9.98473E-05 9.98473E-05 9.98473E-05 9.98473E-05
9.98657E-05 0.94151 9.98657E-05 0.000365984 9.98657E-05 9.98657E-05 9.98657E-05 9.98657E-05 9.98657E-05 9.98657E-05 9.98657E-05 9.98657E-05 9.98657E-05 9.98657E-05 9.98657E-05 9.98657E-05 9.98657E-05 0.0566259
9.99371E-05 0.235834 0.200833 0.179979 9.99371E-05 0.00428133 9.99371E-05 9.99371E-05 0.0364298 0.182648 9.99371E-05 0.0359534 0.0606245 0.0147648 0.0100221 9.99371E-05 9.99371E-05 0.0379302
9.98655E-05 0.802265 9.98655E-05 0.00777139 9.98655E-05 9.98655E-05 9.98655E-05 9.98655E-05 9.98655E-05 9.98655E-05 9.98655E-05 9.98655E-05 9.98655E-05 9.98655E-05 9.98655E-05 9.98655E-05 9.98655E-05 0.188466
9.98651E-05 0.92662 9.98651E-05 9.98651E-05 9.98651E-05 9.98651E-05 9.98651E-05 9.98651E-05 9.98651E-05 9.98651E-05 9.98651E-05 9.98651E-05 9.98651E-05 0.00433253 9.98651E-05 0.067549 9.98651E-05 9.98651E-05
0.0919967 0.820436 9.9883E-05 0.0628246 9.9883E-05 9.9883E-05 9.9883E-05 9.9883E-05 9.9883E-05 0.0192202 9.9883E-05 9.9883E-05 9.9883E-05 9.9883E-05 9.9883E-05 9.9883E-05 9.9883E-05 0.00422419
0.0467671 0.86577 9.98832E-05 0.0475464 9.98832E-05 9.98832E-05 9.98832E-05 9.98832E-05 9.98832E-05 0.0235128 9.98832E-05 9.98832E-05 9.98832E-05 9.98832E-05 0.0151053 9.98832E-05 9.98832E-05 9.98832E-05
0.101326 0.821087 9.98833E-05 9.98833E-05 9.98833E-05 9.98833E-05 9.98833E-05 0.0165483 9.98833E-05 9.98833E-05 0.0559042 9.98833E-05 9.98833E-05 9.98833E-05 9.98833E-05 0.00383671 9.98833E-05 9.98833E-05
9.98739E-05 0.946992 0.00654705 9.98739E-05 9.98739E-05 9.98739E-05 9.98739E-05 9.98739E-05 9.98739E-05 9.98739E-05 9.98739E-05 9.98739E-05 9.98739E-05 0.0292885 9.98739E-05 0.0157742 9.98739E-05 9.98739E-05
0.991787 9.9856E-05 9.9856E-05 9.9856E-05 9.9856E-05 9.9856E-05 9.9856E-05 9.9856E-05 9.9856E-05 0.00661529 9.9856E-05 9.9856E-05 9.9856E-05 9.9856E-05 9.9856E-05 9.9856E-05 9.9856E-05 9.9856E-05
0.947892 9.98651E-05 9.98651E-05 9.98651E-05 9.98651E-05 9.98651E-05 0.0431346 9.98651E-05 9.98651E-05 9.98651E-05 9.98651E-05 9.98651E-05 9.98651E-05 0.00747512 9.98651E-05 9.98651E-05 9.98651E-05 9.98651E-05
9.98921E-05 0.843417 9.98921E-05 0.0178933 9.98921E-05 9.98921E-05 9.98921E-05 9.98921E-05 9.98921E-05 0.0217929 9.98921E-05 0.0350662 0.00311313 9.98921E-05 9.98921E-05 9.98921E-05 9.98921E-05 0.0775185
0.0112609 9.9874E-05 9.9874E-05 0.952207 9.9874E-05 9.9874E-05 9.9874E-05 9.9874E-05 9.9874E-05 0.0169636 9.9874E-05 0.0181707 9.9874E-05 9.9874E-05 9.9874E-05 9.9874E-05 9.9874E-05 9.9874E-05
9.9874E-05 9.9874E-05 9.9874E-05 0.978994 9.9874E-05 9.9874E-05 9.9874E-05 0.00261406 9.9874E-05 9.9874E-05 9.9874E-05 0.00113105 9.9874E-05 9.9874E-05 9.9874E-05 9.9874E-05 9.9874E-05 0.0158627
9.98474E-05 9.98474E-05 9.98474E-05 9.98474E-05 9.98474E-05 9.98474E-05 9.98474E-05 0.998303 9.98474E-05 9.98474E-05 9.98474E-05 9.98474E-05 9.98474E-05 9.98474E-05 9.98474E-05 9.98474E-05 9.98474E-05 9.98474E-05
9.98474E-05 9.98474E-05 9.98474E-05 9.98474E-05 9.98474E-05 9.98474E-05 9.98474E-05 0.998303 9.98474E-05 9.98474E-05 9.98474E-05 9.98474E-05 9.98474E-05 9.98474E-05 9.98474E-05 9.98474E-05 9.98474E-05 9.98474E-05
9.9883E-05 0.0226271 9.9883E-05 0.0934696 9.9883E-05 9.9883E-05 9.9883E-05 9.9883E-05 9.9883E-05 9.9883E-05 0.853822 9.9883E-05 0.00315641 9.9883E-05 0.0256267 9.9883E-05 9.9883E-05 9.9883E-05
9.9901E-05 0.0119587 9.9901E-05 0.0301278 9.9901E-05 9.9901E-05 0.0740364 9.9901E-05 9.9901E-05 0.0042447 0.838463 9.9901E-05 9.9901E-05 9.9901E-05 0.0354278 9.9901E-05 0.00464255 9.9901E-05
0.00912636 9.98832E-05 9.98832E-05 0.0322225 9.98832E-05 9.98832E-05 9.98832E-05 0.934761 9.98832E-05 9.98832E-05 9.98832E-05 0.0182171 9.98832E-05 0.00437501 9.98832E-05 9.98832E-05 9.98832E-05 9.98832E-05
9.98473E-05 9.98473E-05 9.98473E-05 9.98473E-05 9.98473E-05 9.98473E-05 9.98473E-05 0.998303 9.98473E-05 9.98473E-05 9.98473E-05 9.98473E-05 9.98473E-05 9.98473E-05 9.98473E-05 9.98473E-05 9.98473E-05 9.98473E-05
9.98649E-05 9.98649E-05 9.98649E-05 9.98649E-05 9.98649E-05 9.98649E-05 0.0389762 9.98649E-05 9.98649E-05 0.00699383 9.98649E-05 9.98649E-05 0.952532 9.98649E-05 9.98649E-05 9.98649E-05 9.98649E-05 9.98649E-05
9.9919E-05 9.9919E-05 0.00163217 0.491617 0.00424191 0.0426136 0.12676 9.9919E-05 0.0517309 9.9919E-05 0.189404 9.9919E-05 0.0319119 0.0591882 9.9919E-05 9.9919E-05 9.9919E-05 9.9919E-05
9.9865E-05 9.9865E-05 9.9865E-05 9.9865E-05 9.9865E-05 9.9865E-05 9.9865E-05 9.9865E-05 9.9865E-05 0.0267294 9.9865E-05 9.9865E-05 9.9865E-05 0.0598304 0.911942 9.9865E-05 9.9865E-05 9.9865E-05
9.9847E-05 9.9847E-05 0.998303 9.9847E-05 9.9847E-05 9.9847E-05 9.9847E-05 9.9847E-05 9.9847E-05 9.9847E-05 9.9847E-05 9.9847E-05 9.9847E-05 9.9847E-05 9.9847E-05 9.9847E-05 9.9847E-05 9.9847E-05
9.98919E-05 9.98919E-05 0.83998 0.0134736 9.98919E-05 9.98919E-05 0.013399 9.98919E-05 9.98919E-05 9.98919E-05 9.98919E-05 9.98919E-05 0.0357788 9.98919E-05 9.98919E-05 0.0494006 0.0467695 9.98919E-05
0.648145 0.234538 9.98832E-05 9.98832E-05 9.98832E-05 9.98832E-05 9.98832E-05 0.0268623 9.98832E-05 0.0435403 9.98832E-05 9.98832E-05 9.98832E-05 9.98832E-05 9.98832E-05 9.98832E-05 0.0456159 9.98832E-05
