9.98738E-05 9.98738E-05 9.98738E-05 9.98738E-05 9.98738E-05 0.0473524 0.00642181 9.98738E-05 9.98738E-05 9.98738E-05 9.98738E-05 0.0152822 9.98738E-05 9.98738E-05 0.929545 9.98738E-05 9.98738E-05 9.98738E-05
9.98739E-05 9.98739E-05 9.98739E-05 0.126124 0.773142 9.98739E-05 9.98739E-05 0.0912905 9.98739E-05 9.98739E-05 9.98739E-05 9.98739E-05 9.98739E-05 9.98739E-05 0.00804518 9.98739E-05 9.98739E-05 9.98739E-05
9.98928E-05 0.289759 9.98928E-05 0.493539 9.98928E-05 9.98928E-05 0.0788917 9.98928E-05 0.0671751 0.00531564 9.98928E-05 9.98928E-05 0.0641212 9.98928E-05 9.98928E-05 9.98928E-05 9.98928E-05 9.98928E-05
9.98651E-05 9.98651E-05 9.98651E-05 0.853278 9.98651E-05 9.98651E-05 9.98651E-05 9.98651E-05 9.98651E-05 9.98651E-05 9.98651E-05 9.98651E-05 0.120598 9.98651E-05 9.98651E-05 9.98651E-05 0.0246261 9.98651E-05
0.0511755 0.114547 9.99102E-05 0.391087 0.119196 0.0642854 9.99102E-05 9.99102E-05 9.99102E-05 9.99102E-05 9.99102E-05 0.00843349 9.99102E-05 9.99102E-05 9.99102E-05 9.99102E-05 0.0555251 0.194752
0.00458916 0.0111675 0.0116735 0.971172 9.9874E-05 9.9874E-05 9.9874E-05 9.9874E-05 9.9874E-05 9.9874E-05 9.9874E-05 9.9874E-05 9.9874E-05 9.9874E-05 9.9874E-05 9.9874E-05 9.9874E-05 9.9874E-05
9.98472E-05 9.98472E-05 9.98472E-05 9.98472E-05 9.98472E-05 9.98472E-05 9.98472E-05 9.98472E-05 9.98472E-05 9.98472E-05 9.98472E-05 9.98472E-05 9.98472E-05 9.98472E-05 9.98472E-05 9.98472E-05 9.98472E-05 0.998303
9.98918E-05 0.623487 9.98918E-05 0.0170139 0.0900132 0.105959 9.98918E-05 9.98918E-05 9.98918E-05 9.98918E-05 9.98918E-05 9.98918E-05 0.0924127 9.98918E-05 9.98918E-05 9.98918E-05 0.0699162 9.98918E-05
9.98651E-05 9.98651E-05 9.98651E-05 9.98651E-05 0.0278531 9.98651E-05 9.98651E-05 9.98651E-05 9.98651E-05 9.98651E-05 9.98651E-05 9.98651E-05 9.98651E-05 9.98651E-05 9.98651E-05 9.98651E-05 0.000873689 0.969775
9.98561E-05 9.98561E-05 9.98561E-05 9.98561E-05 9.98561E-05 0.861965 9.98561E-05 9.98561E-05 9.98561E-05 9.98561E-05 9.98561E-05 9.98561E-05 9.98561E-05 9.98561E-05 9.98561E-05 9.98561E-05 9.98561E-05 0.136438
9.98562E-05 9.98562E-05 9.98562E-05 9.98562E-05 9.98562E-05 0.864723 9.98562E-05 9.98562E-05 9.98562E-05 9.98562E-05 9.98562E-05 9.98562E-05 9.98562E-05 9.98562E-05 9.98562E-05 9.98562E-05 9.98562E-05 0.133679
0.0420572 9.9901E-05 9.9901E-05 9.9901E-05 9.9901E-05 9.9901E-05 0.115783 9.9901E-05 9.9901E-05 0.139361 0.0194275 9.9901E-05 0.041031 0.000825497 0.640416 9.9901E-05 9.9901E-05 9.9901E-05
9.98654E-05 0.0334527 9.98654E-05 9.98654E-05 9.98654E-05 9.98654E-05 9.98654E-05 9.98654E-05 9.98654E-05 0.955751 9.98654E-05 9.98654E-05 9.98654E-05 9.98654E-05 9.98654E-05 9.98654E-05 9.98654E-05 0.009298
9.9865E-05 9.9865E-05 9.9865E-05 0.968098 0.00687403 9.9865E-05 9.9865E-05 9.9865E-05 9.9865E-05 9.9865E-05 9.9865E-05 9.9865E-05 9.9865E-05 0.0235297 9.9865E-05 9.9865E-05 9.9865E-05 9.9865E-05
9.98651E-05 9.98651E-05 9.98651E-05 0.983371 9.98651E-05 9.98651E-05 9.98651E-05 9.98651E-05 0.00410972 9.98651E-05 9.98651E-05 9.98651E-05 9.98651E-05 9.98651E-05 0.0110211 9.98651E-05 9.98651E-05 9.98651E-05
0.131066 9.9874E-05 9.9874E-05 9.9874E-05 9.9874E-05 0.0152223 9.9874E-05 9.9874E-05 9.9874E-05 0.105439 0.746874 9.9874E-05 9.9874E-05 9.9874E-05 9.9874E-05 9.9874E-05 9.9874E-05 9.9874E-05
9.9874E-05 9.9874E-05 9.9874E-05 9.9874E-05 9.9874E-05 0.0812831 9.9874E-05 0.896179 9.9874E-05 9.9874E-05 9.9874E-05 0.0161145 9.9874E-05 9.9874E-05 9.9874E-05 0.0050253 9.9874E-05 9.9874E-05
9.98471E-05 9.98471E-05 9.98471E-05 9.98471E-05 9.98471E-05 9.98471E-05 9.98471E-05 9.98471E-05 0.998303 9.98471E-05 9.98471E-05 9.98471E-05 9.98471E-05 9.98471E-05 9.98471E-05 9.98471E-05 9.98471E-05 9.98471E-05
0.00997756 9.98651E-05 9.98651E-05 9.98651E-05 9.98651E-05 9.98651E-05 0.0380996 9.98651E-05 9.98651E-05 9.98651E-05 9.98651E-05 9.98651E-05 9.98651E-05 0.950425 9.98651E-05 9.98651E-05 9.98651E-05 9.98651E-05
0.180407 9.98828E-05 9.98828E-05 9.98828E-05 9.98828E-05 0.419655 0.0304218 9.98828E-05 9.98828E-05 9.98828E-05 0.278947 9.98828E-05 9.98828E-05 9.98828E-05 0.0892702 9.98828E-05 9.98828E-05 9.98828E-05
9.98562E-05 9.98562E-05 9.98562E-05 9.98562E-05 9.98562E-05 9.98562E-05 9.98562E-05 9.98562E-05 0.0743465 9.98562E-05 9.98562E-05 9.98562E-05 9.98562E-05 0.924056 9.98562E-05 9.98562E-05 9.98562E-05 9.98562E-05
0.0140541 9.99009E-05 9.99009E-05 9.99009E-05 9.99009E-05 0.0686481 9.99009E-05 0.0514117 0.0408024 0.0486699 0.294151 9.99009E-05 9.99009E-05 9.99009E-05 0.481163 9.99009E-05 9.99009E-05 9.99009E-05
9.98403E-05 9.98403E-05 9.98403E-05 9.98403E-05 9.98403E-05 9.98403E-05 9.98403E-05 9.98403E-05 9.98403E-05 9.98403E-05 9.98403E-05 0.998303 9.98403E-05 9.98403E-05 9.98403E-05 9.98403E-05 9.98403E-05 9.98403E-05
9.98471E-05 9.98471E-05 9.98471E-05 9.98471E-05 9.98471E-05 9.98471E-05 9.98471E-05 9.98471E-05 9.98471E-05 9.98471E-05 9.98471E-05 9.98471E-05 9.98471E-05 9.98471E-05 9.98471E-05 0.998303 9.98471E-05 9.98471E-05
9.98564E-05 9.98564E-05 9.98564E-05 0.444036 9.98564E-05 9.98564E-05 9.98564E-05 9.98564E-05 9.98564E-05 9.98564E-05 9.98564E-05 9.98564E-05 0.554366 9.98564E-05 9.98564E-05 9.98564E-05 9.98564E-05 9.98564E-05
9.98561E-05 9.98561E-05 9.98561E-05 0.788367 9.98561E-05 9.98561E-05 9.98561E-05 9.98561E-05 9.98561E-05 9.98561E-05 9.98561E-05 9.98561E-05 0.210035 9.98561E-05 9.98561E-05 9.98561E-05 9.98561E-05 9.98561E-05
9.98702E-05 9.98702E-05 9.98702E-05 9.98702E-05 9.98702E-05 0.0586234 0.0400389 0.0591959 9.98702E-05 0.817975 9.98702E-05 9.98702E-05 9.98702E-05 9.98702E-05 0.0228681 9.98702E-05 9.98702E-05 9.98702E-05
9.98471E-05 9.98471E-05 9.98471E-05 9.98471E-05 9.98471E-05 9.98471E-05 9.98471E-05 9.98471E-05 9.98471E-05 9.98471E-05 9.98471E-05 9.98471E-05 0.998303 9.98471E-05 9.98471E-05 9.98471E-05 9.98471E-05 9.98471E-05
9.98471E-05 9.98471E-05 9.98471E-05 9.98471E-05 9.98471E-05 9.98471E-05 9.98471E-05 9.98471E-05 9.98471E-05 9.98471E-05 9.98471E-05 9.98471E-05 0.998303 9.98471E-05 9.98471E-05 9.98471E-05 9.98471E-05 9.98471E-05
9.99102E-05 0.194853 0.0320389 0.374747 0.0427244 9.99102E-05 0.0158443 9.99102E-05 9.99102E-05 0.00676624 9.99102E-05 9.99102E-05 0.202857 9.99102E-05 9.99102E-05 9.99102E-05 0.12917 9.99102E-05
0.0246494 0.469809 9.99009E-05 0.263761 9.99009E-05 9.99009E-05 0.0127391 0.0284815 9.99009E-05 9.99009E-05 9.99009E-05 9.99009E-05 0.156749 9.99009E-05 9.99009E-05 9.99009E-05 0.0427129 9.99009E-05
9.98474E-05 9.98474E-05 9.98474E-05 9.98474E-05 0.998303 9.98474E-05 9.98474E-05 9.98474E-05 9.98474E-05 9.98474E-05 9.98474E-05 9.98474E-05 9.98474E-05 9.98474E-05 9.98474E-05 9.98474E-05 9.98474E-05 9.98474E-05
9.98742E-05 0.12987 9.98742E-05 0.616106 9.98742E-05 9.98742E-05 9.98742E-05 9.98742E-05 9.98742E-05 9.98742E-05 0.0104787 9.98742E-05 0.242147 9.98742E-05 9.98742E-05 9.98742E-05 9.98742E-05 9.98742E-05
9.98832E-05 0.291041 9.98832E-05 9.98832E-05 0.0198158 0.0130844 9.98832E-05 9.98832E-05 9.98832E-05 9.98832E-05 9.98832E-05 9.98832E-05 0.0161635 9.98832E-05 9.98832E-05 9.98832E-05 0.658596 9.98832E-05
0.0847113 0.0976637 9.99006E-05 9.99006E-05 9.99006E-05 0.00165972 0.129282 0.196953 9.99006E-05 0.478063 9.99006E-05 9.99006E-05 9.99006E-05 9.99006E-05 0.010569 9.99006E-05 9.99006E-05 9.99006E-05
0.00381878 9.98919E-05 9.98919E-05 0.391009 0.0074833 9.98919E-05 9.98919E-05 0.027094 9.98919E-05 9.98919E-05 9.98919E-05 9.98919E-05 0.551469 9.98919E-05 9.98919E-05 9.98919E-05 9.98919E-05 0.0179269
0.0174179 0.0172221 9.98741E-05 0.00268065 9.98741E-05 9.98741E-05 9.98741E-05 9.98741E-05 9.98741E-05 9.98741E-05 9.98741E-05 9.98741E-05 9.98741E-05 9.98741E-05 0.961281 9.98741E-05 9.98741E-05 9.98741E-05
9.99099E-05 9.99099E-05 0.00595158 0.0146668 0.227968 0.577061 9.99099E-05 0.0250636 9.99099E-05 9.99099E-05 9.99099E-05 0.0329435 9.99099E-05 9.99099E-05 0.109457 0.00588919 9.99099E-05 9.99099E-05
9.98472E-05 9.98472E-05 9.98472E-05 9.98472E-05 9.98472E-05 9.98472E-05 9.98472E-05 0.998303 9.98472E-05 9.98472E-05 9.98472E-05 9.98472E-05 9.98472E-05 9.98472E-05 9.98472E-05 9.98472E-05 9.98472E-05 9.98472E-05
9.98917E-05 9.98917E-05 9.98917E-05 0.128786 9.98917E-05 0.257993 9.98917E-05 0.110716 0.0604135 9.98917E-05 0.249845 9.98917E-05 9.98917E-05 9.98917E-05 0.191048 9.98917E-05 9.98917E-05 9.98917E-05
9.99097E-05 9.99097E-05 9.99097E-05 0.0707941 0.0360082 0.263139 0.00430777 0.040512 0.0862003 9.99097E-05 0.26171 9.99097E-05 9.99097E-05 9.99097E-05 0.23633 9.99097E-05 9.99097E-05 9.99097E-05
0.0136406 9.98831E-05 9.98831E-05 9.98831E-05 9.98831E-05 0.943986 9.98831E-05 0.00324151 9.98831E-05 9.98831E-05 9.98831E-05 9.98831E-05 9.98831E-05 9.98831E-05 0.0347283 0.00310517 9.98831E-05 9.98831E-05
9.98801E-05 9.98801E-05 9.98801E-05 9.98801E-05 9.98801E-05 0.0152915 9.98801E-05 9.98801E-05 9.98801E-05 0.0798933 0.807937 9.98801E-05 9.98801E-05 9.98801E-05 0.00759194 0.0336544 9.98801E-05 0.0544338
0.107098 9.9865E-05 9.9865E-05 9.9865E-05 9.9865E-05 0.882502 9.9865E-05 0.008902 9.9865E-05 9.9865E-05 9.9865E-05 9.9865E-05 9.9865E-05 9.9865E-05 9.9865E-05 9.9865E-05 9.9865E-05 9.9865E-05
0.0755078 9.99188E-05 9.99188E-05 9.99188E-05 0.0727282 0.346993 0.0505617 9.99188E-05 9.99188E-05 0.165119 0.0535192 0.0364124 9.99188E-05 9.99188E-05 0.035431 0.162828 9.99188E-05 9.99188E-05
0.121333 9.99009E-05 0.0979962 0.0565301 0.0803093 0.468483 9.99009E-05 9.99009E-05 9.99009E-05 9.99009E-05 0.112546 9.99009E-05 9.99009E-05 9.99009E-05 0.061704 9.99009E-05 9.99009E-05 9.99009E-05
0.279405 9.99279E-05 0.00413839 0.0625148 9.99279E-05 0.20068 9.99279E-05 0.115888 9.99279E-05 0.0613901 9.99279E-05 9.99279E-05 0.00649903 9.99279E-05 0.154791 9.99279E-05 0.0251808 0.0887138
9.98659E-05 9.98659E-05 9.98659E-05 9.98659E-05 9.98659E-05 9.98659E-05 9.98659E-05 9.98659E-05 0.0176442 9.98659E-05 9.98659E-05 0.000508824 9.98659E-05 9.98659E-05 0.980349 9.98659E-05 9.98659E-05 9.98659E-05
9.98472E-05 9.98472E-05 9.98472E-05 9.98472E-05 9.98472E-05 9.98472E-05 9.98472E-05 9.98472E-05 9.98472E-05 9.98472E-05 9.98472E-05 9.98472E-05 9.98472E-05 9.98472E-05 9.98472E-05 9.98472E-05 0.998303 9.98472E-05
9.98562E-05 9.98562E-05 0.00429457 9.98562E-05 9.98562E-05 9.98562E-05 9.98562E-05 9.98562E-05 9.98562E-05 9.98562E-05 9.98562E-05 9.98562E-05 9.98562E-05 9.98562E-05 9.98562E-05 9.98562E-05 0.994108 9.98562E-05
9.98564E-05 9.98564E-05 9.98564E-05 9.98564E-05 9.98564E-05 9.98564E-05 9.98564E-05 9.98564E-05 9.98564E-05 9.98564E-05 0.00349337 9.98564E-05 9.98564E-05 9.98564E-05 9.98564E-05 9.98564E-05 0.994909 9.98564E-05
9.98473E-05 9.98473E-05 9.98473E-05 9.98473E-05 9.98473E-05 9.98473E-05 9.98473E-05 9.98473E-05 9.98473E-05 9.98473E-05 9.98473E-05 9.98473E-05 9.98473E-05 9.98473E-05 9.98473E-05 9.98473E-05 0.998303 9.98473E-05
9.98473E-05 9.98473E-05 9.98473E-05 9.98473E-05 9.98473E-05 9.98473E-05 9.98473E-05 9.98473E-05 9.98473E-05 9.98473E-05 9.98473E-05 9.98473E-05 9.98473E-05 9.98473E-05 9.98473E-05 9.98473E-05 0.998303 9.98473E-05
9.99102E-05 0.361608 9.99102E-05 9.99102E-05 0.099655 0.00130544 9.99102E-05 9.99102E-05 9.99102E-05 9.99102E-05 0.0630174 0.0867205 0.0593841 9.99102E-05 9.99102E-05 9.99102E-05 0.283484 0.0438257
9.98652E-05 9.98652E-05 9.98652E-05 9.98652E-05 0.0811144 9.98652E-05 9.98652E-05 9.98652E-05 9.98652E-05 0.00188242 9.98652E-05 9.98652E-05 9.98652E-05 9.98652E-05 9.98652E-05 9.98652E-05 0.915505 9.98652E-05
0.0573009 9.98648E-05 9.98648E-05 9.98648E-05 9.98648E-05 9.98648E-05 9.98648E-05 9.98648E-05 9.98648E-05 9.98648E-05 0.191225 9.98648E-05 9.98648E-05 9.98648E-05 0.749976 9.98648E-05 9.98648E-05 9.98648E-05
0.0114137 9.98919E-05 9.98919E-05 9.98919E-05 0.881097 9.98919E-05 0.0102756 9.98919E-05 9.98919E-05 9.98919E-05 9.98919E-05 9.98919E-05 0.0448869 9.98919E-05 9.98919E-05 9.98919E-05 0.017993 0.0331349
9.9865E-05 0.0159138 9.9865E-05 0.56527 9.9865E-05 9.9865E-05 9.9865E-05 9.9865E-05 9.9865E-05 9.9865E-05 9.9865E-05 9.9865E-05 0.417319 9.9865E-05 9.9865E-05 9.9865E-05 9.9865E-05 9.9865E-05
9.98742E-05 9.98742E-05 9.98742E-05 9.98742E-05 9.98742E-05 9.98742E-05 0.0305599 9.98742E-05 9.98742E-05 0.816128 0.14928 9.98742E-05 9.98742E-05 9.98742E-05 9.98742E-05 9.98742E-05 0.00263412 9.98742E-05
0.0980693 9.98653E-05 9.98653E-05 9.98653E-05 9.98653E-05 9.98653E-05 9.98653E-05 9.98653E-05 9.98653E-05 0.00286121 0.897572 9.98653E-05 9.98653E-05 9.98653E-05 9.98653E-05 9.98653E-05 9.98653E-05 9.98653E-05
9.98566E-05 9.98566E-05 9.98566E-05 9.98566E-05 9.98566E-05 9.98566E-05 9.98566E-05 9.98566E-05 9.98566E-05 0.975052 9.98566E-05 9.98566E-05 9.98566E-05 9.98566E-05 9.98566E-05 9.98566E-05 9.98566E-05 0.0233498
9.98649E-05 9.98649E-05 9.98649E-05 0.0145051 9.98649E-05 0.100644 9.98649E-05 9.98649E-05 9.98649E-05 0.883353 9.98649E-05 9.98649E-05 9.98649E-05 9.98649E-05 9.98649E-05 9.98649E-05 9.98649E-05 9.98649E-05
0.0735711 9.98828E-05 9.98828E-05 9.98828E-05 9.98828E-05 0.043635 0.0314782 9.98828E-05 0.0209311 0.829086 9.98828E-05 9.98828E-05 9.98828E-05 9.98828E-05 9.98828E-05 9.98828E-05 9.98828E-05 9.98828E-05
9.98472E-05 9.98472E-05 0.998303 9.98472E-05 9.98472E-05 9.98472E-05 9.98472E-05 9.98472E-05 9.98472E-05 9.98472E-05 9.98472E-05 9.98472E-05 9.98472E-05 9.98472E-05 9.98472E-05 9.98472E-05 9.98472E-05 9.98472E-05
9.98566E-05 9.98566E-05 9.98566E-05 0.313341 9.98566E-05 9.98566E-05 9.98566E-05 9.98566E-05 9.98566E-05 9.98566E-05 9.98566E-05 9.98566E-05 0.685062 9.98566E-05 9.98566E-05 9.98566E-05 9.98566E-05 9.98566E-05
9.9937E-05 9.9937E-05 0.0339979 0.107284 9.9937E-05 0.139113 0.103195 0.0134386 9.9937E-05 9.9937E-05 0.135017 0.0696662 0.124277 9.9937E-05 0.0456755 9.9937E-05 0.163426 0.0642113
9.98835E-05 0.0341622 9.98835E-05 0.925853 9.98835E-05 9.98835E-05 9.98835E-05 9.98835E-05 9.98835E-05 0.0292221 9.98835E-05 9.98835E-05 0.00427188 9.98835E-05 9.98835E-05 9.98835E-05 9.98835E-05 0.00519229
0.00151346 9.9901E-05 9.9901E-05 0.745143 9.9901E-05 9.9901E-05 9.9901E-05 0.00389439 9.9901E-05 9.9901E-05 9.9901E-05 9.9901E-05 0.15973 9.9901E-05 0.0201029 9.9901E-05 0.039137 0.0293807
9.98562E-05 9.98562E-05 9.98562E-05 9.98562E-05 9.98562E-05 9.98562E-05 9.98562E-05 9.98562E-05 9.98562E-05 9.98562E-05 0.0101054 9.98562E-05 0.988297 9.98562E-05 9.98562E-05 9.98562E-05 9.98562E-05 9.98562E-05
9.98563E-05 9.98563E-05 9.98563E-05 9.98563E-05 9.98563E-05 9.98563E-05 9.98563E-05 9.98563E-05 9.98563E-05 9.98563E-05 9.98563E-05 9.98563E-05 0.990088 9.98563E-05 9.98563E-05 0.0083146 9.98563E-05 9.98563E-05
0.00458905 0.105865 9.99011E-05 0.670892 0.00230657 0.0267299 9.99011E-05 9.99011E-05 9.99011E-05 9.99011E-05 9.99011E-05 9.99011E-05 0.16983 9.99011E-05 9.99011E-05 9.99011E-05 9.99011E-05 0.0186885
0.0217436 9.98739E-05 9.98739E-05 0.532673 9.98739E-05 9.98739E-05 9.98739E-05 0.01155 9.98739E-05 9.98739E-05 9.98739E-05 9.98739E-05 0.432635 9.98739E-05 9.98739E-05 9.98739E-05 9.98739E-05 9.98739E-05
9.98469E-05 0.998303 9.98469E-05 9.98469E-05 9.98469E-05 9.98469E-05 9.98469E-05 9.98469E-05 9.98469E-05 9.98469E-05 9.98469E-05 9.98469E-05 9.98469E-05 9.98469E-05 9.98469E-05 9.98469E-05 9.98469E-05 9.98469E-05
9.98649E-05 0.925369 9.98649E-05 9.98649E-05 9.98649E-05 9.98649E-05 9.98649E-05 9.98649E-05 9.98649E-05 0.0175989 9.98649E-05 9.98649E-05 9.98649E-05 9.98649E-05 9.98649E-05 9.98649E-05 9.98649E-05 0.0555342
9.98901E-05 9.98901E-05 9.98901E-05 0.805769 9.98901E-05 9.98901E-05 9.98901E-05 9.98901E-05 0.00282561 0.0010812 0.00306128 0.0157453 0.141218 9.98901E-05 9.98901E-05 9.98901E-05 0.0292009 9.98901E-05
9.9892E-05 0.00167072 9.9892E-05 0.00137164 9.9892E-05 9.9892E-05 9.9892E-05 0.0207918 9.9892E-05 9.9892E-05 0.953685 0.0117356 0.00954702 9.9892E-05 9.9892E-05 9.9892E-05 9.9892E-05 9.9892E-05
9.98471E-05 9.98471E-05 9.98471E-05 9.98471E-05 9.98471E-05 9.98471E-05 9.98471E-05 9.98471E-05 9.98471E-05 9.98471E-05 0.998303 9.98471E-05 9.98471E-05 9.98471E-05 9.98471E-05 9.98471E-05 9.98471E-05 9.98471E-05
9.98563E-05 9.98563E-05 9.98563E-05 9.98563E-05 9.98563E-05 9.98563E-05 0.988803 9.98563E-05 9.98563E-05 9.98563E-05 9.98563E-05 9.98563E-05 9.98563E-05 9.98563E-05 0.00959937 9.98563E-05 9.98563E-05 9.98563E-05
9.98563E-05 9.98563E-05 9.98563E-05 9.98563E-05 9.98563E-05 9.98563E-05 0.993865 9.98563E-05 9.98563E-05 9.98563E-05 9.98563E-05 9.98563E-05 9.98563E-05 0.00453728 9.98563E-05 9.98563E-05 9.98563E-05 9.98563E-05
9.9874E-05 9.9874E-05 9.9874E-05 9.9874E-05 0.0622377 0.838054 9.9874E-05 9.9874E-05 9.9874E-05 0.000363269 0.097947 9.9874E-05 9.9874E-05 9.9874E-05 9.9874E-05 9.9874E-05 9.9874E-05 9.9874E-05
9.9892E-05 9.9892E-05 9.9892E-05 9.9892E-05 0.0188546 0.814819 9.9892E-05 9.9892E-05 0.00350161 0.0224377 0.106781 9.9892E-05 0.0324076 9.9892E-05 9.9892E-05 9.9892E-05 9.9892E-05 9.9892E-05
9.98743E-05 9.98743E-05 9.98743E-05 9.98743E-05 9.98743E-05 9.98743E-05 0.956795 0.00769713 9.98743E-05 9.98743E-05 0.0176604 0.0164491 9.98743E-05 9.98743E-05 9.98743E-05 9.98743E-05 9.98743E-05 9.98743E-05
9.98473E-05 9.98473E-05 9.98473E-05 9.98473E-05 9.98473E-05 9.98473E-05 0.998303 9.98473E-05 9.98473E-05 9.98473E-05 9.98473E-05 9.98473E-05 9.98473E-05 9.98473E-05 9.98473E-05 9.98473E-05 9.98473E-05 9.98473E-05
9.98649E-05 9.98649E-05 9.98649E-05 9.98649E-05 9.98649E-05 9.98649E-05 9.98649E-05 9.98649E-05 9.98649E-05 0.0424873 9.98649E-05 9.98649E-05 9.98649E-05 9.98649E-05 0.915433 9.98649E-05 0.0405815 9.98649E-05
0.0434558 9.99279E-05 9.99279E-05 9.99279E-05 0.0328047 0.178111 9.99279E-05 9.99279E-05 0.0802628 0.142946 0.402267 9.99279E-05 9.99279E-05 0.00590861 0.0041776 0.0307142 9.99279E-05 0.0785534
9.9865E-05 9.9865E-05 9.9865E-05 9.9865E-05 0.88892 9.9865E-05 9.9865E-05 9.9865E-05 9.9865E-05 9.9865E-05 9.9865E-05 9.9865E-05 9.9865E-05 9.9865E-05 9.9865E-05 9.9865E-05 0.0491987 0.0603829
0.93478 9.98649E-05 9.98649E-05 9.98649E-05 9.98649E-05 9.98649E-05 9.98649E-05 9.98649E-05 9.98649E-05 9.98649E-05 9.98649E-05 0.0245589 9.98649E-05 9.98649E-05 9.98649E-05 0.0391632 9.98649E-05 9.98649E-05
0.93742 9.98741E-05 9.98741E-05 9.98741E-05 9.98741E-05 9.98741E-05 9.98741E-05 0.0445321 9.98741E-05 0.00842571 9.98741E-05 9.98741E-05 9.98741E-05 0.00822435 9.98741E-05 9.98741E-05 9.98741E-05 9.98741E-05
9.99011E-05 0.482172 9.99011E-05 9.99011E-05 0.0126753 9.99011E-05 0.00556332 9.99011E-05 9.99011E-05 9.99011E-05 9.99011E-05 0.0542528 0.398383 0.029317 9.99011E-05 9.99011E-05 0.0165375 9.99011E-05
