0.9998 9.999E-05 9.999E-05
0.46193 9.9991E-05 0.53797
0.037282 0.0505209 0.912197
9.999E-05 9.999E-05 0.9998
0.308658 9.9991E-05 0.691242
9.999E-05 9.999E-05 0.9998
0.661863 9.99911E-05 0.338037
0.176607 9.9991E-05 0.823293
0.650024 9.99911E-05 0.349876
0.990839 9.9991E-05 0.00906104
0.9998 9.999E-05 9.999E-05
0.978226 9.9991E-05 0.0216743
0.950711 9.99911E-05 0.049189
9.9991E-05 0.0232412 0.976659
9.999E-05 9.999E-05 0.9998
0.939867 9.9991E-05 0.0600329
0.805876 0.177051 0.0170723
0.280118 0.711562 0.00832002
9.999E-05 0.9998 9.999E-05
0.9998 9.999E-05 9.999E-05
9.999E-05 0.9998 9.999E-05
0.9998 9.999E-05 9.999E-05
0.398281 0.527321 0.0743971
0.0400454 0.959855 9.9991E-05
9.999E-05 9.999E-05 0.9998
9.999E-05 9.999E-05 0.9998
0.9998 9.999E-05 9.999E-05
9.999E-05 9.999E-05 0.9998
9.999E-05 9.999E-05 0.9998
0.0199943 0.0294348 0.950571
9.9991E-05 0.0270653 0.972835
0.432041 9.99911E-05 0.567859
9.999E-05 9.999E-05 0.9998
0.165359 9.9991E-05 0.834541
0.92997 9.9991E-05 0.0699296
9.999E-05 9.999E-05 0.9998
0.941441 9.9991E-05 0.0584586
0.809367 0.0333183 0.157314
0.66795 0.156871 0.175179
0.901532 9.9991E-05 0.0983677
0.919724 9.9991E-05 0.0801762
0.981485 0.0184148 9.9991E-05
0.967163 9.9991E-05 0.0327372
0.990998 9.9991E-05 0.00890207
0.870477 0.129423 9.9991E-05
0.83428 0.0557676 0.109952
0.859561 0.00758864 0.13285
0.986133 0.013767 9.99911E-05
0.140182 0.0538282 0.80599
0.136795 0.0483737 0.814832
0.132303 0.0360048 0.831692
0.119372 0.0319223 0.848706
0.0989007 0.0428218 0.858277
0.221678 0.0534503 0.724872
0.198721 9.9991E-05 0.801179
0.9998 9.999E-05 9.999E-05
0.450255 9.9991E-05 0.549645
9.999E-05 9.999E-05 0.9998
0.994317 9.9991E-05 0.00558314
0.945158 9.9991E-05 0.0547421
0.9998 9.999E-05 9.999E-05
0.9998 9.999E-05 9.999E-05
0.985302 0.0145979 9.9991E-05
0.0873093 0.902031 0.0106594
9.999E-05 9.999E-05 0.9998
0.583726 0.0301795 0.386094
9.999E-05 9.999E-05 0.9998
9.999E-05 9.999E-05 0.9998
9.999E-05 9.999E-05 0.9998
9.999E-05 9.999E-05 0.9998
0.00757251 9.9991E-05 0.992327
9.999E-05 9.999E-05 0.9998
0.0581569 9.99911E-05 0.941743
0.101896 0.00898988 0.889114
9.999E-05 9.999E-05 0.9998
0.833974 9.9991E-05 0.165926
0.860158 9.9991E-05 0.139742
0.659526 0.24498 0.095494
0.636721 0.246014 0.117265
0.971152 9.9991E-05 0.0287481
0.974675 9.9991E-05 0.0252253
0.660568 0.218198 0.121234
0.650845 0.233221 0.115934
0.9998 9.999E-05 9.999E-05
0.956832 0.0175988 0.0255688
0.416589 9.9991E-05 0.583311
0.718546 0.206073 0.0753815
0.829612 0.170288 9.9991E-05
0.0172597 0.0678373 0.914903
