0.9995 9.996E-05 9.996E-05 9.996E-05 9.996E-05 9.996E-05
0.446611 9.9973E-05 0.258249 9.9973E-05 9.9973E-05 0.29484
9.999E-05 0.0317507 0.0748574 0.00247076 0.0800015 0.81082
9.9964E-05 0.0185121 9.9964E-05 9.9964E-05 9.9964E-05 0.981088
0.282953 9.99731E-05 0.233899 9.99731E-05 9.99731E-05 0.482849
9.9973E-05 0.00555476 9.9973E-05 0.0083901 9.9973E-05 0.985755
9.99731E-05 9.99731E-05 0.367773 9.99731E-05 0.599181 0.0327467
0.0592879 0.0427892 0.464929 9.9982E-05 9.9982E-05 0.432794
0.0990285 9.99731E-05 0.417334 9.99731E-05 0.483337 9.99731E-05
0.83821 0.0744053 0.0870846 9.99731E-05 9.99731E-05 9.99731E-05
0.790857 0.0993917 0.07174 9.9982E-05 0.0378114 9.9982E-05
0.630849 0.110969 9.9982E-05 9.9982E-05 0.194244 0.0637381
9.996E-05 9.996E-05 9.996E-05 9.996E-05 0.9995 9.996E-05
0.0159086 0.00772457 9.9982E-05 0.0126004 9.9982E-05 0.963566
0.0409074 9.9973E-05 9.9973E-05 0.0108002 9.9973E-05 0.947993
0.557952 0.00159208 0.0408928 9.9991E-05 0.382587 0.0168764
0.391272 0.320732 9.9991E-05 0.0958281 0.172628 0.0194398
0.248775 9.9973E-05 0.0497351 0.70119 9.9973E-05 9.9973E-05
9.9964E-05 0.103652 9.9964E-05 0.895949 9.9964E-05 9.9964E-05
0.813851 0.107483 9.9973E-05 9.9973E-05 0.0783663 9.9973E-05
9.996E-05 9.996E-05 9.996E-05 0.9995 9.996E-05 9.996E-05
0.891565 0.0198243 9.9973E-05 9.9973E-05 0.0883107 9.9973E-05
0.136895 0.373823 0.0546777 0.428901 9.9991E-05 0.00560318
9.9964E-05 0.0946262 9.9964E-05 0.904974 9.9964E-05 9.9964E-05
9.9964E-05 9.9964E-05 0.0142328 9.9964E-05 9.9964E-05 0.985367
9.996E-05 9.996E-05 9.996E-05 9.996E-05 9.996E-05 0.9995
0.11519 0.0861983 9.99729E-05 9.99729E-05 0.798312 9.99729E-05
9.9973E-05 0.0203863 0.0524396 9.9973E-05 9.9973E-05 0.926874
9.9973E-05 9.9973E-05 0.0853515 9.9973E-05 0.00100581 0.913343
9.9982E-05 0.048653 0.212834 0.0344082 9.9982E-05 0.703905
9.9982E-05 0.0743507 0.249818 0.00369668 9.9982E-05 0.671935
0.364711 9.99732E-05 0.57008 9.99732E-05 9.99732E-05 0.064909
9.996E-05 9.996E-05 9.996E-05 9.996E-05 9.996E-05 0.9995
9.9973E-05 0.0103554 0.886161 9.9973E-05 9.9973E-05 0.103184
0.187836 0.249164 9.99819E-05 9.99819E-05 0.517108 0.0456924
9.99639E-05 9.99639E-05 9.99639E-05 9.99639E-05 0.0357282 0.963872
0.936784 9.99641E-05 9.99641E-05 9.99641E-05 9.99641E-05 0.0628157
0.818948 9.998E-05 0.127836 0.0386146 9.998E-05 0.0144014
0.29648 0.388053 9.9991E-05 0.0500086 0.127977 0.137382
0.858825 0.0190964 9.9973E-05 9.9973E-05 9.9973E-05 0.121779
0.897182 0.0110323 9.9982E-05 0.00744844 9.9982E-05 0.084137
0.905034 0.0678015 0.0081583 0.0175101 0.00139629 9.9991E-05
0.644993 9.9973E-05 0.086726 9.9973E-05 0.267981 9.9973E-05
0.823124 0.117666 0.0431497 9.9982E-05 0.0158602 9.9982E-05
0.551127 0.153125 0.0158282 0.134223 0.145598 9.9991E-05
0.737651 0.0875302 0.0116717 0.0566528 0.0243177 0.0821764
0.506665 0.123709 0.0318995 9.9991E-05 0.203453 0.134173
0.986629 9.99644E-05 9.99644E-05 0.0129711 9.99644E-05 9.99644E-05
9.996E-05 9.996E-05 0.9995 9.996E-05 9.996E-05 9.996E-05
9.996E-05 9.996E-05 0.9995 9.996E-05 9.996E-05 9.996E-05
0.00562476 9.996E-05 0.993975 9.996E-05 9.996E-05 9.996E-05
9.996E-05 9.996E-05 0.9995 9.996E-05 9.996E-05 9.996E-05
9.996E-05 9.996E-05 0.9995 9.996E-05 9.996E-05 9.996E-05
0.0635422 9.9982E-05 0.623804 0.0517744 9.9982E-05 0.26068
9.99639E-05 0.00930566 0.990294 9.99639E-05 9.99639E-05 9.99639E-05
0.931489 9.9964E-05 9.9964E-05 9.9964E-05 0.0681116 9.9964E-05
0.34181 9.9973E-05 0.597984 9.9973E-05 9.9973E-05 0.0599061
9.996E-05 9.996E-05 9.996E-05 9.996E-05 9.996E-05 0.9995
0.0307644 0.0596262 9.9973E-05 9.9973E-05 0.909309 9.9973E-05
0.550824 9.9973E-05 9.9973E-05 9.9973E-05 0.365218 0.0836589
9.996E-05 9.996E-05 9.996E-05 9.996E-05 0.9995 9.996E-05
0.0631572 0.0210836 9.99729E-05 9.99729E-05 0.915459 9.99729E-05
0.0480018 0.0774626 9.99729E-05 9.99729E-05 0.874236 9.99729E-05
0.100017 9.99641E-05 9.99641E-05 0.899584 9.99641E-05 9.99641E-05
9.996E-05 9.996E-05 9.996E-05 9.996E-05 9.996E-05 0.9995
0.326418 0.0290365 0.179408 0.0344302 0.119549 0.311158
9.996E-05 9.996E-05 9.996E-05 9.996E-05 0.0543718 0.945228
0.0488314 9.9973E-05 0.000448442 9.9973E-05 9.9973E-05 0.95042
9.997E-05 9.997E-05 0.0887232 9.997E-05 0.0256306 0.885346
9.997E-05 9.997E-05 0.0376696 0.0192364 9.997E-05 0.942794
0.0867315 0.00203676 0.00563926 9.9982E-05 9.9982E-05 0.905393
9.9964E-05 9.9964E-05 0.0013065 9.9964E-05 9.9964E-05 0.998294
9.99642E-05 9.99642E-05 0.475769 9.99642E-05 9.99642E-05 0.523831
9.99732E-05 9.99732E-05 0.362989 9.99732E-05 0.135966 0.500745
9.998E-05 0.0145577 0.0318267 9.998E-05 0.00819374 0.945222
0.676049 0.0189297 0.0853134 9.9991E-05 0.144055 0.0755533
0.615788 0.012106 0.106345 9.9991E-05 0.212044 0.053617
9.996E-05 0.9995 9.996E-05 9.996E-05 9.996E-05 9.996E-05
9.996E-05 0.9995 9.996E-05 9.996E-05 9.996E-05 9.996E-05
0.844349 0.0399001 0.0638444 0.0145378 0.0372684 9.9991E-05
0.800567 0.0267577 0.05547 0.0130897 0.104016 9.9991E-05
9.996E-05 0.9995 9.996E-05 9.996E-05 9.996E-05 9.996E-05
9.996E-05 0.9995 9.996E-05 9.996E-05 9.996E-05 9.996E-05
0.932254 9.99641E-05 9.99641E-05 9.99641E-05 0.0673462 9.99641E-05
0.617034 9.999E-05 0.0119973 0.0620907 0.287143 0.021635
0.332061 9.9973E-05 0.616413 9.9973E-05 9.9973E-05 0.0512256
0.212011 0.270342 9.9991E-05 0.143809 0.318608 0.0551296
0.149175 0.316993 9.99821E-05 0.0700194 0.463613 9.99821E-05
9.99821E-05 0.0390933 0.309818 0.0177805 9.99821E-05 0.633109
