9.98648E-05 9.98648E-05 0.00385734 0.0184838 0.902477 9.98648E-05 9.98648E-05 9.98648E-05 0.0699441 9.98648E-05 9.98648E-05 9.98648E-05 9.98648E-05 9.98648E-05 0.00373983 9.98648E-05 9.98648E-05 9.98648E-05 9.98648E-05 9.98648E-05
0.00180282 9.98649E-05 9.98649E-05 9.98649E-05 0.0524866 0.699596 9.98649E-05 9.98649E-05 9.98649E-05 9.98649E-05 9.98649E-05 9.98649E-05 9.98649E-05 9.98649E-05 9.98649E-05 9.98649E-05 9.98649E-05 9.98649E-05 0.0938565 0.15076
9.98293E-05 9.98293E-05 9.98293E-05 9.98293E-05 9.98293E-05 9.98293E-05 9.98293E-05 9.98293E-05 9.98293E-05 9.98293E-05 9.98293E-05 9.98293E-05 9.98293E-05 0.998103 9.98293E-05 9.98293E-05 9.98293E-05 9.98293E-05 9.98293E-05 9.98293E-05
9.98651E-05 9.98651E-05 0.030855 9.98651E-05 9.98651E-05 9.98651E-05 9.98651E-05 0.0299661 9.98651E-05 9.98651E-05 9.98651E-05 9.98651E-05 9.98651E-05 9.98651E-05 9.98651E-05 0.00552414 0.0364383 9.98651E-05 9.98651E-05 0.895718
9.99102E-05 9.99102E-05 9.99102E-05 9.99102E-05 0.0322188 0.176443 0.166362 0.112144 0.0698998 9.99102E-05 9.99102E-05 9.99102E-05 0.0593892 0.0259278 9.99102E-05 9.99102E-05 0.0396165 0.0176801 9.99102E-05 0.299319
9.98382E-05 9.98382E-05 9.98382E-05 9.98382E-05 9.98382E-05 9.98382E-05 9.98382E-05 9.98382E-05 9.98382E-05 9.98382E-05 0.0138516 9.98382E-05 9.98382E-05 9.98382E-05 9.98382E-05 9.98382E-05 9.98382E-05 9.98382E-05 9.98382E-05 0.984351
9.98292E-05 9.98292E-05 9.98292E-05 9.98292E-05 9.98292E-05 9.98292E-05 0.998103 9.98292E-05 9.98292E-05 9.98292E-05 9.98292E-05 9.98292E-05 9.98292E-05 9.98292E-05 9.98292E-05 9.98292E-05 9.98292E-05 9.98292E-05 9.98292E-05 9.98292E-05
9.9874E-05 9.9874E-05 9.9874E-05 9.9874E-05 9.9874E-05 0.148416 9.9874E-05 0.248216 0.066318 9.9874E-05 9.9874E-05 9.9874E-05 9.9874E-05 9.9874E-05 9.9874E-05 9.9874E-05 0.0973608 0.396146 9.9874E-05 0.0421455
9.98561E-05 9.98561E-05 9.98561E-05 9.98561E-05 9.98561E-05 0.042307 0.943812 9.98561E-05 9.98561E-05 9.98561E-05 0.00777932 9.98561E-05 9.98561E-05 9.98561E-05 9.98561E-05 9.98561E-05 9.98561E-05 9.98561E-05 0.00450378 9.98561E-05
9.98383E-05 9.98383E-05 9.98383E-05 9.98383E-05 9.98383E-05 9.98383E-05 0.116093 9.98383E-05 0.88211 9.98383E-05 9.98383E-05 9.98383E-05 9.98383E-05 9.98383E-05 9.98383E-05 9.98383E-05 9.98383E-05 9.98383E-05 9.98383E-05 9.98383E-05
9.98382E-05 9.98382E-05 9.98382E-05 9.98382E-05 9.98382E-05 9.98382E-05 0.102958 9.98382E-05 0.895244 9.98382E-05 9.98382E-05 9.98382E-05 9.98382E-05 9.98382E-05 9.98382E-05 9.98382E-05 9.98382E-05 9.98382E-05 9.98382E-05 9.98382E-05
9.9874E-05 9.9874E-05 0.112384 9.9874E-05 0.661863 9.9874E-05 0.00383053 9.9874E-05 9.9874E-05 0.112695 9.9874E-05 9.9874E-05 0.0671637 0.0406652 9.9874E-05 9.9874E-05 9.9874E-05 9.9874E-05 9.9874E-05 9.9874E-05
9.98475E-05 9.98475E-05 9.98475E-05 9.98475E-05 9.98475E-05 9.98475E-05 0.0192204 0.015647 9.98475E-05 0.963435 9.98475E-05 9.98475E-05 9.98475E-05 9.98475E-05 9.98475E-05 9.98475E-05 9.98475E-05 9.98475E-05 9.98475E-05 9.98475E-05
9.98441E-05 9.98441E-05 9.98441E-05 9.98441E-05 9.98441E-05 9.98441E-05 9.98441E-05 9.98441E-05 9.98441E-05 9.98441E-05 9.98441E-05 0.0154526 9.98441E-05 9.98441E-05 9.98441E-05 9.98441E-05 9.98441E-05 9.98441E-05 9.98441E-05 0.98275
9.98561E-05 0.0128593 9.98561E-05 9.98561E-05 0.0359015 9.98561E-05 9.98561E-05 9.98561E-05 9.98561E-05 9.98561E-05 9.98561E-05 9.98561E-05 9.98561E-05 9.98561E-05 0.00886352 9.98561E-05 9.98561E-05 9.98561E-05 9.98561E-05 0.940778
0.727597 9.98739E-05 9.98739E-05 0.0216142 9.98739E-05 9.98739E-05 9.98739E-05 9.98739E-05 0.0193394 0.118148 0.0329007 9.98739E-05 0.0790028 9.98739E-05 9.98739E-05 9.98739E-05 9.98739E-05 9.98739E-05 9.98739E-05 9.98739E-05
9.98561E-05 9.98561E-05 9.98561E-05 9.98561E-05 9.98561E-05 9.98561E-05 9.98561E-05 9.98561E-05 0.0816057 9.98561E-05 9.98561E-05 0.00123118 9.98561E-05 9.98561E-05 0.00650191 9.98561E-05 9.98561E-05 9.98561E-05 0.909064 9.98561E-05
9.9829E-05 0.998103 9.9829E-05 9.9829E-05 9.9829E-05 9.9829E-05 9.9829E-05 9.9829E-05 9.9829E-05 9.9829E-05 9.9829E-05 9.9829E-05 9.9829E-05 9.9829E-05 9.9829E-05 9.9829E-05 9.9829E-05 9.9829E-05 9.9829E-05 9.9829E-05
9.98381E-05 9.98381E-05 0.0545963 9.98381E-05 9.98381E-05 9.98381E-05 9.98381E-05 9.98381E-05 9.98381E-05 9.98381E-05 9.98381E-05 0.943607 9.98381E-05 9.98381E-05 9.98381E-05 9.98381E-05 9.98381E-05 9.98381E-05 9.98381E-05 9.98381E-05
0.249065 9.9883E-05 0.0310491 9.9883E-05 0.0395909 9.9883E-05 9.9883E-05 9.9883E-05 0.502079 9.9883E-05 0.00808095 9.9883E-05 0.141739 9.9883E-05 9.9883E-05 9.9883E-05 9.9883E-05 9.9883E-05 0.0270973 9.9883E-05
9.98387E-05 0.194542 9.98387E-05 9.98387E-05 9.98387E-05 9.98387E-05 9.98387E-05 9.98387E-05 9.98387E-05 9.98387E-05 9.98387E-05 0.803661 9.98387E-05 9.98387E-05 9.98387E-05 9.98387E-05 9.98387E-05 9.98387E-05 9.98387E-05 9.98387E-05
0.281612 9.98739E-05 9.98739E-05 9.98739E-05 0.468527 9.98739E-05 9.98739E-05 9.98739E-05 0.0885279 0.0833285 0.0495128 9.98739E-05 9.98739E-05 9.98739E-05 9.98739E-05 9.98739E-05 9.98739E-05 9.98739E-05 0.0270933 9.98739E-05
9.9829E-05 9.9829E-05 9.9829E-05 9.9829E-05 9.9829E-05 9.9829E-05 9.9829E-05 9.9829E-05 9.9829E-05 9.9829E-05 9.9829E-05 9.9829E-05 9.9829E-05 9.9829E-05 0.998103 9.9829E-05 9.9829E-05 9.9829E-05 9.9829E-05 9.9829E-05
9.98379E-05 9.98379E-05 9.98379E-05 9.98379E-05 9.98379E-05 9.98379E-05 9.98379E-05 9.98379E-05 9.98379E-05 9.98379E-05 9.98379E-05 0.796892 9.98379E-05 9.98379E-05 0.201311 9.98379E-05 9.98379E-05 9.98379E-05 9.98379E-05 9.98379E-05
9.98475E-05 9.98475E-05 9.98475E-05 9.98475E-05 9.98475E-05 9.98475E-05 9.98475E-05 9.98475E-05 9.98475E-05 9.98475E-05 9.98475E-05 9.98475E-05 9.98475E-05 9.98475E-05 9.98475E-05 0.572785 9.98475E-05 0.0167675 9.98475E-05 0.40875
9.98383E-05 9.98383E-05 9.98383E-05 9.98383E-05 9.98383E-05 9.98383E-05 9.98383E-05 9.98383E-05 9.98383E-05 9.98383E-05 9.98383E-05 9.98383E-05 9.98383E-05 9.98383E-05 9.98383E-05 0.15874 9.98383E-05 9.98383E-05 9.98383E-05 0.839463
9.98648E-05 9.98648E-05 0.0577355 9.98648E-05 0.0603076 9.98648E-05 9.98648E-05 9.98648E-05 0.0686157 0.788684 9.98648E-05 9.98648E-05 9.98648E-05 9.98648E-05 9.98648E-05 9.98648E-05 9.98648E-05 9.98648E-05 0.0231588 9.98648E-05
9.98472E-05 9.98472E-05 0.0110096 9.98472E-05 9.98472E-05 9.98472E-05 9.98472E-05 9.98472E-05 9.98472E-05 9.98472E-05 9.98472E-05 9.98472E-05 0.00711125 9.98472E-05 9.98472E-05 0.980182 9.98472E-05 9.98472E-05 9.98472E-05 9.98472E-05
9.98382E-05 9.98382E-05 9.98382E-05 9.98382E-05 9.98382E-05 9.98382E-05 9.98382E-05 9.98382E-05 9.98382E-05 9.98382E-05 9.98382E-05 9.98382E-05 9.98382E-05 0.00293038 9.98382E-05 0.995273 9.98382E-05 9.98382E-05 9.98382E-05 9.98382E-05
9.98502E-05 9.98502E-05 9.98502E-05 9.98502E-05 9.98502E-05 9.98502E-05 9.98502E-05 0.495375 9.98502E-05 9.98502E-05 0.0661444 9.98502E-05 9.98502E-05 9.98502E-05 9.98502E-05 0.0865482 0.0855134 9.98502E-05 9.98502E-05 0.264922
9.98469E-05 9.98469E-05 9.98469E-05 9.98469E-05 9.98469E-05 9.98469E-05 9.98469E-05 0.88076 9.98469E-05 9.98469E-05 9.98469E-05 9.98469E-05 9.98469E-05 9.98469E-05 9.98469E-05 9.98469E-05 0.00622982 9.98469E-05 9.98469E-05 0.111313
9.98295E-05 9.98295E-05 9.98295E-05 9.98295E-05 9.98295E-05 0.998103 9.98295E-05 9.98295E-05 9.98295E-05 9.98295E-05 9.98295E-05 9.98295E-05 9.98295E-05 9.98295E-05 9.98295E-05 9.98295E-05 9.98295E-05 9.98295E-05 9.98295E-05 9.98295E-05
9.98564E-05 9.98564E-05 9.98564E-05 9.98564E-05 9.98564E-05 9.98564E-05 9.98564E-05 9.98564E-05 9.98564E-05 9.98564E-05 9.98564E-05 9.98564E-05 9.98564E-05 9.98564E-05 9.98564E-05 0.19259 9.98564E-05 0.131638 0.00756127 0.666612
9.98922E-05 9.98922E-05 9.98922E-05 9.98922E-05 0.0179422 0.0264868 0.0169355 0.0646795 0.000909581 9.98922E-05 9.98922E-05 9.98922E-05 9.98922E-05 0.0141676 9.98922E-05 9.98922E-05 0.661075 0.196605 9.98922E-05 9.98922E-05
9.98916E-05 9.98916E-05 0.0810324 9.98916E-05 0.0177259 9.98916E-05 9.98916E-05 0.018586 0.0248392 0.465755 0.158991 9.98916E-05 9.98916E-05 9.98916E-05 9.98916E-05 9.98916E-05 9.98916E-05 0.0260857 0.205787 9.98916E-05
9.9883E-05 9.9883E-05 9.9883E-05 0.0172266 9.9883E-05 9.9883E-05 0.000509013 9.9883E-05 9.9883E-05 9.9883E-05 9.9883E-05 9.9883E-05 0.00449696 9.9883E-05 9.9883E-05 0.426351 9.9883E-05 0.0318873 0.0174234 0.500808
9.98561E-05 9.98561E-05 9.98561E-05 9.98561E-05 0.949794 9.98561E-05 9.98561E-05 9.98561E-05 9.98561E-05 9.98561E-05 0.0163785 9.98561E-05 9.98561E-05 0.0118003 9.98561E-05 9.98561E-05 9.98561E-05 0.0204296 9.98561E-05 9.98561E-05
9.98919E-05 9.98919E-05 9.98919E-05 9.98919E-05 0.0823067 0.182061 9.98919E-05 9.98919E-05 0.602371 9.98919E-05 9.98919E-05 9.98919E-05 9.98919E-05 0.00487859 0.052636 9.98919E-05 9.98919E-05 0.0178632 0.0398613 0.0168231
9.98382E-05 9.98382E-05 9.98382E-05 9.98382E-05 9.98382E-05 9.98382E-05 9.98382E-05 9.98382E-05 9.98382E-05 9.98382E-05 9.98382E-05 9.98382E-05 9.98382E-05 9.98382E-05 9.98382E-05 9.98382E-05 9.98382E-05 0.0131385 0.985064 9.98382E-05
0.292034 0.0364332 9.98827E-05 9.98827E-05 0.196515 9.98827E-05 9.98827E-05 9.98827E-05 0.225499 9.98827E-05 9.98827E-05 9.98827E-05 0.0191805 9.98827E-05 9.98827E-05 9.98827E-05 9.98827E-05 9.98827E-05 0.113411 0.11563
0.219743 0.0742788 0.0290317 9.99006E-05 0.262734 0.00629616 9.99006E-05 9.99006E-05 0.264644 9.99006E-05 0.00757971 9.99006E-05 9.99006E-05 9.99006E-05 9.99006E-05 9.99006E-05 9.99006E-05 9.99006E-05 0.0605619 0.0740313
9.9874E-05 9.9874E-05 9.9874E-05 9.9874E-05 0.0615182 9.9874E-05 9.9874E-05 9.9874E-05 0.880213 0.00524084 0.0427158 9.9874E-05 9.9874E-05 9.9874E-05 0.00217676 9.9874E-05 9.9874E-05 9.9874E-05 0.00673709 9.9874E-05
0.837181 9.98741E-05 9.98741E-05 9.98741E-05 0.019441 9.98741E-05 0.0601105 9.98741E-05 0.0134192 0.0668189 9.98741E-05 0.0016307 9.98741E-05 9.98741E-05 9.98741E-05 9.98741E-05 9.98741E-05 9.98741E-05 9.98741E-05 9.98741E-05
9.9856E-05 9.9856E-05 9.9856E-05 0.0136838 9.9856E-05 9.9856E-05 9.9856E-05 9.9856E-05 0.871371 9.9856E-05 0.0675588 9.9856E-05 0.045789 9.9856E-05 9.9856E-05 9.9856E-05 9.9856E-05 9.9856E-05 9.9856E-05 9.9856E-05
0.0941251 0.00612478 0.0341839 9.99098E-05 0.0638495 0.0468363 9.99098E-05 9.99098E-05 0.178801 0.148744 0.25563 0.00325116 9.99098E-05 9.99098E-05 0.167456 9.99098E-05 9.99098E-05 9.99098E-05 9.99098E-05 9.99098E-05
0.185593 0.0038686 9.9883E-05 9.9883E-05 0.0841457 0.0279235 9.9883E-05 9.9883E-05 0.266157 9.9883E-05 0.380142 9.9883E-05 9.9883E-05 9.9883E-05 9.9883E-05 9.9883E-05 9.9883E-05 9.9883E-05 9.9883E-05 0.0508728
9.98918E-05 9.98918E-05 9.98918E-05 9.98918E-05 0.150561 9.98918E-05 0.0450145 0.0367491 0.014804 9.98918E-05 0.690393 9.98918E-05 9.98918E-05 0.00678094 9.98918E-05 9.98918E-05 9.98918E-05 9.98918E-05 0.0346621 0.0198371
9.98569E-05 0.010825 9.98569E-05 9.98569E-05 0.967185 0.0107671 9.98569E-05 9.98569E-05 9.98569E-05 9.98569E-05 9.98569E-05 9.98569E-05 9.98569E-05 9.98569E-05 0.0096256 9.98569E-05 9.98569E-05 9.98569E-05 9.98569E-05 9.98569E-05
9.98292E-05 9.98292E-05 9.98292E-05 9.98292E-05 9.98292E-05 9.98292E-05 9.98292E-05 9.98292E-05 9.98292E-05 9.98292E-05 9.98292E-05 9.98292E-05 9.98292E-05 9.98292E-05 9.98292E-05 9.98292E-05 0.998103 9.98292E-05 9.98292E-05 9.98292E-05
9.98562E-05 9.98562E-05 9.98562E-05 9.98562E-05 9.98562E-05 9.98562E-05 9.98562E-05 9.98562E-05 9.98562E-05 9.98562E-05 0.0141555 9.98562E-05 9.98562E-05 9.98562E-05 0.00783767 0.00862647 0.967783 9.98562E-05 9.98562E-05 9.98562E-05
9.98294E-05 9.98294E-05 9.98294E-05 9.98294E-05 9.98294E-05 9.98294E-05 9.98294E-05 9.98294E-05 9.98294E-05 9.98294E-05 9.98294E-05 9.98294E-05 9.98294E-05 9.98294E-05 9.98294E-05 9.98294E-05 0.998103 9.98294E-05 9.98294E-05 9.98294E-05
9.98295E-05 9.98295E-05 9.98295E-05 9.98295E-05 9.98295E-05 9.98295E-05 9.98295E-05 9.98295E-05 9.98295E-05 9.98295E-05 9.98295E-05 9.98295E-05 9.98295E-05 9.98295E-05 9.98295E-05 9.98295E-05 0.998103 9.98295E-05 9.98295E-05 9.98295E-05
9.98294E-05 9.98294E-05 9.98294E-05 9.98294E-05 9.98294E-05 9.98294E-05 9.98294E-05 9.98294E-05 9.98294E-05 9.98294E-05 9.98294E-05 9.98294E-05 9.98294E-05 9.98294E-05 9.98294E-05 9.98294E-05 0.998103 9.98294E-05 9.98294E-05 9.98294E-05
0.066244 9.99102E-05 9.99102E-05 9.99102E-05 9.99102E-05 0.0236155 0.0721145 0.230276 9.99102E-05 9.99102E-05 9.99102E-05 9.99102E-05 9.99102E-05 0.0200807 0.0527819 0.0463503 0.334669 0.121719 9.99102E-05 0.0311497
9.98563E-05 9.98563E-05 9.98563E-05 0.0219484 9.98563E-05 0.056269 9.98563E-05 9.98563E-05 9.98563E-05 9.98563E-05 9.98563E-05 9.98563E-05 0.00384866 9.98563E-05 9.98563E-05 9.98563E-05 0.916336 9.98563E-05 9.98563E-05 9.98563E-05
0.104804 9.98468E-05 9.98468E-05 9.98468E-05 0.748607 9.98468E-05 9.98468E-05 9.98468E-05 9.98468E-05 9.98468E-05 9.98468E-05 9.98468E-05 0.144891 9.98468E-05 9.98468E-05 9.98468E-05 9.98468E-05 9.98468E-05 9.98468E-05 9.98468E-05
0.00763614 9.98829E-05 0.00790072 9.98829E-05 9.98829E-05 0.85201 0.0661077 9.98829E-05 9.98829E-05 9.98829E-05 9.98829E-05 9.98829E-05 9.98829E-05 0.0080662 9.98829E-05 0.0120659 0.0449151 9.98829E-05 9.98829E-05 9.98829E-05
9.9847E-05 9.9847E-05 9.9847E-05 0.0378288 9.9847E-05 9.9847E-05 9.9847E-05 9.9847E-05 9.9847E-05 9.9847E-05 9.9847E-05 9.9847E-05 9.9847E-05 9.9847E-05 9.9847E-05 0.302281 9.9847E-05 9.9847E-05 9.9847E-05 0.658193
0.0727311 0.0109991 0.0326633 0.0160456 0.058892 9.98831E-05 9.98831E-05 9.98831E-05 9.98831E-05 0.804084 9.98831E-05 9.98831E-05 0.0032864 9.98831E-05 9.98831E-05 9.98831E-05 9.98831E-05 9.98831E-05 9.98831E-05 9.98831E-05
0.898507 9.98564E-05 9.98564E-05 9.98564E-05 9.98564E-05 9.98564E-05 9.98564E-05 9.98564E-05 9.98564E-05 0.00862568 0.0313758 9.98564E-05 0.0598937 9.98564E-05 9.98564E-05 9.98564E-05 9.98564E-05 9.98564E-05 9.98564E-05 9.98564E-05
9.98388E-05 9.98388E-05 9.98388E-05 9.98388E-05 9.98388E-05 9.98388E-05 0.0168623 9.98388E-05 9.98388E-05 0.981341 9.98388E-05 9.98388E-05 9.98388E-05 9.98388E-05 9.98388E-05 9.98388E-05 9.98388E-05 9.98388E-05 9.98388E-05 9.98388E-05
9.98379E-05 9.98379E-05 9.98379E-05 9.98379E-05 9.98379E-05 9.98379E-05 9.98379E-05 9.98379E-05 0.125335 0.872868 9.98379E-05 9.98379E-05 9.98379E-05 9.98379E-05 9.98379E-05 9.98379E-05 9.98379E-05 9.98379E-05 9.98379E-05 9.98379E-05
9.98648E-05 9.98648E-05 0.0519514 9.98648E-05 9.98648E-05 9.98648E-05 9.98648E-05 9.98648E-05 0.0862895 0.804697 0.0427304 9.98648E-05 0.0128334 9.98648E-05 9.98648E-05 9.98648E-05 9.98648E-05 9.98648E-05 9.98648E-05 9.98648E-05
9.98473E-05 9.98473E-05 9.98473E-05 9.98473E-05 0.000944013 9.98473E-05 9.98473E-05 9.98473E-05 0.0310643 9.98473E-05 9.98473E-05 0.966294 9.98473E-05 9.98473E-05 9.98473E-05 9.98473E-05 9.98473E-05 9.98473E-05 9.98473E-05 9.98473E-05
9.98475E-05 9.98475E-05 9.98475E-05 9.98475E-05 9.98475E-05 9.98475E-05 9.98475E-05 9.98475E-05 9.98475E-05 9.98475E-05 9.98475E-05 9.98475E-05 9.98475E-05 0.0421763 9.98475E-05 0.604385 9.98475E-05 9.98475E-05 9.98475E-05 0.351741
9.98294E-05 9.98294E-05 9.98294E-05 0.998103 9.98294E-05 9.98294E-05 9.98294E-05 9.98294E-05 9.98294E-05 9.98294E-05 9.98294E-05 9.98294E-05 9.98294E-05 9.98294E-05 9.98294E-05 9.98294E-05 9.98294E-05 9.98294E-05 9.98294E-05 9.98294E-05
9.98562E-05 9.98562E-05 9.98562E-05 9.98562E-05 9.98562E-05 9.98562E-05 9.98562E-05 9.98562E-05 9.98562E-05 9.98562E-05 9.98562E-05 9.98562E-05 9.98562E-05 0.146724 9.98562E-05 9.98562E-05 0.00892115 0.110696 9.98562E-05 0.732061
9.9874E-05 9.9874E-05 9.9874E-05 9.9874E-05 9.9874E-05 9.9874E-05 0.0340968 0.0601331 9.9874E-05 9.9874E-05 9.9874E-05 9.9874E-05 9.9874E-05 9.9874E-05 9.9874E-05 0.105232 0.00519872 9.9874E-05 0.00746763 0.786473
0.0285373 9.98561E-05 9.98561E-05 9.98561E-05 9.98561E-05 9.98561E-05 9.98561E-05 0.00690935 9.98561E-05 9.98561E-05 9.98561E-05 9.98561E-05 9.98561E-05 9.98561E-05 9.98561E-05 0.95944 9.98561E-05 0.00351547 9.98561E-05 9.98561E-05
0.0251714 0.000776808 9.98563E-05 9.98563E-05 9.98563E-05 9.98563E-05 9.98563E-05 9.98563E-05 9.98563E-05 9.98563E-05 9.98563E-05 9.98563E-05 9.98563E-05 9.98563E-05 9.98563E-05 0.972059 9.98563E-05 0.000394645 9.98563E-05 9.98563E-05
9.98921E-05 9.98921E-05 0.0105847 9.98921E-05 0.036875 9.98921E-05 0.0107136 0.152143 0.0148383 9.98921E-05 9.98921E-05 9.98921E-05 9.98921E-05 9.98921E-05 9.98921E-05 0.0118801 9.98921E-05 0.0559742 9.98921E-05 0.705792
9.9874E-05 9.9874E-05 0.00363492 0.00531713 9.9874E-05 9.9874E-05 9.9874E-05 9.9874E-05 9.9874E-05 9.9874E-05 9.9874E-05 9.9874E-05 0.014033 9.9874E-05 9.9874E-05 0.315669 9.9874E-05 9.9874E-05 0.018567 0.641381
9.98381E-05 9.98381E-05 9.98381E-05 9.98381E-05 9.98381E-05 9.98381E-05 9.98381E-05 9.98381E-05 9.98381E-05 9.98381E-05 9.98381E-05 9.98381E-05 9.98381E-05 9.98381E-05 9.98381E-05 9.98381E-05 0.0476701 0.950533 9.98381E-05 9.98381E-05
9.98381E-05 9.98381E-05 9.98381E-05 9.98381E-05 9.98381E-05 9.98381E-05 9.98381E-05 9.98381E-05 9.98381E-05 0.0232079 9.98381E-05 9.98381E-05 9.98381E-05 9.98381E-05 9.98381E-05 9.98381E-05 9.98381E-05 0.974995 9.98381E-05 9.98381E-05
0.0295432 9.98652E-05 9.98652E-05 9.98652E-05 9.98652E-05 9.98652E-05 9.98652E-05 9.98652E-05 9.98652E-05 9.98652E-05 9.98652E-05 9.98652E-05 9.98652E-05 0.0260137 9.98652E-05 0.0621891 0.0235171 9.98652E-05 9.98652E-05 0.857239
0.995617 9.98382E-05 9.98382E-05 9.98382E-05 9.98382E-05 9.98382E-05 9.98382E-05 9.98382E-05 9.98382E-05 9.98382E-05 9.98382E-05 9.98382E-05 9.98382E-05 9.98382E-05 9.98382E-05 9.98382E-05 0.00258635 9.98382E-05 9.98382E-05 9.98382E-05
0.975992 9.98471E-05 9.98471E-05 9.98471E-05 9.98471E-05 9.98471E-05 9.98471E-05 9.98471E-05 9.98471E-05 9.98471E-05 9.98471E-05 9.98471E-05 9.98471E-05 9.98471E-05 9.98471E-05 9.98471E-05 0.0221795 0.00013102 9.98471E-05 9.98471E-05
9.98384E-05 9.98384E-05 0.987101 9.98384E-05 9.98384E-05 9.98384E-05 9.98384E-05 9.98384E-05 9.98384E-05 9.98384E-05 9.98384E-05 9.98384E-05 0.0111014 9.98384E-05 9.98384E-05 9.98384E-05 9.98384E-05 9.98384E-05 9.98384E-05 9.98384E-05
9.98474E-05 0.00968362 0.984163 9.98474E-05 9.98474E-05 9.98474E-05 9.98474E-05 9.98474E-05 9.98474E-05 9.98474E-05 9.98474E-05 9.98474E-05 9.98474E-05 0.0044563 9.98474E-05 9.98474E-05 9.98474E-05 9.98474E-05 9.98474E-05 9.98474E-05
0.112212 0.00273222 9.98829E-05 9.98829E-05 0.00408714 0.0604207 9.98829E-05 9.98829E-05 0.754459 0.0613819 9.98829E-05 9.98829E-05 9.98829E-05 9.98829E-05 9.98829E-05 0.00340781 9.98829E-05 9.98829E-05 9.98829E-05 9.98829E-05
0.108344 0.0182084 9.98739E-05 9.98739E-05 0.0256667 0.045673 9.98739E-05 9.98739E-05 0.747426 0.0532841 9.98739E-05 9.98739E-05 9.98739E-05 9.98739E-05 9.98739E-05 9.98739E-05 9.98739E-05 9.98739E-05 9.98739E-05 9.98739E-05
9.98474E-05 9.98474E-05 0.954779 9.98474E-05 9.98474E-05 9.98474E-05 9.98474E-05 9.98474E-05 9.98474E-05 9.98474E-05 9.98474E-05 9.98474E-05 9.98474E-05 9.98474E-05 0.0243919 9.98474E-05 9.98474E-05 0.0191316 9.98474E-05 9.98474E-05
9.98294E-05 9.98294E-05 0.998103 9.98294E-05 9.98294E-05 9.98294E-05 9.98294E-05 9.98294E-05 9.98294E-05 9.98294E-05 9.98294E-05 9.98294E-05 9.98294E-05 9.98294E-05 9.98294E-05 9.98294E-05 9.98294E-05 9.98294E-05 9.98294E-05 9.98294E-05
9.9865E-05 9.9865E-05 9.9865E-05 9.9865E-05 0.94014 9.9865E-05 0.00820732 9.9865E-05 9.9865E-05 0.0214269 9.9865E-05 9.9865E-05 0.0207963 9.9865E-05 9.9865E-05 9.9865E-05 0.00793162 9.9865E-05 9.9865E-05 9.9865E-05
0.441116 0.0787105 9.99009E-05 0.039564 9.99009E-05 0.0126094 0.0735325 9.99009E-05 0.154675 0.10631 9.99009E-05 0.0155286 0.0768547 9.99009E-05 9.99009E-05 9.99009E-05 9.99009E-05 9.99009E-05 9.99009E-05 9.99009E-05
9.9865E-05 9.9865E-05 9.9865E-05 0.00344858 9.9865E-05 0.91561 0.0342181 9.9865E-05 9.9865E-05 9.9865E-05 0.0108102 9.9865E-05 9.9865E-05 9.9865E-05 9.9865E-05 9.9865E-05 0.0344153 9.9865E-05 9.9865E-05 9.9865E-05
9.9829E-05 9.9829E-05 9.9829E-05 9.9829E-05 9.9829E-05 9.9829E-05 9.9829E-05 9.9829E-05 9.9829E-05 9.9829E-05 0.998103 9.9829E-05 9.9829E-05 9.9829E-05 9.9829E-05 9.9829E-05 9.9829E-05 9.9829E-05 9.9829E-05 9.9829E-05
9.98291E-05 9.98291E-05 9.98291E-05 9.98291E-05 9.98291E-05 9.98291E-05 9.98291E-05 9.98291E-05 9.98291E-05 9.98291E-05 9.98291E-05 9.98291E-05 0.998103 9.98291E-05 9.98291E-05 9.98291E-05 9.98291E-05 9.98291E-05 9.98291E-05 9.98291E-05
9.98291E-05 9.98291E-05 9.98291E-05 9.98291E-05 9.98291E-05 9.98291E-05 9.98291E-05 0.998103 9.98291E-05 9.98291E-05 9.98291E-05 9.98291E-05 9.98291E-05 9.98291E-05 9.98291E-05 9.98291E-05 9.98291E-05 9.98291E-05 9.98291E-05 9.98291E-05
