9.98559E-05 9.98559E-05 9.98559E-05 9.98559E-05 9.98559E-05 9.98559E-05 9.98559E-05 9.98559E-05 0.0106709 0.063155 0.0114963 9.98559E-05 0.91308 9.98559E-05 9.98559E-05 9.98559E-05 9.98559E-05 9.98559E-05 9.98559E-05 9.98559E-05
9.98738E-05 9.98738E-05 9.98738E-05 0.0142311 9.98738E-05 9.98738E-05 9.98738E-05 9.98738E-05 0.0287429 0.0390853 9.98738E-05 9.98738E-05 9.98738E-05 9.98738E-05 9.98738E-05 0.158266 0.63605 9.98738E-05 0.122227 9.98738E-05
9.98293E-05 9.98293E-05 0.998103 9.98293E-05 9.98293E-05 9.98293E-05 9.98293E-05 9.98293E-05 9.98293E-05 9.98293E-05 9.98293E-05 9.98293E-05 9.98293E-05 9.98293E-05 9.98293E-05 9.98293E-05 9.98293E-05 9.98293E-05 9.98293E-05 9.98293E-05
9.98651E-05 9.98651E-05 9.98651E-05 9.98651E-05 0.00217807 0.076844 9.98651E-05 9.98651E-05 9.98651E-05 9.98651E-05 0.0198708 9.98651E-05 9.98651E-05 9.98651E-05 9.98651E-05 9.98651E-05 9.98651E-05 0.00613251 0.893477 9.98651E-05
9.98203E-05 9.98203E-05 9.98203E-05 0.998103 9.98203E-05 9.98203E-05 9.98203E-05 9.98203E-05 9.98203E-05 9.98203E-05 9.98203E-05 9.98203E-05 9.98203E-05 9.98203E-05 9.98203E-05 9.98203E-05 9.98203E-05 9.98203E-05 9.98203E-05 9.98203E-05
9.98562E-05 9.98562E-05 9.98562E-05 9.98562E-05 9.98562E-05 9.98562E-05 0.00319447 9.98562E-05 9.98562E-05 9.98562E-05 9.98562E-05 0.00154291 9.98562E-05 0.00484353 9.98562E-05 9.98562E-05 9.98562E-05 9.98562E-05 0.988821 9.98562E-05
9.98294E-05 9.98294E-05 9.98294E-05 9.98294E-05 9.98294E-05 9.98294E-05 9.98294E-05 9.98294E-05 9.98294E-05 9.98294E-05 9.98294E-05 0.998103 9.98294E-05 9.98294E-05 9.98294E-05 9.98294E-05 9.98294E-05 9.98294E-05 9.98294E-05 9.98294E-05
0.675817 9.98829E-05 9.98829E-05 0.0688865 0.0770167 0.019607 9.98829E-05 9.98829E-05 9.98829E-05 0.0908854 0.0222786 9.98829E-05 9.98829E-05 9.98829E-05 9.98829E-05 9.98829E-05 0.0442103 9.98829E-05 9.98829E-05 9.98829E-05
9.98652E-05 9.98652E-05 9.98652E-05 9.98652E-05 0.0346658 9.98652E-05 9.98652E-05 9.98652E-05 0.00366625 9.98652E-05 9.98652E-05 0.93906 9.98652E-05 9.98652E-05 9.98652E-05 9.98652E-05 0.0188821 0.00222793 9.98652E-05 9.98652E-05
9.98291E-05 9.98291E-05 9.98291E-05 9.98291E-05 9.98291E-05 9.98291E-05 9.98291E-05 9.98291E-05 9.98291E-05 9.98291E-05 9.98291E-05 9.98291E-05 9.98291E-05 9.98291E-05 9.98291E-05 9.98291E-05 9.98291E-05 0.998103 9.98291E-05 9.98291E-05
9.98291E-05 9.98291E-05 9.98291E-05 9.98291E-05 9.98291E-05 9.98291E-05 9.98291E-05 9.98291E-05 9.98291E-05 9.98291E-05 9.98291E-05 9.98291E-05 9.98291E-05 9.98291E-05 9.98291E-05 9.98291E-05 9.98291E-05 0.998103 9.98291E-05 9.98291E-05
9.98651E-05 9.98651E-05 0.0434372 9.98651E-05 9.98651E-05 0.0408653 0.158742 9.98651E-05 9.98651E-05 9.98651E-05 0.119491 9.98651E-05 0.635967 9.98651E-05 9.98651E-05 9.98651E-05 9.98651E-05 9.98651E-05 9.98651E-05 9.98651E-05
9.98475E-05 9.98475E-05 9.98475E-05 9.98475E-05 9.98475E-05 0.00490269 0.97565 9.98475E-05 9.98475E-05 9.98475E-05 9.98475E-05 0.01775 9.98475E-05 9.98475E-05 9.98475E-05 9.98475E-05 9.98475E-05 9.98475E-05 9.98475E-05 9.98475E-05
9.98561E-05 9.98561E-05 9.98561E-05 9.98561E-05 9.98561E-05 9.98561E-05 9.98561E-05 9.98561E-05 0.0232948 9.98561E-05 9.98561E-05 9.98561E-05 9.98561E-05 9.98561E-05 0.0193068 9.98561E-05 0.00532504 9.98561E-05 0.950476 9.98561E-05
9.98742E-05 0.00097052 9.98742E-05 0.0249852 9.98742E-05 9.98742E-05 9.98742E-05 9.98742E-05 9.98742E-05 0.0164822 9.98742E-05 9.98742E-05 0.0260294 9.98742E-05 0.000255385 9.98742E-05 9.98742E-05 9.98742E-05 0.929879 9.98742E-05
9.98559E-05 9.98559E-05 9.98559E-05 9.98559E-05 9.98559E-05 9.98559E-05 0.137575 9.98559E-05 9.98559E-05 9.98559E-05 9.98559E-05 9.98559E-05 9.98559E-05 0.107654 9.98559E-05 9.98559E-05 9.98559E-05 0.0587776 9.98559E-05 0.694396
9.98471E-05 9.98471E-05 9.98471E-05 9.98471E-05 9.98471E-05 9.98471E-05 9.98471E-05 0.00345552 0.955839 9.98471E-05 9.98471E-05 9.98471E-05 9.98471E-05 9.98471E-05 9.98471E-05 9.98471E-05 9.98471E-05 0.0390085 9.98471E-05 9.98471E-05
9.98648E-05 9.98648E-05 9.98648E-05 9.98648E-05 0.0364478 9.98648E-05 9.98648E-05 9.98648E-05 9.98648E-05 0.0417039 9.98648E-05 9.98648E-05 9.98648E-05 9.98648E-05 0.821739 0.093872 9.98648E-05 0.00473936 9.98648E-05 9.98648E-05
9.98382E-05 9.98382E-05 9.98382E-05 9.98382E-05 9.98382E-05 9.98382E-05 0.0189857 0.979217 9.98382E-05 9.98382E-05 9.98382E-05 9.98382E-05 9.98382E-05 9.98382E-05 9.98382E-05 9.98382E-05 9.98382E-05 9.98382E-05 9.98382E-05 9.98382E-05
9.98827E-05 9.98827E-05 9.98827E-05 9.98827E-05 9.98827E-05 9.98827E-05 9.98827E-05 9.98827E-05 9.98827E-05 0.117641 0.0250544 9.98827E-05 0.148564 0.160654 9.98827E-05 0.016936 9.98827E-05 0.28681 9.98827E-05 0.243043
9.9838E-05 0.0236356 9.9838E-05 9.9838E-05 9.9838E-05 9.9838E-05 9.9838E-05 9.9838E-05 9.9838E-05 9.9838E-05 9.9838E-05 9.9838E-05 9.9838E-05 9.9838E-05 0.974567 9.9838E-05 9.9838E-05 9.9838E-05 9.9838E-05 9.9838E-05
9.9892E-05 0.00500789 9.9892E-05 9.9892E-05 0.000898658 9.9892E-05 0.102246 9.9892E-05 0.0166517 9.9892E-05 9.9892E-05 9.9892E-05 0.406394 9.9892E-05 9.9892E-05 0.325202 9.9892E-05 0.00229475 9.9892E-05 0.140106
9.98921E-05 9.98921E-05 9.98921E-05 0.000852551 9.98921E-05 9.98921E-05 9.98921E-05 0.162474 0.191924 0.11402 0.178831 9.98921E-05 9.98921E-05 0.064391 0.254935 9.98921E-05 9.98921E-05 0.0313745 9.98921E-05 9.98921E-05
9.98561E-05 9.98561E-05 9.98561E-05 9.98561E-05 9.98561E-05 9.98561E-05 9.98561E-05 0.927957 9.98561E-05 0.0202382 9.98561E-05 0.0011653 9.98561E-05 9.98561E-05 0.0490416 9.98561E-05 9.98561E-05 9.98561E-05 9.98561E-05 9.98561E-05
9.98474E-05 9.98474E-05 0.0429653 9.98474E-05 9.98474E-05 0.642223 9.98474E-05 9.98474E-05 9.98474E-05 9.98474E-05 9.98474E-05 9.98474E-05 9.98474E-05 9.98474E-05 9.98474E-05 9.98474E-05 9.98474E-05 9.98474E-05 0.313114 9.98474E-05
9.98384E-05 9.98384E-05 9.98384E-05 9.98384E-05 9.98384E-05 0.2063 9.98384E-05 9.98384E-05 9.98384E-05 9.98384E-05 9.98384E-05 9.98384E-05 9.98384E-05 9.98384E-05 9.98384E-05 9.98384E-05 9.98384E-05 9.98384E-05 0.791903 9.98384E-05
9.98738E-05 9.98738E-05 9.98738E-05 9.98738E-05 9.98738E-05 9.98738E-05 0.788206 9.98738E-05 0.0531252 0.0837539 0.0226647 9.98738E-05 0.0496711 9.98738E-05 9.98738E-05 9.98738E-05 9.98738E-05 0.00118106 9.98738E-05 9.98738E-05
9.98382E-05 9.98382E-05 9.98382E-05 9.98382E-05 0.00659483 0.991608 9.98382E-05 9.98382E-05 9.98382E-05 9.98382E-05 9.98382E-05 9.98382E-05 9.98382E-05 9.98382E-05 9.98382E-05 9.98382E-05 9.98382E-05 9.98382E-05 9.98382E-05 9.98382E-05
9.98293E-05 9.98293E-05 9.98293E-05 9.98293E-05 9.98293E-05 0.998103 9.98293E-05 9.98293E-05 9.98293E-05 9.98293E-05 9.98293E-05 9.98293E-05 9.98293E-05 9.98293E-05 9.98293E-05 9.98293E-05 9.98293E-05 9.98293E-05 9.98293E-05 9.98293E-05
0.304961 0.00968648 0.0617956 0.0416308 0.0903013 0.204315 0.00887091 0.00192886 9.99281E-05 9.99281E-05 0.0111522 9.99281E-05 9.99281E-05 0.0229745 9.99281E-05 9.99281E-05 0.000294757 9.99281E-05 0.241289 9.99281E-05
0.656319 9.98649E-05 9.98649E-05 9.98649E-05 0.0572316 9.98649E-05 9.98649E-05 0.00662584 9.98649E-05 9.98649E-05 9.98649E-05 9.98649E-05 9.98649E-05 0.0059907 9.98649E-05 9.98649E-05 9.98649E-05 9.98649E-05 0.272335 9.98649E-05
9.98296E-05 9.98296E-05 9.98296E-05 9.98296E-05 9.98296E-05 9.98296E-05 9.98296E-05 9.98296E-05 9.98296E-05 9.98296E-05 9.98296E-05 9.98296E-05 9.98296E-05 9.98296E-05 9.98296E-05 9.98296E-05 0.998103 9.98296E-05 9.98296E-05 9.98296E-05
0.137083 9.98474E-05 9.98474E-05 9.98474E-05 9.98474E-05 0.40289 9.98474E-05 9.98474E-05 9.98474E-05 9.98474E-05 9.98474E-05 9.98474E-05 9.98474E-05 9.98474E-05 9.98474E-05 9.98474E-05 9.98474E-05 9.98474E-05 0.45833 9.98474E-05
0.264949 9.98475E-05 9.98475E-05 9.98475E-05 0.704414 9.98475E-05 9.98475E-05 9.98475E-05 9.98475E-05 0.0289396 9.98475E-05 9.98475E-05 9.98475E-05 9.98475E-05 9.98475E-05 9.98475E-05 9.98475E-05 9.98475E-05 9.98475E-05 9.98475E-05
0.0439047 9.98917E-05 9.98917E-05 9.98917E-05 9.98917E-05 0.0322004 0.507873 9.98917E-05 0.213678 9.98917E-05 0.0940039 9.98917E-05 9.98917E-05 0.00112189 9.98917E-05 0.0677734 9.98917E-05 0.0382464 9.98917E-05 9.98917E-05
0.020277 9.98739E-05 9.98739E-05 0.00750414 9.98739E-05 0.589556 9.98739E-05 9.98739E-05 0.00241337 9.98739E-05 9.98739E-05 9.98739E-05 9.98739E-05 0.0178567 9.98739E-05 9.98739E-05 9.98739E-05 9.98739E-05 0.360994 9.98739E-05
0.0018712 9.98561E-05 0.0441068 0.0155592 9.98561E-05 9.98561E-05 9.98561E-05 9.98561E-05 9.98561E-05 9.98561E-05 9.98561E-05 9.98561E-05 0.936865 9.98561E-05 9.98561E-05 9.98561E-05 9.98561E-05 9.98561E-05 9.98561E-05 9.98561E-05
9.98741E-05 0.0210173 9.98741E-05 0.0362006 9.98741E-05 9.98741E-05 9.98741E-05 9.98741E-05 0.0610514 0.755259 9.98741E-05 9.98741E-05 0.00866298 9.98741E-05 9.98741E-05 9.98741E-05 0.116411 9.98741E-05 9.98741E-05 9.98741E-05
0.0288965 9.9847E-05 9.9847E-05 9.9847E-05 9.9847E-05 9.9847E-05 9.9847E-05 9.9847E-05 0.961943 9.9847E-05 9.9847E-05 9.9847E-05 9.9847E-05 9.9847E-05 9.9847E-05 9.9847E-05 9.9847E-05 9.9847E-05 0.007463 9.9847E-05
9.98381E-05 9.98381E-05 9.98381E-05 9.98381E-05 9.98381E-05 9.98381E-05 9.98381E-05 9.98381E-05 9.98381E-05 9.98381E-05 9.98381E-05 9.98381E-05 9.98381E-05 9.98381E-05 9.98381E-05 0.982939 9.98381E-05 9.98381E-05 0.0152638 9.98381E-05
9.98292E-05 9.98292E-05 9.98292E-05 9.98292E-05 9.98292E-05 9.98292E-05 9.98292E-05 9.98292E-05 9.98292E-05 9.98292E-05 9.98292E-05 9.98292E-05 9.98292E-05 9.98292E-05 9.98292E-05 0.998103 9.98292E-05 9.98292E-05 9.98292E-05 9.98292E-05
9.98918E-05 0.00424336 9.98918E-05 9.98918E-05 9.98918E-05 9.98918E-05 9.98918E-05 0.00445617 0.0334355 0.460335 9.98918E-05 9.98918E-05 0.0597386 0.0343036 9.98918E-05 0.0183227 9.98918E-05 0.383967 9.98918E-05 9.98918E-05
9.98741E-05 0.0053919 9.98741E-05 9.98741E-05 9.98741E-05 9.98741E-05 0.018467 9.98741E-05 9.98741E-05 0.0665303 9.98741E-05 0.0496181 9.98741E-05 9.98741E-05 0.00325471 9.98741E-05 9.98741E-05 9.98741E-05 9.98741E-05 0.85534
9.98828E-05 0.0135882 9.98828E-05 9.98828E-05 9.98828E-05 9.98828E-05 9.98828E-05 9.98828E-05 0.0252617 0.317622 0.00811082 9.98828E-05 0.0406156 0.0878366 9.98828E-05 9.98828E-05 9.98828E-05 0.505667 9.98828E-05 9.98828E-05
9.98649E-05 9.98649E-05 9.98649E-05 9.98649E-05 9.98649E-05 9.98649E-05 0.0575046 0.0690036 9.98649E-05 0.585338 0.0423506 9.98649E-05 9.98649E-05 0.244305 9.98649E-05 9.98649E-05 9.98649E-05 9.98649E-05 9.98649E-05 9.98649E-05
0.00438207 0.0727768 0.0105918 0.0541421 9.99099E-05 9.99099E-05 9.99099E-05 9.99099E-05 9.99099E-05 0.518274 9.99099E-05 9.99099E-05 0.0266331 0.181292 9.99099E-05 0.0445259 9.99099E-05 9.99099E-05 0.00111374 0.0852695
9.99188E-05 0.0338415 0.0181376 0.00928234 0.0667173 0.00590232 0.078733 9.99188E-05 0.116463 9.99188E-05 9.99188E-05 9.99188E-05 0.200922 0.258331 9.99188E-05 9.99188E-05 9.99188E-05 0.167797 0.0429734 9.99188E-05
9.98391E-05 9.98391E-05 9.98391E-05 9.98391E-05 9.98391E-05 9.98391E-05 9.98391E-05 0.0271347 9.98391E-05 9.98391E-05 9.98391E-05 9.98391E-05 0.971068 9.98391E-05 9.98391E-05 9.98391E-05 9.98391E-05 9.98391E-05 9.98391E-05 9.98391E-05
9.98292E-05 9.98292E-05 9.98292E-05 9.98292E-05 0.998103 9.98292E-05 9.98292E-05 9.98292E-05 9.98292E-05 9.98292E-05 9.98292E-05 9.98292E-05 9.98292E-05 9.98292E-05 9.98292E-05 9.98292E-05 9.98292E-05 9.98292E-05 9.98292E-05 9.98292E-05
9.98293E-05 9.98293E-05 9.98293E-05 9.98293E-05 0.998103 9.98293E-05 9.98293E-05 9.98293E-05 9.98293E-05 9.98293E-05 9.98293E-05 9.98293E-05 9.98293E-05 9.98293E-05 9.98293E-05 9.98293E-05 9.98293E-05 9.98293E-05 9.98293E-05 9.98293E-05
9.98383E-05 9.98383E-05 9.98383E-05 9.98383E-05 0.988094 9.98383E-05 9.98383E-05 9.98383E-05 9.98383E-05 9.98383E-05 9.98383E-05 0.0101089 9.98383E-05 9.98383E-05 9.98383E-05 9.98383E-05 9.98383E-05 9.98383E-05 9.98383E-05 9.98383E-05
9.98474E-05 9.98474E-05 9.98474E-05 9.98474E-05 0.992656 9.98474E-05 9.98474E-05 9.98474E-05 9.98474E-05 9.98474E-05 9.98474E-05 9.98474E-05 9.98474E-05 9.98474E-05 0.000876662 0.00477005 9.98474E-05 9.98474E-05 9.98474E-05 9.98474E-05
9.98294E-05 9.98294E-05 9.98294E-05 9.98294E-05 0.998103 9.98294E-05 9.98294E-05 9.98294E-05 9.98294E-05 9.98294E-05 9.98294E-05 9.98294E-05 9.98294E-05 9.98294E-05 9.98294E-05 9.98294E-05 9.98294E-05 9.98294E-05 9.98294E-05 9.98294E-05
0.275415 9.99013E-05 0.0169393 9.99013E-05 0.437638 0.0694246 9.99013E-05 0.0304191 9.99013E-05 9.99013E-05 9.99013E-05 0.0369107 9.99013E-05 9.99013E-05 9.99013E-05 9.99013E-05 9.99013E-05 0.00914445 0.0202497 0.10276
9.98652E-05 9.98652E-05 9.98652E-05 9.98652E-05 0.918091 9.98652E-05 9.98652E-05 9.98652E-05 9.98652E-05 9.98652E-05 9.98652E-05 9.98652E-05 0.00411971 9.98652E-05 9.98652E-05 0.00524917 0.0634674 9.98652E-05 9.98652E-05 0.0075743
9.98558E-05 9.98558E-05 9.98558E-05 9.98558E-05 9.98558E-05 9.98558E-05 9.98558E-05 9.98558E-05 9.98558E-05 9.98558E-05 9.98558E-05 9.98558E-05 0.755267 0.0559569 9.98558E-05 9.98558E-05 9.98558E-05 0.0234673 9.98558E-05 0.163711
9.98649E-05 9.98649E-05 9.98649E-05 9.98649E-05 9.98649E-05 0.0535888 9.98649E-05 9.98649E-05 9.98649E-05 9.98649E-05 0.00375433 0.0286236 9.98649E-05 9.98649E-05 9.98649E-05 9.98649E-05 0.90295 0.00958497 9.98649E-05 9.98649E-05
9.98559E-05 9.98559E-05 9.98559E-05 0.022686 9.98559E-05 0.402505 9.98559E-05 9.98559E-05 9.98559E-05 9.98559E-05 9.98559E-05 9.98559E-05 9.98559E-05 9.98559E-05 9.98559E-05 0.0125976 9.98559E-05 9.98559E-05 0.560614 9.98559E-05
9.98562E-05 9.98562E-05 9.98562E-05 9.98562E-05 9.98562E-05 9.98562E-05 0.851994 9.98562E-05 9.98562E-05 9.98562E-05 0.00598133 9.98562E-05 9.98562E-05 9.98562E-05 9.98562E-05 0.107619 9.98562E-05 9.98562E-05 9.98562E-05 0.0328077
9.98474E-05 9.98474E-05 9.98474E-05 9.98474E-05 9.98474E-05 9.98474E-05 0.0176869 9.98474E-05 9.98474E-05 9.98474E-05 9.98474E-05 9.98474E-05 9.98474E-05 0.125753 9.98474E-05 9.98474E-05 9.98474E-05 9.98474E-05 9.98474E-05 0.854863
9.98476E-05 9.98476E-05 0.0175882 9.98476E-05 9.98476E-05 9.98476E-05 0.945624 9.98476E-05 9.98476E-05 9.98476E-05 9.98476E-05 0.0350909 9.98476E-05 9.98476E-05 9.98476E-05 9.98476E-05 9.98476E-05 9.98476E-05 9.98476E-05 9.98476E-05
9.9838E-05 9.9838E-05 9.9838E-05 9.9838E-05 9.9838E-05 9.9838E-05 0.868278 9.9838E-05 9.9838E-05 0.129925 9.9838E-05 9.9838E-05 9.9838E-05 9.9838E-05 9.9838E-05 9.9838E-05 9.9838E-05 9.9838E-05 9.9838E-05 9.9838E-05
9.98648E-05 9.98648E-05 9.98648E-05 9.98648E-05 9.98648E-05 9.98648E-05 0.820186 0.00442731 9.98648E-05 9.98648E-05 0.0603814 9.98648E-05 9.98648E-05 0.0130981 9.98648E-05 9.98648E-05 9.98648E-05 0.100409 9.98648E-05 9.98648E-05
9.98293E-05 0.998103 9.98293E-05 9.98293E-05 9.98293E-05 9.98293E-05 9.98293E-05 9.98293E-05 9.98293E-05 9.98293E-05 9.98293E-05 9.98293E-05 9.98293E-05 9.98293E-05 9.98293E-05 9.98293E-05 9.98293E-05 9.98293E-05 9.98293E-05 9.98293E-05
9.98476E-05 9.98476E-05 0.0270193 9.98476E-05 9.98476E-05 0.679553 9.98476E-05 9.98476E-05 9.98476E-05 9.98476E-05 9.98476E-05 9.98476E-05 9.98476E-05 9.98476E-05 9.98476E-05 9.98476E-05 9.98476E-05 9.98476E-05 0.29173 9.98476E-05
9.99189E-05 0.0308911 9.99189E-05 9.99189E-05 9.99189E-05 0.280008 9.99189E-05 0.0023483 0.136718 9.99189E-05 9.99189E-05 0.0130387 0.0939349 0.174151 9.99189E-05 0.00601242 0.135861 0.106523 9.99189E-05 0.0196132
0.0080465 9.98654E-05 0.100706 9.98654E-05 0.00374488 9.98654E-05 9.98654E-05 9.98654E-05 9.98654E-05 9.98654E-05 9.98654E-05 9.98654E-05 9.98654E-05 9.98654E-05 9.98654E-05 9.98654E-05 9.98654E-05 9.98654E-05 0.875663 0.0103411
9.9883E-05 9.9883E-05 9.9883E-05 0.0912938 0.00476506 0.250965 9.9883E-05 9.9883E-05 0.0103293 9.9883E-05 9.9883E-05 0.000309098 9.9883E-05 9.9883E-05 9.9883E-05 0.0233049 9.9883E-05 9.9883E-05 0.617734 9.9883E-05
9.98381E-05 9.98381E-05 9.98381E-05 9.98381E-05 9.98381E-05 0.972469 9.98381E-05 9.98381E-05 9.98381E-05 9.98381E-05 9.98381E-05 9.98381E-05 9.98381E-05 9.98381E-05 9.98381E-05 9.98381E-05 9.98381E-05 9.98381E-05 9.98381E-05 0.0257338
9.98384E-05 9.98384E-05 9.98384E-05 9.98384E-05 9.98384E-05 0.996205 9.98384E-05 0.00199813 9.98384E-05 9.98384E-05 9.98384E-05 9.98384E-05 9.98384E-05 9.98384E-05 9.98384E-05 9.98384E-05 9.98384E-05 9.98384E-05 9.98384E-05 9.98384E-05
0.237474 9.98653E-05 9.98653E-05 9.98653E-05 9.98653E-05 0.0611262 9.98653E-05 9.98653E-05 9.98653E-05 9.98653E-05 9.98653E-05 0.00288901 9.98653E-05 9.98653E-05 9.98653E-05 9.98653E-05 9.98653E-05 0.0477769 0.649236 9.98653E-05
9.9856E-05 9.9856E-05 9.9856E-05 0.0377285 9.9856E-05 0.506701 9.9856E-05 9.9856E-05 0.0324115 9.9856E-05 9.9856E-05 9.9856E-05 9.9856E-05 9.9856E-05 9.9856E-05 9.9856E-05 9.9856E-05 9.9856E-05 0.421562 9.9856E-05
0.972898 9.98381E-05 9.98381E-05 0.0253044 9.98381E-05 9.98381E-05 9.98381E-05 9.98381E-05 9.98381E-05 9.98381E-05 9.98381E-05 9.98381E-05 9.98381E-05 9.98381E-05 9.98381E-05 9.98381E-05 9.98381E-05 9.98381E-05 9.98381E-05 9.98381E-05
0.932062 9.98472E-05 9.98472E-05 9.98472E-05 9.98472E-05 9.98472E-05 0.0283026 9.98472E-05 9.98472E-05 9.98472E-05 9.98472E-05 0.0379381 9.98472E-05 9.98472E-05 9.98472E-05 9.98472E-05 9.98472E-05 9.98472E-05 9.98472E-05 9.98472E-05
9.98832E-05 9.98832E-05 9.98832E-05 9.98832E-05 0.029889 0.0446165 0.00345242 0.00362327 9.98832E-05 9.98832E-05 9.98832E-05 9.98832E-05 9.98832E-05 9.98832E-05 0.00115036 9.98832E-05 9.98832E-05 9.98832E-05 0.902499 0.0134708
0.020138 9.9865E-05 9.9865E-05 9.9865E-05 9.9865E-05 9.9865E-05 9.9865E-05 9.9865E-05 0.0174925 9.9865E-05 0.0144656 9.9865E-05 9.9865E-05 9.9865E-05 9.9865E-05 9.9865E-05 0.00590493 9.9865E-05 9.9865E-05 0.940501
9.98381E-05 9.98381E-05 9.98381E-05 9.98381E-05 0.00594555 9.98381E-05 9.98381E-05 9.98381E-05 9.98381E-05 9.98381E-05 9.98381E-05 9.98381E-05 9.98381E-05 9.98381E-05 9.98381E-05 9.98381E-05 9.98381E-05 9.98381E-05 9.98381E-05 0.992257
9.98383E-05 9.98383E-05 9.98383E-05 9.98383E-05 9.98383E-05 9.98383E-05 9.98383E-05 9.98383E-05 9.98383E-05 9.98383E-05 0.997778 9.98383E-05 0.000425281 9.98383E-05 9.98383E-05 9.98383E-05 9.98383E-05 9.98383E-05 9.98383E-05 9.98383E-05
9.98294E-05 9.98294E-05 9.98294E-05 9.98294E-05 9.98294E-05 9.98294E-05 9.98294E-05 9.98294E-05 9.98294E-05 9.98294E-05 0.998103 9.98294E-05 9.98294E-05 9.98294E-05 9.98294E-05 9.98294E-05 9.98294E-05 9.98294E-05 9.98294E-05 9.98294E-05
9.9829E-05 9.9829E-05 9.9829E-05 9.9829E-05 9.9829E-05 9.9829E-05 9.9829E-05 9.9829E-05 9.9829E-05 0.998103 9.9829E-05 9.9829E-05 9.9829E-05 9.9829E-05 9.9829E-05 9.9829E-05 9.9829E-05 9.9829E-05 9.9829E-05 9.9829E-05
9.98381E-05 9.98381E-05 9.98381E-05 9.98381E-05 9.98381E-05 9.98381E-05 9.98381E-05 9.98381E-05 9.98381E-05 0.991421 9.98381E-05 0.00678145 9.98381E-05 9.98381E-05 9.98381E-05 9.98381E-05 9.98381E-05 9.98381E-05 9.98381E-05 9.98381E-05
9.98474E-05 9.98474E-05 9.98474E-05 9.98474E-05 9.98474E-05 9.98474E-05 9.98474E-05 9.98474E-05 0.00888829 9.98474E-05 0.962517 9.98474E-05 9.98474E-05 9.98474E-05 9.98474E-05 9.98474E-05 9.98474E-05 9.98474E-05 9.98474E-05 0.0268969
9.98473E-05 9.98473E-05 9.98473E-05 9.98473E-05 0.00146589 9.98473E-05 9.98473E-05 9.98473E-05 9.98473E-05 9.98473E-05 0.983045 9.98473E-05 9.98473E-05 9.98473E-05 9.98473E-05 0.0137915 9.98473E-05 9.98473E-05 9.98473E-05 9.98473E-05
9.9847E-05 9.9847E-05 9.9847E-05 9.9847E-05 0.0132558 9.9847E-05 0.0365853 9.9847E-05 9.9847E-05 9.9847E-05 9.9847E-05 9.9847E-05 0.948462 9.9847E-05 9.9847E-05 9.9847E-05 9.9847E-05 9.9847E-05 9.9847E-05 9.9847E-05
9.9856E-05 9.9856E-05 9.9856E-05 9.9856E-05 9.9856E-05 9.9856E-05 0.141378 0.0242669 9.9856E-05 9.9856E-05 9.9856E-05 0.118044 9.9856E-05 9.9856E-05 9.9856E-05 0.714713 9.9856E-05 9.9856E-05 9.9856E-05 9.9856E-05
9.9865E-05 9.9865E-05 9.9865E-05 0.00736593 0.0435613 9.9865E-05 9.9865E-05 9.9865E-05 9.9865E-05 9.9865E-05 9.9865E-05 0.0670328 9.9865E-05 0.00682077 9.9865E-05 9.9865E-05 0.873721 9.9865E-05 9.9865E-05 9.9865E-05
9.9829E-05 9.9829E-05 9.9829E-05 9.9829E-05 9.9829E-05 9.9829E-05 9.9829E-05 9.9829E-05 9.9829E-05 9.9829E-05 9.9829E-05 9.9829E-05 9.9829E-05 0.998103 9.9829E-05 9.9829E-05 9.9829E-05 9.9829E-05 9.9829E-05 9.9829E-05
9.98831E-05 9.98831E-05 9.98831E-05 9.98831E-05 9.98831E-05 9.98831E-05 0.0263885 9.98831E-05 0.0880904 9.98831E-05 0.00502894 9.98831E-05 0.0511562 0.799721 0.00224344 9.98831E-05 9.98831E-05 9.98831E-05 9.98831E-05 0.0260729
0.728323 9.98742E-05 9.98742E-05 9.98742E-05 0.0100501 0.163088 9.98742E-05 9.98742E-05 9.98742E-05 9.98742E-05 0.0464756 9.98742E-05 9.98742E-05 9.98742E-05 0.0200745 9.98742E-05 9.98742E-05 9.98742E-05 0.0305905 9.98742E-05
