0.9997 9.998E-05 9.998E-05 9.998E-05
0.409745 0.324765 9.9991E-05 0.26539
0.0732697 0.0571864 0.077979 0.791565
9.9982E-05 0.0349915 9.9982E-05 0.964809
0.258897 0.307905 9.9991E-05 0.433098
9.998E-05 9.998E-05 9.998E-05 0.9997
0.500862 0.498938 9.99822E-05 9.99822E-05
0.0840281 0.497192 9.9991E-05 0.41868
0.489469 0.510331 9.99821E-05 9.99821E-05
0.820718 0.179082 9.9982E-05 9.9982E-05
0.860218 0.139582 9.9982E-05 9.9982E-05
0.931909 9.9982E-05 9.9982E-05 0.067891
0.920858 9.99821E-05 9.99821E-05 0.0789423
9.9982E-05 9.9982E-05 0.0193306 0.980469
0.0186737 9.9982E-05 9.9982E-05 0.981126
0.924273 0.0755271 9.9982E-05 9.9982E-05
0.784557 9.9991E-05 0.166854 0.0484888
0.104694 0.140335 0.754871 9.9991E-05
9.998E-05 9.998E-05 0.9997 9.998E-05
0.996925 0.00287516 9.9982E-05 9.9982E-05
9.998E-05 9.998E-05 0.9997 9.998E-05
0.989391 0.010409 9.9982E-05 9.9982E-05
0.334549 0.071408 0.55863 0.0354136
0.0281351 9.9982E-05 0.971665 9.9982E-05
9.9982E-05 0.0138121 9.9982E-05 0.985988
9.998E-05 9.998E-05 9.998E-05 0.9997
0.9997 9.998E-05 9.998E-05 9.998E-05
9.9982E-05 0.0537186 9.9982E-05 0.946081
9.9982E-05 0.0702843 9.9982E-05 0.929516
9.9991E-05 0.279305 0.0386139 0.681981
9.9991E-05 0.355419 0.0214157 0.623065
0.248864 0.665508 9.9991E-05 0.0855287
9.998E-05 9.998E-05 9.998E-05 0.9997
9.9982E-05 0.894197 9.9982E-05 0.105603
0.902311 9.9982E-05 9.9982E-05 0.0974886
0.00890279 9.9982E-05 9.9982E-05 0.990897
0.902586 9.99821E-05 9.99821E-05 0.0972139
0.770548 0.216392 0.0129596 9.9991E-05
0.633825 9.9991E-05 0.161151 0.204924
0.856424 9.9982E-05 9.9982E-05 0.143376
0.87299 0.0336067 0.00283156 0.0905715
0.950484 0.0331119 0.0163037 9.9991E-05
0.896295 0.103505 9.9982E-05 9.9982E-05
0.923011 0.0767893 9.9982E-05 9.9982E-05
0.758317 0.0918624 0.14972 9.9991E-05
0.807629 0.0534559 0.0575057 0.0814096
0.789128 0.0786212 9.9991E-05 0.132151
0.9997 9.998E-05 9.998E-05 9.998E-05
9.998E-05 0.9997 9.998E-05 9.998E-05
9.998E-05 0.9997 9.998E-05 9.998E-05
9.9982E-05 0.999618 0.000182333 9.9982E-05
9.998E-05 0.9997 9.998E-05 9.998E-05
9.998E-05 0.9997 9.998E-05 9.998E-05
0.087985 0.652456 0.0383923 0.221167
9.998E-05 0.9997 9.998E-05 9.998E-05
0.9997 9.998E-05 9.998E-05 9.998E-05
0.293108 0.63053 9.9991E-05 0.0762612
9.998E-05 9.998E-05 9.998E-05 0.9997
0.983738 9.99821E-05 9.99821E-05 0.0160622
0.921724 9.9982E-05 9.9982E-05 0.0780758
0.985896 9.99822E-05 9.99822E-05 0.0139045
0.9997 9.998E-05 9.998E-05 9.998E-05
0.994165 9.9982E-05 0.00563536 9.9982E-05
0.0615348 0.0146475 0.923718 9.9991E-05
9.998E-05 9.998E-05 9.998E-05 0.9997
0.45166 0.221455 0.0326356 0.29425
9.998E-05 9.998E-05 9.998E-05 0.9997
9.9982E-05 0.0275552 9.9982E-05 0.972245
9.9982E-05 0.0911664 9.9982E-05 0.908634
9.9991E-05 0.0968236 0.00660838 0.896468
0.0629012 0.0295317 9.9991E-05 0.907467
9.998E-05 9.998E-05 9.998E-05 0.9997
9.99821E-05 0.528122 9.99821E-05 0.471678
0.0423701 0.413109 0.00918731 0.535334
9.9991E-05 0.000232268 0.00293944 0.996728
0.821164 0.143442 9.9991E-05 0.0352938
0.768876 0.181099 9.9991E-05 0.0499252
0.646956 9.9991E-05 0.219435 0.133509
0.588007 9.9991E-05 0.253634 0.158259
0.864993 0.134807 9.99819E-05 9.99819E-05
0.876742 0.123058 9.99819E-05 9.99819E-05
0.638027 9.9991E-05 0.228367 0.133506
0.619801 9.9991E-05 0.227403 0.152696
0.97758 0.0222199 9.9982E-05 9.9982E-05
0.890726 0.0792162 0.0299579 9.9991E-05
0.275778 0.66589 9.9991E-05 0.0582318
0.714242 9.9991E-05 0.162442 0.123216
0.826298 9.9991E-05 0.149495 0.0241063
9.9991E-05 0.343194 0.0557502 0.600956
