9.99459E-05 9.99459E-05 9.99459E-05 0.0582725 0.936575 0.00455279 9.99459E-05 9.99459E-05 9.99459E-05
9.99729E-05 0.507796 0.233218 0.0171507 0.189039 0.0500318 0.00246483 9.99729E-05 9.99729E-05
0.00827175 0.0926886 0.784205 9.99733E-05 9.99733E-05 0.090453 9.99733E-05 0.009435 0.0146471
9.9937E-05 9.9937E-05 0.961892 9.9937E-05 9.9937E-05 0.0374081 9.9937E-05 9.9937E-05 9.9937E-05
9.99641E-05 0.320609 0.444314 0.125002 0.0903169 9.99641E-05 9.99641E-05 0.0193588 9.99641E-05
9.9946E-05 9.9946E-05 0.968413 0.0289854 0.00200172 9.9946E-05 9.9946E-05 9.9946E-05 9.9946E-05
0.170703 0.824532 9.99459E-05 9.99459E-05 9.99459E-05 9.99459E-05 0.00416586 9.99459E-05 9.99459E-05
9.9964E-05 0.354723 0.366001 0.0517849 9.9964E-05 0.00319463 9.9964E-05 0.223897 9.9964E-05
0.0971023 0.825667 9.99459E-05 9.99459E-05 9.99459E-05 9.99459E-05 0.0766311 9.99459E-05 9.99459E-05
9.9937E-05 0.0992346 9.9937E-05 0.900066 9.9937E-05 9.9937E-05 9.9937E-05 9.9937E-05 9.9937E-05
9.9937E-05 0.0705617 9.9937E-05 0.928739 9.9937E-05 9.9937E-05 9.9937E-05 9.9937E-05 9.9937E-05
0.157962 9.9964E-05 0.0272893 9.9964E-05 0.64342 0.144806 0.0261219 9.9964E-05 9.9964E-05
0.972928 0.0263721 9.99371E-05 9.99371E-05 9.99371E-05 9.99371E-05 9.99371E-05 9.99371E-05 9.99371E-05
0.0409618 9.9946E-05 0.942899 9.9946E-05 9.9946E-05 9.9946E-05 9.9946E-05 9.9946E-05 0.0155396
9.9946E-05 9.9946E-05 0.951619 0.00459097 0.0431899 9.9946E-05 9.9946E-05 9.9946E-05 9.9946E-05
0.172586 9.9955E-05 9.9955E-05 0.0530269 0.00199916 9.9955E-05 0.771889 9.9955E-05 9.9955E-05
0.169224 9.9973E-05 0.00940958 0.344442 9.9973E-05 0.281112 0.136203 9.9973E-05 0.0593093
9.99729E-05 0.0480064 9.99729E-05 0.114435 0.00827539 9.99729E-05 0.0920437 0.0251066 0.711833
9.9937E-05 9.9937E-05 9.9937E-05 9.9937E-05 9.9937E-05 0.0855322 9.9937E-05 9.9937E-05 0.913768
9.995E-05 9.995E-05 9.995E-05 0.486834 0.114698 0.0542387 0.34373 9.995E-05 9.995E-05
9.993E-05 9.993E-05 9.993E-05 9.993E-05 9.993E-05 9.993E-05 9.993E-05 9.993E-05 0.999201
0.0941695 9.9964E-05 9.9964E-05 0.0628507 0.518342 0.00132145 0.322917 9.9964E-05 9.9964E-05
9.9964E-05 9.9964E-05 0.03696 0.294733 9.9964E-05 0.248256 9.9964E-05 0.00875786 0.410894
9.99459E-05 9.99459E-05 9.99459E-05 0.0522482 9.99459E-05 0.0410402 9.99459E-05 9.99459E-05 0.906112
9.99371E-05 9.99371E-05 0.98904 9.99371E-05 9.99371E-05 9.99371E-05 9.99371E-05 0.0102608 9.99371E-05
9.993E-05 9.993E-05 0.999201 9.993E-05 9.993E-05 9.993E-05 9.993E-05 9.993E-05 9.993E-05
0.811632 9.99729E-05 9.99729E-05 0.0771737 0.0395878 0.0207189 0.0479999 0.00258787 9.99729E-05
9.9937E-05 9.9937E-05 0.926241 9.9937E-05 9.9937E-05 9.9937E-05 9.9937E-05 0.073059 9.9937E-05
9.9946E-05 9.9946E-05 0.914693 9.9946E-05 9.9946E-05 9.9946E-05 0.0463642 0.0383426 9.9946E-05
0.039969 0.0212078 0.687262 9.99731E-05 0.0337576 9.99731E-05 9.99731E-05 0.213604 0.00389941
9.9973E-05 0.0856991 0.637636 0.0111285 9.9973E-05 0.0388314 9.9973E-05 0.215924 0.010481
9.9964E-05 0.715139 0.0414094 9.9964E-05 0.0899522 0.00680404 9.9964E-05 0.146295 9.9964E-05
9.99462E-05 9.99462E-05 0.980478 9.99462E-05 9.99462E-05 0.000625529 0.0182963 9.99462E-05 9.99462E-05
9.99461E-05 0.0941275 0.0892418 9.99461E-05 9.99461E-05 9.99461E-05 9.99461E-05 0.816031 9.99461E-05
0.598738 9.99639E-05 0.0550617 0.10958 0.055125 0.181095 9.99639E-05 9.99639E-05 9.99639E-05
0.00753534 9.99459E-05 0.971364 9.99459E-05 0.0205012 9.99459E-05 9.99459E-05 9.99459E-05 9.99459E-05
9.9937E-05 9.9937E-05 0.0250503 9.9937E-05 0.97425 9.9937E-05 9.9937E-05 9.9937E-05 9.9937E-05
9.9973E-05 0.162597 0.0359175 0.635718 0.145218 9.9973E-05 9.9973E-05 0.0184372 0.00181313
0.235553 9.9982E-05 0.110894 0.219663 0.00732722 0.349779 0.0403783 9.9982E-05 0.0362057
9.99729E-05 9.99729E-05 0.105358 0.313687 0.238977 0.0277979 0.302947 9.99729E-05 0.0109326
9.99729E-05 9.99729E-05 0.0708898 0.273684 0.296549 0.0354161 0.303632 9.99729E-05 0.0195288
9.99459E-05 9.99459E-05 9.99459E-05 0.93368 0.0388747 9.99459E-05 0.0268455 9.99459E-05 9.99459E-05
0.0635368 0.0247991 9.9946E-05 9.9946E-05 9.9946E-05 9.9946E-05 0.911064 9.9946E-05 9.9946E-05
0.0253622 9.9946E-05 9.9946E-05 0.949982 0.0240566 9.9946E-05 9.9946E-05 9.9946E-05 9.9946E-05
0.141956 0.0040394 9.9982E-05 0.429752 0.0734998 0.116178 0.125294 9.9982E-05 0.109082
9.999E-05 0.00604528 0.124072 0.515549 0.116166 0.0225956 0.1836 0.0043041 0.027568
0.263684 9.9973E-05 0.0543681 0.277121 0.233424 0.0834405 9.9973E-05 0.0876619 9.9973E-05
9.993E-05 9.993E-05 9.993E-05 9.993E-05 0.999201 9.993E-05 9.993E-05 9.993E-05 9.993E-05
9.993E-05 9.993E-05 9.993E-05 9.993E-05 9.993E-05 9.993E-05 9.993E-05 0.999201 9.993E-05
9.9937E-05 9.9937E-05 0.00405858 9.9937E-05 9.9937E-05 9.9937E-05 9.9937E-05 0.995242 9.9937E-05
9.993E-05 9.993E-05 9.993E-05 9.993E-05 9.993E-05 9.993E-05 9.993E-05 0.999201 9.993E-05
9.993E-05 9.993E-05 9.993E-05 9.993E-05 9.993E-05 9.993E-05 9.993E-05 0.999201 9.993E-05
9.993E-05 9.993E-05 9.993E-05 9.993E-05 9.993E-05 9.993E-05 9.993E-05 0.999201 9.993E-05
0.0553276 0.0976595 0.19369 0.0575658 9.99821E-05 9.99821E-05 0.0126278 0.56798 0.0149493
9.9955E-05 0.0184462 9.9955E-05 9.9955E-05 0.00309245 9.9955E-05 0.044078 0.933884 9.9955E-05
0.00571261 9.99459E-05 9.99459E-05 9.99459E-05 0.851278 9.99459E-05 0.14241 9.99459E-05 9.99459E-05
9.99638E-05 0.673258 0.0495342 9.99638E-05 0.103897 0.00799503 9.99638E-05 0.164916 9.99638E-05
9.993E-05 9.993E-05 0.999201 9.993E-05 9.993E-05 9.993E-05 9.993E-05 9.993E-05 9.993E-05
0.818106 9.9937E-05 9.9937E-05 9.9937E-05 9.9937E-05 9.9937E-05 0.181194 9.9937E-05 9.9937E-05
0.0925112 9.99372E-05 9.99372E-05 9.99372E-05 9.99372E-05 9.99372E-05 0.906789 9.99372E-05 9.99372E-05
0.97853 0.0207705 9.99372E-05 9.99372E-05 9.99372E-05 9.99372E-05 9.99372E-05 9.99372E-05 9.99372E-05
0.878408 9.99549E-05 9.99549E-05 0.101181 0.0142869 9.99549E-05 0.00562448 9.99549E-05 9.99549E-05
0.868296 9.99459E-05 9.99459E-05 0.0986476 9.99459E-05 0.0324563 9.99459E-05 9.99459E-05 9.99459E-05
9.99461E-05 9.99461E-05 9.99461E-05 9.99461E-05 0.125547 9.99461E-05 9.99461E-05 0.000711001 0.873142
9.993E-05 9.993E-05 0.999201 9.993E-05 9.993E-05 9.993E-05 9.993E-05 9.993E-05 9.993E-05
0.035187 0.090719 0.259791 0.312616 0.128459 9.9991E-05 0.0578549 0.0140829 0.10119
9.99372E-05 9.99372E-05 0.966503 9.99372E-05 9.99372E-05 9.99372E-05 0.0327979 9.99372E-05 9.99372E-05
9.9946E-05 9.9946E-05 0.896689 9.9946E-05 0.0495224 9.9946E-05 9.9946E-05 0.0531892 9.9946E-05
9.9955E-05 0.00200884 0.895365 9.9955E-05 9.9955E-05 9.9955E-05 0.0535355 0.0485911 9.9955E-05
9.99461E-05 0.0345221 0.920916 9.99461E-05 9.99461E-05 9.99461E-05 0.0439625 9.99461E-05 9.99461E-05
9.99461E-05 0.0765486 0.84951 0.0733419 9.99461E-05 9.99461E-05 9.99461E-05 9.99461E-05 9.99461E-05
9.993E-05 9.993E-05 0.999201 9.993E-05 9.993E-05 9.993E-05 9.993E-05 9.993E-05 9.993E-05
9.99462E-05 0.313451 0.401502 9.99462E-05 9.99462E-05 9.99462E-05 9.99462E-05 0.284448 9.99462E-05
0.00832863 0.489163 0.379031 9.99552E-05 9.99552E-05 9.99552E-05 9.99552E-05 0.122977 9.99552E-05
9.99461E-05 9.99461E-05 0.972168 9.99461E-05 9.99461E-05 9.99461E-05 0.00779279 0.0194394 9.99461E-05
9.99369E-05 9.99369E-05 9.99369E-05 9.99369E-05 9.99369E-05 9.99369E-05 0.984106 0.0151946 9.99369E-05
9.9937E-05 9.9937E-05 9.9937E-05 9.9937E-05 9.9937E-05 9.9937E-05 0.986332 0.0129681 9.9937E-05
9.993E-05 9.993E-05 9.993E-05 9.993E-05 9.993E-05 0.999201 9.993E-05 9.993E-05 9.993E-05
9.9937E-05 9.9937E-05 9.9937E-05 0.000419435 9.9937E-05 0.998881 9.9937E-05 9.9937E-05 9.9937E-05
9.99549E-05 0.0317687 9.99549E-05 0.771528 0.0497374 9.99549E-05 0.146467 9.99549E-05 9.99549E-05
9.9955E-05 0.0304548 9.9955E-05 0.728962 0.0495896 9.9955E-05 0.190494 9.9955E-05 9.9955E-05
9.993E-05 9.993E-05 9.993E-05 9.993E-05 9.993E-05 0.999201 9.993E-05 9.993E-05 9.993E-05
9.993E-05 9.993E-05 9.993E-05 9.993E-05 9.993E-05 0.999201 9.993E-05 9.993E-05 9.993E-05
0.043598 9.99459E-05 9.99459E-05 9.99459E-05 0.941135 9.99459E-05 0.0146674 9.99459E-05 9.99459E-05
0.181554 0.11208 9.9973E-05 0.129437 0.00446583 9.9973E-05 0.495973 9.9973E-05 0.0761894
9.99548E-05 0.685761 0.00470954 9.99548E-05 0.0892456 9.99548E-05 9.99548E-05 0.219784 9.99548E-05
0.363442 9.99641E-05 0.0559757 0.342914 9.99641E-05 0.126806 9.99641E-05 9.99641E-05 0.110463
0.494772 9.99641E-05 9.99641E-05 9.99641E-05 0.140587 0.297523 0.00292326 9.99641E-05 0.0637951
9.99641E-05 0.130588 0.566146 9.99641E-05 9.99641E-05 0.00773346 9.99641E-05 0.255248 0.0398845
