9.99369E-05 9.99369E-05 9.99369E-05 9.99369E-05 9.99369E-05 9.99369E-05 9.99369E-05 0.0954603 0.90384
9.9973E-05 0.195988 0.00381983 0.255244 0.00884482 9.9973E-05 0.397512 9.9973E-05 0.138291
0.0995432 0.0684838 0.0328799 0.764542 9.99643E-05 0.0341516 9.99643E-05 9.99643E-05 9.99643E-05
9.9946E-05 9.9946E-05 0.0290833 0.955023 9.9946E-05 9.9946E-05 9.9946E-05 0.0152939 9.9946E-05
9.99641E-05 0.165027 9.99641E-05 0.482851 0.0182426 9.99641E-05 0.156657 0.176822 9.99641E-05
9.9937E-05 9.9937E-05 9.9937E-05 0.951612 0.0476885 9.9937E-05 9.9937E-05 9.9937E-05 9.9937E-05
0.264111 0.216525 9.99553E-05 0.0299055 9.99553E-05 9.99553E-05 0.488958 9.99553E-05 9.99553E-05
9.99641E-05 0.422052 0.0034986 0.425065 9.99641E-05 9.99641E-05 0.00940039 0.139584 9.99641E-05
0.172301 0.273589 9.99642E-05 0.0132697 9.99642E-05 9.99642E-05 0.536818 0.00362225 9.99642E-05
9.99371E-05 0.00675908 9.99371E-05 9.99371E-05 9.99371E-05 9.99371E-05 9.99371E-05 0.992541 9.99371E-05
9.993E-05 9.993E-05 9.993E-05 9.993E-05 9.993E-05 9.993E-05 9.993E-05 0.999201 9.993E-05
0.160946 9.9955E-05 0.127341 0.0413185 9.9955E-05 9.9955E-05 9.9955E-05 9.9955E-05 0.669895
0.992432 9.99371E-05 9.99371E-05 0.00686889 9.99371E-05 9.99371E-05 9.99371E-05 9.99371E-05 9.99371E-05
9.9946E-05 9.9946E-05 9.9946E-05 0.941017 0.0488011 9.9946E-05 9.9946E-05 9.9946E-05 0.0095824
9.9955E-05 9.9955E-05 9.9955E-05 0.938469 9.9955E-05 0.00730571 9.9955E-05 0.0172878 0.0364377
0.188326 9.9964E-05 0.00554912 9.9964E-05 0.0370098 9.9964E-05 0.722796 0.045919 9.9964E-05
9.99369E-05 9.99369E-05 9.99369E-05 9.99369E-05 0.934686 9.99369E-05 9.99369E-05 0.0646143 9.99369E-05
9.99639E-05 0.0360564 9.99639E-05 9.99639E-05 9.99639E-05 0.69817 0.135364 0.112645 0.0173652
9.9937E-05 9.9937E-05 0.0931076 9.9937E-05 9.9937E-05 0.906193 9.9937E-05 9.9937E-05 9.9937E-05
9.99639E-05 9.99639E-05 0.0433923 9.99639E-05 0.0783046 9.99639E-05 0.270837 0.493388 0.113679
9.993E-05 9.993E-05 9.993E-05 9.993E-05 9.993E-05 0.999201 9.993E-05 9.993E-05 9.993E-05
0.0224715 9.99639E-05 9.99639E-05 9.99639E-05 0.0933171 9.99639E-05 0.311131 0.0720828 0.500597
9.9955E-05 9.9955E-05 0.163883 9.9955E-05 0.314364 0.372735 9.9955E-05 0.148519 9.9955E-05
9.9946E-05 9.9946E-05 0.0302578 9.9946E-05 9.9946E-05 0.892626 9.9946E-05 0.0765168 9.9946E-05
9.993E-05 9.993E-05 9.993E-05 0.999201 9.993E-05 9.993E-05 9.993E-05 9.993E-05 9.993E-05
9.993E-05 9.993E-05 9.993E-05 0.999201 9.993E-05 9.993E-05 9.993E-05 9.993E-05 9.993E-05
0.764103 9.99639E-05 0.0442478 9.99639E-05 0.0427569 9.99639E-05 9.99639E-05 0.0835294 0.0649631
9.9937E-05 0.0561572 9.9937E-05 0.943143 9.9937E-05 9.9937E-05 9.9937E-05 9.9937E-05 9.9937E-05
0.0165867 0.0917961 9.9946E-05 0.891018 9.9946E-05 9.9946E-05 9.9946E-05 9.9946E-05 9.9946E-05
0.0410261 0.277804 0.0169914 0.648388 9.99641E-05 0.0153898 9.99641E-05 9.99641E-05 9.99641E-05
9.9964E-05 0.290622 0.013573 0.597323 0.0736142 9.9964E-05 9.9964E-05 0.0244681 9.9964E-05
9.99552E-05 0.489556 9.99552E-05 0.0702488 9.99552E-05 9.99552E-05 0.311074 9.99552E-05 0.128621
9.99461E-05 9.99461E-05 9.99461E-05 0.984361 0.0119721 9.99461E-05 0.00306725 9.99461E-05 9.99461E-05
0.00394928 0.873607 0.0339488 0.0664393 0.0216553 9.99641E-05 9.99641E-05 9.99641E-05 9.99641E-05
0.504655 0.0238319 0.0723497 9.99729E-05 0.341042 9.99729E-05 9.99729E-05 0.0298967 0.0279252
0.0124839 9.99549E-05 0.000615918 0.967626 0.0187748 9.99549E-05 9.99549E-05 9.99549E-05 9.99549E-05
9.9946E-05 9.9946E-05 9.9946E-05 0.0124283 0.035871 9.9946E-05 9.9946E-05 9.9946E-05 0.951101
9.9964E-05 0.0746718 9.9964E-05 0.0876876 9.9964E-05 9.9964E-05 0.0488879 0.629501 0.158852
9.993E-05 9.993E-05 9.993E-05 9.993E-05 0.999201 9.993E-05 9.993E-05 9.993E-05 9.993E-05
9.99639E-05 9.99639E-05 9.99639E-05 0.0394433 0.191034 9.99639E-05 0.468284 0.121909 0.17893
9.99729E-05 9.99729E-05 0.0195945 0.025761 0.142432 9.99729E-05 0.477169 0.123466 0.211278
9.99636E-05 9.99636E-05 9.99636E-05 9.99636E-05 0.0232164 0.000432013 9.99636E-05 0.912874 0.0629781
0.0876837 9.99549E-05 9.99549E-05 9.99549E-05 9.99549E-05 0.0038658 0.895866 9.99549E-05 0.0120851
0.00285023 9.9955E-05 9.9955E-05 9.9955E-05 0.0190152 9.9955E-05 9.9955E-05 0.944936 0.0326988
0.160077 9.9973E-05 0.129196 9.9973E-05 9.9973E-05 0.120055 0.137151 0.396034 0.0571861
0.0203682 9.9991E-05 0.00241565 0.0718146 0.0489385 0.030353 0.159103 0.52482 0.142087
0.137817 0.0824144 9.9973E-05 0.0593767 0.282169 9.9973E-05 9.9973E-05 0.233478 0.204445
9.99374E-05 9.99374E-05 9.99374E-05 9.99374E-05 9.99374E-05 0.00427623 9.99374E-05 9.99374E-05 0.995024
9.993E-05 0.999201 9.993E-05 9.993E-05 9.993E-05 9.993E-05 9.993E-05 9.993E-05 9.993E-05
9.993E-05 0.999201 9.993E-05 9.993E-05 9.993E-05 9.993E-05 9.993E-05 9.993E-05 9.993E-05
9.993E-05 0.999201 9.993E-05 9.993E-05 9.993E-05 9.993E-05 9.993E-05 9.993E-05 9.993E-05
9.993E-05 0.999201 9.993E-05 9.993E-05 9.993E-05 9.993E-05 9.993E-05 9.993E-05 9.993E-05
9.993E-05 0.999201 9.993E-05 9.993E-05 9.993E-05 9.993E-05 9.993E-05 9.993E-05 9.993E-05
0.0239353 0.555148 9.99731E-05 0.223399 9.99731E-05 0.0440671 0.141762 0.011388 9.99731E-05
9.99369E-05 0.969046 9.99369E-05 9.99369E-05 9.99369E-05 9.99369E-05 0.0302543 9.99369E-05 9.99369E-05
9.99369E-05 9.99369E-05 9.99369E-05 9.99369E-05 9.99369E-05 9.99369E-05 0.149193 9.99369E-05 0.850107
9.9955E-05 0.430576 9.9955E-05 0.109049 9.9955E-05 9.9955E-05 0.328691 9.9955E-05 0.131184
9.99369E-05 9.99369E-05 9.99369E-05 0.979641 0.0196594 9.99369E-05 9.99369E-05 9.99369E-05 9.99369E-05
0.773742 9.9955E-05 0.0439697 9.9955E-05 9.9955E-05 9.9955E-05 0.0885741 9.9955E-05 0.0932142
0.154195 9.99461E-05 9.99461E-05 9.99461E-05 9.99461E-05 9.99461E-05 0.82722 9.99461E-05 0.0179854
0.999201 9.993E-05 9.993E-05 9.993E-05 9.993E-05 9.993E-05 9.993E-05 9.993E-05 9.993E-05
0.8312 9.99459E-05 9.99459E-05 9.99459E-05 9.99459E-05 9.99459E-05 9.99459E-05 0.144997 0.0232036
0.778161 9.99549E-05 0.0419343 9.99549E-05 0.0461346 9.99549E-05 9.99549E-05 0.13327 9.99549E-05
9.99461E-05 9.99461E-05 9.99461E-05 0.00326724 9.99461E-05 0.910297 9.99461E-05 9.99461E-05 0.0858364
9.99551E-05 9.99551E-05 0.0252162 0.941467 9.99551E-05 9.99551E-05 0.0295297 0.00328774 9.99551E-05
0.0466386 0.223166 9.9991E-05 0.190814 0.159921 0.0322919 0.093436 0.189114 0.0645179
0.0365585 9.99372E-05 9.99372E-05 0.962742 9.99372E-05 9.99372E-05 9.99372E-05 9.99372E-05 9.99372E-05
9.99549E-05 0.00707787 9.99549E-05 0.922649 0.0581411 9.99549E-05 9.99549E-05 9.99549E-05 0.0116321
0.0212494 0.0679321 9.99549E-05 0.880607 9.99549E-05 9.99549E-05 0.0297116 9.99549E-05 9.99549E-05
9.9955E-05 0.0194576 9.9955E-05 0.953189 9.9955E-05 0.0016911 0.0251622 9.9955E-05 9.9955E-05
9.99551E-05 0.00344791 9.99551E-05 0.888633 0.0284648 9.99551E-05 9.99551E-05 0.0789546 9.99551E-05
9.99369E-05 9.99369E-05 9.99369E-05 0.950696 0.0486049 9.99369E-05 9.99369E-05 9.99369E-05 9.99369E-05
9.99553E-05 0.454694 9.99553E-05 0.480251 0.0412137 9.99553E-05 9.99553E-05 0.0233414 9.99553E-05
0.158169 0.315816 9.99464E-05 0.525416 9.99464E-05 9.99464E-05 9.99464E-05 9.99464E-05 9.99464E-05
9.9964E-05 0.0330016 9.9964E-05 0.918102 9.9964E-05 9.9964E-05 0.0171862 0.00428778 0.027023
9.99459E-05 0.00689149 0.0323678 9.99459E-05 9.99459E-05 9.99459E-05 0.960141 9.99459E-05 9.99459E-05
9.99459E-05 0.00706991 0.00574495 9.99459E-05 9.99459E-05 9.99459E-05 0.986585 9.99459E-05 9.99459E-05
9.99461E-05 9.99461E-05 0.990742 9.99461E-05 9.99461E-05 9.99461E-05 0.00213446 9.99461E-05 0.00652424
9.993E-05 9.993E-05 0.999201 9.993E-05 9.993E-05 9.993E-05 9.993E-05 9.993E-05 9.993E-05
0.00981001 0.0119579 9.99639E-05 9.99639E-05 9.99639E-05 9.99639E-05 0.1771 0.744466 0.0562664
0.0189755 9.99549E-05 9.99549E-05 9.99549E-05 9.99549E-05 9.99549E-05 0.181555 0.736208 0.0627612
9.99461E-05 0.00161391 0.95953 9.99461E-05 9.99461E-05 9.99461E-05 9.99461E-05 0.0382566 9.99461E-05
9.993E-05 9.993E-05 0.999201 9.993E-05 9.993E-05 9.993E-05 9.993E-05 9.993E-05 9.993E-05
0.0503778 9.99459E-05 9.99459E-05 9.99459E-05 9.99459E-05 9.99459E-05 0.00816786 9.99459E-05 0.940855
0.164199 9.995E-05 9.995E-05 9.995E-05 9.995E-05 0.0700753 0.70504 0.060186 9.995E-05
9.9955E-05 0.518466 9.9955E-05 0.0694257 9.9955E-05 9.9955E-05 0.302892 9.9955E-05 0.108716
0.184785 9.99641E-05 0.0851636 9.99641E-05 0.502034 0.0573684 9.99641E-05 0.170248 9.99641E-05
0.249353 9.99641E-05 0.111214 9.99641E-05 0.550744 0.0180355 9.99641E-05 9.99641E-05 0.0702541
9.99642E-05 0.283328 0.0257507 0.618014 9.99642E-05 0.0507522 9.99642E-05 0.0217548 9.99642E-05
