9.9982E-05 0.0343683 0.030028 9.9982E-05 0.935404
0.314233 0.022113 0.30455 9.9991E-05 0.359004
0.804718 0.0385964 0.0659004 0.0757915 0.0149932
0.976081 0.0236188 9.9973E-05 9.9973E-05 9.9973E-05
0.468661 0.0102108 0.257355 9.9991E-05 0.263673
0.991439 0.00826067 9.9973E-05 9.9973E-05 9.9973E-05
0.0547821 9.99821E-05 0.33949 9.99821E-05 0.605528
0.399468 0.0563232 0.460448 9.9991E-05 0.0836605
0.0659914 9.99821E-05 0.35156 9.99821E-05 0.582248
9.9982E-05 0.137308 0.142447 9.9982E-05 0.720045
9.9982E-05 0.136213 0.108617 9.9982E-05 0.75497
0.0778899 0.125032 9.9982E-05 9.9982E-05 0.796878
0.0799574 0.000163473 9.99821E-05 9.99821E-05 0.919679
0.976684 9.9973E-05 9.9973E-05 0.0230162 9.9973E-05
0.981429 0.00535925 9.9982E-05 0.0130115 9.9982E-05
0.0150611 0.0325327 0.0557752 9.9991E-05 0.896531
0.00739155 0.377178 9.9991E-05 0.0918424 0.523488
9.99819E-05 9.99819E-05 0.106253 0.740697 0.15285
9.9973E-05 0.0758628 9.9973E-05 0.923837 9.9973E-05
9.99729E-05 0.179253 9.99729E-05 9.99729E-05 0.820447
9.997E-05 9.997E-05 9.997E-05 0.9996 9.997E-05
0.00305638 0.0774726 0.0116211 9.9991E-05 0.90775
0.023947 0.380006 0.0533453 0.454486 0.088216
9.9973E-05 0.085182 9.9973E-05 0.914518 9.9973E-05
0.979377 9.9973E-05 0.0203229 9.9973E-05 9.9973E-05
0.99489 9.9973E-05 0.00480986 9.9973E-05 9.9973E-05
9.9973E-05 0.0875086 9.9973E-05 9.9973E-05 0.912192
0.921957 9.9973E-05 0.0777436 9.9973E-05 9.9973E-05
0.935186 9.9973E-05 0.0645144 9.9973E-05 9.9973E-05
0.711439 9.9991E-05 0.248271 0.0297433 0.0104465
0.664982 0.0357666 0.299051 9.9982E-05 9.9982E-05
0.102247 9.99821E-05 0.624367 9.99821E-05 0.273186
0.9996 9.997E-05 9.997E-05 9.997E-05 9.997E-05
0.0792369 9.9973E-05 0.920463 9.9973E-05 9.9973E-05
0.0856307 0.237635 9.9982E-05 9.9982E-05 0.676535
0.981365 0.00600263 9.9982E-05 9.9982E-05 0.0124326
0.088967 0.0371836 9.99821E-05 9.99821E-05 0.873649
0.0331772 0.0406514 0.186882 0.0241299 0.71516
0.151172 0.386323 9.9991E-05 0.076414 0.385991
0.140484 0.0789474 9.99819E-05 9.99819E-05 0.780368
0.0857413 0.0955827 9.9991E-05 0.0126465 0.80593
9.9991E-05 0.12706 0.00952075 0.0179189 0.845401
9.9973E-05 9.9973E-05 0.0688638 9.9973E-05 0.930836
9.99819E-05 0.138396 0.0599757 9.99819E-05 0.801428
9.9991E-05 0.211434 0.0192832 0.113927 0.655256
0.0584318 0.12506 0.0749933 0.0371177 0.704397
0.131321 0.136443 0.061454 9.9991E-05 0.670682
9.99822E-05 9.99822E-05 0.0318646 0.0597974 0.908138
9.997E-05 9.997E-05 0.9996 9.997E-05 9.997E-05
9.997E-05 9.997E-05 0.9996 9.997E-05 9.997E-05
9.997E-05 9.997E-05 0.9996 9.997E-05 9.997E-05
9.997E-05 9.997E-05 0.9996 9.997E-05 9.997E-05
9.997E-05 9.997E-05 0.9996 9.997E-05 9.997E-05
0.265351 9.9991E-05 0.608078 0.0385767 0.0878947
9.997E-05 9.997E-05 0.9996 9.997E-05 9.997E-05
9.997E-05 9.997E-05 9.997E-05 9.997E-05 0.9996
0.0843973 9.9982E-05 0.580589 9.9982E-05 0.334814
0.9996 9.997E-05 9.997E-05 9.997E-05 9.997E-05
9.99731E-05 0.0481896 9.99731E-05 9.99731E-05 0.951511
0.0861934 9.99731E-05 9.99731E-05 9.99731E-05 0.913507
9.99732E-05 9.99732E-05 9.99732E-05 0.0238443 0.975856
9.997E-05 9.997E-05 9.997E-05 9.997E-05 0.9996
9.9982E-05 0.0700744 9.9982E-05 0.0181546 0.911571
9.99821E-05 9.99821E-05 0.024815 0.934891 0.0400941
0.9996 9.997E-05 9.997E-05 9.997E-05 9.997E-05
0.303157 0.106109 0.149128 0.0642603 0.377345
0.9996 9.997E-05 9.997E-05 9.997E-05 9.997E-05
0.978687 9.9973E-05 0.0210127 9.9973E-05 9.9973E-05
0.917044 9.9982E-05 0.0813666 9.9982E-05 0.00138935
0.898152 9.99881E-05 0.0957291 0.00591937 9.99881E-05
0.926003 0.0251922 0.0106012 9.9991E-05 0.0381032
0.9996 9.997E-05 9.997E-05 9.997E-05 9.997E-05
0.507135 9.99732E-05 0.492565 9.99732E-05 9.99732E-05
0.525307 9.99911E-05 0.39762 0.0119496 0.0650229
0.959201 0.0378916 0.00270746 9.9982E-05 9.9982E-05
0.0624326 0.0618428 0.110885 9.9991E-05 0.76474
0.0375467 0.0648787 0.127063 9.9991E-05 0.770412
9.997E-05 0.9996 9.997E-05 9.997E-05 9.997E-05
9.997E-05 0.9996 9.997E-05 9.997E-05 9.997E-05
9.99819E-05 0.0795965 0.101825 9.99819E-05 0.818379
9.9991E-05 0.0814501 0.0751739 0.00350187 0.839774
9.997E-05 0.9996 9.997E-05 9.997E-05 9.997E-05
9.997E-05 0.9996 9.997E-05 9.997E-05 9.997E-05
9.99731E-05 9.99731E-05 0.022254 9.99731E-05 0.977446
0.0256348 9.9991E-05 0.0292017 0.0745638 0.8705
0.0778886 9.9982E-05 0.622734 9.9982E-05 0.299177
0.0543759 0.292979 9.9991E-05 0.125669 0.526876
0.0156095 0.317899 9.9991E-05 0.0885258 0.577866
0.573504 0.0609816 0.334197 0.0312178 9.9991E-05
