0.00129382 9.98918E-05 9.98918E-05 0.0650127 9.98918E-05 9.98918E-05 0.00785463 9.98918E-05 0.92464 9.98918E-05 9.98918E-05 9.98918E-05 9.98918E-05 9.98918E-05 9.98918E-05 9.98918E-05
0.0467435 0.189358 9.98919E-05 9.98919E-05 9.98919E-05 9.98919E-05 9.98919E-05 9.98919E-05 9.98919E-05 9.98919E-05 0.620039 9.98919E-05 9.98919E-05 0.14266 9.98919E-05 9.98919E-05
9.99109E-05 9.99109E-05 0.172046 9.99109E-05 0.143315 9.99109E-05 0.000115428 9.99109E-05 9.99109E-05 9.99109E-05 9.99109E-05 9.99109E-05 0.0327688 0.576232 0.0745234 9.99109E-05
9.9892E-05 9.9892E-05 9.9892E-05 9.9892E-05 0.102124 0.0115391 0.011575 9.9892E-05 9.9892E-05 9.9892E-05 9.9892E-05 9.9892E-05 9.9892E-05 0.873563 9.9892E-05 9.9892E-05
0.00754042 0.0496899 0.121416 0.0302274 0.0228121 0.0837832 9.9955E-05 9.9955E-05 0.0271817 0.0688875 0.0625663 0.190261 9.9955E-05 0.335135 9.9955E-05 9.9955E-05
9.9883E-05 9.9883E-05 9.9883E-05 9.9883E-05 9.9883E-05 9.9883E-05 9.9883E-05 0.00655578 9.9883E-05 0.00391872 9.9883E-05 9.9883E-05 9.9883E-05 0.988227 9.9883E-05 9.9883E-05
9.98651E-05 9.98651E-05 9.98651E-05 9.98651E-05 9.98651E-05 9.98651E-05 9.98651E-05 9.98651E-05 9.98651E-05 9.98651E-05 9.98651E-05 0.998502 9.98651E-05 9.98651E-05 9.98651E-05 9.98651E-05
9.99099E-05 9.99099E-05 0.625537 0.0667435 9.99099E-05 0.138655 9.99099E-05 9.99099E-05 9.99099E-05 9.99099E-05 0.0556692 0.00748989 9.99099E-05 0.104907 9.99099E-05 9.99099E-05
0.00616275 9.9883E-05 9.9883E-05 9.9883E-05 9.9883E-05 9.9883E-05 9.9883E-05 9.9883E-05 9.9883E-05 9.9883E-05 0.056387 0.936152 9.9883E-05 9.9883E-05 9.9883E-05 9.9883E-05
9.98741E-05 9.98741E-05 9.98741E-05 0.899642 9.98741E-05 9.98741E-05 9.98741E-05 9.98741E-05 9.98741E-05 9.98741E-05 9.98741E-05 0.0989601 9.98741E-05 9.98741E-05 9.98741E-05 9.98741E-05
9.98741E-05 9.98741E-05 9.98741E-05 0.89765 9.98741E-05 9.98741E-05 9.98741E-05 9.98741E-05 9.98741E-05 9.98741E-05 9.98741E-05 0.100952 9.98741E-05 9.98741E-05 9.98741E-05 9.98741E-05
9.9901E-05 9.9901E-05 9.9901E-05 9.9901E-05 0.0203861 9.9901E-05 0.124764 9.9901E-05 0.683754 9.9901E-05 9.9901E-05 0.0298432 9.9901E-05 9.9901E-05 0.140153 9.9901E-05
9.98922E-05 9.98922E-05 0.00546238 9.98922E-05 0.0082303 9.98922E-05 9.98922E-05 9.98922E-05 9.98922E-05 9.98922E-05 9.98922E-05 0.0215366 9.98922E-05 9.98922E-05 0.963572 9.98922E-05
0.0100169 9.98921E-05 9.98921E-05 9.98921E-05 9.98921E-05 9.98921E-05 9.98921E-05 9.98921E-05 9.98921E-05 9.98921E-05 0.0156895 9.98921E-05 0.00585562 0.967239 9.98921E-05 9.98921E-05
9.98921E-05 0.00278141 9.98921E-05 9.98921E-05 9.98921E-05 9.98921E-05 9.98921E-05 9.98921E-05 0.00981437 0.00590932 9.98921E-05 9.98921E-05 9.98921E-05 0.980296 9.98921E-05 9.98921E-05
0.0579744 9.9901E-05 9.9901E-05 0.0744736 9.9901E-05 9.9901E-05 9.9901E-05 9.9901E-05 9.9901E-05 9.9901E-05 0.00775734 9.9901E-05 9.9901E-05 9.9901E-05 0.125262 0.733434
0.93091 9.98739E-05 9.98739E-05 0.0676919 9.98739E-05 9.98739E-05 9.98739E-05 9.98739E-05 9.98739E-05 9.98739E-05 9.98739E-05 9.98739E-05 9.98739E-05 9.98739E-05 9.98739E-05 9.98739E-05
9.99008E-05 0.142652 9.99008E-05 0.0569399 9.99008E-05 0.0347511 9.99008E-05 9.99008E-05 9.99008E-05 9.99008E-05 0.0383926 9.99008E-05 0.726165 9.99008E-05 9.99008E-05 9.99008E-05
9.98832E-05 9.98832E-05 9.98832E-05 9.98832E-05 9.98832E-05 9.98832E-05 0.0379749 0.0445323 9.98832E-05 9.98832E-05 9.98832E-05 9.98832E-05 0.916194 9.98832E-05 9.98832E-05 9.98832E-05
0.101096 9.99009E-05 9.99009E-05 0.451484 9.99009E-05 9.99009E-05 0.0138812 9.99009E-05 0.0903235 9.99009E-05 9.99009E-05 9.99009E-05 9.99009E-05 9.99009E-05 9.99009E-05 0.342116
9.98652E-05 9.98652E-05 9.98652E-05 9.98652E-05 9.98652E-05 9.98652E-05 9.98652E-05 9.98652E-05 9.98652E-05 9.98652E-05 9.98652E-05 9.98652E-05 0.998502 9.98652E-05 9.98652E-05 9.98652E-05
0.034794 0.246032 9.991E-05 0.0351709 9.991E-05 9.991E-05 9.991E-05 9.991E-05 0.43981 9.991E-05 9.991E-05 9.991E-05 9.991E-05 9.991E-05 0.0718013 0.171393
9.98738E-05 9.98738E-05 9.98738E-05 9.98738E-05 9.98738E-05 9.98738E-05 9.98738E-05 9.98738E-05 9.98738E-05 0.994423 9.98738E-05 9.98738E-05 0.00417917 9.98738E-05 9.98738E-05 9.98738E-05
9.98738E-05 9.98738E-05 9.98738E-05 9.98738E-05 9.98738E-05 9.98738E-05 9.98738E-05 9.98738E-05 9.98738E-05 0.221289 9.98738E-05 9.98738E-05 0.777313 9.98738E-05 9.98738E-05 9.98738E-05
9.98743E-05 9.98743E-05 9.98743E-05 9.98743E-05 0.728741 9.98743E-05 9.98743E-05 9.98743E-05 9.98743E-05 9.98743E-05 9.98743E-05 9.98743E-05 9.98743E-05 0.26986 9.98743E-05 9.98743E-05
9.98742E-05 9.98742E-05 9.98742E-05 9.98742E-05 0.230367 9.98742E-05 9.98742E-05 9.98742E-05 9.98742E-05 9.98742E-05 9.98742E-05 9.98742E-05 9.98742E-05 0.768235 9.98742E-05 9.98742E-05
0.0569204 9.99099E-05 9.99099E-05 0.0959335 9.99099E-05 9.99099E-05 0.00920161 9.99099E-05 0.060911 9.99099E-05 9.99099E-05 9.99099E-05 9.99099E-05 9.99099E-05 0.761058 0.0149761
9.98831E-05 9.98831E-05 9.98831E-05 9.98831E-05 0.992317 0.00349756 0.00288706 9.98831E-05 9.98831E-05 9.98831E-05 9.98831E-05 9.98831E-05 9.98831E-05 9.98831E-05 9.98831E-05 9.98831E-05
9.98651E-05 9.98651E-05 9.98651E-05 9.98651E-05 0.998502 9.98651E-05 9.98651E-05 9.98651E-05 9.98651E-05 9.98651E-05 9.98651E-05 9.98651E-05 9.98651E-05 9.98651E-05 9.98651E-05 9.98651E-05
9.99191E-05 9.99191E-05 0.139139 9.99191E-05 0.251771 0.156524 0.0377039 0.0347802 9.99191E-05 9.99191E-05 9.99191E-05 9.99191E-05 9.99191E-05 0.354743 0.0244396 9.99191E-05
0.0115922 9.99098E-05 0.573003 9.99098E-05 0.0290849 0.0617349 0.044753 9.99098E-05 9.99098E-05 9.99098E-05 9.99098E-05 9.99098E-05 9.99098E-05 0.278833 9.99098E-05 9.99098E-05
9.98654E-05 9.98654E-05 9.98654E-05 9.98654E-05 9.98654E-05 9.98654E-05 9.98654E-05 9.98654E-05 9.98654E-05 9.98654E-05 0.998502 9.98654E-05 9.98654E-05 9.98654E-05 9.98654E-05 9.98654E-05
9.98921E-05 0.00185232 0.169115 9.98921E-05 0.333499 9.98921E-05 9.98921E-05 9.98921E-05 9.98921E-05 9.98921E-05 9.98921E-05 9.98921E-05 9.98921E-05 0.494335 9.98921E-05 9.98921E-05
9.99102E-05 9.99102E-05 0.238663 9.99102E-05 0.0171345 0.708707 9.99102E-05 9.99102E-05 9.99102E-05 9.99102E-05 0.0258911 0.00483942 9.99102E-05 9.99102E-05 0.00376516 9.99102E-05
0.308004 0.022281 0.0429563 0.0475251 9.99097E-05 9.99097E-05 0.091845 9.99097E-05 9.99097E-05 9.99097E-05 9.99097E-05 9.99097E-05 9.99097E-05 9.99097E-05 0.486389 9.99097E-05
0.00799704 0.0164183 0.00288459 9.99009E-05 0.650994 9.99009E-05 9.99009E-05 9.99009E-05 9.99009E-05 9.99009E-05 9.99009E-05 9.99009E-05 9.99009E-05 0.320607 9.99009E-05 9.99009E-05
0.00293217 9.98921E-05 0.0219339 9.98921E-05 9.98921E-05 9.98921E-05 9.98921E-05 9.98921E-05 0.958502 9.98921E-05 9.98921E-05 9.98921E-05 9.98921E-05 0.0154329 9.98921E-05 9.98921E-05
9.99189E-05 0.120667 0.00353888 0.542141 9.99189E-05 9.99189E-05 9.99189E-05 0.0151164 0.0290123 0.0675356 0.221089 9.99189E-05 9.99189E-05 9.99189E-05 9.99189E-05 9.99189E-05
0.998502 9.9865E-05 9.9865E-05 9.9865E-05 9.9865E-05 9.9865E-05 9.9865E-05 9.9865E-05 9.9865E-05 9.9865E-05 9.9865E-05 9.9865E-05 9.9865E-05 9.9865E-05 9.9865E-05 9.9865E-05
0.0101509 0.973128 9.9883E-05 9.9883E-05 9.9883E-05 9.9883E-05 9.9883E-05 9.9883E-05 9.9883E-05 9.9883E-05 9.9883E-05 9.9883E-05 9.9883E-05 0.0154227 9.9883E-05 9.9883E-05
9.9865E-05 0.998502 9.9865E-05 9.9865E-05 9.9865E-05 9.9865E-05 9.9865E-05 9.9865E-05 9.9865E-05 9.9865E-05 9.9865E-05 9.9865E-05 9.9865E-05 9.9865E-05 9.9865E-05 9.9865E-05
0.0505852 0.0211652 9.9901E-05 0.876146 9.9901E-05 9.9901E-05 9.9901E-05 9.9901E-05 0.0398589 0.0111462 9.9901E-05 9.9901E-05 9.9901E-05 9.9901E-05 9.9901E-05 9.9901E-05
9.99191E-05 0.0114449 9.99191E-05 0.0642513 9.99191E-05 9.99191E-05 9.99191E-05 9.99191E-05 0.0173113 9.99191E-05 9.99191E-05 0.0732539 0.000406455 9.99191E-05 0.0126555 0.819777
0.0108824 9.9901E-05 9.9901E-05 0.90689 9.9901E-05 9.9901E-05 9.9901E-05 9.9901E-05 0.0218614 9.9901E-05 9.9901E-05 9.9901E-05 9.9901E-05 9.9901E-05 0.0213803 0.0378865
9.99278E-05 0.151892 9.99278E-05 0.150872 9.99278E-05 9.99278E-05 0.0312317 9.99278E-05 0.0241047 0.397712 0.0227414 9.99278E-05 9.99278E-05 9.99278E-05 0.151534 0.0691133
9.993E-05 0.168611 9.993E-05 0.25388 9.993E-05 9.993E-05 9.993E-05 0.0526225 0.113039 0.192772 0.0195314 9.993E-05 9.993E-05 0.0709876 0.0289683 0.0988885
0.193842 9.994E-05 9.994E-05 0.2334 9.994E-05 0.0214343 0.0150067 0.0293666 0.231424 0.0410369 9.994E-05 0.0224795 9.994E-05 0.100876 0.110534 9.994E-05
9.9875E-05 9.9875E-05 9.9875E-05 9.9875E-05 9.9875E-05 9.9875E-05 9.9875E-05 9.9875E-05 0.992102 9.9875E-05 9.9875E-05 9.9875E-05 0.00649931 9.9875E-05 9.9875E-05 9.9875E-05
9.98652E-05 9.98652E-05 9.98652E-05 9.98652E-05 9.98652E-05 0.998502 9.98652E-05 9.98652E-05 9.98652E-05 9.98652E-05 9.98652E-05 9.98652E-05 9.98652E-05 9.98652E-05 9.98652E-05 9.98652E-05
9.98741E-05 9.98741E-05 9.98741E-05 9.98741E-05 9.98741E-05 0.992963 9.98741E-05 0.00563846 9.98741E-05 9.98741E-05 9.98741E-05 9.98741E-05 9.98741E-05 9.98741E-05 9.98741E-05 9.98741E-05
9.98922E-05 0.000741263 9.98922E-05 9.98922E-05 9.98922E-05 0.990063 9.98922E-05 9.98922E-05 9.98922E-05 9.98922E-05 9.98922E-05 0.00397226 9.98922E-05 9.98922E-05 9.98922E-05 0.00402462
9.98742E-05 9.98742E-05 9.98742E-05 9.98742E-05 9.98742E-05 0.99313 9.98742E-05 9.98742E-05 9.98742E-05 9.98742E-05 9.98742E-05 9.98742E-05 9.98742E-05 0.0054722 9.98742E-05 9.98742E-05
9.98742E-05 9.98742E-05 9.98742E-05 9.98742E-05 0.0060232 0.992579 9.98742E-05 9.98742E-05 9.98742E-05 9.98742E-05 9.98742E-05 9.98742E-05 9.98742E-05 9.98742E-05 9.98742E-05 9.98742E-05
9.99191E-05 9.99191E-05 0.348107 9.99191E-05 9.99191E-05 0.415478 9.99191E-05 9.99191E-05 9.99191E-05 0.0958553 0.0030131 0.0372235 9.99191E-05 0.0626474 9.99191E-05 0.0367759
9.99101E-05 0.00784408 9.99101E-05 9.99101E-05 9.99101E-05 0.900306 0.00098813 9.99101E-05 9.99101E-05 9.99101E-05 0.0531589 9.99101E-05 9.99101E-05 9.99101E-05 0.0124531 0.0242511
9.98738E-05 9.98738E-05 9.98738E-05 9.98738E-05 9.98738E-05 9.98738E-05 9.98738E-05 9.98738E-05 0.807359 9.98738E-05 9.98738E-05 9.98738E-05 9.98738E-05 9.98738E-05 9.98738E-05 0.191243
9.99099E-05 9.99099E-05 9.99099E-05 9.99099E-05 0.00630023 0.0286671 0.00432882 9.99099E-05 9.99099E-05 9.99099E-05 0.911203 0.037052 9.99099E-05 9.99099E-05 9.99099E-05 0.0114495
9.98829E-05 0.0386553 9.98829E-05 9.98829E-05 0.47688 9.98829E-05 9.98829E-05 9.98829E-05 9.98829E-05 9.98829E-05 9.98829E-05 9.98829E-05 9.98829E-05 0.483166 9.98829E-05 9.98829E-05
9.98831E-05 0.199271 9.98831E-05 9.98831E-05 9.98831E-05 9.98831E-05 9.98831E-05 9.98831E-05 9.98831E-05 9.98831E-05 9.98831E-05 9.98831E-05 9.98831E-05 9.98831E-05 0.784015 0.0154147
9.98833E-05 9.98833E-05 9.98833E-05 9.98833E-05 9.98833E-05 9.98833E-05 9.98833E-05 9.98833E-05 0.0444074 9.98833E-05 9.98833E-05 9.98833E-05 9.98833E-05 9.98833E-05 0.108438 0.845856
9.98744E-05 9.98744E-05 9.98744E-05 9.98744E-05 9.98744E-05 9.98744E-05 9.98744E-05 9.98744E-05 9.98744E-05 9.98744E-05 9.98744E-05 0.027542 9.98744E-05 9.98744E-05 0.97106 9.98744E-05
9.98738E-05 9.98738E-05 9.98738E-05 0.118135 9.98738E-05 9.98738E-05 9.98738E-05 9.98738E-05 9.98738E-05 9.98738E-05 9.98738E-05 9.98738E-05 9.98738E-05 9.98738E-05 0.880466 9.98738E-05
9.98918E-05 9.98918E-05 9.98918E-05 0.1425 9.98918E-05 9.98918E-05 0.0610801 9.98918E-05 9.98918E-05 9.98918E-05 9.98918E-05 9.98918E-05 0.0146487 9.98918E-05 0.780572 9.98918E-05
9.98652E-05 9.98652E-05 9.98652E-05 9.98652E-05 9.98652E-05 9.98652E-05 9.98652E-05 0.998502 9.98652E-05 9.98652E-05 9.98652E-05 9.98652E-05 9.98652E-05 9.98652E-05 9.98652E-05 9.98652E-05
9.98746E-05 9.98746E-05 9.98746E-05 9.98746E-05 0.753175 9.98746E-05 9.98746E-05 9.98746E-05 9.98746E-05 9.98746E-05 9.98746E-05 9.98746E-05 9.98746E-05 0.245427 9.98746E-05 9.98746E-05
0.00477553 0.107588 0.153673 9.9964E-05 0.162449 0.0278349 0.0467265 9.9964E-05 0.105953 0.0497622 0.0565529 9.9964E-05 0.0412689 0.100773 0.142243 9.9964E-05
9.98924E-05 9.98924E-05 9.98924E-05 9.98924E-05 0.0921884 9.98924E-05 9.98924E-05 9.98924E-05 9.98924E-05 9.98924E-05 9.98924E-05 0.0106577 9.98924E-05 0.873241 9.98924E-05 0.0227139
0.0318813 0.00910285 9.99099E-05 9.99099E-05 0.223751 0.0173078 9.99099E-05 9.99099E-05 9.99099E-05 9.99099E-05 9.99099E-05 0.0359672 9.99099E-05 0.680991 9.99099E-05 9.99099E-05
9.98741E-05 9.98741E-05 9.98741E-05 9.98741E-05 0.987837 9.98741E-05 9.98741E-05 9.98741E-05 9.98741E-05 9.98741E-05 9.98741E-05 9.98741E-05 9.98741E-05 9.98741E-05 9.98741E-05 0.0107649
9.98743E-05 9.98743E-05 9.98743E-05 9.98743E-05 0.997218 9.98743E-05 9.98743E-05 9.98743E-05 0.00138344 9.98743E-05 9.98743E-05 9.98743E-05 9.98743E-05 9.98743E-05 9.98743E-05 9.98743E-05
9.99011E-05 0.0316842 0.161257 0.00862061 0.196867 9.99011E-05 9.99011E-05 9.99011E-05 9.99011E-05 9.99011E-05 9.99011E-05 9.99011E-05 9.99011E-05 0.600472 9.99011E-05 9.99011E-05
0.00112767 0.0146149 9.9892E-05 9.9892E-05 0.572314 9.9892E-05 9.9892E-05 9.9892E-05 9.9892E-05 9.9892E-05 9.9892E-05 9.9892E-05 9.9892E-05 0.410744 9.9892E-05 9.9892E-05
9.9874E-05 9.9874E-05 0.960669 9.9874E-05 9.9874E-05 0.0379329 9.9874E-05 9.9874E-05 9.9874E-05 9.9874E-05 9.9874E-05 9.9874E-05 9.9874E-05 9.9874E-05 9.9874E-05 9.9874E-05
9.9883E-05 9.9883E-05 0.941807 9.9883E-05 9.9883E-05 9.9883E-05 9.9883E-05 9.9883E-05 9.9883E-05 9.9883E-05 9.9883E-05 0.00520629 9.9883E-05 9.9883E-05 0.0516886 9.9883E-05
9.98921E-05 9.98921E-05 9.98921E-05 9.98921E-05 0.0542567 0.0159326 9.98921E-05 9.98921E-05 9.98921E-05 9.98921E-05 9.98921E-05 9.98921E-05 9.98921E-05 0.909736 9.98921E-05 0.0188763
9.9883E-05 9.9883E-05 9.9883E-05 9.9883E-05 9.9883E-05 0.00699096 9.9883E-05 9.9883E-05 9.9883E-05 9.9883E-05 0.00528522 9.9883E-05 9.9883E-05 9.9883E-05 9.9883E-05 0.986425
9.9874E-05 9.9874E-05 9.9874E-05 9.9874E-05 9.9874E-05 0.00130776 9.9874E-05 9.9874E-05 9.9874E-05 9.9874E-05 9.9874E-05 9.9874E-05 9.9874E-05 9.9874E-05 9.9874E-05 0.997294
0.00164117 9.98832E-05 9.98832E-05 9.98832E-05 9.98832E-05 9.98832E-05 0.996259 9.98832E-05 0.000801609 9.98832E-05 9.98832E-05 9.98832E-05 9.98832E-05 9.98832E-05 9.98832E-05 9.98832E-05
9.98742E-05 0.0128802 9.98742E-05 9.98742E-05 9.98742E-05 9.98742E-05 0.985722 9.98742E-05 9.98742E-05 9.98742E-05 9.98742E-05 9.98742E-05 9.98742E-05 9.98742E-05 9.98742E-05 9.98742E-05
9.99099E-05 0.192228 9.99099E-05 0.673434 0.014114 9.99099E-05 9.99099E-05 0.00752853 9.99099E-05 9.99099E-05 0.0483991 9.99099E-05 9.99099E-05 9.99099E-05 9.99099E-05 0.0632981
9.991E-05 0.16004 9.991E-05 0.695367 9.991E-05 0.0126605 9.991E-05 9.991E-05 9.991E-05 9.991E-05 0.0213577 9.991E-05 9.991E-05 9.991E-05 0.0551032 0.0544729
9.98743E-05 9.98743E-05 9.98743E-05 9.98743E-05 9.98743E-05 9.98743E-05 0.978457 9.98743E-05 9.98743E-05 0.0201447 9.98743E-05 9.98743E-05 9.98743E-05 9.98743E-05 9.98743E-05 9.98743E-05
9.98742E-05 9.98742E-05 9.98742E-05 9.98742E-05 9.98742E-05 9.98742E-05 0.998372 9.98742E-05 9.98742E-05 9.98742E-05 9.98742E-05 9.98742E-05 9.98742E-05 0.000230251 9.98742E-05 9.98742E-05
9.98829E-05 9.98829E-05 9.98829E-05 9.98829E-05 9.98829E-05 9.98829E-05 9.98829E-05 9.98829E-05 0.932595 9.98829E-05 9.98829E-05 9.98829E-05 9.98829E-05 9.98829E-05 0.0136889 0.0524178
9.99009E-05 0.693721 9.99009E-05 9.99009E-05 9.99009E-05 9.99009E-05 9.99009E-05 0.0161408 9.99009E-05 9.99009E-05 9.99009E-05 0.100992 9.99009E-05 9.99009E-05 0.159878 0.0281693
9.9883E-05 9.9883E-05 9.9883E-05 9.9883E-05 9.9883E-05 0.0292437 9.9883E-05 9.9883E-05 9.9883E-05 9.9883E-05 0.913818 0.0556399 9.9883E-05 9.9883E-05 9.9883E-05 9.9883E-05
0.0738101 9.9919E-05 9.9919E-05 0.0128414 9.9919E-05 9.9919E-05 0.0102652 9.9919E-05 0.0301934 0.617926 9.9919E-05 9.9919E-05 9.9919E-05 0.0193718 0.234693 9.9919E-05
0.362858 9.99103E-05 9.99103E-05 9.99103E-05 9.99103E-05 9.99103E-05 0.138628 9.99103E-05 0.1276 0.0198345 9.99103E-05 9.99103E-05 0.0424666 9.99103E-05 0.307614 9.99103E-05
9.99101E-05 9.99101E-05 0.638287 9.99101E-05 0.233776 0.0332406 0.0140783 9.99101E-05 9.99101E-05 9.99101E-05 9.99101E-05 9.99101E-05 0.037794 0.0418245 9.99101E-05 9.99101E-05
