0.044521 9.99639E-05 9.99639E-05 9.99639E-05 0.00360074 9.99639E-05 0.951478
0.153499 0.295962 9.9982E-05 0.247787 0.0059427 9.9982E-05 0.296609
9.99822E-05 0.771111 0.0933838 0.042795 0.0491026 0.043408 9.99822E-05
9.9955E-05 0.954089 9.9955E-05 9.9955E-05 0.0454112 9.9955E-05 9.9955E-05
0.266412 0.479127 9.99731E-05 0.209763 9.99731E-05 9.99731E-05 0.0443979
9.995E-05 0.9994 9.995E-05 9.995E-05 9.995E-05 9.995E-05 9.995E-05
0.106562 0.025695 0.545663 0.32178 9.99731E-05 9.99731E-05 9.99731E-05
0.161326 0.41509 9.9973E-05 0.416898 0.00638615 9.9973E-05 9.9973E-05
0.199255 0.0265325 0.424733 0.349179 9.99731E-05 9.99731E-05 9.99731E-05
0.9994 9.995E-05 9.995E-05 9.995E-05 9.995E-05 9.995E-05 9.995E-05
0.9994 9.995E-05 9.995E-05 9.995E-05 9.995E-05 9.995E-05 9.995E-05
9.9973E-05 0.00786751 0.168027 9.9973E-05 0.138961 9.9973E-05 0.684845
9.99551E-05 0.0016308 0.997869 9.99551E-05 9.99551E-05 9.99551E-05 9.99551E-05
9.9964E-05 0.963945 9.9964E-05 9.9964E-05 0.0246306 0.0110242 9.9964E-05
0.0242084 0.945631 9.9973E-05 9.9973E-05 9.9973E-05 0.0144961 0.0153646
0.410963 0.0138192 0.416903 0.0267997 0.000424801 9.9991E-05 0.13099
0.428745 9.9973E-05 0.154962 9.9973E-05 0.33516 0.080833 9.9973E-05
0.151237 9.99729E-05 9.99729E-05 0.07681 9.99729E-05 0.688775 0.0828784
9.9964E-05 9.9964E-05 0.000274884 9.9964E-05 0.0902898 0.909035 9.9964E-05
0.727167 9.9973E-05 0.0707107 9.9973E-05 0.0743564 9.9973E-05 0.127466
9.995E-05 9.995E-05 9.995E-05 9.995E-05 9.995E-05 0.9994 9.995E-05
0.256901 9.9973E-05 0.123826 9.9973E-05 0.0480732 9.9973E-05 0.570899
0.290562 9.9973E-05 9.9973E-05 0.0130042 0.298841 0.397293 9.9973E-05
0.0316018 9.99639E-05 9.99639E-05 9.99639E-05 0.073966 0.894032 9.99639E-05
9.9955E-05 0.989328 9.9955E-05 0.0101719 9.9955E-05 9.9955E-05 9.9955E-05
9.99551E-05 0.992161 9.99551E-05 9.99551E-05 9.99551E-05 9.99551E-05 0.00733905
0.0180564 9.99729E-05 0.776076 9.99729E-05 0.0856234 9.99729E-05 0.119945
9.9964E-05 0.920208 0.0216974 0.0576945 9.9964E-05 9.9964E-05 9.9964E-05
9.9955E-05 0.899449 9.9955E-05 0.100051 9.9955E-05 9.9955E-05 9.9955E-05
9.99821E-05 0.709431 9.99821E-05 0.249188 0.00505339 0.0325212 0.00360665
0.0150334 0.666433 9.9973E-05 0.260045 0.0581883 9.9973E-05 9.9973E-05
0.0390691 0.101845 9.99731E-05 0.570953 9.99731E-05 9.99731E-05 0.287834
9.995E-05 0.9994 9.995E-05 9.995E-05 9.995E-05 9.995E-05 9.995E-05
9.99641E-05 0.0696578 9.99641E-05 0.912741 0.0172011 9.99641E-05 9.99641E-05
0.0811766 0.0405597 0.552882 9.99819E-05 0.23215 9.99819E-05 0.0930315
9.99639E-05 0.979338 0.011793 9.99639E-05 9.99639E-05 9.99639E-05 0.00846865
9.9955E-05 0.0035552 9.9955E-05 9.9955E-05 9.9955E-05 9.9955E-05 0.995945
0.726644 0.0471177 9.9973E-05 0.081963 9.9973E-05 9.9973E-05 0.143975
0.204413 0.148886 0.157929 9.9991E-05 0.387104 0.0653703 0.0361975
0.532315 0.118492 9.99729E-05 9.99729E-05 9.99729E-05 0.0116212 0.337272
0.550948 0.0416133 9.99729E-05 9.99729E-05 9.99729E-05 0.0199386 0.387201
0.990449 9.9955E-05 9.9955E-05 9.9955E-05 9.9955E-05 9.9955E-05 0.00905117
0.45713 9.9964E-05 0.353843 9.9964E-05 9.9964E-05 9.9964E-05 0.188627
0.949989 9.9964E-05 9.9964E-05 9.9964E-05 0.0290752 9.9964E-05 0.0205359
0.457507 9.9991E-05 0.193811 0.00255579 0.165867 0.10409 0.0760678
0.672306 0.0637842 0.0459538 9.9991E-05 0.0205094 0.0382978 0.159049
0.271194 0.112421 0.210746 9.9982E-05 0.130928 9.9982E-05 0.274511
9.99552E-05 9.99552E-05 9.99552E-05 9.99552E-05 9.99552E-05 0.0286773 0.970823
9.995E-05 9.995E-05 9.995E-05 0.9994 9.995E-05 9.995E-05 9.995E-05
9.995E-05 9.995E-05 9.995E-05 0.9994 9.995E-05 9.995E-05 9.995E-05
9.995E-05 9.995E-05 9.995E-05 0.9994 9.995E-05 9.995E-05 9.995E-05
9.995E-05 9.995E-05 9.995E-05 0.9994 9.995E-05 9.995E-05 9.995E-05
9.995E-05 9.995E-05 9.995E-05 0.9994 9.995E-05 9.995E-05 9.995E-05
0.0777271 0.261401 0.0559755 0.571453 9.99821E-05 0.0332432 9.99821E-05
9.995E-05 9.995E-05 9.995E-05 0.9994 9.995E-05 9.995E-05 9.995E-05
0.0202166 9.99639E-05 0.106034 9.99639E-05 9.99639E-05 9.99639E-05 0.873349
0.0568269 0.0896964 0.0224457 0.557509 9.9982E-05 9.9982E-05 0.273322
9.995E-05 0.9994 9.995E-05 9.995E-05 9.995E-05 9.995E-05 9.995E-05
9.99639E-05 9.99639E-05 0.841883 9.99639E-05 0.0688093 9.99639E-05 0.0889077
0.260706 0.0675739 0.462493 9.9973E-05 9.9973E-05 9.9973E-05 0.208927
9.995E-05 9.995E-05 0.9994 9.995E-05 9.995E-05 9.995E-05 9.995E-05
0.0939241 9.99729E-05 0.89274 9.99729E-05 0.00943028 9.99729E-05 0.00360574
0.0712729 9.99639E-05 0.840006 9.99639E-05 0.088321 9.99639E-05 9.99639E-05
9.99641E-05 9.99641E-05 9.99641E-05 0.00244399 9.99641E-05 0.878038 0.119118
9.995E-05 0.9994 9.995E-05 9.995E-05 9.995E-05 9.995E-05 9.995E-05
0.252614 0.311507 0.110554 0.145666 0.0296031 0.0441906 0.105864
9.99551E-05 0.962124 0.0373759 9.99551E-05 9.99551E-05 9.99551E-05 9.99551E-05
9.9955E-05 0.964512 9.9955E-05 9.9955E-05 9.9955E-05 9.9955E-05 0.0349878
9.9964E-05 0.908169 0.00965524 0.0817763 9.9964E-05 9.9964E-05 9.9964E-05
9.9973E-05 0.925548 9.9973E-05 0.0629831 9.9973E-05 0.00246833 0.00870074
0.0885368 0.903863 9.99641E-05 9.99641E-05 0.00720047 9.99641E-05 9.99641E-05
9.99549E-05 0.988059 9.99549E-05 9.99549E-05 0.0114414 9.99549E-05 9.99549E-05
0.0133807 0.512446 9.99643E-05 0.473774 9.99643E-05 9.99643E-05 9.99643E-05
9.99642E-05 0.502245 0.166807 0.330549 9.99642E-05 9.99642E-05 9.99642E-05
0.00728886 0.966896 0.00690621 0.00696041 9.9982E-05 9.9982E-05 0.011749
0.494276 0.0978119 0.21086 0.0624707 0.0168441 9.9991E-05 0.117638
0.463271 0.0755305 0.272994 0.0550226 0.0249577 9.9991E-05 0.108124
9.995E-05 9.995E-05 9.995E-05 9.995E-05 0.9994 9.995E-05 9.995E-05
9.995E-05 9.995E-05 9.995E-05 9.995E-05 0.9994 9.995E-05 9.995E-05
0.89676 9.9964E-05 9.9964E-05 0.0274992 9.9964E-05 9.9964E-05 0.0753414
0.875352 9.9964E-05 0.0881239 9.9964E-05 9.9964E-05 9.9964E-05 0.0361246
9.9955E-05 9.9955E-05 9.9955E-05 0.00814456 0.991356 9.9955E-05 9.9955E-05
9.995E-05 9.995E-05 9.995E-05 9.995E-05 0.9994 9.995E-05 9.995E-05
9.99549E-05 9.99549E-05 0.0444636 9.99549E-05 9.99549E-05 9.99549E-05 0.955037
0.490433 0.0162095 0.349007 9.9982E-05 9.9982E-05 0.0415614 0.102589
0.0499295 0.124678 0.0533287 0.564794 9.9982E-05 9.9982E-05 0.20707
0.27451 0.0636427 0.293004 9.99821E-05 0.251076 0.117568 9.99821E-05
9.9973E-05 9.9973E-05 0.425521 9.9973E-05 0.298122 0.0906523 0.185405
9.99731E-05 0.626475 9.99731E-05 0.273302 0.0662497 0.0336742 9.99731E-05
