9.99639E-05 9.99639E-05 0.0228129 0.954936 9.99639E-05 0.0218514 9.99639E-05
0.281569 0.26328 0.174859 0.27658 9.9982E-05 0.00351277 9.9982E-05
0.800146 0.0104273 9.99822E-05 9.99822E-05 0.0134492 0.0600489 0.115729
0.94551 9.9955E-05 9.9955E-05 9.9955E-05 9.9955E-05 0.0539899 9.9955E-05
0.459105 0.226948 0.245472 0.068176 9.99731E-05 9.99731E-05 9.99731E-05
0.996733 9.9955E-05 9.9955E-05 9.9955E-05 9.9955E-05 0.0027671 9.9955E-05
0.0311486 0.337943 0.174125 9.99731E-05 9.99731E-05 9.99731E-05 0.456484
0.415451 0.441346 0.142804 9.99641E-05 9.99641E-05 9.99641E-05 9.99641E-05
0.0443325 0.359627 0.229593 9.99731E-05 9.99731E-05 9.99731E-05 0.366147
9.995E-05 9.995E-05 0.9994 9.995E-05 9.995E-05 9.995E-05 9.995E-05
9.995E-05 9.995E-05 0.9994 9.995E-05 9.995E-05 9.995E-05 9.995E-05
0.0185797 9.9973E-05 9.9973E-05 0.733888 9.9973E-05 0.106062 0.141171
0.00577357 9.99551E-05 9.99551E-05 9.99551E-05 9.99551E-05 9.99551E-05 0.993727
0.962562 9.9964E-05 9.9964E-05 0.0219951 0.0150434 9.9964E-05 9.9964E-05
0.948843 9.9964E-05 0.035033 0.0157242 9.9964E-05 9.9964E-05 9.9964E-05
0.0140091 9.9973E-05 0.559539 0.0959036 9.9973E-05 9.9973E-05 0.330248
9.9982E-05 9.9982E-05 0.474938 0.0155703 0.0998946 0.271411 0.137987
9.99729E-05 0.0541178 0.170865 0.0665829 0.708134 9.99729E-05 9.99729E-05
9.9955E-05 9.9955E-05 9.9955E-05 9.9955E-05 0.905232 0.0942683 9.9955E-05
9.997E-05 9.997E-05 0.787675 0.125249 9.997E-05 0.068642 0.018134
9.995E-05 9.995E-05 9.995E-05 9.995E-05 0.9994 9.995E-05 9.995E-05
9.9973E-05 9.9973E-05 0.291401 0.576488 9.9973E-05 0.0115593 0.120253
0.001858 0.0191587 0.215869 9.9982E-05 0.408522 0.354393 9.9982E-05
9.996E-05 9.996E-05 0.000288543 9.996E-05 0.929967 0.0693444 9.996E-05
0.9994 9.995E-05 9.995E-05 9.995E-05 9.995E-05 9.995E-05 9.995E-05
0.987859 0.0116415 9.9955E-05 9.9955E-05 9.9955E-05 9.9955E-05 9.9955E-05
9.99729E-05 9.99729E-05 0.134846 0.084266 9.99729E-05 0.0503665 0.730222
0.937604 0.061896 9.9955E-05 9.9955E-05 9.9955E-05 9.9955E-05 9.9955E-05
0.900171 0.0942425 9.9964E-05 9.9964E-05 9.9964E-05 9.9964E-05 0.00518669
0.681465 0.272381 9.9991E-05 0.00125448 0.00385971 0.0318422 0.00909688
0.651357 0.307575 9.99641E-05 9.99641E-05 9.99641E-05 0.0406677 9.99641E-05
0.084734 0.566057 0.0745679 0.274341 9.99731E-05 9.99731E-05 9.99731E-05
0.9994 9.995E-05 9.995E-05 9.995E-05 9.995E-05 9.995E-05 9.995E-05
0.0959905 0.89084 9.99641E-05 9.99641E-05 9.99641E-05 0.0127693 9.99641E-05
0.0714329 9.99819E-05 0.0941497 0.0573283 9.99819E-05 0.238112 0.538777
0.996696 9.9955E-05 9.9955E-05 0.00280391 9.9955E-05 9.9955E-05 9.9955E-05
9.995E-05 9.995E-05 9.995E-05 0.9994 9.995E-05 9.995E-05 9.995E-05
0.0309359 0.0933061 0.728829 0.13036 0.016369 9.9982E-05 9.9982E-05
0.133694 9.9991E-05 0.234346 0.0373891 0.0602849 0.390129 0.144058
0.124965 9.9982E-05 0.570808 0.295484 0.005878 0.00266517 9.9982E-05
0.0617446 9.99729E-05 0.581519 0.337807 9.99729E-05 0.018629 9.99729E-05
9.9964E-05 9.9964E-05 0.979649 0.0112245 0.00872687 9.9964E-05 9.9964E-05
9.9973E-05 0.0159592 0.610207 0.143688 9.9973E-05 9.9973E-05 0.229845
9.9964E-05 9.9964E-05 0.952788 9.9964E-05 9.9964E-05 0.0355829 0.011229
9.998E-05 9.998E-05 0.541056 0.0530453 0.0898181 0.148327 0.167554
0.0840428 9.9991E-05 0.654431 0.143962 0.0406705 0.0377608 0.0390333
0.09169 0.0410933 0.267464 0.256836 9.9991E-05 0.122475 0.220342
9.99552E-05 9.99552E-05 9.99552E-05 0.99205 0.00745071 9.99552E-05 9.99552E-05
9.995E-05 0.9994 9.995E-05 9.995E-05 9.995E-05 9.995E-05 9.995E-05
9.995E-05 0.9994 9.995E-05 9.995E-05 9.995E-05 9.995E-05 9.995E-05
9.995E-05 0.9994 9.995E-05 9.995E-05 9.995E-05 9.995E-05 9.995E-05
9.995E-05 0.9994 9.995E-05 9.995E-05 9.995E-05 9.995E-05 9.995E-05
9.995E-05 0.9994 9.995E-05 9.995E-05 9.995E-05 9.995E-05 9.995E-05
0.261665 0.582474 0.0733118 0.0357775 0.0228231 9.9991E-05 0.0238486
9.99639E-05 0.974499 9.99639E-05 0.0246531 9.99639E-05 0.00044793 9.99639E-05
9.99639E-05 9.99639E-05 0.0371365 0.8973 9.99639E-05 9.99639E-05 0.0651639
0.123065 0.569107 0.0493044 0.258224 9.9973E-05 9.9973E-05 9.9973E-05
0.9994 9.995E-05 9.995E-05 9.995E-05 9.995E-05 9.995E-05 9.995E-05
9.9964E-05 9.9964E-05 9.9964E-05 0.0966474 9.9964E-05 0.0522992 0.850654
0.0675392 9.9973E-05 0.404973 0.225553 9.9973E-05 9.9973E-05 0.301635
9.995E-05 9.995E-05 9.995E-05 9.995E-05 9.995E-05 9.995E-05 0.9994
9.99639E-05 9.99639E-05 0.106664 9.99639E-05 9.99639E-05 0.00723106 0.885705
9.99729E-05 9.99729E-05 0.0473543 9.99729E-05 0.00365071 0.0918759 0.856819
9.99551E-05 9.99551E-05 9.99551E-05 0.116774 0.882726 9.99551E-05 9.99551E-05
0.9994 9.995E-05 9.995E-05 9.995E-05 9.995E-05 9.995E-05 9.995E-05
0.344749 0.167192 0.012313 0.196519 9.9991E-05 0.081859 0.197267
0.969739 9.99552E-05 9.99552E-05 9.99552E-05 9.99552E-05 9.99552E-05 0.0297611
0.945512 0.0339832 9.9964E-05 0.0201046 9.9964E-05 9.9964E-05 9.9964E-05
0.913872 0.0828281 9.996E-05 9.996E-05 9.996E-05 9.996E-05 0.00289977
0.930607 0.0480786 9.9973E-05 0.0144641 0.0065504 9.9973E-05 9.9973E-05
0.900083 9.99641E-05 0.0917696 9.99641E-05 9.99641E-05 0.00774776 9.99641E-05
0.999071 9.9955E-05 9.9955E-05 9.9955E-05 9.9955E-05 0.000429357 9.9955E-05
0.522148 0.460379 0.0170731 9.99642E-05 9.99642E-05 9.99642E-05 9.99642E-05
0.475451 0.367237 9.99642E-05 9.99642E-05 9.99642E-05 9.99642E-05 0.156912
0.973256 9.9964E-05 9.9964E-05 0.0226282 9.9964E-05 0.00371549 9.9964E-05
0.0904583 0.0669334 0.618046 0.0927149 9.9991E-05 0.0236618 0.108086
0.0842659 0.0568982 0.655186 0.0753482 9.9982E-05 9.9982E-05 0.128101
9.995E-05 9.995E-05 9.995E-05 9.995E-05 9.995E-05 0.9994 9.995E-05
9.995E-05 9.995E-05 9.995E-05 9.995E-05 9.995E-05 0.9994 9.995E-05
9.9964E-05 9.9964E-05 0.948198 0.038708 9.9964E-05 9.9964E-05 0.0126942
9.9973E-05 0.00208906 0.894212 0.0399756 9.9973E-05 9.9973E-05 0.0634233
9.9955E-05 0.000276736 9.9955E-05 9.9955E-05 9.9955E-05 0.999223 9.9955E-05
9.995E-05 9.995E-05 9.995E-05 9.995E-05 9.995E-05 0.9994 9.995E-05
9.99549E-05 9.99549E-05 9.99549E-05 0.975237 9.99549E-05 9.99549E-05 0.0242627
0.00214858 9.9982E-05 0.56074 0.114139 0.0479474 9.9982E-05 0.274825
0.0573523 0.604517 0.0909721 0.219724 9.9982E-05 9.9982E-05 0.0272345
0.0794521 9.99821E-05 0.198941 9.99821E-05 0.143535 0.252261 0.325611
9.99731E-05 9.99731E-05 9.99731E-05 0.175314 0.0793128 0.329503 0.41557
0.569741 0.374714 9.99642E-05 9.99642E-05 0.0551458 9.99642E-05 9.99642E-05
