9.98468E-05 9.98468E-05 0.00550586 9.98468E-05 9.98468E-05 9.98468E-05 9.98468E-05 9.98468E-05 0.903594 9.98468E-05 9.98468E-05 9.98468E-05 9.98468E-05 9.98468E-05 9.98468E-05 0.0892024 9.98468E-05 9.98468E-05 9.98468E-05 9.98468E-05
9.98559E-05 9.98559E-05 0.0448888 0.173425 0.63981 9.98559E-05 9.98559E-05 9.98559E-05 9.98559E-05 9.98559E-05 9.98559E-05 9.98559E-05 9.98559E-05 9.98559E-05 9.98559E-05 9.98559E-05 9.98559E-05 9.98559E-05 0.140279 9.98559E-05
9.98292E-05 9.98292E-05 9.98292E-05 9.98292E-05 9.98292E-05 9.98292E-05 9.98292E-05 0.998103 9.98292E-05 9.98292E-05 9.98292E-05 9.98292E-05 9.98292E-05 9.98292E-05 9.98292E-05 9.98292E-05 9.98292E-05 9.98292E-05 9.98292E-05 9.98292E-05
9.98741E-05 9.98741E-05 0.00482951 9.98741E-05 9.98741E-05 0.0130546 0.0151879 0.0421859 9.98741E-05 9.98741E-05 9.98741E-05 9.98741E-05 9.98741E-05 9.98741E-05 9.98741E-05 9.98741E-05 9.98741E-05 0.0216235 0.90172 9.98741E-05
9.98292E-05 9.98292E-05 9.98292E-05 9.98292E-05 9.98292E-05 9.98292E-05 9.98292E-05 9.98292E-05 9.98292E-05 9.98292E-05 9.98292E-05 9.98292E-05 9.98292E-05 9.98292E-05 9.98292E-05 9.98292E-05 0.998103 9.98292E-05 9.98292E-05 9.98292E-05
0.00428902 0.0546981 9.98831E-05 0.00103525 9.98831E-05 9.98831E-05 0.0255089 0.0366645 9.98831E-05 9.98831E-05 9.98831E-05 9.98831E-05 9.98831E-05 9.98831E-05 9.98831E-05 9.98831E-05 0.0162503 9.98831E-05 0.860255 9.98831E-05
9.98292E-05 9.98292E-05 9.98292E-05 9.98292E-05 9.98292E-05 9.98292E-05 9.98292E-05 9.98292E-05 9.98292E-05 9.98292E-05 9.98292E-05 9.98292E-05 0.998103 9.98292E-05 9.98292E-05 9.98292E-05 9.98292E-05 9.98292E-05 9.98292E-05 9.98292E-05
9.98829E-05 9.98829E-05 9.98829E-05 9.98829E-05 0.104625 0.0783895 0.26046 9.98829E-05 9.98829E-05 9.98829E-05 9.98829E-05 9.98829E-05 9.98829E-05 0.383319 9.98829E-05 0.0456072 0.125239 0.00106174 9.98829E-05 9.98829E-05
9.98471E-05 9.98471E-05 9.98471E-05 9.98471E-05 0.0305556 0.00455026 9.98471E-05 9.98471E-05 9.98471E-05 9.98471E-05 9.98471E-05 9.98471E-05 0.963197 9.98471E-05 9.98471E-05 9.98471E-05 9.98471E-05 9.98471E-05 9.98471E-05 9.98471E-05
9.98471E-05 9.98471E-05 9.98471E-05 9.98471E-05 9.98471E-05 9.98471E-05 9.98471E-05 9.98471E-05 9.98471E-05 9.98471E-05 9.98471E-05 9.98471E-05 0.109555 9.98471E-05 9.98471E-05 0.834388 0.0543593 9.98471E-05 9.98471E-05 9.98471E-05
9.98471E-05 9.98471E-05 9.98471E-05 9.98471E-05 9.98471E-05 9.98471E-05 9.98471E-05 9.98471E-05 9.98471E-05 9.98471E-05 9.98471E-05 9.98471E-05 0.117246 9.98471E-05 9.98471E-05 0.859541 0.0215154 9.98471E-05 9.98471E-05 9.98471E-05
9.98739E-05 0.0102209 9.98739E-05 9.98739E-05 9.98739E-05 9.98739E-05 9.98739E-05 0.0333427 0.68086 0.133402 9.98739E-05 9.98739E-05 9.98739E-05 9.98739E-05 0.0321454 9.98739E-05 9.98739E-05 0.108631 9.98739E-05 9.98739E-05
9.98565E-05 0.00453423 9.98565E-05 9.98565E-05 9.98565E-05 9.98565E-05 0.0405682 9.98565E-05 9.98565E-05 0.947303 9.98565E-05 9.98565E-05 9.98565E-05 0.00599718 9.98565E-05 9.98565E-05 9.98565E-05 9.98565E-05 9.98565E-05 9.98565E-05
9.98651E-05 0.0120754 0.00432539 9.98651E-05 9.98651E-05 9.98651E-05 9.98651E-05 9.98651E-05 9.98651E-05 9.98651E-05 9.98651E-05 9.98651E-05 9.98651E-05 9.98651E-05 0.0523966 9.98651E-05 0.0227788 9.98651E-05 0.906926 9.98651E-05
9.98562E-05 9.98562E-05 9.98562E-05 0.0372025 9.98562E-05 9.98562E-05 9.98562E-05 9.98562E-05 9.98562E-05 9.98562E-05 9.98562E-05 9.98562E-05 9.98562E-05 9.98562E-05 0.0293631 9.98562E-05 0.0303962 9.98562E-05 0.90144 9.98562E-05
9.9856E-05 0.0926925 9.9856E-05 9.9856E-05 9.9856E-05 9.9856E-05 9.9856E-05 9.9856E-05 9.9856E-05 0.129446 9.9856E-05 0.748973 9.9856E-05 9.9856E-05 9.9856E-05 0.0272907 9.9856E-05 9.9856E-05 9.9856E-05 9.9856E-05
9.9856E-05 9.9856E-05 0.918345 9.9856E-05 9.9856E-05 9.9856E-05 9.9856E-05 9.9856E-05 9.9856E-05 9.9856E-05 9.9856E-05 0.0147493 9.9856E-05 9.9856E-05 9.9856E-05 0.0626504 9.9856E-05 9.9856E-05 9.9856E-05 0.00265748
9.98294E-05 9.98294E-05 9.98294E-05 9.98294E-05 9.98294E-05 9.98294E-05 9.98294E-05 9.98294E-05 9.98294E-05 9.98294E-05 0.998103 9.98294E-05 9.98294E-05 9.98294E-05 9.98294E-05 9.98294E-05 9.98294E-05 9.98294E-05 9.98294E-05 9.98294E-05
0.0759547 9.98381E-05 9.98381E-05 9.98381E-05 9.98381E-05 9.98381E-05 9.98381E-05 9.98381E-05 9.98381E-05 9.98381E-05 9.98381E-05 9.98381E-05 9.98381E-05 9.98381E-05 9.98381E-05 9.98381E-05 9.98381E-05 9.98381E-05 9.98381E-05 0.922248
9.98828E-05 0.160877 0.0140366 0.00210479 9.98828E-05 9.98828E-05 9.98828E-05 9.98828E-05 0.0924075 9.98828E-05 9.98828E-05 0.306423 9.98828E-05 9.98828E-05 9.98828E-05 0.414439 9.98828E-05 0.00841453 9.98828E-05 9.98828E-05
9.98293E-05 9.98293E-05 9.98293E-05 9.98293E-05 9.98293E-05 9.98293E-05 9.98293E-05 9.98293E-05 9.98293E-05 9.98293E-05 9.98293E-05 9.98293E-05 9.98293E-05 9.98293E-05 0.998103 9.98293E-05 9.98293E-05 9.98293E-05 9.98293E-05 9.98293E-05
9.9892E-05 0.00279437 9.9892E-05 0.308743 9.9892E-05 9.9892E-05 9.9892E-05 9.9892E-05 0.359773 0.0748072 0.00246363 0.218273 9.9892E-05 9.9892E-05 9.9892E-05 0.0293916 9.9892E-05 0.00255526 9.9892E-05 9.9892E-05
9.9883E-05 9.9883E-05 0.213768 9.9883E-05 9.9883E-05 0.002199 0.0144324 9.9883E-05 9.9883E-05 9.9883E-05 9.9883E-05 9.9883E-05 9.9883E-05 9.9883E-05 9.9883E-05 0.150502 0.0309932 0.11026 9.9883E-05 0.476546
9.98379E-05 9.98379E-05 9.98379E-05 9.98379E-05 9.98379E-05 9.98379E-05 9.98379E-05 9.98379E-05 9.98379E-05 9.98379E-05 0.0195466 9.98379E-05 9.98379E-05 9.98379E-05 9.98379E-05 9.98379E-05 9.98379E-05 9.98379E-05 9.98379E-05 0.978656
9.98386E-05 9.98386E-05 9.98386E-05 9.98386E-05 9.98386E-05 9.98386E-05 9.98386E-05 0.0157073 9.98386E-05 9.98386E-05 9.98386E-05 9.98386E-05 9.98386E-05 9.98386E-05 9.98386E-05 9.98386E-05 9.98386E-05 9.98386E-05 0.982496 9.98386E-05
9.98385E-05 9.98385E-05 9.98385E-05 9.98385E-05 0.00751994 9.98385E-05 9.98385E-05 9.98385E-05 9.98385E-05 9.98385E-05 9.98385E-05 9.98385E-05 9.98385E-05 9.98385E-05 9.98385E-05 9.98385E-05 9.98385E-05 9.98385E-05 0.990683 9.98385E-05
9.98647E-05 9.98647E-05 0.0381992 9.98647E-05 9.98647E-05 9.98647E-05 9.98647E-05 9.98647E-05 0.0283808 0.775901 9.98647E-05 9.98647E-05 9.98647E-05 9.98647E-05 9.98647E-05 0.109303 9.98647E-05 0.046718 9.98647E-05 9.98647E-05
9.98651E-05 9.98651E-05 9.98651E-05 9.98651E-05 9.98651E-05 0.0593389 9.98651E-05 9.98651E-05 9.98651E-05 0.0092868 9.98651E-05 9.98651E-05 0.0270765 9.98651E-05 9.98651E-05 9.98651E-05 9.98651E-05 0.00172066 0.901079 9.98651E-05
9.98563E-05 9.98563E-05 9.98563E-05 9.98563E-05 9.98563E-05 0.0886423 9.98563E-05 9.98563E-05 9.98563E-05 0.010578 9.98563E-05 0.011078 9.98563E-05 9.98563E-05 9.98563E-05 9.98563E-05 9.98563E-05 9.98563E-05 0.888104 9.98563E-05
0.0289374 9.98832E-05 9.98832E-05 9.98832E-05 0.0468429 0.110061 0.39338 0.0625531 9.98832E-05 9.98832E-05 9.98832E-05 9.98832E-05 9.98832E-05 9.98832E-05 9.98832E-05 9.98832E-05 0.0361153 9.98832E-05 0.320812 9.98832E-05
9.98468E-05 0.00641313 9.98468E-05 9.98468E-05 9.98468E-05 9.98468E-05 0.923635 9.98468E-05 9.98468E-05 9.98468E-05 9.98468E-05 9.98468E-05 9.98468E-05 9.98468E-05 9.98468E-05 9.98468E-05 9.98468E-05 9.98468E-05 0.0682544 9.98468E-05
9.98296E-05 9.98296E-05 9.98296E-05 9.98296E-05 0.998103 9.98296E-05 9.98296E-05 9.98296E-05 9.98296E-05 9.98296E-05 9.98296E-05 9.98296E-05 9.98296E-05 9.98296E-05 9.98296E-05 9.98296E-05 9.98296E-05 9.98296E-05 9.98296E-05 9.98296E-05
9.98563E-05 9.98563E-05 9.98563E-05 0.00490266 9.98563E-05 9.98563E-05 9.98563E-05 0.0150578 9.98563E-05 9.98563E-05 9.98563E-05 9.98563E-05 9.98563E-05 0.183949 9.98563E-05 9.98563E-05 9.98563E-05 9.98563E-05 0.794493 9.98563E-05
9.98744E-05 9.98744E-05 9.98744E-05 9.98744E-05 0.0481694 0.733261 0.0142505 9.98744E-05 9.98744E-05 9.98744E-05 9.98744E-05 9.98744E-05 0.00248947 0.19996 9.98744E-05 0.000471929 9.98744E-05 9.98744E-05 9.98744E-05 9.98744E-05
9.98917E-05 0.0625398 0.223741 0.0552158 9.98917E-05 9.98917E-05 0.016336 9.98917E-05 9.98917E-05 0.521723 9.98917E-05 9.98917E-05 9.98917E-05 0.00268451 9.98917E-05 9.98917E-05 0.0328846 0.0836765 9.98917E-05 9.98917E-05
9.98649E-05 0.0100315 9.98649E-05 0.0178368 9.98649E-05 9.98649E-05 9.98649E-05 9.98649E-05 9.98649E-05 9.98649E-05 9.98649E-05 0.00430761 9.98649E-05 0.0682311 9.98649E-05 9.98649E-05 9.98649E-05 9.98649E-05 0.898095 9.98649E-05
9.9865E-05 0.0318721 0.00818615 9.9865E-05 9.9865E-05 9.9865E-05 9.9865E-05 0.0437384 0.901793 9.9865E-05 9.9865E-05 9.9865E-05 9.9865E-05 9.9865E-05 9.9865E-05 9.9865E-05 0.0129123 9.9865E-05 9.9865E-05 9.9865E-05
0.030557 9.9892E-05 0.0209602 0.116612 0.15305 9.9892E-05 9.9892E-05 0.00046434 0.0210227 9.9892E-05 9.9892E-05 9.9892E-05 9.9892E-05 0.0403854 9.9892E-05 0.61575 9.9892E-05 9.9892E-05 9.9892E-05 9.9892E-05
9.98381E-05 9.98381E-05 0.985523 9.98381E-05 9.98381E-05 9.98381E-05 9.98381E-05 9.98381E-05 9.98381E-05 9.98381E-05 9.98381E-05 9.98381E-05 9.98381E-05 0.0126803 9.98381E-05 9.98381E-05 9.98381E-05 9.98381E-05 9.98381E-05 9.98381E-05
9.98381E-05 9.98381E-05 0.00904771 0.989155 9.98381E-05 9.98381E-05 9.98381E-05 9.98381E-05 9.98381E-05 9.98381E-05 9.98381E-05 9.98381E-05 9.98381E-05 9.98381E-05 9.98381E-05 9.98381E-05 9.98381E-05 9.98381E-05 9.98381E-05 9.98381E-05
9.9847E-05 9.9847E-05 9.9847E-05 0.985521 9.9847E-05 9.9847E-05 9.9847E-05 9.9847E-05 0.0122507 9.9847E-05 9.9847E-05 9.9847E-05 9.9847E-05 9.9847E-05 9.9847E-05 9.9847E-05 0.000530961 9.9847E-05 9.9847E-05 9.9847E-05
9.98741E-05 9.98741E-05 9.98741E-05 0.0606919 9.98741E-05 9.98741E-05 9.98741E-05 9.98741E-05 0.00449913 0.0136569 9.98741E-05 0.0330865 9.98741E-05 9.98741E-05 9.98741E-05 0.868995 9.98741E-05 9.98741E-05 9.98741E-05 0.0176724
0.0206156 9.9874E-05 9.9874E-05 0.0219467 9.9874E-05 9.9874E-05 9.9874E-05 9.9874E-05 9.9874E-05 0.0241865 9.9874E-05 0.836124 0.0787545 9.9874E-05 9.9874E-05 0.0169748 9.9874E-05 9.9874E-05 9.9874E-05 9.9874E-05
9.98738E-05 0.0937679 9.98738E-05 9.98738E-05 9.98738E-05 9.98738E-05 0.0276334 0.00383467 0.00761921 0.00406004 9.98738E-05 9.98738E-05 9.98738E-05 9.98738E-05 9.98738E-05 0.861687 9.98738E-05 9.98738E-05 9.98738E-05 9.98738E-05
9.98949E-05 0.133234 9.98949E-05 0.226844 0.0256607 9.98949E-05 9.98949E-05 9.98949E-05 0.00302317 0.143919 9.98949E-05 9.98949E-05 9.98949E-05 9.98949E-05 9.98949E-05 0.289438 9.98949E-05 0.0648777 9.98949E-05 0.111805
0.080146 0.17639 9.99099E-05 0.214314 0.0271377 9.99099E-05 0.0313341 9.99099E-05 0.0176913 0.00114893 9.99099E-05 0.0668664 9.99099E-05 0.00378731 9.99099E-05 0.380185 9.99099E-05 9.99099E-05 9.99099E-05 9.99099E-05
0.0237648 0.27312 0.126215 0.0477079 9.99369E-05 0.0452381 0.0295835 0.0229135 0.189566 0.0258133 9.99369E-05 9.99369E-05 0.0584384 9.99369E-05 9.99369E-05 0.13806 0.00245592 9.99369E-05 0.0164244 9.99369E-05
9.98482E-05 9.98482E-05 9.98482E-05 9.98482E-05 0.000607889 9.98482E-05 9.98482E-05 9.98482E-05 0.964455 9.98482E-05 0.0332393 9.98482E-05 9.98482E-05 9.98482E-05 9.98482E-05 9.98482E-05 9.98482E-05 9.98482E-05 9.98482E-05 9.98482E-05
9.98293E-05 9.98293E-05 9.98293E-05 9.98293E-05 9.98293E-05 0.998103 9.98293E-05 9.98293E-05 9.98293E-05 9.98293E-05 9.98293E-05 9.98293E-05 9.98293E-05 9.98293E-05 9.98293E-05 9.98293E-05 9.98293E-05 9.98293E-05 9.98293E-05 9.98293E-05
9.98383E-05 9.98383E-05 9.98383E-05 9.98383E-05 9.98383E-05 0.993176 9.98383E-05 9.98383E-05 9.98383E-05 9.98383E-05 0.00502658 9.98383E-05 9.98383E-05 9.98383E-05 9.98383E-05 9.98383E-05 9.98383E-05 9.98383E-05 9.98383E-05 9.98383E-05
9.98473E-05 9.98473E-05 9.98473E-05 0.00828597 9.98473E-05 0.965588 9.98473E-05 9.98473E-05 9.98473E-05 9.98473E-05 9.98473E-05 0.0244289 9.98473E-05 9.98473E-05 9.98473E-05 9.98473E-05 9.98473E-05 9.98473E-05 9.98473E-05 9.98473E-05
9.98384E-05 9.98384E-05 9.98384E-05 9.98384E-05 9.98384E-05 0.993512 9.98384E-05 9.98384E-05 9.98384E-05 9.98384E-05 9.98384E-05 9.98384E-05 9.98384E-05 9.98384E-05 0.00469053 9.98384E-05 9.98384E-05 9.98384E-05 9.98384E-05 9.98384E-05
9.98383E-05 9.98383E-05 9.98383E-05 9.98383E-05 9.98383E-05 0.994874 0.0033287 9.98383E-05 9.98383E-05 9.98383E-05 9.98383E-05 9.98383E-05 9.98383E-05 9.98383E-05 9.98383E-05 9.98383E-05 9.98383E-05 9.98383E-05 9.98383E-05 9.98383E-05
0.0227819 9.98834E-05 9.98834E-05 9.98834E-05 0.0653536 0.324844 0.422605 9.98834E-05 9.98834E-05 9.98834E-05 9.98834E-05 0.0518785 0.0560074 0.0552308 9.98834E-05 9.98834E-05 9.98834E-05 9.98834E-05 9.98834E-05 9.98834E-05
9.98473E-05 9.98473E-05 9.98473E-05 9.98473E-05 0.0773646 0.920005 9.98473E-05 9.98473E-05 0.000932916 9.98473E-05 9.98473E-05 9.98473E-05 9.98473E-05 9.98473E-05 9.98473E-05 9.98473E-05 9.98473E-05 9.98473E-05 9.98473E-05 9.98473E-05
9.98559E-05 0.00460951 9.98559E-05 9.98559E-05 9.98559E-05 9.98559E-05 9.98559E-05 9.98559E-05 0.830219 9.98559E-05 9.98559E-05 0.161672 0.00190179 9.98559E-05 9.98559E-05 9.98559E-05 9.98559E-05 9.98559E-05 9.98559E-05 9.98559E-05
9.98829E-05 9.98829E-05 9.98829E-05 9.98829E-05 0.896804 0.0336245 9.98829E-05 0.000703708 9.98829E-05 9.98829E-05 0.00177166 0.0262465 0.0253761 9.98829E-05 9.98829E-05 9.98829E-05 9.98829E-05 0.0141751 9.98829E-05 9.98829E-05
9.9847E-05 9.9847E-05 9.9847E-05 0.0295542 9.9847E-05 9.9847E-05 9.9847E-05 9.9847E-05 9.9847E-05 9.9847E-05 9.9847E-05 9.9847E-05 9.9847E-05 9.9847E-05 9.9847E-05 9.9847E-05 0.0130159 9.9847E-05 0.955732 9.9847E-05
9.98651E-05 9.98651E-05 9.98651E-05 0.121214 9.98651E-05 9.98651E-05 9.98651E-05 9.98651E-05 9.98651E-05 0.810225 9.98651E-05 0.0474966 9.98651E-05 9.98651E-05 0.0145997 9.98651E-05 9.98651E-05 0.004967 9.98651E-05 9.98651E-05
9.98474E-05 0.126688 9.98474E-05 9.98474E-05 9.98474E-05 9.98474E-05 9.98474E-05 9.98474E-05 9.98474E-05 0.0112314 9.98474E-05 0.860383 9.98474E-05 9.98474E-05 9.98474E-05 9.98474E-05 9.98474E-05 9.98474E-05 9.98474E-05 9.98474E-05
9.98476E-05 9.98476E-05 9.98476E-05 9.98476E-05 9.98476E-05 9.98476E-05 9.98476E-05 9.98476E-05 9.98476E-05 0.951777 9.98476E-05 9.98476E-05 0.0218041 0.0247215 9.98476E-05 9.98476E-05 9.98476E-05 9.98476E-05 9.98476E-05 9.98476E-05
9.98559E-05 9.98559E-05 9.98559E-05 0.042716 9.98559E-05 9.98559E-05 9.98559E-05 9.98559E-05 9.98559E-05 0.888535 0.00432383 9.98559E-05 9.98559E-05 9.98559E-05 9.98559E-05 0.0628272 9.98559E-05 9.98559E-05 9.98559E-05 9.98559E-05
9.98828E-05 0.0598088 9.98828E-05 0.0392755 9.98828E-05 9.98828E-05 9.98828E-05 9.98828E-05 9.98828E-05 0.821692 0.00173929 9.98828E-05 9.98828E-05 9.98828E-05 9.98828E-05 0.0163935 9.98828E-05 0.0469521 9.98828E-05 0.0128406
0.998103 9.98293E-05 9.98293E-05 9.98293E-05 9.98293E-05 9.98293E-05 9.98293E-05 9.98293E-05 9.98293E-05 9.98293E-05 9.98293E-05 9.98293E-05 9.98293E-05 9.98293E-05 9.98293E-05 9.98293E-05 9.98293E-05 9.98293E-05 9.98293E-05 9.98293E-05
9.98657E-05 9.98657E-05 9.98657E-05 9.98657E-05 9.98657E-05 9.98657E-05 9.98657E-05 0.0301106 9.98657E-05 9.98657E-05 9.98657E-05 9.98657E-05 0.00114186 9.98657E-05 9.98657E-05 9.98657E-05 0.0044244 0.00357826 0.959247 9.98657E-05
9.99201E-05 9.99201E-05 0.0160026 0.0569529 9.99201E-05 0.0427829 9.99201E-05 9.99201E-05 0.126736 0.0340633 9.99201E-05 0.00237155 0.216011 9.99201E-05 9.99201E-05 0.0735558 0.0528426 0.0236128 0.272943 0.0813266
9.98565E-05 9.98565E-05 9.98565E-05 9.98565E-05 9.98565E-05 9.98565E-05 9.98565E-05 0.11264 9.98565E-05 9.98565E-05 9.98565E-05 0.0432898 9.98565E-05 0.0621636 9.98565E-05 9.98565E-05 9.98565E-05 9.98565E-05 0.780309 9.98565E-05
9.9856E-05 9.9856E-05 0.0329101 9.9856E-05 9.9856E-05 9.9856E-05 0.000273102 9.9856E-05 9.9856E-05 9.9856E-05 9.9856E-05 9.9856E-05 9.9856E-05 9.9856E-05 9.9856E-05 9.9856E-05 0.10179 9.9856E-05 0.86343 9.9856E-05
9.9874E-05 9.9874E-05 9.9874E-05 9.9874E-05 9.9874E-05 0.0247721 0.0451948 9.9874E-05 9.9874E-05 0.00661139 9.9874E-05 0.0571438 9.9874E-05 0.0361574 9.9874E-05 9.9874E-05 9.9874E-05 9.9874E-05 0.828722 9.9874E-05
9.98832E-05 9.98832E-05 9.98832E-05 9.98832E-05 0.0265279 0.0175897 0.0375098 9.98832E-05 9.98832E-05 9.98832E-05 9.98832E-05 0.0210573 0.00648324 0.00463886 9.98832E-05 9.98832E-05 9.98832E-05 9.98832E-05 0.884895 9.98832E-05
9.98833E-05 9.98833E-05 9.98833E-05 0.0358573 0.026841 9.98833E-05 0.0899137 9.98833E-05 9.98833E-05 9.98833E-05 9.98833E-05 9.98833E-05 9.98833E-05 0.0139358 9.98833E-05 0.0409722 0.0377456 9.98833E-05 0.753436 9.98833E-05
9.98471E-05 9.98471E-05 0.00301059 9.98471E-05 9.98471E-05 9.98471E-05 9.98471E-05 9.98471E-05 9.98471E-05 9.98471E-05 9.98471E-05 9.98471E-05 9.98471E-05 9.98471E-05 9.98471E-05 9.98471E-05 0.0247408 9.98471E-05 0.970551 9.98471E-05
9.9847E-05 9.9847E-05 9.9847E-05 9.9847E-05 9.9847E-05 0.0481049 9.9847E-05 9.9847E-05 9.9847E-05 9.9847E-05 9.9847E-05 9.9847E-05 9.9847E-05 0.913888 9.9847E-05 9.9847E-05 0.0363095 9.9847E-05 9.9847E-05 9.9847E-05
9.98471E-05 9.98471E-05 9.98471E-05 9.98471E-05 9.98471E-05 9.98471E-05 9.98471E-05 9.98471E-05 9.98471E-05 0.019488 9.98471E-05 9.98471E-05 9.98471E-05 0.977812 0.00100255 9.98471E-05 9.98471E-05 9.98471E-05 9.98471E-05 9.98471E-05
9.98653E-05 9.98653E-05 9.98653E-05 9.98653E-05 9.98653E-05 0.0268033 9.98653E-05 0.0186151 9.98653E-05 9.98653E-05 9.98653E-05 9.98653E-05 9.98653E-05 9.98653E-05 0.0268397 0.0192431 9.98653E-05 9.98653E-05 0.907001 9.98653E-05
9.98651E-05 9.98651E-05 0.0184479 9.98651E-05 9.98651E-05 0.000145634 9.98651E-05 9.98651E-05 9.98651E-05 9.98651E-05 9.98651E-05 0.975694 9.98651E-05 9.98651E-05 9.98651E-05 9.98651E-05 9.98651E-05 0.00356598 0.000648087 9.98651E-05
9.9847E-05 9.9847E-05 9.9847E-05 9.9847E-05 9.9847E-05 0.0149605 9.9847E-05 9.9847E-05 9.9847E-05 9.9847E-05 9.9847E-05 0.980216 9.9847E-05 0.0031261 9.9847E-05 9.9847E-05 9.9847E-05 9.9847E-05 9.9847E-05 9.9847E-05
0.0023808 9.98517E-05 9.98517E-05 0.00493371 9.98517E-05 9.98517E-05 9.98517E-05 9.98517E-05 9.98517E-05 9.98517E-05 9.98517E-05 9.98517E-05 9.98517E-05 9.98517E-05 9.98517E-05 9.98517E-05 9.98517E-05 0.990988 9.98517E-05 9.98517E-05
9.98294E-05 9.98294E-05 9.98294E-05 9.98294E-05 9.98294E-05 9.98294E-05 9.98294E-05 9.98294E-05 9.98294E-05 9.98294E-05 9.98294E-05 9.98294E-05 9.98294E-05 9.98294E-05 9.98294E-05 9.98294E-05 9.98294E-05 0.998103 9.98294E-05 9.98294E-05
9.98828E-05 9.98828E-05 9.98828E-05 0.0989575 0.0819962 9.98828E-05 9.98828E-05 9.98828E-05 9.98828E-05 0.00915559 0.0349897 0.0195517 9.98828E-05 0.0171393 9.98828E-05 0.736912 9.98828E-05 9.98828E-05 9.98828E-05 9.98828E-05
9.98829E-05 9.98829E-05 9.98829E-05 0.0684884 0.0471885 9.98829E-05 9.98829E-05 9.98829E-05 9.98829E-05 0.0792517 0.0169512 0.0288652 0.00243412 9.98829E-05 9.98829E-05 0.755522 9.98829E-05 9.98829E-05 9.98829E-05 9.98829E-05
9.98474E-05 9.98474E-05 9.98474E-05 9.98474E-05 9.98474E-05 9.98474E-05 9.98474E-05 9.98474E-05 9.98474E-05 9.98474E-05 9.98474E-05 0.0128558 9.98474E-05 0.00934095 9.98474E-05 9.98474E-05 9.98474E-05 0.976106 9.98474E-05 9.98474E-05
9.98383E-05 9.98383E-05 9.98383E-05 0.0123792 9.98383E-05 9.98383E-05 9.98383E-05 9.98383E-05 9.98383E-05 9.98383E-05 9.98383E-05 9.98383E-05 9.98383E-05 9.98383E-05 9.98383E-05 9.98383E-05 9.98383E-05 0.985824 9.98383E-05 9.98383E-05
9.9847E-05 9.9847E-05 9.9847E-05 9.9847E-05 9.9847E-05 9.9847E-05 9.9847E-05 9.9847E-05 0.946532 0.0392784 9.9847E-05 0.0124923 9.9847E-05 9.9847E-05 9.9847E-05 9.9847E-05 9.9847E-05 9.9847E-05 9.9847E-05 9.9847E-05
0.0129507 9.9874E-05 9.9874E-05 0.712792 9.9874E-05 9.9874E-05 9.9874E-05 9.9874E-05 9.9874E-05 0.101483 9.9874E-05 0.0324899 0.128854 9.9874E-05 9.9874E-05 9.9874E-05 9.9874E-05 9.9874E-05 9.9874E-05 0.0100328
9.98471E-05 9.98471E-05 9.98471E-05 9.98471E-05 0.930523 0.00189632 9.98471E-05 9.98471E-05 9.98471E-05 9.98471E-05 9.98471E-05 9.98471E-05 0.0658829 9.98471E-05 9.98471E-05 9.98471E-05 9.98471E-05 9.98471E-05 9.98471E-05 9.98471E-05
9.9829E-05 0.998103 9.9829E-05 9.9829E-05 9.9829E-05 9.9829E-05 9.9829E-05 9.9829E-05 9.9829E-05 9.9829E-05 9.9829E-05 9.9829E-05 9.9829E-05 9.9829E-05 9.9829E-05 9.9829E-05 9.9829E-05 9.9829E-05 9.9829E-05 9.9829E-05
9.9865E-05 0.773217 0.0955697 9.9865E-05 9.9865E-05 9.9865E-05 9.9865E-05 9.9865E-05 0.0530241 9.9865E-05 9.9865E-05 0.0226205 9.9865E-05 9.9865E-05 0.0540711 9.9865E-05 9.9865E-05 9.9865E-05 9.9865E-05 9.9865E-05
9.9829E-05 9.9829E-05 9.9829E-05 9.9829E-05 9.9829E-05 9.9829E-05 0.998103 9.9829E-05 9.9829E-05 9.9829E-05 9.9829E-05 9.9829E-05 9.9829E-05 9.9829E-05 9.9829E-05 9.9829E-05 9.9829E-05 9.9829E-05 9.9829E-05 9.9829E-05
