0.925588 9.98558E-05 9.98558E-05 9.98558E-05 9.98558E-05 0.00708452 9.98558E-05 9.98558E-05 9.98558E-05 0.0582021 9.98558E-05 0.00752775 9.98558E-05 9.98558E-05 9.98558E-05 9.98558E-05 9.98558E-05 9.98558E-05 9.98558E-05 9.98558E-05
9.9856E-05 9.9856E-05 9.9856E-05 9.9856E-05 9.9856E-05 9.9856E-05 9.9856E-05 9.9856E-05 0.191571 0.0116629 9.9856E-05 9.9856E-05 0.120959 9.9856E-05 9.9856E-05 0.674209 9.9856E-05 9.9856E-05 9.9856E-05 9.9856E-05
9.98293E-05 9.98293E-05 9.98293E-05 9.98293E-05 9.98293E-05 9.98293E-05 9.98293E-05 9.98293E-05 9.98293E-05 9.98293E-05 9.98293E-05 9.98293E-05 9.98293E-05 9.98293E-05 0.998103 9.98293E-05 9.98293E-05 9.98293E-05 9.98293E-05 9.98293E-05
9.98651E-05 9.98651E-05 9.98651E-05 0.0343564 9.98651E-05 0.0138612 9.98651E-05 0.0671838 9.98651E-05 0.00110852 9.98651E-05 9.98651E-05 0.881992 9.98651E-05 9.98651E-05 9.98651E-05 9.98651E-05 9.98651E-05 9.98651E-05 9.98651E-05
9.98832E-05 9.98832E-05 9.98832E-05 0.0223114 0.0461959 9.98832E-05 9.98832E-05 9.98832E-05 9.98832E-05 9.98832E-05 0.101945 9.98832E-05 0.390061 9.98832E-05 0.0399669 0.177591 0.220631 9.98832E-05 9.98832E-05 9.98832E-05
9.98561E-05 9.98561E-05 9.98561E-05 9.98561E-05 0.0298792 9.98561E-05 9.98561E-05 9.98561E-05 0.00216015 9.98561E-05 9.98561E-05 9.98561E-05 0.95615 9.98561E-05 9.98561E-05 9.98561E-05 9.98561E-05 9.98561E-05 9.98561E-05 0.0102129
9.98294E-05 9.98294E-05 9.98294E-05 9.98294E-05 9.98294E-05 9.98294E-05 9.98294E-05 9.98294E-05 9.98294E-05 9.98294E-05 0.998103 9.98294E-05 9.98294E-05 9.98294E-05 9.98294E-05 9.98294E-05 9.98294E-05 9.98294E-05 9.98294E-05 9.98294E-05
9.98828E-05 9.98828E-05 9.98828E-05 0.0736427 0.635286 0.00311057 9.98828E-05 9.98828E-05 9.98828E-05 9.98828E-05 9.98828E-05 9.98828E-05 0.0541829 9.98828E-05 0.0246108 0.114838 0.093031 9.98828E-05 9.98828E-05 9.98828E-05
9.98561E-05 9.98561E-05 0.0215813 0.0140121 9.98561E-05 9.98561E-05 9.98561E-05 9.98561E-05 9.98561E-05 9.98561E-05 0.944098 9.98561E-05 9.98561E-05 9.98561E-05 9.98561E-05 0.0187111 9.98561E-05 9.98561E-05 9.98561E-05 9.98561E-05
9.9838E-05 9.9838E-05 9.9838E-05 9.9838E-05 9.9838E-05 9.9838E-05 9.9838E-05 9.9838E-05 9.9838E-05 9.9838E-05 0.00501613 9.9838E-05 9.9838E-05 9.9838E-05 9.9838E-05 9.9838E-05 0.993187 9.9838E-05 9.9838E-05 9.9838E-05
9.98291E-05 9.98291E-05 9.98291E-05 9.98291E-05 9.98291E-05 9.98291E-05 9.98291E-05 9.98291E-05 9.98291E-05 9.98291E-05 9.98291E-05 9.98291E-05 9.98291E-05 9.98291E-05 9.98291E-05 9.98291E-05 0.998103 9.98291E-05 9.98291E-05 9.98291E-05
0.655198 0.0263796 9.98739E-05 9.98739E-05 9.98739E-05 0.130716 9.98739E-05 9.98739E-05 9.98739E-05 9.98739E-05 0.0060753 9.98739E-05 9.98739E-05 9.98739E-05 0.0484696 9.98739E-05 9.98739E-05 0.131763 9.98739E-05 9.98739E-05
9.98384E-05 9.98384E-05 9.98384E-05 9.98384E-05 0.0676824 9.98384E-05 9.98384E-05 9.98384E-05 9.98384E-05 9.98384E-05 9.98384E-05 9.98384E-05 9.98384E-05 9.98384E-05 9.98384E-05 9.98384E-05 9.98384E-05 0.930521 9.98384E-05 9.98384E-05
0.000366806 0.0381758 0.0153008 9.98651E-05 9.98651E-05 9.98651E-05 9.98651E-05 9.98651E-05 9.98651E-05 9.98651E-05 9.98651E-05 9.98651E-05 0.936807 9.98651E-05 9.98651E-05 0.00785168 9.98651E-05 9.98651E-05 9.98651E-05 9.98651E-05
9.98471E-05 9.98471E-05 9.98471E-05 9.98471E-05 9.98471E-05 9.98471E-05 9.98471E-05 9.98471E-05 9.98471E-05 0.00258771 9.98471E-05 9.98471E-05 0.976515 0.0191995 9.98471E-05 9.98471E-05 9.98471E-05 9.98471E-05 9.98471E-05 9.98471E-05
9.98651E-05 9.98651E-05 0.0492649 9.98651E-05 9.98651E-05 9.98651E-05 0.00182365 9.98651E-05 9.98651E-05 9.98651E-05 9.98651E-05 9.98651E-05 9.98651E-05 9.98651E-05 9.98651E-05 9.98651E-05 0.022488 0.118859 0.806066 9.98651E-05
9.98468E-05 9.98468E-05 0.976327 9.98468E-05 9.98468E-05 9.98468E-05 9.98468E-05 9.98468E-05 9.98468E-05 9.98468E-05 9.98468E-05 0.00876095 9.98468E-05 0.0132145 9.98468E-05 9.98468E-05 9.98468E-05 9.98468E-05 9.98468E-05 9.98468E-05
9.98293E-05 9.98293E-05 9.98293E-05 9.98293E-05 9.98293E-05 9.98293E-05 9.98293E-05 9.98293E-05 9.98293E-05 9.98293E-05 9.98293E-05 9.98293E-05 9.98293E-05 0.998103 9.98293E-05 9.98293E-05 9.98293E-05 9.98293E-05 9.98293E-05 9.98293E-05
9.98203E-05 9.98203E-05 9.98203E-05 9.98203E-05 9.98203E-05 9.98203E-05 0.998103 9.98203E-05 9.98203E-05 9.98203E-05 9.98203E-05 9.98203E-05 9.98203E-05 9.98203E-05 9.98203E-05 9.98203E-05 9.98203E-05 9.98203E-05 9.98203E-05 9.98203E-05
0.0829767 9.98827E-05 0.114789 9.98827E-05 9.98827E-05 0.0477002 0.0360628 9.98827E-05 9.98827E-05 0.0544048 9.98827E-05 9.98827E-05 9.98827E-05 9.98827E-05 9.98827E-05 9.98827E-05 0.28466 9.98827E-05 0.378109 9.98827E-05
9.98293E-05 0.998103 9.98293E-05 9.98293E-05 9.98293E-05 9.98293E-05 9.98293E-05 9.98293E-05 9.98293E-05 9.98293E-05 9.98293E-05 9.98293E-05 9.98293E-05 9.98293E-05 9.98293E-05 9.98293E-05 9.98293E-05 9.98293E-05 9.98293E-05 9.98293E-05
0.418263 9.98829E-05 0.0590185 9.98829E-05 9.98829E-05 9.98829E-05 9.98829E-05 9.98829E-05 0.251155 9.98829E-05 9.98829E-05 9.98829E-05 9.98829E-05 9.98829E-05 9.98829E-05 9.98829E-05 0.00537894 0.0726674 0.189145 0.00307334
9.98291E-05 9.98291E-05 9.98291E-05 9.98291E-05 9.98291E-05 9.98291E-05 9.98291E-05 9.98291E-05 9.98291E-05 9.98291E-05 9.98291E-05 0.998103 9.98291E-05 9.98291E-05 9.98291E-05 9.98291E-05 9.98291E-05 9.98291E-05 9.98291E-05 9.98291E-05
9.9847E-05 9.9847E-05 9.9847E-05 9.9847E-05 9.9847E-05 9.9847E-05 0.83202 9.9847E-05 9.9847E-05 9.9847E-05 9.9847E-05 0.11282 9.9847E-05 0.0534629 9.9847E-05 9.9847E-05 9.9847E-05 9.9847E-05 9.9847E-05 9.9847E-05
9.98472E-05 9.98472E-05 9.98472E-05 9.98472E-05 9.98472E-05 9.98472E-05 9.98472E-05 0.507953 9.98472E-05 9.98472E-05 9.98472E-05 9.98472E-05 0.436693 9.98472E-05 0.0536564 9.98472E-05 9.98472E-05 9.98472E-05 9.98472E-05 9.98472E-05
9.98384E-05 9.98384E-05 9.98384E-05 9.98384E-05 9.98384E-05 9.98384E-05 9.98384E-05 0.141637 9.98384E-05 9.98384E-05 9.98384E-05 9.98384E-05 0.856566 9.98384E-05 9.98384E-05 9.98384E-05 9.98384E-05 9.98384E-05 9.98384E-05 9.98384E-05
0.0498208 0.000532611 0.0240539 9.98918E-05 9.98918E-05 0.0364324 9.98918E-05 9.98918E-05 9.98918E-05 0.0868761 9.98918E-05 0.00405283 9.98918E-05 9.98918E-05 9.98918E-05 9.98918E-05 0.0171165 0.779916 9.98918E-05 9.98918E-05
9.98292E-05 9.98292E-05 9.98292E-05 9.98292E-05 9.98292E-05 9.98292E-05 9.98292E-05 0.998103 9.98292E-05 9.98292E-05 9.98292E-05 9.98292E-05 9.98292E-05 9.98292E-05 9.98292E-05 9.98292E-05 9.98292E-05 9.98292E-05 9.98292E-05 9.98292E-05
9.98382E-05 9.98382E-05 9.98382E-05 0.0033509 9.98382E-05 9.98382E-05 9.98382E-05 0.994852 9.98382E-05 9.98382E-05 9.98382E-05 9.98382E-05 9.98382E-05 9.98382E-05 9.98382E-05 9.98382E-05 9.98382E-05 9.98382E-05 9.98382E-05 9.98382E-05
9.98742E-05 9.98742E-05 9.98742E-05 0.135159 0.250711 0.0272038 9.98742E-05 0.170725 9.98742E-05 9.98742E-05 9.98742E-05 9.98742E-05 0.380627 9.98742E-05 9.98742E-05 9.98742E-05 9.98742E-05 9.98742E-05 9.98742E-05 0.0341764
9.98738E-05 9.98738E-05 9.98738E-05 0.0314139 0.603174 9.98738E-05 9.98738E-05 0.0596021 9.98738E-05 9.98738E-05 9.98738E-05 0.0318747 0.257053 9.98738E-05 9.98738E-05 9.98738E-05 0.0154844 9.98738E-05 9.98738E-05 9.98738E-05
9.98295E-05 9.98295E-05 9.98295E-05 9.98295E-05 9.98295E-05 9.98295E-05 9.98295E-05 9.98295E-05 9.98295E-05 9.98295E-05 9.98295E-05 9.98295E-05 9.98295E-05 9.98295E-05 9.98295E-05 0.998103 9.98295E-05 9.98295E-05 9.98295E-05 9.98295E-05
9.98563E-05 9.98563E-05 9.98563E-05 9.98563E-05 0.156958 9.98563E-05 9.98563E-05 0.299141 9.98563E-05 9.98563E-05 9.98563E-05 9.98563E-05 0.538256 9.98563E-05 0.0040477 9.98563E-05 9.98563E-05 9.98563E-05 9.98563E-05 9.98563E-05
9.98653E-05 9.98653E-05 9.98653E-05 0.68553 0.232754 9.98653E-05 9.98653E-05 0.00127045 9.98653E-05 0.046553 9.98653E-05 9.98653E-05 9.98653E-05 9.98653E-05 0.0323945 9.98653E-05 9.98653E-05 9.98653E-05 9.98653E-05 9.98653E-05
0.0047665 9.98826E-05 0.308935 9.98826E-05 0.0506308 0.101187 9.98826E-05 9.98826E-05 0.0371571 9.98826E-05 9.98826E-05 9.98826E-05 9.98826E-05 9.98826E-05 9.98826E-05 9.98826E-05 0.029575 0.46645 9.98826E-05 9.98826E-05
9.98649E-05 9.98649E-05 0.0169513 9.98649E-05 0.0316278 9.98649E-05 9.98649E-05 0.51702 0.0127293 9.98649E-05 9.98649E-05 9.98649E-05 0.420174 9.98649E-05 9.98649E-05 9.98649E-05 9.98649E-05 9.98649E-05 9.98649E-05 9.98649E-05
0.940523 9.98471E-05 9.98471E-05 9.98471E-05 0.0410312 9.98471E-05 9.98471E-05 9.98471E-05 9.98471E-05 9.98471E-05 9.98471E-05 9.98471E-05 9.98471E-05 9.98471E-05 0.0167485 9.98471E-05 9.98471E-05 9.98471E-05 9.98471E-05 9.98471E-05
0.0527914 9.9892E-05 0.0144444 9.9892E-05 0.00279954 9.9892E-05 9.9892E-05 9.9892E-05 9.9892E-05 0.673888 9.9892E-05 0.00345538 9.9892E-05 9.9892E-05 9.9892E-05 0.142612 0.106568 9.9892E-05 9.9892E-05 0.00224254
9.98469E-05 9.98469E-05 0.962823 9.98469E-05 0.028218 9.98469E-05 9.98469E-05 9.98469E-05 9.98469E-05 9.98469E-05 9.98469E-05 9.98469E-05 9.98469E-05 9.98469E-05 0.00726196 9.98469E-05 9.98469E-05 9.98469E-05 9.98469E-05 9.98469E-05
9.98381E-05 9.98381E-05 9.98381E-05 9.98381E-05 9.98381E-05 9.98381E-05 9.98381E-05 9.98381E-05 0.984585 9.98381E-05 9.98381E-05 9.98381E-05 0.0136184 9.98381E-05 9.98381E-05 9.98381E-05 9.98381E-05 9.98381E-05 9.98381E-05 9.98381E-05
0.00749403 9.98471E-05 9.98471E-05 9.98471E-05 9.98471E-05 0.00111676 9.98471E-05 9.98471E-05 0.989692 9.98471E-05 9.98471E-05 9.98471E-05 9.98471E-05 9.98471E-05 9.98471E-05 9.98471E-05 9.98471E-05 9.98471E-05 9.98471E-05 9.98471E-05
0.0535235 9.98827E-05 0.0554636 9.98827E-05 9.98827E-05 9.98827E-05 0.0248571 9.98827E-05 0.0172461 0.440777 9.98827E-05 9.98827E-05 9.98827E-05 9.98827E-05 9.98827E-05 9.98827E-05 0.406294 9.98827E-05 0.000540276 9.98827E-05
9.98651E-05 0.0118963 9.98651E-05 9.98651E-05 9.98651E-05 9.98651E-05 9.98651E-05 9.98651E-05 0.0305086 0.078834 0.0591909 9.98651E-05 9.98651E-05 9.98651E-05 9.98651E-05 9.98651E-05 9.98651E-05 9.98651E-05 0.818072 9.98651E-05
0.0772959 9.98918E-05 0.092864 9.98918E-05 9.98918E-05 0.0101532 9.98918E-05 9.98918E-05 9.98918E-05 0.238179 9.98918E-05 9.98918E-05 9.98918E-05 9.98918E-05 9.98918E-05 9.98918E-05 0.522288 0.0192903 0.0219401 0.0167915
9.98651E-05 9.98651E-05 9.98651E-05 9.98651E-05 9.98651E-05 0.0482091 0.0565514 9.98651E-05 9.98651E-05 0.676777 9.98651E-05 0.131502 9.98651E-05 9.98651E-05 9.98651E-05 9.98651E-05 9.98651E-05 0.0854622 9.98651E-05 9.98651E-05
0.0298927 9.98831E-05 0.028469 9.98831E-05 9.98831E-05 9.98831E-05 9.98831E-05 9.98831E-05 0.0065493 0.761074 9.98831E-05 9.98831E-05 0.0586118 9.98831E-05 9.98831E-05 9.98831E-05 9.98831E-05 9.98831E-05 0.0545822 0.0595223
0.182416 9.99009E-05 0.401894 0.079376 9.99009E-05 9.99009E-05 9.99009E-05 9.99009E-05 9.99009E-05 0.130765 0.0394849 9.99009E-05 0.0420539 9.99009E-05 9.99009E-05 9.99009E-05 0.0304521 0.0799675 9.99009E-05 0.0124924
0.9739 9.98482E-05 9.98482E-05 9.98482E-05 9.98482E-05 9.98482E-05 9.98482E-05 9.98482E-05 9.98482E-05 9.98482E-05 9.98482E-05 9.98482E-05 9.98482E-05 0.0242772 9.98482E-05 0.000125657 9.98482E-05 9.98482E-05 9.98482E-05 9.98482E-05
9.98382E-05 9.98382E-05 9.98382E-05 0.992108 9.98382E-05 9.98382E-05 9.98382E-05 9.98382E-05 9.98382E-05 9.98382E-05 9.98382E-05 9.98382E-05 9.98382E-05 9.98382E-05 0.00609467 9.98382E-05 9.98382E-05 9.98382E-05 9.98382E-05 9.98382E-05
9.98562E-05 9.98562E-05 9.98562E-05 0.980503 9.98562E-05 9.98562E-05 9.98562E-05 9.98562E-05 0.00406677 0.00993395 9.98562E-05 9.98562E-05 9.98562E-05 0.00389834 9.98562E-05 9.98562E-05 9.98562E-05 9.98562E-05 9.98562E-05 9.98562E-05
9.98473E-05 9.98473E-05 9.98473E-05 0.977414 9.98473E-05 9.98473E-05 9.98473E-05 9.98473E-05 0.0110153 9.98473E-05 9.98473E-05 9.98473E-05 9.98473E-05 9.98473E-05 9.98473E-05 9.98473E-05 9.98473E-05 9.98473E-05 0.00987351 9.98473E-05
9.98293E-05 9.98293E-05 9.98293E-05 0.998103 9.98293E-05 9.98293E-05 9.98293E-05 9.98293E-05 9.98293E-05 9.98293E-05 9.98293E-05 9.98293E-05 9.98293E-05 9.98293E-05 9.98293E-05 9.98293E-05 9.98293E-05 9.98293E-05 9.98293E-05 9.98293E-05
9.98293E-05 9.98293E-05 9.98293E-05 0.998103 9.98293E-05 9.98293E-05 9.98293E-05 9.98293E-05 9.98293E-05 9.98293E-05 9.98293E-05 9.98293E-05 9.98293E-05 9.98293E-05 9.98293E-05 9.98293E-05 9.98293E-05 9.98293E-05 9.98293E-05 9.98293E-05
9.99101E-05 0.0218746 9.99101E-05 0.316324 0.326928 9.99101E-05 9.99101E-05 0.0575005 9.99101E-05 9.99101E-05 0.0592626 0.0791148 9.99101E-05 9.99101E-05 0.0100108 0.072301 0.0243782 9.99101E-05 0.0313065 9.99101E-05
0.0157628 9.98652E-05 9.98652E-05 0.917918 9.98652E-05 9.98652E-05 9.98652E-05 9.98652E-05 0.00194053 9.98652E-05 9.98652E-05 9.98652E-05 9.98652E-05 9.98652E-05 9.98652E-05 0.0435415 9.98652E-05 9.98652E-05 0.019339 9.98652E-05
0.757091 9.98648E-05 0.00900593 9.98648E-05 9.98648E-05 9.98648E-05 9.98648E-05 9.98648E-05 9.98648E-05 9.98648E-05 9.98648E-05 9.98648E-05 9.98648E-05 9.98648E-05 9.98648E-05 9.98648E-05 0.00538499 0.0368276 0.190192 9.98648E-05
9.98559E-05 9.98559E-05 9.98559E-05 0.00961589 9.98559E-05 9.98559E-05 9.98559E-05 0.0360932 9.98559E-05 9.98559E-05 0.0419708 9.98559E-05 9.98559E-05 9.98559E-05 9.98559E-05 0.910722 9.98559E-05 9.98559E-05 9.98559E-05 9.98559E-05
9.9856E-05 9.9856E-05 9.9856E-05 9.9856E-05 9.9856E-05 9.9856E-05 9.9856E-05 0.294713 0.00982615 9.9856E-05 9.9856E-05 9.9856E-05 0.687519 9.9856E-05 0.00634444 9.9856E-05 9.9856E-05 9.9856E-05 9.9856E-05 9.9856E-05
9.98652E-05 0.0212884 9.98652E-05 0.00276194 9.98652E-05 0.0125273 9.98652E-05 9.98652E-05 0.131383 9.98652E-05 9.98652E-05 9.98652E-05 9.98652E-05 9.98652E-05 9.98652E-05 9.98652E-05 9.98652E-05 0.830541 9.98652E-05 9.98652E-05
0.00630781 9.98476E-05 9.98476E-05 9.98476E-05 9.98476E-05 9.98476E-05 9.98476E-05 9.98476E-05 9.98476E-05 9.98476E-05 9.98476E-05 9.98476E-05 9.98476E-05 9.98476E-05 9.98476E-05 9.98476E-05 9.98476E-05 0.0606991 0.931296 9.98476E-05
9.98387E-05 9.98387E-05 9.98387E-05 9.98387E-05 9.98387E-05 9.98387E-05 9.98387E-05 9.98387E-05 9.98387E-05 9.98387E-05 0.0172815 9.98387E-05 9.98387E-05 9.98387E-05 9.98387E-05 9.98387E-05 9.98387E-05 0.980921 9.98387E-05 9.98387E-05
0.00443154 9.98559E-05 9.98559E-05 9.98559E-05 9.98559E-05 9.98559E-05 9.98559E-05 9.98559E-05 9.98559E-05 0.107955 9.98559E-05 9.98559E-05 9.98559E-05 0.00438149 9.98559E-05 9.98559E-05 9.98559E-05 0.881635 9.98559E-05 9.98559E-05
9.98738E-05 9.98738E-05 0.0112702 9.98738E-05 9.98738E-05 0.0154673 0.0218086 9.98738E-05 0.00862564 9.98738E-05 9.98738E-05 9.98738E-05 9.98738E-05 9.98738E-05 9.98738E-05 9.98738E-05 0.0968156 0.844614 9.98738E-05 9.98738E-05
9.98294E-05 9.98294E-05 9.98294E-05 9.98294E-05 9.98294E-05 9.98294E-05 9.98294E-05 9.98294E-05 9.98294E-05 9.98294E-05 9.98294E-05 9.98294E-05 9.98294E-05 9.98294E-05 9.98294E-05 9.98294E-05 9.98294E-05 9.98294E-05 9.98294E-05 0.998103
9.98387E-05 9.98387E-05 9.98387E-05 9.98387E-05 9.98387E-05 9.98387E-05 9.98387E-05 0.71802 9.98387E-05 9.98387E-05 9.98387E-05 9.98387E-05 0.280183 9.98387E-05 9.98387E-05 9.98387E-05 9.98387E-05 9.98387E-05 9.98387E-05 9.98387E-05
9.9919E-05 0.0133839 0.156563 9.9919E-05 9.9919E-05 0.0596654 9.9919E-05 0.363492 9.9919E-05 0.0335838 0.0153274 0.00278552 9.9919E-05 0.0681671 9.9919E-05 0.142933 0.0928551 0.0503448 9.9919E-05 9.9919E-05
9.98833E-05 9.98833E-05 9.98833E-05 9.98833E-05 0.0218206 9.98833E-05 9.98833E-05 0.0380975 9.98833E-05 0.011282 0.0157584 9.98833E-05 0.767661 9.98833E-05 0.139909 9.98833E-05 9.98833E-05 9.98833E-05 0.00417266 9.98833E-05
9.9901E-05 9.9901E-05 0.0151257 0.00476305 0.0340869 9.9901E-05 9.9901E-05 0.173885 0.0197898 9.9901E-05 0.0137069 0.00771275 0.714662 9.9901E-05 0.0151686 9.9901E-05 9.9901E-05 9.9901E-05 9.9901E-05 9.9901E-05
9.98627E-05 9.98627E-05 9.98627E-05 9.98627E-05 9.98627E-05 9.98627E-05 9.98627E-05 0.972341 9.98627E-05 9.98627E-05 0.0156341 0.00108828 9.98627E-05 9.98627E-05 9.98627E-05 9.98627E-05 9.98627E-05 9.98627E-05 0.00933897 9.98627E-05
9.98292E-05 9.98292E-05 9.98292E-05 9.98292E-05 9.98292E-05 9.98292E-05 9.98292E-05 0.998103 9.98292E-05 9.98292E-05 9.98292E-05 9.98292E-05 9.98292E-05 9.98292E-05 9.98292E-05 9.98292E-05 9.98292E-05 9.98292E-05 9.98292E-05 9.98292E-05
0.00646097 9.98832E-05 9.98832E-05 9.98832E-05 0.123963 0.0140273 9.98832E-05 0.125332 0.00836204 9.98832E-05 9.98832E-05 9.98832E-05 0.664844 9.98832E-05 9.98832E-05 9.98832E-05 0.055712 9.98832E-05 9.98832E-05 9.98832E-05
9.9865E-05 9.9865E-05 0.0154256 9.9865E-05 0.00481145 9.9865E-05 9.9865E-05 0.397447 0.00798084 9.9865E-05 9.9865E-05 9.9865E-05 0.572837 9.9865E-05 9.9865E-05 9.9865E-05 9.9865E-05 9.9865E-05 9.9865E-05 9.9865E-05
9.98291E-05 9.98291E-05 9.98291E-05 9.98291E-05 0.998103 9.98291E-05 9.98291E-05 9.98291E-05 9.98291E-05 9.98291E-05 9.98291E-05 9.98291E-05 9.98291E-05 9.98291E-05 9.98291E-05 9.98291E-05 9.98291E-05 9.98291E-05 9.98291E-05 9.98291E-05
9.98472E-05 9.98472E-05 9.98472E-05 9.98472E-05 0.945522 9.98472E-05 9.98472E-05 9.98472E-05 9.98472E-05 9.98472E-05 0.0391512 9.98472E-05 9.98472E-05 9.98472E-05 9.98472E-05 9.98472E-05 9.98472E-05 0.0136293 9.98472E-05 9.98472E-05
9.98652E-05 9.98652E-05 9.98652E-05 0.0232333 9.98652E-05 9.98652E-05 9.98652E-05 0.13161 9.98652E-05 9.98652E-05 9.98652E-05 0.0242794 0.808829 9.98652E-05 0.0105507 9.98652E-05 9.98652E-05 9.98652E-05 9.98652E-05 9.98652E-05
9.9892E-05 9.9892E-05 9.9892E-05 0.00548915 9.9892E-05 0.00384984 9.9892E-05 9.9892E-05 0.00228507 9.9892E-05 9.9892E-05 0.0116925 0.0170486 9.9892E-05 0.00701116 0.013102 9.9892E-05 9.9892E-05 0.938323 9.9892E-05
9.98291E-05 9.98291E-05 9.98291E-05 9.98291E-05 9.98291E-05 9.98291E-05 9.98291E-05 9.98291E-05 9.98291E-05 9.98291E-05 9.98291E-05 9.98291E-05 9.98291E-05 9.98291E-05 9.98291E-05 9.98291E-05 9.98291E-05 9.98291E-05 0.998103 9.98291E-05
9.98383E-05 9.98383E-05 9.98383E-05 9.98383E-05 9.98383E-05 0.988512 9.98383E-05 9.98383E-05 0.00969132 9.98383E-05 9.98383E-05 9.98383E-05 9.98383E-05 9.98383E-05 9.98383E-05 9.98383E-05 9.98383E-05 9.98383E-05 9.98383E-05 9.98383E-05
0.0059339 9.98384E-05 9.98384E-05 9.98384E-05 9.98384E-05 0.992269 9.98384E-05 9.98384E-05 9.98384E-05 9.98384E-05 9.98384E-05 9.98384E-05 9.98384E-05 9.98384E-05 9.98384E-05 9.98384E-05 9.98384E-05 9.98384E-05 9.98384E-05 9.98384E-05
9.98289E-05 9.98289E-05 9.98289E-05 9.98289E-05 9.98289E-05 9.98289E-05 9.98289E-05 9.98289E-05 9.98289E-05 0.998103 9.98289E-05 9.98289E-05 9.98289E-05 9.98289E-05 9.98289E-05 9.98289E-05 9.98289E-05 9.98289E-05 9.98289E-05 9.98289E-05
9.9829E-05 9.9829E-05 9.9829E-05 9.9829E-05 9.9829E-05 9.9829E-05 9.9829E-05 9.9829E-05 9.9829E-05 0.998103 9.9829E-05 9.9829E-05 9.9829E-05 9.9829E-05 9.9829E-05 9.9829E-05 9.9829E-05 9.9829E-05 9.9829E-05 9.9829E-05
9.98474E-05 9.98474E-05 9.98474E-05 9.98474E-05 9.98474E-05 0.958456 9.98474E-05 9.98474E-05 9.98474E-05 9.98474E-05 9.98474E-05 0.0204309 9.98474E-05 9.98474E-05 9.98474E-05 9.98474E-05 9.98474E-05 9.98474E-05 0.019416 9.98474E-05
9.98294E-05 9.98294E-05 9.98294E-05 9.98294E-05 9.98294E-05 0.998103 9.98294E-05 9.98294E-05 9.98294E-05 9.98294E-05 9.98294E-05 9.98294E-05 9.98294E-05 9.98294E-05 9.98294E-05 9.98294E-05 9.98294E-05 9.98294E-05 9.98294E-05 9.98294E-05
0.919584 9.98649E-05 9.98649E-05 0.00814571 9.98649E-05 9.98649E-05 9.98649E-05 9.98649E-05 9.98649E-05 9.98649E-05 0.0127325 9.98649E-05 9.98649E-05 9.98649E-05 9.98649E-05 9.98649E-05 9.98649E-05 0.0117589 0.0462808 9.98649E-05
9.9865E-05 9.9865E-05 9.9865E-05 9.9865E-05 9.9865E-05 9.9865E-05 0.0153066 9.9865E-05 0.675889 9.9865E-05 0.123344 9.9865E-05 9.9865E-05 9.9865E-05 9.9865E-05 9.9865E-05 9.9865E-05 0.115802 0.0681607 9.9865E-05
9.9847E-05 9.9847E-05 9.9847E-05 0.0220741 9.9847E-05 9.9847E-05 9.9847E-05 9.9847E-05 9.9847E-05 9.9847E-05 0.0747654 9.9847E-05 9.9847E-05 9.9847E-05 9.9847E-05 0.901463 9.9847E-05 9.9847E-05 9.9847E-05 9.9847E-05
9.98834E-05 9.98834E-05 0.541043 9.98834E-05 9.98834E-05 9.98834E-05 0.123525 9.98834E-05 9.98834E-05 0.130614 9.98834E-05 0.0305271 0.0410935 9.98834E-05 9.98834E-05 9.98834E-05 0.00734525 0.124554 9.98834E-05 9.98834E-05
0.0931186 0.0594113 0.538023 9.98831E-05 9.98831E-05 0.0761295 0.020594 9.98831E-05 9.98831E-05 9.98831E-05 9.98831E-05 9.98831E-05 9.98831E-05 9.98831E-05 9.98831E-05 9.98831E-05 9.98831E-05 0.202085 0.00933957 9.98831E-05
9.98831E-05 0.0523477 9.98831E-05 0.0122077 0.661546 0.00761369 9.98831E-05 0.238284 9.98831E-05 9.98831E-05 9.98831E-05 0.0195979 9.98831E-05 9.98831E-05 9.98831E-05 9.98831E-05 0.00710493 9.98831E-05 9.98831E-05 9.98831E-05
