9.99189E-05 0.0773016 0.914307 9.99189E-05 0.00233653 9.99189E-05 9.99189E-05 9.99189E-05 9.99189E-05 9.99189E-05 9.99189E-05 0.00515595 9.99189E-05
9.99186E-05 9.99186E-05 0.151239 9.99186E-05 9.99186E-05 9.99186E-05 0.499269 9.99186E-05 9.99186E-05 9.99186E-05 0.272696 0.0758962 9.99186E-05
0.0913026 9.99375E-05 9.99375E-05 9.99375E-05 0.0548175 9.99375E-05 0.113049 0.0642635 9.99375E-05 0.0307189 0.645149 9.99375E-05 9.99375E-05
9.9919E-05 9.9919E-05 9.9919E-05 9.9919E-05 0.0220287 0.0106534 9.9919E-05 0.0325291 9.9919E-05 9.9919E-05 0.93389 9.9919E-05 9.9919E-05
9.994E-05 0.0346698 0.00605362 0.0761004 9.994E-05 0.0302203 0.427839 9.994E-05 9.994E-05 9.994E-05 0.412163 0.012354 9.994E-05
9.9892E-05 9.9892E-05 9.9892E-05 9.9892E-05 9.9892E-05 9.9892E-05 9.9892E-05 9.9892E-05 9.9892E-05 9.9892E-05 0.998801 9.9892E-05 9.9892E-05
0.174569 9.9901E-05 9.9901E-05 9.9901E-05 9.9901E-05 9.9901E-05 0.824332 9.9901E-05 9.9901E-05 9.9901E-05 9.9901E-05 9.9901E-05 9.9901E-05
9.99371E-05 0.0578887 9.99371E-05 9.99371E-05 0.00566774 0.210329 0.27145 0.299269 9.99371E-05 9.99371E-05 0.154696 9.99371E-05 9.99371E-05
0.124458 9.99099E-05 9.99099E-05 9.99099E-05 9.99099E-05 9.99099E-05 0.836946 9.99099E-05 9.99099E-05 9.99099E-05 9.99099E-05 9.99099E-05 0.0375969
9.99012E-05 0.949863 9.99012E-05 9.99012E-05 9.99012E-05 9.99012E-05 0.0490385 9.99012E-05 9.99012E-05 9.99012E-05 9.99012E-05 9.99012E-05 9.99012E-05
9.99012E-05 0.9396 9.99012E-05 9.99012E-05 9.99012E-05 9.99012E-05 0.059301 9.99012E-05 9.99012E-05 9.99012E-05 9.99012E-05 9.99012E-05 9.99012E-05
0.124494 9.9928E-05 0.67708 0.0471963 0.122602 9.9928E-05 9.9928E-05 0.0278288 9.9928E-05 9.9928E-05 9.9928E-05 9.9928E-05 9.9928E-05
0.95906 9.99103E-05 9.99103E-05 0.0124809 9.99103E-05 9.99103E-05 9.99103E-05 0.0274599 9.99103E-05 9.99103E-05 9.99103E-05 9.99103E-05 9.99103E-05
0.00756153 9.9928E-05 0.011396 0.00868913 9.9928E-05 9.9928E-05 9.9928E-05 9.9928E-05 0.0144484 9.9928E-05 0.957106 9.9928E-05 9.9928E-05
9.9901E-05 9.9901E-05 0.038752 9.9901E-05 9.9901E-05 9.9901E-05 9.9901E-05 9.9901E-05 9.9901E-05 9.9901E-05 0.960149 9.9901E-05 9.9901E-05
0.0801666 9.99099E-05 9.99099E-05 0.165237 9.99099E-05 9.99099E-05 9.99099E-05 9.99099E-05 9.99099E-05 9.99099E-05 9.99099E-05 9.99099E-05 0.753597
9.9901E-05 0.0168855 9.9901E-05 9.9901E-05 9.9901E-05 9.9901E-05 9.9901E-05 9.9901E-05 9.9901E-05 9.9901E-05 9.9901E-05 0.982016 9.9901E-05
9.99549E-05 0.0514893 9.99549E-05 9.99549E-05 0.017632 0.00243435 0.0240435 9.99549E-05 0.844425 0.0140877 9.99549E-05 0.0356098 0.00977888
0.0167108 9.99011E-05 9.99011E-05 9.99011E-05 9.99011E-05 9.99011E-05 9.99011E-05 9.99011E-05 9.99011E-05 0.98219 9.99011E-05 9.99011E-05 9.99011E-05
9.99369E-05 0.453479 0.066313 0.172559 0.019599 9.99369E-05 9.99369E-05 9.99369E-05 9.99369E-05 9.99369E-05 9.99369E-05 0.0096683 0.277681
9.9901E-05 9.9901E-05 9.9901E-05 9.9901E-05 9.9901E-05 9.9901E-05 9.9901E-05 9.9901E-05 0.208849 0.790052 9.9901E-05 9.9901E-05 9.9901E-05
0.0431253 0.0833991 0.492281 0.0080717 0.0183473 9.99549E-05 9.99549E-05 9.99549E-05 0.00393427 9.99549E-05 9.99549E-05 0.090483 0.259858
9.9937E-05 0.108968 9.9937E-05 9.9937E-05 0.175493 0.0233611 0.00731863 9.9937E-05 9.9937E-05 0.454334 9.9937E-05 0.229826 9.9937E-05
9.99009E-05 0.0588326 9.99009E-05 9.99009E-05 9.99009E-05 9.99009E-05 9.99009E-05 9.99009E-05 9.99009E-05 0.940068 9.99009E-05 9.99009E-05 9.99009E-05
9.99011E-05 9.99011E-05 9.99011E-05 9.99011E-05 9.99011E-05 9.99011E-05 9.99011E-05 0.613746 9.99011E-05 9.99011E-05 0.385155 9.99011E-05 9.99011E-05
9.9901E-05 9.9901E-05 9.9901E-05 9.9901E-05 9.9901E-05 9.9901E-05 9.9901E-05 0.210648 9.9901E-05 9.9901E-05 0.788253 9.9901E-05 9.9901E-05
0.739825 0.0782021 0.0678606 9.99278E-05 0.0259306 9.99278E-05 9.99278E-05 9.99278E-05 9.99278E-05 9.99278E-05 9.99278E-05 0.0873827 9.99278E-05
9.99009E-05 9.99009E-05 9.99009E-05 9.99009E-05 0.0107946 9.99009E-05 9.99009E-05 0.988107 9.99009E-05 9.99009E-05 9.99009E-05 9.99009E-05 9.99009E-05
9.98919E-05 9.98919E-05 9.98919E-05 9.98919E-05 9.98919E-05 9.98919E-05 9.98919E-05 0.998801 9.98919E-05 9.98919E-05 9.98919E-05 9.98919E-05 9.98919E-05
9.99551E-05 9.99551E-05 9.99551E-05 0.0241467 0.032797 0.197431 0.00232563 0.266577 0.037601 9.99551E-05 0.398243 0.040378 9.99551E-05
9.9937E-05 9.9937E-05 9.9937E-05 9.9937E-05 0.00631255 0.227861 0.0778723 0.189979 9.9937E-05 9.9937E-05 0.451963 0.0453121 9.9937E-05
9.9928E-05 9.9928E-05 0.0982566 9.9928E-05 0.00593647 0.146117 0.681225 9.9928E-05 9.9928E-05 9.9928E-05 0.0676655 9.9928E-05 9.9928E-05
9.99102E-05 9.99102E-05 9.99102E-05 9.99102E-05 9.99102E-05 9.99102E-05 9.99102E-05 0.429008 9.99102E-05 9.99102E-05 0.550945 9.99102E-05 0.0190478
9.99192E-05 9.99192E-05 9.99192E-05 9.99192E-05 0.00365511 0.767751 0.0907263 0.136968 9.99192E-05 9.99192E-05 9.99192E-05 9.99192E-05 9.99192E-05
0.445494 0.0312151 0.0539352 0.0488838 0.110524 9.99458E-05 9.99458E-05 0.0356279 9.99458E-05 9.99458E-05 9.99458E-05 0.273721 9.99458E-05
9.99188E-05 9.99188E-05 9.99188E-05 0.0223121 9.99188E-05 9.99188E-05 9.99188E-05 0.567966 9.99188E-05 9.99188E-05 0.401478 0.0073451 9.99188E-05
9.99191E-05 9.99191E-05 0.967595 0.0103182 9.99191E-05 9.99191E-05 9.99191E-05 0.0180873 9.99191E-05 9.99191E-05 0.00310072 9.99191E-05 9.99191E-05
9.99459E-05 0.667774 0.112094 9.99459E-05 9.99459E-05 0.0294979 0.086442 9.99459E-05 0.0147216 9.99459E-05 0.0464018 0.0424693 9.99459E-05
9.9901E-05 9.9901E-05 9.9901E-05 9.9901E-05 9.9901E-05 9.9901E-05 9.9901E-05 9.9901E-05 9.9901E-05 9.9901E-05 0.0119839 0.986917 9.9901E-05
9.99368E-05 0.248945 0.239537 9.99368E-05 9.99368E-05 9.99368E-05 9.99368E-05 9.99368E-05 0.0343687 9.99368E-05 0.137706 0.124032 0.214712
9.99367E-05 0.313176 0.297293 9.99367E-05 9.99367E-05 9.99367E-05 9.99367E-05 9.99367E-05 0.0730858 9.99367E-05 0.0643443 0.101182 0.150219
9.9919E-05 0.947745 0.0265121 0.0232228 9.9919E-05 9.9919E-05 9.9919E-05 9.9919E-05 9.9919E-05 9.9919E-05 9.9919E-05 0.00162035 9.9919E-05
0.095111 0.0336329 0.00467433 9.9928E-05 9.9928E-05 9.9928E-05 9.9928E-05 9.9928E-05 0.0263894 9.9928E-05 9.9928E-05 9.9928E-05 0.839393
9.9901E-05 0.867221 9.9901E-05 0.13168 9.9901E-05 9.9901E-05 9.9901E-05 9.9901E-05 9.9901E-05 9.9901E-05 9.9901E-05 9.9901E-05 9.9901E-05
0.117221 0.361181 0.0248299 0.196458 0.0626742 9.99549E-05 0.0278636 9.99549E-05 9.99549E-05 0.123879 9.99549E-05 9.99549E-05 0.0853945
9.9946E-05 0.403817 0.121692 0.188498 9.9946E-05 0.0033333 9.9946E-05 9.9946E-05 0.0375224 9.9946E-05 0.0550831 9.9946E-05 0.189455
0.0265478 0.205126 0.152175 0.41618 9.99549E-05 0.0279041 0.0538942 9.99549E-05 9.99549E-05 9.99549E-05 0.0707304 0.0469433 9.99549E-05
9.99017E-05 9.99017E-05 0.976537 9.99017E-05 9.99017E-05 9.99017E-05 9.99017E-05 9.99017E-05 0.0223636 9.99017E-05 9.99017E-05 9.99017E-05 9.99017E-05
9.9892E-05 9.9892E-05 9.9892E-05 9.9892E-05 9.9892E-05 0.998801 9.9892E-05 9.9892E-05 9.9892E-05 9.9892E-05 9.9892E-05 9.9892E-05 9.9892E-05
9.98921E-05 9.98921E-05 9.98921E-05 9.98921E-05 9.98921E-05 0.998801 9.98921E-05 9.98921E-05 9.98921E-05 9.98921E-05 9.98921E-05 9.98921E-05 9.98921E-05
9.99101E-05 9.99101E-05 9.99101E-05 0.000257573 9.99101E-05 0.982474 9.99101E-05 9.99101E-05 9.99101E-05 9.99101E-05 9.99101E-05 9.99101E-05 0.0162696
9.99011E-05 9.99011E-05 0.00492783 9.99011E-05 9.99011E-05 0.993973 9.99011E-05 9.99011E-05 9.99011E-05 9.99011E-05 9.99011E-05 9.99011E-05 9.99011E-05
9.9892E-05 9.9892E-05 9.9892E-05 9.9892E-05 9.9892E-05 0.998801 9.9892E-05 9.9892E-05 9.9892E-05 9.9892E-05 9.9892E-05 9.9892E-05 9.9892E-05
9.99373E-05 9.99373E-05 9.99373E-05 9.99373E-05 9.99373E-05 0.488255 0.148464 0.169821 9.99373E-05 0.0362007 0.0753277 9.99373E-05 0.0812317
9.9919E-05 9.9919E-05 0.0290632 9.9919E-05 9.9919E-05 0.909694 0.0559093 9.9919E-05 9.9919E-05 9.9919E-05 9.9919E-05 9.9919E-05 0.00443418
9.99098E-05 9.99098E-05 0.790934 0.0522752 9.99098E-05 9.99098E-05 9.99098E-05 9.99098E-05 9.99098E-05 9.99098E-05 9.99098E-05 9.99098E-05 0.155792
9.99277E-05 9.99277E-05 0.102548 9.99277E-05 0.0121047 0.136356 0.674822 0.0733698 9.99277E-05 9.99277E-05 9.99277E-05 9.99277E-05 9.99277E-05
9.99098E-05 9.99098E-05 9.99098E-05 9.99098E-05 9.99098E-05 9.99098E-05 9.99098E-05 0.373094 9.99098E-05 9.99098E-05 0.624096 0.00181103 9.99098E-05
0.8589 9.9928E-05 0.0261119 9.9928E-05 0.0376834 0.00257853 9.9928E-05 9.9928E-05 9.9928E-05 9.9928E-05 9.9928E-05 9.9928E-05 0.0739265
0.031313 9.99101E-05 9.99101E-05 0.15569 9.99101E-05 9.99101E-05 9.99101E-05 9.99101E-05 9.99101E-05 9.99101E-05 9.99101E-05 9.99101E-05 0.811998
0.998801 9.98924E-05 9.98924E-05 9.98924E-05 9.98924E-05 9.98924E-05 9.98924E-05 9.98924E-05 9.98924E-05 9.98924E-05 9.98924E-05 9.98924E-05 9.98924E-05
0.878247 0.0994561 9.99189E-05 9.99189E-05 9.99189E-05 9.99189E-05 9.99189E-05 9.99189E-05 9.99189E-05 9.99189E-05 0.0188138 9.99189E-05 0.00258386
0.781351 0.0794245 9.99278E-05 0.0846879 0.0518685 9.99278E-05 9.99278E-05 9.99278E-05 9.99278E-05 9.99278E-05 9.99278E-05 0.00186909 9.99278E-05
9.9892E-05 9.9892E-05 9.9892E-05 9.9892E-05 9.9892E-05 9.9892E-05 9.9892E-05 9.9892E-05 0.998801 9.9892E-05 9.9892E-05 9.9892E-05 9.9892E-05
9.99013E-05 9.99013E-05 9.99013E-05 9.99013E-05 9.99013E-05 9.99013E-05 9.99013E-05 0.599595 9.99013E-05 9.99013E-05 0.399306 9.99013E-05 9.99013E-05
0.075592 0.103234 9.99551E-05 0.0872579 0.030361 0.195988 9.99551E-05 9.99551E-05 9.99551E-05 0.0682355 0.23753 9.99551E-05 0.201303
9.99103E-05 9.99103E-05 9.99103E-05 9.99103E-05 9.99103E-05 9.99103E-05 9.99103E-05 0.103587 9.99103E-05 9.99103E-05 0.856699 9.99103E-05 0.0387142
9.99189E-05 9.99189E-05 0.011838 9.99189E-05 9.99189E-05 9.99189E-05 9.99189E-05 0.248955 9.99189E-05 9.99189E-05 0.706928 0.0313794 9.99189E-05
9.99009E-05 9.99009E-05 9.99009E-05 9.99009E-05 9.99009E-05 9.99009E-05 9.99009E-05 0.976903 9.99009E-05 9.99009E-05 9.99009E-05 9.99009E-05 0.0219982
9.99011E-05 9.99011E-05 0.00539851 9.99011E-05 9.99011E-05 9.99011E-05 9.99011E-05 0.993503 9.99011E-05 9.99011E-05 9.99011E-05 9.99011E-05 9.99011E-05
9.99281E-05 0.0657349 9.99281E-05 9.99281E-05 9.99281E-05 9.99281E-05 0.00834045 0.250328 9.99281E-05 9.99281E-05 0.669208 0.00558936 9.99281E-05
9.99098E-05 9.99098E-05 9.99098E-05 9.99098E-05 9.99098E-05 9.99098E-05 9.99098E-05 0.48373 9.99098E-05 9.99098E-05 0.50865 0.00662106 9.99098E-05
9.99283E-05 9.99283E-05 9.99283E-05 9.99283E-05 9.99283E-05 0.190492 0.289408 0.42746 9.99283E-05 9.99283E-05 0.0884918 0.00334881 9.99283E-05
0.0445692 9.99194E-05 9.99194E-05 9.99194E-05 9.99194E-05 0.0126339 0.36084 0.581058 9.99194E-05 9.99194E-05 9.99194E-05 9.99194E-05 9.99194E-05
9.99191E-05 9.99191E-05 9.99191E-05 9.99191E-05 9.99191E-05 0.0141192 9.99191E-05 0.0630462 9.99191E-05 9.99191E-05 0.892073 9.99191E-05 0.0298623
9.991E-05 9.991E-05 9.991E-05 9.991E-05 0.00330941 0.0362829 9.991E-05 9.991E-05 9.991E-05 9.991E-05 9.991E-05 9.991E-05 0.959409
9.9901E-05 9.9901E-05 9.9901E-05 9.9901E-05 9.9901E-05 0.00376953 9.9901E-05 9.9901E-05 9.9901E-05 9.9901E-05 9.9901E-05 9.9901E-05 0.995132
9.99011E-05 9.99011E-05 0.0053821 9.99011E-05 0.993519 9.99011E-05 9.99011E-05 9.99011E-05 9.99011E-05 9.99011E-05 9.99011E-05 9.99011E-05 9.99011E-05
0.0160711 9.99012E-05 9.99012E-05 9.99012E-05 0.98283 9.99012E-05 9.99012E-05 9.99012E-05 9.99012E-05 9.99012E-05 9.99012E-05 9.99012E-05 9.99012E-05
0.0469277 0.82442 0.0291674 9.99279E-05 9.99279E-05 9.99279E-05 9.99279E-05 0.017096 9.99279E-05 9.99279E-05 9.99279E-05 9.99279E-05 0.0815897
0.100553 0.813804 0.00805178 9.99369E-05 9.99369E-05 9.99369E-05 9.99369E-05 0.0279977 0.00191892 9.99369E-05 9.99369E-05 9.99369E-05 0.0469753
9.99102E-05 9.99102E-05 9.99102E-05 9.99102E-05 0.976795 9.99102E-05 0.00326339 9.99102E-05 9.99102E-05 9.99102E-05 9.99102E-05 0.0189428 9.99102E-05
9.98921E-05 9.98921E-05 9.98921E-05 9.98921E-05 0.998801 9.98921E-05 9.98921E-05 9.98921E-05 9.98921E-05 9.98921E-05 9.98921E-05 9.98921E-05 9.98921E-05
0.0450138 9.99189E-05 0.933005 9.99189E-05 9.99189E-05 0.00152159 9.99189E-05 9.99189E-05 9.99189E-05 9.99189E-05 9.99189E-05 9.99189E-05 0.0195608
0.212569 0.118236 0.0326032 9.994E-05 9.994E-05 9.994E-05 0.148409 9.994E-05 0.116725 9.994E-05 9.994E-05 0.00256234 0.368296
9.99278E-05 9.99278E-05 0.0707108 9.99278E-05 0.00349236 0.161432 0.740696 9.99278E-05 9.99278E-05 9.99278E-05 0.0228696 9.99278E-05 9.99278E-05
9.9901E-05 0.00353719 9.9901E-05 0.995364 9.9901E-05 9.9901E-05 9.9901E-05 9.9901E-05 9.9901E-05 9.9901E-05 9.9901E-05 9.9901E-05 9.9901E-05
0.00911732 9.99191E-05 9.99191E-05 0.903404 0.014787 9.99191E-05 9.99191E-05 9.99191E-05 9.99191E-05 9.99191E-05 9.99191E-05 0.0717925 9.99191E-05
9.99373E-05 9.99373E-05 9.99373E-05 9.99373E-05 0.024199 0.134754 0.158875 0.428622 9.99373E-05 0.0363756 0.216475 9.99373E-05 9.99373E-05
