9.99098E-05 9.99098E-05 0.943131 9.99098E-05 9.99098E-05 9.99098E-05 0.00283912 9.99098E-05 9.99098E-05 0.0530303 9.99098E-05 9.99098E-05 9.99098E-05
0.10048 0.144497 0.0289834 9.99279E-05 9.99279E-05 9.99279E-05 9.99279E-05 9.99279E-05 9.99279E-05 9.99279E-05 0.719685 9.99279E-05 0.005555
0.020491 0.46528 9.99465E-05 0.12639 9.99465E-05 9.99465E-05 0.0259429 9.99465E-05 0.0186086 9.99465E-05 0.0319523 0.310736 9.99465E-05
9.9919E-05 0.903763 9.9919E-05 0.0582265 0.0171582 9.9919E-05 0.0199528 9.9919E-05 9.9919E-05 9.9919E-05 9.9919E-05 9.9919E-05 9.9919E-05
9.99461E-05 0.349328 0.0529099 9.99461E-05 0.0399226 0.0109873 9.99461E-05 9.99461E-05 9.99461E-05 0.17632 0.148673 0.22126 9.99461E-05
9.9901E-05 0.986603 9.9901E-05 9.9901E-05 9.9901E-05 0.0122985 9.9901E-05 9.9901E-05 9.9901E-05 9.9901E-05 9.9901E-05 9.9901E-05 9.9901E-05
9.991E-05 9.991E-05 9.991E-05 9.991E-05 9.991E-05 9.991E-05 9.991E-05 9.991E-05 0.173205 9.991E-05 9.991E-05 0.53046 0.295337
9.99458E-05 0.0868157 9.99458E-05 0.0900193 0.0831369 9.99458E-05 0.0328846 9.99458E-05 9.99458E-05 0.0615709 0.130469 0.514504 9.99458E-05
9.99201E-05 9.99201E-05 9.99201E-05 9.99201E-05 9.99201E-05 9.99201E-05 9.99201E-05 9.99201E-05 0.092913 0.0333187 0.135529 0.43742 0.30002
9.99012E-05 9.99012E-05 9.99012E-05 9.99012E-05 9.99012E-05 9.99012E-05 9.99012E-05 9.99012E-05 9.99012E-05 0.972856 9.99012E-05 0.0260448 9.99012E-05
9.99012E-05 9.99012E-05 9.99012E-05 9.99012E-05 9.99012E-05 9.99012E-05 9.99012E-05 9.99012E-05 9.99012E-05 0.985912 9.99012E-05 0.0129894 9.99012E-05
0.000541431 9.9937E-05 0.672375 0.0225333 9.9937E-05 9.9937E-05 0.121817 9.9937E-05 0.163741 9.9937E-05 9.9937E-05 9.9937E-05 0.0182937
9.99101E-05 9.99101E-05 9.99101E-05 0.000344374 9.99101E-05 9.99101E-05 9.99101E-05 9.99101E-05 0.928545 9.99101E-05 9.99101E-05 0.0701112 9.99101E-05
9.9928E-05 0.963348 0.000432037 9.9928E-05 9.9928E-05 9.9928E-05 9.9928E-05 0.01532 0.00645251 9.9928E-05 0.0136478 9.9928E-05 9.9928E-05
9.99101E-05 0.978082 0.0154622 9.99101E-05 9.99101E-05 0.0054569 9.99101E-05 9.99101E-05 9.99101E-05 9.99101E-05 9.99101E-05 9.99101E-05 9.99101E-05
9.9928E-05 9.9928E-05 9.9928E-05 0.00837949 0.000226408 9.9928E-05 9.9928E-05 9.9928E-05 0.138773 0.0130456 9.9928E-05 9.9928E-05 0.838776
0.953242 9.991E-05 9.991E-05 9.991E-05 9.991E-05 9.991E-05 9.991E-05 9.991E-05 9.991E-05 0.0417378 9.991E-05 9.991E-05 0.00402125
0.0326002 9.99459E-05 0.000885564 9.99459E-05 0.0337029 9.99459E-05 9.99459E-05 0.714934 9.99459E-05 0.147995 0.0659758 9.99459E-05 0.00330721
9.99009E-05 9.99009E-05 9.99009E-05 9.99009E-05 9.99009E-05 9.99009E-05 0.095508 0.903393 9.99009E-05 9.99009E-05 9.99009E-05 9.99009E-05 9.99009E-05
0.00965221 9.99369E-05 0.11654 9.99369E-05 9.99369E-05 0.0377575 0.0543675 9.99369E-05 9.99369E-05 0.442883 9.99369E-05 9.99369E-05 0.3381
9.98921E-05 9.98921E-05 9.98921E-05 9.98921E-05 9.98921E-05 9.98921E-05 9.98921E-05 0.998801 9.98921E-05 9.98921E-05 9.98921E-05 9.98921E-05 9.98921E-05
0.0543277 9.99369E-05 0.535906 9.99369E-05 9.99369E-05 9.99369E-05 0.00808774 9.99369E-05 0.0500196 0.0837402 9.99369E-05 9.99369E-05 0.26722
9.98919E-05 9.98919E-05 9.98919E-05 9.98919E-05 9.98919E-05 0.998801 9.98919E-05 9.98919E-05 9.98919E-05 9.98919E-05 9.98919E-05 9.98919E-05 9.98919E-05
9.99008E-05 9.99008E-05 9.99008E-05 9.99008E-05 9.99008E-05 0.322195 9.99008E-05 0.676706 9.99008E-05 9.99008E-05 9.99008E-05 9.99008E-05 9.99008E-05
9.99012E-05 0.5239 9.99012E-05 0.475001 9.99012E-05 9.99012E-05 9.99012E-05 9.99012E-05 9.99012E-05 9.99012E-05 9.99012E-05 9.99012E-05 9.99012E-05
9.99011E-05 0.844446 9.99011E-05 0.154455 9.99011E-05 9.99011E-05 9.99011E-05 9.99011E-05 9.99011E-05 9.99011E-05 9.99011E-05 9.99011E-05 9.99011E-05
0.0140134 9.99278E-05 0.0690884 9.99278E-05 9.99278E-05 9.99278E-05 0.0477696 9.99278E-05 0.788575 0.0797544 9.99278E-05 9.99278E-05 9.99278E-05
9.98921E-05 9.98921E-05 9.98921E-05 0.998801 9.98921E-05 9.98921E-05 9.98921E-05 9.98921E-05 9.98921E-05 9.98921E-05 9.98921E-05 9.98921E-05 9.98921E-05
9.9901E-05 9.9901E-05 9.9901E-05 0.997067 0.00183381 9.9901E-05 9.9901E-05 9.9901E-05 9.9901E-05 9.9901E-05 9.9901E-05 9.9901E-05 9.9901E-05
0.0411322 0.275009 0.00114144 0.352691 0.192635 9.99462E-05 0.00417931 9.99462E-05 9.99462E-05 9.99462E-05 9.99462E-05 0.132613 9.99462E-05
0.0323913 0.265635 9.99369E-05 0.214858 0.0909572 9.99369E-05 0.0456976 9.99369E-05 9.99369E-05 9.99369E-05 9.99369E-05 0.349761 9.99369E-05
9.98923E-05 9.98923E-05 9.98923E-05 9.98923E-05 9.98923E-05 9.98923E-05 9.98923E-05 9.98923E-05 9.98923E-05 9.98923E-05 0.998801 9.98923E-05 9.98923E-05
9.99101E-05 0.719965 9.99101E-05 0.133222 9.99101E-05 9.99101E-05 9.99101E-05 9.99101E-05 9.99101E-05 9.99101E-05 9.99101E-05 0.145813 9.99101E-05
0.0166689 9.99281E-05 9.99281E-05 0.00307662 0.731994 9.99281E-05 0.00646254 9.99281E-05 9.99281E-05 9.99281E-05 9.99281E-05 0.240998 9.99281E-05
0.256061 9.99368E-05 0.0367796 0.0573212 9.99368E-05 9.99368E-05 0.127957 9.99368E-05 0.468023 0.0531581 9.99368E-05 9.99368E-05 9.99368E-05
0.00621124 0.47124 9.99189E-05 0.515185 9.99189E-05 9.99189E-05 9.99189E-05 9.99189E-05 0.00646519 9.99189E-05 9.99189E-05 9.99189E-05 9.99189E-05
0.0361009 0.0191204 0.942069 9.99191E-05 9.99191E-05 9.99191E-05 9.99191E-05 9.99191E-05 9.99191E-05 9.99191E-05 9.99191E-05 0.00181055 9.99191E-05
0.0707588 9.99369E-05 0.0718938 9.99369E-05 9.99369E-05 0.0225823 9.99369E-05 0.00302517 9.99369E-05 0.567167 0.263873 9.99369E-05 9.99369E-05
0.998801 9.9892E-05 9.9892E-05 9.9892E-05 9.9892E-05 9.9892E-05 9.9892E-05 9.9892E-05 9.9892E-05 9.9892E-05 9.9892E-05 9.9892E-05 9.9892E-05
0.144688 0.12217 0.231299 9.99278E-05 9.99278E-05 9.99278E-05 9.99278E-05 9.99278E-05 9.99278E-05 0.290205 9.99278E-05 9.99278E-05 0.210839
0.123019 0.073328 0.245677 9.99548E-05 9.99548E-05 9.99548E-05 0.00726438 0.00774825 9.99548E-05 0.306018 0.0471905 9.99548E-05 0.189255
9.991E-05 9.991E-05 0.0477606 9.991E-05 9.991E-05 9.991E-05 9.991E-05 9.991E-05 9.991E-05 0.909726 9.991E-05 9.991E-05 0.0415142
9.9928E-05 9.9928E-05 0.0235336 9.9928E-05 9.9928E-05 9.9928E-05 9.9928E-05 0.005548 0.0217037 9.9928E-05 0.000796604 9.9928E-05 0.947619
9.9928E-05 9.9928E-05 0.0210518 0.0316934 9.9928E-05 0.012431 9.9928E-05 9.9928E-05 0.0445445 0.88948 9.9928E-05 9.9928E-05 9.9928E-05
9.99368E-05 9.99368E-05 0.0810777 9.99368E-05 9.99368E-05 0.453564 9.99368E-05 9.99368E-05 0.125063 0.167352 0.0480343 9.99368E-05 0.12421
9.9937E-05 0.063064 0.174402 9.9937E-05 9.9937E-05 0.232708 9.9937E-05 9.9937E-05 9.9937E-05 0.335294 0.00367194 9.9937E-05 0.190161
0.217027 0.0703073 0.184292 9.9946E-05 0.0713911 0.0526494 9.9946E-05 9.9946E-05 0.190676 0.213057 9.9946E-05 9.9946E-05 9.9946E-05
9.99017E-05 9.99017E-05 0.988984 9.99017E-05 9.99017E-05 9.99017E-05 9.99017E-05 0.00991709 9.99017E-05 9.99017E-05 9.99017E-05 9.99017E-05 9.99017E-05
9.98921E-05 9.98921E-05 9.98921E-05 9.98921E-05 0.998801 9.98921E-05 9.98921E-05 9.98921E-05 9.98921E-05 9.98921E-05 9.98921E-05 9.98921E-05 9.98921E-05
9.98922E-05 9.98922E-05 9.98922E-05 9.98922E-05 0.998801 9.98922E-05 9.98922E-05 9.98922E-05 9.98922E-05 9.98922E-05 9.98922E-05 9.98922E-05 9.98922E-05
9.99191E-05 9.99191E-05 9.99191E-05 9.99191E-05 0.967011 9.99191E-05 9.99191E-05 9.99191E-05 9.99191E-05 0.00422509 0.0104648 9.99191E-05 0.0174002
9.98922E-05 9.98922E-05 9.98922E-05 9.98922E-05 0.998801 9.98922E-05 9.98922E-05 9.98922E-05 9.98922E-05 9.98922E-05 9.98922E-05 9.98922E-05 9.98922E-05
9.99011E-05 9.99011E-05 9.99011E-05 0.0133279 0.985573 9.99011E-05 9.99011E-05 9.99011E-05 9.99011E-05 9.99011E-05 9.99011E-05 9.99011E-05 9.99011E-05
9.9964E-05 0.0193149 9.9964E-05 0.105064 0.377296 0.0860229 9.9964E-05 0.0129007 0.00385994 9.9964E-05 0.103868 0.265365 0.0259084
9.9901E-05 9.9901E-05 9.9901E-05 9.9901E-05 0.92805 9.9901E-05 9.9901E-05 9.9901E-05 9.9901E-05 9.9901E-05 0.0708507 9.9901E-05 9.9901E-05
9.99099E-05 9.99099E-05 0.811636 9.99099E-05 9.99099E-05 9.99099E-05 9.99099E-05 9.99099E-05 0.0390283 9.99099E-05 9.99099E-05 9.99099E-05 0.148337
9.99279E-05 9.99279E-05 9.99279E-05 0.0447631 0.00570523 9.99279E-05 0.00466867 9.99279E-05 9.99279E-05 9.99279E-05 0.913898 9.99279E-05 0.0301659
9.99009E-05 0.664208 9.99009E-05 0.334693 9.99009E-05 9.99009E-05 9.99009E-05 9.99009E-05 9.99009E-05 9.99009E-05 9.99009E-05 9.99009E-05 9.99009E-05
9.9928E-05 9.9928E-05 0.0349497 9.9928E-05 0.014099 9.9928E-05 0.0459712 9.9928E-05 0.81376 9.9928E-05 9.9928E-05 9.9928E-05 0.0904205
9.99012E-05 9.99012E-05 9.99012E-05 9.99012E-05 9.99012E-05 9.99012E-05 9.99012E-05 9.99012E-05 0.0660309 9.99012E-05 9.99012E-05 9.99012E-05 0.93287
9.99013E-05 9.99013E-05 9.99013E-05 9.99013E-05 9.99013E-05 9.99013E-05 9.99013E-05 9.99013E-05 0.970715 9.99013E-05 9.99013E-05 0.0281862 9.99013E-05
9.9901E-05 9.9901E-05 9.9901E-05 9.9901E-05 9.9901E-05 9.9901E-05 9.9901E-05 9.9901E-05 0.907632 0.0912691 9.9901E-05 9.9901E-05 9.9901E-05
9.99099E-05 9.99099E-05 9.99099E-05 9.99099E-05 9.99099E-05 9.99099E-05 0.0504616 9.99099E-05 0.851572 0.096967 9.99099E-05 9.99099E-05 9.99099E-05
9.99102E-05 9.99102E-05 0.0885048 9.99102E-05 9.99102E-05 9.99102E-05 9.99102E-05 0.905723 9.99102E-05 0.00477299 9.99102E-05 9.99102E-05 9.99102E-05
9.99014E-05 0.375957 9.99014E-05 0.622944 9.99014E-05 9.99014E-05 9.99014E-05 9.99014E-05 9.99014E-05 9.99014E-05 9.99014E-05 9.99014E-05 9.99014E-05
0.143681 0.319149 0.11752 0.00465868 0.072738 0.0126946 0.0500979 0.0483481 0.0308411 0.0954561 0.0362519 9.9991E-05 0.0684634
9.99193E-05 0.901106 9.99193E-05 9.99193E-05 9.99193E-05 9.99193E-05 9.99193E-05 9.99193E-05 0.00867176 9.99193E-05 9.99193E-05 0.0891405 0.000182092
0.0424699 0.757417 9.9928E-05 0.150577 0.0233073 9.9928E-05 9.9928E-05 9.9928E-05 9.9928E-05 9.9928E-05 9.9928E-05 0.0254289 9.9928E-05
9.99011E-05 9.99011E-05 9.99011E-05 0.99264 9.99011E-05 9.99011E-05 9.99011E-05 9.99011E-05 9.99011E-05 9.99011E-05 9.99011E-05 9.99011E-05 0.00626134
9.98921E-05 9.98921E-05 9.98921E-05 0.998801 9.98921E-05 9.98921E-05 9.98921E-05 9.98921E-05 9.98921E-05 9.98921E-05 9.98921E-05 9.98921E-05 9.98921E-05
9.9937E-05 0.675576 0.0173252 0.128246 9.9937E-05 9.9937E-05 0.0233315 9.9937E-05 9.9937E-05 0.0457342 9.9937E-05 0.109087 9.9937E-05
0.0190222 0.576336 9.99189E-05 0.380544 9.99189E-05 9.99189E-05 9.99189E-05 9.99189E-05 9.99189E-05 9.99189E-05 9.99189E-05 0.0231988 9.99189E-05
9.99098E-05 0.0755124 9.99098E-05 9.99098E-05 0.0312598 9.99098E-05 9.99098E-05 9.99098E-05 9.99098E-05 9.99098E-05 9.99098E-05 0.892229 9.99098E-05
9.99098E-05 9.99098E-05 9.99098E-05 0.0365659 9.99098E-05 9.99098E-05 9.99098E-05 9.99098E-05 0.0144095 9.99098E-05 9.99098E-05 0.948026 9.99098E-05
9.99191E-05 0.878276 9.99191E-05 0.0728027 0.0152973 9.99191E-05 9.99191E-05 9.99191E-05 9.99191E-05 9.99191E-05 9.99191E-05 9.99191E-05 0.0327242
0.00835255 9.99189E-05 9.99189E-05 9.99189E-05 0.0290218 9.99189E-05 0.00339157 9.99189E-05 9.99189E-05 9.99189E-05 9.99189E-05 9.99189E-05 0.958335
9.991E-05 9.991E-05 9.991E-05 9.991E-05 0.0158016 9.991E-05 0.00265857 9.991E-05 9.991E-05 9.991E-05 9.991E-05 9.991E-05 0.980541
9.98922E-05 9.98922E-05 9.98922E-05 9.98922E-05 9.98922E-05 9.98922E-05 0.998801 9.98922E-05 9.98922E-05 9.98922E-05 9.98922E-05 9.98922E-05 9.98922E-05
9.99011E-05 9.99011E-05 0.00303893 9.99011E-05 9.99011E-05 9.99011E-05 0.995862 9.99011E-05 9.99011E-05 9.99011E-05 9.99011E-05 9.99011E-05 9.99011E-05
9.99279E-05 9.99279E-05 0.0641455 9.99279E-05 9.99279E-05 9.99279E-05 9.99279E-05 9.99279E-05 0.00559723 0.7432 0.0651418 9.99279E-05 0.121116
9.99369E-05 9.99369E-05 0.0374563 9.99369E-05 9.99369E-05 9.99369E-05 9.99369E-05 0.00555794 0.0702881 0.712323 0.0653946 9.99369E-05 0.10828
9.99102E-05 9.99102E-05 9.99102E-05 9.99102E-05 9.99102E-05 9.99102E-05 0.976129 9.99102E-05 9.99102E-05 0.0162443 9.99102E-05 9.99102E-05 0.00662795
9.98921E-05 9.98921E-05 9.98921E-05 9.98921E-05 9.98921E-05 9.98921E-05 0.998801 9.98921E-05 9.98921E-05 9.98921E-05 9.98921E-05 9.98921E-05 9.98921E-05
9.99099E-05 9.99099E-05 0.947457 9.99099E-05 0.00739814 9.99099E-05 9.99099E-05 9.99099E-05 0.0441456 9.99099E-05 9.99099E-05 9.99099E-05 9.99099E-05
9.9937E-05 9.9937E-05 0.0102925 9.9937E-05 9.9937E-05 9.9937E-05 9.9937E-05 0.0838112 0.170584 0.179927 0.0320212 9.9937E-05 0.522664
9.99011E-05 9.99011E-05 9.99011E-05 9.99011E-05 0.064722 9.99011E-05 9.99011E-05 9.99011E-05 9.99011E-05 9.99011E-05 0.934179 9.99011E-05 9.99011E-05
9.99099E-05 0.0304625 9.99099E-05 9.99099E-05 9.99099E-05 0.742017 9.99099E-05 9.99099E-05 0.226521 9.99099E-05 9.99099E-05 9.99099E-05 9.99099E-05
0.158139 9.99461E-05 0.138499 9.99461E-05 9.99461E-05 0.199889 0.135652 0.0129366 0.332052 9.99461E-05 9.99461E-05 9.99461E-05 0.0222331
9.99281E-05 9.99281E-05 9.99281E-05 0.507059 0.052874 9.99281E-05 0.0230162 0.0538964 9.99281E-05 9.99281E-05 9.99281E-05 0.362354 9.99281E-05
