9.99549E-05 0.0516919 0.947808 9.99549E-05 9.99549E-05 9.99549E-05 9.99549E-05
9.9982E-05 0.211343 0.232148 0.0186182 0.242867 0.294824 9.9982E-05
0.0390019 9.99822E-05 9.99822E-05 0.0501784 0.0755924 0.768278 0.0667495
9.9964E-05 9.9964E-05 9.9964E-05 0.0480744 0.0146276 0.936898 9.9964E-05
9.99731E-05 0.208508 0.0901536 9.99731E-05 0.227884 0.473155 9.99731E-05
9.9955E-05 9.9955E-05 9.9955E-05 0.0273724 9.9955E-05 0.972128 9.9955E-05
9.99642E-05 0.224114 9.99642E-05 9.99642E-05 0.327977 9.99642E-05 0.447509
9.9973E-05 0.159828 9.9973E-05 0.00881079 0.41512 0.415941 9.9973E-05
9.99731E-05 0.321196 9.99731E-05 9.99731E-05 0.358187 0.00668364 0.313633
9.995E-05 0.9994 9.995E-05 9.995E-05 9.995E-05 9.995E-05 9.995E-05
9.995E-05 0.9994 9.995E-05 9.995E-05 9.995E-05 9.995E-05 9.995E-05
9.9973E-05 9.9973E-05 0.669921 0.124278 9.9973E-05 0.0140299 0.191471
9.99551E-05 9.99551E-05 9.99551E-05 9.99551E-05 9.99551E-05 0.00407074 0.995429
0.0154456 9.9964E-05 0.0524868 9.9964E-05 9.9964E-05 0.931668 9.9964E-05
0.000777104 9.9964E-05 0.0774192 9.9964E-05 9.9964E-05 0.921404 9.9964E-05
9.9982E-05 0.557943 0.0697403 9.9982E-05 0.0050623 0.0223362 0.344719
0.0515548 0.347886 0.052936 0.373149 9.9982E-05 9.9982E-05 0.174275
0.728234 0.176759 0.0585223 9.99729E-05 0.0361847 9.99729E-05 9.99729E-05
0.869625 9.9955E-05 9.9955E-05 0.129876 9.9955E-05 9.9955E-05 9.9955E-05
9.9973E-05 0.721642 0.154235 0.0977773 9.9973E-05 9.9973E-05 0.026046
0.9994 9.99528E-05 9.99528E-05 9.99528E-05 9.99528E-05 9.99528E-05 9.99528E-05
9.9964E-05 0.346596 0.567233 9.9964E-05 9.9964E-05 9.9964E-05 0.0857715
0.390208 0.26191 9.99731E-05 0.340219 9.99731E-05 0.00736296 9.99731E-05
0.89808 9.99549E-05 9.99549E-05 0.101421 9.99549E-05 9.99549E-05 9.99549E-05
9.995E-05 9.995E-05 9.995E-05 9.995E-05 9.995E-05 0.9994 9.995E-05
9.995E-05 9.995E-05 9.995E-05 9.995E-05 9.995E-05 0.9994 9.995E-05
9.99729E-05 0.0684163 0.0866083 0.0828093 9.99729E-05 9.99729E-05 0.761866
9.9955E-05 9.9955E-05 9.9955E-05 9.9955E-05 0.0791152 0.920385 9.9955E-05
9.9964E-05 9.9964E-05 9.9964E-05 9.9964E-05 0.11059 0.867029 0.0219818
0.0358351 9.9982E-05 9.9982E-05 0.0365703 0.266519 0.646532 0.0143434
9.9964E-05 9.9964E-05 9.9964E-05 0.0737815 0.305017 0.620802 9.9964E-05
9.99731E-05 0.105521 0.227155 9.99731E-05 0.554495 0.112528 9.99731E-05
9.99551E-05 9.99551E-05 9.99551E-05 0.0126557 9.99551E-05 0.986844 9.99551E-05
9.9982E-05 0.000145096 0.000406642 0.00321232 0.906936 0.0890996 9.9982E-05
9.99819E-05 0.000313944 0.166503 0.263496 9.99819E-05 0.0370616 0.532426
9.99549E-05 9.99549E-05 9.99549E-05 9.99549E-05 9.99549E-05 0.955249 0.0442514
9.995E-05 9.995E-05 0.9994 9.995E-05 9.995E-05 9.995E-05 9.995E-05
0.00562332 0.749029 0.138762 9.9982E-05 0.0629116 0.0434737 9.9982E-05
0.0340693 0.213031 0.0715399 0.418694 9.9991E-05 0.113631 0.148934
9.99729E-05 0.578436 0.296518 0.00650681 9.99729E-05 0.118239 9.99729E-05
0.0163438 0.619669 0.307503 0.00987418 9.9982E-05 0.0464098 9.9982E-05
9.9964E-05 0.949422 0.0316492 0.018529 9.9964E-05 9.9964E-05 9.9964E-05
9.9982E-05 0.652668 0.0873967 9.9982E-05 0.0162748 0.00337436 0.240086
9.9964E-05 0.92499 0.0453885 0.0292212 9.9964E-05 9.9964E-05 9.9964E-05
0.107825 0.493597 0.0502591 0.177371 9.9982E-05 9.9982E-05 0.170748
0.0424321 0.63947 0.146849 0.0478376 9.9991E-05 0.0608945 0.0624166
9.999E-05 0.307811 0.224883 0.124971 0.0305905 0.0957271 0.215918
0.0187157 9.99553E-05 0.980784 9.99553E-05 9.99553E-05 9.99553E-05 9.99553E-05
9.995E-05 9.995E-05 9.995E-05 9.995E-05 0.9994 9.995E-05 9.995E-05
9.995E-05 9.995E-05 9.995E-05 9.995E-05 0.9994 9.995E-05 9.995E-05
9.99549E-05 9.99549E-05 9.99549E-05 0.00969856 0.989802 9.99549E-05 9.99549E-05
9.995E-05 9.995E-05 9.995E-05 9.995E-05 0.9994 9.995E-05 9.995E-05
9.995E-05 9.995E-05 9.995E-05 9.995E-05 0.9994 9.995E-05 9.995E-05
0.0226087 0.135608 9.99731E-05 9.99731E-05 0.613225 0.228258 9.99731E-05
9.995E-05 9.995E-05 9.995E-05 9.995E-05 0.9994 9.995E-05 9.995E-05
9.99639E-05 0.100636 0.834767 9.99639E-05 9.99639E-05 9.99639E-05 0.0641978
9.9982E-05 0.159039 0.193134 9.9982E-05 0.513623 0.113975 0.0200289
9.99549E-05 9.99549E-05 0.0197222 9.99549E-05 9.99549E-05 0.979778 9.99549E-05
9.9973E-05 9.9973E-05 0.135952 0.0373398 0.0107346 9.9973E-05 0.815674
9.99731E-05 0.437068 0.186447 9.99731E-05 9.99731E-05 0.0374386 0.338746
9.995E-05 9.995E-05 9.995E-05 9.995E-05 9.995E-05 9.995E-05 0.9994
9.99639E-05 0.112581 0.0100807 9.99639E-05 9.99639E-05 9.99639E-05 0.876939
9.99729E-05 0.0316059 0.0101095 0.106966 9.99729E-05 9.99729E-05 0.851019
0.905965 9.99641E-05 0.0754395 9.99641E-05 9.99641E-05 0.0181959 9.99641E-05
9.995E-05 9.995E-05 9.995E-05 9.995E-05 9.995E-05 0.9994 9.995E-05
0.0625128 0.272833 0.032214 0.0063173 0.145828 0.400003 0.0802914
9.99552E-05 9.99552E-05 9.99552E-05 9.99552E-05 9.99552E-05 0.967641 0.0318595
9.9964E-05 9.9964E-05 0.0484821 9.9964E-05 0.0123829 0.938735 9.9964E-05
9.9964E-05 9.9964E-05 9.9964E-05 9.9964E-05 0.100902 0.869594 0.0291037
0.0172882 9.9973E-05 0.00181863 9.9973E-05 0.0472929 0.9333 9.9973E-05
9.99641E-05 0.0724447 0.00592239 9.99641E-05 9.99641E-05 0.921233 9.99641E-05
9.9955E-05 9.9955E-05 9.9955E-05 0.00422095 9.9955E-05 0.995279 9.9955E-05
9.99553E-05 9.99553E-05 9.99553E-05 9.99553E-05 0.466383 0.533117 9.99553E-05
9.99642E-05 9.99642E-05 9.99642E-05 9.99642E-05 0.317316 0.551201 0.131084
0.0166179 0.0210009 9.9973E-05 9.9973E-05 0.0016769 0.960404 9.9973E-05
9.9991E-05 0.674261 0.0851654 0.0221329 0.0405679 0.10492 0.0728527
9.9991E-05 0.694956 0.0376191 0.000548054 0.0617683 0.0742347 0.130774
9.995E-05 9.995E-05 9.995E-05 0.9994 9.995E-05 9.995E-05 9.995E-05
9.995E-05 9.995E-05 9.995E-05 0.9994 9.995E-05 9.995E-05 9.995E-05
9.9955E-05 0.950021 0.049479 9.9955E-05 9.9955E-05 9.9955E-05 9.9955E-05
0.00267965 0.993902 9.9964E-05 9.9964E-05 9.9964E-05 9.9964E-05 0.0030184
9.995E-05 9.995E-05 9.995E-05 0.9994 9.995E-05 9.995E-05 9.995E-05
9.995E-05 9.995E-05 9.995E-05 0.9994 9.995E-05 9.995E-05 9.995E-05
9.99549E-05 9.99549E-05 0.938433 9.99549E-05 9.99549E-05 9.99549E-05 0.0610674
0.0586179 0.64909 0.0145931 9.9973E-05 9.9973E-05 9.9973E-05 0.277399
9.9973E-05 0.15551 0.193046 9.9973E-05 0.577005 0.074139 9.9973E-05
0.10081 0.194536 9.99821E-05 0.322426 9.99821E-05 0.0641631 0.317865
0.0796665 9.99731E-05 0.226268 0.32497 9.99731E-05 9.99731E-05 0.368796
0.0430616 9.99731E-05 9.99731E-05 0.0205622 0.331055 0.605021 9.99731E-05
