9.996E-05 9.996E-05 9.996E-05 9.996E-05 0.9995 9.996E-05
0.351134 0.00643081 0.175859 9.9982E-05 0.466376 9.9982E-05
0.825606 0.0440668 0.0760688 0.0493779 9.99911E-05 0.00478085
0.967622 0.0319777 9.9964E-05 9.9964E-05 9.9964E-05 9.9964E-05
0.442797 0.0102409 0.256279 9.99821E-05 0.290484 9.99821E-05
0.988535 0.00747038 9.9973E-05 9.9973E-05 9.9973E-05 0.00369465
9.99642E-05 9.99642E-05 0.394468 0.605132 9.99642E-05 9.99642E-05
0.417172 0.0269796 0.467175 9.9982E-05 0.0884729 9.9982E-05
9.99731E-05 9.99731E-05 0.417652 0.482868 0.0991797 9.99731E-05
9.9982E-05 0.0680196 0.119104 0.0603627 0.752313 9.9982E-05
9.9982E-05 0.0732039 0.0882835 0.0816918 0.756621 9.9982E-05
0.024622 0.105722 9.9982E-05 0.186977 0.682479 9.9982E-05
0.0113493 9.9964E-05 9.9964E-05 0.988251 9.9964E-05 9.9964E-05
0.949616 0.0142435 9.9982E-05 9.9982E-05 0.00744617 0.0284938
0.952872 9.9973E-05 9.9973E-05 9.9973E-05 0.042486 0.00434191
9.9982E-05 0.0320745 0.0620297 0.350642 0.555054 9.9982E-05
9.9982E-05 0.366849 9.9982E-05 0.187977 0.372258 0.0727164
9.99729E-05 9.99729E-05 0.0750408 9.99729E-05 0.192719 0.731941
9.9964E-05 0.0658694 9.9964E-05 9.9964E-05 9.9964E-05 0.933731
9.9973E-05 0.123003 9.9973E-05 0.0305923 0.846105 9.9973E-05
9.996E-05 9.996E-05 9.996E-05 9.996E-05 9.996E-05 0.9995
9.9964E-05 9.9964E-05 9.9964E-05 0.0956452 0.903955 9.9964E-05
9.9982E-05 0.379073 0.0487906 9.9982E-05 0.147418 0.424518
9.9964E-05 0.0902647 9.9964E-05 9.9964E-05 9.9964E-05 0.909335
0.995491 9.9964E-05 0.00410901 9.9964E-05 9.9964E-05 9.9964E-05
0.9995 9.996E-05 9.996E-05 9.996E-05 9.996E-05 9.996E-05
9.99729E-05 0.0764733 9.99729E-05 0.765747 0.15748 9.99729E-05
0.9409 9.9973E-05 0.0495237 0.00927638 9.9973E-05 9.9973E-05
0.88721 9.9973E-05 0.0979001 0.01459 9.9973E-05 9.9973E-05
0.657602 0.0327546 0.253094 0.0206087 9.9991E-05 0.035841
0.631052 0.0616842 0.306964 9.99731E-05 9.99731E-05 9.99731E-05
0.101887 9.99731E-05 0.533056 9.99731E-05 0.364757 9.99731E-05
0.9995 9.996E-05 9.996E-05 9.996E-05 9.996E-05 9.996E-05
0.0980259 9.99641E-05 0.901574 9.99641E-05 9.99641E-05 9.99641E-05
0.0440744 0.236076 9.99819E-05 0.564516 0.155134 9.99819E-05
0.983335 9.99639E-05 9.99639E-05 0.0162651 9.99639E-05 9.99639E-05
0.0407884 9.99642E-05 9.99642E-05 9.99642E-05 0.958812 9.99642E-05
0.00640696 9.9982E-05 0.180317 9.9982E-05 0.775734 0.0373418
0.117446 0.443042 9.9991E-05 0.179066 0.207298 0.0530481
0.112152 0.00515901 9.9982E-05 9.9982E-05 0.870122 0.0123666
0.0826336 0.010116 9.9982E-05 9.9982E-05 0.901005 0.00604556
9.9982E-05 0.054779 9.9982E-05 0.0298557 0.896699 0.0184666
9.9973E-05 9.9973E-05 0.0452817 0.284011 0.670408 9.9973E-05
9.9982E-05 0.0915092 0.0477131 0.0387415 0.821836 9.9982E-05
9.9991E-05 0.186046 0.0312454 0.168375 0.494007 0.120226
0.0650339 0.0710133 0.0334175 0.0327713 0.751535 0.0462287
0.0806914 0.147593 0.0784773 0.255787 0.43735 9.999E-05
9.996E-05 9.996E-05 9.996E-05 9.996E-05 0.9995 9.996E-05
9.996E-05 9.996E-05 0.9995 9.996E-05 9.996E-05 9.996E-05
9.996E-05 9.996E-05 0.9995 9.996E-05 9.996E-05 9.996E-05
9.996E-05 9.996E-05 0.9995 9.996E-05 9.996E-05 9.996E-05
9.996E-05 9.996E-05 0.9995 9.996E-05 9.996E-05 9.996E-05
9.996E-05 9.996E-05 0.9995 9.996E-05 9.996E-05 9.996E-05
0.213173 0.00703348 0.678398 0.0551566 9.9991E-05 0.0461389
9.99639E-05 9.99639E-05 0.948993 9.99639E-05 0.0506067 9.99639E-05
9.9964E-05 9.9964E-05 9.9964E-05 0.038268 0.961332 9.9964E-05
0.0812871 9.9982E-05 0.553884 0.0117475 0.352882 9.9982E-05
0.98378 9.99639E-05 9.99639E-05 9.99639E-05 0.0158204 9.99639E-05
0.0273353 0.0334805 9.9982E-05 0.859336 0.0796485 9.9982E-05
0.0835773 9.9973E-05 9.9973E-05 0.32703 0.589093 9.9973E-05
9.996E-05 9.996E-05 9.996E-05 0.9995 9.996E-05 9.996E-05
9.99639E-05 9.99639E-05 9.99639E-05 0.900424 0.099176 9.99639E-05
9.99819E-05 0.0899377 9.99819E-05 0.816438 0.076076 0.0173485
9.99641E-05 9.99641E-05 9.99641E-05 9.99641E-05 0.103338 0.896262
0.993774 9.99641E-05 0.00582631 9.99641E-05 9.99641E-05 9.99641E-05
0.350186 0.0901673 0.112564 0.0537598 0.390373 0.0029501
0.942517 9.99731E-05 0.0463859 0.0107969 9.99731E-05 9.99731E-05
0.942742 9.9973E-05 0.0328761 9.9973E-05 0.0240819 9.9973E-05
0.892753 9.9973E-05 0.085787 0.0211598 9.9973E-05 9.9973E-05
0.909335 9.9982E-05 0.0722658 0.00645805 9.9982E-05 0.0117416
0.933355 9.99646E-05 9.99646E-05 9.99646E-05 0.0662455 9.99646E-05
0.998088 9.9964E-05 9.9964E-05 9.9964E-05 0.00151239 9.9964E-05
0.465517 9.99732E-05 0.517942 0.0162417 9.99732E-05 9.99732E-05
0.434057 9.99732E-05 0.370512 0.195132 9.99732E-05 9.99732E-05
0.967547 9.9991E-05 0.00974693 0.00114252 0.0115661 0.00989701
0.0537999 0.0368458 0.113413 0.100121 0.695721 9.9991E-05
0.0649089 0.0528133 0.106595 0.164054 0.611529 9.9991E-05
9.996E-05 0.9995 9.996E-05 9.996E-05 9.996E-05 9.996E-05
9.996E-05 0.9995 9.996E-05 9.996E-05 9.996E-05 9.996E-05
9.9991E-05 0.047509 0.0701419 0.0250352 0.850488 0.0067263
9.9991E-05 0.0268071 0.0877107 0.0622856 0.811819 0.0112779
9.996E-05 0.9995 9.996E-05 9.996E-05 9.996E-05 9.996E-05
9.996E-05 0.9995 9.996E-05 9.996E-05 9.996E-05 9.996E-05
9.99641E-05 9.99641E-05 9.99641E-05 0.0784006 0.9212 9.99641E-05
9.9982E-05 9.9982E-05 0.0417296 0.289157 0.61938 0.049534
0.126479 9.9973E-05 0.551538 9.9973E-05 0.321683 9.9973E-05
0.0583519 0.282528 9.9991E-05 0.316141 0.201024 0.141856
9.99821E-05 0.311523 9.99821E-05 0.436386 0.176298 0.0755929
0.609444 0.0442331 0.290449 9.99821E-05 9.99821E-05 0.0556734
