9.996E-05 9.996E-05 9.996E-05 9.996E-05 0.9995 9.996E-05
0.300844 0.0105062 9.9982E-05 0.274534 0.413916 9.9982E-05
0.0574968 0.119126 0.0269612 0.796216 9.99822E-05 9.99822E-05
9.9964E-05 0.0370077 9.9964E-05 0.962592 9.9964E-05 9.9964E-05
0.243039 9.99731E-05 9.99731E-05 0.441296 0.315365 9.99731E-05
9.9964E-05 9.9964E-05 9.9964E-05 0.970942 0.0286585 9.9964E-05
0.363812 9.99731E-05 9.99731E-05 0.0458836 9.99731E-05 0.590004
0.447059 0.0327695 9.9982E-05 0.440599 0.0793725 9.9982E-05
0.416468 9.9982E-05 9.9982E-05 0.0380321 0.102483 0.442817
0.134785 0.094936 9.9982E-05 9.9982E-05 0.716233 0.0538461
0.0854409 0.124975 9.9982E-05 9.9982E-05 0.709183 0.0802011
9.9982E-05 0.116932 9.9982E-05 0.0390164 0.691806 0.152045
9.996E-05 9.996E-05 9.996E-05 9.996E-05 9.996E-05 0.9995
9.999E-05 0.016063 0.00511948 0.918999 0.0348005 0.0249177
9.9973E-05 9.9973E-05 0.00353035 0.930892 0.065278 9.9973E-05
0.0606743 9.9973E-05 9.9973E-05 9.9973E-05 0.604721 0.334305
9.9982E-05 0.384875 0.0613446 9.9982E-05 0.358045 0.195536
0.0839245 9.99729E-05 0.75529 9.99729E-05 0.160485 9.99729E-05
9.9964E-05 0.102796 0.896804 9.9964E-05 9.9964E-05 9.9964E-05
9.9973E-05 0.132437 9.9973E-05 9.9973E-05 0.805991 0.0612715
9.996E-05 9.996E-05 0.9995 9.996E-05 9.996E-05 9.996E-05
9.9964E-05 9.9964E-05 9.9964E-05 9.9964E-05 0.895837 0.103763
0.0404144 0.42746 0.379338 0.0197142 0.114237 0.0188364
9.9964E-05 0.0947113 0.904889 9.9964E-05 9.9964E-05 9.9964E-05
0.00184439 9.9964E-05 9.9964E-05 0.997756 9.9964E-05 9.9964E-05
9.996E-05 9.996E-05 9.996E-05 0.9995 9.996E-05 9.996E-05
9.99729E-05 0.0911918 9.99729E-05 9.99729E-05 0.155858 0.75265
0.0646598 9.9964E-05 9.9964E-05 0.93494 9.9964E-05 9.9964E-05
0.0653357 9.9973E-05 9.9973E-05 0.928202 9.9973E-05 0.00616232
0.253353 0.0252533 0.0102096 0.688155 9.9991E-05 0.0229288
0.28467 0.0339579 9.9982E-05 0.676196 9.9982E-05 0.00497611
0.582706 9.99821E-05 0.000280166 0.0957264 0.321087 9.99821E-05
9.99641E-05 0.00294976 9.99641E-05 0.99665 9.99641E-05 9.99641E-05
0.885468 9.9973E-05 9.9973E-05 0.101575 9.9973E-05 0.0126568
9.99819E-05 0.226239 9.99819E-05 0.0388911 0.176644 0.558025
9.9973E-05 9.9973E-05 9.9973E-05 0.975459 0.0137608 0.0104799
9.99642E-05 9.99642E-05 9.99642E-05 0.043541 0.956059 9.99642E-05
0.157664 0.0141809 0.0233884 0.0246863 0.774542 0.00553768
9.9991E-05 0.397651 0.0505995 0.140439 0.25201 0.1592
9.99639E-05 9.99639E-05 9.99639E-05 0.112574 0.887026 9.99639E-05
9.9982E-05 0.0100694 0.00699945 0.0868646 0.895867 9.9982E-05
0.00413896 0.0718451 0.0110605 9.9991E-05 0.862059 0.0507968
0.0776013 9.9973E-05 9.9973E-05 9.9973E-05 0.661848 0.260251
0.0540814 0.105731 9.9982E-05 9.9982E-05 0.760718 0.0792692
0.0104688 0.18747 0.101857 9.9991E-05 0.477864 0.222241
0.0532489 0.0901242 0.0368244 0.0467964 0.678643 0.094363
0.026903 0.118949 9.9991E-05 0.142876 0.48174 0.229431
9.99644E-05 9.99644E-05 0.0200444 9.99644E-05 0.979556 9.99644E-05
0.9995 9.996E-05 9.996E-05 9.996E-05 9.996E-05 9.996E-05
0.9995 9.996E-05 9.996E-05 9.996E-05 9.996E-05 9.996E-05
0.9995 9.996E-05 9.996E-05 9.996E-05 9.996E-05 9.996E-05
0.9995 9.996E-05 9.996E-05 9.996E-05 9.996E-05 9.996E-05
0.9995 9.996E-05 9.996E-05 9.996E-05 9.996E-05 9.996E-05
0.613373 0.022111 0.0306058 0.284047 0.00713482 0.0427281
0.997376 0.00222455 9.99639E-05 9.99639E-05 9.99639E-05 9.99639E-05
9.9964E-05 9.9964E-05 9.9964E-05 9.9964E-05 0.967513 0.0320876
0.604751 9.9973E-05 9.9973E-05 0.072595 0.322354 9.9973E-05
9.996E-05 9.996E-05 9.996E-05 0.9995 9.996E-05 9.996E-05
0.0156484 0.0467856 9.9982E-05 9.9982E-05 0.0459967 0.891369
9.9973E-05 9.9973E-05 9.9973E-05 0.0703015 0.595912 0.333486
9.996E-05 9.996E-05 9.996E-05 9.996E-05 9.996E-05 0.9995
9.99639E-05 9.99639E-05 9.99639E-05 9.99639E-05 0.107958 0.891642
9.99819E-05 0.0884819 0.00544483 9.99819E-05 0.03085 0.875023
9.99641E-05 9.99641E-05 0.916886 9.99641E-05 0.0827139 9.99641E-05
9.996E-05 9.996E-05 9.996E-05 0.9995 9.996E-05 9.996E-05
0.196019 0.16969 0.0428842 0.191223 0.273515 0.126669
9.99641E-05 9.99641E-05 9.99641E-05 0.966649 9.99641E-05 0.0329515
0.00582632 9.9973E-05 9.9973E-05 0.96354 0.0303339 9.9973E-05
0.078444 9.9973E-05 9.9973E-05 0.90932 9.9973E-05 0.0119365
0.0815355 9.9964E-05 9.9964E-05 0.918065 9.9964E-05 9.9964E-05
9.99641E-05 9.99641E-05 9.99641E-05 0.920225 0.0793756 9.99641E-05
9.99639E-05 9.99639E-05 9.99639E-05 0.995379 0.00422112 9.99639E-05
0.467059 9.99643E-05 9.99643E-05 0.532541 9.99643E-05 9.99643E-05
0.299721 9.99732E-05 9.99732E-05 0.517406 9.99732E-05 0.182573
0.0583339 9.9973E-05 0.000836668 0.940529 9.9973E-05 9.9973E-05
0.135004 0.0692716 9.9991E-05 0.0440661 0.596794 0.154764
0.140582 0.0644143 9.9991E-05 0.041714 0.579892 0.173297
9.996E-05 0.9995 9.996E-05 9.996E-05 9.996E-05 9.996E-05
9.996E-05 0.9995 9.996E-05 9.996E-05 9.996E-05 9.996E-05
0.0818181 0.0235095 9.9982E-05 9.9982E-05 0.839606 0.0548663
0.0719435 0.0315617 9.9982E-05 9.9982E-05 0.783983 0.112312
0.012457 0.987143 9.9964E-05 9.9964E-05 9.9964E-05 9.9964E-05
9.996E-05 0.9995 9.996E-05 9.996E-05 9.996E-05 9.996E-05
0.00672633 9.9973E-05 9.9973E-05 9.9973E-05 0.981321 0.0116524
0.0337683 9.9982E-05 0.0546508 9.9982E-05 0.621896 0.289485
0.602636 9.9982E-05 9.9982E-05 0.0873438 0.300502 0.0093186
9.9991E-05 0.28024 0.0975556 0.0433975 0.184991 0.393716
9.99821E-05 0.295646 0.0723921 9.99821E-05 0.26965 0.362112
0.328955 0.0481528 0.0403551 0.577971 9.9991E-05 0.00446545
