9.9982E-05 0.018503 9.9982E-05 0.981297
0.333086 0.265449 9.9991E-05 0.401365
0.834667 0.0492026 0.0833974 0.0327334
0.9997 9.998E-05 9.998E-05 9.998E-05
0.429353 0.336077 9.9991E-05 0.23447
0.976941 9.9991E-05 0.00689038 0.0160684
0.0458914 0.438739 9.99911E-05 0.51527
0.408018 0.512215 9.9991E-05 0.0796674
0.0117501 0.498572 9.9991E-05 0.489578
9.9982E-05 0.175033 9.9982E-05 0.824767
9.9982E-05 0.122273 9.9982E-05 0.877527
0.0666165 9.9982E-05 9.9982E-05 0.933184
0.0546817 9.99821E-05 9.99821E-05 0.945118
0.970948 9.9991E-05 0.0168312 0.0121207
0.974224 9.9982E-05 0.0255763 9.9982E-05
0.0172985 0.0401164 9.9991E-05 0.942485
0.0565771 9.9991E-05 0.167824 0.775499
9.9991E-05 0.100936 0.756425 0.142538
9.998E-05 9.998E-05 0.9997 9.998E-05
9.9982E-05 0.0132459 9.9982E-05 0.986554
9.998E-05 9.998E-05 0.9997 9.998E-05
9.998E-05 9.998E-05 9.998E-05 0.9997
0.0495102 0.0819863 0.513283 0.35522
9.9982E-05 9.9982E-05 0.971581 0.0282192
0.9997 9.998E-05 9.998E-05 9.998E-05
0.9997 9.998E-05 9.998E-05 9.998E-05
9.998E-05 9.998E-05 9.998E-05 0.9997
0.906539 0.0932613 9.9982E-05 9.9982E-05
0.928365 0.0714353 9.9982E-05 9.9982E-05
0.726818 0.251238 0.0218435 9.9991E-05
0.673159 0.324698 0.00204348 9.9991E-05
0.110824 0.634241 9.9991E-05 0.254835
0.999172 0.000627566 9.9982E-05 9.9982E-05
0.0631486 0.936651 9.9982E-05 9.9982E-05
0.0819696 9.9982E-05 9.9982E-05 0.91783
0.992395 9.9982E-05 9.9982E-05 0.00740511
0.0801724 9.99821E-05 9.99821E-05 0.919628
9.9991E-05 0.242244 0.0341243 0.723532
0.188538 9.9991E-05 0.148222 0.66314
0.129528 9.99819E-05 9.99819E-05 0.870272
0.099609 0.0341039 9.9991E-05 0.866187
9.9982E-05 0.0171085 9.9982E-05 0.982692
9.9982E-05 0.0775444 9.9982E-05 0.922256
9.9982E-05 0.102407 9.9982E-05 0.897393
9.9991E-05 0.0548399 0.136127 0.808933
0.0570672 0.0949124 0.037677 0.810343
0.143935 0.0547475 9.9991E-05 0.801218
9.99911E-05 0.00536466 0.0152446 0.979291
9.998E-05 0.9997 9.998E-05 9.998E-05
9.998E-05 0.9997 9.998E-05 9.998E-05
9.998E-05 0.9997 9.998E-05 9.998E-05
9.998E-05 0.9997 9.998E-05 9.998E-05
9.998E-05 0.9997 9.998E-05 9.998E-05
0.216917 0.650891 0.0474504 0.0847422
9.998E-05 0.9997 9.998E-05 9.998E-05
9.998E-05 9.998E-05 9.998E-05 0.9997
0.121231 0.603378 9.9991E-05 0.275291
0.9997 9.998E-05 9.998E-05 9.998E-05
0.0269927 9.99821E-05 9.99821E-05 0.972807
0.0773315 9.9982E-05 9.9982E-05 0.922469
9.998E-05 9.998E-05 9.998E-05 0.9997
9.998E-05 9.998E-05 9.998E-05 0.9997
9.9982E-05 9.9982E-05 0.0033686 0.996431
9.9991E-05 0.0341654 0.90216 0.0635746
0.9997 9.998E-05 9.998E-05 9.998E-05
0.177329 0.315467 0.0351522 0.472051
0.9997 9.998E-05 9.998E-05 9.998E-05
0.940615 0.0528422 9.9991E-05 0.00644236
0.924931 0.0676238 9.9991E-05 0.007345
0.946021 0.04499 0.00888893 9.9991E-05
0.935367 0.0504277 9.9991E-05 0.014105
0.9997 9.998E-05 9.998E-05 9.998E-05
0.509827 0.489973 9.99821E-05 9.99821E-05
0.528159 0.448867 0.0185618 0.00441173
0.984754 0.0150457 9.9982E-05 9.9982E-05
0.0866973 0.116751 9.9991E-05 0.796452
0.0548966 0.152873 9.9991E-05 0.792131
0.122904 9.9991E-05 0.204758 0.672239
0.123758 9.9991E-05 0.214661 0.661482
9.99819E-05 0.14328 9.99819E-05 0.85652
9.99819E-05 0.131127 9.99819E-05 0.868673
0.131686 0.00968179 0.185141 0.673492
0.125934 9.9991E-05 0.197903 0.676063
9.9982E-05 0.0399454 9.9982E-05 0.959855
9.9991E-05 0.085302 0.0207516 0.893846
0.100976 0.653201 9.9991E-05 0.245723
0.0825694 9.9991E-05 0.20327 0.714061
0.0122448 9.9991E-05 0.145508 0.842148
0.592417 0.345246 0.0622368 9.9991E-05
