0.00167965 9.9982E-05 9.9982E-05 0.99812
0.327832 9.9991E-05 0.273709 0.398359
0.0346831 0.0752677 0.827893 0.0621564
9.998E-05 9.998E-05 0.9997 9.998E-05
0.339895 9.9991E-05 0.459298 0.200707
9.998E-05 9.998E-05 0.9997 9.998E-05
0.473263 9.99821E-05 9.99821E-05 0.526537
0.501495 9.9991E-05 0.425424 0.0729809
0.512638 9.99821E-05 9.99821E-05 0.487162
0.178481 9.9982E-05 9.9982E-05 0.821319
0.142543 9.9982E-05 9.9982E-05 0.857257
9.9982E-05 9.9982E-05 0.0509328 0.948867
9.99821E-05 9.99821E-05 0.0668923 0.932908
9.999E-05 0.0351023 0.963984 0.000813394
9.999E-05 0.00449519 0.966779 0.028626
0.0719431 9.9991E-05 0.00899438 0.918963
9.9991E-05 0.157103 0.0571871 0.78561
0.0943248 0.766077 9.9991E-05 0.139499
9.998E-05 0.9997 9.998E-05 9.998E-05
0.0243527 9.9982E-05 9.9982E-05 0.975447
9.998E-05 0.9997 9.998E-05 9.998E-05
9.998E-05 9.998E-05 9.998E-05 0.9997
0.0557209 0.542911 0.0353329 0.366035
9.9982E-05 0.977723 9.9982E-05 0.0220771
9.998E-05 9.998E-05 0.9997 9.998E-05
9.998E-05 9.998E-05 0.9997 9.998E-05
9.998E-05 9.998E-05 9.998E-05 0.9997
0.0710649 9.9982E-05 0.928735 9.9982E-05
0.087486 9.9982E-05 0.912314 9.9982E-05
0.255563 0.0346736 0.709664 9.9991E-05
0.300394 0.0183081 0.681198 9.9991E-05
0.639259 9.9991E-05 0.0984663 0.262175
9.998E-05 9.998E-05 0.9997 9.998E-05
0.896074 9.9982E-05 0.103726 9.9982E-05
9.9982E-05 9.9982E-05 0.0905493 0.909251
9.9982E-05 9.9982E-05 0.998444 0.00135556
9.99821E-05 9.99821E-05 0.0697288 0.930071
0.250417 0.0478461 9.9991E-05 0.701637
9.9991E-05 0.144007 0.208198 0.647696
9.9982E-05 9.9982E-05 0.134654 0.865146
0.0152716 0.000769886 0.074472 0.909487
0.0478273 0.0105562 9.9991E-05 0.941516
0.0981225 9.9982E-05 9.9982E-05 0.901678
0.0725812 0.00346144 9.9991E-05 0.923857
0.063137 0.131461 9.9991E-05 0.805302
0.11461 0.0600068 0.0275973 0.797786
0.0510973 9.9991E-05 0.128789 0.820014
9.99822E-05 0.0183888 9.99822E-05 0.981411
0.9997 9.998E-05 9.998E-05 9.998E-05
0.9997 9.998E-05 9.998E-05 9.998E-05
0.9997 9.998E-05 9.998E-05 9.998E-05
0.9997 9.998E-05 9.998E-05 9.998E-05
0.9997 9.998E-05 9.998E-05 9.998E-05
0.65222 0.0357223 0.229566 0.082492
0.9997 9.998E-05 9.998E-05 9.998E-05
9.998E-05 9.998E-05 9.998E-05 0.9997
0.644157 9.9991E-05 0.0625305 0.293213
9.998E-05 9.998E-05 0.9997 9.998E-05
9.99821E-05 9.99821E-05 0.0136713 0.986129
0.0446914 9.9991E-05 0.0634826 0.891726
9.998E-05 9.998E-05 9.998E-05 0.9997
9.998E-05 9.998E-05 9.998E-05 0.9997
9.998E-05 9.998E-05 9.998E-05 0.9997
0.0301473 0.92173 9.9991E-05 0.0480223
0.0107947 9.99821E-05 0.989005 9.99821E-05
0.0337335 0.0903086 0.418954 0.457003
0.0264218 9.99821E-05 0.973378 9.99821E-05
0.0265458 9.9991E-05 0.955494 0.0178606
0.0845347 9.9982E-05 0.915265 9.9982E-05
0.0601951 0.00103756 0.938667 9.9991E-05
9.9982E-05 9.9982E-05 0.946637 0.053163
9.998E-05 9.998E-05 0.9997 9.998E-05
0.555724 9.99821E-05 0.444076 9.99821E-05
0.413463 0.0395724 0.526839 0.0201256
0.0280326 9.9991E-05 0.961064 0.0108034
0.175916 9.9991E-05 0.0374346 0.78655
0.197927 9.9991E-05 0.0255984 0.776375
9.9991E-05 0.171042 0.150595 0.678263
9.9991E-05 0.186014 0.140633 0.673253
0.158075 9.99819E-05 9.99819E-05 0.841725
0.137857 9.99819E-05 9.99819E-05 0.861943
9.9991E-05 0.149231 0.123526 0.727143
9.9991E-05 0.182602 0.11982 0.697478
0.0570163 9.9982E-05 9.9982E-05 0.942784
0.0705161 0.0422203 9.9991E-05 0.887164
0.641652 9.9991E-05 0.0826304 0.275618
9.9991E-05 0.185062 0.123151 0.691687
9.99821E-05 0.122501 9.99821E-05 0.877299
0.301637 0.0644325 0.633831 9.9991E-05
