0.014661 0.0603189 9.99008E-05 9.99008E-05 9.99008E-05 9.99008E-05 9.99008E-05 9.99008E-05 9.99008E-05 9.99008E-05 9.99008E-05 0.923921 9.99008E-05 9.99008E-05
9.99189E-05 0.0409137 0.170432 0.00953238 9.99189E-05 9.99189E-05 0.740529 9.99189E-05 9.99189E-05 9.99189E-05 9.99189E-05 0.0376931 9.99189E-05 9.99189E-05
0.0505405 9.99465E-05 0.363342 9.99465E-05 9.99465E-05 0.144094 0.0217231 9.99465E-05 9.99465E-05 0.0664705 0.0215552 9.99465E-05 0.0428228 0.288852
0.0288684 9.9919E-05 0.852371 9.9919E-05 9.9919E-05 9.9919E-05 9.9919E-05 9.9919E-05 0.0230003 9.9919E-05 0.00472645 9.9919E-05 9.9919E-05 0.0901346
9.99371E-05 0.107892 0.39467 9.99371E-05 9.99371E-05 0.125578 0.0472663 9.99371E-05 0.0679211 9.99371E-05 0.202268 0.0537057 9.99371E-05 9.99371E-05
9.9892E-05 9.9892E-05 0.997305 9.9892E-05 9.9892E-05 9.9892E-05 9.9892E-05 0.00149632 9.9892E-05 9.9892E-05 9.9892E-05 9.9892E-05 9.9892E-05 9.9892E-05
9.98831E-05 9.98831E-05 9.98831E-05 9.98831E-05 9.98831E-05 9.98831E-05 9.98831E-05 9.98831E-05 9.98831E-05 9.98831E-05 0.998702 9.98831E-05 9.98831E-05 9.98831E-05
9.99279E-05 0.0925805 0.00503367 9.99279E-05 9.99279E-05 0.676587 0.112322 9.99279E-05 0.0552826 9.99279E-05 9.99279E-05 9.99279E-05 9.99279E-05 0.0573956
9.9919E-05 9.9919E-05 9.9919E-05 0.00633119 0.00890752 9.9919E-05 0.0398633 9.9919E-05 0.00363613 9.9919E-05 0.940363 9.9919E-05 9.9919E-05 9.9919E-05
9.9892E-05 0.859793 9.9892E-05 9.9892E-05 9.9892E-05 9.9892E-05 9.9892E-05 9.9892E-05 9.9892E-05 9.9892E-05 0.139009 9.9892E-05 9.9892E-05 9.9892E-05
9.98921E-05 0.913923 9.98921E-05 9.98921E-05 9.98921E-05 9.98921E-05 9.98921E-05 9.98921E-05 9.98921E-05 9.98921E-05 0.0848784 9.98921E-05 9.98921E-05 9.98921E-05
0.138275 9.9928E-05 0.00265056 0.0342309 9.9928E-05 9.9928E-05 9.9928E-05 9.9928E-05 9.9928E-05 0.169838 9.9928E-05 0.643124 9.9928E-05 0.0110827
9.99012E-05 9.99012E-05 9.99012E-05 9.99012E-05 9.99012E-05 9.99012E-05 9.99012E-05 9.99012E-05 9.99012E-05 0.957176 0.0211059 9.99012E-05 9.99012E-05 0.0206189
9.9901E-05 9.9901E-05 0.955664 9.9901E-05 9.9901E-05 9.9901E-05 0.013002 9.9901E-05 9.9901E-05 9.9901E-05 9.9901E-05 9.9901E-05 0.0302351 9.9901E-05
9.9901E-05 9.9901E-05 0.956296 9.9901E-05 9.9901E-05 9.9901E-05 9.9901E-05 9.9901E-05 9.9901E-05 9.9901E-05 9.9901E-05 0.0185794 0.0240256 9.9901E-05
9.99011E-05 0.0226694 9.99011E-05 9.99011E-05 0.819724 9.99011E-05 9.99011E-05 9.99011E-05 9.99011E-05 0.156508 9.99011E-05 9.99011E-05 9.99011E-05 9.99011E-05
9.98918E-05 0.0785642 9.98918E-05 0.920237 9.98918E-05 9.98918E-05 9.98918E-05 9.98918E-05 9.98918E-05 9.98918E-05 9.98918E-05 9.98918E-05 9.98918E-05 9.98918E-05
9.99098E-05 0.102133 9.99098E-05 9.99098E-05 0.0565269 9.99098E-05 9.99098E-05 9.99098E-05 9.99098E-05 9.99098E-05 9.99098E-05 0.00452315 0.835818 9.99098E-05
0.0183757 9.9892E-05 9.9892E-05 9.9892E-05 9.9892E-05 9.9892E-05 9.9892E-05 0.980426 9.9892E-05 9.9892E-05 9.9892E-05 9.9892E-05 9.9892E-05 9.9892E-05
0.0301301 0.466551 9.9919E-05 0.0761157 0.304547 9.9919E-05 9.9919E-05 9.9919E-05 9.9919E-05 9.9919E-05 9.9919E-05 0.121757 9.9919E-05 9.9919E-05
9.98829E-05 9.98829E-05 9.98829E-05 9.98829E-05 9.98829E-05 9.98829E-05 9.98829E-05 9.98829E-05 9.98829E-05 9.98829E-05 9.98829E-05 9.98829E-05 0.998702 9.98829E-05
9.99279E-05 0.108891 9.99279E-05 0.0866098 0.290034 9.99279E-05 0.0301209 9.99279E-05 9.99279E-05 0.0327611 9.99279E-05 0.450784 9.99279E-05 9.99279E-05
0.196199 0.183375 9.99101E-05 0.277488 9.99101E-05 9.99101E-05 9.99101E-05 9.99101E-05 9.99101E-05 9.99101E-05 9.99101E-05 9.99101E-05 0.341939 9.99101E-05
0.0315176 0.00883199 9.99189E-05 0.0110531 9.99189E-05 9.99189E-05 9.99189E-05 0.771633 9.99189E-05 9.99189E-05 9.99189E-05 9.99189E-05 0.176065 9.99189E-05
9.98922E-05 9.98922E-05 0.39778 9.98922E-05 9.98922E-05 9.98922E-05 9.98922E-05 9.98922E-05 9.98922E-05 9.98922E-05 9.98922E-05 9.98922E-05 9.98922E-05 0.601021
9.98921E-05 9.98921E-05 0.838756 9.98921E-05 9.98921E-05 9.98921E-05 9.98921E-05 9.98921E-05 9.98921E-05 9.98921E-05 9.98921E-05 9.98921E-05 9.98921E-05 0.160045
0.0380298 0.0921613 9.99188E-05 0.0403512 9.99188E-05 9.99188E-05 9.99188E-05 9.99188E-05 9.99188E-05 0.770984 9.99188E-05 0.0575742 9.99188E-05 9.99188E-05
9.98831E-05 9.98831E-05 9.98831E-05 9.98831E-05 9.98831E-05 9.98831E-05 9.98831E-05 9.98831E-05 9.98831E-05 9.98831E-05 9.98831E-05 9.98831E-05 9.98831E-05 0.998702
9.9883E-05 9.9883E-05 9.9883E-05 9.9883E-05 9.9883E-05 9.9883E-05 9.9883E-05 9.9883E-05 9.9883E-05 9.9883E-05 9.9883E-05 9.9883E-05 9.9883E-05 0.998702
9.99461E-05 9.99461E-05 0.291997 0.0122475 9.99461E-05 0.195863 0.0514075 0.0450249 0.0822902 0.0037068 9.99461E-05 9.99461E-05 9.99461E-05 0.316864
0.0294984 9.99369E-05 0.213293 0.0120079 9.99369E-05 0.514114 0.0599072 9.99369E-05 0.0255195 9.99369E-05 9.99369E-05 9.99369E-05 9.99369E-05 0.14496
9.98833E-05 9.98833E-05 9.98833E-05 9.98833E-05 9.98833E-05 9.98833E-05 0.998702 9.98833E-05 9.98833E-05 9.98833E-05 9.98833E-05 9.98833E-05 9.98833E-05 9.98833E-05
9.99101E-05 9.99101E-05 0.625241 9.99101E-05 0.0271672 0.167036 9.99101E-05 9.99101E-05 9.99101E-05 9.99101E-05 9.99101E-05 9.99101E-05 9.99101E-05 0.179556
9.99192E-05 9.99192E-05 9.99192E-05 9.99192E-05 9.99192E-05 0.259786 0.0525191 9.99192E-05 0.673274 0.00242154 9.99192E-05 9.99192E-05 9.99192E-05 0.0111004
0.105446 0.0146854 9.99277E-05 0.265126 9.99277E-05 0.0824122 9.99277E-05 9.99277E-05 9.99277E-05 0.481173 9.99277E-05 0.0503588 9.99277E-05 9.99277E-05
9.99099E-05 9.99099E-05 0.447371 0.0320342 9.99099E-05 0.0395432 9.99099E-05 9.99099E-05 9.99099E-05 9.99099E-05 9.99099E-05 9.99099E-05 9.99099E-05 0.480052
9.9892E-05 9.9892E-05 9.9892E-05 9.9892E-05 9.9892E-05 0.0554586 9.9892E-05 9.9892E-05 9.9892E-05 9.9892E-05 9.9892E-05 0.943343 9.9892E-05 9.9892E-05
9.9919E-05 0.627582 0.0362493 9.9919E-05 9.9919E-05 9.9919E-05 0.236862 0.00633855 9.9919E-05 9.9919E-05 9.9919E-05 0.0920683 9.9919E-05 9.9919E-05
9.98918E-05 9.98918E-05 9.98918E-05 0.975238 9.98918E-05 0.0235632 9.98918E-05 9.98918E-05 9.98918E-05 9.98918E-05 9.98918E-05 9.98918E-05 9.98918E-05 9.98918E-05
9.99278E-05 0.281346 0.106086 0.130516 0.296651 9.99278E-05 9.99278E-05 9.99278E-05 9.99278E-05 9.99278E-05 9.99278E-05 0.177535 0.0070674 9.99278E-05
9.99368E-05 0.270563 0.0528775 0.0760024 0.313223 9.99368E-05 0.0174175 9.99368E-05 9.99368E-05 9.99368E-05 9.99368E-05 0.23147 0.0377479 9.99368E-05
9.99189E-05 0.893067 9.99189E-05 0.000435426 0.0581655 9.99189E-05 9.99189E-05 9.99189E-05 9.99189E-05 0.0087319 9.99189E-05 0.0387005 9.99189E-05 9.99189E-05
9.9928E-05 0.0101675 9.9928E-05 9.9928E-05 0.765567 9.9928E-05 9.9928E-05 9.9928E-05 9.9928E-05 0.0872467 0.0936983 0.0418591 0.000661653 9.9928E-05
9.9919E-05 0.937012 9.9919E-05 0.0141831 9.9919E-05 9.9919E-05 9.9919E-05 9.9919E-05 9.9919E-05 0.0128162 9.9919E-05 0.0300778 9.9919E-05 0.00501132
0.101005 0.443809 9.9955E-05 9.9955E-05 0.0558445 9.9955E-05 0.0599336 0.117488 0.0040204 0.158838 0.0177254 0.0408368 9.9955E-05 9.9955E-05
9.9955E-05 0.448606 0.0718604 0.0448968 0.183846 0.0173164 0.0438235 0.0596402 9.9955E-05 0.020716 9.9955E-05 0.108795 9.9955E-05 9.9955E-05
9.993E-05 0.205074 0.0706672 0.313504 9.993E-05 9.993E-05 9.993E-05 9.993E-05 0.0227306 0.0789429 0.0885563 0.219825 9.993E-05 9.993E-05
9.98928E-05 9.98928E-05 9.98928E-05 9.98928E-05 9.98928E-05 9.98928E-05 9.98928E-05 9.98928E-05 9.98928E-05 9.98928E-05 9.98928E-05 0.998545 0.000256332 9.98928E-05
9.98831E-05 9.98831E-05 9.98831E-05 9.98831E-05 9.98831E-05 9.98831E-05 9.98831E-05 9.98831E-05 0.998702 9.98831E-05 9.98831E-05 9.98831E-05 9.98831E-05 9.98831E-05
9.98831E-05 9.98831E-05 9.98831E-05 9.98831E-05 9.98831E-05 9.98831E-05 9.98831E-05 9.98831E-05 0.998702 9.98831E-05 9.98831E-05 9.98831E-05 9.98831E-05 9.98831E-05
9.98832E-05 9.98832E-05 9.98832E-05 9.98832E-05 9.98832E-05 9.98832E-05 9.98832E-05 9.98832E-05 0.998702 9.98832E-05 9.98832E-05 9.98832E-05 9.98832E-05 9.98832E-05
9.98922E-05 9.98922E-05 9.98922E-05 9.98922E-05 9.98922E-05 9.98922E-05 9.98922E-05 9.98922E-05 0.99617 9.98922E-05 9.98922E-05 9.98922E-05 0.00263139 9.98922E-05
9.98921E-05 9.98921E-05 9.98921E-05 9.98921E-05 9.98921E-05 0.020427 9.98921E-05 9.98921E-05 0.978374 9.98921E-05 9.98921E-05 9.98921E-05 9.98921E-05 9.98921E-05
9.99461E-05 0.0319624 9.99461E-05 9.99461E-05 0.0697115 0.223772 0.0352667 9.99461E-05 0.388634 9.99461E-05 0.0808501 9.99461E-05 0.0283583 0.140845
9.98921E-05 9.98921E-05 9.98921E-05 9.98921E-05 9.98921E-05 9.98921E-05 0.0924876 9.98921E-05 0.906314 9.98921E-05 9.98921E-05 9.98921E-05 9.98921E-05 9.98921E-05
9.99008E-05 9.99008E-05 9.99008E-05 9.99008E-05 0.180458 9.99008E-05 9.99008E-05 9.99008E-05 9.99008E-05 0.00986213 9.99008E-05 0.808581 9.99008E-05 9.99008E-05
0.00607702 9.99189E-05 9.99189E-05 9.99189E-05 9.99189E-05 9.99189E-05 0.919397 9.99189E-05 0.0206173 9.99189E-05 0.0272798 9.99189E-05 9.99189E-05 0.0257295
9.98918E-05 9.98918E-05 0.612986 9.98918E-05 9.98918E-05 9.98918E-05 9.98918E-05 9.98918E-05 9.98918E-05 9.98918E-05 9.98918E-05 9.98918E-05 9.98918E-05 0.385815
9.9919E-05 9.9919E-05 9.9919E-05 9.9919E-05 0.11491 9.9919E-05 9.9919E-05 9.9919E-05 0.0230776 0.804306 9.9919E-05 0.0247947 0.0320119 9.9919E-05
9.98923E-05 9.98923E-05 9.98923E-05 9.98923E-05 0.902793 9.98923E-05 9.98923E-05 9.98923E-05 9.98923E-05 0.0960087 9.98923E-05 9.98923E-05 9.98923E-05 9.98923E-05
9.98924E-05 9.98924E-05 9.98924E-05 9.98924E-05 9.98924E-05 9.98924E-05 9.98924E-05 9.98924E-05 9.98924E-05 0.958274 0.0405278 9.98924E-05 9.98924E-05 9.98924E-05
9.99009E-05 0.123371 9.99009E-05 9.99009E-05 9.99009E-05 9.99009E-05 0.0138567 9.99009E-05 9.99009E-05 0.861674 9.99009E-05 9.99009E-05 9.99009E-05 9.99009E-05
0.0219269 0.156411 9.99098E-05 9.99098E-05 9.99098E-05 9.99098E-05 9.99098E-05 0.00425558 9.99098E-05 0.816407 9.99098E-05 9.99098E-05 9.99098E-05 9.99098E-05
9.99011E-05 9.99011E-05 9.99011E-05 9.99011E-05 9.99011E-05 0.021837 9.99011E-05 0.929094 9.99011E-05 9.99011E-05 9.99011E-05 0.0479696 9.99011E-05 9.99011E-05
9.98923E-05 9.98923E-05 0.427601 9.98923E-05 9.98923E-05 9.98923E-05 9.98923E-05 9.98923E-05 9.98923E-05 9.98923E-05 9.98923E-05 9.98923E-05 9.98923E-05 0.5712
0.0223255 9.99641E-05 9.99641E-05 0.0221506 0.226045 0.0783643 0.21313 0.0462903 0.0798464 0.152891 9.99641E-05 0.0353337 9.99641E-05 0.123224
9.99104E-05 9.99104E-05 0.848692 9.99104E-05 9.99104E-05 0.0755387 9.99104E-05 9.99104E-05 9.99104E-05 0.00921905 9.99104E-05 9.99104E-05 9.99104E-05 0.0655514
9.9937E-05 9.9937E-05 0.759753 0.022933 9.9937E-05 0.00591935 9.9937E-05 9.9937E-05 0.0031607 9.9937E-05 0.015115 0.0255562 9.9937E-05 0.166863
9.98921E-05 9.98921E-05 9.98921E-05 9.98921E-05 0.00392445 9.98921E-05 9.98921E-05 9.98921E-05 9.98921E-05 9.98921E-05 9.98921E-05 9.98921E-05 9.98921E-05 0.994877
9.98921E-05 9.98921E-05 9.98921E-05 9.98921E-05 9.98921E-05 9.98921E-05 9.98921E-05 9.98921E-05 9.98921E-05 9.98921E-05 9.98921E-05 9.98921E-05 0.0035769 0.995224
0.0185426 0.0131706 0.784362 9.99461E-05 0.00297153 0.103098 0.0165542 9.99461E-05 9.99461E-05 9.99461E-05 0.0243542 9.99461E-05 9.99461E-05 0.0363472
9.99099E-05 9.99099E-05 0.606375 0.00606036 9.99099E-05 9.99099E-05 9.99099E-05 9.99099E-05 0.00435355 9.99099E-05 9.99099E-05 9.99099E-05 9.99099E-05 0.382212
9.98829E-05 9.98829E-05 9.98829E-05 9.98829E-05 9.98829E-05 0.998702 9.98829E-05 9.98829E-05 9.98829E-05 9.98829E-05 9.98829E-05 9.98829E-05 9.98829E-05 9.98829E-05
9.9901E-05 9.9901E-05 9.9901E-05 9.9901E-05 9.9901E-05 0.908643 9.9901E-05 9.9901E-05 9.9901E-05 0.0710072 0.0192513 9.9901E-05 9.9901E-05 9.9901E-05
0.00114239 9.99191E-05 0.824979 9.99191E-05 9.99191E-05 9.99191E-05 9.99191E-05 9.99191E-05 0.0444387 9.99191E-05 9.99191E-05 9.99191E-05 0.000607356 0.127933
9.9901E-05 9.9901E-05 9.9901E-05 9.9901E-05 0.987361 9.9901E-05 0.00338204 9.9901E-05 0.00815762 9.9901E-05 9.9901E-05 9.9901E-05 9.9901E-05 9.9901E-05
0.000813398 9.9892E-05 9.9892E-05 9.9892E-05 0.997988 9.9892E-05 9.9892E-05 9.9892E-05 9.9892E-05 9.9892E-05 9.9892E-05 9.9892E-05 9.9892E-05 9.9892E-05
0.998702 9.98831E-05 9.98831E-05 9.98831E-05 9.98831E-05 9.98831E-05 9.98831E-05 9.98831E-05 9.98831E-05 9.98831E-05 9.98831E-05 9.98831E-05 9.98831E-05 9.98831E-05
0.998702 9.98832E-05 9.98832E-05 9.98832E-05 9.98832E-05 9.98832E-05 9.98832E-05 9.98832E-05 9.98832E-05 9.98832E-05 9.98832E-05 9.98832E-05 9.98832E-05 9.98832E-05
9.99189E-05 0.803007 9.99189E-05 9.99189E-05 0.0570055 9.99189E-05 0.0811874 9.99189E-05 9.99189E-05 0.0509097 9.99189E-05 9.99189E-05 9.99189E-05 0.00699069
9.99189E-05 0.757163 9.99189E-05 9.99189E-05 0.117696 9.99189E-05 0.0412394 9.99189E-05 9.99189E-05 0.0754931 9.99189E-05 0.00750915 9.99189E-05 9.99189E-05
0.97932 0.00799382 9.99102E-05 9.99102E-05 0.00459717 9.99102E-05 0.0070899 9.99102E-05 9.99102E-05 9.99102E-05 9.99102E-05 9.99102E-05 9.99102E-05 9.99102E-05
0.998702 9.98831E-05 9.98831E-05 9.98831E-05 9.98831E-05 9.98831E-05 9.98831E-05 9.98831E-05 9.98831E-05 9.98831E-05 9.98831E-05 9.98831E-05 9.98831E-05 9.98831E-05
9.99099E-05 9.99099E-05 9.99099E-05 9.99099E-05 9.99099E-05 9.99099E-05 9.99099E-05 9.99099E-05 0.010234 0.0157387 0.00511837 0.96791 9.99099E-05 9.99099E-05
9.99369E-05 0.113648 9.99369E-05 9.99369E-05 0.472202 9.99369E-05 9.99369E-05 0.00863016 9.99369E-05 0.183285 0.124578 0.0311826 0.0657753 9.99369E-05
9.9901E-05 9.9901E-05 9.9901E-05 9.9901E-05 9.9901E-05 9.9901E-05 0.927732 9.9901E-05 0.0363662 9.9901E-05 0.0348031 9.9901E-05 9.9901E-05 9.9901E-05
0.0382988 0.168273 0.0372126 0.37806 9.99282E-05 9.99282E-05 9.99282E-05 0.134355 9.99282E-05 0.243 9.99282E-05 9.99282E-05 9.99282E-05 9.99282E-05
0.0610515 9.99192E-05 9.99192E-05 0.583236 9.99192E-05 9.99192E-05 9.99192E-05 0.0129964 9.99192E-05 0.248601 9.99192E-05 0.0932152 9.99192E-05 9.99192E-05
0.063485 9.99281E-05 9.99281E-05 9.99281E-05 9.99281E-05 0.570533 0.0418838 9.99281E-05 0.00865021 9.99281E-05 9.99281E-05 9.99281E-05 0.0274535 0.287195
