9.99098E-05 9.99098E-05 9.99098E-05 9.99098E-05 0.943234 9.99098E-05 0.0304461 9.99098E-05 9.99098E-05 0.00558217 0.0197384 9.99098E-05 9.99098E-05 9.99098E-05
0.00518263 9.99189E-05 9.99189E-05 0.113587 0.0275657 0.738594 9.99189E-05 0.114172 9.99189E-05 9.99189E-05 9.99189E-05 9.99189E-05 9.99189E-05 9.99189E-05
9.99287E-05 0.010482 0.0900723 0.692487 9.99287E-05 0.0311469 9.99287E-05 9.99287E-05 9.99287E-05 0.076984 9.99287E-05 0.0980283 9.99287E-05 9.99287E-05
9.9901E-05 9.9901E-05 9.9901E-05 0.953528 9.9901E-05 9.9901E-05 9.9901E-05 9.9901E-05 9.9901E-05 0.0333816 0.0119915 9.9901E-05 9.9901E-05 9.9901E-05
9.99551E-05 9.99551E-05 0.120556 0.352996 0.0680196 0.0749359 0.0444229 0.0195405 0.0411645 9.99551E-05 9.99551E-05 9.99551E-05 0.0392642 0.238602
9.99101E-05 9.99101E-05 0.00316231 0.959098 9.99101E-05 9.99101E-05 0.000328208 9.99101E-05 0.036412 9.99101E-05 9.99101E-05 9.99101E-05 9.99101E-05 9.99101E-05
9.98829E-05 9.98829E-05 9.98829E-05 9.98829E-05 9.98829E-05 9.98829E-05 9.98829E-05 9.98829E-05 9.98829E-05 9.98829E-05 9.98829E-05 9.98829E-05 9.98829E-05 0.998702
9.99189E-05 9.99189E-05 0.688087 0.0988452 9.99189E-05 0.0810423 9.99189E-05 9.99189E-05 9.99189E-05 9.99189E-05 0.0667265 9.99189E-05 0.0643994 9.99189E-05
0.0130996 9.99099E-05 9.99099E-05 9.99099E-05 9.99099E-05 0.0371593 9.99099E-05 9.99099E-05 9.99099E-05 9.99099E-05 9.99099E-05 9.99099E-05 0.0074084 0.941334
9.9892E-05 9.9892E-05 9.9892E-05 9.9892E-05 9.9892E-05 9.9892E-05 9.9892E-05 9.9892E-05 9.9892E-05 9.9892E-05 0.793186 9.9892E-05 9.9892E-05 0.205615
9.98922E-05 9.98922E-05 9.98922E-05 9.98922E-05 9.98922E-05 9.98922E-05 9.98922E-05 9.98922E-05 9.98922E-05 9.98922E-05 0.837151 9.98922E-05 9.98922E-05 0.161651
9.9919E-05 9.9919E-05 9.9919E-05 0.0161199 0.654667 9.9919E-05 9.9919E-05 9.9919E-05 0.045917 0.136778 9.9919E-05 0.145619 9.9919E-05 9.9919E-05
9.99013E-05 9.99013E-05 9.99013E-05 0.00947977 9.99013E-05 9.99013E-05 9.99013E-05 9.99013E-05 9.99013E-05 9.99013E-05 9.99013E-05 0.977671 9.99013E-05 0.0117501
9.99191E-05 0.0132921 9.99191E-05 0.937443 0.00710695 0.00223803 9.99191E-05 9.99191E-05 0.0390204 9.99191E-05 9.99191E-05 9.99191E-05 9.99191E-05 9.99191E-05
9.99162E-05 9.99162E-05 9.99162E-05 0.916157 0.0354438 9.99162E-05 0.00879956 9.99162E-05 9.99162E-05 9.99162E-05 0.0386007 9.99162E-05 9.99162E-05 9.99162E-05
0.756291 9.991E-05 9.991E-05 9.991E-05 9.991E-05 9.991E-05 9.991E-05 9.991E-05 0.0884946 9.991E-05 0.04768 0.106536 9.991E-05 9.991E-05
9.9901E-05 9.9901E-05 9.9901E-05 9.9901E-05 9.9901E-05 9.9901E-05 0.0226634 0.944121 9.9901E-05 9.9901E-05 0.0321164 9.9901E-05 9.9901E-05 9.9901E-05
0.0253656 0.717681 9.99279E-05 9.99279E-05 9.99279E-05 0.0460983 9.99279E-05 0.0330005 9.99279E-05 9.99279E-05 0.173799 9.99279E-05 0.00325618 9.99279E-05
9.9892E-05 0.930839 9.9892E-05 9.9892E-05 9.9892E-05 9.9892E-05 9.9892E-05 9.9892E-05 9.9892E-05 0.0679628 9.9892E-05 9.9892E-05 9.9892E-05 9.9892E-05
0.326305 9.99189E-05 9.99189E-05 9.99189E-05 0.0652709 9.99189E-05 9.99189E-05 9.99189E-05 0.124802 0.036273 0.44645 9.99189E-05 9.99189E-05 9.99189E-05
9.98832E-05 0.998702 9.98832E-05 9.98832E-05 9.98832E-05 9.98832E-05 9.98832E-05 9.98832E-05 9.98832E-05 9.98832E-05 9.98832E-05 9.98832E-05 9.98832E-05 9.98832E-05
0.282663 0.00269751 9.99279E-05 9.99279E-05 0.5422 9.99279E-05 9.99279E-05 0.0804763 9.99279E-05 9.99279E-05 0.0518927 0.0392708 9.99279E-05 9.99279E-05
9.98828E-05 9.98828E-05 9.98828E-05 9.98828E-05 9.98828E-05 9.98828E-05 0.998702 9.98828E-05 9.98828E-05 9.98828E-05 9.98828E-05 9.98828E-05 9.98828E-05 9.98828E-05
9.99009E-05 0.714257 9.99009E-05 9.99009E-05 9.99009E-05 9.99009E-05 0.223312 9.99009E-05 0.0613325 9.99009E-05 9.99009E-05 9.99009E-05 9.99009E-05 9.99009E-05
9.99012E-05 9.99012E-05 9.99012E-05 0.968934 9.99012E-05 9.99012E-05 9.99012E-05 9.99012E-05 9.99012E-05 9.99012E-05 9.99012E-05 9.99012E-05 0.0282723 0.0016944
9.98833E-05 9.98833E-05 9.98833E-05 0.998702 9.98833E-05 9.98833E-05 9.98833E-05 9.98833E-05 9.98833E-05 9.98833E-05 9.98833E-05 9.98833E-05 9.98833E-05 9.98833E-05
9.99278E-05 9.99278E-05 9.99278E-05 9.99278E-05 0.0794535 9.99278E-05 0.00682465 0.0392191 9.99278E-05 0.0238273 0.0839737 0.765902 9.99278E-05 9.99278E-05
9.9901E-05 9.9901E-05 9.9901E-05 0.886191 9.9901E-05 9.9901E-05 9.9901E-05 9.9901E-05 9.9901E-05 9.9901E-05 9.9901E-05 9.9901E-05 0.0853529 0.0273574
0.0151487 9.9919E-05 9.9919E-05 0.897829 9.9919E-05 0.00938738 9.9919E-05 9.9919E-05 9.9919E-05 9.9919E-05 9.9919E-05 9.9919E-05 0.0519787 0.0247569
9.99372E-05 0.0217538 0.170146 0.589174 9.99372E-05 0.0339143 9.99372E-05 0.0351179 9.99372E-05 0.021331 9.99372E-05 9.99372E-05 0.127863 9.99372E-05
9.9928E-05 9.9928E-05 0.454555 0.385121 9.9928E-05 9.9928E-05 9.9928E-05 0.0208693 0.0166948 0.028674 9.9928E-05 9.9928E-05 0.0932856 9.9928E-05
9.98834E-05 9.98834E-05 9.98834E-05 9.98834E-05 9.98834E-05 0.998702 9.98834E-05 9.98834E-05 9.98834E-05 9.98834E-05 9.98834E-05 9.98834E-05 9.98834E-05 9.98834E-05
0.0100386 9.99011E-05 0.185548 0.803314 9.99011E-05 9.99011E-05 9.99011E-05 9.99011E-05 9.99011E-05 9.99011E-05 9.99011E-05 9.99011E-05 9.99011E-05 9.99011E-05
9.98922E-05 9.98922E-05 0.266486 9.98922E-05 9.98922E-05 9.98922E-05 9.98922E-05 9.98922E-05 9.98922E-05 9.98922E-05 9.98922E-05 9.98922E-05 0.732316 9.98922E-05
9.99368E-05 9.99368E-05 0.0784967 9.99368E-05 0.0475664 9.99368E-05 9.99368E-05 0.279886 0.028666 0.0989431 0.00922727 0.456515 9.99368E-05 9.99368E-05
0.00856538 9.99279E-05 0.0362975 0.917293 9.99279E-05 9.99279E-05 9.99279E-05 0.0167802 0.0116915 9.99279E-05 9.99279E-05 0.00857307 9.99279E-05 9.99279E-05
9.9892E-05 9.9892E-05 0.0576228 9.9892E-05 0.941178 9.9892E-05 9.9892E-05 9.9892E-05 9.9892E-05 9.9892E-05 9.9892E-05 9.9892E-05 9.9892E-05 9.9892E-05
9.99279E-05 9.99279E-05 0.00440889 9.99279E-05 0.0619789 0.22521 0.0543041 0.0431651 9.99279E-05 9.99279E-05 0.610134 9.99279E-05 9.99279E-05 9.99279E-05
9.9883E-05 9.9883E-05 9.9883E-05 9.9883E-05 9.9883E-05 9.9883E-05 9.9883E-05 0.998702 9.9883E-05 9.9883E-05 9.9883E-05 9.9883E-05 9.9883E-05 9.9883E-05
0.21906 9.99188E-05 9.99188E-05 0.0695779 0.267399 9.99188E-05 9.99188E-05 0.194043 9.99188E-05 9.99188E-05 0.249022 9.99188E-05 9.99188E-05 9.99188E-05
0.194763 0.0177716 9.99368E-05 0.0344612 0.294177 0.0341922 9.99368E-05 0.142432 9.99368E-05 9.99368E-05 0.281504 9.99368E-05 9.99368E-05 9.99368E-05
9.9901E-05 9.9901E-05 9.9901E-05 9.9901E-05 9.9901E-05 9.9901E-05 9.9901E-05 0.0491432 0.00697337 9.9901E-05 0.942785 9.9901E-05 9.9901E-05 9.9901E-05
0.850355 9.9919E-05 9.9919E-05 9.9919E-05 0.0240311 9.9919E-05 9.9919E-05 9.9919E-05 9.9919E-05 9.9919E-05 0.0193116 0.041448 9.9919E-05 0.0639549
9.9901E-05 9.9901E-05 9.9901E-05 9.9901E-05 9.9901E-05 9.9901E-05 9.9901E-05 9.9901E-05 0.0804002 9.9901E-05 0.89876 0.019741 9.9901E-05 9.9901E-05
0.0368869 9.99459E-05 9.99459E-05 9.99459E-05 0.0553832 0.0264561 0.212738 9.99459E-05 0.17887 0.019204 0.363119 0.106743 9.99459E-05 9.99459E-05
0.108839 9.994E-05 0.000650753 0.0634582 0.112232 0.0229448 0.0326902 9.994E-05 0.129647 9.994E-05 0.528938 9.994E-05 9.994E-05 9.994E-05
9.99459E-05 9.99459E-05 9.99459E-05 0.0808053 0.184032 9.99459E-05 9.99459E-05 0.217415 0.232406 9.99459E-05 0.143197 0.032273 0.0444426 0.0648295
9.98838E-05 9.98838E-05 9.98838E-05 9.98838E-05 0.998702 9.98838E-05 9.98838E-05 9.98838E-05 9.98838E-05 9.98838E-05 9.98838E-05 9.98838E-05 9.98838E-05 9.98838E-05
9.98831E-05 9.98831E-05 9.98831E-05 9.98831E-05 9.98831E-05 9.98831E-05 9.98831E-05 9.98831E-05 9.98831E-05 9.98831E-05 9.98831E-05 9.98831E-05 0.998702 9.98831E-05
9.98921E-05 0.00246893 9.98921E-05 9.98921E-05 9.98921E-05 9.98921E-05 9.98921E-05 9.98921E-05 9.98921E-05 9.98921E-05 9.98921E-05 9.98921E-05 0.996332 9.98921E-05
0.0232863 9.98922E-05 9.98922E-05 9.98922E-05 9.98922E-05 9.98922E-05 9.98922E-05 9.98922E-05 9.98922E-05 9.98922E-05 9.98922E-05 9.98922E-05 0.975515 9.98922E-05
9.98833E-05 9.98833E-05 9.98833E-05 9.98833E-05 9.98833E-05 9.98833E-05 9.98833E-05 9.98833E-05 9.98833E-05 9.98833E-05 9.98833E-05 9.98833E-05 0.998702 9.98833E-05
9.98921E-05 9.98921E-05 0.00011476 9.98921E-05 9.98921E-05 9.98921E-05 9.98921E-05 9.98921E-05 9.98921E-05 9.98921E-05 9.98921E-05 9.98921E-05 0.998687 9.98921E-05
0.0606189 9.99371E-05 0.31758 0.0973689 9.99371E-05 0.0804532 0.0740669 9.99371E-05 9.99371E-05 9.99371E-05 9.99371E-05 9.99371E-05 0.343786 0.0254258
0.00669116 9.99011E-05 9.99011E-05 9.99011E-05 9.99011E-05 0.0598817 9.99011E-05 9.99011E-05 9.99011E-05 9.99011E-05 9.99011E-05 9.99011E-05 0.932328 9.99011E-05
0.148117 9.99061E-05 9.99061E-05 9.99061E-05 0.794404 9.99061E-05 9.99061E-05 9.99061E-05 0.0563802 9.99061E-05 9.99061E-05 9.99061E-05 9.99061E-05 9.99061E-05
9.99189E-05 9.99189E-05 9.99189E-05 9.99189E-05 9.99189E-05 0.886212 9.99189E-05 9.99189E-05 9.99189E-05 0.0100089 9.99189E-05 0.0036536 0.0552993 0.0439274
9.9892E-05 9.9892E-05 9.9892E-05 0.98845 9.9892E-05 9.9892E-05 9.9892E-05 0.0103509 9.9892E-05 9.9892E-05 9.9892E-05 9.9892E-05 9.9892E-05 9.9892E-05
0.0859445 9.991E-05 9.991E-05 9.991E-05 0.0447824 9.991E-05 9.991E-05 9.991E-05 9.991E-05 0.0414775 9.991E-05 0.826797 9.991E-05 9.991E-05
0.851676 9.99012E-05 9.99012E-05 9.99012E-05 9.99012E-05 9.99012E-05 9.99012E-05 9.99012E-05 0.114613 9.99012E-05 9.99012E-05 0.0326122 9.99012E-05 9.99012E-05
9.98834E-05 9.98834E-05 9.98834E-05 9.98834E-05 9.98834E-05 9.98834E-05 9.98834E-05 9.98834E-05 9.98834E-05 9.98834E-05 9.98834E-05 0.998702 9.98834E-05 9.98834E-05
9.9901E-05 9.9901E-05 9.9901E-05 0.00322809 9.9901E-05 9.9901E-05 9.9901E-05 9.9901E-05 9.9901E-05 9.9901E-05 0.11649 0.879183 9.9901E-05 9.9901E-05
9.99369E-05 0.00171846 9.99369E-05 9.99369E-05 9.99369E-05 9.99369E-05 0.00143027 0.00542111 0.00603727 0.0582788 0.0843074 0.842107 9.99369E-05 9.99369E-05
9.99013E-05 0.916835 9.99013E-05 9.99013E-05 0.078532 9.99013E-05 9.99013E-05 9.99013E-05 9.99013E-05 9.99013E-05 9.99013E-05 9.99013E-05 0.00353423 9.99013E-05
0.00346422 9.98937E-05 9.98937E-05 0.995337 9.98937E-05 9.98937E-05 9.98937E-05 9.98937E-05 9.98937E-05 9.98937E-05 9.98937E-05 9.98937E-05 9.98937E-05 9.98937E-05
0.0316144 0.0268362 9.99551E-05 0.185409 0.108842 9.99551E-05 0.0184929 0.184938 9.99551E-05 0.068468 9.99551E-05 9.99551E-05 0.0714568 0.303443
0.00792453 9.99104E-05 0.0463666 0.93224 9.99104E-05 9.99104E-05 9.99104E-05 9.99104E-05 9.99104E-05 9.99104E-05 9.99104E-05 0.0124697 9.99104E-05 9.99104E-05
9.99001E-05 9.99001E-05 9.99001E-05 0.916236 0.0193311 9.99001E-05 9.99001E-05 0.044905 9.99001E-05 9.99001E-05 9.99001E-05 9.99001E-05 9.99001E-05 0.0185294
0.0238866 9.9928E-05 0.0531076 0.842018 9.9928E-05 0.00353974 9.9928E-05 9.9928E-05 9.9928E-05 9.9928E-05 9.9928E-05 9.9928E-05 0.0557769 0.0208718
0.0281437 0.00686109 9.99191E-05 0.902791 9.99191E-05 9.99191E-05 9.99191E-05 9.99191E-05 9.99191E-05 9.99191E-05 9.99191E-05 9.99191E-05 0.0290973 0.0322075
9.99281E-05 9.99281E-05 0.0992159 0.787401 9.99281E-05 0.0230073 9.99281E-05 0.0277214 9.99281E-05 9.99281E-05 0.0518853 9.99281E-05 9.99281E-05 0.00996937
9.9901E-05 9.9901E-05 9.9901E-05 0.949489 9.9901E-05 9.9901E-05 9.9901E-05 0.0269642 9.9901E-05 9.9901E-05 9.9901E-05 9.9901E-05 9.9901E-05 0.0224478
9.98829E-05 9.98829E-05 0.998702 9.98829E-05 9.98829E-05 9.98829E-05 9.98829E-05 9.98829E-05 9.98829E-05 9.98829E-05 9.98829E-05 9.98829E-05 9.98829E-05 9.98829E-05
9.9892E-05 9.9892E-05 0.964503 9.9892E-05 9.9892E-05 9.9892E-05 9.9892E-05 9.9892E-05 9.9892E-05 9.9892E-05 9.9892E-05 0.0342984 9.9892E-05 9.9892E-05
0.0037981 9.99192E-05 9.99192E-05 0.95946 9.99192E-05 9.99192E-05 0.0125559 9.99192E-05 9.99192E-05 0.0195595 0.00372739 9.99192E-05 9.99192E-05 9.99192E-05
0.960172 9.99099E-05 0.00301784 0.0212626 9.99099E-05 9.99099E-05 9.99099E-05 9.99099E-05 9.99099E-05 0.0145483 9.99099E-05 9.99099E-05 9.99099E-05 9.99099E-05
0.988676 9.9892E-05 9.9892E-05 9.9892E-05 9.9892E-05 9.9892E-05 9.9892E-05 9.9892E-05 9.9892E-05 9.9892E-05 9.9892E-05 9.9892E-05 0.0101257 9.9892E-05
9.98832E-05 9.98832E-05 9.98832E-05 9.98832E-05 9.98832E-05 9.98832E-05 9.98832E-05 9.98832E-05 9.98832E-05 0.998702 9.98832E-05 9.98832E-05 9.98832E-05 9.98832E-05
9.98832E-05 9.98832E-05 9.98832E-05 9.98832E-05 9.98832E-05 9.98832E-05 9.98832E-05 9.98832E-05 9.98832E-05 0.998702 9.98832E-05 9.98832E-05 9.98832E-05 9.98832E-05
0.0042229 9.9919E-05 9.9919E-05 9.9919E-05 0.000352581 0.0681167 9.9919E-05 9.9919E-05 9.9919E-05 9.9919E-05 0.898843 0.0275651 9.9919E-05 9.9919E-05
0.0642265 9.991E-05 9.991E-05 9.991E-05 9.991E-05 0.025372 9.991E-05 9.991E-05 9.991E-05 9.991E-05 0.864969 0.0444329 9.991E-05 9.991E-05
0.0079434 9.99371E-05 0.00472203 9.99371E-05 9.99371E-05 0.0113466 9.99371E-05 0.0162843 9.99371E-05 0.953196 0.00216279 9.99371E-05 9.99371E-05 0.0036453
9.98832E-05 9.98832E-05 9.98832E-05 9.98832E-05 9.98832E-05 9.98832E-05 9.98832E-05 9.98832E-05 9.98832E-05 0.998702 9.98832E-05 9.98832E-05 9.98832E-05 9.98832E-05
0.0290427 9.99009E-05 9.99009E-05 9.99009E-05 0.935572 9.99009E-05 9.99009E-05 9.99009E-05 9.99009E-05 9.99009E-05 9.99009E-05 0.0342866 9.99009E-05 9.99009E-05
0.441468 0.0664515 9.9955E-05 9.9955E-05 0.0223155 0.0270268 0.0146478 0.0133729 9.9955E-05 9.9955E-05 0.113706 0.190863 9.9955E-05 0.109648
9.99009E-05 9.99009E-05 9.99009E-05 9.99009E-05 9.99009E-05 0.845062 9.99009E-05 9.99009E-05 9.99009E-05 9.99009E-05 9.99009E-05 9.99009E-05 0.0730759 0.0807636
9.9883E-05 9.9883E-05 9.9883E-05 9.9883E-05 9.9883E-05 9.9883E-05 9.9883E-05 9.9883E-05 0.998702 9.9883E-05 9.9883E-05 9.9883E-05 9.9883E-05 9.9883E-05
9.99101E-05 9.99101E-05 9.99101E-05 9.99101E-05 0.0852709 9.99101E-05 9.99101E-05 0.0260438 0.852246 9.99101E-05 9.99101E-05 0.0354401 9.99101E-05 9.99101E-05
9.99281E-05 0.00046514 0.548516 0.343896 9.99281E-05 9.99281E-05 0.0443004 9.99281E-05 9.99281E-05 0.00943205 9.99281E-05 9.99281E-05 0.0525912 9.99281E-05
