9.9973E-05 0.0125018 0.987198 9.9973E-05 9.9973E-05
0.316986 0.0318379 0.355123 0.295953 9.9991E-05
0.0396337 0.0535169 0.0773502 0.794214 0.035285
9.9973E-05 0.0124974 9.9973E-05 0.987203 9.9973E-05
0.295477 9.99821E-05 0.224938 0.479386 9.99821E-05
9.9973E-05 0.0017398 9.9973E-05 0.99796 9.9973E-05
0.400622 9.99821E-05 0.575396 0.0237822 9.99821E-05
0.468669 0.0177943 0.0783025 0.435134 9.9991E-05
0.400102 9.99821E-05 0.556135 0.0435624 9.99821E-05
0.130476 0.101219 0.768105 9.9982E-05 9.9982E-05
0.134021 0.1119 0.753879 9.9982E-05 9.9982E-05
9.9982E-05 0.140913 0.796128 0.0627589 9.9982E-05
9.99911E-05 0.00272645 0.921118 0.0701292 0.00592657
9.9982E-05 0.0104502 9.9982E-05 0.955289 0.034061
9.9973E-05 9.9973E-05 9.9973E-05 0.983366 0.0163338
0.0686892 0.0187354 0.909466 0.00300922 9.9991E-05
9.999E-05 0.381938 0.505145 0.00781093 0.105007
0.0822277 9.9982E-05 0.205297 9.9982E-05 0.712275
9.9973E-05 0.0745364 9.9973E-05 9.9973E-05 0.925164
0.0177673 0.15046 0.831573 9.9982E-05 9.9982E-05
9.997E-05 9.997E-05 9.997E-05 9.997E-05 0.9996
9.9982E-05 0.0383946 0.944044 0.017361 9.9982E-05
0.0467025 0.419065 0.103636 0.0163582 0.414238
9.9973E-05 0.0984594 9.9973E-05 9.9973E-05 0.901241
0.0380705 9.9973E-05 9.9973E-05 0.96163 9.9973E-05
9.997E-05 9.997E-05 9.997E-05 0.9996 9.997E-05
9.9973E-05 0.0730612 0.926639 9.9973E-05 9.9973E-05
0.104727 9.9973E-05 9.9973E-05 0.894973 9.9973E-05
0.101807 9.9973E-05 9.9973E-05 0.897893 9.9973E-05
0.276205 9.99821E-05 9.99821E-05 0.678829 0.0447657
0.305289 0.0419873 9.9982E-05 0.652524 9.9982E-05
0.604501 9.99821E-05 0.269001 0.126297 9.99821E-05
9.997E-05 9.997E-05 9.997E-05 0.9996 9.997E-05
0.929383 9.9982E-05 0.00550564 0.064911 9.9982E-05
9.9982E-05 0.247152 0.691108 0.0615408 9.9982E-05
9.99729E-05 9.99729E-05 0.0230187 0.976681 9.99729E-05
9.99821E-05 0.0237738 0.886629 0.0893975 9.99821E-05
0.203378 0.0229238 0.720112 0.0295031 0.0240826
9.9991E-05 0.426022 0.355872 0.154087 0.0639186
9.9991E-05 0.0437443 0.774559 0.164188 0.0174082
9.9991E-05 0.0899784 0.792452 0.110367 0.00710232
0.0171493 0.102709 0.854501 9.9991E-05 0.0255414
0.0621309 9.9973E-05 0.937569 9.9973E-05 9.9973E-05
0.0739577 0.14487 0.778322 9.9991E-05 0.00275005
0.0278208 0.197251 0.647731 9.9991E-05 0.127097
0.0320648 0.0940419 0.720876 0.102619 0.0503984
0.0540427 0.17809 0.639642 0.128125 9.9991E-05
0.0151209 0.00247687 0.954516 9.99911E-05 0.0277858
0.9996 9.997E-05 9.997E-05 9.997E-05 9.997E-05
0.9996 9.997E-05 9.997E-05 9.997E-05 9.997E-05
0.992592 9.9982E-05 9.9982E-05 0.00605149 0.0011564
0.9996 9.997E-05 9.997E-05 9.997E-05 9.997E-05
0.9996 9.997E-05 9.997E-05 9.997E-05 9.997E-05
0.607953 0.0267965 0.0707297 0.258059 0.036462
0.978605 0.021095 9.9973E-05 9.9973E-05 9.9973E-05
9.997E-05 9.997E-05 0.9996 9.997E-05 9.997E-05
0.57408 0.00816646 0.314107 0.103547 9.9991E-05
9.997E-05 9.997E-05 9.997E-05 0.9996 9.997E-05
9.99731E-05 0.0369279 0.962772 9.99731E-05 9.99731E-05
9.9982E-05 0.0123975 0.910309 0.0770938 9.9982E-05
9.99732E-05 9.99732E-05 0.977587 9.99732E-05 0.022113
9.9973E-05 0.00269256 0.997008 9.9973E-05 9.9973E-05
9.9982E-05 0.110974 0.868076 9.9982E-05 0.0207491
0.0153611 9.99821E-05 0.0560907 9.99821E-05 0.928348
9.997E-05 9.997E-05 9.997E-05 0.9996 9.997E-05
0.130572 0.0622557 0.514356 0.251635 0.0411817
9.997E-05 9.997E-05 9.997E-05 0.9996 9.997E-05
0.0342003 9.9982E-05 0.0265809 0.939019 9.9982E-05
0.0950867 9.9982E-05 0.00679616 0.897917 9.9982E-05
0.0713955 9.9991E-05 0.00246467 0.92394 0.0020999
0.0216467 0.0377278 0.0326494 0.907876 9.9991E-05
9.9973E-05 0.0132212 9.9973E-05 0.986479 9.9973E-05
0.528226 9.99732E-05 9.99732E-05 0.471474 9.99732E-05
0.430808 9.99911E-05 0.0539691 0.503996 0.011127
0.00842096 9.9982E-05 0.0243865 0.966993 9.9982E-05
0.121931 0.045651 0.771176 0.0611423 9.9991E-05
0.127895 0.0485357 0.776895 0.0465737 9.9991E-05
9.997E-05 0.9996 9.997E-05 9.997E-05 9.997E-05
9.997E-05 0.9996 9.997E-05 9.997E-05 9.997E-05
0.0891855 0.086513 0.824101 9.99819E-05 9.99819E-05
0.0936999 0.0521065 0.849368 9.9991E-05 0.00472513
0.000841925 0.998858 9.9973E-05 9.9973E-05 9.9973E-05
9.997E-05 0.9996 9.997E-05 9.997E-05 9.997E-05
0.00769096 9.9973E-05 0.992009 9.9973E-05 9.9973E-05
0.0365646 9.9991E-05 0.889533 0.0103653 0.0634367
0.643278 9.9982E-05 0.282329 0.0741931 9.9982E-05
9.9991E-05 0.274134 0.519049 0.0577303 0.148987
9.9991E-05 0.344958 0.54683 0.00818335 0.0999279
0.363767 0.0115425 9.9991E-05 0.585896 0.0386936
