9.99189E-05 9.99189E-05 9.99189E-05 9.99189E-05 9.99189E-05 0.955462 0.00630592 9.99189E-05 0.0373333 9.99189E-05 9.99189E-05 9.99189E-05
0.0480058 9.99369E-05 0.111479 9.99369E-05 9.99369E-05 0.0680314 0.0135555 0.758229 9.99369E-05 9.99369E-05 9.99369E-05 9.99369E-05
9.995E-05 0.0300004 0.577346 9.995E-05 0.0214454 9.995E-05 0.0647524 0.0459427 9.995E-05 0.0217762 9.995E-05 0.238238
9.9919E-05 9.9919E-05 0.958776 9.9919E-05 9.9919E-05 9.9919E-05 0.0307338 9.9919E-05 0.00959066 9.9919E-05 9.9919E-05 9.9919E-05
0.0136778 9.99551E-05 0.28892 9.99551E-05 9.99551E-05 0.0170332 9.99551E-05 0.196527 0.188798 9.99551E-05 0.0332901 0.261255
0.0315578 9.99191E-05 0.956006 0.0115369 9.99191E-05 9.99191E-05 9.99191E-05 9.99191E-05 9.99191E-05 9.99191E-05 9.99191E-05 9.99191E-05
9.99281E-05 0.225841 9.99281E-05 9.99281E-05 0.328775 9.99281E-05 9.99281E-05 0.0440131 9.99281E-05 9.99281E-05 9.99281E-05 0.400572
9.99459E-05 9.99459E-05 0.115698 9.99459E-05 9.99459E-05 9.99459E-05 0.029076 0.0958527 0.0786639 9.99459E-05 0.101392 0.578718
9.9937E-05 0.122459 9.9937E-05 9.9937E-05 0.33235 9.9937E-05 9.9937E-05 0.15077 0.0404459 9.9937E-05 9.9937E-05 0.353275
9.99101E-05 9.99101E-05 9.99101E-05 9.99101E-05 9.99101E-05 9.99101E-05 9.99101E-05 9.99101E-05 0.968627 9.99101E-05 9.99101E-05 0.0303736
9.99102E-05 9.99102E-05 9.99102E-05 9.99102E-05 9.99102E-05 9.99102E-05 9.99102E-05 9.99102E-05 0.978252 9.99102E-05 9.99102E-05 0.020749
9.9928E-05 0.141251 0.0223666 9.9928E-05 9.9928E-05 0.721278 0.114306 9.9928E-05 9.9928E-05 9.9928E-05 9.9928E-05 9.9928E-05
9.99101E-05 0.923873 9.99101E-05 9.99101E-05 9.99101E-05 9.99101E-05 9.99101E-05 9.99101E-05 9.99101E-05 9.99101E-05 9.99101E-05 0.0751278
0.0371767 9.99281E-05 0.923371 9.99281E-05 9.99281E-05 9.99281E-05 9.99281E-05 0.0276261 9.99281E-05 0.0110272 9.99281E-05 9.99281E-05
9.99371E-05 9.99371E-05 0.936262 9.99371E-05 9.99371E-05 0.0287682 0.004999 0.0194544 9.99371E-05 0.00981675 9.99371E-05 9.99371E-05
0.082779 0.0969055 9.9919E-05 9.9919E-05 0.819416 9.9919E-05 9.9919E-05 9.9919E-05 9.9919E-05 9.9919E-05 9.9919E-05 9.9919E-05
0.903537 9.99099E-05 9.99099E-05 9.99099E-05 9.99099E-05 9.99099E-05 9.99099E-05 9.99099E-05 0.0954643 9.99099E-05 9.99099E-05 9.99099E-05
9.99459E-05 9.99459E-05 9.99459E-05 9.99459E-05 0.0726762 0.0354082 9.99459E-05 0.0676953 0.0869099 0.705795 0.0309154 9.99459E-05
9.99191E-05 9.99191E-05 9.99191E-05 0.110279 9.99191E-05 9.99191E-05 0.039554 9.99191E-05 9.99191E-05 0.849268 9.99191E-05 9.99191E-05
0.123536 9.99369E-05 9.99369E-05 9.99369E-05 0.33841 0.0801321 0.0397597 9.99369E-05 0.417462 9.99369E-05 9.99369E-05 9.99369E-05
9.99102E-05 9.99102E-05 9.99102E-05 0.0094429 9.99102E-05 9.99102E-05 9.99102E-05 9.99102E-05 9.99102E-05 0.989558 9.99102E-05 9.99102E-05
0.162824 0.00671391 9.99459E-05 0.0211736 0.333796 0.46293 9.99459E-05 9.99459E-05 0.0119641 9.99459E-05 9.99459E-05 9.99459E-05
0.294177 9.9946E-05 9.9946E-05 9.9946E-05 9.9946E-05 9.9946E-05 0.123482 0.00161809 0.161317 0.412784 0.0060228 9.9946E-05
9.99189E-05 9.99189E-05 9.99189E-05 9.99189E-05 9.99189E-05 9.99189E-05 0.00219203 9.99189E-05 0.0694111 0.927498 9.99189E-05 9.99189E-05
9.99102E-05 9.99102E-05 0.991369 9.99102E-05 9.99102E-05 9.99102E-05 9.99102E-05 9.99102E-05 9.99102E-05 9.99102E-05 0.00763147 9.99102E-05
9.99012E-05 9.99012E-05 0.998901 9.99012E-05 9.99012E-05 9.99012E-05 9.99012E-05 9.99012E-05 9.99012E-05 9.99012E-05 9.99012E-05 9.99012E-05
0.039047 0.802724 9.99368E-05 9.99368E-05 9.99368E-05 0.0491876 0.039895 9.99368E-05 0.0684467 9.99368E-05 9.99368E-05 9.99368E-05
9.99191E-05 9.99191E-05 0.933481 9.99191E-05 9.99191E-05 9.99191E-05 9.99191E-05 9.99191E-05 9.99191E-05 9.99191E-05 0.0531915 0.012428
9.99281E-05 9.99281E-05 0.857021 9.99281E-05 0.0211671 9.99281E-05 9.99281E-05 0.0384408 9.99281E-05 9.99281E-05 0.082572 9.99281E-05
0.00518643 9.99551E-05 0.53507 0.0536881 9.99551E-05 9.99551E-05 0.00294641 0.0245764 9.99551E-05 9.99551E-05 0.151085 0.226948
0.0328006 9.99369E-05 0.402815 9.99369E-05 9.99369E-05 9.99369E-05 0.0111833 9.99369E-05 9.99369E-05 9.99369E-05 0.105486 0.447016
9.99013E-05 9.99013E-05 9.99013E-05 9.99013E-05 9.99013E-05 9.99013E-05 9.99013E-05 0.998901 9.99013E-05 9.99013E-05 9.99013E-05 9.99013E-05
9.99101E-05 9.99101E-05 0.839545 9.99101E-05 9.99101E-05 9.99101E-05 9.99101E-05 9.99101E-05 9.99101E-05 9.99101E-05 9.99101E-05 0.159456
9.99191E-05 9.99191E-05 9.99191E-05 9.99191E-05 9.99191E-05 9.99191E-05 0.016605 9.99191E-05 9.99191E-05 9.99191E-05 0.754678 0.227817
0.372659 0.445338 0.0228541 9.99548E-05 9.99548E-05 0.0494831 0.082958 9.99548E-05 0.024551 9.99548E-05 0.00165715 9.99548E-05
0.0396735 9.99278E-05 0.849894 9.99278E-05 0.00194711 9.99278E-05 9.99278E-05 9.99278E-05 9.99278E-05 9.99278E-05 9.99278E-05 0.107686
0.0354743 9.9919E-05 9.9919E-05 9.9919E-05 9.9919E-05 0.952204 9.9919E-05 9.9919E-05 9.9919E-05 9.9919E-05 9.9919E-05 0.0114229
9.9937E-05 9.9937E-05 0.00454425 0.00197736 9.9937E-05 0.106799 9.9937E-05 0.205322 0.680658 9.9937E-05 9.9937E-05 9.9937E-05
0.964207 9.99188E-05 9.99188E-05 9.99188E-05 9.99188E-05 9.99188E-05 9.99188E-05 0.00914634 9.99188E-05 9.99188E-05 9.99188E-05 0.0257472
0.161342 9.99458E-05 0.0987439 0.0195911 0.269322 0.221837 9.99458E-05 9.99458E-05 0.228564 9.99458E-05 9.99458E-05 9.99458E-05
0.0611494 9.99548E-05 0.0759137 0.0235015 0.229979 0.254045 0.0658839 9.99548E-05 0.289028 9.99548E-05 9.99548E-05 9.99548E-05
0.00299726 9.9937E-05 9.9937E-05 9.9937E-05 0.0603336 0.0363483 0.00327334 9.9937E-05 0.896348 9.9937E-05 9.9937E-05 9.9937E-05
9.9946E-05 0.0504535 9.9946E-05 0.00228278 0.868394 0.0426701 9.9946E-05 9.9946E-05 0.0285178 0.00708252 9.9946E-05 9.9946E-05
0.0439706 0.028896 9.99459E-05 0.00306412 9.99459E-05 0.0127196 0.019073 9.99459E-05 0.891677 9.99459E-05 9.99459E-05 9.99459E-05
0.00423424 0.178631 9.9964E-05 9.9964E-05 0.0416291 0.0500682 0.0928985 0.0810175 0.44402 0.107101 9.9964E-05 9.9964E-05
0.117288 9.99549E-05 0.0362029 0.0734802 0.10572 0.120648 9.99549E-05 0.0377286 0.508432 9.99549E-05 9.99549E-05 9.99549E-05
0.351109 0.0840035 0.0562888 0.0153163 9.9955E-05 0.18926 9.9955E-05 9.9955E-05 0.238777 9.9955E-05 0.0647457 9.9955E-05
9.99017E-05 9.99017E-05 9.99017E-05 9.99017E-05 9.99017E-05 0.998901 9.99017E-05 9.99017E-05 9.99017E-05 9.99017E-05 9.99017E-05 9.99017E-05
9.99011E-05 9.99011E-05 9.99011E-05 9.99011E-05 9.99011E-05 9.99011E-05 9.99011E-05 9.99011E-05 9.99011E-05 9.99011E-05 0.998901 9.99011E-05
9.99101E-05 9.99101E-05 9.99101E-05 9.99101E-05 9.99101E-05 0.00195032 9.99101E-05 9.99101E-05 9.99101E-05 9.99101E-05 0.997051 9.99101E-05
9.99101E-05 9.99101E-05 9.99101E-05 0.00438565 9.99101E-05 9.99101E-05 9.99101E-05 9.99101E-05 9.99101E-05 9.99101E-05 0.994615 9.99101E-05
9.99012E-05 9.99012E-05 9.99012E-05 9.99012E-05 9.99012E-05 9.99012E-05 9.99012E-05 9.99012E-05 9.99012E-05 9.99012E-05 0.998901 9.99012E-05
9.99011E-05 9.99011E-05 9.99011E-05 9.99011E-05 9.99011E-05 9.99011E-05 9.99011E-05 9.99011E-05 9.99011E-05 9.99011E-05 0.998901 9.99011E-05
9.99551E-05 9.99551E-05 0.0909841 0.0422832 0.068231 9.99551E-05 9.99551E-05 0.053945 0.00815476 9.99551E-05 0.375392 0.36051
9.99101E-05 9.99101E-05 9.99101E-05 9.99101E-05 9.99101E-05 9.99101E-05 9.99101E-05 0.110709 9.99101E-05 9.99101E-05 0.888292 9.99101E-05
9.99099E-05 9.99099E-05 9.99099E-05 9.99099E-05 0.197998 0.801003 9.99099E-05 9.99099E-05 9.99099E-05 9.99099E-05 9.99099E-05 9.99099E-05
9.99189E-05 9.99189E-05 9.99189E-05 9.99189E-05 0.0405511 9.99189E-05 9.99189E-05 0.912989 9.99189E-05 9.99189E-05 0.0455602 9.99189E-05
0.0156197 9.99189E-05 0.972372 9.99189E-05 9.99189E-05 9.99189E-05 9.99189E-05 0.0111092 9.99189E-05 9.99189E-05 9.99189E-05 9.99189E-05
9.9928E-05 0.810127 9.9928E-05 9.9928E-05 0.0975538 0.0477015 0.0438184 9.9928E-05 9.9928E-05 9.9928E-05 9.9928E-05 9.9928E-05
9.99192E-05 0.050084 9.99192E-05 9.99192E-05 0.934484 0.0145331 9.99192E-05 9.99192E-05 9.99192E-05 9.99192E-05 9.99192E-05 9.99192E-05
9.99014E-05 0.998901 9.99014E-05 9.99014E-05 9.99014E-05 9.99014E-05 9.99014E-05 9.99014E-05 9.99014E-05 9.99014E-05 9.99014E-05 9.99014E-05
9.99099E-05 0.88634 9.99099E-05 9.99099E-05 9.99099E-05 9.99099E-05 9.99099E-05 9.99099E-05 0.11266 9.99099E-05 9.99099E-05 9.99099E-05
0.0130052 0.82763 9.99279E-05 9.99279E-05 9.99279E-05 9.99279E-05 0.0822183 9.99279E-05 0.0763469 9.99279E-05 9.99279E-05 9.99279E-05
9.9901E-05 9.9901E-05 9.9901E-05 0.998901 9.9901E-05 9.9901E-05 9.9901E-05 9.9901E-05 9.9901E-05 9.9901E-05 9.9901E-05 9.9901E-05
9.99014E-05 9.99014E-05 0.998901 9.99014E-05 9.99014E-05 9.99014E-05 9.99014E-05 9.99014E-05 9.99014E-05 9.99014E-05 9.99014E-05 9.99014E-05
0.255252 0.0446815 0.143003 0.0755587 0.0625069 0.0134209 0.036794 0.094493 0.019798 0.0233781 0.0714533 0.159661
9.99373E-05 0.0291001 0.918098 9.99373E-05 0.00904573 9.99373E-05 0.00206191 9.99373E-05 9.99373E-05 9.99373E-05 9.99373E-05 0.0409945
0.00849276 9.9937E-05 0.898427 9.9937E-05 9.9937E-05 0.043581 9.9937E-05 9.9937E-05 9.9937E-05 9.9937E-05 0.0115832 0.0372163
9.9928E-05 9.9928E-05 0.835663 9.9928E-05 0.0623659 9.9928E-05 9.9928E-05 9.9928E-05 9.9928E-05 9.9928E-05 0.0607549 0.0404166
9.99281E-05 9.99281E-05 0.939101 9.99281E-05 0.0120587 9.99281E-05 9.99281E-05 0.0403067 9.99281E-05 9.99281E-05 0.00773437 9.99281E-05
0.0165293 9.99371E-05 0.838702 9.99371E-05 9.99371E-05 0.0129127 9.99371E-05 9.99371E-05 0.0526269 9.99371E-05 9.99371E-05 0.0785294
0.0280702 9.9919E-05 0.970318 9.9919E-05 9.9919E-05 9.9919E-05 9.9919E-05 9.9919E-05 9.9919E-05 9.9919E-05 9.9919E-05 0.000712986
0.0139784 9.99188E-05 9.99188E-05 9.99188E-05 9.99188E-05 9.99188E-05 9.99188E-05 9.99188E-05 9.99188E-05 9.99188E-05 0.0345554 0.950567
9.99099E-05 0.01839 9.99099E-05 9.99099E-05 9.99099E-05 9.99099E-05 9.99099E-05 9.99099E-05 9.99099E-05 9.99099E-05 9.99099E-05 0.980611
9.99282E-05 0.0214171 0.927422 9.99282E-05 0.0146056 9.99282E-05 9.99282E-05 9.99282E-05 9.99282E-05 9.99282E-05 0.0357555 9.99282E-05
9.99369E-05 9.99369E-05 0.0222277 9.99369E-05 0.931764 9.99369E-05 0.00739074 0.0273719 9.99369E-05 9.99369E-05 0.0105463 9.99369E-05
9.99099E-05 9.99099E-05 9.99099E-05 9.99099E-05 0.967979 9.99099E-05 9.99099E-05 9.99099E-05 9.99099E-05 9.99099E-05 0.0310218 9.99099E-05
9.99101E-05 9.99101E-05 9.99101E-05 9.99101E-05 9.99101E-05 0.0106447 0.988356 9.99101E-05 9.99101E-05 9.99101E-05 9.99101E-05 9.99101E-05
9.99012E-05 9.99012E-05 9.99012E-05 9.99012E-05 9.99012E-05 9.99012E-05 0.998901 9.99012E-05 9.99012E-05 9.99012E-05 9.99012E-05 9.99012E-05
9.99369E-05 0.0475303 9.99369E-05 9.99369E-05 0.0973923 0.0367528 9.99369E-05 0.0741878 0.743437 9.99369E-05 9.99369E-05 9.99369E-05
9.99369E-05 0.0640061 9.99369E-05 9.99369E-05 0.0881545 0.00614041 9.99369E-05 0.0634374 0.777562 9.99369E-05 9.99369E-05 9.99369E-05
9.99347E-05 9.99347E-05 9.99347E-05 9.99347E-05 0.00329165 9.99347E-05 0.973117 9.99347E-05 0.00415154 9.99347E-05 9.99347E-05 0.0186403
9.99011E-05 9.99011E-05 9.99011E-05 9.99011E-05 9.99011E-05 9.99011E-05 0.998901 9.99011E-05 9.99011E-05 9.99011E-05 9.99011E-05 9.99011E-05
9.99189E-05 0.0460407 9.99189E-05 9.99189E-05 0.00813827 0.944922 9.99189E-05 9.99189E-05 9.99189E-05 9.99189E-05 9.99189E-05 9.99189E-05
9.9955E-05 0.131704 9.9955E-05 0.0237828 0.52208 0.0312021 9.9955E-05 0.0392916 0.195493 0.0559466 9.9955E-05 9.9955E-05
9.991E-05 9.991E-05 9.991E-05 9.991E-05 9.991E-05 9.991E-05 9.991E-05 0.95841 9.991E-05 9.991E-05 0.0405906 9.991E-05
0.655392 0.143713 0.00886226 0.0245434 9.99641E-05 9.99641E-05 0.00524362 9.99641E-05 0.140251 0.0177408 0.00385367 9.99641E-05
0.631814 0.182392 9.99371E-05 9.99371E-05 9.99371E-05 0.0935482 0.0421016 9.99371E-05 9.99371E-05 0.0494452 9.99371E-05 9.99371E-05
9.9946E-05 9.9946E-05 0.317408 9.9946E-05 9.9946E-05 9.9946E-05 0.0278577 0.0192838 9.9946E-05 0.0417839 0.0728433 0.520224
