0.0277778 9.99189E-05 9.99189E-05 9.99189E-05 9.99189E-05 9.99189E-05 0.00221554 9.99189E-05 9.99189E-05 9.99189E-05 0.969107 9.99189E-05
9.993E-05 9.993E-05 0.0874427 0.748301 9.993E-05 9.993E-05 0.000195778 0.120727 9.993E-05 9.993E-05 0.0426342 9.993E-05
9.993E-05 0.00689036 9.993E-05 9.993E-05 9.993E-05 0.0668204 0.0504238 0.617342 0.257824 9.993E-05 9.993E-05 9.993E-05
0.0195654 9.99191E-05 9.99191E-05 9.99191E-05 9.99191E-05 9.99191E-05 0.025082 0.954453 9.99191E-05 9.99191E-05 9.99191E-05 9.99191E-05
0.137114 9.99641E-05 0.0183499 0.191388 9.99641E-05 9.99641E-05 9.99641E-05 0.337481 0.160053 0.0857504 0.0123287 0.0571358
9.9919E-05 9.9919E-05 0.0133859 9.9919E-05 9.9919E-05 9.9919E-05 9.9919E-05 0.94661 9.9919E-05 9.9919E-05 9.9919E-05 0.0391051
9.99281E-05 9.99281E-05 9.99281E-05 0.313777 0.182021 0.283408 9.99281E-05 9.99281E-05 0.219995 9.99281E-05 9.99281E-05 9.99281E-05
0.0714285 9.99458E-05 9.99458E-05 0.108792 9.99458E-05 9.99458E-05 0.00765239 0.119649 0.647975 0.043903 9.99458E-05 9.99458E-05
0.0196358 9.99371E-05 9.99371E-05 0.437085 0.204782 0.180166 9.99371E-05 9.99371E-05 0.157631 9.99371E-05 9.99371E-05 9.99371E-05
0.998901 9.99013E-05 9.99013E-05 9.99013E-05 9.99013E-05 9.99013E-05 9.99013E-05 9.99013E-05 9.99013E-05 9.99013E-05 9.99013E-05 9.99013E-05
0.998901 9.99012E-05 9.99012E-05 9.99012E-05 9.99012E-05 9.99012E-05 9.99012E-05 9.99012E-05 9.99012E-05 9.99012E-05 9.99012E-05 9.99012E-05
9.9937E-05 9.9937E-05 9.9937E-05 9.9937E-05 9.9937E-05 0.142122 0.105824 0.0676792 0.00319822 9.9937E-05 0.680477 9.9937E-05
9.99281E-05 9.99281E-05 9.99281E-05 9.99281E-05 9.99281E-05 0.930733 9.99281E-05 0.0251447 0.0251903 9.99281E-05 9.99281E-05 0.0181326
9.9937E-05 0.00807814 0.020728 0.0360072 9.9937E-05 9.9937E-05 9.9937E-05 0.903567 9.9937E-05 9.9937E-05 9.9937E-05 0.0309198
0.00327616 0.00726932 9.99281E-05 9.99281E-05 9.99281E-05 9.99281E-05 9.99281E-05 0.933467 9.99281E-05 9.99281E-05 0.0551878 9.99281E-05
9.99189E-05 9.99189E-05 9.99189E-05 9.99189E-05 0.733172 0.134129 9.99189E-05 9.99189E-05 9.99189E-05 9.99189E-05 9.99189E-05 0.1318
0.0581064 9.9919E-05 0.924888 9.9919E-05 9.9919E-05 0.0161061 9.9919E-05 9.9919E-05 9.9919E-05 9.9919E-05 9.9919E-05 9.9919E-05
0.115825 0.728573 0.0211767 0.0601996 0.0110853 9.995E-05 9.995E-05 9.995E-05 9.995E-05 0.0202557 0.0423854 9.995E-05
9.99101E-05 0.94892 9.99101E-05 9.99101E-05 9.99101E-05 9.99101E-05 0.050081 9.99101E-05 9.99101E-05 9.99101E-05 9.99101E-05 9.99101E-05
0.427238 9.99459E-05 0.00346756 9.99459E-05 0.315355 9.99459E-05 0.0349806 9.99459E-05 9.99459E-05 9.99459E-05 0.0925658 0.125794
9.99011E-05 0.998901 9.99011E-05 9.99011E-05 9.99011E-05 9.99011E-05 9.99011E-05 9.99011E-05 9.99011E-05 9.99011E-05 9.99011E-05 9.99011E-05
0.0613967 9.99729E-05 0.0171711 0.00592884 0.26016 0.0514263 0.00876418 9.99729E-05 9.99729E-05 0.00126466 0.52486 0.068729
0.146522 0.36379 0.199816 9.9946E-05 9.9946E-05 9.9946E-05 0.182552 9.9946E-05 9.9946E-05 0.0018452 9.9946E-05 0.104875
9.99189E-05 0.825199 9.99189E-05 9.99189E-05 9.99189E-05 9.99189E-05 0.0224029 9.99189E-05 9.99189E-05 9.99189E-05 9.99189E-05 0.151499
9.99192E-05 9.99192E-05 9.99192E-05 0.00425528 9.99192E-05 9.99192E-05 9.99192E-05 0.976312 9.99192E-05 0.0185337 9.99192E-05 9.99192E-05
9.99012E-05 9.99012E-05 9.99012E-05 9.99012E-05 9.99012E-05 9.99012E-05 9.99012E-05 0.998901 9.99012E-05 9.99012E-05 9.99012E-05 9.99012E-05
0.0869224 9.99368E-05 0.0441132 9.99368E-05 9.99368E-05 0.747934 0.0494093 9.99368E-05 9.99368E-05 9.99368E-05 0.070922 9.99368E-05
9.9919E-05 9.9919E-05 9.9919E-05 9.9919E-05 9.9919E-05 0.0158891 9.9919E-05 0.906779 9.9919E-05 0.0764322 9.9919E-05 9.9919E-05
9.9928E-05 9.9928E-05 9.9928E-05 9.9928E-05 9.9928E-05 0.0222821 9.9928E-05 0.886331 0.000667979 0.0899196 9.9928E-05 9.9928E-05
9.99461E-05 0.00283767 0.0343577 9.99461E-05 9.99461E-05 9.99461E-05 9.99461E-05 0.570581 0.209261 0.169465 0.0128988 9.99461E-05
9.9946E-05 9.9946E-05 0.0484479 9.9946E-05 9.9946E-05 9.9946E-05 0.00754249 0.431307 0.372002 0.122888 9.9946E-05 0.0172125
9.99012E-05 9.99012E-05 9.99012E-05 0.998901 9.99012E-05 9.99012E-05 9.99012E-05 9.99012E-05 9.99012E-05 9.99012E-05 9.99012E-05 9.99012E-05
9.99191E-05 9.99191E-05 9.99191E-05 9.99191E-05 0.0107419 9.99191E-05 9.99191E-05 0.868882 0.119477 9.99191E-05 9.99191E-05 9.99191E-05
9.99281E-05 9.99281E-05 9.99281E-05 9.99281E-05 9.99281E-05 9.99281E-05 0.0214828 9.99281E-05 0.302922 0.673598 9.99281E-05 0.00119774
0.00720408 9.99638E-05 0.260934 9.99638E-05 9.99638E-05 0.456119 0.127822 0.0058974 0.0496649 9.99638E-05 0.0571194 0.0348397
9.99459E-05 9.99459E-05 0.0072578 9.99459E-05 9.99459E-05 0.0174451 0.00337256 0.930147 0.0373172 9.99459E-05 9.99459E-05 0.00386027
9.99191E-05 9.99191E-05 9.99191E-05 9.99191E-05 9.99191E-05 9.99191E-05 9.99191E-05 9.99191E-05 0.0201614 9.99191E-05 0.966126 0.0128137
0.561485 0.0157719 0.0748939 0.251922 9.99369E-05 9.99369E-05 9.99369E-05 9.99369E-05 9.99369E-05 9.99369E-05 0.0952271 9.99369E-05
9.991E-05 9.991E-05 0.994779 9.991E-05 9.991E-05 9.991E-05 9.991E-05 9.991E-05 0.00422147 9.991E-05 9.991E-05 9.991E-05
0.256663 9.99458E-05 0.117508 9.99458E-05 0.198987 9.99458E-05 9.99458E-05 0.11651 9.99458E-05 9.99458E-05 0.294638 0.015095
0.265624 0.0111955 0.0769418 0.0278181 0.215298 9.99729E-05 0.0169193 0.0432837 9.99729E-05 9.99729E-05 0.330457 0.0121626
0.871682 9.99369E-05 0.0284332 9.99369E-05 9.99369E-05 0.017116 9.99369E-05 9.99369E-05 9.99369E-05 9.99369E-05 0.0582229 0.0238463
0.0346716 0.00364162 9.9946E-05 0.0186631 0.837287 0.0400115 9.9946E-05 9.9946E-05 9.9946E-05 9.9946E-05 0.0651257 9.9946E-05
0.858002 9.99459E-05 0.00196479 9.99459E-05 9.99459E-05 0.017461 0.00375304 9.99459E-05 9.99459E-05 9.99459E-05 0.0321385 0.0860806
0.279836 0.0689745 9.99639E-05 0.0290494 0.04201 0.141918 0.0568851 9.99639E-05 9.99639E-05 9.99639E-05 0.0342705 0.346657
0.351971 9.99459E-05 9.99459E-05 0.0283537 0.161596 9.99459E-05 9.99459E-05 0.0738898 9.99459E-05 9.99459E-05 0.101654 0.281936
0.208579 9.99549E-05 0.108452 9.99549E-05 9.99549E-05 0.0930851 9.99549E-05 0.0637766 9.99549E-05 0.0752797 0.129579 0.320749
9.99107E-05 0.00985691 9.99107E-05 9.99107E-05 9.99107E-05 9.99107E-05 9.99107E-05 9.99107E-05 9.99107E-05 9.99107E-05 0.989144 9.99107E-05
9.99101E-05 9.99101E-05 9.99101E-05 9.99101E-05 9.99101E-05 9.99101E-05 9.99101E-05 0.00759446 9.99101E-05 0.991406 9.99101E-05 9.99101E-05
9.99011E-05 9.99011E-05 9.99011E-05 9.99011E-05 9.99011E-05 9.99011E-05 9.99011E-05 9.99011E-05 9.99011E-05 0.998901 9.99011E-05 9.99011E-05
0.000710882 9.99281E-05 0.00739521 9.99281E-05 0.0139586 9.99281E-05 9.99281E-05 9.99281E-05 9.99281E-05 0.977136 9.99281E-05 9.99281E-05
9.99012E-05 9.99012E-05 9.99012E-05 9.99012E-05 9.99012E-05 9.99012E-05 9.99012E-05 9.99012E-05 9.99012E-05 0.998901 9.99012E-05 9.99012E-05
9.991E-05 9.991E-05 9.991E-05 9.991E-05 9.991E-05 9.991E-05 9.991E-05 0.0187662 9.991E-05 0.980235 9.991E-05 9.991E-05
0.0609296 0.0459679 0.0013378 9.99641E-05 0.0853113 9.99641E-05 9.99641E-05 0.0785158 0.329298 0.395522 0.00271784 9.99641E-05
9.9946E-05 9.9946E-05 0.000876685 0.00909404 0.000278108 9.9946E-05 0.00827128 9.9946E-05 9.9946E-05 0.970358 0.0105224 9.9946E-05
9.99279E-05 9.99279E-05 9.99279E-05 9.99279E-05 0.153057 0.0153147 9.99279E-05 9.99279E-05 9.99279E-05 9.99279E-05 0.812407 0.0184218
9.99188E-05 9.99188E-05 9.99188E-05 0.916838 9.99188E-05 9.99188E-05 0.00442666 9.99188E-05 9.99188E-05 0.077836 9.99188E-05 9.99188E-05
9.99279E-05 9.99279E-05 0.0169919 9.99279E-05 9.99279E-05 9.99279E-05 9.99279E-05 0.931264 0.0315966 9.99279E-05 9.99279E-05 0.0193481
9.9937E-05 9.9937E-05 9.9937E-05 9.9937E-05 0.0734153 0.812244 0.0379333 9.9937E-05 9.9937E-05 0.000816004 0.0748914 9.9937E-05
9.99191E-05 9.99191E-05 9.99191E-05 9.99191E-05 0.891528 0.0299712 9.99191E-05 9.99191E-05 9.99191E-05 9.99191E-05 9.99191E-05 0.0776016
9.99013E-05 9.99013E-05 9.99013E-05 9.99013E-05 9.99013E-05 0.998901 9.99013E-05 9.99013E-05 9.99013E-05 9.99013E-05 9.99013E-05 9.99013E-05
0.105626 9.99189E-05 9.99189E-05 9.99189E-05 9.99189E-05 0.881983 9.99189E-05 0.0114923 9.99189E-05 9.99189E-05 9.99189E-05 9.99189E-05
0.108066 9.99459E-05 0.0181572 9.99459E-05 9.99459E-05 0.772439 0.0494377 9.99459E-05 9.99459E-05 9.99459E-05 0.00781768 0.0434833
9.99102E-05 0.905592 9.99102E-05 9.99102E-05 9.99102E-05 9.99102E-05 9.99102E-05 9.99102E-05 9.99102E-05 9.99102E-05 0.0934085 9.99102E-05
0.00518006 9.99194E-05 9.99194E-05 9.99194E-05 9.99194E-05 9.99194E-05 0.012494 0.981427 9.99194E-05 9.99194E-05 9.99194E-05 9.99194E-05
0.0796702 0.0652787 9.9982E-05 0.108927 0.0819897 0.127848 0.00325687 0.201568 9.9982E-05 0.0834401 0.053912 0.193909
9.99193E-05 9.99193E-05 9.99193E-05 9.99193E-05 9.99193E-05 0.043968 9.99193E-05 0.88602 0.0691131 9.99193E-05 9.99193E-05 9.99193E-05
9.99281E-05 9.99281E-05 0.0348789 9.99281E-05 9.99281E-05 9.99281E-05 9.99281E-05 0.921394 9.99281E-05 0.0300694 9.99281E-05 0.0128585
9.9928E-05 9.9928E-05 9.9928E-05 9.9928E-05 0.0563337 9.9928E-05 9.9928E-05 0.898217 0.0242702 0.0203796 9.9928E-05 9.9928E-05
9.99371E-05 0.00261668 9.99371E-05 0.0462318 0.0245488 9.99371E-05 9.99371E-05 0.911518 9.99371E-05 0.0143851 9.99371E-05 9.99371E-05
0.068175 9.99371E-05 9.99371E-05 9.99371E-05 9.99371E-05 9.99371E-05 0.0150447 0.81542 0.0926923 9.99371E-05 0.00796824 9.99371E-05
9.99189E-05 9.99189E-05 0.0260822 9.99189E-05 9.99189E-05 9.99189E-05 9.99189E-05 0.951768 9.99189E-05 0.0212505 9.99189E-05 9.99189E-05
9.99098E-05 9.99098E-05 9.99098E-05 9.99098E-05 9.99098E-05 9.99098E-05 9.99098E-05 9.99098E-05 0.96559 0.0334113 9.99098E-05 9.99098E-05
9.99099E-05 9.99099E-05 9.99099E-05 9.99099E-05 9.99099E-05 0.0405597 9.99099E-05 9.99099E-05 0.958441 9.99099E-05 9.99099E-05 9.99099E-05
0.0350255 9.99191E-05 9.99191E-05 9.99191E-05 9.99191E-05 9.99191E-05 9.99191E-05 0.95458 9.99191E-05 0.00949517 9.99191E-05 9.99191E-05
9.99369E-05 9.99369E-05 0.0453121 0.00234652 0.914643 9.99369E-05 9.99369E-05 0.00100227 9.99369E-05 0.0359962 9.99369E-05 9.99369E-05
9.991E-05 9.991E-05 9.991E-05 9.991E-05 0.985355 9.991E-05 9.991E-05 9.991E-05 9.991E-05 0.0136456 9.991E-05 9.991E-05
9.99101E-05 9.99101E-05 9.99101E-05 9.99101E-05 9.99101E-05 9.99101E-05 0.986495 9.99101E-05 9.99101E-05 9.99101E-05 0.0125057 9.99101E-05
9.99012E-05 9.99012E-05 9.99012E-05 9.99012E-05 9.99012E-05 9.99012E-05 0.998901 9.99012E-05 9.99012E-05 9.99012E-05 9.99012E-05 9.99012E-05
0.799743 9.99549E-05 9.99549E-05 0.0674042 0.0857205 0.0243663 0.00152358 0.00117635 9.99549E-05 9.99549E-05 0.0195659 9.99549E-05
0.740379 9.99369E-05 9.99369E-05 0.0768559 0.089283 0.0339837 9.99369E-05 9.99369E-05 9.99369E-05 9.99369E-05 0.0587986 9.99369E-05
0.0071352 9.99281E-05 9.99281E-05 9.99281E-05 0.0141284 9.99281E-05 0.974895 9.99281E-05 0.00304179 9.99281E-05 9.99281E-05 9.99281E-05
9.99011E-05 9.99011E-05 9.99011E-05 9.99011E-05 9.99011E-05 9.99011E-05 0.998901 9.99011E-05 9.99011E-05 9.99011E-05 9.99011E-05 9.99011E-05
9.99201E-05 9.99201E-05 9.99201E-05 9.99201E-05 0.0136962 0.0142079 9.99201E-05 9.99201E-05 9.99201E-05 0.0044474 0.966849 9.99201E-05
0.217472 0.0857874 9.99459E-05 0.0813536 0.397379 0.188888 9.99459E-05 9.99459E-05 9.99459E-05 9.99459E-05 0.0285211 9.99459E-05
9.99189E-05 9.99189E-05 9.99189E-05 0.936461 9.99189E-05 9.99189E-05 9.99189E-05 9.99189E-05 9.99189E-05 0.0474225 9.99189E-05 0.015217
9.99008E-05 9.99008E-05 9.99008E-05 9.99008E-05 9.99008E-05 9.99008E-05 9.99008E-05 9.99008E-05 9.99008E-05 9.99008E-05 9.99008E-05 0.998901
9.9946E-05 9.9946E-05 0.12977 9.9946E-05 0.0551202 0.159554 0.0861553 9.9946E-05 9.9946E-05 9.9946E-05 0.0770325 0.491769
0.00526633 0.0335318 0.0260084 9.99551E-05 9.99551E-05 9.99551E-05 0.0206163 0.396725 0.43057 0.0867819 9.99551E-05 9.99551E-05
