0.9995 9.996E-05 9.996E-05 9.996E-05 9.996E-05 9.996E-05
0.440879 0.261764 9.9973E-05 9.9973E-05 0.297057 9.9973E-05
9.999E-05 0.0957087 0.0420661 0.0386313 0.78739 0.0361037
9.9964E-05 9.9964E-05 9.9964E-05 9.9964E-05 0.970423 0.0291767
0.317239 0.262394 9.99731E-05 9.99731E-05 0.420066 9.99731E-05
0.00764336 9.9973E-05 9.9973E-05 9.9973E-05 0.987281 0.00477551
9.99731E-05 0.379872 0.611846 9.99731E-05 0.00798261 9.99731E-05
0.112884 0.474657 9.9982E-05 9.9982E-05 0.387677 0.0245817
0.140733 0.429747 0.42922 9.99731E-05 9.99731E-05 9.99731E-05
0.779318 0.128451 0.00991791 9.99821E-05 9.99821E-05 0.0821128
0.725831 0.062479 0.0993011 9.9982E-05 9.9982E-05 0.112189
0.668916 9.9982E-05 0.162416 9.9982E-05 0.0644213 0.104047
9.996E-05 9.996E-05 0.9995 9.996E-05 9.996E-05 9.996E-05
0.0150876 9.9973E-05 9.9973E-05 0.0341625 0.95045 9.9973E-05
0.0630705 9.9964E-05 9.9964E-05 9.9964E-05 0.93653 9.9964E-05
0.639716 0.0244944 0.319234 9.9982E-05 0.0163557 9.9982E-05
0.369262 9.9982E-05 0.185681 0.0794719 9.9982E-05 0.365384
0.250825 0.0719567 9.99729E-05 0.676919 9.99729E-05 9.99729E-05
9.9964E-05 9.9964E-05 9.9964E-05 0.933096 9.9964E-05 0.0665044
0.801678 9.9973E-05 0.0536642 9.9973E-05 9.9973E-05 0.144358
9.9964E-05 9.9964E-05 9.9964E-05 0.994446 0.00515367 9.9964E-05
0.964621 9.9964E-05 0.0349787 9.9964E-05 9.9964E-05 9.9964E-05
0.137694 0.0590916 9.9991E-05 0.412636 0.00426125 0.386218
9.9964E-05 9.9964E-05 9.9964E-05 0.906075 9.9964E-05 0.0935247
9.996E-05 9.996E-05 9.996E-05 9.996E-05 0.9995 9.996E-05
9.996E-05 9.996E-05 9.996E-05 9.996E-05 0.9995 9.996E-05
0.180309 9.99729E-05 0.745621 9.99729E-05 9.99729E-05 0.0737707
9.9973E-05 0.0611896 0.0120086 9.9973E-05 0.926502 9.9973E-05
9.9973E-05 0.0804824 0.00589611 9.9973E-05 0.913322 9.9973E-05
9.999E-05 0.272897 0.0100771 0.0369979 0.659351 0.0205767
9.9973E-05 0.309929 9.9973E-05 9.9973E-05 0.643544 0.0462272
0.336914 0.501763 9.99731E-05 9.99731E-05 0.161023 9.99731E-05
9.99641E-05 9.99641E-05 9.99641E-05 9.99641E-05 0.989765 0.00983472
9.99731E-05 0.922246 9.99731E-05 9.99731E-05 0.0758834 0.00157104
0.141878 9.99819E-05 0.556883 9.99819E-05 0.0628217 0.238217
9.99729E-05 9.99729E-05 0.0107912 9.99729E-05 0.981847 0.0070622
0.95056 9.99641E-05 9.99641E-05 9.99641E-05 0.0490404 9.99641E-05
0.753289 0.14587 9.9991E-05 0.0572593 0.0212055 0.0222762
0.178962 9.9991E-05 0.186357 0.0608119 0.137796 0.435973
0.873945 9.9973E-05 9.9973E-05 9.9973E-05 0.118817 0.00693801
0.877056 9.9982E-05 9.9982E-05 0.0109371 0.0917687 0.0200378
0.900941 9.9982E-05 0.0129693 0.0108757 9.9982E-05 0.0750138
0.677647 0.0340052 0.288048 9.9973E-05 9.9973E-05 9.9973E-05
0.789185 0.0546947 0.0416381 9.9982E-05 9.9982E-05 0.114283
0.539327 0.00853904 0.195524 0.113256 9.9991E-05 0.143255
0.749754 0.031184 0.0711106 0.036309 0.0704314 0.0412114
0.522914 0.0465661 0.222408 9.9991E-05 0.102102 0.10591
0.97776 9.99644E-05 9.99644E-05 0.0218403 9.99644E-05 9.99644E-05
9.996E-05 0.9995 9.996E-05 9.996E-05 9.996E-05 9.996E-05
9.996E-05 0.9995 9.996E-05 9.996E-05 9.996E-05 9.996E-05
9.996E-05 0.9995 9.996E-05 9.996E-05 9.996E-05 9.996E-05
9.9964E-05 0.997047 9.9964E-05 0.00255332 9.9964E-05 9.9964E-05
9.996E-05 0.9995 9.996E-05 9.996E-05 9.996E-05 9.996E-05
0.0763958 0.661556 0.0394462 0.0304575 0.190235 0.00191009
0.0154962 0.98232 9.9973E-05 9.9973E-05 9.9973E-05 0.00188358
0.968515 9.9964E-05 0.0310851 9.9964E-05 9.9964E-05 9.9964E-05
0.337661 0.572024 9.9973E-05 9.9973E-05 0.0900147 9.9973E-05
9.9964E-05 9.9964E-05 9.9964E-05 0.00107992 0.99852 9.9964E-05
0.101237 0.000645561 0.830787 9.9982E-05 9.9982E-05 0.0671308
0.588587 9.9982E-05 0.306192 9.9982E-05 0.0897139 0.0153075
9.996E-05 9.996E-05 0.9995 9.996E-05 9.996E-05 9.996E-05
0.0952 9.99729E-05 0.897831 9.99729E-05 9.99729E-05 0.00666906
0.0281639 9.99819E-05 0.871266 0.00926184 9.99819E-05 0.0911083
0.128721 9.99641E-05 9.99641E-05 0.870879 9.99641E-05 9.99641E-05
9.996E-05 9.996E-05 9.996E-05 9.996E-05 0.9995 9.996E-05
0.306599 0.0917522 0.158864 0.0370008 0.318028 0.0877556
9.99641E-05 9.99641E-05 0.00634225 9.99641E-05 0.993258 9.99641E-05
0.035111 0.0201005 9.9973E-05 9.9973E-05 0.944489 9.9973E-05
9.9973E-05 0.0998333 0.0108463 9.9973E-05 0.88902 9.9973E-05
9.9964E-05 0.0520838 9.9964E-05 9.9964E-05 0.947516 9.9964E-05
0.0671414 0.00172605 9.9982E-05 9.9982E-05 0.928514 0.00241882
9.9964E-05 9.9964E-05 9.9964E-05 9.9964E-05 0.994295 0.00530483
9.99732E-05 0.493423 0.000162569 9.99732E-05 0.506114 9.99732E-05
9.99732E-05 0.35659 0.166859 9.99732E-05 0.476251 9.99732E-05
0.0157789 9.9964E-05 9.9964E-05 9.9964E-05 0.983821 9.9964E-05
0.651989 0.0971731 0.126925 9.9991E-05 0.0777905 0.0460224
0.633036 0.125833 0.179006 9.9991E-05 0.0335077 0.0285175
9.996E-05 9.996E-05 9.996E-05 9.996E-05 9.996E-05 0.9995
9.996E-05 9.996E-05 9.996E-05 9.996E-05 9.996E-05 0.9995
0.791234 0.114081 0.0506945 9.9982E-05 9.9982E-05 0.04379
0.776097 0.0775168 0.0954556 9.9982E-05 9.9982E-05 0.0507303
9.996E-05 9.996E-05 9.996E-05 9.996E-05 9.996E-05 0.9995
9.996E-05 9.996E-05 9.996E-05 9.996E-05 9.996E-05 0.9995
0.975307 0.00445402 0.0199389 9.99731E-05 9.99731E-05 9.99731E-05
0.605005 0.0638753 0.274185 0.0567342 9.9982E-05 9.9982E-05
0.296711 0.576393 0.0297597 9.9982E-05 0.0969364 9.9982E-05
0.19438 9.9991E-05 0.339447 0.137114 0.0600982 0.26886
0.204111 9.99821E-05 0.402462 0.0778741 9.99821E-05 0.315352
9.99821E-05 0.340284 9.99821E-05 0.0351998 0.602551 0.0217659
