9.996E-05 9.996E-05 9.996E-05 9.996E-05 9.996E-05 0.9995
9.9973E-05 9.9973E-05 0.253953 0.289826 9.9973E-05 0.455921
0.00890588 0.0351239 0.0951172 0.793751 0.0670022 9.99911E-05
9.9964E-05 0.0306697 9.9964E-05 0.96893 9.9964E-05 9.9964E-05
9.99731E-05 9.99731E-05 0.262099 0.477666 9.99731E-05 0.259935
0.00767366 9.9973E-05 9.9973E-05 0.98105 9.9973E-05 0.010976
9.99731E-05 9.99731E-05 0.362269 0.0623947 0.575036 9.99731E-05
9.9982E-05 0.0238146 0.478062 0.398551 9.9982E-05 0.099373
9.99821E-05 9.99821E-05 0.426119 0.00510296 0.47856 0.0900182
9.9982E-05 0.103064 0.114656 9.9982E-05 0.0738104 0.70827
9.9982E-05 0.116728 0.102025 9.9982E-05 0.12697 0.654078
9.9982E-05 0.112353 9.9982E-05 0.051276 0.201407 0.634763
9.996E-05 9.996E-05 9.996E-05 9.996E-05 0.9995 9.996E-05
0.0242094 9.9973E-05 9.9973E-05 0.967172 9.9973E-05 0.00831847
9.9964E-05 9.9964E-05 9.9964E-05 0.953229 9.9964E-05 0.046371
9.999E-05 0.0397988 0.034145 0.0242653 0.38643 0.515261
0.0617214 0.411175 9.9991E-05 0.00976413 0.222122 0.295117
0.683312 9.99729E-05 0.0417887 9.99729E-05 9.99729E-05 0.274599
0.891905 0.107695 9.9964E-05 9.9964E-05 9.9964E-05 9.9964E-05
9.9973E-05 0.141657 9.9973E-05 9.9973E-05 0.092357 0.765686
0.9995 9.996E-05 9.996E-05 9.996E-05 9.996E-05 9.996E-05
9.9973E-05 0.00552276 9.9973E-05 9.9973E-05 0.0949833 0.899194
0.424956 0.403284 0.0548148 9.9982E-05 9.9982E-05 0.116745
0.89914 0.100461 9.99639E-05 9.99639E-05 9.99639E-05 9.99639E-05
9.9964E-05 9.9964E-05 0.00528068 0.994319 9.9964E-05 9.9964E-05
9.996E-05 9.996E-05 9.996E-05 0.9995 9.996E-05 9.996E-05
9.99729E-05 0.0796309 9.99729E-05 9.99729E-05 0.822847 0.0972223
9.9973E-05 9.9973E-05 0.0771854 0.914129 0.00838608 9.9973E-05
9.9973E-05 9.9973E-05 0.063143 0.930716 0.00584071 9.9973E-05
0.02692 0.0208863 0.26226 0.689734 9.9982E-05 9.9982E-05
9.99731E-05 0.0604589 0.297798 0.641443 9.99731E-05 9.99731E-05
9.99732E-05 9.99732E-05 0.543736 0.0968775 9.99732E-05 0.359087
9.99731E-05 0.00539301 9.99731E-05 0.992384 0.00192327 9.99731E-05
9.9973E-05 0.0061563 0.874086 0.119458 9.9973E-05 9.9973E-05
9.99819E-05 0.225461 9.99819E-05 0.0512762 0.567682 0.155381
9.99639E-05 9.99639E-05 9.99639E-05 0.98197 0.0176304 9.99639E-05
9.99642E-05 9.99642E-05 9.99642E-05 0.0344875 9.99642E-05 0.965113
0.0204297 0.00285841 0.147441 0.045072 0.00412421 0.780074
0.0474664 0.435189 9.9991E-05 0.135488 0.185432 0.196325
9.9964E-05 9.9964E-05 9.9964E-05 0.10812 9.9964E-05 0.89148
9.9973E-05 0.00784321 9.9973E-05 0.081195 9.9973E-05 0.910662
0.0146814 0.082276 9.9982E-05 9.9982E-05 0.0531073 0.849735
9.9973E-05 9.9973E-05 0.0431575 9.9973E-05 0.321362 0.635181
0.0138057 0.110052 0.0519696 9.9991E-05 0.0649923 0.75908
0.0979815 0.19314 0.0217463 9.9991E-05 0.194772 0.49226
0.0562939 0.0615987 0.0189579 0.0728458 0.0373789 0.752925
9.9991E-05 0.166966 0.0685713 0.088202 0.243278 0.432883
0.0105569 9.99644E-05 9.99644E-05 9.99644E-05 9.99644E-05 0.989043
9.996E-05 9.996E-05 0.9995 9.996E-05 9.996E-05 9.996E-05
9.996E-05 9.996E-05 0.9995 9.996E-05 9.996E-05 9.996E-05
9.996E-05 9.996E-05 0.9995 9.996E-05 9.996E-05 9.996E-05
9.996E-05 9.996E-05 0.9995 9.996E-05 9.996E-05 9.996E-05
9.996E-05 9.996E-05 0.9995 9.996E-05 9.996E-05 9.996E-05
0.0350271 9.9991E-05 0.627945 0.224297 0.0622059 0.0504256
9.996E-05 9.996E-05 0.9995 9.996E-05 9.996E-05 9.996E-05
9.9964E-05 9.9964E-05 9.9964E-05 9.9964E-05 0.0430814 0.956519
9.9973E-05 9.9973E-05 0.50603 0.142634 9.9973E-05 0.351036
9.996E-05 9.996E-05 9.996E-05 0.9995 9.996E-05 9.996E-05
9.9973E-05 0.0566508 9.9973E-05 9.9973E-05 0.900593 0.0424562
9.9973E-05 9.9973E-05 9.9973E-05 0.077784 0.355166 0.56675
9.996E-05 9.996E-05 9.996E-05 9.996E-05 0.9995 9.996E-05
9.99639E-05 9.99639E-05 9.99639E-05 9.99639E-05 0.90726 0.0923399
0.0058085 0.111766 9.99819E-05 9.99819E-05 0.864297 0.0179285
0.896922 9.99641E-05 9.99641E-05 9.99641E-05 9.99641E-05 0.102678
9.996E-05 9.996E-05 9.996E-05 0.9995 9.996E-05 9.996E-05
0.0539013 0.116933 0.0412817 0.389442 0.135766 0.262677
9.99641E-05 9.99641E-05 9.99641E-05 0.993403 0.00619668 9.99641E-05
9.9973E-05 9.9973E-05 0.0121577 0.967828 9.9973E-05 0.0197141
9.9973E-05 9.9973E-05 0.0866711 0.9092 0.00382871 9.9973E-05
0.0130432 9.9982E-05 0.0503208 0.93263 0.00380563 9.9982E-05
9.9973E-05 0.027123 9.9973E-05 0.900198 9.9973E-05 0.0723786
9.996E-05 9.996E-05 9.996E-05 0.9995 9.996E-05 9.996E-05
9.99732E-05 9.99732E-05 0.492408 0.498825 0.00846716 9.99732E-05
9.99732E-05 9.99732E-05 0.348509 0.492767 0.158424 9.99732E-05
9.9964E-05 9.9964E-05 9.9964E-05 0.964196 9.9964E-05 0.0354043
9.9991E-05 0.0592323 0.082803 0.0859395 0.108872 0.663054
9.9991E-05 0.00935844 0.102505 0.0834101 0.162008 0.642619
9.996E-05 0.9995 9.996E-05 9.996E-05 9.996E-05 9.996E-05
9.996E-05 0.9995 9.996E-05 9.996E-05 9.996E-05 9.996E-05
0.00733248 0.0232017 0.0642603 9.9991E-05 0.0636577 0.841448
0.00306886 0.0191021 0.0573359 9.9991E-05 0.129936 0.790457
9.996E-05 0.9995 9.996E-05 9.996E-05 9.996E-05 9.996E-05
9.996E-05 0.9995 9.996E-05 9.996E-05 9.996E-05 9.996E-05
9.99641E-05 9.99641E-05 9.99641E-05 9.99641E-05 0.0343408 0.965259
0.0424494 9.9982E-05 0.0260645 9.9982E-05 0.316586 0.6147
9.9973E-05 9.9973E-05 0.5298 0.136456 9.9973E-05 0.333444
0.127125 0.312552 9.9991E-05 0.0535755 0.357487 0.149161
0.0594081 0.393753 9.99821E-05 9.99821E-05 0.422279 0.12436
0.0549897 0.0294182 0.298652 0.612469 0.00437015 9.9991E-05
