9.99639E-05 9.99639E-05 9.99639E-05 9.99639E-05 0.949118 0.0398731 0.0106086
9.9973E-05 0.263453 0.283854 9.9973E-05 0.248552 0.203841 9.9973E-05
0.105029 0.0624031 0.752004 0.0533178 9.99822E-05 9.99822E-05 0.0270466
9.9955E-05 9.9955E-05 0.962824 9.9955E-05 9.9955E-05 9.9955E-05 0.036676
9.99731E-05 0.232598 0.459132 9.99731E-05 0.0304808 0.27749 9.99731E-05
9.9955E-05 9.9955E-05 0.966621 9.9955E-05 9.9955E-05 0.0328792 9.9955E-05
0.568356 0.366929 9.99642E-05 9.99642E-05 9.99642E-05 0.0643152 9.99642E-05
9.99731E-05 0.441457 0.385399 9.99731E-05 9.99731E-05 0.168155 0.00468914
0.423134 0.399887 9.99641E-05 9.99641E-05 9.99641E-05 0.17658 9.99641E-05
9.995E-05 9.995E-05 9.995E-05 9.995E-05 9.995E-05 0.9994 9.995E-05
9.995E-05 9.995E-05 9.995E-05 9.995E-05 9.995E-05 0.9994 9.995E-05
0.161723 9.9973E-05 0.00789185 9.9973E-05 0.63974 9.9973E-05 0.190345
0.9994 9.995E-05 9.995E-05 9.995E-05 9.995E-05 9.995E-05 9.995E-05
9.9973E-05 9.9973E-05 0.954049 0.0153534 0.0191084 9.9973E-05 0.0111891
9.9964E-05 9.9964E-05 0.971889 0.0166056 0.0111051 9.9964E-05 9.9964E-05
0.373666 0.0146188 0.0143329 9.9991E-05 0.211137 0.374053 0.0120924
0.172436 9.9982E-05 9.9982E-05 0.0768277 0.00917311 0.394522 0.346841
9.99729E-05 0.0585347 9.99729E-05 0.726508 0.0395076 0.17515 9.99729E-05
9.9955E-05 9.9955E-05 9.9955E-05 0.876105 9.9955E-05 9.9955E-05 0.123395
0.0730277 9.9973E-05 9.9973E-05 9.9973E-05 0.175416 0.666814 0.0844426
9.9955E-05 9.9955E-05 0.00626865 0.993232 9.9955E-05 9.9955E-05 9.9955E-05
0.0957978 9.9973E-05 9.9973E-05 9.9973E-05 0.646401 0.221672 0.0358294
9.9973E-05 0.0212588 9.9973E-05 0.391201 9.9973E-05 0.290431 0.296809
9.99639E-05 9.99639E-05 9.99639E-05 0.898252 9.99639E-05 0.00789669 0.0934515
9.995E-05 9.995E-05 0.9994 9.995E-05 9.995E-05 9.995E-05 9.995E-05
9.995E-05 9.995E-05 0.9994 9.995E-05 9.995E-05 9.995E-05 9.995E-05
0.744234 9.99729E-05 9.99729E-05 9.99729E-05 0.0849114 0.103446 0.0671092
0.026434 0.0546416 0.910501 9.9973E-05 9.9973E-05 9.9973E-05 0.00812342
9.9964E-05 0.0960434 0.895968 9.9964E-05 0.007589 9.9964E-05 9.9964E-05
0.0348419 0.2647 0.67367 0.0229251 9.9982E-05 9.9982E-05 0.00366354
9.9973E-05 0.277322 0.65976 9.9973E-05 9.9973E-05 0.00632605 0.0562916
9.99731E-05 0.594445 0.0790778 9.99731E-05 0.243653 0.0825245 9.99731E-05
9.99551E-05 9.99551E-05 0.992977 9.99551E-05 9.99551E-05 9.99551E-05 0.00652359
9.99641E-05 0.889979 0.0751865 9.99641E-05 9.99641E-05 9.99641E-05 0.0344347
0.549161 9.99819E-05 0.043153 9.99819E-05 0.100596 0.0665518 0.240338
0.00871256 9.99639E-05 0.968679 9.99639E-05 0.0222085 9.99639E-05 9.99639E-05
9.9955E-05 9.9955E-05 0.0115892 9.9955E-05 0.987911 9.9955E-05 9.9955E-05
9.9973E-05 0.0389871 0.05134 9.9973E-05 0.0969748 0.812398 9.9973E-05
0.169877 9.9991E-05 0.135035 0.0435504 0.0194102 0.230341 0.401686
9.99639E-05 9.99639E-05 0.120894 9.99639E-05 0.298845 0.579861 9.99639E-05
9.99729E-05 9.99729E-05 0.0359918 9.99729E-05 0.331027 0.607413 0.0252691
9.99549E-05 9.99549E-05 9.99549E-05 9.99549E-05 0.0268765 0.972624 9.99549E-05
0.276646 0.0492359 9.9973E-05 9.9973E-05 0.235961 0.437857 9.9973E-05
9.9964E-05 9.9964E-05 9.9964E-05 9.9964E-05 0.0209365 0.960281 0.0183821
0.182347 9.9982E-05 9.9982E-05 0.103325 0.0206479 0.548712 0.144768
0.0446387 9.9991E-05 0.0656634 0.0237777 0.127372 0.730569 0.00787962
0.203428 0.0221407 0.117392 9.9991E-05 0.180997 0.358821 0.117121
9.99553E-05 9.99553E-05 9.99553E-05 0.0170751 0.982425 9.99553E-05 9.99553E-05
9.995E-05 0.9994 9.995E-05 9.995E-05 9.995E-05 9.995E-05 9.995E-05
9.995E-05 0.9994 9.995E-05 9.995E-05 9.995E-05 9.995E-05 9.995E-05
9.995E-05 0.9994 9.995E-05 9.995E-05 9.995E-05 9.995E-05 9.995E-05
9.995E-05 0.9994 9.995E-05 9.995E-05 9.995E-05 9.995E-05 9.995E-05
9.995E-05 0.9994 9.995E-05 9.995E-05 9.995E-05 9.995E-05 9.995E-05
0.0471437 0.587223 0.257105 0.0370725 9.99821E-05 0.0712557 9.99821E-05
9.99549E-05 0.987955 9.99549E-05 9.99549E-05 0.0115452 9.99549E-05 9.99549E-05
0.073856 9.99639E-05 9.99639E-05 9.99639E-05 0.920221 0.00552288 9.99639E-05
0.0151582 0.537602 0.105617 9.9991E-05 0.286394 0.0452093 0.00991991
9.995E-05 9.995E-05 0.9994 9.995E-05 9.995E-05 9.995E-05 9.995E-05
0.818015 9.9964E-05 9.9964E-05 9.9964E-05 0.154223 9.9964E-05 0.0273625
0.354093 9.9982E-05 0.0709753 9.9982E-05 0.270997 0.289316 0.0144188
0.9994 9.995E-05 9.995E-05 9.995E-05 9.995E-05 9.995E-05 9.995E-05
0.900411 9.99729E-05 0.0136662 9.99729E-05 0.0282245 0.0573982 9.99729E-05
0.826737 9.99729E-05 9.99729E-05 0.00987928 9.99729E-05 0.0722084 0.0908753
9.99641E-05 0.0266374 9.99641E-05 0.897402 0.0755606 9.99641E-05 9.99641E-05
9.995E-05 9.995E-05 0.9994 9.995E-05 9.995E-05 9.995E-05 9.995E-05
0.17964 0.04119 0.406675 0.0257336 0.164637 0.0986036 0.0835203
0.0206874 9.99552E-05 0.978813 9.99552E-05 9.99552E-05 9.99552E-05 9.99552E-05
9.9964E-05 0.0192278 0.938043 9.9964E-05 0.0423296 9.9964E-05 9.9964E-05
0.0271113 0.0502588 0.92223 9.9964E-05 9.9964E-05 9.9964E-05 9.9964E-05
0.00174633 0.0446279 0.945639 9.9973E-05 0.00768739 9.9973E-05 9.9973E-05
9.99551E-05 9.99551E-05 0.92717 9.99551E-05 9.99551E-05 0.07233 9.99551E-05
9.995E-05 9.995E-05 0.9994 9.995E-05 9.995E-05 9.995E-05 9.995E-05
9.99553E-05 0.496119 0.503381 9.99553E-05 9.99553E-05 9.99553E-05 9.99553E-05
0.158886 0.375119 0.465596 9.99642E-05 9.99642E-05 9.99642E-05 9.99642E-05
9.9982E-05 9.9982E-05 0.976916 0.00349323 0.0053151 0.0107179 0.00335778
0.156117 0.0538666 0.0667233 9.9982E-05 0.216558 0.506534 9.9982E-05
0.220218 0.0899277 0.0524214 9.9982E-05 0.136445 0.500789 9.9982E-05
9.995E-05 9.995E-05 9.995E-05 9.995E-05 9.995E-05 9.995E-05 0.9994
9.995E-05 9.995E-05 9.995E-05 9.995E-05 9.995E-05 9.995E-05 0.9994
0.0540371 9.9973E-05 0.00685016 9.9973E-05 0.01117 0.927643 9.9973E-05
0.0870801 9.9964E-05 9.9964E-05 9.9964E-05 0.00974474 0.902775 9.9964E-05
9.995E-05 9.995E-05 9.995E-05 9.995E-05 9.995E-05 9.995E-05 0.9994
9.995E-05 9.995E-05 9.995E-05 9.995E-05 9.995E-05 9.995E-05 0.9994
0.0241632 9.99549E-05 9.99549E-05 9.99549E-05 0.975337 9.99549E-05 9.99549E-05
0.33791 9.9973E-05 9.9973E-05 0.030075 0.137938 0.493777 9.9973E-05
0.0232975 0.590795 0.0584818 9.9982E-05 0.190306 0.136919 9.9982E-05
0.322797 9.99821E-05 0.0567609 0.119619 9.99821E-05 0.232346 0.268277
0.37017 9.99731E-05 9.99731E-05 0.0972016 0.200941 9.99731E-05 0.331388
9.99731E-05 0.342486 0.59164 0.0288212 9.99731E-05 9.99731E-05 0.0367537
