9.996E-05 9.996E-05 0.9995 9.996E-05 9.996E-05 9.996E-05
9.9982E-05 9.9982E-05 0.39889 0.332749 0.0332968 0.234864
0.0512836 0.136062 9.99911E-05 0.72714 0.0237663 0.061649
9.9964E-05 9.9964E-05 9.9964E-05 0.963092 0.0365082 9.9964E-05
9.99731E-05 9.99731E-05 0.27395 0.46926 9.99731E-05 0.25649
9.9973E-05 9.9973E-05 0.0127497 0.977912 0.00903819 9.9973E-05
9.99641E-05 0.631195 9.99641E-05 9.99641E-05 9.99641E-05 0.368405
9.99821E-05 9.99821E-05 0.0582307 0.389257 0.0522243 0.500088
9.99821E-05 0.534776 0.0239744 0.0077988 9.99821E-05 0.433251
9.9982E-05 0.0170907 0.772003 9.9982E-05 0.0778535 0.132853
9.9982E-05 0.0756403 0.745398 9.9982E-05 0.087049 0.0917124
9.9982E-05 0.196015 0.611784 0.0662751 0.125725 9.9982E-05
9.99641E-05 0.996153 9.99641E-05 0.00344687 9.99641E-05 9.99641E-05
0.0300711 9.9973E-05 0.00491335 0.964716 9.9973E-05 9.9973E-05
0.0106251 9.9973E-05 0.0317494 0.957326 9.9973E-05 9.9973E-05
9.999E-05 0.420793 0.514132 0.0402145 0.00148426 0.0232766
0.0723387 0.219016 0.329982 9.9982E-05 0.378464 9.9982E-05
0.716108 9.99729E-05 0.20191 9.99729E-05 9.99729E-05 0.0816814
0.908721 9.9964E-05 9.9964E-05 9.9964E-05 0.0908788 9.9964E-05
9.9973E-05 0.0690108 0.830086 9.9973E-05 0.100604 9.9973E-05
0.9995 9.996E-05 9.996E-05 9.996E-05 9.996E-05 9.996E-05
9.9973E-05 0.0688328 0.92672 9.9973E-05 0.00414706 9.9973E-05
0.423872 9.9982E-05 0.102286 9.9982E-05 0.418059 0.0555828
0.913456 9.9964E-05 9.9964E-05 9.9964E-05 0.086144 9.9964E-05
9.9964E-05 9.9964E-05 9.9964E-05 0.994252 9.9964E-05 0.00534817
9.996E-05 9.996E-05 9.996E-05 0.9995 9.996E-05 9.996E-05
9.99729E-05 0.724012 0.209186 9.99729E-05 0.0665024 9.99729E-05
9.9964E-05 9.9964E-05 9.9964E-05 0.932324 9.9964E-05 0.067276
9.9973E-05 0.00883408 9.9973E-05 0.887293 9.9973E-05 0.103573
0.0288248 0.00254286 9.9991E-05 0.673087 0.0345645 0.26088
9.9973E-05 9.9973E-05 9.9973E-05 0.649959 0.0438916 0.305849
9.99731E-05 9.99731E-05 0.336909 0.0734374 9.99731E-05 0.589354
9.996E-05 9.996E-05 9.996E-05 0.9995 9.996E-05 9.996E-05
9.9982E-05 0.00746485 9.9982E-05 0.101577 0.00695889 0.883799
9.99819E-05 0.513522 0.208346 0.0402192 0.237713 9.99819E-05
9.99639E-05 0.00627706 9.99639E-05 0.993323 9.99639E-05 9.99639E-05
9.99642E-05 9.99642E-05 0.954067 0.0455331 9.99642E-05 9.99642E-05
0.0371654 9.9991E-05 0.786624 0.0123661 0.00475198 0.158993
0.0593975 0.234605 0.178935 0.137379 0.389584 9.9991E-05
9.9973E-05 9.9973E-05 0.875886 0.114221 0.00959239 9.9973E-05
0.00748187 9.9982E-05 0.905932 0.0720604 0.0143262 9.9982E-05
0.020721 0.012646 0.908154 9.9982E-05 0.0582789 9.9982E-05
9.9973E-05 0.390852 0.577335 9.9973E-05 9.9973E-05 0.0315136
0.00144959 0.0438842 0.800469 9.9991E-05 0.115259 0.0388384
0.0964595 0.214383 0.502172 9.9991E-05 0.168904 0.0179822
0.0443536 0.0414134 0.765114 0.0571718 0.0694709 0.0224762
9.9991E-05 0.226482 0.490808 0.123686 0.121971 0.0369531
0.00148274 9.99644E-05 0.998117 9.99644E-05 9.99644E-05 9.99644E-05
9.996E-05 9.996E-05 9.996E-05 9.996E-05 9.996E-05 0.9995
9.996E-05 9.996E-05 9.996E-05 9.996E-05 9.996E-05 0.9995
9.996E-05 9.996E-05 9.996E-05 9.996E-05 9.996E-05 0.9995
9.996E-05 9.996E-05 9.996E-05 9.996E-05 9.996E-05 0.9995
9.996E-05 9.996E-05 9.996E-05 9.996E-05 9.996E-05 0.9995
0.0390922 0.0452802 0.0625097 0.170663 0.0159264 0.666528
9.99639E-05 9.99639E-05 0.00766545 9.99639E-05 9.99639E-05 0.991935
9.9964E-05 0.0479186 0.951682 9.9964E-05 9.9964E-05 9.9964E-05
9.9982E-05 0.021555 0.328014 0.100078 9.9982E-05 0.550153
9.996E-05 9.996E-05 9.996E-05 0.9995 9.996E-05 9.996E-05
9.9982E-05 0.870956 0.0586486 9.9982E-05 0.0473427 0.022853
9.9973E-05 0.388776 0.561671 0.0492531 9.9973E-05 9.9973E-05
9.996E-05 0.9995 9.996E-05 9.996E-05 9.996E-05 9.996E-05
9.99729E-05 0.89596 0.0743553 9.99729E-05 0.0293843 9.99729E-05
0.0120991 0.767221 0.128762 9.99819E-05 0.0917175 9.99819E-05
0.91493 9.99641E-05 0.0846702 9.99641E-05 9.99641E-05 9.99641E-05
9.996E-05 9.996E-05 9.996E-05 0.9995 9.996E-05 9.996E-05
9.9991E-05 0.200217 0.391024 0.2653 0.00674115 0.136617
9.99731E-05 0.0226585 9.99731E-05 0.974049 9.99731E-05 0.00299216
9.9964E-05 9.9964E-05 0.0409505 0.95865 9.9964E-05 9.9964E-05
9.9973E-05 0.0135973 9.9973E-05 0.896241 9.9973E-05 0.0898622
0.0149414 9.9973E-05 9.9973E-05 0.949658 9.9973E-05 0.0351004
9.99731E-05 9.99731E-05 0.073817 0.908926 9.99731E-05 0.016957
9.9964E-05 9.9964E-05 9.9964E-05 0.997653 0.00194716 9.9964E-05
9.99732E-05 0.0275063 9.99732E-05 0.515653 9.99732E-05 0.45654
9.99732E-05 0.176193 9.99732E-05 0.486504 9.99732E-05 0.337003
9.9982E-05 9.9982E-05 0.0168687 0.950115 0.0193176 0.0134988
9.9991E-05 0.176901 0.587668 0.0543129 0.0510479 0.12997
9.9991E-05 0.23106 0.529423 0.0455036 0.0484966 0.145416
9.996E-05 9.996E-05 9.996E-05 9.996E-05 0.9995 9.996E-05
9.996E-05 9.996E-05 9.996E-05 9.996E-05 0.9995 9.996E-05
9.99819E-05 0.0734797 0.783375 9.99819E-05 0.0552559 0.0876894
0.00451558 0.110554 0.789161 9.9991E-05 0.0125755 0.0830933
9.996E-05 9.996E-05 9.996E-05 9.996E-05 0.9995 9.996E-05
9.996E-05 9.996E-05 9.996E-05 9.996E-05 0.9995 9.996E-05
9.99641E-05 0.0436664 0.955934 9.99641E-05 9.99641E-05 9.99641E-05
0.0627337 0.318016 0.584591 9.9982E-05 9.9982E-05 0.0344594
9.9973E-05 9.9973E-05 0.312759 0.0895806 9.9973E-05 0.59736
0.127849 0.306877 0.19825 0.0437947 0.323129 9.9991E-05
0.0616148 0.451967 0.136447 9.99821E-05 0.34977 9.99821E-05
0.0393726 9.99821E-05 9.99821E-05 0.584762 0.0510723 0.324593
