9.999E-05 9.999E-05 0.9998
9.999E-05 0.544174 0.455726
0.0767869 0.904689 0.0185246
9.999E-05 0.9998 9.999E-05
9.9991E-05 0.684719 0.315181
9.999E-05 0.9998 9.999E-05
9.999E-05 0.333175 0.666725
9.999E-05 0.822525 0.177375
9.9991E-05 0.3582 0.6417
9.9991E-05 0.00648924 0.993411
9.9991E-05 0.0278987 0.972001
9.9991E-05 0.05024 0.94966
9.99911E-05 0.0630136 0.936886
0.0104431 0.989457 9.9991E-05
0.0122764 0.987624 9.9991E-05
9.9991E-05 0.019921 0.979979
0.195807 0.0188631 0.78533
0.751942 0.0236562 0.224402
0.9998 9.999E-05 9.999E-05
9.999E-05 9.999E-05 0.9998
0.9998 9.999E-05 9.999E-05
9.999E-05 9.999E-05 0.9998
0.570724 0.0829589 0.346317
0.9998 9.999E-05 9.999E-05
9.999E-05 0.9998 9.999E-05
9.999E-05 0.9998 9.999E-05
9.999E-05 9.999E-05 0.9998
9.999E-05 0.9998 9.999E-05
9.999E-05 0.9998 9.999E-05
0.0310666 0.94346 0.0254737
0.0586731 0.936762 0.00456529
9.99911E-05 0.569236 0.430664
9.999E-05 0.9998 9.999E-05
9.9991E-05 0.851231 0.148669
9.9991E-05 0.103837 0.896063
9.999E-05 0.9998 9.999E-05
9.9991E-05 0.0215477 0.978352
0.0311481 0.167106 0.801746
0.168582 0.168932 0.662486
9.9991E-05 0.129084 0.870816
9.9991E-05 0.0627093 0.937191
0.00713627 9.9991E-05 0.992764
9.9991E-05 0.0123785 0.987522
9.99998E-05 0.00450189 0.995398
0.165406 9.9991E-05 0.834494
0.0374256 0.0707072 0.891867
9.9991E-05 0.164321 0.835579
9.999E-05 9.999E-05 0.9998
0.0465024 0.830391 0.123107
0.0425162 0.833962 0.123522
0.0291623 0.800968 0.16987
0.0399947 0.83687 0.123136
0.0337326 0.857962 0.108305
0.0704577 0.756415 0.173128
9.9991E-05 0.781241 0.218659
9.999E-05 9.999E-05 0.9998
9.9991E-05 0.574916 0.424984
9.999E-05 0.9998 9.999E-05
9.999E-05 9.999E-05 0.9998
9.9991E-05 0.0592164 0.940684
9.999E-05 9.999E-05 0.9998
9.999E-05 9.999E-05 0.9998
0.0124451 9.9991E-05 0.987455
0.910815 0.034754 0.054431
9.999E-05 0.9998 9.999E-05
0.0725577 0.488306 0.439136
9.999E-05 0.9998 9.999E-05
9.999E-05 0.9998 9.999E-05
9.999E-05 0.9998 9.999E-05
9.999E-05 0.9998 9.999E-05
9.9991E-05 0.957343 0.0425568
9.999E-05 0.9998 9.999E-05
9.99911E-05 0.922603 0.0772967
9.99911E-05 0.864157 0.135743
9.999E-05 0.9998 9.999E-05
9.9991E-05 0.129687 0.870213
9.9991E-05 0.13072 0.86918
0.245714 0.092953 0.661333
0.24604 0.112317 0.641643
9.9991E-05 0.0718428 0.928057
9.9991E-05 0.0165316 0.983368
0.244684 0.145188 0.610128
0.260553 0.0951774 0.64427
9.999E-05 9.999E-05 0.9998
0.0370267 0.0390061 0.923967
9.9991E-05 0.550978 0.448922
0.220799 0.0685031 0.710698
0.146622 9.9991E-05 0.853278
0.0783602 0.911429 0.0102107
