9.998E-05 0.9997 9.998E-05 9.998E-05
9.999E-05 0.376402 0.299793 0.323706
0.040352 0.047333 9.99911E-05 0.912215
9.998E-05 9.998E-05 9.998E-05 0.9997
9.999E-05 0.232728 0.308287 0.458885
0.00140223 0.0167999 9.9991E-05 0.981698
9.99822E-05 0.537745 0.462055 9.99822E-05
9.999E-05 0.130365 0.454229 0.415306
9.99821E-05 0.493291 0.506509 9.99821E-05
9.9982E-05 0.869912 0.129888 9.9982E-05
9.9982E-05 0.867282 0.132518 9.9982E-05
9.9982E-05 0.94463 9.9982E-05 0.0551697
9.99821E-05 0.917197 9.99821E-05 0.0826034
0.0236031 0.00396013 9.9991E-05 0.972337
0.00704 0.0242196 9.9991E-05 0.96864
9.9991E-05 0.927638 0.0455781 0.0266839
0.137702 0.812406 9.9991E-05 0.0497926
0.752171 0.151127 0.0966027 9.9991E-05
0.9997 9.998E-05 9.998E-05 9.998E-05
9.9982E-05 0.972809 0.0269908 9.9982E-05
0.9997 9.998E-05 9.998E-05 9.998E-05
9.9982E-05 0.980705 9.9982E-05 0.0190954
0.500565 0.365926 0.0669426 0.0665659
0.991308 0.0084917 9.9982E-05 9.9982E-05
9.998E-05 9.998E-05 9.998E-05 0.9997
9.998E-05 9.998E-05 9.998E-05 0.9997
9.998E-05 0.9997 9.998E-05 9.998E-05
9.9982E-05 9.9982E-05 0.0793059 0.920494
9.9982E-05 9.9982E-05 0.0858306 0.913969
0.032134 0.0208552 0.242336 0.704675
0.0217877 9.9991E-05 0.317594 0.660518
9.9991E-05 0.281522 0.630955 0.0874224
9.998E-05 9.998E-05 9.998E-05 0.9997
9.9982E-05 9.9982E-05 0.931904 0.0678961
9.9982E-05 0.909267 9.9982E-05 0.0905334
9.998E-05 9.998E-05 9.998E-05 0.9997
9.99821E-05 0.897149 9.99821E-05 0.102651
0.0133503 0.725563 0.258462 0.00262514
0.142465 0.62918 9.9991E-05 0.228255
9.9982E-05 0.855691 9.9982E-05 0.144109
9.9991E-05 0.880771 0.0315638 0.0875654
0.00886803 0.965397 0.0256348 9.9991E-05
9.9982E-05 0.924519 0.0752809 9.9982E-05
0.00690224 0.953824 0.0391735 9.9991E-05
0.147217 0.780758 0.0719252 9.9991E-05
0.0262539 0.832011 0.0964222 0.0453129
9.9991E-05 0.784165 0.0627192 0.153016
0.0319573 0.967843 9.99822E-05 9.99822E-05
9.998E-05 9.998E-05 0.9997 9.998E-05
9.998E-05 9.998E-05 0.9997 9.998E-05
9.998E-05 9.998E-05 0.9997 9.998E-05
9.998E-05 9.998E-05 0.9997 9.998E-05
9.998E-05 9.998E-05 0.9997 9.998E-05
0.035684 0.0821917 0.66322 0.218904
9.998E-05 9.998E-05 0.9997 9.998E-05
9.998E-05 0.9997 9.998E-05 9.998E-05
9.9991E-05 0.316916 0.632966 0.050018
9.998E-05 9.998E-05 9.998E-05 0.9997
9.998E-05 0.9997 9.998E-05 9.998E-05
9.9991E-05 0.902538 0.0342987 0.0630635
9.99822E-05 0.997332 9.99822E-05 0.00246765
9.9982E-05 0.998674 9.9982E-05 0.00112623
0.00862536 0.991175 9.9982E-05 9.9982E-05
0.898285 0.0342758 0.0673391 9.9991E-05
9.998E-05 9.998E-05 9.998E-05 0.9997
9.9991E-05 0.64031 0.107151 0.252439
9.998E-05 9.998E-05 9.998E-05 0.9997
9.9982E-05 0.00694809 9.9982E-05 0.992852
9.9982E-05 9.9982E-05 0.107811 0.891989
9.9982E-05 9.9982E-05 0.0513481 0.948452
9.9991E-05 0.0583043 0.0398583 0.901737
9.998E-05 9.998E-05 9.998E-05 0.9997
9.99821E-05 9.99821E-05 0.52663 0.47317
0.00718037 0.0477589 0.446282 0.498778
9.9982E-05 9.9982E-05 0.0006952 0.999105
9.9991E-05 0.793133 0.161979 0.0447875
9.9991E-05 0.807482 0.171477 0.0209411
0.19479 0.656888 9.9991E-05 0.148222
0.180841 0.670683 9.9991E-05 0.148376
9.99819E-05 0.867042 0.132758 9.99819E-05
9.99819E-05 0.904699 0.0951015 9.99819E-05
0.175685 0.686389 0.0145188 0.123407
0.169404 0.682099 9.9991E-05 0.148397
9.9982E-05 0.981922 0.0178777 9.9982E-05
0.0314472 0.875004 0.0934487 9.9991E-05
9.9991E-05 0.288407 0.636576 0.0749174
0.19761 0.716117 9.9991E-05 0.086173
0.138485 0.841958 9.9991E-05 0.0194574
0.0516494 9.9991E-05 0.399531 0.548719
