9.996E-05 9.996E-05 9.996E-05 9.996E-05 0.9995 9.996E-05
0.297266 9.9973E-05 0.265742 9.9973E-05 0.436692 9.9973E-05
0.0300637 0.0213726 0.82893 9.99822E-05 9.99822E-05 0.119434
9.9964E-05 9.9964E-05 0.967909 0.0316909 9.9964E-05 9.9964E-05
0.290057 9.99821E-05 0.464433 0.0053513 0.239959 9.99821E-05
9.9964E-05 9.9964E-05 0.987883 9.9964E-05 0.0117172 9.9964E-05
0.393992 9.99732E-05 0.00904442 9.99732E-05 9.99732E-05 0.596664
0.456339 9.9982E-05 0.437724 0.0225846 0.083153 9.9982E-05
0.425981 9.99821E-05 0.00752048 9.99821E-05 0.152928 0.41337
0.106089 9.9982E-05 9.9982E-05 0.0712322 0.806426 0.0160529
0.100182 9.9982E-05 9.9982E-05 0.0781069 0.766228 0.0552835
9.9982E-05 9.9982E-05 0.0391577 0.0904399 0.709309 0.160894
9.996E-05 9.996E-05 9.996E-05 9.996E-05 9.996E-05 0.9995
9.9973E-05 0.0256704 0.952696 9.9973E-05 0.0213337 9.9973E-05
9.9973E-05 0.0129298 0.952752 9.9973E-05 0.0340179 9.9973E-05
0.0456941 9.9991E-05 0.0112203 0.00585939 0.609778 0.327349
9.9982E-05 0.0825165 9.9982E-05 0.364736 0.373847 0.1787
0.0700567 0.737858 9.99729E-05 9.99729E-05 0.191785 9.99729E-05
9.9973E-05 0.894852 9.9973E-05 0.0988499 9.9973E-05 0.00599823
9.9973E-05 9.9973E-05 9.9973E-05 0.142877 0.803259 0.0535636
9.996E-05 0.9995 9.996E-05 9.996E-05 9.996E-05 9.996E-05
9.9973E-05 9.9973E-05 9.9973E-05 0.00803336 0.900975 0.0906921
0.0499117 0.43895 0.00402696 0.402467 0.104544 9.9991E-05
9.99639E-05 0.859779 9.99639E-05 0.139821 9.99639E-05 9.99639E-05
9.996E-05 9.996E-05 0.9995 9.996E-05 9.996E-05 9.996E-05
9.996E-05 9.996E-05 0.9995 9.996E-05 9.996E-05 9.996E-05
9.99729E-05 9.99729E-05 9.99729E-05 0.0523735 0.152634 0.794693
0.0711532 9.9964E-05 0.928447 9.9964E-05 9.9964E-05 9.9964E-05
0.0957779 9.997E-05 0.877746 9.997E-05 9.997E-05 0.0261757
0.230116 0.0380994 0.697439 9.99821E-05 9.99821E-05 0.0341455
0.306247 9.9973E-05 0.626656 0.0667974 9.9973E-05 9.9973E-05
0.57035 9.99731E-05 0.0800193 9.99731E-05 0.34933 9.99731E-05
9.99641E-05 9.99641E-05 0.998361 0.00123917 9.99641E-05 9.99641E-05
0.932965 9.9982E-05 0.0510727 0.0104306 9.9982E-05 0.00533177
9.99819E-05 9.99819E-05 0.0653897 0.217132 0.168216 0.549062
9.99639E-05 9.99639E-05 0.986753 9.99639E-05 0.012847 9.99639E-05
9.99642E-05 9.99642E-05 0.0494699 9.99642E-05 0.95013 9.99642E-05
0.147475 0.0429628 0.016937 0.00584617 0.786679 9.9991E-05
9.9991E-05 0.0522124 0.143084 0.400525 0.200066 0.204013
9.9982E-05 0.0185441 0.141407 0.00459236 0.835256 9.9982E-05
9.9982E-05 0.0142064 0.0852206 0.0144157 0.885957 9.9982E-05
9.99729E-05 0.0255029 9.99729E-05 0.0914878 0.882709 9.99729E-05
0.0533654 9.9973E-05 9.9973E-05 9.9973E-05 0.677411 0.268924
0.0365322 0.0184839 9.9991E-05 0.107968 0.792672 0.0442445
0.0185222 0.11593 9.9991E-05 0.177364 0.517733 0.170352
0.0461362 0.0623866 0.0840715 0.0764445 0.68613 0.0448313
0.0217778 9.9991E-05 0.124328 0.120116 0.549649 0.184029
9.99644E-05 0.019351 9.99644E-05 9.99644E-05 0.980249 9.99644E-05
0.9995 9.996E-05 9.996E-05 9.996E-05 9.996E-05 9.996E-05
0.989977 0.00962357 9.99639E-05 9.99639E-05 9.99639E-05 9.99639E-05
0.990433 9.9964E-05 9.9964E-05 0.00916667 9.9964E-05 9.9964E-05
0.9995 9.996E-05 9.996E-05 9.996E-05 9.996E-05 9.996E-05
0.9995 9.996E-05 9.996E-05 9.996E-05 9.996E-05 9.996E-05
0.627388 0.0345036 0.237369 0.0038866 0.0426098 0.0542431
0.9995 9.996E-05 9.996E-05 9.996E-05 9.996E-05 9.996E-05
9.9964E-05 9.9964E-05 9.9964E-05 9.9964E-05 0.966087 0.0335127
0.545899 9.9982E-05 0.106206 0.00534415 0.342351 9.9982E-05
9.996E-05 9.996E-05 0.9995 9.996E-05 9.996E-05 9.996E-05
0.012693 9.9982E-05 9.9982E-05 0.0509061 0.0645093 0.871692
9.9973E-05 9.9973E-05 0.0867793 9.9973E-05 0.587075 0.325846
9.996E-05 9.996E-05 9.996E-05 9.996E-05 9.996E-05 0.9995
9.99639E-05 9.99639E-05 9.99639E-05 9.99639E-05 0.109867 0.889733
9.99819E-05 0.00277067 9.99819E-05 0.0974592 0.0573219 0.842248
0.00465615 0.887425 9.99731E-05 9.99731E-05 0.107618 9.99731E-05
9.996E-05 9.996E-05 0.9995 9.996E-05 9.996E-05 9.996E-05
0.0922514 0.0663412 0.315958 0.12248 0.201957 0.201013
9.99642E-05 9.99642E-05 0.995383 9.99642E-05 9.99642E-05 0.00421701
9.9964E-05 9.9964E-05 0.963667 9.9964E-05 0.0359334 9.9964E-05
0.108373 9.9973E-05 0.865689 9.9973E-05 9.9973E-05 0.0256382
0.0658887 0.00184889 0.922593 9.9982E-05 9.9982E-05 0.00946924
9.9973E-05 9.9973E-05 0.91444 0.0157422 0.0695176 9.9973E-05
0.0301149 9.9964E-05 0.969485 9.9964E-05 9.9964E-05 9.9964E-05
0.497665 9.99643E-05 0.501935 9.99643E-05 9.99643E-05 9.99643E-05
0.354899 9.99732E-05 0.509264 9.99732E-05 9.99732E-05 0.135537
9.9982E-05 0.00242241 0.964527 0.0165028 0.0163474 9.9982E-05
0.121119 9.9991E-05 0.0338052 0.047293 0.699423 0.0982591
0.119255 9.9991E-05 0.0230957 0.0497972 0.663041 0.144711
9.996E-05 9.996E-05 9.996E-05 0.9995 9.996E-05 9.996E-05
9.996E-05 9.996E-05 9.996E-05 0.9995 9.996E-05 9.996E-05
0.103416 9.9982E-05 9.9982E-05 0.0420544 0.816576 0.0377535
0.0916121 0.0236027 9.9991E-05 0.0359165 0.742766 0.106002
9.996E-05 9.996E-05 9.996E-05 0.9995 9.996E-05 9.996E-05
9.996E-05 9.996E-05 9.996E-05 0.9995 9.996E-05 9.996E-05
9.99641E-05 9.99641E-05 9.99641E-05 9.99641E-05 0.990391 0.00920922
0.0444893 0.0631651 9.9982E-05 9.9982E-05 0.646222 0.245924
0.622269 9.9973E-05 0.0701378 9.9973E-05 0.307293 9.9973E-05
9.9991E-05 0.119946 0.0451364 0.301133 0.170065 0.363619
9.99821E-05 0.0662441 9.99821E-05 0.320867 0.205808 0.406881
0.307604 0.0508766 0.581775 0.0595439 9.99821E-05 9.99821E-05
