9.99369E-05 0.934548 9.99369E-05 9.99369E-05 9.99369E-05 0.0554499 0.00930304 9.99369E-05 9.99369E-05 9.99369E-05
9.99638E-05 0.134242 0.000604608 9.99638E-05 0.189854 0.0186982 0.0426599 9.99638E-05 0.613541 9.99638E-05
9.99554E-05 9.99554E-05 9.99554E-05 0.047955 0.714382 9.99554E-05 0.0376036 9.99554E-05 0.143576 0.0559843
9.9928E-05 9.9928E-05 9.9928E-05 9.9928E-05 0.970309 9.9928E-05 0.0288914 9.9928E-05 9.9928E-05 9.9928E-05
9.99551E-05 0.000145678 9.99551E-05 9.99551E-05 0.426388 0.162938 9.99551E-05 0.00570681 0.404321 9.99551E-05
0.0115912 9.9946E-05 9.9946E-05 9.9946E-05 0.971119 0.0161673 0.000522565 9.9946E-05 9.9946E-05 9.9946E-05
9.9937E-05 9.9937E-05 0.0577645 9.9937E-05 9.9937E-05 9.9937E-05 9.9937E-05 9.9937E-05 0.733986 0.20755
9.9946E-05 9.9946E-05 9.9946E-05 9.9946E-05 0.355246 0.0884273 9.9946E-05 0.200398 0.355329 9.9946E-05
9.99369E-05 9.99369E-05 0.0960444 9.99369E-05 9.99369E-05 9.99369E-05 9.99369E-05 9.99369E-05 0.78674 0.116516
9.99281E-05 9.99281E-05 9.99281E-05 9.99281E-05 9.99281E-05 0.960927 9.99281E-05 9.99281E-05 0.0382731 9.99281E-05
9.99282E-05 9.99282E-05 9.99282E-05 9.99282E-05 9.99282E-05 0.974277 9.99282E-05 9.99282E-05 0.0249241 9.99282E-05
9.9946E-05 0.64859 9.9946E-05 9.9946E-05 0.0210866 9.9946E-05 0.136014 9.9946E-05 9.9946E-05 0.19371
9.99282E-05 9.99282E-05 9.99282E-05 9.99282E-05 0.00283045 9.99282E-05 9.99282E-05 9.99282E-05 9.99282E-05 0.99637
9.9937E-05 0.0239831 9.9937E-05 0.0309681 0.944349 9.9937E-05 9.9937E-05 9.9937E-05 9.9937E-05 9.9937E-05
9.99281E-05 0.0561885 9.99281E-05 9.99281E-05 0.943012 9.99281E-05 9.99281E-05 9.99281E-05 9.99281E-05 9.99281E-05
9.9937E-05 9.9937E-05 0.839331 9.9937E-05 9.9937E-05 0.00592007 9.9937E-05 9.9937E-05 9.9937E-05 0.154049
9.99641E-05 0.0111468 0.106699 0.0987105 9.99641E-05 0.33498 0.271986 9.99641E-05 9.99641E-05 0.176078
9.99549E-05 0.0406138 0.0274498 0.723466 9.99549E-05 0.175668 9.99549E-05 0.0323033 9.99549E-05 9.99549E-05
0.138403 9.9937E-05 9.9937E-05 0.803541 9.9937E-05 9.9937E-05 0.0573562 9.9937E-05 9.9937E-05 9.9937E-05
9.99459E-05 0.126984 0.330666 9.99459E-05 9.99459E-05 0.480563 0.061188 9.99459E-05 9.99459E-05 9.99459E-05
0.0515746 9.9928E-05 9.9928E-05 0.947626 9.9928E-05 9.9928E-05 9.9928E-05 9.9928E-05 9.9928E-05 9.9928E-05
0.00597323 0.50544 0.297695 9.9955E-05 9.9955E-05 0.157313 9.9955E-05 9.9955E-05 9.9955E-05 0.0330785
9.9955E-05 9.9955E-05 9.9955E-05 0.44388 0.00239887 0.279695 0.25373 0.0197961 9.9955E-05 9.9955E-05
9.99279E-05 9.99279E-05 9.99279E-05 0.929494 9.99279E-05 0.0697065 9.99279E-05 9.99279E-05 9.99279E-05 9.99279E-05
9.99461E-05 9.99461E-05 9.99461E-05 9.99461E-05 0.937814 9.99461E-05 9.99461E-05 0.0423734 0.00548674 0.0137264
9.99201E-05 9.99201E-05 9.99201E-05 9.99201E-05 0.999101 9.99201E-05 9.99201E-05 9.99201E-05 9.99201E-05 9.99201E-05
9.99549E-05 0.0613356 0.0202294 9.99549E-05 9.99549E-05 0.119168 0.0188306 9.99549E-05 9.99549E-05 0.779937
9.9937E-05 9.9937E-05 9.9937E-05 9.9937E-05 0.900767 9.9937E-05 9.9937E-05 0.0936606 0.00487327 9.9937E-05
9.9937E-05 9.9937E-05 0.0162549 9.9937E-05 0.906881 9.9937E-05 9.9937E-05 0.0761644 9.9937E-05 9.9937E-05
0.0610673 9.99551E-05 9.99551E-05 9.99551E-05 0.642866 9.99551E-05 0.0115749 0.253524 9.99551E-05 0.0304682
9.9955E-05 9.9955E-05 9.9955E-05 9.9955E-05 0.617775 0.00918142 0.0495976 0.183422 0.139525 9.9955E-05
9.9946E-05 0.0597345 9.9946E-05 9.9946E-05 9.9946E-05 9.9946E-05 0.0174509 0.111128 0.811087 9.9946E-05
9.99282E-05 9.99282E-05 0.0221863 9.99282E-05 0.977014 9.99282E-05 9.99282E-05 9.99282E-05 9.99282E-05 9.99282E-05
9.99372E-05 9.99372E-05 9.99372E-05 9.99372E-05 0.0992211 9.99372E-05 9.99372E-05 0.793993 0.106086 9.99372E-05
9.99549E-05 0.0354352 9.99549E-05 9.99549E-05 0.0648402 0.119679 0.184525 9.99549E-05 9.99549E-05 0.595021
9.99639E-05 0.000300605 0.0218136 9.99639E-05 0.944247 9.99639E-05 0.000321215 9.99639E-05 0.0087855 0.0241325
9.9928E-05 0.980375 9.9928E-05 9.9928E-05 0.0188252 9.9928E-05 9.9928E-05 9.9928E-05 9.9928E-05 9.9928E-05
0.00766808 0.111316 9.99549E-05 9.99549E-05 0.0440719 0.650758 9.99549E-05 9.99549E-05 0.185686 9.99549E-05
9.9973E-05 0.0643463 0.035174 0.0741072 0.125603 0.19661 0.358023 9.9973E-05 9.9973E-05 0.145836
0.00315227 0.276094 0.243748 9.99639E-05 0.106151 0.364921 0.00553429 9.99639E-05 9.99639E-05 9.99639E-05
9.996E-05 0.313962 0.245982 0.0168588 0.0686794 0.348176 0.00594193 9.996E-05 9.996E-05 9.996E-05
9.99369E-05 0.0452828 0.0355506 9.99369E-05 9.99369E-05 0.918467 9.99369E-05 9.99369E-05 9.99369E-05 9.99369E-05
9.9955E-05 0.00765363 0.888013 0.00328535 9.9955E-05 9.9955E-05 9.9955E-05 9.9955E-05 0.0428191 0.0577295
9.9937E-05 0.0184253 9.9937E-05 9.9937E-05 9.9937E-05 0.940285 9.9937E-05 9.9937E-05 9.9937E-05 0.0405903
9.9964E-05 0.0565051 0.122548 0.123189 9.9964E-05 0.432545 0.11968 9.9964E-05 9.9964E-05 0.145134
0.0937614 0.112964 0.144766 9.9973E-05 0.0769518 0.498183 0.0408885 9.9973E-05 9.9973E-05 0.0321857
0.013958 0.217456 9.9973E-05 9.9973E-05 0.0927997 0.30631 0.0934378 0.0683063 9.9973E-05 0.207432
0.000975048 0.998226 9.99284E-05 9.99284E-05 9.99284E-05 9.99284E-05 9.99284E-05 9.99284E-05 9.99284E-05 9.99284E-05
9.99201E-05 9.99201E-05 9.99201E-05 9.99201E-05 9.99201E-05 9.99201E-05 9.99201E-05 0.999101 9.99201E-05 9.99201E-05
9.99201E-05 9.99201E-05 9.99201E-05 9.99201E-05 9.99201E-05 9.99201E-05 9.99201E-05 0.999101 9.99201E-05 9.99201E-05
9.9937E-05 9.9937E-05 0.00451834 9.9937E-05 9.9937E-05 0.0163075 9.9937E-05 0.978475 9.9937E-05 9.9937E-05
9.99201E-05 9.99201E-05 9.99201E-05 9.99201E-05 9.99201E-05 9.99201E-05 9.99201E-05 0.999101 9.99201E-05 9.99201E-05
9.99201E-05 9.99201E-05 9.99201E-05 9.99201E-05 9.99201E-05 9.99201E-05 9.99201E-05 0.999101 9.99201E-05 9.99201E-05
9.99552E-05 9.99552E-05 0.0885685 0.0503152 0.256156 9.99552E-05 9.99552E-05 0.43234 0.172121 9.99552E-05
9.9946E-05 0.0116032 0.00946994 9.9946E-05 9.9946E-05 9.9946E-05 0.000972462 0.977355 9.9946E-05 9.9946E-05
9.99279E-05 0.783573 0.215628 9.99279E-05 9.99279E-05 9.99279E-05 9.99279E-05 9.99279E-05 9.99279E-05 9.99279E-05
9.99548E-05 0.0547975 9.99548E-05 9.99548E-05 0.0145023 9.99548E-05 0.0300246 0.122415 0.77776 9.99548E-05
9.99279E-05 9.99279E-05 9.99279E-05 9.99279E-05 0.997014 9.99279E-05 0.00218661 9.99279E-05 9.99279E-05 9.99279E-05
9.9955E-05 0.0222435 0.101328 9.9955E-05 9.9955E-05 9.9955E-05 0.0175234 0.0131483 9.9955E-05 0.845257
9.99282E-05 9.99282E-05 0.91436 9.99282E-05 9.99282E-05 9.99282E-05 9.99282E-05 9.99282E-05 9.99282E-05 0.0848402
9.99282E-05 9.99282E-05 9.99282E-05 9.99282E-05 9.99282E-05 9.99282E-05 9.99282E-05 9.99282E-05 0.0313882 0.967812
9.99369E-05 9.99369E-05 0.0253741 9.99369E-05 9.99369E-05 0.0746535 9.99369E-05 9.99369E-05 9.99369E-05 0.899273
9.99369E-05 9.99369E-05 9.99369E-05 9.99369E-05 9.99369E-05 0.0845405 0.0489146 9.99369E-05 9.99369E-05 0.865845
0.999101 9.99201E-05 9.99201E-05 9.99201E-05 9.99201E-05 9.99201E-05 9.99201E-05 9.99201E-05 9.99201E-05 9.99201E-05
9.99201E-05 9.99201E-05 9.99201E-05 9.99201E-05 0.999101 9.99201E-05 9.99201E-05 9.99201E-05 9.99201E-05 9.99201E-05
9.9982E-05 0.0394989 9.9982E-05 0.00901839 0.307742 0.252966 0.128679 0.111587 0.0901839 0.0601258
9.99283E-05 9.99283E-05 0.0115339 9.99283E-05 0.987667 9.99283E-05 9.99283E-05 9.99283E-05 9.99283E-05 9.99283E-05
9.9937E-05 0.0162933 9.9937E-05 9.9937E-05 0.954017 9.9937E-05 9.9937E-05 0.0289904 9.9937E-05 9.9937E-05
9.99459E-05 9.99459E-05 0.0347805 9.99459E-05 0.885659 9.99459E-05 9.99459E-05 0.0541947 0.0247662 9.99459E-05
0.00591052 9.9946E-05 0.0391723 9.9946E-05 0.946194 9.9946E-05 9.9946E-05 0.00812368 9.9946E-05 9.9946E-05
9.99461E-05 9.99461E-05 9.99461E-05 9.99461E-05 0.867831 0.0740928 0.0263727 9.99461E-05 0.0311033 9.99461E-05
9.9955E-05 9.9955E-05 9.9955E-05 0.00270982 0.970143 0.00246571 9.9955E-05 0.0161119 9.9955E-05 0.00807003
9.99373E-05 9.99373E-05 9.99373E-05 9.99373E-05 0.420939 9.99373E-05 9.99373E-05 0.204362 0.374 9.99373E-05
9.99463E-05 9.99463E-05 9.99463E-05 9.99463E-05 0.461035 9.99463E-05 9.99463E-05 0.0892442 0.379921 0.0691998
9.9955E-05 0.0172525 0.0283084 0.00371642 0.937841 9.9955E-05 9.9955E-05 0.0123822 9.9955E-05 9.9955E-05
9.9946E-05 9.9946E-05 0.975118 9.9946E-05 0.0026713 9.9946E-05 0.00628886 0.0153224 9.9946E-05 9.9946E-05
9.9928E-05 9.9928E-05 0.985123 9.9928E-05 9.9928E-05 9.9928E-05 9.9928E-05 0.0140781 9.9928E-05 9.9928E-05
9.99201E-05 9.99201E-05 9.99201E-05 9.99201E-05 9.99201E-05 9.99201E-05 0.999101 9.99201E-05 9.99201E-05 9.99201E-05
9.99201E-05 9.99201E-05 9.99201E-05 9.99201E-05 9.99201E-05 9.99201E-05 0.999101 9.99201E-05 9.99201E-05 9.99201E-05
9.99549E-05 0.019402 0.0844991 9.99549E-05 0.0239142 0.834732 9.99549E-05 9.99549E-05 0.0369529 9.99549E-05
9.9955E-05 0.042031 0.127855 9.9955E-05 9.9955E-05 0.777812 9.9955E-05 0.0175988 9.9955E-05 0.0342038
9.9937E-05 9.9937E-05 0.0111922 9.9937E-05 9.9937E-05 9.9937E-05 0.971296 9.9937E-05 0.0168126 9.9937E-05
9.99201E-05 9.99201E-05 9.99201E-05 9.99201E-05 9.99201E-05 9.99201E-05 0.999101 9.99201E-05 9.99201E-05 9.99201E-05
9.99279E-05 0.963619 9.99279E-05 9.99279E-05 9.99279E-05 9.99279E-05 9.99279E-05 9.99279E-05 9.99279E-05 0.035582
0.014201 0.00787909 0.573607 0.0442537 9.9973E-05 0.1674 9.9973E-05 9.9973E-05 0.0187831 0.173576
9.99368E-05 0.0414006 9.99368E-05 9.99368E-05 9.99368E-05 9.99368E-05 9.99368E-05 0.125734 0.832166 9.99368E-05
9.99551E-05 9.99551E-05 9.99551E-05 0.140438 0.0549866 0.290167 0.172891 9.99551E-05 9.99551E-05 0.341018
9.99641E-05 0.175096 0.00817499 0.112807 0.017045 9.99641E-05 0.281516 9.99641E-05 9.99641E-05 0.404961
9.99552E-05 9.99552E-05 9.99552E-05 0.0353293 0.564768 9.99552E-05 0.039023 0.193909 0.166471 9.99552E-05
