9.99459E-05 9.99459E-05 9.99459E-05 0.93826 0.0261394 9.99459E-05 9.99459E-05 9.99459E-05 0.034901 9.99459E-05
9.99548E-05 0.0892561 9.99548E-05 0.13158 0.0344127 0.170161 9.99548E-05 0.57409 9.99548E-05 9.99548E-05
0.0197582 9.99644E-05 9.99644E-05 9.99644E-05 0.0453157 0.756946 0.0263173 0.0642249 9.99644E-05 0.0870381
9.9937E-05 9.9937E-05 9.9937E-05 9.9937E-05 0.0297457 0.967875 9.9937E-05 9.9937E-05 0.00167995 9.9937E-05
9.9973E-05 0.00915529 0.0951296 0.0129434 9.9973E-05 0.372091 0.0741169 0.375429 0.0608343 9.9973E-05
9.9937E-05 0.00418223 0.053682 9.9937E-05 9.9937E-05 0.941436 9.9937E-05 9.9937E-05 9.9937E-05 9.9937E-05
9.9928E-05 9.9928E-05 9.9928E-05 9.9928E-05 9.9928E-05 9.9928E-05 9.9928E-05 0.723312 9.9928E-05 0.275889
9.9955E-05 0.0249832 9.9955E-05 9.9955E-05 9.9955E-05 0.369319 0.201059 0.350819 0.0533199 9.9955E-05
9.993E-05 9.993E-05 9.993E-05 9.993E-05 9.993E-05 9.993E-05 9.993E-05 0.763127 0.00793252 0.228241
9.99282E-05 9.99282E-05 9.99282E-05 9.99282E-05 9.99282E-05 9.99282E-05 9.99282E-05 0.0418424 0.957358 9.99282E-05
9.99201E-05 9.99201E-05 9.99201E-05 9.99201E-05 9.99201E-05 9.99201E-05 9.99201E-05 9.99201E-05 0.999101 9.99201E-05
9.9946E-05 9.9946E-05 9.9946E-05 0.688254 0.127329 0.0172618 9.9946E-05 9.9946E-05 9.9946E-05 0.166556
9.99282E-05 9.99282E-05 9.99282E-05 9.99282E-05 9.99282E-05 0.00471999 9.99282E-05 9.99282E-05 9.99282E-05 0.994481
9.9946E-05 0.0301585 0.00931614 0.0211002 9.9946E-05 0.938826 9.9946E-05 9.9946E-05 9.9946E-05 9.9946E-05
0.00536193 9.99371E-05 9.99371E-05 0.0525338 9.99371E-05 0.941405 9.99371E-05 9.99371E-05 9.99371E-05 9.99371E-05
9.9973E-05 9.9973E-05 0.117288 0.0432058 9.9973E-05 0.0193312 0.0159586 0.0253515 0.486445 0.292119
9.9928E-05 0.948773 9.9928E-05 9.9928E-05 9.9928E-05 9.9928E-05 9.9928E-05 9.9928E-05 0.0504278 9.9928E-05
0.711547 0.00673341 9.99549E-05 9.99549E-05 9.99549E-05 9.99549E-05 0.018423 0.0521277 0.210669 9.99549E-05
0.933068 9.99371E-05 0.00368447 9.99371E-05 0.0625477 9.99371E-05 9.99371E-05 9.99371E-05 9.99371E-05 9.99371E-05
9.99549E-05 9.99549E-05 0.244089 0.107941 0.00708814 9.99549E-05 9.99549E-05 9.99549E-05 0.639004 0.0013776
0.999101 9.99201E-05 9.99201E-05 9.99201E-05 9.99201E-05 9.99201E-05 9.99201E-05 9.99201E-05 9.99201E-05 9.99201E-05
9.99549E-05 0.0688338 0.0254509 0.549087 9.99549E-05 9.99549E-05 9.99549E-05 9.99549E-05 0.263026 0.0931027
0.374838 0.277114 9.9955E-05 9.9955E-05 0.174127 9.9955E-05 0.0101008 9.9955E-05 0.16332 9.9955E-05
0.876573 9.99369E-05 0.103958 9.99369E-05 0.0187695 9.99369E-05 9.99369E-05 9.99369E-05 9.99369E-05 9.99369E-05
9.99371E-05 9.99371E-05 9.99371E-05 9.99371E-05 0.000434098 0.996333 9.99371E-05 9.99371E-05 9.99371E-05 0.00253378
9.99201E-05 9.99201E-05 9.99201E-05 9.99201E-05 9.99201E-05 0.999101 9.99201E-05 9.99201E-05 9.99201E-05 9.99201E-05
9.99549E-05 0.0542414 9.99549E-05 0.0833075 0.0413832 9.99549E-05 9.99549E-05 9.99549E-05 0.0163697 0.804198
9.9946E-05 9.9946E-05 9.9946E-05 9.9946E-05 9.9946E-05 0.926158 0.0282195 0.0415485 9.9946E-05 0.00347453
9.9955E-05 9.9955E-05 9.9955E-05 0.00877502 9.9955E-05 0.925733 0.0381131 0.00818355 9.9955E-05 0.0186953
9.99731E-05 0.000603083 0.0447088 0.00307029 0.00243761 0.654264 0.208575 0.086041 9.99731E-05 9.99731E-05
9.9955E-05 0.0393894 0.0447253 9.9955E-05 9.9955E-05 0.629849 0.155499 0.130037 9.9955E-05 9.9955E-05
9.9946E-05 9.9946E-05 9.9946E-05 0.0537836 0.0198814 9.9946E-05 0.0679541 0.857781 9.9946E-05 9.9946E-05
9.99201E-05 9.99201E-05 9.99201E-05 9.99201E-05 9.99201E-05 0.999101 9.99201E-05 9.99201E-05 9.99201E-05 9.99201E-05
9.99461E-05 0.0138184 9.99461E-05 9.99461E-05 9.99461E-05 0.0945793 0.757866 0.133137 9.99461E-05 9.99461E-05
9.99729E-05 0.20347 0.134077 0.0326169 0.111352 0.0153821 0.0158701 9.99729E-05 9.99729E-05 0.486932
9.99459E-05 9.99459E-05 0.0185757 9.99459E-05 0.00841586 0.942677 9.99459E-05 0.0297315 9.99459E-05 9.99459E-05
9.9928E-05 9.9928E-05 0.0206865 0.978514 9.9928E-05 9.9928E-05 9.9928E-05 9.9928E-05 9.9928E-05 9.9928E-05
0.00534855 0.0444742 9.9964E-05 0.0991663 9.9964E-05 0.0544154 9.9964E-05 0.137935 0.658261 9.9964E-05
9.99201E-05 0.999101 9.99201E-05 9.99201E-05 9.99201E-05 9.99201E-05 9.99201E-05 9.99201E-05 9.99201E-05 9.99201E-05
9.995E-05 0.107562 0.00598701 0.249853 9.995E-05 0.0970753 9.995E-05 9.995E-05 0.539023 9.995E-05
0.0120099 0.0457981 9.99639E-05 0.293526 0.0053456 0.0793592 9.99639E-05 9.99639E-05 0.563562 9.99639E-05
9.99279E-05 9.99279E-05 0.0545156 9.99279E-05 9.99279E-05 9.99279E-05 9.99279E-05 9.99279E-05 0.944685 9.99279E-05
9.99459E-05 9.99459E-05 9.99459E-05 0.146608 9.99459E-05 9.99459E-05 9.99459E-05 0.104406 0.467908 0.280479
9.99369E-05 0.00324942 0.140275 9.99369E-05 9.99369E-05 9.99369E-05 9.99369E-05 9.99369E-05 0.855776 9.99369E-05
0.0732708 9.99639E-05 0.243182 0.0464808 0.0622765 9.99639E-05 9.99639E-05 9.99639E-05 0.449222 0.125168
9.9955E-05 9.9955E-05 0.228405 0.0778761 9.9955E-05 0.0364728 9.9955E-05 0.0445884 0.612158 9.9955E-05
9.9982E-05 0.0895076 0.398374 0.165998 9.9982E-05 0.0206907 0.0606202 0.0631225 0.16304 0.0384463
0.0120792 9.99285E-05 9.99285E-05 0.987121 9.99285E-05 9.99285E-05 9.99285E-05 9.99285E-05 9.99285E-05 9.99285E-05
9.99201E-05 9.99201E-05 9.99201E-05 9.99201E-05 9.99201E-05 9.99201E-05 0.999101 9.99201E-05 9.99201E-05 9.99201E-05
9.99201E-05 9.99201E-05 9.99201E-05 9.99201E-05 9.99201E-05 9.99201E-05 0.999101 9.99201E-05 9.99201E-05 9.99201E-05
9.99201E-05 9.99201E-05 9.99201E-05 9.99201E-05 9.99201E-05 9.99201E-05 0.999101 9.99201E-05 9.99201E-05 9.99201E-05
0.000925899 9.9928E-05 9.9928E-05 9.9928E-05 9.9928E-05 9.9928E-05 0.998275 9.9928E-05 9.9928E-05 9.9928E-05
9.99201E-05 9.99201E-05 9.99201E-05 9.99201E-05 9.99201E-05 9.99201E-05 0.999101 9.99201E-05 9.99201E-05 9.99201E-05
0.0341934 0.0118507 9.99731E-05 9.99731E-05 9.99731E-05 0.221644 0.398898 0.262835 0.0400532 0.0302249
9.99371E-05 9.99371E-05 9.99371E-05 0.00288694 9.99371E-05 9.99371E-05 0.970106 0.0263077 9.99371E-05 9.99371E-05
9.99459E-05 9.99459E-05 0.0735134 0.819978 9.99459E-05 9.99459E-05 9.99459E-05 9.99459E-05 0.0412156 0.0646937
9.99548E-05 9.99548E-05 9.99548E-05 0.0670412 0.0590141 0.0394133 0.078689 0.755343 9.99548E-05 9.99548E-05
9.99369E-05 0.0043329 0.00103315 9.99369E-05 9.99369E-05 0.993934 9.99369E-05 9.99369E-05 9.99369E-05 9.99369E-05
9.9937E-05 9.9937E-05 9.9937E-05 0.0644377 0.0633014 9.9937E-05 9.9937E-05 9.9937E-05 9.9937E-05 0.871561
9.9955E-05 9.9955E-05 0.109042 0.196124 9.9955E-05 0.0688952 9.9955E-05 9.9955E-05 0.319131 0.306308
9.99201E-05 9.99201E-05 9.99201E-05 9.99201E-05 9.99201E-05 9.99201E-05 9.99201E-05 9.99201E-05 9.99201E-05 0.999101
9.99369E-05 9.99369E-05 9.99369E-05 0.0229957 9.99369E-05 9.99369E-05 9.99369E-05 9.99369E-05 0.104051 0.872253
0.00177117 9.99549E-05 0.0728048 9.99549E-05 0.0644249 9.99549E-05 9.99549E-05 9.99549E-05 0.0252263 0.835273
0.899182 9.99282E-05 9.99282E-05 0.100018 9.99282E-05 9.99282E-05 9.99282E-05 9.99282E-05 9.99282E-05 9.99282E-05
9.99201E-05 9.99201E-05 9.99201E-05 9.99201E-05 9.99201E-05 0.999101 9.99201E-05 9.99201E-05 9.99201E-05 9.99201E-05
0.0486031 9.99731E-05 9.99731E-05 0.113747 9.99731E-05 0.255543 0.0787149 0.0380773 0.431999 0.0330162
9.99462E-05 9.99462E-05 9.99462E-05 9.99462E-05 9.99462E-05 0.958135 0.00536868 0.0152896 9.99462E-05 0.0206068
9.99459E-05 0.032411 9.99459E-05 0.0508363 9.99459E-05 0.897994 0.0181587 9.99459E-05 9.99459E-05 9.99459E-05
9.9946E-05 9.9946E-05 9.9946E-05 9.9946E-05 9.9946E-05 0.877364 0.0560711 0.0328455 9.9946E-05 0.0331197
0.00404437 9.9955E-05 9.9955E-05 0.0262339 9.9955E-05 0.88815 0.0202467 0.0608249 9.9955E-05 9.9955E-05
9.9964E-05 0.0103266 0.0387709 9.9964E-05 0.00179251 0.876375 9.9964E-05 0.0711968 0.00113882 9.9964E-05
9.99369E-05 0.0492777 0.0243113 9.99369E-05 9.99369E-05 0.925711 9.99369E-05 9.99369E-05 9.99369E-05 9.99369E-05
9.99463E-05 0.019649 9.99463E-05 9.99463E-05 9.99463E-05 0.399913 0.238026 0.341812 9.99463E-05 9.99463E-05
9.99463E-05 9.99463E-05 9.99463E-05 9.99463E-05 9.99463E-05 0.424388 0.078616 0.411633 9.99463E-05 0.0847631
9.9955E-05 9.9955E-05 9.9955E-05 0.00621307 0.0118782 0.925438 0.0287766 9.9955E-05 0.0271942 9.9955E-05
9.9982E-05 0.0571235 9.9982E-05 0.0944524 0.0236102 0.0581538 0.00531993 0.102327 0.550094 0.10872
9.9973E-05 9.9973E-05 9.9973E-05 0.0683219 0.0301335 0.0429071 0.0210491 0.111102 0.557138 0.169048
9.99281E-05 9.99281E-05 9.99281E-05 0.00492181 0.994279 9.99281E-05 9.99281E-05 9.99281E-05 9.99281E-05 9.99281E-05
9.99201E-05 9.99201E-05 9.99201E-05 9.99201E-05 0.999101 9.99201E-05 9.99201E-05 9.99201E-05 9.99201E-05 9.99201E-05
9.9937E-05 9.9937E-05 9.9937E-05 9.9937E-05 0.000631884 9.9937E-05 9.9937E-05 0.0178981 0.98077 9.9937E-05
9.99338E-05 9.99338E-05 9.99338E-05 9.99338E-05 9.99338E-05 9.99338E-05 9.99338E-05 9.99338E-05 0.952107 0.0470939
9.99281E-05 0.0265605 9.99281E-05 9.99281E-05 0.97264 9.99281E-05 9.99281E-05 9.99281E-05 9.99281E-05 9.99281E-05
9.99201E-05 9.99201E-05 9.99201E-05 9.99201E-05 0.999101 9.99201E-05 9.99201E-05 9.99201E-05 9.99201E-05 9.99201E-05
9.99369E-05 9.99369E-05 9.99369E-05 0.923594 9.99369E-05 9.99369E-05 0.0110038 9.99369E-05 9.99369E-05 0.0647027
0.0578827 0.0113982 9.9973E-05 0.0390925 9.9973E-05 0.010584 9.9973E-05 0.0614819 0.558063 0.261198
9.99548E-05 9.99548E-05 0.000352275 0.0791813 0.0083238 9.99548E-05 0.103414 0.808229 9.99548E-05 9.99548E-05
9.99201E-05 9.99201E-05 0.999101 9.99201E-05 9.99201E-05 9.99201E-05 9.99201E-05 9.99201E-05 9.99201E-05 9.99201E-05
9.9946E-05 0.0619217 0.875577 0.0201625 9.9946E-05 9.9946E-05 9.9946E-05 9.9946E-05 9.9946E-05 0.0417395
0.0280303 0.0176729 9.99551E-05 9.99551E-05 9.99551E-05 0.515488 0.159229 0.27908 9.99551E-05 9.99551E-05
