9.98559E-05 9.98559E-05 9.98559E-05 9.98559E-05 9.98559E-05 9.98559E-05 9.98559E-05 9.98559E-05 9.98559E-05 0.0342039 9.98559E-05 9.98559E-05 0.964198 9.98559E-05 9.98559E-05 9.98559E-05 9.98559E-05 9.98559E-05
9.98739E-05 9.98739E-05 9.98739E-05 9.98739E-05 9.98739E-05 0.0999968 0.149557 9.98739E-05 9.98739E-05 9.98739E-05 9.98739E-05 0.723493 9.98739E-05 9.98739E-05 0.0255545 9.98739E-05 9.98739E-05 9.98739E-05
9.98403E-05 9.98403E-05 9.98403E-05 9.98403E-05 9.98403E-05 9.98403E-05 9.98403E-05 9.98403E-05 9.98403E-05 9.98403E-05 9.98403E-05 9.98403E-05 9.98403E-05 9.98403E-05 9.98403E-05 9.98403E-05 0.998303 9.98403E-05
9.9892E-05 0.0135335 9.9892E-05 0.021768 9.9892E-05 9.9892E-05 0.854428 9.9892E-05 0.00178267 9.9892E-05 9.9892E-05 9.9892E-05 9.9892E-05 9.9892E-05 9.9892E-05 0.0962728 0.0110167 9.9892E-05
9.99192E-05 9.99192E-05 9.99192E-05 0.0494272 9.99192E-05 9.99192E-05 0.378289 9.99192E-05 0.229468 0.118145 0.0177638 0.122918 0.00316841 9.99192E-05 9.99192E-05 9.99192E-05 0.0656306 0.0142899
9.98741E-05 9.98741E-05 9.98741E-05 0.00135219 9.98741E-05 9.98741E-05 0.988886 9.98741E-05 9.98741E-05 9.98741E-05 9.98741E-05 9.98741E-05 9.98741E-05 9.98741E-05 0.0073588 9.98741E-05 9.98741E-05 0.00100496
9.98472E-05 9.98472E-05 9.98472E-05 9.98472E-05 9.98472E-05 9.98472E-05 9.98472E-05 9.98472E-05 0.998303 9.98472E-05 9.98472E-05 9.98472E-05 9.98472E-05 9.98472E-05 9.98472E-05 9.98472E-05 9.98472E-05 9.98472E-05
9.99098E-05 9.99098E-05 0.0148481 0.0336252 9.99098E-05 9.99098E-05 0.0564884 0.64373 9.99098E-05 0.105063 9.99098E-05 0.0978208 9.99098E-05 9.99098E-05 9.99098E-05 0.0135713 0.0338545 9.99098E-05
9.9874E-05 9.9874E-05 9.9874E-05 0.001848 9.9874E-05 0.00682203 9.9874E-05 9.9874E-05 0.954169 9.9874E-05 9.9874E-05 0.0357631 9.9874E-05 9.9874E-05 9.9874E-05 9.9874E-05 9.9874E-05 9.9874E-05
9.98562E-05 9.98562E-05 9.98562E-05 9.98562E-05 9.98562E-05 9.98562E-05 9.98562E-05 9.98562E-05 0.0928967 0.905506 9.98562E-05 9.98562E-05 9.98562E-05 9.98562E-05 9.98562E-05 9.98562E-05 9.98562E-05 9.98562E-05
9.98562E-05 9.98562E-05 9.98562E-05 9.98562E-05 9.98562E-05 9.98562E-05 9.98562E-05 9.98562E-05 0.111365 0.887037 9.98562E-05 9.98562E-05 9.98562E-05 9.98562E-05 9.98562E-05 9.98562E-05 9.98562E-05 9.98562E-05
9.98833E-05 0.107558 9.98833E-05 9.98833E-05 0.0609521 9.98833E-05 9.98833E-05 9.98833E-05 0.00862097 9.98833E-05 9.98833E-05 9.98833E-05 0.788432 9.98833E-05 9.98833E-05 0.0331378 9.98833E-05 9.98833E-05
9.98564E-05 9.98564E-05 9.98564E-05 9.98564E-05 0.960981 9.98564E-05 9.98564E-05 0.0374215 9.98564E-05 9.98564E-05 9.98564E-05 9.98564E-05 9.98564E-05 9.98564E-05 9.98564E-05 9.98564E-05 9.98564E-05 9.98564E-05
9.98652E-05 9.98652E-05 9.98652E-05 9.98652E-05 0.0233523 9.98652E-05 0.961952 9.98652E-05 9.98652E-05 9.98652E-05 9.98652E-05 9.98652E-05 9.98652E-05 0.0131977 9.98652E-05 9.98652E-05 9.98652E-05 9.98652E-05
9.98653E-05 9.98653E-05 9.98653E-05 9.98653E-05 9.98653E-05 9.98653E-05 0.99443 9.98653E-05 9.98653E-05 0.00274126 9.98653E-05 9.98653E-05 9.98653E-05 0.00133072 9.98653E-05 9.98653E-05 9.98653E-05 9.98653E-05
0.812703 9.98831E-05 9.98831E-05 9.98831E-05 0.100647 9.98831E-05 9.98831E-05 9.98831E-05 9.98831E-05 0.0152569 0.0681125 0.0019817 9.98831E-05 9.98831E-05 9.98831E-05 9.98831E-05 9.98831E-05 9.98831E-05
9.98561E-05 9.98561E-05 9.98561E-05 9.98561E-05 9.98561E-05 0.935296 9.98561E-05 9.98561E-05 9.98561E-05 0.0631066 9.98561E-05 9.98561E-05 9.98561E-05 9.98561E-05 9.98561E-05 9.98561E-05 9.98561E-05 9.98561E-05
0.0465093 9.98918E-05 9.98918E-05 0.0205627 9.98918E-05 9.98918E-05 9.98918E-05 9.98918E-05 9.98918E-05 0.142175 9.98918E-05 0.0324103 9.98918E-05 0.704809 0.0523351 9.98918E-05 9.98918E-05 9.98918E-05
9.98831E-05 0.0201995 9.98831E-05 9.98831E-05 0.0188431 9.98831E-05 9.98831E-05 9.98831E-05 9.98831E-05 9.98831E-05 0.00707338 9.98831E-05 9.98831E-05 0.865248 9.98831E-05 9.98831E-05 9.98831E-05 0.0873375
0.309771 0.0106133 9.98919E-05 9.98919E-05 9.98919E-05 0.0178095 9.98919E-05 9.98919E-05 9.98919E-05 0.447035 0.132194 9.98919E-05 0.0813788 9.98919E-05 9.98919E-05 9.98919E-05 9.98919E-05 9.98919E-05
9.98562E-05 9.98562E-05 9.98562E-05 9.98562E-05 9.98562E-05 9.98562E-05 9.98562E-05 9.98562E-05 9.98562E-05 9.98562E-05 9.98562E-05 9.98562E-05 9.98562E-05 0.987421 9.98562E-05 9.98562E-05 9.98562E-05 0.0109813
0.260409 9.99099E-05 0.0176543 9.99099E-05 0.0595847 9.99099E-05 9.99099E-05 9.99099E-05 9.99099E-05 0.0694634 0.068173 9.99099E-05 0.426151 9.99099E-05 0.089882 9.99099E-05 9.99099E-05 0.00768364
9.98921E-05 0.152482 9.98921E-05 9.98921E-05 9.98921E-05 0.202451 9.98921E-05 9.98921E-05 9.98921E-05 0.204653 0.0284466 9.98921E-05 9.98921E-05 0.399673 9.98921E-05 0.0110953 9.98921E-05 9.98921E-05
9.9865E-05 9.9865E-05 9.9865E-05 9.9865E-05 9.9865E-05 9.9865E-05 9.9865E-05 9.9865E-05 9.9865E-05 0.0449104 0.0872817 9.9865E-05 9.9865E-05 0.86631 9.9865E-05 9.9865E-05 9.9865E-05 9.9865E-05
9.98652E-05 9.98652E-05 9.98652E-05 9.98652E-05 9.98652E-05 9.98652E-05 0.324546 9.98652E-05 9.98652E-05 9.98652E-05 9.98652E-05 9.98652E-05 9.98652E-05 9.98652E-05 9.98652E-05 0.618821 0.0551353 9.98652E-05
9.98563E-05 9.98563E-05 9.98563E-05 9.98563E-05 9.98563E-05 9.98563E-05 0.798916 9.98563E-05 9.98563E-05 9.98563E-05 9.98563E-05 9.98563E-05 9.98563E-05 9.98563E-05 9.98563E-05 0.199486 9.98563E-05 9.98563E-05
9.98738E-05 9.98738E-05 9.98738E-05 9.98738E-05 0.774528 0.0748283 9.98738E-05 9.98738E-05 9.98738E-05 0.0574486 9.98738E-05 9.98738E-05 9.98738E-05 9.98738E-05 0.0917973 9.98738E-05 9.98738E-05 9.98738E-05
9.98741E-05 9.98741E-05 0.00136801 9.98741E-05 9.98741E-05 9.98741E-05 9.98741E-05 0.00966898 0.00116019 9.98741E-05 9.98741E-05 9.98741E-05 9.98741E-05 9.98741E-05 9.98741E-05 0.986405 9.98741E-05 9.98741E-05
9.98562E-05 9.98562E-05 0.00152186 9.98562E-05 9.98562E-05 9.98562E-05 9.98562E-05 9.98562E-05 9.98562E-05 9.98562E-05 9.98562E-05 9.98562E-05 9.98562E-05 9.98562E-05 9.98562E-05 0.99688 9.98562E-05 9.98562E-05
9.98923E-05 9.98923E-05 9.98923E-05 0.13319 0.0053584 9.98923E-05 0.253603 0.243742 9.98923E-05 9.98923E-05 9.98923E-05 9.98923E-05 9.98923E-05 9.98923E-05 9.98923E-05 0.314247 9.98923E-05 0.0486602
9.99009E-05 0.0501759 9.99009E-05 0.0664505 9.99009E-05 0.00592818 0.298795 0.547503 9.99009E-05 9.99009E-05 0.000975969 9.99009E-05 9.99009E-05 9.99009E-05 9.99009E-05 0.0290727 9.99009E-05 9.99009E-05
9.98476E-05 9.98476E-05 9.98476E-05 9.98476E-05 9.98476E-05 9.98476E-05 9.98476E-05 9.98476E-05 9.98476E-05 9.98476E-05 9.98476E-05 0.998303 9.98476E-05 9.98476E-05 9.98476E-05 9.98476E-05 9.98476E-05 9.98476E-05
9.98652E-05 9.98652E-05 9.98652E-05 9.98652E-05 9.98652E-05 9.98652E-05 0.643323 0.149257 9.98652E-05 9.98652E-05 9.98652E-05 9.98652E-05 9.98652E-05 9.98652E-05 9.98652E-05 0.205922 9.98652E-05 9.98652E-05
9.99012E-05 9.99012E-05 9.99012E-05 0.64016 9.99012E-05 0.00481212 9.99012E-05 0.261704 0.000465943 0.0172525 9.99012E-05 0.048044 9.99012E-05 9.99012E-05 9.99012E-05 9.99012E-05 0.0264625 9.99012E-05
9.99187E-05 0.0960863 9.99187E-05 9.99187E-05 0.461958 0.24534 0.0136963 9.99187E-05 9.99187E-05 0.0190793 0.0867234 9.99187E-05 0.0365102 9.99187E-05 0.0136603 0.0260467 9.99187E-05 9.99187E-05
9.98828E-05 9.98828E-05 9.98828E-05 9.98828E-05 9.98828E-05 0.00724475 0.399371 0.0160743 9.98828E-05 9.98828E-05 0.0297412 9.98828E-05 9.98828E-05 9.98828E-05 9.98828E-05 0.54627 9.98828E-05 9.98828E-05
9.98654E-05 9.98654E-05 9.98654E-05 9.98654E-05 9.98654E-05 9.98654E-05 9.98654E-05 0.00618946 9.98654E-05 9.98654E-05 9.98654E-05 9.98654E-05 0.984779 9.98654E-05 0.00753317 9.98654E-05 9.98654E-05 9.98654E-05
9.99008E-05 9.99008E-05 9.99008E-05 9.99008E-05 9.99008E-05 0.0581019 9.99008E-05 0.0380871 9.99008E-05 0.598399 9.99008E-05 0.19879 0.0625233 9.99008E-05 9.99008E-05 9.99008E-05 0.0145497 0.02845
9.98471E-05 9.98471E-05 9.98471E-05 9.98471E-05 9.98471E-05 0.998303 9.98471E-05 9.98471E-05 9.98471E-05 9.98471E-05 9.98471E-05 9.98471E-05 9.98471E-05 9.98471E-05 9.98471E-05 9.98471E-05 9.98471E-05 9.98471E-05
0.247473 9.98916E-05 9.98916E-05 9.98916E-05 9.98916E-05 0.125614 0.125417 9.98916E-05 9.98916E-05 0.223848 9.98916E-05 9.98916E-05 9.98916E-05 9.98916E-05 0.269841 9.98916E-05 9.98916E-05 0.00660718
0.281734 0.0214829 9.99006E-05 9.99006E-05 9.99006E-05 0.0871295 0.0709187 9.99006E-05 9.99006E-05 0.214285 9.99006E-05 9.99006E-05 0.0463217 9.99006E-05 0.27703 9.99006E-05 9.99006E-05 9.99006E-05
0.0213752 9.99009E-05 9.99009E-05 9.99009E-05 0.0057817 0.00700046 9.99009E-05 9.99009E-05 9.99009E-05 0.841673 0.0523146 9.99009E-05 0.0122904 9.99009E-05 0.0584655 9.99009E-05 9.99009E-05 9.99009E-05
0.85872 9.991E-05 0.00854945 9.991E-05 0.0273868 9.991E-05 9.991E-05 9.991E-05 0.0594975 0.0221037 9.991E-05 9.991E-05 0.00265369 9.991E-05 0.0109798 9.991E-05 9.991E-05 0.00911038
9.98919E-05 0.00868557 0.0189663 9.98919E-05 0.00483825 9.98919E-05 9.98919E-05 9.98919E-05 9.98919E-05 0.868104 0.0923825 9.98919E-05 0.00582455 9.98919E-05 9.98919E-05 9.98919E-05 9.98919E-05 9.98919E-05
0.117426 0.0585557 9.99098E-05 9.99098E-05 0.0995255 9.99098E-05 9.99098E-05 9.99098E-05 9.99098E-05 0.305282 0.235476 0.0304384 9.99098E-05 0.116072 0.0362253 9.99098E-05 9.99098E-05 9.99098E-05
0.128937 9.99097E-05 9.99097E-05 9.99097E-05 9.99097E-05 9.99097E-05 0.0573698 9.99097E-05 9.99097E-05 0.351825 0.198755 0.0706213 0.0136438 9.99097E-05 0.0863564 9.99097E-05 9.99097E-05 0.0914926
9.99459E-05 9.99459E-05 0.0117536 0.0213024 0.0301214 0.134707 0.0164861 9.99459E-05 0.0444337 0.125187 0.371663 9.99459E-05 0.0533318 9.99459E-05 0.116342 0.0654044 0.00866843 9.99459E-05
9.98468E-05 9.98468E-05 9.98468E-05 9.98468E-05 9.98468E-05 9.98468E-05 9.98468E-05 9.98468E-05 9.98468E-05 9.98468E-05 9.98468E-05 9.98468E-05 9.98468E-05 9.98468E-05 0.998303 9.98468E-05 9.98468E-05 9.98468E-05
9.98562E-05 9.98562E-05 9.98562E-05 0.991289 9.98562E-05 9.98562E-05 9.98562E-05 9.98562E-05 0.0071136 9.98562E-05 9.98562E-05 9.98562E-05 9.98562E-05 9.98562E-05 9.98562E-05 9.98562E-05 9.98562E-05 9.98562E-05
9.98562E-05 9.98562E-05 9.98562E-05 0.993174 9.98562E-05 9.98562E-05 9.98562E-05 9.98562E-05 9.98562E-05 9.98562E-05 9.98562E-05 9.98562E-05 9.98562E-05 9.98562E-05 9.98562E-05 9.98562E-05 9.98562E-05 0.0052286
0.00991721 9.98563E-05 9.98563E-05 0.988485 9.98563E-05 9.98563E-05 9.98563E-05 9.98563E-05 9.98563E-05 9.98563E-05 9.98563E-05 9.98563E-05 9.98563E-05 9.98563E-05 9.98563E-05 9.98563E-05 9.98563E-05 9.98563E-05
9.98473E-05 9.98473E-05 9.98473E-05 0.998303 9.98473E-05 9.98473E-05 9.98473E-05 9.98473E-05 9.98473E-05 9.98473E-05 9.98473E-05 9.98473E-05 9.98473E-05 9.98473E-05 9.98473E-05 9.98473E-05 9.98473E-05 9.98473E-05
9.98473E-05 9.98473E-05 9.98473E-05 0.998303 9.98473E-05 9.98473E-05 9.98473E-05 9.98473E-05 9.98473E-05 9.98473E-05 9.98473E-05 9.98473E-05 9.98473E-05 9.98473E-05 9.98473E-05 9.98473E-05 9.98473E-05 9.98473E-05
0.0027785 9.99282E-05 0.0674934 0.328157 9.99282E-05 0.0595257 9.99282E-05 0.331184 0.0141201 9.99282E-05 9.99282E-05 9.99282E-05 9.99282E-05 0.0454217 0.0253183 0.120497 0.00470492 9.99282E-05
0.00262192 0.00458503 9.98742E-05 0.924571 9.98742E-05 9.98742E-05 9.98742E-05 9.98742E-05 9.98742E-05 9.98742E-05 9.98742E-05 0.066824 9.98742E-05 9.98742E-05 9.98742E-05 9.98742E-05 9.98742E-05 9.98742E-05
0.150886 9.9865E-05 9.9865E-05 9.9865E-05 9.9865E-05 9.9865E-05 9.9865E-05 9.9865E-05 9.9865E-05 9.9865E-05 0.00713364 9.9865E-05 0.840482 9.9865E-05 9.9865E-05 9.9865E-05 9.9865E-05 9.9865E-05
0.00137674 9.98919E-05 0.00535894 0.0136117 9.98919E-05 9.98919E-05 9.98919E-05 9.98919E-05 0.0570114 9.98919E-05 9.98919E-05 0.88678 9.98919E-05 9.98919E-05 9.98919E-05 0.0346621 9.98919E-05 9.98919E-05
9.9874E-05 9.9874E-05 9.9874E-05 9.9874E-05 9.9874E-05 0.018215 0.622061 9.9874E-05 9.9874E-05 9.9874E-05 0.00540993 9.9874E-05 9.9874E-05 9.9874E-05 9.9874E-05 0.352915 9.9874E-05 9.9874E-05
0.0855473 0.0300447 9.98921E-05 0.0205968 0.851753 9.98921E-05 9.98921E-05 9.98921E-05 9.98921E-05 9.98921E-05 9.98921E-05 9.98921E-05 0.00873294 9.98921E-05 0.00212665 9.98921E-05 9.98921E-05 9.98921E-05
0.865806 9.98563E-05 9.98563E-05 9.98563E-05 9.98563E-05 9.98563E-05 9.98563E-05 9.98563E-05 9.98563E-05 9.98563E-05 0.132596 9.98563E-05 9.98563E-05 9.98563E-05 9.98563E-05 9.98563E-05 9.98563E-05 9.98563E-05
9.98654E-05 9.98654E-05 9.98654E-05 9.98654E-05 0.980962 9.98654E-05 9.98654E-05 0.0118414 0.00569827 9.98654E-05 9.98654E-05 9.98654E-05 9.98654E-05 9.98654E-05 9.98654E-05 9.98654E-05 9.98654E-05 9.98654E-05
9.98559E-05 9.98559E-05 9.98559E-05 9.98559E-05 0.869031 9.98559E-05 9.98559E-05 9.98559E-05 9.98559E-05 0.129371 9.98559E-05 9.98559E-05 9.98559E-05 9.98559E-05 9.98559E-05 9.98559E-05 9.98559E-05 9.98559E-05
9.98738E-05 0.0290851 9.98738E-05 9.98738E-05 0.797808 9.98738E-05 9.98738E-05 9.98738E-05 9.98738E-05 0.0889401 0.0827683 9.98738E-05 9.98738E-05 9.98738E-05 9.98738E-05 9.98738E-05 9.98738E-05 9.98738E-05
9.98472E-05 9.98472E-05 9.98472E-05 9.98472E-05 9.98472E-05 9.98472E-05 9.98472E-05 9.98472E-05 9.98472E-05 9.98472E-05 9.98472E-05 9.98472E-05 9.98472E-05 9.98472E-05 9.98472E-05 9.98472E-05 9.98472E-05 0.998303
9.98655E-05 9.98655E-05 9.98655E-05 9.98655E-05 9.98655E-05 9.98655E-05 0.282449 9.98655E-05 9.98655E-05 9.98655E-05 9.98655E-05 9.98655E-05 9.98655E-05 9.98655E-05 9.98655E-05 0.668123 0.0479295 9.98655E-05
9.98473E-05 9.98473E-05 0.998303 9.98473E-05 9.98473E-05 9.98473E-05 9.98473E-05 9.98473E-05 9.98473E-05 9.98473E-05 9.98473E-05 9.98473E-05 9.98473E-05 9.98473E-05 9.98473E-05 9.98473E-05 9.98473E-05 9.98473E-05
0.00590767 9.98833E-05 9.98833E-05 9.98833E-05 9.98833E-05 9.98833E-05 0.795974 0.0583837 9.98833E-05 9.98833E-05 9.98833E-05 9.98833E-05 9.98833E-05 9.98833E-05 9.98833E-05 0.0358308 0.102605 9.98833E-05
9.99189E-05 9.99189E-05 0.0200724 0.000809122 9.99189E-05 0.014503 0.743993 0.0348089 0.0308914 9.99189E-05 9.99189E-05 9.99189E-05 9.99189E-05 9.99189E-05 0.00887364 0.125402 0.0197475 9.99189E-05
9.98651E-05 9.98651E-05 9.98651E-05 9.98651E-05 9.98651E-05 9.98651E-05 9.98651E-05 9.98651E-05 0.00014787 0.0130867 9.98651E-05 9.98651E-05 9.98651E-05 9.98651E-05 9.98651E-05 0.985267 9.98651E-05 9.98651E-05
9.98563E-05 9.98563E-05 9.98563E-05 9.98563E-05 9.98563E-05 9.98563E-05 9.98563E-05 9.98563E-05 9.98563E-05 9.98563E-05 9.98563E-05 9.98563E-05 9.98563E-05 9.98563E-05 0.00123648 0.997166 9.98563E-05 9.98563E-05
9.99011E-05 0.024098 9.99011E-05 9.99011E-05 9.99011E-05 9.99011E-05 0.649608 0.152749 9.99011E-05 0.013933 9.99011E-05 0.0146331 9.99011E-05 9.99011E-05 0.0297795 0.114101 9.99011E-05 9.99011E-05
9.9892E-05 9.9892E-05 9.9892E-05 0.0111865 9.9892E-05 0.0285892 0.577067 9.9892E-05 0.00378497 9.9892E-05 0.00108619 9.9892E-05 9.9892E-05 9.9892E-05 9.9892E-05 0.377087 9.9892E-05 9.9892E-05
9.9847E-05 9.9847E-05 9.9847E-05 9.9847E-05 9.9847E-05 9.9847E-05 9.9847E-05 0.998303 9.9847E-05 9.9847E-05 9.9847E-05 9.9847E-05 9.9847E-05 9.9847E-05 9.9847E-05 9.9847E-05 9.9847E-05 9.9847E-05
9.98561E-05 9.98561E-05 9.98561E-05 9.98561E-05 0.0342448 9.98561E-05 9.98561E-05 0.964158 9.98561E-05 9.98561E-05 9.98561E-05 9.98561E-05 9.98561E-05 9.98561E-05 9.98561E-05 9.98561E-05 9.98561E-05 9.98561E-05
0.0267734 9.98832E-05 0.0184554 9.98832E-05 9.98832E-05 9.98832E-05 0.819654 9.98832E-05 9.98832E-05 9.98832E-05 9.98832E-05 9.98832E-05 9.98832E-05 9.98832E-05 9.98832E-05 0.127848 0.00597068 9.98832E-05
0.957388 0.00378305 9.9865E-05 9.9865E-05 9.9865E-05 9.9865E-05 9.9865E-05 0.0373315 9.9865E-05 9.9865E-05 9.9865E-05 9.9865E-05 9.9865E-05 9.9865E-05 9.9865E-05 9.9865E-05 9.9865E-05 9.9865E-05
0.985743 9.9856E-05 9.9856E-05 0.012659 9.9856E-05 9.9856E-05 9.9856E-05 9.9856E-05 9.9856E-05 9.9856E-05 9.9856E-05 9.9856E-05 9.9856E-05 9.9856E-05 9.9856E-05 9.9856E-05 9.9856E-05 9.9856E-05
9.98473E-05 0.998303 9.98473E-05 9.98473E-05 9.98473E-05 9.98473E-05 9.98473E-05 9.98473E-05 9.98473E-05 9.98473E-05 9.98473E-05 9.98473E-05 9.98473E-05 9.98473E-05 9.98473E-05 9.98473E-05 9.98473E-05 9.98473E-05
9.98564E-05 0.994958 9.98564E-05 9.98564E-05 9.98564E-05 9.98564E-05 9.98564E-05 9.98564E-05 9.98564E-05 9.98564E-05 9.98564E-05 9.98564E-05 0.00344433 9.98564E-05 9.98564E-05 9.98564E-05 9.98564E-05 9.98564E-05
0.0677832 9.9883E-05 9.9883E-05 9.9883E-05 0.035984 9.9883E-05 9.9883E-05 9.9883E-05 9.9883E-05 0.814412 9.9883E-05 0.0568539 9.9883E-05 9.9883E-05 0.0236687 9.9883E-05 9.9883E-05 9.9883E-05
0.0781502 9.98829E-05 9.98829E-05 9.98829E-05 0.0733775 9.98829E-05 9.98829E-05 9.98829E-05 9.98829E-05 0.76236 9.98829E-05 0.0751147 9.98829E-05 9.98829E-05 0.00969913 9.98829E-05 9.98829E-05 9.98829E-05
0.000965328 0.970125 9.98742E-05 9.98742E-05 9.98742E-05 0.00358543 9.98742E-05 0.0239259 9.98742E-05 9.98742E-05 9.98742E-05 9.98742E-05 9.98742E-05 9.98742E-05 9.98742E-05 9.98742E-05 9.98742E-05 9.98742E-05
9.98473E-05 0.998303 9.98473E-05 9.98473E-05 9.98473E-05 9.98473E-05 9.98473E-05 9.98473E-05 9.98473E-05 9.98473E-05 9.98473E-05 9.98473E-05 9.98473E-05 9.98473E-05 9.98473E-05 9.98473E-05 9.98473E-05 9.98473E-05
9.9883E-05 9.9883E-05 0.0060043 0.00692293 0.00244005 9.9883E-05 9.9883E-05 9.9883E-05 9.9883E-05 9.9883E-05 9.9883E-05 9.9883E-05 0.916229 9.9883E-05 0.0671051 9.9883E-05 9.9883E-05 9.9883E-05
0.515801 9.98919E-05 9.98919E-05 9.98919E-05 0.154302 9.98919E-05 9.98919E-05 9.98919E-05 0.0875036 0.0964891 9.98919E-05 9.98919E-05 9.98919E-05 0.0779059 0.0667993 9.98919E-05 9.98919E-05 9.98919E-05
9.9865E-05 9.9865E-05 9.9865E-05 0.0421001 9.9865E-05 9.9865E-05 9.9865E-05 9.9865E-05 0.0468703 9.9865E-05 9.9865E-05 0.909532 9.9865E-05 9.9865E-05 9.9865E-05 9.9865E-05 9.9865E-05 9.9865E-05
9.98468E-05 9.98468E-05 9.98468E-05 9.98468E-05 9.98468E-05 9.98468E-05 9.98468E-05 9.98468E-05 9.98468E-05 9.98468E-05 0.998303 9.98468E-05 9.98468E-05 9.98468E-05 9.98468E-05 9.98468E-05 9.98468E-05 9.98468E-05
9.98921E-05 0.0443297 9.98921E-05 9.98921E-05 0.124642 0.154507 9.98921E-05 9.98921E-05 9.98921E-05 9.98921E-05 0.543873 9.98921E-05 0.0990118 0.0324371 9.98921E-05 9.98921E-05 9.98921E-05 9.98921E-05
9.98922E-05 0.00605024 9.98922E-05 0.067359 9.98922E-05 9.98922E-05 0.0534618 0.679678 9.98922E-05 9.98922E-05 9.98922E-05 9.98922E-05 9.98922E-05 0.0190441 9.98922E-05 0.173208 9.98922E-05 9.98922E-05
