9.98738E-05 9.98738E-05 9.98738E-05 9.98738E-05 9.98738E-05 9.98738E-05 0.0705497 9.98738E-05 9.98738E-05 9.98738E-05 0.923881 9.98738E-05 9.98738E-05 9.98738E-05 9.98738E-05 9.98738E-05 0.00367238 0.000498864
9.98829E-05 9.98829E-05 0.0994663 0.195785 0.667173 9.98829E-05 9.98829E-05 9.98829E-05 0.0311143 9.98829E-05 9.98829E-05 9.98829E-05 9.98829E-05 9.98829E-05 0.0051635 9.98829E-05 9.98829E-05 9.98829E-05
9.9902E-05 0.000793253 0.663924 9.9902E-05 0.0402531 9.9902E-05 9.9902E-05 0.129938 9.9902E-05 9.9902E-05 9.9902E-05 9.9902E-05 9.9902E-05 0.0296336 0.0748289 9.9902E-05 0.0595303 9.9902E-05
9.98651E-05 9.98651E-05 0.931405 9.98651E-05 9.98651E-05 9.98651E-05 9.98651E-05 9.98651E-05 9.98651E-05 0.0469512 9.98651E-05 9.98651E-05 9.98651E-05 9.98651E-05 9.98651E-05 9.98651E-05 0.0201455 9.98651E-05
0.208921 9.99461E-05 0.310112 0.0889543 0.0512027 0.0156184 0.074119 9.99461E-05 0.0256252 9.99461E-05 0.00348613 0.00673101 9.99461E-05 0.183883 9.99461E-05 0.0184484 9.99461E-05 0.0122985
9.98831E-05 9.98831E-05 0.894241 0.0215887 9.98831E-05 9.98831E-05 9.98831E-05 9.98831E-05 9.98831E-05 0.050118 9.98831E-05 0.0243435 9.98831E-05 0.00841073 9.98831E-05 9.98831E-05 9.98831E-05 9.98831E-05
0.996714 9.98561E-05 9.98561E-05 9.98561E-05 9.98561E-05 9.98561E-05 9.98561E-05 0.00168826 9.98561E-05 9.98561E-05 9.98561E-05 9.98561E-05 9.98561E-05 9.98561E-05 9.98561E-05 9.98561E-05 9.98561E-05 9.98561E-05
9.99009E-05 9.99009E-05 0.0400752 9.99009E-05 0.110159 9.99009E-05 0.0604242 9.99009E-05 9.99009E-05 9.99009E-05 9.99009E-05 9.99009E-05 9.99009E-05 0.147741 0.546836 0.0856365 0.00803023 9.99009E-05
0.948248 9.9865E-05 9.9865E-05 9.9865E-05 0.0389799 9.9865E-05 9.9865E-05 9.9865E-05 9.9865E-05 9.9865E-05 9.9865E-05 9.9865E-05 9.9865E-05 9.9865E-05 9.9865E-05 0.0112737 9.9865E-05 9.9865E-05
0.11592 9.98562E-05 9.98562E-05 9.98562E-05 9.98562E-05 9.98562E-05 0.882483 9.98562E-05 9.98562E-05 9.98562E-05 9.98562E-05 9.98562E-05 9.98562E-05 9.98562E-05 9.98562E-05 9.98562E-05 9.98562E-05 9.98562E-05
0.123978 9.98561E-05 9.98561E-05 9.98561E-05 9.98561E-05 9.98561E-05 0.874425 9.98561E-05 9.98561E-05 9.98561E-05 9.98561E-05 9.98561E-05 9.98561E-05 9.98561E-05 9.98561E-05 9.98561E-05 9.98561E-05 9.98561E-05
0.0360729 9.9892E-05 0.0155919 9.9892E-05 9.9892E-05 0.129022 9.9892E-05 0.0731184 9.9892E-05 9.9892E-05 0.639135 9.9892E-05 9.9892E-05 9.9892E-05 9.9892E-05 9.9892E-05 0.105862 9.9892E-05
0.0422393 9.98743E-05 9.98743E-05 9.98743E-05 9.98743E-05 9.98743E-05 9.98743E-05 0.928151 9.98743E-05 9.98743E-05 9.98743E-05 0.0129143 9.98743E-05 9.98743E-05 0.015297 9.98743E-05 9.98743E-05 9.98743E-05
9.99011E-05 0.00881444 0.910488 0.0144115 0.0152589 0.0186005 9.99011E-05 9.99011E-05 0.0311241 9.99011E-05 9.99011E-05 0.000203086 9.99011E-05 9.99011E-05 9.99011E-05 9.99011E-05 9.99011E-05 9.99011E-05
9.98742E-05 9.98742E-05 0.929598 9.98742E-05 9.98742E-05 9.98742E-05 0.0228796 9.98742E-05 9.98742E-05 9.98742E-05 0.0191883 9.98742E-05 9.98742E-05 9.98742E-05 9.98742E-05 9.98742E-05 9.98742E-05 0.0269356
9.9883E-05 9.9883E-05 9.9883E-05 9.9883E-05 9.9883E-05 0.1013 0.0201658 0.132458 9.9883E-05 9.9883E-05 9.9883E-05 0.0184098 0.726368 9.9883E-05 9.9883E-05 9.9883E-05 9.9883E-05 9.9883E-05
9.9865E-05 9.9865E-05 9.9865E-05 9.9865E-05 9.9865E-05 9.9865E-05 0.087072 9.9865E-05 0.892672 9.9865E-05 9.9865E-05 9.9865E-05 9.9865E-05 9.9865E-05 9.9865E-05 9.9865E-05 9.9865E-05 0.0187579
9.99009E-05 0.660021 9.99009E-05 0.095842 0.0190988 9.99009E-05 0.0528138 9.99009E-05 9.99009E-05 9.99009E-05 9.99009E-05 9.99009E-05 0.0338883 9.99009E-05 9.99009E-05 0.0384379 9.99009E-05 0.0987995
9.98561E-05 0.904774 9.98561E-05 9.98561E-05 9.98561E-05 9.98561E-05 9.98561E-05 9.98561E-05 9.98561E-05 9.98561E-05 9.98561E-05 9.98561E-05 9.98561E-05 9.98561E-05 9.98561E-05 9.98561E-05 0.0936279 9.98561E-05
9.99009E-05 9.99009E-05 9.99009E-05 9.99009E-05 9.99009E-05 0.145939 0.4574 9.99009E-05 0.0305097 0.00847177 0.0294753 9.99009E-05 0.31923 9.99009E-05 9.99009E-05 9.99009E-05 0.00787476 9.99009E-05
9.98561E-05 0.963209 9.98561E-05 9.98561E-05 9.98561E-05 9.98561E-05 9.98561E-05 9.98561E-05 9.98561E-05 9.98561E-05 9.98561E-05 9.98561E-05 9.98561E-05 9.98561E-05 9.98561E-05 9.98561E-05 9.98561E-05 0.0351933
9.99099E-05 9.99099E-05 9.99099E-05 0.314177 9.99099E-05 0.0167238 9.99099E-05 0.056909 0.0425705 0.00919296 0.403461 9.99099E-05 0.153844 9.99099E-05 9.99099E-05 9.99099E-05 0.00212202 9.99099E-05
9.98469E-05 9.98469E-05 9.98469E-05 9.98469E-05 9.98469E-05 9.98469E-05 9.98469E-05 9.98469E-05 9.98469E-05 9.98469E-05 9.98469E-05 9.98469E-05 9.98469E-05 9.98469E-05 9.98469E-05 9.98469E-05 9.98469E-05 0.998303
9.98649E-05 0.726982 9.98649E-05 9.98649E-05 9.98649E-05 9.98649E-05 9.98649E-05 9.98649E-05 9.98649E-05 9.98649E-05 9.98649E-05 0.0288719 9.98649E-05 9.98649E-05 9.98649E-05 9.98649E-05 9.98649E-05 0.242649
9.98655E-05 9.98655E-05 0.994237 9.98655E-05 9.98655E-05 9.98655E-05 9.98655E-05 9.98655E-05 9.98655E-05 9.98655E-05 9.98655E-05 9.98655E-05 9.98655E-05 9.98655E-05 9.98655E-05 0.00316391 0.00110111 9.98655E-05
9.98475E-05 9.98475E-05 0.998303 9.98475E-05 9.98475E-05 9.98475E-05 9.98475E-05 9.98475E-05 9.98475E-05 9.98475E-05 9.98475E-05 9.98475E-05 9.98475E-05 9.98475E-05 9.98475E-05 9.98475E-05 9.98475E-05 9.98475E-05
9.98918E-05 9.98918E-05 9.98918E-05 9.98918E-05 9.98918E-05 9.98918E-05 0.0734035 0.762573 0.0611835 9.98918E-05 0.0397954 9.98918E-05 0.0330707 9.98918E-05 9.98918E-05 9.98918E-05 0.0287747 9.98918E-05
0.00510302 9.98921E-05 0.900964 9.98921E-05 0.0321216 9.98921E-05 9.98921E-05 0.0148527 9.98921E-05 9.98921E-05 9.98921E-05 9.98921E-05 9.98921E-05 0.0068424 9.98921E-05 0.0389178 9.98921E-05 9.98921E-05
0.02539 9.9901E-05 0.86773 9.9901E-05 0.00206046 9.9901E-05 9.9901E-05 0.000511034 9.9901E-05 0.00638484 9.9901E-05 9.9901E-05 0.0513794 9.9901E-05 9.9901E-05 0.0454449 9.9901E-05 9.9901E-05
9.99102E-05 0.00311533 0.384993 0.000359476 0.0103318 9.99102E-05 9.99102E-05 9.99102E-05 9.99102E-05 9.99102E-05 0.0452782 9.99102E-05 9.99102E-05 0.45759 0.0173127 0.080021 9.99102E-05 9.99102E-05
9.98648E-05 9.98648E-05 0.0647759 9.98648E-05 9.98648E-05 9.98648E-05 9.98648E-05 9.98648E-05 9.98648E-05 9.98648E-05 9.98648E-05 0.0175474 9.98648E-05 0.916179 9.98648E-05 9.98648E-05 9.98648E-05 9.98648E-05
9.98475E-05 9.98475E-05 9.98475E-05 9.98475E-05 0.998303 9.98475E-05 9.98475E-05 9.98475E-05 9.98475E-05 9.98475E-05 9.98475E-05 9.98475E-05 9.98475E-05 9.98475E-05 9.98475E-05 9.98475E-05 9.98475E-05 9.98475E-05
9.98743E-05 9.98743E-05 0.795512 0.0325396 9.98743E-05 9.98743E-05 9.98743E-05 9.98743E-05 9.98743E-05 0.0350586 9.98743E-05 9.98743E-05 9.98743E-05 9.98743E-05 0.135492 9.98743E-05 9.98743E-05 9.98743E-05
9.98743E-05 9.98743E-05 9.98743E-05 9.98743E-05 9.98743E-05 9.98743E-05 9.98743E-05 9.98743E-05 9.98743E-05 0.0271928 9.98743E-05 9.98743E-05 9.98743E-05 0.0110185 0.249391 0.710999 9.98743E-05 9.98743E-05
9.99097E-05 9.99097E-05 9.99097E-05 0.0546285 9.99097E-05 9.99097E-05 0.00509998 0.49057 0.217361 9.99097E-05 0.0110295 0.0491982 9.99097E-05 0.0628133 9.99097E-05 9.99097E-05 0.1083 9.99097E-05
0.00493506 9.99008E-05 0.839505 0.0298621 9.99008E-05 0.0245643 9.99008E-05 0.0202023 9.99008E-05 9.99008E-05 0.0077609 9.99008E-05 9.99008E-05 9.99008E-05 0.0720712 9.99008E-05 9.99008E-05 9.99008E-05
9.98741E-05 9.98741E-05 0.0120158 9.98741E-05 9.98741E-05 9.98741E-05 9.98741E-05 9.98741E-05 0.00315819 9.98741E-05 0.956606 9.98741E-05 9.98741E-05 9.98741E-05 0.0268213 9.98741E-05 9.98741E-05 9.98741E-05
9.99008E-05 9.99008E-05 9.99008E-05 0.106644 0.17644 9.99008E-05 0.484937 9.99008E-05 0.0328423 9.99008E-05 0.0592181 9.99008E-05 9.99008E-05 9.99008E-05 0.0620135 9.99008E-05 9.99008E-05 0.0768057
9.98561E-05 9.98561E-05 9.98561E-05 9.98561E-05 9.98561E-05 9.98561E-05 9.98561E-05 9.98561E-05 0.978533 9.98561E-05 9.98561E-05 9.98561E-05 9.98561E-05 9.98561E-05 0.0198694 9.98561E-05 9.98561E-05 9.98561E-05
9.98561E-05 9.98561E-05 9.98561E-05 0.994072 9.98561E-05 9.98561E-05 9.98561E-05 9.98561E-05 0.00433061 9.98561E-05 9.98561E-05 9.98561E-05 9.98561E-05 9.98561E-05 9.98561E-05 9.98561E-05 9.98561E-05 9.98561E-05
9.9856E-05 9.9856E-05 9.9856E-05 0.980913 9.9856E-05 9.9856E-05 9.9856E-05 9.9856E-05 9.9856E-05 9.9856E-05 0.0174895 9.9856E-05 9.9856E-05 9.9856E-05 9.9856E-05 9.9856E-05 9.9856E-05 9.9856E-05
9.98829E-05 9.98829E-05 9.98829E-05 0.0837911 9.98829E-05 9.98829E-05 0.853857 9.98829E-05 0.0240955 9.98829E-05 0.0327269 9.98829E-05 9.98829E-05 9.98829E-05 9.98829E-05 9.98829E-05 9.98829E-05 0.00423096
0.0844992 0.00102802 9.9892E-05 0.0226299 9.9892E-05 9.9892E-05 9.9892E-05 0.0328274 9.9892E-05 9.9892E-05 0.0370302 9.9892E-05 0.820787 9.9892E-05 9.9892E-05 9.9892E-05 9.9892E-05 9.9892E-05
9.98829E-05 9.98829E-05 9.98829E-05 9.98829E-05 9.98829E-05 0.017343 0.832644 9.98829E-05 0.0355239 9.98829E-05 9.98829E-05 0.0769105 0.0362799 9.98829E-05 9.98829E-05 9.98829E-05 9.98829E-05 9.98829E-05
9.99189E-05 9.99189E-05 9.99189E-05 0.172317 0.0104272 9.99189E-05 0.232737 0.122768 9.99189E-05 9.99189E-05 0.051142 0.170592 0.00537781 9.99189E-05 9.99189E-05 9.99189E-05 0.0336726 0.200067
9.9928E-05 0.00524925 9.9928E-05 0.119204 9.9928E-05 9.9928E-05 0.335964 9.9928E-05 9.9928E-05 9.9928E-05 0.0672942 0.182919 0.158442 0.036812 0.0603876 0.00542893 9.9928E-05 0.0274995
9.99099E-05 9.99099E-05 0.00464998 9.99099E-05 9.99099E-05 9.99099E-05 0.187995 0.0925542 0.133975 0.0244231 0.225403 0.226424 9.99099E-05 0.103576 9.99099E-05 9.99099E-05 9.99099E-05 9.99099E-05
9.98569E-05 9.98569E-05 9.98569E-05 9.98569E-05 9.98569E-05 9.98569E-05 9.98569E-05 9.98569E-05 9.98569E-05 9.98569E-05 0.971923 9.98569E-05 9.98569E-05 9.98569E-05 9.98569E-05 9.98569E-05 9.98569E-05 0.0264795
9.98472E-05 9.98472E-05 9.98472E-05 9.98472E-05 9.98472E-05 9.98472E-05 9.98472E-05 9.98472E-05 9.98472E-05 9.98472E-05 9.98472E-05 9.98472E-05 9.98472E-05 9.98472E-05 9.98472E-05 0.998303 9.98472E-05 9.98472E-05
9.98607E-05 0.00714238 9.98607E-05 9.98607E-05 9.98607E-05 9.98607E-05 9.98607E-05 9.98607E-05 9.98607E-05 9.98607E-05 9.98607E-05 9.98607E-05 9.98607E-05 9.98607E-05 9.98607E-05 0.99126 9.98607E-05 9.98607E-05
9.98652E-05 9.98652E-05 9.98652E-05 0.0273203 9.98652E-05 9.98652E-05 0.0069145 9.98652E-05 9.98652E-05 9.98652E-05 9.98652E-05 9.98652E-05 9.98652E-05 9.98652E-05 9.98652E-05 0.964267 9.98652E-05 9.98652E-05
9.98473E-05 9.98473E-05 9.98473E-05 9.98473E-05 9.98473E-05 9.98473E-05 9.98473E-05 9.98473E-05 9.98473E-05 9.98473E-05 9.98473E-05 9.98473E-05 9.98473E-05 9.98473E-05 9.98473E-05 0.998303 9.98473E-05 9.98473E-05
9.98473E-05 9.98473E-05 9.98473E-05 9.98473E-05 9.98473E-05 9.98473E-05 9.98473E-05 9.98473E-05 9.98473E-05 9.98473E-05 9.98473E-05 9.98473E-05 9.98473E-05 9.98473E-05 9.98473E-05 0.998303 9.98473E-05 9.98473E-05
0.0350044 9.99192E-05 0.104791 0.019218 9.99192E-05 9.99192E-05 9.99192E-05 9.99192E-05 9.99192E-05 0.0351065 9.99192E-05 9.99192E-05 0.0626563 0.19328 0.072106 0.395702 9.99192E-05 0.0812358
9.98562E-05 9.98562E-05 9.98562E-05 9.98562E-05 0.0749603 9.98562E-05 9.98562E-05 9.98562E-05 9.98562E-05 9.98562E-05 9.98562E-05 9.98562E-05 9.98562E-05 9.98562E-05 9.98562E-05 0.923442 9.98562E-05 9.98562E-05
9.98647E-05 9.98647E-05 9.98647E-05 9.98647E-05 9.98647E-05 0.118581 9.98647E-05 9.98647E-05 9.98647E-05 9.98647E-05 0.72701 9.98647E-05 0.152911 9.98647E-05 9.98647E-05 9.98647E-05 9.98647E-05 9.98647E-05
0.0219268 9.98739E-05 9.98739E-05 9.98739E-05 0.923131 0.00680267 9.98739E-05 9.98739E-05 9.98739E-05 9.98739E-05 9.98739E-05 9.98739E-05 9.98739E-05 9.98739E-05 9.98739E-05 0.0467412 9.98739E-05 9.98739E-05
9.98649E-05 9.98649E-05 0.967722 0.0306748 9.98649E-05 9.98649E-05 9.98649E-05 9.98649E-05 9.98649E-05 9.98649E-05 9.98649E-05 0.000105259 9.98649E-05 9.98649E-05 9.98649E-05 9.98649E-05 9.98649E-05 9.98649E-05
9.98921E-05 9.98921E-05 9.98921E-05 0.0856601 9.98921E-05 0.023567 9.98921E-05 0.82377 9.98921E-05 9.98921E-05 9.98921E-05 9.98921E-05 0.0256795 9.98921E-05 9.98921E-05 0.0249613 0.0151636 9.98921E-05
9.98743E-05 9.98743E-05 9.98743E-05 9.98743E-05 9.98743E-05 0.05626 9.98743E-05 0.0406011 9.98743E-05 9.98743E-05 9.98743E-05 0.0459471 0.855794 9.98743E-05 9.98743E-05 9.98743E-05 9.98743E-05 9.98743E-05
0.0174548 9.98654E-05 9.98654E-05 9.98654E-05 9.98654E-05 9.98654E-05 9.98654E-05 0.969178 9.98654E-05 9.98654E-05 9.98654E-05 9.98654E-05 9.98654E-05 9.98654E-05 0.0118689 9.98654E-05 9.98654E-05 9.98654E-05
9.9874E-05 9.9874E-05 0.000880396 9.9874E-05 0.00447142 9.9874E-05 0.086316 0.906934 9.9874E-05 9.9874E-05 9.9874E-05 9.9874E-05 9.9874E-05 9.9874E-05 9.9874E-05 9.9874E-05 9.9874E-05 9.9874E-05
9.98918E-05 9.98918E-05 9.98918E-05 0.0133654 9.98918E-05 0.0732269 0.0777836 0.773939 9.98918E-05 9.98918E-05 9.98918E-05 0.0104089 9.98918E-05 9.98918E-05 9.98918E-05 9.98918E-05 0.0500778 9.98918E-05
9.98564E-05 0.949298 9.98564E-05 9.98564E-05 9.98564E-05 9.98564E-05 9.98564E-05 9.98564E-05 9.98564E-05 9.98564E-05 0.0491046 9.98564E-05 9.98564E-05 9.98564E-05 9.98564E-05 9.98564E-05 9.98564E-05 9.98564E-05
9.98836E-05 9.98836E-05 0.953848 9.98836E-05 9.98836E-05 9.98836E-05 0.0056911 9.98836E-05 9.98836E-05 9.98836E-05 9.98836E-05 9.98836E-05 0.0300788 0.00785001 9.98836E-05 9.98836E-05 0.00123403 9.98836E-05
9.98473E-05 9.98473E-05 9.98473E-05 9.98473E-05 9.98473E-05 9.98473E-05 9.98473E-05 9.98473E-05 9.98473E-05 0.998303 9.98473E-05 9.98473E-05 9.98473E-05 9.98473E-05 9.98473E-05 9.98473E-05 9.98473E-05 9.98473E-05
9.98566E-05 9.98566E-05 0.896174 9.98566E-05 9.98566E-05 9.98566E-05 9.98566E-05 9.98566E-05 9.98566E-05 9.98566E-05 9.98566E-05 9.98566E-05 9.98566E-05 9.98566E-05 0.102229 9.98566E-05 9.98566E-05 9.98566E-05
0.00362187 9.991E-05 0.896985 0.0244478 9.991E-05 0.00774825 9.991E-05 9.991E-05 0.0235922 9.991E-05 0.00359276 9.991E-05 9.991E-05 0.0236924 9.991E-05 0.0153204 9.991E-05 9.991E-05
0.00940568 9.9892E-05 0.809944 9.9892E-05 9.9892E-05 9.9892E-05 9.9892E-05 9.9892E-05 9.9892E-05 9.9892E-05 9.9892E-05 9.9892E-05 0.102496 0.0368001 0.0160826 0.0240733 9.9892E-05 9.9892E-05
9.99011E-05 9.99011E-05 0.867673 9.99011E-05 0.0230415 9.99011E-05 9.99011E-05 9.99011E-05 9.99011E-05 0.00917205 9.99011E-05 9.99011E-05 0.0654 0.016406 0.0147687 0.00244017 9.99011E-05 9.99011E-05
9.98742E-05 9.98742E-05 0.700113 0.0957051 9.98742E-05 9.98742E-05 9.98742E-05 9.98742E-05 9.98742E-05 9.98742E-05 9.98742E-05 9.98742E-05 9.98742E-05 0.1996 0.00318359 9.98742E-05 9.98742E-05 9.98742E-05
9.9874E-05 9.9874E-05 0.946959 0.00645972 9.9874E-05 0.0449455 9.9874E-05 9.9874E-05 0.000237754 9.9874E-05 9.9874E-05 9.9874E-05 9.9874E-05 9.9874E-05 9.9874E-05 9.9874E-05 9.9874E-05 9.9874E-05
9.9874E-05 9.9874E-05 0.014129 9.9874E-05 9.9874E-05 9.9874E-05 9.9874E-05 9.9874E-05 0.0178573 9.9874E-05 9.9874E-05 9.9874E-05 9.9874E-05 0.0201796 0.946436 9.9874E-05 9.9874E-05 9.9874E-05
0.0245783 9.98561E-05 9.98561E-05 9.98561E-05 9.98561E-05 9.98561E-05 9.98561E-05 9.98561E-05 9.98561E-05 9.98561E-05 9.98561E-05 9.98561E-05 9.98561E-05 9.98561E-05 0.973824 9.98561E-05 9.98561E-05 9.98561E-05
9.98922E-05 9.98922E-05 0.934906 9.98922E-05 9.98922E-05 9.98922E-05 0.0167692 9.98922E-05 9.98922E-05 0.0171663 9.98922E-05 9.98922E-05 0.0118822 9.98922E-05 9.98922E-05 0.000723436 9.98922E-05 0.0173541
9.9883E-05 9.9883E-05 9.9883E-05 0.0106757 9.9883E-05 9.9883E-05 9.9883E-05 9.9883E-05 9.9883E-05 9.9883E-05 9.9883E-05 9.9883E-05 0.976063 9.9883E-05 0.0102849 0.000719596 9.9883E-05 0.000958187
9.9874E-05 9.9874E-05 0.0046517 9.9874E-05 9.9874E-05 9.9874E-05 9.9874E-05 9.9874E-05 9.9874E-05 9.9874E-05 9.9874E-05 9.9874E-05 0.973975 9.9874E-05 0.00603791 0.0139371 9.9874E-05 9.9874E-05
9.98563E-05 9.98563E-05 9.98563E-05 9.98563E-05 9.98563E-05 9.98563E-05 9.98563E-05 9.98563E-05 9.98563E-05 9.98563E-05 0.00220257 9.98563E-05 9.98563E-05 9.98563E-05 9.98563E-05 9.98563E-05 0.9962 9.98563E-05
9.98474E-05 9.98474E-05 9.98474E-05 9.98474E-05 9.98474E-05 9.98474E-05 9.98474E-05 9.98474E-05 9.98474E-05 9.98474E-05 9.98474E-05 9.98474E-05 9.98474E-05 9.98474E-05 9.98474E-05 9.98474E-05 0.998303 9.98474E-05
9.99009E-05 9.99009E-05 9.99009E-05 0.0987364 0.0399035 9.99009E-05 0.759255 0.0385585 9.99009E-05 9.99009E-05 0.00591275 9.99009E-05 0.0304041 9.99009E-05 0.0261305 9.99009E-05 9.99009E-05 9.99009E-05
9.9901E-05 9.9901E-05 9.9901E-05 0.109286 0.0263236 9.9901E-05 0.70403 0.0541216 9.9901E-05 9.9901E-05 0.0295418 9.9901E-05 0.0665563 9.9901E-05 0.00904124 9.9901E-05 9.9901E-05 9.9901E-05
9.98832E-05 9.98832E-05 9.98832E-05 9.98832E-05 9.98832E-05 9.98832E-05 9.98832E-05 9.98832E-05 0.00682946 9.98832E-05 9.98832E-05 9.98832E-05 0.0252236 9.98832E-05 0.00811183 9.98832E-05 0.943519 0.0150173
9.98473E-05 9.98473E-05 9.98473E-05 9.98473E-05 9.98473E-05 9.98473E-05 9.98473E-05 9.98473E-05 9.98473E-05 9.98473E-05 9.98473E-05 9.98473E-05 9.98473E-05 9.98473E-05 9.98473E-05 9.98473E-05 0.998303 9.98473E-05
9.98829E-05 9.98829E-05 9.98829E-05 9.98829E-05 9.98829E-05 0.00234417 9.98829E-05 0.0228931 9.98829E-05 9.98829E-05 0.929339 9.98829E-05 0.0307158 9.98829E-05 9.98829E-05 0.0134091 9.98829E-05 9.98829E-05
0.132654 0.00717157 9.9883E-05 0.700417 9.9883E-05 9.9883E-05 9.9883E-05 0.111913 9.9883E-05 9.9883E-05 9.9883E-05 9.9883E-05 0.0465456 9.9883E-05 9.9883E-05 9.9883E-05 9.9883E-05 9.9883E-05
0.0589901 9.9874E-05 9.9874E-05 9.9874E-05 0.891514 9.9874E-05 9.9874E-05 9.9874E-05 9.9874E-05 9.9874E-05 9.9874E-05 0.00749861 9.9874E-05 9.9874E-05 9.9874E-05 0.0405986 9.9874E-05 9.9874E-05
9.98469E-05 9.98469E-05 9.98469E-05 9.98469E-05 9.98469E-05 9.98469E-05 9.98469E-05 9.98469E-05 9.98469E-05 9.98469E-05 9.98469E-05 0.998303 9.98469E-05 9.98469E-05 9.98469E-05 9.98469E-05 9.98469E-05 9.98469E-05
9.98403E-05 9.98403E-05 9.98403E-05 9.98403E-05 9.98403E-05 0.998303 9.98403E-05 9.98403E-05 9.98403E-05 9.98403E-05 9.98403E-05 9.98403E-05 9.98403E-05 9.98403E-05 9.98403E-05 9.98403E-05 9.98403E-05 9.98403E-05
9.98471E-05 9.98471E-05 9.98471E-05 9.98471E-05 9.98471E-05 9.98471E-05 9.98471E-05 9.98471E-05 9.98471E-05 9.98471E-05 9.98471E-05 9.98471E-05 9.98471E-05 0.998303 9.98471E-05 9.98471E-05 9.98471E-05 9.98471E-05
