9.99459E-05 9.99459E-05 9.99459E-05 9.99459E-05 9.99459E-05 9.99459E-05 0.966769 0.0326315
9.99729E-05 0.0222902 9.99729E-05 9.99729E-05 0.177556 0.663589 0.109465 0.026799
0.0110685 0.0805842 0.0739737 0.0357939 0.79828 9.99733E-05 9.99733E-05 9.99733E-05
9.9946E-05 0.0502265 9.9946E-05 9.9946E-05 0.949174 9.9946E-05 9.9946E-05 9.9946E-05
9.99731E-05 9.99731E-05 9.99731E-05 0.0517487 0.458611 0.30302 0.0196262 0.166695
9.994E-05 9.994E-05 9.994E-05 9.994E-05 0.9993 9.994E-05 9.994E-05 9.994E-05
9.9946E-05 9.9946E-05 0.226505 9.9946E-05 9.9946E-05 0.772895 9.9946E-05 9.9946E-05
9.9973E-05 0.00547725 9.9973E-05 0.206749 0.407535 0.351263 9.9973E-05 0.0286759
9.9946E-05 9.9946E-05 0.167794 9.9946E-05 9.9946E-05 0.831607 9.9946E-05 9.9946E-05
9.99461E-05 9.99461E-05 9.99461E-05 9.99461E-05 9.99461E-05 0.0138348 9.99461E-05 0.985566
9.994E-05 9.994E-05 9.994E-05 9.994E-05 9.994E-05 9.994E-05 9.994E-05 0.9993
9.9964E-05 0.119482 0.160364 9.9964E-05 0.0179006 9.9964E-05 0.701854 9.9964E-05
9.994E-05 9.994E-05 0.9993 9.994E-05 9.994E-05 9.994E-05 9.994E-05 9.994E-05
0.0199502 0.000109395 9.9964E-05 9.9964E-05 0.965038 9.9964E-05 0.0145027 9.9964E-05
9.9955E-05 9.9955E-05 9.9955E-05 9.9955E-05 0.966511 9.9955E-05 0.00529444 0.0276946
9.99639E-05 9.99639E-05 0.33687 9.99639E-05 9.99639E-05 0.144898 0.126354 0.391479
0.0710956 0.285514 0.179891 9.9964E-05 9.9964E-05 9.9964E-05 9.9964E-05 0.4631
0.721812 9.99729E-05 9.99729E-05 0.0360093 9.99729E-05 0.0555912 0.0307746 0.155513
0.890107 0.109293 9.9946E-05 9.9946E-05 9.9946E-05 9.9946E-05 9.9946E-05 9.9946E-05
9.9964E-05 0.0617246 0.044049 9.9964E-05 9.9964E-05 9.9964E-05 0.163925 0.729902
0.9993 9.994E-05 9.994E-05 9.994E-05 9.994E-05 9.994E-05 9.994E-05 9.994E-05
9.9955E-05 9.9955E-05 0.1292 9.9955E-05 9.9955E-05 9.9955E-05 0.613579 0.256721
0.423615 0.28241 9.9964E-05 9.9964E-05 0.0466459 9.9964E-05 9.9964E-05 0.24693
0.877776 0.081211 9.99549E-05 9.99549E-05 9.99549E-05 9.99549E-05 9.99549E-05 0.0405137
9.99461E-05 9.99461E-05 9.99461E-05 0.000608364 0.998792 9.99461E-05 9.99461E-05 9.99461E-05
9.994E-05 9.994E-05 9.994E-05 9.994E-05 0.9993 9.994E-05 9.994E-05 9.994E-05
9.99639E-05 0.0293616 0.803355 9.99639E-05 9.99639E-05 9.99639E-05 0.0773524 0.0895315
9.9955E-05 9.9955E-05 9.9955E-05 0.0679052 0.919324 0.012271 9.9955E-05 9.9955E-05
9.9964E-05 9.9964E-05 0.0286127 0.0565409 0.895203 0.0192434 9.9964E-05 9.9964E-05
0.0330287 0.0122359 0.00766865 0.190887 0.730569 0.0254114 9.99821E-05 9.99821E-05
9.99641E-05 0.0526303 9.99641E-05 0.222289 0.633126 0.0915548 9.99641E-05 9.99641E-05
9.99551E-05 9.99551E-05 9.99551E-05 0.0974095 9.99551E-05 0.860571 0.0415201 9.99551E-05
9.99641E-05 0.00405898 9.99641E-05 9.99641E-05 0.984623 0.0101155 9.99641E-05 0.000802156
9.99551E-05 9.99551E-05 9.99551E-05 0.826236 0.0705474 0.102717 9.99551E-05 9.99551E-05
9.99819E-05 0.189724 0.582916 0.00393755 0.0604571 9.99819E-05 0.0577934 0.104972
9.99729E-05 0.00340074 0.00128401 9.99729E-05 0.981013 9.99729E-05 0.0073169 0.00668547
9.994E-05 9.994E-05 9.994E-05 9.994E-05 9.994E-05 9.994E-05 0.9993 9.994E-05
0.0184847 9.9982E-05 9.9982E-05 0.0271472 0.0307659 0.157841 0.083415 0.682146
0.0423723 0.323645 0.174997 9.99731E-05 0.141626 9.99731E-05 9.99731E-05 0.317061
9.9964E-05 0.00437039 9.9964E-05 9.9964E-05 0.126659 9.9964E-05 0.28642 0.582151
0.00321736 0.00211785 9.99729E-05 9.99729E-05 0.0845157 9.99729E-05 0.336941 0.572908
9.994E-05 9.994E-05 9.994E-05 9.994E-05 9.994E-05 9.994E-05 9.994E-05 0.9993
9.99639E-05 9.99639E-05 0.259986 9.99639E-05 9.99639E-05 0.197393 0.122426 0.419795
9.9955E-05 0.00891399 0.0179392 9.9955E-05 9.9955E-05 9.9955E-05 9.9955E-05 0.972647
0.115061 0.134622 0.159715 0.00262261 9.9991E-05 0.00795466 0.0931442 0.486781
0.0405237 0.0282236 0.0766209 9.9982E-05 0.109559 9.9982E-05 0.134956 0.609917
9.9982E-05 0.12298 0.26893 0.0470438 0.0949936 9.9982E-05 0.198017 0.267835
0.0311855 9.99463E-05 9.99463E-05 9.99463E-05 9.99463E-05 9.99463E-05 0.968215 9.99463E-05
9.994E-05 9.994E-05 9.994E-05 0.9993 9.994E-05 9.994E-05 9.994E-05 9.994E-05
9.994E-05 9.994E-05 9.994E-05 0.9993 9.994E-05 9.994E-05 9.994E-05 9.994E-05
9.9946E-05 9.9946E-05 9.9946E-05 0.989472 9.9946E-05 9.9946E-05 0.00992817 9.9946E-05
9.994E-05 9.994E-05 9.994E-05 0.9993 9.994E-05 9.994E-05 9.994E-05 9.994E-05
9.994E-05 9.994E-05 9.994E-05 0.9993 9.994E-05 9.994E-05 9.994E-05 9.994E-05
0.0170985 9.99821E-05 0.00513641 0.493546 0.205142 0.216849 9.99821E-05 0.0620286
9.9955E-05 9.9955E-05 9.9955E-05 0.990374 9.9955E-05 0.00670265 0.00242338 9.9955E-05
9.99549E-05 9.99549E-05 0.0971047 9.99549E-05 9.99549E-05 9.99549E-05 0.892013 0.0103822
9.99638E-05 0.0302972 9.99638E-05 0.149619 9.99638E-05 0.777812 0.0418715 9.99638E-05
9.99459E-05 9.99459E-05 9.99459E-05 9.99459E-05 0.993419 9.99459E-05 0.0059818 9.99459E-05
9.9964E-05 0.0158314 0.8684 0.0183211 9.9964E-05 9.9964E-05 0.0970477 9.9964E-05
9.9973E-05 9.9973E-05 0.315412 9.9973E-05 0.0611474 0.0695501 0.226852 0.326739
9.994E-05 9.994E-05 0.9993 9.994E-05 9.994E-05 9.994E-05 9.994E-05 9.994E-05
9.99549E-05 9.99549E-05 0.934006 9.99549E-05 9.99549E-05 9.99549E-05 0.0146064 0.0508877
9.99549E-05 0.0444354 0.871828 9.99549E-05 9.99549E-05 9.99549E-05 9.99549E-05 0.0832371
0.874766 9.99461E-05 9.99461E-05 9.99461E-05 9.99461E-05 9.99461E-05 0.124634 9.99461E-05
9.994E-05 9.994E-05 9.994E-05 9.994E-05 0.9993 9.994E-05 9.994E-05 9.994E-05
0.0969232 0.0126703 0.169169 0.0262657 0.311521 0.167911 0.0269335 0.188606
9.99552E-05 9.99552E-05 0.00620384 9.99552E-05 0.974039 0.0192576 9.99552E-05 9.99552E-05
9.9955E-05 9.9955E-05 9.9955E-05 0.005387 0.950264 9.9955E-05 0.0438488 9.9955E-05
9.9955E-05 9.9955E-05 9.9955E-05 0.0438827 0.881596 0.074021 9.9955E-05 9.9955E-05
9.99461E-05 9.99461E-05 9.99461E-05 9.99461E-05 0.92514 0.0742601 9.99461E-05 9.99461E-05
9.99641E-05 9.99641E-05 9.99641E-05 9.99641E-05 0.903189 0.0220018 0.0130377 0.061372
9.99532E-05 9.99532E-05 9.99532E-05 0.0262383 0.973162 9.99532E-05 9.99532E-05 9.99532E-05
9.99553E-05 9.99553E-05 9.99553E-05 0.251588 0.466311 0.281601 9.99553E-05 9.99553E-05
9.99642E-05 9.99642E-05 0.0443376 0.110762 0.460002 0.384499 9.99642E-05 9.99642E-05
9.9973E-05 0.0117784 9.9973E-05 0.0458044 0.928744 9.9973E-05 0.0119527 0.00142059
9.9982E-05 0.0425768 0.0763188 9.9982E-05 0.031096 0.264854 0.118081 0.466873
9.9982E-05 0.0135861 0.113976 9.9982E-05 0.00253297 0.246374 0.119086 0.504245
9.994E-05 0.9993 9.994E-05 9.994E-05 9.994E-05 9.994E-05 9.994E-05 9.994E-05
9.994E-05 0.9993 9.994E-05 9.994E-05 9.994E-05 9.994E-05 9.994E-05 9.994E-05
9.9982E-05 9.9982E-05 0.011747 0.00514609 0.00935302 0.0493023 0.0537319 0.87052
9.99639E-05 9.99639E-05 0.0702629 9.99639E-05 9.99639E-05 0.0904721 0.00655745 0.832308
9.9955E-05 0.977533 9.9955E-05 9.9955E-05 9.9955E-05 0.0154928 9.9955E-05 0.0064748
9.994E-05 0.9993 9.994E-05 9.994E-05 9.994E-05 9.994E-05 9.994E-05 9.994E-05
9.99549E-05 9.99549E-05 0.0131039 0.00466955 9.99549E-05 9.99549E-05 0.981727 9.99549E-05
0.0624315 9.997E-05 0.258585 9.997E-05 9.997E-05 0.148393 0.140284 0.390007
9.99639E-05 0.010318 9.99639E-05 0.142359 9.99639E-05 0.825228 0.0216951 9.99639E-05
0.123196 0.23496 0.39309 9.99731E-05 0.0572358 9.99731E-05 9.99731E-05 0.191218
0.0713988 0.288902 0.448937 9.99731E-05 0.0270528 9.99731E-05 0.163409 9.99731E-05
0.0468148 0.015031 9.99731E-05 0.19764 0.5742 0.166014 9.99731E-05 9.99731E-05
