0.9994 9.995E-05 9.995E-05 9.995E-05 9.995E-05 9.995E-05 9.995E-05
0.327169 0.327563 0.19953 0.0232424 9.9982E-05 0.122296 9.9982E-05
9.997E-05 0.771397 0.133921 0.0686702 9.997E-05 9.997E-05 0.0257123
9.9964E-05 0.970694 9.9964E-05 0.0258914 9.9964E-05 0.00301499 9.9964E-05
0.179452 0.443719 0.287417 9.99731E-05 9.99731E-05 0.0891123 9.99731E-05
0.0157043 0.98017 9.9964E-05 0.00372607 9.9964E-05 9.9964E-05 9.9964E-05
9.995E-05 9.995E-05 0.9994 9.995E-05 9.995E-05 9.995E-05 9.995E-05
9.997E-05 0.391463 0.223751 0.0606562 9.997E-05 0.32383 9.997E-05
9.995E-05 9.995E-05 0.9994 9.995E-05 9.995E-05 9.995E-05 9.995E-05
0.459681 9.99639E-05 0.410593 0.129327 9.99639E-05 9.99639E-05 9.99639E-05
0.451545 9.99639E-05 0.393046 0.155009 9.99639E-05 9.99639E-05 9.99639E-05
0.682358 0.0615921 9.99731E-05 0.123498 0.132251 9.99731E-05 9.99731E-05
9.99551E-05 9.99551E-05 0.0174388 9.99551E-05 0.982061 9.99551E-05 9.99551E-05
0.021534 0.945899 9.9973E-05 9.9973E-05 0.0280304 9.9973E-05 0.00423705
0.057575 0.941925 9.9955E-05 9.9955E-05 9.9955E-05 9.9955E-05 9.9955E-05
0.50535 9.9982E-05 0.136624 0.0269743 0.303396 0.0274559 9.9982E-05
0.3457 0.00950793 9.999E-05 0.334089 0.23629 0.0121987 0.0621144
0.18498 9.99729E-05 0.032909 9.99729E-05 9.99729E-05 0.0558586 0.725953
9.9955E-05 9.9955E-05 9.9955E-05 0.103824 9.9955E-05 9.9955E-05 0.895676
0.686073 9.99729E-05 0.0277739 0.144923 0.140931 9.99729E-05 9.99729E-05
9.995E-05 9.995E-05 9.995E-05 9.995E-05 9.995E-05 9.995E-05 0.9994
0.897688 9.9955E-05 9.9955E-05 9.9955E-05 0.101812 9.9955E-05 9.9955E-05
0.112467 0.0213879 0.0637183 0.370797 9.9991E-05 0.0170156 0.414514
9.9955E-05 9.9955E-05 9.9955E-05 0.0916433 9.9955E-05 9.9955E-05 0.907857
9.9973E-05 0.97215 0.00438903 0.00199393 9.9973E-05 0.021167 9.9973E-05
9.995E-05 0.9994 9.995E-05 9.995E-05 9.995E-05 9.995E-05 9.995E-05
0.122728 9.99639E-05 9.99639E-05 0.0424996 0.834373 9.99639E-05 9.99639E-05
9.996E-05 0.957018 9.996E-05 9.996E-05 0.00134144 0.0412412 9.996E-05
9.996E-05 0.914144 9.996E-05 9.996E-05 0.0386912 0.0467653 9.996E-05
9.998E-05 0.698555 9.998E-05 0.00587071 0.020507 0.2642 0.0106669
9.9982E-05 0.667253 0.0142608 0.0739946 0.00536255 0.238929 9.9982E-05
0.19134 0.123886 0.319541 0.00097412 9.99821E-05 0.364059 9.99821E-05
9.99551E-05 0.996802 9.99551E-05 9.99551E-05 0.0026982 9.99551E-05 9.99551E-05
9.99641E-05 0.108886 0.0397489 9.99641E-05 9.99641E-05 0.850965 9.99641E-05
0.159955 0.0464482 9.99819E-05 0.203539 0.582657 0.00720144 9.99819E-05
0.0193379 0.980162 9.99549E-05 9.99549E-05 9.99549E-05 9.99549E-05 9.99549E-05
0.957467 0.0420329 9.99552E-05 9.99552E-05 9.99552E-05 9.99552E-05 9.99552E-05
0.654611 0.0253815 0.144456 0.0375761 9.9991E-05 0.101123 0.0367522
0.207554 0.124904 9.9982E-05 0.365237 0.241296 9.9982E-05 0.0608085
0.855528 0.12485 9.99639E-05 0.0192227 9.99639E-05 9.99639E-05 9.99639E-05
0.854843 0.0991489 9.9973E-05 0.0387023 9.9973E-05 9.9973E-05 0.00700546
0.727276 9.9982E-05 0.0833728 0.0994897 0.066621 9.9982E-05 0.0230405
0.510634 9.99639E-05 0.327354 9.99639E-05 0.161612 9.99639E-05 9.99639E-05
0.613882 9.9973E-05 9.9973E-05 0.140981 0.156106 0.0887316 9.9973E-05
0.454069 9.9982E-05 0.0582513 0.160904 0.206922 9.9982E-05 0.119653
0.602067 0.0514842 0.0859454 0.096984 0.0931836 0.0317626 0.0385734
0.408616 0.0818215 9.9982E-05 0.107196 0.306969 0.0951984 9.9982E-05
0.9994 9.995E-05 9.995E-05 9.995E-05 9.995E-05 9.995E-05 9.995E-05
9.995E-05 9.995E-05 9.995E-05 9.995E-05 9.995E-05 0.9994 9.995E-05
9.9955E-05 9.9955E-05 9.9955E-05 0.000365457 9.9955E-05 0.999135 9.9955E-05
9.995E-05 9.995E-05 9.995E-05 9.995E-05 9.995E-05 0.9994 9.995E-05
9.995E-05 9.995E-05 9.995E-05 9.995E-05 9.995E-05 0.9994 9.995E-05
9.995E-05 9.995E-05 9.995E-05 9.995E-05 9.995E-05 0.9994 9.995E-05
9.999E-05 0.233165 0.15371 0.0226529 0.00647477 0.544695 0.039203
0.0225594 9.99549E-05 9.99549E-05 9.99549E-05 9.99549E-05 0.976941 9.99549E-05
0.965736 9.9955E-05 9.9955E-05 9.9955E-05 0.0337638 9.9955E-05 9.9955E-05
0.189774 0.137778 0.330875 9.99729E-05 9.99729E-05 0.341273 9.99729E-05
9.995E-05 0.9994 9.995E-05 9.995E-05 9.995E-05 9.995E-05 9.995E-05
0.0832155 9.9982E-05 0.0118411 0.0262546 0.85904 0.0194487 9.9982E-05
0.461556 0.0447567 0.21027 0.0263024 0.256915 9.998E-05 9.998E-05
9.99551E-05 9.99551E-05 0.0190306 9.99551E-05 0.98047 9.99551E-05 9.99551E-05
0.115605 9.99549E-05 9.99549E-05 9.99549E-05 0.883895 9.99549E-05 9.99549E-05
0.00980105 9.99639E-05 9.99639E-05 0.0536182 0.936181 9.99639E-05 9.99639E-05
0.0815379 9.99641E-05 9.99641E-05 9.99641E-05 9.99641E-05 0.0210372 0.897025
9.995E-05 0.9994 9.995E-05 9.995E-05 9.995E-05 9.995E-05 9.995E-05
0.220428 0.296603 9.999E-05 0.0710485 0.173394 0.150805 0.087622
9.99552E-05 0.980052 9.99552E-05 9.99552E-05 0.0194477 9.99552E-05 9.99552E-05
0.047436 0.922026 9.996E-05 9.996E-05 9.996E-05 0.0301383 9.996E-05
9.997E-05 0.914584 0.040847 9.997E-05 0.0112153 0.0330538 9.997E-05
0.017346 0.944412 0.0255632 9.9973E-05 9.9973E-05 0.0123788 9.9973E-05
0.0539045 0.87319 0.0564209 0.0161846 9.997E-05 9.997E-05 9.997E-05
9.9955E-05 0.998012 9.9955E-05 9.9955E-05 0.00148855 9.9955E-05 9.9955E-05
9.996E-05 0.4787 0.164576 9.996E-05 9.996E-05 0.356324 9.996E-05
9.99642E-05 0.433521 0.420787 9.99642E-05 9.99642E-05 0.145292 9.99642E-05
0.0344971 0.965003 9.9955E-05 9.9955E-05 9.9955E-05 9.9955E-05 9.9955E-05
0.520167 0.0089628 0.334255 0.107083 0.00371277 0.0257197 9.999E-05
0.454862 0.011299 0.361302 0.0720615 0.0523185 0.0480564 9.999E-05
9.995E-05 9.995E-05 9.995E-05 0.9994 9.995E-05 9.995E-05 9.995E-05
9.995E-05 9.995E-05 9.995E-05 0.9994 9.995E-05 9.995E-05 9.995E-05
0.67555 9.998E-05 0.189715 0.0893263 0.0305062 0.0147024 9.998E-05
0.610234 9.99819E-05 0.244349 0.0867313 0.044667 9.99819E-05 0.0138186
9.995E-05 9.995E-05 9.995E-05 0.9994 9.995E-05 9.995E-05 9.995E-05
9.995E-05 9.995E-05 9.995E-05 0.9994 9.995E-05 9.995E-05 9.995E-05
0.983381 9.9955E-05 9.9955E-05 9.9955E-05 0.0161191 9.9955E-05 9.9955E-05
0.461823 9.997E-05 0.291332 9.997E-05 0.190288 9.997E-05 0.0562575
0.13424 0.0865724 0.359243 9.997E-05 9.997E-05 0.419645 9.997E-05
0.143601 0.0401442 9.999E-05 0.229108 0.448661 0.030031 0.108355
0.193689 9.99731E-05 9.99731E-05 0.273989 0.462717 9.99731E-05 0.0693039
9.998E-05 0.585216 0.10111 0.0324361 9.998E-05 0.263723 0.0173151
