9.99459E-05 9.99459E-05 9.99459E-05 9.99459E-05 0.068203 9.99459E-05 0.931197 9.99459E-05
0.530064 9.99639E-05 0.236176 9.99639E-05 9.99639E-05 0.0404083 0.192952 9.99639E-05
0.0827241 0.0419832 0.786641 0.0243872 9.99822E-05 0.0292443 9.99822E-05 0.0348199
9.9955E-05 9.9955E-05 0.945811 0.0292657 9.9955E-05 0.0244232 9.9955E-05 9.9955E-05
0.354247 9.9982E-05 0.41424 0.046567 0.136883 0.00242569 0.0454369 9.9982E-05
9.9946E-05 9.9946E-05 0.986133 9.9946E-05 9.9946E-05 9.9946E-05 0.0132673 9.9946E-05
0.820131 0.179269 9.9946E-05 9.9946E-05 9.9946E-05 9.9946E-05 9.9946E-05 9.9946E-05
0.320768 9.997E-05 0.387865 0.231309 0.0357991 0.023959 9.997E-05 9.997E-05
0.867784 0.131616 9.99459E-05 9.99459E-05 9.99459E-05 9.99459E-05 9.99459E-05 9.99459E-05
0.0312098 9.994E-05 9.994E-05 9.994E-05 0.968191 9.994E-05 9.994E-05 9.994E-05
0.0204015 9.99461E-05 9.99461E-05 9.99461E-05 0.978999 9.99461E-05 9.99461E-05 9.99461E-05
9.9964E-05 0.182356 0.00585339 9.9964E-05 9.9964E-05 0.126005 0.685385 9.9964E-05
9.99461E-05 0.998335 0.00106495 9.99461E-05 9.99461E-05 9.99461E-05 9.99461E-05 9.99461E-05
9.9955E-05 9.9955E-05 0.961466 9.9955E-05 9.9955E-05 9.9955E-05 0.0241691 0.0138656
9.9955E-05 9.9955E-05 0.940292 9.9955E-05 9.9955E-05 0.0050344 0.0541735 9.9955E-05
0.107144 0.345021 0.013358 9.9973E-05 0.433959 9.9973E-05 0.100218 9.9973E-05
9.9973E-05 0.235647 9.9973E-05 9.9973E-05 0.392654 0.316848 0.00968195 0.0448689
0.0237723 9.9973E-05 9.9973E-05 0.0256436 0.253783 9.9973E-05 0.0239332 0.672568
9.9955E-05 0.0171139 9.9955E-05 9.9955E-05 9.9955E-05 0.0741702 9.9955E-05 0.908216
9.9964E-05 0.0417177 9.9964E-05 9.9964E-05 0.726713 0.0773806 0.153789 9.9964E-05
9.9946E-05 9.9946E-05 0.0180463 9.9946E-05 9.9946E-05 9.9946E-05 9.9946E-05 0.981354
9.9964E-05 0.154893 9.9964E-05 9.9964E-05 0.323116 0.000432405 0.521159 9.9964E-05
9.99641E-05 9.99641E-05 0.00181533 9.99641E-05 0.330612 0.276894 9.99641E-05 0.390278
9.99459E-05 9.99459E-05 9.99459E-05 9.99459E-05 9.99459E-05 0.0916446 9.99459E-05 0.907756
9.994E-05 9.994E-05 0.9993 9.994E-05 9.994E-05 9.994E-05 9.994E-05 9.994E-05
9.994E-05 9.994E-05 0.9993 9.994E-05 9.994E-05 9.994E-05 9.994E-05 9.994E-05
9.99639E-05 0.810163 9.99639E-05 9.99639E-05 0.0589461 0.0635907 0.0668998 9.99639E-05
9.99512E-05 9.99512E-05 0.95087 0.0485306 9.99512E-05 9.99512E-05 9.99512E-05 9.99512E-05
0.00945015 0.0154665 0.918794 0.0558892 9.9964E-05 9.9964E-05 9.9964E-05 9.9964E-05
0.013644 0.00400859 0.684928 0.240566 9.9991E-05 0.00256147 0.0227512 0.0314404
0.0792998 9.99641E-05 0.669184 0.202203 9.99641E-05 0.0489132 9.99641E-05 9.99641E-05
0.760169 9.9964E-05 0.0201675 0.158633 9.9964E-05 9.9964E-05 0.0606305 9.9964E-05
9.994E-05 9.994E-05 0.9993 9.994E-05 9.994E-05 9.994E-05 9.994E-05 9.994E-05
0.133832 9.99731E-05 0.12194 0.739413 0.000647747 0.00386654 9.99731E-05 9.99731E-05
9.997E-05 0.604563 0.0488 9.997E-05 0.100501 0.197875 0.0479614 9.997E-05
0.0198788 9.99459E-05 0.979522 9.99459E-05 9.99459E-05 9.99459E-05 9.99459E-05 9.99459E-05
9.99461E-05 9.99461E-05 0.0176361 9.99461E-05 9.99461E-05 9.99461E-05 0.981764 9.99461E-05
0.15492 9.9973E-05 0.0218896 0.02456 0.705732 9.9973E-05 0.0925987 9.9973E-05
9.9982E-05 0.208313 0.124717 9.9982E-05 0.259133 0.361517 0.0113732 0.0347465
9.99549E-05 9.99549E-05 0.116673 9.99549E-05 0.586137 9.99549E-05 0.29669 9.99549E-05
9.99639E-05 9.99639E-05 0.0755496 9.99639E-05 0.541533 0.0304328 0.352084 9.99639E-05
9.9946E-05 9.9946E-05 9.9946E-05 9.9946E-05 0.996423 9.9946E-05 0.00297697 9.9946E-05
0.218816 0.202587 9.99639E-05 9.99639E-05 0.401345 9.99639E-05 0.176853 9.99639E-05
9.9955E-05 0.00929336 9.9955E-05 9.9955E-05 0.967362 0.0228449 9.9955E-05 9.9955E-05
9.998E-05 0.19295 9.998E-05 0.0196833 0.472569 0.12428 0.0824767 0.10784
9.9982E-05 0.0587354 0.0949993 9.9982E-05 0.643305 0.0172282 0.169695 0.0158364
9.9982E-05 0.232088 0.0930658 0.0538062 0.325492 0.082295 0.213053 9.9982E-05
9.99463E-05 9.99463E-05 9.99463E-05 9.99463E-05 9.99463E-05 9.99463E-05 0.979915 0.0194854
9.994E-05 9.994E-05 9.994E-05 0.9993 9.994E-05 9.994E-05 9.994E-05 9.994E-05
9.9946E-05 9.9946E-05 0.0102663 0.989134 9.9946E-05 9.9946E-05 9.9946E-05 9.9946E-05
9.994E-05 9.994E-05 9.994E-05 0.9993 9.994E-05 9.994E-05 9.994E-05 9.994E-05
9.994E-05 9.994E-05 9.994E-05 0.9993 9.994E-05 9.994E-05 9.994E-05 9.994E-05
9.994E-05 9.994E-05 9.994E-05 0.9993 9.994E-05 9.994E-05 9.994E-05 9.994E-05
0.208482 0.0126987 0.220314 0.470814 0.0608307 9.9982E-05 9.9982E-05 0.0266605
0.010975 9.9955E-05 9.9955E-05 0.975761 9.9955E-05 9.9955E-05 0.012764 9.9955E-05
9.99549E-05 0.0699401 9.99549E-05 9.99549E-05 0.0299403 9.99549E-05 0.89962 9.99549E-05
0.747609 9.99729E-05 0.00562418 0.161524 9.99729E-05 0.013747 0.071196 9.99729E-05
9.99459E-05 9.99459E-05 0.974189 9.99459E-05 9.99459E-05 9.99459E-05 0.025211 9.99459E-05
9.9964E-05 0.837365 9.9964E-05 0.00706879 9.9964E-05 0.0146783 0.140488 9.9964E-05
0.147939 0.33313 0.0232291 9.9982E-05 0.268395 0.00116804 0.225939 9.9982E-05
9.994E-05 0.9993 9.994E-05 9.994E-05 9.994E-05 9.994E-05 9.994E-05 9.994E-05
9.99459E-05 0.890913 9.99459E-05 9.99459E-05 0.108488 9.99459E-05 9.99459E-05 9.99459E-05
9.99549E-05 0.842369 9.99549E-05 9.99549E-05 0.105105 0.0520261 9.99549E-05 9.99549E-05
9.99461E-05 9.99461E-05 9.99461E-05 9.99461E-05 9.99461E-05 9.99461E-05 0.113527 0.885873
9.994E-05 9.994E-05 0.9993 9.994E-05 9.994E-05 9.994E-05 9.994E-05 9.994E-05
0.208702 0.109408 0.176134 0.0422883 0.332079 0.0851512 9.999E-05 0.0461381
9.99462E-05 9.99462E-05 0.983004 0.0163968 9.99462E-05 9.99462E-05 9.99462E-05 9.99462E-05
9.995E-05 9.995E-05 0.929683 0.0292454 9.995E-05 9.995E-05 0.040572 9.995E-05
0.0490233 0.0169076 0.887469 0.0461999 9.996E-05 9.996E-05 9.996E-05 9.996E-05
0.0681067 9.9964E-05 0.898889 0.0243734 9.9964E-05 9.9964E-05 9.9964E-05 0.00823072
0.0304292 9.99641E-05 0.893093 9.99641E-05 0.0537686 9.99641E-05 0.0223096 9.99641E-05
9.99459E-05 9.99459E-05 0.965219 9.99459E-05 9.99459E-05 0.0341811 9.99459E-05 9.99459E-05
0.268485 9.99552E-05 0.456527 0.274488 9.99552E-05 9.99552E-05 9.99552E-05 9.99552E-05
0.419775 0.0575537 0.440087 0.082184 9.99642E-05 9.99642E-05 9.99642E-05 9.99642E-05
9.99551E-05 9.99551E-05 0.976231 9.99551E-05 0.0145498 9.99551E-05 0.00871952 9.99551E-05
0.301218 0.094701 0.0477565 9.99819E-05 0.396105 0.0422078 0.117812 9.99819E-05
0.301035 0.153873 0.00688045 9.99819E-05 0.393889 0.0471684 0.0969542 9.99819E-05
9.9946E-05 9.9946E-05 9.9946E-05 9.9946E-05 9.9946E-05 0.998093 0.00130737 9.9946E-05
9.994E-05 9.994E-05 9.994E-05 9.994E-05 9.994E-05 0.9993 9.994E-05 9.994E-05
0.0186518 9.9973E-05 0.0310104 0.00245933 0.926286 9.9973E-05 0.0212924 9.9973E-05
0.0477718 0.0249024 9.9964E-05 9.9964E-05 0.907393 9.9964E-05 0.019533 9.9964E-05
0.0220262 9.9946E-05 9.9946E-05 9.9946E-05 9.9946E-05 0.977374 9.9946E-05 9.9946E-05
9.994E-05 9.994E-05 9.994E-05 9.994E-05 9.994E-05 0.9993 9.994E-05 9.994E-05
9.9955E-05 0.0270437 9.9955E-05 0.00314474 9.9955E-05 9.9955E-05 0.969312 9.9955E-05
0.134931 0.244913 0.00487756 9.998E-05 0.464931 9.998E-05 0.111641 0.0385068
0.759217 9.99549E-05 9.99549E-05 0.208933 9.99549E-05 9.99549E-05 0.031351 9.99549E-05
9.99731E-05 0.357701 0.0665697 9.99731E-05 0.260106 0.210232 9.99731E-05 0.105091
9.99731E-05 0.456087 9.99731E-05 9.99731E-05 0.00880975 0.265734 0.190275 0.0787945
0.218616 9.99641E-05 0.579843 0.162638 9.99641E-05 9.99641E-05 9.99641E-05 0.0385039
