9.99549E-05 9.99549E-05 9.99549E-05 9.99549E-05 0.0244609 0.954628 0.0204114 9.99549E-05
9.99729E-05 9.99729E-05 0.574103 0.17362 0.0389846 0.147361 0.0656314 9.99729E-05
0.0743154 9.99732E-05 0.15892 0.700826 0.0396081 9.99732E-05 9.99732E-05 0.0260307
9.9955E-05 9.9955E-05 9.9955E-05 0.97011 0.0171599 9.9955E-05 0.0122302 9.9955E-05
9.99641E-05 9.99641E-05 0.398151 0.415389 9.99641E-05 0.0697374 0.116323 9.99641E-05
9.9964E-05 9.9964E-05 9.9964E-05 0.988597 0.000971785 0.00646541 0.0035662 9.9964E-05
0.327321 9.9946E-05 0.672079 9.9946E-05 9.9946E-05 9.9946E-05 9.9946E-05 9.9946E-05
9.9964E-05 0.183543 0.479107 0.315446 0.0215043 9.9964E-05 9.9964E-05 9.9964E-05
0.249135 9.9955E-05 0.734682 9.9955E-05 9.9955E-05 9.9955E-05 0.015683 9.9955E-05
9.99461E-05 9.99461E-05 0.0551259 9.99461E-05 9.99461E-05 9.99461E-05 0.944274 9.99461E-05
9.99462E-05 9.99462E-05 0.0133407 9.99462E-05 9.99462E-05 9.99462E-05 0.98606 9.99462E-05
0.166788 9.9964E-05 9.9964E-05 0.0397796 0.144304 0.648728 9.9964E-05 9.9964E-05
0.984247 9.99461E-05 9.99461E-05 0.0151532 9.99461E-05 9.99461E-05 9.99461E-05 9.99461E-05
9.9964E-05 9.9964E-05 9.9964E-05 0.955292 0.0171076 0.0133811 9.9964E-05 0.0138197
9.99641E-05 0.0110591 9.99641E-05 0.947767 9.99641E-05 0.0372974 0.00347672 9.99641E-05
0.351445 0.0243462 0.0161611 9.9973E-05 9.9973E-05 0.0584778 0.54927 9.9973E-05
0.135603 9.9964E-05 9.9964E-05 9.9964E-05 0.329795 9.9964E-05 0.458771 0.0754318
9.9973E-05 0.0416051 0.036578 9.9973E-05 9.9973E-05 0.029144 0.177209 0.715164
9.9946E-05 9.9946E-05 9.9946E-05 9.9946E-05 0.104762 9.9946E-05 9.9946E-05 0.894638
0.00210835 9.9964E-05 9.9964E-05 9.9964E-05 0.0662838 0.154309 0.776899 9.9964E-05
9.994E-05 9.994E-05 9.994E-05 9.994E-05 9.994E-05 9.994E-05 9.994E-05 0.9993
0.114887 0.008904 9.9964E-05 9.9964E-05 9.9964E-05 0.550325 0.325484 9.9964E-05
9.99551E-05 9.99551E-05 9.99551E-05 9.99551E-05 0.338776 9.99551E-05 0.253139 0.407585
9.9946E-05 9.9946E-05 9.9946E-05 9.9946E-05 0.0733695 9.9946E-05 9.9946E-05 0.926031
9.99461E-05 0.0225712 9.99461E-05 0.976829 9.99461E-05 9.99461E-05 9.99461E-05 9.99461E-05
9.994E-05 9.994E-05 9.994E-05 0.9993 9.994E-05 9.994E-05 9.994E-05 9.994E-05
0.762222 9.99639E-05 9.99639E-05 9.99639E-05 0.0605504 0.0859228 0.0909051 9.99639E-05
0.0166363 0.0578047 0.002537 0.922622 9.9964E-05 9.9964E-05 9.9964E-05 9.9964E-05
0.0114081 0.0467371 0.00831655 0.919984 9.9973E-05 0.0132542 9.9973E-05 9.9973E-05
9.99731E-05 0.172499 0.0960611 0.666036 0.0550828 9.99731E-05 9.99731E-05 0.0100212
9.9964E-05 0.160225 0.230475 0.601144 0.0077568 9.9964E-05 9.9964E-05 9.9964E-05
9.9964E-05 0.0403852 0.8931 9.9964E-05 0.00925144 0.0568636 9.9964E-05 9.9964E-05
9.994E-05 9.994E-05 9.994E-05 0.9993 9.994E-05 9.994E-05 9.994E-05 9.994E-05
9.99551E-05 0.782965 0.135325 0.0812094 9.99551E-05 9.99551E-05 9.99551E-05 9.99551E-05
0.577812 0.00656741 9.99819E-05 0.0815026 0.217988 0.0327629 0.0831677 9.99819E-05
0.00905319 9.99549E-05 9.99549E-05 0.987052 9.99549E-05 0.0033955 9.99549E-05 9.99549E-05
9.99461E-05 9.99461E-05 9.99461E-05 0.0274248 9.99461E-05 0.971976 9.99461E-05 9.99461E-05
9.9964E-05 9.9964E-05 0.225879 9.9964E-05 9.9964E-05 0.0660581 0.698385 0.00927853
0.140203 9.9973E-05 9.9973E-05 0.163009 0.350386 9.9973E-05 0.296959 0.0491427
9.99549E-05 9.99549E-05 9.99549E-05 0.123726 9.99549E-05 0.21991 0.655864 9.99549E-05
9.99639E-05 9.99639E-05 9.99639E-05 0.104741 0.0196682 0.267754 0.607437 9.99639E-05
0.00541945 9.9946E-05 9.9946E-05 9.9946E-05 9.9946E-05 9.9946E-05 0.993981 9.9946E-05
0.220231 9.9964E-05 0.0886145 9.9964E-05 9.9964E-05 0.129938 0.560817 9.9964E-05
0.0107345 9.9955E-05 9.9955E-05 9.9955E-05 0.0487084 9.9955E-05 0.940057 9.9955E-05
0.145514 9.9973E-05 9.9973E-05 9.9973E-05 0.137853 0.0475571 0.566165 0.102611
0.0457765 9.9991E-05 0.00998485 0.081878 0.0192212 0.114754 0.682435 0.04585
0.208238 0.0461575 9.9982E-05 0.112843 0.122922 0.220244 0.289396 9.9982E-05
9.99463E-05 9.99463E-05 9.99463E-05 9.99463E-05 9.99463E-05 0.978091 9.99463E-05 0.0213092
9.994E-05 0.9993 9.994E-05 9.994E-05 9.994E-05 9.994E-05 9.994E-05 9.994E-05
9.994E-05 0.9993 9.994E-05 9.994E-05 9.994E-05 9.994E-05 9.994E-05 9.994E-05
9.994E-05 0.9993 9.994E-05 9.994E-05 9.994E-05 9.994E-05 9.994E-05 9.994E-05
9.994E-05 0.9993 9.994E-05 9.994E-05 9.994E-05 9.994E-05 9.994E-05 9.994E-05
9.994E-05 0.9993 9.994E-05 9.994E-05 9.994E-05 9.994E-05 9.994E-05 9.994E-05
0.0161628 0.434477 0.254606 0.205573 9.9991E-05 0.000946936 0.0308642 0.0572698
9.9964E-05 0.946279 9.9964E-05 9.9964E-05 0.00034482 0.0520332 0.000943153 9.9964E-05
0.0932262 9.99549E-05 9.99549E-05 9.99549E-05 9.99549E-05 0.833128 0.0731463 9.99549E-05
9.99638E-05 0.114958 0.77171 9.99638E-05 0.0181733 0.0947594 9.99638E-05 9.99638E-05
9.994E-05 9.994E-05 9.994E-05 0.9993 9.994E-05 9.994E-05 9.994E-05 9.994E-05
0.860511 0.030017 9.9964E-05 9.9964E-05 0.0404945 0.0685777 9.9964E-05 9.9964E-05
0.306343 9.99641E-05 9.99641E-05 0.0496479 9.99641E-05 0.194818 0.448791 9.99641E-05
0.998132 9.99461E-05 0.00126806 9.99461E-05 9.99461E-05 9.99461E-05 9.99461E-05 9.99461E-05
0.910253 9.99459E-05 9.99459E-05 9.99459E-05 9.99459E-05 9.99459E-05 0.0891474 9.99459E-05
0.850298 9.99639E-05 9.99639E-05 9.99639E-05 0.068761 9.99639E-05 0.078482 0.0020591
9.99551E-05 9.99551E-05 9.99551E-05 9.99551E-05 9.99551E-05 0.104801 0.00307243 0.891627
9.994E-05 9.994E-05 9.994E-05 0.9993 9.994E-05 9.994E-05 9.994E-05 9.994E-05
0.127078 0.02194 0.187594 0.225018 0.0833012 0.0871624 0.228162 0.039744
0.0204243 0.00740986 0.00788317 0.963883 9.99641E-05 9.99641E-05 9.99641E-05 9.99641E-05
9.9955E-05 0.0275088 9.9955E-05 0.937637 9.9955E-05 0.0343548 9.9955E-05 9.9955E-05
0.00524678 0.0518489 0.0373524 0.905152 9.9964E-05 9.9964E-05 9.9964E-05 9.9964E-05
9.9964E-05 0.0385496 0.0349368 0.922674 9.9964E-05 9.9964E-05 9.9964E-05 0.00344013
9.99641E-05 9.99641E-05 0.0724687 0.885009 0.0183449 0.0237773 9.99641E-05 9.99641E-05
9.9955E-05 0.00262056 9.9955E-05 0.983344 0.0135354 9.9955E-05 9.9955E-05 9.9955E-05
9.99552E-05 0.129305 0.448237 0.421959 9.99552E-05 9.99552E-05 9.99552E-05 9.99552E-05
0.0614337 0.0134645 0.532966 0.391736 9.99641E-05 9.99641E-05 9.99641E-05 9.99641E-05
9.99551E-05 0.031009 9.99551E-05 0.942869 9.99551E-05 0.0256225 9.99551E-05 9.99551E-05
0.0350288 0.00697713 0.088464 0.100138 0.00468785 0.0643142 0.70029 9.999E-05
0.116365 0.0309632 0.0883296 0.0594002 9.9982E-05 0.0403653 0.664377 9.9982E-05
9.994E-05 9.994E-05 9.994E-05 9.994E-05 0.9993 9.994E-05 9.994E-05 9.994E-05
9.994E-05 9.994E-05 9.994E-05 9.994E-05 0.9993 9.994E-05 9.994E-05 9.994E-05
9.9946E-05 9.9946E-05 0.0388749 9.9946E-05 9.9946E-05 9.9946E-05 0.960525 9.9946E-05
0.0395791 9.9955E-05 0.0552381 9.9955E-05 9.9955E-05 9.9955E-05 0.904683 9.9955E-05
9.9946E-05 9.9946E-05 0.00886584 9.9946E-05 0.990534 9.9946E-05 9.9946E-05 9.9946E-05
9.994E-05 9.994E-05 9.994E-05 9.994E-05 0.9993 9.994E-05 9.994E-05 9.994E-05
0.0373829 9.99459E-05 9.99459E-05 9.99459E-05 9.99459E-05 0.962017 9.99459E-05 9.99459E-05
0.264887 9.9973E-05 0.064596 9.9973E-05 9.9973E-05 0.040819 0.569606 0.0597923
9.99548E-05 0.103377 0.805516 9.99548E-05 9.99548E-05 0.0906069 9.99548E-05 9.99548E-05
0.329227 9.997E-05 9.997E-05 0.0715332 0.287545 9.997E-05 0.20713 0.104265
0.410381 9.99731E-05 9.99731E-05 9.99731E-05 0.288328 0.166388 0.0565629 0.0780402
9.99731E-05 0.115835 0.32377 0.518327 0.0248952 9.99731E-05 9.99731E-05 0.0168726
