0.976482 9.99549E-05 9.99549E-05 9.99549E-05 9.99549E-05 0.0149758 0.00804252 9.99549E-05
0.113715 0.572386 9.99729E-05 0.190245 9.99729E-05 0.0618599 0.0614941 9.99729E-05
9.997E-05 0.220862 0.0408627 0.689377 0.0102236 9.997E-05 0.0383749 9.997E-05
9.9946E-05 9.9946E-05 9.9946E-05 0.972046 9.9946E-05 9.9946E-05 0.0273545 9.9946E-05
0.0135397 0.295734 9.99731E-05 0.433276 9.99731E-05 0.191945 9.99731E-05 0.0652047
0.00260281 9.9946E-05 9.9946E-05 0.996798 9.9946E-05 9.9946E-05 9.9946E-05 9.9946E-05
9.9946E-05 0.722026 0.277374 9.9946E-05 9.9946E-05 9.9946E-05 9.9946E-05 9.9946E-05
9.997E-05 0.413715 9.997E-05 0.384418 9.997E-05 0.0423792 0.00667302 0.152515
9.99549E-05 0.755613 0.209571 9.99549E-05 9.99549E-05 0.0343163 9.99549E-05 9.99549E-05
9.99461E-05 0.0204594 9.99461E-05 9.99461E-05 9.99461E-05 0.978941 9.99461E-05 9.99461E-05
9.994E-05 0.0208245 9.994E-05 9.994E-05 9.994E-05 0.978576 9.994E-05 9.994E-05
0.716465 9.9964E-05 0.157457 0.0184809 9.9964E-05 9.9964E-05 0.107198 9.9964E-05
9.99461E-05 9.99461E-05 0.994462 0.00493871 9.99461E-05 9.99461E-05 9.99461E-05 9.99461E-05
0.0406514 9.9955E-05 9.9955E-05 0.92801 0.0308387 9.9955E-05 9.9955E-05 9.9955E-05
0.0361296 9.9955E-05 9.9955E-05 0.959927 0.00344412 9.9955E-05 9.9955E-05 9.9955E-05
0.116913 0.0718549 0.283266 9.9973E-05 9.9973E-05 0.511225 9.9973E-05 0.0164412
9.9973E-05 9.9973E-05 0.152792 0.00380323 0.0689415 0.496089 0.278075 9.9973E-05
9.99639E-05 0.0405675 9.99639E-05 9.99639E-05 0.702234 0.24743 9.99639E-05 0.00936841
9.9946E-05 9.9946E-05 9.9946E-05 9.9946E-05 0.916617 9.9946E-05 0.0827837 9.9946E-05
0.160489 9.9964E-05 0.0377913 9.9964E-05 9.9964E-05 0.737643 0.0636768 9.9964E-05
9.994E-05 9.994E-05 9.994E-05 9.994E-05 0.9993 9.994E-05 9.994E-05 9.994E-05
0.580894 9.99729E-05 0.115237 9.99729E-05 9.99729E-05 0.284515 0.000488806 0.0185655
9.996E-05 9.996E-05 9.996E-05 0.0111875 0.38549 0.282656 0.320267 9.996E-05
9.99549E-05 9.99549E-05 9.99549E-05 9.99549E-05 0.876391 0.0212933 0.101815 9.99549E-05
9.994E-05 9.994E-05 9.994E-05 0.9993 9.994E-05 9.994E-05 9.994E-05 9.994E-05
9.994E-05 9.994E-05 9.994E-05 0.9993 9.994E-05 9.994E-05 9.994E-05 9.994E-05
0.0834434 9.99639E-05 0.79151 9.99639E-05 9.99639E-05 0.0855934 0.0390531 9.99639E-05
9.9955E-05 0.0470956 9.9955E-05 0.910945 9.9955E-05 9.9955E-05 9.9955E-05 0.0414592
9.9955E-05 0.0643087 9.9955E-05 0.891445 9.9955E-05 9.9955E-05 9.9955E-05 0.0437465
9.99731E-05 0.0154284 9.99731E-05 0.693794 0.0413771 9.99731E-05 0.0213275 0.227773
9.9973E-05 0.0893942 9.9973E-05 0.62963 0.00472834 9.9973E-05 0.0526153 0.223332
0.0259651 0.898998 9.9973E-05 0.0322523 9.9973E-05 9.9973E-05 0.0252826 0.0172018
9.994E-05 9.994E-05 9.994E-05 0.9993 9.994E-05 9.994E-05 9.994E-05 9.994E-05
9.99551E-05 0.207653 9.99551E-05 0.0678983 9.99551E-05 9.99551E-05 9.99551E-05 0.723949
0.0611137 9.99729E-05 0.551833 0.0615132 9.99729E-05 0.119346 0.205894 9.99729E-05
0.00815546 0.0212316 0.0141874 0.956026 9.99639E-05 9.99639E-05 9.99639E-05 9.99639E-05
0.990167 9.99461E-05 9.99461E-05 0.00923347 9.99461E-05 9.99461E-05 9.99461E-05 9.99461E-05
0.0634564 0.154448 9.9964E-05 0.0373485 9.9964E-05 0.744347 9.9964E-05 9.9964E-05
9.997E-05 9.997E-05 0.196211 0.13389 0.0492646 0.274108 0.346226 9.997E-05
0.229479 9.99639E-05 9.99639E-05 0.118316 0.00421537 0.64759 9.99639E-05 9.99639E-05
0.308994 9.99639E-05 9.99639E-05 0.084748 9.99639E-05 0.581885 0.0239738 9.99639E-05
9.994E-05 9.994E-05 9.994E-05 9.994E-05 9.994E-05 0.9993 9.994E-05 9.994E-05
0.125805 0.160115 0.201878 9.99639E-05 9.99639E-05 0.511803 9.99639E-05 9.99639E-05
9.9955E-05 9.9955E-05 0.0116055 9.9955E-05 9.9955E-05 0.957511 0.0303837 9.9955E-05
0.0266988 9.9982E-05 0.163246 9.9982E-05 0.12394 0.562964 0.118612 0.00433933
0.136194 9.998E-05 0.0367415 0.0903167 0.0352979 0.67694 0.0243101 9.998E-05
0.19798 9.9982E-05 0.237195 0.144687 9.9982E-05 0.262119 0.123866 0.0339521
0.982759 9.99463E-05 9.99463E-05 9.99463E-05 0.0166415 9.99463E-05 9.99463E-05 9.99463E-05
9.994E-05 9.994E-05 9.994E-05 9.994E-05 9.994E-05 9.994E-05 9.994E-05 0.9993
9.994E-05 9.994E-05 9.994E-05 9.994E-05 9.994E-05 9.994E-05 9.994E-05 0.9993
9.994E-05 9.994E-05 9.994E-05 9.994E-05 9.994E-05 9.994E-05 9.994E-05 0.9993
9.994E-05 9.994E-05 9.994E-05 9.994E-05 9.994E-05 9.994E-05 9.994E-05 0.9993
9.994E-05 9.994E-05 9.994E-05 9.994E-05 9.994E-05 9.994E-05 9.994E-05 0.9993
9.998E-05 0.149896 0.0346587 0.268397 0.0343221 0.0543917 9.998E-05 0.458135
0.0210618 0.0218432 9.9955E-05 9.9955E-05 9.9955E-05 9.9955E-05 9.9955E-05 0.956595
0.878433 9.99549E-05 0.0663428 9.99549E-05 9.99549E-05 0.054724 9.99549E-05 9.99549E-05
0.0818617 0.775382 9.99728E-05 0.00225929 9.99728E-05 9.99728E-05 0.0282818 0.111915
0.00333778 9.99459E-05 9.99459E-05 0.996063 9.99459E-05 9.99459E-05 9.99459E-05 9.99459E-05
0.0999937 9.996E-05 0.858018 9.996E-05 9.996E-05 9.996E-05 0.0179204 0.0236677
0.224337 0.028445 0.312173 0.0713249 9.99731E-05 0.36342 9.99731E-05 9.99731E-05
9.994E-05 9.994E-05 0.9993 9.994E-05 9.994E-05 9.994E-05 9.994E-05 9.994E-05
0.0195222 9.99549E-05 0.902829 9.99549E-05 9.99549E-05 0.077149 9.99549E-05 9.99549E-05
9.99549E-05 9.99549E-05 0.850095 9.99549E-05 9.99549E-05 0.0806941 0.0687112 9.99549E-05
0.120108 9.99461E-05 9.99461E-05 9.99461E-05 0.879292 9.99461E-05 9.99461E-05 9.99461E-05
9.994E-05 9.994E-05 9.994E-05 0.9993 9.994E-05 9.994E-05 9.994E-05 9.994E-05
0.115549 0.0928804 9.999E-05 0.347933 0.0671741 0.292361 0.07159 0.012413
9.995E-05 0.0283549 0.0165165 0.954629 9.995E-05 9.995E-05 9.995E-05 9.995E-05
0.0595163 9.9946E-05 9.9946E-05 0.939884 9.9946E-05 9.9946E-05 9.9946E-05 9.9946E-05
9.9964E-05 0.05322 0.0099673 0.898345 9.9964E-05 9.9964E-05 9.9964E-05 0.0380674
0.0246458 0.0738822 9.9955E-05 0.900972 9.9955E-05 9.9955E-05 9.9955E-05 9.9955E-05
0.0193057 0.0515759 9.997E-05 0.872669 9.997E-05 0.0391116 0.0170376 9.997E-05
9.9955E-05 9.9955E-05 9.9955E-05 0.967349 9.9955E-05 0.0251297 0.00702142 9.9955E-05
9.99552E-05 0.407195 9.99552E-05 0.39598 9.99552E-05 9.99552E-05 9.99552E-05 0.196325
9.99642E-05 0.536592 0.0361362 0.398778 9.99642E-05 9.99642E-05 9.99642E-05 0.0280939
0.0118579 9.9973E-05 0.0284272 0.934948 0.00208549 9.9973E-05 9.9973E-05 0.0223817
0.101405 0.223266 0.0680031 0.0239899 9.999E-05 0.534693 0.039373 0.00916994
0.111139 0.190939 0.0966813 0.0267507 9.999E-05 0.534675 0.0188675 0.0208478
9.994E-05 9.994E-05 9.994E-05 9.994E-05 9.994E-05 9.994E-05 0.9993 9.994E-05
9.994E-05 9.994E-05 9.994E-05 9.994E-05 9.994E-05 9.994E-05 0.9993 9.994E-05
9.9946E-05 0.0674012 9.9946E-05 9.9946E-05 9.9946E-05 0.931999 9.9946E-05 9.9946E-05
9.99549E-05 0.0565277 0.0465104 9.99549E-05 9.99549E-05 0.896462 9.99549E-05 9.99549E-05
9.9946E-05 0.00751698 9.9946E-05 9.9946E-05 9.9946E-05 9.9946E-05 0.991883 9.9946E-05
9.994E-05 9.994E-05 9.994E-05 9.994E-05 9.994E-05 9.994E-05 0.9993 9.994E-05
0.95804 9.99459E-05 0.0413602 9.99459E-05 9.99459E-05 9.99459E-05 9.99459E-05 9.99459E-05
0.0932261 0.101982 0.25966 9.997E-05 0.0373849 0.507447 9.997E-05 9.997E-05
0.0583703 0.806998 9.99639E-05 9.99639E-05 9.99639E-05 9.99639E-05 0.0068835 0.127348
0.0141779 9.99821E-05 0.350721 0.0772078 0.115104 0.198614 0.243976 9.99821E-05
0.185584 9.99731E-05 0.440174 0.00416555 0.0860443 9.99731E-05 0.283733 9.99731E-05
9.99731E-05 0.25618 9.99731E-05 0.560234 0.0148957 9.99731E-05 0.0108979 0.157492
