9.99549E-05 0.0150028 9.99549E-05 9.99549E-05 0.983812 0.000685938 9.99549E-05 9.99549E-05
0.118451 0.069961 9.9982E-05 0.312478 0.263646 0.0217445 9.9982E-05 0.213519
9.99644E-05 9.99644E-05 9.99644E-05 0.7158 9.99644E-05 0.0615627 0.0163127 0.205925
9.9955E-05 0.00999706 9.9955E-05 0.965026 9.9955E-05 0.0244768 9.9955E-05 9.9955E-05
0.125475 0.165375 9.99731E-05 0.41695 0.0566013 9.99731E-05 9.99731E-05 0.235299
9.9955E-05 0.00351769 9.9955E-05 0.990367 9.9955E-05 0.00561573 9.9955E-05 9.9955E-05
9.994E-05 9.994E-05 9.994E-05 9.994E-05 9.994E-05 9.994E-05 9.994E-05 0.9993
0.319756 0.063497 9.9973E-05 0.430133 9.9973E-05 0.0124756 9.9973E-05 0.173839
9.994E-05 9.994E-05 9.994E-05 9.994E-05 9.994E-05 9.994E-05 9.994E-05 0.9993
9.99461E-05 0.89076 9.99461E-05 9.99461E-05 9.99461E-05 9.99461E-05 9.99461E-05 0.10864
9.9946E-05 0.858645 9.9946E-05 9.9946E-05 9.9946E-05 9.9946E-05 9.9946E-05 0.140755
9.9964E-05 9.9964E-05 0.167818 0.0341418 0.690681 0.106959 9.9964E-05 9.9964E-05
9.99461E-05 9.99461E-05 0.929392 9.99461E-05 9.99461E-05 9.99461E-05 9.99461E-05 0.0700084
9.9973E-05 0.00763815 9.9973E-05 0.949938 0.00759761 0.0129069 0.021619 9.9973E-05
9.9955E-05 0.0221471 9.9955E-05 0.932431 0.0449222 9.9955E-05 9.9955E-05 9.9955E-05
9.99729E-05 0.285699 0.298034 9.99729E-05 0.171221 0.0112135 9.99729E-05 0.233532
9.99731E-05 0.483092 0.212228 9.99731E-05 0.0073508 0.251541 0.0454875 9.99731E-05
0.0568123 0.145275 9.99639E-05 9.99639E-05 0.0852104 9.99639E-05 0.712303 9.99639E-05
9.9955E-05 9.9955E-05 0.00211431 9.9955E-05 9.9955E-05 0.0832823 0.914104 9.9955E-05
9.9973E-05 0.674587 0.0729452 9.9973E-05 0.170389 0.0810652 9.9973E-05 0.000713919
9.994E-05 9.994E-05 9.994E-05 9.994E-05 9.994E-05 9.994E-05 0.9993 9.994E-05
9.9964E-05 0.237941 0.118288 9.9964E-05 0.63831 0.0050616 9.9964E-05 9.9964E-05
9.99551E-05 0.271994 9.99551E-05 9.99551E-05 9.99551E-05 0.322411 0.405095 9.99551E-05
9.9955E-05 0.0751432 9.9955E-05 9.9955E-05 9.9955E-05 0.0476263 0.876731 9.9955E-05
0.0232191 9.99461E-05 9.99461E-05 0.976181 9.99461E-05 9.99461E-05 9.99461E-05 9.99461E-05
9.994E-05 9.994E-05 9.994E-05 0.9993 9.994E-05 9.994E-05 9.994E-05 9.994E-05
0.000799888 0.0482405 0.840155 9.99729E-05 0.0404746 0.0700305 9.99729E-05 9.99729E-05
0.0550717 9.9964E-05 0.013176 0.906259 9.9964E-05 9.9964E-05 9.9964E-05 0.0250931
0.0601831 9.9964E-05 0.0130695 0.872383 9.9964E-05 9.9964E-05 9.9964E-05 0.0539643
0.265371 9.99731E-05 0.0206691 0.666672 9.99731E-05 0.0322823 0.0147053 9.99731E-05
0.256841 9.9973E-05 0.00136334 0.615307 9.9973E-05 0.0650233 9.9973E-05 0.0611661
0.372225 9.99731E-05 9.99731E-05 0.0972621 0.176587 0.0145554 9.99731E-05 0.339071
0.00153067 9.99551E-05 9.99551E-05 0.960261 9.99551E-05 9.99551E-05 9.99551E-05 0.037709
0.853097 9.99641E-05 9.99641E-05 0.0857184 9.99641E-05 0.0182045 9.99641E-05 0.0425801
0.0153997 0.109554 0.628243 0.0594103 0.0218048 0.165388 9.99819E-05 9.99819E-05
9.99639E-05 9.99639E-05 0.0120435 0.920873 0.0205228 9.99639E-05 9.99639E-05 0.0461611
9.99461E-05 9.99461E-05 9.99461E-05 0.019452 0.979948 9.99461E-05 9.99461E-05 9.99461E-05
0.0347401 0.71829 9.9973E-05 0.0544446 0.124356 9.9973E-05 9.9973E-05 0.0678698
9.9973E-05 0.287286 0.203403 0.134406 9.9973E-05 0.322156 0.0524488 9.9973E-05
9.99549E-05 0.5721 9.99549E-05 0.100314 0.327086 9.99549E-05 9.99549E-05 9.99549E-05
9.99639E-05 0.540244 9.99639E-05 0.0952209 0.360707 0.00342823 9.99639E-05 9.99639E-05
9.99459E-05 0.996289 0.00311121 9.99459E-05 9.99459E-05 9.99459E-05 9.99459E-05 9.99459E-05
9.99639E-05 0.241244 0.112335 9.99639E-05 0.253572 9.99639E-05 9.99639E-05 0.392449
9.9955E-05 0.912668 0.0733292 9.9955E-05 9.9955E-05 0.0135027 9.9955E-05 9.9955E-05
0.00644105 0.556809 0.156809 9.9982E-05 0.0720468 0.110312 0.0973818 9.9982E-05
0.00853435 0.671451 0.0412648 0.0739333 0.157759 9.9991E-05 0.0209837 0.0259736
0.0280977 0.414048 0.265654 0.103097 0.144588 0.0443142 9.9982E-05 9.9982E-05
9.99463E-05 9.99463E-05 9.99463E-05 9.99463E-05 0.976369 9.99463E-05 0.0230316 9.99463E-05
0.9993 9.994E-05 9.994E-05 9.994E-05 9.994E-05 9.994E-05 9.994E-05 9.994E-05
0.9993 9.994E-05 9.994E-05 9.994E-05 9.994E-05 9.994E-05 9.994E-05 9.994E-05
0.994321 0.00507909 9.9946E-05 9.9946E-05 9.9946E-05 9.9946E-05 9.9946E-05 9.9946E-05
0.9993 9.994E-05 9.994E-05 9.994E-05 9.994E-05 9.994E-05 9.994E-05 9.994E-05
0.9993 9.994E-05 9.994E-05 9.994E-05 9.994E-05 9.994E-05 9.994E-05 9.994E-05
0.509642 0.0225055 9.99731E-05 0.248481 9.99731E-05 9.99731E-05 0.03915 0.179921
0.987736 9.9946E-05 9.9946E-05 9.9946E-05 0.0116646 9.9946E-05 9.9946E-05 9.9946E-05
9.99549E-05 9.99549E-05 0.0694109 9.99549E-05 0.916975 9.99549E-05 9.99549E-05 0.0131145
0.346826 9.99729E-05 9.99729E-05 0.0834741 0.16047 0.020985 9.99729E-05 0.387944
9.994E-05 9.994E-05 9.994E-05 0.9993 9.994E-05 9.994E-05 9.994E-05 9.994E-05
0.0161057 9.9973E-05 0.812169 9.9973E-05 0.0895957 0.00288673 9.9973E-05 0.0789434
9.9964E-05 0.108662 0.256392 9.9964E-05 0.308095 9.9964E-05 9.9964E-05 0.326452
9.99461E-05 9.99461E-05 0.948263 9.99461E-05 9.99461E-05 9.99461E-05 9.99461E-05 0.0511377
9.99549E-05 0.0471582 0.92998 9.99549E-05 0.0223622 9.99549E-05 9.99549E-05 9.99549E-05
9.99549E-05 0.0714872 0.909024 9.99549E-05 9.99549E-05 0.0189888 9.99549E-05 9.99549E-05
9.99461E-05 9.99461E-05 9.99461E-05 9.99461E-05 0.120681 9.99461E-05 0.878719 9.99461E-05
9.994E-05 9.994E-05 9.994E-05 0.9993 9.994E-05 9.994E-05 9.994E-05 9.994E-05
0.0501095 0.235587 0.0486646 0.36808 0.145471 0.0434019 0.0700128 0.0386728
0.00947298 9.99552E-05 0.016102 0.973925 9.99552E-05 9.99552E-05 9.99552E-05 9.99552E-05
0.0283055 9.9955E-05 9.9955E-05 0.924753 0.0464422 9.9955E-05 9.9955E-05 9.9955E-05
0.03202 9.99549E-05 9.99549E-05 0.871648 9.99549E-05 9.99549E-05 9.99549E-05 0.0958322
0.0287485 9.9955E-05 9.9955E-05 0.881509 9.9955E-05 9.9955E-05 9.9955E-05 0.0892431
9.99461E-05 0.0817078 9.99461E-05 0.917693 9.99461E-05 9.99461E-05 9.99461E-05 9.99461E-05
9.99459E-05 9.99459E-05 9.99459E-05 0.984848 9.99459E-05 0.0145524 9.99459E-05 9.99459E-05
0.316305 9.99552E-05 9.99552E-05 0.519388 9.99552E-05 9.99552E-05 9.99552E-05 0.163808
0.158233 9.99552E-05 9.99552E-05 0.427816 9.99552E-05 9.99552E-05 9.99552E-05 0.413452
0.0170481 0.0397043 9.9955E-05 0.942748 9.9955E-05 9.9955E-05 9.9955E-05 9.9955E-05
9.99729E-05 0.267508 9.99729E-05 0.0124257 0.203823 0.0656798 9.99729E-05 0.450263
9.99819E-05 0.233404 0.00999979 0.0138583 0.195028 0.0825688 9.99819E-05 0.464941
9.994E-05 9.994E-05 9.994E-05 9.994E-05 9.994E-05 0.9993 9.994E-05 9.994E-05
9.994E-05 9.994E-05 9.994E-05 9.994E-05 9.994E-05 0.9993 9.994E-05 9.994E-05
9.9964E-05 0.878417 9.9964E-05 0.0110016 0.0650184 9.9964E-05 9.9964E-05 0.0451637
9.9964E-05 0.810357 0.0133336 9.9964E-05 0.0908537 9.9964E-05 9.9964E-05 0.0850563
9.9955E-05 0.00296917 9.9955E-05 9.9955E-05 9.9955E-05 0.980808 9.9955E-05 0.0157229
9.994E-05 9.994E-05 9.994E-05 9.994E-05 9.994E-05 0.9993 9.994E-05 9.994E-05
9.99459E-05 9.99459E-05 0.0210241 9.99459E-05 0.978376 9.99459E-05 9.99459E-05 9.99459E-05
9.99729E-05 0.352449 0.200747 9.99729E-05 0.133887 9.99729E-05 0.0562132 0.256404
0.374511 9.99639E-05 9.99639E-05 0.0867473 0.14183 9.99639E-05 9.99639E-05 0.396511
9.99731E-05 0.306539 0.368045 0.0589258 9.99731E-05 0.153575 0.112615 9.99731E-05
9.99641E-05 9.99641E-05 0.469166 9.99641E-05 0.189831 0.260705 0.0798983 9.99641E-05
0.266641 9.99731E-05 9.99731E-05 0.549703 9.99731E-05 0.043277 0.0259087 0.11417
