9.99639E-05 9.99639E-05 0.00632398 0.0417767 9.99639E-05 0.951499 9.99639E-05
0.254847 0.30672 9.9973E-05 0.199897 9.9973E-05 0.238237 9.9973E-05
0.0258142 0.821021 0.0476995 9.99822E-05 0.0110257 9.99822E-05 0.0942398
9.9964E-05 0.956669 0.0201736 0.0227577 9.9964E-05 9.9964E-05 9.9964E-05
0.21729 0.448644 9.99731E-05 0.231778 9.99731E-05 0.101989 9.99731E-05
9.9964E-05 0.984293 0.0144054 9.9964E-05 0.000902004 9.9964E-05 9.9964E-05
0.380321 9.99642E-05 9.99642E-05 0.0403317 9.99642E-05 9.99642E-05 0.578947
0.447837 0.40899 0.0100061 0.132866 9.99731E-05 9.99731E-05 9.99731E-05
0.390898 9.99641E-05 9.99641E-05 0.149589 9.99641E-05 9.99641E-05 0.459114
0.00637718 9.99551E-05 9.99551E-05 0.993123 9.99551E-05 9.99551E-05 9.99551E-05
9.995E-05 9.995E-05 9.995E-05 0.9994 9.995E-05 9.995E-05 9.995E-05
9.9973E-05 0.00432066 0.131023 9.9973E-05 9.9973E-05 0.731202 0.133155
9.995E-05 9.995E-05 9.995E-05 9.995E-05 9.995E-05 9.995E-05 0.9994
9.999E-05 0.9385 0.0178544 0.00560697 0.0297462 0.00665182 0.0015402
9.9964E-05 0.947787 9.9964E-05 9.9964E-05 0.00948557 0.0423273 9.9964E-05
0.0238103 0.0222492 9.9982E-05 0.499493 9.9982E-05 0.0650441 0.389203
9.9982E-05 9.9982E-05 0.356464 0.37071 0.0745722 0.0588485 0.139205
0.0439751 9.9973E-05 9.9973E-05 0.17392 0.728128 0.0536768 9.9973E-05
9.9955E-05 9.9955E-05 0.100163 9.9955E-05 0.899337 9.9955E-05 9.9955E-05
9.9973E-05 9.9973E-05 0.0782336 0.74808 9.9973E-05 0.118154 0.0552324
9.995E-05 9.995E-05 9.995E-05 9.995E-05 0.9994 9.995E-05 9.995E-05
9.99729E-05 9.99729E-05 0.0316335 0.297818 9.99729E-05 0.521689 0.148559
9.9973E-05 0.0293422 0.29501 0.287572 0.387776 9.9973E-05 9.9973E-05
9.9955E-05 9.9955E-05 0.0902819 9.9955E-05 0.909218 9.9955E-05 9.9955E-05
0.00475623 0.994744 9.99551E-05 9.99551E-05 9.99551E-05 9.99551E-05 9.99551E-05
9.995E-05 0.9994 9.995E-05 9.995E-05 9.995E-05 9.995E-05 9.995E-05
9.997E-05 9.997E-05 0.0978382 0.0390331 9.997E-05 0.101162 0.761667
0.0337551 0.957761 9.9964E-05 9.9964E-05 9.9964E-05 9.9964E-05 0.00808441
0.0887371 0.902277 9.9964E-05 9.9964E-05 9.9964E-05 9.9964E-05 0.00858627
0.254713 0.691493 0.0285949 9.99821E-05 0.0185805 9.99821E-05 0.00641897
0.295279 0.634359 0.0699624 9.99641E-05 9.99641E-05 9.99641E-05 9.99641E-05
0.541131 0.118229 9.99731E-05 0.106243 9.99731E-05 0.234097 9.99731E-05
0.00390774 0.995592 9.99551E-05 9.99551E-05 9.99551E-05 9.99551E-05 9.99551E-05
0.937378 0.062122 9.99551E-05 9.99551E-05 9.99551E-05 9.99551E-05 9.99551E-05
9.99819E-05 0.064518 0.230017 0.100896 9.99819E-05 0.0897392 0.51463
9.99639E-05 0.990845 0.00334585 9.99639E-05 9.99639E-05 9.99639E-05 0.00540916
9.9955E-05 0.00895081 9.9955E-05 9.9955E-05 9.9955E-05 0.990549 9.9955E-05
0.0819636 0.0178547 9.9982E-05 0.765856 0.0120602 0.122066 9.9982E-05
9.999E-05 0.127294 0.371191 0.313357 0.0603271 0.0162519 0.111479
9.9973E-05 0.0875734 0.00797244 0.697088 9.9973E-05 0.207066 9.9973E-05
9.99729E-05 0.052503 0.00601219 0.678541 9.99729E-05 0.262644 9.99729E-05
9.9955E-05 9.9955E-05 9.9955E-05 0.995138 9.9955E-05 0.00436205 9.9955E-05
9.9973E-05 0.00440699 9.9973E-05 0.548795 9.9973E-05 0.120622 0.325876
9.9955E-05 9.9955E-05 0.0577038 0.941796 9.9955E-05 9.9955E-05 9.9955E-05
9.9982E-05 9.9982E-05 0.167634 0.489842 0.116703 0.0225194 0.203101
9.999E-05 0.0456847 0.0428095 0.690704 0.0269392 0.187899 0.00586359
0.0334716 0.116583 0.123647 0.28095 9.9991E-05 0.235428 0.20982
9.99553E-05 9.99553E-05 9.99553E-05 9.99553E-05 0.0198113 0.979689 9.99553E-05
0.9994 9.995E-05 9.995E-05 9.995E-05 9.995E-05 9.995E-05 9.995E-05
0.9994 9.995E-05 9.995E-05 9.995E-05 9.995E-05 9.995E-05 9.995E-05
0.996747 9.99549E-05 9.99549E-05 9.99549E-05 0.0027537 9.99549E-05 9.99549E-05
0.9994 9.995E-05 9.995E-05 9.995E-05 9.995E-05 9.995E-05 9.995E-05
0.9994 9.995E-05 9.995E-05 9.995E-05 9.995E-05 9.995E-05 9.995E-05
0.636257 0.221812 9.9991E-05 0.109707 0.0207731 0.0100856 0.00126489
0.990889 9.9964E-05 0.0024068 9.9964E-05 9.9964E-05 0.00630421 9.9964E-05
9.99639E-05 9.99639E-05 9.99639E-05 0.00493191 9.99639E-05 0.886225 0.108443
0.538875 0.121308 9.9982E-05 0.0923262 9.9982E-05 0.209501 0.0377904
9.995E-05 0.9994 9.995E-05 9.995E-05 9.995E-05 9.995E-05 9.995E-05
9.996E-05 9.996E-05 0.0657438 9.996E-05 9.996E-05 0.0623473 0.871509
9.9982E-05 0.0748225 0.0032912 0.377327 9.9982E-05 0.154638 0.389722
9.995E-05 9.995E-05 9.995E-05 9.995E-05 9.995E-05 9.995E-05 0.9994
9.99639E-05 9.99639E-05 9.99639E-05 0.0604158 9.99639E-05 0.0342938 0.90489
9.99729E-05 9.99729E-05 0.124851 0.0197371 0.00248771 9.99729E-05 0.852624
9.99551E-05 9.99551E-05 9.99551E-05 9.99551E-05 0.921739 0.0777612 9.99551E-05
9.995E-05 0.9994 9.995E-05 9.995E-05 9.995E-05 9.995E-05 9.995E-05
0.137841 0.297685 0.00843935 0.347693 9.9991E-05 0.046432 0.16181
0.00301286 0.954132 9.99641E-05 9.99641E-05 9.99641E-05 9.99641E-05 0.0424556
9.9955E-05 0.964641 9.9955E-05 9.9955E-05 9.9955E-05 0.0348594 9.9955E-05
0.10302 0.891938 9.99639E-05 9.99639E-05 9.99639E-05 9.99639E-05 0.00464291
0.0388969 0.946647 9.9973E-05 9.9973E-05 0.0122318 0.00192399 9.9973E-05
9.99641E-05 0.917037 9.99641E-05 0.0749758 9.99641E-05 0.00758753 9.99641E-05
9.995E-05 0.9994 9.995E-05 9.995E-05 9.995E-05 9.995E-05 9.995E-05
0.468465 0.496439 9.99642E-05 9.99642E-05 9.99642E-05 0.0346966 9.99642E-05
0.364961 0.493905 9.99643E-05 9.99643E-05 9.99643E-05 9.99643E-05 0.140734
9.9973E-05 0.963613 0.0122953 0.0163407 9.9973E-05 9.9973E-05 0.00745079
0.0499942 0.0933358 0.00763547 0.593515 9.999E-05 0.0930129 0.162406
0.0805618 0.0800888 9.9982E-05 0.563916 9.9982E-05 0.0574695 0.217763
9.995E-05 9.995E-05 0.9994 9.995E-05 9.995E-05 9.995E-05 9.995E-05
9.995E-05 9.995E-05 0.9994 9.995E-05 9.995E-05 9.995E-05 9.995E-05
9.99612E-05 9.99612E-05 9.99612E-05 0.980504 9.99612E-05 0.018996 9.99612E-05
0.0152659 9.9973E-05 9.9973E-05 0.944726 9.9973E-05 0.0143531 0.0253552
9.995E-05 9.995E-05 0.9994 9.995E-05 9.995E-05 9.995E-05 9.995E-05
9.995E-05 9.995E-05 0.9994 9.995E-05 9.995E-05 9.995E-05 9.995E-05
9.99549E-05 9.99549E-05 9.99549E-05 9.99549E-05 9.99549E-05 0.922098 0.0774025
0.000398574 0.00745965 9.9991E-05 0.545099 0.0443545 0.0598433 0.342745
0.599445 0.0664232 9.9982E-05 0.106059 9.9982E-05 0.179329 0.0485448
9.99821E-05 0.0449264 0.302251 0.238134 0.125432 9.99821E-05 0.289057
9.99731E-05 9.99731E-05 0.342873 9.99731E-05 0.0745966 0.118314 0.463917
0.366909 0.575531 0.0142706 9.99731E-05 0.0429895 9.99731E-05 9.99731E-05
