0.0311996 0.0083287 9.98919E-05 0.0107725 9.98919E-05 9.98919E-05 9.98919E-05 0.00359143 9.98919E-05 9.98919E-05 9.98919E-05 9.98919E-05 9.98919E-05 9.98919E-05 9.98919E-05 0.944909 9.98919E-05
9.98828E-05 9.98828E-05 9.98828E-05 9.98828E-05 9.98828E-05 9.98828E-05 9.98828E-05 0.225769 9.98828E-05 9.98828E-05 9.98828E-05 9.98828E-05 0.625756 0.132815 0.0143619 9.98828E-05 9.98828E-05
9.99107E-05 0.281467 9.99107E-05 9.99107E-05 9.99107E-05 0.0622019 9.99107E-05 9.99107E-05 0.0178211 9.99107E-05 9.99107E-05 0.055592 0.03142 0.511368 9.99107E-05 9.99107E-05 0.0391307
9.9892E-05 9.9892E-05 0.0156305 9.9892E-05 0.0421984 9.9892E-05 9.9892E-05 9.9892E-05 9.9892E-05 9.9892E-05 9.9892E-05 0.0150578 9.9892E-05 0.907782 9.9892E-05 9.9892E-05 0.0181329
0.189084 0.0599238 0.0673397 0.0136308 0.0445502 9.99282E-05 9.99282E-05 9.99282E-05 9.99282E-05 9.99282E-05 0.156476 9.99282E-05 0.107557 0.354721 9.99282E-05 0.00591878 9.99282E-05
9.98651E-05 9.98651E-05 9.98651E-05 9.98651E-05 0.0249532 9.98651E-05 9.98651E-05 9.98651E-05 9.98651E-05 9.98651E-05 9.98651E-05 9.98651E-05 9.98651E-05 0.973549 9.98651E-05 9.98651E-05 9.98651E-05
9.98562E-05 9.98562E-05 9.98562E-05 9.98562E-05 9.98562E-05 9.98562E-05 9.98562E-05 9.98562E-05 9.98562E-05 9.98562E-05 0.998402 9.98562E-05 9.98562E-05 9.98562E-05 9.98562E-05 9.98562E-05 9.98562E-05
0.0750522 0.487293 0.0379493 9.99188E-05 0.241434 9.99188E-05 9.99188E-05 9.99188E-05 9.99188E-05 9.99188E-05 0.00772141 0.0237097 0.122372 9.99188E-05 9.99188E-05 9.99188E-05 0.00356858
9.9883E-05 9.9883E-05 9.9883E-05 9.9883E-05 0.0175384 9.9883E-05 9.9883E-05 9.9883E-05 9.9883E-05 9.9883E-05 0.934769 9.9883E-05 0.0302141 9.9883E-05 0.0161799 9.9883E-05 9.9883E-05
0.968737 9.9865E-05 9.9865E-05 9.9865E-05 9.9865E-05 9.9865E-05 9.9865E-05 9.9865E-05 9.9865E-05 9.9865E-05 0.0297655 9.9865E-05 9.9865E-05 9.9865E-05 9.9865E-05 9.9865E-05 9.9865E-05
0.984531 9.98651E-05 9.98651E-05 9.98651E-05 9.98651E-05 9.98651E-05 9.98651E-05 9.98651E-05 9.98651E-05 9.98651E-05 0.0139713 9.98651E-05 9.98651E-05 9.98651E-05 9.98651E-05 9.98651E-05 9.98651E-05
9.9892E-05 9.9892E-05 9.9892E-05 9.9892E-05 9.9892E-05 0.169284 9.9892E-05 9.9892E-05 9.9892E-05 9.9892E-05 9.9892E-05 0.141836 9.9892E-05 9.9892E-05 0.0103024 0.647423 0.029955
9.98833E-05 0.00173817 9.98833E-05 9.98833E-05 9.98833E-05 0.956954 9.98833E-05 9.98833E-05 9.98833E-05 9.98833E-05 0.0118899 9.98833E-05 9.98833E-05 9.98833E-05 9.98833E-05 9.98833E-05 0.0281198
9.98831E-05 9.98831E-05 9.98831E-05 9.98831E-05 9.98831E-05 9.98831E-05 9.98831E-05 9.98831E-05 0.0171887 9.98831E-05 9.98831E-05 9.98831E-05 9.98831E-05 0.971836 0.00552474 0.004152 9.98831E-05
9.9901E-05 9.9901E-05 0.00163867 0.02135 9.9901E-05 9.9901E-05 9.9901E-05 0.00547658 0.00582096 9.9901E-05 9.9901E-05 9.9901E-05 9.9901E-05 0.946406 9.9901E-05 0.0182085 9.9901E-05
0.075679 9.9892E-05 9.9892E-05 9.9892E-05 9.9892E-05 0.136796 0.757801 9.9892E-05 9.9892E-05 9.9892E-05 9.9892E-05 9.9892E-05 9.9892E-05 9.9892E-05 0.0110045 0.0175209 9.9892E-05
0.081947 9.98738E-05 9.98738E-05 0.0311718 9.98738E-05 9.98738E-05 9.98738E-05 9.98738E-05 9.98738E-05 9.98738E-05 9.98738E-05 9.98738E-05 9.98738E-05 9.98738E-05 0.885483 9.98738E-05 9.98738E-05
9.99098E-05 9.99098E-05 0.000750627 0.0542782 9.99098E-05 9.99098E-05 0.0325194 0.103198 0.750015 9.99098E-05 9.99098E-05 0.0104989 0.047741 9.99098E-05 9.99098E-05 9.99098E-05 9.99098E-05
9.9856E-05 9.9856E-05 9.9856E-05 9.9856E-05 9.9856E-05 9.9856E-05 9.9856E-05 9.9856E-05 9.9856E-05 0.998402 9.9856E-05 9.9856E-05 9.9856E-05 9.9856E-05 9.9856E-05 9.9856E-05 9.9856E-05
0.39095 9.99008E-05 9.99008E-05 9.99008E-05 9.99008E-05 9.99008E-05 0.351747 9.99008E-05 9.99008E-05 0.0305613 9.99008E-05 0.0270826 9.99008E-05 9.99008E-05 0.0660993 0.132461 9.99008E-05
9.9874E-05 9.9874E-05 9.9874E-05 0.0323706 9.9874E-05 9.9874E-05 9.9874E-05 9.9874E-05 0.917481 0.0487502 9.9874E-05 9.9874E-05 9.9874E-05 9.9874E-05 9.9874E-05 9.9874E-05 9.9874E-05
9.991E-05 9.991E-05 9.991E-05 9.991E-05 9.991E-05 0.0636726 0.199079 0.248529 9.991E-05 9.991E-05 9.991E-05 9.991E-05 0.00466567 0.0122407 0.0623606 0.408453 9.991E-05
9.9856E-05 9.9856E-05 9.9856E-05 0.998402 9.9856E-05 9.9856E-05 9.9856E-05 9.9856E-05 9.9856E-05 9.9856E-05 9.9856E-05 9.9856E-05 9.9856E-05 9.9856E-05 9.9856E-05 9.9856E-05 9.9856E-05
9.9874E-05 9.9874E-05 9.9874E-05 0.120477 9.9874E-05 9.9874E-05 9.9874E-05 9.9874E-05 0.0715255 0.806599 9.9874E-05 9.9874E-05 9.9874E-05 9.9874E-05 9.9874E-05 9.9874E-05 9.9874E-05
9.98653E-05 9.98653E-05 9.98653E-05 9.98653E-05 9.98653E-05 9.98653E-05 9.98653E-05 9.98653E-05 9.98653E-05 9.98653E-05 9.98653E-05 9.98653E-05 9.98653E-05 0.474246 9.98653E-05 9.98653E-05 0.524256
9.98742E-05 9.98742E-05 0.00877232 9.98742E-05 9.98742E-05 9.98742E-05 9.98742E-05 9.98742E-05 9.98742E-05 9.98742E-05 9.98742E-05 9.98742E-05 9.98742E-05 0.90225 9.98742E-05 9.98742E-05 0.0875798
0.00960597 9.99099E-05 0.0162096 9.99099E-05 9.99099E-05 0.799008 0.036347 9.99099E-05 9.99099E-05 9.99099E-05 9.99099E-05 0.0386152 9.99099E-05 9.99099E-05 0.0362374 0.0629778 9.99099E-05
9.98742E-05 9.98742E-05 9.98742E-05 9.98742E-05 0.00200177 9.98742E-05 9.98742E-05 9.98742E-05 9.98742E-05 9.98742E-05 9.98742E-05 0.00498249 9.98742E-05 9.98742E-05 9.98742E-05 9.98742E-05 0.991618
9.98653E-05 9.98653E-05 0.00113997 9.98653E-05 9.98653E-05 9.98653E-05 9.98653E-05 9.98653E-05 9.98653E-05 9.98653E-05 9.98653E-05 9.98653E-05 9.98653E-05 9.98653E-05 9.98653E-05 9.98653E-05 0.997362
9.99102E-05 9.99102E-05 0.012815 9.99102E-05 0.831798 9.99102E-05 9.99102E-05 9.99102E-05 0.00161641 9.99102E-05 9.99102E-05 0.0074257 9.99102E-05 0.0367677 9.99102E-05 0.0414384 0.0671399
9.98738E-05 0.0035225 9.98738E-05 9.98738E-05 0.950631 9.98738E-05 9.98738E-05 9.98738E-05 9.98738E-05 9.98738E-05 9.98738E-05 9.98738E-05 9.98738E-05 0.0444482 9.98738E-05 9.98738E-05 9.98738E-05
9.98564E-05 9.98564E-05 9.98564E-05 9.98564E-05 9.98564E-05 9.98564E-05 9.98564E-05 9.98564E-05 9.98564E-05 9.98564E-05 9.98564E-05 9.98564E-05 0.998402 9.98564E-05 9.98564E-05 9.98564E-05 9.98564E-05
9.98831E-05 0.169984 9.98831E-05 9.98831E-05 0.0119665 9.98831E-05 9.98831E-05 9.98831E-05 9.98831E-05 9.98831E-05 9.98831E-05 9.98831E-05 9.98831E-05 0.665504 9.98831E-05 9.98831E-05 0.151247
9.98743E-05 0.253598 0.673553 9.98743E-05 0.0714503 9.98743E-05 9.98743E-05 9.98743E-05 9.98743E-05 9.98743E-05 9.98743E-05 9.98743E-05 9.98743E-05 9.98743E-05 9.98743E-05 9.98743E-05 9.98743E-05
0.047464 0.00997016 9.99097E-05 9.99097E-05 0.0663783 0.51086 9.99097E-05 9.99097E-05 9.99097E-05 9.99097E-05 9.99097E-05 0.0801065 9.99097E-05 9.99097E-05 0.231275 0.0529468 9.99097E-05
9.99009E-05 0.0199468 9.99009E-05 9.99009E-05 9.99009E-05 9.99009E-05 9.99009E-05 0.005124 9.99009E-05 9.99009E-05 9.99009E-05 9.99009E-05 0.001334 0.372046 0.0207589 9.99009E-05 0.579691
9.98651E-05 0.0510058 9.98651E-05 9.98651E-05 9.98651E-05 9.98651E-05 9.98651E-05 9.98651E-05 9.98651E-05 9.98651E-05 9.98651E-05 9.98651E-05 9.98651E-05 9.98651E-05 9.98651E-05 0.947496 9.98651E-05
0.250893 0.0403036 9.99009E-05 0.0458629 9.99009E-05 9.99009E-05 9.99009E-05 0.505171 9.99009E-05 9.99009E-05 9.99009E-05 9.99009E-05 0.151006 9.99009E-05 9.99009E-05 0.00566518 9.99009E-05
9.98649E-05 0.00529083 9.98649E-05 9.98649E-05 9.98649E-05 9.98649E-05 9.98649E-05 9.98649E-05 9.98649E-05 9.98649E-05 9.98649E-05 9.98649E-05 9.98649E-05 9.98649E-05 0.993211 9.98649E-05 9.98649E-05
9.98602E-05 9.98602E-05 9.98602E-05 9.98602E-05 9.98602E-05 9.98602E-05 9.98602E-05 0.888986 9.98602E-05 9.98602E-05 9.98602E-05 9.98602E-05 9.98602E-05 0.0463299 0.0632864 9.98602E-05 9.98602E-05
9.98739E-05 9.98739E-05 9.98739E-05 9.98739E-05 9.98739E-05 9.98739E-05 9.98739E-05 0.951399 9.98739E-05 9.98739E-05 9.98739E-05 9.98739E-05 9.98739E-05 9.98739E-05 0.0219925 0.0252099 9.98739E-05
0.505492 9.99008E-05 9.99008E-05 0.00373518 9.99008E-05 9.99008E-05 0.0498266 0.392074 9.99008E-05 0.0245506 9.99008E-05 9.99008E-05 9.99008E-05 9.99008E-05 9.99008E-05 0.0232234 9.99008E-05
9.9901E-05 9.9901E-05 9.9901E-05 9.9901E-05 9.9901E-05 0.0153066 0.794707 0.0464034 9.9901E-05 0.0142967 0.0794241 9.9901E-05 9.9901E-05 9.9901E-05 9.9901E-05 0.0487633 9.9901E-05
0.745029 9.99188E-05 9.99188E-05 9.99188E-05 9.99188E-05 0.0195127 0.031868 0.0346608 9.99188E-05 0.0151116 9.99188E-05 0.00738146 9.99188E-05 9.99188E-05 0.02341 0.122127 9.99188E-05
9.9892E-05 9.9892E-05 9.9892E-05 0.125924 9.9892E-05 0.137039 9.9892E-05 0.59068 9.9892E-05 0.058388 9.9892E-05 0.08677 9.9892E-05 9.9892E-05 9.9892E-05 9.9892E-05 9.9892E-05
0.0474485 9.99281E-05 9.99281E-05 0.0180827 0.0758079 0.0139966 0.039114 0.756373 0.0221843 9.99281E-05 9.99281E-05 0.00687239 9.99281E-05 9.99281E-05 9.99281E-05 0.0193212 9.99281E-05
0.158137 9.9919E-05 0.0093627 9.9919E-05 0.119396 0.18492 9.9919E-05 0.102555 9.9919E-05 9.9919E-05 0.000180977 9.9919E-05 9.9919E-05 9.9919E-05 0.234881 0.189667 9.9919E-05
9.98748E-05 9.98748E-05 9.98748E-05 0.0355698 9.98748E-05 9.98748E-05 9.98748E-05 9.98748E-05 0.0135267 9.98748E-05 9.98748E-05 9.98748E-05 9.98748E-05 9.98748E-05 9.98748E-05 0.949505 9.98748E-05
9.98562E-05 9.98562E-05 0.998402 9.98562E-05 9.98562E-05 9.98562E-05 9.98562E-05 9.98562E-05 9.98562E-05 9.98562E-05 9.98562E-05 9.98562E-05 9.98562E-05 9.98562E-05 9.98562E-05 9.98562E-05 9.98562E-05
9.98652E-05 9.98652E-05 0.993544 9.98652E-05 9.98652E-05 9.98652E-05 9.98652E-05 9.98652E-05 9.98652E-05 9.98652E-05 9.98652E-05 9.98652E-05 9.98652E-05 9.98652E-05 0.00495775 9.98652E-05 9.98652E-05
9.98742E-05 9.98742E-05 0.96692 9.98742E-05 9.98742E-05 9.98742E-05 9.98742E-05 0.0147775 9.98742E-05 9.98742E-05 9.98742E-05 9.98742E-05 9.98742E-05 9.98742E-05 9.98742E-05 9.98742E-05 0.0169045
9.98563E-05 9.98563E-05 0.998402 9.98563E-05 9.98563E-05 9.98563E-05 9.98563E-05 9.98563E-05 9.98563E-05 9.98563E-05 9.98563E-05 9.98563E-05 9.98563E-05 9.98563E-05 9.98563E-05 9.98563E-05 9.98563E-05
9.98652E-05 9.98652E-05 0.978292 9.98652E-05 0.0202102 9.98652E-05 9.98652E-05 9.98652E-05 9.98652E-05 9.98652E-05 9.98652E-05 9.98652E-05 9.98652E-05 9.98652E-05 9.98652E-05 9.98652E-05 9.98652E-05
0.0444602 0.123161 0.323935 0.0852808 0.340759 9.99102E-05 0.0296217 9.99102E-05 9.99102E-05 9.99102E-05 0.0517839 9.99102E-05 9.99102E-05 9.99102E-05 9.99102E-05 9.99102E-05 9.99102E-05
9.98741E-05 9.98741E-05 0.924795 9.98741E-05 9.98741E-05 9.98741E-05 9.98741E-05 9.98741E-05 9.98741E-05 9.98741E-05 9.98741E-05 9.98741E-05 0.0703727 9.98741E-05 9.98741E-05 0.00343441 9.98741E-05
0.00103954 9.98739E-05 9.98739E-05 9.98739E-05 9.98739E-05 9.98739E-05 0.168539 9.98739E-05 9.98739E-05 9.98739E-05 9.98739E-05 9.98739E-05 9.98739E-05 9.98739E-05 9.98739E-05 0.829023 9.98739E-05
9.98919E-05 9.98919E-05 0.00743175 9.98919E-05 9.98919E-05 9.98919E-05 0.0254477 9.98919E-05 9.98919E-05 9.98919E-05 0.0420709 0.00859555 0.915255 9.98919E-05 9.98919E-05 9.98919E-05 9.98919E-05
9.9865E-05 9.9865E-05 9.9865E-05 9.9865E-05 9.9865E-05 9.9865E-05 9.9865E-05 9.9865E-05 9.9865E-05 9.9865E-05 9.9865E-05 9.9865E-05 9.9865E-05 0.670623 9.9865E-05 9.9865E-05 0.32788
9.99101E-05 9.99101E-05 0.0150225 9.99101E-05 9.99101E-05 0.829615 0.0222291 0.0714319 9.99101E-05 9.99101E-05 0.00924468 0.0313561 9.99101E-05 9.99101E-05 9.99101E-05 0.020102 9.99101E-05
9.98655E-05 9.98655E-05 9.98655E-05 9.98655E-05 9.98655E-05 0.0660979 0.932404 9.98655E-05 9.98655E-05 9.98655E-05 9.98655E-05 9.98655E-05 9.98655E-05 9.98655E-05 9.98655E-05 9.98655E-05 9.98655E-05
9.98743E-05 0.0602944 9.98743E-05 9.98743E-05 9.98743E-05 0.907744 9.98743E-05 9.98743E-05 9.98743E-05 9.98743E-05 0.030563 9.98743E-05 9.98743E-05 9.98743E-05 9.98743E-05 9.98743E-05 9.98743E-05
0.0451961 9.98738E-05 9.98738E-05 9.98738E-05 9.98738E-05 0.872023 9.98738E-05 0.0813824 9.98738E-05 9.98738E-05 9.98738E-05 9.98738E-05 9.98738E-05 9.98738E-05 9.98738E-05 9.98738E-05 9.98738E-05
0.131304 9.98827E-05 9.98827E-05 9.98827E-05 9.98827E-05 0.816954 9.98827E-05 9.98827E-05 9.98827E-05 0.0213921 9.98827E-05 0.0290523 9.98827E-05 9.98827E-05 9.98827E-05 9.98827E-05 9.98827E-05
9.98563E-05 9.98563E-05 9.98563E-05 9.98563E-05 9.98563E-05 9.98563E-05 9.98563E-05 9.98563E-05 0.998402 9.98563E-05 9.98563E-05 9.98563E-05 9.98563E-05 9.98563E-05 9.98563E-05 9.98563E-05 9.98563E-05
9.98745E-05 9.98745E-05 9.98745E-05 9.98745E-05 0.0268806 9.98745E-05 9.98745E-05 9.98745E-05 9.98745E-05 9.98745E-05 9.98745E-05 9.98745E-05 9.98745E-05 0.299619 9.98745E-05 9.98745E-05 0.672103
9.99372E-05 9.99372E-05 0.0783971 9.99372E-05 0.000381877 0.0992586 0.0914891 0.199558 9.99372E-05 0.0616429 9.99372E-05 0.0637258 9.99372E-05 0.322773 0.0296051 0.0524687 9.99372E-05
9.98833E-05 0.112046 9.98833E-05 9.98833E-05 9.98833E-05 9.98833E-05 0.0175427 9.98833E-05 9.98833E-05 9.98833E-05 9.98833E-05 9.98833E-05 9.98833E-05 0.851292 9.98833E-05 9.98833E-05 0.017821
9.9892E-05 9.9892E-05 9.9892E-05 9.9892E-05 0.0886809 9.9892E-05 9.9892E-05 9.9892E-05 9.9892E-05 9.9892E-05 0.0200429 9.9892E-05 9.9892E-05 0.736986 0.0236462 9.9892E-05 0.129446
9.98562E-05 9.98562E-05 9.98562E-05 9.98562E-05 9.98562E-05 9.98562E-05 9.98562E-05 9.98562E-05 9.98562E-05 9.98562E-05 9.98562E-05 9.98562E-05 9.98562E-05 9.98562E-05 9.98562E-05 9.98562E-05 0.998402
9.98563E-05 9.98563E-05 9.98563E-05 9.98563E-05 9.98563E-05 9.98563E-05 9.98563E-05 9.98563E-05 9.98563E-05 9.98563E-05 9.98563E-05 9.98563E-05 9.98563E-05 9.98563E-05 9.98563E-05 9.98563E-05 0.998402
0.0171858 9.99101E-05 9.99101E-05 9.99101E-05 0.337425 9.99101E-05 9.99101E-05 0.0330055 9.99101E-05 9.99101E-05 9.99101E-05 0.00327793 9.99101E-05 0.568457 9.99101E-05 0.0113877 0.028262
9.98739E-05 9.98739E-05 9.98739E-05 9.98739E-05 9.98739E-05 9.98739E-05 9.98739E-05 9.98739E-05 9.98739E-05 9.98739E-05 9.98739E-05 9.98739E-05 9.98739E-05 0.507641 0.0617601 9.98739E-05 0.4292
9.9856E-05 0.998402 9.9856E-05 9.9856E-05 9.9856E-05 9.9856E-05 9.9856E-05 9.9856E-05 9.9856E-05 9.9856E-05 9.9856E-05 9.9856E-05 9.9856E-05 9.9856E-05 9.9856E-05 9.9856E-05 9.9856E-05
9.9865E-05 0.976252 9.9865E-05 9.9865E-05 9.9865E-05 0.0222505 9.9865E-05 9.9865E-05 9.9865E-05 9.9865E-05 9.9865E-05 9.9865E-05 9.9865E-05 9.9865E-05 9.9865E-05 9.9865E-05 9.9865E-05
9.98922E-05 9.98922E-05 9.98922E-05 0.000359452 9.98922E-05 0.00288834 0.0188493 9.98922E-05 9.98922E-05 9.98922E-05 9.98922E-05 9.98922E-05 9.98922E-05 0.825705 9.98922E-05 9.98922E-05 0.150999
9.9883E-05 9.9883E-05 9.9883E-05 0.0143451 9.9883E-05 9.9883E-05 0.95246 9.9883E-05 9.9883E-05 9.9883E-05 9.9883E-05 9.9883E-05 0.00418864 0.0277083 9.9883E-05 9.9883E-05 9.9883E-05
9.9883E-05 0.000403243 0.0156581 0.0160821 9.9883E-05 9.9883E-05 0.966558 9.9883E-05 9.9883E-05 9.9883E-05 9.9883E-05 9.9883E-05 9.9883E-05 9.9883E-05 9.9883E-05 9.9883E-05 9.9883E-05
9.98563E-05 9.98563E-05 9.98563E-05 9.98563E-05 9.98563E-05 9.98563E-05 9.98563E-05 9.98563E-05 9.98563E-05 9.98563E-05 9.98563E-05 0.998402 9.98563E-05 9.98563E-05 9.98563E-05 9.98563E-05 9.98563E-05
9.98563E-05 9.98563E-05 9.98563E-05 9.98563E-05 9.98563E-05 9.98563E-05 9.98563E-05 9.98563E-05 9.98563E-05 9.98563E-05 9.98563E-05 0.998402 9.98563E-05 9.98563E-05 9.98563E-05 9.98563E-05 9.98563E-05
0.249833 9.98739E-05 9.98739E-05 9.98739E-05 9.98739E-05 9.98739E-05 9.98739E-05 0.717526 9.98739E-05 9.98739E-05 9.98739E-05 9.98739E-05 0.0312426 9.98739E-05 9.98739E-05 9.98739E-05 9.98739E-05
0.233088 9.9883E-05 9.9883E-05 9.9883E-05 9.9883E-05 0.00785699 9.9883E-05 0.757183 9.9883E-05 9.9883E-05 0.000573313 9.9883E-05 9.9883E-05 9.9883E-05 9.9883E-05 9.9883E-05 9.9883E-05
9.98832E-05 0.0139438 9.98832E-05 0.0205043 9.98832E-05 9.98832E-05 9.98832E-05 9.98832E-05 9.98832E-05 9.98832E-05 9.98832E-05 0.959094 0.00515901 9.98832E-05 9.98832E-05 9.98832E-05 9.98832E-05
9.98563E-05 9.98563E-05 9.98563E-05 9.98563E-05 9.98563E-05 9.98563E-05 9.98563E-05 9.98563E-05 9.98563E-05 9.98563E-05 9.98563E-05 0.998402 9.98563E-05 9.98563E-05 9.98563E-05 9.98563E-05 9.98563E-05
9.98739E-05 9.98739E-05 9.98739E-05 9.98739E-05 9.98739E-05 9.98739E-05 0.00819695 9.98739E-05 9.98739E-05 9.98739E-05 0.0223036 9.98739E-05 9.98739E-05 9.98739E-05 9.98739E-05 0.968101 9.98739E-05
9.98919E-05 9.98919E-05 9.98919E-05 9.98919E-05 9.98919E-05 0.071649 0.0584069 0.712567 9.98919E-05 0.0263084 0.12987 9.98919E-05 9.98919E-05 9.98919E-05 9.98919E-05 9.98919E-05 9.98919E-05
9.9883E-05 9.9883E-05 0.0523557 9.9883E-05 0.0085065 9.9883E-05 9.9883E-05 9.9883E-05 9.9883E-05 9.9883E-05 0.0502261 9.9883E-05 0.887613 9.9883E-05 9.9883E-05 9.9883E-05 9.9883E-05
0.174042 9.99102E-05 9.99102E-05 0.041835 9.99102E-05 0.248642 9.99102E-05 9.99102E-05 9.99102E-05 0.15384 9.99102E-05 0.0695853 9.99102E-05 0.0554721 0.255584 9.99102E-05 9.99102E-05
9.99012E-05 9.99012E-05 9.99012E-05 9.99012E-05 9.99012E-05 0.275399 0.00334213 9.99012E-05 9.99012E-05 0.0673349 9.99012E-05 0.0996037 9.99012E-05 9.99012E-05 0.410954 0.142267 9.99012E-05
9.98561E-05 9.98561E-05 9.98561E-05 9.98561E-05 0.998402 9.98561E-05 9.98561E-05 9.98561E-05 9.98561E-05 9.98561E-05 9.98561E-05 9.98561E-05 9.98561E-05 9.98561E-05 9.98561E-05 9.98561E-05 9.98561E-05
