9.98828E-05 9.98828E-05 0.897981 0.0826131 9.98828E-05 0.00203254 9.98828E-05 9.98828E-05 9.98828E-05 9.98828E-05 0.0160746 9.98828E-05 9.98828E-05 9.98828E-05 9.98828E-05 9.98828E-05 9.98828E-05
9.99007E-05 0.00132124 0.115011 9.99007E-05 9.99007E-05 0.0122207 9.99007E-05 9.99007E-05 9.99007E-05 9.99007E-05 0.0510907 9.99007E-05 0.6207 9.99007E-05 9.99007E-05 9.99007E-05 0.198557
9.99019E-05 9.99019E-05 9.99019E-05 9.99019E-05 9.99019E-05 0.0524209 9.99019E-05 9.99019E-05 0.0452625 0.0678769 9.99019E-05 0.128835 9.99019E-05 0.0143053 9.99019E-05 9.99019E-05 0.6902
9.98829E-05 0.00886185 9.98829E-05 9.98829E-05 9.98829E-05 0.0338232 9.98829E-05 9.98829E-05 0.0433627 9.98829E-05 9.98829E-05 9.98829E-05 9.98829E-05 9.98829E-05 9.98829E-05 9.98829E-05 0.912654
9.99192E-05 9.99192E-05 0.000755309 0.123597 0.012495 9.99192E-05 0.0460347 0.058684 0.111338 9.99192E-05 9.99192E-05 9.99192E-05 0.281042 9.99192E-05 9.99192E-05 9.99192E-05 0.365154
0.0133513 9.9883E-05 9.9883E-05 9.9883E-05 9.9883E-05 9.9883E-05 9.9883E-05 9.9883E-05 0.0353958 9.9883E-05 9.9883E-05 0.0111494 9.9883E-05 9.9883E-05 9.9883E-05 9.9883E-05 0.938805
9.98833E-05 0.0603728 9.98833E-05 9.98833E-05 9.98833E-05 9.98833E-05 9.98833E-05 9.98833E-05 9.98833E-05 0.286562 9.98833E-05 0.0356275 0.616139 9.98833E-05 9.98833E-05 9.98833E-05 9.98833E-05
9.99099E-05 9.99099E-05 9.99099E-05 0.0609596 9.99099E-05 0.0340739 9.99099E-05 0.0879668 0.362654 9.99099E-05 9.99099E-05 0.32957 0.113811 9.99099E-05 9.99099E-05 9.99099E-05 0.00996507
9.98743E-05 0.0615738 9.98743E-05 9.98743E-05 9.98743E-05 9.98743E-05 9.98743E-05 9.98743E-05 9.98743E-05 0.178857 9.98743E-05 9.98743E-05 0.758171 9.98743E-05 9.98743E-05 9.98743E-05 9.98743E-05
9.98564E-05 9.98564E-05 9.98564E-05 0.998402 9.98564E-05 9.98564E-05 9.98564E-05 9.98564E-05 9.98564E-05 9.98564E-05 9.98564E-05 9.98564E-05 9.98564E-05 9.98564E-05 9.98564E-05 9.98564E-05 9.98564E-05
9.98564E-05 9.98564E-05 9.98564E-05 0.998402 9.98564E-05 9.98564E-05 9.98564E-05 9.98564E-05 9.98564E-05 9.98564E-05 9.98564E-05 9.98564E-05 9.98564E-05 9.98564E-05 9.98564E-05 9.98564E-05 9.98564E-05
9.9892E-05 9.9892E-05 0.676189 9.9892E-05 9.9892E-05 0.0967723 0.0519373 9.9892E-05 9.9892E-05 0.125177 9.9892E-05 9.9892E-05 9.9892E-05 9.9892E-05 0.0487256 9.9892E-05 9.9892E-05
0.0184714 9.98833E-05 9.98833E-05 9.98833E-05 9.98833E-05 9.98833E-05 9.98833E-05 9.98833E-05 0.0104807 0.950406 9.98833E-05 0.0193436 9.98833E-05 9.98833E-05 9.98833E-05 9.98833E-05 9.98833E-05
0.0130146 9.9892E-05 9.9892E-05 9.9892E-05 9.9892E-05 9.9892E-05 0.00325813 9.9892E-05 9.9892E-05 9.9892E-05 9.9892E-05 9.9892E-05 0.0119565 0.0268298 9.9892E-05 9.9892E-05 0.943742
9.9874E-05 9.9874E-05 9.9874E-05 0.00333028 0.0305309 9.9874E-05 9.9874E-05 9.9874E-05 9.9874E-05 9.9874E-05 9.9874E-05 9.9874E-05 9.9874E-05 9.9874E-05 9.9874E-05 9.9874E-05 0.964741
0.0535065 0.77781 9.9892E-05 0.000499987 9.9892E-05 9.9892E-05 0.0822444 9.9892E-05 9.9892E-05 0.0847405 9.9892E-05 9.9892E-05 9.9892E-05 9.9892E-05 9.9892E-05 9.9892E-05 9.9892E-05
9.9883E-05 9.9883E-05 9.9883E-05 0.0710974 0.00424927 9.9883E-05 9.9883E-05 9.9883E-05 9.9883E-05 9.9883E-05 0.919873 9.9883E-05 9.9883E-05 9.9883E-05 9.9883E-05 0.00348143 9.9883E-05
9.99009E-05 0.0550804 9.99009E-05 0.102162 9.99009E-05 0.0313593 9.99009E-05 0.0101941 9.99009E-05 9.99009E-05 0.0119016 9.99009E-05 9.99009E-05 0.788204 9.99009E-05 9.99009E-05 9.99009E-05
9.98651E-05 9.98651E-05 9.98651E-05 9.98651E-05 9.98651E-05 9.98651E-05 9.98651E-05 9.98651E-05 9.98651E-05 9.98651E-05 9.98651E-05 9.98651E-05 9.98651E-05 9.98651E-05 0.00851432 0.989988 9.98651E-05
0.0192237 0.31704 0.0425744 0.462699 9.99098E-05 0.0119864 0.128743 9.99098E-05 9.99098E-05 9.99098E-05 0.0167341 9.99098E-05 9.99098E-05 9.99098E-05 9.99098E-05 9.99098E-05 9.99098E-05
9.9874E-05 9.9874E-05 9.9874E-05 9.9874E-05 0.0266196 9.9874E-05 9.9874E-05 9.9874E-05 9.9874E-05 9.9874E-05 9.9874E-05 9.9874E-05 9.9874E-05 0.952791 9.9874E-05 0.0191911 9.9874E-05
0.0336482 0.253695 0.43614 0.125892 9.99099E-05 9.99099E-05 0.0460805 9.99099E-05 9.99099E-05 0.0594912 0.0440536 9.99099E-05 9.99099E-05 9.99099E-05 9.99099E-05 9.99099E-05 9.99099E-05
9.9856E-05 9.9856E-05 9.9856E-05 9.9856E-05 0.998402 9.9856E-05 9.9856E-05 9.9856E-05 9.9856E-05 9.9856E-05 9.9856E-05 9.9856E-05 9.9856E-05 9.9856E-05 9.9856E-05 9.9856E-05 9.9856E-05
0.0218847 9.9883E-05 9.9883E-05 9.9883E-05 0.0678785 9.9883E-05 9.9883E-05 9.9883E-05 9.9883E-05 9.9883E-05 9.9883E-05 9.9883E-05 9.9883E-05 0.0517246 9.9883E-05 0.857214 9.9883E-05
9.98653E-05 9.98653E-05 9.98653E-05 9.98653E-05 9.98653E-05 9.98653E-05 9.98653E-05 9.98653E-05 9.98653E-05 9.98653E-05 9.98653E-05 9.98653E-05 9.98653E-05 9.98653E-05 0.642627 9.98653E-05 0.355875
9.98741E-05 9.98741E-05 9.98741E-05 9.98741E-05 9.98741E-05 9.98741E-05 9.98741E-05 0.0131436 9.98741E-05 9.98741E-05 9.98741E-05 9.98741E-05 9.98741E-05 9.98741E-05 0.211524 9.98741E-05 0.773934
9.99188E-05 0.00971394 0.0729168 0.0570132 0.00403485 0.0757733 9.99188E-05 9.99188E-05 0.000939861 0.763669 0.01504 9.99188E-05 9.99188E-05 9.99188E-05 9.99188E-05 9.99188E-05 9.99188E-05
9.98561E-05 9.98561E-05 9.98561E-05 9.98561E-05 9.98561E-05 9.98561E-05 9.98561E-05 9.98561E-05 9.98561E-05 9.98561E-05 9.98561E-05 9.98561E-05 9.98561E-05 9.98561E-05 0.998402 9.98561E-05 9.98561E-05
9.98652E-05 9.98652E-05 9.98652E-05 0.00219534 9.98652E-05 9.98652E-05 9.98652E-05 9.98652E-05 9.98652E-05 9.98652E-05 9.98652E-05 9.98652E-05 9.98652E-05 9.98652E-05 0.996307 9.98652E-05 9.98652E-05
0.027082 9.99012E-05 0.011636 9.99012E-05 9.99012E-05 9.99012E-05 9.99012E-05 0.0523152 0.553891 9.99012E-05 9.99012E-05 9.99012E-05 9.99012E-05 9.99012E-05 0.13158 9.99012E-05 0.222397
9.98648E-05 9.98648E-05 9.98648E-05 9.98648E-05 9.98648E-05 9.98648E-05 9.98648E-05 9.98648E-05 0.924006 9.98648E-05 9.98648E-05 9.98648E-05 9.98648E-05 9.98648E-05 9.98648E-05 9.98648E-05 0.0744955
9.98564E-05 9.98564E-05 9.98564E-05 9.98564E-05 9.98564E-05 9.98564E-05 9.98564E-05 9.98564E-05 9.98564E-05 9.98564E-05 9.98564E-05 9.98564E-05 0.998402 9.98564E-05 9.98564E-05 9.98564E-05 9.98564E-05
9.98921E-05 9.98921E-05 9.98921E-05 9.98921E-05 9.98921E-05 9.98921E-05 9.98921E-05 9.98921E-05 0.00560157 9.98921E-05 0.010839 0.155933 9.98921E-05 9.98921E-05 0.285155 9.98921E-05 0.541273
9.99102E-05 9.99102E-05 9.99102E-05 9.99102E-05 0.00641376 0.0152995 9.99102E-05 0.733638 0.0062758 9.99102E-05 0.012503 0.201497 0.0233736 9.99102E-05 9.99102E-05 9.99102E-05 9.99102E-05
0.0576788 9.99187E-05 0.044001 0.0202682 9.99187E-05 0.112411 0.0180816 9.99187E-05 0.0703702 0.472059 0.20423 9.99187E-05 9.99187E-05 9.99187E-05 9.99187E-05 9.99187E-05 9.99187E-05
0.0146817 9.98919E-05 9.98919E-05 9.98919E-05 9.98919E-05 9.98919E-05 9.98919E-05 9.98919E-05 9.98919E-05 9.98919E-05 0.00469987 0.0368202 9.98919E-05 9.98919E-05 0.599524 9.98919E-05 0.343075
0.00723 9.98741E-05 0.966376 9.98741E-05 9.98741E-05 9.98741E-05 9.98741E-05 9.98741E-05 9.98741E-05 9.98741E-05 9.98741E-05 0.0249961 9.98741E-05 9.98741E-05 9.98741E-05 9.98741E-05 9.98741E-05
9.99008E-05 9.99008E-05 0.112583 0.600452 0.0364347 9.99008E-05 9.99008E-05 9.99008E-05 9.99008E-05 9.99008E-05 0.0307294 0.0913897 0.127313 9.99008E-05 9.99008E-05 9.99008E-05 9.99008E-05
9.98651E-05 9.98651E-05 9.98651E-05 9.98651E-05 9.98651E-05 9.98651E-05 9.98651E-05 9.98651E-05 9.98651E-05 9.98651E-05 0.988143 0.0103594 9.98651E-05 9.98651E-05 9.98651E-05 9.98651E-05 9.98651E-05
9.99101E-05 0.336669 0.20578 0.171992 9.99101E-05 9.99101E-05 0.0245618 9.99101E-05 9.99101E-05 9.99101E-05 0.125657 9.99101E-05 9.99101E-05 0.010358 9.99101E-05 0.00169718 0.122385
9.99008E-05 0.331783 0.258291 0.234965 9.99008E-05 9.99008E-05 9.99008E-05 9.99008E-05 9.99008E-05 9.99008E-05 0.0704828 9.99008E-05 9.99008E-05 0.022363 9.99008E-05 9.99008E-05 0.0810157
9.9892E-05 0.00236865 0.0487454 0.900744 9.9892E-05 9.9892E-05 9.9892E-05 9.9892E-05 9.9892E-05 9.9892E-05 0.015643 9.9892E-05 9.9892E-05 9.9892E-05 9.9892E-05 0.0313 9.9892E-05
9.98741E-05 0.921459 9.98741E-05 0.0011119 9.98741E-05 9.98741E-05 9.98741E-05 9.98741E-05 9.98741E-05 0.076031 9.98741E-05 9.98741E-05 9.98741E-05 9.98741E-05 9.98741E-05 9.98741E-05 9.98741E-05
0.0871876 9.99009E-05 0.0139728 0.844767 9.99009E-05 9.99009E-05 0.0379214 9.99009E-05 0.00162183 9.99009E-05 0.0134309 9.99009E-05 9.99009E-05 9.99009E-05 9.99009E-05 9.99009E-05 9.99009E-05
0.227925 0.142777 0.0711166 0.230094 0.157175 0.0244786 9.99278E-05 9.99278E-05 9.99278E-05 0.107659 9.99278E-05 9.99278E-05 0.0068089 9.99278E-05 9.99278E-05 0.0311673 9.99278E-05
0.224807 0.193566 0.129324 0.354506 9.99189E-05 9.99189E-05 9.99189E-05 9.99189E-05 0.051129 9.99189E-05 9.99189E-05 0.00792782 9.99189E-05 0.0263051 9.99189E-05 9.99189E-05 0.0115357
0.409106 9.99099E-05 0.217175 0.136986 9.99099E-05 9.99099E-05 9.99099E-05 9.99099E-05 0.113054 0.0410054 0.0788091 9.99099E-05 9.99099E-05 9.99099E-05 9.99099E-05 9.99099E-05 0.00286503
9.98659E-05 9.98659E-05 0.991263 9.98659E-05 0.00723937 9.98659E-05 9.98659E-05 9.98659E-05 9.98659E-05 9.98659E-05 9.98659E-05 9.98659E-05 9.98659E-05 9.98659E-05 9.98659E-05 9.98659E-05 9.98659E-05
9.98563E-05 9.98563E-05 9.98563E-05 9.98563E-05 9.98563E-05 9.98563E-05 9.98563E-05 0.998402 9.98563E-05 9.98563E-05 9.98563E-05 9.98563E-05 9.98563E-05 9.98563E-05 9.98563E-05 9.98563E-05 9.98563E-05
0.00347246 9.98652E-05 9.98652E-05 9.98652E-05 9.98652E-05 9.98652E-05 9.98652E-05 0.99503 9.98652E-05 9.98652E-05 9.98652E-05 9.98652E-05 9.98652E-05 9.98652E-05 9.98652E-05 9.98652E-05 9.98652E-05
9.98653E-05 9.98653E-05 9.98653E-05 9.98653E-05 9.98653E-05 9.98653E-05 0.00576262 0.992739 9.98653E-05 9.98653E-05 9.98653E-05 9.98653E-05 9.98653E-05 9.98653E-05 9.98653E-05 9.98653E-05 9.98653E-05
9.98653E-05 9.98653E-05 9.98653E-05 9.98653E-05 9.98653E-05 9.98653E-05 9.98653E-05 0.993364 9.98653E-05 9.98653E-05 9.98653E-05 9.98653E-05 9.98653E-05 0.00513784 9.98653E-05 9.98653E-05 9.98653E-05
9.98651E-05 9.98651E-05 9.98651E-05 9.98651E-05 9.98651E-05 9.98651E-05 9.98651E-05 0.991803 0.00669879 9.98651E-05 9.98651E-05 9.98651E-05 9.98651E-05 9.98651E-05 9.98651E-05 9.98651E-05 9.98651E-05
9.99101E-05 0.0552394 9.99101E-05 9.99101E-05 0.113791 9.99101E-05 9.99101E-05 0.312341 0.244853 9.99101E-05 9.99101E-05 0.169211 0.0861864 9.99101E-05 9.99101E-05 9.99101E-05 0.0173792
9.98831E-05 9.98831E-05 0.0160444 9.98831E-05 9.98831E-05 0.0223439 9.98831E-05 0.925296 9.98831E-05 9.98831E-05 9.98831E-05 9.98831E-05 0.0350171 9.98831E-05 9.98831E-05 9.98831E-05 9.98831E-05
9.98737E-05 0.151964 0.753473 9.98737E-05 9.98737E-05 9.98737E-05 0.0931647 9.98737E-05 9.98737E-05 9.98737E-05 9.98737E-05 9.98737E-05 9.98737E-05 9.98737E-05 9.98737E-05 9.98737E-05 9.98737E-05
9.98917E-05 9.98917E-05 9.98917E-05 9.98917E-05 9.98917E-05 0.0260727 0.004281 0.0571646 9.98917E-05 9.98917E-05 9.98917E-05 9.98917E-05 0.844256 9.98917E-05 0.0670266 9.98917E-05 9.98917E-05
9.98739E-05 9.98739E-05 9.98739E-05 9.98739E-05 9.98739E-05 9.98739E-05 9.98739E-05 9.98739E-05 9.98739E-05 9.98739E-05 0.00894402 9.98739E-05 9.98739E-05 9.98739E-05 0.415586 9.98739E-05 0.574072
9.9892E-05 0.0977143 0.0167798 9.9892E-05 9.9892E-05 0.0204484 0.0698158 9.9892E-05 9.9892E-05 0.794043 9.9892E-05 9.9892E-05 9.9892E-05 9.9892E-05 9.9892E-05 9.9892E-05 9.9892E-05
0.0343332 0.912603 9.98834E-05 9.98834E-05 9.98834E-05 9.98834E-05 0.0409558 9.98834E-05 9.98834E-05 0.0108099 9.98834E-05 9.98834E-05 9.98834E-05 9.98834E-05 9.98834E-05 9.98834E-05 9.98834E-05
9.98655E-05 9.98655E-05 9.98655E-05 9.98655E-05 9.98655E-05 9.98655E-05 9.98655E-05 9.98655E-05 9.98655E-05 0.98388 9.98655E-05 0.0146217 9.98655E-05 9.98655E-05 9.98655E-05 9.98655E-05 9.98655E-05
0.00948073 0.00568637 9.98829E-05 0.103551 9.98829E-05 9.98829E-05 9.98829E-05 9.98829E-05 9.98829E-05 0.879984 9.98829E-05 9.98829E-05 9.98829E-05 9.98829E-05 9.98829E-05 9.98829E-05 9.98829E-05
0.0320535 9.99007E-05 9.99007E-05 0.0620942 9.99007E-05 0.0470752 0.0562574 9.99007E-05 9.99007E-05 0.787684 9.99007E-05 9.99007E-05 9.99007E-05 9.99007E-05 9.99007E-05 0.0137368 9.99007E-05
0.00433028 9.98743E-05 0.00629007 9.98743E-05 9.98743E-05 9.98743E-05 9.98743E-05 9.98743E-05 9.98743E-05 9.98743E-05 9.98743E-05 9.98743E-05 9.98743E-05 0.987981 9.98743E-05 9.98743E-05 9.98743E-05
9.98657E-05 9.98657E-05 9.98657E-05 9.98657E-05 9.98657E-05 9.98657E-05 9.98657E-05 9.98657E-05 9.98657E-05 9.98657E-05 9.98657E-05 9.98657E-05 9.98657E-05 9.98657E-05 0.709343 9.98657E-05 0.289159
9.99551E-05 0.0337692 0.110737 0.120544 9.99551E-05 0.0330075 0.023583 0.0402142 9.99551E-05 0.0716954 0.126058 9.99551E-05 0.127037 9.99551E-05 0.116434 0.0151032 0.181318
9.98743E-05 9.98743E-05 9.98743E-05 9.98743E-05 9.98743E-05 9.98743E-05 9.98743E-05 9.98743E-05 9.98743E-05 0.0227263 9.98743E-05 0.135062 9.98743E-05 9.98743E-05 9.98743E-05 9.98743E-05 0.840813
9.99009E-05 9.99009E-05 0.0106455 9.99009E-05 9.99009E-05 9.99009E-05 9.99009E-05 0.0411162 0.0671918 9.99009E-05 0.0171619 9.99009E-05 9.99009E-05 9.99009E-05 0.168406 9.99009E-05 0.69438
9.98562E-05 9.98562E-05 9.98562E-05 9.98562E-05 9.98562E-05 9.98562E-05 9.98562E-05 9.98562E-05 9.98562E-05 9.98562E-05 9.98562E-05 9.98562E-05 9.98562E-05 9.98562E-05 0.998402 9.98562E-05 9.98562E-05
9.98742E-05 9.98742E-05 9.98742E-05 9.98742E-05 9.98742E-05 9.98742E-05 9.98742E-05 9.98742E-05 9.98742E-05 9.98742E-05 9.98742E-05 9.98742E-05 0.00603252 9.98742E-05 0.977258 0.0153116 9.98742E-05
9.99012E-05 9.99012E-05 9.99012E-05 0.0293308 9.99012E-05 9.99012E-05 0.00679369 9.99012E-05 0.213927 9.99012E-05 9.99012E-05 9.99012E-05 0.0224291 9.99012E-05 0.116669 9.99012E-05 0.609751
9.98919E-05 9.98919E-05 9.98919E-05 9.98919E-05 9.98919E-05 9.98919E-05 0.00202348 9.98919E-05 9.98919E-05 9.98919E-05 0.0190558 0.00252336 9.98919E-05 9.98919E-05 0.50506 9.98919E-05 0.470138
9.9874E-05 9.9874E-05 9.9874E-05 9.9874E-05 9.9874E-05 9.9874E-05 9.9874E-05 0.029297 9.9874E-05 9.9874E-05 9.9874E-05 0.963039 9.9874E-05 9.9874E-05 9.9874E-05 9.9874E-05 0.00626574
9.9865E-05 9.9865E-05 9.9865E-05 9.9865E-05 9.9865E-05 9.9865E-05 9.9865E-05 9.9865E-05 9.9865E-05 0.0173422 9.9865E-05 0.98116 9.9865E-05 9.9865E-05 9.9865E-05 9.9865E-05 9.9865E-05
9.98741E-05 9.98741E-05 9.98741E-05 9.98741E-05 9.98741E-05 9.98741E-05 9.98741E-05 0.0433707 9.98741E-05 9.98741E-05 9.98741E-05 9.98741E-05 9.98741E-05 9.98741E-05 0.132093 9.98741E-05 0.823138
9.9892E-05 0.950341 9.9892E-05 9.9892E-05 0.00168145 0.0033603 9.9892E-05 0.0165444 9.9892E-05 9.9892E-05 9.9892E-05 0.0268744 9.9892E-05 9.9892E-05 9.9892E-05 9.9892E-05 9.9892E-05
9.98649E-05 0.981421 9.98649E-05 9.98649E-05 9.98649E-05 9.98649E-05 9.98649E-05 0.0170806 9.98649E-05 9.98649E-05 9.98649E-05 9.98649E-05 9.98649E-05 9.98649E-05 9.98649E-05 9.98649E-05 9.98649E-05
9.98742E-05 9.98742E-05 0.000162421 9.98742E-05 9.98742E-05 0.984509 0.0139304 9.98742E-05 9.98742E-05 9.98742E-05 9.98742E-05 9.98742E-05 9.98742E-05 9.98742E-05 9.98742E-05 9.98742E-05 9.98742E-05
9.98743E-05 9.98743E-05 9.98743E-05 9.98743E-05 9.98743E-05 0.988896 0.00904388 9.98743E-05 9.98743E-05 9.98743E-05 9.98743E-05 9.98743E-05 9.98743E-05 0.000661903 9.98743E-05 9.98743E-05 9.98743E-05
9.99189E-05 0.116148 0.0340147 0.791567 9.99189E-05 9.99189E-05 9.99189E-05 9.99189E-05 9.99189E-05 0.0214025 9.99189E-05 0.00533833 0.0134541 0.00643551 9.99189E-05 9.99189E-05 0.0107402
9.99009E-05 0.0571833 0.0239212 0.787521 9.99009E-05 9.99009E-05 9.99009E-05 9.99009E-05 9.99009E-05 0.0863053 9.99009E-05 9.99009E-05 0.00746068 9.99009E-05 0.0365099 9.99009E-05 9.99009E-05
9.98832E-05 0.00996125 9.98832E-05 9.98832E-05 0.020853 0.952668 9.98832E-05 9.98832E-05 9.98832E-05 9.98832E-05 9.98832E-05 0.015219 9.98832E-05 9.98832E-05 9.98832E-05 9.98832E-05 9.98832E-05
9.98563E-05 9.98563E-05 9.98563E-05 9.98563E-05 9.98563E-05 0.998402 9.98563E-05 9.98563E-05 9.98563E-05 9.98563E-05 9.98563E-05 9.98563E-05 9.98563E-05 9.98563E-05 9.98563E-05 9.98563E-05 9.98563E-05
9.98829E-05 9.98829E-05 0.95553 9.98829E-05 9.98829E-05 9.98829E-05 0.0123887 0.0198919 9.98829E-05 0.0108905 9.98829E-05 9.98829E-05 9.98829E-05 9.98829E-05 9.98829E-05 9.98829E-05 9.98829E-05
9.9919E-05 0.501602 0.0284647 0.125396 9.9919E-05 9.9919E-05 0.0483344 9.9919E-05 9.9919E-05 0.137093 9.9919E-05 9.9919E-05 0.0804405 0.0402235 9.9919E-05 0.0375464 9.9919E-05
0.00880207 9.98738E-05 9.98738E-05 9.98738E-05 9.98738E-05 9.98738E-05 9.98738E-05 0.0337755 9.98738E-05 9.98738E-05 9.98738E-05 9.98738E-05 0.956024 9.98738E-05 9.98738E-05 9.98738E-05 9.98738E-05
0.998402 9.98558E-05 9.98558E-05 9.98558E-05 9.98558E-05 9.98558E-05 9.98558E-05 9.98558E-05 9.98558E-05 9.98558E-05 9.98558E-05 9.98558E-05 9.98558E-05 9.98558E-05 9.98558E-05 9.98558E-05 9.98558E-05
9.98561E-05 9.98561E-05 9.98561E-05 9.98561E-05 9.98561E-05 9.98561E-05 0.998402 9.98561E-05 9.98561E-05 9.98561E-05 9.98561E-05 9.98561E-05 9.98561E-05 9.98561E-05 9.98561E-05 9.98561E-05 9.98561E-05
9.98561E-05 9.98561E-05 9.98561E-05 9.98561E-05 9.98561E-05 9.98561E-05 9.98561E-05 9.98561E-05 0.998402 9.98561E-05 9.98561E-05 9.98561E-05 9.98561E-05 9.98561E-05 9.98561E-05 9.98561E-05 9.98561E-05
