0.950543 0.049257 9.9982E-05 9.9982E-05
0.466528 9.9982E-05 9.9982E-05 0.533272
9.999E-05 0.0687808 0.0366616 0.894458
9.9982E-05 0.0302631 9.9982E-05 0.969537
0.263762 0.0226046 9.9991E-05 0.713533
9.9982E-05 0.00170476 9.9982E-05 0.998095
0.693861 9.99821E-05 9.99821E-05 0.305939
0.146449 0.0377528 9.9991E-05 0.815698
0.683611 9.99821E-05 9.99821E-05 0.316189
0.791311 0.161988 9.9991E-05 0.0466009
0.865869 0.133931 9.9982E-05 9.9982E-05
0.768391 0.183589 9.9991E-05 0.0479198
0.923678 0.0207112 9.99911E-05 0.055511
9.999E-05 0.022569 0.0163895 0.960942
9.999E-05 0.00325805 0.0132478 0.983394
0.902117 0.0403352 9.9991E-05 0.0574474
0.498055 0.414613 0.0872327 9.9991E-05
0.225808 0.000831213 0.736684 0.0366767
9.9982E-05 0.106611 0.893189 9.9982E-05
0.832024 0.159156 9.9991E-05 0.00871951
9.998E-05 9.998E-05 0.9997 9.998E-05
0.936287 0.0635127 9.9982E-05 9.9982E-05
0.0852748 0.430253 0.434421 0.0500512
9.9982E-05 0.0792611 0.920539 9.9982E-05
9.998E-05 9.998E-05 9.998E-05 0.9997
9.998E-05 9.998E-05 9.998E-05 0.9997
0.907495 0.092305 9.9982E-05 9.9982E-05
9.998E-05 9.998E-05 9.998E-05 0.9997
9.998E-05 9.998E-05 9.998E-05 0.9997
0.0145137 0.0543439 0.0326574 0.898485
9.9991E-05 0.0571615 0.000722012 0.942016
0.415184 9.99911E-05 0.0271076 0.557609
9.998E-05 9.998E-05 9.998E-05 0.9997
0.168954 0.00827778 9.9991E-05 0.822669
0.673348 0.263387 9.9991E-05 0.0631656
9.998E-05 9.998E-05 9.998E-05 0.9997
0.923601 0.0250051 9.9991E-05 0.0512939
0.76346 0.0329918 0.0404871 0.163061
0.355836 0.4271 0.0500263 0.167038
0.789279 0.0834102 0.00618246 0.121128
0.821878 0.107901 9.9991E-05 0.0701215
0.859278 0.112367 0.0282555 9.9991E-05
0.98608 9.9982E-05 9.9982E-05 0.0137203
0.822071 0.177729 9.9982E-05 9.9982E-05
0.704777 0.181313 0.113809 9.9991E-05
0.748842 0.111675 0.0433383 0.0961445
0.694615 0.140187 9.9991E-05 0.165098
0.940679 0.00446349 0.0547573 9.99911E-05
0.117449 0.0151124 0.0462994 0.82114
0.12936 9.9991E-05 0.0670564 0.803484
0.140565 9.9991E-05 0.0416949 0.81764
0.114187 9.9991E-05 0.0524567 0.833257
0.154175 9.9991E-05 0.0247068 0.821018
0.239154 9.9991E-05 0.0622842 0.698462
0.198073 9.9991E-05 0.0238991 0.777927
0.9997 9.998E-05 9.998E-05 9.998E-05
0.447227 9.9982E-05 9.9982E-05 0.552573
9.998E-05 9.998E-05 9.998E-05 0.9997
0.945063 0.0547374 9.99821E-05 9.99821E-05
0.877396 0.039966 9.9991E-05 0.0825385
0.989094 9.99821E-05 0.0107062 9.99821E-05
0.991787 0.00801302 9.9982E-05 9.9982E-05
0.890741 0.104842 0.00431714 9.9991E-05
0.0876739 9.99821E-05 0.912126 9.99821E-05
9.998E-05 9.998E-05 9.998E-05 0.9997
0.464175 0.109078 0.032334 0.394412
9.998E-05 9.998E-05 9.998E-05 0.9997
9.998E-05 9.998E-05 9.998E-05 0.9997
9.998E-05 9.998E-05 9.998E-05 0.9997
9.9982E-05 9.9982E-05 0.00393542 0.995865
0.00968079 0.0157005 9.9991E-05 0.974519
9.998E-05 9.998E-05 9.998E-05 0.9997
0.0642966 9.99821E-05 9.99821E-05 0.935503
0.136907 9.99911E-05 0.019552 0.843441
9.998E-05 9.998E-05 9.998E-05 0.9997
0.749683 0.0921339 9.9991E-05 0.158084
0.806857 0.0680967 9.9991E-05 0.124946
9.998E-05 0.9997 9.998E-05 9.998E-05
9.998E-05 0.9997 9.998E-05 9.998E-05
0.821008 0.113572 0.00316637 0.0622541
0.914041 0.0734233 0.00154624 0.0109893
9.998E-05 0.9997 9.998E-05 9.998E-05
9.998E-05 0.9997 9.998E-05 9.998E-05
0.9997 9.998E-05 9.998E-05 9.998E-05
0.906028 9.9991E-05 0.0654268 0.0284452
0.448331 9.9982E-05 9.9982E-05 0.551469
0.482424 0.306702 0.138606 0.0722687
0.580753 0.333465 0.085682 9.9991E-05
9.9991E-05 0.0477759 0.0614818 0.890642
