0.921449 0.0465157 9.9991E-05 0.000999411 0.0309357
0.379053 0.015157 9.9991E-05 0.302709 0.302981
9.999E-05 0.0936229 0.0365447 0.814033 0.0556991
9.9973E-05 0.0453298 9.9973E-05 0.95437 9.9973E-05
0.280547 9.99821E-05 9.99821E-05 0.4425 0.276753
9.9982E-05 0.0258199 0.00528361 0.968696 9.9982E-05
0.603261 9.99821E-05 9.99821E-05 0.0457441 0.350795
0.039051 0.062162 9.9991E-05 0.420822 0.477865
0.541357 9.99821E-05 9.99821E-05 0.0522506 0.406192
0.716592 0.135644 9.9982E-05 9.9982E-05 0.147564
0.781626 0.0968175 9.9982E-05 9.9982E-05 0.121357
0.78573 0.14737 9.9982E-05 0.0666997 9.9982E-05
0.966389 0.00590827 9.99821E-05 0.0275025 9.99821E-05
9.9982E-05 0.0116619 0.0176333 0.970505 9.9982E-05
9.9982E-05 0.013794 0.0334387 0.952567 9.9982E-05
0.925494 0.0133306 9.9982E-05 9.9982E-05 0.0609756
0.54128 0.386651 0.0718694 9.9982E-05 9.9982E-05
0.179786 9.9982E-05 0.718893 9.9982E-05 0.101121
9.9973E-05 0.0887757 0.910924 9.9973E-05 9.9973E-05
0.818494 0.175445 9.9982E-05 9.9982E-05 0.00586147
9.997E-05 9.997E-05 0.9996 9.997E-05 9.997E-05
0.956555 0.0376456 9.9982E-05 0.00559949 9.9982E-05
0.127018 0.398106 0.403087 0.0197222 0.0520666
9.9973E-05 0.090012 0.909688 9.9973E-05 9.9973E-05
9.9973E-05 9.9973E-05 9.9973E-05 0.99311 0.0065901
9.997E-05 9.997E-05 9.997E-05 0.9996 9.997E-05
0.920105 0.0795953 9.9973E-05 9.9973E-05 9.9973E-05
9.9973E-05 9.9973E-05 9.9973E-05 0.941425 0.0582753
9.9973E-05 9.9973E-05 9.9973E-05 0.913107 0.0865934
9.9991E-05 0.0295215 0.0189716 0.645125 0.306282
9.9982E-05 0.0786433 9.9982E-05 0.625615 0.295541
0.272709 9.99821E-05 9.99821E-05 0.112962 0.614129
9.997E-05 9.997E-05 9.997E-05 0.9996 9.997E-05
9.9982E-05 0.00689968 9.9982E-05 0.0855168 0.907384
0.688306 0.239306 9.9982E-05 0.0721884 9.9982E-05
0.00328708 0.0109271 9.9982E-05 0.985586 9.9982E-05
0.877778 0.0225223 9.99821E-05 0.0995001 9.99821E-05
0.716356 0.0368261 0.0317668 0.00967007 0.205381
0.380655 0.399138 0.0518592 0.168248 9.9991E-05
0.788466 0.0362426 0.0226404 0.152551 9.9991E-05
0.770338 0.0780035 0.011736 0.109958 0.0299644
0.842524 0.099763 0.0320074 9.9991E-05 0.0256057
0.922388 9.9973E-05 9.9973E-05 9.9973E-05 0.0773122
0.769353 0.149532 0.0102939 9.9991E-05 0.070722
0.622129 0.214628 0.106996 9.9991E-05 0.0561469
0.708276 0.089766 0.0560552 0.0733061 0.0725963
0.706826 0.118343 9.9991E-05 0.115263 0.0594683
0.926349 9.99822E-05 0.0506448 9.99822E-05 0.0228064
9.997E-05 9.997E-05 9.997E-05 9.997E-05 0.9996
9.997E-05 9.997E-05 9.997E-05 9.997E-05 0.9996
9.997E-05 9.997E-05 9.997E-05 9.997E-05 0.9996
9.997E-05 9.997E-05 9.997E-05 9.997E-05 0.9996
9.997E-05 9.997E-05 9.997E-05 9.997E-05 0.9996
0.118855 0.0272119 0.0127351 0.243895 0.597303
9.99729E-05 0.00380681 9.99729E-05 9.99729E-05 0.995893
0.9996 9.997E-05 9.997E-05 9.997E-05 9.997E-05
0.311149 0.0114504 9.9991E-05 0.0949871 0.582313
9.997E-05 9.997E-05 9.997E-05 0.9996 9.997E-05
0.951129 0.0485713 9.99731E-05 9.99731E-05 9.99731E-05
0.924435 0.00803318 9.9982E-05 0.0673322 9.9982E-05
0.995848 9.99732E-05 0.00385162 9.99732E-05 9.99732E-05
0.9996 9.997E-05 9.997E-05 9.997E-05 9.997E-05
0.889253 0.0772856 0.0332613 9.9982E-05 9.9982E-05
0.0196437 9.99821E-05 0.977029 9.99821E-05 0.00312776
9.997E-05 9.997E-05 9.997E-05 0.9996 9.997E-05
0.500293 0.0788222 0.0524924 0.257566 0.110826
0.0135863 9.99731E-05 9.99731E-05 0.986114 9.99731E-05
0.00224833 9.9982E-05 9.9982E-05 0.951191 0.046361
0.0118024 9.9982E-05 9.9982E-05 0.906942 0.0810561
9.9982E-05 9.9982E-05 0.000208448 0.933586 0.0660054
0.0131894 0.0335657 9.9991E-05 0.92482 0.0283245
9.9991E-05 0.00743661 0.000700783 0.989665 0.00209798
9.99732E-05 9.99732E-05 9.99732E-05 0.531636 0.468065
0.0823045 9.99911E-05 0.0158887 0.545584 0.356122
9.9973E-05 0.016096 9.9973E-05 0.983604 9.9973E-05
0.722564 0.0948954 9.9991E-05 0.0398919 0.142548
0.722928 0.0792713 9.9991E-05 0.0497261 0.147975
9.997E-05 0.9996 9.997E-05 9.997E-05 9.997E-05
9.997E-05 0.9996 9.997E-05 9.997E-05 9.997E-05
0.773626 0.0784614 0.00737522 9.9991E-05 0.140437
0.831348 0.0642943 0.0185371 9.9991E-05 0.0857205
9.997E-05 0.9996 9.997E-05 9.997E-05 9.997E-05
9.997E-05 0.9996 9.997E-05 9.997E-05 9.997E-05
0.938541 9.9973E-05 9.9973E-05 9.9973E-05 0.0611588
0.886186 9.9991E-05 0.0551259 0.00683975 0.0517487
0.297767 9.9982E-05 9.9982E-05 0.0810993 0.620934
0.48197 0.309017 0.150862 0.058051 9.9991E-05
0.622544 0.307636 0.0696202 9.99821E-05 9.99821E-05
9.9991E-05 0.0626469 0.0261684 0.578282 0.332803
