0.0599921 0.00394228 0.936066
0.354841 0.288155 0.357004
0.000297388 0.839433 0.160269
9.999E-05 0.9998 9.999E-05
0.340524 0.43998 0.219496
9.999E-05 0.978193 0.0217066
0.557108 9.99911E-05 0.442792
0.528052 0.427066 0.0448813
0.581596 9.9991E-05 0.418304
0.184201 9.9991E-05 0.815699
0.183456 9.9991E-05 0.816444
9.9991E-05 0.124131 0.875769
9.9991E-05 0.0833279 0.916572
9.9991E-05 0.9826 0.0173001
9.9991E-05 0.995262 0.00463848
0.128776 0.0389399 0.832284
9.9991E-05 0.0578946 0.942005
0.027015 9.99911E-05 0.972885
9.999E-05 9.999E-05 0.9998
0.0932144 9.9991E-05 0.906686
9.999E-05 9.999E-05 0.9998
0.0233988 0.0199956 0.956606
0.0298863 0.0280641 0.94205
9.999E-05 9.999E-05 0.9998
9.999E-05 0.9998 9.999E-05
9.999E-05 0.9998 9.999E-05
0.0117846 0.0027127 0.985503
0.0744404 0.92546 9.9991E-05
0.134747 0.865153 9.9991E-05
0.248122 0.723358 0.0285199
0.326448 0.673452 9.9991E-05
0.705598 0.0840124 0.21039
9.999E-05 0.9998 9.999E-05
0.928307 0.071593 9.9991E-05
9.9991E-05 0.120035 0.879865
9.9991E-05 0.985995 0.0139046
9.9991E-05 0.127073 0.872827
0.218192 0.0111821 0.770626
9.9991E-05 0.195412 0.804488
9.99909E-05 0.181942 0.817958
9.99909E-05 0.146391 0.853509
0.0867007 9.99909E-05 0.913199
0.162268 9.9991E-05 0.837632
0.115122 9.99909E-05 0.884778
0.094289 9.9991E-05 0.905611
0.144696 0.0489265 0.806377
0.0943419 0.12541 0.780248
0.0476377 9.99911E-05 0.952262
0.9998 9.999E-05 9.999E-05
0.9998 9.999E-05 9.999E-05
0.9998 9.999E-05 9.999E-05
0.9998 9.999E-05 9.999E-05
0.9998 9.999E-05 9.999E-05
0.639892 0.205492 0.154616
0.9998 9.999E-05 9.999E-05
0.0620379 9.9991E-05 0.937862
0.683186 0.0504628 0.266352
9.999E-05 0.9998 9.999E-05
0.0387754 0.0333835 0.927841
0.0893503 0.0874017 0.823248
0.027646 0.000554432 0.9718
9.9991E-05 0.0270547 0.972845
9.999E-05 9.999E-05 0.9998
9.999E-05 9.999E-05 0.9998
0.0220589 0.977841 9.9991E-05
0.252344 0.267252 0.480404
0.0184599 0.98144 9.9991E-05
0.00891553 0.990984 9.9991E-05
0.0930002 0.9069 9.9991E-05
0.101533 0.898367 9.9991E-05
0.0492119 0.945837 0.00495093
9.999E-05 0.9998 9.999E-05
0.541338 0.458562 9.99911E-05
0.455884 0.489326 0.0547895
9.999E-05 0.9998 9.999E-05
0.212372 0.0964292 0.691199
0.24673 0.0274207 0.725849
9.9991E-05 0.117427 0.882473
9.9991E-05 0.141835 0.858065
0.176899 9.99909E-05 0.823001
0.151468 9.99909E-05 0.848432
9.9991E-05 0.107994 0.891906
9.9991E-05 0.123637 0.876263
0.0934912 9.9991E-05 0.906409
0.115939 9.9991E-05 0.883961
0.720691 0.0677646 0.211545
9.9991E-05 0.11368 0.88622
9.9991E-05 0.0254423 0.974458
0.440577 0.559323 9.99911E-05
