0.222941 9.9964E-05 9.9964E-05 9.9964E-05 0.776659 9.9964E-05
9.9973E-05 0.322025 9.9973E-05 0.211534 0.466141 9.9973E-05
0.0680082 0.754895 0.0152806 0.0994719 9.99911E-05 0.0622443
9.9964E-05 0.976083 9.9964E-05 9.9964E-05 9.9964E-05 0.023517
9.99731E-05 0.447818 9.99731E-05 0.188082 0.363801 9.99731E-05
9.9964E-05 0.998107 0.00149272 9.9964E-05 9.9964E-05 9.9964E-05
0.465811 9.99732E-05 9.99732E-05 0.38352 0.150369 9.99732E-05
9.9982E-05 0.397578 9.9982E-05 0.423024 0.135296 0.043902
0.333571 9.99731E-05 9.99731E-05 0.423921 0.242208 9.99731E-05
9.99731E-05 9.99731E-05 9.99731E-05 0.036914 0.954014 0.00877225
9.99731E-05 9.99731E-05 9.99731E-05 0.0349537 0.939345 0.0254011
0.445202 0.0461896 9.9982E-05 9.9982E-05 0.382509 0.125899
0.9995 9.996E-05 9.996E-05 9.996E-05 9.996E-05 9.996E-05
0.0089118 0.965922 0.0169033 9.9982E-05 9.9982E-05 0.00806328
9.9964E-05 0.951949 9.9964E-05 9.9964E-05 0.0476509 9.9964E-05
0.341395 0.00153681 9.9982E-05 0.0365112 0.620357 9.9982E-05
0.206751 9.9982E-05 0.0696894 9.9982E-05 0.338741 0.384619
9.99729E-05 9.99729E-05 0.747255 0.0343003 0.218145 9.99729E-05
9.9964E-05 9.9964E-05 0.922685 9.9964E-05 9.9964E-05 0.0769152
0.0433983 9.9973E-05 9.9973E-05 9.9973E-05 0.854196 0.102106
9.9964E-05 0.0158813 0.983719 9.9964E-05 9.9964E-05 9.9964E-05
0.233882 9.9964E-05 9.9964E-05 9.9964E-05 0.765718 9.9964E-05
9.9982E-05 9.9982E-05 0.408625 0.0114382 0.201658 0.378079
9.99639E-05 9.99639E-05 0.886674 9.99639E-05 9.99639E-05 0.112926
9.99641E-05 0.973596 9.99641E-05 0.0260038 9.99641E-05 9.99641E-05
9.996E-05 0.9995 9.996E-05 9.996E-05 9.996E-05 9.996E-05
0.866086 9.99729E-05 9.99729E-05 9.99729E-05 0.0972723 0.036342
9.9964E-05 0.917604 9.9964E-05 0.0819958 9.9964E-05 9.9964E-05
0.00370611 0.878995 9.9973E-05 0.116999 9.9973E-05 9.9973E-05
9.9982E-05 0.659771 0.0337803 0.284137 9.9982E-05 0.0221124
9.9982E-05 0.652716 0.00628949 0.277655 9.9982E-05 0.0631402
9.99732E-05 0.128323 9.99732E-05 0.519953 0.351423 9.99732E-05
9.99641E-05 0.989372 9.99641E-05 9.99641E-05 9.99641E-05 0.0102281
9.9973E-05 0.0689811 9.9973E-05 0.912306 9.9973E-05 0.0184126
0.611054 0.03898 9.99819E-05 9.99819E-05 0.110083 0.239683
0.00132561 0.990749 9.9973E-05 9.9973E-05 9.9973E-05 0.00762535
0.289861 0.0658843 9.99821E-05 9.99821E-05 0.642433 0.00162216
9.9982E-05 0.0654849 0.0355775 0.0763967 0.822341 9.9982E-05
0.18429 0.129607 0.0564474 9.9991E-05 0.198777 0.430778
9.9973E-05 0.107198 9.9973E-05 9.9973E-05 0.875831 0.0166715
9.9982E-05 0.0686151 0.000664962 9.9982E-05 0.921447 0.00907313
9.9973E-05 9.9973E-05 0.00363478 9.9973E-05 0.991491 0.0045748
0.276087 9.9973E-05 9.9973E-05 0.0303463 0.693267 9.9973E-05
9.9973E-05 9.9973E-05 0.00322888 9.9973E-05 0.930843 0.0656283
0.189515 9.9982E-05 0.0985254 9.9982E-05 0.530316 0.181444
0.075228 0.068306 0.0565494 9.9991E-05 0.761932 0.0378841
0.260134 0.0891233 9.9991E-05 0.0405558 0.487223 0.122864
0.0942433 9.99733E-05 0.0356335 9.99733E-05 0.869823 9.99733E-05
9.996E-05 9.996E-05 9.996E-05 0.9995 9.996E-05 9.996E-05
9.996E-05 9.996E-05 9.996E-05 0.9995 9.996E-05 9.996E-05
9.996E-05 9.996E-05 9.996E-05 0.9995 9.996E-05 9.996E-05
9.996E-05 9.996E-05 9.996E-05 0.9995 9.996E-05 9.996E-05
9.996E-05 9.996E-05 9.996E-05 0.9995 9.996E-05 9.996E-05
0.0617567 0.235385 0.0312416 0.620415 0.0511019 9.9991E-05
9.99639E-05 9.99639E-05 9.99639E-05 0.966837 0.0327636 9.99639E-05
0.296923 9.9964E-05 9.9964E-05 9.9964E-05 0.702677 9.9964E-05
0.00117021 0.087481 9.9991E-05 0.554766 0.335476 0.0210065
9.996E-05 0.9995 9.996E-05 9.996E-05 9.996E-05 9.996E-05
0.912017 9.9973E-05 9.9973E-05 0.0274135 9.9973E-05 0.0602695
0.438763 0.050913 9.9982E-05 0.00110772 0.509016 9.9982E-05
0.9995 9.996E-05 9.996E-05 9.996E-05 9.996E-05 9.996E-05
0.917186 9.99639E-05 9.99639E-05 9.99639E-05 0.0824137 9.99639E-05
0.87252 9.99729E-05 9.99729E-05 9.99729E-05 0.0525282 0.0746515
9.99731E-05 9.99731E-05 0.948893 0.00250257 0.0483047 9.99731E-05
9.996E-05 0.9995 9.996E-05 9.996E-05 9.996E-05 9.996E-05
0.180809 0.278939 0.00674471 0.138465 0.265119 0.129923
0.0403095 0.956205 9.99731E-05 9.99731E-05 0.00318574 9.99731E-05
9.9964E-05 0.95738 9.9964E-05 0.0422199 9.9964E-05 9.9964E-05
0.0108616 0.895568 9.9973E-05 0.0932708 9.9973E-05 9.9973E-05
9.9982E-05 0.93269 0.0143399 0.0308938 0.0218762 9.9982E-05
9.9982E-05 0.907816 9.9982E-05 0.0125709 0.0541803 0.0252326
9.9964E-05 0.990526 9.9964E-05 9.9964E-05 9.9964E-05 0.00907418
9.99643E-05 0.515927 9.99643E-05 0.483673 9.99643E-05 9.99643E-05
0.153216 0.46805 9.99732E-05 0.378434 9.99732E-05 9.99732E-05
0.00340062 0.95657 9.9982E-05 0.0250928 0.0147369 9.9982E-05
0.0876574 0.0378551 9.9991E-05 0.09915 0.762083 0.0131543
0.163837 0.0130824 9.9991E-05 0.113318 0.679423 0.0302396
9.996E-05 9.996E-05 9.996E-05 9.996E-05 9.996E-05 0.9995
9.996E-05 9.996E-05 9.996E-05 9.996E-05 9.996E-05 0.9995
9.9964E-05 9.9964E-05 9.9964E-05 0.00550229 0.994098 9.9964E-05
0.03236 9.9973E-05 9.9973E-05 0.0142586 0.953081 9.9973E-05
9.9964E-05 9.9964E-05 9.9964E-05 0.00503717 9.9964E-05 0.994563
9.996E-05 9.996E-05 9.996E-05 9.996E-05 9.996E-05 0.9995
0.346074 9.9973E-05 9.9973E-05 0.000239585 0.653386 9.9973E-05
0.264313 9.9973E-05 0.0503291 9.9973E-05 0.685058 9.9973E-05
0.0115031 0.0718565 9.9982E-05 0.546854 0.369586 9.9982E-05
0.383444 0.0616486 0.12344 9.9991E-05 0.136193 0.295175
0.574116 9.99731E-05 0.0525527 9.99731E-05 9.99731E-05 0.373031
9.99821E-05 0.599484 0.0486087 0.306639 9.99821E-05 0.0450685
