0.970205 9.99549E-05 9.99549E-05 9.99549E-05 9.99549E-05 9.99549E-05 0.0292957
0.233407 0.291669 0.240759 9.9973E-05 9.9973E-05 9.9973E-05 0.233865
9.99821E-05 0.725629 0.0500661 0.0543412 0.0926946 0.0770688 9.99821E-05
9.9955E-05 0.973797 9.9955E-05 9.9955E-05 0.0257028 9.9955E-05 9.9955E-05
0.0936403 0.470137 0.204543 9.99731E-05 9.99731E-05 9.99731E-05 0.23138
9.9955E-05 0.97679 9.9955E-05 9.9955E-05 0.0227104 9.9955E-05 9.9955E-05
9.99731E-05 0.0249907 0.283967 9.99731E-05 9.99731E-05 0.446291 0.244451
9.99731E-05 0.390239 0.421711 9.99731E-05 0.0202949 9.99731E-05 0.167456
9.99641E-05 9.99641E-05 0.345316 9.99641E-05 9.99641E-05 0.290053 0.364231
9.995E-05 9.995E-05 9.995E-05 9.995E-05 9.995E-05 9.995E-05 0.9994
9.995E-05 9.995E-05 9.995E-05 9.995E-05 9.995E-05 9.995E-05 0.9994
0.687264 0.0197464 9.9973E-05 9.9973E-05 0.124955 0.167735 9.9973E-05
9.995E-05 9.995E-05 9.995E-05 9.995E-05 9.995E-05 0.9994 9.995E-05
0.0332046 0.930824 9.9973E-05 0.0203216 9.9973E-05 9.9973E-05 0.0153503
0.0124924 0.964079 9.9973E-05 0.00264107 9.9973E-05 9.9973E-05 0.0204875
0.130474 9.9973E-05 0.0348559 9.9973E-05 9.9973E-05 0.329863 0.504507
9.9973E-05 9.9973E-05 9.9973E-05 0.0763367 0.378181 0.156441 0.388742
0.0424394 0.0294356 0.0448841 0.730618 9.9982E-05 9.9982E-05 0.152423
9.9955E-05 9.9955E-05 9.9955E-05 0.917585 0.0819148 9.9955E-05 9.9955E-05
0.154489 9.9973E-05 9.9973E-05 9.9973E-05 0.0721395 0.0317127 0.741359
9.995E-05 9.995E-05 9.995E-05 0.9994 9.995E-05 9.995E-05 9.995E-05
0.625843 9.9973E-05 9.9973E-05 9.9973E-05 0.0059373 0.0981595 0.269761
9.9964E-05 9.9964E-05 9.9964E-05 0.418027 0.331379 9.9964E-05 0.250194
9.99549E-05 9.99549E-05 9.99549E-05 0.919619 0.0798812 9.99549E-05 9.99549E-05
9.995E-05 0.9994 9.995E-05 9.995E-05 9.995E-05 9.995E-05 9.995E-05
9.995E-05 0.9994 9.995E-05 9.995E-05 9.995E-05 9.995E-05 9.995E-05
0.10133 9.99729E-05 9.99729E-05 9.99729E-05 0.0742949 0.768473 0.0556022
9.9955E-05 0.945297 0.0542029 9.9955E-05 9.9955E-05 9.9955E-05 9.9955E-05
9.9964E-05 0.923642 0.0541917 9.9964E-05 9.9964E-05 0.0217668 9.9964E-05
9.9982E-05 0.708923 0.222796 0.0272432 0.0243299 0.0165084 9.9982E-05
9.99641E-05 0.665448 0.27632 9.99641E-05 0.0578321 9.99641E-05 9.99641E-05
0.223733 0.125113 0.505753 9.99731E-05 9.99731E-05 9.99731E-05 0.145101
9.99551E-05 0.968089 9.99551E-05 9.99551E-05 0.0314113 9.99551E-05 9.99551E-05
9.99641E-05 0.081439 0.897024 9.99641E-05 0.0211371 9.99641E-05 9.99641E-05
0.107362 0.0458458 0.0108234 9.9991E-05 0.271869 0.561606 0.00239369
0.0197087 0.969902 9.9982E-05 9.9982E-05 0.00269336 0.0059057 0.00159033
0.980011 0.0194888 9.9955E-05 9.9955E-05 9.9955E-05 9.9955E-05 9.9955E-05
0.108655 0.0367886 0.0539213 0.0067843 9.9982E-05 9.9982E-05 0.793651
0.00609077 0.0942381 9.9991E-05 0.0448277 0.414687 0.126757 0.313299
0.293696 0.0835407 9.9973E-05 9.9973E-05 0.0316986 9.9973E-05 0.590765
0.32465 0.039708 9.9982E-05 0.0129482 0.0314516 9.9982E-05 0.591042
0.0513716 9.9964E-05 9.9964E-05 0.000465473 9.9964E-05 9.9964E-05 0.947763
0.125824 9.9964E-05 9.9964E-05 9.9964E-05 9.9964E-05 0.266098 0.607678
0.055433 9.9973E-05 9.9973E-05 9.9973E-05 0.0370115 0.0153341 0.891922
0.0316311 9.9982E-05 9.9982E-05 0.109087 0.162663 0.162151 0.534268
0.120182 0.0649689 9.9991E-05 0.0465829 0.018528 0.0568891 0.692749
0.20813 0.0809318 0.0543929 9.9991E-05 0.15229 0.252232 0.251922
0.979649 9.99553E-05 9.99553E-05 0.0198517 9.99553E-05 9.99553E-05 9.99553E-05
9.995E-05 9.995E-05 0.9994 9.995E-05 9.995E-05 9.995E-05 9.995E-05
9.995E-05 9.995E-05 0.9994 9.995E-05 9.995E-05 9.995E-05 9.995E-05
9.995E-05 9.995E-05 0.9994 9.995E-05 9.995E-05 9.995E-05 9.995E-05
9.995E-05 9.995E-05 0.9994 9.995E-05 9.995E-05 9.995E-05 9.995E-05
9.995E-05 9.995E-05 0.9994 9.995E-05 9.995E-05 9.995E-05 9.995E-05
9.9982E-05 0.265727 0.562433 0.0494848 9.9982E-05 0.0154574 0.106698
9.99549E-05 9.99549E-05 0.992416 9.99549E-05 0.00708418 9.99549E-05 9.99549E-05
0.884757 9.99639E-05 9.99639E-05 9.99639E-05 9.99639E-05 0.0682117 0.0466314
0.259532 0.138381 0.453291 9.99729E-05 9.99729E-05 9.99729E-05 0.148496
0.00474663 0.994754 9.99549E-05 9.99549E-05 9.99549E-05 9.99549E-05 9.99549E-05
0.125306 9.9964E-05 9.9964E-05 9.9964E-05 0.0391581 0.835136 9.9964E-05
0.200075 0.0423004 9.9973E-05 9.9973E-05 9.9973E-05 0.355405 0.401919
9.995E-05 9.995E-05 9.995E-05 9.995E-05 9.995E-05 0.9994 9.995E-05
0.0132466 9.99639E-05 9.99639E-05 9.99639E-05 9.99639E-05 0.858723 0.127631
9.99639E-05 9.99639E-05 9.99639E-05 9.99639E-05 0.0945673 0.840531 0.0645017
0.0716761 9.99641E-05 0.0248473 0.903077 9.99641E-05 9.99641E-05 9.99641E-05
9.995E-05 0.9994 9.995E-05 9.995E-05 9.995E-05 9.995E-05 9.995E-05
0.187248 0.266839 0.235792 0.0324303 0.0903396 0.0134673 0.173884
9.99641E-05 0.973889 0.0139941 9.99641E-05 9.99641E-05 0.0117168 9.99641E-05
0.0322992 0.939428 0.0278725 9.9964E-05 9.9964E-05 9.9964E-05 9.9964E-05
9.9964E-05 0.925973 0.0548906 9.9964E-05 9.9964E-05 0.0187367 9.9964E-05
0.00965747 0.928739 0.0593265 0.00197728 9.9973E-05 9.9973E-05 9.9973E-05
0.023782 0.937458 0.000188136 9.9982E-05 0.00681779 9.9982E-05 0.0315541
9.9964E-05 0.982149 9.9964E-05 9.9964E-05 0.0168958 0.000555712 9.9964E-05
9.99643E-05 0.503035 0.481248 9.99643E-05 9.99643E-05 0.015317 9.99643E-05
9.99642E-05 0.466969 0.343166 9.99642E-05 9.99642E-05 0.189466 9.99642E-05
9.9964E-05 0.956697 0.0102865 9.9964E-05 9.9964E-05 9.9964E-05 0.0326166
0.106838 0.0664371 0.055746 9.9991E-05 0.0182903 0.0989912 0.653598
0.100684 0.052039 0.0793827 9.9982E-05 9.9982E-05 0.135658 0.632036
9.995E-05 9.995E-05 9.995E-05 9.995E-05 0.9994 9.995E-05 9.995E-05
9.995E-05 9.995E-05 9.995E-05 9.995E-05 0.9994 9.995E-05 9.995E-05
0.0468799 9.9964E-05 9.9964E-05 9.9964E-05 0.00280156 9.9964E-05 0.949919
0.00693806 9.9964E-05 9.9964E-05 9.9964E-05 9.9964E-05 0.0605377 0.932124
9.9955E-05 9.9955E-05 0.00405625 9.9955E-05 0.995444 9.9955E-05 9.9955E-05
9.995E-05 9.995E-05 9.995E-05 9.995E-05 0.9994 9.995E-05 9.995E-05
0.953775 9.99549E-05 9.99549E-05 9.99549E-05 9.99549E-05 0.0457252 9.99549E-05
0.0606643 0.00120328 9.9982E-05 0.0570718 9.9982E-05 0.288764 0.592097
0.203901 0.109111 0.515316 9.998E-05 9.998E-05 0.00316777 0.168304
9.9982E-05 0.0638375 9.9982E-05 0.108529 0.30774 0.323471 0.196223
0.193917 9.997E-05 9.997E-05 0.0780212 0.311791 0.415971 9.997E-05
9.99821E-05 0.557712 0.360737 0.0434767 0.0347514 0.00312218 9.99821E-05
