0.644178 9.9955E-05 0.355322 9.9955E-05 9.9955E-05 9.9955E-05 9.9955E-05
0.343542 9.99729E-05 9.99729E-05 0.10192 0.222602 0.331636 9.99729E-05
9.999E-05 0.0364493 0.0643114 0.0387483 0.0795624 0.761482 0.0193468
9.9955E-05 0.0290212 9.9955E-05 9.9955E-05 9.9955E-05 0.970479 9.9955E-05
0.211566 9.99731E-05 9.99731E-05 0.15001 0.20169 0.436433 9.99731E-05
0.0242928 9.9955E-05 9.9955E-05 9.9955E-05 9.9955E-05 0.975207 9.9955E-05
9.995E-05 9.995E-05 9.995E-05 9.995E-05 0.9994 9.995E-05 9.995E-05
0.0556595 0.0279957 9.9982E-05 0.325317 0.180632 0.410195 9.9982E-05
9.995E-05 9.995E-05 9.995E-05 9.995E-05 0.9994 9.995E-05 9.995E-05
0.802789 0.0152522 9.9964E-05 9.9964E-05 0.181559 9.9964E-05 9.9964E-05
0.794492 0.0157357 9.9964E-05 9.9964E-05 0.189373 9.9964E-05 9.9964E-05
0.247839 0.115626 0.57791 9.9973E-05 9.9973E-05 0.0583241 9.9973E-05
9.9955E-05 9.9955E-05 0.861102 9.9955E-05 0.138398 9.9955E-05 9.9955E-05
9.9973E-05 0.0146083 0.00912537 9.9973E-05 9.9973E-05 0.958842 0.0171239
0.057651 9.9955E-05 9.9955E-05 9.9955E-05 9.9955E-05 0.941849 9.9955E-05
0.525498 9.99639E-05 0.263477 9.99639E-05 0.210625 9.99639E-05 9.99639E-05
0.406368 0.323329 0.204519 9.9973E-05 9.9973E-05 9.9973E-05 0.0654837
0.192797 9.99729E-05 9.99729E-05 0.0563643 0.0251881 9.99729E-05 0.725351
9.9955E-05 0.0852541 9.9955E-05 9.9955E-05 9.9955E-05 9.9955E-05 0.914246
0.855273 0.0695235 0.0476048 9.9973E-05 0.0272988 9.9973E-05 9.9973E-05
9.995E-05 9.995E-05 9.995E-05 9.995E-05 9.995E-05 9.995E-05 0.9994
0.698589 9.9955E-05 0.300911 9.9955E-05 9.9955E-05 9.9955E-05 9.9955E-05
0.183001 0.358732 9.9982E-05 0.0326196 9.9982E-05 0.00649794 0.418949
9.9955E-05 0.081687 9.9955E-05 9.9955E-05 9.9955E-05 9.9955E-05 0.917813
9.995E-05 9.995E-05 9.995E-05 9.995E-05 9.995E-05 0.9994 9.995E-05
9.995E-05 9.995E-05 9.995E-05 9.995E-05 9.995E-05 0.9994 9.995E-05
0.0984731 0.0454773 0.85565 9.99639E-05 9.99639E-05 9.99639E-05 9.99639E-05
9.9964E-05 9.9964E-05 9.9964E-05 0.0394051 0.0570865 0.903109 9.9964E-05
9.9964E-05 9.9964E-05 9.9964E-05 0.0338021 0.0518565 0.913942 9.9964E-05
9.99821E-05 0.0105473 0.0530082 0.237419 9.99821E-05 0.681421 0.0174041
9.99731E-05 0.0418121 9.99731E-05 0.29248 0.0187454 0.646662 9.99731E-05
0.174917 9.99731E-05 9.99731E-05 0.391946 0.30621 0.126628 9.99731E-05
9.99551E-05 0.011967 9.99551E-05 9.99551E-05 9.99551E-05 0.987533 9.99551E-05
9.99641E-05 9.99641E-05 9.99641E-05 0.891001 0.0310788 0.0775208 9.99641E-05
0.110951 0.197012 0.64173 0.0162148 9.99819E-05 0.0338915 9.99819E-05
0.013683 0.0114772 9.99729E-05 9.99729E-05 0.0312886 0.943251 9.99729E-05
0.509775 9.99641E-05 0.43048 9.99641E-05 9.99641E-05 0.0593444 9.99641E-05
0.817075 9.9982E-05 9.9982E-05 0.0563748 0.0432219 0.0708653 0.0122633
0.242873 0.396741 0.203643 9.9982E-05 9.9982E-05 0.116488 0.0400545
0.864864 9.9964E-05 0.0190568 9.9964E-05 9.9964E-05 0.115679 9.9964E-05
0.888962 9.9964E-05 0.0146744 9.9964E-05 9.9964E-05 0.0959642 9.9964E-05
0.99871 9.9955E-05 9.9955E-05 9.9955E-05 9.9955E-05 9.9955E-05 0.000790051
0.520974 9.99639E-05 0.130104 9.99639E-05 0.348522 9.99639E-05 9.99639E-05
0.929445 0.0198423 9.9964E-05 0.0503127 9.9964E-05 9.9964E-05 9.9964E-05
0.534682 0.135896 0.17563 9.9982E-05 0.0331159 9.9982E-05 0.120476
0.757304 0.0109163 0.0750893 0.033661 0.0111061 0.0823024 0.0296211
0.388294 0.109367 0.30888 0.0805157 0.0121727 0.100671 9.9991E-05
0.681317 9.99644E-05 0.301296 9.99644E-05 9.99644E-05 9.99644E-05 0.0169874
9.995E-05 9.995E-05 9.995E-05 0.9994 9.995E-05 9.995E-05 9.995E-05
9.9955E-05 9.9955E-05 9.9955E-05 0.996083 9.9955E-05 9.9955E-05 0.00341735
0.0156189 9.9955E-05 9.9955E-05 0.983881 9.9955E-05 9.9955E-05 9.9955E-05
9.995E-05 9.995E-05 9.995E-05 0.9994 9.995E-05 9.995E-05 9.995E-05
9.995E-05 9.995E-05 9.995E-05 0.9994 9.995E-05 9.995E-05 9.995E-05
0.0525704 0.0209223 9.9991E-05 0.49103 0.189011 0.237152 0.00921399
0.00901992 9.9964E-05 0.00693555 0.983645 9.9964E-05 9.9964E-05 9.9964E-05
0.600289 9.99549E-05 0.399212 9.99549E-05 9.99549E-05 9.99549E-05 9.99549E-05
0.136066 0.0305265 9.99819E-05 0.344611 0.366152 0.122445 9.99819E-05
9.995E-05 9.995E-05 9.995E-05 9.995E-05 9.995E-05 0.9994 9.995E-05
9.9964E-05 0.00886119 0.886101 9.9964E-05 0.104638 9.9964E-05 9.9964E-05
0.443052 0.00649098 0.275315 9.9973E-05 0.274842 9.9973E-05 9.9973E-05
9.99551E-05 9.99551E-05 0.848776 9.99551E-05 0.150724 9.99551E-05 9.99551E-05
0.0873789 9.99639E-05 0.854922 9.99639E-05 0.0572997 9.99639E-05 9.99639E-05
0.0250263 0.0421748 0.879539 9.99819E-05 0.0521296 9.99819E-05 0.000929897
0.0798902 9.99552E-05 9.99552E-05 9.99552E-05 9.99552E-05 9.99552E-05 0.91961
9.99551E-05 9.99551E-05 9.99551E-05 9.99551E-05 0.0106581 0.988842 9.99551E-05
0.202826 0.0578412 0.237357 0.130024 0.0582481 0.282385 0.0313181
9.99641E-05 9.99641E-05 0.0149852 9.99641E-05 0.0318493 0.952766 9.99641E-05
9.9973E-05 9.9973E-05 0.0140683 0.00367172 0.0451887 0.936771 9.9973E-05
9.9964E-05 9.9964E-05 9.9964E-05 0.027094 0.0843717 0.888134 9.9964E-05
9.9964E-05 9.9964E-05 9.9964E-05 9.9964E-05 0.063956 0.922316 0.0133278
0.0665782 0.0017507 9.9973E-05 9.9973E-05 0.0138845 0.917487 9.9973E-05
0.00237391 0.000105021 9.9982E-05 0.00891023 0.0201715 0.968239 9.9982E-05
9.99642E-05 9.99642E-05 9.99642E-05 0.393515 0.150197 0.455888 9.99642E-05
9.99642E-05 9.99642E-05 9.99642E-05 0.162001 0.403501 0.434098 9.99642E-05
0.0434924 9.9964E-05 9.9964E-05 0.0381767 9.9964E-05 0.917931 9.9964E-05
0.589156 0.0424614 0.00554949 9.99819E-05 0.340103 0.0225299 9.99819E-05
0.544463 0.0579798 0.00582841 0.0193423 0.372186 9.99819E-05 9.99819E-05
9.995E-05 0.9994 9.995E-05 9.995E-05 9.995E-05 9.995E-05 9.995E-05
9.995E-05 0.9994 9.995E-05 9.995E-05 9.995E-05 9.995E-05 9.995E-05
0.922641 0.00445154 9.9973E-05 0.0267307 0.0458771 9.9973E-05 9.9973E-05
0.899669 9.9955E-05 9.9955E-05 9.9955E-05 0.0998313 9.9955E-05 9.9955E-05
9.995E-05 0.9994 9.995E-05 9.995E-05 9.995E-05 9.995E-05 9.995E-05
9.995E-05 0.9994 9.995E-05 9.995E-05 9.995E-05 9.995E-05 9.995E-05
0.500577 9.9964E-05 0.476521 0.0225022 9.9964E-05 9.9964E-05 9.9964E-05
0.520285 9.99729E-05 0.143797 9.99729E-05 0.282707 9.99729E-05 0.0529105
0.116964 9.9973E-05 9.9973E-05 0.387463 0.40283 0.0924427 9.9973E-05
0.205511 0.23814 0.393876 9.99821E-05 9.99821E-05 0.0669091 0.0953637
0.0726274 0.288484 0.556938 9.99731E-05 9.99731E-05 9.99731E-05 0.0816511
9.99821E-05 0.0474967 9.99821E-05 0.242303 0.12074 0.575309 0.0139514
