9.99639E-05 0.0486195 0.00666193 9.99639E-05 9.99639E-05 0.944319 9.99639E-05
9.9973E-05 0.249992 9.9973E-05 0.195365 9.9973E-05 0.236446 0.317897
0.0511436 9.99733E-05 0.0425388 9.99733E-05 0.0603568 9.99733E-05 0.845661
9.9955E-05 9.9955E-05 0.037803 9.9955E-05 9.9955E-05 9.9955E-05 0.961697
9.99731E-05 0.266465 9.99731E-05 0.226591 9.99731E-05 0.0572306 0.449413
0.00219692 9.9973E-05 0.00373533 9.9973E-05 9.9973E-05 0.0133246 0.980443
9.99731E-05 0.144208 9.99731E-05 0.323836 0.491878 9.99731E-05 0.0397776
9.99731E-05 0.141389 0.0266705 0.429807 9.99731E-05 9.99731E-05 0.401833
9.99731E-05 0.236639 9.99731E-05 0.370212 0.364746 9.99731E-05 0.0281019
9.995E-05 0.9994 9.995E-05 9.995E-05 9.995E-05 9.995E-05 9.995E-05
9.995E-05 0.9994 9.995E-05 9.995E-05 9.995E-05 9.995E-05 9.995E-05
9.9973E-05 9.9973E-05 0.117148 9.9973E-05 0.165753 0.688837 0.0279623
9.99551E-05 9.99551E-05 9.99551E-05 9.99551E-05 0.998654 9.99551E-05 0.000845872
0.0283649 9.9973E-05 0.00197748 9.9973E-05 9.9973E-05 0.0489222 0.920435
9.9964E-05 0.0157653 9.9964E-05 9.9964E-05 9.9964E-05 0.0509311 0.932904
9.9982E-05 0.59029 9.9982E-05 0.00915207 0.342918 0.042193 0.0152461
0.0762155 0.39909 0.33254 9.9982E-05 0.187983 9.9982E-05 0.00397173
0.679298 0.196186 9.99729E-05 0.0651656 9.99729E-05 0.0590507 9.99729E-05
0.932605 9.9955E-05 0.0668949 9.9955E-05 9.9955E-05 9.9955E-05 9.9955E-05
9.997E-05 0.762737 0.081331 9.997E-05 0.0474617 0.10817 9.997E-05
0.993043 9.9955E-05 9.9955E-05 9.9955E-05 9.9955E-05 9.9955E-05 0.00645692
9.9973E-05 0.354331 0.00113849 9.9973E-05 0.0940794 0.550151 9.9973E-05
0.367682 0.269234 0.339994 0.0227904 9.9973E-05 9.9973E-05 9.9973E-05
0.905095 9.99549E-05 0.0944054 9.99549E-05 9.99549E-05 9.99549E-05 9.99549E-05
9.995E-05 9.995E-05 9.995E-05 9.995E-05 9.995E-05 9.995E-05 0.9994
9.995E-05 9.995E-05 9.995E-05 9.995E-05 9.995E-05 9.995E-05 0.9994
9.99729E-05 0.0348693 0.0841223 9.99729E-05 0.751162 0.129547 9.99729E-05
9.9955E-05 9.9955E-05 9.9955E-05 0.068617 9.9955E-05 9.9955E-05 0.930883
9.9955E-05 9.9955E-05 9.9955E-05 0.0850741 9.9955E-05 9.9955E-05 0.914426
0.0139951 9.9991E-05 0.0212208 0.262543 0.00253118 0.0222876 0.677322
9.99641E-05 9.99641E-05 0.0578904 0.304939 9.99641E-05 9.99641E-05 0.636771
9.99731E-05 0.11833 9.99731E-05 0.505459 9.99731E-05 0.248187 0.127723
9.99551E-05 0.00400227 9.99551E-05 9.99551E-05 9.99551E-05 9.99551E-05 0.995498
9.99641E-05 9.99641E-05 0.00762618 0.909147 9.99641E-05 9.99641E-05 0.0828273
9.99819E-05 0.0683303 0.238888 9.99819E-05 0.557122 0.0866221 0.0488377
9.99549E-05 9.99549E-05 9.99549E-05 9.99549E-05 0.0224372 9.99549E-05 0.977063
9.9955E-05 9.9955E-05 9.9955E-05 9.9955E-05 9.9955E-05 0.991286 0.0082145
0.0127142 0.762084 9.9982E-05 0.0601113 9.9982E-05 0.138998 0.0258932
0.0612019 0.232625 0.363638 9.9982E-05 0.197841 9.9982E-05 0.144495
9.99639E-05 0.681397 9.99639E-05 9.99639E-05 9.99639E-05 0.23559 0.0826128
9.99639E-05 0.683425 9.99639E-05 9.99639E-05 9.99639E-05 0.276293 0.039882
0.00375552 0.982753 9.9964E-05 9.9964E-05 9.9964E-05 0.0130921 9.9964E-05
9.9973E-05 0.58751 9.9973E-05 0.0346242 0.287275 0.090291 9.9973E-05
9.9973E-05 0.944752 0.0398037 9.9973E-05 0.0100474 0.00509666 9.9973E-05
0.0968711 0.526866 0.141925 9.9982E-05 0.157281 0.0768558 9.9982E-05
0.0261642 0.713467 0.054011 9.9991E-05 0.0489001 0.0942204 0.0631371
9.999E-05 0.295935 0.138937 0.0619732 0.193297 0.198955 0.110803
0.00173548 9.99553E-05 9.99553E-05 9.99553E-05 9.99553E-05 0.997765 9.99553E-05
9.995E-05 9.995E-05 9.995E-05 0.9994 9.995E-05 9.995E-05 9.995E-05
9.995E-05 9.995E-05 9.995E-05 0.9994 9.995E-05 9.995E-05 9.995E-05
9.995E-05 9.995E-05 9.995E-05 0.9994 9.995E-05 9.995E-05 9.995E-05
9.995E-05 9.995E-05 9.995E-05 0.9994 9.995E-05 9.995E-05 9.995E-05
9.995E-05 9.995E-05 9.995E-05 0.9994 9.995E-05 9.995E-05 9.995E-05
0.020674 0.0625371 9.99821E-05 0.607882 0.0627023 9.99821E-05 0.246005
9.99639E-05 9.99639E-05 0.00561119 0.989018 9.99639E-05 0.0049705 9.99639E-05
9.99639E-05 0.0919141 9.99639E-05 9.99639E-05 0.0833665 0.824319 9.99639E-05
9.9982E-05 0.105238 0.0153489 0.492997 9.9982E-05 0.238804 0.147412
9.99549E-05 0.0245218 9.99549E-05 9.99549E-05 9.99549E-05 9.99549E-05 0.974978
9.99639E-05 9.99639E-05 0.0638508 9.99639E-05 0.783001 0.152749 9.99639E-05
9.9973E-05 0.481125 9.9973E-05 9.9973E-05 0.358558 0.0972626 0.0627552
9.995E-05 9.995E-05 9.995E-05 9.995E-05 0.9994 9.995E-05 9.995E-05
9.99639E-05 0.0775058 9.99639E-05 9.99639E-05 0.874926 0.047168 9.99639E-05
9.99639E-05 0.0484846 0.12154 9.99639E-05 0.829576 9.99639E-05 9.99639E-05
0.901579 9.99551E-05 9.99551E-05 9.99551E-05 9.99551E-05 0.0979212 9.99551E-05
9.995E-05 9.995E-05 9.995E-05 9.995E-05 9.995E-05 9.995E-05 0.9994
9.9991E-05 0.234113 0.0695461 0.34329 0.0706195 0.126723 0.155609
9.99731E-05 0.00450231 9.99731E-05 0.0177758 0.0389134 9.99731E-05 0.938509
9.9964E-05 9.9964E-05 9.9964E-05 0.0274193 9.9964E-05 0.0330617 0.939119
9.9964E-05 9.9964E-05 9.9964E-05 0.103724 0.017814 9.9964E-05 0.878062
0.00769463 9.9973E-05 9.9973E-05 0.0431844 0.00840364 9.9973E-05 0.940417
9.99731E-05 0.0114245 0.0168482 9.99731E-05 9.99731E-05 0.0546132 0.916814
9.99549E-05 9.99549E-05 0.00584234 9.99549E-05 9.99549E-05 9.99549E-05 0.993658
9.99642E-05 9.99642E-05 9.99642E-05 0.487783 9.99642E-05 0.00134646 0.510471
9.99643E-05 9.99643E-05 9.99643E-05 0.3074 0.184764 9.99643E-05 0.507436
0.00774024 0.0372341 0.010276 9.9973E-05 9.9973E-05 9.9973E-05 0.94445
9.9982E-05 0.741055 9.9982E-05 0.00566433 0.0999451 0.0291216 0.124014
9.9982E-05 0.706229 9.9982E-05 0.0755954 0.145965 0.0151825 0.056828
9.995E-05 9.995E-05 0.9994 9.995E-05 9.995E-05 9.995E-05 9.995E-05
9.995E-05 9.995E-05 0.9994 9.995E-05 9.995E-05 9.995E-05 9.995E-05
9.9955E-05 0.963454 9.9955E-05 9.9955E-05 9.9955E-05 0.0360462 9.9955E-05
9.9964E-05 0.914895 9.9964E-05 9.9964E-05 0.0290235 0.055682 9.9964E-05
9.995E-05 9.995E-05 0.9994 9.995E-05 9.995E-05 9.995E-05 9.995E-05
9.995E-05 9.995E-05 0.9994 9.995E-05 9.995E-05 9.995E-05 9.995E-05
9.99639E-05 9.99639E-05 9.99639E-05 0.00955734 0.0798284 0.910214 9.99639E-05
0.0524565 0.63421 9.9982E-05 9.9982E-05 0.267082 0.0392156 0.00683519
9.9973E-05 0.162957 9.9973E-05 0.572777 9.9973E-05 0.185591 0.078375
0.138427 0.230975 0.279772 9.99821E-05 0.294216 9.99821E-05 0.056411
0.0610521 9.99731E-05 0.341499 9.99731E-05 0.418565 0.178584 9.99731E-05
0.0473562 9.99731E-05 0.0212742 0.314931 9.99731E-05 9.99731E-05 0.616139
