9.995E-05 9.995E-05 9.995E-05 9.995E-05 0.9994 9.995E-05 9.995E-05
0.213693 0.00772004 9.99819E-05 0.45838 0.28519 9.99819E-05 0.0348174
0.704531 9.99822E-05 0.00431897 0.210896 9.99822E-05 0.0654789 0.0145759
0.95972 0.0111122 9.9964E-05 9.9964E-05 9.9964E-05 9.9964E-05 0.0287681
0.353796 0.087625 9.9982E-05 0.393002 0.145592 9.9982E-05 0.0197852
0.975748 9.9955E-05 9.9955E-05 9.9955E-05 0.0237518 9.9955E-05 9.9955E-05
9.99549E-05 9.99549E-05 0.267949 0.731551 9.99549E-05 9.99549E-05 9.99549E-05
0.350419 0.201447 9.9973E-05 0.397364 9.9973E-05 9.9973E-05 0.0504711
9.99548E-05 9.99548E-05 0.23652 0.76298 9.99548E-05 9.99548E-05 9.99548E-05
9.9973E-05 9.9973E-05 0.557074 0.253701 0.080735 9.9973E-05 0.10819
9.9973E-05 9.9973E-05 0.587072 0.257189 0.0346515 9.9973E-05 0.120788
0.0340722 9.9973E-05 0.0882295 9.9973E-05 0.751387 9.9973E-05 0.126012
0.058161 9.99552E-05 0.941339 9.99552E-05 9.99552E-05 9.99552E-05 9.99552E-05
0.941951 9.9973E-05 9.9973E-05 9.9973E-05 0.0343573 0.0198453 0.00354652
0.92575 9.9955E-05 9.9955E-05 9.9955E-05 0.0737499 9.9955E-05 9.9955E-05
0.0558713 0.0345294 0.74554 9.9982E-05 0.158359 9.9982E-05 0.00550059
9.9982E-05 0.0217038 0.474705 9.9982E-05 0.0781179 0.0607151 0.364558
9.9982E-05 0.0711675 0.01059 0.0129523 0.161806 0.743284 9.9982E-05
9.9955E-05 9.9955E-05 9.9955E-05 9.9955E-05 9.9955E-05 0.936154 0.0633457
9.99729E-05 0.0222367 0.493375 9.99729E-05 0.322497 9.99729E-05 0.161591
9.995E-05 9.995E-05 9.995E-05 9.995E-05 9.995E-05 0.9994 9.995E-05
9.9964E-05 9.9964E-05 0.288144 9.9964E-05 0.673507 9.9964E-05 0.037949
9.9973E-05 9.9973E-05 0.0921605 0.0801243 9.9973E-05 0.426852 0.400563
9.9955E-05 9.9955E-05 9.9955E-05 9.9955E-05 9.9955E-05 0.906397 0.0931034
0.981091 0.0173988 9.9973E-05 0.000697832 9.9973E-05 9.9973E-05 0.000512388
0.9994 9.995E-05 9.995E-05 9.995E-05 9.995E-05 9.995E-05 9.995E-05
9.9964E-05 9.9964E-05 0.94059 9.9964E-05 0.0067614 9.9964E-05 0.0522491
0.91807 0.0475073 9.9964E-05 0.0340232 9.9964E-05 9.9964E-05 9.9964E-05
0.91981 0.0567279 9.9964E-05 0.023062 9.9964E-05 9.9964E-05 9.9964E-05
0.648556 0.192939 9.99821E-05 0.115786 9.99821E-05 0.0195371 0.0229815
0.557003 0.137892 9.9973E-05 0.264371 9.9973E-05 9.9973E-05 0.0404343
9.9973E-05 0.178831 9.9973E-05 0.650139 0.161844 9.9973E-05 0.00888559
0.993059 9.99551E-05 9.99551E-05 0.00644096 9.99551E-05 9.99551E-05 9.99551E-05
0.133522 0.747087 9.99641E-05 0.118991 9.99641E-05 9.99641E-05 9.99641E-05
0.0884752 9.99729E-05 0.654815 9.99729E-05 0.00782324 9.99729E-05 0.248587
0.930819 9.9973E-05 0.0151294 0.0102304 0.0435211 9.9973E-05 9.9973E-05
0.0213973 9.99551E-05 9.99551E-05 9.99551E-05 0.978103 9.99551E-05 9.99551E-05
9.999E-05 0.0560797 0.248774 0.205216 0.424354 0.0445799 0.0208966
0.153997 9.9982E-05 0.347385 9.9982E-05 0.040212 0.0450731 0.413132
0.139465 9.99819E-05 0.208533 9.99819E-05 0.579222 0.00692879 0.0656519
0.0655596 0.0207721 0.186646 9.9991E-05 0.630228 0.010291 0.0864041
9.99819E-05 0.0534571 0.541476 9.99819E-05 0.290144 0.0177093 0.0970137
9.99639E-05 9.99639E-05 0.603637 0.176235 0.219727 9.99639E-05 9.99639E-05
9.99819E-05 0.0704147 0.563807 9.99819E-05 0.224662 0.0148515 0.126066
9.999E-05 0.0516914 0.475242 0.00632493 0.193018 0.124547 0.149077
0.0598192 0.0317554 0.355708 0.0509316 0.394459 0.0388733 0.0684537
0.108925 0.0676174 0.478987 9.9982E-05 0.231334 9.9982E-05 0.112937
9.995E-05 9.995E-05 9.995E-05 9.995E-05 0.9994 9.995E-05 9.995E-05
9.995E-05 0.9994 9.995E-05 9.995E-05 9.995E-05 9.995E-05 9.995E-05
9.9973E-05 0.983974 0.00234977 9.9973E-05 9.9973E-05 0.00939458 0.00398202
9.995E-05 0.9994 9.995E-05 9.995E-05 9.995E-05 9.995E-05 9.995E-05
9.995E-05 0.9994 9.995E-05 9.995E-05 9.995E-05 9.995E-05 9.995E-05
9.995E-05 0.9994 9.995E-05 9.995E-05 9.995E-05 9.995E-05 9.995E-05
0.221418 0.426672 0.0435638 0.27721 9.9982E-05 0.0309366 9.9982E-05
9.9955E-05 0.973864 9.9955E-05 9.9955E-05 0.0256362 9.9955E-05 9.9955E-05
9.99549E-05 9.99549E-05 0.166228 9.99549E-05 0.833272 9.99549E-05 9.99549E-05
0.00456516 0.160908 9.99819E-05 0.669974 0.143191 9.99819E-05 0.0211624
0.964385 9.99549E-05 9.99549E-05 9.99549E-05 0.0351153 9.99549E-05 9.99549E-05
0.0186916 9.99731E-05 0.902513 9.99731E-05 0.040806 9.99731E-05 0.0376896
0.104346 9.9973E-05 0.62349 9.9973E-05 0.260923 9.9973E-05 0.0109408
9.995E-05 9.995E-05 0.9994 9.995E-05 9.995E-05 9.995E-05 9.995E-05
9.995E-05 9.995E-05 0.9994 9.995E-05 9.995E-05 9.995E-05 9.995E-05
9.9955E-05 9.9955E-05 0.95392 9.9955E-05 9.9955E-05 9.9955E-05 0.0455806
9.99641E-05 9.99641E-05 9.99641E-05 0.00385096 0.11161 0.884139 9.99641E-05
0.9994 9.995E-05 9.995E-05 9.995E-05 9.995E-05 9.995E-05 9.995E-05
0.221716 0.131292 0.212116 0.101418 0.176347 0.024915 0.132196
0.965338 0.00544685 0.0168145 0.0121002 9.99731E-05 9.99731E-05 9.99731E-05
0.914901 0.0381329 9.9964E-05 9.9964E-05 0.0465658 9.9964E-05 9.9964E-05
0.908212 0.0391843 9.9964E-05 0.0522037 9.9964E-05 9.9964E-05 9.9964E-05
0.908376 0.0257016 9.99839E-05 0.0459962 0.0140663 0.00565991 9.99839E-05
0.860738 9.9973E-05 9.9973E-05 0.10907 0.0293745 9.9973E-05 0.000517261
0.980494 9.9955E-05 9.9955E-05 9.9955E-05 9.9955E-05 9.9955E-05 0.0190059
0.40468 0.16062 9.99641E-05 0.4343 9.99641E-05 9.99641E-05 9.99641E-05
0.34716 0.0283087 9.99641E-05 0.624131 9.99641E-05 9.99641E-05 9.99641E-05
0.933996 0.0425419 0.00684859 9.9982E-05 0.0162126 0.000201094 9.9982E-05
0.0379142 0.0628197 0.388268 0.125634 0.296448 9.9991E-05 0.0888156
0.01346 0.0798645 0.49707 0.122953 0.194544 9.9991E-05 0.0920085
9.995E-05 9.995E-05 9.995E-05 9.995E-05 9.995E-05 9.995E-05 0.9994
9.995E-05 9.995E-05 9.995E-05 9.995E-05 9.995E-05 9.995E-05 0.9994
9.99819E-05 0.0870842 0.449214 0.058443 0.338193 9.99819E-05 0.0668663
9.9991E-05 0.0548057 0.496361 0.0862345 0.31178 0.00414442 0.0465744
9.9955E-05 9.9955E-05 9.9955E-05 0.00304788 9.9955E-05 9.9955E-05 0.996452
9.995E-05 9.995E-05 9.995E-05 9.995E-05 9.995E-05 9.995E-05 0.9994
9.9955E-05 9.9955E-05 0.0477371 9.9955E-05 0.951763 9.9955E-05 9.9955E-05
9.9982E-05 9.9982E-05 0.51407 0.128819 0.275143 0.0612316 0.0205366
9.99638E-05 0.196385 9.99638E-05 0.643845 0.15937 9.99638E-05 9.99638E-05
0.0715644 9.99731E-05 0.556438 9.99731E-05 9.99731E-05 0.112562 0.259135
9.99731E-05 9.99731E-05 0.545881 9.99731E-05 0.0807595 0.0687643 0.304296
0.530258 0.0933008 9.9982E-05 0.324744 9.9982E-05 0.0257896 0.0257074
