9.9982E-05 9.9982E-05 0.0367434 0.963057
9.999E-05 0.532701 0.0226319 0.444567
0.0181129 0.861861 0.119926 9.99911E-05
9.9982E-05 0.957432 0.0423678 9.9982E-05
9.999E-05 0.682793 0.00691066 0.310196
9.9982E-05 0.981612 0.0181884 9.9982E-05
9.99821E-05 0.338353 9.99821E-05 0.661447
9.999E-05 0.812292 0.0273264 0.160281
9.99821E-05 0.335067 9.99821E-05 0.664733
9.999E-05 0.0572565 0.0746421 0.868001
9.9991E-05 0.0314985 0.103081 0.86532
9.999E-05 0.0204129 0.203269 0.776218
9.999E-05 0.010063 0.05741 0.932427
0.0120709 0.967264 0.020565 9.9991E-05
9.9982E-05 0.9847 0.0150997 9.9982E-05
9.9991E-05 0.0443285 0.0286232 0.926948
0.0792311 9.9991E-05 0.398968 0.521701
0.755685 0.0645346 9.9991E-05 0.17968
0.883144 9.9982E-05 0.116656 9.9982E-05
9.9982E-05 9.9982E-05 0.135815 0.863985
0.9997 9.998E-05 9.998E-05 9.998E-05
9.9982E-05 9.9982E-05 0.0632444 0.936556
0.409643 0.0658755 0.390291 0.134191
0.898916 9.9982E-05 0.100884 9.9982E-05
9.998E-05 0.9997 9.998E-05 9.998E-05
9.998E-05 0.9997 9.998E-05 9.998E-05
9.9982E-05 9.9982E-05 0.120386 0.879414
9.998E-05 0.9997 9.998E-05 9.998E-05
9.998E-05 0.9997 9.998E-05 9.998E-05
0.0374232 0.897535 0.0572122 0.00782909
9.9982E-05 0.919959 0.0798407 9.9982E-05
0.00322059 0.584514 9.9991E-05 0.412166
9.998E-05 0.9997 9.998E-05 9.998E-05
9.9982E-05 0.809537 9.9982E-05 0.190263
9.9991E-05 0.047769 0.314571 0.63756
9.9991E-05 0.980957 0.0163281 0.00261493
9.9991E-05 0.0341665 0.0671433 0.89859
0.0285066 0.133459 0.0408085 0.797226
0.050725 0.133446 0.479848 0.335981
9.9991E-05 0.103016 0.108163 0.78872
0.00224746 0.0709117 0.122301 0.80454
0.0135296 9.9991E-05 0.118149 0.868221
9.9982E-05 0.0379022 9.9982E-05 0.961898
9.9982E-05 9.9982E-05 0.137895 0.861905
0.110949 9.9991E-05 0.193284 0.695667
0.0524218 0.0767622 0.123133 0.747683
9.9991E-05 0.119187 0.17287 0.707843
0.0392268 9.99911E-05 0.0226681 0.938005
0.0496527 0.813714 9.9991E-05 0.136533
0.0502332 0.803506 9.9991E-05 0.146161
0.0461361 0.75656 9.9991E-05 0.197204
0.0412887 0.811497 9.9991E-05 0.147115
0.0183057 0.860499 9.9991E-05 0.121096
0.0637247 0.712086 9.9991E-05 0.22409
0.00859178 0.777478 9.9991E-05 0.21383
9.998E-05 9.998E-05 9.998E-05 0.9997
9.9982E-05 0.542273 9.9982E-05 0.457527
9.998E-05 0.9997 9.998E-05 9.998E-05
9.99821E-05 9.99821E-05 0.0747586 0.925041
9.9991E-05 0.0612098 0.0240624 0.914628
0.0206167 9.99821E-05 9.99821E-05 0.979183
9.9982E-05 9.9982E-05 0.0209679 0.978832
0.0132473 9.9991E-05 0.114624 0.872029
0.916465 0.0143864 9.9991E-05 0.0690485
9.998E-05 0.9997 9.998E-05 9.998E-05
0.0531021 0.456143 0.121763 0.368993
9.998E-05 0.9997 9.998E-05 9.998E-05
9.998E-05 0.9997 9.998E-05 9.998E-05
9.998E-05 0.9997 9.998E-05 9.998E-05
9.998E-05 0.9997 9.998E-05 9.998E-05
9.9982E-05 0.939302 0.0604982 9.9982E-05
9.9982E-05 0.995726 0.00407452 9.9982E-05
9.99821E-05 0.901399 9.99821E-05 0.0984008
0.0252123 0.855206 9.99911E-05 0.119481
9.9982E-05 0.990558 0.00924157 9.9982E-05
9.9991E-05 0.132012 0.0492112 0.818677
9.9991E-05 0.140852 0.0322242 0.826824
9.998E-05 9.998E-05 0.9997 9.998E-05
9.998E-05 9.998E-05 0.9997 9.998E-05
9.9991E-05 0.0441562 0.0935041 0.86224
9.9991E-05 0.0262101 0.0578756 0.915814
9.998E-05 9.998E-05 0.9997 9.998E-05
9.998E-05 9.998E-05 0.9997 9.998E-05
9.998E-05 9.998E-05 9.998E-05 0.9997
0.0446839 0.0317245 9.9991E-05 0.923492
9.9982E-05 0.551064 9.9982E-05 0.448737
0.114553 0.0191218 0.366688 0.499638
0.0870546 9.9991E-05 0.340949 0.571896
0.0625404 0.875017 0.0623423 9.9991E-05
