9.9982E-05 0.962567 9.9982E-05 0.00892352 0.0283092
9.999E-05 0.360747 0.289862 0.319031 0.0302599
0.0477075 0.0125365 0.779525 0.0844503 0.0757806
9.9973E-05 9.9973E-05 0.954169 9.9973E-05 0.0455315
9.99801E-05 0.216127 0.493491 0.290182 9.99801E-05
9.9973E-05 9.9973E-05 0.9676 9.9973E-05 0.0320997
9.99821E-05 0.63256 0.0426245 0.324616 9.99821E-05
9.999E-05 0.0823567 0.414294 0.482622 0.020627
9.99821E-05 0.60662 0.0313787 0.361801 9.99821E-05
9.9982E-05 0.765504 9.9982E-05 0.139174 0.0951225
9.9982E-05 0.792821 9.9982E-05 0.0945014 0.112478
9.9982E-05 0.779823 0.0703983 9.9982E-05 0.149579
9.99732E-05 0.941591 0.0581086 9.99732E-05 9.99732E-05
0.0163194 9.9982E-05 0.956066 9.9982E-05 0.0274142
0.0254095 0.0135944 0.959198 9.9991E-05 0.00169807
9.999E-05 0.90561 0.0352315 0.0424925 0.0165662
0.0915019 0.529552 0.00379536 9.9991E-05 0.375051
0.720993 0.19225 9.9982E-05 0.0865567 9.9982E-05
0.921395 9.9973E-05 9.9973E-05 9.9973E-05 0.0783056
9.9982E-05 0.835191 9.9982E-05 0.0222387 0.14237
0.9996 9.997E-05 9.997E-05 9.997E-05 9.997E-05
9.9982E-05 0.938073 9.9982E-05 0.0271784 0.034549
0.438336 0.152644 0.021725 0.0402037 0.347091
0.906035 9.9973E-05 9.9973E-05 9.9973E-05 0.0936655
9.997E-05 9.997E-05 0.9996 9.997E-05 9.997E-05
9.997E-05 9.997E-05 0.9996 9.997E-05 9.997E-05
9.9973E-05 0.918943 9.9973E-05 9.9973E-05 0.0807575
9.9973E-05 9.9973E-05 0.926701 0.0729995 9.9973E-05
9.9973E-05 9.9973E-05 0.886337 0.113363 9.9973E-05
0.0241561 9.9991E-05 0.7147 0.249244 0.0118
9.9982E-05 9.9982E-05 0.66337 0.267225 0.0692049
9.99821E-05 0.267714 0.10098 0.631106 9.99821E-05
9.997E-05 9.997E-05 0.9996 9.997E-05 9.997E-05
9.9973E-05 9.9973E-05 0.0823704 0.91733 9.9973E-05
9.9982E-05 0.70152 0.0608248 9.9982E-05 0.237455
9.99729E-05 0.00902446 0.990676 9.99729E-05 9.99729E-05
9.99821E-05 0.879148 0.0958913 9.99821E-05 0.0247609
0.0407875 0.737947 0.0454857 0.17568 9.9991E-05
0.0875129 0.338822 0.153735 9.9991E-05 0.41983
0.0153783 0.79709 0.12541 9.9991E-05 0.0620209
0.00375747 0.802321 0.101019 9.9991E-05 0.0928025
0.0241997 0.864404 9.9991E-05 0.0235814 0.0877144
9.9973E-05 0.952055 9.9973E-05 0.0476448 9.9973E-05
0.0103566 0.766001 9.9991E-05 0.0924059 0.131136
0.113098 0.66923 9.9991E-05 0.0393644 0.178208
0.0323477 0.746143 0.0457348 0.0640706 0.111704
9.9991E-05 0.657484 0.113667 0.0910142 0.137735
0.0486401 0.95106 9.99733E-05 9.99733E-05 9.99733E-05
9.997E-05 9.997E-05 9.997E-05 0.9996 9.997E-05
9.997E-05 9.997E-05 9.997E-05 0.9996 9.997E-05
9.9973E-05 9.9973E-05 9.9973E-05 0.994108 0.00559254
9.997E-05 9.997E-05 9.997E-05 0.9996 9.997E-05
9.997E-05 9.997E-05 9.997E-05 0.9996 9.997E-05
0.030495 0.0754266 0.229769 0.659834 0.00447575
9.99729E-05 0.00386742 9.99729E-05 0.995833 9.99729E-05
9.997E-05 0.9996 9.997E-05 9.997E-05 9.997E-05
9.9982E-05 0.33205 0.114342 0.553409 9.9982E-05
9.997E-05 9.997E-05 0.9996 9.997E-05 9.997E-05
9.99731E-05 0.965623 9.99731E-05 9.99731E-05 0.0340775
9.9982E-05 0.88796 0.0740843 9.9982E-05 0.0377553
0.0128795 0.986821 9.99732E-05 9.99732E-05 9.99732E-05
9.997E-05 0.9996 9.997E-05 9.997E-05 9.997E-05
0.00449347 0.91673 9.9982E-05 9.9982E-05 0.0785761
0.933174 0.0656145 9.9982E-05 0.00101191 9.9982E-05
9.99731E-05 9.99731E-05 0.996261 0.00343897 9.99731E-05
0.0732126 0.432198 0.301787 0.158806 0.0339968
9.99731E-05 0.00854689 0.991153 9.99731E-05 9.99731E-05
9.9982E-05 0.0327655 0.965507 0.00152725 9.9982E-05
9.9982E-05 0.00951489 0.913448 0.0768375 9.9982E-05
0.000318865 9.9982E-05 0.944833 0.0546482 9.9982E-05
9.9991E-05 0.0552823 0.922455 0.0209498 0.00121296
9.997E-05 9.997E-05 0.9996 9.997E-05 9.997E-05
9.99732E-05 9.99732E-05 0.52562 0.47408 9.99732E-05
0.00737001 0.0667963 0.608144 0.31759 9.99911E-05
9.9982E-05 9.9982E-05 0.974098 0.0210527 0.00464935
9.9991E-05 0.711271 0.0783084 0.13218 0.0781406
9.9991E-05 0.78076 0.0573836 0.116139 0.0456166
9.997E-05 9.997E-05 9.997E-05 9.997E-05 0.9996
9.997E-05 9.997E-05 9.997E-05 9.997E-05 0.9996
0.00345966 0.798202 9.9991E-05 0.0874501 0.110788
0.0069685 0.833816 9.9991E-05 0.0965661 0.0625496
9.997E-05 9.997E-05 9.997E-05 9.997E-05 0.9996
9.997E-05 9.997E-05 9.997E-05 9.997E-05 0.9996
9.9973E-05 0.958524 9.9973E-05 0.0411764 9.9973E-05
0.0536269 0.90934 9.9982E-05 0.036833 9.9982E-05
9.9982E-05 0.309287 0.0631416 0.627372 9.9982E-05
0.14071 0.492868 0.0690892 9.9991E-05 0.297232
0.0745793 0.59094 9.99821E-05 9.99821E-05 0.334281
0.0157629 9.9991E-05 0.614136 0.339285 0.0307162
