9.999E-05 0.9998 9.999E-05
9.999E-05 0.442256 0.557644
0.0645089 0.00901359 0.926477
9.999E-05 9.999E-05 0.9998
9.9991E-05 0.299263 0.700637
9.999E-05 9.999E-05 0.9998
9.999E-05 0.649808 0.350092
9.999E-05 0.171887 0.828013
9.9991E-05 0.654883 0.345017
9.9991E-05 0.96018 0.0397196
9.9991E-05 0.985925 0.0139751
9.9991E-05 0.950528 0.0493719
9.99911E-05 0.945516 0.0543843
0.0326362 9.9991E-05 0.967264
0.0150332 9.9991E-05 0.984867
9.9991E-05 0.958573 0.0413266
0.17808 0.794856 0.0270631
0.74371 0.252981 0.00330836
0.9998 9.999E-05 9.999E-05
9.999E-05 0.9998 9.999E-05
0.9998 9.999E-05 9.999E-05
9.999E-05 0.9998 9.999E-05
0.52936 0.362599 0.108041
0.97779 0.0221103 9.9991E-05
9.999E-05 9.999E-05 0.9998
9.999E-05 9.999E-05 0.9998
9.999E-05 0.9998 9.999E-05
9.999E-05 9.999E-05 0.9998
9.999E-05 9.999E-05 0.9998
0.063318 0.0163908 0.920291
0.027124 9.9991E-05 0.972776
0.00240389 0.411267 0.586329
9.999E-05 9.999E-05 0.9998
9.9991E-05 0.158774 0.841126
9.9991E-05 0.915976 0.0839238
9.999E-05 9.999E-05 0.9998
9.9991E-05 0.978531 0.0213688
0.0154832 0.816634 0.167882
0.184556 0.64095 0.174493
9.9991E-05 0.903437 0.096463
0.00541674 0.925875 0.068708
0.0120884 0.987812 9.9991E-05
9.9991E-05 0.994886 0.00501387
0.00270154 0.997198 9.9991E-05
0.142845 0.857056 9.9991E-05
0.0633663 0.846364 0.0902699
0.00882952 0.832286 0.158885
0.00396364 0.995936 9.99911E-05
9.9991E-05 0.148775 0.851125
0.00716207 0.169762 0.823076
9.9991E-05 0.1938 0.8061
0.013493 0.120327 0.86618
0.0019252 0.11378 0.884295
0.0415075 0.20409 0.754403
9.9991E-05 0.228766 0.771134
9.999E-05 0.9998 9.999E-05
9.9991E-05 0.464196 0.535704
9.999E-05 9.999E-05 0.9998
9.999E-05 0.9998 9.999E-05
9.9991E-05 0.926773 0.0731274
9.999E-05 0.9998 9.999E-05
9.999E-05 0.9998 9.999E-05
0.0103097 0.98959 9.9991E-05
0.927879 0.0720214 9.9991E-05
9.999E-05 9.999E-05 0.9998
0.00333817 0.49462 0.502042
9.999E-05 9.999E-05 0.9998
9.999E-05 9.999E-05 0.9998
9.999E-05 9.999E-05 0.9998
9.999E-05 9.999E-05 0.9998
9.9991E-05 0.0251653 0.974735
9.999E-05 9.999E-05 0.9998
9.99911E-05 0.0552051 0.944695
0.0161197 0.102185 0.881696
9.999E-05 9.999E-05 0.9998
9.9991E-05 0.834982 0.164918
9.9991E-05 0.847128 0.152772
0.285017 0.598863 0.116119
0.290348 0.588701 0.120951
9.9991E-05 0.944096 0.0558037
9.9991E-05 0.978677 0.0212234
0.265469 0.613503 0.121027
0.289564 0.580703 0.129733
9.999E-05 0.9998 9.999E-05
0.0313374 0.944624 0.0240382
9.9991E-05 0.427246 0.572654
0.196963 0.723488 0.0795487
0.182118 0.817782 9.9991E-05
0.0734174 9.9991E-05 0.926483
