9.9847E-05 9.9847E-05 9.9847E-05 9.9847E-05 0.951909 9.9847E-05 9.9847E-05 9.9847E-05 9.9847E-05 9.9847E-05 9.9847E-05 9.9847E-05 9.9847E-05 9.9847E-05 9.9847E-05 9.9847E-05 0.0463933 9.9847E-05 9.9847E-05
9.98648E-05 9.98648E-05 9.98648E-05 0.690482 9.98648E-05 9.98648E-05 0.028781 9.98648E-05 9.98648E-05 9.98648E-05 9.98648E-05 0.137247 0.141992 9.98648E-05 9.98648E-05 9.98648E-05 9.98648E-05 9.98648E-05 9.98648E-05
0.998203 9.98381E-05 9.98381E-05 9.98381E-05 9.98381E-05 9.98381E-05 9.98381E-05 9.98381E-05 9.98381E-05 9.98381E-05 9.98381E-05 9.98381E-05 9.98381E-05 9.98381E-05 9.98381E-05 9.98381E-05 9.98381E-05 9.98381E-05 9.98381E-05
9.98741E-05 0.0330587 9.98741E-05 9.98741E-05 9.98741E-05 9.98741E-05 9.98741E-05 0.0341921 9.98741E-05 9.98741E-05 9.98741E-05 9.98741E-05 0.893754 0.0341289 9.98741E-05 9.98741E-05 9.98741E-05 9.98741E-05 0.00346806
9.99102E-05 9.99102E-05 0.0550644 0.101524 0.00131112 9.99102E-05 9.99102E-05 9.99102E-05 9.99102E-05 0.100129 9.99102E-05 9.99102E-05 0.380202 0.059938 0.00892173 0.232017 0.0598935 9.99102E-05 9.99102E-05
0.0143708 9.98741E-05 0.00577289 9.98741E-05 9.98741E-05 9.98741E-05 9.98741E-05 9.98741E-05 9.98741E-05 0.0041322 9.98741E-05 9.98741E-05 0.961849 9.98741E-05 9.98741E-05 9.98741E-05 9.98741E-05 0.012477 9.98741E-05
9.98382E-05 9.98382E-05 9.98382E-05 9.98382E-05 9.98382E-05 9.98382E-05 9.98382E-05 9.98382E-05 9.98382E-05 9.98382E-05 9.98382E-05 9.98382E-05 9.98382E-05 9.98382E-05 9.98382E-05 0.998203 9.98382E-05 9.98382E-05 9.98382E-05
0.0184359 0.0463157 9.99099E-05 0.0786488 9.99099E-05 9.99099E-05 9.99099E-05 0.0187048 9.99099E-05 0.652032 0.00805223 9.99099E-05 0.0408228 0.0430812 9.99099E-05 9.99099E-05 0.0929077 9.99099E-05 9.99099E-05
9.9874E-05 9.9874E-05 9.9874E-05 0.00971314 9.9874E-05 9.9874E-05 0.0039167 9.9874E-05 9.9874E-05 9.9874E-05 9.9874E-05 9.9874E-05 9.9874E-05 0.0124625 9.9874E-05 0.945075 9.9874E-05 9.9874E-05 0.0274342
9.98471E-05 9.98471E-05 9.98471E-05 9.98471E-05 9.98471E-05 9.98471E-05 9.98471E-05 9.98471E-05 9.98471E-05 9.98471E-05 9.98471E-05 9.98471E-05 9.98471E-05 9.98471E-05 9.98471E-05 0.121015 0.877287 9.98471E-05 9.98471E-05
9.98472E-05 9.98472E-05 9.98472E-05 9.98472E-05 9.98472E-05 9.98472E-05 9.98472E-05 9.98472E-05 9.98472E-05 9.98472E-05 9.98472E-05 9.98472E-05 9.98472E-05 9.98472E-05 9.98472E-05 0.124085 0.874218 9.98472E-05 9.98472E-05
0.0354617 9.98742E-05 9.98742E-05 9.98742E-05 0.750093 0.0954075 9.98742E-05 0.113859 9.98742E-05 9.98742E-05 9.98742E-05 9.98742E-05 0.00378104 9.98742E-05 9.98742E-05 9.98742E-05 9.98742E-05 9.98742E-05 9.98742E-05
0.00420131 0.00150304 0.00766006 9.98744E-05 9.98744E-05 0.941114 9.98744E-05 9.98744E-05 9.98744E-05 0.0441235 9.98744E-05 9.98744E-05 9.98744E-05 9.98744E-05 9.98744E-05 9.98744E-05 9.98744E-05 9.98744E-05 9.98744E-05
9.98561E-05 9.98561E-05 9.98561E-05 9.98561E-05 0.0287863 9.98561E-05 9.98561E-05 9.98561E-05 0.0239156 9.98561E-05 9.98561E-05 9.98561E-05 0.9457 9.98561E-05 9.98561E-05 9.98561E-05 9.98561E-05 9.98561E-05 9.98561E-05
9.98562E-05 9.98562E-05 9.98562E-05 9.98562E-05 9.98562E-05 9.98562E-05 9.98562E-05 9.98562E-05 9.98562E-05 9.98562E-05 0.0201145 0.0163808 0.961907 9.98562E-05 9.98562E-05 9.98562E-05 9.98562E-05 9.98562E-05 9.98562E-05
9.9865E-05 9.9865E-05 0.0969266 9.9865E-05 9.9865E-05 0.112516 9.9865E-05 9.9865E-05 9.9865E-05 9.9865E-05 9.9865E-05 9.9865E-05 9.9865E-05 9.9865E-05 9.9865E-05 9.9865E-05 0.0229182 9.9865E-05 0.766141
9.98561E-05 9.98561E-05 9.98561E-05 9.98561E-05 9.98561E-05 9.98561E-05 0.929033 9.98561E-05 9.98561E-05 9.98561E-05 9.98561E-05 9.98561E-05 9.98561E-05 9.98561E-05 0.0203232 9.98561E-05 0.0490458 9.98561E-05 9.98561E-05
0.00268325 9.99009E-05 9.99009E-05 0.0116471 9.99009E-05 9.99009E-05 9.99009E-05 9.99009E-05 0.730301 9.99009E-05 0.00082023 0.131643 9.99009E-05 0.0409789 9.99009E-05 0.00662125 0.074207 9.99009E-05 9.99009E-05
9.98563E-05 9.98563E-05 9.98563E-05 9.98563E-05 9.98563E-05 9.98563E-05 9.98563E-05 0.0374597 0.943968 9.98563E-05 9.98563E-05 9.98563E-05 9.98563E-05 9.98563E-05 9.98563E-05 9.98563E-05 9.98563E-05 0.0169742 9.98563E-05
9.98829E-05 9.98829E-05 0.0938107 9.98829E-05 0.0734131 9.98829E-05 0.0198897 0.0476324 9.98829E-05 9.98829E-05 9.98829E-05 9.98829E-05 9.98829E-05 9.98829E-05 9.98829E-05 9.98829E-05 0.399191 9.98829E-05 0.364765
9.98382E-05 9.98382E-05 9.98382E-05 9.98382E-05 9.98382E-05 9.98382E-05 9.98382E-05 9.98382E-05 0.998203 9.98382E-05 9.98382E-05 9.98382E-05 9.98382E-05 9.98382E-05 9.98382E-05 9.98382E-05 9.98382E-05 9.98382E-05 9.98382E-05
9.9892E-05 9.9892E-05 9.9892E-05 9.9892E-05 0.444297 0.0329742 0.061399 0.0043827 9.9892E-05 9.9892E-05 9.9892E-05 0.236314 9.9892E-05 9.9892E-05 9.9892E-05 9.9892E-05 0.0155558 9.9892E-05 0.203879
9.9838E-05 9.9838E-05 9.9838E-05 9.9838E-05 9.9838E-05 9.9838E-05 9.9838E-05 9.9838E-05 9.9838E-05 9.9838E-05 9.9838E-05 9.9838E-05 9.9838E-05 9.9838E-05 0.998203 9.9838E-05 9.9838E-05 9.9838E-05 9.9838E-05
9.9856E-05 9.9856E-05 0.065099 9.9856E-05 9.9856E-05 9.9856E-05 9.9856E-05 9.9856E-05 0.834541 9.9856E-05 9.9856E-05 9.9856E-05 9.9856E-05 9.9856E-05 0.0987628 9.9856E-05 9.9856E-05 9.9856E-05 9.9856E-05
0.05236 0.613695 9.98563E-05 9.98563E-05 9.98563E-05 9.98563E-05 9.98563E-05 9.98563E-05 9.98563E-05 9.98563E-05 9.98563E-05 9.98563E-05 0.332348 9.98563E-05 9.98563E-05 9.98563E-05 9.98563E-05 9.98563E-05 9.98563E-05
9.98473E-05 0.170139 9.98473E-05 9.98473E-05 9.98473E-05 9.98473E-05 9.98473E-05 9.98473E-05 9.98473E-05 9.98473E-05 9.98473E-05 9.98473E-05 0.828164 9.98473E-05 9.98473E-05 9.98473E-05 9.98473E-05 9.98473E-05 9.98473E-05
9.98737E-05 9.98737E-05 9.98737E-05 9.98737E-05 9.98737E-05 0.761695 0.0513714 0.0448604 9.98737E-05 9.98737E-05 0.0690174 9.98737E-05 9.98737E-05 9.98737E-05 9.98737E-05 9.98737E-05 0.0716575 9.98737E-05 9.98737E-05
9.98382E-05 0.998203 9.98382E-05 9.98382E-05 9.98382E-05 9.98382E-05 9.98382E-05 9.98382E-05 9.98382E-05 9.98382E-05 9.98382E-05 9.98382E-05 9.98382E-05 9.98382E-05 9.98382E-05 9.98382E-05 9.98382E-05 9.98382E-05 9.98382E-05
9.98382E-05 0.998203 9.98382E-05 9.98382E-05 9.98382E-05 9.98382E-05 9.98382E-05 9.98382E-05 9.98382E-05 9.98382E-05 9.98382E-05 9.98382E-05 9.98382E-05 9.98382E-05 9.98382E-05 9.98382E-05 9.98382E-05 9.98382E-05 9.98382E-05
0.0175452 0.230698 0.0514669 9.99012E-05 9.99012E-05 9.99012E-05 0.00863486 9.99012E-05 9.99012E-05 0.226505 9.99012E-05 9.99012E-05 0.302235 0.138823 9.99012E-05 9.99012E-05 9.99012E-05 0.0229928 9.99012E-05
9.98918E-05 0.0622806 9.98918E-05 9.98918E-05 9.98918E-05 9.98918E-05 0.0172836 0.0402649 9.98918E-05 0.467644 9.98918E-05 9.98918E-05 0.313941 0.0775482 0.0198385 9.98918E-05 9.98918E-05 9.98918E-05 9.98918E-05
9.98385E-05 9.98385E-05 9.98385E-05 0.998203 9.98385E-05 9.98385E-05 9.98385E-05 9.98385E-05 9.98385E-05 9.98385E-05 9.98385E-05 9.98385E-05 9.98385E-05 9.98385E-05 9.98385E-05 9.98385E-05 9.98385E-05 9.98385E-05 9.98385E-05
9.98562E-05 0.246668 9.98562E-05 9.98562E-05 9.98562E-05 9.98562E-05 9.98562E-05 9.98562E-05 9.98562E-05 0.213586 9.98562E-05 9.98562E-05 0.538149 9.98562E-05 9.98562E-05 9.98562E-05 9.98562E-05 9.98562E-05 9.98562E-05
0.0193871 9.98653E-05 9.98653E-05 9.98653E-05 9.98653E-05 9.98653E-05 9.98653E-05 9.98653E-05 9.98653E-05 0.248963 0.0167012 9.98653E-05 9.98653E-05 0.713451 9.98653E-05 9.98653E-05 9.98653E-05 9.98653E-05 9.98653E-05
9.99007E-05 9.99007E-05 0.0490737 9.99007E-05 9.99007E-05 0.466274 0.223019 0.105833 9.99007E-05 0.0542482 0.0181058 0.080621 9.99007E-05 9.99007E-05 9.99007E-05 9.99007E-05 0.00172693 9.99007E-05 9.99007E-05
9.98739E-05 0.568366 0.00883611 9.98739E-05 9.98739E-05 9.98739E-05 0.0332488 9.98739E-05 9.98739E-05 0.0659938 9.98739E-05 9.98739E-05 0.322157 9.98739E-05 9.98739E-05 9.98739E-05 9.98739E-05 9.98739E-05 9.98739E-05
0.0110318 9.98652E-05 9.98652E-05 9.98652E-05 0.933906 9.98652E-05 9.98652E-05 9.98652E-05 9.98652E-05 0.0265283 0.0270363 9.98652E-05 9.98652E-05 9.98652E-05 9.98652E-05 9.98652E-05 9.98652E-05 9.98652E-05 9.98652E-05
0.00585479 9.99188E-05 9.99188E-05 0.208232 0.051259 0.0149119 0.0246935 9.99188E-05 9.99188E-05 9.99188E-05 9.99188E-05 0.0885054 0.014744 9.99188E-05 0.0506791 9.99188E-05 0.52146 0.018761 9.99188E-05
9.98562E-05 9.98562E-05 9.98562E-05 9.98562E-05 9.98562E-05 9.98562E-05 0.983151 9.98562E-05 9.98562E-05 0.00682742 9.98562E-05 9.98562E-05 0.00842379 9.98562E-05 9.98562E-05 9.98562E-05 9.98562E-05 9.98562E-05 9.98562E-05
9.9847E-05 9.9847E-05 9.9847E-05 9.9847E-05 9.9847E-05 9.9847E-05 9.9847E-05 9.9847E-05 9.9847E-05 9.9847E-05 9.9847E-05 0.960003 0.0383001 9.9847E-05 9.9847E-05 9.9847E-05 9.9847E-05 9.9847E-05 9.9847E-05
9.98381E-05 9.98381E-05 9.98381E-05 9.98381E-05 9.98381E-05 9.98381E-05 9.98381E-05 9.98381E-05 9.98381E-05 9.98381E-05 9.98381E-05 0.998203 9.98381E-05 9.98381E-05 9.98381E-05 9.98381E-05 9.98381E-05 9.98381E-05 9.98381E-05
9.98739E-05 9.98739E-05 0.0346488 9.98739E-05 9.98739E-05 9.98739E-05 9.98739E-05 9.98739E-05 9.98739E-05 9.98739E-05 0.0213223 0.0588383 9.98739E-05 9.98739E-05 0.00795379 9.98739E-05 0.875839 9.98739E-05 9.98739E-05
9.9874E-05 9.9874E-05 9.9874E-05 9.9874E-05 9.9874E-05 0.0580769 9.9874E-05 9.9874E-05 9.9874E-05 9.9874E-05 9.9874E-05 0.0487565 9.9874E-05 9.9874E-05 9.9874E-05 0.0711569 9.9874E-05 0.0210334 0.799578
9.9856E-05 9.9856E-05 0.122154 9.9856E-05 9.9856E-05 9.9856E-05 9.9856E-05 9.9856E-05 9.9856E-05 9.9856E-05 9.9856E-05 9.9856E-05 9.9856E-05 0.00479401 9.9856E-05 9.9856E-05 0.871454 9.9856E-05 9.9856E-05
9.99188E-05 9.99188E-05 0.243843 0.0230974 0.00365103 0.129069 9.99188E-05 0.00861734 9.99188E-05 9.99188E-05 0.030105 0.107793 9.99188E-05 9.99188E-05 0.199642 9.99188E-05 0.200442 9.99188E-05 0.0528407
9.99098E-05 9.99098E-05 0.252132 0.0140133 9.99098E-05 9.99098E-05 9.99098E-05 9.99098E-05 9.99098E-05 0.0163846 0.0760504 0.120872 0.0289206 9.99098E-05 9.99098E-05 9.99098E-05 0.299348 0.0517145 0.139565
0.0639758 0.0207024 0.400825 9.99098E-05 0.08078 9.99098E-05 0.0863279 9.99098E-05 9.99098E-05 9.99098E-05 0.0715855 9.99098E-05 0.0222386 9.99098E-05 9.99098E-05 0.0602759 0.19229 9.99098E-05 9.99098E-05
9.98303E-05 9.98303E-05 9.98303E-05 9.98303E-05 9.98303E-05 9.98303E-05 9.98303E-05 9.98303E-05 9.98303E-05 9.98303E-05 0.998203 9.98303E-05 9.98303E-05 9.98303E-05 9.98303E-05 9.98303E-05 9.98303E-05 9.98303E-05 9.98303E-05
9.98382E-05 9.98382E-05 9.98382E-05 9.98382E-05 9.98382E-05 9.98382E-05 9.98382E-05 9.98382E-05 9.98382E-05 9.98382E-05 9.98382E-05 9.98382E-05 9.98382E-05 0.998203 9.98382E-05 9.98382E-05 9.98382E-05 9.98382E-05 9.98382E-05
9.98472E-05 0.000535746 9.98472E-05 9.98472E-05 9.98472E-05 9.98472E-05 9.98472E-05 9.98472E-05 9.98472E-05 9.98472E-05 9.98472E-05 9.98472E-05 9.98472E-05 0.997767 9.98472E-05 9.98472E-05 9.98472E-05 9.98472E-05 9.98472E-05
9.98562E-05 0.000146746 9.98562E-05 9.98562E-05 9.98562E-05 9.98562E-05 9.98562E-05 9.98562E-05 9.98562E-05 9.98562E-05 9.98562E-05 9.98562E-05 9.98562E-05 0.977313 9.98562E-05 9.98562E-05 9.98562E-05 9.98562E-05 0.0209425
9.98474E-05 9.98474E-05 9.98474E-05 9.98474E-05 9.98474E-05 9.98474E-05 9.98474E-05 9.98474E-05 9.98474E-05 9.98474E-05 9.98474E-05 9.98474E-05 9.98474E-05 0.993804 9.98474E-05 9.98474E-05 9.98474E-05 0.00449889 9.98474E-05
9.98383E-05 9.98383E-05 9.98383E-05 9.98383E-05 9.98383E-05 9.98383E-05 9.98383E-05 9.98383E-05 9.98383E-05 9.98383E-05 9.98383E-05 9.98383E-05 9.98383E-05 0.998203 9.98383E-05 9.98383E-05 9.98383E-05 9.98383E-05 9.98383E-05
9.99013E-05 0.0656954 9.99013E-05 0.0489527 9.99013E-05 9.99013E-05 9.99013E-05 9.99013E-05 9.99013E-05 0.339152 9.99013E-05 9.99013E-05 9.99013E-05 0.365049 0.103145 0.01722 9.99013E-05 0.000573328 0.0591137
9.98742E-05 9.98742E-05 9.98742E-05 0.0882726 0.00304386 9.98742E-05 0.00654042 9.98742E-05 9.98742E-05 9.98742E-05 9.98742E-05 0.00151585 9.98742E-05 0.899229 9.98742E-05 9.98742E-05 9.98742E-05 9.98742E-05 9.98742E-05
9.9847E-05 9.9847E-05 9.9847E-05 9.9847E-05 0.84636 9.9847E-05 9.9847E-05 9.9847E-05 9.9847E-05 9.9847E-05 9.9847E-05 9.9847E-05 9.9847E-05 9.9847E-05 9.9847E-05 9.9847E-05 9.9847E-05 9.9847E-05 0.151942
9.98779E-05 0.02781 9.98779E-05 0.879583 9.98779E-05 9.98779E-05 9.98779E-05 0.0013082 9.98779E-05 9.98779E-05 9.98779E-05 9.98779E-05 9.98779E-05 0.025816 9.98779E-05 0.0640846 9.98779E-05 9.98779E-05 9.98779E-05
9.9856E-05 0.347902 9.9856E-05 9.9856E-05 9.9856E-05 9.9856E-05 9.9856E-05 9.9856E-05 9.9856E-05 9.9856E-05 9.9856E-05 0.024008 0.626492 9.9856E-05 9.9856E-05 9.9856E-05 9.9856E-05 9.9856E-05 9.9856E-05
9.98562E-05 9.98562E-05 9.98562E-05 9.98562E-05 9.98562E-05 0.821255 9.98562E-05 0.0333652 9.98562E-05 9.98562E-05 9.98562E-05 0.143782 9.98562E-05 9.98562E-05 9.98562E-05 9.98562E-05 9.98562E-05 9.98562E-05 9.98562E-05
0.00118256 9.98653E-05 0.0967325 9.98653E-05 9.98653E-05 0.0385717 9.98653E-05 9.98653E-05 9.98653E-05 9.98653E-05 9.98653E-05 9.98653E-05 9.98653E-05 9.98653E-05 9.98653E-05 9.98653E-05 9.98653E-05 9.98653E-05 0.862015
9.98475E-05 9.98475E-05 9.98475E-05 9.98475E-05 9.98475E-05 0.984116 9.98475E-05 9.98475E-05 9.98475E-05 9.98475E-05 9.98475E-05 9.98475E-05 9.98475E-05 9.98475E-05 9.98475E-05 0.0141866 9.98475E-05 9.98475E-05 9.98475E-05
9.98739E-05 9.98739E-05 9.98739E-05 9.98739E-05 0.00118269 0.883049 9.98739E-05 9.98739E-05 9.98739E-05 9.98739E-05 9.98739E-05 0.019693 9.98739E-05 9.98739E-05 0.00462231 9.98739E-05 0.0900552 9.98739E-05 9.98739E-05
9.98738E-05 9.98738E-05 0.0691677 9.98738E-05 9.98738E-05 0.779985 9.98738E-05 0.0457653 9.98738E-05 9.98738E-05 9.98738E-05 0.000521026 9.98738E-05 9.98738E-05 9.98738E-05 9.98738E-05 0.103162 9.98738E-05 9.98738E-05
9.98384E-05 9.98384E-05 9.98384E-05 9.98384E-05 9.98384E-05 9.98384E-05 9.98384E-05 9.98384E-05 9.98384E-05 9.98384E-05 9.98384E-05 9.98384E-05 9.98384E-05 9.98384E-05 9.98384E-05 9.98384E-05 9.98384E-05 0.998203 9.98384E-05
0.00927872 0.71135 9.98567E-05 9.98567E-05 9.98567E-05 9.98567E-05 9.98567E-05 9.98567E-05 9.98567E-05 9.98567E-05 9.98567E-05 9.98567E-05 0.277774 9.98567E-05 9.98567E-05 9.98567E-05 9.98567E-05 9.98567E-05 9.98567E-05
0.114037 0.134946 0.0186228 0.136161 0.0357812 0.176691 0.00650792 0.0585388 0.0560477 0.0604789 0.0239386 0.0724145 0.0118315 0.0208948 9.9973E-05 0.0478998 0.0249083 9.9973E-05 9.9973E-05
0.115826 0.0890534 9.98654E-05 9.98654E-05 9.98654E-05 9.98654E-05 9.98654E-05 9.98654E-05 9.98654E-05 9.98654E-05 9.98654E-05 9.98654E-05 0.75857 9.98654E-05 9.98654E-05 9.98654E-05 9.98654E-05 9.98654E-05 0.035053
9.9892E-05 0.231917 9.9892E-05 9.9892E-05 0.000139237 9.9892E-05 0.0389789 9.9892E-05 9.9892E-05 9.9892E-05 0.00490526 9.9892E-05 0.694731 0.0175323 9.9892E-05 0.0105971 9.9892E-05 9.9892E-05 9.9892E-05
9.98561E-05 0.959871 9.98561E-05 9.98561E-05 9.98561E-05 9.98561E-05 9.98561E-05 9.98561E-05 9.98561E-05 0.0371981 9.98561E-05 9.98561E-05 9.98561E-05 9.98561E-05 9.98561E-05 9.98561E-05 9.98561E-05 9.98561E-05 0.0013334
9.98384E-05 0.998203 9.98384E-05 9.98384E-05 9.98384E-05 9.98384E-05 9.98384E-05 9.98384E-05 9.98384E-05 9.98384E-05 9.98384E-05 9.98384E-05 9.98384E-05 9.98384E-05 9.98384E-05 9.98384E-05 9.98384E-05 9.98384E-05 9.98384E-05
9.98832E-05 0.193827 9.98832E-05 9.98832E-05 9.98832E-05 9.98832E-05 9.98832E-05 0.0155193 9.98832E-05 0.0981012 9.98832E-05 0.0185403 0.629008 9.98832E-05 9.98832E-05 9.98832E-05 0.0437055 9.98832E-05 9.98832E-05
9.98649E-05 0.471267 9.98649E-05 9.98649E-05 9.98649E-05 9.98649E-05 0.0164585 9.98649E-05 9.98649E-05 9.98649E-05 9.98649E-05 0.0146936 0.496083 9.98649E-05 9.98649E-05 9.98649E-05 9.98649E-05 9.98649E-05 9.98649E-05
9.98379E-05 9.98379E-05 9.98379E-05 9.98379E-05 9.98379E-05 9.98379E-05 9.98379E-05 9.98379E-05 9.98379E-05 0.998203 9.98379E-05 9.98379E-05 9.98379E-05 9.98379E-05 9.98379E-05 9.98379E-05 9.98379E-05 9.98379E-05 9.98379E-05
9.98471E-05 9.98471E-05 9.98471E-05 9.98471E-05 9.98471E-05 0.0583526 9.98471E-05 9.98471E-05 9.98471E-05 0.93995 9.98471E-05 9.98471E-05 9.98471E-05 9.98471E-05 9.98471E-05 9.98471E-05 9.98471E-05 9.98471E-05 9.98471E-05
9.98742E-05 0.0793071 9.98742E-05 9.98742E-05 9.98742E-05 9.98742E-05 9.98742E-05 9.98742E-05 9.98742E-05 9.98742E-05 9.98742E-05 9.98742E-05 0.891299 0.00703515 0.00110553 9.98742E-05 9.98742E-05 9.98742E-05 0.0198547
9.9865E-05 9.9865E-05 9.9865E-05 0.0408946 9.9865E-05 9.9865E-05 9.9865E-05 0.00185553 9.9865E-05 9.9865E-05 9.9865E-05 9.9865E-05 9.9865E-05 9.9865E-05 0.0109442 9.9865E-05 9.9865E-05 9.9865E-05 0.944808
9.98561E-05 9.98561E-05 9.98561E-05 9.98561E-05 9.98561E-05 9.98561E-05 9.98561E-05 0.00463246 9.98561E-05 9.98561E-05 9.98561E-05 9.98561E-05 9.98561E-05 0.0217164 9.98561E-05 9.98561E-05 9.98561E-05 9.98561E-05 0.972053
9.98472E-05 9.98472E-05 9.98472E-05 9.98472E-05 0.0169395 9.98472E-05 9.98472E-05 0.981363 9.98472E-05 9.98472E-05 9.98472E-05 9.98472E-05 9.98472E-05 9.98472E-05 9.98472E-05 9.98472E-05 9.98472E-05 9.98472E-05 9.98472E-05
9.98563E-05 9.98563E-05 9.98563E-05 9.98563E-05 9.98563E-05 0.0235921 9.98563E-05 0.972738 9.98563E-05 9.98563E-05 9.98563E-05 9.98563E-05 9.98563E-05 9.98563E-05 9.98563E-05 9.98563E-05 9.98563E-05 0.00207242 9.98563E-05
9.9892E-05 0.000332517 9.9892E-05 0.0481154 9.9892E-05 0.0177024 9.9892E-05 9.9892E-05 9.9892E-05 9.9892E-05 0.0194599 0.0553037 9.9892E-05 9.9892E-05 9.9892E-05 9.9892E-05 0.782878 9.9892E-05 0.0750091
9.98919E-05 0.0237646 9.98919E-05 0.0509405 9.98919E-05 0.0835443 9.98919E-05 9.98919E-05 9.98919E-05 9.98919E-05 0.00513912 0.0529418 9.98919E-05 9.98919E-05 9.98919E-05 9.98919E-05 0.715879 9.98919E-05 0.0665925
9.98564E-05 9.98564E-05 9.98564E-05 9.98564E-05 9.98564E-05 9.98564E-05 9.98564E-05 0.981199 9.98564E-05 9.98564E-05 9.98564E-05 9.98564E-05 9.98564E-05 9.98564E-05 0.016008 9.98564E-05 9.98564E-05 9.98564E-05 0.00119545
9.98383E-05 9.98383E-05 9.98383E-05 9.98383E-05 9.98383E-05 9.98383E-05 9.98383E-05 0.998203 9.98383E-05 9.98383E-05 9.98383E-05 9.98383E-05 9.98383E-05 9.98383E-05 9.98383E-05 9.98383E-05 9.98383E-05 9.98383E-05 9.98383E-05
9.9865E-05 9.9865E-05 9.9865E-05 9.9865E-05 0.867788 9.9865E-05 9.9865E-05 9.9865E-05 9.9865E-05 9.9865E-05 0.0999926 9.9865E-05 9.9865E-05 0.0160411 9.9865E-05 0.0146804 9.9865E-05 9.9865E-05 9.9865E-05
9.9874E-05 9.9874E-05 9.9874E-05 9.9874E-05 9.9874E-05 0.129727 9.9874E-05 9.9874E-05 9.9874E-05 9.9874E-05 9.9874E-05 0.698379 9.9874E-05 9.9874E-05 9.9874E-05 0.105134 9.9874E-05 0.00137527 0.0639866
9.98561E-05 9.98561E-05 9.98561E-05 0.914827 9.98561E-05 9.98561E-05 9.98561E-05 9.98561E-05 9.98561E-05 9.98561E-05 9.98561E-05 9.98561E-05 9.98561E-05 0.039594 9.98561E-05 0.0439818 9.98561E-05 9.98561E-05 9.98561E-05
9.98378E-05 9.98378E-05 0.998203 9.98378E-05 9.98378E-05 9.98378E-05 9.98378E-05 9.98378E-05 9.98378E-05 9.98378E-05 9.98378E-05 9.98378E-05 9.98378E-05 9.98378E-05 9.98378E-05 9.98378E-05 9.98378E-05 9.98378E-05 9.98378E-05
9.98831E-05 9.98831E-05 0.596117 9.98831E-05 0.0971817 0.105584 0.105693 0.079629 0.0144974 9.98831E-05 9.98831E-05 9.98831E-05 9.98831E-05 9.98831E-05 9.98831E-05 9.98831E-05 9.98831E-05 9.98831E-05 9.98831E-05
9.98922E-05 0.216392 9.98922E-05 9.98922E-05 9.98922E-05 9.98922E-05 9.98922E-05 0.0448825 0.0072661 0.578331 9.98922E-05 9.98922E-05 0.0914648 0.0256561 0.034809 9.98922E-05 9.98922E-05 9.98922E-05 9.98922E-05
