9.98559E-05 9.98559E-05 9.98559E-05 0.936971 9.98559E-05 9.98559E-05 9.98559E-05 0.0562681 9.98559E-05 9.98559E-05 9.98559E-05 9.98559E-05 9.98559E-05 9.98559E-05 9.98559E-05 0.00516323 9.98559E-05 9.98559E-05 9.98559E-05
0.636058 9.98738E-05 9.98738E-05 9.98738E-05 0.033302 0.120426 9.98738E-05 9.98738E-05 9.98738E-05 9.98738E-05 9.98738E-05 0.0176497 9.98738E-05 0.191166 9.98738E-05 9.98738E-05 9.98738E-05 9.98738E-05 9.98738E-05
0.0199276 9.9893E-05 9.9893E-05 9.9893E-05 9.9893E-05 0.563035 0.000158017 9.9893E-05 0.162921 0.120731 9.9893E-05 9.9893E-05 9.9893E-05 9.9893E-05 9.9893E-05 0.0633009 9.9893E-05 9.9893E-05 0.0687281
9.98741E-05 0.00398681 9.98741E-05 9.98741E-05 9.98741E-05 0.942212 9.98741E-05 9.98741E-05 9.98741E-05 0.0110574 0.0123122 9.98741E-05 9.98741E-05 9.98741E-05 9.98741E-05 0.0290331 9.98741E-05 9.98741E-05 9.98741E-05
0.0806162 0.0527668 9.99191E-05 9.99191E-05 9.99191E-05 0.348054 9.99191E-05 0.0547974 0.0274899 9.99191E-05 0.0642703 0.131867 0.158362 0.0336469 9.99191E-05 9.99191E-05 9.99191E-05 0.0472305 9.99191E-05
9.9856E-05 9.9856E-05 9.9856E-05 9.9856E-05 9.9856E-05 0.98327 9.9856E-05 9.9856E-05 9.9856E-05 9.9856E-05 9.9856E-05 9.9856E-05 9.9856E-05 0.00530181 0.00983002 9.9856E-05 9.9856E-05 9.9856E-05 9.9856E-05
9.98382E-05 9.98382E-05 9.98382E-05 9.98382E-05 9.98382E-05 9.98382E-05 9.98382E-05 9.98382E-05 9.98382E-05 9.98382E-05 9.98382E-05 9.98382E-05 0.998203 9.98382E-05 9.98382E-05 9.98382E-05 9.98382E-05 9.98382E-05 9.98382E-05
0.0955967 0.0504047 9.99009E-05 9.99009E-05 9.99009E-05 0.0181581 9.99009E-05 0.0643916 0.41102 0.0158409 0.280682 0.0628072 9.99009E-05 9.99009E-05 9.99009E-05 9.99009E-05 9.99009E-05 9.99009E-05 9.99009E-05
0.0549847 0.00325496 9.9865E-05 9.9865E-05 9.9865E-05 9.9865E-05 9.9865E-05 9.9865E-05 9.9865E-05 9.9865E-05 9.9865E-05 0.00931537 0.930947 9.9865E-05 9.9865E-05 9.9865E-05 9.9865E-05 9.9865E-05 9.9865E-05
9.98472E-05 9.98472E-05 9.98472E-05 9.98472E-05 9.98472E-05 9.98472E-05 9.98472E-05 0.894889 9.98472E-05 9.98472E-05 9.98472E-05 9.98472E-05 0.103414 9.98472E-05 9.98472E-05 9.98472E-05 9.98472E-05 9.98472E-05 9.98472E-05
9.98472E-05 9.98472E-05 9.98472E-05 9.98472E-05 9.98472E-05 9.98472E-05 9.98472E-05 0.925084 9.98472E-05 9.98472E-05 9.98472E-05 9.98472E-05 0.0732188 9.98472E-05 9.98472E-05 9.98472E-05 9.98472E-05 9.98472E-05 9.98472E-05
9.9883E-05 9.9883E-05 9.9883E-05 0.655517 9.9883E-05 0.0138043 0.144702 9.9883E-05 9.9883E-05 0.0273028 9.9883E-05 0.0130245 9.9883E-05 9.9883E-05 9.9883E-05 0.144351 9.9883E-05 9.9883E-05 9.9883E-05
9.98564E-05 9.98564E-05 9.98564E-05 9.98564E-05 9.98564E-05 9.98564E-05 0.933127 9.98564E-05 0.034905 9.98564E-05 9.98564E-05 9.98564E-05 0.0303698 9.98564E-05 9.98564E-05 9.98564E-05 9.98564E-05 9.98564E-05 9.98564E-05
0.00314563 9.98921E-05 9.98921E-05 9.98921E-05 9.98921E-05 0.960536 0.00205393 9.98921E-05 9.98921E-05 9.98921E-05 9.98921E-05 0.0118261 9.98921E-05 0.00720744 9.98921E-05 9.98921E-05 0.010053 9.98921E-05 0.00397917
9.98741E-05 9.98741E-05 9.98741E-05 0.0178444 9.98741E-05 0.966884 9.98741E-05 9.98741E-05 9.98741E-05 9.98741E-05 9.98741E-05 9.98741E-05 9.98741E-05 0.00529453 9.98741E-05 9.98741E-05 0.000498306 9.98741E-05 0.00808029
9.98742E-05 9.98742E-05 0.82777 9.98742E-05 0.0134902 9.98742E-05 0.116669 0.0234329 9.98742E-05 9.98742E-05 9.98742E-05 0.0172396 9.98742E-05 9.98742E-05 9.98742E-05 9.98742E-05 9.98742E-05 9.98742E-05 9.98742E-05
9.9856E-05 9.9856E-05 9.9856E-05 9.9856E-05 0.937285 9.9856E-05 9.9856E-05 0.0506951 9.9856E-05 9.9856E-05 9.9856E-05 9.9856E-05 9.9856E-05 9.9856E-05 9.9856E-05 9.9856E-05 0.0104225 9.9856E-05 9.9856E-05
9.98382E-05 9.98382E-05 9.98382E-05 9.98382E-05 9.98382E-05 9.98382E-05 9.98382E-05 9.98382E-05 9.98382E-05 9.98382E-05 9.98382E-05 9.98382E-05 9.98382E-05 9.98382E-05 9.98382E-05 9.98382E-05 9.98382E-05 9.98382E-05 0.998203
9.98471E-05 9.98471E-05 9.98471E-05 9.98471E-05 9.98471E-05 9.98471E-05 9.98471E-05 9.98471E-05 9.98471E-05 9.98471E-05 9.98471E-05 9.98471E-05 9.98471E-05 9.98471E-05 9.98471E-05 0.0246852 0.973617 9.98471E-05 9.98471E-05
9.98919E-05 9.98919E-05 0.344722 0.081931 0.00526667 9.98919E-05 9.98919E-05 0.438325 9.98919E-05 9.98919E-05 9.98919E-05 9.98919E-05 9.98919E-05 0.00534442 9.98919E-05 0.0250947 9.98919E-05 0.0981175 9.98919E-05
9.98562E-05 9.98562E-05 9.98562E-05 9.98562E-05 9.98562E-05 9.98562E-05 9.98562E-05 9.98562E-05 0.000441393 9.98562E-05 9.98562E-05 9.98562E-05 9.98562E-05 9.98562E-05 9.98562E-05 9.98562E-05 0.946247 9.98562E-05 0.0517136
9.98919E-05 9.98919E-05 0.244881 0.421789 0.0175144 9.98919E-05 0.0330589 0.010627 9.98919E-05 9.98919E-05 9.98919E-05 9.98919E-05 9.98919E-05 0.261771 0.00915923 9.98919E-05 9.98919E-05 9.98919E-05 9.98919E-05
9.98559E-05 9.98559E-05 9.98559E-05 9.98559E-05 9.98559E-05 9.98559E-05 9.98559E-05 9.98559E-05 9.98559E-05 9.98559E-05 9.98559E-05 9.98559E-05 9.98559E-05 9.98559E-05 9.98559E-05 9.98559E-05 0.0755638 0.856733 0.0661052
9.98559E-05 9.98559E-05 9.98559E-05 9.98559E-05 9.98559E-05 9.98559E-05 9.98559E-05 9.98559E-05 9.98559E-05 9.98559E-05 9.98559E-05 9.98559E-05 9.98559E-05 9.98559E-05 0.00326769 9.98559E-05 0.741523 0.253611 9.98559E-05
9.98474E-05 9.98474E-05 9.98474E-05 9.98474E-05 9.98474E-05 0.387525 9.98474E-05 9.98474E-05 9.98474E-05 0.610778 9.98474E-05 9.98474E-05 9.98474E-05 9.98474E-05 9.98474E-05 9.98474E-05 9.98474E-05 9.98474E-05 9.98474E-05
9.98473E-05 9.98473E-05 9.98473E-05 9.98473E-05 9.98473E-05 0.812493 9.98473E-05 9.98473E-05 9.98473E-05 0.18581 9.98473E-05 9.98473E-05 9.98473E-05 9.98473E-05 9.98473E-05 9.98473E-05 9.98473E-05 9.98473E-05 9.98473E-05
9.98828E-05 9.98828E-05 9.98828E-05 0.0284632 0.0302205 9.98828E-05 0.802542 0.0985471 9.98828E-05 9.98828E-05 9.98828E-05 0.00109182 9.98828E-05 9.98828E-05 9.98828E-05 0.0378371 9.98828E-05 9.98828E-05 9.98828E-05
9.98383E-05 9.98383E-05 9.98383E-05 9.98383E-05 9.98383E-05 9.98383E-05 9.98383E-05 9.98383E-05 9.98383E-05 0.998203 9.98383E-05 9.98383E-05 9.98383E-05 9.98383E-05 9.98383E-05 9.98383E-05 9.98383E-05 9.98383E-05 9.98383E-05
9.98383E-05 9.98383E-05 9.98383E-05 9.98383E-05 9.98383E-05 9.98383E-05 9.98383E-05 9.98383E-05 9.98383E-05 0.998203 9.98383E-05 9.98383E-05 9.98383E-05 9.98383E-05 9.98383E-05 9.98383E-05 9.98383E-05 9.98383E-05 9.98383E-05
9.98743E-05 0.113983 9.98743E-05 9.98743E-05 9.98743E-05 0.294827 9.98743E-05 9.98743E-05 9.98743E-05 0.134785 0.439207 9.98743E-05 9.98743E-05 9.98743E-05 0.0158 9.98743E-05 9.98743E-05 9.98743E-05 9.98743E-05
9.98558E-05 9.98558E-05 9.98558E-05 9.98558E-05 9.98558E-05 0.0898732 9.98558E-05 9.98558E-05 0.00582433 9.98558E-05 0.902705 9.98558E-05 9.98558E-05 9.98558E-05 9.98558E-05 9.98558E-05 9.98558E-05 9.98558E-05 9.98558E-05
0.998203 9.98385E-05 9.98385E-05 9.98385E-05 9.98385E-05 9.98385E-05 9.98385E-05 9.98385E-05 9.98385E-05 9.98385E-05 9.98385E-05 9.98385E-05 9.98385E-05 9.98385E-05 9.98385E-05 9.98385E-05 9.98385E-05 9.98385E-05 9.98385E-05
9.98563E-05 9.98563E-05 9.98563E-05 9.98563E-05 9.98563E-05 0.652111 9.98563E-05 9.98563E-05 0.168171 0.17812 9.98563E-05 9.98563E-05 9.98563E-05 9.98563E-05 9.98563E-05 9.98563E-05 9.98563E-05 9.98563E-05 9.98563E-05
9.98743E-05 0.742068 9.98743E-05 9.98743E-05 9.98743E-05 9.98743E-05 9.98743E-05 9.98743E-05 0.210178 0.00845989 0.0373058 0.000589997 9.98743E-05 9.98743E-05 9.98743E-05 9.98743E-05 9.98743E-05 9.98743E-05 9.98743E-05
9.99007E-05 9.99007E-05 9.99007E-05 0.00764542 0.258754 9.99007E-05 0.473438 0.0208649 9.99007E-05 9.99007E-05 0.0334947 0.0615945 9.99007E-05 0.0434289 9.99007E-05 0.0996804 9.99007E-05 9.99007E-05 9.99007E-05
9.9874E-05 9.9874E-05 9.9874E-05 9.9874E-05 0.00183084 0.422935 9.9874E-05 9.9874E-05 0.0115516 0.543154 9.9874E-05 9.9874E-05 9.9874E-05 0.019131 9.9874E-05 9.9874E-05 9.9874E-05 9.9874E-05 9.9874E-05
9.98561E-05 9.98561E-05 9.98561E-05 0.92215 0.03624 9.98561E-05 9.98561E-05 9.98561E-05 0.0400119 9.98561E-05 9.98561E-05 9.98561E-05 9.98561E-05 9.98561E-05 9.98561E-05 9.98561E-05 9.98561E-05 9.98561E-05 9.98561E-05
0.226198 9.99009E-05 9.99009E-05 0.0213986 0.0589196 9.99009E-05 9.99009E-05 0.554445 0.0274708 9.99009E-05 9.99009E-05 0.00331343 9.99009E-05 0.0724524 0.0347031 9.99009E-05 9.99009E-05 9.99009E-05 9.99009E-05
9.98471E-05 9.98471E-05 9.98471E-05 9.98471E-05 0.974669 9.98471E-05 9.98471E-05 9.98471E-05 0.0236339 9.98471E-05 9.98471E-05 9.98471E-05 9.98471E-05 9.98471E-05 9.98471E-05 9.98471E-05 9.98471E-05 9.98471E-05 9.98471E-05
9.98471E-05 9.98471E-05 9.98471E-05 9.98471E-05 9.98471E-05 0.0160263 9.98471E-05 9.98471E-05 9.98471E-05 9.98471E-05 9.98471E-05 9.98471E-05 9.98471E-05 0.982276 9.98471E-05 9.98471E-05 9.98471E-05 9.98471E-05 9.98471E-05
9.98381E-05 9.98381E-05 9.98381E-05 9.98381E-05 9.98381E-05 9.98381E-05 9.98381E-05 9.98381E-05 9.98381E-05 9.98381E-05 9.98381E-05 9.98381E-05 9.98381E-05 0.998203 9.98381E-05 9.98381E-05 9.98381E-05 9.98381E-05 9.98381E-05
9.9874E-05 9.9874E-05 0.0463062 0.0186556 0.0170601 9.9874E-05 9.9874E-05 0.85229 9.9874E-05 9.9874E-05 9.9874E-05 9.9874E-05 9.9874E-05 0.0642896 9.9874E-05 9.9874E-05 9.9874E-05 9.9874E-05 9.9874E-05
9.9901E-05 9.9901E-05 0.810794 0.0457316 9.9901E-05 9.9901E-05 0.00933991 0.0100499 9.9901E-05 9.9901E-05 9.9901E-05 9.9901E-05 0.112383 0.00154568 9.9901E-05 9.9901E-05 0.000436761 9.9901E-05 0.00862007
9.98829E-05 9.98829E-05 0.0338145 0.0450236 9.98829E-05 9.98829E-05 0.0165683 0.846399 9.98829E-05 0.0012205 9.98829E-05 9.98829E-05 9.98829E-05 9.98829E-05 9.98829E-05 9.98829E-05 9.98829E-05 0.0556752 9.98829E-05
0.00144739 9.99099E-05 0.0892993 0.0329845 9.99099E-05 9.99099E-05 0.0871841 0.204076 9.99099E-05 9.99099E-05 9.99099E-05 9.99099E-05 0.0295465 0.136624 9.99099E-05 0.000697372 9.99099E-05 0.417141 9.99099E-05
0.017406 9.99189E-05 0.162798 0.085155 9.99189E-05 0.0164625 9.99189E-05 0.296751 9.99189E-05 9.99189E-05 0.00145136 0.0361143 9.99189E-05 0.119887 0.0571309 9.99189E-05 9.99189E-05 0.205945 9.99189E-05
9.9928E-05 0.0451148 9.9928E-05 0.198429 0.240931 0.0487585 0.133475 0.180703 9.9928E-05 9.9928E-05 0.0308118 0.0119027 0.0484078 9.9928E-05 0.000670008 9.9928E-05 9.9928E-05 0.0599982 9.9928E-05
9.98482E-05 9.98482E-05 9.98482E-05 0.973122 9.98482E-05 9.98482E-05 9.98482E-05 9.98482E-05 9.98482E-05 9.98482E-05 9.98482E-05 9.98482E-05 9.98482E-05 9.98482E-05 9.98482E-05 9.98482E-05 9.98482E-05 9.98482E-05 0.0251809
9.98382E-05 0.998203 9.98382E-05 9.98382E-05 9.98382E-05 9.98382E-05 9.98382E-05 9.98382E-05 9.98382E-05 9.98382E-05 9.98382E-05 9.98382E-05 9.98382E-05 9.98382E-05 9.98382E-05 9.98382E-05 9.98382E-05 9.98382E-05 9.98382E-05
9.98472E-05 0.997132 0.00117071 9.98472E-05 9.98472E-05 9.98472E-05 9.98472E-05 9.98472E-05 9.98472E-05 9.98472E-05 9.98472E-05 9.98472E-05 9.98472E-05 9.98472E-05 9.98472E-05 9.98472E-05 9.98472E-05 9.98472E-05 9.98472E-05
9.98563E-05 0.977717 9.98563E-05 9.98563E-05 9.98563E-05 9.98563E-05 9.98563E-05 9.98563E-05 9.98563E-05 9.98563E-05 9.98563E-05 0.00153817 9.98563E-05 0.0191471 9.98563E-05 9.98563E-05 9.98563E-05 9.98563E-05 9.98563E-05
9.98563E-05 0.992507 9.98563E-05 9.98563E-05 9.98563E-05 9.98563E-05 9.98563E-05 9.98563E-05 9.98563E-05 9.98563E-05 9.98563E-05 9.98563E-05 9.98563E-05 9.98563E-05 0.00463639 9.98563E-05 0.00125848 9.98563E-05 9.98563E-05
9.98473E-05 0.991482 9.98473E-05 9.98473E-05 9.98473E-05 9.98473E-05 9.98473E-05 9.98473E-05 9.98473E-05 9.98473E-05 9.98473E-05 0.00682043 9.98473E-05 9.98473E-05 9.98473E-05 9.98473E-05 9.98473E-05 9.98473E-05 9.98473E-05
9.99102E-05 0.400799 0.00548443 9.99102E-05 9.99102E-05 9.99102E-05 9.99102E-05 9.99102E-05 0.0326604 9.99102E-05 0.333043 0.0172204 0.100724 9.99102E-05 0.00779005 9.99102E-05 9.99102E-05 0.0909104 0.0103693
0.0609204 0.937382 9.98473E-05 9.98473E-05 9.98473E-05 9.98473E-05 9.98473E-05 9.98473E-05 9.98473E-05 9.98473E-05 9.98473E-05 9.98473E-05 9.98473E-05 9.98473E-05 9.98473E-05 9.98473E-05 9.98473E-05 9.98473E-05 9.98473E-05
9.98469E-05 9.98469E-05 0.18294 0.815363 9.98469E-05 9.98469E-05 9.98469E-05 9.98469E-05 9.98469E-05 9.98469E-05 9.98469E-05 9.98469E-05 9.98469E-05 9.98469E-05 9.98469E-05 9.98469E-05 9.98469E-05 9.98469E-05 9.98469E-05
0.910781 0.0351359 9.98829E-05 9.98829E-05 9.98829E-05 9.98829E-05 0.0107668 9.98829E-05 9.98829E-05 0.0139413 0.00508234 9.98829E-05 0.0229946 9.98829E-05 9.98829E-05 9.98829E-05 9.98829E-05 9.98829E-05 9.98829E-05
9.98559E-05 9.98559E-05 9.98559E-05 9.98559E-05 9.98559E-05 0.628064 9.98559E-05 9.98559E-05 9.98559E-05 0.368396 9.98559E-05 9.98559E-05 9.98559E-05 9.98559E-05 9.98559E-05 9.98559E-05 0.00194236 9.98559E-05 9.98559E-05
9.98652E-05 9.98652E-05 0.0237153 9.98652E-05 9.98652E-05 9.98652E-05 0.814344 9.98652E-05 9.98652E-05 9.98652E-05 9.98652E-05 9.98652E-05 9.98652E-05 0.148577 9.98652E-05 0.011866 9.98652E-05 9.98652E-05 9.98652E-05
9.98565E-05 9.98565E-05 0.921088 0.00241432 9.98565E-05 9.98565E-05 0.0748997 9.98565E-05 9.98565E-05 9.98565E-05 9.98565E-05 9.98565E-05 9.98565E-05 9.98565E-05 9.98565E-05 9.98565E-05 9.98565E-05 9.98565E-05 9.98565E-05
9.98565E-05 9.98565E-05 9.98565E-05 9.98565E-05 9.98565E-05 9.98565E-05 0.949642 9.98565E-05 0.0213305 9.98565E-05 9.98565E-05 9.98565E-05 0.0274294 9.98565E-05 9.98565E-05 9.98565E-05 9.98565E-05 9.98565E-05 9.98565E-05
9.98559E-05 9.98559E-05 9.98559E-05 0.01745 9.98559E-05 9.98559E-05 0.880171 0.100781 9.98559E-05 9.98559E-05 9.98559E-05 9.98559E-05 9.98559E-05 9.98559E-05 9.98559E-05 9.98559E-05 9.98559E-05 9.98559E-05 9.98559E-05
9.98829E-05 9.98829E-05 9.98829E-05 9.98829E-05 9.98829E-05 9.98829E-05 0.838692 0.0891607 9.98829E-05 9.98829E-05 9.98829E-05 0.0072978 9.98829E-05 0.00491538 9.98829E-05 0.0545818 9.98829E-05 9.98829E-05 0.00405401
9.98303E-05 9.98303E-05 9.98303E-05 9.98303E-05 9.98303E-05 9.98303E-05 9.98303E-05 9.98303E-05 9.98303E-05 9.98303E-05 9.98303E-05 9.98303E-05 9.98303E-05 9.98303E-05 0.998203 9.98303E-05 9.98303E-05 9.98303E-05 9.98303E-05
9.98568E-05 9.98568E-05 0.003163 9.98568E-05 9.98568E-05 0.386162 9.98568E-05 9.98568E-05 9.98568E-05 0.609077 9.98568E-05 9.98568E-05 9.98568E-05 9.98568E-05 9.98568E-05 9.98568E-05 9.98568E-05 9.98568E-05 9.98568E-05
9.98381E-05 9.98381E-05 9.98381E-05 9.98381E-05 9.98381E-05 9.98381E-05 9.98381E-05 9.98381E-05 9.98381E-05 9.98381E-05 9.98381E-05 0.998203 9.98381E-05 9.98381E-05 9.98381E-05 9.98381E-05 9.98381E-05 9.98381E-05 9.98381E-05
9.98565E-05 9.98565E-05 0.00765894 9.98565E-05 9.98565E-05 0.875775 9.98565E-05 9.98565E-05 0.114968 9.98565E-05 9.98565E-05 9.98565E-05 9.98565E-05 9.98565E-05 9.98565E-05 9.98565E-05 9.98565E-05 9.98565E-05 9.98565E-05
9.99009E-05 0.00374728 9.99009E-05 9.99009E-05 0.0314687 0.709481 9.99009E-05 9.99009E-05 0.00611903 0.175678 0.0472588 9.99009E-05 0.00175986 0.0233891 9.99009E-05 9.99009E-05 9.99009E-05 9.99009E-05 9.99009E-05
9.98562E-05 9.98562E-05 0.0139002 9.98562E-05 9.98562E-05 9.98562E-05 9.98562E-05 9.98562E-05 9.98562E-05 0.98062 9.98562E-05 9.98562E-05 0.00388175 9.98562E-05 9.98562E-05 9.98562E-05 9.98562E-05 9.98562E-05 9.98562E-05
0.00667952 9.98474E-05 9.98474E-05 9.98474E-05 9.98474E-05 9.98474E-05 9.98474E-05 9.98474E-05 9.98474E-05 0.991623 9.98474E-05 9.98474E-05 9.98474E-05 9.98474E-05 9.98474E-05 9.98474E-05 9.98474E-05 9.98474E-05 9.98474E-05
0.027251 9.99011E-05 9.99011E-05 0.015232 9.99011E-05 0.611156 9.99011E-05 9.99011E-05 0.0243698 0.0569334 0.224973 9.99011E-05 9.99011E-05 0.0329066 9.99011E-05 0.00607962 9.99011E-05 9.99011E-05 9.99011E-05
9.98649E-05 9.98649E-05 9.98649E-05 9.98649E-05 0.0133541 0.515956 9.98649E-05 9.98649E-05 9.98649E-05 0.450463 9.98649E-05 9.98649E-05 9.98649E-05 0.0187287 9.98649E-05 9.98649E-05 9.98649E-05 9.98649E-05 9.98649E-05
9.98471E-05 9.98471E-05 9.98471E-05 9.98471E-05 0.00377466 9.98471E-05 9.98471E-05 9.98471E-05 0.994528 9.98471E-05 9.98471E-05 9.98471E-05 9.98471E-05 9.98471E-05 9.98471E-05 9.98471E-05 9.98471E-05 9.98471E-05 9.98471E-05
9.9856E-05 9.9856E-05 9.9856E-05 9.9856E-05 9.9856E-05 9.9856E-05 0.0271681 9.9856E-05 0.944571 9.9856E-05 9.9856E-05 9.9856E-05 0.0266631 9.9856E-05 9.9856E-05 9.9856E-05 9.9856E-05 9.9856E-05 9.9856E-05
9.98741E-05 0.0169707 0.0216272 9.98741E-05 9.98741E-05 0.88209 0.00107022 9.98741E-05 9.98741E-05 0.0768436 9.98741E-05 9.98741E-05 9.98741E-05 9.98741E-05 9.98741E-05 9.98741E-05 9.98741E-05 9.98741E-05 9.98741E-05
9.98651E-05 9.98651E-05 0.972911 9.98651E-05 9.98651E-05 0.0156809 9.98651E-05 9.98651E-05 0.00422484 9.98651E-05 9.98651E-05 9.98651E-05 9.98651E-05 0.00568576 9.98651E-05 9.98651E-05 9.98651E-05 9.98651E-05 9.98651E-05
9.98471E-05 0.0122462 0.986056 9.98471E-05 9.98471E-05 9.98471E-05 9.98471E-05 9.98471E-05 9.98471E-05 9.98471E-05 9.98471E-05 9.98471E-05 9.98471E-05 9.98471E-05 9.98471E-05 9.98471E-05 9.98471E-05 9.98471E-05 9.98471E-05
9.98384E-05 9.98384E-05 9.98384E-05 9.98384E-05 9.98384E-05 9.98384E-05 9.98384E-05 9.98384E-05 9.98384E-05 9.98384E-05 9.98384E-05 9.98384E-05 9.98384E-05 9.98384E-05 9.98384E-05 0.998203 9.98384E-05 9.98384E-05 9.98384E-05
9.98473E-05 9.98473E-05 9.98473E-05 9.98473E-05 9.98473E-05 9.98473E-05 9.98473E-05 9.98473E-05 9.98473E-05 9.98473E-05 9.98473E-05 9.98473E-05 9.98473E-05 0.00613079 9.98473E-05 0.992172 9.98473E-05 9.98473E-05 9.98473E-05
0.0662928 9.99009E-05 0.0626893 0.0110907 9.99009E-05 9.99009E-05 0.00205202 0.741348 9.99009E-05 0.00363682 9.99009E-05 9.99009E-05 9.99009E-05 0.107277 9.99009E-05 9.99009E-05 9.99009E-05 9.99009E-05 0.00451479
0.0140309 9.99009E-05 0.0241132 9.99009E-05 9.99009E-05 9.99009E-05 0.0534881 0.741271 9.99009E-05 0.00925361 9.99009E-05 9.99009E-05 0.0223931 0.111119 9.99009E-05 9.99009E-05 9.99009E-05 9.99009E-05 0.0232324
9.98743E-05 0.00140159 0.0196091 9.98743E-05 9.98743E-05 9.98743E-05 9.98743E-05 0.0105411 9.98743E-05 9.98743E-05 9.98743E-05 9.98743E-05 0.0105533 9.98743E-05 9.98743E-05 0.956497 9.98743E-05 9.98743E-05 9.98743E-05
9.98384E-05 9.98384E-05 9.98384E-05 9.98384E-05 9.98384E-05 9.98384E-05 9.98384E-05 9.98384E-05 9.98384E-05 9.98384E-05 9.98384E-05 9.98384E-05 9.98384E-05 9.98384E-05 9.98384E-05 0.998203 9.98384E-05 9.98384E-05 9.98384E-05
9.98649E-05 9.98649E-05 0.0230832 0.950284 9.98649E-05 9.98649E-05 0.000336016 9.98649E-05 9.98649E-05 9.98649E-05 9.98649E-05 9.98649E-05 0.0247987 9.98649E-05 9.98649E-05 9.98649E-05 9.98649E-05 9.98649E-05 9.98649E-05
9.9883E-05 9.9883E-05 0.0434251 9.9883E-05 9.9883E-05 9.9883E-05 0.139609 9.9883E-05 9.9883E-05 9.9883E-05 9.9883E-05 9.9883E-05 0.110501 0.675597 0.00582577 9.9883E-05 0.0237436 9.9883E-05 9.9883E-05
0.905483 0.0546896 9.98561E-05 9.98561E-05 9.98561E-05 9.98561E-05 9.98561E-05 9.98561E-05 9.98561E-05 9.98561E-05 9.98561E-05 9.98561E-05 0.03823 9.98561E-05 9.98561E-05 9.98561E-05 9.98561E-05 9.98561E-05 9.98561E-05
9.98467E-05 9.98467E-05 9.98467E-05 9.98467E-05 9.98467E-05 9.98467E-05 0.137862 9.98467E-05 9.98467E-05 9.98467E-05 9.98467E-05 9.98467E-05 9.98467E-05 9.98467E-05 9.98467E-05 9.98467E-05 9.98467E-05 0.860441 9.98467E-05
9.98743E-05 9.98743E-05 9.98743E-05 0.171212 0.14978 9.98743E-05 0.253977 9.98743E-05 9.98743E-05 9.98743E-05 9.98743E-05 9.98743E-05 9.98743E-05 9.98743E-05 9.98743E-05 0.0910992 9.98743E-05 0.332534 9.98743E-05
9.9838E-05 9.9838E-05 9.9838E-05 9.9838E-05 9.9838E-05 9.9838E-05 9.9838E-05 9.9838E-05 9.9838E-05 9.9838E-05 0.998203 9.9838E-05 9.9838E-05 9.9838E-05 9.9838E-05 9.9838E-05 9.9838E-05 9.9838E-05 9.9838E-05
