9.9973E-05 0.0195874 9.9973E-05 0.980113 9.9973E-05
0.307868 9.9982E-05 0.310312 0.381621 9.9982E-05
9.99822E-05 0.0692041 0.85505 9.99822E-05 0.0755464
9.9973E-05 0.0229559 0.976744 9.9973E-05 9.9973E-05
0.332758 0.0116101 0.42906 0.226472 9.9991E-05
9.9982E-05 0.014669 0.984305 0.000825962 9.9982E-05
0.382669 9.99822E-05 0.0567938 0.560337 9.99822E-05
0.474151 0.0511912 0.437392 0.0371656 9.9991E-05
0.438882 9.99821E-05 0.00777908 0.553139 9.99821E-05
0.162217 0.120028 9.9982E-05 0.717555 9.9982E-05
0.146595 0.142723 9.9982E-05 0.710482 9.9982E-05
9.9982E-05 0.12943 0.0712259 0.799144 9.9982E-05
9.99821E-05 0.011423 0.0831749 0.905202 9.99821E-05
9.9973E-05 9.9973E-05 0.98364 9.9973E-05 0.0160598
9.9982E-05 9.9982E-05 0.962908 0.0166056 0.0202862
0.0679633 0.0273533 0.00346202 0.901121 9.9991E-05
9.999E-05 0.397446 0.00764146 0.490509 0.104303
0.0884912 9.9982E-05 9.9982E-05 0.16176 0.749548
9.9973E-05 0.06299 9.9973E-05 9.9973E-05 0.93671
0.0300197 0.188836 9.9982E-05 0.780944 9.9982E-05
9.997E-05 9.997E-05 9.997E-05 9.997E-05 0.9996
0.0263235 0.0433577 9.9982E-05 0.930119 9.9982E-05
0.040889 0.410239 9.9991E-05 0.110279 0.438493
9.9973E-05 0.0668426 9.9973E-05 9.9973E-05 0.932858
9.997E-05 9.997E-05 0.9996 9.997E-05 9.997E-05
9.997E-05 9.997E-05 0.9996 9.997E-05 9.997E-05
9.9973E-05 0.0937188 9.9973E-05 0.905981 9.9973E-05
0.0653095 9.9973E-05 0.934391 9.9973E-05 9.9973E-05
0.122288 9.9982E-05 0.871575 0.00593694 9.9982E-05
0.265212 0.0132116 0.695395 9.9991E-05 0.0260811
0.307112 0.0451345 0.647553 9.9982E-05 9.9982E-05
0.642533 9.99821E-05 0.0699401 0.287327 9.99821E-05
9.997E-05 9.997E-05 0.9996 9.997E-05 9.997E-05
0.912433 9.9973E-05 0.0872671 9.9973E-05 9.9973E-05
9.9982E-05 0.239312 0.0946132 0.665875 9.9982E-05
9.9982E-05 0.00185667 0.972385 0.0255583 9.9982E-05
9.99821E-05 0.00450779 0.0739194 0.921373 9.99821E-05
0.181705 0.0204377 0.0255443 0.731667 0.0406466
9.9991E-05 0.457432 0.135388 0.354526 0.0525536
9.9982E-05 0.051888 0.161856 0.786056 9.9982E-05
0.0225165 0.0747667 0.0968684 0.805748 9.9991E-05
0.0654728 0.118277 9.9991E-05 0.797329 0.0188214
0.0455377 9.9973E-05 9.9973E-05 0.954162 9.9973E-05
0.0801042 0.148321 9.9991E-05 0.767616 0.0038593
0.0289295 0.201362 9.9991E-05 0.654438 0.115171
0.089953 0.07704 0.0365096 0.738878 0.0576188
0.106769 0.124508 0.113436 0.655187 9.9991E-05
9.99733E-05 9.99733E-05 9.99733E-05 0.969056 0.0306442
0.9996 9.997E-05 9.997E-05 9.997E-05 9.997E-05
0.9996 9.997E-05 9.997E-05 9.997E-05 9.997E-05
0.9996 9.997E-05 9.997E-05 9.997E-05 9.997E-05
0.9996 9.997E-05 9.997E-05 9.997E-05 9.997E-05
0.9996 9.997E-05 9.997E-05 9.997E-05 9.997E-05
0.621336 0.0165182 0.239846 0.0796562 0.042644
0.9996 9.997E-05 9.997E-05 9.997E-05 9.997E-05
9.997E-05 9.997E-05 9.997E-05 0.9996 9.997E-05
0.610306 9.9982E-05 0.0949645 0.29453 9.9982E-05
9.997E-05 9.997E-05 0.9996 9.997E-05 9.997E-05
9.99821E-05 0.0259441 0.000737153 0.973119 9.99821E-05
9.9982E-05 0.0188584 0.107524 0.873418 9.9982E-05
9.99732E-05 9.99732E-05 9.99732E-05 0.962008 0.0376922
9.997E-05 9.997E-05 9.997E-05 0.9996 9.997E-05
9.9982E-05 0.11307 9.9982E-05 0.873902 0.0128288
0.000282116 9.9991E-05 0.0265848 0.0579688 0.915064
9.997E-05 9.997E-05 0.9996 9.997E-05 9.997E-05
0.169715 0.0953307 0.321842 0.402815 0.0102966
0.00637169 9.99731E-05 0.993328 9.99731E-05 9.99731E-05
0.0171476 9.9973E-05 0.982552 9.9973E-05 9.9973E-05
0.0805148 9.9973E-05 0.919185 9.9973E-05 9.9973E-05
0.0277874 9.9982E-05 0.959749 9.9982E-05 0.0122638
0.0771965 0.0131482 0.88502 0.0245352 9.9991E-05
9.997E-05 9.997E-05 0.9996 9.997E-05 9.997E-05
0.51693 9.99732E-05 0.48277 9.99732E-05 9.99732E-05
0.433658 9.99911E-05 0.463123 0.0904113 0.0127077
0.00638999 0.00411215 0.989298 9.9982E-05 9.9982E-05
0.132876 0.0773187 0.0440805 0.745625 9.9991E-05
0.155408 0.0728889 0.0145526 0.75705 9.9991E-05
9.997E-05 0.9996 9.997E-05 9.997E-05 9.997E-05
9.997E-05 0.9996 9.997E-05 9.997E-05 9.997E-05
0.116177 0.0676689 9.9991E-05 0.801667 0.0143871
0.110759 0.0499489 9.9991E-05 0.835309 0.00388295
9.997E-05 0.9996 9.997E-05 9.997E-05 9.997E-05
9.997E-05 0.9996 9.997E-05 9.997E-05 9.997E-05
0.00926141 9.9973E-05 9.9973E-05 0.990439 9.9973E-05
0.0647005 9.9991E-05 0.0243464 0.860028 0.0508253
0.643648 9.9982E-05 0.0482705 0.307882 9.9982E-05
9.9991E-05 0.309309 0.0411266 0.502403 0.147062
9.99821E-05 0.324729 9.99821E-05 0.58861 0.086461
0.359147 0.046683 0.570938 9.9991E-05 0.0231317
