9.99549E-05 9.99549E-05 0.0340821 0.0176367 9.99549E-05 9.99549E-05 9.99549E-05 0.947781
0.166278 0.287057 0.0802248 0.0193427 9.9982E-05 0.206927 9.9982E-05 0.239971
0.0860238 0.795577 9.99733E-05 0.0242818 0.00955131 9.99733E-05 0.0842665 9.99733E-05
0.00519463 0.952576 9.9955E-05 0.0417296 9.9955E-05 9.9955E-05 9.9955E-05 9.9955E-05
0.115901 0.452944 0.11208 0.00181404 9.9982E-05 0.249808 9.9982E-05 0.0672528
9.9955E-05 0.947254 0.038841 0.0134053 9.9955E-05 9.9955E-05 9.9955E-05 9.9955E-05
9.994E-05 9.994E-05 9.994E-05 9.994E-05 9.994E-05 0.9993 9.994E-05 9.994E-05
0.325507 0.432227 0.139338 9.9964E-05 9.9964E-05 0.102528 9.9964E-05 9.9964E-05
9.994E-05 9.994E-05 9.994E-05 9.994E-05 9.994E-05 0.9993 9.994E-05 9.994E-05
9.9946E-05 9.9946E-05 0.888753 9.9946E-05 9.9946E-05 0.110647 9.9946E-05 9.9946E-05
9.99461E-05 9.99461E-05 0.869261 9.99461E-05 9.99461E-05 0.130139 9.99461E-05 9.99461E-05
9.9964E-05 0.022119 9.9964E-05 0.130226 9.9964E-05 9.9964E-05 0.186858 0.660397
9.99461E-05 9.99461E-05 9.99461E-05 9.99461E-05 9.99461E-05 0.0248365 0.974564 9.99461E-05
9.9955E-05 0.94986 9.9955E-05 9.9955E-05 0.0162377 9.9955E-05 9.9955E-05 0.0334021
9.9964E-05 0.939965 9.9964E-05 0.00483329 0.00127684 9.9964E-05 9.9964E-05 0.0535249
9.99729E-05 9.99729E-05 0.339788 0.00651639 9.99729E-05 0.25644 0.296766 0.10019
9.99641E-05 9.99641E-05 0.417069 0.289606 0.0519363 9.99641E-05 0.240989 9.99641E-05
0.0485629 9.99729E-05 0.214103 9.99729E-05 0.679243 0.00103397 9.99729E-05 0.0567571
9.9955E-05 9.9955E-05 9.9955E-05 0.093435 0.896275 9.9955E-05 0.00979022 9.9955E-05
9.997E-05 9.997E-05 0.667722 0.0737719 9.997E-05 0.031361 0.0751061 0.151739
9.9946E-05 0.00294851 9.9946E-05 9.9946E-05 0.996452 9.9946E-05 9.9946E-05 9.9946E-05
9.99549E-05 9.99549E-05 0.248056 9.99549E-05 9.99549E-05 9.99549E-05 0.141633 0.609811
9.99551E-05 9.99551E-05 0.287762 0.316015 0.395723 9.99551E-05 9.99551E-05 9.99551E-05
9.9955E-05 9.9955E-05 0.0289303 0.0720885 0.898481 9.9955E-05 9.9955E-05 9.9955E-05
0.0145203 0.98488 9.99461E-05 9.99461E-05 9.99461E-05 9.99461E-05 9.99461E-05 9.99461E-05
9.994E-05 0.9993 9.994E-05 9.994E-05 9.994E-05 9.994E-05 9.994E-05 9.994E-05
9.99639E-05 9.99639E-05 0.0442737 0.0474691 9.99639E-05 9.99639E-05 0.867263 0.040594
0.050933 0.921553 9.9964E-05 9.9964E-05 9.9964E-05 0.0189533 0.00816082 9.9964E-05
0.0377653 0.928044 9.9964E-05 9.9964E-05 9.9964E-05 0.0270326 0.00675779 9.9964E-05
0.214013 0.709086 9.99731E-05 9.99731E-05 0.0218808 9.99731E-05 0.0342304 0.0204901
0.224281 0.68574 9.99641E-05 0.0501566 9.99641E-05 0.0394232 9.99641E-05 9.99641E-05
0.396958 0.100836 9.99641E-05 9.99641E-05 9.99641E-05 0.278155 9.99641E-05 0.223651
9.99461E-05 0.986764 9.99461E-05 9.99461E-05 9.99461E-05 0.0126362 9.99461E-05 9.99461E-05
0.826961 0.125081 0.0223401 9.99641E-05 9.99641E-05 0.0252177 9.99641E-05 9.99641E-05
9.99729E-05 0.0520503 0.116436 0.165874 9.99729E-05 9.99729E-05 0.608889 0.0564519
9.99459E-05 0.965919 9.99459E-05 9.99459E-05 9.99459E-05 9.99459E-05 0.0334811 9.99459E-05
9.99551E-05 0.00289007 9.99551E-05 0.0255995 9.99551E-05 9.99551E-05 9.99551E-05 0.971011
0.0785864 0.0759925 0.706275 9.999E-05 0.00683913 0.0173258 0.0217483 0.0931329
9.99731E-05 0.145496 0.264543 0.373552 0.0465761 9.99731E-05 0.169532 9.99731E-05
9.995E-05 0.121782 0.570678 9.995E-05 9.995E-05 9.995E-05 9.995E-05 0.30704
9.996E-05 0.0711022 0.562274 0.0136882 9.996E-05 9.996E-05 9.996E-05 0.352536
9.994E-05 9.994E-05 0.9993 9.994E-05 9.994E-05 9.994E-05 9.994E-05 9.994E-05
9.996E-05 9.996E-05 0.293514 9.996E-05 9.996E-05 0.408047 0.117235 0.180804
9.9955E-05 9.9955E-05 0.914447 9.9955E-05 9.9955E-05 9.9955E-05 0.057705 0.0273481
0.0219938 9.998E-05 0.496534 0.135311 0.0913224 9.998E-05 0.192382 0.0622574
0.00954599 0.0923916 0.61283 0.00803608 0.0302998 9.999E-05 0.0691716 0.177625
0.0340539 0.107119 0.308599 0.0745117 9.9982E-05 9.9982E-05 0.240068 0.235448
9.99463E-05 9.99463E-05 9.99463E-05 9.99463E-05 0.0165528 9.99463E-05 9.99463E-05 0.982847
0.9993 9.994E-05 9.994E-05 9.994E-05 9.994E-05 9.994E-05 9.994E-05 9.994E-05
0.9993 9.994E-05 9.994E-05 9.994E-05 9.994E-05 9.994E-05 9.994E-05 9.994E-05
0.9993 9.994E-05 9.994E-05 9.994E-05 9.994E-05 9.994E-05 9.994E-05 9.994E-05
0.9993 9.994E-05 9.994E-05 9.994E-05 9.994E-05 9.994E-05 9.994E-05 9.994E-05
0.9993 9.994E-05 9.994E-05 9.994E-05 9.994E-05 9.994E-05 9.994E-05 9.994E-05
0.481746 0.269297 0.0127067 9.99731E-05 0.0429036 0.193047 9.99731E-05 9.99731E-05
0.981177 9.995E-05 9.995E-05 9.995E-05 9.995E-05 9.995E-05 0.0145575 0.00376543
9.99549E-05 9.99549E-05 9.99549E-05 9.99549E-05 9.99549E-05 0.0171735 0.0817965 0.90053
0.342707 0.105831 9.99729E-05 0.0116859 9.99729E-05 0.355635 9.99729E-05 0.183841
9.99549E-05 0.994747 0.000170866 9.99549E-05 0.00458207 9.99549E-05 9.99549E-05 9.99549E-05
9.9964E-05 9.9964E-05 9.9964E-05 0.00287965 9.9964E-05 0.0124149 0.850144 0.134162
9.9982E-05 0.00374991 0.192082 0.0107055 9.9982E-05 0.325005 0.229575 0.238682
9.99461E-05 9.99461E-05 9.99461E-05 9.99461E-05 9.99461E-05 0.0462219 0.953178 9.99461E-05
9.995E-05 9.995E-05 0.0882409 9.995E-05 9.995E-05 9.995E-05 0.906965 0.00429429
9.995E-05 9.995E-05 0.103196 0.031042 9.995E-05 9.995E-05 0.865262 9.995E-05
9.99461E-05 9.99461E-05 9.99461E-05 9.99461E-05 0.876493 9.99461E-05 9.99461E-05 0.122907
9.99462E-05 0.989708 9.99462E-05 9.99462E-05 9.99462E-05 0.00969207 9.99462E-05 9.99462E-05
0.0522001 0.326096 0.215355 0.0606821 0.0688481 9.999E-05 0.157434 0.119285
9.99552E-05 0.971797 9.99552E-05 9.99552E-05 9.99552E-05 0.010703 0.0169998 9.99552E-05
9.9946E-05 0.963972 9.9946E-05 9.9946E-05 9.9946E-05 9.9946E-05 9.9946E-05 0.0354282
0.0313365 0.905524 9.9955E-05 9.9955E-05 9.9955E-05 0.0626394 9.9955E-05 9.9955E-05
0.0155135 0.92452 9.9964E-05 9.9964E-05 0.0082023 0.0513639 9.9964E-05 9.9964E-05
9.99551E-05 0.899382 0.0543028 9.99551E-05 9.99551E-05 9.99551E-05 9.99551E-05 0.0458154
9.9964E-05 0.995468 0.000985307 9.9964E-05 9.9964E-05 9.9964E-05 0.00148736 0.00165938
0.329836 0.534668 9.99553E-05 9.99553E-05 9.99553E-05 0.134996 9.99553E-05 9.99553E-05
0.156656 0.499934 9.99553E-05 9.99553E-05 9.99553E-05 0.342911 9.99553E-05 9.99553E-05
0.00636437 0.959232 0.00109605 9.996E-05 9.996E-05 9.996E-05 9.996E-05 0.0329074
9.99638E-05 9.99638E-05 0.285858 0.0918816 9.99638E-05 0.447108 9.99638E-05 0.174752
9.99729E-05 9.99729E-05 0.284174 0.0786287 9.99729E-05 0.48719 0.0153409 0.134367
9.994E-05 9.994E-05 9.994E-05 0.9993 9.994E-05 9.994E-05 9.994E-05 9.994E-05
9.994E-05 9.994E-05 9.994E-05 0.9993 9.994E-05 9.994E-05 9.994E-05 9.994E-05
0.0301778 9.997E-05 0.924967 9.997E-05 9.997E-05 0.00749219 0.0253658 0.0116969
9.9964E-05 9.9964E-05 0.909815 9.9964E-05 9.9964E-05 0.0404225 0.0454538 0.00390884
9.9946E-05 9.9946E-05 9.9946E-05 0.978413 9.9946E-05 0.0209871 9.9946E-05 9.9946E-05
9.994E-05 9.994E-05 9.994E-05 0.9993 9.994E-05 9.994E-05 9.994E-05 9.994E-05
9.99459E-05 9.99459E-05 9.99459E-05 9.99459E-05 9.99459E-05 9.99459E-05 0.041058 0.958342
9.997E-05 9.997E-05 0.427567 9.997E-05 0.0303325 0.215679 0.180502 0.145619
0.380107 0.0658458 9.99639E-05 9.99639E-05 9.99639E-05 0.365013 9.99639E-05 0.188634
9.997E-05 0.0340761 0.292809 0.195963 0.0994607 9.997E-05 0.377392 9.997E-05
9.99731E-05 9.99731E-05 0.0145096 0.305172 0.0544029 9.99731E-05 0.45044 0.175175
0.238052 0.56108 9.99731E-05 0.0521307 0.0259185 0.122518 9.99731E-05 9.99731E-05
