9.99617E-05 0.00107935 9.99617E-05 0.0632237 9.99617E-05 0.935197 9.99617E-05 9.99617E-05
0.478543 0.0457471 0.0559456 9.99729E-05 0.228228 0.191236 9.99729E-05 9.99729E-05
9.99733E-05 0.0797 0.0366561 9.99733E-05 0.773744 9.99733E-05 0.0291891 0.0804107
9.9955E-05 9.9955E-05 0.00896351 0.032615 0.957922 9.9955E-05 9.9955E-05 9.9955E-05
0.341606 0.0611858 9.99731E-05 0.175248 0.402944 0.0187167 9.99731E-05 9.99731E-05
9.9964E-05 9.9964E-05 0.00595416 0.0172716 0.969423 0.00695174 9.9964E-05 9.9964E-05
0.864997 9.99459E-05 9.99459E-05 9.99459E-05 9.99459E-05 9.99459E-05 9.99459E-05 0.134404
0.316013 0.207675 0.0193039 0.0704961 0.386212 9.9973E-05 9.9973E-05 9.9973E-05
0.911744 9.99459E-05 9.99459E-05 9.99459E-05 9.99459E-05 9.99459E-05 9.99459E-05 0.0876565
0.108484 9.994E-05 9.994E-05 0.890917 9.994E-05 9.994E-05 9.994E-05 9.994E-05
0.0579422 9.99461E-05 9.99461E-05 0.941458 9.99461E-05 9.99461E-05 9.99461E-05 9.99461E-05
9.9964E-05 9.9964E-05 0.117167 9.9964E-05 0.0385281 0.695148 9.9964E-05 0.148757
9.994E-05 9.994E-05 9.994E-05 9.994E-05 9.994E-05 9.994E-05 9.994E-05 0.9993
9.9955E-05 9.9955E-05 9.9955E-05 9.9955E-05 0.946601 0.0407871 0.0121122 9.9955E-05
9.9946E-05 9.9946E-05 9.9946E-05 9.9946E-05 0.942317 0.0570835 9.9946E-05 9.9946E-05
0.11107 9.99639E-05 9.99639E-05 0.398281 9.99639E-05 0.11301 9.99639E-05 0.377238
9.996E-05 9.996E-05 0.285029 0.477131 9.996E-05 9.996E-05 0.0571195 0.180321
0.0660001 0.00982748 9.99729E-05 0.155023 9.99729E-05 0.0938722 0.674977 9.99729E-05
9.9946E-05 9.9946E-05 0.0879857 9.9946E-05 9.9946E-05 9.9946E-05 0.911415 9.9946E-05
9.996E-05 9.996E-05 0.0569751 0.700663 9.996E-05 0.174552 9.996E-05 0.06741
9.994E-05 9.994E-05 9.994E-05 9.994E-05 9.994E-05 9.994E-05 0.9993 9.994E-05
9.99639E-05 9.99639E-05 0.00829463 0.265278 9.99639E-05 0.607472 9.99639E-05 0.118556
9.9964E-05 9.9964E-05 0.292882 0.290588 0.0119263 9.9964E-05 0.404204 9.9964E-05
9.9955E-05 9.9955E-05 0.0426248 0.0403094 9.9955E-05 9.9955E-05 0.916566 9.9955E-05
9.99461E-05 0.0147695 9.99461E-05 9.99461E-05 0.984631 9.99461E-05 9.99461E-05 9.99461E-05
9.994E-05 9.994E-05 9.994E-05 9.994E-05 0.9993 9.994E-05 9.994E-05 9.994E-05
9.99639E-05 9.99639E-05 0.0254763 0.132927 9.99639E-05 0.0503318 9.99639E-05 0.790865
0.0320761 0.0321605 9.9955E-05 9.9955E-05 0.935264 9.9955E-05 9.9955E-05 9.9955E-05
0.0424649 0.0594192 9.9955E-05 9.9955E-05 0.897616 9.9955E-05 9.9955E-05 9.9955E-05
0.00694831 0.237857 9.99731E-05 9.99731E-05 0.683145 9.99731E-05 0.0421028 0.0296475
0.113248 0.196364 0.0430359 0.0038267 0.642336 9.9982E-05 0.000989671 9.9982E-05
0.653952 0.172263 0.0202867 9.9973E-05 0.0751096 0.0780891 9.9973E-05 9.9973E-05
9.994E-05 9.994E-05 9.994E-05 9.994E-05 0.9993 9.994E-05 9.994E-05 9.994E-05
0.096068 0.83411 0.00293819 9.99641E-05 0.0664836 9.99641E-05 9.99641E-05 9.99641E-05
9.99729E-05 9.99729E-05 0.190928 0.097637 0.0556909 0.0495257 9.99729E-05 0.605919
0.0115755 9.99639E-05 0.0271625 9.99639E-05 0.951271 9.99639E-05 9.99639E-05 0.00959092
9.9946E-05 9.9946E-05 9.9946E-05 9.9946E-05 0.00730756 0.992093 9.9946E-05 9.9946E-05
0.103022 0.0401882 9.9982E-05 0.705863 0.0437605 0.0944817 0.0124848 9.9982E-05
9.998E-05 9.998E-05 0.361416 0.224427 0.144712 0.0336658 0.0685144 0.167064
9.996E-05 9.996E-05 0.0150232 0.508603 0.111948 0.364026 9.996E-05 9.996E-05
9.996E-05 9.996E-05 0.0299678 0.496057 0.0784491 0.395126 9.996E-05 9.996E-05
9.9946E-05 9.9946E-05 9.9946E-05 0.956905 9.9946E-05 0.0424953 9.9946E-05 9.9946E-05
0.241877 9.99639E-05 9.99639E-05 0.312108 9.99639E-05 0.208927 9.99639E-05 0.236688
9.9946E-05 9.9946E-05 9.9946E-05 0.97714 9.9946E-05 9.9946E-05 9.9946E-05 0.0222601
0.0150484 9.9982E-05 0.109608 0.541954 9.9982E-05 0.0569247 0.0916575 0.184608
0.051885 9.999E-05 0.0143589 0.610855 0.0644387 0.204452 0.0235102 0.0304
9.998E-05 0.0319516 0.0976569 0.2996 0.114052 0.211586 9.998E-05 0.244954
9.99464E-05 9.99464E-05 9.99464E-05 9.99464E-05 9.99464E-05 0.981571 0.0178291 9.99464E-05
9.994E-05 0.9993 9.994E-05 9.994E-05 9.994E-05 9.994E-05 9.994E-05 9.994E-05
9.994E-05 0.9993 9.994E-05 9.994E-05 9.994E-05 9.994E-05 9.994E-05 9.994E-05
9.994E-05 0.9993 9.994E-05 9.994E-05 9.994E-05 9.994E-05 9.994E-05 9.994E-05
9.9946E-05 0.99161 9.9946E-05 9.9946E-05 0.00779039 9.9946E-05 9.9946E-05 9.9946E-05
9.994E-05 0.9993 9.994E-05 9.994E-05 9.994E-05 9.994E-05 9.994E-05 9.994E-05
0.236628 0.437148 9.99821E-05 0.0383851 0.217706 0.0426284 0.0273044 9.99821E-05
9.9964E-05 0.959581 9.9964E-05 0.0053326 9.9964E-05 0.0267678 9.9964E-05 0.00791912
0.0220426 9.99639E-05 9.99639E-05 0.0500979 9.99639E-05 0.830594 9.99639E-05 0.0968655
0.647502 0.215454 0.0130205 9.99729E-05 0.042858 0.0808651 9.99729E-05 9.99729E-05
9.994E-05 9.994E-05 9.994E-05 9.994E-05 0.9993 9.994E-05 9.994E-05 9.994E-05
9.996E-05 0.0101544 0.0416054 9.996E-05 9.996E-05 0.111497 9.996E-05 0.836343
0.157083 9.9982E-05 0.0167502 0.224671 0.0135692 0.241883 9.9982E-05 0.345843
9.994E-05 9.994E-05 9.994E-05 9.994E-05 9.994E-05 9.994E-05 9.994E-05 0.9993
9.99459E-05 9.99459E-05 9.99459E-05 0.102058 9.99459E-05 9.99459E-05 9.99459E-05 0.897342
9.99549E-05 9.99549E-05 0.0327018 0.112116 9.99549E-05 9.99549E-05 9.99549E-05 0.854682
9.99461E-05 9.99461E-05 9.99461E-05 9.99461E-05 9.99461E-05 0.142803 0.856597 9.99461E-05
0.00382669 0.0186649 0.00017764 9.99641E-05 0.976931 9.99641E-05 9.99641E-05 9.99641E-05
0.193284 0.102891 0.08584 0.0516487 0.328615 0.17944 9.999E-05 0.058181
9.994E-05 9.994E-05 9.994E-05 9.994E-05 0.9993 9.994E-05 9.994E-05 9.994E-05
9.9946E-05 9.9946E-05 9.9946E-05 9.9946E-05 0.95334 0.0460601 9.9946E-05 9.9946E-05
0.0643243 0.026309 9.996E-05 9.996E-05 0.886945 9.996E-05 9.996E-05 0.0220217
0.0825748 9.9946E-05 9.9946E-05 9.9946E-05 0.916826 9.9946E-05 9.9946E-05 9.9946E-05
0.00205423 9.99641E-05 0.00513799 0.0808127 0.911595 9.99641E-05 9.99641E-05 9.99641E-05
9.9955E-05 0.00525004 9.9955E-05 0.00272248 0.991528 9.9955E-05 9.9955E-05 9.9955E-05
0.276694 0.253734 9.995E-05 9.995E-05 0.469072 9.995E-05 9.995E-05 9.995E-05
0.439553 0.051578 9.99731E-05 9.99731E-05 0.483806 9.99731E-05 0.000908237 0.023855
9.996E-05 0.00614367 9.996E-05 0.0154562 0.970502 0.00749791 9.996E-05 9.996E-05
0.284676 9.998E-05 0.0554234 0.341296 0.0514456 0.145578 9.998E-05 0.121382
0.325306 9.998E-05 0.0258892 0.323984 0.029519 0.144099 9.998E-05 0.151003
9.994E-05 9.994E-05 0.9993 9.994E-05 9.994E-05 9.994E-05 9.994E-05 9.994E-05
9.994E-05 9.994E-05 0.9993 9.994E-05 9.994E-05 9.994E-05 9.994E-05 9.994E-05
0.0876941 9.99549E-05 9.99549E-05 0.869712 9.99549E-05 0.0420945 9.99549E-05 9.99549E-05
0.0641215 0.00616362 9.997E-05 0.836348 9.997E-05 0.0449424 9.997E-05 0.0481243
0.0122842 9.9946E-05 0.987116 9.9946E-05 9.9946E-05 9.9946E-05 9.9946E-05 9.9946E-05
9.994E-05 9.994E-05 0.9993 9.994E-05 9.994E-05 9.994E-05 9.994E-05 9.994E-05
9.995E-05 0.0287808 9.995E-05 9.995E-05 9.995E-05 0.920268 9.995E-05 0.050451
0.169075 9.997E-05 9.997E-05 0.349031 9.997E-05 0.15395 0.062195 0.265449
0.692578 0.19493 0.00637341 9.99729E-05 0.0320838 0.0737341 9.99729E-05 9.99729E-05
9.99731E-05 9.99731E-05 0.192761 0.318731 0.059912 9.99731E-05 0.109693 0.318602
9.99731E-05 9.99731E-05 0.273276 0.0297658 9.99731E-05 0.190313 0.0698837 0.436462
0.179656 0.17415 0.0138592 9.99731E-05 0.609176 9.99731E-05 0.0228596 9.99731E-05
