9.9973E-05 0.947766 9.9973E-05 0.0519336 9.9973E-05
0.303611 0.353758 0.317354 0.0251775 9.9991E-05
0.821911 0.0016671 0.0290831 0.0893772 0.0579612
0.953926 9.9973E-05 9.9973E-05 0.0457736 9.9973E-05
0.459767 0.217479 0.320244 0.00240958 9.9991E-05
0.9996 9.997E-05 9.997E-05 9.997E-05 9.997E-05
0.0213603 0.597893 0.380547 9.99821E-05 9.99821E-05
0.411682 0.0607298 0.493116 0.0343717 9.9991E-05
0.0289432 0.560557 0.4103 9.99821E-05 9.99821E-05
9.9982E-05 0.691731 0.18598 0.122089 9.9982E-05
9.9982E-05 0.700542 0.154338 0.14492 9.9982E-05
0.0537825 0.79745 9.9982E-05 0.148567 9.9982E-05
0.0559443 0.916817 9.99911E-05 0.00971396 0.0174247
0.965648 0.0167801 9.9991E-05 0.00227058 0.0152017
0.960757 0.0250442 9.9982E-05 9.9982E-05 0.0139993
0.0242114 0.934639 0.0409497 9.9982E-05 9.9982E-05
9.9982E-05 0.523432 9.9982E-05 0.365383 0.110986
9.9982E-05 0.182032 0.0701519 9.9982E-05 0.747616
9.9973E-05 9.9973E-05 9.9973E-05 0.0674834 0.932217
9.9982E-05 0.850736 0.000414807 0.148649 9.9982E-05
9.997E-05 9.997E-05 9.997E-05 9.997E-05 0.9996
9.9982E-05 0.932663 0.00471456 0.0624229 9.9982E-05
9.999E-05 0.0655485 0.0832687 0.412314 0.438769
9.9973E-05 9.9973E-05 9.9973E-05 0.108181 0.891519
0.9996 9.997E-05 9.997E-05 9.997E-05 9.997E-05
0.9996 9.997E-05 9.997E-05 9.997E-05 9.997E-05
9.9973E-05 0.923131 9.9973E-05 0.0765696 9.9973E-05
0.920283 9.9973E-05 0.0794169 9.9973E-05 9.9973E-05
0.945273 0.0218629 0.0326637 9.9982E-05 9.9982E-05
0.664442 9.9991E-05 0.276869 0.0329287 0.02566
0.634582 9.9982E-05 0.290206 0.0750116 9.9982E-05
0.120814 0.307909 0.571077 9.99821E-05 9.99821E-05
0.9996 9.997E-05 9.997E-05 9.997E-05 9.997E-05
0.0909176 9.9982E-05 0.907257 0.00162522 9.9982E-05
0.0712766 0.673254 9.9982E-05 0.25527 9.9982E-05
0.984716 9.9973E-05 9.9973E-05 0.0149837 9.9973E-05
0.0930998 0.9066 9.99731E-05 9.99731E-05 9.99731E-05
0.0332722 0.710419 0.187737 0.00861277 0.0599585
0.124825 0.440978 9.9991E-05 0.366847 0.0672505
0.145725 0.788425 9.9991E-05 0.0510092 0.0147406
0.0969679 0.806579 0.00993092 0.0832782 0.00324404
9.9991E-05 0.842682 0.0195056 0.1239 0.0138118
0.00756173 0.930128 0.0621104 9.9982E-05 9.9982E-05
9.9991E-05 0.787428 0.080705 0.125831 0.0059357
9.9991E-05 0.67843 0.0333071 0.190009 0.0981533
0.0673082 0.747723 0.0518146 0.094403 0.038751
0.111355 0.663059 0.0676389 0.157847 9.9991E-05
9.99822E-05 0.946865 0.0180537 9.99822E-05 0.0348816
9.997E-05 9.997E-05 0.9996 9.997E-05 9.997E-05
9.997E-05 9.997E-05 0.9996 9.997E-05 9.997E-05
9.997E-05 9.997E-05 0.9996 9.997E-05 9.997E-05
9.997E-05 9.997E-05 0.9996 9.997E-05 9.997E-05
9.997E-05 9.997E-05 0.9996 9.997E-05 9.997E-05
0.288001 0.0798887 0.581067 9.9991E-05 0.0509429
9.9973E-05 9.9973E-05 0.997707 0.00199353 9.9973E-05
9.997E-05 0.9996 9.997E-05 9.997E-05 9.997E-05
0.118377 0.314827 0.566596 9.9982E-05 9.9982E-05
0.9996 9.997E-05 9.997E-05 9.997E-05 9.997E-05
9.99731E-05 0.940125 9.99731E-05 0.0595753 9.99731E-05
0.0913895 0.908311 9.99731E-05 9.99731E-05 9.99731E-05
0.000444518 0.986599 9.99821E-05 9.99821E-05 0.012756
0.0059299 0.99377 9.99731E-05 9.99731E-05 9.99731E-05
9.9982E-05 0.906816 9.9982E-05 0.0613653 0.0316188
9.9982E-05 0.0622208 0.039465 9.9982E-05 0.898114
0.988142 9.99821E-05 0.00705203 0.0046063 9.99821E-05
0.361756 0.432097 0.125212 0.00972427 0.0712112
0.9996 9.997E-05 9.997E-05 9.997E-05 9.997E-05
0.959046 0.0135874 0.0271665 9.9982E-05 9.9982E-05
0.896036 9.9973E-05 0.103664 9.9973E-05 9.9973E-05
0.952394 9.9982E-05 0.0455065 9.9982E-05 0.00189945
0.932957 0.0204089 0.0202152 0.0263185 9.9991E-05
0.99616 9.9973E-05 9.9973E-05 0.00353992 9.9973E-05
0.47875 9.99732E-05 0.52095 9.99732E-05 9.99732E-05
0.511247 0.0866374 0.35434 9.99911E-05 0.047676
0.983377 9.9982E-05 0.0118678 0.00455558 9.9982E-05
0.0664362 0.736467 0.120155 0.0768419 9.9991E-05
0.0480142 0.737547 0.149913 0.0644257 9.9991E-05
9.997E-05 9.997E-05 9.997E-05 0.9996 9.997E-05
9.997E-05 9.997E-05 9.997E-05 0.9996 9.997E-05
9.99819E-05 0.815438 0.116324 0.0680379 9.99819E-05
9.99819E-05 0.842725 0.0969231 0.0601518 9.99819E-05
9.9973E-05 9.9973E-05 0.00712981 0.99257 9.9973E-05
9.997E-05 9.997E-05 9.997E-05 0.9996 9.997E-05
9.9973E-05 0.991868 0.00783201 9.9973E-05 9.9973E-05
0.0140813 0.889331 0.0441782 9.9991E-05 0.0523093
0.0928042 0.307416 0.59958 9.9982E-05 9.9982E-05
0.0738073 0.55123 9.9991E-05 0.265464 0.109398
9.99821E-05 0.619406 9.99821E-05 0.293992 0.0864015
0.615569 9.9991E-05 0.310219 0.0275367 0.0465758
