9.997E-05 9.997E-05 9.997E-05 9.997E-05 0.9996
9.9973E-05 0.48208 9.9973E-05 9.9973E-05 0.51762
0.0523954 0.835354 0.0917163 0.0204347 9.99911E-05
0.0639113 0.935789 9.9973E-05 9.9973E-05 9.9973E-05
9.99731E-05 0.656299 9.99731E-05 9.99731E-05 0.343402
0.0326146 0.967085 9.9973E-05 9.9973E-05 9.9973E-05
9.99821E-05 0.307195 0.555394 9.99821E-05 0.137211
9.99731E-05 0.783735 9.99731E-05 9.99731E-05 0.215966
9.99821E-05 0.335505 0.339606 9.99821E-05 0.32469
0.0541923 0.018661 9.99821E-05 9.99821E-05 0.926947
0.0530869 9.99821E-05 0.0435721 9.99821E-05 0.903141
0.164136 0.0150679 0.209224 9.9991E-05 0.611472
9.997E-05 9.997E-05 0.9996 9.997E-05 9.997E-05
0.0169311 0.958267 9.9982E-05 0.0246021 9.9982E-05
0.00450507 0.970328 9.9991E-05 0.0162987 0.00876794
9.9982E-05 0.0344293 0.395592 9.9982E-05 0.569779
0.383758 9.9991E-05 0.184059 0.0644695 0.367613
9.9982E-05 0.0192065 9.9982E-05 0.708918 0.271676
0.127107 9.9973E-05 9.9973E-05 0.872593 9.9973E-05
0.113675 9.9982E-05 0.0710268 9.9982E-05 0.815098
9.997E-05 9.997E-05 9.997E-05 0.9996 9.997E-05
0.0115473 9.9982E-05 0.112719 9.9982E-05 0.875533
0.37659 0.0270113 9.9991E-05 0.41139 0.184908
0.0856583 9.9973E-05 9.9973E-05 0.914042 9.9973E-05
9.997E-05 0.9996 9.997E-05 9.997E-05 9.997E-05
9.997E-05 0.9996 9.997E-05 9.997E-05 9.997E-05
0.0778143 9.99819E-05 0.808832 9.99819E-05 0.113154
9.9973E-05 0.997091 0.00260926 9.9973E-05 9.9973E-05
9.9973E-05 0.976959 0.0227406 9.9973E-05 9.9973E-05
0.0253495 0.88286 0.0380597 0.0536312 9.9991E-05
0.039912 0.918026 0.0228798 0.0190821 9.9991E-05
9.99732E-05 0.522613 9.99732E-05 9.99732E-05 0.477088
9.997E-05 0.9996 9.997E-05 9.997E-05 9.997E-05
9.99731E-05 0.774097 9.99731E-05 9.99731E-05 0.225603
0.233431 0.0586274 0.579287 9.9991E-05 0.128555
0.000614333 0.980869 0.0183171 9.99819E-05 9.99819E-05
0.0327022 0.0299115 0.0132134 9.9991E-05 0.924073
9.9982E-05 0.0866441 9.9982E-05 0.0397771 0.873379
0.434361 0.128377 0.177716 0.0513434 0.208203
0.0518054 0.090382 9.9982E-05 9.9982E-05 0.857613
0.0516966 0.035768 9.9991E-05 0.00287324 0.909562
0.0375451 9.9991E-05 0.000958625 0.0369429 0.924453
9.9973E-05 9.9973E-05 0.322589 9.9973E-05 0.677111
0.0672667 9.9982E-05 0.0535267 9.9982E-05 0.879007
0.178703 9.9991E-05 0.181952 0.113092 0.526153
0.0686125 0.0942659 0.0697821 0.0376774 0.729662
0.110498 0.156631 0.243099 9.9991E-05 0.489672
9.99733E-05 9.99733E-05 9.99733E-05 0.0159228 0.983777
9.9982E-05 0.756972 9.9982E-05 0.0110653 0.231763
9.9982E-05 0.757356 9.9982E-05 0.0160981 0.226346
9.9982E-05 0.745081 9.9982E-05 0.00582807 0.248891
9.9982E-05 0.780125 9.9982E-05 0.0193194 0.200356
9.9973E-05 0.791812 9.9973E-05 9.9973E-05 0.207888
9.99821E-05 0.736411 9.99821E-05 0.0281882 0.235201
9.9973E-05 0.693266 9.9973E-05 9.9973E-05 0.306434
9.9973E-05 9.9973E-05 0.086116 9.9973E-05 0.913584
9.9973E-05 0.517385 9.9973E-05 9.9973E-05 0.482315
9.997E-05 0.9996 9.997E-05 9.997E-05 9.997E-05
0.0578075 9.9982E-05 0.885787 9.9982E-05 0.0562051
0.0035629 0.0503827 0.384854 9.9991E-05 0.5611
9.997E-05 9.997E-05 0.9996 9.997E-05 9.997E-05
9.99729E-05 9.99729E-05 0.893211 9.99729E-05 0.106489
0.0850194 9.9991E-05 0.899183 0.0123007 0.00339682
9.99821E-05 0.0264219 9.99821E-05 0.915267 0.0581107
0.00677651 0.992924 9.99731E-05 9.99731E-05 9.99731E-05
0.117996 0.367779 0.108504 0.0371203 0.368601
9.997E-05 0.9996 9.997E-05 9.997E-05 9.997E-05
0.00128537 0.988313 0.0102018 9.9982E-05 9.9982E-05
9.9973E-05 0.953704 0.0459959 9.9973E-05 9.9973E-05
9.9982E-05 0.996394 9.9982E-05 0.00313492 0.000271467
0.0245247 0.960092 9.9982E-05 9.9982E-05 0.0151833
0.0179326 0.981393 0.000474475 9.9982E-05 9.9982E-05
9.99732E-05 0.889254 9.99732E-05 9.99732E-05 0.110446
9.99732E-05 0.81293 0.18677 9.99732E-05 9.99732E-05
0.0147694 0.984931 9.9973E-05 9.9973E-05 9.9973E-05
0.0535003 0.11973 0.109954 9.9991E-05 0.716716
0.0377579 0.125113 0.139363 9.9991E-05 0.697666
0.9996 9.997E-05 9.997E-05 9.997E-05 9.997E-05
0.9996 9.997E-05 9.997E-05 9.997E-05 9.997E-05
0.0259065 9.9982E-05 0.0466632 9.9982E-05 0.92723
0.0176651 9.9991E-05 0.0628994 0.000339082 0.918996
0.9996 9.997E-05 9.997E-05 9.997E-05 9.997E-05
0.9996 9.997E-05 9.997E-05 9.997E-05 9.997E-05
9.9973E-05 9.9973E-05 0.0961656 9.9973E-05 0.903534
9.9991E-05 0.0129019 0.308663 0.058216 0.620119
9.9973E-05 0.515275 9.9973E-05 9.9973E-05 0.484425
0.283002 0.0260034 0.36674 0.115432 0.208823
0.327942 9.9991E-05 0.483341 0.0587411 0.129876
0.0208949 0.892159 0.0211494 0.0656969 9.9991E-05
