0.0621091 0.937791 9.9991E-05
0.352964 0.353702 0.293334
0.0883414 0.0971986 0.81446
0.0232663 9.9991E-05 0.976634
0.407207 0.200067 0.392726
9.999E-05 9.999E-05 0.9998
0.54424 0.45566 9.99911E-05
0.533495 0.0439742 0.422531
0.574028 0.425872 9.9991E-05
0.214011 0.78589 9.9991E-05
0.174622 0.825278 9.9991E-05
9.9991E-05 0.88847 0.11143
9.9991E-05 0.901643 0.0982568
9.9991E-05 0.0130368 0.986863
9.9991E-05 0.0159518 0.983948
0.117077 0.874472 0.00845145
9.9991E-05 0.945324 0.0545759
0.0637988 0.936101 9.99911E-05
9.999E-05 0.9998 9.999E-05
0.0623743 0.937526 9.9991E-05
9.999E-05 0.9998 9.999E-05
0.0666045 0.922666 0.0107297
0.0395812 0.926179 0.0342401
9.999E-05 0.9998 9.999E-05
9.999E-05 9.999E-05 0.9998
9.999E-05 9.999E-05 0.9998
9.999E-05 0.9998 9.999E-05
0.0787547 9.9991E-05 0.921145
0.0928768 9.9991E-05 0.907023
0.299618 9.9991E-05 0.700282
0.346224 0.000343113 0.653433
0.701366 0.263944 0.0346897
9.999E-05 9.999E-05 0.9998
0.876103 9.9991E-05 0.123797
9.9991E-05 0.883814 0.116086
9.9991E-05 0.00655415 0.993346
9.9991E-05 0.872977 0.126923
0.275603 0.71373 0.0106669
9.9991E-05 0.80153 0.19837
9.99909E-05 0.806807 0.193093
0.0289309 0.824323 0.146746
0.0558828 0.944017 9.99909E-05
0.177463 0.822437 9.9991E-05
0.0991728 0.900727 9.99909E-05
0.0840686 0.915831 9.9991E-05
0.130681 0.816212 0.0531071
0.0907238 0.760656 0.14862
0.0511735 0.948726 9.99911E-05
0.9998 9.999E-05 9.999E-05
0.9998 9.999E-05 9.999E-05
0.9998 9.999E-05 9.999E-05
0.9998 9.999E-05 9.999E-05
0.9998 9.999E-05 9.999E-05
0.676906 0.127566 0.195528
0.9998 9.999E-05 9.999E-05
0.0720806 0.923611 0.00430863
0.676703 0.259341 0.0639552
9.999E-05 9.999E-05 0.9998
0.0202899 0.958769 0.0209415
0.0560184 0.852252 0.0917299
0.0135088 0.918488 0.0680034
9.9991E-05 0.961072 0.0388283
9.999E-05 0.9998 9.999E-05
0.0238878 0.976012 9.99913E-05
9.999E-05 9.999E-05 0.9998
0.200003 0.4946 0.305397
0.025455 9.9991E-05 0.974445
0.0305003 9.9991E-05 0.9694
0.0929856 9.9991E-05 0.906914
0.0685889 9.9991E-05 0.931311
0.0328804 0.021517 0.945603
9.999E-05 9.999E-05 0.9998
0.551322 9.9991E-05 0.448578
0.460915 0.0195669 0.519518
0.0337369 0.0064721 0.959791
0.198094 0.723279 0.0786269
0.233863 0.728988 0.0371493
9.9991E-05 0.867745 0.132155
9.9991E-05 0.875362 0.124538
0.152623 0.847277 9.99909E-05
0.142628 0.857272 9.99909E-05
0.0153079 0.862862 0.12183
9.9991E-05 0.875209 0.124691
0.106304 0.893596 9.9991E-05
0.116791 0.881295 0.00191431
0.723815 0.232069 0.0441158
9.9991E-05 0.897585 0.102315
9.9991E-05 0.94456 0.0553403
0.401183 0.00896586 0.589851
