9.998E-05 9.998E-05 9.998E-05 0.9997
9.999E-05 0.315713 0.260712 0.423475
0.0644751 0.781095 0.118268 0.0361624
9.9982E-05 0.990764 0.00903598 9.9982E-05
9.999E-05 0.497134 0.303728 0.199038
9.9982E-05 0.999423 9.9982E-05 0.00037692
9.99821E-05 9.99821E-05 0.47479 0.52501
9.999E-05 0.42494 0.50142 0.0735407
9.99821E-05 9.99821E-05 0.481823 0.517977
9.9982E-05 9.9982E-05 0.14045 0.85935
9.9982E-05 9.9982E-05 0.117745 0.882055
9.9982E-05 0.0691864 9.9982E-05 0.930614
9.99821E-05 0.0617602 9.99821E-05 0.93804
0.0192308 0.980569 9.9982E-05 9.9982E-05
0.0185995 0.972746 9.9991E-05 0.00855415
9.9982E-05 9.9982E-05 0.0761275 0.923673
0.14113 0.0512785 9.9991E-05 0.807492
0.740652 9.9991E-05 0.104263 0.154985
0.9997 9.998E-05 9.998E-05 9.998E-05
9.9982E-05 9.9982E-05 0.0127693 0.987031
0.9997 9.998E-05 9.998E-05 9.998E-05
9.9982E-05 9.9982E-05 0.00344254 0.996357
0.533535 0.0755679 0.0299455 0.360951
0.959257 9.9982E-05 9.9982E-05 0.0405429
9.9982E-05 0.983402 0.0163979 9.9982E-05
9.998E-05 0.9997 9.998E-05 9.998E-05
9.998E-05 9.998E-05 9.998E-05 0.9997
9.9982E-05 0.935199 0.0646013 9.9982E-05
9.9982E-05 0.879957 0.119843 9.9982E-05
0.0359518 0.685618 0.278331 9.9991E-05
0.0142177 0.692493 0.293189 9.9991E-05
9.9991E-05 0.0749266 0.646772 0.278202
9.998E-05 0.9997 9.998E-05 9.998E-05
9.9982E-05 0.114365 0.885435 9.9982E-05
9.9982E-05 0.0995029 9.9982E-05 0.900297
9.9982E-05 0.995951 9.9982E-05 0.0038488
9.99821E-05 0.0815153 9.99821E-05 0.918285
0.0136124 0.00221911 0.225934 0.758234
0.138697 0.1988 9.9991E-05 0.662403
9.9982E-05 0.149137 9.9982E-05 0.850663
0.00505392 0.0784213 0.0273011 0.889224
0.00903756 9.9991E-05 0.0444422 0.94642
9.9982E-05 9.9982E-05 0.0844524 0.915348
9.9982E-05 9.9982E-05 0.072543 0.927257
0.128021 9.9991E-05 0.0718053 0.800074
0.0380016 0.032305 0.103538 0.826155
0.00204352 0.143912 0.0272916 0.826753
0.00562227 9.99911E-05 0.0298304 0.964447
9.998E-05 9.998E-05 0.9997 9.998E-05
9.998E-05 9.998E-05 0.9997 9.998E-05
9.998E-05 9.998E-05 0.9997 9.998E-05
9.998E-05 9.998E-05 0.9997 9.998E-05
9.998E-05 9.998E-05 0.9997 9.998E-05
0.0441961 0.215161 0.675823 0.0648195
9.998E-05 9.998E-05 0.9997 9.998E-05
9.998E-05 9.998E-05 9.998E-05 0.9997
9.9991E-05 0.112812 0.528361 0.358727
9.998E-05 0.9997 9.998E-05 9.998E-05
9.99821E-05 9.99821E-05 0.0221324 0.977668
9.9991E-05 0.0654083 0.00514641 0.929345
9.998E-05 9.998E-05 9.998E-05 0.9997
9.998E-05 9.998E-05 9.998E-05 0.9997
0.0147246 9.9982E-05 9.9982E-05 0.985075
0.89965 9.9991E-05 0.0443567 0.055893
9.998E-05 0.9997 9.998E-05 9.998E-05
0.0327852 0.246248 0.17089 0.550077
9.99821E-05 0.980977 0.0188232 9.99821E-05
9.9991E-05 0.949303 0.0305809 0.020016
9.9982E-05 0.909972 0.089828 9.9982E-05
9.9982E-05 0.90856 0.0912397 9.9982E-05
9.9991E-05 0.947957 0.0116118 0.0403309
9.998E-05 0.9997 9.998E-05 9.998E-05
9.99821E-05 0.518614 0.481186 9.99821E-05
0.049224 0.518144 0.417357 0.0152754
0.013336 0.952431 0.0271393 0.00709357
9.9991E-05 0.0564375 0.141213 0.802249
9.9991E-05 0.0407128 0.160087 0.7991
0.204395 0.115509 9.9991E-05 0.679996
0.226869 0.127209 9.9991E-05 0.645822
9.99819E-05 9.99819E-05 0.12402 0.87578
9.99819E-05 9.99819E-05 0.124194 0.875606
0.216524 0.120415 9.9991E-05 0.66296
0.217665 0.120226 9.9991E-05 0.662008
9.9982E-05 9.9982E-05 0.0505606 0.949239
0.0418724 0.0186825 0.0639761 0.875469
9.9991E-05 0.0574465 0.635078 0.307376
0.202501 0.0820906 9.9991E-05 0.715309
0.144762 0.0101979 9.9991E-05 0.84494
0.0628915 0.559454 0.377555 9.9991E-05
