0.0046838 9.99188E-05 9.99188E-05 9.99188E-05 9.99188E-05 9.99188E-05 9.99188E-05 9.99188E-05 0.0373122 0.957105 9.99188E-05 9.99188E-05
9.99279E-05 0.77146 0.107277 9.99279E-05 9.99279E-05 9.99279E-05 0.102288 9.99279E-05 9.99279E-05 0.018175 9.99279E-05 9.99279E-05
9.9901E-05 9.9901E-05 9.9901E-05 9.9901E-05 0.998901 9.9901E-05 9.9901E-05 9.9901E-05 9.9901E-05 9.9901E-05 9.9901E-05 9.9901E-05
0.0407881 9.9919E-05 0.934109 0.0242036 9.9919E-05 9.9919E-05 9.9919E-05 9.9919E-05 9.9919E-05 9.9919E-05 9.9919E-05 9.9919E-05
9.99641E-05 0.200316 0.26476 0.0182903 0.0661662 0.210191 0.0262369 9.99641E-05 0.176106 0.0375338 9.99641E-05 9.99641E-05
9.99101E-05 9.99101E-05 0.980398 9.99101E-05 9.99101E-05 9.99101E-05 0.0186033 9.99101E-05 9.99101E-05 9.99101E-05 9.99101E-05 9.99101E-05
9.9919E-05 9.9919E-05 9.9919E-05 9.9919E-05 9.9919E-05 0.530153 9.9919E-05 0.230627 9.9919E-05 9.9919E-05 9.9919E-05 0.23832
0.0451234 0.0917012 0.127038 0.101587 0.0225716 0.576651 9.99549E-05 9.99549E-05 0.0348276 9.99549E-05 9.99549E-05 9.99549E-05
9.9937E-05 0.137777 9.9937E-05 9.9937E-05 9.9937E-05 0.435384 9.9937E-05 0.233868 0.0485506 9.9937E-05 9.9937E-05 0.143721
9.99101E-05 9.99101E-05 9.99101E-05 9.99101E-05 9.99101E-05 0.0319066 9.99101E-05 9.99101E-05 0.967094 9.99101E-05 9.99101E-05 9.99101E-05
9.99013E-05 9.99013E-05 9.99013E-05 9.99013E-05 9.99013E-05 9.99013E-05 9.99013E-05 9.99013E-05 0.998901 9.99013E-05 9.99013E-05 9.99013E-05
0.135185 9.9937E-05 0.0520956 9.9937E-05 9.9937E-05 9.9937E-05 9.9937E-05 0.00898076 9.9937E-05 0.646107 9.9937E-05 0.156931
9.99102E-05 9.99102E-05 9.99102E-05 9.99102E-05 9.99102E-05 0.0472507 9.99102E-05 9.99102E-05 9.99102E-05 9.99102E-05 9.99102E-05 0.95175
0.000496207 0.0132127 0.953673 9.99461E-05 9.99461E-05 9.99461E-05 0.0275762 9.99461E-05 9.99461E-05 9.99461E-05 0.00319126 0.00125097
9.99281E-05 9.99281E-05 0.943619 9.99281E-05 9.99281E-05 9.99281E-05 9.99281E-05 9.99281E-05 0.0351094 0.00591117 0.0145615 9.99281E-05
9.9919E-05 9.9919E-05 9.9919E-05 9.9919E-05 9.9919E-05 9.9919E-05 0.0118751 0.830187 9.9919E-05 9.9919E-05 9.9919E-05 0.157039
9.99189E-05 9.99189E-05 9.99189E-05 9.99189E-05 9.99189E-05 9.99189E-05 0.910572 0.0202534 0.0682753 9.99189E-05 9.99189E-05 9.99189E-05
9.99369E-05 0.11904 9.99369E-05 9.99369E-05 0.0108457 9.99369E-05 9.99369E-05 0.0532397 0.0992408 9.99369E-05 0.716935 9.99369E-05
0.100982 9.991E-05 9.991E-05 9.991E-05 9.991E-05 9.991E-05 9.991E-05 9.991E-05 9.991E-05 9.991E-05 0.898019 9.991E-05
0.0472775 9.99369E-05 9.99369E-05 9.99369E-05 9.99369E-05 9.99369E-05 0.0713703 0.325399 0.444409 0.110844 9.99369E-05 9.99369E-05
9.99101E-05 9.99101E-05 9.99101E-05 9.99101E-05 9.99101E-05 0.0071224 9.99101E-05 9.99101E-05 9.99101E-05 9.99101E-05 0.991879 9.99101E-05
9.99459E-05 0.00148337 9.99459E-05 9.99459E-05 9.99459E-05 9.99459E-05 0.101724 0.330632 0.0229985 0.518118 9.99459E-05 0.0244445
0.175246 9.99371E-05 9.99371E-05 9.99371E-05 0.00760994 9.99371E-05 0.279848 9.99371E-05 0.173604 9.99371E-05 0.362992 9.99371E-05
0.0560058 9.9928E-05 9.9928E-05 9.9928E-05 9.9928E-05 9.9928E-05 0.0152033 9.9928E-05 0.0235948 9.9928E-05 0.904397 9.9928E-05
9.99193E-05 9.99193E-05 0.966624 0.0117796 0.0206968 9.99193E-05 9.99193E-05 9.99193E-05 9.99193E-05 9.99193E-05 9.99193E-05 9.99193E-05
9.99102E-05 9.99102E-05 0.993139 0.00586184 9.99102E-05 9.99102E-05 9.99102E-05 9.99102E-05 9.99102E-05 9.99102E-05 9.99102E-05 9.99102E-05
0.0271016 9.99459E-05 9.99459E-05 9.99459E-05 9.99459E-05 9.99459E-05 0.0278307 0.0239156 0.0851846 0.0694423 9.99459E-05 0.765926
9.9919E-05 9.9919E-05 0.939501 0.0560715 0.00352824 9.9919E-05 9.9919E-05 9.9919E-05 9.9919E-05 9.9919E-05 9.9919E-05 9.9919E-05
9.9946E-05 0.0211474 0.912056 0.0272864 0.018389 9.9946E-05 9.9946E-05 0.0132329 9.9946E-05 9.9946E-05 9.9946E-05 0.00728878
0.0203885 0.0157214 0.552118 0.172344 0.105951 0.114019 0.0107348 9.99641E-05 9.99641E-05 9.99641E-05 0.00832342 9.99641E-05
0.0273948 9.9946E-05 0.411405 0.120768 0.0115172 0.393556 0.0347597 9.9946E-05 9.9946E-05 9.9946E-05 9.9946E-05 9.9946E-05
9.99013E-05 0.998901 9.99013E-05 9.99013E-05 9.99013E-05 9.99013E-05 9.99013E-05 9.99013E-05 9.99013E-05 9.99013E-05 9.99013E-05 9.99013E-05
9.99192E-05 9.99192E-05 0.854319 9.99192E-05 9.99192E-05 0.141816 0.00296574 9.99192E-05 9.99192E-05 9.99192E-05 9.99192E-05 9.99192E-05
9.99371E-05 0.0343528 0.0117743 0.733772 0.0294848 0.189916 9.99371E-05 9.99371E-05 9.99371E-05 9.99371E-05 9.99371E-05 9.99371E-05
0.0952302 9.99368E-05 9.99368E-05 0.0245297 9.99368E-05 9.99368E-05 0.356636 9.99368E-05 9.99368E-05 0.0695179 9.99368E-05 0.453386
9.99279E-05 9.99279E-05 0.91463 9.99279E-05 9.99279E-05 0.0337399 0.0266812 0.0241491 9.99279E-05 9.99279E-05 9.99279E-05 9.99279E-05
9.9919E-05 9.9919E-05 9.9919E-05 9.9919E-05 0.0133267 9.9919E-05 0.0178324 9.9919E-05 9.9919E-05 0.967942 9.9919E-05 9.9919E-05
9.9946E-05 0.169184 0.0259013 9.9946E-05 9.9946E-05 0.00576092 0.00752744 9.9946E-05 0.731618 0.0594081 9.9946E-05 9.9946E-05
9.99098E-05 9.99098E-05 9.99098E-05 9.99098E-05 9.99098E-05 0.00933253 0.989668 9.99098E-05 9.99098E-05 9.99098E-05 9.99098E-05 9.99098E-05
9.99368E-05 9.99368E-05 0.0721073 9.99368E-05 9.99368E-05 9.99368E-05 0.159545 0.305792 0.22342 0.238435 9.99368E-05 9.99368E-05
0.00761183 0.0569999 0.0117748 9.99639E-05 9.99639E-05 9.99639E-05 0.13049 0.311717 0.233955 0.237103 0.00994843 9.99639E-05
9.99189E-05 9.99189E-05 9.99189E-05 9.99189E-05 9.99189E-05 9.99189E-05 9.99189E-05 0.0326443 0.915369 0.0510871 9.99189E-05 9.99189E-05
9.99191E-05 9.99191E-05 9.99191E-05 9.99191E-05 9.99191E-05 9.99191E-05 9.99191E-05 0.945431 9.99191E-05 0.0300749 9.99191E-05 0.0235947
0.00142736 9.9955E-05 9.9955E-05 0.00600298 0.0221839 9.9955E-05 0.026947 9.9955E-05 0.891101 0.0313206 9.9955E-05 0.0205179
0.123519 0.0480089 9.99549E-05 9.99549E-05 9.99549E-05 9.99549E-05 9.99549E-05 0.0505393 0.426075 0.0443901 0.124885 0.182083
9.9964E-05 0.0303239 0.0532672 9.9964E-05 9.9964E-05 9.9964E-05 0.0439731 0.148224 0.521341 0.129094 0.0433791 0.0299976
0.0143368 0.0161386 0.0996819 0.0543901 0.00855759 9.9973E-05 0.208584 9.9973E-05 0.199777 0.225101 9.9973E-05 0.173133
9.99106E-05 9.99106E-05 9.99106E-05 9.99106E-05 9.99106E-05 9.99106E-05 9.99106E-05 9.99106E-05 9.99106E-05 0.979658 0.0193425 9.99106E-05
9.99011E-05 9.99011E-05 9.99011E-05 0.998901 9.99011E-05 9.99011E-05 9.99011E-05 9.99011E-05 9.99011E-05 9.99011E-05 9.99011E-05 9.99011E-05
9.9919E-05 9.9919E-05 9.9919E-05 0.980927 9.9919E-05 9.9919E-05 0.012542 0.00563142 9.9919E-05 9.9919E-05 9.9919E-05 9.9919E-05
9.99191E-05 9.99191E-05 9.99191E-05 0.990691 9.99191E-05 9.99191E-05 9.99191E-05 0.00715041 0.0012597 9.99191E-05 9.99191E-05 9.99191E-05
9.99012E-05 9.99012E-05 9.99012E-05 0.998901 9.99012E-05 9.99012E-05 9.99012E-05 9.99012E-05 9.99012E-05 9.99012E-05 9.99012E-05 9.99012E-05
9.99011E-05 9.99011E-05 9.99011E-05 0.998901 9.99011E-05 9.99011E-05 9.99011E-05 9.99011E-05 9.99011E-05 9.99011E-05 9.99011E-05 9.99011E-05
9.99551E-05 0.120902 0.178558 0.40843 0.026673 0.154231 9.99551E-05 0.0666449 9.99551E-05 9.99551E-05 0.0440602 9.99551E-05
0.0184271 0.0868369 9.9928E-05 0.891451 9.9928E-05 9.9928E-05 9.9928E-05 0.00248603 9.9928E-05 9.9928E-05 9.9928E-05 9.9928E-05
9.99099E-05 9.99099E-05 9.99099E-05 9.99099E-05 9.99099E-05 9.99099E-05 9.99099E-05 0.169108 9.99099E-05 0.829893 9.99099E-05 9.99099E-05
9.99189E-05 0.930502 9.99189E-05 0.0556377 9.99189E-05 9.99189E-05 9.99189E-05 9.99189E-05 9.99189E-05 9.99189E-05 9.99189E-05 0.0129615
9.9919E-05 9.9919E-05 0.964923 9.9919E-05 0.00475134 9.9919E-05 0.0294261 9.9919E-05 9.9919E-05 9.9919E-05 9.9919E-05 9.9919E-05
0.0503922 9.9937E-05 9.9937E-05 0.00569279 9.9937E-05 9.9937E-05 9.9937E-05 0.134623 9.9937E-05 0.0132308 9.9937E-05 0.795361
9.99281E-05 9.99281E-05 9.99281E-05 9.99281E-05 0.00686829 9.99281E-05 9.99281E-05 0.906575 9.99281E-05 0.00754777 9.99281E-05 0.0782099
9.99192E-05 9.99192E-05 9.99192E-05 9.99192E-05 0.0207108 0.014751 9.99192E-05 9.99192E-05 9.99192E-05 9.99192E-05 9.99192E-05 0.963639
9.99279E-05 0.00313998 0.00664056 9.99279E-05 9.99279E-05 9.99279E-05 9.99279E-05 9.99279E-05 0.1141 9.99279E-05 9.99279E-05 0.875321
0.0790974 9.99369E-05 9.99369E-05 9.99369E-05 9.99369E-05 9.99369E-05 0.0177308 9.99369E-05 0.0828767 9.99369E-05 0.000367927 0.819228
9.99103E-05 9.99103E-05 9.99103E-05 9.99103E-05 9.99103E-05 9.99103E-05 9.99103E-05 9.99103E-05 9.99103E-05 0.106963 0.892038 9.99103E-05
9.99194E-05 9.99194E-05 0.972981 9.99194E-05 0.0224813 9.99194E-05 9.99194E-05 9.99194E-05 0.00363798 9.99194E-05 9.99194E-05 9.99194E-05
0.0330084 0.33913 0.0814965 0.0562397 9.998E-05 0.150614 0.0432824 9.998E-05 0.0058695 0.126118 0.0307295 0.133312
9.99282E-05 9.99282E-05 0.823173 9.99282E-05 0.136227 0.0314738 9.99282E-05 0.00832716 9.99282E-05 9.99282E-05 9.99282E-05 9.99282E-05
9.9928E-05 9.9928E-05 0.889791 9.9928E-05 9.9928E-05 0.0485874 0.0574813 9.9928E-05 9.9928E-05 0.00334137 9.9928E-05 9.9928E-05
9.9928E-05 9.9928E-05 0.880349 0.0368763 9.9928E-05 0.0271792 9.9928E-05 0.0547963 9.9928E-05 9.9928E-05 9.9928E-05 9.9928E-05
9.99461E-05 0.026188 0.925928 0.00817647 9.99461E-05 0.00430535 9.99461E-05 0.0286962 9.99461E-05 9.99461E-05 0.00610627 9.99461E-05
9.99461E-05 0.00758779 0.779277 9.99461E-05 9.99461E-05 0.106414 0.0225756 9.99461E-05 0.0486525 0.0348938 9.99461E-05 9.99461E-05
9.991E-05 9.991E-05 0.981788 9.991E-05 9.991E-05 9.991E-05 0.0172133 9.991E-05 9.991E-05 9.991E-05 9.991E-05 9.991E-05
9.99368E-05 9.99368E-05 0.0587697 0.0757712 0.00679554 0.847238 0.0107264 9.99368E-05 9.99368E-05 9.99368E-05 9.99368E-05 9.99368E-05
9.9901E-05 9.9901E-05 9.9901E-05 9.9901E-05 9.9901E-05 0.998901 9.9901E-05 9.9901E-05 9.9901E-05 9.9901E-05 9.9901E-05 9.9901E-05
0.00191112 0.00884437 0.934903 0.0164282 0.0270897 9.99551E-05 9.99551E-05 0.00608197 9.99551E-05 9.99551E-05 9.99551E-05 0.00424231
9.99189E-05 9.99189E-05 0.0199647 9.99189E-05 9.99189E-05 0.025626 9.99189E-05 0.95351 9.99189E-05 9.99189E-05 9.99189E-05 9.99189E-05
9.991E-05 9.991E-05 9.991E-05 0.0224994 9.991E-05 9.991E-05 9.991E-05 0.976502 9.991E-05 9.991E-05 9.991E-05 9.991E-05
0.998901 9.99011E-05 9.99011E-05 9.99011E-05 9.99011E-05 9.99011E-05 9.99011E-05 9.99011E-05 9.99011E-05 9.99011E-05 9.99011E-05 9.99011E-05
0.998901 9.99011E-05 9.99011E-05 9.99011E-05 9.99011E-05 9.99011E-05 9.99011E-05 9.99011E-05 9.99011E-05 9.99011E-05 9.99011E-05 9.99011E-05
9.99279E-05 0.0769969 9.99279E-05 9.99279E-05 9.99279E-05 9.99279E-05 9.99279E-05 0.115894 0.778298 0.0280115 9.99279E-05 9.99279E-05
9.99369E-05 0.0420493 9.99369E-05 9.99369E-05 9.99369E-05 9.99369E-05 9.99369E-05 0.0871256 0.760716 0.0297047 9.99369E-05 0.0797045
0.954929 9.99371E-05 9.99371E-05 9.99371E-05 9.99371E-05 0.00834766 9.99371E-05 0.0100487 0.0172585 9.99371E-05 9.99371E-05 0.00871679
0.998901 9.99011E-05 9.99011E-05 9.99011E-05 9.99011E-05 9.99011E-05 9.99011E-05 9.99011E-05 9.99011E-05 9.99011E-05 9.99011E-05 9.99011E-05
9.99189E-05 9.99189E-05 9.99189E-05 0.0233378 9.99189E-05 9.99189E-05 9.99189E-05 9.99189E-05 9.99189E-05 0.920351 9.99189E-05 0.055412
9.9937E-05 0.0582816 9.9937E-05 9.9937E-05 9.9937E-05 9.9937E-05 9.9937E-05 0.609304 0.104933 9.9937E-05 0.0848611 0.14192
9.991E-05 0.935034 9.991E-05 0.0639671 9.991E-05 9.991E-05 9.991E-05 9.991E-05 9.991E-05 9.991E-05 9.991E-05 9.991E-05
0.111045 9.99462E-05 0.0309958 9.99462E-05 9.99462E-05 9.99462E-05 0.295939 9.99462E-05 0.175307 9.99462E-05 0.066886 0.319228
0.1493 9.99371E-05 9.99371E-05 9.99371E-05 9.99371E-05 9.99371E-05 0.385295 9.99371E-05 9.99371E-05 0.136357 0.0450262 0.283322
0.0171264 0.0313016 0.31504 0.122618 9.9946E-05 0.473356 9.9946E-05 9.9946E-05 9.9946E-05 9.9946E-05 0.039959 9.9946E-05
