9.99279E-05 0.917884 0.0676033 9.99279E-05 9.99279E-05 9.99279E-05 0.0088214 9.99279E-05 9.99279E-05 9.99279E-05 0.00489157 9.99279E-05
9.9928E-05 0.0369891 9.9928E-05 0.789006 0.0910541 0.0821518 9.9928E-05 9.9928E-05 9.9928E-05 9.9928E-05 9.9928E-05 9.9928E-05
0.0424119 9.99554E-05 9.99554E-05 0.0156243 9.99554E-05 0.771254 9.99554E-05 0.0683257 0.0338594 0.0616813 0.00634393 9.99554E-05
9.99101E-05 9.99101E-05 9.99101E-05 9.99101E-05 9.99101E-05 0.984083 9.99101E-05 9.99101E-05 0.0149182 9.99101E-05 9.99101E-05 9.99101E-05
9.9964E-05 0.0595806 0.136675 0.195313 0.00148346 0.361423 9.9964E-05 0.212793 9.9964E-05 9.9964E-05 0.0229655 0.00936686
9.9928E-05 9.9928E-05 0.00842481 9.9928E-05 0.0367737 0.943715 9.9928E-05 9.9928E-05 9.9928E-05 9.9928E-05 0.0102868 9.9928E-05
9.99188E-05 9.99188E-05 9.99188E-05 9.99188E-05 9.99188E-05 9.99188E-05 0.167995 0.729642 9.99188E-05 0.101463 9.99188E-05 9.99188E-05
9.99459E-05 9.99459E-05 0.0772365 0.0701433 9.99459E-05 0.250786 9.99459E-05 0.410585 0.0116348 9.99459E-05 9.99459E-05 0.179015
9.99278E-05 9.99278E-05 0.0560155 9.99278E-05 9.99278E-05 9.99278E-05 0.259606 0.671494 9.99278E-05 0.0120855 9.99278E-05 9.99278E-05
9.99101E-05 9.99101E-05 0.932734 9.99101E-05 9.99101E-05 9.99101E-05 9.99101E-05 0.0662665 9.99101E-05 9.99101E-05 9.99101E-05 9.99101E-05
9.99101E-05 9.99101E-05 0.947035 9.99101E-05 9.99101E-05 9.99101E-05 9.99101E-05 0.0519656 9.99101E-05 9.99101E-05 9.99101E-05 9.99101E-05
9.9937E-05 0.65223 9.9937E-05 9.9937E-05 9.9937E-05 0.0340977 9.9937E-05 0.00695493 0.151026 0.154993 9.9937E-05 9.9937E-05
9.99101E-05 9.99101E-05 9.99101E-05 9.99101E-05 9.99101E-05 9.99101E-05 9.99101E-05 0.0604606 9.99101E-05 0.93854 9.99101E-05 9.99101E-05
0.00758596 0.00198261 9.9937E-05 0.0211279 0.0475203 0.921084 9.9937E-05 9.9937E-05 9.9937E-05 9.9937E-05 9.9937E-05 9.9937E-05
0.0239701 0.0307829 0.00384986 9.9937E-05 9.9937E-05 0.931211 9.9937E-05 9.9937E-05 9.9937E-05 9.9937E-05 0.00948689 9.9937E-05
9.9928E-05 9.9928E-05 0.0240581 9.9928E-05 0.0225062 9.9928E-05 0.797821 9.9928E-05 9.9928E-05 0.154816 9.9928E-05 9.9928E-05
9.99189E-05 9.99189E-05 0.0565308 9.99189E-05 0.93052 9.99189E-05 9.99189E-05 9.99189E-05 9.99189E-05 9.99189E-05 0.0120495 9.99189E-05
0.696826 9.99458E-05 0.0395844 0.143638 0.00826972 9.99458E-05 0.0268175 9.99458E-05 9.99458E-05 9.99458E-05 0.084265 9.99458E-05
0.900331 9.991E-05 9.991E-05 9.991E-05 9.991E-05 9.991E-05 9.991E-05 9.991E-05 0.0986698 9.991E-05 9.991E-05 9.991E-05
9.99459E-05 0.103151 0.439003 9.99459E-05 0.061386 9.99459E-05 0.340028 9.99459E-05 0.0551336 9.99459E-05 0.000697524 9.99459E-05
0.998901 9.99011E-05 9.99011E-05 9.99011E-05 9.99011E-05 9.99011E-05 9.99011E-05 9.99011E-05 9.99011E-05 9.99011E-05 9.99011E-05 9.99011E-05
9.99459E-05 0.47985 0.0783172 0.00333516 0.0950804 9.99459E-05 0.310553 9.99459E-05 9.99459E-05 0.0322638 9.99459E-05 9.99459E-05
9.99008E-05 9.99008E-05 9.99008E-05 9.99008E-05 9.99008E-05 9.99008E-05 9.99008E-05 9.99008E-05 9.99008E-05 9.99008E-05 0.998901 9.99008E-05
0.606724 9.99097E-05 9.99097E-05 9.99097E-05 9.99097E-05 9.99097E-05 9.99097E-05 9.99097E-05 9.99097E-05 9.99097E-05 0.392277 9.99097E-05
9.99192E-05 9.99192E-05 9.99192E-05 0.0121496 9.99192E-05 0.970672 9.99192E-05 9.99192E-05 0.0162787 9.99192E-05 9.99192E-05 9.99192E-05
9.99012E-05 9.99012E-05 9.99012E-05 9.99012E-05 9.99012E-05 0.998901 9.99012E-05 9.99012E-05 9.99012E-05 9.99012E-05 9.99012E-05 9.99012E-05
9.99369E-05 0.0395416 0.0926372 9.99369E-05 0.0379008 9.99369E-05 9.99369E-05 9.99369E-05 0.0308465 0.798374 9.99369E-05 9.99369E-05
9.9931E-05 9.9931E-05 9.9931E-05 0.00415246 9.9931E-05 0.906488 0.0136258 9.9931E-05 9.9931E-05 9.9931E-05 9.9931E-05 0.0749348
9.99191E-05 9.99191E-05 9.99191E-05 9.99191E-05 9.99191E-05 0.902544 0.0361995 9.99191E-05 9.99191E-05 9.99191E-05 9.99191E-05 0.0603577
0.0253275 0.00898826 9.99551E-05 9.99551E-05 0.00663723 0.689392 9.99551E-05 0.111627 0.0200497 9.99551E-05 9.99551E-05 0.137479
9.9937E-05 9.9937E-05 9.9937E-05 9.9937E-05 0.0390045 0.547839 9.9937E-05 0.262666 0.00792656 9.9937E-05 9.9937E-05 0.141864
9.99012E-05 9.99012E-05 9.99012E-05 0.998901 9.99012E-05 9.99012E-05 9.99012E-05 9.99012E-05 9.99012E-05 9.99012E-05 9.99012E-05 9.99012E-05
9.99191E-05 9.99191E-05 9.99191E-05 9.99191E-05 0.0239298 0.911922 9.99191E-05 0.0632488 9.99191E-05 9.99191E-05 9.99191E-05 9.99191E-05
9.99192E-05 9.99192E-05 9.99192E-05 9.99192E-05 9.99192E-05 0.0667438 9.99192E-05 0.143664 9.99192E-05 9.99192E-05 9.99192E-05 0.788693
9.99548E-05 0.0367008 0.0329147 9.99548E-05 0.274434 0.0201326 9.99548E-05 9.99548E-05 0.0893367 0.508054 9.99548E-05 0.0379266
9.99189E-05 9.99189E-05 9.99189E-05 9.99189E-05 0.0470172 0.936777 0.0153066 9.99189E-05 9.99189E-05 9.99189E-05 9.99189E-05 9.99189E-05
9.9919E-05 0.96779 9.9919E-05 9.9919E-05 0.0117439 0.0195664 9.9919E-05 9.9919E-05 9.9919E-05 9.9919E-05 9.9919E-05 9.9919E-05
9.99549E-05 0.0949838 0.585893 0.19225 0.00295021 0.0250432 9.99549E-05 0.0183608 9.99549E-05 9.99549E-05 0.0800201 9.99549E-05
9.9901E-05 9.9901E-05 9.9901E-05 9.9901E-05 0.998901 9.9901E-05 9.9901E-05 9.9901E-05 9.9901E-05 9.9901E-05 9.9901E-05 9.9901E-05
0.0075384 0.252356 0.277991 9.99459E-05 0.129409 0.0844995 0.247606 9.99459E-05 9.99459E-05 9.99459E-05 9.99459E-05 9.99459E-05
0.0237977 0.27927 0.295189 0.0262168 0.0944193 0.024897 0.24904 9.99639E-05 0.00676964 9.99639E-05 9.99639E-05 9.99639E-05
9.99369E-05 0.0486676 0.908232 9.99369E-05 0.0222397 9.99369E-05 0.016762 9.99369E-05 9.99369E-05 0.00339905 9.99369E-05 9.99369E-05
0.00788902 0.00711017 0.0400209 9.9937E-05 9.9937E-05 9.9937E-05 0.925549 9.9937E-05 9.9937E-05 0.0187316 9.9937E-05 9.9937E-05
9.9946E-05 0.0734384 0.868955 9.9946E-05 9.9946E-05 9.9946E-05 9.9946E-05 9.9946E-05 0.0175374 0.00427236 0.0184021 0.0167949
9.99458E-05 0.0342267 0.243962 0.0549434 9.99458E-05 9.99458E-05 0.134542 9.99458E-05 9.99458E-05 0.142227 0.3895 9.99458E-05
9.9955E-05 0.153772 0.378578 0.00259209 9.9955E-05 0.0671297 0.229004 9.9955E-05 9.9955E-05 0.0232578 0.145166 9.9955E-05
9.9964E-05 0.204287 0.205759 9.9964E-05 0.218381 0.0765554 9.9964E-05 9.9964E-05 0.0234288 0.171015 0.0306336 0.0695401
9.99017E-05 0.998901 9.99017E-05 9.99017E-05 9.99017E-05 9.99017E-05 9.99017E-05 9.99017E-05 9.99017E-05 9.99017E-05 9.99017E-05 9.99017E-05
9.9901E-05 9.9901E-05 9.9901E-05 9.9901E-05 9.9901E-05 9.9901E-05 9.9901E-05 9.9901E-05 9.9901E-05 9.9901E-05 9.9901E-05 0.998901
9.99101E-05 9.99101E-05 9.99101E-05 9.99101E-05 9.99101E-05 9.99101E-05 9.99101E-05 9.99101E-05 9.99101E-05 9.99101E-05 0.0083861 0.990615
9.99281E-05 9.99281E-05 0.00958844 9.99281E-05 9.99281E-05 0.018933 0.00987056 9.99281E-05 9.99281E-05 9.99281E-05 9.99281E-05 0.960809
9.99011E-05 9.99011E-05 9.99011E-05 9.99011E-05 9.99011E-05 9.99011E-05 9.99011E-05 9.99011E-05 9.99011E-05 9.99011E-05 9.99011E-05 0.998901
9.99101E-05 9.99101E-05 9.99101E-05 9.99101E-05 9.99101E-05 9.99101E-05 9.99101E-05 0.00478158 9.99101E-05 9.99101E-05 9.99101E-05 0.994219
9.99461E-05 9.99461E-05 9.99461E-05 0.0549377 9.99461E-05 0.152833 0.0553562 0.261233 9.99461E-05 9.99461E-05 0.0568331 0.418208
9.991E-05 9.991E-05 9.991E-05 0.110215 9.991E-05 9.991E-05 9.991E-05 9.991E-05 9.991E-05 9.991E-05 9.991E-05 0.888786
9.99189E-05 0.806119 9.99189E-05 9.99189E-05 9.99189E-05 9.99189E-05 0.175653 9.99189E-05 9.99189E-05 0.017329 9.99189E-05 9.99189E-05
9.9919E-05 9.9919E-05 9.9919E-05 0.954528 9.9919E-05 9.9919E-05 9.9919E-05 9.9919E-05 0.00388653 9.9919E-05 9.9919E-05 0.040686
9.99099E-05 9.99099E-05 9.99099E-05 9.99099E-05 0.0147984 0.984203 9.99099E-05 9.99099E-05 9.99099E-05 9.99099E-05 9.99099E-05 9.99099E-05
9.99281E-05 0.0457396 9.99281E-05 9.99281E-05 9.99281E-05 9.99281E-05 0.100551 9.99281E-05 0.019279 0.833631 9.99281E-05 9.99281E-05
9.99103E-05 9.99103E-05 9.99103E-05 9.99103E-05 9.99103E-05 9.99103E-05 0.903821 9.99103E-05 9.99103E-05 0.0951794 9.99103E-05 9.99103E-05
9.99102E-05 9.99102E-05 9.99102E-05 9.99102E-05 9.99102E-05 9.99102E-05 9.99102E-05 0.0504975 9.99102E-05 0.948503 9.99102E-05 9.99102E-05
9.99189E-05 9.99189E-05 0.097896 0.00254229 9.99189E-05 9.99189E-05 9.99189E-05 9.99189E-05 9.99189E-05 0.898662 9.99189E-05 9.99189E-05
9.99189E-05 9.99189E-05 0.0620836 9.99189E-05 9.99189E-05 9.99189E-05 9.99189E-05 9.99189E-05 0.0557785 0.881239 9.99189E-05 9.99189E-05
0.92483 0.0714706 0.00279985 9.99192E-05 9.99192E-05 9.99192E-05 9.99192E-05 9.99192E-05 9.99192E-05 9.99192E-05 9.99192E-05 9.99192E-05
9.99283E-05 9.99283E-05 0.001282 9.99283E-05 9.99283E-05 0.988519 0.00905526 9.99283E-05 0.000344527 9.99283E-05 9.99283E-05 9.99283E-05
0.0643793 0.163468 9.9964E-05 9.9964E-05 9.9964E-05 0.14817 0.294501 0.0627921 0.0319578 9.9964E-05 0.0554256 0.178906
9.99193E-05 9.99193E-05 9.99193E-05 9.99193E-05 9.99193E-05 0.927402 0.0208019 0.0508967 9.99193E-05 9.99193E-05 9.99193E-05 9.99193E-05
9.993E-05 0.00452917 9.993E-05 9.993E-05 0.0540793 0.891618 9.993E-05 0.025479 9.993E-05 9.993E-05 9.993E-05 0.0235953
9.9928E-05 9.9928E-05 9.9928E-05 9.9928E-05 9.9928E-05 0.89743 0.0395902 0.0131548 9.9928E-05 9.9928E-05 9.9928E-05 0.0490251
0.00724287 9.99371E-05 9.99371E-05 0.0054388 9.99371E-05 0.92301 0.0315951 9.99371E-05 9.99371E-05 9.99371E-05 9.99371E-05 0.0320133
9.99281E-05 9.99281E-05 0.0421692 9.99281E-05 0.0169093 0.876324 9.99281E-05 0.0637981 9.99281E-05 9.99281E-05 9.99281E-05 9.99281E-05
9.99099E-05 9.99099E-05 9.99099E-05 9.99099E-05 0.0353087 0.963692 9.99099E-05 9.99099E-05 9.99099E-05 9.99099E-05 9.99099E-05 9.99099E-05
9.99189E-05 9.99189E-05 9.99189E-05 9.99189E-05 9.99189E-05 0.241015 9.99189E-05 0.632306 9.99189E-05 9.99189E-05 9.99189E-05 0.12578
9.991E-05 9.991E-05 9.991E-05 9.991E-05 9.991E-05 0.180925 9.991E-05 0.818076 9.991E-05 9.991E-05 9.991E-05 9.991E-05
9.99192E-05 9.99192E-05 9.99192E-05 9.99192E-05 9.99192E-05 0.949132 0.0354876 9.99192E-05 9.99192E-05 9.99192E-05 9.99192E-05 0.0144807
9.9919E-05 9.9919E-05 9.9919E-05 9.9919E-05 9.9919E-05 0.0151227 0.979664 9.9919E-05 9.9919E-05 9.9919E-05 9.9919E-05 0.00431437
9.991E-05 9.991E-05 9.991E-05 9.991E-05 9.991E-05 9.991E-05 0.983659 9.991E-05 9.991E-05 9.991E-05 9.991E-05 0.0153415
9.99101E-05 0.0100485 9.99101E-05 9.99101E-05 9.99101E-05 9.99101E-05 9.99101E-05 9.99101E-05 0.988952 9.99101E-05 9.99101E-05 9.99101E-05
9.99011E-05 9.99011E-05 9.99011E-05 9.99011E-05 9.99011E-05 9.99011E-05 9.99011E-05 9.99011E-05 0.998901 9.99011E-05 9.99011E-05 9.99011E-05
9.99369E-05 0.0760378 0.776656 0.0465888 9.99369E-05 9.99369E-05 0.0845309 9.99369E-05 9.99369E-05 0.0154867 9.99369E-05 9.99369E-05
9.9937E-05 0.00896945 0.751929 0.0548967 9.9937E-05 9.9937E-05 0.123767 9.9937E-05 9.9937E-05 0.0597389 9.9937E-05 9.9937E-05
9.99192E-05 9.99192E-05 9.99192E-05 9.99192E-05 9.99192E-05 9.99192E-05 9.99192E-05 0.0161914 0.982382 9.99192E-05 0.00052694 9.99192E-05
9.99012E-05 9.99012E-05 9.99012E-05 9.99012E-05 9.99012E-05 9.99012E-05 9.99012E-05 9.99012E-05 0.998901 9.99012E-05 9.99012E-05 9.99012E-05
9.99189E-05 0.930671 9.99189E-05 9.99189E-05 9.99189E-05 9.99189E-05 9.99189E-05 9.99189E-05 9.99189E-05 0.0431614 9.99189E-05 0.0252688
0.0848484 9.99459E-05 0.142935 0.0852554 9.99459E-05 9.99459E-05 0.529809 9.99459E-05 9.99459E-05 0.147163 0.00939041 9.99459E-05
9.9928E-05 9.9928E-05 9.9928E-05 0.922155 9.9928E-05 9.9928E-05 9.9928E-05 0.0248353 9.9928E-05 0.000104094 9.9928E-05 0.0521063
9.9946E-05 9.9946E-05 0.0330558 9.9946E-05 0.0756379 0.0504483 9.9946E-05 9.9946E-05 0.0242266 0.260173 0.555859 9.9946E-05
0.0502995 0.135458 9.99372E-05 9.99372E-05 0.325103 9.99372E-05 9.99372E-05 9.99372E-05 0.134508 0.353931 9.99372E-05 9.99372E-05
0.0308164 9.99371E-05 9.99371E-05 9.99371E-05 9.99371E-05 0.478503 9.99371E-05 0.292684 0.0618047 9.99371E-05 9.99371E-05 0.135491
