9.99009E-05 9.99009E-05 9.99009E-05 9.99009E-05 9.99009E-05 9.99009E-05 9.99009E-05 9.99009E-05 0.939753 9.99009E-05 0.0591485 9.99009E-05 9.99009E-05
0.118808 9.99279E-05 9.99279E-05 9.99279E-05 9.99279E-05 9.99279E-05 0.0817393 0.0253472 0.0518349 0.721471 9.99279E-05 9.99279E-05 9.99279E-05
0.711378 0.117745 9.99376E-05 0.0628741 9.99376E-05 0.0804228 9.99376E-05 9.99376E-05 9.99376E-05 0.0229845 9.99376E-05 9.99376E-05 0.00389696
0.948324 9.99101E-05 9.99101E-05 0.0407621 9.99101E-05 9.99101E-05 0.00991484 9.99101E-05 9.99101E-05 9.99101E-05 9.99101E-05 9.99101E-05 9.99101E-05
0.377891 9.99641E-05 0.0460206 9.99641E-05 0.177167 0.0722054 0.0190152 9.99641E-05 0.0574444 0.0759192 0.0770119 0.0969264 9.99641E-05
0.955451 9.991E-05 0.0136649 9.991E-05 9.991E-05 9.991E-05 0.0298851 9.991E-05 9.991E-05 9.991E-05 9.991E-05 9.991E-05 9.991E-05
9.98921E-05 9.98921E-05 9.98921E-05 9.98921E-05 0.998801 9.98921E-05 9.98921E-05 9.98921E-05 9.98921E-05 9.98921E-05 9.98921E-05 9.98921E-05 9.98921E-05
0.0918808 9.99369E-05 9.99369E-05 0.0161239 9.99369E-05 0.558338 9.99369E-05 9.99369E-05 9.99369E-05 0.0864994 0.0948913 0.151567 9.99369E-05
9.991E-05 9.991E-05 9.991E-05 9.991E-05 0.963882 9.991E-05 9.991E-05 9.991E-05 9.991E-05 0.0281669 9.991E-05 0.0069517 9.991E-05
9.99011E-05 9.99011E-05 9.99011E-05 9.99011E-05 0.122269 9.99011E-05 9.99011E-05 9.99011E-05 9.99011E-05 9.99011E-05 0.876632 9.99011E-05 9.99011E-05
9.99011E-05 9.99011E-05 9.99011E-05 9.99011E-05 0.141828 9.99011E-05 9.99011E-05 9.99011E-05 9.99011E-05 9.99011E-05 0.857073 9.99011E-05 9.99011E-05
0.0118497 0.151979 9.9919E-05 0.13159 9.9919E-05 9.9919E-05 9.9919E-05 9.9919E-05 0.703683 9.9919E-05 9.9919E-05 9.9919E-05 9.9919E-05
9.99102E-05 0.971369 9.99102E-05 9.99102E-05 0.000197025 0.027435 9.99102E-05 9.99102E-05 9.99102E-05 9.99102E-05 9.99102E-05 9.99102E-05 9.99102E-05
0.893445 9.99191E-05 9.99191E-05 9.99191E-05 9.99191E-05 9.99191E-05 0.0377079 9.99191E-05 9.99191E-05 0.0479194 9.99191E-05 9.99191E-05 0.0200287
0.949392 9.99101E-05 9.99101E-05 9.99101E-05 9.99101E-05 9.99101E-05 9.99101E-05 9.99101E-05 0.0481596 9.99101E-05 9.99101E-05 9.99101E-05 0.0014491
9.99101E-05 0.137159 9.99101E-05 9.99101E-05 9.99101E-05 9.99101E-05 9.99101E-05 0.836363 9.99101E-05 9.99101E-05 0.0254788 9.99101E-05 9.99101E-05
9.9901E-05 9.9901E-05 9.9901E-05 9.9901E-05 9.9901E-05 9.9901E-05 0.931824 9.9901E-05 9.9901E-05 9.9901E-05 0.0670767 9.9901E-05 9.9901E-05
9.995E-05 9.995E-05 0.00390908 9.995E-05 0.0300808 9.995E-05 0.0534571 0.0483783 9.995E-05 0.04061 0.10281 0.0223306 0.697924
9.9901E-05 9.9901E-05 9.9901E-05 0.0827933 9.9901E-05 9.9901E-05 9.9901E-05 9.9901E-05 9.9901E-05 9.9901E-05 9.9901E-05 9.9901E-05 0.916108
9.99369E-05 9.99369E-05 0.0250637 0.00871437 9.99369E-05 9.99369E-05 0.0384577 0.388844 0.100874 9.99369E-05 0.437347 9.99369E-05 9.99369E-05
9.98922E-05 9.98922E-05 9.98922E-05 9.98922E-05 9.98922E-05 9.98922E-05 9.98922E-05 9.98922E-05 9.98922E-05 9.98922E-05 9.98922E-05 9.98922E-05 0.998801
9.99279E-05 0.035375 9.99279E-05 9.99279E-05 9.99279E-05 9.99279E-05 0.0662979 0.278244 0.533163 9.99279E-05 0.0861214 9.99279E-05 9.99279E-05
9.98918E-05 9.98918E-05 0.998801 9.98918E-05 9.98918E-05 9.98918E-05 9.98918E-05 9.98918E-05 9.98918E-05 9.98918E-05 9.98918E-05 9.98918E-05 9.98918E-05
9.99008E-05 9.99008E-05 0.294929 9.99008E-05 9.99008E-05 9.99008E-05 9.99008E-05 9.99008E-05 9.99008E-05 9.99008E-05 9.99008E-05 9.99008E-05 0.703973
0.982306 9.99013E-05 9.99013E-05 9.99013E-05 9.99013E-05 9.99013E-05 9.99013E-05 9.99013E-05 9.99013E-05 0.0165954 9.99013E-05 9.99013E-05 9.99013E-05
0.989859 9.99011E-05 9.99011E-05 9.99011E-05 9.99011E-05 9.99011E-05 9.99011E-05 9.99011E-05 9.99011E-05 0.00904199 9.99011E-05 9.99011E-05 9.99011E-05
9.99369E-05 0.802939 9.99369E-05 0.0118054 9.99369E-05 9.99369E-05 0.0477741 9.99369E-05 0.0516538 9.99369E-05 0.0839232 0.00120471 9.99369E-05
0.905824 0.00175553 9.9928E-05 9.9928E-05 0.00299324 0.0542307 9.9928E-05 9.9928E-05 9.9928E-05 9.9928E-05 9.9928E-05 0.0343971 9.9928E-05
0.874436 0.0192742 9.9937E-05 9.9937E-05 0.00128001 0.0292951 9.9937E-05 0.0121435 9.9937E-05 9.9937E-05 9.9937E-05 0.0628712 9.9937E-05
0.57794 9.99461E-05 9.99461E-05 0.0491386 9.99461E-05 0.103411 0.0346053 9.99461E-05 9.99461E-05 0.00261537 9.99461E-05 0.199563 0.0321267
0.442897 9.99279E-05 9.99279E-05 0.0409783 9.99279E-05 0.322618 0.0396347 9.99279E-05 9.99279E-05 9.99279E-05 9.99279E-05 0.153072 9.99279E-05
9.98923E-05 9.98923E-05 9.98923E-05 9.98923E-05 9.98923E-05 9.98923E-05 9.98923E-05 9.98923E-05 9.98923E-05 0.998801 9.98923E-05 9.98923E-05 9.98923E-05
0.824952 9.99101E-05 9.99101E-05 9.99101E-05 9.99101E-05 0.169243 9.99101E-05 0.0048052 9.99101E-05 9.99101E-05 9.99101E-05 9.99101E-05 9.99101E-05
9.99192E-05 9.99192E-05 9.99192E-05 9.99192E-05 9.99192E-05 0.221171 9.99192E-05 0.00162134 9.99192E-05 0.0389066 9.99192E-05 0.737402 9.99192E-05
0.00792705 0.513496 9.99548E-05 0.109228 9.99548E-05 0.0350853 0.279816 9.99548E-05 0.0200242 9.99548E-05 0.0119166 0.022008 9.99548E-05
0.927103 9.99189E-05 9.99189E-05 9.99189E-05 0.0175427 0.0251749 0.0292801 9.99189E-05 9.99189E-05 9.99189E-05 9.99189E-05 9.99189E-05 9.99189E-05
9.9901E-05 9.9901E-05 9.9901E-05 9.9901E-05 9.9901E-05 0.0418258 9.9901E-05 9.9901E-05 0.957075 9.9901E-05 9.9901E-05 9.9901E-05 9.9901E-05
9.9928E-05 9.9928E-05 9.9928E-05 9.9928E-05 9.9928E-05 0.0297841 0.0417766 9.9928E-05 0.104106 0.158848 0.664686 9.9928E-05 9.9928E-05
9.9892E-05 9.9892E-05 9.9892E-05 9.9892E-05 9.9892E-05 9.9892E-05 0.998801 9.9892E-05 9.9892E-05 9.9892E-05 9.9892E-05 9.9892E-05 9.9892E-05
0.0843068 9.99369E-05 9.99369E-05 9.99369E-05 9.99369E-05 9.99369E-05 0.130376 0.283953 0.186486 9.99369E-05 0.308261 9.99369E-05 0.00591732
0.0567758 9.99368E-05 9.99368E-05 9.99368E-05 9.99368E-05 9.99368E-05 0.132267 0.206991 0.273263 9.99368E-05 0.324444 9.99368E-05 0.00556001
9.9919E-05 9.9919E-05 0.0360906 9.9919E-05 9.9919E-05 9.9919E-05 0.00624851 9.9919E-05 0.0727739 9.9919E-05 0.883988 9.9919E-05 9.9919E-05
9.9937E-05 0.0601958 9.9937E-05 9.9937E-05 0.107459 9.9937E-05 9.9937E-05 0.806203 0.0138429 9.9937E-05 0.0095622 9.9937E-05 0.00203776
9.99371E-05 0.0288918 9.99371E-05 0.00582632 9.99371E-05 9.99371E-05 0.00471607 0.00547038 0.0229211 9.99371E-05 0.931475 9.99371E-05 9.99371E-05
9.99458E-05 0.129317 0.42636 0.0113518 9.99458E-05 9.99458E-05 9.99458E-05 0.10251 0.0191234 0.0439097 0.266829 9.99458E-05 9.99458E-05
0.0610051 0.0220125 0.19231 9.9955E-05 9.9955E-05 0.00777742 9.9955E-05 0.173676 0.0773046 9.9955E-05 0.463357 0.0020579 9.9955E-05
0.0649902 0.151808 0.00454872 0.0123098 0.00353802 9.9964E-05 0.242978 9.9964E-05 0.192088 9.9964E-05 0.235654 0.0916847 9.9964E-05
9.99017E-05 9.99017E-05 9.99017E-05 9.99017E-05 9.99017E-05 9.99017E-05 9.99017E-05 9.99017E-05 0.991858 9.99017E-05 9.99017E-05 9.99017E-05 0.00704345
9.98921E-05 9.98921E-05 9.98921E-05 9.98921E-05 9.98921E-05 9.98921E-05 9.98921E-05 9.98921E-05 9.98921E-05 9.98921E-05 9.98921E-05 0.998801 9.98921E-05
9.99101E-05 9.99101E-05 0.00850836 9.99101E-05 9.99101E-05 9.99101E-05 0.00471658 9.99101E-05 9.99101E-05 9.99101E-05 9.99101E-05 0.985776 9.99101E-05
9.99012E-05 9.99012E-05 9.99012E-05 9.99012E-05 9.99012E-05 9.99012E-05 9.99012E-05 9.99012E-05 9.99012E-05 9.99012E-05 0.00421528 0.994686 9.99012E-05
9.99012E-05 9.99012E-05 9.99012E-05 9.99012E-05 9.99012E-05 9.99012E-05 9.99012E-05 9.99012E-05 9.99012E-05 9.99012E-05 9.99012E-05 0.996674 0.00222748
9.9892E-05 9.9892E-05 9.9892E-05 9.9892E-05 9.9892E-05 9.9892E-05 9.9892E-05 9.9892E-05 9.9892E-05 9.9892E-05 9.9892E-05 0.998801 9.9892E-05
0.155432 9.99641E-05 0.0111438 9.99641E-05 0.0407033 0.314644 9.99641E-05 0.0352462 9.99641E-05 0.00863469 0.0662104 0.355355 0.0122307
9.99101E-05 9.99101E-05 9.99101E-05 9.99101E-05 9.99101E-05 9.99101E-05 9.99101E-05 0.012184 9.99101E-05 0.0348253 9.99101E-05 0.951992 9.99101E-05
9.99099E-05 0.000681154 9.99099E-05 9.99099E-05 9.99099E-05 9.99099E-05 9.99099E-05 0.150103 0.848217 9.99099E-05 9.99099E-05 9.99099E-05 9.99099E-05
9.99279E-05 0.0202041 9.99279E-05 9.99279E-05 0.0185189 9.99279E-05 9.99279E-05 9.99279E-05 0.0161227 0.918052 9.99279E-05 0.0263027 9.99279E-05
0.971792 9.99099E-05 9.99099E-05 9.99099E-05 9.99099E-05 9.99099E-05 0.0242264 9.99099E-05 9.99099E-05 0.00298299 9.99099E-05 9.99099E-05 9.99099E-05
9.99191E-05 0.841473 9.99191E-05 0.0259995 9.99191E-05 9.99191E-05 9.99191E-05 0.0842605 0.0473678 9.99191E-05 9.99191E-05 9.99191E-05 9.99191E-05
9.99012E-05 0.0897622 9.99012E-05 9.99012E-05 9.99012E-05 9.99012E-05 9.99012E-05 0.909139 9.99012E-05 9.99012E-05 9.99012E-05 9.99012E-05 9.99012E-05
9.99102E-05 0.951052 9.99102E-05 9.99102E-05 0.013303 0.034646 9.99102E-05 9.99102E-05 9.99102E-05 9.99102E-05 9.99102E-05 9.99102E-05 9.99102E-05
9.99099E-05 0.88009 9.99099E-05 9.99099E-05 9.99099E-05 9.99099E-05 9.99099E-05 9.99099E-05 0.0010636 9.99099E-05 0.117847 9.99099E-05 9.99099E-05
9.99188E-05 0.850391 9.99188E-05 0.0576311 9.99188E-05 9.99188E-05 0.0131826 9.99188E-05 9.99188E-05 9.99188E-05 0.0778964 9.99188E-05 9.99188E-05
9.99192E-05 9.99192E-05 9.99192E-05 9.99192E-05 9.99192E-05 9.99192E-05 9.99192E-05 9.99192E-05 0.0148377 9.99192E-05 0.0322558 0.0211952 0.930812
0.998801 9.98925E-05 9.98925E-05 9.98925E-05 9.98925E-05 9.98925E-05 9.98925E-05 9.98925E-05 9.98925E-05 9.98925E-05 9.98925E-05 9.98925E-05 9.98925E-05
0.345454 0.103602 0.0954209 0.0515798 0.0479331 9.9973E-05 9.9973E-05 0.0719991 0.153472 0.0504922 0.0118447 9.9973E-05 0.067903
0.924144 0.02019 9.99193E-05 9.99193E-05 9.99193E-05 0.0413989 9.99193E-05 0.0133675 9.99193E-05 9.99193E-05 9.99193E-05 9.99193E-05 9.99193E-05
0.914822 9.9919E-05 9.9919E-05 9.9919E-05 0.0307578 9.9919E-05 0.0364415 9.9919E-05 9.9919E-05 9.9919E-05 9.9919E-05 0.0170789 9.9919E-05
0.846746 9.9928E-05 9.9928E-05 9.9928E-05 9.9928E-05 0.0947782 9.9928E-05 0.028783 0.000573185 9.9928E-05 9.9928E-05 0.02832 9.9928E-05
0.899376 9.9946E-05 9.9946E-05 9.9946E-05 0.0097462 0.028773 9.9946E-05 0.00743857 9.9946E-05 0.0321298 9.9946E-05 0.0145121 0.00742504
0.854362 9.99371E-05 9.99371E-05 0.00680292 9.99371E-05 0.0557872 0.0490832 9.99371E-05 9.99371E-05 0.012384 0.0208811 9.99371E-05 9.99371E-05
0.929954 9.99279E-05 9.99279E-05 9.99279E-05 0.00489766 0.00455252 0.0516127 9.99279E-05 9.99279E-05 9.99279E-05 9.99279E-05 0.00818397 9.99279E-05
9.98919E-05 9.98919E-05 9.98919E-05 9.98919E-05 9.98919E-05 0.998801 9.98919E-05 9.98919E-05 9.98919E-05 9.98919E-05 9.98919E-05 9.98919E-05 9.98919E-05
9.9901E-05 0.0274267 9.9901E-05 9.9901E-05 9.9901E-05 0.971474 9.9901E-05 9.9901E-05 9.9901E-05 9.9901E-05 9.9901E-05 9.9901E-05 9.9901E-05
0.923852 9.99191E-05 9.99191E-05 9.99191E-05 9.99191E-05 9.99191E-05 9.99191E-05 0.0408153 9.99191E-05 9.99191E-05 0.00815942 0.0262744 9.99191E-05
9.991E-05 9.991E-05 9.991E-05 9.991E-05 9.991E-05 0.020415 0.0110281 0.967558 9.991E-05 9.991E-05 9.991E-05 9.991E-05 9.991E-05
9.99009E-05 9.99009E-05 9.99009E-05 9.99009E-05 9.99009E-05 9.99009E-05 9.99009E-05 0.976749 9.99009E-05 9.99009E-05 9.99009E-05 0.0221522 9.99009E-05
9.99012E-05 9.99012E-05 9.99012E-05 0.997751 0.00114979 9.99012E-05 9.99012E-05 9.99012E-05 9.99012E-05 9.99012E-05 9.99012E-05 9.99012E-05 9.99012E-05
9.99011E-05 0.011772 9.99011E-05 0.987129 9.99011E-05 9.99011E-05 9.99011E-05 9.99011E-05 9.99011E-05 9.99011E-05 9.99011E-05 9.99011E-05 9.99011E-05
9.99189E-05 0.00423926 9.99189E-05 9.99189E-05 9.99189E-05 9.99189E-05 9.99189E-05 0.0446867 9.99189E-05 0.0684293 0.881745 9.99189E-05 9.99189E-05
9.9919E-05 0.0687795 9.9919E-05 9.9919E-05 9.9919E-05 9.9919E-05 9.9919E-05 0.0429087 9.9919E-05 0.047126 0.840286 9.9919E-05 9.9919E-05
9.99191E-05 9.99191E-05 9.99191E-05 0.957156 9.99191E-05 0.00844822 9.99191E-05 9.99191E-05 9.99191E-05 9.99191E-05 0.0182917 0.0152044 9.99191E-05
9.98922E-05 9.98922E-05 9.98922E-05 0.998801 9.98922E-05 9.98922E-05 9.98922E-05 9.98922E-05 9.98922E-05 9.98922E-05 9.98922E-05 9.98922E-05 9.98922E-05
9.99099E-05 0.0355437 9.99099E-05 9.99099E-05 9.99099E-05 9.99099E-05 9.99099E-05 9.99099E-05 0.941359 9.99099E-05 9.99099E-05 0.0220987 9.99099E-05
9.9937E-05 0.168425 9.9937E-05 9.9937E-05 0.0694871 9.9937E-05 9.9937E-05 0.451092 9.9937E-05 0.037276 0.187485 9.9937E-05 0.0855361
9.9919E-05 9.9919E-05 0.0110455 9.9919E-05 0.0524814 9.9919E-05 9.9919E-05 9.9919E-05 9.9919E-05 0.90768 9.9919E-05 0.0278939 9.9919E-05
0.0595405 0.246344 0.664421 0.00785175 9.99369E-05 9.99369E-05 0.0109254 9.99369E-05 0.0102178 9.99369E-05 9.99369E-05 9.99369E-05 9.99369E-05
9.99371E-05 0.280941 0.223867 0.0812285 9.99371E-05 9.99371E-05 0.266471 0.0178585 0.128934 9.99371E-05 9.99371E-05 9.99371E-05 9.99371E-05
0.349363 9.99461E-05 9.99461E-05 0.03439 9.99461E-05 0.411487 9.99461E-05 9.99461E-05 9.99461E-05 0.0116472 0.00704571 0.142332 0.0431357
