9.99099E-05 9.99099E-05 9.99099E-05 0.960789 9.99099E-05 0.00524213 0.03297 9.99099E-05 9.99099E-05 9.99099E-05 9.99099E-05 9.99099E-05 9.99099E-05
9.99369E-05 0.0980575 9.99369E-05 0.0338051 9.99369E-05 9.99369E-05 0.0102777 0.707008 9.99369E-05 9.99369E-05 9.99369E-05 0.131782 0.0183699
9.99286E-05 9.99286E-05 9.99286E-05 9.99286E-05 0.0440132 0.0455261 9.99286E-05 9.99286E-05 0.203036 0.0589537 9.99286E-05 0.647672 9.99286E-05
9.99101E-05 9.99101E-05 0.00954235 9.99101E-05 9.99101E-05 0.029582 9.99101E-05 9.99101E-05 9.99101E-05 9.99101E-05 9.99101E-05 0.959877 9.99101E-05
9.99461E-05 9.99461E-05 0.0269105 0.0338016 9.99461E-05 9.99461E-05 0.150529 0.115979 0.282377 9.99461E-05 0.0738749 0.315928 9.99461E-05
0.000554201 9.99101E-05 9.99101E-05 9.99101E-05 9.99101E-05 9.99101E-05 9.99101E-05 9.99101E-05 9.99101E-05 9.99101E-05 0.0515642 0.946882 9.99101E-05
9.99192E-05 9.99192E-05 9.99192E-05 9.99192E-05 9.99192E-05 9.99192E-05 9.99192E-05 0.0149807 0.439438 0.1999 9.99192E-05 9.99192E-05 0.344782
9.99368E-05 9.99368E-05 0.0529252 9.99368E-05 9.99368E-05 0.0309217 0.0728537 0.115694 0.579631 9.99368E-05 9.99368E-05 0.147275 9.99368E-05
9.9919E-05 9.9919E-05 9.9919E-05 9.9919E-05 9.9919E-05 9.9919E-05 9.9919E-05 0.124655 0.392179 0.0908744 9.9919E-05 9.9919E-05 0.391392
9.99013E-05 9.99013E-05 9.99013E-05 9.99013E-05 9.99013E-05 9.99013E-05 0.991395 9.99013E-05 0.0075062 9.99013E-05 9.99013E-05 9.99013E-05 9.99013E-05
9.98923E-05 9.98923E-05 9.98923E-05 9.98923E-05 9.98923E-05 9.98923E-05 0.998801 9.98923E-05 9.98923E-05 9.98923E-05 9.98923E-05 9.98923E-05 9.98923E-05
9.9928E-05 9.9928E-05 9.9928E-05 0.657895 9.9928E-05 0.122428 9.9928E-05 9.9928E-05 9.9928E-05 0.171164 0.0122764 0.0354375 9.9928E-05
9.99102E-05 9.99102E-05 9.99102E-05 9.99102E-05 9.99102E-05 9.99102E-05 9.99102E-05 9.99102E-05 0.0438163 0.939011 0.0161731 9.99102E-05 9.99102E-05
9.99281E-05 0.0292866 9.99281E-05 9.99281E-05 0.00600783 9.99281E-05 9.99281E-05 0.0147053 9.99281E-05 9.99281E-05 0.0346192 0.914582 9.99281E-05
9.99101E-05 9.99101E-05 9.99101E-05 0.0388884 0.018483 9.99101E-05 9.99101E-05 9.99101E-05 9.99101E-05 9.99101E-05 9.99101E-05 0.941629 9.99101E-05
9.99099E-05 9.99099E-05 9.99099E-05 9.99099E-05 9.99099E-05 9.99099E-05 9.99099E-05 9.99099E-05 9.99099E-05 0.0666998 0.145007 9.99099E-05 0.787294
9.9901E-05 0.937415 9.9901E-05 9.9901E-05 9.9901E-05 9.9901E-05 0.0614859 9.9901E-05 9.9901E-05 9.9901E-05 9.9901E-05 9.9901E-05 9.9901E-05
9.99368E-05 9.99368E-05 0.0148593 0.0433769 0.78075 9.99368E-05 0.0608812 0.0440352 9.99368E-05 9.99368E-05 9.99368E-05 9.99368E-05 0.0553977
0.822318 9.991E-05 9.991E-05 9.991E-05 0.108585 0.068098 9.991E-05 9.991E-05 9.991E-05 9.991E-05 9.991E-05 9.991E-05 9.991E-05
9.99279E-05 9.99279E-05 9.99279E-05 0.0856677 9.99279E-05 0.0322611 0.44201 9.99279E-05 9.99279E-05 9.99279E-05 0.153276 9.99279E-05 0.285985
0.0475073 9.99011E-05 9.99011E-05 9.99011E-05 0.951394 9.99011E-05 9.99011E-05 9.99011E-05 9.99011E-05 9.99011E-05 9.99011E-05 9.99011E-05 9.99011E-05
9.99369E-05 0.0687356 9.99369E-05 0.541428 9.99369E-05 0.00956203 0.113438 9.99369E-05 9.99369E-05 0.0132418 9.99369E-05 9.99369E-05 0.252896
9.9919E-05 0.18435 9.9919E-05 9.9919E-05 0.472423 0.199841 0.142487 9.9919E-05 9.9919E-05 9.9919E-05 9.9919E-05 9.9919E-05 9.9919E-05
0.042623 9.99099E-05 9.99099E-05 9.99099E-05 0.888469 9.99099E-05 9.99099E-05 9.99099E-05 9.99099E-05 9.99099E-05 0.0679088 9.99099E-05 9.99099E-05
9.99013E-05 9.99013E-05 0.00175228 9.99013E-05 9.99013E-05 9.99013E-05 9.99013E-05 9.99013E-05 9.99013E-05 9.99013E-05 9.99013E-05 0.997149 9.99013E-05
9.98922E-05 9.98922E-05 9.98922E-05 9.98922E-05 9.98922E-05 9.98922E-05 9.98922E-05 9.98922E-05 9.98922E-05 9.98922E-05 9.98922E-05 0.998801 9.98922E-05
9.99279E-05 0.0257878 9.99279E-05 0.0700662 9.99279E-05 0.0502775 0.0627682 9.99279E-05 9.99279E-05 0.790301 9.99279E-05 9.99279E-05 9.99279E-05
9.99191E-05 9.99191E-05 0.0655318 9.99191E-05 9.99191E-05 9.99191E-05 9.99191E-05 9.99191E-05 9.99191E-05 0.0112478 9.99191E-05 0.909914 0.0124072
9.9919E-05 9.9919E-05 0.0593727 9.9919E-05 9.9919E-05 9.9919E-05 9.9919E-05 9.9919E-05 9.9919E-05 0.00110789 9.9919E-05 0.903551 0.0350687
0.0475192 0.0260939 0.162852 9.99461E-05 9.99461E-05 9.99461E-05 9.99461E-05 0.0327046 0.142104 0.00307481 9.99461E-05 0.585051 9.99461E-05
9.99369E-05 0.0291559 0.117452 9.99369E-05 9.99369E-05 0.0123705 9.99369E-05 9.99369E-05 0.429564 9.99369E-05 0.0216562 0.389102 9.99369E-05
9.98924E-05 9.98924E-05 9.98924E-05 9.98924E-05 9.98924E-05 9.98924E-05 9.98924E-05 0.998801 9.98924E-05 9.98924E-05 9.98924E-05 9.98924E-05 9.98924E-05
9.99101E-05 0.0174228 9.99101E-05 9.99101E-05 9.99101E-05 9.99101E-05 9.99101E-05 9.99101E-05 0.127868 9.99101E-05 9.99101E-05 0.85371 9.99101E-05
9.99281E-05 0.00462504 0.752893 9.99281E-05 9.99281E-05 9.99281E-05 0.0129975 9.99281E-05 0.228276 9.99281E-05 9.99281E-05 0.000409373 9.99281E-05
9.99548E-05 0.301414 9.99548E-05 0.0507357 9.99548E-05 0.0872847 0.0106716 9.99548E-05 0.0179211 0.476559 0.0337399 0.0211744 9.99548E-05
9.99369E-05 0.049375 9.99369E-05 9.99369E-05 9.99369E-05 0.00202754 9.99369E-05 0.000419962 0.0276116 9.99369E-05 9.99369E-05 0.909085 0.0107811
9.99101E-05 9.99101E-05 9.99101E-05 0.989049 9.99101E-05 9.99101E-05 9.99101E-05 9.99101E-05 0.00791025 9.99101E-05 0.00204213 9.99101E-05 9.99101E-05
0.0223193 0.0923352 9.99459E-05 0.0669452 9.99459E-05 9.99459E-05 0.593583 0.180224 0.0155056 9.99459E-05 9.99459E-05 0.0284878 9.99459E-05
9.9892E-05 0.998801 9.9892E-05 9.9892E-05 9.9892E-05 9.9892E-05 9.9892E-05 9.9892E-05 9.9892E-05 9.9892E-05 9.9892E-05 9.9892E-05 9.9892E-05
9.99278E-05 0.179346 9.99278E-05 0.28346 9.99278E-05 9.99278E-05 0.207588 9.99278E-05 9.99278E-05 9.99278E-05 9.99278E-05 0.0705659 0.258241
9.99368E-05 0.125214 9.99368E-05 0.302824 9.99368E-05 9.99368E-05 0.279207 0.0281968 9.99368E-05 9.99368E-05 9.99368E-05 0.0453047 0.218554
0.00964479 0.00878212 9.99369E-05 0.0411742 9.99369E-05 9.99369E-05 0.858908 9.99369E-05 9.99369E-05 9.99369E-05 0.0374979 9.99369E-05 0.0432936
9.9928E-05 9.9928E-05 9.9928E-05 0.0348903 0.00817778 9.9928E-05 0.069766 9.9928E-05 9.9928E-05 0.00804976 9.9928E-05 9.9928E-05 0.878317
9.99189E-05 9.99189E-05 9.99189E-05 0.0120743 9.99189E-05 9.99189E-05 0.889193 9.99189E-05 9.99189E-05 0.0135599 0.084274 9.99189E-05 9.99189E-05
9.99549E-05 9.99549E-05 9.99549E-05 0.0268907 0.115491 0.0675137 0.326723 0.0588921 9.99549E-05 0.108125 0.247418 9.99549E-05 0.0484461
0.0126183 9.9955E-05 0.010036 0.096517 9.9955E-05 9.9955E-05 0.467613 0.0619639 9.9955E-05 9.9955E-05 0.239986 0.0365229 0.0742436
9.9955E-05 0.154423 0.0139942 0.195327 9.9955E-05 9.9955E-05 0.159085 0.0309394 9.9955E-05 0.0357703 0.336388 0.0735732 9.9955E-05
9.99016E-05 9.99016E-05 9.99016E-05 0.990777 0.0081236 9.99016E-05 9.99016E-05 9.99016E-05 9.99016E-05 9.99016E-05 9.99016E-05 9.99016E-05 9.99016E-05
9.98921E-05 9.98921E-05 0.998801 9.98921E-05 9.98921E-05 9.98921E-05 9.98921E-05 9.98921E-05 9.98921E-05 9.98921E-05 9.98921E-05 9.98921E-05 9.98921E-05
9.99101E-05 9.99101E-05 0.991219 9.99101E-05 0.00587693 0.0019049 9.99101E-05 9.99101E-05 9.99101E-05 9.99101E-05 9.99101E-05 9.99101E-05 9.99101E-05
9.99191E-05 9.99191E-05 0.973675 9.99191E-05 9.99191E-05 9.99191E-05 9.99191E-05 9.99191E-05 9.99191E-05 9.99191E-05 0.0074168 0.00288921 0.0151192
9.98922E-05 9.98922E-05 0.998801 9.98922E-05 9.98922E-05 9.98922E-05 9.98922E-05 9.98922E-05 9.98922E-05 9.98922E-05 9.98922E-05 9.98922E-05 9.98922E-05
9.98921E-05 9.98921E-05 0.998801 9.98921E-05 9.98921E-05 9.98921E-05 9.98921E-05 9.98921E-05 9.98921E-05 9.98921E-05 9.98921E-05 9.98921E-05 9.98921E-05
0.00527106 9.99641E-05 0.340684 9.99641E-05 0.0135504 0.0124271 0.0541408 0.0422935 0.359365 9.99641E-05 9.99641E-05 0.103879 0.0679893
9.99011E-05 9.99011E-05 0.923165 9.99011E-05 9.99011E-05 9.99011E-05 9.99011E-05 0.0757364 9.99011E-05 9.99011E-05 9.99011E-05 9.99011E-05 9.99011E-05
9.99098E-05 9.99098E-05 9.99098E-05 0.757581 9.99098E-05 9.99098E-05 9.99098E-05 9.99098E-05 9.99098E-05 9.99098E-05 0.0596388 9.99098E-05 0.181781
9.99189E-05 9.99189E-05 0.0789072 9.99189E-05 9.99189E-05 0.000431351 9.99189E-05 0.901409 9.99189E-05 9.99189E-05 9.99189E-05 9.99189E-05 0.0183534
9.9901E-05 0.0136041 9.9901E-05 9.9901E-05 9.9901E-05 9.9901E-05 9.9901E-05 9.9901E-05 9.9901E-05 9.9901E-05 9.9901E-05 0.985297 9.9901E-05
9.9928E-05 9.9928E-05 0.0100134 0.0469862 9.9928E-05 0.0359619 9.9928E-05 9.9928E-05 9.9928E-05 0.842411 9.9928E-05 9.9928E-05 0.0638278
9.99101E-05 9.99101E-05 9.99101E-05 9.99101E-05 9.99101E-05 9.99101E-05 9.99101E-05 9.99101E-05 9.99101E-05 0.00349427 0.137313 9.99101E-05 0.858194
9.98925E-05 9.98925E-05 9.98925E-05 9.98925E-05 9.98925E-05 9.98925E-05 9.98925E-05 9.98925E-05 9.98925E-05 0.998801 9.98925E-05 9.98925E-05 9.98925E-05
9.99189E-05 9.99189E-05 9.99189E-05 0.0111201 9.99189E-05 9.99189E-05 0.100888 9.99189E-05 9.99189E-05 0.863226 9.99189E-05 9.99189E-05 0.0238663
9.99279E-05 0.0324387 9.99279E-05 9.99279E-05 9.99279E-05 0.0518288 0.0672678 9.99279E-05 9.99279E-05 0.832694 0.0149714 9.99279E-05 9.99279E-05
0.998801 9.9892E-05 9.9892E-05 9.9892E-05 9.9892E-05 9.9892E-05 9.9892E-05 9.9892E-05 9.9892E-05 9.9892E-05 9.9892E-05 9.9892E-05 9.9892E-05
9.98925E-05 9.98925E-05 9.98925E-05 9.98925E-05 9.98925E-05 9.98925E-05 9.98925E-05 9.98925E-05 9.98925E-05 9.98925E-05 9.98925E-05 0.998801 9.98925E-05
0.0379873 0.125733 0.129289 0.146831 9.9973E-05 9.9973E-05 9.9973E-05 0.134232 0.0829687 0.0156815 0.00910144 0.102787 0.215089
9.99193E-05 9.99193E-05 9.99193E-05 9.99193E-05 9.99193E-05 9.99193E-05 9.99193E-05 9.99193E-05 0.0217 0.0261595 9.99193E-05 0.945062 0.00617885
9.9919E-05 0.0386048 9.9919E-05 0.025892 9.9919E-05 9.9919E-05 9.9919E-05 9.9919E-05 0.0100047 9.9919E-05 9.9919E-05 0.924599 9.9919E-05
9.9919E-05 9.9919E-05 0.0458835 9.9919E-05 9.9919E-05 9.9919E-05 9.9919E-05 9.9919E-05 0.0149332 9.9919E-05 9.9919E-05 0.878315 0.0599686
9.99281E-05 9.99281E-05 0.0317797 9.99281E-05 0.00272434 9.99281E-05 9.99281E-05 0.0237788 9.99281E-05 9.99281E-05 9.99281E-05 0.902147 0.0387708
9.99371E-05 9.99371E-05 9.99371E-05 0.00604289 9.99371E-05 9.99371E-05 0.0735495 0.0122945 0.0962667 9.99371E-05 0.00634072 0.804806 9.99371E-05
9.99189E-05 0.0365498 0.00352951 9.99189E-05 9.99189E-05 9.99189E-05 9.99189E-05 9.99189E-05 0.017624 9.99189E-05 9.99189E-05 0.941397 9.99189E-05
9.99098E-05 9.99098E-05 0.0318054 9.99098E-05 9.99098E-05 9.99098E-05 9.99098E-05 9.99098E-05 0.941786 9.99098E-05 9.99098E-05 0.025409 9.99098E-05
9.99008E-05 9.99008E-05 9.99008E-05 9.99008E-05 9.99008E-05 9.99008E-05 9.99008E-05 9.99008E-05 0.943169 0.0557321 9.99008E-05 9.99008E-05 9.99008E-05
9.99191E-05 9.99191E-05 0.0525509 9.99191E-05 9.99191E-05 9.99191E-05 0.0175468 9.99191E-05 9.99191E-05 9.99191E-05 9.99191E-05 0.92073 0.00827316
9.99279E-05 0.0168369 0.00183053 9.99279E-05 9.99279E-05 0.0340463 9.99279E-05 0.00908026 9.99279E-05 9.99279E-05 9.99279E-05 9.99279E-05 0.937407
9.99099E-05 9.99099E-05 0.0206463 9.99099E-05 9.99099E-05 0.0130848 9.99099E-05 9.99099E-05 9.99099E-05 9.99099E-05 9.99099E-05 9.99099E-05 0.96527
9.99101E-05 9.99101E-05 9.99101E-05 0.0119441 9.99101E-05 0.978484 0.00857256 9.99101E-05 9.99101E-05 9.99101E-05 9.99101E-05 9.99101E-05 9.99101E-05
9.99012E-05 9.99012E-05 9.99012E-05 9.99012E-05 9.99012E-05 0.998015 9.99012E-05 9.99012E-05 9.99012E-05 9.99012E-05 9.99012E-05 0.000885976 9.99012E-05
9.99459E-05 9.99459E-05 9.99459E-05 0.0439459 9.99459E-05 0.0113455 0.80398 0.0703872 9.99459E-05 0.00344384 9.99459E-05 0.0107893 0.0555085
9.99279E-05 9.99279E-05 9.99279E-05 0.0243323 9.99279E-05 9.99279E-05 0.72101 0.0238741 9.99279E-05 0.0825976 9.99279E-05 9.99279E-05 0.147386
9.99101E-05 0.00710074 9.99101E-05 9.99101E-05 9.99101E-05 0.974041 9.99101E-05 9.99101E-05 0.0178594 9.99101E-05 9.99101E-05 9.99101E-05 9.99101E-05
9.98921E-05 9.98921E-05 9.98921E-05 9.98921E-05 9.98921E-05 0.998801 9.98921E-05 9.98921E-05 9.98921E-05 9.98921E-05 9.98921E-05 9.98921E-05 9.98921E-05
9.99099E-05 9.99099E-05 9.99099E-05 0.944878 9.99099E-05 9.99099E-05 9.99099E-05 9.99099E-05 9.99099E-05 0.0336295 9.99099E-05 9.99099E-05 0.020493
0.0567892 9.995E-05 9.995E-05 0.0103838 0.0259697 9.995E-05 0.120932 0.0782446 9.995E-05 0.156596 0.00952202 9.995E-05 0.541063
9.99011E-05 9.99011E-05 0.0457644 9.99011E-05 9.99011E-05 9.99011E-05 9.99011E-05 0.953137 9.99011E-05 9.99011E-05 9.99011E-05 9.99011E-05 9.99011E-05
9.98919E-05 9.98919E-05 9.98919E-05 9.98919E-05 9.98919E-05 9.98919E-05 9.98919E-05 9.98919E-05 9.98919E-05 9.98919E-05 0.998801 9.98919E-05 9.98919E-05
9.9937E-05 0.0554177 9.9937E-05 0.0534541 9.9937E-05 0.0382014 9.9937E-05 9.9937E-05 9.9937E-05 0.0388837 0.799773 9.9937E-05 0.0135705
9.99371E-05 9.99371E-05 0.103881 9.99371E-05 0.0192182 0.0284961 9.99371E-05 0.0232503 0.459264 9.99371E-05 9.99371E-05 0.365191 9.99371E-05
