9.998E-05 0.9997 9.998E-05 9.998E-05
0.281483 0.394696 9.9991E-05 0.32372
0.851892 0.0427208 0.0612029 0.0441843
0.9997 9.998E-05 9.998E-05 9.998E-05
0.438251 0.224759 9.9991E-05 0.33689
0.9997 9.998E-05 9.998E-05 9.998E-05
9.99821E-05 0.541161 9.99821E-05 0.458639
0.432347 0.100612 9.9991E-05 0.466941
9.99821E-05 0.525918 9.99821E-05 0.473882
9.9982E-05 0.834902 9.9982E-05 0.164898
9.9982E-05 0.885157 9.9982E-05 0.114643
0.0722233 0.927577 9.9982E-05 9.9982E-05
0.05805 0.94175 9.99821E-05 9.99821E-05
0.971935 9.9982E-05 0.0278646 9.9982E-05
0.984616 0.00604761 0.00923625 9.9991E-05
9.9982E-05 0.934212 9.9982E-05 0.0655878
0.0366817 0.795054 0.168165 9.9991E-05
9.9991E-05 0.201307 0.735896 0.0626973
9.998E-05 9.998E-05 0.9997 9.998E-05
9.9982E-05 0.977234 9.9982E-05 0.0225657
9.998E-05 9.998E-05 0.9997 9.998E-05
9.998E-05 0.9997 9.998E-05 9.998E-05
0.0557167 0.305491 0.557301 0.0814909
9.998E-05 9.998E-05 0.9997 9.998E-05
0.9997 9.998E-05 9.998E-05 9.998E-05
0.9997 9.998E-05 9.998E-05 9.998E-05
9.998E-05 0.9997 9.998E-05 9.998E-05
0.910992 9.9982E-05 9.9982E-05 0.0888081
0.856656 9.9982E-05 9.9982E-05 0.143144
0.68609 9.9991E-05 0.0368795 0.276931
0.672271 9.9991E-05 0.0159381 0.311691
0.0778034 0.240838 9.9991E-05 0.681258
0.9997 9.998E-05 9.998E-05 9.998E-05
0.0668888 0.0121709 9.9991E-05 0.92084
0.116126 0.883674 9.9982E-05 9.9982E-05
0.9997 9.998E-05 9.998E-05 9.998E-05
0.0777418 0.922058 9.99821E-05 9.99821E-05
0.0240687 0.75923 0.0269934 0.189708
0.180556 0.670889 0.148455 9.9991E-05
0.167484 0.832316 9.99819E-05 9.99819E-05
0.0917572 0.885127 0.00392915 0.0191866
9.9991E-05 0.942554 0.0246706 0.0326753
9.9982E-05 0.912874 9.9982E-05 0.0869261
9.9991E-05 0.910861 0.00912381 0.0799152
9.9991E-05 0.750855 0.17077 0.0782755
0.0716423 0.816072 0.0416563 0.0706295
0.125961 0.806759 9.9991E-05 0.0671801
9.99822E-05 0.938882 9.99822E-05 0.0609175
9.998E-05 9.998E-05 9.998E-05 0.9997
9.998E-05 9.998E-05 9.998E-05 0.9997
9.9982E-05 9.9982E-05 0.000328141 0.999472
9.998E-05 9.998E-05 9.998E-05 0.9997
9.998E-05 9.998E-05 9.998E-05 0.9997
0.24292 0.0834168 0.0450971 0.628566
9.998E-05 9.998E-05 9.998E-05 0.9997
9.998E-05 0.9997 9.998E-05 9.998E-05
0.0768886 0.295016 9.9991E-05 0.627995
0.9997 9.998E-05 9.998E-05 9.998E-05
9.99821E-05 0.99006 9.99821E-05 0.00974014
0.0661779 0.918828 9.9991E-05 0.0148938
9.998E-05 0.9997 9.998E-05 9.998E-05
9.998E-05 0.9997 9.998E-05 9.998E-05
9.9982E-05 0.994375 0.00542502 9.9982E-05
9.9991E-05 0.00705169 0.941942 0.0509061
0.9997 9.998E-05 9.998E-05 9.998E-05
0.274402 0.448243 0.0929631 0.184393
0.9997 9.998E-05 9.998E-05 9.998E-05
0.959143 0.021782 9.9991E-05 0.0189751
0.912453 9.9982E-05 9.9982E-05 0.0873469
0.925381 9.9991E-05 0.00179614 0.0727234
0.952416 0.0473844 9.9982E-05 9.9982E-05
0.997311 9.9982E-05 9.9982E-05 0.0024891
0.523393 9.99821E-05 9.99821E-05 0.476407
0.486418 0.0758704 0.0105451 0.427166
0.961171 0.00873231 0.000250265 0.0298468
0.0667057 0.789464 9.9991E-05 0.14373
0.0242452 0.779929 9.9991E-05 0.195726
0.169721 0.58285 0.247329 9.9991E-05
0.170064 0.569895 0.25994 9.9991E-05
9.99819E-05 0.881342 9.99819E-05 0.118458
9.99819E-05 0.8661 9.99819E-05 0.1337
0.165852 0.584208 0.24984 9.9991E-05
0.152412 0.585182 0.262306 9.9991E-05
9.9982E-05 0.96161 9.9982E-05 0.0381899
9.9991E-05 0.89527 0.0446567 0.0599733
0.0554922 0.260265 9.9991E-05 0.684143
0.137022 0.6682 0.194678 9.9991E-05
0.0308922 0.837085 0.131923 9.9991E-05
0.583119 9.9991E-05 0.0427218 0.374059
