0.955473 9.99639E-05 9.99639E-05 9.99639E-05 9.99639E-05 0.0182494 0.0258773
0.284395 0.332218 9.9973E-05 0.239338 9.9973E-05 9.9973E-05 0.143749
9.99733E-05 0.793376 9.99733E-05 0.0389008 0.128282 0.039141 9.99733E-05
9.9955E-05 0.975297 9.9955E-05 9.9955E-05 9.9955E-05 0.0242036 9.9955E-05
0.0859579 0.442651 9.99731E-05 0.24028 9.99731E-05 9.99731E-05 0.230811
0.00784046 0.99166 9.9955E-05 9.9955E-05 9.9955E-05 9.9955E-05 9.9955E-05
9.997E-05 0.0329624 9.997E-05 0.341253 0.494217 9.997E-05 0.131268
9.9973E-05 0.372697 9.9973E-05 0.45564 9.9973E-05 0.00678876 0.164574
9.99731E-05 0.0231747 9.99731E-05 0.39939 0.372163 9.99731E-05 0.204972
9.995E-05 9.995E-05 9.995E-05 9.995E-05 9.995E-05 9.995E-05 0.9994
9.995E-05 9.995E-05 9.995E-05 9.995E-05 9.995E-05 9.995E-05 0.9994
0.676356 9.9964E-05 9.9964E-05 9.9964E-05 0.194424 0.128821 9.9964E-05
9.995E-05 9.995E-05 9.995E-05 9.995E-05 0.9994 9.995E-05 9.995E-05
0.0100786 0.965235 0.0242867 9.9964E-05 9.9964E-05 9.9964E-05 9.9964E-05
0.0656597 0.933841 9.9955E-05 9.9955E-05 9.9955E-05 9.9955E-05 9.9955E-05
0.100613 0.0122118 9.9973E-05 9.9973E-05 0.358133 9.9973E-05 0.528741
9.9973E-05 9.9973E-05 0.0674087 9.9973E-05 0.172207 0.346382 0.413703
0.10924 9.99729E-05 0.709777 0.0454957 9.99729E-05 9.99729E-05 0.135187
9.9955E-05 9.9955E-05 0.903454 9.9955E-05 9.9955E-05 0.0960463 9.9955E-05
0.127682 9.9973E-05 9.9973E-05 9.9973E-05 0.038089 0.0973951 0.736534
9.995E-05 9.995E-05 0.9994 9.995E-05 9.995E-05 9.995E-05 9.995E-05
0.628543 9.9973E-05 9.9973E-05 9.9973E-05 0.0744297 0.0193368 0.27739
9.9973E-05 0.0233317 0.374101 9.9973E-05 9.9973E-05 0.340514 0.261753
9.99549E-05 9.99549E-05 0.8792 9.99549E-05 9.99549E-05 0.1203 9.99549E-05
9.99551E-05 0.971364 9.99551E-05 0.0281365 9.99551E-05 9.99551E-05 9.99551E-05
9.995E-05 0.9994 9.995E-05 9.995E-05 9.995E-05 9.995E-05 9.995E-05
0.0642543 9.99729E-05 9.99729E-05 9.99729E-05 0.795845 0.0757234 0.0638775
9.9955E-05 0.938279 9.9955E-05 0.0612216 9.9955E-05 9.9955E-05 9.9955E-05
0.0145204 0.843663 9.9973E-05 0.102272 0.0392446 9.9973E-05 9.9973E-05
9.99731E-05 0.684077 0.0249308 0.257423 9.99731E-05 0.0332687 9.99731E-05
9.99641E-05 0.64781 9.99641E-05 0.298793 9.99641E-05 0.0529974 9.99641E-05
0.30908 0.115827 9.99731E-05 0.537781 9.99731E-05 9.99731E-05 0.037012
9.995E-05 0.9994 9.995E-05 9.995E-05 9.995E-05 9.995E-05 9.995E-05
9.99641E-05 0.0686036 9.99641E-05 0.919835 9.99641E-05 0.0111616 9.99641E-05
0.0579965 0.0428038 9.9991E-05 0.00186741 0.529995 0.242625 0.124612
0.00643339 0.961882 9.9973E-05 9.9973E-05 0.014944 0.0164404 9.9973E-05
0.97948 9.9955E-05 9.9955E-05 9.9955E-05 9.9955E-05 0.0200199 9.9955E-05
0.132463 0.0643786 0.0140076 0.0652959 9.9982E-05 9.9982E-05 0.723655
0.00987836 0.13016 0.0568789 9.9991E-05 0.141317 0.396008 0.265658
0.33144 0.102448 9.99729E-05 9.99729E-05 9.99729E-05 0.00695084 0.558861
0.349817 0.0658378 0.0152466 9.99729E-05 9.99729E-05 9.99729E-05 0.568798
9.995E-05 9.995E-05 9.995E-05 9.995E-05 9.995E-05 9.995E-05 0.9994
0.19508 9.9964E-05 9.9964E-05 9.9964E-05 0.320108 9.9964E-05 0.484412
0.0288854 9.9955E-05 9.9955E-05 9.9955E-05 9.9955E-05 9.9955E-05 0.970615
0.0645556 9.9982E-05 0.0964415 9.9982E-05 0.16102 0.146817 0.530966
0.140911 0.0840249 0.0358717 9.9982E-05 0.0785756 9.9982E-05 0.660417
0.220513 0.0970608 9.9991E-05 0.0500177 0.212427 0.118877 0.301005
0.977336 9.99553E-05 0.0221643 9.99553E-05 9.99553E-05 9.99553E-05 9.99553E-05
9.995E-05 9.995E-05 9.995E-05 0.9994 9.995E-05 9.995E-05 9.995E-05
9.995E-05 9.995E-05 9.995E-05 0.9994 9.995E-05 9.995E-05 9.995E-05
9.995E-05 9.995E-05 9.995E-05 0.9994 9.995E-05 9.995E-05 9.995E-05
9.995E-05 9.995E-05 9.995E-05 0.9994 9.995E-05 9.995E-05 9.995E-05
9.995E-05 9.995E-05 9.995E-05 0.9994 9.995E-05 9.995E-05 9.995E-05
9.99821E-05 0.238712 0.036931 0.640688 0.0225525 9.99821E-05 0.0609165
9.995E-05 9.995E-05 9.995E-05 0.9994 9.995E-05 9.995E-05 9.995E-05
0.906933 9.99639E-05 9.99639E-05 9.99639E-05 0.0795179 9.99639E-05 0.0131497
0.254699 0.108253 9.9982E-05 0.531908 0.0228483 9.9982E-05 0.0820917
9.995E-05 0.9994 9.995E-05 9.995E-05 9.995E-05 9.995E-05 9.995E-05
0.115343 9.99639E-05 9.99639E-05 9.99639E-05 0.8455 0.0387569 9.99639E-05
0.229703 0.0522426 9.9973E-05 9.9973E-05 0.387573 9.9973E-05 0.330182
9.995E-05 9.995E-05 9.995E-05 9.995E-05 0.9994 9.995E-05 9.995E-05
0.00970442 9.99639E-05 9.99639E-05 9.99639E-05 0.889549 9.99639E-05 0.100347
9.99729E-05 9.99729E-05 0.00522356 9.99729E-05 0.855625 0.0908463 0.0480052
0.109527 9.99551E-05 0.889974 9.99551E-05 9.99551E-05 9.99551E-05 9.99551E-05
9.995E-05 0.9994 9.995E-05 9.995E-05 9.995E-05 9.995E-05 9.995E-05
0.11304 0.30945 0.0471367 0.146557 0.066576 0.0365547 0.280685
9.99641E-05 0.984813 9.99641E-05 0.00392054 0.0108663 9.99641E-05 9.99641E-05
0.0325466 0.966768 9.9964E-05 0.000285471 9.9964E-05 9.9964E-05 9.9964E-05
9.9964E-05 0.902359 9.9964E-05 0.0893881 0.00785349 9.9964E-05 9.9964E-05
9.9973E-05 0.940788 0.00257673 0.0425819 0.0137539 9.9973E-05 9.9973E-05
9.99551E-05 0.94609 9.99551E-05 9.99551E-05 9.99551E-05 9.99551E-05 0.05341
9.9964E-05 0.994709 9.9964E-05 0.000739314 9.9964E-05 0.004152 9.9964E-05
9.99643E-05 0.497613 9.99643E-05 0.479531 9.99643E-05 9.99643E-05 0.022456
9.99642E-05 0.483919 9.99642E-05 0.34325 0.172431 9.99642E-05 9.99642E-05
0.0118264 0.949116 9.9973E-05 9.9973E-05 0.0374925 0.00126488 9.9973E-05
0.118832 0.0640458 9.9982E-05 0.0480119 0.156527 9.9982E-05 0.612384
0.0984214 0.089684 9.9991E-05 0.0760067 0.174076 0.00346452 0.558247
0.00841625 9.99549E-05 9.99549E-05 9.99549E-05 9.99549E-05 0.991084 9.99549E-05
9.995E-05 9.995E-05 9.995E-05 9.995E-05 9.995E-05 0.9994 9.995E-05
0.0770927 9.9955E-05 9.9955E-05 9.9955E-05 9.9955E-05 9.9955E-05 0.922408
0.0397127 9.9973E-05 9.9973E-05 0.00158477 0.0524544 9.9973E-05 0.905948
9.995E-05 9.995E-05 9.995E-05 9.995E-05 9.995E-05 0.9994 9.995E-05
9.995E-05 9.995E-05 9.995E-05 9.995E-05 9.995E-05 0.9994 9.995E-05
0.971869 9.99549E-05 9.99549E-05 9.99549E-05 0.0276316 9.99549E-05 9.99549E-05
0.158504 9.9982E-05 0.0537971 0.0023961 0.294853 9.9982E-05 0.490249
0.244001 0.0981688 9.9982E-05 0.572052 0.0182123 9.9982E-05 0.0673659
9.99821E-05 0.0494706 0.0965604 9.99821E-05 0.311557 0.296495 0.245717
0.174903 9.997E-05 0.0720594 9.997E-05 0.41657 0.336168 9.997E-05
9.99731E-05 0.652656 0.0580655 0.264133 9.99731E-05 0.024846 9.99731E-05
