9.9982E-05 0.0231804 9.9982E-05 0.97662
9.999E-05 0.299837 0.310687 0.389377
0.0506121 0.157621 0.744194 0.0475732
9.9982E-05 0.0229644 0.976836 9.9982E-05
9.999E-05 0.263841 0.492117 0.243942
9.998E-05 9.998E-05 0.9997 9.998E-05
9.999E-05 0.395497 0.0438783 0.560525
9.999E-05 0.478032 0.433103 0.0887656
9.999E-05 0.479318 0.0211089 0.499474
9.9982E-05 0.152853 9.9982E-05 0.846947
9.9982E-05 0.120092 9.9982E-05 0.879708
9.9982E-05 9.9982E-05 0.0967099 0.90309
9.99821E-05 9.99821E-05 0.100473 0.899327
0.011603 9.9991E-05 0.970393 0.0179045
0.0230257 9.9991E-05 0.97414 0.00273391
9.9982E-05 0.0557844 9.9982E-05 0.944016
0.164905 9.9991E-05 0.0628394 0.772156
0.723351 0.108798 9.9991E-05 0.167751
0.9997 9.998E-05 9.998E-05 9.998E-05
9.99893E-05 0.0510102 9.99893E-05 0.94879
0.9997 9.998E-05 9.998E-05 9.998E-05
9.9991E-05 0.00569995 0.00561206 0.988588
0.512056 0.107631 0.0593528 0.320961
0.938501 9.9982E-05 9.9982E-05 0.0612994
9.9982E-05 0.017705 0.982095 9.9982E-05
9.998E-05 9.998E-05 0.9997 9.998E-05
9.998E-05 9.998E-05 9.998E-05 0.9997
9.9982E-05 0.0709412 0.928859 9.9982E-05
9.9991E-05 0.0465283 0.949993 0.00337896
0.0316987 0.289438 0.666406 0.0124566
0.0199073 0.355016 0.624976 9.9991E-05
0.000934014 0.606402 0.129266 0.263397
9.998E-05 9.998E-05 0.9997 9.998E-05
9.9982E-05 0.888086 0.111715 9.9982E-05
9.9982E-05 9.9982E-05 0.0782519 0.921548
9.9982E-05 9.9982E-05 0.976346 0.023454
9.99821E-05 9.99821E-05 0.0888028 0.910997
0.0244491 0.223861 0.00700414 0.744685
0.154736 9.9991E-05 0.198209 0.646955
9.99819E-05 9.99819E-05 0.166982 0.832818
0.00659184 0.0119568 0.0957264 0.885725
0.00347401 0.0398553 9.9991E-05 0.956571
9.9982E-05 0.0774115 9.9982E-05 0.922389
9.9982E-05 0.0775354 9.9982E-05 0.922265
0.171302 0.0423352 9.9991E-05 0.786263
0.0422267 0.094055 0.0678222 0.795896
9.9991E-05 0.0873526 0.128987 0.78356
0.00342924 0.0475299 9.99911E-05 0.948941
9.998E-05 0.9997 9.998E-05 9.998E-05
9.998E-05 0.9997 9.998E-05 9.998E-05
9.998E-05 0.9997 9.998E-05 9.998E-05
9.998E-05 0.9997 9.998E-05 9.998E-05
9.998E-05 0.9997 9.998E-05 9.998E-05
0.0197475 0.637595 0.231123 0.111534
9.998E-05 0.9997 9.998E-05 9.998E-05
9.998E-05 9.998E-05 9.998E-05 0.9997
9.9991E-05 0.606969 0.0886347 0.304296
9.998E-05 9.998E-05 0.9997 9.998E-05
9.99821E-05 9.99821E-05 0.0103054 0.989495
9.9991E-05 0.00238046 0.0794752 0.918044
9.998E-05 9.998E-05 9.998E-05 0.9997
9.998E-05 9.998E-05 9.998E-05 0.9997
0.0120702 9.9982E-05 9.9982E-05 0.98773
0.885792 0.0281736 9.9991E-05 0.0859346
9.998E-05 9.998E-05 0.9997 9.998E-05
9.9991E-05 0.10648 0.400929 0.492492
9.998E-05 9.998E-05 0.9997 9.998E-05
9.9991E-05 0.0116219 0.971585 0.016693
9.9982E-05 0.0826224 0.917178 9.9982E-05
9.9982E-05 0.0937637 0.906036 9.9982E-05
9.9991E-05 0.0615714 0.901935 0.0363939
9.998E-05 9.998E-05 0.9997 9.998E-05
9.99821E-05 0.49939 0.50041 9.99821E-05
0.00194113 0.399401 0.537409 0.0612492
9.9982E-05 9.9982E-05 0.97918 0.0206199
9.9991E-05 0.102534 0.0833751 0.813991
9.9991E-05 0.158735 0.0416411 0.799524
0.196167 9.9991E-05 0.134425 0.669308
0.195616 9.9991E-05 0.136097 0.668187
9.99819E-05 0.137253 9.99819E-05 0.862547
9.9982E-05 0.108503 9.9982E-05 0.891297
0.172652 0.0407817 0.0898741 0.696692
0.196169 9.9991E-05 0.154317 0.649414
9.9982E-05 0.047205 9.9982E-05 0.952595
0.0431441 0.0594205 0.0143344 0.883101
9.9991E-05 0.645588 0.0715031 0.282808
0.179973 9.9991E-05 0.0856806 0.734246
0.140179 9.9991E-05 0.0348793 0.824842
0.0496207 0.338597 0.611683 9.9991E-05
