9.9982E-05 9.9982E-05 0.0399842 0.959816
0.554058 9.9991E-05 0.00667271 0.439169
0.863333 0.0199705 0.028725 0.0879717
0.960791 9.9982E-05 0.0390093 9.9982E-05
0.686658 9.9991E-05 0.0242003 0.289042
0.997987 9.9982E-05 0.00181328 9.9982E-05
0.305825 9.99821E-05 9.99821E-05 0.693975
0.807285 9.9991E-05 0.0326127 0.160002
0.340071 9.99821E-05 9.99821E-05 0.659729
0.0609434 9.9991E-05 0.129213 0.809744
0.0386077 9.9991E-05 0.139874 0.821419
0.0206368 9.9991E-05 0.177896 0.801367
0.0148315 0.00568414 9.99911E-05 0.979384
0.964588 0.00142831 0.0338842 9.9991E-05
0.993356 0.0024 0.00414443 9.9991E-05
0.0521331 9.9991E-05 0.023792 0.923975
9.9991E-05 0.085475 0.429092 0.485333
0.0554764 0.730077 9.9991E-05 0.214347
9.9982E-05 0.926118 0.073682 9.9982E-05
9.9982E-05 9.9982E-05 0.192878 0.806922
0.00384411 0.995956 9.9982E-05 9.9982E-05
9.9982E-05 9.9982E-05 0.0467087 0.953091
0.0347294 0.451909 0.387826 0.125536
9.9982E-05 0.912901 0.0868988 9.9982E-05
0.9997 9.998E-05 9.998E-05 9.998E-05
0.9997 9.998E-05 9.998E-05 9.998E-05
9.9982E-05 9.9982E-05 0.0954167 0.904383
0.9997 9.998E-05 9.998E-05 9.998E-05
0.9997 9.998E-05 9.998E-05 9.998E-05
0.910304 0.0313929 0.031743 0.0265604
0.954045 9.9982E-05 0.045755 9.9982E-05
0.558043 9.99821E-05 9.99821E-05 0.441757
0.9997 9.998E-05 9.998E-05 9.998E-05
0.796903 9.9982E-05 9.9982E-05 0.202897
0.0292918 9.9991E-05 0.297612 0.672996
0.985964 9.9982E-05 0.0138361 9.9982E-05
0.0133979 9.9991E-05 0.0484669 0.938035
0.146779 0.069651 0.0387029 0.744867
0.111379 0.0815837 0.493671 0.313366
0.111651 0.00784599 0.105976 0.774527
0.0827417 0.00553856 0.121734 0.789986
9.9991E-05 0.0229257 0.137444 0.83953
0.0208391 9.9982E-05 9.9982E-05 0.978961
0.00418662 0.00661827 0.185311 0.803884
9.9991E-05 0.128073 0.195297 0.67653
0.0943547 0.0409633 0.134846 0.729836
0.125935 9.9991E-05 0.184546 0.689419
9.99911E-05 0.0246915 0.00271342 0.972495
0.818394 0.0479476 9.9991E-05 0.133559
0.808995 0.0454534 9.9991E-05 0.145451
0.813403 0.0321437 9.9991E-05 0.154354
0.849729 0.0478124 9.9991E-05 0.102359
0.852889 0.0277273 9.9991E-05 0.119284
0.70986 0.0403936 9.9991E-05 0.249646
0.778526 0.00203494 9.9991E-05 0.219339
9.998E-05 9.998E-05 9.998E-05 0.9997
0.540229 9.9982E-05 9.9982E-05 0.459571
0.993687 9.9982E-05 0.00611297 9.9982E-05
9.99821E-05 9.99821E-05 0.0594535 0.940347
0.0543114 9.9991E-05 0.0351715 0.910417
9.99822E-05 0.00804624 9.99822E-05 0.991754
9.9982E-05 9.9982E-05 0.0021681 0.997632
9.9991E-05 0.0267225 0.104769 0.868409
9.9982E-05 0.92207 9.9982E-05 0.0777299
0.9997 9.998E-05 9.998E-05 9.998E-05
0.341962 0.0481221 0.156144 0.453772
0.9997 9.998E-05 9.998E-05 9.998E-05
0.9997 9.998E-05 9.998E-05 9.998E-05
0.995329 9.9982E-05 9.9982E-05 0.00447092
0.9997 9.998E-05 9.998E-05 9.998E-05
0.95676 9.9982E-05 0.0430405 9.9982E-05
0.979313 9.9982E-05 0.0204872 9.9982E-05
0.937821 9.99821E-05 9.99821E-05 0.0619787
0.821099 0.0316806 9.99911E-05 0.14712
0.978815 9.9982E-05 0.0209849 9.9982E-05
0.135628 9.9991E-05 0.0710378 0.793234
0.129182 9.9991E-05 0.0641175 0.8066
9.998E-05 9.998E-05 0.9997 9.998E-05
9.998E-05 9.998E-05 0.9997 9.998E-05
0.0513913 0.00278853 0.0986809 0.847139
0.0795377 0.01202 0.065123 0.843319
9.998E-05 9.998E-05 0.9997 9.998E-05
9.998E-05 9.998E-05 0.9997 9.998E-05
9.998E-05 9.998E-05 9.998E-05 0.9997
0.0314324 0.0579626 0.016376 0.894229
0.544916 9.9982E-05 9.9982E-05 0.454884
0.0513345 0.146112 0.326758 0.475796
9.9991E-05 0.0758822 0.349371 0.574647
0.896045 0.0767399 0.0271149 9.9991E-05
