0.00888105 9.9982E-05 0.990919 9.9982E-05
0.343593 0.289656 0.366651 9.9991E-05
0.00358449 0.890303 0.0375733 0.0685393
9.998E-05 0.9997 9.998E-05 9.998E-05
0.276509 0.44268 0.280711 9.9991E-05
9.998E-05 0.9997 9.998E-05 9.998E-05
0.453146 0.0121428 0.534611 9.99911E-05
0.451714 0.467974 0.0802113 9.9991E-05
0.490798 0.000222248 0.50888 9.9991E-05
0.158908 9.9982E-05 0.840893 9.9982E-05
0.121367 9.9982E-05 0.878433 9.9982E-05
9.9982E-05 0.0493448 0.950455 9.9982E-05
9.99821E-05 0.0604349 0.939365 9.99821E-05
9.999E-05 0.965955 0.0186297 0.0153156
9.998E-05 0.9997 9.998E-05 9.998E-05
0.0478361 9.9982E-05 0.951964 9.9982E-05
9.9991E-05 0.0488462 0.787974 0.16308
0.0761388 9.9991E-05 0.196656 0.727105
9.998E-05 9.998E-05 9.998E-05 0.9997
0.00981871 9.9982E-05 0.989981 9.9982E-05
9.998E-05 9.998E-05 9.998E-05 0.9997
9.998E-05 9.998E-05 0.9997 9.998E-05
0.0328562 0.0858079 0.336892 0.544444
9.9982E-05 9.9982E-05 0.0217757 0.978024
9.998E-05 0.9997 9.998E-05 9.998E-05
9.998E-05 0.9997 9.998E-05 9.998E-05
9.998E-05 9.998E-05 0.9997 9.998E-05
0.0618724 0.937928 9.9982E-05 9.9982E-05
0.106809 0.892991 9.9982E-05 9.9982E-05
0.229169 0.734808 9.9991E-05 0.0359224
0.309366 0.662908 0.000439796 0.0272858
0.69428 0.0711511 0.234469 9.99911E-05
9.998E-05 0.9997 9.998E-05 9.998E-05
0.942621 0.0571794 9.9982E-05 9.9982E-05
9.9982E-05 0.0911269 0.908673 9.9982E-05
0.0123923 0.982009 0.00549876 9.9991E-05
9.99821E-05 0.0849901 0.91481 9.99821E-05
0.210417 0.00197982 0.753058 0.0345447
9.9991E-05 0.192453 0.669571 0.137876
9.9982E-05 0.150363 0.849437 9.9982E-05
0.0401546 0.0760808 0.866419 0.017346
0.0228502 9.9991E-05 0.967727 0.00932266
0.0720919 9.9982E-05 0.927708 9.9982E-05
0.0718944 9.9982E-05 0.927906 9.9982E-05
0.0505452 9.9991E-05 0.804071 0.145284
0.0300268 0.0985414 0.83777 0.0336622
0.0310024 0.164314 0.804583 9.9991E-05
0.00644727 9.99911E-05 0.990148 0.00330514
0.9997 9.998E-05 9.998E-05 9.998E-05
0.9997 9.998E-05 9.998E-05 9.998E-05
0.9997 9.998E-05 9.998E-05 9.998E-05
0.9997 9.998E-05 9.998E-05 9.998E-05
0.9997 9.998E-05 9.998E-05 9.998E-05
0.656821 0.217466 0.0636932 0.0620197
0.9997 9.998E-05 9.998E-05 9.998E-05
9.998E-05 9.998E-05 0.9997 9.998E-05
0.605425 0.0911825 0.303293 9.9991E-05
9.998E-05 0.9997 9.998E-05 9.998E-05
0.0135356 0.0042092 0.982155 9.9991E-05
9.9982E-05 0.0666492 0.933151 9.9982E-05
9.99822E-05 9.99822E-05 0.999422 0.000378357
9.998E-05 9.998E-05 0.9997 9.998E-05
9.9982E-05 9.9982E-05 0.988364 0.0114358
0.031236 9.9991E-05 0.0414331 0.927231
9.998E-05 0.9997 9.998E-05 9.998E-05
0.148349 0.288999 0.488212 0.0744401
9.998E-05 0.9997 9.998E-05 9.998E-05
0.0308436 0.966806 0.00225034 9.9991E-05
0.112272 0.887528 9.9982E-05 9.9982E-05
0.0593624 0.93044 0.00472167 0.00547633
0.0282196 0.928199 0.0434816 9.9991E-05
0.00656752 0.993233 9.9982E-05 9.9982E-05
0.497787 0.502013 9.99821E-05 9.99821E-05
0.387616 0.537906 0.0394311 0.0350476
9.9982E-05 0.978616 0.021184 9.9982E-05
0.17109 0.0409057 0.787904 9.9991E-05
0.194159 9.9982E-05 0.805641 9.9982E-05
9.9991E-05 0.119037 0.663238 0.217626
9.9991E-05 0.134037 0.634858 0.231005
0.109869 9.99819E-05 0.889931 9.99819E-05
0.143378 9.9991E-05 0.855308 0.00121397
9.9991E-05 0.152413 0.629914 0.217573
9.9991E-05 0.155871 0.637827 0.206202
0.0455854 9.9982E-05 0.954215 9.9982E-05
0.096847 9.9991E-05 0.876559 0.0264938
0.681108 0.0501007 0.268692 9.9991E-05
9.9991E-05 0.096342 0.725107 0.178451
9.9991E-05 0.0235264 0.848583 0.127791
0.32909 0.634859 9.9991E-05 0.0359502
