9.9982E-05 0.970145 0.0296549 9.9982E-05
0.521386 0.437524 0.0409907 9.9991E-05
0.849234 0.0152112 0.0933379 0.0422167
0.970964 9.9982E-05 0.028836 9.9982E-05
0.704239 0.295561 9.99821E-05 9.99821E-05
0.9997 9.998E-05 9.998E-05 9.998E-05
0.311878 0.687922 9.99821E-05 9.99821E-05
0.82157 0.156309 0.022021 9.9991E-05
0.318795 0.681005 9.99821E-05 9.99821E-05
0.0109814 0.873805 0.115114 9.9991E-05
0.0218862 0.855181 0.122832 9.9991E-05
0.00501994 0.828261 0.166619 9.9991E-05
0.0444648 0.934607 0.0208286 9.99911E-05
0.976029 9.9991E-05 0.0201278 0.00374369
0.979425 0.006726 0.0091965 0.00465258
0.0299549 0.927725 0.0422201 9.9991E-05
0.00860144 0.517965 0.373142 0.100291
0.0801157 0.188718 9.9991E-05 0.731066
9.9982E-05 9.9982E-05 0.0934154 0.906385
9.99819E-05 0.818397 0.181403 9.99819E-05
9.998E-05 9.998E-05 9.998E-05 0.9997
9.9982E-05 0.937665 0.0621353 9.9982E-05
0.0583079 0.127514 0.410957 0.403221
9.9982E-05 9.9982E-05 0.106054 0.893746
0.9997 9.998E-05 9.998E-05 9.998E-05
0.9997 9.998E-05 9.998E-05 9.998E-05
9.9982E-05 0.899241 0.100559 9.9982E-05
0.9997 9.998E-05 9.998E-05 9.998E-05
0.9997 9.998E-05 9.998E-05 9.998E-05
0.923352 0.0256054 0.0230775 0.0279656
0.929607 9.9991E-05 0.0636715 0.00662118
0.562752 0.437048 9.99821E-05 9.99821E-05
0.994252 9.9982E-05 0.00554803 9.9982E-05
0.816575 0.180996 0.00232866 9.9991E-05
0.0363286 0.721081 0.24249 9.9991E-05
0.9997 9.998E-05 9.998E-05 9.998E-05
0.0336577 0.926636 0.039606 9.9991E-05
0.126584 0.800984 0.0301975 0.042235
0.139243 0.394768 0.407674 0.0583149
0.0973349 0.808156 0.094409 9.9991E-05
0.0797453 0.795941 0.114857 0.00945734
9.9991E-05 0.868775 0.113682 0.0174431
0.0143743 0.985426 9.9982E-05 9.9982E-05
0.0250512 0.821607 0.153242 9.9991E-05
9.9991E-05 0.664675 0.215434 0.119791
0.0968328 0.747551 0.0975174 0.0580985
0.156584 0.687067 0.15625 9.9991E-05
9.99822E-05 0.947296 9.99822E-05 0.0525039
0.847635 0.124662 9.9991E-05 0.0276032
0.801632 0.161046 9.9991E-05 0.0372218
0.792256 0.157353 9.9991E-05 0.0502908
0.827935 0.122341 9.9991E-05 0.0496244
0.876409 0.102628 9.9991E-05 0.0208631
0.748378 0.210373 9.9991E-05 0.0411495
0.764915 0.234885 9.9982E-05 9.9982E-05
9.998E-05 0.9997 9.998E-05 9.998E-05
0.533101 0.466699 9.9982E-05 9.9982E-05
0.9997 9.998E-05 9.998E-05 9.998E-05
9.99821E-05 0.936471 0.0633286 9.99821E-05
0.0515766 0.932354 0.015969 9.9991E-05
9.99821E-05 0.971535 9.99821E-05 0.0282646
9.9982E-05 0.979891 0.0199093 9.9982E-05
9.9991E-05 0.892286 0.0988166 0.00879706
0.0204597 0.0820553 9.9991E-05 0.897385
0.9997 9.998E-05 9.998E-05 9.998E-05
0.402857 0.454467 0.113817 0.0288588
0.9997 9.998E-05 9.998E-05 9.998E-05
0.9997 9.998E-05 9.998E-05 9.998E-05
0.9997 9.998E-05 9.998E-05 9.998E-05
0.9997 9.998E-05 9.998E-05 9.998E-05
0.942701 0.0160501 0.0411494 9.9991E-05
0.998892 9.9982E-05 0.000908106 9.9982E-05
0.944082 0.0557182 9.99822E-05 9.99822E-05
0.864882 0.115969 9.99911E-05 0.0190484
0.983969 9.9982E-05 0.0158313 9.9982E-05
0.149331 0.790841 0.0597278 9.9991E-05
0.151294 0.797275 0.0513317 9.9991E-05
9.998E-05 9.998E-05 0.9997 9.998E-05
9.998E-05 9.998E-05 0.9997 9.998E-05
0.0648057 0.822445 0.112649 9.9991E-05
0.0148722 0.876434 0.0893705 0.019323
9.998E-05 9.998E-05 0.9997 9.998E-05
9.998E-05 9.998E-05 0.9997 9.998E-05
9.998E-05 0.9997 9.998E-05 9.998E-05
0.026741 0.900612 0.0134656 0.0591819
0.539706 0.460094 9.9982E-05 9.9982E-05
0.0657928 0.520448 0.293578 0.120181
9.9991E-05 0.594177 0.335482 0.0702409
0.880891 9.9991E-05 0.0474958 0.0715132
