0.00588323 9.99639E-05 9.99639E-05 9.99639E-05 0.987314 9.99639E-05 0.00640312
0.172094 9.9973E-05 0.281022 0.28561 0.260974 9.9973E-05 9.9973E-05
9.99822E-05 0.0700326 0.757369 0.110292 9.99822E-05 0.0208957 0.0412111
9.9955E-05 9.9955E-05 0.958011 9.9955E-05 9.9955E-05 9.9955E-05 0.0414889
0.267117 9.99731E-05 0.427272 0.249424 0.0558867 9.99731E-05 9.99731E-05
9.9955E-05 9.9955E-05 0.992258 9.9955E-05 9.9955E-05 9.9955E-05 0.00724222
0.189402 0.464085 0.0396972 0.306516 9.99731E-05 9.99731E-05 9.99731E-05
0.144939 9.99731E-05 0.454472 0.397374 9.99731E-05 9.99731E-05 0.00291496
0.250911 0.344341 0.0259246 0.378524 9.99731E-05 9.99731E-05 9.99731E-05
0.993697 9.99551E-05 9.99551E-05 0.00580315 9.99551E-05 9.99551E-05 9.99551E-05
0.9994 9.995E-05 9.995E-05 9.995E-05 9.995E-05 9.995E-05 9.995E-05
9.9973E-05 0.161153 0.0162353 9.9973E-05 0.690664 9.9973E-05 0.131648
9.99551E-05 0.986951 0.012549 9.99551E-05 9.99551E-05 9.99551E-05 9.99551E-05
0.00112833 9.9982E-05 0.962023 9.9982E-05 0.0080666 0.0125864 0.0159959
0.017016 9.9982E-05 0.90867 9.9982E-05 0.0628323 0.00335101 0.00793041
0.498909 0.371635 0.046443 9.9982E-05 0.0706512 9.9982E-05 0.0121621
0.448202 0.172573 9.9982E-05 9.9982E-05 0.000157872 0.0707545 0.308113
0.201777 9.99729E-05 9.99729E-05 0.00819635 0.0832308 0.706496 9.99729E-05
9.9955E-05 9.9955E-05 9.9955E-05 9.9955E-05 9.9955E-05 0.917701 0.0817992
0.743023 0.0315363 9.9973E-05 9.9973E-05 0.149349 9.9973E-05 0.0757924
9.995E-05 9.995E-05 9.995E-05 9.995E-05 9.995E-05 0.9994 9.995E-05
0.284101 0.0956916 9.99729E-05 9.99729E-05 0.603644 9.99729E-05 0.0162643
0.263221 9.9973E-05 9.9973E-05 0.0198088 9.9973E-05 0.392837 0.323834
0.0107556 9.9964E-05 9.9964E-05 9.9964E-05 9.9964E-05 0.913217 0.0756274
9.995E-05 9.995E-05 0.9994 9.995E-05 9.995E-05 9.995E-05 9.995E-05
9.995E-05 9.995E-05 0.9994 9.995E-05 9.995E-05 9.995E-05 9.995E-05
0.0530135 0.806501 9.99729E-05 9.99729E-05 0.069889 9.99729E-05 0.0702964
9.9964E-05 0.00390301 0.909561 0.0861357 9.9964E-05 9.9964E-05 9.9964E-05
9.9964E-05 0.00475761 0.909546 0.0852962 9.9964E-05 9.9964E-05 9.9964E-05
9.9982E-05 0.0132394 0.687155 0.261241 9.9982E-05 0.0264959 0.0116681
9.9964E-05 9.9964E-05 0.649742 0.271067 9.9964E-05 9.9964E-05 0.0787912
0.0711902 9.99731E-05 0.0940872 0.581952 0.252471 9.99731E-05 9.99731E-05
9.995E-05 9.995E-05 0.9994 9.995E-05 9.995E-05 9.995E-05 9.995E-05
9.99641E-05 9.99641E-05 0.108204 0.869356 9.99641E-05 9.99641E-05 0.0220402
0.071079 0.550914 0.0495709 9.99819E-05 0.101464 9.99819E-05 0.226772
9.99639E-05 0.0244601 0.973094 9.99639E-05 0.00204631 9.99639E-05 9.99639E-05
9.995E-05 9.995E-05 9.995E-05 9.995E-05 0.9994 9.995E-05 9.995E-05
0.774373 9.9982E-05 0.0474558 0.0730261 0.0955861 0.00935892 9.9982E-05
0.294976 0.118693 0.124712 9.9991E-05 0.0620489 0.0420539 0.357416
0.557897 9.99729E-05 0.102274 9.99729E-05 0.316412 9.99729E-05 0.0231171
0.565589 9.99729E-05 0.0455609 9.99729E-05 0.36024 9.99729E-05 0.0283103
0.98117 9.9973E-05 9.9973E-05 9.9973E-05 0.00546024 0.00469819 0.00837191
0.6108 0.264037 9.9964E-05 9.9964E-05 0.124764 9.9964E-05 9.9964E-05
0.929072 0.0159279 9.9964E-05 9.9964E-05 9.9964E-05 9.9964E-05 0.0546003
0.494355 0.194486 9.9982E-05 9.9982E-05 0.0552342 0.11086 0.144865
0.685794 0.0466636 0.0727659 9.9991E-05 0.124919 0.0316568 0.0381004
0.284553 0.195819 0.115282 0.032867 0.241656 9.9991E-05 0.129722
9.99553E-05 9.99553E-05 9.99553E-05 9.99553E-05 0.991731 0.00776969 9.99553E-05
9.995E-05 9.995E-05 9.995E-05 0.9994 9.995E-05 9.995E-05 9.995E-05
9.995E-05 9.995E-05 9.995E-05 0.9994 9.995E-05 9.995E-05 9.995E-05
9.995E-05 9.995E-05 9.995E-05 0.9994 9.995E-05 9.995E-05 9.995E-05
9.995E-05 9.995E-05 9.995E-05 0.9994 9.995E-05 9.995E-05 9.995E-05
9.995E-05 9.995E-05 9.995E-05 0.9994 9.995E-05 9.995E-05 9.995E-05
0.0673598 0.0495873 0.225232 0.628 9.99821E-05 0.0296217 9.99821E-05
9.99549E-05 9.99549E-05 9.99549E-05 0.981995 0.0175049 9.99549E-05 9.99549E-05
0.0511579 0.0695021 9.99639E-05 9.99639E-05 0.87894 9.99639E-05 9.99639E-05
0.119485 0.0303341 0.0769346 0.557192 0.215854 9.9982E-05 9.9982E-05
9.99549E-05 9.99549E-05 0.996076 9.99549E-05 0.00342373 9.99549E-05 9.99549E-05
9.9964E-05 0.847291 9.9964E-05 9.9964E-05 0.0828853 9.9964E-05 0.0694237
0.448948 0.339882 0.07128 9.9973E-05 0.13959 9.9973E-05 9.9973E-05
9.995E-05 0.9994 9.995E-05 9.995E-05 9.995E-05 9.995E-05 9.995E-05
0.1049 0.868517 9.99639E-05 9.99639E-05 0.0261824 9.99639E-05 9.99639E-05
0.037244 0.864053 9.99819E-05 9.99819E-05 0.00482469 0.00401276 0.0896652
9.99551E-05 9.99551E-05 9.99551E-05 9.99551E-05 0.112365 0.887135 9.99551E-05
9.995E-05 9.995E-05 0.9994 9.995E-05 9.995E-05 9.995E-05 9.995E-05
0.221485 0.22869 0.331622 0.128595 0.0289824 0.0106792 0.0499456
9.99641E-05 0.0174209 0.967682 0.0144971 9.99641E-05 9.99641E-05 9.99641E-05
9.9955E-05 9.9955E-05 0.972263 9.9955E-05 0.0272371 9.9955E-05 9.9955E-05
9.9964E-05 0.0322797 0.905622 0.0616982 9.9964E-05 9.9964E-05 9.9964E-05
9.9973E-05 9.9973E-05 0.918563 0.0300011 0.0423389 0.00879705 9.9973E-05
0.0387964 9.99641E-05 0.929738 9.99641E-05 0.0310662 9.99641E-05 9.99641E-05
9.995E-05 9.995E-05 0.9994 9.995E-05 9.995E-05 9.995E-05 9.995E-05
9.99553E-05 9.99553E-05 0.491535 0.507965 9.99553E-05 9.99553E-05 9.99553E-05
9.99643E-05 0.151807 0.545327 0.302466 9.99643E-05 9.99643E-05 9.99643E-05
0.00673922 9.9982E-05 0.952085 0.0338033 9.9982E-05 0.00372829 0.0034439
0.653375 0.127398 0.0837382 0.051733 0.0667962 9.9991E-05 0.0168596
0.662973 0.135147 0.0804809 0.0530732 0.0450272 9.9991E-05 0.0231991
9.995E-05 9.995E-05 9.995E-05 9.995E-05 9.995E-05 9.995E-05 0.9994
9.995E-05 9.995E-05 9.995E-05 9.995E-05 9.995E-05 9.995E-05 0.9994
0.928613 0.0320564 9.9973E-05 0.00291946 0.0361109 9.9973E-05 9.9973E-05
0.922913 0.0588919 9.9964E-05 9.9964E-05 0.0177951 9.9964E-05 9.9964E-05
9.9955E-05 9.9955E-05 9.9955E-05 0.00719612 9.9955E-05 9.9955E-05 0.992304
9.995E-05 9.995E-05 9.995E-05 9.995E-05 9.995E-05 9.995E-05 0.9994
9.99549E-05 0.0701123 9.99549E-05 9.99549E-05 0.929388 9.99549E-05 9.99549E-05
0.597394 0.244095 9.9982E-05 0.00129159 0.117689 0.039331 9.9982E-05
0.0991471 0.0394024 0.0738813 0.590066 0.197303 9.9982E-05 9.9982E-05
0.164763 0.354062 0.0867798 9.9982E-05 9.9982E-05 0.12769 0.266505
9.99731E-05 0.43371 9.99731E-05 9.99731E-05 0.154401 0.0766448 0.334944
9.99821E-05 0.0207522 0.603673 0.317736 9.99821E-05 0.0245579 0.033081
