9.98738E-05 9.98738E-05 9.98738E-05 0.944516 9.98738E-05 9.98738E-05 0.00495946 9.98738E-05 9.98738E-05 9.98738E-05 0.0368796 9.98738E-05 9.98738E-05 9.98738E-05 9.98738E-05 9.98738E-05 0.0122467 9.98738E-05
9.9892E-05 9.9892E-05 9.9892E-05 0.0127522 0.775714 0.0088343 9.9892E-05 9.9892E-05 0.103463 9.9892E-05 9.9892E-05 9.9892E-05 9.9892E-05 0.00286915 9.9892E-05 0.0951685 9.9892E-05 9.9892E-05
0.998303 9.98471E-05 9.98471E-05 9.98471E-05 9.98471E-05 9.98471E-05 9.98471E-05 9.98471E-05 9.98471E-05 9.98471E-05 9.98471E-05 9.98471E-05 9.98471E-05 9.98471E-05 9.98471E-05 9.98471E-05 9.98471E-05 9.98471E-05
0.038073 9.98921E-05 9.98921E-05 9.98921E-05 9.98921E-05 9.98921E-05 0.0235165 0.00237176 0.0353897 9.98921E-05 0.00481921 9.98921E-05 9.98921E-05 9.98921E-05 9.98921E-05 0.894631 9.98921E-05 9.98921E-05
0.0695924 0.192447 9.99371E-05 0.0303554 0.0689263 9.99371E-05 9.99371E-05 0.0665258 0.00742448 9.99371E-05 0.108568 0.0237944 9.99371E-05 0.0138371 9.99371E-05 0.370534 9.99371E-05 0.0472956
0.0733537 9.98741E-05 9.98741E-05 9.98741E-05 9.98741E-05 9.98741E-05 9.98741E-05 9.98741E-05 9.98741E-05 9.98741E-05 9.98741E-05 0.0247025 0.00429024 9.98741E-05 9.98741E-05 0.896255 9.98741E-05 9.98741E-05
9.98472E-05 0.998303 9.98472E-05 9.98472E-05 9.98472E-05 9.98472E-05 9.98472E-05 9.98472E-05 9.98472E-05 9.98472E-05 9.98472E-05 9.98472E-05 9.98472E-05 9.98472E-05 9.98472E-05 9.98472E-05 9.98472E-05 9.98472E-05
0.0265241 9.99009E-05 9.99009E-05 9.99009E-05 0.113645 9.99009E-05 0.0153594 0.0504682 9.99009E-05 9.99009E-05 0.0832737 9.99009E-05 9.99009E-05 9.99009E-05 9.99009E-05 0.0532971 9.99009E-05 0.656333
9.9865E-05 0.943381 9.9865E-05 9.9865E-05 0.0419308 9.9865E-05 9.9865E-05 9.9865E-05 9.9865E-05 9.9865E-05 9.9865E-05 9.9865E-05 9.9865E-05 9.9865E-05 0.0131899 9.9865E-05 9.9865E-05 9.9865E-05
9.98562E-05 0.133536 9.98562E-05 9.98562E-05 9.98562E-05 9.98562E-05 9.98562E-05 9.98562E-05 9.98562E-05 9.98562E-05 0.864867 9.98562E-05 9.98562E-05 9.98562E-05 9.98562E-05 9.98562E-05 9.98562E-05 9.98562E-05
9.98563E-05 0.139554 9.98563E-05 9.98563E-05 9.98563E-05 9.98563E-05 9.98563E-05 9.98563E-05 9.98563E-05 9.98563E-05 0.858849 9.98563E-05 9.98563E-05 9.98563E-05 9.98563E-05 9.98563E-05 9.98563E-05 9.98563E-05
9.9892E-05 0.0172207 9.9892E-05 0.675604 9.9892E-05 9.9892E-05 0.102877 9.9892E-05 9.9892E-05 0.125279 9.9892E-05 0.0678826 9.9892E-05 9.9892E-05 9.9892E-05 0.00993763 9.9892E-05 9.9892E-05
9.98655E-05 0.0107175 9.98655E-05 9.98655E-05 9.98655E-05 9.98655E-05 9.98655E-05 9.98655E-05 9.98655E-05 0.966183 9.98655E-05 9.98655E-05 9.98655E-05 9.98655E-05 9.98655E-05 9.98655E-05 9.98655E-05 0.0216012
0.0211808 9.98921E-05 0.0304313 9.98921E-05 9.98921E-05 9.98921E-05 9.98921E-05 9.98921E-05 0.00455136 9.98921E-05 9.98921E-05 0.0255088 9.98921E-05 9.98921E-05 0.00811723 0.909012 9.98921E-05 9.98921E-05
9.98831E-05 9.98831E-05 0.0236829 0.0193924 9.98831E-05 9.98831E-05 9.98831E-05 9.98831E-05 9.98831E-05 9.98831E-05 0.00707955 9.98831E-05 9.98831E-05 9.98831E-05 9.98831E-05 0.91388 0.0346664 9.98831E-05
9.9874E-05 9.9874E-05 9.9874E-05 9.9874E-05 9.9874E-05 0.725049 9.9874E-05 9.9874E-05 9.9874E-05 0.149919 0.0097944 0.11384 9.9874E-05 9.9874E-05 9.9874E-05 9.9874E-05 9.9874E-05 9.9874E-05
9.98651E-05 9.98651E-05 9.98651E-05 9.98651E-05 9.98651E-05 9.98651E-05 9.98651E-05 9.98651E-05 0.938232 9.98651E-05 0.0474584 9.98651E-05 9.98651E-05 9.98651E-05 9.98651E-05 9.98651E-05 0.0128115 9.98651E-05
9.98919E-05 9.98919E-05 0.837934 0.0017398 0.00836357 0.012563 9.98919E-05 0.0112216 9.98919E-05 9.98919E-05 0.126979 9.98919E-05 9.98919E-05 9.98919E-05 9.98919E-05 9.98919E-05 9.98919E-05 9.98919E-05
9.9856E-05 9.9856E-05 9.9856E-05 9.9856E-05 9.9856E-05 9.9856E-05 0.0511166 9.9856E-05 9.9856E-05 9.9856E-05 9.9856E-05 9.9856E-05 0.947286 9.9856E-05 9.9856E-05 9.9856E-05 9.9856E-05 9.9856E-05
9.98829E-05 9.98829E-05 9.98829E-05 0.072261 9.98829E-05 0.323371 0.0210348 9.98829E-05 9.98829E-05 9.98829E-05 0.44955 0.132485 9.98829E-05 9.98829E-05 9.98829E-05 9.98829E-05 9.98829E-05 9.98829E-05
9.98561E-05 9.98561E-05 0.955682 9.98561E-05 9.98561E-05 9.98561E-05 9.98561E-05 9.98561E-05 9.98561E-05 9.98561E-05 9.98561E-05 9.98561E-05 0.0427207 9.98561E-05 9.98561E-05 9.98561E-05 9.98561E-05 9.98561E-05
9.98919E-05 9.98919E-05 9.98919E-05 0.439616 9.98919E-05 0.335821 9.98919E-05 9.98919E-05 0.0326533 0.00261235 0.0471935 9.98919E-05 9.98919E-05 9.98919E-05 0.140905 9.98919E-05 9.98919E-05 9.98919E-05
9.9847E-05 9.9847E-05 9.9847E-05 9.9847E-05 9.9847E-05 9.9847E-05 9.9847E-05 9.9847E-05 9.9847E-05 9.9847E-05 9.9847E-05 9.9847E-05 9.9847E-05 9.9847E-05 9.9847E-05 9.9847E-05 0.998303 9.9847E-05
9.98559E-05 9.98559E-05 9.98559E-05 9.98559E-05 9.98559E-05 9.98559E-05 9.98559E-05 9.98559E-05 9.98559E-05 9.98559E-05 9.98559E-05 9.98559E-05 0.809298 9.98559E-05 9.98559E-05 9.98559E-05 0.189105 9.98559E-05
0.00490954 9.98654E-05 9.98654E-05 9.98654E-05 9.98654E-05 9.98654E-05 9.98654E-05 0.0104836 9.98654E-05 9.98654E-05 9.98654E-05 9.98654E-05 9.98654E-05 9.98654E-05 9.98654E-05 0.983109 9.98654E-05 9.98654E-05
9.98475E-05 9.98475E-05 9.98475E-05 9.98475E-05 9.98475E-05 9.98475E-05 9.98475E-05 9.98475E-05 9.98475E-05 9.98475E-05 9.98475E-05 9.98475E-05 9.98475E-05 9.98475E-05 9.98475E-05 0.998303 9.98475E-05 9.98475E-05
9.98828E-05 9.98828E-05 9.98828E-05 0.0715183 9.98828E-05 9.98828E-05 0.0171921 9.98828E-05 0.0411302 0.826903 0.0419578 9.98828E-05 9.98828E-05 9.98828E-05 9.98828E-05 9.98828E-05 9.98828E-05 9.98828E-05
9.98652E-05 9.98652E-05 9.98652E-05 9.98652E-05 9.98652E-05 9.98652E-05 9.98652E-05 0.0859186 9.98652E-05 0.000478834 9.98652E-05 9.98652E-05 9.98652E-05 9.98652E-05 9.98652E-05 0.912105 9.98652E-05 9.98652E-05
9.98651E-05 9.98651E-05 9.98651E-05 9.98651E-05 9.98651E-05 9.98651E-05 9.98651E-05 0.074286 9.98651E-05 9.98651E-05 9.98651E-05 9.98651E-05 9.98651E-05 0.0508395 9.98651E-05 0.873376 9.98651E-05 9.98651E-05
0.00940858 9.98923E-05 9.98923E-05 9.98923E-05 9.98923E-05 9.98923E-05 9.98923E-05 0.12313 9.98923E-05 9.98923E-05 9.98923E-05 9.98923E-05 0.000316977 9.98923E-05 0.134472 0.544114 9.98923E-05 0.18736
9.9901E-05 9.9901E-05 9.9901E-05 9.9901E-05 0.0103753 9.9901E-05 0.0362256 0.0782688 0.0071401 9.9901E-05 9.9901E-05 0.0259631 9.9901E-05 9.9901E-05 9.9901E-05 0.412872 9.9901E-05 0.428056
9.98475E-05 9.98475E-05 9.98475E-05 9.98475E-05 0.998303 9.98475E-05 9.98475E-05 9.98475E-05 9.98475E-05 9.98475E-05 9.98475E-05 9.98475E-05 9.98475E-05 9.98475E-05 9.98475E-05 9.98475E-05 9.98475E-05 9.98475E-05
9.98564E-05 9.98564E-05 9.98564E-05 9.98564E-05 9.98564E-05 9.98564E-05 9.98564E-05 9.98564E-05 9.98564E-05 9.98564E-05 9.98564E-05 9.98564E-05 9.98564E-05 9.98564E-05 9.98564E-05 0.830157 9.98564E-05 0.168245
0.00200861 9.98832E-05 9.98832E-05 9.98832E-05 9.98832E-05 9.98832E-05 9.98832E-05 0.671451 9.98832E-05 9.98832E-05 9.98832E-05 9.98832E-05 9.98832E-05 0.0149166 0.0379714 9.98832E-05 9.98832E-05 0.272354
9.98827E-05 9.98827E-05 9.98827E-05 9.98827E-05 9.98827E-05 9.98827E-05 0.0930683 9.98827E-05 0.213347 0.485107 9.98827E-05 9.98827E-05 9.98827E-05 9.98827E-05 0.161879 9.98827E-05 9.98827E-05 0.0453003
9.98829E-05 0.0120996 9.98829E-05 9.98829E-05 9.98829E-05 0.00548049 9.98829E-05 9.98829E-05 9.98829E-05 9.98829E-05 9.98829E-05 0.0313893 9.98829E-05 9.98829E-05 9.98829E-05 0.911134 9.98829E-05 0.0385984
0.00725345 9.98741E-05 9.98741E-05 0.894522 9.98741E-05 9.98741E-05 9.98741E-05 9.98741E-05 9.98741E-05 9.98741E-05 9.98741E-05 9.98741E-05 9.98741E-05 9.98741E-05 0.0783001 9.98741E-05 9.98741E-05 0.0185258
0.0115944 9.9892E-05 9.9892E-05 0.0648814 0.19175 9.9892E-05 9.9892E-05 9.9892E-05 9.9892E-05 9.9892E-05 0.668202 9.9892E-05 9.9892E-05 9.9892E-05 9.9892E-05 9.9892E-05 0.0477881 0.0145853
9.98561E-05 9.98561E-05 9.98561E-05 9.98561E-05 9.98561E-05 9.98561E-05 9.98561E-05 9.98561E-05 0.975743 9.98561E-05 9.98561E-05 9.98561E-05 9.98561E-05 9.98561E-05 9.98561E-05 9.98561E-05 9.98561E-05 0.0226593
9.99099E-05 9.99099E-05 9.99099E-05 0.184441 9.99099E-05 0.254036 9.99099E-05 9.99099E-05 0.126102 9.99099E-05 0.295913 0.0135176 0.00345707 9.99099E-05 0.00778926 0.113745 9.99099E-05 9.99099E-05
9.99008E-05 9.99008E-05 0.0276547 0.25846 0.0334256 0.234902 9.99008E-05 9.99008E-05 0.0893533 9.99008E-05 0.31136 9.99008E-05 9.99008E-05 9.99008E-05 9.99008E-05 0.0437467 9.99008E-05 9.99008E-05
9.9901E-05 9.9901E-05 9.9901E-05 0.0247399 9.9901E-05 0.0170378 9.9901E-05 9.9901E-05 0.0124029 9.9901E-05 0.913709 0.0216327 0.00389345 9.9901E-05 0.00548579 9.9901E-05 9.9901E-05 9.9901E-05
9.9883E-05 0.0547173 9.9883E-05 0.0120457 9.9883E-05 0.880682 9.9883E-05 9.9883E-05 9.9883E-05 0.0457269 9.9883E-05 9.9883E-05 0.00552932 9.9883E-05 9.9883E-05 9.9883E-05 9.9883E-05 9.9883E-05
9.98739E-05 9.98739E-05 9.98739E-05 0.00131664 9.98739E-05 9.98739E-05 9.98739E-05 9.98739E-05 9.98739E-05 0.00259004 0.896039 0.0986557 9.98739E-05 9.98739E-05 9.98739E-05 9.98739E-05 9.98739E-05 9.98739E-05
9.99279E-05 9.99279E-05 9.99279E-05 0.064627 0.00346551 0.0948215 0.0161606 9.99279E-05 9.99279E-05 0.074374 0.291946 0.138596 0.0320438 9.99279E-05 0.109235 9.99279E-05 0.173931 9.99279E-05
9.99201E-05 9.99201E-05 9.99201E-05 0.032206 0.046442 0.146402 9.99201E-05 9.99201E-05 9.99201E-05 9.99201E-05 0.397622 0.0455947 0.028389 9.99201E-05 0.24967 0.0111355 0.026405 0.0153349
9.98469E-05 9.98469E-05 9.98469E-05 9.98469E-05 9.98469E-05 9.98469E-05 9.98469E-05 9.98469E-05 9.98469E-05 9.98469E-05 9.98469E-05 9.98469E-05 9.98469E-05 9.98469E-05 0.998303 9.98469E-05 9.98469E-05 9.98469E-05
9.9857E-05 9.9857E-05 9.9857E-05 0.993563 9.9857E-05 9.9857E-05 9.9857E-05 9.9857E-05 9.9857E-05 9.9857E-05 9.9857E-05 9.9857E-05 0.00483973 9.9857E-05 9.9857E-05 9.9857E-05 9.9857E-05 9.9857E-05
9.98472E-05 9.98472E-05 9.98472E-05 9.98472E-05 9.98472E-05 9.98472E-05 9.98472E-05 0.998303 9.98472E-05 9.98472E-05 9.98472E-05 9.98472E-05 9.98472E-05 9.98472E-05 9.98472E-05 9.98472E-05 9.98472E-05 9.98472E-05
9.98741E-05 9.98741E-05 9.98741E-05 9.98741E-05 9.98741E-05 0.0139975 9.98741E-05 0.980003 0.00365178 9.98741E-05 9.98741E-05 9.98741E-05 9.98741E-05 9.98741E-05 9.98741E-05 0.000949985 9.98741E-05 9.98741E-05
9.98563E-05 9.98563E-05 9.98563E-05 9.98563E-05 9.98563E-05 9.98563E-05 9.98563E-05 0.976137 9.98563E-05 9.98563E-05 9.98563E-05 0.0222648 9.98563E-05 9.98563E-05 9.98563E-05 9.98563E-05 9.98563E-05 9.98563E-05
9.98472E-05 9.98472E-05 9.98472E-05 9.98472E-05 9.98472E-05 9.98472E-05 9.98472E-05 0.998303 9.98472E-05 9.98472E-05 9.98472E-05 9.98472E-05 9.98472E-05 9.98472E-05 9.98472E-05 9.98472E-05 9.98472E-05 9.98472E-05
9.98473E-05 9.98473E-05 9.98473E-05 9.98473E-05 9.98473E-05 9.98473E-05 9.98473E-05 0.998303 9.98473E-05 9.98473E-05 9.98473E-05 9.98473E-05 9.98473E-05 9.98473E-05 9.98473E-05 9.98473E-05 9.98473E-05 9.98473E-05
0.0427126 0.0359463 9.99282E-05 9.99282E-05 0.101751 0.0218354 9.99282E-05 0.312144 9.99282E-05 9.99282E-05 9.99282E-05 9.99282E-05 0.00303691 0.0646291 9.99282E-05 0.0727034 0.0720193 0.272422
9.98652E-05 9.98652E-05 9.98652E-05 9.98652E-05 0.0727193 9.98652E-05 9.98652E-05 0.916738 9.98652E-05 9.98652E-05 9.98652E-05 9.98652E-05 9.98652E-05 9.98652E-05 0.0090446 9.98652E-05 9.98652E-05 9.98652E-05
9.98648E-05 9.98648E-05 9.98648E-05 0.781745 9.98648E-05 0.14298 9.98648E-05 9.98648E-05 9.98648E-05 9.98648E-05 9.98648E-05 0.0737775 9.98648E-05 9.98648E-05 9.98648E-05 9.98648E-05 9.98648E-05 9.98648E-05
9.9874E-05 0.0234973 9.9874E-05 9.9874E-05 0.930731 9.9874E-05 0.0106859 0.0336875 9.9874E-05 9.9874E-05 9.9874E-05 9.9874E-05 9.9874E-05 9.9874E-05 9.9874E-05 9.9874E-05 9.9874E-05 9.9874E-05
9.9865E-05 9.9865E-05 9.9865E-05 9.9865E-05 9.9865E-05 9.9865E-05 9.9865E-05 9.9865E-05 0.00700928 9.9865E-05 9.9865E-05 0.0110961 9.9865E-05 9.9865E-05 9.9865E-05 0.980397 9.9865E-05 9.9865E-05
0.0086429 9.98921E-05 0.00943033 0.0428503 9.98921E-05 0.0549551 0.0208032 9.98921E-05 9.98921E-05 0.862119 9.98921E-05 9.98921E-05 9.98921E-05 9.98921E-05 9.98921E-05 9.98921E-05 9.98921E-05 9.98921E-05
0.011982 9.98742E-05 9.98742E-05 9.98742E-05 9.98742E-05 0.858097 9.98742E-05 9.98742E-05 9.98742E-05 0.0399179 9.98742E-05 0.0886044 9.98742E-05 9.98742E-05 9.98742E-05 9.98742E-05 9.98742E-05 9.98742E-05
9.98565E-05 0.0215568 9.98565E-05 9.98565E-05 9.98565E-05 9.98565E-05 9.98565E-05 9.98565E-05 9.98565E-05 0.976845 9.98565E-05 9.98565E-05 9.98565E-05 9.98565E-05 9.98565E-05 9.98565E-05 9.98565E-05 9.98565E-05
9.9865E-05 9.9865E-05 9.9865E-05 9.9865E-05 9.9865E-05 9.9865E-05 9.9865E-05 9.9865E-05 9.9865E-05 0.874497 0.0690399 9.9865E-05 9.9865E-05 9.9865E-05 0.054965 9.9865E-05 9.9865E-05 9.9865E-05
9.98829E-05 9.98829E-05 9.98829E-05 9.98829E-05 9.98829E-05 9.98829E-05 0.0322159 9.98829E-05 9.98829E-05 0.863666 0.0686292 0.0251042 9.98829E-05 9.98829E-05 0.00908658 9.98829E-05 9.98829E-05 9.98829E-05
9.98832E-05 9.98832E-05 9.98832E-05 0.0256473 0.00307648 9.98832E-05 9.98832E-05 0.00640045 9.98832E-05 9.98832E-05 9.98832E-05 9.98832E-05 0.961681 9.98832E-05 9.98832E-05 9.98832E-05 9.98832E-05 0.00189627
0.00164181 9.98657E-05 9.98657E-05 9.98657E-05 9.98657E-05 9.98657E-05 0.00172036 9.98657E-05 9.98657E-05 9.98657E-05 9.98657E-05 9.98657E-05 9.98657E-05 9.98657E-05 9.98657E-05 0.99514 9.98657E-05 9.98657E-05
9.98403E-05 9.98403E-05 9.98403E-05 9.98403E-05 9.98403E-05 9.98403E-05 9.98403E-05 9.98403E-05 9.98403E-05 9.98403E-05 9.98403E-05 9.98403E-05 9.98403E-05 0.998303 9.98403E-05 9.98403E-05 9.98403E-05 9.98403E-05
0.208262 9.98833E-05 9.98833E-05 9.98833E-05 9.98833E-05 0.00168079 9.98833E-05 9.98833E-05 9.98833E-05 9.98833E-05 9.98833E-05 9.98833E-05 9.98833E-05 0.0121336 9.98833E-05 0.764261 9.98833E-05 0.0123641
9.98744E-05 0.00253274 9.98744E-05 0.00146443 9.98744E-05 9.98744E-05 9.98744E-05 9.98744E-05 0.0623 9.98744E-05 9.98744E-05 9.98744E-05 9.98744E-05 9.98744E-05 9.98744E-05 0.932305 9.98744E-05 9.98744E-05
9.9883E-05 0.00950369 9.9883E-05 9.9883E-05 9.9883E-05 0.0207423 9.9883E-05 0.0552202 9.9883E-05 9.9883E-05 9.9883E-05 9.9883E-05 9.9883E-05 0.0537886 9.9883E-05 0.859447 9.9883E-05 9.9883E-05
9.98832E-05 9.98832E-05 9.98832E-05 9.98832E-05 0.0176124 0.0463319 9.98832E-05 0.0344561 9.98832E-05 9.98832E-05 9.98832E-05 9.98832E-05 9.98832E-05 0.0144121 9.98832E-05 0.885889 9.98832E-05 9.98832E-05
9.99012E-05 9.99012E-05 9.99012E-05 9.99012E-05 0.0353214 9.99012E-05 0.00732079 9.99012E-05 0.00335282 9.99012E-05 0.0482655 0.00272014 9.99012E-05 9.99012E-05 9.99012E-05 0.769492 9.99012E-05 0.132429
9.9883E-05 0.000372085 9.9883E-05 9.9883E-05 9.9883E-05 9.9883E-05 9.9883E-05 9.9883E-05 0.0110556 9.9883E-05 9.9883E-05 0.0315982 9.9883E-05 9.9883E-05 9.9883E-05 0.928066 9.9883E-05 0.0276093
9.98559E-05 9.98559E-05 9.98559E-05 9.98559E-05 9.98559E-05 9.98559E-05 9.98559E-05 0.0317888 9.98559E-05 9.98559E-05 9.98559E-05 9.98559E-05 9.98559E-05 9.98559E-05 9.98559E-05 9.98559E-05 9.98559E-05 0.966613
9.98561E-05 9.98561E-05 9.98561E-05 9.98561E-05 9.98561E-05 9.98561E-05 9.98561E-05 9.98561E-05 9.98561E-05 0.0109165 9.98561E-05 9.98561E-05 9.98561E-05 9.98561E-05 9.98561E-05 9.98561E-05 9.98561E-05 0.987486
0.0235706 9.98832E-05 0.0236697 0.0104692 9.98832E-05 0.0295828 9.98832E-05 9.98832E-05 9.98832E-05 9.98832E-05 9.98832E-05 9.98832E-05 9.98832E-05 9.98832E-05 9.98832E-05 0.911409 9.98832E-05 9.98832E-05
9.9883E-05 9.9883E-05 9.9883E-05 9.9883E-05 9.9883E-05 0.962071 9.9883E-05 0.00599818 9.9883E-05 9.9883E-05 9.9883E-05 9.9883E-05 9.9883E-05 9.9883E-05 9.9883E-05 0.00271344 0.0207313 0.00718795
9.9847E-05 9.9847E-05 9.9847E-05 9.9847E-05 9.9847E-05 0.998303 9.9847E-05 9.9847E-05 9.9847E-05 9.9847E-05 9.9847E-05 9.9847E-05 9.9847E-05 9.9847E-05 9.9847E-05 9.9847E-05 9.9847E-05 9.9847E-05
9.98474E-05 9.98474E-05 9.98474E-05 9.98474E-05 9.98474E-05 9.98474E-05 0.998303 9.98474E-05 9.98474E-05 9.98474E-05 9.98474E-05 9.98474E-05 9.98474E-05 9.98474E-05 9.98474E-05 9.98474E-05 9.98474E-05 9.98474E-05
9.98564E-05 9.98564E-05 9.98564E-05 9.98564E-05 9.98564E-05 9.98564E-05 0.996603 9.98564E-05 9.98564E-05 0.00179896 9.98564E-05 9.98564E-05 9.98564E-05 9.98564E-05 9.98564E-05 9.98564E-05 9.98564E-05 9.98564E-05
9.9883E-05 9.9883E-05 0.00486247 9.9883E-05 0.0993008 0.0440898 9.9883E-05 9.9883E-05 9.9883E-05 0.016263 0.834185 9.9883E-05 9.9883E-05 9.9883E-05 9.9883E-05 9.9883E-05 9.9883E-05 9.9883E-05
9.9892E-05 9.9892E-05 0.00159161 0.0167961 0.0290091 0.0735658 9.9892E-05 9.9892E-05 9.9892E-05 0.0684453 0.809393 9.9892E-05 9.9892E-05 9.9892E-05 9.9892E-05 9.9892E-05 9.9892E-05 9.9892E-05
9.98743E-05 9.98743E-05 9.98743E-05 9.98743E-05 9.98743E-05 0.00440919 0.952113 9.98743E-05 0.0168872 9.98743E-05 9.98743E-05 9.98743E-05 9.98743E-05 9.98743E-05 9.98743E-05 9.98743E-05 0.0251919 9.98743E-05
9.98742E-05 9.98742E-05 9.98742E-05 0.000323424 9.98742E-05 9.98742E-05 0.987133 9.98742E-05 9.98742E-05 9.98742E-05 9.98742E-05 9.98742E-05 9.98742E-05 0.00281334 0.00833184 9.98742E-05 9.98742E-05 9.98742E-05
9.98739E-05 9.98739E-05 9.98739E-05 0.913248 9.98739E-05 0.0019161 9.98739E-05 0.0272902 9.98739E-05 0.056148 9.98739E-05 9.98739E-05 9.98739E-05 9.98739E-05 9.98739E-05 9.98739E-05 9.98739E-05 9.98739E-05
9.99099E-05 0.110249 9.99099E-05 0.024484 0.0307488 0.442008 9.99099E-05 9.99099E-05 9.99099E-05 0.155665 0.14603 0.00114379 0.088672 9.99099E-05 9.99099E-05 9.99099E-05 9.99099E-05 9.99099E-05
9.9865E-05 0.0678588 9.9865E-05 9.9865E-05 0.879167 9.9865E-05 9.9865E-05 0.0514764 9.9865E-05 9.9865E-05 9.9865E-05 9.9865E-05 9.9865E-05 9.9865E-05 9.9865E-05 9.9865E-05 9.9865E-05 9.9865E-05
9.9865E-05 9.9865E-05 9.9865E-05 9.9865E-05 9.9865E-05 9.9865E-05 9.9865E-05 9.9865E-05 9.9865E-05 9.9865E-05 9.9865E-05 0.955666 9.9865E-05 9.9865E-05 0.00077217 9.9865E-05 0.0420636 9.9865E-05
9.9892E-05 9.9892E-05 0.0115009 0.0364071 9.9892E-05 0.0134181 0.0115172 9.9892E-05 0.0779346 9.9892E-05 9.9892E-05 0.848023 9.9892E-05 9.9892E-05 9.9892E-05 9.9892E-05 9.9892E-05 9.9892E-05
9.99012E-05 9.99012E-05 0.045177 9.99012E-05 0.0365062 9.99012E-05 9.99012E-05 0.0736708 9.99012E-05 9.99012E-05 9.99012E-05 9.99012E-05 9.99012E-05 0.0400698 9.99012E-05 0.350966 0.015877 0.436634
