9.98648E-05 9.98648E-05 9.98648E-05 9.98648E-05 9.98648E-05 9.98648E-05 9.98648E-05 9.98648E-05 0.952702 9.98648E-05 0.035813 9.98648E-05 9.98648E-05 9.98648E-05 9.98648E-05 9.98648E-05 9.98648E-05 0.00998716
0.119539 9.98739E-05 9.98739E-05 0.0736113 9.98739E-05 9.98739E-05 9.98739E-05 9.98739E-05 9.98739E-05 0.642661 9.98739E-05 9.98739E-05 9.98739E-05 9.98739E-05 0.16279 9.98739E-05 9.98739E-05 9.98739E-05
9.98471E-05 0.998303 9.98471E-05 9.98471E-05 9.98471E-05 9.98471E-05 9.98471E-05 9.98471E-05 9.98471E-05 9.98471E-05 9.98471E-05 9.98471E-05 9.98471E-05 9.98471E-05 9.98471E-05 9.98471E-05 9.98471E-05 9.98471E-05
0.879374 9.9901E-05 9.9901E-05 9.9901E-05 9.9901E-05 9.9901E-05 9.9901E-05 9.9901E-05 9.9901E-05 9.9901E-05 9.9901E-05 0.025393 0.0741301 0.00660593 9.9901E-05 0.00394416 0.0059416 0.00351247
0.234751 0.109558 9.99281E-05 9.99281E-05 0.129453 9.99281E-05 9.99281E-05 0.0896664 0.0316618 0.0101957 9.99281E-05 0.0826285 9.99281E-05 9.99281E-05 0.0899666 0.185965 9.99281E-05 0.0353542
0.998016 9.98562E-05 9.98562E-05 9.98562E-05 9.98562E-05 9.98562E-05 9.98562E-05 9.98562E-05 9.98562E-05 9.98562E-05 9.98562E-05 9.98562E-05 9.98562E-05 9.98562E-05 9.98562E-05 9.98562E-05 9.98562E-05 0.000386169
9.98472E-05 9.98472E-05 9.98472E-05 9.98472E-05 9.98472E-05 9.98472E-05 9.98472E-05 9.98472E-05 9.98472E-05 9.98472E-05 9.98472E-05 9.98472E-05 9.98472E-05 9.98472E-05 9.98472E-05 0.998303 9.98472E-05 9.98472E-05
0.0316219 0.0296141 9.99099E-05 9.99099E-05 0.688985 9.99099E-05 9.99099E-05 0.0223914 9.99099E-05 0.0962668 0.0709894 0.0511753 9.99099E-05 9.99099E-05 9.99099E-05 9.99099E-05 0.00795665 9.99099E-05
9.98651E-05 9.98651E-05 9.98651E-05 0.000865031 9.98651E-05 9.98651E-05 9.98651E-05 9.98651E-05 9.98651E-05 0.049022 9.98651E-05 9.98651E-05 9.98651E-05 9.98651E-05 9.98651E-05 0.948615 9.98651E-05 9.98651E-05
9.98562E-05 9.98562E-05 9.98562E-05 9.98562E-05 9.98562E-05 9.98562E-05 9.98562E-05 9.98562E-05 9.98562E-05 9.98562E-05 0.892816 9.98562E-05 9.98562E-05 9.98562E-05 9.98562E-05 0.105586 9.98562E-05 9.98562E-05
9.98561E-05 9.98561E-05 9.98561E-05 9.98561E-05 9.98561E-05 9.98561E-05 9.98561E-05 9.98561E-05 9.98561E-05 9.98561E-05 0.880683 9.98561E-05 9.98561E-05 9.98561E-05 9.98561E-05 0.11772 9.98561E-05 9.98561E-05
9.9892E-05 0.0371804 0.0804371 9.9892E-05 9.9892E-05 9.9892E-05 0.0732587 9.9892E-05 0.671359 9.9892E-05 9.9892E-05 9.9892E-05 0.00740871 9.9892E-05 9.9892E-05 9.9892E-05 0.129158 9.9892E-05
9.98565E-05 9.98565E-05 0.96815 9.98565E-05 9.98565E-05 9.98565E-05 9.98565E-05 9.98565E-05 9.98565E-05 9.98565E-05 9.98565E-05 9.98565E-05 0.0302521 9.98565E-05 9.98565E-05 9.98565E-05 9.98565E-05 9.98565E-05
0.955438 9.98742E-05 9.98742E-05 0.0195569 9.98742E-05 0.00245719 9.98742E-05 9.98742E-05 9.98742E-05 0.0211499 9.98742E-05 9.98742E-05 9.98742E-05 9.98742E-05 9.98742E-05 9.98742E-05 9.98742E-05 9.98742E-05
0.955992 9.98741E-05 9.98741E-05 9.98741E-05 9.98741E-05 9.98741E-05 9.98741E-05 9.98741E-05 0.0125271 9.98741E-05 9.98741E-05 9.98741E-05 9.98741E-05 9.98741E-05 0.0226535 9.98741E-05 9.98741E-05 0.00742913
9.9883E-05 9.9883E-05 0.0671313 9.9883E-05 9.9883E-05 9.9883E-05 0.119821 0.011359 9.9883E-05 9.9883E-05 0.0319352 9.9883E-05 9.9883E-05 0.768455 9.9883E-05 9.9883E-05 9.9883E-05 9.9883E-05
9.98651E-05 9.98651E-05 9.98651E-05 0.910011 9.98651E-05 9.98651E-05 9.98651E-05 9.98651E-05 9.98651E-05 9.98651E-05 0.071728 9.98651E-05 9.98651E-05 9.98651E-05 9.98651E-05 9.98651E-05 9.98651E-05 0.016763
9.98919E-05 9.98919E-05 9.98919E-05 9.98919E-05 9.98919E-05 0.660496 9.98919E-05 9.98919E-05 9.98919E-05 0.0672527 0.00966832 9.98919E-05 9.98919E-05 0.0196611 0.231507 9.98919E-05 9.98919E-05 0.0102155
9.98561E-05 9.98561E-05 9.98561E-05 9.98561E-05 9.98561E-05 0.927334 9.98561E-05 9.98561E-05 9.98561E-05 9.98561E-05 9.98561E-05 9.98561E-05 9.98561E-05 9.98561E-05 9.98561E-05 9.98561E-05 0.0710683 9.98561E-05
9.98828E-05 9.98828E-05 9.98828E-05 0.0215034 9.98828E-05 9.98828E-05 0.13907 9.98828E-05 0.0341258 9.98828E-05 0.477427 9.98828E-05 9.98828E-05 0.326575 9.98828E-05 9.98828E-05 9.98828E-05 9.98828E-05
9.98472E-05 9.98472E-05 9.98472E-05 9.98472E-05 9.98472E-05 0.998303 9.98472E-05 9.98472E-05 9.98472E-05 9.98472E-05 9.98472E-05 9.98472E-05 9.98472E-05 9.98472E-05 9.98472E-05 9.98472E-05 9.98472E-05 9.98472E-05
9.98919E-05 9.98919E-05 0.0540782 0.0172166 9.98919E-05 9.98919E-05 9.98919E-05 0.082722 0.434051 9.98919E-05 9.98919E-05 9.98919E-05 9.98919E-05 0.159593 0.25114 9.98919E-05 9.98919E-05 9.98919E-05
9.98467E-05 9.98467E-05 9.98467E-05 9.98467E-05 9.98467E-05 9.98467E-05 9.98467E-05 9.98467E-05 9.98467E-05 9.98467E-05 9.98467E-05 9.98467E-05 9.98467E-05 9.98467E-05 9.98467E-05 9.98467E-05 9.98467E-05 0.998303
9.98648E-05 9.98648E-05 9.98648E-05 9.98648E-05 9.98648E-05 0.718558 0.0236783 9.98648E-05 9.98648E-05 9.98648E-05 9.98648E-05 9.98648E-05 9.98648E-05 9.98648E-05 9.98648E-05 9.98648E-05 9.98648E-05 0.256266
0.318789 0.0138534 9.98654E-05 9.98654E-05 9.98654E-05 9.98654E-05 9.98654E-05 9.98654E-05 9.98654E-05 9.98654E-05 9.98654E-05 9.98654E-05 0.665859 9.98654E-05 9.98654E-05 9.98654E-05 9.98654E-05 9.98654E-05
0.766415 0.0148199 9.98653E-05 9.98653E-05 9.98653E-05 9.98653E-05 9.98653E-05 9.98653E-05 9.98653E-05 9.98653E-05 9.98653E-05 9.98653E-05 0.217267 9.98653E-05 9.98653E-05 9.98653E-05 9.98653E-05 9.98653E-05
9.99099E-05 9.99099E-05 0.771596 0.0532289 9.99099E-05 9.99099E-05 9.99099E-05 0.0169315 0.0625505 9.99099E-05 0.0358085 9.99099E-05 9.99099E-05 0.0281902 9.99099E-05 9.99099E-05 0.0269975 0.00369777
9.98472E-05 9.98472E-05 9.98472E-05 9.98472E-05 9.98472E-05 9.98472E-05 9.98472E-05 9.98472E-05 9.98472E-05 9.98472E-05 9.98472E-05 9.98472E-05 0.998303 9.98472E-05 9.98472E-05 9.98472E-05 9.98472E-05 9.98472E-05
9.98472E-05 9.98472E-05 9.98472E-05 9.98472E-05 9.98472E-05 9.98472E-05 9.98472E-05 9.98472E-05 9.98472E-05 9.98472E-05 9.98472E-05 9.98472E-05 0.998303 9.98472E-05 9.98472E-05 9.98472E-05 9.98472E-05 9.98472E-05
0.295684 9.98833E-05 9.98833E-05 9.98833E-05 0.266924 9.98833E-05 9.98833E-05 0.145617 9.98833E-05 9.98833E-05 9.98833E-05 0.126502 0.163974 9.98833E-05 9.98833E-05 9.98833E-05 9.98833E-05 9.98833E-05
0.259084 9.99009E-05 9.99009E-05 0.00479831 0.653439 9.99009E-05 0.00567824 0.0526815 9.99009E-05 9.99009E-05 9.99009E-05 9.99009E-05 0.00383082 9.99009E-05 9.99009E-05 9.99009E-05 0.019389 9.99009E-05
9.98474E-05 9.98474E-05 9.98474E-05 9.98474E-05 9.98474E-05 9.98474E-05 9.98474E-05 9.98474E-05 9.98474E-05 0.998303 9.98474E-05 9.98474E-05 9.98474E-05 9.98474E-05 9.98474E-05 9.98474E-05 9.98474E-05 9.98474E-05
0.528293 9.98652E-05 9.98652E-05 9.98652E-05 0.214619 9.98652E-05 9.98652E-05 9.98652E-05 9.98652E-05 9.98652E-05 9.98652E-05 9.98652E-05 0.25559 9.98652E-05 9.98652E-05 9.98652E-05 9.98652E-05 9.98652E-05
9.98833E-05 0.000463707 9.98833E-05 9.98833E-05 0.261378 9.98833E-05 9.98833E-05 0.00974115 9.98833E-05 0.0251433 9.98833E-05 0.701976 9.98833E-05 9.98833E-05 9.98833E-05 9.98833E-05 9.98833E-05 9.98833E-05
9.98916E-05 9.98916E-05 0.481823 0.192525 0.00942839 9.98916E-05 9.98916E-05 0.200595 9.98916E-05 9.98916E-05 9.98916E-05 9.98916E-05 9.98916E-05 9.98916E-05 0.00292331 9.98916E-05 0.111506 9.98916E-05
0.340247 9.98919E-05 9.98919E-05 0.00903111 0.028928 9.98919E-05 0.023459 9.98919E-05 9.98919E-05 9.98919E-05 9.98919E-05 9.98919E-05 0.596899 9.98919E-05 9.98919E-05 0.000236432 9.98919E-05 9.98919E-05
9.9865E-05 0.010794 9.9865E-05 9.9865E-05 9.9865E-05 9.9865E-05 9.9865E-05 0.118825 0.868883 9.9865E-05 9.9865E-05 9.9865E-05 9.9865E-05 9.9865E-05 9.9865E-05 9.9865E-05 9.9865E-05 9.9865E-05
9.99099E-05 9.99099E-05 9.99099E-05 0.0952388 0.0294589 9.99099E-05 9.99099E-05 0.00671082 0.0385653 0.216492 0.483065 9.99099E-05 9.99099E-05 9.99099E-05 0.0947461 9.99099E-05 9.99099E-05 0.0347238
0.0173346 9.98562E-05 9.98562E-05 0.981068 9.98562E-05 9.98562E-05 9.98562E-05 9.98562E-05 9.98562E-05 9.98562E-05 9.98562E-05 9.98562E-05 9.98562E-05 9.98562E-05 9.98562E-05 9.98562E-05 9.98562E-05 9.98562E-05
0.0159644 9.98502E-05 9.98502E-05 0.0211197 9.98502E-05 9.98502E-05 9.98502E-05 9.98502E-05 9.98502E-05 9.98502E-05 9.98502E-05 9.98502E-05 9.98502E-05 9.98502E-05 0.961418 9.98502E-05 9.98502E-05 9.98502E-05
9.9856E-05 9.9856E-05 9.9856E-05 9.9856E-05 9.9856E-05 9.9856E-05 9.9856E-05 9.9856E-05 0.00849117 9.9856E-05 9.9856E-05 9.9856E-05 9.9856E-05 9.9856E-05 0.989911 9.9856E-05 9.9856E-05 9.9856E-05
9.9892E-05 9.9892E-05 9.9892E-05 0.0115042 9.9892E-05 0.000308994 9.9892E-05 0.020086 0.0297403 9.9892E-05 0.855034 9.9892E-05 9.9892E-05 9.9892E-05 0.0821281 9.9892E-05 9.9892E-05 9.9892E-05
9.9883E-05 9.9883E-05 0.0242578 9.9883E-05 9.9883E-05 0.0248364 9.9883E-05 9.9883E-05 9.9883E-05 9.9883E-05 0.0113347 9.9883E-05 9.9883E-05 0.861087 9.9883E-05 0.0771862 9.9883E-05 9.9883E-05
9.9883E-05 9.9883E-05 9.9883E-05 0.00998635 9.9883E-05 9.9883E-05 0.0756933 9.9883E-05 0.00400987 9.9883E-05 0.890203 9.9883E-05 0.0188092 9.9883E-05 9.9883E-05 9.9883E-05 9.9883E-05 9.9883E-05
9.99189E-05 9.99189E-05 0.136399 9.99189E-05 9.99189E-05 9.99189E-05 0.04312 0.0697798 9.99189E-05 0.035674 0.199337 9.99189E-05 9.99189E-05 0.0307912 0.188255 9.99189E-05 0.00620924 0.289536
0.0279063 0.00391886 9.9928E-05 9.9928E-05 0.022489 0.00164238 9.9928E-05 0.32931 9.9928E-05 0.00333311 0.268553 9.9928E-05 9.9928E-05 0.0904054 0.199904 9.9928E-05 9.9928E-05 0.0517384
9.98468E-05 9.98468E-05 9.98468E-05 9.98468E-05 9.98468E-05 9.98468E-05 9.98468E-05 0.998303 9.98468E-05 9.98468E-05 9.98468E-05 9.98468E-05 9.98468E-05 9.98468E-05 9.98468E-05 9.98468E-05 9.98468E-05 9.98468E-05
9.98659E-05 9.98659E-05 9.98659E-05 9.98659E-05 9.98659E-05 0.0103236 9.98659E-05 9.98659E-05 0.970911 9.98659E-05 9.98659E-05 9.98659E-05 9.98659E-05 9.98659E-05 9.98659E-05 9.98659E-05 9.98659E-05 0.0172671
9.98472E-05 9.98472E-05 9.98472E-05 9.98472E-05 9.98472E-05 9.98472E-05 9.98472E-05 9.98472E-05 9.98472E-05 9.98472E-05 9.98472E-05 0.998303 9.98472E-05 9.98472E-05 9.98472E-05 9.98472E-05 9.98472E-05 9.98472E-05
9.98473E-05 9.98473E-05 9.98473E-05 9.98473E-05 9.98473E-05 9.98473E-05 9.98473E-05 9.98473E-05 9.98473E-05 9.98473E-05 9.98473E-05 0.998303 9.98473E-05 9.98473E-05 9.98473E-05 9.98473E-05 9.98473E-05 9.98473E-05
9.98502E-05 9.98502E-05 9.98502E-05 9.98502E-05 9.98502E-05 9.98502E-05 9.98502E-05 0.0127144 9.98502E-05 9.98502E-05 0.0166874 0.9691 9.98502E-05 9.98502E-05 9.98502E-05 9.98502E-05 9.98502E-05 9.98502E-05
9.98473E-05 9.98473E-05 9.98473E-05 9.98473E-05 9.98473E-05 9.98473E-05 9.98473E-05 9.98473E-05 9.98473E-05 9.98473E-05 9.98473E-05 0.998303 9.98473E-05 9.98473E-05 9.98473E-05 9.98473E-05 9.98473E-05 9.98473E-05
9.98473E-05 9.98473E-05 9.98473E-05 9.98473E-05 9.98473E-05 9.98473E-05 9.98473E-05 9.98473E-05 9.98473E-05 9.98473E-05 9.98473E-05 0.998303 9.98473E-05 9.98473E-05 9.98473E-05 9.98473E-05 9.98473E-05 9.98473E-05
9.99192E-05 0.0144043 9.99192E-05 9.99192E-05 0.329706 9.99192E-05 9.99192E-05 9.99192E-05 9.99192E-05 0.0550526 0.0104895 0.402767 0.0291953 0.0314626 9.99192E-05 0.0292967 9.99192E-05 0.0967271
9.98562E-05 9.98562E-05 9.98562E-05 9.98562E-05 9.98562E-05 9.98562E-05 9.98562E-05 9.98562E-05 9.98562E-05 0.0693391 9.98562E-05 0.929063 9.98562E-05 9.98562E-05 9.98562E-05 9.98562E-05 9.98562E-05 9.98562E-05
9.98648E-05 9.98648E-05 9.98648E-05 9.98648E-05 9.98648E-05 9.98648E-05 0.0519589 9.98648E-05 0.791271 9.98648E-05 9.98648E-05 9.98648E-05 9.98648E-05 0.155272 9.98648E-05 9.98648E-05 9.98648E-05 9.98648E-05
9.99009E-05 0.0134529 9.99009E-05 9.99009E-05 9.99009E-05 9.99009E-05 9.99009E-05 9.99009E-05 9.99009E-05 0.864363 9.99009E-05 0.0397979 0.0123977 0.000318407 9.99009E-05 0.0465902 0.0219812 9.99009E-05
0.537357 9.98649E-05 9.98649E-05 9.98649E-05 9.98649E-05 9.98649E-05 9.98649E-05 9.98649E-05 9.98649E-05 9.98649E-05 9.98649E-05 9.98649E-05 0.44083 9.98649E-05 0.020315 9.98649E-05 9.98649E-05 9.98649E-05
9.98832E-05 9.98832E-05 0.830184 9.98832E-05 9.98832E-05 9.98832E-05 9.98832E-05 9.98832E-05 9.98832E-05 9.98832E-05 9.98832E-05 0.0126454 9.98832E-05 0.0446035 0.102643 9.98832E-05 0.00862619 9.98832E-05
9.98745E-05 9.98745E-05 0.0231574 9.98745E-05 9.98745E-05 9.98745E-05 0.026009 0.0183558 9.98745E-05 9.98745E-05 9.98745E-05 9.98745E-05 9.98745E-05 0.931079 9.98745E-05 9.98745E-05 9.98745E-05 9.98745E-05
9.98566E-05 9.98566E-05 0.986796 9.98566E-05 9.98566E-05 9.98566E-05 9.98566E-05 9.98566E-05 9.98566E-05 9.98566E-05 9.98566E-05 9.98566E-05 9.98566E-05 9.98566E-05 9.98566E-05 0.0116063 9.98566E-05 9.98566E-05
9.98739E-05 9.98739E-05 0.840242 9.98739E-05 9.98739E-05 9.98739E-05 9.98739E-05 0.029437 0.0327049 9.98739E-05 0.0962179 9.98739E-05 9.98739E-05 9.98739E-05 9.98739E-05 9.98739E-05 9.98739E-05 9.98739E-05
9.98918E-05 9.98918E-05 0.75879 0.00010935 9.98918E-05 9.98918E-05 0.0403126 0.0832158 9.98918E-05 9.98918E-05 0.0800436 9.98918E-05 9.98918E-05 9.98918E-05 9.98918E-05 9.98918E-05 0.0363302 9.98918E-05
9.98563E-05 9.98563E-05 9.98563E-05 9.98563E-05 9.98563E-05 0.916099 9.98563E-05 0.0823033 9.98563E-05 9.98563E-05 9.98563E-05 9.98563E-05 9.98563E-05 9.98563E-05 9.98563E-05 9.98563E-05 9.98563E-05 9.98563E-05
0.199619 0.0259178 9.98656E-05 9.98656E-05 9.98656E-05 9.98656E-05 9.98656E-05 9.98656E-05 9.98656E-05 9.98656E-05 9.98656E-05 9.98656E-05 0.772965 9.98656E-05 9.98656E-05 9.98656E-05 9.98656E-05 9.98656E-05
0.206914 9.99201E-05 9.99201E-05 9.99201E-05 9.99201E-05 9.99201E-05 0.210689 9.99201E-05 0.138635 0.075214 0.0475534 0.0470625 0.0266613 0.133287 0.087735 0.0254501 9.99201E-05 9.99201E-05
0.826985 0.12311 9.98834E-05 9.98834E-05 9.98834E-05 9.98834E-05 9.98834E-05 9.98834E-05 9.98834E-05 9.98834E-05 9.98834E-05 0.0127322 0.0223017 0.013573 9.98834E-05 9.98834E-05 9.98834E-05 9.98834E-05
0.63067 0.0145979 9.991E-05 0.0244601 0.0227855 9.991E-05 9.991E-05 9.991E-05 9.991E-05 9.991E-05 9.991E-05 0.00797082 0.265932 9.991E-05 0.0177956 0.0147898 9.991E-05 9.991E-05
9.98741E-05 9.98741E-05 9.98741E-05 9.98741E-05 0.00540631 9.98741E-05 9.98741E-05 9.98741E-05 9.98741E-05 9.98741E-05 9.98741E-05 0.0114579 0.963085 0.0186521 9.98741E-05 9.98741E-05 9.98741E-05 9.98741E-05
9.98743E-05 9.98743E-05 9.98743E-05 9.98743E-05 9.98743E-05 0.00449412 9.98743E-05 9.98743E-05 0.00337117 9.98743E-05 9.98743E-05 9.98743E-05 0.989691 0.00104575 9.98743E-05 9.98743E-05 9.98743E-05 9.98743E-05
0.581159 9.98929E-05 9.98929E-05 9.98929E-05 0.16649 9.98929E-05 9.98929E-05 9.98929E-05 9.98929E-05 9.98929E-05 0.00736276 9.98929E-05 0.198394 9.98929E-05 0.017259 9.98929E-05 0.028137 9.98929E-05
0.451433 9.98919E-05 9.98919E-05 0.0100846 0.027492 9.98919E-05 0.0341219 9.98919E-05 9.98919E-05 9.98919E-05 9.98919E-05 9.98919E-05 0.475056 9.98919E-05 0.000613108 9.98919E-05 9.98919E-05 9.98919E-05
9.9847E-05 9.9847E-05 9.9847E-05 9.9847E-05 0.998303 9.9847E-05 9.9847E-05 9.9847E-05 9.9847E-05 9.9847E-05 9.9847E-05 9.9847E-05 9.9847E-05 9.9847E-05 9.9847E-05 9.9847E-05 9.9847E-05 9.9847E-05
9.98562E-05 9.98562E-05 0.0446503 9.98562E-05 0.953752 9.98562E-05 9.98562E-05 9.98562E-05 9.98562E-05 9.98562E-05 9.98562E-05 9.98562E-05 9.98562E-05 9.98562E-05 9.98562E-05 9.98562E-05 9.98562E-05 9.98562E-05
0.849294 9.98742E-05 9.98742E-05 9.98742E-05 9.98742E-05 9.98742E-05 9.98742E-05 9.98742E-05 9.98742E-05 9.98742E-05 9.98742E-05 0.0339844 0.09531 0.0200134 9.98742E-05 9.98742E-05 9.98742E-05 9.98742E-05
0.0238781 9.98919E-05 9.98919E-05 0.0288398 9.98919E-05 9.98919E-05 9.98919E-05 9.98919E-05 9.98919E-05 9.98919E-05 9.98919E-05 0.0100817 9.98919E-05 0.922499 9.98919E-05 9.98919E-05 0.00971998 0.00378223
9.98561E-05 9.98561E-05 9.98561E-05 9.98561E-05 9.98561E-05 9.98561E-05 9.98561E-05 9.98561E-05 9.98561E-05 9.98561E-05 9.98561E-05 0.0155921 9.98561E-05 0.98281 9.98561E-05 9.98561E-05 9.98561E-05 9.98561E-05
9.98473E-05 9.98473E-05 9.98473E-05 9.98473E-05 9.98473E-05 9.98473E-05 9.98473E-05 9.98473E-05 9.98473E-05 9.98473E-05 9.98473E-05 9.98473E-05 9.98473E-05 9.98473E-05 9.98473E-05 9.98473E-05 0.998303 9.98473E-05
9.98564E-05 9.98564E-05 9.98564E-05 9.98564E-05 9.98564E-05 9.98564E-05 9.98564E-05 9.98564E-05 9.98564E-05 9.98564E-05 9.98564E-05 9.98564E-05 9.98564E-05 9.98564E-05 0.00676679 9.98564E-05 0.991636 9.98564E-05
9.98919E-05 9.98919E-05 0.066691 9.98919E-05 9.98919E-05 9.98919E-05 9.98919E-05 9.98919E-05 9.98919E-05 0.0645099 0.713835 9.98919E-05 0.000856192 0.0260414 0.126868 9.98919E-05 9.98919E-05 9.98919E-05
9.9883E-05 9.9883E-05 0.0547177 9.9883E-05 9.9883E-05 9.9883E-05 9.9883E-05 9.9883E-05 9.9883E-05 0.0289948 0.746616 9.9883E-05 9.9883E-05 0.0670669 0.101306 9.9883E-05 9.9883E-05 9.9883E-05
9.98742E-05 9.98742E-05 9.98742E-05 9.98742E-05 9.98742E-05 9.98742E-05 9.98742E-05 9.98742E-05 9.98742E-05 9.98742E-05 0.01474 9.98742E-05 9.98742E-05 0.0128875 9.98742E-05 9.98742E-05 0.945216 0.0257578
9.98474E-05 9.98474E-05 9.98474E-05 9.98474E-05 9.98474E-05 9.98474E-05 9.98474E-05 9.98474E-05 9.98474E-05 9.98474E-05 9.98474E-05 9.98474E-05 9.98474E-05 9.98474E-05 9.98474E-05 9.98474E-05 0.998303 9.98474E-05
9.9883E-05 9.9883E-05 0.029214 9.9883E-05 9.9883E-05 9.9883E-05 0.0028942 9.9883E-05 0.937168 0.00993765 9.9883E-05 9.9883E-05 9.9883E-05 0.0194873 9.9883E-05 9.9883E-05 9.9883E-05 9.9883E-05
9.9874E-05 9.9874E-05 0.119001 9.9874E-05 9.9874E-05 9.9874E-05 9.9874E-05 9.9874E-05 9.9874E-05 9.9874E-05 9.9874E-05 9.9874E-05 9.9874E-05 0.0228901 0.744603 0.112108 9.9874E-05 9.9874E-05
9.98651E-05 9.98651E-05 9.98651E-05 9.98651E-05 9.98651E-05 9.98651E-05 9.98651E-05 9.98651E-05 9.98651E-05 0.924629 9.98651E-05 0.0283729 9.98651E-05 9.98651E-05 9.98651E-05 0.0455004 9.98651E-05 9.98651E-05
9.9865E-05 9.9865E-05 9.9865E-05 9.9865E-05 9.9865E-05 9.9865E-05 0.871173 0.0507599 9.9865E-05 9.9865E-05 9.9865E-05 9.9865E-05 9.9865E-05 9.9865E-05 9.9865E-05 9.9865E-05 9.9865E-05 0.0765691
9.9865E-05 9.9865E-05 9.9865E-05 0.0405297 9.9865E-05 9.9865E-05 0.946366 9.9865E-05 0.0116066 9.9865E-05 9.9865E-05 9.9865E-05 9.9865E-05 9.9865E-05 9.9865E-05 9.9865E-05 9.9865E-05 9.9865E-05
0.0119868 0.00644642 9.99101E-05 9.99101E-05 0.747043 0.00536552 9.99101E-05 0.00281478 9.99101E-05 9.99101E-05 9.99101E-05 0.0192913 0.154735 9.99101E-05 9.99101E-05 9.99101E-05 9.99101E-05 0.0513182
