9.996E-05 0.9995 9.996E-05 9.996E-05 9.996E-05 9.996E-05
9.9973E-05 0.428922 9.9973E-05 0.248395 9.9973E-05 0.322384
0.0524514 9.99911E-05 0.0410652 0.0424273 0.0286274 0.835329
9.9964E-05 9.9964E-05 9.9964E-05 9.9964E-05 0.0442587 0.955341
9.99731E-05 0.292098 9.99731E-05 0.250583 9.99731E-05 0.45702
9.996E-05 9.996E-05 9.996E-05 9.996E-05 9.996E-05 0.9995
9.99731E-05 9.99731E-05 0.61337 0.358354 9.99731E-05 0.0279767
9.99821E-05 0.0679172 9.99821E-05 0.48338 0.0317813 0.416721
9.99821E-05 0.0687056 0.475559 0.432267 9.99821E-05 0.0232687
9.99821E-05 0.803998 0.0249263 0.0955236 0.0753519 9.99821E-05
9.9982E-05 0.764568 0.0803836 0.0703706 0.0844778 9.9982E-05
9.9982E-05 0.631664 0.19895 9.9982E-05 0.114537 0.0546492
9.996E-05 9.996E-05 0.9995 9.996E-05 9.996E-05 9.996E-05
0.0166084 9.9973E-05 9.9973E-05 9.9973E-05 0.00239223 0.980699
9.9964E-05 0.0392805 9.9964E-05 9.9964E-05 9.9964E-05 0.96032
9.999E-05 0.566621 0.330816 0.0300993 0.0255634 0.0468006
0.0810903 0.347479 0.183107 9.9982E-05 0.388123 9.9982E-05
0.686977 0.245376 9.99729E-05 0.0673475 9.99729E-05 9.99729E-05
0.937738 9.9964E-05 9.9964E-05 9.9964E-05 0.0618617 9.9964E-05
9.9973E-05 0.779168 0.0477029 9.9973E-05 0.172829 9.9973E-05
0.990723 9.9964E-05 9.9964E-05 9.9964E-05 9.9964E-05 0.00887681
9.9982E-05 0.841685 0.126114 9.9982E-05 0.0237935 0.00820744
0.434692 0.148307 9.9982E-05 0.0425976 0.374203 9.9982E-05
0.916171 9.9964E-05 9.9964E-05 9.9964E-05 0.0834294 9.9964E-05
9.99641E-05 9.99641E-05 9.99641E-05 0.000644618 9.99641E-05 0.998956
9.996E-05 9.996E-05 9.996E-05 9.996E-05 9.996E-05 0.9995
9.99729E-05 0.139227 0.772873 9.99729E-05 0.0875994 9.99729E-05
9.9973E-05 9.9973E-05 0.00526593 0.0385912 9.9973E-05 0.955843
9.9973E-05 9.9973E-05 0.0186084 0.0612547 9.9973E-05 0.919837
0.0293494 0.00208762 9.9991E-05 0.254396 0.0403406 0.673726
9.9973E-05 9.9973E-05 9.9973E-05 0.29293 0.0672258 0.639544
9.99731E-05 0.306726 9.99731E-05 0.610664 9.99731E-05 0.08231
9.996E-05 9.996E-05 9.996E-05 9.996E-05 9.996E-05 0.9995
9.9973E-05 9.9973E-05 9.9973E-05 0.885001 0.0242652 0.0904337
9.99819E-05 0.152081 0.550015 9.99819E-05 0.252285 0.04542
9.9973E-05 9.9973E-05 0.00806865 9.9973E-05 0.000298309 0.991333
9.99642E-05 0.940777 9.99642E-05 9.99642E-05 9.99642E-05 0.0588234
0.0405994 0.804888 9.9973E-05 0.154213 9.9973E-05 9.9973E-05
0.0720521 0.261683 0.110903 9.9991E-05 0.406118 0.149144
0.00564659 0.842583 9.9982E-05 9.9982E-05 0.0275466 0.124024
0.0100525 0.845241 9.9982E-05 9.9982E-05 0.0513169 0.0931899
0.00196401 0.930039 9.9973E-05 9.9973E-05 0.0676972 9.9973E-05
9.9973E-05 0.616973 0.309486 0.0732414 9.9973E-05 9.9973E-05
9.9982E-05 0.807596 0.0504004 0.0293627 0.112441 9.9982E-05
0.123064 0.518416 0.199816 9.9982E-05 0.158503 9.9982E-05
0.0561238 0.736114 0.0733283 0.00935534 0.0389105 0.0861681
9.9991E-05 0.464275 0.208291 0.0681711 0.14638 0.112783
0.00906534 0.990535 9.99644E-05 9.99644E-05 9.99644E-05 9.99644E-05
9.996E-05 9.996E-05 9.996E-05 0.9995 9.996E-05 9.996E-05
9.996E-05 9.996E-05 9.996E-05 0.9995 9.996E-05 9.996E-05
9.996E-05 9.996E-05 9.996E-05 0.9995 9.996E-05 9.996E-05
9.996E-05 9.996E-05 9.996E-05 0.9995 9.996E-05 9.996E-05
9.996E-05 9.996E-05 9.996E-05 0.9995 9.996E-05 9.996E-05
0.0482472 0.0248925 0.0746933 0.587235 9.9991E-05 0.264832
9.9973E-05 0.000983681 9.9973E-05 0.995369 0.00334786 9.9973E-05
9.9964E-05 0.943957 0.055643 9.9964E-05 9.9964E-05 9.9964E-05
9.9982E-05 0.27995 0.0260629 0.587009 9.9982E-05 0.106778
9.996E-05 9.996E-05 9.996E-05 9.996E-05 9.996E-05 0.9995
9.9973E-05 0.0242986 0.920677 9.9973E-05 0.0547248 9.9973E-05
9.9982E-05 0.573115 0.337912 9.9982E-05 0.00748084 0.0812918
9.996E-05 9.996E-05 0.9995 9.996E-05 9.996E-05 9.996E-05
9.99639E-05 0.0852433 0.914357 9.99639E-05 9.99639E-05 9.99639E-05
9.99729E-05 0.0167917 0.862556 9.99729E-05 0.120352 9.99729E-05
0.909157 0.0904427 9.99641E-05 9.99641E-05 9.99641E-05 9.99641E-05
9.996E-05 9.996E-05 9.996E-05 9.996E-05 9.996E-05 0.9995
0.0313003 0.301883 0.165332 0.175632 0.142982 0.18287
9.99731E-05 0.00178115 0.0303579 9.99731E-05 9.99731E-05 0.967561
9.9964E-05 0.0451416 9.9964E-05 9.9964E-05 9.9964E-05 0.954459
9.9973E-05 9.9973E-05 0.0168843 0.0928176 9.9973E-05 0.889998
0.00608207 0.00491402 0.00302155 0.0602978 9.9991E-05 0.925585
9.9973E-05 0.0726518 9.9973E-05 9.9973E-05 0.001671 0.925377
9.996E-05 9.996E-05 9.996E-05 9.996E-05 9.996E-05 0.9995
9.99821E-05 0.0111598 0.00159171 0.539384 9.99821E-05 0.447664
9.99732E-05 9.99732E-05 0.165561 0.379479 9.99732E-05 0.45466
9.9964E-05 0.029536 9.9964E-05 9.9964E-05 9.9964E-05 0.970064
9.9991E-05 0.653808 0.152703 0.101786 0.0259668 0.0656355
9.9991E-05 0.557889 0.200315 0.133547 0.0731339 0.0350156
9.996E-05 9.996E-05 9.996E-05 9.996E-05 0.9995 9.996E-05
9.996E-05 9.996E-05 9.996E-05 9.996E-05 0.9995 9.996E-05
9.9982E-05 0.825084 0.0499199 0.0609928 0.0638036 9.9982E-05
9.9982E-05 0.794574 0.094509 0.0576758 0.0530409 9.9982E-05
9.996E-05 9.996E-05 9.996E-05 9.996E-05 0.9995 9.996E-05
9.996E-05 9.996E-05 9.996E-05 9.996E-05 0.9995 9.996E-05
9.99641E-05 0.93243 0.06717 9.99641E-05 9.99641E-05 9.99641E-05
0.0719022 0.606604 0.272212 0.0470055 9.9991E-05 0.0021757
9.9982E-05 0.247775 0.055315 0.600194 9.9982E-05 0.0965164
0.146617 0.162083 0.303823 9.9991E-05 0.343383 0.0439937
0.0864116 0.191577 0.368569 9.99821E-05 0.353242 9.99821E-05
0.0426309 9.99821E-05 9.99821E-05 0.309836 0.0359692 0.611364
