9.9982E-05 0.039403 9.9982E-05 0.960397
9.999E-05 0.0203279 0.540959 0.438613
0.0402636 0.070945 0.878947 0.00984429
9.9982E-05 0.0284296 0.97137 9.9982E-05
9.99821E-05 9.99821E-05 0.706071 0.293729
9.9982E-05 0.0207164 0.979084 9.9982E-05
9.99821E-05 9.99821E-05 0.292763 0.707037
9.999E-05 0.0157618 0.827318 0.15682
9.99821E-05 9.99821E-05 0.323617 0.676183
9.999E-05 0.123082 0.0217085 0.855109
9.9982E-05 0.141522 9.9982E-05 0.858278
9.999E-05 0.195115 0.0143294 0.790456
9.99822E-05 9.99822E-05 0.0718771 0.927923
9.9982E-05 0.0334644 0.966336 9.9982E-05
9.9982E-05 0.0141047 0.985695 9.9982E-05
9.9991E-05 0.036162 0.0451791 0.918559
0.0940434 0.407087 9.9991E-05 0.49877
0.705164 9.9991E-05 0.0540965 0.240639
0.897395 0.102405 9.9982E-05 9.9982E-05
9.9982E-05 0.170368 9.9982E-05 0.829432
0.9997 9.998E-05 9.998E-05 9.998E-05
9.9991E-05 0.0746045 0.002748 0.922548
0.425554 0.421706 0.0680762 0.0846646
0.929236 0.0705637 9.9982E-05 9.9982E-05
9.998E-05 9.998E-05 0.9997 9.998E-05
9.998E-05 9.998E-05 0.9997 9.998E-05
9.9982E-05 0.0884524 9.9982E-05 0.911348
9.998E-05 9.998E-05 0.9997 9.998E-05
9.998E-05 9.998E-05 0.9997 9.998E-05
0.0343624 0.029266 0.936272 9.9991E-05
9.9982E-05 0.0715482 0.928252 9.9982E-05
0.00820793 9.9991E-05 0.546057 0.445636
9.998E-05 9.998E-05 0.9997 9.998E-05
9.9991E-05 0.00670347 0.826044 0.167152
9.9991E-05 0.274498 0.0309087 0.694493
9.9982E-05 0.00445261 0.995347 9.9982E-05
9.9991E-05 0.0604648 0.04234 0.897095
0.0357521 0.0288392 0.154213 0.781195
0.068991 0.418128 0.147836 0.365046
0.01325 0.0878421 0.108966 0.789942
0.0134488 0.098379 0.0796006 0.808572
0.0178625 0.117001 9.9991E-05 0.865037
9.9982E-05 9.9982E-05 0.0221154 0.977685
9.9982E-05 0.167785 9.9982E-05 0.832015
0.11117 0.194884 9.9991E-05 0.693846
0.0372464 0.113822 0.116396 0.732536
9.9991E-05 0.176364 0.162628 0.660907
0.0306937 0.0153775 9.99911E-05 0.953829
0.0460912 9.9991E-05 0.83969 0.114118
0.0677603 9.9991E-05 0.81195 0.120189
0.0649712 9.9991E-05 0.783444 0.151484
0.0741556 9.9991E-05 0.833527 0.0922172
0.0362157 9.9991E-05 0.868963 0.0947211
0.0788737 9.9991E-05 0.753789 0.167237
0.0195837 9.9991E-05 0.787169 0.193147
9.998E-05 9.998E-05 9.998E-05 0.9997
9.9982E-05 9.9982E-05 0.542131 0.457669
9.998E-05 9.998E-05 0.9997 9.998E-05
9.99821E-05 0.0811836 9.99821E-05 0.918616
9.9991E-05 0.0193526 0.0510485 0.929499
0.0133471 9.99821E-05 9.99821E-05 0.986453
9.9982E-05 0.0452051 9.9982E-05 0.954595
0.0195927 0.0954371 9.9991E-05 0.88487
0.884478 9.99821E-05 9.99821E-05 0.115322
9.998E-05 9.998E-05 0.9997 9.998E-05
0.0499016 0.0412627 0.483044 0.425792
9.998E-05 9.998E-05 0.9997 9.998E-05
9.998E-05 9.998E-05 0.9997 9.998E-05
9.998E-05 9.998E-05 0.9997 9.998E-05
0.00040872 9.9991E-05 0.997473 0.00201837
9.9991E-05 0.0297031 0.943681 0.0265162
9.9982E-05 0.0139339 0.985866 9.9982E-05
9.99821E-05 9.99821E-05 0.944578 0.0552216
0.0402768 9.99911E-05 0.846746 0.112877
0.000887747 0.00534707 0.99233 0.0014352
9.9991E-05 0.0508543 0.138345 0.810701
9.9991E-05 0.0211312 0.117163 0.861606
9.998E-05 0.9997 9.998E-05 9.998E-05
9.998E-05 0.9997 9.998E-05 9.998E-05
9.9991E-05 0.0863897 0.0374291 0.876081
0.0053252 0.0883768 0.00675934 0.899539
9.998E-05 0.9997 9.998E-05 9.998E-05
9.998E-05 0.9997 9.998E-05 9.998E-05
9.9982E-05 9.9982E-05 0.00806538 0.991735
0.0700799 9.9991E-05 0.012962 0.916858
9.9982E-05 9.9982E-05 0.591967 0.407833
0.13157 0.323259 0.0639398 0.481231
0.0824679 0.365854 9.9991E-05 0.551578
0.0618643 0.0409245 0.893222 0.00398926
