0.00336002 0.0105233 9.98829E-05 9.98829E-05 9.98829E-05 0.0342224 9.98829E-05 9.98829E-05 9.98829E-05 9.98829E-05 9.98829E-05 0.00118833 0.943172 9.98829E-05 0.00623534 9.98829E-05 9.98829E-05 9.98829E-05 9.98829E-05
9.98649E-05 0.0819741 9.98649E-05 9.98649E-05 9.98649E-05 9.98649E-05 9.98649E-05 0.124292 9.98649E-05 9.98649E-05 9.98649E-05 9.98649E-05 0.0220752 9.98649E-05 9.98649E-05 9.98649E-05 9.98649E-05 0.770161 9.98649E-05
9.98383E-05 9.98383E-05 9.98383E-05 9.98383E-05 9.98383E-05 9.98383E-05 0.998203 9.98383E-05 9.98383E-05 9.98383E-05 9.98383E-05 9.98383E-05 9.98383E-05 9.98383E-05 9.98383E-05 9.98383E-05 9.98383E-05 9.98383E-05 9.98383E-05
9.9865E-05 9.9865E-05 9.9865E-05 9.9865E-05 0.12171 9.9865E-05 0.00294393 0.853483 9.9865E-05 9.9865E-05 9.9865E-05 9.9865E-05 9.9865E-05 9.9865E-05 0.0203648 9.9865E-05 9.9865E-05 9.9865E-05 9.9865E-05
0.0369647 9.99192E-05 0.0244294 9.99192E-05 9.99192E-05 0.131634 0.0212277 0.336346 9.99192E-05 9.99192E-05 0.15879 9.99192E-05 0.00181876 9.99192E-05 9.99192E-05 0.0455684 9.99192E-05 0.153362 0.0889598
9.98472E-05 9.98472E-05 9.98472E-05 9.98472E-05 9.98472E-05 9.98472E-05 9.98472E-05 0.970554 9.98472E-05 9.98472E-05 9.98472E-05 9.98472E-05 9.98472E-05 9.98472E-05 9.98472E-05 9.98472E-05 9.98472E-05 9.98472E-05 0.0277486
9.98382E-05 9.98382E-05 9.98382E-05 9.98382E-05 9.98382E-05 9.98382E-05 9.98382E-05 9.98382E-05 9.98382E-05 9.98382E-05 0.998203 9.98382E-05 9.98382E-05 9.98382E-05 9.98382E-05 9.98382E-05 9.98382E-05 9.98382E-05 9.98382E-05
9.98901E-05 9.98901E-05 9.98901E-05 9.98901E-05 0.00925788 0.075032 0.0219403 0.0658979 9.98901E-05 9.98901E-05 9.98901E-05 9.98901E-05 9.98901E-05 9.98901E-05 9.98901E-05 0.0173311 0.0126808 0.113691 0.68307
9.9865E-05 9.9865E-05 9.9865E-05 9.9865E-05 9.9865E-05 9.9865E-05 9.9865E-05 9.9865E-05 9.9865E-05 9.9865E-05 0.944151 9.9865E-05 9.9865E-05 9.9865E-05 9.9865E-05 0.01461 0.0150808 0.0246604 9.9865E-05
9.98471E-05 9.98471E-05 9.98471E-05 9.98471E-05 9.98471E-05 0.831555 9.98471E-05 9.98471E-05 9.98471E-05 9.98471E-05 0.166747 9.98471E-05 9.98471E-05 9.98471E-05 9.98471E-05 9.98471E-05 9.98471E-05 9.98471E-05 9.98471E-05
9.98472E-05 9.98472E-05 9.98472E-05 9.98472E-05 9.98472E-05 0.868453 9.98472E-05 9.98472E-05 9.98472E-05 9.98472E-05 0.12985 9.98472E-05 9.98472E-05 9.98472E-05 9.98472E-05 9.98472E-05 9.98472E-05 9.98472E-05 9.98472E-05
9.9874E-05 9.9874E-05 0.0723643 9.9874E-05 0.0275496 9.9874E-05 9.9874E-05 9.9874E-05 9.9874E-05 0.125454 9.9874E-05 9.9874E-05 0.628355 9.9874E-05 0.14488 9.9874E-05 9.9874E-05 9.9874E-05 9.9874E-05
9.98565E-05 9.98565E-05 9.98565E-05 9.98565E-05 0.0158087 9.98565E-05 9.98565E-05 9.98565E-05 9.98565E-05 0.979703 0.00289075 9.98565E-05 9.98565E-05 9.98565E-05 9.98565E-05 9.98565E-05 9.98565E-05 9.98565E-05 9.98565E-05
9.98742E-05 9.98742E-05 9.98742E-05 9.98742E-05 9.98742E-05 9.98742E-05 9.98742E-05 0.957145 9.98742E-05 0.00685455 9.98742E-05 0.00968917 9.98742E-05 0.00930866 0.0156046 9.98742E-05 9.98742E-05 9.98742E-05 9.98742E-05
0.00812165 9.98652E-05 9.98652E-05 9.98652E-05 9.98652E-05 9.98652E-05 9.98652E-05 0.976309 9.98652E-05 9.98652E-05 9.98652E-05 0.00106195 0.013009 9.98652E-05 9.98652E-05 9.98652E-05 9.98652E-05 9.98652E-05 9.98652E-05
9.9865E-05 9.9865E-05 0.111956 0.759345 9.9865E-05 0.0171558 9.9865E-05 9.9865E-05 9.9865E-05 0.110045 9.9865E-05 9.9865E-05 9.9865E-05 9.9865E-05 9.9865E-05 9.9865E-05 9.9865E-05 9.9865E-05 9.9865E-05
0.0185802 0.893935 9.9856E-05 9.9856E-05 9.9856E-05 0.0858872 9.9856E-05 9.9856E-05 9.9856E-05 9.9856E-05 9.9856E-05 9.9856E-05 9.9856E-05 9.9856E-05 9.9856E-05 9.9856E-05 9.9856E-05 9.9856E-05 9.9856E-05
9.99099E-05 9.99099E-05 9.99099E-05 0.0207453 0.00138095 0.00666839 0.0133375 9.99099E-05 0.872954 9.99099E-05 9.99099E-05 0.00565677 0.00178381 9.99099E-05 9.99099E-05 0.0340609 9.99099E-05 0.0424128 9.99099E-05
9.9847E-05 9.9847E-05 9.9847E-05 9.9847E-05 9.9847E-05 9.9847E-05 9.9847E-05 9.9847E-05 9.9847E-05 9.9847E-05 9.9847E-05 9.9847E-05 9.9847E-05 0.893831 0.104471 9.9847E-05 9.9847E-05 9.9847E-05 9.9847E-05
9.98739E-05 0.015731 0.174947 0.262694 9.98739E-05 0.486142 9.98739E-05 9.98739E-05 9.98739E-05 9.98739E-05 9.98739E-05 9.98739E-05 0.0590882 9.98739E-05 9.98739E-05 9.98739E-05 9.98739E-05 9.98739E-05 9.98739E-05
0.0338666 9.98561E-05 9.98561E-05 9.98561E-05 9.98561E-05 9.98561E-05 9.98561E-05 9.98561E-05 0.0530274 9.98561E-05 9.98561E-05 9.98561E-05 9.98561E-05 0.911508 9.98561E-05 9.98561E-05 9.98561E-05 9.98561E-05 9.98561E-05
9.98919E-05 0.0246134 9.98919E-05 0.216341 9.98919E-05 0.116212 9.98919E-05 9.98919E-05 9.98919E-05 0.0690968 9.98919E-05 0.0459818 0.515141 9.98919E-05 0.0114146 9.98919E-05 9.98919E-05 9.98919E-05 9.98919E-05
0.998203 9.98381E-05 9.98381E-05 9.98381E-05 9.98381E-05 9.98381E-05 9.98381E-05 9.98381E-05 9.98381E-05 9.98381E-05 9.98381E-05 9.98381E-05 9.98381E-05 9.98381E-05 9.98381E-05 9.98381E-05 9.98381E-05 9.98381E-05 9.98381E-05
9.98383E-05 9.98383E-05 9.98383E-05 9.98383E-05 9.98383E-05 9.98383E-05 9.98383E-05 9.98383E-05 0.998203 9.98383E-05 9.98383E-05 9.98383E-05 9.98383E-05 9.98383E-05 9.98383E-05 9.98383E-05 9.98383E-05 9.98383E-05 9.98383E-05
9.98653E-05 0.00212616 9.98653E-05 9.98653E-05 0.678625 9.98653E-05 0.0146914 0.303059 9.98653E-05 9.98653E-05 9.98653E-05 9.98653E-05 9.98653E-05 9.98653E-05 9.98653E-05 9.98653E-05 9.98653E-05 9.98653E-05 9.98653E-05
9.98472E-05 9.98472E-05 9.98472E-05 9.98472E-05 0.24906 9.98472E-05 9.98472E-05 0.749243 9.98472E-05 9.98472E-05 9.98472E-05 9.98472E-05 9.98472E-05 9.98472E-05 9.98472E-05 9.98472E-05 9.98472E-05 9.98472E-05 9.98472E-05
9.98829E-05 0.0358768 9.98829E-05 9.98829E-05 9.98829E-05 0.0784526 9.98829E-05 9.98829E-05 9.98829E-05 0.78701 9.98829E-05 9.98829E-05 0.0618617 9.98829E-05 0.0326833 0.0028172 9.98829E-05 9.98829E-05 9.98829E-05
9.98471E-05 9.98471E-05 9.98471E-05 9.98471E-05 0.982518 9.98471E-05 9.98471E-05 9.98471E-05 9.98471E-05 9.98471E-05 9.98471E-05 9.98471E-05 9.98471E-05 9.98471E-05 9.98471E-05 0.0157848 9.98471E-05 9.98471E-05 9.98471E-05
9.98472E-05 9.98472E-05 9.98472E-05 9.98472E-05 0.98923 9.98472E-05 9.98472E-05 9.98472E-05 9.98472E-05 9.98472E-05 9.98472E-05 9.98472E-05 9.98472E-05 9.98472E-05 9.98472E-05 0.00907227 9.98472E-05 9.98472E-05 9.98472E-05
9.98833E-05 9.98833E-05 9.98833E-05 9.98833E-05 0.215457 9.98833E-05 0.00478408 0.301812 9.98833E-05 9.98833E-05 9.98833E-05 9.98833E-05 9.98833E-05 9.98833E-05 9.98833E-05 0.0881747 0.132596 9.98833E-05 0.255878
9.98919E-05 9.98919E-05 0.0233255 9.98919E-05 0.0108118 9.98919E-05 9.98919E-05 0.367273 9.98919E-05 9.98919E-05 9.98919E-05 0.0167925 9.98919E-05 9.98919E-05 0.00231885 0.0615157 9.98919E-05 9.98919E-05 0.516764
9.98386E-05 9.98386E-05 9.98386E-05 9.98386E-05 9.98386E-05 9.98386E-05 9.98386E-05 9.98386E-05 9.98386E-05 9.98386E-05 9.98386E-05 9.98386E-05 9.98386E-05 9.98386E-05 9.98386E-05 9.98386E-05 9.98386E-05 0.998203 9.98386E-05
9.98565E-05 9.98565E-05 9.98565E-05 9.98565E-05 0.419852 9.98565E-05 9.98565E-05 0.441348 9.98565E-05 9.98565E-05 9.98565E-05 9.98565E-05 9.98565E-05 9.98565E-05 9.98565E-05 9.98565E-05 9.98565E-05 9.98565E-05 0.137202
9.98653E-05 9.98653E-05 9.98653E-05 9.98653E-05 9.98653E-05 9.98653E-05 9.98653E-05 9.98653E-05 9.98653E-05 9.98653E-05 9.98653E-05 9.98653E-05 9.98653E-05 9.98653E-05 9.98653E-05 0.700022 0.0307474 0.0130384 0.254694
9.98737E-05 0.253848 9.98737E-05 9.98737E-05 9.98737E-05 9.98737E-05 9.98737E-05 9.98737E-05 9.98737E-05 0.45459 9.98737E-05 9.98737E-05 9.98737E-05 9.98737E-05 0.0727814 9.98737E-05 0.201091 9.98737E-05 0.0162907
9.98649E-05 0.0271195 9.98649E-05 9.98649E-05 0.581946 9.98649E-05 9.98649E-05 0.344451 9.98649E-05 9.98649E-05 9.98649E-05 9.98649E-05 9.98649E-05 9.98649E-05 9.98649E-05 9.98649E-05 9.98649E-05 9.98649E-05 0.0449846
9.98562E-05 9.98562E-05 9.98562E-05 9.98562E-05 9.98562E-05 9.98562E-05 0.0157635 9.98562E-05 9.98562E-05 9.98562E-05 9.98562E-05 9.98562E-05 0.946638 9.98562E-05 9.98562E-05 9.98562E-05 0.0360008 9.98562E-05 9.98562E-05
0.0420549 0.0241698 9.99008E-05 9.99008E-05 9.99008E-05 0.46404 9.99008E-05 9.99008E-05 9.99008E-05 9.99008E-05 9.99008E-05 0.00451896 0.0551038 9.99008E-05 9.99008E-05 9.99008E-05 0.194144 0.185668 0.0292009
9.98472E-05 0.996915 9.98472E-05 9.98472E-05 9.98472E-05 9.98472E-05 9.98472E-05 9.98472E-05 9.98472E-05 9.98472E-05 9.98472E-05 9.98472E-05 9.98472E-05 9.98472E-05 9.98472E-05 9.98472E-05 9.98472E-05 9.98472E-05 0.00138753
9.98917E-05 0.140973 9.98917E-05 0.21826 9.98917E-05 0.255755 9.98917E-05 0.113785 0.0123697 9.98917E-05 9.98917E-05 9.98917E-05 0.230167 9.98917E-05 9.98917E-05 9.98917E-05 0.0274908 9.98917E-05 9.98917E-05
9.99007E-05 0.105193 9.99007E-05 0.188199 9.99007E-05 0.226107 9.99007E-05 0.0883134 0.0153834 9.99007E-05 9.99007E-05 9.99007E-05 0.282232 0.00324793 9.99007E-05 9.99007E-05 0.0902257 9.99007E-05 9.99007E-05
9.9883E-05 0.00788928 9.9883E-05 0.00545995 9.9883E-05 0.868086 9.9883E-05 9.9883E-05 9.9883E-05 0.0131236 9.9883E-05 9.9883E-05 0.0518659 9.9883E-05 9.9883E-05 9.9883E-05 0.0522773 9.9883E-05 9.9883E-05
9.98739E-05 9.98739E-05 9.98739E-05 0.847425 9.98739E-05 9.98739E-05 9.98739E-05 9.98739E-05 0.0397155 0.0270896 0.0779566 9.98739E-05 0.00641525 9.98739E-05 9.98739E-05 9.98739E-05 9.98739E-05 9.98739E-05 9.98739E-05
9.9874E-05 9.9874E-05 0.0723114 9.9874E-05 9.9874E-05 0.888956 9.9874E-05 9.9874E-05 9.9874E-05 0.000714807 9.9874E-05 0.035003 0.00161653 9.9874E-05 9.9874E-05 9.9874E-05 9.9874E-05 9.9874E-05 9.9874E-05
0.127367 9.99098E-05 0.0286415 0.067281 9.99098E-05 0.0336826 9.99098E-05 9.99098E-05 0.0808135 0.0945219 9.99098E-05 9.99098E-05 9.99098E-05 9.99098E-05 0.0287791 9.99098E-05 0.517635 0.0202793 9.99098E-05
9.98559E-05 9.98559E-05 9.98559E-05 0.0752854 9.98559E-05 0.0405615 9.98559E-05 9.98559E-05 9.98559E-05 9.98559E-05 9.98559E-05 9.98559E-05 9.98559E-05 9.98559E-05 9.98559E-05 9.98559E-05 0.882555 9.98559E-05 9.98559E-05
9.9865E-05 0.0636277 9.9865E-05 9.9865E-05 0.0141001 9.9865E-05 9.9865E-05 9.9865E-05 9.9865E-05 9.9865E-05 0.0202309 9.9865E-05 9.9865E-05 9.9865E-05 9.9865E-05 9.9865E-05 0.900543 9.9865E-05 9.9865E-05
0.00532236 9.9857E-05 9.9857E-05 9.9857E-05 9.9857E-05 9.9857E-05 9.9857E-05 9.9857E-05 0.0229465 9.9857E-05 9.9857E-05 9.9857E-05 0.970133 9.9857E-05 9.9857E-05 9.9857E-05 9.9857E-05 9.9857E-05 9.9857E-05
9.98382E-05 9.98382E-05 9.98382E-05 9.98382E-05 9.98382E-05 9.98382E-05 9.98382E-05 9.98382E-05 9.98382E-05 9.98382E-05 9.98382E-05 9.98382E-05 9.98382E-05 9.98382E-05 9.98382E-05 0.998203 9.98382E-05 9.98382E-05 9.98382E-05
9.98563E-05 9.98563E-05 9.98563E-05 9.98563E-05 9.98563E-05 9.98563E-05 9.98563E-05 9.98563E-05 9.98563E-05 9.98563E-05 9.98563E-05 0.00530127 9.98563E-05 9.98563E-05 0.00684129 0.98626 9.98563E-05 9.98563E-05 9.98563E-05
9.98604E-05 9.98604E-05 9.98604E-05 0.00612342 9.98604E-05 9.98604E-05 9.98604E-05 9.98604E-05 9.98604E-05 9.98604E-05 9.98604E-05 9.98604E-05 9.98604E-05 9.98604E-05 9.98604E-05 0.975045 0.017234 9.98604E-05 9.98604E-05
9.98473E-05 9.98473E-05 9.98473E-05 9.98473E-05 9.98473E-05 9.98473E-05 9.98473E-05 0.00583927 9.98473E-05 9.98473E-05 9.98473E-05 9.98473E-05 9.98473E-05 9.98473E-05 9.98473E-05 0.992463 9.98473E-05 9.98473E-05 9.98473E-05
9.98384E-05 9.98384E-05 9.98384E-05 9.98384E-05 9.98384E-05 9.98384E-05 9.98384E-05 9.98384E-05 9.98384E-05 9.98384E-05 9.98384E-05 9.98384E-05 9.98384E-05 9.98384E-05 9.98384E-05 0.998203 9.98384E-05 9.98384E-05 9.98384E-05
0.10368 9.99012E-05 9.99012E-05 0.0330081 0.114863 9.99012E-05 9.99012E-05 9.99012E-05 9.99012E-05 9.99012E-05 0.00375815 0.00634214 9.99012E-05 9.99012E-05 9.99012E-05 0.324871 9.99012E-05 0.0867388 0.32564
9.98651E-05 0.00203659 9.98651E-05 9.98651E-05 9.98651E-05 9.98651E-05 9.98651E-05 9.98651E-05 9.98651E-05 9.98651E-05 9.98651E-05 9.98651E-05 0.00946948 9.98651E-05 9.98651E-05 0.920928 9.98651E-05 0.0660677 9.98651E-05
9.98558E-05 9.98558E-05 0.088354 0.10747 9.98558E-05 9.98558E-05 9.98558E-05 9.98558E-05 9.98558E-05 9.98558E-05 9.98558E-05 9.98558E-05 0.802578 9.98558E-05 9.98558E-05 9.98558E-05 9.98558E-05 9.98558E-05 9.98558E-05
9.98738E-05 9.98738E-05 9.98738E-05 0.0189237 9.98738E-05 9.98738E-05 0.0323116 9.98738E-05 9.98738E-05 9.98738E-05 0.0662354 9.98738E-05 9.98738E-05 9.98738E-05 9.98738E-05 0.0210859 9.98738E-05 0.860045 9.98738E-05
9.98559E-05 0.00492643 9.98559E-05 9.98559E-05 0.503836 9.98559E-05 9.98559E-05 0.48964 9.98559E-05 9.98559E-05 9.98559E-05 9.98559E-05 9.98559E-05 9.98559E-05 9.98559E-05 9.98559E-05 9.98559E-05 9.98559E-05 9.98559E-05
9.98831E-05 0.0168748 9.98831E-05 0.0983835 9.98831E-05 9.98831E-05 9.98831E-05 0.00729529 9.98831E-05 0.840255 9.98831E-05 9.98831E-05 0.0107071 9.98831E-05 9.98831E-05 0.0251855 9.98831E-05 9.98831E-05 9.98831E-05
9.98654E-05 9.98654E-05 0.0790404 0.867809 9.98654E-05 9.98654E-05 9.98654E-05 9.98654E-05 9.98654E-05 0.00676655 9.98654E-05 9.98654E-05 9.98654E-05 9.98654E-05 9.98654E-05 9.98654E-05 0.0448859 9.98654E-05 9.98654E-05
9.98565E-05 9.98565E-05 9.98565E-05 9.98565E-05 9.98565E-05 9.98565E-05 9.98565E-05 9.98565E-05 0.0111854 0.979646 0.00757079 9.98565E-05 9.98565E-05 9.98565E-05 9.98565E-05 9.98565E-05 9.98565E-05 9.98565E-05 9.98565E-05
9.98559E-05 9.98559E-05 9.98559E-05 9.98559E-05 9.98559E-05 0.0705204 9.98559E-05 9.98559E-05 9.98559E-05 0.889598 9.98559E-05 9.98559E-05 9.98559E-05 9.98559E-05 9.98559E-05 9.98559E-05 0.0382838 9.98559E-05 9.98559E-05
9.98739E-05 9.98739E-05 0.035528 9.98739E-05 9.98739E-05 0.0708007 9.98739E-05 9.98739E-05 0.00310725 0.817723 9.98739E-05 9.98739E-05 9.98739E-05 9.98739E-05 0.0714433 9.98739E-05 9.98739E-05 9.98739E-05 9.98739E-05
9.98471E-05 9.98471E-05 9.98471E-05 9.98471E-05 9.98471E-05 9.98471E-05 9.98471E-05 9.98471E-05 9.98471E-05 9.98471E-05 9.98471E-05 9.98471E-05 9.98471E-05 0.915441 9.98471E-05 9.98471E-05 0.0828616 9.98471E-05 9.98471E-05
9.98566E-05 9.98566E-05 9.98566E-05 9.98566E-05 0.664666 9.98566E-05 0.05945 0.274287 9.98566E-05 9.98566E-05 9.98566E-05 9.98566E-05 9.98566E-05 9.98566E-05 9.98566E-05 9.98566E-05 9.98566E-05 9.98566E-05 9.98566E-05
9.98383E-05 9.98383E-05 9.98383E-05 9.98383E-05 9.98383E-05 9.98383E-05 9.98383E-05 9.98383E-05 9.98383E-05 9.98383E-05 9.98383E-05 0.998203 9.98383E-05 9.98383E-05 9.98383E-05 9.98383E-05 9.98383E-05 9.98383E-05 9.98383E-05
9.98744E-05 9.98744E-05 9.98744E-05 0.0227933 0.16414 9.98744E-05 0.120847 0.685073 9.98744E-05 9.98744E-05 9.98744E-05 9.98744E-05 9.98744E-05 9.98744E-05 9.98744E-05 9.98744E-05 9.98744E-05 9.98744E-05 0.00574833
9.9892E-05 0.0390341 9.9892E-05 9.9892E-05 0.29116 9.9892E-05 0.0120089 0.626903 9.9892E-05 9.9892E-05 0.0186118 9.9892E-05 0.00139058 9.9892E-05 9.9892E-05 0.00969321 9.9892E-05 9.9892E-05 9.9892E-05
9.98471E-05 9.98471E-05 9.98471E-05 9.98471E-05 0.971705 9.98471E-05 9.98471E-05 9.98471E-05 9.98471E-05 9.98471E-05 9.98471E-05 0.0265974 9.98471E-05 9.98471E-05 9.98471E-05 9.98471E-05 9.98471E-05 9.98471E-05 9.98471E-05
9.98473E-05 9.98473E-05 9.98473E-05 9.98473E-05 0.990973 9.98473E-05 9.98473E-05 9.98473E-05 9.98473E-05 9.98473E-05 9.98473E-05 9.98473E-05 9.98473E-05 0.00732933 9.98473E-05 9.98473E-05 9.98473E-05 9.98473E-05 9.98473E-05
9.98833E-05 0.00706089 9.98833E-05 9.98833E-05 0.0918985 0.0306868 9.98833E-05 0.742098 9.98833E-05 9.98833E-05 9.98833E-05 9.98833E-05 9.98833E-05 9.98833E-05 0.00377526 9.98833E-05 9.98833E-05 9.98833E-05 0.123182
9.98559E-05 0.0246274 9.98559E-05 9.98559E-05 0.558036 9.98559E-05 9.98559E-05 0.415739 9.98559E-05 9.98559E-05 9.98559E-05 9.98559E-05 9.98559E-05 9.98559E-05 9.98559E-05 9.98559E-05 9.98559E-05 9.98559E-05 9.98559E-05
9.9838E-05 9.9838E-05 9.9838E-05 9.9838E-05 9.9838E-05 9.9838E-05 9.9838E-05 9.9838E-05 9.9838E-05 9.9838E-05 9.9838E-05 9.9838E-05 9.9838E-05 9.9838E-05 9.9838E-05 9.9838E-05 9.9838E-05 9.9838E-05 0.998203
9.98561E-05 9.98561E-05 9.98561E-05 9.98561E-05 9.98561E-05 9.98561E-05 9.98561E-05 9.98561E-05 9.98561E-05 0.0143317 0.0328825 9.98561E-05 9.98561E-05 9.98561E-05 9.98561E-05 9.98561E-05 9.98561E-05 9.98561E-05 0.951188
9.98651E-05 9.98651E-05 9.98651E-05 9.98651E-05 0.166535 9.98651E-05 0.0240562 0.783171 9.98651E-05 9.98651E-05 9.98651E-05 9.98651E-05 9.98651E-05 9.98651E-05 9.98651E-05 0.0247398 9.98651E-05 9.98651E-05 9.98651E-05
0.00637375 9.9874E-05 9.9874E-05 0.964008 9.9874E-05 9.9874E-05 9.9874E-05 9.9874E-05 9.9874E-05 9.9874E-05 9.9874E-05 9.9874E-05 9.9874E-05 9.9874E-05 0.0151655 9.9874E-05 9.9874E-05 0.00292134 0.0101331
9.98471E-05 9.98471E-05 9.98471E-05 0.991191 9.98471E-05 9.98471E-05 9.98471E-05 9.98471E-05 9.98471E-05 9.98471E-05 9.98471E-05 9.98471E-05 9.98471E-05 9.98471E-05 9.98471E-05 0.0071115 9.98471E-05 9.98471E-05 9.98471E-05
9.98384E-05 9.98384E-05 9.98384E-05 9.98384E-05 9.98384E-05 9.98384E-05 9.98384E-05 9.98384E-05 9.98384E-05 9.98384E-05 9.98384E-05 9.98384E-05 9.98384E-05 9.98384E-05 0.998203 9.98384E-05 9.98384E-05 9.98384E-05 9.98384E-05
9.98653E-05 0.0023839 0.00501529 9.98653E-05 9.98653E-05 9.98653E-05 9.98653E-05 9.98653E-05 0.0127256 9.98653E-05 9.98653E-05 9.98653E-05 9.98653E-05 9.98653E-05 0.978377 9.98653E-05 9.98653E-05 9.98653E-05 9.98653E-05
9.98829E-05 9.98829E-05 9.98829E-05 0.0437494 0.00130003 0.795179 9.98829E-05 9.98829E-05 9.98829E-05 0.0513244 9.98829E-05 9.98829E-05 9.98829E-05 9.98829E-05 9.98829E-05 9.98829E-05 0.016862 0.0902868 9.98829E-05
9.98739E-05 9.98739E-05 9.98739E-05 0.0904855 0.0126121 0.771484 9.98739E-05 9.98739E-05 9.98739E-05 0.0846343 9.98739E-05 9.98739E-05 9.98739E-05 9.98739E-05 9.98739E-05 9.98739E-05 9.98739E-05 0.0393861 9.98739E-05
0.00668446 9.98653E-05 9.98653E-05 0.0135724 9.98653E-05 9.98653E-05 9.98653E-05 9.98653E-05 9.98653E-05 9.98653E-05 9.98653E-05 9.98653E-05 9.98653E-05 9.98653E-05 0.960638 9.98653E-05 9.98653E-05 0.0176073 9.98653E-05
9.98383E-05 9.98383E-05 9.98383E-05 9.98383E-05 9.98383E-05 9.98383E-05 9.98383E-05 9.98383E-05 9.98383E-05 9.98383E-05 9.98383E-05 9.98383E-05 9.98383E-05 9.98383E-05 0.998203 9.98383E-05 9.98383E-05 9.98383E-05 9.98383E-05
9.98559E-05 9.98559E-05 9.98559E-05 9.98559E-05 9.98559E-05 9.98559E-05 9.98559E-05 9.98559E-05 9.98559E-05 0.0467275 9.98559E-05 9.98559E-05 0.942771 9.98559E-05 9.98559E-05 0.00890419 9.98559E-05 9.98559E-05 9.98559E-05
9.9919E-05 0.00302457 9.9919E-05 0.416483 9.9919E-05 0.0870003 9.9919E-05 9.9919E-05 0.0493581 0.118236 0.130027 0.0292619 0.0511565 0.0189066 9.9919E-05 9.9919E-05 0.0956459 9.9919E-05 9.9919E-05
9.9856E-05 9.9856E-05 9.9856E-05 9.9856E-05 9.9856E-05 9.9856E-05 9.9856E-05 9.9856E-05 9.9856E-05 9.9856E-05 0.0654669 9.9856E-05 9.9856E-05 9.9856E-05 9.9856E-05 0.059711 9.9856E-05 0.873224 9.9856E-05
9.98561E-05 9.98561E-05 0.837474 9.98561E-05 9.98561E-05 9.98561E-05 9.98561E-05 9.98561E-05 0.0153478 9.98561E-05 9.98561E-05 9.98561E-05 9.98561E-05 9.98561E-05 9.98561E-05 9.98561E-05 0.145581 9.98561E-05 9.98561E-05
9.98561E-05 0.0153006 0.973343 9.98561E-05 9.98561E-05 9.98561E-05 9.98561E-05 9.98561E-05 9.98561E-05 9.98561E-05 9.98561E-05 9.98561E-05 0.00975889 9.98561E-05 9.98561E-05 9.98561E-05 9.98561E-05 9.98561E-05 9.98561E-05
0.0336331 9.98833E-05 9.98833E-05 9.98833E-05 0.186744 9.98833E-05 9.98833E-05 0.0960629 9.98833E-05 9.98833E-05 9.98833E-05 0.0928809 9.98833E-05 9.98833E-05 9.98833E-05 0.0397323 9.98833E-05 9.98833E-05 0.549649
