0.00759994 9.98559E-05 9.98559E-05 9.98559E-05 9.98559E-05 0.00324961 9.98559E-05 9.98559E-05 9.98559E-05 9.98559E-05 0.0461959 0.941357 9.98559E-05 9.98559E-05 9.98559E-05 9.98559E-05 9.98559E-05 9.98559E-05 9.98559E-05 9.98559E-05
9.98559E-05 9.98559E-05 9.98559E-05 9.98559E-05 9.98559E-05 9.98559E-05 0.12296 9.98559E-05 9.98559E-05 9.98559E-05 9.98559E-05 9.98559E-05 9.98559E-05 0.669515 9.98559E-05 0.00635905 9.98559E-05 0.199569 9.98559E-05 9.98559E-05
9.98292E-05 9.98292E-05 9.98292E-05 9.98292E-05 9.98292E-05 9.98292E-05 9.98292E-05 9.98292E-05 0.998103 9.98292E-05 9.98292E-05 9.98292E-05 9.98292E-05 9.98292E-05 9.98292E-05 9.98292E-05 9.98292E-05 9.98292E-05 9.98292E-05 9.98292E-05
9.98561E-05 9.98561E-05 0.0222697 9.98561E-05 9.98561E-05 0.0163292 0.855195 0.104608 9.98561E-05 9.98561E-05 9.98561E-05 9.98561E-05 9.98561E-05 9.98561E-05 9.98561E-05 9.98561E-05 9.98561E-05 9.98561E-05 9.98561E-05 9.98561E-05
9.99012E-05 9.99012E-05 0.051605 9.99012E-05 9.99012E-05 9.99012E-05 0.24809 9.99012E-05 0.0167104 9.99012E-05 9.99012E-05 0.00725515 0.0193585 0.0769452 9.99012E-05 9.99012E-05 9.99012E-05 0.160521 0.193812 0.224603
9.98292E-05 9.98292E-05 9.98292E-05 9.98292E-05 9.98292E-05 9.98292E-05 0.998103 9.98292E-05 9.98292E-05 9.98292E-05 9.98292E-05 9.98292E-05 9.98292E-05 9.98292E-05 9.98292E-05 9.98292E-05 9.98292E-05 9.98292E-05 9.98292E-05 9.98292E-05
9.98292E-05 9.98292E-05 9.98292E-05 9.98292E-05 9.98292E-05 9.98292E-05 9.98292E-05 9.98292E-05 9.98292E-05 9.98292E-05 9.98292E-05 9.98292E-05 9.98292E-05 9.98292E-05 9.98292E-05 9.98292E-05 9.98292E-05 9.98292E-05 0.998103 9.98292E-05
9.98919E-05 0.427175 0.0675003 9.98919E-05 9.98919E-05 9.98919E-05 0.0103968 0.0509226 0.0140644 9.98919E-05 0.0963621 9.98919E-05 9.98919E-05 0.0852544 9.98919E-05 9.98919E-05 9.98919E-05 9.98919E-05 9.98919E-05 0.247126
9.98381E-05 9.98381E-05 9.98381E-05 9.98381E-05 9.98381E-05 9.98381E-05 9.98381E-05 9.98381E-05 9.98381E-05 9.98381E-05 9.98381E-05 9.98381E-05 9.98381E-05 0.0571983 9.98381E-05 9.98381E-05 9.98381E-05 9.98381E-05 0.941005 9.98381E-05
9.98382E-05 9.98382E-05 9.98382E-05 9.98382E-05 9.98382E-05 9.98382E-05 9.98382E-05 9.98382E-05 9.98382E-05 9.98382E-05 0.847313 9.98382E-05 9.98382E-05 9.98382E-05 9.98382E-05 9.98382E-05 9.98382E-05 9.98382E-05 0.15089 9.98382E-05
9.98383E-05 9.98383E-05 9.98383E-05 9.98383E-05 9.98383E-05 9.98383E-05 9.98383E-05 9.98383E-05 9.98383E-05 9.98383E-05 0.876913 9.98383E-05 9.98383E-05 9.98383E-05 9.98383E-05 9.98383E-05 9.98383E-05 9.98383E-05 0.12129 9.98383E-05
0.0227128 9.98649E-05 9.98649E-05 9.98649E-05 9.98649E-05 0.134989 9.98649E-05 0.0240598 9.98649E-05 9.98649E-05 9.98649E-05 0.637035 9.98649E-05 9.98649E-05 9.98649E-05 9.98649E-05 0.179706 9.98649E-05 9.98649E-05 9.98649E-05
9.98475E-05 9.98475E-05 9.98475E-05 9.98475E-05 9.98475E-05 9.98475E-05 9.98475E-05 9.98475E-05 9.98475E-05 9.98475E-05 9.98475E-05 9.98475E-05 9.98475E-05 9.98475E-05 9.98475E-05 9.98475E-05 0.977205 9.98475E-05 0.0191741 0.00192358
0.0151899 9.98651E-05 9.98651E-05 0.00882602 9.98651E-05 9.98651E-05 0.969491 9.98651E-05 9.98651E-05 9.98651E-05 9.98651E-05 9.98651E-05 9.98651E-05 9.98651E-05 9.98651E-05 0.00270675 0.00228858 9.98651E-05 9.98651E-05 9.98651E-05
0.0323583 9.98471E-05 9.98471E-05 9.98471E-05 9.98471E-05 9.98471E-05 0.955505 9.98471E-05 9.98471E-05 9.98471E-05 9.98471E-05 9.98471E-05 9.98471E-05 9.98471E-05 9.98471E-05 9.98471E-05 9.98471E-05 0.0104393 9.98471E-05 9.98471E-05
9.98652E-05 9.98652E-05 9.98652E-05 9.98652E-05 0.00183567 9.98652E-05 9.98652E-05 9.98652E-05 9.98652E-05 9.98652E-05 0.0330028 9.98652E-05 9.98652E-05 9.98652E-05 0.777396 0.0191836 0.167084 9.98652E-05 9.98652E-05 9.98652E-05
9.98469E-05 9.98469E-05 9.98469E-05 0.00991339 9.98469E-05 9.98469E-05 9.98469E-05 9.98469E-05 9.98469E-05 9.98469E-05 0.0831333 9.98469E-05 9.98469E-05 9.98469E-05 9.98469E-05 0.905256 9.98469E-05 9.98469E-05 9.98469E-05 9.98469E-05
9.98294E-05 9.98294E-05 9.98294E-05 0.998103 9.98294E-05 9.98294E-05 9.98294E-05 9.98294E-05 9.98294E-05 9.98294E-05 9.98294E-05 9.98294E-05 9.98294E-05 9.98294E-05 9.98294E-05 9.98294E-05 9.98294E-05 9.98294E-05 9.98294E-05 9.98294E-05
0.00380877 9.98382E-05 9.98382E-05 9.98382E-05 0.994394 9.98382E-05 9.98382E-05 9.98382E-05 9.98382E-05 9.98382E-05 9.98382E-05 9.98382E-05 9.98382E-05 9.98382E-05 9.98382E-05 9.98382E-05 9.98382E-05 9.98382E-05 9.98382E-05 9.98382E-05
9.98649E-05 9.98649E-05 9.98649E-05 9.98649E-05 9.98649E-05 0.0282953 9.98649E-05 9.98649E-05 9.98649E-05 9.98649E-05 0.482899 0.0892424 9.98649E-05 9.98649E-05 0.299037 0.0990287 9.98649E-05 9.98649E-05 9.98649E-05 9.98649E-05
0.998103 9.98293E-05 9.98293E-05 9.98293E-05 9.98293E-05 9.98293E-05 9.98293E-05 9.98293E-05 9.98293E-05 9.98293E-05 9.98293E-05 9.98293E-05 9.98293E-05 9.98293E-05 9.98293E-05 9.98293E-05 9.98293E-05 9.98293E-05 9.98293E-05 9.98293E-05
9.9892E-05 9.9892E-05 9.9892E-05 9.9892E-05 9.9892E-05 0.0072079 9.9892E-05 9.9892E-05 9.9892E-05 9.9892E-05 0.046829 0.394005 9.9892E-05 0.00778082 0.187093 0.00169834 0.0475269 0.30666 9.9892E-05 9.9892E-05
9.98289E-05 9.98289E-05 9.98289E-05 9.98289E-05 9.98289E-05 9.98289E-05 9.98289E-05 9.98289E-05 9.98289E-05 9.98289E-05 9.98289E-05 9.98289E-05 0.998103 9.98289E-05 9.98289E-05 9.98289E-05 9.98289E-05 9.98289E-05 9.98289E-05 9.98289E-05
9.9847E-05 9.9847E-05 9.9847E-05 0.0371229 0.847932 9.9847E-05 9.9847E-05 9.9847E-05 9.9847E-05 9.9847E-05 9.9847E-05 9.9847E-05 0.113248 9.9847E-05 9.9847E-05 9.9847E-05 9.9847E-05 9.9847E-05 9.9847E-05 9.9847E-05
9.98564E-05 0.00590916 9.98564E-05 9.98564E-05 9.98564E-05 9.98564E-05 0.324657 0.651055 0.0167812 9.98564E-05 9.98564E-05 9.98564E-05 9.98564E-05 9.98564E-05 9.98564E-05 9.98564E-05 9.98564E-05 9.98564E-05 9.98564E-05 9.98564E-05
9.98383E-05 9.98383E-05 9.98383E-05 9.98383E-05 9.98383E-05 9.98383E-05 0.80907 0.189133 9.98383E-05 9.98383E-05 9.98383E-05 9.98383E-05 9.98383E-05 9.98383E-05 9.98383E-05 9.98383E-05 9.98383E-05 9.98383E-05 9.98383E-05 9.98383E-05
9.98828E-05 9.98828E-05 9.98828E-05 9.98828E-05 9.98828E-05 0.0103258 9.98828E-05 9.98828E-05 9.98828E-05 9.98828E-05 0.110021 0.055173 0.0217912 9.98828E-05 0.0339553 0.0264089 0.741027 9.98828E-05 9.98828E-05 9.98828E-05
9.98382E-05 9.98382E-05 0.00143978 9.98382E-05 9.98382E-05 9.98382E-05 9.98382E-05 0.996763 9.98382E-05 9.98382E-05 9.98382E-05 9.98382E-05 9.98382E-05 9.98382E-05 9.98382E-05 9.98382E-05 9.98382E-05 9.98382E-05 9.98382E-05 9.98382E-05
9.98293E-05 9.98293E-05 9.98293E-05 9.98293E-05 9.98293E-05 9.98293E-05 9.98293E-05 0.998103 9.98293E-05 9.98293E-05 9.98293E-05 9.98293E-05 9.98293E-05 9.98293E-05 9.98293E-05 9.98293E-05 9.98293E-05 9.98293E-05 9.98293E-05 9.98293E-05
9.98654E-05 9.98654E-05 0.0788812 9.98654E-05 9.98654E-05 9.98654E-05 0.206546 0.167099 9.98654E-05 9.98654E-05 9.98654E-05 9.98654E-05 9.98654E-05 9.98654E-05 9.98654E-05 9.98654E-05 9.98654E-05 0.0424337 9.98654E-05 0.503543
9.98377E-05 9.98377E-05 9.98377E-05 9.98377E-05 9.98377E-05 9.98377E-05 0.0849978 9.98377E-05 9.98377E-05 9.98377E-05 9.98377E-05 9.98377E-05 9.98377E-05 9.98377E-05 9.98377E-05 9.98377E-05 9.98377E-05 9.98377E-05 9.98377E-05 0.913205
9.98296E-05 9.98296E-05 9.98296E-05 9.98296E-05 9.98296E-05 9.98296E-05 9.98296E-05 9.98296E-05 9.98296E-05 9.98296E-05 9.98296E-05 9.98296E-05 9.98296E-05 0.998103 9.98296E-05 9.98296E-05 9.98296E-05 9.98296E-05 9.98296E-05 9.98296E-05
9.98563E-05 0.19641 9.98563E-05 9.98563E-05 9.98563E-05 9.98563E-05 0.580377 0.206475 9.98563E-05 9.98563E-05 9.98563E-05 9.98563E-05 9.98563E-05 9.98563E-05 9.98563E-05 9.98563E-05 9.98563E-05 0.015141 9.98563E-05 9.98563E-05
9.98742E-05 0.224639 0.694226 9.98742E-05 9.98742E-05 9.98742E-05 9.98742E-05 0.000874453 0.0155939 9.98742E-05 9.98742E-05 9.98742E-05 9.98742E-05 0.0345472 9.98742E-05 9.98742E-05 9.98742E-05 9.98742E-05 9.98742E-05 0.028721
9.98826E-05 9.98826E-05 0.010274 9.98826E-05 9.98826E-05 0.0923654 9.98826E-05 9.98826E-05 9.98826E-05 9.98826E-05 9.98826E-05 0.0118075 9.98826E-05 9.98826E-05 9.98826E-05 0.333199 0.447339 0.0703301 9.98826E-05 0.0333857
9.98738E-05 0.0295979 9.98738E-05 9.98738E-05 9.98738E-05 9.98738E-05 0.380414 0.53016 9.98738E-05 9.98738E-05 9.98738E-05 9.98738E-05 9.98738E-05 0.00636333 9.98738E-05 0.0369363 9.98738E-05 0.0151304 9.98738E-05 9.98738E-05
9.98472E-05 0.0239368 9.98472E-05 9.98472E-05 9.98472E-05 9.98472E-05 9.98472E-05 9.98472E-05 9.98472E-05 9.98472E-05 9.98472E-05 0.969777 9.98472E-05 9.98472E-05 9.98472E-05 0.00458907 9.98472E-05 9.98472E-05 9.98472E-05 9.98472E-05
9.99008E-05 0.0400245 9.99008E-05 0.00508262 9.99008E-05 9.99008E-05 9.99008E-05 9.99008E-05 9.99008E-05 0.0191197 0.543333 0.0277165 0.0407242 0.236442 9.99008E-05 0.00358706 9.99008E-05 0.0828718 9.99008E-05 9.99008E-05
9.98469E-05 0.0121374 9.98469E-05 9.98469E-05 9.98469E-05 9.98469E-05 9.98469E-05 9.98469E-05 9.98469E-05 9.98469E-05 9.98469E-05 9.98469E-05 9.98469E-05 0.00661472 9.98469E-05 0.97955 9.98469E-05 9.98469E-05 9.98469E-05 9.98469E-05
9.9838E-05 9.9838E-05 9.9838E-05 9.9838E-05 9.9838E-05 9.9838E-05 0.00051407 9.9838E-05 9.9838E-05 9.9838E-05 9.9838E-05 9.9838E-05 9.9838E-05 9.9838E-05 9.9838E-05 9.9838E-05 9.9838E-05 0.997689 9.9838E-05 9.9838E-05
9.9847E-05 9.9847E-05 9.9847E-05 9.9847E-05 9.9847E-05 9.9847E-05 9.9847E-05 9.9847E-05 9.9847E-05 9.9847E-05 0.00821331 0.0100343 9.9847E-05 9.9847E-05 9.9847E-05 9.9847E-05 9.9847E-05 0.980055 9.9847E-05 9.9847E-05
9.98559E-05 9.98559E-05 9.98559E-05 9.98559E-05 0.0265493 9.98559E-05 9.98559E-05 9.98559E-05 9.98559E-05 9.98559E-05 0.909499 9.98559E-05 9.98559E-05 9.98559E-05 0.0284931 9.98559E-05 9.98559E-05 0.0338613 9.98559E-05 9.98559E-05
0.0192209 9.9883E-05 9.9883E-05 0.00606512 9.9883E-05 9.9883E-05 9.9883E-05 9.9883E-05 9.9883E-05 9.9883E-05 9.9883E-05 0.0200581 9.9883E-05 9.9883E-05 0.866642 9.9883E-05 0.0193964 0.00801282 0.0593065 9.9883E-05
0.00364464 9.98703E-05 9.98703E-05 9.98703E-05 9.98703E-05 9.98703E-05 9.98703E-05 9.98703E-05 9.98703E-05 9.98703E-05 0.950219 0.00645888 9.98703E-05 9.98703E-05 9.98703E-05 0.00939137 9.98703E-05 9.98703E-05 9.98703E-05 0.0287876
9.98801E-05 9.98801E-05 9.98801E-05 9.98801E-05 0.0548682 0.05434 9.98801E-05 9.98801E-05 9.98801E-05 9.98801E-05 0.345335 0.0236546 0.183596 0.0705334 9.98801E-05 9.98801E-05 0.16208 0.104394 9.98801E-05 9.98801E-05
9.99279E-05 0.00518179 9.99279E-05 9.99279E-05 9.99279E-05 9.99279E-05 0.057298 9.99279E-05 9.99279E-05 0.0890978 0.395091 0.0854146 0.0459755 0.0128135 0.119757 0.0259596 0.0429047 0.113388 9.99279E-05 0.00631879
9.98919E-05 9.98919E-05 9.98919E-05 9.98919E-05 9.98919E-05 9.98919E-05 0.0736794 9.98919E-05 9.98919E-05 0.0068209 0.220905 0.234811 9.98919E-05 9.98919E-05 9.98919E-05 0.271739 0.0804715 9.98919E-05 0.0774724 0.0329022
9.9848E-05 9.9848E-05 9.9848E-05 0.0309527 9.9848E-05 9.9848E-05 9.9848E-05 9.9848E-05 9.9848E-05 9.9848E-05 9.9848E-05 0.950347 0.0170029 9.9848E-05 9.9848E-05 9.9848E-05 9.9848E-05 9.9848E-05 9.9848E-05 9.9848E-05
9.98293E-05 9.98293E-05 0.998103 9.98293E-05 9.98293E-05 9.98293E-05 9.98293E-05 9.98293E-05 9.98293E-05 9.98293E-05 9.98293E-05 9.98293E-05 9.98293E-05 9.98293E-05 9.98293E-05 9.98293E-05 9.98293E-05 9.98293E-05 9.98293E-05 9.98293E-05
9.98383E-05 9.98383E-05 0.994549 9.98383E-05 0.00365428 9.98383E-05 9.98383E-05 9.98383E-05 9.98383E-05 9.98383E-05 9.98383E-05 9.98383E-05 9.98383E-05 9.98383E-05 9.98383E-05 9.98383E-05 9.98383E-05 9.98383E-05 9.98383E-05 9.98383E-05
9.98383E-05 9.98383E-05 0.968526 9.98383E-05 9.98383E-05 9.98383E-05 9.98383E-05 9.98383E-05 9.98383E-05 9.98383E-05 0.0296772 9.98383E-05 9.98383E-05 9.98383E-05 9.98383E-05 9.98383E-05 9.98383E-05 9.98383E-05 9.98383E-05 9.98383E-05
0.00134315 9.98652E-05 0.971034 0.00319645 9.98652E-05 9.98652E-05 9.98652E-05 9.98652E-05 9.98652E-05 9.98652E-05 9.98652E-05 0.00822078 9.98652E-05 9.98652E-05 9.98652E-05 9.98652E-05 9.98652E-05 9.98652E-05 0.0147075 9.98652E-05
9.98384E-05 9.98384E-05 0.989822 9.98384E-05 9.98384E-05 9.98384E-05 9.98384E-05 9.98384E-05 9.98384E-05 9.98384E-05 9.98384E-05 9.98384E-05 9.98384E-05 9.98384E-05 9.98384E-05 9.98384E-05 9.98384E-05 9.98384E-05 9.98384E-05 0.00838063
9.99011E-05 0.0721958 0.285155 9.99011E-05 9.99011E-05 9.99011E-05 9.99011E-05 0.0482251 0.00971925 9.99011E-05 9.99011E-05 9.99011E-05 0.125311 0.121189 0.0249943 9.99011E-05 9.99011E-05 9.99011E-05 0.0177404 0.294371
9.98742E-05 0.00582151 0.901228 9.98742E-05 9.98742E-05 0.00839394 9.98742E-05 9.98742E-05 9.98742E-05 9.98742E-05 9.98742E-05 9.98742E-05 9.98742E-05 0.0790543 0.000218962 0.0038849 9.98742E-05 9.98742E-05 9.98742E-05 9.98742E-05
9.98469E-05 9.98469E-05 9.98469E-05 9.98469E-05 9.98469E-05 9.98469E-05 9.98469E-05 9.98469E-05 9.98469E-05 9.98469E-05 9.98469E-05 0.818265 9.98469E-05 9.98469E-05 0.167376 9.98469E-05 9.98469E-05 9.98469E-05 0.0126616 9.98469E-05
9.98559E-05 9.98559E-05 0.058297 9.98559E-05 9.98559E-05 9.98559E-05 9.98559E-05 9.98559E-05 9.98559E-05 9.98559E-05 9.98559E-05 9.98559E-05 9.98559E-05 0.890789 0.00975435 9.98559E-05 9.98559E-05 9.98559E-05 0.039562 9.98559E-05
9.98649E-05 0.00801836 9.98649E-05 9.98649E-05 0.000295872 9.98649E-05 0.591762 0.380635 9.98649E-05 9.98649E-05 9.98649E-05 9.98649E-05 9.98649E-05 9.98649E-05 9.98649E-05 9.98649E-05 9.98649E-05 0.0177908 9.98649E-05 9.98649E-05
0.0123852 9.9865E-05 9.9865E-05 9.9865E-05 9.9865E-05 0.0425966 9.9865E-05 9.9865E-05 9.9865E-05 9.9865E-05 9.9865E-05 9.9865E-05 9.9865E-05 9.9865E-05 0.0440289 9.9865E-05 0.777117 0.122374 9.9865E-05 9.9865E-05
9.98386E-05 9.98386E-05 9.98386E-05 9.98386E-05 9.98386E-05 9.98386E-05 9.98386E-05 9.98386E-05 9.98386E-05 9.98386E-05 9.98386E-05 9.98386E-05 9.98386E-05 9.98386E-05 0.924316 9.98386E-05 0.0738873 9.98386E-05 9.98386E-05 9.98386E-05
9.98474E-05 0.0389699 9.98474E-05 9.98474E-05 9.98474E-05 9.98474E-05 9.98474E-05 9.98474E-05 9.98474E-05 9.98474E-05 9.98474E-05 9.98474E-05 9.98474E-05 9.98474E-05 9.98474E-05 9.98474E-05 0.955 9.98474E-05 0.00433232 9.98474E-05
9.98649E-05 9.98649E-05 9.98649E-05 9.98649E-05 9.98649E-05 9.98649E-05 9.98649E-05 9.98649E-05 0.000894046 9.98649E-05 0.0805523 9.98649E-05 9.98649E-05 0.00879086 9.98649E-05 9.98649E-05 0.876874 0.0313913 9.98649E-05 9.98649E-05
9.98829E-05 9.98829E-05 9.98829E-05 0.0154285 0.00368106 0.0546841 9.98829E-05 9.98829E-05 9.98829E-05 9.98829E-05 0.086334 9.98829E-05 9.98829E-05 9.98829E-05 9.98829E-05 0.00276113 0.812512 0.0233009 9.98829E-05 9.98829E-05
9.98293E-05 9.98293E-05 9.98293E-05 9.98293E-05 9.98293E-05 9.98293E-05 9.98293E-05 9.98293E-05 9.98293E-05 0.998103 9.98293E-05 9.98293E-05 9.98293E-05 9.98293E-05 9.98293E-05 9.98293E-05 9.98293E-05 9.98293E-05 9.98293E-05 9.98293E-05
9.98567E-05 9.98567E-05 9.98567E-05 9.98567E-05 9.98567E-05 0.0150897 0.269289 0.647563 0.06646 9.98567E-05 9.98567E-05 9.98567E-05 9.98567E-05 9.98567E-05 9.98567E-05 9.98567E-05 9.98567E-05 9.98567E-05 9.98567E-05 9.98567E-05
0.0373428 9.99103E-05 0.0247797 9.99103E-05 9.99103E-05 9.99103E-05 0.0500768 0.0427046 0.0734412 9.99103E-05 0.0322667 9.99103E-05 9.99103E-05 0.116395 9.99103E-05 9.99103E-05 0.0308799 0.338706 9.99103E-05 0.252408
9.98564E-05 0.101993 9.98564E-05 9.98564E-05 9.98564E-05 9.98564E-05 0.70745 0.0501211 0.138839 9.98564E-05 9.98564E-05 9.98564E-05 9.98564E-05 9.98564E-05 9.98564E-05 9.98564E-05 9.98564E-05 9.98564E-05 9.98564E-05 9.98564E-05
9.9883E-05 0.00468168 0.0152464 9.9883E-05 9.9883E-05 9.9883E-05 0.705967 0.142838 9.9883E-05 9.9883E-05 9.9883E-05 9.9883E-05 9.9883E-05 9.9883E-05 9.9883E-05 0.0464709 9.9883E-05 9.9883E-05 0.0172618 0.0662356
9.98382E-05 9.98382E-05 9.98382E-05 9.98382E-05 9.98382E-05 9.98382E-05 9.98382E-05 0.968425 9.98382E-05 9.98382E-05 9.98382E-05 9.98382E-05 9.98382E-05 9.98382E-05 0.0297775 9.98382E-05 9.98382E-05 9.98382E-05 9.98382E-05 9.98382E-05
0.00192987 9.98473E-05 9.98473E-05 9.98473E-05 0.00378425 9.98473E-05 9.98473E-05 0.992588 9.98473E-05 9.98473E-05 9.98473E-05 9.98473E-05 9.98473E-05 9.98473E-05 9.98473E-05 9.98473E-05 9.98473E-05 9.98473E-05 9.98473E-05 9.98473E-05
9.98743E-05 0.0271068 9.98743E-05 9.98743E-05 9.98743E-05 9.98743E-05 0.613977 0.055167 9.98743E-05 9.98743E-05 9.98743E-05 9.98743E-05 9.98743E-05 9.98743E-05 9.98743E-05 9.98743E-05 9.98743E-05 0.0894106 0.0270801 0.18586
9.9865E-05 0.00262814 9.9865E-05 9.9865E-05 9.9865E-05 9.9865E-05 0.495387 0.470563 9.9865E-05 9.9865E-05 9.9865E-05 9.9865E-05 9.9865E-05 9.9865E-05 9.9865E-05 0.00788075 9.9865E-05 0.0220436 9.9865E-05 9.9865E-05
9.98381E-05 0.961859 0.0363442 9.98381E-05 9.98381E-05 9.98381E-05 9.98381E-05 9.98381E-05 9.98381E-05 9.98381E-05 9.98381E-05 9.98381E-05 9.98381E-05 9.98381E-05 9.98381E-05 9.98381E-05 9.98381E-05 9.98381E-05 9.98381E-05 9.98381E-05
9.98382E-05 0.984288 9.98382E-05 9.98382E-05 9.98382E-05 9.98382E-05 9.98382E-05 9.98382E-05 9.98382E-05 9.98382E-05 9.98382E-05 9.98382E-05 9.98382E-05 9.98382E-05 9.98382E-05 9.98382E-05 0.0139146 9.98382E-05 9.98382E-05 9.98382E-05
0.0115543 9.98652E-05 9.98652E-05 9.98652E-05 9.98652E-05 9.98652E-05 0.88685 0.0645792 0.0280108 9.98652E-05 9.98652E-05 9.98652E-05 9.98652E-05 9.98652E-05 0.00750744 9.98652E-05 9.98652E-05 9.98652E-05 9.98652E-05 9.98652E-05
9.9856E-05 0.00140899 9.9856E-05 9.9856E-05 9.9856E-05 9.9856E-05 0.0149881 9.9856E-05 9.9856E-05 9.9856E-05 9.9856E-05 9.9856E-05 0.0420128 9.9856E-05 0.939992 9.9856E-05 9.9856E-05 9.9856E-05 9.9856E-05 9.9856E-05
9.9856E-05 0.00337055 9.9856E-05 9.9856E-05 9.9856E-05 9.9856E-05 0.0223905 9.9856E-05 9.9856E-05 9.9856E-05 9.9856E-05 9.9856E-05 0.00589724 9.9856E-05 0.966744 9.9856E-05 9.9856E-05 9.9856E-05 9.9856E-05 9.9856E-05
9.98294E-05 9.98294E-05 9.98294E-05 9.98294E-05 9.98294E-05 0.998103 9.98294E-05 9.98294E-05 9.98294E-05 9.98294E-05 9.98294E-05 9.98294E-05 9.98294E-05 9.98294E-05 9.98294E-05 9.98294E-05 9.98294E-05 9.98294E-05 9.98294E-05 9.98294E-05
9.98295E-05 9.98295E-05 9.98295E-05 9.98295E-05 9.98295E-05 0.998103 9.98295E-05 9.98295E-05 9.98295E-05 9.98295E-05 9.98295E-05 9.98295E-05 9.98295E-05 9.98295E-05 9.98295E-05 9.98295E-05 9.98295E-05 9.98295E-05 9.98295E-05 9.98295E-05
9.98738E-05 0.0193772 9.98738E-05 0.0178235 9.98738E-05 9.98738E-05 9.98738E-05 9.98738E-05 9.98738E-05 9.98738E-05 0.764059 9.98738E-05 9.98738E-05 0.0690402 0.0447737 9.98738E-05 9.98738E-05 0.0835277 9.98738E-05 9.98738E-05
9.99009E-05 0.0142947 9.99009E-05 0.0142889 9.99009E-05 9.99009E-05 9.99009E-05 0.002482 9.99009E-05 9.99009E-05 0.73747 0.00355397 9.99009E-05 0.0375964 0.0807575 9.99009E-05 0.0401181 0.068339 9.99009E-05 9.99009E-05
9.98743E-05 9.98743E-05 9.98743E-05 9.98743E-05 9.98743E-05 0.936063 9.98743E-05 9.98743E-05 9.98743E-05 9.98743E-05 0.0266833 9.98743E-05 0.0179233 0.000899882 0.0130895 9.98743E-05 9.98743E-05 9.98743E-05 9.98743E-05 0.00394297
9.98293E-05 9.98293E-05 9.98293E-05 9.98293E-05 9.98293E-05 0.998103 9.98293E-05 9.98293E-05 9.98293E-05 9.98293E-05 9.98293E-05 9.98293E-05 9.98293E-05 9.98293E-05 9.98293E-05 9.98293E-05 9.98293E-05 9.98293E-05 9.98293E-05 9.98293E-05
9.98559E-05 9.98559E-05 0.0219206 9.98559E-05 9.98559E-05 9.98559E-05 9.98559E-05 9.98559E-05 9.98559E-05 9.98559E-05 9.98559E-05 0.911973 9.98559E-05 9.98559E-05 9.98559E-05 9.98559E-05 0.0505973 9.98559E-05 0.0139111 9.98559E-05
0.0147176 9.98739E-05 9.98739E-05 9.98739E-05 0.0154651 9.98739E-05 9.98739E-05 9.98739E-05 9.98739E-05 9.98739E-05 9.98739E-05 9.98739E-05 9.98739E-05 9.98739E-05 0.0819561 9.98739E-05 0.121129 0.639682 0.125652 9.98739E-05
9.9847E-05 9.9847E-05 0.0179175 9.9847E-05 9.9847E-05 9.9847E-05 9.9847E-05 9.9847E-05 9.9847E-05 9.9847E-05 9.9847E-05 9.9847E-05 9.9847E-05 0.918876 9.9847E-05 9.9847E-05 9.9847E-05 9.9847E-05 0.0615096 9.9847E-05
9.98834E-05 9.98834E-05 9.98834E-05 9.98834E-05 0.107934 0.0331188 0.0230868 9.98834E-05 9.98834E-05 9.98834E-05 0.155228 9.98834E-05 0.0768967 9.98834E-05 9.98834E-05 0.358472 0.243966 9.98834E-05 9.98834E-05 9.98834E-05
0.0761343 9.98742E-05 9.98742E-05 9.98742E-05 9.98742E-05 0.0829798 9.98742E-05 9.98742E-05 9.98742E-05 9.98742E-05 9.98742E-05 0.116883 9.98742E-05 9.98742E-05 9.98742E-05 0.494775 0.216098 0.0117311 9.98742E-05 9.98742E-05
9.9829E-05 9.9829E-05 9.9829E-05 9.9829E-05 9.9829E-05 9.9829E-05 9.9829E-05 9.9829E-05 9.9829E-05 9.9829E-05 9.9829E-05 9.9829E-05 9.9829E-05 9.9829E-05 9.9829E-05 9.9829E-05 9.9829E-05 9.9829E-05 9.9829E-05 0.998103
