9.98469E-05 9.98469E-05 9.98469E-05 9.98469E-05 9.98469E-05 9.98469E-05 9.98469E-05 9.98469E-05 9.98469E-05 0.907463 9.98469E-05 9.98469E-05 9.98469E-05 9.98469E-05 0.0065057 9.98469E-05 9.98469E-05 9.98469E-05 0.0843337 9.98469E-05
9.98559E-05 9.98559E-05 9.98559E-05 9.98559E-05 0.0290044 9.98559E-05 9.98559E-05 9.98559E-05 9.98559E-05 9.98559E-05 0.688951 9.98559E-05 9.98559E-05 9.98559E-05 9.98559E-05 0.165129 9.98559E-05 9.98559E-05 9.98559E-05 0.115318
9.98292E-05 9.98292E-05 9.98292E-05 9.98292E-05 9.98292E-05 9.98292E-05 0.998103 9.98292E-05 9.98292E-05 9.98292E-05 9.98292E-05 9.98292E-05 9.98292E-05 9.98292E-05 9.98292E-05 9.98292E-05 9.98292E-05 9.98292E-05 9.98292E-05 9.98292E-05
9.98651E-05 9.98651E-05 9.98651E-05 9.98651E-05 9.98651E-05 9.98651E-05 9.98651E-05 9.98651E-05 9.98651E-05 9.98651E-05 9.98651E-05 0.020654 0.0492626 0.0256592 0.0094699 9.98651E-05 9.98651E-05 9.98651E-05 9.98651E-05 0.893456
0.153279 9.99012E-05 9.99012E-05 9.99012E-05 9.99012E-05 9.99012E-05 0.0545273 9.99012E-05 9.99012E-05 0.0119589 0.146694 0.170839 9.99012E-05 0.0206612 9.99012E-05 0.150515 9.99012E-05 9.99012E-05 0.0270177 0.263409
9.98561E-05 9.98561E-05 9.98561E-05 9.98561E-05 9.98561E-05 0.0139197 9.98561E-05 9.98561E-05 9.98561E-05 9.98561E-05 9.98561E-05 0.0222442 9.98561E-05 9.98561E-05 9.98561E-05 0.00204119 9.98561E-05 9.98561E-05 9.98561E-05 0.960197
0.998103 9.98292E-05 9.98292E-05 9.98292E-05 9.98292E-05 9.98292E-05 9.98292E-05 9.98292E-05 9.98292E-05 9.98292E-05 9.98292E-05 9.98292E-05 9.98292E-05 9.98292E-05 9.98292E-05 9.98292E-05 9.98292E-05 9.98292E-05 9.98292E-05 9.98292E-05
9.98829E-05 9.98829E-05 9.98829E-05 9.98829E-05 9.98829E-05 9.98829E-05 0.0224025 9.98829E-05 0.334269 9.98829E-05 0.117441 0.381081 9.98829E-05 0.071449 0.00302159 9.98829E-05 9.98829E-05 9.98829E-05 0.0690369 9.98829E-05
0.934708 9.9865E-05 0.00758778 9.9865E-05 0.0040882 9.9865E-05 9.9865E-05 9.9865E-05 9.9865E-05 9.9865E-05 0.0501565 9.9865E-05 9.9865E-05 9.9865E-05 9.9865E-05 9.9865E-05 0.00196201 9.9865E-05 9.9865E-05 9.9865E-05
0.111602 9.98382E-05 9.98382E-05 9.98382E-05 9.98382E-05 9.98382E-05 9.98382E-05 9.98382E-05 9.98382E-05 9.98382E-05 9.98382E-05 9.98382E-05 9.98382E-05 9.98382E-05 9.98382E-05 9.98382E-05 9.98382E-05 9.98382E-05 0.886601 9.98382E-05
0.113166 9.98383E-05 9.98383E-05 9.98383E-05 9.98383E-05 9.98383E-05 9.98383E-05 9.98383E-05 9.98383E-05 9.98383E-05 9.98383E-05 9.98383E-05 9.98383E-05 9.98383E-05 9.98383E-05 9.98383E-05 9.98383E-05 9.98383E-05 0.885037 9.98383E-05
9.98653E-05 9.98653E-05 9.98653E-05 0.104537 9.98653E-05 9.98653E-05 9.98653E-05 9.98653E-05 0.0309804 0.725862 9.98653E-05 9.98653E-05 9.98653E-05 9.98653E-05 0.129225 9.98653E-05 9.98653E-05 9.98653E-05 9.98653E-05 0.00789707
9.98386E-05 9.98386E-05 9.98386E-05 0.961359 9.98386E-05 9.98386E-05 9.98386E-05 9.98386E-05 0.0368436 9.98386E-05 9.98386E-05 9.98386E-05 9.98386E-05 9.98386E-05 9.98386E-05 9.98386E-05 9.98386E-05 9.98386E-05 9.98386E-05 9.98386E-05
9.98472E-05 0.0263211 9.98472E-05 9.98472E-05 9.98472E-05 9.98472E-05 9.98472E-05 9.98472E-05 9.98472E-05 0.0146454 9.98472E-05 9.98472E-05 9.98472E-05 9.98472E-05 9.98472E-05 9.98472E-05 9.98472E-05 9.98472E-05 9.98472E-05 0.957336
9.9856E-05 0.0295097 9.9856E-05 9.9856E-05 9.9856E-05 9.9856E-05 9.9856E-05 9.9856E-05 9.9856E-05 0.00547036 9.9856E-05 9.9856E-05 9.9856E-05 9.9856E-05 9.9856E-05 0.0110094 9.9856E-05 9.9856E-05 9.9856E-05 0.952413
9.9856E-05 9.9856E-05 9.9856E-05 0.119909 9.9856E-05 0.114149 9.9856E-05 9.9856E-05 9.9856E-05 9.9856E-05 9.9856E-05 9.9856E-05 9.9856E-05 9.9856E-05 9.9856E-05 9.9856E-05 0.754997 9.9856E-05 0.00934758 9.9856E-05
9.98471E-05 9.98471E-05 9.98471E-05 9.98471E-05 0.943777 9.98471E-05 9.98471E-05 9.98471E-05 9.98471E-05 9.98471E-05 9.98471E-05 9.98471E-05 9.98471E-05 9.98471E-05 9.98471E-05 9.98471E-05 9.98471E-05 0.000498195 0.0540274 9.98471E-05
9.98918E-05 0.802349 0.0398501 9.98918E-05 9.98918E-05 9.98918E-05 0.0013931 9.98918E-05 9.98918E-05 9.98918E-05 0.0181409 9.98918E-05 9.98918E-05 0.0162622 9.98918E-05 0.10398 0.00329793 9.98918E-05 0.0135278 9.98918E-05
9.98292E-05 9.98292E-05 9.98292E-05 9.98292E-05 9.98292E-05 9.98292E-05 9.98292E-05 9.98292E-05 9.98292E-05 9.98292E-05 9.98292E-05 9.98292E-05 9.98292E-05 9.98292E-05 9.98292E-05 9.98292E-05 9.98292E-05 0.998103 9.98292E-05 9.98292E-05
9.98739E-05 9.98739E-05 0.0119818 9.98739E-05 0.0143007 0.204006 9.98739E-05 9.98739E-05 9.98739E-05 0.0499704 9.98739E-05 9.98739E-05 9.98739E-05 9.98739E-05 9.98739E-05 9.98739E-05 0.276979 9.98739E-05 0.441364 9.98739E-05
9.98382E-05 0.883846 9.98382E-05 9.98382E-05 9.98382E-05 9.98382E-05 9.98382E-05 9.98382E-05 9.98382E-05 9.98382E-05 9.98382E-05 9.98382E-05 9.98382E-05 9.98382E-05 9.98382E-05 9.98382E-05 9.98382E-05 0.114357 9.98382E-05 9.98382E-05
9.9901E-05 9.9901E-05 0.0548873 0.0303925 0.0352723 0.0173058 9.9901E-05 9.9901E-05 9.9901E-05 0.357036 9.9901E-05 9.9901E-05 9.9901E-05 9.9901E-05 0.0022756 0.258449 0.23642 9.9901E-05 0.00686196 9.9901E-05
9.98651E-05 0.470977 9.98651E-05 9.98651E-05 0.192138 9.98651E-05 9.98651E-05 9.98651E-05 9.98651E-05 9.98651E-05 9.98651E-05 0.0101276 9.98651E-05 9.98651E-05 0.225954 9.98651E-05 9.98651E-05 9.98651E-05 0.0993053 9.98651E-05
9.98559E-05 0.878524 9.98559E-05 9.98559E-05 9.98559E-05 0.0828977 9.98559E-05 0.0123932 9.98559E-05 9.98559E-05 9.98559E-05 9.98559E-05 9.98559E-05 9.98559E-05 9.98559E-05 9.98559E-05 9.98559E-05 0.0245871 9.98559E-05 9.98559E-05
9.98474E-05 9.98474E-05 9.98474E-05 9.98474E-05 9.98474E-05 9.98474E-05 9.98474E-05 9.98474E-05 0.00737417 9.98474E-05 9.98474E-05 9.98474E-05 0.604651 9.98474E-05 9.98474E-05 9.98474E-05 9.98474E-05 9.98474E-05 9.98474E-05 0.386277
9.98384E-05 9.98384E-05 9.98384E-05 9.98384E-05 9.98384E-05 9.98384E-05 9.98384E-05 9.98384E-05 9.98384E-05 9.98384E-05 9.98384E-05 9.98384E-05 0.179779 9.98384E-05 9.98384E-05 9.98384E-05 9.98384E-05 9.98384E-05 9.98384E-05 0.818424
9.98648E-05 9.98648E-05 0.0411916 0.799383 0.0439977 9.98648E-05 9.98648E-05 9.98648E-05 9.98648E-05 9.98648E-05 9.98648E-05 9.98648E-05 9.98648E-05 9.98648E-05 0.0505418 9.98648E-05 9.98648E-05 9.98648E-05 0.0633881 9.98648E-05
9.98382E-05 9.98382E-05 9.98382E-05 9.98382E-05 9.98382E-05 9.98382E-05 9.98382E-05 9.98382E-05 9.98382E-05 9.98382E-05 9.98382E-05 9.98382E-05 0.993645 0.00455788 9.98382E-05 9.98382E-05 9.98382E-05 9.98382E-05 9.98382E-05 9.98382E-05
9.98293E-05 9.98293E-05 9.98293E-05 9.98293E-05 9.98293E-05 9.98293E-05 9.98293E-05 9.98293E-05 9.98293E-05 9.98293E-05 9.98293E-05 9.98293E-05 0.998103 9.98293E-05 9.98293E-05 9.98293E-05 9.98293E-05 9.98293E-05 9.98293E-05 9.98293E-05
9.98923E-05 9.98923E-05 9.98923E-05 9.98923E-05 9.98923E-05 9.98923E-05 9.98923E-05 0.00517217 9.98923E-05 0.0181623 9.98923E-05 0.588204 0.164386 0.0127506 9.98923E-05 0.0103939 9.98923E-05 0.00421862 9.98923E-05 0.195514
9.98378E-05 9.98378E-05 9.98378E-05 9.98378E-05 9.98378E-05 9.98378E-05 9.98378E-05 9.98378E-05 9.98378E-05 9.98378E-05 9.98378E-05 0.906172 9.98378E-05 9.98378E-05 9.98378E-05 9.98378E-05 9.98378E-05 9.98378E-05 9.98378E-05 0.0920311
9.98295E-05 9.98295E-05 9.98295E-05 9.98295E-05 9.98295E-05 9.98295E-05 9.98295E-05 9.98295E-05 9.98295E-05 9.98295E-05 0.998103 9.98295E-05 9.98295E-05 9.98295E-05 9.98295E-05 9.98295E-05 9.98295E-05 9.98295E-05 9.98295E-05 9.98295E-05
9.98474E-05 9.98474E-05 9.98474E-05 9.98474E-05 9.98474E-05 9.98474E-05 9.98474E-05 9.98474E-05 0.162201 9.98474E-05 9.98474E-05 9.98474E-05 0.230264 9.98474E-05 9.98474E-05 9.98474E-05 9.98474E-05 9.98474E-05 9.98474E-05 0.605838
9.98654E-05 9.98654E-05 9.98654E-05 9.98654E-05 9.98654E-05 9.98654E-05 0.00572236 9.98654E-05 0.134168 9.98654E-05 0.0459015 0.0856087 9.98654E-05 0.727101 9.98654E-05 9.98654E-05 9.98654E-05 9.98654E-05 9.98654E-05 9.98654E-05
9.98736E-05 9.98736E-05 9.98736E-05 0.489473 0.193815 9.98736E-05 9.98736E-05 9.98736E-05 9.98736E-05 0.0589645 9.98736E-05 0.0523796 9.98736E-05 9.98736E-05 0.106855 0.0971147 9.98736E-05 9.98736E-05 9.98736E-05 9.98736E-05
9.98739E-05 9.98739E-05 9.98739E-05 9.98739E-05 9.98739E-05 0.0291124 9.98739E-05 9.98739E-05 0.00753051 9.98739E-05 9.98739E-05 0.033057 0.572109 9.98739E-05 9.98739E-05 0.015942 9.98739E-05 9.98739E-05 9.98739E-05 0.34085
9.98384E-05 9.98384E-05 9.98384E-05 9.98384E-05 9.98384E-05 9.98384E-05 0.0292806 9.98384E-05 9.98384E-05 0.968922 9.98384E-05 9.98384E-05 9.98384E-05 9.98384E-05 9.98384E-05 9.98384E-05 9.98384E-05 9.98384E-05 9.98384E-05 9.98384E-05
9.98901E-05 0.0131277 9.98901E-05 9.98901E-05 0.0297597 9.98901E-05 0.0128121 0.00652608 0.0553899 0.06386 0.187665 9.98901E-05 9.98901E-05 9.98901E-05 9.98901E-05 0.0544658 9.98901E-05 9.98901E-05 0.575295 9.98901E-05
9.98471E-05 9.98471E-05 9.98471E-05 9.98471E-05 0.971742 9.98471E-05 9.98471E-05 9.98471E-05 0.00362415 9.98471E-05 9.98471E-05 9.98471E-05 9.98471E-05 9.98471E-05 9.98471E-05 9.98471E-05 9.98471E-05 9.98471E-05 9.98471E-05 0.0229361
9.98471E-05 9.98471E-05 9.98471E-05 9.98471E-05 0.00691331 9.98471E-05 9.98471E-05 9.98471E-05 9.98471E-05 9.98471E-05 9.98471E-05 9.98471E-05 9.98471E-05 9.98471E-05 9.98471E-05 0.980301 9.98471E-05 9.98471E-05 9.98471E-05 0.0110888
9.98381E-05 9.98381E-05 0.000853698 9.98381E-05 9.98381E-05 9.98381E-05 9.98381E-05 9.98381E-05 9.98381E-05 9.98381E-05 9.98381E-05 9.98381E-05 9.98381E-05 9.98381E-05 9.98381E-05 0.997349 9.98381E-05 9.98381E-05 9.98381E-05 9.98381E-05
9.98829E-05 9.98829E-05 0.0258753 9.98829E-05 0.0172492 0.0031202 9.98829E-05 9.98829E-05 9.98829E-05 9.98829E-05 9.98829E-05 9.98829E-05 9.98829E-05 9.98829E-05 9.98829E-05 0.0498453 0.00648916 0.0205053 0.875617 9.98829E-05
0.0656818 0.0321876 0.00874982 0.0211147 9.9874E-05 9.9874E-05 9.9874E-05 9.9874E-05 9.9874E-05 9.9874E-05 9.9874E-05 9.9874E-05 9.9874E-05 9.9874E-05 9.9874E-05 9.9874E-05 0.834931 9.9874E-05 0.0359366 9.9874E-05
9.98829E-05 9.98829E-05 9.98829E-05 9.98829E-05 9.98829E-05 0.0351972 9.98829E-05 0.00530325 9.98829E-05 0.0108086 9.98829E-05 0.0295601 9.98829E-05 9.98829E-05 0.034787 9.98829E-05 0.0143664 9.98829E-05 0.868679 9.98829E-05
9.98918E-05 0.118705 0.00186958 0.14278 9.98918E-05 0.261634 9.98918E-05 9.98918E-05 9.98918E-05 9.98918E-05 0.0438995 9.98918E-05 9.98918E-05 9.98918E-05 9.98918E-05 0.106026 0.0201842 9.98918E-05 0.303704 9.98918E-05
9.99009E-05 9.99009E-05 9.99009E-05 9.99009E-05 9.99009E-05 0.186419 0.0405928 0.064303 0.00647618 0.0536715 9.99009E-05 0.0156369 9.99009E-05 9.99009E-05 9.99009E-05 0.155767 0.14098 9.99009E-05 0.335054 9.99009E-05
0.0697507 9.99009E-05 0.0572234 0.0526504 0.155359 0.268039 9.99009E-05 9.99009E-05 9.99009E-05 0.119534 9.99009E-05 0.142549 9.99009E-05 0.0129058 9.99009E-05 9.99009E-05 9.99009E-05 9.99009E-05 0.12089 9.99009E-05
9.98293E-05 9.98293E-05 0.998103 9.98293E-05 9.98293E-05 9.98293E-05 9.98293E-05 9.98293E-05 9.98293E-05 9.98293E-05 9.98293E-05 9.98293E-05 9.98293E-05 9.98293E-05 9.98293E-05 9.98293E-05 9.98293E-05 9.98293E-05 9.98293E-05 9.98293E-05
9.98293E-05 9.98293E-05 9.98293E-05 9.98293E-05 9.98293E-05 9.98293E-05 9.98293E-05 9.98293E-05 9.98293E-05 9.98293E-05 9.98293E-05 9.98293E-05 9.98293E-05 0.998103 9.98293E-05 9.98293E-05 9.98293E-05 9.98293E-05 9.98293E-05 9.98293E-05
9.98294E-05 9.98294E-05 9.98294E-05 9.98294E-05 9.98294E-05 9.98294E-05 9.98294E-05 9.98294E-05 9.98294E-05 9.98294E-05 9.98294E-05 9.98294E-05 9.98294E-05 0.998103 9.98294E-05 9.98294E-05 9.98294E-05 9.98294E-05 9.98294E-05 9.98294E-05
9.98653E-05 0.00178945 9.98653E-05 9.98653E-05 9.98653E-05 9.98653E-05 9.98653E-05 9.98653E-05 9.98653E-05 9.98653E-05 9.98653E-05 9.98653E-05 0.0122324 0.973273 9.98653E-05 0.00171363 9.98653E-05 9.98653E-05 0.00949359 9.98653E-05
9.98293E-05 9.98293E-05 9.98293E-05 9.98293E-05 9.98293E-05 9.98293E-05 9.98293E-05 9.98293E-05 9.98293E-05 9.98293E-05 9.98293E-05 9.98293E-05 9.98293E-05 0.998103 9.98293E-05 9.98293E-05 9.98293E-05 9.98293E-05 9.98293E-05 9.98293E-05
9.98384E-05 9.98384E-05 9.98384E-05 9.98384E-05 9.98384E-05 9.98384E-05 9.98384E-05 9.98384E-05 9.98384E-05 9.98384E-05 9.98384E-05 0.0258571 9.98384E-05 0.972346 9.98384E-05 9.98384E-05 9.98384E-05 9.98384E-05 9.98384E-05 9.98384E-05
0.0012109 0.00610428 9.99013E-05 9.99013E-05 9.99013E-05 9.99013E-05 9.99013E-05 9.99013E-05 0.105449 9.99013E-05 0.0444483 0.237308 0.0586096 0.37027 9.99013E-05 9.99013E-05 0.138037 0.0374642 9.99013E-05 9.99013E-05
9.98561E-05 9.98561E-05 9.98561E-05 9.98561E-05 9.98561E-05 0.00171794 9.98561E-05 9.98561E-05 9.98561E-05 0.0105205 0.0928185 9.98561E-05 9.98561E-05 0.893345 9.98561E-05 9.98561E-05 9.98561E-05 9.98561E-05 9.98561E-05 9.98561E-05
9.9847E-05 9.9847E-05 9.9847E-05 9.9847E-05 9.9847E-05 0.00604838 9.9847E-05 9.9847E-05 9.9847E-05 0.860988 9.9847E-05 9.9847E-05 9.9847E-05 9.9847E-05 9.9847E-05 9.9847E-05 0.131267 9.9847E-05 9.9847E-05 9.9847E-05
0.0107051 9.9865E-05 9.9865E-05 9.9865E-05 9.9865E-05 0.00454225 9.9865E-05 9.9865E-05 9.9865E-05 0.0198757 0.937165 9.9865E-05 9.9865E-05 0.026214 9.9865E-05 9.9865E-05 9.9865E-05 9.9865E-05 9.9865E-05 9.9865E-05
9.9847E-05 9.9847E-05 9.9847E-05 9.9847E-05 9.9847E-05 9.9847E-05 9.9847E-05 9.9847E-05 9.9847E-05 9.9847E-05 9.9847E-05 9.9847E-05 0.390846 9.9847E-05 9.9847E-05 0.0169977 9.9847E-05 9.9847E-05 9.9847E-05 0.590459
9.98832E-05 9.98832E-05 9.98832E-05 0.824754 9.98832E-05 9.98832E-05 0.0149916 9.98832E-05 9.98832E-05 0.00624005 9.98832E-05 9.98832E-05 9.98832E-05 0.020662 0.00930237 0.111293 0.0114579 9.98832E-05 9.98832E-05 9.98832E-05
9.98474E-05 9.98474E-05 9.98474E-05 0.0664577 9.98474E-05 0.0885797 9.98474E-05 9.98474E-05 9.98474E-05 9.98474E-05 9.98474E-05 9.98474E-05 9.98474E-05 9.98474E-05 9.98474E-05 9.98474E-05 0.843265 9.98474E-05 9.98474E-05 9.98474E-05
0.007749 9.98566E-05 9.98566E-05 0.973323 9.98566E-05 9.98566E-05 0.0108377 9.98566E-05 0.00649242 9.98566E-05 9.98566E-05 9.98566E-05 9.98566E-05 9.98566E-05 9.98566E-05 9.98566E-05 9.98566E-05 9.98566E-05 9.98566E-05 9.98566E-05
9.98469E-05 9.98469E-05 9.98469E-05 0.881174 9.98469E-05 9.98469E-05 9.98469E-05 9.98469E-05 9.98469E-05 9.98469E-05 9.98469E-05 9.98469E-05 9.98469E-05 9.98469E-05 9.98469E-05 9.98469E-05 9.98469E-05 9.98469E-05 0.110252 0.0068772
9.98739E-05 9.98739E-05 9.98739E-05 0.870929 9.98739E-05 0.0223093 9.98739E-05 9.98739E-05 9.98739E-05 9.98739E-05 9.98739E-05 9.98739E-05 9.98739E-05 9.98739E-05 0.0623284 0.0233615 9.98739E-05 0.00922528 0.0104478 9.98739E-05
9.98294E-05 9.98294E-05 9.98294E-05 9.98294E-05 9.98294E-05 9.98294E-05 9.98294E-05 0.998103 9.98294E-05 9.98294E-05 9.98294E-05 9.98294E-05 9.98294E-05 9.98294E-05 9.98294E-05 9.98294E-05 9.98294E-05 9.98294E-05 9.98294E-05 9.98294E-05
9.98566E-05 9.98566E-05 9.98566E-05 9.98566E-05 9.98566E-05 9.98566E-05 0.0478098 9.98566E-05 9.98566E-05 9.98566E-05 9.98566E-05 9.98566E-05 0.611801 9.98566E-05 0.0063598 9.98566E-05 9.98566E-05 9.98566E-05 9.98566E-05 0.332431
9.99372E-05 9.99372E-05 9.99372E-05 0.0777896 0.051349 0.0211541 9.99372E-05 9.99372E-05 0.000690034 0.0340215 0.00089734 9.99372E-05 0.18395 0.0670524 0.130512 0.0988489 9.99372E-05 0.0527942 0.237055 0.0431858
9.98403E-05 9.98403E-05 9.98403E-05 9.98403E-05 9.98403E-05 9.98403E-05 0.110311 9.98403E-05 0.0691049 9.98403E-05 9.98403E-05 9.98403E-05 9.98403E-05 9.98403E-05 9.98403E-05 9.98403E-05 0.0216948 9.98403E-05 9.98403E-05 0.797292
0.0249934 9.9883E-05 9.9883E-05 9.9883E-05 0.0240762 9.9883E-05 9.9883E-05 9.9883E-05 9.9883E-05 9.9883E-05 9.9883E-05 0.0950355 0.101356 0.000868653 9.9883E-05 0.0141218 9.9883E-05 9.9883E-05 9.9883E-05 0.73825
0.0121627 9.98472E-05 9.98472E-05 9.98472E-05 9.98472E-05 9.98472E-05 9.98472E-05 9.98472E-05 9.98472E-05 9.98472E-05 9.98472E-05 9.98472E-05 0.980832 9.98472E-05 9.98472E-05 9.98472E-05 0.00530753 9.98472E-05 9.98472E-05 9.98472E-05
9.98562E-05 0.00377546 0.00903152 9.98562E-05 9.98562E-05 9.98562E-05 0.00170791 9.98562E-05 9.98562E-05 9.98562E-05 9.98562E-05 9.98562E-05 0.983887 9.98562E-05 9.98562E-05 9.98562E-05 9.98562E-05 9.98562E-05 9.98562E-05 9.98562E-05
9.98743E-05 9.98743E-05 0.00265817 9.98743E-05 9.98743E-05 0.00142153 9.98743E-05 9.98743E-05 9.98743E-05 9.98743E-05 9.98743E-05 0.267982 0.0141289 9.98743E-05 9.98743E-05 0.0281994 9.98743E-05 9.98743E-05 9.98743E-05 0.684211
9.98559E-05 9.98559E-05 9.98559E-05 9.98559E-05 0.00671062 9.98559E-05 9.98559E-05 9.98559E-05 9.98559E-05 9.98559E-05 9.98559E-05 9.98559E-05 0.431984 9.98559E-05 9.98559E-05 0.0254457 9.98559E-05 9.98559E-05 9.98559E-05 0.534262
9.9865E-05 9.9865E-05 9.9865E-05 9.9865E-05 9.9865E-05 9.9865E-05 0.0153493 9.9865E-05 0.903705 9.9865E-05 9.9865E-05 0.0112172 9.9865E-05 0.0446972 9.9865E-05 9.9865E-05 9.9865E-05 9.9865E-05 9.9865E-05 0.0235333
9.98381E-05 9.98381E-05 9.98381E-05 0.0203915 9.98381E-05 9.98381E-05 9.98381E-05 9.98381E-05 0.977811 9.98381E-05 9.98381E-05 9.98381E-05 9.98381E-05 9.98381E-05 9.98381E-05 9.98381E-05 9.98381E-05 9.98381E-05 9.98381E-05 9.98381E-05
9.98742E-05 9.98742E-05 9.98742E-05 9.98742E-05 9.98742E-05 9.98742E-05 0.022771 9.98742E-05 9.98742E-05 9.98742E-05 9.98742E-05 9.98742E-05 0.103807 0.0109979 9.98742E-05 9.98742E-05 0.0157813 0.00383173 9.98742E-05 0.841412
9.9856E-05 9.9856E-05 9.9856E-05 9.9856E-05 0.0264858 9.9856E-05 9.9856E-05 9.9856E-05 9.9856E-05 9.9856E-05 0.00443957 9.9856E-05 9.9856E-05 9.9856E-05 9.9856E-05 9.9856E-05 0.961618 9.9856E-05 9.9856E-05 0.00585902
9.98561E-05 9.98561E-05 9.98561E-05 9.98561E-05 9.98561E-05 9.98561E-05 9.98561E-05 9.98561E-05 9.98561E-05 9.98561E-05 0.011104 9.98561E-05 9.98561E-05 0.000897301 9.98561E-05 9.98561E-05 0.984926 9.98561E-05 9.98561E-05 0.0014746
9.98383E-05 9.98383E-05 9.98383E-05 9.98383E-05 9.98383E-05 9.98383E-05 9.98383E-05 9.98383E-05 9.98383E-05 0.00934871 9.98383E-05 9.98383E-05 9.98383E-05 9.98383E-05 0.988854 9.98383E-05 9.98383E-05 9.98383E-05 9.98383E-05 9.98383E-05
9.98294E-05 9.98294E-05 9.98294E-05 9.98294E-05 9.98294E-05 9.98294E-05 9.98294E-05 9.98294E-05 9.98294E-05 9.98294E-05 9.98294E-05 9.98294E-05 9.98294E-05 9.98294E-05 0.998103 9.98294E-05 9.98294E-05 9.98294E-05 9.98294E-05 9.98294E-05
9.98829E-05 9.98829E-05 0.0181568 0.0228221 9.98829E-05 9.98829E-05 9.98829E-05 9.98829E-05 9.98829E-05 9.98829E-05 0.0323871 9.98829E-05 0.00111832 9.98829E-05 9.98829E-05 0.0925673 0.077099 9.98829E-05 0.754551 9.98829E-05
9.98919E-05 0.0153816 0.0126339 0.066718 9.98919E-05 9.98919E-05 9.98919E-05 9.98919E-05 9.98919E-05 9.98919E-05 0.0366753 9.98919E-05 0.00301856 9.98919E-05 9.98919E-05 0.0934911 0.0567808 9.98919E-05 0.714102 9.98919E-05
9.98403E-05 9.98403E-05 9.98403E-05 9.98403E-05 0.0108141 9.98403E-05 9.98403E-05 9.98403E-05 0.00601895 9.98403E-05 9.98403E-05 9.98403E-05 9.98403E-05 9.98403E-05 0.9727 9.98403E-05 0.0088696 9.98403E-05 9.98403E-05 9.98403E-05
9.98382E-05 9.98382E-05 9.98382E-05 9.98382E-05 9.98382E-05 9.98382E-05 9.98382E-05 9.98382E-05 9.98382E-05 9.98382E-05 9.98382E-05 9.98382E-05 9.98382E-05 9.98382E-05 0.991357 0.006846 9.98382E-05 9.98382E-05 9.98382E-05 9.98382E-05
9.98649E-05 9.98649E-05 0.0700126 0.0323221 9.98649E-05 9.98649E-05 9.98649E-05 9.98649E-05 9.98649E-05 0.874005 9.98649E-05 9.98649E-05 9.98649E-05 0.0188051 9.98649E-05 9.98649E-05 9.98649E-05 0.00335745 9.98649E-05 9.98649E-05
0.140777 9.9865E-05 9.9865E-05 0.109651 9.9865E-05 9.9865E-05 9.9865E-05 9.9865E-05 9.9865E-05 9.9865E-05 9.9865E-05 9.9865E-05 9.9865E-05 9.9865E-05 9.9865E-05 0.713453 0.0192171 0.0154047 9.9865E-05 9.9865E-05
0.0620873 9.98471E-05 9.98471E-05 9.98471E-05 9.98471E-05 9.98471E-05 9.98471E-05 9.98471E-05 9.98471E-05 9.98471E-05 0.910116 9.98471E-05 9.98471E-05 0.0260993 9.98471E-05 9.98471E-05 9.98471E-05 9.98471E-05 9.98471E-05 9.98471E-05
9.9829E-05 9.9829E-05 9.9829E-05 9.9829E-05 9.9829E-05 0.998103 9.9829E-05 9.9829E-05 9.9829E-05 9.9829E-05 9.9829E-05 9.9829E-05 9.9829E-05 9.9829E-05 9.9829E-05 9.9829E-05 9.9829E-05 9.9829E-05 9.9829E-05 9.9829E-05
9.98562E-05 9.98562E-05 9.98562E-05 0.0563519 0.0366997 0.817156 9.98562E-05 9.98562E-05 9.98562E-05 0.0881942 9.98562E-05 9.98562E-05 9.98562E-05 9.98562E-05 9.98562E-05 9.98562E-05 9.98562E-05 9.98562E-05 9.98562E-05 9.98562E-05
9.98291E-05 9.98291E-05 9.98291E-05 9.98291E-05 9.98291E-05 9.98291E-05 9.98291E-05 9.98291E-05 9.98291E-05 9.98291E-05 9.98291E-05 0.998103 9.98291E-05 9.98291E-05 9.98291E-05 9.98291E-05 9.98291E-05 9.98291E-05 9.98291E-05 9.98291E-05
