0.0319628 0.0165495 0.951488
0.335974 0.293022 0.371004
0.0326384 0.880639 0.0867225
9.999E-05 0.9998 9.999E-05
0.272154 0.49721 0.230637
9.999E-05 0.9998 9.999E-05
0.4731 0.0233948 0.503506
0.492182 0.439135 0.0686834
0.555187 0.0175682 0.427245
0.210747 9.9991E-05 0.789153
0.189289 9.9991E-05 0.810611
9.9991E-05 0.129909 0.869991
9.9991E-05 0.12852 0.87138
9.9991E-05 0.965599 0.0343013
9.999E-05 0.9998 9.999E-05
0.0970112 0.03996 0.863029
9.9991E-05 0.0372215 0.962679
0.0967871 9.99911E-05 0.903113
9.999E-05 9.999E-05 0.9998
0.0902402 9.9991E-05 0.90966
9.999E-05 9.999E-05 0.9998
0.0302294 0.0112035 0.958567
0.0731092 0.0173867 0.909504
9.999E-05 9.999E-05 0.9998
0.0313564 0.968544 9.9991E-05
9.999E-05 0.9998 9.999E-05
0.0316036 9.9991E-05 0.968296
0.101506 0.898394 9.9991E-05
0.127159 0.872741 9.9991E-05
0.296636 0.679895 0.0234687
0.316318 0.683582 9.9991E-05
0.690215 0.0709125 0.238872
9.999E-05 0.9998 9.999E-05
0.926895 0.0730055 9.9991E-05
9.9991E-05 0.130268 0.869632
9.9991E-05 0.988031 0.0118686
9.9991E-05 0.139518 0.860382
0.250243 0.00920298 0.740554
9.9991E-05 0.180497 0.819403
9.9991E-05 0.17184 0.82806
0.0565872 0.0930382 0.850375
0.085132 9.99909E-05 0.914768
0.136991 9.9991E-05 0.862909
0.120305 9.9991E-05 0.879595
0.0762884 9.9991E-05 0.923612
0.12836 0.0421952 0.829445
0.0999092 0.123212 0.776879
0.054875 9.99911E-05 0.945025
0.9998 9.999E-05 9.999E-05
0.9998 9.999E-05 9.999E-05
0.9998 9.999E-05 9.999E-05
0.9998 9.999E-05 9.999E-05
0.9998 9.999E-05 9.999E-05
0.639626 0.245125 0.115249
0.9998 9.999E-05 9.999E-05
0.0436853 9.9991E-05 0.956215
0.630106 0.102785 0.267109
9.999E-05 0.9998 9.999E-05
9.9991E-05 0.0482902 0.95161
0.0105148 0.132401 0.857085
0.0285997 0.0139145 0.957486
9.9991E-05 0.0249258 0.974974
9.999E-05 9.999E-05 0.9998
0.0209349 9.99913E-05 0.978965
9.999E-05 0.9998 9.999E-05
0.031533 0.443556 0.524911
0.00973885 0.990161 9.9991E-05
0.022206 0.977694 9.9991E-05
0.113113 0.886787 9.9991E-05
0.0930262 0.906874 9.9991E-05
0.0549355 0.936557 0.00850725
9.9991E-05 0.996465 0.0034346
0.554935 0.444965 9.99911E-05
0.435259 0.516187 0.0485542
0.0121211 0.987507 0.000372364
0.176675 0.0663428 0.756983
0.190229 0.0641465 0.745624
9.9991E-05 0.11813 0.88177
9.9991E-05 0.139818 0.860082
0.203759 9.99909E-05 0.796141
0.155546 9.99909E-05 0.844354
0.0268571 0.141269 0.831874
9.9991E-05 0.11439 0.88551
0.0622225 9.9991E-05 0.937678
0.097255 9.9991E-05 0.902645
0.668884 0.073767 0.257349
9.9991E-05 0.104767 0.895133
9.9991E-05 0.0360304 0.96387
0.360573 0.623289 0.0161385
