9.999E-05 0.9998 9.999E-05
0.534013 0.465887 9.9991E-05
0.892668 0.0643713 0.0429606
0.9998 9.999E-05 9.999E-05
0.688981 0.310919 9.9991E-05
0.9998 9.999E-05 9.999E-05
0.330938 0.668962 9.99911E-05
0.824356 0.175544 9.9991E-05
0.360736 0.639164 9.9991E-05
9.9991E-05 0.997712 0.00218781
0.032302 0.967598 9.9991E-05
0.0246201 0.97528 9.9991E-05
0.0369474 0.962953 9.99911E-05
0.976543 9.9991E-05 0.0233571
0.9998 9.999E-05 9.999E-05
0.0437984 0.956102 9.9991E-05
9.9991E-05 0.825753 0.174147
0.0359895 0.203111 0.7609
9.999E-05 9.999E-05 0.9998
9.999E-05 0.9998 9.999E-05
9.999E-05 9.999E-05 0.9998
0.000475995 0.999424 9.9991E-05
0.0773923 0.349751 0.572856
9.999E-05 9.999E-05 0.9998
0.9998 9.999E-05 9.999E-05
0.9998 9.999E-05 9.999E-05
9.999E-05 0.9998 9.999E-05
0.9998 9.999E-05 9.999E-05
0.9998 9.999E-05 9.999E-05
0.922633 0.0365377 0.0408289
0.960991 9.9991E-05 0.0389092
0.583663 0.416237 9.99911E-05
0.9998 9.999E-05 9.999E-05
0.814144 0.185756 9.9991E-05
0.0576739 0.942226 9.9991E-05
0.9998 9.999E-05 9.999E-05
0.0695549 0.930345 9.9991E-05
0.16218 0.799411 0.0384091
0.152018 0.669916 0.178065
0.104295 0.895605 9.9991E-05
0.0542396 0.94566 9.9991E-05
9.9991E-05 0.978497 0.0214031
0.00656166 0.993338 9.9991E-05
9.9991E-05 0.994986 0.00491391
9.9991E-05 0.808664 0.191236
0.104899 0.834451 0.0606501
0.151207 0.848693 9.9991E-05
9.99911E-05 0.995917 0.00398281
0.841891 0.108781 0.0493289
0.820383 0.133894 0.045723
0.814072 0.133639 0.0522893
0.810639 0.121808 0.0675528
0.859437 0.121353 0.01921
0.716357 0.214951 0.0686915
0.790548 0.209352 9.9991E-05
9.999E-05 0.9998 9.999E-05
0.573768 0.426132 9.9991E-05
0.9998 9.999E-05 9.999E-05
9.999E-05 0.9998 9.999E-05
0.0641726 0.935727 9.9991E-05
9.999E-05 0.9998 9.999E-05
9.999E-05 0.9998 9.999E-05
9.9991E-05 0.993692 0.00620815
0.0139832 0.080393 0.905624
0.9998 9.999E-05 9.999E-05
0.441784 0.501074 0.0571422
0.9998 9.999E-05 9.999E-05
0.9998 9.999E-05 9.999E-05
0.9998 9.999E-05 9.999E-05
0.9998 9.999E-05 9.999E-05
0.96836 0.0315397 9.9991E-05
0.9998 9.999E-05 9.999E-05
0.937605 0.0622947 9.99911E-05
0.867298 0.0984315 0.0342702
0.9998 9.999E-05 9.999E-05
0.138899 0.861001 9.9991E-05
0.156171 0.843729 9.9991E-05
0.0737077 0.661418 0.264875
0.081446 0.65437 0.264184
0.0816377 0.918262 9.9991E-05
0.030902 0.968998 9.9991E-05
0.118984 0.632839 0.248177
0.080554 0.645664 0.273782
9.999E-05 0.9998 9.999E-05
0.0535416 0.907035 0.039423
0.563622 0.436278 9.9991E-05
0.0871967 0.687399 0.225404
0.00774042 0.843071 0.149189
0.9055 9.9991E-05 0.0944002
