0.935348 9.9982E-05 9.9982E-05 0.0644525
0.43331 0.563491 9.9991E-05 0.00309844
9.999E-05 0.892272 0.045923 0.061705
9.9982E-05 0.962029 9.9982E-05 0.0377714
0.306271 0.693529 9.99821E-05 9.99821E-05
9.9982E-05 0.974869 9.9982E-05 0.0249308
0.696647 0.303153 9.99821E-05 9.99821E-05
0.142199 0.83204 9.9991E-05 0.0256602
0.666245 0.333555 9.99821E-05 9.99821E-05
0.830103 0.0334045 9.9991E-05 0.136392
0.821117 0.0251168 9.9991E-05 0.153666
0.79309 0.0106127 9.9991E-05 0.196198
0.935683 0.0553507 9.99911E-05 0.00886632
9.9982E-05 0.969412 9.9982E-05 0.0303885
9.9982E-05 0.983765 9.9982E-05 0.0160353
0.956267 0.0299656 9.9991E-05 0.0136679
0.487941 9.9991E-05 0.0967523 0.415206
0.239429 0.0239564 0.736514 9.9991E-05
9.9982E-05 9.9982E-05 0.91789 0.0819096
0.83017 9.9982E-05 9.9982E-05 0.16963
9.998E-05 9.998E-05 0.9997 9.998E-05
0.910521 9.9982E-05 9.9982E-05 0.0892786
0.123736 0.0580416 0.464206 0.354016
9.9982E-05 9.9982E-05 0.898042 0.101758
9.998E-05 0.9997 9.998E-05 9.998E-05
9.998E-05 0.9997 9.998E-05 9.998E-05
0.886233 9.9982E-05 9.9982E-05 0.113568
9.998E-05 0.9997 9.998E-05 9.998E-05
9.998E-05 0.9997 9.998E-05 9.998E-05
9.9991E-05 0.89665 0.0515013 0.0517487
9.9982E-05 0.94307 9.9982E-05 0.0567295
0.416709 0.583091 9.99821E-05 9.99821E-05
9.9982E-05 0.984697 9.9982E-05 0.015103
0.210723 0.789077 9.99821E-05 9.99821E-05
0.684942 0.0403433 9.9991E-05 0.274615
0.00325681 0.974688 9.9991E-05 0.0219548
0.851348 0.0473741 9.9991E-05 0.101178
0.731707 0.173535 0.0319793 0.0627792
0.332774 0.139725 0.073414 0.454087
0.777722 0.124839 9.9991E-05 0.0973391
0.829185 0.0568223 0.0102671 0.103725
0.861921 9.9991E-05 0.0306714 0.107308
0.96327 0.0365297 9.9982E-05 9.9982E-05
0.825292 9.9982E-05 9.9982E-05 0.174509
0.698367 9.9991E-05 0.132702 0.168831
0.704053 0.114236 0.059535 0.122176
0.655564 0.147537 9.9991E-05 0.196799
0.923767 9.99911E-05 0.0288696 0.0472637
0.136112 0.806198 0.0575896 9.9991E-05
0.124598 0.805453 0.0698493 9.9991E-05
0.153785 0.784426 0.0616885 9.9991E-05
0.0896702 0.845589 0.0646403 9.9991E-05
0.123683 0.833648 0.0425691 9.9991E-05
0.188052 0.752706 0.0591425 9.9991E-05
0.200281 0.78017 0.0194494 9.9991E-05
0.9997 9.998E-05 9.998E-05 9.998E-05
0.457983 0.541817 9.9982E-05 9.9982E-05
9.998E-05 0.9997 9.998E-05 9.998E-05
0.916479 9.99821E-05 9.99821E-05 0.0833212
0.919257 0.0580782 9.9991E-05 0.0225646
0.967297 9.99821E-05 0.0325033 9.99821E-05
0.981125 9.9982E-05 9.9982E-05 0.0186752
0.876497 9.9991E-05 0.020284 0.103119
0.0951492 9.99821E-05 0.904651 9.99821E-05
9.998E-05 0.9997 9.998E-05 9.998E-05
0.425886 0.471273 0.0902058 0.0126351
9.998E-05 0.9997 9.998E-05 9.998E-05
9.998E-05 0.9997 9.998E-05 9.998E-05
9.998E-05 0.9997 9.998E-05 9.998E-05
9.998E-05 0.9997 9.998E-05 9.998E-05
9.9982E-05 0.967342 9.9982E-05 0.0324585
9.998E-05 0.9997 9.998E-05 9.998E-05
0.0511898 0.94861 9.99821E-05 9.99821E-05
0.144079 0.8414 0.0144212 9.99911E-05
0.00287903 0.996921 9.9982E-05 9.9982E-05
0.801044 0.138058 9.9991E-05 0.060798
0.787412 0.143822 9.9991E-05 0.0686663
9.998E-05 9.998E-05 9.998E-05 0.9997
9.998E-05 9.998E-05 9.998E-05 0.9997
0.886874 0.0347399 9.9991E-05 0.0782858
0.910186 0.0271689 9.9991E-05 0.062545
9.998E-05 9.998E-05 9.998E-05 0.9997
9.998E-05 9.998E-05 9.998E-05 0.9997
0.9997 9.998E-05 9.998E-05 9.998E-05
0.903176 0.0357719 0.0597674 0.00128428
0.448273 0.551527 9.9982E-05 9.9982E-05
0.495139 0.0520555 0.139309 0.313497
0.544685 9.9991E-05 0.0913364 0.363878
9.9991E-05 0.925074 0.0466798 0.0281458
