9.98918E-05 0.908829 9.98918E-05 9.98918E-05 9.98918E-05 9.98918E-05 9.98918E-05 0.0887597 9.98918E-05 9.98918E-05 9.98918E-05 9.98918E-05 0.00121286 9.98918E-05 9.98918E-05
0.712099 9.98919E-05 9.98919E-05 0.0892287 9.98919E-05 0.197474 9.98919E-05 9.98919E-05 9.98919E-05 9.98919E-05 9.98919E-05 9.98919E-05 9.98919E-05 9.98919E-05 9.98919E-05
9.9874E-05 9.9874E-05 9.9874E-05 9.9874E-05 9.9874E-05 9.9874E-05 9.9874E-05 9.9874E-05 9.9874E-05 9.9874E-05 9.9874E-05 9.9874E-05 9.9874E-05 0.998602 9.9874E-05
9.99101E-05 9.99101E-05 9.99101E-05 0.930084 9.99101E-05 9.99101E-05 9.99101E-05 0.00767133 9.99101E-05 0.0143585 9.99101E-05 9.99101E-05 0.0160891 9.99101E-05 0.0307983
0.106331 9.99371E-05 9.99371E-05 0.238643 9.99371E-05 0.148623 9.99371E-05 9.99371E-05 0.152068 0.0529497 0.199012 9.99371E-05 9.99371E-05 0.0840593 0.0176144
9.99101E-05 9.99101E-05 9.99101E-05 0.911482 9.99101E-05 0.0340288 9.99101E-05 9.99101E-05 0.0172128 9.99101E-05 9.99101E-05 9.99101E-05 9.99101E-05 0.0226001 0.0136768
9.98741E-05 9.98741E-05 9.98741E-05 9.98741E-05 9.98741E-05 9.98741E-05 9.98741E-05 9.98741E-05 9.98741E-05 9.98741E-05 0.998602 9.98741E-05 9.98741E-05 9.98741E-05 9.98741E-05
0.116493 9.99279E-05 9.99279E-05 0.0386985 9.99279E-05 9.99279E-05 9.99279E-05 0.0720892 0.754836 0.00252292 0.00162568 9.99279E-05 0.0129348 9.99279E-05 9.99279E-05
0.0196091 9.98831E-05 9.98831E-05 9.98831E-05 9.98831E-05 9.98831E-05 9.98831E-05 9.98831E-05 9.98831E-05 9.98831E-05 0.979092 9.98831E-05 9.98831E-05 9.98831E-05 9.98831E-05
9.9883E-05 9.9883E-05 9.9883E-05 9.9883E-05 9.9883E-05 9.9883E-05 9.9883E-05 0.870879 9.9883E-05 9.9883E-05 0.127823 9.9883E-05 9.9883E-05 9.9883E-05 9.9883E-05
9.98831E-05 9.98831E-05 9.98831E-05 9.98831E-05 9.98831E-05 9.98831E-05 9.98831E-05 0.864609 9.98831E-05 9.98831E-05 0.134093 9.98831E-05 9.98831E-05 9.98831E-05 9.98831E-05
9.99268E-05 0.705806 9.99268E-05 0.00251008 9.99268E-05 0.00932481 9.99268E-05 9.99268E-05 9.99268E-05 9.99268E-05 9.99268E-05 0.142741 0.112203 0.0265164 9.99268E-05
9.98924E-05 9.98924E-05 9.98924E-05 9.98924E-05 9.98924E-05 9.98924E-05 9.98924E-05 9.98924E-05 0.0252383 9.98924E-05 0.0131053 0.960458 9.98924E-05 9.98924E-05 9.98924E-05
0.0130139 0.00113695 0.00468646 0.915086 9.99281E-05 0.0104523 9.99281E-05 9.99281E-05 9.99281E-05 9.99281E-05 9.99281E-05 9.99281E-05 9.99281E-05 0.00797767 0.0468473
9.99012E-05 9.99012E-05 0.00666011 0.928076 9.99012E-05 0.0582931 9.99012E-05 0.00587171 9.99012E-05 9.99012E-05 9.99012E-05 9.99012E-05 9.99012E-05 9.99012E-05 9.99012E-05
9.98921E-05 9.98921E-05 9.98921E-05 9.98921E-05 9.98921E-05 9.98921E-05 0.792598 0.0769812 9.98921E-05 9.98921E-05 9.98921E-05 0.129223 9.98921E-05 9.98921E-05 9.98921E-05
9.98828E-05 9.98828E-05 9.98828E-05 9.98828E-05 9.98828E-05 9.98828E-05 9.98828E-05 0.0768206 9.98828E-05 9.98828E-05 9.98828E-05 9.98828E-05 9.98828E-05 9.98828E-05 0.921881
0.0483925 9.99009E-05 0.774056 9.99009E-05 9.99009E-05 0.138091 9.99009E-05 0.0383623 9.99009E-05 9.99009E-05 9.99009E-05 9.99009E-05 9.99009E-05 9.99009E-05 9.99009E-05
9.98742E-05 9.98742E-05 9.98742E-05 9.98742E-05 0.998602 9.98742E-05 9.98742E-05 9.98742E-05 9.98742E-05 9.98742E-05 9.98742E-05 9.98742E-05 9.98742E-05 9.98742E-05 9.98742E-05
9.99099E-05 0.0805412 9.99099E-05 9.99099E-05 9.99099E-05 9.99099E-05 0.334903 0.509535 9.99099E-05 9.99099E-05 9.99099E-05 9.99099E-05 0.0440871 9.99099E-05 0.0299345
9.98741E-05 9.98741E-05 0.998602 9.98741E-05 9.98741E-05 9.98741E-05 9.98741E-05 9.98741E-05 9.98741E-05 9.98741E-05 9.98741E-05 9.98741E-05 9.98741E-05 9.98741E-05 9.98741E-05
9.99189E-05 0.388023 9.99189E-05 9.99189E-05 9.99189E-05 0.234886 0.226224 0.0632079 9.99189E-05 9.99189E-05 9.99189E-05 0.0256594 9.99189E-05 9.99189E-05 0.0611005
9.991E-05 9.991E-05 9.991E-05 9.991E-05 0.41242 9.991E-05 9.991E-05 0.187652 9.991E-05 0.0604165 9.991E-05 9.991E-05 0.073808 9.991E-05 0.264704
9.9874E-05 9.9874E-05 9.9874E-05 9.9874E-05 0.998602 9.9874E-05 9.9874E-05 9.9874E-05 9.9874E-05 9.9874E-05 9.9874E-05 9.9874E-05 9.9874E-05 9.9874E-05 9.9874E-05
9.99013E-05 9.99013E-05 9.99013E-05 0.965868 9.99013E-05 9.99013E-05 9.99013E-05 9.99013E-05 9.99013E-05 0.0299892 0.000774268 9.99013E-05 9.99013E-05 0.00226988 9.99013E-05
9.98745E-05 9.98745E-05 9.98745E-05 0.998602 9.98745E-05 9.98745E-05 9.98745E-05 9.98745E-05 9.98745E-05 9.98745E-05 9.98745E-05 9.98745E-05 9.98745E-05 9.98745E-05 9.98745E-05
9.99189E-05 0.0758919 9.99189E-05 9.99189E-05 9.99189E-05 9.99189E-05 0.00658732 0.0686864 9.99189E-05 9.99189E-05 9.99189E-05 0.801021 0.027036 9.99189E-05 0.0198778
9.98921E-05 9.98921E-05 9.98921E-05 0.911982 9.98921E-05 9.98921E-05 9.98921E-05 9.98921E-05 9.98921E-05 0.0792072 0.00761208 9.98921E-05 9.98921E-05 9.98921E-05 9.98921E-05
9.99011E-05 9.99011E-05 9.99011E-05 0.909881 9.99011E-05 9.99011E-05 0.0232511 9.99011E-05 9.99011E-05 0.0650171 0.000751637 9.99011E-05 9.99011E-05 9.99011E-05 9.99011E-05
0.0277215 9.99371E-05 0.0232323 0.521014 9.99371E-05 9.99371E-05 9.99371E-05 9.99371E-05 0.281711 0.112372 9.99371E-05 0.0103968 0.00396949 0.0188835 9.99371E-05
9.99099E-05 9.99099E-05 9.99099E-05 0.275965 9.99099E-05 9.99099E-05 9.99099E-05 9.99099E-05 0.657181 0.0255867 9.99099E-05 9.99099E-05 0.00794484 9.99099E-05 0.0323232
0.998602 9.98743E-05 9.98743E-05 9.98743E-05 9.98743E-05 9.98743E-05 9.98743E-05 9.98743E-05 9.98743E-05 9.98743E-05 9.98743E-05 9.98743E-05 9.98743E-05 9.98743E-05 9.98743E-05
9.98922E-05 9.98922E-05 9.98922E-05 0.80127 9.98922E-05 0.013255 9.98922E-05 9.98922E-05 0.184276 9.98922E-05 9.98922E-05 9.98922E-05 9.98922E-05 9.98922E-05 9.98922E-05
9.99012E-05 0.00521795 9.99012E-05 9.99012E-05 9.99012E-05 9.99012E-05 9.99012E-05 0.0132519 0.300021 0.680411 9.99012E-05 9.99012E-05 9.99012E-05 9.99012E-05 9.99012E-05
9.99187E-05 0.013374 9.99187E-05 9.99187E-05 9.99187E-05 9.99187E-05 9.99187E-05 0.0683299 0.0688246 9.99187E-05 9.99187E-05 0.519448 0.0971999 9.99187E-05 0.231925
9.99099E-05 9.99099E-05 9.99099E-05 0.907068 9.99099E-05 0.00420677 0.00956912 9.99099E-05 0.0763914 9.99099E-05 9.99099E-05 9.99099E-05 9.99099E-05 9.99099E-05 0.00176558
9.98921E-05 0.938779 9.98921E-05 9.98921E-05 9.98921E-05 9.98921E-05 9.98921E-05 9.98921E-05 0.0350111 9.98921E-05 9.98921E-05 9.98921E-05 9.98921E-05 9.98921E-05 0.0250113
0.235746 0.0331321 0.00523711 9.9919E-05 9.9919E-05 0.105701 9.9919E-05 0.597131 0.0221542 9.9919E-05 9.9919E-05 9.9919E-05 9.9919E-05 9.9919E-05 9.9919E-05
9.98739E-05 9.98739E-05 9.98739E-05 9.98739E-05 9.98739E-05 9.98739E-05 9.98739E-05 9.98739E-05 9.98739E-05 9.98739E-05 9.98739E-05 9.98739E-05 9.98739E-05 9.98739E-05 0.998602
9.9874E-05 9.9874E-05 9.9874E-05 9.9874E-05 9.9874E-05 0.998602 9.9874E-05 9.9874E-05 9.9874E-05 9.9874E-05 9.9874E-05 9.9874E-05 9.9874E-05 9.9874E-05 9.9874E-05
9.9874E-05 9.9874E-05 9.9874E-05 9.9874E-05 9.9874E-05 0.998602 9.9874E-05 9.9874E-05 9.9874E-05 9.9874E-05 9.9874E-05 9.9874E-05 9.9874E-05 9.9874E-05 9.9874E-05
9.991E-05 0.0177861 9.991E-05 9.991E-05 0.0143892 0.0504106 9.991E-05 0.906026 9.991E-05 9.991E-05 9.991E-05 9.991E-05 9.991E-05 9.991E-05 0.0103894
9.991E-05 0.0278849 9.991E-05 9.991E-05 0.0166783 9.991E-05 0.859105 9.991E-05 9.991E-05 9.991E-05 0.079855 0.0154776 9.991E-05 9.991E-05 9.991E-05
9.9883E-05 0.0191832 9.9883E-05 9.9883E-05 9.9883E-05 9.9883E-05 9.9883E-05 0.979518 9.9883E-05 9.9883E-05 9.9883E-05 9.9883E-05 9.9883E-05 9.9883E-05 9.9883E-05
0.0348426 0.0166067 9.9928E-05 9.9928E-05 0.123959 0.228664 9.9928E-05 0.377228 9.9928E-05 9.9928E-05 9.9928E-05 0.132793 0.085108 9.9928E-05 9.9928E-05
0.00314648 0.0896221 0.0322489 0.027909 9.9955E-05 0.220388 0.084753 0.45857 0.0428215 9.9955E-05 9.9955E-05 0.0225416 9.9955E-05 0.0175003 9.9955E-05
9.9946E-05 0.1782 9.9946E-05 0.0631664 9.9946E-05 9.9946E-05 9.9946E-05 0.306562 9.9946E-05 0.0274996 0.0411032 0.0942151 0.00954301 0.0251989 0.253912
9.98838E-05 0.976819 9.98838E-05 9.98838E-05 0.0218829 9.98838E-05 9.98838E-05 9.98838E-05 9.98838E-05 9.98838E-05 9.98838E-05 9.98838E-05 9.98838E-05 9.98838E-05 9.98838E-05
9.98741E-05 9.98741E-05 9.98741E-05 9.98741E-05 9.98741E-05 9.98741E-05 9.98741E-05 9.98741E-05 9.98741E-05 0.998602 9.98741E-05 9.98741E-05 9.98741E-05 9.98741E-05 9.98741E-05
0.00423887 9.99011E-05 9.99011E-05 9.99011E-05 9.99011E-05 9.99011E-05 9.99011E-05 0.0240443 9.99011E-05 0.967221 0.00339728 9.99011E-05 9.99011E-05 9.99011E-05 9.99011E-05
9.98832E-05 9.98832E-05 9.98832E-05 9.98832E-05 9.98832E-05 9.98832E-05 9.98832E-05 9.98832E-05 9.98832E-05 0.994409 9.98832E-05 9.98832E-05 0.00429209 9.98832E-05 9.98832E-05
9.98742E-05 9.98742E-05 9.98742E-05 9.98742E-05 9.98742E-05 9.98742E-05 9.98742E-05 9.98742E-05 9.98742E-05 0.998602 9.98742E-05 9.98742E-05 9.98742E-05 9.98742E-05 9.98742E-05
9.98742E-05 9.98742E-05 9.98742E-05 9.98742E-05 9.98742E-05 9.98742E-05 9.98742E-05 9.98742E-05 9.98742E-05 0.998602 9.98742E-05 9.98742E-05 9.98742E-05 9.98742E-05 9.98742E-05
0.0753373 9.99372E-05 9.99372E-05 0.0557143 0.0193351 9.99372E-05 0.122299 0.00910622 0.383942 0.328525 9.99372E-05 0.00504213 9.99372E-05 9.99372E-05 9.99372E-05
0.0750421 0.00443316 9.991E-05 9.991E-05 9.991E-05 9.991E-05 0.00979477 9.991E-05 9.991E-05 0.907474 9.991E-05 9.991E-05 0.00225687 9.991E-05 9.991E-05
9.98829E-05 0.806833 9.98829E-05 9.98829E-05 9.98829E-05 9.98829E-05 0.191869 9.98829E-05 9.98829E-05 9.98829E-05 9.98829E-05 9.98829E-05 9.98829E-05 9.98829E-05 9.98829E-05
0.914526 9.99099E-05 9.99099E-05 9.99099E-05 9.99099E-05 9.99099E-05 0.0249133 9.99099E-05 9.99099E-05 0.0188967 0.0222181 9.99099E-05 9.99099E-05 0.0184471 9.99099E-05
9.98919E-05 9.98919E-05 9.98919E-05 0.950881 9.98919E-05 0.0333119 9.98919E-05 9.98919E-05 9.98919E-05 9.98919E-05 9.98919E-05 9.98919E-05 9.98919E-05 9.98919E-05 0.0146086
9.99011E-05 9.99011E-05 9.99011E-05 9.99011E-05 9.99011E-05 0.0954351 0.0322446 9.99011E-05 9.99011E-05 9.99011E-05 9.99011E-05 0.852884 0.0183372 9.99011E-05 9.99011E-05
9.99013E-05 0.00392843 9.99013E-05 9.99013E-05 9.99013E-05 9.99013E-05 0.932211 9.99013E-05 9.99013E-05 9.99013E-05 9.99013E-05 0.0551246 9.99013E-05 0.00763752 9.99013E-05
9.98923E-05 9.98923E-05 9.98923E-05 9.98923E-05 9.98923E-05 9.98923E-05 9.98923E-05 9.98923E-05 9.98923E-05 9.98923E-05 0.0376577 0.958324 9.98923E-05 0.00281993 9.98923E-05
9.98829E-05 9.98829E-05 9.98829E-05 9.98829E-05 9.98829E-05 9.98829E-05 9.98829E-05 0.118211 9.98829E-05 9.98829E-05 9.98829E-05 0.88049 9.98829E-05 9.98829E-05 9.98829E-05
9.99099E-05 9.99099E-05 9.99099E-05 9.99099E-05 0.0180681 9.99099E-05 9.99099E-05 0.0820468 9.99099E-05 9.99099E-05 9.99099E-05 0.862624 0.0349338 9.99099E-05 0.00132814
9.98833E-05 0.0156566 0.983045 9.98833E-05 9.98833E-05 9.98833E-05 9.98833E-05 9.98833E-05 9.98833E-05 9.98833E-05 9.98833E-05 9.98833E-05 9.98833E-05 9.98833E-05 9.98833E-05
9.98925E-05 9.98925E-05 9.98925E-05 0.968126 9.98925E-05 9.98925E-05 9.98925E-05 9.98925E-05 9.98925E-05 9.98925E-05 9.98925E-05 9.98925E-05 0.00248508 0.0281899 9.98925E-05
9.996E-05 0.054543 9.996E-05 9.996E-05 0.0567443 0.170874 0.138966 9.996E-05 0.240961 0.0579038 0.0942849 0.0181864 0.0222829 0.0727375 0.072116
9.99013E-05 9.99013E-05 9.99013E-05 0.826822 9.99013E-05 9.99013E-05 0.0279857 9.99013E-05 9.99013E-05 0.00891111 9.99013E-05 9.99013E-05 9.99013E-05 0.135182 9.99013E-05
9.9928E-05 0.0117976 9.9928E-05 0.906408 9.9928E-05 0.0273031 9.9928E-05 9.9928E-05 0.0327629 0.00301026 9.9928E-05 9.9928E-05 9.9928E-05 0.00020554 0.0177134
9.991E-05 9.991E-05 9.991E-05 0.842849 9.991E-05 9.991E-05 0.059781 9.991E-05 0.0711646 0.0157195 0.00948697 9.991E-05 9.991E-05 9.991E-05 9.991E-05
0.0253769 9.99191E-05 9.99191E-05 0.884933 9.99191E-05 9.99191E-05 0.0394986 9.99191E-05 0.00913452 0.0290684 9.99191E-05 9.99191E-05 9.99191E-05 0.0110892 9.99191E-05
9.99101E-05 9.99101E-05 9.99101E-05 0.702224 9.99101E-05 0.111682 9.99101E-05 9.99101E-05 0.179609 9.99101E-05 9.99101E-05 9.99101E-05 0.00470162 9.99101E-05 0.00078476
9.9901E-05 9.9901E-05 9.9901E-05 0.937046 9.9901E-05 9.9901E-05 9.9901E-05 9.9901E-05 0.0124646 9.9901E-05 0.0106202 9.9901E-05 9.9901E-05 9.9901E-05 0.0387707
9.9883E-05 9.9883E-05 9.9883E-05 9.9883E-05 9.9883E-05 9.9883E-05 9.9883E-05 9.9883E-05 0.984918 0.0137839 9.9883E-05 9.9883E-05 9.9883E-05 9.9883E-05 9.9883E-05
9.98921E-05 9.98921E-05 9.98921E-05 9.98921E-05 9.98921E-05 9.98921E-05 9.98921E-05 9.98921E-05 0.95536 9.98921E-05 0.0148846 0.0285569 9.98921E-05 9.98921E-05 9.98921E-05
9.99102E-05 9.99102E-05 9.99102E-05 0.934817 9.99102E-05 9.99102E-05 0.00952497 9.99102E-05 9.99102E-05 0.0258963 9.99102E-05 9.99102E-05 0.0188641 0.00989824 9.99102E-05
9.9883E-05 9.9883E-05 9.9883E-05 9.9883E-05 9.9883E-05 9.9883E-05 0.970814 9.9883E-05 9.9883E-05 0.0278874 9.9883E-05 9.9883E-05 9.9883E-05 9.9883E-05 9.9883E-05
9.9892E-05 9.9892E-05 9.9892E-05 9.9892E-05 9.9892E-05 9.9892E-05 0.986521 9.9892E-05 9.9892E-05 0.00860762 9.9892E-05 9.9892E-05 0.00367314 9.9892E-05 9.9892E-05
9.98742E-05 9.98742E-05 9.98742E-05 9.98742E-05 9.98742E-05 9.98742E-05 9.98742E-05 9.98742E-05 9.98742E-05 9.98742E-05 9.98742E-05 9.98742E-05 0.998602 9.98742E-05 9.98742E-05
0.00365348 9.98922E-05 9.98922E-05 9.98922E-05 9.98922E-05 9.98922E-05 9.98922E-05 9.98922E-05 9.98922E-05 9.98922E-05 9.98922E-05 9.98922E-05 0.992598 0.00255014 9.98922E-05
0.0694804 9.99008E-05 9.99008E-05 9.99008E-05 9.99008E-05 0.121459 0.0613015 0.74666 9.99008E-05 9.99008E-05 9.99008E-05 9.99008E-05 9.99008E-05 9.99008E-05 9.99008E-05
0.0265883 9.991E-05 9.991E-05 9.991E-05 9.991E-05 0.125581 0.0857835 0.720957 9.991E-05 9.991E-05 9.991E-05 0.0400915 9.991E-05 9.991E-05 9.991E-05
9.98922E-05 9.98922E-05 9.98922E-05 9.98922E-05 9.98922E-05 9.98922E-05 0.000982995 9.98922E-05 9.98922E-05 9.98922E-05 9.98922E-05 9.98922E-05 0.954036 9.98922E-05 0.0437825
9.98832E-05 9.98832E-05 9.98832E-05 9.98832E-05 9.98832E-05 0.00205624 9.98832E-05 9.98832E-05 9.98832E-05 9.98832E-05 9.98832E-05 9.98832E-05 0.996645 9.98832E-05 9.98832E-05
9.99009E-05 0.92381 9.99009E-05 9.99009E-05 9.99009E-05 9.99009E-05 0.0438838 9.99009E-05 9.99009E-05 9.99009E-05 0.000117354 0.0310895 9.99009E-05 9.99009E-05 9.99009E-05
9.99099E-05 9.99099E-05 9.99099E-05 9.99099E-05 0.0224937 0.650863 0.0963885 9.99099E-05 9.99099E-05 9.99099E-05 0.091329 0.137927 9.99099E-05 9.99099E-05 9.99099E-05
0.883655 9.9892E-05 9.9892E-05 9.9892E-05 9.9892E-05 9.9892E-05 9.9892E-05 9.9892E-05 9.9892E-05 0.0505554 0.064591 9.9892E-05 9.9892E-05 9.9892E-05 9.9892E-05
9.99193E-05 9.99193E-05 9.99193E-05 0.0365501 0.162576 9.99193E-05 9.99193E-05 0.265813 9.99193E-05 9.99193E-05 9.99193E-05 0.174671 0.0549267 9.99193E-05 0.304563
9.99191E-05 0.154053 9.99191E-05 9.99191E-05 0.0418902 0.00197022 9.99191E-05 9.99191E-05 9.99191E-05 9.99191E-05 9.99191E-05 0.233562 0.156722 9.99191E-05 0.410903
9.99101E-05 9.99101E-05 0.0354933 0.200002 9.99101E-05 9.99101E-05 9.99101E-05 9.99101E-05 0.719791 0.0040941 9.99101E-05 9.99101E-05 0.0396206 9.99101E-05 9.99101E-05
