9.98828E-05 9.98828E-05 9.98828E-05 9.98828E-05 9.98828E-05 9.98828E-05 9.98828E-05 9.98828E-05 9.98828E-05 0.0311108 9.98828E-05 9.98828E-05 9.98828E-05 9.98828E-05 0.967591
9.99099E-05 9.99099E-05 0.0987416 9.99099E-05 9.99099E-05 9.99099E-05 9.99099E-05 0.00732558 9.99099E-05 9.99099E-05 9.99099E-05 0.00371419 0.134793 0.754426 9.99099E-05
9.99287E-05 0.0149558 0.545891 9.99287E-05 0.235863 9.99287E-05 0.110162 9.99287E-05 0.00407198 9.99287E-05 9.99287E-05 0.0633004 9.99287E-05 0.0249562 9.99287E-05
9.99011E-05 9.99011E-05 0.934956 9.99011E-05 0.017924 9.99011E-05 9.99011E-05 9.99011E-05 0.0284053 9.99011E-05 9.99011E-05 9.99011E-05 0.0176156 9.99011E-05 9.99011E-05
0.0692889 9.99371E-05 0.222848 0.183636 0.254681 9.99371E-05 9.99371E-05 9.99371E-05 9.99371E-05 0.0756546 9.99371E-05 9.99371E-05 0.0602922 0.0858861 0.0470144
9.99101E-05 9.99101E-05 0.915527 9.99101E-05 0.0485825 0.0077413 9.99101E-05 9.99101E-05 9.99101E-05 9.99101E-05 0.0137018 9.99101E-05 0.0134489 9.99101E-05 9.99101E-05
9.98741E-05 9.98741E-05 9.98741E-05 0.998602 9.98741E-05 9.98741E-05 9.98741E-05 9.98741E-05 9.98741E-05 9.98741E-05 9.98741E-05 9.98741E-05 9.98741E-05 9.98741E-05 9.98741E-05
0.0700788 9.99279E-05 0.0419602 9.99279E-05 0.294938 9.99279E-05 9.99279E-05 9.99279E-05 0.00826667 0.0746048 9.99279E-05 0.41182 9.99279E-05 0.0975322 9.99279E-05
0.0019014 9.9892E-05 9.9892E-05 0.933825 9.9892E-05 9.9892E-05 9.9892E-05 9.9892E-05 9.9892E-05 9.9892E-05 9.9892E-05 9.9892E-05 9.9892E-05 0.0630749 9.9892E-05
9.98831E-05 9.98831E-05 9.98831E-05 0.145991 9.98831E-05 9.98831E-05 9.98831E-05 9.98831E-05 9.98831E-05 0.852711 9.98831E-05 9.98831E-05 9.98831E-05 9.98831E-05 9.98831E-05
9.98831E-05 9.98831E-05 9.98831E-05 0.147055 9.98831E-05 9.98831E-05 9.98831E-05 9.98831E-05 9.98831E-05 0.851646 9.98831E-05 9.98831E-05 9.98831E-05 9.98831E-05 9.98831E-05
9.9919E-05 9.9919E-05 0.0201208 0.023285 9.9919E-05 9.9919E-05 0.141269 9.9919E-05 0.140665 9.9919E-05 0.00330887 9.9919E-05 9.9919E-05 9.9919E-05 0.670452
9.98833E-05 9.98833E-05 9.98833E-05 9.98833E-05 9.98833E-05 9.98833E-05 0.951024 9.98833E-05 9.98833E-05 9.98833E-05 9.98833E-05 0.0476778 9.98833E-05 9.98833E-05 9.98833E-05
9.99102E-05 9.99102E-05 0.927248 9.99102E-05 9.99102E-05 9.99102E-05 9.99102E-05 9.99102E-05 9.99102E-05 9.99102E-05 0.0276138 9.99102E-05 0.0168874 0.0256733 0.00157841
9.99011E-05 0.00485407 0.934537 9.99011E-05 9.99011E-05 9.99011E-05 9.99011E-05 9.99011E-05 9.99011E-05 0.0179599 9.99011E-05 9.99011E-05 9.99011E-05 9.99011E-05 0.0415502
9.9892E-05 9.9892E-05 9.9892E-05 9.9892E-05 9.9892E-05 9.9892E-05 0.115574 0.768219 9.9892E-05 9.9892E-05 0.115009 9.9892E-05 9.9892E-05 9.9892E-05 9.9892E-05
9.9883E-05 9.9883E-05 9.9883E-05 9.9883E-05 9.9883E-05 9.9883E-05 9.9883E-05 9.9883E-05 9.9883E-05 0.0682404 9.9883E-05 9.9883E-05 0.930461 9.9883E-05 9.9883E-05
0.0231114 0.704249 9.99188E-05 9.99188E-05 9.99188E-05 9.99188E-05 9.99188E-05 0.0146046 9.99188E-05 0.13723 9.99188E-05 9.99188E-05 9.99188E-05 0.0468069 0.0730988
9.98922E-05 0.793484 9.98922E-05 9.98922E-05 9.98922E-05 0.160075 9.98922E-05 9.98922E-05 0.0452425 9.98922E-05 9.98922E-05 9.98922E-05 9.98922E-05 9.98922E-05 9.98922E-05
9.99099E-05 9.99099E-05 9.99099E-05 9.99099E-05 9.99099E-05 9.99099E-05 9.99099E-05 0.332934 0.00745611 0.447074 0.160449 9.99099E-05 9.99099E-05 9.99099E-05 0.0510883
9.98831E-05 0.959594 9.98831E-05 9.98831E-05 9.98831E-05 0.0391073 9.98831E-05 9.98831E-05 9.98831E-05 9.98831E-05 9.98831E-05 9.98831E-05 9.98831E-05 9.98831E-05 9.98831E-05
9.99369E-05 9.99369E-05 9.99369E-05 9.99369E-05 9.99369E-05 0.000925967 0.0553615 0.281581 9.99369E-05 0.0340506 0.00927595 9.99369E-05 0.0676568 0.0242242 0.526225
9.9919E-05 0.418854 9.9919E-05 9.9919E-05 0.0145294 9.9919E-05 9.9919E-05 9.9919E-05 0.148634 0.154921 0.00735956 9.9919E-05 0.254802 9.9919E-05 9.9919E-05
9.98919E-05 0.878102 9.98919E-05 9.98919E-05 9.98919E-05 9.98919E-05 9.98919E-05 9.98919E-05 9.98919E-05 0.00299878 0.117701 9.98919E-05 9.98919E-05 9.98919E-05 9.98919E-05
0.0032877 9.98923E-05 0.942652 9.98923E-05 9.98923E-05 9.98923E-05 9.98923E-05 9.98923E-05 9.98923E-05 9.98923E-05 9.98923E-05 0.0528621 9.98923E-05 9.98923E-05 9.98923E-05
9.98743E-05 9.98743E-05 0.998602 9.98743E-05 9.98743E-05 9.98743E-05 9.98743E-05 9.98743E-05 9.98743E-05 9.98743E-05 9.98743E-05 9.98743E-05 9.98743E-05 9.98743E-05 9.98743E-05
9.99098E-05 9.99098E-05 9.99098E-05 9.99098E-05 9.99098E-05 9.99098E-05 0.815119 9.99098E-05 0.0379248 0.0391287 9.99098E-05 9.99098E-05 0.0258627 9.99098E-05 0.0809656
0.0320819 9.9901E-05 0.895121 0.0155877 0.0561104 9.9901E-05 9.9901E-05 9.9901E-05 9.9901E-05 9.9901E-05 9.9901E-05 9.9901E-05 9.9901E-05 9.9901E-05 9.9901E-05
0.0576134 9.99191E-05 0.908148 0.0024071 0.0066779 9.99191E-05 9.99191E-05 0.016007 9.99191E-05 9.99191E-05 9.99191E-05 0.0082476 9.99191E-05 9.99191E-05 9.99191E-05
0.0939723 9.99102E-05 0.319097 9.99102E-05 0.562915 0.00166376 9.99102E-05 9.99102E-05 9.99102E-05 9.99102E-05 9.99102E-05 9.99102E-05 9.99102E-05 9.99102E-05 0.0213531
9.98827E-05 9.98827E-05 0.0602766 9.98827E-05 0.938425 9.98827E-05 9.98827E-05 9.98827E-05 9.98827E-05 9.98827E-05 9.98827E-05 9.98827E-05 9.98827E-05 9.98827E-05 9.98827E-05
9.98744E-05 9.98744E-05 9.98744E-05 9.98744E-05 9.98744E-05 9.98744E-05 9.98744E-05 9.98744E-05 9.98744E-05 9.98744E-05 9.98744E-05 9.98744E-05 9.98744E-05 0.998602 9.98744E-05
9.98922E-05 9.98922E-05 0.799097 9.98922E-05 9.98922E-05 9.98922E-05 9.98922E-05 9.98922E-05 9.98922E-05 9.98922E-05 9.98922E-05 0.19309 0.00661437 9.98922E-05 9.98922E-05
0.73533 9.99103E-05 9.99103E-05 9.99103E-05 0.021946 9.99103E-05 9.99103E-05 9.99103E-05 0.00249358 9.99103E-05 9.99103E-05 0.212464 9.99103E-05 0.0267669 9.99103E-05
9.99187E-05 9.99187E-05 9.99187E-05 9.99187E-05 0.0482455 9.99187E-05 0.55447 9.99187E-05 0.09491 9.99187E-05 0.0524945 9.99187E-05 0.222256 9.99187E-05 0.0267246
9.99189E-05 9.99189E-05 0.918661 9.99189E-05 0.0314085 9.99189E-05 9.99189E-05 9.99189E-05 0.00459836 9.99189E-05 0.0267818 0.0133939 0.00425739 9.99189E-05 9.99189E-05
9.98921E-05 9.98921E-05 9.98921E-05 9.98921E-05 9.98921E-05 9.98921E-05 9.98921E-05 9.98921E-05 9.98921E-05 9.98921E-05 9.98921E-05 0.0203945 0.0137502 9.98921E-05 0.964657
9.99101E-05 9.99101E-05 9.99101E-05 9.99101E-05 9.99101E-05 0.0108183 9.99101E-05 9.99101E-05 9.99101E-05 0.588753 9.99101E-05 0.0638619 0.0718337 0.127898 0.135936
9.9874E-05 9.9874E-05 9.9874E-05 9.9874E-05 9.9874E-05 9.9874E-05 9.9874E-05 9.9874E-05 9.9874E-05 9.9874E-05 9.9874E-05 9.9874E-05 0.998602 9.9874E-05 9.9874E-05
9.99098E-05 9.99098E-05 0.0904735 9.99098E-05 9.99098E-05 9.99098E-05 9.99098E-05 0.265555 9.99098E-05 0.256242 9.99098E-05 9.99098E-05 0.180909 9.99098E-05 0.205822
9.99188E-05 9.99188E-05 0.0249498 9.99188E-05 9.99188E-05 9.99188E-05 9.99188E-05 0.257209 9.99188E-05 0.262401 9.99188E-05 9.99188E-05 0.159878 0.0431013 0.251561
9.991E-05 9.991E-05 9.991E-05 9.991E-05 9.991E-05 9.991E-05 9.991E-05 0.00992493 9.991E-05 0.924857 0.0166604 9.991E-05 0.00283132 9.991E-05 0.0447276
9.991E-05 0.0114805 9.991E-05 0.0677477 9.991E-05 9.991E-05 0.030036 0.87256 9.991E-05 9.991E-05 9.991E-05 9.991E-05 9.991E-05 9.991E-05 0.0171767
9.9892E-05 9.9892E-05 9.9892E-05 9.9892E-05 0.0295296 9.9892E-05 9.9892E-05 9.9892E-05 9.9892E-05 0.883038 0.0862338 9.9892E-05 9.9892E-05 9.9892E-05 9.9892E-05
9.99368E-05 0.108268 9.99368E-05 9.99368E-05 9.99368E-05 9.99368E-05 0.0791943 0.0856967 0.0497297 0.347962 0.26445 9.99368E-05 9.99368E-05 0.051578 0.0124215
9.99369E-05 9.99369E-05 0.0540099 9.99369E-05 9.99369E-05 0.0530594 9.99369E-05 0.177998 9.99369E-05 0.418628 0.205931 0.0116738 9.99369E-05 0.0176834 0.0603178
0.0582162 9.99459E-05 0.0315451 0.0336154 0.0691112 9.99459E-05 0.0192736 9.99459E-05 9.99459E-05 0.188179 0.328154 9.99459E-05 0.0906282 9.99459E-05 0.180677
9.98927E-05 0.00770566 9.98927E-05 9.98927E-05 9.98927E-05 0.00745587 9.98927E-05 9.98927E-05 9.98927E-05 9.98927E-05 9.98927E-05 9.98927E-05 9.98927E-05 9.98927E-05 0.98364
0.998602 9.98741E-05 9.98741E-05 9.98741E-05 9.98741E-05 9.98741E-05 9.98741E-05 9.98741E-05 9.98741E-05 9.98741E-05 9.98741E-05 9.98741E-05 9.98741E-05 9.98741E-05 9.98741E-05
0.997046 0.00165543 9.98832E-05 9.98832E-05 9.98832E-05 9.98832E-05 9.98832E-05 9.98832E-05 9.98832E-05 9.98832E-05 9.98832E-05 9.98832E-05 9.98832E-05 9.98832E-05 9.98832E-05
0.981326 9.98921E-05 9.98921E-05 9.98921E-05 9.98921E-05 0.00539774 9.98921E-05 9.98921E-05 9.98921E-05 9.98921E-05 0.0120774 9.98921E-05 9.98921E-05 9.98921E-05 9.98921E-05
0.998602 9.98742E-05 9.98742E-05 9.98742E-05 9.98742E-05 9.98742E-05 9.98742E-05 9.98742E-05 9.98742E-05 9.98742E-05 9.98742E-05 9.98742E-05 9.98742E-05 9.98742E-05 9.98742E-05
0.997212 9.98831E-05 9.98831E-05 9.98831E-05 0.00148929 9.98831E-05 9.98831E-05 9.98831E-05 9.98831E-05 9.98831E-05 9.98831E-05 9.98831E-05 9.98831E-05 9.98831E-05 9.98831E-05
0.327594 0.0112554 9.99282E-05 0.0358955 0.391976 9.99282E-05 9.99282E-05 0.110503 9.99282E-05 9.99282E-05 9.99282E-05 0.120302 9.99282E-05 0.00167419 9.99282E-05
0.923005 9.99011E-05 9.99011E-05 9.99011E-05 9.99011E-05 9.99011E-05 9.99011E-05 0.00394231 9.99011E-05 9.99011E-05 9.99011E-05 9.99011E-05 9.99011E-05 0.064436 0.00751769
9.98919E-05 9.98919E-05 9.98919E-05 9.98919E-05 9.98919E-05 9.98919E-05 9.98919E-05 0.125191 9.98919E-05 9.98919E-05 0.0475974 9.98919E-05 9.98919E-05 9.98919E-05 0.826013
0.0634244 9.99099E-05 9.99099E-05 0.0183594 0.00988509 9.99099E-05 0.0144917 9.99099E-05 9.99099E-05 9.99099E-05 9.99099E-05 9.99099E-05 9.99099E-05 0.89284 9.99099E-05
9.98919E-05 9.98919E-05 0.97208 9.98919E-05 9.98919E-05 9.98919E-05 9.98919E-05 9.98919E-05 9.98919E-05 9.98919E-05 0.0152019 9.98919E-05 0.011519 9.98919E-05 9.98919E-05
0.018105 9.99101E-05 9.99101E-05 0.0344187 9.99101E-05 9.99101E-05 0.842557 0.0886363 0.0152839 9.99101E-05 9.99101E-05 9.99101E-05 9.99101E-05 9.99101E-05 9.99101E-05
9.98923E-05 9.98923E-05 9.98923E-05 9.98923E-05 9.98923E-05 9.98923E-05 0.00272524 0.920296 9.98923E-05 9.98923E-05 0.0757805 9.98923E-05 9.98923E-05 9.98923E-05 9.98923E-05
9.98924E-05 9.98924E-05 9.98924E-05 0.0132876 9.98924E-05 9.98924E-05 0.957112 9.98924E-05 9.98924E-05 9.98924E-05 9.98924E-05 0.0284013 9.98924E-05 9.98924E-05 9.98924E-05
9.98829E-05 9.98829E-05 9.98829E-05 9.98829E-05 9.98829E-05 9.98829E-05 0.891529 9.98829E-05 9.98829E-05 0.107173 9.98829E-05 9.98829E-05 9.98829E-05 9.98829E-05 9.98829E-05
9.99009E-05 9.99009E-05 9.99009E-05 9.99009E-05 9.99009E-05 9.99009E-05 0.817235 9.99009E-05 0.0471679 0.0944148 0.0400834 9.99009E-05 9.99009E-05 9.99009E-05 9.99009E-05
9.98741E-05 9.98741E-05 9.98741E-05 9.98741E-05 9.98741E-05 0.998602 9.98741E-05 9.98741E-05 9.98741E-05 9.98741E-05 9.98741E-05 9.98741E-05 9.98741E-05 9.98741E-05 9.98741E-05
9.99015E-05 9.99015E-05 0.958399 0.00270571 0.0364955 9.99015E-05 9.99015E-05 9.99015E-05 0.00130066 9.99015E-05 9.99015E-05 9.99015E-05 9.99015E-05 9.99015E-05 9.99015E-05
0.00179278 0.116107 0.227375 0.00306561 9.99641E-05 9.99641E-05 0.0837926 0.0121414 0.000696517 0.188891 9.99641E-05 0.170839 9.99641E-05 0.0253091 0.16959
9.98925E-05 9.98925E-05 0.872346 9.98925E-05 9.98925E-05 9.98925E-05 9.98925E-05 0.0351805 9.98925E-05 9.98925E-05 9.98925E-05 0.0912743 9.98925E-05 9.98925E-05 9.98925E-05
0.00457926 9.99101E-05 0.92794 0.0281996 0.00503984 9.99101E-05 9.99101E-05 9.99101E-05 9.99101E-05 9.99101E-05 9.99101E-05 9.99101E-05 0.0332427 9.99101E-05 9.99101E-05
0.0520331 9.9919E-05 0.806559 0.00221811 0.00627883 9.9919E-05 9.9919E-05 0.0325464 9.9919E-05 9.9919E-05 9.9919E-05 0.0994648 9.9919E-05 9.9919E-05 9.9919E-05
0.0205594 0.000889461 0.865799 0.0080023 9.9928E-05 9.9928E-05 9.9928E-05 0.0231318 9.9928E-05 9.9928E-05 9.9928E-05 0.0521099 9.9928E-05 0.0287093 9.9928E-05
9.99191E-05 9.99191E-05 0.671805 0.00213242 0.264132 9.99191E-05 9.99191E-05 9.99191E-05 0.0250839 0.0170882 9.99191E-05 9.99191E-05 9.99191E-05 9.99191E-05 0.0188598
9.9901E-05 9.9901E-05 0.946471 9.9901E-05 9.9901E-05 9.9901E-05 9.9901E-05 9.9901E-05 9.9901E-05 9.9901E-05 0.00163118 0.0238505 0.0269487 9.9901E-05 9.9901E-05
0.0317907 9.98955E-05 9.98955E-05 9.98955E-05 0.00952774 9.98955E-05 9.98955E-05 9.98955E-05 9.98955E-05 9.98955E-05 9.98955E-05 0.957483 9.98955E-05 9.98955E-05 9.98955E-05
9.9883E-05 9.9883E-05 9.9883E-05 9.9883E-05 9.9883E-05 9.9883E-05 0.004309 9.9883E-05 9.9883E-05 9.9883E-05 9.9883E-05 0.994393 9.9883E-05 9.9883E-05 9.9883E-05
0.0280987 9.99101E-05 0.927888 9.99101E-05 9.99101E-05 9.99101E-05 9.99101E-05 0.00140205 0.00992537 0.0316864 9.99101E-05 9.99101E-05 9.99101E-05 9.99101E-05 9.99101E-05
9.9919E-05 9.9919E-05 0.00967812 9.9919E-05 0.00161611 9.9919E-05 9.9919E-05 0.946234 0.0165379 9.9919E-05 9.9919E-05 0.0114213 0.0136133 9.9919E-05 9.9919E-05
0.0207699 9.9892E-05 9.9892E-05 9.9892E-05 9.9892E-05 9.9892E-05 9.9892E-05 0.976421 9.9892E-05 9.9892E-05 9.9892E-05 0.00161024 9.9892E-05 9.9892E-05 9.9892E-05
9.98742E-05 9.98742E-05 9.98742E-05 9.98742E-05 9.98742E-05 9.98742E-05 9.98742E-05 9.98742E-05 0.998602 9.98742E-05 9.98742E-05 9.98742E-05 9.98742E-05 9.98742E-05 9.98742E-05
9.98743E-05 9.98743E-05 9.98743E-05 9.98743E-05 9.98743E-05 9.98743E-05 9.98743E-05 9.98743E-05 0.998602 9.98743E-05 9.98743E-05 9.98743E-05 9.98743E-05 9.98743E-05 9.98743E-05
9.99189E-05 9.99189E-05 0.00111133 9.99189E-05 9.99189E-05 9.99189E-05 0.0702949 0.0546149 9.99189E-05 0.822339 9.99189E-05 0.00341412 9.99189E-05 0.047326 9.99189E-05
9.9901E-05 9.9901E-05 9.9901E-05 9.9901E-05 9.9901E-05 9.9901E-05 0.0471855 0.107541 9.9901E-05 0.813392 9.9901E-05 9.9901E-05 9.9901E-05 0.0307828 9.9901E-05
9.98832E-05 9.98832E-05 9.98832E-05 9.98832E-05 9.98832E-05 9.98832E-05 9.98832E-05 9.98832E-05 0.978965 9.98832E-05 9.98832E-05 0.0197361 9.98832E-05 9.98832E-05 9.98832E-05
9.98832E-05 9.98832E-05 9.98832E-05 9.98832E-05 9.98832E-05 9.98832E-05 9.98832E-05 9.98832E-05 0.998566 9.98832E-05 9.98832E-05 9.98832E-05 9.98832E-05 9.98832E-05 0.000135637
0.0098606 9.99099E-05 9.99099E-05 0.00447202 9.99099E-05 9.99099E-05 0.068214 9.99099E-05 9.99099E-05 9.99099E-05 9.99099E-05 9.99099E-05 9.99099E-05 0.00385181 0.912602
9.9928E-05 0.0655051 9.9928E-05 0.096898 9.9928E-05 9.9928E-05 0.132133 0.499375 9.9928E-05 0.179003 0.00536798 9.9928E-05 9.9928E-05 9.9928E-05 0.0209186
0.0393958 9.9892E-05 9.9892E-05 0.0569397 9.9892E-05 9.9892E-05 9.9892E-05 9.9892E-05 9.9892E-05 9.9892E-05 9.9892E-05 9.9892E-05 9.9892E-05 0.902466 9.9892E-05
9.9874E-05 9.9874E-05 9.9874E-05 9.9874E-05 9.9874E-05 9.9874E-05 9.9874E-05 9.9874E-05 9.9874E-05 9.9874E-05 0.998602 9.9874E-05 9.9874E-05 9.9874E-05 9.9874E-05
9.99101E-05 9.99101E-05 9.99101E-05 9.99101E-05 9.99101E-05 9.99101E-05 0.0412501 0.00704665 9.99101E-05 9.99101E-05 0.850067 9.99101E-05 0.0615813 9.99101E-05 0.0390554
9.98739E-05 9.98739E-05 9.98739E-05 9.98739E-05 0.998602 9.98739E-05 9.98739E-05 9.98739E-05 9.98739E-05 9.98739E-05 9.98739E-05 9.98739E-05 9.98739E-05 9.98739E-05 9.98739E-05
