0.0482722 9.99099E-05 9.99099E-05 9.99099E-05 9.99099E-05 9.99099E-05 0.929758 9.99099E-05 9.99099E-05 9.99099E-05 9.99099E-05 0.0169944 0.00397616 9.99099E-05
9.99098E-05 9.99098E-05 9.99098E-05 0.179614 9.99098E-05 9.99098E-05 0.105684 9.99098E-05 9.99098E-05 9.99098E-05 9.99098E-05 9.99098E-05 0.086208 0.627494
9.99375E-05 9.99375E-05 0.0225259 0.488566 0.0561905 9.99375E-05 9.99375E-05 0.16261 0.165755 9.99375E-05 9.99375E-05 0.0915932 9.99375E-05 0.0120606
9.9919E-05 9.9919E-05 9.9919E-05 0.906788 9.9919E-05 0.0112637 9.9919E-05 0.0106956 0.0468413 9.9919E-05 9.9919E-05 0.0235117 9.9919E-05 9.9919E-05
0.157383 9.99282E-05 9.99282E-05 0.342284 9.99282E-05 9.99282E-05 9.99282E-05 0.12004 9.99282E-05 0.0568878 0.0556726 9.99282E-05 9.99282E-05 0.266933
9.9901E-05 0.000838682 9.9901E-05 0.992293 9.9901E-05 9.9901E-05 9.9901E-05 9.9901E-05 9.9901E-05 9.9901E-05 9.9901E-05 0.00576905 9.9901E-05 9.9901E-05
9.99103E-05 9.99103E-05 9.99103E-05 9.99103E-05 0.34098 0.0429784 9.99103E-05 0.01844 9.99103E-05 9.99103E-05 9.99103E-05 9.99103E-05 9.99103E-05 0.596603
0.0907689 9.99368E-05 9.99368E-05 0.0158637 9.99368E-05 9.99368E-05 9.99368E-05 0.647564 0.0349509 9.99368E-05 0.0924286 0.0404206 9.99368E-05 0.0773037
9.99012E-05 9.99012E-05 9.99012E-05 9.99012E-05 0.193845 0.0987827 9.99012E-05 9.99012E-05 9.99012E-05 9.99012E-05 9.99012E-05 9.99012E-05 9.99012E-05 0.706274
0.998702 9.98833E-05 9.98833E-05 9.98833E-05 9.98833E-05 9.98833E-05 9.98833E-05 9.98833E-05 9.98833E-05 9.98833E-05 9.98833E-05 9.98833E-05 9.98833E-05 9.98833E-05
0.998702 9.98834E-05 9.98834E-05 9.98834E-05 9.98834E-05 9.98834E-05 9.98834E-05 9.98834E-05 9.98834E-05 9.98834E-05 9.98834E-05 9.98834E-05 9.98834E-05 9.98834E-05
9.9928E-05 9.9928E-05 9.9928E-05 9.9928E-05 0.134925 9.9928E-05 0.661205 9.9928E-05 0.020492 0.0312372 9.9928E-05 0.139559 0.0117827 9.9928E-05
9.99102E-05 9.99102E-05 9.99102E-05 9.99102E-05 0.932635 9.99102E-05 9.99102E-05 0.00983145 0.000553241 0.0559808 9.99102E-05 9.99102E-05 9.99102E-05 9.99102E-05
9.9919E-05 9.9919E-05 0.0260778 0.939817 0.0110336 9.9919E-05 9.9919E-05 9.9919E-05 9.9919E-05 9.9919E-05 0.0088622 9.9919E-05 9.9919E-05 0.0133101
9.99011E-05 0.00511082 9.99011E-05 0.965451 9.99011E-05 9.99011E-05 0.0283398 9.99011E-05 9.99011E-05 9.99011E-05 9.99011E-05 9.99011E-05 9.99011E-05 9.99011E-05
0.00934604 9.991E-05 9.991E-05 9.991E-05 0.0990466 0.766471 9.991E-05 9.991E-05 9.991E-05 0.124137 9.991E-05 9.991E-05 9.991E-05 9.991E-05
0.0324259 9.99011E-05 0.00082952 9.99011E-05 9.99011E-05 9.99011E-05 9.99011E-05 9.99011E-05 9.99011E-05 9.99011E-05 9.99011E-05 9.99011E-05 0.965646 9.99011E-05
0.1563 0.0207778 0.692204 9.99369E-05 9.99369E-05 0.0111789 9.99369E-05 9.99369E-05 9.99369E-05 9.99369E-05 0.029119 9.99369E-05 0.0514237 0.0382973
9.98921E-05 9.98921E-05 0.919122 9.98921E-05 9.98921E-05 9.98921E-05 9.98921E-05 9.98921E-05 9.98921E-05 9.98921E-05 9.98921E-05 0.0796795 9.98921E-05 9.98921E-05
0.405722 9.99279E-05 9.99279E-05 9.99279E-05 9.99279E-05 0.348461 0.087377 9.99279E-05 9.99279E-05 0.130263 9.99279E-05 0.00565792 0.0217201 9.99279E-05
9.98921E-05 0.011716 0.987085 9.98921E-05 9.98921E-05 9.98921E-05 9.98921E-05 9.98921E-05 9.98921E-05 9.98921E-05 9.98921E-05 9.98921E-05 9.98921E-05 9.98921E-05
0.0530544 9.99279E-05 9.99279E-05 9.99279E-05 0.0242276 0.268046 0.573335 9.99279E-05 9.99279E-05 0.0226747 9.99279E-05 9.99279E-05 0.0578637 9.99279E-05
9.98827E-05 0.998702 9.98827E-05 9.98827E-05 9.98827E-05 9.98827E-05 9.98827E-05 9.98827E-05 9.98827E-05 9.98827E-05 9.98827E-05 9.98827E-05 9.98827E-05 9.98827E-05
9.99009E-05 0.221275 0.756842 9.99009E-05 9.99009E-05 9.99009E-05 9.99009E-05 9.99009E-05 9.99009E-05 0.0207841 9.99009E-05 9.99009E-05 9.99009E-05 9.99009E-05
9.98922E-05 9.98922E-05 9.98922E-05 0.44791 9.98922E-05 9.98922E-05 9.98922E-05 9.98922E-05 0.550891 9.98922E-05 9.98922E-05 9.98922E-05 9.98922E-05 9.98922E-05
9.98921E-05 9.98921E-05 9.98921E-05 0.82596 9.98921E-05 9.98921E-05 9.98921E-05 9.98921E-05 0.172842 9.98921E-05 9.98921E-05 9.98921E-05 9.98921E-05 9.98921E-05
0.0641287 9.99278E-05 9.99278E-05 9.99278E-05 0.742157 9.99278E-05 0.0688096 9.99278E-05 9.99278E-05 9.99278E-05 0.00335906 0.0202182 0.100528 9.99278E-05
9.98921E-05 9.98921E-05 9.98921E-05 9.98921E-05 9.98921E-05 9.98921E-05 9.98921E-05 9.98921E-05 0.997398 9.98921E-05 0.00140325 9.98921E-05 9.98921E-05 9.98921E-05
9.98831E-05 9.98831E-05 9.98831E-05 9.98831E-05 9.98831E-05 9.98831E-05 9.98831E-05 9.98831E-05 0.998702 9.98831E-05 9.98831E-05 9.98831E-05 9.98831E-05 9.98831E-05
9.9937E-05 9.9937E-05 0.0274717 0.391128 9.9937E-05 9.9937E-05 9.9937E-05 0.211881 0.158727 0.0418576 0.142217 0.0260171 9.9937E-05 9.9937E-05
9.99279E-05 9.99279E-05 9.99279E-05 0.318893 9.99279E-05 9.99279E-05 9.99279E-05 0.458846 0.0779366 9.99279E-05 0.0979085 0.0220134 0.0236034 9.99279E-05
9.98922E-05 9.98922E-05 9.98922E-05 9.98922E-05 9.98922E-05 9.98922E-05 9.98922E-05 9.98922E-05 9.98922E-05 9.98922E-05 0.000565605 9.98922E-05 9.98922E-05 0.998236
9.99101E-05 9.99101E-05 9.99101E-05 0.57837 9.99101E-05 9.99101E-05 9.99101E-05 0.133511 0.277596 9.99101E-05 9.99101E-05 9.99101E-05 0.00952339 9.99101E-05
9.99192E-05 9.99192E-05 9.99192E-05 9.99192E-05 9.99192E-05 0.00815462 9.99192E-05 0.290974 0.00257827 9.99192E-05 0.691609 0.00578501 9.99192E-05 9.99192E-05
9.99458E-05 9.99458E-05 9.99458E-05 9.99458E-05 0.41154 9.99458E-05 0.0568437 0.0415369 0.0173439 0.111636 0.007365 0.0929283 0.260206 9.99458E-05
9.99099E-05 9.99099E-05 9.99099E-05 0.402498 9.99099E-05 9.99099E-05 9.99099E-05 9.99099E-05 0.556687 0.0188453 9.99099E-05 9.99099E-05 0.0209706 9.99099E-05
9.9901E-05 9.9901E-05 9.9901E-05 9.9901E-05 9.9901E-05 9.9901E-05 0.938982 0.0442424 9.9901E-05 0.0156769 9.9901E-05 9.9901E-05 9.9901E-05 9.9901E-05
0.611305 0.0767071 9.99369E-05 0.0137685 9.99369E-05 9.99369E-05 0.114367 0.0318593 0.00495178 9.99369E-05 9.99369E-05 9.99369E-05 9.99369E-05 0.146342
9.98831E-05 9.98831E-05 9.98831E-05 9.98831E-05 9.98831E-05 9.98831E-05 9.98831E-05 9.98831E-05 9.98831E-05 9.98831E-05 9.98831E-05 9.98831E-05 0.998702 9.98831E-05
0.285367 9.99368E-05 0.00190204 0.119049 9.99368E-05 0.209108 0.275875 9.99368E-05 9.99368E-05 0.0121731 9.99368E-05 9.99368E-05 0.0958267 9.99368E-05
0.302018 9.99328E-05 0.0106626 0.0875676 9.99328E-05 0.184635 0.328192 9.99328E-05 9.99328E-05 9.99328E-05 9.99328E-05 9.99328E-05 0.0861256 9.99328E-05
0.860782 9.99189E-05 9.99189E-05 9.99189E-05 9.99189E-05 0.00762723 0.085994 9.99189E-05 9.99189E-05 0.0291884 9.99189E-05 9.99189E-05 0.0155088 9.99189E-05
0.0425987 9.9928E-05 0.0188627 9.9928E-05 0.0871066 0.838343 0.00321515 9.9928E-05 9.9928E-05 9.9928E-05 9.9928E-05 9.9928E-05 9.9928E-05 0.00907407
0.846314 9.99189E-05 9.99189E-05 9.99189E-05 9.99189E-05 9.99189E-05 0.028569 9.99189E-05 9.99189E-05 0.108579 0.00298067 9.99189E-05 0.0126583 9.99189E-05
0.270882 0.305642 9.99459E-05 9.99459E-05 0.1149 0.0810582 0.0531115 9.99459E-05 9.99459E-05 0.134328 9.99459E-05 0.0017674 9.99459E-05 0.0377108
0.405437 0.0649169 9.9928E-05 0.07374 9.9928E-05 0.147862 0.0897538 9.9928E-05 9.9928E-05 0.217491 9.9928E-05 9.9928E-05 9.9928E-05 9.9928E-05
0.169372 9.9946E-05 9.9946E-05 0.0862487 0.0577317 9.9946E-05 0.186476 9.9946E-05 9.9946E-05 0.340979 0.0382864 9.9946E-05 0.114437 0.00586976
9.98927E-05 9.98927E-05 0.00734919 9.98927E-05 9.98927E-05 9.98927E-05 0.991452 9.98927E-05 9.98927E-05 9.98927E-05 9.98927E-05 9.98927E-05 9.98927E-05 9.98927E-05
9.98922E-05 9.98922E-05 9.98922E-05 9.98922E-05 9.98922E-05 9.98922E-05 9.98922E-05 9.98922E-05 0.00352034 9.98922E-05 0.995281 9.98922E-05 9.98922E-05 9.98922E-05
9.98921E-05 9.98921E-05 9.98921E-05 9.98921E-05 9.98921E-05 9.98921E-05 9.98921E-05 9.98921E-05 9.98921E-05 9.98921E-05 0.996978 9.98921E-05 0.00182314 9.98921E-05
0.0033056 9.98922E-05 9.98922E-05 9.98922E-05 9.98922E-05 9.98922E-05 9.98922E-05 9.98922E-05 9.98922E-05 9.98922E-05 0.995496 9.98922E-05 9.98922E-05 9.98922E-05
9.98922E-05 9.98922E-05 0.0136248 9.98922E-05 9.98922E-05 9.98922E-05 9.98922E-05 9.98922E-05 9.98922E-05 9.98922E-05 0.985177 9.98922E-05 9.98922E-05 9.98922E-05
9.98831E-05 9.98831E-05 9.98831E-05 9.98831E-05 9.98831E-05 9.98831E-05 9.98831E-05 9.98831E-05 9.98831E-05 9.98831E-05 0.998702 9.98831E-05 9.98831E-05 9.98831E-05
0.00490882 0.0726075 9.99461E-05 9.99461E-05 0.0362189 0.0285888 9.99461E-05 0.335121 0.126887 9.99461E-05 0.337279 9.99461E-05 9.99461E-05 0.0577888
9.99281E-05 9.99281E-05 9.99281E-05 9.99281E-05 9.99281E-05 0.0204177 0.0019087 9.99281E-05 9.99281E-05 9.99281E-05 0.955563 0.00167901 0.00246602 0.0171663
9.99008E-05 9.99008E-05 9.99008E-05 9.99008E-05 9.99008E-05 0.156328 0.795304 9.99008E-05 9.99008E-05 0.047269 9.99008E-05 9.99008E-05 9.99008E-05 9.99008E-05
9.99201E-05 9.99201E-05 9.99201E-05 9.99201E-05 9.99201E-05 9.99201E-05 0.0414499 9.99201E-05 0.000796973 0.00686654 0.0486033 0.0184605 9.99201E-05 0.883023
9.99099E-05 9.99099E-05 9.99099E-05 0.597645 9.99099E-05 9.99099E-05 9.99099E-05 9.99099E-05 0.365262 9.99099E-05 9.99099E-05 9.99099E-05 0.020817 0.0152763
9.991E-05 9.991E-05 9.991E-05 9.991E-05 0.837294 0.0549642 0.0411165 9.991E-05 9.991E-05 9.991E-05 9.991E-05 0.065626 9.991E-05 9.991E-05
9.99011E-05 9.99011E-05 9.99011E-05 9.99011E-05 0.0136165 0.877478 9.99011E-05 9.99011E-05 9.99011E-05 0.107807 9.99011E-05 9.99011E-05 9.99011E-05 9.99011E-05
9.98923E-05 9.98923E-05 9.98923E-05 9.98923E-05 0.987069 9.98923E-05 9.98923E-05 0.0117323 9.98923E-05 9.98923E-05 9.98923E-05 9.98923E-05 9.98923E-05 9.98923E-05
0.109439 9.99189E-05 9.99189E-05 0.00622775 0.840674 9.99189E-05 0.0380266 9.99189E-05 9.99189E-05 0.0047339 9.99189E-05 9.99189E-05 9.99189E-05 9.99189E-05
0.097046 9.99188E-05 9.99188E-05 9.99188E-05 0.757168 9.99188E-05 9.99188E-05 9.99188E-05 9.99188E-05 0.0501275 9.99188E-05 0.0423645 0.0523945 9.99188E-05
9.98922E-05 9.98922E-05 0.919371 9.98922E-05 9.98922E-05 9.98922E-05 0.0794303 9.98922E-05 9.98922E-05 9.98922E-05 9.98922E-05 9.98922E-05 9.98922E-05 9.98922E-05
9.98924E-05 9.98924E-05 9.98924E-05 0.353497 9.98924E-05 9.98924E-05 9.98924E-05 9.98924E-05 0.645304 9.98924E-05 9.98924E-05 9.98924E-05 9.98924E-05 9.98924E-05
9.9964E-05 0.226795 9.9964E-05 0.0226946 0.242144 0.0128838 0.143291 0.0422957 0.139354 9.9964E-05 0.0932866 0.000336773 9.9964E-05 0.0765186
9.99103E-05 9.99103E-05 9.99103E-05 0.889971 0.029863 9.99103E-05 9.99103E-05 0.0703952 0.00877214 9.99103E-05 9.99103E-05 9.99103E-05 9.99103E-05 9.99103E-05
9.9919E-05 9.9919E-05 9.9919E-05 0.770601 9.9919E-05 9.9919E-05 9.9919E-05 9.9919E-05 0.163774 0.0165479 0.0348767 9.9919E-05 0.013301 9.9919E-05
9.98921E-05 9.98921E-05 9.98921E-05 9.98921E-05 9.98921E-05 0.0121745 9.98921E-05 9.98921E-05 0.986627 9.98921E-05 9.98921E-05 9.98921E-05 9.98921E-05 9.98921E-05
9.98832E-05 9.98832E-05 9.98832E-05 9.98832E-05 9.98832E-05 9.98832E-05 9.98832E-05 9.98832E-05 0.998702 9.98832E-05 9.98832E-05 9.98832E-05 9.98832E-05 9.98832E-05
0.0295473 9.99281E-05 9.99281E-05 0.76114 9.99281E-05 9.99281E-05 9.99281E-05 0.0555486 0.0861129 9.99281E-05 9.99281E-05 9.99281E-05 0.0257964 0.0410559
9.99189E-05 9.99189E-05 9.99189E-05 0.485779 9.99189E-05 9.99189E-05 9.99189E-05 0.00522355 0.466318 0.00669399 9.99189E-05 9.99189E-05 0.0350859 9.99189E-05
9.98829E-05 9.98829E-05 9.98829E-05 9.98829E-05 9.98829E-05 9.98829E-05 9.98829E-05 0.998702 9.98829E-05 9.98829E-05 9.98829E-05 9.98829E-05 9.98829E-05 9.98829E-05
9.9892E-05 9.9892E-05 9.9892E-05 9.9892E-05 0.0385958 9.9892E-05 9.9892E-05 0.960206 9.9892E-05 9.9892E-05 9.9892E-05 9.9892E-05 9.9892E-05 9.9892E-05
9.9919E-05 0.014672 9.9919E-05 0.807933 9.9919E-05 0.0187641 9.9919E-05 9.9919E-05 0.14084 9.9919E-05 0.0168918 9.9919E-05 9.9919E-05 9.9919E-05
9.991E-05 9.991E-05 9.991E-05 9.991E-05 9.991E-05 0.938823 9.991E-05 0.015096 9.991E-05 9.991E-05 9.991E-05 0.0229923 0.0220895 9.991E-05
9.9892E-05 9.9892E-05 9.9892E-05 9.9892E-05 9.9892E-05 0.988262 9.9892E-05 9.9892E-05 9.9892E-05 9.9892E-05 0.010539 9.9892E-05 9.9892E-05 9.9892E-05
9.98922E-05 9.98922E-05 9.98922E-05 0.00880652 9.98922E-05 9.98922E-05 9.98922E-05 9.98922E-05 9.98922E-05 9.98922E-05 9.98922E-05 0.989995 9.98922E-05 9.98922E-05
9.98922E-05 9.98922E-05 9.98922E-05 9.98922E-05 0.0022953 9.98922E-05 9.98922E-05 9.98922E-05 9.98922E-05 9.98922E-05 9.98922E-05 0.996506 9.98922E-05 9.98922E-05
0.816664 9.99189E-05 9.99189E-05 9.99189E-05 9.99189E-05 0.0819203 0.0388976 9.99189E-05 0.0268431 9.99189E-05 9.99189E-05 9.99189E-05 9.99189E-05 0.0347754
0.797285 9.99279E-05 9.99279E-05 9.99279E-05 0.0887424 0.0751849 0.00275078 9.99279E-05 0.000332796 9.99279E-05 9.99279E-05 9.99279E-05 9.99279E-05 0.0349042
0.0247852 9.99012E-05 9.99012E-05 9.99012E-05 9.99012E-05 9.99012E-05 9.99012E-05 9.99012E-05 9.99012E-05 9.99012E-05 0.0128387 0.961277 9.99012E-05 9.99012E-05
9.98832E-05 9.98832E-05 9.98832E-05 9.98832E-05 9.98832E-05 9.98832E-05 9.98832E-05 9.98832E-05 9.98832E-05 9.98832E-05 9.98832E-05 0.998702 9.98832E-05 9.98832E-05
9.99009E-05 9.99009E-05 9.99009E-05 9.99009E-05 0.0443322 9.99009E-05 0.929235 9.99009E-05 9.99009E-05 9.99009E-05 0.0253339 9.99009E-05 9.99009E-05 9.99009E-05
0.179728 9.9937E-05 0.0744232 9.9937E-05 0.21808 0.407628 0.0394093 9.9937E-05 9.9937E-05 0.0147015 9.9937E-05 9.9937E-05 9.9937E-05 0.0653302
9.99189E-05 9.99189E-05 9.99189E-05 9.99189E-05 9.99189E-05 9.99189E-05 0.0162765 9.99189E-05 0.00555094 9.99189E-05 0.0700156 0.0110871 9.99189E-05 0.896171
9.9883E-05 9.9883E-05 9.9883E-05 9.9883E-05 9.9883E-05 9.9883E-05 9.9883E-05 9.9883E-05 9.9883E-05 0.998702 9.9883E-05 9.9883E-05 9.9883E-05 9.9883E-05
9.99191E-05 9.99191E-05 9.99191E-05 9.99191E-05 0.025337 0.00989762 0.0363805 9.99191E-05 9.99191E-05 0.870905 9.99191E-05 9.99191E-05 0.0565808 9.99191E-05
9.99461E-05 0.0401998 0.0205419 0.0686721 9.99461E-05 9.99461E-05 9.99461E-05 0.534598 0.25181 9.99461E-05 0.0518205 0.0167841 9.99461E-05 0.0149744
