9.9901E-05 9.9901E-05 9.9901E-05 9.9901E-05 9.9901E-05 9.9901E-05 9.9901E-05 9.9901E-05 9.9901E-05 0.0108132 0.971548 9.9901E-05 9.9901E-05 0.0165395
9.99279E-05 0.18021 9.99279E-05 9.99279E-05 0.0180819 0.0644374 9.99279E-05 9.99279E-05 9.99279E-05 0.00328653 0.0549445 9.99279E-05 0.67824 9.99279E-05
9.9883E-05 9.9883E-05 9.9883E-05 9.9883E-05 9.9883E-05 9.9883E-05 9.9883E-05 9.9883E-05 0.998702 9.9883E-05 9.9883E-05 9.9883E-05 9.9883E-05 9.9883E-05
0.00619322 0.941301 9.99101E-05 0.0497857 9.99101E-05 9.99101E-05 9.99101E-05 9.99101E-05 9.99101E-05 9.99101E-05 9.99101E-05 9.99101E-05 9.99101E-05 0.00172072
0.0274714 0.333981 9.99461E-05 9.99461E-05 9.99461E-05 0.0368798 0.243548 9.99461E-05 0.0402789 0.143045 0.0626236 9.99461E-05 0.111572 9.99461E-05
9.9892E-05 0.987675 9.9892E-05 9.9892E-05 9.9892E-05 9.9892E-05 9.9892E-05 0.0111263 9.9892E-05 9.9892E-05 9.9892E-05 9.9892E-05 9.9892E-05 9.9892E-05
9.99101E-05 9.99101E-05 9.99101E-05 9.99101E-05 0.271675 9.99101E-05 0.50983 9.99101E-05 9.99101E-05 9.99101E-05 9.99101E-05 0.196968 0.0205278 9.99101E-05
0.102534 0.0931009 9.99458E-05 0.0411555 9.99458E-05 9.99458E-05 0.542337 9.99458E-05 0.026931 0.0438549 9.99458E-05 9.99458E-05 0.111903 0.0375836
9.991E-05 9.991E-05 9.991E-05 9.991E-05 0.311015 9.991E-05 0.444054 9.991E-05 9.991E-05 9.991E-05 9.991E-05 0.126875 0.117056 9.991E-05
9.98922E-05 9.98922E-05 9.98922E-05 9.98922E-05 9.98922E-05 9.98922E-05 0.0333132 9.98922E-05 9.98922E-05 0.965488 9.98922E-05 9.98922E-05 9.98922E-05 9.98922E-05
9.98923E-05 9.98923E-05 9.98923E-05 9.98923E-05 9.98923E-05 9.98923E-05 0.0096067 9.98923E-05 9.98923E-05 0.989195 9.98923E-05 9.98923E-05 9.98923E-05 9.98923E-05
9.9928E-05 9.9928E-05 9.9928E-05 0.0267144 0.0200568 9.9928E-05 9.9928E-05 9.9928E-05 0.0035267 9.9928E-05 0.613118 0.189841 9.9928E-05 0.145943
9.99012E-05 9.99012E-05 9.99012E-05 0.012499 9.99012E-05 9.99012E-05 0.0362769 9.99012E-05 9.99012E-05 9.99012E-05 9.99012E-05 0.950125 9.99012E-05 9.99012E-05
9.99011E-05 0.974114 0.0206145 9.99011E-05 9.99011E-05 9.99011E-05 9.99011E-05 9.99011E-05 9.99011E-05 9.99011E-05 0.00417254 9.99011E-05 9.99011E-05 9.99011E-05
9.99012E-05 0.997379 0.000317754 9.99012E-05 9.99012E-05 9.99012E-05 9.99012E-05 9.99012E-05 9.99012E-05 0.00120424 9.99012E-05 9.99012E-05 9.99012E-05 9.99012E-05
9.99101E-05 9.99101E-05 9.99101E-05 9.99101E-05 0.823405 0.0406524 9.99101E-05 9.99101E-05 9.99101E-05 0.0213143 9.99101E-05 0.11363 9.99101E-05 9.99101E-05
9.98918E-05 9.98918E-05 9.98918E-05 9.98918E-05 9.98918E-05 0.917687 9.98918E-05 9.98918E-05 9.98918E-05 0.0811148 9.98918E-05 9.98918E-05 9.98918E-05 9.98918E-05
0.03588 9.99369E-05 0.7368 9.99369E-05 0.0935287 9.99369E-05 9.99369E-05 9.99369E-05 0.0135057 0.0795738 0.0283671 9.99369E-05 0.0116454 9.99369E-05
9.99011E-05 9.99011E-05 0.835402 9.99011E-05 9.99011E-05 9.99011E-05 9.99011E-05 0.096607 9.99011E-05 9.99011E-05 9.99011E-05 9.99011E-05 9.99011E-05 0.0668919
9.99189E-05 9.99189E-05 9.99189E-05 9.99189E-05 0.32967 0.103988 9.99189E-05 9.99189E-05 9.99189E-05 0.439067 0.091546 9.99189E-05 9.99189E-05 0.0348299
9.99101E-05 9.99101E-05 0.973949 9.99101E-05 9.99101E-05 9.99101E-05 0.0180154 0.001504 0.0055328 9.99101E-05 9.99101E-05 9.99101E-05 9.99101E-05 9.99101E-05
9.99279E-05 9.99279E-05 9.99279E-05 9.99279E-05 0.27305 0.0691378 9.99279E-05 9.99279E-05 9.99279E-05 0.0920555 0.53007 0.0299065 9.99279E-05 0.00498005
0.00906721 9.9928E-05 0.41365 9.9928E-05 9.9928E-05 0.266161 9.9928E-05 9.9928E-05 9.9928E-05 0.143931 9.9928E-05 9.9928E-05 0.00936272 0.157029
9.9901E-05 9.9901E-05 0.929007 9.9901E-05 9.9901E-05 9.9901E-05 9.9901E-05 9.9901E-05 9.9901E-05 0.0513743 9.9901E-05 9.9901E-05 9.9901E-05 0.0185198
9.99012E-05 0.336308 9.99012E-05 0.659342 9.99012E-05 9.99012E-05 9.99012E-05 9.99012E-05 0.00325066 9.99012E-05 9.99012E-05 9.99012E-05 9.99012E-05 9.99012E-05
9.98922E-05 0.735194 9.98922E-05 0.263607 9.98922E-05 9.98922E-05 9.98922E-05 9.98922E-05 9.98922E-05 9.98922E-05 9.98922E-05 9.98922E-05 9.98922E-05 9.98922E-05
9.99188E-05 9.99188E-05 9.99188E-05 9.99188E-05 9.99188E-05 0.00325786 9.99188E-05 9.99188E-05 9.99188E-05 0.105517 0.0932829 0.734664 9.99188E-05 0.062379
9.98831E-05 9.98831E-05 9.98831E-05 0.998702 9.98831E-05 9.98831E-05 9.98831E-05 9.98831E-05 9.98831E-05 9.98831E-05 9.98831E-05 9.98831E-05 9.98831E-05 9.98831E-05
9.98831E-05 9.98831E-05 9.98831E-05 0.998702 9.98831E-05 9.98831E-05 9.98831E-05 9.98831E-05 9.98831E-05 9.98831E-05 9.98831E-05 9.98831E-05 9.98831E-05 9.98831E-05
0.191784 0.419293 9.99371E-05 0.172272 9.99371E-05 9.99371E-05 0.143984 0.039173 0.0234593 9.99371E-05 9.99371E-05 9.99371E-05 9.99371E-05 0.00933458
0.164101 0.431785 9.99279E-05 0.0470467 9.99279E-05 0.0145101 0.323832 9.99279E-05 9.99279E-05 9.99279E-05 9.99279E-05 9.99279E-05 9.99279E-05 0.0179256
9.98833E-05 9.98833E-05 9.98833E-05 9.98833E-05 9.98833E-05 9.98833E-05 9.98833E-05 9.98833E-05 9.98833E-05 9.98833E-05 9.98833E-05 9.98833E-05 0.998702 9.98833E-05
9.99101E-05 0.5475 9.99101E-05 0.314292 9.99101E-05 0.00480989 0.132399 9.99101E-05 9.99101E-05 9.99101E-05 9.99101E-05 9.99101E-05 9.99101E-05 9.99101E-05
0.751234 9.99281E-05 9.99281E-05 0.0111944 9.99281E-05 9.99281E-05 0.186364 9.99281E-05 0.0246358 0.00571026 9.99281E-05 9.99281E-05 0.020063 9.99281E-05
9.99277E-05 9.99277E-05 9.99277E-05 0.0439167 9.99277E-05 0.35534 9.99277E-05 9.99277E-05 9.99277E-05 0.0217686 0.053189 0.440408 9.99277E-05 0.0845784
9.99098E-05 0.393087 9.99098E-05 0.536556 9.99098E-05 0.0340795 0.0352784 9.99098E-05 9.99098E-05 9.99098E-05 9.99098E-05 9.99098E-05 9.99098E-05 9.99098E-05
9.991E-05 0.0157673 9.991E-05 9.991E-05 9.991E-05 0.00740235 9.991E-05 9.991E-05 0.0189616 9.991E-05 0.95687 9.991E-05 9.991E-05 9.991E-05
9.99369E-05 0.0454919 9.99369E-05 9.99369E-05 9.99369E-05 0.0153259 0.00145757 0.0462691 9.99369E-05 0.656226 0.061543 9.99369E-05 0.172987 9.99369E-05
9.98919E-05 9.98919E-05 9.98919E-05 9.98919E-05 9.98919E-05 0.99788 0.000921402 9.98919E-05 9.98919E-05 9.98919E-05 9.98919E-05 9.98919E-05 9.98919E-05 9.98919E-05
9.99187E-05 0.127851 9.99187E-05 9.99187E-05 0.266384 0.158489 9.99187E-05 9.99187E-05 9.99187E-05 0.205787 0.240589 9.99187E-05 9.99187E-05 9.99187E-05
9.99368E-05 0.0809079 0.00335342 9.99368E-05 0.247459 0.114055 9.99368E-05 9.99368E-05 9.99368E-05 0.268282 0.272551 9.99368E-05 0.0126921 9.99368E-05
9.991E-05 9.991E-05 9.991E-05 9.991E-05 0.0123522 0.00103795 9.991E-05 9.991E-05 9.991E-05 0.933721 0.0518902 9.991E-05 9.991E-05 9.991E-05
9.991E-05 9.991E-05 0.0117931 9.991E-05 0.9436 9.991E-05 9.991E-05 9.991E-05 9.991E-05 0.0303469 9.991E-05 0.0132611 9.991E-05 9.991E-05
0.00374256 9.9919E-05 9.9919E-05 9.9919E-05 9.9919E-05 0.00446003 9.9919E-05 9.9919E-05 9.9919E-05 0.946594 0.0332771 0.0110274 9.9919E-05 9.9919E-05
9.99369E-05 9.99369E-05 0.125288 9.99369E-05 0.113719 9.99369E-05 9.99369E-05 9.99369E-05 9.99369E-05 0.358776 0.0297056 0.180029 0.074937 0.116846
9.9946E-05 0.0821139 9.9946E-05 9.9946E-05 0.170381 0.0469424 9.9946E-05 0.104469 9.9946E-05 0.47159 0.0670608 9.9946E-05 0.0565678 0.000275894
0.028344 0.0923431 9.995E-05 9.995E-05 9.995E-05 0.31294 9.995E-05 0.00597897 0.0193615 0.228678 0.16381 0.14142 0.00662457 9.995E-05
9.98927E-05 9.98927E-05 0.00779069 9.98927E-05 9.98927E-05 9.98927E-05 9.98927E-05 9.98927E-05 9.98927E-05 9.98927E-05 0.991011 9.98927E-05 9.98927E-05 9.98927E-05
0.998702 9.9883E-05 9.9883E-05 9.9883E-05 9.9883E-05 9.9883E-05 9.9883E-05 9.9883E-05 9.9883E-05 9.9883E-05 9.9883E-05 9.9883E-05 9.9883E-05 9.9883E-05
0.998702 9.98832E-05 9.98832E-05 9.98832E-05 9.98832E-05 9.98832E-05 9.98832E-05 9.98832E-05 9.98832E-05 9.98832E-05 9.98832E-05 9.98832E-05 9.98832E-05 9.98832E-05
0.970449 9.99012E-05 9.99012E-05 9.99012E-05 0.0231699 9.99012E-05 9.99012E-05 9.99012E-05 9.99012E-05 9.99012E-05 9.99012E-05 0.00528201 9.99012E-05 9.99012E-05
0.998702 9.98832E-05 9.98832E-05 9.98832E-05 9.98832E-05 9.98832E-05 9.98832E-05 9.98832E-05 9.98832E-05 9.98832E-05 9.98832E-05 9.98832E-05 9.98832E-05 9.98832E-05
0.998702 9.98831E-05 9.98831E-05 9.98831E-05 9.98831E-05 9.98831E-05 9.98831E-05 9.98831E-05 9.98831E-05 9.98831E-05 9.98831E-05 9.98831E-05 9.98831E-05 9.98831E-05
0.420251 0.0019502 0.0220281 0.0857055 9.99461E-05 9.99461E-05 0.287868 9.99461E-05 0.00766494 0.0988521 9.99461E-05 9.99461E-05 0.0750813 9.99461E-05
0.912956 9.99011E-05 9.99011E-05 9.99011E-05 9.99011E-05 9.99011E-05 9.99011E-05 9.99011E-05 9.99011E-05 9.99011E-05 0.0133001 9.99011E-05 0.0726447 9.99011E-05
9.98918E-05 9.98918E-05 9.98918E-05 9.98918E-05 0.220417 9.98918E-05 9.98918E-05 9.98918E-05 9.98918E-05 9.98918E-05 0.778384 9.98918E-05 9.98918E-05 9.98918E-05
0.0467777 9.99189E-05 9.99189E-05 0.0311126 0.0415525 9.99189E-05 9.99189E-05 9.99189E-05 9.99189E-05 9.99189E-05 9.99189E-05 9.99189E-05 0.877706 0.00195186
9.98919E-05 0.562129 9.98919E-05 0.436672 9.98919E-05 9.98919E-05 9.98919E-05 9.98919E-05 9.98919E-05 9.98919E-05 9.98919E-05 9.98919E-05 9.98919E-05 9.98919E-05
0.00609812 9.99191E-05 9.99191E-05 9.99191E-05 0.0970095 9.99191E-05 9.99191E-05 9.99191E-05 9.99191E-05 9.99191E-05 0.0390978 0.83968 9.99191E-05 0.0172151
9.98923E-05 9.98923E-05 9.98923E-05 9.98923E-05 0.931732 9.98923E-05 9.98923E-05 9.98923E-05 9.98923E-05 9.98923E-05 9.98923E-05 0.0670696 9.98923E-05 9.98923E-05
9.98835E-05 9.98835E-05 9.98835E-05 9.98835E-05 9.98835E-05 9.98835E-05 9.98835E-05 9.98835E-05 9.98835E-05 9.98835E-05 9.98835E-05 0.998702 9.98835E-05 9.98835E-05
9.99009E-05 0.0141478 9.99009E-05 9.99009E-05 9.99009E-05 9.99009E-05 9.99009E-05 9.99009E-05 9.99009E-05 0.112077 9.99009E-05 0.872676 9.99009E-05 9.99009E-05
9.99098E-05 9.99098E-05 9.99098E-05 9.99098E-05 9.99098E-05 0.0184212 9.99098E-05 9.99098E-05 9.99098E-05 0.0888583 9.99098E-05 0.835709 9.99098E-05 0.0560121
9.98831E-05 9.98831E-05 9.98831E-05 9.98831E-05 9.98831E-05 9.98831E-05 9.98831E-05 0.998702 9.98831E-05 9.98831E-05 9.98831E-05 9.98831E-05 9.98831E-05 9.98831E-05
9.98924E-05 0.306834 9.98924E-05 0.691967 9.98924E-05 9.98924E-05 9.98924E-05 9.98924E-05 9.98924E-05 9.98924E-05 9.98924E-05 9.98924E-05 9.98924E-05 9.98924E-05
0.153016 9.99731E-05 0.0054235 0.172135 0.0577448 0.0697422 9.99731E-05 0.0133953 0.139462 0.188315 0.0666385 0.0700735 9.99731E-05 0.0637547
9.99102E-05 0.704985 9.99102E-05 0.159026 0.0339119 9.99102E-05 9.99102E-05 9.99102E-05 0.101078 9.99102E-05 9.99102E-05 9.99102E-05 9.99102E-05 9.99102E-05
9.9928E-05 0.691054 9.9928E-05 0.245398 9.9928E-05 0.0256354 0.0177305 9.9928E-05 0.00912699 9.9928E-05 0.0102559 9.9928E-05 9.9928E-05 9.9928E-05
9.98921E-05 9.98921E-05 9.98921E-05 0.990881 0.00791999 9.98921E-05 9.98921E-05 9.98921E-05 9.98921E-05 9.98921E-05 9.98921E-05 9.98921E-05 9.98921E-05 9.98921E-05
9.98832E-05 9.98832E-05 9.98832E-05 0.998702 9.98832E-05 9.98832E-05 9.98832E-05 9.98832E-05 9.98832E-05 9.98832E-05 9.98832E-05 9.98832E-05 9.98832E-05 9.98832E-05
9.99281E-05 0.750359 9.99281E-05 0.0663498 9.99281E-05 9.99281E-05 0.137695 9.99281E-05 9.99281E-05 9.99281E-05 0.0294492 9.99281E-05 0.00299649 0.0123518
9.99009E-05 0.536873 9.99009E-05 0.434666 9.99009E-05 0.027362 9.99009E-05 9.99009E-05 9.99009E-05 9.99009E-05 9.99009E-05 9.99009E-05 9.99009E-05 9.99009E-05
0.108418 0.0473402 9.99099E-05 9.99099E-05 9.99099E-05 0.000103846 0.843139 9.99099E-05 9.99099E-05 9.99099E-05 9.99099E-05 9.99099E-05 9.99099E-05 9.99099E-05
9.98919E-05 9.98919E-05 9.98919E-05 9.98919E-05 9.98919E-05 9.98919E-05 0.995305 9.98919E-05 9.98919E-05 9.98919E-05 9.98919E-05 0.00349585 9.98919E-05 9.98919E-05
0.0503871 0.806322 9.99101E-05 0.116728 9.99101E-05 9.99101E-05 9.99101E-05 9.99101E-05 0.0255644 9.99101E-05 9.99101E-05 9.99101E-05 9.99101E-05 9.99101E-05
0.0153706 0.00904131 9.99279E-05 0.00118943 0.948103 9.99279E-05 9.99279E-05 9.99279E-05 9.99279E-05 9.99279E-05 9.99279E-05 9.99279E-05 0.00870208 0.0167943
0.0195164 9.98919E-05 9.98919E-05 9.98919E-05 0.979285 9.98919E-05 9.98919E-05 9.98919E-05 9.98919E-05 9.98919E-05 9.98919E-05 9.98919E-05 9.98919E-05 9.98919E-05
9.98921E-05 9.98921E-05 9.98921E-05 9.98921E-05 9.98921E-05 9.98921E-05 9.98921E-05 9.98921E-05 9.98921E-05 9.98921E-05 0.0165874 9.98921E-05 9.98921E-05 0.982214
9.98921E-05 9.98921E-05 9.98921E-05 9.98921E-05 9.98921E-05 9.98921E-05 9.98921E-05 9.98921E-05 0.0068281 9.98921E-05 9.98921E-05 9.98921E-05 9.98921E-05 0.991973
9.99189E-05 9.99189E-05 9.99189E-05 0.01404 0.0888147 9.99189E-05 9.99189E-05 9.99189E-05 9.99189E-05 0.839881 0.0145955 9.99189E-05 0.0417697 9.99189E-05
9.99189E-05 9.99189E-05 9.99189E-05 9.99189E-05 0.146848 9.99189E-05 9.99189E-05 9.99189E-05 9.99189E-05 0.748981 0.00292424 0.0816259 0.0187212 9.99189E-05
9.98922E-05 9.98922E-05 9.98922E-05 9.98922E-05 9.98922E-05 9.98922E-05 9.98922E-05 9.98922E-05 9.98922E-05 9.98922E-05 9.98922E-05 9.98922E-05 0.0164982 0.982303
9.98832E-05 9.98832E-05 9.98832E-05 9.98832E-05 9.98832E-05 9.98832E-05 9.98832E-05 9.98832E-05 9.98832E-05 9.98832E-05 9.98832E-05 9.98832E-05 9.98832E-05 0.998702
0.00552311 9.99099E-05 9.99099E-05 9.99099E-05 0.0114646 9.99099E-05 9.99099E-05 9.99099E-05 9.99099E-05 9.99099E-05 0.958042 0.0239717 9.99099E-05 9.99099E-05
9.99189E-05 9.99189E-05 0.0815516 9.99189E-05 0.523565 9.99189E-05 9.99189E-05 9.99189E-05 9.99189E-05 0.144201 9.99189E-05 0.179377 0.0704063 9.99189E-05
0.0588846 9.9892E-05 9.9892E-05 9.9892E-05 9.9892E-05 9.9892E-05 9.9892E-05 9.9892E-05 9.9892E-05 9.9892E-05 9.9892E-05 9.9892E-05 0.939917 9.9892E-05
9.99283E-05 9.99283E-05 0.0690712 0.0213253 9.99283E-05 0.360651 9.99283E-05 9.99283E-05 9.99283E-05 0.232118 9.99283E-05 0.219695 9.99283E-05 0.0963407
9.99192E-05 9.99192E-05 0.0510148 9.99192E-05 9.99192E-05 0.42599 9.99192E-05 9.99192E-05 9.99192E-05 9.99192E-05 0.14329 0.24398 9.99192E-05 0.134825
0.0988721 0.213906 0.0133479 0.183178 9.99371E-05 9.99371E-05 0.383133 9.99371E-05 9.99371E-05 9.99371E-05 9.99371E-05 9.99371E-05 0.0626491 0.0442144
