9.99279E-05 9.99279E-05 9.99279E-05 9.99279E-05 9.99279E-05 0.943098 0.0561026 9.99279E-05 9.99279E-05 9.99279E-05
0.0177089 0.59556 9.99638E-05 0.15093 9.99638E-05 0.132278 9.99638E-05 0.067901 0.0352222 9.99638E-05
9.99555E-05 0.0729116 0.00678235 0.748181 9.99555E-05 9.99555E-05 9.99555E-05 9.99555E-05 0.0692676 0.102357
9.9946E-05 9.9946E-05 9.9946E-05 0.957743 9.9946E-05 9.9946E-05 0.0173827 0.0115971 0.0126775 9.9946E-05
9.99551E-05 0.358026 9.99551E-05 0.371832 0.0363392 9.99551E-05 0.181893 0.0514091 9.99551E-05 9.99551E-05
9.9928E-05 9.9928E-05 9.9928E-05 0.98469 9.9928E-05 9.9928E-05 9.9928E-05 0.0145105 9.9928E-05 9.9928E-05
0.0645569 0.687032 9.99371E-05 9.99371E-05 9.99371E-05 9.99371E-05 9.99371E-05 9.99371E-05 9.99371E-05 0.247711
9.9955E-05 0.389724 9.9955E-05 0.348747 0.18769 9.9955E-05 0.0493761 9.9955E-05 0.0239631 9.9955E-05
0.0984803 0.70606 9.99369E-05 9.99369E-05 9.99369E-05 9.99369E-05 9.99369E-05 9.99369E-05 9.99369E-05 0.194761
9.99282E-05 0.0275243 9.99282E-05 9.99282E-05 9.99282E-05 9.99282E-05 0.971676 9.99282E-05 9.99282E-05 9.99282E-05
9.99201E-05 9.99201E-05 9.99201E-05 9.99201E-05 9.99201E-05 9.99201E-05 0.999101 9.99201E-05 9.99201E-05 9.99201E-05
9.9955E-05 9.9955E-05 9.9955E-05 0.011132 9.9955E-05 0.66223 9.9955E-05 0.00488228 0.126951 0.194305
9.99281E-05 9.99281E-05 9.99281E-05 0.0207963 9.99281E-05 9.99281E-05 9.99281E-05 9.99281E-05 9.99281E-05 0.978404
9.9946E-05 9.9946E-05 0.0059781 0.945867 9.9946E-05 0.0075082 9.9946E-05 0.0400471 9.9946E-05 9.9946E-05
9.9946E-05 9.9946E-05 0.00734267 0.933582 9.9946E-05 0.0517251 0.00675033 9.9946E-05 9.9946E-05 9.9946E-05
0.770693 9.9946E-05 9.9946E-05 9.9946E-05 9.9946E-05 9.9946E-05 0.0522719 0.00962273 9.9946E-05 0.166812
0.00910533 9.99369E-05 9.99369E-05 9.99369E-05 9.99369E-05 9.99369E-05 0.0592203 0.930975 9.99369E-05 9.99369E-05
0.0416505 0.081632 0.689793 9.99729E-05 0.0431615 0.0585166 0.0740781 0.0108682 9.99729E-05 9.99729E-05
9.9928E-05 9.9928E-05 0.892065 9.9928E-05 9.9928E-05 9.9928E-05 9.9928E-05 9.9928E-05 0.107136 9.9928E-05
0.323768 9.99549E-05 9.99549E-05 9.99549E-05 9.99549E-05 0.107472 0.469304 0.0601183 0.0388378 9.99549E-05
9.99201E-05 9.99201E-05 0.999101 9.99201E-05 9.99201E-05 9.99201E-05 9.99201E-05 9.99201E-05 9.99201E-05 9.99201E-05
0.314693 9.99639E-05 9.99639E-05 9.99639E-05 9.99639E-05 0.458827 0.0879579 0.0678491 0.00694736 0.0633251
9.9955E-05 9.9955E-05 0.408206 9.9955E-05 0.000190411 9.9955E-05 0.182369 0.238277 0.170458 9.9955E-05
9.99459E-05 9.99459E-05 0.9017 9.99459E-05 9.99459E-05 9.99459E-05 0.0190458 0.0330259 0.0456282 9.99459E-05
9.99282E-05 9.99282E-05 9.99282E-05 0.993748 0.00545271 9.99282E-05 9.99282E-05 9.99282E-05 9.99282E-05 9.99282E-05
9.99201E-05 9.99201E-05 9.99201E-05 0.999101 9.99201E-05 9.99201E-05 9.99201E-05 9.99201E-05 9.99201E-05 9.99201E-05
9.99549E-05 9.99549E-05 9.99549E-05 9.99549E-05 9.99549E-05 0.0942981 0.0304434 0.0757116 0.0575938 0.741453
0.00891511 0.0044719 9.9955E-05 0.914595 0.0561978 9.9955E-05 9.9955E-05 9.9955E-05 9.9955E-05 0.0153207
0.0317558 9.99371E-05 9.99371E-05 0.916795 0.0507499 9.99371E-05 9.99371E-05 9.99371E-05 9.99371E-05 9.99371E-05
9.99641E-05 0.0853578 0.021238 0.676506 0.183767 0.0215797 9.99641E-05 9.99641E-05 9.99641E-05 0.0111515
9.9955E-05 0.178688 9.9955E-05 0.597658 0.160894 9.9955E-05 9.9955E-05 0.0388253 0.0234345 9.9955E-05
9.99371E-05 0.889193 9.99371E-05 9.99371E-05 0.0577611 0.0523461 9.99371E-05 9.99371E-05 9.99371E-05 9.99371E-05
9.99461E-05 0.00308156 9.99461E-05 0.977157 9.99461E-05 9.99461E-05 9.99461E-05 0.0168936 0.00226839 9.99461E-05
9.99372E-05 0.120937 9.99372E-05 0.0952613 0.783102 9.99372E-05 9.99372E-05 9.99372E-05 9.99372E-05 9.99372E-05
9.997E-05 9.997E-05 9.997E-05 0.0117559 0.0358383 0.0349976 0.0659496 0.25348 0.126302 0.471376
0.0264263 0.0148819 9.99549E-05 0.951899 9.99549E-05 0.00322456 9.99549E-05 9.99549E-05 9.99549E-05 0.00306833
9.99281E-05 9.99281E-05 9.99281E-05 0.0138269 9.99281E-05 0.985374 9.99281E-05 9.99281E-05 9.99281E-05 9.99281E-05
9.99639E-05 0.179417 0.00650516 0.040183 9.99639E-05 0.139348 0.62 0.0141464 9.99639E-05 9.99639E-05
9.99201E-05 9.99201E-05 9.99201E-05 9.99201E-05 9.99201E-05 9.99201E-05 9.99201E-05 0.999101 9.99201E-05 9.99201E-05
0.287749 9.99549E-05 9.99549E-05 0.0734331 9.99549E-05 0.264581 0.190569 0.183168 9.99549E-05 9.99549E-05
0.285473 9.99639E-05 0.00132705 0.027726 9.99639E-05 0.29481 0.238285 0.151979 9.99639E-05 9.99639E-05
0.0782966 9.99459E-05 0.00384576 9.99459E-05 9.99459E-05 0.00975085 0.907507 9.99459E-05 9.99459E-05 9.99459E-05
0.937304 9.99281E-05 9.99281E-05 9.99281E-05 9.99281E-05 9.99281E-05 9.99281E-05 9.99281E-05 9.99281E-05 0.0618963
9.99549E-05 9.99549E-05 9.99549E-05 9.99549E-05 9.99549E-05 0.0384955 0.907174 0.0191871 0.0129283 0.0217154
0.0907474 0.00610843 0.119749 9.9982E-05 0.00539302 0.0844325 0.398247 9.9982E-05 0.128897 0.166226
0.170799 9.9973E-05 0.0317543 0.0778795 9.9973E-05 0.164536 0.542907 9.9973E-05 0.00274572 0.0090786
9.997E-05 9.997E-05 9.997E-05 0.0624099 0.0612028 0.195756 0.301413 0.200337 0.0120383 0.166544
9.99285E-05 9.99285E-05 0.0140449 9.99285E-05 9.99285E-05 0.985156 9.99285E-05 9.99285E-05 9.99285E-05 9.99285E-05
9.99201E-05 9.99201E-05 9.99201E-05 9.99201E-05 0.999101 9.99201E-05 9.99201E-05 9.99201E-05 9.99201E-05 9.99201E-05
9.99201E-05 9.99201E-05 9.99201E-05 9.99201E-05 0.999101 9.99201E-05 9.99201E-05 9.99201E-05 9.99201E-05 9.99201E-05
0.00167843 9.99371E-05 9.99371E-05 0.00242915 0.995193 9.99371E-05 9.99371E-05 9.99371E-05 9.99371E-05 9.99371E-05
9.99201E-05 9.99201E-05 9.99201E-05 9.99201E-05 0.999101 9.99201E-05 9.99201E-05 9.99201E-05 9.99201E-05 9.99201E-05
9.99201E-05 9.99201E-05 9.99201E-05 9.99201E-05 0.999101 9.99201E-05 9.99201E-05 9.99201E-05 9.99201E-05 9.99201E-05
9.99641E-05 0.257256 0.0151576 0.176246 0.44802 9.99641E-05 0.0769632 9.99641E-05 9.99641E-05 0.025958
0.02818 0.0063419 9.9946E-05 9.9946E-05 0.963714 0.00116405 9.9946E-05 9.9946E-05 9.9946E-05 9.9946E-05
0.155668 9.99369E-05 9.99369E-05 9.99369E-05 9.99369E-05 0.816265 9.99369E-05 9.99369E-05 9.99369E-05 0.0273681
9.99457E-05 0.839843 9.99457E-05 9.99457E-05 0.069874 0.0478584 9.99457E-05 9.99457E-05 0.041825 9.99457E-05
9.99279E-05 9.99279E-05 9.99279E-05 0.984946 9.99279E-05 9.99279E-05 9.99279E-05 0.0142548 9.99279E-05 9.99279E-05
0.0898352 9.9964E-05 9.9964E-05 9.9964E-05 0.0323138 0.0459484 9.9964E-05 0.0140427 0.019651 0.797809
0.899365 9.99281E-05 9.99281E-05 9.99281E-05 9.99281E-05 9.99281E-05 9.99281E-05 9.99281E-05 9.99281E-05 0.0998361
9.99201E-05 9.99201E-05 9.99201E-05 9.99201E-05 9.99201E-05 9.99201E-05 9.99201E-05 9.99201E-05 9.99201E-05 0.999101
9.99369E-05 9.99369E-05 9.99369E-05 9.99369E-05 9.99369E-05 0.0203627 0.101217 9.99369E-05 9.99369E-05 0.877721
9.99368E-05 9.99368E-05 9.99368E-05 9.99368E-05 9.99368E-05 9.99368E-05 0.134267 9.99368E-05 0.0535763 0.811457
9.99282E-05 9.99282E-05 0.867315 9.99282E-05 9.99282E-05 0.131886 9.99282E-05 9.99282E-05 9.99282E-05 9.99282E-05
0.0115384 9.99372E-05 9.99372E-05 0.976768 9.99372E-05 9.99372E-05 9.99372E-05 9.99372E-05 0.0109942 9.99372E-05
0.147656 0.150691 0.00445378 0.219548 0.0935508 0.0276579 0.141063 0.0651343 0.0547319 0.0955131
0.0178964 9.99462E-05 9.99462E-05 0.942565 0.00594031 9.99462E-05 9.99462E-05 9.99462E-05 9.99462E-05 0.0329989
9.9937E-05 9.9937E-05 9.9937E-05 0.927216 9.9937E-05 0.00915385 9.9937E-05 0.0629305 9.9937E-05 9.9937E-05
0.0604842 0.016703 9.99459E-05 0.889873 0.0323399 9.99459E-05 9.99459E-05 9.99459E-05 9.99459E-05 9.99459E-05
0.0280507 0.0464436 9.9937E-05 0.924806 9.9937E-05 9.9937E-05 9.9937E-05 9.9937E-05 9.9937E-05 9.9937E-05
9.99641E-05 0.0140559 9.99641E-05 0.870343 9.99641E-05 0.0271781 0.0864375 0.000617345 0.000968193 9.99641E-05
9.99279E-05 9.99279E-05 9.99279E-05 0.948034 9.99279E-05 9.99279E-05 9.99279E-05 0.0511664 9.99279E-05 9.99279E-05
9.99373E-05 0.36442 9.99373E-05 0.435423 0.199457 9.99373E-05 9.99373E-05 9.99373E-05 9.99373E-05 9.99373E-05
9.99552E-05 0.458338 0.00614631 0.44812 0.0621565 9.99552E-05 9.99552E-05 9.99552E-05 9.99552E-05 0.0247403
0.010745 9.9964E-05 9.9964E-05 0.95393 0.011528 0.0153681 9.9964E-05 9.9964E-05 0.00587298 0.00215584
0.98979 9.9937E-05 9.9937E-05 0.00255997 0.0069509 9.9937E-05 9.9937E-05 9.9937E-05 9.9937E-05 9.9937E-05
0.99481 9.9928E-05 9.9928E-05 9.9928E-05 0.00439064 9.9928E-05 9.9928E-05 9.9928E-05 9.9928E-05 9.9928E-05
9.99201E-05 9.99201E-05 9.99201E-05 9.99201E-05 9.99201E-05 9.99201E-05 9.99201E-05 9.99201E-05 0.999101 9.99201E-05
9.99201E-05 9.99201E-05 9.99201E-05 9.99201E-05 9.99201E-05 9.99201E-05 9.99201E-05 9.99201E-05 0.999101 9.99201E-05
0.134966 0.0147961 9.99459E-05 9.99459E-05 9.99459E-05 0.0699545 0.779684 9.99459E-05 9.99459E-05 9.99459E-05
0.161778 9.99459E-05 9.99459E-05 9.99459E-05 9.99459E-05 0.0193332 0.742208 9.99459E-05 9.99459E-05 0.0760816
0.00973151 0.0254461 9.99371E-05 9.99371E-05 9.99371E-05 9.99371E-05 9.99371E-05 9.99371E-05 0.964123 9.99371E-05
9.99201E-05 9.99201E-05 9.99201E-05 9.99201E-05 9.99201E-05 9.99201E-05 9.99201E-05 9.99201E-05 0.999101 9.99201E-05
0.0144092 9.99369E-05 9.99369E-05 9.99369E-05 9.99369E-05 0.954136 9.99369E-05 9.99369E-05 9.99369E-05 0.0307549
0.487175 0.0809377 0.0819911 9.99639E-05 9.99639E-05 0.0328294 0.129704 9.99639E-05 9.99639E-05 0.186963
9.99458E-05 0.842732 9.99458E-05 9.99458E-05 0.0992153 0.0439478 9.99458E-05 9.99458E-05 0.0135052 9.99458E-05
9.99642E-05 9.99642E-05 0.0906429 0.0253201 9.99642E-05 9.99642E-05 0.284553 0.284323 0.0867756 0.227986
0.0140945 9.99641E-05 0.0444739 9.99641E-05 9.99641E-05 0.140876 9.99641E-05 0.39984 0.127684 0.272631
9.99552E-05 0.247843 0.0169381 0.578566 0.132285 9.99552E-05 9.99552E-05 9.99552E-05 0.0238688 9.99552E-05
