9.99459E-05 0.90954 9.99459E-05 0.0186453 9.99459E-05 9.99459E-05 9.99459E-05 0.00390122 9.99459E-05 0.0673138
9.99549E-05 0.107217 0.152748 0.0470435 9.99549E-05 0.0108021 9.99549E-05 0.68169 9.99549E-05 9.99549E-05
0.187224 9.99643E-05 0.681126 0.0311856 0.0265843 9.99643E-05 9.99643E-05 0.0090278 0.0644527 9.99643E-05
9.9937E-05 9.9937E-05 0.949542 0.0493604 9.9937E-05 9.9937E-05 9.9937E-05 9.9937E-05 9.9937E-05 0.000397879
0.0161395 0.0116439 0.409659 9.99641E-05 9.99641E-05 9.99641E-05 0.0436044 0.320529 9.99641E-05 0.198025
0.0165191 0.00290631 0.979875 9.99371E-05 9.99371E-05 9.99371E-05 9.99371E-05 9.99371E-05 9.99371E-05 9.99371E-05
9.99372E-05 9.99372E-05 9.99372E-05 9.99372E-05 9.99372E-05 0.0586861 9.99372E-05 0.634748 0.305866 9.99372E-05
0.595206 9.99549E-05 0.0821668 9.99549E-05 9.99549E-05 9.99549E-05 0.0746851 0.157163 9.99549E-05 0.0902792
9.99371E-05 9.99371E-05 9.99371E-05 9.99371E-05 9.99371E-05 0.0935654 9.99371E-05 0.710882 0.194853 9.99371E-05
9.99201E-05 9.99201E-05 9.99201E-05 9.99201E-05 9.99201E-05 9.99201E-05 9.99201E-05 9.99201E-05 9.99201E-05 0.999101
9.99201E-05 9.99201E-05 9.99201E-05 9.99201E-05 9.99201E-05 9.99201E-05 9.99201E-05 9.99201E-05 9.99201E-05 0.999101
9.99459E-05 0.713196 0.0364648 0.0984178 9.99459E-05 9.99459E-05 9.99459E-05 9.99459E-05 0.151322 9.99459E-05
0.0401509 9.99281E-05 9.99281E-05 9.99281E-05 9.99281E-05 9.99281E-05 9.99281E-05 9.99281E-05 0.95905 9.99281E-05
9.9946E-05 0.0141441 0.931321 9.9946E-05 0.021022 9.9946E-05 9.9946E-05 0.0329132 9.9946E-05 9.9946E-05
9.9946E-05 0.04222 0.944747 9.9946E-05 0.00918867 9.9946E-05 9.9946E-05 9.9946E-05 9.9946E-05 0.00324463
9.9937E-05 9.9937E-05 9.9937E-05 9.9937E-05 9.9937E-05 0.821272 9.9937E-05 9.9937E-05 0.163128 0.0149011
0.00950414 0.0262105 9.9973E-05 0.295887 0.0819475 0.0962494 9.9973E-05 9.9973E-05 0.15863 0.331272
9.995E-05 0.0348929 9.995E-05 9.995E-05 0.697251 0.149287 0.047415 9.995E-05 9.995E-05 0.0706541
9.9928E-05 9.9928E-05 9.9928E-05 0.105939 0.893262 9.9928E-05 9.9928E-05 9.9928E-05 9.9928E-05 9.9928E-05
9.99459E-05 0.11325 9.99459E-05 0.0574122 9.99459E-05 0.33313 9.99459E-05 9.99459E-05 9.99459E-05 0.495608
9.99201E-05 9.99201E-05 9.99201E-05 9.99201E-05 0.999101 9.99201E-05 9.99201E-05 9.99201E-05 9.99201E-05 9.99201E-05
9.99459E-05 0.486642 9.99459E-05 9.99459E-05 9.99459E-05 0.302856 9.99459E-05 9.99459E-05 0.0771473 0.132756
0.0631735 9.9955E-05 0.00107671 0.305568 0.390883 9.9955E-05 9.9955E-05 9.9955E-05 9.9955E-05 0.238798
9.99369E-05 9.99369E-05 9.99369E-05 0.0833309 0.909793 9.99369E-05 9.99369E-05 9.99369E-05 9.99369E-05 0.0061767
9.99201E-05 9.99201E-05 0.999101 9.99201E-05 9.99201E-05 9.99201E-05 9.99201E-05 9.99201E-05 9.99201E-05 9.99201E-05
9.99281E-05 9.99281E-05 0.970908 9.99281E-05 9.99281E-05 9.99281E-05 0.0282924 9.99281E-05 9.99281E-05 9.99281E-05
9.99549E-05 0.0651199 9.99549E-05 0.0677769 9.99549E-05 0.00662329 9.99549E-05 9.99549E-05 0.74717 0.11281
9.99281E-05 9.99281E-05 0.949371 9.99281E-05 9.99281E-05 9.99281E-05 0.0498297 9.99281E-05 9.99281E-05 9.99281E-05
0.0128799 9.9946E-05 0.909624 9.9946E-05 9.9946E-05 9.9946E-05 0.0725288 0.00436743 9.9946E-05 9.9946E-05
0.278929 0.0182665 0.51748 0.0217762 0.0130423 9.99641E-05 0.150106 9.99641E-05 9.99641E-05 9.99641E-05
0.600088 9.99459E-05 0.311431 0.0392165 9.99459E-05 9.99459E-05 0.0486647 9.99459E-05 9.99459E-05 9.99459E-05
9.99201E-05 9.99201E-05 9.99201E-05 9.99201E-05 9.99201E-05 9.99201E-05 9.99201E-05 0.999101 9.99201E-05 9.99201E-05
0.140462 9.99281E-05 0.858739 9.99281E-05 9.99281E-05 9.99281E-05 9.99281E-05 9.99281E-05 9.99281E-05 9.99281E-05
0.24141 9.994E-05 9.994E-05 0.00385594 9.994E-05 9.994E-05 0.7487 0.0054344 9.994E-05 9.994E-05
0.0942053 0.046864 9.99548E-05 0.20267 9.99548E-05 9.99548E-05 9.99548E-05 9.99548E-05 0.556888 0.0988721
0.0349063 9.99369E-05 0.954714 9.99369E-05 9.99369E-05 0.00968002 9.99369E-05 9.99369E-05 9.99369E-05 9.99369E-05
0.0289219 0.970279 9.9928E-05 9.9928E-05 9.9928E-05 9.9928E-05 9.9928E-05 9.9928E-05 9.9928E-05 9.9928E-05
0.0392772 0.150346 0.0201352 9.99729E-05 0.0250798 9.99729E-05 0.0471622 0.147407 9.99729E-05 0.570293
0.100133 0.0295557 0.0500994 0.419974 0.0573666 0.0502285 9.9982E-05 9.9982E-05 0.166247 0.126196
9.99639E-05 0.234602 0.0983296 0.0187044 0.0135399 0.412671 9.99639E-05 9.99639E-05 9.99639E-05 0.221754
9.99639E-05 0.265228 0.0716836 0.034973 0.00480905 0.416254 9.99639E-05 9.99639E-05 9.99639E-05 0.206652
9.9937E-05 0.0582964 9.9937E-05 9.9937E-05 9.9937E-05 0.0357529 9.9937E-05 9.9937E-05 9.9937E-05 0.905251
9.9937E-05 9.9937E-05 9.9937E-05 9.9937E-05 9.9937E-05 0.927607 9.9937E-05 0.000980639 0.0707124 9.9937E-05
9.99459E-05 0.0313151 9.99459E-05 0.00183377 9.99459E-05 9.99459E-05 9.99459E-05 9.99459E-05 0.0334397 0.932812
9.99729E-05 0.0777996 9.99729E-05 0.12092 0.110107 0.109647 9.99729E-05 0.0265582 0.192879 0.361788
0.0370662 0.150329 0.0797848 0.0164215 0.033355 0.186722 9.9982E-05 9.9982E-05 0.0296157 0.466506
9.996E-05 0.231075 0.128472 0.108214 9.996E-05 9.996E-05 0.00284419 9.996E-05 0.20631 0.322685
9.99201E-05 0.999101 9.99201E-05 9.99201E-05 9.99201E-05 9.99201E-05 9.99201E-05 9.99201E-05 9.99201E-05 9.99201E-05
9.99201E-05 9.99201E-05 9.99201E-05 9.99201E-05 9.99201E-05 9.99201E-05 0.999101 9.99201E-05 9.99201E-05 9.99201E-05
9.99201E-05 9.99201E-05 9.99201E-05 9.99201E-05 9.99201E-05 9.99201E-05 0.999101 9.99201E-05 9.99201E-05 9.99201E-05
9.99281E-05 9.99281E-05 9.99281E-05 9.99281E-05 9.99281E-05 0.00452047 0.99468 9.99281E-05 9.99281E-05 9.99281E-05
9.99281E-05 9.99281E-05 9.99281E-05 9.99281E-05 0.00732176 9.99281E-05 0.991879 9.99281E-05 9.99281E-05 9.99281E-05
9.99201E-05 9.99201E-05 9.99201E-05 9.99201E-05 9.99201E-05 9.99201E-05 0.999101 9.99201E-05 9.99201E-05 9.99201E-05
0.397807 9.99641E-05 0.0881611 9.99641E-05 0.00798731 0.0984833 0.294488 0.112674 9.99641E-05 9.99641E-05
9.9946E-05 0.0236507 9.9946E-05 0.00700228 9.9946E-05 9.9946E-05 0.967269 0.00147821 9.9946E-05 9.9946E-05
9.99369E-05 0.823686 9.99369E-05 9.99369E-05 9.99369E-05 0.171595 9.99369E-05 9.99369E-05 0.00401925 9.99369E-05
9.99458E-05 9.99458E-05 0.00233322 0.0265239 9.99458E-05 9.99458E-05 0.0696378 0.900905 9.99458E-05 9.99458E-05
9.99201E-05 9.99201E-05 0.999101 9.99201E-05 9.99201E-05 9.99201E-05 9.99201E-05 9.99201E-05 9.99201E-05 9.99201E-05
9.9946E-05 0.0354466 9.9946E-05 0.0228954 9.9946E-05 0.137042 9.9946E-05 9.9946E-05 0.804016 9.9946E-05
9.99282E-05 9.99282E-05 9.99282E-05 9.99282E-05 9.99282E-05 0.92761 9.99282E-05 9.99282E-05 0.0715903 9.99282E-05
9.99201E-05 9.99201E-05 9.99201E-05 9.99201E-05 9.99201E-05 9.99201E-05 9.99201E-05 9.99201E-05 0.999101 9.99201E-05
9.99459E-05 0.0233587 9.99459E-05 9.99459E-05 9.99459E-05 9.99459E-05 9.99459E-05 0.00266662 0.889914 0.083461
9.993E-05 9.993E-05 9.993E-05 0.0613115 9.993E-05 9.993E-05 9.993E-05 9.993E-05 0.846092 0.0918973
0.015269 0.0916515 9.99372E-05 9.99372E-05 0.89238 9.99372E-05 9.99372E-05 9.99372E-05 9.99372E-05 9.99372E-05
9.99201E-05 9.99201E-05 0.999101 9.99201E-05 9.99201E-05 9.99201E-05 9.99201E-05 9.99201E-05 9.99201E-05 9.99201E-05
9.9982E-05 0.101518 0.32356 0.0382964 0.0553494 9.9982E-05 0.046485 0.205061 0.100627 0.128903
0.0789033 9.99462E-05 0.869609 9.99462E-05 9.99462E-05 0.0183296 9.99462E-05 9.99462E-05 0.032558 9.99462E-05
0.00176767 0.0315268 0.937931 9.9955E-05 9.9955E-05 9.9955E-05 0.02781 9.9955E-05 9.9955E-05 0.000465117
0.0766098 9.9946E-05 0.86655 9.9946E-05 9.9946E-05 0.0269524 0.0292878 9.9946E-05 9.9946E-05 9.9946E-05
0.0333625 0.00191071 0.887275 9.9964E-05 9.9964E-05 0.0459954 0.00128384 0.0297731 9.9964E-05 9.9964E-05
0.113245 9.99371E-05 0.792416 9.99371E-05 9.99371E-05 9.99371E-05 9.99371E-05 9.99371E-05 9.99371E-05 0.0936402
9.9928E-05 9.9928E-05 0.992835 0.00636554 9.9928E-05 9.9928E-05 9.9928E-05 9.9928E-05 9.9928E-05 9.9928E-05
0.999101 9.99201E-05 9.99201E-05 9.99201E-05 9.99201E-05 9.99201E-05 9.99201E-05 9.99201E-05 9.99201E-05 9.99201E-05
0.978135 9.9928E-05 9.9928E-05 9.9928E-05 9.9928E-05 9.9928E-05 9.9928E-05 9.9928E-05 0.0210654 9.9928E-05
9.9973E-05 9.9973E-05 0.956612 0.0108388 0.000149017 0.00263049 0.0228824 9.9973E-05 0.00624369 0.000343808
0.02722 9.99459E-05 9.99459E-05 9.99459E-05 9.99459E-05 0.948583 0.0208429 0.00275415 9.99459E-05 9.99459E-05
9.99279E-05 9.99279E-05 9.99279E-05 9.99279E-05 9.99279E-05 0.981517 0.017684 9.99279E-05 9.99279E-05 9.99279E-05
9.99201E-05 9.99201E-05 9.99201E-05 0.999101 9.99201E-05 9.99201E-05 9.99201E-05 9.99201E-05 9.99201E-05 9.99201E-05
9.99201E-05 9.99201E-05 9.99201E-05 0.999101 9.99201E-05 9.99201E-05 9.99201E-05 9.99201E-05 9.99201E-05 9.99201E-05
9.99459E-05 0.0614415 9.99459E-05 9.99459E-05 9.99459E-05 0.129509 9.99459E-05 0.0566425 9.99459E-05 0.751807
9.996E-05 0.0229216 9.996E-05 9.996E-05 9.996E-05 0.161365 0.0122174 0.0187313 0.0506902 0.733675
0.000800015 9.9928E-05 9.9928E-05 0.998401 9.9928E-05 9.9928E-05 9.9928E-05 9.9928E-05 9.9928E-05 9.9928E-05
9.99201E-05 9.99201E-05 9.99201E-05 0.999101 9.99201E-05 9.99201E-05 9.99201E-05 9.99201E-05 9.99201E-05 9.99201E-05
9.99369E-05 0.954108 9.99369E-05 9.99369E-05 9.99369E-05 9.99369E-05 0.00271071 9.99369E-05 0.0424815 9.99369E-05
9.9964E-05 0.00607001 9.9964E-05 9.9964E-05 0.0844196 0.622987 9.9964E-05 0.0496507 0.155284 0.0811885
9.99369E-05 0.00142185 9.99369E-05 9.99369E-05 9.99369E-05 9.99369E-05 0.0196813 0.978197 9.99369E-05 9.99369E-05
9.99551E-05 9.99551E-05 0.0906696 0.174824 0.124193 9.99551E-05 9.99551E-05 9.99551E-05 0.358785 0.251028
9.99641E-05 0.146032 9.99641E-05 0.350547 0.0670208 0.00896948 9.99641E-05 9.99641E-05 0.423227 0.00380342
0.798699 9.9955E-05 0.132283 0.0338563 0.0241418 9.9955E-05 0.0105206 9.9955E-05 9.9955E-05 9.9955E-05
