9.996E-05 9.996E-05 9.996E-05 9.996E-05 9.996E-05 0.9995
9.9973E-05 9.9973E-05 9.9973E-05 0.30471 0.261859 0.433132
0.0509358 0.0370888 0.0430707 0.809206 0.0595984 9.99911E-05
0.0461788 9.9964E-05 9.9964E-05 0.953421 9.9964E-05 9.9964E-05
9.99821E-05 0.00843107 9.99821E-05 0.458583 0.255294 0.277491
9.996E-05 9.996E-05 9.996E-05 0.9995 9.996E-05 9.996E-05
9.99642E-05 0.660849 9.99642E-05 9.99642E-05 0.338751 9.99642E-05
0.0269677 9.9982E-05 9.9982E-05 0.429145 0.451926 0.0917612
9.99821E-05 0.539859 9.99821E-05 0.0162766 0.408241 0.0354231
0.0678502 0.106364 9.9982E-05 9.9982E-05 0.144145 0.681441
0.0755891 0.124885 9.9982E-05 9.9982E-05 0.0786818 0.720644
0.100096 0.144354 9.9982E-05 0.0661528 9.9982E-05 0.689197
9.996E-05 0.9995 9.996E-05 9.996E-05 9.996E-05 9.996E-05
0.00914504 9.9973E-05 9.9973E-05 0.965112 9.9973E-05 0.025443
9.9964E-05 9.9964E-05 9.9964E-05 0.964051 9.9964E-05 0.035549
9.9973E-05 0.3314 9.9973E-05 9.9973E-05 0.0384081 0.629892
0.359741 0.159985 0.109255 9.9991E-05 0.00131495 0.369604
9.99729E-05 9.99729E-05 0.698697 9.99729E-05 0.0661629 0.23484
0.0836862 9.9964E-05 0.915914 9.9964E-05 9.9964E-05 9.9964E-05
0.123708 0.0667256 9.9973E-05 9.9973E-05 9.9973E-05 0.809267
9.996E-05 9.996E-05 0.9995 9.996E-05 9.996E-05 9.996E-05
0.033824 0.0411215 9.9973E-05 9.9973E-05 9.9973E-05 0.924755
0.41613 9.9982E-05 0.425385 9.9982E-05 0.0619757 0.0963086
0.101329 9.9964E-05 0.898272 9.9964E-05 9.9964E-05 9.9964E-05
9.996E-05 9.996E-05 9.996E-05 0.9995 9.996E-05 9.996E-05
9.996E-05 9.996E-05 9.996E-05 0.9995 9.996E-05 9.996E-05
0.0705046 0.738333 9.99729E-05 9.99729E-05 9.99729E-05 0.190863
9.9973E-05 0.00284603 9.9973E-05 0.920743 0.0761112 9.9973E-05
9.9964E-05 9.9964E-05 9.9964E-05 0.884424 0.115176 9.9964E-05
0.0497407 9.9982E-05 0.0307838 0.746443 0.172833 9.9982E-05
0.0564886 9.9982E-05 0.00283929 0.643771 0.296701 9.9982E-05
9.99732E-05 9.99732E-05 9.99732E-05 0.0928014 0.551278 0.355621
9.99641E-05 9.99641E-05 9.99641E-05 0.997873 9.99641E-05 0.00172677
9.99641E-05 9.99641E-05 9.99641E-05 0.0861813 0.913419 9.99641E-05
0.245167 0.556938 9.99819E-05 0.0527585 9.99819E-05 0.144937
9.9973E-05 0.00451325 9.9973E-05 0.977488 9.9973E-05 0.017699
9.99642E-05 9.99642E-05 9.99642E-05 0.0481102 9.99642E-05 0.95149
9.9991E-05 0.0392001 0.0186739 0.0461295 0.143109 0.752787
0.423568 0.159658 0.0505039 0.103078 9.9991E-05 0.263092
9.9973E-05 9.9973E-05 0.00507231 0.131448 9.9973E-05 0.863179
0.0223824 9.9982E-05 0.00343793 0.0905715 9.9982E-05 0.883408
0.0615419 0.0721273 0.0157251 9.9982E-05 9.9982E-05 0.850406
9.9973E-05 0.305662 9.9973E-05 9.9973E-05 0.0375353 0.656503
0.0992386 0.0582689 0.0100897 9.9991E-05 0.0548876 0.777415
0.168565 0.230466 0.1003 9.9991E-05 0.0223989 0.47817
0.0858976 0.0632026 0.0282601 0.0713284 0.0272703 0.724041
0.160009 0.209863 9.9991E-05 0.102461 0.0344494 0.493117
9.99644E-05 9.99644E-05 0.00407171 9.99644E-05 9.99644E-05 0.995528
9.996E-05 9.996E-05 9.996E-05 9.996E-05 0.9995 9.996E-05
9.996E-05 9.996E-05 9.996E-05 9.996E-05 0.9995 9.996E-05
0.00283949 9.9982E-05 0.000209384 9.9982E-05 0.995362 0.00138921
9.996E-05 9.996E-05 9.996E-05 9.996E-05 0.9995 9.996E-05
9.996E-05 9.996E-05 9.996E-05 9.996E-05 0.9995 9.996E-05
9.9991E-05 0.0617945 0.0343294 0.243515 0.617675 0.0425862
0.00251736 9.9973E-05 9.9973E-05 9.9973E-05 0.987447 0.00973532
9.9964E-05 0.00684969 9.9964E-05 9.9964E-05 9.9964E-05 0.99275
9.9982E-05 0.00586547 9.9982E-05 0.137989 0.51907 0.336875
9.996E-05 9.996E-05 9.996E-05 0.9995 9.996E-05 9.996E-05
0.0747772 0.84064 9.9982E-05 9.9982E-05 0.00644098 0.077942
9.9973E-05 0.371228 9.9973E-05 0.0450261 9.9973E-05 0.583446
9.996E-05 0.9995 9.996E-05 9.996E-05 9.996E-05 9.996E-05
0.00880207 0.881615 9.99729E-05 9.99729E-05 9.99729E-05 0.109283
0.0905761 0.865411 9.99729E-05 9.99729E-05 9.99729E-05 0.0437134
9.99731E-05 9.99731E-05 0.929011 9.99731E-05 0.0087358 0.0619528
9.996E-05 9.996E-05 9.996E-05 0.9995 9.996E-05 9.996E-05
0.102614 0.142688 0.0604452 0.351939 0.0947583 0.247555
9.99642E-05 0.0180083 9.99642E-05 0.981592 9.99642E-05 9.99642E-05
9.9973E-05 9.9973E-05 9.9973E-05 0.930311 0.0166308 0.0527581
9.9973E-05 0.00404704 9.9973E-05 0.901129 0.0945245 9.9973E-05
9.9982E-05 0.00599025 0.0118374 0.901303 0.0806697 9.9982E-05
0.0226459 9.9973E-05 9.9973E-05 0.930226 9.9973E-05 0.0468282
9.996E-05 9.996E-05 9.996E-05 0.9995 9.996E-05 9.996E-05
9.99732E-05 0.0368127 9.99732E-05 0.505822 0.457065 9.99732E-05
9.99732E-05 0.216403 9.99732E-05 0.492232 0.291065 9.99732E-05
0.0135792 9.9973E-05 9.9973E-05 0.97879 0.00733106 9.9973E-05
0.0258867 0.176678 9.9991E-05 0.0677504 0.105332 0.624253
0.0256622 0.190762 9.9991E-05 0.0468655 0.132379 0.604231
0.9995 9.996E-05 9.996E-05 9.996E-05 9.996E-05 9.996E-05
0.9995 9.996E-05 9.996E-05 9.996E-05 9.996E-05 9.996E-05
0.0466484 0.0533691 9.9982E-05 9.9982E-05 0.0913149 0.808468
0.0361148 0.0750659 9.9982E-05 9.9982E-05 0.0736281 0.814991
0.9995 9.996E-05 9.996E-05 9.996E-05 9.996E-05 9.996E-05
0.9995 9.996E-05 9.996E-05 9.996E-05 9.996E-05 9.996E-05
9.99641E-05 0.0231294 9.99641E-05 9.99641E-05 9.99641E-05 0.976471
9.9991E-05 0.305058 0.053989 0.00734703 0.0625239 0.570982
9.9982E-05 0.0230366 9.9982E-05 0.0781701 0.590896 0.307698
0.285572 0.321781 0.117252 0.0546827 9.9991E-05 0.220612
0.301859 0.401472 0.092558 9.9982E-05 9.9982E-05 0.203911
0.00769809 0.0160696 0.0450561 0.615189 0.315887 9.9991E-05
