0.9997 9.998E-05 9.998E-05 9.998E-05
0.383728 9.9991E-05 0.306776 0.309396
0.0448811 0.0287966 0.907076 0.0192468
9.998E-05 9.998E-05 0.9997 9.998E-05
0.230295 9.9991E-05 0.4263 0.343305
9.998E-05 9.998E-05 0.9997 9.998E-05
0.516339 9.99911E-05 0.0137899 0.469771
0.0744218 9.9991E-05 0.391009 0.53447
0.499206 9.9991E-05 0.0422993 0.458395
0.813238 9.9982E-05 9.9982E-05 0.186562
0.871155 9.9982E-05 9.9982E-05 0.128645
0.933296 9.9982E-05 0.0665037 9.9982E-05
0.927138 9.99821E-05 0.0726618 9.99821E-05
9.9982E-05 0.0173883 0.982412 9.9982E-05
9.9982E-05 0.0133068 0.986493 9.9982E-05
0.942806 9.9982E-05 9.9982E-05 0.0569937
0.794664 0.156894 0.048342 9.9991E-05
0.150446 0.743051 9.9991E-05 0.106403
9.998E-05 0.9997 9.998E-05 9.998E-05
0.935689 9.9982E-05 9.9982E-05 0.0641109
9.998E-05 0.9997 9.998E-05 9.998E-05
0.984557 9.9982E-05 9.9982E-05 0.0152433
0.316065 0.560018 0.0363794 0.0875372
9.998E-05 0.9997 9.998E-05 9.998E-05
9.998E-05 9.998E-05 0.9997 9.998E-05
9.998E-05 9.998E-05 0.9997 9.998E-05
0.9997 9.998E-05 9.998E-05 9.998E-05
9.9982E-05 9.9982E-05 0.919902 0.0798981
9.9982E-05 9.9982E-05 0.927424 0.0723765
9.9991E-05 0.0259025 0.710547 0.263451
9.9991E-05 0.031245 0.637949 0.330706
0.235649 9.99911E-05 0.104429 0.659822
9.998E-05 9.998E-05 0.9997 9.998E-05
9.9982E-05 9.9982E-05 0.041509 0.958291
0.917085 9.9982E-05 0.0827151 9.9982E-05
0.0193511 9.9982E-05 0.980449 9.9982E-05
0.918706 9.99821E-05 0.0810943 9.99821E-05
0.735751 0.0233636 0.00615641 0.23473
0.676663 0.139798 0.183439 9.9991E-05
0.872373 9.9982E-05 0.127427 9.9982E-05
0.862606 9.9991E-05 0.0863556 0.050938
0.935734 0.0166512 9.9991E-05 0.0475148
0.907207 9.9982E-05 9.9982E-05 0.0925928
0.897224 0.00762296 9.9991E-05 0.095053
0.765229 0.157367 9.9991E-05 0.0773037
0.781536 0.0348495 0.0329799 0.150635
0.808214 0.0044496 0.114713 0.0726243
0.977952 0.00619473 9.99911E-05 0.0157534
9.998E-05 9.998E-05 9.998E-05 0.9997
9.998E-05 9.998E-05 9.998E-05 0.9997
9.998E-05 9.998E-05 9.998E-05 0.9997
9.998E-05 9.998E-05 9.998E-05 0.9997
9.998E-05 9.998E-05 9.998E-05 0.9997
0.0865138 0.0334827 0.197394 0.68261
9.998E-05 9.998E-05 9.998E-05 0.9997
0.995821 9.9982E-05 9.9982E-05 0.00397862
0.282705 9.9991E-05 0.0546795 0.662516
9.998E-05 9.998E-05 0.9997 9.998E-05
0.9997 9.998E-05 9.998E-05 9.998E-05
0.911637 9.9991E-05 0.0798717 0.00839168
0.9997 9.998E-05 9.998E-05 9.998E-05
0.989034 9.9982E-05 0.0107661 9.9982E-05
0.995057 0.00474264 9.9982E-05 9.9982E-05
0.0390297 0.937535 9.9991E-05 0.0233352
9.998E-05 9.998E-05 0.9997 9.998E-05
0.483774 0.0607144 0.372905 0.0826069
9.998E-05 9.998E-05 0.9997 9.998E-05
0.00508737 9.9991E-05 0.981006 0.0138068
9.9982E-05 9.9982E-05 0.927654 0.0721459
9.9982E-05 9.9982E-05 0.928128 0.0716717
0.062986 9.9982E-05 0.936814 9.9982E-05
9.9982E-05 9.9982E-05 0.977442 0.0223584
9.99821E-05 9.99821E-05 0.444348 0.555452
0.0472895 0.0118748 0.474067 0.466769
0.000452592 9.9991E-05 0.982021 0.0174266
0.790151 9.9991E-05 0.0382235 0.171526
0.797761 9.9982E-05 9.9982E-05 0.202039
0.625065 0.249237 0.125598 9.9991E-05
0.604029 0.246831 0.14904 9.9991E-05
0.85669 0.00322427 9.9991E-05 0.139986
0.852217 9.99819E-05 9.99819E-05 0.147583
0.595393 0.237858 0.148957 0.0177925
0.616869 0.242911 0.14012 9.9991E-05
0.976951 9.9982E-05 9.9982E-05 0.0228494
0.898152 0.0218285 9.9991E-05 0.0799192
0.271774 9.9991E-05 0.0478525 0.680273
0.716883 0.189236 0.093781 9.9991E-05
0.808941 0.147818 0.0431411 9.9991E-05
9.9991E-05 0.0614718 0.606709 0.331719
