0.987634 0.00771744 0.0045488 9.9991E-05
0.400185 0.285226 0.31449 9.9991E-05
0.0775806 0.0794249 0.781904 0.0610907
9.998E-05 9.998E-05 0.9997 9.998E-05
0.263656 0.289385 0.446859 9.9991E-05
9.9982E-05 9.9982E-05 0.992086 0.00771396
0.570504 0.419547 0.00984979 9.99911E-05
0.132377 0.483753 0.383769 9.9991E-05
0.520447 0.479353 9.99821E-05 9.99821E-05
0.840568 0.159232 9.9982E-05 9.9982E-05
0.883751 0.116049 9.9982E-05 9.9982E-05
0.925313 9.99821E-05 0.0744868 9.99821E-05
0.95361 9.99821E-05 0.0461899 9.99821E-05
0.0432902 9.9991E-05 0.936396 0.0202133
9.9982E-05 9.9982E-05 0.989092 0.0107081
0.938358 0.061442 9.9982E-05 9.9982E-05
0.760026 9.9991E-05 0.063629 0.176245
0.200344 0.073494 9.9991E-05 0.726062
9.998E-05 9.998E-05 9.998E-05 0.9997
0.97258 0.0272205 9.9982E-05 9.9982E-05
9.998E-05 9.998E-05 9.998E-05 0.9997
0.993431 9.9982E-05 0.00636882 9.9982E-05
0.295963 0.0894424 0.0233257 0.591268
9.998E-05 9.998E-05 9.998E-05 0.9997
9.998E-05 9.998E-05 0.9997 9.998E-05
9.998E-05 9.998E-05 0.9997 9.998E-05
0.9997 9.998E-05 9.998E-05 9.998E-05
9.9982E-05 0.0477953 0.952005 9.9982E-05
9.9982E-05 0.0986943 0.901106 9.9982E-05
9.9991E-05 0.272293 0.681148 0.0464583
9.9991E-05 0.314591 0.668476 0.0168322
0.253777 0.644331 0.101792 9.9991E-05
9.998E-05 9.998E-05 0.9997 9.998E-05
9.9982E-05 0.930137 0.0696634 9.9982E-05
0.880922 9.9982E-05 0.118878 9.9982E-05
0.0159893 9.9982E-05 0.983811 9.9982E-05
0.907097 9.99821E-05 0.0927032 9.99821E-05
0.736786 0.220317 9.9991E-05 0.0427974
0.665671 9.9991E-05 0.171394 0.162835
0.858285 9.9982E-05 0.141515 9.9982E-05
0.911657 9.9982E-05 0.0881427 9.9982E-05
0.928082 0.0606638 9.9991E-05 0.011154
0.919634 0.0801665 9.9982E-05 9.9982E-05
0.932817 0.0669829 9.9982E-05 9.9982E-05
0.769395 0.0493476 9.9991E-05 0.181157
0.793174 0.0919724 0.064022 0.0508319
0.833488 0.0515453 0.114867 9.9991E-05
0.980688 0.0191117 9.99822E-05 9.99822E-05
9.998E-05 0.9997 9.998E-05 9.998E-05
9.9982E-05 0.999504 9.9982E-05 0.000296429
9.998E-05 0.9997 9.998E-05 9.998E-05
9.998E-05 0.9997 9.998E-05 9.998E-05
9.998E-05 0.9997 9.998E-05 9.998E-05
0.145716 0.642333 0.18935 0.0226001
9.998E-05 0.9997 9.998E-05 9.998E-05
0.9997 9.998E-05 9.998E-05 9.998E-05
0.326281 0.559123 0.114496 9.9991E-05
9.998E-05 9.998E-05 0.9997 9.998E-05
0.9997 9.998E-05 9.998E-05 9.998E-05
0.935183 9.9982E-05 0.0646168 9.9982E-05
0.997663 9.99822E-05 0.00213733 9.99822E-05
0.99821 9.9982E-05 0.00158989 9.9982E-05
0.9997 9.998E-05 9.998E-05 9.998E-05
0.0622098 0.0505331 9.9991E-05 0.887157
9.998E-05 9.998E-05 0.9997 9.998E-05
0.506077 0.0836999 0.373193 0.0370305
0.00159899 0.024661 0.97364 9.9991E-05
9.99895E-05 0.0481216 0.951678 9.99895E-05
9.9982E-05 0.10146 0.89834 9.9982E-05
9.9982E-05 0.070693 0.929107 9.9982E-05
0.0382091 9.9982E-05 0.961591 9.9982E-05
9.9982E-05 0.00427057 0.995529 9.9982E-05
9.99821E-05 0.487658 0.512142 9.99821E-05
0.0706111 0.437131 0.492158 9.99911E-05
9.9982E-05 0.019262 0.980538 9.9982E-05
0.812867 0.158048 0.0289852 9.9991E-05
0.810273 0.178141 0.0114866 9.9991E-05
0.60158 9.9991E-05 0.13275 0.26557
0.598472 9.9991E-05 0.129423 0.272005
0.869402 0.130398 9.99819E-05 9.99819E-05
0.884679 0.115121 9.9982E-05 9.9982E-05
0.574972 0.051689 0.109277 0.264062
0.567849 9.9991E-05 0.153508 0.278543
0.967736 0.0320635 9.9982E-05 9.9982E-05
0.917024 0.0473453 0.00272864 0.0329018
0.314643 0.584918 0.100339 9.9991E-05
0.663769 9.9991E-05 0.122057 0.214074
0.831863 9.9991E-05 0.0138858 0.154151
9.9991E-05 0.350397 0.598127 0.0513755
