0.00133733 9.98918E-05 0.0700744 9.98918E-05 9.98918E-05 9.98918E-05 9.98918E-05 0.92739 9.98918E-05 9.98918E-05 9.98918E-05 9.98918E-05 9.98918E-05 9.98918E-05 9.98918E-05
9.98984E-05 9.98984E-05 9.98984E-05 9.98984E-05 9.98984E-05 9.98984E-05 0.64513 9.98984E-05 9.98984E-05 9.98984E-05 0.211247 9.98984E-05 0.142425 9.98984E-05 9.98984E-05
0.0606115 9.99287E-05 9.99287E-05 9.99287E-05 0.0554757 0.189641 0.0277714 0.00232045 9.99287E-05 9.99287E-05 9.99287E-05 9.99287E-05 0.557033 9.99287E-05 0.106347
0.0156971 9.991E-05 0.00758671 9.991E-05 9.991E-05 9.991E-05 9.991E-05 9.991E-05 9.991E-05 9.991E-05 9.991E-05 9.991E-05 0.912426 0.000281092 0.0630101
9.99461E-05 0.187045 0.0772258 0.00722265 9.99461E-05 0.100014 0.106147 0.0187033 0.0601166 9.99461E-05 0.0908249 9.99461E-05 0.352101 9.99461E-05 9.99461E-05
9.991E-05 9.991E-05 9.991E-05 0.00731335 9.991E-05 0.000730836 9.991E-05 9.991E-05 9.991E-05 0.00148092 0.00898342 9.991E-05 0.980492 9.991E-05 9.991E-05
9.98741E-05 0.998602 9.98741E-05 9.98741E-05 9.98741E-05 9.98741E-05 9.98741E-05 9.98741E-05 9.98741E-05 9.98741E-05 9.98741E-05 9.98741E-05 9.98741E-05 9.98741E-05 9.98741E-05
0.013064 9.99189E-05 0.0785331 9.99189E-05 9.99189E-05 0.723974 0.115131 9.99189E-05 0.0231031 9.99189E-05 9.99189E-05 9.99189E-05 9.99189E-05 9.99189E-05 0.0452947
9.991E-05 0.927989 9.991E-05 9.991E-05 9.991E-05 9.991E-05 0.0406658 9.991E-05 0.0213387 0.00407684 9.991E-05 9.991E-05 9.991E-05 0.00493016 9.991E-05
9.98831E-05 0.119379 0.879322 9.98831E-05 9.98831E-05 9.98831E-05 9.98831E-05 9.98831E-05 9.98831E-05 9.98831E-05 9.98831E-05 9.98831E-05 9.98831E-05 9.98831E-05 9.98831E-05
9.98831E-05 0.0964212 0.90228 9.98831E-05 9.98831E-05 9.98831E-05 9.98831E-05 9.98831E-05 9.98831E-05 9.98831E-05 9.98831E-05 9.98831E-05 9.98831E-05 9.98831E-05 9.98831E-05
0.169097 9.991E-05 9.991E-05 0.0229724 0.131367 9.991E-05 9.991E-05 0.639983 9.991E-05 9.991E-05 9.991E-05 9.991E-05 9.991E-05 9.991E-05 0.0355811
9.99012E-05 0.0321094 9.99012E-05 0.0204038 0.926289 0.0200986 9.99012E-05 9.99012E-05 9.99012E-05 9.99012E-05 9.99012E-05 9.99012E-05 9.99012E-05 9.99012E-05 9.99012E-05
9.98921E-05 9.98921E-05 9.98921E-05 9.98921E-05 9.98921E-05 9.98921E-05 0.0197697 9.98921E-05 9.98921E-05 9.98921E-05 9.98921E-05 0.0286088 0.950423 9.98921E-05 9.98921E-05
9.99011E-05 9.99011E-05 9.99011E-05 9.99011E-05 9.99011E-05 9.99011E-05 9.99011E-05 0.0107498 9.99011E-05 9.99011E-05 0.0128346 0.00552922 0.969788 9.99011E-05 9.99011E-05
9.9901E-05 9.9901E-05 0.0146864 0.0857641 0.142494 9.9901E-05 9.9901E-05 9.9901E-05 9.9901E-05 9.9901E-05 9.9901E-05 9.9901E-05 9.9901E-05 0.755957 9.9901E-05
9.9883E-05 9.9883E-05 0.0391935 9.9883E-05 9.9883E-05 9.9883E-05 9.9883E-05 9.9883E-05 9.9883E-05 0.959508 9.9883E-05 9.9883E-05 9.9883E-05 9.9883E-05 9.9883E-05
9.99279E-05 0.00651006 0.0814036 9.99279E-05 9.99279E-05 9.99279E-05 0.0371793 9.99279E-05 0.041646 0.0353239 0.0758694 0.721268 9.99279E-05 9.99279E-05 9.99279E-05
0.0670507 9.9883E-05 9.9883E-05 9.9883E-05 9.9883E-05 9.9883E-05 9.9883E-05 9.9883E-05 9.9883E-05 9.9883E-05 9.9883E-05 0.931651 9.9883E-05 9.9883E-05 9.9883E-05
0.0301741 9.99189E-05 0.447652 0.14618 9.99189E-05 9.99189E-05 9.99189E-05 0.0601854 9.99189E-05 9.99189E-05 0.0218777 9.99189E-05 9.99189E-05 0.293031 9.99189E-05
9.98741E-05 9.98741E-05 9.98741E-05 9.98741E-05 9.98741E-05 9.98741E-05 9.98741E-05 9.98741E-05 9.98741E-05 9.98741E-05 9.98741E-05 0.998602 9.98741E-05 9.98741E-05 9.98741E-05
9.9919E-05 9.9919E-05 0.0271276 9.9919E-05 0.0374794 9.9919E-05 9.9919E-05 0.43086 9.9919E-05 0.0290063 0.26316 9.9919E-05 9.9919E-05 0.211468 9.9919E-05
0.20699 9.99101E-05 0.211137 0.0340473 9.99101E-05 9.99101E-05 9.99101E-05 9.99101E-05 9.99101E-05 0.192586 9.99101E-05 0.354239 9.99101E-05 9.99101E-05 9.99101E-05
9.98829E-05 9.98829E-05 9.98829E-05 0.146631 9.98829E-05 9.98829E-05 9.98829E-05 9.98829E-05 9.98829E-05 9.98829E-05 9.98829E-05 0.85207 9.98829E-05 9.98829E-05 9.98829E-05
9.98923E-05 9.98923E-05 9.98923E-05 9.98923E-05 9.98923E-05 9.98923E-05 9.98923E-05 9.98923E-05 0.000394023 9.98923E-05 9.98923E-05 9.98923E-05 0.408612 9.98923E-05 0.589795
9.98831E-05 9.98831E-05 9.98831E-05 9.98831E-05 9.98831E-05 9.98831E-05 9.98831E-05 9.98831E-05 9.98831E-05 9.98831E-05 9.98831E-05 9.98831E-05 0.761124 9.98831E-05 0.237577
0.046419 9.99098E-05 0.0507489 9.99098E-05 0.814496 9.99098E-05 9.99098E-05 0.0505452 9.99098E-05 0.0367921 9.99098E-05 9.99098E-05 9.99098E-05 9.99098E-05 9.99098E-05
9.98741E-05 9.98741E-05 9.98741E-05 9.98741E-05 9.98741E-05 9.98741E-05 9.98741E-05 9.98741E-05 9.98741E-05 9.98741E-05 9.98741E-05 9.98741E-05 9.98741E-05 9.98741E-05 0.998602
9.98831E-05 9.98831E-05 9.98831E-05 9.98831E-05 9.98831E-05 9.98831E-05 9.98831E-05 9.98831E-05 0.0211653 9.98831E-05 9.98831E-05 9.98831E-05 9.98831E-05 9.98831E-05 0.977536
0.0227818 9.99282E-05 9.99282E-05 9.99282E-05 9.99282E-05 0.241087 9.99282E-05 9.99282E-05 0.151162 0.0114334 9.99282E-05 0.0055375 0.281448 9.99282E-05 0.285751
0.0213557 9.99008E-05 9.99008E-05 9.99008E-05 9.99008E-05 0.615568 9.99008E-05 9.99008E-05 0.0424114 9.99008E-05 9.99008E-05 9.99008E-05 0.319566 9.99008E-05 9.99008E-05
9.98743E-05 9.98743E-05 9.98743E-05 9.98743E-05 9.98743E-05 9.98743E-05 0.998602 9.98743E-05 9.98743E-05 9.98743E-05 9.98743E-05 9.98743E-05 9.98743E-05 9.98743E-05 9.98743E-05
9.98921E-05 9.98921E-05 9.98921E-05 9.98921E-05 9.98921E-05 0.170976 9.98921E-05 9.98921E-05 9.98921E-05 9.98921E-05 9.98921E-05 9.98921E-05 0.588145 9.98921E-05 0.239681
9.99102E-05 9.99102E-05 0.00159886 9.99102E-05 9.99102E-05 0.273903 0.00462982 0.00580599 0.713063 9.99102E-05 9.99102E-05 9.99102E-05 9.99102E-05 9.99102E-05 9.99102E-05
0.120982 9.99097E-05 9.99097E-05 9.99097E-05 0.492308 0.0663725 9.99097E-05 9.99097E-05 9.99097E-05 0.248245 0.0710936 9.99097E-05 9.99097E-05 9.99097E-05 9.99097E-05
9.99098E-05 0.000356404 9.99098E-05 0.00881562 9.99098E-05 9.99098E-05 9.99098E-05 9.99098E-05 9.99098E-05 9.99098E-05 0.024253 9.99098E-05 0.387619 9.99098E-05 0.577957
9.99011E-05 9.99011E-05 9.99011E-05 9.99011E-05 9.99011E-05 0.0133765 9.99011E-05 0.946578 9.99011E-05 0.0277325 9.99011E-05 9.99011E-05 0.0112138 9.99011E-05 9.99011E-05
9.9919E-05 9.9919E-05 0.575681 9.9919E-05 9.9919E-05 9.9919E-05 0.256154 0.0113808 9.9919E-05 0.0741111 0.0809168 9.9919E-05 0.000857821 9.9919E-05 9.9919E-05
9.98831E-05 9.98831E-05 9.98831E-05 9.98831E-05 9.98831E-05 9.98831E-05 9.98831E-05 9.98831E-05 9.98831E-05 0.990821 9.98831E-05 9.98831E-05 0.0078805 9.98831E-05 9.98831E-05
9.9892E-05 9.9892E-05 9.9892E-05 9.9892E-05 9.9892E-05 9.9892E-05 9.9892E-05 9.9892E-05 9.9892E-05 0.00252363 0.991207 9.9892E-05 0.00507052 9.9892E-05 9.9892E-05
9.98741E-05 9.98741E-05 9.98741E-05 9.98741E-05 9.98741E-05 9.98741E-05 9.98741E-05 9.98741E-05 9.98741E-05 9.98741E-05 0.998602 9.98741E-05 9.98741E-05 9.98741E-05 9.98741E-05
9.99099E-05 9.99099E-05 0.857032 9.99099E-05 9.99099E-05 9.99099E-05 9.99099E-05 0.0199514 9.99099E-05 0.00969855 0.0706359 9.99099E-05 9.99099E-05 0.0416832 9.99099E-05
9.9919E-05 0.0790768 0.00128511 9.9919E-05 0.0143429 9.9919E-05 9.9919E-05 0.050648 9.9919E-05 9.9919E-05 9.9919E-05 0.0142343 9.9919E-05 0.839514 9.9919E-05
9.99099E-05 9.99099E-05 0.863627 0.0945922 0.0243159 9.99099E-05 9.99099E-05 0.000562935 9.99099E-05 9.99099E-05 9.99099E-05 9.99099E-05 9.99099E-05 9.99099E-05 0.015903
0.0164284 9.99369E-05 0.340281 0.239544 0.112326 9.99369E-05 0.0524157 9.99369E-05 9.99369E-05 9.99369E-05 0.101833 0.0813864 9.99369E-05 0.0550856 9.99369E-05
9.994E-05 9.994E-05 0.401829 0.188968 9.994E-05 0.0425685 0.0174851 0.0717374 9.994E-05 9.994E-05 0.0975614 0.00422249 0.0329182 0.14211 9.994E-05
9.99369E-05 0.0528685 0.175054 0.210796 0.0752455 9.99369E-05 9.99369E-05 0.186868 0.0443817 0.165707 9.99369E-05 9.99369E-05 0.0883791 9.99369E-05 9.99369E-05
9.98839E-05 9.98839E-05 9.98839E-05 9.98839E-05 9.98839E-05 9.98839E-05 9.98839E-05 0.99434 9.98839E-05 9.98839E-05 9.98839E-05 0.00436151 9.98839E-05 9.98839E-05 9.98839E-05
9.98742E-05 9.98742E-05 9.98742E-05 9.98742E-05 9.98742E-05 9.98742E-05 9.98742E-05 9.98742E-05 0.998602 9.98742E-05 9.98742E-05 9.98742E-05 9.98742E-05 9.98742E-05 9.98742E-05
9.98742E-05 9.98742E-05 9.98742E-05 9.98742E-05 9.98742E-05 9.98742E-05 9.98742E-05 9.98742E-05 0.998602 9.98742E-05 9.98742E-05 9.98742E-05 9.98742E-05 9.98742E-05 9.98742E-05
9.98921E-05 0.00453682 0.0280016 9.98921E-05 9.98921E-05 9.98921E-05 9.98921E-05 9.98921E-05 0.966263 9.98921E-05 9.98921E-05 9.98921E-05 9.98921E-05 9.98921E-05 9.98921E-05
9.98833E-05 9.98833E-05 9.98833E-05 9.98833E-05 9.98833E-05 9.98833E-05 9.98833E-05 9.98833E-05 0.995858 9.98833E-05 9.98833E-05 0.00284314 9.98833E-05 9.98833E-05 9.98833E-05
9.98831E-05 9.98831E-05 9.98831E-05 9.98831E-05 9.98831E-05 9.98831E-05 9.98831E-05 9.98831E-05 0.99086 9.98831E-05 9.98831E-05 9.98831E-05 9.98831E-05 9.98831E-05 0.00784178
9.99461E-05 0.0487651 9.99461E-05 9.99461E-05 9.99461E-05 0.397516 0.0406613 0.00543885 0.348994 9.99461E-05 9.99461E-05 0.0422108 0.0391389 0.0731259 0.00354957
9.98831E-05 9.98831E-05 9.98831E-05 9.98831E-05 9.98831E-05 9.98831E-05 0.0750405 9.98831E-05 0.923661 9.98831E-05 9.98831E-05 9.98831E-05 9.98831E-05 9.98831E-05 9.98831E-05
9.98918E-05 9.98918E-05 9.98918E-05 0.0367204 9.98918E-05 9.98918E-05 9.98918E-05 0.81047 9.98918E-05 9.98918E-05 9.98918E-05 9.98918E-05 9.98918E-05 0.151611 9.98918E-05
0.00374012 0.0346763 9.99279E-05 9.99279E-05 0.000772174 9.99279E-05 0.911651 9.99279E-05 0.0221678 9.99279E-05 9.99279E-05 9.99279E-05 9.99279E-05 0.0216263 0.00456647
9.98919E-05 9.98919E-05 9.98919E-05 9.98919E-05 9.98919E-05 9.98919E-05 9.98919E-05 9.98919E-05 9.98919E-05 9.98919E-05 0.0193868 9.98919E-05 0.540047 9.98919E-05 0.439367
0.0134184 9.99011E-05 9.99011E-05 9.99011E-05 0.811396 9.99011E-05 9.99011E-05 9.99011E-05 9.99011E-05 9.99011E-05 0.151107 9.99011E-05 9.99011E-05 0.02298 9.99011E-05
9.98922E-05 9.98922E-05 9.98922E-05 0.101876 0.0366763 9.98922E-05 9.98922E-05 9.98922E-05 9.98922E-05 9.98922E-05 9.98922E-05 9.98922E-05 9.98922E-05 0.860249 9.98922E-05
9.98834E-05 0.0388826 9.98834E-05 9.98834E-05 0.959819 9.98834E-05 9.98834E-05 9.98834E-05 9.98834E-05 9.98834E-05 9.98834E-05 9.98834E-05 9.98834E-05 9.98834E-05 9.98834E-05
9.98919E-05 9.98919E-05 0.105954 9.98919E-05 0.880219 9.98919E-05 9.98919E-05 9.98919E-05 9.98919E-05 9.98919E-05 0.0126278 9.98919E-05 9.98919E-05 9.98919E-05 9.98919E-05
0.0489922 9.99189E-05 0.0387886 0.0332454 0.84218 9.99189E-05 9.99189E-05 9.99189E-05 9.99189E-05 9.99189E-05 0.0352863 0.000607924 9.99189E-05 9.99189E-05 9.99189E-05
9.98834E-05 9.98834E-05 9.98834E-05 9.98834E-05 9.98834E-05 9.98834E-05 9.98834E-05 0.0961302 9.98834E-05 9.98834E-05 9.98834E-05 0.902571 9.98834E-05 9.98834E-05 9.98834E-05
9.98834E-05 9.98834E-05 9.98834E-05 9.98834E-05 9.98834E-05 9.98834E-05 9.98834E-05 9.98834E-05 9.98834E-05 9.98834E-05 9.98834E-05 9.98834E-05 0.400966 9.98834E-05 0.597735
0.0893366 9.99551E-05 0.164969 0.0148865 0.0754999 9.99551E-05 0.127524 0.0336182 0.0256179 9.99551E-05 9.99551E-05 0.065191 0.0723306 9.99551E-05 0.330527
9.99013E-05 0.013444 9.99013E-05 9.99013E-05 9.99013E-05 0.0386374 9.99013E-05 9.99013E-05 9.99013E-05 9.99013E-05 9.99013E-05 9.99013E-05 0.933616 9.99013E-05 0.0132034
9.99189E-05 9.99189E-05 9.99189E-05 9.99189E-05 9.99189E-05 0.0016387 9.99189E-05 9.99189E-05 0.0192 0.0152675 0.0330895 9.99189E-05 0.690906 9.99189E-05 0.238999
9.9883E-05 9.9883E-05 9.9883E-05 9.9883E-05 9.9883E-05 9.9883E-05 9.9883E-05 9.9883E-05 9.9883E-05 9.9883E-05 9.9883E-05 9.9883E-05 9.9883E-05 0.00370035 0.995001
9.98743E-05 9.98743E-05 9.98743E-05 9.98743E-05 9.98743E-05 9.98743E-05 9.98743E-05 9.98743E-05 9.98743E-05 9.98743E-05 9.98743E-05 9.98743E-05 9.98743E-05 9.98743E-05 0.998602
0.00994504 9.99281E-05 0.0154746 9.99281E-05 9.99281E-05 0.149515 9.99281E-05 0.0136954 9.99281E-05 9.99281E-05 0.0373834 9.99281E-05 0.586997 9.99281E-05 0.18619
9.99009E-05 9.99009E-05 9.99009E-05 9.99009E-05 9.99009E-05 9.99009E-05 9.99009E-05 9.99009E-05 9.99009E-05 0.0179693 0.0178585 9.99009E-05 0.47281 9.99009E-05 0.490263
9.98739E-05 9.98739E-05 9.98739E-05 9.98739E-05 9.98739E-05 0.998602 9.98739E-05 9.98739E-05 9.98739E-05 9.98739E-05 9.98739E-05 9.98739E-05 9.98739E-05 9.98739E-05 9.98739E-05
9.9892E-05 0.0564192 9.9892E-05 9.9892E-05 0.0333304 0.909052 9.9892E-05 9.9892E-05 9.9892E-05 9.9892E-05 9.9892E-05 9.9892E-05 9.9892E-05 9.9892E-05 9.9892E-05
0.00416206 9.9919E-05 9.9919E-05 9.9919E-05 0.000884506 9.9919E-05 9.9919E-05 9.9919E-05 0.0175693 9.9919E-05 9.9919E-05 9.9919E-05 0.833647 0.0215446 0.121293
9.98921E-05 9.98921E-05 9.98921E-05 9.98921E-05 9.98921E-05 9.98921E-05 9.98921E-05 9.98921E-05 0.0082953 9.98921E-05 9.98921E-05 9.98921E-05 0.00316751 0.987338 9.98921E-05
9.9883E-05 9.9883E-05 9.9883E-05 9.9883E-05 9.9883E-05 9.9883E-05 9.9883E-05 9.9883E-05 0.00647343 9.9883E-05 9.9883E-05 9.9883E-05 9.9883E-05 0.992228 9.9883E-05
0.998602 9.98742E-05 9.98742E-05 9.98742E-05 9.98742E-05 9.98742E-05 9.98742E-05 9.98742E-05 9.98742E-05 9.98742E-05 9.98742E-05 9.98742E-05 9.98742E-05 9.98742E-05 9.98742E-05
0.998136 9.98832E-05 9.98832E-05 9.98832E-05 9.98832E-05 9.98832E-05 9.98832E-05 9.98832E-05 9.98832E-05 9.98832E-05 0.000565873 9.98832E-05 9.98832E-05 9.98832E-05 9.98832E-05
9.99189E-05 9.99189E-05 0.773126 9.99189E-05 0.0157139 9.99189E-05 0.0560745 9.99189E-05 9.99189E-05 9.99189E-05 0.0769535 9.99189E-05 9.99189E-05 0.0657739 0.0114586
9.99279E-05 0.0108722 0.752833 9.99279E-05 0.0609297 9.99279E-05 0.022846 9.99279E-05 9.99279E-05 9.99279E-05 0.0720771 9.99279E-05 9.99279E-05 0.0654992 0.0141439
0.980153 9.98833E-05 9.98833E-05 9.98833E-05 9.98833E-05 9.98833E-05 9.98833E-05 9.98833E-05 9.98833E-05 9.98833E-05 9.98833E-05 9.98833E-05 9.98833E-05 0.0185487 9.98833E-05
0.998602 9.98742E-05 9.98742E-05 9.98742E-05 9.98742E-05 9.98742E-05 9.98742E-05 9.98742E-05 9.98742E-05 9.98742E-05 9.98742E-05 9.98742E-05 9.98742E-05 9.98742E-05 9.98742E-05
9.99099E-05 0.00231355 9.99099E-05 9.99099E-05 0.0149602 9.99099E-05 9.99099E-05 0.940166 0.0103321 9.99099E-05 9.99099E-05 9.99099E-05 9.99099E-05 0.0312286 9.99099E-05
9.991E-05 0.0992576 9.991E-05 9.991E-05 0.121316 9.991E-05 9.991E-05 9.991E-05 9.991E-05 9.991E-05 0.7027 0.0257688 9.991E-05 0.049958 9.991E-05
9.98921E-05 0.0276466 9.98921E-05 9.98921E-05 9.98921E-05 9.98921E-05 0.923708 9.98921E-05 0.0474462 9.98921E-05 9.98921E-05 9.98921E-05 9.98921E-05 9.98921E-05 9.98921E-05
9.9874E-05 9.9874E-05 9.9874E-05 0.998602 9.9874E-05 9.9874E-05 9.9874E-05 9.9874E-05 9.9874E-05 9.9874E-05 9.9874E-05 9.9874E-05 9.9874E-05 9.9874E-05 9.9874E-05
0.0166587 9.991E-05 9.991E-05 0.83347 0.0240797 9.991E-05 9.991E-05 0.0742265 9.991E-05 0.0505659 9.991E-05 9.991E-05 9.991E-05 9.991E-05 9.991E-05
0.0198155 9.99101E-05 9.99101E-05 9.99101E-05 9.99101E-05 0.609363 9.99101E-05 9.99101E-05 9.99101E-05 9.99101E-05 9.99101E-05 0.0390736 0.0657172 9.99101E-05 0.265031
