9.98918E-05 9.98918E-05 9.98918E-05 9.98918E-05 9.98918E-05 9.98918E-05 0.0931708 9.98918E-05 0.88992 9.98918E-05 0.0157108 9.98918E-05 9.98918E-05 9.98918E-05 9.98918E-05
9.99008E-05 9.99008E-05 0.742934 0.154563 9.99008E-05 9.99008E-05 9.99008E-05 9.99008E-05 0.0148155 9.99008E-05 0.0865887 9.99008E-05 9.99008E-05 9.99008E-05 9.99008E-05
9.99286E-05 9.99286E-05 9.99286E-05 0.545369 0.0153221 0.149684 9.99286E-05 0.110177 9.99286E-05 9.99286E-05 9.99286E-05 9.99286E-05 0.0717524 0.0331788 0.0737172
9.9901E-05 9.9901E-05 9.9901E-05 0.908854 9.9901E-05 9.9901E-05 9.9901E-05 0.0501143 9.9901E-05 0.0115729 9.9901E-05 9.9901E-05 9.9901E-05 9.9901E-05 0.0283596
9.99281E-05 0.0971219 0.0612222 0.234166 9.99281E-05 9.99281E-05 9.99281E-05 9.99281E-05 0.0414711 0.0233022 9.99281E-05 0.252846 9.99281E-05 0.289071 9.99281E-05
0.00696337 0.0163425 9.99099E-05 0.947534 9.99099E-05 0.0231887 9.99099E-05 9.99099E-05 9.99099E-05 9.99099E-05 9.99099E-05 9.99099E-05 9.99099E-05 0.00497198 9.99099E-05
9.9874E-05 9.9874E-05 9.9874E-05 9.9874E-05 9.9874E-05 9.9874E-05 9.9874E-05 9.9874E-05 9.9874E-05 9.9874E-05 9.9874E-05 0.998602 9.9874E-05 9.9874E-05 9.9874E-05
9.99189E-05 9.99189E-05 0.0722645 0.0105417 9.99189E-05 0.360953 0.0887271 9.99189E-05 9.99189E-05 0.0832607 9.99189E-05 9.99189E-05 9.99189E-05 0.383354 9.99189E-05
9.9874E-05 9.9874E-05 9.9874E-05 9.9874E-05 9.9874E-05 9.9874E-05 9.9874E-05 9.9874E-05 9.9874E-05 9.9874E-05 9.9874E-05 0.998602 9.9874E-05 9.9874E-05 9.9874E-05
9.98922E-05 9.98922E-05 9.98922E-05 9.98922E-05 9.98922E-05 9.98922E-05 0.880949 9.98922E-05 9.98922E-05 9.98922E-05 9.98922E-05 0.111785 9.98922E-05 0.00606761 9.98922E-05
9.98833E-05 9.98833E-05 9.98833E-05 9.98833E-05 9.98833E-05 9.98833E-05 0.878893 9.98833E-05 9.98833E-05 9.98833E-05 9.98833E-05 0.119809 9.98833E-05 9.98833E-05 9.98833E-05
9.9919E-05 0.0274151 9.9919E-05 0.0210313 9.9919E-05 0.00543638 9.9919E-05 9.9919E-05 0.694748 9.9919E-05 9.9919E-05 9.9919E-05 0.131378 9.9919E-05 0.119092
9.98923E-05 0.042477 9.98923E-05 9.98923E-05 9.98923E-05 9.98923E-05 9.98923E-05 9.98923E-05 9.98923E-05 9.98923E-05 9.98923E-05 9.98923E-05 0.950124 0.00620055 9.98923E-05
9.9919E-05 0.00382083 0.0312897 0.935089 0.0220268 9.9919E-05 9.9919E-05 9.9919E-05 0.000482975 9.9919E-05 0.00639121 9.9919E-05 9.9919E-05 9.9919E-05 9.9919E-05
9.98921E-05 9.98921E-05 9.98921E-05 0.972009 0.00485456 9.98921E-05 9.98921E-05 9.98921E-05 0.0219374 9.98921E-05 9.98921E-05 9.98921E-05 9.98921E-05 9.98921E-05 9.98921E-05
9.99278E-05 0.120237 0.00103651 9.99278E-05 9.99278E-05 9.99278E-05 0.348821 0.0265405 0.094858 9.99278E-05 9.99278E-05 0.151779 0.25593 9.99278E-05 9.99278E-05
9.9883E-05 9.9883E-05 9.9883E-05 9.9883E-05 9.9883E-05 9.9883E-05 0.0455757 9.9883E-05 9.9883E-05 9.9883E-05 0.953126 9.9883E-05 9.9883E-05 9.9883E-05 9.9883E-05
9.99008E-05 9.99008E-05 0.0586671 9.99008E-05 0.773332 9.99008E-05 0.134202 9.99008E-05 9.99008E-05 0.0326996 9.99008E-05 9.99008E-05 9.99008E-05 9.99008E-05 9.99008E-05
0.821937 9.9892E-05 9.9892E-05 9.9892E-05 0.113204 9.9892E-05 9.9892E-05 9.9892E-05 9.9892E-05 9.9892E-05 9.9892E-05 9.9892E-05 9.9892E-05 9.9892E-05 0.0636603
9.99099E-05 0.174505 9.99099E-05 9.99099E-05 9.99099E-05 9.99099E-05 0.639268 9.99099E-05 0.117974 9.99099E-05 9.99099E-05 0.0226842 9.99099E-05 9.99099E-05 0.0445692
0.0670429 9.98831E-05 9.98831E-05 9.98831E-05 0.931659 9.98831E-05 9.98831E-05 9.98831E-05 9.98831E-05 9.98831E-05 9.98831E-05 9.98831E-05 9.98831E-05 9.98831E-05 9.98831E-05
9.991E-05 9.991E-05 9.991E-05 9.991E-05 9.991E-05 9.991E-05 0.269387 9.991E-05 0.567615 9.991E-05 0.0498723 9.991E-05 0.101346 9.991E-05 0.0107798
9.9919E-05 0.0650137 9.9919E-05 9.9919E-05 0.447445 9.9919E-05 0.0767549 9.9919E-05 9.9919E-05 9.9919E-05 0.210765 9.9919E-05 9.9919E-05 0.0203351 0.178787
9.98829E-05 0.103975 9.98829E-05 9.98829E-05 0.894727 9.98829E-05 9.98829E-05 9.98829E-05 9.98829E-05 9.98829E-05 9.98829E-05 9.98829E-05 9.98829E-05 9.98829E-05 9.98829E-05
9.98833E-05 9.98833E-05 9.98833E-05 0.401657 9.98833E-05 9.98833E-05 9.98833E-05 0.597045 9.98833E-05 9.98833E-05 9.98833E-05 9.98833E-05 9.98833E-05 9.98833E-05 9.98833E-05
9.98832E-05 9.98832E-05 9.98832E-05 0.821874 9.98832E-05 9.98832E-05 9.98832E-05 0.176827 9.98832E-05 9.98832E-05 9.98832E-05 9.98832E-05 9.98832E-05 9.98832E-05 9.98832E-05
9.99098E-05 9.99098E-05 9.99098E-05 9.99098E-05 9.99098E-05 9.99098E-05 0.0509519 9.99098E-05 0.0492549 9.99098E-05 0.0534607 9.99098E-05 0.80002 9.99098E-05 0.0453133
9.98741E-05 9.98741E-05 9.98741E-05 9.98741E-05 9.98741E-05 9.98741E-05 9.98741E-05 0.998602 9.98741E-05 9.98741E-05 9.98741E-05 9.98741E-05 9.98741E-05 9.98741E-05 9.98741E-05
9.98742E-05 9.98742E-05 9.98742E-05 9.98742E-05 9.98742E-05 9.98742E-05 9.98742E-05 0.998602 9.98742E-05 9.98742E-05 9.98742E-05 9.98742E-05 9.98742E-05 9.98742E-05 9.98742E-05
0.0137873 9.99281E-05 0.0230098 0.189306 9.99281E-05 9.99281E-05 9.99281E-05 0.166022 0.0497729 0.0417867 9.99281E-05 9.99281E-05 9.99281E-05 0.515516 9.99281E-05
9.98918E-05 9.98918E-05 9.98918E-05 0.114439 9.98918E-05 9.98918E-05 9.98918E-05 9.98918E-05 9.98918E-05 0.00571645 9.98918E-05 9.98918E-05 9.98918E-05 0.878646 9.98918E-05
9.98744E-05 9.98744E-05 0.998602 9.98744E-05 9.98744E-05 9.98744E-05 9.98744E-05 9.98744E-05 9.98744E-05 9.98744E-05 9.98744E-05 9.98744E-05 9.98744E-05 9.98744E-05 9.98744E-05
9.99011E-05 9.99011E-05 9.99011E-05 0.544154 9.99011E-05 0.191574 9.99011E-05 0.232521 9.99011E-05 9.99011E-05 9.99011E-05 9.99011E-05 9.99011E-05 0.030652 9.99011E-05
9.99102E-05 9.99102E-05 0.00771521 9.99102E-05 9.99102E-05 0.195292 9.99102E-05 9.99102E-05 9.99102E-05 0.7231 9.99102E-05 9.99102E-05 9.99102E-05 0.0716965 0.00119673
9.99277E-05 0.0257334 9.99277E-05 9.99277E-05 9.99277E-05 9.99277E-05 0.00685886 9.99277E-05 0.0370632 9.99277E-05 0.236713 9.99277E-05 0.507407 0.0600652 0.125359
9.99098E-05 9.99098E-05 9.99098E-05 0.390392 9.99098E-05 0.0584143 9.99098E-05 0.507178 9.99098E-05 9.99098E-05 0.0354893 9.99098E-05 9.99098E-05 0.0075271 9.99098E-05
9.9892E-05 0.0130622 9.9892E-05 9.9892E-05 9.9892E-05 0.0382471 9.9892E-05 9.9892E-05 0.947492 9.9892E-05 9.9892E-05 9.9892E-05 9.9892E-05 9.9892E-05 9.9892E-05
0.0134677 9.99189E-05 0.186425 9.99189E-05 9.99189E-05 0.0733115 0.629052 9.99189E-05 0.0425559 9.99189E-05 0.0542884 9.99189E-05 9.99189E-05 9.99189E-05 9.99189E-05
9.98831E-05 9.98831E-05 9.98831E-05 9.98831E-05 9.98831E-05 0.00529163 9.98831E-05 9.98831E-05 9.98831E-05 9.98831E-05 0.99341 9.98831E-05 9.98831E-05 9.98831E-05 9.98831E-05
0.00868471 9.99099E-05 9.99099E-05 0.163961 9.99099E-05 9.99099E-05 0.509437 9.99099E-05 0.224994 9.99099E-05 0.0919235 9.99099E-05 9.99099E-05 9.99099E-05 9.99099E-05
0.0104195 9.99098E-05 9.99098E-05 0.0983941 9.99098E-05 9.99098E-05 0.542338 9.99098E-05 0.275051 9.99098E-05 0.0727982 9.99098E-05 9.99098E-05 9.99098E-05 9.99098E-05
9.98831E-05 0.00207761 9.98831E-05 9.98831E-05 9.98831E-05 9.98831E-05 0.996624 9.98831E-05 9.98831E-05 9.98831E-05 9.98831E-05 9.98831E-05 9.98831E-05 9.98831E-05 9.98831E-05
9.99098E-05 9.99098E-05 9.99098E-05 9.99098E-05 0.00427232 9.99098E-05 0.358184 9.99098E-05 0.165084 9.99098E-05 9.99098E-05 0.296371 0.17509 9.99098E-05 9.99098E-05
9.9883E-05 0.0997981 9.9883E-05 9.9883E-05 9.9883E-05 9.9883E-05 0.898903 9.9883E-05 9.9883E-05 9.9883E-05 9.9883E-05 9.9883E-05 9.9883E-05 9.9883E-05 9.9883E-05
9.99279E-05 0.338958 0.0622317 9.99279E-05 0.0768814 9.99279E-05 0.38529 9.99279E-05 0.00851402 9.99279E-05 9.99279E-05 9.99279E-05 0.106762 9.99279E-05 0.020563
0.0179825 0.256813 0.0382025 0.0316882 9.9937E-05 9.9937E-05 0.502801 9.9937E-05 0.110462 9.9937E-05 9.9937E-05 0.0290996 9.9937E-05 0.012251 9.9937E-05
9.99369E-05 0.357098 9.99369E-05 9.99369E-05 9.99369E-05 9.99369E-05 0.15455 9.99369E-05 0.184273 0.00862263 0.0904677 0.0251025 0.0555272 0.12366 9.99369E-05
9.98838E-05 9.98838E-05 9.98838E-05 9.98838E-05 0.0231302 9.98838E-05 9.98838E-05 9.98838E-05 0.975571 9.98838E-05 9.98838E-05 9.98838E-05 9.98838E-05 9.98838E-05 9.98838E-05
9.98741E-05 9.98741E-05 9.98741E-05 9.98741E-05 9.98741E-05 9.98741E-05 9.98741E-05 9.98741E-05 9.98741E-05 0.998602 9.98741E-05 9.98741E-05 9.98741E-05 9.98741E-05 9.98741E-05
9.98742E-05 9.98742E-05 9.98742E-05 9.98742E-05 9.98742E-05 9.98742E-05 9.98742E-05 9.98742E-05 9.98742E-05 0.998602 9.98742E-05 9.98742E-05 9.98742E-05 9.98742E-05 9.98742E-05
9.98921E-05 0.00407411 9.98921E-05 9.98921E-05 9.98921E-05 9.98921E-05 9.98921E-05 0.0192886 9.98921E-05 0.975439 9.98921E-05 9.98921E-05 9.98921E-05 9.98921E-05 9.98921E-05
9.98922E-05 9.98922E-05 9.98922E-05 9.98922E-05 0.00273589 0.00306634 9.98922E-05 9.98922E-05 9.98922E-05 0.992999 9.98922E-05 9.98922E-05 9.98922E-05 9.98922E-05 9.98922E-05
9.98742E-05 9.98742E-05 9.98742E-05 9.98742E-05 9.98742E-05 9.98742E-05 9.98742E-05 9.98742E-05 9.98742E-05 0.998602 9.98742E-05 9.98742E-05 9.98742E-05 9.98742E-05 9.98742E-05
9.994E-05 9.994E-05 0.0223295 9.994E-05 0.0236911 0.0547964 0.0406677 0.0304083 0.00824134 0.347893 9.994E-05 0.0865873 9.994E-05 0.384786 9.994E-05
9.98921E-05 9.98921E-05 0.0925236 9.98921E-05 9.98921E-05 9.98921E-05 9.98921E-05 9.98921E-05 0.0124403 0.893837 9.98921E-05 9.98921E-05 9.98921E-05 9.98921E-05 9.98921E-05
9.99098E-05 0.0282578 9.99098E-05 9.99098E-05 9.99098E-05 9.99098E-05 0.0254573 9.99098E-05 0.86988 9.99098E-05 9.99098E-05 0.0323887 0.043017 9.99098E-05 9.99098E-05
9.99009E-05 0.00338237 0.8852 9.99009E-05 9.99009E-05 9.99009E-05 9.99009E-05 9.99009E-05 9.99009E-05 0.0273771 9.99009E-05 0.0829417 9.99009E-05 9.99009E-05 9.99009E-05
9.98829E-05 9.98829E-05 9.98829E-05 0.599622 9.98829E-05 9.98829E-05 9.98829E-05 0.399079 9.98829E-05 9.98829E-05 9.98829E-05 9.98829E-05 9.98829E-05 9.98829E-05 9.98829E-05
9.99011E-05 9.99011E-05 9.99011E-05 9.99011E-05 9.99011E-05 9.99011E-05 9.99011E-05 9.99011E-05 0.0217278 0.0224052 9.99011E-05 9.99011E-05 0.912996 9.99011E-05 0.0417717
9.99189E-05 0.165435 9.99189E-05 9.99189E-05 9.99189E-05 9.99189E-05 0.198147 0.050491 0.190875 9.99189E-05 9.99189E-05 0.203018 0.191135 9.99189E-05 9.99189E-05
9.98834E-05 9.98834E-05 9.98834E-05 9.98834E-05 9.98834E-05 0.0184415 9.98834E-05 9.98834E-05 9.98834E-05 9.98834E-05 9.98834E-05 9.98834E-05 0.98026 9.98834E-05 9.98834E-05
9.98919E-05 9.98919E-05 9.98919E-05 0.00936823 9.98919E-05 9.98919E-05 0.0842701 9.98919E-05 9.98919E-05 9.98919E-05 9.98919E-05 9.98919E-05 0.905163 9.98919E-05 9.98919E-05
9.99099E-05 0.0313351 9.99099E-05 9.99099E-05 9.99099E-05 9.99099E-05 0.0389369 9.99099E-05 9.99099E-05 9.99099E-05 0.023136 9.99099E-05 0.85262 9.99099E-05 0.0529733
0.982053 9.9883E-05 9.9883E-05 9.9883E-05 9.9883E-05 9.9883E-05 9.9883E-05 9.9883E-05 0.0166482 9.9883E-05 9.9883E-05 9.9883E-05 9.9883E-05 9.9883E-05 9.9883E-05
9.98924E-05 9.98924E-05 9.98924E-05 0.384244 9.98924E-05 9.98924E-05 9.98924E-05 0.601573 9.98924E-05 9.98924E-05 9.98924E-05 9.98924E-05 9.98924E-05 9.98924E-05 0.0129843
9.9955E-05 0.0426531 0.0350628 9.9955E-05 0.116638 0.145041 0.206892 0.172321 0.0785381 0.0728799 9.9955E-05 9.9955E-05 0.0911269 9.9955E-05 0.0383475
9.99013E-05 9.99013E-05 9.99013E-05 0.84389 9.99013E-05 0.0470073 9.99013E-05 0.0797575 9.99013E-05 9.99013E-05 9.99013E-05 0.0282462 9.99013E-05 9.99013E-05 9.99013E-05
9.99009E-05 9.99009E-05 9.99009E-05 0.684336 9.99009E-05 9.99009E-05 9.99009E-05 0.144208 9.99009E-05 9.99009E-05 0.0455033 9.99009E-05 9.99009E-05 0.124854 9.99009E-05
9.9901E-05 9.9901E-05 9.9901E-05 9.9901E-05 9.9901E-05 0.0256234 9.9901E-05 0.962612 9.9901E-05 0.00664004 9.9901E-05 9.9901E-05 9.9901E-05 0.00402522 9.9901E-05
9.98743E-05 9.98743E-05 9.98743E-05 9.98743E-05 9.98743E-05 9.98743E-05 9.98743E-05 0.998602 9.98743E-05 9.98743E-05 9.98743E-05 9.98743E-05 9.98743E-05 9.98743E-05 9.98743E-05
9.99191E-05 9.99191E-05 9.99191E-05 0.583996 9.99191E-05 9.99191E-05 0.0351824 0.115383 0.00497385 9.99191E-05 9.99191E-05 9.99191E-05 9.99191E-05 0.259138 0.000428054
9.98919E-05 9.98919E-05 9.98919E-05 0.513621 9.98919E-05 9.98919E-05 9.98919E-05 0.465499 9.98919E-05 9.98919E-05 0.019682 9.98919E-05 9.98919E-05 9.98919E-05 9.98919E-05
9.9892E-05 9.9892E-05 9.9892E-05 9.9892E-05 9.9892E-05 0.975548 9.9892E-05 9.9892E-05 9.9892E-05 0.0120498 9.9892E-05 9.9892E-05 9.9892E-05 0.0112039 9.9892E-05
9.98829E-05 9.98829E-05 9.98829E-05 9.98829E-05 9.98829E-05 0.960416 9.98829E-05 9.98829E-05 9.98829E-05 9.98829E-05 9.98829E-05 9.98829E-05 0.0382858 9.98829E-05 9.98829E-05
0.00554737 9.99101E-05 9.99101E-05 0.890485 9.99101E-05 9.99101E-05 9.99101E-05 0.0793622 9.99101E-05 0.0202415 9.99101E-05 9.99101E-05 9.99101E-05 9.99101E-05 0.00336453
9.99368E-05 9.99368E-05 0.0648176 9.99368E-05 9.99368E-05 9.99368E-05 0.386595 0.0179127 0.128659 9.99368E-05 0.0438347 0.262372 0.0166526 9.99368E-05 0.0784562
9.99368E-05 9.99368E-05 0.0161352 9.99368E-05 9.99368E-05 9.99368E-05 0.377797 0.0583489 0.112389 9.99368E-05 0.0289839 0.283323 0.051448 9.99368E-05 0.0708757
9.98831E-05 9.98831E-05 9.98831E-05 9.98831E-05 9.98831E-05 9.98831E-05 9.98831E-05 9.98831E-05 0.00982308 9.98831E-05 9.98831E-05 9.98831E-05 9.98831E-05 9.98831E-05 0.988878
9.98833E-05 9.98833E-05 9.98833E-05 9.98833E-05 9.98833E-05 9.98833E-05 9.98833E-05 9.98833E-05 9.98833E-05 9.98833E-05 9.98833E-05 9.98833E-05 0.0119285 9.98833E-05 0.986773
9.9901E-05 9.9901E-05 0.0472619 9.9901E-05 9.9901E-05 0.00427079 0.920353 9.9901E-05 9.9901E-05 9.9901E-05 9.9901E-05 9.9901E-05 0.0270158 9.9901E-05 9.9901E-05
9.99009E-05 9.99009E-05 0.0237428 9.99009E-05 9.99009E-05 9.99009E-05 0.87772 0.014906 9.99009E-05 9.99009E-05 9.99009E-05 9.99009E-05 0.0825321 9.99009E-05 9.99009E-05
9.98922E-05 9.98922E-05 9.98922E-05 9.98922E-05 9.98922E-05 9.98922E-05 9.98922E-05 9.98922E-05 9.98922E-05 9.98922E-05 0.0181317 0.00872405 9.98922E-05 9.98922E-05 0.971946
9.98741E-05 9.98741E-05 9.98741E-05 9.98741E-05 9.98741E-05 9.98741E-05 9.98741E-05 9.98741E-05 9.98741E-05 9.98741E-05 9.98741E-05 9.98741E-05 9.98741E-05 9.98741E-05 0.998602
9.98919E-05 9.98919E-05 9.98919E-05 9.98919E-05 9.98919E-05 9.98919E-05 9.98919E-05 9.98919E-05 0.925671 0.00972085 9.98919E-05 9.98919E-05 0.0634093 9.98919E-05 9.98919E-05
0.0747285 9.99189E-05 0.0641644 9.99189E-05 9.99189E-05 9.99189E-05 0.398157 9.99189E-05 0.0650878 9.99189E-05 9.99189E-05 0.135977 0.260985 9.99189E-05 9.99189E-05
9.9892E-05 9.9892E-05 0.914829 9.9892E-05 9.9892E-05 9.9892E-05 9.9892E-05 9.9892E-05 9.9892E-05 0.0377015 9.9892E-05 0.0462704 9.9892E-05 9.9892E-05 9.9892E-05
9.98738E-05 0.998602 9.98738E-05 9.98738E-05 9.98738E-05 9.98738E-05 9.98738E-05 9.98738E-05 9.98738E-05 9.98738E-05 9.98738E-05 9.98738E-05 9.98738E-05 9.98738E-05 9.98738E-05
9.99101E-05 0.701012 9.99101E-05 9.99101E-05 9.99101E-05 9.99101E-05 9.99101E-05 9.99101E-05 0.0763922 9.99101E-05 0.051603 9.99101E-05 0.0985453 9.99101E-05 0.0714488
9.9874E-05 9.9874E-05 9.9874E-05 9.9874E-05 9.9874E-05 9.9874E-05 9.9874E-05 9.9874E-05 9.9874E-05 9.9874E-05 9.9874E-05 9.9874E-05 9.9874E-05 0.998602 9.9874E-05
