0.031881 9.99099E-05 0.96712 9.99099E-05 9.99099E-05 9.99099E-05 9.99099E-05 9.99099E-05 9.99099E-05 9.99099E-05 9.99099E-05 9.99099E-05
0.00234925 0.125601 0.0220198 9.9946E-05 9.9946E-05 9.9946E-05 0.0245209 9.9946E-05 0.765802 9.9946E-05 9.9946E-05 0.0591079
9.99465E-05 0.679604 9.99465E-05 9.99465E-05 0.099785 9.99465E-05 0.0292976 0.0101078 0.0721715 9.99465E-05 0.108434 9.99465E-05
0.00311428 0.957158 9.9928E-05 9.9928E-05 9.9928E-05 0.0141492 0.0247786 9.9928E-05 9.9928E-05 9.9928E-05 9.9928E-05 9.9928E-05
0.143369 0.424628 9.99552E-05 0.216732 9.99552E-05 0.0612792 0.0107337 9.99552E-05 0.134694 0.00806521 9.99552E-05 9.99552E-05
9.9919E-05 0.976907 9.9919E-05 9.9919E-05 0.00684773 9.9919E-05 9.9919E-05 9.9919E-05 9.9919E-05 0.0153462 9.9919E-05 9.9919E-05
9.9901E-05 9.9901E-05 9.9901E-05 0.998901 9.9901E-05 9.9901E-05 9.9901E-05 9.9901E-05 9.9901E-05 9.9901E-05 9.9901E-05 9.9901E-05
0.116845 0.0772135 9.99369E-05 9.99369E-05 0.670353 0.0387558 9.99369E-05 9.99369E-05 0.0961327 9.99369E-05 9.99369E-05 9.99369E-05
9.9919E-05 9.9919E-05 9.9919E-05 0.944855 9.9919E-05 9.9919E-05 9.9919E-05 9.9919E-05 0.0287524 9.9919E-05 9.9919E-05 0.0254932
0.876122 9.991E-05 9.991E-05 0.122879 9.991E-05 9.991E-05 9.991E-05 9.991E-05 9.991E-05 9.991E-05 9.991E-05 9.991E-05
0.87033 9.991E-05 9.991E-05 0.128671 9.991E-05 9.991E-05 9.991E-05 9.991E-05 9.991E-05 9.991E-05 9.991E-05 9.991E-05
9.9937E-05 0.0361173 0.682509 0.0188848 9.9937E-05 9.9937E-05 0.119933 9.9937E-05 9.9937E-05 9.9937E-05 0.141856 9.9937E-05
9.99191E-05 9.99191E-05 9.99191E-05 0.0677405 0.0091488 9.99191E-05 9.99191E-05 9.99191E-05 9.99191E-05 9.99191E-05 0.922211 9.99191E-05
9.9946E-05 0.924985 0.0328994 9.9946E-05 9.9946E-05 9.9946E-05 0.00344901 0.0108782 9.9946E-05 0.00688196 0.0203069 9.9946E-05
9.99191E-05 0.951817 0.0399889 9.99191E-05 9.99191E-05 9.99191E-05 9.99191E-05 0.00729531 9.99191E-05 9.99191E-05 9.99191E-05 9.99191E-05
9.99101E-05 9.99101E-05 9.99101E-05 9.99101E-05 9.99101E-05 9.99101E-05 9.99101E-05 9.99101E-05 9.99101E-05 9.99101E-05 0.175004 0.823997
0.261542 9.9937E-05 9.9937E-05 9.9937E-05 9.9937E-05 9.9937E-05 0.273744 0.0995821 9.9937E-05 9.9937E-05 0.186992 0.177441
0.133563 9.99459E-05 0.0399266 9.99459E-05 9.99459E-05 0.00769556 9.99459E-05 0.716968 0.0713638 9.99459E-05 9.99459E-05 0.0298834
9.9928E-05 9.9928E-05 9.9928E-05 9.9928E-05 9.9928E-05 9.9928E-05 0.0166232 0.864971 9.9928E-05 0.098564 0.0190425 9.9928E-05
0.490296 9.9937E-05 0.0942878 9.9937E-05 9.9937E-05 9.9937E-05 0.0457614 9.9937E-05 9.9937E-05 9.9937E-05 0.00951635 0.359438
9.99101E-05 9.99101E-05 9.99101E-05 9.99101E-05 9.99101E-05 9.99101E-05 9.99101E-05 0.934489 9.99101E-05 0.0645122 9.99101E-05 9.99101E-05
0.0859975 9.99549E-05 0.509104 9.99549E-05 9.99549E-05 0.00574471 0.0160017 9.99549E-05 9.99549E-05 0.00264081 0.081993 0.298018
0.301455 0.0149613 9.9928E-05 9.9928E-05 9.9928E-05 9.9928E-05 0.245986 0.436798 9.9928E-05 9.9928E-05 9.9928E-05 9.9928E-05
0.0924074 9.99189E-05 9.99189E-05 9.99189E-05 9.99189E-05 9.99189E-05 0.000982908 0.90571 9.99189E-05 9.99189E-05 9.99189E-05 9.99189E-05
9.99102E-05 0.980919 9.99102E-05 9.99102E-05 9.99102E-05 0.0180816 9.99102E-05 9.99102E-05 9.99102E-05 9.99102E-05 9.99102E-05 9.99102E-05
9.99101E-05 0.996615 9.99101E-05 9.99101E-05 9.99101E-05 0.00238547 9.99101E-05 9.99101E-05 9.99101E-05 9.99101E-05 9.99101E-05 9.99101E-05
0.0910082 9.99279E-05 0.0524026 9.99279E-05 9.99279E-05 9.99279E-05 0.0273614 9.99279E-05 9.99279E-05 9.99279E-05 0.828428 9.99279E-05
9.9928E-05 0.896536 9.9928E-05 0.0422256 9.9928E-05 0.0560534 9.9928E-05 9.9928E-05 9.9928E-05 9.9928E-05 0.00438586 9.9928E-05
9.99371E-05 0.887581 9.99371E-05 0.0153703 9.99371E-05 0.0648794 9.99371E-05 9.99371E-05 0.0184045 9.99371E-05 9.99371E-05 0.0130657
9.99371E-05 0.502067 9.99371E-05 9.99371E-05 0.370234 0.076873 9.99371E-05 9.99371E-05 0.00748609 0.042641 9.99371E-05 9.99371E-05
0.00658835 0.292574 9.99459E-05 9.99459E-05 0.619059 0.0501994 0.0246111 0.00636806 9.99459E-05 9.99459E-05 9.99459E-05 9.99459E-05
9.99013E-05 9.99013E-05 9.99013E-05 9.99013E-05 9.99013E-05 9.99013E-05 9.99013E-05 9.99013E-05 0.998901 9.99013E-05 9.99013E-05 9.99013E-05
9.99191E-05 0.828323 9.99191E-05 9.99191E-05 0.148085 9.99191E-05 9.99191E-05 9.99191E-05 9.99191E-05 9.99191E-05 9.99191E-05 0.0226927
9.99281E-05 9.99281E-05 9.99281E-05 0.0267826 0.308025 0.637303 9.99281E-05 9.99281E-05 0.0270907 9.99281E-05 9.99281E-05 9.99281E-05
0.160909 0.0107462 0.0500451 9.99458E-05 0.0436986 9.99458E-05 0.167056 9.99458E-05 9.99458E-05 9.99458E-05 0.566946 9.99458E-05
9.99369E-05 0.93258 9.99369E-05 0.00870843 0.00676145 9.99369E-05 9.99369E-05 9.99369E-05 0.0144545 9.99369E-05 0.036796 9.99369E-05
9.99101E-05 9.99101E-05 0.993917 9.99101E-05 0.0050837 9.99101E-05 9.99101E-05 9.99101E-05 9.99101E-05 9.99101E-05 9.99101E-05 9.99101E-05
0.635425 0.0254171 0.0873438 9.99459E-05 0.0381228 9.99459E-05 9.99459E-05 9.99459E-05 0.210409 0.00268282 9.99459E-05 9.99459E-05
0.121067 0.0692819 9.99551E-05 9.99551E-05 0.0692514 9.99551E-05 0.336492 0.0738431 9.99551E-05 9.99551E-05 0.186507 0.143057
0.325297 0.118489 0.206147 9.99369E-05 9.99369E-05 9.99369E-05 9.99369E-05 0.0104316 9.99369E-05 9.99369E-05 9.99369E-05 0.338936
0.263952 0.0663036 0.251788 9.99368E-05 9.99368E-05 9.99368E-05 0.0399249 9.99368E-05 9.99368E-05 9.99368E-05 9.99368E-05 0.377332
0.897973 9.99279E-05 0.061634 9.99279E-05 9.99279E-05 9.99279E-05 9.99279E-05 9.99279E-05 9.99279E-05 9.99279E-05 0.0246487 0.0149453
0.0160896 9.99459E-05 0.0189717 0.098274 9.99459E-05 9.99459E-05 9.99459E-05 9.99459E-05 9.99459E-05 0.0142138 0.048996 0.802855
0.912861 9.9937E-05 0.037776 9.9937E-05 9.9937E-05 0.0102551 0.00491688 9.9937E-05 9.9937E-05 9.9937E-05 0.0334914 9.9937E-05
0.477693 9.99549E-05 0.0478397 9.99549E-05 9.99549E-05 9.99549E-05 0.0791771 0.124629 0.0811497 9.99549E-05 0.140857 0.0481554
0.521091 0.0957655 0.119417 9.9964E-05 9.9964E-05 9.9964E-05 0.0211598 9.9964E-05 0.0108538 0.0926298 0.0173906 0.121293
0.335859 0.107397 0.187663 9.9955E-05 9.9955E-05 0.0463158 0.0855528 9.9955E-05 9.9955E-05 0.0260178 0.210694 9.9955E-05
9.99106E-05 9.99106E-05 0.98496 9.99106E-05 9.99106E-05 9.99106E-05 9.99106E-05 0.014041 9.99106E-05 9.99106E-05 9.99106E-05 9.99106E-05
9.99039E-05 9.99039E-05 9.99039E-05 9.99039E-05 9.99039E-05 0.998901 9.99039E-05 9.99039E-05 9.99039E-05 9.99039E-05 9.99039E-05 9.99039E-05
9.99011E-05 9.99011E-05 9.99011E-05 9.99011E-05 9.99011E-05 0.998901 9.99011E-05 9.99011E-05 9.99011E-05 9.99011E-05 9.99011E-05 9.99011E-05
9.99102E-05 9.99102E-05 9.99102E-05 9.99102E-05 9.99102E-05 0.99126 9.99102E-05 9.99102E-05 9.99102E-05 0.00774094 9.99102E-05 9.99102E-05
9.99012E-05 9.99012E-05 9.99012E-05 9.99012E-05 9.99012E-05 0.998901 9.99012E-05 9.99012E-05 9.99012E-05 9.99012E-05 9.99012E-05 9.99012E-05
9.99011E-05 9.99011E-05 9.99011E-05 9.99011E-05 9.99011E-05 0.998901 9.99011E-05 9.99011E-05 9.99011E-05 9.99011E-05 9.99011E-05 9.99011E-05
9.99551E-05 0.101492 9.99551E-05 0.058109 0.314559 0.366102 9.99551E-05 0.030611 0.0060925 9.99551E-05 9.99551E-05 0.122535
9.9928E-05 9.9928E-05 9.9928E-05 9.9928E-05 9.9928E-05 0.923609 0.00546105 9.9928E-05 0.0524972 9.9928E-05 9.9928E-05 0.0176333
9.99189E-05 9.99189E-05 0.780528 9.99189E-05 9.99189E-05 9.99189E-05 9.99189E-05 9.99189E-05 9.99189E-05 9.99189E-05 0.0160936 0.202479
9.99279E-05 9.99279E-05 9.99279E-05 0.0508029 9.99279E-05 0.0432518 9.99279E-05 9.99279E-05 0.878382 9.99279E-05 9.99279E-05 0.0267636
9.991E-05 0.985111 0.0138902 9.991E-05 9.991E-05 9.991E-05 9.991E-05 9.991E-05 9.991E-05 9.991E-05 9.991E-05 9.991E-05
9.9928E-05 9.9928E-05 0.0329485 9.9928E-05 9.9928E-05 9.9928E-05 0.000571393 9.9928E-05 9.9928E-05 9.9928E-05 0.850339 0.115342
9.99103E-05 9.99103E-05 9.99103E-05 9.99103E-05 9.99103E-05 9.99103E-05 9.99103E-05 9.99103E-05 9.99103E-05 9.99103E-05 0.0854388 0.913562
9.99102E-05 9.99102E-05 9.99102E-05 0.0633185 9.99102E-05 9.99102E-05 9.99102E-05 9.99102E-05 9.99102E-05 9.99102E-05 0.935682 9.99102E-05
0.115191 9.99189E-05 9.99189E-05 9.99189E-05 9.99189E-05 9.99189E-05 9.99189E-05 9.99189E-05 0.0145082 9.99189E-05 0.869401 9.99189E-05
0.105617 9.99188E-05 9.99188E-05 9.99188E-05 9.99188E-05 9.99188E-05 0.052897 9.99188E-05 9.99188E-05 9.99188E-05 0.840586 9.99188E-05
9.9901E-05 9.9901E-05 9.9901E-05 9.9901E-05 9.9901E-05 9.9901E-05 9.9901E-05 9.9901E-05 9.9901E-05 0.998901 9.9901E-05 9.9901E-05
0.000390477 0.99861 9.99105E-05 9.99105E-05 9.99105E-05 9.99105E-05 9.99105E-05 9.99105E-05 9.99105E-05 9.99105E-05 9.99105E-05 9.99105E-05
0.0801441 0.164152 9.998E-05 0.0345378 0.0724521 0.080835 0.154606 0.0900089 0.0725936 9.998E-05 0.108589 0.141881
9.99104E-05 0.945901 9.99104E-05 9.99104E-05 0.0530999 9.99104E-05 9.99104E-05 9.99104E-05 9.99104E-05 9.99104E-05 9.99104E-05 9.99104E-05
9.9919E-05 0.916748 0.056038 9.9919E-05 9.9919E-05 0.0263152 9.9919E-05 9.9919E-05 9.9919E-05 9.9919E-05 9.9919E-05 9.9919E-05
9.9937E-05 0.869652 9.9937E-05 0.0354926 0.0284229 0.0313426 9.9937E-05 9.9937E-05 9.9937E-05 9.9937E-05 9.9937E-05 0.03439
9.99461E-05 0.905392 9.99461E-05 0.0218318 9.99461E-05 0.00854214 9.99461E-05 0.0029191 0.0521027 9.99461E-05 9.99461E-05 0.00861219
0.0306558 0.75961 0.0203557 9.99461E-05 0.150778 9.99461E-05 0.0111304 9.99461E-05 0.0268699 9.99461E-05 9.99461E-05 9.99461E-05
9.9928E-05 0.949989 9.9928E-05 0.0228687 9.9928E-05 0.00581016 0.020533 9.9928E-05 9.9928E-05 9.9928E-05 9.9928E-05 9.9928E-05
9.991E-05 9.991E-05 9.991E-05 9.991E-05 0.987477 0.0115239 9.991E-05 9.991E-05 9.991E-05 9.991E-05 9.991E-05 9.991E-05
9.991E-05 9.991E-05 9.991E-05 0.0490202 0.949981 9.991E-05 9.991E-05 9.991E-05 9.991E-05 9.991E-05 9.991E-05 9.991E-05
9.99281E-05 0.929984 9.99281E-05 9.99281E-05 9.99281E-05 0.0386079 9.99281E-05 0.00656418 9.99281E-05 9.99281E-05 9.99281E-05 0.0240441
9.99099E-05 9.99099E-05 9.99099E-05 9.99099E-05 0.0203487 9.99099E-05 9.99099E-05 9.99099E-05 9.99099E-05 9.99099E-05 9.99099E-05 0.978652
9.991E-05 9.991E-05 9.991E-05 9.991E-05 9.991E-05 0.00995392 9.991E-05 9.991E-05 9.991E-05 9.991E-05 9.991E-05 0.989047
9.9901E-05 9.9901E-05 9.9901E-05 9.9901E-05 9.9901E-05 9.9901E-05 0.998901 9.9901E-05 9.9901E-05 9.9901E-05 9.9901E-05 9.9901E-05
9.9901E-05 9.9901E-05 9.9901E-05 9.9901E-05 9.9901E-05 9.9901E-05 0.998901 9.9901E-05 9.9901E-05 9.9901E-05 9.9901E-05 9.9901E-05
0.799754 9.99369E-05 0.0113534 9.99369E-05 9.99369E-05 9.99369E-05 9.99369E-05 9.99369E-05 0.0770594 9.99369E-05 0.0180786 0.0930555
0.771782 9.99459E-05 0.00198668 0.00274613 9.99459E-05 9.99459E-05 9.99459E-05 9.99459E-05 0.0480053 9.99459E-05 0.051457 0.123423
9.991E-05 9.991E-05 9.991E-05 9.991E-05 9.991E-05 9.991E-05 0.988851 9.991E-05 0.0101504 9.991E-05 9.991E-05 9.991E-05
9.99009E-05 9.99009E-05 9.99009E-05 9.99009E-05 9.99009E-05 9.99009E-05 0.998901 9.99009E-05 9.99009E-05 9.99009E-05 9.99009E-05 9.99009E-05
9.99279E-05 9.99279E-05 0.957889 9.99279E-05 9.99279E-05 0.000780034 9.99279E-05 9.99279E-05 9.99279E-05 9.99279E-05 0.0157475 0.0247845
0.125682 9.99549E-05 0.00650047 0.0761666 9.99549E-05 9.99549E-05 9.99549E-05 0.071728 0.0055515 9.99549E-05 0.160344 0.553528
9.99189E-05 9.99189E-05 9.99189E-05 0.0517613 9.99189E-05 0.0605344 9.99189E-05 9.99189E-05 0.886805 9.99189E-05 9.99189E-05 9.99189E-05
0.310457 0.0329769 9.99373E-05 9.99373E-05 9.99373E-05 9.99373E-05 0.197001 0.105139 9.99373E-05 9.99373E-05 0.353727 9.99373E-05
9.99371E-05 9.99371E-05 0.12308 9.99371E-05 9.99371E-05 9.99371E-05 0.258843 0.133454 9.99371E-05 9.99371E-05 0.409154 0.0747698
9.99371E-05 0.208426 9.99371E-05 9.99371E-05 0.71301 0.0538476 9.99371E-05 0.0151425 9.99371E-05 0.00887398 9.99371E-05 9.99371E-05
