0.0084028 9.99189E-05 9.99189E-05 9.99189E-05 0.946114 0.044584 9.99189E-05 9.99189E-05 9.99189E-05 9.99189E-05 9.99189E-05 9.99189E-05
9.99278E-05 0.146482 9.99278E-05 9.99278E-05 0.0450512 9.99278E-05 0.140107 0.667559 9.99278E-05 9.99278E-05 9.99278E-05 9.99278E-05
0.0673636 0.524249 0.314943 9.99287E-05 9.99287E-05 9.99287E-05 9.99287E-05 9.99287E-05 9.99287E-05 0.0926447 9.99287E-05 9.99287E-05
0.0279209 0.965364 9.9919E-05 9.9919E-05 9.9919E-05 0.00581562 9.9919E-05 9.9919E-05 9.9919E-05 9.9919E-05 9.9919E-05 9.9919E-05
9.99462E-05 0.32679 0.181303 0.00614802 9.99462E-05 0.175094 0.0503643 0.259701 9.99462E-05 9.99462E-05 9.99462E-05 9.99462E-05
9.99191E-05 0.962624 0.0132105 0.023266 9.99191E-05 9.99191E-05 9.99191E-05 9.99191E-05 9.99191E-05 9.99191E-05 9.99191E-05 9.99191E-05
9.99282E-05 9.99282E-05 0.032738 9.99282E-05 9.99282E-05 9.99282E-05 9.99282E-05 0.542424 0.0881239 0.335915 9.99282E-05 9.99282E-05
0.00936101 0.0541623 0.687986 9.99459E-05 9.99459E-05 0.0835369 9.99459E-05 0.131204 9.99459E-05 9.99459E-05 9.99459E-05 0.0331499
9.99281E-05 9.99281E-05 0.044206 9.99281E-05 9.99281E-05 9.99281E-05 9.99281E-05 0.618437 0.164626 0.171931 9.99281E-05 9.99281E-05
9.99012E-05 9.99012E-05 9.99012E-05 9.99012E-05 9.99012E-05 0.998901 9.99012E-05 9.99012E-05 9.99012E-05 9.99012E-05 9.99012E-05 9.99012E-05
9.99012E-05 9.99012E-05 9.99012E-05 9.99012E-05 9.99012E-05 0.998901 9.99012E-05 9.99012E-05 9.99012E-05 9.99012E-05 9.99012E-05 9.99012E-05
0.1203 0.0234118 9.99281E-05 9.99281E-05 0.686459 9.99281E-05 9.99281E-05 9.99281E-05 9.99281E-05 0.16903 9.99281E-05 9.99281E-05
9.99102E-05 9.99102E-05 0.0305464 9.99102E-05 9.99102E-05 9.99102E-05 9.99102E-05 9.99102E-05 9.99102E-05 0.968455 9.99102E-05 9.99102E-05
0.0157609 0.930621 9.99371E-05 9.99371E-05 9.99371E-05 9.99371E-05 0.0330241 0.00910159 9.99371E-05 9.99371E-05 0.0107933 9.99371E-05
9.99191E-05 0.942138 9.99191E-05 9.99191E-05 0.0325254 0.0244378 9.99191E-05 9.99191E-05 9.99191E-05 9.99191E-05 9.99191E-05 9.99191E-05
9.9928E-05 9.9928E-05 9.9928E-05 9.9928E-05 9.9928E-05 0.0531599 0.00970669 9.9928E-05 0.805306 0.131028 9.9928E-05 9.9928E-05
9.99099E-05 9.99099E-05 9.99099E-05 9.99099E-05 9.99099E-05 0.103699 0.895302 9.99099E-05 9.99099E-05 9.99099E-05 9.99099E-05 9.99099E-05
9.99549E-05 9.99549E-05 9.99549E-05 9.99549E-05 0.00810367 0.107806 0.0266179 0.0432135 0.0532285 9.99549E-05 0.726831 0.033699
0.0864168 9.991E-05 9.991E-05 9.991E-05 9.991E-05 9.991E-05 9.991E-05 9.991E-05 9.991E-05 9.991E-05 0.912584 9.991E-05
0.0414086 9.99369E-05 9.99369E-05 9.99369E-05 0.136369 0.43018 0.0694232 9.99369E-05 0.32192 9.99369E-05 9.99369E-05 9.99369E-05
9.99011E-05 9.99011E-05 9.99011E-05 9.99011E-05 9.99011E-05 9.99011E-05 9.99011E-05 9.99011E-05 9.99011E-05 9.99011E-05 0.998901 9.99011E-05
9.9937E-05 9.9937E-05 9.9937E-05 9.9937E-05 0.526024 0.0476859 0.0889071 9.9937E-05 0.314698 0.0219854 9.9937E-05 9.9937E-05
9.99099E-05 9.99099E-05 9.99099E-05 0.919891 9.99099E-05 9.99099E-05 9.99099E-05 9.99099E-05 9.99099E-05 9.99099E-05 0.0791095 9.99099E-05
9.99098E-05 9.99098E-05 9.99098E-05 0.240989 9.99098E-05 9.99098E-05 9.99098E-05 9.99098E-05 9.99098E-05 9.99098E-05 0.758012 9.99098E-05
9.99103E-05 0.972436 9.99103E-05 9.99103E-05 9.99103E-05 9.99103E-05 9.99103E-05 9.99103E-05 9.99103E-05 9.99103E-05 9.99103E-05 0.0265653
9.99013E-05 0.998901 9.99013E-05 9.99013E-05 9.99013E-05 9.99013E-05 9.99013E-05 9.99013E-05 9.99013E-05 9.99013E-05 9.99013E-05 9.99013E-05
0.0493732 9.99368E-05 9.99368E-05 9.99368E-05 0.0382522 0.102453 0.0702356 9.99368E-05 9.99368E-05 0.738986 9.99368E-05 9.99368E-05
9.99191E-05 0.905685 9.99191E-05 9.99191E-05 9.99191E-05 9.99191E-05 9.99191E-05 0.0170474 9.99191E-05 9.99191E-05 9.99191E-05 0.0763681
9.9928E-05 0.858987 9.9928E-05 9.9928E-05 9.9928E-05 9.9928E-05 9.9928E-05 0.0452035 9.9928E-05 0.0293671 9.9928E-05 0.0656434
0.0154484 0.457232 0.368337 9.9973E-05 0.00603793 9.9973E-05 0.00181062 0.00622682 9.9973E-05 0.00497828 0.0224531 0.117175
0.0373264 0.267372 0.660307 9.99369E-05 9.99369E-05 9.99369E-05 0.0195201 9.99369E-05 9.99369E-05 9.99369E-05 9.99369E-05 0.0147745
9.99012E-05 9.99012E-05 9.99012E-05 9.99012E-05 9.99012E-05 9.99012E-05 9.99012E-05 0.998901 9.99012E-05 9.99012E-05 9.99012E-05 9.99012E-05
9.99192E-05 0.847434 0.133143 9.99192E-05 9.99192E-05 9.99192E-05 0.0185238 9.99192E-05 9.99192E-05 9.99192E-05 9.99192E-05 9.99192E-05
9.99371E-05 9.99371E-05 0.311874 9.99371E-05 0.0123129 0.00563603 9.99371E-05 0.00369104 9.99371E-05 9.99371E-05 9.99371E-05 0.665787
0.108381 9.99458E-05 0.068004 9.99458E-05 0.037557 0.0236046 0.289448 9.99458E-05 9.99458E-05 0.472406 9.99458E-05 9.99458E-05
9.99459E-05 0.86339 0.0625267 9.99459E-05 9.99459E-05 9.99459E-05 0.00915613 0.0157528 0.0150333 0.0335411 9.99459E-05 9.99459E-05
9.9919E-05 9.9919E-05 0.0207645 9.9919E-05 0.968105 9.9919E-05 0.0102314 9.9919E-05 9.9919E-05 9.9919E-05 9.9919E-05 9.9919E-05
9.99549E-05 9.99549E-05 0.0263435 0.0341191 0.117343 0.560377 0.050561 0.204038 9.99549E-05 9.99549E-05 0.00671854 9.99549E-05
9.9901E-05 9.9901E-05 9.9901E-05 9.9901E-05 9.9901E-05 9.9901E-05 0.998901 9.9901E-05 9.9901E-05 9.9901E-05 9.9901E-05 9.9901E-05
9.99368E-05 0.0599606 9.99368E-05 9.99368E-05 0.191815 0.246746 0.20015 9.99368E-05 0.300629 9.99368E-05 9.99368E-05 9.99368E-05
9.994E-05 0.0496499 9.994E-05 9.994E-05 0.247104 0.255645 0.145607 9.994E-05 0.287847 9.994E-05 0.0135473 9.994E-05
9.99369E-05 9.99369E-05 9.99369E-05 0.0130707 0.0664676 0.855311 0.0280983 9.99369E-05 0.0363529 9.99369E-05 9.99369E-05 9.99369E-05
9.99461E-05 9.99461E-05 9.99461E-05 9.99461E-05 0.00531775 0.00268735 9.99461E-05 0.00384863 0.957568 0.0291761 0.000802552 9.99461E-05
0.0335834 9.9955E-05 9.9955E-05 0.013023 0.0255639 0.878633 0.0174184 9.9955E-05 9.9955E-05 0.0309611 9.9955E-05 0.00031755
0.00342484 9.99549E-05 9.99549E-05 0.468194 0.11262 0.192041 9.99549E-05 0.0514677 0.0374181 0.134335 9.99549E-05 9.99549E-05
9.99459E-05 0.0392129 0.042571 0.247993 0.139895 0.318424 9.99459E-05 9.99459E-05 0.211304 9.99459E-05 9.99459E-05 9.99459E-05
9.9955E-05 0.0867681 9.9955E-05 0.0655475 0.200455 0.209814 0.248288 9.9955E-05 9.9955E-05 0.144832 9.9955E-05 0.043796
9.99106E-05 9.99106E-05 9.99106E-05 9.99106E-05 0.985794 9.99106E-05 9.99106E-05 9.99106E-05 9.99106E-05 9.99106E-05 0.013207 9.99106E-05
9.99011E-05 9.99011E-05 9.99011E-05 9.99011E-05 9.99011E-05 9.99011E-05 9.99011E-05 9.99011E-05 9.99011E-05 9.99011E-05 9.99011E-05 0.998901
9.99101E-05 9.99101E-05 9.99101E-05 9.99101E-05 9.99101E-05 9.99101E-05 0.00744687 9.99101E-05 9.99101E-05 9.99101E-05 9.99101E-05 0.991554
9.99191E-05 9.99191E-05 9.99191E-05 9.99191E-05 9.99191E-05 0.0320651 9.99191E-05 9.99191E-05 0.00890632 9.99191E-05 9.99191E-05 0.958129
9.99012E-05 9.99012E-05 9.99012E-05 9.99012E-05 9.99012E-05 9.99012E-05 9.99012E-05 9.99012E-05 9.99012E-05 9.99012E-05 9.99012E-05 0.998901
9.99011E-05 9.99011E-05 9.99011E-05 9.99011E-05 9.99011E-05 9.99011E-05 9.99011E-05 9.99011E-05 9.99011E-05 9.99011E-05 9.99011E-05 0.998901
9.99461E-05 0.0285862 0.408956 0.0803696 9.99461E-05 9.99461E-05 9.99461E-05 0.0520365 0.114505 9.99461E-05 9.99461E-05 0.314948
9.99101E-05 9.99101E-05 9.99101E-05 9.99101E-05 9.99101E-05 9.99101E-05 9.99101E-05 0.0629493 9.99101E-05 9.99101E-05 9.99101E-05 0.936052
9.99189E-05 9.99189E-05 9.99189E-05 9.99189E-05 0.819009 9.99189E-05 9.99189E-05 9.99189E-05 0.171356 0.00873613 9.99189E-05 9.99189E-05
0.00133727 9.99278E-05 9.99278E-05 9.99278E-05 0.0236304 9.99278E-05 9.99278E-05 0.938574 9.99278E-05 9.99278E-05 9.99278E-05 0.0356592
9.99009E-05 0.998901 9.99009E-05 9.99009E-05 9.99009E-05 9.99009E-05 9.99009E-05 9.99009E-05 9.99009E-05 9.99009E-05 9.99009E-05 9.99009E-05
0.0352361 9.9937E-05 9.9937E-05 9.9937E-05 0.0374057 9.9937E-05 9.9937E-05 9.9937E-05 0.0884899 0.801974 9.9937E-05 0.0361952
9.99192E-05 9.99192E-05 9.99192E-05 9.99192E-05 0.00577136 9.99192E-05 9.99192E-05 9.99192E-05 0.942974 0.0503552 9.99192E-05 9.99192E-05
9.99013E-05 9.99013E-05 9.99013E-05 9.99013E-05 9.99013E-05 9.99013E-05 9.99013E-05 9.99013E-05 9.99013E-05 0.998901 9.99013E-05 9.99013E-05
9.99099E-05 9.99099E-05 9.99099E-05 9.99099E-05 9.99099E-05 0.118943 9.99099E-05 9.99099E-05 9.99099E-05 0.880058 9.99099E-05 9.99099E-05
0.0591272 9.99369E-05 9.99369E-05 9.99369E-05 9.99369E-05 0.0922479 0.0205232 9.99369E-05 9.99369E-05 0.826582 0.000820615 9.99369E-05
9.99102E-05 9.99102E-05 9.99102E-05 9.99102E-05 0.0766935 9.99102E-05 9.99102E-05 9.99102E-05 9.99102E-05 9.99102E-05 0.922307 9.99102E-05
9.99105E-05 0.996698 9.99105E-05 9.99105E-05 9.99105E-05 9.99105E-05 9.99105E-05 9.99105E-05 0.0023025 9.99105E-05 9.99105E-05 9.99105E-05
0.117556 0.216567 0.187569 0.0867013 9.9973E-05 9.9973E-05 9.9973E-05 0.0874462 0.186007 0.077748 0.0175103 0.0225958
9.99193E-05 0.940154 0.049106 9.99193E-05 9.99193E-05 9.99193E-05 9.99193E-05 9.99193E-05 9.99193E-05 0.00984049 9.99193E-05 9.99193E-05
9.9928E-05 0.902556 0.0509034 9.9928E-05 0.00264738 9.9928E-05 0.0430939 9.9928E-05 9.9928E-05 9.9928E-05 9.9928E-05 9.9928E-05
9.9937E-05 0.811612 0.0477626 9.9937E-05 9.9937E-05 9.9937E-05 9.9937E-05 0.0401317 0.0501542 9.9937E-05 9.9937E-05 0.0496397
9.9937E-05 0.84864 0.0469147 9.9937E-05 9.9937E-05 9.9937E-05 9.9937E-05 0.0711713 0.0190712 9.9937E-05 9.9937E-05 0.013503
9.99281E-05 0.8045 0.0822558 9.99281E-05 9.99281E-05 0.0389812 0.0734636 9.99281E-05 9.99281E-05 9.99281E-05 9.99281E-05 9.99281E-05
9.991E-05 0.960805 9.991E-05 9.991E-05 9.991E-05 9.991E-05 0.0381964 9.991E-05 9.991E-05 9.991E-05 9.991E-05 9.991E-05
9.99009E-05 9.99009E-05 0.998901 9.99009E-05 9.99009E-05 9.99009E-05 9.99009E-05 9.99009E-05 9.99009E-05 9.99009E-05 9.99009E-05 9.99009E-05
9.991E-05 9.991E-05 0.936663 9.991E-05 9.991E-05 9.991E-05 9.991E-05 9.991E-05 9.991E-05 0.0623375 9.991E-05 9.991E-05
0.0161719 0.966632 9.99192E-05 9.99192E-05 9.99192E-05 9.99192E-05 9.99192E-05 9.99192E-05 9.99192E-05 9.99192E-05 9.99192E-05 0.0162972
9.9901E-05 9.9901E-05 9.9901E-05 9.9901E-05 9.9901E-05 9.9901E-05 9.9901E-05 9.9901E-05 0.998901 9.9901E-05 9.9901E-05 9.9901E-05
0.00479369 0.0114916 0.00814632 9.99279E-05 9.99279E-05 9.99279E-05 9.99279E-05 9.99279E-05 0.974769 9.99279E-05 9.99279E-05 9.99279E-05
0.987754 9.99102E-05 9.99102E-05 9.99102E-05 9.99102E-05 9.99102E-05 0.0112469 9.99102E-05 9.99102E-05 9.99102E-05 9.99102E-05 9.99102E-05
0.998901 9.99012E-05 9.99012E-05 9.99012E-05 9.99012E-05 9.99012E-05 9.99012E-05 9.99012E-05 9.99012E-05 9.99012E-05 9.99012E-05 9.99012E-05
9.99369E-05 9.99369E-05 9.99369E-05 9.99369E-05 0.067781 0.77429 9.99369E-05 0.0495917 0.0911529 0.0164853 9.99369E-05 9.99369E-05
9.9937E-05 9.9937E-05 9.9937E-05 9.9937E-05 0.0478701 0.734994 9.9937E-05 0.0328237 0.118372 0.0652406 9.9937E-05 9.9937E-05
0.961847 9.99281E-05 0.00426742 0.00685906 9.99281E-05 9.99281E-05 9.99281E-05 9.99281E-05 0.0262274 9.99281E-05 9.99281E-05 9.99281E-05
0.998901 9.99011E-05 9.99011E-05 9.99011E-05 9.99011E-05 9.99011E-05 9.99011E-05 9.99011E-05 9.99011E-05 9.99011E-05 9.99011E-05 9.99011E-05
9.99279E-05 9.99279E-05 9.99279E-05 9.99279E-05 0.947556 9.99279E-05 9.99279E-05 9.99279E-05 0.00128414 0.0269158 9.99279E-05 0.0234448
9.99459E-05 9.99459E-05 9.99459E-05 0.0557848 9.99459E-05 0.132264 9.99459E-05 0.0559171 0.521137 0.184111 0.0501855 9.99459E-05
9.99098E-05 9.99098E-05 9.99098E-05 9.99098E-05 9.99098E-05 9.99098E-05 9.99098E-05 0.955694 9.99098E-05 9.99098E-05 9.99098E-05 0.0433071
9.99189E-05 0.0147764 9.99189E-05 0.827868 9.99189E-05 9.99189E-05 9.99189E-05 9.99189E-05 9.99189E-05 0.156456 9.99189E-05 9.99189E-05
0.0960213 9.99371E-05 9.99371E-05 0.257963 0.0915164 9.99371E-05 0.270348 9.99371E-05 9.99371E-05 0.283452 9.99371E-05 9.99371E-05
0.0395359 0.204356 0.684679 9.9946E-05 9.9946E-05 0.00779985 9.9946E-05 9.9946E-05 9.9946E-05 9.9946E-05 0.0213038 0.0417257
