9.99549E-05 0.0154609 0.960627 9.99549E-05 9.99549E-05 9.99549E-05 0.0234125 9.99549E-05
9.9982E-05 0.0224138 0.187461 9.9982E-05 0.11493 0.314242 0.0852068 0.275547
0.0379071 0.0238071 9.99822E-05 0.0585165 0.051805 0.772977 9.99822E-05 0.0547872
9.9946E-05 0.0324481 9.9946E-05 9.9946E-05 9.9946E-05 0.966952 9.9946E-05 9.9946E-05
9.99731E-05 9.99731E-05 0.0492254 9.99731E-05 0.0875182 0.466602 0.15497 0.241384
9.9946E-05 9.9946E-05 9.9946E-05 9.9946E-05 9.9946E-05 0.98645 0.0129505 9.9946E-05
9.9946E-05 9.9946E-05 9.9946E-05 0.000468244 9.9946E-05 9.9946E-05 9.9946E-05 0.998932
9.99641E-05 9.99641E-05 9.99641E-05 9.99641E-05 0.320617 0.41438 0.0693374 0.195266
9.994E-05 9.994E-05 9.994E-05 9.994E-05 9.994E-05 9.994E-05 9.994E-05 0.9993
9.99461E-05 9.99461E-05 9.99461E-05 9.99461E-05 9.99461E-05 9.99461E-05 0.926951 0.0724495
9.9946E-05 9.9946E-05 9.9946E-05 9.9946E-05 9.9946E-05 9.9946E-05 0.890163 0.109238
9.9964E-05 0.126527 0.666801 0.169569 9.9964E-05 0.0367031 9.9964E-05 9.9964E-05
9.99461E-05 9.99461E-05 9.99461E-05 0.968068 9.99461E-05 9.99461E-05 9.99461E-05 0.0313327
0.0210177 0.00754266 0.00358381 9.9964E-05 9.9964E-05 0.967456 9.9964E-05 9.9964E-05
9.9955E-05 9.9955E-05 0.0267386 9.9955E-05 9.9955E-05 0.936073 0.036689 9.9955E-05
9.99729E-05 0.0450499 0.145934 0.25771 9.99729E-05 9.99729E-05 0.282309 0.268697
0.0465781 0.302416 9.9964E-05 0.249425 9.9964E-05 9.9964E-05 0.401181 9.9964E-05
0.672325 9.9973E-05 0.0566109 9.9973E-05 0.0579742 9.9973E-05 0.155592 0.0571983
0.927875 0.0715249 9.9946E-05 9.9946E-05 9.9946E-05 9.9946E-05 9.9946E-05 9.9946E-05
9.99639E-05 0.0925703 0.158818 0.0737172 9.99639E-05 9.99639E-05 0.674495 9.99639E-05
0.988745 9.9955E-05 9.9955E-05 9.9955E-05 0.00545111 0.00530381 9.9955E-05 9.9955E-05
9.9973E-05 0.0315485 0.611148 0.177714 9.9973E-05 0.0193159 0.159973 9.9973E-05
0.404738 0.303565 9.99641E-05 9.99641E-05 0.0166324 9.99641E-05 0.274665 9.99641E-05
0.894179 0.0762342 9.99549E-05 9.99549E-05 9.99549E-05 9.99549E-05 0.029087 9.99549E-05
9.994E-05 9.994E-05 9.994E-05 9.994E-05 9.994E-05 0.9993 9.994E-05 9.994E-05
9.994E-05 9.994E-05 9.994E-05 9.994E-05 9.994E-05 0.9993 9.994E-05 9.994E-05
9.99639E-05 0.0392294 0.0645902 0.855122 9.99639E-05 9.99639E-05 0.0406582 9.99639E-05
9.9955E-05 9.9955E-05 9.9955E-05 9.9955E-05 0.0277455 0.925967 9.9955E-05 0.0457875
9.9955E-05 9.9955E-05 9.9955E-05 9.9955E-05 0.0555603 0.891278 9.9955E-05 0.0526624
0.0446698 9.99821E-05 0.0353177 0.00295257 0.212047 0.690666 9.99821E-05 0.0141464
0.00019266 0.04831 9.99731E-05 9.99731E-05 0.241257 0.683165 9.99731E-05 0.0267759
9.99641E-05 9.99641E-05 0.175182 9.99641E-05 0.370488 0.0824482 9.99641E-05 0.371483
9.99461E-05 9.99461E-05 9.99461E-05 9.99461E-05 9.99461E-05 0.991775 9.99461E-05 0.0076253
9.99641E-05 0.0205027 9.99641E-05 9.99641E-05 0.780196 0.087957 9.99641E-05 0.110945
9.99729E-05 0.170479 0.0483424 0.634827 9.99729E-05 0.0458652 0.100186 9.99729E-05
9.9964E-05 0.00728168 9.9964E-05 0.0090584 9.9964E-05 0.971021 9.9964E-05 0.012239
9.99461E-05 9.99461E-05 0.998994 9.99461E-05 9.99461E-05 0.000406546 9.99461E-05 9.99461E-05
9.9973E-05 9.9973E-05 0.142705 9.9973E-05 0.0848002 0.04988 0.695904 0.0264105
0.0429349 0.365947 0.0200804 0.172051 9.9982E-05 0.143405 0.255381 9.9982E-05
9.99549E-05 9.99549E-05 0.31554 9.99549E-05 9.99549E-05 0.133294 0.550666 9.99549E-05
9.99639E-05 0.0169869 0.355903 9.99639E-05 9.99639E-05 0.0672975 0.559413 9.99639E-05
9.9946E-05 9.9946E-05 0.00629981 9.9946E-05 9.9946E-05 9.9946E-05 0.993101 9.9946E-05
9.99639E-05 9.99639E-05 0.234543 0.109417 9.99639E-05 9.99639E-05 0.245371 0.410269
9.9955E-05 0.0062692 9.9955E-05 0.0500033 9.9955E-05 9.9955E-05 0.943228 9.9955E-05
0.115995 0.109596 0.0998815 0.17559 9.9982E-05 9.9982E-05 0.487661 0.0110764
0.022112 9.9982E-05 0.179259 0.0588781 9.9982E-05 0.0846648 0.652477 0.00240883
9.998E-05 0.0813595 0.210896 0.281906 0.020864 0.122796 0.281979 9.998E-05
9.994E-05 9.994E-05 0.9993 9.994E-05 9.994E-05 9.994E-05 9.994E-05 9.994E-05
9.994E-05 9.994E-05 9.994E-05 9.994E-05 0.9993 9.994E-05 9.994E-05 9.994E-05
9.994E-05 9.994E-05 9.994E-05 9.994E-05 0.9993 9.994E-05 9.994E-05 9.994E-05
9.9946E-05 9.9946E-05 9.9946E-05 9.9946E-05 0.985425 9.9946E-05 0.0139753 9.9946E-05
9.994E-05 9.994E-05 9.994E-05 9.994E-05 0.9993 9.994E-05 9.994E-05 9.994E-05
9.994E-05 9.994E-05 9.994E-05 9.994E-05 0.9993 9.994E-05 9.994E-05 9.994E-05
0.0377323 9.99821E-05 9.99821E-05 0.0314438 0.507244 0.256874 0.0626249 0.103882
9.9946E-05 9.9946E-05 0.0327861 9.9946E-05 0.966614 9.9946E-05 9.9946E-05 9.9946E-05
9.99549E-05 9.99549E-05 0.899581 0.0394581 9.99549E-05 9.99549E-05 9.99549E-05 0.0604613
9.99729E-05 0.004129 0.147157 9.99729E-05 0.34421 0.0827388 9.99729E-05 0.421465
0.00156695 9.99459E-05 9.99459E-05 9.99459E-05 9.99459E-05 0.997833 9.99459E-05 9.99459E-05
9.9964E-05 0.00760155 0.0664723 0.875509 9.9964E-05 9.9964E-05 9.9964E-05 0.050017
9.9973E-05 0.0473228 0.277855 0.22909 9.9973E-05 9.9973E-05 0.137118 0.308314
9.99461E-05 9.99461E-05 9.99461E-05 0.981012 9.99461E-05 9.99461E-05 9.99461E-05 0.0183885
9.99459E-05 9.99459E-05 9.99459E-05 0.901072 9.99459E-05 9.99459E-05 0.0983284 9.99459E-05
9.99549E-05 0.0560399 9.99549E-05 0.900471 9.99549E-05 9.99549E-05 0.0429894 9.99549E-05
0.872119 9.99461E-05 0.127282 9.99461E-05 9.99461E-05 9.99461E-05 9.99461E-05 9.99461E-05
9.99463E-05 0.000460279 9.99463E-05 9.99463E-05 9.99463E-05 0.99894 9.99463E-05 9.99463E-05
0.0592038 0.133194 0.130488 0.0867129 0.0891901 0.249374 0.0621715 0.189665
9.99462E-05 9.99462E-05 9.99462E-05 9.99462E-05 9.99462E-05 0.941712 9.99462E-05 0.0576881
9.9955E-05 9.9955E-05 0.0415968 9.9955E-05 0.00932967 0.948574 9.9955E-05 9.9955E-05
9.9964E-05 9.9964E-05 9.9964E-05 0.0108768 0.0520902 0.879012 9.9964E-05 0.057621
0.000382153 9.9973E-05 0.0126007 9.9973E-05 0.0229707 0.909449 9.9973E-05 0.0542977
9.99641E-05 9.99641E-05 0.015485 9.99641E-05 9.99641E-05 0.89896 0.0823045 0.00285039
9.994E-05 9.994E-05 9.994E-05 9.994E-05 9.994E-05 0.9993 9.994E-05 9.994E-05
9.99552E-05 9.99552E-05 9.99552E-05 9.99552E-05 0.31817 0.479517 9.99552E-05 0.201814
9.99552E-05 9.99552E-05 9.99552E-05 9.99552E-05 0.134412 0.456299 9.99552E-05 0.40879
9.9964E-05 9.9964E-05 0.0181537 9.9964E-05 0.00883593 0.965254 0.00735659 9.9964E-05
9.99819E-05 0.0904054 0.205445 0.00987159 9.99819E-05 0.00415523 0.224629 0.465293
9.99638E-05 0.105026 0.174449 9.99638E-05 9.99638E-05 9.99638E-05 0.197551 0.522574
9.994E-05 0.9993 9.994E-05 9.994E-05 9.994E-05 9.994E-05 9.994E-05 9.994E-05
9.994E-05 0.9993 9.994E-05 9.994E-05 9.994E-05 9.994E-05 9.994E-05 9.994E-05
9.9973E-05 9.9973E-05 0.0287323 0.028964 0.0175409 9.9973E-05 0.899677 0.0247859
9.9973E-05 9.9973E-05 0.0335309 0.0274162 0.00129481 9.9973E-05 0.873093 0.0643653
9.9946E-05 0.977051 9.9946E-05 9.9946E-05 9.9946E-05 9.9946E-05 0.0223489 9.9946E-05
9.994E-05 0.9993 9.994E-05 9.994E-05 9.994E-05 9.994E-05 9.994E-05 9.994E-05
9.99459E-05 9.99459E-05 0.913721 0.0856792 9.99459E-05 9.99459E-05 9.99459E-05 9.99459E-05
0.0736264 9.99729E-05 0.139709 0.159843 9.99729E-05 9.99729E-05 0.379588 0.246934
9.99639E-05 9.99639E-05 0.136638 9.99639E-05 0.33928 0.0688414 9.99639E-05 0.454841
0.122665 0.246133 9.99731E-05 0.345024 9.99731E-05 0.0527006 0.233176 9.99731E-05
0.0805661 0.293855 0.171369 0.432913 9.99821E-05 0.00611626 0.0149803 9.99821E-05
0.0292363 0.0320921 9.99731E-05 9.99731E-05 0.206799 0.596186 9.99731E-05 0.135387
