9.98918E-05 9.98918E-05 9.98918E-05 0.0335875 9.98918E-05 9.98918E-05 9.98918E-05 9.98918E-05 9.98918E-05 0.96247 9.98918E-05 0.00274336 9.98918E-05 9.98918E-05 9.98918E-05
0.695987 9.99009E-05 9.99009E-05 9.99009E-05 9.99009E-05 9.99009E-05 9.99009E-05 0.158827 9.99009E-05 0.0644572 9.99009E-05 9.99009E-05 9.99009E-05 9.99009E-05 0.0796295
0.00348525 9.99375E-05 0.0811002 9.99375E-05 0.0532835 0.0286262 0.161848 0.566314 0.0944394 9.99375E-05 9.99375E-05 9.99375E-05 9.99375E-05 0.0102033 9.99375E-05
9.9892E-05 9.9892E-05 0.0179035 9.9892E-05 9.9892E-05 9.9892E-05 9.9892E-05 0.911309 0.0695892 9.9892E-05 9.9892E-05 9.9892E-05 9.9892E-05 9.9892E-05 9.9892E-05
0.128346 9.99461E-05 9.99461E-05 0.152752 9.99461E-05 0.0119386 0.257361 0.340046 9.99461E-05 0.0523639 9.99461E-05 0.0367754 0.010539 9.99461E-05 0.00927821
9.98702E-05 9.98702E-05 9.98702E-05 9.98702E-05 9.98702E-05 9.98702E-05 9.98702E-05 0.986516 9.98702E-05 9.98702E-05 9.98702E-05 9.98702E-05 0.0121856 9.98702E-05 9.98702E-05
9.98921E-05 0.246114 9.98921E-05 9.98921E-05 0.23573 9.98921E-05 0.516957 9.98921E-05 9.98921E-05 9.98921E-05 9.98921E-05 9.98921E-05 9.98921E-05 9.98921E-05 9.98921E-05
0.0752992 9.99278E-05 0.0494067 0.0213019 9.99278E-05 0.127329 0.574764 0.0673785 0.0837214 9.99278E-05 9.99278E-05 9.99278E-05 9.99278E-05 9.99278E-05 9.99278E-05
0.0854825 0.266521 9.99099E-05 0.0666404 0.102338 9.99099E-05 0.478018 9.99099E-05 9.99099E-05 9.99099E-05 9.99099E-05 9.99099E-05 9.99099E-05 9.99099E-05 9.99099E-05
9.98832E-05 9.98832E-05 9.98832E-05 0.979155 9.98832E-05 9.98832E-05 0.0195468 9.98832E-05 9.98832E-05 9.98832E-05 9.98832E-05 9.98832E-05 9.98832E-05 9.98832E-05 9.98832E-05
9.98833E-05 9.98833E-05 9.98833E-05 0.988201 9.98833E-05 9.98833E-05 0.0105008 9.98833E-05 9.98833E-05 9.98833E-05 9.98833E-05 9.98833E-05 9.98833E-05 9.98833E-05 9.98833E-05
9.9919E-05 9.9919E-05 0.117893 9.9919E-05 0.108433 9.9919E-05 0.0238305 9.9919E-05 0.0191032 0.681943 9.9919E-05 9.9919E-05 0.0478974 9.9919E-05 9.9919E-05
9.98833E-05 9.98833E-05 9.98833E-05 9.98833E-05 0.942108 9.98833E-05 0.0565939 9.98833E-05 9.98833E-05 9.98833E-05 9.98833E-05 9.98833E-05 9.98833E-05 9.98833E-05 9.98833E-05
9.9892E-05 9.9892E-05 9.9892E-05 9.9892E-05 9.9892E-05 9.9892E-05 9.9892E-05 0.969229 9.9892E-05 9.9892E-05 9.9892E-05 9.9892E-05 9.9892E-05 0.0281868 0.0013851
9.991E-05 9.991E-05 9.991E-05 0.00160555 9.991E-05 9.991E-05 9.991E-05 0.944522 9.991E-05 0.0319555 9.991E-05 0.00172233 9.991E-05 0.0191952 9.991E-05
9.99009E-05 0.733873 9.99009E-05 0.0303736 0.104897 9.99009E-05 9.99009E-05 9.99009E-05 9.99009E-05 9.99009E-05 9.99009E-05 9.99009E-05 0.129758 9.99009E-05 9.99009E-05
9.9892E-05 9.9892E-05 9.9892E-05 0.0633128 9.9892E-05 9.9892E-05 9.9892E-05 9.9892E-05 9.9892E-05 9.9892E-05 9.9892E-05 0.0122215 9.9892E-05 9.9892E-05 0.923267
9.99009E-05 0.0415704 9.99009E-05 0.10876 9.99009E-05 0.00702279 9.99009E-05 9.99009E-05 9.99009E-05 9.99009E-05 9.99009E-05 9.99009E-05 9.99009E-05 0.841547 9.99009E-05
9.9883E-05 9.9883E-05 0.0522971 9.9883E-05 9.9883E-05 9.9883E-05 9.9883E-05 9.9883E-05 9.9883E-05 9.9883E-05 0.946404 9.9883E-05 9.9883E-05 9.9883E-05 9.9883E-05
9.99279E-05 0.280777 0.0453522 0.410586 9.99279E-05 9.99279E-05 9.99279E-05 9.99279E-05 9.99279E-05 0.115316 0.0010788 9.99279E-05 0.11981 9.99279E-05 0.0262801
9.98831E-05 9.98831E-05 9.98831E-05 9.98831E-05 9.98831E-05 9.98831E-05 9.98831E-05 9.98831E-05 9.98831E-05 9.98831E-05 0.0121564 9.98831E-05 9.98831E-05 0.986545 9.98831E-05
9.99189E-05 0.287264 9.99189E-05 0.0589786 0.00904727 9.99189E-05 9.99189E-05 9.99189E-05 9.99189E-05 0.543355 9.99189E-05 9.99189E-05 0.0491134 9.99189E-05 0.0513419
9.98738E-05 9.98738E-05 9.98738E-05 9.98738E-05 9.98738E-05 9.98738E-05 9.98738E-05 9.98738E-05 9.98738E-05 9.98738E-05 9.98738E-05 0.998602 9.98738E-05 9.98738E-05 9.98738E-05
9.98918E-05 9.98918E-05 9.98918E-05 9.98918E-05 9.98918E-05 9.98918E-05 9.98918E-05 9.98918E-05 9.98918E-05 9.98918E-05 0.687439 0.291989 9.98918E-05 0.0193734 9.98918E-05
9.98833E-05 9.98833E-05 9.98833E-05 9.98833E-05 9.98833E-05 9.98833E-05 9.98833E-05 0.345369 0.653332 9.98833E-05 9.98833E-05 9.98833E-05 9.98833E-05 9.98833E-05 9.98833E-05
9.98922E-05 9.98922E-05 9.98922E-05 9.98922E-05 9.98922E-05 0.00556638 9.98922E-05 0.790693 0.202542 9.98922E-05 9.98922E-05 9.98922E-05 9.98922E-05 9.98922E-05 9.98922E-05
9.99098E-05 9.99098E-05 0.0375404 0.0808754 0.761096 9.99098E-05 9.99098E-05 9.99098E-05 9.99098E-05 0.0568614 9.99098E-05 9.99098E-05 9.99098E-05 9.99098E-05 0.062628
9.9874E-05 9.9874E-05 9.9874E-05 9.9874E-05 9.9874E-05 9.9874E-05 9.9874E-05 9.9874E-05 0.998602 9.9874E-05 9.9874E-05 9.9874E-05 9.9874E-05 9.9874E-05 9.9874E-05
9.98741E-05 9.98741E-05 9.98741E-05 9.98741E-05 9.98741E-05 9.98741E-05 9.98741E-05 9.98741E-05 0.998602 9.98741E-05 9.98741E-05 9.98741E-05 9.98741E-05 9.98741E-05 9.98741E-05
0.0198233 9.99371E-05 0.00722787 9.99371E-05 9.99371E-05 0.201265 0.158931 0.343458 0.234453 9.99371E-05 0.0143589 9.99371E-05 9.99371E-05 9.99371E-05 0.0197826
9.99279E-05 9.99279E-05 0.0166967 9.99279E-05 9.99279E-05 0.124088 0.367584 0.264502 0.183903 9.99279E-05 9.99279E-05 9.99279E-05 0.00302975 9.99279E-05 0.0393975
0.998602 9.98744E-05 9.98744E-05 9.98744E-05 9.98744E-05 9.98744E-05 9.98744E-05 9.98744E-05 9.98744E-05 9.98744E-05 9.98744E-05 9.98744E-05 9.98744E-05 9.98744E-05 9.98744E-05
9.99101E-05 0.0110312 9.99101E-05 9.99101E-05 9.99101E-05 9.99101E-05 0.119488 0.566808 0.276549 9.99101E-05 9.99101E-05 9.99101E-05 9.99101E-05 9.99101E-05 0.0251245
9.99012E-05 9.99012E-05 0.00481374 9.99012E-05 9.99012E-05 0.741126 0.211132 9.99012E-05 0.0418287 9.99012E-05 9.99012E-05 9.99012E-05 9.99012E-05 9.99012E-05 9.99012E-05
9.99368E-05 9.99368E-05 0.104999 0.0363597 0.45062 0.0161678 9.99368E-05 9.99368E-05 0.0381479 0.0529666 9.99368E-05 9.99368E-05 0.0560606 9.99368E-05 0.243979
9.99099E-05 9.99099E-05 9.99099E-05 9.99099E-05 9.99099E-05 9.99099E-05 0.037402 0.352519 0.574577 0.00268998 9.99099E-05 9.99099E-05 0.0318128 9.99099E-05 9.99099E-05
9.98931E-05 9.98931E-05 9.98931E-05 9.98931E-05 9.98931E-05 9.98931E-05 9.98931E-05 0.027311 9.98931E-05 0.961846 9.98931E-05 9.98931E-05 0.00964388 9.98931E-05 9.98931E-05
0.205327 9.99098E-05 9.99098E-05 0.545827 9.99098E-05 9.99098E-05 9.99098E-05 9.99098E-05 9.99098E-05 0.134402 9.99098E-05 0.0698225 9.99098E-05 9.99098E-05 0.0436215
9.9883E-05 9.9883E-05 9.9883E-05 9.9883E-05 9.9883E-05 9.9883E-05 0.0221835 9.9883E-05 9.9883E-05 9.9883E-05 9.9883E-05 9.9883E-05 9.9883E-05 9.9883E-05 0.976518
9.99188E-05 0.273833 9.99188E-05 0.206549 9.99188E-05 9.99188E-05 9.99188E-05 0.112497 9.99188E-05 0.250277 9.99188E-05 9.99188E-05 0.010396 9.99188E-05 0.145548
0.00196883 0.273735 0.0233344 0.251997 9.99459E-05 9.99459E-05 9.99459E-05 0.063285 9.99459E-05 0.262754 0.0121243 9.99459E-05 9.99459E-05 0.0163662 0.0938349
9.99189E-05 0.0274436 9.99189E-05 0.845314 9.99189E-05 9.99189E-05 9.99189E-05 9.99189E-05 9.99189E-05 0.0670916 0.0111992 9.99189E-05 0.0409485 9.99189E-05 0.00710356
9.991E-05 0.889729 9.991E-05 0.0318462 0.0607159 9.991E-05 9.991E-05 9.991E-05 9.991E-05 0.01266 0.00404993 9.991E-05 9.991E-05 9.991E-05 9.991E-05
9.99099E-05 9.99099E-05 0.0138645 0.857724 0.00330371 9.99099E-05 9.99099E-05 9.99099E-05 9.99099E-05 9.99099E-05 9.99099E-05 9.99099E-05 0.0996415 9.99099E-05 0.0244677
0.0275592 0.0807205 0.0198033 0.259474 0.121655 9.99369E-05 9.99369E-05 9.99369E-05 9.99369E-05 0.073007 9.99369E-05 0.313855 0.103226 9.99369E-05 9.99369E-05
9.9928E-05 0.211425 9.9928E-05 0.399009 9.9928E-05 9.9928E-05 9.9928E-05 0.0588241 9.9928E-05 0.128029 0.00297439 0.111602 0.0873364 9.9928E-05 9.9928E-05
0.0174337 9.9937E-05 9.9937E-05 0.297922 0.0699974 0.022318 9.9937E-05 0.0984409 9.9937E-05 0.141782 9.9937E-05 9.9937E-05 0.290714 9.9937E-05 0.060692
9.98927E-05 9.98927E-05 9.98927E-05 9.98927E-05 9.98927E-05 9.98927E-05 9.98927E-05 9.98927E-05 9.98927E-05 0.98097 0.0153782 0.00245305 9.98927E-05 9.98927E-05 9.98927E-05
9.98742E-05 9.98742E-05 9.98742E-05 9.98742E-05 9.98742E-05 0.998602 9.98742E-05 9.98742E-05 9.98742E-05 9.98742E-05 9.98742E-05 9.98742E-05 9.98742E-05 9.98742E-05 9.98742E-05
9.98921E-05 9.98921E-05 9.98921E-05 9.98921E-05 0.00200381 0.987124 9.98921E-05 9.98921E-05 9.98921E-05 9.98921E-05 0.00967325 9.98921E-05 9.98921E-05 9.98921E-05 9.98921E-05
9.99011E-05 0.0079942 9.99011E-05 0.0104392 9.99011E-05 0.967119 9.99011E-05 9.99011E-05 9.99011E-05 9.99011E-05 9.99011E-05 0.0133485 9.99011E-05 9.99011E-05 9.99011E-05
9.98742E-05 9.98742E-05 9.98742E-05 9.98742E-05 9.98742E-05 0.998602 9.98742E-05 9.98742E-05 9.98742E-05 9.98742E-05 9.98742E-05 9.98742E-05 9.98742E-05 9.98742E-05 9.98742E-05
9.98742E-05 9.98742E-05 9.98742E-05 9.98742E-05 9.98742E-05 0.998602 9.98742E-05 9.98742E-05 9.98742E-05 9.98742E-05 9.98742E-05 9.98742E-05 9.98742E-05 9.98742E-05 9.98742E-05
0.0126504 0.117854 9.99281E-05 9.99281E-05 9.99281E-05 0.364595 0.315926 0.0521986 0.0675155 9.99281E-05 9.99281E-05 0.068461 9.99281E-05 9.99281E-05 9.99281E-05
0.0597255 9.98831E-05 9.98831E-05 9.98831E-05 9.98831E-05 0.938976 9.98831E-05 9.98831E-05 9.98831E-05 9.98831E-05 9.98831E-05 9.98831E-05 9.98831E-05 9.98831E-05 9.98831E-05
9.98918E-05 0.163723 9.98918E-05 9.98918E-05 9.98918E-05 9.98918E-05 9.98918E-05 9.98918E-05 9.98918E-05 0.790338 9.98918E-05 9.98918E-05 0.0447401 9.98918E-05 9.98918E-05
0.954342 9.9901E-05 9.9901E-05 9.9901E-05 9.9901E-05 0.0221826 9.9901E-05 9.9901E-05 0.0157464 9.9901E-05 9.9901E-05 9.9901E-05 0.00663018 9.9901E-05 9.9901E-05
9.98828E-05 9.98828E-05 9.98828E-05 9.98828E-05 9.98828E-05 9.98828E-05 9.98828E-05 0.535243 0.463459 9.98828E-05 9.98828E-05 9.98828E-05 9.98828E-05 9.98828E-05 9.98828E-05
9.9919E-05 0.0995865 0.029391 9.9919E-05 0.794525 0.0197866 9.9919E-05 9.9919E-05 9.9919E-05 0.0398573 9.9919E-05 9.9919E-05 9.9919E-05 0.0159539 9.9919E-05
9.98832E-05 0.857702 9.98832E-05 9.98832E-05 9.98832E-05 9.98832E-05 9.98832E-05 9.98832E-05 9.98832E-05 9.98832E-05 9.98832E-05 9.98832E-05 0.140999 9.98832E-05 9.98832E-05
9.98834E-05 9.98834E-05 9.98834E-05 9.98834E-05 0.979917 9.98834E-05 0.018784 9.98834E-05 9.98834E-05 9.98834E-05 9.98834E-05 9.98834E-05 9.98834E-05 9.98834E-05 9.98834E-05
9.9892E-05 9.9892E-05 9.9892E-05 0.0733538 0.910155 9.9892E-05 9.9892E-05 0.0152925 9.9892E-05 9.9892E-05 9.9892E-05 9.9892E-05 9.9892E-05 9.9892E-05 9.9892E-05
9.99098E-05 9.99098E-05 0.0517485 0.036522 0.824762 9.99098E-05 9.99098E-05 9.99098E-05 9.99098E-05 9.99098E-05 0.00972864 9.99098E-05 0.0762392 9.99098E-05 9.99098E-05
9.98831E-05 9.98831E-05 9.98831E-05 9.98831E-05 9.98831E-05 9.98831E-05 0.0157218 9.98831E-05 9.98831E-05 9.98831E-05 0.98298 9.98831E-05 9.98831E-05 9.98831E-05 9.98831E-05
9.98835E-05 9.98835E-05 9.98835E-05 9.98835E-05 9.98835E-05 9.98835E-05 9.98835E-05 0.372478 0.626223 9.98835E-05 9.98835E-05 9.98835E-05 9.98835E-05 9.98835E-05 9.98835E-05
0.136767 0.0236753 0.11961 9.9973E-05 0.107455 0.0192607 0.172571 0.0016064 0.194482 0.0879789 9.9973E-05 0.0530554 9.9973E-05 0.0341928 0.0490455
9.99013E-05 0.0105018 9.99013E-05 9.99013E-05 9.99013E-05 9.99013E-05 0.0133169 0.896781 0.078301 9.99013E-05 9.99013E-05 9.99013E-05 9.99013E-05 9.99013E-05 9.99013E-05
9.99189E-05 9.99189E-05 9.99189E-05 9.99189E-05 9.99189E-05 0.0219005 0.0374341 0.739567 0.159713 0.0315588 9.99189E-05 9.99189E-05 9.99189E-05 9.99189E-05 0.0089275
9.98831E-05 0.00625043 9.98831E-05 9.98831E-05 9.98831E-05 9.98831E-05 9.98831E-05 9.98831E-05 0.992451 9.98831E-05 9.98831E-05 9.98831E-05 9.98831E-05 9.98831E-05 9.98831E-05
9.98742E-05 9.98742E-05 9.98742E-05 9.98742E-05 9.98742E-05 9.98742E-05 9.98742E-05 9.98742E-05 0.998602 9.98742E-05 9.98742E-05 9.98742E-05 9.98742E-05 9.98742E-05 9.98742E-05
9.9919E-05 9.9919E-05 9.9919E-05 0.0620052 9.9919E-05 9.9919E-05 0.0900431 0.663208 0.158534 9.9919E-05 9.9919E-05 9.9919E-05 0.00466009 9.9919E-05 0.0206509
9.99009E-05 9.99009E-05 9.99009E-05 9.99009E-05 9.99009E-05 9.99009E-05 9.99009E-05 0.49073 0.463418 9.99009E-05 9.99009E-05 9.99009E-05 0.0408134 9.99009E-05 0.00393937
9.99007E-05 9.99007E-05 9.99007E-05 9.99007E-05 9.99007E-05 0.0743377 0.781681 0.142349 9.99007E-05 9.99007E-05 9.99007E-05 9.99007E-05 9.99007E-05 9.99007E-05 0.000533613
9.98829E-05 9.98829E-05 9.98829E-05 9.98829E-05 9.98829E-05 9.98829E-05 0.96459 9.98829E-05 0.0341117 9.98829E-05 9.98829E-05 9.98829E-05 9.98829E-05 9.98829E-05 9.98829E-05
9.99011E-05 0.0426832 9.99011E-05 9.99011E-05 9.99011E-05 0.00269644 9.99011E-05 0.856167 0.0973542 9.99011E-05 9.99011E-05 9.99011E-05 9.99011E-05 9.99011E-05 9.99011E-05
9.9901E-05 0.99377 0.00194615 9.9901E-05 9.9901E-05 0.00190745 9.9901E-05 9.9901E-05 9.9901E-05 9.9901E-05 9.9901E-05 0.00127788 9.9901E-05 9.9901E-05 9.9901E-05
9.99009E-05 0.946165 0.0105564 9.99009E-05 9.99009E-05 0.00458327 9.99009E-05 9.99009E-05 0.0375969 9.99009E-05 9.99009E-05 9.99009E-05 9.99009E-05 9.99009E-05 9.99009E-05
9.98832E-05 9.98832E-05 0.997882 9.98832E-05 9.98832E-05 9.98832E-05 9.98832E-05 0.000819902 9.98832E-05 9.98832E-05 9.98832E-05 9.98832E-05 9.98832E-05 9.98832E-05 9.98832E-05
9.98832E-05 9.98832E-05 0.998573 9.98832E-05 9.98832E-05 9.98832E-05 9.98832E-05 9.98832E-05 9.98832E-05 9.98832E-05 9.98832E-05 9.98832E-05 9.98832E-05 0.000128156 9.98832E-05
0.0547982 0.0893598 9.99279E-05 0.783555 0.0261455 9.99279E-05 9.99279E-05 9.99279E-05 0.00430694 0.0346595 9.99279E-05 9.99279E-05 9.99279E-05 0.00637566 9.99279E-05
9.99189E-05 0.124683 9.99189E-05 0.753261 0.0555723 9.99189E-05 9.99189E-05 9.99189E-05 0.0134275 0.0518342 9.99189E-05 9.99189E-05 9.99189E-05 0.000323458 9.99189E-05
0.000650634 0.0293898 0.954886 9.99101E-05 9.99101E-05 9.99101E-05 9.99101E-05 9.99101E-05 9.99101E-05 9.99101E-05 9.99101E-05 0.0105391 9.99101E-05 9.99101E-05 0.00353554
9.98742E-05 9.98742E-05 0.998602 9.98742E-05 9.98742E-05 9.98742E-05 9.98742E-05 9.98742E-05 9.98742E-05 9.98742E-05 9.98742E-05 9.98742E-05 9.98742E-05 9.98742E-05 9.98742E-05
9.99009E-05 0.017273 9.99009E-05 9.99009E-05 0.032407 0.011065 9.99009E-05 9.99009E-05 9.99009E-05 0.938156 9.99009E-05 9.99009E-05 9.99009E-05 9.99009E-05 9.99009E-05
0.0358723 0.523875 9.9937E-05 0.165862 0.165223 9.9937E-05 9.9937E-05 9.9937E-05 9.9937E-05 0.0240312 0.0522184 9.9937E-05 0.022841 0.00937727 9.9937E-05
0.94286 9.98921E-05 9.98921E-05 0.00430759 9.98921E-05 0.0516337 9.98921E-05 9.98921E-05 9.98921E-05 9.98921E-05 9.98921E-05 9.98921E-05 9.98921E-05 9.98921E-05 9.98921E-05
9.9883E-05 9.9883E-05 9.9883E-05 9.9883E-05 9.9883E-05 9.9883E-05 9.9883E-05 9.9883E-05 9.9883E-05 9.9883E-05 9.9883E-05 0.0547341 0.943967 9.9883E-05 9.9883E-05
9.9892E-05 9.9892E-05 0.0201746 9.9892E-05 9.9892E-05 9.9892E-05 9.9892E-05 9.9892E-05 9.9892E-05 9.9892E-05 9.9892E-05 9.9892E-05 0.960212 0.0184148 9.9892E-05
9.99282E-05 9.99282E-05 0.0562557 0.024692 9.99282E-05 0.0777799 0.393824 0.00853834 0.423646 9.99282E-05 9.99282E-05 9.99282E-05 9.99282E-05 0.0144641 9.99282E-05
