9.98828E-05 9.98828E-05 9.98828E-05 9.98828E-05 0.950076 9.98828E-05 9.98828E-05 9.98828E-05 0.0486258 9.98828E-05 9.98828E-05 9.98828E-05 9.98828E-05 9.98828E-05 9.98828E-05
9.98901E-05 9.98901E-05 9.98901E-05 9.98901E-05 0.0302958 9.98901E-05 0.106845 0.738061 9.98901E-05 9.98901E-05 9.98901E-05 9.98901E-05 9.98901E-05 9.98901E-05 0.1237
0.0165956 9.99287E-05 0.109741 9.99287E-05 9.99287E-05 0.0749272 9.99287E-05 0.0166239 9.99287E-05 0.0239758 9.99287E-05 0.0231445 9.99287E-05 9.99287E-05 0.734192
0.0352184 9.991E-05 9.991E-05 9.991E-05 9.991E-05 9.991E-05 9.991E-05 9.991E-05 9.991E-05 9.991E-05 0.0099999 0.0351789 9.991E-05 0.0148719 0.903732
9.99372E-05 0.0451432 9.99372E-05 9.99372E-05 9.99372E-05 9.99372E-05 0.0114298 0.105711 0.127136 9.99372E-05 0.054225 0.0579231 0.205837 9.99372E-05 0.391895
9.9901E-05 0.0191208 9.9901E-05 0.00371671 9.9901E-05 9.9901E-05 9.9901E-05 9.9901E-05 9.9901E-05 9.9901E-05 9.9901E-05 0.0568314 9.9901E-05 9.9901E-05 0.919232
9.98741E-05 9.98741E-05 9.98741E-05 9.98741E-05 9.98741E-05 9.98741E-05 9.98741E-05 9.98741E-05 9.98741E-05 9.98741E-05 9.98741E-05 9.98741E-05 0.998602 9.98741E-05 9.98741E-05
9.99189E-05 9.99189E-05 9.99189E-05 9.99189E-05 9.99189E-05 0.356053 9.99189E-05 0.118731 0.102455 9.99189E-05 0.0500783 0.323827 9.99189E-05 9.99189E-05 0.0479561
9.9892E-05 9.9892E-05 9.9892E-05 9.9892E-05 9.9892E-05 9.9892E-05 9.9892E-05 0.0413088 9.9892E-05 9.9892E-05 0.00838078 9.9892E-05 0.949112 9.9892E-05 9.9892E-05
9.98831E-05 9.98831E-05 9.98831E-05 9.98831E-05 9.98831E-05 9.98831E-05 9.98831E-05 9.98831E-05 0.894801 9.98831E-05 9.98831E-05 9.98831E-05 0.103901 9.98831E-05 9.98831E-05
9.98832E-05 9.98832E-05 9.98832E-05 9.98832E-05 9.98832E-05 9.98832E-05 9.98832E-05 9.98832E-05 0.894089 9.98832E-05 9.98832E-05 9.98832E-05 0.104613 9.98832E-05 9.98832E-05
0.108916 0.00920973 0.162755 9.9919E-05 0.667342 0.0123001 9.9919E-05 9.9919E-05 9.9919E-05 9.9919E-05 9.9919E-05 9.9919E-05 9.9919E-05 9.9919E-05 0.0385781
9.98923E-05 9.98923E-05 0.948595 9.98923E-05 9.98923E-05 0.0485831 9.98923E-05 9.98923E-05 9.98923E-05 9.98923E-05 9.98923E-05 9.98923E-05 0.00162305 9.98923E-05 9.98923E-05
9.99191E-05 0.0194085 9.99191E-05 0.00375336 0.0398793 9.99191E-05 0.0133924 9.99191E-05 9.99191E-05 0.0074524 9.99191E-05 9.99191E-05 9.99191E-05 9.99191E-05 0.915215
9.99101E-05 9.99101E-05 9.99101E-05 9.99101E-05 0.00801432 9.99101E-05 9.99101E-05 0.00381788 0.0348878 0.017376 9.99101E-05 9.99101E-05 9.99101E-05 9.99101E-05 0.934905
9.9892E-05 0.107648 0.0868121 9.9892E-05 9.9892E-05 9.9892E-05 9.9892E-05 9.9892E-05 9.9892E-05 9.9892E-05 9.9892E-05 9.9892E-05 9.9892E-05 0.804341 9.9892E-05
9.9883E-05 9.9883E-05 9.9883E-05 9.9883E-05 9.9883E-05 9.9883E-05 0.933562 9.9883E-05 0.0651393 9.9883E-05 9.9883E-05 9.9883E-05 9.9883E-05 9.9883E-05 9.9883E-05
9.99188E-05 9.99188E-05 9.99188E-05 9.99188E-05 0.065946 9.99188E-05 9.99188E-05 0.0175328 0.123467 0.716536 0.066555 9.99188E-05 9.99188E-05 0.00906366 9.99188E-05
0.0533425 9.99011E-05 0.00234897 0.132365 9.99011E-05 9.99011E-05 9.99011E-05 9.99011E-05 9.99011E-05 0.810844 9.99011E-05 9.99011E-05 9.99011E-05 9.99011E-05 9.99011E-05
0.0224656 0.163781 9.99189E-05 9.99189E-05 0.0438452 9.99189E-05 0.00582778 9.99189E-05 0.419341 9.99189E-05 9.99189E-05 9.99189E-05 9.99189E-05 0.343841 9.99189E-05
9.98831E-05 9.98831E-05 9.98831E-05 0.00174202 9.98831E-05 9.98831E-05 9.98831E-05 9.98831E-05 9.98831E-05 0.996959 9.98831E-05 9.98831E-05 9.98831E-05 9.98831E-05 9.98831E-05
0.0019243 0.0312924 0.0942255 0.00258864 0.493999 9.99369E-05 0.0462712 9.99369E-05 0.0513585 9.99369E-05 9.99369E-05 9.99369E-05 9.99369E-05 0.277641 9.99369E-05
0.174618 9.991E-05 9.991E-05 9.991E-05 9.991E-05 9.991E-05 0.226451 9.991E-05 0.198453 0.396605 9.991E-05 0.00287344 9.991E-05 9.991E-05 9.991E-05
9.98919E-05 0.0890345 9.98919E-05 9.98919E-05 9.98919E-05 9.98919E-05 9.98919E-05 9.98919E-05 0.0212796 0.888487 9.98919E-05 9.98919E-05 9.98919E-05 9.98919E-05 9.98919E-05
0.00093652 9.99012E-05 9.99012E-05 9.99012E-05 9.99012E-05 0.0147912 9.99012E-05 9.99012E-05 9.99012E-05 9.99012E-05 0.0232102 9.99012E-05 9.99012E-05 9.99012E-05 0.959963
9.98832E-05 9.98832E-05 9.98832E-05 9.98832E-05 9.98832E-05 9.98832E-05 9.98832E-05 9.98832E-05 9.98832E-05 9.98832E-05 0.00255166 9.98832E-05 9.98832E-05 9.98832E-05 0.99615
0.0125791 9.99099E-05 0.749654 9.99099E-05 0.0675708 9.99099E-05 0.0612211 9.99099E-05 0.107976 9.99099E-05 9.99099E-05 9.99099E-05 9.99099E-05 9.99099E-05 9.99099E-05
9.991E-05 9.991E-05 9.991E-05 9.991E-05 9.991E-05 0.066637 9.991E-05 9.991E-05 9.991E-05 9.991E-05 0.060944 0.0337554 0.00783504 9.991E-05 0.829829
9.99101E-05 9.99101E-05 0.034325 9.99101E-05 9.99101E-05 0.017516 9.99101E-05 9.99101E-05 9.99101E-05 9.99101E-05 0.0549614 9.99101E-05 0.00947328 9.99101E-05 0.882725
9.99191E-05 9.99191E-05 0.00759378 0.0533304 0.0035751 9.99191E-05 9.99191E-05 9.99191E-05 9.99191E-05 9.99191E-05 0.0657962 0.490789 9.99191E-05 9.99191E-05 0.378016
9.98829E-05 9.98829E-05 9.98829E-05 9.98829E-05 9.98829E-05 9.98829E-05 9.98829E-05 9.98829E-05 9.98829E-05 9.98829E-05 9.98829E-05 0.962015 9.98829E-05 9.98829E-05 0.0366869
9.98745E-05 9.98745E-05 9.98745E-05 9.98745E-05 9.98745E-05 9.98745E-05 9.98745E-05 0.998602 9.98745E-05 9.98745E-05 9.98745E-05 9.98745E-05 9.98745E-05 9.98745E-05 9.98745E-05
9.98922E-05 9.98922E-05 9.98922E-05 9.98922E-05 9.98922E-05 0.17814 0.00748716 9.98922E-05 9.98922E-05 9.98922E-05 9.98922E-05 9.98922E-05 9.98922E-05 9.98922E-05 0.813174
9.99192E-05 9.99192E-05 9.99192E-05 9.99192E-05 9.99192E-05 0.221002 9.99192E-05 0.0107015 0.00884786 9.99192E-05 0.712598 0.0249553 0.0209961 9.99192E-05 9.99192E-05
0.0787147 0.098295 0.445234 9.99458E-05 0.0543016 9.99458E-05 0.225661 9.99458E-05 0.0522066 9.99458E-05 0.00451169 0.0327957 9.99458E-05 9.99458E-05 0.00767968
9.99008E-05 0.058288 9.99008E-05 9.99008E-05 9.99008E-05 0.043134 0.0029167 9.99008E-05 9.99008E-05 9.99008E-05 9.99008E-05 9.99008E-05 9.99008E-05 9.99008E-05 0.894562
9.98921E-05 0.0172133 9.98921E-05 9.98921E-05 0.970907 0.010681 9.98921E-05 9.98921E-05 9.98921E-05 9.98921E-05 9.98921E-05 9.98921E-05 9.98921E-05 9.98921E-05 9.98921E-05
9.991E-05 9.991E-05 9.991E-05 9.991E-05 0.0596295 0.0683156 0.0236854 0.168833 0.678538 9.991E-05 9.991E-05 9.991E-05 9.991E-05 9.991E-05 9.991E-05
9.9874E-05 9.9874E-05 9.9874E-05 9.9874E-05 9.9874E-05 9.9874E-05 0.998602 9.9874E-05 9.9874E-05 9.9874E-05 9.9874E-05 9.9874E-05 9.9874E-05 9.9874E-05 9.9874E-05
9.99188E-05 9.99188E-05 9.99188E-05 0.0190163 0.229926 9.99188E-05 0.135572 9.99188E-05 0.310458 9.99188E-05 9.99188E-05 9.99188E-05 9.99188E-05 0.222872 0.0812565
0.0171753 9.99278E-05 9.99278E-05 0.00892017 0.287771 9.99278E-05 0.0761206 9.99278E-05 0.285323 9.99278E-05 9.99278E-05 9.99278E-05 9.99278E-05 0.246218 0.0776719
9.99099E-05 0.0468978 9.99099E-05 0.00784602 0.0454597 9.99099E-05 0.0246918 9.99099E-05 0.874106 9.99099E-05 9.99099E-05 9.99099E-05 9.99099E-05 9.99099E-05 9.99099E-05
9.9919E-05 9.9919E-05 0.0650445 0.00560299 0.0400804 9.9919E-05 9.9919E-05 9.9919E-05 0.0187243 9.9919E-05 9.9919E-05 9.9919E-05 0.0764172 0.793231 9.9919E-05
9.98919E-05 0.119511 9.98919E-05 9.98919E-05 9.98919E-05 9.98919E-05 9.98919E-05 9.98919E-05 0.866176 9.98919E-05 9.98919E-05 0.0131142 9.98919E-05 9.98919E-05 9.98919E-05
0.0433331 0.286095 0.10067 9.99369E-05 0.0192094 9.99369E-05 9.99369E-05 0.0490538 0.376788 0.0885566 9.99369E-05 9.99369E-05 9.99369E-05 0.0355937 9.99369E-05
9.99369E-05 0.221978 9.99369E-05 0.0651709 0.085463 9.99369E-05 9.99369E-05 0.033953 0.421687 9.99369E-05 9.99369E-05 0.0515888 9.99369E-05 0.105468 0.0139918
9.99549E-05 0.470219 0.00298136 0.0111504 0.145114 9.99549E-05 0.0785095 9.99549E-05 0.127806 9.99549E-05 0.011257 0.0933843 0.0553208 9.99549E-05 0.0037583
9.98748E-05 9.98748E-05 9.98748E-05 9.98748E-05 0.998602 9.98748E-05 9.98748E-05 9.98748E-05 9.98748E-05 9.98748E-05 9.98748E-05 9.98748E-05 9.98748E-05 9.98748E-05 9.98748E-05
9.98831E-05 9.98831E-05 9.98831E-05 9.98831E-05 9.98831E-05 9.98831E-05 9.98831E-05 9.98831E-05 9.98831E-05 9.98831E-05 0.992635 0.00606669 9.98831E-05 9.98831E-05 9.98831E-05
9.98922E-05 9.98922E-05 9.98922E-05 9.98922E-05 9.98922E-05 9.98922E-05 9.98922E-05 9.98922E-05 0.000909276 0.00253469 0.995357 9.98922E-05 9.98922E-05 9.98922E-05 9.98922E-05
9.98742E-05 9.98742E-05 9.98742E-05 9.98742E-05 9.98742E-05 9.98742E-05 9.98742E-05 9.98742E-05 9.98742E-05 9.98742E-05 0.998602 9.98742E-05 9.98742E-05 9.98742E-05 9.98742E-05
9.98742E-05 9.98742E-05 9.98742E-05 9.98742E-05 9.98742E-05 9.98742E-05 9.98742E-05 9.98742E-05 9.98742E-05 9.98742E-05 0.998602 9.98742E-05 9.98742E-05 9.98742E-05 9.98742E-05
9.98743E-05 9.98743E-05 9.98743E-05 9.98743E-05 9.98743E-05 9.98743E-05 9.98743E-05 9.98743E-05 9.98743E-05 9.98743E-05 0.998602 9.98743E-05 9.98743E-05 9.98743E-05 9.98743E-05
9.99192E-05 9.99192E-05 9.99192E-05 9.99192E-05 9.99192E-05 0.146087 9.99192E-05 9.99192E-05 9.99192E-05 0.0276486 0.341572 0.369849 0.0536411 0.0603033 9.99192E-05
9.99011E-05 9.99011E-05 9.99011E-05 9.99011E-05 0.0029826 9.99011E-05 0.0109156 0.0688517 9.99011E-05 9.99011E-05 0.916151 9.99011E-05 9.99011E-05 9.99011E-05 9.99011E-05
9.98918E-05 0.0443492 9.98918E-05 9.98918E-05 0.764104 9.98918E-05 9.98918E-05 9.98918E-05 9.98918E-05 9.98918E-05 9.98918E-05 9.98918E-05 9.98918E-05 0.190348 9.98918E-05
9.99009E-05 9.99009E-05 9.99009E-05 9.99009E-05 9.99009E-05 9.99009E-05 9.99009E-05 0.903186 9.99009E-05 9.99009E-05 0.0420245 9.99009E-05 0.0525216 0.00116903 9.99009E-05
9.99009E-05 0.0115317 9.99009E-05 9.99009E-05 9.99009E-05 0.0178735 0.00971006 9.99009E-05 9.99009E-05 9.99009E-05 9.99009E-05 9.99009E-05 9.99009E-05 9.99009E-05 0.959786
0.0330961 9.99101E-05 0.856127 9.99101E-05 0.0123084 9.99101E-05 9.99101E-05 9.99101E-05 9.99101E-05 9.99101E-05 0.005064 9.99101E-05 9.99101E-05 0.0924054 9.99101E-05
9.98922E-05 0.103565 0.0268188 9.98922E-05 9.98922E-05 9.98922E-05 9.98922E-05 9.98922E-05 9.98922E-05 9.98922E-05 9.98922E-05 9.98922E-05 9.98922E-05 0.868418 9.98922E-05
9.98833E-05 9.98833E-05 0.96718 9.98833E-05 9.98833E-05 0.0315216 9.98833E-05 9.98833E-05 9.98833E-05 9.98833E-05 9.98833E-05 9.98833E-05 9.98833E-05 9.98833E-05 9.98833E-05
9.98829E-05 9.98829E-05 0.888654 9.98829E-05 9.98829E-05 9.98829E-05 9.98829E-05 9.98829E-05 0.110048 9.98829E-05 9.98829E-05 9.98829E-05 9.98829E-05 9.98829E-05 9.98829E-05
0.0532205 0.0874739 0.791984 9.99008E-05 9.99008E-05 9.99008E-05 9.99008E-05 9.99008E-05 0.0662224 9.99008E-05 9.99008E-05 9.99008E-05 9.99008E-05 9.99008E-05 9.99008E-05
9.9874E-05 9.9874E-05 9.9874E-05 0.998602 9.9874E-05 9.9874E-05 9.9874E-05 9.9874E-05 9.9874E-05 9.9874E-05 9.9874E-05 9.9874E-05 9.9874E-05 9.9874E-05 9.9874E-05
0.0128476 9.98925E-05 9.98925E-05 9.98925E-05 9.98925E-05 9.98925E-05 9.98925E-05 9.98925E-05 9.98925E-05 9.98925E-05 0.00286673 9.98925E-05 9.98925E-05 9.98925E-05 0.983087
0.0339893 0.0957479 9.9973E-05 0.0760766 0.0985012 0.0393976 9.9973E-05 0.0493114 0.137283 9.9973E-05 0.0358305 0.076271 0.114133 0.0256566 0.217502
9.98835E-05 9.98835E-05 9.98835E-05 9.98835E-05 9.98835E-05 0.123756 9.98835E-05 9.98835E-05 9.98835E-05 9.98835E-05 9.98835E-05 9.98835E-05 9.98835E-05 9.98835E-05 0.874945
9.9919E-05 9.9919E-05 9.9919E-05 9.9919E-05 0.0307691 9.9919E-05 0.0263814 0.00901674 9.9919E-05 9.9919E-05 0.00536808 0.0459795 9.9919E-05 9.9919E-05 0.881586
9.991E-05 9.991E-05 9.991E-05 9.991E-05 9.991E-05 0.0422517 9.991E-05 9.991E-05 9.991E-05 9.991E-05 0.049927 0.0251974 9.991E-05 0.0433737 0.838251
9.99101E-05 9.99101E-05 9.99101E-05 9.99101E-05 9.99101E-05 0.0238023 9.99101E-05 0.0204168 9.99101E-05 9.99101E-05 0.0327436 9.99101E-05 9.99101E-05 0.0235333 0.898505
0.0104581 0.0385263 9.99281E-05 9.99281E-05 0.0176631 9.99281E-05 9.99281E-05 0.0055438 0.0270131 9.99281E-05 9.99281E-05 0.191635 9.99281E-05 9.99281E-05 0.708361
9.991E-05 0.0148146 9.991E-05 9.991E-05 9.991E-05 9.991E-05 0.0182067 9.991E-05 9.991E-05 9.991E-05 0.00385317 9.991E-05 0.0144019 9.991E-05 0.947724
9.9883E-05 9.9883E-05 9.9883E-05 9.9883E-05 9.9883E-05 0.929521 9.9883E-05 9.9883E-05 9.9883E-05 9.9883E-05 0.0691805 9.9883E-05 9.9883E-05 9.9883E-05 9.9883E-05
9.98741E-05 9.98741E-05 9.98741E-05 9.98741E-05 9.98741E-05 0.998602 9.98741E-05 9.98741E-05 9.98741E-05 9.98741E-05 9.98741E-05 9.98741E-05 9.98741E-05 9.98741E-05 9.98741E-05
9.99018E-05 9.99018E-05 9.99018E-05 9.99018E-05 9.99018E-05 9.99018E-05 9.99018E-05 9.99018E-05 9.99018E-05 0.00383786 0.0204859 9.99018E-05 9.99018E-05 0.0438328 0.930745
9.9892E-05 9.9892E-05 9.9892E-05 9.9892E-05 9.9892E-05 0.00479706 9.9892E-05 9.9892E-05 9.9892E-05 9.9892E-05 0.014522 9.9892E-05 9.9892E-05 0.979482 9.9892E-05
9.9874E-05 9.9874E-05 9.9874E-05 9.9874E-05 9.9874E-05 9.9874E-05 9.9874E-05 9.9874E-05 9.9874E-05 9.9874E-05 9.9874E-05 9.9874E-05 9.9874E-05 0.998602 9.9874E-05
0.998602 9.98742E-05 9.98742E-05 9.98742E-05 9.98742E-05 9.98742E-05 9.98742E-05 9.98742E-05 9.98742E-05 9.98742E-05 9.98742E-05 9.98742E-05 9.98742E-05 9.98742E-05 9.98742E-05
0.99197 9.98832E-05 0.00673171 9.98832E-05 9.98832E-05 9.98832E-05 9.98832E-05 9.98832E-05 9.98832E-05 9.98832E-05 9.98832E-05 9.98832E-05 9.98832E-05 9.98832E-05 9.98832E-05
9.99009E-05 9.99009E-05 0.035075 9.99009E-05 9.99009E-05 9.99009E-05 9.99009E-05 0.0605741 0.866571 9.99009E-05 9.99009E-05 9.99009E-05 9.99009E-05 0.0366806 9.99009E-05
9.9901E-05 9.9901E-05 0.071398 9.9901E-05 9.9901E-05 9.9901E-05 9.9901E-05 0.0250303 0.845013 9.9901E-05 9.9901E-05 9.9901E-05 9.9901E-05 0.05746 9.9901E-05
0.963389 9.99102E-05 9.99102E-05 9.99102E-05 9.99102E-05 0.0108036 0.0117824 0.000899271 9.99102E-05 9.99102E-05 9.99102E-05 9.99102E-05 9.99102E-05 0.0121266 9.99102E-05
0.998602 9.98742E-05 9.98742E-05 9.98742E-05 9.98742E-05 9.98742E-05 9.98742E-05 9.98742E-05 9.98742E-05 9.98742E-05 9.98742E-05 9.98742E-05 9.98742E-05 9.98742E-05 9.98742E-05
9.9901E-05 9.9901E-05 0.0356628 9.9901E-05 0.938484 9.9901E-05 9.9901E-05 9.9901E-05 9.9901E-05 9.9901E-05 0.000403529 9.9901E-05 9.9901E-05 0.0243509 9.9901E-05
9.99459E-05 0.0293649 0.155059 0.0193626 0.0144623 9.99459E-05 9.99459E-05 0.0302822 0.173566 0.065395 9.99459E-05 9.99459E-05 0.0814702 0.430438 9.99459E-05
9.9892E-05 9.9892E-05 9.9892E-05 9.9892E-05 9.9892E-05 9.9892E-05 9.9892E-05 0.912253 9.9892E-05 9.9892E-05 0.0417737 9.9892E-05 0.0447744 9.9892E-05 9.9892E-05
9.98739E-05 0.998602 9.98739E-05 9.98739E-05 9.98739E-05 9.98739E-05 9.98739E-05 9.98739E-05 9.98739E-05 9.98739E-05 9.98739E-05 9.98739E-05 9.98739E-05 9.98739E-05 9.98739E-05
0.0106905 0.783239 0.0919271 9.99191E-05 0.0090105 9.99191E-05 0.101237 9.99191E-05 9.99191E-05 0.00299644 9.99191E-05 9.99191E-05 9.99191E-05 9.99191E-05 9.99191E-05
9.9874E-05 9.9874E-05 9.9874E-05 9.9874E-05 9.9874E-05 9.9874E-05 9.9874E-05 9.9874E-05 9.9874E-05 9.9874E-05 9.9874E-05 0.998602 9.9874E-05 9.9874E-05 9.9874E-05
