9.996E-05 0.9995 9.996E-05 9.996E-05 9.996E-05 9.996E-05
9.9973E-05 0.431706 9.9973E-05 0.324753 9.9973E-05 0.243241
0.0270236 9.99911E-05 0.0978368 0.80299 0.0613532 0.0106965
9.9964E-05 9.9964E-05 0.0402579 0.959342 9.9964E-05 9.9964E-05
9.99731E-05 0.27373 9.99731E-05 0.467349 9.99731E-05 0.25862
9.9964E-05 0.015491 9.9964E-05 0.984109 9.9964E-05 9.9964E-05
9.99731E-05 9.99731E-05 9.99731E-05 0.0365255 0.633867 0.329308
9.9982E-05 0.0836761 0.0456339 0.428871 9.9982E-05 0.441619
9.9982E-05 0.077312 9.9982E-05 0.0647056 0.485475 0.372308
9.9982E-05 0.774314 0.0737784 9.9982E-05 0.0480983 0.10361
9.9982E-05 0.71957 0.105741 9.9982E-05 0.0734123 0.101077
9.9982E-05 0.672703 0.119842 0.0514316 0.155823 9.9982E-05
9.996E-05 9.996E-05 9.996E-05 9.996E-05 0.9995 9.996E-05
0.0346433 9.9973E-05 0.00223884 0.962818 9.9973E-05 9.9973E-05
0.0135025 0.0427884 9.9973E-05 0.943409 9.9973E-05 9.9973E-05
9.9982E-05 0.537942 0.0296358 9.9982E-05 0.394233 0.0379898
0.0939135 0.381356 0.376015 9.9982E-05 0.148516 9.9982E-05
0.728059 0.202798 9.99729E-05 9.99729E-05 9.99729E-05 0.0688429
0.939762 9.9964E-05 0.0598382 9.9964E-05 9.9964E-05 9.9964E-05
9.9973E-05 0.800348 0.145516 9.9973E-05 0.0538368 9.9973E-05
0.9995 9.996E-05 9.996E-05 9.996E-05 9.996E-05 9.996E-05
9.9973E-05 0.917359 0.0412875 9.9973E-05 0.0410533 9.9973E-05
0.437431 0.138618 0.359965 0.0343569 0.00658419 0.0230451
0.924222 9.99639E-05 0.0753782 9.99639E-05 9.99639E-05 9.99639E-05
9.996E-05 9.996E-05 9.996E-05 0.9995 9.996E-05 9.996E-05
9.9964E-05 9.9964E-05 9.9964E-05 0.998539 9.9964E-05 0.00106111
9.99729E-05 0.138919 0.101896 9.99729E-05 0.758885 9.99729E-05
9.9973E-05 9.9973E-05 9.9973E-05 0.907963 0.00994298 0.0817944
9.9973E-05 9.9973E-05 9.9973E-05 0.865059 0.0178585 0.116783
0.0439603 9.9982E-05 0.0231323 0.697946 9.9982E-05 0.234761
9.99731E-05 9.99731E-05 0.0509658 0.649154 9.99731E-05 0.299581
9.99732E-05 0.353201 9.99732E-05 0.0932594 9.99732E-05 0.55324
9.996E-05 9.996E-05 9.996E-05 0.9995 9.996E-05 9.996E-05
9.99641E-05 9.99641E-05 9.99641E-05 0.108811 9.99641E-05 0.890789
9.99819E-05 0.163466 0.239715 0.0658028 0.530817 9.99819E-05
9.99639E-05 9.99639E-05 9.99639E-05 0.972892 0.0267084 9.99639E-05
9.99641E-05 0.958661 9.99641E-05 0.0409392 9.99641E-05 9.99641E-05
0.0474002 0.780805 9.9982E-05 0.0316737 9.9982E-05 0.139921
0.0800397 0.200908 0.430049 0.143038 0.145866 9.9991E-05
9.9973E-05 0.866478 0.0153773 0.117844 9.9973E-05 9.9973E-05
0.00397967 0.90155 0.0120256 0.0822446 9.9982E-05 9.9982E-05
0.0126567 0.841851 0.0893314 9.9991E-05 0.0391365 0.0169246
9.9973E-05 0.704933 9.9973E-05 9.9973E-05 0.256262 0.0385055
0.0027056 0.823823 0.0963496 9.9991E-05 0.0459018 0.0311202
0.124446 0.527223 0.156213 9.9991E-05 0.178126 0.0138924
0.0517178 0.716453 0.0499219 0.0585535 0.0872077 0.0361459
0.00160178 0.485877 0.10639 0.111836 0.235268 0.0590271
9.996E-05 0.9995 9.996E-05 9.996E-05 9.996E-05 9.996E-05
9.996E-05 9.996E-05 9.996E-05 9.996E-05 9.996E-05 0.9995
0.00411885 9.99639E-05 9.99639E-05 9.99639E-05 9.99639E-05 0.995481
9.996E-05 9.996E-05 9.996E-05 9.996E-05 9.996E-05 0.9995
9.996E-05 9.996E-05 9.996E-05 9.996E-05 9.996E-05 0.9995
9.996E-05 9.996E-05 9.996E-05 9.996E-05 9.996E-05 0.9995
0.0219757 0.0444168 9.9991E-05 0.225197 0.0635386 0.644772
9.9973E-05 0.00501397 0.0110609 9.9973E-05 9.9973E-05 0.983625
9.9964E-05 0.943571 9.9964E-05 9.9964E-05 0.0560295 9.9964E-05
9.9973E-05 0.339089 9.9973E-05 0.104888 9.9973E-05 0.555724
9.996E-05 9.996E-05 9.996E-05 0.9995 9.996E-05 9.996E-05
9.9973E-05 0.103129 0.0391968 9.9973E-05 0.857374 9.9973E-05
9.9982E-05 0.604966 0.00659445 0.0532511 0.334989 9.9982E-05
9.996E-05 9.996E-05 9.996E-05 9.996E-05 0.9995 9.996E-05
9.99729E-05 0.115926 0.00424687 9.99729E-05 0.879527 9.99729E-05
0.0106018 0.0619672 0.0941623 9.99819E-05 0.833069 9.99819E-05
0.910573 0.0876145 9.99731E-05 9.99731E-05 9.99731E-05 0.00151305
9.996E-05 9.996E-05 9.996E-05 0.9995 9.996E-05 9.996E-05
0.0193954 0.332327 0.0196638 0.2925 0.145196 0.190917
9.99641E-05 9.99641E-05 9.99641E-05 0.984608 0.0149918 9.99641E-05
9.9973E-05 0.00574607 9.9973E-05 0.973915 9.9973E-05 0.0200389
9.9973E-05 9.9973E-05 9.9973E-05 0.899482 0.0298239 0.0703942
9.9973E-05 9.9973E-05 9.9973E-05 0.95036 0.0185643 0.0307761
9.99641E-05 0.069705 9.99641E-05 0.929895 9.99641E-05 9.99641E-05
9.99639E-05 9.99639E-05 0.0037289 0.995871 9.99639E-05 9.99639E-05
9.99732E-05 9.99732E-05 9.99732E-05 0.522848 0.00303274 0.47382
9.99732E-05 9.99732E-05 9.99732E-05 0.466958 0.159339 0.373403
9.9973E-05 0.00171016 9.9973E-05 0.99137 9.9973E-05 0.00661943
9.9991E-05 0.644447 0.0565015 0.0377681 0.139326 0.121858
9.9991E-05 0.615898 0.0570829 0.0398108 0.165997 0.121111
9.996E-05 9.996E-05 0.9995 9.996E-05 9.996E-05 9.996E-05
9.996E-05 9.996E-05 0.9995 9.996E-05 9.996E-05 9.996E-05
9.9982E-05 0.855231 0.027693 9.9982E-05 0.0483969 0.0684787
0.00987328 0.800997 0.0234573 9.9991E-05 0.106026 0.0595465
9.9964E-05 9.9964E-05 0.995831 9.9964E-05 9.9964E-05 0.00376912
9.996E-05 9.996E-05 0.9995 9.996E-05 9.996E-05 9.996E-05
9.99641E-05 0.95605 9.99641E-05 9.99641E-05 0.0435505 9.99641E-05
0.0640789 0.620573 9.9991E-05 0.0186093 0.289431 0.00720772
9.9973E-05 0.349749 9.9973E-05 0.0711542 9.9973E-05 0.578797
0.139001 0.17521 0.282779 0.0624118 0.340498 9.9991E-05
0.0745252 0.204898 0.297364 9.99821E-05 0.423013 9.99821E-05
0.030713 9.9991E-05 0.0216177 0.587127 0.00956586 0.350877
