0.993515 9.9982E-05 9.9982E-05 0.00628543
0.383994 0.250473 9.9991E-05 0.365434
0.00944333 0.856144 0.088851 0.045562
9.998E-05 0.9997 9.998E-05 9.998E-05
0.235186 0.412652 9.9991E-05 0.352063
0.000944229 0.998856 9.9982E-05 9.9982E-05
0.543109 9.99821E-05 9.99821E-05 0.456691
0.10664 0.43225 9.9991E-05 0.461011
0.500454 0.0176974 9.9991E-05 0.481749
0.837699 9.9982E-05 9.9982E-05 0.162101
0.875292 9.9982E-05 9.9982E-05 0.124508
0.920451 0.0793487 9.9982E-05 9.9982E-05
0.95019 0.0496099 9.99821E-05 9.99821E-05
9.9982E-05 0.985801 0.013999 9.9982E-05
0.024871 0.972645 0.00238441 9.9991E-05
0.921936 0.00473805 9.9991E-05 0.0732261
0.786358 0.0621931 0.151349 9.9991E-05
0.150166 9.9991E-05 0.725294 0.124441
9.998E-05 9.998E-05 0.9997 9.998E-05
0.975783 9.9982E-05 9.9982E-05 0.024017
9.998E-05 9.998E-05 0.9997 9.998E-05
0.9997 9.998E-05 9.998E-05 9.998E-05
0.310646 0.0509427 0.556234 0.0821775
9.998E-05 9.998E-05 0.9997 9.998E-05
9.9982E-05 0.998305 9.9982E-05 0.00149512
9.998E-05 0.9997 9.998E-05 9.998E-05
0.9997 9.998E-05 9.998E-05 9.998E-05
9.9982E-05 0.94777 9.9982E-05 0.0520305
9.9982E-05 0.934584 9.9982E-05 0.0652161
9.9991E-05 0.687592 0.0321714 0.280137
9.9991E-05 0.659759 0.0103204 0.329821
0.227535 0.0657555 9.99911E-05 0.706609
9.998E-05 0.9997 9.998E-05 9.998E-05
9.9982E-05 0.0707636 9.9982E-05 0.929036
0.902049 0.0977509 9.9982E-05 9.9982E-05
0.00824199 0.991558 9.9982E-05 9.9982E-05
0.9486 0.0511996 9.99821E-05 9.99821E-05
0.742124 9.9991E-05 0.0229765 0.234799
0.678049 0.184311 0.137541 9.9991E-05
0.85843 0.14137 9.99819E-05 9.99819E-05
0.872587 0.0846139 0.00829667 0.0345023
0.968059 9.9991E-05 0.0124337 0.0194074
0.912289 9.9982E-05 9.9982E-05 0.087511
0.905328 9.9991E-05 0.0102581 0.0843143
0.74589 9.9991E-05 0.1629 0.0911096
0.783552 0.0470819 0.0444351 0.124931
0.808584 0.124609 0.00244335 0.0643638
0.990066 9.99822E-05 0.00973376 9.99822E-05
9.998E-05 9.998E-05 9.998E-05 0.9997
9.998E-05 9.998E-05 9.998E-05 0.9997
9.998E-05 9.998E-05 9.998E-05 0.9997
9.998E-05 9.998E-05 9.998E-05 0.9997
9.998E-05 9.998E-05 9.998E-05 0.9997
0.0740832 0.221198 0.035345 0.669374
9.998E-05 9.998E-05 9.998E-05 0.9997
0.9997 9.998E-05 9.998E-05 9.998E-05
0.30934 0.0771194 9.9991E-05 0.61344
9.998E-05 0.9997 9.998E-05 9.998E-05
0.991831 0.00319454 9.9991E-05 0.00487402
0.922543 0.077257 9.9982E-05 9.9982E-05
0.98754 9.99821E-05 0.0122596 9.99821E-05
0.9997 9.998E-05 9.998E-05 9.998E-05
0.981742 9.9982E-05 0.0180578 9.9982E-05
0.0578016 9.9991E-05 0.905865 0.0362333
9.998E-05 0.9997 9.998E-05 9.998E-05
0.46875 0.334704 0.0802631 0.116283
9.998E-05 0.9997 9.998E-05 9.998E-05
0.0229626 0.975179 9.9991E-05 0.00175834
9.9982E-05 0.91963 9.9982E-05 0.0801697
9.9982E-05 0.90225 9.9982E-05 0.0975502
0.0538558 0.945944 9.9982E-05 9.9982E-05
9.998E-05 0.9997 9.998E-05 9.998E-05
9.99821E-05 0.502038 9.99821E-05 0.497762
0.0421981 0.488516 0.000647021 0.468638
0.0117933 0.985783 9.9991E-05 0.0023239
0.79291 0.0221126 9.9991E-05 0.184877
0.79321 0.0284435 9.9991E-05 0.178246
0.66588 0.127409 0.20661 9.9991E-05
0.634948 0.136756 0.228196 9.9991E-05
0.875208 9.99819E-05 9.99819E-05 0.124592
0.879682 9.9991E-05 0.00116159 0.119056
0.640263 0.122 0.219311 0.0184261
0.66047 0.127213 0.212216 9.9991E-05
0.966282 9.9982E-05 9.9982E-05 0.0335181
0.885756 9.9991E-05 0.0471824 0.0669614
0.242579 0.0166709 9.9991E-05 0.74065
0.693929 0.112186 0.193785 9.9991E-05
0.823538 0.016818 0.159544 9.9991E-05
9.9991E-05 0.626818 0.0508146 0.322267
