9.996E-05 9.996E-05 9.996E-05 9.996E-05 0.9995 9.996E-05
9.9973E-05 9.9973E-05 0.252232 9.9973E-05 0.444868 0.302599
0.0335223 0.0582845 0.0677722 0.074924 9.99911E-05 0.765397
9.9973E-05 0.0514815 0.00238262 9.9973E-05 9.9973E-05 0.945836
9.99731E-05 9.99731E-05 0.287597 9.99731E-05 0.276968 0.435135
9.9964E-05 0.0278848 9.9964E-05 9.9964E-05 9.9964E-05 0.971715
9.99642E-05 9.99642E-05 0.386728 0.612872 9.99642E-05 9.99642E-05
9.9982E-05 0.0359469 0.472286 9.9982E-05 0.0885517 0.403015
9.99731E-05 9.99731E-05 0.450314 0.477954 0.0714328 9.99731E-05
9.9982E-05 0.083718 0.127103 0.0183297 0.77065 9.9982E-05
9.9982E-05 0.0800801 0.0908405 0.0581619 0.770718 9.9982E-05
9.9982E-05 0.120228 9.9982E-05 0.181448 0.652602 0.0455232
9.996E-05 9.996E-05 9.996E-05 0.9995 9.996E-05 9.996E-05
0.0182041 0.00989215 9.9973E-05 9.9973E-05 9.9973E-05 0.971604
9.9964E-05 9.9964E-05 9.9964E-05 9.9964E-05 0.0239556 0.975645
9.9982E-05 0.0361687 0.0756275 0.411151 0.476853 9.9982E-05
0.0765187 0.381262 9.9982E-05 0.181176 0.360844 9.9982E-05
0.704044 9.99729E-05 0.0670445 9.99729E-05 0.228611 9.99729E-05
0.888527 0.111073 9.9964E-05 9.9964E-05 9.9964E-05 9.9964E-05
9.9973E-05 0.126434 9.9973E-05 0.083794 0.789472 9.9973E-05
0.9995 9.996E-05 9.996E-05 9.996E-05 9.996E-05 9.996E-05
9.9973E-05 0.0308831 9.9973E-05 0.108777 0.86004 9.9973E-05
0.44577 0.370706 0.0711472 9.9982E-05 0.112177 9.9982E-05
0.940797 0.0588031 9.9964E-05 9.9964E-05 9.9964E-05 9.9964E-05
9.996E-05 9.996E-05 9.996E-05 9.996E-05 9.996E-05 0.9995
9.996E-05 9.996E-05 9.996E-05 9.996E-05 9.996E-05 0.9995
9.99729E-05 0.111042 9.99729E-05 0.792853 0.0958054 9.99729E-05
9.9964E-05 9.9964E-05 0.0620447 9.9964E-05 9.9964E-05 0.937555
9.9973E-05 9.9973E-05 0.068438 0.0228524 9.9973E-05 0.90841
0.0319748 0.027792 0.238362 9.99821E-05 9.99821E-05 0.701671
9.99731E-05 0.0499856 0.335004 9.99731E-05 9.99731E-05 0.61471
9.99731E-05 9.99731E-05 0.579315 9.99731E-05 0.316373 0.104012
9.996E-05 9.996E-05 9.996E-05 9.996E-05 9.996E-05 0.9995
9.9982E-05 0.00687347 0.894767 9.9982E-05 0.00541832 0.0927414
9.99819E-05 0.238647 9.99819E-05 0.519125 0.196898 0.045129
9.99639E-05 9.99639E-05 9.99639E-05 0.0111436 9.99639E-05 0.988457
9.99642E-05 9.99642E-05 9.99642E-05 9.99642E-05 0.937226 0.0623743
0.0380299 9.9982E-05 0.13963 9.9982E-05 0.77829 0.0438496
0.06416 0.390123 9.9991E-05 0.153556 0.253946 0.138115
9.99729E-05 0.0101075 9.99729E-05 9.99729E-05 0.866633 0.12296
9.99729E-05 0.0311322 9.99729E-05 9.99729E-05 0.892189 0.0763784
0.0274398 0.0560531 9.9982E-05 0.0172732 0.899034 9.9982E-05
9.9973E-05 9.9973E-05 0.0666377 0.361343 0.571719 9.9973E-05
0.00352548 0.0737852 0.0567865 0.0383584 0.827444 9.9991E-05
0.114837 0.20095 0.0220684 0.216102 0.445943 9.9991E-05
0.0534884 0.0685208 0.0432561 0.0611522 0.71447 0.0591125
9.9991E-05 0.11621 0.051509 0.19435 0.511008 0.126823
9.996E-05 9.996E-05 9.996E-05 9.996E-05 0.9995 9.996E-05
9.996E-05 9.996E-05 0.9995 9.996E-05 9.996E-05 9.996E-05
9.996E-05 9.996E-05 0.9995 9.996E-05 9.996E-05 9.996E-05
9.996E-05 9.996E-05 0.9995 9.996E-05 9.996E-05 9.996E-05
9.996E-05 9.996E-05 0.9995 9.996E-05 9.996E-05 9.996E-05
9.99639E-05 9.99639E-05 0.984844 9.99639E-05 9.99639E-05 0.0147562
0.03761 9.9991E-05 0.586725 0.0910182 0.0183309 0.266216
9.99729E-05 0.00185905 0.992316 9.99729E-05 0.00552468 9.99729E-05
9.9964E-05 9.9964E-05 9.9964E-05 0.0712689 0.928331 9.9964E-05
9.9973E-05 9.9973E-05 0.524479 9.9973E-05 0.359196 0.116025
9.996E-05 9.996E-05 9.996E-05 9.996E-05 9.996E-05 0.9995
9.9973E-05 0.0894183 9.9973E-05 0.896795 0.0134869 9.9973E-05
9.9973E-05 9.9973E-05 9.9973E-05 0.389548 0.518344 0.0918076
9.996E-05 9.996E-05 9.996E-05 0.9995 9.996E-05 9.996E-05
9.99729E-05 0.0158428 9.99729E-05 0.88037 0.103487 9.99729E-05
0.00173327 0.0873304 9.99819E-05 0.86712 0.0436165 9.99819E-05
0.900068 9.99641E-05 9.99641E-05 9.99641E-05 0.0995324 9.99641E-05
9.996E-05 9.996E-05 9.996E-05 9.996E-05 9.996E-05 0.9995
0.0288745 0.101835 0.130879 9.9991E-05 0.406151 0.332161
9.99641E-05 9.99641E-05 9.99641E-05 0.0046471 9.99641E-05 0.994953
9.9973E-05 9.9973E-05 0.000577013 9.9973E-05 0.0223184 0.976805
9.9973E-05 9.9973E-05 0.0562119 0.0291313 9.9973E-05 0.914357
0.0112394 9.9982E-05 0.0327848 9.9982E-05 0.00581754 0.949958
9.9973E-05 0.0192419 9.9973E-05 9.9973E-05 0.0598719 0.920586
9.9982E-05 0.00837451 9.9982E-05 0.00272246 0.00442386 0.984279
9.99732E-05 9.99732E-05 0.459319 0.000732323 9.99732E-05 0.539649
9.99732E-05 9.99732E-05 0.321685 0.177904 9.99732E-05 0.500112
9.9973E-05 0.0148082 0.0291227 9.9973E-05 9.9973E-05 0.955769
9.9991E-05 0.0709509 0.108159 0.181354 0.564919 0.0745167
9.9991E-05 0.0581621 0.168982 0.235434 0.506128 0.0311942
9.996E-05 0.9995 9.996E-05 9.996E-05 9.996E-05 9.996E-05
9.996E-05 0.9995 9.996E-05 9.996E-05 9.996E-05 9.996E-05
0.00882205 0.0471015 0.0576708 0.0686669 0.817639 9.9991E-05
0.0212805 0.0187641 0.0714802 0.0969916 0.791384 9.9991E-05
9.996E-05 0.9995 9.996E-05 9.996E-05 9.996E-05 9.996E-05
9.996E-05 0.9995 9.996E-05 9.996E-05 9.996E-05 9.996E-05
9.99731E-05 9.99731E-05 0.000342427 0.0595015 0.939856 9.99731E-05
0.0669184 9.9982E-05 0.00879909 0.321298 0.602784 9.9982E-05
9.9982E-05 9.9982E-05 0.617036 0.016934 0.289003 0.076827
0.138683 0.262322 9.9991E-05 0.310063 0.223931 0.0649007
0.0648058 0.324775 9.99821E-05 0.431192 0.179027 9.99821E-05
0.0310363 0.0137874 0.368337 9.99821E-05 9.99821E-05 0.58664
