9.996E-05 9.996E-05 9.996E-05 9.996E-05 0.9995 9.996E-05
9.9973E-05 0.307545 9.9973E-05 9.9973E-05 0.434587 0.257568
0.0675429 0.724921 0.0636214 0.0307829 9.99911E-05 0.113032
0.0425405 0.934531 9.9973E-05 9.9973E-05 9.9973E-05 0.0226289
9.99731E-05 0.467424 9.99731E-05 9.99731E-05 0.252807 0.279469
9.996E-05 0.9995 9.996E-05 9.996E-05 9.996E-05 9.996E-05
9.99642E-05 9.99642E-05 0.606634 9.99642E-05 9.99642E-05 0.392966
0.0343125 0.393804 9.9982E-05 9.9982E-05 0.0851059 0.486578
9.99731E-05 9.99731E-05 0.489921 9.99731E-05 0.0715202 0.438259
0.101316 9.9982E-05 0.0665607 9.9982E-05 0.661233 0.17069
0.105515 9.9982E-05 0.0880965 9.9982E-05 0.656379 0.14981
0.139582 0.0303914 0.163621 9.9982E-05 0.666206 9.9982E-05
9.996E-05 9.996E-05 0.9995 9.996E-05 9.996E-05 9.996E-05
0.00555983 0.950918 9.9982E-05 0.0179391 0.0253831 9.9982E-05
9.9964E-05 0.923871 9.9964E-05 9.9964E-05 0.0757294 9.9964E-05
0.0175096 9.9982E-05 0.387927 9.9982E-05 0.515132 0.0792317
0.352335 9.9982E-05 0.140994 0.111711 0.39476 9.9982E-05
9.99729E-05 9.99729E-05 9.99729E-05 0.72329 0.223654 0.0527563
0.0769485 9.9964E-05 9.9964E-05 0.922652 9.9964E-05 9.9964E-05
0.124499 9.9973E-05 0.0910651 9.9973E-05 0.784136 9.9973E-05
9.996E-05 9.996E-05 9.996E-05 0.9995 9.996E-05 9.996E-05
0.060691 9.9973E-05 0.104573 9.9973E-05 0.834436 9.9973E-05
0.398724 9.9982E-05 9.9982E-05 0.434009 0.131173 0.0358948
0.0961528 9.9964E-05 9.9964E-05 0.903447 9.9964E-05 9.9964E-05
9.9964E-05 0.991169 9.9964E-05 9.9964E-05 9.9964E-05 0.00843128
9.996E-05 0.9995 9.996E-05 9.996E-05 9.996E-05 9.996E-05
0.0768336 9.99729E-05 0.787268 9.99729E-05 0.135599 9.99729E-05
9.9964E-05 0.92143 9.9964E-05 9.9964E-05 9.9964E-05 0.0781702
9.9973E-05 0.90506 0.0411777 9.9973E-05 9.9973E-05 0.0534626
0.0259068 0.666174 9.9982E-05 0.0351031 9.9982E-05 0.272616
0.0556103 0.616482 9.9982E-05 0.00318275 9.9982E-05 0.324525
9.99731E-05 0.117059 9.99731E-05 9.99731E-05 0.335673 0.546967
9.996E-05 0.9995 9.996E-05 9.996E-05 9.996E-05 9.996E-05
9.99641E-05 0.094072 9.99641E-05 9.99641E-05 9.99641E-05 0.905528
0.224971 0.049744 0.602412 9.99819E-05 0.122673 9.99819E-05
0.00586876 0.992507 0.0013245 9.9973E-05 9.9973E-05 9.9973E-05
9.99641E-05 0.0540811 9.99641E-05 9.99641E-05 0.945519 9.99641E-05
9.9991E-05 0.0387581 0.016384 0.0236907 0.762965 0.158102
0.383287 0.124521 0.160811 0.0737044 0.257576 9.9991E-05
0.012648 0.103716 9.9982E-05 0.00789477 0.875542 9.9982E-05
0.0280065 0.0737625 9.9982E-05 0.00143315 0.896598 9.9982E-05
0.0897386 9.9991E-05 0.0422298 0.0190073 0.844544 0.00437988
9.9973E-05 9.9973E-05 0.324024 9.9973E-05 0.622178 0.0534974
0.137975 9.9991E-05 0.0790554 0.00445663 0.737333 0.0410803
0.196385 9.9991E-05 0.147463 0.103781 0.540004 0.0122665
0.0789224 0.0620101 0.0587844 0.0360216 0.734923 0.0293381
0.146714 0.106442 0.219075 9.9991E-05 0.436644 0.0910247
9.99644E-05 9.99644E-05 9.99644E-05 0.0104436 0.989156 9.99644E-05
9.996E-05 9.996E-05 9.996E-05 9.996E-05 9.996E-05 0.9995
9.996E-05 9.996E-05 9.996E-05 9.996E-05 9.996E-05 0.9995
9.996E-05 9.996E-05 9.996E-05 9.996E-05 9.996E-05 0.9995
9.996E-05 9.996E-05 9.996E-05 9.996E-05 9.996E-05 0.9995
9.996E-05 9.996E-05 9.996E-05 9.996E-05 9.996E-05 0.9995
9.9991E-05 0.21263 0.0548214 0.0341461 0.051951 0.646352
0.00414606 9.99729E-05 9.99729E-05 9.99729E-05 0.0220238 0.97353
9.9964E-05 9.9964E-05 0.0440196 9.9964E-05 0.955581 9.9964E-05
9.9982E-05 0.0920092 0.00321377 9.9982E-05 0.31574 0.588837
9.996E-05 0.9995 9.996E-05 9.996E-05 9.996E-05 9.996E-05
0.0485901 9.9973E-05 0.897248 9.9973E-05 0.0538621 9.9973E-05
0.00144724 0.0736077 0.362688 9.9982E-05 0.562057 9.9982E-05
9.996E-05 9.996E-05 0.9995 9.996E-05 9.996E-05 9.996E-05
0.00300063 9.99729E-05 0.890782 9.99729E-05 0.105918 9.99729E-05
0.101167 9.99819E-05 0.86688 0.0046825 0.02707 9.99819E-05
9.99731E-05 9.99731E-05 9.99731E-05 0.878257 0.118629 0.00281432
0.00879606 0.959056 9.99731E-05 9.99731E-05 9.99731E-05 0.0318475
9.9991E-05 0.262613 0.209461 0.0176137 0.217341 0.292871
9.99641E-05 0.994246 0.00535433 9.99641E-05 9.99641E-05 9.99641E-05
9.9973E-05 0.96886 9.9973E-05 9.9973E-05 0.0261358 0.00470436
9.9973E-05 0.879282 0.0100078 9.9973E-05 9.9973E-05 0.11041
9.9982E-05 0.942984 0.00101957 0.00900031 9.9982E-05 0.0467961
9.9973E-05 0.935199 9.9973E-05 9.9973E-05 0.0523309 0.0121703
9.9964E-05 0.996944 0.00265642 9.9964E-05 9.9964E-05 9.9964E-05
9.99643E-05 0.488504 9.99643E-05 9.99643E-05 9.99643E-05 0.511096
9.99732E-05 0.496355 0.184703 9.99732E-05 9.99732E-05 0.318642
9.9973E-05 0.950794 9.9973E-05 9.9973E-05 0.024685 0.0242213
0.0637087 0.0640897 0.153265 9.9991E-05 0.606276 0.112561
0.066655 0.034344 0.187814 9.9991E-05 0.576723 0.134364
0.9995 9.996E-05 9.996E-05 9.996E-05 9.996E-05 9.996E-05
0.9995 9.996E-05 9.996E-05 9.996E-05 9.996E-05 9.996E-05
0.0396287 9.9982E-05 0.0371119 9.9982E-05 0.836041 0.0870188
0.0362733 9.9991E-05 0.126404 0.00371563 0.747085 0.0864217
0.99311 9.9964E-05 9.9964E-05 9.9964E-05 9.9964E-05 0.00648984
0.9995 9.996E-05 9.996E-05 9.996E-05 9.996E-05 9.996E-05
9.99641E-05 9.99641E-05 0.0191858 9.99641E-05 0.980414 9.99641E-05
9.9982E-05 9.9982E-05 0.296871 0.0597496 0.619633 0.0235462
9.9973E-05 0.0845603 9.9973E-05 9.9973E-05 0.314932 0.600208
0.26921 0.052919 0.375263 0.107229 0.195278 9.9991E-05
0.297482 9.99821E-05 0.442822 0.10849 0.151006 9.99821E-05
0.0389236 0.578693 0.00437376 0.0579306 9.9991E-05 0.319979
