9.99369E-05 0.957879 9.99369E-05 9.99369E-05 9.99369E-05 9.99369E-05 9.99369E-05 0.00641747 0.0350041 9.99369E-05
0.0108735 0.10893 9.99638E-05 0.18402 0.596078 9.99638E-05 0.0963871 0.0033123 9.99638E-05 9.99638E-05
9.99554E-05 9.99554E-05 0.0154938 0.726286 0.13303 9.99554E-05 9.99554E-05 0.0436352 9.99554E-05 0.0810557
9.9928E-05 9.9928E-05 9.9928E-05 0.962411 9.9928E-05 9.9928E-05 9.9928E-05 0.0367892 9.9928E-05 9.9928E-05
9.99551E-05 0.00835744 9.99551E-05 0.37788 0.373026 9.99551E-05 0.11375 9.99551E-05 0.126487 9.99551E-05
9.9928E-05 9.9928E-05 9.9928E-05 0.960894 9.9928E-05 9.9928E-05 0.0383062 9.9928E-05 9.9928E-05 9.9928E-05
0.0112454 9.9937E-05 9.9937E-05 9.9937E-05 0.670161 9.9937E-05 9.9937E-05 9.9937E-05 9.9937E-05 0.317894
9.9955E-05 9.9955E-05 9.9955E-05 0.334853 0.419204 0.189552 9.9955E-05 0.0332599 0.0226311 9.9955E-05
0.0856252 9.9946E-05 9.9946E-05 9.9946E-05 0.742967 9.9946E-05 9.9946E-05 9.9946E-05 0.00548741 0.16532
9.99201E-05 9.99201E-05 9.99201E-05 9.99201E-05 9.99201E-05 9.99201E-05 9.99201E-05 9.99201E-05 0.999101 9.99201E-05
9.99201E-05 9.99201E-05 9.99201E-05 9.99201E-05 9.99201E-05 9.99201E-05 9.99201E-05 9.99201E-05 0.999101 9.99201E-05
9.9946E-05 0.664037 9.9946E-05 0.0292447 9.9946E-05 9.9946E-05 9.9946E-05 0.125815 9.9946E-05 0.180303
9.99282E-05 9.99282E-05 9.99282E-05 0.00782659 9.99282E-05 9.99282E-05 9.99282E-05 9.99282E-05 9.99282E-05 0.991374
9.9946E-05 9.9946E-05 0.0145085 0.91146 0.00150656 9.9946E-05 0.0719255 9.9946E-05 9.9946E-05 9.9946E-05
9.9937E-05 0.0670058 0.000924926 0.93137 9.9937E-05 9.9937E-05 9.9937E-05 9.9937E-05 9.9937E-05 9.9937E-05
0.809673 9.9946E-05 9.9946E-05 9.9946E-05 9.9946E-05 9.9946E-05 0.0208624 9.9946E-05 0.026035 0.14283
0.000243025 9.99368E-05 9.99368E-05 9.99368E-05 9.99368E-05 9.99368E-05 0.896058 9.99368E-05 0.102999 9.99368E-05
0.0803019 0.0166808 0.725567 9.99639E-05 0.0130692 0.0803894 9.99639E-05 9.99639E-05 0.0835917 9.99639E-05
9.9937E-05 9.9937E-05 0.906523 9.9937E-05 9.9937E-05 9.9937E-05 9.9937E-05 0.0787323 9.9937E-05 0.0140451
0.312735 0.108328 9.99549E-05 9.99549E-05 9.99549E-05 9.99549E-05 0.0982812 0.0509697 0.429187 9.99549E-05
9.99201E-05 9.99201E-05 0.999101 9.99201E-05 9.99201E-05 9.99201E-05 9.99201E-05 9.99201E-05 9.99201E-05 9.99201E-05
0.353162 0.493291 9.99459E-05 9.99459E-05 9.99459E-05 9.99459E-05 0.104136 9.99459E-05 0.0488121 9.99459E-05
9.99551E-05 9.99551E-05 0.357364 9.99551E-05 9.99551E-05 0.0109274 0.278132 0.199606 0.153471 9.99551E-05
9.99459E-05 9.99459E-05 0.889586 9.99459E-05 9.99459E-05 9.99459E-05 0.04446 0.0347031 0.0306509 9.99459E-05
9.99371E-05 9.99371E-05 9.99371E-05 0.980339 9.99371E-05 0.0032566 9.99371E-05 0.0157048 9.99371E-05 9.99371E-05
9.99201E-05 9.99201E-05 9.99201E-05 0.999101 9.99201E-05 9.99201E-05 9.99201E-05 9.99201E-05 9.99201E-05 9.99201E-05
9.99549E-05 0.043928 9.99549E-05 9.99549E-05 9.99549E-05 9.99549E-05 0.0659385 0.0513753 0.129971 0.708288
9.9946E-05 9.9946E-05 9.9946E-05 0.93152 0.0356389 0.0319875 9.9946E-05 9.9946E-05 9.9946E-05 0.000253696
0.0520409 9.9946E-05 9.9946E-05 0.872585 9.9946E-05 0.0651055 9.9946E-05 9.9946E-05 9.9946E-05 0.00966855
9.99641E-05 9.99641E-05 0.00716455 0.659107 0.0761513 0.201608 0.0470723 9.99641E-05 9.99641E-05 0.0084977
9.9955E-05 9.9955E-05 9.9955E-05 0.589941 0.170081 0.156398 0.0657776 0.0173021 9.9955E-05 9.9955E-05
9.9946E-05 0.0246541 9.9946E-05 9.9946E-05 0.897126 0.0703729 9.9946E-05 0.00724721 9.9946E-05 9.9946E-05
0.0510714 9.99372E-05 9.99372E-05 0.936739 9.99372E-05 9.99372E-05 0.0114896 9.99372E-05 9.99372E-05 9.99372E-05
9.99372E-05 9.99372E-05 9.99372E-05 0.0580663 0.129185 0.81205 9.99372E-05 9.99372E-05 9.99372E-05 9.99372E-05
9.997E-05 0.0637245 9.997E-05 0.00858005 9.997E-05 0.037322 0.338901 0.102577 0.00687704 0.441718
0.0231653 9.99549E-05 9.99549E-05 0.942841 0.0120876 9.99549E-05 0.00421681 9.99549E-05 9.99549E-05 0.0171897
9.9937E-05 0.959267 9.9937E-05 0.0017368 9.9937E-05 9.9937E-05 0.0382969 9.9937E-05 9.9937E-05 9.9937E-05
9.9973E-05 0.109159 0.010543 0.00454517 0.208339 0.0115123 0.0197875 9.9973E-05 0.635814 9.9973E-05
9.99279E-05 9.99279E-05 9.99279E-05 9.99279E-05 0.00610618 9.99279E-05 0.993094 9.99279E-05 9.99279E-05 9.99279E-05
0.295217 0.202559 9.995E-05 0.0571052 9.995E-05 9.995E-05 0.188298 9.995E-05 0.256321 9.995E-05
0.317688 0.27434 9.99549E-05 0.0569679 9.99549E-05 9.99549E-05 0.092645 9.99549E-05 0.25786 9.99549E-05
0.0170665 0.0469085 9.99459E-05 9.99459E-05 9.99459E-05 9.99459E-05 0.0363048 9.99459E-05 0.89912 9.99459E-05
0.877474 9.9946E-05 0.0094279 9.9946E-05 9.9946E-05 9.9946E-05 9.9946E-05 9.9946E-05 0.0553359 0.0571628
9.99549E-05 0.012317 9.99549E-05 9.99549E-05 9.99549E-05 9.99549E-05 0.0691174 0.0233731 0.879595 0.0150976
0.0545049 0.0970127 0.102691 9.9982E-05 9.9982E-05 0.0168729 0.00375108 0.109254 0.478518 0.137196
0.207351 0.1244 0.044484 0.0746869 9.9955E-05 9.9955E-05 9.9955E-05 9.9955E-05 0.548578 9.9955E-05
9.997E-05 0.185587 9.997E-05 0.0581825 0.0274397 0.0477871 0.325467 9.997E-05 0.240209 0.115027
9.99285E-05 0.994715 0.00448521 9.99285E-05 9.99285E-05 9.99285E-05 9.99285E-05 9.99285E-05 9.99285E-05 9.99285E-05
9.99201E-05 9.99201E-05 9.99201E-05 9.99201E-05 9.99201E-05 0.999101 9.99201E-05 9.99201E-05 9.99201E-05 9.99201E-05
9.9928E-05 9.9928E-05 9.9928E-05 0.0128404 9.9928E-05 0.98636 9.9928E-05 9.9928E-05 9.9928E-05 9.9928E-05
9.99371E-05 9.99371E-05 9.99371E-05 9.99371E-05 9.99371E-05 0.98723 9.99371E-05 0.000895058 0.0111749 9.99371E-05
9.99201E-05 9.99201E-05 9.99201E-05 9.99201E-05 9.99201E-05 0.999101 9.99201E-05 9.99201E-05 9.99201E-05 9.99201E-05
9.99201E-05 9.99201E-05 9.99201E-05 9.99201E-05 9.99201E-05 0.999101 9.99201E-05 9.99201E-05 9.99201E-05 9.99201E-05
0.0471417 9.99821E-05 0.0224291 0.182502 0.200038 0.490536 0.000123193 9.99821E-05 0.0419901 0.0150399
0.0191882 9.9937E-05 9.9937E-05 9.9937E-05 0.0332054 0.946907 9.9937E-05 9.9937E-05 9.9937E-05 9.9937E-05
0.196133 0.791371 9.99369E-05 9.99369E-05 9.99369E-05 9.99369E-05 9.99369E-05 9.99369E-05 9.99369E-05 0.0117963
9.99458E-05 0.0644633 9.99458E-05 9.99458E-05 0.808707 0.105961 9.99458E-05 0.0202685 9.99458E-05 9.99458E-05
9.99369E-05 0.00246872 9.99369E-05 0.989958 9.99369E-05 9.99369E-05 0.00687329 9.99369E-05 9.99369E-05 9.99369E-05
0.0557496 0.0508188 9.9955E-05 9.9955E-05 9.9955E-05 0.0375748 9.9955E-05 0.0375937 9.9955E-05 0.817763
0.916305 9.99282E-05 9.99282E-05 9.99282E-05 9.99282E-05 9.99282E-05 9.99282E-05 9.99282E-05 9.99282E-05 0.0828955
9.99201E-05 9.99201E-05 9.99201E-05 9.99201E-05 9.99201E-05 9.99201E-05 9.99201E-05 9.99201E-05 9.99201E-05 0.999101
9.99279E-05 9.99279E-05 9.99279E-05 9.99279E-05 9.99279E-05 9.99279E-05 9.99279E-05 9.99279E-05 0.119452 0.879748
9.99459E-05 9.99459E-05 9.99459E-05 9.99459E-05 9.99459E-05 9.99459E-05 0.024211 0.0587857 0.0926558 0.823748
9.99282E-05 0.0825275 0.916673 9.99282E-05 9.99282E-05 9.99282E-05 9.99282E-05 9.99282E-05 9.99282E-05 9.99282E-05
0.0100425 9.99373E-05 9.99373E-05 0.985497 9.99373E-05 9.99373E-05 9.99373E-05 0.00376095 9.99373E-05 9.99373E-05
0.0774371 0.0597109 0.0358937 0.310621 0.0681206 0.0167718 0.109483 0.0681045 0.100426 0.153431
9.99373E-05 9.99373E-05 9.99373E-05 0.982075 9.99373E-05 9.99373E-05 9.99373E-05 0.0024661 9.99373E-05 0.0147594
9.99459E-05 0.0131246 9.99459E-05 0.920665 9.99459E-05 0.0105156 0.0550948 9.99459E-05 9.99459E-05 9.99459E-05
0.0771307 9.9937E-05 9.9937E-05 0.875113 9.9937E-05 0.0470571 9.9937E-05 9.9937E-05 9.9937E-05 9.9937E-05
0.0718349 9.9946E-05 9.9946E-05 0.895787 0.012184 0.0195945 9.9946E-05 9.9946E-05 9.9946E-05 9.9946E-05
9.99461E-05 9.99461E-05 9.99461E-05 0.877802 0.0256125 9.99461E-05 0.049586 9.99461E-05 0.0463997 9.99461E-05
9.99279E-05 9.99279E-05 9.99279E-05 0.936881 9.99279E-05 9.99279E-05 0.0623192 9.99279E-05 9.99279E-05 9.99279E-05
9.994E-05 9.994E-05 9.994E-05 0.425103 0.343131 0.206636 0.0245312 9.994E-05 9.994E-05 9.994E-05
9.99463E-05 9.99463E-05 9.99463E-05 0.402639 0.442716 0.101457 9.99463E-05 9.99463E-05 9.99463E-05 0.0525876
9.99371E-05 9.99371E-05 9.99371E-05 0.948724 9.99371E-05 9.99371E-05 9.99371E-05 9.99371E-05 0.044559 0.00601707
0.988058 9.9937E-05 9.9937E-05 9.9937E-05 0.00454063 0.00670209 9.9937E-05 9.9937E-05 9.9937E-05 9.9937E-05
0.960413 9.99369E-05 9.99369E-05 0.0123853 9.99369E-05 0.0265021 9.99369E-05 9.99369E-05 9.99369E-05 9.99369E-05
9.99281E-05 0.000248617 9.99281E-05 9.99281E-05 9.99281E-05 9.99281E-05 9.99281E-05 0.998952 9.99281E-05 9.99281E-05
9.99201E-05 9.99201E-05 9.99201E-05 9.99201E-05 9.99201E-05 9.99201E-05 9.99201E-05 0.999101 9.99201E-05 9.99201E-05
0.088712 0.0494029 9.99549E-05 9.99549E-05 0.0363936 0.0154019 9.99549E-05 9.99549E-05 0.80959 9.99549E-05
0.104002 0.0847474 9.99459E-05 9.99459E-05 9.99459E-05 9.99459E-05 9.99459E-05 9.99459E-05 0.79499 0.0156608
0.0050171 9.99371E-05 9.99371E-05 9.99371E-05 0.0161734 9.99371E-05 9.99371E-05 0.97811 9.99371E-05 9.99371E-05
9.99201E-05 9.99201E-05 9.99201E-05 9.99201E-05 9.99201E-05 9.99201E-05 9.99201E-05 0.999101 9.99201E-05 9.99201E-05
0.039486 0.932999 9.99369E-05 9.99369E-05 9.99369E-05 9.99369E-05 9.99369E-05 9.99369E-05 9.99369E-05 0.026815
0.556312 0.00908555 0.0637936 9.9964E-05 0.0511801 9.9964E-05 9.9964E-05 9.9964E-05 0.133444 0.185786
9.99368E-05 0.046392 9.99368E-05 9.99368E-05 0.839595 0.113313 9.99368E-05 9.99368E-05 9.99368E-05 9.99368E-05
9.99641E-05 9.99641E-05 0.0700661 0.0225797 9.99641E-05 9.99641E-05 0.484118 0.0783871 0.162946 0.181504
9.99551E-05 0.0835142 0.0283568 9.99551E-05 9.99551E-05 9.99551E-05 0.553304 0.0950802 9.99551E-05 0.239245
9.99641E-05 9.99641E-05 0.029153 0.51741 0.244575 0.163392 9.99641E-05 0.0436818 0.00138969 9.99641E-05
