9.99279E-05 9.99279E-05 9.99279E-05 9.99279E-05 9.99279E-05 0.039923 9.99279E-05 9.99279E-05 0.959278 9.99279E-05
0.0506606 9.99458E-05 9.99458E-05 9.99458E-05 0.186395 9.99458E-05 0.659776 9.99458E-05 0.102569 9.99458E-05
0.0598699 0.38742 9.99553E-05 0.0711124 0.474142 9.99553E-05 9.99553E-05 9.99553E-05 9.99553E-05 0.00695613
0.0186578 9.9928E-05 9.9928E-05 9.9928E-05 0.980543 9.9928E-05 9.9928E-05 9.9928E-05 9.9928E-05 9.9928E-05
9.99551E-05 0.106041 0.0103457 9.99551E-05 0.339834 0.199097 0.344183 9.99551E-05 9.99551E-05 9.99551E-05
9.99281E-05 9.99281E-05 9.99281E-05 9.99281E-05 0.992955 9.99281E-05 9.99281E-05 0.00624595 9.99281E-05 9.99281E-05
9.99282E-05 9.99282E-05 9.99282E-05 0.256213 9.99282E-05 9.99282E-05 0.742987 9.99282E-05 9.99282E-05 9.99282E-05
0.000965227 0.689193 0.0503577 9.99639E-05 0.105352 0.109307 0.0444253 9.99639E-05 9.99639E-05 9.99639E-05
9.9928E-05 9.9928E-05 9.9928E-05 0.191575 9.9928E-05 9.9928E-05 0.807626 9.9928E-05 9.9928E-05 9.9928E-05
9.99201E-05 9.99201E-05 9.99201E-05 9.99201E-05 9.99201E-05 0.999101 9.99201E-05 9.99201E-05 9.99201E-05 9.99201E-05
9.99201E-05 9.99201E-05 9.99201E-05 9.99201E-05 9.99201E-05 0.999101 9.99201E-05 9.99201E-05 9.99201E-05 9.99201E-05
0.116343 0.0153751 9.9955E-05 0.15168 0.0126172 9.9955E-05 9.9955E-05 9.9955E-05 0.703484 9.9955E-05
9.99281E-05 0.0154637 9.99281E-05 0.983737 9.99281E-05 9.99281E-05 9.99281E-05 9.99281E-05 9.99281E-05 9.99281E-05
9.99371E-05 9.99371E-05 9.99371E-05 9.99371E-05 0.936591 9.99371E-05 9.99371E-05 9.99371E-05 0.035599 0.02711
9.99371E-05 9.99371E-05 9.99371E-05 9.99371E-05 0.958855 9.99371E-05 9.99371E-05 9.99371E-05 0.0256134 0.0148315
9.99459E-05 9.99459E-05 9.99459E-05 0.315865 9.99459E-05 0.444908 0.164563 9.99459E-05 0.074065 9.99459E-05
0.256309 9.9964E-05 9.9964E-05 0.168674 0.00427186 0.444684 9.9964E-05 9.9964E-05 0.00768796 0.117974
9.99549E-05 9.99549E-05 0.0304538 9.99549E-05 9.99549E-05 0.195138 0.0571167 9.99549E-05 0.00413219 0.712659
0.0415752 9.9937E-05 9.9937E-05 9.9937E-05 9.9937E-05 9.9937E-05 9.9937E-05 0.100346 9.9937E-05 0.857379
0.0693479 9.9946E-05 9.9946E-05 0.0241073 9.9946E-05 0.773377 9.9946E-05 9.9946E-05 0.132568 9.9946E-05
9.9928E-05 9.9928E-05 9.9928E-05 9.9928E-05 9.9928E-05 9.9928E-05 9.9928E-05 0.0504322 9.9928E-05 0.948768
0.00701053 9.99549E-05 0.00686668 0.130226 9.99549E-05 0.291614 9.99549E-05 9.99549E-05 0.563783 9.99549E-05
0.272865 9.9946E-05 9.9946E-05 9.9946E-05 0.00753266 0.261986 9.9946E-05 9.9946E-05 9.9946E-05 0.457017
9.99279E-05 9.99279E-05 9.99279E-05 9.99279E-05 9.99279E-05 0.0732828 9.99279E-05 9.99279E-05 9.99279E-05 0.925918
9.99282E-05 9.99282E-05 0.0387209 9.99282E-05 0.96048 9.99282E-05 9.99282E-05 9.99282E-05 9.99282E-05 9.99282E-05
9.99281E-05 9.99281E-05 0.00126105 9.99281E-05 0.99794 9.99281E-05 9.99281E-05 9.99281E-05 9.99281E-05 9.99281E-05
0.0543165 9.99459E-05 9.99459E-05 0.790019 9.99459E-05 0.101768 9.99459E-05 9.99459E-05 0.053297 9.99459E-05
9.9955E-05 0.00365276 0.0530796 0.00197013 0.896812 9.9955E-05 0.0439856 9.9955E-05 9.9955E-05 9.9955E-05
9.9937E-05 9.9937E-05 0.0448196 9.9937E-05 0.88463 9.9937E-05 0.0698506 9.9937E-05 9.9937E-05 9.9937E-05
0.00663484 0.258664 0.132888 9.99641E-05 0.537957 9.99641E-05 9.99641E-05 0.0622871 0.00116929 9.99641E-05
0.0256686 0.522171 0.0911739 9.9946E-05 0.360387 9.9946E-05 9.9946E-05 9.9946E-05 9.9946E-05 9.9946E-05
0.0124911 9.99461E-05 0.0227294 9.99461E-05 0.0166192 9.99461E-05 0.947561 9.99461E-05 9.99461E-05 9.99461E-05
9.99281E-05 0.14924 9.99281E-05 9.99281E-05 0.84996 9.99281E-05 9.99281E-05 9.99281E-05 9.99281E-05 9.99281E-05
0.00870609 0.332593 0.604752 9.9946E-05 9.9946E-05 9.9946E-05 0.0533489 9.9946E-05 9.9946E-05 9.9946E-05
0.195915 0.0752578 9.99638E-05 0.52317 0.00625688 0.110068 9.99638E-05 9.99638E-05 0.0889328 9.99638E-05
9.99639E-05 0.0112546 9.99639E-05 0.0266903 0.935361 9.99639E-05 0.0113774 0.00067277 0.0142443 9.99639E-05
9.9928E-05 0.0345066 9.9928E-05 9.9928E-05 9.9928E-05 9.9928E-05 9.9928E-05 9.9928E-05 0.964694 9.9928E-05
9.99549E-05 0.0900803 9.99549E-05 9.99549E-05 9.99549E-05 0.688728 0.121538 0.0158838 0.0832699 9.99549E-05
0.318454 0.0611427 9.9973E-05 0.16754 0.0698349 0.280274 9.9973E-05 9.9973E-05 0.0279266 0.0745288
9.99459E-05 9.99459E-05 9.99459E-05 9.99459E-05 0.137867 0.577003 9.99459E-05 0.000707907 0.283822 9.99459E-05
0.0252539 9.99459E-05 9.99459E-05 9.99459E-05 0.0740616 0.551839 9.99459E-05 9.99459E-05 0.348246 9.99459E-05
9.9946E-05 9.9946E-05 9.9946E-05 0.0114163 9.9946E-05 0.973676 9.9946E-05 0.00185259 0.012455 9.9946E-05
9.99549E-05 9.99549E-05 9.99549E-05 0.254271 9.99549E-05 0.457251 0.1757 0.00724273 0.105035 9.99549E-05
0.039628 9.9937E-05 9.9937E-05 0.00957489 9.9937E-05 0.950098 9.9937E-05 9.9937E-05 9.9937E-05 9.9937E-05
0.1402 9.9964E-05 9.9964E-05 0.194991 9.9964E-05 0.487362 0.00747903 9.9964E-05 0.0358159 0.133752
0.0336767 0.00157408 9.9982E-05 0.0339376 0.0912412 0.579058 0.0086776 0.112381 0.139254 9.9982E-05
0.108914 9.9973E-05 0.0265624 0.200866 0.129934 0.318447 9.9973E-05 0.0135635 0.201413 9.9973E-05
9.99201E-05 9.99201E-05 9.99201E-05 9.99201E-05 9.99201E-05 9.99201E-05 9.99201E-05 9.99201E-05 0.999101 9.99201E-05
9.99201E-05 9.99201E-05 0.999101 9.99201E-05 9.99201E-05 9.99201E-05 9.99201E-05 9.99201E-05 9.99201E-05 9.99201E-05
9.99201E-05 9.99201E-05 0.999101 9.99201E-05 9.99201E-05 9.99201E-05 9.99201E-05 9.99201E-05 9.99201E-05 9.99201E-05
9.99461E-05 9.99461E-05 0.984984 9.99461E-05 9.99461E-05 0.00938068 9.99461E-05 0.000743714 9.99461E-05 0.00429221
9.99201E-05 9.99201E-05 0.999101 9.99201E-05 9.99201E-05 9.99201E-05 9.99201E-05 9.99201E-05 9.99201E-05 9.99201E-05
9.99201E-05 9.99201E-05 0.999101 9.99201E-05 9.99201E-05 9.99201E-05 9.99201E-05 9.99201E-05 9.99201E-05 9.99201E-05
9.997E-05 0.299315 0.363154 0.0116159 0.123121 0.0749325 0.0829976 9.997E-05 9.997E-05 0.0445633
9.99281E-05 9.99281E-05 0.941032 9.99281E-05 9.99281E-05 9.99281E-05 0.0581681 9.99281E-05 9.99281E-05 9.99281E-05
9.99459E-05 9.99459E-05 9.99459E-05 0.0756543 9.99459E-05 0.0505699 0.0206429 9.99459E-05 0.852533 9.99459E-05
0.0249164 9.99458E-05 0.0649847 9.99458E-05 9.99458E-05 9.99458E-05 0.905825 9.99458E-05 0.0036746 9.99458E-05
9.9955E-05 0.0156905 9.9955E-05 9.9955E-05 0.96141 0.00595996 9.9955E-05 9.9955E-05 0.0118199 0.00462027
0.0388629 9.9946E-05 0.026606 0.84147 9.9946E-05 9.9946E-05 9.9946E-05 9.9946E-05 0.0924613 9.9946E-05
9.9955E-05 9.9955E-05 9.9955E-05 0.338162 0.0552954 0.29462 0.0954236 9.9955E-05 0.215999 9.9955E-05
9.99201E-05 9.99201E-05 9.99201E-05 0.999101 9.99201E-05 9.99201E-05 9.99201E-05 9.99201E-05 9.99201E-05 9.99201E-05
9.99278E-05 9.99278E-05 9.99278E-05 0.895917 9.99278E-05 0.103284 9.99278E-05 9.99278E-05 9.99278E-05 9.99278E-05
0.0562284 9.99369E-05 9.99369E-05 0.845457 9.99369E-05 0.0976152 9.99369E-05 9.99369E-05 9.99369E-05 9.99369E-05
9.99201E-05 9.99201E-05 9.99201E-05 9.99201E-05 9.99201E-05 9.99201E-05 9.99201E-05 0.999101 9.99201E-05 9.99201E-05
9.99284E-05 9.99284E-05 0.00453018 9.99284E-05 0.99467 9.99284E-05 9.99284E-05 9.99284E-05 9.99284E-05 9.99284E-05
0.0324203 9.9991E-05 0.201924 0.23088 0.176691 0.0535375 0.121242 0.0288151 0.14235 0.0120395
9.99373E-05 0.0694843 9.99373E-05 0.00786352 0.921953 9.99373E-05 9.99373E-05 9.99373E-05 9.99373E-05 9.99373E-05
9.9946E-05 0.00835861 0.0167754 9.9946E-05 0.920522 9.9946E-05 9.9946E-05 9.9946E-05 0.0537443 9.9946E-05
9.9955E-05 0.0382538 0.0619746 0.00482616 0.827696 9.9955E-05 0.0667498 9.9955E-05 9.9955E-05 9.9955E-05
9.99281E-05 9.99281E-05 9.99281E-05 9.99281E-05 0.869091 9.99281E-05 0.130109 9.99281E-05 9.99281E-05 9.99281E-05
0.0235686 0.113201 9.99551E-05 9.99551E-05 0.810404 0.0291673 9.99551E-05 9.99551E-05 0.0231593 9.99551E-05
0.0090639 9.9946E-05 0.0234776 0.0179088 0.94895 9.9946E-05 9.9946E-05 9.9946E-05 9.9946E-05 9.9946E-05
9.99201E-05 0.999101 9.99201E-05 9.99201E-05 9.99201E-05 9.99201E-05 9.99201E-05 9.99201E-05 9.99201E-05 9.99201E-05
9.9928E-05 0.97141 9.9928E-05 0.0277905 9.9928E-05 9.9928E-05 9.9928E-05 9.9928E-05 9.9928E-05 9.9928E-05
9.99461E-05 9.99461E-05 0.00109104 9.99461E-05 0.962083 9.99461E-05 9.99461E-05 9.99461E-05 0.0197977 0.0164285
0.0296166 9.99639E-05 9.99639E-05 0.095409 0.0206889 0.454362 0.267554 9.99639E-05 0.131969 9.99639E-05
0.0338599 9.99549E-05 9.99549E-05 0.155413 9.99549E-05 0.452468 0.280239 9.99549E-05 0.0775204 9.99549E-05
0.999101 9.99201E-05 9.99201E-05 9.99201E-05 9.99201E-05 9.99201E-05 9.99201E-05 9.99201E-05 9.99201E-05 9.99201E-05
0.999101 9.99201E-05 9.99201E-05 9.99201E-05 9.99201E-05 9.99201E-05 9.99201E-05 9.99201E-05 9.99201E-05 9.99201E-05
9.9946E-05 9.9946E-05 9.9946E-05 0.0304781 9.9946E-05 0.897309 0.0664673 9.9946E-05 0.00514629 9.9946E-05
9.9955E-05 9.9955E-05 9.9955E-05 0.0843729 0.00975069 0.880246 0.0209634 0.00416712 9.9955E-05 9.9955E-05
0.97954 9.9928E-05 9.9928E-05 9.9928E-05 9.9928E-05 9.9928E-05 0.0196609 9.9928E-05 9.9928E-05 9.9928E-05
0.999101 9.99201E-05 9.99201E-05 9.99201E-05 9.99201E-05 9.99201E-05 9.99201E-05 9.99201E-05 9.99201E-05 9.99201E-05
9.99279E-05 9.99279E-05 9.99279E-05 0.0345805 9.99279E-05 9.99279E-05 9.99279E-05 9.99279E-05 0.96462 9.99279E-05
9.99549E-05 9.99549E-05 9.99549E-05 0.260572 9.99549E-05 0.412374 0.158091 9.99549E-05 0.111482 0.0569808
9.99279E-05 9.99279E-05 0.120361 9.99279E-05 9.99279E-05 9.99279E-05 0.87884 9.99279E-05 9.99279E-05 9.99279E-05
0.249061 9.99642E-05 9.99642E-05 0.34297 0.0427804 0.231796 9.99642E-05 9.99642E-05 0.00791805 0.125075
0.254815 9.99551E-05 9.99551E-05 0.438948 0.00899526 9.99551E-05 9.99551E-05 9.99551E-05 0.180885 0.115857
0.0233308 0.604098 0.119088 9.99641E-05 0.230833 0.00254378 9.99641E-05 9.99641E-05 9.99641E-05 0.0197067
