9.996E-05 0.9995 9.996E-05 9.996E-05 9.996E-05 9.996E-05
0.281155 0.430004 9.9973E-05 9.9973E-05 9.9973E-05 0.288541
0.748192 9.99911E-05 0.0295448 0.0700513 0.0545401 0.0975716
0.957808 9.9964E-05 9.9964E-05 9.9964E-05 0.0417917 9.9964E-05
0.44975 0.275582 9.99731E-05 9.99731E-05 9.99731E-05 0.274368
0.988819 0.00980299 9.9973E-05 9.9973E-05 0.00107771 9.9973E-05
0.0175314 0.00437762 9.99821E-05 0.567166 9.99821E-05 0.410725
0.389012 0.112961 9.9982E-05 9.9982E-05 0.0238221 0.474005
9.99731E-05 0.0663413 9.99731E-05 0.467804 9.99731E-05 0.465555
9.9982E-05 0.74926 9.9982E-05 0.0637681 0.0629217 0.12385
9.9982E-05 0.71122 9.9982E-05 0.0917406 0.0939898 0.10285
0.0444006 0.67374 9.9982E-05 0.174806 0.106853 9.9982E-05
0.0129763 9.9964E-05 9.9964E-05 0.986624 9.9964E-05 9.9964E-05
0.933242 0.0419719 0.0244866 9.9973E-05 9.9973E-05 9.9973E-05
0.96206 0.0375406 9.9964E-05 9.9964E-05 9.9964E-05 9.9964E-05
0.035506 0.62652 9.9982E-05 0.326932 9.9982E-05 0.0108424
9.998E-05 0.396266 0.0657496 0.179018 0.358766 9.998E-05
9.99729E-05 0.202495 0.730374 9.99729E-05 9.99729E-05 0.0668307
9.9964E-05 9.9964E-05 0.928018 9.9964E-05 0.0715818 9.9964E-05
9.9973E-05 0.827441 9.9973E-05 0.0427412 0.129518 9.9973E-05
9.996E-05 9.996E-05 0.9995 9.996E-05 9.996E-05 9.996E-05
9.9973E-05 0.946938 9.9973E-05 0.0464701 0.0062923 9.9973E-05
9.9982E-05 0.0934963 0.425302 9.9982E-05 0.423279 0.0577218
9.9964E-05 9.9964E-05 0.906205 9.9964E-05 0.093395 9.9964E-05
0.9995 9.996E-05 9.996E-05 9.996E-05 9.996E-05 9.996E-05
0.9995 9.996E-05 9.996E-05 9.996E-05 9.996E-05 9.996E-05
9.99729E-05 0.15751 9.99729E-05 0.753919 0.0882714 9.99729E-05
0.924545 9.9973E-05 9.9973E-05 0.00358748 9.9973E-05 0.0715674
0.912454 9.9964E-05 9.9964E-05 9.9964E-05 9.9964E-05 0.0871463
0.636044 9.9991E-05 0.0264223 0.00185542 0.0245856 0.310993
0.600177 9.9982E-05 9.9982E-05 0.00602393 0.0417759 0.351824
0.105062 0.303692 0.00027558 9.99821E-05 9.99821E-05 0.590771
0.9995 9.996E-05 9.996E-05 9.996E-05 9.996E-05 9.996E-05
0.131471 9.9964E-05 9.9964E-05 9.9964E-05 9.9964E-05 0.86813
0.0572637 0.141643 9.99819E-05 0.563682 0.237212 9.99819E-05
0.961817 0.00995262 9.99729E-05 0.0279303 9.99729E-05 9.99729E-05
0.0412331 0.958367 9.99642E-05 9.99642E-05 9.99642E-05 9.99642E-05
0.0289273 0.787946 0.0137742 0.0213669 0.000172084 0.147814
0.157483 0.212515 0.0561277 0.174554 0.399222 9.9991E-05
0.116595 0.882468 9.99729E-05 9.99729E-05 0.000637199 9.99729E-05
0.0687881 0.907018 0.00341521 9.9982E-05 0.0205784 9.9982E-05
9.9991E-05 0.860402 0.0287501 0.0363564 0.0695189 0.00487306
9.9973E-05 0.667618 9.9973E-05 0.25595 9.9973E-05 0.0761327
9.9991E-05 0.795187 0.0105691 0.0422661 0.110924 0.0409544
9.999E-05 0.51289 0.123995 0.211748 0.114988 0.0362798
0.0937162 0.753949 0.0484072 0.0722187 0.0223865 0.00932245
0.108775 0.456393 9.999E-05 0.252419 0.121554 0.0607596
9.996E-05 0.9995 9.996E-05 9.996E-05 9.996E-05 9.996E-05
9.996E-05 9.996E-05 9.996E-05 9.996E-05 9.996E-05 0.9995
9.99639E-05 9.99639E-05 0.00214674 9.99639E-05 9.99639E-05 0.997453
9.99639E-05 9.99639E-05 9.99639E-05 9.99639E-05 0.000938695 0.998661
9.996E-05 9.996E-05 9.996E-05 9.996E-05 9.996E-05 0.9995
9.996E-05 9.996E-05 9.996E-05 9.996E-05 9.996E-05 0.9995
0.225731 0.0774806 0.0184079 0.0611196 9.9991E-05 0.617161
9.9964E-05 0.00940986 9.9964E-05 9.9964E-05 9.9964E-05 0.99019
9.9964E-05 0.983743 9.9964E-05 0.0158574 9.9964E-05 9.9964E-05
0.0682719 0.317628 9.9982E-05 9.9982E-05 0.000315321 0.613585
0.963955 0.0348866 0.000858529 9.99729E-05 9.99729E-05 9.99729E-05
9.9982E-05 0.0889426 9.9982E-05 0.848 0.0533937 0.0094634
0.0714026 0.633579 9.99731E-05 0.294719 9.99731E-05 9.99731E-05
9.996E-05 9.996E-05 9.996E-05 0.9995 9.996E-05 9.996E-05
9.99639E-05 0.119933 9.99639E-05 0.879667 9.99639E-05 9.99639E-05
9.99819E-05 0.0804253 0.00961562 0.815481 0.0942779 9.99819E-05
9.99641E-05 0.100336 0.899264 9.99641E-05 9.99641E-05 9.99641E-05
0.9995 9.996E-05 9.996E-05 9.996E-05 9.996E-05 9.996E-05
0.375655 0.184242 0.0335238 0.136941 0.16143 0.108209
0.976059 9.99641E-05 9.99641E-05 0.0235413 9.99641E-05 9.99641E-05
0.964565 0.0235412 9.9973E-05 9.9973E-05 9.9973E-05 0.0115939
0.925292 9.9964E-05 9.9964E-05 9.9964E-05 9.9964E-05 0.074308
0.898712 9.9982E-05 0.0107729 0.0119681 9.9982E-05 0.0783473
0.934965 0.0646351 9.99641E-05 9.99641E-05 9.99641E-05 9.99641E-05
0.992366 9.9964E-05 9.9964E-05 9.9964E-05 0.00723442 9.9964E-05
0.465824 9.99642E-05 9.99642E-05 9.99642E-05 9.99642E-05 0.533776
0.456369 9.99732E-05 9.99732E-05 0.184524 9.99732E-05 0.358808
0.959516 0.0400839 9.9964E-05 9.9964E-05 9.9964E-05 9.9964E-05
0.0675071 0.705579 9.9991E-05 0.105376 0.0359002 0.0855376
0.0731562 0.642786 9.9991E-05 0.134485 0.0504469 0.0990259
9.996E-05 9.996E-05 9.996E-05 9.996E-05 0.9995 9.996E-05
9.996E-05 9.996E-05 9.996E-05 9.996E-05 0.9995 9.996E-05
9.9982E-05 0.853369 9.9982E-05 0.0341808 0.0382442 0.0740062
9.9991E-05 0.790577 0.0230057 0.108688 0.00118802 0.0764407
9.996E-05 9.996E-05 9.996E-05 9.996E-05 0.9995 9.996E-05
9.996E-05 9.996E-05 9.996E-05 9.996E-05 0.9995 9.996E-05
9.99641E-05 0.973452 9.99641E-05 0.0261483 9.99641E-05 9.99641E-05
9.9982E-05 0.638206 0.0595275 0.253456 9.9982E-05 0.0486106
0.0656109 0.30474 9.9973E-05 9.9973E-05 9.9973E-05 0.629349
0.0375089 0.185227 0.139634 0.353952 0.283578 9.999E-05
9.99821E-05 0.169887 0.0849475 0.438112 0.306853 9.99821E-05
0.608076 9.99821E-05 0.0288317 9.99821E-05 0.0420653 0.320827
