9.996E-05 9.996E-05 9.996E-05 9.996E-05 9.996E-05 0.9995
9.9973E-05 9.9973E-05 9.9973E-05 0.33046 0.243129 0.426111
0.0582925 0.0505131 0.0457504 0.830017 0.0153273 9.99911E-05
9.9964E-05 0.0208271 9.9964E-05 0.978773 9.9964E-05 9.9964E-05
9.99731E-05 9.99731E-05 9.99731E-05 0.492898 0.236207 0.270595
9.9973E-05 0.0242562 9.9973E-05 0.961383 9.9973E-05 0.0140608
9.99731E-05 9.99731E-05 0.623035 0.0259991 0.350666 9.99731E-05
9.9982E-05 0.0400431 9.9982E-05 0.421733 0.436826 0.101197
9.9982E-05 9.9982E-05 0.494676 0.0178635 0.402429 0.0848321
9.9982E-05 0.0873863 0.0501754 9.9982E-05 0.102599 0.759639
9.9982E-05 0.079014 0.0982361 9.9982E-05 0.0947553 0.727795
9.9982E-05 0.130921 0.156217 0.0377197 9.9982E-05 0.674943
9.996E-05 9.996E-05 0.9995 9.996E-05 9.996E-05 9.996E-05
0.0224838 0.00307571 9.9982E-05 0.943499 9.9982E-05 0.0307413
0.00117315 9.9973E-05 9.9973E-05 0.94008 9.9973E-05 0.0584467
9.9982E-05 0.0141148 0.348882 9.9982E-05 0.040961 0.595843
0.0649194 0.378844 0.21958 0.000615722 9.9991E-05 0.335941
0.686821 9.99729E-05 9.99729E-05 9.99729E-05 0.0838461 0.229033
0.928722 0.0708781 9.9964E-05 9.9964E-05 9.9964E-05 9.9964E-05
9.9973E-05 0.110698 0.0664288 9.9973E-05 9.9973E-05 0.822573
0.9995 9.996E-05 9.996E-05 9.996E-05 9.996E-05 9.996E-05
0.000364968 0.0186735 0.0445516 9.9982E-05 9.9982E-05 0.93621
0.376148 0.393798 9.9991E-05 0.00197541 0.0330043 0.194975
0.911261 0.0883392 9.99639E-05 9.99639E-05 9.99639E-05 9.99639E-05
9.996E-05 9.996E-05 9.996E-05 0.9995 9.996E-05 9.996E-05
9.996E-05 9.996E-05 9.996E-05 0.9995 9.996E-05 9.996E-05
9.99729E-05 0.0677909 0.768862 9.99729E-05 9.99729E-05 0.163047
9.9964E-05 9.9964E-05 9.9964E-05 0.938961 0.0606391 9.9964E-05
9.9973E-05 9.9973E-05 0.00240701 0.896739 0.100554 9.9973E-05
0.0214906 0.0571905 9.9982E-05 0.652908 0.268211 9.9982E-05
9.9973E-05 0.0390151 9.9973E-05 0.638153 0.322532 9.9973E-05
9.99731E-05 9.99731E-05 9.99731E-05 0.088245 0.571217 0.340238
9.99641E-05 0.00727608 9.99641E-05 0.992324 9.99641E-05 9.99641E-05
9.9973E-05 0.00576145 9.9973E-05 0.10059 0.893349 9.9973E-05
9.99819E-05 0.252563 0.553811 0.0527431 9.99819E-05 0.140683
9.99729E-05 0.00087743 0.0191015 0.979721 9.99729E-05 9.99729E-05
9.99642E-05 9.99642E-05 9.99642E-05 0.0806909 9.99642E-05 0.918909
0.0214426 9.9982E-05 9.9982E-05 0.0381296 0.142491 0.797737
0.0465372 0.404586 0.182739 0.144809 9.9991E-05 0.221229
9.99639E-05 9.99639E-05 9.99639E-05 0.119297 9.99639E-05 0.880304
9.9973E-05 0.0249062 9.9973E-05 0.0606386 9.9973E-05 0.914155
0.0213332 0.0669532 0.0230573 9.9982E-05 9.9982E-05 0.888456
9.9973E-05 9.9973E-05 0.299501 9.9973E-05 0.0753014 0.624898
9.9982E-05 0.10782 0.0673091 9.9982E-05 0.0233174 0.801353
0.110151 0.179695 0.153307 9.9991E-05 0.0195841 0.537162
0.0326874 0.0918007 0.0575924 0.0429249 0.0535845 0.72141
9.9991E-05 0.177126 0.22703 0.104512 0.0698494 0.421383
0.0326356 9.99644E-05 9.99644E-05 9.99644E-05 9.99644E-05 0.966965
9.996E-05 9.996E-05 9.996E-05 9.996E-05 0.9995 9.996E-05
9.996E-05 9.996E-05 9.996E-05 9.996E-05 0.9995 9.996E-05
9.996E-05 9.996E-05 9.996E-05 9.996E-05 0.9995 9.996E-05
9.996E-05 9.996E-05 9.996E-05 9.996E-05 0.9995 9.996E-05
9.996E-05 9.996E-05 9.996E-05 9.996E-05 0.9995 9.996E-05
0.0279923 9.9991E-05 0.0799407 0.203412 0.661665 0.0268897
9.996E-05 9.996E-05 9.996E-05 9.996E-05 0.9995 9.996E-05
9.9964E-05 9.9964E-05 0.0388013 9.9964E-05 9.9964E-05 0.960799
9.9973E-05 9.9973E-05 9.9973E-05 0.106992 0.544383 0.348325
9.9964E-05 0.00335122 9.9964E-05 0.996249 9.9964E-05 9.9964E-05
9.9982E-05 0.0687931 0.804647 9.9982E-05 0.00320173 0.123159
9.9982E-05 0.0111112 0.355873 0.0732078 9.9982E-05 0.559608
9.996E-05 9.996E-05 0.9995 9.996E-05 9.996E-05 9.996E-05
9.99639E-05 9.99639E-05 0.8828 9.99639E-05 9.99639E-05 0.1168
0.00212727 0.10117 0.858734 9.99819E-05 9.99819E-05 0.0377686
0.896221 9.99641E-05 9.99641E-05 9.99641E-05 9.99641E-05 0.103379
9.996E-05 9.996E-05 9.996E-05 0.9995 9.996E-05 9.996E-05
0.0464715 0.0391801 0.134745 0.246428 0.332809 0.200367
9.99731E-05 9.99731E-05 0.0287092 0.938134 0.0328571 9.99731E-05
9.9973E-05 9.9973E-05 9.9973E-05 0.948132 0.0200776 0.0314907
9.9973E-05 9.9973E-05 0.0190963 0.888531 0.0920729 9.9973E-05
0.0141453 9.9973E-05 9.9973E-05 0.927008 0.0585464 9.9973E-05
9.99731E-05 0.00867137 9.99731E-05 0.941836 9.99731E-05 0.0491927
9.9964E-05 0.0108319 9.9964E-05 0.988768 9.9964E-05 9.9964E-05
9.99642E-05 9.99642E-05 9.99642E-05 0.498748 0.500852 9.99642E-05
9.99732E-05 9.99732E-05 0.171994 0.474433 0.353274 9.99732E-05
9.9964E-05 9.9964E-05 9.9964E-05 0.969703 9.9964E-05 0.0298971
9.9991E-05 0.027572 0.133272 0.0611691 0.106138 0.671748
9.9991E-05 0.0252679 0.153577 0.0466267 0.135069 0.639359
9.996E-05 0.9995 9.996E-05 9.996E-05 9.996E-05 9.996E-05
9.996E-05 0.9995 9.996E-05 9.996E-05 9.996E-05 9.996E-05
9.9982E-05 0.0503439 0.0125972 9.9982E-05 0.0810771 0.855782
9.9982E-05 0.0286045 0.0754639 9.9982E-05 0.0461919 0.84954
9.996E-05 0.9995 9.996E-05 9.996E-05 9.996E-05 9.996E-05
9.996E-05 0.9995 9.996E-05 9.996E-05 9.996E-05 9.996E-05
9.99641E-05 9.99641E-05 0.0379603 9.99641E-05 9.99641E-05 0.96164
0.0491109 9.9991E-05 0.262644 0.00439004 0.0628937 0.620861
9.9982E-05 9.9982E-05 0.0160859 0.0674569 0.618606 0.297652
0.114075 0.311301 0.311168 0.0414136 9.9991E-05 0.221943
0.0615199 0.343777 0.433464 9.99821E-05 9.99821E-05 0.16104
0.048178 0.000246105 9.99821E-05 0.591151 0.360225 9.99821E-05
