0.937341 9.9982E-05 0.0542495 9.9982E-05 0.00820935
0.389332 9.9991E-05 0.00253726 0.308498 0.299533
0.00950586 0.0212657 0.105216 0.863912 9.99911E-05
9.9973E-05 9.9973E-05 0.0330251 0.966675 9.9973E-05
0.233269 9.9991E-05 0.015534 0.449251 0.301847
9.997E-05 9.997E-05 9.997E-05 0.9996 9.997E-05
0.612456 9.99821E-05 9.99821E-05 0.00797712 0.379367
0.053121 9.9991E-05 0.0570642 0.441264 0.448451
0.558134 9.99731E-05 9.99731E-05 9.99731E-05 0.441566
0.742993 9.9982E-05 0.127759 9.9982E-05 0.129048
0.75031 9.9982E-05 0.140639 9.9982E-05 0.108851
0.797392 9.9982E-05 0.1482 0.0542078 9.9982E-05
0.971646 9.99732E-05 9.99732E-05 0.0280538 9.99732E-05
0.020478 0.00597264 9.9982E-05 0.973349 9.9982E-05
0.00182027 0.024342 9.9982E-05 0.973638 9.9982E-05
0.923369 9.9991E-05 0.00936512 0.00742663 0.0597391
0.55684 0.0677219 0.375238 9.9982E-05 9.9982E-05
0.172469 0.730983 9.9982E-05 9.9982E-05 0.0963479
9.9973E-05 0.891561 0.108139 9.9973E-05 9.9973E-05
0.839662 9.99729E-05 0.160038 9.99729E-05 9.99729E-05
9.997E-05 0.9996 9.997E-05 9.997E-05 9.997E-05
0.92058 9.9982E-05 0.0725323 0.00668772 9.9982E-05
0.0983167 0.427656 0.395593 9.9991E-05 0.0783349
9.9973E-05 0.923657 0.0760434 9.9973E-05 9.9973E-05
9.997E-05 9.997E-05 9.997E-05 0.9996 9.997E-05
9.997E-05 9.997E-05 9.997E-05 0.9996 9.997E-05
0.933945 9.9973E-05 0.0657555 9.9973E-05 9.9973E-05
9.9973E-05 9.9973E-05 9.9973E-05 0.879047 0.120653
9.9973E-05 9.9973E-05 9.9973E-05 0.903858 0.095842
9.9991E-05 0.0157146 0.0130096 0.691181 0.279995
9.9982E-05 9.9982E-05 0.0698505 0.653839 0.276111
0.258057 9.99821E-05 9.99821E-05 0.11395 0.627793
9.997E-05 9.997E-05 9.997E-05 0.9996 9.997E-05
9.9982E-05 9.9982E-05 0.0211015 0.0688309 0.909868
0.674279 9.9982E-05 0.228493 0.0970281 9.9982E-05
0.000721435 9.9982E-05 0.00643702 0.992642 9.9982E-05
0.901439 9.99821E-05 0.050661 0.0477001 9.99821E-05
0.690633 0.057073 0.0222461 0.0481532 0.181895
0.40667 0.0532874 0.409157 0.130786 9.9991E-05
0.779031 0.0112325 0.0448743 0.164762 9.9991E-05
0.805881 0.0235644 0.0722106 0.0982435 9.9991E-05
0.815993 0.027017 0.131263 9.9991E-05 0.0256262
0.93966 9.9982E-05 9.9982E-05 0.00217098 0.0579687
0.799158 0.0111493 0.138769 9.9991E-05 0.0508232
0.640678 0.12312 0.197862 9.9991E-05 0.038239
0.700903 0.05252 0.109645 0.0485315 0.0884011
0.696043 9.9991E-05 0.133178 0.0901348 0.0805445
0.91324 0.0223845 0.0169712 9.99911E-05 0.047304
9.997E-05 9.997E-05 9.997E-05 9.997E-05 0.9996
9.997E-05 9.997E-05 9.997E-05 9.997E-05 0.9996
9.997E-05 9.997E-05 9.997E-05 9.997E-05 0.9996
9.997E-05 9.997E-05 9.997E-05 9.997E-05 0.9996
9.997E-05 9.997E-05 9.997E-05 9.997E-05 0.9996
0.0854732 0.045994 0.00816292 0.188811 0.671559
9.9973E-05 9.9973E-05 0.00192073 9.9973E-05 0.997779
0.9996 9.997E-05 9.997E-05 9.997E-05 9.997E-05
0.313428 9.9982E-05 9.9982E-05 0.0635064 0.622866
9.997E-05 9.997E-05 9.997E-05 0.9996 9.997E-05
0.949563 9.99821E-05 0.0437771 0.00645983 9.99821E-05
0.918581 9.9982E-05 0.00499467 0.0762248 9.9982E-05
0.989654 0.0100458 9.99732E-05 9.99732E-05 9.99732E-05
0.9996 9.997E-05 9.997E-05 9.997E-05 9.997E-05
0.919181 0.00502935 0.0755897 9.9982E-05 9.9982E-05
0.0664904 0.93321 9.99731E-05 9.99731E-05 9.99731E-05
9.997E-05 9.997E-05 9.997E-05 0.9996 9.997E-05
0.408347 0.0392911 0.122088 0.272357 0.157917
9.997E-05 9.997E-05 9.997E-05 0.9996 9.997E-05
0.00143222 9.9982E-05 9.9982E-05 0.964898 0.0334703
0.0186983 9.9982E-05 9.9982E-05 0.91134 0.0697617
9.9982E-05 0.014726 9.9982E-05 0.942194 0.0428801
0.0277896 9.9982E-05 0.0321556 0.939855 9.9982E-05
9.9982E-05 9.9982E-05 0.00233227 0.981823 0.0156445
9.99732E-05 9.99732E-05 9.99732E-05 0.536336 0.463364
0.120655 0.0139677 9.99911E-05 0.500264 0.365013
0.00931054 0.0113722 0.000210205 0.957162 0.0219454
0.755938 9.9991E-05 0.0532806 0.0814722 0.10921
0.734745 9.9991E-05 0.0591327 0.0231161 0.182906
9.997E-05 9.997E-05 0.9996 9.997E-05 9.997E-05
9.997E-05 9.997E-05 0.9996 9.997E-05 9.997E-05
0.780116 0.0160365 0.0914156 9.9991E-05 0.112331
0.823936 0.0239419 0.0508795 9.9991E-05 0.101142
9.9973E-05 9.9973E-05 0.982743 9.9973E-05 0.0169571
9.997E-05 9.997E-05 0.9996 9.997E-05 9.997E-05
0.991648 9.9973E-05 9.9973E-05 9.9973E-05 0.00805168
0.849322 0.074113 9.9982E-05 9.9982E-05 0.076365
0.308859 9.9982E-05 9.9982E-05 0.0475913 0.64335
0.489989 0.119781 0.301852 0.0882775 9.9991E-05
0.622003 0.0633145 0.314221 0.000361671 9.9991E-05
9.9991E-05 0.0218517 0.0585134 0.597583 0.321952
