9.98739E-05 9.98739E-05 9.98739E-05 9.98739E-05 9.98739E-05 9.98739E-05 9.98739E-05 9.98739E-05 9.98739E-05 9.98739E-05 0.0687697 9.98739E-05 9.98739E-05 9.98739E-05 9.98739E-05 0.923491 0.00634087
0.230329 9.98739E-05 0.630271 9.98739E-05 9.98739E-05 9.98739E-05 9.98739E-05 0.138001 9.98739E-05 9.98739E-05 9.98739E-05 9.98739E-05 9.98739E-05 9.98739E-05 9.98739E-05 9.98739E-05 9.98739E-05
9.99375E-05 9.99375E-05 0.0088238 0.0136851 0.0096588 0.0137257 0.127101 0.51661 9.99375E-05 0.0433785 9.99375E-05 0.0534689 0.182783 9.99375E-05 0.0300651 9.99375E-05 9.99375E-05
9.9892E-05 9.9892E-05 9.9892E-05 0.00297811 9.9892E-05 9.9892E-05 9.9892E-05 0.84908 9.9892E-05 9.9892E-05 9.9892E-05 0.0925885 0.0446121 9.9892E-05 9.9892E-05 9.9892E-05 0.00954227
0.0675894 9.99282E-05 0.150334 9.99282E-05 0.0540726 0.0157473 9.99282E-05 0.309833 9.99282E-05 9.99282E-05 0.0681838 9.99282E-05 0.103219 0.0369632 0.193259 9.99282E-05 9.99282E-05
9.99009E-05 9.99009E-05 9.99009E-05 0.00345191 9.99009E-05 9.99009E-05 0.00972112 0.927109 0.00322541 9.99009E-05 9.99009E-05 9.99009E-05 0.0447424 0.0106517 9.99009E-05 9.99009E-05 9.99009E-05
9.98651E-05 9.98651E-05 9.98651E-05 9.98651E-05 9.98651E-05 9.98651E-05 0.00121843 9.98651E-05 9.98651E-05 9.98651E-05 9.98651E-05 9.98651E-05 9.98651E-05 9.98651E-05 0.997284 9.98651E-05 9.98651E-05
9.99009E-05 9.99009E-05 0.117985 9.99009E-05 0.433955 0.0708247 9.99009E-05 9.99009E-05 9.99009E-05 9.99009E-05 0.0888189 0.0284079 0.25891 9.99009E-05 9.99009E-05 9.99009E-05 9.99009E-05
9.9874E-05 9.9874E-05 0.0284566 9.9874E-05 9.9874E-05 9.9874E-05 9.9874E-05 9.9874E-05 9.9874E-05 9.9874E-05 9.9874E-05 9.9874E-05 9.9874E-05 0.0063517 0.963793 9.9874E-05 9.9874E-05
9.98651E-05 9.98651E-05 9.98651E-05 9.98651E-05 9.98651E-05 9.98651E-05 9.98651E-05 9.98651E-05 9.98651E-05 9.98651E-05 0.86518 9.98651E-05 9.98651E-05 9.98651E-05 0.133322 9.98651E-05 9.98651E-05
9.98651E-05 9.98651E-05 9.98651E-05 9.98651E-05 9.98651E-05 9.98651E-05 9.98651E-05 9.98651E-05 9.98651E-05 9.98651E-05 0.88306 9.98651E-05 9.98651E-05 9.98651E-05 0.115442 9.98651E-05 9.98651E-05
9.99009E-05 9.99009E-05 9.99009E-05 0.111994 0.0219952 9.99009E-05 0.145282 9.99009E-05 9.99009E-05 0.0206617 9.99009E-05 0.0520562 9.99009E-05 9.99009E-05 9.99009E-05 0.646912 9.99009E-05
9.98743E-05 9.98743E-05 9.98743E-05 9.98743E-05 0.0134425 9.98743E-05 0.956905 9.98743E-05 9.98743E-05 9.98743E-05 9.98743E-05 9.98743E-05 0.0282547 9.98743E-05 9.98743E-05 9.98743E-05 9.98743E-05
9.9874E-05 9.9874E-05 0.0794565 9.9874E-05 9.9874E-05 9.9874E-05 9.9874E-05 0.902079 9.9874E-05 0.0170659 9.9874E-05 9.9874E-05 9.9874E-05 9.9874E-05 9.9874E-05 9.9874E-05 9.9874E-05
9.9874E-05 9.9874E-05 9.9874E-05 9.9874E-05 9.9874E-05 9.9874E-05 9.9874E-05 0.95308 9.9874E-05 0.0074329 9.9874E-05 9.9874E-05 9.9874E-05 9.9874E-05 9.9874E-05 0.0380884 9.9874E-05
9.98831E-05 9.98831E-05 9.98831E-05 9.98831E-05 9.98831E-05 9.98831E-05 0.12015 9.98831E-05 9.98831E-05 9.98831E-05 0.0132956 9.98831E-05 9.98831E-05 0.0441499 9.98831E-05 9.98831E-05 0.821106
9.98737E-05 0.0642398 9.98737E-05 9.98737E-05 9.98737E-05 9.98737E-05 9.98737E-05 9.98737E-05 9.98737E-05 9.98737E-05 0.0656179 9.98737E-05 9.98737E-05 0.868744 9.98737E-05 9.98737E-05 9.98737E-05
0.0892612 9.98828E-05 0.00701595 9.98828E-05 9.98828E-05 9.98828E-05 9.98828E-05 9.98828E-05 9.98828E-05 0.801665 0.100759 9.98828E-05 9.98828E-05 9.98828E-05 9.98828E-05 9.98828E-05 9.98828E-05
9.98649E-05 9.98649E-05 9.98649E-05 0.06702 9.98649E-05 9.98649E-05 9.98649E-05 9.98649E-05 0.931482 9.98649E-05 9.98649E-05 9.98649E-05 9.98649E-05 9.98649E-05 9.98649E-05 9.98649E-05 9.98649E-05
9.98829E-05 9.98829E-05 9.98829E-05 9.98829E-05 9.98829E-05 9.98829E-05 9.98829E-05 9.98829E-05 9.98829E-05 9.98829E-05 0.413306 9.98829E-05 9.98829E-05 0.141526 9.98829E-05 0.100321 0.343549
9.9856E-05 9.9856E-05 9.9856E-05 9.9856E-05 9.9856E-05 9.9856E-05 9.9856E-05 9.9856E-05 9.9856E-05 0.998402 9.9856E-05 9.9856E-05 9.9856E-05 9.9856E-05 9.9856E-05 9.9856E-05 9.9856E-05
0.250751 9.99009E-05 9.99009E-05 9.99009E-05 9.99009E-05 9.99009E-05 0.0408017 9.99009E-05 9.99009E-05 9.99009E-05 0.0232359 9.99009E-05 9.99009E-05 0.0275619 9.99009E-05 0.400799 0.255751
9.98558E-05 0.998402 9.98558E-05 9.98558E-05 9.98558E-05 9.98558E-05 9.98558E-05 9.98558E-05 9.98558E-05 9.98558E-05 9.98558E-05 9.98558E-05 9.98558E-05 9.98558E-05 9.98558E-05 9.98558E-05 9.98558E-05
9.98738E-05 0.287267 9.98738E-05 9.98738E-05 9.98738E-05 9.98738E-05 9.98738E-05 9.98738E-05 0.61696 0.0943751 9.98738E-05 9.98738E-05 9.98738E-05 9.98738E-05 9.98738E-05 9.98738E-05 9.98738E-05
9.98654E-05 9.98654E-05 9.98654E-05 9.98654E-05 9.98654E-05 9.98654E-05 9.98654E-05 0.301736 9.98654E-05 9.98654E-05 9.98654E-05 0.696766 9.98654E-05 9.98654E-05 9.98654E-05 9.98654E-05 9.98654E-05
9.98652E-05 9.98652E-05 9.98652E-05 9.98652E-05 9.98652E-05 9.98652E-05 9.98652E-05 0.73575 9.98652E-05 9.98652E-05 9.98652E-05 0.262752 9.98652E-05 9.98652E-05 9.98652E-05 9.98652E-05 9.98652E-05
9.98918E-05 9.98918E-05 9.98918E-05 0.0468538 9.98918E-05 9.98918E-05 0.739852 9.98918E-05 9.98918E-05 9.98918E-05 0.0887004 9.98918E-05 9.98918E-05 0.0346831 9.98918E-05 0.088712 9.98918E-05
9.98652E-05 9.98652E-05 9.98652E-05 9.98652E-05 9.98652E-05 9.98652E-05 9.98652E-05 9.98652E-05 9.98652E-05 9.98652E-05 9.98652E-05 0.997261 0.00124066 9.98652E-05 9.98652E-05 9.98652E-05 9.98652E-05
9.98652E-05 9.98652E-05 9.98652E-05 9.98652E-05 9.98652E-05 0.000307909 9.98652E-05 9.98652E-05 9.98652E-05 9.98652E-05 9.98652E-05 0.998194 9.98652E-05 9.98652E-05 9.98652E-05 9.98652E-05 9.98652E-05
9.98922E-05 9.98922E-05 9.98922E-05 9.98922E-05 9.98922E-05 0.0917307 9.98922E-05 0.183349 9.98922E-05 9.98922E-05 9.98922E-05 0.174831 0.510078 9.98922E-05 9.98922E-05 0.0388127 9.98922E-05
9.98737E-05 9.98737E-05 9.98737E-05 9.98737E-05 9.98737E-05 9.98737E-05 9.98737E-05 0.0930155 9.98737E-05 9.98737E-05 9.98737E-05 9.98737E-05 0.89745 0.00813631 9.98737E-05 9.98737E-05 9.98737E-05
9.98564E-05 9.98564E-05 0.998402 9.98564E-05 9.98564E-05 9.98564E-05 9.98564E-05 9.98564E-05 9.98564E-05 9.98564E-05 9.98564E-05 9.98564E-05 9.98564E-05 9.98564E-05 9.98564E-05 9.98564E-05 9.98564E-05
0.0117252 9.98831E-05 9.98831E-05 9.98831E-05 0.159327 9.98831E-05 9.98831E-05 0.44385 9.98831E-05 9.98831E-05 9.98831E-05 0.3838 9.98831E-05 9.98831E-05 9.98831E-05 9.98831E-05 9.98831E-05
9.99013E-05 9.99013E-05 9.99013E-05 9.99013E-05 0.197905 0.724307 9.99013E-05 9.99013E-05 9.99013E-05 9.99013E-05 0.00164861 0.0229471 0.034629 9.99013E-05 0.0174644 9.99013E-05 9.99013E-05
0.0854611 9.99187E-05 9.99187E-05 0.103002 9.99187E-05 0.0133499 0.475733 9.99187E-05 9.99187E-05 9.99187E-05 9.99187E-05 0.0175959 0.0281993 0.260344 9.99187E-05 0.0154159 9.99187E-05
0.0198698 9.98919E-05 9.98919E-05 9.98919E-05 0.0396916 9.98919E-05 9.98919E-05 0.249999 9.98919E-05 9.98919E-05 9.98919E-05 0.668786 9.98919E-05 0.0204553 9.98919E-05 9.98919E-05 9.98919E-05
9.98651E-05 9.98651E-05 9.98651E-05 9.98651E-05 0.0412202 9.98651E-05 9.98651E-05 9.98651E-05 9.98651E-05 9.98651E-05 9.98651E-05 9.98651E-05 9.98651E-05 9.98651E-05 9.98651E-05 0.957282 9.98651E-05
0.0499736 0.0791362 0.149743 9.99099E-05 0.0692415 9.99099E-05 9.99099E-05 0.0128721 9.99099E-05 9.99099E-05 0.566606 9.99099E-05 9.99099E-05 9.99099E-05 9.99099E-05 0.0714282 9.99099E-05
9.98649E-05 9.98649E-05 9.98649E-05 9.98649E-05 0.0122688 9.98649E-05 9.98649E-05 9.98649E-05 9.98649E-05 9.98649E-05 9.98649E-05 9.98649E-05 9.98649E-05 0.986233 9.98649E-05 9.98649E-05 9.98649E-05
0.998402 9.98561E-05 9.98561E-05 9.98561E-05 9.98561E-05 9.98561E-05 9.98561E-05 9.98561E-05 9.98561E-05 9.98561E-05 9.98561E-05 9.98561E-05 9.98561E-05 9.98561E-05 9.98561E-05 9.98561E-05 9.98561E-05
0.991096 9.9865E-05 9.9865E-05 9.9865E-05 9.9865E-05 9.9865E-05 9.9865E-05 9.9865E-05 9.9865E-05 9.9865E-05 9.9865E-05 9.9865E-05 9.9865E-05 9.9865E-05 9.9865E-05 0.00740631 9.9865E-05
0.0648989 9.98919E-05 9.98919E-05 9.98919E-05 9.98919E-05 9.98919E-05 9.98919E-05 9.98919E-05 0.0127811 9.98919E-05 0.86669 9.98919E-05 9.98919E-05 0.0511412 9.98919E-05 0.00329051 9.98919E-05
0.0279185 9.99101E-05 9.99101E-05 9.99101E-05 9.99101E-05 9.99101E-05 0.0313734 9.99101E-05 0.00232693 9.99101E-05 0.0239137 9.99101E-05 9.99101E-05 9.99101E-05 0.0751387 0.0186251 0.819704
9.98741E-05 9.98741E-05 9.98741E-05 9.98741E-05 9.98741E-05 0.0114101 9.98741E-05 9.98741E-05 9.98741E-05 9.98741E-05 0.935969 9.98741E-05 9.98741E-05 0.0512228 9.98741E-05 9.98741E-05 9.98741E-05
0.157058 0.237609 0.0179682 0.0735142 9.99189E-05 9.99189E-05 0.188545 9.99189E-05 9.99189E-05 9.99189E-05 0.253695 9.99189E-05 9.99189E-05 9.99189E-05 9.99189E-05 0.0359356 0.0347757
0.242807 0.0292155 9.9946E-05 0.0217517 0.0145297 9.9946E-05 0.10471 0.0534518 0.0344947 9.9946E-05 0.412419 9.9946E-05 0.0420685 9.9946E-05 9.9946E-05 0.00767526 0.036277
9.9928E-05 9.9928E-05 9.9928E-05 0.00744063 9.9928E-05 0.00628781 0.121173 0.0536926 9.9928E-05 9.9928E-05 0.225071 9.9928E-05 0.101161 0.313649 0.0124469 0.158279 9.9928E-05
9.98659E-05 0.0226411 9.98659E-05 9.98659E-05 9.98659E-05 9.98659E-05 9.98659E-05 9.98659E-05 9.98659E-05 9.98659E-05 9.98659E-05 9.98659E-05 9.98659E-05 9.98659E-05 9.98659E-05 0.975861 9.98659E-05
9.98562E-05 9.98562E-05 9.98562E-05 9.98562E-05 9.98562E-05 0.998402 9.98562E-05 9.98562E-05 9.98562E-05 9.98562E-05 9.98562E-05 9.98562E-05 9.98562E-05 9.98562E-05 9.98562E-05 9.98562E-05 9.98562E-05
0.00836921 9.98831E-05 9.98831E-05 9.98831E-05 9.98831E-05 0.976978 9.98831E-05 9.98831E-05 0.00835486 9.98831E-05 9.98831E-05 9.98831E-05 9.98831E-05 0.00499964 9.98831E-05 9.98831E-05 9.98831E-05
9.98742E-05 9.98742E-05 9.98742E-05 9.98742E-05 9.98742E-05 0.980105 9.98742E-05 9.98742E-05 9.98742E-05 9.98742E-05 0.00910457 0.00939258 9.98742E-05 9.98742E-05 9.98742E-05 9.98742E-05 9.98742E-05
9.98562E-05 9.98562E-05 9.98562E-05 9.98562E-05 9.98562E-05 0.998402 9.98562E-05 9.98562E-05 9.98562E-05 9.98562E-05 9.98562E-05 9.98562E-05 9.98562E-05 9.98562E-05 9.98562E-05 9.98562E-05 9.98562E-05
9.98502E-05 9.98502E-05 9.98502E-05 9.98502E-05 9.98502E-05 0.996315 9.98502E-05 9.98502E-05 9.98502E-05 9.98502E-05 9.98502E-05 0.00218764 9.98502E-05 9.98502E-05 9.98502E-05 9.98502E-05 9.98502E-05
9.99191E-05 0.0526059 0.0572915 9.99191E-05 0.0488251 0.297396 9.99191E-05 9.99191E-05 9.99191E-05 9.99191E-05 9.99191E-05 9.99191E-05 0.411953 9.99191E-05 0.0422441 0.0125062 0.076279
9.98742E-05 9.98742E-05 0.0865536 9.98742E-05 9.98742E-05 0.909361 0.00268725 9.98742E-05 9.98742E-05 9.98742E-05 9.98742E-05 9.98742E-05 9.98742E-05 9.98742E-05 9.98742E-05 9.98742E-05 9.98742E-05
9.9874E-05 9.9874E-05 9.9874E-05 9.9874E-05 9.9874E-05 9.9874E-05 9.9874E-05 9.9874E-05 9.9874E-05 9.9874E-05 9.9874E-05 9.9874E-05 9.9874E-05 9.9874E-05 0.0106765 0.782863 0.205062
9.99009E-05 9.99009E-05 0.921946 0.00612882 9.99009E-05 0.0168848 9.99009E-05 9.99009E-05 9.99009E-05 9.99009E-05 9.99009E-05 0.0128696 9.99009E-05 9.99009E-05 0.0305055 9.99009E-05 0.0105667
0.024559 9.98829E-05 9.98829E-05 9.98829E-05 9.98829E-05 9.98829E-05 9.98829E-05 0.439575 9.98829E-05 9.98829E-05 9.98829E-05 0.534294 9.98829E-05 0.00027366 9.98829E-05 9.98829E-05 9.98829E-05
0.133314 9.98921E-05 9.98921E-05 0.0130538 9.98921E-05 0.00194647 0.801799 9.98921E-05 9.98921E-05 9.98921E-05 9.98921E-05 9.98921E-05 9.98921E-05 9.98921E-05 9.98921E-05 9.98921E-05 0.048688
9.98655E-05 9.98655E-05 9.98655E-05 9.98655E-05 9.98655E-05 9.98655E-05 0.0670707 9.98655E-05 9.98655E-05 9.98655E-05 9.98655E-05 9.98655E-05 9.98655E-05 9.98655E-05 9.98655E-05 9.98655E-05 0.931431
9.98655E-05 9.98655E-05 9.98655E-05 9.98655E-05 0.0205434 9.98655E-05 0.977959 9.98655E-05 9.98655E-05 9.98655E-05 9.98655E-05 9.98655E-05 9.98655E-05 9.98655E-05 9.98655E-05 9.98655E-05 9.98655E-05
0.00819244 9.99009E-05 0.000951146 9.99009E-05 9.99009E-05 9.99009E-05 0.854697 9.99009E-05 9.99009E-05 0.00518446 0.0839618 9.99009E-05 9.99009E-05 9.99009E-05 9.99009E-05 0.0459147 9.99009E-05
0.0581822 9.98918E-05 9.98918E-05 0.0253891 9.98918E-05 9.98918E-05 0.844449 9.98918E-05 9.98918E-05 9.98918E-05 0.0599665 9.98918E-05 9.98918E-05 0.0108145 9.98918E-05 9.98918E-05 9.98918E-05
9.98741E-05 9.98741E-05 0.00182773 9.98741E-05 0.0108437 9.98741E-05 9.98741E-05 9.98741E-05 0.98593 9.98741E-05 9.98741E-05 9.98741E-05 9.98741E-05 9.98741E-05 9.98741E-05 9.98741E-05 9.98741E-05
9.98656E-05 9.98656E-05 9.98656E-05 9.98656E-05 9.98656E-05 9.98656E-05 9.98656E-05 0.320612 9.98656E-05 9.98656E-05 9.98656E-05 0.67789 9.98656E-05 9.98656E-05 9.98656E-05 9.98656E-05 9.98656E-05
0.00386783 9.99461E-05 0.0392975 9.99461E-05 0.0550489 0.0974914 0.145189 0.175306 9.99461E-05 0.0810448 0.103808 9.99461E-05 9.99461E-05 0.0374773 0.115222 0.145648 9.99461E-05
9.98833E-05 9.98833E-05 9.98833E-05 9.98833E-05 0.0612072 9.98833E-05 9.98833E-05 0.89403 9.98833E-05 9.98833E-05 9.98833E-05 0.0174335 9.98833E-05 9.98833E-05 9.98833E-05 9.98833E-05 0.0260308
0.0465681 9.9901E-05 9.9901E-05 9.9901E-05 9.9901E-05 9.9901E-05 9.9901E-05 0.483093 9.9901E-05 9.9901E-05 9.9901E-05 0.375539 0.0216965 0.044371 0.0276331 9.9901E-05 9.9901E-05
9.98741E-05 9.98741E-05 9.98741E-05 9.98741E-05 9.98741E-05 0.00130316 9.98741E-05 9.98741E-05 9.98741E-05 9.98741E-05 9.98741E-05 0.98653 9.98741E-05 9.98741E-05 9.98741E-05 9.98741E-05 0.010769
9.98832E-05 9.98832E-05 9.98832E-05 9.98832E-05 9.98832E-05 9.98832E-05 9.98832E-05 9.98832E-05 0.00637888 9.98832E-05 9.98832E-05 0.984869 9.98832E-05 9.98832E-05 9.98832E-05 0.00199486 0.00545897
0.0735791 9.98922E-05 0.0239024 9.98922E-05 9.98922E-05 9.98922E-05 9.98922E-05 0.408181 9.98922E-05 9.98922E-05 9.98922E-05 0.281123 0.212016 9.98922E-05 9.98922E-05 9.98922E-05 9.98922E-05
0.0089902 9.98829E-05 9.98829E-05 9.98829E-05 9.98829E-05 9.98829E-05 9.98829E-05 0.400691 9.98829E-05 9.98829E-05 9.98829E-05 0.563373 9.98829E-05 0.025647 9.98829E-05 9.98829E-05 9.98829E-05
9.9874E-05 9.9874E-05 9.9874E-05 9.9874E-05 0.942623 0.0371621 9.9874E-05 9.9874E-05 9.9874E-05 9.9874E-05 9.9874E-05 9.9874E-05 0.0188167 9.9874E-05 9.9874E-05 9.9874E-05 9.9874E-05
9.98651E-05 9.98651E-05 9.98651E-05 9.98651E-05 0.984543 9.98651E-05 0.0139594 9.98651E-05 9.98651E-05 9.98651E-05 9.98651E-05 9.98651E-05 9.98651E-05 9.98651E-05 9.98651E-05 9.98651E-05 9.98651E-05
9.9892E-05 0.012059 9.9892E-05 9.9892E-05 9.9892E-05 0.0468869 0.0139094 0.921813 9.9892E-05 9.9892E-05 9.9892E-05 9.9892E-05 9.9892E-05 9.9892E-05 9.9892E-05 9.9892E-05 0.00413259
0.00926749 0.0215532 9.9892E-05 9.9892E-05 0.01397 0.0228444 9.9892E-05 9.9892E-05 9.9892E-05 9.9892E-05 9.9892E-05 9.9892E-05 9.9892E-05 9.9892E-05 9.9892E-05 9.9892E-05 0.931166
9.9883E-05 9.9883E-05 0.00117969 9.9883E-05 9.9883E-05 0.0110468 9.9883E-05 0.00437428 9.9883E-05 9.9883E-05 9.9883E-05 9.9883E-05 9.9883E-05 9.9883E-05 9.9883E-05 9.9883E-05 0.982101
9.98653E-05 9.98653E-05 9.98653E-05 0.996483 9.98653E-05 9.98653E-05 9.98653E-05 9.98653E-05 9.98653E-05 9.98653E-05 9.98653E-05 9.98653E-05 9.98653E-05 9.98653E-05 9.98653E-05 0.00201884 9.98653E-05
9.98645E-05 9.98645E-05 9.98645E-05 0.998402 9.98645E-05 9.98645E-05 9.98645E-05 9.98645E-05 9.98645E-05 9.98645E-05 9.98645E-05 9.98645E-05 9.98645E-05 9.98645E-05 9.98645E-05 9.98645E-05 9.98645E-05
0.102637 9.99009E-05 0.0751196 9.99009E-05 9.99009E-05 9.99009E-05 0.0150216 9.99009E-05 9.99009E-05 9.99009E-05 0.744321 0.000564267 9.99009E-05 9.99009E-05 9.99009E-05 9.99009E-05 0.0612377
0.140137 9.99009E-05 0.0203847 9.99009E-05 9.99009E-05 9.99009E-05 0.0561137 9.99009E-05 9.99009E-05 0.00571707 0.726158 9.99009E-05 9.99009E-05 9.99009E-05 9.99009E-05 9.99009E-05 0.0503905
9.98831E-05 0.0327841 0.00693978 0.93929 0.0196878 9.98831E-05 9.98831E-05 9.98831E-05 9.98831E-05 9.98831E-05 9.98831E-05 9.98831E-05 9.98831E-05 9.98831E-05 9.98831E-05 9.98831E-05 9.98831E-05
9.98563E-05 9.98563E-05 9.98563E-05 0.998402 9.98563E-05 9.98563E-05 9.98563E-05 9.98563E-05 9.98563E-05 9.98563E-05 9.98563E-05 9.98563E-05 9.98563E-05 9.98563E-05 9.98563E-05 9.98563E-05 9.98563E-05
9.98739E-05 9.98739E-05 9.98739E-05 9.98739E-05 9.98739E-05 0.0348107 0.0353801 9.98739E-05 9.98739E-05 9.98739E-05 9.98739E-05 9.98739E-05 9.98739E-05 9.98739E-05 9.98739E-05 0.928411 9.98739E-05
0.669112 9.98919E-05 9.98919E-05 9.98919E-05 9.98919E-05 9.98919E-05 0.139273 9.98919E-05 0.0143065 9.98919E-05 9.98919E-05 9.98919E-05 9.98919E-05 9.98919E-05 0.117904 9.98919E-05 0.058206
9.9874E-05 9.9874E-05 0.888068 9.9874E-05 9.9874E-05 0.0503862 9.9874E-05 9.9874E-05 9.9874E-05 9.9874E-05 9.9874E-05 9.9874E-05 9.9874E-05 9.9874E-05 0.0601479 9.9874E-05 9.9874E-05
9.99102E-05 0.162102 9.99102E-05 0.0484223 9.99102E-05 9.99102E-05 0.226267 9.99102E-05 0.0565498 9.99102E-05 0.137637 0.0221304 9.99102E-05 0.345892 9.99102E-05 9.99102E-05 9.99102E-05
9.99012E-05 9.99012E-05 9.99012E-05 0.0849714 9.99012E-05 9.99012E-05 0.19014 9.99012E-05 9.99012E-05 0.0412534 9.99012E-05 9.99012E-05 9.99012E-05 0.571019 9.99012E-05 0.0790081 0.0325092
9.9856E-05 9.9856E-05 9.9856E-05 9.9856E-05 9.9856E-05 9.9856E-05 9.9856E-05 9.9856E-05 9.9856E-05 9.9856E-05 9.9856E-05 9.9856E-05 0.998402 9.9856E-05 9.9856E-05 9.9856E-05 9.9856E-05
