9.98738E-05 9.98738E-05 9.98738E-05 0.038312 9.98738E-05 0.00292457 9.98738E-05 0.957365 9.98738E-05 9.98738E-05 9.98738E-05 9.98738E-05 9.98738E-05 9.98738E-05 9.98738E-05 9.98738E-05 9.98738E-05
0.0224339 9.99009E-05 9.99009E-05 9.99009E-05 9.99009E-05 9.99009E-05 9.99009E-05 0.0487329 9.99009E-05 0.0673157 9.99009E-05 9.99009E-05 0.0980998 9.99009E-05 0.753962 0.00835639 9.99009E-05
9.99198E-05 9.99198E-05 0.167447 9.99198E-05 9.99198E-05 0.0784593 0.0374019 9.99198E-05 0.0173773 9.99198E-05 9.99198E-05 9.99198E-05 0.577262 0.0729436 0.00362671 0.044583 9.99198E-05
9.98742E-05 9.98742E-05 9.98742E-05 9.98742E-05 9.98742E-05 0.0199059 9.98742E-05 9.98742E-05 9.98742E-05 0.0135909 9.98742E-05 9.98742E-05 0.965105 9.98742E-05 9.98742E-05 9.98742E-05 9.98742E-05
9.99282E-05 0.0250785 9.99282E-05 0.0681343 0.167007 9.99282E-05 0.147558 0.0559536 0.0573503 9.99282E-05 0.0216292 9.99282E-05 0.309233 9.99282E-05 0.147257 9.99282E-05 9.99282E-05
9.98742E-05 0.0294191 9.98742E-05 9.98742E-05 9.98742E-05 9.98742E-05 0.0215487 9.98742E-05 9.98742E-05 9.98742E-05 9.98742E-05 9.98742E-05 0.947634 9.98742E-05 9.98742E-05 9.98742E-05 9.98742E-05
9.98562E-05 9.98562E-05 9.98562E-05 9.98562E-05 0.998402 9.98562E-05 9.98562E-05 9.98562E-05 9.98562E-05 9.98562E-05 9.98562E-05 9.98562E-05 9.98562E-05 9.98562E-05 9.98562E-05 9.98562E-05 9.98562E-05
9.99189E-05 9.99189E-05 0.400819 0.0676616 9.99189E-05 0.00493096 0.234683 9.99189E-05 0.0672235 9.99189E-05 9.99189E-05 9.99189E-05 0.0490413 9.99189E-05 0.136038 9.99189E-05 0.0387035
0.0114122 9.9892E-05 9.9892E-05 9.9892E-05 0.920067 9.9892E-05 9.9892E-05 9.9892E-05 0.0191782 0.0159786 9.9892E-05 9.9892E-05 9.9892E-05 9.9892E-05 0.0321656 9.9892E-05 9.9892E-05
9.98651E-05 9.98651E-05 9.98651E-05 0.884711 0.113791 9.98651E-05 9.98651E-05 9.98651E-05 9.98651E-05 9.98651E-05 9.98651E-05 9.98651E-05 9.98651E-05 9.98651E-05 9.98651E-05 9.98651E-05 9.98651E-05
9.98653E-05 9.98653E-05 9.98653E-05 0.882305 0.116197 9.98653E-05 9.98653E-05 9.98653E-05 9.98653E-05 9.98653E-05 9.98653E-05 9.98653E-05 9.98653E-05 9.98653E-05 9.98653E-05 9.98653E-05 9.98653E-05
9.991E-05 0.000611711 0.0315373 9.991E-05 9.991E-05 0.116603 9.991E-05 0.682155 9.991E-05 9.991E-05 9.991E-05 9.991E-05 0.00881746 0.144534 9.991E-05 9.991E-05 0.0147423
9.98744E-05 9.98744E-05 0.00987352 9.98744E-05 9.98744E-05 9.98744E-05 9.98744E-05 9.98744E-05 9.98744E-05 9.98744E-05 9.98744E-05 9.98744E-05 9.98744E-05 0.957247 9.98744E-05 9.98744E-05 0.0314808
9.98832E-05 0.0100627 9.98832E-05 9.98832E-05 9.98832E-05 9.98832E-05 9.98832E-05 9.98832E-05 9.98832E-05 0.0282579 9.98832E-05 9.98832E-05 0.921022 9.98832E-05 9.98832E-05 0.0393594 9.98832E-05
9.98831E-05 9.98831E-05 9.98831E-05 9.98831E-05 9.98831E-05 9.98831E-05 9.98831E-05 0.0102625 9.98831E-05 9.98831E-05 0.0125919 9.98831E-05 0.939479 9.98831E-05 9.98831E-05 0.0363676 9.98831E-05
0.771925 0.0700491 9.98831E-05 9.98831E-05 9.98831E-05 9.98831E-05 9.98831E-05 9.98831E-05 9.98831E-05 9.98831E-05 9.98831E-05 9.98831E-05 9.98831E-05 0.144391 9.98831E-05 9.98831E-05 0.0123359
9.98741E-05 9.98741E-05 9.98741E-05 0.0547778 9.98741E-05 9.98741E-05 9.98741E-05 9.98741E-05 9.98741E-05 0.931639 0.0121845 9.98741E-05 9.98741E-05 9.98741E-05 9.98741E-05 9.98741E-05 9.98741E-05
9.98559E-05 9.98559E-05 9.98559E-05 9.98559E-05 9.98559E-05 9.98559E-05 9.98559E-05 9.98559E-05 9.98559E-05 9.98559E-05 9.98559E-05 9.98559E-05 9.98559E-05 9.98559E-05 9.98559E-05 0.998402 9.98559E-05
9.9865E-05 9.9865E-05 9.9865E-05 9.9865E-05 9.9865E-05 0.0448106 9.9865E-05 9.9865E-05 9.9865E-05 9.9865E-05 9.9865E-05 0.953691 9.9865E-05 9.9865E-05 9.9865E-05 9.9865E-05 9.9865E-05
0.283776 0.132576 9.99009E-05 0.434076 9.99009E-05 0.0158354 9.99009E-05 0.123603 9.99009E-05 0.00903404 9.99009E-05 9.99009E-05 9.99009E-05 9.99009E-05 9.99009E-05 9.99009E-05 9.99009E-05
9.98652E-05 9.98652E-05 9.98652E-05 9.98652E-05 9.98652E-05 9.98652E-05 9.98652E-05 9.98652E-05 9.98652E-05 9.98652E-05 9.98652E-05 0.710099 9.98652E-05 9.98652E-05 9.98652E-05 0.288403 9.98652E-05
0.273137 9.9901E-05 9.9901E-05 0.09419 9.9901E-05 9.9901E-05 9.9901E-05 0.511419 9.9901E-05 0.0903649 9.9901E-05 9.9901E-05 9.9901E-05 0.0296486 0.000141472 9.9901E-05 9.9901E-05
9.98559E-05 9.98559E-05 9.98559E-05 9.98559E-05 9.98559E-05 9.98559E-05 9.98559E-05 9.98559E-05 9.98559E-05 9.98559E-05 0.998402 9.98559E-05 9.98559E-05 9.98559E-05 9.98559E-05 9.98559E-05 9.98559E-05
9.98739E-05 0.00515508 9.98739E-05 9.98739E-05 9.98739E-05 9.98739E-05 9.98739E-05 9.98739E-05 9.98739E-05 9.98739E-05 0.190123 0.803324 9.98739E-05 9.98739E-05 9.98739E-05 9.98739E-05 9.98739E-05
9.98654E-05 9.98654E-05 0.0294034 9.98654E-05 9.98654E-05 9.98654E-05 9.98654E-05 9.98654E-05 9.98654E-05 9.98654E-05 9.98654E-05 9.98654E-05 0.969099 9.98654E-05 9.98654E-05 9.98654E-05 9.98654E-05
9.98564E-05 9.98564E-05 9.98564E-05 9.98564E-05 9.98564E-05 9.98564E-05 9.98564E-05 9.98564E-05 9.98564E-05 9.98564E-05 9.98564E-05 9.98564E-05 0.998402 9.98564E-05 9.98564E-05 9.98564E-05 9.98564E-05
9.98918E-05 9.98918E-05 9.98918E-05 0.0819792 9.98918E-05 0.0381361 9.98918E-05 0.0683487 9.98918E-05 0.0369995 9.98918E-05 9.98918E-05 9.98918E-05 0.773338 9.98918E-05 9.98918E-05 9.98918E-05
9.98921E-05 9.98921E-05 9.98921E-05 9.98921E-05 9.98921E-05 9.98921E-05 0.00841506 9.98921E-05 0.0545278 9.98921E-05 9.98921E-05 9.98921E-05 0.921904 0.0113011 9.98921E-05 9.98921E-05 0.00265292
9.98921E-05 9.98921E-05 9.98921E-05 9.98921E-05 0.00422775 9.98921E-05 9.98921E-05 9.98921E-05 0.110528 9.98921E-05 9.98921E-05 9.98921E-05 0.859456 0.0109288 0.0136603 9.98921E-05 9.98921E-05
9.99282E-05 0.0052044 9.99282E-05 9.99282E-05 9.99282E-05 0.0023867 0.495912 0.0077305 0.0977098 9.99282E-05 9.99282E-05 0.0144067 0.351712 0.00801707 9.99282E-05 9.99282E-05 0.0161212
9.98502E-05 9.98502E-05 9.98502E-05 9.98502E-05 9.98502E-05 9.98502E-05 0.958243 9.98502E-05 9.98502E-05 9.98502E-05 9.98502E-05 9.98502E-05 0.0402591 9.98502E-05 9.98502E-05 9.98502E-05 9.98502E-05
9.98564E-05 9.98564E-05 9.98564E-05 9.98564E-05 9.98564E-05 9.98564E-05 9.98564E-05 9.98564E-05 9.98564E-05 9.98564E-05 9.98564E-05 9.98564E-05 9.98564E-05 9.98564E-05 0.998402 9.98564E-05 9.98564E-05
9.98652E-05 9.98652E-05 0.156869 9.98652E-05 9.98652E-05 9.98652E-05 9.98652E-05 9.98652E-05 9.98652E-05 9.98652E-05 9.98652E-05 9.98652E-05 0.841634 9.98652E-05 9.98652E-05 9.98652E-05 9.98652E-05
9.98922E-05 9.98922E-05 0.21739 0.00441482 9.98922E-05 9.98922E-05 0.0204879 9.98922E-05 0.726202 9.98922E-05 9.98922E-05 9.98922E-05 9.98922E-05 9.98922E-05 0.0303064 9.98922E-05 9.98922E-05
9.99187E-05 0.0362464 0.00817966 0.0183039 9.99187E-05 0.112018 0.0440496 0.0464855 9.99187E-05 0.235011 9.99187E-05 9.99187E-05 9.99187E-05 0.498806 9.99187E-05 9.99187E-05 9.99187E-05
9.98919E-05 0.0247525 0.0626908 9.98919E-05 0.012696 9.98919E-05 9.98919E-05 9.98919E-05 9.98919E-05 9.98919E-05 9.98919E-05 9.98919E-05 0.889693 9.98919E-05 0.00896906 9.98919E-05 9.98919E-05
9.98651E-05 9.98651E-05 0.0475563 9.98651E-05 9.98651E-05 9.98651E-05 9.98651E-05 0.950946 9.98651E-05 9.98651E-05 9.98651E-05 9.98651E-05 9.98651E-05 9.98651E-05 9.98651E-05 9.98651E-05 9.98651E-05
9.99009E-05 9.99009E-05 0.0519602 0.624965 9.99009E-05 9.99009E-05 9.99009E-05 0.0702295 9.99009E-05 0.0455047 0.0196154 9.99009E-05 9.99009E-05 9.99009E-05 0.186626 9.99009E-05 9.99009E-05
9.98741E-05 9.98741E-05 0.013789 9.98741E-05 9.98741E-05 9.98741E-05 9.98741E-05 9.98741E-05 9.98741E-05 0.984325 9.98741E-05 9.98741E-05 0.000488265 9.98741E-05 9.98741E-05 9.98741E-05 9.98741E-05
0.33549 9.99099E-05 9.99099E-05 0.195025 9.99099E-05 9.99099E-05 9.99099E-05 0.220612 9.99099E-05 0.151575 9.99099E-05 9.99099E-05 0.0667865 9.99099E-05 9.99099E-05 0.00682325 0.0226897
0.328143 9.99188E-05 9.99188E-05 0.216153 9.99188E-05 0.00967518 9.99188E-05 0.248255 9.99188E-05 0.0704643 9.99188E-05 9.99188E-05 0.0357577 9.99188E-05 9.99188E-05 0.0563457 0.0343072
0.00280005 0.0226351 9.9892E-05 0.923668 9.9892E-05 9.9892E-05 9.9892E-05 0.047769 9.9892E-05 9.9892E-05 9.9892E-05 0.00192897 9.9892E-05 9.9892E-05 9.9892E-05 9.9892E-05 9.9892E-05
0.890194 9.98921E-05 9.98921E-05 0.00511949 0.0397395 9.98921E-05 9.98921E-05 9.98921E-05 9.98921E-05 9.98921E-05 9.98921E-05 9.98921E-05 9.98921E-05 0.0606041 9.98921E-05 0.00314409 9.98921E-05
9.9883E-05 0.0942466 9.9883E-05 0.870617 9.9883E-05 9.9883E-05 0.0134272 0.0204105 9.9883E-05 9.9883E-05 9.9883E-05 9.9883E-05 9.9883E-05 9.9883E-05 9.9883E-05 9.9883E-05 9.9883E-05
0.118742 0.176312 9.99188E-05 0.263496 9.99188E-05 9.99188E-05 9.99188E-05 0.0315227 9.99188E-05 9.99188E-05 0.207725 0.0265378 9.99188E-05 0.11366 0.0611043 9.99188E-05 9.99188E-05
0.156698 0.190264 9.9928E-05 0.437661 9.9928E-05 9.9928E-05 0.0609259 0.0954541 9.9928E-05 9.9928E-05 0.0136599 0.0209559 0.0128387 9.9928E-05 0.0107431 9.9928E-05 9.9928E-05
9.9937E-05 0.298908 9.9937E-05 0.2348 0.0112586 9.9937E-05 0.0842203 0.1302 0.0414281 0.108286 9.9937E-05 9.9937E-05 0.0185059 0.0379986 9.9937E-05 9.9937E-05 0.0336942
9.98747E-05 9.98747E-05 9.98747E-05 9.98747E-05 9.98747E-05 9.98747E-05 9.98747E-05 0.945682 9.98747E-05 9.98747E-05 0.0107905 9.98747E-05 9.98747E-05 9.98747E-05 9.98747E-05 0.0421296 9.98747E-05
9.98562E-05 9.98562E-05 9.98562E-05 9.98562E-05 9.98562E-05 9.98562E-05 9.98562E-05 9.98562E-05 0.998402 9.98562E-05 9.98562E-05 9.98562E-05 9.98562E-05 9.98562E-05 9.98562E-05 9.98562E-05 9.98562E-05
9.98562E-05 9.98562E-05 9.98562E-05 9.98562E-05 9.98562E-05 9.98562E-05 9.98562E-05 9.98562E-05 0.998402 9.98562E-05 9.98562E-05 9.98562E-05 9.98562E-05 9.98562E-05 9.98562E-05 9.98562E-05 9.98562E-05
9.98652E-05 9.98652E-05 9.98652E-05 9.98652E-05 9.98652E-05 9.98652E-05 9.98652E-05 9.98652E-05 0.987772 9.98652E-05 0.0107303 9.98652E-05 9.98652E-05 9.98652E-05 9.98652E-05 9.98652E-05 9.98652E-05
9.98922E-05 9.98922E-05 9.98922E-05 9.98922E-05 9.98922E-05 9.98922E-05 9.98922E-05 0.00399429 0.980205 9.98922E-05 9.98922E-05 0.00035168 9.98922E-05 9.98922E-05 0.00902483 0.0052259 9.98922E-05
9.98653E-05 9.98653E-05 9.98653E-05 9.98653E-05 9.98653E-05 9.98653E-05 0.00397944 9.98653E-05 0.994523 9.98653E-05 9.98653E-05 9.98653E-05 9.98653E-05 9.98653E-05 9.98653E-05 9.98653E-05 9.98653E-05
0.0555284 9.99101E-05 0.112338 9.99101E-05 0.0565653 9.99101E-05 0.351951 9.99101E-05 0.323318 9.99101E-05 0.0845659 9.99101E-05 9.99101E-05 9.99101E-05 9.99101E-05 9.99101E-05 0.0147346
0.0109013 9.98741E-05 9.98741E-05 9.98741E-05 9.98741E-05 9.98741E-05 9.98741E-05 9.98741E-05 0.935089 9.98741E-05 9.98741E-05 9.98741E-05 9.98741E-05 9.98741E-05 0.0526118 9.98741E-05 9.98741E-05
0.172654 0.0464745 9.98738E-05 9.98738E-05 9.98738E-05 9.98738E-05 9.98738E-05 0.779473 9.98738E-05 9.98738E-05 9.98738E-05 9.98738E-05 9.98738E-05 9.98738E-05 9.98738E-05 9.98738E-05 9.98738E-05
0.0230844 9.9883E-05 9.9883E-05 9.9883E-05 0.0309818 9.9883E-05 9.9883E-05 9.9883E-05 0.01876 9.9883E-05 9.9883E-05 9.9883E-05 9.9883E-05 9.9883E-05 0.925875 9.9883E-05 9.9883E-05
9.98739E-05 9.98739E-05 9.98739E-05 9.98739E-05 9.98739E-05 9.98739E-05 9.98739E-05 9.98739E-05 9.98739E-05 0.015187 9.98739E-05 9.98739E-05 0.978431 9.98739E-05 9.98739E-05 9.98739E-05 0.00498425
0.081454 9.99011E-05 9.99011E-05 9.99011E-05 9.99011E-05 0.038097 9.99011E-05 0.0417113 0.0042112 9.99011E-05 9.99011E-05 9.99011E-05 9.99011E-05 0.830277 9.99011E-05 0.00315066 9.99011E-05
0.849213 0.114817 9.98742E-05 9.98742E-05 9.98742E-05 9.98742E-05 9.98742E-05 9.98742E-05 9.98742E-05 9.98742E-05 9.98742E-05 9.98742E-05 9.98742E-05 0.0345718 9.98742E-05 9.98742E-05 9.98742E-05
9.98655E-05 9.98655E-05 9.98655E-05 9.98655E-05 0.0266485 9.98655E-05 9.98655E-05 9.98655E-05 9.98655E-05 9.98655E-05 9.98655E-05 9.98655E-05 9.98655E-05 0.971853 9.98655E-05 9.98655E-05 9.98655E-05
9.98739E-05 9.98739E-05 9.98739E-05 0.113561 9.98739E-05 9.98739E-05 9.98739E-05 9.98739E-05 9.98739E-05 9.98739E-05 0.00359186 9.98739E-05 9.98739E-05 0.881449 9.98739E-05 9.98739E-05 9.98739E-05
9.98828E-05 0.0592284 9.98828E-05 0.0670916 9.98828E-05 0.0623841 9.98828E-05 9.98828E-05 9.98828E-05 9.98828E-05 9.98828E-05 9.98828E-05 9.98828E-05 0.809997 9.98828E-05 9.98828E-05 9.98828E-05
9.98831E-05 9.98831E-05 9.98831E-05 0.022663 9.98831E-05 9.98831E-05 9.98831E-05 0.0103432 0.0297268 9.98831E-05 9.98831E-05 0.935969 9.98831E-05 9.98831E-05 9.98831E-05 9.98831E-05 9.98831E-05
9.98835E-05 9.98835E-05 9.98835E-05 9.98835E-05 0.0115966 0.00242202 0.0471337 9.98835E-05 9.98835E-05 9.98835E-05 9.98835E-05 9.98835E-05 0.937549 9.98835E-05 9.98835E-05 9.98835E-05 9.98835E-05
9.98562E-05 9.98562E-05 9.98562E-05 9.98562E-05 9.98562E-05 9.98562E-05 9.98562E-05 9.98562E-05 9.98562E-05 9.98562E-05 9.98562E-05 9.98562E-05 9.98562E-05 9.98562E-05 9.98562E-05 9.98562E-05 0.998402
0.0313399 9.98745E-05 0.0655726 9.98745E-05 9.98745E-05 9.98745E-05 9.98745E-05 9.98745E-05 9.98745E-05 9.98745E-05 9.98745E-05 9.98745E-05 0.901689 9.98745E-05 9.98745E-05 9.98745E-05 9.98745E-05
9.991E-05 0.00666046 9.991E-05 9.991E-05 0.0263311 9.991E-05 0.06807 0.010265 0.0106659 0.0221003 9.991E-05 9.991E-05 0.854908 9.991E-05 9.991E-05 9.991E-05 9.991E-05
9.9901E-05 9.9901E-05 0.0252165 9.9901E-05 0.0304526 9.9901E-05 0.0475059 9.9901E-05 0.0235526 9.9901E-05 9.9901E-05 9.9901E-05 0.864467 9.9901E-05 9.9901E-05 9.9901E-05 0.00770641
0.0534202 9.99192E-05 9.99192E-05 9.99192E-05 9.99192E-05 9.99192E-05 0.0224255 0.000623702 0.00232412 9.99192E-05 9.99192E-05 0.0063189 0.88443 9.99192E-05 0.0269088 0.00264927 9.99192E-05
9.98922E-05 9.98922E-05 9.98922E-05 0.0116554 9.98922E-05 9.98922E-05 0.201706 9.98922E-05 9.98922E-05 0.0222403 9.98922E-05 9.98922E-05 0.686729 9.98922E-05 9.98922E-05 9.98922E-05 0.0764708
9.9883E-05 9.9883E-05 0.0105271 9.9883E-05 9.9883E-05 9.9883E-05 9.9883E-05 9.9883E-05 0.0150557 0.0276133 9.9883E-05 9.9883E-05 0.945505 9.9883E-05 9.9883E-05 9.9883E-05 9.9883E-05
9.98739E-05 9.98739E-05 0.943638 9.98739E-05 9.98739E-05 9.98739E-05 9.98739E-05 9.98739E-05 0.0393645 0.0155991 9.98739E-05 9.98739E-05 9.98739E-05 9.98739E-05 9.98739E-05 9.98739E-05 9.98739E-05
9.9874E-05 9.9874E-05 0.978137 9.9874E-05 0.00550669 9.9874E-05 9.9874E-05 9.9874E-05 9.9874E-05 9.9874E-05 9.9874E-05 9.9874E-05 9.9874E-05 0.0149579 9.9874E-05 9.9874E-05 9.9874E-05
9.99012E-05 9.99012E-05 9.99012E-05 0.000708439 9.99012E-05 0.00583877 9.99012E-05 9.99012E-05 0.0234913 9.99012E-05 0.00193092 9.99012E-05 0.943633 9.99012E-05 9.99012E-05 0.023299 9.99012E-05
0.975855 9.9883E-05 0.0127877 9.9883E-05 9.9883E-05 9.9883E-05 9.9883E-05 9.9883E-05 9.9883E-05 9.9883E-05 0.00897751 9.9883E-05 0.00108127 9.9883E-05 9.9883E-05 9.9883E-05 9.9883E-05
0.996438 9.9865E-05 0.00206362 9.9865E-05 9.9865E-05 9.9865E-05 9.9865E-05 9.9865E-05 9.9865E-05 9.9865E-05 9.9865E-05 9.9865E-05 9.9865E-05 9.9865E-05 9.9865E-05 9.9865E-05 9.9865E-05
9.98653E-05 9.98653E-05 9.98653E-05 9.98653E-05 9.98653E-05 0.984502 9.98653E-05 0.0139997 9.98653E-05 9.98653E-05 9.98653E-05 9.98653E-05 9.98653E-05 9.98653E-05 9.98653E-05 9.98653E-05 9.98653E-05
9.98653E-05 9.98653E-05 9.98653E-05 9.98653E-05 9.98653E-05 0.991437 9.98653E-05 9.98653E-05 9.98653E-05 9.98653E-05 9.98653E-05 9.98653E-05 9.98653E-05 0.00706482 9.98653E-05 9.98653E-05 9.98653E-05
0.103591 9.991E-05 0.022487 0.834125 9.991E-05 9.991E-05 9.991E-05 9.991E-05 9.991E-05 9.991E-05 9.991E-05 9.991E-05 0.00125071 0.000561478 0.0306448 9.991E-05 0.00634043
0.169997 9.99009E-05 9.99009E-05 0.759031 9.99009E-05 9.99009E-05 9.99009E-05 9.99009E-05 9.99009E-05 9.99009E-05 9.99009E-05 9.99009E-05 9.99009E-05 0.0333043 0.0114017 0.00823062 0.0169365
9.98743E-05 9.98743E-05 0.0108099 9.98743E-05 9.98743E-05 0.971802 9.98743E-05 9.98743E-05 9.98743E-05 9.98743E-05 0.01599 9.98743E-05 9.98743E-05 9.98743E-05 9.98743E-05 9.98743E-05 9.98743E-05
9.98563E-05 9.98563E-05 9.98563E-05 9.98563E-05 9.98563E-05 0.998402 9.98563E-05 9.98563E-05 9.98563E-05 9.98563E-05 9.98563E-05 9.98563E-05 9.98563E-05 9.98563E-05 9.98563E-05 9.98563E-05 9.98563E-05
0.00175527 9.9883E-05 9.9883E-05 9.9883E-05 9.9883E-05 9.9883E-05 9.9883E-05 0.955073 0.00917736 9.9883E-05 9.9883E-05 9.9883E-05 9.9883E-05 0.0326959 9.9883E-05 9.9883E-05 9.9883E-05
0.529703 0.00146742 9.99189E-05 0.0691999 0.0759062 9.99189E-05 9.99189E-05 9.99189E-05 9.99189E-05 9.99189E-05 9.99189E-05 0.0275186 9.99189E-05 0.148371 0.0719969 0.0749383 9.99189E-05
9.9883E-05 9.9883E-05 9.9883E-05 9.9883E-05 0.0775205 9.9883E-05 9.9883E-05 9.9883E-05 0.0582444 9.9883E-05 9.9883E-05 9.9883E-05 9.9883E-05 9.9883E-05 0.852585 9.9883E-05 0.0103512
9.9856E-05 0.998402 9.9856E-05 9.9856E-05 9.9856E-05 9.9856E-05 9.9856E-05 9.9856E-05 9.9856E-05 9.9856E-05 9.9856E-05 9.9856E-05 9.9856E-05 9.9856E-05 9.9856E-05 9.9856E-05 9.9856E-05
0.0632492 0.794905 9.98921E-05 9.98921E-05 9.98921E-05 0.00176584 9.98921E-05 0.0484724 9.98921E-05 0.0904086 9.98921E-05 9.98921E-05 9.98921E-05 9.98921E-05 9.98921E-05 9.98921E-05 9.98921E-05
9.9856E-05 9.9856E-05 9.9856E-05 9.9856E-05 9.9856E-05 9.9856E-05 0.998402 9.9856E-05 9.9856E-05 9.9856E-05 9.9856E-05 9.9856E-05 9.9856E-05 9.9856E-05 9.9856E-05 9.9856E-05 9.9856E-05
