0.0469506 9.9865E-05 9.9865E-05 9.9865E-05 9.9865E-05 9.9865E-05 9.9865E-05 9.9865E-05 9.9865E-05 0.0119861 9.9865E-05 9.9865E-05 9.9865E-05 9.9865E-05 9.9865E-05 9.9865E-05 0.939565 9.9865E-05
9.98919E-05 9.98919E-05 0.0839908 9.98919E-05 0.0226884 9.98919E-05 0.0150929 0.0234966 9.98919E-05 9.98919E-05 9.98919E-05 9.98919E-05 9.98919E-05 9.98919E-05 9.98919E-05 0.211745 9.98919E-05 0.641787
9.98471E-05 9.98471E-05 9.98471E-05 9.98471E-05 9.98471E-05 9.98471E-05 9.98471E-05 9.98471E-05 9.98471E-05 9.98471E-05 9.98471E-05 0.998303 9.98471E-05 9.98471E-05 9.98471E-05 9.98471E-05 9.98471E-05 9.98471E-05
0.0179062 0.00134836 0.878254 9.98921E-05 9.98921E-05 0.0547119 9.98921E-05 9.98921E-05 9.98921E-05 0.00994421 9.98921E-05 0.0366364 9.98921E-05 9.98921E-05 9.98921E-05 9.98921E-05 9.98921E-05 9.98921E-05
9.98472E-05 9.98472E-05 9.98472E-05 9.98472E-05 9.98472E-05 9.98472E-05 0.998303 9.98472E-05 9.98472E-05 9.98472E-05 9.98472E-05 9.98472E-05 9.98472E-05 9.98472E-05 9.98472E-05 9.98472E-05 9.98472E-05 9.98472E-05
9.98919E-05 9.98919E-05 0.754522 9.98919E-05 9.98919E-05 0.102963 0.0353072 9.98919E-05 0.00604778 9.98919E-05 9.98919E-05 0.0691575 9.98919E-05 9.98919E-05 9.98919E-05 0.0308042 9.98919E-05 9.98919E-05
9.98473E-05 9.98473E-05 9.98473E-05 9.98473E-05 9.98473E-05 9.98473E-05 9.98473E-05 9.98473E-05 9.98473E-05 9.98473E-05 9.98473E-05 9.98473E-05 9.98473E-05 9.98473E-05 0.998303 9.98473E-05 9.98473E-05 9.98473E-05
0.040279 0.0940135 9.99009E-05 9.99009E-05 9.99009E-05 0.326076 0.0763661 0.349885 9.99009E-05 0.021492 9.99009E-05 9.99009E-05 9.99009E-05 9.99009E-05 9.99009E-05 9.99009E-05 9.99009E-05 0.0907893
9.98561E-05 9.98561E-05 9.98561E-05 9.98561E-05 9.98561E-05 9.98561E-05 9.98561E-05 9.98561E-05 9.98561E-05 9.98561E-05 9.98561E-05 9.98561E-05 9.98561E-05 9.98561E-05 0.93027 9.98561E-05 9.98561E-05 0.068132
0.858487 9.98651E-05 9.98651E-05 9.98651E-05 9.98651E-05 9.98651E-05 0.0547708 9.98651E-05 9.98651E-05 9.98651E-05 9.98651E-05 9.98651E-05 9.98651E-05 9.98651E-05 0.0852438 9.98651E-05 9.98651E-05 9.98651E-05
0.886275 9.98652E-05 9.98652E-05 9.98652E-05 9.98652E-05 9.98652E-05 0.0482748 9.98652E-05 9.98652E-05 9.98652E-05 9.98652E-05 9.98652E-05 9.98652E-05 9.98652E-05 0.0639518 9.98652E-05 9.98652E-05 9.98652E-05
9.991E-05 9.991E-05 0.00168952 0.13444 9.991E-05 9.991E-05 9.991E-05 9.991E-05 0.00118433 0.145824 9.991E-05 0.0382999 9.991E-05 9.991E-05 0.0115692 0.00171668 0.664277 9.991E-05
9.98743E-05 9.98743E-05 9.98743E-05 0.929014 9.98743E-05 0.0279053 9.98743E-05 0.0257662 0.0159161 9.98743E-05 9.98743E-05 9.98743E-05 9.98743E-05 9.98743E-05 9.98743E-05 9.98743E-05 9.98743E-05 9.98743E-05
9.98922E-05 9.98922E-05 0.873395 9.98922E-05 9.98922E-05 9.98922E-05 0.0490206 9.98922E-05 0.00494775 9.98922E-05 9.98922E-05 9.98922E-05 0.00887422 9.98922E-05 9.98922E-05 0.0597018 0.00286207 9.98922E-05
9.98832E-05 9.98832E-05 0.853647 9.98832E-05 9.98832E-05 9.98832E-05 0.0818702 9.98832E-05 9.98832E-05 9.98832E-05 9.98832E-05 0.0120207 0.0047338 9.98832E-05 9.98832E-05 0.0464302 9.98832E-05 9.98832E-05
0.0251497 9.98741E-05 9.98741E-05 0.0667987 9.98741E-05 9.98741E-05 9.98741E-05 9.98741E-05 0.114763 9.98741E-05 9.98741E-05 9.98741E-05 9.98741E-05 0.791891 9.98741E-05 9.98741E-05 9.98741E-05 9.98741E-05
0.0663301 9.9856E-05 9.9856E-05 9.9856E-05 0.932072 9.9856E-05 9.9856E-05 9.9856E-05 9.9856E-05 9.9856E-05 9.9856E-05 9.9856E-05 9.9856E-05 9.9856E-05 9.9856E-05 9.9856E-05 9.9856E-05 9.9856E-05
0.073158 0.0282871 9.99009E-05 9.99009E-05 9.99009E-05 9.99009E-05 9.99009E-05 9.99009E-05 9.99009E-05 9.99009E-05 0.715273 0.00415303 9.99009E-05 9.99009E-05 9.99009E-05 0.136464 0.00826904 0.0332973
9.98742E-05 9.98742E-05 9.98742E-05 9.98742E-05 9.98742E-05 9.98742E-05 9.98742E-05 9.98742E-05 0.00644195 0.05165 0.828035 9.98742E-05 0.112475 9.98742E-05 9.98742E-05 9.98742E-05 9.98742E-05 9.98742E-05
0.385011 9.98918E-05 9.98918E-05 9.98918E-05 0.0322496 9.98918E-05 9.98918E-05 9.98918E-05 0.149069 0.0185427 9.98918E-05 9.98918E-05 9.98918E-05 0.356993 9.98918E-05 9.98918E-05 0.0569373 9.98918E-05
9.98561E-05 9.98561E-05 9.98561E-05 9.98561E-05 9.98561E-05 9.98561E-05 9.98561E-05 9.98561E-05 9.98561E-05 9.98561E-05 0.957791 9.98561E-05 0.0406109 9.98561E-05 9.98561E-05 9.98561E-05 9.98561E-05 9.98561E-05
9.98919E-05 9.98919E-05 9.98919E-05 0.0525631 0.0380352 9.98919E-05 9.98919E-05 9.98919E-05 0.0376906 9.98919E-05 9.98919E-05 9.98919E-05 9.98919E-05 0.167249 9.98919E-05 0.271507 0.431757 9.98919E-05
0.15334 9.9892E-05 9.9892E-05 9.9892E-05 0.226663 0.0114313 0.0148431 9.9892E-05 9.9892E-05 0.141122 0.451401 9.9892E-05 9.9892E-05 9.9892E-05 9.9892E-05 9.9892E-05 9.9892E-05 9.9892E-05
0.0106273 9.9874E-05 9.9874E-05 9.9874E-05 0.0149377 9.9874E-05 9.9874E-05 9.9874E-05 0.0686762 9.9874E-05 0.904361 9.9874E-05 9.9874E-05 9.9874E-05 9.9874E-05 9.9874E-05 9.9874E-05 9.9874E-05
9.98744E-05 0.0420357 0.938872 9.98744E-05 9.98744E-05 9.98744E-05 9.98744E-05 0.00579336 9.98744E-05 9.98744E-05 9.98744E-05 0.0119004 9.98744E-05 9.98744E-05 9.98744E-05 9.98744E-05 9.98744E-05 9.98744E-05
9.98475E-05 9.98475E-05 0.998303 9.98475E-05 9.98475E-05 9.98475E-05 9.98475E-05 9.98475E-05 9.98475E-05 9.98475E-05 9.98475E-05 9.98475E-05 9.98475E-05 9.98475E-05 9.98475E-05 9.98475E-05 9.98475E-05 9.98475E-05
0.0612621 9.98828E-05 9.98828E-05 0.797561 0.0345401 9.98828E-05 9.98828E-05 9.98828E-05 9.98828E-05 0.0232075 9.98828E-05 9.98828E-05 9.98828E-05 9.98828E-05 9.98828E-05 9.98828E-05 0.0821309 9.98828E-05
9.98831E-05 0.0721728 0.869248 9.98831E-05 9.98831E-05 0.0438849 9.98831E-05 9.98831E-05 9.98831E-05 9.98831E-05 9.98831E-05 9.98831E-05 9.98831E-05 9.98831E-05 0.00927458 9.98831E-05 9.98831E-05 0.00412112
9.98742E-05 0.0755658 0.892499 9.98742E-05 9.98742E-05 9.98742E-05 9.98742E-05 9.98742E-05 9.98742E-05 9.98742E-05 9.98742E-05 9.98742E-05 9.98742E-05 0.00156453 0.0289724 9.98742E-05 9.98742E-05 9.98742E-05
9.99011E-05 0.104761 0.288646 9.99011E-05 9.99011E-05 0.504618 0.0260704 9.99011E-05 9.99011E-05 9.99011E-05 9.99011E-05 0.0531225 0.0209692 9.99011E-05 9.99011E-05 9.99011E-05 0.000714135 9.99011E-05
9.98559E-05 9.98559E-05 0.0166015 9.98559E-05 9.98559E-05 0.981801 9.98559E-05 9.98559E-05 9.98559E-05 9.98559E-05 9.98559E-05 9.98559E-05 9.98559E-05 9.98559E-05 9.98559E-05 9.98559E-05 9.98559E-05 9.98559E-05
9.98475E-05 9.98475E-05 9.98475E-05 9.98475E-05 9.98475E-05 9.98475E-05 9.98475E-05 9.98475E-05 9.98475E-05 9.98475E-05 9.98475E-05 9.98475E-05 9.98475E-05 9.98475E-05 9.98475E-05 9.98475E-05 9.98475E-05 0.998303
9.98652E-05 9.98652E-05 0.80274 9.98652E-05 9.98652E-05 9.98652E-05 9.98652E-05 0.194625 9.98652E-05 9.98652E-05 9.98652E-05 9.98652E-05 9.98652E-05 9.98652E-05 9.98652E-05 0.00113745 9.98652E-05 9.98652E-05
0.0222878 0.71493 9.98922E-05 9.98922E-05 9.98922E-05 0.0277626 9.98922E-05 0.181944 9.98922E-05 9.98922E-05 9.98922E-05 0.0145241 9.98922E-05 9.98922E-05 9.98922E-05 9.98922E-05 9.98922E-05 0.0373532
9.99007E-05 9.99007E-05 9.99007E-05 0.496985 0.205256 0.0643215 9.99007E-05 9.99007E-05 0.0663337 0.1043 9.99007E-05 9.99007E-05 9.99007E-05 9.99007E-05 9.99007E-05 0.0613039 0.00040019 9.99007E-05
9.99009E-05 9.99009E-05 0.899627 9.99009E-05 0.00240247 0.0208014 9.99009E-05 0.0236058 0.00692035 0.00450431 9.99009E-05 9.99009E-05 9.99009E-05 9.99009E-05 0.0410401 9.99009E-05 9.99009E-05 9.99009E-05
9.9874E-05 9.9874E-05 9.9874E-05 9.9874E-05 9.9874E-05 9.9874E-05 0.0218468 0.0343207 9.9874E-05 9.9874E-05 9.9874E-05 0.0114184 9.9874E-05 9.9874E-05 9.9874E-05 9.9874E-05 0.931016 9.9874E-05
0.600393 9.99008E-05 9.99008E-05 9.99008E-05 0.0389685 9.99008E-05 9.99008E-05 0.0555693 9.99008E-05 9.99008E-05 9.99008E-05 9.99008E-05 0.0306453 9.99008E-05 9.99008E-05 0.0857555 0.0475081 0.140061
9.9865E-05 9.9865E-05 0.000146246 9.9865E-05 0.975825 9.9865E-05 9.9865E-05 0.0225304 9.9865E-05 9.9865E-05 9.9865E-05 9.9865E-05 9.9865E-05 9.9865E-05 9.9865E-05 9.9865E-05 9.9865E-05 9.9865E-05
9.98561E-05 9.98561E-05 9.98561E-05 9.98561E-05 0.00884183 9.98561E-05 9.98561E-05 9.98561E-05 9.98561E-05 9.98561E-05 9.98561E-05 9.98561E-05 9.98561E-05 9.98561E-05 9.98561E-05 0.98956 9.98561E-05 9.98561E-05
0.00156449 9.9874E-05 9.9874E-05 9.9874E-05 9.9874E-05 9.9874E-05 9.9874E-05 9.9874E-05 9.9874E-05 0.00294439 9.9874E-05 9.9874E-05 9.9874E-05 9.9874E-05 9.9874E-05 0.985467 0.00862563 9.9874E-05
0.863464 9.9883E-05 9.9883E-05 9.9883E-05 0.0227456 9.9883E-05 9.9883E-05 9.9883E-05 9.9883E-05 9.9883E-05 9.9883E-05 9.9883E-05 9.9883E-05 0.01247 9.9883E-05 0.0902401 0.00978132 9.9883E-05
0.0108621 9.991E-05 9.991E-05 0.0323208 9.991E-05 9.991E-05 9.991E-05 9.991E-05 9.991E-05 9.991E-05 0.00444161 9.991E-05 0.00112196 0.822456 0.0581136 0.0604991 0.00918559 9.991E-05
0.838884 9.98919E-05 9.98919E-05 9.98919E-05 0.0147684 0.00410392 9.98919E-05 9.98919E-05 0.0803294 9.98919E-05 9.98919E-05 9.98919E-05 9.98919E-05 0.035391 9.98919E-05 9.98919E-05 0.0253248 9.98919E-05
0.361358 9.99189E-05 9.99189E-05 0.12633 9.99189E-05 9.99189E-05 9.99189E-05 9.99189E-05 0.14071 0.0846587 0.120189 9.99189E-05 9.99189E-05 0.0437879 9.99189E-05 0.0751365 0.00694191 0.0399877
0.409157 9.99189E-05 9.99189E-05 9.99189E-05 9.99189E-05 0.0167356 9.99189E-05 0.0280963 0.0999307 9.99189E-05 9.99189E-05 0.00528211 0.0862343 0.117098 9.99189E-05 0.169805 0.0667618 9.99189E-05
0.229138 0.0397057 0.00830695 0.0487288 0.0973065 0.072337 9.99279E-05 9.99279E-05 0.270381 9.99279E-05 9.99279E-05 0.0063038 9.99279E-05 9.99279E-05 0.0148455 9.99279E-05 0.212147 9.99279E-05
9.9857E-05 9.9857E-05 9.9857E-05 9.9857E-05 9.9857E-05 9.9857E-05 9.9857E-05 9.9857E-05 9.9857E-05 9.9857E-05 9.9857E-05 9.9857E-05 0.00722115 9.9857E-05 9.9857E-05 9.9857E-05 0.991181 9.9857E-05
9.98563E-05 0.995009 9.98563E-05 9.98563E-05 9.98563E-05 9.98563E-05 9.98563E-05 9.98563E-05 9.98563E-05 0.00339363 9.98563E-05 9.98563E-05 9.98563E-05 9.98563E-05 9.98563E-05 9.98563E-05 9.98563E-05 9.98563E-05
9.98652E-05 0.984723 9.98652E-05 9.98652E-05 9.98652E-05 9.98652E-05 9.98652E-05 9.98652E-05 9.98652E-05 9.98652E-05 9.98652E-05 9.98652E-05 9.98652E-05 0.013179 9.98652E-05 0.000600023 9.98652E-05 9.98652E-05
9.98652E-05 0.956005 9.98652E-05 9.98652E-05 9.98652E-05 9.98652E-05 9.98652E-05 9.98652E-05 0.0312866 9.98652E-05 9.98652E-05 9.98652E-05 9.98652E-05 9.98652E-05 9.98652E-05 0.0112106 9.98652E-05 9.98652E-05
9.98473E-05 0.998303 9.98473E-05 9.98473E-05 9.98473E-05 9.98473E-05 9.98473E-05 9.98473E-05 9.98473E-05 9.98473E-05 9.98473E-05 9.98473E-05 9.98473E-05 9.98473E-05 9.98473E-05 9.98473E-05 9.98473E-05 9.98473E-05
9.98651E-05 0.969059 9.98651E-05 9.98651E-05 9.98651E-05 0.0278984 9.98651E-05 9.98651E-05 9.98651E-05 9.98651E-05 9.98651E-05 0.00154454 9.98651E-05 9.98651E-05 9.98651E-05 9.98651E-05 9.98651E-05 9.98651E-05
9.99282E-05 0.334136 9.99282E-05 9.99282E-05 9.99282E-05 0.440641 0.0238803 0.024593 9.99282E-05 9.99282E-05 0.0225026 0.0057804 9.99282E-05 0.102497 0.015408 0.00102449 9.99282E-05 0.0287377
9.98741E-05 0.894186 9.98741E-05 9.98741E-05 9.98741E-05 9.98741E-05 9.98741E-05 9.98741E-05 9.98741E-05 0.00139376 9.98741E-05 9.98741E-05 9.98741E-05 0.0315358 9.98741E-05 9.98741E-05 9.98741E-05 0.0714859
9.98648E-05 9.98648E-05 9.98648E-05 9.98648E-05 9.98648E-05 9.98648E-05 9.98648E-05 9.98648E-05 0.0913045 9.98648E-05 9.98648E-05 9.98648E-05 9.98648E-05 0.159817 9.98648E-05 9.98648E-05 0.747381 9.98648E-05
9.98919E-05 0.0270379 0.0025306 9.98919E-05 9.98919E-05 9.98919E-05 9.98919E-05 9.98919E-05 0.0127834 9.98919E-05 9.98919E-05 0.0029499 9.98919E-05 9.98919E-05 0.0446015 9.98919E-05 9.98919E-05 0.908898
9.98649E-05 9.98649E-05 0.91399 9.98649E-05 9.98649E-05 9.98649E-05 0.0716776 9.98649E-05 9.98649E-05 9.98649E-05 9.98649E-05 9.98649E-05 9.98649E-05 9.98649E-05 9.98649E-05 0.0128339 9.98649E-05 9.98649E-05
9.98652E-05 9.98652E-05 9.98652E-05 0.863023 9.98652E-05 9.98652E-05 9.98652E-05 9.98652E-05 9.98652E-05 0.02783 9.98652E-05 9.98652E-05 9.98652E-05 9.98652E-05 9.98652E-05 0.107649 9.98652E-05 9.98652E-05
9.98743E-05 9.98743E-05 9.98743E-05 0.0433499 9.98743E-05 9.98743E-05 9.98743E-05 9.98743E-05 0.0944981 9.98743E-05 9.98743E-05 9.98743E-05 9.98743E-05 0.858123 9.98743E-05 9.98743E-05 0.00263061 9.98743E-05
9.98655E-05 9.98655E-05 9.98655E-05 0.960513 9.98655E-05 9.98655E-05 9.98655E-05 0.014429 9.98655E-05 9.98655E-05 9.98655E-05 9.98655E-05 9.98655E-05 9.98655E-05 0.0235605 9.98655E-05 9.98655E-05 9.98655E-05
0.0909813 9.9883E-05 9.9883E-05 0.903298 9.9883E-05 9.9883E-05 9.9883E-05 9.9883E-05 9.9883E-05 9.9883E-05 9.9883E-05 0.00170158 9.9883E-05 9.9883E-05 9.9883E-05 0.00215178 0.00056935 9.9883E-05
0.0424321 9.98829E-05 9.98829E-05 0.825443 9.98829E-05 9.98829E-05 9.98829E-05 9.98829E-05 0.0807439 0.0230771 9.98829E-05 9.98829E-05 9.98829E-05 9.98829E-05 9.98829E-05 0.0270058 9.98829E-05 9.98829E-05
9.98472E-05 9.98472E-05 9.98472E-05 9.98472E-05 9.98472E-05 9.98472E-05 9.98472E-05 9.98472E-05 9.98472E-05 9.98472E-05 9.98472E-05 9.98472E-05 0.998303 9.98472E-05 9.98472E-05 9.98472E-05 9.98472E-05 9.98472E-05
9.98658E-05 9.98658E-05 0.964884 9.98658E-05 9.98658E-05 9.98658E-05 9.98658E-05 9.98658E-05 9.98658E-05 0.0296636 9.98658E-05 9.98658E-05 9.98658E-05 0.00395473 9.98658E-05 9.98658E-05 9.98658E-05 9.98658E-05
0.0576331 0.0165056 0.293492 0.0335443 9.99282E-05 9.99282E-05 9.99282E-05 0.0937003 9.99282E-05 0.0740348 0.055353 9.99282E-05 0.0052624 0.233251 9.99282E-05 9.99282E-05 0.136424 9.99282E-05
9.98743E-05 9.98743E-05 0.701804 9.98743E-05 9.98743E-05 9.98743E-05 9.98743E-05 0.0953007 9.98743E-05 9.98743E-05 9.98743E-05 0.192967 9.98743E-05 0.00853002 9.98743E-05 9.98743E-05 9.98743E-05 9.98743E-05
9.9901E-05 9.9901E-05 0.798275 9.9901E-05 0.0261109 0.0634764 0.0727011 9.9901E-05 9.9901E-05 9.9901E-05 9.9901E-05 0.00450751 9.9901E-05 9.9901E-05 0.0209583 0.0128715 9.9901E-05 9.9901E-05
9.9892E-05 0.0344415 0.8602 9.9892E-05 9.9892E-05 0.00819991 9.9892E-05 0.0444638 9.9892E-05 9.9892E-05 9.9892E-05 9.9892E-05 9.9892E-05 0.0321625 0.0193334 9.9892E-05 9.9892E-05 9.9892E-05
9.98801E-05 0.0153891 0.910665 9.98801E-05 9.98801E-05 9.98801E-05 9.98801E-05 0.0167713 9.98801E-05 9.98801E-05 9.98801E-05 9.98801E-05 9.98801E-05 0.0204346 0.0185591 9.98801E-05 9.98801E-05 0.0169822
9.98832E-05 9.98832E-05 0.620762 9.98832E-05 9.98832E-05 0.270172 0.0561897 9.98832E-05 0.000900054 9.98832E-05 9.98832E-05 9.98832E-05 9.98832E-05 9.98832E-05 9.98832E-05 0.0506778 9.98832E-05 9.98832E-05
9.9892E-05 0.0186201 0.912797 9.9892E-05 0.0175844 9.9892E-05 0.0219159 0.0201459 9.9892E-05 9.9892E-05 9.9892E-05 9.9892E-05 9.9892E-05 9.9892E-05 9.9892E-05 0.00773826 9.9892E-05 9.9892E-05
9.9865E-05 0.00483247 9.9865E-05 9.9865E-05 9.9865E-05 9.9865E-05 0.0500267 0.943643 9.9865E-05 9.9865E-05 9.9865E-05 9.9865E-05 9.9865E-05 9.9865E-05 9.9865E-05 9.9865E-05 9.9865E-05 9.9865E-05
9.98561E-05 9.98561E-05 9.98561E-05 0.00292685 9.98561E-05 9.98561E-05 9.98561E-05 0.995475 9.98561E-05 9.98561E-05 9.98561E-05 9.98561E-05 9.98561E-05 9.98561E-05 9.98561E-05 9.98561E-05 9.98561E-05 9.98561E-05
0.0269618 0.0208609 0.903867 9.99012E-05 9.99012E-05 9.99012E-05 9.99012E-05 9.99012E-05 9.99012E-05 0.0132577 0.0060736 0.0247903 9.99012E-05 0.00308984 9.99012E-05 9.99012E-05 9.99012E-05 9.99012E-05
9.9883E-05 0.00622895 0.0166607 9.9883E-05 9.9883E-05 9.9883E-05 9.9883E-05 9.9883E-05 9.9883E-05 9.9883E-05 9.9883E-05 9.9883E-05 9.9883E-05 0.953944 9.9883E-05 0.00244996 9.9883E-05 0.0194181
9.9856E-05 9.9856E-05 9.9856E-05 9.9856E-05 9.9856E-05 9.9856E-05 9.9856E-05 0.000523393 9.9856E-05 9.9856E-05 9.9856E-05 9.9856E-05 9.9856E-05 0.997879 9.9856E-05 9.9856E-05 9.9856E-05 9.9856E-05
9.98563E-05 9.98563E-05 9.98563E-05 9.98563E-05 9.98563E-05 9.98563E-05 9.98563E-05 9.98563E-05 9.98563E-05 0.993302 9.98563E-05 9.98563E-05 9.98563E-05 9.98563E-05 9.98563E-05 0.00510046 9.98563E-05 9.98563E-05
9.98563E-05 9.98563E-05 9.98563E-05 9.98563E-05 9.98563E-05 9.98563E-05 9.98563E-05 9.98563E-05 9.98563E-05 0.98766 9.98563E-05 9.98563E-05 9.98563E-05 9.98563E-05 9.98563E-05 9.98563E-05 0.0107426 9.98563E-05
0.761939 9.98919E-05 9.98919E-05 0.0231406 9.98919E-05 9.98919E-05 9.98919E-05 0.0324802 9.98919E-05 9.98919E-05 9.98919E-05 9.98919E-05 9.98919E-05 0.0473725 9.98919E-05 0.0981254 9.98919E-05 0.035744
0.736874 9.98829E-05 9.98829E-05 0.0254561 9.98829E-05 9.98829E-05 9.98829E-05 9.98829E-05 9.98829E-05 9.98829E-05 9.98829E-05 9.98829E-05 9.98829E-05 0.108233 9.98829E-05 0.0611015 9.98829E-05 0.0670368
9.98653E-05 9.98653E-05 9.98653E-05 9.98653E-05 0.00174527 9.98653E-05 9.98653E-05 9.98653E-05 9.98653E-05 0.975159 9.98653E-05 9.98653E-05 9.98653E-05 0.021598 9.98653E-05 9.98653E-05 9.98653E-05 9.98653E-05
9.98473E-05 9.98473E-05 9.98473E-05 9.98473E-05 9.98473E-05 9.98473E-05 9.98473E-05 9.98473E-05 9.98473E-05 0.998303 9.98473E-05 9.98473E-05 9.98473E-05 9.98473E-05 9.98473E-05 9.98473E-05 9.98473E-05 9.98473E-05
9.98829E-05 0.00318169 9.98829E-05 0.0375589 9.98829E-05 9.98829E-05 9.98829E-05 9.98829E-05 9.98829E-05 9.98829E-05 9.98829E-05 9.98829E-05 9.98829E-05 0.0289576 0.0143049 9.98829E-05 0.914698 9.98829E-05
9.9883E-05 9.9883E-05 9.9883E-05 0.146002 9.9883E-05 9.9883E-05 9.9883E-05 9.9883E-05 9.9883E-05 9.9883E-05 0.00684272 9.9883E-05 9.9883E-05 0.0602959 0.123187 0.662374 9.9883E-05 9.9883E-05
9.9874E-05 0.0362985 9.9874E-05 9.9874E-05 9.9874E-05 9.9874E-05 0.0140557 9.9874E-05 9.9874E-05 9.9874E-05 9.9874E-05 9.9874E-05 9.9874E-05 9.9874E-05 0.0373744 9.9874E-05 9.9874E-05 0.910873
9.98471E-05 9.98471E-05 9.98471E-05 9.98471E-05 9.98471E-05 9.98471E-05 9.98471E-05 9.98471E-05 0.998303 9.98471E-05 9.98471E-05 9.98471E-05 9.98471E-05 9.98471E-05 9.98471E-05 9.98471E-05 9.98471E-05 9.98471E-05
9.98831E-05 9.98831E-05 9.98831E-05 0.0343454 0.0139978 9.98831E-05 9.98831E-05 9.98831E-05 0.88523 0.0313532 9.98831E-05 9.98831E-05 9.98831E-05 9.98831E-05 9.98831E-05 9.98831E-05 0.033775 9.98831E-05
9.98471E-05 9.98471E-05 9.98471E-05 9.98471E-05 9.98471E-05 0.998303 9.98471E-05 9.98471E-05 9.98471E-05 9.98471E-05 9.98471E-05 9.98471E-05 9.98471E-05 9.98471E-05 9.98471E-05 9.98471E-05 9.98471E-05 9.98471E-05
