9.99099E-05 9.99099E-05 0.0183406 9.99099E-05 9.99099E-05 9.99099E-05 9.99099E-05 9.99099E-05 0.942748 9.99099E-05 9.99099E-05 9.99099E-05 0.0379127
0.0230943 9.99459E-05 0.017002 0.000930328 9.99459E-05 9.99459E-05 9.99459E-05 0.0384453 0.085738 0.120421 0.713769 9.99459E-05 9.99459E-05
0.998801 9.9892E-05 9.9892E-05 9.9892E-05 9.9892E-05 9.9892E-05 9.9892E-05 9.9892E-05 9.9892E-05 9.9892E-05 9.9892E-05 9.9892E-05 9.9892E-05
9.99101E-05 9.99101E-05 0.0303357 9.99101E-05 0.00875562 9.99101E-05 9.99101E-05 9.99101E-05 9.99101E-05 0.95991 9.99101E-05 9.99101E-05 9.99101E-05
0.126495 9.99372E-05 9.99372E-05 9.99372E-05 0.0458629 9.99372E-05 9.99372E-05 9.99372E-05 9.99372E-05 0.306434 0.208937 0.103278 0.208293
0.0125826 9.9928E-05 9.9928E-05 9.9928E-05 9.9928E-05 0.0129049 9.9928E-05 0.0186206 9.9928E-05 0.921782 9.9928E-05 9.9928E-05 0.0333106
9.99192E-05 0.336416 9.99192E-05 0.0969212 9.99192E-05 9.99192E-05 9.99192E-05 9.99192E-05 9.99192E-05 9.99192E-05 0.344137 0.221627 9.99192E-05
0.0376041 9.99459E-05 0.0187834 9.99459E-05 0.0611514 9.99459E-05 9.99459E-05 9.99459E-05 9.99459E-05 0.0700087 0.0602235 0.684014 0.0676156
9.99281E-05 0.192215 9.99281E-05 0.136068 9.99281E-05 9.99281E-05 9.99281E-05 9.99281E-05 9.99281E-05 9.99281E-05 0.440308 0.200614 0.0299954
9.99012E-05 9.99012E-05 9.99012E-05 9.99012E-05 9.99012E-05 9.99012E-05 9.99012E-05 9.99012E-05 9.99012E-05 9.99012E-05 9.99012E-05 0.0190177 0.979883
9.99013E-05 9.99013E-05 9.99013E-05 9.99013E-05 9.99013E-05 9.99013E-05 9.99013E-05 9.99013E-05 9.99013E-05 9.99013E-05 9.99013E-05 0.0138342 0.985067
0.0493348 0.117104 0.120776 9.9928E-05 9.9928E-05 9.9928E-05 9.9928E-05 9.9928E-05 0.707275 0.00471053 9.9928E-05 9.9928E-05 9.9928E-05
9.99012E-05 0.943677 9.99012E-05 9.99012E-05 9.99012E-05 9.99012E-05 9.99012E-05 9.99012E-05 9.99012E-05 9.99012E-05 9.99012E-05 0.0552237 9.99012E-05
9.99281E-05 9.99281E-05 9.99281E-05 9.99281E-05 9.99281E-05 0.0029965 0.0100701 0.043503 9.99281E-05 0.918191 0.0244403 9.99281E-05 9.99281E-05
9.99101E-05 9.99101E-05 9.99101E-05 9.99101E-05 9.99101E-05 9.99101E-05 0.0229119 9.99101E-05 0.0336869 0.942402 9.99101E-05 9.99101E-05 9.99101E-05
9.9919E-05 0.149914 9.9919E-05 0.795758 9.9919E-05 9.9919E-05 9.9919E-05 0.0495559 9.9919E-05 9.9919E-05 9.9919E-05 9.9919E-05 0.00387273
9.99008E-05 9.99008E-05 9.99008E-05 9.99008E-05 9.99008E-05 9.99008E-05 9.99008E-05 0.921871 9.99008E-05 9.99008E-05 9.99008E-05 9.99008E-05 0.0770305
0.0133969 9.994E-05 9.994E-05 0.0081369 0.0233385 9.994E-05 0.702356 9.994E-05 0.0283777 9.994E-05 0.0488993 9.994E-05 0.174895
9.99101E-05 9.99101E-05 0.0609461 9.99101E-05 9.99101E-05 0.0830974 0.854957 9.99101E-05 9.99101E-05 9.99101E-05 9.99101E-05 9.99101E-05 9.99101E-05
9.99279E-05 9.99279E-05 0.0300642 0.281753 9.99279E-05 9.99279E-05 9.99279E-05 0.11892 0.0880091 9.99279E-05 9.99279E-05 9.99279E-05 0.480454
0.00959603 9.99101E-05 9.99101E-05 9.99101E-05 9.99101E-05 0.00663549 0.982769 9.99101E-05 9.99101E-05 9.99101E-05 9.99101E-05 9.99101E-05 9.99101E-05
9.99369E-05 0.0350807 9.99369E-05 0.310605 9.99369E-05 0.030525 9.99369E-05 0.104935 0.478266 9.99369E-05 9.99369E-05 9.99369E-05 0.0398891
9.9928E-05 9.9928E-05 0.11989 9.9928E-05 9.9928E-05 9.9928E-05 0.405038 0.265263 9.9928E-05 9.9928E-05 0.0325119 9.9928E-05 0.176497
9.9901E-05 9.9901E-05 9.9901E-05 9.9901E-05 9.9901E-05 9.9901E-05 0.916498 9.9901E-05 9.9901E-05 9.9901E-05 9.9901E-05 9.9901E-05 0.082403
9.98924E-05 9.98924E-05 9.98924E-05 9.98924E-05 9.98924E-05 9.98924E-05 9.98924E-05 9.98924E-05 9.98924E-05 0.998801 9.98924E-05 9.98924E-05 9.98924E-05
0.0264475 9.99012E-05 9.99012E-05 9.99012E-05 9.99012E-05 9.99012E-05 9.99012E-05 9.99012E-05 9.99012E-05 0.972454 9.99012E-05 9.99012E-05 9.99012E-05
9.99278E-05 0.755707 0.0518989 9.99278E-05 9.99278E-05 9.99278E-05 9.99278E-05 0.0352341 0.0895264 9.99278E-05 9.99278E-05 9.99278E-05 0.0668343
9.99011E-05 9.99011E-05 9.99011E-05 9.99011E-05 0.0573532 9.99011E-05 9.99011E-05 9.99011E-05 9.99011E-05 0.941548 9.99011E-05 9.99011E-05 9.99011E-05
9.99371E-05 0.0154859 9.99371E-05 0.00553769 0.0766618 9.99371E-05 9.99371E-05 9.99371E-05 0.00499721 0.862801 0.0338173 9.99371E-05 9.99371E-05
0.0592153 9.99461E-05 9.99461E-05 9.99461E-05 0.14971 0.0305133 9.99461E-05 0.036814 9.99461E-05 0.46241 0.011027 0.249711 9.99461E-05
9.99369E-05 9.99369E-05 0.0147913 9.99369E-05 0.0758309 9.99369E-05 9.99369E-05 0.0195962 9.99369E-05 0.337659 9.99369E-05 0.547914 0.00350853
9.98922E-05 9.98922E-05 9.98922E-05 9.98922E-05 9.98922E-05 9.98922E-05 9.98922E-05 9.98922E-05 9.98922E-05 9.98922E-05 0.998801 9.98922E-05 9.98922E-05
9.99011E-05 9.99011E-05 9.99011E-05 9.99011E-05 9.99011E-05 9.99011E-05 9.99011E-05 9.99011E-05 9.99011E-05 0.793785 9.99011E-05 0.205116 9.99011E-05
9.99192E-05 9.99192E-05 0.0179046 9.99192E-05 0.740953 9.99192E-05 9.99192E-05 9.99192E-05 0.0137153 9.99192E-05 9.99192E-05 0.226528 9.99192E-05
9.99458E-05 0.440993 0.0915006 9.99458E-05 9.99458E-05 9.99458E-05 9.99458E-05 0.354312 0.0646205 0.000613158 9.99458E-05 0.0330477 0.0143138
9.99099E-05 9.99099E-05 9.99099E-05 9.99099E-05 9.99099E-05 9.99099E-05 9.99099E-05 0.0264082 9.99099E-05 0.86185 9.99099E-05 0.110743 9.99099E-05
0.0142677 9.99101E-05 9.99101E-05 9.99101E-05 9.99101E-05 9.99101E-05 9.99101E-05 0.043884 0.940849 9.99101E-05 9.99101E-05 9.99101E-05 9.99101E-05
9.99369E-05 9.99369E-05 9.99369E-05 9.99369E-05 9.99369E-05 0.0220558 9.99369E-05 0.0194489 0.123567 9.99369E-05 0.18828 0.00113737 0.644811
9.99099E-05 9.99099E-05 9.99099E-05 9.99099E-05 9.99099E-05 9.99099E-05 9.99099E-05 0.980271 9.99099E-05 9.99099E-05 0.00302215 0.015708 9.99099E-05
9.99368E-05 9.99368E-05 9.99368E-05 0.285137 9.99368E-05 0.0097429 9.99368E-05 0.12197 0.234961 0.0941271 9.99368E-05 9.99368E-05 0.253362
9.99459E-05 9.99459E-05 0.0416239 0.279856 9.99459E-05 0.00684216 9.99459E-05 0.0503151 0.22578 0.0766311 9.99459E-05 9.99459E-05 0.318352
9.99189E-05 9.99189E-05 9.99189E-05 0.0455808 9.99189E-05 9.99189E-05 9.99189E-05 0.00725456 0.0397144 9.99189E-05 9.99189E-05 9.99189E-05 0.906551
9.9937E-05 0.118457 9.9937E-05 0.82274 9.9937E-05 9.9937E-05 0.014027 9.9937E-05 0.0403523 9.9937E-05 0.0034832 9.9937E-05 0.000240889
9.9928E-05 0.0373485 0.00656876 9.9928E-05 9.9928E-05 9.9928E-05 9.9928E-05 0.0509913 0.0347786 9.9928E-05 9.9928E-05 9.9928E-05 0.869513
9.99549E-05 0.176096 0.0793298 0.0011373 9.99549E-05 9.99549E-05 0.108313 0.0318525 0.042707 9.99549E-05 0.0693059 9.99549E-05 0.490758
9.99459E-05 9.99459E-05 9.99459E-05 0.165153 9.99459E-05 0.0886104 9.99459E-05 0.105807 0.129372 0.0420709 0.0273515 9.99459E-05 0.441035
0.00468297 0.0732875 9.9946E-05 9.9946E-05 0.0553174 9.9946E-05 9.9946E-05 0.405509 0.201894 0.0530542 9.9946E-05 9.9946E-05 0.205655
9.99017E-05 9.99017E-05 9.99017E-05 9.99017E-05 9.99017E-05 9.99017E-05 0.000270493 9.99017E-05 0.998631 9.99017E-05 9.99017E-05 9.99017E-05 9.99017E-05
9.98921E-05 9.98921E-05 9.98921E-05 9.98921E-05 0.998801 9.98921E-05 9.98921E-05 9.98921E-05 9.98921E-05 9.98921E-05 9.98921E-05 9.98921E-05 9.98921E-05
9.99191E-05 9.99191E-05 9.99191E-05 0.0054014 0.986187 9.99191E-05 9.99191E-05 0.000476575 9.99191E-05 9.99191E-05 9.99191E-05 9.99191E-05 0.00703559
9.99101E-05 9.99101E-05 9.99101E-05 9.99101E-05 0.995133 0.00311668 9.99101E-05 9.99101E-05 9.99101E-05 9.99101E-05 0.000751684 9.99101E-05 9.99101E-05
9.98922E-05 9.98922E-05 9.98922E-05 9.98922E-05 0.998801 9.98922E-05 9.98922E-05 9.98922E-05 9.98922E-05 9.98922E-05 9.98922E-05 9.98922E-05 9.98922E-05
9.98922E-05 9.98922E-05 9.98922E-05 9.98922E-05 0.998801 9.98922E-05 9.98922E-05 9.98922E-05 9.98922E-05 9.98922E-05 9.98922E-05 9.98922E-05 9.98922E-05
0.073737 9.99461E-05 9.99461E-05 0.0862351 0.346424 9.99461E-05 0.0295091 9.99461E-05 9.99461E-05 0.0532292 0.0776001 0.332665 9.99461E-05
9.99011E-05 9.99011E-05 9.99011E-05 9.99011E-05 0.925766 9.99011E-05 9.99011E-05 9.99011E-05 9.99011E-05 9.99011E-05 0.0731351 9.99011E-05 9.99011E-05
9.99099E-05 0.0230607 9.99099E-05 0.130034 9.99099E-05 9.99099E-05 9.99099E-05 9.99099E-05 0.845906 9.99099E-05 9.99099E-05 9.99099E-05 9.99099E-05
9.99189E-05 9.99189E-05 0.00359762 0.0269045 0.0442299 9.99189E-05 9.99189E-05 9.99189E-05 9.99189E-05 9.99189E-05 0.924369 9.99189E-05 9.99189E-05
0.00213141 9.991E-05 9.991E-05 9.991E-05 9.991E-05 9.991E-05 9.991E-05 0.00453911 9.991E-05 0.99233 9.991E-05 9.991E-05 9.991E-05
0.00313789 0.782684 0.0592676 0.0916248 0.0022729 9.9937E-05 9.9937E-05 9.9937E-05 0.0603134 9.9937E-05 9.9937E-05 9.9937E-05 9.9937E-05
0.00345282 0.0891448 9.99192E-05 0.898775 9.99192E-05 9.99192E-05 9.99192E-05 9.99192E-05 0.0077284 9.99192E-05 9.99192E-05 9.99192E-05 9.99192E-05
9.98924E-05 0.998801 9.98924E-05 9.98924E-05 9.98924E-05 9.98924E-05 9.98924E-05 9.98924E-05 9.98924E-05 9.98924E-05 9.98924E-05 9.98924E-05 9.98924E-05
9.99099E-05 0.906914 9.99099E-05 9.99099E-05 9.99099E-05 9.99099E-05 9.99099E-05 9.99099E-05 0.00390998 9.99099E-05 9.99099E-05 9.99099E-05 0.0881766
9.99189E-05 0.80194 0.0892445 9.99189E-05 9.99189E-05 9.99189E-05 9.99189E-05 0.0270285 9.99189E-05 9.99189E-05 9.99189E-05 9.99189E-05 0.0808878
9.98921E-05 9.98921E-05 9.98921E-05 9.98921E-05 9.98921E-05 0.998801 9.98921E-05 9.98921E-05 9.98921E-05 9.98921E-05 9.98921E-05 9.98921E-05 9.98921E-05
0.016416 9.99104E-05 9.99104E-05 0.00264493 9.99104E-05 9.99104E-05 9.99104E-05 9.99104E-05 9.99104E-05 0.97994 9.99104E-05 9.99104E-05 9.99104E-05
9.99551E-05 9.99551E-05 9.99551E-05 0.211096 0.0720639 9.99551E-05 0.018646 0.232151 0.00633862 0.169643 0.272874 0.0166881 9.99551E-05
0.0892153 0.0240738 9.99283E-05 9.99283E-05 0.0120197 9.99283E-05 9.99283E-05 9.99283E-05 9.99283E-05 0.872556 9.99283E-05 0.00133598 9.99283E-05
0.0128405 9.9928E-05 9.9928E-05 9.9928E-05 0.0481796 9.9928E-05 9.9928E-05 0.0500342 9.9928E-05 0.884557 9.9928E-05 0.00358937 9.9928E-05
9.9937E-05 0.00685429 9.9937E-05 0.0651159 0.0288895 9.9937E-05 9.9937E-05 9.9937E-05 9.9937E-05 0.816831 0.0165732 0.065037 9.9937E-05
9.99102E-05 9.99102E-05 9.99102E-05 0.0311784 9.99102E-05 9.99102E-05 9.99102E-05 9.99102E-05 9.99102E-05 0.914206 0.0536169 9.99102E-05 9.99102E-05
9.99371E-05 9.99371E-05 0.00280096 9.99371E-05 9.99371E-05 9.99371E-05 9.99371E-05 0.00595216 0.0238472 0.816801 9.99371E-05 0.093639 0.0562598
9.99099E-05 9.99099E-05 9.99099E-05 9.99099E-05 9.99099E-05 9.99099E-05 9.99099E-05 0.0206633 9.99099E-05 0.946957 9.99099E-05 0.0313803 9.99099E-05
9.9892E-05 9.9892E-05 9.9892E-05 9.9892E-05 9.9892E-05 9.9892E-05 9.9892E-05 9.9892E-05 9.9892E-05 9.9892E-05 9.9892E-05 0.998801 9.9892E-05
9.9901E-05 0.0263277 9.9901E-05 9.9901E-05 9.9901E-05 9.9901E-05 9.9901E-05 9.9901E-05 9.9901E-05 9.9901E-05 9.9901E-05 0.972573 9.9901E-05
0.00576948 0.00267545 0.0231528 0.00924397 0.0301235 9.99551E-05 0.00681708 9.99551E-05 9.99551E-05 0.918762 9.99551E-05 9.99551E-05 0.0029558
9.99189E-05 9.99189E-05 0.00376863 0.946089 0.0222417 9.99189E-05 9.99189E-05 9.99189E-05 9.99189E-05 9.99189E-05 9.99189E-05 0.0270016 9.99189E-05
9.991E-05 9.991E-05 9.991E-05 0.977424 0.0208445 9.991E-05 9.991E-05 9.991E-05 9.991E-05 9.991E-05 9.991E-05 0.000732904 9.991E-05
9.99012E-05 9.99012E-05 0.998284 9.99012E-05 9.99012E-05 9.99012E-05 9.99012E-05 9.99012E-05 0.000617275 9.99012E-05 9.99012E-05 9.99012E-05 9.99012E-05
9.98922E-05 9.98922E-05 0.998801 9.98922E-05 9.98922E-05 9.98922E-05 9.98922E-05 9.98922E-05 9.98922E-05 9.98922E-05 9.98922E-05 9.98922E-05 9.98922E-05
9.99459E-05 0.0509493 9.99459E-05 0.063915 0.00645798 9.99459E-05 9.99459E-05 9.99459E-05 0.0477201 0.00464178 0.0576348 9.99459E-05 0.768081
9.99279E-05 0.0620273 9.99279E-05 0.0913607 9.99279E-05 9.99279E-05 9.99279E-05 9.99279E-05 0.0148396 9.99279E-05 0.0312343 9.99279E-05 0.799739
9.99191E-05 9.99191E-05 0.961324 0.00736811 9.99191E-05 9.99191E-05 9.99191E-05 9.99191E-05 9.99191E-05 9.99191E-05 9.99191E-05 0.0116773 0.0187315
9.98921E-05 9.98921E-05 0.998801 9.98921E-05 9.98921E-05 9.98921E-05 9.98921E-05 9.98921E-05 9.98921E-05 9.98921E-05 9.98921E-05 9.98921E-05 9.98921E-05
9.99009E-05 0.0400377 9.99009E-05 9.99009E-05 9.99009E-05 9.99009E-05 9.99009E-05 9.99009E-05 0.958863 9.99009E-05 9.99009E-05 9.99009E-05 9.99009E-05
9.99459E-05 0.202881 9.99459E-05 0.401628 9.99459E-05 0.0365966 0.0298133 9.99459E-05 0.0201981 9.99459E-05 0.0940449 9.99459E-05 0.214238
9.9901E-05 9.9901E-05 9.9901E-05 9.9901E-05 0.0309783 9.9901E-05 9.9901E-05 9.9901E-05 9.9901E-05 9.9901E-05 0.967923 9.9901E-05 9.9901E-05
9.99552E-05 0.134125 0.000755566 9.99552E-05 0.0195364 0.0331629 0.00489962 0.655585 9.99552E-05 0.00238463 9.99552E-05 9.99552E-05 0.149051
9.99281E-05 0.196463 0.0760528 9.99281E-05 9.99281E-05 9.99281E-05 0.0328994 0.574228 0.119557 9.99281E-05 9.99281E-05 9.99281E-05 9.99281E-05
0.0201371 9.99461E-05 0.0287204 9.99461E-05 0.0384078 9.99461E-05 0.0336371 9.99461E-05 9.99461E-05 0.321003 9.99461E-05 0.553079 0.00441616
