0.996073 9.9982E-05 9.9982E-05 0.00372677
0.380918 0.32026 9.9991E-05 0.298722
0.0211295 0.833528 0.0653536 0.0799888
9.998E-05 0.9997 9.998E-05 9.998E-05
0.268115 0.458766 9.9991E-05 0.273019
9.998E-05 0.9997 9.998E-05 9.998E-05
0.517766 0.0307779 9.99911E-05 0.451356
0.0731156 0.419884 9.9991E-05 0.5069
0.493585 0.00257718 9.9991E-05 0.503738
0.820756 9.9982E-05 9.9982E-05 0.179044
0.879037 9.9982E-05 9.9982E-05 0.120763
0.915681 0.0841195 9.9982E-05 9.9982E-05
0.962089 0.0377115 9.99821E-05 9.99821E-05
9.9982E-05 0.9798 0.0199998 9.9982E-05
0.025838 0.961975 0.0120875 9.9991E-05
0.91773 0.0351483 9.9991E-05 0.0470215
0.75608 0.0702382 0.173582 9.9991E-05
0.168084 9.9991E-05 0.705934 0.125882
9.998E-05 9.998E-05 0.9997 9.998E-05
0.97732 9.9982E-05 9.9982E-05 0.02248
9.998E-05 9.998E-05 0.9997 9.998E-05
0.986004 0.0137965 9.9982E-05 9.9982E-05
0.341351 0.0413961 0.55786 0.0593928
0.0098672 9.9982E-05 0.989933 9.9982E-05
9.9982E-05 0.998459 9.9982E-05 0.00134099
9.998E-05 0.9997 9.998E-05 9.998E-05
0.9997 9.998E-05 9.998E-05 9.998E-05
9.9982E-05 0.953562 9.9982E-05 0.0462381
9.9982E-05 0.9011 9.9982E-05 0.0987
9.9991E-05 0.664643 0.0352611 0.299996
9.9991E-05 0.661306 0.0399523 0.298642
0.235042 0.0532345 9.9991E-05 0.711624
9.998E-05 0.9997 9.998E-05 9.998E-05
9.9982E-05 0.0933382 9.9982E-05 0.906462
0.910817 0.0889832 9.9982E-05 9.9982E-05
0.00834162 0.991458 9.9982E-05 9.9982E-05
0.955918 0.0438825 9.99821E-05 9.99821E-05
0.782036 9.9991E-05 0.0064577 0.211406
0.634275 0.185723 0.179902 9.9991E-05
0.859053 0.140747 9.99819E-05 9.99819E-05
0.867073 0.12161 9.9991E-05 0.0112166
0.968415 9.9991E-05 0.0100848 0.0214004
0.898762 9.9982E-05 9.9982E-05 0.101038
0.930541 9.9982E-05 9.9982E-05 0.0692594
0.79317 9.9991E-05 0.165799 0.0409307
0.826368 0.0664013 0.0424797 0.0647506
0.820748 0.118611 9.9991E-05 0.0605406
0.983018 9.99911E-05 0.0128571 0.00402489
9.998E-05 9.998E-05 9.998E-05 0.9997
9.998E-05 9.998E-05 9.998E-05 0.9997
9.998E-05 9.998E-05 9.998E-05 0.9997
9.998E-05 9.998E-05 9.998E-05 0.9997
9.998E-05 9.998E-05 9.998E-05 0.9997
0.115982 0.274658 0.0253792 0.583981
9.998E-05 9.998E-05 9.998E-05 0.9997
0.9997 9.998E-05 9.998E-05 9.998E-05
0.283149 0.0517857 9.9991E-05 0.664965
9.998E-05 0.9997 9.998E-05 9.998E-05
0.9997 9.998E-05 9.998E-05 9.998E-05
0.923384 0.0764165 9.9982E-05 9.9982E-05
0.9997 9.998E-05 9.998E-05 9.998E-05
0.9997 9.998E-05 9.998E-05 9.998E-05
0.994996 9.9982E-05 0.00480369 9.9982E-05
0.0386236 9.9991E-05 0.902982 0.0582941
9.998E-05 0.9997 9.998E-05 9.998E-05
0.451387 0.226007 0.110657 0.211949
9.99821E-05 0.998921 9.99821E-05 0.000879295
0.0195005 0.9803 9.9982E-05 9.9982E-05
9.9982E-05 0.894014 9.9982E-05 0.105786
9.9982E-05 0.930047 9.9982E-05 0.0697533
0.0572762 0.920123 9.9991E-05 0.022501
9.998E-05 0.9997 9.998E-05 9.998E-05
9.99821E-05 0.459175 9.99821E-05 0.540625
0.0480672 0.487411 9.99911E-05 0.464422
0.00422256 0.995577 9.9982E-05 9.9982E-05
0.806497 0.0501356 9.9991E-05 0.143267
0.797934 0.0547075 9.9991E-05 0.147259
0.622874 0.138258 0.238768 9.9991E-05
0.590985 0.151733 0.257183 9.9991E-05
0.89237 9.9982E-05 9.9982E-05 0.10743
0.889286 9.9991E-05 0.00340905 0.107205
0.626434 0.115626 0.245262 0.0126792
0.620388 0.138464 0.241048 9.9991E-05
0.962223 9.9982E-05 9.9982E-05 0.0375767
0.873767 0.000240241 0.0453686 0.0806238
0.294289 0.0147754 9.9991E-05 0.690836
0.668046 0.108574 0.22328 9.9991E-05
0.798427 0.0479939 0.153479 9.9991E-05
9.9991E-05 0.612328 0.0560582 0.331514
