9.9973E-05 9.9973E-05 9.9973E-05 0.979956 0.0197437
0.299034 9.9991E-05 0.342076 0.357303 0.00148651
0.0452733 0.0677823 0.833989 0.00401067 0.0489443
9.9973E-05 9.9973E-05 0.967523 9.9973E-05 0.0321767
0.327763 9.9991E-05 0.405717 0.251066 0.0153546
9.9973E-05 9.9973E-05 0.98341 9.9973E-05 0.0162899
0.337483 9.99821E-05 0.0534835 0.608834 9.99821E-05
0.459801 9.9991E-05 0.459729 0.0296055 0.050765
0.400136 9.99821E-05 0.0519219 0.547742 9.99821E-05
0.158383 9.9982E-05 9.9982E-05 0.708735 0.132682
0.161624 9.9982E-05 9.9982E-05 0.709972 0.128205
9.9982E-05 9.9982E-05 0.087773 0.752756 0.159271
9.99911E-05 0.000534058 0.0776179 0.89664 0.025108
9.9982E-05 0.0296122 0.963673 9.9982E-05 0.00651511
9.9982E-05 0.0140787 0.967701 9.9982E-05 0.0180202
0.0513676 9.9991E-05 0.0138922 0.918846 0.0157938
9.999E-05 0.0711949 0.0088531 0.48803 0.431822
0.0732129 0.740056 0.0118322 0.174799 9.9991E-05
9.9973E-05 0.926897 9.9973E-05 9.9973E-05 0.0728033
0.0191682 9.9982E-05 9.9982E-05 0.827426 0.153206
9.997E-05 0.9996 9.997E-05 9.997E-05 9.997E-05
0.00717906 9.9982E-05 9.9982E-05 0.937313 0.0553081
0.0696658 0.402991 9.9991E-05 0.0932576 0.433985
9.9973E-05 0.899146 9.9973E-05 9.9973E-05 0.100554
9.997E-05 9.997E-05 0.9996 9.997E-05 9.997E-05
9.997E-05 9.997E-05 0.9996 9.997E-05 9.997E-05
9.9973E-05 9.9973E-05 9.9973E-05 0.87493 0.12477
0.0594502 9.9973E-05 0.94025 9.9973E-05 9.9973E-05
0.0964725 9.9973E-05 0.903228 9.9973E-05 9.9973E-05
0.246249 0.0151873 0.734088 9.9991E-05 0.00437644
0.331559 9.9982E-05 0.612643 9.9982E-05 0.0555982
0.629274 9.99821E-05 0.101328 0.269198 9.99821E-05
9.997E-05 9.997E-05 0.9996 9.997E-05 9.997E-05
0.929244 9.9973E-05 0.0704564 9.9973E-05 9.9973E-05
9.9982E-05 9.9982E-05 0.0614819 0.660979 0.277339
9.99729E-05 9.99729E-05 0.987432 0.0122684 9.99729E-05
9.99731E-05 9.99731E-05 0.0813398 0.91836 9.99731E-05
0.183632 0.0339653 0.0257636 0.71979 0.0368501
9.9991E-05 0.0656311 0.146084 0.339659 0.448526
9.9991E-05 0.0185887 0.144897 0.781578 0.054837
9.9991E-05 0.00677494 0.116562 0.811589 0.0649746
0.00438076 0.032265 9.9991E-05 0.819522 0.143732
0.0649457 9.9973E-05 9.9973E-05 0.934754 9.9973E-05
0.0712811 0.00466141 9.9991E-05 0.764123 0.159834
0.0379327 0.111254 9.9991E-05 0.689485 0.161228
0.105627 0.0499669 0.0247936 0.743629 0.0759841
0.0601892 9.9991E-05 0.0871106 0.692292 0.160308
0.00159186 0.0616914 9.99911E-05 0.92476 0.011857
0.9996 9.997E-05 9.997E-05 9.997E-05 9.997E-05
0.9996 9.997E-05 9.997E-05 9.997E-05 9.997E-05
0.9996 9.997E-05 9.997E-05 9.997E-05 9.997E-05
0.997728 0.00197256 9.9973E-05 9.9973E-05 9.9973E-05
0.9996 9.997E-05 9.997E-05 9.997E-05 9.997E-05
0.635954 0.0515235 0.207037 0.0894122 0.016073
0.9996 9.997E-05 9.997E-05 9.997E-05 9.997E-05
9.997E-05 9.997E-05 9.997E-05 0.9996 9.997E-05
0.563332 9.9982E-05 0.0843135 0.352155 9.9982E-05
9.997E-05 9.997E-05 0.9996 9.997E-05 9.997E-05
9.99731E-05 9.99731E-05 9.99731E-05 0.93538 0.0643204
9.9982E-05 9.9982E-05 0.0811087 0.915883 0.0028085
9.99732E-05 0.0121336 9.99732E-05 0.987566 9.99732E-05
9.9973E-05 9.9973E-05 9.9973E-05 0.994873 0.00482722
9.9973E-05 9.9973E-05 9.9973E-05 0.887256 0.112444
0.0284989 0.932001 9.9982E-05 0.0392999 9.9982E-05
9.997E-05 9.997E-05 0.9996 9.997E-05 9.997E-05
0.203567 0.0431755 0.249166 0.41468 0.0894115
9.997E-05 9.997E-05 0.9996 9.997E-05 9.997E-05
0.0207414 9.9982E-05 0.943984 0.0350746 9.9982E-05
0.0997666 9.9982E-05 0.890699 0.00933448 9.9982E-05
0.0458937 0.00705319 0.937886 0.0090666 9.9991E-05
0.0161975 9.9991E-05 0.912188 0.0599668 0.011548
9.997E-05 9.997E-05 0.9996 9.997E-05 9.997E-05
0.476574 9.99732E-05 0.523126 9.99732E-05 9.99732E-05
0.375452 0.00327362 0.555135 0.0660397 9.99911E-05
9.9982E-05 0.00639226 0.984329 0.00907884 9.9982E-05
0.125377 9.9991E-05 0.0506107 0.738893 0.0850188
0.145476 9.9991E-05 0.057749 0.722669 0.0740057
9.997E-05 9.997E-05 9.997E-05 9.997E-05 0.9996
9.997E-05 9.997E-05 9.997E-05 9.997E-05 0.9996
0.113955 0.00278707 9.9991E-05 0.817522 0.0656356
0.117676 0.00999673 9.9991E-05 0.8223 0.0499267
0.000486409 9.9973E-05 9.9973E-05 9.9973E-05 0.999214
9.997E-05 9.997E-05 9.997E-05 9.997E-05 0.9996
9.997E-05 9.997E-05 9.997E-05 0.9996 9.997E-05
0.0323941 0.0733837 0.03131 0.862812 9.9991E-05
0.634635 9.9982E-05 0.0759705 0.289194 9.9982E-05
9.9991E-05 0.112966 0.0704815 0.51247 0.303982
9.9991E-05 0.0780299 0.00414807 0.581865 0.335857
0.366982 0.027695 0.56245 9.9991E-05 0.0427731
