9.99278E-05 9.99278E-05 9.99278E-05 0.923773 9.99278E-05 0.075428 9.99278E-05 9.99278E-05 9.99278E-05 9.99278E-05
9.99459E-05 0.603288 9.99459E-05 0.126501 0.203595 9.99459E-05 0.0660163 9.99459E-05 9.99459E-05 9.99459E-05
0.0244687 9.99554E-05 0.274808 9.99554E-05 0.573161 9.99554E-05 0.0667734 9.99554E-05 9.99554E-05 0.06029
9.9937E-05 9.9937E-05 9.9937E-05 9.9937E-05 0.955031 9.9937E-05 0.0343786 9.9937E-05 0.00989083 9.9937E-05
9.99641E-05 0.24982 0.0766283 0.00769635 0.403837 0.198121 9.99641E-05 9.99641E-05 0.0634977 9.99641E-05
9.99461E-05 9.99461E-05 9.99461E-05 0.00719462 0.976445 0.0091801 0.00658093 9.99461E-05 9.99461E-05 9.99461E-05
9.99461E-05 0.599617 0.0573317 9.99461E-05 9.99461E-05 9.99461E-05 9.99461E-05 0.00399639 9.99461E-05 0.338455
9.99639E-05 0.124005 0.637011 9.99639E-05 0.075877 0.086739 0.0106072 9.99639E-05 0.065361 9.99639E-05
9.99461E-05 0.720856 9.99461E-05 9.99461E-05 9.99461E-05 0.00283779 9.99461E-05 0.0511715 9.99461E-05 0.224535
9.99201E-05 9.99201E-05 9.99201E-05 9.99201E-05 9.99201E-05 0.999101 9.99201E-05 9.99201E-05 9.99201E-05 9.99201E-05
9.99201E-05 9.99201E-05 9.99201E-05 9.99201E-05 9.99201E-05 0.999101 9.99201E-05 9.99201E-05 9.99201E-05 9.99201E-05
9.9946E-05 9.9946E-05 9.9946E-05 0.717384 0.00579313 9.9946E-05 0.115687 9.9946E-05 9.9946E-05 0.160536
9.99281E-05 9.99281E-05 0.00614559 9.99281E-05 9.99281E-05 9.99281E-05 9.99281E-05 9.99281E-05 9.99281E-05 0.993055
0.0376503 9.99371E-05 9.99371E-05 0.025646 0.936004 9.99371E-05 9.99371E-05 9.99371E-05 9.99371E-05 9.99371E-05
0.00801233 9.9955E-05 9.9955E-05 0.0477674 0.92847 0.00370802 9.9955E-05 9.9955E-05 0.0115428 9.9955E-05
9.99369E-05 9.99369E-05 9.99369E-05 9.99369E-05 9.99369E-05 0.0391119 9.99369E-05 0.791929 9.99369E-05 0.168259
0.0584315 9.9964E-05 9.9964E-05 0.022412 9.9964E-05 0.369283 0.310356 0.0548606 9.9964E-05 0.184257
0.713468 0.0499876 9.99639E-05 0.0360076 9.99639E-05 0.10942 9.99639E-05 0.0778047 0.0129122 9.99639E-05
0.888115 9.9928E-05 9.9928E-05 9.9928E-05 9.9928E-05 9.9928E-05 0.111086 9.9928E-05 9.9928E-05 9.9928E-05
9.9946E-05 9.9946E-05 9.9946E-05 0.10119 9.9946E-05 0.509302 0.0332997 0.355608 9.9946E-05 9.9946E-05
0.999101 9.99201E-05 9.99201E-05 9.99201E-05 9.99201E-05 9.99201E-05 9.99201E-05 9.99201E-05 9.99201E-05 9.99201E-05
0.00102867 9.9964E-05 9.9964E-05 0.473635 9.9964E-05 0.142149 0.0066281 0.304329 9.9964E-05 0.0718307
0.377656 9.99461E-05 9.99461E-05 9.99461E-05 9.99461E-05 0.290331 0.320392 9.99461E-05 0.0110222 9.99461E-05
0.893147 9.99369E-05 9.99369E-05 9.99369E-05 9.99369E-05 0.045431 0.0607225 9.99369E-05 9.99369E-05 9.99369E-05
9.99201E-05 9.99201E-05 9.99201E-05 9.99201E-05 0.999101 9.99201E-05 9.99201E-05 9.99201E-05 9.99201E-05 9.99201E-05
9.99282E-05 9.99282E-05 9.99282E-05 9.99282E-05 0.994086 9.99282E-05 9.99282E-05 9.99282E-05 0.00511419 9.99282E-05
9.99458E-05 9.99458E-05 9.99458E-05 0.0791317 9.99458E-05 0.103733 0.0692083 9.99458E-05 9.99458E-05 0.747327
9.9946E-05 9.9946E-05 9.9946E-05 9.9946E-05 0.899424 9.9946E-05 9.9946E-05 0.0198476 0.0789471 0.00118124
9.9946E-05 0.00982955 9.9946E-05 9.9946E-05 0.898433 9.9946E-05 9.9946E-05 0.0201921 0.0709461 9.9946E-05
0.0374898 0.0102602 0.156361 0.0176576 0.588714 9.99731E-05 0.0186036 9.99731E-05 0.170613 9.99731E-05
9.99549E-05 9.99549E-05 0.47682 9.99549E-05 0.41533 0.0171953 0.021451 9.99549E-05 0.0687047 9.99549E-05
9.99201E-05 0.999101 9.99201E-05 9.99201E-05 9.99201E-05 9.99201E-05 9.99201E-05 9.99201E-05 9.99201E-05 9.99201E-05
9.99281E-05 9.99281E-05 0.190622 9.99281E-05 0.808578 9.99281E-05 9.99281E-05 9.99281E-05 9.99281E-05 9.99281E-05
9.99371E-05 0.011958 0.261951 9.99371E-05 9.99371E-05 9.99371E-05 9.99371E-05 9.99371E-05 0.725391 9.99371E-05
9.99548E-05 9.99548E-05 0.0788557 0.0819591 9.99548E-05 0.086193 0.18081 9.99548E-05 9.99548E-05 0.571683
9.99549E-05 9.99549E-05 0.062487 9.99549E-05 0.920262 9.99549E-05 0.00210203 0.0102994 9.99549E-05 0.00434992
9.9937E-05 9.9937E-05 0.0393912 0.938742 0.0211668 9.9937E-05 9.9937E-05 9.9937E-05 9.9937E-05 9.9937E-05
9.99459E-05 0.179685 9.99459E-05 0.102168 0.0310227 0.686524 9.99459E-05 9.99459E-05 9.99459E-05 9.99459E-05
0.0278857 9.9973E-05 0.0792322 9.9973E-05 0.0643604 0.228079 0.372323 0.0208402 9.9973E-05 0.20698
9.99549E-05 9.99549E-05 9.99549E-05 0.249124 0.0891896 0.355496 0.0117731 0.293918 9.99549E-05 9.99549E-05
0.0128872 9.99639E-05 9.99639E-05 0.320993 0.0986522 0.352763 0.0142026 0.200102 9.99639E-05 9.99639E-05
9.9937E-05 9.9937E-05 9.9937E-05 0.0302955 9.9937E-05 0.939626 9.9937E-05 0.0293793 9.9937E-05 9.9937E-05
0.00125078 0.00336745 9.9955E-05 9.9955E-05 9.9955E-05 0.0519945 9.9955E-05 0.869097 9.9955E-05 0.0737903
9.9937E-05 9.9937E-05 9.9937E-05 0.0242209 9.9937E-05 0.915885 9.9937E-05 9.9937E-05 9.9937E-05 0.0591947
0.0842967 0.0433474 9.99729E-05 0.0520907 9.99729E-05 0.460135 0.134551 0.0433707 9.99729E-05 0.181908
0.0275001 9.9982E-05 0.0119581 0.160086 0.0486938 0.549287 0.00433038 0.162845 9.9982E-05 0.0350997
9.996E-05 9.996E-05 9.996E-05 0.238474 0.103345 0.369597 0.0530847 9.996E-05 0.0348538 0.200246
9.99201E-05 9.99201E-05 9.99201E-05 0.999101 9.99201E-05 9.99201E-05 9.99201E-05 9.99201E-05 9.99201E-05 9.99201E-05
9.99201E-05 9.99201E-05 9.99201E-05 9.99201E-05 9.99201E-05 9.99201E-05 9.99201E-05 9.99201E-05 0.999101 9.99201E-05
9.99281E-05 9.99281E-05 9.99281E-05 9.99281E-05 9.99281E-05 0.0111971 9.99281E-05 9.99281E-05 0.988003 9.99281E-05
9.99281E-05 0.0171673 9.99281E-05 9.99281E-05 9.99281E-05 9.99281E-05 9.99281E-05 9.99281E-05 0.982033 9.99281E-05
9.99201E-05 9.99201E-05 9.99201E-05 9.99201E-05 9.99201E-05 9.99201E-05 9.99201E-05 9.99201E-05 0.999101 9.99201E-05
9.99201E-05 9.99201E-05 9.99201E-05 9.99201E-05 9.99201E-05 9.99201E-05 9.99201E-05 9.99201E-05 0.999101 9.99201E-05
0.0300446 0.0596818 0.28766 9.99731E-05 0.105122 0.0266175 9.99731E-05 0.100835 0.389739 9.99731E-05
9.9937E-05 0.0330865 9.9937E-05 0.0197247 9.9937E-05 9.9937E-05 9.9937E-05 9.9937E-05 0.946489 9.9937E-05
9.99369E-05 9.99369E-05 9.99369E-05 0.837198 9.99369E-05 9.99369E-05 9.99369E-05 0.146639 9.99369E-05 0.0154628
9.99458E-05 0.859915 9.99458E-05 0.033987 9.99458E-05 9.99458E-05 0.0270394 9.99458E-05 0.0784586 9.99458E-05
9.9928E-05 9.9928E-05 9.9928E-05 9.9928E-05 0.997174 0.0020265 9.9928E-05 9.9928E-05 9.9928E-05 9.9928E-05
9.9946E-05 9.9946E-05 9.9946E-05 0.0743965 9.9946E-05 9.9946E-05 0.0318816 0.0944473 9.9946E-05 0.798675
9.99282E-05 9.99282E-05 9.99282E-05 9.99282E-05 9.99282E-05 9.99282E-05 9.99282E-05 0.943917 9.99282E-05 0.0552839
9.99201E-05 9.99201E-05 9.99201E-05 9.99201E-05 9.99201E-05 9.99201E-05 9.99201E-05 9.99201E-05 9.99201E-05 0.999101
9.99459E-05 9.99459E-05 9.99459E-05 0.0228469 0.0132438 0.0886735 9.99459E-05 9.99459E-05 9.99459E-05 0.874636
9.99369E-05 9.99369E-05 9.99369E-05 9.99369E-05 9.99369E-05 0.109466 0.0520718 9.99369E-05 9.99369E-05 0.837763
0.896604 9.99372E-05 0.0203992 0.0822977 9.99372E-05 9.99372E-05 9.99372E-05 9.99372E-05 9.99372E-05 9.99372E-05
9.99373E-05 9.99373E-05 9.99373E-05 9.99373E-05 0.983662 9.99373E-05 0.00499091 0.0106472 9.99373E-05 9.99373E-05
0.0237713 0.0336875 9.9991E-05 0.0657167 0.197176 0.132289 0.118968 0.205806 0.0950909 0.127395
9.99462E-05 9.99462E-05 0.0256355 9.99462E-05 0.929382 9.99462E-05 9.99462E-05 0.0310078 9.99462E-05 0.0133746
9.99371E-05 9.99371E-05 9.99371E-05 0.0296486 0.948302 9.99371E-05 9.99371E-05 9.99371E-05 0.0213496 9.99371E-05
9.9955E-05 0.0130109 0.0380153 9.9955E-05 0.849087 9.9955E-05 9.9955E-05 0.0630186 0.0363689 9.9955E-05
0.00388895 0.0514345 0.015304 9.9964E-05 0.889879 9.9964E-05 9.9964E-05 0.00675305 0.032341 9.9964E-05
9.99468E-05 9.99468E-05 0.0758538 0.0128444 0.859802 0.0509006 9.99468E-05 9.99468E-05 9.99468E-05 9.99468E-05
9.9928E-05 9.9928E-05 0.0244777 9.9928E-05 0.974723 9.9928E-05 9.9928E-05 9.9928E-05 9.9928E-05 9.9928E-05
9.99201E-05 9.99201E-05 0.999101 9.99201E-05 9.99201E-05 9.99201E-05 9.99201E-05 9.99201E-05 9.99201E-05 9.99201E-05
9.9928E-05 9.9928E-05 0.985622 9.9928E-05 9.9928E-05 9.9928E-05 9.9928E-05 9.9928E-05 9.9928E-05 0.0135782
9.99371E-05 9.99371E-05 9.99371E-05 9.99371E-05 0.921319 9.99371E-05 9.99371E-05 0.0496817 0.0282997 9.99371E-05
9.9955E-05 0.00562806 0.0253446 9.9955E-05 0.000906019 9.9955E-05 0.0100977 0.957524 9.9955E-05 9.9955E-05
9.9937E-05 9.9937E-05 0.00283501 9.9937E-05 9.9937E-05 9.9937E-05 9.9937E-05 0.979142 0.0173235 9.9937E-05
9.99201E-05 9.99201E-05 9.99201E-05 9.99201E-05 9.99201E-05 9.99201E-05 0.999101 9.99201E-05 9.99201E-05 9.99201E-05
9.99201E-05 9.99201E-05 9.99201E-05 9.99201E-05 9.99201E-05 9.99201E-05 0.999101 9.99201E-05 9.99201E-05 9.99201E-05
9.99549E-05 0.0787899 9.99549E-05 0.0495379 9.99549E-05 0.771056 9.99549E-05 0.0995233 9.99549E-05 0.000593259
9.99549E-05 0.0670033 9.99549E-05 0.0525942 9.99549E-05 0.738887 9.99549E-05 0.10306 9.99549E-05 0.0379557
9.9928E-05 0.00667073 9.9928E-05 9.9928E-05 9.9928E-05 9.9928E-05 0.99253 9.9928E-05 9.9928E-05 9.9928E-05
9.99201E-05 9.99201E-05 9.99201E-05 9.99201E-05 9.99201E-05 9.99201E-05 0.999101 9.99201E-05 9.99201E-05 9.99201E-05
9.99279E-05 9.99279E-05 9.99279E-05 0.959312 9.99279E-05 9.99279E-05 9.99279E-05 9.99279E-05 9.99279E-05 0.0398883
0.0692481 0.0852715 9.9964E-05 0.039808 9.9964E-05 0.245843 9.9964E-05 0.377913 9.9964E-05 0.181516
9.99278E-05 0.932947 9.99278E-05 9.99278E-05 9.99278E-05 9.99278E-05 9.99278E-05 9.99278E-05 0.0662533 9.99278E-05
0.0927329 9.99641E-05 0.00401272 9.99641E-05 0.054765 0.316386 0.22105 9.99641E-05 9.99641E-05 0.310653
0.0794611 9.99551E-05 9.99551E-05 0.190027 9.99551E-05 9.99551E-05 0.322487 0.00951088 9.99551E-05 0.398015
0.0365994 0.0564296 0.50598 9.9964E-05 0.300426 9.9964E-05 0.00516566 9.9964E-05 0.0949993 9.9964E-05
