0.022007 0.951476 9.99369E-05 0.0258169 9.99369E-05 9.99369E-05 9.99369E-05 9.99369E-05 9.99369E-05 9.99369E-05
0.0599455 0.147115 9.99548E-05 9.99548E-05 0.219954 0.0263854 9.99548E-05 9.99548E-05 9.99548E-05 0.546101
0.0436988 9.99643E-05 0.00302741 9.99643E-05 0.353443 9.99643E-05 9.99643E-05 0.459423 0.0628365 0.0771712
9.9946E-05 9.9946E-05 9.9946E-05 9.9946E-05 0.843822 0.0122343 0.00932578 0.134018 9.9946E-05 9.9946E-05
9.99551E-05 0.020106 9.99551E-05 0.141544 0.449732 9.99551E-05 0.0461396 9.99551E-05 9.99551E-05 0.341979
9.99201E-05 9.99201E-05 9.99201E-05 9.99201E-05 0.999101 9.99201E-05 9.99201E-05 9.99201E-05 9.99201E-05 9.99201E-05
9.9937E-05 9.9937E-05 9.9937E-05 9.9937E-05 9.9937E-05 0.10329 9.9937E-05 9.9937E-05 0.228963 0.667047
0.00640487 9.9964E-05 9.9964E-05 0.0593225 0.226678 9.9964E-05 0.178558 0.167732 9.9964E-05 0.360904
9.9937E-05 9.9937E-05 9.9937E-05 9.9937E-05 9.9937E-05 0.139505 9.9937E-05 9.9937E-05 0.11593 0.743866
9.99281E-05 9.99281E-05 9.99281E-05 0.960012 9.99281E-05 9.99281E-05 9.99281E-05 9.99281E-05 9.99281E-05 0.0391882
9.99201E-05 9.99201E-05 9.99201E-05 0.999101 9.99201E-05 9.99201E-05 9.99201E-05 9.99201E-05 9.99201E-05 9.99201E-05
0.115712 0.662831 9.9946E-05 9.9946E-05 9.9946E-05 9.9946E-05 9.9946E-05 0.0541781 0.166679 9.9946E-05
9.99281E-05 9.99281E-05 9.99281E-05 9.99281E-05 9.99281E-05 9.99281E-05 9.99281E-05 0.0578117 0.941389 9.99281E-05
9.9946E-05 0.0389768 0.00596888 9.9946E-05 0.953301 9.9946E-05 9.9946E-05 9.9946E-05 0.00115387 9.9946E-05
9.9928E-05 0.0160033 9.9928E-05 9.9928E-05 0.983197 9.9928E-05 9.9928E-05 9.9928E-05 9.9928E-05 9.9928E-05
9.9937E-05 9.9937E-05 9.9937E-05 0.0413642 9.9937E-05 0.796689 9.9937E-05 9.9937E-05 0.161247 9.9937E-05
0.325651 9.99551E-05 0.0588343 0.328081 9.99551E-05 0.0641274 9.99551E-05 9.99551E-05 0.222807 9.99551E-05
9.99639E-05 0.0561535 0.708743 0.122029 9.99639E-05 0.0527012 0.0476252 9.99639E-05 9.99639E-05 0.0123483
0.102935 9.9928E-05 0.896265 9.9928E-05 9.9928E-05 9.9928E-05 9.9928E-05 9.9928E-05 9.9928E-05 9.9928E-05
0.0749236 0.111575 9.99459E-05 0.465323 9.99459E-05 0.347578 9.99459E-05 9.99459E-05 9.99459E-05 9.99459E-05
9.99201E-05 9.99201E-05 0.999101 9.99201E-05 9.99201E-05 9.99201E-05 9.99201E-05 9.99201E-05 9.99201E-05 9.99201E-05
0.0189728 0.537878 9.99549E-05 0.0939197 9.99549E-05 0.255571 9.99549E-05 9.99549E-05 0.0931583 9.99549E-05
0.344781 9.99461E-05 0.40473 0.229771 9.99461E-05 9.99461E-05 0.0201182 9.99461E-05 9.99461E-05 9.99461E-05
0.0696097 9.99369E-05 0.854874 0.0748166 9.99369E-05 9.99369E-05 9.99369E-05 9.99369E-05 9.99369E-05 9.99369E-05
9.9937E-05 9.9937E-05 9.9937E-05 9.9937E-05 0.41424 9.9937E-05 0.00708828 0.577973 9.9937E-05 9.9937E-05
9.9928E-05 9.9928E-05 9.9928E-05 9.9928E-05 0.805619 9.9928E-05 9.9928E-05 0.193582 9.9928E-05 9.9928E-05
0.0353792 0.0927998 9.99458E-05 0.0886446 9.99458E-05 9.99458E-05 9.99458E-05 9.99458E-05 0.782577 9.99458E-05
9.99369E-05 9.99369E-05 9.99369E-05 9.99369E-05 0.0177491 9.99369E-05 0.00149925 0.980052 9.99369E-05 9.99369E-05
9.99201E-05 9.99201E-05 9.99201E-05 9.99201E-05 9.99201E-05 9.99201E-05 9.99201E-05 0.999101 9.99201E-05 9.99201E-05
0.018245 0.0313682 0.00513348 9.99821E-05 0.461713 9.99821E-05 0.189383 0.246673 0.023166 0.0241185
0.0124505 9.9964E-05 9.9964E-05 0.0310847 0.510334 9.9964E-05 0.148642 0.151868 9.9964E-05 0.14522
9.9937E-05 0.0369216 9.9937E-05 9.9937E-05 9.9937E-05 9.9937E-05 0.0636997 9.9937E-05 9.9937E-05 0.898679
9.99281E-05 9.99281E-05 9.99281E-05 9.99281E-05 0.626161 9.99281E-05 9.99281E-05 0.37304 9.99281E-05 9.99281E-05
9.99371E-05 9.99371E-05 9.99371E-05 9.99371E-05 9.99371E-05 9.99371E-05 0.738247 0.148587 9.99371E-05 0.112467
0.196621 0.0925127 9.99639E-05 0.0739396 0.0365789 9.99639E-05 0.0186023 9.99639E-05 0.581345 9.99639E-05
9.99459E-05 0.00397218 9.99459E-05 9.99459E-05 0.458673 9.99459E-05 9.99459E-05 0.535125 0.00163082 9.99459E-05
9.99281E-05 0.977082 9.99281E-05 9.99281E-05 0.0221183 9.99281E-05 9.99281E-05 9.99281E-05 9.99281E-05 9.99281E-05
9.99549E-05 0.146454 9.99549E-05 0.649811 0.0272088 9.99549E-05 0.0167862 9.99549E-05 9.99549E-05 0.15924
0.40251 9.9964E-05 0.0478926 0.0966385 0.144831 0.076133 9.9964E-05 9.9964E-05 0.231594 9.9964E-05
9.99459E-05 0.261005 9.99459E-05 0.297611 0.159247 0.281538 9.99459E-05 9.99459E-05 9.99459E-05 9.99459E-05
0.0268975 0.285511 9.99549E-05 0.324401 0.113256 0.249435 9.99549E-05 9.99549E-05 9.99549E-05 9.99549E-05
9.99369E-05 0.0518306 9.99369E-05 0.908002 9.99369E-05 0.0394683 9.99369E-05 9.99369E-05 9.99369E-05 9.99369E-05
9.9946E-05 0.00876156 9.9946E-05 0.0403742 9.9946E-05 0.92393 9.9946E-05 9.9946E-05 0.0263346 9.9946E-05
0.0211414 0.0386629 9.99549E-05 0.86915 9.99549E-05 0.0173538 9.99549E-05 9.99549E-05 0.0531918 9.99549E-05
0.154908 0.0578662 0.10055 0.459967 9.9964E-05 0.0362907 9.9964E-05 9.9964E-05 0.190018 9.9964E-05
9.9973E-05 0.193693 0.0362966 0.503911 0.0700373 0.173158 0.0148095 9.9973E-05 0.00779542 9.9973E-05
0.0567961 0.232566 9.9964E-05 0.314767 0.101383 9.9964E-05 0.0552798 9.9964E-05 0.238808 9.9964E-05
9.99201E-05 0.999101 9.99201E-05 9.99201E-05 9.99201E-05 9.99201E-05 9.99201E-05 9.99201E-05 9.99201E-05 9.99201E-05
9.99201E-05 9.99201E-05 9.99201E-05 9.99201E-05 9.99201E-05 9.99201E-05 0.999101 9.99201E-05 9.99201E-05 9.99201E-05
9.99281E-05 9.99281E-05 9.99281E-05 0.00212131 9.99281E-05 9.99281E-05 0.997079 9.99281E-05 9.99281E-05 9.99281E-05
9.99281E-05 9.99281E-05 9.99281E-05 9.99281E-05 9.99281E-05 0.0133011 0.9859 9.99281E-05 9.99281E-05 9.99281E-05
9.99201E-05 9.99201E-05 9.99201E-05 9.99201E-05 9.99201E-05 9.99201E-05 0.999101 9.99201E-05 9.99201E-05 9.99201E-05
9.99201E-05 9.99201E-05 9.99201E-05 9.99201E-05 9.99201E-05 9.99201E-05 0.999101 9.99201E-05 9.99201E-05 9.99201E-05
9.9982E-05 9.9982E-05 0.0246842 0.0146393 0.0588252 0.0318676 0.429773 0.162493 0.0428456 0.234672
9.9946E-05 0.00604156 9.9946E-05 9.9946E-05 9.9946E-05 0.0495681 0.92591 9.9946E-05 9.9946E-05 0.0178805
9.99369E-05 0.76184 9.99369E-05 9.99369E-05 9.99369E-05 0.190214 9.99369E-05 9.99369E-05 0.0472459 9.99369E-05
0.020314 0.0816281 9.99548E-05 9.99548E-05 9.99548E-05 9.99548E-05 0.0908853 0.0227915 9.99548E-05 0.783881
9.99278E-05 9.99278E-05 9.99278E-05 9.99278E-05 0.645057 9.99278E-05 9.99278E-05 0.354143 9.99278E-05 9.99278E-05
0.0141892 0.0395142 9.9955E-05 9.9955E-05 9.9955E-05 0.0971939 0.0290733 9.9955E-05 0.81953 9.9955E-05
9.99282E-05 9.99282E-05 9.99282E-05 9.99282E-05 9.99282E-05 0.915264 9.99282E-05 9.99282E-05 0.0839362 9.99282E-05
9.99282E-05 9.99282E-05 9.99282E-05 9.99282E-05 9.99282E-05 9.99282E-05 9.99282E-05 9.99282E-05 0.98899 0.0102107
9.99369E-05 9.99369E-05 9.99369E-05 0.0656973 9.99369E-05 0.0150613 9.99369E-05 9.99369E-05 0.918542 9.99369E-05
0.0344466 9.99368E-05 9.99368E-05 0.0832198 9.99368E-05 9.99368E-05 9.99368E-05 9.99368E-05 0.881634 9.99368E-05
9.99372E-05 0.0974787 0.899062 9.99372E-05 9.99372E-05 9.99372E-05 9.99372E-05 9.99372E-05 9.99372E-05 0.00275923
9.99282E-05 9.99282E-05 9.99282E-05 9.99282E-05 0.245387 9.99282E-05 9.99282E-05 0.753813 9.99282E-05 9.99282E-05
0.121571 0.0928995 0.0633948 0.0215718 0.284007 0.116553 0.0604269 9.9991E-05 0.03476 0.204716
9.99462E-05 9.99462E-05 9.99462E-05 9.99462E-05 0.773019 0.0110956 0.00464978 0.210636 9.99462E-05 9.99462E-05
9.994E-05 0.0309243 9.994E-05 9.994E-05 0.729639 9.994E-05 0.0219222 0.216914 9.994E-05 9.994E-05
9.99369E-05 0.0135666 9.99369E-05 9.99369E-05 9.99369E-05 0.00781073 9.99369E-05 0.977923 9.99369E-05 9.99369E-05
9.99201E-05 9.99201E-05 9.99201E-05 9.99201E-05 9.99201E-05 9.99201E-05 9.99201E-05 0.999101 9.99201E-05 9.99201E-05
9.99551E-05 0.00826809 9.99551E-05 0.0282159 0.783823 9.99551E-05 9.99551E-05 0.108803 9.99551E-05 0.0703898
0.0040288 9.99369E-05 9.99369E-05 9.99369E-05 0.574662 9.99369E-05 9.99369E-05 0.420609 9.99369E-05 9.99369E-05
9.99462E-05 9.99462E-05 9.99462E-05 9.99462E-05 0.151388 9.99462E-05 0.135071 0.32874 9.99462E-05 0.384201
9.99463E-05 9.99463E-05 9.99463E-05 9.99463E-05 9.99463E-05 9.99463E-05 0.016708 0.551213 0.0648436 0.366635
9.9946E-05 9.9946E-05 9.9946E-05 9.9946E-05 0.78819 0.034121 0.0161978 0.160892 9.9946E-05 9.9946E-05
9.9946E-05 9.9946E-05 9.9946E-05 9.9946E-05 0.00328872 0.956078 0.0332289 9.9946E-05 9.9946E-05 0.00680478
9.99279E-05 9.99279E-05 9.99279E-05 9.99279E-05 9.99279E-05 0.983476 0.0157248 9.99279E-05 9.99279E-05 9.99279E-05
0.999101 9.99201E-05 9.99201E-05 9.99201E-05 9.99201E-05 9.99201E-05 9.99201E-05 9.99201E-05 9.99201E-05 9.99201E-05
0.999101 9.99201E-05 9.99201E-05 9.99201E-05 9.99201E-05 9.99201E-05 9.99201E-05 9.99201E-05 9.99201E-05 9.99201E-05
9.99639E-05 0.06125 9.99639E-05 0.725317 9.99639E-05 0.164279 9.99639E-05 0.015672 0.00931535 0.0237668
9.99549E-05 0.0454711 9.99549E-05 0.718913 9.99549E-05 0.187549 9.99549E-05 0.0443878 9.99549E-05 0.00317894
0.999101 9.99201E-05 9.99201E-05 9.99201E-05 9.99201E-05 9.99201E-05 9.99201E-05 9.99201E-05 9.99201E-05 9.99201E-05
0.999101 9.99201E-05 9.99201E-05 9.99201E-05 9.99201E-05 9.99201E-05 9.99201E-05 9.99201E-05 9.99201E-05 9.99201E-05
9.99369E-05 0.901343 9.99369E-05 9.99369E-05 9.99369E-05 0.0349337 9.99369E-05 9.99369E-05 0.063024 9.99369E-05
9.9964E-05 0.0140189 0.0538052 0.174149 9.9964E-05 0.526427 9.9964E-05 9.9964E-05 0.179412 0.0517879
0.00494386 0.0553462 9.99458E-05 9.99458E-05 9.99458E-05 9.99458E-05 0.0993229 9.99458E-05 9.99458E-05 0.839787
0.164173 9.99552E-05 0.105615 0.27615 0.0856113 9.99552E-05 9.99552E-05 9.99552E-05 0.36795 9.99552E-05
0.256899 0.152617 0.0764941 9.99551E-05 0.0366769 9.99551E-05 9.99551E-05 9.99551E-05 0.476813 9.99551E-05
9.99551E-05 9.99551E-05 0.0555175 9.99551E-05 0.296279 9.99551E-05 0.134418 0.284809 9.99551E-05 0.228477
