9.99549E-05 9.99549E-05 9.99549E-05 0.067922 9.99549E-05 0.928777 9.99549E-05 0.00280168
9.997E-05 0.497504 9.997E-05 0.0148949 0.223664 0.195408 9.997E-05 0.0682284
0.0870317 0.0400391 0.0366903 9.99822E-05 0.793935 9.99822E-05 0.0413081 0.000795879
9.9946E-05 9.9946E-05 9.9946E-05 9.9946E-05 0.966144 9.9946E-05 9.9946E-05 0.0332563
9.99731E-05 0.333741 9.99731E-05 0.147888 0.407261 0.050288 0.0605221 9.99731E-05
9.9964E-05 9.9964E-05 9.9964E-05 0.0150244 0.959684 0.0032858 9.9964E-05 0.0216057
0.209091 0.79031 9.99459E-05 9.99459E-05 9.99459E-05 9.99459E-05 9.99459E-05 9.99459E-05
9.997E-05 0.331743 9.997E-05 0.0486988 0.37474 9.997E-05 0.229053 0.0154646
0.145745 0.832587 9.99549E-05 0.0211674 9.99549E-05 9.99549E-05 9.99549E-05 9.99549E-05
9.99461E-05 0.0909 9.99461E-05 0.9085 9.99461E-05 9.99461E-05 9.99461E-05 9.99461E-05
9.99461E-05 0.0449581 9.99461E-05 0.954442 9.99461E-05 9.99461E-05 9.99461E-05 9.99461E-05
0.156254 9.9964E-05 9.9964E-05 9.9964E-05 0.0280775 0.674441 9.9964E-05 0.140828
0.9993 9.994E-05 9.994E-05 9.994E-05 9.994E-05 9.994E-05 9.994E-05 9.994E-05
9.9964E-05 9.9964E-05 0.0160056 9.9964E-05 0.919632 0.037725 9.9964E-05 0.0262378
9.9955E-05 9.9955E-05 9.9955E-05 0.0244819 0.925208 0.0498106 9.9955E-05 9.9955E-05
0.31594 0.0855572 9.9964E-05 0.50825 9.9964E-05 0.0898531 9.9964E-05 9.9964E-05
0.16139 9.9973E-05 0.0731308 0.469356 0.0177045 9.9973E-05 9.9973E-05 0.278119
9.9973E-05 0.00374943 0.696058 0.252762 9.9973E-05 0.00897226 0.0381581 9.9973E-05
9.9946E-05 9.9946E-05 0.931056 9.9946E-05 9.9946E-05 9.9946E-05 9.9946E-05 0.0683448
0.0501022 9.9964E-05 9.9964E-05 0.753284 9.9964E-05 0.139082 9.9964E-05 0.0571318
9.994E-05 9.994E-05 0.9993 9.994E-05 9.994E-05 9.994E-05 9.994E-05 9.994E-05
0.131172 9.99639E-05 9.99639E-05 0.269214 9.99639E-05 0.590466 9.99639E-05 0.00874852
9.99641E-05 9.99641E-05 0.379711 0.267551 0.0295624 9.99641E-05 9.99641E-05 0.322775
9.99549E-05 9.99549E-05 0.88914 0.0442934 9.99549E-05 9.99549E-05 9.99549E-05 0.0660664
9.99461E-05 9.99461E-05 9.99461E-05 9.99461E-05 0.969368 9.99461E-05 0.0300328 9.99461E-05
9.994E-05 9.994E-05 9.994E-05 9.994E-05 0.9993 9.994E-05 9.994E-05 9.994E-05
0.780659 9.99729E-05 9.99729E-05 0.0772314 9.99729E-05 0.0888384 0.0063016 0.0466702
9.9955E-05 0.0399861 9.9955E-05 9.9955E-05 0.895265 9.9955E-05 0.0642492 9.9955E-05
0.0055618 0.0256736 9.9964E-05 9.9964E-05 0.914063 9.9964E-05 0.054302 9.9964E-05
9.998E-05 0.0245548 0.0238615 9.998E-05 0.726654 0.0102444 0.200977 0.0135088
9.9964E-05 0.130656 9.9964E-05 9.9964E-05 0.633296 9.9964E-05 0.181769 0.0538787
9.997E-05 0.709058 9.997E-05 9.997E-05 0.0141746 0.105026 0.154465 0.0169766
9.99461E-05 9.99461E-05 9.99461E-05 9.99461E-05 0.999016 9.99461E-05 9.99461E-05 0.000384528
9.99551E-05 0.0972673 9.99551E-05 9.99551E-05 0.0825258 9.99551E-05 0.819707 9.99551E-05
0.552576 9.99819E-05 9.99819E-05 0.120065 0.050864 0.0749402 0.014451 0.186903
0.00809655 0.00953015 9.99729E-05 9.99729E-05 0.956633 0.00511926 9.99729E-05 0.0203212
9.9946E-05 9.9946E-05 9.9946E-05 9.9946E-05 0.0282942 0.971106 9.9946E-05 9.9946E-05
9.998E-05 0.157873 0.0316539 0.690076 0.0252834 0.0896298 0.00528328 9.998E-05
0.173764 9.9973E-05 0.0644507 0.330904 0.125601 9.9973E-05 9.9973E-05 0.304981
9.996E-05 9.996E-05 9.996E-05 0.61473 0.0902708 0.287718 9.996E-05 0.00688157
9.996E-05 9.996E-05 9.996E-05 0.615077 0.0811733 0.296441 9.996E-05 0.00690967
9.994E-05 9.994E-05 9.994E-05 0.9993 9.994E-05 9.994E-05 9.994E-05 9.994E-05
0.230763 0.17446 9.99639E-05 0.420436 9.99639E-05 0.173941 9.99639E-05 9.99639E-05
0.0314883 9.9955E-05 9.9955E-05 0.956574 9.9955E-05 9.9955E-05 0.0114376 9.9955E-05
0.170425 9.9973E-05 0.0746016 0.538567 9.9973E-05 0.0832016 9.9973E-05 0.132906
0.0934443 9.998E-05 0.0397384 0.614983 0.0857344 0.122912 9.998E-05 0.0429873
0.20442 9.9982E-05 9.9982E-05 0.31769 0.104275 0.213653 0.0556405 0.104122
9.99463E-05 9.99463E-05 0.0194852 9.99463E-05 9.99463E-05 0.979915 9.99463E-05 9.99463E-05
9.994E-05 9.994E-05 9.994E-05 9.994E-05 9.994E-05 9.994E-05 0.9993 9.994E-05
9.994E-05 9.994E-05 9.994E-05 9.994E-05 9.994E-05 9.994E-05 0.9993 9.994E-05
9.994E-05 9.994E-05 9.994E-05 9.994E-05 9.994E-05 9.994E-05 0.9993 9.994E-05
9.994E-05 9.994E-05 9.994E-05 9.994E-05 9.994E-05 9.994E-05 0.9993 9.994E-05
9.994E-05 9.994E-05 9.994E-05 9.994E-05 9.994E-05 9.994E-05 0.9993 9.994E-05
0.0202033 0.257181 0.0487493 0.0342399 0.243488 9.998E-05 0.395938 9.998E-05
9.9946E-05 9.9946E-05 9.9946E-05 9.9946E-05 9.9946E-05 0.00600587 0.993394 9.9946E-05
0.0960837 9.99549E-05 9.99549E-05 0.010879 9.99549E-05 0.892538 9.99549E-05 9.99549E-05
9.997E-05 0.665451 9.997E-05 9.997E-05 0.0428915 0.104371 0.155761 0.031226
9.994E-05 9.994E-05 9.994E-05 9.994E-05 0.9993 9.994E-05 9.994E-05 9.994E-05
0.882931 9.9964E-05 9.9964E-05 9.9964E-05 9.9964E-05 0.0784133 0.0112174 0.0270385
0.331236 0.0822221 9.9973E-05 0.343169 0.0435333 0.199539 9.9973E-05 9.9973E-05
0.9993 9.994E-05 9.994E-05 9.994E-05 9.994E-05 9.994E-05 9.994E-05 9.994E-05
0.860379 9.99549E-05 9.99549E-05 0.131367 9.99549E-05 0.00775381 9.99549E-05 9.99549E-05
0.845242 9.99549E-05 9.99549E-05 0.0835889 9.99549E-05 9.99549E-05 9.99549E-05 0.0706698
9.99461E-05 9.99461E-05 0.902943 9.99461E-05 9.99461E-05 0.0964572 9.99461E-05 9.99461E-05
9.99462E-05 9.99462E-05 9.99462E-05 9.99462E-05 0.994318 9.99462E-05 9.99462E-05 0.00508209
0.177803 9.999E-05 0.0752565 0.192763 0.316018 0.0986742 0.0773046 0.0620805
9.99462E-05 0.0377587 9.99462E-05 9.99462E-05 0.961642 9.99462E-05 9.99462E-05 9.99462E-05
9.9955E-05 9.9955E-05 9.9955E-05 9.9955E-05 0.936617 0.0497465 0.0131369 9.9955E-05
0.00448036 0.0733694 9.996E-05 9.996E-05 0.903442 9.996E-05 0.0183087 9.996E-05
9.9964E-05 0.0594409 0.000553417 9.9964E-05 0.924474 9.9964E-05 0.0151315 9.9964E-05
9.997E-05 0.0154632 9.997E-05 0.0473538 0.912665 0.00550001 9.997E-05 0.0187179
9.99459E-05 9.99459E-05 9.99459E-05 9.99459E-05 0.998528 9.99459E-05 9.99459E-05 0.000872448
9.995E-05 0.320919 9.995E-05 9.995E-05 0.49137 9.995E-05 0.187211 9.995E-05
0.0373269 0.455268 9.99642E-05 9.99642E-05 0.450429 9.99642E-05 0.0565759 9.99642E-05
9.99551E-05 9.99551E-05 9.99551E-05 9.99551E-05 0.963595 0.0206219 0.0152837 9.99551E-05
0.0815848 0.186305 9.998E-05 0.528473 0.0598599 0.117493 9.998E-05 0.026084
0.127558 0.207627 9.999E-05 0.496167 0.0360229 0.0932454 0.00495279 0.0343264
9.994E-05 9.994E-05 9.994E-05 9.994E-05 9.994E-05 9.994E-05 9.994E-05 0.9993
9.994E-05 9.994E-05 9.994E-05 9.994E-05 9.994E-05 9.994E-05 9.994E-05 0.9993
9.9955E-05 0.0494355 9.9955E-05 0.939743 0.0103212 9.9955E-05 9.9955E-05 9.9955E-05
0.0403583 0.0465898 9.9964E-05 0.896271 9.9964E-05 0.0163814 9.9964E-05 9.9964E-05
9.9946E-05 0.016588 9.9946E-05 9.9946E-05 9.9946E-05 9.9946E-05 9.9946E-05 0.982812
9.994E-05 9.994E-05 9.994E-05 9.994E-05 9.994E-05 9.994E-05 9.994E-05 0.9993
0.0413986 9.99459E-05 9.99459E-05 9.99459E-05 9.99459E-05 0.958002 9.99459E-05 9.99459E-05
0.235798 0.125415 0.0379981 0.495896 9.997E-05 0.104593 9.997E-05 9.997E-05
9.99639E-05 0.726436 9.99639E-05 9.99639E-05 0.0149819 0.0873273 0.170855 9.99639E-05
0.324111 9.99731E-05 0.113431 0.255765 0.0516369 9.99731E-05 9.99731E-05 0.254756
0.412924 9.99731E-05 0.0768871 0.032748 9.99731E-05 0.140717 9.99731E-05 0.336423
9.99731E-05 0.213051 0.0310652 9.99731E-05 0.567148 9.99731E-05 0.146412 0.0420244
