0.0380578 9.9973E-05 9.9973E-05 0.961642 9.9973E-05
0.043562 9.9991E-05 0.322985 0.362204 0.271148
0.0848339 0.0260171 0.0751709 9.99911E-05 0.813878
0.0232995 9.9973E-05 9.9973E-05 9.9973E-05 0.976401
9.99821E-05 9.99821E-05 0.315409 0.227613 0.456779
9.997E-05 9.997E-05 9.997E-05 9.997E-05 0.9996
9.99821E-05 9.99821E-05 0.313565 0.600602 0.0856325
0.0653974 9.9991E-05 0.465981 0.0446425 0.423879
9.99821E-05 9.99821E-05 0.387592 0.566641 0.0455665
0.127403 9.9982E-05 0.154132 0.718265 9.9982E-05
0.160774 9.9982E-05 0.111291 0.727735 9.9982E-05
0.159539 9.9982E-05 9.9982E-05 0.76587 0.0743906
9.99821E-05 0.00539134 9.99821E-05 0.930947 0.0634617
0.00509251 0.0249079 9.9982E-05 9.9982E-05 0.9698
0.00687081 0.0288206 9.9982E-05 9.9982E-05 0.964109
0.00986512 9.9991E-05 0.057866 0.90823 0.0239389
0.433672 0.0745824 9.9982E-05 0.491546 9.9982E-05
9.9982E-05 0.72968 0.0517555 0.218365 9.9982E-05
0.0994451 0.900255 9.9973E-05 9.9973E-05 9.9973E-05
0.156188 9.9982E-05 0.0242928 0.81932 9.9982E-05
9.9973E-05 0.993362 9.9973E-05 9.9973E-05 0.00633787
0.0490827 9.9982E-05 9.9982E-05 0.933689 0.0170286
0.43899 0.394289 0.0639628 0.102658 9.9991E-05
0.0924603 0.90724 9.9973E-05 9.9973E-05 9.9973E-05
9.997E-05 9.997E-05 9.997E-05 9.997E-05 0.9996
9.997E-05 9.997E-05 9.997E-05 9.997E-05 0.9996
0.0711404 9.9973E-05 9.9973E-05 0.92856 9.9973E-05
9.9973E-05 9.9973E-05 0.0704291 9.9973E-05 0.929271
9.9973E-05 9.9973E-05 0.063423 9.9973E-05 0.936277
0.018073 0.0186373 0.261765 9.9991E-05 0.701424
0.0512733 9.9982E-05 0.331967 9.9982E-05 0.61656
9.99821E-05 9.99821E-05 0.65254 0.288331 0.0589294
0.0157082 9.99731E-05 9.99731E-05 9.99731E-05 0.983992
9.99731E-05 9.99731E-05 0.895467 9.99731E-05 0.104234
0.230067 9.9982E-05 9.9982E-05 0.71495 0.0547831
0.0156516 9.9982E-05 9.9982E-05 0.0145601 0.969588
0.0345477 9.99821E-05 9.99821E-05 0.872684 0.092568
0.0382071 0.029592 0.23547 0.683585 0.0131455
0.452862 0.0631487 9.9991E-05 0.367557 0.116333
0.0840796 9.99819E-05 9.99819E-05 0.781642 0.134078
0.0904141 0.00903723 0.00709724 0.800766 0.0926851
0.122788 0.0104747 0.0215668 0.84507 9.9991E-05
9.9973E-05 9.9973E-05 0.0735166 0.926183 9.9973E-05
0.138821 9.9982E-05 0.0723809 0.788598 9.9982E-05
0.17808 0.10263 0.0825522 0.636638 9.9991E-05
0.0946794 0.0446484 0.0747587 0.746207 0.0397064
0.128881 9.9991E-05 0.129853 0.676131 0.0650338
9.99911E-05 0.0596079 0.0130673 0.923631 0.00359343
9.997E-05 9.997E-05 0.9996 9.997E-05 9.997E-05
9.997E-05 9.997E-05 0.9996 9.997E-05 9.997E-05
9.997E-05 9.997E-05 0.9996 9.997E-05 9.997E-05
9.997E-05 9.997E-05 0.9996 9.997E-05 9.997E-05
9.997E-05 9.997E-05 0.9996 9.997E-05 9.997E-05
9.9991E-05 0.0263596 0.600866 0.160427 0.212248
9.997E-05 9.997E-05 0.9996 9.997E-05 9.997E-05
9.997E-05 9.997E-05 9.997E-05 0.9996 9.997E-05
9.9982E-05 9.9982E-05 0.556025 0.323396 0.120379
9.997E-05 9.997E-05 9.997E-05 9.997E-05 0.9996
0.0425041 9.99756E-05 9.99756E-05 0.957196 9.99756E-05
9.9973E-05 9.9973E-05 9.9973E-05 0.913986 0.0857145
9.99732E-05 0.00882772 9.99732E-05 0.990872 9.99732E-05
9.997E-05 9.997E-05 9.997E-05 0.9996 9.997E-05
0.091678 0.00819697 9.9982E-05 0.899925 9.9982E-05
9.9982E-05 0.901512 0.0238827 0.0744055 9.9982E-05
9.997E-05 9.997E-05 9.997E-05 9.997E-05 0.9996
0.0718046 0.0538086 0.185338 0.367309 0.321739
9.99731E-05 9.99731E-05 9.99731E-05 0.0155658 0.984134
9.9982E-05 9.9982E-05 0.0136272 0.0232874 0.962885
9.9982E-05 9.9982E-05 0.0739306 0.00450317 0.921366
9.9982E-05 0.00900146 0.0646122 9.9982E-05 0.926186
0.0131193 9.9991E-05 0.0350877 0.00333255 0.94836
0.00917104 9.9973E-05 9.9973E-05 9.9973E-05 0.990529
9.99732E-05 9.99732E-05 0.50732 9.99732E-05 0.49238
9.99911E-05 0.0215579 0.383027 0.0644986 0.530816
9.9973E-05 9.9973E-05 0.0260214 9.9973E-05 0.973679
0.0619439 9.9991E-05 0.125243 0.732662 0.0800514
0.0570673 9.9991E-05 0.148382 0.755105 0.0393452
0.9996 9.997E-05 9.997E-05 9.997E-05 9.997E-05
0.9996 9.997E-05 9.997E-05 9.997E-05 9.997E-05
0.08156 9.99819E-05 0.130185 0.788055 9.99819E-05
0.0557161 0.000189788 0.108691 0.835303 9.9991E-05
0.987045 9.9973E-05 0.0126553 9.9973E-05 9.9973E-05
0.9996 9.997E-05 9.997E-05 9.997E-05 9.997E-05
9.9973E-05 9.9973E-05 0.037415 0.962285 9.9973E-05
9.9991E-05 0.0615279 0.0101552 0.870802 0.0574148
9.9982E-05 9.9982E-05 0.628332 0.29752 0.0739479
0.309791 0.121833 9.9991E-05 0.511534 0.0567418
0.329526 0.0489017 9.99821E-05 0.621372 9.99821E-05
0.00532317 0.0283944 0.349732 9.9991E-05 0.616451
