0.00593807 0.070585 9.99459E-05 9.99459E-05 0.922877 9.99459E-05 9.99459E-05 9.99459E-05 9.99459E-05
0.0469032 0.0120656 0.255452 9.99729E-05 0.154937 0.0200718 9.99729E-05 0.510271 9.99729E-05
0.0507046 9.99732E-05 0.764353 0.0357655 9.99732E-05 9.99732E-05 0.0177907 0.0996841 0.0314019
0.0509323 9.9946E-05 0.945951 9.9946E-05 9.9946E-05 0.00251661 9.9946E-05 9.9946E-05 9.9946E-05
9.996E-05 0.194884 0.390781 9.996E-05 0.00105093 9.996E-05 0.0716142 0.34127 9.996E-05
9.9946E-05 0.0189845 0.958147 9.9946E-05 0.0222683 9.9946E-05 9.9946E-05 9.9946E-05 9.9946E-05
9.99369E-05 9.99369E-05 9.99369E-05 0.156009 9.99369E-05 9.99369E-05 9.99369E-05 0.843291 9.99369E-05
9.9955E-05 0.0565632 0.421017 9.9955E-05 9.9955E-05 9.9955E-05 0.192332 0.329587 9.9955E-05
9.99459E-05 9.99459E-05 9.99459E-05 0.0968501 9.99459E-05 0.0423649 9.99459E-05 0.860185 9.99459E-05
9.993E-05 0.923765 9.993E-05 9.993E-05 9.993E-05 9.993E-05 9.993E-05 0.0755356 9.993E-05
9.99371E-05 0.949075 9.99371E-05 9.99371E-05 9.99371E-05 9.99371E-05 9.99371E-05 0.0502255 9.99371E-05
0.133687 9.9955E-05 0.000233013 0.159505 0.706076 9.9955E-05 9.9955E-05 9.9955E-05 9.9955E-05
9.99461E-05 9.99461E-05 0.00877901 0.990196 9.99461E-05 9.99461E-05 9.99461E-05 0.000425734 9.99461E-05
0.0107559 9.9964E-05 0.939404 0.00749719 0.0202232 9.9964E-05 9.9964E-05 9.9964E-05 0.0217202
9.9937E-05 9.9937E-05 0.946189 9.9937E-05 0.0531114 9.9937E-05 9.9937E-05 9.9937E-05 9.9937E-05
9.9946E-05 0.0058057 9.9946E-05 0.193315 9.9946E-05 0.800279 9.9946E-05 9.9946E-05 9.9946E-05
0.329913 0.316285 9.9964E-05 0.160584 9.9964E-05 0.114566 9.9964E-05 9.9964E-05 0.0782529
9.997E-05 0.0730782 9.997E-05 9.997E-05 0.0101622 0.073045 0.0683894 0.0385008 0.736525
0.0747012 9.9937E-05 9.9937E-05 9.9937E-05 9.9937E-05 9.9937E-05 9.9937E-05 9.9937E-05 0.924599
0.0791653 0.517254 9.9964E-05 0.000882308 0.0899235 0.312375 9.9964E-05 9.9964E-05 9.9964E-05
9.993E-05 9.993E-05 9.993E-05 9.993E-05 9.993E-05 9.993E-05 9.993E-05 9.993E-05 0.999201
0.0284908 0.0698374 9.99639E-05 0.0622225 0.469047 0.370002 9.99639E-05 9.99639E-05 9.99639E-05
0.277396 0.27909 0.0259511 9.99556E-05 9.99556E-05 9.99556E-05 9.99556E-05 9.99556E-05 0.417063
0.0778798 0.0402968 9.99459E-05 9.99459E-05 9.99459E-05 9.99459E-05 9.99459E-05 9.99459E-05 0.881224
9.993E-05 9.993E-05 0.999201 9.993E-05 9.993E-05 9.993E-05 9.993E-05 9.993E-05 9.993E-05
9.993E-05 9.993E-05 0.999201 9.993E-05 9.993E-05 9.993E-05 9.993E-05 9.993E-05 9.993E-05
0.0246357 0.135711 9.99639E-05 0.780705 0.0570712 0.00147733 9.99639E-05 9.99639E-05 9.99639E-05
9.9946E-05 9.9946E-05 0.92734 9.9946E-05 9.9946E-05 9.9946E-05 0.0712615 0.000798668 9.9946E-05
9.9946E-05 9.9946E-05 0.893423 9.9946E-05 9.9946E-05 0.0319484 0.0740291 9.9946E-05 9.9946E-05
0.0325056 9.99641E-05 0.696512 0.0254832 9.99641E-05 9.99641E-05 0.207105 9.99641E-05 0.0379939
0.0261894 0.0141347 0.629906 9.9964E-05 9.9964E-05 9.9964E-05 0.221757 0.107612 9.9964E-05
0.0153591 9.9964E-05 0.0362234 9.9964E-05 0.0994784 9.9964E-05 0.178643 0.669896 9.9964E-05
9.99371E-05 9.99371E-05 0.97098 9.99371E-05 9.99371E-05 0.0283203 9.99371E-05 9.99371E-05 9.99371E-05
0.0155379 9.99551E-05 0.0688253 9.99551E-05 9.99551E-05 9.99551E-05 0.820373 0.0947645 9.99551E-05
0.180601 0.100567 0.06148 0.555592 0.0757975 9.99729E-05 0.0256621 9.99729E-05 9.99729E-05
9.99459E-05 9.99459E-05 0.92528 9.99459E-05 9.99459E-05 0.0650123 9.99459E-05 0.00910837 9.99459E-05
9.993E-05 9.993E-05 9.993E-05 9.993E-05 0.999201 9.993E-05 9.993E-05 9.993E-05 9.993E-05
9.995E-05 0.674046 0.0690992 9.995E-05 0.10334 9.995E-05 9.995E-05 0.153015 9.995E-05
0.38367 0.149073 0.150317 0.159595 0.0192139 0.0790329 9.9982E-05 9.9982E-05 0.0588985
0.00739021 0.307007 0.105913 9.99639E-05 0.251048 0.328242 9.99639E-05 9.99639E-05 9.99639E-05
0.0321596 0.299767 0.0478965 9.997E-05 0.270474 0.343735 9.997E-05 9.997E-05 0.00566856
9.99549E-05 0.910324 9.99549E-05 0.0122478 0.0660169 0.010912 9.99549E-05 9.99549E-05 9.99549E-05
9.9955E-05 9.9955E-05 9.9955E-05 0.0526632 9.9955E-05 0.919293 9.9955E-05 0.0208556 0.00668864
0.00311257 0.929914 9.9973E-05 0.0466818 0.00198773 0.0118333 0.00617114 9.9973E-05 9.9973E-05
0.0960754 0.488867 9.9982E-05 0.159864 0.0420985 0.0823349 0.0167998 9.9982E-05 0.11376
0.00917404 0.534731 0.0766485 0.000555041 0.182505 0.15457 9.9982E-05 9.9982E-05 0.0416154
0.0941706 0.329961 0.103659 0.227582 0.214444 9.9973E-05 0.0298846 9.9973E-05 9.9973E-05
9.993E-05 9.993E-05 9.993E-05 9.993E-05 0.999201 9.993E-05 9.993E-05 9.993E-05 9.993E-05
9.993E-05 9.993E-05 9.993E-05 9.993E-05 9.993E-05 9.993E-05 0.999201 9.993E-05 9.993E-05
9.993E-05 9.993E-05 9.993E-05 9.993E-05 9.993E-05 9.993E-05 0.999201 9.993E-05 9.993E-05
9.9937E-05 9.9937E-05 9.9937E-05 9.9937E-05 9.9937E-05 0.0268113 0.972489 9.9937E-05 9.9937E-05
9.993E-05 9.993E-05 9.993E-05 9.993E-05 9.993E-05 9.993E-05 0.999201 9.993E-05 9.993E-05
9.993E-05 9.993E-05 9.993E-05 9.993E-05 9.993E-05 9.993E-05 0.999201 9.993E-05 9.993E-05
0.00448881 0.0073766 0.19767 9.99821E-05 9.99821E-05 0.0853594 0.515623 0.140176 0.0491061
9.9955E-05 9.9955E-05 9.9955E-05 9.9955E-05 0.0162174 0.0063296 0.94052 0.0364335 9.9955E-05
9.99459E-05 9.99459E-05 9.99459E-05 0.0191383 0.786604 0.193658 9.99459E-05 9.99459E-05 9.99459E-05
0.0157818 9.99638E-05 0.0482067 9.99638E-05 0.0963603 9.99638E-05 0.146742 0.692509 9.99638E-05
9.99369E-05 9.99369E-05 0.995226 9.99369E-05 0.0040749 9.99369E-05 9.99369E-05 9.99369E-05 9.99369E-05
0.027104 9.9964E-05 9.9964E-05 0.761943 0.0448461 0.153241 0.0124658 9.9964E-05 9.9964E-05
9.99372E-05 9.99372E-05 9.99372E-05 0.0747478 9.99372E-05 0.924553 9.99372E-05 9.99372E-05 9.99372E-05
9.99371E-05 9.99371E-05 9.99371E-05 0.952738 9.99371E-05 9.99371E-05 9.99371E-05 0.0465625 9.99371E-05
9.99369E-05 0.136889 9.99369E-05 0.862412 9.99369E-05 9.99369E-05 9.99369E-05 9.99369E-05 9.99369E-05
0.0572601 0.120439 9.99459E-05 0.821701 9.99459E-05 9.99459E-05 9.99459E-05 9.99459E-05 9.99459E-05
9.99461E-05 9.99461E-05 9.99461E-05 9.99461E-05 0.0831699 9.99461E-05 0.00451405 9.99461E-05 0.911716
0.00161137 0.00272786 0.995061 9.99462E-05 9.99462E-05 9.99462E-05 9.99462E-05 9.99462E-05 9.99462E-05
0.0771218 0.20018 0.216257 0.0392506 0.0764317 9.9991E-05 0.191846 0.150688 0.0481241
9.99462E-05 9.99462E-05 0.949978 9.99462E-05 9.99462E-05 0.0451068 0.004316 9.99462E-05 9.99462E-05
9.9937E-05 9.9937E-05 0.968707 9.9937E-05 0.030593 9.9937E-05 9.9937E-05 9.9937E-05 9.9937E-05
9.9946E-05 9.9946E-05 0.882171 9.9946E-05 9.9946E-05 0.0648046 0.0524249 9.9946E-05 9.9946E-05
9.9946E-05 9.9946E-05 0.922059 9.9946E-05 9.9946E-05 0.0672377 9.9946E-05 9.9946E-05 0.0101035
9.99551E-05 0.0261908 0.895209 9.99551E-05 0.0386329 9.99551E-05 9.99551E-05 0.0394679 9.99551E-05
0.00572369 9.99369E-05 0.993577 9.99369E-05 9.99369E-05 9.99369E-05 9.99369E-05 9.99369E-05 9.99369E-05
9.99462E-05 9.99462E-05 0.449029 9.99462E-05 9.99462E-05 9.99462E-05 0.232029 0.318342 9.99462E-05
9.99552E-05 9.99552E-05 0.386467 0.0527876 9.99552E-05 9.99552E-05 0.0706809 0.489564 9.99552E-05
9.995E-05 0.0211145 0.914359 9.995E-05 9.995E-05 0.0112823 0.052744 9.995E-05 9.995E-05
0.0142666 9.99546E-05 9.99546E-05 9.99546E-05 9.99546E-05 0.96895 9.99546E-05 0.0161834 9.99546E-05
9.9937E-05 9.9937E-05 9.9937E-05 9.9937E-05 9.9937E-05 0.981096 0.0182048 9.9937E-05 9.9937E-05
0.999201 9.993E-05 9.993E-05 9.993E-05 9.993E-05 9.993E-05 9.993E-05 9.993E-05 9.993E-05
0.999201 9.993E-05 9.993E-05 9.993E-05 9.993E-05 9.993E-05 9.993E-05 9.993E-05 9.993E-05
9.99549E-05 0.781082 9.99549E-05 9.99549E-05 0.0290306 0.170499 9.99549E-05 0.0188885 9.99549E-05
9.99639E-05 0.718817 9.99639E-05 0.0161067 0.0477883 0.192015 9.99639E-05 0.0248726 9.99639E-05
0.984129 9.9946E-05 9.9946E-05 9.9946E-05 9.9946E-05 0.00938583 0.00588596 9.9946E-05 9.9946E-05
0.999201 9.993E-05 9.993E-05 9.993E-05 9.993E-05 9.993E-05 9.993E-05 9.993E-05 9.993E-05
9.99459E-05 9.99459E-05 9.99459E-05 0.0290784 0.960615 9.99459E-05 0.00970645 9.99459E-05 9.99459E-05
9.9973E-05 0.170214 9.9973E-05 0.163521 0.014716 0.517918 9.9973E-05 0.0747843 0.0585466
0.00440245 9.99639E-05 0.00341066 9.99639E-05 0.0945266 9.99639E-05 0.189081 0.70818 9.99639E-05
0.192339 0.2725 0.0552575 0.393047 9.99642E-05 9.99642E-05 9.99642E-05 9.99642E-05 0.0864564
0.271598 9.99551E-05 9.99551E-05 0.469899 0.184043 9.99551E-05 9.99551E-05 9.99551E-05 0.0739599
0.00284647 9.99642E-05 0.599553 9.99642E-05 9.99642E-05 9.99642E-05 0.243969 0.130952 0.0222801
