0.962391 9.98469E-05 9.98469E-05 9.98469E-05 9.98469E-05 9.98469E-05 9.98469E-05 9.98469E-05 9.98469E-05 9.98469E-05 9.98469E-05 9.98469E-05 9.98469E-05 9.98469E-05 9.98469E-05 9.98469E-05 9.98469E-05 9.98469E-05 0.035912
0.0554187 9.98829E-05 0.0913282 0.712098 9.98829E-05 9.98829E-05 9.98829E-05 9.98829E-05 9.98829E-05 9.98829E-05 9.98829E-05 9.98829E-05 9.98829E-05 0.0335724 9.98829E-05 9.98829E-05 9.98829E-05 0.101979 0.00430478
9.98382E-05 9.98382E-05 9.98382E-05 9.98382E-05 9.98382E-05 9.98382E-05 9.98382E-05 0.998203 9.98382E-05 9.98382E-05 9.98382E-05 9.98382E-05 9.98382E-05 9.98382E-05 9.98382E-05 9.98382E-05 9.98382E-05 9.98382E-05 9.98382E-05
9.98652E-05 9.98652E-05 9.98652E-05 9.98652E-05 9.98652E-05 0.0183557 9.98652E-05 9.98652E-05 0.0281376 9.98652E-05 9.98652E-05 0.0267375 9.98652E-05 9.98652E-05 9.98652E-05 9.98652E-05 9.98652E-05 0.925271 9.98652E-05
9.98381E-05 9.98381E-05 9.98381E-05 9.98381E-05 9.98381E-05 9.98381E-05 9.98381E-05 9.98381E-05 9.98381E-05 9.98381E-05 9.98381E-05 9.98381E-05 9.98381E-05 0.998203 9.98381E-05 9.98381E-05 9.98381E-05 9.98381E-05 9.98381E-05
9.98741E-05 9.98741E-05 9.98741E-05 9.98741E-05 9.98741E-05 9.98741E-05 9.98741E-05 9.98741E-05 0.0354948 0.0263517 9.98741E-05 9.98741E-05 9.98741E-05 0.00587347 9.98741E-05 0.00612016 9.98741E-05 0.924762 9.98741E-05
9.98383E-05 0.998203 9.98383E-05 9.98383E-05 9.98383E-05 9.98383E-05 9.98383E-05 9.98383E-05 9.98383E-05 9.98383E-05 9.98383E-05 9.98383E-05 9.98383E-05 9.98383E-05 9.98383E-05 9.98383E-05 9.98383E-05 9.98383E-05 9.98383E-05
9.99009E-05 9.99009E-05 9.99009E-05 0.0864326 9.99009E-05 0.00381091 9.99009E-05 9.99009E-05 0.208839 9.99009E-05 0.485271 0.020992 9.99009E-05 0.0789951 9.99009E-05 9.99009E-05 0.0776289 9.99009E-05 0.0369313
9.98561E-05 0.939421 9.98561E-05 0.0464873 9.98561E-05 9.98561E-05 9.98561E-05 9.98561E-05 9.98561E-05 9.98561E-05 9.98561E-05 9.98561E-05 9.98561E-05 9.98561E-05 9.98561E-05 9.98561E-05 0.0124942 9.98561E-05 9.98561E-05
9.98561E-05 0.0987549 9.98561E-05 9.98561E-05 9.98561E-05 9.98561E-05 9.98561E-05 9.98561E-05 9.98561E-05 9.98561E-05 9.98561E-05 9.98561E-05 9.98561E-05 0.0545395 9.98561E-05 9.98561E-05 9.98561E-05 9.98561E-05 0.845108
9.98561E-05 0.109991 9.98561E-05 9.98561E-05 9.98561E-05 9.98561E-05 9.98561E-05 9.98561E-05 9.98561E-05 9.98561E-05 9.98561E-05 9.98561E-05 9.98561E-05 0.0514868 9.98561E-05 9.98561E-05 9.98561E-05 9.98561E-05 0.836924
0.756286 0.0130351 9.98832E-05 9.98832E-05 9.98832E-05 0.0419582 9.98832E-05 0.0200923 9.98832E-05 9.98832E-05 9.98832E-05 0.0849625 9.98832E-05 9.98832E-05 0.082367 9.98832E-05 9.98832E-05 9.98832E-05 9.98832E-05
9.98654E-05 0.00722928 9.98654E-05 9.98654E-05 9.98654E-05 0.0218328 9.98654E-05 9.98654E-05 9.98654E-05 9.98654E-05 0.0234798 9.98654E-05 9.98654E-05 9.98654E-05 0.94596 9.98654E-05 9.98654E-05 9.98654E-05 9.98654E-05
9.98742E-05 9.98742E-05 0.0362966 0.0140454 9.98742E-05 9.98742E-05 9.98742E-05 0.00487143 9.98742E-05 0.0467245 9.98742E-05 9.98742E-05 9.98742E-05 9.98742E-05 9.98742E-05 9.98742E-05 9.98742E-05 0.896664 9.98742E-05
0.0203455 9.98743E-05 9.98743E-05 9.98743E-05 9.98743E-05 0.0254547 9.98743E-05 9.98743E-05 9.98743E-05 9.98743E-05 9.98743E-05 9.98743E-05 9.98743E-05 0.0532259 9.98743E-05 9.98743E-05 9.98743E-05 0.894017 0.00555838
9.9856E-05 9.9856E-05 9.9856E-05 9.9856E-05 0.74473 9.9856E-05 9.9856E-05 9.9856E-05 9.9856E-05 0.100877 9.9856E-05 9.9856E-05 9.9856E-05 9.9856E-05 0.152795 9.9856E-05 9.9856E-05 9.9856E-05 9.9856E-05
9.9856E-05 9.9856E-05 0.911488 9.9856E-05 9.9856E-05 9.9856E-05 9.9856E-05 9.9856E-05 9.9856E-05 9.9856E-05 9.9856E-05 9.9856E-05 9.9856E-05 9.9856E-05 0.0140514 9.9856E-05 9.9856E-05 9.9856E-05 0.0728628
9.98918E-05 9.98918E-05 0.0127704 9.98918E-05 0.0419894 9.98918E-05 0.720088 9.98918E-05 9.98918E-05 9.98918E-05 9.98918E-05 9.98918E-05 0.0516448 0.025584 9.98918E-05 9.98918E-05 0.0386729 9.98918E-05 0.108052
9.98652E-05 9.98652E-05 9.98652E-05 9.98652E-05 9.98652E-05 9.98652E-05 0.799591 9.98652E-05 9.98652E-05 0.0076218 9.98652E-05 0.0453959 9.98652E-05 9.98652E-05 9.98652E-05 0.145893 9.98652E-05 9.98652E-05 9.98652E-05
0.0641724 9.99009E-05 0.0284995 9.99009E-05 0.289222 0.0185 9.99009E-05 9.99009E-05 9.99009E-05 0.135177 9.99009E-05 0.019752 0.00371969 9.99009E-05 9.99009E-05 9.99009E-05 9.99009E-05 9.99009E-05 0.439858
9.98382E-05 9.98382E-05 9.98382E-05 9.98382E-05 9.98382E-05 9.98382E-05 0.998203 9.98382E-05 9.98382E-05 9.98382E-05 9.98382E-05 9.98382E-05 9.98382E-05 9.98382E-05 9.98382E-05 9.98382E-05 9.98382E-05 9.98382E-05 9.98382E-05
0.527069 9.9892E-05 0.0135841 9.9892E-05 0.282098 9.9892E-05 9.9892E-05 9.9892E-05 9.9892E-05 0.0462181 9.9892E-05 9.9892E-05 0.0200624 9.9892E-05 9.9892E-05 0.0155713 9.9892E-05 9.9892E-05 0.0941983
9.98741E-05 9.98741E-05 0.18072 9.98741E-05 9.98741E-05 9.98741E-05 0.443722 9.98741E-05 9.98741E-05 9.98741E-05 9.98741E-05 0.164221 9.98741E-05 0.0384281 9.98741E-05 9.98741E-05 9.98741E-05 9.98741E-05 0.171511
9.9865E-05 9.9865E-05 9.9865E-05 9.9865E-05 9.9865E-05 9.9865E-05 0.878609 9.9865E-05 9.9865E-05 0.0634572 9.9865E-05 9.9865E-05 9.9865E-05 9.9865E-05 9.9865E-05 0.0128169 9.9865E-05 9.9865E-05 0.0436194
9.98744E-05 9.98744E-05 9.98744E-05 0.012306 9.98744E-05 0.00120307 9.98744E-05 0.02172 9.98744E-05 9.98744E-05 0.043524 9.98744E-05 9.98744E-05 9.98744E-05 9.98744E-05 9.98744E-05 9.98744E-05 0.919849 9.98744E-05
9.98475E-05 9.98475E-05 9.98475E-05 0.00683142 9.98475E-05 9.98475E-05 9.98475E-05 9.98475E-05 9.98475E-05 9.98475E-05 9.98475E-05 9.98475E-05 9.98475E-05 9.98475E-05 9.98475E-05 9.98475E-05 9.98475E-05 0.991471 9.98475E-05
9.98828E-05 9.98828E-05 0.0543588 9.98828E-05 9.98828E-05 9.98828E-05 9.98828E-05 9.98828E-05 0.0103845 9.98828E-05 9.98828E-05 0.0312151 0.0557743 9.98828E-05 0.787921 9.98828E-05 9.98828E-05 9.98828E-05 0.0590479
9.98831E-05 0.0227268 9.98831E-05 0.00169657 9.98831E-05 9.98831E-05 9.98831E-05 9.98831E-05 0.0765405 9.98831E-05 9.98831E-05 9.98831E-05 9.98831E-05 9.98831E-05 0.00352956 9.98831E-05 0.0521666 0.842041 9.98831E-05
9.98742E-05 0.029786 9.98742E-05 9.98742E-05 0.0222088 9.98742E-05 9.98742E-05 9.98742E-05 9.98742E-05 9.98742E-05 9.98742E-05 9.98742E-05 9.98742E-05 9.98742E-05 0.00577379 9.98742E-05 0.0578771 0.882956 9.98742E-05
0.0165204 9.98832E-05 9.98832E-05 9.98832E-05 9.98832E-05 9.98832E-05 9.98832E-05 0.0297807 0.524514 9.98832E-05 9.98832E-05 9.98832E-05 9.98832E-05 9.98832E-05 9.98832E-05 0.0261714 0.079002 0.322713 9.98832E-05
9.98828E-05 9.98828E-05 0.0037641 9.98828E-05 9.98828E-05 9.98828E-05 9.98828E-05 9.98828E-05 0.938824 0.00964005 0.016187 9.98828E-05 9.98828E-05 0.00906815 9.98828E-05 9.98828E-05 9.98828E-05 0.0212179 9.98828E-05
9.98386E-05 9.98386E-05 9.98386E-05 0.998203 9.98386E-05 9.98386E-05 9.98386E-05 9.98386E-05 9.98386E-05 9.98386E-05 9.98386E-05 9.98386E-05 9.98386E-05 9.98386E-05 9.98386E-05 9.98386E-05 9.98386E-05 9.98386E-05 9.98386E-05
9.98654E-05 9.98654E-05 0.0255442 9.98654E-05 9.98654E-05 9.98654E-05 9.98654E-05 9.98654E-05 9.98654E-05 9.98654E-05 0.150194 9.98654E-05 9.98654E-05 0.00666359 9.98654E-05 9.98654E-05 9.98654E-05 0.8161 9.98654E-05
9.98743E-05 9.98743E-05 9.98743E-05 0.00461045 9.98743E-05 0.0236323 9.98743E-05 9.98743E-05 0.0406252 9.98743E-05 0.207268 9.98743E-05 9.98743E-05 9.98743E-05 9.98743E-05 9.98743E-05 0.722465 9.98743E-05 9.98743E-05
0.0417387 9.99007E-05 0.221514 9.99007E-05 9.99007E-05 0.0116155 9.99007E-05 9.99007E-05 0.0539897 0.0356266 9.99007E-05 0.107469 9.99007E-05 0.0317238 0.495224 9.99007E-05 9.99007E-05 9.99007E-05 9.99007E-05
0.0219109 0.0228752 9.99009E-05 9.99009E-05 9.99009E-05 0.0192454 9.99009E-05 9.99009E-05 9.99009E-05 0.00424945 0.0670199 9.99009E-05 9.99009E-05 0.0101967 0.00939567 9.99009E-05 9.99009E-05 0.844008 9.99009E-05
0.987135 9.98474E-05 9.98474E-05 9.98474E-05 9.98474E-05 9.98474E-05 9.98474E-05 9.98474E-05 9.98474E-05 9.98474E-05 0.0111671 9.98474E-05 9.98474E-05 9.98474E-05 9.98474E-05 9.98474E-05 9.98474E-05 9.98474E-05 9.98474E-05
0.0742718 9.98919E-05 0.0556179 0.17423 9.98919E-05 9.98919E-05 9.98919E-05 9.98919E-05 9.98919E-05 9.98919E-05 0.0593777 9.98919E-05 0.00786994 9.98919E-05 9.98919E-05 0.00819199 9.98919E-05 9.98919E-05 0.619242
9.98471E-05 9.98471E-05 0.993941 9.98471E-05 9.98471E-05 9.98471E-05 9.98471E-05 9.98471E-05 9.98471E-05 9.98471E-05 0.00436118 9.98471E-05 9.98471E-05 9.98471E-05 9.98471E-05 9.98471E-05 9.98471E-05 9.98471E-05 9.98471E-05
0.177309 9.99007E-05 0.144182 9.99007E-05 0.246956 9.99007E-05 9.99007E-05 9.99007E-05 9.99007E-05 9.99007E-05 9.99007E-05 9.99007E-05 0.0433402 0.0494089 9.99007E-05 0.0192675 9.99007E-05 0.0549875 0.263449
0.190099 9.99188E-05 0.100938 0.000550143 0.21244 9.99188E-05 9.99188E-05 9.99188E-05 9.99188E-05 9.99188E-05 9.99188E-05 0.0073045 0.0683739 0.0387208 9.99188E-05 0.0230933 9.99188E-05 0.0467755 0.310806
0.0168336 9.9883E-05 0.0227936 9.9883E-05 9.9883E-05 9.9883E-05 9.9883E-05 9.9883E-05 9.9883E-05 0.00314725 9.9883E-05 9.9883E-05 0.0129963 9.9883E-05 0.00435117 9.9883E-05 9.9883E-05 9.9883E-05 0.93858
9.98741E-05 0.0661177 9.98741E-05 9.98741E-05 0.827829 9.98741E-05 9.98741E-05 9.98741E-05 9.98741E-05 9.98741E-05 9.98741E-05 9.98741E-05 9.98741E-05 9.98741E-05 0.0794926 0.00927219 9.98741E-05 9.98741E-05 0.0158898
0.0122806 9.98801E-05 0.0159333 9.98801E-05 9.98801E-05 9.98801E-05 9.98801E-05 0.00566457 9.98801E-05 0.0922599 9.98801E-05 9.98801E-05 9.98801E-05 9.98801E-05 0.00582401 9.98801E-05 0.00829225 9.98801E-05 0.858547
0.00666939 9.99099E-05 9.99099E-05 0.0624799 0.0365694 9.99099E-05 0.103996 9.99099E-05 9.99099E-05 0.22852 9.99099E-05 0.0342158 0.0242593 9.99099E-05 0.0822773 9.99099E-05 9.99099E-05 9.99099E-05 0.420014
0.02813 9.99189E-05 9.99189E-05 9.99189E-05 0.22009 9.99189E-05 9.99189E-05 0.00463213 0.000767139 0.161662 0.0149817 9.99189E-05 0.0260112 0.0870225 9.99189E-05 0.0445422 9.99189E-05 9.99189E-05 0.411263
0.0815055 9.99189E-05 0.106347 9.99189E-05 9.99189E-05 0.0427952 9.99189E-05 0.0179903 0.111186 0.292498 9.99189E-05 9.99189E-05 0.074025 9.99189E-05 0.0909907 9.99189E-05 0.00315091 9.99189E-05 0.178612
9.98382E-05 9.98382E-05 9.98382E-05 9.98382E-05 9.98382E-05 9.98382E-05 9.98382E-05 9.98382E-05 9.98382E-05 9.98382E-05 9.98382E-05 9.98382E-05 0.998203 9.98382E-05 9.98382E-05 9.98382E-05 9.98382E-05 9.98382E-05 9.98382E-05
9.98382E-05 9.98382E-05 9.98382E-05 9.98382E-05 9.98382E-05 9.98382E-05 9.98382E-05 9.98382E-05 9.98382E-05 9.98382E-05 9.98382E-05 9.98382E-05 9.98382E-05 9.98382E-05 9.98382E-05 9.98382E-05 0.998203 9.98382E-05 9.98382E-05
9.98562E-05 9.98562E-05 9.98562E-05 9.98562E-05 9.98562E-05 9.98562E-05 9.98562E-05 9.98562E-05 9.98562E-05 9.98562E-05 9.98562E-05 9.98562E-05 9.98562E-05 9.98562E-05 0.00641033 0.0019985 0.989993 9.98562E-05 9.98562E-05
9.98653E-05 9.98653E-05 9.98653E-05 9.98653E-05 9.98653E-05 0.00737924 9.98653E-05 9.98653E-05 9.98653E-05 9.98653E-05 9.98653E-05 9.98653E-05 9.98653E-05 9.98653E-05 9.98653E-05 0.00144711 0.978686 9.98653E-05 0.0109892
9.98383E-05 9.98383E-05 9.98383E-05 9.98383E-05 9.98383E-05 9.98383E-05 9.98383E-05 9.98383E-05 9.98383E-05 9.98383E-05 9.98383E-05 9.98383E-05 9.98383E-05 9.98383E-05 9.98383E-05 9.98383E-05 0.998203 9.98383E-05 9.98383E-05
9.98472E-05 9.98472E-05 9.98472E-05 9.98472E-05 9.98472E-05 9.98472E-05 9.98472E-05 9.98472E-05 0.00277388 9.98472E-05 9.98472E-05 9.98472E-05 9.98472E-05 9.98472E-05 9.98472E-05 9.98472E-05 0.995529 9.98472E-05 9.98472E-05
9.99102E-05 0.0422648 9.99102E-05 9.99102E-05 0.138879 9.99102E-05 0.0194368 9.99102E-05 0.198624 9.99102E-05 0.100357 9.99102E-05 0.00367208 0.0223939 9.99102E-05 9.99102E-05 0.410684 0.0626899 9.99102E-05
9.98562E-05 9.98562E-05 9.98562E-05 0.0828055 9.98562E-05 9.98562E-05 9.98562E-05 9.98562E-05 9.98562E-05 0.00107483 9.98562E-05 9.98562E-05 9.98562E-05 9.98562E-05 9.98562E-05 9.98562E-05 0.914522 9.98562E-05 9.98562E-05
0.861932 9.9847E-05 9.9847E-05 9.9847E-05 0.136371 9.9847E-05 9.9847E-05 9.9847E-05 9.9847E-05 9.9847E-05 9.9847E-05 9.9847E-05 9.9847E-05 9.9847E-05 9.9847E-05 9.9847E-05 9.9847E-05 9.9847E-05 9.9847E-05
9.98739E-05 0.0440321 9.98739E-05 0.891656 0.00298539 9.98739E-05 9.98739E-05 0.0274355 9.98739E-05 9.98739E-05 9.98739E-05 9.98739E-05 9.98739E-05 9.98739E-05 9.98739E-05 9.98739E-05 0.032493 9.98739E-05 9.98739E-05
9.98469E-05 9.98469E-05 9.98469E-05 9.98469E-05 9.98469E-05 9.98469E-05 9.98469E-05 9.98469E-05 9.98469E-05 9.98469E-05 9.98469E-05 9.98469E-05 9.98469E-05 0.0442504 9.98469E-05 9.98469E-05 9.98469E-05 0.954052 9.98469E-05
0.0386062 0.0210683 9.98831E-05 9.98831E-05 0.0681045 9.98831E-05 9.98831E-05 9.98831E-05 9.98831E-05 9.98831E-05 9.98831E-05 0.0201178 9.98831E-05 9.98831E-05 0.82512 9.98831E-05 0.0256851 9.98831E-05 9.98831E-05
9.98652E-05 9.98652E-05 9.98652E-05 9.98652E-05 0.829838 9.98652E-05 9.98652E-05 0.0107687 9.98652E-05 0.108559 9.98652E-05 9.98652E-05 9.98652E-05 9.98652E-05 0.0493362 9.98652E-05 9.98652E-05 9.98652E-05 9.98652E-05
9.98476E-05 9.98476E-05 9.98476E-05 9.98476E-05 9.98476E-05 9.98476E-05 9.98476E-05 9.98476E-05 9.98476E-05 9.98476E-05 0.0191326 9.98476E-05 9.98476E-05 9.98476E-05 0.97917 9.98476E-05 9.98476E-05 9.98476E-05 9.98476E-05
9.9856E-05 9.9856E-05 9.9856E-05 0.0159259 9.9856E-05 9.9856E-05 9.9856E-05 9.9856E-05 9.9856E-05 9.9856E-05 9.9856E-05 9.9856E-05 9.9856E-05 9.9856E-05 0.916312 9.9856E-05 9.9856E-05 9.9856E-05 0.0661643
9.98648E-05 9.98648E-05 9.98648E-05 9.98648E-05 9.98648E-05 9.98648E-05 9.98648E-05 9.98648E-05 9.98648E-05 0.0512341 9.98648E-05 0.044372 9.98648E-05 9.98648E-05 0.845545 9.98648E-05 9.98648E-05 9.98648E-05 0.0573508
9.98381E-05 9.98381E-05 9.98381E-05 9.98381E-05 9.98381E-05 9.98381E-05 9.98381E-05 9.98381E-05 9.98381E-05 9.98381E-05 9.98381E-05 9.98381E-05 9.98381E-05 9.98381E-05 9.98381E-05 0.998203 9.98381E-05 9.98381E-05 9.98381E-05
9.98568E-05 9.98568E-05 9.98568E-05 9.98568E-05 0.00525963 9.98568E-05 9.98568E-05 0.0356311 9.98568E-05 9.98568E-05 9.98568E-05 9.98568E-05 9.98568E-05 9.98568E-05 9.98568E-05 9.98568E-05 9.98568E-05 0.957512 9.98568E-05
9.98384E-05 9.98384E-05 9.98384E-05 9.98384E-05 9.98384E-05 0.998203 9.98384E-05 9.98384E-05 9.98384E-05 9.98384E-05 9.98384E-05 9.98384E-05 9.98384E-05 9.98384E-05 9.98384E-05 9.98384E-05 9.98384E-05 9.98384E-05 9.98384E-05
9.98565E-05 9.98565E-05 9.98565E-05 9.98565E-05 9.98565E-05 9.98565E-05 9.98565E-05 0.153597 9.98565E-05 9.98565E-05 0.0452932 9.98565E-05 9.98565E-05 9.98565E-05 9.98565E-05 9.98565E-05 9.98565E-05 0.799512 9.98565E-05
0.0105245 9.98741E-05 0.0255818 9.98741E-05 9.98741E-05 9.98741E-05 9.98741E-05 9.98741E-05 0.0392318 9.98741E-05 9.98741E-05 9.98741E-05 9.98741E-05 0.117324 9.98741E-05 9.98741E-05 9.98741E-05 0.80594 9.98741E-05
9.9874E-05 0.0395859 9.9874E-05 9.9874E-05 0.0364269 9.9874E-05 9.9874E-05 9.9874E-05 0.0497118 9.9874E-05 9.9874E-05 9.9874E-05 9.9874E-05 9.9874E-05 9.9874E-05 9.9874E-05 0.0669131 0.805964 9.9874E-05
9.98921E-05 0.0475286 9.98921E-05 0.0227449 9.98921E-05 9.98921E-05 9.98921E-05 9.98921E-05 0.019414 9.98921E-05 0.0081325 9.98921E-05 0.0178361 9.98921E-05 9.98921E-05 9.98921E-05 0.0214476 0.861698 9.98921E-05
9.98923E-05 9.98923E-05 0.0117766 9.98923E-05 9.98923E-05 9.98923E-05 9.98923E-05 9.98923E-05 0.15145 0.0272345 0.00950288 9.98923E-05 9.98923E-05 0.0638219 9.98923E-05 9.98923E-05 9.98923E-05 0.72507 0.00994509
9.98829E-05 9.98829E-05 0.0409896 9.98829E-05 9.98829E-05 0.00989378 9.98829E-05 9.98829E-05 9.98829E-05 0.00400657 0.00463602 9.98829E-05 9.98829E-05 0.0166638 9.98829E-05 9.98829E-05 9.98829E-05 0.922512 9.98829E-05
9.9874E-05 9.9874E-05 9.9874E-05 9.9874E-05 9.9874E-05 9.9874E-05 9.9874E-05 0.00427107 0.003107 9.9874E-05 0.927862 9.9874E-05 9.9874E-05 0.048267 9.9874E-05 9.9874E-05 0.0150945 9.9874E-05 9.9874E-05
9.98561E-05 0.00447146 9.98561E-05 9.98561E-05 9.98561E-05 9.98561E-05 9.98561E-05 9.98561E-05 9.98561E-05 9.98561E-05 0.979883 9.98561E-05 9.98561E-05 9.98561E-05 0.014048 9.98561E-05 9.98561E-05 9.98561E-05 9.98561E-05
9.98832E-05 9.98832E-05 9.98832E-05 9.98832E-05 0.00355874 9.98832E-05 9.98832E-05 0.0342255 9.98832E-05 9.98832E-05 9.98832E-05 0.0148653 9.98832E-05 9.98832E-05 9.98832E-05 9.98832E-05 0.00542138 0.926247 0.0143834
9.98471E-05 9.98471E-05 9.98471E-05 9.98471E-05 0.996378 9.98471E-05 9.98471E-05 9.98471E-05 0.0019251 9.98471E-05 9.98471E-05 9.98471E-05 9.98471E-05 9.98471E-05 9.98471E-05 9.98471E-05 9.98471E-05 9.98471E-05 9.98471E-05
9.98739E-05 9.98739E-05 9.98739E-05 9.98739E-05 0.940657 9.98739E-05 9.98739E-05 9.98739E-05 0.00525843 9.98739E-05 0.0298331 0.0103873 9.98739E-05 9.98739E-05 9.98739E-05 9.98739E-05 0.0124658 9.98739E-05 9.98739E-05
0.00658943 9.98563E-05 9.98563E-05 9.98563E-05 9.98563E-05 9.98563E-05 9.98563E-05 9.98563E-05 9.98563E-05 9.98563E-05 9.98563E-05 0.991535 9.98563E-05 0.000278014 9.98563E-05 9.98563E-05 9.98563E-05 9.98563E-05 9.98563E-05
9.98384E-05 9.98384E-05 9.98384E-05 9.98384E-05 9.98384E-05 9.98384E-05 9.98384E-05 9.98384E-05 9.98384E-05 9.98384E-05 9.98384E-05 0.998203 9.98384E-05 9.98384E-05 9.98384E-05 9.98384E-05 9.98384E-05 9.98384E-05 9.98384E-05
9.9874E-05 9.9874E-05 9.9874E-05 0.0477324 0.0494533 9.9874E-05 9.9874E-05 9.9874E-05 9.9874E-05 9.9874E-05 0.0115378 9.9874E-05 0.0384239 9.9874E-05 9.9874E-05 9.9874E-05 9.9874E-05 9.9874E-05 0.851454
9.98919E-05 0.00652651 9.98919E-05 9.98919E-05 0.054352 9.98919E-05 9.98919E-05 9.98919E-05 9.98919E-05 9.98919E-05 0.0152584 9.98919E-05 0.0354297 9.98919E-05 0.0472192 9.98919E-05 9.98919E-05 0.00372524 0.83629
9.98563E-05 9.98563E-05 0.0199795 9.98563E-05 0.0220519 9.98563E-05 9.98563E-05 9.98563E-05 9.98563E-05 9.98563E-05 9.98563E-05 0.956371 9.98563E-05 9.98563E-05 9.98563E-05 9.98563E-05 9.98563E-05 9.98563E-05 9.98563E-05
9.98383E-05 9.98383E-05 9.98383E-05 9.98383E-05 9.98383E-05 9.98383E-05 9.98383E-05 9.98383E-05 9.98383E-05 9.98383E-05 9.98383E-05 0.998203 9.98383E-05 9.98383E-05 9.98383E-05 9.98383E-05 9.98383E-05 9.98383E-05 9.98383E-05
0.855138 9.9856E-05 9.9856E-05 9.9856E-05 9.9856E-05 9.9856E-05 9.9856E-05 9.9856E-05 9.9856E-05 9.9856E-05 9.9856E-05 9.9856E-05 0.115151 9.9856E-05 9.9856E-05 9.9856E-05 0.0281134 9.9856E-05 9.9856E-05
0.052309 0.102902 9.99099E-05 0.0102857 0.433166 9.99099E-05 0.0293683 9.99099E-05 9.99099E-05 0.0341908 9.99099E-05 9.99099E-05 9.99099E-05 9.99099E-05 0.158354 0.0289395 9.99099E-05 9.99099E-05 0.149486
9.9856E-05 0.0435543 9.9856E-05 0.913423 9.9856E-05 9.9856E-05 9.9856E-05 9.9856E-05 9.9856E-05 9.9856E-05 9.9856E-05 9.9856E-05 9.9856E-05 9.9856E-05 9.9856E-05 9.9856E-05 0.0414248 9.9856E-05 9.9856E-05
9.9838E-05 9.9838E-05 9.9838E-05 9.9838E-05 9.9838E-05 9.9838E-05 9.9838E-05 9.9838E-05 9.9838E-05 0.998203 9.9838E-05 9.9838E-05 9.9838E-05 9.9838E-05 9.9838E-05 9.9838E-05 9.9838E-05 9.9838E-05 9.9838E-05
0.080891 9.98741E-05 0.0801767 9.98741E-05 9.98741E-05 9.98741E-05 9.98741E-05 9.98741E-05 9.98741E-05 0.788116 9.98741E-05 0.0183698 9.98741E-05 9.98741E-05 0.0310486 9.98741E-05 9.98741E-05 9.98741E-05 9.98741E-05
9.98382E-05 9.98382E-05 9.98382E-05 9.98382E-05 9.98382E-05 9.98382E-05 9.98382E-05 9.98382E-05 0.998203 9.98382E-05 9.98382E-05 9.98382E-05 9.98382E-05 9.98382E-05 9.98382E-05 9.98382E-05 9.98382E-05 9.98382E-05 9.98382E-05
