9.9847E-05 9.9847E-05 0.941048 9.9847E-05 9.9847E-05 9.9847E-05 9.9847E-05 0.0572542 9.9847E-05 9.9847E-05 9.9847E-05 9.9847E-05 9.9847E-05 9.9847E-05 9.9847E-05 9.9847E-05 9.9847E-05 9.9847E-05 9.9847E-05
9.98828E-05 0.118611 9.98828E-05 9.98828E-05 9.98828E-05 0.0543577 9.98828E-05 9.98828E-05 9.98828E-05 0.075611 9.98828E-05 9.98828E-05 9.98828E-05 0.00176319 9.98828E-05 9.98828E-05 0.0802968 0.668062 9.98828E-05
9.98383E-05 9.98383E-05 9.98383E-05 9.98383E-05 9.98383E-05 9.98383E-05 9.98383E-05 9.98383E-05 9.98383E-05 9.98383E-05 9.98383E-05 9.98383E-05 9.98383E-05 9.98383E-05 9.98383E-05 9.98383E-05 9.98383E-05 9.98383E-05 0.998203
0.0283161 0.846906 9.9874E-05 9.9874E-05 9.9874E-05 9.9874E-05 0.00967933 9.9874E-05 9.9874E-05 9.9874E-05 0.0999082 0.013792 9.9874E-05 9.9874E-05 9.9874E-05 9.9874E-05 9.9874E-05 9.9874E-05 9.9874E-05
9.98382E-05 9.98382E-05 9.98382E-05 9.98382E-05 9.98382E-05 9.98382E-05 9.98382E-05 9.98382E-05 9.98382E-05 0.998203 9.98382E-05 9.98382E-05 9.98382E-05 9.98382E-05 9.98382E-05 9.98382E-05 9.98382E-05 9.98382E-05 9.98382E-05
9.98382E-05 0.998203 9.98382E-05 9.98382E-05 9.98382E-05 9.98382E-05 9.98382E-05 9.98382E-05 9.98382E-05 9.98382E-05 9.98382E-05 9.98382E-05 9.98382E-05 9.98382E-05 9.98382E-05 9.98382E-05 9.98382E-05 9.98382E-05 9.98382E-05
9.98383E-05 9.98383E-05 9.98383E-05 9.98383E-05 9.98383E-05 9.98383E-05 0.998203 9.98383E-05 9.98383E-05 9.98383E-05 9.98383E-05 9.98383E-05 9.98383E-05 9.98383E-05 9.98383E-05 9.98383E-05 9.98383E-05 9.98383E-05 9.98383E-05
9.99099E-05 0.00880955 9.99099E-05 0.334383 0.338749 9.99099E-05 9.99099E-05 0.07338 9.99099E-05 0.0478746 0.0207724 0.0721957 9.99099E-05 9.99099E-05 9.99099E-05 9.99099E-05 9.99099E-05 0.0809786 0.0218581
9.98741E-05 9.98741E-05 9.98741E-05 9.98741E-05 9.98741E-05 0.00612017 0.93273 9.98741E-05 9.98741E-05 9.98741E-05 9.98741E-05 0.00623617 9.98741E-05 9.98741E-05 9.98741E-05 9.98741E-05 0.00472139 0.0487937 9.98741E-05
9.98403E-05 9.98403E-05 9.98403E-05 9.98403E-05 9.98403E-05 9.98403E-05 0.0735365 0.859121 9.98403E-05 0.065745 9.98403E-05 9.98403E-05 9.98403E-05 9.98403E-05 9.98403E-05 9.98403E-05 9.98403E-05 9.98403E-05 9.98403E-05
9.98561E-05 9.98561E-05 9.98561E-05 9.98561E-05 9.98561E-05 9.98561E-05 0.0995755 0.857108 9.98561E-05 0.0417191 9.98561E-05 9.98561E-05 9.98561E-05 9.98561E-05 9.98561E-05 9.98561E-05 9.98561E-05 9.98561E-05 9.98561E-05
0.111046 0.0125378 0.750803 9.98832E-05 9.98832E-05 9.98832E-05 0.00134784 9.98832E-05 9.98832E-05 9.98832E-05 0.00720962 9.98832E-05 9.98832E-05 9.98832E-05 0.115757 9.98832E-05 9.98832E-05 9.98832E-05 9.98832E-05
9.98564E-05 9.98564E-05 9.98564E-05 9.98564E-05 0.0293235 9.98564E-05 0.024706 9.98564E-05 9.98564E-05 9.98564E-05 9.98564E-05 9.98564E-05 9.98564E-05 9.98564E-05 0.944373 9.98564E-05 9.98564E-05 9.98564E-05 9.98564E-05
9.98652E-05 0.964099 9.98652E-05 9.98652E-05 9.98652E-05 9.98652E-05 9.98652E-05 9.98652E-05 9.98652E-05 9.98652E-05 9.98652E-05 9.98652E-05 9.98652E-05 0.0206185 9.98652E-05 9.98652E-05 0.0118661 9.98652E-05 0.00191882
9.98485E-05 0.970232 9.98485E-05 9.98485E-05 9.98485E-05 9.98485E-05 9.98485E-05 9.98485E-05 9.98485E-05 0.0280709 9.98485E-05 9.98485E-05 9.98485E-05 9.98485E-05 9.98485E-05 9.98485E-05 9.98485E-05 9.98485E-05 9.98485E-05
9.98651E-05 9.98651E-05 9.98651E-05 9.98651E-05 9.98651E-05 9.98651E-05 9.98651E-05 0.040969 0.78794 9.98651E-05 9.98651E-05 9.98651E-05 9.98651E-05 9.98651E-05 0.156961 9.98651E-05 9.98651E-05 0.0126317 9.98651E-05
9.98559E-05 9.98559E-05 9.98559E-05 9.98559E-05 9.98559E-05 9.98559E-05 9.98559E-05 0.0698513 9.98559E-05 9.98559E-05 9.98559E-05 9.98559E-05 9.98559E-05 0.00759585 9.98559E-05 9.98559E-05 0.920955 9.98559E-05 9.98559E-05
9.9838E-05 9.9838E-05 9.9838E-05 9.9838E-05 9.9838E-05 9.9838E-05 9.9838E-05 9.9838E-05 9.9838E-05 9.9838E-05 9.9838E-05 9.9838E-05 9.9838E-05 0.998203 9.9838E-05 9.9838E-05 9.9838E-05 9.9838E-05 9.9838E-05
9.98561E-05 9.98561E-05 9.98561E-05 9.98561E-05 9.98561E-05 9.98561E-05 9.98561E-05 9.98561E-05 9.98561E-05 9.98561E-05 9.98561E-05 9.98561E-05 0.0344684 9.98561E-05 0.0125758 0.951358 9.98561E-05 9.98561E-05 9.98561E-05
0.00920109 9.9883E-05 0.0734917 9.9883E-05 9.9883E-05 0.00577068 9.9883E-05 0.532258 0.316231 9.9883E-05 9.9883E-05 9.9883E-05 9.9883E-05 9.9883E-05 9.9883E-05 9.9883E-05 0.0617499 9.9883E-05 9.9883E-05
9.98562E-05 9.98562E-05 9.98562E-05 9.98562E-05 9.98562E-05 9.98562E-05 9.98562E-05 9.98562E-05 9.98562E-05 9.98562E-05 9.98562E-05 9.98562E-05 0.159535 0.233155 9.98562E-05 0.605712 9.98562E-05 9.98562E-05 9.98562E-05
9.99008E-05 9.99008E-05 0.386487 9.99008E-05 9.99008E-05 0.174018 9.99008E-05 0.0440196 0.223403 0.0136935 9.99008E-05 9.99008E-05 9.99008E-05 0.013689 0.0888571 9.99008E-05 0.0547341 9.99008E-05 9.99008E-05
0.145706 9.9883E-05 9.9883E-05 0.0152135 9.9883E-05 9.9883E-05 9.9883E-05 0.181027 9.9883E-05 0.0360653 9.9883E-05 9.9883E-05 9.9883E-05 9.9883E-05 9.9883E-05 0.422888 0.197801 9.9883E-05 9.9883E-05
9.98468E-05 9.98468E-05 9.98468E-05 9.98468E-05 9.98468E-05 9.98468E-05 9.98468E-05 0.0719363 9.98468E-05 9.98468E-05 9.98468E-05 9.98468E-05 9.98468E-05 9.98468E-05 9.98468E-05 0.926366 9.98468E-05 9.98468E-05 9.98468E-05
9.98562E-05 0.326432 9.98562E-05 9.98562E-05 9.98562E-05 9.98562E-05 9.98562E-05 9.98562E-05 9.98562E-05 9.98562E-05 0.610681 9.98562E-05 9.98562E-05 9.98562E-05 9.98562E-05 9.98562E-05 9.98562E-05 9.98562E-05 0.0612892
9.98563E-05 0.7945 9.98563E-05 9.98563E-05 9.98563E-05 9.98563E-05 9.98563E-05 9.98563E-05 9.98563E-05 9.98563E-05 0.182508 0.0213946 9.98563E-05 9.98563E-05 9.98563E-05 9.98563E-05 9.98563E-05 9.98563E-05 9.98563E-05
0.021824 9.98828E-05 9.98828E-05 0.0158421 9.98828E-05 0.0811994 9.98828E-05 0.0757575 9.98828E-05 9.98828E-05 9.98828E-05 9.98828E-05 9.98828E-05 9.98828E-05 0.767487 9.98828E-05 0.0365914 9.98828E-05 9.98828E-05
9.98472E-05 9.98472E-05 9.98472E-05 9.98472E-05 9.98472E-05 9.98472E-05 9.98472E-05 9.98472E-05 9.98472E-05 9.98472E-05 0.995079 0.00322377 9.98472E-05 9.98472E-05 9.98472E-05 9.98472E-05 9.98472E-05 9.98472E-05 9.98472E-05
9.98563E-05 9.98563E-05 9.98563E-05 9.98563E-05 9.98563E-05 9.98563E-05 9.98563E-05 9.98563E-05 9.98563E-05 9.98563E-05 0.981009 9.98563E-05 9.98563E-05 9.98563E-05 0.00467723 9.98563E-05 9.98563E-05 9.98563E-05 0.0127163
9.98923E-05 0.30288 0.0112529 0.451602 9.98923E-05 9.98923E-05 9.98923E-05 9.98923E-05 9.98923E-05 9.98923E-05 0.143628 0.054882 0.0257053 9.98923E-05 0.00885172 9.98923E-05 9.98923E-05 9.98923E-05 9.98923E-05
9.98468E-05 0.067788 9.98468E-05 0.930515 9.98468E-05 9.98468E-05 9.98468E-05 9.98468E-05 9.98468E-05 9.98468E-05 9.98468E-05 9.98468E-05 9.98468E-05 9.98468E-05 9.98468E-05 9.98468E-05 9.98468E-05 9.98468E-05 9.98468E-05
9.98386E-05 9.98386E-05 9.98386E-05 9.98386E-05 9.98386E-05 9.98386E-05 9.98386E-05 9.98386E-05 9.98386E-05 9.98386E-05 9.98386E-05 9.98386E-05 9.98386E-05 9.98386E-05 9.98386E-05 9.98386E-05 9.98386E-05 0.998203 9.98386E-05
9.98563E-05 0.651498 9.98563E-05 9.98563E-05 0.201199 9.98563E-05 9.98563E-05 9.98563E-05 9.98563E-05 9.98563E-05 0.145705 9.98563E-05 9.98563E-05 9.98563E-05 9.98563E-05 9.98563E-05 9.98563E-05 9.98563E-05 9.98563E-05
9.99012E-05 9.99012E-05 9.99012E-05 0.00151825 0.224142 9.99012E-05 0.0118126 0.0319348 9.99012E-05 9.99012E-05 0.00863769 0.688141 9.99012E-05 9.99012E-05 9.99012E-05 9.99012E-05 9.99012E-05 0.0194209 0.0132943
0.0878661 9.99007E-05 0.0582492 0.00255724 9.99007E-05 9.99007E-05 9.99007E-05 0.0423553 9.99007E-05 0.0222944 0.024475 9.99007E-05 9.99007E-05 9.99007E-05 0.487283 9.99007E-05 0.27382 9.99007E-05 9.99007E-05
9.98739E-05 0.383201 9.98739E-05 9.98739E-05 0.0477144 9.98739E-05 9.98739E-05 9.98739E-05 9.98739E-05 9.98739E-05 0.533808 9.98739E-05 9.98739E-05 9.98739E-05 0.0033801 9.98739E-05 0.0304982 9.98739E-05 9.98739E-05
9.98653E-05 9.98653E-05 0.983046 9.98653E-05 0.00224022 0.00398883 9.98653E-05 9.98653E-05 9.98653E-05 0.00922687 9.98653E-05 9.98653E-05 9.98653E-05 9.98653E-05 9.98653E-05 9.98653E-05 9.98653E-05 9.98653E-05 9.98653E-05
9.99009E-05 9.99009E-05 0.0806415 9.99009E-05 0.0801263 0.0146889 9.99009E-05 0.652022 9.99009E-05 9.99009E-05 9.99009E-05 9.99009E-05 0.00524294 9.99009E-05 9.99009E-05 9.99009E-05 0.00449814 0.134263 0.0274178
9.9838E-05 9.9838E-05 9.9838E-05 9.9838E-05 9.9838E-05 9.9838E-05 9.9838E-05 9.9838E-05 9.9838E-05 9.9838E-05 9.9838E-05 9.9838E-05 9.9838E-05 9.9838E-05 9.9838E-05 9.9838E-05 0.998203 9.9838E-05 9.9838E-05
9.98824E-05 0.0772441 9.98824E-05 9.98824E-05 9.98824E-05 0.409005 9.98824E-05 0.112519 0.19412 0.0466774 9.98824E-05 9.98824E-05 9.98824E-05 9.98824E-05 9.98824E-05 9.98824E-05 0.159136 9.98824E-05 9.98824E-05
0.00422138 0.0333538 9.99004E-05 9.99004E-05 9.99004E-05 0.433151 9.99004E-05 0.115299 0.21142 0.0664006 9.99004E-05 9.99004E-05 9.99004E-05 0.0182532 9.99004E-05 9.99004E-05 0.116802 9.99004E-05 9.99004E-05
9.98739E-05 9.98739E-05 9.98739E-05 9.98739E-05 9.98739E-05 0.070021 9.98739E-05 0.898929 0.00388793 9.98739E-05 9.98739E-05 9.98739E-05 9.98739E-05 9.98739E-05 0.0124961 9.98739E-05 0.0132675 9.98739E-05 9.98739E-05
9.98829E-05 9.98829E-05 0.0458361 9.98829E-05 9.98829E-05 9.98829E-05 0.0740244 0.0540215 0.741879 9.98829E-05 9.98829E-05 9.98829E-05 9.98829E-05 0.0149025 0.0680376 9.98829E-05 9.98829E-05 9.98829E-05 9.98829E-05
0.00784971 9.9874E-05 0.010382 0.041942 9.9874E-05 9.9874E-05 9.9874E-05 0.935977 9.9874E-05 9.9874E-05 9.9874E-05 9.9874E-05 9.9874E-05 9.9874E-05 9.9874E-05 9.9874E-05 9.9874E-05 9.9874E-05 0.00245113
0.0892791 9.98919E-05 0.0459236 9.98919E-05 9.98919E-05 9.98919E-05 9.98919E-05 0.45955 0.0331076 9.98919E-05 9.98919E-05 9.98919E-05 9.98919E-05 9.98919E-05 0.150162 0.149691 9.98919E-05 0.0710887 9.98919E-05
0.00109511 0.118925 0.109768 9.99099E-05 9.99099E-05 0.0210886 9.99099E-05 0.482903 0.119253 0.00613502 9.99099E-05 9.99099E-05 0.0920864 9.99099E-05 0.0477477 9.99099E-05 9.99099E-05 9.99099E-05 9.99099E-05
0.0165973 0.0254437 0.220547 0.128461 9.991E-05 0.00761878 0.0109607 0.213279 9.991E-05 9.991E-05 9.991E-05 9.991E-05 9.991E-05 9.991E-05 0.139563 9.991E-05 0.236531 9.991E-05 9.991E-05
9.98379E-05 9.98379E-05 9.98379E-05 9.98379E-05 9.98379E-05 0.998203 9.98379E-05 9.98379E-05 9.98379E-05 9.98379E-05 9.98379E-05 9.98379E-05 9.98379E-05 9.98379E-05 9.98379E-05 9.98379E-05 9.98379E-05 9.98379E-05 9.98379E-05
9.98472E-05 9.98472E-05 9.98472E-05 9.98472E-05 9.98472E-05 9.98472E-05 9.98472E-05 9.98472E-05 9.98472E-05 9.98472E-05 9.98472E-05 0.982659 9.98472E-05 9.98472E-05 9.98472E-05 9.98472E-05 9.98472E-05 9.98472E-05 0.0156433
9.98472E-05 9.98472E-05 9.98472E-05 9.98472E-05 9.98472E-05 9.98472E-05 9.98472E-05 9.98472E-05 0.00455057 9.98472E-05 9.98472E-05 0.993752 9.98472E-05 9.98472E-05 9.98472E-05 9.98472E-05 9.98472E-05 9.98472E-05 9.98472E-05
9.98563E-05 9.98563E-05 9.98563E-05 9.98563E-05 9.98563E-05 9.98563E-05 9.98563E-05 0.00885889 9.98563E-05 9.98563E-05 9.98563E-05 0.98035 9.98563E-05 0.00919362 9.98563E-05 9.98563E-05 9.98563E-05 9.98563E-05 9.98563E-05
9.98384E-05 9.98384E-05 9.98384E-05 9.98384E-05 9.98384E-05 9.98384E-05 9.98384E-05 9.98384E-05 9.98384E-05 9.98384E-05 9.98384E-05 0.998203 9.98384E-05 9.98384E-05 9.98384E-05 9.98384E-05 9.98384E-05 9.98384E-05 9.98384E-05
9.98472E-05 9.98472E-05 9.98472E-05 9.98472E-05 9.98472E-05 9.98472E-05 9.98472E-05 9.98472E-05 9.98472E-05 0.009236 9.98472E-05 0.989067 9.98472E-05 9.98472E-05 9.98472E-05 9.98472E-05 9.98472E-05 9.98472E-05 9.98472E-05
9.98922E-05 9.98922E-05 9.98922E-05 0.589404 0.0142408 0.0133307 0.00883331 9.98922E-05 0.0995076 9.98922E-05 9.98922E-05 0.249806 9.98922E-05 9.98922E-05 9.98922E-05 0.0236789 9.98922E-05 9.98922E-05 9.98922E-05
9.98562E-05 9.98562E-05 9.98562E-05 9.98562E-05 9.98562E-05 9.98562E-05 9.98562E-05 9.98562E-05 9.98562E-05 9.98562E-05 9.98562E-05 0.916918 9.98562E-05 9.98562E-05 9.98562E-05 9.98562E-05 0.00513212 0.0763526 9.98562E-05
9.9847E-05 9.9847E-05 0.840325 9.9847E-05 9.9847E-05 9.9847E-05 9.9847E-05 9.9847E-05 0.157978 9.9847E-05 9.9847E-05 9.9847E-05 9.9847E-05 9.9847E-05 9.9847E-05 9.9847E-05 9.9847E-05 9.9847E-05 9.9847E-05
0.00175838 9.98829E-05 9.98829E-05 9.98829E-05 9.98829E-05 9.98829E-05 0.0397174 9.98829E-05 0.0187175 9.98829E-05 0.0189064 9.98829E-05 9.98829E-05 9.98829E-05 9.98829E-05 9.98829E-05 9.98829E-05 0.909833 0.00976902
9.98739E-05 0.542178 9.98739E-05 9.98739E-05 0.0207723 9.98739E-05 9.98739E-05 9.98739E-05 9.98739E-05 0.0317747 0.392702 9.98739E-05 9.98739E-05 9.98739E-05 9.98739E-05 9.98739E-05 0.011175 9.98739E-05 9.98739E-05
0.0160609 9.98741E-05 9.98741E-05 9.98741E-05 9.98741E-05 0.0769529 9.98741E-05 9.98741E-05 0.0655761 9.98741E-05 9.98741E-05 0.00812921 9.98741E-05 9.98741E-05 0.831883 9.98741E-05 9.98741E-05 9.98741E-05 9.98741E-05
9.98565E-05 9.98565E-05 0.036408 9.98565E-05 9.98565E-05 9.98565E-05 9.98565E-05 9.98565E-05 0.870458 9.98565E-05 9.98565E-05 9.98565E-05 9.98565E-05 9.98565E-05 0.0915367 9.98565E-05 9.98565E-05 9.98565E-05 9.98565E-05
9.98563E-05 9.98563E-05 9.98563E-05 9.98563E-05 0.0448463 9.98563E-05 0.000262403 9.98563E-05 9.98563E-05 9.98563E-05 9.98563E-05 9.98563E-05 9.98563E-05 9.98563E-05 0.953294 9.98563E-05 9.98563E-05 9.98563E-05 9.98563E-05
9.98648E-05 9.98648E-05 9.98648E-05 9.98648E-05 9.98648E-05 9.98648E-05 9.98648E-05 0.111318 9.98648E-05 9.98648E-05 9.98648E-05 9.98648E-05 9.98648E-05 0.00475251 0.86979 9.98648E-05 9.98648E-05 0.0126415 9.98648E-05
0.0524117 9.98828E-05 9.98828E-05 9.98828E-05 9.98828E-05 9.98828E-05 9.98828E-05 0.108676 9.98828E-05 9.98828E-05 9.98828E-05 9.98828E-05 9.98828E-05 0.0132085 0.822249 0.000429991 0.00172591 9.98828E-05 9.98828E-05
9.98381E-05 9.98381E-05 9.98381E-05 9.98381E-05 9.98381E-05 9.98381E-05 9.98381E-05 9.98381E-05 9.98381E-05 9.98381E-05 9.98381E-05 9.98381E-05 0.998203 9.98381E-05 9.98381E-05 9.98381E-05 9.98381E-05 9.98381E-05 9.98381E-05
0.00738967 0.320219 9.98746E-05 9.98746E-05 9.98746E-05 9.98746E-05 9.98746E-05 9.98746E-05 9.98746E-05 0.00739664 0.645795 9.98746E-05 9.98746E-05 9.98746E-05 9.98746E-05 9.98746E-05 9.98746E-05 9.98746E-05 0.0178017
9.99459E-05 9.99459E-05 9.99459E-05 0.061241 0.0952427 0.218773 0.00835438 9.99459E-05 0.0786046 0.0585099 0.0242287 0.0559371 9.99459E-05 9.99459E-05 0.142185 0.0389641 0.0877393 0.0818581 0.0477621
9.98654E-05 0.777398 9.98654E-05 9.98654E-05 0.094266 9.98654E-05 9.98654E-05 9.98654E-05 9.98654E-05 9.98654E-05 0.0480463 9.98654E-05 9.98654E-05 9.98654E-05 9.98654E-05 9.98654E-05 9.98654E-05 9.98654E-05 0.078792
9.9883E-05 0.713247 9.9883E-05 0.0624115 9.9883E-05 9.9883E-05 9.9883E-05 9.9883E-05 9.9883E-05 0.0799177 0.107578 9.9883E-05 9.9883E-05 9.9883E-05 9.9883E-05 9.9883E-05 0.0156945 9.9883E-05 0.0198525
9.98562E-05 9.98562E-05 9.98562E-05 0.0125744 9.98562E-05 9.98562E-05 9.98562E-05 9.98562E-05 0.0126685 9.98562E-05 0.973159 9.98562E-05 9.98562E-05 9.98562E-05 9.98562E-05 9.98562E-05 9.98562E-05 9.98562E-05 9.98562E-05
9.98563E-05 9.98563E-05 9.98563E-05 9.98563E-05 9.98563E-05 9.98563E-05 9.98563E-05 9.98563E-05 9.98563E-05 9.98563E-05 0.98838 9.98563E-05 0.000249879 0.00977239 9.98563E-05 9.98563E-05 9.98563E-05 9.98563E-05 9.98563E-05
0.0186166 0.670957 0.0151945 0.15884 9.99281E-05 0.00571884 0.00572422 0.00572861 9.99281E-05 0.011642 0.0748589 9.99281E-05 9.99281E-05 9.99281E-05 9.99281E-05 9.99281E-05 0.00807251 0.0238479 9.99281E-05
9.9865E-05 0.498828 9.9865E-05 9.9865E-05 9.9865E-05 9.9865E-05 9.9865E-05 9.9865E-05 9.9865E-05 0.0404825 0.413685 9.9865E-05 9.9865E-05 9.9865E-05 9.9865E-05 9.9865E-05 0.0455067 9.9865E-05 9.9865E-05
9.9856E-05 9.9856E-05 9.9856E-05 9.9856E-05 0.915117 9.9856E-05 9.9856E-05 9.9856E-05 9.9856E-05 0.0444785 9.9856E-05 0.0388068 9.9856E-05 9.9856E-05 9.9856E-05 9.9856E-05 9.9856E-05 9.9856E-05 9.9856E-05
9.98561E-05 9.98561E-05 9.98561E-05 9.98561E-05 0.992935 9.98561E-05 0.00239958 9.98561E-05 9.98561E-05 9.98561E-05 9.98561E-05 9.98561E-05 9.98561E-05 9.98561E-05 0.00306742 9.98561E-05 9.98561E-05 9.98561E-05 9.98561E-05
9.98742E-05 0.795335 9.98742E-05 9.98742E-05 9.98742E-05 9.98742E-05 9.98742E-05 9.98742E-05 0.0295507 9.98742E-05 0.134293 0.0289283 9.98742E-05 9.98742E-05 9.98742E-05 9.98742E-05 9.98742E-05 9.98742E-05 0.0104942
9.98561E-05 9.98561E-05 9.98561E-05 9.98561E-05 0.0274063 9.98561E-05 9.98561E-05 9.98561E-05 0.968588 9.98561E-05 9.98561E-05 0.0024081 9.98561E-05 9.98561E-05 9.98561E-05 9.98561E-05 9.98561E-05 9.98561E-05 9.98561E-05
9.9847E-05 9.9847E-05 9.9847E-05 9.9847E-05 9.9847E-05 9.9847E-05 9.9847E-05 9.9847E-05 0.997826 9.9847E-05 9.9847E-05 0.000476105 9.9847E-05 9.9847E-05 9.9847E-05 9.9847E-05 9.9847E-05 9.9847E-05 9.9847E-05
0.998203 9.98383E-05 9.98383E-05 9.98383E-05 9.98383E-05 9.98383E-05 9.98383E-05 9.98383E-05 9.98383E-05 9.98383E-05 9.98383E-05 9.98383E-05 9.98383E-05 9.98383E-05 9.98383E-05 9.98383E-05 9.98383E-05 9.98383E-05 9.98383E-05
0.99529 9.98473E-05 0.00301278 9.98473E-05 9.98473E-05 9.98473E-05 9.98473E-05 9.98473E-05 9.98473E-05 9.98473E-05 9.98473E-05 9.98473E-05 9.98473E-05 9.98473E-05 9.98473E-05 9.98473E-05 9.98473E-05 9.98473E-05 9.98473E-05
9.99008E-05 9.99008E-05 9.99008E-05 9.99008E-05 0.00109273 0.0561255 9.99008E-05 0.774619 0.066219 9.99008E-05 0.00560641 9.99008E-05 9.99008E-05 0.0113173 0.0101499 9.99008E-05 9.99008E-05 0.0737712 9.99008E-05
9.98918E-05 9.98918E-05 9.98918E-05 9.98918E-05 9.98918E-05 0.0232165 9.98918E-05 0.723735 0.0963084 9.98918E-05 0.0336859 9.98918E-05 9.98918E-05 0.0176154 0.0598632 9.98918E-05 9.98918E-05 0.0443766 9.98918E-05
0.953396 9.98563E-05 9.98563E-05 9.98563E-05 0.0181035 9.98563E-05 9.98563E-05 9.98563E-05 0.0269032 9.98563E-05 9.98563E-05 9.98563E-05 9.98563E-05 9.98563E-05 9.98563E-05 9.98563E-05 9.98563E-05 9.98563E-05 9.98563E-05
0.995958 9.98473E-05 9.98473E-05 9.98473E-05 9.98473E-05 0.00234449 9.98473E-05 9.98473E-05 9.98473E-05 9.98473E-05 9.98473E-05 9.98473E-05 9.98473E-05 9.98473E-05 9.98473E-05 9.98473E-05 9.98473E-05 9.98473E-05 9.98473E-05
9.98651E-05 9.98651E-05 0.941847 9.98651E-05 9.98651E-05 0.0410685 9.98651E-05 9.98651E-05 0.00514348 9.98651E-05 9.98651E-05 9.98651E-05 9.98651E-05 9.98651E-05 0.0104432 9.98651E-05 9.98651E-05 9.98651E-05 9.98651E-05
9.98919E-05 9.98919E-05 9.98919E-05 9.98919E-05 9.98919E-05 0.181656 0.0838696 0.0983505 0.39633 9.98919E-05 9.98919E-05 9.98919E-05 9.98919E-05 0.0883159 0.145457 9.98919E-05 9.98919E-05 0.00482188 9.98919E-05
9.9856E-05 9.9856E-05 9.9856E-05 9.9856E-05 9.9856E-05 9.9856E-05 0.0548289 9.9856E-05 9.9856E-05 9.9856E-05 9.9856E-05 0.0280826 9.9856E-05 9.9856E-05 9.9856E-05 9.9856E-05 9.9856E-05 0.915491 9.9856E-05
0.121794 0.0390958 0.0219107 9.99013E-05 9.99013E-05 9.99013E-05 9.99013E-05 0.21411 9.99013E-05 0.0161736 9.99013E-05 9.99013E-05 9.99013E-05 9.99013E-05 0.288928 0.147335 0.149554 9.99013E-05 9.99013E-05
0.120031 9.98743E-05 0.17343 9.98743E-05 9.98743E-05 9.98743E-05 9.98743E-05 9.98743E-05 9.98743E-05 9.98743E-05 9.98743E-05 9.98743E-05 9.98743E-05 9.98743E-05 0.282532 0.113522 0.309087 9.98743E-05 9.98743E-05
9.98381E-05 9.98381E-05 9.98381E-05 0.998203 9.98381E-05 9.98381E-05 9.98381E-05 9.98381E-05 9.98381E-05 9.98381E-05 9.98381E-05 9.98381E-05 9.98381E-05 9.98381E-05 9.98381E-05 9.98381E-05 9.98381E-05 9.98381E-05 9.98381E-05
