9.98649E-05 9.98649E-05 9.98649E-05 9.98649E-05 9.98649E-05 9.98649E-05 9.98649E-05 9.98649E-05 0.922894 9.98649E-05 0.0756078 9.98649E-05 9.98649E-05 9.98649E-05 9.98649E-05 9.98649E-05 9.98649E-05
0.650517 0.130058 9.98828E-05 0.180365 9.98828E-05 9.98828E-05 9.98828E-05 9.98828E-05 9.98828E-05 9.98828E-05 9.98828E-05 0.0377618 9.98828E-05 9.98828E-05 9.98828E-05 9.98828E-05 9.98828E-05
9.98801E-05 0.611903 0.0422959 9.98801E-05 0.0513533 0.205843 9.98801E-05 9.98801E-05 9.98801E-05 9.98801E-05 9.98801E-05 9.98801E-05 9.98801E-05 9.98801E-05 9.98801E-05 0.0874069 9.98801E-05
9.98959E-05 0.913666 0.0270354 9.98959E-05 0.0256654 9.98959E-05 9.98959E-05 9.98959E-05 9.98959E-05 9.98959E-05 9.98959E-05 0.00411013 9.98959E-05 9.98959E-05 9.98959E-05 9.98959E-05 0.0283248
0.0727977 0.223239 9.99102E-05 0.086642 9.99102E-05 9.99102E-05 9.99102E-05 0.0438822 0.0331201 9.99102E-05 9.99102E-05 9.99102E-05 9.99102E-05 0.353983 0.185337 9.99102E-05 9.99102E-05
9.9892E-05 0.960967 9.9892E-05 0.000188308 9.9892E-05 0.00758335 9.9892E-05 0.0145715 9.9892E-05 9.9892E-05 9.9892E-05 9.9892E-05 9.9892E-05 0.0154913 9.9892E-05 9.9892E-05 9.9892E-05
9.98562E-05 9.98562E-05 9.98562E-05 9.98562E-05 9.98562E-05 9.98562E-05 9.98562E-05 9.98562E-05 9.98562E-05 9.98562E-05 9.98562E-05 9.98562E-05 9.98562E-05 9.98562E-05 0.998402 9.98562E-05 9.98562E-05
0.107477 9.99099E-05 0.0298443 9.99099E-05 0.0210383 0.436668 9.99099E-05 9.99099E-05 9.99099E-05 9.99099E-05 0.0353285 9.99099E-05 9.99099E-05 0.294098 9.99099E-05 9.99099E-05 0.0745462
0.0129989 9.98831E-05 9.98831E-05 9.98831E-05 9.98831E-05 9.98831E-05 0.0168347 9.98831E-05 9.98831E-05 9.98831E-05 9.98831E-05 9.98831E-05 9.98831E-05 9.98831E-05 0.960768 9.98831E-05 0.00810027
9.98652E-05 9.98652E-05 9.98652E-05 9.98652E-05 9.98652E-05 9.98652E-05 9.98652E-05 9.98652E-05 9.98652E-05 9.98652E-05 0.911394 9.98652E-05 9.98652E-05 9.98652E-05 0.087108 9.98652E-05 9.98652E-05
9.98653E-05 9.98653E-05 9.98653E-05 9.98653E-05 9.98653E-05 9.98653E-05 9.98653E-05 9.98653E-05 9.98653E-05 9.98653E-05 0.911624 9.98653E-05 9.98653E-05 9.98653E-05 0.086878 9.98653E-05 9.98653E-05
9.9901E-05 9.9901E-05 0.0238777 9.9901E-05 0.123476 9.9901E-05 9.9901E-05 9.9901E-05 0.690442 9.9901E-05 9.9901E-05 0.00785619 0.0149057 9.9901E-05 9.9901E-05 0.138343 9.9901E-05
9.98744E-05 9.98744E-05 9.98744E-05 9.98744E-05 9.98744E-05 0.0227372 9.98744E-05 9.98744E-05 9.98744E-05 9.98744E-05 9.98744E-05 9.98744E-05 9.98744E-05 0.0157604 9.98744E-05 0.960104 9.98744E-05
0.00589451 0.940362 9.9892E-05 9.9892E-05 9.9892E-05 9.9892E-05 9.9892E-05 9.9892E-05 0.0260524 0.024919 9.9892E-05 0.00157356 9.9892E-05 9.9892E-05 9.9892E-05 9.9892E-05 9.9892E-05
9.98741E-05 0.967827 9.98741E-05 0.0197814 9.98741E-05 9.98741E-05 9.98741E-05 9.98741E-05 0.0109929 9.98741E-05 9.98741E-05 9.98741E-05 9.98741E-05 9.98741E-05 9.98741E-05 9.98741E-05 9.98741E-05
9.98831E-05 9.98831E-05 9.98831E-05 9.98831E-05 9.98831E-05 9.98831E-05 0.743781 0.0138946 9.98831E-05 9.98831E-05 0.0565007 9.98831E-05 9.98831E-05 9.98831E-05 9.98831E-05 0.184525 9.98831E-05
9.98651E-05 9.98651E-05 9.98651E-05 9.98651E-05 9.98651E-05 9.98651E-05 9.98651E-05 9.98651E-05 9.98651E-05 9.98651E-05 0.0567231 0.941779 9.98651E-05 9.98651E-05 9.98651E-05 9.98651E-05 9.98651E-05
0.0198292 9.9892E-05 9.9892E-05 0.1296 9.9892E-05 9.9892E-05 9.9892E-05 9.9892E-05 9.9892E-05 0.714166 0.097144 9.9892E-05 9.9892E-05 9.9892E-05 9.9892E-05 9.9892E-05 0.0380621
9.98651E-05 9.98651E-05 9.98651E-05 9.98651E-05 0.0704773 9.98651E-05 9.98651E-05 9.98651E-05 9.98651E-05 0.928025 9.98651E-05 9.98651E-05 9.98651E-05 9.98651E-05 9.98651E-05 9.98651E-05 9.98651E-05
9.99009E-05 9.99009E-05 9.99009E-05 9.99009E-05 0.0568387 9.99009E-05 0.352694 0.0804211 0.0945011 9.99009E-05 0.391517 0.0229294 9.99009E-05 9.99009E-05 9.99009E-05 9.99009E-05 9.99009E-05
9.98562E-05 9.98562E-05 9.98562E-05 9.98562E-05 9.98562E-05 9.98562E-05 9.98562E-05 9.98562E-05 9.98562E-05 0.998402 9.98562E-05 9.98562E-05 9.98562E-05 9.98562E-05 9.98562E-05 9.98562E-05 9.98562E-05
9.99009E-05 9.99009E-05 9.99009E-05 0.266881 0.0208693 9.99009E-05 0.210821 9.99009E-05 0.412766 9.99009E-05 9.99009E-05 0.0341795 9.99009E-05 9.99009E-05 9.99009E-05 0.0533846 9.99009E-05
9.9865E-05 9.9865E-05 9.9865E-05 9.9865E-05 9.9865E-05 9.9865E-05 9.9865E-05 0.922567 9.9865E-05 0.0759354 9.9865E-05 9.9865E-05 9.9865E-05 9.9865E-05 9.9865E-05 9.9865E-05 9.9865E-05
9.98648E-05 9.98648E-05 9.98648E-05 9.98648E-05 9.98648E-05 9.98648E-05 9.98648E-05 0.273878 9.98648E-05 0.724624 9.98648E-05 9.98648E-05 9.98648E-05 9.98648E-05 9.98648E-05 9.98648E-05 9.98648E-05
9.98654E-05 0.326777 0.671725 9.98654E-05 9.98654E-05 9.98654E-05 9.98654E-05 9.98654E-05 9.98654E-05 9.98654E-05 9.98654E-05 9.98654E-05 9.98654E-05 9.98654E-05 9.98654E-05 9.98654E-05 9.98654E-05
9.98742E-05 0.801292 0.194674 9.98742E-05 9.98742E-05 9.98742E-05 9.98742E-05 9.98742E-05 9.98742E-05 9.98742E-05 9.98742E-05 9.98742E-05 0.00263621 9.98742E-05 9.98742E-05 9.98742E-05 9.98742E-05
9.98918E-05 9.98918E-05 9.98918E-05 9.98918E-05 0.0159425 9.98918E-05 9.98918E-05 9.98918E-05 0.0697348 9.98918E-05 0.0774326 0.0692142 9.98918E-05 9.98918E-05 9.98918E-05 0.766477 9.98918E-05
9.98651E-05 9.98651E-05 0.987686 9.98651E-05 9.98651E-05 9.98651E-05 9.98651E-05 9.98651E-05 9.98651E-05 9.98651E-05 9.98651E-05 9.98651E-05 9.98651E-05 0.0108156 9.98651E-05 9.98651E-05 9.98651E-05
9.98562E-05 9.98562E-05 0.998402 9.98562E-05 9.98562E-05 9.98562E-05 9.98562E-05 9.98562E-05 9.98562E-05 9.98562E-05 9.98562E-05 9.98562E-05 9.98562E-05 9.98562E-05 9.98562E-05 9.98562E-05 9.98562E-05
0.0439558 0.160125 0.200652 0.0104996 9.99191E-05 9.99191E-05 9.99191E-05 9.99191E-05 9.99191E-05 9.99191E-05 9.99191E-05 9.99191E-05 0.0104359 0.511744 9.99191E-05 0.00223356 0.0594543
9.98827E-05 0.107239 9.98827E-05 9.98827E-05 9.98827E-05 0.00185431 9.98827E-05 9.98827E-05 9.98827E-05 9.98827E-05 9.98827E-05 9.98827E-05 9.98827E-05 0.887367 9.98827E-05 9.98827E-05 0.0022405
0.998402 9.98565E-05 9.98565E-05 9.98565E-05 9.98565E-05 9.98565E-05 9.98565E-05 9.98565E-05 9.98565E-05 9.98565E-05 9.98565E-05 9.98565E-05 9.98565E-05 9.98565E-05 9.98565E-05 9.98565E-05 9.98565E-05
9.98831E-05 0.462883 0.314353 9.98831E-05 9.98831E-05 0.201865 9.98831E-05 9.98831E-05 9.98831E-05 9.98831E-05 9.98831E-05 9.98831E-05 9.98831E-05 0.0196012 9.98831E-05 9.98831E-05 9.98831E-05
0.0174332 9.98833E-05 9.98833E-05 9.98833E-05 9.98833E-05 0.174938 9.98833E-05 9.98833E-05 9.98833E-05 9.98833E-05 9.98833E-05 9.98833E-05 9.98833E-05 0.0691448 9.98833E-05 9.98833E-05 0.737186
9.99096E-05 9.99096E-05 9.99096E-05 0.0437536 0.117492 9.99096E-05 9.99096E-05 9.99096E-05 0.0303308 9.99096E-05 0.0344798 0.237431 9.99096E-05 0.0712149 9.99096E-05 0.464298 9.99096E-05
9.99008E-05 0.330484 0.575764 0.0320631 9.99008E-05 0.0342204 9.99008E-05 9.99008E-05 9.99008E-05 9.99008E-05 9.99008E-05 0.0194477 9.99008E-05 0.00692167 9.99008E-05 9.99008E-05 9.99008E-05
9.98741E-05 9.98741E-05 9.98741E-05 9.98741E-05 9.98741E-05 0.0538656 9.98741E-05 9.98741E-05 0.941731 9.98741E-05 9.98741E-05 0.00300534 9.98741E-05 9.98741E-05 9.98741E-05 9.98741E-05 9.98741E-05
0.18433 9.99099E-05 9.99099E-05 0.119317 9.99099E-05 0.0509466 9.99099E-05 9.99099E-05 0.0441165 0.0223669 0.535845 0.0420784 9.99099E-05 9.99099E-05 9.99099E-05 9.99099E-05 9.99099E-05
9.98651E-05 9.98651E-05 9.98651E-05 9.98651E-05 9.98651E-05 0.0210771 9.98651E-05 9.98651E-05 9.98651E-05 9.98651E-05 9.98651E-05 0.977425 9.98651E-05 9.98651E-05 9.98651E-05 9.98651E-05 9.98651E-05
9.98651E-05 0.0117594 9.98651E-05 0.986743 9.98651E-05 9.98651E-05 9.98651E-05 9.98651E-05 9.98651E-05 9.98651E-05 9.98651E-05 9.98651E-05 9.98651E-05 9.98651E-05 9.98651E-05 9.98651E-05 9.98651E-05
9.98561E-05 9.98561E-05 9.98561E-05 0.998402 9.98561E-05 9.98561E-05 9.98561E-05 9.98561E-05 9.98561E-05 9.98561E-05 9.98561E-05 9.98561E-05 9.98561E-05 9.98561E-05 9.98561E-05 9.98561E-05 9.98561E-05
9.9892E-05 9.9892E-05 9.9892E-05 0.0460347 9.9892E-05 9.9892E-05 9.9892E-05 0.00109808 0.029567 9.9892E-05 0.918099 0.00400283 9.9892E-05 9.9892E-05 9.9892E-05 9.9892E-05 9.9892E-05
9.99099E-05 9.99099E-05 9.99099E-05 0.0429732 9.99099E-05 9.99099E-05 0.77425 9.99099E-05 0.0230586 0.00975553 0.015235 9.99099E-05 9.99099E-05 9.99099E-05 0.0901923 0.0435359 9.99099E-05
9.9892E-05 9.9892E-05 9.9892E-05 9.9892E-05 9.9892E-05 9.9892E-05 0.0281331 0.0297177 0.0600643 9.9892E-05 0.876639 9.9892E-05 9.9892E-05 9.9892E-05 9.9892E-05 0.00424719 9.9892E-05
0.00712955 9.99188E-05 9.99188E-05 0.107022 9.99188E-05 9.99188E-05 0.0606568 0.45036 0.0566778 9.99188E-05 0.154946 9.99188E-05 0.0485921 9.99188E-05 9.99188E-05 0.113716 9.99188E-05
9.99278E-05 9.99278E-05 9.99278E-05 0.164552 9.99278E-05 0.00387446 0.162168 0.258851 0.0986707 9.99278E-05 0.249173 9.99278E-05 0.0177306 0.0440807 9.99278E-05 9.99278E-05 9.99278E-05
9.99189E-05 0.0626716 9.99189E-05 0.0147918 9.99189E-05 9.99189E-05 9.99189E-05 0.173895 0.21672 9.99189E-05 0.219826 0.0804765 9.99189E-05 0.0993125 9.99189E-05 0.131407 9.99189E-05
9.98659E-05 9.98659E-05 9.98659E-05 9.98659E-05 9.98659E-05 9.98659E-05 9.98659E-05 9.98659E-05 0.972368 0.026134 9.98659E-05 9.98659E-05 9.98659E-05 9.98659E-05 9.98659E-05 9.98659E-05 9.98659E-05
9.98562E-05 9.98562E-05 9.98562E-05 9.98562E-05 9.98562E-05 9.98562E-05 9.98562E-05 9.98562E-05 9.98562E-05 9.98562E-05 9.98562E-05 9.98562E-05 9.98562E-05 9.98562E-05 9.98562E-05 9.98562E-05 0.998402
9.98562E-05 9.98562E-05 9.98562E-05 9.98562E-05 9.98562E-05 9.98562E-05 9.98562E-05 9.98562E-05 9.98562E-05 9.98562E-05 9.98562E-05 9.98562E-05 9.98562E-05 9.98562E-05 9.98562E-05 9.98562E-05 0.998402
9.98742E-05 9.98742E-05 9.98742E-05 9.98742E-05 9.98742E-05 9.98742E-05 0.00373429 9.98742E-05 9.98742E-05 9.98742E-05 9.98742E-05 9.98742E-05 0.0216934 9.98742E-05 9.98742E-05 9.98742E-05 0.973174
9.98789E-05 9.98789E-05 9.98789E-05 9.98789E-05 9.98789E-05 0.00407296 9.98789E-05 9.98789E-05 9.98789E-05 0.0026138 9.98789E-05 9.98789E-05 9.98789E-05 9.98789E-05 9.98789E-05 9.98789E-05 0.991915
9.98563E-05 9.98563E-05 9.98563E-05 9.98563E-05 9.98563E-05 9.98563E-05 9.98563E-05 9.98563E-05 9.98563E-05 9.98563E-05 9.98563E-05 9.98563E-05 9.98563E-05 9.98563E-05 9.98563E-05 9.98563E-05 0.998402
0.0174528 9.99282E-05 9.99282E-05 9.99282E-05 9.99282E-05 0.0465795 0.0378999 0.0627553 9.99282E-05 9.99282E-05 0.0202415 9.99282E-05 0.0145509 0.453563 0.0324109 9.99282E-05 0.313746
0.0671033 9.98702E-05 9.98702E-05 0.00253255 9.98702E-05 9.98702E-05 9.98702E-05 9.98702E-05 0.02026 9.98702E-05 9.98702E-05 9.98702E-05 9.98702E-05 9.98702E-05 9.98702E-05 9.98702E-05 0.908806
9.98739E-05 9.98739E-05 9.98739E-05 9.98739E-05 9.98739E-05 9.98739E-05 0.189732 9.98739E-05 0.808072 9.98739E-05 9.98739E-05 9.98739E-05 9.98739E-05 9.98739E-05 9.98739E-05 0.000798248 9.98739E-05
0.92564 9.98829E-05 0.0222478 9.98829E-05 9.98829E-05 9.98829E-05 9.98829E-05 9.98829E-05 9.98829E-05 9.98829E-05 9.98829E-05 9.98829E-05 9.98829E-05 9.98829E-05 0.0471149 9.98829E-05 0.00369834
9.98739E-05 0.578253 0.388574 0.0317751 9.98739E-05 9.98739E-05 9.98739E-05 9.98739E-05 9.98739E-05 9.98739E-05 9.98739E-05 9.98739E-05 9.98739E-05 9.98739E-05 9.98739E-05 9.98739E-05 9.98739E-05
9.98921E-05 9.98921E-05 9.98921E-05 0.114571 0.0190315 9.98921E-05 0.0231903 9.98921E-05 9.98921E-05 9.98921E-05 9.98921E-05 9.98921E-05 9.98921E-05 9.98921E-05 9.98921E-05 0.825061 0.0169473
9.98654E-05 9.98654E-05 9.98654E-05 9.98654E-05 9.98654E-05 9.98654E-05 0.911164 9.98654E-05 9.98654E-05 9.98654E-05 9.98654E-05 9.98654E-05 9.98654E-05 9.98654E-05 9.98654E-05 0.0873384 9.98654E-05
9.98744E-05 9.98744E-05 9.98744E-05 9.98744E-05 9.98744E-05 0.0190014 9.98744E-05 9.98744E-05 9.98744E-05 9.98744E-05 9.98744E-05 9.98744E-05 9.98744E-05 9.98744E-05 0.0125559 0.967044 9.98744E-05
9.98702E-05 0.0137771 9.98702E-05 0.0208668 9.98702E-05 9.98702E-05 9.98702E-05 9.98702E-05 9.98702E-05 9.98702E-05 0.0940504 9.98702E-05 9.98702E-05 9.98702E-05 9.98702E-05 0.870007 9.98702E-05
9.98919E-05 9.98919E-05 9.98919E-05 9.98919E-05 0.0457615 9.98919E-05 9.98919E-05 0.00120828 9.98919E-05 9.98919E-05 0.117111 0.0100584 9.98919E-05 9.98919E-05 9.98919E-05 0.824663 9.98919E-05
9.98742E-05 9.98742E-05 9.98742E-05 9.98742E-05 9.98742E-05 9.98742E-05 9.98742E-05 9.98742E-05 0.0762772 0.917189 9.98742E-05 9.98742E-05 0.00513518 9.98742E-05 9.98742E-05 9.98742E-05 9.98742E-05
9.98835E-05 0.268757 0.695871 9.98835E-05 0.0120779 9.98835E-05 9.98835E-05 9.98835E-05 9.98835E-05 9.98835E-05 0.021996 9.98835E-05 9.98835E-05 9.98835E-05 9.98835E-05 9.98835E-05 9.98835E-05
9.98563E-05 9.98563E-05 9.98563E-05 9.98563E-05 9.98563E-05 9.98563E-05 9.98563E-05 9.98563E-05 9.98563E-05 9.98563E-05 9.98563E-05 9.98563E-05 0.998402 9.98563E-05 9.98563E-05 9.98563E-05 9.98563E-05
9.98833E-05 0.89345 0.0391791 9.98833E-05 9.98833E-05 0.0529341 0.0131387 9.98833E-05 9.98833E-05 9.98833E-05 9.98833E-05 9.98833E-05 9.98833E-05 9.98833E-05 9.98833E-05 9.98833E-05 9.98833E-05
9.98919E-05 0.602719 0.244031 0.0514691 9.98919E-05 9.98919E-05 9.98919E-05 9.98919E-05 9.98919E-05 9.98919E-05 9.98919E-05 0.00459223 9.98919E-05 0.0959907 9.98919E-05 9.98919E-05 9.98919E-05
9.98831E-05 9.98831E-05 0.961702 9.98831E-05 9.98831E-05 0.00315511 0.0194742 9.98831E-05 9.98831E-05 9.98831E-05 9.98831E-05 9.98831E-05 0.0143701 9.98831E-05 9.98831E-05 9.98831E-05 9.98831E-05
9.98653E-05 9.98653E-05 0.997893 9.98653E-05 9.98653E-05 9.98653E-05 9.98653E-05 9.98653E-05 0.000608627 9.98653E-05 9.98653E-05 9.98653E-05 9.98653E-05 9.98653E-05 9.98653E-05 9.98653E-05 9.98653E-05
9.99011E-05 0.478079 0.22152 0.0397269 9.99011E-05 9.99011E-05 9.99011E-05 9.99011E-05 9.99011E-05 9.99011E-05 0.00707268 9.99011E-05 0.0252596 0.227242 9.99011E-05 9.99011E-05 9.99011E-05
9.98739E-05 0.456802 0.510293 9.98739E-05 9.98739E-05 9.98739E-05 9.98739E-05 9.98739E-05 9.98739E-05 9.98739E-05 9.98739E-05 0.0315068 9.98739E-05 9.98739E-05 9.98739E-05 9.98739E-05 9.98739E-05
9.9874E-05 9.9874E-05 9.9874E-05 9.9874E-05 9.9874E-05 0.966169 9.9874E-05 9.9874E-05 9.9874E-05 9.9874E-05 9.9874E-05 9.9874E-05 9.9874E-05 0.0123218 9.9874E-05 9.9874E-05 0.0201108
9.9865E-05 9.9865E-05 9.9865E-05 9.9865E-05 9.9865E-05 0.964307 9.9865E-05 9.9865E-05 9.9865E-05 9.9865E-05 9.9865E-05 9.9865E-05 9.9865E-05 9.9865E-05 9.9865E-05 0.0341952 9.9865E-05
9.98831E-05 0.88672 0.071127 9.98831E-05 9.98831E-05 9.98831E-05 0.0180116 9.98831E-05 9.98831E-05 9.98831E-05 9.98831E-05 9.98831E-05 9.98831E-05 9.98831E-05 9.98831E-05 9.98831E-05 0.022843
0.0102223 9.9892E-05 9.9892E-05 9.9892E-05 9.9892E-05 0.00180032 0.974654 9.9892E-05 9.9892E-05 9.9892E-05 9.9892E-05 9.9892E-05 9.9892E-05 0.00342309 9.9892E-05 9.9892E-05 0.00870115
0.00247535 9.9892E-05 0.0074327 9.9892E-05 9.9892E-05 0.00488053 0.966965 9.9892E-05 9.9892E-05 9.9892E-05 9.9892E-05 9.9892E-05 9.9892E-05 9.9892E-05 9.9892E-05 9.9892E-05 0.0170477
9.98652E-05 9.98652E-05 9.98652E-05 9.98652E-05 0.989371 9.98652E-05 9.98652E-05 9.98652E-05 0.00913093 9.98652E-05 9.98652E-05 9.98652E-05 9.98652E-05 9.98652E-05 9.98652E-05 9.98652E-05 9.98652E-05
9.98652E-05 9.98652E-05 9.98652E-05 9.98652E-05 0.976441 9.98652E-05 9.98652E-05 9.98652E-05 9.98652E-05 9.98652E-05 9.98652E-05 9.98652E-05 9.98652E-05 9.98652E-05 9.98652E-05 0.0220615 9.98652E-05
0.0640889 9.99099E-05 9.99099E-05 0.0791454 9.99099E-05 9.99099E-05 0.0463701 9.99099E-05 0.010304 9.99099E-05 0.749659 9.99099E-05 0.0285492 9.99099E-05 9.99099E-05 0.0208842 9.99099E-05
0.0864476 9.99009E-05 9.99009E-05 0.074236 9.99009E-05 9.99009E-05 0.0302434 9.99009E-05 9.99009E-05 9.99009E-05 0.720285 9.99009E-05 0.0118368 9.99009E-05 9.99009E-05 0.0758523 9.99009E-05
9.98833E-05 9.98833E-05 9.98833E-05 9.98833E-05 0.954213 9.98833E-05 0.0249278 0.0187843 9.98833E-05 9.98833E-05 9.98833E-05 9.98833E-05 9.98833E-05 9.98833E-05 0.000776547 9.98833E-05 9.98833E-05
9.98563E-05 9.98563E-05 9.98563E-05 9.98563E-05 0.998402 9.98563E-05 9.98563E-05 9.98563E-05 9.98563E-05 9.98563E-05 9.98563E-05 9.98563E-05 9.98563E-05 9.98563E-05 9.98563E-05 9.98563E-05 9.98563E-05
9.98801E-05 9.98801E-05 9.98801E-05 9.98801E-05 9.98801E-05 9.98801E-05 0.00156833 9.98801E-05 0.945518 9.98801E-05 9.98801E-05 9.98801E-05 9.98801E-05 9.98801E-05 0.00618267 0.024861 0.0206715
9.98919E-05 9.98919E-05 9.98919E-05 0.675841 9.98919E-05 9.98919E-05 0.0623103 9.98919E-05 9.98919E-05 0.0217745 9.98919E-05 9.98919E-05 9.98919E-05 9.98919E-05 0.0975325 0.141343 9.98919E-05
0.90873 9.9874E-05 9.9874E-05 9.9874E-05 9.9874E-05 9.9874E-05 9.9874E-05 9.9874E-05 9.9874E-05 9.9874E-05 9.9874E-05 9.9874E-05 9.9874E-05 9.9874E-05 0.0409344 9.9874E-05 0.0489375
9.98648E-05 9.98648E-05 9.98648E-05 9.98648E-05 9.98648E-05 9.98648E-05 9.98648E-05 0.806937 9.98648E-05 9.98648E-05 9.98648E-05 9.98648E-05 9.98648E-05 9.98648E-05 9.98648E-05 0.191565 9.98648E-05
9.98923E-05 9.98923E-05 9.98923E-05 9.98923E-05 0.119214 9.98923E-05 9.98923E-05 0.250719 0.121944 9.98923E-05 9.98923E-05 0.226884 9.98923E-05 9.98923E-05 9.98923E-05 0.280041 9.98923E-05
9.9856E-05 9.9856E-05 9.9856E-05 9.9856E-05 9.9856E-05 9.9856E-05 9.9856E-05 9.9856E-05 9.9856E-05 9.9856E-05 9.9856E-05 9.9856E-05 9.9856E-05 0.998402 9.9856E-05 9.9856E-05 9.9856E-05
