9.98738E-05 9.98738E-05 0.0636143 9.98738E-05 9.98738E-05 0.00848598 9.98738E-05 9.98738E-05 9.98738E-05 0.926501 9.98738E-05 9.98738E-05 9.98738E-05 9.98738E-05 9.98738E-05 9.98738E-05 9.98738E-05
9.98829E-05 9.98829E-05 9.98829E-05 9.98829E-05 9.98829E-05 9.98829E-05 9.98829E-05 0.123676 0.652838 9.98829E-05 9.98829E-05 9.98829E-05 0.187498 9.98829E-05 9.98829E-05 9.98829E-05 0.0346892
0.0732797 9.99018E-05 9.99018E-05 9.99018E-05 0.0448169 0.0247651 0.0687729 0.558364 9.99018E-05 9.99018E-05 9.99018E-05 9.99018E-05 9.99018E-05 9.99018E-05 0.228903 9.99018E-05 9.99018E-05
0.0117676 9.9892E-05 9.9892E-05 9.9892E-05 0.036886 0.0368874 9.9892E-05 0.896155 9.9892E-05 9.9892E-05 9.9892E-05 9.9892E-05 9.9892E-05 9.9892E-05 9.9892E-05 0.0171049 9.9892E-05
9.99371E-05 9.99371E-05 0.00704426 0.0243578 0.197286 9.99371E-05 9.99371E-05 0.273925 0.0890231 0.0129282 9.99371E-05 9.99371E-05 0.145216 0.207312 0.000674156 0.0415338 9.99371E-05
9.9883E-05 9.9883E-05 9.9883E-05 0.00353036 0.0114877 9.9883E-05 9.9883E-05 0.957103 9.9883E-05 9.9883E-05 9.9883E-05 9.9883E-05 0.0265801 9.9883E-05 9.9883E-05 9.9883E-05 9.9883E-05
9.98561E-05 9.98561E-05 9.98561E-05 9.98561E-05 9.98561E-05 9.98561E-05 9.98561E-05 9.98561E-05 9.98561E-05 9.98561E-05 9.98561E-05 9.98561E-05 9.98561E-05 0.998402 9.98561E-05 9.98561E-05 9.98561E-05
9.99008E-05 9.99008E-05 0.0697957 9.99008E-05 0.321332 0.00542724 9.99008E-05 9.99008E-05 0.116234 9.99008E-05 9.99008E-05 9.99008E-05 9.99008E-05 9.99008E-05 0.422575 0.0635373 9.99008E-05
9.9874E-05 9.9874E-05 9.9874E-05 9.9874E-05 9.9874E-05 9.9874E-05 9.9874E-05 9.9874E-05 0.0537523 9.9874E-05 9.9874E-05 9.9874E-05 9.9874E-05 0.939553 9.9874E-05 0.00529689 9.9874E-05
9.98652E-05 9.98652E-05 0.870629 9.98652E-05 9.98652E-05 9.98652E-05 9.98652E-05 9.98652E-05 9.98652E-05 9.98652E-05 9.98652E-05 9.98652E-05 9.98652E-05 0.127873 9.98652E-05 9.98652E-05 9.98652E-05
9.98652E-05 9.98652E-05 0.902137 9.98652E-05 9.98652E-05 9.98652E-05 9.98652E-05 9.98652E-05 9.98652E-05 9.98652E-05 9.98652E-05 9.98652E-05 9.98652E-05 0.096365 9.98652E-05 9.98652E-05 9.98652E-05
0.0449222 9.991E-05 9.991E-05 0.0281338 9.991E-05 0.127041 0.136493 9.991E-05 9.991E-05 0.635515 9.991E-05 9.991E-05 9.991E-05 0.0005251 9.991E-05 9.991E-05 0.0263712
9.98744E-05 9.98744E-05 9.98744E-05 9.98744E-05 0.029695 9.98744E-05 0.968305 9.98744E-05 9.98744E-05 9.98744E-05 9.98744E-05 9.98744E-05 9.98744E-05 0.000601449 9.98744E-05 9.98744E-05 9.98744E-05
9.9883E-05 9.9883E-05 9.9883E-05 0.00766716 9.9883E-05 9.9883E-05 9.9883E-05 0.939132 0.0142411 9.9883E-05 0.0376609 9.9883E-05 9.9883E-05 9.9883E-05 9.9883E-05 9.9883E-05 9.9883E-05
9.98831E-05 9.98831E-05 9.98831E-05 9.98831E-05 9.98831E-05 9.98831E-05 9.98831E-05 0.970338 9.98831E-05 0.00962156 0.00594168 9.98831E-05 0.0128006 9.98831E-05 9.98831E-05 9.98831E-05 9.98831E-05
9.9883E-05 9.9883E-05 0.012099 0.091655 9.9883E-05 9.9883E-05 0.105918 9.9883E-05 9.9883E-05 9.9883E-05 9.9883E-05 0.789029 9.9883E-05 9.9883E-05 9.9883E-05 9.9883E-05 9.9883E-05
9.9874E-05 9.9874E-05 0.0469546 9.9874E-05 9.9874E-05 9.9874E-05 9.9874E-05 9.9874E-05 9.9874E-05 9.9874E-05 9.9874E-05 0.00986377 9.9874E-05 9.9874E-05 9.9874E-05 9.9874E-05 0.941783
9.99009E-05 0.00890024 0.0495036 9.99009E-05 9.99009E-05 9.99009E-05 9.99009E-05 9.99009E-05 0.0185789 9.99009E-05 0.748936 9.99009E-05 0.100462 9.99009E-05 9.99009E-05 9.99009E-05 0.0725209
9.98652E-05 0.872992 9.98652E-05 9.98652E-05 9.98652E-05 9.98652E-05 9.98652E-05 9.98652E-05 9.98652E-05 9.98652E-05 0.12551 9.98652E-05 9.98652E-05 9.98652E-05 9.98652E-05 9.98652E-05 9.98652E-05
9.98918E-05 9.98918E-05 0.45015 0.168529 9.98918E-05 0.0288303 9.98918E-05 9.98918E-05 9.98918E-05 0.0524761 9.98918E-05 0.298816 9.98918E-05 9.98918E-05 9.98918E-05 9.98918E-05 9.98918E-05
9.9865E-05 0.103689 9.9865E-05 9.9865E-05 9.9865E-05 9.9865E-05 9.9865E-05 9.9865E-05 9.9865E-05 9.9865E-05 0.894813 9.9865E-05 9.9865E-05 9.9865E-05 9.9865E-05 9.9865E-05 9.9865E-05
9.99009E-05 9.99009E-05 0.0115544 9.99009E-05 9.99009E-05 9.99009E-05 0.0527781 9.99009E-05 9.99009E-05 0.437434 9.99009E-05 0.193824 0.274893 9.99009E-05 9.99009E-05 9.99009E-05 0.0284174
9.9892E-05 0.473738 0.177089 9.9892E-05 0.00844416 0.143009 9.9892E-05 9.9892E-05 9.9892E-05 9.9892E-05 9.9892E-05 9.9892E-05 9.9892E-05 9.9892E-05 9.9892E-05 9.9892E-05 0.196522
9.98559E-05 0.998402 9.98559E-05 9.98559E-05 9.98559E-05 9.98559E-05 9.98559E-05 9.98559E-05 9.98559E-05 9.98559E-05 9.98559E-05 9.98559E-05 9.98559E-05 9.98559E-05 9.98559E-05 9.98559E-05 9.98559E-05
0.543673 9.98742E-05 9.98742E-05 9.98742E-05 9.98742E-05 9.98742E-05 9.98742E-05 0.441258 9.98742E-05 9.98742E-05 9.98742E-05 9.98742E-05 9.98742E-05 9.98742E-05 0.0136705 9.98742E-05 9.98742E-05
0.211065 9.98653E-05 9.98653E-05 9.98653E-05 9.98653E-05 9.98653E-05 9.98653E-05 0.787437 9.98653E-05 9.98653E-05 9.98653E-05 9.98653E-05 9.98653E-05 9.98653E-05 9.98653E-05 9.98653E-05 9.98653E-05
9.98918E-05 9.98918E-05 0.069058 9.98918E-05 9.98918E-05 0.0512328 0.795318 9.98918E-05 9.98918E-05 0.0601346 9.98918E-05 9.98918E-05 9.98918E-05 9.98918E-05 9.98918E-05 9.98918E-05 0.0230583
0.998402 9.98562E-05 9.98562E-05 9.98562E-05 9.98562E-05 9.98562E-05 9.98562E-05 9.98562E-05 9.98562E-05 9.98562E-05 9.98562E-05 9.98562E-05 9.98562E-05 9.98562E-05 9.98562E-05 9.98562E-05 9.98562E-05
0.998402 9.98562E-05 9.98562E-05 9.98562E-05 9.98562E-05 9.98562E-05 9.98562E-05 9.98562E-05 9.98562E-05 9.98562E-05 9.98562E-05 9.98562E-05 9.98562E-05 9.98562E-05 9.98562E-05 9.98562E-05 9.98562E-05
0.180866 9.98923E-05 9.98923E-05 9.98923E-05 0.605806 9.98923E-05 9.98923E-05 0.148591 9.98923E-05 9.98923E-05 9.98923E-05 9.98923E-05 0.00490022 9.98923E-05 9.98923E-05 0.0586385 9.98923E-05
9.98648E-05 9.98648E-05 9.98648E-05 9.98648E-05 0.907385 9.98648E-05 9.98648E-05 0.0911172 9.98648E-05 9.98648E-05 9.98648E-05 9.98648E-05 9.98648E-05 9.98648E-05 9.98648E-05 9.98648E-05 9.98648E-05
9.98564E-05 9.98564E-05 9.98564E-05 9.98564E-05 9.98564E-05 9.98564E-05 9.98564E-05 9.98564E-05 0.998402 9.98564E-05 9.98564E-05 9.98564E-05 9.98564E-05 9.98564E-05 9.98564E-05 9.98564E-05 9.98564E-05
0.196142 9.98831E-05 9.98831E-05 9.98831E-05 9.98831E-05 9.98831E-05 9.98831E-05 0.614895 9.98831E-05 9.98831E-05 9.98831E-05 9.98831E-05 0.0163453 9.98831E-05 0.171319 9.98831E-05 9.98831E-05
0.01215 9.99012E-05 9.99012E-05 9.99012E-05 0.0237064 9.99012E-05 9.99012E-05 9.99012E-05 0.00792804 9.99012E-05 9.99012E-05 9.99012E-05 9.99012E-05 9.99012E-05 0.208786 0.73544 0.0108903
9.99277E-05 9.99277E-05 0.0074377 0.0488019 0.0329778 0.138527 0.464 9.99277E-05 9.99277E-05 0.00412316 9.99277E-05 9.99277E-05 0.0627881 9.99277E-05 0.0144168 9.99277E-05 0.226128
0.553254 9.98919E-05 9.98919E-05 0.0270742 9.98919E-05 9.98919E-05 9.98919E-05 0.396428 9.98919E-05 9.98919E-05 9.98919E-05 9.98919E-05 9.98919E-05 0.00418914 0.0178559 9.98919E-05 9.98919E-05
9.98831E-05 9.98831E-05 9.98831E-05 9.98831E-05 9.98831E-05 9.98831E-05 9.98831E-05 0.0182476 9.98831E-05 0.926601 9.98831E-05 9.98831E-05 9.98831E-05 9.98831E-05 0.0268143 9.98831E-05 0.0270382
9.99099E-05 0.0276578 0.541982 9.99099E-05 9.99099E-05 9.99099E-05 9.99099E-05 9.99099E-05 0.273463 0.0230552 9.99099E-05 9.99099E-05 0.0406511 9.99099E-05 0.0213481 9.99099E-05 0.0708441
9.98741E-05 9.98741E-05 9.98741E-05 9.98741E-05 9.98741E-05 9.98741E-05 9.98741E-05 0.00693976 9.98741E-05 9.98741E-05 9.98741E-05 9.98741E-05 9.98741E-05 9.98741E-05 0.0100922 9.98741E-05 0.98157
9.9865E-05 9.9865E-05 9.9865E-05 9.9865E-05 9.9865E-05 9.9865E-05 9.9865E-05 9.9865E-05 9.9865E-05 9.9865E-05 9.9865E-05 9.9865E-05 0.991667 9.9865E-05 9.9865E-05 9.9865E-05 0.00683485
9.9856E-05 9.9856E-05 9.9856E-05 9.9856E-05 9.9856E-05 9.9856E-05 9.9856E-05 9.9856E-05 9.9856E-05 9.9856E-05 9.9856E-05 9.9856E-05 0.998402 9.9856E-05 9.9856E-05 9.9856E-05 9.9856E-05
9.9892E-05 0.00774315 0.912573 9.9892E-05 9.9892E-05 9.9892E-05 9.9892E-05 9.9892E-05 9.9892E-05 0.0102222 9.9892E-05 0.00319041 0.0650724 9.9892E-05 9.9892E-05 9.9892E-05 9.9892E-05
9.9892E-05 0.0187815 9.9892E-05 9.9892E-05 9.9892E-05 9.9892E-05 0.0338578 9.9892E-05 9.9892E-05 0.0310059 9.9892E-05 0.838758 9.9892E-05 0.0763984 9.9892E-05 9.9892E-05 9.9892E-05
0.0135468 9.98919E-05 0.869972 0.103724 9.98919E-05 9.98919E-05 9.98919E-05 9.98919E-05 9.98919E-05 0.0113647 9.98919E-05 0.000194193 9.98919E-05 9.98919E-05 9.98919E-05 9.98919E-05 9.98919E-05
9.99279E-05 0.147538 0.317153 0.0376844 9.99279E-05 0.0679658 0.140995 9.99279E-05 0.0566853 0.00163026 9.99279E-05 0.0422428 0.187306 9.99279E-05 9.99279E-05 9.99279E-05 9.99279E-05
9.9928E-05 9.9928E-05 0.387891 0.128451 0.0604372 9.9928E-05 0.0021508 9.9928E-05 0.0281963 0.0713911 0.0226823 0.0838251 0.214176 9.9928E-05 9.9928E-05 9.9928E-05 9.9928E-05
9.99201E-05 9.99201E-05 0.208359 0.229375 0.039255 9.99201E-05 0.0880812 0.0656319 9.99201E-05 0.163392 9.99201E-05 9.99201E-05 9.99201E-05 0.0307872 9.99201E-05 0.0196282 0.154691
9.9866E-05 0.0207799 9.9866E-05 9.9866E-05 9.9866E-05 9.9866E-05 9.9866E-05 9.9866E-05 9.9866E-05 0.977722 9.9866E-05 9.9866E-05 9.9866E-05 9.9866E-05 9.9866E-05 9.9866E-05 9.9866E-05
9.98652E-05 9.98652E-05 9.98652E-05 9.98652E-05 9.98652E-05 9.98652E-05 9.98652E-05 9.98652E-05 9.98652E-05 9.98652E-05 9.98652E-05 9.98652E-05 9.98652E-05 0.000350209 9.98652E-05 0.998152 9.98652E-05
9.98563E-05 9.98563E-05 9.98563E-05 9.98563E-05 9.98563E-05 9.98563E-05 9.98563E-05 9.98563E-05 9.98563E-05 9.98563E-05 9.98563E-05 9.98563E-05 9.98563E-05 9.98563E-05 9.98563E-05 0.998402 9.98563E-05
9.98742E-05 9.98742E-05 9.98742E-05 9.98742E-05 9.98742E-05 9.98742E-05 9.98742E-05 9.98742E-05 9.98742E-05 9.98742E-05 9.98742E-05 0.0154443 0.0304932 9.98742E-05 9.98742E-05 0.952664 9.98742E-05
9.98564E-05 9.98564E-05 9.98564E-05 9.98564E-05 9.98564E-05 9.98564E-05 9.98564E-05 9.98564E-05 9.98564E-05 9.98564E-05 9.98564E-05 9.98564E-05 9.98564E-05 9.98564E-05 9.98564E-05 0.998402 9.98564E-05
0.011305 9.98652E-05 9.98652E-05 9.98652E-05 9.98652E-05 9.98652E-05 9.98652E-05 9.98652E-05 9.98652E-05 9.98652E-05 9.98652E-05 9.98652E-05 9.98652E-05 9.98652E-05 9.98652E-05 0.987197 9.98652E-05
9.99192E-05 9.99192E-05 9.99192E-05 9.99192E-05 0.40979 9.99192E-05 9.99192E-05 9.99192E-05 0.00981426 0.0111515 0.0481386 0.0725796 9.99192E-05 0.0684383 0.0429296 0.336259 9.99192E-05
9.98832E-05 9.98832E-05 9.98832E-05 9.98832E-05 9.98832E-05 9.98832E-05 0.00121655 9.98832E-05 0.0556759 9.98832E-05 9.98832E-05 0.0159477 9.98832E-05 9.98832E-05 9.98832E-05 0.925861 9.98832E-05
9.98738E-05 9.98738E-05 9.98738E-05 0.0474474 9.98738E-05 9.98738E-05 9.98738E-05 9.98738E-05 9.98738E-05 0.807079 9.98738E-05 0.144075 9.98738E-05 9.98738E-05 9.98738E-05 9.98738E-05 9.98738E-05
0.0443338 9.99009E-05 9.99009E-05 0.00783071 9.99009E-05 9.99009E-05 9.99009E-05 9.99009E-05 0.881827 9.99009E-05 9.99009E-05 0.000903268 9.99009E-05 0.0341878 9.99009E-05 0.0298187 9.99009E-05
0.407046 9.98829E-05 9.98829E-05 9.98829E-05 9.98829E-05 9.98829E-05 9.98829E-05 0.560314 9.98829E-05 9.98829E-05 9.98829E-05 9.98829E-05 0.0274788 9.98829E-05 9.98829E-05 9.98829E-05 0.00386232
9.98921E-05 9.98921E-05 9.98921E-05 9.98921E-05 9.98921E-05 0.0402843 0.792666 9.98921E-05 9.98921E-05 9.98921E-05 9.98921E-05 0.0216065 0.142613 9.98921E-05 9.98921E-05 0.00163126 9.98921E-05
9.98743E-05 9.98743E-05 9.98743E-05 0.0907048 9.98743E-05 9.98743E-05 0.0377651 9.98743E-05 9.98743E-05 9.98743E-05 9.98743E-05 0.870132 9.98743E-05 9.98743E-05 9.98743E-05 9.98743E-05 9.98743E-05
9.98655E-05 9.98655E-05 9.98655E-05 9.98655E-05 9.98655E-05 9.98655E-05 0.973675 9.98655E-05 9.98655E-05 9.98655E-05 9.98655E-05 9.98655E-05 9.98655E-05 9.98655E-05 0.0248266 9.98655E-05 9.98655E-05
9.98649E-05 9.98649E-05 0.0968472 9.98649E-05 9.98649E-05 9.98649E-05 0.901655 9.98649E-05 9.98649E-05 9.98649E-05 9.98649E-05 9.98649E-05 9.98649E-05 9.98649E-05 9.98649E-05 9.98649E-05 9.98649E-05
9.98829E-05 9.98829E-05 0.0864975 0.0697302 9.98829E-05 0.0238759 0.818598 9.98829E-05 9.98829E-05 9.98829E-05 9.98829E-05 9.98829E-05 9.98829E-05 9.98829E-05 9.98829E-05 9.98829E-05 9.98829E-05
9.98563E-05 9.98563E-05 9.98563E-05 9.98563E-05 9.98563E-05 9.98563E-05 9.98563E-05 9.98563E-05 9.98563E-05 9.98563E-05 0.998402 9.98563E-05 9.98563E-05 9.98563E-05 9.98563E-05 9.98563E-05 9.98563E-05
0.575995 9.98656E-05 9.98656E-05 9.98656E-05 9.98656E-05 9.98656E-05 9.98656E-05 0.422507 9.98656E-05 9.98656E-05 9.98656E-05 9.98656E-05 9.98656E-05 9.98656E-05 9.98656E-05 9.98656E-05 9.98656E-05
0.209477 0.0214821 0.029377 0.0801709 9.99552E-05 0.0438147 9.99552E-05 0.0279724 9.99552E-05 0.0268273 9.99552E-05 0.0327184 0.24421 9.99552E-05 0.190921 0.0235632 0.0689662
9.98654E-05 9.98654E-05 9.98654E-05 9.98654E-05 9.98654E-05 9.98654E-05 9.98654E-05 0.886029 9.98654E-05 9.98654E-05 9.98654E-05 9.98654E-05 9.98654E-05 9.98654E-05 0.112473 9.98654E-05 9.98654E-05
0.182241 9.991E-05 9.991E-05 9.991E-05 0.031288 9.991E-05 9.991E-05 0.698325 9.991E-05 0.013551 9.991E-05 9.991E-05 9.991E-05 0.00858892 9.991E-05 0.0282751 0.036732
0.9802 9.98741E-05 9.98741E-05 9.98741E-05 0.00333162 9.98741E-05 9.98741E-05 9.98741E-05 9.98741E-05 9.98741E-05 9.98741E-05 0.0150699 9.98741E-05 9.98741E-05 9.98741E-05 9.98741E-05 9.98741E-05
0.998402 9.98563E-05 9.98563E-05 9.98563E-05 9.98563E-05 9.98563E-05 9.98563E-05 9.98563E-05 9.98563E-05 9.98563E-05 9.98563E-05 9.98563E-05 9.98563E-05 9.98563E-05 9.98563E-05 9.98563E-05 9.98563E-05
0.131653 9.98921E-05 0.00627526 9.98921E-05 0.286071 9.98921E-05 9.98921E-05 0.516325 9.98921E-05 9.98921E-05 9.98921E-05 9.98921E-05 0.0584773 9.98921E-05 9.98921E-05 9.98921E-05 9.98921E-05
0.444624 9.99009E-05 9.99009E-05 0.00975526 9.99009E-05 9.99009E-05 9.99009E-05 0.5073 9.99009E-05 9.99009E-05 9.99009E-05 9.99009E-05 0.00376738 0.00702176 9.99009E-05 9.99009E-05 0.0264328
9.9865E-05 9.9865E-05 9.9865E-05 9.9865E-05 9.9865E-05 9.9865E-05 9.9865E-05 9.9865E-05 9.9865E-05 9.9865E-05 9.9865E-05 9.9865E-05 9.9865E-05 9.9865E-05 0.984818 0.0136838 9.9865E-05
9.98739E-05 9.98739E-05 9.98739E-05 9.98739E-05 9.98739E-05 9.98739E-05 0.0295497 9.98739E-05 9.98739E-05 9.98739E-05 9.98739E-05 9.98739E-05 9.98739E-05 0.00762016 0.961432 9.98739E-05 9.98739E-05
0.0716912 9.98831E-05 9.98831E-05 9.98831E-05 9.98831E-05 9.98831E-05 9.98831E-05 0.87047 9.98831E-05 9.98831E-05 9.98831E-05 0.0227188 9.98831E-05 9.98831E-05 9.98831E-05 0.0338218 9.98831E-05
9.9892E-05 9.9892E-05 9.9892E-05 9.9892E-05 9.9892E-05 0.0060144 9.9892E-05 0.0117514 9.9892E-05 9.9892E-05 9.9892E-05 0.961344 9.9892E-05 0.00602188 9.9892E-05 0.0136701 9.9892E-05
9.9883E-05 9.9883E-05 9.9883E-05 9.9883E-05 9.9883E-05 0.000861852 9.9883E-05 0.0125912 9.9883E-05 9.9883E-05 9.9883E-05 0.984485 9.9883E-05 9.9883E-05 0.000763389 9.9883E-05 9.9883E-05
9.98563E-05 9.98563E-05 9.98563E-05 9.98563E-05 9.98563E-05 0.998402 9.98563E-05 9.98563E-05 9.98563E-05 9.98563E-05 9.98563E-05 9.98563E-05 9.98563E-05 9.98563E-05 9.98563E-05 9.98563E-05 9.98563E-05
9.98563E-05 9.98563E-05 9.98563E-05 9.98563E-05 9.98563E-05 0.998402 9.98563E-05 9.98563E-05 9.98563E-05 9.98563E-05 9.98563E-05 9.98563E-05 9.98563E-05 9.98563E-05 9.98563E-05 9.98563E-05 9.98563E-05
9.99009E-05 9.99009E-05 0.766391 9.99009E-05 9.99009E-05 9.99009E-05 0.0425033 9.99009E-05 0.06333 0.000517893 9.99009E-05 0.042681 0.0834778 9.99009E-05 9.99009E-05 9.99009E-05 9.99009E-05
0.00201295 9.99099E-05 0.718493 9.99099E-05 9.99099E-05 9.99099E-05 0.0645088 9.99099E-05 0.0514437 9.99099E-05 9.99099E-05 0.030679 0.109645 0.0222182 9.99099E-05 9.99099E-05 9.99099E-05
9.98832E-05 9.98832E-05 0.00904356 9.98832E-05 9.98832E-05 0.959591 9.98832E-05 9.98832E-05 9.98832E-05 9.98832E-05 9.98832E-05 0.0165349 9.98832E-05 9.98832E-05 0.0135316 9.98832E-05 9.98832E-05
9.98563E-05 9.98563E-05 9.98563E-05 9.98563E-05 9.98563E-05 0.998402 9.98563E-05 9.98563E-05 9.98563E-05 9.98563E-05 9.98563E-05 9.98563E-05 9.98563E-05 9.98563E-05 9.98563E-05 9.98563E-05 9.98563E-05
9.98739E-05 9.98739E-05 9.98739E-05 9.98739E-05 9.98739E-05 9.98739E-05 0.0385084 9.98739E-05 9.98739E-05 0.949073 9.98739E-05 9.98739E-05 9.98739E-05 9.98739E-05 9.98739E-05 0.0110199 9.98739E-05
9.98919E-05 0.0196465 9.98919E-05 9.98919E-05 9.98919E-05 9.98919E-05 0.124926 9.98919E-05 9.98919E-05 9.98919E-05 9.98919E-05 0.0598291 0.677168 0.117232 9.98919E-05 9.98919E-05 9.98919E-05
9.98741E-05 9.98741E-05 9.98741E-05 9.98741E-05 9.98741E-05 9.98741E-05 9.98741E-05 9.98741E-05 0.915363 9.98741E-05 9.98741E-05 9.98741E-05 9.98741E-05 0.0343709 9.98741E-05 0.0488682 9.98741E-05
9.9883E-05 0.0331547 0.0244403 0.935876 9.9883E-05 9.9883E-05 9.9883E-05 9.9883E-05 0.00523033 9.9883E-05 9.9883E-05 9.9883E-05 9.9883E-05 9.9883E-05 9.9883E-05 9.9883E-05 9.9883E-05
9.98652E-05 9.98652E-05 9.98652E-05 0.97978 9.98652E-05 9.98652E-05 9.98652E-05 9.98652E-05 9.98652E-05 0.0187221 9.98652E-05 9.98652E-05 9.98652E-05 9.98652E-05 9.98652E-05 9.98652E-05 9.98652E-05
9.9856E-05 9.9856E-05 9.9856E-05 9.9856E-05 0.998402 9.9856E-05 9.9856E-05 9.9856E-05 9.9856E-05 9.9856E-05 9.9856E-05 9.9856E-05 9.9856E-05 9.9856E-05 9.9856E-05 9.9856E-05 9.9856E-05
