0.9994 9.995E-05 9.995E-05 9.995E-05 9.995E-05 9.995E-05 9.995E-05
0.288091 0.137108 9.9982E-05 0.258641 0.305683 9.9982E-05 0.0102772
9.99822E-05 9.99822E-05 0.0892777 0.7497 0.1214 0.0303029 0.00911917
9.9964E-05 0.000855871 9.9964E-05 0.972991 9.9964E-05 9.9964E-05 0.0257535
0.150536 0.0690252 9.99731E-05 0.385175 0.394964 9.99731E-05 9.99731E-05
9.9964E-05 9.9964E-05 0.0127468 0.967103 9.9964E-05 9.9964E-05 0.0197498
9.99549E-05 9.99549E-05 0.0645845 9.99549E-05 0.934916 9.99549E-05 9.99549E-05
9.9973E-05 0.207174 9.9973E-05 0.412436 0.339877 9.9973E-05 0.0402124
9.99549E-05 9.99549E-05 0.0484337 9.99549E-05 0.951066 9.99549E-05 9.99549E-05
0.500933 9.9964E-05 9.9964E-05 9.9964E-05 0.391631 9.9964E-05 0.107037
0.54167 9.9973E-05 0.0306999 9.9973E-05 0.343941 9.9973E-05 0.0833891
0.637011 9.9973E-05 0.206996 0.028162 9.9973E-05 9.9973E-05 0.127531
9.995E-05 9.995E-05 0.9994 9.995E-05 9.995E-05 9.995E-05 9.995E-05
0.0338195 9.9964E-05 9.9964E-05 0.940728 9.9964E-05 0.0250527 9.9964E-05
0.0469133 9.9964E-05 9.9964E-05 0.934217 9.9964E-05 0.0184694 9.9964E-05
0.507663 0.0473151 0.369319 9.9982E-05 0.0736805 9.9982E-05 0.00182239
0.305852 9.9973E-05 0.273992 9.9973E-05 9.9973E-05 0.0928075 0.327048
0.158139 0.0199778 9.99729E-05 9.99729E-05 0.09375 0.727833 9.99729E-05
9.9955E-05 9.9955E-05 9.9955E-05 9.9955E-05 9.9955E-05 0.921416 0.0780847
0.722146 0.00630413 0.107095 9.9982E-05 0.038874 9.9982E-05 0.125381
9.995E-05 9.995E-05 9.995E-05 9.995E-05 9.995E-05 0.9994 9.995E-05
0.879977 9.9955E-05 0.119523 9.9955E-05 9.9955E-05 9.9955E-05 9.9955E-05
0.0270424 0.0262403 9.9991E-05 0.0128456 0.0997915 0.436858 0.397122
9.99549E-05 9.99549E-05 9.99549E-05 9.99549E-05 9.99549E-05 0.890556 0.108944
9.99551E-05 9.99551E-05 9.99551E-05 0.982578 0.016922 9.99551E-05 9.99551E-05
9.995E-05 9.995E-05 9.995E-05 0.9994 9.995E-05 9.995E-05 9.995E-05
0.153088 9.99639E-05 0.815607 9.99639E-05 9.99639E-05 9.99639E-05 0.0309051
9.9973E-05 0.0412475 0.0172665 0.929721 0.0114647 9.9973E-05 9.9973E-05
9.9973E-05 0.0671038 0.0282344 0.890667 0.0136953 9.9973E-05 9.9973E-05
9.999E-05 0.153526 0.0187042 0.752664 0.0309842 0.0369862 0.00703515
9.9973E-05 0.171348 9.9973E-05 0.663212 0.130075 9.9973E-05 0.0350645
0.155712 0.288899 9.99731E-05 0.110867 0.444221 9.99731E-05 9.99731E-05
9.99551E-05 9.99551E-05 9.99551E-05 0.994992 9.99551E-05 9.99551E-05 0.0045078
9.99731E-05 0.785735 9.99731E-05 0.13585 0.0586596 9.99731E-05 0.0194548
0.212257 9.99729E-05 0.585885 0.0309163 9.99729E-05 9.99729E-05 0.170642
0.00149429 9.99729E-05 0.00800745 0.984138 0.00606072 9.99729E-05 9.99729E-05
0.946768 9.99552E-05 9.99552E-05 0.0527322 9.99552E-05 9.99552E-05 9.99552E-05
0.640549 0.0421587 9.9991E-05 0.0277659 0.223061 0.0542055 0.0121597
0.211624 9.9982E-05 0.204415 0.159484 9.9982E-05 0.0563329 0.367944
0.858879 9.99639E-05 9.99639E-05 0.137653 9.99639E-05 9.99639E-05 0.00306793
0.85515 9.9982E-05 9.9982E-05 0.0842052 0.0351829 0.0111627 0.0140991
0.826219 9.9982E-05 0.0333259 9.9982E-05 0.0285971 0.0299147 0.0817429
0.5496 9.99639E-05 0.196309 9.99639E-05 0.253691 9.99639E-05 9.99639E-05
0.704045 0.0631775 0.106074 9.9991E-05 0.00641469 0.0136185 0.10657
0.46257 9.99819E-05 0.172685 9.99819E-05 0.0683852 0.143511 0.152648
0.662806 9.9991E-05 0.0641085 0.0568806 0.0909585 0.0547865 0.07036
0.488215 0.066441 0.290291 0.0904317 9.9982E-05 9.9982E-05 0.0644214
0.991909 9.99555E-05 9.99555E-05 9.99555E-05 9.99555E-05 0.00759091 9.99555E-05
9.995E-05 0.9994 9.995E-05 9.995E-05 9.995E-05 9.995E-05 9.995E-05
9.9955E-05 0.994593 9.9955E-05 9.9955E-05 9.9955E-05 0.00490692 9.9955E-05
0.0109756 0.975433 0.0131911 9.9964E-05 9.9964E-05 9.9964E-05 9.9964E-05
9.9955E-05 0.995469 9.9955E-05 0.00403116 9.9955E-05 9.9955E-05 9.9955E-05
9.995E-05 0.9994 9.995E-05 9.995E-05 9.995E-05 9.995E-05 9.995E-05
9.9973E-05 0.459797 9.9973E-05 0.226311 0.259464 0.0541273 9.9973E-05
0.0164106 0.98309 9.9955E-05 9.9955E-05 9.9955E-05 9.9955E-05 9.9955E-05
0.939262 9.9955E-05 0.060238 9.9955E-05 9.9955E-05 9.9955E-05 9.9955E-05
0.166626 0.272725 9.99819E-05 0.0944203 0.458985 9.99819E-05 0.00704336
0.0188478 9.99639E-05 9.99639E-05 0.979213 9.99639E-05 9.99639E-05 0.00153976
0.11177 0.0246639 0.863167 9.9964E-05 9.9964E-05 9.9964E-05 9.9964E-05
0.492105 9.9973E-05 0.31528 0.040765 0.15155 9.9973E-05 9.9973E-05
9.99551E-05 9.99551E-05 0.977202 9.99551E-05 0.0222986 9.99551E-05 9.99551E-05
0.0898009 9.99549E-05 0.909699 9.99549E-05 9.99549E-05 9.99549E-05 9.99549E-05
0.0801927 9.99639E-05 0.854505 9.99639E-05 9.99639E-05 9.99639E-05 0.0649027
0.0746272 0.0124992 9.99641E-05 9.99641E-05 9.99641E-05 0.912474 9.99641E-05
9.995E-05 9.995E-05 9.995E-05 0.9994 9.995E-05 9.995E-05 9.995E-05
0.265632 0.131932 0.100037 0.340351 0.0853889 0.0138761 0.062783
9.99552E-05 9.99552E-05 0.0200688 0.979431 9.99552E-05 9.99552E-05 9.99552E-05
0.0575808 0.00157087 9.9964E-05 0.940449 9.9964E-05 9.9964E-05 9.9964E-05
9.9973E-05 0.0296455 0.0247484 0.913362 0.0319445 9.9973E-05 9.9973E-05
0.0235041 0.0219678 9.9982E-05 0.920986 0.011718 0.0216241 9.9982E-05
0.0471402 9.99731E-05 9.99731E-05 0.912593 0.0302578 9.99731E-05 0.00970901
9.9955E-05 9.9955E-05 9.9955E-05 0.998288 9.9955E-05 9.9955E-05 0.00121196
9.99641E-05 0.225243 9.99641E-05 0.487997 0.28636 9.99641E-05 9.99641E-05
9.99731E-05 0.0663132 0.0333636 0.454619 0.445404 9.99731E-05 9.99731E-05
0.0219466 0.0169455 9.9973E-05 0.950982 9.9973E-05 0.00982646 9.9973E-05
0.543322 0.0174012 0.0282013 0.0352569 0.285699 9.9991E-05 0.0900201
0.513265 0.0305698 0.0740194 0.0356312 0.281843 9.9991E-05 0.0645719
9.995E-05 9.995E-05 9.995E-05 9.995E-05 9.995E-05 9.995E-05 0.9994
9.995E-05 9.995E-05 9.995E-05 9.995E-05 9.995E-05 9.995E-05 0.9994
0.738699 9.99819E-05 0.0267311 9.99819E-05 0.161304 0.00576586 0.0673002
0.687484 9.99819E-05 0.05327 9.99819E-05 0.187436 0.0163428 0.0552673
9.995E-05 9.995E-05 9.995E-05 9.995E-05 9.995E-05 9.995E-05 0.9994
9.995E-05 9.995E-05 9.995E-05 9.995E-05 9.995E-05 9.995E-05 0.9994
0.987555 9.99551E-05 0.0119457 9.99551E-05 9.99551E-05 9.99551E-05 9.99551E-05
0.490453 9.99729E-05 0.237927 9.99729E-05 0.213474 0.0578455 9.99729E-05
0.118136 0.301385 9.99729E-05 0.0660221 0.514157 9.99729E-05 9.99729E-05
0.175218 0.0296679 0.391763 0.0433833 9.9991E-05 0.121513 0.238355
0.225279 9.99731E-05 0.446304 9.99731E-05 9.99731E-05 0.0700469 0.258071
9.99821E-05 0.138698 9.99821E-05 0.621812 0.206125 0.00842971 0.0247359
