0.935616 9.99639E-05 9.99639E-05 9.99639E-05 9.99639E-05 0.0362873 0.0276965
0.191812 9.9982E-05 0.182064 0.361414 9.9982E-05 0.257714 0.00679543
9.999E-05 0.0838145 0.0324509 0.776429 0.0238821 0.0217111 0.0616128
9.9955E-05 9.9955E-05 9.9955E-05 0.961011 9.9955E-05 9.9955E-05 0.038489
0.094866 9.99731E-05 0.187727 0.494102 9.99731E-05 0.223004 9.99731E-05
9.9955E-05 9.9955E-05 9.9955E-05 0.991631 9.9955E-05 0.00786873 9.9955E-05
9.99731E-05 0.44286 0.340413 0.00110316 9.99731E-05 0.215324 9.99731E-05
9.99731E-05 9.99731E-05 0.397739 0.423491 9.99731E-05 0.160543 0.0179274
9.99731E-05 0.335834 0.354275 0.0102233 9.99731E-05 0.299368 9.99731E-05
9.995E-05 9.995E-05 9.995E-05 9.995E-05 9.995E-05 0.9994 9.995E-05
9.995E-05 9.995E-05 9.995E-05 9.995E-05 9.995E-05 0.9994 9.995E-05
0.675977 0.195039 9.9973E-05 0.00955482 9.9973E-05 9.9973E-05 0.119129
9.9955E-05 0.989774 9.9955E-05 0.00972626 9.9955E-05 9.9955E-05 9.9955E-05
0.0428398 9.9964E-05 9.9964E-05 0.937617 0.0191433 9.9964E-05 9.9964E-05
0.0381634 9.9964E-05 9.9964E-05 0.940194 0.0212432 9.9964E-05 9.9964E-05
0.0818201 0.266385 0.0111522 0.0195265 9.9982E-05 0.620916 9.9982E-05
9.9973E-05 0.166939 9.9973E-05 9.9973E-05 0.0586359 0.476113 0.298013
0.0874469 9.99729E-05 0.0564242 9.99729E-05 0.705452 0.150377 9.99729E-05
9.9955E-05 9.9955E-05 9.9955E-05 9.9955E-05 0.905127 9.9955E-05 0.0943734
0.152442 0.00550581 9.9973E-05 9.9973E-05 9.9973E-05 0.751797 0.0899551
9.995E-05 9.995E-05 9.995E-05 9.995E-05 0.9994 9.995E-05 9.995E-05
0.593312 0.0637846 9.9964E-05 9.9964E-05 9.9964E-05 0.342503 9.9964E-05
9.9973E-05 9.9973E-05 0.00417018 9.9973E-05 0.415809 0.254171 0.32555
9.9955E-05 9.9955E-05 9.9955E-05 9.9955E-05 0.918632 9.9955E-05 0.0808684
9.99551E-05 9.99551E-05 0.00646364 0.993037 9.99551E-05 9.99551E-05 9.99551E-05
9.995E-05 9.995E-05 9.995E-05 0.9994 9.995E-05 9.995E-05 9.995E-05
0.106665 0.748007 9.99729E-05 9.99729E-05 9.99729E-05 0.075932 0.0690962
9.9955E-05 9.9955E-05 0.0548528 0.944647 9.9955E-05 9.9955E-05 9.9955E-05
9.9964E-05 0.00857259 0.0731913 0.917836 9.9964E-05 9.9964E-05 9.9964E-05
9.99731E-05 9.99731E-05 0.283388 0.663238 0.0279895 9.99731E-05 0.0250851
9.9973E-05 9.9973E-05 0.241252 0.702471 0.000815243 9.9973E-05 0.0551617
0.229776 9.99731E-05 0.508936 0.120063 9.99731E-05 0.140925 9.99731E-05
9.995E-05 9.995E-05 9.995E-05 0.9994 9.995E-05 9.995E-05 9.995E-05
9.9973E-05 0.0126506 0.89438 0.0632346 9.9973E-05 9.9973E-05 0.029435
0.0576207 0.574138 0.0324381 0.0427815 9.9991E-05 0.0903223 0.2026
9.99549E-05 0.0182022 9.99549E-05 0.981298 9.99549E-05 9.99549E-05 9.99549E-05
0.993537 9.9955E-05 9.9955E-05 0.0059632 9.9955E-05 9.9955E-05 9.9955E-05
0.117443 9.9982E-05 0.0633017 0.0487085 0.022202 0.748145 9.9982E-05
9.9982E-05 0.156977 9.9982E-05 0.125607 0.0537764 0.313334 0.350105
0.209168 9.9964E-05 9.9964E-05 0.111839 9.9964E-05 0.678593 9.9964E-05
0.262873 9.9982E-05 9.9982E-05 0.0573627 0.0011134 0.671369 0.00708194
9.9964E-05 0.00172683 9.9964E-05 9.9964E-05 9.9964E-05 0.996256 0.00161763
0.141129 0.231462 9.9964E-05 9.9964E-05 9.9964E-05 0.627009 9.9964E-05
0.0226364 0.0289572 9.9982E-05 9.9982E-05 0.00218212 0.900201 0.0458235
0.06644 0.193862 9.9982E-05 9.9982E-05 0.106518 0.512107 0.120872
0.155998 0.0681653 9.9991E-05 0.0756691 0.0326752 0.646634 0.0207583
0.240574 0.250664 0.0278308 0.127993 9.9991E-05 0.233373 0.119466
0.984672 9.99552E-05 9.99552E-05 9.99552E-05 0.0148282 9.99552E-05 9.99552E-05
9.995E-05 9.995E-05 0.9994 9.995E-05 9.995E-05 9.995E-05 9.995E-05
9.99549E-05 9.99549E-05 0.997739 9.99549E-05 0.0017611 9.99549E-05 9.99549E-05
9.9973E-05 9.9973E-05 0.981567 9.9973E-05 0.00311176 0.00723471 0.00778615
9.995E-05 9.995E-05 0.9994 9.995E-05 9.995E-05 9.995E-05 9.995E-05
9.995E-05 9.995E-05 0.9994 9.995E-05 9.995E-05 9.995E-05 9.995E-05
9.99821E-05 0.0283717 0.664445 0.189377 0.0344496 0.0831575 9.99821E-05
0.0203566 9.99639E-05 0.966155 9.99639E-05 9.99639E-05 9.99639E-05 0.0130888
0.892834 0.0605779 9.99639E-05 9.99639E-05 9.99639E-05 0.0461886 9.99639E-05
0.24339 9.9973E-05 0.44562 0.157373 9.9973E-05 0.153317 9.9973E-05
0.0138985 9.99639E-05 9.99639E-05 0.98271 9.99639E-05 9.99639E-05 0.00299162
0.119937 0.821143 0.0117593 9.9973E-05 9.9973E-05 9.9973E-05 0.0468609
0.150805 0.311776 9.9973E-05 0.056309 9.9973E-05 0.48081 9.9973E-05
9.995E-05 0.9994 9.995E-05 9.995E-05 9.995E-05 9.995E-05 9.995E-05
0.0575929 0.869067 9.99639E-05 9.99639E-05 9.99639E-05 0.0729402 9.99639E-05
0.013925 0.798968 9.99819E-05 9.99819E-05 0.00652764 0.11544 0.0649388
0.0969308 9.99641E-05 0.0119419 9.99641E-05 0.890727 9.99641E-05 9.99641E-05
9.99552E-05 9.99552E-05 9.99552E-05 0.979723 9.99552E-05 9.99552E-05 0.0197771
0.0790254 0.0979676 9.99943E-05 0.325358 0.0258085 0.419463 0.0522784
9.99552E-05 0.0189791 9.99552E-05 0.980521 9.99552E-05 9.99552E-05 9.99552E-05
0.0308038 9.9964E-05 0.00658514 0.962211 9.9964E-05 9.9964E-05 9.9964E-05
9.9964E-05 0.0253941 0.0478742 0.926332 9.9964E-05 9.9964E-05 9.9964E-05
0.0109753 9.9973E-05 0.0348097 0.947635 0.00628039 9.9973E-05 9.9973E-05
0.0313172 9.9973E-05 9.9973E-05 0.931385 9.9973E-05 0.0310045 0.00599353
9.99549E-05 0.000109706 9.99549E-05 0.999391 9.99549E-05 9.99549E-05 9.99549E-05
9.99732E-05 0.00618248 0.452353 0.525323 9.99732E-05 0.0158415 9.99732E-05
9.99642E-05 0.163915 0.330331 0.505354 9.99642E-05 9.99642E-05 9.99642E-05
9.9973E-05 9.9973E-05 0.0506247 0.947198 0.000188452 9.9973E-05 0.00168862
0.084022 0.0788286 0.0368255 0.0893699 9.9991E-05 0.691334 0.0195197
0.0557428 0.111626 0.0559953 0.0732023 9.9982E-05 0.703234 9.9982E-05
9.995E-05 9.995E-05 9.995E-05 9.995E-05 9.995E-05 9.995E-05 0.9994
9.995E-05 9.995E-05 9.995E-05 9.995E-05 9.995E-05 9.995E-05 0.9994
0.0394363 0.0117918 9.9964E-05 9.9964E-05 9.9964E-05 0.948372 9.9964E-05
0.00191942 0.0307911 9.9964E-05 9.9964E-05 9.9964E-05 0.96689 9.9964E-05
9.9955E-05 9.9955E-05 9.9955E-05 9.9955E-05 9.9955E-05 0.00217526 0.997325
9.995E-05 9.995E-05 9.995E-05 9.995E-05 9.995E-05 9.995E-05 0.9994
0.966724 0.0327757 9.99549E-05 9.99549E-05 9.99549E-05 9.99549E-05 9.99549E-05
0.053234 0.216513 9.9973E-05 9.9973E-05 0.0402515 0.689701 9.9973E-05
0.202211 9.9973E-05 0.518961 0.0964006 9.9973E-05 0.182128 9.9973E-05
0.0182647 0.35631 9.9991E-05 0.0524517 0.116556 0.212001 0.244316
0.179134 0.422229 9.99731E-05 9.99731E-05 0.0824378 9.99731E-05 0.315899
9.99821E-05 0.00373168 0.286859 0.651123 0.0491368 9.99821E-05 0.00894887
