9.98469E-05 9.98469E-05 9.98469E-05 9.98469E-05 9.98469E-05 9.98469E-05 9.98469E-05 9.98469E-05 9.98469E-05 9.98469E-05 9.98469E-05 9.98469E-05 9.98469E-05 9.98469E-05 0.0824909 9.98469E-05 0.915812 9.98469E-05 9.98469E-05
9.98739E-05 9.98739E-05 9.98739E-05 9.98739E-05 9.98739E-05 9.98739E-05 0.0149505 9.98739E-05 9.98739E-05 0.0342824 9.98739E-05 0.669425 0.109295 9.98739E-05 9.98739E-05 0.170649 9.98739E-05 9.98739E-05 9.98739E-05
0.110288 0.0167001 9.98929E-05 9.98929E-05 0.0585384 0.166267 9.98929E-05 9.98929E-05 9.98929E-05 0.0926556 9.98929E-05 9.98929E-05 0.540214 9.98929E-05 9.98929E-05 9.98929E-05 9.98929E-05 0.0141379 9.98929E-05
0.0450758 9.98741E-05 9.98741E-05 9.98741E-05 9.98741E-05 9.98741E-05 9.98741E-05 9.98741E-05 9.98741E-05 9.98741E-05 9.98741E-05 9.98741E-05 0.922617 0.0108246 9.98741E-05 9.98741E-05 9.98741E-05 0.0191096 0.000974974
9.98382E-05 9.98382E-05 9.98382E-05 9.98382E-05 9.98382E-05 9.98382E-05 9.98382E-05 9.98382E-05 9.98382E-05 0.998203 9.98382E-05 9.98382E-05 9.98382E-05 9.98382E-05 9.98382E-05 9.98382E-05 9.98382E-05 9.98382E-05 9.98382E-05
9.9865E-05 9.9865E-05 9.9865E-05 9.9865E-05 9.9865E-05 9.9865E-05 9.9865E-05 0.0167108 9.9865E-05 0.00237785 0.0159961 9.9865E-05 0.963417 9.9865E-05 9.9865E-05 9.9865E-05 9.9865E-05 9.9865E-05 9.9865E-05
9.98382E-05 9.98382E-05 9.98382E-05 9.98382E-05 9.98382E-05 9.98382E-05 9.98382E-05 9.98382E-05 0.998203 9.98382E-05 9.98382E-05 9.98382E-05 9.98382E-05 9.98382E-05 9.98382E-05 9.98382E-05 9.98382E-05 9.98382E-05 9.98382E-05
0.0341787 9.99008E-05 9.99008E-05 9.99008E-05 9.99008E-05 0.627226 9.99008E-05 9.99008E-05 9.99008E-05 0.0725605 9.99008E-05 0.0797658 0.0347221 0.0772962 0.0615826 9.99008E-05 9.99008E-05 0.0115691 9.99008E-05
9.9892E-05 9.9892E-05 9.9892E-05 9.9892E-05 9.9892E-05 9.9892E-05 0.00309204 9.9892E-05 0.958134 9.9892E-05 9.9892E-05 0.0181708 9.9892E-05 0.0111947 0.00144085 0.00279337 9.9892E-05 9.9892E-05 0.00397563
9.98561E-05 9.98561E-05 9.98561E-05 9.98561E-05 9.98561E-05 9.98561E-05 9.98561E-05 9.98561E-05 0.0792384 0.029384 9.98561E-05 9.98561E-05 9.98561E-05 9.98561E-05 0.88978 9.98561E-05 9.98561E-05 9.98561E-05 9.98561E-05
9.98562E-05 9.98562E-05 9.98562E-05 9.98562E-05 9.98562E-05 9.98562E-05 9.98562E-05 9.98562E-05 0.0746373 0.00153932 9.98562E-05 9.98562E-05 9.98562E-05 9.98562E-05 0.922226 9.98562E-05 9.98562E-05 9.98562E-05 9.98562E-05
9.98831E-05 0.15441 9.98831E-05 9.98831E-05 9.98831E-05 9.98831E-05 0.0140647 9.98831E-05 9.98831E-05 9.98831E-05 9.98831E-05 9.98831E-05 0.013937 9.98831E-05 9.98831E-05 0.00325904 0.675656 0.137375 9.98831E-05
9.98654E-05 0.938256 9.98654E-05 9.98654E-05 9.98654E-05 0.0245492 9.98654E-05 0.0227236 0.0129727 9.98654E-05 9.98654E-05 9.98654E-05 9.98654E-05 9.98654E-05 9.98654E-05 9.98654E-05 9.98654E-05 9.98654E-05 9.98654E-05
9.98561E-05 9.98561E-05 9.98561E-05 0.0194774 9.98561E-05 9.98561E-05 9.98561E-05 9.98561E-05 9.98561E-05 9.98561E-05 9.98561E-05 0.036148 0.942777 9.98561E-05 9.98561E-05 9.98561E-05 9.98561E-05 9.98561E-05 9.98561E-05
9.98651E-05 9.98651E-05 0.015322 9.98651E-05 0.000473292 9.98651E-05 9.98651E-05 9.98651E-05 9.98651E-05 9.98651E-05 9.98651E-05 9.98651E-05 0.973163 9.98651E-05 9.98651E-05 0.00954387 9.98651E-05 9.98651E-05 9.98651E-05
9.9856E-05 0.0850093 9.9856E-05 9.9856E-05 9.9856E-05 9.9856E-05 9.9856E-05 0.118895 9.9856E-05 9.9856E-05 9.9856E-05 9.9856E-05 9.9856E-05 9.9856E-05 9.9856E-05 9.9856E-05 9.9856E-05 9.9856E-05 0.794498
9.9865E-05 9.9865E-05 0.0113865 0.00668441 9.9865E-05 9.9865E-05 0.920281 9.9865E-05 9.9865E-05 9.9865E-05 9.9865E-05 9.9865E-05 9.9865E-05 9.9865E-05 0.0601499 9.9865E-05 9.9865E-05 9.9865E-05 9.9865E-05
9.98382E-05 9.98382E-05 9.98382E-05 9.98382E-05 0.998203 9.98382E-05 9.98382E-05 9.98382E-05 9.98382E-05 9.98382E-05 9.98382E-05 9.98382E-05 9.98382E-05 9.98382E-05 9.98382E-05 9.98382E-05 9.98382E-05 9.98382E-05 9.98382E-05
9.98562E-05 9.98562E-05 9.98562E-05 0.988427 9.98562E-05 9.98562E-05 9.98562E-05 0.0074343 9.98562E-05 9.98562E-05 9.98562E-05 9.98562E-05 9.98562E-05 9.98562E-05 9.98562E-05 9.98562E-05 9.98562E-05 0.0025412 9.98562E-05
9.98828E-05 9.98828E-05 9.98828E-05 9.98828E-05 9.98828E-05 9.98828E-05 0.0237767 0.129917 9.98828E-05 9.98828E-05 9.98828E-05 9.98828E-05 9.98828E-05 9.98828E-05 0.407334 9.98828E-05 0.0746262 0.0186515 0.344396
9.98472E-05 9.98472E-05 9.98472E-05 0.914814 0.0834882 9.98472E-05 9.98472E-05 9.98472E-05 9.98472E-05 9.98472E-05 9.98472E-05 9.98472E-05 9.98472E-05 9.98472E-05 9.98472E-05 9.98472E-05 9.98472E-05 9.98472E-05 9.98472E-05
9.9883E-05 0.0177266 9.9883E-05 9.9883E-05 9.9883E-05 9.9883E-05 0.010933 9.9883E-05 9.9883E-05 9.9883E-05 9.9883E-05 9.9883E-05 9.9883E-05 9.9883E-05 0.016955 0.289976 0.454671 9.9883E-05 0.20844
9.98379E-05 9.98379E-05 0.998203 9.98379E-05 9.98379E-05 9.98379E-05 9.98379E-05 9.98379E-05 9.98379E-05 9.98379E-05 9.98379E-05 9.98379E-05 9.98379E-05 9.98379E-05 9.98379E-05 9.98379E-05 9.98379E-05 9.98379E-05 9.98379E-05
9.9865E-05 9.9865E-05 0.173015 0.759033 0.0145919 9.9865E-05 9.9865E-05 0.0518619 9.9865E-05 9.9865E-05 9.9865E-05 9.9865E-05 9.9865E-05 9.9865E-05 9.9865E-05 9.9865E-05 9.9865E-05 9.9865E-05 9.9865E-05
0.599294 9.98474E-05 9.98474E-05 9.98474E-05 9.98474E-05 9.98474E-05 9.98474E-05 9.98474E-05 9.98474E-05 9.98474E-05 9.98474E-05 9.98474E-05 0.399008 9.98474E-05 9.98474E-05 9.98474E-05 9.98474E-05 9.98474E-05 9.98474E-05
0.153524 9.98562E-05 9.98562E-05 9.98562E-05 9.98562E-05 9.98562E-05 9.98562E-05 9.98562E-05 9.98562E-05 9.98562E-05 9.98562E-05 9.98562E-05 0.825929 0.0189497 9.98562E-05 9.98562E-05 9.98562E-05 9.98562E-05 9.98562E-05
9.98918E-05 0.76137 0.0047966 9.98918E-05 9.98918E-05 9.98918E-05 0.0369335 9.98918E-05 9.98918E-05 9.98918E-05 9.98918E-05 9.98918E-05 9.98918E-05 9.98918E-05 0.0479706 9.98918E-05 0.0646984 0.0343104 0.0487217
0.997914 9.98472E-05 9.98472E-05 9.98472E-05 9.98472E-05 9.98472E-05 9.98472E-05 9.98472E-05 9.98472E-05 9.98472E-05 0.000388562 9.98472E-05 9.98472E-05 9.98472E-05 9.98472E-05 9.98472E-05 9.98472E-05 9.98472E-05 9.98472E-05
0.995883 9.98471E-05 9.98471E-05 9.98471E-05 9.98471E-05 9.98471E-05 9.98471E-05 9.98471E-05 9.98471E-05 9.98471E-05 9.98471E-05 9.98471E-05 9.98471E-05 0.00241995 9.98471E-05 9.98471E-05 9.98471E-05 9.98471E-05 9.98471E-05
0.241952 0.0157078 9.98921E-05 9.98921E-05 9.98921E-05 0.245492 9.98921E-05 0.00578308 9.98921E-05 9.98921E-05 0.0408988 9.98921E-05 0.362751 0.0862172 9.98921E-05 9.98921E-05 9.98921E-05 9.98921E-05 9.98921E-05
0.0542003 9.99099E-05 0.010258 9.99099E-05 9.99099E-05 0.459701 0.0274567 9.99099E-05 9.99099E-05 0.020832 9.99099E-05 0.00521689 0.339895 0.0629066 9.99099E-05 9.99099E-05 9.99099E-05 0.0185347 9.99099E-05
9.98385E-05 9.98385E-05 9.98385E-05 9.98385E-05 9.98385E-05 9.98385E-05 9.98385E-05 9.98385E-05 9.98385E-05 9.98385E-05 9.98385E-05 0.998203 9.98385E-05 9.98385E-05 9.98385E-05 9.98385E-05 9.98385E-05 9.98385E-05 9.98385E-05
0.239595 9.98562E-05 9.98562E-05 9.98562E-05 9.98562E-05 0.182747 9.98562E-05 9.98562E-05 9.98562E-05 9.98562E-05 9.98562E-05 9.98562E-05 0.57606 9.98562E-05 9.98562E-05 9.98562E-05 9.98562E-05 9.98562E-05 9.98562E-05
0.00528581 9.98654E-05 9.98654E-05 9.98654E-05 9.98654E-05 0.234477 9.98654E-05 9.98654E-05 9.98654E-05 9.98654E-05 9.98654E-05 0.0734666 9.98654E-05 0.685272 9.98654E-05 9.98654E-05 9.98654E-05 9.98654E-05 9.98654E-05
9.99007E-05 0.529896 9.99007E-05 9.99007E-05 9.99007E-05 0.0532665 0.244477 0.00638276 9.99007E-05 0.0172314 9.99007E-05 9.99007E-05 9.99007E-05 9.99007E-05 9.99007E-05 0.0569757 0.0130899 0.077582 9.99007E-05
0.539237 9.98829E-05 9.98829E-05 9.98829E-05 9.98829E-05 0.0309351 0.00277686 9.98829E-05 0.017665 9.98829E-05 9.98829E-05 9.98829E-05 0.395841 9.98829E-05 9.98829E-05 0.0122461 9.98829E-05 9.98829E-05 9.98829E-05
9.98562E-05 9.98562E-05 9.98562E-05 9.98562E-05 9.98562E-05 0.00259221 9.98562E-05 9.98562E-05 9.98562E-05 0.0406582 9.98562E-05 9.98562E-05 9.98562E-05 9.98562E-05 9.98562E-05 9.98562E-05 0.955152 9.98562E-05 9.98562E-05
0.010539 9.99189E-05 0.0110379 9.99189E-05 9.99189E-05 0.0056372 0.0159574 9.99189E-05 9.99189E-05 9.99189E-05 0.0261545 0.154533 9.99189E-05 0.00391546 0.568088 0.0956424 0.107596 9.99189E-05 9.99189E-05
9.98472E-05 9.98472E-05 9.98472E-05 9.98472E-05 9.98472E-05 0.00847532 0.989827 9.98472E-05 9.98472E-05 9.98472E-05 9.98472E-05 9.98472E-05 9.98472E-05 9.98472E-05 9.98472E-05 9.98472E-05 9.98472E-05 9.98472E-05 9.98472E-05
9.98471E-05 9.98471E-05 9.98471E-05 9.98471E-05 9.98471E-05 9.98471E-05 9.98471E-05 9.98471E-05 9.98471E-05 9.98471E-05 9.98471E-05 9.98471E-05 0.012295 9.98471E-05 9.98471E-05 0.986008 9.98471E-05 9.98471E-05 9.98471E-05
9.98381E-05 9.98381E-05 9.98381E-05 9.98381E-05 9.98381E-05 9.98381E-05 9.98381E-05 9.98381E-05 9.98381E-05 9.98381E-05 9.98381E-05 9.98381E-05 9.98381E-05 9.98381E-05 9.98381E-05 0.998203 9.98381E-05 9.98381E-05 9.98381E-05
9.99099E-05 0.00178385 9.99099E-05 0.0024355 9.99099E-05 9.99099E-05 0.00528627 0.0105792 9.99099E-05 9.99099E-05 0.00335654 9.99099E-05 9.99099E-05 9.99099E-05 0.827946 0.0781804 0.0379642 9.99099E-05 0.0314688
9.99009E-05 0.0492668 9.99009E-05 0.0121001 9.99009E-05 9.99009E-05 9.99009E-05 9.99009E-05 0.0804062 9.99009E-05 0.0200415 9.99009E-05 9.99009E-05 9.99009E-05 0.0499556 0.0171102 0.00111805 9.99009E-05 0.768903
0.00101047 9.98829E-05 9.98829E-05 9.98829E-05 9.98829E-05 9.98829E-05 9.98829E-05 0.0998315 9.98829E-05 9.98829E-05 9.98829E-05 9.98829E-05 9.98829E-05 0.00726149 0.851416 9.98829E-05 0.00998469 9.98829E-05 0.0291971
9.98918E-05 0.154885 0.232826 9.98918E-05 9.98918E-05 9.98918E-05 9.98918E-05 0.162473 9.98918E-05 9.98918E-05 9.98918E-05 0.0254039 9.98918E-05 9.98918E-05 0.222894 0.189107 9.98918E-05 9.98918E-05 0.0112134
9.99101E-05 9.99101E-05 0.0193091 9.99101E-05 9.99101E-05 0.00633731 9.99101E-05 0.151324 9.99101E-05 0.0393135 0.0902713 9.99101E-05 0.0276734 9.99101E-05 0.344232 0.177072 0.0308636 9.99101E-05 0.112705
9.99009E-05 9.99009E-05 9.99009E-05 9.99009E-05 9.99009E-05 9.99009E-05 0.143591 0.293001 0.0945419 9.99009E-05 0.00262083 9.99009E-05 0.0525203 0.0276932 0.196539 9.99009E-05 0.188394 9.99009E-05 9.99009E-05
9.9857E-05 9.9857E-05 0.0696366 9.9857E-05 0.025459 9.9857E-05 9.9857E-05 9.9857E-05 9.9857E-05 9.9857E-05 9.9857E-05 9.9857E-05 9.9857E-05 9.9857E-05 9.9857E-05 9.9857E-05 0.903307 9.9857E-05 9.9857E-05
9.98472E-05 9.98472E-05 9.98472E-05 9.98472E-05 0.00288903 9.98472E-05 9.98472E-05 9.98472E-05 9.98472E-05 9.98472E-05 9.98472E-05 9.98472E-05 9.98472E-05 0.995414 9.98472E-05 9.98472E-05 9.98472E-05 9.98472E-05 9.98472E-05
9.98651E-05 9.98651E-05 9.98651E-05 9.98651E-05 9.98651E-05 9.98651E-05 9.98651E-05 9.98651E-05 9.98651E-05 0.00425346 0.0147487 9.98651E-05 9.98651E-05 0.976331 9.98651E-05 0.00316882 9.98651E-05 9.98651E-05 9.98651E-05
9.98562E-05 9.98562E-05 9.98562E-05 9.98562E-05 9.98562E-05 9.98562E-05 9.98562E-05 0.0183682 9.98562E-05 9.98562E-05 9.98562E-05 9.98562E-05 9.98562E-05 0.970956 0.00907857 9.98562E-05 9.98562E-05 9.98562E-05 9.98562E-05
9.98384E-05 9.98384E-05 9.98384E-05 9.98384E-05 9.98384E-05 9.98384E-05 9.98384E-05 9.98384E-05 9.98384E-05 9.98384E-05 9.98384E-05 9.98384E-05 9.98384E-05 0.998203 9.98384E-05 9.98384E-05 9.98384E-05 9.98384E-05 9.98384E-05
9.98383E-05 9.98383E-05 9.98383E-05 9.98383E-05 9.98383E-05 9.98383E-05 9.98383E-05 9.98383E-05 9.98383E-05 9.98383E-05 9.98383E-05 9.98383E-05 9.98383E-05 0.998203 9.98383E-05 9.98383E-05 9.98383E-05 9.98383E-05 9.98383E-05
0.0441637 9.99102E-05 0.0518074 0.0271277 9.99102E-05 0.344627 9.99102E-05 9.99102E-05 0.0386754 9.99102E-05 9.99102E-05 0.042758 0.0258805 0.360793 9.99102E-05 9.99102E-05 9.99102E-05 9.99102E-05 0.0631682
9.98652E-05 9.98652E-05 9.98652E-05 9.98652E-05 9.98652E-05 9.98652E-05 0.00921109 9.98652E-05 9.98652E-05 9.98652E-05 9.98652E-05 0.0487806 9.98652E-05 0.936545 9.98652E-05 0.00396493 9.98652E-05 9.98652E-05 9.98652E-05
9.98559E-05 9.98559E-05 9.98559E-05 9.98559E-05 9.98559E-05 9.98559E-05 9.98559E-05 0.0323804 9.98559E-05 9.98559E-05 9.98559E-05 9.98559E-05 9.98559E-05 9.98559E-05 9.98559E-05 9.98559E-05 0.803543 9.98559E-05 0.162479
9.98829E-05 9.98829E-05 9.98829E-05 9.98829E-05 9.98829E-05 9.98829E-05 9.98829E-05 0.00895546 0.0346151 9.98829E-05 9.98829E-05 0.896121 9.98829E-05 0.0248016 9.98829E-05 9.98829E-05 9.98829E-05 0.0158008 0.0184071
0.381487 9.98648E-05 9.98648E-05 9.98648E-05 9.98648E-05 9.98648E-05 0.0102823 9.98648E-05 9.98648E-05 0.0348231 9.98648E-05 9.98648E-05 0.57191 9.98648E-05 9.98648E-05 9.98648E-05 9.98648E-05 9.98648E-05 9.98648E-05
9.98562E-05 0.801591 9.98562E-05 9.98562E-05 9.98562E-05 9.98562E-05 9.98562E-05 9.98562E-05 9.98562E-05 9.98562E-05 9.98562E-05 9.98562E-05 9.98562E-05 9.98562E-05 9.98562E-05 0.173275 9.98562E-05 9.98562E-05 0.0235359
9.98654E-05 0.0205818 9.98654E-05 9.98654E-05 9.98654E-05 9.98654E-05 9.98654E-05 0.0689181 9.98654E-05 9.98654E-05 9.98654E-05 9.98654E-05 9.98654E-05 9.98654E-05 9.98654E-05 9.98654E-05 0.0191113 9.98654E-05 0.889891
9.98476E-05 0.970663 9.98476E-05 9.98476E-05 9.98476E-05 9.98476E-05 9.98476E-05 9.98476E-05 0.0276393 9.98476E-05 9.98476E-05 9.98476E-05 9.98476E-05 9.98476E-05 9.98476E-05 9.98476E-05 9.98476E-05 9.98476E-05 9.98476E-05
9.98469E-05 0.884651 9.98469E-05 9.98469E-05 9.98469E-05 9.98469E-05 9.98469E-05 9.98469E-05 9.98469E-05 9.98469E-05 9.98469E-05 9.98469E-05 9.98469E-05 9.98469E-05 0.113651 9.98469E-05 9.98469E-05 9.98469E-05 9.98469E-05
9.98739E-05 0.801185 9.98739E-05 9.98739E-05 0.00956332 9.98739E-05 9.98739E-05 0.0230727 9.98739E-05 9.98739E-05 9.98739E-05 9.98739E-05 9.98739E-05 9.98739E-05 0.106373 9.98739E-05 9.98739E-05 0.0584074 9.98739E-05
9.98383E-05 9.98383E-05 9.98383E-05 9.98383E-05 9.98383E-05 9.98383E-05 9.98383E-05 9.98383E-05 9.98383E-05 9.98383E-05 0.998203 9.98383E-05 9.98383E-05 9.98383E-05 9.98383E-05 9.98383E-05 9.98383E-05 9.98383E-05 9.98383E-05
0.7066 9.98477E-05 9.98477E-05 9.98477E-05 9.98477E-05 9.98477E-05 9.98477E-05 9.98477E-05 9.98477E-05 9.98477E-05 9.98477E-05 9.98477E-05 0.291703 9.98477E-05 9.98477E-05 9.98477E-05 9.98477E-05 9.98477E-05 9.98477E-05
0.287512 0.0717131 9.99371E-05 9.99371E-05 9.99371E-05 9.99371E-05 9.99371E-05 0.0386603 0.157921 0.0420343 0.0106933 0.142795 9.99371E-05 0.0303058 0.0745394 9.99371E-05 0.0271161 0.106012 0.00999862
0.122368 0.00867244 9.98834E-05 9.98834E-05 9.98834E-05 0.0354459 9.98834E-05 9.98834E-05 0.00361268 9.98834E-05 9.98834E-05 9.98834E-05 0.782084 9.98834E-05 9.98834E-05 9.98834E-05 9.98834E-05 9.98834E-05 0.0465185
0.193455 9.9874E-05 9.9874E-05 9.9874E-05 9.9874E-05 9.9874E-05 0.0454616 9.9874E-05 9.9874E-05 0.0808645 9.9874E-05 9.9874E-05 0.650665 9.9874E-05 9.9874E-05 0.0281563 9.9874E-05 9.9874E-05 9.9874E-05
0.984668 9.98472E-05 9.98472E-05 9.98472E-05 9.98472E-05 9.98472E-05 9.98472E-05 9.98472E-05 9.98472E-05 9.98472E-05 9.98472E-05 9.98472E-05 9.98472E-05 9.98472E-05 9.98472E-05 9.98472E-05 9.98472E-05 9.98472E-05 0.0136346
0.998203 9.98383E-05 9.98383E-05 9.98383E-05 9.98383E-05 9.98383E-05 9.98383E-05 9.98383E-05 9.98383E-05 9.98383E-05 9.98383E-05 9.98383E-05 9.98383E-05 9.98383E-05 9.98383E-05 9.98383E-05 9.98383E-05 9.98383E-05 9.98383E-05
0.0910478 9.99012E-05 9.99012E-05 9.99012E-05 9.99012E-05 0.105695 0.021143 9.99012E-05 9.99012E-05 0.00113329 9.99012E-05 0.019393 0.727744 9.99012E-05 0.0236469 0.009098 9.99012E-05 9.99012E-05 9.99012E-05
0.475934 9.98649E-05 9.98649E-05 9.98649E-05 9.98649E-05 9.98649E-05 9.98649E-05 0.0344722 9.98649E-05 0.0125426 9.98649E-05 9.98649E-05 0.475553 9.98649E-05 9.98649E-05 9.98649E-05 9.98649E-05 9.98649E-05 9.98649E-05
9.98469E-05 9.98469E-05 9.98469E-05 9.98469E-05 9.98469E-05 0.98742 9.98469E-05 9.98469E-05 9.98469E-05 0.0108826 9.98469E-05 9.98469E-05 9.98469E-05 9.98469E-05 9.98469E-05 9.98469E-05 9.98469E-05 9.98469E-05 9.98469E-05
9.9856E-05 0.0282293 9.9856E-05 9.9856E-05 9.9856E-05 0.948024 9.9856E-05 9.9856E-05 0.022149 9.9856E-05 9.9856E-05 9.9856E-05 9.9856E-05 9.9856E-05 9.9856E-05 9.9856E-05 9.9856E-05 9.9856E-05 9.9856E-05
0.102253 9.98742E-05 9.98742E-05 0.00297574 9.98742E-05 9.98742E-05 9.98742E-05 9.98742E-05 9.98742E-05 9.98742E-05 9.98742E-05 9.98742E-05 0.83666 0.0335286 9.98742E-05 9.98742E-05 9.98742E-05 9.98742E-05 0.0231852
9.9865E-05 9.9865E-05 0.0072867 9.9865E-05 9.9865E-05 0.0158769 9.9865E-05 9.9865E-05 9.9865E-05 9.9865E-05 9.9865E-05 9.9865E-05 9.9865E-05 0.0187367 9.9865E-05 9.9865E-05 9.9865E-05 9.9865E-05 0.956602
9.98381E-05 9.98381E-05 9.98381E-05 9.98381E-05 9.98381E-05 9.98381E-05 9.98381E-05 9.98381E-05 9.98381E-05 9.98381E-05 9.98381E-05 9.98381E-05 9.98381E-05 9.98381E-05 9.98381E-05 9.98381E-05 9.98381E-05 9.98381E-05 0.998203
9.98385E-05 9.98385E-05 9.98385E-05 9.98385E-05 9.98385E-05 9.98385E-05 9.98385E-05 9.98385E-05 9.98385E-05 9.98385E-05 9.98385E-05 9.98385E-05 9.98385E-05 9.98385E-05 9.98385E-05 9.98385E-05 9.98385E-05 0.998203 9.98385E-05
9.98474E-05 0.00215395 9.98474E-05 9.98474E-05 9.98474E-05 9.98474E-05 9.98474E-05 9.98474E-05 9.98474E-05 9.98474E-05 9.98474E-05 9.98474E-05 9.98474E-05 9.98474E-05 9.98474E-05 9.98474E-05 9.98474E-05 0.996149 9.98474E-05
0.000261358 0.0451184 9.98829E-05 9.98829E-05 0.012143 9.98829E-05 9.98829E-05 9.98829E-05 9.98829E-05 9.98829E-05 9.98829E-05 0.0597019 9.98829E-05 9.98829E-05 0.710147 0.17133 9.98829E-05 9.98829E-05 9.98829E-05
0.00234758 0.0645176 9.9892E-05 9.9892E-05 0.0307713 9.9892E-05 9.9892E-05 9.9892E-05 9.9892E-05 9.9892E-05 9.9892E-05 0.0303568 9.9892E-05 9.9892E-05 0.665248 0.191825 9.9892E-05 9.9892E-05 0.0137348
9.98562E-05 9.98562E-05 0.0187804 9.98562E-05 9.98562E-05 9.98562E-05 9.98562E-05 9.98562E-05 9.98562E-05 9.98562E-05 9.98562E-05 9.98562E-05 9.98562E-05 9.98562E-05 9.98562E-05 9.98562E-05 9.98562E-05 0.952064 0.0275575
9.98473E-05 9.98473E-05 9.98473E-05 9.98473E-05 9.98473E-05 9.98473E-05 9.98473E-05 9.98473E-05 9.98473E-05 9.98473E-05 9.98473E-05 9.98473E-05 9.98473E-05 9.98473E-05 9.98473E-05 0.010639 9.98473E-05 0.987664 9.98473E-05
9.9856E-05 0.00487497 9.9856E-05 9.9856E-05 9.9856E-05 9.9856E-05 9.9856E-05 9.9856E-05 9.9856E-05 9.9856E-05 9.9856E-05 9.9856E-05 9.9856E-05 9.9856E-05 9.9856E-05 9.9856E-05 0.967438 9.9856E-05 0.0260891
9.98739E-05 0.10709 9.98739E-05 0.0218125 9.98739E-05 9.98739E-05 9.98739E-05 9.98739E-05 0.140762 9.98739E-05 9.98739E-05 9.98739E-05 9.98739E-05 9.98739E-05 9.98739E-05 0.686395 9.98739E-05 9.98739E-05 0.0425422
9.98561E-05 9.98561E-05 9.98561E-05 9.98561E-05 9.98561E-05 9.98561E-05 9.98561E-05 9.98561E-05 0.0781012 9.98561E-05 9.98561E-05 0.889662 9.98561E-05 0.0306394 9.98561E-05 9.98561E-05 9.98561E-05 9.98561E-05 9.98561E-05
9.98379E-05 9.98379E-05 9.98379E-05 9.98379E-05 9.98379E-05 9.98379E-05 9.98379E-05 0.998203 9.98379E-05 9.98379E-05 9.98379E-05 9.98379E-05 9.98379E-05 9.98379E-05 9.98379E-05 9.98379E-05 9.98379E-05 9.98379E-05 9.98379E-05
9.98921E-05 0.091668 9.98921E-05 0.0247663 9.98921E-05 9.98921E-05 0.126998 0.637697 9.98921E-05 9.98921E-05 9.98921E-05 9.98921E-05 9.98921E-05 9.98921E-05 9.98921E-05 0.0269799 0.0335949 0.0570976 9.98921E-05
0.320422 9.98922E-05 0.0699564 0.0113068 9.98922E-05 0.482671 9.98922E-05 9.98922E-05 9.98922E-05 9.98922E-05 9.98922E-05 9.98922E-05 0.0587981 0.0479924 9.98922E-05 9.98922E-05 9.98922E-05 0.00765445 9.98922E-05
