9.98469E-05 9.98469E-05 9.98469E-05 9.98469E-05 9.98469E-05 0.0492472 9.98469E-05 9.98469E-05 9.98469E-05 9.98469E-05 9.98469E-05 0.949055 9.98469E-05 9.98469E-05 9.98469E-05 9.98469E-05 9.98469E-05 9.98469E-05 9.98469E-05
0.160804 9.9865E-05 9.9865E-05 9.9865E-05 0.0860413 9.9865E-05 0.0289171 9.9865E-05 9.9865E-05 9.9865E-05 9.9865E-05 9.9865E-05 9.9865E-05 9.9865E-05 9.9865E-05 9.9865E-05 9.9865E-05 9.9865E-05 0.722739
9.98382E-05 9.98382E-05 0.998203 9.98382E-05 9.98382E-05 9.98382E-05 9.98382E-05 9.98382E-05 9.98382E-05 9.98382E-05 9.98382E-05 9.98382E-05 9.98382E-05 9.98382E-05 9.98382E-05 9.98382E-05 9.98382E-05 9.98382E-05 9.98382E-05
9.98562E-05 9.98562E-05 9.98562E-05 9.98562E-05 0.954933 9.98562E-05 0.0227248 9.98562E-05 9.98562E-05 9.98562E-05 9.98562E-05 9.98562E-05 0.0207447 9.98562E-05 9.98562E-05 9.98562E-05 9.98562E-05 9.98562E-05 9.98562E-05
9.98922E-05 9.98922E-05 0.0119769 9.98922E-05 0.308062 9.98922E-05 9.98922E-05 0.133927 0.307968 9.98922E-05 9.98922E-05 9.98922E-05 9.98922E-05 9.98922E-05 9.98922E-05 0.0381285 9.98922E-05 0.0425235 0.156215
0.0460566 9.98562E-05 9.98562E-05 0.016765 0.935581 9.98562E-05 9.98562E-05 9.98562E-05 9.98562E-05 9.98562E-05 9.98562E-05 9.98562E-05 9.98562E-05 9.98562E-05 9.98562E-05 9.98562E-05 9.98562E-05 9.98562E-05 9.98562E-05
9.98383E-05 9.98383E-05 9.98383E-05 9.98383E-05 9.98383E-05 9.98383E-05 9.98383E-05 9.98383E-05 9.98383E-05 9.98383E-05 9.98383E-05 9.98383E-05 9.98383E-05 9.98383E-05 9.98383E-05 9.98383E-05 9.98383E-05 0.998203 9.98383E-05
9.98829E-05 9.98829E-05 9.98829E-05 9.98829E-05 0.14565 0.0419715 9.98829E-05 0.523284 0.0395968 9.98829E-05 9.98829E-05 9.98829E-05 9.98829E-05 9.98829E-05 9.98829E-05 0.127703 9.98829E-05 9.98829E-05 0.120496
9.98741E-05 9.98741E-05 9.98741E-05 9.98741E-05 0.00748064 0.00756405 9.98741E-05 9.98741E-05 9.98741E-05 9.98741E-05 9.98741E-05 9.98741E-05 9.98741E-05 9.98741E-05 0.00490281 9.98741E-05 9.98741E-05 0.94905 0.0296046
9.9847E-05 9.9847E-05 9.9847E-05 9.9847E-05 9.9847E-05 9.9847E-05 9.9847E-05 9.9847E-05 0.989704 9.9847E-05 9.9847E-05 9.9847E-05 9.9847E-05 9.9847E-05 9.9847E-05 9.9847E-05 9.9847E-05 0.00859854 9.9847E-05
9.98381E-05 9.98381E-05 9.98381E-05 9.98381E-05 9.98381E-05 9.98381E-05 9.98381E-05 9.98381E-05 0.998203 9.98381E-05 9.98381E-05 9.98381E-05 9.98381E-05 9.98381E-05 9.98381E-05 9.98381E-05 9.98381E-05 9.98381E-05 9.98381E-05
9.98831E-05 9.98831E-05 0.00635911 9.98831E-05 0.0293799 9.98831E-05 9.98831E-05 9.98831E-05 9.98831E-05 0.124679 9.98831E-05 0.72514 0.111725 9.98831E-05 9.98831E-05 9.98831E-05 9.98831E-05 0.00141833 9.98831E-05
9.98476E-05 9.98476E-05 9.98476E-05 9.98476E-05 9.98476E-05 9.98476E-05 9.98476E-05 0.0116271 9.98476E-05 0.986676 9.98476E-05 9.98476E-05 9.98476E-05 9.98476E-05 9.98476E-05 9.98476E-05 9.98476E-05 9.98476E-05 9.98476E-05
0.0258777 9.98921E-05 9.98921E-05 0.023658 0.905325 0.000960546 0.0209219 9.98921E-05 9.98921E-05 9.98921E-05 0.00743906 0.0146193 9.98921E-05 9.98921E-05 9.98921E-05 9.98921E-05 9.98921E-05 9.98921E-05 9.98921E-05
0.0832098 9.98743E-05 9.98743E-05 9.98743E-05 0.895019 0.00229756 9.98743E-05 9.98743E-05 9.98743E-05 9.98743E-05 0.00936252 9.98743E-05 9.98743E-05 9.98743E-05 9.98743E-05 9.98743E-05 0.00871251 9.98743E-05 9.98743E-05
9.9865E-05 9.9865E-05 9.9865E-05 0.101427 9.9865E-05 9.9865E-05 9.9865E-05 9.9865E-05 0.0774538 0.0637867 9.9865E-05 9.9865E-05 9.9865E-05 0.755835 9.9865E-05 9.9865E-05 9.9865E-05 9.9865E-05 9.9865E-05
9.98471E-05 9.98471E-05 9.98471E-05 9.98471E-05 9.98471E-05 9.98471E-05 0.970253 9.98471E-05 0.0280499 9.98471E-05 9.98471E-05 9.98471E-05 9.98471E-05 9.98471E-05 9.98471E-05 9.98471E-05 9.98471E-05 9.98471E-05 9.98471E-05
9.98379E-05 9.98379E-05 9.98379E-05 9.98379E-05 9.98379E-05 9.98379E-05 9.98379E-05 9.98379E-05 9.98379E-05 9.98379E-05 0.998203 9.98379E-05 9.98379E-05 9.98379E-05 9.98379E-05 9.98379E-05 9.98379E-05 9.98379E-05 9.98379E-05
9.98471E-05 0.918458 9.98471E-05 9.98471E-05 9.98471E-05 9.98471E-05 9.98471E-05 9.98471E-05 9.98471E-05 9.98471E-05 9.98471E-05 9.98471E-05 9.98471E-05 9.98471E-05 9.98471E-05 9.98471E-05 0.079845 9.98471E-05 9.98471E-05
9.99097E-05 9.99097E-05 9.99097E-05 0.103824 9.99097E-05 0.135469 0.0402803 9.99097E-05 0.281059 9.99097E-05 9.99097E-05 0.0703048 0.0472562 0.283337 0.0309566 9.99097E-05 0.00651292 9.99097E-05 9.99097E-05
9.98561E-05 0.632458 9.98561E-05 9.98561E-05 9.98561E-05 9.98561E-05 9.98561E-05 9.98561E-05 9.98561E-05 9.98561E-05 0.257338 9.98561E-05 9.98561E-05 9.98561E-05 9.98561E-05 9.98561E-05 0.108606 9.98561E-05 9.98561E-05
0.283788 9.99101E-05 9.99101E-05 9.99101E-05 9.99101E-05 9.99101E-05 0.0162914 9.99101E-05 0.0245959 0.0285469 9.99101E-05 0.466222 0.0096834 0.156294 0.00496031 9.99101E-05 0.00861938 9.99101E-05 9.99101E-05
9.98741E-05 0.42958 9.98741E-05 9.98741E-05 9.98741E-05 0.186814 0.25449 9.98741E-05 9.98741E-05 9.98741E-05 9.98741E-05 9.98741E-05 0.124326 9.98741E-05 9.98741E-05 0.00339128 9.98741E-05 9.98741E-05 9.98741E-05
9.9856E-05 0.933118 9.9856E-05 9.9856E-05 9.9856E-05 0.0562811 9.9856E-05 9.9856E-05 9.9856E-05 9.9856E-05 0.00900343 9.9856E-05 9.9856E-05 9.9856E-05 9.9856E-05 9.9856E-05 9.9856E-05 9.9856E-05 9.9856E-05
9.98744E-05 9.98744E-05 0.0207454 9.98744E-05 0.935616 9.98744E-05 9.98744E-05 0.00833549 9.98744E-05 9.98744E-05 9.98744E-05 9.98744E-05 9.98744E-05 9.98744E-05 9.98744E-05 0.0238674 9.98744E-05 0.0100374 9.98744E-05
9.98564E-05 9.98564E-05 0.00484516 9.98564E-05 0.99331 9.98564E-05 9.98564E-05 9.98564E-05 9.98564E-05 9.98564E-05 9.98564E-05 9.98564E-05 9.98564E-05 9.98564E-05 9.98564E-05 0.000247618 9.98564E-05 9.98564E-05 9.98564E-05
9.98918E-05 9.98918E-05 9.98918E-05 9.98918E-05 9.98918E-05 0.0323042 0.0327925 9.98918E-05 0.0139954 0.792165 9.98918E-05 9.98918E-05 0.0232209 0.031155 0.0731684 9.98918E-05 9.98918E-05 9.98918E-05 9.98918E-05
9.98651E-05 9.98651E-05 9.98651E-05 9.98651E-05 0.920273 9.98651E-05 9.98651E-05 9.98651E-05 9.98651E-05 0.013604 9.98651E-05 9.98651E-05 9.98651E-05 9.98651E-05 9.98651E-05 0.0485818 9.98651E-05 0.0160433 9.98651E-05
9.98582E-05 9.98582E-05 9.98582E-05 9.98582E-05 0.892996 9.98582E-05 9.98582E-05 9.98582E-05 9.98582E-05 9.98582E-05 9.98582E-05 9.98582E-05 9.98582E-05 0.0256151 9.98582E-05 0.0797912 9.98582E-05 9.98582E-05 9.98582E-05
9.99012E-05 9.99012E-05 0.031354 9.99012E-05 0.579793 9.99012E-05 9.99012E-05 0.135683 9.99012E-05 9.99012E-05 9.99012E-05 0.0231841 0.0259474 9.99012E-05 9.99012E-05 0.11809 0.0387738 9.99012E-05 0.0460764
9.9892E-05 9.9892E-05 9.9892E-05 0.00525934 0.444814 9.9892E-05 9.9892E-05 0.390135 0.0607217 9.9892E-05 9.9892E-05 9.9892E-05 0.0209345 9.9892E-05 9.9892E-05 0.0751403 9.9892E-05 9.9892E-05 0.00179566
9.98385E-05 9.98385E-05 9.98385E-05 9.98385E-05 9.98385E-05 9.98385E-05 9.98385E-05 9.98385E-05 9.98385E-05 9.98385E-05 9.98385E-05 9.98385E-05 9.98385E-05 9.98385E-05 9.98385E-05 9.98385E-05 9.98385E-05 9.98385E-05 0.998203
0.0219373 9.98563E-05 9.98563E-05 9.98563E-05 0.797917 9.98563E-05 9.98563E-05 0.178548 9.98563E-05 9.98563E-05 9.98563E-05 9.98563E-05 9.98563E-05 9.98563E-05 9.98563E-05 9.98563E-05 9.98563E-05 9.98563E-05 9.98563E-05
9.98653E-05 9.98653E-05 0.0128867 9.98653E-05 9.98653E-05 0.0382774 9.98653E-05 0.225498 9.98653E-05 9.98653E-05 9.98653E-05 9.98653E-05 9.98653E-05 9.98653E-05 9.98653E-05 0.72184 9.98653E-05 9.98653E-05 9.98653E-05
0.041444 9.98916E-05 9.98916E-05 0.104232 9.98916E-05 9.98916E-05 0.193374 0.0540931 0.0255575 0.5058 9.98916E-05 9.98916E-05 0.0743 9.98916E-05 9.98916E-05 9.98916E-05 9.98916E-05 9.98916E-05 9.98916E-05
0.0321024 9.98739E-05 9.98739E-05 0.00853256 0.914569 9.98739E-05 9.98739E-05 0.0300198 9.98739E-05 9.98739E-05 9.98739E-05 9.98739E-05 9.98739E-05 9.98739E-05 9.98739E-05 9.98739E-05 9.98739E-05 0.0133782 9.98739E-05
9.98653E-05 9.98653E-05 0.013641 9.98653E-05 9.98653E-05 9.98653E-05 9.98653E-05 0.00768568 9.98653E-05 9.98653E-05 9.98653E-05 0.976256 9.98653E-05 9.98653E-05 0.000918979 9.98653E-05 9.98653E-05 9.98653E-05 9.98653E-05
9.9883E-05 9.9883E-05 0.0073053 9.9883E-05 9.9883E-05 0.736764 0.0811202 0.0372154 9.9883E-05 9.9883E-05 9.9883E-05 0.0226609 9.9883E-05 9.9883E-05 9.9883E-05 9.9883E-05 9.9883E-05 9.9883E-05 0.113636
9.98561E-05 9.98561E-05 9.98561E-05 9.98561E-05 0.0169512 9.98561E-05 0.975865 0.00558597 9.98561E-05 9.98561E-05 9.98561E-05 9.98561E-05 9.98561E-05 9.98561E-05 9.98561E-05 9.98561E-05 9.98561E-05 9.98561E-05 9.98561E-05
0.998203 9.98381E-05 9.98381E-05 9.98381E-05 9.98381E-05 9.98381E-05 9.98381E-05 9.98381E-05 9.98381E-05 9.98381E-05 9.98381E-05 9.98381E-05 9.98381E-05 9.98381E-05 9.98381E-05 9.98381E-05 9.98381E-05 9.98381E-05 9.98381E-05
0.998163 9.98471E-05 9.98471E-05 9.98471E-05 9.98471E-05 9.98471E-05 9.98471E-05 9.98471E-05 9.98471E-05 9.98471E-05 9.98471E-05 9.98471E-05 0.000139806 9.98471E-05 9.98471E-05 9.98471E-05 9.98471E-05 9.98471E-05 9.98471E-05
0.0686782 9.98828E-05 9.98828E-05 0.0337502 9.98828E-05 0.454843 0.0465212 9.98828E-05 0.347309 9.98828E-05 9.98828E-05 9.98828E-05 9.98828E-05 9.98828E-05 0.0476003 9.98828E-05 9.98828E-05 9.98828E-05 9.98828E-05
0.00984527 0.00311932 9.98921E-05 9.98921E-05 9.98921E-05 0.0461165 9.98921E-05 9.98921E-05 9.98921E-05 0.0160609 9.98921E-05 9.98921E-05 9.98921E-05 0.845638 0.0166637 9.98921E-05 9.98921E-05 0.061358 9.98921E-05
9.98828E-05 9.98828E-05 9.98828E-05 0.0733951 9.98828E-05 0.43282 0.0220306 9.98828E-05 0.443826 0.0111776 9.98828E-05 9.98828E-05 9.98828E-05 9.98828E-05 0.0154521 9.98828E-05 9.98828E-05 9.98828E-05 9.98828E-05
0.0136929 0.101054 9.98829E-05 0.200016 9.98829E-05 0.614121 9.98829E-05 9.98829E-05 9.98829E-05 0.0649163 9.98829E-05 9.98829E-05 0.00490121 9.98829E-05 9.98829E-05 9.98829E-05 9.98829E-05 9.98829E-05 9.98829E-05
0.113052 9.9919E-05 0.00674845 0.198633 0.0190226 0.5478 9.9919E-05 0.00457614 0.011604 9.9919E-05 9.9919E-05 9.9919E-05 9.9919E-05 0.043592 0.0140261 9.9919E-05 0.0400476 9.9919E-05 9.9919E-05
9.99368E-05 9.99368E-05 0.0411019 0.308099 0.0608602 0.0398867 0.117256 9.99368E-05 0.110203 0.0441275 9.99368E-05 0.0334983 9.99368E-05 9.99368E-05 0.163062 0.0215427 0.00501709 0.0546459 9.99368E-05
9.98381E-05 9.98381E-05 9.98381E-05 9.98381E-05 9.98381E-05 9.98381E-05 9.98381E-05 9.98381E-05 9.98381E-05 9.98381E-05 9.98381E-05 9.98381E-05 9.98381E-05 9.98381E-05 0.998203 9.98381E-05 9.98381E-05 9.98381E-05 9.98381E-05
9.98382E-05 9.98382E-05 9.98382E-05 9.98382E-05 9.98382E-05 9.98382E-05 9.98382E-05 9.98382E-05 9.98382E-05 9.98382E-05 9.98382E-05 9.98382E-05 9.98382E-05 9.98382E-05 9.98382E-05 0.998203 9.98382E-05 9.98382E-05 9.98382E-05
0.00487554 9.98562E-05 9.98562E-05 9.98562E-05 9.98562E-05 9.98562E-05 9.98562E-05 9.98562E-05 9.98562E-05 9.98562E-05 0.00279456 9.98562E-05 9.98562E-05 9.98562E-05 9.98562E-05 0.990732 9.98562E-05 9.98562E-05 9.98562E-05
9.98653E-05 9.98653E-05 9.98653E-05 0.0141682 9.98653E-05 0.00326009 9.98653E-05 9.98653E-05 9.98653E-05 9.98653E-05 9.98653E-05 9.98653E-05 9.98653E-05 9.98653E-05 9.98653E-05 0.975418 9.98653E-05 0.00565601 9.98653E-05
9.98383E-05 9.98383E-05 9.98383E-05 9.98383E-05 9.98383E-05 9.98383E-05 9.98383E-05 9.98383E-05 9.98383E-05 9.98383E-05 9.98383E-05 9.98383E-05 9.98383E-05 9.98383E-05 9.98383E-05 0.998203 9.98383E-05 9.98383E-05 9.98383E-05
9.98383E-05 9.98383E-05 9.98383E-05 9.98383E-05 9.98383E-05 9.98383E-05 9.98383E-05 9.98383E-05 9.98383E-05 9.98383E-05 9.98383E-05 9.98383E-05 9.98383E-05 9.98383E-05 9.98383E-05 0.998203 9.98383E-05 9.98383E-05 9.98383E-05
9.99193E-05 0.0232316 0.0285364 9.99193E-05 0.141749 9.99193E-05 0.0103132 0.200521 0.101706 9.99193E-05 9.99193E-05 9.99193E-05 9.99193E-05 0.0347353 9.99193E-05 0.312879 9.99193E-05 0.00822223 0.137206
9.98562E-05 9.98562E-05 9.98562E-05 9.98562E-05 9.98562E-05 9.98562E-05 9.98562E-05 9.98562E-05 9.98562E-05 9.98562E-05 9.98562E-05 9.98562E-05 9.98562E-05 9.98562E-05 0.00242345 0.892662 9.98562E-05 9.98562E-05 0.103317
9.9856E-05 9.9856E-05 9.9856E-05 9.9856E-05 9.9856E-05 9.9856E-05 9.9856E-05 9.9856E-05 0.0256291 9.9856E-05 9.9856E-05 0.843338 9.9856E-05 0.129435 9.9856E-05 9.9856E-05 9.9856E-05 9.9856E-05 9.9856E-05
9.98919E-05 9.98919E-05 0.00123418 9.98919E-05 9.98919E-05 9.98919E-05 9.98919E-05 9.98919E-05 0.00325174 9.98919E-05 9.98919E-05 9.98919E-05 0.00493999 0.0141037 9.98919E-05 0.0159758 9.98919E-05 0.0547844 0.904511
0.0476115 9.9856E-05 9.9856E-05 9.9856E-05 0.931134 9.9856E-05 0.0196573 9.9856E-05 9.9856E-05 9.9856E-05 9.9856E-05 9.9856E-05 9.9856E-05 9.9856E-05 9.9856E-05 9.9856E-05 9.9856E-05 9.9856E-05 9.9856E-05
0.14694 9.98562E-05 9.98562E-05 9.98562E-05 9.98562E-05 9.98562E-05 9.98562E-05 9.98562E-05 9.98562E-05 0.838516 9.98562E-05 9.98562E-05 0.0129464 9.98562E-05 9.98562E-05 9.98562E-05 9.98562E-05 9.98562E-05 9.98562E-05
9.98564E-05 9.98564E-05 9.98564E-05 0.09213 9.98564E-05 9.98564E-05 9.98564E-05 9.98564E-05 9.98564E-05 0.0261693 9.98564E-05 9.98564E-05 9.98564E-05 0.880103 9.98564E-05 9.98564E-05 9.98564E-05 9.98564E-05 9.98564E-05
9.98475E-05 9.98475E-05 9.98475E-05 9.98475E-05 9.98475E-05 9.98475E-05 9.98475E-05 9.98475E-05 9.98475E-05 0.91628 9.98475E-05 9.98475E-05 9.98475E-05 9.98475E-05 9.98475E-05 9.98475E-05 9.98475E-05 0.082023 9.98475E-05
0.009939 9.98739E-05 9.98739E-05 9.98739E-05 9.98739E-05 0.0837546 9.98739E-05 9.98739E-05 0.020484 0.882796 0.00162795 9.98739E-05 9.98739E-05 9.98739E-05 9.98739E-05 9.98739E-05 9.98739E-05 9.98739E-05 9.98739E-05
9.98829E-05 9.98829E-05 9.98829E-05 0.0725384 9.98829E-05 9.98829E-05 9.98829E-05 9.98829E-05 0.109991 0.78873 0.000758773 9.98829E-05 0.0093212 9.98829E-05 0.017363 9.98829E-05 9.98829E-05 9.98829E-05 9.98829E-05
9.98382E-05 9.98382E-05 9.98382E-05 9.98382E-05 9.98382E-05 9.98382E-05 9.98382E-05 9.98382E-05 9.98382E-05 9.98382E-05 9.98382E-05 9.98382E-05 9.98382E-05 9.98382E-05 9.98382E-05 9.98382E-05 0.998203 9.98382E-05 9.98382E-05
9.98568E-05 9.98568E-05 0.0176104 9.98568E-05 0.979133 9.98568E-05 9.98568E-05 9.98568E-05 9.98568E-05 9.98568E-05 9.98568E-05 9.98568E-05 0.00165903 9.98568E-05 9.98568E-05 9.98568E-05 9.98568E-05 9.98568E-05 9.98568E-05
9.993E-05 9.993E-05 9.993E-05 0.00392729 0.364132 0.0878792 0.0601465 9.993E-05 9.993E-05 0.0511065 0.117856 0.0664191 0.0668663 0.0701523 9.993E-05 0.0420835 9.993E-05 0.0589803 0.00975136
9.98654E-05 9.98654E-05 0.175351 9.98654E-05 0.789602 9.98654E-05 9.98654E-05 9.98654E-05 9.98654E-05 0.00559313 9.98654E-05 9.98654E-05 9.98654E-05 0.0279555 9.98654E-05 9.98654E-05 9.98654E-05 9.98654E-05 9.98654E-05
0.08509 9.98741E-05 9.98741E-05 0.00284361 0.88648 9.98741E-05 9.98741E-05 0.0141148 9.98741E-05 9.98741E-05 9.98741E-05 9.98741E-05 9.98741E-05 9.98741E-05 9.98741E-05 0.0100731 9.98741E-05 9.98741E-05 9.98741E-05
9.9883E-05 9.9883E-05 9.9883E-05 9.9883E-05 0.856458 9.9883E-05 9.9883E-05 0.0214897 9.9883E-05 9.9883E-05 9.9883E-05 9.9883E-05 9.9883E-05 0.0614723 0.00800224 0.0424343 9.9883E-05 0.00884517 9.9883E-05
9.98742E-05 9.98742E-05 9.98742E-05 9.98742E-05 0.890968 9.98742E-05 9.98742E-05 9.98742E-05 9.98742E-05 9.98742E-05 9.98742E-05 9.98742E-05 9.98742E-05 0.0444613 0.035941 0.0166758 9.98742E-05 0.0105555 9.98742E-05
0.0645302 9.98653E-05 9.98653E-05 9.98653E-05 0.833341 9.98653E-05 9.98653E-05 0.0527356 0.0478956 9.98653E-05 9.98653E-05 9.98653E-05 9.98653E-05 9.98653E-05 9.98653E-05 9.98653E-05 9.98653E-05 9.98653E-05 9.98653E-05
9.9856E-05 9.9856E-05 9.9856E-05 0.0117245 0.96188 9.9856E-05 0.0247975 9.9856E-05 9.9856E-05 9.9856E-05 9.9856E-05 9.9856E-05 9.9856E-05 9.9856E-05 9.9856E-05 9.9856E-05 9.9856E-05 9.9856E-05 9.9856E-05
9.98379E-05 9.98379E-05 9.98379E-05 9.98379E-05 9.98379E-05 9.98379E-05 9.98379E-05 0.998203 9.98379E-05 9.98379E-05 9.98379E-05 9.98379E-05 9.98379E-05 9.98379E-05 9.98379E-05 9.98379E-05 9.98379E-05 9.98379E-05 9.98379E-05
9.9847E-05 9.9847E-05 9.9847E-05 9.9847E-05 9.9847E-05 9.9847E-05 9.9847E-05 0.972312 9.9847E-05 0.0259906 9.9847E-05 9.9847E-05 9.9847E-05 9.9847E-05 9.9847E-05 9.9847E-05 9.9847E-05 9.9847E-05 9.9847E-05
9.98743E-05 0.00222914 0.0220441 9.98743E-05 0.911695 9.98743E-05 9.98743E-05 9.98743E-05 9.98743E-05 9.98743E-05 9.98743E-05 9.98743E-05 9.98743E-05 0.0516888 9.98743E-05 0.0109444 9.98743E-05 9.98743E-05 9.98743E-05
9.9856E-05 9.9856E-05 9.9856E-05 9.9856E-05 9.9856E-05 9.9856E-05 0.0128751 0.0308213 9.9856E-05 9.9856E-05 9.9856E-05 9.9856E-05 9.9856E-05 0.954706 9.9856E-05 9.9856E-05 9.9856E-05 9.9856E-05 9.9856E-05
9.9847E-05 9.9847E-05 9.9847E-05 9.9847E-05 9.9847E-05 9.9847E-05 9.9847E-05 9.9847E-05 9.9847E-05 9.9847E-05 9.9847E-05 9.9847E-05 9.9847E-05 0.966887 9.9847E-05 0.0314157 9.9847E-05 9.9847E-05 9.9847E-05
9.98473E-05 9.98473E-05 9.98473E-05 9.98473E-05 9.98473E-05 9.98473E-05 9.98473E-05 9.98473E-05 9.98473E-05 9.98473E-05 9.98473E-05 9.98473E-05 0.99115 9.98473E-05 9.98473E-05 9.98473E-05 0.0071526 9.98473E-05 9.98473E-05
9.98384E-05 9.98384E-05 9.98384E-05 9.98384E-05 9.98384E-05 9.98384E-05 9.98384E-05 9.98384E-05 9.98384E-05 9.98384E-05 9.98384E-05 9.98384E-05 0.998203 9.98384E-05 9.98384E-05 9.98384E-05 9.98384E-05 9.98384E-05 9.98384E-05
9.9838E-05 9.9838E-05 9.9838E-05 9.9838E-05 9.9838E-05 0.998203 9.9838E-05 9.9838E-05 9.9838E-05 9.9838E-05 9.9838E-05 9.9838E-05 9.9838E-05 9.9838E-05 9.9838E-05 9.9838E-05 9.9838E-05 9.9838E-05 9.9838E-05
9.9838E-05 9.9838E-05 9.9838E-05 9.9838E-05 9.9838E-05 0.998203 9.9838E-05 9.9838E-05 9.9838E-05 9.9838E-05 9.9838E-05 9.9838E-05 9.9838E-05 9.9838E-05 9.9838E-05 9.9838E-05 9.9838E-05 9.9838E-05 9.9838E-05
9.98653E-05 9.98653E-05 9.98653E-05 9.98653E-05 9.98653E-05 9.98653E-05 0.0341095 0.0123101 9.98653E-05 9.98653E-05 9.98653E-05 9.98653E-05 0.948735 0.00334721 9.98653E-05 9.98653E-05 9.98653E-05 9.98653E-05 9.98653E-05
0.00634961 9.98473E-05 9.98473E-05 9.98473E-05 9.98473E-05 9.98473E-05 9.98473E-05 9.98473E-05 9.98473E-05 9.98473E-05 9.98473E-05 9.98473E-05 0.991953 9.98473E-05 9.98473E-05 9.98473E-05 9.98473E-05 9.98473E-05 9.98473E-05
9.9874E-05 9.9874E-05 9.9874E-05 9.9874E-05 9.9874E-05 9.9874E-05 9.9874E-05 9.9874E-05 9.9874E-05 9.9874E-05 9.9874E-05 0.867264 9.9874E-05 0.00824266 0.106301 0.0119575 0.00483641 9.9874E-05 9.9874E-05
0.660123 0.0360659 9.98739E-05 9.98739E-05 9.98739E-05 9.98739E-05 9.98739E-05 9.98739E-05 9.98739E-05 0.126053 9.98739E-05 9.98739E-05 9.98739E-05 0.0316573 9.98739E-05 9.98739E-05 9.98739E-05 0.144703 9.98739E-05
9.9856E-05 9.9856E-05 9.9856E-05 9.9856E-05 9.9856E-05 9.9856E-05 9.9856E-05 9.9856E-05 9.9856E-05 9.9856E-05 9.9856E-05 9.9856E-05 9.9856E-05 9.9856E-05 9.9856E-05 0.081934 9.9856E-05 0.0467011 0.869767
9.98381E-05 9.98381E-05 9.98381E-05 0.998203 9.98381E-05 9.98381E-05 9.98381E-05 9.98381E-05 9.98381E-05 9.98381E-05 9.98381E-05 9.98381E-05 9.98381E-05 9.98381E-05 9.98381E-05 9.98381E-05 9.98381E-05 9.98381E-05 9.98381E-05
9.98742E-05 9.98742E-05 9.98742E-05 0.885517 9.98742E-05 9.98742E-05 0.0223944 9.98742E-05 9.98742E-05 0.0305863 9.98742E-05 0.0591507 0.000953595 9.98742E-05 9.98742E-05 9.98742E-05 9.98742E-05 9.98742E-05 9.98742E-05
9.98834E-05 0.0435565 9.98834E-05 9.98834E-05 0.407262 9.98834E-05 9.98834E-05 0.396266 0.0208052 9.98834E-05 9.98834E-05 9.98834E-05 9.98834E-05 9.98834E-05 9.98834E-05 0.0876623 9.98834E-05 9.98834E-05 0.0431491
