0.999531 0.000269167 9.9982E-05 9.9982E-05
0.393305 0.281921 9.9991E-05 0.324674
0.0188945 0.0938598 0.076803 0.810443
9.9982E-05 0.0411615 9.9982E-05 0.958639
0.263151 0.298821 9.9991E-05 0.437928
9.998E-05 9.998E-05 9.998E-05 0.9997
0.515614 0.457344 9.99911E-05 0.0269417
0.104155 0.48252 9.9991E-05 0.413225
0.504262 0.488699 9.9991E-05 0.00693875
0.850305 0.149495 9.9982E-05 9.9982E-05
0.875822 0.123978 9.9982E-05 9.9982E-05
0.926451 9.9982E-05 9.9982E-05 0.0733489
0.93869 9.99821E-05 9.99821E-05 0.0611099
0.0236672 9.9991E-05 0.0309181 0.945315
9.9982E-05 9.9982E-05 0.00691879 0.992881
0.913351 0.0755173 9.9991E-05 0.0110319
0.790805 9.9991E-05 0.153718 0.0553771
0.185411 0.0880545 0.726435 9.9991E-05
9.998E-05 9.998E-05 0.9997 9.998E-05
0.971259 0.0285409 9.9982E-05 9.9982E-05
9.998E-05 9.998E-05 0.9997 9.998E-05
0.996745 0.00305531 9.9982E-05 9.9982E-05
0.362142 0.0676007 0.524274 0.0459831
0.0146303 9.9982E-05 0.98517 9.9982E-05
9.9982E-05 0.0228794 9.9982E-05 0.976921
9.998E-05 9.998E-05 9.998E-05 0.9997
0.9997 9.998E-05 9.998E-05 9.998E-05
9.9982E-05 0.104561 9.9982E-05 0.895239
9.9982E-05 0.0932758 9.9982E-05 0.906524
9.9991E-05 0.347807 0.0107469 0.641346
9.9991E-05 0.306348 0.0262872 0.667265
0.282692 0.583417 9.9991E-05 0.133791
9.998E-05 9.998E-05 9.998E-05 0.9997
9.9982E-05 0.913463 9.9982E-05 0.0863374
0.902031 9.9982E-05 9.9982E-05 0.0977685
0.0268251 9.9982E-05 9.9982E-05 0.972975
0.92279 9.99821E-05 9.99821E-05 0.0770105
0.772635 0.206346 0.0170084 0.00401016
0.661149 9.9991E-05 0.158404 0.180347
0.853948 9.99819E-05 9.99819E-05 0.145852
0.89928 0.0142223 0.00209221 0.0844053
0.972267 0.0180748 0.0095584 9.9991E-05
0.927618 0.0721821 9.9982E-05 9.9982E-05
0.925473 0.0743271 9.9982E-05 9.9982E-05
0.734848 0.092616 0.172436 9.9991E-05
0.821002 0.0688694 0.0364371 0.073691
0.79913 0.0521571 0.00665533 0.142058
0.969437 9.99822E-05 0.0303633 9.99822E-05
9.998E-05 0.9997 9.998E-05 9.998E-05
9.998E-05 0.9997 9.998E-05 9.998E-05
9.998E-05 0.9997 9.998E-05 9.998E-05
9.998E-05 0.9997 9.998E-05 9.998E-05
9.998E-05 0.9997 9.998E-05 9.998E-05
0.128994 0.575348 0.0229208 0.272738
9.998E-05 0.9997 9.998E-05 9.998E-05
0.9997 9.998E-05 9.998E-05 9.998E-05
0.275218 0.6149 9.9991E-05 0.109781
9.998E-05 9.998E-05 9.998E-05 0.9997
0.9997 9.998E-05 9.998E-05 9.998E-05
0.913381 0.00902867 9.9991E-05 0.0774901
0.9997 9.998E-05 9.998E-05 9.998E-05
0.9997 9.998E-05 9.998E-05 9.998E-05
0.992113 9.9982E-05 0.00768713 9.9982E-05
0.0583074 0.0391032 0.902489 9.9991E-05
9.998E-05 9.998E-05 9.998E-05 0.9997
0.472587 0.227425 0.0670018 0.232987
9.9982E-05 0.0358792 9.9982E-05 0.963921
0.00168268 0.0195131 9.9991E-05 0.978704
9.9982E-05 0.0974556 9.9982E-05 0.902344
0.0042966 0.0398982 0.00894735 0.946858
0.0405879 9.9982E-05 9.9982E-05 0.959212
9.998E-05 9.998E-05 9.998E-05 0.9997
9.99821E-05 0.512909 9.99821E-05 0.486891
0.0527193 0.427176 0.00668031 0.513425
0.00802062 0.0188584 9.9991E-05 0.973021
0.786834 0.125486 9.9991E-05 0.0875799
0.793031 0.137349 9.9991E-05 0.0695195
0.627318 9.9991E-05 0.215625 0.156958
0.638165 9.9991E-05 0.217913 0.143822
0.899478 0.100322 9.9982E-05 9.9982E-05
0.882197 0.117603 9.99819E-05 9.99819E-05
0.647255 9.9991E-05 0.214404 0.138241
0.653733 9.9991E-05 0.219065 0.127102
0.976894 0.0229056 9.9982E-05 9.9982E-05
0.92465 0.0302328 0.0373399 0.00777703
0.279993 0.630497 9.9991E-05 0.0894106
0.715178 9.9991E-05 0.181731 0.102991
0.793795 9.9991E-05 0.154263 0.0518415
9.9991E-05 0.295981 0.0418279 0.662091
