9.9874E-05 9.9874E-05 9.9874E-05 9.9874E-05 9.9874E-05 9.9874E-05 0.0275368 9.9874E-05 9.9874E-05 9.9874E-05 9.9874E-05 9.9874E-05 0.971065 9.9874E-05 9.9874E-05 9.9874E-05
0.137011 0.000486587 9.99008E-05 9.99008E-05 0.0817928 0.698739 9.99008E-05 9.99008E-05 9.99008E-05 9.99008E-05 9.99008E-05 9.99008E-05 0.0808715 9.99008E-05 9.99008E-05 9.99008E-05
0.419245 9.99109E-05 9.99109E-05 0.0550938 9.99109E-05 9.99109E-05 9.99109E-05 9.99109E-05 9.99109E-05 9.99109E-05 0.12555 0.0711033 9.99109E-05 0.257575 0.0704343 9.99109E-05
0.881915 9.9892E-05 9.9892E-05 0.031819 9.9892E-05 9.9892E-05 9.9892E-05 9.9892E-05 9.9892E-05 9.9892E-05 9.9892E-05 9.9892E-05 9.9892E-05 0.073358 9.9892E-05 0.0117097
0.407477 9.99371E-05 9.99371E-05 9.99371E-05 0.0516244 0.0999236 0.0733043 0.21595 9.99371E-05 0.0205811 0.0737153 9.99371E-05 0.0128249 9.99371E-05 9.99371E-05 0.0438995
0.989905 9.98741E-05 0.00869683 9.98741E-05 9.98741E-05 9.98741E-05 9.98741E-05 9.98741E-05 9.98741E-05 9.98741E-05 9.98741E-05 9.98741E-05 9.98741E-05 9.98741E-05 9.98741E-05 9.98741E-05
9.98651E-05 9.98651E-05 9.98651E-05 9.98651E-05 9.98651E-05 9.98651E-05 9.98651E-05 0.998502 9.98651E-05 9.98651E-05 9.98651E-05 9.98651E-05 9.98651E-05 9.98651E-05 9.98651E-05 9.98651E-05
0.0703152 9.99188E-05 9.99188E-05 0.00553734 9.99188E-05 0.11021 0.109779 9.99188E-05 0.00890998 9.99188E-05 0.640849 9.99188E-05 9.99188E-05 9.99188E-05 9.99188E-05 0.0534993
9.9874E-05 9.9874E-05 9.9874E-05 9.9874E-05 9.9874E-05 0.0361058 9.9874E-05 0.962496 9.9874E-05 9.9874E-05 9.9874E-05 9.9874E-05 9.9874E-05 9.9874E-05 9.9874E-05 9.9874E-05
9.98741E-05 9.98741E-05 9.98741E-05 9.98741E-05 9.98741E-05 9.98741E-05 0.853266 0.145336 9.98741E-05 9.98741E-05 9.98741E-05 9.98741E-05 9.98741E-05 9.98741E-05 9.98741E-05 9.98741E-05
9.98741E-05 9.98741E-05 9.98741E-05 9.98741E-05 9.98741E-05 9.98741E-05 0.851505 0.147097 9.98741E-05 9.98741E-05 9.98741E-05 9.98741E-05 9.98741E-05 9.98741E-05 9.98741E-05 9.98741E-05
9.99102E-05 9.99102E-05 9.99102E-05 0.123084 9.99102E-05 9.99102E-05 9.99102E-05 0.000839637 9.99102E-05 0.00514509 9.99102E-05 0.105593 0.759895 9.99102E-05 0.00444442 9.99102E-05
9.98924E-05 9.98924E-05 9.98924E-05 9.98924E-05 9.98924E-05 9.98924E-05 9.98924E-05 0.0107679 9.98924E-05 9.98924E-05 0.00453833 0.972808 9.98924E-05 0.0106875 9.98924E-05 9.98924E-05
0.964229 9.98831E-05 9.98831E-05 9.98831E-05 9.98831E-05 0.00404437 9.98831E-05 9.98831E-05 9.98831E-05 9.98831E-05 9.98831E-05 9.98831E-05 9.98831E-05 9.98831E-05 0.0304285 9.98831E-05
0.96967 9.9874E-05 9.9874E-05 9.9874E-05 9.9874E-05 9.9874E-05 9.9874E-05 9.9874E-05 9.9874E-05 9.9874E-05 9.9874E-05 9.9874E-05 9.9874E-05 9.9874E-05 0.0289318 9.9874E-05
9.98919E-05 0.70174 9.98919E-05 9.98919E-05 9.98919E-05 9.98919E-05 0.0226732 9.98919E-05 9.98919E-05 0.178456 9.98919E-05 0.0959323 9.98919E-05 9.98919E-05 9.98919E-05 9.98919E-05
9.9874E-05 9.9874E-05 9.9874E-05 9.9874E-05 0.978864 9.9874E-05 0.0197381 9.9874E-05 9.9874E-05 9.9874E-05 9.9874E-05 9.9874E-05 9.9874E-05 9.9874E-05 9.9874E-05 9.9874E-05
9.98917E-05 0.0243942 9.98917E-05 9.98917E-05 9.98917E-05 9.98917E-05 0.107607 9.98917E-05 0.0540297 9.98917E-05 9.98917E-05 9.98917E-05 9.98917E-05 9.98917E-05 0.812771 9.98917E-05
9.9874E-05 9.9874E-05 0.942429 0.0561729 9.9874E-05 9.9874E-05 9.9874E-05 9.9874E-05 9.9874E-05 9.9874E-05 9.9874E-05 9.9874E-05 9.9874E-05 9.9874E-05 9.9874E-05 9.9874E-05
9.99008E-05 0.308882 9.99008E-05 9.99008E-05 9.99008E-05 9.99008E-05 0.435954 9.99008E-05 0.00439893 0.187255 9.99008E-05 9.99008E-05 0.0624109 9.99008E-05 9.99008E-05 9.99008E-05
9.98649E-05 9.98649E-05 9.98649E-05 9.98649E-05 9.98649E-05 9.98649E-05 9.98649E-05 9.98649E-05 9.98649E-05 9.98649E-05 9.98649E-05 9.98649E-05 9.98649E-05 9.98649E-05 0.998502 9.98649E-05
9.99189E-05 0.303604 9.99189E-05 9.99189E-05 0.0620564 0.00216768 0.090501 9.99189E-05 0.0633851 9.99189E-05 9.99189E-05 0.0037242 0.473662 9.99189E-05 9.99189E-05 9.99189E-05
9.98923E-05 9.98923E-05 9.98923E-05 0.175056 0.32433 9.98923E-05 0.164812 9.98923E-05 9.98923E-05 9.98923E-05 9.98923E-05 9.98923E-05 9.98923E-05 9.98923E-05 0.334603 9.98923E-05
9.9901E-05 9.9901E-05 0.865851 0.0105113 0.00459256 9.9901E-05 9.9901E-05 9.9901E-05 9.9901E-05 0.0440032 9.9901E-05 9.9901E-05 9.9901E-05 9.9901E-05 0.0739429 9.9901E-05
0.43543 9.98743E-05 9.98743E-05 9.98743E-05 9.98743E-05 9.98743E-05 9.98743E-05 9.98743E-05 9.98743E-05 9.98743E-05 9.98743E-05 9.98743E-05 9.98743E-05 0.563172 9.98743E-05 9.98743E-05
0.831085 9.98743E-05 9.98743E-05 9.98743E-05 9.98743E-05 9.98743E-05 9.98743E-05 9.98743E-05 9.98743E-05 9.98743E-05 9.98743E-05 9.98743E-05 9.98743E-05 0.167516 9.98743E-05 9.98743E-05
9.99008E-05 9.99008E-05 9.99008E-05 0.0265961 0.0426375 9.99008E-05 0.0561048 9.99008E-05 0.0661674 9.99008E-05 9.99008E-05 0.807395 9.99008E-05 9.99008E-05 9.99008E-05 9.99008E-05
0.0353314 9.9892E-05 9.9892E-05 9.9892E-05 9.9892E-05 9.9892E-05 9.9892E-05 9.9892E-05 9.9892E-05 0.00205084 9.9892E-05 9.9892E-05 9.9892E-05 0.957805 9.9892E-05 0.00361408
9.98651E-05 9.98651E-05 9.98651E-05 9.98651E-05 9.98651E-05 9.98651E-05 9.98651E-05 9.98651E-05 9.98651E-05 9.98651E-05 9.98651E-05 9.98651E-05 9.98651E-05 0.998502 9.98651E-05 9.98651E-05
0.413122 9.99372E-05 0.0108174 9.99372E-05 0.0359007 0.0331584 9.99372E-05 9.99372E-05 9.99372E-05 0.00635929 0.193778 0.00432182 9.99372E-05 0.154567 9.99372E-05 0.147275
0.330746 9.99189E-05 9.99189E-05 0.00551082 0.0164189 9.99189E-05 9.99189E-05 9.99189E-05 9.99189E-05 0.0312445 0.540598 9.99189E-05 9.99189E-05 0.025673 9.99189E-05 0.0489098
9.98654E-05 9.98654E-05 9.98654E-05 9.98654E-05 9.98654E-05 0.998502 9.98654E-05 9.98654E-05 9.98654E-05 9.98654E-05 9.98654E-05 9.98654E-05 9.98654E-05 9.98654E-05 9.98654E-05 9.98654E-05
0.636623 9.98831E-05 9.98831E-05 9.98831E-05 9.98831E-05 9.98831E-05 9.98831E-05 9.98831E-05 9.98831E-05 9.98831E-05 0.180067 9.98831E-05 9.98831E-05 0.182011 9.98831E-05 9.98831E-05
9.99012E-05 9.99012E-05 9.99012E-05 9.99012E-05 9.99012E-05 9.99012E-05 9.99012E-05 9.99012E-05 0.003174 9.99012E-05 0.275505 9.99012E-05 0.00753885 0.00899885 9.99012E-05 0.703685
9.99277E-05 9.99277E-05 9.99277E-05 0.113981 0.230789 9.99277E-05 0.0264432 9.99277E-05 9.99277E-05 0.00631497 0.0358544 0.525197 0.0511586 0.00946215 9.99277E-05 9.99277E-05
0.502691 9.98918E-05 9.98918E-05 9.98918E-05 9.98918E-05 9.98918E-05 9.98918E-05 9.98918E-05 9.98918E-05 0.0236064 0.034176 9.98918E-05 9.98918E-05 0.438328 9.98918E-05 9.98918E-05
9.98832E-05 9.98832E-05 9.98832E-05 9.98832E-05 9.98832E-05 9.98832E-05 9.98832E-05 9.98832E-05 0.00247279 9.98832E-05 0.0329607 9.98832E-05 0.963268 9.98832E-05 9.98832E-05 9.98832E-05
0.00484972 9.9919E-05 0.00666362 9.9919E-05 0.0688711 0.213831 0.618021 9.9919E-05 9.9919E-05 9.9919E-05 0.00208938 9.9919E-05 0.0847758 9.9919E-05 9.9919E-05 9.9919E-05
0.00920752 9.9874E-05 9.9874E-05 9.9874E-05 0.989394 9.9874E-05 9.9874E-05 9.9874E-05 9.9874E-05 9.9874E-05 9.9874E-05 9.9874E-05 9.9874E-05 9.9874E-05 9.9874E-05 9.9874E-05
0.129514 0.166901 0.00387741 9.99278E-05 0.109718 9.99278E-05 0.312269 9.99278E-05 0.00860375 0.0144008 9.99278E-05 9.99278E-05 0.253916 9.99278E-05 9.99278E-05 9.99278E-05
0.0727923 0.189413 9.99188E-05 9.99188E-05 0.0754766 9.99188E-05 0.33789 9.99188E-05 0.00822932 9.99188E-05 9.99188E-05 9.99188E-05 0.298015 9.99188E-05 0.0172846 9.99188E-05
9.9901E-05 0.0261679 9.9901E-05 9.9901E-05 9.9901E-05 9.9901E-05 0.930759 9.9901E-05 0.0321999 0.0074748 9.9901E-05 0.00229914 9.9901E-05 9.9901E-05 9.9901E-05 9.9901E-05
9.9901E-05 0.830315 0.0186954 9.9901E-05 9.9901E-05 9.9901E-05 9.9901E-05 0.0751257 9.9901E-05 9.9901E-05 9.9901E-05 0.0384521 0.0363125 9.9901E-05 9.9901E-05 9.9901E-05
9.9874E-05 9.9874E-05 9.9874E-05 9.9874E-05 9.9874E-05 9.9874E-05 0.91724 9.9874E-05 9.9874E-05 0.0813621 9.9874E-05 9.9874E-05 9.9874E-05 9.9874E-05 9.9874E-05 9.9874E-05
9.99369E-05 0.0459814 0.0914741 0.0622584 9.99369E-05 0.0704873 0.393333 9.99369E-05 0.00909457 0.151307 9.99369E-05 0.14837 0.0269952 9.99369E-05 9.99369E-05 9.99369E-05
0.0625437 0.110614 0.0269496 9.9928E-05 9.9928E-05 0.053011 0.517207 9.9928E-05 0.033006 0.120485 9.9928E-05 9.9928E-05 0.0753851 9.9928E-05 9.9928E-05 9.9928E-05
0.0942426 9.9946E-05 9.9946E-05 0.00812871 0.15226 9.9946E-05 0.253234 0.054632 0.0892104 0.187049 9.9946E-05 0.0774872 0.0598752 9.9946E-05 9.9946E-05 0.0232819
9.98651E-05 9.98651E-05 9.98651E-05 9.98651E-05 9.98651E-05 9.98651E-05 9.98651E-05 9.98651E-05 0.998502 9.98651E-05 9.98651E-05 9.98651E-05 9.98651E-05 9.98651E-05 9.98651E-05 9.98651E-05
9.98651E-05 9.98651E-05 9.98651E-05 9.98651E-05 9.98651E-05 9.98651E-05 9.98651E-05 9.98651E-05 9.98651E-05 9.98651E-05 9.98651E-05 9.98651E-05 9.98651E-05 9.98651E-05 9.98651E-05 0.998502
9.99011E-05 9.99011E-05 0.00186946 9.99011E-05 9.99011E-05 9.99011E-05 0.0118618 0.0195506 9.99011E-05 9.99011E-05 9.99011E-05 0.000877979 9.99011E-05 9.99011E-05 9.99011E-05 0.964741
9.98742E-05 9.98742E-05 9.98742E-05 9.98742E-05 9.98742E-05 9.98742E-05 9.98742E-05 9.98742E-05 9.98742E-05 0.020911 9.98742E-05 9.98742E-05 9.98742E-05 9.98742E-05 9.98742E-05 0.977691
9.98652E-05 9.98652E-05 9.98652E-05 9.98652E-05 9.98652E-05 9.98652E-05 9.98652E-05 9.98652E-05 9.98652E-05 9.98652E-05 9.98652E-05 9.98652E-05 9.98652E-05 9.98652E-05 9.98652E-05 0.998502
9.98742E-05 9.98742E-05 9.98742E-05 9.98742E-05 9.98742E-05 9.98742E-05 9.98742E-05 9.98742E-05 9.98742E-05 9.98742E-05 9.98742E-05 9.98742E-05 9.98742E-05 0.00444849 9.98742E-05 0.994153
9.99372E-05 0.0383593 0.00329732 9.99372E-05 9.99372E-05 0.0290759 0.0247667 0.113582 9.99372E-05 9.99372E-05 0.257567 9.99372E-05 9.99372E-05 0.177666 0.0231361 0.331849
9.98921E-05 0.00573456 9.98921E-05 9.98921E-05 0.0127454 0.079963 9.98921E-05 9.98921E-05 9.98921E-05 9.98921E-05 9.98921E-05 9.98921E-05 9.98921E-05 9.98921E-05 9.98921E-05 0.900358
9.98919E-05 0.0900195 9.98919E-05 9.98919E-05 9.98919E-05 9.98919E-05 9.98919E-05 0.00937037 9.98919E-05 0.0243513 9.98919E-05 9.98919E-05 0.87506 9.98919E-05 9.98919E-05 9.98919E-05
9.9901E-05 9.9901E-05 9.9901E-05 0.00631697 9.9901E-05 0.916795 9.9901E-05 0.0282012 9.9901E-05 9.9901E-05 9.9901E-05 9.9901E-05 9.9901E-05 0.032863 9.9901E-05 0.0147246
0.658211 9.98829E-05 9.98829E-05 9.98829E-05 9.98829E-05 9.98829E-05 9.98829E-05 9.98829E-05 9.98829E-05 0.0175121 9.98829E-05 9.98829E-05 9.98829E-05 0.322979 9.98829E-05 9.98829E-05
0.00365963 0.06736 9.99101E-05 0.0381332 9.99101E-05 9.99101E-05 9.99101E-05 9.99101E-05 9.99101E-05 9.99101E-05 9.99101E-05 0.863897 0.0226473 9.99101E-05 0.00330406 9.99101E-05
9.98923E-05 0.857795 9.98923E-05 9.98923E-05 9.98923E-05 9.98923E-05 9.98923E-05 9.98923E-05 9.98923E-05 0.093704 9.98923E-05 0.0294552 0.0178469 9.98923E-05 9.98923E-05 9.98923E-05
9.98745E-05 9.98745E-05 9.98745E-05 9.98745E-05 9.98745E-05 9.98745E-05 9.98745E-05 0.0204697 9.98745E-05 9.98745E-05 9.98745E-05 0.978132 9.98745E-05 9.98745E-05 9.98745E-05 9.98745E-05
0.00413259 9.98829E-05 9.98829E-05 9.98829E-05 9.98829E-05 9.98829E-05 0.101313 9.98829E-05 9.98829E-05 9.98829E-05 9.98829E-05 0.893256 9.98829E-05 9.98829E-05 9.98829E-05 9.98829E-05
9.99009E-05 9.99009E-05 0.00610876 0.0337447 9.99009E-05 9.99009E-05 0.0579111 9.99009E-05 9.99009E-05 0.0472041 9.99009E-05 0.853932 9.99009E-05 9.99009E-05 9.99009E-05 9.99009E-05
9.98832E-05 9.98832E-05 0.958999 9.98832E-05 9.98832E-05 9.98832E-05 9.98832E-05 9.98832E-05 9.98832E-05 9.98832E-05 0.0207857 9.98832E-05 9.98832E-05 9.98832E-05 9.98832E-05 0.0189172
0.325751 9.98744E-05 9.98744E-05 9.98744E-05 9.98744E-05 9.98744E-05 9.98744E-05 9.98744E-05 9.98744E-05 9.98744E-05 9.98744E-05 9.98744E-05 9.98744E-05 0.672851 9.98744E-05 9.98744E-05
0.133857 0.0777306 9.99551E-05 0.105976 0.0291554 0.112312 0.114511 9.99551E-05 9.99551E-05 9.99551E-05 0.206417 0.163623 0.0311084 9.99551E-05 0.018521 0.00628808
0.900642 0.0146251 9.98924E-05 9.98924E-05 9.98924E-05 9.98924E-05 9.98924E-05 9.98924E-05 9.98924E-05 9.98924E-05 0.0258778 9.98924E-05 9.98924E-05 0.0576562 9.98924E-05 9.98924E-05
0.821813 9.9919E-05 9.9919E-05 9.9919E-05 0.0172373 9.9919E-05 9.9919E-05 0.0284114 0.0015956 9.9919E-05 0.00170462 9.9919E-05 9.9919E-05 0.121605 9.9919E-05 0.00673337
9.9883E-05 0.0166164 9.9883E-05 9.9883E-05 9.9883E-05 9.9883E-05 9.9883E-05 9.9883E-05 9.9883E-05 9.9883E-05 0.0126291 9.9883E-05 9.9883E-05 0.969456 9.9883E-05 9.9883E-05
9.98742E-05 9.98742E-05 9.98742E-05 9.98742E-05 9.98742E-05 9.98742E-05 9.98742E-05 9.98742E-05 0.00235461 9.98742E-05 9.98742E-05 9.98742E-05 9.98742E-05 0.996247 9.98742E-05 9.98742E-05
0.757392 9.99281E-05 9.99281E-05 9.99281E-05 9.99281E-05 0.0137142 0.0317015 9.99281E-05 0.0246961 0.01173 0.100621 9.99281E-05 0.0055189 0.0538274 9.99281E-05 9.99281E-05
0.596404 9.98918E-05 9.98918E-05 9.98918E-05 9.98918E-05 9.98918E-05 9.98918E-05 9.98918E-05 9.98918E-05 0.0390051 0.0101302 9.98918E-05 9.98918E-05 0.353262 9.98918E-05 9.98918E-05
9.98739E-05 9.98739E-05 9.98739E-05 9.98739E-05 9.98739E-05 9.98739E-05 9.98739E-05 9.98739E-05 9.98739E-05 9.98739E-05 0.969426 9.98739E-05 9.98739E-05 9.98739E-05 9.98739E-05 0.0291753
9.9883E-05 9.9883E-05 9.9883E-05 9.9883E-05 9.9883E-05 9.9883E-05 9.9883E-05 0.00264401 9.9883E-05 9.9883E-05 0.968926 0.027132 9.9883E-05 9.9883E-05 9.9883E-05 9.9883E-05
0.75284 0.00559797 9.99011E-05 9.99011E-05 9.99011E-05 9.99011E-05 9.99011E-05 9.99011E-05 9.99011E-05 9.99011E-05 9.99011E-05 9.99011E-05 9.99011E-05 0.219257 0.0162829 0.00492343
0.00876146 0.972444 9.9901E-05 0.00595792 0.00758014 9.9901E-05 9.9901E-05 9.9901E-05 9.9901E-05 9.9901E-05 0.00415776 9.9901E-05 9.9901E-05 9.9901E-05 9.9901E-05 9.9901E-05
9.9865E-05 0.998502 9.9865E-05 9.9865E-05 9.9865E-05 9.9865E-05 9.9865E-05 9.9865E-05 9.9865E-05 9.9865E-05 9.9865E-05 9.9865E-05 9.9865E-05 9.9865E-05 9.9865E-05 9.9865E-05
9.98652E-05 9.98652E-05 9.98652E-05 0.998502 9.98652E-05 9.98652E-05 9.98652E-05 9.98652E-05 9.98652E-05 9.98652E-05 9.98652E-05 9.98652E-05 9.98652E-05 9.98652E-05 9.98652E-05 9.98652E-05
9.98652E-05 9.98652E-05 9.98652E-05 0.998502 9.98652E-05 9.98652E-05 9.98652E-05 9.98652E-05 9.98652E-05 9.98652E-05 9.98652E-05 9.98652E-05 9.98652E-05 9.98652E-05 9.98652E-05 9.98652E-05
9.98919E-05 0.0755603 9.98919E-05 9.98919E-05 9.98919E-05 0.0575715 0.852206 9.98919E-05 0.0134635 9.98919E-05 9.98919E-05 9.98919E-05 9.98919E-05 9.98919E-05 9.98919E-05 9.98919E-05
9.9919E-05 0.120983 9.9919E-05 9.9919E-05 9.9919E-05 0.00678164 0.798358 9.9919E-05 0.00822514 9.9919E-05 9.9919E-05 0.0497827 9.9919E-05 0.00991809 0.00505217 9.9919E-05
9.98832E-05 0.0112109 9.98832E-05 0.95525 0.0322404 9.98832E-05 9.98832E-05 9.98832E-05 9.98832E-05 9.98832E-05 9.98832E-05 9.98832E-05 9.98832E-05 9.98832E-05 9.98832E-05 9.98832E-05
9.98742E-05 9.98742E-05 9.98742E-05 0.998368 9.98742E-05 9.98742E-05 9.98742E-05 9.98742E-05 9.98742E-05 9.98742E-05 9.98742E-05 9.98742E-05 0.000233845 9.98742E-05 9.98742E-05 9.98742E-05
9.98801E-05 9.98801E-05 9.98801E-05 9.98801E-05 9.98801E-05 9.98801E-05 9.98801E-05 9.98801E-05 0.0866803 9.98801E-05 9.98801E-05 0.036331 0.861442 9.98801E-05 9.98801E-05 0.0143484
9.99279E-05 0.371273 0.0600048 9.99279E-05 9.99279E-05 0.0265778 0.199944 0.100738 9.99279E-05 9.99279E-05 9.99279E-05 0.128635 0.0826163 9.99279E-05 0.0294113 9.99279E-05
9.9883E-05 9.9883E-05 9.9883E-05 9.9883E-05 9.9883E-05 0.904622 9.9883E-05 0.0429398 9.9883E-05 9.9883E-05 9.9883E-05 9.9883E-05 9.9883E-05 9.9883E-05 9.9883E-05 0.0511398
9.98651E-05 9.98651E-05 9.98651E-05 9.98651E-05 9.98651E-05 9.98651E-05 9.98651E-05 9.98651E-05 9.98651E-05 0.998502 9.98651E-05 9.98651E-05 9.98651E-05 9.98651E-05 9.98651E-05 9.98651E-05
9.99011E-05 9.99011E-05 9.99011E-05 0.0103807 0.049885 9.99011E-05 9.99011E-05 9.99011E-05 9.99011E-05 0.866697 9.99011E-05 0.0218387 0.0500996 9.99011E-05 9.99011E-05 9.99011E-05
0.0272961 9.99101E-05 9.99101E-05 0.0143499 9.99101E-05 9.99101E-05 9.99101E-05 9.99101E-05 9.99101E-05 9.99101E-05 0.616571 9.99101E-05 9.99101E-05 0.260743 0.0354645 0.0445757
