0.943289 9.99099E-05 9.99099E-05 9.99099E-05 0.00284279 9.99099E-05 9.99099E-05 9.99099E-05 9.99099E-05 9.99099E-05 9.99099E-05 9.99099E-05 0.052869
9.99099E-05 9.99099E-05 0.107785 9.99099E-05 9.99099E-05 9.99099E-05 9.99099E-05 9.99099E-05 9.99099E-05 9.99099E-05 0.715309 0.175906 9.99099E-05
9.99288E-05 9.99288E-05 0.722939 9.99288E-05 0.0427379 0.0472977 9.99288E-05 9.99288E-05 0.184654 9.99288E-05 0.00157178 9.99288E-05 9.99288E-05
9.9919E-05 9.9919E-05 0.954118 9.9919E-05 0.0270263 9.9919E-05 9.9919E-05 0.0154102 9.9919E-05 9.9919E-05 9.9919E-05 9.9919E-05 0.00254664
0.0414481 0.0624696 0.257535 0.0553877 9.9955E-05 9.9955E-05 9.9955E-05 9.9955E-05 0.310646 9.9955E-05 0.0576147 0.114104 0.100295
9.9901E-05 9.9901E-05 0.951019 9.9901E-05 9.9901E-05 9.9901E-05 9.9901E-05 9.9901E-05 9.9901E-05 9.9901E-05 9.9901E-05 0.0478824 9.9901E-05
9.99191E-05 9.99191E-05 9.99191E-05 9.99191E-05 9.99191E-05 0.192103 0.31345 9.99191E-05 0.458269 9.99191E-05 0.035279 9.99191E-05 9.99191E-05
9.99368E-05 0.135271 0.160562 9.99368E-05 0.00860505 9.99368E-05 9.99368E-05 9.99368E-05 0.549521 9.99368E-05 0.0970356 9.99368E-05 0.0483062
9.9928E-05 9.9928E-05 9.9928E-05 9.9928E-05 9.9928E-05 0.0817523 0.403734 9.9928E-05 0.388196 9.9928E-05 0.106654 9.9928E-05 0.0188645
9.99012E-05 9.99012E-05 9.99012E-05 9.99012E-05 9.99012E-05 9.99012E-05 9.99012E-05 9.99012E-05 0.0130824 9.99012E-05 9.99012E-05 9.99012E-05 0.985819
9.98923E-05 9.98923E-05 9.98923E-05 9.98923E-05 9.98923E-05 9.98923E-05 9.98923E-05 9.98923E-05 9.98923E-05 9.98923E-05 9.98923E-05 9.98923E-05 0.998801
0.661936 9.99279E-05 0.0247008 9.99279E-05 0.119413 0.165751 9.99279E-05 9.99279E-05 0.0273994 9.99279E-05 9.99279E-05 9.99279E-05 9.99279E-05
9.99012E-05 9.99012E-05 9.99012E-05 9.99012E-05 9.99012E-05 0.963518 9.99012E-05 9.99012E-05 0.0353829 9.99012E-05 9.99012E-05 9.99012E-05 9.99012E-05
9.99191E-05 9.99191E-05 0.919391 9.99191E-05 9.99191E-05 9.99191E-05 9.99191E-05 0.0473909 9.99191E-05 0.00825458 9.99191E-05 0.0240637 9.99191E-05
0.0135057 9.99191E-05 0.924131 0.0147407 9.99191E-05 9.99191E-05 9.99191E-05 9.99191E-05 9.99191E-05 9.99191E-05 9.99191E-05 0.046723 9.99191E-05
0.0290821 9.99369E-05 9.99369E-05 9.99369E-05 9.99369E-05 0.0878496 0.730089 0.0770591 9.99369E-05 9.99369E-05 9.99369E-05 0.00717311 0.0680477
9.99009E-05 9.99009E-05 9.99009E-05 9.99009E-05 9.99009E-05 9.99009E-05 9.99009E-05 0.93089 9.99009E-05 9.99009E-05 9.99009E-05 9.99009E-05 0.068011
9.99369E-05 0.00963101 9.99369E-05 0.133517 9.99369E-05 9.99369E-05 9.99369E-05 9.99369E-05 9.99369E-05 0.608841 0.0383976 0.113174 0.0957389
9.9901E-05 9.9901E-05 9.9901E-05 9.9901E-05 0.0784538 9.9901E-05 9.9901E-05 9.9901E-05 9.9901E-05 0.920447 9.9901E-05 9.9901E-05 9.9901E-05
0.0944562 9.99279E-05 9.99279E-05 9.99279E-05 0.0440934 9.99279E-05 0.246243 0.0995991 9.99279E-05 9.99279E-05 9.99279E-05 9.99279E-05 0.514809
9.98921E-05 9.98921E-05 9.98921E-05 9.98921E-05 9.98921E-05 9.98921E-05 9.98921E-05 9.98921E-05 9.98921E-05 0.998801 9.98921E-05 9.98921E-05 9.98921E-05
0.437904 9.99369E-05 9.99369E-05 9.99369E-05 0.0165376 0.0113014 0.192337 0.0580137 9.99369E-05 9.99369E-05 9.99369E-05 0.283206 9.99369E-05
9.98917E-05 9.98917E-05 9.98917E-05 0.998801 9.98917E-05 9.98917E-05 9.98917E-05 9.98917E-05 9.98917E-05 9.98917E-05 9.98917E-05 9.98917E-05 9.98917E-05
9.99008E-05 9.99008E-05 9.99008E-05 0.379577 9.99008E-05 9.99008E-05 9.99008E-05 9.99008E-05 9.99008E-05 0.619324 9.99008E-05 9.99008E-05 9.99008E-05
9.99013E-05 0.00245217 0.996449 9.99013E-05 9.99013E-05 9.99013E-05 9.99013E-05 9.99013E-05 9.99013E-05 9.99013E-05 9.99013E-05 9.99013E-05 9.99013E-05
9.99013E-05 0.00052484 0.998376 9.99013E-05 9.99013E-05 9.99013E-05 9.99013E-05 9.99013E-05 9.99013E-05 9.99013E-05 9.99013E-05 9.99013E-05 9.99013E-05
0.0692471 9.99278E-05 9.99278E-05 9.99278E-05 0.025528 0.762902 9.99278E-05 0.0525224 9.99278E-05 9.99278E-05 9.99278E-05 9.99278E-05 0.0890013
9.9919E-05 0.0450432 0.931747 9.9919E-05 9.9919E-05 0.00139822 9.9919E-05 9.9919E-05 0.020912 9.9919E-05 9.9919E-05 9.9919E-05 9.9919E-05
9.991E-05 0.0930047 0.892109 9.991E-05 9.991E-05 9.991E-05 0.0138869 9.991E-05 9.991E-05 9.991E-05 9.991E-05 9.991E-05 9.991E-05
0.0275347 0.096907 0.656343 9.99461E-05 0.0159507 9.99461E-05 9.99461E-05 9.99461E-05 0.151064 0.0386916 0.0129087 9.99461E-05 9.99461E-05
9.99279E-05 0.110683 0.419677 9.99279E-05 0.0233537 9.99279E-05 9.99279E-05 0.0684534 0.377033 9.99279E-05 9.99279E-05 9.99279E-05 9.99279E-05
9.98923E-05 9.98923E-05 9.98923E-05 9.98923E-05 9.98923E-05 9.98923E-05 9.98923E-05 9.98923E-05 9.98923E-05 9.98923E-05 0.998801 9.98923E-05 9.98923E-05
9.99101E-05 9.99101E-05 0.808219 9.99101E-05 9.99101E-05 9.99101E-05 9.99101E-05 9.99101E-05 0.161861 9.99101E-05 9.99101E-05 0.0289202 9.99101E-05
9.99282E-05 0.756188 0.00819413 9.99282E-05 9.99282E-05 9.99282E-05 9.99282E-05 9.99282E-05 0.222945 9.99282E-05 0.00284145 9.99282E-05 0.00903198
9.99368E-05 9.99368E-05 0.0153875 9.99368E-05 0.0662976 0.481564 9.99368E-05 0.346947 9.99368E-05 9.99368E-05 9.99368E-05 0.0645736 0.0245312
9.99189E-05 9.99189E-05 0.922492 9.99189E-05 9.99189E-05 9.99189E-05 9.99189E-05 0.0110615 0.0363543 9.99189E-05 9.99189E-05 0.0291933 9.99189E-05
0.953837 9.9919E-05 0.0102359 9.9919E-05 9.9919E-05 9.9919E-05 9.9919E-05 0.0227967 0.0122308 9.9919E-05 9.9919E-05 9.9919E-05 9.9919E-05
0.0753377 9.99459E-05 0.000983718 0.0989332 9.99459E-05 9.99459E-05 9.99459E-05 9.99459E-05 0.0101274 9.99459E-05 0.249084 0.0563399 0.508595
9.99009E-05 9.99009E-05 9.99009E-05 9.99009E-05 9.99009E-05 9.99009E-05 9.99009E-05 0.996775 0.00212657 9.99009E-05 9.99009E-05 9.99009E-05 9.99009E-05
9.9892E-05 9.9892E-05 9.9892E-05 9.9892E-05 9.9892E-05 9.9892E-05 9.9892E-05 9.9892E-05 9.9892E-05 9.9892E-05 9.9892E-05 0.998801 9.9892E-05
0.0144009 9.991E-05 9.991E-05 9.991E-05 0.00234947 9.991E-05 9.991E-05 9.991E-05 9.991E-05 9.991E-05 9.991E-05 0.982251 9.991E-05
0.0134226 9.9919E-05 9.9919E-05 9.9919E-05 9.9919E-05 9.9919E-05 9.9919E-05 0.0148594 9.9919E-05 9.9919E-05 9.9919E-05 0.0913136 0.879505
0.0170481 9.9928E-05 9.9928E-05 9.9928E-05 9.9928E-05 0.0281045 0.855897 9.9928E-05 9.9928E-05 9.9928E-05 9.9928E-05 0.0320168 0.0661344
0.0255957 9.991E-05 9.991E-05 9.991E-05 9.991E-05 9.991E-05 9.991E-05 0.0378898 9.991E-05 9.991E-05 9.991E-05 9.991E-05 0.935515
0.0160561 9.99458E-05 9.99458E-05 0.373987 9.99458E-05 0.174438 0.0303601 9.99458E-05 9.99458E-05 9.99458E-05 0.0433315 0.15171 0.209518
0.117747 9.9955E-05 0.0495416 0.191987 9.9955E-05 0.0216512 0.138465 9.9955E-05 0.0160739 9.9955E-05 9.9955E-05 0.158444 0.305591
0.220335 0.0249821 0.100724 9.9946E-05 9.9946E-05 0.118573 9.9946E-05 0.306192 9.9946E-05 9.9946E-05 0.00713738 9.9946E-05 0.221457
0.987779 9.99106E-05 9.99106E-05 9.99106E-05 9.99106E-05 9.99106E-05 9.99106E-05 9.99106E-05 9.99106E-05 0.00822907 0.00299257 9.99106E-05 9.99106E-05
9.98921E-05 0.998801 9.98921E-05 9.98921E-05 9.98921E-05 9.98921E-05 9.98921E-05 9.98921E-05 9.98921E-05 9.98921E-05 9.98921E-05 9.98921E-05 9.98921E-05
9.99011E-05 0.996666 9.99011E-05 9.99011E-05 9.99011E-05 9.99011E-05 9.99011E-05 9.99011E-05 9.99011E-05 9.99011E-05 9.99011E-05 0.00223507 9.99011E-05
9.99191E-05 0.971089 9.99191E-05 9.99191E-05 9.99191E-05 0.00753576 0.0101356 9.99191E-05 9.99191E-05 9.99191E-05 9.99191E-05 9.99191E-05 0.0103408
9.98921E-05 0.998801 9.98921E-05 9.98921E-05 9.98921E-05 9.98921E-05 9.98921E-05 9.98921E-05 9.98921E-05 9.98921E-05 9.98921E-05 9.98921E-05 9.98921E-05
9.98922E-05 0.998801 9.98922E-05 9.98922E-05 9.98922E-05 9.98922E-05 9.98922E-05 9.98922E-05 9.98922E-05 9.98922E-05 9.98922E-05 9.98922E-05 9.98922E-05
0.00909118 0.321954 0.114384 0.073856 9.9964E-05 9.9964E-05 0.00511563 9.9964E-05 0.317859 0.0110455 0.104709 9.9964E-05 0.0415857
0.0107959 0.925108 9.9928E-05 9.9928E-05 9.9928E-05 9.9928E-05 0.0121165 9.9928E-05 9.9928E-05 9.9928E-05 0.0488186 0.00236208 9.9928E-05
0.777673 9.99008E-05 9.99008E-05 9.99008E-05 9.99008E-05 9.99008E-05 0.221229 9.99008E-05 9.99008E-05 9.99008E-05 9.99008E-05 9.99008E-05 9.99008E-05
9.991E-05 0.0196313 9.991E-05 9.991E-05 9.991E-05 9.991E-05 0.0424983 9.991E-05 9.991E-05 9.991E-05 0.936871 9.991E-05 9.991E-05
9.99189E-05 9.99189E-05 0.967431 9.99189E-05 9.99189E-05 9.99189E-05 9.99189E-05 0.00699175 0.002408 9.99189E-05 9.99189E-05 0.0222696 9.99189E-05
9.9919E-05 0.0185674 9.9919E-05 9.9919E-05 0.0135283 0.816783 9.9919E-05 9.9919E-05 9.9919E-05 9.9919E-05 9.9919E-05 0.150222 9.9919E-05
0.0458501 9.99102E-05 9.99102E-05 9.99102E-05 9.99102E-05 0.0782114 0.874939 9.99102E-05 9.99102E-05 9.99102E-05 9.99102E-05 9.99102E-05 9.99102E-05
9.99013E-05 9.99013E-05 9.99013E-05 9.99013E-05 9.99013E-05 0.978527 9.99013E-05 9.99013E-05 0.0203745 9.99013E-05 9.99013E-05 9.99013E-05 9.99013E-05
0.0122579 9.99189E-05 9.99189E-05 9.99189E-05 9.99189E-05 0.879966 9.99189E-05 9.99189E-05 9.99189E-05 9.99189E-05 9.99189E-05 0.0205207 0.0863565
9.99189E-05 9.99189E-05 9.99189E-05 9.99189E-05 0.0464235 0.81463 9.99189E-05 0.0321953 9.99189E-05 9.99189E-05 9.99189E-05 9.99189E-05 0.105852
0.0835292 9.99102E-05 9.99102E-05 9.99102E-05 9.99102E-05 9.99102E-05 9.99102E-05 9.99102E-05 9.99102E-05 0.910915 9.99102E-05 0.00455684 9.99102E-05
9.99014E-05 9.99014E-05 0.986902 9.99014E-05 0.0119988 9.99014E-05 9.99014E-05 9.99014E-05 9.99014E-05 9.99014E-05 9.99014E-05 9.99014E-05 9.99014E-05
0.10504 0.0538342 0.271172 9.9982E-05 0.000321773 0.0147852 9.9982E-05 0.205026 0.112931 0.049312 0.0242125 0.00270706 0.160459
9.99193E-05 9.99193E-05 0.957922 9.99193E-05 9.99193E-05 0.0304416 0.00861102 9.99193E-05 0.00212603 9.99193E-05 9.99193E-05 9.99193E-05 9.99193E-05
9.99279E-05 0.00175635 0.861505 9.99279E-05 9.99279E-05 9.99279E-05 9.99279E-05 0.0229171 0.0591278 9.99279E-05 9.99279E-05 0.0538948 9.99279E-05
9.9919E-05 0.0405169 0.914007 9.9919E-05 9.9919E-05 9.9919E-05 0.0429654 9.9919E-05 0.00161144 9.9919E-05 9.9919E-05 9.9919E-05 9.9919E-05
9.99281E-05 0.00514542 0.908229 9.99281E-05 9.99281E-05 9.99281E-05 0.0463678 9.99281E-05 0.024962 9.99281E-05 0.0144968 9.99281E-05 9.99281E-05
9.99371E-05 9.99371E-05 0.815942 9.99371E-05 0.00602138 9.99371E-05 9.99371E-05 0.00902699 0.0660652 9.99371E-05 9.99371E-05 0.0827397 0.0195049
9.991E-05 9.991E-05 0.963033 9.991E-05 9.991E-05 9.991E-05 9.991E-05 0.0240671 9.991E-05 9.991E-05 9.991E-05 0.011901 9.991E-05
9.99098E-05 0.0265452 9.99098E-05 9.99098E-05 9.99098E-05 9.99098E-05 9.99098E-05 0.0194455 0.95301 9.99098E-05 9.99098E-05 9.99098E-05 9.99098E-05
9.99009E-05 9.99009E-05 9.99009E-05 9.99009E-05 9.99009E-05 0.0127758 9.99009E-05 9.99009E-05 0.986125 9.99009E-05 9.99009E-05 9.99009E-05 9.99009E-05
9.99101E-05 0.0365029 0.927882 9.99101E-05 9.99101E-05 9.99101E-05 0.0346165 9.99101E-05 9.99101E-05 9.99101E-05 9.99101E-05 9.99101E-05 9.99101E-05
9.99369E-05 0.00610056 0.0138103 9.99369E-05 0.0149655 9.99369E-05 0.937913 0.0204565 9.99369E-05 9.99369E-05 9.99369E-05 0.0060545 9.99369E-05
9.99099E-05 0.0133115 9.99099E-05 9.99099E-05 0.00895896 9.99099E-05 0.97673 9.99099E-05 9.99099E-05 9.99099E-05 9.99099E-05 9.99099E-05 9.99099E-05
9.98922E-05 9.98922E-05 9.98922E-05 9.98922E-05 0.998801 9.98922E-05 9.98922E-05 9.98922E-05 9.98922E-05 9.98922E-05 9.98922E-05 9.98922E-05 9.98922E-05
9.99012E-05 9.99012E-05 0.000516541 9.99012E-05 0.998385 9.99012E-05 9.99012E-05 9.99012E-05 9.99012E-05 9.99012E-05 9.99012E-05 9.99012E-05 9.99012E-05
9.99279E-05 9.99279E-05 9.99279E-05 9.99279E-05 9.99279E-05 0.0111617 0.032651 9.99279E-05 9.99279E-05 9.99279E-05 0.101181 0.0722062 0.782001
9.99279E-05 9.99279E-05 9.99279E-05 9.99279E-05 9.99279E-05 0.0465379 0.0816903 9.99279E-05 9.99279E-05 9.99279E-05 0.0417739 0.0963503 0.732848
9.99191E-05 9.99191E-05 9.99191E-05 0.00249061 0.92819 9.99191E-05 9.99191E-05 0.0365443 0.0318763 9.99191E-05 9.99191E-05 9.99191E-05 9.99191E-05
9.99011E-05 9.99011E-05 9.99011E-05 9.99011E-05 0.987757 9.99011E-05 9.99011E-05 9.99011E-05 9.99011E-05 9.99011E-05 9.99011E-05 0.0111438 9.99011E-05
0.966439 0.0195929 9.99099E-05 9.99099E-05 9.99099E-05 9.99099E-05 0.0129688 9.99099E-05 9.99099E-05 9.99099E-05 9.99099E-05 9.99099E-05 9.99099E-05
9.9919E-05 9.9919E-05 9.9919E-05 9.9919E-05 9.9919E-05 0.144894 0.174204 9.9919E-05 9.9919E-05 0.017953 9.9919E-05 0.662049 9.9919E-05
9.9901E-05 0.0755814 9.9901E-05 9.9901E-05 9.9901E-05 9.9901E-05 9.9901E-05 9.9901E-05 9.9901E-05 9.9901E-05 0.92332 9.9901E-05 9.9901E-05
0.0282527 9.995E-05 0.0282385 0.45871 0.0150456 0.247776 9.995E-05 0.187851 9.995E-05 9.995E-05 9.995E-05 0.00814963 0.0254761
0.138815 9.99282E-05 9.99282E-05 9.99282E-05 0.107501 0.283344 9.99282E-05 0.393615 9.99282E-05 0.0759261 9.99282E-05 9.99282E-05 9.99282E-05
9.99281E-05 0.108535 0.372332 9.99281E-05 0.0201852 9.99281E-05 9.99281E-05 9.99281E-05 0.470072 0.0280762 9.99281E-05 9.99281E-05 9.99281E-05
