9.99008E-05 9.99008E-05 9.99008E-05 9.99008E-05 9.99008E-05 9.99008E-05 9.99008E-05 9.99008E-05 9.99008E-05 0.0527839 0.946117 9.99008E-05 9.99008E-05
9.99278E-05 0.0450402 9.99278E-05 0.718124 9.99278E-05 0.188164 9.99278E-05 0.00794171 9.99278E-05 9.99278E-05 0.0399312 9.99278E-05 9.99278E-05
0.187314 9.99376E-05 9.99376E-05 9.99376E-05 0.206729 0.450962 9.99376E-05 9.99376E-05 0.087364 9.99376E-05 9.99376E-05 0.0285567 0.0383747
9.9919E-05 9.9919E-05 9.9919E-05 9.9919E-05 0.086125 0.899615 0.00815255 9.9919E-05 9.9919E-05 9.9919E-05 9.9919E-05 9.9919E-05 0.00520828
0.0975392 9.99372E-05 9.99372E-05 0.17397 9.99372E-05 0.413201 0.0874518 9.99372E-05 9.99372E-05 0.202025 0.0251128 9.99372E-05 9.99372E-05
0.00164586 9.991E-05 0.00865126 9.991E-05 9.991E-05 0.988704 9.991E-05 9.991E-05 9.991E-05 9.991E-05 9.991E-05 9.991E-05 9.991E-05
0.145075 9.99192E-05 9.99192E-05 0.467765 9.99192E-05 9.99192E-05 9.99192E-05 0.000306826 0.385954 9.99192E-05 9.99192E-05 9.99192E-05 9.99192E-05
0.630894 9.99459E-05 9.99459E-05 0.0736885 0.0729942 0.032556 0.0768079 9.99459E-05 9.99459E-05 0.0744893 9.99459E-05 9.99459E-05 0.0379704
0.094219 9.99191E-05 9.99191E-05 0.565932 9.99191E-05 9.99191E-05 9.99191E-05 0.0600174 0.278933 9.99191E-05 9.99191E-05 9.99191E-05 9.99191E-05
9.98923E-05 9.98923E-05 9.98923E-05 9.98923E-05 9.98923E-05 9.98923E-05 9.98923E-05 9.98923E-05 9.98923E-05 0.998801 9.98923E-05 9.98923E-05 9.98923E-05
9.98923E-05 9.98923E-05 9.98923E-05 9.98923E-05 9.98923E-05 9.98923E-05 9.98923E-05 9.98923E-05 9.98923E-05 0.998801 9.98923E-05 9.98923E-05 9.98923E-05
9.9937E-05 0.00758323 9.9937E-05 9.9937E-05 0.0203114 9.9937E-05 9.9937E-05 0.00567963 0.162385 9.9937E-05 0.673405 9.9937E-05 0.129936
0.060768 9.99012E-05 9.99012E-05 9.99012E-05 9.99012E-05 9.99012E-05 9.99012E-05 9.99012E-05 0.938133 9.99012E-05 9.99012E-05 9.99012E-05 9.99012E-05
9.9919E-05 0.000103379 9.9919E-05 0.00634918 9.9919E-05 0.982198 9.9919E-05 9.9919E-05 9.9919E-05 9.9919E-05 9.9919E-05 0.0104501 9.9919E-05
9.99101E-05 9.99101E-05 0.010397 9.99101E-05 9.99101E-05 0.982852 9.99101E-05 9.99101E-05 9.99101E-05 9.99101E-05 0.00575199 9.99101E-05 9.99101E-05
9.9919E-05 0.0710728 9.9919E-05 9.9919E-05 9.9919E-05 9.9919E-05 9.9919E-05 0.785962 0.133872 0.0081938 9.9919E-05 9.9919E-05 9.9919E-05
9.99098E-05 0.958518 9.99098E-05 9.99098E-05 9.99098E-05 9.99098E-05 9.99098E-05 0.0132314 9.99098E-05 0.0272519 9.99098E-05 9.99098E-05 9.99098E-05
9.99368E-05 9.99368E-05 9.99368E-05 0.0593554 9.99368E-05 9.99368E-05 0.00898345 0.114618 9.99368E-05 0.0453314 0.0216827 0.74933 9.99368E-05
9.99101E-05 9.99101E-05 0.0878631 9.99101E-05 9.99101E-05 9.99101E-05 9.99101E-05 9.99101E-05 9.99101E-05 9.99101E-05 9.99101E-05 0.879513 0.031625
9.99279E-05 0.0942355 9.99279E-05 9.99279E-05 9.99279E-05 9.99279E-05 9.99279E-05 0.305602 9.99279E-05 0.460467 0.0983133 9.99279E-05 0.0405836
0.0037165 9.991E-05 0.0973936 9.991E-05 9.991E-05 9.991E-05 9.991E-05 9.991E-05 9.991E-05 9.991E-05 9.991E-05 0.897891 9.991E-05
9.99279E-05 0.0630862 9.99279E-05 9.99279E-05 9.99279E-05 9.99279E-05 9.99279E-05 0.360524 0.0253639 0.0353223 0.514904 9.99279E-05 9.99279E-05
9.9928E-05 0.225535 9.9928E-05 9.9928E-05 9.9928E-05 9.9928E-05 0.00436705 9.9928E-05 9.9928E-05 0.158862 9.9928E-05 0.459082 0.151355
9.991E-05 9.991E-05 9.991E-05 9.991E-05 9.991E-05 9.991E-05 9.991E-05 9.991E-05 9.991E-05 0.0847228 9.991E-05 0.903382 0.0108965
9.99012E-05 9.99012E-05 9.99012E-05 9.99012E-05 0.650152 0.348749 9.99012E-05 9.99012E-05 9.99012E-05 9.99012E-05 9.99012E-05 9.99012E-05 9.99012E-05
9.99011E-05 9.99011E-05 9.99011E-05 9.99011E-05 0.182499 0.816402 9.99011E-05 9.99011E-05 9.99011E-05 9.99011E-05 9.99011E-05 9.99011E-05 9.99011E-05
9.99368E-05 0.0357906 9.99368E-05 9.99368E-05 9.99368E-05 9.99368E-05 9.99368E-05 0.0309801 0.726396 0.0464625 0.101172 9.99368E-05 0.0584995
9.9892E-05 9.9892E-05 9.9892E-05 9.9892E-05 0.998801 9.9892E-05 9.9892E-05 9.9892E-05 9.9892E-05 9.9892E-05 9.9892E-05 9.9892E-05 9.9892E-05
9.99011E-05 9.99011E-05 9.99011E-05 9.99011E-05 0.998152 9.99011E-05 0.000748612 9.99011E-05 9.99011E-05 9.99011E-05 9.99011E-05 9.99011E-05 9.99011E-05
0.282412 0.0390626 0.0380071 9.99371E-05 0.220651 0.323279 0.0958885 9.99371E-05 9.99371E-05 9.99371E-05 9.99371E-05 9.99371E-05 9.99371E-05
0.522155 0.0389986 9.99369E-05 9.99369E-05 0.00901393 0.365848 0.051198 9.99369E-05 9.99369E-05 9.99369E-05 9.99369E-05 9.99369E-05 0.0120869
9.98923E-05 9.98923E-05 9.98923E-05 0.998801 9.98923E-05 9.98923E-05 9.98923E-05 9.98923E-05 9.98923E-05 9.98923E-05 9.98923E-05 9.98923E-05 9.98923E-05
0.155834 9.991E-05 9.991E-05 9.991E-05 0.284836 0.55833 9.991E-05 9.991E-05 9.991E-05 9.991E-05 9.991E-05 9.991E-05 9.991E-05
0.223993 9.99281E-05 9.99281E-05 0.060774 0.0291393 9.99281E-05 0.680961 9.99281E-05 9.99281E-05 9.99281E-05 9.99281E-05 9.99281E-05 0.00433347
0.0289782 0.338691 9.99548E-05 9.99548E-05 0.00530024 9.99548E-05 0.0071825 9.99548E-05 0.470798 0.011725 0.0364679 9.99548E-05 0.100357
9.99189E-05 0.0387436 9.99189E-05 9.99189E-05 0.539058 0.417836 9.99189E-05 0.00346302 9.99189E-05 9.99189E-05 9.99189E-05 9.99189E-05 9.99189E-05
0.0313064 0.0028352 9.991E-05 9.991E-05 9.991E-05 9.991E-05 9.991E-05 9.991E-05 9.991E-05 9.991E-05 0.964859 9.991E-05 9.991E-05
9.993E-05 9.993E-05 0.0221625 0.116528 9.993E-05 0.046884 0.014503 9.993E-05 9.993E-05 0.630492 0.168732 9.993E-05 9.993E-05
0.00285502 0.987582 9.99099E-05 9.99099E-05 9.99099E-05 0.00856413 9.99099E-05 9.99099E-05 9.99099E-05 9.99099E-05 9.99099E-05 9.99099E-05 9.99099E-05
9.99368E-05 0.0915905 0.0101506 9.99368E-05 9.99368E-05 0.119109 9.99368E-05 0.392914 9.99368E-05 0.222498 0.163039 9.99368E-05 9.99368E-05
9.99368E-05 0.0556346 0.0102897 9.99368E-05 9.99368E-05 0.0795348 9.99368E-05 0.373128 9.99368E-05 0.248869 0.231844 9.99368E-05 9.99368E-05
9.99279E-05 0.0266149 0.00429403 9.99279E-05 9.99279E-05 9.99279E-05 9.99279E-05 0.012271 9.99279E-05 0.86735 0.0886709 9.99279E-05 9.99279E-05
9.9928E-05 9.9928E-05 9.9928E-05 0.00184764 9.9928E-05 9.9928E-05 9.9928E-05 0.874483 0.101426 0.0142106 9.9928E-05 0.00723311 9.9928E-05
9.99369E-05 0.0433939 9.99369E-05 9.99369E-05 9.99369E-05 9.99369E-05 0.0115662 9.99369E-05 0.0138917 0.914118 0.0120126 9.99369E-05 0.00431809
9.99459E-05 9.99459E-05 9.99459E-05 0.0391584 9.99459E-05 9.99459E-05 9.99459E-05 0.0842788 0.164413 0.437036 0.0561226 0.131843 0.0865478
0.00647529 0.00433474 0.109712 9.99459E-05 9.99459E-05 0.0838436 9.99459E-05 0.175301 9.99459E-05 0.519074 0.10066 9.99459E-05 9.99459E-05
9.9955E-05 0.313476 0.0123923 9.9955E-05 0.0498235 0.014267 0.0430813 9.9955E-05 0.142204 0.247831 0.176425 9.9955E-05 9.9955E-05
9.99018E-05 9.99018E-05 9.99018E-05 9.99018E-05 9.99018E-05 9.99018E-05 9.99018E-05 9.99018E-05 9.99018E-05 9.99018E-05 0.984597 0.0143037 9.99018E-05
9.99011E-05 9.99011E-05 9.99011E-05 9.99011E-05 9.99011E-05 9.99011E-05 0.99828 0.000620711 9.99011E-05 9.99011E-05 9.99011E-05 9.99011E-05 9.99011E-05
9.99011E-05 9.99011E-05 0.000409345 9.99011E-05 9.99011E-05 9.99011E-05 0.998492 9.99011E-05 9.99011E-05 9.99011E-05 9.99011E-05 9.99011E-05 9.99011E-05
9.99011E-05 9.99011E-05 9.99011E-05 9.99011E-05 9.99011E-05 9.99011E-05 0.976056 0.0228446 9.99011E-05 9.99011E-05 9.99011E-05 9.99011E-05 9.99011E-05
9.98922E-05 9.98922E-05 9.98922E-05 9.98922E-05 9.98922E-05 9.98922E-05 0.998801 9.98922E-05 9.98922E-05 9.98922E-05 9.98922E-05 9.98922E-05 9.98922E-05
9.98922E-05 9.98922E-05 9.98922E-05 9.98922E-05 9.98922E-05 9.98922E-05 0.998801 9.98922E-05 9.98922E-05 9.98922E-05 9.98922E-05 9.98922E-05 9.98922E-05
0.374334 9.99551E-05 9.99551E-05 0.118203 0.0780877 9.99551E-05 0.327466 0.0487244 9.99551E-05 0.0148788 9.99551E-05 0.0338477 0.00395861
9.99281E-05 9.99281E-05 9.99281E-05 0.0338093 9.99281E-05 9.99281E-05 0.942605 9.99281E-05 0.00678034 9.99281E-05 0.00819961 9.99281E-05 0.00780654
9.99099E-05 9.99099E-05 9.99099E-05 9.99099E-05 9.99099E-05 9.99099E-05 9.99099E-05 0.151245 0.0241863 9.99099E-05 0.82357 9.99099E-05 9.99099E-05
9.99097E-05 9.99097E-05 9.99097E-05 0.879944 9.99097E-05 9.99097E-05 0.0848415 9.99097E-05 9.99097E-05 9.99097E-05 0.0342157 9.99097E-05 9.99097E-05
9.99009E-05 9.99009E-05 9.99009E-05 9.99009E-05 0.400536 0.598365 9.99009E-05 9.99009E-05 9.99009E-05 9.99009E-05 9.99009E-05 9.99009E-05 9.99009E-05
9.9928E-05 9.9928E-05 9.9928E-05 9.9928E-05 9.9928E-05 9.9928E-05 0.00350126 0.157878 0.778777 9.9928E-05 0.0254208 9.9928E-05 0.0336233
9.99013E-05 9.99013E-05 9.99013E-05 9.99013E-05 9.99013E-05 9.99013E-05 9.99013E-05 0.944989 0.0539123 9.99013E-05 9.99013E-05 9.99013E-05 9.99013E-05
9.98923E-05 9.98923E-05 9.98923E-05 9.98923E-05 9.98923E-05 9.98923E-05 9.98923E-05 9.98923E-05 0.998801 9.98923E-05 9.98923E-05 9.98923E-05 9.98923E-05
9.99189E-05 9.99189E-05 9.99189E-05 9.99189E-05 9.99189E-05 0.00181744 9.99189E-05 9.99189E-05 0.86203 0.12875 0.00650336 9.99189E-05 9.99189E-05
9.99278E-05 0.029899 9.99278E-05 9.99278E-05 9.99278E-05 9.99278E-05 9.99278E-05 9.99278E-05 0.78225 0.0973113 0.000587999 9.99278E-05 0.0891525
9.9892E-05 9.9892E-05 0.998801 9.9892E-05 9.9892E-05 9.9892E-05 9.9892E-05 9.9892E-05 9.9892E-05 9.9892E-05 9.9892E-05 9.9892E-05 9.9892E-05
9.99015E-05 9.99015E-05 9.99015E-05 9.99015E-05 0.711608 0.287294 9.99015E-05 9.99015E-05 9.99015E-05 9.99015E-05 9.99015E-05 9.99015E-05 9.99015E-05
0.0792825 0.148779 9.99551E-05 0.14587 9.99551E-05 0.293949 0.0261737 0.177815 9.99551E-05 0.10011 9.99551E-05 0.0275212 9.99551E-05
0.0190701 9.99371E-05 9.99371E-05 9.99371E-05 0.126776 0.804387 0.00341659 0.0115014 0.03415 9.99371E-05 9.99371E-05 9.99371E-05 9.99371E-05
9.99189E-05 0.0489799 9.99189E-05 9.99189E-05 0.181976 0.749888 0.0182571 9.99189E-05 9.99189E-05 9.99189E-05 9.99189E-05 9.99189E-05 9.99189E-05
9.9901E-05 9.9901E-05 9.9901E-05 9.9901E-05 0.984418 9.9901E-05 9.9901E-05 0.0144828 9.9901E-05 9.9901E-05 9.9901E-05 9.9901E-05 9.9901E-05
9.99011E-05 9.99011E-05 9.99011E-05 9.99011E-05 0.987439 9.99011E-05 9.99011E-05 9.99011E-05 9.99011E-05 9.99011E-05 9.99011E-05 0.0114621 9.99011E-05
0.0415044 9.99282E-05 9.99282E-05 0.0477537 0.126435 0.727021 9.99282E-05 9.99282E-05 9.99282E-05 0.0564866 9.99282E-05 9.99282E-05 9.99282E-05
9.991E-05 0.0046333 9.991E-05 9.991E-05 0.441496 0.552872 9.991E-05 9.991E-05 9.991E-05 9.991E-05 9.991E-05 9.991E-05 9.991E-05
0.998801 9.98919E-05 9.98919E-05 9.98919E-05 9.98919E-05 9.98919E-05 9.98919E-05 9.98919E-05 9.98919E-05 9.98919E-05 9.98919E-05 9.98919E-05 9.98919E-05
0.948059 9.9901E-05 9.9901E-05 9.9901E-05 9.9901E-05 9.9901E-05 9.9901E-05 9.9901E-05 0.0508424 9.9901E-05 9.9901E-05 9.9901E-05 9.9901E-05
9.9934E-05 9.9934E-05 9.9934E-05 9.9934E-05 0.140013 0.824638 0.00376833 0.0289445 9.9934E-05 9.9934E-05 9.9934E-05 0.00183676 9.9934E-05
0.018153 9.99009E-05 9.99009E-05 9.99009E-05 9.99009E-05 9.99009E-05 9.99009E-05 0.980748 9.99009E-05 9.99009E-05 9.99009E-05 9.99009E-05 9.99009E-05
9.99009E-05 9.99009E-05 9.99009E-05 9.99009E-05 9.99009E-05 9.99009E-05 0.0180398 0.980861 9.99009E-05 9.99009E-05 9.99009E-05 9.99009E-05 9.99009E-05
9.98922E-05 9.98922E-05 9.98922E-05 9.98922E-05 9.98922E-05 9.98922E-05 9.98922E-05 9.98922E-05 9.98922E-05 9.98922E-05 9.98922E-05 9.98922E-05 0.998801
9.99012E-05 9.99012E-05 9.99012E-05 9.99012E-05 9.99012E-05 9.99012E-05 9.99012E-05 9.99012E-05 0.00276296 9.99012E-05 9.99012E-05 9.99012E-05 0.996138
9.99369E-05 9.99369E-05 9.99369E-05 0.0577635 0.00294774 9.99369E-05 9.99369E-05 0.100854 0.0232333 0.7696 0.0449018 9.99369E-05 9.99369E-05
9.99459E-05 9.99459E-05 0.00686198 0.00843375 0.0126411 9.99459E-05 9.99459E-05 0.144361 0.0412195 0.750776 0.0351077 9.99459E-05 9.99459E-05
9.99011E-05 9.99011E-05 9.99011E-05 9.99011E-05 9.99011E-05 9.99011E-05 9.99011E-05 0.0309648 9.99011E-05 9.99011E-05 9.99011E-05 9.99011E-05 0.967936
9.98922E-05 9.98922E-05 9.98922E-05 9.98922E-05 9.98922E-05 9.98922E-05 9.98922E-05 9.98922E-05 9.98922E-05 9.98922E-05 9.98922E-05 9.98922E-05 0.998801
9.99099E-05 9.99099E-05 9.99099E-05 9.99099E-05 9.99099E-05 9.99099E-05 0.015065 9.99099E-05 0.0305889 9.99099E-05 0.953347 9.99099E-05 9.99099E-05
9.9928E-05 9.9928E-05 9.9928E-05 0.0977088 9.9928E-05 9.9928E-05 9.9928E-05 0.582217 0.190014 0.0579354 9.9928E-05 0.0713255 9.9928E-05
9.99009E-05 9.99009E-05 9.99009E-05 0.937358 9.99009E-05 9.99009E-05 0.0615432 9.99009E-05 9.99009E-05 9.99009E-05 9.99009E-05 9.99009E-05 9.99009E-05
9.99462E-05 0.40811 9.99462E-05 9.99462E-05 0.0165937 0.0108963 9.99462E-05 9.99462E-05 0.204788 0.176617 9.99462E-05 0.0901323 0.0922627
9.99281E-05 0.472901 9.99281E-05 9.99281E-05 9.99281E-05 9.99281E-05 9.99281E-05 9.99281E-05 0.262313 9.99281E-05 0.105092 0.0372436 0.121651
0.568202 9.9946E-05 9.9946E-05 9.9946E-05 0.254993 0.069648 0.0153166 9.9946E-05 9.9946E-05 0.022648 9.9946E-05 0.0374355 0.0311573
