9.99459E-05 9.99459E-05 9.99459E-05 9.99459E-05 0.926975 9.99459E-05 0.0724249 9.99459E-05
0.0107353 0.31261 0.192679 0.189075 0.185188 9.9982E-05 0.109513 9.9982E-05
0.0438646 0.78021 9.99733E-05 0.0704261 9.99733E-05 0.0687808 9.99733E-05 0.0364184
0.0366224 0.962778 9.99459E-05 9.99459E-05 9.99459E-05 9.99459E-05 9.99459E-05 9.99459E-05
9.99731E-05 0.427912 0.0792233 0.208332 0.0455936 9.99731E-05 0.23864 9.99731E-05
0.00406532 0.995335 9.9946E-05 9.9946E-05 9.9946E-05 9.9946E-05 9.9946E-05 9.9946E-05
9.99553E-05 9.99553E-05 0.778409 0.166281 9.99553E-05 0.0548107 9.99553E-05 9.99553E-05
9.99641E-05 0.418754 0.0152307 0.40823 9.99641E-05 9.99641E-05 0.157385 9.99641E-05
9.99552E-05 9.99552E-05 0.773647 0.224388 9.99552E-05 0.00146489 9.99552E-05 9.99552E-05
9.994E-05 9.994E-05 9.994E-05 9.994E-05 9.994E-05 9.994E-05 0.9993 9.994E-05
9.994E-05 9.994E-05 9.994E-05 9.994E-05 9.994E-05 9.994E-05 0.9993 9.994E-05
0.126224 0.0233706 9.9964E-05 9.9964E-05 0.66166 0.188346 9.9964E-05 9.9964E-05
9.99461E-05 0.0079579 9.99461E-05 9.99461E-05 9.99461E-05 0.991442 9.99461E-05 9.99461E-05
0.0145514 0.949824 9.9964E-05 9.9964E-05 0.0312051 9.9964E-05 9.9964E-05 0.00401941
9.9955E-05 0.927192 9.9955E-05 9.9955E-05 0.0671363 9.9955E-05 0.00517165 9.9955E-05
0.0141984 9.99729E-05 0.683689 9.99729E-05 0.0505575 0.172161 0.0790946 9.99729E-05
0.307537 0.00985874 9.9982E-05 9.9982E-05 0.0112679 0.250191 0.34715 0.0737956
9.997E-05 9.997E-05 0.065653 0.0567209 0.0476667 9.997E-05 0.0878489 0.741811
0.0670203 9.9946E-05 9.9946E-05 9.9946E-05 9.9946E-05 9.9946E-05 9.9946E-05 0.93238
0.0790419 9.99729E-05 0.223198 9.99729E-05 0.139512 0.00626508 0.551683 9.99729E-05
9.9946E-05 9.9946E-05 9.9946E-05 9.9946E-05 9.9946E-05 0.00944787 9.9946E-05 0.989952
0.0203661 9.99729E-05 0.184391 9.99729E-05 0.544607 0.127165 0.123171 9.99729E-05
0.257636 0.0363127 9.9964E-05 9.9964E-05 9.9964E-05 9.9964E-05 0.319922 0.38573
0.0737319 9.9955E-05 9.9955E-05 9.9955E-05 9.9955E-05 9.9955E-05 0.0410392 0.884729
9.99461E-05 0.956638 9.99461E-05 0.0427625 9.99461E-05 9.99461E-05 9.99461E-05 9.99461E-05
9.994E-05 0.9993 9.994E-05 9.994E-05 9.994E-05 9.994E-05 9.994E-05 9.994E-05
0.0137067 9.99639E-05 9.99639E-05 9.99639E-05 0.0425369 0.849667 0.093689 9.99639E-05
9.9955E-05 0.910712 0.00859337 0.0801952 9.9955E-05 9.9955E-05 9.9955E-05 9.9955E-05
9.9964E-05 0.903385 0.0141004 0.078122 9.9964E-05 0.00399298 9.9964E-05 9.9964E-05
0.00324899 0.694292 9.99731E-05 0.261747 9.99731E-05 0.0261715 9.99731E-05 0.0142398
0.0334176 0.639235 9.99641E-05 0.296703 9.99641E-05 9.99641E-05 0.0302446 9.99641E-05
9.99642E-05 0.119466 0.242972 0.479113 0.158049 9.99642E-05 9.99642E-05 9.99642E-05
0.000544595 0.975731 0.0232248 9.99551E-05 9.99551E-05 9.99551E-05 9.99551E-05 9.99551E-05
0.00648515 0.0731686 9.99641E-05 0.906455 9.99641E-05 0.0134915 9.99641E-05 9.99641E-05
0.192662 0.0517135 9.99819E-05 0.00889141 0.0105361 0.627904 0.108092 9.99819E-05
0.00550303 0.987847 0.00615052 9.99549E-05 9.99549E-05 9.99549E-05 9.99549E-05 9.99549E-05
9.994E-05 9.994E-05 9.994E-05 9.994E-05 0.9993 9.994E-05 9.994E-05 9.994E-05
9.9973E-05 0.0917087 9.9973E-05 0.0796688 0.149778 9.9973E-05 0.676066 0.00247876
0.356778 0.129977 9.9973E-05 9.9973E-05 9.9973E-05 0.224617 0.227649 0.0606798
0.0441982 0.09397 0.229437 9.99729E-05 0.24441 9.99729E-05 0.387685 9.99729E-05
0.0108475 0.0589669 0.197837 9.99819E-05 0.336097 9.99819E-05 0.390605 0.00544711
9.99459E-05 9.99459E-05 9.99459E-05 9.99459E-05 0.0928852 9.99459E-05 0.906515 9.99459E-05
9.99729E-05 9.99729E-05 0.87388 9.99729E-05 0.0806176 0.0126471 0.0184227 0.0141329
0.00908667 9.9964E-05 9.9964E-05 9.9964E-05 0.0147405 0.0560758 0.919697 9.9964E-05
0.140055 9.9982E-05 0.0495293 9.9982E-05 0.0854293 0.195817 0.44931 0.0796598
0.0485074 0.0685507 0.0862001 9.9991E-05 0.144052 0.0497035 0.583312 0.0195743
0.073143 0.0774916 9.9982E-05 0.0661479 0.234582 0.229955 0.318481 9.9982E-05
9.99463E-05 9.99463E-05 9.99463E-05 9.99463E-05 0.987638 9.99463E-05 9.99463E-05 0.0117624
9.994E-05 9.994E-05 9.994E-05 0.9993 9.994E-05 9.994E-05 9.994E-05 9.994E-05
9.994E-05 9.994E-05 9.994E-05 0.9993 9.994E-05 9.994E-05 9.994E-05 9.994E-05
9.994E-05 9.994E-05 9.994E-05 0.9993 9.994E-05 9.994E-05 9.994E-05 9.994E-05
9.994E-05 9.994E-05 9.994E-05 0.9993 9.994E-05 9.994E-05 9.994E-05 9.994E-05
9.994E-05 9.994E-05 9.994E-05 0.9993 9.994E-05 9.994E-05 9.994E-05 9.994E-05
9.999E-05 0.197542 0.115119 0.597272 0.0306955 0.0255385 0.00355638 0.0301759
9.99549E-05 9.99549E-05 9.99549E-05 0.964366 0.0232539 0.0118802 9.99549E-05 9.99549E-05
9.99549E-05 9.99549E-05 0.159057 9.99549E-05 0.79036 0.0500832 9.99549E-05 9.99549E-05
9.99639E-05 0.0960931 0.281657 0.466202 0.155649 9.99639E-05 9.99639E-05 9.99639E-05
9.994E-05 0.9993 9.994E-05 9.994E-05 9.994E-05 9.994E-05 9.994E-05 9.994E-05
0.0111842 9.9964E-05 0.137232 9.9964E-05 0.0516651 0.799518 9.9964E-05 9.9964E-05
0.00820506 9.9964E-05 0.830275 9.9964E-05 0.0627892 0.0983309 9.9964E-05 9.9964E-05
9.994E-05 9.994E-05 9.994E-05 9.994E-05 9.994E-05 0.9993 9.994E-05 9.994E-05
9.99459E-05 9.99459E-05 9.99459E-05 9.99459E-05 9.99459E-05 0.879228 0.120172 9.99459E-05
0.0318444 9.99549E-05 9.99549E-05 9.99549E-05 9.99549E-05 0.858876 0.10878 9.99549E-05
9.99461E-05 9.99461E-05 9.99461E-05 9.99461E-05 0.100285 9.99461E-05 9.99461E-05 0.899116
9.994E-05 0.9993 9.994E-05 9.994E-05 9.994E-05 9.994E-05 9.994E-05 9.994E-05
0.0567816 0.204035 0.133726 0.16955 0.16835 0.121985 0.142646 0.0029266
9.99552E-05 0.973669 0.00227108 9.99552E-05 9.99552E-05 0.0235601 9.99552E-05 9.99552E-05
9.9955E-05 0.952768 9.9955E-05 0.0418723 0.00485996 9.9955E-05 9.9955E-05 9.9955E-05
9.99549E-05 0.869938 0.049351 0.0802109 9.99549E-05 9.99549E-05 9.99549E-05 9.99549E-05
9.9964E-05 0.905313 0.0573256 0.0286991 9.9964E-05 9.9964E-05 9.9964E-05 0.00826229
0.0113308 0.903025 9.9964E-05 9.9964E-05 0.0151797 9.9964E-05 0.0700651 9.9964E-05
0.00588605 0.991199 9.9955E-05 9.9955E-05 9.9955E-05 0.00241473 9.9955E-05 9.9955E-05
9.99553E-05 0.547566 9.99553E-05 0.410806 9.99553E-05 9.99553E-05 0.0411286 9.99553E-05
9.99643E-05 0.510662 0.155294 0.292319 9.99643E-05 0.0413251 9.99643E-05 9.99643E-05
0.00295525 0.935995 9.9973E-05 0.0212784 0.0327332 0.00673838 9.9973E-05 9.9973E-05
0.0819099 9.99459E-05 0.91749 9.99459E-05 9.99459E-05 9.99459E-05 9.99459E-05 9.99459E-05
0.0527014 9.99458E-05 0.946699 9.99458E-05 9.99458E-05 9.99458E-05 9.99458E-05 9.99458E-05
0.9993 9.994E-05 9.994E-05 9.994E-05 9.994E-05 9.994E-05 9.994E-05 9.994E-05
0.9993 9.994E-05 9.994E-05 9.994E-05 9.994E-05 9.994E-05 9.994E-05 9.994E-05
9.99549E-05 9.99549E-05 0.0984167 9.99549E-05 0.0743006 9.99549E-05 0.826783 9.99549E-05
9.997E-05 9.997E-05 0.13681 0.000496234 0.049395 0.0304656 0.782533 9.997E-05
0.988095 9.9955E-05 9.9955E-05 0.00358866 9.9955E-05 9.9955E-05 0.00781618 9.9955E-05
0.9993 9.994E-05 9.994E-05 9.994E-05 9.994E-05 9.994E-05 9.994E-05 9.994E-05
9.99639E-05 9.99639E-05 0.00897668 0.0170204 0.932688 0.0409154 9.99639E-05 9.99639E-05
9.997E-05 9.997E-05 0.568958 9.997E-05 0.0496173 0.127088 0.180535 0.0735009
9.9973E-05 0.0596375 0.272067 0.493266 0.127308 9.9973E-05 0.0474217 9.9973E-05
0.213699 0.052105 9.99731E-05 9.99731E-05 9.99731E-05 0.368207 0.274524 0.091166
0.297884 9.99641E-05 9.99641E-05 9.99641E-05 0.139659 0.494965 9.99641E-05 0.0670927
9.99731E-05 0.59094 0.0268067 0.307247 9.99731E-05 9.99731E-05 0.0181015 0.0566057
