9.9982E-05 0.997603 0.0021968 9.9982E-05
0.318055 0.382408 0.299437 9.9991E-05
0.856395 9.99911E-05 0.0472098 0.0962951
0.997392 9.9982E-05 0.00240775 9.9982E-05
0.4685 0.237313 0.294088 9.9991E-05
0.983251 9.9982E-05 9.9982E-05 0.0165486
0.0244343 0.581799 0.393667 9.99911E-05
0.428798 0.116641 0.454461 9.9991E-05
0.0564827 0.530907 0.41251 9.9991E-05
9.9982E-05 0.83522 0.16458 9.9982E-05
9.9982E-05 0.846001 0.153799 9.9982E-05
0.0806881 0.919112 9.9982E-05 9.9982E-05
0.0577817 0.942018 9.99821E-05 9.99821E-05
0.982701 9.9982E-05 9.9982E-05 0.0170992
0.983499 0.00299781 9.9991E-05 0.0134036
0.0315931 0.897854 0.0704528 9.9991E-05
0.0796667 0.751542 9.9991E-05 0.168692
9.9991E-05 0.146121 0.101783 0.751997
9.998E-05 9.998E-05 9.998E-05 0.9997
9.9982E-05 0.956533 0.0432669 9.9982E-05
9.998E-05 9.998E-05 9.998E-05 0.9997
9.998E-05 0.9997 9.998E-05 9.998E-05
0.0590144 0.290409 0.0790028 0.571574
9.998E-05 9.998E-05 9.998E-05 0.9997
0.985677 9.9982E-05 0.0141229 9.9982E-05
0.9997 9.998E-05 9.998E-05 9.998E-05
9.998E-05 0.9997 9.998E-05 9.998E-05
0.923361 9.9982E-05 0.0764392 9.9982E-05
0.922404 9.9982E-05 0.0773964 9.9982E-05
0.703117 9.9991E-05 0.258019 0.0387639
0.653472 9.9991E-05 0.328528 0.0179
0.0744717 0.282666 0.642762 9.99911E-05
0.9997 9.998E-05 9.998E-05 9.998E-05
0.0974349 9.9982E-05 0.902365 9.9982E-05
0.0948265 0.904974 9.9982E-05 9.9982E-05
0.997383 0.00241676 9.9982E-05 9.9982E-05
0.0751677 0.924632 9.99821E-05 9.99821E-05
0.0403829 0.722236 0.208326 0.0290542
0.208344 0.634217 9.9991E-05 0.157338
0.143574 0.856226 9.99819E-05 9.99819E-05
0.0832233 0.88494 0.0317364 9.9991E-05
9.9991E-05 0.946379 0.0317933 0.0217274
9.9982E-05 0.934844 0.0649558 9.9982E-05
9.9991E-05 0.873649 0.111855 0.0143964
9.9991E-05 0.798318 0.0453687 0.156213
0.0461483 0.844937 0.0749738 0.0339409
0.110062 0.82813 0.0617081 9.9991E-05
9.99822E-05 0.980623 0.0191769 9.99822E-05
9.998E-05 9.998E-05 0.9997 9.998E-05
9.998E-05 9.998E-05 0.9997 9.998E-05
9.998E-05 9.998E-05 0.9997 9.998E-05
9.998E-05 9.998E-05 0.9997 9.998E-05
9.998E-05 9.998E-05 0.9997 9.998E-05
0.221338 0.0999478 0.636742 0.0419728
9.998E-05 9.998E-05 0.9997 9.998E-05
9.998E-05 0.9997 9.998E-05 9.998E-05
0.0902887 0.314083 0.595528 9.9991E-05
0.9997 9.998E-05 9.998E-05 9.998E-05
9.998E-05 0.9997 9.998E-05 9.998E-05
0.0787861 0.907393 0.0137213 9.9991E-05
9.998E-05 0.9997 9.998E-05 9.998E-05
0.00971062 0.990089 9.9982E-05 9.9982E-05
9.9982E-05 0.977622 9.9982E-05 0.0221783
9.9991E-05 0.0671156 0.0309631 0.901821
0.9997 9.998E-05 9.998E-05 9.998E-05
0.30943 0.425832 0.228308 0.0364311
0.989604 9.99821E-05 0.0101957 9.99821E-05
0.9997 9.998E-05 9.998E-05 9.998E-05
0.92873 9.9982E-05 0.0710703 9.9982E-05
0.958908 0.0088987 0.0320933 9.9991E-05
0.961091 0.0387089 9.9982E-05 9.9982E-05
0.9997 9.998E-05 9.998E-05 9.998E-05
0.550942 0.00274146 0.446216 9.99911E-05
0.5396 0.0735497 0.370258 0.0165922
0.973988 9.9982E-05 0.025812 9.9982E-05
0.0513119 0.781574 0.167014 9.9991E-05
0.0199024 0.806772 0.173226 9.9991E-05
0.129217 0.589525 9.9991E-05 0.281158
0.139469 0.571187 9.9991E-05 0.289245
9.99819E-05 0.877111 0.122689 9.99819E-05
9.9991E-05 0.870706 0.123364 0.00583009
0.120434 0.618555 0.00596288 0.255049
0.136201 0.579748 9.9991E-05 0.283951
9.9982E-05 0.965079 0.0347206 9.9982E-05
9.9991E-05 0.906397 0.0662036 0.0272997
0.079303 0.278493 0.642105 9.9991E-05
0.075856 0.709004 9.9991E-05 0.21504
0.00889463 0.825632 9.9991E-05 0.165374
0.624948 9.9991E-05 0.34243 0.0325217
