9.9973E-05 0.967578 9.9973E-05 0.032122 9.9973E-05
0.320159 0.365345 9.9991E-05 0.0136291 0.300766
0.832556 0.0123987 0.0147848 0.0409749 0.099286
0.975431 9.9973E-05 9.9973E-05 0.0242689 9.9973E-05
0.469498 0.240578 9.99821E-05 9.99821E-05 0.289724
0.967129 0.00983044 0.00930693 0.0136335 9.9991E-05
0.0264653 0.573354 9.99821E-05 9.99821E-05 0.399981
0.394685 0.0588764 9.9991E-05 0.0587603 0.487579
0.0279785 0.553999 9.99821E-05 9.99821E-05 0.417823
9.9982E-05 0.724802 9.9982E-05 0.116525 0.158473
9.9982E-05 0.7686 9.9982E-05 0.125403 0.105797
0.0452107 0.801199 9.9982E-05 0.15339 9.9982E-05
0.0737687 0.925931 9.99732E-05 9.99732E-05 9.99732E-05
0.961123 9.9973E-05 0.0385772 9.9973E-05 9.9973E-05
0.985224 9.9973E-05 0.014476 9.9973E-05 9.9973E-05
0.021242 0.918345 9.9991E-05 0.00929398 0.0510192
0.00572391 0.513109 0.0863544 0.394712 9.9991E-05
9.9982E-05 0.190115 0.724573 9.9982E-05 0.0851122
9.9973E-05 9.9973E-05 0.92935 0.0703496 9.9973E-05
9.9982E-05 0.835332 9.9982E-05 0.154481 0.00998717
0.0122885 9.9973E-05 0.987412 9.9973E-05 9.9973E-05
9.9973E-05 0.938783 9.9973E-05 0.0609166 9.9973E-05
0.00445236 0.093213 0.424138 0.398198 0.0799991
9.9973E-05 9.9973E-05 0.917366 0.0823338 9.9973E-05
0.9996 9.997E-05 9.997E-05 9.997E-05 9.997E-05
0.9996 9.997E-05 9.997E-05 9.997E-05 9.997E-05
9.9973E-05 0.888368 9.9973E-05 0.111332 9.9973E-05
0.921805 9.9973E-05 9.9973E-05 9.9973E-05 0.0778949
0.930079 9.9973E-05 9.9973E-05 9.9973E-05 0.0696214
0.712116 9.9991E-05 0.0245016 0.0458156 0.217466
0.660515 9.9982E-05 9.9982E-05 0.0458829 0.293402
0.13623 0.28222 9.99821E-05 9.99821E-05 0.58135
0.998818 9.99731E-05 9.99731E-05 0.00088176 9.99731E-05
0.0801178 9.9973E-05 9.9973E-05 9.9973E-05 0.919582
0.0881778 0.658359 9.9982E-05 0.253264 9.9982E-05
0.992233 0.0074674 9.9973E-05 9.9973E-05 9.9973E-05
0.0752933 0.896938 9.99821E-05 0.0275688 9.99821E-05
0.0294709 0.741857 0.0289179 0.0354477 0.164306
0.142051 0.380349 0.0678184 0.409682 9.9991E-05
0.130194 0.789915 0.0125772 0.0672142 9.9991E-05
0.0989642 0.765259 0.0228004 0.0972074 0.0157687
9.9991E-05 0.817644 0.0168716 0.104155 0.0612293
9.9973E-05 0.93595 9.9973E-05 9.9973E-05 0.0637503
9.9991E-05 0.778556 0.00768899 0.13345 0.0802045
9.9991E-05 0.664873 0.12366 0.176448 0.034919
0.0730106 0.723239 0.0375176 0.0960739 0.0701586
0.116308 0.682652 9.9991E-05 0.138373 0.0625662
9.99733E-05 0.969789 0.0299107 9.99733E-05 9.99733E-05
9.997E-05 9.997E-05 9.997E-05 9.997E-05 0.9996
9.997E-05 9.997E-05 9.997E-05 9.997E-05 0.9996
9.997E-05 9.997E-05 9.997E-05 9.997E-05 0.9996
9.997E-05 9.997E-05 9.997E-05 9.997E-05 0.9996
9.997E-05 9.997E-05 9.997E-05 9.997E-05 0.9996
0.294111 0.124215 0.0217197 0.00405032 0.555904
9.9973E-05 9.9973E-05 9.9973E-05 0.000933588 0.998766
9.997E-05 0.9996 9.997E-05 9.997E-05 9.997E-05
0.0993036 0.348008 9.9982E-05 9.9982E-05 0.552489
0.995232 9.9973E-05 0.00446839 9.9973E-05 9.9973E-05
0.00536831 0.936897 9.99821E-05 0.0575349 9.99821E-05
0.100725 0.898975 9.99731E-05 9.99731E-05 9.99731E-05
9.99732E-05 0.95996 0.0397401 9.99732E-05 9.99732E-05
9.9973E-05 0.993963 9.9973E-05 0.00573708 9.9973E-05
9.9982E-05 0.884682 0.0267397 0.088378 9.9982E-05
9.99821E-05 0.0320236 0.950796 9.99821E-05 0.0169801
0.991436 9.99731E-05 9.99731E-05 0.00826414 9.99731E-05
0.22142 0.448722 0.0535642 0.0849069 0.191388
0.989183 0.0105176 9.99731E-05 9.99731E-05 9.99731E-05
0.955962 0.00222858 9.9982E-05 9.9982E-05 0.0416097
0.943795 0.000522765 9.9982E-05 9.9982E-05 0.0554822
0.960438 9.9973E-05 9.9973E-05 9.9973E-05 0.0392622
0.886422 0.0284785 9.9991E-05 0.00919689 0.0758024
0.997017 9.9973E-05 9.9973E-05 0.00268344 9.9973E-05
0.464231 9.99732E-05 9.99732E-05 9.99732E-05 0.535469
0.511396 0.122306 9.99821E-05 9.99821E-05 0.366098
0.957639 9.9982E-05 9.9982E-05 0.0184081 0.023753
0.0734465 0.732285 9.9991E-05 0.0599071 0.134262
0.0681121 0.719406 9.9991E-05 0.0789318 0.13345
9.997E-05 9.997E-05 9.997E-05 0.9996 9.997E-05
9.997E-05 9.997E-05 9.997E-05 0.9996 9.997E-05
9.99819E-05 0.822967 9.99819E-05 0.0768711 0.0999616
9.9991E-05 0.820367 0.00975296 0.0591065 0.110673
9.997E-05 9.997E-05 9.997E-05 0.9996 9.997E-05
9.997E-05 9.997E-05 9.997E-05 0.9996 9.997E-05
9.9973E-05 0.943531 9.9973E-05 9.9973E-05 0.0561687
0.00314067 0.854418 0.0733322 9.9991E-05 0.0690092
0.0908969 0.311375 9.9982E-05 9.9982E-05 0.597528
0.0555045 0.488642 0.133718 0.322035 9.9991E-05
9.99821E-05 0.58326 0.0829252 0.333615 9.99821E-05
0.598414 9.9991E-05 0.0301871 0.0647821 0.306517
