0.939675 9.98738E-05 0.00228343 9.98738E-05 9.98738E-05 0.0566434 9.98738E-05 9.98738E-05 9.98738E-05 9.98738E-05 9.98738E-05 9.98738E-05 9.98738E-05 9.98738E-05 9.98738E-05 9.98738E-05 9.98738E-05
0.0236806 9.98918E-05 9.98918E-05 9.98918E-05 9.98918E-05 9.98918E-05 9.98918E-05 9.98918E-05 9.98918E-05 0.737654 9.98918E-05 9.98918E-05 9.98918E-05 0.0753907 0.148223 0.0138534 9.98918E-05
9.99019E-05 9.99019E-05 0.0273824 9.99019E-05 0.0061835 9.99019E-05 0.224966 0.0348733 9.99019E-05 9.99019E-05 9.99019E-05 9.99019E-05 9.99019E-05 9.99019E-05 0.665768 0.0397278 9.99019E-05
9.9901E-05 9.9901E-05 0.0163738 0.00714559 0.118804 9.9901E-05 9.9901E-05 9.9901E-05 9.9901E-05 9.9901E-05 9.9901E-05 9.9901E-05 0.000964987 9.9901E-05 0.851774 9.9901E-05 0.0038391
0.0631725 9.99281E-05 9.99281E-05 0.108678 9.99281E-05 0.104393 0.088918 9.99281E-05 0.049836 0.077956 0.00600358 9.99281E-05 0.138255 9.99281E-05 0.361989 9.99281E-05 9.99281E-05
9.9874E-05 9.9874E-05 9.9874E-05 9.9874E-05 9.9874E-05 9.9874E-05 9.9874E-05 9.9874E-05 0.0282634 9.9874E-05 0.00610915 9.9874E-05 9.9874E-05 9.9874E-05 0.964229 9.9874E-05 9.9874E-05
9.98561E-05 9.98561E-05 9.98561E-05 9.98561E-05 9.98561E-05 9.98561E-05 9.98561E-05 9.98561E-05 9.98561E-05 9.98561E-05 9.98561E-05 9.98561E-05 0.998402 9.98561E-05 9.98561E-05 9.98561E-05 9.98561E-05
9.99008E-05 9.99008E-05 9.99008E-05 0.0390357 0.0254719 0.106504 0.624239 9.99008E-05 9.99008E-05 0.109591 9.99008E-05 9.99008E-05 9.99008E-05 9.99008E-05 0.09406 9.99008E-05 9.99008E-05
9.98921E-05 9.98921E-05 9.98921E-05 0.00437789 9.98921E-05 9.98921E-05 9.98921E-05 9.98921E-05 9.98921E-05 0.019688 9.98921E-05 9.98921E-05 0.961425 0.00261439 9.98921E-05 9.98921E-05 0.0106961
9.98652E-05 9.98652E-05 9.98652E-05 9.98652E-05 9.98652E-05 0.879819 9.98652E-05 9.98652E-05 9.98652E-05 9.98652E-05 9.98652E-05 9.98652E-05 0.118683 9.98652E-05 9.98652E-05 9.98652E-05 9.98652E-05
9.98652E-05 9.98652E-05 9.98652E-05 9.98652E-05 9.98652E-05 0.891494 9.98652E-05 9.98652E-05 9.98652E-05 9.98652E-05 9.98652E-05 9.98652E-05 0.107008 9.98652E-05 9.98652E-05 9.98652E-05 9.98652E-05
0.65512 9.99011E-05 0.0977823 9.99011E-05 0.0173391 9.99011E-05 9.99011E-05 0.16888 0.00421671 9.99011E-05 9.99011E-05 9.99011E-05 9.99011E-05 0.055563 9.99011E-05 9.99011E-05 9.99011E-05
9.98833E-05 9.98833E-05 9.98833E-05 9.98833E-05 0.0152035 9.98833E-05 0.0164381 0.962982 0.00407749 9.98833E-05 9.98833E-05 9.98833E-05 9.98833E-05 9.98833E-05 9.98833E-05 9.98833E-05 9.98833E-05
9.9892E-05 0.00787869 9.9892E-05 9.9892E-05 9.9892E-05 9.9892E-05 9.9892E-05 9.9892E-05 9.9892E-05 0.0316118 9.9892E-05 9.9892E-05 9.9892E-05 0.000399402 0.952004 0.00690705 9.9892E-05
0.031984 9.9883E-05 9.9883E-05 9.9883E-05 9.9883E-05 9.9883E-05 9.9883E-05 9.9883E-05 9.9883E-05 9.9883E-05 9.9883E-05 0.013592 9.9883E-05 9.9883E-05 0.946092 0.00703326 9.9883E-05
9.98739E-05 9.98739E-05 9.98739E-05 9.98739E-05 9.98739E-05 9.98739E-05 9.98739E-05 0.108813 0.140038 9.98739E-05 9.98739E-05 9.98739E-05 9.98739E-05 9.98739E-05 9.98739E-05 9.98739E-05 0.749751
9.9874E-05 0.0111183 9.9874E-05 9.9874E-05 9.9874E-05 0.0686306 9.9874E-05 9.9874E-05 9.9874E-05 9.9874E-05 9.9874E-05 9.9874E-05 9.9874E-05 0.918853 9.9874E-05 9.9874E-05 9.9874E-05
9.9856E-05 9.9856E-05 9.9856E-05 9.9856E-05 9.9856E-05 9.9856E-05 9.9856E-05 9.9856E-05 9.9856E-05 9.9856E-05 9.9856E-05 9.9856E-05 9.9856E-05 9.9856E-05 9.9856E-05 0.998402 9.9856E-05
9.9865E-05 0.985673 0.012829 9.9865E-05 9.9865E-05 9.9865E-05 9.9865E-05 9.9865E-05 9.9865E-05 9.9865E-05 9.9865E-05 9.9865E-05 9.9865E-05 9.9865E-05 9.9865E-05 9.9865E-05 9.9865E-05
0.0637725 9.98918E-05 0.0204685 9.98918E-05 9.98918E-05 0.477418 9.98918E-05 9.98918E-05 0.158985 9.98918E-05 9.98918E-05 9.98918E-05 9.98918E-05 9.98918E-05 9.98918E-05 9.98918E-05 0.278157
9.98651E-05 0.832502 9.98651E-05 9.98651E-05 9.98651E-05 9.98651E-05 9.98651E-05 9.98651E-05 9.98651E-05 9.98651E-05 9.98651E-05 9.98651E-05 9.98651E-05 9.98651E-05 9.98651E-05 0.166 9.98651E-05
0.512151 9.99189E-05 0.0268316 9.99189E-05 9.99189E-05 0.0974074 9.99189E-05 0.0225551 0.0150678 9.99189E-05 9.99189E-05 9.99189E-05 9.99189E-05 0.0126454 9.99189E-05 0.0228826 0.28956
9.98559E-05 9.98559E-05 9.98559E-05 9.98559E-05 9.98559E-05 9.98559E-05 9.98559E-05 9.98559E-05 9.98559E-05 9.98559E-05 9.98559E-05 0.998402 9.98559E-05 9.98559E-05 9.98559E-05 9.98559E-05 9.98559E-05
9.98829E-05 0.709543 9.98829E-05 9.98829E-05 9.98829E-05 9.98829E-05 9.98829E-05 9.98829E-05 0.0701054 9.98829E-05 0.058716 0.160338 9.98829E-05 9.98829E-05 9.98829E-05 9.98829E-05 9.98829E-05
9.98653E-05 9.98653E-05 9.98653E-05 9.98653E-05 0.595166 9.98653E-05 9.98653E-05 9.98653E-05 9.98653E-05 9.98653E-05 9.98653E-05 9.98653E-05 9.98653E-05 9.98653E-05 0.403336 9.98653E-05 9.98653E-05
9.98652E-05 9.98652E-05 9.98652E-05 9.98652E-05 0.204697 9.98652E-05 9.98652E-05 9.98652E-05 9.98652E-05 9.98652E-05 9.98652E-05 9.98652E-05 9.98652E-05 9.98652E-05 0.793805 9.98652E-05 9.98652E-05
0.0546196 9.99008E-05 0.0537324 9.99008E-05 9.99008E-05 0.0685557 9.99008E-05 0.792537 9.99008E-05 9.99008E-05 9.99008E-05 9.99008E-05 9.99008E-05 0.0284718 9.99008E-05 9.99008E-05 0.000984729
9.98651E-05 9.98651E-05 9.98651E-05 0.00911396 0.989388 9.98651E-05 9.98651E-05 9.98651E-05 9.98651E-05 9.98651E-05 9.98651E-05 9.98651E-05 9.98651E-05 9.98651E-05 9.98651E-05 9.98651E-05 9.98651E-05
9.98742E-05 9.98742E-05 9.98742E-05 0.00147871 0.992897 9.98742E-05 9.98742E-05 9.98742E-05 9.98742E-05 9.98742E-05 9.98742E-05 9.98742E-05 0.00422578 9.98742E-05 9.98742E-05 9.98742E-05 9.98742E-05
9.99101E-05 9.99101E-05 0.0147968 0.0935481 0.185847 9.99101E-05 0.302796 9.99101E-05 9.99101E-05 9.99101E-05 0.0156389 9.99101E-05 9.99101E-05 0.0649573 0.321417 9.99101E-05 9.99101E-05
9.99189E-05 9.99189E-05 0.0190384 0.13398 0.137291 9.99189E-05 0.37708 9.99189E-05 0.00790009 9.99189E-05 9.99189E-05 0.00887966 9.99189E-05 0.049428 0.265503 9.99189E-05 9.99189E-05
9.98564E-05 9.98564E-05 9.98564E-05 9.98564E-05 9.98564E-05 9.98564E-05 9.98564E-05 9.98564E-05 9.98564E-05 0.998402 9.98564E-05 9.98564E-05 9.98564E-05 9.98564E-05 9.98564E-05 9.98564E-05 9.98564E-05
9.98702E-05 9.98702E-05 9.98702E-05 9.98702E-05 0.264812 9.98702E-05 0.157634 9.98702E-05 9.98702E-05 9.98702E-05 9.98702E-05 9.98702E-05 9.98702E-05 9.98702E-05 0.566321 9.98702E-05 0.00993531
9.98922E-05 9.98922E-05 0.00802913 0.671658 9.98922E-05 9.98922E-05 0.285294 9.98922E-05 9.98922E-05 0.0336997 9.98922E-05 9.98922E-05 9.98922E-05 0.000120681 9.98922E-05 9.98922E-05 9.98922E-05
0.0438353 9.99097E-05 0.113595 9.99097E-05 9.99097E-05 0.0126558 0.0769229 0.49141 0.0310043 9.99097E-05 9.99097E-05 9.99097E-05 9.99097E-05 0.229577 9.99097E-05 9.99097E-05 9.99097E-05
9.98918E-05 9.98918E-05 9.98918E-05 9.98918E-05 0.580205 9.98918E-05 0.0171184 9.98918E-05 0.0119949 9.98918E-05 9.98918E-05 9.98918E-05 9.98918E-05 0.00920213 0.380281 9.98918E-05 9.98918E-05
0.971491 9.98651E-05 9.98651E-05 9.98651E-05 9.98651E-05 9.98651E-05 0.0270109 9.98651E-05 9.98651E-05 9.98651E-05 9.98651E-05 9.98651E-05 9.98651E-05 9.98651E-05 9.98651E-05 9.98651E-05 9.98651E-05
0.0962462 9.99099E-05 9.99099E-05 9.99099E-05 9.99099E-05 0.546984 0.0258619 9.99099E-05 9.99099E-05 0.223219 0.0347849 0.0373996 9.99099E-05 0.0345048 9.99099E-05 9.99099E-05 9.99099E-05
9.98651E-05 9.98651E-05 9.98651E-05 9.98651E-05 9.98651E-05 9.98651E-05 0.00529131 9.98651E-05 9.98651E-05 9.98651E-05 9.98651E-05 9.98651E-05 9.98651E-05 0.993211 9.98651E-05 9.98651E-05 9.98651E-05
0.27278 9.99097E-05 9.99097E-05 9.99097E-05 9.99097E-05 0.236996 9.99097E-05 9.99097E-05 0.0632472 9.99097E-05 9.99097E-05 9.99097E-05 9.99097E-05 0.0733338 0.126386 0.049273 0.176984
0.300802 9.99187E-05 0.016607 9.99187E-05 9.99187E-05 0.256273 9.99187E-05 9.99187E-05 0.0148551 9.99187E-05 9.99187E-05 9.99187E-05 9.99187E-05 0.0524623 0.0928105 0.0930133 0.172278
0.0260821 0.0145944 9.9883E-05 9.9883E-05 9.9883E-05 0.943393 9.9883E-05 9.9883E-05 9.9883E-05 9.9883E-05 9.9883E-05 9.9883E-05 9.9883E-05 0.0146325 9.9883E-05 9.9883E-05 9.9883E-05
0.0337679 9.9901E-05 9.9901E-05 9.9901E-05 9.9901E-05 0.0173287 9.9901E-05 0.0545684 9.9901E-05 9.9901E-05 0.0217823 9.9901E-05 0.0606387 9.9901E-05 9.9901E-05 9.9901E-05 0.810815
0.0259051 9.9901E-05 9.9901E-05 9.9901E-05 0.00877938 0.873125 9.9901E-05 0.0112047 0.0719711 9.9901E-05 9.9901E-05 9.9901E-05 9.9901E-05 0.00791594 9.9901E-05 9.9901E-05 9.9901E-05
0.0286134 0.0508491 0.0429375 9.99278E-05 9.99278E-05 0.276088 9.99278E-05 0.132373 0.239109 0.072535 9.99278E-05 0.138059 9.99278E-05 9.99278E-05 9.99278E-05 9.99278E-05 0.0186365
0.0671884 9.99099E-05 9.99099E-05 9.99099E-05 9.99099E-05 0.4171 9.99099E-05 9.99099E-05 0.195218 0.019384 0.089047 9.99099E-05 9.99099E-05 9.99099E-05 0.0915945 9.99099E-05 0.119469
0.14432 9.99189E-05 9.99189E-05 0.0644225 9.99189E-05 0.199239 9.99189E-05 0.0927939 0.176454 9.99189E-05 9.99189E-05 9.99189E-05 0.0609598 0.210605 0.0503067 9.99189E-05 9.99189E-05
0.964185 9.98838E-05 9.98838E-05 9.98838E-05 9.98838E-05 9.98838E-05 9.98838E-05 9.98838E-05 9.98838E-05 9.98838E-05 0.00379462 0.0274385 9.98838E-05 9.98838E-05 9.98838E-05 0.00328365 9.98838E-05
9.98652E-05 9.98652E-05 9.98652E-05 0.981781 0.0167215 9.98652E-05 9.98652E-05 9.98652E-05 9.98652E-05 9.98652E-05 9.98652E-05 9.98652E-05 9.98652E-05 9.98652E-05 9.98652E-05 9.98652E-05 9.98652E-05
9.98562E-05 9.98562E-05 9.98562E-05 0.998402 9.98562E-05 9.98562E-05 9.98562E-05 9.98562E-05 9.98562E-05 9.98562E-05 9.98562E-05 9.98562E-05 9.98562E-05 9.98562E-05 9.98562E-05 9.98562E-05 9.98562E-05
9.98742E-05 9.98742E-05 9.98742E-05 0.981424 9.98742E-05 0.00859365 9.98742E-05 9.98742E-05 9.98742E-05 9.98742E-05 9.98742E-05 9.98742E-05 9.98742E-05 9.98742E-05 9.98742E-05 0.0085837 9.98742E-05
9.98652E-05 9.98652E-05 9.98652E-05 0.992662 9.98652E-05 9.98652E-05 9.98652E-05 9.98652E-05 9.98652E-05 9.98652E-05 9.98652E-05 0.00584045 9.98652E-05 9.98652E-05 9.98652E-05 9.98652E-05 9.98652E-05
9.98563E-05 9.98563E-05 9.98563E-05 0.998402 9.98563E-05 9.98563E-05 9.98563E-05 9.98563E-05 9.98563E-05 9.98563E-05 9.98563E-05 9.98563E-05 9.98563E-05 9.98563E-05 9.98563E-05 9.98563E-05 9.98563E-05
9.99101E-05 9.99101E-05 9.99101E-05 0.380593 0.0814752 9.99101E-05 0.265191 9.99101E-05 9.99101E-05 9.99101E-05 9.99101E-05 0.104697 0.0784868 9.99101E-05 0.0371502 9.99101E-05 0.0514081
9.98742E-05 9.98742E-05 9.98742E-05 0.924664 9.98742E-05 9.98742E-05 9.98742E-05 9.98742E-05 9.98742E-05 0.056022 9.98742E-05 9.98742E-05 9.98742E-05 9.98742E-05 9.98742E-05 9.98742E-05 0.0179161
0.75979 9.98738E-05 9.98738E-05 9.98738E-05 9.98738E-05 9.98738E-05 9.98738E-05 9.98738E-05 0.0829215 9.98738E-05 9.98738E-05 9.98738E-05 9.98738E-05 9.98738E-05 9.98738E-05 9.98738E-05 0.15589
9.98919E-05 9.98919E-05 9.98919E-05 0.0383451 0.0140061 9.98919E-05 9.98919E-05 9.98919E-05 9.98919E-05 0.908011 9.98919E-05 9.98919E-05 0.0320991 9.98919E-05 9.98919E-05 9.98919E-05 0.00633996
9.98828E-05 9.98828E-05 9.98828E-05 9.98828E-05 0.406142 9.98828E-05 9.98828E-05 9.98828E-05 0.0125261 9.98828E-05 9.98828E-05 9.98828E-05 9.98828E-05 0.0201671 0.559867 9.98828E-05 9.98828E-05
0.0324587 9.98831E-05 0.0296468 9.98831E-05 9.98831E-05 9.98831E-05 9.98831E-05 0.800952 9.98831E-05 9.98831E-05 9.98831E-05 9.98831E-05 9.98831E-05 9.98831E-05 9.98831E-05 9.98831E-05 0.135644
9.98742E-05 9.98742E-05 9.98742E-05 9.98742E-05 9.98742E-05 9.98742E-05 9.98742E-05 0.0648936 0.103913 9.98742E-05 9.98742E-05 9.98742E-05 9.98742E-05 9.98742E-05 9.98742E-05 9.98742E-05 0.829795
9.98656E-05 9.98656E-05 9.98656E-05 9.98656E-05 9.98656E-05 9.98656E-05 9.98656E-05 0.995558 9.98656E-05 9.98656E-05 9.98656E-05 9.98656E-05 0.00294375 9.98656E-05 9.98656E-05 9.98656E-05 9.98656E-05
9.98829E-05 9.98829E-05 9.98829E-05 9.98829E-05 9.98829E-05 0.106087 9.98829E-05 0.86502 9.98829E-05 9.98829E-05 9.98829E-05 9.98829E-05 9.98829E-05 9.98829E-05 0.00425134 0.0233435 9.98829E-05
9.99008E-05 9.99008E-05 0.0437154 9.99008E-05 9.99008E-05 0.0833734 9.99008E-05 0.79586 0.0625835 9.99008E-05 9.99008E-05 0.000247336 9.99008E-05 9.99008E-05 9.99008E-05 0.013121 9.99008E-05
9.98561E-05 9.98561E-05 9.98561E-05 9.98561E-05 9.98561E-05 9.98561E-05 9.98561E-05 9.98561E-05 9.98561E-05 9.98561E-05 0.998402 9.98561E-05 9.98561E-05 9.98561E-05 9.98561E-05 9.98561E-05 9.98561E-05
9.98656E-05 9.98656E-05 9.98656E-05 9.98656E-05 0.648595 9.98656E-05 9.98656E-05 9.98656E-05 9.98656E-05 9.98656E-05 9.98656E-05 9.98656E-05 9.98656E-05 9.98656E-05 0.349907 9.98656E-05 9.98656E-05
9.99461E-05 9.99461E-05 0.117987 9.99461E-05 0.11642 0.124421 0.175955 0.038669 0.0552592 0.000274709 0.0681178 9.99461E-05 0.0382445 9.99461E-05 0.0968893 9.99461E-05 0.167162
9.99013E-05 9.99013E-05 9.99013E-05 0.00914201 0.0140195 9.99013E-05 0.059841 0.0406035 9.99013E-05 9.99013E-05 9.99013E-05 9.99013E-05 9.99013E-05 9.99013E-05 0.874388 9.99013E-05 0.000907107
9.9892E-05 9.9892E-05 9.9892E-05 0.0331663 0.259705 9.9892E-05 9.9892E-05 9.9892E-05 9.9892E-05 9.9892E-05 9.9892E-05 9.9892E-05 0.00048162 0.0338155 0.671633 9.9892E-05 9.9892E-05
9.98651E-05 9.98651E-05 9.98651E-05 9.98651E-05 0.972621 9.98651E-05 9.98651E-05 9.98651E-05 9.98651E-05 9.98651E-05 9.98651E-05 9.98651E-05 9.98651E-05 9.98651E-05 9.98651E-05 9.98651E-05 0.0258807
9.98562E-05 9.98562E-05 9.98562E-05 9.98562E-05 0.998402 9.98562E-05 9.98562E-05 9.98562E-05 9.98562E-05 9.98562E-05 9.98562E-05 9.98562E-05 9.98562E-05 9.98562E-05 9.98562E-05 9.98562E-05 9.98562E-05
9.99011E-05 9.99011E-05 9.99011E-05 9.99011E-05 0.176978 0.0259673 0.130368 9.99011E-05 9.99011E-05 0.0169227 9.99011E-05 9.99011E-05 9.99011E-05 0.0299007 0.618765 9.99011E-05 9.99011E-05
9.98829E-05 9.98829E-05 0.00272196 9.98829E-05 0.456381 9.98829E-05 9.98829E-05 9.98829E-05 9.98829E-05 9.98829E-05 9.98829E-05 9.98829E-05 9.98829E-05 0.0418438 0.497755 9.98829E-05 9.98829E-05
9.98648E-05 9.98648E-05 9.98648E-05 0.00625018 9.98648E-05 9.98648E-05 0.992252 9.98648E-05 9.98648E-05 9.98648E-05 9.98648E-05 9.98648E-05 9.98648E-05 9.98648E-05 9.98648E-05 9.98648E-05 9.98648E-05
9.98649E-05 9.98649E-05 9.98649E-05 9.98649E-05 9.98649E-05 9.98649E-05 0.950429 9.98649E-05 9.98649E-05 9.98649E-05 9.98649E-05 9.98649E-05 0.0480734 9.98649E-05 9.98649E-05 9.98649E-05 9.98649E-05
9.99011E-05 9.99011E-05 9.99011E-05 0.00248955 0.114269 9.99011E-05 9.99011E-05 0.00283231 9.99011E-05 9.99011E-05 9.99011E-05 0.0107917 9.99011E-05 9.99011E-05 0.835131 9.99011E-05 0.033388
9.9883E-05 9.9883E-05 9.9883E-05 9.9883E-05 9.9883E-05 9.9883E-05 0.0119004 9.9883E-05 9.9883E-05 9.9883E-05 9.9883E-05 0.00191432 9.9883E-05 9.9883E-05 0.00541515 9.9883E-05 0.979472
9.9856E-05 9.9856E-05 9.9856E-05 9.9856E-05 9.9856E-05 9.9856E-05 9.9856E-05 9.9856E-05 9.9856E-05 9.9856E-05 9.9856E-05 9.9856E-05 9.9856E-05 9.9856E-05 9.9856E-05 9.9856E-05 0.998402
0.00617552 9.98742E-05 0.991773 9.98742E-05 9.98742E-05 9.98742E-05 9.98742E-05 9.98742E-05 9.98742E-05 9.98742E-05 0.000652796 9.98742E-05 9.98742E-05 9.98742E-05 9.98742E-05 9.98742E-05 9.98742E-05
9.98564E-05 9.98564E-05 0.998402 9.98564E-05 9.98564E-05 9.98564E-05 9.98564E-05 9.98564E-05 9.98564E-05 9.98564E-05 9.98564E-05 9.98564E-05 9.98564E-05 9.98564E-05 9.98564E-05 9.98564E-05 9.98564E-05
9.9892E-05 9.9892E-05 9.9892E-05 9.9892E-05 9.9892E-05 0.821232 9.9892E-05 0.0152019 9.9892E-05 0.0807112 9.9892E-05 9.9892E-05 9.9892E-05 9.9892E-05 9.9892E-05 0.00458183 0.077074
0.0182322 9.99009E-05 9.99009E-05 9.99009E-05 9.99009E-05 0.780878 9.99009E-05 0.0728236 9.99009E-05 0.0485329 9.99009E-05 9.99009E-05 9.99009E-05 9.99009E-05 9.99009E-05 0.0170825 0.0613517
9.98832E-05 9.98832E-05 0.952151 9.98832E-05 9.98832E-05 9.98832E-05 0.0114816 9.98832E-05 9.98832E-05 9.98832E-05 9.98832E-05 0.0289285 9.98832E-05 9.98832E-05 9.98832E-05 9.98832E-05 0.0061399
9.98563E-05 9.98563E-05 0.998402 9.98563E-05 9.98563E-05 9.98563E-05 9.98563E-05 9.98563E-05 9.98563E-05 9.98563E-05 9.98563E-05 9.98563E-05 9.98563E-05 9.98563E-05 9.98563E-05 9.98563E-05 9.98563E-05
0.920857 9.98919E-05 9.98919E-05 0.00131177 9.98919E-05 9.98919E-05 9.98919E-05 0.0495151 9.98919E-05 9.98919E-05 9.98919E-05 9.98919E-05 0.00232984 9.98919E-05 9.98919E-05 9.98919E-05 0.0247877
0.0244993 9.99189E-05 9.99189E-05 9.99189E-05 9.99189E-05 0.145114 9.99189E-05 0.0652311 0.134657 0.00288206 9.99189E-05 9.99189E-05 0.154201 9.99189E-05 9.99189E-05 0.111522 0.360994
9.98741E-05 9.98741E-05 9.98741E-05 0.0247677 9.98741E-05 9.98741E-05 9.98741E-05 9.98741E-05 9.98741E-05 0.898674 9.98741E-05 9.98741E-05 0.0751601 9.98741E-05 9.98741E-05 9.98741E-05 9.98741E-05
9.9865E-05 9.9865E-05 9.9865E-05 9.9865E-05 9.9865E-05 9.9865E-05 9.9865E-05 9.9865E-05 0.997852 9.9865E-05 9.9865E-05 0.000650288 9.9865E-05 9.9865E-05 9.9865E-05 9.9865E-05 9.9865E-05
9.98831E-05 9.98831E-05 0.0190656 9.98831E-05 9.98831E-05 9.98831E-05 9.98831E-05 0.0515023 0.839043 9.98831E-05 9.98831E-05 9.98831E-05 9.98831E-05 0.0890906 9.98831E-05 9.98831E-05 9.98831E-05
9.99102E-05 0.0161081 0.00837244 0.0791881 0.39892 9.99102E-05 0.421188 9.99102E-05 9.99102E-05 9.99102E-05 0.000685823 0.0745385 9.99102E-05 9.99102E-05 9.99102E-05 9.99102E-05 9.99102E-05
