9.98829E-05 9.98829E-05 0.928844 9.98829E-05 9.98829E-05 9.98829E-05 9.98829E-05 9.98829E-05 9.98829E-05 0.0059037 9.98829E-05 0.00643172 9.98829E-05 9.98829E-05 9.98829E-05 0.0575222 9.98829E-05
9.98919E-05 0.0730701 9.98919E-05 9.98919E-05 0.628622 9.98919E-05 9.98919E-05 9.98919E-05 9.98919E-05 0.0367933 9.98919E-05 9.98919E-05 9.98919E-05 9.98919E-05 0.220768 9.98919E-05 0.0395479
9.9856E-05 9.9856E-05 9.9856E-05 9.9856E-05 9.9856E-05 9.9856E-05 9.9856E-05 9.9856E-05 9.9856E-05 9.9856E-05 9.9856E-05 9.9856E-05 0.998402 9.9856E-05 9.9856E-05 9.9856E-05 9.9856E-05
9.98832E-05 0.921517 9.98832E-05 9.98832E-05 9.98832E-05 0.0420829 9.98832E-05 9.98832E-05 9.98832E-05 9.98832E-05 9.98832E-05 0.0336404 9.98832E-05 9.98832E-05 9.98832E-05 0.00146097 9.98832E-05
9.98561E-05 9.98561E-05 9.98561E-05 9.98561E-05 9.98561E-05 9.98561E-05 9.98561E-05 9.98561E-05 9.98561E-05 9.98561E-05 9.98561E-05 9.98561E-05 9.98561E-05 9.98561E-05 9.98561E-05 9.98561E-05 0.998402
9.98831E-05 0.920569 9.98831E-05 0.00508344 9.98831E-05 9.98831E-05 9.98831E-05 9.98831E-05 9.98831E-05 9.98831E-05 9.98831E-05 9.98831E-05 9.98831E-05 9.98831E-05 0.0673736 9.98831E-05 0.00567557
9.98563E-05 9.98563E-05 9.98563E-05 9.98563E-05 9.98563E-05 9.98563E-05 0.998402 9.98563E-05 9.98563E-05 9.98563E-05 9.98563E-05 9.98563E-05 9.98563E-05 9.98563E-05 9.98563E-05 9.98563E-05 9.98563E-05
9.99098E-05 9.99098E-05 9.99098E-05 9.99098E-05 0.0872486 0.0776795 9.99098E-05 0.656645 9.99098E-05 9.99098E-05 9.99098E-05 0.00224547 0.0700581 9.99098E-05 9.99098E-05 0.0658633 0.0392612
9.9883E-05 9.9883E-05 9.9883E-05 9.9883E-05 0.0323633 0.0323611 0.92826 9.9883E-05 9.9883E-05 0.00571675 9.9883E-05 9.9883E-05 9.9883E-05 9.9883E-05 9.9883E-05 9.9883E-05 9.9883E-05
9.98602E-05 9.98602E-05 9.98602E-05 9.98602E-05 9.98602E-05 9.98602E-05 0.0996576 9.98602E-05 9.98602E-05 9.98602E-05 9.98602E-05 9.98602E-05 9.98602E-05 9.98602E-05 9.98602E-05 0.805723 0.0932212
9.98741E-05 9.98741E-05 9.98741E-05 9.98741E-05 9.98741E-05 9.98741E-05 0.0701385 9.98741E-05 9.98741E-05 9.98741E-05 9.98741E-05 9.98741E-05 9.98741E-05 9.98741E-05 9.98741E-05 0.850522 0.0779413
0.177831 9.98831E-05 0.697674 9.98831E-05 9.98831E-05 9.98831E-05 9.98831E-05 9.98831E-05 9.98831E-05 9.98831E-05 9.98831E-05 0.102154 0.0210422 9.98831E-05 9.98831E-05 9.98831E-05 9.98831E-05
0.921088 9.98922E-05 9.98922E-05 9.98922E-05 9.98922E-05 9.98922E-05 0.0338744 0.0395876 0.00239472 9.98922E-05 9.98922E-05 9.98922E-05 0.00185624 9.98922E-05 9.98922E-05 9.98922E-05 9.98922E-05
9.98833E-05 0.925932 9.98833E-05 9.98833E-05 9.98833E-05 9.98833E-05 9.98833E-05 9.98833E-05 0.0436674 9.98833E-05 0.00353947 9.98833E-05 9.98833E-05 9.98833E-05 0.0255624 9.98833E-05 9.98833E-05
9.98922E-05 0.927645 0.00114973 9.98922E-05 9.98922E-05 9.98922E-05 9.98922E-05 9.98922E-05 9.98922E-05 9.98922E-05 0.00560523 9.98922E-05 9.98922E-05 9.98922E-05 0.0589796 9.98922E-05 0.00542173
0.121327 9.9874E-05 9.9874E-05 9.9874E-05 9.9874E-05 9.9874E-05 9.9874E-05 9.9874E-05 0.116617 9.9874E-05 9.9874E-05 9.9874E-05 9.9874E-05 0.760658 9.9874E-05 9.9874E-05 9.9874E-05
9.98651E-05 9.98651E-05 9.98651E-05 9.98651E-05 9.98651E-05 9.98651E-05 9.98651E-05 9.98651E-05 9.98651E-05 0.947405 9.98651E-05 9.98651E-05 9.98651E-05 9.98651E-05 9.98651E-05 0.0510971 9.98651E-05
9.99008E-05 9.99008E-05 9.99008E-05 9.99008E-05 0.0229709 0.037463 0.00540624 9.99008E-05 9.99008E-05 9.99008E-05 0.710205 9.99008E-05 9.99008E-05 9.99008E-05 0.177767 0.0450884 9.99008E-05
9.98742E-05 9.98742E-05 9.98742E-05 0.11715 9.98742E-05 9.98742E-05 9.98742E-05 9.98742E-05 9.98742E-05 9.98742E-05 0.811021 0.0704315 9.98742E-05 9.98742E-05 9.98742E-05 9.98742E-05 9.98742E-05
9.99009E-05 9.99009E-05 0.0612095 9.99009E-05 9.99009E-05 9.99009E-05 9.99009E-05 9.99009E-05 0.145785 0.0427095 9.99009E-05 0.00231518 9.99009E-05 0.309357 9.99009E-05 0.437525 9.99009E-05
9.98652E-05 9.98652E-05 9.98652E-05 0.0123026 9.98652E-05 9.98652E-05 9.98652E-05 9.98652E-05 9.98652E-05 9.98652E-05 0.986199 9.98652E-05 9.98652E-05 9.98652E-05 9.98652E-05 9.98652E-05 9.98652E-05
0.050545 9.99099E-05 0.443949 9.99099E-05 9.99099E-05 9.99099E-05 9.99099E-05 9.99099E-05 0.0535748 0.0348752 9.99099E-05 0.0102218 9.99099E-05 0.167259 0.238577 9.99099E-05 9.99099E-05
9.99009E-05 9.99009E-05 9.99009E-05 9.99009E-05 9.99009E-05 9.99009E-05 9.99009E-05 9.99009E-05 0.00149302 0.193625 0.418378 0.15258 9.99009E-05 9.99009E-05 9.99009E-05 0.130894 0.101932
9.9874E-05 9.9874E-05 9.9874E-05 9.9874E-05 9.9874E-05 9.9874E-05 9.9874E-05 9.9874E-05 0.0515434 9.9874E-05 0.903394 9.9874E-05 9.9874E-05 9.9874E-05 9.9874E-05 0.0436644 9.9874E-05
9.98744E-05 0.975705 9.98744E-05 9.98744E-05 9.98744E-05 0.0187559 9.98744E-05 9.98744E-05 9.98744E-05 9.98744E-05 9.98744E-05 9.98744E-05 0.00414128 9.98744E-05 9.98744E-05 9.98744E-05 9.98744E-05
9.98654E-05 0.990673 9.98654E-05 9.98654E-05 9.98654E-05 9.98654E-05 9.98654E-05 9.98654E-05 9.98654E-05 9.98654E-05 9.98654E-05 9.98654E-05 0.00782929 9.98654E-05 9.98654E-05 9.98654E-05 9.98654E-05
0.800756 9.98918E-05 0.0461349 9.98918E-05 9.98918E-05 9.98918E-05 9.98918E-05 9.98918E-05 9.98918E-05 0.0466588 9.98918E-05 0.0183206 9.98918E-05 9.98918E-05 9.98918E-05 0.0869309 9.98918E-05
9.98832E-05 0.929693 9.98832E-05 9.98832E-05 9.98832E-05 0.0560006 0.0127203 9.98832E-05 9.98832E-05 9.98832E-05 9.98832E-05 9.98832E-05 9.98832E-05 0.000288026 9.98832E-05 9.98832E-05 9.98832E-05
0.00669069 0.865326 9.99011E-05 9.99011E-05 0.0275605 0.0895842 9.99011E-05 0.00494401 9.99011E-05 9.99011E-05 9.99011E-05 9.99011E-05 9.99011E-05 0.00479528 9.99011E-05 9.99011E-05 9.99011E-05
9.99192E-05 0.526004 9.99192E-05 0.0491456 9.99192E-05 0.155677 9.99192E-05 0.226872 0.0180401 0.00308006 9.99192E-05 9.99192E-05 0.00232695 9.99192E-05 9.99192E-05 9.99192E-05 0.0179554
9.9892E-05 0.31397 9.9892E-05 9.9892E-05 9.9892E-05 0.0587413 9.9892E-05 0.571739 0.00253363 9.9892E-05 9.9892E-05 9.9892E-05 9.9892E-05 9.9892E-05 9.9892E-05 9.9892E-05 0.0518168
9.98564E-05 9.98564E-05 9.98564E-05 9.98564E-05 0.998402 9.98564E-05 9.98564E-05 9.98564E-05 9.98564E-05 9.98564E-05 9.98564E-05 9.98564E-05 9.98564E-05 9.98564E-05 9.98564E-05 9.98564E-05 9.98564E-05
9.98833E-05 0.818432 9.98833E-05 9.98833E-05 9.98833E-05 9.98833E-05 9.98833E-05 0.170967 9.98833E-05 0.000666818 9.98833E-05 9.98833E-05 9.98833E-05 0.00863537 9.98833E-05 9.98833E-05 9.98833E-05
9.99102E-05 9.99102E-05 9.99102E-05 9.99102E-05 0.00969714 0.708779 9.99102E-05 0.251849 9.99102E-05 9.99102E-05 9.99102E-05 0.00603215 0.00339456 0.0115734 9.99102E-05 0.00767634 9.99102E-05
0.483855 9.99187E-05 0.0157684 9.99187E-05 9.99187E-05 9.99187E-05 9.99187E-05 0.0286 0.0738051 0.216683 9.99187E-05 0.0973672 9.99187E-05 9.99187E-05 0.0668638 9.99187E-05 0.0161583
9.98829E-05 0.93639 9.98829E-05 9.98829E-05 9.98829E-05 9.98829E-05 0.00615542 0.0464879 0.00966826 9.98829E-05 9.98829E-05 9.98829E-05 9.98829E-05 9.98829E-05 9.98829E-05 9.98829E-05 9.98829E-05
9.9883E-05 9.9883E-05 0.935094 9.9883E-05 9.9883E-05 9.9883E-05 9.9883E-05 0.0390932 0.0209963 9.9883E-05 9.9883E-05 9.9883E-05 9.9883E-05 9.9883E-05 9.9883E-05 9.9883E-05 0.00351847
9.9901E-05 9.9901E-05 0.0746839 0.0137489 0.195269 9.9901E-05 9.9901E-05 9.9901E-05 9.9901E-05 0.032124 9.9901E-05 9.9901E-05 9.9901E-05 9.9901E-05 0.147517 0.535558 9.9901E-05
9.98651E-05 9.98651E-05 9.98651E-05 9.98651E-05 9.98651E-05 9.98651E-05 9.98651E-05 0.00443496 9.98651E-05 0.994067 9.98651E-05 9.98651E-05 9.98651E-05 9.98651E-05 9.98651E-05 9.98651E-05 9.98651E-05
9.9865E-05 9.9865E-05 9.9865E-05 9.9865E-05 9.9865E-05 9.9865E-05 9.9865E-05 9.9865E-05 9.9865E-05 0.0270667 9.9865E-05 9.9865E-05 9.9865E-05 9.9865E-05 0.971435 9.9865E-05 9.9865E-05
9.9865E-05 9.9865E-05 9.9865E-05 9.9865E-05 9.9865E-05 9.9865E-05 9.9865E-05 9.9865E-05 9.9865E-05 9.9865E-05 9.9865E-05 0.0163622 9.9865E-05 9.9865E-05 0.98214 9.9865E-05 9.9865E-05
9.9892E-05 9.9892E-05 0.00762602 9.9892E-05 9.9892E-05 9.9892E-05 9.9892E-05 9.9892E-05 9.9892E-05 0.0228207 9.9892E-05 9.9892E-05 9.9892E-05 0.0369312 0.0501262 0.881297 9.9892E-05
0.0514122 9.99099E-05 0.0415399 0.0127854 9.99099E-05 9.99099E-05 0.100294 9.99099E-05 9.99099E-05 9.99099E-05 9.99099E-05 9.99099E-05 9.99099E-05 0.744632 0.0318476 0.0164891 9.99099E-05
9.98739E-05 9.98739E-05 0.000204612 9.98739E-05 9.98739E-05 9.98739E-05 9.98739E-05 9.98739E-05 0.131008 9.98739E-05 9.98739E-05 9.98739E-05 9.98739E-05 9.98739E-05 9.98739E-05 0.867389 9.98739E-05
0.135091 9.99099E-05 9.99099E-05 9.99099E-05 0.0608461 9.99099E-05 9.99099E-05 9.99099E-05 0.146268 9.99099E-05 0.0801342 0.062297 9.99099E-05 9.99099E-05 0.169882 0.344482 9.99099E-05
9.99459E-05 0.00363046 0.0259372 0.0696108 0.0121662 9.99459E-05 9.99459E-05 0.0276262 0.143541 9.99459E-05 9.99459E-05 9.99459E-05 0.00982604 0.0628168 0.239376 0.380618 0.0242519
0.0584568 0.0579137 0.171042 9.99369E-05 9.99369E-05 0.0253945 0.0393044 9.99369E-05 0.343475 0.0913341 9.99369E-05 9.99369E-05 9.99369E-05 9.99369E-05 0.0331917 0.153197 0.02599
9.9866E-05 9.9866E-05 0.99425 0.00425219 9.9866E-05 9.9866E-05 9.9866E-05 9.9866E-05 9.9866E-05 9.9866E-05 9.9866E-05 9.9866E-05 9.9866E-05 9.9866E-05 9.9866E-05 9.9866E-05 9.9866E-05
9.98562E-05 9.98562E-05 9.98562E-05 9.98562E-05 9.98562E-05 0.998402 9.98562E-05 9.98562E-05 9.98562E-05 9.98562E-05 9.98562E-05 9.98562E-05 9.98562E-05 9.98562E-05 9.98562E-05 9.98562E-05 9.98562E-05
9.98652E-05 9.98652E-05 9.98652E-05 9.98652E-05 9.98652E-05 0.99251 9.98652E-05 9.98652E-05 9.98652E-05 9.98652E-05 9.98652E-05 9.98652E-05 9.98652E-05 9.98652E-05 0.0059922 9.98652E-05 9.98652E-05
9.98563E-05 9.98563E-05 9.98563E-05 9.98563E-05 9.98563E-05 0.998402 9.98563E-05 9.98563E-05 9.98563E-05 9.98563E-05 9.98563E-05 9.98563E-05 9.98563E-05 9.98563E-05 9.98563E-05 9.98563E-05 9.98563E-05
9.98563E-05 9.98563E-05 9.98563E-05 9.98563E-05 9.98563E-05 0.998402 9.98563E-05 9.98563E-05 9.98563E-05 9.98563E-05 9.98563E-05 9.98563E-05 9.98563E-05 9.98563E-05 9.98563E-05 9.98563E-05 9.98563E-05
9.98652E-05 9.98652E-05 9.98652E-05 9.98652E-05 9.98652E-05 0.990129 9.98652E-05 9.98652E-05 9.98652E-05 9.98652E-05 9.98652E-05 9.98652E-05 0.00837335 9.98652E-05 9.98652E-05 9.98652E-05 9.98652E-05
9.99103E-05 9.99103E-05 9.99103E-05 9.99103E-05 0.0859647 0.419243 9.99103E-05 0.310877 9.99103E-05 9.99103E-05 0.031637 9.99103E-05 0.0341124 0.114801 9.99103E-05 9.99103E-05 0.00236628
9.98831E-05 9.98831E-05 9.98831E-05 9.98831E-05 0.0730968 0.911555 9.98831E-05 9.98831E-05 0.00355373 9.98831E-05 9.98831E-05 9.98831E-05 9.98831E-05 0.0104961 9.98831E-05 9.98831E-05 9.98831E-05
9.98738E-05 9.98738E-05 0.797846 9.98738E-05 9.98738E-05 9.98738E-05 9.98738E-05 9.98738E-05 0.0263291 9.98738E-05 9.98738E-05 9.98738E-05 9.98738E-05 0.174427 9.98738E-05 9.98738E-05 9.98738E-05
9.99009E-05 9.99009E-05 9.99009E-05 9.99009E-05 0.919478 0.00843542 0.0427626 9.99009E-05 9.99009E-05 9.99009E-05 9.99009E-05 0.0124513 9.99009E-05 0.0118777 9.99009E-05 9.99009E-05 0.00389575
9.9883E-05 0.957188 9.9883E-05 9.9883E-05 9.9883E-05 9.9883E-05 9.9883E-05 9.9883E-05 9.9883E-05 0.00806176 9.9883E-05 9.9883E-05 9.9883E-05 9.9883E-05 0.00826305 9.9883E-05 0.0251887
0.809114 9.98741E-05 9.98741E-05 9.98741E-05 9.98741E-05 9.98741E-05 9.98741E-05 9.98741E-05 9.98741E-05 9.98741E-05 9.98741E-05 0.0193102 9.98741E-05 9.98741E-05 0.170178 9.98741E-05 9.98741E-05
0.050689 9.98743E-05 9.98743E-05 9.98743E-05 9.98743E-05 9.98743E-05 9.98743E-05 9.98743E-05 0.06995 9.98743E-05 9.98743E-05 9.98743E-05 9.98743E-05 0.877963 9.98743E-05 9.98743E-05 9.98743E-05
0.967789 9.98655E-05 9.98655E-05 9.98655E-05 9.98655E-05 9.98655E-05 0.0307127 9.98655E-05 9.98655E-05 9.98655E-05 9.98655E-05 9.98655E-05 9.98655E-05 9.98655E-05 9.98655E-05 9.98655E-05 9.98655E-05
0.910786 9.98649E-05 9.98649E-05 9.98649E-05 9.98649E-05 9.98649E-05 9.98649E-05 9.98649E-05 9.98649E-05 9.98649E-05 9.98649E-05 9.98649E-05 9.98649E-05 9.98649E-05 9.98649E-05 0.0877159 9.98649E-05
0.817984 9.98919E-05 9.98919E-05 9.98919E-05 9.98919E-05 9.98919E-05 9.98919E-05 9.98919E-05 0.0409596 9.98919E-05 9.98919E-05 0.0638987 9.98919E-05 9.98919E-05 0.00373407 0.0722251 9.98919E-05
9.98561E-05 9.98561E-05 9.98561E-05 0.998402 9.98561E-05 9.98561E-05 9.98561E-05 9.98561E-05 9.98561E-05 9.98561E-05 9.98561E-05 9.98561E-05 9.98561E-05 9.98561E-05 9.98561E-05 9.98561E-05 9.98561E-05
9.98836E-05 0.975633 9.98836E-05 9.98836E-05 9.98836E-05 9.98836E-05 0.000545484 9.98836E-05 9.98836E-05 9.98836E-05 9.98836E-05 9.98836E-05 0.0206506 9.98836E-05 9.98836E-05 0.00187283 9.98836E-05
0.0767977 0.22757 0.217949 0.0406089 0.00846201 0.107714 0.00958665 9.9946E-05 9.9946E-05 9.9946E-05 9.9946E-05 0.0506111 0.112688 0.0992256 9.9946E-05 0.0481884 9.9946E-05
0.00477644 0.765215 9.99014E-05 9.99014E-05 9.99014E-05 9.99014E-05 0.00699292 0.00110629 9.99014E-05 9.99014E-05 9.99014E-05 9.99014E-05 0.190999 9.99014E-05 0.0298115 9.99014E-05 9.99014E-05
9.9901E-05 0.842249 9.9901E-05 9.9901E-05 9.9901E-05 0.0113028 0.00636398 9.9901E-05 9.9901E-05 0.0325101 9.9901E-05 9.9901E-05 9.9901E-05 9.9901E-05 0.0089083 9.9901E-05 0.0975666
9.9901E-05 0.837915 9.9901E-05 9.9901E-05 0.00475142 0.0569861 0.0179846 0.0301016 9.9901E-05 9.9901E-05 9.9901E-05 9.9901E-05 9.9901E-05 0.0511627 9.9901E-05 9.9901E-05 9.9901E-05
9.99012E-05 0.922153 9.99012E-05 9.99012E-05 0.0266515 9.99012E-05 0.014937 9.99012E-05 9.99012E-05 9.99012E-05 0.00570308 9.99012E-05 0.0157706 0.0136864 9.99012E-05 9.99012E-05 9.99012E-05
9.98922E-05 0.736066 9.98922E-05 9.98922E-05 9.98922E-05 9.98922E-05 9.98922E-05 0.150996 0.0176692 9.98922E-05 9.98922E-05 9.98922E-05 9.98922E-05 9.98922E-05 0.0484312 9.98922E-05 0.0456388
9.9874E-05 0.950102 9.9874E-05 9.9874E-05 9.9874E-05 9.9874E-05 9.9874E-05 9.9874E-05 9.9874E-05 0.0260935 9.9874E-05 9.9874E-05 9.9874E-05 9.9874E-05 9.9874E-05 9.9874E-05 0.0224066
9.9865E-05 9.9865E-05 9.9865E-05 9.9865E-05 9.9865E-05 9.9865E-05 9.9865E-05 0.997814 9.9865E-05 9.9865E-05 9.9865E-05 9.9865E-05 9.9865E-05 9.9865E-05 9.9865E-05 9.9865E-05 0.000687838
0.0172009 9.98741E-05 9.98741E-05 9.98741E-05 9.98741E-05 9.98741E-05 0.0265268 0.954874 9.98741E-05 9.98741E-05 9.98741E-05 9.98741E-05 9.98741E-05 9.98741E-05 9.98741E-05 9.98741E-05 9.98741E-05
9.99101E-05 0.883978 9.99101E-05 9.99101E-05 9.99101E-05 0.0161273 9.99101E-05 9.99101E-05 9.99101E-05 9.99101E-05 0.00424542 0.0165622 0.0327797 0.0168671 9.99101E-05 0.028441 9.99101E-05
9.98919E-05 0.0105456 9.98919E-05 9.98919E-05 0.0230173 0.0131426 9.98919E-05 9.98919E-05 9.98919E-05 0.00374314 9.98919E-05 9.98919E-05 9.98919E-05 0.948353 9.98919E-05 9.98919E-05 9.98919E-05
9.9874E-05 9.9874E-05 9.9874E-05 9.9874E-05 9.9874E-05 0.00142146 9.9874E-05 9.9874E-05 9.9874E-05 9.9874E-05 9.9874E-05 9.9874E-05 0.00721699 0.989963 9.9874E-05 9.9874E-05 9.9874E-05
9.98652E-05 9.98652E-05 9.98652E-05 9.98652E-05 9.98652E-05 9.98652E-05 9.98652E-05 9.98652E-05 9.98652E-05 9.98652E-05 9.98652E-05 0.982323 9.98652E-05 9.98652E-05 0.0161786 9.98652E-05 9.98652E-05
9.98563E-05 9.98563E-05 9.98563E-05 9.98563E-05 9.98563E-05 9.98563E-05 9.98563E-05 9.98563E-05 9.98563E-05 9.98563E-05 9.98563E-05 0.998402 9.98563E-05 9.98563E-05 9.98563E-05 9.98563E-05 9.98563E-05
0.0494067 9.98918E-05 9.98918E-05 9.98918E-05 0.0784863 9.98918E-05 9.98918E-05 9.98918E-05 9.98918E-05 9.98918E-05 9.98918E-05 9.98918E-05 9.98918E-05 0.0186357 0.0988814 0.753391 9.98918E-05
0.0548994 9.98919E-05 9.98919E-05 9.98919E-05 0.0274024 9.98919E-05 9.98919E-05 9.98919E-05 9.98919E-05 9.98919E-05 9.98919E-05 9.98919E-05 9.98919E-05 0.0109435 0.0961371 0.809419 9.98919E-05
9.98743E-05 9.98743E-05 9.98743E-05 9.98743E-05 9.98743E-05 9.98743E-05 9.98743E-05 0.0187937 9.98743E-05 9.98743E-05 9.98743E-05 0.964154 9.98743E-05 0.0156543 9.98743E-05 9.98743E-05 9.98743E-05
9.98563E-05 9.98563E-05 9.98563E-05 9.98563E-05 9.98563E-05 9.98563E-05 9.98563E-05 9.98563E-05 9.98563E-05 9.98563E-05 9.98563E-05 0.998402 9.98563E-05 9.98563E-05 9.98563E-05 9.98563E-05 9.98563E-05
0.0132167 9.98739E-05 0.958864 9.98739E-05 9.98739E-05 9.98739E-05 9.98739E-05 9.98739E-05 9.98739E-05 9.98739E-05 9.98739E-05 9.98739E-05 9.98739E-05 0.0265212 9.98739E-05 9.98739E-05 9.98739E-05
0.0934215 9.9892E-05 9.9892E-05 9.9892E-05 9.9892E-05 9.9892E-05 0.143276 9.9892E-05 9.9892E-05 9.9892E-05 0.00809577 9.9892E-05 9.9892E-05 0.0227035 0.731305 9.9892E-05 9.9892E-05
9.9883E-05 9.9883E-05 9.9883E-05 9.9883E-05 0.910026 0.0377114 0.0484174 9.9883E-05 9.9883E-05 9.9883E-05 9.9883E-05 9.9883E-05 9.9883E-05 9.9883E-05 9.9883E-05 9.9883E-05 0.00254678
9.9856E-05 9.9856E-05 9.9856E-05 9.9856E-05 9.9856E-05 9.9856E-05 9.9856E-05 9.9856E-05 0.998402 9.9856E-05 9.9856E-05 9.9856E-05 9.9856E-05 9.9856E-05 9.9856E-05 9.9856E-05 9.9856E-05
0.0745047 9.9901E-05 0.0550015 9.9901E-05 9.9901E-05 9.9901E-05 9.9901E-05 9.9901E-05 0.791191 0.0557653 0.00726042 0.0151783 9.9901E-05 9.9901E-05 9.9901E-05 9.9901E-05 9.9901E-05
9.98921E-05 0.237331 9.98921E-05 9.98921E-05 9.98921E-05 0.0368312 9.98921E-05 0.674059 9.98921E-05 9.98921E-05 0.0389852 0.0115949 9.98921E-05 9.98921E-05 9.98921E-05 9.98921E-05 9.98921E-05
