9.99459E-05 9.99459E-05 9.99459E-05 9.99459E-05 0.0301957 0.00199542 0.967209 9.99459E-05 9.99459E-05
0.603088 9.99639E-05 9.99639E-05 9.99639E-05 0.0024289 0.0399152 0.157036 9.99639E-05 0.197131
9.99644E-05 0.00556916 0.117096 0.00526364 9.99644E-05 0.0411821 9.99644E-05 9.99644E-05 0.830489
9.9946E-05 9.9946E-05 9.9946E-05 9.9946E-05 9.9946E-05 0.023029 9.9946E-05 0.0121856 0.964186
0.391511 0.0438658 9.99731E-05 9.99731E-05 0.107338 9.99731E-05 0.00673759 0.0785108 0.371737
9.9937E-05 9.9937E-05 9.9937E-05 9.9937E-05 9.9937E-05 9.9937E-05 9.9937E-05 0.00247216 0.996828
0.70226 9.9937E-05 0.297041 9.9937E-05 9.9937E-05 9.9937E-05 9.9937E-05 9.9937E-05 9.9937E-05
0.415671 0.174578 9.9964E-05 9.9964E-05 9.9964E-05 0.0190404 9.9964E-05 0.0110836 0.379227
0.758855 9.99459E-05 0.203026 9.99459E-05 0.0375194 9.99459E-05 9.99459E-05 9.99459E-05 9.99459E-05
0.10151 9.99461E-05 9.99461E-05 9.99461E-05 0.895717 9.99461E-05 9.99461E-05 0.00217361 9.99461E-05
9.993E-05 9.993E-05 9.993E-05 9.993E-05 0.999201 9.993E-05 9.993E-05 9.993E-05 9.993E-05
9.9955E-05 9.9955E-05 0.183682 9.9955E-05 9.9955E-05 0.114324 0.668396 9.9955E-05 0.0330989
9.99371E-05 9.99371E-05 0.992254 9.99371E-05 9.99371E-05 9.99371E-05 9.99371E-05 9.99371E-05 0.00704686
9.9955E-05 9.9955E-05 9.9955E-05 0.00710882 9.9955E-05 9.9955E-05 0.0143928 0.0361508 0.941848
9.9946E-05 9.9946E-05 9.9946E-05 0.0111095 9.9946E-05 9.9946E-05 0.0432935 9.9946E-05 0.944997
9.9973E-05 0.0140831 0.300278 9.9973E-05 0.590805 9.9973E-05 0.0628932 0.0195697 0.0120714
9.99368E-05 9.99368E-05 9.99368E-05 9.99368E-05 0.0521057 9.99368E-05 9.99368E-05 0.947195 9.99368E-05
0.0195445 0.0430435 9.99639E-05 0.697583 0.195818 9.99639E-05 0.0436105 9.99639E-05 9.99639E-05
9.9937E-05 9.9937E-05 9.9937E-05 0.918041 9.9937E-05 0.0812597 9.9937E-05 9.9937E-05 9.9937E-05
9.9955E-05 9.9955E-05 9.9955E-05 9.9955E-05 0.782762 0.0284892 0.0965847 0.0916645 9.9955E-05
9.993E-05 9.993E-05 9.993E-05 0.999201 9.993E-05 9.993E-05 9.993E-05 9.993E-05 9.993E-05
9.9973E-05 0.00730116 0.0853613 9.9973E-05 0.311374 0.0215694 0.531271 0.0428233 9.9973E-05
9.9964E-05 0.00232029 9.9964E-05 0.332688 0.0489444 0.172626 9.9964E-05 0.443021 9.9964E-05
9.9946E-05 9.9946E-05 9.9946E-05 0.874168 9.9946E-05 0.0594725 9.9946E-05 0.0657602 9.9946E-05
9.993E-05 9.993E-05 9.993E-05 9.993E-05 9.993E-05 9.993E-05 9.993E-05 9.993E-05 0.999201
9.99371E-05 0.00626526 9.99371E-05 9.99371E-05 9.99371E-05 9.99371E-05 9.99371E-05 9.99371E-05 0.993035
9.99639E-05 9.99639E-05 0.723919 9.99639E-05 0.103471 0.0612747 0.0807011 0.0302344 9.99639E-05
9.9946E-05 0.0576185 0.010319 9.9946E-05 9.9946E-05 9.9946E-05 9.9946E-05 9.9946E-05 0.931463
9.9937E-05 0.0767211 9.9937E-05 9.9937E-05 9.9937E-05 9.9937E-05 9.9937E-05 9.9937E-05 0.922579
0.0221371 0.166079 9.9982E-05 0.0180405 9.9982E-05 0.0194931 0.020943 0.0485105 0.704597
0.154043 0.161257 9.9955E-05 9.9955E-05 9.9955E-05 9.9955E-05 9.9955E-05 0.0996864 0.584514
0.819858 0.0765321 9.9955E-05 9.9955E-05 9.9955E-05 0.0351859 0.0679241 9.9955E-05 9.9955E-05
9.99461E-05 9.99461E-05 9.99461E-05 9.99461E-05 9.99461E-05 9.99461E-05 0.00440557 0.0123591 0.982636
0.102794 0.803037 9.99641E-05 9.99641E-05 9.99641E-05 9.99641E-05 0.0101466 0.0114296 0.0721929
9.99729E-05 9.99729E-05 0.464763 9.99729E-05 0.00881196 0.0694258 0.0350853 0.379841 0.0417733
0.00507844 9.99639E-05 0.0222341 9.99639E-05 9.99639E-05 9.99639E-05 0.000870616 0.00176596 0.969651
9.9937E-05 9.9937E-05 9.9937E-05 9.9937E-05 9.9937E-05 9.9937E-05 0.965132 0.0341687 9.9937E-05
0.161979 0.00594429 9.9973E-05 0.0169576 0.665016 9.9973E-05 0.0885803 9.9973E-05 0.0612224
0.0170227 9.99369E-05 9.99369E-05 9.99369E-05 9.99369E-05 9.99369E-05 9.99369E-05 0.982278 9.99369E-05
9.99639E-05 9.99639E-05 9.99639E-05 0.0052236 0.552774 9.99639E-05 0.270736 0.0495198 0.121346
9.99729E-05 9.99729E-05 9.99729E-05 0.0192637 0.599732 0.0148382 0.281447 0.0124055 0.0720132
9.99369E-05 9.99369E-05 9.99369E-05 9.99369E-05 0.950399 9.99369E-05 9.99369E-05 0.0489013 9.99369E-05
0.0896354 9.9955E-05 0.229444 9.9955E-05 0.660073 9.9955E-05 0.0203476 9.9955E-05 9.9955E-05
9.9937E-05 9.9937E-05 9.9937E-05 9.9937E-05 0.925098 9.9937E-05 9.9937E-05 0.0742023 9.9937E-05
0.0306502 0.000849746 0.15464 0.105232 0.505788 0.0876052 0.0509863 0.0641484 9.9991E-05
9.997E-05 9.997E-05 0.0403729 0.0192006 0.646919 9.997E-05 0.13524 0.0797155 0.0782516
0.0614721 0.0369513 0.0919525 9.9982E-05 0.112753 9.9982E-05 0.213801 0.438672 0.0441973
9.99374E-05 9.99374E-05 9.99374E-05 0.0275882 9.99374E-05 9.99374E-05 0.971712 9.99374E-05 9.99374E-05
9.993E-05 0.999201 9.993E-05 9.993E-05 9.993E-05 9.993E-05 9.993E-05 9.993E-05 9.993E-05
9.993E-05 0.999201 9.993E-05 9.993E-05 9.993E-05 9.993E-05 9.993E-05 9.993E-05 9.993E-05
9.99371E-05 0.965793 9.99371E-05 9.99371E-05 0.0335079 9.99371E-05 9.99371E-05 9.99371E-05 9.99371E-05
9.993E-05 0.999201 9.993E-05 9.993E-05 9.993E-05 9.993E-05 9.993E-05 9.993E-05 9.993E-05
9.993E-05 0.999201 9.993E-05 9.993E-05 9.993E-05 9.993E-05 9.993E-05 9.993E-05 9.993E-05
0.254504 0.41721 9.99731E-05 0.0102662 0.0446207 9.99731E-05 9.99731E-05 0.0455339 0.227565
0.0145952 0.944178 9.9946E-05 9.9946E-05 9.9946E-05 9.9946E-05 0.0406275 9.9946E-05 9.9946E-05
9.99459E-05 9.99459E-05 0.0963203 9.99459E-05 0.0508725 9.99459E-05 0.852208 9.99459E-05 9.99459E-05
0.797378 0.0998462 9.99548E-05 9.99548E-05 9.99548E-05 0.0335882 0.0686878 9.99548E-05 9.99548E-05
9.99369E-05 9.99369E-05 9.99369E-05 9.99369E-05 9.99369E-05 9.99369E-05 9.99369E-05 0.00611558 0.993185
9.9955E-05 0.0215844 0.849723 9.9955E-05 9.9955E-05 0.0542328 0.07396 9.9955E-05 9.9955E-05
9.99551E-05 9.99551E-05 0.347318 9.99551E-05 0.490902 9.99551E-05 0.1031 9.99551E-05 0.0581803
9.993E-05 9.993E-05 0.999201 9.993E-05 9.993E-05 9.993E-05 9.993E-05 9.993E-05 9.993E-05
9.99459E-05 9.99459E-05 0.898718 9.99459E-05 0.0727145 9.99459E-05 0.0279679 9.99459E-05 9.99459E-05
9.99639E-05 9.99639E-05 0.815633 9.99639E-05 0.040033 0.0806372 0.00491351 0.0583835 9.99639E-05
0.0214258 0.00790151 9.99551E-05 0.923927 9.99551E-05 9.99551E-05 0.0462454 9.99551E-05 9.99551E-05
9.993E-05 9.993E-05 9.993E-05 9.993E-05 9.993E-05 9.993E-05 9.993E-05 9.993E-05 0.999201
0.0339007 0.179639 0.0667921 0.0643635 0.164704 0.038109 0.0376485 0.146096 0.268748
9.99462E-05 0.0123738 0.0337816 9.99462E-05 9.99462E-05 9.99462E-05 9.99462E-05 9.99462E-05 0.953245
9.9955E-05 0.00836872 9.9955E-05 9.9955E-05 9.9955E-05 9.9955E-05 0.0312151 0.0472899 0.912627
0.002715 0.0613004 0.0164124 9.9964E-05 0.0141498 9.9964E-05 9.9964E-05 9.9964E-05 0.905023
0.0464988 0.00919761 9.9955E-05 0.00395727 9.9955E-05 9.9955E-05 9.9955E-05 9.9955E-05 0.939847
0.0307487 9.99641E-05 9.99641E-05 9.99641E-05 0.0237422 9.99641E-05 0.0294207 0.0159973 0.899691
9.99369E-05 9.99369E-05 9.99369E-05 9.99369E-05 9.99369E-05 9.99369E-05 9.99369E-05 0.0149843 0.984316
0.35137 0.181229 9.99552E-05 9.99552E-05 9.99552E-05 9.99552E-05 9.99552E-05 0.0164869 0.450414
0.394068 0.0691952 0.0807807 9.99552E-05 9.99552E-05 9.99552E-05 9.99552E-05 9.99552E-05 0.455456
9.9955E-05 0.0248638 9.9955E-05 9.9955E-05 0.0339341 0.00389598 9.9955E-05 9.9955E-05 0.936806
0.0905645 9.9973E-05 0.0956506 9.9973E-05 0.676482 0.00897001 0.0276924 9.9973E-05 0.10034
0.0963767 0.00907905 0.139833 9.9982E-05 0.675221 0.00333035 0.0132598 9.9982E-05 0.0627002
9.993E-05 9.993E-05 9.993E-05 9.993E-05 9.993E-05 0.999201 9.993E-05 9.993E-05 9.993E-05
9.993E-05 9.993E-05 9.993E-05 9.993E-05 9.993E-05 0.999201 9.993E-05 9.993E-05 9.993E-05
0.0276756 9.9946E-05 9.9946E-05 9.9946E-05 0.959871 9.9946E-05 0.0118534 9.9946E-05 9.9946E-05
9.9946E-05 9.9946E-05 0.0167488 0.00164288 0.981009 9.9946E-05 9.9946E-05 9.9946E-05 9.9946E-05
9.99461E-05 0.00869489 9.99461E-05 9.99461E-05 9.99461E-05 0.958943 9.99461E-05 0.0317623 9.99461E-05
9.99371E-05 9.99371E-05 9.99371E-05 9.99371E-05 9.99371E-05 0.992087 0.00721336 9.99371E-05 9.99371E-05
9.9946E-05 0.0140632 0.0271268 9.9946E-05 9.9946E-05 9.9946E-05 0.95821 9.9946E-05 9.9946E-05
0.138184 9.9955E-05 0.251851 0.056175 0.55329 9.9955E-05 9.9955E-05 9.9955E-05 9.9955E-05
0.795043 0.150235 9.99458E-05 9.99458E-05 9.99458E-05 9.99458E-05 0.0541222 9.99458E-05 9.99458E-05
9.99821E-05 9.99821E-05 0.201446 0.0344221 0.0806538 0.0518781 0.0215832 0.594148 0.0156687
9.99641E-05 9.99641E-05 0.271002 0.0145536 9.99641E-05 0.0659236 0.107356 0.540765 9.99641E-05
0.222457 0.145255 9.99642E-05 0.0199263 9.99642E-05 0.0057571 9.99642E-05 9.99642E-05 0.606205
