0.938092 9.99099E-05 9.99099E-05 9.99099E-05 9.99099E-05 9.99099E-05 9.99099E-05 9.99099E-05 9.99099E-05 0.0609087 9.99099E-05 9.99099E-05
0.29026 0.0428132 0.114966 0.00770022 0.0116583 9.99729E-05 9.99729E-05 0.0797047 0.197873 0.00790469 0.24682 9.99729E-05
9.99466E-05 9.99466E-05 9.99466E-05 9.99466E-05 0.0871272 0.0419901 9.99466E-05 0.189871 0.00947244 9.99466E-05 0.670804 0.000136158
9.99281E-05 9.99281E-05 9.99281E-05 9.99281E-05 0.0195448 9.99281E-05 0.040853 9.99281E-05 9.99281E-05 0.0149648 0.923838 9.99281E-05
0.0229332 9.99551E-05 0.0542612 9.99551E-05 9.99551E-05 9.99551E-05 0.109992 0.059747 0.215421 0.190789 0.346356 9.99551E-05
9.9937E-05 0.0197802 9.9937E-05 9.9937E-05 0.0193778 9.9937E-05 0.0545816 9.9937E-05 9.9937E-05 0.00501513 0.900546 9.9937E-05
9.99009E-05 9.99009E-05 9.99009E-05 9.99009E-05 9.99009E-05 9.99009E-05 9.99009E-05 9.99009E-05 0.998901 9.99009E-05 9.99009E-05 9.99009E-05
9.99369E-05 9.99369E-05 0.0767461 9.99369E-05 9.99369E-05 9.99369E-05 0.306785 0.485872 9.99369E-05 0.115714 0.0141827 9.99369E-05
9.99009E-05 9.99009E-05 9.99009E-05 9.99009E-05 9.99009E-05 9.99009E-05 9.99009E-05 9.99009E-05 0.998901 9.99009E-05 9.99009E-05 9.99009E-05
9.991E-05 9.991E-05 9.991E-05 9.991E-05 9.991E-05 9.991E-05 9.991E-05 9.991E-05 0.158175 0.840826 9.991E-05 9.991E-05
9.991E-05 9.991E-05 9.991E-05 9.991E-05 9.991E-05 9.991E-05 9.991E-05 9.991E-05 0.109939 0.889062 9.991E-05 9.991E-05
0.644958 9.9937E-05 9.9937E-05 9.9937E-05 0.140571 0.180727 9.9937E-05 0.000676598 9.9937E-05 9.9937E-05 0.0323671 9.9937E-05
9.99191E-05 9.99191E-05 9.99191E-05 9.99191E-05 9.99191E-05 0.957408 0.0186458 0.0230472 9.99191E-05 9.99191E-05 9.99191E-05 9.99191E-05
0.0295506 0.0152831 0.00876784 9.99371E-05 9.99371E-05 9.99371E-05 9.99371E-05 9.99371E-05 9.99371E-05 9.99371E-05 0.926747 0.0189523
0.0535552 9.99101E-05 9.99101E-05 9.99101E-05 9.99101E-05 9.99101E-05 9.99101E-05 9.99101E-05 9.99101E-05 9.99101E-05 0.945446 9.99101E-05
9.9919E-05 9.9919E-05 9.9919E-05 0.849711 9.9919E-05 0.117642 9.9919E-05 9.9919E-05 9.9919E-05 0.0317483 9.9919E-05 9.9919E-05
9.99098E-05 0.917286 9.99098E-05 9.99098E-05 9.99098E-05 9.99098E-05 9.99098E-05 9.99098E-05 9.99098E-05 0.0817146 9.99098E-05 9.99098E-05
0.042909 9.99459E-05 0.047891 0.086485 9.99459E-05 9.99459E-05 9.99459E-05 9.99459E-05 0.0281719 0.0598409 9.99459E-05 0.734103
9.99101E-05 9.99101E-05 9.99101E-05 9.99101E-05 0.0764973 9.99101E-05 9.99101E-05 9.99101E-05 9.99101E-05 9.99101E-05 9.99101E-05 0.922504
0.0863598 0.097951 9.99369E-05 0.335228 0.0216449 9.99369E-05 9.99369E-05 9.99369E-05 9.99369E-05 0.458117 9.99369E-05 9.99369E-05
9.99011E-05 9.99011E-05 9.99011E-05 9.99011E-05 9.99011E-05 9.99011E-05 9.99011E-05 9.99011E-05 9.99011E-05 9.99011E-05 9.99011E-05 0.998901
0.506636 0.0748059 9.99369E-05 0.290041 9.99369E-05 0.0574608 9.99369E-05 9.99369E-05 9.99369E-05 0.0703569 9.99369E-05 9.99369E-05
9.9928E-05 0.309381 9.9928E-05 9.9928E-05 0.180994 9.9928E-05 9.9928E-05 9.9928E-05 9.9928E-05 0.164203 9.9928E-05 0.344623
9.9928E-05 0.00221378 9.9928E-05 9.9928E-05 0.0281257 9.9928E-05 9.9928E-05 9.9928E-05 9.9928E-05 0.0606897 9.9928E-05 0.908171
9.99192E-05 9.99192E-05 9.99192E-05 9.99192E-05 9.99192E-05 9.99192E-05 9.99192E-05 0.00382578 0.0118868 9.99192E-05 0.983388 9.99192E-05
9.99012E-05 9.99012E-05 9.99012E-05 9.99012E-05 9.99012E-05 9.99012E-05 9.99012E-05 9.99012E-05 9.99012E-05 9.99012E-05 0.998901 9.99012E-05
0.0852985 0.0252545 9.99459E-05 9.99459E-05 0.0386831 0.776018 0.0152996 9.99459E-05 9.99459E-05 0.0588472 9.99459E-05 9.99459E-05
9.9928E-05 9.9928E-05 0.0343186 9.9928E-05 9.9928E-05 9.9928E-05 0.0480799 9.9928E-05 0.0189104 9.9928E-05 0.897892 9.9928E-05
9.9946E-05 9.9946E-05 0.0513742 0.0324088 9.9946E-05 0.0032527 0.00175729 9.9946E-05 0.0302751 9.9946E-05 0.880332 9.9946E-05
9.99335E-05 9.99335E-05 0.0651205 9.99335E-05 9.99335E-05 0.00196202 0.650959 9.99335E-05 9.99335E-05 9.99335E-05 0.281159 9.99335E-05
9.99098E-05 9.99098E-05 9.99098E-05 9.99098E-05 9.99098E-05 9.99098E-05 0.921511 9.99098E-05 9.99098E-05 9.99098E-05 0.0774902 9.99098E-05
0.238625 9.99281E-05 0.207204 9.99281E-05 9.99281E-05 9.99281E-05 0.310155 9.99281E-05 0.243216 9.99281E-05 9.99281E-05 9.99281E-05
9.99101E-05 9.99101E-05 9.99101E-05 9.99101E-05 9.99101E-05 9.99101E-05 9.99101E-05 0.194024 9.99101E-05 9.99101E-05 0.804977 9.99101E-05
9.99281E-05 9.99281E-05 0.700365 9.99281E-05 9.99281E-05 9.99281E-05 0.0750247 0.223065 9.99281E-05 0.000745617 9.99281E-05 9.99281E-05
0.0307434 0.264365 9.99458E-05 9.99458E-05 0.0924479 0.523889 0.0635132 9.99458E-05 9.99458E-05 0.0244416 9.99458E-05 9.99458E-05
9.99369E-05 0.0410395 9.99369E-05 0.00103672 9.99369E-05 0.02038 9.99369E-05 0.0633184 9.99369E-05 9.99369E-05 0.873526 9.99369E-05
0.972965 9.991E-05 9.991E-05 9.991E-05 9.991E-05 9.991E-05 9.991E-05 0.026036 9.991E-05 9.991E-05 9.991E-05 9.991E-05
0.190082 9.99549E-05 0.0344914 9.99549E-05 9.99549E-05 9.99549E-05 9.99549E-05 0.0877652 0.0262901 0.63998 0.0125035 0.00838813
9.99009E-05 0.998901 9.99009E-05 9.99009E-05 9.99009E-05 9.99009E-05 9.99009E-05 9.99009E-05 9.99009E-05 9.99009E-05 9.99009E-05 9.99009E-05
0.255754 0.129011 9.99368E-05 0.282714 9.99368E-05 9.99368E-05 9.99368E-05 9.99368E-05 9.99368E-05 0.241599 0.0902218 9.99368E-05
0.310644 0.102956 9.99459E-05 0.267158 9.99459E-05 9.99459E-05 9.99459E-05 9.99459E-05 9.99459E-05 0.264644 0.0459567 0.008041
0.014895 0.0272638 9.9937E-05 0.0241779 9.9937E-05 0.0063148 9.9937E-05 9.9937E-05 9.9937E-05 0.926649 9.9937E-05 9.9937E-05
0.0347175 9.9937E-05 9.9937E-05 0.802498 9.9937E-05 0.0643419 9.9937E-05 9.9937E-05 0.0966104 0.0011327 9.9937E-05 9.9937E-05
9.9946E-05 0.0234674 0.00956321 0.00658004 0.00198205 0.0550729 9.9946E-05 9.9946E-05 9.9946E-05 0.902735 9.9946E-05 9.9946E-05
0.0598794 0.0174041 9.9955E-05 0.0782596 0.142838 0.163294 9.9955E-05 9.9955E-05 9.9955E-05 0.438072 9.9955E-05 0.0997523
0.127247 0.00867608 9.9973E-05 0.188718 9.9973E-05 0.04536 0.0704735 0.00350438 9.9973E-05 0.492876 0.0264677 0.036378
0.182832 0.271732 9.9964E-05 9.9964E-05 0.000797421 0.167434 0.133474 9.9964E-05 0.00078323 0.232876 0.00967151 9.9964E-05
0.998901 9.99016E-05 9.99016E-05 9.99016E-05 9.99016E-05 9.99016E-05 9.99016E-05 9.99016E-05 9.99016E-05 9.99016E-05 9.99016E-05 9.99016E-05
9.99011E-05 9.99011E-05 0.998901 9.99011E-05 9.99011E-05 9.99011E-05 9.99011E-05 9.99011E-05 9.99011E-05 9.99011E-05 9.99011E-05 9.99011E-05
9.99101E-05 9.99101E-05 0.989217 9.99101E-05 9.99101E-05 9.99101E-05 9.99101E-05 9.99101E-05 9.99101E-05 9.99101E-05 0.00978424 9.99101E-05
9.99101E-05 9.99101E-05 0.983837 9.99101E-05 9.99101E-05 9.99101E-05 9.99101E-05 9.99101E-05 9.99101E-05 9.99101E-05 0.0151639 9.99101E-05
9.99011E-05 9.99011E-05 0.998901 9.99011E-05 9.99011E-05 9.99011E-05 9.99011E-05 9.99011E-05 9.99011E-05 9.99011E-05 9.99011E-05 9.99011E-05
9.99101E-05 9.99101E-05 0.985975 9.99101E-05 9.99101E-05 9.99101E-05 0.0130255 9.99101E-05 9.99101E-05 9.99101E-05 9.99101E-05 9.99101E-05
9.99372E-05 9.99372E-05 0.349158 0.105305 9.99372E-05 9.99372E-05 0.510964 9.99372E-05 0.00973888 9.99372E-05 9.99372E-05 0.024134
0.0255003 9.99371E-05 0.963271 0.00265803 0.00366139 9.99371E-05 9.99371E-05 9.99371E-05 0.00420932 9.99371E-05 9.99371E-05 9.99371E-05
0.792441 9.99188E-05 9.99188E-05 0.149204 9.99188E-05 0.0574562 9.99188E-05 9.99188E-05 9.99188E-05 9.99188E-05 9.99188E-05 9.99188E-05
0.195248 9.99458E-05 0.253707 9.99458E-05 0.0140051 9.99458E-05 0.136501 9.99458E-05 0.349291 9.99458E-05 0.050649 9.99458E-05
0.0125182 0.00749185 9.9919E-05 9.9919E-05 9.9919E-05 9.9919E-05 9.9919E-05 9.9919E-05 9.9919E-05 9.9919E-05 0.979091 9.9919E-05
0.0227102 9.9937E-05 9.9937E-05 0.127061 0.0102961 0.801091 9.9937E-05 9.9937E-05 0.0381418 9.9937E-05 9.9937E-05 9.9937E-05
9.99102E-05 9.99102E-05 9.99102E-05 0.923749 9.99102E-05 0.0752515 9.99102E-05 9.99102E-05 9.99102E-05 9.99102E-05 9.99102E-05 9.99102E-05
9.99103E-05 9.99103E-05 9.99103E-05 9.99103E-05 9.99103E-05 0.979657 9.99103E-05 0.0193442 9.99103E-05 9.99103E-05 9.99103E-05 9.99103E-05
0.0409035 9.99279E-05 9.99279E-05 9.99279E-05 9.99279E-05 0.880731 9.99279E-05 9.99279E-05 9.99279E-05 0.065127 0.0124388 9.99279E-05
9.99279E-05 0.0110476 9.99279E-05 9.99279E-05 0.0414035 0.873455 9.99279E-05 9.99279E-05 9.99279E-05 0.0732948 9.99279E-05 9.99279E-05
0.0917627 9.99103E-05 9.99103E-05 9.99103E-05 9.99103E-05 9.99103E-05 9.99103E-05 9.99103E-05 9.99103E-05 9.99103E-05 9.99103E-05 0.907238
9.99193E-05 9.99193E-05 9.99193E-05 9.99193E-05 9.99193E-05 9.99193E-05 0.00917758 9.99193E-05 0.00265359 9.99193E-05 0.98727 9.99193E-05
9.9973E-05 0.139357 0.0823737 0.0686308 0.0201055 0.104163 9.9973E-05 0.159087 9.9973E-05 0.0886472 0.260645 0.0766909
9.99193E-05 9.99193E-05 9.99193E-05 0.0530133 9.99193E-05 9.99193E-05 9.99193E-05 0.0775597 9.99193E-05 9.99193E-05 0.868528 9.99193E-05
9.99279E-05 0.0805341 9.99279E-05 9.99279E-05 9.99279E-05 9.99279E-05 0.0381936 9.99279E-05 0.0492844 9.99279E-05 0.831188 9.99279E-05
9.9946E-05 9.9946E-05 0.0274538 0.0371736 9.9946E-05 9.9946E-05 0.00621942 0.0558848 0.00827106 9.9946E-05 0.864398 9.9946E-05
9.99461E-05 9.99461E-05 0.0282451 0.0468633 9.99461E-05 9.99461E-05 0.00441805 0.0442311 9.99461E-05 9.99461E-05 0.87421 0.00143296
0.0271204 9.99281E-05 9.99281E-05 9.99281E-05 9.99281E-05 9.99281E-05 0.276613 9.99281E-05 9.99281E-05 0.0189243 0.676543 9.99281E-05
9.99189E-05 0.0312484 9.99189E-05 9.99189E-05 9.99189E-05 9.99189E-05 9.99189E-05 0.00317937 9.99189E-05 9.99189E-05 0.964673 9.99189E-05
9.99189E-05 9.99189E-05 0.0269669 9.99189E-05 9.99189E-05 9.99189E-05 0.0191246 0.953009 9.99189E-05 9.99189E-05 9.99189E-05 9.99189E-05
9.99099E-05 9.99099E-05 9.99099E-05 9.99099E-05 9.99099E-05 0.0178562 9.99099E-05 0.981145 9.99099E-05 9.99099E-05 9.99099E-05 9.99099E-05
9.993E-05 9.993E-05 0.0278553 0.0177827 0.0104801 9.993E-05 9.993E-05 9.993E-05 9.993E-05 0.014195 0.928988 9.993E-05
9.991E-05 9.991E-05 0.0380937 0.960907 9.991E-05 9.991E-05 9.991E-05 9.991E-05 9.991E-05 9.991E-05 9.991E-05 9.991E-05
9.99099E-05 9.99099E-05 0.0201773 0.978824 9.99099E-05 9.99099E-05 9.99099E-05 9.99099E-05 9.99099E-05 9.99099E-05 9.99099E-05 9.99099E-05
0.000717591 9.99101E-05 9.99101E-05 9.99101E-05 0.998283 9.99101E-05 9.99101E-05 9.99101E-05 9.99101E-05 9.99101E-05 9.99101E-05 9.99101E-05
0.0013558 9.99101E-05 9.99101E-05 9.99101E-05 0.997645 9.99101E-05 9.99101E-05 9.99101E-05 9.99101E-05 9.99101E-05 9.99101E-05 9.99101E-05
0.0537401 9.9937E-05 9.9937E-05 0.0864296 9.9937E-05 0.0211561 9.9937E-05 0.00461034 9.9937E-05 0.833364 9.9937E-05 9.9937E-05
0.0449915 9.99369E-05 9.99369E-05 0.089009 9.99369E-05 0.0476037 9.99369E-05 9.99369E-05 0.0181455 0.799551 9.99369E-05 9.99369E-05
9.99371E-05 9.99371E-05 0.0115182 0.00481912 0.968728 9.99371E-05 9.99371E-05 0.0137846 9.99371E-05 0.000451 9.99371E-05 9.99371E-05
9.99011E-05 9.99011E-05 9.99011E-05 9.99011E-05 0.998901 9.99011E-05 9.99011E-05 9.99011E-05 9.99011E-05 9.99011E-05 9.99011E-05 9.99011E-05
0.92863 9.99189E-05 0.00302692 9.99189E-05 9.99189E-05 0.0674442 9.99189E-05 9.99189E-05 9.99189E-05 9.99189E-05 9.99189E-05 9.99189E-05
0.0820629 9.99459E-05 9.99459E-05 0.43195 9.99459E-05 0.125581 9.99459E-05 9.99459E-05 0.132027 0.162645 9.99459E-05 0.0651346
0.213053 9.99368E-05 0.292419 9.99368E-05 9.99368E-05 9.99368E-05 0.126217 9.99368E-05 0.365984 9.99368E-05 0.00162737 9.99368E-05
9.99462E-05 0.405874 9.99462E-05 9.99462E-05 0.0708031 0.249953 9.99462E-05 9.99462E-05 9.99462E-05 0.207499 0.00673915 0.0585316
0.0867864 0.528036 9.99372E-05 9.99372E-05 0.110196 0.270701 9.99372E-05 9.99372E-05 9.99372E-05 9.99372E-05 9.99372E-05 0.00358157
9.99009E-05 9.99009E-05 9.99009E-05 9.99009E-05 9.99009E-05 9.99009E-05 0.998901 9.99009E-05 9.99009E-05 9.99009E-05 9.99009E-05 9.99009E-05
