9.9982E-05 9.9982E-05 0.0183053 0.00215814 0.979337
9.999E-05 0.298125 0.0103211 0.292081 0.399374
0.0514533 0.761282 0.0678139 0.0884902 0.0309603
9.9973E-05 0.973155 0.0265451 9.9973E-05 9.9973E-05
9.99821E-05 0.470396 9.99821E-05 0.307877 0.221527
0.00281939 0.993369 0.00361196 9.9982E-05 9.9982E-05
9.99821E-05 0.0562669 9.99821E-05 0.328219 0.615314
9.999E-05 0.414904 0.0535071 0.466882 0.0646068
9.99821E-05 0.0134904 9.99821E-05 0.401221 0.585088
9.9982E-05 9.9982E-05 0.121515 0.137606 0.740679
9.9982E-05 9.9982E-05 0.115288 0.118229 0.766283
9.9982E-05 0.0526597 0.151356 9.9982E-05 0.795784
9.99821E-05 0.105232 0.00240613 9.99821E-05 0.892162
0.0232495 0.964597 0.0119532 9.9982E-05 9.9982E-05
0.0115901 0.981613 0.00474128 9.9991E-05 0.00195561
9.9982E-05 0.0407542 0.02675 9.9982E-05 0.932296
0.0841888 0.0148927 0.400839 9.9991E-05 0.49998
0.72998 9.9982E-05 9.9982E-05 0.0996685 0.170152
0.906634 9.9973E-05 0.0930663 9.9973E-05 9.9973E-05
9.9982E-05 9.9982E-05 0.146276 0.0113122 0.842212
0.9996 9.997E-05 9.997E-05 9.997E-05 9.997E-05
9.9973E-05 9.9973E-05 0.0318744 9.9973E-05 0.967826
0.435829 0.00899617 0.41726 0.0622714 0.0756435
0.906405 9.99729E-05 0.0932951 9.99729E-05 9.99729E-05
9.997E-05 0.9996 9.997E-05 9.997E-05 9.997E-05
9.997E-05 0.9996 9.997E-05 9.997E-05 9.997E-05
9.9973E-05 9.9973E-05 0.0829933 9.9973E-05 0.916707
9.9973E-05 0.929037 9.9973E-05 0.0706632 9.9973E-05
9.9973E-05 0.915686 9.9973E-05 0.0840144 9.9973E-05
0.0291641 0.678734 0.013351 0.278651 9.9991E-05
9.9982E-05 0.659834 0.04574 0.294226 9.9982E-05
9.9991E-05 0.11781 0.0176169 0.578211 0.286262
9.99731E-05 0.992383 0.00731686 9.99731E-05 9.99731E-05
9.9982E-05 0.103037 0.00232002 0.894443 9.9982E-05
9.9982E-05 0.081728 0.255791 9.9982E-05 0.662281
9.99729E-05 0.978101 9.99729E-05 9.99729E-05 0.0215995
9.99821E-05 0.0726341 0.0349279 9.99821E-05 0.892238
0.0459652 0.0250326 0.0381814 0.201036 0.689785
0.0525245 0.177342 0.431097 9.9991E-05 0.338937
0.00744151 0.12626 0.0613003 9.9991E-05 0.804898
0.0142778 0.0922229 0.0555691 0.0318567 0.806073
0.0208544 9.9991E-05 0.118341 0.0301767 0.830528
9.9973E-05 9.9973E-05 9.9973E-05 0.0523173 0.947383
0.000229816 9.9991E-05 0.133361 0.0656836 0.800625
0.123028 9.9991E-05 0.221555 0.0199637 0.635353
0.0674028 0.0727813 0.105252 0.0811713 0.673392
9.9991E-05 0.137778 0.182703 0.0415968 0.637822
0.0436395 0.00801806 9.99822E-05 9.99822E-05 0.948142
9.997E-05 9.997E-05 9.997E-05 0.9996 9.997E-05
9.997E-05 9.997E-05 9.997E-05 0.9996 9.997E-05
9.997E-05 9.997E-05 9.997E-05 0.9996 9.997E-05
9.997E-05 9.997E-05 9.997E-05 0.9996 9.997E-05
9.997E-05 9.997E-05 9.997E-05 0.9996 9.997E-05
0.0318974 0.21865 9.9991E-05 0.635057 0.114295
9.9973E-05 9.9973E-05 0.0031118 0.996588 9.9973E-05
9.997E-05 9.997E-05 9.997E-05 9.997E-05 0.9996
9.9982E-05 0.0663834 9.9982E-05 0.578518 0.354898
9.997E-05 0.9996 9.997E-05 9.997E-05 9.997E-05
9.99731E-05 9.99731E-05 0.036621 9.99731E-05 0.963079
9.9982E-05 0.106785 0.0187529 9.9982E-05 0.874262
0.0213798 0.00688383 9.99822E-05 9.99822E-05 0.971536
9.997E-05 9.997E-05 9.997E-05 9.997E-05 0.9996
0.0198229 9.9982E-05 0.0749198 9.9982E-05 0.905057
0.914756 9.99821E-05 9.99821E-05 0.0265132 0.0585307
9.99731E-05 0.997748 0.00195246 9.99731E-05 9.99731E-05
0.011228 0.366528 0.0726313 0.129939 0.419673
9.997E-05 0.9996 9.997E-05 9.997E-05 9.997E-05
9.9982E-05 0.961942 9.9982E-05 0.00935262 0.0285055
9.9982E-05 0.928976 9.9982E-05 0.0680785 0.00274519
0.00131202 0.951169 9.9991E-05 0.0359713 0.0114474
9.9982E-05 0.958177 0.00845172 9.9982E-05 0.0331711
9.997E-05 0.9996 9.997E-05 9.997E-05 9.997E-05
9.99732E-05 0.540519 9.99732E-05 0.459181 9.99732E-05
0.0247668 0.527438 9.99911E-05 0.378392 0.0693032
9.9982E-05 0.976313 9.9982E-05 0.0120665 0.0114201
9.9991E-05 0.0706463 0.0721347 0.093001 0.764118
9.9991E-05 0.0683253 0.0353961 0.125834 0.770344
9.997E-05 9.997E-05 0.9996 9.997E-05 9.997E-05
9.997E-05 9.997E-05 0.9996 9.997E-05 9.997E-05
9.99819E-05 9.99819E-05 0.0801486 0.121042 0.79861
9.9982E-05 9.9982E-05 0.0620244 0.0864606 0.851315
9.997E-05 9.997E-05 0.9996 9.997E-05 9.997E-05
9.997E-05 9.997E-05 0.9996 9.997E-05 9.997E-05
9.9973E-05 9.9973E-05 9.9973E-05 0.0253245 0.974376
0.0653122 0.016793 9.9991E-05 0.0579279 0.859867
9.9982E-05 0.0757005 9.9982E-05 0.634135 0.289964
0.113744 0.0400668 0.328131 9.9991E-05 0.517958
0.0700082 9.99821E-05 0.337062 9.99821E-05 0.592729
0.0439034 0.637386 0.0354079 0.283202 9.9991E-05
