0.9998 9.999E-05 9.999E-05
0.450362 9.9991E-05 0.549538
9.999E-05 0.0413364 0.958564
9.999E-05 9.999E-05 0.9998
0.30542 9.9991E-05 0.69448
9.999E-05 9.999E-05 0.9998
0.66402 9.99911E-05 0.33588
0.157023 9.9991E-05 0.842877
0.618448 9.9991E-05 0.381452
0.961258 9.9991E-05 0.0386421
0.970745 9.9991E-05 0.0291547
0.961529 9.9991E-05 0.0383709
0.9206 9.99911E-05 0.0792998
9.9991E-05 0.0191446 0.980755
9.9991E-05 0.00465727 0.995243
0.982026 9.9991E-05 0.0178736
0.803504 0.160999 0.0354973
0.242416 0.738109 0.0194754
9.999E-05 0.9998 9.999E-05
0.9998 9.999E-05 9.999E-05
9.999E-05 0.9998 9.999E-05
0.9998 9.999E-05 9.999E-05
0.392483 0.544015 0.0635023
0.00718849 0.992712 9.9991E-05
9.999E-05 9.999E-05 0.9998
9.999E-05 9.999E-05 0.9998
0.9998 9.999E-05 9.999E-05
9.999E-05 9.999E-05 0.9998
9.999E-05 9.999E-05 0.9998
0.0214593 0.0278578 0.950683
0.00127674 0.0201914 0.978532
0.402267 9.99911E-05 0.597633
9.999E-05 9.999E-05 0.9998
0.156848 9.9991E-05 0.843052
0.914236 9.9991E-05 0.0856641
9.999E-05 9.999E-05 0.9998
0.935166 9.9991E-05 0.0647342
0.841251 0.00991078 0.148839
0.664957 0.153229 0.181814
0.902037 9.9991E-05 0.0978632
0.906661 9.9991E-05 0.0932393
0.979258 0.0206422 9.9991E-05
0.984164 9.9991E-05 0.0157357
0.99488 0.00502046 9.9991E-05
0.874178 0.125722 9.9991E-05
0.865685 0.0386071 0.0957079
0.845933 9.9991E-05 0.153967
0.970652 0.0292482 9.99911E-05
0.119142 0.0427619 0.838096
0.10486 0.0607478 0.834392
0.144649 0.0528942 0.802457
0.121442 0.0632314 0.815326
0.126063 0.021361 0.852576
0.186348 0.0716408 0.742011
0.180778 0.0471183 0.772104
0.9998 9.999E-05 9.999E-05
0.478546 9.9991E-05 0.521354
9.999E-05 9.999E-05 0.9998
0.9998 9.999E-05 9.999E-05
0.929508 9.9991E-05 0.0703924
0.9998 9.999E-05 9.999E-05
0.9998 9.999E-05 9.999E-05
0.993386 0.0065141 9.9991E-05
0.0890105 0.905997 0.00499244
9.999E-05 9.999E-05 0.9998
0.596207 0.0243047 0.379488
9.999E-05 9.999E-05 0.9998
0.00603901 9.9991E-05 0.993861
9.999E-05 9.999E-05 0.9998
9.999E-05 9.999E-05 0.9998
0.0465794 9.9991E-05 0.953321
9.999E-05 9.999E-05 0.9998
0.0385342 9.99911E-05 0.961366
0.0934501 0.00613605 0.900414
9.999E-05 9.999E-05 0.9998
0.851329 9.9991E-05 0.148571
0.854469 9.9991E-05 0.145431
0.683338 0.195541 0.12112
0.709388 0.203791 0.086821
0.961936 0.00038174 0.037682
0.991393 0.00261514 0.00599164
0.68443 0.186771 0.128799
0.676786 0.193485 0.129729
0.9998 9.999E-05 9.999E-05
0.942704 0.0295282 0.0277678
0.427708 9.9991E-05 0.572192
0.722921 0.187285 0.0897936
0.846487 0.153413 9.9991E-05
9.9991E-05 0.0693874 0.930513
