9.98739E-05 9.98739E-05 0.0430687 9.98739E-05 9.98739E-05 9.98739E-05 9.98739E-05 9.98739E-05 9.98739E-05 9.98739E-05 9.98739E-05 0.0297221 9.98739E-05 9.98739E-05 9.98739E-05 0.925811 9.98739E-05
9.98829E-05 9.98829E-05 9.98829E-05 9.98829E-05 9.98829E-05 9.98829E-05 9.98829E-05 0.122058 0.677018 9.98829E-05 9.98829E-05 0.014993 9.98829E-05 9.98829E-05 0.184633 9.98829E-05 9.98829E-05
9.98561E-05 9.98561E-05 9.98561E-05 0.998402 9.98561E-05 9.98561E-05 9.98561E-05 9.98561E-05 9.98561E-05 9.98561E-05 9.98561E-05 9.98561E-05 9.98561E-05 9.98561E-05 9.98561E-05 9.98561E-05 9.98561E-05
0.0933846 0.00773372 9.9892E-05 0.00172599 9.9892E-05 9.9892E-05 9.9892E-05 0.868823 9.9892E-05 9.9892E-05 0.0271341 9.9892E-05 9.9892E-05 9.9892E-05 9.9892E-05 9.9892E-05 9.9892E-05
9.99371E-05 0.0129249 0.109196 0.0677766 0.167092 9.99371E-05 0.0438687 0.353539 0.141051 9.99371E-05 9.99371E-05 9.99371E-05 0.0426027 9.99371E-05 0.0113981 0.0498517 9.99371E-05
9.9874E-05 9.9874E-05 9.9874E-05 9.9874E-05 9.9874E-05 9.9874E-05 0.0270961 0.939428 9.9874E-05 9.9874E-05 9.9874E-05 9.9874E-05 9.9874E-05 9.9874E-05 0.0320777 9.9874E-05 9.9874E-05
9.98562E-05 9.98562E-05 9.98562E-05 9.98562E-05 0.998402 9.98562E-05 9.98562E-05 9.98562E-05 9.98562E-05 9.98562E-05 9.98562E-05 9.98562E-05 9.98562E-05 9.98562E-05 9.98562E-05 9.98562E-05 9.98562E-05
0.0373463 0.0368923 0.0657898 0.0267487 9.99189E-05 9.99189E-05 0.642359 0.0492166 0.132374 9.99189E-05 0.00837446 9.99189E-05 9.99189E-05 9.99189E-05 9.99189E-05 9.99189E-05 9.99189E-05
9.9874E-05 0.0146497 9.9874E-05 9.9874E-05 0.946185 9.9874E-05 9.9874E-05 9.9874E-05 0.0377674 9.9874E-05 9.9874E-05 9.9874E-05 9.9874E-05 9.9874E-05 9.9874E-05 9.9874E-05 9.9874E-05
9.98651E-05 9.98651E-05 0.853902 9.98651E-05 0.1446 9.98651E-05 9.98651E-05 9.98651E-05 9.98651E-05 9.98651E-05 9.98651E-05 9.98651E-05 9.98651E-05 9.98651E-05 9.98651E-05 9.98651E-05 9.98651E-05
9.98651E-05 9.98651E-05 0.881152 9.98651E-05 0.11735 9.98651E-05 9.98651E-05 9.98651E-05 9.98651E-05 9.98651E-05 9.98651E-05 9.98651E-05 9.98651E-05 9.98651E-05 9.98651E-05 9.98651E-05 9.98651E-05
0.0153136 9.9901E-05 9.9901E-05 0.0208067 9.9901E-05 9.9901E-05 9.9901E-05 9.9901E-05 9.9901E-05 9.9901E-05 0.131727 9.9901E-05 0.0170419 9.9901E-05 9.9901E-05 0.65334 0.160671
0.00915782 9.98655E-05 9.98655E-05 9.98655E-05 9.98655E-05 9.98655E-05 9.98655E-05 9.98655E-05 9.98655E-05 9.98655E-05 9.98655E-05 9.98655E-05 9.98655E-05 9.98655E-05 9.98655E-05 9.98655E-05 0.989344
9.98921E-05 9.98921E-05 9.98921E-05 9.98921E-05 9.98921E-05 9.98921E-05 9.98921E-05 0.951102 0.0262378 9.98921E-05 9.98921E-05 0.00672269 9.98921E-05 0.010853 9.98921E-05 9.98921E-05 0.00388623
9.98652E-05 9.98652E-05 9.98652E-05 9.98652E-05 9.98652E-05 9.98652E-05 9.98652E-05 0.963552 9.98652E-05 9.98652E-05 9.98652E-05 9.98652E-05 9.98652E-05 9.98652E-05 0.0349499 9.98652E-05 9.98652E-05
9.9892E-05 9.9892E-05 0.0216063 9.9892E-05 9.9892E-05 0.7038 9.9892E-05 9.9892E-05 9.9892E-05 9.9892E-05 9.9892E-05 9.9892E-05 0.139603 9.9892E-05 0.0188172 9.9892E-05 0.114975
9.9865E-05 9.9865E-05 0.0663034 9.9865E-05 9.9865E-05 9.9865E-05 9.9865E-05 9.9865E-05 9.9865E-05 9.9865E-05 9.9865E-05 0.932199 9.9865E-05 9.9865E-05 9.9865E-05 9.9865E-05 9.9865E-05
9.98919E-05 0.0594801 9.98919E-05 9.98919E-05 9.98919E-05 0.000187 9.98919E-05 9.98919E-05 9.98919E-05 0.827039 9.98919E-05 9.98919E-05 9.98919E-05 0.00507447 0.107021 9.98919E-05 9.98919E-05
9.98649E-05 9.98649E-05 9.98649E-05 9.98649E-05 9.98649E-05 9.98649E-05 9.98649E-05 9.98649E-05 9.98649E-05 9.98649E-05 0.0906492 9.98649E-05 9.98649E-05 0.907853 9.98649E-05 9.98649E-05 9.98649E-05
9.98918E-05 9.98918E-05 0.455714 9.98918E-05 9.98918E-05 0.295072 9.98918E-05 9.98918E-05 9.98918E-05 9.98918E-05 9.98918E-05 0.0464825 0.129528 9.98918E-05 9.98918E-05 0.0720058 9.98918E-05
9.98651E-05 9.98651E-05 9.98651E-05 9.98651E-05 9.98651E-05 9.98651E-05 9.98651E-05 9.98651E-05 9.98651E-05 0.205158 9.98651E-05 9.98651E-05 9.98651E-05 0.793344 9.98651E-05 9.98651E-05 9.98651E-05
9.99099E-05 9.99099E-05 0.0633448 9.99099E-05 9.99099E-05 0.18375 9.99099E-05 9.99099E-05 9.99099E-05 9.99099E-05 0.00573155 0.0220413 9.99099E-05 9.99099E-05 0.205611 0.453993 0.0645294
9.9901E-05 9.9901E-05 0.115396 9.9901E-05 9.9901E-05 9.9901E-05 9.9901E-05 0.0378132 9.9901E-05 0.503753 0.151617 0.179886 0.010436 9.9901E-05 9.9901E-05 9.9901E-05 9.9901E-05
9.98559E-05 9.98559E-05 9.98559E-05 9.98559E-05 9.98559E-05 9.98559E-05 9.98559E-05 9.98559E-05 9.98559E-05 0.998402 9.98559E-05 9.98559E-05 9.98559E-05 9.98559E-05 9.98559E-05 9.98559E-05 9.98559E-05
0.711244 9.98743E-05 9.98743E-05 0.0533412 9.98743E-05 9.98743E-05 9.98743E-05 0.234016 9.98743E-05 9.98743E-05 9.98743E-05 9.98743E-05 9.98743E-05 9.98743E-05 9.98743E-05 9.98743E-05 9.98743E-05
0.234962 9.98652E-05 9.98652E-05 9.98652E-05 9.98652E-05 9.98652E-05 9.98652E-05 0.76354 9.98652E-05 9.98652E-05 9.98652E-05 9.98652E-05 9.98652E-05 9.98652E-05 9.98652E-05 9.98652E-05 9.98652E-05
9.98919E-05 9.98919E-05 0.101409 9.98919E-05 9.98919E-05 9.98919E-05 9.98919E-05 9.98919E-05 9.98919E-05 9.98919E-05 0.0208652 0.0437378 9.98919E-05 9.98919E-05 9.98919E-05 0.0533798 0.779409
0.998402 9.98561E-05 9.98561E-05 9.98561E-05 9.98561E-05 9.98561E-05 9.98561E-05 9.98561E-05 9.98561E-05 9.98561E-05 9.98561E-05 9.98561E-05 9.98561E-05 9.98561E-05 9.98561E-05 9.98561E-05 9.98561E-05
0.997451 0.00105058 9.98652E-05 9.98652E-05 9.98652E-05 9.98652E-05 9.98652E-05 9.98652E-05 9.98652E-05 9.98652E-05 9.98652E-05 9.98652E-05 9.98652E-05 9.98652E-05 9.98652E-05 9.98652E-05 9.98652E-05
0.220625 0.14319 9.99371E-05 0.0698765 9.99371E-05 9.99371E-05 0.185592 0.31563 0.02128 9.99371E-05 0.00686106 9.99371E-05 0.0179654 0.0145105 9.99371E-05 9.99371E-05 0.00376969
0.101773 0.0910672 9.99099E-05 9.99099E-05 9.99099E-05 9.99099E-05 0.399036 0.328773 9.99099E-05 9.99099E-05 0.0251448 0.0232654 0.029941 9.99099E-05 9.99099E-05 9.99099E-05 9.99099E-05
9.98564E-05 9.98564E-05 9.98564E-05 9.98564E-05 9.98564E-05 9.98564E-05 9.98564E-05 9.98564E-05 0.998402 9.98564E-05 9.98564E-05 9.98564E-05 9.98564E-05 9.98564E-05 9.98564E-05 9.98564E-05 9.98564E-05
0.413868 9.98921E-05 9.98921E-05 0.022467 9.98921E-05 9.98921E-05 0.150355 0.39297 9.98921E-05 9.98921E-05 9.98921E-05 9.98921E-05 9.98921E-05 9.98921E-05 0.019141 9.98921E-05 9.98921E-05
0.0542226 0.722619 9.98922E-05 9.98922E-05 9.98922E-05 9.98922E-05 0.185335 9.98922E-05 0.031977 9.98922E-05 9.98922E-05 9.98922E-05 9.98922E-05 9.98922E-05 9.98922E-05 0.00464721 9.98922E-05
0.00801864 9.99278E-05 0.000218737 9.99278E-05 9.99278E-05 9.99278E-05 0.0434054 9.99278E-05 9.99278E-05 9.99278E-05 0.0905322 0.262027 0.0310783 9.99278E-05 0.0552796 0.0153189 0.493322
0.62754 9.98828E-05 9.98828E-05 9.98828E-05 9.98828E-05 9.98828E-05 0.0506498 0.288346 9.98828E-05 9.98828E-05 9.98828E-05 9.98828E-05 0.0321662 9.98828E-05 9.98828E-05 9.98828E-05 9.98828E-05
9.98831E-05 9.98831E-05 9.98831E-05 0.0133225 9.98831E-05 9.98831E-05 0.0339565 9.98831E-05 9.98831E-05 9.98831E-05 9.98831E-05 9.98831E-05 0.000769816 9.98831E-05 9.98831E-05 0.950653 9.98831E-05
9.99189E-05 9.99189E-05 0.599949 9.99189E-05 9.99189E-05 9.99189E-05 0.0375092 0.00840683 0.186013 0.0203643 9.99189E-05 0.0296654 9.99189E-05 9.99189E-05 0.0626095 0.0545835 9.99189E-05
9.98651E-05 9.98651E-05 9.98651E-05 9.98651E-05 9.98651E-05 9.98651E-05 9.98651E-05 0.026275 9.98651E-05 9.98651E-05 9.98651E-05 0.972227 9.98651E-05 9.98651E-05 9.98651E-05 9.98651E-05 9.98651E-05
9.9874E-05 9.9874E-05 9.9874E-05 9.9874E-05 9.9874E-05 9.9874E-05 9.9874E-05 0.0231817 9.9874E-05 9.9874E-05 9.9874E-05 0.00428694 9.9874E-05 9.9874E-05 0.971133 9.9874E-05 9.9874E-05
9.98651E-05 9.98651E-05 9.98651E-05 9.98651E-05 9.98651E-05 9.98651E-05 9.98651E-05 9.98651E-05 9.98651E-05 9.98651E-05 9.98651E-05 9.98651E-05 9.98651E-05 9.98651E-05 0.996086 0.00241604 9.98651E-05
9.9901E-05 9.9901E-05 0.879366 9.9901E-05 9.9901E-05 0.0117695 9.9901E-05 9.9901E-05 9.9901E-05 9.9901E-05 9.9901E-05 0.0232701 9.9901E-05 9.9901E-05 0.0585567 0.0241708 0.0017677
9.99099E-05 9.99099E-05 0.0217457 9.99099E-05 0.0772448 0.787996 9.99099E-05 9.99099E-05 9.99099E-05 0.0309903 9.99099E-05 9.99099E-05 9.99099E-05 9.99099E-05 0.0171585 0.0148025 0.0490633
9.98919E-05 9.98919E-05 0.888129 0.00161243 9.98919E-05 9.98919E-05 9.98919E-05 9.98919E-05 9.98919E-05 9.98919E-05 9.98919E-05 0.0200341 0.0703389 9.98919E-05 9.98919E-05 0.0186872 9.98919E-05
9.99188E-05 9.99188E-05 0.288157 9.99188E-05 9.99188E-05 0.0188983 9.99188E-05 9.99188E-05 0.0586618 0.165039 0.0551391 9.99188E-05 0.175922 9.99188E-05 0.106202 9.99188E-05 0.131082
9.99201E-05 9.99201E-05 0.431571 9.99201E-05 9.99201E-05 0.145205 9.99201E-05 0.0320238 0.02449 0.0289723 0.00381621 9.99201E-05 0.155646 9.99201E-05 0.108087 0.0693907 9.99201E-05
9.991E-05 0.0168376 0.23386 9.991E-05 0.0689453 9.991E-05 9.991E-05 0.0853342 9.991E-05 9.991E-05 9.991E-05 0.111762 0.321172 9.991E-05 9.991E-05 0.16109 9.991E-05
9.98659E-05 9.98659E-05 9.98659E-05 9.98659E-05 9.98659E-05 9.98659E-05 9.98659E-05 9.98659E-05 9.98659E-05 0.0421556 9.98659E-05 9.98659E-05 9.98659E-05 9.98659E-05 9.98659E-05 0.956346 9.98659E-05
9.98562E-05 0.998402 9.98562E-05 9.98562E-05 9.98562E-05 9.98562E-05 9.98562E-05 9.98562E-05 9.98562E-05 9.98562E-05 9.98562E-05 9.98562E-05 9.98562E-05 9.98562E-05 9.98562E-05 9.98562E-05 9.98562E-05
9.98562E-05 0.998402 9.98562E-05 9.98562E-05 9.98562E-05 9.98562E-05 9.98562E-05 9.98562E-05 9.98562E-05 9.98562E-05 9.98562E-05 9.98562E-05 9.98562E-05 9.98562E-05 9.98562E-05 9.98562E-05 9.98562E-05
0.0226773 0.972523 9.98743E-05 9.98743E-05 9.98743E-05 9.98743E-05 9.98743E-05 9.98743E-05 9.98743E-05 9.98743E-05 9.98743E-05 0.00340111 9.98743E-05 9.98743E-05 9.98743E-05 9.98743E-05 9.98743E-05
9.98652E-05 0.991333 9.98652E-05 9.98652E-05 9.98652E-05 9.98652E-05 9.98652E-05 0.00716921 9.98652E-05 9.98652E-05 9.98652E-05 9.98652E-05 9.98652E-05 9.98652E-05 9.98652E-05 9.98652E-05 9.98652E-05
9.98561E-05 0.998402 9.98561E-05 9.98561E-05 9.98561E-05 9.98561E-05 9.98561E-05 9.98561E-05 9.98561E-05 9.98561E-05 9.98561E-05 9.98561E-05 9.98561E-05 9.98561E-05 9.98561E-05 9.98561E-05 9.98561E-05
0.119417 0.438211 0.112128 0.0430399 0.0381696 9.99282E-05 0.213562 9.99282E-05 0.000805456 0.0292005 9.99282E-05 0.00466655 9.99282E-05 9.99282E-05 9.99282E-05 9.99282E-05 9.99282E-05
9.98741E-05 0.910476 9.98741E-05 9.98741E-05 9.98741E-05 0.00430338 9.98741E-05 9.98741E-05 0.0838226 9.98741E-05 9.98741E-05 9.98741E-05 9.98741E-05 9.98741E-05 9.98741E-05 9.98741E-05 9.98741E-05
9.98828E-05 9.98828E-05 9.98828E-05 9.98828E-05 0.00811372 0.140938 9.98828E-05 9.98828E-05 9.98828E-05 9.98828E-05 9.98828E-05 9.98828E-05 0.0354255 9.98828E-05 9.98828E-05 0.814224 9.98828E-05
9.99009E-05 0.0311743 9.99009E-05 0.0170188 0.0391823 0.0190052 9.99009E-05 9.99009E-05 0.891259 9.99009E-05 9.99009E-05 9.99009E-05 9.99009E-05 9.99009E-05 9.99009E-05 0.00126123 9.99009E-05
0.562883 9.98829E-05 9.98829E-05 9.98829E-05 9.98829E-05 9.98829E-05 9.98829E-05 0.409185 9.98829E-05 9.98829E-05 9.98829E-05 0.00699895 9.98829E-05 9.98829E-05 0.0196348 9.98829E-05 9.98829E-05
9.98831E-05 0.0177782 9.98831E-05 9.98831E-05 9.98831E-05 9.98831E-05 9.98831E-05 0.00160031 9.98831E-05 9.98831E-05 9.98831E-05 9.98831E-05 9.98831E-05 9.98831E-05 0.127664 9.98831E-05 0.851659
9.98833E-05 9.98833E-05 9.98833E-05 9.98833E-05 9.98833E-05 0.864749 9.98833E-05 9.98833E-05 9.98833E-05 9.98833E-05 9.98833E-05 9.98833E-05 0.107631 9.98833E-05 9.98833E-05 0.00023021 0.0260917
9.98655E-05 9.98655E-05 9.98655E-05 9.98655E-05 0.0155173 9.98655E-05 9.98655E-05 9.98655E-05 9.98655E-05 9.98655E-05 9.98655E-05 9.98655E-05 9.98655E-05 9.98655E-05 9.98655E-05 9.98655E-05 0.982985
9.98739E-05 9.98739E-05 0.0984528 9.98739E-05 9.98739E-05 9.98739E-05 9.98739E-05 9.98739E-05 9.98739E-05 9.98739E-05 9.98739E-05 9.98739E-05 9.98739E-05 9.98739E-05 0.00994667 9.98739E-05 0.890202
9.98919E-05 9.98919E-05 0.0452637 9.98919E-05 9.98919E-05 9.98919E-05 9.98919E-05 9.98919E-05 9.98919E-05 9.98919E-05 0.0618976 9.98919E-05 0.0592345 9.98919E-05 0.0453813 9.98919E-05 0.787024
9.98652E-05 9.98652E-05 9.98652E-05 9.98652E-05 9.98652E-05 9.98652E-05 9.98652E-05 9.98652E-05 9.98652E-05 9.98652E-05 9.98652E-05 9.98652E-05 9.98652E-05 0.961626 9.98652E-05 0.0368756 9.98652E-05
0.640999 9.98744E-05 9.98744E-05 0.0622855 9.98744E-05 9.98744E-05 9.98744E-05 0.295317 9.98744E-05 9.98744E-05 9.98744E-05 9.98744E-05 9.98744E-05 9.98744E-05 9.98744E-05 9.98744E-05 9.98744E-05
9.9964E-05 0.109557 0.0351554 9.9964E-05 0.0502712 0.10272 0.0795265 0.233598 0.0189034 0.0374065 0.0659013 9.9964E-05 0.053845 0.0670395 9.9964E-05 0.054337 0.0913393
0.0878845 9.99013E-05 9.99013E-05 0.0802021 9.99013E-05 0.00959875 0.0240166 0.771554 9.99013E-05 9.99013E-05 9.99013E-05 9.99013E-05 9.99013E-05 9.99013E-05 9.99013E-05 9.99013E-05 0.0256448
0.33177 9.9892E-05 9.9892E-05 9.9892E-05 0.0217188 9.9892E-05 9.9892E-05 0.595772 9.9892E-05 9.9892E-05 9.9892E-05 0.0415906 9.9892E-05 9.9892E-05 9.9892E-05 0.0079501 9.9892E-05
0.985354 9.98831E-05 0.0077478 9.98831E-05 9.98831E-05 0.00141003 9.98831E-05 9.98831E-05 9.98831E-05 9.98831E-05 9.98831E-05 9.98831E-05 9.98831E-05 9.98831E-05 9.98831E-05 9.98831E-05 0.0041897
0.998402 9.98563E-05 9.98563E-05 9.98563E-05 9.98563E-05 9.98563E-05 9.98563E-05 9.98563E-05 9.98563E-05 9.98563E-05 9.98563E-05 9.98563E-05 9.98563E-05 9.98563E-05 9.98563E-05 9.98563E-05 9.98563E-05
0.16783 9.99102E-05 0.00671974 9.99102E-05 9.99102E-05 9.99102E-05 0.0915663 0.643611 0.039168 9.99102E-05 9.99102E-05 9.99102E-05 0.0214505 9.99102E-05 0.0286547 9.99102E-05 9.99102E-05
0.595557 9.99009E-05 9.99009E-05 9.99009E-05 9.99009E-05 9.99009E-05 0.00797394 0.358122 9.99009E-05 9.99009E-05 9.99009E-05 0.0230312 0.000577033 9.99009E-05 0.0136402 9.99009E-05 9.99009E-05
9.98559E-05 9.98559E-05 9.98559E-05 9.98559E-05 9.98559E-05 9.98559E-05 0.998402 9.98559E-05 9.98559E-05 9.98559E-05 9.98559E-05 9.98559E-05 9.98559E-05 9.98559E-05 9.98559E-05 9.98559E-05 9.98559E-05
9.9874E-05 9.9874E-05 9.9874E-05 9.9874E-05 0.00548403 9.9874E-05 0.973341 9.9874E-05 9.9874E-05 9.9874E-05 9.9874E-05 9.9874E-05 9.9874E-05 9.9874E-05 9.9874E-05 9.9874E-05 0.0197765
0.119376 0.0391382 9.98921E-05 0.0038166 9.98921E-05 0.0111451 9.98921E-05 0.825325 9.98921E-05 9.98921E-05 9.98921E-05 9.98921E-05 9.98921E-05 9.98921E-05 9.98921E-05 9.98921E-05 9.98921E-05
9.9901E-05 0.000283152 9.9901E-05 9.9901E-05 9.9901E-05 0.980963 0.00552218 0.00462138 0.00402658 9.9901E-05 9.9901E-05 0.00348521 9.9901E-05 9.9901E-05 9.9901E-05 9.9901E-05 9.9901E-05
9.98561E-05 9.98561E-05 9.98561E-05 9.98561E-05 9.98561E-05 0.998402 9.98561E-05 9.98561E-05 9.98561E-05 9.98561E-05 9.98561E-05 9.98561E-05 9.98561E-05 9.98561E-05 9.98561E-05 9.98561E-05 9.98561E-05
9.98652E-05 9.98652E-05 9.98652E-05 9.98652E-05 9.98652E-05 9.98652E-05 9.98652E-05 9.98652E-05 9.98652E-05 9.98652E-05 0.989684 9.98652E-05 9.98652E-05 9.98652E-05 9.98652E-05 0.0088181 9.98652E-05
9.98653E-05 9.98653E-05 9.98653E-05 9.98653E-05 9.98653E-05 9.98653E-05 9.98653E-05 9.98653E-05 9.98653E-05 9.98653E-05 0.986635 9.98653E-05 9.98653E-05 9.98653E-05 0.0118668 9.98653E-05 9.98653E-05
9.98919E-05 9.98919E-05 0.812319 9.98919E-05 9.98919E-05 0.050391 9.98919E-05 9.98919E-05 0.0568065 9.98919E-05 9.98919E-05 9.98919E-05 9.98919E-05 9.98919E-05 0.0308363 9.98919E-05 0.0484486
0.00932366 9.9901E-05 0.723066 9.9901E-05 9.9901E-05 0.104306 9.9901E-05 9.9901E-05 0.00591856 9.9901E-05 9.9901E-05 9.9901E-05 9.9901E-05 9.9901E-05 0.072847 9.9901E-05 0.0834401
9.98922E-05 9.98922E-05 9.98922E-05 9.98922E-05 0.00876832 0.00558621 0.00217528 9.98922E-05 0.00914027 9.98922E-05 0.973131 9.98922E-05 9.98922E-05 9.98922E-05 9.98922E-05 9.98922E-05 9.98922E-05
9.98563E-05 9.98563E-05 9.98563E-05 9.98563E-05 9.98563E-05 9.98563E-05 9.98563E-05 9.98563E-05 9.98563E-05 9.98563E-05 0.998402 9.98563E-05 9.98563E-05 9.98563E-05 9.98563E-05 9.98563E-05 9.98563E-05
9.98829E-05 0.0109117 9.98829E-05 9.98829E-05 9.98829E-05 0.0148088 9.98829E-05 9.98829E-05 9.98829E-05 9.98829E-05 9.98829E-05 9.98829E-05 9.98829E-05 9.98829E-05 9.98829E-05 0.944096 0.028885
9.9892E-05 9.9892E-05 9.9892E-05 9.9892E-05 0.10418 0.0329772 9.9892E-05 9.9892E-05 9.9892E-05 0.00502748 9.9892E-05 9.9892E-05 9.9892E-05 9.9892E-05 0.713154 9.9892E-05 0.143462
9.9883E-05 0.0329939 9.9883E-05 9.9883E-05 0.0417819 9.9883E-05 9.9883E-05 9.9883E-05 0.914619 9.9883E-05 9.9883E-05 9.9883E-05 0.00930636 9.9883E-05 9.9883E-05 9.9883E-05 9.9883E-05
9.9856E-05 9.9856E-05 9.9856E-05 9.9856E-05 9.9856E-05 9.9856E-05 9.9856E-05 9.9856E-05 9.9856E-05 9.9856E-05 9.9856E-05 9.9856E-05 0.998402 9.9856E-05 9.9856E-05 9.9856E-05 9.9856E-05
9.98831E-05 9.98831E-05 9.98831E-05 9.98831E-05 9.98831E-05 0.00402461 9.98831E-05 9.98831E-05 9.98831E-05 9.98831E-05 9.98831E-05 0.088547 0.825346 9.98831E-05 9.98831E-05 0.0807838 9.98831E-05
0.309494 0.0999546 9.99192E-05 9.99192E-05 9.99192E-05 9.99192E-05 0.341177 0.143207 0.0294045 9.99192E-05 0.0113007 0.0161873 9.99192E-05 0.0483758 9.99192E-05 9.99192E-05 9.99192E-05
