9.98829E-05 0.0592333 9.98829E-05 9.98829E-05 0.000346062 0.92569 9.98829E-05 9.98829E-05 9.98829E-05 9.98829E-05 9.98829E-05 9.98829E-05 9.98829E-05 9.98829E-05 0.0134318 9.98829E-05 9.98829E-05
0.147742 9.98828E-05 9.98828E-05 9.98828E-05 9.98828E-05 9.98828E-05 9.98828E-05 9.98828E-05 0.597044 0.200825 9.98828E-05 9.98828E-05 9.98828E-05 9.98828E-05 0.0530909 9.98828E-05 9.98828E-05
0.508866 9.99197E-05 0.0339127 0.0227461 0.0450205 9.99197E-05 0.23166 9.99197E-05 0.023839 9.99197E-05 9.99197E-05 0.0884874 9.99197E-05 9.99197E-05 9.99197E-05 0.0445686 9.99197E-05
0.901516 9.9892E-05 0.0195066 9.9892E-05 0.0153772 9.9892E-05 9.9892E-05 9.9892E-05 9.9892E-05 9.9892E-05 9.9892E-05 0.0458329 0.016569 9.9892E-05 9.9892E-05 9.9892E-05 9.9892E-05
0.306698 0.0542708 0.0917784 9.994E-05 9.994E-05 0.029491 0.0245055 9.994E-05 0.0339533 0.116593 0.0276851 0.00765028 0.100649 9.994E-05 9.994E-05 0.206126 9.994E-05
0.981725 9.9874E-05 9.9874E-05 9.9874E-05 9.9874E-05 9.9874E-05 9.9874E-05 9.9874E-05 9.9874E-05 9.9874E-05 0.0118587 9.9874E-05 9.9874E-05 9.9874E-05 9.9874E-05 9.9874E-05 0.005018
9.98561E-05 9.98561E-05 9.98561E-05 9.98561E-05 9.98561E-05 9.98561E-05 9.98561E-05 9.98561E-05 9.98561E-05 9.98561E-05 9.98561E-05 9.98561E-05 9.98561E-05 9.98561E-05 9.98561E-05 0.998402 9.98561E-05
0.0246292 0.0821804 0.343595 9.99009E-05 9.99009E-05 9.99009E-05 0.376809 9.99009E-05 0.0786217 9.99009E-05 9.99009E-05 9.99009E-05 0.0930652 9.99009E-05 9.99009E-05 9.99009E-05 9.99009E-05
9.9883E-05 9.9883E-05 9.9883E-05 9.9883E-05 9.9883E-05 9.9883E-05 9.9883E-05 9.9883E-05 0.0644477 9.9883E-05 9.9883E-05 9.9883E-05 9.9883E-05 0.00329508 0.0008469 0.930112 9.9883E-05
9.98651E-05 0.877037 9.98651E-05 9.98651E-05 9.98651E-05 9.98651E-05 9.98651E-05 9.98651E-05 9.98651E-05 9.98651E-05 9.98651E-05 9.98651E-05 9.98651E-05 9.98651E-05 9.98651E-05 0.121465 9.98651E-05
9.98651E-05 0.879042 9.98651E-05 9.98651E-05 9.98651E-05 9.98651E-05 9.98651E-05 9.98651E-05 9.98651E-05 9.98651E-05 9.98651E-05 9.98651E-05 9.98651E-05 9.98651E-05 9.98651E-05 0.11946 9.98651E-05
9.991E-05 9.991E-05 9.991E-05 0.106064 0.113788 0.67676 9.991E-05 0.00234541 9.991E-05 9.991E-05 9.991E-05 0.0209021 9.991E-05 9.991E-05 0.0171155 0.0620253 9.991E-05
9.98743E-05 9.98743E-05 0.0109601 0.966759 9.98743E-05 9.98743E-05 9.98743E-05 9.98743E-05 9.98743E-05 9.98743E-05 9.98743E-05 0.0208825 9.98743E-05 9.98743E-05 9.98743E-05 9.98743E-05 9.98743E-05
0.932562 9.9892E-05 9.9892E-05 9.9892E-05 0.0114359 9.9892E-05 9.9892E-05 0.0330284 9.9892E-05 0.0165867 0.00518837 9.9892E-05 9.9892E-05 9.9892E-05 9.9892E-05 9.9892E-05 9.9892E-05
0.975567 9.98741E-05 9.98741E-05 9.98741E-05 9.98741E-05 9.98741E-05 9.98741E-05 0.0134077 9.98741E-05 0.00962676 9.98741E-05 9.98741E-05 9.98741E-05 9.98741E-05 9.98741E-05 9.98741E-05 9.98741E-05
9.9892E-05 0.0307594 9.9892E-05 0.118958 9.9892E-05 9.9892E-05 9.9892E-05 9.9892E-05 0.00125454 9.9892E-05 0.121219 9.9892E-05 9.9892E-05 0.726611 9.9892E-05 9.9892E-05 9.9892E-05
9.98649E-05 0.0495439 9.98649E-05 9.98649E-05 9.98649E-05 9.98649E-05 9.98649E-05 9.98649E-05 9.98649E-05 9.98649E-05 9.98649E-05 9.98649E-05 9.98649E-05 9.98649E-05 0.948958 9.98649E-05 9.98649E-05
9.98918E-05 0.0328793 9.98918E-05 9.98918E-05 9.98918E-05 9.98918E-05 9.98918E-05 0.81794 0.000336444 0.125942 9.98918E-05 9.98918E-05 0.0217029 9.98918E-05 9.98918E-05 9.98918E-05 9.98918E-05
9.9865E-05 9.9865E-05 9.9865E-05 9.9865E-05 0.0132979 9.9865E-05 9.9865E-05 9.9865E-05 9.9865E-05 9.9865E-05 9.9865E-05 9.9865E-05 9.9865E-05 9.9865E-05 9.9865E-05 9.9865E-05 0.985204
9.99008E-05 0.448372 9.99008E-05 9.99008E-05 0.00649559 0.0819745 9.99008E-05 9.99008E-05 9.99008E-05 9.99008E-05 0.135915 9.99008E-05 9.99008E-05 0.292096 0.0340482 9.99008E-05 9.99008E-05
9.9856E-05 9.9856E-05 9.9856E-05 9.9856E-05 9.9856E-05 9.9856E-05 9.9856E-05 0.998402 9.9856E-05 9.9856E-05 9.9856E-05 9.9856E-05 9.9856E-05 9.9856E-05 9.9856E-05 9.9856E-05 9.9856E-05
9.991E-05 0.0469882 9.991E-05 0.051835 9.991E-05 0.421938 9.991E-05 9.991E-05 9.991E-05 0.26988 0.00220332 9.991E-05 9.991E-05 0.201667 0.00448978 9.991E-05 9.991E-05
9.98832E-05 0.129763 9.98832E-05 9.98832E-05 0.154524 9.98832E-05 9.98832E-05 0.387181 9.98832E-05 9.98832E-05 9.98832E-05 9.98832E-05 9.98832E-05 9.98832E-05 0.327233 9.98832E-05 9.98832E-05
9.98829E-05 9.98829E-05 9.98829E-05 9.98829E-05 9.98829E-05 9.98829E-05 9.98829E-05 0.317997 9.98829E-05 9.98829E-05 0.0536793 9.98829E-05 9.98829E-05 9.98829E-05 0.0348432 9.98829E-05 0.592182
0.347951 9.98653E-05 9.98653E-05 9.98653E-05 9.98653E-05 9.98653E-05 9.98653E-05 9.98653E-05 9.98653E-05 9.98653E-05 9.98653E-05 0.650551 9.98653E-05 9.98653E-05 9.98653E-05 9.98653E-05 9.98653E-05
0.778249 9.98653E-05 9.98653E-05 9.98653E-05 9.98653E-05 9.98653E-05 9.98653E-05 9.98653E-05 9.98653E-05 9.98653E-05 9.98653E-05 0.220253 9.98653E-05 9.98653E-05 9.98653E-05 9.98653E-05 9.98653E-05
9.98918E-05 0.0777721 9.98918E-05 0.772233 0.0349364 0.0499901 9.98918E-05 9.98918E-05 9.98918E-05 9.98918E-05 9.98918E-05 9.98918E-05 9.98918E-05 9.98918E-05 0.0638699 9.98918E-05 9.98918E-05
9.98562E-05 9.98562E-05 9.98562E-05 9.98562E-05 9.98562E-05 9.98562E-05 9.98562E-05 9.98562E-05 9.98562E-05 9.98562E-05 9.98562E-05 0.998402 9.98562E-05 9.98562E-05 9.98562E-05 9.98562E-05 9.98562E-05
9.98741E-05 9.98741E-05 9.98741E-05 9.98741E-05 9.98741E-05 9.98741E-05 9.98741E-05 9.98741E-05 9.98741E-05 0.00145776 9.98741E-05 0.974904 0.0222397 9.98741E-05 9.98741E-05 9.98741E-05 9.98741E-05
0.270129 9.99191E-05 0.516008 0.00882413 9.99191E-05 0.0128261 9.99191E-05 9.99191E-05 9.99191E-05 9.99191E-05 0.0060356 0.0769188 0.101529 9.99191E-05 9.99191E-05 9.99191E-05 0.00683013
0.0736471 9.98649E-05 0.924855 9.98649E-05 9.98649E-05 9.98649E-05 9.98649E-05 9.98649E-05 9.98649E-05 9.98649E-05 9.98649E-05 9.98649E-05 9.98649E-05 9.98649E-05 9.98649E-05 9.98649E-05 9.98649E-05
9.98564E-05 9.98564E-05 9.98564E-05 9.98564E-05 9.98564E-05 9.98564E-05 9.98564E-05 9.98564E-05 0.998402 9.98564E-05 9.98564E-05 9.98564E-05 9.98564E-05 9.98564E-05 9.98564E-05 9.98564E-05 9.98564E-05
0.588794 9.98922E-05 0.0252192 9.98922E-05 9.98922E-05 9.98922E-05 0.0995618 9.98922E-05 9.98922E-05 0.00393326 9.98922E-05 0.281293 9.98922E-05 9.98922E-05 9.98922E-05 9.98922E-05 9.98922E-05
9.98922E-05 9.98922E-05 0.0585604 9.98922E-05 9.98922E-05 9.98922E-05 0.181976 9.98922E-05 0.0345624 9.98922E-05 9.98922E-05 0.0195744 0.704128 9.98922E-05 9.98922E-05 9.98922E-05 9.98922E-05
9.99097E-05 9.99097E-05 0.0484446 0.498523 0.105043 0.0144772 9.99097E-05 9.99097E-05 9.99097E-05 0.0425303 0.0498922 9.99097E-05 9.99097E-05 9.99097E-05 0.240091 9.99097E-05 9.99097E-05
0.337726 9.99009E-05 0.00135609 9.99009E-05 9.99009E-05 9.99009E-05 0.0187541 9.99009E-05 9.99009E-05 0.0118202 0.0116847 0.61756 9.99009E-05 9.99009E-05 9.99009E-05 9.99009E-05 9.99009E-05
9.98741E-05 9.98741E-05 9.98741E-05 9.98741E-05 9.98741E-05 0.940885 0.0391666 9.98741E-05 9.98741E-05 9.98741E-05 0.0185498 9.98741E-05 9.98741E-05 9.98741E-05 9.98741E-05 9.98741E-05 9.98741E-05
9.99099E-05 0.610106 9.99099E-05 9.99099E-05 9.99099E-05 0.0353422 0.0643235 0.0038593 0.160699 0.0942804 9.99099E-05 9.99099E-05 9.99099E-05 9.99099E-05 0.0303904 9.99099E-05 9.99099E-05
0.018375 9.9865E-05 9.9865E-05 9.9865E-05 9.9865E-05 9.9865E-05 9.9865E-05 9.9865E-05 9.9865E-05 9.9865E-05 9.9865E-05 9.9865E-05 9.9865E-05 9.9865E-05 0.980127 9.9865E-05 9.9865E-05
0.0100179 9.9874E-05 9.9874E-05 9.9874E-05 9.9874E-05 9.9874E-05 9.9874E-05 9.9874E-05 9.9874E-05 0.982663 9.9874E-05 9.9874E-05 9.9874E-05 9.9874E-05 0.00592059 9.9874E-05 9.9874E-05
9.98561E-05 9.98561E-05 9.98561E-05 9.98561E-05 9.98561E-05 9.98561E-05 9.98561E-05 9.98561E-05 9.98561E-05 0.998402 9.98561E-05 9.98561E-05 9.98561E-05 9.98561E-05 9.98561E-05 9.98561E-05 9.98561E-05
9.991E-05 0.873174 9.991E-05 9.991E-05 9.991E-05 0.0129462 9.991E-05 9.991E-05 9.991E-05 0.0664287 0.00464388 9.991E-05 9.991E-05 0.0101538 0.020841 9.991E-05 0.0108135
9.99099E-05 0.0200452 9.99099E-05 0.0312355 9.99099E-05 0.0205512 9.99099E-05 9.99099E-05 9.99099E-05 0.0225634 9.99099E-05 9.99099E-05 9.99099E-05 0.802749 9.99099E-05 0.087616 0.014241
9.9883E-05 0.912057 9.9883E-05 9.9883E-05 9.9883E-05 0.0154928 9.9883E-05 9.9883E-05 9.9883E-05 9.9883E-05 0.0596049 9.9883E-05 9.9883E-05 9.9883E-05 0.0115463 9.9883E-05 9.9883E-05
9.99189E-05 0.290937 9.99189E-05 0.111418 0.0594926 9.99189E-05 9.99189E-05 0.0872579 0.0376811 0.132227 0.224971 9.99189E-05 9.99189E-05 0.0551164 9.99189E-05 9.99189E-05 9.99189E-05
0.0224802 0.331593 9.9937E-05 9.9937E-05 9.9937E-05 0.0956563 0.0419943 0.00288111 0.0102348 0.207361 0.216137 9.9937E-05 0.00266091 0.0683018 9.9937E-05 9.9937E-05 9.9937E-05
0.0145819 0.176468 0.128298 0.0471511 9.99369E-05 0.193896 9.99369E-05 9.99369E-05 9.99369E-05 0.00519024 0.344703 9.99369E-05 0.0107052 9.99369E-05 0.0671169 0.0111897 9.99369E-05
9.9866E-05 9.9866E-05 9.9866E-05 9.9866E-05 9.9866E-05 0.974441 9.9866E-05 9.9866E-05 9.9866E-05 9.9866E-05 9.9866E-05 9.9866E-05 9.9866E-05 9.9866E-05 9.9866E-05 9.9866E-05 0.0240609
9.98562E-05 9.98562E-05 9.98562E-05 9.98562E-05 9.98562E-05 9.98562E-05 9.98562E-05 9.98562E-05 9.98562E-05 9.98562E-05 9.98562E-05 9.98562E-05 0.998402 9.98562E-05 9.98562E-05 9.98562E-05 9.98562E-05
9.98562E-05 9.98562E-05 9.98562E-05 9.98562E-05 9.98562E-05 9.98562E-05 9.98562E-05 9.98562E-05 9.98562E-05 9.98562E-05 9.98562E-05 9.98562E-05 0.998402 9.98562E-05 9.98562E-05 9.98562E-05 9.98562E-05
9.98921E-05 9.98921E-05 9.98921E-05 9.98921E-05 9.98921E-05 9.98921E-05 9.98921E-05 9.98921E-05 9.98921E-05 0.00805858 0.0021319 9.98921E-05 0.967333 0.020508 9.98921E-05 0.000769995 9.98921E-05
9.98564E-05 9.98564E-05 9.98564E-05 9.98564E-05 9.98564E-05 9.98564E-05 9.98564E-05 9.98564E-05 9.98564E-05 9.98564E-05 9.98564E-05 9.98564E-05 0.998402 9.98564E-05 9.98564E-05 9.98564E-05 9.98564E-05
9.98562E-05 9.98562E-05 9.98562E-05 9.98562E-05 9.98562E-05 9.98562E-05 9.98562E-05 9.98562E-05 9.98562E-05 9.98562E-05 9.98562E-05 9.98562E-05 0.998402 9.98562E-05 9.98562E-05 9.98562E-05 9.98562E-05
9.99282E-05 0.00167093 0.364211 9.99282E-05 9.99282E-05 9.99282E-05 0.101179 0.00335054 0.0313852 9.99282E-05 9.99282E-05 9.99282E-05 0.339697 0.0809127 9.99282E-05 0.0489719 0.0278228
9.9892E-05 9.9892E-05 9.9892E-05 9.9892E-05 0.000876899 9.9892E-05 9.9892E-05 9.9892E-05 0.0885243 0.00526979 9.9892E-05 9.9892E-05 0.876903 0.0272275 9.9892E-05 9.9892E-05 9.9892E-05
9.98738E-05 9.98738E-05 9.98738E-05 9.98738E-05 9.98738E-05 0.785366 9.98738E-05 9.98738E-05 9.98738E-05 9.98738E-05 0.0237787 9.98738E-05 9.98738E-05 0.189457 9.98738E-05 9.98738E-05 9.98738E-05
9.98829E-05 9.98829E-05 9.98829E-05 9.98829E-05 9.98829E-05 9.98829E-05 9.98829E-05 9.98829E-05 0.90177 9.98829E-05 9.98829E-05 0.0258478 0.0300586 9.98829E-05 9.98829E-05 0.0410246 9.98829E-05
0.469743 9.98739E-05 9.98739E-05 9.98739E-05 9.98739E-05 9.98739E-05 9.98739E-05 9.98739E-05 9.98739E-05 0.0490474 9.98739E-05 0.479811 9.98739E-05 9.98739E-05 9.98739E-05 9.98739E-05 9.98739E-05
9.98741E-05 9.98741E-05 9.98741E-05 0.817484 0.00278634 9.98741E-05 9.98741E-05 9.98741E-05 9.98741E-05 0.178331 9.98741E-05 9.98741E-05 9.98741E-05 9.98741E-05 9.98741E-05 9.98741E-05 9.98741E-05
9.98833E-05 9.98833E-05 9.98833E-05 0.0214991 9.98833E-05 0.00322078 9.98833E-05 9.98833E-05 9.98833E-05 9.98833E-05 0.127204 9.98833E-05 9.98833E-05 0.846777 9.98833E-05 9.98833E-05 9.98833E-05
9.98655E-05 9.98655E-05 9.98655E-05 0.988416 9.98655E-05 9.98655E-05 9.98655E-05 9.98655E-05 9.98655E-05 9.98655E-05 9.98655E-05 9.98655E-05 9.98655E-05 9.98655E-05 9.98655E-05 0.0100862 9.98655E-05
9.98829E-05 0.0947663 9.98829E-05 0.88332 9.98829E-05 0.0010321 9.98829E-05 9.98829E-05 9.98829E-05 0.0195835 9.98829E-05 9.98829E-05 9.98829E-05 9.98829E-05 9.98829E-05 9.98829E-05 9.98829E-05
9.99009E-05 0.101153 9.99009E-05 0.798582 0.0604829 9.99009E-05 9.99009E-05 9.99009E-05 9.99009E-05 0.000631804 0.0338569 9.99009E-05 9.99009E-05 9.99009E-05 9.99009E-05 9.99009E-05 0.00419401
9.98741E-05 9.98741E-05 9.98741E-05 9.98741E-05 9.98741E-05 9.98741E-05 0.023945 9.98741E-05 9.98741E-05 0.026388 9.98741E-05 9.98741E-05 9.98741E-05 9.98741E-05 9.98741E-05 9.98741E-05 0.948269
0.265891 9.98657E-05 9.98657E-05 9.98657E-05 9.98657E-05 9.98657E-05 9.98657E-05 9.98657E-05 9.98657E-05 9.98657E-05 9.98657E-05 0.732611 9.98657E-05 9.98657E-05 9.98657E-05 9.98657E-05 9.98657E-05
0.138009 9.9946E-05 9.9946E-05 0.0756884 0.119313 0.126652 9.9946E-05 0.00170883 0.0997034 0.0784652 0.0356841 0.122193 0.0895752 0.112407 9.9946E-05 9.9946E-05 9.9946E-05
0.839908 9.98833E-05 9.98833E-05 9.98833E-05 9.98833E-05 9.98833E-05 0.107622 9.98833E-05 9.98833E-05 9.98833E-05 9.98833E-05 0.0417405 9.98833E-05 0.00943111 9.98833E-05 9.98833E-05 9.98833E-05
0.706731 9.99009E-05 0.0855958 9.99009E-05 9.99009E-05 9.99009E-05 9.99009E-05 9.99009E-05 9.99009E-05 0.00754946 9.99009E-05 0.152814 0.0251769 9.99009E-05 0.0210341 9.99009E-05 9.99009E-05
9.98741E-05 9.98741E-05 9.98741E-05 9.98741E-05 9.98741E-05 9.98741E-05 0.0189089 9.98741E-05 9.98741E-05 9.98741E-05 9.98741E-05 0.9769 9.98741E-05 0.00279243 9.98741E-05 9.98741E-05 9.98741E-05
9.98653E-05 9.98653E-05 9.98653E-05 9.98653E-05 9.98653E-05 9.98653E-05 9.98653E-05 0.0106559 9.98653E-05 9.98653E-05 9.98653E-05 0.987846 9.98653E-05 9.98653E-05 9.98653E-05 9.98653E-05 9.98653E-05
0.589434 9.98921E-05 0.248181 9.98921E-05 9.98921E-05 9.98921E-05 9.98921E-05 9.98921E-05 9.98921E-05 0.037406 9.98921E-05 0.118204 9.98921E-05 9.98921E-05 9.98921E-05 0.0055763 9.98921E-05
0.43363 9.9892E-05 9.9892E-05 9.9892E-05 9.9892E-05 9.9892E-05 9.9892E-05 9.9892E-05 9.9892E-05 0.0065564 0.00993727 0.546465 0.00221347 9.9892E-05 9.9892E-05 9.9892E-05 9.9892E-05
9.9874E-05 9.9874E-05 9.9874E-05 9.9874E-05 9.9874E-05 9.9874E-05 0.946178 9.9874E-05 9.9874E-05 9.9874E-05 9.9874E-05 9.9874E-05 0.0523157 9.9874E-05 0.000107863 9.9874E-05 9.9874E-05
9.9865E-05 9.9865E-05 9.9865E-05 0.0247371 9.9865E-05 9.9865E-05 0.973765 9.9865E-05 9.9865E-05 9.9865E-05 9.9865E-05 9.9865E-05 9.9865E-05 9.9865E-05 9.9865E-05 9.9865E-05 9.9865E-05
0.873888 9.98832E-05 9.98832E-05 9.98832E-05 9.98832E-05 9.98832E-05 9.98832E-05 9.98832E-05 9.98832E-05 9.98832E-05 9.98832E-05 0.0912668 0.017951 0.0155953 9.98832E-05 9.98832E-05 9.98832E-05
0.00702825 9.9892E-05 9.9892E-05 9.9892E-05 9.9892E-05 9.9892E-05 0.000378135 9.9892E-05 9.9892E-05 9.9892E-05 9.9892E-05 9.9892E-05 0.00290745 0.981743 0.00674487 9.9892E-05 9.9892E-05
9.98651E-05 9.98651E-05 9.98651E-05 9.98651E-05 9.98651E-05 9.98651E-05 9.98651E-05 9.98651E-05 9.98651E-05 9.98651E-05 9.98651E-05 9.98651E-05 0.00500538 0.993497 9.98651E-05 9.98651E-05 9.98651E-05
9.98742E-05 9.98742E-05 9.98742E-05 9.98742E-05 0.982072 0.00181324 9.98742E-05 9.98742E-05 9.98742E-05 9.98742E-05 0.0147163 9.98742E-05 9.98742E-05 9.98742E-05 9.98742E-05 9.98742E-05 9.98742E-05
9.98653E-05 9.98653E-05 9.98653E-05 9.98653E-05 0.99281 9.98653E-05 9.98653E-05 9.98653E-05 9.98653E-05 0.00569183 9.98653E-05 9.98653E-05 9.98653E-05 9.98653E-05 9.98653E-05 9.98653E-05 9.98653E-05
9.99009E-05 0.764763 9.99009E-05 9.99009E-05 9.99009E-05 9.99009E-05 0.00719378 0.00721388 0.0445629 0.0940593 9.99009E-05 9.99009E-05 9.99009E-05 0.0811082 9.99009E-05 9.99009E-05 9.99009E-05
9.991E-05 0.7395 9.991E-05 0.0380961 9.991E-05 9.991E-05 9.991E-05 0.0100422 0.0234733 0.0669837 9.991E-05 0.0133149 9.991E-05 0.107591 9.991E-05 9.991E-05 9.991E-05
9.98743E-05 9.98743E-05 9.98743E-05 9.98743E-05 0.979694 9.98743E-05 0.00553032 9.98743E-05 9.98743E-05 9.98743E-05 9.98743E-05 9.98743E-05 9.98743E-05 9.98743E-05 0.0133774 9.98743E-05 9.98743E-05
9.98563E-05 9.98563E-05 9.98563E-05 9.98563E-05 0.998402 9.98563E-05 9.98563E-05 9.98563E-05 9.98563E-05 9.98563E-05 9.98563E-05 9.98563E-05 9.98563E-05 9.98563E-05 9.98563E-05 9.98563E-05 9.98563E-05
9.98739E-05 9.98739E-05 9.98739E-05 0.00729822 9.98739E-05 0.946778 9.98739E-05 9.98739E-05 9.98739E-05 9.98739E-05 9.98739E-05 9.98739E-05 9.98739E-05 0.0445255 9.98739E-05 9.98739E-05 9.98739E-05
9.98919E-05 9.98919E-05 9.98919E-05 0.155572 9.98919E-05 9.98919E-05 9.98919E-05 9.98919E-05 9.98919E-05 0.668209 9.98919E-05 9.98919E-05 9.98919E-05 0.0427426 9.98919E-05 0.120477 0.0118002
9.9874E-05 9.9874E-05 9.9874E-05 9.9874E-05 9.9874E-05 9.9874E-05 9.9874E-05 9.9874E-05 0.898383 9.9874E-05 9.9874E-05 9.9874E-05 0.0447304 9.9874E-05 9.9874E-05 0.0554883 9.9874E-05
9.9865E-05 9.9865E-05 9.9865E-05 9.9865E-05 9.9865E-05 9.9865E-05 9.9865E-05 9.9865E-05 9.9865E-05 9.9865E-05 0.998337 9.9865E-05 9.9865E-05 9.9865E-05 9.9865E-05 9.9865E-05 0.000165379
9.98921E-05 9.98921E-05 9.98921E-05 0.0391769 0.021335 0.0633885 9.98921E-05 9.98921E-05 9.98921E-05 9.98921E-05 0.867928 9.98921E-05 9.98921E-05 0.00697292 9.98921E-05 9.98921E-05 9.98921E-05
9.9856E-05 9.9856E-05 0.998402 9.9856E-05 9.9856E-05 9.9856E-05 9.9856E-05 9.9856E-05 9.9856E-05 9.9856E-05 9.9856E-05 9.9856E-05 9.9856E-05 9.9856E-05 9.9856E-05 9.9856E-05 9.9856E-05
