9.9973E-05 0.048444 9.9973E-05 0.951256 9.9973E-05
0.278594 0.0165549 0.320944 0.383807 9.9991E-05
0.0952942 0.0861401 0.750612 0.00710171 0.0608523
9.9973E-05 0.028412 0.971288 9.9973E-05 9.9973E-05
0.333714 0.00263333 0.431873 0.23168 9.9991E-05
9.9973E-05 0.0139264 0.985774 9.9973E-05 9.9973E-05
0.364092 9.99821E-05 0.0425863 0.593122 9.99821E-05
0.461829 0.0148472 0.435378 0.0878455 9.9991E-05
0.417031 9.99821E-05 0.0183818 0.564388 9.99821E-05
0.173282 0.0959282 9.9982E-05 0.73059 9.9982E-05
0.14133 0.121811 9.9982E-05 0.73666 9.9982E-05
9.9982E-05 0.113196 0.0684055 0.818198 9.9982E-05
9.99821E-05 9.99821E-05 0.0749135 0.910027 0.0148599
9.999E-05 0.0118254 0.93421 0.0159276 0.0379375
9.9973E-05 9.9973E-05 0.975045 9.9973E-05 0.0246549
0.0659669 0.0191074 0.00669908 0.908127 9.9991E-05
9.9982E-05 0.369214 9.9982E-05 0.55364 0.0769455
0.0674375 9.9991E-05 0.00583512 0.19908 0.727547
9.9973E-05 0.0813369 9.9973E-05 9.9973E-05 0.918363
0.0325969 0.159707 9.9982E-05 0.807496 9.9982E-05
9.997E-05 9.997E-05 9.997E-05 9.997E-05 0.9996
0.00339775 0.0692816 0.00240095 0.92482 9.9991E-05
0.0452053 0.385931 0.0171607 0.133411 0.418293
9.9973E-05 0.101062 9.9973E-05 9.9973E-05 0.898638
0.0032493 9.9973E-05 0.996451 9.9973E-05 9.9973E-05
9.997E-05 9.997E-05 0.9996 9.997E-05 9.997E-05
9.9973E-05 0.0928488 9.9973E-05 0.906851 9.9973E-05
0.0616683 9.9973E-05 0.938032 9.9973E-05 9.9973E-05
0.0586207 9.9973E-05 0.941079 9.9973E-05 9.9973E-05
0.279096 0.028382 0.68619 9.9991E-05 0.00623204
0.271038 0.0712466 0.657515 9.9982E-05 9.9982E-05
0.566064 9.99821E-05 0.10252 0.331216 9.99821E-05
9.997E-05 9.997E-05 0.9996 9.997E-05 9.997E-05
0.907675 0.0427111 0.049414 9.9982E-05 9.9982E-05
9.9982E-05 0.272016 0.0567224 0.671062 9.9982E-05
9.9973E-05 9.9973E-05 0.991883 0.00781736 9.9973E-05
9.99821E-05 0.0432971 0.0746663 0.881837 9.99821E-05
0.21386 0.0297233 0.0117018 0.727359 0.0173556
9.9991E-05 0.435898 0.151489 0.349207 0.0633055
9.9982E-05 0.0811119 0.154568 0.76412 9.9982E-05
0.00992499 0.0733387 0.129328 0.786105 0.00130327
0.0198889 0.129126 9.9991E-05 0.840364 0.0105215
0.0856724 9.9973E-05 9.9973E-05 0.914028 9.9973E-05
0.0591094 0.135116 9.9982E-05 0.805575 9.9982E-05
0.0340405 0.194592 9.9991E-05 0.671071 0.100196
0.0543657 0.0998494 0.0743268 0.729703 0.0417555
0.049314 0.158051 0.108309 0.684227 9.9991E-05
9.99733E-05 9.99733E-05 9.99733E-05 0.965897 0.0338036
0.9996 9.997E-05 9.997E-05 9.997E-05 9.997E-05
0.9996 9.997E-05 9.997E-05 9.997E-05 9.997E-05
0.9996 9.997E-05 9.997E-05 9.997E-05 9.997E-05
0.9996 9.997E-05 9.997E-05 9.997E-05 9.997E-05
0.9996 9.997E-05 9.997E-05 9.997E-05 9.997E-05
0.614437 0.0277729 0.236111 0.0762503 0.045429
0.993422 0.00627841 9.9973E-05 9.9973E-05 9.9973E-05
9.997E-05 9.997E-05 9.997E-05 0.9996 9.997E-05
0.574421 9.9982E-05 0.108705 0.316674 9.9982E-05
9.997E-05 9.997E-05 0.9996 9.997E-05 9.997E-05
9.99821E-05 0.0375841 0.00304065 0.959175 9.99821E-05
9.99731E-05 9.99731E-05 0.107311 0.892389 9.99731E-05
9.99732E-05 9.99732E-05 9.99732E-05 0.983543 0.0161571
9.997E-05 9.997E-05 9.997E-05 0.9996 9.997E-05
9.9982E-05 0.0877763 9.9982E-05 0.892191 0.0198323
0.0276996 9.9982E-05 9.9982E-05 0.0214222 0.950678
9.997E-05 9.997E-05 0.9996 9.997E-05 9.997E-05
0.24083 0.0472007 0.197716 0.443295 0.0709585
0.0216846 9.99731E-05 0.978015 9.99731E-05 9.99731E-05
0.0187397 9.9982E-05 0.964212 0.0168488 9.9982E-05
0.0496774 9.9973E-05 0.950023 9.9973E-05 9.9973E-05
0.0530991 9.9982E-05 0.944595 9.9982E-05 0.00210596
0.0187615 0.0275459 0.933371 0.0202214 9.9991E-05
9.9973E-05 0.0029716 0.996728 9.9973E-05 9.9973E-05
0.515126 9.99732E-05 0.484574 9.99732E-05 9.99732E-05
0.364853 9.99911E-05 0.552375 0.05316 0.0295121
0.00177714 9.9982E-05 0.980012 0.018011 9.9982E-05
0.0913681 0.0539504 0.0882769 0.766305 9.9991E-05
0.130414 0.0361185 0.0549106 0.778457 9.9991E-05
9.997E-05 0.9996 9.997E-05 9.997E-05 9.997E-05
9.997E-05 0.9996 9.997E-05 9.997E-05 9.997E-05
0.0881406 0.0675659 9.99819E-05 0.844093 9.99819E-05
0.0822897 0.0448933 9.9991E-05 0.868167 0.00454985
9.997E-05 0.9996 9.997E-05 9.997E-05 9.997E-05
9.997E-05 0.9996 9.997E-05 9.997E-05 9.997E-05
0.0262106 9.9982E-05 9.9982E-05 0.971271 0.00231805
0.0416862 9.9991E-05 0.00180312 0.897587 0.0588235
0.583605 9.9982E-05 0.102821 0.313374 9.9982E-05
9.9991E-05 0.296882 0.0621788 0.500554 0.140285
9.99821E-05 0.304058 9.99821E-05 0.607317 0.0884256
0.321039 0.025401 0.588018 9.9991E-05 0.0654425
