9.999E-05 9.999E-05 0.9998
0.536312 9.9991E-05 0.463588
0.87874 0.065204 0.0560556
0.9998 9.999E-05 9.999E-05
0.684122 9.9991E-05 0.315778
0.9998 9.999E-05 9.999E-05
0.326849 9.99911E-05 0.673051
0.792938 9.9991E-05 0.206962
0.342083 9.9991E-05 0.657817
0.0245451 9.9991E-05 0.975355
9.999E-05 9.999E-05 0.9998
0.0328393 9.9991E-05 0.967061
0.0431256 9.99911E-05 0.956774
0.977042 0.0170853 0.00587222
0.990157 0.00974289 9.9991E-05
0.0489268 9.9991E-05 0.950973
0.0311382 0.156634 0.812228
0.0333623 0.749983 0.216655
9.999E-05 0.9998 9.999E-05
9.999E-05 9.999E-05 0.9998
9.999E-05 0.9998 9.999E-05
9.999E-05 9.999E-05 0.9998
0.0934685 0.509624 0.396907
9.9991E-05 0.982055 0.0178449
0.9998 9.999E-05 9.999E-05
0.9998 9.999E-05 9.999E-05
9.999E-05 9.999E-05 0.9998
0.9998 9.999E-05 9.999E-05
0.9998 9.999E-05 9.999E-05
0.945316 0.0458486 0.00883518
0.938982 0.0453827 0.015635
0.578239 9.9991E-05 0.421661
0.9998 9.999E-05 9.999E-05
0.82753 9.9991E-05 0.17237
0.0698749 9.9991E-05 0.930025
0.9998 9.999E-05 9.999E-05
0.0744574 9.9991E-05 0.925443
0.163635 0.0268161 0.809548
0.155241 0.14364 0.70112
0.126164 9.9991E-05 0.873736
0.080423 9.9991E-05 0.919477
9.9991E-05 0.0149076 0.984992
0.00722347 9.9991E-05 0.992677
0.0213799 0.00250156 0.976119
0.0148937 0.170758 0.814349
0.1075 0.0440201 0.84848
0.145152 9.9991E-05 0.854748
9.99911E-05 0.0359697 0.96393
0.825574 0.0321318 0.142294
0.845301 0.0239228 0.130776
0.829048 0.0320041 0.138948
0.831143 0.0374909 0.131366
0.857542 0.0371774 0.10528
0.744554 0.0407767 0.214669
0.803175 9.9991E-05 0.196725
9.999E-05 9.999E-05 0.9998
0.562233 9.9991E-05 0.437667
0.9998 9.999E-05 9.999E-05
9.999E-05 9.999E-05 0.9998
0.0509243 9.9991E-05 0.948976
9.999E-05 9.999E-05 0.9998
9.999E-05 9.999E-05 0.9998
9.9991E-05 0.021119 0.978781
0.034531 0.92984 0.0356288
0.9998 9.999E-05 9.999E-05
0.367237 0.0701606 0.562603
0.9998 9.999E-05 9.999E-05
0.9998 9.999E-05 9.999E-05
0.9998 9.999E-05 9.999E-05
0.9998 9.999E-05 9.999E-05
0.973283 9.9991E-05 0.0266173
0.9998 9.999E-05 9.999E-05
0.909586 9.99911E-05 0.0903143
0.892978 0.0219304 0.0850912
0.9998 9.999E-05 9.999E-05
0.159822 9.9991E-05 0.840078
0.154821 9.9991E-05 0.845079
0.119042 0.184871 0.696088
0.11834 0.202591 0.679069
0.0334274 9.9991E-05 0.966473
0.0597 9.9991E-05 0.9402
0.121778 0.20171 0.676513
0.128633 0.193895 0.677471
9.999E-05 9.999E-05 0.9998
0.0223758 0.0278814 0.949743
0.566161 9.9991E-05 0.433739
0.086756 0.191667 0.721577
9.99911E-05 0.142461 0.857439
0.926989 0.0729111 9.9991E-05
