9.99188E-05 0.922908 9.99188E-05 9.99188E-05 9.99188E-05 0.0730035 9.99188E-05 9.99188E-05 9.99188E-05 0.00318882 9.99188E-05 9.99188E-05
9.99459E-05 0.031034 9.99459E-05 9.99459E-05 0.0573599 0.0123141 0.726003 0.129795 9.99459E-05 0.0428945 9.99459E-05 9.99459E-05
9.9901E-05 9.9901E-05 0.998901 9.9901E-05 9.9901E-05 9.9901E-05 9.9901E-05 9.9901E-05 9.9901E-05 9.9901E-05 9.9901E-05 9.9901E-05
9.99191E-05 9.99191E-05 9.99191E-05 9.99191E-05 0.0122311 9.99191E-05 9.99191E-05 0.954828 9.99191E-05 0.0320415 9.99191E-05 9.99191E-05
9.9964E-05 0.0609508 0.155535 0.0114565 9.9964E-05 0.162241 0.0714023 0.220617 0.156109 9.9964E-05 9.9964E-05 0.161289
9.99102E-05 0.00786723 9.99102E-05 9.99102E-05 9.99102E-05 9.99102E-05 9.99102E-05 0.991134 9.99102E-05 9.99102E-05 9.99102E-05 9.99102E-05
9.9901E-05 9.9901E-05 9.9901E-05 9.9901E-05 9.9901E-05 9.9901E-05 9.9901E-05 9.9901E-05 0.998901 9.9901E-05 9.9901E-05 9.9901E-05
9.99369E-05 9.99369E-05 0.0322518 0.0306212 9.99369E-05 0.101798 0.0762178 9.99369E-05 9.99369E-05 9.99369E-05 9.99369E-05 0.758411
9.9919E-05 9.9919E-05 9.9919E-05 0.00959427 9.9919E-05 9.9919E-05 0.0424932 9.9919E-05 0.947013 9.9919E-05 9.9919E-05 9.9919E-05
9.991E-05 9.991E-05 9.991E-05 9.991E-05 9.991E-05 0.867818 9.991E-05 9.991E-05 0.131182 9.991E-05 9.991E-05 9.991E-05
9.991E-05 9.991E-05 9.991E-05 9.991E-05 9.991E-05 0.853793 9.991E-05 9.991E-05 0.145208 9.991E-05 9.991E-05 9.991E-05
9.99279E-05 0.686041 9.99279E-05 9.99279E-05 9.99279E-05 9.99279E-05 9.99279E-05 0.0252205 9.99279E-05 0.135911 0.152028 9.99279E-05
9.99101E-05 9.99101E-05 9.99101E-05 9.99101E-05 9.99101E-05 9.99101E-05 9.99101E-05 9.99101E-05 0.0768726 9.99101E-05 0.922128 9.99101E-05
0.00767017 0.0320897 0.00783949 9.99461E-05 9.99461E-05 9.99461E-05 0.000391823 0.938162 9.99461E-05 0.0132472 9.99461E-05 9.99461E-05
0.0112821 0.0257393 9.99281E-05 9.99281E-05 9.99281E-05 0.0247972 9.99281E-05 0.937382 9.99281E-05 9.99281E-05 9.99281E-05 9.99281E-05
9.9928E-05 0.00304166 9.9928E-05 9.9928E-05 0.701817 0.0806517 9.9928E-05 9.9928E-05 9.9928E-05 9.9928E-05 0.21369 9.9928E-05
0.070384 9.99461E-05 9.99461E-05 9.99461E-05 0.0804981 0.336409 9.99461E-05 0.0087994 9.99461E-05 0.2998 0.20351 9.99461E-05
0.70229 0.00832458 9.99459E-05 0.0335721 0.088755 0.0926289 0.0738299 9.99459E-05 9.99459E-05 9.99459E-05 9.99459E-05 9.99459E-05
0.885928 9.9919E-05 9.9919E-05 9.9919E-05 9.9919E-05 9.9919E-05 9.9919E-05 9.9919E-05 9.9919E-05 0.104351 0.00882197 9.9919E-05
9.99369E-05 0.103104 9.99369E-05 9.99369E-05 0.3041 0.526666 9.99369E-05 9.99369E-05 9.99369E-05 0.0611696 0.0042612 9.99369E-05
0.998901 9.99012E-05 9.99012E-05 9.99012E-05 9.99012E-05 9.99012E-05 9.99012E-05 9.99012E-05 9.99012E-05 9.99012E-05 9.99012E-05 9.99012E-05
9.9955E-05 0.46436 0.00332674 9.9955E-05 0.266024 0.128254 0.0333603 9.9955E-05 9.9955E-05 0.0257102 0.0784652 9.9955E-05
0.406903 9.99371E-05 9.99371E-05 0.00354828 9.99371E-05 0.264341 9.99371E-05 9.99371E-05 9.99371E-05 0.297724 9.99371E-05 0.0267843
0.902561 9.99189E-05 9.99189E-05 9.99189E-05 9.99189E-05 0.0418225 9.99189E-05 9.99189E-05 9.99189E-05 0.0547169 9.99189E-05 9.99189E-05
9.99102E-05 9.99102E-05 0.0428019 9.99102E-05 9.99102E-05 9.99102E-05 9.99102E-05 0.956199 9.99102E-05 9.99102E-05 9.99102E-05 9.99102E-05
9.99192E-05 9.99192E-05 0.00432729 0.00615866 9.99192E-05 9.99192E-05 9.99192E-05 0.988615 9.99192E-05 9.99192E-05 9.99192E-05 9.99192E-05
9.99279E-05 0.0536263 9.99279E-05 9.99279E-05 9.99279E-05 0.0400028 9.99279E-05 9.99279E-05 9.99279E-05 0.0456219 0.85995 9.99279E-05
9.9928E-05 9.9928E-05 9.9928E-05 0.0331349 9.9928E-05 9.9928E-05 9.9928E-05 0.923805 0.0236285 9.9928E-05 0.0186317 9.9928E-05
9.99371E-05 9.99371E-05 0.0186259 0.0800299 9.99371E-05 9.99371E-05 0.00158395 0.897128 0.0019325 9.99371E-05 9.99371E-05 9.99371E-05
0.0244037 0.00531455 9.99461E-05 0.123655 9.99461E-05 9.99461E-05 9.99461E-05 0.508703 9.99461E-05 0.0257113 9.99461E-05 0.311613
9.99189E-05 9.99189E-05 9.99189E-05 9.99189E-05 9.99189E-05 9.99189E-05 9.99189E-05 0.259814 9.99189E-05 0.0292534 9.99189E-05 0.710033
9.99013E-05 9.99013E-05 9.99013E-05 9.99013E-05 9.99013E-05 9.99013E-05 0.998901 9.99013E-05 9.99013E-05 9.99013E-05 9.99013E-05 9.99013E-05
9.99192E-05 9.99192E-05 0.00228579 9.99192E-05 9.99192E-05 9.99192E-05 9.99192E-05 0.835442 9.99192E-05 9.99192E-05 9.99192E-05 0.161373
9.99192E-05 0.00625193 9.99192E-05 0.670445 9.99192E-05 9.99192E-05 9.99192E-05 9.99192E-05 9.99192E-05 9.99192E-05 9.99192E-05 0.322404
9.99368E-05 0.0337535 9.99368E-05 9.99368E-05 9.99368E-05 0.0738842 9.99368E-05 9.99368E-05 9.99368E-05 0.164199 0.633094 0.0943695
9.99279E-05 9.99279E-05 9.99279E-05 9.99279E-05 9.99279E-05 9.99279E-05 9.99279E-05 0.945937 0.0214117 9.99279E-05 0.00278738 0.0290646
9.9919E-05 0.953262 0.0321012 9.9919E-05 9.9919E-05 9.9919E-05 9.9919E-05 9.9919E-05 9.9919E-05 9.9919E-05 9.9919E-05 0.0137373
9.9928E-05 0.106383 9.9928E-05 9.9928E-05 9.9928E-05 0.657472 0.214181 0.0211649 9.9928E-05 9.9928E-05 9.9928E-05 9.9928E-05
0.0668104 9.9955E-05 9.9955E-05 9.9955E-05 0.0383451 0.172209 9.9955E-05 0.0836863 9.9955E-05 0.339994 0.226977 0.0714795
0.00278546 0.263186 9.99369E-05 9.99369E-05 0.294765 0.320448 9.99369E-05 0.118116 9.99369E-05 9.99369E-05 9.99369E-05 9.99369E-05
0.0120445 0.302944 9.99549E-05 9.99549E-05 0.266757 0.356435 0.0222685 0.0384338 9.99549E-05 0.000616447 9.99549E-05 9.99549E-05
9.99279E-05 0.0186789 9.99279E-05 9.99279E-05 0.0913343 0.887149 9.99279E-05 9.99279E-05 9.99279E-05 9.99279E-05 0.00203846 9.99279E-05
0.00539713 0.0146882 9.9937E-05 9.9937E-05 0.886232 9.9937E-05 9.9937E-05 9.9937E-05 0.0637387 9.9937E-05 0.0292442 9.9937E-05
9.99369E-05 0.0305398 0.00569684 0.0161594 9.99369E-05 0.902188 9.99369E-05 9.99369E-05 9.99369E-05 9.99369E-05 0.0447162 9.99369E-05
0.0923254 0.0692855 9.9955E-05 9.9955E-05 0.0762786 0.394051 0.0620092 9.9955E-05 9.9955E-05 0.13968 0.16587 9.9955E-05
0.035135 0.167365 9.9973E-05 9.9973E-05 0.174883 0.533605 0.00720892 0.0329172 9.9973E-05 0.00610404 0.0136012 0.0288809
9.99551E-05 0.178546 9.99551E-05 0.00970915 9.99551E-05 0.326853 9.99551E-05 0.107061 0.0135773 0.0710104 0.292744 9.99551E-05
0.0181277 0.980873 9.99106E-05 9.99106E-05 9.99106E-05 9.99106E-05 9.99106E-05 9.99106E-05 9.99106E-05 9.99106E-05 9.99106E-05 9.99106E-05
9.99011E-05 9.99011E-05 9.99011E-05 0.998901 9.99011E-05 9.99011E-05 9.99011E-05 9.99011E-05 9.99011E-05 9.99011E-05 9.99011E-05 9.99011E-05
9.99101E-05 9.99101E-05 9.99101E-05 0.994166 9.99101E-05 9.99101E-05 0.00483476 9.99101E-05 9.99101E-05 9.99101E-05 9.99101E-05 9.99101E-05
9.99191E-05 9.99191E-05 9.99191E-05 0.99731 0.000503468 0.00128681 9.99191E-05 9.99191E-05 9.99191E-05 9.99191E-05 9.99191E-05 9.99191E-05
9.99011E-05 9.99011E-05 9.99011E-05 0.998901 9.99011E-05 9.99011E-05 9.99011E-05 9.99011E-05 9.99011E-05 9.99011E-05 9.99011E-05 9.99011E-05
9.99101E-05 9.99101E-05 9.99101E-05 0.997436 9.99101E-05 9.99101E-05 9.99101E-05 9.99101E-05 0.00156512 9.99101E-05 9.99101E-05 9.99101E-05
0.0475793 9.9973E-05 0.00183752 0.354898 0.0231289 0.0243609 0.0408554 0.0202136 0.0673161 9.9973E-05 9.9973E-05 0.41951
9.99191E-05 9.99191E-05 9.99191E-05 0.94049 0.000997525 9.99191E-05 0.0576131 9.99191E-05 9.99191E-05 9.99191E-05 9.99191E-05 9.99191E-05
9.99279E-05 0.854709 9.99279E-05 9.99279E-05 0.117827 9.99279E-05 9.99279E-05 9.99279E-05 0.000502032 9.99279E-05 0.0261621 9.99279E-05
9.993E-05 9.993E-05 0.031314 0.0154519 9.993E-05 9.993E-05 0.918138 9.993E-05 0.0330543 9.993E-05 0.00134223 9.993E-05
9.9902E-05 9.9902E-05 9.9902E-05 9.9902E-05 9.9902E-05 9.9902E-05 9.9902E-05 0.998901 9.9902E-05 9.9902E-05 9.9902E-05 9.9902E-05
9.9937E-05 9.9937E-05 9.9937E-05 0.0156544 0.120246 9.9937E-05 9.9937E-05 9.9937E-05 0.0310345 0.0211609 0.811205 9.9937E-05
9.99102E-05 9.99102E-05 9.99102E-05 9.99102E-05 0.912017 9.99102E-05 9.99102E-05 9.99102E-05 9.99102E-05 9.99102E-05 0.0869841 9.99102E-05
9.99192E-05 9.99192E-05 0.0101739 9.99192E-05 9.99192E-05 9.99192E-05 9.99192E-05 9.99192E-05 0.0806805 9.99192E-05 0.908246 9.99192E-05
9.99188E-05 9.99188E-05 9.99188E-05 9.99188E-05 9.99188E-05 0.0705814 9.99188E-05 9.99188E-05 0.0156129 9.99188E-05 0.912906 9.99188E-05
9.99188E-05 9.99188E-05 9.99188E-05 9.99188E-05 9.99188E-05 0.0979931 9.99188E-05 9.99188E-05 9.99188E-05 0.0258393 0.875268 9.99188E-05
0.868881 0.13012 9.99102E-05 9.99102E-05 9.99102E-05 9.99102E-05 9.99102E-05 9.99102E-05 9.99102E-05 9.99102E-05 9.99102E-05 9.99102E-05
9.99194E-05 9.99194E-05 0.0345998 9.99194E-05 9.99194E-05 9.99194E-05 9.99194E-05 0.953912 0.0105891 9.99194E-05 9.99194E-05 9.99194E-05
0.0909305 9.99552E-05 9.99552E-05 0.188552 0.0639659 0.147542 9.99552E-05 0.258569 9.99552E-05 0.0618071 0.188134 9.99552E-05
9.99192E-05 9.99192E-05 0.12496 9.99192E-05 0.0542109 9.99192E-05 9.99192E-05 0.81993 9.99192E-05 9.99192E-05 9.99192E-05 9.99192E-05
9.99371E-05 0.0464861 9.99371E-05 0.0021807 9.99371E-05 9.99371E-05 9.99371E-05 0.94249 0.00377659 9.99371E-05 9.99371E-05 0.00436673
9.9937E-05 9.9937E-05 9.9937E-05 0.0343637 0.00657565 9.9937E-05 9.9937E-05 0.892837 0.0350125 9.9937E-05 9.9937E-05 0.030512
0.00409732 9.99371E-05 9.99371E-05 0.0145465 9.99371E-05 9.99371E-05 0.0190643 0.917871 0.0437215 9.99371E-05 9.99371E-05 9.99371E-05
9.99281E-05 0.0105332 9.99281E-05 9.99281E-05 9.99281E-05 0.0742721 9.99281E-05 0.764774 9.99281E-05 9.99281E-05 9.99281E-05 0.149621
9.9928E-05 9.9928E-05 9.9928E-05 0.00151405 9.9928E-05 0.00673123 9.9928E-05 0.980756 9.9928E-05 9.9928E-05 0.0101997 9.9928E-05
9.99011E-05 9.99011E-05 9.99011E-05 9.99011E-05 9.99011E-05 9.99011E-05 9.99011E-05 9.99011E-05 9.99011E-05 9.99011E-05 9.99011E-05 0.998901
9.99191E-05 9.99191E-05 9.99191E-05 9.99191E-05 9.99191E-05 9.99191E-05 9.99191E-05 9.99191E-05 0.0602512 9.99191E-05 0.0271097 0.91174
9.99371E-05 9.99371E-05 0.0321204 0.014247 0.0039717 0.00230444 9.99371E-05 0.946657 9.99371E-05 9.99371E-05 9.99371E-05 9.99371E-05
9.99189E-05 9.99189E-05 9.99189E-05 0.00404741 0.967631 9.99189E-05 9.99189E-05 9.99189E-05 9.99189E-05 9.99189E-05 9.99189E-05 0.0274226
9.991E-05 9.991E-05 9.991E-05 0.0202294 0.978771 9.991E-05 9.991E-05 9.991E-05 9.991E-05 9.991E-05 9.991E-05 9.991E-05
9.99009E-05 9.99009E-05 9.99009E-05 9.99009E-05 9.99009E-05 9.99009E-05 9.99009E-05 9.99009E-05 9.99009E-05 0.998901 9.99009E-05 9.99009E-05
9.9901E-05 9.9901E-05 9.9901E-05 9.9901E-05 9.9901E-05 9.9901E-05 9.9901E-05 9.9901E-05 9.9901E-05 0.998901 9.9901E-05 9.9901E-05
9.99189E-05 9.99189E-05 9.99189E-05 9.99189E-05 0.146652 0.761671 0.090778 9.99189E-05 9.99189E-05 9.99189E-05 9.99189E-05 9.99189E-05
9.99459E-05 0.0210826 9.99459E-05 9.99459E-05 0.164885 0.746769 0.0399314 9.99459E-05 0.0196755 9.99459E-05 0.00705675 9.99459E-05
9.9919E-05 9.9919E-05 9.9919E-05 9.9919E-05 0.00363346 9.9919E-05 0.0286022 9.9919E-05 9.9919E-05 0.966865 9.9919E-05 9.9919E-05
9.9901E-05 9.9901E-05 9.9901E-05 9.9901E-05 9.9901E-05 9.9901E-05 9.9901E-05 9.9901E-05 9.9901E-05 0.998901 9.9901E-05 9.9901E-05
9.99279E-05 0.934182 9.99279E-05 9.99279E-05 0.0105388 9.99279E-05 9.99279E-05 9.99279E-05 0.0197486 9.99279E-05 0.0347312 9.99279E-05
0.070632 0.0267529 9.99549E-05 9.99549E-05 0.461311 0.14489 0.0218932 9.99549E-05 0.123783 9.99549E-05 0.150239 9.99549E-05
9.9919E-05 9.9919E-05 9.9919E-05 0.0354058 9.9919E-05 9.9919E-05 0.907651 9.9919E-05 0.0560435 9.9919E-05 9.9919E-05 9.9919E-05
0.0865696 9.99373E-05 9.99373E-05 9.99373E-05 9.99373E-05 0.360658 9.99373E-05 0.0787867 9.99373E-05 0.130606 0.34268 9.99373E-05
0.0562217 0.172193 9.99283E-05 9.99283E-05 9.99283E-05 9.99283E-05 9.99283E-05 9.99283E-05 9.99283E-05 0.258686 0.512099 9.99283E-05
0.0167529 9.99281E-05 9.99281E-05 9.99281E-05 9.99281E-05 9.99281E-05 9.99281E-05 0.178489 9.99281E-05 0.0222131 9.99281E-05 0.781745
