9.99279E-05 9.99279E-05 0.00418821 9.99279E-05 0.926319 0.000512916 0.0681802 9.99279E-05 9.99279E-05 9.99279E-05 9.99279E-05 9.99279E-05
0.204378 9.99187E-05 9.99187E-05 9.99187E-05 9.99187E-05 9.99187E-05 9.99187E-05 9.99187E-05 0.551385 0.243338 9.99187E-05 9.99187E-05
0.828665 9.99375E-05 9.99375E-05 0.0263166 9.99375E-05 0.00551657 9.99375E-05 9.99375E-05 0.0248245 9.99375E-05 0.113977 9.99375E-05
0.935917 0.020923 0.00474428 9.9937E-05 9.9937E-05 0.0375649 9.9937E-05 9.9937E-05 9.9937E-05 9.9937E-05 9.9937E-05 0.000150895
0.377182 9.99461E-05 0.0377635 9.99461E-05 9.99461E-05 9.99461E-05 0.0658175 0.0631913 0.381945 0.0735006 9.99461E-05 9.99461E-05
0.979333 9.991E-05 9.991E-05 9.991E-05 9.991E-05 9.991E-05 9.991E-05 9.991E-05 9.991E-05 0.0196681 9.991E-05 9.991E-05
9.99101E-05 9.99101E-05 9.99101E-05 9.99101E-05 9.99101E-05 9.99101E-05 9.99101E-05 9.99101E-05 0.713832 9.99101E-05 0.285169 9.99101E-05
0.0420371 0.416803 0.172435 9.9946E-05 9.9946E-05 0.00706735 0.0787883 9.9946E-05 0.28227 9.9946E-05 9.9946E-05 9.9946E-05
9.9919E-05 9.9919E-05 9.9919E-05 9.9919E-05 9.9919E-05 9.9919E-05 9.9919E-05 9.9919E-05 0.767226 9.9919E-05 0.169512 0.0623626
9.99101E-05 9.99101E-05 9.99101E-05 9.99101E-05 9.99101E-05 9.99101E-05 0.976216 9.99101E-05 0.0227845 9.99101E-05 9.99101E-05 9.99101E-05
9.99012E-05 9.99012E-05 9.99012E-05 9.99012E-05 9.99012E-05 9.99012E-05 0.998901 9.99012E-05 9.99012E-05 9.99012E-05 9.99012E-05 9.99012E-05
9.9928E-05 0.040764 9.9928E-05 9.9928E-05 0.708597 0.11945 9.9928E-05 9.9928E-05 9.9928E-05 9.9928E-05 0.13039 9.9928E-05
9.99102E-05 0.0283364 9.99102E-05 9.99102E-05 9.99102E-05 9.99102E-05 9.99102E-05 9.99102E-05 9.99102E-05 9.99102E-05 0.970664 9.99102E-05
0.95542 9.9937E-05 9.9937E-05 0.000685311 9.9937E-05 9.9937E-05 9.9937E-05 0.00500755 0.00425727 0.0339302 9.9937E-05 9.9937E-05
0.981616 9.991E-05 9.991E-05 9.991E-05 9.991E-05 9.991E-05 9.991E-05 9.991E-05 9.991E-05 0.0173849 9.991E-05 9.991E-05
9.9928E-05 9.9928E-05 9.9928E-05 9.9928E-05 9.9928E-05 9.9928E-05 0.0478696 0.0186796 9.9928E-05 9.9928E-05 0.131756 0.800895
9.99098E-05 9.99098E-05 9.99098E-05 9.99098E-05 9.99098E-05 9.99098E-05 0.0711362 0.927865 9.99098E-05 9.99098E-05 9.99098E-05 9.99098E-05
9.99369E-05 9.99369E-05 0.0506365 0.692401 9.99369E-05 9.99369E-05 0.0281202 9.99369E-05 9.99369E-05 0.201993 9.99369E-05 0.0261496
9.9919E-05 9.9919E-05 9.9919E-05 0.890167 9.9919E-05 0.0990871 9.9919E-05 9.9919E-05 9.9919E-05 9.9919E-05 0.00984643 9.9919E-05
9.99369E-05 9.99369E-05 9.99369E-05 9.99369E-05 0.0860168 0.0259099 0.474366 0.0898077 9.99369E-05 9.99369E-05 9.99369E-05 0.3232
9.9901E-05 9.9901E-05 9.9901E-05 0.998901 9.9901E-05 9.9901E-05 9.9901E-05 9.9901E-05 9.9901E-05 9.9901E-05 9.9901E-05 9.9901E-05
9.99459E-05 9.99459E-05 9.99459E-05 9.99459E-05 0.425403 9.99459E-05 0.00327412 0.0106678 9.99459E-05 0.308625 0.0853016 0.166129
9.99371E-05 9.99371E-05 0.0184477 0.362719 9.99371E-05 0.166773 0.163906 0.287454 9.99371E-05 9.99371E-05 9.99371E-05 9.99371E-05
9.99279E-05 9.99279E-05 9.99279E-05 0.913074 9.99279E-05 0.047951 0.00831751 0.0298582 9.99279E-05 9.99279E-05 9.99279E-05 9.99279E-05
0.322475 0.676526 9.991E-05 9.991E-05 9.991E-05 9.991E-05 9.991E-05 9.991E-05 9.991E-05 9.991E-05 9.991E-05 9.991E-05
0.750548 0.24509 0.00346272 9.9919E-05 9.9919E-05 9.9919E-05 9.9919E-05 9.9919E-05 9.9919E-05 9.9919E-05 9.9919E-05 9.9919E-05
9.99459E-05 9.99459E-05 0.000708119 9.99459E-05 0.0728811 0.0648778 0.0884438 9.99459E-05 9.99459E-05 9.99459E-05 0.762675 0.00981449
9.99009E-05 0.998901 9.99009E-05 9.99009E-05 9.99009E-05 9.99009E-05 9.99009E-05 9.99009E-05 9.99009E-05 9.99009E-05 9.99009E-05 9.99009E-05
9.9901E-05 0.998901 9.9901E-05 9.9901E-05 9.9901E-05 9.9901E-05 9.9901E-05 9.9901E-05 9.9901E-05 9.9901E-05 9.9901E-05 9.9901E-05
0.261058 0.474255 0.163718 0.0165321 0.0320619 0.0154851 9.99551E-05 9.99551E-05 0.0363899 9.99551E-05 9.99551E-05 9.99551E-05
0.244871 0.435009 0.161477 9.9937E-05 9.9937E-05 9.9937E-05 9.9937E-05 0.08216 0.0757828 9.9937E-05 9.9937E-05 9.9937E-05
0.00862735 9.99371E-05 0.0742466 9.99371E-05 0.0427916 0.00548196 9.99371E-05 9.99371E-05 0.868153 9.99371E-05 9.99371E-05 9.99371E-05
0.388064 0.575489 9.99371E-05 9.99371E-05 9.99371E-05 9.99371E-05 9.99371E-05 0.00860093 9.99371E-05 0.0251353 9.99371E-05 0.00201066
9.99282E-05 0.151318 0.764786 9.99282E-05 9.99282E-05 9.99282E-05 9.99282E-05 0.0198399 0.0632568 9.99282E-05 9.99282E-05 9.99282E-05
9.99548E-05 0.0770651 0.00177831 9.99548E-05 0.0328711 0.111278 0.0271998 0.267878 9.99548E-05 9.99548E-05 0.48143 9.99548E-05
0.257229 0.709494 9.99189E-05 9.99189E-05 9.99189E-05 9.99189E-05 9.99189E-05 9.99189E-05 9.99189E-05 0.032377 9.99189E-05 9.99189E-05
0.0204196 9.99191E-05 9.99191E-05 9.99191E-05 0.975093 9.99191E-05 9.99191E-05 0.00358839 9.99191E-05 9.99191E-05 9.99191E-05 9.99191E-05
0.0311021 9.9964E-05 0.0106532 0.0054744 0.0629829 9.9964E-05 0.577207 0.0216893 0.188663 0.101828 9.9964E-05 9.9964E-05
0.00461251 9.99099E-05 9.99099E-05 9.99099E-05 9.99099E-05 9.99099E-05 9.99099E-05 0.994388 9.99099E-05 9.99099E-05 9.99099E-05 9.99099E-05
9.99099E-05 9.99099E-05 9.99099E-05 9.99099E-05 9.99099E-05 9.99099E-05 9.99099E-05 0.0165888 9.99099E-05 0.982412 9.99099E-05 9.99099E-05
9.991E-05 9.991E-05 9.991E-05 9.991E-05 0.00587871 9.991E-05 9.991E-05 9.991E-05 9.991E-05 0.993122 9.991E-05 9.991E-05
9.99369E-05 9.99369E-05 9.99369E-05 9.99369E-05 0.0511768 9.99369E-05 0.856243 0.0128395 9.99369E-05 0.0661924 9.99369E-05 0.0128484
9.9946E-05 9.9946E-05 9.9946E-05 0.0147967 0.00621167 9.9946E-05 0.0377027 9.9946E-05 9.9946E-05 0.0293765 0.0348511 0.876462
9.99279E-05 9.99279E-05 9.99279E-05 9.99279E-05 0.0217952 9.99279E-05 0.907328 0.0472357 9.99279E-05 9.99279E-05 9.99279E-05 0.0228414
9.9955E-05 9.9955E-05 9.9955E-05 0.108945 0.0359877 0.116186 0.408637 9.9955E-05 9.9955E-05 0.171667 0.12275 0.035327
0.0545657 9.9964E-05 9.9964E-05 0.0190542 0.127155 0.0123183 0.463101 9.9964E-05 9.9964E-05 0.171753 0.0319232 0.11973
0.112981 0.0117824 0.0114192 9.9955E-05 0.19842 9.9955E-05 0.294988 0.258958 9.9955E-05 9.9955E-05 0.110952 9.9955E-05
9.99106E-05 9.99106E-05 9.99106E-05 0.00358199 0.995419 9.99106E-05 9.99106E-05 9.99106E-05 9.99106E-05 9.99106E-05 9.99106E-05 9.99106E-05
9.99011E-05 9.99011E-05 0.998901 9.99011E-05 9.99011E-05 9.99011E-05 9.99011E-05 9.99011E-05 9.99011E-05 9.99011E-05 9.99011E-05 9.99011E-05
9.9901E-05 9.9901E-05 0.998901 9.9901E-05 9.9901E-05 9.9901E-05 9.9901E-05 9.9901E-05 9.9901E-05 9.9901E-05 9.9901E-05 9.9901E-05
9.99101E-05 9.99101E-05 0.986747 9.99101E-05 9.99101E-05 9.99101E-05 9.99101E-05 9.99101E-05 9.99101E-05 0.0122541 9.99101E-05 9.99101E-05
9.99011E-05 9.99011E-05 0.998901 9.99011E-05 9.99011E-05 9.99011E-05 9.99011E-05 9.99011E-05 9.99011E-05 9.99011E-05 9.99011E-05 9.99011E-05
9.99011E-05 9.99011E-05 0.998901 9.99011E-05 9.99011E-05 9.99011E-05 9.99011E-05 9.99011E-05 9.99011E-05 9.99011E-05 9.99011E-05 9.99011E-05
0.058452 0.204972 0.355841 0.0271226 9.99462E-05 9.99462E-05 9.99462E-05 9.99462E-05 0.316245 9.99462E-05 9.99462E-05 0.0367679
9.9928E-05 9.9928E-05 0.947127 9.9928E-05 0.0177474 9.9928E-05 9.9928E-05 9.9928E-05 9.9928E-05 0.0190416 9.9928E-05 0.0152843
9.99098E-05 9.99098E-05 9.99098E-05 9.99098E-05 0.812129 9.99098E-05 9.99098E-05 9.99098E-05 9.99098E-05 9.99098E-05 9.99098E-05 0.186872
9.99367E-05 0.0519272 0.0903308 9.99367E-05 0.0621137 0.0299928 9.99367E-05 9.99367E-05 0.764936 9.99367E-05 9.99367E-05 9.99367E-05
0.476548 0.499437 9.99188E-05 9.99188E-05 9.99188E-05 9.99188E-05 9.99188E-05 9.99188E-05 9.99188E-05 0.0231155 9.99188E-05 9.99188E-05
9.991E-05 9.991E-05 9.991E-05 9.991E-05 9.991E-05 9.991E-05 9.991E-05 9.991E-05 9.991E-05 0.164026 0.834975 9.991E-05
9.99282E-05 0.00689029 9.99282E-05 9.99282E-05 0.00104856 9.99282E-05 9.99282E-05 9.99282E-05 9.99282E-05 9.99282E-05 0.0764716 0.91479
9.99014E-05 9.99014E-05 9.99014E-05 9.99014E-05 9.99014E-05 9.99014E-05 9.99014E-05 9.99014E-05 9.99014E-05 9.99014E-05 0.998901 9.99014E-05
0.00200276 9.99189E-05 9.99189E-05 9.99189E-05 9.99189E-05 9.99189E-05 0.133882 9.99189E-05 9.99189E-05 9.99189E-05 0.863216 9.99189E-05
9.99368E-05 9.99368E-05 9.99368E-05 9.99368E-05 9.99368E-05 0.0562498 0.0733566 0.0311549 9.99368E-05 0.0079421 0.830597 9.99368E-05
9.99103E-05 9.99103E-05 9.99103E-05 0.879189 0.119812 9.99103E-05 9.99103E-05 9.99103E-05 9.99103E-05 9.99103E-05 9.99103E-05 9.99103E-05
0.396358 0.602642 9.99103E-05 9.99103E-05 9.99103E-05 9.99103E-05 9.99103E-05 9.99103E-05 9.99103E-05 9.99103E-05 9.99103E-05 9.99103E-05
0.258653 0.0185066 0.0219466 0.0608196 0.187774 9.998E-05 0.0404164 0.0143891 0.197918 9.998E-05 0.0975794 0.101797
0.945419 9.99282E-05 9.99282E-05 9.99282E-05 9.99282E-05 9.99282E-05 9.99282E-05 9.99282E-05 0.0106532 9.99282E-05 0.00767134 0.0354569
0.62721 0.296731 0.0188011 9.99369E-05 9.99369E-05 9.99369E-05 9.99369E-05 0.0415175 9.99369E-05 0.015041 9.99369E-05 9.99369E-05
9.99099E-05 0.998835 9.99099E-05 9.99099E-05 9.99099E-05 9.99099E-05 9.99099E-05 9.99099E-05 9.99099E-05 9.99099E-05 9.99099E-05 0.000166125
9.991E-05 0.972856 9.991E-05 9.991E-05 0.0261453 9.991E-05 9.991E-05 9.991E-05 9.991E-05 9.991E-05 9.991E-05 9.991E-05
0.439412 0.441313 9.99461E-05 9.99461E-05 9.99461E-05 0.0152489 0.0186323 9.99461E-05 0.00986232 0.0749315 9.99461E-05 9.99461E-05
0.411656 0.573164 9.99188E-05 9.99188E-05 9.99188E-05 9.99188E-05 9.99188E-05 0.0142813 9.99188E-05 9.99188E-05 9.99188E-05 9.99188E-05
9.99282E-05 0.521165 0.135364 9.99282E-05 9.99282E-05 9.99282E-05 9.99282E-05 0.0321603 0.310511 9.99282E-05 9.99282E-05 9.99282E-05
9.99283E-05 0.567682 0.00295225 9.99283E-05 9.99283E-05 9.99283E-05 9.99283E-05 9.99283E-05 0.365983 9.99283E-05 0.0625827 9.99283E-05
0.950582 9.9928E-05 0.0294168 9.9928E-05 0.000534905 9.9928E-05 9.9928E-05 9.9928E-05 9.9928E-05 9.9928E-05 9.9928E-05 0.0186667
0.00684413 9.9919E-05 0.0257323 9.9919E-05 9.9919E-05 9.9919E-05 9.9919E-05 9.9919E-05 9.9919E-05 9.9919E-05 9.9919E-05 0.966524
9.99099E-05 9.99099E-05 0.0389977 9.99099E-05 9.99099E-05 9.99099E-05 9.99099E-05 9.99099E-05 9.99099E-05 9.99099E-05 9.99099E-05 0.960003
9.99101E-05 9.99101E-05 9.99101E-05 9.99101E-05 9.99101E-05 0.983875 9.99101E-05 9.99101E-05 9.99101E-05 0.0151259 9.99101E-05 9.99101E-05
9.99012E-05 9.99012E-05 9.99012E-05 9.99012E-05 9.99012E-05 0.998901 9.99012E-05 9.99012E-05 9.99012E-05 9.99012E-05 9.99012E-05 9.99012E-05
0.00222164 0.0138882 0.000971127 9.9964E-05 9.9964E-05 9.9964E-05 0.751924 9.9964E-05 0.022343 0.128317 0.0108916 0.0690432
9.99369E-05 0.0071214 9.99369E-05 9.99369E-05 9.99369E-05 9.99369E-05 0.728523 9.99369E-05 9.99369E-05 0.150935 0.0365111 0.0762104
9.99101E-05 9.99101E-05 9.99101E-05 9.99101E-05 9.99101E-05 0.973985 9.99101E-05 9.99101E-05 9.99101E-05 9.99101E-05 9.99101E-05 0.025016
9.99011E-05 9.99011E-05 9.99011E-05 9.99011E-05 9.99011E-05 0.998901 9.99011E-05 9.99011E-05 9.99011E-05 9.99011E-05 9.99011E-05 9.99011E-05
9.9919E-05 9.9919E-05 9.9919E-05 9.9919E-05 0.965133 9.9919E-05 9.9919E-05 9.9919E-05 9.9919E-05 9.9919E-05 0.00651675 0.0274508
9.9928E-05 9.9928E-05 9.9928E-05 0.0107066 9.9928E-05 9.9928E-05 9.9928E-05 9.9928E-05 9.9928E-05 0.754348 0.139499 0.0946474
9.99188E-05 9.99188E-05 0.105109 9.99188E-05 0.0371017 9.99188E-05 9.99188E-05 9.99188E-05 0.85689 9.99188E-05 9.99188E-05 9.99188E-05
0.0492542 9.99462E-05 9.99462E-05 0.0889462 9.99462E-05 0.0853261 0.188551 0.388989 9.99462E-05 9.99462E-05 0.198334 9.99462E-05
9.99372E-05 9.99372E-05 9.99372E-05 0.0179591 0.09753 0.098565 9.99372E-05 0.526398 9.99372E-05 9.99372E-05 0.258848 9.99372E-05
9.99462E-05 0.675764 0.135833 0.0390359 9.99462E-05 0.0192396 0.0105699 9.99462E-05 0.118958 9.99462E-05 9.99462E-05 9.99462E-05
