9.99459E-05 9.99459E-05 0.0384587 9.99459E-05 0.953525 9.99459E-05 9.99459E-05 9.99459E-05 0.00741691
9.99639E-05 0.182275 9.99639E-05 0.0395117 0.142834 0.595272 9.99639E-05 9.99639E-05 0.0397068
0.12659 0.738091 9.99733E-05 9.99733E-05 9.99733E-05 0.0207725 0.0131429 0.0682377 0.0328665
9.9955E-05 0.935959 0.0230577 9.9955E-05 9.9955E-05 9.9955E-05 9.9955E-05 0.00346861 0.0370152
9.9973E-05 0.378564 0.0763806 0.0910159 0.0219345 0.411274 9.9973E-05 0.0205309 9.9973E-05
9.9937E-05 0.962128 9.9937E-05 0.0371726 9.9937E-05 9.9937E-05 9.9937E-05 9.9937E-05 9.9937E-05
0.270809 9.9937E-05 9.9937E-05 9.9937E-05 9.9937E-05 0.728492 9.9937E-05 9.9937E-05 9.9937E-05
9.9964E-05 0.337917 0.00335141 9.9964E-05 9.9964E-05 0.435505 9.9964E-05 0.200636 0.0221904
0.193119 9.99459E-05 0.0418963 9.99459E-05 9.99459E-05 0.764385 9.99459E-05 9.99459E-05 9.99459E-05
9.99372E-05 9.99372E-05 0.916922 9.99372E-05 9.99372E-05 0.082378 9.99372E-05 9.99372E-05 9.99372E-05
9.993E-05 9.993E-05 0.999201 9.993E-05 9.993E-05 9.993E-05 9.993E-05 9.993E-05 9.993E-05
0.109484 0.0369363 9.9955E-05 9.9955E-05 0.682432 9.9955E-05 9.9955E-05 9.9955E-05 0.170647
0.972232 0.0270681 9.99372E-05 9.99372E-05 9.99372E-05 9.99372E-05 9.99372E-05 9.99372E-05 9.99372E-05
9.9946E-05 0.948209 9.9946E-05 0.0412952 9.9946E-05 9.9946E-05 0.0098959 9.9946E-05 9.9946E-05
9.9955E-05 0.931596 0.0277808 9.9955E-05 0.0374825 9.9955E-05 0.00264077 9.9955E-05 9.9955E-05
0.330062 0.0215466 0.576551 0.035058 0.0176444 0.0068429 9.9982E-05 0.0120949 9.9982E-05
9.99368E-05 9.99368E-05 0.0721323 0.927168 9.99368E-05 9.99368E-05 9.99368E-05 9.99368E-05 9.99368E-05
9.99639E-05 9.99639E-05 0.210526 9.99639E-05 0.0141125 0.0530075 0.704006 0.0179484 9.99639E-05
0.00662545 9.9946E-05 9.9946E-05 9.9946E-05 9.9946E-05 9.9946E-05 0.912218 9.9946E-05 0.0805573
9.99549E-05 9.99549E-05 0.721445 0.13311 0.107865 9.99549E-05 9.99549E-05 9.99549E-05 0.0370808
9.993E-05 9.993E-05 9.993E-05 9.993E-05 9.993E-05 9.993E-05 0.999201 9.993E-05 9.993E-05
0.104512 9.9964E-05 0.30837 0.00731401 0.553911 9.9964E-05 9.9964E-05 9.9964E-05 0.0254925
9.996E-05 9.996E-05 0.094989 0.362526 9.996E-05 9.996E-05 0.348499 0.0216439 0.171942
9.99459E-05 9.99459E-05 9.99459E-05 0.116829 9.99459E-05 9.99459E-05 0.882427 9.99459E-05 0.000144094
9.993E-05 0.999201 9.993E-05 9.993E-05 9.993E-05 9.993E-05 9.993E-05 9.993E-05 9.993E-05
9.993E-05 0.999201 9.993E-05 9.993E-05 9.993E-05 9.993E-05 9.993E-05 9.993E-05 9.993E-05
0.791659 9.99639E-05 0.0554183 0.0273953 0.0669526 9.99639E-05 9.99639E-05 9.99639E-05 0.0581752
9.9937E-05 0.952277 9.9937E-05 9.9937E-05 9.9937E-05 9.9937E-05 9.9937E-05 0.0470239 9.9937E-05
0.0193604 0.911799 9.9964E-05 9.9964E-05 0.0150943 0.00554495 9.9964E-05 0.0478016 9.9964E-05
9.99641E-05 0.691207 9.99641E-05 9.99641E-05 9.99641E-05 0.0672822 0.0363968 0.186041 0.0186727
9.9955E-05 0.57269 9.9955E-05 0.0782081 9.9955E-05 0.144289 9.9955E-05 0.204313 9.9955E-05
9.99461E-05 9.99461E-05 9.99461E-05 9.99461E-05 0.065881 0.842931 9.99461E-05 0.0905888 9.99461E-05
9.99462E-05 0.978666 0.0097535 0.0109808 9.99462E-05 9.99462E-05 9.99462E-05 9.99462E-05 9.99462E-05
9.99551E-05 0.0867649 9.99551E-05 0.0133145 9.99551E-05 0.122212 9.99551E-05 0.777209 9.99551E-05
0.458678 0.0215391 9.99729E-05 0.354978 0.0464328 9.99729E-05 9.99729E-05 0.0142039 0.103868
0.0110522 0.95757 9.99549E-05 0.0237364 9.99549E-05 0.00714144 9.99549E-05 9.99549E-05 9.99549E-05
9.9946E-05 0.00892855 9.9946E-05 0.0211204 0.969351 9.9946E-05 9.9946E-05 9.9946E-05 9.9946E-05
9.9964E-05 0.0108943 0.679977 9.9964E-05 0.111498 0.162112 0.0351178 9.9964E-05 9.9964E-05
9.99369E-05 0.00212844 9.99369E-05 0.997172 9.99369E-05 9.99369E-05 9.99369E-05 9.99369E-05 9.99369E-05
9.99549E-05 0.10754 0.560101 0.129591 0.202267 9.99549E-05 9.99549E-05 9.99549E-05 9.99549E-05
9.99639E-05 0.068434 0.572232 0.0719944 0.258386 9.99639E-05 9.99639E-05 9.99639E-05 0.0285543
9.9937E-05 9.9937E-05 0.949225 0.0500754 9.9937E-05 9.9937E-05 9.9937E-05 9.9937E-05 9.9937E-05
0.22076 9.9955E-05 0.622451 9.9955E-05 0.0625295 0.0937597 9.9955E-05 9.9955E-05 9.9955E-05
9.9937E-05 9.9937E-05 0.923123 0.0761776 9.9937E-05 9.9937E-05 9.9937E-05 9.9937E-05 9.9937E-05
0.180434 9.9982E-05 0.472294 0.131759 0.00229012 0.00529669 0.0966788 9.9982E-05 0.111047
0.00290257 0.0686671 0.684225 0.102698 0.0960453 0.0151698 0.030092 9.9982E-05 9.9982E-05
0.0856369 0.0790658 0.144621 0.395528 0.225778 9.9973E-05 9.9973E-05 0.0690703 9.9973E-05
9.99374E-05 9.99374E-05 9.99374E-05 9.99374E-05 0.984032 9.99374E-05 0.0152688 9.99374E-05 9.99374E-05
9.993E-05 9.993E-05 9.993E-05 9.993E-05 9.993E-05 9.993E-05 9.993E-05 0.999201 9.993E-05
9.9937E-05 9.9937E-05 9.9937E-05 9.9937E-05 9.9937E-05 9.9937E-05 0.00286471 0.996436 9.9937E-05
9.99371E-05 0.00320271 9.99371E-05 9.99371E-05 9.99371E-05 9.99371E-05 9.99371E-05 0.996098 9.99371E-05
9.993E-05 9.993E-05 9.993E-05 9.993E-05 9.993E-05 9.993E-05 9.993E-05 0.999201 9.993E-05
9.993E-05 9.993E-05 9.993E-05 9.993E-05 9.993E-05 9.993E-05 9.993E-05 0.999201 9.993E-05
0.0157191 0.237781 0.0289027 0.0323242 9.99821E-05 0.189235 0.0214925 0.474345 9.99821E-05
0.00957029 9.9964E-05 9.9964E-05 9.9964E-05 0.0285449 0.0210482 9.9964E-05 0.939887 0.000549944
0.0650811 9.99459E-05 0.116393 9.99459E-05 0.817927 9.99459E-05 9.99459E-05 9.99459E-05 9.99459E-05
9.99638E-05 0.0272451 9.99638E-05 9.99638E-05 0.102254 0.751458 9.99638E-05 0.10313 0.0155124
9.99369E-05 0.997092 9.99369E-05 9.99369E-05 0.00220888 9.99369E-05 9.99369E-05 9.99369E-05 9.99369E-05
0.833521 9.9955E-05 9.9955E-05 9.9955E-05 0.0694705 9.9955E-05 9.9955E-05 0.0109663 0.0855426
0.259785 0.0827448 0.531349 9.99551E-05 0.125621 9.99551E-05 9.99551E-05 9.99551E-05 9.99551E-05
0.999201 9.993E-05 9.993E-05 9.993E-05 9.993E-05 9.993E-05 9.993E-05 9.993E-05 9.993E-05
0.868646 0.0148496 0.112069 9.99549E-05 0.00393507 9.99549E-05 9.99549E-05 9.99549E-05 9.99549E-05
0.833174 9.99549E-05 0.0649927 0.0348719 9.99549E-05 9.99549E-05 9.99549E-05 9.99549E-05 0.0664618
9.99372E-05 9.99372E-05 9.99372E-05 9.99372E-05 0.101601 9.99372E-05 0.897699 9.99372E-05 9.99372E-05
9.993E-05 0.999201 9.993E-05 9.993E-05 9.993E-05 9.993E-05 9.993E-05 9.993E-05 9.993E-05
0.0523431 0.373049 0.336917 0.055184 0.0572006 0.0716087 9.9991E-05 0.0442383 0.00935946
0.00567581 0.993625 9.99373E-05 9.99373E-05 9.99373E-05 9.99373E-05 9.99373E-05 9.99373E-05 9.99373E-05
9.9955E-05 0.932492 9.9955E-05 0.0464939 0.0138295 9.9955E-05 9.9955E-05 0.00668482 9.9955E-05
0.0264609 0.896734 0.0248736 9.9964E-05 9.9964E-05 0.00732039 9.9964E-05 0.0442109 9.9964E-05
9.9955E-05 0.936408 9.9955E-05 9.9955E-05 0.027774 0.0269533 0.00836501 9.9955E-05 9.9955E-05
9.9973E-05 0.879318 0.0109824 0.0215338 0.0196336 0.0544757 9.9973E-05 9.9973E-05 0.013757
9.99459E-05 0.919578 9.99459E-05 0.0772484 9.99459E-05 9.99459E-05 9.99459E-05 0.00257383 9.99459E-05
9.99552E-05 0.422791 9.99552E-05 0.0320995 9.99552E-05 0.372986 9.99552E-05 0.171624 9.99552E-05
0.051565 0.414229 9.99552E-05 9.99552E-05 9.99552E-05 0.50935 9.99552E-05 0.0243559 9.99552E-05
9.9946E-05 0.957214 9.9946E-05 9.9946E-05 9.9946E-05 9.9946E-05 9.9946E-05 0.0288635 0.0133229
0.0648662 0.0821541 0.742493 9.9964E-05 0.0421336 0.0679535 9.9964E-05 9.9964E-05 9.9964E-05
0.0917434 0.0559103 0.710929 9.9964E-05 0.0239032 0.117114 9.9964E-05 9.9964E-05 9.9964E-05
9.993E-05 9.993E-05 9.993E-05 9.993E-05 9.993E-05 9.993E-05 9.993E-05 9.993E-05 0.999201
9.993E-05 9.993E-05 9.993E-05 9.993E-05 9.993E-05 9.993E-05 9.993E-05 9.993E-05 0.999201
0.00266675 9.9964E-05 0.965522 9.9964E-05 0.00640256 0.0101881 9.9964E-05 0.014821 9.9964E-05
0.0309641 9.9946E-05 0.965455 9.9946E-05 0.00298129 9.9946E-05 9.9946E-05 9.9946E-05 9.9946E-05
9.99371E-05 9.99371E-05 9.99371E-05 9.99371E-05 9.99371E-05 0.0210294 9.99371E-05 9.99371E-05 0.978271
9.99371E-05 9.99371E-05 9.99371E-05 9.99371E-05 0.00571871 9.99371E-05 9.99371E-05 9.99371E-05 0.993582
0.0609833 9.99459E-05 9.99459E-05 9.99459E-05 0.915563 9.99459E-05 9.99459E-05 0.0228536 9.99459E-05
0.241689 9.9964E-05 0.558117 9.9964E-05 0.020029 0.123141 0.0566239 9.9964E-05 9.9964E-05
9.99548E-05 9.99548E-05 9.99548E-05 9.99548E-05 0.0554298 0.800135 9.99548E-05 0.132715 0.0112201
0.142485 9.99731E-05 0.0979867 0.693818 9.99731E-05 9.99731E-05 0.0462454 0.00408461 0.0150806
0.250603 9.99641E-05 9.99641E-05 0.573416 0.0644697 9.99641E-05 0.00984624 9.99641E-05 0.101265
9.99641E-05 0.591395 9.99641E-05 9.99641E-05 9.99641E-05 0.149416 0.0431403 0.205865 0.00978423
