9.99459E-05 0.0304061 9.99459E-05 9.99459E-05 9.99459E-05 9.99459E-05 9.99459E-05 0.0117874 0.957207
9.996E-05 0.0320958 0.116809 9.996E-05 9.996E-05 9.996E-05 0.757189 0.0293634 0.064143
0.0888767 9.99733E-05 0.809263 0.0231966 0.00366347 9.99733E-05 0.0109347 0.0637651 9.99733E-05
9.9955E-05 0.0115554 0.953303 9.9955E-05 9.9955E-05 0.00334493 9.9955E-05 0.0312965 9.9955E-05
9.996E-05 0.1712 0.42894 9.996E-05 0.154806 0.0945734 0.15008 9.996E-05 9.996E-05
9.993E-05 9.993E-05 0.999201 9.993E-05 9.993E-05 9.993E-05 9.993E-05 9.993E-05 9.993E-05
9.993E-05 9.993E-05 9.993E-05 9.993E-05 0.999201 9.993E-05 9.993E-05 9.993E-05 9.993E-05
9.9964E-05 0.0813113 0.382228 9.9964E-05 0.139359 0.26594 0.130762 9.9964E-05 9.9964E-05
9.99369E-05 9.99369E-05 9.99369E-05 9.99369E-05 0.958346 9.99369E-05 0.0409541 9.99369E-05 9.99369E-05
9.9937E-05 0.863063 9.9937E-05 9.9937E-05 0.136237 9.9937E-05 9.9937E-05 9.9937E-05 9.9937E-05
9.9937E-05 0.856014 9.9937E-05 9.9937E-05 0.143287 9.9937E-05 9.9937E-05 9.9937E-05 9.9937E-05
0.158003 9.9955E-05 0.0139703 9.9955E-05 9.9955E-05 9.9955E-05 9.9955E-05 0.113188 0.714339
0.948073 9.99371E-05 9.99371E-05 9.99371E-05 0.0512275 9.99371E-05 9.99371E-05 9.99371E-05 9.99371E-05
9.9955E-05 9.9955E-05 0.940465 0.00535623 9.9955E-05 9.9955E-05 0.0229456 9.9955E-05 0.0307338
9.9955E-05 0.0230774 0.924137 0.00756973 9.9955E-05 9.9955E-05 9.9955E-05 9.9955E-05 0.0447156
0.317066 0.323879 9.99549E-05 9.99549E-05 0.182025 9.99549E-05 9.99549E-05 9.99549E-05 0.17653
0.185796 0.481556 9.99641E-05 0.0609641 9.99641E-05 9.99641E-05 9.99641E-05 0.258698 0.0125865
9.99639E-05 0.114477 9.99639E-05 0.725374 0.015495 9.99639E-05 0.0511795 9.99639E-05 0.0930748
9.9937E-05 9.9937E-05 9.9937E-05 0.927597 9.9937E-05 9.9937E-05 9.9937E-05 0.0717033 9.9937E-05
0.0494988 0.714716 9.99549E-05 9.99549E-05 9.99549E-05 9.99549E-05 9.99549E-05 0.0530388 0.182247
9.993E-05 9.993E-05 9.993E-05 0.999201 9.993E-05 9.993E-05 9.993E-05 9.993E-05 9.993E-05
0.123296 0.260287 9.99639E-05 9.99639E-05 9.99639E-05 9.99639E-05 0.0113521 0.0440393 0.560626
9.99551E-05 0.255851 0.00563747 0.399901 9.99551E-05 9.99551E-05 9.99551E-05 0.338111 9.99551E-05
9.9946E-05 0.0266795 9.9946E-05 0.885324 9.9946E-05 9.9946E-05 9.9946E-05 0.0873968 9.9946E-05
9.99371E-05 9.99371E-05 0.98325 9.99371E-05 9.99371E-05 0.0160508 9.99371E-05 9.99371E-05 9.99371E-05
9.99371E-05 9.99371E-05 0.989247 9.99371E-05 9.99371E-05 0.0100538 9.99371E-05 9.99371E-05 9.99371E-05
0.822424 0.0685103 9.99549E-05 9.99549E-05 9.99549E-05 9.99549E-05 9.99549E-05 0.0291204 0.0794454
9.9946E-05 9.9946E-05 0.92858 9.9946E-05 0.0267074 0.0441133 9.9946E-05 9.9946E-05 9.9946E-05
0.0159877 9.9955E-05 0.90546 9.9955E-05 0.0432385 0.0348138 9.9955E-05 9.9955E-05 9.9955E-05
0.0224806 0.00991805 0.711725 0.0340183 9.99641E-05 0.221458 9.99641E-05 9.99641E-05 9.99641E-05
0.0148938 0.0033419 0.633266 9.9982E-05 0.0219511 0.25936 0.0260809 0.0409057 9.9982E-05
9.993E-05 9.993E-05 9.993E-05 9.993E-05 9.993E-05 9.993E-05 0.999201 9.993E-05 9.993E-05
9.99371E-05 9.99371E-05 0.988097 9.99371E-05 9.99371E-05 9.99371E-05 9.99371E-05 9.99371E-05 0.011203
9.99551E-05 9.99551E-05 0.100814 9.99551E-05 0.0470943 0.82022 0.0313721 9.99551E-05 9.99551E-05
0.64199 0.101593 0.0492447 9.99639E-05 9.99639E-05 9.99639E-05 9.99639E-05 0.173307 0.0334654
0.0157006 9.99459E-05 0.97762 9.99459E-05 9.99459E-05 9.99459E-05 9.99459E-05 0.00607981 9.99459E-05
9.99371E-05 9.99371E-05 0.0315867 9.99371E-05 9.99371E-05 9.99371E-05 9.99371E-05 9.99371E-05 0.967714
9.9955E-05 0.735033 0.0104469 9.9955E-05 9.9955E-05 9.9955E-05 0.228335 9.9955E-05 0.0256861
0.188131 0.350416 0.11976 0.0470902 9.99641E-05 9.99641E-05 9.99641E-05 0.294202 9.99641E-05
9.9955E-05 0.561481 0.116934 0.00230452 9.9955E-05 9.9955E-05 9.9955E-05 9.9955E-05 0.318781
9.99729E-05 0.514813 0.0750671 0.0222331 9.99729E-05 9.99729E-05 0.00905474 0.0243898 0.354142
9.993E-05 0.999201 9.993E-05 9.993E-05 9.993E-05 9.993E-05 9.993E-05 9.993E-05 9.993E-05
0.132798 0.261353 9.99548E-05 9.99548E-05 0.328152 9.99548E-05 9.99548E-05 9.99548E-05 0.277197
0.04417 0.95513 9.9937E-05 9.9937E-05 9.9937E-05 9.9937E-05 9.9937E-05 9.9937E-05 9.9937E-05
0.148579 0.51838 9.9982E-05 0.0950406 0.00508431 9.9982E-05 0.0436183 0.128632 0.0604661
0.0402746 0.654653 0.0806165 0.0364581 9.998E-05 9.998E-05 0.00977764 0.0231016 0.154919
0.234048 0.372369 0.110262 9.9973E-05 9.9973E-05 0.0644916 9.9973E-05 0.0770881 0.141442
9.99374E-05 9.99374E-05 9.99374E-05 0.00938118 9.99374E-05 9.99374E-05 9.99374E-05 9.99374E-05 0.989919
9.993E-05 9.993E-05 9.993E-05 9.993E-05 9.993E-05 0.999201 9.993E-05 9.993E-05 9.993E-05
9.993E-05 9.993E-05 9.993E-05 9.993E-05 9.993E-05 0.999201 9.993E-05 9.993E-05 9.993E-05
9.9937E-05 9.9937E-05 9.9937E-05 0.00482359 9.9937E-05 0.994477 9.9937E-05 9.9937E-05 9.9937E-05
9.9937E-05 9.9937E-05 9.9937E-05 9.9937E-05 9.9937E-05 0.996715 9.9937E-05 9.9937E-05 0.00258574
9.993E-05 9.993E-05 9.993E-05 9.993E-05 9.993E-05 0.999201 9.993E-05 9.993E-05 9.993E-05
9.99731E-05 0.0887049 0.273677 0.0194823 0.110145 0.493375 0.0143159 9.99731E-05 9.99731E-05
9.99549E-05 9.99549E-05 9.99549E-05 9.99549E-05 9.99549E-05 0.924042 0.0396855 0.00207789 0.0336949
0.063611 9.99459E-05 9.99459E-05 9.99459E-05 0.0136845 9.99459E-05 9.99459E-05 9.99459E-05 0.922105
9.99459E-05 9.99459E-05 9.99459E-05 9.99459E-05 0.0529277 0.043825 0.902648 9.99459E-05 9.99459E-05
9.993E-05 9.993E-05 0.999201 9.993E-05 9.993E-05 9.993E-05 9.993E-05 9.993E-05 9.993E-05
0.80044 9.9955E-05 9.9955E-05 9.9955E-05 0.0604628 9.9955E-05 9.9955E-05 0.0311435 0.107453
0.255588 0.17531 0.0083671 9.9973E-05 0.241644 9.9973E-05 9.9973E-05 0.0169653 0.301825
0.951655 9.99371E-05 9.99371E-05 9.99371E-05 0.0476456 9.99371E-05 9.99371E-05 9.99371E-05 9.99371E-05
0.904618 0.0739335 0.00372412 9.99639E-05 9.99639E-05 9.99639E-05 0.0147365 9.99639E-05 0.00258812
0.868029 0.103483 9.99459E-05 9.99459E-05 9.99459E-05 9.99459E-05 9.99459E-05 0.0278887 9.99459E-05
9.99371E-05 9.99371E-05 9.99371E-05 0.85607 9.99371E-05 9.99371E-05 9.99371E-05 9.99371E-05 0.14323
9.99462E-05 9.99462E-05 0.960552 9.99462E-05 0.00917754 0.0296705 9.99462E-05 9.99462E-05 9.99462E-05
0.0671424 0.21848 0.257173 0.105956 0.105306 0.050034 0.0666707 0.0748299 0.0544083
9.99373E-05 9.99373E-05 0.990672 9.99373E-05 9.99373E-05 9.99373E-05 0.00862819 9.99373E-05 9.99373E-05
9.9946E-05 9.9946E-05 0.946726 9.9946E-05 9.9946E-05 0.0214063 9.9946E-05 9.9946E-05 0.0312681
9.9946E-05 9.9946E-05 0.923283 9.9946E-05 0.0650083 0.0111093 9.9946E-05 9.9946E-05 9.9946E-05
9.9964E-05 9.9964E-05 0.929309 0.00789219 0.0251735 9.9964E-05 0.0142769 9.9964E-05 0.0229488
9.99371E-05 0.0775478 0.921753 9.99371E-05 9.99371E-05 9.99371E-05 9.99371E-05 9.99371E-05 9.99371E-05
0.00521147 9.99459E-05 0.977458 9.99459E-05 9.99459E-05 9.99459E-05 9.99459E-05 0.0167304 9.99459E-05
9.99463E-05 9.99463E-05 0.484904 9.99463E-05 0.17924 0.335256 9.99463E-05 9.99463E-05 9.99463E-05
9.99462E-05 9.99462E-05 0.461339 9.99462E-05 0.409562 0.128498 9.99462E-05 9.99462E-05 9.99462E-05
9.9964E-05 0.0203887 0.939209 9.9964E-05 9.9964E-05 0.013622 9.9964E-05 0.00797156 0.0184087
9.99638E-05 0.301873 0.0214652 9.99638E-05 0.368638 9.99638E-05 9.99638E-05 0.0830357 0.224589
0.00198272 0.29397 9.99729E-05 9.99729E-05 0.387226 0.00562578 9.99729E-05 0.0895495 0.221346
9.993E-05 9.993E-05 9.993E-05 9.993E-05 9.993E-05 9.993E-05 9.993E-05 0.999201 9.993E-05
9.993E-05 9.993E-05 9.993E-05 9.993E-05 9.993E-05 9.993E-05 9.993E-05 0.999201 9.993E-05
9.9955E-05 0.888048 9.9955E-05 9.9955E-05 0.0144686 9.9955E-05 0.0648175 9.9955E-05 0.032166
0.0207462 0.84137 9.9964E-05 9.9964E-05 0.0681459 9.9964E-05 0.0426072 9.9964E-05 0.026731
9.9946E-05 9.9946E-05 9.9946E-05 9.9946E-05 0.0118314 9.9946E-05 0.0149649 0.972604 9.9946E-05
9.993E-05 9.993E-05 9.993E-05 9.993E-05 9.993E-05 9.993E-05 9.993E-05 0.999201 9.993E-05
0.0348421 9.99459E-05 9.99459E-05 9.99459E-05 9.99459E-05 0.00669881 9.99459E-05 9.99459E-05 0.957859
0.175421 0.364132 9.99639E-05 0.0482033 0.254572 9.99639E-05 9.99639E-05 9.99639E-05 0.157273
9.9946E-05 9.9946E-05 9.9946E-05 9.9946E-05 0.0458335 0.0429037 0.910663 9.9946E-05 9.9946E-05
0.385906 0.319874 0.0354549 0.0914057 9.99642E-05 9.99642E-05 9.99642E-05 0.166959 9.99642E-05
0.506622 9.99551E-05 9.99551E-05 0.0855245 9.99551E-05 9.99551E-05 9.99551E-05 0.244103 0.163251
9.99642E-05 9.99642E-05 0.602851 0.0243824 0.0907611 0.258419 9.99642E-05 0.0231863 9.99642E-05
