9.99009E-05 9.99009E-05 9.99009E-05 9.99009E-05 9.99009E-05 9.99009E-05 9.99009E-05 9.99009E-05 9.99009E-05 0.962305 0.0365965 9.99009E-05 9.99009E-05
9.99279E-05 9.99279E-05 9.99279E-05 0.0502529 0.748759 9.99279E-05 9.99279E-05 9.99279E-05 0.142741 0.04019 9.99279E-05 9.99279E-05 0.0172575
0.0178728 0.248432 9.99376E-05 9.99376E-05 0.0485619 0.0166939 9.99376E-05 0.0505118 0.617228 9.99376E-05 9.99376E-05 9.99376E-05 9.99376E-05
9.99101E-05 9.99101E-05 9.99101E-05 0.0290916 9.99101E-05 0.0163561 9.99101E-05 9.99101E-05 0.953553 9.99101E-05 9.99101E-05 9.99101E-05 9.99101E-05
9.99551E-05 0.112488 0.166571 0.0581669 0.0989982 9.99551E-05 0.0798203 9.99551E-05 0.335637 0.0195424 0.128277 9.99551E-05 9.99551E-05
9.9928E-05 0.00343596 9.9928E-05 0.0608399 9.9928E-05 9.9928E-05 9.9928E-05 9.9928E-05 0.923777 0.0102072 9.9928E-05 0.000940426 9.9928E-05
9.98921E-05 9.98921E-05 0.998801 9.98921E-05 9.98921E-05 9.98921E-05 9.98921E-05 9.98921E-05 9.98921E-05 9.98921E-05 9.98921E-05 9.98921E-05 9.98921E-05
9.99369E-05 0.757887 9.99369E-05 9.99369E-05 0.022944 0.00305607 0.00247295 9.99369E-05 0.0682988 9.99369E-05 0.144641 9.99369E-05 9.99369E-05
9.991E-05 9.991E-05 0.956777 9.991E-05 0.0185284 9.991E-05 0.0236955 9.991E-05 9.991E-05 9.991E-05 9.991E-05 9.991E-05 9.991E-05
9.9901E-05 9.9901E-05 0.16379 9.9901E-05 9.9901E-05 9.9901E-05 9.9901E-05 9.9901E-05 9.9901E-05 9.9901E-05 0.835111 9.9901E-05 9.9901E-05
9.99011E-05 9.99011E-05 0.150401 9.99011E-05 9.99011E-05 9.99011E-05 9.99011E-05 9.99011E-05 9.99011E-05 9.99011E-05 0.8485 9.99011E-05 9.99011E-05
9.99191E-05 0.006456 9.99191E-05 9.99191E-05 9.99191E-05 0.125365 9.99191E-05 0.0908647 9.99191E-05 0.776416 9.99191E-05 9.99191E-05 9.99191E-05
9.99102E-05 0.0320823 0.00504596 9.99102E-05 9.99102E-05 9.99102E-05 9.99102E-05 0.961873 9.99102E-05 9.99102E-05 9.99102E-05 9.99102E-05 9.99102E-05
0.00493342 9.99281E-05 9.99281E-05 0.0503215 0.0147692 9.99281E-05 9.99281E-05 9.99281E-05 0.909213 0.0199633 9.99281E-05 9.99281E-05 9.99281E-05
0.000312266 9.99281E-05 9.99281E-05 9.99281E-05 9.99281E-05 9.99281E-05 9.99281E-05 9.99281E-05 0.916368 0.0259889 0.0314176 0.0251138 9.99281E-05
9.99101E-05 9.99101E-05 9.99101E-05 9.99101E-05 9.99101E-05 9.99101E-05 9.99101E-05 0.17504 9.99101E-05 9.99101E-05 0.0171579 9.99101E-05 0.806803
9.99098E-05 9.99098E-05 9.99098E-05 0.949189 9.99098E-05 9.99098E-05 9.99098E-05 9.99098E-05 9.99098E-05 9.99098E-05 0.0116228 9.99098E-05 0.038189
0.672528 9.99369E-05 9.99369E-05 9.99369E-05 0.0558351 9.99369E-05 0.00351949 9.99369E-05 9.99369E-05 9.99369E-05 0.099933 0.0808107 0.0866737
0.930701 9.991E-05 9.991E-05 9.991E-05 9.991E-05 0.0414127 9.991E-05 0.0268869 9.991E-05 9.991E-05 9.991E-05 9.991E-05 9.991E-05
9.99369E-05 9.99369E-05 9.99369E-05 0.118959 9.99369E-05 0.0209289 9.99369E-05 9.99369E-05 9.99369E-05 0.0517576 0.47292 0.0158546 0.318881
0.988023 0.0108776 9.99011E-05 9.99011E-05 9.99011E-05 9.99011E-05 9.99011E-05 9.99011E-05 9.99011E-05 9.99011E-05 9.99011E-05 9.99011E-05 9.99011E-05
0.0120139 9.9955E-05 9.9955E-05 0.00583955 9.9955E-05 0.0131574 9.9955E-05 0.0322864 9.9955E-05 0.523834 0.0829121 0.0166378 0.312819
0.310218 9.9919E-05 9.9919E-05 0.363631 9.9919E-05 0.139714 9.9919E-05 9.9919E-05 9.9919E-05 9.9919E-05 0.185538 9.9919E-05 9.9919E-05
0.914393 9.99189E-05 9.99189E-05 0.0312256 9.99189E-05 0.0492701 9.99189E-05 9.99189E-05 9.99189E-05 9.99189E-05 0.0042117 9.99189E-05 9.99189E-05
9.99012E-05 9.99012E-05 9.99012E-05 9.99012E-05 9.99012E-05 9.99012E-05 0.0180405 9.99012E-05 0.980861 9.99012E-05 9.99012E-05 9.99012E-05 9.99012E-05
9.98922E-05 9.98922E-05 9.98922E-05 9.98922E-05 9.98922E-05 9.98922E-05 9.98922E-05 9.98922E-05 0.998801 9.98922E-05 9.98922E-05 9.98922E-05 9.98922E-05
9.99368E-05 9.99368E-05 9.99368E-05 0.0524206 9.99368E-05 0.044751 9.99368E-05 0.776385 9.99368E-05 0.00667923 0.0373214 0.081743 9.99368E-05
9.99101E-05 9.99101E-05 0.000397169 9.99101E-05 9.99101E-05 9.99101E-05 0.0684497 9.99101E-05 0.930154 9.99101E-05 9.99101E-05 9.99101E-05 9.99101E-05
9.991E-05 9.991E-05 9.991E-05 9.991E-05 9.991E-05 9.991E-05 0.0814227 9.991E-05 0.906507 9.991E-05 9.991E-05 9.991E-05 0.0110712
0.0159558 0.316144 9.99551E-05 9.99551E-05 0.00627225 0.0136178 0.0932607 0.000614738 0.516376 0.0372596 9.99551E-05 9.99551E-05 9.99551E-05
9.99279E-05 0.681592 9.99279E-05 0.00882844 9.99279E-05 0.03072 0.0244833 9.99279E-05 0.253577 9.99279E-05 9.99279E-05 9.99279E-05 9.99279E-05
9.98923E-05 9.98923E-05 9.98923E-05 9.98923E-05 0.998801 9.98923E-05 9.98923E-05 9.98923E-05 9.98923E-05 9.98923E-05 9.98923E-05 9.98923E-05 9.98923E-05
9.99102E-05 0.130906 9.99102E-05 9.99102E-05 9.99102E-05 9.99102E-05 9.99102E-05 9.99102E-05 0.827076 9.99102E-05 9.99102E-05 9.99102E-05 0.0410193
9.99192E-05 0.31884 9.99192E-05 9.99192E-05 9.99192E-05 9.99192E-05 0.65649 9.99192E-05 9.99192E-05 0.0146492 9.99192E-05 0.00912181 9.99192E-05
9.99367E-05 0.0350787 9.99367E-05 0.276428 9.99367E-05 0.113322 9.99367E-05 0.469014 9.99367E-05 0.0879821 0.0174766 9.99367E-05 9.99367E-05
9.99189E-05 0.0221829 0.0446546 0.0198608 9.99189E-05 9.99189E-05 9.99189E-05 9.99189E-05 0.912402 9.99189E-05 9.99189E-05 9.99189E-05 9.99189E-05
9.98922E-05 9.98922E-05 9.98922E-05 9.98922E-05 9.98922E-05 9.98922E-05 9.98922E-05 9.98922E-05 9.98922E-05 0.998801 9.98922E-05 9.98922E-05 9.98922E-05
9.9928E-05 0.0103152 9.9928E-05 9.9928E-05 0.20869 9.9928E-05 9.9928E-05 9.9928E-05 0.00207367 0.0937727 0.684349 9.9928E-05 9.9928E-05
9.99008E-05 0.0156709 9.99008E-05 0.98323 9.99008E-05 9.99008E-05 9.99008E-05 9.99008E-05 9.99008E-05 9.99008E-05 9.99008E-05 9.99008E-05 9.99008E-05
9.99458E-05 9.99458E-05 9.99458E-05 0.124822 0.0346896 9.99458E-05 9.99458E-05 9.99458E-05 0.0582373 0.17365 0.286969 0.0501734 0.270859
0.000356304 9.99549E-05 9.99549E-05 0.0597305 0.051656 9.99549E-05 9.99549E-05 9.99549E-05 0.0134538 0.243632 0.313469 0.0383161 0.278886
9.9919E-05 9.9919E-05 9.9919E-05 0.0159214 9.9919E-05 9.9919E-05 9.9919E-05 0.0151715 9.9919E-05 9.9919E-05 0.924359 0.0436488 9.9919E-05
0.00107777 9.9937E-05 0.0863225 9.9937E-05 9.9937E-05 9.9937E-05 9.9937E-05 0.0388742 9.9937E-05 0.00275752 9.9937E-05 0.00220417 0.868064
9.9928E-05 9.9928E-05 9.9928E-05 0.0155056 9.9928E-05 0.007772 9.9928E-05 0.0490087 9.9928E-05 0.00099913 0.925915 9.9928E-05 9.9928E-05
0.0929372 9.9964E-05 9.9964E-05 0.0775277 0.0345469 0.0900403 9.9964E-05 0.144979 9.9964E-05 0.0124336 0.422434 0.0487237 0.0759773
0.0313276 0.0236402 9.9982E-05 0.0127014 0.0528071 0.0214429 9.9982E-05 0.0327603 0.0313625 0.072133 0.567668 0.0139515 0.140005
9.9955E-05 9.9955E-05 0.0662599 0.304234 9.9955E-05 9.9955E-05 0.0236623 0.0852507 0.077128 0.175992 0.258855 0.00811868 9.9955E-05
9.98921E-05 9.98921E-05 9.98921E-05 9.98921E-05 9.98921E-05 9.98921E-05 9.98921E-05 9.98921E-05 9.98921E-05 9.98921E-05 9.98921E-05 0.998801 9.98921E-05
9.99011E-05 9.99011E-05 9.99011E-05 9.99011E-05 9.99011E-05 9.99011E-05 0.990293 9.99011E-05 9.99011E-05 9.99011E-05 9.99011E-05 9.99011E-05 0.00860782
9.99011E-05 9.99011E-05 9.99011E-05 0.00322691 9.99011E-05 9.99011E-05 0.995674 9.99011E-05 9.99011E-05 9.99011E-05 9.99011E-05 9.99011E-05 9.99011E-05
9.99101E-05 9.99101E-05 9.99101E-05 9.99101E-05 9.99101E-05 9.99101E-05 0.986473 0.00271986 9.99101E-05 9.99101E-05 9.99101E-05 9.99101E-05 0.00980829
9.98922E-05 9.98922E-05 9.98922E-05 9.98922E-05 9.98922E-05 9.98922E-05 0.998801 9.98922E-05 9.98922E-05 9.98922E-05 9.98922E-05 9.98922E-05 9.98922E-05
9.98921E-05 9.98921E-05 9.98921E-05 9.98921E-05 9.98921E-05 9.98921E-05 0.998801 9.98921E-05 9.98921E-05 9.98921E-05 9.98921E-05 9.98921E-05 9.98921E-05
0.0171804 0.332331 0.0862477 9.99551E-05 9.99551E-05 9.99551E-05 0.359809 9.99551E-05 0.118565 9.99551E-05 0.0254131 0.00529452 0.0546596
9.991E-05 9.991E-05 9.991E-05 9.991E-05 0.0895766 9.991E-05 0.902974 9.991E-05 9.991E-05 0.0064507 9.991E-05 9.991E-05 9.991E-05
9.99009E-05 9.99009E-05 9.99009E-05 9.99009E-05 9.99009E-05 9.99009E-05 9.99009E-05 9.99009E-05 9.99009E-05 0.843484 9.99009E-05 9.99009E-05 0.155417
9.99369E-05 9.99369E-05 0.0456918 9.99369E-05 0.849446 0.00817017 0.0650186 0.0212159 9.99369E-05 0.00975801 9.99369E-05 9.99369E-05 9.99369E-05
9.9919E-05 9.9919E-05 0.000651282 0.00725853 0.0254985 9.9919E-05 9.9919E-05 9.9919E-05 0.965692 9.9919E-05 9.9919E-05 9.9919E-05 9.9919E-05
9.9946E-05 9.9946E-05 9.9946E-05 9.9946E-05 0.00128254 0.0327523 0.00663407 0.772033 9.9946E-05 0.0918938 9.9946E-05 0.00753119 0.0872734
9.99103E-05 9.99103E-05 9.99103E-05 9.99103E-05 9.99103E-05 9.99103E-05 9.99103E-05 0.0528044 9.99103E-05 0.00516614 9.99103E-05 9.99103E-05 0.94103
9.99014E-05 9.99014E-05 0.000612545 9.99014E-05 9.99014E-05 9.99014E-05 9.99014E-05 0.998289 9.99014E-05 9.99014E-05 9.99014E-05 9.99014E-05 9.99014E-05
9.99099E-05 9.99099E-05 9.99099E-05 9.99099E-05 9.99099E-05 9.99099E-05 9.99099E-05 0.894315 9.99099E-05 0.013062 0.0916237 9.99099E-05 9.99099E-05
0.00541897 9.99189E-05 9.99189E-05 9.99189E-05 9.99189E-05 0.0527116 9.99189E-05 0.858007 9.99189E-05 9.99189E-05 0.082963 9.99189E-05 9.99189E-05
0.914451 9.99192E-05 9.99192E-05 9.99192E-05 9.99192E-05 9.99192E-05 9.99192E-05 9.99192E-05 9.99192E-05 0.0258658 0.0347019 0.0240818 9.99192E-05
9.99104E-05 9.99104E-05 0.00198325 9.99104E-05 9.99104E-05 0.00473002 9.99104E-05 9.99104E-05 0.992288 9.99104E-05 9.99104E-05 9.99104E-05 9.99104E-05
0.104561 0.116371 0.015272 9.99756E-05 9.99756E-05 0.0999293 0.0614288 0.0450687 0.294529 0.0930089 0.117569 9.99756E-05 0.0519627
9.99193E-05 0.0901867 9.99193E-05 9.99193E-05 9.99193E-05 9.99193E-05 9.99193E-05 0.000988389 0.874945 9.99193E-05 9.99193E-05 9.99193E-05 0.0329803
9.9928E-05 9.9928E-05 0.0266769 0.0667479 9.9928E-05 9.9928E-05 0.00783833 9.9928E-05 0.897048 9.9928E-05 9.9928E-05 0.000889446 9.9928E-05
9.9928E-05 0.084621 9.9928E-05 9.9928E-05 9.9928E-05 9.9928E-05 0.0271536 0.00351712 0.829849 9.9928E-05 9.9928E-05 9.9928E-05 0.0540598
0.0103244 0.0169731 9.9946E-05 9.9946E-05 0.0137486 9.9946E-05 0.0136047 9.9946E-05 0.897201 9.9946E-05 9.9946E-05 0.0206409 0.0269077
9.99281E-05 0.130009 0.00367714 9.99281E-05 9.99281E-05 9.99281E-05 9.99281E-05 9.99281E-05 0.81171 0.0327816 0.0210227 9.99281E-05 9.99281E-05
9.99099E-05 9.99099E-05 9.99099E-05 0.036683 9.99099E-05 9.99099E-05 0.0185387 9.99099E-05 0.943779 9.99099E-05 9.99099E-05 9.99099E-05 9.99099E-05
9.98919E-05 0.998801 9.98919E-05 9.98919E-05 9.98919E-05 9.98919E-05 9.98919E-05 9.98919E-05 9.98919E-05 9.98919E-05 9.98919E-05 9.98919E-05 9.98919E-05
9.99101E-05 0.923941 0.0349529 9.99101E-05 9.99101E-05 9.99101E-05 9.99101E-05 0.0401073 9.99101E-05 9.99101E-05 9.99101E-05 9.99101E-05 9.99101E-05
9.99101E-05 9.99101E-05 9.99101E-05 9.99101E-05 9.99101E-05 9.99101E-05 9.99101E-05 9.99101E-05 0.959853 9.99101E-05 0.0210966 9.99101E-05 0.0180512
9.9901E-05 0.0294902 9.9901E-05 9.9901E-05 9.9901E-05 9.9901E-05 9.9901E-05 9.9901E-05 9.9901E-05 9.9901E-05 9.9901E-05 9.9901E-05 0.969411
9.9901E-05 9.9901E-05 9.9901E-05 9.9901E-05 9.9901E-05 9.9901E-05 0.00975037 9.9901E-05 9.9901E-05 9.9901E-05 9.9901E-05 9.9901E-05 0.989151
9.99011E-05 9.99011E-05 9.99011E-05 9.99011E-05 9.99011E-05 0.991479 9.99011E-05 9.99011E-05 9.99011E-05 0.00742229 9.99011E-05 9.99011E-05 9.99011E-05
9.99012E-05 9.99012E-05 9.99012E-05 9.99012E-05 9.99012E-05 0.99756 9.99012E-05 9.99012E-05 0.00134092 9.99012E-05 9.99012E-05 9.99012E-05 9.99012E-05
9.99189E-05 9.99189E-05 9.99189E-05 9.99189E-05 0.0583443 9.99189E-05 9.99189E-05 9.99189E-05 9.99189E-05 9.99189E-05 0.814028 0.0397894 0.0869395
9.99279E-05 9.99279E-05 9.99279E-05 9.99279E-05 0.0379397 9.99279E-05 9.99279E-05 0.0332655 9.99279E-05 9.99279E-05 0.783469 0.0499316 0.0945952
9.99191E-05 0.0120192 9.99191E-05 0.0050933 9.99191E-05 0.962922 9.99191E-05 9.99191E-05 9.99191E-05 9.99191E-05 0.0190659 9.99191E-05 9.99191E-05
9.98921E-05 9.98921E-05 9.98921E-05 9.98921E-05 9.98921E-05 0.998801 9.98921E-05 9.98921E-05 9.98921E-05 9.98921E-05 9.98921E-05 9.98921E-05 9.98921E-05
9.99369E-05 9.99369E-05 0.0138212 9.99369E-05 9.99369E-05 9.99369E-05 0.0167027 0.0366819 9.99369E-05 0.816083 9.99369E-05 0.110202 0.00580992
0.0780793 9.994E-05 0.088115 9.994E-05 0.0444357 9.994E-05 9.994E-05 0.0999366 9.994E-05 0.0389853 0.149462 9.994E-05 0.500387
9.99099E-05 9.99099E-05 0.0717324 9.99099E-05 0.87631 9.99099E-05 0.0509582 9.99099E-05 9.99099E-05 9.99099E-05 9.99099E-05 9.99099E-05 9.99099E-05
0.056521 9.99283E-05 9.99283E-05 0.496536 9.99283E-05 0.0440224 9.99283E-05 0.169915 9.99283E-05 9.99283E-05 0.232206 9.99283E-05 9.99283E-05
0.0151437 9.99282E-05 9.99282E-05 0.519866 9.99282E-05 0.0868703 9.99282E-05 0.223459 9.99282E-05 0.153862 9.99282E-05 9.99282E-05 9.99282E-05
0.0193596 0.790081 9.99191E-05 9.99191E-05 9.99191E-05 0.017611 9.99191E-05 9.99191E-05 0.172049 9.99191E-05 9.99191E-05 9.99191E-05 9.99191E-05
