9.99099E-05 9.99099E-05 0.0587877 0.00577701 9.99099E-05 9.99099E-05 9.99099E-05 9.99099E-05 9.99099E-05 9.99099E-05 9.99099E-05 9.99099E-05 0.934436
9.99279E-05 9.99279E-05 9.99279E-05 9.99279E-05 0.0136792 9.99279E-05 9.99279E-05 9.99279E-05 0.143809 9.99279E-05 0.0526578 0.743283 0.045772
0.239426 9.99374E-05 9.99374E-05 0.0293308 0.0158471 9.99374E-05 9.99374E-05 0.0197128 0.615165 0.0798189 9.99374E-05 9.99374E-05 9.99374E-05
9.9928E-05 0.0327986 9.9928E-05 0.022151 9.9928E-05 0.114972 0.00116405 9.9928E-05 0.828115 9.9928E-05 9.9928E-05 9.9928E-05 9.9928E-05
0.15049 0.0938042 0.187829 9.99372E-05 9.99372E-05 9.99372E-05 9.99372E-05 9.99372E-05 0.374276 9.99372E-05 9.99372E-05 0.140895 0.0520063
0.000564233 9.991E-05 9.991E-05 9.991E-05 9.991E-05 9.991E-05 9.991E-05 0.000643696 0.997793 9.991E-05 9.991E-05 9.991E-05 9.991E-05
0.40911 9.99191E-05 9.99191E-05 9.99191E-05 9.99191E-05 9.99191E-05 0.228397 9.99191E-05 9.99191E-05 0.252247 9.99191E-05 0.109348 9.99191E-05
0.567868 0.119221 0.0829578 0.0357452 9.99458E-05 0.0203592 9.99458E-05 9.99458E-05 0.0868668 9.99458E-05 9.99458E-05 0.0863821 9.99458E-05
0.332918 9.9928E-05 0.0323675 9.9928E-05 9.9928E-05 9.9928E-05 0.278883 9.9928E-05 9.9928E-05 0.149039 9.9928E-05 0.205993 9.9928E-05
9.98922E-05 9.98922E-05 0.998801 9.98922E-05 9.98922E-05 9.98922E-05 9.98922E-05 9.98922E-05 9.98922E-05 9.98922E-05 9.98922E-05 9.98922E-05 9.98922E-05
0.00200233 9.99012E-05 0.996899 9.99012E-05 9.99012E-05 9.99012E-05 9.99012E-05 9.99012E-05 9.99012E-05 9.99012E-05 9.99012E-05 9.99012E-05 9.99012E-05
0.0264113 9.9919E-05 9.9919E-05 0.140472 9.9919E-05 9.9919E-05 9.9919E-05 9.9919E-05 9.9919E-05 0.166502 9.9919E-05 9.9919E-05 0.665715
0.0177506 9.99102E-05 9.99102E-05 9.99102E-05 9.99102E-05 0.0434206 9.99102E-05 9.99102E-05 9.99102E-05 0.93783 9.99102E-05 9.99102E-05 9.99102E-05
9.991E-05 9.991E-05 9.991E-05 9.991E-05 9.991E-05 9.991E-05 9.991E-05 0.0197599 0.950641 9.991E-05 9.991E-05 0.0286001 9.991E-05
9.99101E-05 9.99101E-05 9.99101E-05 9.99101E-05 0.0143146 9.99101E-05 9.99101E-05 9.99101E-05 0.975781 9.99101E-05 9.99101E-05 9.99101E-05 0.00890508
9.9919E-05 9.9919E-05 0.0333878 9.9919E-05 9.9919E-05 9.9919E-05 0.80454 9.9919E-05 9.9919E-05 0.114851 0.046322 9.9919E-05 9.9919E-05
9.99188E-05 9.99188E-05 0.114875 9.99188E-05 0.0169553 9.99188E-05 0.000322112 9.99188E-05 9.99188E-05 9.99188E-05 0.866948 9.99188E-05 9.99188E-05
9.9892E-05 9.9892E-05 9.9892E-05 9.9892E-05 0.998801 9.9892E-05 9.9892E-05 9.9892E-05 9.9892E-05 9.9892E-05 9.9892E-05 9.9892E-05 9.9892E-05
9.9901E-05 9.9901E-05 9.9901E-05 0.0658098 9.9901E-05 9.9901E-05 9.9901E-05 0.933091 9.9901E-05 9.9901E-05 9.9901E-05 9.9901E-05 9.9901E-05
9.99279E-05 9.99279E-05 0.434416 0.0558995 9.99279E-05 9.99279E-05 0.291759 9.99279E-05 9.99279E-05 9.99279E-05 0.0956588 9.99279E-05 0.121467
9.9901E-05 9.9901E-05 9.9901E-05 9.9901E-05 0.0919626 9.9901E-05 9.9901E-05 0.906938 9.9901E-05 9.9901E-05 9.9901E-05 9.9901E-05 9.9901E-05
9.99459E-05 9.99459E-05 0.0862874 0.0103248 0.0150994 9.99459E-05 0.27711 9.99459E-05 9.99459E-05 0.0365286 0.0564534 9.99459E-05 0.517596
9.99281E-05 0.00508498 0.243188 0.195817 9.99281E-05 9.99281E-05 9.99281E-05 0.371809 9.99281E-05 9.99281E-05 0.183302 9.99281E-05 9.99281E-05
9.99189E-05 9.99189E-05 0.064155 0.00475398 9.99189E-05 9.99189E-05 9.99189E-05 0.892103 9.99189E-05 9.99189E-05 0.0380885 9.99189E-05 9.99189E-05
9.99012E-05 9.99012E-05 9.99012E-05 9.99012E-05 9.99012E-05 0.570606 9.99012E-05 9.99012E-05 0.428295 9.99012E-05 9.99012E-05 9.99012E-05 9.99012E-05
9.99011E-05 9.99011E-05 9.99011E-05 9.99011E-05 9.99011E-05 0.135205 9.99011E-05 9.99011E-05 0.863696 9.99011E-05 9.99011E-05 9.99011E-05 9.99011E-05
9.99278E-05 9.99278E-05 0.0763063 0.0690279 9.99278E-05 9.99278E-05 9.99278E-05 9.99278E-05 9.99278E-05 0.728002 0.014478 9.99278E-05 0.111387
9.98921E-05 9.98921E-05 9.98921E-05 9.98921E-05 9.98921E-05 0.998801 9.98921E-05 9.98921E-05 9.98921E-05 9.98921E-05 9.98921E-05 9.98921E-05 9.98921E-05
9.98921E-05 9.98921E-05 9.98921E-05 9.98921E-05 9.98921E-05 0.998801 9.98921E-05 9.98921E-05 9.98921E-05 9.98921E-05 9.98921E-05 9.98921E-05 9.98921E-05
0.177968 0.148873 9.99372E-05 0.00435286 0.0724965 0.278907 9.99372E-05 9.99372E-05 0.316704 9.99372E-05 9.99372E-05 9.99372E-05 9.99372E-05
0.408689 0.0906909 9.99369E-05 0.0512781 9.99369E-05 0.190162 9.99369E-05 9.99369E-05 0.215365 9.99369E-05 9.99369E-05 0.0431152 9.99369E-05
9.98923E-05 9.98923E-05 9.98923E-05 9.98923E-05 9.98923E-05 9.98923E-05 9.98923E-05 9.98923E-05 9.98923E-05 9.98923E-05 9.98923E-05 0.998801 9.98923E-05
0.159685 9.99101E-05 9.99101E-05 9.99101E-05 9.99101E-05 0.224659 9.99101E-05 9.99101E-05 0.614657 9.99101E-05 9.99101E-05 9.99101E-05 9.99101E-05
0.225229 0.695339 9.99191E-05 9.99191E-05 9.99191E-05 0.0691325 9.99191E-05 9.99191E-05 9.99191E-05 9.99191E-05 0.00939984 9.99191E-05 9.99191E-05
9.99367E-05 9.99367E-05 0.0635671 0.0860358 9.99367E-05 0.0343635 9.99367E-05 9.99367E-05 9.99367E-05 0.427109 0.37239 9.99367E-05 0.0158352
0.0306652 9.99279E-05 9.99279E-05 9.99279E-05 9.99279E-05 0.570789 9.99279E-05 9.99279E-05 0.373186 0.00123836 0.0233222 9.99279E-05 9.99279E-05
0.0196177 9.991E-05 9.991E-05 9.991E-05 9.991E-05 9.991E-05 9.991E-05 9.991E-05 9.991E-05 9.991E-05 0.059042 9.991E-05 0.920341
0.0334765 9.9928E-05 0.625879 9.9928E-05 9.9928E-05 9.9928E-05 9.9928E-05 9.9928E-05 9.9928E-05 0.00705366 9.9928E-05 0.183524 0.149267
0.0315602 9.99009E-05 9.99009E-05 9.99009E-05 9.99009E-05 9.99009E-05 9.99009E-05 9.99009E-05 9.99009E-05 9.99009E-05 0.967341 9.99009E-05 9.99009E-05
9.993E-05 9.993E-05 0.212898 9.993E-05 0.0592408 9.993E-05 0.264514 9.993E-05 0.120613 9.993E-05 0.0962519 9.993E-05 0.245783
9.99458E-05 9.99458E-05 0.255034 0.0237837 0.0881327 9.99458E-05 0.248181 9.99458E-05 0.0691064 9.99458E-05 0.0379105 9.99458E-05 0.277252
9.99099E-05 9.99099E-05 0.920299 9.99099E-05 9.99099E-05 9.99099E-05 0.0136329 9.99099E-05 9.99099E-05 9.99099E-05 9.99099E-05 9.99099E-05 0.0650689
9.99191E-05 9.99191E-05 9.99191E-05 9.99191E-05 9.99191E-05 9.99191E-05 0.935033 0.00158825 9.99191E-05 0.0435401 9.99191E-05 0.0189395 9.99191E-05
9.99099E-05 9.99099E-05 0.871402 9.99099E-05 9.99099E-05 9.99099E-05 9.99099E-05 9.99099E-05 9.99099E-05 9.99099E-05 0.0698481 9.99099E-05 0.0577509
9.99549E-05 9.99549E-05 0.421525 0.0495488 9.99549E-05 9.99549E-05 0.0782293 0.125345 9.99549E-05 0.126014 0.0782041 0.0723717 0.0482624
9.9955E-05 9.9955E-05 0.516391 9.9955E-05 9.9955E-05 9.9955E-05 0.129184 0.0317808 0.0839287 0.0167138 0.0383601 0.0325419 0.1506
9.9946E-05 0.0345786 0.231975 9.9946E-05 9.9946E-05 0.0481436 9.9946E-05 9.9946E-05 0.0125632 0.06106 0.404601 9.9946E-05 0.206479
9.99016E-05 9.99016E-05 9.99016E-05 9.99016E-05 0.0149394 9.99016E-05 9.99016E-05 9.99016E-05 9.99016E-05 9.99016E-05 9.99016E-05 9.99016E-05 0.983962
9.98921E-05 0.998801 9.98921E-05 9.98921E-05 9.98921E-05 9.98921E-05 9.98921E-05 9.98921E-05 9.98921E-05 9.98921E-05 9.98921E-05 9.98921E-05 9.98921E-05
9.99101E-05 0.990396 9.99101E-05 9.99101E-05 9.99101E-05 0.00113159 9.99101E-05 0.00747356 9.99101E-05 9.99101E-05 9.99101E-05 9.99101E-05 9.99101E-05
9.99012E-05 0.966686 9.99012E-05 9.99012E-05 9.99012E-05 9.99012E-05 9.99012E-05 9.99012E-05 0.0322147 9.99012E-05 9.99012E-05 9.99012E-05 9.99012E-05
9.98922E-05 0.998801 9.98922E-05 9.98922E-05 9.98922E-05 9.98922E-05 9.98922E-05 9.98922E-05 9.98922E-05 9.98922E-05 9.98922E-05 9.98922E-05 9.98922E-05
9.98921E-05 0.998801 9.98921E-05 9.98921E-05 9.98921E-05 9.98921E-05 9.98921E-05 9.98921E-05 9.98921E-05 9.98921E-05 9.98921E-05 9.98921E-05 9.98921E-05
0.358771 0.339223 0.0255219 9.99551E-05 0.035245 0.0610382 0.106501 9.99551E-05 0.0410416 9.99551E-05 9.99551E-05 0.0321593 9.99551E-05
9.99101E-05 0.928999 9.99101E-05 9.99101E-05 9.99101E-05 9.99101E-05 9.99101E-05 9.99101E-05 9.99101E-05 9.99101E-05 9.99101E-05 0.0614577 0.00854467
9.99099E-05 9.99099E-05 9.99099E-05 9.99099E-05 9.99099E-05 9.99099E-05 0.188815 9.99099E-05 9.99099E-05 0.0151042 9.99099E-05 9.99099E-05 0.795082
9.9928E-05 0.027675 9.9928E-05 0.0025719 9.9928E-05 9.9928E-05 9.9928E-05 9.9928E-05 9.9928E-05 9.9928E-05 0.000865221 0.965907 0.00218163
9.99099E-05 9.99099E-05 9.99099E-05 9.99099E-05 9.99099E-05 0.400546 9.99099E-05 9.99099E-05 0.587266 9.99099E-05 0.0111896 9.99099E-05 9.99099E-05
9.9928E-05 9.9928E-05 9.9928E-05 0.0534484 9.9928E-05 9.9928E-05 0.0788895 9.9928E-05 0.000671279 0.846727 9.9928E-05 9.9928E-05 0.0194641
9.99103E-05 9.99103E-05 9.99103E-05 9.99103E-05 9.99103E-05 9.99103E-05 0.943332 9.99103E-05 9.99103E-05 0.0391641 0.016505 9.99103E-05 9.99103E-05
0.0218296 9.99013E-05 9.99013E-05 9.99013E-05 9.99013E-05 9.99013E-05 9.99013E-05 9.99013E-05 9.99013E-05 0.977072 9.99013E-05 9.99013E-05 9.99013E-05
9.99099E-05 9.99099E-05 0.0886216 9.99099E-05 9.99099E-05 9.99099E-05 9.99099E-05 9.99099E-05 0.011205 0.899174 9.99099E-05 9.99099E-05 9.99099E-05
9.99188E-05 9.99188E-05 0.112261 0.0574038 0.0266366 9.99188E-05 9.99188E-05 9.99188E-05 9.99188E-05 0.802799 9.99188E-05 9.99188E-05 9.99188E-05
9.99192E-05 0.0107122 0.00596218 9.99192E-05 9.99192E-05 9.99192E-05 9.99192E-05 0.879924 9.99192E-05 9.99192E-05 9.99192E-05 9.99192E-05 0.102502
9.99014E-05 9.99014E-05 9.99014E-05 9.99014E-05 9.99014E-05 0.674292 9.99014E-05 9.99014E-05 0.324609 9.99014E-05 9.99014E-05 9.99014E-05 9.99014E-05
0.0520633 0.102261 0.142414 9.9991E-05 0.021278 0.156456 0.136626 0.0432687 0.0923188 0.0628306 0.0635681 0.0374797 0.0893362
0.0399507 0.0403461 9.99372E-05 9.99372E-05 9.99372E-05 0.0648284 0.00378107 9.99372E-05 0.839403 0.0109915 9.99372E-05 9.99372E-05 9.99372E-05
0.0109152 0.0175523 9.9937E-05 9.9937E-05 9.9937E-05 0.160855 9.9937E-05 9.9937E-05 0.791115 9.9937E-05 0.0117048 9.9937E-05 0.00715871
9.9892E-05 9.9892E-05 9.9892E-05 9.9892E-05 9.9892E-05 0.998801 9.9892E-05 9.9892E-05 9.9892E-05 9.9892E-05 9.9892E-05 9.9892E-05 9.9892E-05
9.99012E-05 9.99012E-05 9.99012E-05 9.99012E-05 9.99012E-05 0.991295 9.99012E-05 9.99012E-05 9.99012E-05 9.99012E-05 9.99012E-05 0.0076059 9.99012E-05
0.101001 9.99461E-05 0.0272536 0.0124011 9.99461E-05 0.127421 9.99461E-05 9.99461E-05 0.712403 9.99461E-05 9.99461E-05 0.0159218 0.00300003
9.99099E-05 9.99099E-05 9.99099E-05 9.99099E-05 9.99099E-05 0.449268 9.99099E-05 9.99099E-05 0.529449 9.99099E-05 0.0202838 9.99099E-05 9.99099E-05
0.896878 0.0625764 9.99188E-05 9.99188E-05 9.99188E-05 9.99188E-05 9.99188E-05 9.99188E-05 0.0306852 9.99188E-05 0.00896112 9.99188E-05 9.99188E-05
0.972455 9.99099E-05 9.99099E-05 9.99099E-05 9.99099E-05 0.0160237 9.99099E-05 9.99099E-05 9.99099E-05 0.0105223 9.99099E-05 9.99099E-05 9.99099E-05
9.9946E-05 0.0301374 9.9946E-05 0.00755639 9.9946E-05 0.155804 0.0089022 9.9946E-05 0.779171 0.00383306 9.9946E-05 0.0139965 9.9946E-05
9.99189E-05 0.0146999 9.99189E-05 0.0167835 9.99189E-05 9.99189E-05 0.954886 9.99189E-05 0.0127316 9.99189E-05 9.99189E-05 9.99189E-05 9.99189E-05
9.99009E-05 0.0303653 9.99009E-05 9.99009E-05 9.99009E-05 9.99009E-05 0.968536 9.99009E-05 9.99009E-05 9.99009E-05 9.99009E-05 9.99009E-05 9.99009E-05
9.99011E-05 9.99011E-05 9.99011E-05 0.995357 9.99011E-05 9.99011E-05 9.99011E-05 9.99011E-05 9.99011E-05 9.99011E-05 9.99011E-05 9.99011E-05 0.00354425
9.99011E-05 9.99011E-05 9.99011E-05 0.99277 0.0061308 9.99011E-05 9.99011E-05 9.99011E-05 9.99011E-05 9.99011E-05 9.99011E-05 9.99011E-05 9.99011E-05
9.99279E-05 9.99279E-05 0.789195 9.99279E-05 0.00260502 9.99279E-05 0.109567 9.99279E-05 9.99279E-05 9.99279E-05 9.99279E-05 0.0469235 0.05091
9.99459E-05 9.99459E-05 0.729559 9.99459E-05 0.020574 0.000114132 0.136761 9.99459E-05 9.99459E-05 0.056429 9.99459E-05 0.03921 0.0167534
0.0062846 9.99192E-05 0.00218931 0.970431 9.99192E-05 9.99192E-05 9.99192E-05 9.99192E-05 9.99192E-05 9.99192E-05 9.99192E-05 0.0201961 9.99192E-05
9.98922E-05 9.98922E-05 9.98922E-05 0.998801 9.98922E-05 9.98922E-05 9.98922E-05 9.98922E-05 9.98922E-05 9.98922E-05 9.98922E-05 9.98922E-05 9.98922E-05
9.9919E-05 0.00293495 9.9919E-05 9.9919E-05 9.9919E-05 9.9919E-05 0.000406203 9.9919E-05 9.9919E-05 0.0347065 9.9919E-05 9.9919E-05 0.961053
9.9946E-05 9.9946E-05 0.100849 9.9946E-05 0.0842046 9.9946E-05 0.526604 0.00849866 9.9946E-05 0.187545 9.9946E-05 0.0772404 0.014459
9.9901E-05 0.0543346 9.9901E-05 9.9901E-05 9.9901E-05 9.9901E-05 9.9901E-05 9.9901E-05 9.9901E-05 9.9901E-05 9.9901E-05 0.944567 9.9901E-05
9.99372E-05 9.99372E-05 0.13763 9.99372E-05 9.99372E-05 0.000552275 9.99372E-05 0.0827088 9.99372E-05 0.133553 0.634631 0.0102257 9.99372E-05
9.99371E-05 9.99371E-05 9.99371E-05 0.0715639 9.99371E-05 9.99371E-05 0.0562788 0.0351089 9.99371E-05 0.224201 0.571617 9.99371E-05 0.0405305
0.448191 0.0748621 9.99371E-05 0.076791 9.99371E-05 0.379183 9.99371E-05 0.0149357 0.00533739 9.99371E-05 9.99371E-05 9.99371E-05 9.99371E-05
