0.00606878 9.99369E-05 9.99369E-05 9.99369E-05 9.99369E-05 0.952706 9.99369E-05 9.99369E-05 0.0405252 9.99369E-05
0.0182541 9.99549E-05 0.679994 9.99549E-05 0.0269409 0.121064 9.99549E-05 9.99549E-05 9.99549E-05 0.153247
0.0401955 0.289019 9.99554E-05 0.0777513 9.99554E-05 9.99554E-05 0.0102959 9.99554E-05 9.99554E-05 0.582239
0.0256631 9.9937E-05 9.9937E-05 9.9937E-05 9.9937E-05 9.9937E-05 9.9937E-05 0.0214283 9.9937E-05 0.952209
9.99731E-05 0.0725298 0.328103 9.99731E-05 0.0256848 0.0416691 9.99731E-05 0.0297102 0.135808 0.366196
9.99281E-05 9.99281E-05 9.99281E-05 9.99281E-05 0.0285663 9.99281E-05 9.99281E-05 9.99281E-05 9.99281E-05 0.970634
9.99372E-05 0.0690155 0.555941 0.374344 9.99372E-05 9.99372E-05 9.99372E-05 9.99372E-05 9.99372E-05 9.99372E-05
0.00807734 0.688465 0.102246 9.99639E-05 9.99639E-05 9.99639E-05 9.99639E-05 0.0554476 0.0754759 0.0698884
9.99461E-05 0.0212957 0.708419 0.236177 9.99461E-05 9.99461E-05 9.99461E-05 9.99461E-05 0.0335087 9.99461E-05
9.99201E-05 9.99201E-05 9.99201E-05 9.99201E-05 9.99201E-05 9.99201E-05 9.99201E-05 9.99201E-05 0.999101 9.99201E-05
9.99201E-05 9.99201E-05 9.99201E-05 9.99201E-05 9.99201E-05 9.99201E-05 9.99201E-05 9.99201E-05 0.999101 9.99201E-05
0.130531 9.9946E-05 9.9946E-05 0.198465 9.9946E-05 0.642388 9.9946E-05 9.9946E-05 9.9946E-05 0.0280162
9.99282E-05 0.0109344 9.99282E-05 0.988266 9.99282E-05 9.99282E-05 9.99282E-05 9.99282E-05 9.99282E-05 9.99282E-05
9.99281E-05 9.99281E-05 9.99281E-05 9.99281E-05 0.0580346 9.99281E-05 9.99281E-05 9.99281E-05 9.99281E-05 0.941166
9.9946E-05 9.9946E-05 9.9946E-05 9.9946E-05 9.9946E-05 0.0204538 0.00338608 9.9946E-05 0.028407 0.947153
9.9964E-05 9.9964E-05 0.037968 0.360869 0.0474468 0.107969 9.9964E-05 0.0201258 0.425222 9.9964E-05
9.99278E-05 9.99278E-05 9.99278E-05 9.99278E-05 0.905454 9.99278E-05 9.99278E-05 9.99278E-05 0.0937466 9.99278E-05
9.99459E-05 9.99459E-05 9.99459E-05 9.99459E-05 9.99459E-05 0.00660417 0.72571 0.0451857 0.221901 9.99459E-05
0.0904957 9.99279E-05 9.99279E-05 9.99279E-05 9.99279E-05 9.99279E-05 0.908705 9.99279E-05 9.99279E-05 9.99279E-05
0.0345566 9.9955E-05 9.9955E-05 0.022318 0.0942955 0.150446 9.9955E-05 9.9955E-05 0.697884 9.9955E-05
9.9928E-05 0.00863826 9.9928E-05 9.9928E-05 9.9928E-05 9.9928E-05 0.990562 9.9928E-05 9.9928E-05 9.9928E-05
0.0327932 9.99549E-05 9.99549E-05 0.09253 0.0457635 0.542838 9.99549E-05 9.99549E-05 0.285576 9.99549E-05
0.117986 9.9946E-05 9.9946E-05 9.9946E-05 0.429072 9.9946E-05 0.350595 9.9946E-05 0.101748 9.9946E-05
0.040095 9.9937E-05 9.9937E-05 9.9937E-05 0.066386 9.9937E-05 0.892819 9.9937E-05 9.9937E-05 9.9937E-05
9.99282E-05 9.99282E-05 9.99282E-05 9.99282E-05 9.99282E-05 9.99282E-05 9.99282E-05 0.000594521 9.99282E-05 0.998606
9.99201E-05 9.99201E-05 9.99201E-05 9.99201E-05 9.99201E-05 9.99201E-05 9.99201E-05 9.99201E-05 9.99201E-05 0.999101
0.0440881 9.99549E-05 9.99549E-05 0.774855 0.0451231 0.0367318 9.99549E-05 9.99549E-05 0.0987024 9.99549E-05
9.9946E-05 9.9946E-05 0.0110221 0.0121981 9.9946E-05 9.9946E-05 9.9946E-05 0.0546913 9.9946E-05 0.921489
9.9946E-05 0.00495711 9.9946E-05 0.00182973 9.9946E-05 9.9946E-05 9.9946E-05 0.0874427 9.9946E-05 0.905171
9.99641E-05 0.230529 9.99641E-05 9.99641E-05 0.0208825 0.00564718 0.00876198 0.19247 9.99641E-05 0.541309
0.0257815 0.585143 9.99549E-05 9.99549E-05 0.0344578 9.99549E-05 9.99549E-05 0.0283989 9.99549E-05 0.325719
9.99201E-05 9.99201E-05 0.999101 9.99201E-05 9.99201E-05 9.99201E-05 9.99201E-05 9.99201E-05 9.99201E-05 9.99201E-05
9.99281E-05 0.182895 9.99281E-05 9.99281E-05 9.99281E-05 9.99281E-05 9.99281E-05 9.99281E-05 9.99281E-05 0.816306
9.99371E-05 0.288364 9.99371E-05 9.99371E-05 9.99371E-05 0.0116763 9.99371E-05 0.69926 9.99371E-05 9.99371E-05
0.110682 0.0458815 9.99638E-05 0.428095 0.347187 0.0644826 9.99638E-05 0.00327207 9.99638E-05 9.99638E-05
9.9964E-05 0.0272164 0.0203097 0.00321966 0.0227376 0.00346422 9.9964E-05 9.9964E-05 9.9964E-05 0.922653
9.9928E-05 0.0274771 9.9928E-05 9.9928E-05 9.9928E-05 0.971724 9.9928E-05 9.9928E-05 9.9928E-05 9.9928E-05
9.9973E-05 0.030222 0.175019 9.9973E-05 0.0343809 0.053908 0.0264358 0.00578534 0.673949 9.9973E-05
9.99279E-05 0.0266132 9.99279E-05 9.99279E-05 0.972587 9.99279E-05 9.99279E-05 9.99279E-05 9.99279E-05 9.99279E-05
9.99459E-05 9.99459E-05 9.99459E-05 9.99459E-05 0.105088 0.234318 9.99459E-05 9.99459E-05 0.557188 0.102807
9.99639E-05 9.99639E-05 0.00507737 9.99639E-05 0.0637058 0.257457 0.0055555 9.99639E-05 0.594041 0.0737641
9.9937E-05 9.9937E-05 9.9937E-05 9.9937E-05 0.0117298 0.00626031 9.9937E-05 9.9937E-05 0.98131 9.9937E-05
9.99459E-05 9.99459E-05 0.135977 0.289937 9.99459E-05 0.0989579 9.99459E-05 9.99459E-05 0.474528 9.99459E-05
0.00479354 9.9946E-05 9.9946E-05 9.9946E-05 0.0498807 0.00851504 9.9946E-05 9.9946E-05 0.936211 9.9946E-05
0.0954879 9.9973E-05 0.0463011 0.153107 0.0837826 0.0221237 0.109191 9.9973E-05 0.489707 9.9973E-05
0.0018486 0.0563807 9.9982E-05 0.0525797 0.0870798 0.133661 0.0494854 9.9982E-05 0.58696 0.0318049
9.9964E-05 9.9964E-05 0.0766088 0.0667442 0.423372 0.214514 9.9964E-05 9.9964E-05 0.103348 0.115013
9.99284E-05 9.99284E-05 9.99284E-05 9.99284E-05 9.99284E-05 0.982613 0.0165875 9.99284E-05 9.99284E-05 9.99284E-05
9.99201E-05 9.99201E-05 9.99201E-05 9.99201E-05 9.99201E-05 9.99201E-05 9.99201E-05 0.999101 9.99201E-05 9.99201E-05
9.99201E-05 9.99201E-05 9.99201E-05 9.99201E-05 9.99201E-05 9.99201E-05 9.99201E-05 0.999101 9.99201E-05 9.99201E-05
9.99201E-05 9.99201E-05 9.99201E-05 9.99201E-05 9.99201E-05 9.99201E-05 9.99201E-05 0.999101 9.99201E-05 9.99201E-05
9.99201E-05 9.99201E-05 9.99201E-05 9.99201E-05 9.99201E-05 9.99201E-05 9.99201E-05 0.999101 9.99201E-05 9.99201E-05
9.99201E-05 9.99201E-05 9.99201E-05 9.99201E-05 9.99201E-05 9.99201E-05 9.99201E-05 0.999101 9.99201E-05 9.99201E-05
9.9982E-05 0.3155 0.176534 0.00810993 0.0595661 9.9982E-05 0.0132417 0.365371 0.00370118 0.0577759
0.0276418 9.9937E-05 0.0807888 9.9937E-05 9.9937E-05 9.9937E-05 9.9937E-05 0.89087 9.9937E-05 9.9937E-05
9.99369E-05 9.99369E-05 9.99369E-05 0.0630847 9.99369E-05 0.891045 9.99369E-05 9.99369E-05 0.0451704 9.99369E-05
0.00317226 9.99458E-05 0.904798 9.99458E-05 9.99458E-05 0.0164576 9.99458E-05 0.0749726 9.99458E-05 9.99458E-05
9.9928E-05 9.9928E-05 9.9928E-05 9.9928E-05 0.0268874 9.9928E-05 9.9928E-05 9.9928E-05 9.9928E-05 0.972313
0.0739491 9.9937E-05 9.9937E-05 0.861232 9.9937E-05 0.064119 9.9937E-05 9.9937E-05 9.9937E-05 9.9937E-05
9.99461E-05 9.99461E-05 9.99461E-05 0.38933 9.99461E-05 0.173214 9.99461E-05 9.99461E-05 0.381652 0.0552042
9.99282E-05 9.99282E-05 9.99282E-05 0.98927 9.99282E-05 9.99282E-05 0.00993066 9.99282E-05 9.99282E-05 9.99282E-05
9.99369E-05 9.99369E-05 9.99369E-05 0.881959 9.99369E-05 9.99369E-05 9.99369E-05 9.99369E-05 0.108473 0.00886813
0.0720969 9.99459E-05 9.99459E-05 0.791874 0.0758553 9.99459E-05 9.99459E-05 9.99459E-05 0.0595741 9.99459E-05
9.99282E-05 9.99282E-05 9.99282E-05 9.99282E-05 9.99282E-05 0.0937099 0.905491 9.99282E-05 9.99282E-05 9.99282E-05
0.010821 9.99283E-05 9.99283E-05 9.99283E-05 9.99283E-05 9.99283E-05 9.99283E-05 9.99283E-05 9.99283E-05 0.98838
0.124539 0.256362 0.214398 0.0589376 0.0527613 0.0439172 0.00412146 0.0547079 0.0744854 0.11577
9.99372E-05 0.0887555 9.99372E-05 0.0249794 9.99372E-05 9.99372E-05 9.99372E-05 9.99372E-05 9.99372E-05 0.885566
9.9937E-05 9.9937E-05 9.9937E-05 9.9937E-05 0.0463012 0.00719304 9.9937E-05 9.9937E-05 9.9937E-05 0.945806
9.9955E-05 0.0588276 0.0214239 0.0322676 9.9955E-05 9.9955E-05 9.9955E-05 0.0269314 9.9955E-05 0.86005
9.9946E-05 0.0303838 0.0740464 9.9946E-05 9.9946E-05 9.9946E-05 9.9946E-05 0.00876154 9.9946E-05 0.886209
9.99641E-05 0.126883 0.0113907 9.99641E-05 0.0127115 0.0109994 9.99641E-05 9.99641E-05 0.0605659 0.777049
9.9928E-05 9.9928E-05 9.9928E-05 9.9928E-05 0.0161982 9.9928E-05 9.9928E-05 9.9928E-05 9.9928E-05 0.983002
9.99201E-05 0.999101 9.99201E-05 9.99201E-05 9.99201E-05 9.99201E-05 9.99201E-05 9.99201E-05 9.99201E-05 9.99201E-05
9.9928E-05 0.953609 9.9928E-05 0.0455919 9.9928E-05 9.9928E-05 9.9928E-05 9.9928E-05 9.9928E-05 9.9928E-05
0.01728 9.99371E-05 9.99371E-05 9.99371E-05 9.99371E-05 9.99371E-05 9.99371E-05 0.0105678 9.99371E-05 0.971453
0.0125966 9.99639E-05 0.16895 0.17234 9.99639E-05 0.0796905 9.99639E-05 9.99639E-05 0.51139 0.0546332
0.0265189 9.99729E-05 0.128178 0.186684 9.99729E-05 0.0384677 9.99729E-05 0.00644656 0.537732 0.0756721
0.999101 9.99201E-05 9.99201E-05 9.99201E-05 9.99201E-05 9.99201E-05 9.99201E-05 9.99201E-05 9.99201E-05 9.99201E-05
0.999101 9.99201E-05 9.99201E-05 9.99201E-05 9.99201E-05 9.99201E-05 9.99201E-05 9.99201E-05 9.99201E-05 9.99201E-05
9.9946E-05 9.9946E-05 0.0684314 0.0122999 9.9946E-05 0.0101844 9.9946E-05 9.9946E-05 0.908485 9.9946E-05
9.9955E-05 0.00149538 0.00454269 0.0731876 9.9955E-05 0.00791907 9.9955E-05 9.9955E-05 0.912356 9.9955E-05
0.941214 0.00298268 9.99371E-05 9.99371E-05 9.99371E-05 9.99371E-05 9.99371E-05 9.99371E-05 0.055104 9.99371E-05
0.999101 9.99201E-05 9.99201E-05 9.99201E-05 9.99201E-05 9.99201E-05 9.99201E-05 9.99201E-05 9.99201E-05 9.99201E-05
9.99369E-05 9.99369E-05 9.99369E-05 0.0346714 9.99369E-05 0.937952 9.99369E-05 0.0266766 9.99369E-05 9.99369E-05
9.9955E-05 9.9955E-05 0.11868 0.303064 9.9955E-05 0.0599072 0.0482073 9.9955E-05 0.469641 9.9955E-05
9.99201E-05 9.99201E-05 0.935996 9.99201E-05 9.99201E-05 9.99201E-05 9.99201E-05 0.063205 9.99201E-05 9.99201E-05
9.99551E-05 9.99551E-05 0.0048739 0.172172 0.765546 9.99551E-05 0.0270708 0.0298373 9.99551E-05 9.99551E-05
0.0731953 9.99461E-05 9.99461E-05 0.201749 0.594785 0.129671 9.99461E-05 9.99461E-05 9.99461E-05 9.99461E-05
0.00788526 0.682852 9.9955E-05 9.9955E-05 9.9955E-05 9.9955E-05 0.0207929 0.0571136 9.9955E-05 0.230856
