0.0836925 9.994E-05 0.0101319 9.994E-05 9.994E-05 9.994E-05 9.994E-05 0.0228427 0.882733 9.994E-05
9.99548E-05 0.18444 0.0408084 9.99548E-05 9.99548E-05 9.99548E-05 0.606449 0.0193294 0.148474 9.99548E-05
9.99733E-05 0.683294 0.0431538 0.0335341 0.0709634 0.117671 0.0497548 0.00132948 9.99733E-05 9.99733E-05
9.9937E-05 0.921781 9.9937E-05 9.9937E-05 9.9937E-05 0.0676256 9.9937E-05 9.9937E-05 9.9937E-05 0.00989342
0.175816 0.420696 9.99551E-05 9.99551E-05 9.99551E-05 9.99551E-05 0.362488 9.99551E-05 0.035656 0.00484492
9.9928E-05 0.98537 9.9928E-05 9.9928E-05 0.0138303 9.9928E-05 9.9928E-05 9.9928E-05 9.9928E-05 9.9928E-05
9.99371E-05 9.99371E-05 9.99371E-05 9.99371E-05 0.275487 9.99371E-05 0.695618 0.0281946 9.99371E-05 9.99371E-05
0.113056 9.99461E-05 9.99461E-05 9.99461E-05 9.99461E-05 0.430277 0.281839 9.99461E-05 9.99461E-05 0.174229
9.9937E-05 9.9937E-05 9.9937E-05 9.9937E-05 0.17317 9.9937E-05 0.68762 0.138511 9.9937E-05 9.9937E-05
0.964948 9.99281E-05 9.99281E-05 9.99281E-05 9.99281E-05 9.99281E-05 0.0342531 9.99281E-05 9.99281E-05 9.99281E-05
0.981432 9.99281E-05 9.99281E-05 9.99281E-05 9.99281E-05 9.99281E-05 0.0177687 9.99281E-05 9.99281E-05 9.99281E-05
9.9964E-05 0.00437122 0.13832 9.9964E-05 0.163073 0.0521537 9.9964E-05 0.00341591 0.638267 9.9964E-05
9.99281E-05 9.99281E-05 9.99281E-05 9.99281E-05 0.981553 0.0176476 9.99281E-05 9.99281E-05 9.99281E-05 9.99281E-05
9.9937E-05 0.969143 9.9937E-05 0.0172392 0.0129185 9.9937E-05 9.9937E-05 9.9937E-05 9.9937E-05 9.9937E-05
9.9937E-05 0.961271 9.9937E-05 0.00852106 9.9937E-05 9.9937E-05 9.9937E-05 9.9937E-05 0.0295085 9.9937E-05
0.0240383 9.9937E-05 9.9937E-05 9.9937E-05 0.160656 9.9937E-05 9.9937E-05 0.814606 9.9937E-05 9.9937E-05
0.361914 9.99551E-05 0.338713 0.0556299 0.203465 9.99551E-05 9.99551E-05 0.0397784 9.99551E-05 9.99551E-05
0.11083 9.99639E-05 9.99639E-05 0.713289 9.99639E-05 9.99639E-05 0.0428775 0.0607116 0.0444215 0.0274707
9.9928E-05 9.9928E-05 0.0686441 0.930557 9.9928E-05 9.9928E-05 9.9928E-05 9.9928E-05 9.9928E-05 9.9928E-05
0.498096 9.99459E-05 0.0745465 9.99459E-05 9.99459E-05 9.99459E-05 9.99459E-05 0.332316 0.094442 9.99459E-05
9.99201E-05 9.99201E-05 9.99201E-05 0.999101 9.99201E-05 9.99201E-05 9.99201E-05 9.99201E-05 9.99201E-05 9.99201E-05
0.0819188 9.9955E-05 0.00503437 9.9955E-05 0.0501962 9.9955E-05 9.9955E-05 0.317543 0.544808 9.9955E-05
0.268218 9.9955E-05 0.296506 0.397808 9.9955E-05 0.0140841 9.9955E-05 9.9955E-05 9.9955E-05 0.0228843
0.0318777 9.99369E-05 0.0784138 0.889009 9.99369E-05 9.99369E-05 9.99369E-05 9.99369E-05 9.99369E-05 9.99369E-05
9.99281E-05 0.404367 9.99281E-05 9.99281E-05 9.99281E-05 0.594833 9.99281E-05 9.99281E-05 9.99281E-05 9.99281E-05
9.99281E-05 0.81812 9.99281E-05 9.99281E-05 9.99281E-05 0.181081 9.99281E-05 9.99281E-05 9.99281E-05 9.99281E-05
0.127943 9.99459E-05 0.0548433 9.99459E-05 0.752782 9.99459E-05 9.99459E-05 9.99459E-05 0.0638321 9.99459E-05
9.99201E-05 9.99201E-05 9.99201E-05 9.99201E-05 9.99201E-05 0.999101 9.99201E-05 9.99201E-05 9.99201E-05 9.99201E-05
9.99201E-05 9.99201E-05 9.99201E-05 9.99201E-05 9.99201E-05 0.999101 9.99201E-05 9.99201E-05 9.99201E-05 9.99201E-05
9.99821E-05 0.178865 0.00992683 0.0134508 0.000474358 0.624574 0.0276282 9.99821E-05 0.0330486 0.111832
0.0378017 0.266733 0.0174454 9.9964E-05 9.9964E-05 0.462305 0.0786925 9.9964E-05 9.9964E-05 0.136623
9.9946E-05 0.0196618 9.9946E-05 9.9946E-05 9.9946E-05 9.9946E-05 0.927899 9.9946E-05 0.0171445 0.0346947
9.99371E-05 0.60732 9.99371E-05 9.99371E-05 9.99371E-05 0.384662 9.99371E-05 0.00731886 9.99371E-05 9.99371E-05
9.99372E-05 9.99372E-05 9.99372E-05 9.99372E-05 9.99372E-05 0.105675 0.100948 9.99372E-05 9.99372E-05 0.792678
0.0792632 9.99548E-05 0.164467 9.99548E-05 0.560615 0.0819165 9.99548E-05 9.99548E-05 0.113239 9.99548E-05
9.99368E-05 0.348685 0.0097616 9.99368E-05 9.99368E-05 0.640854 9.99368E-05 9.99368E-05 9.99368E-05 9.99368E-05
9.9928E-05 0.0307335 9.9928E-05 9.9928E-05 9.9928E-05 9.9928E-05 9.9928E-05 9.9928E-05 0.968467 9.9928E-05
0.707746 0.0352843 9.99549E-05 9.99549E-05 9.99549E-05 0.0118948 0.139952 9.99549E-05 0.104623 9.99549E-05
0.221001 0.155499 0.336772 0.0503921 0.178238 9.99731E-05 9.99731E-05 0.0451458 0.0126521 9.99731E-05
0.333052 0.117705 0.00454632 0.0143598 9.99639E-05 9.99639E-05 9.99639E-05 0.288153 0.241784 9.99639E-05
0.360225 0.0626773 0.0147289 0.017566 9.99639E-05 9.99639E-05 9.99639E-05 0.270084 0.274318 9.99639E-05
0.907117 9.99369E-05 9.99369E-05 9.99369E-05 9.99369E-05 9.99369E-05 9.99369E-05 0.0381712 0.0540127 9.99369E-05
0.0339549 9.9955E-05 9.9955E-05 0.00339301 0.0333427 9.9955E-05 9.9955E-05 0.913005 0.0158045 9.9955E-05
0.893528 9.99639E-05 0.0218631 9.99639E-05 0.022032 0.0217388 9.99639E-05 9.99639E-05 0.038441 0.00199783
0.43567 9.9973E-05 0.108838 0.0916968 0.21312 9.9973E-05 0.0253251 0.082467 0.0425829 9.9973E-05
0.510816 0.0857775 0.00771812 0.018617 0.0425322 9.9973E-05 9.9973E-05 0.182772 0.151467 9.9973E-05
0.296891 0.104784 0.0767 9.9973E-05 0.239811 0.0012051 9.9973E-05 9.9973E-05 0.233467 0.0468425
9.99285E-05 9.99285E-05 9.99285E-05 0.00401406 9.99285E-05 9.99285E-05 9.99285E-05 9.99285E-05 0.995187 9.99285E-05
9.99201E-05 9.99201E-05 9.99201E-05 9.99201E-05 9.99201E-05 9.99201E-05 9.99201E-05 9.99201E-05 9.99201E-05 0.999101
9.99201E-05 9.99201E-05 9.99201E-05 9.99201E-05 9.99201E-05 9.99201E-05 9.99201E-05 9.99201E-05 9.99201E-05 0.999101
0.0105438 9.9946E-05 9.9946E-05 0.00416064 9.9946E-05 9.9946E-05 9.9946E-05 0.0110155 9.9946E-05 0.97368
9.99201E-05 9.99201E-05 9.99201E-05 9.99201E-05 9.99201E-05 9.99201E-05 9.99201E-05 9.99201E-05 9.99201E-05 0.999101
9.99201E-05 9.99201E-05 9.99201E-05 9.99201E-05 9.99201E-05 9.99201E-05 9.99201E-05 9.99201E-05 9.99201E-05 0.999101
0.0390408 0.0740408 9.9982E-05 0.043892 0.0159303 0.205421 0.179008 0.0212947 9.9982E-05 0.421172
9.9937E-05 9.9937E-05 9.9937E-05 9.9937E-05 9.9937E-05 9.9937E-05 0.0660025 9.9937E-05 0.0117785 0.92152
9.99369E-05 9.99369E-05 9.99369E-05 9.99369E-05 0.00600592 9.99369E-05 9.99369E-05 0.186912 0.806383 9.99369E-05
9.99548E-05 9.99548E-05 0.0318376 9.99548E-05 9.99548E-05 0.0245325 0.829319 9.99548E-05 0.0546233 0.0591881
9.99278E-05 0.560119 9.99278E-05 9.99278E-05 9.99278E-05 0.439082 9.99278E-05 9.99278E-05 9.99278E-05 9.99278E-05
9.9955E-05 9.9955E-05 0.00416291 9.9955E-05 0.785847 9.9955E-05 9.9955E-05 0.130879 0.0654078 0.0132035
9.99282E-05 9.99282E-05 9.99282E-05 9.99282E-05 0.104869 9.99282E-05 9.99282E-05 0.894331 9.99282E-05 9.99282E-05
9.99201E-05 9.99201E-05 9.99201E-05 9.99201E-05 0.999101 9.99201E-05 9.99201E-05 9.99201E-05 9.99201E-05 9.99201E-05
0.110771 9.99368E-05 9.99368E-05 9.99368E-05 0.870981 9.99368E-05 9.99368E-05 0.017548 9.99368E-05 9.99368E-05
0.0774719 9.99369E-05 0.0632675 9.99369E-05 0.858561 9.99369E-05 9.99369E-05 9.99369E-05 9.99369E-05 9.99369E-05
9.99282E-05 9.99282E-05 9.99282E-05 0.900113 9.99282E-05 9.99282E-05 9.99282E-05 9.99282E-05 0.0990879 9.99282E-05
9.99282E-05 0.359562 9.99282E-05 9.99282E-05 9.99282E-05 0.639638 9.99282E-05 9.99282E-05 9.99282E-05 9.99282E-05
0.187072 0.0825419 0.170467 0.0279282 0.105993 0.0267508 0.145423 9.9991E-05 0.0809555 0.172768
9.99372E-05 0.95515 9.99372E-05 9.99372E-05 9.99372E-05 9.99372E-05 9.99372E-05 0.0140427 9.99372E-05 0.0301076
9.99459E-05 0.730389 9.99459E-05 9.99459E-05 9.99459E-05 0.216249 9.99459E-05 9.99459E-05 0.0226828 0.0300793
9.99279E-05 9.99279E-05 9.99279E-05 9.99279E-05 9.99279E-05 0.996719 9.99279E-05 0.00248153 9.99279E-05 9.99279E-05
9.9928E-05 9.9928E-05 9.9928E-05 9.9928E-05 9.9928E-05 0.995351 9.9928E-05 9.9928E-05 0.00384928 9.9928E-05
0.0685481 0.672008 9.99371E-05 9.99371E-05 9.99371E-05 0.258745 9.99371E-05 9.99371E-05 9.99371E-05 9.99371E-05
9.99279E-05 0.511083 9.99279E-05 9.99279E-05 9.99279E-05 0.488118 9.99279E-05 9.99279E-05 9.99279E-05 9.99279E-05
9.99463E-05 0.112095 9.99463E-05 9.99463E-05 9.99463E-05 0.447752 0.242777 9.99463E-05 9.99463E-05 0.196777
9.99463E-05 9.99463E-05 9.99463E-05 9.99463E-05 0.102556 0.572231 0.324351 9.99463E-05 9.99463E-05 0.000262278
9.9946E-05 0.896163 9.9946E-05 9.9946E-05 9.9946E-05 0.0688555 9.9946E-05 0.0159675 9.9946E-05 0.0184143
9.9937E-05 9.9937E-05 9.9937E-05 9.9937E-05 9.9937E-05 0.0167655 9.9937E-05 0.976085 9.9937E-05 0.0064502
9.99279E-05 9.99279E-05 9.99279E-05 9.99279E-05 9.99279E-05 9.99279E-05 9.99279E-05 0.976533 9.99279E-05 0.0226672
9.99279E-05 9.99279E-05 0.995025 9.99279E-05 9.99279E-05 9.99279E-05 9.99279E-05 9.99279E-05 0.0041758 9.99279E-05
9.99201E-05 9.99201E-05 0.999101 9.99201E-05 9.99201E-05 9.99201E-05 9.99201E-05 9.99201E-05 9.99201E-05 9.99201E-05
0.7627 9.99639E-05 9.99639E-05 9.99639E-05 0.00641013 0.0205628 0.00503531 0.126787 0.0781046 9.99639E-05
0.72239 9.9973E-05 9.9973E-05 9.9973E-05 0.0491985 0.00305325 0.0270726 0.170215 0.0192564 0.00851435
9.9928E-05 9.9928E-05 0.991302 9.9928E-05 9.9928E-05 9.9928E-05 0.0078982 9.9928E-05 9.9928E-05 9.9928E-05
9.99201E-05 9.99201E-05 0.999101 9.99201E-05 9.99201E-05 9.99201E-05 9.99201E-05 9.99201E-05 9.99201E-05 9.99201E-05
9.99369E-05 9.99369E-05 9.99369E-05 9.99369E-05 0.0393085 9.99369E-05 9.99369E-05 9.99369E-05 0.935518 0.0244742
0.141108 9.9964E-05 9.9964E-05 0.0691902 0.158096 9.9964E-05 0.0786955 0.518408 0.0341029 9.9964E-05
9.99548E-05 0.0255241 0.0044154 9.99548E-05 9.99548E-05 9.99548E-05 0.849274 9.99548E-05 0.0351476 0.0851389
0.312447 0.0709145 0.214355 0.102316 0.299468 9.99552E-05 9.99552E-05 9.99552E-05 9.99552E-05 9.99552E-05
9.99641E-05 0.0296135 0.287448 0.0728368 0.406133 9.99641E-05 9.99641E-05 0.0370566 0.166513 9.99641E-05
0.00774738 9.99641E-05 0.0547609 0.0247497 9.99641E-05 0.699925 0.113592 9.99641E-05 9.99641E-05 0.0988248
