0.0121004 0.0546815 0.933218
0.275318 0.336103 0.388579
0.826053 0.120204 0.0537438
0.9998 9.999E-05 9.999E-05
0.40751 0.372799 0.219691
0.9998 9.999E-05 9.999E-05
9.999E-05 0.530049 0.469851
0.407739 0.543874 0.0483874
9.9991E-05 0.557017 0.442883
9.9991E-05 0.219812 0.780088
9.9991E-05 0.153348 0.846552
0.103529 9.9991E-05 0.896371
0.103118 9.9991E-05 0.896782
0.978707 9.9991E-05 0.0211933
0.9998 9.999E-05 9.999E-05
0.0160824 0.103911 0.880006
0.0359165 9.9991E-05 0.963984
9.99911E-05 0.0624977 0.937402
9.999E-05 9.999E-05 0.9998
9.9991E-05 0.051778 0.948122
9.999E-05 9.999E-05 0.9998
0.0148808 0.0531123 0.932007
0.0388321 0.0620886 0.899079
9.999E-05 9.999E-05 0.9998
0.9998 9.999E-05 9.999E-05
0.9998 9.999E-05 9.999E-05
0.00458227 0.0292591 0.966159
0.944784 0.0551157 9.9991E-05
0.918254 0.0816459 9.9991E-05
0.705041 0.292307 0.00265269
0.66111 0.33879 9.9991E-05
0.0979368 0.62721 0.274853
0.9998 9.999E-05 9.999E-05
0.0530111 0.946889 9.9991E-05
0.11499 9.9991E-05 0.88491
0.976093 9.9991E-05 0.0238067
0.118327 9.9991E-05 0.881573
0.0350265 0.227029 0.737945
0.184038 9.9991E-05 0.815862
0.166985 9.9991E-05 0.832915
0.0918471 0.0599896 0.848163
9.99909E-05 0.054438 0.945462
9.9991E-05 0.130133 0.869767
9.99909E-05 0.125185 0.874715
9.9991E-05 0.0669093 0.932991
0.0559122 0.128532 0.815556
0.128991 0.10483 0.766178
9.99911E-05 0.0430942 0.956806
9.999E-05 0.9998 9.999E-05
9.999E-05 0.9998 9.999E-05
9.999E-05 0.9998 9.999E-05
9.999E-05 0.9998 9.999E-05
9.999E-05 0.9998 9.999E-05
0.17163 0.756233 0.0721365
9.999E-05 0.9998 9.999E-05
9.9991E-05 0.0619258 0.937974
0.0946891 0.648369 0.256941
0.9998 9.999E-05 9.999E-05
0.0552712 9.9991E-05 0.944629
0.0864363 0.0673949 0.846169
0.0188253 9.9991E-05 0.981075
0.00911896 9.9991E-05 0.990781
9.999E-05 9.999E-05 0.9998
9.99913E-05 0.00893375 0.990966
0.9998 9.999E-05 9.999E-05
0.25063 0.276011 0.473359
0.9998 9.999E-05 9.999E-05
0.963084 0.0368165 9.9991E-05
0.876458 0.123442 9.9991E-05
0.911857 0.0880434 9.9991E-05
0.923503 0.0482843 0.0282126
0.975145 0.0247554 9.9991E-05
0.493179 0.506721 9.99911E-05
0.511576 0.466399 0.0220246
0.984503 0.0153967 9.9991E-05
0.0566836 0.186634 0.756682
0.0303929 0.210447 0.75916
0.15932 9.9991E-05 0.84058
0.122172 9.9991E-05 0.877728
9.99909E-05 0.172047 0.827853
9.99909E-05 0.147083 0.852817
0.123655 0.0165812 0.859764
0.131595 9.9991E-05 0.868305
9.9991E-05 0.118156 0.881744
9.9991E-05 0.0901779 0.909722
0.070565 0.7097 0.219736
0.128178 9.9991E-05 0.871722
0.0306321 9.9991E-05 0.969268
0.609132 0.390768 9.99911E-05
