9.99459E-05 9.99459E-05 9.99459E-05 0.0249678 9.99459E-05 9.99459E-05 9.99459E-05 0.962919 0.0115139
9.99729E-05 9.99729E-05 9.99729E-05 0.02644 0.299054 0.100955 0.301603 0.238602 0.0330463
0.127074 0.0407722 0.0927526 0.0593496 9.99643E-05 9.99643E-05 0.679651 9.99643E-05 9.99643E-05
0.116445 9.9946E-05 9.9946E-05 9.9946E-05 9.9946E-05 0.0152878 0.867668 9.9946E-05 9.9946E-05
9.99641E-05 9.99641E-05 9.99641E-05 9.99641E-05 0.303068 0.112159 0.473132 0.0429655 0.0682752
9.9937E-05 9.9937E-05 9.9937E-05 9.9937E-05 9.9937E-05 0.00352237 0.995778 9.9937E-05 9.9937E-05
9.99369E-05 9.99369E-05 0.0423819 9.99369E-05 0.956919 9.99369E-05 9.99369E-05 9.99369E-05 9.99369E-05
0.196538 9.9973E-05 9.9973E-05 0.00299224 0.186436 0.266751 0.267388 9.9973E-05 0.079595
9.993E-05 9.993E-05 9.993E-05 9.993E-05 0.999201 9.993E-05 9.993E-05 9.993E-05 9.993E-05
9.9937E-05 9.9937E-05 9.9937E-05 9.9937E-05 0.140794 9.9937E-05 9.9937E-05 9.9937E-05 0.858507
9.9937E-05 9.9937E-05 9.9937E-05 9.9937E-05 0.111637 9.9937E-05 9.9937E-05 9.9937E-05 0.887663
0.0302556 9.9955E-05 0.165568 0.1191 9.9955E-05 9.9955E-05 9.9955E-05 0.684577 9.9955E-05
0.0155498 9.99461E-05 0.963619 9.99461E-05 0.0202313 9.99461E-05 9.99461E-05 9.99461E-05 9.99461E-05
9.9937E-05 0.00514833 9.9937E-05 9.9937E-05 9.9937E-05 9.9937E-05 0.994152 9.9937E-05 9.9937E-05
9.9937E-05 9.9937E-05 9.9937E-05 9.9937E-05 9.9937E-05 9.9937E-05 0.981589 0.0177111 9.9937E-05
0.0503272 9.99729E-05 0.370057 9.99729E-05 0.0744732 0.0119123 9.99729E-05 0.201873 0.291057
9.99551E-05 0.0590575 0.174229 0.282083 9.99551E-05 9.99551E-05 9.99551E-05 9.99551E-05 0.484131
9.99639E-05 0.709793 9.99639E-05 9.99639E-05 0.00460533 0.0790014 9.99639E-05 0.072267 0.133934
9.9937E-05 0.917188 9.9937E-05 0.0821124 9.9937E-05 9.9937E-05 9.9937E-05 9.9937E-05 9.9937E-05
0.00247068 9.9964E-05 0.0929023 0.0750196 9.9964E-05 9.9964E-05 9.9964E-05 0.179369 0.649839
9.9937E-05 0.996775 9.9937E-05 9.9937E-05 9.9937E-05 9.9937E-05 0.0025252 9.9937E-05 9.9937E-05
9.99459E-05 9.99459E-05 0.149644 9.99459E-05 9.99459E-05 9.99459E-05 9.99459E-05 0.596463 0.253293
0.0141102 0.384732 9.9964E-05 0.288154 9.9964E-05 0.0107531 9.9964E-05 9.9964E-05 0.301851
9.9946E-05 0.883036 9.9946E-05 0.0557921 9.9946E-05 9.9946E-05 9.9946E-05 9.9946E-05 0.0605724
0.573356 9.9937E-05 9.9937E-05 9.9937E-05 9.9937E-05 9.9937E-05 0.425945 9.9937E-05 9.9937E-05
0.202686 9.9937E-05 9.9937E-05 9.9937E-05 9.9937E-05 9.9937E-05 0.796615 9.9937E-05 9.9937E-05
9.99549E-05 9.99549E-05 0.823543 0.0249476 9.99549E-05 9.99549E-05 9.99549E-05 0.0533121 0.0976976
0.981546 9.99369E-05 9.99369E-05 9.99369E-05 9.99369E-05 9.99369E-05 0.0177548 9.99369E-05 9.99369E-05
0.996712 9.9937E-05 9.9937E-05 9.9937E-05 9.9937E-05 9.9937E-05 9.9937E-05 0.00258854 9.9937E-05
0.312033 0.00524575 0.0418498 0.00945999 9.99731E-05 0.186064 0.445047 9.99731E-05 9.99731E-05
0.199986 9.9964E-05 9.9964E-05 0.0306184 0.093755 0.196534 0.478707 9.9964E-05 9.9964E-05
0.125978 9.99641E-05 9.99641E-05 0.0309792 0.379279 0.258328 9.99641E-05 0.205035 9.99641E-05
0.346092 9.99371E-05 9.99371E-05 9.99371E-05 9.99371E-05 9.99371E-05 0.653209 9.99371E-05 9.99371E-05
0.125724 9.99551E-05 9.99551E-05 9.99551E-05 0.0503232 0.816462 9.99551E-05 0.00699036 9.99551E-05
0.0265573 9.9982E-05 0.61074 0.192184 9.9982E-05 0.0126964 0.0171465 0.00569881 0.134778
0.534125 9.99639E-05 0.0105784 9.99639E-05 0.00367852 9.99639E-05 0.444777 0.00644159 9.99639E-05
9.99371E-05 9.99371E-05 9.99371E-05 9.99371E-05 9.99371E-05 9.99371E-05 0.0214169 0.977884 9.99371E-05
9.9973E-05 0.00504748 9.9973E-05 9.9973E-05 0.061132 0.0440541 0.0957199 0.0842738 0.709473
9.99641E-05 0.0505958 0.172574 0.366833 9.99641E-05 9.99641E-05 0.171278 9.99641E-05 0.238319
9.99459E-05 9.99459E-05 9.99459E-05 9.99459E-05 9.99459E-05 9.99459E-05 0.159094 0.337143 0.503163
9.99459E-05 9.99459E-05 9.99459E-05 9.99459E-05 9.99459E-05 9.99459E-05 0.116674 0.384881 0.497845
9.993E-05 9.993E-05 9.993E-05 9.993E-05 9.993E-05 9.993E-05 9.993E-05 9.993E-05 0.999201
9.99549E-05 9.99549E-05 0.198132 9.99549E-05 0.224208 9.99549E-05 9.99549E-05 0.272985 0.304176
9.9937E-05 9.9937E-05 0.020558 9.9937E-05 9.9937E-05 9.9937E-05 9.9937E-05 9.9937E-05 0.978742
9.99639E-05 0.0988485 0.188925 0.118673 9.99639E-05 9.99639E-05 9.99639E-05 0.0847774 0.508376
9.997E-05 0.0246928 0.0672405 0.0410083 9.997E-05 9.997E-05 0.0828788 0.164754 0.619126
9.9973E-05 9.9973E-05 0.248586 0.0627318 9.9973E-05 0.0277493 0.131007 0.140752 0.388874
9.99374E-05 0.00874809 9.99374E-05 9.99374E-05 9.99374E-05 9.99374E-05 9.99374E-05 0.990552 9.99374E-05
9.993E-05 9.993E-05 9.993E-05 9.993E-05 9.993E-05 0.999201 9.993E-05 9.993E-05 9.993E-05
9.993E-05 9.993E-05 9.993E-05 9.993E-05 9.993E-05 0.999201 9.993E-05 9.993E-05 9.993E-05
0.00382784 9.9946E-05 0.00765144 9.9946E-05 9.9946E-05 0.987921 9.9946E-05 9.9946E-05 9.9946E-05
9.993E-05 9.993E-05 9.993E-05 9.993E-05 9.993E-05 0.999201 9.993E-05 9.993E-05 9.993E-05
9.993E-05 9.993E-05 9.993E-05 9.993E-05 9.993E-05 0.999201 9.993E-05 9.993E-05 9.993E-05
0.1774 0.0216314 9.99731E-05 9.99731E-05 0.163685 0.459185 0.102753 9.99731E-05 0.075046
9.9946E-05 9.9946E-05 0.00306878 9.9946E-05 9.9946E-05 0.979973 9.9946E-05 0.016359 9.9946E-05
9.99459E-05 9.99459E-05 0.108575 9.99459E-05 0.0123575 9.99459E-05 9.99459E-05 0.878468 9.99459E-05
0.153833 9.99638E-05 9.99638E-05 0.0422359 0.384229 0.254941 9.99638E-05 0.164361 9.99638E-05
0.371096 9.99369E-05 9.99369E-05 9.99369E-05 9.99369E-05 9.99369E-05 0.628205 9.99369E-05 9.99369E-05
9.9964E-05 9.9964E-05 0.841396 0.0170959 0.0253035 0.0191133 9.9964E-05 0.0966914 9.9964E-05
0.0817517 9.9973E-05 0.337365 0.0266779 0.0880392 9.9973E-05 9.9973E-05 0.300021 0.165845
9.99371E-05 9.99371E-05 0.943994 9.99371E-05 0.0553067 9.99371E-05 9.99371E-05 9.99371E-05 9.99371E-05
9.99459E-05 9.99459E-05 0.884352 9.99459E-05 9.99459E-05 9.99459E-05 9.99459E-05 0.014369 0.100679
9.99459E-05 9.99459E-05 0.875383 0.0306626 9.99459E-05 9.99459E-05 9.99459E-05 9.99459E-05 0.0933545
9.99371E-05 0.879664 9.99371E-05 9.99371E-05 9.99371E-05 9.99371E-05 9.99371E-05 0.119636 9.99371E-05
0.688936 9.99372E-05 9.99372E-05 9.99372E-05 9.99372E-05 9.99372E-05 0.310364 9.99372E-05 9.99372E-05
0.17447 0.0332857 0.21033 0.018238 9.9991E-05 0.0566527 0.195295 0.19339 0.118238
0.146259 9.99462E-05 0.0262126 9.99462E-05 9.99462E-05 9.99462E-05 0.826929 9.99462E-05 9.99462E-05
0.126938 9.9955E-05 9.9955E-05 9.9955E-05 9.9955E-05 0.0526701 0.802577 0.0173152 9.9955E-05
0.991134 9.99369E-05 9.99369E-05 9.99369E-05 9.99369E-05 9.99369E-05 9.99369E-05 0.00816622 9.99369E-05
0.999201 9.993E-05 9.993E-05 9.993E-05 9.993E-05 9.993E-05 9.993E-05 9.993E-05 9.993E-05
0.148398 9.99641E-05 9.99641E-05 0.00021742 0.0636231 9.99641E-05 0.773714 9.99641E-05 0.0136486
0.376345 9.99369E-05 9.99369E-05 9.99369E-05 9.99369E-05 9.99369E-05 0.622956 9.99369E-05 9.99369E-05
0.269984 9.99552E-05 9.99552E-05 9.99552E-05 0.221788 0.322409 0.185319 9.99552E-05 9.99552E-05
0.491541 9.99552E-05 0.0338785 9.99552E-05 0.348483 0.125598 9.99552E-05 9.99552E-05 9.99552E-05
0.12974 9.9946E-05 9.9946E-05 9.9946E-05 9.9946E-05 0.0538725 0.815788 9.9946E-05 9.9946E-05
0.0832373 9.99729E-05 0.0535031 0.0490665 0.198589 9.99729E-05 9.99729E-05 0.265648 0.349657
0.068729 9.99729E-05 0.0941873 0.0643419 0.223116 9.99729E-05 9.99729E-05 0.25765 0.291677
9.993E-05 9.993E-05 9.993E-05 0.999201 9.993E-05 9.993E-05 9.993E-05 9.993E-05 9.993E-05
9.993E-05 9.993E-05 9.993E-05 0.999201 9.993E-05 9.993E-05 9.993E-05 9.993E-05 9.993E-05
0.0354789 9.99549E-05 9.99549E-05 9.99549E-05 0.0307592 9.99549E-05 9.99549E-05 0.0286255 0.904637
0.0445804 9.9964E-05 9.9964E-05 9.9964E-05 0.0300086 0.000390348 9.9964E-05 0.0762543 0.848366
9.993E-05 9.993E-05 9.993E-05 0.999201 9.993E-05 9.993E-05 9.993E-05 9.993E-05 9.993E-05
9.993E-05 9.993E-05 9.993E-05 0.999201 9.993E-05 9.993E-05 9.993E-05 9.993E-05 9.993E-05
9.99459E-05 9.99459E-05 0.0402014 9.99459E-05 9.99459E-05 0.00102421 9.99459E-05 0.958175 9.99459E-05
9.99639E-05 0.0574975 0.202751 9.99639E-05 0.197158 9.99639E-05 9.99639E-05 0.185776 0.356417
0.0272684 9.99639E-05 9.99639E-05 9.99639E-05 0.458388 0.30001 0.0542308 0.159702 9.99639E-05
9.99641E-05 0.103418 0.349538 0.207183 9.99641E-05 9.99641E-05 0.0525699 9.99641E-05 0.286891
9.99641E-05 0.0755085 0.433521 0.254421 9.99641E-05 9.99641E-05 0.0378494 0.198301 9.99641E-05
0.548939 0.0360757 9.99731E-05 0.0573354 0.102407 0.150608 0.104335 9.99731E-05 9.99731E-05
