9.99369E-05 9.99369E-05 0.0767074 9.99369E-05 0.922593 9.99369E-05 9.99369E-05 9.99369E-05 9.99369E-05
0.0149834 0.0302851 0.0244823 0.189668 0.179772 9.99729E-05 9.99729E-05 0.560509 9.99729E-05
9.99733E-05 0.0884871 9.99733E-05 0.708176 9.99733E-05 0.0349279 0.0436361 0.101856 0.0226175
9.9946E-05 0.039649 0.00260776 0.957144 9.9946E-05 9.9946E-05 9.9946E-05 9.9946E-05 9.9946E-05
9.99641E-05 9.99641E-05 0.138245 0.398087 0.022605 9.99641E-05 9.99641E-05 0.417378 0.023285
9.9946E-05 0.0159036 0.0141827 0.969314 9.9946E-05 9.9946E-05 9.9946E-05 9.9946E-05 9.9946E-05
0.0305518 9.9946E-05 9.9946E-05 9.9946E-05 9.9946E-05 9.9946E-05 0.208549 0.760299 9.9946E-05
9.9955E-05 9.9955E-05 0.0478827 0.363619 9.9955E-05 9.9955E-05 9.9955E-05 0.42328 0.164719
0.0710923 9.99459E-05 9.99459E-05 9.99459E-05 9.99459E-05 9.99459E-05 0.104218 0.82409 9.99459E-05
9.9937E-05 9.9937E-05 0.976614 9.9937E-05 9.9937E-05 9.9937E-05 9.9937E-05 0.0226866 9.9937E-05
9.993E-05 9.993E-05 0.999201 9.993E-05 9.993E-05 9.993E-05 9.993E-05 9.993E-05 9.993E-05
9.9955E-05 0.114429 9.9955E-05 0.0228916 0.683157 9.9955E-05 0.179023 9.9955E-05 9.9955E-05
9.99371E-05 9.99371E-05 9.99371E-05 9.99371E-05 9.99371E-05 9.99371E-05 0.984287 0.0150134 9.99371E-05
9.9946E-05 9.9946E-05 9.9946E-05 0.944702 0.0271497 0.0275488 9.9946E-05 9.9946E-05 9.9946E-05
9.9937E-05 9.9937E-05 9.9937E-05 0.950792 0.0485083 9.9937E-05 9.9937E-05 9.9937E-05 9.9937E-05
0.805861 9.9946E-05 0.0373646 9.9946E-05 9.9946E-05 9.9946E-05 0.156175 9.9946E-05 9.9946E-05
0.0923677 0.303691 0.344934 9.9973E-05 0.0016243 0.0646826 0.1924 9.9973E-05 9.9973E-05
0.0602532 9.9973E-05 0.16607 9.9973E-05 0.0429702 0.687988 9.9973E-05 0.0282157 0.0142036
9.9946E-05 0.0675143 9.9946E-05 9.9946E-05 9.9946E-05 0.912502 0.0193837 9.9946E-05 9.9946E-05
0.361107 0.0447998 0.497924 9.9955E-05 0.0956697 9.9955E-05 9.9955E-05 9.9955E-05 9.9955E-05
9.993E-05 9.993E-05 9.993E-05 9.993E-05 9.993E-05 0.999201 9.993E-05 9.993E-05 9.993E-05
0.341229 0.00666078 0.109542 9.99639E-05 0.498791 9.99639E-05 0.0433765 9.99639E-05 9.99639E-05
9.9964E-05 0.274494 0.3305 0.00572619 9.9964E-05 0.373886 9.9964E-05 9.9964E-05 0.0149934
9.99459E-05 0.0607017 0.0633761 9.99459E-05 9.99459E-05 0.875323 9.99459E-05 9.99459E-05 9.99459E-05
9.99371E-05 9.99371E-05 9.99371E-05 0.9724 9.99371E-05 9.99371E-05 9.99371E-05 9.99371E-05 0.0269003
9.993E-05 9.993E-05 9.993E-05 0.999201 9.993E-05 9.993E-05 9.993E-05 9.993E-05 9.993E-05
0.0182133 0.0160895 0.115626 9.99639E-05 0.0654632 9.99639E-05 0.784208 9.99639E-05 9.99639E-05
9.9937E-05 9.9937E-05 9.9937E-05 0.93718 9.9937E-05 9.9937E-05 9.9937E-05 9.9937E-05 0.0621204
0.026413 9.9946E-05 9.9946E-05 0.924772 9.9946E-05 9.9946E-05 9.9946E-05 9.9946E-05 0.0482149
9.99821E-05 0.00231077 9.99821E-05 0.66898 0.012352 0.00974221 0.0368025 0.0373953 0.232218
9.9964E-05 0.0383754 0.00903323 0.61569 9.9964E-05 9.9964E-05 9.9964E-05 0.169532 0.166969
9.9955E-05 0.0139644 9.9955E-05 9.9955E-05 0.0614783 9.9955E-05 9.9955E-05 0.833377 0.0906804
0.02589 9.99372E-05 9.99372E-05 0.97341 9.99372E-05 9.99372E-05 9.99372E-05 9.99372E-05 9.99372E-05
9.99462E-05 9.99462E-05 9.99462E-05 0.107398 9.99462E-05 9.99462E-05 9.99462E-05 0.153524 0.738478
9.99639E-05 0.191092 0.111091 0.0481006 0.0441043 9.99639E-05 0.605211 9.99639E-05 9.99639E-05
0.0121224 0.0159151 9.99639E-05 0.925947 9.99639E-05 9.99639E-05 0.0234469 0.0221685 9.99639E-05
9.9937E-05 9.9937E-05 9.9937E-05 0.0224763 0.976824 9.9937E-05 9.9937E-05 9.9937E-05 9.9937E-05
9.99549E-05 9.99549E-05 0.675839 0.0481638 0.140988 9.99549E-05 9.99549E-05 0.134509 9.99549E-05
0.0300989 0.353185 0.246408 0.125141 0.0325581 0.0588237 0.153585 9.9982E-05 9.9982E-05
0.31551 0.0095374 0.314974 0.128106 0.231473 9.99639E-05 9.99639E-05 9.99639E-05 9.99639E-05
0.308189 0.0316092 0.321296 0.0618858 0.26692 0.00979927 9.99729E-05 9.99729E-05 9.99729E-05
0.0554958 9.99459E-05 0.878249 9.99459E-05 0.0656556 9.99459E-05 9.99459E-05 9.99459E-05 9.99459E-05
0.854646 9.9964E-05 0.042689 9.9964E-05 0.0195846 9.9964E-05 0.0562854 0.0263948 9.9964E-05
9.9955E-05 0.0110602 0.92837 9.9955E-05 0.0333863 9.9955E-05 0.0266835 9.9955E-05 9.9955E-05
0.0920858 0.131313 0.451402 9.9973E-05 0.071527 0.0923855 0.160986 9.9973E-05 9.9973E-05
0.120839 0.0184858 0.517912 0.0808196 0.17595 0.0389955 0.0351024 0.0117957 9.9991E-05
9.997E-05 0.0761269 0.359197 0.112936 0.213396 9.997E-05 0.195688 9.997E-05 0.0423564
9.993E-05 9.993E-05 9.993E-05 9.993E-05 0.999201 9.993E-05 9.993E-05 9.993E-05 9.993E-05
9.993E-05 9.993E-05 9.993E-05 9.993E-05 9.993E-05 9.993E-05 9.993E-05 9.993E-05 0.999201
9.993E-05 9.993E-05 9.993E-05 9.993E-05 9.993E-05 9.993E-05 9.993E-05 9.993E-05 0.999201
0.0299777 9.9937E-05 9.9937E-05 9.9937E-05 9.9937E-05 9.9937E-05 9.9937E-05 9.9937E-05 0.969323
9.993E-05 9.993E-05 9.993E-05 9.993E-05 9.993E-05 9.993E-05 9.993E-05 9.993E-05 0.999201
9.99371E-05 9.99371E-05 9.99371E-05 0.0071143 9.99371E-05 9.99371E-05 9.99371E-05 9.99371E-05 0.992186
0.0362754 9.9982E-05 0.00729728 0.202627 9.9982E-05 0.0415029 0.0205312 0.287691 0.403875
0.00572583 0.00515554 9.9955E-05 9.9955E-05 0.0150306 9.9955E-05 9.9955E-05 9.9955E-05 0.973588
0.214012 9.99369E-05 9.99369E-05 9.99369E-05 0.785288 9.99369E-05 9.99369E-05 9.99369E-05 9.99369E-05
9.99638E-05 0.0424634 9.99638E-05 0.0372038 0.0489294 9.99638E-05 9.99638E-05 0.726442 0.144561
9.99369E-05 9.99369E-05 9.99369E-05 0.991518 0.00778195 9.99369E-05 9.99369E-05 9.99369E-05 9.99369E-05
0.134314 0.0117567 9.9964E-05 9.9964E-05 0.0163729 9.9964E-05 0.815515 9.9964E-05 0.0216413
0.929861 9.99372E-05 9.99372E-05 9.99372E-05 9.99372E-05 9.99372E-05 0.0694395 9.99372E-05 9.99372E-05
9.99372E-05 9.99372E-05 9.99372E-05 9.99372E-05 9.99372E-05 9.99372E-05 0.9846 0.0147002 9.99372E-05
0.00489591 9.99459E-05 0.0875568 9.99459E-05 9.99459E-05 9.99459E-05 0.906948 9.99459E-05 9.99459E-05
9.99459E-05 0.0538448 0.0919372 9.99459E-05 9.99459E-05 9.99459E-05 0.853618 9.99459E-05 9.99459E-05
9.99462E-05 9.99462E-05 0.0134709 9.99462E-05 0.0795576 0.906372 9.99462E-05 9.99462E-05 9.99462E-05
9.993E-05 9.993E-05 9.993E-05 0.999201 9.993E-05 9.993E-05 9.993E-05 9.993E-05 9.993E-05
0.0703478 0.0464813 9.9991E-05 0.228416 0.257069 0.00419566 0.147724 0.107033 0.138634
0.0217588 9.99372E-05 9.99372E-05 0.977542 9.99372E-05 9.99372E-05 9.99372E-05 9.99372E-05 9.99372E-05
9.9937E-05 9.9937E-05 9.9937E-05 0.964387 0.0349135 9.9937E-05 9.9937E-05 9.9937E-05 9.9937E-05
0.0442751 9.9955E-05 9.9955E-05 0.892831 9.9955E-05 9.9955E-05 9.9955E-05 0.0259266 0.0364672
0.0386551 9.9955E-05 9.9955E-05 0.918262 9.9955E-05 9.9955E-05 9.9955E-05 0.018681 0.0239021
9.99641E-05 0.000884646 0.0778438 0.887358 0.0220421 9.99641E-05 9.99641E-05 0.0114713 9.99641E-05
0.0126619 0.000155444 9.9955E-05 0.980756 9.9955E-05 9.9955E-05 0.00592714 9.9955E-05 9.9955E-05
9.99462E-05 9.99462E-05 9.99462E-05 0.430118 9.99462E-05 9.99462E-05 9.99462E-05 0.396516 0.172766
9.99552E-05 9.99552E-05 9.99552E-05 0.45478 9.99552E-05 9.99552E-05 0.0600105 0.424603 0.0601072
0.0249269 0.000591409 9.9964E-05 0.943633 0.00943576 9.9964E-05 9.9964E-05 9.9964E-05 0.0210132
0.965604 9.9955E-05 9.9955E-05 0.0140031 9.9955E-05 9.9955E-05 9.9955E-05 0.00687071 0.0130227
0.976268 9.99369E-05 9.99369E-05 9.99369E-05 9.99369E-05 9.99369E-05 9.99369E-05 9.99369E-05 0.0230324
9.993E-05 0.999201 9.993E-05 9.993E-05 9.993E-05 9.993E-05 9.993E-05 9.993E-05 9.993E-05
9.993E-05 0.999201 9.993E-05 9.993E-05 9.993E-05 9.993E-05 9.993E-05 9.993E-05 9.993E-05
0.139993 9.99639E-05 0.759144 0.00638502 0.058744 9.99639E-05 9.99639E-05 0.0353345 9.99639E-05
0.125085 9.9973E-05 0.742666 9.9973E-05 0.0707786 9.9973E-05 0.0241892 0.0230251 0.0139561
9.9937E-05 0.975073 9.9937E-05 9.9937E-05 9.9937E-05 9.9937E-05 9.9937E-05 0.0242273 9.9937E-05
9.993E-05 0.999201 9.993E-05 9.993E-05 9.993E-05 9.993E-05 9.993E-05 9.993E-05 9.993E-05
9.99459E-05 9.99459E-05 9.99459E-05 9.99459E-05 0.957437 9.99459E-05 0.0390996 9.99459E-05 0.00286386
0.577825 9.9973E-05 0.159498 9.9973E-05 0.018365 0.0623547 0.151714 0.029943 9.9973E-05
9.99459E-05 9.99459E-05 9.99459E-05 9.99459E-05 0.0350984 9.99459E-05 9.99459E-05 0.8151 0.149201
9.99641E-05 0.20268 0.285403 0.0491897 9.99641E-05 0.100814 0.361514 9.99641E-05 9.99641E-05
0.0442809 0.295714 9.99641E-05 9.99641E-05 0.167631 0.0825603 0.409414 9.99641E-05 9.99641E-05
9.99641E-05 0.0295776 9.99641E-05 0.565429 9.99641E-05 0.0406337 9.99641E-05 0.209101 0.154859
