9.998E-05 9.998E-05 9.998E-05 0.9997
0.363367 0.260823 9.9991E-05 0.37571
0.0454786 0.864206 0.0304887 0.0598266
9.998E-05 0.9997 9.998E-05 9.998E-05
0.312159 0.440762 9.9991E-05 0.246979
9.998E-05 0.9997 9.998E-05 9.998E-05
0.47186 0.010125 9.99911E-05 0.517915
0.530479 0.401584 9.9991E-05 0.0678372
0.495908 9.99821E-05 9.99821E-05 0.503892
0.15385 9.9982E-05 9.9982E-05 0.84595
0.136531 9.9982E-05 9.9982E-05 0.863269
9.9982E-05 0.0892321 9.9982E-05 0.910568
9.99821E-05 0.0907618 9.99821E-05 0.909038
9.999E-05 0.970411 0.0163878 0.0131012
9.999E-05 0.968513 0.0181963 0.0131908
0.0967802 9.9982E-05 9.9982E-05 0.90302
9.9991E-05 0.0587299 0.16436 0.77681
0.103099 9.9991E-05 0.715534 0.181267
9.998E-05 9.998E-05 0.9997 9.998E-05
0.012073 9.9982E-05 9.9982E-05 0.987727
0.015743 9.9982E-05 0.984057 9.9982E-05
9.998E-05 9.998E-05 9.998E-05 0.9997
0.0747697 0.0451263 0.544375 0.335729
9.9982E-05 9.9982E-05 0.950002 0.0497975
9.998E-05 0.9997 9.998E-05 9.998E-05
9.998E-05 0.9997 9.998E-05 9.998E-05
9.998E-05 9.998E-05 9.998E-05 0.9997
0.0883145 0.911486 9.9982E-05 9.9982E-05
0.104708 0.895092 9.9982E-05 9.9982E-05
0.264056 0.697592 0.0154273 0.0229251
0.327864 0.649695 0.0223414 9.9991E-05
0.706476 0.0359274 9.9991E-05 0.257497
9.9982E-05 0.996076 9.9982E-05 0.00372417
0.941649 0.0581506 9.9982E-05 9.9982E-05
9.9982E-05 0.0945487 9.9982E-05 0.905251
9.9982E-05 0.968417 9.9982E-05 0.0313833
9.99821E-05 0.0673052 9.99821E-05 0.932495
0.246817 0.00413162 0.0151153 0.733936
9.9991E-05 0.199833 0.145775 0.654293
9.99819E-05 0.150542 9.99819E-05 0.849258
0.0312502 0.100873 9.9991E-05 0.867777
0.0229303 9.9991E-05 0.00168195 0.975288
0.100188 9.9982E-05 9.9982E-05 0.899612
0.0868374 9.9982E-05 9.9982E-05 0.912963
0.0675578 9.9991E-05 0.145375 0.786967
0.0774379 0.0701279 0.0357272 0.816707
0.0754083 0.109006 9.9991E-05 0.815485
0.0250915 9.99911E-05 0.0237128 0.951096
0.9997 9.998E-05 9.998E-05 9.998E-05
0.9997 9.998E-05 9.998E-05 9.998E-05
0.9997 9.998E-05 9.998E-05 9.998E-05
0.9997 9.998E-05 9.998E-05 9.998E-05
0.9997 9.998E-05 9.998E-05 9.998E-05
0.661259 0.226456 0.0338088 0.0784765
0.9997 9.998E-05 9.998E-05 9.998E-05
9.998E-05 9.998E-05 9.998E-05 0.9997
0.643711 0.0702335 9.9991E-05 0.285956
9.998E-05 0.9997 9.998E-05 9.998E-05
9.99821E-05 0.0105711 9.99821E-05 0.989229
0.00931939 0.0849618 9.9991E-05 0.905619
9.998E-05 9.998E-05 9.998E-05 0.9997
9.9982E-05 0.0247536 9.9982E-05 0.975046
9.998E-05 9.998E-05 9.998E-05 0.9997
0.0305095 9.9991E-05 0.904282 0.0651085
9.998E-05 0.9997 9.998E-05 9.998E-05
0.262977 0.275111 0.0909216 0.370991
0.0186474 0.981153 9.99821E-05 9.99821E-05
0.0164428 0.983357 9.9982E-05 9.9982E-05
0.0882293 0.911571 9.9982E-05 9.9982E-05
0.0634324 0.936368 9.9982E-05 9.9982E-05
9.99821E-05 0.954343 9.99821E-05 0.0454574
9.998E-05 0.9997 9.998E-05 9.998E-05
0.563552 0.436248 9.99821E-05 9.99821E-05
0.5012 0.441359 0.0233921 0.0340483
0.00886133 0.990939 9.9982E-05 9.9982E-05
0.171245 0.0637954 9.9991E-05 0.76486
0.16432 0.0221023 9.9991E-05 0.813477
9.9991E-05 0.13159 0.222466 0.645844
9.9991E-05 0.117116 0.222502 0.660282
0.152974 9.99819E-05 9.99819E-05 0.846826
0.15534 9.99819E-05 9.99819E-05 0.84446
0.00729086 0.137088 0.20926 0.646361
9.9991E-05 0.155981 0.219499 0.624419
0.0480134 9.9982E-05 9.9982E-05 0.951787
0.0772 9.9991E-05 0.0360674 0.886633
0.684223 0.0474293 9.9991E-05 0.268247
9.9991E-05 0.0804344 0.180562 0.738903
9.9991E-05 0.0257512 0.15312 0.821029
0.338363 0.605116 0.0564209 9.9991E-05
