0.999201 9.993E-05 9.993E-05 9.993E-05 9.993E-05 9.993E-05 9.993E-05 9.993E-05 9.993E-05
0.135079 0.0238087 0.101023 9.9964E-05 9.9964E-05 0.0113271 9.9964E-05 9.9964E-05 0.728362
9.99643E-05 9.99643E-05 0.776551 9.99643E-05 0.0858608 0.0620798 0.0622459 0.0128626 9.99643E-05
9.9946E-05 0.042199 0.947029 9.9946E-05 9.9946E-05 0.0101724 9.9946E-05 9.9946E-05 9.9946E-05
0.0263854 0.0916603 0.43168 0.0698514 9.9973E-05 9.9973E-05 0.267307 9.9973E-05 0.112816
9.9937E-05 0.0330507 0.96625 9.9937E-05 9.9937E-05 9.9937E-05 9.9937E-05 9.9937E-05 9.9937E-05
9.993E-05 9.993E-05 9.993E-05 9.993E-05 9.993E-05 9.993E-05 0.999201 9.993E-05 9.993E-05
9.9973E-05 0.00713354 0.366934 0.264355 9.9973E-05 0.0373035 0.145584 9.9973E-05 0.17839
9.99368E-05 9.99368E-05 9.99368E-05 9.99368E-05 9.99368E-05 9.99368E-05 0.927246 9.99368E-05 0.0720547
0.0246285 0.512235 9.99457E-05 9.99457E-05 9.99457E-05 9.99457E-05 0.462537 9.99457E-05 9.99457E-05
0.0626127 0.459154 9.99458E-05 9.99458E-05 9.99458E-05 9.99458E-05 0.477634 9.99458E-05 9.99458E-05
0.670298 9.99551E-05 0.00975475 9.99551E-05 0.196873 0.122574 9.99551E-05 9.99551E-05 9.99551E-05
9.99372E-05 9.99372E-05 0.020135 9.99372E-05 0.979165 9.99372E-05 9.99372E-05 9.99372E-05 9.99372E-05
0.0257411 0.0086948 0.949697 9.9955E-05 9.9955E-05 9.9955E-05 9.9955E-05 0.0153678 9.9955E-05
0.0487503 9.9946E-05 0.931551 9.9946E-05 9.9946E-05 9.9946E-05 9.9946E-05 0.0190993 9.9946E-05
0.474401 0.102595 9.99729E-05 0.011675 0.241398 0.00565314 0.163978 9.99729E-05 9.99729E-05
0.0209405 0.916834 9.9955E-05 9.9955E-05 0.0610501 0.000675707 9.9955E-05 9.9955E-05 9.9955E-05
0.158589 0.0571672 9.99729E-05 0.0496728 9.99729E-05 9.99729E-05 0.00344316 0.684807 0.0460206
9.9946E-05 9.9946E-05 9.9946E-05 9.9946E-05 0.00647815 0.103223 9.9946E-05 0.889699 9.9946E-05
0.470118 0.351402 9.99639E-05 9.99639E-05 0.0266996 0.0370536 0.114328 9.99639E-05 9.99639E-05
9.99371E-05 9.99371E-05 9.99371E-05 9.99371E-05 0.0029135 9.99371E-05 9.99371E-05 0.996387 9.99371E-05
0.806518 0.052941 9.9964E-05 9.9964E-05 0.0807439 0.00127224 9.9964E-05 9.9964E-05 0.0581249
9.9946E-05 0.719034 9.9946E-05 9.9946E-05 9.9946E-05 0.0358578 9.9946E-05 0.244509 9.9946E-05
9.99369E-05 0.198395 9.99369E-05 9.99369E-05 9.99369E-05 9.99369E-05 9.99369E-05 0.800905 9.99369E-05
9.99371E-05 9.99371E-05 0.982149 0.0171511 9.99371E-05 9.99371E-05 9.99371E-05 9.99371E-05 9.99371E-05
9.993E-05 9.993E-05 0.999201 9.993E-05 9.993E-05 9.993E-05 9.993E-05 9.993E-05 9.993E-05
0.136351 0.0299922 9.99549E-05 9.99549E-05 0.799168 0.0339889 9.99549E-05 9.99549E-05 9.99549E-05
9.9955E-05 9.9955E-05 0.938223 0.0390608 0.0132241 9.9955E-05 0.00899258 9.9955E-05 9.9955E-05
9.9946E-05 9.9946E-05 0.907599 0.0654388 9.9946E-05 9.9946E-05 9.9946E-05 9.9946E-05 0.0263628
9.997E-05 9.997E-05 0.687744 0.218263 0.0045875 0.0215572 9.997E-05 0.00865832 0.0588896
9.99641E-05 0.0799446 0.692671 0.183434 9.99641E-05 9.99641E-05 0.0192328 9.99641E-05 0.0243172
9.993E-05 9.993E-05 9.993E-05 9.993E-05 9.993E-05 9.993E-05 9.993E-05 9.993E-05 0.999201
9.99372E-05 9.99372E-05 0.9958 9.99372E-05 9.99372E-05 0.00350024 9.99372E-05 9.99372E-05 9.99372E-05
9.99552E-05 9.99552E-05 0.100196 0.852154 9.99552E-05 9.99552E-05 0.0103506 9.99552E-05 0.0367994
0.0547145 0.207805 0.043089 0.0181414 0.560637 0.115313 9.99729E-05 9.99729E-05 9.99729E-05
0.00335729 9.99459E-05 0.986466 9.99459E-05 9.99459E-05 0.00957738 9.99459E-05 9.99459E-05 9.99459E-05
0.989612 9.99372E-05 0.00968807 9.99372E-05 9.99372E-05 9.99372E-05 9.99372E-05 9.99372E-05 9.99372E-05
0.225479 0.404606 9.99548E-05 9.99548E-05 9.99548E-05 9.99548E-05 0.114289 9.99548E-05 0.255126
9.9955E-05 0.792094 0.120437 9.9955E-05 0.0507446 0.0362249 9.9955E-05 9.9955E-05 9.9955E-05
0.700335 0.174 0.125065 9.99458E-05 9.99458E-05 9.99458E-05 9.99458E-05 9.99458E-05 9.99458E-05
0.754878 0.149789 0.0430708 9.99639E-05 9.99639E-05 0.00250115 9.99639E-05 9.99639E-05 0.0493613
0.378135 0.492443 9.99457E-05 9.99457E-05 9.99457E-05 9.99457E-05 0.128822 9.99457E-05 9.99457E-05
0.550322 9.99459E-05 9.99459E-05 9.99459E-05 0.108519 9.99459E-05 0.34056 9.99459E-05 9.99459E-05
0.314799 0.54168 9.99638E-05 0.0319495 0.047307 9.99638E-05 0.063864 9.99638E-05 9.99638E-05
0.215827 0.422958 9.99819E-05 9.99819E-05 0.144349 0.0396881 0.0416323 0.0431693 0.0921762
0.409764 0.380529 0.0174597 0.030403 0.019679 9.9982E-05 0.0850737 9.9982E-05 0.0568912
0.266415 0.368957 0.0745323 0.0475331 0.235381 0.00688171 9.9973E-05 9.9973E-05 9.9973E-05
0.958774 9.99375E-05 9.99375E-05 9.99375E-05 9.99375E-05 9.99375E-05 9.99375E-05 0.0405266 9.99375E-05
9.993E-05 9.993E-05 9.993E-05 0.999201 9.993E-05 9.993E-05 9.993E-05 9.993E-05 9.993E-05
0.0011892 9.9937E-05 9.9937E-05 0.998111 9.9937E-05 9.9937E-05 9.9937E-05 9.9937E-05 9.9937E-05
0.00557786 0.000148218 9.9946E-05 0.993674 9.9946E-05 9.9946E-05 9.9946E-05 9.9946E-05 9.9946E-05
9.993E-05 9.993E-05 9.993E-05 0.999201 9.993E-05 9.993E-05 9.993E-05 9.993E-05 9.993E-05
9.9937E-05 9.9937E-05 0.0144249 0.984876 9.9937E-05 9.9937E-05 9.9937E-05 9.9937E-05 9.9937E-05
9.99731E-05 0.041974 0.286106 0.44057 9.99731E-05 9.99731E-05 0.157004 0.0277874 0.0462582
9.9937E-05 9.9937E-05 9.9937E-05 0.944537 9.9937E-05 9.9937E-05 9.9937E-05 9.9937E-05 0.0547633
0.986447 9.9937E-05 9.9937E-05 9.9937E-05 0.0128539 9.9937E-05 9.9937E-05 9.9937E-05 9.9937E-05
0.00768248 9.99549E-05 9.99549E-05 0.0511581 9.99549E-05 9.99549E-05 0.0496511 9.99549E-05 0.891008
0.00145215 9.99369E-05 0.997848 9.99369E-05 9.99369E-05 9.99369E-05 9.99369E-05 9.99369E-05 9.99369E-05
0.143033 9.9964E-05 9.9964E-05 0.000159513 0.815079 0.0218945 0.0194342 9.9964E-05 9.9964E-05
0.576916 9.9964E-05 0.0138992 9.9964E-05 0.204871 0.00824297 0.195671 9.9964E-05 9.9964E-05
9.99372E-05 9.99372E-05 9.99372E-05 9.99372E-05 0.948074 9.99372E-05 0.0512263 9.99372E-05 9.99372E-05
0.0628285 9.99459E-05 9.99459E-05 9.99459E-05 0.929082 9.99459E-05 0.00748944 9.99459E-05 9.99459E-05
9.99459E-05 0.0858964 9.99459E-05 9.99459E-05 0.882068 0.0314356 9.99459E-05 9.99459E-05 9.99459E-05
0.102831 9.99461E-05 9.99461E-05 9.99461E-05 9.99461E-05 9.99461E-05 9.99461E-05 0.874157 0.0224122
9.99462E-05 9.99462E-05 0.970952 0.0121256 9.99462E-05 9.99462E-05 0.0163231 9.99462E-05 9.99462E-05
0.299846 9.9982E-05 0.232786 0.165099 0.0715703 0.0156285 0.165001 0.0498689 9.9982E-05
9.99552E-05 9.99552E-05 0.947441 0.00767226 0.038776 9.99552E-05 9.99552E-05 9.99552E-05 0.00561106
0.0229222 0.0205839 0.955894 9.9946E-05 9.9946E-05 9.9946E-05 9.9946E-05 9.9946E-05 9.9946E-05
9.9955E-05 9.9955E-05 0.910365 0.048832 9.9955E-05 9.9955E-05 0.0223894 9.9955E-05 0.017914
9.9955E-05 9.9955E-05 0.939177 0.0199614 9.9955E-05 9.9955E-05 9.9955E-05 0.00400197 0.0363602
0.00680175 0.0557974 0.884278 9.9964E-05 9.9964E-05 9.9964E-05 0.0371399 9.9964E-05 0.0155831
9.99409E-05 0.00275793 0.996542 9.99409E-05 9.99409E-05 9.99409E-05 9.99409E-05 9.99409E-05 9.99409E-05
9.99552E-05 9.99552E-05 0.505234 0.315867 9.99552E-05 9.99552E-05 0.154554 9.99552E-05 0.023846
9.99642E-05 9.99642E-05 0.523011 0.139613 0.0216455 9.99642E-05 0.293354 9.99642E-05 0.0219762
0.0228251 9.9955E-05 0.961435 0.00891961 0.00632083 9.9955E-05 9.9955E-05 9.9955E-05 9.9955E-05
0.55999 9.99639E-05 0.0458545 0.032224 9.99639E-05 0.0800596 0.281472 9.99639E-05 9.99639E-05
0.52671 9.99729E-05 0.0311019 0.0352243 0.0311678 0.0669748 0.308521 9.99729E-05 9.99729E-05
9.993E-05 9.993E-05 9.993E-05 9.993E-05 9.993E-05 0.999201 9.993E-05 9.993E-05 9.993E-05
9.993E-05 9.993E-05 9.993E-05 9.993E-05 9.993E-05 0.999201 9.993E-05 9.993E-05 9.993E-05
0.377698 0.323709 9.99548E-05 9.99548E-05 9.99548E-05 9.99548E-05 0.224097 9.99548E-05 0.0739962
0.391019 0.301484 9.99638E-05 9.99638E-05 0.019323 9.99638E-05 0.263439 9.99638E-05 0.0243352
9.99371E-05 9.99371E-05 9.99371E-05 9.99371E-05 9.99371E-05 0.960066 9.99371E-05 9.99371E-05 0.0392342
9.993E-05 9.993E-05 9.993E-05 9.993E-05 9.993E-05 0.999201 9.993E-05 9.993E-05 9.993E-05
0.990832 9.9937E-05 9.9937E-05 9.9937E-05 0.00846865 9.9937E-05 9.9937E-05 9.9937E-05 9.9937E-05
0.442861 0.0381385 9.99729E-05 9.99729E-05 0.182309 9.99729E-05 0.234686 0.0586587 0.0430468
9.9955E-05 9.9955E-05 0.00832371 0.0261283 9.9955E-05 9.9955E-05 0.0501215 9.9955E-05 0.914927
9.99552E-05 0.703148 0.0344494 9.99552E-05 0.255875 0.00602775 9.99552E-05 9.99552E-05 9.99552E-05
0.188357 0.279761 9.99641E-05 9.99641E-05 0.364945 0.119796 9.99641E-05 0.0467409 9.99641E-05
9.997E-05 9.997E-05 0.622474 0.151508 9.997E-05 0.0228353 0.0860749 0.00861512 0.108192
