0.0394654 0.0225869 9.99459E-05 9.99459E-05 9.99459E-05 9.99459E-05 0.937348 9.99459E-05 9.99459E-05
0.0481962 0.0144924 0.63921 9.99639E-05 9.99639E-05 9.99639E-05 0.124087 9.99639E-05 0.173614
0.0219882 9.99643E-05 9.99643E-05 0.00594629 9.99643E-05 0.101017 9.99643E-05 0.0484284 0.82222
0.063619 9.9937E-05 9.9937E-05 9.9937E-05 9.9937E-05 9.9937E-05 9.9937E-05 9.9937E-05 0.935681
9.997E-05 0.135029 0.286251 0.0732937 0.0449971 9.997E-05 0.0524994 9.997E-05 0.40763
9.99371E-05 9.99371E-05 9.99371E-05 9.99371E-05 0.0211099 9.99371E-05 9.99371E-05 9.99371E-05 0.978191
9.99371E-05 9.99371E-05 0.683428 9.99371E-05 9.99371E-05 0.315872 9.99371E-05 9.99371E-05 9.99371E-05
0.0228364 0.0128522 0.415449 0.186121 0.0159368 9.9973E-05 9.9973E-05 9.9973E-05 0.346505
9.9937E-05 9.9937E-05 0.776989 9.9937E-05 9.9937E-05 0.222312 9.9937E-05 9.9937E-05 9.9937E-05
9.99372E-05 0.973869 0.0254319 9.99372E-05 9.99372E-05 9.99372E-05 9.99372E-05 9.99372E-05 9.99372E-05
9.993E-05 0.999201 9.993E-05 9.993E-05 9.993E-05 9.993E-05 9.993E-05 9.993E-05 9.993E-05
0.112342 9.9955E-05 9.9955E-05 9.9955E-05 9.9955E-05 0.140965 0.708273 9.9955E-05 0.0379204
9.99372E-05 9.99372E-05 9.99372E-05 9.99372E-05 9.99372E-05 0.985301 9.99372E-05 9.99372E-05 0.0139993
9.9955E-05 9.9955E-05 9.9955E-05 9.9955E-05 0.0335965 9.9955E-05 0.0203831 0.00151431 0.944006
9.9955E-05 0.0295753 9.9955E-05 9.9955E-05 9.9955E-05 9.9955E-05 0.0301872 0.01256 0.927178
9.9973E-05 0.593985 0.00756341 0.00915557 9.9973E-05 0.319773 0.0518877 9.9973E-05 0.0173355
9.99368E-05 0.0447704 9.99368E-05 9.99368E-05 0.95453 9.99368E-05 9.99368E-05 9.99368E-05 9.99368E-05
9.99639E-05 0.195045 0.0124169 0.0660477 9.99639E-05 9.99639E-05 0.0126956 0.713395 9.99639E-05
0.10774 9.9946E-05 9.9946E-05 9.9946E-05 9.9946E-05 0.0107591 9.9946E-05 0.880901 9.9946E-05
0.0232007 0.766128 9.99549E-05 9.99549E-05 0.108856 9.99549E-05 0.101316 9.99549E-05 9.99549E-05
9.993E-05 9.993E-05 9.993E-05 9.993E-05 9.993E-05 9.993E-05 9.993E-05 0.999201 9.993E-05
9.99549E-05 0.325694 9.99549E-05 9.99549E-05 0.0581413 0.0888519 0.526813 9.99549E-05 9.99549E-05
0.204307 0.0684263 9.9964E-05 0.00933933 0.349718 9.9964E-05 9.9964E-05 0.36781 9.9964E-05
0.0377578 9.9946E-05 9.9946E-05 9.9946E-05 0.0455488 9.9946E-05 9.9946E-05 0.916094 9.9946E-05
9.993E-05 9.993E-05 9.993E-05 9.993E-05 9.993E-05 9.993E-05 9.993E-05 9.993E-05 0.999201
9.99371E-05 9.99371E-05 9.99371E-05 0.000382552 9.99371E-05 9.99371E-05 9.99371E-05 9.99371E-05 0.998918
0.0720027 0.0936891 9.99639E-05 9.99639E-05 0.0180149 0.756588 0.0593059 9.99639E-05 9.99639E-05
9.9937E-05 9.9937E-05 9.9937E-05 0.0547572 9.9937E-05 9.9937E-05 9.9937E-05 9.9937E-05 0.944543
9.9955E-05 9.9955E-05 0.00549432 0.0624596 9.9955E-05 0.0248583 9.9955E-05 9.9955E-05 0.906688
0.0321133 9.99731E-05 0.068324 0.211302 0.023221 9.99731E-05 9.99731E-05 0.00868022 0.65606
0.00481586 9.9964E-05 0.141178 0.164206 0.0748353 9.9964E-05 9.9964E-05 9.9964E-05 0.614565
0.00699163 9.9955E-05 0.891143 0.0581688 9.9955E-05 9.9955E-05 0.0431966 9.9955E-05 9.9955E-05
9.99371E-05 9.99371E-05 9.99371E-05 9.99371E-05 0.0283038 9.99371E-05 9.99371E-05 9.99371E-05 0.970997
9.99551E-05 9.99551E-05 0.113388 0.763425 0.0110807 9.99551E-05 9.99551E-05 9.99551E-05 0.111606
0.113148 9.99729E-05 9.99729E-05 0.0335234 0.353356 0.476924 0.0168652 9.99729E-05 0.00588369
9.99549E-05 9.99549E-05 0.009411 9.99549E-05 0.0140031 0.00356094 9.99549E-05 9.99549E-05 0.972525
9.99461E-05 9.99461E-05 9.99461E-05 9.99461E-05 0.00526277 9.99461E-05 0.992309 9.99461E-05 0.00182859
9.9982E-05 0.63373 0.210507 0.00575428 0.026782 9.9982E-05 0.0888716 0.0200035 0.0141514
9.99369E-05 9.99369E-05 9.99369E-05 9.99369E-05 0.990054 9.99369E-05 9.99369E-05 9.99369E-05 0.0092463
9.99549E-05 0.540658 9.99549E-05 9.99549E-05 0.108549 9.99549E-05 0.249645 9.99549E-05 0.100649
0.0147348 0.580724 9.9973E-05 9.9973E-05 0.0159931 9.9973E-05 0.307823 0.00481652 0.0756078
9.9946E-05 0.966249 9.9946E-05 9.9946E-05 0.0238939 9.9946E-05 9.9946E-05 0.0092574 9.9946E-05
9.9955E-05 0.608924 0.0910434 9.9955E-05 9.9955E-05 0.189234 0.110298 9.9955E-05 9.9955E-05
0.00250084 0.915364 9.9946E-05 9.9946E-05 0.0815359 9.9946E-05 9.9946E-05 9.9946E-05 9.9946E-05
0.112783 0.486156 9.9973E-05 9.9973E-05 0.0347664 0.177323 0.070817 0.117855 9.9973E-05
9.997E-05 0.669256 9.997E-05 9.997E-05 0.0225685 0.0511579 0.133725 0.0352239 0.0877684
9.9973E-05 0.131145 9.9973E-05 0.0580157 0.401088 0.0696958 0.261844 9.9973E-05 0.0779114
9.993E-05 9.993E-05 9.993E-05 9.993E-05 9.993E-05 9.993E-05 0.999201 9.993E-05 9.993E-05
9.993E-05 9.993E-05 9.993E-05 0.999201 9.993E-05 9.993E-05 9.993E-05 9.993E-05 9.993E-05
9.993E-05 9.993E-05 9.993E-05 0.999201 9.993E-05 9.993E-05 9.993E-05 9.993E-05 9.993E-05
9.993E-05 9.993E-05 9.993E-05 0.999201 9.993E-05 9.993E-05 9.993E-05 9.993E-05 9.993E-05
9.993E-05 9.993E-05 9.993E-05 0.999201 9.993E-05 9.993E-05 9.993E-05 9.993E-05 9.993E-05
9.993E-05 9.993E-05 9.993E-05 0.999201 9.993E-05 9.993E-05 9.993E-05 9.993E-05 9.993E-05
9.9982E-05 0.00576865 0.296564 0.43088 0.0324748 0.00102956 9.9982E-05 0.0434905 0.189593
9.9955E-05 0.0245969 0.00842239 0.932941 9.9955E-05 9.9955E-05 0.0335395 9.9955E-05 9.9955E-05
9.99459E-05 0.041692 9.99459E-05 9.99459E-05 9.99459E-05 0.0342238 0.923485 9.99459E-05 9.99459E-05
0.0123187 9.99548E-05 0.8065 0.0950881 9.99548E-05 9.99548E-05 0.0855936 9.99548E-05 9.99548E-05
9.99369E-05 9.99369E-05 9.99369E-05 9.99369E-05 0.00462881 9.99369E-05 9.99369E-05 9.99369E-05 0.994672
0.0623818 9.9955E-05 9.9955E-05 0.0100864 9.9955E-05 0.852587 0.0744448 9.9955E-05 9.9955E-05
9.99551E-05 0.484273 9.99551E-05 9.99551E-05 9.99551E-05 0.303835 0.137052 9.99551E-05 0.0743403
9.993E-05 9.993E-05 9.993E-05 9.993E-05 9.993E-05 0.999201 9.993E-05 9.993E-05 9.993E-05
9.99369E-05 0.105741 9.99369E-05 9.99369E-05 9.99369E-05 0.89356 9.99369E-05 9.99369E-05 9.99369E-05
0.0832329 9.99459E-05 9.99459E-05 9.99459E-05 0.0738679 0.842299 9.99459E-05 9.99459E-05 9.99459E-05
9.99461E-05 0.032478 9.99461E-05 9.99461E-05 9.99461E-05 9.99461E-05 0.0713028 0.89562 9.99461E-05
0.00541092 9.99372E-05 9.99372E-05 9.99372E-05 9.99372E-05 9.99372E-05 9.99372E-05 9.99372E-05 0.99389
0.0454263 0.102137 0.0581765 0.1304 0.045906 0.153112 0.215832 0.0372123 0.211798
9.99463E-05 9.99463E-05 0.0102662 9.99463E-05 9.99463E-05 0.0222812 9.99463E-05 9.99463E-05 0.966853
9.9955E-05 9.9955E-05 9.9955E-05 0.019531 0.0350469 9.9955E-05 0.0112347 9.9955E-05 0.933688
9.9946E-05 9.9946E-05 9.9946E-05 0.0633843 9.9946E-05 0.0193406 9.9946E-05 9.9946E-05 0.916675
9.9964E-05 9.9964E-05 0.0234284 0.0122834 9.9964E-05 9.9964E-05 0.0229997 0.00974058 0.931148
0.00460398 0.0160412 0.0746997 9.99731E-05 0.00654431 9.99731E-05 0.0144985 9.99731E-05 0.883312
9.99369E-05 9.99369E-05 9.99369E-05 9.99369E-05 0.0076088 9.99369E-05 9.99369E-05 9.99369E-05 0.991692
9.99552E-05 9.99552E-05 0.334217 0.208498 0.0175432 9.99552E-05 9.99552E-05 9.99552E-05 0.439242
9.99552E-05 9.99552E-05 0.448044 0.080221 9.99552E-05 0.0579874 9.99552E-05 9.99552E-05 0.413248
0.0136653 9.99461E-05 9.99461E-05 0.0215547 9.99461E-05 9.99461E-05 9.99461E-05 9.99461E-05 0.96418
0.00843624 0.720038 0.110685 0.00663549 9.9982E-05 0.0489349 0.0333516 9.9982E-05 0.071719
0.0116982 0.763644 0.107553 0.0129343 9.9973E-05 0.0578086 9.9973E-05 9.9973E-05 0.0460626
0.999201 9.993E-05 9.993E-05 9.993E-05 9.993E-05 9.993E-05 9.993E-05 9.993E-05 9.993E-05
0.999201 9.993E-05 9.993E-05 9.993E-05 9.993E-05 9.993E-05 9.993E-05 9.993E-05 9.993E-05
9.9937E-05 0.952697 0.0466032 9.9937E-05 9.9937E-05 9.9937E-05 9.9937E-05 9.9937E-05 9.9937E-05
9.9946E-05 0.925953 9.9946E-05 0.00393374 9.9946E-05 0.0695139 9.9946E-05 9.9946E-05 9.9946E-05
0.98709 0.01221 9.99371E-05 9.99371E-05 9.99371E-05 9.99371E-05 9.99371E-05 9.99371E-05 9.99371E-05
0.999201 9.993E-05 9.993E-05 9.993E-05 9.993E-05 9.993E-05 9.993E-05 9.993E-05 9.993E-05
9.99459E-05 9.99459E-05 9.99459E-05 0.00401996 9.99459E-05 0.0161402 0.97924 9.99459E-05 9.99459E-05
9.9964E-05 0.527016 0.108988 9.9964E-05 9.9964E-05 0.240429 0.0629495 0.0602172 9.9964E-05
9.99458E-05 9.99458E-05 0.89935 0.0604677 9.99458E-05 9.99458E-05 0.039583 9.99458E-05 9.99458E-05
0.0579142 0.0744756 9.99731E-05 9.99731E-05 0.608905 0.172505 9.99731E-05 0.0639257 0.0219751
0.114755 9.99641E-05 9.99641E-05 9.99641E-05 0.570842 0.194703 0.115004 0.00429667 9.99641E-05
0.0105225 9.99641E-05 0.220748 0.177051 9.99641E-05 9.99641E-05 9.99641E-05 0.043653 0.547625
