9.9991E-05 0.941501 0.0583991
0.319012 0.33507 0.345918
0.712595 0.11448 0.172926
0.9998 9.999E-05 9.999E-05
0.420306 0.195079 0.384615
0.9998 9.999E-05 9.999E-05
9.999E-05 0.461465 0.538435
0.396263 0.0688333 0.534904
9.9991E-05 0.400346 0.599554
9.9991E-05 0.790147 0.209753
9.9991E-05 0.818946 0.180954
0.100592 0.899308 9.9991E-05
0.0990431 0.900857 9.9991E-05
0.959449 0.0404514 9.9991E-05
0.980973 0.0189272 9.9991E-05
0.0300981 0.828107 0.141795
0.0373878 0.962512 9.9991E-05
9.99911E-05 0.940933 0.0589674
9.999E-05 0.9998 9.999E-05
9.9991E-05 0.930378 0.0695222
9.999E-05 0.9998 9.999E-05
0.0247782 0.922412 0.0528099
0.0760668 0.893089 0.030844
9.999E-05 0.9998 9.999E-05
0.9998 9.999E-05 9.999E-05
0.9998 9.999E-05 9.999E-05
9.999E-05 0.9998 9.999E-05
0.913683 9.9991E-05 0.0862168
0.908201 9.9991E-05 0.091699
0.749594 0.00173229 0.248674
0.710921 9.9991E-05 0.288979
0.100797 0.233039 0.666164
0.9998 9.999E-05 9.999E-05
0.0995581 9.9991E-05 0.900342
0.112788 0.887112 9.9991E-05
0.9998 9.999E-05 9.999E-05
0.11228 0.88762 9.9991E-05
9.9991E-05 0.715705 0.284195
0.201411 0.798489 9.9991E-05
0.190349 0.809551 9.9991E-05
0.11141 0.805961 0.0826299
9.99909E-05 0.924914 0.074986
9.9991E-05 0.82452 0.17538
9.99909E-05 0.894429 0.105471
9.9991E-05 0.91937 0.08053
0.0544616 0.851228 0.0943108
0.138862 0.768782 0.0923562
9.99911E-05 0.934972 0.064928
9.999E-05 9.999E-05 0.9998
9.999E-05 9.999E-05 0.9998
9.999E-05 9.999E-05 0.9998
9.999E-05 9.999E-05 0.9998
9.999E-05 9.999E-05 0.9998
0.224154 0.101223 0.674623
9.999E-05 9.999E-05 0.9998
9.9991E-05 0.938822 0.0610784
0.0876343 0.242772 0.669594
0.9998 9.999E-05 9.999E-05
0.0494003 0.9505 9.9991E-05
0.0757301 0.812642 0.111628
0.0224703 0.965399 0.0121311
0.0305003 0.9694 9.9991E-05
9.999E-05 0.9998 9.999E-05
9.999E-05 0.9998 9.999E-05
0.998451 9.9991E-05 0.00144916
0.175899 0.456233 0.367868
0.980634 9.9991E-05 0.0192659
0.973081 0.00890534 0.0180139
0.913568 9.9991E-05 0.0863321
0.935144 9.9991E-05 0.0647557
0.91505 0.0383983 0.0465518
0.9998 9.999E-05 9.999E-05
0.469704 9.99911E-05 0.530196
0.514269 0.0133605 0.472371
0.98823 0.0116705 9.9991E-05
0.062649 0.72629 0.211061
0.0424716 0.71854 0.238988
0.114208 0.885692 9.9991E-05
0.116968 0.882932 9.9991E-05
9.99909E-05 0.842119 0.157781
9.99909E-05 0.846559 0.153341
0.117948 0.881952 9.9991E-05
0.134424 0.865476 9.9991E-05
9.9991E-05 0.91455 0.0853502
9.9991E-05 0.875084 0.124816
0.0584566 0.226324 0.715219
0.101732 0.898168 9.9991E-05
0.0354767 0.964423 9.9991E-05
0.624946 0.0249124 0.350141
