9.99009E-05 9.99009E-05 9.99009E-05 9.99009E-05 9.99009E-05 9.99009E-05 9.99009E-05 0.0310702 9.99009E-05 9.99009E-05 9.99009E-05 0.967831 9.99009E-05
0.011012 9.99369E-05 9.99369E-05 9.99369E-05 0.105396 0.750125 9.99369E-05 9.99369E-05 0.00237459 0.119499 9.99369E-05 0.0108936 9.99369E-05
9.994E-05 9.994E-05 0.0218924 0.0607929 0.668919 0.135712 9.994E-05 9.994E-05 0.000289119 9.994E-05 0.0387992 9.994E-05 0.0729949
0.00853132 9.9937E-05 0.000981173 9.9937E-05 0.955441 9.9937E-05 0.00593595 9.9937E-05 0.0199989 0.0084125 9.9937E-05 9.9937E-05 9.9937E-05
9.99462E-05 9.99462E-05 0.278033 0.00655119 0.403708 0.0888114 0.0628109 0.132321 9.99462E-05 0.0271652 9.99462E-05 9.99462E-05 9.99462E-05
9.9919E-05 0.00249282 9.9919E-05 0.00464615 0.983025 9.9919E-05 9.9919E-05 9.9919E-05 9.9919E-05 0.00893702 9.9919E-05 9.9919E-05 9.9919E-05
9.9892E-05 9.9892E-05 0.998801 9.9892E-05 9.9892E-05 9.9892E-05 9.9892E-05 9.9892E-05 9.9892E-05 9.9892E-05 9.9892E-05 9.9892E-05 9.9892E-05
9.99279E-05 9.99279E-05 9.99279E-05 0.52473 0.173251 0.121622 0.0762551 0.103343 9.99279E-05 9.99279E-05 9.99279E-05 9.99279E-05 9.99279E-05
0.0186839 9.991E-05 0.945717 9.991E-05 9.991E-05 0.0345997 9.991E-05 9.991E-05 9.991E-05 9.991E-05 9.991E-05 9.991E-05 9.991E-05
9.9901E-05 9.9901E-05 0.137752 9.9901E-05 9.9901E-05 9.9901E-05 9.9901E-05 0.861149 9.9901E-05 9.9901E-05 9.9901E-05 9.9901E-05 9.9901E-05
9.9901E-05 9.9901E-05 0.136802 9.9901E-05 9.9901E-05 9.9901E-05 9.9901E-05 0.862099 9.9901E-05 9.9901E-05 9.9901E-05 9.9901E-05 9.9901E-05
9.9919E-05 9.9919E-05 9.9919E-05 9.9919E-05 0.0303534 9.9919E-05 9.9919E-05 9.9919E-05 0.119289 9.9919E-05 9.9919E-05 0.67885 0.170608
9.99102E-05 9.99102E-05 0.0237503 0.0204575 9.99102E-05 9.99102E-05 9.99102E-05 9.99102E-05 9.99102E-05 9.99102E-05 9.99102E-05 9.99102E-05 0.954793
9.99281E-05 0.0102106 9.99281E-05 9.99281E-05 0.935752 9.99281E-05 9.99281E-05 9.99281E-05 9.99281E-05 0.0468132 0.0047501 0.00167498 9.99281E-05
9.99102E-05 9.99102E-05 9.99102E-05 9.99102E-05 0.960918 9.99102E-05 9.99102E-05 0.0357366 9.99102E-05 9.99102E-05 9.99102E-05 0.00234607 9.99102E-05
0.810819 9.9919E-05 9.9919E-05 9.9919E-05 9.9919E-05 9.9919E-05 9.9919E-05 0.00545276 9.9919E-05 0.0180256 9.9919E-05 9.9919E-05 0.164804
0.00884356 9.99099E-05 9.99099E-05 9.99099E-05 9.99099E-05 9.99099E-05 9.99099E-05 0.063829 9.99099E-05 0.926328 9.99099E-05 9.99099E-05 9.99099E-05
0.0115491 9.99369E-05 9.99369E-05 9.99369E-05 9.99369E-05 0.039698 0.00870857 0.183852 9.99369E-05 9.99369E-05 0.718262 0.0372312 9.99369E-05
9.9919E-05 0.0820538 9.9919E-05 9.9919E-05 9.9919E-05 9.9919E-05 9.9919E-05 9.9919E-05 0.0240502 9.9919E-05 0.884893 9.9919E-05 0.00810373
0.328405 9.99279E-05 9.99279E-05 9.99279E-05 9.99279E-05 9.99279E-05 9.99279E-05 0.489819 0.0333556 0.036106 9.99279E-05 0.111514 9.99279E-05
9.99011E-05 0.097636 9.99011E-05 9.99011E-05 9.99011E-05 9.99011E-05 9.99011E-05 9.99011E-05 9.99011E-05 9.99011E-05 0.901265 9.99011E-05 9.99011E-05
0.29034 9.99459E-05 9.99459E-05 9.99459E-05 9.99459E-05 9.99459E-05 0.0103998 0.0581461 0.00383705 0.0495718 9.99459E-05 0.510226 0.0768788
9.9919E-05 9.9919E-05 9.9919E-05 9.9919E-05 9.9919E-05 9.9919E-05 9.9919E-05 0.184649 0.146946 0.256002 0.411504 9.9919E-05 9.9919E-05
9.99009E-05 9.99009E-05 9.99009E-05 9.99009E-05 9.99009E-05 9.99009E-05 9.99009E-05 0.0763639 9.99009E-05 9.99009E-05 0.922537 9.99009E-05 9.99009E-05
9.99012E-05 9.99012E-05 9.99012E-05 9.99012E-05 0.995498 9.99012E-05 0.00340351 9.99012E-05 9.99012E-05 9.99012E-05 9.99012E-05 9.99012E-05 9.99012E-05
9.99012E-05 9.99012E-05 9.99012E-05 9.99012E-05 0.996027 9.99012E-05 0.00287424 9.99012E-05 9.99012E-05 9.99012E-05 9.99012E-05 9.99012E-05 9.99012E-05
9.99369E-05 9.99369E-05 9.99369E-05 9.99369E-05 9.99369E-05 0.00524941 9.99369E-05 0.0613737 0.0247551 0.0710938 9.99369E-05 0.0456075 0.791221
9.9919E-05 9.9919E-05 0.0179881 0.00588405 0.911839 9.9919E-05 0.0633898 9.9919E-05 9.9919E-05 9.9919E-05 9.9919E-05 9.9919E-05 9.9919E-05
0.00883204 9.99281E-05 0.00775803 9.99281E-05 0.912567 9.99281E-05 0.061585 9.99281E-05 9.99281E-05 9.99281E-05 9.99281E-05 9.99281E-05 0.00845821
9.99281E-05 0.0673925 9.99281E-05 0.168366 0.596273 9.99281E-05 0.147747 9.99281E-05 0.0194216 9.99281E-05 9.99281E-05 9.99281E-05 9.99281E-05
9.99369E-05 9.99369E-05 9.99369E-05 0.409952 0.386934 9.99369E-05 0.130878 0.0197992 0.0239335 0.0278034 9.99369E-05 9.99369E-05 9.99369E-05
9.98923E-05 9.98923E-05 9.98923E-05 9.98923E-05 9.98923E-05 0.998801 9.98923E-05 9.98923E-05 9.98923E-05 9.98923E-05 9.98923E-05 9.98923E-05 9.98923E-05
0.000439 9.99102E-05 9.99102E-05 0.150294 0.848268 9.99102E-05 9.99102E-05 9.99102E-05 9.99102E-05 9.99102E-05 9.99102E-05 9.99102E-05 9.99102E-05
9.99461E-05 9.99461E-05 0.00389018 0.26935 9.99461E-05 0.0427793 0.671332 0.00389767 0.00488195 9.99461E-05 9.99461E-05 0.00326884 9.99461E-05
9.99368E-05 9.99368E-05 9.99368E-05 0.031411 9.99368E-05 9.99368E-05 9.99368E-05 0.0715387 0.0986599 0.289404 9.99368E-05 0.038944 0.469343
0.022684 9.99459E-05 0.0161399 0.00883013 0.912295 9.99459E-05 9.99459E-05 9.99459E-05 9.99459E-05 0.0158138 9.99459E-05 0.00257796 0.0210591
9.991E-05 9.991E-05 9.991E-05 0.0273394 9.991E-05 9.991E-05 9.991E-05 9.991E-05 9.991E-05 0.00710897 9.991E-05 0.964553 9.991E-05
9.99279E-05 9.99279E-05 9.99279E-05 0.0603282 9.99279E-05 0.188658 9.99279E-05 0.673831 9.99279E-05 0.0225761 9.99279E-05 0.0538072 9.99279E-05
9.98919E-05 9.98919E-05 9.98919E-05 9.98919E-05 9.98919E-05 9.98919E-05 9.98919E-05 9.98919E-05 9.98919E-05 0.998801 9.98919E-05 9.98919E-05 9.98919E-05
0.356317 0.00742526 9.99368E-05 9.99368E-05 0.0887117 9.99368E-05 9.99368E-05 0.238155 9.99368E-05 0.138441 9.99368E-05 0.170251 9.99368E-05
0.341363 0.00798233 9.99548E-05 9.99548E-05 0.0391616 0.00130315 9.99548E-05 0.258758 0.0220402 0.0641536 9.99548E-05 0.264738 9.99548E-05
0.0238812 9.99189E-05 9.99189E-05 9.99189E-05 9.99189E-05 9.99189E-05 9.99189E-05 0.912309 9.99189E-05 9.99189E-05 9.99189E-05 0.0508983 0.0120119
0.840432 0.00640349 0.0864415 9.9927E-05 9.9927E-05 9.9927E-05 9.9927E-05 9.9927E-05 9.9927E-05 9.9927E-05 9.9927E-05 9.9927E-05 0.0658238
9.991E-05 9.991E-05 9.991E-05 9.991E-05 9.991E-05 9.991E-05 9.991E-05 0.930421 9.991E-05 9.991E-05 9.991E-05 0.0292439 0.0393363
0.0728752 9.99459E-05 9.99459E-05 9.99459E-05 9.99459E-05 0.0599615 9.99459E-05 0.479192 0.0787388 9.99459E-05 0.13974 0.0409916 0.127902
0.15011 0.0788184 9.9955E-05 0.0189483 0.0679392 0.0178899 9.9955E-05 0.558076 9.9955E-05 9.9955E-05 9.9955E-05 0.0897769 0.0179409
9.9964E-05 0.0109206 0.0134068 9.9964E-05 0.109615 9.9964E-05 0.0177388 0.247484 0.0238183 0.237801 9.9964E-05 0.20616 0.132655
9.99016E-05 9.99016E-05 9.99016E-05 9.99016E-05 9.99016E-05 9.99016E-05 9.99016E-05 9.99016E-05 9.99016E-05 9.99016E-05 0.0225666 0.976335 9.99016E-05
9.98921E-05 9.98921E-05 9.98921E-05 9.98921E-05 9.98921E-05 9.98921E-05 0.998801 9.98921E-05 9.98921E-05 9.98921E-05 9.98921E-05 9.98921E-05 9.98921E-05
9.98921E-05 9.98921E-05 9.98921E-05 9.98921E-05 9.98921E-05 9.98921E-05 0.998801 9.98921E-05 9.98921E-05 9.98921E-05 9.98921E-05 9.98921E-05 9.98921E-05
9.99011E-05 9.99011E-05 9.99011E-05 9.99011E-05 0.0143096 9.99011E-05 0.984591 9.99011E-05 9.99011E-05 9.99011E-05 9.99011E-05 9.99011E-05 9.99011E-05
9.98922E-05 9.98922E-05 9.98922E-05 9.98922E-05 9.98922E-05 9.98922E-05 0.998801 9.98922E-05 9.98922E-05 9.98922E-05 9.98922E-05 9.98922E-05 9.98922E-05
9.98922E-05 9.98922E-05 9.98922E-05 9.98922E-05 9.98922E-05 9.98922E-05 0.998801 9.98922E-05 9.98922E-05 9.98922E-05 9.98922E-05 9.98922E-05 9.98922E-05
0.0986502 9.99371E-05 9.99371E-05 0.381652 0.106796 0.0461659 0.317445 9.99371E-05 9.99371E-05 9.99371E-05 0.0485908 9.99371E-05 9.99371E-05
0.0024291 9.99191E-05 9.99191E-05 9.99191E-05 9.99191E-05 0.0648057 0.928894 9.99191E-05 9.99191E-05 9.99191E-05 9.99191E-05 9.99191E-05 0.0029718
0.202972 9.99098E-05 9.99098E-05 9.99098E-05 9.99098E-05 9.99098E-05 9.99098E-05 9.99098E-05 9.99098E-05 9.99098E-05 9.99098E-05 0.795787 0.000241988
0.0213356 9.99279E-05 0.0307635 9.99279E-05 9.99279E-05 0.909671 0.0366705 9.99279E-05 9.99279E-05 9.99279E-05 9.99279E-05 9.99279E-05 0.000759718
9.991E-05 9.991E-05 9.991E-05 9.991E-05 0.962951 0.000996871 9.991E-05 9.991E-05 9.991E-05 0.0350535 9.991E-05 9.991E-05 9.991E-05
0.120776 9.99281E-05 9.99281E-05 9.99281E-05 9.99281E-05 9.99281E-05 0.00955714 9.99281E-05 0.0369958 9.99281E-05 9.99281E-05 0.0127289 0.819142
0.922362 9.99013E-05 9.99013E-05 9.99013E-05 9.99013E-05 9.99013E-05 9.99013E-05 9.99013E-05 9.99013E-05 9.99013E-05 9.99013E-05 9.99013E-05 0.0765395
9.99012E-05 9.99012E-05 0.0194214 9.99012E-05 9.99012E-05 9.99012E-05 9.99012E-05 9.99012E-05 9.99012E-05 9.99012E-05 9.99012E-05 9.99012E-05 0.97948
0.0121295 9.99099E-05 9.99099E-05 9.99099E-05 9.99099E-05 9.99099E-05 9.99099E-05 0.107432 9.99099E-05 9.99099E-05 9.99099E-05 9.99099E-05 0.879439
9.99278E-05 9.99278E-05 9.99278E-05 9.99278E-05 9.99278E-05 9.99278E-05 9.99278E-05 0.0929087 0.059619 0.0273308 0.00781268 9.99278E-05 0.811529
9.9892E-05 0.998801 9.9892E-05 9.9892E-05 9.9892E-05 9.9892E-05 9.9892E-05 9.9892E-05 9.9892E-05 9.9892E-05 9.9892E-05 9.9892E-05 9.9892E-05
9.99194E-05 9.99194E-05 9.99194E-05 9.99194E-05 0.986681 9.99194E-05 0.00421568 0.00624415 0.00195962 9.99194E-05 9.99194E-05 9.99194E-05 9.99194E-05
0.342374 9.9964E-05 9.9964E-05 0.112562 0.175717 0.0741849 9.9964E-05 9.9964E-05 0.061484 0.0472358 0.0786882 0.0268598 0.0804954
0.00597463 9.99193E-05 9.99193E-05 0.0887836 0.900075 9.99193E-05 9.99193E-05 9.99193E-05 9.99193E-05 9.99193E-05 9.99193E-05 9.99193E-05 0.00426798
9.9937E-05 9.9937E-05 0.0205633 0.0164225 0.898686 9.9937E-05 0.0111402 9.9937E-05 9.9937E-05 0.0473485 9.9937E-05 0.00513967 9.9937E-05
0.0521433 9.9928E-05 0.0160437 0.0396238 0.859367 9.9928E-05 0.0320229 9.9928E-05 9.9928E-05 9.9928E-05 9.9928E-05 9.9928E-05 9.9928E-05
0.056901 9.99281E-05 9.99281E-05 0.0224128 0.893247 0.00526765 0.0213717 9.99281E-05 9.99281E-05 9.99281E-05 9.99281E-05 9.99281E-05 9.99281E-05
9.99281E-05 9.99281E-05 9.99281E-05 0.071686 0.807736 0.0492128 9.99281E-05 0.0690983 0.00146771 9.99281E-05 9.99281E-05 9.99281E-05 9.99281E-05
9.9919E-05 9.9919E-05 0.00900861 9.9919E-05 0.940574 9.9919E-05 0.00591519 9.9919E-05 9.9919E-05 0.0436029 9.9919E-05 9.9919E-05 9.9919E-05
9.98919E-05 9.98919E-05 9.98919E-05 0.998801 9.98919E-05 9.98919E-05 9.98919E-05 9.98919E-05 9.98919E-05 9.98919E-05 9.98919E-05 9.98919E-05 9.98919E-05
9.9901E-05 9.9901E-05 9.9901E-05 0.987226 9.9901E-05 9.9901E-05 9.9901E-05 9.9901E-05 9.9901E-05 9.9901E-05 9.9901E-05 9.9901E-05 0.0116753
0.0296674 9.99281E-05 9.99281E-05 9.99281E-05 0.950665 9.99281E-05 0.000781452 0.0174122 9.99281E-05 9.99281E-05 0.000674212 9.99281E-05 9.99281E-05
0.976126 9.991E-05 9.991E-05 0.00891692 9.991E-05 9.991E-05 0.0139578 9.991E-05 9.991E-05 9.991E-05 9.991E-05 9.991E-05 9.991E-05
0.98853 9.99009E-05 9.99009E-05 9.99009E-05 9.99009E-05 9.99009E-05 0.0103715 9.99009E-05 9.99009E-05 9.99009E-05 9.99009E-05 9.99009E-05 9.99009E-05
9.98921E-05 9.98921E-05 9.98921E-05 9.98921E-05 9.98921E-05 9.98921E-05 9.98921E-05 9.98921E-05 0.998801 9.98921E-05 9.98921E-05 9.98921E-05 9.98921E-05
9.98922E-05 9.98922E-05 9.98922E-05 9.98922E-05 9.98922E-05 9.98922E-05 9.98922E-05 9.98922E-05 0.998801 9.98922E-05 9.98922E-05 9.98922E-05 9.98922E-05
0.0949413 9.99189E-05 9.99189E-05 9.99189E-05 9.99189E-05 0.0848702 9.99189E-05 0.795362 9.99189E-05 9.99189E-05 9.99189E-05 9.99189E-05 0.0239268
0.101903 9.99189E-05 9.99189E-05 9.99189E-05 9.99189E-05 0.0647492 9.99189E-05 0.750964 9.99189E-05 9.99189E-05 9.99189E-05 9.99189E-05 0.0814841
0.00744097 9.99102E-05 9.99102E-05 0.000577808 9.99102E-05 9.99102E-05 9.99102E-05 9.99102E-05 0.990982 9.99102E-05 9.99102E-05 9.99102E-05 9.99102E-05
9.99011E-05 9.99011E-05 9.99011E-05 9.99011E-05 9.99011E-05 9.99011E-05 9.99011E-05 9.99011E-05 0.998008 9.99011E-05 9.99011E-05 0.000893498 9.99011E-05
0.0271157 9.99189E-05 9.99189E-05 9.99189E-05 9.99189E-05 9.99189E-05 0.0010296 9.99189E-05 9.99189E-05 9.99189E-05 9.99189E-05 0.937984 0.0329713
0.564777 0.00713471 0.0129665 9.9955E-05 9.9955E-05 0.0474786 9.9955E-05 0.144135 9.9955E-05 9.9955E-05 0.0566938 0.0111998 0.155115
9.991E-05 9.991E-05 0.0368598 9.991E-05 9.991E-05 0.89946 0.0626808 9.991E-05 9.991E-05 9.991E-05 9.991E-05 9.991E-05 9.991E-05
9.99463E-05 9.99463E-05 9.99463E-05 9.99463E-05 0.0384304 9.99463E-05 9.99463E-05 0.270218 0.109136 0.23156 0.0959143 0.00126795 0.252873
9.99282E-05 9.99282E-05 9.99282E-05 9.99282E-05 9.99282E-05 9.99282E-05 9.99282E-05 9.99282E-05 0.161723 0.371482 0.0611197 0.129492 0.275385
9.99372E-05 9.99372E-05 0.0237155 0.473154 0.317443 9.99372E-05 0.130401 0.0315529 9.99372E-05 9.99372E-05 0.0230341 9.99372E-05 9.99372E-05
