0.943321 9.99099E-05 9.99099E-05 9.99099E-05 9.99099E-05 0.0105338 0.0451461 9.99099E-05 9.99099E-05 9.99099E-05 9.99099E-05 9.99099E-05 9.99099E-05
0.0491384 9.99189E-05 9.99189E-05 9.99189E-05 9.99189E-05 9.99189E-05 9.99189E-05 9.99189E-05 9.99189E-05 9.99189E-05 0.115024 0.738507 0.0964316
9.99198E-05 9.99198E-05 9.99198E-05 0.114412 9.99198E-05 0.0401319 9.99198E-05 0.19219 9.99198E-05 9.99198E-05 0.652366 9.99198E-05 9.99198E-05
9.99011E-05 9.99011E-05 9.99011E-05 9.99011E-05 9.99011E-05 0.0550112 9.99011E-05 9.99011E-05 9.99011E-05 9.99011E-05 0.94389 9.99011E-05 9.99011E-05
0.0518699 9.99641E-05 0.0104262 9.99641E-05 0.247564 9.99641E-05 0.0753864 0.104086 0.00800664 9.99641E-05 0.334844 0.0964248 0.0709922
9.991E-05 9.991E-05 9.991E-05 9.991E-05 9.991E-05 9.991E-05 9.991E-05 0.0374614 0.0276646 9.991E-05 0.933875 9.991E-05 9.991E-05
9.9892E-05 9.9892E-05 9.9892E-05 9.9892E-05 0.998801 9.9892E-05 9.9892E-05 9.9892E-05 9.9892E-05 9.9892E-05 9.9892E-05 9.9892E-05 9.9892E-05
9.99201E-05 9.99201E-05 0.0471898 9.99201E-05 9.99201E-05 9.99201E-05 0.0728219 0.718506 9.99201E-05 9.99201E-05 0.0412193 0.119464 9.99201E-05
9.991E-05 9.991E-05 0.0229089 9.991E-05 0.943701 9.991E-05 9.991E-05 9.991E-05 9.991E-05 9.991E-05 9.991E-05 0.0323911 9.991E-05
9.99011E-05 9.99011E-05 9.99011E-05 9.99011E-05 0.141556 9.99011E-05 0.857345 9.99011E-05 9.99011E-05 9.99011E-05 9.99011E-05 9.99011E-05 9.99011E-05
9.99011E-05 9.99011E-05 9.99011E-05 9.99011E-05 0.153825 9.99011E-05 0.845076 9.99011E-05 9.99011E-05 9.99011E-05 9.99011E-05 9.99011E-05 9.99011E-05
0.655475 9.9937E-05 9.9937E-05 0.177795 0.0133045 0.132611 9.9937E-05 9.9937E-05 0.00232613 9.9937E-05 0.0177884 9.9937E-05 9.9937E-05
9.99102E-05 9.99102E-05 9.99102E-05 0.95937 0.00671992 9.99102E-05 9.99102E-05 0.0329113 9.99102E-05 9.99102E-05 9.99102E-05 9.99102E-05 9.99102E-05
9.99371E-05 0.000623724 9.99371E-05 9.99371E-05 9.99371E-05 0.00185185 9.99371E-05 9.99371E-05 0.0245848 9.99371E-05 0.911503 0.0203448 0.0403927
0.0418477 0.00110115 9.99191E-05 9.99191E-05 9.99191E-05 9.99191E-05 0.0163858 9.99191E-05 9.99191E-05 9.99191E-05 0.939766 9.99191E-05 9.99191E-05
9.991E-05 9.991E-05 9.991E-05 0.110677 9.991E-05 9.991E-05 9.991E-05 9.991E-05 0.12576 0.762564 9.991E-05 9.991E-05 9.991E-05
9.99009E-05 9.99009E-05 9.99009E-05 9.99009E-05 9.99009E-05 9.99009E-05 0.0857874 9.99009E-05 9.99009E-05 9.99009E-05 9.99009E-05 9.99009E-05 0.913114
0.0170278 0.695912 9.99369E-05 9.99369E-05 9.99369E-05 9.99369E-05 0.139333 9.99369E-05 9.99369E-05 0.0515839 9.99369E-05 0.0470362 0.048408
9.99101E-05 0.934992 9.99101E-05 9.99101E-05 9.99101E-05 0.0599732 9.99101E-05 9.99101E-05 0.00403593 9.99101E-05 9.99101E-05 9.99101E-05 9.99101E-05
0.0932961 9.99369E-05 9.99369E-05 9.99369E-05 9.99369E-05 0.036567 0.393203 9.99369E-05 0.1708 0.277545 9.99369E-05 9.99369E-05 0.0278897
9.98921E-05 0.998801 9.98921E-05 9.98921E-05 9.98921E-05 9.98921E-05 9.98921E-05 9.98921E-05 9.98921E-05 9.98921E-05 9.98921E-05 9.98921E-05 9.98921E-05
0.53714 9.99369E-05 9.99369E-05 0.00704074 9.99369E-05 9.99369E-05 0.0985432 9.99369E-05 0.0287304 0.270236 9.99369E-05 9.99369E-05 0.0576096
9.99192E-05 0.369527 9.99192E-05 9.99192E-05 9.99192E-05 0.165682 0.179522 9.99192E-05 9.99192E-05 9.99192E-05 9.99192E-05 9.99192E-05 0.28437
9.9919E-05 0.886988 9.9919E-05 9.9919E-05 9.9919E-05 9.9919E-05 0.0381745 9.9919E-05 0.0736793 9.9919E-05 9.9919E-05 9.9919E-05 0.000259301
9.99103E-05 9.99103E-05 0.0180805 9.99103E-05 9.99103E-05 9.99103E-05 9.99103E-05 9.99103E-05 9.99103E-05 9.99103E-05 0.973987 0.00693385 9.99103E-05
9.98922E-05 9.98922E-05 9.98922E-05 9.98922E-05 9.98922E-05 9.98922E-05 9.98922E-05 9.98922E-05 9.98922E-05 9.98922E-05 0.998801 9.98922E-05 9.98922E-05
0.0207393 9.99369E-05 9.99369E-05 0.756621 9.99369E-05 0.0318874 0.107886 9.99369E-05 9.99369E-05 0.0114405 9.99369E-05 9.99369E-05 0.0707267
9.9928E-05 9.9928E-05 0.0520703 9.9928E-05 0.00600475 9.9928E-05 9.9928E-05 9.9928E-05 9.9928E-05 0.0173618 0.919866 0.00389764 9.9928E-05
9.9919E-05 9.9919E-05 0.0622067 9.9919E-05 0.014296 9.9919E-05 9.9919E-05 9.9919E-05 9.9919E-05 0.0587697 0.863828 9.9919E-05 9.9919E-05
0.000122632 0.0206132 0.113181 9.99461E-05 9.99461E-05 0.0573705 9.99461E-05 0.312047 9.99461E-05 9.99461E-05 0.482493 9.99461E-05 0.0135724
9.99279E-05 9.99279E-05 0.0423413 9.99279E-05 9.99279E-05 0.0336569 9.99279E-05 0.587912 0.0340021 9.99279E-05 0.301289 9.99279E-05 9.99279E-05
9.98923E-05 9.98923E-05 9.98923E-05 9.98923E-05 9.98923E-05 9.98923E-05 9.98923E-05 9.98923E-05 9.98923E-05 9.98923E-05 9.98923E-05 0.998801 9.98923E-05
9.99192E-05 9.99192E-05 9.99192E-05 9.99192E-05 9.99192E-05 9.99192E-05 9.99192E-05 0.145857 9.99192E-05 0.0210724 0.828586 9.99192E-05 0.00358529
9.99102E-05 9.99102E-05 0.694605 9.99102E-05 9.99102E-05 9.99102E-05 9.99102E-05 0.283629 9.99102E-05 9.99102E-05 9.99102E-05 0.020767 9.99102E-05
0.04769 9.99458E-05 9.99458E-05 0.451715 9.99458E-05 0.101753 0.0372757 0.0765152 0.0686644 9.99458E-05 9.99458E-05 9.99458E-05 0.215787
9.993E-05 9.993E-05 9.993E-05 0.00985732 0.0252521 9.993E-05 9.993E-05 0.0576735 0.0352669 0.0250435 0.846207 9.993E-05 9.993E-05
0.964456 9.99101E-05 9.99101E-05 9.99101E-05 9.99101E-05 9.99101E-05 9.99101E-05 0.0334404 9.99101E-05 9.99101E-05 9.99101E-05 9.99101E-05 0.00110451
0.0692556 0.00573515 9.9928E-05 9.9928E-05 9.9928E-05 9.9928E-05 0.648345 9.9928E-05 9.9928E-05 9.9928E-05 9.9928E-05 0.223565 0.0522996
9.99009E-05 9.99009E-05 9.99009E-05 9.99009E-05 9.99009E-05 9.99009E-05 9.99009E-05 0.00526016 9.99009E-05 9.99009E-05 9.99009E-05 9.99009E-05 0.993641
0.220859 9.99369E-05 9.99369E-05 9.99369E-05 9.99369E-05 9.99369E-05 0.3401 9.99369E-05 0.0246367 0.211424 0.085516 9.99369E-05 0.116764
0.267169 0.007684 9.99549E-05 9.99549E-05 9.99549E-05 9.99549E-05 0.371296 9.99549E-05 0.00713597 0.177694 0.0828245 0.0207665 0.0649303
0.048321 9.99099E-05 9.99099E-05 9.99099E-05 9.99099E-05 9.99099E-05 0.911895 9.99099E-05 0.0387849 9.99099E-05 9.99099E-05 9.99099E-05 9.99099E-05
0.0337365 0.013816 9.9937E-05 0.0209353 0.0718254 9.9937E-05 0.0162309 9.9937E-05 9.9937E-05 0.842756 9.9937E-05 9.9937E-05 9.9937E-05
9.99189E-05 9.99189E-05 9.99189E-05 0.0153168 9.99189E-05 0.00118283 0.859549 9.99189E-05 0.123052 9.99189E-05 9.99189E-05 9.99189E-05 9.99189E-05
0.0439799 0.0837652 0.00261592 0.11817 0.0200483 0.0754752 0.392171 9.9964E-05 0.19444 9.9964E-05 9.9964E-05 0.0689344 9.9964E-05
0.0750711 0.00468004 9.9937E-05 9.9937E-05 9.9937E-05 9.9937E-05 0.512804 0.113167 0.15797 0.135608 9.9937E-05 9.9937E-05 9.9937E-05
0.136132 9.9955E-05 0.0418449 0.0773521 0.0313522 9.9955E-05 0.234408 9.9955E-05 0.296971 9.9955E-05 0.081323 9.9955E-05 0.100118
0.98039 0.0185107 9.99016E-05 9.99016E-05 9.99016E-05 9.99016E-05 9.99016E-05 9.99016E-05 9.99016E-05 9.99016E-05 9.99016E-05 9.99016E-05 9.99016E-05
9.98921E-05 9.98921E-05 0.998801 9.98921E-05 9.98921E-05 9.98921E-05 9.98921E-05 9.98921E-05 9.98921E-05 9.98921E-05 9.98921E-05 9.98921E-05 9.98921E-05
9.98921E-05 9.98921E-05 0.998801 9.98921E-05 9.98921E-05 9.98921E-05 9.98921E-05 9.98921E-05 9.98921E-05 9.98921E-05 9.98921E-05 9.98921E-05 9.98921E-05
9.99101E-05 9.99101E-05 0.997745 9.99101E-05 0.000828037 9.99101E-05 9.99101E-05 9.99101E-05 9.99101E-05 0.000427891 9.99101E-05 9.99101E-05 9.99101E-05
9.98922E-05 9.98922E-05 0.998801 9.98922E-05 9.98922E-05 9.98922E-05 9.98922E-05 9.98922E-05 9.98922E-05 9.98922E-05 9.98922E-05 9.98922E-05 9.98922E-05
9.98922E-05 9.98922E-05 0.998801 9.98922E-05 9.98922E-05 9.98922E-05 9.98922E-05 9.98922E-05 9.98922E-05 9.98922E-05 9.98922E-05 9.98922E-05 9.98922E-05
9.99461E-05 0.0325876 0.38274 9.99461E-05 0.109524 9.99461E-05 9.99461E-05 0.299189 9.99461E-05 0.0581458 0.108327 0.0088864 9.99461E-05
0.00247747 9.99101E-05 0.925537 9.99101E-05 9.99101E-05 9.99101E-05 9.99101E-05 9.99101E-05 9.99101E-05 9.99101E-05 9.99101E-05 0.0709867 9.99101E-05
0.801755 9.99098E-05 9.99098E-05 9.99098E-05 9.99098E-05 9.99098E-05 9.99098E-05 9.99098E-05 0.0564081 0.140838 9.99098E-05 9.99098E-05 9.99098E-05
9.99099E-05 9.99099E-05 0.0343887 9.99099E-05 0.0479673 9.99099E-05 9.99099E-05 9.99099E-05 9.99099E-05 9.99099E-05 9.99099E-05 0.916645 9.99099E-05
9.99009E-05 9.99009E-05 9.99009E-05 9.99009E-05 9.99009E-05 9.99009E-05 9.99009E-05 9.99009E-05 0.0187075 9.99009E-05 0.980194 9.99009E-05 9.99009E-05
0.0246205 9.9928E-05 0.0267499 0.834072 9.9928E-05 0.0237114 9.9928E-05 9.9928E-05 9.9928E-05 0.0900472 9.9928E-05 9.9928E-05 9.9928E-05
9.99102E-05 9.99102E-05 9.99102E-05 0.0352717 9.99102E-05 9.99102E-05 9.99102E-05 9.99102E-05 0.096751 0.866978 9.99102E-05 9.99102E-05 9.99102E-05
9.99014E-05 9.99014E-05 9.99014E-05 0.994619 0.00428205 9.99014E-05 9.99014E-05 9.99014E-05 9.99014E-05 9.99014E-05 9.99014E-05 9.99014E-05 9.99014E-05
9.99009E-05 9.99009E-05 9.99009E-05 0.913675 9.99009E-05 9.99009E-05 0.0852256 9.99009E-05 9.99009E-05 9.99009E-05 9.99009E-05 9.99009E-05 9.99009E-05
9.99189E-05 9.99189E-05 9.99189E-05 0.822703 9.99189E-05 0.033918 0.0557357 9.99189E-05 0.0867442 9.99189E-05 9.99189E-05 9.99189E-05 9.99189E-05
0.0886019 0.910299 9.99013E-05 9.99013E-05 9.99013E-05 9.99013E-05 9.99013E-05 9.99013E-05 9.99013E-05 9.99013E-05 9.99013E-05 9.99013E-05 9.99013E-05
9.99015E-05 9.99015E-05 9.99015E-05 9.99015E-05 9.99015E-05 0.0130428 9.99015E-05 9.99015E-05 9.99015E-05 9.99015E-05 0.985858 9.99015E-05 9.99015E-05
0.104985 0.0348016 0.0723773 0.0957399 0.0226233 0.0524903 9.9991E-05 0.0569821 0.00554626 0.226733 0.188779 0.0226575 0.116184
9.99101E-05 9.99101E-05 9.99101E-05 0.0120477 9.99101E-05 9.99101E-05 9.99101E-05 0.0461585 9.99101E-05 0.0179554 0.922939 9.99101E-05 9.99101E-05
0.0125806 9.9937E-05 0.00167945 9.9937E-05 0.0130153 9.9937E-05 9.9937E-05 0.0210674 9.9937E-05 9.9937E-05 0.90395 9.9937E-05 0.0470081
9.99369E-05 9.99369E-05 0.0629924 9.99369E-05 0.00419607 9.99369E-05 9.99369E-05 0.0129458 9.99369E-05 0.103278 0.811081 0.00480754 9.99369E-05
9.9928E-05 9.9928E-05 0.0043404 9.9928E-05 0.0123814 9.9928E-05 9.9928E-05 9.9928E-05 9.9928E-05 0.0506132 0.901163 0.0307028 9.9928E-05
9.99281E-05 9.99281E-05 9.99281E-05 9.99281E-05 0.0112404 9.99281E-05 0.0590496 0.104073 0.024995 9.99281E-05 0.799842 9.99281E-05 9.99281E-05
9.99099E-05 9.99099E-05 9.99099E-05 9.99099E-05 9.99099E-05 9.99099E-05 9.99099E-05 9.99099E-05 0.0320691 9.99099E-05 0.949674 9.99099E-05 0.0172583
9.98919E-05 9.98919E-05 9.98919E-05 9.98919E-05 9.98919E-05 9.98919E-05 9.98919E-05 0.998801 9.98919E-05 9.98919E-05 9.98919E-05 9.98919E-05 9.98919E-05
9.991E-05 9.991E-05 9.991E-05 0.0316233 0.0284544 9.991E-05 9.991E-05 0.938923 9.991E-05 9.991E-05 9.991E-05 9.991E-05 9.991E-05
9.99281E-05 9.99281E-05 0.00656245 0.0116026 9.99281E-05 9.99281E-05 0.0247106 9.99281E-05 9.99281E-05 0.00710006 0.949225 9.99281E-05 9.99281E-05
9.9901E-05 9.9901E-05 9.9901E-05 9.9901E-05 9.9901E-05 9.9901E-05 9.9901E-05 0.0204545 9.9901E-05 0.978447 9.9901E-05 9.9901E-05 9.9901E-05
9.9901E-05 9.9901E-05 9.9901E-05 9.9901E-05 9.9901E-05 9.9901E-05 9.9901E-05 0.0120988 9.9901E-05 0.986802 9.9901E-05 9.9901E-05 9.9901E-05
9.98922E-05 9.98922E-05 9.98922E-05 9.98922E-05 9.98922E-05 0.998801 9.98922E-05 9.98922E-05 9.98922E-05 9.98922E-05 9.98922E-05 9.98922E-05 9.98922E-05
9.98922E-05 9.98922E-05 9.98922E-05 9.98922E-05 9.98922E-05 0.998801 9.98922E-05 9.98922E-05 9.98922E-05 9.98922E-05 9.98922E-05 9.98922E-05 9.98922E-05
0.00919768 9.9928E-05 9.9928E-05 0.0359286 9.9928E-05 9.9928E-05 0.867305 9.9928E-05 9.9928E-05 0.0246464 9.9928E-05 0.0621227 9.9928E-05
0.0100956 9.9928E-05 9.9928E-05 0.058329 9.9928E-05 9.9928E-05 0.850551 9.9928E-05 9.9928E-05 0.0675694 9.9928E-05 0.0126554 9.9928E-05
9.99191E-05 9.99191E-05 9.99191E-05 9.99191E-05 9.99191E-05 0.946713 9.99191E-05 0.000820576 9.99191E-05 0.0452618 9.99191E-05 9.99191E-05 0.00630539
9.98921E-05 9.98921E-05 9.98921E-05 9.98921E-05 9.98921E-05 0.998801 9.98921E-05 9.98921E-05 9.98921E-05 9.98921E-05 9.98921E-05 9.98921E-05 9.98921E-05
0.934248 9.99279E-05 0.0148352 0.0198465 0.00558009 9.99279E-05 9.99279E-05 9.99279E-05 9.99279E-05 0.0246911 9.99279E-05 9.99279E-05 9.99279E-05
0.0531028 0.0580958 9.995E-05 0.133703 0.108178 9.995E-05 0.206261 9.995E-05 0.020223 0.406567 9.995E-05 0.0133697 9.995E-05
9.991E-05 9.991E-05 0.0405626 9.991E-05 0.0521175 9.991E-05 9.991E-05 9.991E-05 9.991E-05 9.991E-05 9.991E-05 0.906321 9.991E-05
9.991E-05 9.991E-05 9.991E-05 9.991E-05 9.991E-05 9.991E-05 0.000440531 0.00646948 0.992091 9.991E-05 9.991E-05 9.991E-05 9.991E-05
0.0305211 9.9928E-05 9.9928E-05 0.00195978 9.9928E-05 0.0127515 9.9928E-05 9.9928E-05 0.93017 9.9928E-05 9.9928E-05 9.9928E-05 0.0237982
9.99281E-05 0.0246621 0.0639344 9.99281E-05 9.99281E-05 0.0423484 9.99281E-05 0.646596 9.99281E-05 9.99281E-05 0.22166 9.99281E-05 9.99281E-05
