9.99639E-05 0.0174798 0.0334014 9.99639E-05 9.99639E-05 9.99639E-05 0.948719
9.9973E-05 0.200766 9.9973E-05 9.9973E-05 0.332609 0.230253 0.236071
0.0349626 9.99822E-05 0.0686056 0.047473 0.786636 0.0621229 9.99822E-05
9.9955E-05 9.9955E-05 0.0383849 9.9955E-05 0.961115 9.9955E-05 9.9955E-05
9.99731E-05 0.265302 9.99731E-05 9.99731E-05 0.445876 0.212255 0.0762668
9.9955E-05 9.9955E-05 0.01666 9.9955E-05 0.98284 9.9955E-05 9.9955E-05
9.99731E-05 0.178448 9.99731E-05 0.4892 0.0205717 0.311481 9.99731E-05
9.99641E-05 0.140275 9.99641E-05 9.99641E-05 0.42935 0.429976 9.99641E-05
9.99731E-05 0.302651 9.99731E-05 0.342182 0.0203632 0.334504 9.99731E-05
9.995E-05 0.9994 9.995E-05 9.995E-05 9.995E-05 9.995E-05 9.995E-05
9.995E-05 0.9994 9.995E-05 9.995E-05 9.995E-05 9.995E-05 9.995E-05
9.9973E-05 9.9973E-05 0.12876 0.148732 0.028192 9.9973E-05 0.694016
9.99551E-05 9.99551E-05 9.99551E-05 0.995514 0.00398594 9.99551E-05 9.99551E-05
0.0307222 9.9964E-05 9.9964E-05 9.9964E-05 0.962809 9.9964E-05 0.0060691
9.9955E-05 9.9955E-05 9.9955E-05 9.9955E-05 0.956829 9.9955E-05 0.042671
9.9973E-05 0.452419 9.9973E-05 0.345202 9.9973E-05 0.050563 0.151516
0.073711 0.381841 0.357855 0.186293 9.9973E-05 9.9973E-05 9.9973E-05
0.699039 0.206609 9.99729E-05 9.99729E-05 9.99729E-05 0.046005 0.0480469
0.925025 9.9955E-05 0.0744753 9.9955E-05 9.9955E-05 9.9955E-05 9.9955E-05
9.9973E-05 0.664895 0.0893875 0.0433274 9.9973E-05 9.9973E-05 0.202091
0.9994 9.995E-05 9.995E-05 9.995E-05 9.995E-05 9.995E-05 9.995E-05
9.9973E-05 0.285544 0.0276383 0.0950468 9.9973E-05 9.9973E-05 0.59147
0.397923 0.264994 0.329889 9.9973E-05 9.9973E-05 0.0068939 9.9973E-05
0.910634 9.9955E-05 0.0888666 9.9955E-05 9.9955E-05 9.9955E-05 9.9955E-05
9.995E-05 9.995E-05 9.995E-05 9.995E-05 0.9994 9.995E-05 9.995E-05
9.995E-05 9.995E-05 9.995E-05 9.995E-05 0.9994 9.995E-05 9.995E-05
9.99729E-05 0.0511562 0.0846659 0.755415 9.99729E-05 9.99729E-05 0.108463
9.9955E-05 9.9955E-05 9.9955E-05 9.9955E-05 0.925626 0.073874 9.9955E-05
9.9964E-05 9.9964E-05 9.9964E-05 0.00360936 0.890212 0.105779 9.9964E-05
9.99731E-05 9.99731E-05 9.99731E-05 0.000583886 0.674699 0.291108 0.0333089
9.99641E-05 9.99641E-05 0.0635304 9.99641E-05 0.638951 0.297119 9.99641E-05
9.99731E-05 0.101206 9.99731E-05 9.99731E-05 0.101103 0.563902 0.233489
9.99551E-05 9.99551E-05 0.00050997 9.99551E-05 0.99899 9.99551E-05 9.99551E-05
9.99551E-05 9.99551E-05 9.99551E-05 9.99551E-05 0.0734521 0.926048 9.99551E-05
9.99819E-05 0.0860091 0.225876 0.570842 0.0553484 9.99819E-05 0.0617253
9.99639E-05 9.99639E-05 9.99639E-05 0.00896762 0.982 9.99639E-05 0.00863242
9.9955E-05 9.9955E-05 9.9955E-05 9.9955E-05 0.0153923 9.9955E-05 0.984108
0.0127515 0.765471 9.9982E-05 9.9982E-05 0.0668949 0.0668303 0.0878524
0.0666635 0.271512 0.383034 0.151652 0.126939 9.9982E-05 9.9982E-05
9.99639E-05 0.57252 9.99639E-05 9.99639E-05 0.12515 9.99639E-05 0.30193
9.99729E-05 0.591551 0.0202691 9.99729E-05 0.083168 9.99729E-05 0.304712
9.9955E-05 0.996244 9.9955E-05 9.9955E-05 9.9955E-05 9.9955E-05 0.00325633
9.9973E-05 0.51295 9.9973E-05 0.271822 9.9973E-05 0.0306621 0.184266
9.9964E-05 0.922201 0.0563892 0.0210102 9.9964E-05 9.9964E-05 9.9964E-05
0.108455 0.467768 0.136931 0.191122 9.9982E-05 9.9982E-05 0.0955244
0.0180964 0.68546 0.0663702 0.0295211 0.0573122 0.0189693 0.12427
9.999E-05 0.321549 0.127435 0.205963 0.106167 0.0213505 0.217435
0.0148721 9.99553E-05 9.99553E-05 9.99553E-05 9.99553E-05 9.99553E-05 0.984628
9.995E-05 9.995E-05 9.995E-05 9.995E-05 9.995E-05 0.9994 9.995E-05
9.995E-05 9.995E-05 9.995E-05 9.995E-05 9.995E-05 0.9994 9.995E-05
0.000376534 9.9955E-05 9.9955E-05 9.9955E-05 9.9955E-05 0.999124 9.9955E-05
9.995E-05 9.995E-05 9.995E-05 9.995E-05 9.995E-05 0.9994 9.995E-05
9.995E-05 9.995E-05 9.995E-05 9.995E-05 9.995E-05 0.9994 9.995E-05
0.0494094 0.0767374 9.99821E-05 0.0604264 0.204457 0.60877 9.99821E-05
9.9955E-05 9.9955E-05 9.9955E-05 9.9955E-05 9.9955E-05 0.98105 0.0184505
9.99639E-05 0.0341933 9.99639E-05 0.0792434 9.99639E-05 9.99639E-05 0.886163
9.9982E-05 0.0931377 9.9982E-05 0.0048478 0.110944 0.539847 0.251024
9.995E-05 9.995E-05 9.995E-05 9.995E-05 0.9994 9.995E-05 9.995E-05
9.9973E-05 9.9973E-05 0.0384184 0.856859 9.9973E-05 0.00528385 0.0991393
9.9973E-05 0.368366 9.9973E-05 0.318798 0.0797504 9.9973E-05 0.232786
9.995E-05 9.995E-05 9.995E-05 0.9994 9.995E-05 9.995E-05 9.995E-05
9.99639E-05 0.104503 9.99639E-05 0.882473 9.99639E-05 9.99639E-05 0.0126246
0.00817334 0.0568128 0.0797483 0.854966 9.99729E-05 9.99729E-05 9.99729E-05
0.901942 9.99641E-05 9.99641E-05 9.99641E-05 9.99641E-05 0.0210938 0.0765647
9.995E-05 9.995E-05 9.995E-05 9.995E-05 0.9994 9.995E-05 9.995E-05
0.0219463 0.236322 0.151808 0.0441596 0.225529 0.224681 0.0955545
9.99552E-05 9.99552E-05 9.99552E-05 0.0247217 0.974779 9.99552E-05 9.99552E-05
9.9955E-05 9.9955E-05 9.9955E-05 9.9955E-05 0.943808 9.9955E-05 0.0556925
9.9964E-05 9.9964E-05 9.9964E-05 0.0216403 0.895232 0.0827279 9.9964E-05
0.0263 9.9973E-05 9.9973E-05 9.9973E-05 0.923142 0.0416321 0.008626
9.99641E-05 0.0728956 9.99641E-05 9.99641E-05 0.925077 0.00162708 9.99641E-05
9.995E-05 9.995E-05 9.995E-05 9.995E-05 0.9994 9.995E-05 9.995E-05
9.99643E-05 0.0279324 9.99643E-05 9.99643E-05 0.510765 0.460903 9.99643E-05
9.99642E-05 9.99642E-05 9.99642E-05 0.187398 0.489358 0.322844 9.99642E-05
9.9964E-05 0.0238229 9.9964E-05 9.9964E-05 0.958913 0.0168643 9.9964E-05
9.9991E-05 0.517559 0.0203104 0.134226 0.0631512 0.0867715 0.177882
9.9991E-05 0.577925 0.00411574 0.149441 0.0657047 0.0871644 0.115549
9.995E-05 9.995E-05 0.9994 9.995E-05 9.995E-05 9.995E-05 9.995E-05
9.995E-05 9.995E-05 0.9994 9.995E-05 9.995E-05 9.995E-05 9.995E-05
9.99639E-05 0.931204 9.99639E-05 0.0272914 9.99639E-05 9.99639E-05 0.041105
9.99549E-05 0.925725 9.99549E-05 0.0737748 9.99549E-05 9.99549E-05 9.99549E-05
9.9955E-05 9.9955E-05 0.980501 9.9955E-05 9.9955E-05 0.0189994 9.9955E-05
9.995E-05 9.995E-05 0.9994 9.995E-05 9.995E-05 9.995E-05 9.995E-05
9.99549E-05 9.99549E-05 9.99549E-05 0.0193576 9.99549E-05 9.99549E-05 0.980143
0.0419881 0.539783 9.9973E-05 0.320687 9.9973E-05 9.9973E-05 0.0972417
9.9973E-05 0.130528 9.9973E-05 9.9973E-05 0.105439 0.564403 0.199329
0.0991478 0.182541 0.280124 0.335641 0.0642073 9.9991E-05 0.0382382
0.073306 9.99731E-05 0.348933 0.380623 9.99731E-05 9.99731E-05 0.196838
0.0466246 9.99821E-05 0.023275 0.0235475 0.60229 0.304063 9.99821E-05
