9.98648E-05 9.98648E-05 0.0155919 9.98648E-05 9.98648E-05 0.915268 9.98648E-05 9.98648E-05 0.000760529 9.98648E-05 0.0668815 9.98648E-05 9.98648E-05 9.98648E-05 9.98648E-05 9.98648E-05 9.98648E-05 9.98648E-05 9.98648E-05
9.98829E-05 0.0487233 9.98829E-05 0.00758816 9.98829E-05 9.98829E-05 9.98829E-05 0.690142 9.98829E-05 0.175148 9.98829E-05 9.98829E-05 0.0557053 0.0213944 9.98829E-05 9.98829E-05 9.98829E-05 9.98829E-05 9.98829E-05
9.98382E-05 9.98382E-05 9.98382E-05 9.98382E-05 9.98382E-05 9.98382E-05 0.998203 9.98382E-05 9.98382E-05 9.98382E-05 9.98382E-05 9.98382E-05 9.98382E-05 9.98382E-05 9.98382E-05 9.98382E-05 9.98382E-05 9.98382E-05 9.98382E-05
0.00176306 0.930202 0.00651646 9.98831E-05 9.98831E-05 9.98831E-05 0.020724 9.98831E-05 9.98831E-05 9.98831E-05 0.0154752 0.0240208 9.98831E-05 9.98831E-05 9.98831E-05 9.98831E-05 9.98831E-05 9.98831E-05 9.98831E-05
9.98381E-05 9.98381E-05 9.98381E-05 9.98381E-05 9.98381E-05 9.98381E-05 9.98381E-05 9.98381E-05 9.98381E-05 9.98381E-05 9.98381E-05 9.98381E-05 0.998203 9.98381E-05 9.98381E-05 9.98381E-05 9.98381E-05 9.98381E-05 9.98381E-05
9.98831E-05 0.892575 9.98831E-05 0.0108094 9.98831E-05 9.98831E-05 0.0161071 9.98831E-05 9.98831E-05 0.00841763 9.98831E-05 9.98831E-05 0.0607134 9.98831E-05 9.98831E-05 9.98831E-05 0.0100785 9.98831E-05 9.98831E-05
9.98383E-05 9.98383E-05 9.98383E-05 9.98383E-05 0.998203 9.98383E-05 9.98383E-05 9.98383E-05 9.98383E-05 9.98383E-05 9.98383E-05 9.98383E-05 9.98383E-05 9.98383E-05 9.98383E-05 9.98383E-05 9.98383E-05 9.98383E-05 9.98383E-05
0.310035 0.0242684 9.9892E-05 9.9892E-05 9.9892E-05 9.9892E-05 9.9892E-05 0.0707 9.9892E-05 9.9892E-05 0.0590979 0.0699488 0.113877 0.350874 9.9892E-05 9.9892E-05 9.9892E-05 9.9892E-05 9.9892E-05
9.98651E-05 9.98651E-05 9.98651E-05 9.98651E-05 0.980029 0.00281628 9.98651E-05 0.0148311 9.98651E-05 9.98651E-05 9.98651E-05 0.000825347 9.98651E-05 9.98651E-05 9.98651E-05 9.98651E-05 9.98651E-05 9.98651E-05 9.98651E-05
9.9856E-05 9.9856E-05 9.9856E-05 9.9856E-05 0.124305 9.9856E-05 9.9856E-05 9.9856E-05 9.9856E-05 9.9856E-05 0.833198 9.9856E-05 0.0408993 9.9856E-05 9.9856E-05 9.9856E-05 9.9856E-05 9.9856E-05 9.9856E-05
9.98561E-05 9.98561E-05 9.98561E-05 9.98561E-05 0.119986 9.98561E-05 9.98561E-05 9.98561E-05 9.98561E-05 9.98561E-05 0.855807 9.98561E-05 0.0226098 9.98561E-05 9.98561E-05 9.98561E-05 9.98561E-05 9.98561E-05 9.98561E-05
9.9874E-05 9.9874E-05 0.124123 9.9874E-05 0.0048983 0.653648 0.0514031 9.9874E-05 9.9874E-05 9.9874E-05 9.9874E-05 9.9874E-05 9.9874E-05 9.9874E-05 0.164529 9.9874E-05 9.9874E-05 9.9874E-05 9.9874E-05
9.98564E-05 9.98564E-05 9.98564E-05 9.98564E-05 0.00142106 9.98564E-05 9.98564E-05 9.98564E-05 9.98564E-05 9.98564E-05 9.98564E-05 9.98564E-05 9.98564E-05 0.0481865 0.948795 9.98564E-05 9.98564E-05 9.98564E-05 9.98564E-05
9.98831E-05 0.886973 9.98831E-05 0.0296338 9.98831E-05 9.98831E-05 0.0214911 0.0226824 0.0207161 9.98831E-05 9.98831E-05 9.98831E-05 0.0172047 9.98831E-05 9.98831E-05 9.98831E-05 9.98831E-05 9.98831E-05 9.98831E-05
9.98742E-05 0.855545 9.98742E-05 9.98742E-05 9.98742E-05 0.00191137 9.98742E-05 9.98742E-05 0.00304214 0.0381057 9.98742E-05 9.98742E-05 0.099998 9.98742E-05 9.98742E-05 9.98742E-05 9.98742E-05 9.98742E-05 9.98742E-05
9.98651E-05 9.98651E-05 9.98651E-05 0.00188338 9.98651E-05 9.98651E-05 9.98651E-05 9.98651E-05 9.98651E-05 9.98651E-05 0.0567421 9.98651E-05 9.98651E-05 9.98651E-05 0.105103 0.834774 9.98651E-05 9.98651E-05 9.98651E-05
9.98558E-05 9.98558E-05 9.98558E-05 0.882928 9.98558E-05 9.98558E-05 9.98558E-05 9.98558E-05 9.98558E-05 9.98558E-05 0.10779 9.98558E-05 9.98558E-05 9.98558E-05 9.98558E-05 9.98558E-05 9.98558E-05 9.98558E-05 0.00768411
9.98383E-05 9.98383E-05 9.98383E-05 9.98383E-05 9.98383E-05 9.98383E-05 9.98383E-05 9.98383E-05 9.98383E-05 9.98383E-05 9.98383E-05 9.98383E-05 9.98383E-05 9.98383E-05 9.98383E-05 9.98383E-05 9.98383E-05 9.98383E-05 0.998203
9.9838E-05 9.9838E-05 9.9838E-05 9.9838E-05 9.9838E-05 9.9838E-05 9.9838E-05 9.9838E-05 9.9838E-05 9.9838E-05 9.9838E-05 9.9838E-05 9.9838E-05 9.9838E-05 9.9838E-05 9.9838E-05 9.9838E-05 0.998203 9.9838E-05
9.98739E-05 9.98739E-05 0.0354282 0.0734615 9.98739E-05 0.101665 9.98739E-05 9.98739E-05 9.98739E-05 9.98739E-05 0.446371 9.98739E-05 9.98739E-05 9.98739E-05 9.98739E-05 0.341676 9.98739E-05 9.98739E-05 9.98739E-05
9.98651E-05 9.98651E-05 9.98651E-05 9.98651E-05 9.98651E-05 9.98651E-05 9.98651E-05 9.98651E-05 0.914456 9.98651E-05 9.98651E-05 9.98651E-05 9.98651E-05 9.98651E-05 9.98651E-05 9.98651E-05 0.0165845 0.000917985 0.0665435
9.9892E-05 9.9892E-05 9.9892E-05 0.0356951 9.9892E-05 0.440031 9.9892E-05 9.9892E-05 9.9892E-05 0.224078 0.0622656 9.9892E-05 9.9892E-05 9.9892E-05 0.0790146 0.153239 9.9892E-05 9.9892E-05 0.00447876
0.0484789 9.9883E-05 0.131094 0.179313 9.9883E-05 9.9883E-05 9.9883E-05 9.9883E-05 0.431098 9.9883E-05 0.204701 9.9883E-05 0.00401709 9.9883E-05 9.9883E-05 9.9883E-05 9.9883E-05 9.9883E-05 9.9883E-05
9.98469E-05 9.98469E-05 9.98469E-05 9.98469E-05 9.98469E-05 9.98469E-05 9.98469E-05 9.98469E-05 0.946719 9.98469E-05 0.0515835 9.98469E-05 9.98469E-05 9.98469E-05 9.98469E-05 9.98469E-05 9.98469E-05 9.98469E-05 9.98469E-05
9.98564E-05 0.949888 9.98564E-05 9.98564E-05 9.98564E-05 9.98564E-05 0.0222635 9.98564E-05 9.98564E-05 9.98564E-05 9.98564E-05 9.98564E-05 9.98564E-05 0.0262505 9.98564E-05 9.98564E-05 9.98564E-05 9.98564E-05 9.98564E-05
9.98384E-05 0.998203 9.98384E-05 9.98384E-05 9.98384E-05 9.98384E-05 9.98384E-05 9.98384E-05 9.98384E-05 9.98384E-05 9.98384E-05 9.98384E-05 9.98384E-05 9.98384E-05 9.98384E-05 9.98384E-05 9.98384E-05 9.98384E-05 9.98384E-05
9.98738E-05 9.98738E-05 0.0394583 0.0403921 9.98738E-05 0.0411841 9.98738E-05 9.98738E-05 9.98738E-05 9.98738E-05 0.0703674 9.98738E-05 9.98738E-05 9.98738E-05 0.8072 9.98738E-05 9.98738E-05 9.98738E-05 9.98738E-05
0.00465255 0.898871 9.98831E-05 9.98831E-05 0.0258178 9.98831E-05 9.98831E-05 0.00555779 9.98831E-05 9.98831E-05 9.98831E-05 0.0546767 9.98831E-05 0.00912585 9.98831E-05 9.98831E-05 9.98831E-05 9.98831E-05 9.98831E-05
9.98743E-05 0.912161 9.98743E-05 9.98743E-05 9.98743E-05 9.98743E-05 0.00633327 9.98743E-05 9.98743E-05 9.98743E-05 9.98743E-05 0.0479228 9.98743E-05 0.0125524 9.98743E-05 0.0196328 9.98743E-05 9.98743E-05 9.98743E-05
0.455242 0.399692 9.98901E-05 9.98901E-05 9.98901E-05 0.0408924 9.98901E-05 9.98901E-05 9.98901E-05 9.98901E-05 9.98901E-05 0.0682063 0.0130656 9.98901E-05 9.98901E-05 9.98901E-05 0.00324454 0.00349475 0.0150642
0.949303 0.0489996 9.98468E-05 9.98468E-05 9.98468E-05 9.98468E-05 9.98468E-05 9.98468E-05 9.98468E-05 9.98468E-05 9.98468E-05 9.98468E-05 9.98468E-05 9.98468E-05 9.98468E-05 9.98468E-05 9.98468E-05 9.98468E-05 9.98468E-05
9.98385E-05 9.98385E-05 9.98385E-05 9.98385E-05 9.98385E-05 9.98385E-05 9.98385E-05 0.998203 9.98385E-05 9.98385E-05 9.98385E-05 9.98385E-05 9.98385E-05 9.98385E-05 9.98385E-05 9.98385E-05 9.98385E-05 9.98385E-05 9.98385E-05
9.98474E-05 0.855846 9.98474E-05 9.98474E-05 9.98474E-05 9.98474E-05 9.98474E-05 9.98474E-05 9.98474E-05 9.98474E-05 9.98474E-05 9.98474E-05 9.98474E-05 0.142457 9.98474E-05 9.98474E-05 9.98474E-05 9.98474E-05 9.98474E-05
0.113159 9.98743E-05 9.98743E-05 9.98743E-05 9.98743E-05 9.98743E-05 0.00137989 0.0270811 9.98743E-05 9.98743E-05 9.98743E-05 0.64852 9.98743E-05 0.208462 9.98743E-05 9.98743E-05 9.98743E-05 9.98743E-05 9.98743E-05
0.0637928 9.98735E-05 0.0896042 0.273286 9.98735E-05 9.98735E-05 9.98735E-05 9.98735E-05 9.98735E-05 0.0981378 9.98735E-05 9.98735E-05 9.98735E-05 9.98735E-05 0.473781 9.98735E-05 9.98735E-05 9.98735E-05 9.98735E-05
9.98828E-05 0.893661 9.98828E-05 0.0314349 0.0035306 9.98828E-05 9.98828E-05 0.0077268 9.98828E-05 0.00130708 9.98828E-05 9.98828E-05 9.98828E-05 0.0610415 9.98828E-05 9.98828E-05 9.98828E-05 9.98828E-05 9.98828E-05
9.98561E-05 9.98561E-05 9.98561E-05 0.0324096 9.98561E-05 0.946339 9.98561E-05 9.98561E-05 9.98561E-05 9.98561E-05 9.98561E-05 9.98561E-05 9.98561E-05 0.0196538 9.98561E-05 9.98561E-05 9.98561E-05 9.98561E-05 9.98561E-05
9.9892E-05 9.9892E-05 9.9892E-05 0.0133645 9.9892E-05 0.0249136 9.9892E-05 0.174618 9.9892E-05 0.0915131 0.613112 9.9892E-05 9.9892E-05 0.0544412 9.9892E-05 9.9892E-05 0.0268386 9.9892E-05 9.9892E-05
9.98469E-05 9.98469E-05 9.98469E-05 0.989949 9.98469E-05 9.98469E-05 9.98469E-05 9.98469E-05 9.98469E-05 9.98469E-05 9.98469E-05 9.98469E-05 9.98469E-05 0.00835339 9.98469E-05 9.98469E-05 9.98469E-05 9.98469E-05 9.98469E-05
9.98381E-05 9.98381E-05 9.98381E-05 9.98381E-05 9.98381E-05 9.98381E-05 9.98381E-05 9.98381E-05 9.98381E-05 0.998203 9.98381E-05 9.98381E-05 9.98381E-05 9.98381E-05 9.98381E-05 9.98381E-05 9.98381E-05 9.98381E-05 9.98381E-05
9.98471E-05 9.98471E-05 9.98471E-05 9.98471E-05 9.98471E-05 0.0116529 9.98471E-05 9.98471E-05 9.98471E-05 0.98665 9.98471E-05 9.98471E-05 9.98471E-05 9.98471E-05 9.98471E-05 9.98471E-05 9.98471E-05 9.98471E-05 9.98471E-05
9.9883E-05 9.9883E-05 9.9883E-05 0.009084 9.9883E-05 0.0299296 9.9883E-05 9.9883E-05 9.9883E-05 0.0614212 0.878062 9.9883E-05 9.9883E-05 9.9883E-05 9.9883E-05 0.00415085 9.9883E-05 0.0160536 9.9883E-05
9.98919E-05 9.98919E-05 9.98919E-05 9.98919E-05 0.06644 0.0258701 9.98919E-05 9.98919E-05 0.0316644 0.0311564 0.00731039 9.98919E-05 9.98919E-05 9.98919E-05 0.0298783 0.806482 9.98919E-05 9.98919E-05 9.98919E-05
0.0103652 9.9883E-05 9.9883E-05 0.00725333 9.9883E-05 0.0278976 0.00260314 9.9883E-05 9.9883E-05 9.9883E-05 0.936699 9.9883E-05 9.9883E-05 9.9883E-05 9.9883E-05 0.0138832 9.9883E-05 9.9883E-05 9.9883E-05
9.99009E-05 9.99009E-05 0.0742459 9.99009E-05 9.99009E-05 0.00384934 9.99009E-05 0.0212951 0.14797 0.14078 0.407442 9.99009E-05 9.99009E-05 9.99009E-05 0.198674 0.00464433 9.99009E-05 9.99009E-05 9.99009E-05
0.0473987 9.99009E-05 9.99009E-05 0.0460163 9.99009E-05 0.0590032 9.99009E-05 9.99009E-05 9.99009E-05 0.131577 0.45161 9.99009E-05 0.0578249 9.99009E-05 9.99009E-05 0.100123 0.105348 9.99009E-05 9.99009E-05
0.0450697 0.0302212 9.99189E-05 0.28048 0.070326 0.191996 9.99189E-05 9.99189E-05 9.99189E-05 9.99189E-05 0.234052 0.0306905 0.0115052 9.99189E-05 0.0860148 9.99189E-05 0.0187464 9.99189E-05 9.99189E-05
9.9848E-05 9.9848E-05 9.9848E-05 9.9848E-05 9.9848E-05 0.968725 9.9848E-05 9.9848E-05 9.9848E-05 9.9848E-05 9.9848E-05 9.9848E-05 9.9848E-05 9.9848E-05 9.9848E-05 9.9848E-05 9.9848E-05 9.9848E-05 0.0295774
9.98383E-05 9.98383E-05 9.98383E-05 9.98383E-05 9.98383E-05 9.98383E-05 9.98383E-05 9.98383E-05 9.98383E-05 9.98383E-05 9.98383E-05 0.998203 9.98383E-05 9.98383E-05 9.98383E-05 9.98383E-05 9.98383E-05 9.98383E-05 9.98383E-05
9.98472E-05 9.98472E-05 9.98472E-05 9.98472E-05 9.98472E-05 9.98472E-05 9.98472E-05 9.98472E-05 9.98472E-05 9.98472E-05 9.98472E-05 0.995804 9.98472E-05 9.98472E-05 9.98472E-05 9.98472E-05 9.98472E-05 9.98472E-05 0.00249877
0.00785197 9.98832E-05 9.98832E-05 9.98832E-05 9.98832E-05 9.98832E-05 0.00223567 9.98832E-05 9.98832E-05 9.98832E-05 0.000238901 0.960981 0.00689728 9.98832E-05 9.98832E-05 0.0204968 9.98832E-05 9.98832E-05 9.98832E-05
9.98473E-05 9.98473E-05 9.98473E-05 9.98473E-05 9.98473E-05 9.98473E-05 9.98473E-05 9.98473E-05 0.00312083 9.98473E-05 9.98473E-05 0.995182 9.98473E-05 9.98473E-05 9.98473E-05 9.98473E-05 9.98473E-05 9.98473E-05 9.98473E-05
9.98384E-05 9.98384E-05 9.98384E-05 9.98384E-05 9.98384E-05 9.98384E-05 9.98384E-05 9.98384E-05 9.98384E-05 9.98384E-05 9.98384E-05 0.998203 9.98384E-05 9.98384E-05 9.98384E-05 9.98384E-05 9.98384E-05 9.98384E-05 9.98384E-05
0.454614 9.99102E-05 9.99102E-05 9.99102E-05 0.0731536 9.99102E-05 9.99102E-05 0.0555223 0.0135215 9.99102E-05 0.0371844 0.288142 9.99102E-05 0.0654832 9.99102E-05 0.000451603 9.99102E-05 9.99102E-05 0.0109281
9.98652E-05 9.98652E-05 9.98652E-05 9.98652E-05 9.98652E-05 0.00160897 9.98652E-05 0.0533822 9.98652E-05 0.0112338 9.98652E-05 0.932277 9.98652E-05 9.98652E-05 9.98652E-05 9.98652E-05 9.98652E-05 9.98652E-05 9.98652E-05
9.98559E-05 9.98559E-05 9.98559E-05 9.98559E-05 9.98559E-05 0.787795 9.98559E-05 9.98559E-05 9.98559E-05 9.98559E-05 9.98559E-05 9.98559E-05 9.98559E-05 9.98559E-05 0.00327939 0.207328 9.98559E-05 9.98559E-05 9.98559E-05
0.029341 0.00668009 0.0225666 9.98919E-05 0.0442413 9.98919E-05 9.98919E-05 0.863975 9.98919E-05 9.98919E-05 9.98919E-05 0.0317953 9.98919E-05 9.98919E-05 9.98919E-05 9.98919E-05 9.98919E-05 9.98919E-05 0.00020238
9.9874E-05 0.939164 9.9874E-05 0.000482956 9.9874E-05 9.9874E-05 0.000208349 9.9874E-05 9.9874E-05 0.0194706 9.9874E-05 9.9874E-05 0.0392761 9.9874E-05 9.9874E-05 9.9874E-05 9.9874E-05 9.9874E-05 9.9874E-05
9.98651E-05 9.98651E-05 0.0364162 9.98651E-05 9.98651E-05 9.98651E-05 9.98651E-05 9.98651E-05 9.98651E-05 0.116893 9.98651E-05 9.98651E-05 9.98651E-05 9.98651E-05 0.815489 0.0297029 9.98651E-05 9.98651E-05 9.98651E-05
9.98566E-05 9.98566E-05 9.98566E-05 9.98566E-05 9.98566E-05 9.98566E-05 0.0168159 9.98566E-05 9.98566E-05 9.98566E-05 9.98566E-05 9.98566E-05 9.98566E-05 9.98566E-05 0.0240935 0.957493 9.98566E-05 9.98566E-05 9.98566E-05
9.98566E-05 9.98566E-05 9.98566E-05 9.98566E-05 0.0194187 9.98566E-05 9.98566E-05 9.98566E-05 9.98566E-05 9.98566E-05 9.98566E-05 9.98566E-05 9.98566E-05 0.0121045 0.966879 9.98566E-05 9.98566E-05 9.98566E-05 9.98566E-05
9.98649E-05 9.98649E-05 9.98649E-05 9.98649E-05 9.98649E-05 0.00474777 9.98649E-05 0.00220625 9.98649E-05 9.98649E-05 0.149143 9.98649E-05 9.98649E-05 9.98649E-05 0.842405 9.98649E-05 9.98649E-05 9.98649E-05 9.98649E-05
9.98739E-05 9.98739E-05 0.0421128 9.98739E-05 9.98739E-05 9.98739E-05 9.98739E-05 9.98739E-05 9.98739E-05 9.98739E-05 0.106308 9.98739E-05 9.98739E-05 9.98739E-05 0.835943 9.98739E-05 9.98739E-05 0.00765998 0.00657763
9.98383E-05 9.98383E-05 9.98383E-05 9.98383E-05 9.98383E-05 9.98383E-05 9.98383E-05 9.98383E-05 9.98383E-05 9.98383E-05 9.98383E-05 9.98383E-05 9.98383E-05 9.98383E-05 9.98383E-05 9.98383E-05 0.998203 9.98383E-05 9.98383E-05
9.98568E-05 0.987766 9.98568E-05 9.98568E-05 9.98568E-05 9.98568E-05 0.00766977 9.98568E-05 9.98568E-05 9.98568E-05 9.98568E-05 9.98568E-05 0.00296606 9.98568E-05 9.98568E-05 9.98568E-05 9.98568E-05 9.98568E-05 9.98568E-05
9.9928E-05 0.235121 0.0619248 9.9928E-05 0.110987 0.00843808 9.9928E-05 0.00964507 9.9928E-05 9.9928E-05 0.145369 0.171503 9.9928E-05 9.9928E-05 0.0981108 0.0725286 9.9928E-05 0.0651277 0.0204453
9.98656E-05 0.812824 9.98656E-05 9.98656E-05 9.98656E-05 9.98656E-05 0.146607 9.98656E-05 9.98656E-05 9.98656E-05 9.98656E-05 9.98656E-05 9.98656E-05 0.0307 0.00837077 9.98656E-05 9.98656E-05 9.98656E-05 9.98656E-05
0.045089 0.790406 9.9892E-05 0.0523047 9.9892E-05 9.9892E-05 0.00826926 9.9892E-05 9.9892E-05 0.00108201 9.9892E-05 0.00235725 0.099293 9.9892E-05 9.9892E-05 9.9892E-05 9.9892E-05 9.9892E-05 9.9892E-05
0.00438875 0.834103 9.9883E-05 9.9883E-05 9.9883E-05 9.9883E-05 9.9883E-05 0.0235294 9.9883E-05 9.9883E-05 9.9883E-05 0.0377538 9.9883E-05 0.0505203 9.9883E-05 0.0484064 9.9883E-05 9.9883E-05 9.9883E-05
0.067468 0.801187 9.98833E-05 9.98833E-05 0.0016517 0.0101384 9.98833E-05 0.0669013 9.98833E-05 9.98833E-05 9.98833E-05 9.98833E-05 9.98833E-05 9.98833E-05 9.98833E-05 0.0513548 9.98833E-05 9.98833E-05 9.98833E-05
0.226676 0.647886 9.98652E-05 9.98652E-05 9.98652E-05 9.98652E-05 9.98652E-05 9.98652E-05 9.98652E-05 0.0787079 9.98652E-05 9.98652E-05 0.0452323 9.98652E-05 9.98652E-05 9.98652E-05 9.98652E-05 9.98652E-05 9.98652E-05
9.9874E-05 0.907364 9.9874E-05 0.0105132 9.9874E-05 9.9874E-05 9.9874E-05 9.9874E-05 9.9874E-05 0.01996 9.9874E-05 9.9874E-05 0.0432043 0.0175605 9.9874E-05 9.9874E-05 9.9874E-05 9.9874E-05 9.9874E-05
9.98561E-05 9.98561E-05 9.98561E-05 9.98561E-05 9.98561E-05 9.98561E-05 9.98561E-05 9.98561E-05 9.98561E-05 9.98561E-05 9.98561E-05 0.0484253 0.0132997 0.936677 9.98561E-05 9.98561E-05 9.98561E-05 9.98561E-05 9.98561E-05
9.98471E-05 9.98471E-05 9.98471E-05 9.98471E-05 9.98471E-05 9.98471E-05 9.98471E-05 9.98471E-05 9.98471E-05 9.98471E-05 9.98471E-05 9.98471E-05 9.98471E-05 0.970734 0.0275691 9.98471E-05 9.98471E-05 9.98471E-05 9.98471E-05
9.98922E-05 0.899281 9.98922E-05 9.98922E-05 9.98922E-05 9.98922E-05 0.0161131 9.98922E-05 9.98922E-05 9.98922E-05 0.0243689 0.0400501 9.98922E-05 9.98922E-05 0.00451384 0.0072099 9.98922E-05 9.98922E-05 0.00726485
9.9865E-05 0.0166258 9.9865E-05 9.9865E-05 9.9865E-05 9.9865E-05 9.9865E-05 0.049816 9.9865E-05 0.0325177 9.9865E-05 9.9865E-05 9.9865E-05 9.9865E-05 9.9865E-05 0.899543 9.9865E-05 9.9865E-05 9.9865E-05
9.98561E-05 9.98561E-05 9.98561E-05 9.98561E-05 0.0046293 9.98561E-05 9.98561E-05 9.98561E-05 9.98561E-05 9.98561E-05 9.98561E-05 0.0212494 9.98561E-05 9.98561E-05 9.98561E-05 0.972524 9.98561E-05 9.98561E-05 9.98561E-05
9.98473E-05 9.98473E-05 0.98753 9.98473E-05 9.98473E-05 0.0107721 9.98473E-05 9.98473E-05 9.98473E-05 9.98473E-05 9.98473E-05 9.98473E-05 9.98473E-05 9.98473E-05 9.98473E-05 9.98473E-05 9.98473E-05 9.98473E-05 9.98473E-05
9.98474E-05 9.98474E-05 0.988521 9.98474E-05 9.98474E-05 9.98474E-05 9.98474E-05 9.98474E-05 9.98474E-05 0.00978111 9.98474E-05 9.98474E-05 9.98474E-05 9.98474E-05 9.98474E-05 9.98474E-05 9.98474E-05 9.98474E-05 9.98474E-05
9.98649E-05 9.98649E-05 9.98649E-05 9.98649E-05 9.98649E-05 9.98649E-05 9.98649E-05 0.0792888 9.98649E-05 0.0947672 0.7765 9.98649E-05 9.98649E-05 9.98649E-05 9.98649E-05 0.0479458 9.98649E-05 9.98649E-05 9.98649E-05
9.99009E-05 9.99009E-05 9.99009E-05 9.99009E-05 9.99009E-05 9.99009E-05 9.99009E-05 0.0554677 9.99009E-05 0.0447563 0.767165 0.00034549 9.99009E-05 0.00812616 0.0260304 0.0811556 9.99009E-05 9.99009E-05 0.0158542
9.98653E-05 9.98653E-05 0.97533 9.98653E-05 9.98653E-05 9.98653E-05 9.98653E-05 9.98653E-05 9.98653E-05 9.98653E-05 0.00598335 9.98653E-05 9.98653E-05 0.000635189 9.98653E-05 0.0165536 9.98653E-05 9.98653E-05 9.98653E-05
9.98383E-05 9.98383E-05 0.998203 9.98383E-05 9.98383E-05 9.98383E-05 9.98383E-05 9.98383E-05 9.98383E-05 9.98383E-05 9.98383E-05 9.98383E-05 9.98383E-05 9.98383E-05 9.98383E-05 9.98383E-05 9.98383E-05 9.98383E-05 9.98383E-05
9.98739E-05 9.98739E-05 9.98739E-05 9.98739E-05 0.00454269 0.914825 9.98739E-05 0.00742599 9.98739E-05 9.98739E-05 9.98739E-05 0.0135031 9.98739E-05 9.98739E-05 9.98739E-05 0.0583047 9.98739E-05 9.98739E-05 9.98739E-05
9.9883E-05 9.9883E-05 9.9883E-05 9.9883E-05 0.0994723 9.9883E-05 9.9883E-05 9.9883E-05 0.00112469 0.704559 9.9883E-05 9.9883E-05 9.9883E-05 9.9883E-05 0.115652 0.0545125 9.9883E-05 0.0233815 9.9883E-05
9.9856E-05 9.9856E-05 9.9856E-05 9.9856E-05 0.0825958 9.9856E-05 9.9856E-05 0.868525 9.9856E-05 9.9856E-05 9.9856E-05 0.0472817 9.9856E-05 9.9856E-05 9.9856E-05 9.9856E-05 9.9856E-05 9.9856E-05 9.9856E-05
9.98834E-05 0.0608775 0.0540209 0.296217 9.98834E-05 9.98834E-05 9.98834E-05 9.98834E-05 9.98834E-05 9.98834E-05 0.252948 9.98834E-05 9.98834E-05 9.98834E-05 0.195379 9.98834E-05 9.98834E-05 0.139259 9.98834E-05
9.98833E-05 9.98833E-05 0.110147 0.444003 9.98833E-05 0.120708 9.98833E-05 9.98833E-05 9.98833E-05 9.98833E-05 9.98833E-05 9.98833E-05 9.98833E-05 9.98833E-05 0.227525 0.0315278 9.98833E-05 0.0647905 9.98833E-05
0.998203 9.98381E-05 9.98381E-05 9.98381E-05 9.98381E-05 9.98381E-05 9.98381E-05 9.98381E-05 9.98381E-05 9.98381E-05 9.98381E-05 9.98381E-05 9.98381E-05 9.98381E-05 9.98381E-05 9.98381E-05 9.98381E-05 9.98381E-05 9.98381E-05
