9.999E-05 9.999E-05 0.9998
0.533835 9.9991E-05 0.466065
0.886256 0.0862272 0.0275172
0.9998 9.999E-05 9.999E-05
0.719671 9.9991E-05 0.280229
0.9998 9.999E-05 9.999E-05
0.320278 9.99911E-05 0.679622
0.817666 9.9991E-05 0.182234
0.366601 9.9991E-05 0.633299
0.0569558 9.9991E-05 0.942944
0.00973735 9.9991E-05 0.990163
0.003781 9.9991E-05 0.996119
0.0507339 9.99911E-05 0.949166
0.985323 0.0145766 9.9991E-05
0.9998 9.999E-05 9.999E-05
0.0336297 9.9991E-05 0.96627
0.034883 0.190798 0.774319
0.0486433 0.747306 0.204051
9.999E-05 0.9998 9.999E-05
9.999E-05 9.999E-05 0.9998
9.999E-05 0.9998 9.999E-05
9.999E-05 9.999E-05 0.9998
0.100911 0.583198 0.315891
9.9991E-05 0.987946 0.0119544
0.9998 9.999E-05 9.999E-05
0.9998 9.999E-05 9.999E-05
9.999E-05 9.999E-05 0.9998
0.9998 9.999E-05 9.999E-05
0.9998 9.999E-05 9.999E-05
0.919466 0.0537884 0.026746
0.966165 0.033735 9.9991E-05
0.589674 9.99911E-05 0.410226
0.9998 9.999E-05 9.999E-05
0.81512 9.9991E-05 0.18478
0.0672529 9.9991E-05 0.932647
0.9998 9.999E-05 9.999E-05
0.0333521 9.9991E-05 0.966548
0.184725 0.0222107 0.793065
0.186419 0.186815 0.626765
0.114986 9.9991E-05 0.884914
0.0669314 9.9991E-05 0.932969
9.9991E-05 0.0178851 0.982015
0.0142438 9.9991E-05 0.985656
9.9991E-05 0.00318083 0.996719
9.9991E-05 0.1461 0.8538
0.100707 0.0575422 0.841751
0.140078 0.000520958 0.859401
9.999E-05 9.999E-05 0.9998
0.819573 0.0354724 0.144955
0.830905 0.050989 0.118106
0.793982 0.0403576 0.16566
0.862956 0.0408515 0.0961924
0.856492 0.0284839 0.115024
0.764221 0.0583258 0.177453
0.793684 9.9991E-05 0.206216
9.999E-05 9.999E-05 0.9998
0.552612 9.9991E-05 0.447288
0.9998 9.999E-05 9.999E-05
9.9991E-05 0.00613115 0.993769
0.0567159 9.9991E-05 0.943184
9.999E-05 9.999E-05 0.9998
9.999E-05 9.999E-05 0.9998
9.9991E-05 0.0157783 0.984122
9.9991E-05 0.910679 0.0892215
0.9998 9.999E-05 9.999E-05
0.378106 0.055211 0.566683
0.9998 9.999E-05 9.999E-05
0.9998 9.999E-05 9.999E-05
0.9998 9.999E-05 9.999E-05
0.9998 9.999E-05 9.999E-05
0.982278 9.9991E-05 0.0176221
0.9998 9.999E-05 9.999E-05
0.945614 9.99911E-05 0.0542859
0.84271 0.00841279 0.148878
0.9998 9.999E-05 9.999E-05
0.134396 9.9991E-05 0.865504
0.139044 9.9991E-05 0.860856
0.0877245 0.2675 0.644776
0.104866 0.27869 0.616444
0.024132 9.9991E-05 0.975768
0.023648 9.9991E-05 0.976252
0.112622 0.254851 0.632527
0.105158 0.259237 0.635605
9.999E-05 9.999E-05 0.9998
0.0364439 0.0177216 0.945835
0.562521 9.9991E-05 0.437379
0.0961184 0.217934 0.685948
9.9991E-05 0.179264 0.820636
0.937612 0.0622876 9.9991E-05
