9.98378E-05 9.98378E-05 9.98378E-05 9.98378E-05 9.98378E-05 9.98378E-05 9.98378E-05 9.98378E-05 9.98378E-05 9.98378E-05 9.98378E-05 9.98378E-05 9.98378E-05 9.98378E-05 9.98378E-05 9.98378E-05 9.98378E-05 0.0625279 9.98378E-05 0.935675
9.98559E-05 9.98559E-05 0.689595 9.98559E-05 9.98559E-05 9.98559E-05 0.131776 9.98559E-05 9.98559E-05 0.0358483 9.98559E-05 9.98559E-05 9.98559E-05 9.98559E-05 9.98559E-05 9.98559E-05 9.98559E-05 9.98559E-05 0.141183 9.98559E-05
9.98291E-05 9.98291E-05 9.98291E-05 9.98291E-05 9.98291E-05 9.98291E-05 9.98291E-05 9.98291E-05 9.98291E-05 9.98291E-05 9.98291E-05 0.998103 9.98291E-05 9.98291E-05 9.98291E-05 9.98291E-05 9.98291E-05 9.98291E-05 9.98291E-05 9.98291E-05
9.98561E-05 9.98561E-05 9.98561E-05 9.98561E-05 9.98561E-05 0.0213908 9.98561E-05 9.98561E-05 9.98561E-05 9.98561E-05 9.98561E-05 0.0126159 0.102358 9.98561E-05 9.98561E-05 9.98561E-05 9.98561E-05 9.98561E-05 0.862038 9.98561E-05
9.991E-05 9.991E-05 0.0537509 9.991E-05 0.0555775 9.991E-05 0.090517 0.0989452 9.991E-05 9.991E-05 0.177225 0.181487 9.991E-05 0.0681445 9.991E-05 9.991E-05 0.0475671 0.0142725 0.211514 9.991E-05
9.98471E-05 9.98471E-05 9.98471E-05 9.98471E-05 9.98471E-05 9.98471E-05 0.00308498 9.98471E-05 9.98471E-05 9.98471E-05 9.98471E-05 9.98471E-05 9.98471E-05 9.98471E-05 0.0160186 9.98471E-05 9.98471E-05 9.98471E-05 0.979199 9.98471E-05
9.98292E-05 9.98292E-05 9.98292E-05 9.98292E-05 9.98292E-05 9.98292E-05 9.98292E-05 9.98292E-05 9.98292E-05 9.98292E-05 0.998103 9.98292E-05 9.98292E-05 9.98292E-05 9.98292E-05 9.98292E-05 9.98292E-05 9.98292E-05 9.98292E-05 9.98292E-05
9.98739E-05 9.98739E-05 0.118702 9.98739E-05 9.98739E-05 9.98739E-05 9.98739E-05 0.0906896 9.98739E-05 9.98739E-05 9.98739E-05 0.0127933 9.98739E-05 0.568617 9.98739E-05 9.98739E-05 9.98739E-05 0.0745363 0.133264 9.98739E-05
9.98651E-05 9.98651E-05 9.98651E-05 0.00682617 9.98651E-05 9.98651E-05 9.98651E-05 9.98651E-05 9.98651E-05 0.0052928 0.968628 9.98651E-05 9.98651E-05 9.98651E-05 9.98651E-05 9.98651E-05 9.98651E-05 9.98651E-05 0.0123392 0.00541552
9.98382E-05 9.98382E-05 9.98382E-05 9.98382E-05 9.98382E-05 9.98382E-05 9.98382E-05 9.98382E-05 9.98382E-05 9.98382E-05 0.129934 9.98382E-05 9.98382E-05 9.98382E-05 9.98382E-05 9.98382E-05 9.98382E-05 0.868269 9.98382E-05 9.98382E-05
9.98384E-05 9.98384E-05 9.98384E-05 9.98384E-05 9.98384E-05 9.98384E-05 9.98384E-05 9.98384E-05 9.98384E-05 9.98384E-05 0.0952892 9.98384E-05 9.98384E-05 9.98384E-05 9.98384E-05 9.98384E-05 9.98384E-05 0.902914 9.98384E-05 9.98384E-05
0.11616 9.9883E-05 9.9883E-05 9.9883E-05 9.9883E-05 0.125583 9.9883E-05 9.9883E-05 9.9883E-05 9.9883E-05 0.0115235 0.0320266 0.0204734 9.9883E-05 9.9883E-05 0.0282531 9.9883E-05 9.9883E-05 9.9883E-05 0.664682
0.978708 9.98476E-05 9.98476E-05 9.98476E-05 9.98476E-05 9.98476E-05 9.98476E-05 9.98476E-05 9.98476E-05 9.98476E-05 9.98476E-05 9.98476E-05 0.0177814 0.00181323 9.98476E-05 9.98476E-05 9.98476E-05 9.98476E-05 9.98476E-05 9.98476E-05
0.00317154 0.00232465 9.98832E-05 9.98832E-05 0.0012743 9.98832E-05 9.98832E-05 9.98832E-05 0.00309866 0.0207429 9.98832E-05 9.98832E-05 9.98832E-05 9.98832E-05 9.98832E-05 0.0146949 9.98832E-05 9.98832E-05 0.953395 9.98832E-05
9.98562E-05 0.00980644 9.98562E-05 9.98562E-05 9.98562E-05 9.98562E-05 0.00286558 9.98562E-05 9.98562E-05 9.98562E-05 9.98562E-05 9.98562E-05 9.98562E-05 9.98562E-05 9.98562E-05 9.98562E-05 0.0132209 9.98562E-05 0.972509 9.98562E-05
0.092496 9.9865E-05 9.9865E-05 0.756868 0.00832856 9.9865E-05 9.9865E-05 9.9865E-05 9.9865E-05 9.9865E-05 9.9865E-05 9.9865E-05 9.9865E-05 9.9865E-05 9.9865E-05 0.0935895 9.9865E-05 0.0472195 9.9865E-05 9.9865E-05
9.98471E-05 9.98471E-05 9.98471E-05 9.98471E-05 9.98471E-05 9.98471E-05 9.98471E-05 9.98471E-05 0.0155536 0.925195 9.98471E-05 9.98471E-05 9.98471E-05 9.98471E-05 9.98471E-05 9.98471E-05 9.98471E-05 0.0575544 9.98471E-05 9.98471E-05
9.98293E-05 0.998103 9.98293E-05 9.98293E-05 9.98293E-05 9.98293E-05 9.98293E-05 9.98293E-05 9.98293E-05 9.98293E-05 9.98293E-05 9.98293E-05 9.98293E-05 9.98293E-05 9.98293E-05 9.98293E-05 9.98293E-05 9.98293E-05 9.98293E-05 9.98293E-05
9.98382E-05 9.98382E-05 9.98382E-05 9.98382E-05 9.98382E-05 0.0123734 9.98382E-05 9.98382E-05 0.98583 9.98382E-05 9.98382E-05 9.98382E-05 9.98382E-05 9.98382E-05 9.98382E-05 9.98382E-05 9.98382E-05 9.98382E-05 9.98382E-05 9.98382E-05
9.98739E-05 9.98739E-05 9.98739E-05 0.241018 9.98739E-05 0.00210574 9.98739E-05 9.98739E-05 9.98739E-05 0.0656334 9.98739E-05 9.98739E-05 9.98739E-05 9.98739E-05 9.98739E-05 0.106026 9.98739E-05 0.488994 9.98739E-05 0.0948248
9.98383E-05 0.0897717 9.98383E-05 9.98383E-05 9.98383E-05 9.98383E-05 9.98383E-05 9.98383E-05 0.908431 9.98383E-05 9.98383E-05 9.98383E-05 9.98383E-05 9.98383E-05 9.98383E-05 9.98383E-05 9.98383E-05 9.98383E-05 9.98383E-05 9.98383E-05
0.0366899 9.9883E-05 9.9883E-05 0.177883 9.9883E-05 0.0107014 0.295404 9.9883E-05 9.9883E-05 0.0460652 9.9883E-05 9.9883E-05 9.9883E-05 9.9883E-05 9.9883E-05 9.9883E-05 9.9883E-05 0.0378005 9.9883E-05 0.394158
9.9829E-05 9.9829E-05 9.9829E-05 9.9829E-05 9.9829E-05 9.9829E-05 9.9829E-05 9.9829E-05 9.9829E-05 9.9829E-05 9.9829E-05 9.9829E-05 9.9829E-05 9.9829E-05 9.9829E-05 9.9829E-05 0.998103 9.9829E-05 9.9829E-05 9.9829E-05
9.98651E-05 0.0626169 9.98651E-05 9.98651E-05 9.98651E-05 9.98651E-05 9.98651E-05 9.98651E-05 0.794598 9.98651E-05 9.98651E-05 9.98651E-05 9.98651E-05 9.98651E-05 9.98651E-05 0.0242961 0.10071 0.0162817 9.98651E-05 9.98651E-05
9.98475E-05 9.98475E-05 9.98475E-05 9.98475E-05 9.98475E-05 9.98475E-05 9.98475E-05 9.98475E-05 9.98475E-05 9.98475E-05 9.98475E-05 0.00858365 0.725437 9.98475E-05 9.98475E-05 9.98475E-05 9.98475E-05 9.98475E-05 0.264282 9.98475E-05
9.98474E-05 9.98474E-05 9.98474E-05 9.98474E-05 9.98474E-05 9.98474E-05 9.98474E-05 0.00414861 9.98474E-05 9.98474E-05 9.98474E-05 9.98474E-05 0.207778 9.98474E-05 9.98474E-05 9.98474E-05 9.98474E-05 9.98474E-05 0.786376 9.98474E-05
0.790077 9.98738E-05 9.98738E-05 0.000262597 9.98738E-05 0.0369315 9.98738E-05 9.98738E-05 9.98738E-05 0.0123694 9.98738E-05 9.98738E-05 9.98738E-05 9.98738E-05 9.98738E-05 9.98738E-05 9.98738E-05 0.0734469 9.98738E-05 0.0855143
9.98292E-05 9.98292E-05 9.98292E-05 9.98292E-05 9.98292E-05 9.98292E-05 9.98292E-05 9.98292E-05 9.98292E-05 9.98292E-05 9.98292E-05 9.98292E-05 0.998103 9.98292E-05 9.98292E-05 9.98292E-05 9.98292E-05 9.98292E-05 9.98292E-05 9.98292E-05
9.98471E-05 9.98471E-05 9.98471E-05 9.98471E-05 9.98471E-05 9.98471E-05 9.98471E-05 0.0174924 9.98471E-05 9.98471E-05 9.98471E-05 0.0125798 0.96823 9.98471E-05 9.98471E-05 9.98471E-05 9.98471E-05 9.98471E-05 9.98471E-05 9.98471E-05
9.98922E-05 9.98922E-05 0.0325861 9.98922E-05 0.00599098 0.00174718 9.98922E-05 0.0864254 9.98922E-05 9.98922E-05 9.98922E-05 9.98922E-05 0.222465 0.173742 0.0459805 9.98922E-05 9.98922E-05 9.98922E-05 0.429865 9.98922E-05
9.98829E-05 9.98829E-05 9.98829E-05 9.98829E-05 9.98829E-05 0.0150445 9.98829E-05 0.0932733 9.98829E-05 0.00785353 9.98829E-05 9.98829E-05 0.0623136 0.504814 9.98829E-05 9.98829E-05 0.0146175 9.98829E-05 0.300786 9.98829E-05
9.98296E-05 9.98296E-05 0.998103 9.98296E-05 9.98296E-05 9.98296E-05 9.98296E-05 9.98296E-05 9.98296E-05 9.98296E-05 9.98296E-05 9.98296E-05 9.98296E-05 9.98296E-05 9.98296E-05 9.98296E-05 9.98296E-05 9.98296E-05 9.98296E-05 9.98296E-05
9.98652E-05 9.98652E-05 9.98652E-05 0.0182681 9.98652E-05 9.98652E-05 0.000407429 9.98652E-05 9.98652E-05 9.98652E-05 9.98652E-05 9.98652E-05 0.272273 0.162467 9.98652E-05 9.98652E-05 9.98652E-05 9.98652E-05 0.545087 9.98652E-05
9.98564E-05 9.98564E-05 0.0254976 9.98564E-05 9.98564E-05 9.98564E-05 9.98564E-05 0.684591 9.98564E-05 9.98564E-05 9.98564E-05 9.98564E-05 0.00626286 0.282051 9.98564E-05 9.98564E-05 9.98564E-05 9.98564E-05 9.98564E-05 9.98564E-05
0.49679 9.98736E-05 9.98736E-05 9.98736E-05 9.98736E-05 0.0834533 0.0485108 9.98736E-05 9.98736E-05 0.249436 9.98736E-05 9.98736E-05 9.98736E-05 0.0653741 9.98736E-05 0.0550372 9.98736E-05 9.98736E-05 9.98736E-05 9.98736E-05
9.98739E-05 9.98739E-05 9.98739E-05 9.98739E-05 0.00299878 9.98739E-05 0.00839016 9.98739E-05 9.98739E-05 9.98739E-05 9.98739E-05 9.98739E-05 0.523726 0.0324238 9.98739E-05 0.0263649 9.98739E-05 9.98739E-05 0.404698 9.98739E-05
9.98518E-05 9.98518E-05 9.98518E-05 9.98518E-05 9.98518E-05 9.98518E-05 9.98518E-05 9.98518E-05 9.98518E-05 0.00434445 9.98518E-05 9.98518E-05 9.98518E-05 0.0334022 9.98518E-05 9.98518E-05 9.98518E-05 9.98518E-05 9.98518E-05 0.960556
9.98919E-05 9.98919E-05 0.220373 9.98919E-05 9.98919E-05 9.98919E-05 0.0623161 9.98919E-05 9.98919E-05 0.0180214 9.98919E-05 9.98919E-05 9.98919E-05 0.0268332 0.00996973 9.98919E-05 0.0639518 0.487369 9.98919E-05 0.109966
9.98382E-05 9.98382E-05 9.98382E-05 9.98382E-05 9.98382E-05 9.98382E-05 9.98382E-05 9.98382E-05 9.98382E-05 0.981129 9.98382E-05 9.98382E-05 9.98382E-05 9.98382E-05 9.98382E-05 9.98382E-05 9.98382E-05 9.98382E-05 0.0170744 9.98382E-05
9.98381E-05 9.98381E-05 9.98381E-05 9.98381E-05 9.98381E-05 9.98381E-05 0.979403 9.98381E-05 9.98381E-05 9.98381E-05 9.98381E-05 9.98381E-05 9.98381E-05 9.98381E-05 9.98381E-05 9.98381E-05 9.98381E-05 9.98381E-05 0.0187995 9.98381E-05
9.98381E-05 9.98381E-05 9.98381E-05 9.98381E-05 9.98381E-05 9.98381E-05 0.992632 9.98381E-05 9.98381E-05 9.98381E-05 9.98381E-05 9.98381E-05 9.98381E-05 9.98381E-05 9.98381E-05 9.98381E-05 9.98381E-05 9.98381E-05 9.98381E-05 0.0055709
9.9865E-05 9.9865E-05 9.9865E-05 9.9865E-05 9.9865E-05 9.9865E-05 0.0805857 9.9865E-05 9.9865E-05 0.0274665 9.9865E-05 9.9865E-05 9.9865E-05 9.9865E-05 9.9865E-05 0.00748739 9.9865E-05 0.865748 9.9865E-05 0.0172144
0.00940432 9.9874E-05 9.9874E-05 0.808573 9.9874E-05 9.9874E-05 0.0129047 9.9874E-05 9.9874E-05 9.9874E-05 0.0868097 9.9874E-05 9.9874E-05 9.9874E-05 0.0116782 9.9874E-05 9.9874E-05 0.0692317 9.9874E-05 9.9874E-05
9.9856E-05 9.9856E-05 9.9856E-05 9.9856E-05 9.9856E-05 9.9856E-05 9.9856E-05 9.9856E-05 9.9856E-05 9.9856E-05 9.9856E-05 0.0103896 0.00466016 9.9856E-05 9.9856E-05 0.0771077 9.9856E-05 0.906245 9.9856E-05 9.9856E-05
0.131543 9.99189E-05 0.0593693 0.0261323 9.99189E-05 0.0165744 0.111654 9.99189E-05 0.0257873 9.99189E-05 0.000389125 9.99189E-05 9.99189E-05 9.99189E-05 9.99189E-05 0.18652 0.159622 0.256509 9.99189E-05 0.0249998
9.99189E-05 9.99189E-05 0.0142062 0.15971 0.00257466 9.99189E-05 0.106661 9.99189E-05 9.99189E-05 9.99189E-05 9.99189E-05 9.99189E-05 9.99189E-05 0.0461931 0.0595031 0.16772 0.00934363 0.38335 0.027759 0.022079
0.0157895 9.991E-05 9.991E-05 9.991E-05 0.0424962 9.991E-05 9.991E-05 0.0156531 9.991E-05 0.131247 0.0583606 9.991E-05 9.991E-05 9.991E-05 0.00401814 0.258306 9.991E-05 0.199169 0.0713078 0.202654
9.98389E-05 0.074765 9.98389E-05 9.98389E-05 9.98389E-05 9.98389E-05 9.98389E-05 9.98389E-05 9.98389E-05 9.98389E-05 9.98389E-05 9.98389E-05 9.98389E-05 9.98389E-05 9.98389E-05 9.98389E-05 9.98389E-05 9.98389E-05 9.98389E-05 0.923438
9.98293E-05 9.98293E-05 9.98293E-05 9.98293E-05 9.98293E-05 9.98293E-05 9.98293E-05 0.998103 9.98293E-05 9.98293E-05 9.98293E-05 9.98293E-05 9.98293E-05 9.98293E-05 9.98293E-05 9.98293E-05 9.98293E-05 9.98293E-05 9.98293E-05 9.98293E-05
9.98473E-05 0.0129147 9.98473E-05 9.98473E-05 9.98473E-05 9.98473E-05 0.000189925 0.985198 9.98473E-05 9.98473E-05 9.98473E-05 9.98473E-05 9.98473E-05 9.98473E-05 9.98473E-05 9.98473E-05 9.98473E-05 9.98473E-05 9.98473E-05 9.98473E-05
9.98562E-05 0.00709014 9.98562E-05 9.98562E-05 9.98562E-05 9.98562E-05 9.98562E-05 0.959695 9.98562E-05 9.98562E-05 9.98562E-05 9.98562E-05 0.00776568 9.98562E-05 9.98562E-05 9.98562E-05 9.98562E-05 0.0238513 9.98562E-05 9.98562E-05
9.98294E-05 9.98294E-05 9.98294E-05 9.98294E-05 9.98294E-05 9.98294E-05 9.98294E-05 0.998103 9.98294E-05 9.98294E-05 9.98294E-05 9.98294E-05 9.98294E-05 9.98294E-05 9.98294E-05 9.98294E-05 9.98294E-05 9.98294E-05 9.98294E-05 9.98294E-05
9.98293E-05 9.98293E-05 9.98293E-05 9.98293E-05 9.98293E-05 9.98293E-05 9.98293E-05 0.998103 9.98293E-05 9.98293E-05 9.98293E-05 9.98293E-05 9.98293E-05 9.98293E-05 9.98293E-05 9.98293E-05 9.98293E-05 9.98293E-05 9.98293E-05 9.98293E-05
9.99012E-05 0.00273407 0.0542925 9.99012E-05 9.99012E-05 9.99012E-05 9.99012E-05 0.373386 9.99012E-05 9.99012E-05 0.084141 0.0353853 0.119868 0.212343 9.99012E-05 9.99012E-05 0.0807951 0.035956 9.99012E-05 9.99012E-05
9.98651E-05 9.98651E-05 0.0525495 0.0133578 0.00818444 9.98651E-05 9.98651E-05 0.911074 9.98651E-05 0.0133364 9.98651E-05 9.98651E-05 9.98651E-05 9.98651E-05 9.98651E-05 9.98651E-05 9.98651E-05 9.98651E-05 9.98651E-05 9.98651E-05
9.98469E-05 9.98469E-05 9.98469E-05 0.186942 9.98469E-05 9.98469E-05 9.98469E-05 9.98469E-05 9.98469E-05 9.98469E-05 9.98469E-05 9.98469E-05 9.98469E-05 9.98469E-05 9.98469E-05 0.0294868 9.98469E-05 9.98469E-05 9.98469E-05 0.781873
9.98828E-05 9.98828E-05 0.897785 9.98828E-05 0.01122 0.00622984 9.98828E-05 0.00616616 9.98828E-05 9.98828E-05 0.0522301 0.012124 0.0129467 9.98828E-05 9.98828E-05 9.98828E-05 9.98828E-05 9.98828E-05 9.98828E-05 9.98828E-05
9.9856E-05 9.9856E-05 9.9856E-05 9.9856E-05 9.9856E-05 9.9856E-05 0.0272224 9.9856E-05 9.9856E-05 0.00463396 9.9856E-05 9.9856E-05 0.476491 9.9856E-05 9.9856E-05 9.9856E-05 9.9856E-05 9.9856E-05 0.490055 9.9856E-05
0.832798 9.98473E-05 9.98473E-05 9.98473E-05 9.98473E-05 0.0121743 0.15333 9.98473E-05 9.98473E-05 9.98473E-05 9.98473E-05 9.98473E-05 9.98473E-05 9.98473E-05 9.98473E-05 9.98473E-05 9.98473E-05 9.98473E-05 9.98473E-05 9.98473E-05
0.00252987 9.98474E-05 9.98474E-05 0.892623 9.98474E-05 9.98474E-05 9.98474E-05 9.98474E-05 9.98474E-05 9.98474E-05 9.98474E-05 9.98474E-05 9.98474E-05 9.98474E-05 9.98474E-05 0.10315 9.98474E-05 9.98474E-05 9.98474E-05 9.98474E-05
0.950922 9.98387E-05 9.98387E-05 9.98387E-05 9.98387E-05 9.98387E-05 9.98387E-05 9.98387E-05 9.98387E-05 9.98387E-05 0.0472813 9.98387E-05 9.98387E-05 9.98387E-05 9.98387E-05 9.98387E-05 9.98387E-05 9.98387E-05 9.98387E-05 9.98387E-05
0.894111 0.00261887 9.98559E-05 9.98559E-05 9.98559E-05 9.98559E-05 0.019059 9.98559E-05 9.98559E-05 9.98559E-05 9.98559E-05 9.98559E-05 9.98559E-05 9.98559E-05 9.98559E-05 9.98559E-05 9.98559E-05 0.0826134 9.98559E-05 9.98559E-05
0.794692 0.00614666 9.98739E-05 9.98739E-05 9.98739E-05 0.0333882 0.000217906 9.98739E-05 9.98739E-05 9.98739E-05 9.98739E-05 9.98739E-05 9.98739E-05 9.98739E-05 9.98739E-05 0.0807286 9.98739E-05 0.0834288 9.98739E-05 9.98739E-05
9.98293E-05 9.98293E-05 9.98293E-05 9.98293E-05 9.98293E-05 9.98293E-05 9.98293E-05 9.98293E-05 9.98293E-05 9.98293E-05 9.98293E-05 9.98293E-05 9.98293E-05 9.98293E-05 0.998103 9.98293E-05 9.98293E-05 9.98293E-05 9.98293E-05 9.98293E-05
9.98566E-05 9.98566E-05 9.98566E-05 9.98566E-05 9.98566E-05 0.0105106 9.98566E-05 9.98566E-05 9.98566E-05 9.98566E-05 9.98566E-05 0.0189975 0.772003 9.98566E-05 9.98566E-05 9.98566E-05 9.98566E-05 9.98566E-05 0.196891 9.98566E-05
9.98293E-05 9.98293E-05 9.98293E-05 9.98293E-05 0.998103 9.98293E-05 9.98293E-05 9.98293E-05 9.98293E-05 9.98293E-05 9.98293E-05 9.98293E-05 9.98293E-05 9.98293E-05 9.98293E-05 9.98293E-05 9.98293E-05 9.98293E-05 9.98293E-05 9.98293E-05
9.98655E-05 9.98655E-05 9.98655E-05 0.0421238 9.98655E-05 9.98655E-05 9.98655E-05 9.98655E-05 9.98655E-05 9.98655E-05 9.98655E-05 0.0848814 0.15382 0.00891357 9.98655E-05 9.98655E-05 9.98655E-05 9.98655E-05 0.708764 9.98655E-05
9.9892E-05 9.9892E-05 9.9892E-05 9.9892E-05 0.0643568 9.9892E-05 9.9892E-05 0.00441049 9.9892E-05 0.00728297 0.0178719 9.9892E-05 0.153964 0.0368222 9.9892E-05 9.9892E-05 9.9892E-05 9.9892E-05 0.710916 0.00317695
9.98382E-05 9.98382E-05 9.98382E-05 0.0237055 9.98382E-05 9.98382E-05 9.98382E-05 9.98382E-05 9.98382E-05 9.98382E-05 9.98382E-05 9.98382E-05 0.974497 9.98382E-05 9.98382E-05 9.98382E-05 9.98382E-05 9.98382E-05 9.98382E-05 9.98382E-05
9.98294E-05 9.98294E-05 9.98294E-05 9.98294E-05 9.98294E-05 9.98294E-05 9.98294E-05 9.98294E-05 9.98294E-05 9.98294E-05 9.98294E-05 9.98294E-05 0.998103 9.98294E-05 9.98294E-05 9.98294E-05 9.98294E-05 9.98294E-05 9.98294E-05 9.98294E-05
9.98801E-05 9.98801E-05 9.98801E-05 9.98801E-05 0.0103011 0.0133216 0.0179417 9.98801E-05 9.98801E-05 9.98801E-05 9.98801E-05 9.98801E-05 0.0784998 0.138919 9.98801E-05 0.0095058 9.98801E-05 0.00294194 0.72737 9.98801E-05
9.9856E-05 9.9856E-05 9.9856E-05 9.9856E-05 9.9856E-05 9.9856E-05 9.9856E-05 9.9856E-05 9.9856E-05 9.9856E-05 9.9856E-05 9.9856E-05 0.496295 0.000368807 9.9856E-05 0.0334733 9.9856E-05 9.9856E-05 0.468265 9.9856E-05
9.9829E-05 9.9829E-05 9.9829E-05 9.9829E-05 9.9829E-05 9.9829E-05 9.9829E-05 9.9829E-05 9.9829E-05 9.9829E-05 9.9829E-05 9.9829E-05 9.9829E-05 0.998103 9.9829E-05 9.9829E-05 9.9829E-05 9.9829E-05 9.9829E-05 9.9829E-05
0.0281288 9.98381E-05 9.98381E-05 9.98381E-05 9.98381E-05 9.98381E-05 9.98381E-05 9.98381E-05 9.98381E-05 9.98381E-05 9.98381E-05 9.98381E-05 9.98381E-05 0.970074 9.98381E-05 9.98381E-05 9.98381E-05 9.98381E-05 9.98381E-05 9.98381E-05
9.98741E-05 9.98741E-05 9.98741E-05 0.0214461 9.98741E-05 9.98741E-05 9.98741E-05 0.0237728 9.98741E-05 9.98741E-05 9.98741E-05 0.0019531 0.130401 9.98741E-05 9.98741E-05 9.98741E-05 0.00319906 9.98741E-05 0.817829 9.98741E-05
9.9856E-05 9.9856E-05 9.9856E-05 0.950585 9.9856E-05 9.9856E-05 9.9856E-05 9.9856E-05 9.9856E-05 9.9856E-05 9.9856E-05 9.9856E-05 9.9856E-05 0.035106 9.9856E-05 9.9856E-05 0.00913353 9.9856E-05 0.00357779 9.9856E-05
9.98381E-05 9.98381E-05 9.98381E-05 0.989165 9.98381E-05 9.98381E-05 9.98381E-05 0.00903755 9.98381E-05 9.98381E-05 9.98381E-05 9.98381E-05 9.98381E-05 9.98381E-05 9.98381E-05 9.98381E-05 9.98381E-05 9.98381E-05 9.98381E-05 9.98381E-05
9.98384E-05 9.98384E-05 9.98384E-05 9.98384E-05 9.98384E-05 0.997338 9.98384E-05 9.98384E-05 9.98384E-05 9.98384E-05 9.98384E-05 9.98384E-05 9.98384E-05 9.98384E-05 9.98384E-05 9.98384E-05 0.000865091 9.98384E-05 9.98384E-05 9.98384E-05
9.98295E-05 9.98295E-05 9.98295E-05 9.98295E-05 9.98295E-05 0.998103 9.98295E-05 9.98295E-05 9.98295E-05 9.98295E-05 9.98295E-05 9.98295E-05 9.98295E-05 9.98295E-05 9.98295E-05 9.98295E-05 9.98295E-05 9.98295E-05 9.98295E-05 9.98295E-05
0.00654255 9.9874E-05 0.0819885 0.0279727 9.9874E-05 9.9874E-05 0.057794 9.9874E-05 9.9874E-05 9.9874E-05 9.9874E-05 9.9874E-05 0.0071166 9.9874E-05 9.9874E-05 9.9874E-05 9.9874E-05 0.817187 9.9874E-05 9.9874E-05
0.020959 0.00534757 0.0229371 0.0966903 9.9883E-05 9.9883E-05 0.0489581 9.9883E-05 9.9883E-05 9.9883E-05 9.9883E-05 9.9883E-05 0.0171882 9.9883E-05 9.9883E-05 9.9883E-05 9.9883E-05 0.786621 9.9883E-05 9.9883E-05
9.98563E-05 9.98563E-05 9.98563E-05 0.00188334 9.98563E-05 0.941255 9.98563E-05 9.98563E-05 9.98563E-05 0.0436564 9.98563E-05 9.98563E-05 9.98563E-05 9.98563E-05 9.98563E-05 9.98563E-05 0.0116073 9.98563E-05 9.98563E-05 9.98563E-05
9.98384E-05 9.98384E-05 9.98384E-05 9.98384E-05 9.98384E-05 0.992317 0.00588626 9.98384E-05 9.98384E-05 9.98384E-05 9.98384E-05 9.98384E-05 9.98384E-05 9.98384E-05 9.98384E-05 9.98384E-05 9.98384E-05 9.98384E-05 9.98384E-05 9.98384E-05
0.0225767 9.9856E-05 9.9856E-05 0.0149177 9.9856E-05 9.9856E-05 9.9856E-05 0.0199451 9.9856E-05 9.9856E-05 9.9856E-05 9.9856E-05 9.9856E-05 9.9856E-05 9.9856E-05 9.9856E-05 9.9856E-05 9.9856E-05 9.9856E-05 0.940963
0.0732711 9.98649E-05 9.98649E-05 0.0666709 9.98649E-05 9.98649E-05 0.679416 9.98649E-05 0.0321991 9.98649E-05 0.146945 9.98649E-05 9.98649E-05 9.98649E-05 9.98649E-05 9.98649E-05 9.98649E-05 9.98649E-05 9.98649E-05 9.98649E-05
9.98471E-05 9.98471E-05 0.878252 9.98471E-05 9.98471E-05 9.98471E-05 9.98471E-05 0.0802434 9.98471E-05 9.98471E-05 0.0398073 9.98471E-05 9.98471E-05 9.98471E-05 9.98471E-05 9.98471E-05 9.98471E-05 9.98471E-05 9.98471E-05 9.98471E-05
9.98291E-05 9.98291E-05 9.98291E-05 9.98291E-05 9.98291E-05 9.98291E-05 9.98291E-05 9.98291E-05 9.98291E-05 9.98291E-05 9.98291E-05 9.98291E-05 9.98291E-05 9.98291E-05 9.98291E-05 0.998103 9.98291E-05 9.98291E-05 9.98291E-05 9.98291E-05
0.0453669 9.98652E-05 9.98652E-05 9.98652E-05 9.98652E-05 0.00739811 9.98652E-05 9.98652E-05 9.98652E-05 0.0522734 9.98652E-05 9.98652E-05 9.98652E-05 9.98652E-05 9.98652E-05 0.85167 9.98652E-05 9.98652E-05 9.98652E-05 0.041794
9.98743E-05 9.98743E-05 9.98743E-05 9.98743E-05 9.98743E-05 9.98743E-05 9.98743E-05 0.0468944 0.0323706 9.98743E-05 9.98743E-05 9.98743E-05 0.253293 0.54969 9.98743E-05 9.98743E-05 0.0481357 9.98743E-05 0.0682175 9.98743E-05
