9.98738E-05 9.98738E-05 9.98738E-05 9.98738E-05 9.98738E-05 0.00321628 9.98738E-05 9.98738E-05 9.98738E-05 9.98738E-05 9.98738E-05 9.98738E-05 0.00813446 0.00781958 9.98738E-05 0.00367192 9.98738E-05 9.98738E-05 0.0727885 0.902971
0.115759 9.98559E-05 0.162768 9.98559E-05 0.681834 9.98559E-05 9.98559E-05 9.98559E-05 9.98559E-05 9.98559E-05 9.98559E-05 9.98559E-05 9.98559E-05 9.98559E-05 9.98559E-05 0.0380419 9.98559E-05 9.98559E-05 9.98559E-05 9.98559E-05
0.513758 9.98752E-05 9.98752E-05 0.0796504 9.98752E-05 9.98752E-05 9.98752E-05 0.0526044 0.05343 0.043397 9.98752E-05 9.98752E-05 9.98752E-05 9.98752E-05 9.98752E-05 9.98752E-05 0.255762 9.98752E-05 9.98752E-05 9.98752E-05
0.895409 9.98561E-05 9.98561E-05 9.98561E-05 9.98561E-05 9.98561E-05 9.98561E-05 9.98561E-05 0.0134956 9.98561E-05 9.98561E-05 9.98561E-05 9.98561E-05 9.98561E-05 0.0094978 9.98561E-05 0.0799996 9.98561E-05 9.98561E-05 9.98561E-05
0.380881 9.99011E-05 0.0327706 9.99011E-05 0.102252 0.203594 0.0536564 9.99011E-05 9.99011E-05 0.0519082 9.99011E-05 9.99011E-05 9.99011E-05 9.99011E-05 0.0689753 9.99011E-05 0.00233123 0.102533 9.99011E-05 9.99011E-05
0.979379 0.0046076 9.9847E-05 9.9847E-05 9.9847E-05 9.9847E-05 9.9847E-05 9.9847E-05 9.9847E-05 9.9847E-05 0.0143159 9.9847E-05 9.9847E-05 9.9847E-05 9.9847E-05 9.9847E-05 9.9847E-05 9.9847E-05 9.9847E-05 9.9847E-05
9.98293E-05 9.98293E-05 9.98293E-05 9.98293E-05 9.98293E-05 9.98293E-05 9.98293E-05 9.98293E-05 9.98293E-05 9.98293E-05 9.98293E-05 9.98293E-05 9.98293E-05 9.98293E-05 9.98293E-05 9.98293E-05 9.98293E-05 0.998103 9.98293E-05 9.98293E-05
0.0066944 9.98919E-05 9.98919E-05 9.98919E-05 0.0896679 0.00971807 9.98919E-05 9.98919E-05 0.0176219 0.681051 9.98919E-05 9.98919E-05 9.98919E-05 9.98919E-05 0.0650864 9.98919E-05 0.0775602 9.98919E-05 0.0514018 9.98919E-05
9.98651E-05 9.98651E-05 9.98651E-05 9.98651E-05 0.0031047 9.98651E-05 9.98651E-05 9.98651E-05 9.98651E-05 9.98651E-05 9.98651E-05 0.0182466 9.98651E-05 9.98651E-05 0.0215747 9.98651E-05 9.98651E-05 0.935174 0.0204018 9.98651E-05
9.98292E-05 9.98292E-05 9.98292E-05 9.98292E-05 9.98292E-05 0.998103 9.98292E-05 9.98292E-05 9.98292E-05 9.98292E-05 9.98292E-05 9.98292E-05 9.98292E-05 9.98292E-05 9.98292E-05 9.98292E-05 9.98292E-05 9.98292E-05 9.98292E-05 9.98292E-05
9.98292E-05 9.98292E-05 9.98292E-05 9.98292E-05 9.98292E-05 0.998103 9.98292E-05 9.98292E-05 9.98292E-05 9.98292E-05 9.98292E-05 9.98292E-05 9.98292E-05 9.98292E-05 9.98292E-05 9.98292E-05 9.98292E-05 9.98292E-05 9.98292E-05 9.98292E-05
9.98741E-05 0.0503052 9.98741E-05 9.98741E-05 9.98741E-05 9.98741E-05 9.98741E-05 0.113207 0.11252 9.98741E-05 9.98741E-05 9.98741E-05 9.98741E-05 9.98741E-05 9.98741E-05 9.98741E-05 0.0279035 9.98741E-05 0.0337423 0.660923
9.98474E-05 9.98474E-05 9.98474E-05 9.98474E-05 9.98474E-05 9.98474E-05 9.98474E-05 0.927014 9.98474E-05 0.0635953 9.98474E-05 9.98474E-05 9.98474E-05 9.98474E-05 9.98474E-05 9.98474E-05 9.98474E-05 0.00769282 9.98474E-05 9.98474E-05
0.951212 9.98471E-05 9.98471E-05 0.0324939 0.0145963 9.98471E-05 9.98471E-05 9.98471E-05 9.98471E-05 9.98471E-05 9.98471E-05 9.98471E-05 9.98471E-05 9.98471E-05 9.98471E-05 9.98471E-05 9.98471E-05 9.98471E-05 9.98471E-05 9.98471E-05
0.954203 9.98561E-05 0.00684841 0.0133408 9.98561E-05 9.98561E-05 9.98561E-05 9.98561E-05 9.98561E-05 9.98561E-05 9.98561E-05 9.98561E-05 9.98561E-05 9.98561E-05 9.98561E-05 9.98561E-05 9.98561E-05 9.98561E-05 9.98561E-05 0.0240099
9.98559E-05 0.14187 9.98559E-05 9.98559E-05 9.98559E-05 0.000647827 9.98559E-05 0.0900289 9.98559E-05 9.98559E-05 9.98559E-05 0.765856 9.98559E-05 9.98559E-05 9.98559E-05 9.98559E-05 9.98559E-05 9.98559E-05 9.98559E-05 9.98559E-05
9.98651E-05 9.98651E-05 9.98651E-05 9.98651E-05 9.98651E-05 0.0232566 9.98651E-05 9.98651E-05 9.98651E-05 9.98651E-05 9.98651E-05 0.016545 0.00333769 0.00664911 9.98651E-05 0.948714 9.98651E-05 9.98651E-05 9.98651E-05 9.98651E-05
9.98558E-05 9.98558E-05 0.0493763 0.848282 9.98558E-05 0.0275135 9.98558E-05 9.98558E-05 9.98558E-05 9.98558E-05 9.98558E-05 9.98558E-05 9.98558E-05 9.98558E-05 9.98558E-05 9.98558E-05 9.98558E-05 9.98558E-05 0.0732307 9.98558E-05
9.9856E-05 9.9856E-05 9.9856E-05 9.9856E-05 9.9856E-05 9.9856E-05 9.9856E-05 9.9856E-05 0.0605813 9.9856E-05 0.843123 9.9856E-05 0.0743688 0.0203294 9.9856E-05 9.9856E-05 9.9856E-05 9.9856E-05 9.9856E-05 9.9856E-05
9.98901E-05 0.133995 0.0304611 9.98901E-05 9.98901E-05 0.235023 9.98901E-05 9.98901E-05 0.0375489 9.98901E-05 9.98901E-05 0.334409 0.0154045 9.98901E-05 9.98901E-05 0.0367019 9.98901E-05 9.98901E-05 0.0804979 0.0948601
9.98381E-05 9.98381E-05 9.98381E-05 0.959961 9.98381E-05 9.98381E-05 9.98381E-05 9.98381E-05 9.98381E-05 9.98381E-05 0.0382416 9.98381E-05 9.98381E-05 9.98381E-05 9.98381E-05 9.98381E-05 9.98381E-05 9.98381E-05 9.98381E-05 9.98381E-05
9.98651E-05 9.98651E-05 0.298268 9.98651E-05 9.98651E-05 9.98651E-05 9.98651E-05 0.0196216 9.98651E-05 9.98651E-05 9.98651E-05 0.204551 9.98651E-05 9.98651E-05 9.98651E-05 0.0507457 9.98651E-05 9.98651E-05 9.98651E-05 0.425316
9.98292E-05 9.98292E-05 9.98292E-05 9.98292E-05 9.98292E-05 9.98292E-05 9.98292E-05 9.98292E-05 9.98292E-05 9.98292E-05 9.98292E-05 9.98292E-05 9.98292E-05 0.998103 9.98292E-05 9.98292E-05 9.98292E-05 9.98292E-05 9.98292E-05 9.98292E-05
9.98293E-05 9.98293E-05 9.98293E-05 9.98293E-05 9.98293E-05 9.98293E-05 9.98293E-05 9.98293E-05 9.98293E-05 9.98293E-05 9.98293E-05 9.98293E-05 0.998103 9.98293E-05 9.98293E-05 9.98293E-05 9.98293E-05 9.98293E-05 9.98293E-05 9.98293E-05
0.457194 9.98383E-05 9.98383E-05 9.98383E-05 9.98383E-05 9.98383E-05 9.98383E-05 9.98383E-05 9.98383E-05 9.98383E-05 9.98383E-05 9.98383E-05 9.98383E-05 9.98383E-05 9.98383E-05 9.98383E-05 0.541009 9.98383E-05 9.98383E-05 9.98383E-05
0.814946 9.98473E-05 9.98473E-05 9.98473E-05 9.98473E-05 9.98473E-05 9.98473E-05 9.98473E-05 9.98473E-05 9.98473E-05 9.98473E-05 9.98473E-05 9.98473E-05 9.98473E-05 0.00840444 9.98473E-05 0.174953 9.98473E-05 9.98473E-05 9.98473E-05
9.98648E-05 9.98648E-05 9.98648E-05 9.98648E-05 9.98648E-05 9.98648E-05 9.98648E-05 0.775831 0.0363004 9.98648E-05 9.98648E-05 0.0464682 9.98648E-05 9.98648E-05 9.98648E-05 0.0626881 9.98648E-05 9.98648E-05 9.98648E-05 0.0772141
9.98292E-05 9.98292E-05 9.98292E-05 9.98292E-05 9.98292E-05 9.98292E-05 9.98292E-05 9.98292E-05 9.98292E-05 9.98292E-05 9.98292E-05 9.98292E-05 9.98292E-05 9.98292E-05 9.98292E-05 9.98292E-05 0.998103 9.98292E-05 9.98292E-05 9.98292E-05
9.98382E-05 9.98382E-05 9.98382E-05 9.98382E-05 9.98382E-05 9.98382E-05 9.98382E-05 9.98382E-05 9.98382E-05 9.98382E-05 9.98382E-05 9.98382E-05 9.98382E-05 9.98382E-05 0.000101042 9.98382E-05 0.998102 9.98382E-05 9.98382E-05 9.98382E-05
0.277357 0.0105164 9.98922E-05 9.98922E-05 9.98922E-05 9.98922E-05 9.98922E-05 9.98922E-05 9.98922E-05 0.305819 0.0394954 9.98922E-05 9.98922E-05 9.98922E-05 0.0826706 0.0363147 0.241534 9.98922E-05 9.98922E-05 0.00509401
0.311307 9.98828E-05 9.98828E-05 9.98828E-05 0.00356001 0.0216838 9.98828E-05 9.98828E-05 0.0152565 0.573583 9.98828E-05 9.98828E-05 9.98828E-05 0.0435063 0.0298053 9.98828E-05 9.98828E-05 9.98828E-05 9.98828E-05 9.98828E-05
9.98296E-05 9.98296E-05 9.98296E-05 9.98296E-05 0.998103 9.98296E-05 9.98296E-05 9.98296E-05 9.98296E-05 9.98296E-05 9.98296E-05 9.98296E-05 9.98296E-05 9.98296E-05 9.98296E-05 9.98296E-05 9.98296E-05 9.98296E-05 9.98296E-05 9.98296E-05
0.572662 9.98472E-05 9.98472E-05 9.98472E-05 9.98472E-05 9.98472E-05 9.98472E-05 9.98472E-05 9.98472E-05 0.181931 9.98472E-05 9.98472E-05 9.98472E-05 9.98472E-05 9.98472E-05 9.98472E-05 0.243709 9.98472E-05 9.98472E-05 9.98472E-05
9.98564E-05 9.98564E-05 9.98564E-05 9.98564E-05 0.0227958 9.98564E-05 9.98564E-05 9.98564E-05 9.98564E-05 0.23967 9.98564E-05 9.98564E-05 9.98564E-05 9.98564E-05 0.687593 9.98564E-05 9.98564E-05 9.98564E-05 0.0483435 9.98564E-05
9.98917E-05 0.0395572 0.0602762 9.98917E-05 9.98917E-05 0.0419622 9.98917E-05 0.47063 0.0827169 0.0313381 9.98917E-05 9.98917E-05 9.98917E-05 9.98917E-05 9.98917E-05 0.254916 9.98917E-05 9.98917E-05 9.98917E-05 0.0174042
0.393513 9.98649E-05 0.042945 9.98649E-05 9.98649E-05 9.98649E-05 9.98649E-05 9.98649E-05 9.98649E-05 0.00402156 9.98649E-05 9.98649E-05 9.98649E-05 9.98649E-05 9.98649E-05 0.00703535 0.550987 9.98649E-05 9.98649E-05 9.98649E-05
0.010944 0.00845753 9.98562E-05 9.98562E-05 9.98562E-05 9.98562E-05 9.98562E-05 9.98562E-05 9.98562E-05 0.0247666 9.98562E-05 9.98562E-05 9.98562E-05 9.98562E-05 9.98562E-05 9.98562E-05 9.98562E-05 9.98562E-05 9.98562E-05 0.954234
0.00996406 9.99011E-05 9.99011E-05 9.99011E-05 0.110408 0.0373245 0.00895405 9.99011E-05 9.99011E-05 0.0157846 9.99011E-05 9.99011E-05 9.99011E-05 0.023317 9.99011E-05 0.0243888 9.99011E-05 9.99011E-05 0.742334 0.0264269
0.014737 9.98382E-05 9.98382E-05 9.98382E-05 9.98382E-05 9.98382E-05 9.98382E-05 9.98382E-05 9.98382E-05 9.98382E-05 9.98382E-05 9.98382E-05 9.98382E-05 9.98382E-05 9.98382E-05 0.983466 9.98382E-05 9.98382E-05 9.98382E-05 9.98382E-05
0.0157842 9.98471E-05 0.977751 9.98471E-05 9.98471E-05 9.98471E-05 9.98471E-05 9.98471E-05 9.98471E-05 9.98471E-05 9.98471E-05 9.98471E-05 9.98471E-05 9.98471E-05 9.98471E-05 0.00476709 9.98471E-05 9.98471E-05 9.98471E-05 9.98471E-05
9.98291E-05 9.98291E-05 0.998103 9.98291E-05 9.98291E-05 9.98291E-05 9.98291E-05 9.98291E-05 9.98291E-05 9.98291E-05 9.98291E-05 9.98291E-05 9.98291E-05 9.98291E-05 9.98291E-05 9.98291E-05 9.98291E-05 9.98291E-05 9.98291E-05 9.98291E-05
9.98918E-05 0.0137523 0.0615971 9.98918E-05 9.98918E-05 0.366487 9.98918E-05 9.98918E-05 9.98918E-05 9.98918E-05 9.98918E-05 0.00263214 0.0232983 9.98918E-05 9.98918E-05 0.0368893 9.98918E-05 9.98918E-05 0.464864 0.0292805
9.98919E-05 9.98919E-05 0.00562373 0.000342232 9.98919E-05 9.98919E-05 9.98919E-05 0.0438055 9.98919E-05 9.98919E-05 9.98919E-05 0.819269 0.0304202 9.98919E-05 9.98919E-05 9.98919E-05 9.98919E-05 0.0591816 0.00802438 0.0321349
9.98739E-05 0.0956463 9.98739E-05 9.98739E-05 9.98739E-05 0.472736 9.98739E-05 9.98739E-05 0.0129163 9.98739E-05 9.98739E-05 9.98739E-05 9.98739E-05 9.98739E-05 9.98739E-05 0.0305956 9.98739E-05 9.98739E-05 0.356568 0.030139
9.98919E-05 0.136111 0.0794966 9.98919E-05 9.98919E-05 9.98919E-05 9.98919E-05 0.080781 0.023914 9.98919E-05 9.98919E-05 9.98919E-05 0.0767559 0.100426 9.98919E-05 9.98919E-05 9.98919E-05 0.00356119 0.497756 9.98919E-05
0.032385 0.179461 0.0415395 9.98831E-05 9.98831E-05 9.98831E-05 0.0263292 9.98831E-05 9.98831E-05 9.98831E-05 0.0141901 0.00148477 9.98831E-05 9.98831E-05 9.98831E-05 9.98831E-05 9.98831E-05 9.98831E-05 0.703312 9.98831E-05
0.0582749 0.307938 9.99009E-05 9.99009E-05 9.99009E-05 0.04756 9.99009E-05 0.000610815 9.99009E-05 9.99009E-05 9.99009E-05 9.99009E-05 9.99009E-05 9.99009E-05 0.0308994 0.176677 9.99009E-05 0.072947 0.106849 0.197145
9.98481E-05 9.98481E-05 9.98481E-05 9.98481E-05 9.98481E-05 9.98481E-05 9.98481E-05 9.98481E-05 9.98481E-05 9.98481E-05 0.00612 9.98481E-05 9.98481E-05 0.0392436 9.98481E-05 9.98481E-05 9.98481E-05 9.98481E-05 9.98481E-05 0.952939
9.98383E-05 0.0015905 9.98383E-05 9.98383E-05 9.98383E-05 9.98383E-05 9.98383E-05 9.98383E-05 9.98383E-05 9.98383E-05 9.98383E-05 9.98383E-05 9.98383E-05 9.98383E-05 0.996612 9.98383E-05 9.98383E-05 9.98383E-05 9.98383E-05 9.98383E-05
9.98472E-05 9.98472E-05 9.98472E-05 0.0136971 9.98472E-05 9.98472E-05 9.98472E-05 9.98472E-05 9.98472E-05 9.98472E-05 0.00165683 9.98472E-05 9.98472E-05 9.98472E-05 0.982949 9.98472E-05 9.98472E-05 9.98472E-05 9.98472E-05 9.98472E-05
9.98383E-05 9.98383E-05 9.98383E-05 9.98383E-05 9.98383E-05 9.98383E-05 9.98383E-05 9.98383E-05 9.98383E-05 9.98383E-05 9.98383E-05 0.00439144 9.98383E-05 9.98383E-05 0.993811 9.98383E-05 9.98383E-05 9.98383E-05 9.98383E-05 9.98383E-05
9.98294E-05 9.98294E-05 9.98294E-05 9.98294E-05 9.98294E-05 9.98294E-05 9.98294E-05 9.98294E-05 9.98294E-05 9.98294E-05 9.98294E-05 9.98294E-05 9.98294E-05 9.98294E-05 0.998103 9.98294E-05 9.98294E-05 9.98294E-05 9.98294E-05 9.98294E-05
9.98293E-05 9.98293E-05 9.98293E-05 9.98293E-05 9.98293E-05 9.98293E-05 9.98293E-05 9.98293E-05 9.98293E-05 9.98293E-05 9.98293E-05 9.98293E-05 9.98293E-05 9.98293E-05 0.998103 9.98293E-05 9.98293E-05 9.98293E-05 9.98293E-05 9.98293E-05
0.00328682 9.99103E-05 9.99103E-05 9.99103E-05 0.0435366 9.99103E-05 0.0429677 9.99103E-05 9.99103E-05 0.282164 0.0157113 0.0734782 9.99103E-05 0.0375018 0.373802 9.99103E-05 0.0913903 0.0351616 9.99103E-05 9.99103E-05
9.98742E-05 0.00272996 9.98742E-05 9.98742E-05 0.0436189 9.98742E-05 0.00103031 0.00288279 9.98742E-05 9.98742E-05 9.98742E-05 9.98742E-05 9.98742E-05 9.98742E-05 0.947324 0.00101562 9.98742E-05 9.98742E-05 9.98742E-05 9.98742E-05
9.98468E-05 0.0561596 9.98468E-05 9.98468E-05 9.98468E-05 9.98468E-05 9.98468E-05 9.98468E-05 9.98468E-05 9.98468E-05 9.98468E-05 0.152147 9.98468E-05 9.98468E-05 9.98468E-05 9.98468E-05 9.98468E-05 9.98468E-05 9.98468E-05 0.789996
9.98829E-05 9.98829E-05 9.98829E-05 9.98829E-05 0.890774 9.98829E-05 9.98829E-05 0.00452003 0.00806587 9.98829E-05 9.98829E-05 0.00593155 9.98829E-05 9.98829E-05 0.0320949 9.98829E-05 0.0188426 0.0384725 9.98829E-05 9.98829E-05
0.595195 0.00211858 9.98559E-05 9.98559E-05 9.98559E-05 9.98559E-05 9.98559E-05 9.98559E-05 9.98559E-05 9.98559E-05 9.98559E-05 9.98559E-05 9.98559E-05 9.98559E-05 9.98559E-05 0.0198417 0.381247 9.98559E-05 9.98559E-05 9.98559E-05
9.98651E-05 9.98651E-05 0.179229 0.00628328 9.98651E-05 9.98651E-05 9.98651E-05 0.770241 0.0199659 9.98651E-05 9.98651E-05 0.0227827 9.98651E-05 9.98651E-05 9.98651E-05 9.98651E-05 9.98651E-05 9.98651E-05 9.98651E-05 9.98651E-05
9.98385E-05 0.125205 9.98385E-05 9.98385E-05 9.98385E-05 9.98385E-05 9.98385E-05 9.98385E-05 9.98385E-05 9.98385E-05 9.98385E-05 0.872998 9.98385E-05 9.98385E-05 9.98385E-05 9.98385E-05 9.98385E-05 9.98385E-05 9.98385E-05 9.98385E-05
9.98386E-05 9.98386E-05 9.98386E-05 9.98386E-05 9.98386E-05 9.98386E-05 9.98386E-05 0.965625 9.98386E-05 9.98386E-05 9.98386E-05 9.98386E-05 9.98386E-05 9.98386E-05 9.98386E-05 9.98386E-05 9.98386E-05 0.0325776 9.98386E-05 9.98386E-05
9.98469E-05 9.98469E-05 9.98469E-05 9.98469E-05 9.98469E-05 0.0345022 9.98469E-05 0.860892 9.98469E-05 9.98469E-05 9.98469E-05 9.98469E-05 9.98469E-05 9.98469E-05 9.98469E-05 9.98469E-05 9.98469E-05 9.98469E-05 0.102909 9.98469E-05
9.98828E-05 0.0175436 0.0221893 9.98828E-05 9.98828E-05 0.099628 9.98828E-05 0.804995 0.0372888 9.98828E-05 9.98828E-05 9.98828E-05 0.0123962 0.00466034 9.98828E-05 9.98828E-05 9.98828E-05 9.98828E-05 9.98828E-05 9.98828E-05
9.98471E-05 9.98471E-05 9.98471E-05 9.98471E-05 9.98471E-05 9.98471E-05 9.98471E-05 9.98471E-05 9.98471E-05 9.98471E-05 0.987588 9.98471E-05 9.98471E-05 9.98471E-05 9.98471E-05 9.98471E-05 9.98471E-05 9.98471E-05 0.0105973 0.000117622
0.279072 9.98477E-05 9.98477E-05 9.98477E-05 9.98477E-05 9.98477E-05 0.0147214 9.98477E-05 9.98477E-05 9.98477E-05 9.98477E-05 9.98477E-05 9.98477E-05 9.98477E-05 9.98477E-05 9.98477E-05 0.704509 9.98477E-05 9.98477E-05 9.98477E-05
9.98293E-05 9.98293E-05 9.98293E-05 9.98293E-05 9.98293E-05 9.98293E-05 0.998103 9.98293E-05 9.98293E-05 9.98293E-05 9.98293E-05 9.98293E-05 9.98293E-05 9.98293E-05 9.98293E-05 9.98293E-05 9.98293E-05 9.98293E-05 9.98293E-05 9.98293E-05
0.817647 9.98655E-05 9.98655E-05 9.98655E-05 9.98655E-05 9.98655E-05 9.98655E-05 0.0124292 9.98655E-05 9.98655E-05 9.98655E-05 0.0104208 9.98655E-05 9.98655E-05 9.98655E-05 9.98655E-05 0.146414 0.0115913 9.98655E-05 9.98655E-05
0.757917 9.98651E-05 0.0451664 9.98651E-05 9.98651E-05 9.98651E-05 9.98651E-05 9.98651E-05 9.98651E-05 9.98651E-05 9.98651E-05 9.98651E-05 9.98651E-05 9.98651E-05 0.0380289 0.0219319 0.135458 9.98651E-05 9.98651E-05 9.98651E-05
9.98561E-05 9.98561E-05 9.98561E-05 9.98561E-05 9.98561E-05 9.98561E-05 9.98561E-05 9.98561E-05 9.98561E-05 9.98561E-05 9.98561E-05 0.0143727 9.98561E-05 0.00955288 9.98561E-05 9.98561E-05 0.96492 9.98561E-05 0.00955657 9.98561E-05
9.98384E-05 9.98384E-05 9.98384E-05 9.98384E-05 9.98384E-05 9.98384E-05 9.98384E-05 9.98384E-05 9.98384E-05 9.98384E-05 9.98384E-05 9.98384E-05 0.00781793 9.98384E-05 9.98384E-05 9.98384E-05 0.990385 9.98384E-05 9.98384E-05 9.98384E-05
0.712902 9.98652E-05 0.009932 9.98652E-05 9.98652E-05 0.0676692 9.98652E-05 9.98652E-05 9.98652E-05 0.115715 9.98652E-05 9.98652E-05 9.98652E-05 9.98652E-05 9.98652E-05 9.98652E-05 0.0922841 9.98652E-05 9.98652E-05 9.98652E-05
0.560541 0.0172422 9.98559E-05 9.98559E-05 9.98559E-05 9.98559E-05 9.98559E-05 9.98559E-05 9.98559E-05 9.98559E-05 9.98559E-05 9.98559E-05 9.98559E-05 9.98559E-05 9.98559E-05 0.0256106 0.395008 9.98559E-05 9.98559E-05 9.98559E-05
9.98291E-05 9.98291E-05 9.98291E-05 9.98291E-05 9.98291E-05 9.98291E-05 9.98291E-05 9.98291E-05 9.98291E-05 0.998103 9.98291E-05 9.98291E-05 9.98291E-05 9.98291E-05 9.98291E-05 9.98291E-05 9.98291E-05 9.98291E-05 9.98291E-05 9.98291E-05
9.98471E-05 9.98471E-05 9.98471E-05 9.98471E-05 9.98471E-05 9.98471E-05 9.98471E-05 0.0339408 9.98471E-05 0.917236 9.98471E-05 9.98471E-05 9.98471E-05 9.98471E-05 9.98471E-05 9.98471E-05 9.98471E-05 0.0471259 9.98471E-05 9.98471E-05
0.822901 9.98652E-05 9.98652E-05 9.98652E-05 9.98652E-05 9.98652E-05 9.98652E-05 9.98652E-05 9.98652E-05 9.98652E-05 9.98652E-05 9.98652E-05 9.98652E-05 0.0196579 0.0237389 9.98652E-05 0.11996 9.98652E-05 0.0122442 9.98652E-05
0.00710661 9.9883E-05 9.9883E-05 9.9883E-05 0.00180415 9.9883E-05 9.9883E-05 9.9883E-05 9.9883E-05 0.0171222 9.9883E-05 0.939465 9.9883E-05 0.0135556 0.00647289 0.0131752 9.9883E-05 9.9883E-05 9.9883E-05 9.9883E-05
9.98381E-05 9.98381E-05 9.98381E-05 9.98381E-05 9.98381E-05 9.98381E-05 9.98381E-05 9.98381E-05 9.98381E-05 9.98381E-05 9.98381E-05 0.987719 9.98381E-05 9.98381E-05 0.0104836 9.98381E-05 9.98381E-05 9.98381E-05 9.98381E-05 9.98381E-05
9.98294E-05 9.98294E-05 9.98294E-05 9.98294E-05 9.98294E-05 9.98294E-05 9.98294E-05 9.98294E-05 0.998103 9.98294E-05 9.98294E-05 9.98294E-05 9.98294E-05 9.98294E-05 9.98294E-05 9.98294E-05 9.98294E-05 9.98294E-05 9.98294E-05 9.98294E-05
9.98474E-05 9.98474E-05 9.98474E-05 0.000153012 9.98474E-05 9.98474E-05 9.98474E-05 0.0110969 0.987053 9.98474E-05 9.98474E-05 9.98474E-05 9.98474E-05 9.98474E-05 9.98474E-05 9.98474E-05 9.98474E-05 9.98474E-05 9.98474E-05 9.98474E-05
9.9829E-05 9.9829E-05 9.9829E-05 9.9829E-05 9.9829E-05 9.9829E-05 9.9829E-05 9.9829E-05 9.9829E-05 9.9829E-05 9.9829E-05 9.9829E-05 9.9829E-05 9.9829E-05 9.9829E-05 9.9829E-05 9.9829E-05 9.9829E-05 0.998103 9.9829E-05
9.98291E-05 9.98291E-05 9.98291E-05 9.98291E-05 9.98291E-05 9.98291E-05 9.98291E-05 9.98291E-05 9.98291E-05 9.98291E-05 9.98291E-05 9.98291E-05 9.98291E-05 9.98291E-05 9.98291E-05 9.98291E-05 9.98291E-05 9.98291E-05 0.998103 9.98291E-05
9.98563E-05 9.98563E-05 9.98563E-05 9.98563E-05 9.98563E-05 0.00675279 9.98563E-05 9.98563E-05 0.961643 9.98563E-05 9.98563E-05 0.0141138 9.98563E-05 0.0158927 9.98563E-05 9.98563E-05 9.98563E-05 9.98563E-05 9.98563E-05 9.98563E-05
9.98473E-05 9.98473E-05 0.0091287 9.98473E-05 9.98473E-05 9.98473E-05 0.00230818 9.98473E-05 0.986866 9.98473E-05 9.98473E-05 9.98473E-05 9.98473E-05 9.98473E-05 9.98473E-05 9.98473E-05 9.98473E-05 9.98473E-05 9.98473E-05 9.98473E-05
9.9865E-05 9.9865E-05 9.9865E-05 9.9865E-05 9.9865E-05 9.9865E-05 0.00197102 0.0138806 9.9865E-05 9.9865E-05 9.9865E-05 0.00730279 9.9865E-05 9.9865E-05 0.00707521 9.9865E-05 9.9865E-05 9.9865E-05 9.9865E-05 0.968272
9.98651E-05 9.98651E-05 0.67092 9.98651E-05 9.98651E-05 9.98651E-05 9.98651E-05 0.120614 9.98651E-05 9.98651E-05 9.98651E-05 0.057105 0.00655933 9.98651E-05 9.98651E-05 9.98651E-05 9.98651E-05 0.143304 9.98651E-05 9.98651E-05
9.98561E-05 0.0176855 9.98561E-05 9.98561E-05 0.907826 9.98561E-05 9.98561E-05 9.98561E-05 9.98561E-05 9.98561E-05 9.98561E-05 9.98561E-05 9.98561E-05 9.98561E-05 0.0242971 9.98561E-05 9.98561E-05 0.0485942 9.98561E-05 9.98561E-05
9.9838E-05 0.974546 9.9838E-05 9.9838E-05 9.9838E-05 9.9838E-05 9.9838E-05 9.9838E-05 9.9838E-05 9.9838E-05 9.9838E-05 9.9838E-05 9.9838E-05 0.0236569 9.9838E-05 9.9838E-05 9.9838E-05 9.9838E-05 9.9838E-05 9.9838E-05
9.9883E-05 0.836676 9.9883E-05 0.0121309 9.9883E-05 9.9883E-05 9.9883E-05 0.0366591 0.0148505 9.9883E-05 9.9883E-05 0.00993686 9.9883E-05 9.9883E-05 9.9883E-05 0.0714959 9.9883E-05 9.9883E-05 9.9883E-05 0.0169523
0.022047 9.98832E-05 9.98832E-05 0.0077429 9.98832E-05 9.98832E-05 9.98832E-05 9.98832E-05 9.98832E-05 0.656519 0.000354679 9.98832E-05 9.98832E-05 0.0661645 0.01147 9.98832E-05 0.234403 9.98832E-05 9.98832E-05 9.98832E-05
