9.999E-05 9.999E-05 0.9998
9.999E-05 0.533558 0.466342
0.0453556 0.846832 0.107813
9.999E-05 0.9998 9.999E-05
9.9991E-05 0.728907 0.270993
9.999E-05 0.9998 9.999E-05
9.999E-05 0.361086 0.638814
9.999E-05 0.835134 0.164766
9.9991E-05 0.374599 0.625301
9.9991E-05 0.080186 0.919714
9.9991E-05 0.0437046 0.956195
9.9991E-05 0.0188776 0.981022
9.99911E-05 0.0464791 0.953421
0.00732257 0.992577 9.9991E-05
0.0127465 0.987153 9.9991E-05
9.9991E-05 0.0449496 0.95495
0.201751 0.0340352 0.764214
0.745209 0.0325628 0.222228
0.9998 9.999E-05 9.999E-05
9.999E-05 9.999E-05 0.9998
0.9998 9.999E-05 9.999E-05
9.999E-05 9.999E-05 0.9998
0.543575 0.0764601 0.379965
0.988573 9.9991E-05 0.0113268
9.999E-05 0.9998 9.999E-05
9.999E-05 0.9998 9.999E-05
9.999E-05 9.999E-05 0.9998
9.999E-05 0.9998 9.999E-05
9.999E-05 0.9998 9.999E-05
0.0482467 0.936504 0.0152498
0.0427029 0.944995 0.0123018
9.99911E-05 0.588327 0.411573
9.999E-05 0.9998 9.999E-05
9.9991E-05 0.830833 0.169067
9.9991E-05 0.0882756 0.911624
9.999E-05 0.9998 9.999E-05
9.9991E-05 0.0589126 0.940987
0.0423274 0.118494 0.839179
0.180377 0.186712 0.632911
9.9991E-05 0.13332 0.86658
0.0107885 0.0900234 0.899188
9.999E-05 9.999E-05 0.9998
9.9991E-05 0.039091 0.960809
0.00272732 0.0254362 0.971836
0.171552 9.9991E-05 0.828348
0.0462729 0.117998 0.835729
9.9991E-05 0.175492 0.824408
9.999E-05 9.999E-05 0.9998
0.03469 0.807924 0.157386
0.0409193 0.798762 0.160318
0.0425801 0.805799 0.151621
0.0484893 0.819444 0.132067
0.0370506 0.856337 0.106612
0.0631828 0.759302 0.177515
0.00658579 0.780497 0.212917
9.999E-05 9.999E-05 0.9998
9.9991E-05 0.555401 0.444499
9.999E-05 0.9998 9.999E-05
9.999E-05 9.999E-05 0.9998
9.9991E-05 0.0626896 0.93721
9.999E-05 9.999E-05 0.9998
9.999E-05 9.999E-05 0.9998
0.0051023 9.9991E-05 0.994798
0.916349 0.00505693 0.0785938
9.999E-05 0.9998 9.999E-05
0.0254852 0.462258 0.512257
9.999E-05 0.9998 9.999E-05
9.999E-05 0.9998 9.999E-05
9.999E-05 0.9998 9.999E-05
9.999E-05 0.9998 9.999E-05
9.9991E-05 0.995778 0.00412244
9.999E-05 0.9998 9.999E-05
9.99911E-05 0.944466 0.055434
0.00781596 0.881644 0.11054
9.999E-05 0.9998 9.999E-05
9.9991E-05 0.146929 0.852971
9.9991E-05 0.146015 0.853885
0.259516 0.0831424 0.657342
0.256148 0.0933626 0.650489
9.9991E-05 0.0656946 0.934205
9.9991E-05 0.0356471 0.964253
0.250911 0.115108 0.633981
0.252464 0.111937 0.6356
9.999E-05 9.999E-05 0.9998
0.0252377 0.026141 0.948621
9.9991E-05 0.572572 0.427328
0.191884 0.0849215 0.723194
0.161814 9.9991E-05 0.838086
0.075927 0.923973 9.9991E-05
