9.999E-05 9.999E-05 0.9998
9.999E-05 0.520349 0.479551
0.0843113 0.91299 0.00269821
9.999E-05 0.9998 9.999E-05
9.9991E-05 0.683564 0.316336
9.999E-05 0.9998 9.999E-05
9.999E-05 0.329438 0.670462
9.999E-05 0.811952 0.187948
9.9991E-05 0.341649 0.658251
9.9991E-05 0.0261603 0.97374
9.9991E-05 0.0347531 0.965147
9.9991E-05 0.0250951 0.974805
9.99911E-05 0.0354677 0.964432
0.0101934 0.989707 9.9991E-05
0.00432499 0.995575 9.9991E-05
9.9991E-05 0.0402577 0.959642
0.182081 0.0397143 0.778204
0.735195 0.0231097 0.241696
0.9998 9.999E-05 9.999E-05
9.999E-05 9.999E-05 0.9998
0.9998 9.999E-05 9.999E-05
9.999E-05 9.999E-05 0.9998
0.564663 0.0916337 0.343703
0.9998 9.999E-05 9.999E-05
9.999E-05 0.9998 9.999E-05
9.999E-05 0.9998 9.999E-05
0.0043736 9.9991E-05 0.995526
9.999E-05 0.9998 9.999E-05
9.999E-05 0.9998 9.999E-05
0.052694 0.943218 0.00408788
0.0357353 0.964165 9.9991E-05
9.99911E-05 0.591606 0.408294
9.999E-05 0.9998 9.999E-05
9.9991E-05 0.810276 0.189624
9.9991E-05 0.0779963 0.921904
9.999E-05 0.9998 9.999E-05
9.9991E-05 0.020801 0.979099
0.00852703 0.158488 0.832985
0.186126 0.170947 0.642927
9.9991E-05 0.121737 0.878163
0.00308359 0.06628 0.930636
0.0210703 9.9991E-05 0.97883
9.9991E-05 0.00645763 0.993442
0.0145789 9.9991E-05 0.985321
0.177128 9.9991E-05 0.822772
0.0409105 0.112837 0.846252
9.9991E-05 0.155721 0.844179
0.0155352 9.99911E-05 0.984365
0.0233324 0.838342 0.138325
0.0364505 0.777363 0.186187
0.0125793 0.804146 0.183275
0.0198972 0.82132 0.158783
9.9991E-05 0.851362 0.148538
0.0278486 0.751351 0.2208
9.9991E-05 0.762538 0.237362
9.999E-05 9.999E-05 0.9998
9.9991E-05 0.551113 0.448787
9.999E-05 0.9998 9.999E-05
9.999E-05 9.999E-05 0.9998
9.9991E-05 0.0711057 0.928794
9.999E-05 9.999E-05 0.9998
9.999E-05 9.999E-05 0.9998
0.0188248 9.9991E-05 0.981075
0.907468 9.99911E-05 0.0924324
9.999E-05 0.9998 9.999E-05
0.0993349 0.401252 0.499413
9.999E-05 0.9998 9.999E-05
9.9991E-05 0.997698 0.00220182
9.999E-05 0.9998 9.999E-05
9.999E-05 0.9998 9.999E-05
9.9991E-05 0.993267 0.00663285
9.999E-05 0.9998 9.999E-05
9.99911E-05 0.912466 0.0874339
0.0140724 0.897438 0.0884892
9.999E-05 0.9998 9.999E-05
9.9991E-05 0.179702 0.820198
9.9991E-05 0.156028 0.843872
0.33182 0.079417 0.588763
0.35067 0.11469 0.534641
0.00264115 0.041073 0.956286
9.9991E-05 0.0225299 0.97737
0.331814 0.117777 0.550409
0.341762 0.130283 0.527954
9.999E-05 9.999E-05 0.9998
0.0113899 0.0289593 0.959651
9.9991E-05 0.583953 0.415947
0.215943 0.0902316 0.693825
0.18693 9.9991E-05 0.81297
0.0792376 0.920662 9.9991E-05
