0.975263 9.99639E-05 9.99639E-05 0.000542345 9.99639E-05 0.0237947 9.99639E-05
0.204953 0.263789 9.9973E-05 0.23985 0.291108 9.9973E-05 9.9973E-05
9.99822E-05 0.0987989 0.121886 9.99822E-05 0.738188 0.0268377 0.0140898
9.9955E-05 9.9955E-05 9.9955E-05 9.9955E-05 0.955504 0.0439959 9.9955E-05
0.0439063 0.212809 9.99731E-05 0.255293 0.487692 9.99731E-05 9.99731E-05
0.0111512 9.9973E-05 9.9973E-05 9.9973E-05 0.98243 0.00517839 0.000940547
9.99731E-05 0.319422 0.495244 0.149979 0.0350543 9.99731E-05 9.99731E-05
9.99641E-05 0.389508 9.99641E-05 0.16871 0.441382 9.99641E-05 9.99641E-05
9.99731E-05 0.371578 0.325029 0.267276 0.0358166 9.99731E-05 9.99731E-05
9.995E-05 9.995E-05 9.995E-05 0.9994 9.995E-05 9.995E-05 9.995E-05
9.995E-05 9.995E-05 9.995E-05 0.9994 9.995E-05 9.995E-05 9.995E-05
0.685012 9.9973E-05 0.178879 9.9973E-05 0.0124261 0.123383 9.9973E-05
9.995E-05 9.995E-05 0.9994 9.995E-05 9.995E-05 9.995E-05 9.995E-05
0.0336891 9.9964E-05 9.9964E-05 9.9964E-05 0.955531 9.9964E-05 0.0103797
0.0639115 9.9964E-05 9.9964E-05 9.9964E-05 0.922303 0.0133853 9.9964E-05
0.190723 0.0130344 0.299812 0.457883 0.00979211 0.0286554 9.9991E-05
9.9973E-05 9.9973E-05 0.128615 0.44194 9.9973E-05 0.356658 0.0724867
0.034293 0.0568371 9.99729E-05 0.196345 9.99729E-05 9.99729E-05 0.712225
9.9955E-05 9.9955E-05 9.9955E-05 9.9955E-05 9.9955E-05 0.0838379 0.915662
0.140526 9.9973E-05 0.0285142 0.725028 9.9973E-05 0.105632 9.9973E-05
9.995E-05 9.995E-05 9.995E-05 9.995E-05 9.995E-05 9.995E-05 0.9994
0.566694 9.99729E-05 0.0836369 0.321662 9.99729E-05 0.0277075 9.99729E-05
9.9973E-05 0.0246085 9.9973E-05 0.236788 9.9973E-05 0.329616 0.408688
9.99549E-05 9.99549E-05 9.99549E-05 9.99549E-05 9.99549E-05 0.122022 0.877478
9.9955E-05 0.0135215 9.9955E-05 9.9955E-05 0.985979 9.9955E-05 9.9955E-05
9.995E-05 9.995E-05 9.995E-05 9.995E-05 0.9994 9.995E-05 9.995E-05
0.061854 9.99729E-05 0.772555 0.0940098 9.99729E-05 0.0712816 9.99729E-05
9.9955E-05 0.108872 9.9955E-05 9.9955E-05 0.890629 9.9955E-05 9.9955E-05
0.00379009 0.0590647 0.00516999 9.9973E-05 0.931675 9.9973E-05 9.9973E-05
9.9982E-05 0.253249 0.0202823 9.9982E-05 0.690131 0.00194499 0.0341923
9.99641E-05 0.316441 9.99641E-05 9.99641E-05 0.617249 0.0659095 9.99641E-05
0.2197 0.579622 9.99732E-05 0.105125 0.0952525 9.99732E-05 9.99732E-05
9.995E-05 9.995E-05 9.995E-05 9.995E-05 0.9994 9.995E-05 9.995E-05
0.0113927 0.817791 9.99641E-05 9.99641E-05 0.170416 9.99641E-05 9.99641E-05
0.100893 9.99819E-05 0.571088 0.0369333 0.0538009 0.237085 9.99819E-05
9.99549E-05 9.99549E-05 0.030427 9.99549E-05 0.969073 9.99549E-05 9.99549E-05
0.978633 9.99551E-05 9.99551E-05 9.99551E-05 0.0208672 9.99551E-05 9.99551E-05
0.0763036 0.0571704 9.9982E-05 0.827516 0.032898 9.9982E-05 0.00591231
9.9982E-05 9.9982E-05 0.152372 0.274913 0.130975 0.390074 0.0514668
0.288317 9.9973E-05 9.9973E-05 0.621935 0.0879529 0.0014959 9.9973E-05
0.322934 9.9982E-05 9.9982E-05 0.608272 0.050551 0.0165002 0.00154258
0.0109047 9.9964E-05 9.9964E-05 0.982486 9.9964E-05 0.00620961 9.9964E-05
0.203603 0.00794719 0.225126 0.563024 9.9973E-05 9.9973E-05 9.9973E-05
0.0128017 9.9973E-05 0.0219244 0.908174 9.9973E-05 0.0568002 9.9973E-05
0.0527176 9.9982E-05 0.162887 0.554027 9.9982E-05 0.1193 0.110868
0.115035 0.01491 0.0598484 0.687361 0.0769662 0.00841533 0.0374639
0.218954 0.0208168 0.210942 0.299258 0.113549 0.13638 9.9991E-05
0.989735 9.99553E-05 9.99553E-05 9.99553E-05 9.99553E-05 9.99553E-05 0.00976479
9.995E-05 0.9994 9.995E-05 9.995E-05 9.995E-05 9.995E-05 9.995E-05
9.995E-05 0.9994 9.995E-05 9.995E-05 9.995E-05 9.995E-05 9.995E-05
9.99549E-05 0.989871 9.99549E-05 9.99549E-05 9.99549E-05 0.00962879 9.99549E-05
9.995E-05 0.9994 9.995E-05 9.995E-05 9.995E-05 9.995E-05 9.995E-05
9.995E-05 0.9994 9.995E-05 9.995E-05 9.995E-05 9.995E-05 9.995E-05
9.99821E-05 0.566652 0.0613369 0.103732 0.236287 9.99821E-05 0.031792
0.00847745 0.991023 9.99549E-05 9.99549E-05 9.99549E-05 9.99549E-05 9.99549E-05
0.912738 9.99639E-05 0.0624969 0.0243655 9.99639E-05 9.99639E-05 9.99639E-05
0.259587 0.561199 9.9973E-05 0.0966943 0.082219 9.9973E-05 9.9973E-05
9.995E-05 9.995E-05 9.995E-05 9.995E-05 0.9994 9.995E-05 9.995E-05
0.119519 9.99639E-05 0.841652 9.99639E-05 9.99639E-05 0.0384282 9.99639E-05
0.264472 9.9973E-05 0.292513 0.384328 0.0583869 9.9973E-05 9.9973E-05
9.995E-05 9.995E-05 0.9994 9.995E-05 9.995E-05 9.995E-05 9.995E-05
0.0115559 9.99639E-05 0.865634 0.12241 9.99639E-05 9.99639E-05 9.99639E-05
0.018947 9.9982E-05 0.824997 0.0483906 9.9982E-05 0.105413 0.00205241
0.0975103 0.0041345 9.99641E-05 9.99641E-05 9.99641E-05 9.99641E-05 0.897955
9.995E-05 9.995E-05 9.995E-05 9.995E-05 0.9994 9.995E-05 9.995E-05
0.0853988 0.0457499 0.211603 0.229913 0.330175 0.0884311 0.0087291
9.99552E-05 9.99552E-05 0.0166484 9.99552E-05 0.982852 9.99552E-05 9.99552E-05
0.0358311 0.00376053 9.9964E-05 9.9964E-05 0.960008 9.9964E-05 9.9964E-05
9.9973E-05 0.079634 0.0259438 0.00208934 0.892033 9.9973E-05 9.9973E-05
0.0169081 0.0587191 9.9973E-05 9.9973E-05 0.921373 9.9973E-05 0.00270005
0.000694225 9.9973E-05 9.9973E-05 0.0840709 0.911159 0.00377561 9.9973E-05
9.995E-05 9.995E-05 9.995E-05 9.995E-05 0.9994 9.995E-05 9.995E-05
9.99553E-05 0.491528 9.99553E-05 9.99553E-05 0.507972 9.99553E-05 9.99553E-05
9.99642E-05 0.331128 0.164738 9.99642E-05 0.503734 9.99642E-05 9.99642E-05
9.9964E-05 9.9964E-05 9.9964E-05 0.0408571 0.955624 0.00311906 9.9964E-05
0.190722 0.0331694 0.0818136 0.588158 0.0819274 0.0241094 9.9991E-05
0.161078 0.0735306 0.0990832 0.569653 0.0605075 0.036048 9.9991E-05
9.995E-05 9.995E-05 9.995E-05 9.995E-05 9.995E-05 0.9994 9.995E-05
9.995E-05 9.995E-05 9.995E-05 9.995E-05 9.995E-05 0.9994 9.995E-05
0.015643 0.0178637 0.0114937 0.9547 9.9973E-05 9.9973E-05 9.9973E-05
0.0155406 9.9964E-05 0.0538497 0.93021 9.9964E-05 9.9964E-05 9.9964E-05
9.99527E-05 9.99527E-05 9.99527E-05 9.99527E-05 9.99527E-05 0.9994 9.99527E-05
9.995E-05 9.995E-05 9.995E-05 9.995E-05 9.995E-05 0.9994 9.995E-05
0.963724 9.99549E-05 0.0357759 9.99549E-05 9.99549E-05 9.99549E-05 9.99549E-05
0.107631 9.9973E-05 0.282125 0.576008 9.9973E-05 9.9973E-05 0.0339354
0.161449 0.600908 0.00620345 0.164475 0.0667641 9.9982E-05 9.9982E-05
0.0129841 9.9991E-05 0.314555 0.211391 0.067486 0.272817 0.120667
0.201449 9.99731E-05 0.406556 9.99731E-05 9.99731E-05 0.319132 0.0725643
9.99731E-05 0.297175 9.99731E-05 9.99731E-05 0.627454 0.0314807 0.0435899
