9.99008E-05 9.99008E-05 9.99008E-05 9.99008E-05 9.99008E-05 9.99008E-05 9.99008E-05 9.99008E-05 9.99008E-05 9.99008E-05 0.00746025 9.99008E-05 0.0618228 0.929618
0.091367 9.99189E-05 9.99189E-05 0.0783415 9.99189E-05 9.99189E-05 0.0149021 9.99189E-05 9.99189E-05 0.795111 9.99189E-05 9.99189E-05 9.99189E-05 0.0193793
0.544795 0.0591818 0.321725 9.99285E-05 9.99285E-05 9.99285E-05 9.99285E-05 0.0265246 9.99285E-05 0.00929699 0.0376778 9.99285E-05 9.99285E-05 9.99285E-05
0.900507 9.991E-05 9.991E-05 9.991E-05 9.991E-05 0.06057 9.991E-05 9.991E-05 9.991E-05 9.991E-05 0.0304819 9.991E-05 0.00744199 9.991E-05
0.341822 9.99641E-05 0.0485413 0.0584208 0.23026 0.0616429 9.99641E-05 9.99641E-05 0.0115027 0.0850279 9.99641E-05 0.0375083 0.0741433 0.0507308
0.907412 9.991E-05 9.991E-05 0.000537817 9.991E-05 0.0662048 9.991E-05 9.991E-05 0.0248461 9.991E-05 9.991E-05 9.991E-05 9.991E-05 9.991E-05
9.9883E-05 9.9883E-05 9.9883E-05 9.9883E-05 0.998702 9.9883E-05 9.9883E-05 9.9883E-05 9.9883E-05 9.9883E-05 9.9883E-05 9.9883E-05 9.9883E-05 9.9883E-05
0.0526354 9.99369E-05 0.466203 9.99369E-05 9.99369E-05 0.201819 9.99369E-05 9.99369E-05 9.99369E-05 0.113441 0.00165583 0.0813146 0.0822308 9.99369E-05
9.9892E-05 9.9892E-05 9.9892E-05 9.9892E-05 0.931169 9.9892E-05 9.9892E-05 9.9892E-05 9.9892E-05 0.0676324 9.9892E-05 9.9892E-05 9.9892E-05 9.9892E-05
9.9892E-05 9.9892E-05 9.9892E-05 9.9892E-05 0.110322 9.9892E-05 9.9892E-05 9.9892E-05 9.9892E-05 9.9892E-05 9.9892E-05 9.9892E-05 0.888479 9.9892E-05
9.98921E-05 9.98921E-05 9.98921E-05 9.98921E-05 0.0960247 9.98921E-05 9.98921E-05 9.98921E-05 9.98921E-05 9.98921E-05 9.98921E-05 9.98921E-05 0.902777 9.98921E-05
0.0118767 9.9946E-05 0.00384927 0.0434532 0.0139329 0.0282628 9.9946E-05 0.102557 9.9946E-05 9.9946E-05 0.127414 9.9946E-05 9.9946E-05 0.668054
9.99102E-05 9.99102E-05 0.000501587 9.99102E-05 0.0370346 0.0336882 9.99102E-05 0.927777 9.99102E-05 9.99102E-05 9.99102E-05 9.99102E-05 9.99102E-05 9.99102E-05
0.895881 0.0227534 0.0112078 0.0357693 9.99191E-05 9.99191E-05 9.99191E-05 9.99191E-05 9.99191E-05 0.033489 9.99191E-05 9.99191E-05 9.99191E-05 9.99191E-05
0.955595 9.99012E-05 9.99012E-05 9.99012E-05 9.99012E-05 9.99012E-05 9.99012E-05 9.99012E-05 9.99012E-05 9.99012E-05 9.99012E-05 9.99012E-05 0.0167084 0.0265981
9.99011E-05 9.99011E-05 9.99011E-05 9.99011E-05 9.99011E-05 9.99011E-05 0.797802 0.179889 9.99011E-05 9.99011E-05 9.99011E-05 9.99011E-05 0.0212099 9.99011E-05
9.98918E-05 9.98918E-05 9.98918E-05 0.901339 9.98918E-05 9.98918E-05 9.98918E-05 9.98918E-05 9.98918E-05 9.98918E-05 9.98918E-05 9.98918E-05 0.0974622 9.98918E-05
9.99369E-05 0.719214 9.99369E-05 9.99369E-05 0.021403 9.99369E-05 0.0059087 9.99369E-05 9.99369E-05 0.0640881 9.99369E-05 0.00403206 0.15947 0.0251843
9.99101E-05 0.837641 9.99101E-05 9.99101E-05 9.99101E-05 9.99101E-05 9.99101E-05 0.0107385 0.111908 9.99101E-05 0.0387128 9.99101E-05 9.99101E-05 9.99101E-05
9.99189E-05 9.99189E-05 9.99189E-05 0.0978889 9.99189E-05 9.99189E-05 0.36132 9.99189E-05 9.99189E-05 9.99189E-05 0.0370737 9.99189E-05 0.423492 0.0793258
9.9901E-05 0.900199 9.9901E-05 9.9901E-05 9.9901E-05 0.00740303 9.9901E-05 9.9901E-05 0.0912994 9.9901E-05 9.9901E-05 9.9901E-05 9.9901E-05 9.9901E-05
9.99369E-05 9.99369E-05 9.99369E-05 0.0114076 9.99369E-05 9.99369E-05 0.345243 0.096024 0.0103611 9.99369E-05 0.0117967 9.99369E-05 0.0969671 0.427501
0.0248466 0.432017 9.9928E-05 0.204989 9.9928E-05 0.00083663 9.9928E-05 9.9928E-05 9.9928E-05 9.9928E-05 0.114186 9.9928E-05 0.222326 9.9928E-05
9.9892E-05 0.943703 9.9892E-05 9.9892E-05 9.9892E-05 9.9892E-05 9.9892E-05 9.9892E-05 9.9892E-05 9.9892E-05 9.9892E-05 9.9892E-05 0.0550984 9.9892E-05
0.938128 9.99102E-05 0.0338322 9.99102E-05 9.99102E-05 9.99102E-05 9.99102E-05 9.99102E-05 9.99102E-05 0.0109148 0.0161255 9.99102E-05 9.99102E-05 9.99102E-05
0.996453 9.98923E-05 9.98923E-05 9.98923E-05 9.98923E-05 9.98923E-05 9.98923E-05 9.98923E-05 9.98923E-05 0.002348 9.98923E-05 9.98923E-05 9.98923E-05 9.98923E-05
9.99369E-05 9.99369E-05 9.99369E-05 0.00514326 9.99369E-05 9.99369E-05 0.0255899 0.826184 9.99369E-05 9.99369E-05 0.0433926 0.0123102 0.0565534 0.0301268
0.930097 9.99101E-05 9.99101E-05 9.99101E-05 9.99101E-05 0.0325121 9.99101E-05 9.99101E-05 9.99101E-05 9.99101E-05 0.00110326 0.0352883 9.99101E-05 9.99101E-05
0.896212 9.99191E-05 9.99191E-05 9.99191E-05 0.00470543 9.99191E-05 0.0309718 0.0111827 9.99191E-05 9.99191E-05 9.99191E-05 0.0560292 9.99191E-05 9.99191E-05
0.347948 9.99192E-05 9.99192E-05 9.99192E-05 9.99192E-05 0.547369 9.99192E-05 9.99192E-05 0.0140692 9.99192E-05 9.99192E-05 0.0724413 9.99192E-05 0.0172731
0.0326429 9.98919E-05 9.98919E-05 9.98919E-05 9.98919E-05 0.966158 9.98919E-05 9.98919E-05 9.98919E-05 9.98919E-05 9.98919E-05 9.98919E-05 9.98919E-05 9.98919E-05
9.98834E-05 9.98834E-05 9.98834E-05 9.98834E-05 9.98834E-05 9.98834E-05 9.98834E-05 9.98834E-05 9.98834E-05 0.998702 9.98834E-05 9.98834E-05 9.98834E-05 9.98834E-05
0.82128 9.99012E-05 0.155978 9.99012E-05 9.99012E-05 0.0216432 9.99012E-05 9.99012E-05 9.99012E-05 9.99012E-05 9.99012E-05 9.99012E-05 9.99012E-05 9.99012E-05
9.99012E-05 9.99012E-05 0.210767 9.99012E-05 9.99012E-05 0.064762 9.99012E-05 9.99012E-05 9.99012E-05 9.99012E-05 9.99012E-05 0.723372 9.99012E-05 9.99012E-05
9.99367E-05 9.99367E-05 0.00519651 0.278902 9.99367E-05 0.0611341 9.99367E-05 0.524971 9.99367E-05 9.99367E-05 0.0996906 9.99367E-05 0.0150879 0.0143176
0.916946 9.99189E-05 0.0425134 0.0160599 9.99189E-05 0.0141559 9.99189E-05 9.99189E-05 9.99189E-05 9.99189E-05 9.99189E-05 9.99189E-05 9.99189E-05 0.00942608
0.00686291 9.99101E-05 0.0262285 0.000804669 9.99101E-05 9.99101E-05 9.99101E-05 9.99101E-05 9.99101E-05 9.99101E-05 9.99101E-05 9.99101E-05 9.99101E-05 0.965105
9.99279E-05 9.99279E-05 0.0434936 0.0109018 9.99279E-05 9.99279E-05 9.99279E-05 9.99279E-05 0.0339635 0.218134 9.99279E-05 9.99279E-05 0.595874 0.0968332
9.98919E-05 9.98919E-05 0.00359029 0.995211 9.98919E-05 9.98919E-05 9.98919E-05 9.98919E-05 9.98919E-05 9.98919E-05 9.98919E-05 9.98919E-05 9.98919E-05 9.98919E-05
0.0690563 9.99368E-05 9.99368E-05 0.193703 9.99368E-05 9.99368E-05 0.336298 9.99368E-05 0.0152929 0.00104549 9.99368E-05 9.99368E-05 0.181289 0.202616
0.0369895 9.99458E-05 9.99458E-05 0.123272 9.99458E-05 9.99458E-05 0.311809 9.99458E-05 0.0173305 0.0360552 0.00908562 9.99458E-05 0.207437 0.257422
9.99099E-05 9.99099E-05 9.99099E-05 0.048609 9.99099E-05 9.99099E-05 0.0279634 9.99099E-05 9.99099E-05 9.99099E-05 9.99099E-05 9.99099E-05 0.881881 0.0405475
9.9919E-05 9.9919E-05 9.9919E-05 9.9919E-05 0.0931775 9.9919E-05 0.856804 0.0411607 0.00106207 9.9919E-05 9.9919E-05 9.9919E-05 9.9919E-05 0.00689634
9.991E-05 9.991E-05 9.991E-05 0.0195326 9.991E-05 0.00430435 9.991E-05 0.0361059 9.991E-05 9.991E-05 9.991E-05 9.991E-05 0.939058 9.991E-05
9.9937E-05 0.130509 9.9937E-05 9.9937E-05 9.9937E-05 9.9937E-05 0.118433 0.156172 9.9937E-05 0.0815596 0.079713 9.9937E-05 0.392153 0.0407606
0.0798086 9.996E-05 0.0123187 0.0265845 9.996E-05 0.00188776 0.181898 9.996E-05 0.0869896 0.0285206 0.00394799 9.996E-05 0.473383 0.104261
0.0116707 9.9964E-05 9.9964E-05 0.279007 0.0439579 0.0646467 9.9964E-05 0.142602 0.0203413 0.00975953 9.9964E-05 0.0236177 0.181583 0.222415
9.98927E-05 0.00940239 9.98927E-05 9.98927E-05 9.98927E-05 9.98927E-05 9.98927E-05 9.98927E-05 9.98927E-05 9.98927E-05 9.98927E-05 9.98927E-05 9.98927E-05 0.989399
9.98831E-05 9.98831E-05 9.98831E-05 9.98831E-05 9.98831E-05 9.98831E-05 9.98831E-05 9.98831E-05 9.98831E-05 9.98831E-05 9.98831E-05 0.998702 9.98831E-05 9.98831E-05
9.98832E-05 9.98832E-05 9.98832E-05 9.98832E-05 9.98832E-05 9.98832E-05 9.98832E-05 9.98832E-05 9.98832E-05 9.98832E-05 9.98832E-05 0.998702 9.98832E-05 9.98832E-05
9.98832E-05 9.98832E-05 9.98832E-05 9.98832E-05 9.98832E-05 9.98832E-05 9.98832E-05 9.98832E-05 9.98832E-05 9.98832E-05 9.98832E-05 0.998702 9.98832E-05 9.98832E-05
9.98832E-05 9.98832E-05 9.98832E-05 9.98832E-05 9.98832E-05 9.98832E-05 9.98832E-05 9.98832E-05 9.98832E-05 9.98832E-05 9.98832E-05 0.998702 9.98832E-05 9.98832E-05
0.0116711 9.98922E-05 9.98922E-05 9.98922E-05 9.98922E-05 9.98922E-05 9.98922E-05 9.98922E-05 9.98922E-05 9.98922E-05 9.98922E-05 0.98713 9.98922E-05 9.98922E-05
0.0062862 0.0200269 0.036926 9.99372E-05 0.0517061 0.428283 0.0940099 9.99372E-05 9.99372E-05 9.99372E-05 9.99372E-05 0.362062 9.99372E-05 9.99372E-05
9.9901E-05 9.9901E-05 9.9901E-05 9.9901E-05 9.9901E-05 9.9901E-05 9.9901E-05 9.9901E-05 9.9901E-05 0.107351 9.9901E-05 0.888963 9.9901E-05 0.00258708
9.9901E-05 9.9901E-05 9.9901E-05 9.9901E-05 9.9901E-05 9.9901E-05 0.141497 0.0141098 9.9901E-05 9.9901E-05 9.9901E-05 9.9901E-05 9.9901E-05 0.843295
0.00837938 9.9928E-05 9.9928E-05 9.9928E-05 0.0290211 9.9928E-05 0.00774386 9.9928E-05 9.9928E-05 0.89869 0.00343053 0.0519356 9.9928E-05 9.9928E-05
0.977049 9.98919E-05 9.98919E-05 0.0217521 9.98919E-05 9.98919E-05 9.98919E-05 9.98919E-05 9.98919E-05 9.98919E-05 9.98919E-05 9.98919E-05 9.98919E-05 9.98919E-05
9.99101E-05 9.99101E-05 9.99101E-05 9.99101E-05 9.99101E-05 9.99101E-05 0.139248 0.826651 9.99101E-05 9.99101E-05 0.0218548 9.99101E-05 9.99101E-05 0.0112473
9.98923E-05 9.98923E-05 9.98923E-05 9.98923E-05 9.98923E-05 9.98923E-05 0.935983 0.0628183 9.98923E-05 9.98923E-05 9.98923E-05 9.98923E-05 9.98923E-05 9.98923E-05
9.99013E-05 9.99013E-05 0.00623232 9.99013E-05 0.0235778 9.99013E-05 9.99013E-05 0.969091 9.99013E-05 9.99013E-05 9.99013E-05 9.99013E-05 9.99013E-05 9.99013E-05
9.98918E-05 9.98918E-05 9.98918E-05 9.98918E-05 9.98918E-05 9.98918E-05 9.98918E-05 0.871192 9.98918E-05 9.98918E-05 9.98918E-05 9.98918E-05 0.127609 9.98918E-05
9.99099E-05 9.99099E-05 9.99099E-05 0.000667661 9.99099E-05 9.99099E-05 9.99099E-05 0.883606 9.99099E-05 9.99099E-05 0.0448685 9.99099E-05 0.0698585 9.99099E-05
9.98831E-05 9.98831E-05 9.98831E-05 9.98831E-05 9.98831E-05 9.98831E-05 9.98831E-05 9.98831E-05 0.998702 9.98831E-05 9.98831E-05 9.98831E-05 9.98831E-05 9.98831E-05
0.99016 9.98925E-05 9.98925E-05 9.98925E-05 9.98925E-05 9.98925E-05 9.98925E-05 9.98925E-05 9.98925E-05 9.98925E-05 0.00864088 9.98925E-05 9.98925E-05 9.98925E-05
0.116383 0.0738123 0.15603 0.0159475 9.9973E-05 0.0712094 0.321895 0.077881 9.9973E-05 0.0505863 0.00628438 0.0524601 9.9973E-05 0.0572109
0.858935 9.99103E-05 0.122395 9.99103E-05 9.99103E-05 9.99103E-05 0.0158906 0.00178049 9.99103E-05 9.99103E-05 9.99103E-05 9.99103E-05 9.99103E-05 9.99103E-05
0.839465 9.9928E-05 9.9928E-05 0.0553913 0.00210981 0.0533864 9.9928E-05 9.9928E-05 9.9928E-05 9.9928E-05 9.9928E-05 0.0375136 9.9928E-05 0.011334
0.856393 9.9928E-05 0.0190482 9.9928E-05 0.021968 0.0506166 0.0355125 9.9928E-05 9.9928E-05 9.9928E-05 9.9928E-05 0.0156628 9.9928E-05 9.9928E-05
0.888478 9.99281E-05 9.99281E-05 9.99281E-05 0.0402164 0.0383712 0.0104374 9.99281E-05 0.0147323 9.99281E-05 9.99281E-05 9.99281E-05 9.99281E-05 0.00696541
0.682377 9.99281E-05 0.0162751 9.99281E-05 0.00244864 0.256859 9.99281E-05 9.99281E-05 9.99281E-05 9.99281E-05 9.99281E-05 9.99281E-05 0.0114285 0.0298129
0.958334 9.991E-05 0.0203259 0.0140098 9.991E-05 9.991E-05 9.991E-05 9.991E-05 9.991E-05 9.991E-05 9.991E-05 0.00633092 9.991E-05 9.991E-05
9.98919E-05 9.98919E-05 0.943046 9.98919E-05 9.98919E-05 9.98919E-05 9.98919E-05 9.98919E-05 9.98919E-05 9.98919E-05 9.98919E-05 0.0557557 9.98919E-05 9.98919E-05
9.99009E-05 9.99009E-05 0.971172 9.99009E-05 0.0242869 9.99009E-05 9.99009E-05 9.99009E-05 0.0034418 9.99009E-05 9.99009E-05 9.99009E-05 9.99009E-05 9.99009E-05
0.958191 0.00415873 9.99102E-05 9.99102E-05 9.99102E-05 9.99102E-05 0.033123 9.99102E-05 9.99102E-05 9.99102E-05 0.00352858 9.99102E-05 9.99102E-05 9.99102E-05
9.99009E-05 9.99009E-05 0.00438701 9.99009E-05 9.99009E-05 0.00524959 0.989264 9.99009E-05 9.99009E-05 9.99009E-05 9.99009E-05 9.99009E-05 9.99009E-05 9.99009E-05
9.9892E-05 9.9892E-05 9.9892E-05 9.9892E-05 9.9892E-05 9.9892E-05 0.986528 9.9892E-05 9.9892E-05 9.9892E-05 9.9892E-05 0.0122729 9.9892E-05 9.9892E-05
9.98832E-05 9.98832E-05 9.98832E-05 9.98832E-05 9.98832E-05 9.98832E-05 9.98832E-05 9.98832E-05 9.98832E-05 9.98832E-05 0.998702 9.98832E-05 9.98832E-05 9.98832E-05
9.98922E-05 9.98922E-05 9.98922E-05 9.98922E-05 9.98922E-05 9.98922E-05 9.98922E-05 0.00783293 9.98922E-05 9.98922E-05 0.990968 9.98922E-05 9.98922E-05 9.98922E-05
0.00213894 9.99279E-05 9.99279E-05 9.99279E-05 9.99279E-05 9.99279E-05 0.0646738 0.0125249 9.99279E-05 0.0667134 9.99279E-05 9.99279E-05 0.823149 0.03
9.99279E-05 9.99279E-05 0.000594758 9.99279E-05 9.99279E-05 9.99279E-05 0.117602 0.049207 9.99279E-05 0.0237917 9.99279E-05 9.99279E-05 0.785994 0.0220104
9.98923E-05 9.98923E-05 0.0144854 9.98923E-05 9.98923E-05 9.98923E-05 9.98923E-05 9.98923E-05 9.98923E-05 9.98923E-05 0.984316 9.98923E-05 9.98923E-05 9.98923E-05
9.98921E-05 9.98921E-05 9.98921E-05 9.98921E-05 9.98921E-05 9.98921E-05 9.98921E-05 9.98921E-05 9.98921E-05 9.98921E-05 0.991942 9.98921E-05 9.98921E-05 0.006859
9.99009E-05 9.99009E-05 9.99009E-05 9.99009E-05 9.99009E-05 9.99009E-05 0.0138721 0.0679085 9.99009E-05 9.99009E-05 9.99009E-05 9.99009E-05 9.99009E-05 0.91712
9.99459E-05 0.0476324 9.99459E-05 9.99459E-05 0.163058 9.99459E-05 0.430005 0.152665 0.0373657 0.04836 9.99459E-05 9.99459E-05 0.0804864 0.0398277
9.9901E-05 9.9901E-05 9.9901E-05 9.9901E-05 0.0438294 9.9901E-05 9.9901E-05 9.9901E-05 9.9901E-05 0.900775 9.9901E-05 0.0542968 9.9901E-05 9.9901E-05
0.0342701 0.0895499 9.99373E-05 0.348957 9.99373E-05 9.99373E-05 9.99373E-05 0.287341 9.99373E-05 9.99373E-05 0.0203102 0.0141619 0.20471 9.99373E-05
9.99192E-05 0.0483554 9.99192E-05 0.46548 9.99192E-05 9.99192E-05 9.99192E-05 0.299365 9.99192E-05 9.99192E-05 0.110196 9.99192E-05 9.99192E-05 0.0757039
9.9883E-05 9.9883E-05 9.9883E-05 9.9883E-05 9.9883E-05 0.998702 9.9883E-05 9.9883E-05 9.9883E-05 9.9883E-05 9.9883E-05 9.9883E-05 9.9883E-05 9.9883E-05
