9.99008E-05 9.99008E-05 9.99008E-05 9.99008E-05 9.99008E-05 9.99008E-05 9.99008E-05 9.99008E-05 9.99008E-05 0.0814564 0.00935356 9.99008E-05 0.908091 9.99008E-05
9.99279E-05 0.00499713 9.99279E-05 9.99279E-05 9.99279E-05 9.99279E-05 0.145917 0.748903 9.99279E-05 0.00822865 9.99279E-05 0.0488745 0.0422808 9.99279E-05
0.284091 9.99375E-05 0.0270336 0.143642 9.99375E-05 0.0477767 0.441275 9.99375E-05 9.99375E-05 9.99375E-05 0.0317874 9.99375E-05 9.99375E-05 0.0236941
9.991E-05 9.991E-05 9.991E-05 0.0699969 0.0246668 9.991E-05 0.895399 9.991E-05 9.991E-05 9.991E-05 0.00893789 9.991E-05 9.991E-05 9.991E-05
9.99461E-05 9.99461E-05 9.99461E-05 9.99461E-05 0.0580641 9.99461E-05 0.314807 0.148535 0.133896 0.0357458 9.99461E-05 0.0597341 0.0209373 0.227681
9.9901E-05 9.9901E-05 9.9901E-05 9.9901E-05 9.9901E-05 9.9901E-05 0.957275 9.9901E-05 0.0335863 9.9901E-05 9.9901E-05 0.00803946 9.9901E-05 9.9901E-05
9.9883E-05 9.9883E-05 9.9883E-05 9.9883E-05 9.9883E-05 9.9883E-05 9.9883E-05 9.9883E-05 9.9883E-05 9.9883E-05 9.9883E-05 9.9883E-05 9.9883E-05 0.998702
0.389351 9.99369E-05 9.99369E-05 0.0649749 0.0709603 9.99369E-05 0.00404586 0.12478 0.276639 0.068549 9.99369E-05 9.99369E-05 9.99369E-05 9.99369E-05
9.9892E-05 9.9892E-05 9.9892E-05 9.9892E-05 9.9892E-05 9.9892E-05 9.9892E-05 0.0455981 9.9892E-05 9.9892E-05 9.9892E-05 9.9892E-05 9.9892E-05 0.953203
9.9892E-05 9.9892E-05 9.9892E-05 9.9892E-05 9.9892E-05 9.9892E-05 9.9892E-05 9.9892E-05 9.9892E-05 0.83075 9.9892E-05 9.9892E-05 9.9892E-05 0.168051
9.98921E-05 9.98921E-05 9.98921E-05 9.98921E-05 9.98921E-05 9.98921E-05 9.98921E-05 9.98921E-05 9.98921E-05 0.864136 9.98921E-05 9.98921E-05 9.98921E-05 0.134665
0.0120299 0.0144854 9.9928E-05 0.0232099 9.9928E-05 0.157423 9.9928E-05 9.9928E-05 9.9928E-05 9.9928E-05 0.130972 9.9928E-05 0.66108 9.9928E-05
0.0369104 9.99012E-05 9.99012E-05 9.99012E-05 9.99012E-05 0.946784 9.99012E-05 9.99012E-05 0.015207 9.99012E-05 9.99012E-05 9.99012E-05 9.99012E-05 9.99012E-05
9.99101E-05 9.99101E-05 0.0095339 9.99101E-05 9.99101E-05 9.99101E-05 0.971112 0.0109841 9.99101E-05 9.99101E-05 9.99101E-05 0.00737122 9.99101E-05 9.99101E-05
9.98921E-05 9.98921E-05 9.98921E-05 9.98921E-05 9.98921E-05 9.98921E-05 0.984395 9.98921E-05 9.98921E-05 9.98921E-05 9.98921E-05 9.98921E-05 0.0144065 9.98921E-05
9.98921E-05 0.852936 9.98921E-05 9.98921E-05 9.98921E-05 0.145865 9.98921E-05 9.98921E-05 9.98921E-05 9.98921E-05 9.98921E-05 9.98921E-05 9.98921E-05 9.98921E-05
9.98918E-05 9.98918E-05 9.98918E-05 9.98918E-05 9.98918E-05 9.98918E-05 9.98918E-05 9.98918E-05 9.98918E-05 0.0822127 9.98918E-05 0.916589 9.98918E-05 9.98918E-05
9.99279E-05 0.0684267 0.708701 9.99279E-05 0.0334101 9.99279E-05 9.99279E-05 0.065176 9.99279E-05 0.104909 9.99279E-05 9.99279E-05 0.0185774 9.99279E-05
9.98921E-05 9.98921E-05 0.909823 9.98921E-05 9.98921E-05 9.98921E-05 9.98921E-05 9.98921E-05 9.98921E-05 9.98921E-05 0.0889784 9.98921E-05 9.98921E-05 9.98921E-05
9.99189E-05 0.32193 9.99189E-05 9.99189E-05 9.99189E-05 9.99189E-05 9.99189E-05 9.99189E-05 9.99189E-05 0.470786 0.032811 0.077825 0.0957491 9.99189E-05
9.98831E-05 9.98831E-05 0.998702 9.98831E-05 9.98831E-05 9.98831E-05 9.98831E-05 9.98831E-05 9.98831E-05 9.98831E-05 9.98831E-05 9.98831E-05 9.98831E-05 9.98831E-05
9.99279E-05 0.316647 9.99279E-05 9.99279E-05 9.99279E-05 0.0730484 9.99279E-05 0.0124905 9.99279E-05 0.0331578 9.99279E-05 0.051711 0.512146 9.99279E-05
9.9919E-05 9.9919E-05 0.367851 9.9919E-05 9.9919E-05 9.9919E-05 9.9919E-05 9.9919E-05 0.0198518 0.197145 0.16514 0.249114 9.9919E-05 9.9919E-05
9.9901E-05 9.9901E-05 0.889142 9.9901E-05 9.9901E-05 9.9901E-05 9.9901E-05 9.9901E-05 9.9901E-05 0.0566913 0.0530682 9.9901E-05 9.9901E-05 9.9901E-05
9.98923E-05 9.98923E-05 9.98923E-05 0.742915 9.98923E-05 9.98923E-05 0.255887 9.98923E-05 9.98923E-05 9.98923E-05 9.98923E-05 9.98923E-05 9.98923E-05 9.98923E-05
9.98921E-05 9.98921E-05 9.98921E-05 0.261436 9.98921E-05 9.98921E-05 0.737366 9.98921E-05 9.98921E-05 9.98921E-05 9.98921E-05 9.98921E-05 9.98921E-05 9.98921E-05
9.99188E-05 9.99188E-05 9.99188E-05 9.99188E-05 9.99188E-05 0.79641 9.99188E-05 9.99188E-05 9.99188E-05 0.0958735 0.0335878 0.0161066 0.0571229 9.99188E-05
9.98921E-05 9.98921E-05 9.98921E-05 0.995899 0.00290279 9.98921E-05 9.98921E-05 9.98921E-05 9.98921E-05 9.98921E-05 9.98921E-05 9.98921E-05 9.98921E-05 9.98921E-05
9.98921E-05 9.98921E-05 9.98921E-05 0.988824 0.00997775 9.98921E-05 9.98921E-05 9.98921E-05 9.98921E-05 9.98921E-05 9.98921E-05 9.98921E-05 9.98921E-05 9.98921E-05
9.99282E-05 9.99282E-05 9.99282E-05 0.120547 0.0479281 0.00312329 0.17608 9.99282E-05 0.618002 9.99282E-05 9.99282E-05 9.99282E-05 0.0335207 9.99282E-05
9.98918E-05 9.98918E-05 9.98918E-05 9.98918E-05 9.98918E-05 9.98918E-05 0.073244 9.98918E-05 0.925557 9.98918E-05 9.98918E-05 9.98918E-05 9.98918E-05 9.98918E-05
9.98833E-05 9.98833E-05 9.98833E-05 9.98833E-05 9.98833E-05 9.98833E-05 9.98833E-05 0.998702 9.98833E-05 9.98833E-05 9.98833E-05 9.98833E-05 9.98833E-05 9.98833E-05
0.186348 9.9901E-05 9.9901E-05 0.340767 9.9901E-05 9.9901E-05 0.471787 9.9901E-05 9.9901E-05 9.9901E-05 9.9901E-05 9.9901E-05 9.9901E-05 9.9901E-05
0.202867 9.99192E-05 9.99192E-05 9.99192E-05 0.679489 9.99192E-05 9.99192E-05 0.0131116 0.0661881 9.99192E-05 0.0374451 9.99192E-05 9.99192E-05 9.99192E-05
0.00711912 9.99367E-05 9.99367E-05 9.99367E-05 9.99367E-05 0.487023 9.99367E-05 9.99367E-05 0.0507 0.0560433 0.0659788 0.297772 0.0346648 9.99367E-05
0.0164574 9.99189E-05 9.99189E-05 0.603143 9.99189E-05 9.99189E-05 0.344293 9.99189E-05 9.99189E-05 9.99189E-05 0.00437858 0.0308282 9.99189E-05 9.99189E-05
0.0376195 9.9901E-05 9.9901E-05 9.9901E-05 9.9901E-05 9.9901E-05 9.9901E-05 9.9901E-05 9.9901E-05 9.9901E-05 9.9901E-05 0.014089 0.947193 9.9901E-05
0.0934406 9.99279E-05 9.99279E-05 9.99279E-05 9.99279E-05 9.99279E-05 0.00273328 0.160472 9.99279E-05 0.6491 9.99279E-05 0.00699348 0.0864606 9.99279E-05
9.98828E-05 9.98828E-05 9.98828E-05 9.98828E-05 9.98828E-05 9.98828E-05 9.98828E-05 9.98828E-05 9.98828E-05 9.98828E-05 9.98828E-05 0.998702 9.98828E-05 9.98828E-05
9.99188E-05 0.36193 9.99188E-05 9.99188E-05 9.99188E-05 9.99188E-05 0.117233 9.99188E-05 9.99188E-05 0.207889 9.99188E-05 0.136228 0.175821 9.99188E-05
9.99278E-05 0.355372 0.00335547 9.99278E-05 9.99278E-05 9.99278E-05 0.0785264 9.99278E-05 9.99278E-05 0.208323 9.99278E-05 0.115848 0.237776 9.99278E-05
9.99099E-05 0.0350045 9.99099E-05 9.99099E-05 9.99099E-05 9.99099E-05 9.99099E-05 9.99099E-05 9.99099E-05 0.923129 9.99099E-05 0.00555015 0.0353173 9.99099E-05
9.99189E-05 0.798323 9.99189E-05 9.99189E-05 9.99189E-05 0.0676913 9.99189E-05 9.99189E-05 9.99189E-05 0.00105957 9.99189E-05 9.99189E-05 0.0523792 0.0796478
9.9928E-05 9.9928E-05 9.9928E-05 0.00160418 9.9928E-05 0.0184996 9.9928E-05 9.9928E-05 0.0105602 0.915754 9.9928E-05 0.047906 0.00487615 9.9928E-05
9.99279E-05 0.0899202 0.119213 9.99279E-05 9.99279E-05 0.184006 9.99279E-05 0.0629153 9.99279E-05 0.436488 0.106657 9.99279E-05 9.99279E-05 9.99279E-05
9.9955E-05 0.201905 0.044483 9.9955E-05 9.9955E-05 0.0355951 0.0484988 0.0164573 0.0533364 0.485842 0.011817 9.9955E-05 0.101566 9.9955E-05
9.99369E-05 9.99369E-05 9.99369E-05 9.99369E-05 0.00689949 0.0853516 9.99369E-05 9.99369E-05 0.141118 0.188763 9.99369E-05 0.28253 0.223687 0.0709517
9.98838E-05 9.98838E-05 9.98838E-05 9.98838E-05 9.98838E-05 9.98838E-05 9.98838E-05 9.98838E-05 9.98838E-05 9.98838E-05 9.98838E-05 9.98838E-05 0.998702 9.98838E-05
9.98831E-05 9.98831E-05 9.98831E-05 9.98831E-05 0.998702 9.98831E-05 9.98831E-05 9.98831E-05 9.98831E-05 9.98831E-05 9.98831E-05 9.98831E-05 9.98831E-05 9.98831E-05
9.98832E-05 9.98832E-05 9.98832E-05 9.98832E-05 0.998702 9.98832E-05 9.98832E-05 9.98832E-05 9.98832E-05 9.98832E-05 9.98832E-05 9.98832E-05 9.98832E-05 9.98832E-05
9.98832E-05 9.98832E-05 9.98832E-05 9.98832E-05 0.998702 9.98832E-05 9.98832E-05 9.98832E-05 9.98832E-05 9.98832E-05 9.98832E-05 9.98832E-05 9.98832E-05 9.98832E-05
9.98832E-05 9.98832E-05 9.98832E-05 9.98832E-05 0.998702 9.98832E-05 9.98832E-05 9.98832E-05 9.98832E-05 9.98832E-05 9.98832E-05 9.98832E-05 9.98832E-05 9.98832E-05
9.98921E-05 9.98921E-05 9.98921E-05 9.98921E-05 0.984533 9.98921E-05 9.98921E-05 9.98921E-05 0.0142687 9.98921E-05 9.98921E-05 9.98921E-05 9.98921E-05 9.98921E-05
0.111961 0.0339882 0.0160544 0.00508274 0.377159 9.99731E-05 0.0236559 0.0301355 0.294379 0.0451432 9.99731E-05 9.99731E-05 0.00723489 0.054906
9.99011E-05 9.99011E-05 9.99011E-05 9.99011E-05 0.922801 9.99011E-05 9.99011E-05 0.0691499 9.99011E-05 0.00695025 9.99011E-05 9.99011E-05 9.99011E-05 9.99011E-05
9.99099E-05 0.141914 9.99099E-05 9.99099E-05 9.99099E-05 0.0241958 9.99099E-05 9.99099E-05 9.99099E-05 9.99099E-05 9.99099E-05 9.99099E-05 0.827395 0.00549674
9.99099E-05 9.99099E-05 9.99099E-05 0.0280685 0.0245987 9.99099E-05 9.99099E-05 0.913692 9.99099E-05 9.99099E-05 9.99099E-05 9.99099E-05 9.99099E-05 0.0326416
9.99009E-05 9.99009E-05 9.99009E-05 0.452599 9.99009E-05 9.99009E-05 0.537287 9.99009E-05 9.99009E-05 9.99009E-05 9.99009E-05 0.00901461 9.99009E-05 9.99009E-05
9.991E-05 0.113003 9.991E-05 9.991E-05 9.991E-05 0.808078 9.991E-05 9.991E-05 9.991E-05 9.991E-05 0.0115494 9.991E-05 0.0663704 9.991E-05
9.98924E-05 0.931611 9.98924E-05 9.98924E-05 9.98924E-05 0.0671902 9.98924E-05 9.98924E-05 9.98924E-05 9.98924E-05 9.98924E-05 9.98924E-05 9.98924E-05 9.98924E-05
0.0300144 9.98924E-05 9.98924E-05 9.98924E-05 9.98924E-05 0.968787 9.98924E-05 9.98924E-05 9.98924E-05 9.98924E-05 9.98924E-05 9.98924E-05 9.98924E-05 9.98924E-05
9.98919E-05 9.98919E-05 9.98919E-05 9.98919E-05 9.98919E-05 0.863288 9.98919E-05 9.98919E-05 9.98919E-05 0.135513 9.98919E-05 9.98919E-05 9.98919E-05 9.98919E-05
9.99098E-05 9.99098E-05 9.99098E-05 9.99098E-05 9.99098E-05 0.820096 9.99098E-05 9.99098E-05 9.99098E-05 0.0983713 0.0463963 0.0341369 9.99098E-05 9.99098E-05
9.99013E-05 9.99013E-05 0.901515 9.99013E-05 0.0122005 9.99013E-05 9.99013E-05 9.99013E-05 9.99013E-05 9.99013E-05 9.99013E-05 9.99013E-05 0.0851856 9.99013E-05
9.99104E-05 0.00289318 9.99104E-05 0.726118 9.99104E-05 9.99104E-05 0.26213 9.99104E-05 9.99104E-05 9.99104E-05 0.00785938 9.99104E-05 9.99104E-05 9.99104E-05
0.063762 0.0597313 9.995E-05 0.227554 9.995E-05 0.151123 0.132805 9.995E-05 0.0371833 0.0573993 0.0938486 9.995E-05 0.176094 9.995E-05
0.0711359 9.99014E-05 9.99014E-05 9.99014E-05 9.99014E-05 0.0160574 0.911708 9.99014E-05 9.99014E-05 9.99014E-05 9.99014E-05 9.99014E-05 9.99014E-05 9.99014E-05
9.9937E-05 9.9937E-05 9.9937E-05 0.353578 0.00200153 9.9937E-05 0.549453 9.9937E-05 0.0371247 9.9937E-05 9.9937E-05 0.0301319 0.00892173 0.0180898
0.00039755 0.00809535 9.9919E-05 0.947593 0.0263082 9.9919E-05 9.9919E-05 0.0167071 9.9919E-05 9.9919E-05 9.9919E-05 9.9919E-05 9.9919E-05 9.9919E-05
9.98922E-05 9.98922E-05 0.0023327 0.996469 9.98922E-05 9.98922E-05 9.98922E-05 9.98922E-05 9.98922E-05 9.98922E-05 9.98922E-05 9.98922E-05 9.98922E-05 9.98922E-05
9.99191E-05 9.99191E-05 9.99191E-05 0.189031 9.99191E-05 9.99191E-05 0.572287 9.99191E-05 0.201385 0.0284585 9.99191E-05 0.00793884 9.99191E-05 9.99191E-05
9.99009E-05 9.99009E-05 9.99009E-05 0.496396 9.99009E-05 9.99009E-05 0.47664 9.99009E-05 9.99009E-05 9.99009E-05 9.99009E-05 0.0258654 9.99009E-05 9.99009E-05
0.989979 9.9892E-05 9.9892E-05 9.9892E-05 0.00882185 9.9892E-05 9.9892E-05 9.9892E-05 9.9892E-05 9.9892E-05 9.9892E-05 9.9892E-05 9.9892E-05 9.9892E-05
0.974806 9.99009E-05 9.99009E-05 9.99009E-05 9.99009E-05 0.0218031 9.99009E-05 9.99009E-05 9.99009E-05 9.99009E-05 9.99009E-05 9.99009E-05 9.99009E-05 0.00229223
9.99191E-05 0.0189738 9.99191E-05 0.1426 0.0344772 9.99191E-05 0.793063 9.99191E-05 9.99191E-05 9.99191E-05 9.99191E-05 9.99191E-05 9.99191E-05 0.00998663
9.9892E-05 0.983098 9.9892E-05 9.9892E-05 0.0157034 9.9892E-05 9.9892E-05 9.9892E-05 9.9892E-05 9.9892E-05 9.9892E-05 9.9892E-05 9.9892E-05 9.9892E-05
9.9901E-05 0.982769 9.9901E-05 9.9901E-05 0.0119123 9.9901E-05 9.9901E-05 9.9901E-05 9.9901E-05 9.9901E-05 9.9901E-05 9.9901E-05 9.9901E-05 0.00422002
9.98921E-05 9.98921E-05 9.98921E-05 9.98921E-05 9.98921E-05 9.98921E-05 9.98921E-05 9.98921E-05 9.98921E-05 9.98921E-05 0.993554 9.98921E-05 0.00524762 9.98921E-05
9.98832E-05 9.98832E-05 9.98832E-05 9.98832E-05 9.98832E-05 9.98832E-05 9.98832E-05 9.98832E-05 9.98832E-05 9.98832E-05 0.998702 9.98832E-05 9.98832E-05 9.98832E-05
9.99279E-05 0.123804 9.99279E-05 9.99279E-05 9.99279E-05 0.0314224 0.00326006 0.0654291 9.99279E-05 0.772849 9.99279E-05 9.99279E-05 0.00243587 9.99279E-05
9.9919E-05 0.104005 9.9919E-05 9.9919E-05 9.9919E-05 0.0674644 9.9919E-05 0.05328 9.9919E-05 0.770491 9.9919E-05 9.9919E-05 0.00385949 9.9919E-05
0.0149051 9.99011E-05 9.99011E-05 9.99011E-05 9.99011E-05 9.99011E-05 9.99011E-05 9.99011E-05 9.99011E-05 0.0258595 0.958137 9.99011E-05 9.99011E-05 9.99011E-05
9.98831E-05 9.98831E-05 9.98831E-05 9.98831E-05 9.98831E-05 9.98831E-05 9.98831E-05 9.98831E-05 9.98831E-05 9.98831E-05 0.998702 9.98831E-05 9.98831E-05 9.98831E-05
9.99099E-05 0.00233891 9.99099E-05 9.99099E-05 0.00698331 0.047626 9.99099E-05 9.99099E-05 9.99099E-05 9.99099E-05 9.99099E-05 9.99099E-05 0.942053 9.99099E-05
9.99369E-05 0.457522 0.104244 9.99369E-05 9.99369E-05 0.118905 9.99369E-05 0.0474191 9.99369E-05 0.0959323 9.99369E-05 9.99369E-05 0.0360501 0.139228
9.9901E-05 9.9901E-05 9.9901E-05 9.9901E-05 0.0589068 9.9901E-05 9.9901E-05 0.863073 9.9901E-05 9.9901E-05 9.9901E-05 9.9901E-05 9.9901E-05 0.0769211
9.99283E-05 9.99283E-05 0.0697604 9.99283E-05 9.99283E-05 0.211043 0.004246 9.99283E-05 9.99283E-05 0.175314 0.0989774 0.43986 9.99283E-05 9.99283E-05
9.99192E-05 9.99192E-05 0.0214038 9.99192E-05 9.99192E-05 0.271819 9.99192E-05 9.99192E-05 9.99192E-05 9.99192E-05 0.130585 0.498477 0.076816 9.99192E-05
9.9883E-05 9.9883E-05 9.9883E-05 9.9883E-05 9.9883E-05 9.9883E-05 9.9883E-05 9.9883E-05 0.998702 9.9883E-05 9.9883E-05 9.9883E-05 9.9883E-05 9.9883E-05
