0.959384 0.0176054 9.98739E-05 9.98739E-05 9.98739E-05 9.98739E-05 9.98739E-05 9.98739E-05 9.98739E-05 0.0132194 9.98739E-05 9.98739E-05 9.98739E-05 0.00389892 9.98739E-05 0.00449418 9.98739E-05 9.98739E-05 9.98739E-05
9.9856E-05 9.9856E-05 9.9856E-05 9.9856E-05 9.9856E-05 9.9856E-05 9.9856E-05 9.9856E-05 0.220451 9.9856E-05 9.9856E-05 0.637874 9.9856E-05 9.9856E-05 9.9856E-05 9.9856E-05 9.9856E-05 9.9856E-05 0.140077
9.98383E-05 9.98383E-05 9.98383E-05 9.98383E-05 9.98383E-05 0.998203 9.98383E-05 9.98383E-05 9.98383E-05 9.98383E-05 9.98383E-05 9.98383E-05 9.98383E-05 9.98383E-05 9.98383E-05 9.98383E-05 9.98383E-05 9.98383E-05 9.98383E-05
9.98741E-05 9.98741E-05 9.98741E-05 9.98741E-05 0.0033715 9.98741E-05 0.0565859 9.98741E-05 9.98741E-05 9.98741E-05 9.98741E-05 9.98741E-05 9.98741E-05 9.98741E-05 9.98741E-05 9.98741E-05 0.0095537 0.0218986 0.907192
9.99101E-05 9.99101E-05 9.99101E-05 0.00673632 0.074424 0.0458683 9.99101E-05 9.99101E-05 0.0228562 9.99101E-05 0.150612 0.0542997 9.99101E-05 0.231108 9.99101E-05 9.99101E-05 9.99101E-05 0.00870919 0.404387
9.98741E-05 0.0177682 9.98741E-05 0.00756762 9.98741E-05 9.98741E-05 9.98741E-05 9.98741E-05 9.98741E-05 9.98741E-05 9.98741E-05 9.98741E-05 9.98741E-05 9.98741E-05 0.00357456 9.98741E-05 9.98741E-05 0.00526721 0.964424
9.9838E-05 9.9838E-05 9.9838E-05 9.9838E-05 9.9838E-05 9.9838E-05 9.9838E-05 9.9838E-05 9.9838E-05 9.9838E-05 0.998203 9.9838E-05 9.9838E-05 9.9838E-05 9.9838E-05 9.9838E-05 9.9838E-05 9.9838E-05 9.9838E-05
9.99191E-05 0.0673487 9.99191E-05 9.99191E-05 0.203962 0.0169066 0.391274 9.99191E-05 9.99191E-05 9.99191E-05 0.12274 0.105219 9.99191E-05 0.0223839 9.99191E-05 0.0454761 9.99191E-05 0.00960376 0.0141861
9.98649E-05 9.98649E-05 9.98649E-05 9.98649E-05 9.98649E-05 9.98649E-05 9.98649E-05 9.98649E-05 9.98649E-05 9.98649E-05 0.942819 0.0158623 9.98649E-05 9.98649E-05 9.98649E-05 0.00149568 9.98649E-05 0.0383254 9.98649E-05
9.98381E-05 9.98381E-05 9.98381E-05 9.98381E-05 9.98381E-05 9.98381E-05 9.98381E-05 9.98381E-05 9.98381E-05 9.98381E-05 9.98381E-05 9.98381E-05 9.98381E-05 0.998203 9.98381E-05 9.98381E-05 9.98381E-05 9.98381E-05 9.98381E-05
9.98381E-05 9.98381E-05 9.98381E-05 9.98381E-05 9.98381E-05 9.98381E-05 9.98381E-05 9.98381E-05 9.98381E-05 9.98381E-05 9.98381E-05 9.98381E-05 9.98381E-05 0.998203 9.98381E-05 9.98381E-05 9.98381E-05 9.98381E-05 9.98381E-05
0.639391 9.9892E-05 9.9892E-05 9.9892E-05 9.9892E-05 0.000334312 0.0199294 9.9892E-05 9.9892E-05 9.9892E-05 0.0100199 9.9892E-05 0.151352 9.9892E-05 0.0508085 9.9892E-05 0.126966 9.9892E-05 9.9892E-05
9.98654E-05 9.98654E-05 9.98654E-05 9.98654E-05 9.98654E-05 9.98654E-05 0.0159418 9.98654E-05 9.98654E-05 9.98654E-05 0.0349986 9.98654E-05 0.926054 9.98654E-05 9.98654E-05 9.98654E-05 9.98654E-05 0.0215072 9.98654E-05
9.98562E-05 9.98562E-05 9.98562E-05 0.0149068 9.98562E-05 9.98562E-05 9.98562E-05 9.98562E-05 9.98562E-05 9.98562E-05 9.98562E-05 9.98562E-05 9.98562E-05 9.98562E-05 0.0249113 9.98562E-05 9.98562E-05 9.98562E-05 0.958584
9.98471E-05 9.98471E-05 9.98471E-05 9.98471E-05 9.98471E-05 9.98471E-05 9.98471E-05 9.98471E-05 0.0233579 9.98471E-05 9.98471E-05 9.98471E-05 9.98471E-05 9.98471E-05 9.98471E-05 9.98471E-05 9.98471E-05 9.98471E-05 0.974945
9.98651E-05 9.98651E-05 0.807085 9.98651E-05 9.98651E-05 9.98651E-05 9.98651E-05 9.98651E-05 9.98651E-05 9.98651E-05 9.98651E-05 9.98651E-05 0.0790492 9.98651E-05 0.0779432 9.98651E-05 9.98651E-05 0.0344247 9.98651E-05
9.9865E-05 9.9865E-05 9.9865E-05 9.9865E-05 9.9865E-05 9.9865E-05 9.9865E-05 0.0035213 9.9865E-05 0.0111351 9.9865E-05 9.9865E-05 9.9865E-05 0.0712013 9.9865E-05 0.912644 9.9865E-05 9.9865E-05 9.9865E-05
9.98739E-05 0.126751 9.98739E-05 9.98739E-05 0.0312006 9.98739E-05 9.98739E-05 0.741924 0.0733713 9.98739E-05 9.98739E-05 0.0253548 9.98739E-05 9.98739E-05 9.98739E-05 9.98739E-05 9.98739E-05 9.98739E-05 9.98739E-05
9.98563E-05 9.98563E-05 9.98563E-05 0.0372202 9.98563E-05 9.98563E-05 9.98563E-05 0.902674 9.98563E-05 9.98563E-05 9.98563E-05 9.98563E-05 9.98563E-05 9.98563E-05 9.98563E-05 9.98563E-05 0.0585085 9.98563E-05 9.98563E-05
0.0878436 0.16458 0.327708 9.98918E-05 9.98918E-05 9.98918E-05 9.98918E-05 9.98918E-05 9.98918E-05 9.98918E-05 9.98918E-05 9.98918E-05 9.98918E-05 0.219966 0.157934 0.0353735 0.00539541 9.98918E-05 9.98918E-05
9.98382E-05 9.98382E-05 9.98382E-05 9.98382E-05 9.98382E-05 9.98382E-05 9.98382E-05 0.998203 9.98382E-05 9.98382E-05 9.98382E-05 9.98382E-05 9.98382E-05 9.98382E-05 9.98382E-05 9.98382E-05 9.98382E-05 9.98382E-05 9.98382E-05
0.445295 9.9892E-05 0.215799 9.9892E-05 9.9892E-05 9.9892E-05 9.9892E-05 9.9892E-05 0.220095 9.9892E-05 9.9892E-05 9.9892E-05 0.0264348 0.0149246 9.9892E-05 9.9892E-05 0.00189559 0.0743565 9.9892E-05
9.9838E-05 9.9838E-05 9.9838E-05 9.9838E-05 9.9838E-05 9.9838E-05 9.9838E-05 9.9838E-05 9.9838E-05 0.998203 9.9838E-05 9.9838E-05 9.9838E-05 9.9838E-05 9.9838E-05 9.9838E-05 9.9838E-05 9.9838E-05 9.9838E-05
9.9856E-05 9.9856E-05 9.9856E-05 9.9856E-05 9.9856E-05 9.9856E-05 9.9856E-05 0.864601 9.9856E-05 0.108534 9.9856E-05 9.9856E-05 9.9856E-05 9.9856E-05 0.0252669 9.9856E-05 9.9856E-05 9.9856E-05 9.9856E-05
9.98472E-05 9.98472E-05 9.98472E-05 9.98472E-05 9.98472E-05 9.98472E-05 0.6227 9.98472E-05 9.98472E-05 9.98472E-05 9.98472E-05 9.98472E-05 9.98472E-05 9.98472E-05 9.98472E-05 9.98472E-05 9.98472E-05 9.98472E-05 0.375603
9.98472E-05 9.98472E-05 9.98472E-05 9.98472E-05 9.98472E-05 9.98472E-05 0.199841 9.98472E-05 9.98472E-05 9.98472E-05 9.98472E-05 9.98472E-05 9.98472E-05 9.98472E-05 9.98472E-05 9.98472E-05 9.98472E-05 9.98472E-05 0.798461
0.0877199 0.0219508 9.98828E-05 9.98828E-05 9.98828E-05 9.98828E-05 9.98828E-05 9.98828E-05 9.98828E-05 9.98828E-05 9.98828E-05 9.98828E-05 0.768123 0.0382395 9.98828E-05 0.0284129 0.0542549 9.98828E-05 9.98828E-05
9.9847E-05 9.9847E-05 9.9847E-05 9.9847E-05 9.9847E-05 9.9847E-05 0.998168 9.9847E-05 9.9847E-05 9.9847E-05 9.9847E-05 9.9847E-05 9.9847E-05 9.9847E-05 9.9847E-05 9.9847E-05 9.9847E-05 0.000134737 9.9847E-05
9.9847E-05 9.9847E-05 9.9847E-05 9.9847E-05 9.9847E-05 9.9847E-05 0.998038 9.9847E-05 0.000264825 9.9847E-05 9.9847E-05 9.9847E-05 9.9847E-05 9.9847E-05 9.9847E-05 9.9847E-05 9.9847E-05 9.9847E-05 9.9847E-05
9.98834E-05 9.98834E-05 9.98834E-05 0.0195598 0.220077 0.0301952 0.332086 9.98834E-05 9.98834E-05 9.98834E-05 9.98834E-05 9.98834E-05 9.98834E-05 9.98834E-05 9.98834E-05 9.98834E-05 9.98834E-05 0.0833448 0.313439
9.99101E-05 9.99101E-05 9.99101E-05 9.99101E-05 0.175961 0.0182937 0.497934 9.99101E-05 9.99101E-05 0.0156517 9.99101E-05 0.0149235 9.99101E-05 0.0944849 9.99101E-05 0.00498688 9.99101E-05 0.014937 0.161828
9.98386E-05 9.98386E-05 9.98386E-05 9.98386E-05 9.98386E-05 9.98386E-05 9.98386E-05 9.98386E-05 9.98386E-05 9.98386E-05 9.98386E-05 0.998203 9.98386E-05 9.98386E-05 9.98386E-05 9.98386E-05 9.98386E-05 9.98386E-05 9.98386E-05
9.98563E-05 9.98563E-05 9.98563E-05 9.98563E-05 9.98563E-05 0.00635745 0.514801 9.98563E-05 9.98563E-05 9.98563E-05 9.98563E-05 9.98563E-05 9.98563E-05 9.98563E-05 9.98563E-05 9.98563E-05 9.98563E-05 9.98563E-05 0.477244
9.98744E-05 0.0405199 9.98744E-05 9.98744E-05 0.771012 0.00236721 0.137777 9.98744E-05 9.98744E-05 9.98744E-05 0.0469253 9.98744E-05 9.98744E-05 9.98744E-05 9.98744E-05 9.98744E-05 9.98744E-05 9.98744E-05 9.98744E-05
9.98828E-05 9.98828E-05 9.98828E-05 9.98828E-05 9.98828E-05 9.98828E-05 0.0263719 9.98828E-05 0.0471889 9.98828E-05 9.98828E-05 9.98828E-05 0.483939 9.98828E-05 9.98828E-05 0.228265 0.0912789 0.121658 9.98828E-05
9.98737E-05 9.98737E-05 9.98737E-05 9.98737E-05 9.98737E-05 9.98737E-05 0.599559 9.98737E-05 0.0300164 9.98737E-05 9.98737E-05 9.98737E-05 9.98737E-05 9.98737E-05 0.0269189 0.00434399 9.98737E-05 9.98737E-05 0.337764
0.963642 9.98562E-05 9.98562E-05 9.98562E-05 9.98562E-05 0.00887031 9.98562E-05 9.98562E-05 9.98562E-05 9.98562E-05 9.98562E-05 9.98562E-05 9.98562E-05 9.98562E-05 9.98562E-05 9.98562E-05 9.98562E-05 0.0258897 9.98562E-05
9.98921E-05 0.801778 9.98921E-05 0.0107666 9.98921E-05 0.0138344 9.98921E-05 9.98921E-05 9.98921E-05 9.98921E-05 9.98921E-05 0.0762396 9.98921E-05 0.0013337 9.98921E-05 0.0518501 9.98921E-05 9.98921E-05 0.0429992
9.98473E-05 9.98473E-05 9.98473E-05 9.98473E-05 9.98473E-05 9.98473E-05 9.98473E-05 9.98473E-05 9.98473E-05 9.98473E-05 9.98473E-05 9.98473E-05 9.98473E-05 9.98473E-05 9.98473E-05 0.996384 9.98473E-05 9.98473E-05 0.00191892
9.98561E-05 9.98561E-05 9.98561E-05 9.98561E-05 9.98561E-05 9.98561E-05 9.98561E-05 9.98561E-05 0.987983 9.98561E-05 9.98561E-05 9.98561E-05 9.98561E-05 9.98561E-05 9.98561E-05 0.00321276 9.98561E-05 9.98561E-05 0.00720608
0.00402829 9.98471E-05 9.98471E-05 9.98471E-05 9.98471E-05 9.98471E-05 9.98471E-05 9.98471E-05 0.994274 9.98471E-05 9.98471E-05 9.98471E-05 9.98471E-05 9.98471E-05 9.98471E-05 9.98471E-05 9.98471E-05 9.98471E-05 9.98471E-05
0.0237972 0.480538 9.98919E-05 9.98919E-05 9.98919E-05 9.98919E-05 9.98919E-05 9.98919E-05 0.0289841 9.98919E-05 9.98919E-05 9.98919E-05 9.98919E-05 0.35695 0.0395846 0.0336439 9.98919E-05 0.0353033 9.98919E-05
0.0364028 0.0636117 0.793998 9.9892E-05 9.9892E-05 9.9892E-05 9.9892E-05 0.0080379 9.9892E-05 9.9892E-05 0.0650868 9.9892E-05 0.0154484 0.0162162 9.9892E-05 9.9892E-05 9.9892E-05 9.9892E-05 9.9892E-05
0.0126767 0.409358 9.98918E-05 0.00419101 9.98918E-05 9.98918E-05 9.98918E-05 9.98918E-05 9.98918E-05 9.98918E-05 9.98918E-05 9.98918E-05 9.98918E-05 0.452974 0.0956404 0.00243724 9.98918E-05 0.0215244 9.98918E-05
9.9883E-05 0.535695 9.9883E-05 9.9883E-05 9.9883E-05 9.9883E-05 9.9883E-05 9.9883E-05 9.9883E-05 0.18095 9.9883E-05 9.9883E-05 0.084059 9.9883E-05 0.108568 9.9883E-05 0.0225222 0.0669082 9.9883E-05
9.98921E-05 0.693958 0.0196482 0.0374036 9.98921E-05 9.98921E-05 9.98921E-05 9.98921E-05 0.0229909 9.98921E-05 9.98921E-05 9.98921E-05 9.98921E-05 9.98921E-05 0.0756124 9.98921E-05 9.98921E-05 0.129224 0.0199636
9.98303E-05 9.98303E-05 9.98303E-05 9.98303E-05 9.98303E-05 9.98303E-05 9.98303E-05 9.98303E-05 9.98303E-05 9.98303E-05 9.98303E-05 9.98303E-05 9.98303E-05 9.98303E-05 9.98303E-05 9.98303E-05 9.98303E-05 0.998203 9.98303E-05
0.984309 9.9857E-05 9.9857E-05 0.00372303 9.9857E-05 9.9857E-05 9.9857E-05 9.9857E-05 9.9857E-05 0.0103699 9.9857E-05 9.9857E-05 9.9857E-05 9.9857E-05 9.9857E-05 9.9857E-05 9.9857E-05 9.9857E-05 9.9857E-05
9.98381E-05 9.98381E-05 9.98381E-05 9.98381E-05 0.998203 9.98381E-05 9.98381E-05 9.98381E-05 9.98381E-05 9.98381E-05 9.98381E-05 9.98381E-05 9.98381E-05 9.98381E-05 9.98381E-05 9.98381E-05 9.98381E-05 9.98381E-05 9.98381E-05
9.98561E-05 9.98561E-05 9.98561E-05 0.00182109 0.995333 9.98561E-05 9.98561E-05 9.98561E-05 0.00124842 9.98561E-05 9.98561E-05 9.98561E-05 9.98561E-05 9.98561E-05 9.98561E-05 9.98561E-05 9.98561E-05 9.98561E-05 9.98561E-05
9.98563E-05 9.98563E-05 0.0139988 9.98563E-05 0.984296 9.98563E-05 0.000107016 9.98563E-05 9.98563E-05 9.98563E-05 9.98563E-05 9.98563E-05 9.98563E-05 9.98563E-05 9.98563E-05 9.98563E-05 9.98563E-05 9.98563E-05 9.98563E-05
9.98383E-05 9.98383E-05 9.98383E-05 9.98383E-05 0.998203 9.98383E-05 9.98383E-05 9.98383E-05 9.98383E-05 9.98383E-05 9.98383E-05 9.98383E-05 9.98383E-05 9.98383E-05 9.98383E-05 9.98383E-05 9.98383E-05 9.98383E-05 9.98383E-05
9.98381E-05 9.98381E-05 9.98381E-05 9.98381E-05 0.998203 9.98381E-05 9.98381E-05 9.98381E-05 9.98381E-05 9.98381E-05 9.98381E-05 9.98381E-05 9.98381E-05 9.98381E-05 9.98381E-05 9.98381E-05 9.98381E-05 9.98381E-05 9.98381E-05
9.98922E-05 9.98922E-05 9.98922E-05 9.98922E-05 0.440592 0.0306679 0.236205 9.98922E-05 9.98922E-05 0.121807 0.0517342 0.0208705 9.98922E-05 0.0969254 9.98922E-05 9.98922E-05 9.98922E-05 9.98922E-05 9.98922E-05
0.00888854 9.98651E-05 9.98651E-05 9.98651E-05 0.908895 9.98651E-05 9.98651E-05 9.98651E-05 0.0224423 9.98651E-05 9.98651E-05 0.0582761 9.98651E-05 9.98651E-05 9.98651E-05 9.98651E-05 9.98651E-05 9.98651E-05 9.98651E-05
0.735789 9.98647E-05 0.184102 9.98647E-05 9.98647E-05 9.98647E-05 9.98647E-05 9.98647E-05 0.00491579 9.98647E-05 9.98647E-05 9.98647E-05 9.98647E-05 9.98647E-05 0.0736955 9.98647E-05 9.98647E-05 9.98647E-05 9.98647E-05
9.98739E-05 9.98739E-05 0.0343776 9.98739E-05 0.0341784 9.98739E-05 0.0184527 9.98739E-05 9.98739E-05 9.98739E-05 9.98739E-05 0.910111 9.98739E-05 9.98739E-05 9.98739E-05 9.98739E-05 0.00148209 9.98739E-05 9.98739E-05
9.98557E-05 9.98557E-05 9.98557E-05 9.98557E-05 9.98557E-05 9.98557E-05 0.462795 9.98557E-05 0.0254312 9.98557E-05 9.98557E-05 9.98557E-05 9.98557E-05 9.98557E-05 9.98557E-05 9.98557E-05 9.98557E-05 9.98557E-05 0.510176
9.98651E-05 9.98651E-05 0.0228293 9.98651E-05 9.98651E-05 9.98651E-05 9.98651E-05 9.98651E-05 0.131084 9.98651E-05 9.98651E-05 9.98651E-05 0.832247 9.98651E-05 9.98651E-05 9.98651E-05 0.0123411 9.98651E-05 9.98651E-05
9.98564E-05 9.98564E-05 0.89758 9.98564E-05 9.98564E-05 9.98564E-05 9.98564E-05 9.98564E-05 9.98564E-05 9.98564E-05 9.98564E-05 9.98564E-05 0.0167704 9.98564E-05 0.0840515 9.98564E-05 9.98564E-05 9.98564E-05 9.98564E-05
9.98476E-05 9.98476E-05 9.98476E-05 9.98476E-05 9.98476E-05 9.98476E-05 9.98476E-05 9.98476E-05 9.98476E-05 9.98476E-05 0.0298941 9.98476E-05 0.968408 9.98476E-05 9.98476E-05 9.98476E-05 9.98476E-05 9.98476E-05 9.98476E-05
9.98739E-05 0.151797 9.98739E-05 9.98739E-05 9.98739E-05 9.98739E-05 9.98739E-05 9.98739E-05 9.98739E-05 0.000884054 9.98739E-05 9.98739E-05 0.831318 0.00993176 9.98739E-05 9.98739E-05 9.98739E-05 0.004671 9.98739E-05
9.98738E-05 9.98738E-05 9.98738E-05 9.98738E-05 9.98738E-05 9.98738E-05 9.98738E-05 9.98738E-05 0.0498509 9.98738E-05 9.98738E-05 9.98738E-05 0.815252 0.0456834 9.98738E-05 9.98738E-05 0.0360007 0.0518146 9.98738E-05
9.98383E-05 9.98383E-05 9.98383E-05 0.998203 9.98383E-05 9.98383E-05 9.98383E-05 9.98383E-05 9.98383E-05 9.98383E-05 9.98383E-05 9.98383E-05 9.98383E-05 9.98383E-05 9.98383E-05 9.98383E-05 9.98383E-05 9.98383E-05 9.98383E-05
9.98565E-05 9.98565E-05 9.98565E-05 9.98565E-05 9.98565E-05 0.0226866 0.614902 9.98565E-05 9.98565E-05 9.98565E-05 9.98565E-05 9.98565E-05 9.98565E-05 9.98565E-05 9.98565E-05 9.98565E-05 9.98565E-05 9.98565E-05 0.360813
0.11022 9.99281E-05 0.0473897 0.0371267 0.234055 9.99281E-05 0.00625495 9.99281E-05 9.99281E-05 0.0401198 0.0179298 9.99281E-05 9.99281E-05 0.115894 0.152746 9.99281E-05 0.0228271 9.99281E-05 0.214637
9.98654E-05 9.98654E-05 0.00352608 9.98654E-05 9.98654E-05 0.0872644 9.98654E-05 9.98654E-05 9.98654E-05 9.98654E-05 0.043899 9.98654E-05 9.98654E-05 9.98654E-05 9.98654E-05 9.98654E-05 9.98654E-05 9.98654E-05 0.863813
0.0268043 9.991E-05 9.991E-05 9.991E-05 0.00068852 0.00380951 0.230879 9.991E-05 0.00176398 0.005342 0.0192616 9.991E-05 9.991E-05 9.991E-05 9.991E-05 0.00672759 9.991E-05 9.991E-05 0.703724
9.98469E-05 9.98469E-05 0.00849652 9.98469E-05 9.98469E-05 9.98469E-05 0.989806 9.98469E-05 9.98469E-05 9.98469E-05 9.98469E-05 9.98469E-05 9.98469E-05 9.98469E-05 9.98469E-05 9.98469E-05 9.98469E-05 9.98469E-05 9.98469E-05
0.0112021 9.9847E-05 9.9847E-05 9.9847E-05 9.9847E-05 9.9847E-05 0.987101 9.9847E-05 9.9847E-05 9.9847E-05 9.9847E-05 9.9847E-05 9.9847E-05 9.9847E-05 9.9847E-05 9.9847E-05 9.9847E-05 9.9847E-05 9.9847E-05
0.00290754 9.98832E-05 9.98832E-05 9.98832E-05 9.98832E-05 9.98832E-05 0.341379 9.98832E-05 9.98832E-05 9.98832E-05 9.98832E-05 9.98832E-05 9.98832E-05 0.0728584 0.0122632 9.98832E-05 9.98832E-05 0.0161193 0.553174
9.98829E-05 9.98829E-05 9.98829E-05 9.98829E-05 9.98829E-05 9.98829E-05 0.475307 9.98829E-05 0.00525082 9.98829E-05 9.98829E-05 9.98829E-05 9.98829E-05 0.00596137 0.0019941 0.014551 9.98829E-05 9.98829E-05 0.495638
9.98747E-05 9.98747E-05 9.98747E-05 9.98747E-05 0.262323 0.0256295 0.53818 9.98747E-05 9.98747E-05 9.98747E-05 0.130801 9.98747E-05 9.98747E-05 9.98747E-05 9.98747E-05 0.0416683 9.98747E-05 9.98747E-05 9.98747E-05
9.98568E-05 9.98568E-05 9.98568E-05 9.98568E-05 0.0830319 9.98568E-05 0.579713 9.98568E-05 9.98568E-05 9.98568E-05 0.335657 9.98568E-05 9.98568E-05 9.98568E-05 9.98568E-05 9.98568E-05 9.98568E-05 9.98568E-05 9.98568E-05
9.98652E-05 9.98652E-05 0.0315048 9.98652E-05 0.0377188 0.0201304 9.98652E-05 9.98652E-05 9.98652E-05 9.98652E-05 9.98652E-05 9.98652E-05 9.98652E-05 9.98652E-05 9.98652E-05 9.98652E-05 9.98652E-05 9.98652E-05 0.909148
9.9874E-05 9.9874E-05 0.941129 9.9874E-05 9.9874E-05 9.9874E-05 9.9874E-05 9.9874E-05 0.00377376 0.0172268 9.9874E-05 0.00994505 9.9874E-05 9.9874E-05 9.9874E-05 9.9874E-05 9.9874E-05 9.9874E-05 0.0265276
9.9856E-05 9.9856E-05 0.967067 9.9856E-05 0.0271102 9.9856E-05 9.9856E-05 9.9856E-05 9.9856E-05 0.00422496 9.9856E-05 9.9856E-05 9.9856E-05 9.9856E-05 9.9856E-05 9.9856E-05 9.9856E-05 9.9856E-05 9.9856E-05
0.0140914 9.98742E-05 9.98742E-05 9.98742E-05 9.98742E-05 9.98742E-05 9.98742E-05 9.98742E-05 0.00302999 9.98742E-05 9.98742E-05 9.98742E-05 9.98742E-05 0.00220158 9.98742E-05 9.98742E-05 0.974494 0.00478447 9.98742E-05
9.98563E-05 9.98563E-05 9.98563E-05 9.98563E-05 9.98563E-05 0.00234299 9.98563E-05 9.98563E-05 0.00528815 9.98563E-05 9.98563E-05 9.98563E-05 9.98563E-05 9.98563E-05 9.98563E-05 9.98563E-05 0.990771 9.98563E-05 9.98563E-05
9.9838E-05 0.998203 9.9838E-05 9.9838E-05 9.9838E-05 9.9838E-05 9.9838E-05 9.9838E-05 9.9838E-05 9.9838E-05 9.9838E-05 9.9838E-05 9.9838E-05 9.9838E-05 9.9838E-05 9.9838E-05 9.9838E-05 9.9838E-05 9.9838E-05
9.9865E-05 0.985558 0.00188101 9.9865E-05 9.9865E-05 9.9865E-05 9.9865E-05 9.9865E-05 9.9865E-05 9.9865E-05 0.00836319 9.9865E-05 0.00269966 9.9865E-05 9.9865E-05 9.9865E-05 9.9865E-05 9.9865E-05 9.9865E-05
9.98653E-05 9.98653E-05 0.0130999 9.98653E-05 9.98653E-05 9.98653E-05 9.98653E-05 9.98653E-05 9.98653E-05 0.024486 9.98653E-05 9.98653E-05 9.98653E-05 9.98653E-05 9.98653E-05 0.0146593 0.946257 9.98653E-05 9.98653E-05
9.98384E-05 9.98384E-05 9.98384E-05 9.98384E-05 9.98384E-05 9.98384E-05 9.98384E-05 9.98384E-05 9.98384E-05 9.98384E-05 9.98384E-05 9.98384E-05 9.98384E-05 9.98384E-05 9.98384E-05 9.98384E-05 0.998203 9.98384E-05 9.98384E-05
0.955931 9.9883E-05 0.00867114 9.9883E-05 0.0118844 9.9883E-05 9.9883E-05 9.9883E-05 9.9883E-05 9.9883E-05 0.00304474 9.9883E-05 0.015781 9.9883E-05 9.9883E-05 9.9883E-05 9.9883E-05 0.00338968 9.9883E-05
9.9874E-05 9.9874E-05 0.0738796 9.9874E-05 9.9874E-05 9.9874E-05 9.9874E-05 0.0159883 0.668185 9.9874E-05 0.106726 9.9874E-05 0.133823 9.9874E-05 9.9874E-05 9.9874E-05 9.9874E-05 9.9874E-05 9.9874E-05
9.98561E-05 9.98561E-05 9.98561E-05 9.98561E-05 0.0511366 9.98561E-05 9.98561E-05 9.98561E-05 9.98561E-05 9.98561E-05 0.0171854 0.93008 9.98561E-05 9.98561E-05 9.98561E-05 9.98561E-05 9.98561E-05 9.98561E-05 9.98561E-05
9.98561E-05 0.00747158 9.98561E-05 9.98561E-05 9.98561E-05 9.98561E-05 9.98561E-05 9.98561E-05 9.98561E-05 0.0304955 9.98561E-05 9.98561E-05 9.98561E-05 9.98561E-05 0.960435 9.98561E-05 9.98561E-05 9.98561E-05 9.98561E-05
0.0381537 9.98651E-05 9.98651E-05 9.98651E-05 9.98651E-05 9.98651E-05 9.98651E-05 9.98651E-05 0.00308942 9.98651E-05 9.98651E-05 9.98651E-05 9.98651E-05 9.98651E-05 0.89821 0.0590489 9.98651E-05 9.98651E-05 9.98651E-05
9.99104E-05 9.99104E-05 9.99104E-05 0.000179692 0.170969 9.99104E-05 0.671464 9.99104E-05 9.99104E-05 0.0616527 0.0184585 0.0339844 9.99104E-05 9.99104E-05 9.99104E-05 0.000261601 0.0182803 0.0237504 9.99104E-05
