9.98739E-05 9.98739E-05 0.0146606 9.98739E-05 9.98739E-05 9.98739E-05 9.98739E-05 9.98739E-05 0.000343545 0.0716677 9.98739E-05 0.904345 9.98739E-05 9.98739E-05 9.98739E-05 9.98739E-05 9.98739E-05 9.98739E-05 0.00758479
9.98739E-05 9.98739E-05 9.98739E-05 9.98739E-05 9.98739E-05 0.14493 9.98739E-05 9.98739E-05 0.694309 0.0052701 9.98739E-05 9.98739E-05 9.98739E-05 9.98739E-05 0.137615 0.0164778 9.98739E-05 9.98739E-05 9.98739E-05
9.98383E-05 9.98383E-05 9.98383E-05 9.98383E-05 9.98383E-05 9.98383E-05 9.98383E-05 9.98383E-05 9.98383E-05 9.98383E-05 0.998203 9.98383E-05 9.98383E-05 9.98383E-05 9.98383E-05 9.98383E-05 9.98383E-05 9.98383E-05 9.98383E-05
9.9883E-05 0.00920171 9.9883E-05 0.0274098 9.9883E-05 9.9883E-05 9.9883E-05 9.9883E-05 9.9883E-05 9.9883E-05 0.0176965 9.9883E-05 9.9883E-05 9.9883E-05 0.910746 9.9883E-05 9.9883E-05 0.00645948 0.0271884
9.98923E-05 0.074372 0.250019 9.98923E-05 9.98923E-05 9.98923E-05 9.98923E-05 9.98923E-05 0.138925 9.98923E-05 9.98923E-05 9.98923E-05 0.0752369 9.98923E-05 0.32682 9.98923E-05 0.099457 0.0339714 9.98923E-05
9.98651E-05 9.98651E-05 9.98651E-05 9.98651E-05 9.98651E-05 9.98651E-05 9.98651E-05 0.0157698 9.98651E-05 9.98651E-05 0.0118388 9.98651E-05 9.98651E-05 9.98651E-05 0.958929 9.98651E-05 9.98651E-05 0.0119642 9.98651E-05
9.98383E-05 9.98383E-05 9.98383E-05 9.98383E-05 9.98383E-05 9.98383E-05 9.98383E-05 9.98383E-05 9.98383E-05 9.98383E-05 9.98383E-05 9.98383E-05 0.998203 9.98383E-05 9.98383E-05 9.98383E-05 9.98383E-05 9.98383E-05 9.98383E-05
9.99009E-05 0.0596246 0.0366269 9.99009E-05 9.99009E-05 9.99009E-05 9.99009E-05 9.99009E-05 0.101494 0.0556261 0.00154609 9.99009E-05 0.00150417 9.99009E-05 9.99009E-05 9.99009E-05 0.372525 0.369955 9.99009E-05
9.98651E-05 0.0086215 0.0241965 9.98651E-05 9.98651E-05 9.98651E-05 9.98651E-05 9.98651E-05 0.0498908 9.98651E-05 9.98651E-05 9.98651E-05 0.915793 9.98651E-05 9.98651E-05 9.98651E-05 9.98651E-05 9.98651E-05 9.98651E-05
9.98381E-05 9.98381E-05 0.998203 9.98381E-05 9.98381E-05 9.98381E-05 9.98381E-05 9.98381E-05 9.98381E-05 9.98381E-05 9.98381E-05 9.98381E-05 9.98381E-05 9.98381E-05 9.98381E-05 9.98381E-05 9.98381E-05 9.98381E-05 9.98381E-05
9.98381E-05 9.98381E-05 0.998203 9.98381E-05 9.98381E-05 9.98381E-05 9.98381E-05 9.98381E-05 9.98381E-05 9.98381E-05 9.98381E-05 9.98381E-05 9.98381E-05 9.98381E-05 9.98381E-05 9.98381E-05 9.98381E-05 9.98381E-05 9.98381E-05
9.98831E-05 9.98831E-05 9.98831E-05 0.00544247 9.98831E-05 9.98831E-05 0.150554 9.98831E-05 9.98831E-05 9.98831E-05 9.98831E-05 0.68044 9.98831E-05 9.98831E-05 9.98831E-05 0.000393943 0.0343193 9.98831E-05 0.127552
9.98653E-05 9.98653E-05 9.98653E-05 9.98653E-05 9.98653E-05 9.98653E-05 0.967548 9.98653E-05 9.98653E-05 9.98653E-05 9.98653E-05 9.98653E-05 0.00847258 9.98653E-05 9.98653E-05 9.98653E-05 0.0175233 0.00495817 9.98653E-05
0.0520468 9.9856E-05 9.9856E-05 9.9856E-05 9.9856E-05 9.9856E-05 9.9856E-05 9.9856E-05 0.0302363 9.9856E-05 9.9856E-05 9.9856E-05 9.9856E-05 9.9856E-05 0.916119 9.9856E-05 9.9856E-05 9.9856E-05 9.9856E-05
0.0115167 9.98742E-05 9.98742E-05 9.98742E-05 9.98742E-05 9.98742E-05 9.98742E-05 0.00872671 9.98742E-05 0.0136316 9.98742E-05 0.00655636 9.98742E-05 9.98742E-05 0.95817 9.98742E-05 9.98742E-05 9.98742E-05 9.98742E-05
9.98562E-05 9.98562E-05 0.0259253 9.98562E-05 0.811174 9.98562E-05 0.161303 9.98562E-05 9.98562E-05 9.98562E-05 9.98562E-05 9.98562E-05 9.98562E-05 9.98562E-05 9.98562E-05 9.98562E-05 9.98562E-05 9.98562E-05 9.98562E-05
9.9847E-05 9.9847E-05 0.0434832 9.9847E-05 9.9847E-05 9.9847E-05 9.9847E-05 9.9847E-05 9.9847E-05 9.9847E-05 9.9847E-05 9.9847E-05 9.9847E-05 9.9847E-05 9.9847E-05 0.954819 9.9847E-05 9.9847E-05 9.9847E-05
0.860643 0.00684178 0.00181381 9.98918E-05 9.98918E-05 0.0498143 9.98918E-05 9.98918E-05 0.0152786 0.0575297 0.00687976 9.98918E-05 9.98918E-05 9.98918E-05 9.98918E-05 9.98918E-05 9.98918E-05 9.98918E-05 9.98918E-05
9.9847E-05 9.9847E-05 9.9847E-05 9.9847E-05 9.9847E-05 9.9847E-05 9.9847E-05 9.9847E-05 9.9847E-05 9.9847E-05 9.9847E-05 9.9847E-05 9.9847E-05 0.937229 9.9847E-05 9.9847E-05 9.9847E-05 9.9847E-05 0.061074
9.98828E-05 9.98828E-05 0.233597 9.98828E-05 0.374453 9.98828E-05 9.98828E-05 9.98828E-05 9.98828E-05 0.147155 9.98828E-05 0.0909679 9.98828E-05 9.98828E-05 9.98828E-05 0.110576 9.98828E-05 9.98828E-05 0.0419539
0.921761 9.98303E-05 9.98303E-05 9.98303E-05 9.98303E-05 9.98303E-05 9.98303E-05 9.98303E-05 9.98303E-05 9.98303E-05 9.98303E-05 9.98303E-05 9.98303E-05 0.0765415 9.98303E-05 9.98303E-05 9.98303E-05 9.98303E-05 9.98303E-05
9.98919E-05 9.98919E-05 9.98919E-05 9.98919E-05 0.21157 0.200719 0.0088414 9.98919E-05 9.98919E-05 0.026332 9.98919E-05 0.514086 9.98919E-05 0.00703418 9.98919E-05 0.0302177 9.98919E-05 9.98919E-05 9.98919E-05
9.98376E-05 9.98376E-05 9.98376E-05 9.98376E-05 9.98376E-05 9.98376E-05 9.98376E-05 0.998203 9.98376E-05 9.98376E-05 9.98376E-05 9.98376E-05 9.98376E-05 9.98376E-05 9.98376E-05 9.98376E-05 9.98376E-05 9.98376E-05 9.98376E-05
0.163399 9.98557E-05 9.98557E-05 9.98557E-05 9.98557E-05 9.98557E-05 9.98557E-05 0.328283 9.98557E-05 9.98557E-05 9.98557E-05 9.98557E-05 9.98557E-05 0.50672 9.98557E-05 9.98557E-05 9.98557E-05 9.98557E-05 9.98557E-05
9.98654E-05 9.98654E-05 9.98654E-05 0.485868 9.98654E-05 9.98654E-05 9.98654E-05 9.98654E-05 9.98654E-05 9.98654E-05 0.0157032 9.98654E-05 9.98654E-05 9.98654E-05 0.492545 9.98654E-05 0.00438599 9.98654E-05 9.98654E-05
9.98653E-05 0.00552181 9.98653E-05 0.0898937 9.98653E-05 9.98653E-05 9.98653E-05 9.98653E-05 0.00775266 9.98653E-05 9.98653E-05 9.98653E-05 9.98653E-05 9.98653E-05 0.895334 9.98653E-05 9.98653E-05 9.98653E-05 9.98653E-05
9.98827E-05 9.98827E-05 0.0112794 9.98827E-05 0.00948535 9.98827E-05 0.760883 9.98827E-05 9.98827E-05 0.0869088 9.98827E-05 0.0537661 9.98827E-05 9.98827E-05 9.98827E-05 0.0763787 9.98827E-05 9.98827E-05 9.98827E-05
9.98383E-05 9.98383E-05 9.98383E-05 0.998203 9.98383E-05 9.98383E-05 9.98383E-05 9.98383E-05 9.98383E-05 9.98383E-05 9.98383E-05 9.98383E-05 9.98383E-05 9.98383E-05 9.98383E-05 9.98383E-05 9.98383E-05 9.98383E-05 9.98383E-05
9.98383E-05 9.98383E-05 9.98383E-05 0.998203 9.98383E-05 9.98383E-05 9.98383E-05 9.98383E-05 9.98383E-05 9.98383E-05 9.98383E-05 9.98383E-05 9.98383E-05 9.98383E-05 9.98383E-05 9.98383E-05 9.98383E-05 9.98383E-05 9.98383E-05
9.98922E-05 0.0815724 9.98922E-05 0.115046 9.98922E-05 0.0204322 9.98922E-05 9.98922E-05 9.98922E-05 9.98922E-05 0.0121568 9.98922E-05 9.98922E-05 0.00360603 0.236109 9.98922E-05 9.98922E-05 0.529879 9.98922E-05
9.98469E-05 9.98469E-05 9.98469E-05 9.98469E-05 9.98469E-05 9.98469E-05 9.98469E-05 9.98469E-05 9.98469E-05 9.98469E-05 9.98469E-05 9.98469E-05 9.98469E-05 9.98469E-05 0.116965 9.98469E-05 9.98469E-05 0.881338 9.98469E-05
9.98385E-05 9.98385E-05 9.98385E-05 9.98385E-05 9.98385E-05 9.98385E-05 9.98385E-05 9.98385E-05 0.998203 9.98385E-05 9.98385E-05 9.98385E-05 9.98385E-05 9.98385E-05 9.98385E-05 9.98385E-05 9.98385E-05 9.98385E-05 9.98385E-05
9.98743E-05 9.98743E-05 9.98743E-05 0.245418 9.98743E-05 0.00458078 9.98743E-05 9.98743E-05 9.98743E-05 9.98743E-05 0.0124591 9.98743E-05 9.98743E-05 9.98743E-05 0.580327 9.98743E-05 0.155816 9.98743E-05 9.98743E-05
9.98834E-05 0.717638 9.98834E-05 9.98834E-05 9.98834E-05 9.98834E-05 9.98834E-05 9.98834E-05 0.00251181 0.0136727 0.00642533 9.98834E-05 9.98834E-05 9.98834E-05 9.98834E-05 9.98834E-05 0.158975 0.0994791 9.98834E-05
9.98916E-05 9.98916E-05 0.00567133 9.98916E-05 9.98916E-05 0.0502803 0.473931 9.98916E-05 9.98916E-05 9.98916E-05 9.98916E-05 0.0108223 9.98916E-05 9.98916E-05 9.98916E-05 0.310934 9.98916E-05 0.0829217 0.0642408
9.99009E-05 9.99009E-05 9.99009E-05 0.52228 9.99009E-05 0.00282366 9.99009E-05 9.99009E-05 9.99009E-05 9.99009E-05 9.99009E-05 9.99009E-05 0.0135602 9.99009E-05 0.412548 0.00914348 0.0118433 0.0258916 0.000811541
9.98561E-05 9.98561E-05 9.98561E-05 9.98561E-05 9.98561E-05 9.98561E-05 9.98561E-05 9.98561E-05 9.98561E-05 9.98561E-05 0.00343751 0.949197 9.98561E-05 9.98561E-05 9.98561E-05 9.98561E-05 0.0457681 9.98561E-05 9.98561E-05
9.98921E-05 9.98921E-05 0.0120932 9.98921E-05 9.98921E-05 9.98921E-05 9.98921E-05 0.00156149 0.0783295 0.824599 0.00811874 9.98921E-05 9.98921E-05 9.98921E-05 9.98921E-05 0.0197161 0.0543833 9.98921E-05 9.98921E-05
9.98381E-05 9.98381E-05 9.98381E-05 9.98381E-05 9.98381E-05 9.98381E-05 9.98381E-05 9.98381E-05 9.98381E-05 9.98381E-05 9.98381E-05 9.98381E-05 9.98381E-05 9.98381E-05 9.98381E-05 0.998203 9.98381E-05 9.98381E-05 9.98381E-05
9.98471E-05 9.98471E-05 9.98471E-05 9.98471E-05 9.98471E-05 0.979237 9.98471E-05 9.98471E-05 9.98471E-05 9.98471E-05 9.98471E-05 9.98471E-05 9.98471E-05 9.98471E-05 0.0190657 9.98471E-05 9.98471E-05 9.98471E-05 9.98471E-05
9.98471E-05 9.98471E-05 9.98471E-05 9.98471E-05 9.98471E-05 0.991098 9.98471E-05 9.98471E-05 9.98471E-05 9.98471E-05 9.98471E-05 0.00720503 9.98471E-05 9.98471E-05 9.98471E-05 9.98471E-05 9.98471E-05 9.98471E-05 9.98471E-05
9.99008E-05 9.99008E-05 0.332469 9.99008E-05 0.00522561 0.0231022 9.99008E-05 0.0284143 9.99008E-05 0.505883 9.99008E-05 0.0492317 9.99008E-05 0.00814012 9.99008E-05 0.0464345 9.99008E-05 9.99008E-05 9.99008E-05
9.98651E-05 9.98651E-05 9.98651E-05 9.98651E-05 0.814313 9.98651E-05 0.0450879 9.98651E-05 9.98651E-05 0.057284 9.98651E-05 9.98651E-05 0.0818169 9.98651E-05 9.98651E-05 9.98651E-05 9.98651E-05 9.98651E-05 9.98651E-05
9.99009E-05 0.00238915 0.356969 9.99009E-05 0.00939755 9.99009E-05 0.0281877 9.99009E-05 9.99009E-05 0.48315 9.99009E-05 0.05209 9.99009E-05 9.99009E-05 9.99009E-05 0.052453 9.99009E-05 9.99009E-05 0.0142646
9.98829E-05 9.98829E-05 9.98829E-05 9.98829E-05 0.00336824 0.0613657 0.117368 0.251523 9.98829E-05 0.519639 9.98829E-05 9.98829E-05 9.98829E-05 9.98829E-05 9.98829E-05 9.98829E-05 9.98829E-05 9.98829E-05 0.0454375
9.99102E-05 9.99102E-05 9.99102E-05 9.99102E-05 0.0320748 0.0770369 0.0104615 0.0418697 9.99102E-05 0.707101 9.99102E-05 0.0361361 9.99102E-05 0.0285501 0.0439195 9.99102E-05 9.99102E-05 0.0218516 9.99102E-05
9.98921E-05 9.98921E-05 0.046229 9.98921E-05 9.98921E-05 9.98921E-05 0.112408 9.98921E-05 9.98921E-05 0.151813 9.98921E-05 0.24303 0.0150977 9.98921E-05 9.98921E-05 0.264976 9.98921E-05 0.165248 9.98921E-05
0.000890374 9.98571E-05 9.98571E-05 9.98571E-05 9.98571E-05 9.98571E-05 9.98571E-05 9.98571E-05 0.00313543 9.98571E-05 9.98571E-05 0.994376 9.98571E-05 9.98571E-05 9.98571E-05 9.98571E-05 9.98571E-05 9.98571E-05 9.98571E-05
9.98429E-05 0.998203 9.98429E-05 9.98429E-05 9.98429E-05 9.98429E-05 9.98429E-05 9.98429E-05 9.98429E-05 9.98429E-05 9.98429E-05 9.98429E-05 9.98429E-05 9.98429E-05 9.98429E-05 9.98429E-05 9.98429E-05 9.98429E-05 9.98429E-05
0.00112284 0.971434 9.98652E-05 9.98652E-05 9.98652E-05 9.98652E-05 9.98652E-05 9.98652E-05 9.98652E-05 9.98652E-05 9.98652E-05 9.98652E-05 9.98652E-05 0.00632656 9.98652E-05 0.0196187 9.98652E-05 9.98652E-05 9.98652E-05
9.98473E-05 0.985321 9.98473E-05 0.0129812 9.98473E-05 9.98473E-05 9.98473E-05 9.98473E-05 9.98473E-05 9.98473E-05 9.98473E-05 9.98473E-05 9.98473E-05 9.98473E-05 9.98473E-05 9.98473E-05 9.98473E-05 9.98473E-05 9.98473E-05
0.0106184 0.985537 9.98563E-05 9.98563E-05 9.98563E-05 9.98563E-05 9.98563E-05 9.98563E-05 9.98563E-05 9.98563E-05 9.98563E-05 0.00224664 9.98563E-05 9.98563E-05 9.98563E-05 9.98563E-05 9.98563E-05 9.98563E-05 9.98563E-05
9.98472E-05 0.987803 9.98472E-05 9.98472E-05 9.98472E-05 9.98472E-05 9.98472E-05 9.98472E-05 9.98472E-05 9.98472E-05 0.0104997 9.98472E-05 9.98472E-05 9.98472E-05 9.98472E-05 9.98472E-05 9.98472E-05 9.98472E-05 9.98472E-05
9.99282E-05 0.315625 0.0243077 0.00582891 0.0773133 0.00620581 9.99282E-05 9.99282E-05 0.017214 9.99282E-05 0.0451089 9.99282E-05 0.0567748 0.0065401 9.99282E-05 9.99282E-05 0.0579104 0.386372 9.99282E-05
9.98563E-05 0.949638 9.98563E-05 9.98563E-05 9.98563E-05 9.98563E-05 9.98563E-05 9.98563E-05 0.0410499 9.98563E-05 9.98563E-05 0.00771484 9.98563E-05 9.98563E-05 9.98563E-05 9.98563E-05 9.98563E-05 9.98563E-05 9.98563E-05
9.98558E-05 9.98558E-05 0.0147281 9.98558E-05 0.170287 9.98558E-05 9.98558E-05 9.98558E-05 9.98558E-05 9.98558E-05 9.98558E-05 0.813387 9.98558E-05 9.98558E-05 9.98558E-05 9.98558E-05 9.98558E-05 9.98558E-05 9.98558E-05
9.98919E-05 0.0140706 9.98919E-05 9.98919E-05 0.0256208 9.98919E-05 9.98919E-05 9.98919E-05 0.899245 9.98919E-05 0.00622351 0.0216795 0.0227639 9.98919E-05 9.98919E-05 9.98919E-05 9.98919E-05 9.98919E-05 0.0091979
9.9856E-05 9.9856E-05 9.9856E-05 0.32255 9.9856E-05 9.9856E-05 9.9856E-05 9.9856E-05 9.9856E-05 9.9856E-05 9.9856E-05 9.9856E-05 9.9856E-05 9.9856E-05 0.665143 0.0107096 9.9856E-05 9.9856E-05 9.9856E-05
0.00979735 9.98742E-05 9.98742E-05 9.98742E-05 0.0324487 0.119693 0.822644 9.98742E-05 9.98742E-05 9.98742E-05 9.98742E-05 9.98742E-05 9.98742E-05 9.98742E-05 9.98742E-05 9.98742E-05 9.98742E-05 9.98742E-05 0.0140182
9.98565E-05 9.98565E-05 9.98565E-05 9.98565E-05 0.891319 9.98565E-05 0.068495 9.98565E-05 9.98565E-05 9.98565E-05 9.98565E-05 0.038588 9.98565E-05 9.98565E-05 9.98565E-05 9.98565E-05 9.98565E-05 9.98565E-05 9.98565E-05
9.98654E-05 9.98654E-05 9.98654E-05 9.98654E-05 9.98654E-05 9.98654E-05 0.929172 9.98654E-05 9.98654E-05 9.98654E-05 0.0106892 9.98654E-05 0.0406821 9.98654E-05 9.98654E-05 9.98654E-05 0.0179583 9.98654E-05 9.98654E-05
9.9856E-05 9.9856E-05 9.9856E-05 9.9856E-05 9.9856E-05 9.9856E-05 0.84007 9.9856E-05 9.9856E-05 0.155797 0.00253567 9.9856E-05 9.9856E-05 9.9856E-05 9.9856E-05 9.9856E-05 9.9856E-05 9.9856E-05 9.9856E-05
9.98648E-05 9.98648E-05 0.0931112 9.98648E-05 9.98648E-05 0.0258644 0.822547 9.98648E-05 9.98648E-05 9.98648E-05 9.98648E-05 9.98648E-05 9.98648E-05 9.98648E-05 9.98648E-05 9.98648E-05 9.98648E-05 9.98648E-05 0.0569796
9.98651E-05 9.98651E-05 9.98651E-05 9.98651E-05 9.98651E-05 9.98651E-05 9.98651E-05 9.98651E-05 0.00901681 0.00753201 9.98651E-05 9.98651E-05 0.00922941 0.972724 9.98651E-05 9.98651E-05 9.98651E-05 9.98651E-05 9.98651E-05
9.98566E-05 9.98566E-05 9.98566E-05 0.60849 9.98566E-05 9.98566E-05 9.98566E-05 9.98566E-05 9.98566E-05 9.98566E-05 0.00895916 9.98566E-05 9.98566E-05 9.98566E-05 0.380953 9.98566E-05 9.98566E-05 9.98566E-05 9.98566E-05
9.99459E-05 9.99459E-05 0.000265213 0.127575 0.106547 0.0328214 9.99459E-05 0.125549 0.0770928 0.0726579 9.99459E-05 0.0550195 0.0447476 9.99459E-05 9.99459E-05 0.129593 0.0932111 0.121113 0.0132074
9.98564E-05 9.98564E-05 9.98564E-05 9.98564E-05 9.98564E-05 9.98564E-05 9.98564E-05 9.98564E-05 9.98564E-05 9.98564E-05 0.108915 9.98564E-05 9.98564E-05 9.98564E-05 0.805514 9.98564E-05 0.0839726 9.98564E-05 9.98564E-05
9.98831E-05 0.0119527 9.98831E-05 0.0654022 9.98831E-05 9.98831E-05 9.98831E-05 9.98831E-05 9.98831E-05 9.98831E-05 9.98831E-05 9.98831E-05 0.0343381 9.98831E-05 0.829163 0.0130452 9.98831E-05 0.0447999 9.98831E-05
9.98472E-05 9.98472E-05 9.98472E-05 0.987621 9.98472E-05 9.98472E-05 9.98472E-05 9.98472E-05 9.98472E-05 0.0106814 9.98472E-05 9.98472E-05 9.98472E-05 9.98472E-05 9.98472E-05 9.98472E-05 9.98472E-05 9.98472E-05 9.98472E-05
9.98384E-05 9.98384E-05 9.98384E-05 0.998203 9.98384E-05 9.98384E-05 9.98384E-05 9.98384E-05 9.98384E-05 9.98384E-05 9.98384E-05 9.98384E-05 9.98384E-05 9.98384E-05 9.98384E-05 9.98384E-05 9.98384E-05 9.98384E-05 9.98384E-05
9.98652E-05 9.98652E-05 0.0329408 9.98652E-05 9.98652E-05 9.98652E-05 9.98652E-05 9.98652E-05 9.98652E-05 9.98652E-05 9.98652E-05 0.00164172 9.98652E-05 9.98652E-05 0.693695 9.98652E-05 9.98652E-05 0.270225 9.98652E-05
9.9865E-05 9.9865E-05 9.9865E-05 0.370446 9.9865E-05 9.9865E-05 9.9865E-05 9.9865E-05 9.9865E-05 9.9865E-05 9.9865E-05 9.9865E-05 9.9865E-05 9.9865E-05 0.579491 0.0216454 0.0269198 9.9865E-05 9.9865E-05
9.9856E-05 0.0313225 9.9856E-05 9.9856E-05 9.9856E-05 9.9856E-05 9.9856E-05 9.9856E-05 9.9856E-05 9.9856E-05 9.9856E-05 9.9856E-05 9.9856E-05 9.9856E-05 0.0229248 9.9856E-05 0.944155 9.9856E-05 9.9856E-05
9.9856E-05 9.9856E-05 9.9856E-05 9.9856E-05 9.9856E-05 9.9856E-05 0.0177096 9.9856E-05 9.9856E-05 9.9856E-05 9.9856E-05 9.9856E-05 0.00940835 9.9856E-05 9.9856E-05 9.9856E-05 0.971284 9.9856E-05 9.9856E-05
0.00134772 0.0404472 9.98832E-05 0.108752 0.0418147 9.98832E-05 9.98832E-05 9.98832E-05 9.98832E-05 0.00650109 9.98832E-05 9.98832E-05 9.98832E-05 9.98832E-05 0.799838 9.98832E-05 9.98832E-05 9.98832E-05 9.98832E-05
9.9865E-05 9.9865E-05 9.9865E-05 9.9865E-05 0.969205 9.9865E-05 9.9865E-05 9.9865E-05 0.000964675 9.9865E-05 9.9865E-05 9.9865E-05 9.9865E-05 9.9865E-05 0.00220434 9.9865E-05 9.9865E-05 0.0261279 9.9865E-05
9.98561E-05 0.0137711 9.98561E-05 9.98561E-05 0.980907 9.98561E-05 9.98561E-05 9.98561E-05 9.98561E-05 9.98561E-05 0.00372422 9.98561E-05 9.98561E-05 9.98561E-05 9.98561E-05 9.98561E-05 9.98561E-05 9.98561E-05 9.98561E-05
9.98473E-05 9.98473E-05 9.98473E-05 9.98473E-05 9.98473E-05 9.98473E-05 9.98473E-05 9.98473E-05 9.98473E-05 0.00837978 9.98473E-05 9.98473E-05 9.98473E-05 9.98473E-05 9.98473E-05 9.98473E-05 9.98473E-05 9.98473E-05 0.989923
9.98384E-05 9.98384E-05 9.98384E-05 9.98384E-05 9.98384E-05 9.98384E-05 9.98384E-05 9.98384E-05 9.98384E-05 9.98384E-05 9.98384E-05 9.98384E-05 9.98384E-05 9.98384E-05 9.98384E-05 9.98384E-05 9.98384E-05 9.98384E-05 0.998203
9.98379E-05 9.98379E-05 9.98379E-05 9.98379E-05 9.98379E-05 9.98379E-05 9.98379E-05 9.98379E-05 9.98379E-05 0.998203 9.98379E-05 9.98379E-05 9.98379E-05 9.98379E-05 9.98379E-05 9.98379E-05 9.98379E-05 9.98379E-05 9.98379E-05
9.98471E-05 9.98471E-05 9.98471E-05 9.98471E-05 9.98471E-05 9.98471E-05 9.98471E-05 9.98471E-05 9.98471E-05 0.98412 9.98471E-05 9.98471E-05 0.0141825 9.98471E-05 9.98471E-05 9.98471E-05 9.98471E-05 9.98471E-05 9.98471E-05
9.98652E-05 0.00170523 0.00840892 9.98652E-05 9.98652E-05 9.98652E-05 9.98652E-05 9.98652E-05 9.98652E-05 9.98652E-05 9.98652E-05 9.98652E-05 9.98652E-05 9.98652E-05 9.98652E-05 9.98652E-05 0.0308441 9.98652E-05 0.957544
9.98384E-05 9.98384E-05 9.98384E-05 9.98384E-05 9.98384E-05 9.98384E-05 9.98384E-05 9.98384E-05 9.98384E-05 9.98384E-05 9.98384E-05 9.98384E-05 9.98384E-05 9.98384E-05 9.98384E-05 9.98384E-05 9.98384E-05 9.98384E-05 0.998203
9.9856E-05 9.9856E-05 9.9856E-05 9.9856E-05 0.0162298 9.9856E-05 0.0145893 9.9856E-05 9.9856E-05 9.9856E-05 9.9856E-05 0.967583 9.9856E-05 9.9856E-05 9.9856E-05 9.9856E-05 9.9856E-05 9.9856E-05 9.9856E-05
9.98651E-05 9.98651E-05 9.98651E-05 9.98651E-05 9.98651E-05 0.766505 0.111144 9.98651E-05 9.98651E-05 9.98651E-05 9.98651E-05 9.98651E-05 0.110732 0.0101219 9.98651E-05 9.98651E-05 9.98651E-05 9.98651E-05 9.98651E-05
9.98651E-05 0.0443396 0.00682258 9.98651E-05 9.98651E-05 9.98651E-05 9.98651E-05 9.98651E-05 0.903376 9.98651E-05 9.98651E-05 9.98651E-05 0.0439637 9.98651E-05 9.98651E-05 9.98651E-05 9.98651E-05 9.98651E-05 9.98651E-05
9.9892E-05 9.9892E-05 0.0180138 9.9892E-05 9.9892E-05 9.9892E-05 0.277825 0.51275 9.9892E-05 9.9892E-05 9.9892E-05 0.0206609 9.9892E-05 9.9892E-05 0.0777849 0.0461309 9.9892E-05 9.9892E-05 0.0456355
0.00126563 9.98923E-05 9.98923E-05 9.98923E-05 9.98923E-05 0.0233209 0.335616 0.146814 9.98923E-05 9.98923E-05 9.98923E-05 0.082147 9.98923E-05 9.98923E-05 9.98923E-05 0.309586 9.98923E-05 9.98923E-05 0.100052
9.98381E-05 9.98381E-05 9.98381E-05 9.98381E-05 9.98381E-05 9.98381E-05 9.98381E-05 9.98381E-05 9.98381E-05 9.98381E-05 9.98381E-05 9.98381E-05 9.98381E-05 9.98381E-05 9.98381E-05 9.98381E-05 9.98381E-05 0.998203 9.98381E-05
