9.98738E-05 9.98738E-05 9.98738E-05 9.98738E-05 9.98738E-05 9.98738E-05 9.98738E-05 9.98738E-05 9.98738E-05 9.98738E-05 9.98738E-05 9.98738E-05 0.0115781 0.0745905 9.98738E-05 9.98738E-05 0.912433
9.98829E-05 9.98829E-05 9.98829E-05 0.14472 9.98829E-05 9.98829E-05 9.98829E-05 9.98829E-05 0.127692 0.684173 9.98829E-05 9.98829E-05 0.0421173 9.98829E-05 9.98829E-05 9.98829E-05 9.98829E-05
0.0165992 0.0215932 9.99107E-05 9.99107E-05 0.0748129 9.99107E-05 0.0713688 0.0549124 0.478343 9.99107E-05 9.99107E-05 0.281371 9.99107E-05 9.99107E-05 9.99107E-05 9.99107E-05 9.99107E-05
9.9883E-05 0.00815878 9.9883E-05 9.9883E-05 9.9883E-05 9.9883E-05 9.9883E-05 9.9883E-05 0.843945 9.9883E-05 9.9883E-05 0.106215 9.9883E-05 9.9883E-05 9.9883E-05 0.0403825 9.9883E-05
0.198364 9.99282E-05 0.0184723 0.118325 9.99282E-05 0.0539864 9.99282E-05 0.112172 0.331529 0.0592919 9.99282E-05 9.99282E-05 9.99282E-05 0.000348026 9.99282E-05 0.106712 9.99282E-05
9.9874E-05 9.9874E-05 9.9874E-05 0.0121239 9.9874E-05 0.0192028 9.9874E-05 9.9874E-05 0.967275 9.9874E-05 9.9874E-05 9.9874E-05 9.9874E-05 9.9874E-05 9.9874E-05 9.9874E-05 9.9874E-05
0.998402 9.98561E-05 9.98561E-05 9.98561E-05 9.98561E-05 9.98561E-05 9.98561E-05 9.98561E-05 9.98561E-05 9.98561E-05 9.98561E-05 9.98561E-05 9.98561E-05 9.98561E-05 9.98561E-05 9.98561E-05 9.98561E-05
9.99189E-05 0.0389994 9.99189E-05 0.0527622 9.99189E-05 9.99189E-05 9.99189E-05 0.740393 0.00546396 0.0609879 9.99189E-05 0.0128989 9.99189E-05 0.0624138 9.99189E-05 0.0251818 9.99189E-05
0.942806 9.9874E-05 9.9874E-05 9.9874E-05 9.9874E-05 9.9874E-05 9.9874E-05 9.9874E-05 9.9874E-05 0.0527804 0.00301507 9.9874E-05 9.9874E-05 9.9874E-05 9.9874E-05 9.9874E-05 9.9874E-05
0.152896 9.98651E-05 9.98651E-05 9.98651E-05 9.98651E-05 9.98651E-05 9.98651E-05 9.98651E-05 9.98651E-05 9.98651E-05 9.98651E-05 9.98651E-05 9.98651E-05 0.845606 9.98651E-05 9.98651E-05 9.98651E-05
0.137979 9.98651E-05 9.98651E-05 9.98651E-05 9.98651E-05 9.98651E-05 9.98651E-05 9.98651E-05 9.98651E-05 9.98651E-05 9.98651E-05 9.98651E-05 9.98651E-05 0.860523 9.98651E-05 9.98651E-05 9.98651E-05
0.000139785 0.109358 9.99099E-05 9.99099E-05 0.0349673 9.99099E-05 0.124781 9.99099E-05 9.99099E-05 9.99099E-05 0.00581738 0.0585148 9.99099E-05 9.99099E-05 9.99099E-05 9.99099E-05 0.665422
0.0131805 9.98744E-05 9.98744E-05 9.98744E-05 9.98744E-05 9.98744E-05 0.957801 9.98744E-05 9.98744E-05 9.98744E-05 9.98744E-05 0.0276206 9.98744E-05 9.98744E-05 9.98744E-05 9.98744E-05 9.98744E-05
9.9874E-05 9.9874E-05 9.9874E-05 9.9874E-05 0.0464265 9.9874E-05 9.9874E-05 9.9874E-05 0.933729 9.9874E-05 9.9874E-05 9.9874E-05 0.0184468 9.9874E-05 9.9874E-05 9.9874E-05 9.9874E-05
9.9883E-05 9.9883E-05 9.9883E-05 0.00118162 0.0250517 9.9883E-05 9.9883E-05 9.9883E-05 0.955941 9.9883E-05 9.9883E-05 9.9883E-05 9.9883E-05 9.9883E-05 9.9883E-05 9.9883E-05 0.0165274
9.9883E-05 9.9883E-05 9.9883E-05 9.9883E-05 9.9883E-05 0.136943 0.0816142 9.9883E-05 9.9883E-05 9.9883E-05 0.758985 9.9883E-05 9.9883E-05 0.0211593 9.9883E-05 9.9883E-05 9.9883E-05
9.98652E-05 9.98652E-05 9.98652E-05 9.98652E-05 9.98652E-05 9.98652E-05 9.98652E-05 9.98652E-05 9.98652E-05 9.98652E-05 9.98652E-05 9.98652E-05 0.951206 0.0472957 9.98652E-05 9.98652E-05 9.98652E-05
9.98918E-05 9.98918E-05 9.98918E-05 0.13937 0.789789 9.98918E-05 9.98918E-05 9.98918E-05 9.98918E-05 0.00688194 0.0145352 9.98918E-05 9.98918E-05 0.0482253 9.98918E-05 9.98918E-05 9.98918E-05
9.98651E-05 0.0274887 9.98651E-05 9.98651E-05 9.98651E-05 9.98651E-05 9.98651E-05 9.98651E-05 9.98651E-05 9.98651E-05 9.98651E-05 9.98651E-05 9.98651E-05 9.98651E-05 0.971013 9.98651E-05 9.98651E-05
9.99009E-05 0.00812405 9.99009E-05 9.99009E-05 9.99009E-05 0.212089 9.99009E-05 9.99009E-05 9.99009E-05 9.99009E-05 0.264264 9.99009E-05 0.00892836 0.439056 9.99009E-05 9.99009E-05 0.0664405
9.9856E-05 9.9856E-05 9.9856E-05 9.9856E-05 0.998402 9.9856E-05 9.9856E-05 9.9856E-05 9.9856E-05 9.9856E-05 9.9856E-05 9.9856E-05 9.9856E-05 9.9856E-05 9.9856E-05 9.9856E-05 9.9856E-05
9.991E-05 0.0187867 9.991E-05 0.318126 9.991E-05 0.0253843 0.0282686 9.991E-05 9.991E-05 9.991E-05 0.200042 9.991E-05 9.991E-05 0.00016791 9.991E-05 9.991E-05 0.408225
9.98559E-05 9.98559E-05 0.998402 9.98559E-05 9.98559E-05 9.98559E-05 9.98559E-05 9.98559E-05 9.98559E-05 9.98559E-05 9.98559E-05 9.98559E-05 9.98559E-05 9.98559E-05 9.98559E-05 9.98559E-05 9.98559E-05
9.98739E-05 9.98739E-05 0.171313 9.98739E-05 0.0400657 9.98739E-05 9.98739E-05 9.98739E-05 9.98739E-05 9.98739E-05 9.98739E-05 9.98739E-05 9.98739E-05 9.98739E-05 0.787223 9.98739E-05 9.98739E-05
9.98652E-05 9.98652E-05 9.98652E-05 9.98652E-05 9.98652E-05 9.98652E-05 9.98652E-05 9.98652E-05 0.377057 9.98652E-05 9.98652E-05 0.621445 9.98652E-05 9.98652E-05 9.98652E-05 9.98652E-05 9.98652E-05
9.98652E-05 9.98652E-05 9.98652E-05 9.98652E-05 9.98652E-05 9.98652E-05 9.98652E-05 9.98652E-05 0.804456 9.98652E-05 9.98652E-05 0.194046 9.98652E-05 9.98652E-05 9.98652E-05 9.98652E-05 9.98652E-05
9.99097E-05 0.0200141 0.0143291 9.99097E-05 9.99097E-05 9.99097E-05 0.759489 9.99097E-05 9.99097E-05 9.99097E-05 0.0113491 9.99097E-05 0.0703689 0.0480817 9.99097E-05 9.99097E-05 0.0753693
9.98651E-05 9.98651E-05 9.98651E-05 9.98651E-05 9.98651E-05 9.98651E-05 9.98651E-05 9.98651E-05 9.98651E-05 0.00493939 9.98651E-05 0.993563 9.98651E-05 9.98651E-05 9.98651E-05 9.98651E-05 9.98651E-05
9.98561E-05 9.98561E-05 9.98561E-05 9.98561E-05 9.98561E-05 9.98561E-05 9.98561E-05 9.98561E-05 9.98561E-05 9.98561E-05 9.98561E-05 0.998402 9.98561E-05 9.98561E-05 9.98561E-05 9.98561E-05 9.98561E-05
9.99102E-05 0.00478199 9.99102E-05 9.99102E-05 9.99102E-05 0.0282554 9.99102E-05 0.352528 0.26966 9.99102E-05 9.99102E-05 0.209906 9.99102E-05 9.99102E-05 0.0304195 0.10345 9.99102E-05
9.99008E-05 0.0141552 9.99008E-05 9.99008E-05 9.99008E-05 0.0179442 9.99008E-05 0.681695 0.250567 9.99008E-05 9.99008E-05 9.99008E-05 0.0200905 9.99008E-05 9.99008E-05 0.0144489 9.99008E-05
9.98564E-05 9.98564E-05 9.98564E-05 9.98564E-05 9.98564E-05 9.98564E-05 9.98564E-05 9.98564E-05 9.98564E-05 0.998402 9.98564E-05 9.98564E-05 9.98564E-05 9.98564E-05 9.98564E-05 9.98564E-05 9.98564E-05
9.98832E-05 9.98832E-05 9.98832E-05 9.98832E-05 9.98832E-05 9.98832E-05 9.98832E-05 0.143311 0.591238 9.98832E-05 0.0229539 0.241199 9.98832E-05 9.98832E-05 9.98832E-05 9.98832E-05 9.98832E-05
9.98922E-05 0.0048242 9.98922E-05 9.98922E-05 9.98922E-05 9.98922E-05 9.98922E-05 0.291694 9.98922E-05 0.0214787 9.98922E-05 9.98922E-05 9.98922E-05 9.98922E-05 9.98922E-05 0.674655 0.00615005
9.99097E-05 0.0904353 9.99097E-05 0.0570352 9.99097E-05 0.0907696 0.462914 0.0557804 9.99097E-05 9.99097E-05 9.99097E-05 9.99097E-05 0.211529 9.99097E-05 9.99097E-05 9.99097E-05 0.0305373
0.00284286 9.98919E-05 9.98919E-05 9.98919E-05 9.98919E-05 9.98919E-05 9.98919E-05 0.0210778 0.350641 9.98919E-05 9.98919E-05 0.603409 0.020831 9.98919E-05 9.98919E-05 9.98919E-05 9.98919E-05
9.98651E-05 9.98651E-05 9.98651E-05 9.98651E-05 9.98651E-05 9.98651E-05 9.98651E-05 9.98651E-05 0.033693 9.98651E-05 9.98651E-05 9.98651E-05 9.98651E-05 9.98651E-05 9.98651E-05 9.98651E-05 0.964809
9.9919E-05 9.9919E-05 0.0428032 0.0141064 9.9919E-05 9.9919E-05 9.9919E-05 0.00600097 9.9919E-05 0.217351 9.9919E-05 9.9919E-05 0.0342563 0.615077 0.00301667 9.9919E-05 0.0664892
9.98652E-05 9.98652E-05 9.98652E-05 9.98652E-05 9.98652E-05 9.98652E-05 9.98652E-05 9.98652E-05 0.025335 9.98652E-05 9.98652E-05 9.98652E-05 0.973167 9.98652E-05 9.98652E-05 9.98652E-05 9.98652E-05
9.98502E-05 9.98502E-05 9.98502E-05 0.988513 9.98502E-05 9.98502E-05 9.98502E-05 9.98502E-05 0.00998893 9.98502E-05 9.98502E-05 9.98502E-05 9.98502E-05 9.98502E-05 9.98502E-05 9.98502E-05 9.98502E-05
9.9865E-05 9.9865E-05 9.9865E-05 0.978405 9.9865E-05 9.9865E-05 9.9865E-05 9.9865E-05 9.9865E-05 9.9865E-05 9.9865E-05 9.9865E-05 9.9865E-05 9.9865E-05 9.9865E-05 9.9865E-05 0.0200973
9.9901E-05 9.9901E-05 9.9901E-05 0.0481915 9.9901E-05 0.00691325 9.9901E-05 9.9901E-05 9.9901E-05 9.9901E-05 9.9901E-05 9.9901E-05 0.0415546 0.877617 0.00818509 9.9901E-05 0.0164399
0.0863445 9.991E-05 9.991E-05 0.0459628 0.00302318 9.991E-05 0.0224616 9.991E-05 9.991E-05 9.991E-05 0.825463 9.991E-05 9.991E-05 9.991E-05 0.00705647 9.991E-05 0.00868932
9.9892E-05 9.9892E-05 9.9892E-05 9.9892E-05 9.9892E-05 0.093721 0.0126768 9.9892E-05 9.9892E-05 9.9892E-05 9.9892E-05 9.9892E-05 0.0157124 0.870602 9.9892E-05 9.9892E-05 0.00608932
9.99369E-05 0.0345969 0.187578 0.109978 9.99369E-05 0.124403 0.116367 9.99369E-05 9.99369E-05 0.0429251 0.0186843 9.99369E-05 9.99369E-05 0.312707 0.0157129 9.99369E-05 0.0363477
9.9955E-05 0.0245755 0.0108389 0.138251 9.9955E-05 0.103296 0.0168331 0.0308467 0.0418162 0.0279532 0.0938852 9.9955E-05 9.9955E-05 0.445063 0.0253869 9.9955E-05 0.040755
0.0388659 0.00223773 9.9937E-05 9.9937E-05 9.9937E-05 0.391843 9.9937E-05 0.0182781 0.0879187 9.9937E-05 9.9937E-05 0.00762069 0.0712282 0.205916 9.9937E-05 0.01415 0.161241
9.98748E-05 9.98748E-05 0.00398279 9.98748E-05 9.98748E-05 9.98748E-05 9.98748E-05 9.98748E-05 9.98748E-05 9.98748E-05 9.98748E-05 9.98748E-05 9.98748E-05 9.98748E-05 0.0143306 9.98748E-05 0.980288
9.98653E-05 9.98653E-05 9.98653E-05 9.98653E-05 9.98653E-05 9.98653E-05 9.98653E-05 9.98653E-05 9.98653E-05 9.98653E-05 9.98653E-05 9.98653E-05 0.00536987 9.98653E-05 9.98653E-05 0.993132 9.98653E-05
9.98652E-05 9.98652E-05 9.98652E-05 9.98652E-05 0.00104632 9.98652E-05 9.98652E-05 9.98652E-05 9.98652E-05 9.98652E-05 9.98652E-05 9.98652E-05 9.98652E-05 9.98652E-05 9.98652E-05 0.997456 9.98652E-05
9.98832E-05 9.98832E-05 9.98832E-05 0.00216858 9.98832E-05 9.98832E-05 9.98832E-05 9.98832E-05 9.98832E-05 9.98832E-05 0.000987952 0.00280629 9.98832E-05 9.98832E-05 9.98832E-05 0.992739 9.98832E-05
9.98563E-05 9.98563E-05 9.98563E-05 9.98563E-05 9.98563E-05 9.98563E-05 9.98563E-05 9.98563E-05 9.98563E-05 9.98563E-05 9.98563E-05 9.98563E-05 9.98563E-05 9.98563E-05 9.98563E-05 0.998402 9.98563E-05
9.98562E-05 9.98562E-05 9.98562E-05 9.98562E-05 9.98562E-05 9.98562E-05 9.98562E-05 9.98562E-05 9.98562E-05 9.98562E-05 9.98562E-05 9.98562E-05 9.98562E-05 9.98562E-05 9.98562E-05 0.998402 9.98562E-05
0.0512233 9.99012E-05 0.122862 9.99012E-05 9.99012E-05 9.99012E-05 9.99012E-05 0.385751 9.99012E-05 9.99012E-05 0.0505032 0.0648028 9.99012E-05 9.99012E-05 9.99012E-05 0.323759 9.99012E-05
9.98741E-05 9.98741E-05 9.98741E-05 9.98741E-05 9.98741E-05 9.98741E-05 9.98741E-05 9.98741E-05 9.98741E-05 0.0995178 9.98741E-05 9.98741E-05 9.98741E-05 9.98741E-05 9.98741E-05 0.886722 0.0123619
0.012387 9.98918E-05 9.98918E-05 0.0140204 9.98918E-05 0.0813979 9.98918E-05 9.98918E-05 9.98918E-05 9.98918E-05 0.151512 9.98918E-05 9.98918E-05 9.98918E-05 9.98918E-05 9.98918E-05 0.739484
0.0472438 0.0140471 9.99008E-05 9.99008E-05 9.99008E-05 9.99008E-05 9.99008E-05 9.99008E-05 9.99008E-05 0.843316 0.0176463 0.0458649 9.99008E-05 9.99008E-05 9.99008E-05 0.030783 9.99008E-05
9.99009E-05 9.99009E-05 9.99009E-05 0.020851 9.99009E-05 9.99009E-05 9.99009E-05 9.99009E-05 0.61721 0.0155458 9.99009E-05 0.336448 0.00598185 9.99009E-05 9.99009E-05 0.00286469 9.99009E-05
9.98921E-05 0.0475105 9.98921E-05 0.162436 0.00684513 9.98921E-05 0.769815 9.98921E-05 9.98921E-05 9.98921E-05 0.0121946 9.98921E-05 9.98921E-05 9.98921E-05 9.98921E-05 9.98921E-05 9.98921E-05
9.98833E-05 9.98833E-05 9.98833E-05 9.98833E-05 9.98833E-05 0.101593 0.00659742 9.98833E-05 9.98833E-05 9.98833E-05 0.885321 9.98833E-05 9.98833E-05 9.98833E-05 9.98833E-05 9.98833E-05 0.00518941
9.98566E-05 9.98566E-05 9.98566E-05 9.98566E-05 9.98566E-05 9.98566E-05 0.998402 9.98566E-05 9.98566E-05 9.98566E-05 9.98566E-05 9.98566E-05 9.98566E-05 9.98566E-05 9.98566E-05 9.98566E-05 9.98566E-05
9.98739E-05 9.98739E-05 9.98739E-05 0.0192382 9.98739E-05 9.98739E-05 0.867589 9.98739E-05 9.98739E-05 9.98739E-05 9.98739E-05 9.98739E-05 9.98739E-05 0.111774 9.98739E-05 9.98739E-05 9.98739E-05
9.99008E-05 0.0615855 0.00483222 0.0502276 9.99008E-05 0.0806136 0.788125 9.99008E-05 9.99008E-05 9.99008E-05 9.99008E-05 9.99008E-05 9.99008E-05 0.0135172 9.99008E-05 9.99008E-05 9.99008E-05
9.98741E-05 9.98741E-05 9.98741E-05 0.0272894 9.98741E-05 9.98741E-05 9.98741E-05 0.0232694 9.98741E-05 9.98741E-05 9.98741E-05 9.98741E-05 9.98741E-05 9.98741E-05 0.948043 9.98741E-05 9.98741E-05
9.98655E-05 9.98655E-05 9.98655E-05 9.98655E-05 9.98655E-05 9.98655E-05 9.98655E-05 9.98655E-05 0.400197 9.98655E-05 9.98655E-05 0.598305 9.98655E-05 9.98655E-05 9.98655E-05 9.98655E-05 9.98655E-05
9.99551E-05 0.0518611 9.99551E-05 0.0338086 0.0605055 0.188456 0.0423849 0.0064449 0.272367 0.0650874 9.99551E-05 0.00884115 9.99551E-05 0.0775459 9.99551E-05 0.0652571 0.12694
9.98923E-05 9.98923E-05 9.98923E-05 9.98923E-05 9.98923E-05 9.98923E-05 0.0113053 0.00742233 0.910821 9.98923E-05 0.0568822 0.0123708 9.98923E-05 9.98923E-05 9.98923E-05 9.98923E-05 9.98923E-05
0.0292456 9.991E-05 9.991E-05 0.00512692 9.991E-05 9.991E-05 9.991E-05 0.00515988 0.724805 9.991E-05 9.991E-05 0.176787 0.0304869 9.991E-05 9.991E-05 0.0273904 9.991E-05
9.98652E-05 9.98652E-05 0.00920919 9.98652E-05 9.98652E-05 9.98652E-05 9.98652E-05 9.98652E-05 9.98652E-05 9.98652E-05 9.98652E-05 0.989293 9.98652E-05 9.98652E-05 9.98652E-05 9.98652E-05 9.98652E-05
9.98652E-05 9.98652E-05 0.00684159 9.98652E-05 9.98652E-05 9.98652E-05 9.98652E-05 9.98652E-05 9.98652E-05 9.98652E-05 9.98652E-05 0.99166 9.98652E-05 9.98652E-05 9.98652E-05 9.98652E-05 9.98652E-05
9.99012E-05 9.99012E-05 9.99012E-05 0.0507185 9.99012E-05 0.00961255 9.99012E-05 0.150686 0.677507 9.99012E-05 9.99012E-05 0.106283 9.99012E-05 9.99012E-05 9.99012E-05 9.99012E-05 0.00409371
9.98739E-05 9.98739E-05 9.98739E-05 9.98739E-05 9.98739E-05 0.0205422 9.98739E-05 9.98739E-05 0.551613 9.98739E-05 9.98739E-05 0.426447 9.98739E-05 9.98739E-05 9.98739E-05 9.98739E-05 9.98739E-05
9.9865E-05 9.9865E-05 9.9865E-05 9.9865E-05 9.9865E-05 9.9865E-05 9.9865E-05 0.994741 9.9865E-05 9.9865E-05 9.9865E-05 9.9865E-05 9.9865E-05 9.9865E-05 9.9865E-05 0.0037612 9.9865E-05
9.98652E-05 9.98652E-05 9.98652E-05 9.98652E-05 9.98652E-05 9.98652E-05 0.0675502 0.930952 9.98652E-05 9.98652E-05 9.98652E-05 9.98652E-05 9.98652E-05 9.98652E-05 9.98652E-05 9.98652E-05 9.98652E-05
9.9901E-05 9.9901E-05 0.00839389 9.9901E-05 0.00027915 9.9901E-05 9.9901E-05 9.9901E-05 0.820477 9.9901E-05 0.0337941 0.132629 9.9901E-05 9.9901E-05 9.9901E-05 0.00332786 9.9901E-05
9.9892E-05 9.9892E-05 0.0192902 0.00515882 9.9892E-05 9.9892E-05 9.9892E-05 9.9892E-05 0.00723477 9.9892E-05 0.9515 9.9892E-05 0.0156177 9.9892E-05 9.9892E-05 9.9892E-05 9.9892E-05
9.9865E-05 9.9865E-05 0.00577466 9.9865E-05 9.9865E-05 9.9865E-05 9.9865E-05 9.9865E-05 9.9865E-05 9.9865E-05 0.992727 9.9865E-05 9.9865E-05 9.9865E-05 9.9865E-05 9.9865E-05 9.9865E-05
9.98653E-05 0.990319 9.98653E-05 0.00818282 9.98653E-05 9.98653E-05 9.98653E-05 9.98653E-05 9.98653E-05 9.98653E-05 9.98653E-05 9.98653E-05 9.98653E-05 9.98653E-05 9.98653E-05 9.98653E-05 9.98653E-05
9.98653E-05 0.991787 9.98653E-05 0.00671548 9.98653E-05 9.98653E-05 9.98653E-05 9.98653E-05 9.98653E-05 9.98653E-05 9.98653E-05 9.98653E-05 9.98653E-05 9.98653E-05 9.98653E-05 9.98653E-05 9.98653E-05
9.9892E-05 9.9892E-05 9.9892E-05 0.0741714 9.9892E-05 9.9892E-05 9.9892E-05 9.9892E-05 9.9892E-05 0.0287036 0.0179513 0.0196615 9.9892E-05 0.858314 9.9892E-05 9.9892E-05 9.9892E-05
9.99009E-05 9.99009E-05 9.99009E-05 0.0517315 9.99009E-05 9.99009E-05 0.045734 9.99009E-05 9.99009E-05 0.0192617 0.0493714 0.00252305 9.99009E-05 0.830279 9.99009E-05 9.99009E-05 9.99009E-05
9.98833E-05 0.957894 0.0135019 9.98833E-05 9.98833E-05 9.98833E-05 9.98833E-05 0.000689156 9.98833E-05 9.98833E-05 9.98833E-05 9.98833E-05 0.0266166 9.98833E-05 9.98833E-05 9.98833E-05 9.98833E-05
9.98563E-05 0.998402 9.98563E-05 9.98563E-05 9.98563E-05 9.98563E-05 9.98563E-05 9.98563E-05 9.98563E-05 9.98563E-05 9.98563E-05 9.98563E-05 9.98563E-05 9.98563E-05 9.98563E-05 9.98563E-05 9.98563E-05
0.00709285 9.98919E-05 9.98919E-05 9.98919E-05 9.98919E-05 9.98919E-05 0.0286616 9.98919E-05 9.98919E-05 9.98919E-05 0.0379604 9.98919E-05 9.98919E-05 9.98919E-05 9.98919E-05 0.00242553 0.922661
0.128404 9.9892E-05 9.9892E-05 0.693112 9.9892E-05 9.9892E-05 0.0898111 9.9892E-05 9.9892E-05 9.9892E-05 0.0626225 9.9892E-05 9.9892E-05 9.9892E-05 0.0248522 9.9892E-05 9.9892E-05
0.0744174 9.9874E-05 9.9874E-05 9.9874E-05 9.9874E-05 9.9874E-05 9.9874E-05 9.9874E-05 9.9874E-05 0.875368 9.9874E-05 9.9874E-05 9.9874E-05 9.9874E-05 9.9874E-05 0.048816 9.9874E-05
9.9865E-05 9.9865E-05 0.0247605 9.9865E-05 9.9865E-05 0.973742 9.9865E-05 9.9865E-05 9.9865E-05 9.9865E-05 9.9865E-05 9.9865E-05 9.9865E-05 9.9865E-05 9.9865E-05 9.9865E-05 9.9865E-05
9.9883E-05 9.9883E-05 9.9883E-05 9.9883E-05 0.0184274 0.923739 0.0244992 9.9883E-05 9.9883E-05 9.9883E-05 9.9883E-05 9.9883E-05 0.0320362 9.9883E-05 9.9883E-05 9.9883E-05 9.9883E-05
9.98921E-05 9.98921E-05 0.0162245 9.98921E-05 0.038037 9.98921E-05 9.98921E-05 0.741492 0.0034461 9.98921E-05 9.98921E-05 0.199602 9.98921E-05 9.98921E-05 9.98921E-05 9.98921E-05 9.98921E-05
