0.0236828 9.98738E-05 9.98738E-05 9.98738E-05 9.98738E-05 9.98738E-05 9.98738E-05 9.98738E-05 9.98738E-05 9.98738E-05 9.98738E-05 9.98738E-05 0.925536 0.0493833 9.98738E-05 9.98738E-05 9.98738E-05
0.0398077 9.98829E-05 9.98829E-05 9.98829E-05 9.98829E-05 0.0979062 9.98829E-05 9.98829E-05 9.98829E-05 9.98829E-05 9.98829E-05 9.98829E-05 9.98829E-05 9.98829E-05 0.686422 0.174566 9.98829E-05
9.9856E-05 9.9856E-05 9.9856E-05 9.9856E-05 9.9856E-05 9.9856E-05 0.998402 9.9856E-05 9.9856E-05 9.9856E-05 9.9856E-05 9.9856E-05 9.9856E-05 9.9856E-05 9.9856E-05 9.9856E-05 9.9856E-05
9.9892E-05 9.9892E-05 9.9892E-05 9.9892E-05 0.029538 0.904077 0.0025257 0.0253538 9.9892E-05 9.9892E-05 9.9892E-05 9.9892E-05 9.9892E-05 9.9892E-05 9.9892E-05 9.9892E-05 0.037307
9.99102E-05 9.99102E-05 9.99102E-05 0.143703 9.99102E-05 0.297031 9.99102E-05 0.0646549 9.99102E-05 9.99102E-05 9.99102E-05 0.199409 9.99102E-05 0.089306 0.127445 0.0774515 9.99102E-05
9.98562E-05 9.98562E-05 9.98562E-05 9.98562E-05 9.98562E-05 0.998402 9.98562E-05 9.98562E-05 9.98562E-05 9.98562E-05 9.98562E-05 9.98562E-05 9.98562E-05 9.98562E-05 9.98562E-05 9.98562E-05 9.98562E-05
9.98562E-05 9.98562E-05 9.98562E-05 0.998402 9.98562E-05 9.98562E-05 9.98562E-05 9.98562E-05 9.98562E-05 9.98562E-05 9.98562E-05 9.98562E-05 9.98562E-05 9.98562E-05 9.98562E-05 9.98562E-05 9.98562E-05
9.99099E-05 9.99099E-05 9.99099E-05 9.99099E-05 0.00761878 0.0223761 9.99099E-05 0.00113497 9.99099E-05 9.99099E-05 9.99099E-05 0.803526 9.99099E-05 0.107398 0.049176 0.00777079 9.99099E-05
0.0170909 9.9883E-05 9.9883E-05 0.940061 9.9883E-05 9.9883E-05 9.9883E-05 0.0199217 9.9883E-05 9.9883E-05 9.9883E-05 9.9883E-05 9.9883E-05 9.9883E-05 0.0216277 9.9883E-05 9.9883E-05
9.98651E-05 9.98651E-05 9.98651E-05 0.1234 9.98651E-05 9.98651E-05 9.98651E-05 9.98651E-05 9.98651E-05 9.98651E-05 9.98651E-05 9.98651E-05 9.98651E-05 0.875102 9.98651E-05 9.98651E-05 9.98651E-05
9.98651E-05 9.98651E-05 9.98651E-05 0.149006 9.98651E-05 9.98651E-05 9.98651E-05 9.98651E-05 9.98651E-05 9.98651E-05 9.98651E-05 9.98651E-05 9.98651E-05 0.849496 9.98651E-05 9.98651E-05 9.98651E-05
9.991E-05 9.991E-05 9.991E-05 0.00459736 0.130835 0.0158215 0.0190389 9.991E-05 9.991E-05 9.991E-05 0.15562 9.991E-05 0.668566 9.991E-05 9.991E-05 9.991E-05 0.00452216
9.98834E-05 0.00184685 9.98834E-05 0.0106551 9.98834E-05 9.98834E-05 9.98834E-05 9.98834E-05 9.98834E-05 9.98834E-05 0.950837 9.98834E-05 9.98834E-05 9.98834E-05 9.98834E-05 9.98834E-05 0.0353629
9.98741E-05 9.98741E-05 9.98741E-05 9.98741E-05 9.98741E-05 0.955283 9.98741E-05 9.98741E-05 0.0246616 9.98741E-05 9.98741E-05 9.98741E-05 9.98741E-05 9.98741E-05 0.0186574 9.98741E-05 9.98741E-05
9.98742E-05 9.98742E-05 9.98742E-05 9.98742E-05 9.98742E-05 0.981908 9.98742E-05 9.98742E-05 0.00761247 9.98742E-05 9.98742E-05 9.98742E-05 0.00908097 9.98742E-05 9.98742E-05 9.98742E-05 9.98742E-05
9.98801E-05 0.111986 9.98801E-05 9.98801E-05 9.98801E-05 9.98801E-05 9.98801E-05 9.98801E-05 9.98801E-05 0.712933 0.110387 9.98801E-05 9.98801E-05 0.0438864 9.98801E-05 0.0196092 9.98801E-05
0.919087 9.98649E-05 9.98649E-05 9.98649E-05 9.98649E-05 9.98649E-05 9.98649E-05 9.98649E-05 9.98649E-05 9.98649E-05 9.98649E-05 9.98649E-05 9.98649E-05 0.0794149 9.98649E-05 9.98649E-05 9.98649E-05
9.98561E-05 9.98561E-05 9.98561E-05 9.98561E-05 9.98561E-05 9.98561E-05 9.98561E-05 9.98561E-05 0.998402 9.98561E-05 9.98561E-05 9.98561E-05 9.98561E-05 9.98561E-05 9.98561E-05 9.98561E-05 9.98561E-05
9.98649E-05 9.98649E-05 0.930428 9.98649E-05 0.0680743 9.98649E-05 9.98649E-05 9.98649E-05 9.98649E-05 9.98649E-05 9.98649E-05 9.98649E-05 9.98649E-05 9.98649E-05 9.98649E-05 9.98649E-05 9.98649E-05
9.98918E-05 0.157765 9.98918E-05 9.98918E-05 0.0230108 9.98918E-05 9.98918E-05 9.98918E-05 9.98918E-05 0.299805 9.98918E-05 9.98918E-05 0.0795917 0.438629 9.98918E-05 9.98918E-05 9.98918E-05
9.98651E-05 9.98651E-05 0.798027 9.98651E-05 9.98651E-05 9.98651E-05 9.98651E-05 9.98651E-05 0.200475 9.98651E-05 9.98651E-05 9.98651E-05 9.98651E-05 9.98651E-05 9.98651E-05 9.98651E-05 9.98651E-05
0.0218993 9.99099E-05 9.99099E-05 9.99099E-05 0.00983964 9.99099E-05 9.99099E-05 9.99099E-05 9.99099E-05 0.167407 0.0572014 9.99099E-05 0.431516 0.024998 9.99099E-05 0.28614 9.99099E-05
0.264182 9.99011E-05 0.337725 9.99011E-05 0.196435 9.99011E-05 9.99011E-05 0.00554849 0.0400654 9.99011E-05 9.99011E-05 9.99011E-05 9.99011E-05 0.154945 9.99011E-05 9.99011E-05 9.99011E-05
0.0416097 0.0400693 0.890872 9.98919E-05 0.0146797 9.98919E-05 9.98919E-05 9.98919E-05 9.98919E-05 9.98919E-05 9.98919E-05 9.98919E-05 9.98919E-05 0.0115707 9.98919E-05 9.98919E-05 9.98919E-05
9.98654E-05 9.98654E-05 9.98654E-05 9.98654E-05 9.98654E-05 0.382833 9.98654E-05 9.98654E-05 9.98654E-05 9.98654E-05 9.98654E-05 9.98654E-05 9.98654E-05 9.98654E-05 9.98654E-05 9.98654E-05 0.615669
9.98653E-05 9.98653E-05 9.98653E-05 9.98653E-05 9.98653E-05 0.835875 9.98653E-05 9.98653E-05 9.98653E-05 9.98653E-05 9.98653E-05 9.98653E-05 9.98653E-05 9.98653E-05 9.98653E-05 9.98653E-05 0.162627
0.0531194 9.98918E-05 9.98918E-05 9.98918E-05 0.0303566 9.98918E-05 9.98918E-05 9.98918E-05 9.98918E-05 9.98918E-05 0.755869 9.98918E-05 0.0766659 0.0827902 9.98918E-05 9.98918E-05 9.98918E-05
9.98652E-05 9.98652E-05 9.98652E-05 9.98652E-05 9.98652E-05 9.98652E-05 9.98652E-05 9.98652E-05 9.98652E-05 9.98652E-05 9.98652E-05 9.98652E-05 9.98652E-05 9.98652E-05 0.00779625 9.98652E-05 0.990706
9.98561E-05 9.98561E-05 9.98561E-05 9.98561E-05 9.98561E-05 9.98561E-05 9.98561E-05 9.98561E-05 9.98561E-05 9.98561E-05 9.98561E-05 9.98561E-05 9.98561E-05 9.98561E-05 9.98561E-05 9.98561E-05 0.998402
9.99371E-05 9.99371E-05 0.00416338 9.99371E-05 9.99371E-05 0.319526 0.10358 0.104602 0.00695988 9.99371E-05 0.0031473 0.255866 0.0121195 9.99371E-05 0.00859141 9.99371E-05 0.180744
9.99009E-05 0.013478 9.99009E-05 9.99009E-05 0.0240085 0.189229 9.99009E-05 0.0713565 9.99009E-05 9.99009E-05 9.99009E-05 0.589517 9.99009E-05 9.99009E-05 9.99009E-05 9.99009E-05 0.111312
9.98564E-05 9.98564E-05 9.98564E-05 9.98564E-05 9.98564E-05 9.98564E-05 9.98564E-05 9.98564E-05 9.98564E-05 9.98564E-05 9.98564E-05 9.98564E-05 9.98564E-05 9.98564E-05 0.998402 9.98564E-05 9.98564E-05
9.98742E-05 9.98742E-05 9.98742E-05 9.98742E-05 9.98742E-05 0.514362 9.98742E-05 9.98742E-05 9.98742E-05 9.98742E-05 9.98742E-05 0.165453 9.98742E-05 9.98742E-05 9.98742E-05 9.98742E-05 0.318786
9.98833E-05 9.98833E-05 9.98833E-05 9.98833E-05 9.98833E-05 9.98833E-05 0.00647774 0.65881 9.98833E-05 9.98833E-05 9.98833E-05 0.302459 9.98833E-05 9.98833E-05 9.98833E-05 9.98833E-05 0.0309549
0.254663 0.0238877 9.99097E-05 9.99097E-05 0.108462 9.99097E-05 9.99097E-05 9.99097E-05 9.99097E-05 9.99097E-05 0.454779 0.0623815 0.0202096 9.99097E-05 9.99097E-05 0.0746182 9.99097E-05
9.98918E-05 0.0378187 9.98918E-05 0.0150027 9.98918E-05 0.322455 9.98918E-05 9.98918E-05 9.98918E-05 9.98918E-05 9.98918E-05 0.0112814 9.98918E-05 9.98918E-05 9.98918E-05 9.98918E-05 0.612243
0.00667629 9.9874E-05 9.9874E-05 9.9874E-05 9.9874E-05 9.9874E-05 9.9874E-05 9.9874E-05 9.9874E-05 9.9874E-05 9.9874E-05 0.0394167 0.952509 9.9874E-05 9.9874E-05 9.9874E-05 9.9874E-05
0.0583441 9.99099E-05 9.99099E-05 9.99099E-05 9.99099E-05 0.00335676 9.99099E-05 9.99099E-05 0.00487486 9.99099E-05 9.99099E-05 9.99099E-05 0.0976785 0.598115 0.230265 0.00636683 9.99099E-05
0.98696 9.9865E-05 9.9865E-05 9.9865E-05 9.9865E-05 0.0115422 9.9865E-05 9.9865E-05 9.9865E-05 9.9865E-05 9.9865E-05 9.9865E-05 9.9865E-05 9.9865E-05 9.9865E-05 9.9865E-05 9.9865E-05
9.98651E-05 9.98651E-05 9.98651E-05 9.98651E-05 9.98651E-05 0.00758583 9.98651E-05 9.98651E-05 9.98651E-05 9.98651E-05 9.98651E-05 9.98651E-05 9.98651E-05 9.98651E-05 9.98651E-05 0.990916 9.98651E-05
9.9874E-05 9.9874E-05 9.9874E-05 9.9874E-05 9.9874E-05 9.9874E-05 9.9874E-05 9.9874E-05 9.9874E-05 9.9874E-05 9.9874E-05 9.9874E-05 0.0031021 0.0153423 9.9874E-05 0.980157 9.9874E-05
0.0224536 0.00426259 0.00088475 9.99099E-05 9.99099E-05 9.99099E-05 9.99099E-05 9.99099E-05 9.99099E-05 0.00124752 9.99099E-05 9.99099E-05 0.014424 0.91092 9.99099E-05 0.0448089 9.99099E-05
9.991E-05 9.991E-05 0.0161065 0.0893989 9.991E-05 9.991E-05 9.991E-05 9.991E-05 9.991E-05 0.811609 0.0641192 9.991E-05 0.00261549 0.00233366 9.991E-05 0.0128185 9.991E-05
0.0250582 0.0751681 9.98919E-05 9.98919E-05 9.98919E-05 9.98919E-05 9.98919E-05 9.98919E-05 9.98919E-05 0.0045618 9.98919E-05 9.98919E-05 0.0423684 0.851645 9.98919E-05 9.98919E-05 9.98919E-05
9.99279E-05 0.260342 0.0913562 0.00374838 0.0171777 9.99279E-05 9.99279E-05 9.99279E-05 9.99279E-05 0.0442016 0.0918177 9.99279E-05 9.99279E-05 0.342927 0.0712609 0.076369 9.99279E-05
9.9937E-05 0.119637 0.0171571 9.9937E-05 9.9937E-05 0.00427349 0.0448877 9.9937E-05 9.9937E-05 0.126024 9.9937E-05 0.00239899 0.0714751 0.415272 0.0338048 0.16437 9.9937E-05
0.158988 0.269386 9.99369E-05 0.00216082 9.99369E-05 0.0250899 0.0671517 0.020393 9.99369E-05 9.99369E-05 0.0235256 9.99369E-05 0.201692 0.227274 9.99369E-05 9.99369E-05 0.00363839
9.98658E-05 9.98658E-05 9.98658E-05 9.98658E-05 9.98658E-05 9.98658E-05 9.98658E-05 9.98658E-05 0.0430271 9.98658E-05 9.98658E-05 9.98658E-05 0.955475 9.98658E-05 9.98658E-05 9.98658E-05 9.98658E-05
9.98561E-05 9.98561E-05 9.98561E-05 9.98561E-05 9.98561E-05 9.98561E-05 9.98561E-05 0.998402 9.98561E-05 9.98561E-05 9.98561E-05 9.98561E-05 9.98561E-05 9.98561E-05 9.98561E-05 9.98561E-05 9.98561E-05
0.0159573 9.98831E-05 9.98831E-05 9.98831E-05 9.98831E-05 9.98831E-05 9.98831E-05 0.977874 0.00233607 9.98831E-05 9.98831E-05 9.98831E-05 9.98831E-05 9.98831E-05 9.98831E-05 0.00253371 9.98831E-05
9.98677E-05 9.98677E-05 9.98677E-05 9.98677E-05 9.98677E-05 9.98677E-05 9.98677E-05 0.993572 9.98677E-05 9.98677E-05 9.98677E-05 9.98677E-05 9.98677E-05 9.98677E-05 9.98677E-05 9.98677E-05 0.00492989
9.98653E-05 9.98653E-05 9.98653E-05 9.98653E-05 9.98653E-05 9.98653E-05 9.98653E-05 0.997318 0.0011845 9.98653E-05 9.98653E-05 9.98653E-05 9.98653E-05 9.98653E-05 9.98653E-05 9.98653E-05 9.98653E-05
9.98563E-05 9.98563E-05 9.98563E-05 9.98563E-05 9.98563E-05 9.98563E-05 9.98563E-05 0.998402 9.98563E-05 9.98563E-05 9.98563E-05 9.98563E-05 9.98563E-05 9.98563E-05 9.98563E-05 9.98563E-05 9.98563E-05
9.99192E-05 9.99192E-05 0.0369551 0.035754 9.99192E-05 9.99192E-05 0.0098715 0.387671 9.99192E-05 0.0845639 9.99192E-05 0.340112 9.99192E-05 9.99192E-05 9.99192E-05 0.0301712 0.0740018
9.98832E-05 9.98832E-05 9.98832E-05 9.98832E-05 9.98832E-05 9.98832E-05 9.98832E-05 0.912052 9.98832E-05 9.98832E-05 0.00384261 9.98832E-05 0.00640741 9.98832E-05 0.0763998 9.98832E-05 9.98832E-05
9.98737E-05 0.080407 9.98737E-05 9.98737E-05 9.98737E-05 9.98737E-05 9.98737E-05 9.98737E-05 9.98737E-05 0.161618 9.98737E-05 9.98737E-05 0.756577 9.98737E-05 9.98737E-05 9.98737E-05 9.98737E-05
9.98919E-05 0.00375663 9.98919E-05 0.0306085 9.98919E-05 9.98919E-05 9.98919E-05 0.0515029 9.98919E-05 9.98919E-05 9.98919E-05 9.98919E-05 9.98919E-05 9.98919E-05 0.895756 9.98919E-05 0.017177
9.98739E-05 9.98739E-05 9.98739E-05 9.98739E-05 9.98739E-05 0.593399 9.98739E-05 9.98739E-05 9.98739E-05 9.98739E-05 9.98739E-05 9.98739E-05 9.98739E-05 9.98739E-05 9.98739E-05 0.00181287 0.40339
9.98831E-05 9.98831E-05 9.98831E-05 9.98831E-05 0.0100069 9.98831E-05 9.98831E-05 9.98831E-05 9.98831E-05 0.0261967 0.829885 9.98831E-05 9.98831E-05 9.98831E-05 9.98831E-05 0.132613 9.98831E-05
9.98654E-05 0.0968704 9.98654E-05 9.98654E-05 9.98654E-05 9.98654E-05 9.98654E-05 9.98654E-05 9.98654E-05 0.901632 9.98654E-05 9.98654E-05 9.98654E-05 9.98654E-05 9.98654E-05 9.98654E-05 9.98654E-05
9.98567E-05 9.98567E-05 9.98567E-05 9.98567E-05 9.98567E-05 9.98567E-05 9.98567E-05 9.98567E-05 9.98567E-05 9.98567E-05 0.998402 9.98567E-05 9.98567E-05 9.98567E-05 9.98567E-05 9.98567E-05 9.98567E-05
9.98919E-05 9.98919E-05 9.98919E-05 9.98919E-05 9.98919E-05 9.98919E-05 0.000428224 9.98919E-05 0.00169083 9.98919E-05 0.904895 9.98919E-05 0.00395332 0.0878339 9.98919E-05 9.98919E-05 9.98919E-05
9.98918E-05 0.0621133 9.98918E-05 9.98918E-05 0.0676318 9.98918E-05 9.98918E-05 9.98918E-05 0.00495731 9.98918E-05 0.771026 9.98918E-05 9.98918E-05 0.0930725 9.98918E-05 9.98918E-05 9.98918E-05
9.98743E-05 9.98743E-05 0.905101 9.98743E-05 9.98743E-05 9.98743E-05 9.98743E-05 9.98743E-05 9.98743E-05 9.98743E-05 9.98743E-05 9.98743E-05 0.087375 9.98743E-05 9.98743E-05 0.00612529 9.98743E-05
9.98744E-05 9.98744E-05 9.98744E-05 9.98744E-05 9.98744E-05 0.307719 0.0309489 9.98744E-05 9.98744E-05 9.98744E-05 9.98744E-05 9.98744E-05 9.98744E-05 9.98744E-05 9.98744E-05 9.98744E-05 0.659934
0.0224512 9.99462E-05 0.00749017 9.99462E-05 0.0809754 9.99462E-05 0.0783791 0.0619953 9.99462E-05 0.26322 0.0467389 9.99462E-05 0.00230263 0.174711 0.00584298 9.99462E-05 0.255293
9.98744E-05 9.98744E-05 9.98744E-05 9.98744E-05 9.98744E-05 0.85532 0.123526 9.98744E-05 9.98744E-05 0.0197555 9.98744E-05 9.98744E-05 9.98744E-05 9.98744E-05 9.98744E-05 9.98744E-05 9.98744E-05
0.0128911 9.9919E-05 9.9919E-05 0.0126923 9.9919E-05 0.674507 9.9919E-05 0.016451 9.9919E-05 9.9919E-05 9.9919E-05 0.0432088 0.0152927 9.9919E-05 9.9919E-05 0.0142796 0.209779
9.98561E-05 9.98561E-05 9.98561E-05 9.98561E-05 9.98561E-05 9.98561E-05 9.98561E-05 9.98561E-05 9.98561E-05 9.98561E-05 9.98561E-05 9.98561E-05 9.98561E-05 9.98561E-05 9.98561E-05 9.98561E-05 0.998402
9.98652E-05 9.98652E-05 9.98652E-05 9.98652E-05 9.98652E-05 9.98652E-05 9.98652E-05 9.98652E-05 0.00164797 9.98652E-05 9.98652E-05 9.98652E-05 9.98652E-05 9.98652E-05 9.98652E-05 9.98652E-05 0.996854
9.98922E-05 9.98922E-05 9.98922E-05 9.98922E-05 9.98922E-05 0.649571 9.98922E-05 9.98922E-05 9.98922E-05 9.98922E-05 9.98922E-05 0.190137 9.98922E-05 0.00974007 9.98922E-05 0.0229273 0.126426
0.0142957 0.00714826 9.98919E-05 9.98919E-05 9.98919E-05 0.489879 9.98919E-05 9.98919E-05 9.98919E-05 9.98919E-05 9.98919E-05 9.98919E-05 9.98919E-05 9.98919E-05 9.98919E-05 0.0245501 0.462928
9.9856E-05 9.9856E-05 9.9856E-05 9.9856E-05 9.9856E-05 9.9856E-05 9.9856E-05 9.9856E-05 9.9856E-05 9.9856E-05 9.9856E-05 0.998402 9.9856E-05 9.9856E-05 9.9856E-05 9.9856E-05 9.9856E-05
9.98741E-05 9.98741E-05 9.98741E-05 0.083923 9.98741E-05 9.98741E-05 9.98741E-05 9.98741E-05 9.98741E-05 9.98741E-05 0.0303199 0.884359 9.98741E-05 9.98741E-05 9.98741E-05 9.98741E-05 9.98741E-05
9.99191E-05 9.99191E-05 9.99191E-05 9.99191E-05 0.00970938 0.827416 0.00156652 0.0377995 0.00488931 0.0045375 9.99191E-05 9.99191E-05 0.00409024 9.99191E-05 9.99191E-05 9.99191E-05 0.109093
9.9892E-05 9.9892E-05 9.9892E-05 9.9892E-05 0.0170126 0.00326528 9.9892E-05 0.0120888 9.9892E-05 0.960371 9.9892E-05 9.9892E-05 9.9892E-05 9.9892E-05 9.9892E-05 0.00606346 9.9892E-05
9.9865E-05 9.9865E-05 9.9865E-05 9.9865E-05 9.9865E-05 9.9865E-05 9.9865E-05 0.00342574 9.9865E-05 0.995076 9.9865E-05 9.9865E-05 9.9865E-05 9.9865E-05 9.9865E-05 9.9865E-05 9.9865E-05
9.98652E-05 9.98652E-05 9.98652E-05 9.98652E-05 0.987725 9.98652E-05 9.98652E-05 9.98652E-05 9.98652E-05 9.98652E-05 9.98652E-05 9.98652E-05 9.98652E-05 9.98652E-05 9.98652E-05 0.0107769 9.98652E-05
9.98653E-05 9.98653E-05 9.98653E-05 9.98653E-05 0.998122 9.98653E-05 9.98653E-05 9.98653E-05 0.000379954 9.98653E-05 9.98653E-05 9.98653E-05 9.98653E-05 9.98653E-05 9.98653E-05 9.98653E-05 9.98653E-05
9.99099E-05 9.99099E-05 9.99099E-05 9.99099E-05 9.99099E-05 9.99099E-05 9.99099E-05 9.99099E-05 0.00537299 0.00959772 0.00312638 9.99099E-05 0.0203662 0.825817 0.0444207 0.0902995 9.99099E-05
9.99009E-05 9.99009E-05 9.99009E-05 9.99009E-05 9.99009E-05 9.99009E-05 9.99009E-05 9.99009E-05 0.00994041 0.0232031 0.0728689 9.99009E-05 9.99009E-05 0.721255 0.0555129 0.116121 9.99009E-05
9.98832E-05 9.98832E-05 9.98832E-05 9.98832E-05 0.974097 9.98832E-05 0.00572508 9.98832E-05 9.98832E-05 0.0170482 9.98832E-05 0.0018314 9.98832E-05 9.98832E-05 9.98832E-05 9.98832E-05 9.98832E-05
9.98562E-05 9.98562E-05 9.98562E-05 9.98562E-05 0.998402 9.98562E-05 9.98562E-05 9.98562E-05 9.98562E-05 9.98562E-05 9.98562E-05 9.98562E-05 9.98562E-05 9.98562E-05 9.98562E-05 9.98562E-05 9.98562E-05
9.98919E-05 9.98919E-05 9.98919E-05 0.0141569 9.98919E-05 9.98919E-05 9.98919E-05 0.00636998 9.98919E-05 0.0244706 0.0150485 9.98919E-05 0.938755 9.98919E-05 9.98919E-05 9.98919E-05 9.98919E-05
9.98919E-05 9.98919E-05 0.0189361 0.133431 9.98919E-05 9.98919E-05 9.98919E-05 9.98919E-05 9.98919E-05 0.0293624 0.132202 9.98919E-05 9.98919E-05 9.98919E-05 9.98919E-05 0.68487 9.98919E-05
9.9892E-05 0.00357682 9.9892E-05 0.0569465 9.9892E-05 9.9892E-05 9.9892E-05 0.0456045 9.9892E-05 9.9892E-05 9.9892E-05 9.9892E-05 9.9892E-05 0.00293788 0.889736 9.9892E-05 9.9892E-05
9.98561E-05 0.998402 9.98561E-05 9.98561E-05 9.98561E-05 9.98561E-05 9.98561E-05 9.98561E-05 9.98561E-05 9.98561E-05 9.98561E-05 9.98561E-05 9.98561E-05 9.98561E-05 9.98561E-05 9.98561E-05 9.98561E-05
0.0440037 0.860371 9.99011E-05 9.99011E-05 0.0233728 9.99011E-05 9.99011E-05 9.99011E-05 9.99011E-05 0.0180837 0.0408185 9.99011E-05 0.0122511 9.99011E-05 9.99011E-05 9.99011E-05 9.99011E-05
9.98922E-05 9.98922E-05 0.0200697 9.98922E-05 0.048379 9.98922E-05 0.0385739 9.98922E-05 9.98922E-05 9.98922E-05 9.98922E-05 0.642932 9.98922E-05 9.98922E-05 9.98922E-05 9.98922E-05 0.248846
