9.998E-05 9.998E-05 0.9997 9.998E-05
0.285959 9.9991E-05 0.374763 0.339178
0.81333 0.0502524 0.0475205 0.0888975
0.9997 9.998E-05 9.998E-05 9.998E-05
0.460208 9.9991E-05 0.236319 0.303373
0.987705 0.0120955 9.9982E-05 9.9982E-05
0.00363732 9.99911E-05 0.553041 0.443222
0.386083 9.9991E-05 0.113344 0.500473
0.00420788 9.9991E-05 0.542051 0.453641
9.9982E-05 9.9982E-05 0.836757 0.163043
9.9982E-05 9.9982E-05 0.876194 0.123606
0.0852147 9.9982E-05 0.914585 9.9982E-05
0.0505971 9.99821E-05 0.949203 9.99821E-05
0.983512 0.0162879 9.9982E-05 9.9982E-05
0.96746 0.0301515 9.9991E-05 0.0022885
9.9982E-05 9.9982E-05 0.919778 0.0800224
0.0464526 0.15063 0.802818 9.9991E-05
9.9991E-05 0.729374 0.16532 0.105206
9.998E-05 0.9997 9.998E-05 9.998E-05
9.9982E-05 9.9982E-05 0.966729 0.0330714
9.998E-05 0.9997 9.998E-05 9.998E-05
9.9982E-05 9.9982E-05 0.995659 0.00414079
0.0442366 0.576576 0.32706 0.0521268
9.998E-05 0.9997 9.998E-05 9.998E-05
0.9997 9.998E-05 9.998E-05 9.998E-05
0.9997 9.998E-05 9.998E-05 9.998E-05
9.998E-05 9.998E-05 0.9997 9.998E-05
0.923151 9.9982E-05 9.9982E-05 0.0766488
0.880367 9.9982E-05 9.9982E-05 0.119433
0.708122 0.0245107 9.9991E-05 0.267267
0.682704 0.0265805 9.9991E-05 0.290616
0.0804436 9.99911E-05 0.27136 0.648096
0.9997 9.998E-05 9.998E-05 9.998E-05
0.0796578 9.9982E-05 9.9982E-05 0.920142
0.0893276 9.9982E-05 0.910472 9.9982E-05
0.987322 9.9982E-05 0.0124784 9.9982E-05
0.0809867 9.99821E-05 0.918813 9.99821E-05
0.041518 0.0286964 0.730359 0.199426
0.215977 0.177348 0.606574 9.9991E-05
0.140457 0.0107318 0.848711 9.9991E-05
0.0815652 9.9991E-05 0.898373 0.0199622
9.9991E-05 0.0303851 0.932555 0.0369596
9.9982E-05 9.9982E-05 0.933687 0.0661131
9.9991E-05 0.00583935 0.921249 0.0728113
9.9991E-05 0.162858 0.796542 0.0405002
0.0444897 0.0465919 0.80264 0.106278
0.106151 0.00573023 0.810107 0.0780122
9.99911E-05 0.0316488 0.955617 0.0126343
9.998E-05 9.998E-05 9.998E-05 0.9997
9.998E-05 9.998E-05 9.998E-05 0.9997
9.998E-05 9.998E-05 9.998E-05 0.9997
9.998E-05 9.998E-05 9.998E-05 0.9997
9.998E-05 9.998E-05 9.998E-05 0.9997
0.214682 0.0378064 0.0828223 0.664689
9.998E-05 9.998E-05 9.998E-05 0.9997
9.998E-05 9.998E-05 0.9997 9.998E-05
0.0799773 9.9991E-05 0.306837 0.613085
0.9997 9.998E-05 9.998E-05 9.998E-05
9.99821E-05 9.99821E-05 0.997628 0.00217165
0.0618017 9.9991E-05 0.918331 0.0197669
0.00200389 9.99822E-05 0.997796 9.99822E-05
0.00989807 9.9982E-05 0.989902 9.9982E-05
9.9982E-05 0.00452231 0.995278 9.9982E-05
9.9991E-05 0.925199 0.0714964 0.00320461
0.9997 9.998E-05 9.998E-05 9.998E-05
0.424047 0.0450453 0.399724 0.131184
0.9997 9.998E-05 9.998E-05 9.998E-05
0.976056 9.9991E-05 0.0223413 0.00150275
0.910242 9.9982E-05 9.9982E-05 0.0895582
0.94332 9.9982E-05 9.9982E-05 0.05648
0.896109 9.9991E-05 0.0122616 0.0915296
0.9997 9.998E-05 9.998E-05 9.998E-05
0.485962 9.99821E-05 9.99821E-05 0.513838
0.515942 9.99911E-05 0.0259467 0.458011
0.979364 0.00292705 9.9991E-05 0.0176086
0.0465473 9.9991E-05 0.796104 0.157248
0.0593967 9.9991E-05 0.798889 0.141614
0.135853 0.266186 0.59786 9.9991E-05
0.128644 0.276111 0.595146 9.9991E-05
9.9982E-05 9.9982E-05 0.901639 0.0981612
9.99819E-05 9.99819E-05 0.889684 0.110116
0.146823 0.25867 0.594407 9.9991E-05
0.156966 0.267402 0.575533 9.9991E-05
9.9982E-05 9.9982E-05 0.93686 0.0629401
9.9991E-05 0.0232652 0.915504 0.0611308
0.0363407 9.9991E-05 0.291062 0.672497
0.104177 0.227448 0.668275 9.9991E-05
0.0138848 0.159496 0.826519 9.9991E-05
0.584281 0.0463287 9.9991E-05 0.36929
