9.996E-05 9.996E-05 9.996E-05 9.996E-05 9.996E-05 0.9995
9.9973E-05 9.9973E-05 9.9973E-05 0.321065 0.24248 0.436156
0.00860811 0.111987 0.0642632 0.808931 0.00611115 9.99911E-05
9.9964E-05 9.9964E-05 0.0436662 0.955934 9.9964E-05 9.9964E-05
9.99778E-05 9.99778E-05 9.99778E-05 0.442037 0.264381 0.293282
0.00620858 9.9964E-05 9.9964E-05 0.993392 9.9964E-05 9.9964E-05
9.99642E-05 0.621447 9.99642E-05 9.99642E-05 0.378154 9.99642E-05
9.9991E-05 0.00924173 0.0395941 0.392222 0.492905 0.0659374
9.99821E-05 0.467875 9.99821E-05 0.00148741 0.441454 0.0889833
9.9982E-05 0.014572 0.109958 9.9982E-05 0.111227 0.764043
9.9982E-05 0.0384272 0.0686344 9.9982E-05 0.0855252 0.807213
9.9982E-05 0.199434 0.12189 0.0350413 9.9982E-05 0.643434
9.9964E-05 0.998762 9.9964E-05 0.000837719 9.9964E-05 9.9964E-05
0.0256986 9.9973E-05 9.9973E-05 0.971324 9.9973E-05 0.00267765
0.000199007 9.9973E-05 9.9973E-05 0.943514 9.9973E-05 0.0559871
9.9982E-05 0.326672 0.0122158 9.9982E-05 0.0751533 0.585759
0.08094 0.138758 0.34589 0.00304583 9.9991E-05 0.431266
0.69258 9.9973E-05 9.9973E-05 9.9973E-05 0.0687758 0.238345
0.900416 9.9964E-05 0.0991837 9.9964E-05 9.9964E-05 9.9964E-05
9.9973E-05 0.0297802 0.12137 9.9973E-05 9.9973E-05 0.84855
0.9995 9.996E-05 9.996E-05 9.996E-05 9.996E-05 9.996E-05
9.9964E-05 0.077548 9.9964E-05 9.9964E-05 9.9964E-05 0.922052
0.406931 9.9982E-05 0.400443 9.9982E-05 0.0707844 0.121642
0.908321 9.9964E-05 0.0912787 9.9964E-05 9.9964E-05 9.9964E-05
9.996E-05 9.996E-05 9.996E-05 0.9995 9.996E-05 9.996E-05
9.996E-05 9.996E-05 9.996E-05 0.9995 9.996E-05 9.996E-05
9.99729E-05 0.779568 0.0742891 9.99729E-05 9.99729E-05 0.145843
9.9973E-05 0.00313217 9.9973E-05 0.928182 0.0683857 9.9973E-05
9.9973E-05 0.00503058 9.9973E-05 0.896851 0.0978186 9.9973E-05
0.0187774 0.0184707 0.0078587 0.682827 0.271966 9.9991E-05
0.00547066 9.9982E-05 0.0333583 0.64418 0.316791 9.9982E-05
9.99731E-05 9.99731E-05 9.99731E-05 0.0932955 0.577331 0.329073
9.99641E-05 9.99641E-05 0.00067079 0.998929 9.99641E-05 9.99641E-05
9.9973E-05 9.9973E-05 0.00988088 0.0696487 0.92017 9.9973E-05
9.99819E-05 0.565107 0.249626 0.037697 9.99819E-05 0.14737
9.9982E-05 0.0188287 0.00643664 0.973155 9.9982E-05 0.0013801
9.99642E-05 9.99642E-05 9.99642E-05 0.0358496 9.99642E-05 0.963751
0.031217 9.9982E-05 9.9982E-05 0.0337044 0.146721 0.788157
0.0689133 0.13688 0.388591 0.147359 9.9991E-05 0.258156
9.9973E-05 9.9973E-05 0.020267 0.112557 9.9973E-05 0.866876
0.0127008 9.9982E-05 0.00972744 0.064378 9.9982E-05 0.912994
0.0140787 0.00660472 0.0676699 9.9982E-05 9.9982E-05 0.911447
9.9973E-05 0.316013 9.9973E-05 9.9973E-05 0.0247444 0.658943
9.9982E-05 0.0372743 0.136278 9.9982E-05 0.0602368 0.766011
0.102816 0.179952 0.181748 9.9991E-05 0.0434095 0.491975
0.0449063 0.0254325 0.0850644 0.0918505 0.0143517 0.738395
9.9991E-05 0.221001 0.130853 0.101273 0.054307 0.492465
0.0266815 9.99644E-05 9.99644E-05 9.99644E-05 9.99644E-05 0.972919
9.996E-05 9.996E-05 9.996E-05 9.996E-05 0.9995 9.996E-05
9.996E-05 9.996E-05 9.996E-05 9.996E-05 0.9995 9.996E-05
9.996E-05 9.996E-05 9.996E-05 9.996E-05 0.9995 9.996E-05
9.996E-05 9.996E-05 9.996E-05 9.996E-05 0.9995 9.996E-05
9.996E-05 9.996E-05 9.996E-05 9.996E-05 0.9995 9.996E-05
0.0540742 0.0414112 0.00185729 0.226772 0.639513 0.0363715
9.996E-05 9.996E-05 9.996E-05 9.996E-05 0.9995 9.996E-05
9.9964E-05 0.055502 9.9964E-05 9.9964E-05 9.9964E-05 0.944098
9.9982E-05 0.00171545 9.9982E-05 0.096442 0.542996 0.358646
9.996E-05 9.996E-05 9.996E-05 0.9995 9.996E-05 9.996E-05
9.9973E-05 0.838552 0.0829479 9.9973E-05 9.9973E-05 0.0782003
9.9982E-05 0.32521 0.00247215 0.0576103 9.9982E-05 0.614507
9.996E-05 0.9995 9.996E-05 9.996E-05 9.996E-05 9.996E-05
9.99729E-05 0.887566 9.99729E-05 0.0140119 9.99729E-05 0.0981226
0.0110596 0.797375 0.119996 9.99819E-05 9.99819E-05 0.0713693
0.902356 9.99641E-05 9.99641E-05 9.99641E-05 9.99641E-05 0.0972437
9.996E-05 9.996E-05 9.996E-05 0.9995 9.996E-05 9.996E-05
0.0598261 0.0875712 0.0930102 0.233715 0.0798465 0.446031
9.99731E-05 0.0237222 0.00276817 0.97321 9.99731E-05 9.99731E-05
9.9973E-05 9.9973E-05 9.9973E-05 0.919436 0.0341423 0.0461222
9.9973E-05 0.0200248 9.9973E-05 0.907777 0.0718984 9.9973E-05
9.9973E-05 9.9973E-05 9.9973E-05 0.915919 0.0633751 0.0204056
9.99731E-05 9.99731E-05 0.00433032 0.913498 9.99731E-05 0.0818722
9.9964E-05 9.9964E-05 9.9964E-05 0.975038 0.0245623 9.9964E-05
9.99732E-05 0.0225308 9.99732E-05 0.507375 0.469794 9.99732E-05
9.99732E-05 0.182066 9.99732E-05 0.471273 0.346361 9.99732E-05
9.9973E-05 9.9973E-05 0.00587711 0.956926 9.9973E-05 0.0368973
9.9991E-05 0.120167 0.0405739 0.0856179 0.113564 0.639978
9.9991E-05 0.137357 0.0594852 0.0375078 0.131839 0.633712
9.996E-05 9.996E-05 0.9995 9.996E-05 9.996E-05 9.996E-05
9.996E-05 9.996E-05 0.9995 9.996E-05 9.996E-05 9.996E-05
0.00168649 0.0284237 0.0738668 9.9991E-05 0.0807175 0.815206
0.0293037 0.0919712 0.0248179 9.9991E-05 0.0611417 0.792665
9.996E-05 9.996E-05 0.9995 9.996E-05 9.996E-05 9.996E-05
9.996E-05 9.996E-05 0.9995 9.996E-05 9.996E-05 9.996E-05
9.99641E-05 0.0629745 9.99641E-05 9.99641E-05 9.99641E-05 0.936626
0.0513818 0.251032 9.9991E-05 0.00102599 0.0331554 0.663305
9.9973E-05 9.9973E-05 9.9973E-05 0.107926 0.551333 0.340442
0.12723 0.305457 0.318884 0.0650243 9.9991E-05 0.183305
0.0818082 0.417023 0.317263 9.99821E-05 9.99821E-05 0.183707
0.0515799 0.0265687 0.0204725 0.549116 0.352163 9.9991E-05
