9.99099E-05 9.99099E-05 9.99099E-05 0.00451499 0.0075168 9.99099E-05 9.99099E-05 0.0508957 9.99099E-05 0.0104718 9.99099E-05 9.99099E-05 9.99099E-05 9.99099E-05 0.925602
9.99367E-05 9.99367E-05 0.0310251 9.99367E-05 0.0258622 9.99367E-05 0.114489 9.99367E-05 9.99367E-05 0.0263359 0.323222 0.248482 9.99367E-05 0.0120679 0.217816
9.9874E-05 9.9874E-05 9.9874E-05 9.9874E-05 9.9874E-05 9.9874E-05 9.9874E-05 9.9874E-05 9.9874E-05 9.9874E-05 9.9874E-05 9.9874E-05 0.998602 9.9874E-05 9.9874E-05
9.99011E-05 9.99011E-05 9.99011E-05 9.99011E-05 0.0316264 9.99011E-05 9.99011E-05 0.016866 9.99011E-05 9.99011E-05 9.99011E-05 0.927162 0.0232468 9.99011E-05 9.99011E-05
9.99281E-05 9.99281E-05 9.99281E-05 9.99281E-05 9.99281E-05 9.99281E-05 0.0435195 0.145403 9.99281E-05 0.0430926 0.29789 0.414428 0.00596661 9.99281E-05 0.0489007
9.9901E-05 9.9901E-05 0.00239234 9.9901E-05 9.9901E-05 9.9901E-05 9.9901E-05 9.9901E-05 0.044657 9.9901E-05 9.9901E-05 0.907995 0.0438565 9.9901E-05 9.9901E-05
9.98827E-05 9.98827E-05 9.98827E-05 9.98827E-05 9.98827E-05 0.117151 9.98827E-05 9.98827E-05 9.98827E-05 9.98827E-05 0.881551 9.98827E-05 9.98827E-05 9.98827E-05 9.98827E-05
9.9919E-05 9.9919E-05 9.9919E-05 9.9919E-05 0.0015503 9.9919E-05 0.230871 0.0738566 9.9919E-05 9.9919E-05 0.302422 0.353428 0.0369724 9.9919E-05 9.9919E-05
0.0897935 9.98917E-05 9.98917E-05 9.98917E-05 9.98917E-05 0.0487448 9.98917E-05 9.98917E-05 9.98917E-05 9.98917E-05 0.860263 9.98917E-05 9.98917E-05 9.98917E-05 9.98917E-05
9.98831E-05 9.98831E-05 9.98831E-05 9.98831E-05 9.98831E-05 9.98831E-05 9.98831E-05 0.903812 9.98831E-05 9.98831E-05 0.0948894 9.98831E-05 9.98831E-05 9.98831E-05 9.98831E-05
9.98832E-05 9.98832E-05 9.98832E-05 9.98832E-05 9.98832E-05 9.98832E-05 9.98832E-05 0.90501 9.98832E-05 9.98832E-05 0.0936912 9.98832E-05 9.98832E-05 9.98832E-05 9.98832E-05
9.991E-05 9.991E-05 9.991E-05 9.991E-05 0.0884021 0.156066 9.991E-05 9.991E-05 0.0970581 9.991E-05 9.991E-05 9.991E-05 0.0176335 9.991E-05 0.639842
9.98745E-05 9.98745E-05 9.98745E-05 9.98745E-05 9.98745E-05 0.998602 9.98745E-05 9.98745E-05 9.98745E-05 9.98745E-05 9.98745E-05 9.98745E-05 9.98745E-05 9.98745E-05 9.98745E-05
9.99101E-05 9.99101E-05 9.99101E-05 0.0269541 9.99101E-05 9.99101E-05 9.99101E-05 9.99101E-05 0.0132425 9.99101E-05 9.99101E-05 0.934393 0.00973029 9.99101E-05 0.0146813
9.99101E-05 9.99101E-05 9.99101E-05 0.00511635 9.99101E-05 9.99101E-05 9.99101E-05 0.00111634 9.99101E-05 9.99101E-05 9.99101E-05 0.92805 9.99101E-05 0.0295054 0.0352125
0.808699 9.9892E-05 9.9892E-05 9.9892E-05 9.9892E-05 0.125238 9.9892E-05 9.9892E-05 0.0648645 9.9892E-05 9.9892E-05 9.9892E-05 9.9892E-05 9.9892E-05 9.9892E-05
0.0115936 9.9901E-05 9.9901E-05 9.9901E-05 9.9901E-05 9.9901E-05 9.9901E-05 0.0383839 9.9901E-05 0.943039 9.9901E-05 9.9901E-05 9.9901E-05 0.00588434 9.9901E-05
9.9874E-05 9.9874E-05 0.998602 9.9874E-05 9.9874E-05 9.9874E-05 9.9874E-05 9.9874E-05 9.9874E-05 9.9874E-05 9.9874E-05 9.9874E-05 9.9874E-05 9.9874E-05 9.9874E-05
9.9892E-05 0.947723 9.9892E-05 0.0193733 0.0317045 9.9892E-05 9.9892E-05 9.9892E-05 9.9892E-05 9.9892E-05 9.9892E-05 9.9892E-05 9.9892E-05 9.9892E-05 9.9892E-05
0.271356 9.99099E-05 9.99099E-05 9.99099E-05 0.0165809 9.99099E-05 9.99099E-05 0.47493 0.127915 9.99099E-05 9.99099E-05 9.99099E-05 9.99099E-05 9.99099E-05 0.10822
9.98742E-05 9.98742E-05 9.98742E-05 0.998602 9.98742E-05 9.98742E-05 9.98742E-05 9.98742E-05 9.98742E-05 9.98742E-05 9.98742E-05 9.98742E-05 9.98742E-05 9.98742E-05 9.98742E-05
0.223657 9.99189E-05 0.000659389 9.99189E-05 9.99189E-05 0.059224 9.99189E-05 0.0874613 9.99189E-05 0.0847488 9.99189E-05 9.99189E-05 9.99189E-05 9.99189E-05 0.54335
9.98738E-05 9.98738E-05 9.98738E-05 9.98738E-05 9.98738E-05 9.98738E-05 9.98738E-05 9.98738E-05 9.98738E-05 9.98738E-05 9.98738E-05 9.98738E-05 9.98738E-05 0.998602 9.98738E-05
9.99009E-05 0.719791 0.0206684 0.0243817 9.99009E-05 9.99009E-05 9.99009E-05 9.99009E-05 9.99009E-05 9.99009E-05 9.99009E-05 9.99009E-05 9.99009E-05 0.23406 9.99009E-05
9.99102E-05 9.99102E-05 9.99102E-05 9.99102E-05 9.99102E-05 0.00150275 0.0151416 9.99102E-05 9.99102E-05 9.99102E-05 0.00122636 0.962008 0.0191225 9.99102E-05 9.99102E-05
9.98744E-05 9.98744E-05 9.98744E-05 9.98744E-05 9.98744E-05 9.98744E-05 9.98744E-05 9.98744E-05 9.98744E-05 9.98744E-05 9.98744E-05 0.998602 9.98744E-05 9.98744E-05 9.98744E-05
0.0328592 9.99278E-05 9.99278E-05 9.99278E-05 0.00909859 0.774897 9.99278E-05 0.0342778 9.99278E-05 0.0528267 9.99278E-05 9.99278E-05 9.99278E-05 0.0245594 0.0706824
0.00536734 9.991E-05 9.991E-05 9.991E-05 9.991E-05 0.0114742 0.0793145 9.991E-05 9.991E-05 9.991E-05 0.0048544 0.89799 9.991E-05 9.991E-05 9.991E-05
0.0438505 9.9892E-05 9.9892E-05 9.9892E-05 9.9892E-05 9.9892E-05 0.0820132 9.9892E-05 9.9892E-05 9.9892E-05 9.9892E-05 0.872938 9.9892E-05 9.9892E-05 9.9892E-05
9.99103E-05 0.0558491 9.99103E-05 9.99103E-05 9.99103E-05 9.99103E-05 0.183142 9.99103E-05 9.99103E-05 0.00183794 0.0749379 0.683234 9.99103E-05 9.99103E-05 9.99103E-05
9.99191E-05 9.99191E-05 9.99191E-05 9.99191E-05 0.0169926 9.99191E-05 0.147181 0.00186373 9.99191E-05 0.0486641 0.137889 0.64651 9.99191E-05 9.99191E-05 9.99191E-05
9.99102E-05 9.99102E-05 9.99102E-05 9.99102E-05 0.021505 9.99102E-05 0.283974 9.99102E-05 9.99102E-05 9.99102E-05 0.43792 0.0699851 9.99102E-05 9.99102E-05 0.185617
0.0173305 9.99013E-05 9.99013E-05 9.99013E-05 9.99013E-05 9.99013E-05 9.99013E-05 9.99013E-05 9.99013E-05 0.0163094 9.99013E-05 0.928278 0.0369836 9.99013E-05 9.99013E-05
9.99014E-05 9.99014E-05 9.99014E-05 9.99014E-05 9.99014E-05 9.99014E-05 0.81986 9.99014E-05 9.99014E-05 9.99014E-05 0.0746045 0.101583 0.00285345 9.99014E-05 9.99014E-05
9.99278E-05 9.99278E-05 9.99278E-05 9.99278E-05 0.104705 0.519207 9.99278E-05 0.00800325 0.0267144 0.260198 9.99278E-05 0.051701 9.99278E-05 9.99278E-05 0.0286727
0.00133698 9.99009E-05 9.99009E-05 9.99009E-05 9.99009E-05 9.99009E-05 9.99009E-05 9.99009E-05 0.0346544 9.99009E-05 0.0301319 0.932778 9.99009E-05 9.99009E-05 9.99009E-05
9.9892E-05 9.9892E-05 9.9892E-05 9.9892E-05 9.9892E-05 9.9892E-05 9.9892E-05 9.9892E-05 0.0219893 9.9892E-05 9.9892E-05 9.9892E-05 0.036394 9.9892E-05 0.940418
9.99279E-05 9.99279E-05 9.99279E-05 9.99279E-05 9.99279E-05 9.99279E-05 0.0311394 0.603783 9.99279E-05 0.0195579 0.0671486 0.0666405 9.99279E-05 0.0886266 0.122305
9.98741E-05 9.98741E-05 9.98741E-05 9.98741E-05 9.98741E-05 9.98741E-05 9.98741E-05 9.98741E-05 9.98741E-05 0.998602 9.98741E-05 9.98741E-05 9.98741E-05 9.98741E-05 9.98741E-05
0.181484 9.99277E-05 0.0564778 9.99277E-05 9.99277E-05 9.99277E-05 9.99277E-05 0.290192 0.013455 0.138609 9.99277E-05 0.0827391 9.99277E-05 9.99277E-05 0.236244
0.181971 9.99187E-05 0.0776767 9.99187E-05 9.99187E-05 9.99187E-05 9.99187E-05 0.298134 9.99187E-05 0.115308 9.99187E-05 0.051979 9.99187E-05 9.99187E-05 0.274032
9.99099E-05 0.0149707 9.99099E-05 9.99099E-05 9.99099E-05 9.99099E-05 9.99099E-05 0.896459 0.0263485 0.0213844 9.99099E-05 9.99099E-05 9.99099E-05 9.99099E-05 0.039838
0.875466 9.99011E-05 9.99011E-05 9.99011E-05 9.99011E-05 0.0796114 9.99011E-05 9.99011E-05 9.99011E-05 9.99011E-05 0.0180612 9.99011E-05 9.99011E-05 9.99011E-05 0.025762
9.98921E-05 9.98921E-05 9.98921E-05 9.98921E-05 9.98921E-05 9.98921E-05 0.0039595 0.911151 0.0836907 9.98921E-05 9.98921E-05 9.98921E-05 9.98921E-05 9.98921E-05 9.98921E-05
0.118171 9.99369E-05 0.0163185 9.99369E-05 0.0182966 0.120467 9.99369E-05 0.320977 0.143836 9.99369E-05 9.99369E-05 9.99369E-05 9.99369E-05 0.219546 0.0416879
0.19631 0.00764476 9.9928E-05 9.9928E-05 9.9928E-05 9.9928E-05 9.9928E-05 0.445854 0.186165 9.9928E-05 9.9928E-05 0.0494592 9.9928E-05 0.0278436 0.0859235
9.9946E-05 9.9946E-05 9.9946E-05 9.9946E-05 9.9946E-05 0.0620203 0.0256412 0.198432 0.230354 0.166749 0.0414658 0.0533051 0.0604094 9.9946E-05 0.161024
9.98837E-05 9.98837E-05 0.00722103 9.98837E-05 9.98837E-05 9.98837E-05 9.98837E-05 9.98837E-05 9.98837E-05 9.98837E-05 9.98837E-05 9.98837E-05 9.98837E-05 9.98837E-05 0.99148
9.9874E-05 9.9874E-05 9.9874E-05 9.9874E-05 9.9874E-05 9.9874E-05 0.998602 9.9874E-05 9.9874E-05 9.9874E-05 9.9874E-05 9.9874E-05 9.9874E-05 9.9874E-05 9.9874E-05
9.98741E-05 9.98741E-05 9.98741E-05 9.98741E-05 9.98741E-05 9.98741E-05 0.998602 9.98741E-05 9.98741E-05 9.98741E-05 9.98741E-05 9.98741E-05 9.98741E-05 9.98741E-05 9.98741E-05
0.0299455 9.98831E-05 9.98831E-05 9.98831E-05 9.98831E-05 9.98831E-05 0.968756 9.98831E-05 9.98831E-05 9.98831E-05 9.98831E-05 9.98831E-05 9.98831E-05 9.98831E-05 9.98831E-05
9.98831E-05 9.98831E-05 0.0087921 9.98831E-05 9.98831E-05 9.98831E-05 0.989909 9.98831E-05 9.98831E-05 9.98831E-05 9.98831E-05 9.98831E-05 9.98831E-05 9.98831E-05 9.98831E-05
9.9883E-05 9.9883E-05 9.9883E-05 9.9883E-05 9.9883E-05 9.9883E-05 0.997298 9.9883E-05 9.9883E-05 9.9883E-05 9.9883E-05 0.00140326 9.9883E-05 9.9883E-05 9.9883E-05
0.0610546 0.00128817 9.99282E-05 9.99282E-05 9.99282E-05 9.99282E-05 0.396684 9.99282E-05 9.99282E-05 9.99282E-05 0.239842 0.209068 9.99282E-05 0.0855658 0.00569785
0.00650026 9.9901E-05 9.9901E-05 9.9901E-05 9.9901E-05 9.9901E-05 0.976307 9.9901E-05 9.9901E-05 0.00530728 9.9901E-05 9.9901E-05 9.9901E-05 9.9901E-05 0.0107864
0.190807 9.99008E-05 9.99008E-05 9.99008E-05 9.99008E-05 0.0117513 9.99008E-05 9.99008E-05 0.0652023 9.99008E-05 9.99008E-05 9.99008E-05 9.99008E-05 9.99008E-05 0.73114
9.99201E-05 9.99201E-05 0.0107118 9.99201E-05 0.0339907 9.99201E-05 0.260436 9.99201E-05 9.99201E-05 9.99201E-05 0.439431 0.0709276 0.0118585 9.99201E-05 0.171845
9.98919E-05 9.98919E-05 9.98919E-05 9.98919E-05 9.98919E-05 9.98919E-05 9.98919E-05 9.98919E-05 0.00567393 0.0122107 9.98919E-05 0.980917 9.98919E-05 9.98919E-05 9.98919E-05
0.0812202 9.9919E-05 9.9919E-05 0.013807 0.0397763 0.836326 0.000390298 9.9919E-05 9.9919E-05 9.9919E-05 9.9919E-05 9.9919E-05 9.9919E-05 9.9919E-05 0.027581
0.895839 9.98923E-05 9.98923E-05 9.98923E-05 9.98923E-05 0.00412387 9.98923E-05 9.98923E-05 0.0988379 9.98923E-05 9.98923E-05 9.98923E-05 9.98923E-05 9.98923E-05 9.98923E-05
9.98924E-05 9.98924E-05 9.98924E-05 9.98924E-05 9.98924E-05 0.943891 9.98924E-05 9.98924E-05 9.98924E-05 9.98924E-05 0.0516304 9.98924E-05 0.00327979 9.98924E-05 9.98924E-05
9.98919E-05 9.98919E-05 9.98919E-05 9.98919E-05 9.98919E-05 0.879258 9.98919E-05 0.11819 9.98919E-05 9.98919E-05 9.98919E-05 9.98919E-05 0.00135369 9.98919E-05 9.98919E-05
9.99189E-05 9.99189E-05 0.0222149 9.99189E-05 0.0332897 0.831188 9.99189E-05 0.0686697 0.0374937 0.00624494 9.99189E-05 9.99189E-05 9.99189E-05 9.99189E-05 9.99189E-05
9.98921E-05 0.968503 9.98921E-05 9.98921E-05 9.98921E-05 9.98921E-05 0.0107516 9.98921E-05 9.98921E-05 9.98921E-05 9.98921E-05 9.98921E-05 9.98921E-05 9.98921E-05 0.0195464
9.98925E-05 9.98925E-05 9.98925E-05 9.98925E-05 0.00192236 9.98925E-05 9.98925E-05 9.98925E-05 9.98925E-05 9.98925E-05 9.98925E-05 0.953915 0.0429635 9.98925E-05 9.98925E-05
9.9964E-05 9.9964E-05 9.9964E-05 0.0181226 0.00082304 0.077052 0.0776619 0.0488334 0.111066 0.0854844 0.195758 0.251045 9.9964E-05 0.0495743 0.0841802
0.058567 9.99012E-05 9.99012E-05 9.99012E-05 9.99012E-05 9.99012E-05 0.00207004 9.99012E-05 9.99012E-05 9.99012E-05 9.99012E-05 0.757431 0.180833 9.99012E-05 9.99012E-05
9.98921E-05 9.98921E-05 9.98921E-05 9.98921E-05 9.98921E-05 9.98921E-05 9.98921E-05 9.98921E-05 9.98921E-05 0.0375192 9.98921E-05 0.94798 9.98921E-05 9.98921E-05 0.013302
0.0874018 9.9892E-05 9.9892E-05 9.9892E-05 9.9892E-05 9.9892E-05 0.0731381 9.9892E-05 9.9892E-05 9.9892E-05 9.9892E-05 0.838261 9.9892E-05 9.9892E-05 9.9892E-05
0.0609413 9.99191E-05 0.000294436 9.99191E-05 9.99191E-05 9.99191E-05 0.023423 9.99191E-05 9.99191E-05 9.99191E-05 0.018534 0.885437 9.99191E-05 9.99191E-05 0.0104714
9.99192E-05 9.99192E-05 9.99192E-05 9.99192E-05 0.000166506 9.99192E-05 9.99192E-05 0.0494784 0.00222172 9.99192E-05 0.0214626 0.886046 9.99192E-05 9.99192E-05 0.0397252
9.9883E-05 9.9883E-05 9.9883E-05 9.9883E-05 9.9883E-05 9.9883E-05 9.9883E-05 9.9883E-05 9.9883E-05 0.0338157 9.9883E-05 0.964886 9.9883E-05 9.9883E-05 9.9883E-05
9.99103E-05 9.99103E-05 9.99103E-05 9.99103E-05 9.99103E-05 9.99103E-05 0.225951 9.99103E-05 9.99103E-05 0.00864577 0.330668 0.379182 0.054554 9.99103E-05 9.99103E-05
9.99014E-05 9.99014E-05 9.99014E-05 9.99014E-05 9.99014E-05 9.99014E-05 0.0804447 9.99014E-05 9.99014E-05 9.99014E-05 0.526226 0.387806 0.00442475 9.99014E-05 9.99014E-05
0.00626953 9.991E-05 9.991E-05 9.991E-05 9.991E-05 9.991E-05 9.991E-05 0.0151687 9.991E-05 9.991E-05 9.991E-05 0.875612 0.059186 0.0427644 9.991E-05
0.969992 9.9901E-05 9.9901E-05 9.9901E-05 0.00103653 9.9901E-05 9.9901E-05 9.9901E-05 9.9901E-05 0.0182056 9.9901E-05 0.00966644 9.9901E-05 9.9901E-05 9.9901E-05
0.998602 9.9874E-05 9.9874E-05 9.9874E-05 9.9874E-05 9.9874E-05 9.9874E-05 9.9874E-05 9.9874E-05 9.9874E-05 9.9874E-05 9.9874E-05 9.9874E-05 9.9874E-05 9.9874E-05
9.98922E-05 9.98922E-05 9.98922E-05 9.98922E-05 0.986489 9.98922E-05 9.98922E-05 0.00306222 9.98922E-05 9.98922E-05 9.98922E-05 9.98922E-05 9.98922E-05 9.98922E-05 0.00925051
9.98833E-05 9.98833E-05 9.98833E-05 0.000752699 0.997949 9.98833E-05 9.98833E-05 9.98833E-05 9.98833E-05 9.98833E-05 9.98833E-05 9.98833E-05 9.98833E-05 9.98833E-05 9.98833E-05
0.0966943 9.99124E-05 9.99124E-05 0.000399108 9.99124E-05 9.99124E-05 0.0128539 0.846459 9.99124E-05 9.99124E-05 9.99124E-05 9.99124E-05 9.99124E-05 9.99124E-05 0.0425947
0.118578 9.9892E-05 9.9892E-05 9.9892E-05 9.9892E-05 0.0658667 9.9892E-05 0.814357 9.9892E-05 9.9892E-05 9.9892E-05 9.9892E-05 9.9892E-05 9.9892E-05 9.9892E-05
0.0139845 9.99012E-05 9.99012E-05 9.99012E-05 0.952771 9.99012E-05 9.99012E-05 9.99012E-05 9.99012E-05 0.00962731 9.99012E-05 9.99012E-05 9.99012E-05 0.0225186 9.99012E-05
9.98742E-05 9.98742E-05 9.98742E-05 9.98742E-05 0.998602 9.98742E-05 9.98742E-05 9.98742E-05 9.98742E-05 9.98742E-05 9.98742E-05 9.98742E-05 9.98742E-05 9.98742E-05 9.98742E-05
9.98829E-05 9.98829E-05 9.98829E-05 9.98829E-05 9.98829E-05 0.0979957 9.98829E-05 9.98829E-05 9.98829E-05 9.98829E-05 9.98829E-05 9.98829E-05 9.98829E-05 9.98829E-05 0.900706
0.405369 9.99189E-05 0.141275 9.99189E-05 9.99189E-05 0.198715 9.99189E-05 0.167015 9.99189E-05 9.99189E-05 0.0720958 9.99189E-05 9.99189E-05 9.99189E-05 0.0146304
9.99187E-05 9.99187E-05 9.99187E-05 9.99187E-05 0.00907809 9.99187E-05 0.28367 9.99187E-05 9.99187E-05 9.99187E-05 0.470112 0.0771294 9.99187E-05 0.00725987 0.151851
9.98739E-05 9.98739E-05 9.98739E-05 9.98739E-05 9.98739E-05 9.98739E-05 9.98739E-05 9.98739E-05 0.998602 9.98739E-05 9.98739E-05 9.98739E-05 9.98739E-05 9.98739E-05 9.98739E-05
0.0600855 9.99189E-05 9.99189E-05 0.0562933 0.00972987 9.99189E-05 9.99189E-05 9.99189E-05 0.753078 0.0921505 9.99189E-05 9.99189E-05 9.99189E-05 9.99189E-05 0.0277632
9.99193E-05 9.99193E-05 9.99193E-05 0.0401637 0.0225327 9.99193E-05 0.180602 9.99193E-05 9.99193E-05 9.99193E-05 0.159149 0.56903 9.99193E-05 0.0276234 9.99193E-05
