0.932621 9.99279E-05 9.99279E-05 9.99279E-05 9.99279E-05 0.0665791 9.99279E-05 9.99279E-05 9.99279E-05 9.99279E-05
0.263954 0.095353 0.338095 0.0184033 9.99639E-05 9.99639E-05 9.99639E-05 9.99639E-05 0.264167 0.0196275
9.99465E-05 9.99465E-05 0.118463 9.99465E-05 0.0225401 9.99465E-05 0.0567538 9.99465E-05 0.801643 9.99465E-05
9.9937E-05 9.9937E-05 9.9937E-05 9.9937E-05 9.9937E-05 0.0129881 9.9937E-05 9.9937E-05 0.965861 0.0204517
0.0777385 0.063897 0.290342 9.99551E-05 9.99551E-05 0.127317 9.99551E-05 9.99551E-05 0.440206 9.99551E-05
9.9955E-05 9.9955E-05 9.9955E-05 9.9955E-05 9.9955E-05 0.013941 0.0023649 0.0139853 0.962092 0.00711745
9.99278E-05 9.99278E-05 0.940927 9.99278E-05 9.99278E-05 9.99278E-05 0.0582731 9.99278E-05 9.99278E-05 9.99278E-05
9.9946E-05 0.232335 0.282188 9.9946E-05 9.9946E-05 0.0792474 9.9946E-05 9.9946E-05 0.40563 9.9946E-05
9.99368E-05 9.99368E-05 0.940172 0.0124555 9.99368E-05 9.99368E-05 0.046673 9.99368E-05 9.99368E-05 9.99368E-05
9.9928E-05 9.9928E-05 0.0919807 9.9928E-05 9.9928E-05 0.90722 9.9928E-05 9.9928E-05 9.9928E-05 9.9928E-05
9.9928E-05 9.9928E-05 0.107548 9.9928E-05 9.9928E-05 0.891652 9.9928E-05 9.9928E-05 9.9928E-05 9.9928E-05
0.653357 9.9955E-05 9.9955E-05 0.0243683 9.9955E-05 9.9955E-05 0.184187 9.9955E-05 0.0121766 0.125411
9.99282E-05 9.99282E-05 0.0135147 9.99282E-05 9.99282E-05 9.99282E-05 0.985686 9.99282E-05 9.99282E-05 9.99282E-05
0.0352746 9.99461E-05 9.99461E-05 9.99461E-05 0.00444149 9.99461E-05 9.99461E-05 9.99461E-05 0.95625 0.0034341
0.0400305 9.99371E-05 9.99371E-05 9.99371E-05 9.99371E-05 0.00286952 9.99371E-05 9.99371E-05 0.9564 9.99371E-05
9.9937E-05 9.9937E-05 9.9937E-05 0.797254 9.9937E-05 0.0440624 0.157984 9.9937E-05 9.9937E-05 9.9937E-05
0.0316167 9.9973E-05 9.9973E-05 0.0583864 0.109305 0.364518 0.162491 9.9973E-05 0.0070909 0.266293
0.0782137 0.0465119 9.99549E-05 0.0719322 0.728742 0.0741002 9.99549E-05 9.99549E-05 9.99549E-05 9.99549E-05
9.9946E-05 9.9946E-05 9.9946E-05 9.9946E-05 0.823559 9.9946E-05 0.0219628 0.107334 9.9946E-05 0.0465438
0.119416 9.99549E-05 9.99549E-05 0.350602 9.99549E-05 0.46321 0.0096857 9.99549E-05 9.99549E-05 0.0565871
9.99231E-05 9.99231E-05 9.99231E-05 9.99231E-05 0.999101 9.99231E-05 9.99231E-05 9.99231E-05 9.99231E-05 9.99231E-05
0.551393 9.9955E-05 9.9955E-05 0.307112 9.9955E-05 0.0826448 0.0580362 0.000314342 9.9955E-05 9.9955E-05
9.9955E-05 0.0300633 9.9955E-05 9.9955E-05 0.405632 0.326653 9.9955E-05 9.9955E-05 0.013303 0.223849
9.9937E-05 9.9937E-05 9.9937E-05 9.9937E-05 0.926085 0.0551081 9.9937E-05 9.9937E-05 9.9937E-05 0.0181073
9.99282E-05 0.0217426 9.99282E-05 9.99282E-05 9.99282E-05 9.99282E-05 9.99282E-05 9.99282E-05 0.977458 9.99282E-05
9.99201E-05 9.99201E-05 9.99201E-05 9.99201E-05 9.99201E-05 9.99201E-05 9.99201E-05 9.99201E-05 0.999101 9.99201E-05
0.083225 9.99549E-05 9.99549E-05 0.0108404 9.99549E-05 0.0464034 0.841251 9.99549E-05 9.99549E-05 0.0177803
9.9928E-05 0.0765492 9.9928E-05 9.9928E-05 9.9928E-05 9.9928E-05 9.9928E-05 9.9928E-05 0.922651 9.9928E-05
9.9946E-05 0.08706 9.9946E-05 0.0154407 9.9946E-05 9.9946E-05 0.00889797 9.9946E-05 0.888002 9.9946E-05
9.99551E-05 0.186498 0.050471 9.99551E-05 9.99551E-05 9.99551E-05 0.0181762 0.0503975 0.693958 9.99551E-05
9.99551E-05 0.260902 0.0613614 9.99551E-05 9.99551E-05 0.00685931 9.99551E-05 9.99551E-05 0.644969 0.0254084
0.190719 0.287097 0.432169 9.99461E-05 9.99461E-05 9.99461E-05 9.99461E-05 9.99461E-05 0.0894143 9.99461E-05
9.99282E-05 9.99282E-05 9.99282E-05 0.0359913 9.99282E-05 9.99282E-05 9.99282E-05 9.99282E-05 0.963209 9.99282E-05
0.00207673 0.812389 0.0604196 9.99461E-05 9.99461E-05 9.99461E-05 9.99461E-05 9.99461E-05 0.124515 9.99461E-05
0.0344692 9.99548E-05 9.99548E-05 9.99548E-05 9.99548E-05 0.137158 0.609278 9.99548E-05 0.0487185 0.169876
9.99279E-05 9.99279E-05 9.99279E-05 0.0228814 9.99279E-05 9.99279E-05 9.99279E-05 9.99279E-05 0.976319 9.99279E-05
0.976548 9.99281E-05 9.99281E-05 9.99281E-05 9.99281E-05 9.99281E-05 9.99281E-05 9.99281E-05 0.0226521 9.99281E-05
0.171672 0.0388485 0.099002 9.99639E-05 9.99639E-05 0.597226 9.99639E-05 0.0413772 0.0514746 9.99639E-05
9.99641E-05 9.99641E-05 9.99641E-05 0.0526776 0.0577903 0.254662 0.151572 9.99641E-05 0.129531 0.353367
0.221335 9.99549E-05 9.99549E-05 0.357447 9.99549E-05 0.277854 9.99549E-05 9.99549E-05 0.111034 0.031831
0.25291 9.99639E-05 9.99639E-05 0.364883 0.0159735 0.302667 9.99639E-05 9.99639E-05 0.0572113 0.00595449
0.0104764 9.99369E-05 9.99369E-05 0.0675296 9.99369E-05 0.921294 9.99369E-05 9.99369E-05 9.99369E-05 9.99369E-05
0.00181568 9.9955E-05 0.0396056 0.909245 9.9955E-05 9.9955E-05 0.0342017 0.0146324 9.9955E-05 9.9955E-05
0.0574777 0.00815844 9.9946E-05 9.9946E-05 9.9946E-05 0.898289 0.035475 9.9946E-05 9.9946E-05 9.9946E-05
0.097107 9.9964E-05 9.9964E-05 0.110265 0.110404 0.435615 0.134768 9.9964E-05 9.9964E-05 0.111442
0.120634 9.9973E-05 9.9973E-05 0.162436 9.9973E-05 0.494413 0.0392477 0.0796161 0.0987957 0.00455717
0.181825 0.0468889 9.9964E-05 9.9964E-05 9.9964E-05 0.350089 0.225784 9.9964E-05 0.112277 0.0827371
0.994664 9.99284E-05 9.99284E-05 9.99284E-05 9.99284E-05 9.99284E-05 9.99284E-05 0.00453665 9.99284E-05 9.99284E-05
9.99201E-05 0.999101 9.99201E-05 9.99201E-05 9.99201E-05 9.99201E-05 9.99201E-05 9.99201E-05 9.99201E-05 9.99201E-05
9.9928E-05 0.976139 9.9928E-05 9.9928E-05 9.9928E-05 0.0230618 9.9928E-05 9.9928E-05 9.9928E-05 9.9928E-05
9.99201E-05 0.999101 9.99201E-05 9.99201E-05 9.99201E-05 9.99201E-05 9.99201E-05 9.99201E-05 9.99201E-05 9.99201E-05
9.99201E-05 0.999101 9.99201E-05 9.99201E-05 9.99201E-05 9.99201E-05 9.99201E-05 9.99201E-05 9.99201E-05 9.99201E-05
9.99201E-05 0.999101 9.99201E-05 9.99201E-05 9.99201E-05 9.99201E-05 9.99201E-05 9.99201E-05 9.99201E-05 9.99201E-05
9.996E-05 0.485785 0.17791 0.0627342 0.0372908 0.0139896 9.996E-05 9.996E-05 0.221891 9.996E-05
0.00749245 0.957777 9.9946E-05 0.0339849 9.9946E-05 0.000145548 9.9946E-05 9.9946E-05 9.9946E-05 9.9946E-05
0.81147 9.99369E-05 9.99369E-05 0.162432 9.99369E-05 9.99369E-05 0.0253989 9.99369E-05 9.99369E-05 9.99369E-05
0.165168 0.275678 0.452622 9.99548E-05 9.99548E-05 9.99548E-05 9.99548E-05 9.99548E-05 0.0844524 0.021579
0.00437555 9.99279E-05 9.99279E-05 9.99279E-05 9.99279E-05 9.99279E-05 9.99279E-05 9.99279E-05 0.994825 9.99279E-05
0.00479799 0.0183097 9.9955E-05 0.127668 9.9955E-05 9.9955E-05 0.834251 9.9955E-05 9.9955E-05 0.0144734
9.99282E-05 9.99282E-05 9.99282E-05 0.913009 9.99282E-05 9.99282E-05 0.0861916 9.99282E-05 9.99282E-05 9.99282E-05
9.99281E-05 9.99281E-05 0.0407421 9.99281E-05 9.99281E-05 9.99281E-05 0.958458 9.99281E-05 9.99281E-05 9.99281E-05
0.0268059 9.99459E-05 9.99459E-05 0.00374459 9.99459E-05 0.0800918 0.888758 9.99459E-05 9.99459E-05 9.99459E-05
9.99369E-05 9.99369E-05 9.99369E-05 9.99369E-05 9.99369E-05 0.0918503 0.871184 9.99369E-05 9.99369E-05 0.0362662
9.99201E-05 9.99201E-05 9.99201E-05 9.99201E-05 9.99201E-05 9.99201E-05 9.99201E-05 0.999101 9.99201E-05 9.99201E-05
9.99201E-05 9.99201E-05 9.99201E-05 9.99201E-05 9.99201E-05 9.99201E-05 9.99201E-05 9.99201E-05 0.999101 9.99201E-05
0.118087 0.0343056 0.0371118 0.117826 0.0699537 0.109261 0.142328 9.9991E-05 0.341525 0.029502
9.99462E-05 0.000324024 9.99462E-05 0.00328573 9.99462E-05 9.99462E-05 0.0227446 9.99462E-05 0.973046 9.99462E-05
0.0255678 0.00208838 9.9937E-05 9.9937E-05 9.9937E-05 9.9937E-05 9.9937E-05 9.9937E-05 0.971644 9.9937E-05
9.9946E-05 0.0669648 0.0123028 0.0397203 9.9946E-05 9.9946E-05 9.9946E-05 9.9946E-05 0.880412 9.9946E-05
9.99461E-05 0.0246316 9.99461E-05 0.0558101 0.000788847 9.99461E-05 9.99461E-05 9.99461E-05 0.91817 9.99461E-05
0.0150371 9.99551E-05 0.016541 9.99551E-05 9.99551E-05 0.073169 9.99551E-05 9.99551E-05 0.88884 0.00591278
9.9946E-05 9.9946E-05 0.00741939 9.9946E-05 9.9946E-05 9.9946E-05 9.9946E-05 0.000550865 0.984932 0.00649822
9.99373E-05 0.278868 0.246383 9.99373E-05 9.99373E-05 9.99373E-05 9.99373E-05 9.99373E-05 0.474049 9.99373E-05
9.99552E-05 0.143424 0.370319 9.99552E-05 9.99552E-05 9.99552E-05 0.0107254 0.0128159 0.462215 9.99552E-05
0.0388725 9.99281E-05 9.99281E-05 9.99281E-05 9.99281E-05 9.99281E-05 9.99281E-05 9.99281E-05 0.960328 9.99281E-05
9.9946E-05 0.000954232 9.9946E-05 0.962893 9.9946E-05 9.9946E-05 9.9946E-05 9.9946E-05 0.0227799 0.0127732
9.99201E-05 9.99201E-05 9.99201E-05 0.999101 9.99201E-05 9.99201E-05 9.99201E-05 9.99201E-05 9.99201E-05 9.99201E-05
9.99201E-05 9.99201E-05 9.99201E-05 9.99201E-05 9.99201E-05 9.99201E-05 9.99201E-05 9.99201E-05 9.99201E-05 0.999101
9.99201E-05 9.99201E-05 9.99201E-05 9.99201E-05 9.99201E-05 9.99201E-05 9.99201E-05 9.99201E-05 9.99201E-05 0.999101
0.061121 0.02653 0.0192661 0.138039 9.99639E-05 0.737073 9.99639E-05 9.99639E-05 0.017571 9.99639E-05
0.0344675 9.9955E-05 0.00680622 0.225378 9.9955E-05 0.722229 0.0106194 9.9955E-05 9.9955E-05 9.9955E-05
9.99201E-05 9.99201E-05 9.99201E-05 9.99201E-05 9.99201E-05 9.99201E-05 9.99201E-05 9.99201E-05 9.99201E-05 0.999101
9.99201E-05 9.99201E-05 9.99201E-05 9.99201E-05 9.99201E-05 9.99201E-05 9.99201E-05 9.99201E-05 9.99201E-05 0.999101
0.904185 0.00393717 9.99459E-05 0.0254397 9.99459E-05 9.99459E-05 0.065838 9.99459E-05 9.99459E-05 9.99459E-05
0.0033354 9.9973E-05 0.121684 0.558871 0.0637522 0.0829158 0.156106 0.0130351 9.9973E-05 9.9973E-05
0.195945 0.277792 0.463864 9.99458E-05 9.99458E-05 9.99458E-05 9.99458E-05 9.99458E-05 0.0617999 9.99458E-05
9.99552E-05 9.99552E-05 9.99552E-05 9.99552E-05 0.0774298 0.300261 0.349348 9.99552E-05 0.0594566 0.213005
0.151476 9.99551E-05 9.99551E-05 0.0468784 0.09646 9.99551E-05 0.414447 9.99551E-05 9.99551E-05 0.290239
9.99641E-05 0.214748 0.162604 9.99641E-05 0.00918158 9.99641E-05 9.99641E-05 0.00498606 0.594692 0.0133881
