9.99279E-05 9.99279E-05 0.0342187 0.964982 9.99279E-05 9.99279E-05 9.99279E-05 9.99279E-05 9.99279E-05 9.99279E-05
0.0599076 9.99638E-05 9.99638E-05 0.139839 0.148634 9.99638E-05 0.0178976 0.0352447 0.598077 9.99638E-05
9.99644E-05 0.0249593 9.99644E-05 9.99644E-05 0.783434 0.0331416 9.99644E-05 0.0617585 0.0672294 0.0290773
9.9937E-05 9.9937E-05 9.9937E-05 9.9937E-05 0.954034 9.9937E-05 0.00291378 0.0423522 9.9937E-05 9.9937E-05
0.100063 0.042849 0.107721 0.0263746 0.355417 9.9964E-05 9.9964E-05 9.9964E-05 0.367175 9.9964E-05
0.0315746 9.9928E-05 9.9928E-05 9.9928E-05 0.967626 9.9928E-05 9.9928E-05 9.9928E-05 9.9928E-05 9.9928E-05
9.9937E-05 9.9937E-05 9.9937E-05 9.9937E-05 9.9937E-05 0.261031 0.0445023 9.9937E-05 0.693767 9.9937E-05
9.9955E-05 0.138751 0.0425601 9.9955E-05 0.35568 9.9955E-05 9.9955E-05 0.017008 0.445501 9.9955E-05
9.99369E-05 9.99369E-05 9.99369E-05 9.99369E-05 9.99369E-05 0.161045 0.105826 9.99369E-05 0.732429 9.99369E-05
9.99281E-05 9.99281E-05 0.959836 9.99281E-05 9.99281E-05 9.99281E-05 9.99281E-05 9.99281E-05 0.039365 9.99281E-05
9.99282E-05 9.99282E-05 0.97479 9.99282E-05 9.99282E-05 9.99282E-05 9.99282E-05 9.99282E-05 0.0244111 9.99282E-05
9.9946E-05 9.9946E-05 9.9946E-05 0.680584 0.0356036 0.142385 9.9946E-05 0.140828 9.9946E-05 9.9946E-05
9.99282E-05 9.99282E-05 9.99282E-05 9.99282E-05 0.0247547 0.974446 9.99282E-05 9.99282E-05 9.99282E-05 9.99282E-05
0.0591972 9.9946E-05 9.9946E-05 0.0139569 0.921993 9.9946E-05 9.9946E-05 9.9946E-05 9.9946E-05 0.00425366
9.9937E-05 9.9937E-05 0.000180977 0.0619314 0.937188 9.9937E-05 9.9937E-05 9.9937E-05 9.9937E-05 9.9937E-05
0.0819799 9.9946E-05 0.0252737 9.9946E-05 9.9946E-05 0.123933 0.768214 9.9946E-05 9.9946E-05 9.9946E-05
0.893436 9.99278E-05 0.105765 9.99278E-05 9.99278E-05 9.99278E-05 9.99278E-05 9.99278E-05 9.99278E-05 9.99278E-05
9.99639E-05 0.0261344 0.109354 0.0646379 9.99639E-05 9.99639E-05 0.0711499 9.99639E-05 0.0281618 0.700162
9.9928E-05 9.9928E-05 9.9928E-05 9.9928E-05 9.9928E-05 9.9928E-05 9.9928E-05 0.0805257 9.9928E-05 0.918675
0.12361 9.99549E-05 0.48697 0.067125 9.99549E-05 9.99549E-05 0.282903 0.0388925 9.99549E-05 9.99549E-05
9.99281E-05 9.99281E-05 9.99281E-05 9.99281E-05 0.00641473 9.99281E-05 9.99281E-05 9.99281E-05 9.99281E-05 0.992786
0.0685336 0.00257409 0.0433069 0.522003 9.9964E-05 0.0807275 0.282455 9.9964E-05 9.9964E-05 9.9964E-05
0.267134 9.9946E-05 0.209843 9.9946E-05 9.9946E-05 9.9946E-05 9.9946E-05 0.169355 9.9946E-05 0.353068
0.0448808 9.99459E-05 0.0445237 9.99459E-05 9.99459E-05 9.99459E-05 9.99459E-05 0.0642992 9.99459E-05 0.845697
9.99281E-05 0.0119347 9.99281E-05 9.99281E-05 0.987266 9.99281E-05 9.99281E-05 9.99281E-05 9.99281E-05 9.99281E-05
9.99201E-05 9.99201E-05 9.99201E-05 9.99201E-05 0.999101 9.99201E-05 9.99201E-05 9.99201E-05 9.99201E-05 9.99201E-05
0.00541805 9.99549E-05 0.0757908 0.0850625 9.99549E-05 0.78562 9.99549E-05 0.0476084 9.99549E-05 9.99549E-05
9.9937E-05 0.0660807 9.9937E-05 9.9937E-05 0.925467 0.00775322 9.9937E-05 9.9937E-05 9.9937E-05 9.9937E-05
9.9946E-05 0.0608315 9.9946E-05 9.9946E-05 0.910709 0.00360116 0.0242587 9.9946E-05 9.9946E-05 9.9946E-05
9.99641E-05 0.188401 9.99641E-05 0.0420446 0.648874 9.99641E-05 9.99641E-05 0.0137492 0.0931476 0.0133845
0.0476114 0.145775 9.9955E-05 9.9955E-05 0.592201 9.9955E-05 9.9955E-05 0.00778128 0.206131 9.9955E-05
9.9946E-05 0.063237 9.9946E-05 0.0999616 9.9946E-05 9.9946E-05 9.9946E-05 0.00660116 0.829601 9.9946E-05
0.00887847 9.99372E-05 9.99372E-05 9.99372E-05 0.979038 9.99372E-05 0.0113843 9.99372E-05 9.99372E-05 9.99372E-05
9.99462E-05 0.74329 9.99462E-05 0.00378346 0.0638092 9.99462E-05 9.99462E-05 9.99462E-05 0.188518 9.99462E-05
0.31664 0.00877777 0.0421654 0.0322978 0.0101901 0.492162 9.99729E-05 0.0974669 9.99729E-05 9.99729E-05
0.0249306 9.99459E-05 9.99459E-05 9.99459E-05 0.960486 0.00883897 9.99459E-05 9.99459E-05 0.00514492 9.99459E-05
0.0193524 9.9928E-05 9.9928E-05 0.979848 9.9928E-05 9.9928E-05 9.9928E-05 9.9928E-05 9.9928E-05 9.9928E-05
0.0271373 0.00785936 0.611253 0.146551 0.0315654 9.9973E-05 9.9973E-05 9.9973E-05 0.171136 0.00419833
0.971935 9.99278E-05 9.99278E-05 9.99278E-05 9.99278E-05 9.99278E-05 9.99278E-05 9.99278E-05 0.0272657 9.99278E-05
0.160493 9.99549E-05 0.280686 0.231493 0.0656696 9.99549E-05 0.261158 9.99549E-05 9.99549E-05 9.99549E-05
0.112527 9.99549E-05 0.294271 0.298841 0.0461587 9.99549E-05 0.247702 9.99549E-05 9.99549E-05 9.99549E-05
0.0333807 9.99459E-05 0.91647 0.0483946 9.99459E-05 9.99459E-05 0.00115447 9.99459E-05 9.99459E-05 9.99459E-05
9.9955E-05 9.9955E-05 0.00638099 0.028371 9.9955E-05 0.0610853 0.894542 9.9955E-05 9.9955E-05 0.00912059
0.0380897 0.0138022 0.917229 9.9955E-05 9.9955E-05 0.0139857 9.9955E-05 0.0163934 9.9955E-05 9.9955E-05
0.0586662 9.9973E-05 0.443967 0.0605853 9.9973E-05 0.14442 0.0920156 0.0918931 9.9973E-05 0.108153
0.0541787 9.996E-05 0.543339 0.123016 0.0819268 9.996E-05 0.16162 9.996E-05 9.996E-05 0.0355195
0.327423 0.0752309 0.21918 0.181474 0.0650735 0.131219 9.9964E-05 9.9964E-05 9.9964E-05 9.9964E-05
9.99285E-05 9.99285E-05 9.99285E-05 0.993787 9.99285E-05 9.99285E-05 9.99285E-05 9.99285E-05 9.99285E-05 0.00541365
9.99201E-05 0.999101 9.99201E-05 9.99201E-05 9.99201E-05 9.99201E-05 9.99201E-05 9.99201E-05 9.99201E-05 9.99201E-05
9.99201E-05 0.999101 9.99201E-05 9.99201E-05 9.99201E-05 9.99201E-05 9.99201E-05 9.99201E-05 9.99201E-05 9.99201E-05
9.9937E-05 0.964029 0.0109847 9.9937E-05 9.9937E-05 9.9937E-05 0.0242868 9.9937E-05 9.9937E-05 9.9937E-05
9.99201E-05 0.999101 9.99201E-05 9.99201E-05 9.99201E-05 9.99201E-05 9.99201E-05 9.99201E-05 9.99201E-05 9.99201E-05
9.9928E-05 0.995394 9.9928E-05 9.9928E-05 0.00380691 9.9928E-05 9.9928E-05 9.9928E-05 9.9928E-05 9.9928E-05
9.998E-05 0.413007 0.0299849 0.00330806 0.229583 0.045757 0.0231299 9.998E-05 0.232543 0.0224867
9.9946E-05 0.943808 9.9946E-05 0.000137107 9.9946E-05 9.9946E-05 0.0210838 9.9946E-05 0.0343716 9.9946E-05
9.9928E-05 9.9928E-05 9.9928E-05 0.825577 9.9928E-05 9.9928E-05 0.173624 9.9928E-05 9.9928E-05 9.9928E-05
9.99548E-05 0.156228 9.99548E-05 0.0837227 0.00302775 9.99548E-05 9.99548E-05 0.0566521 0.69987 9.99548E-05
0.0167842 9.99279E-05 9.99279E-05 9.99279E-05 0.982416 9.99279E-05 9.99279E-05 9.99279E-05 9.99279E-05 9.99279E-05
9.9946E-05 9.9946E-05 9.9946E-05 0.0261866 9.9946E-05 0.808934 0.120362 0.0439182 9.9946E-05 9.9946E-05
9.99282E-05 9.99282E-05 9.99282E-05 9.99282E-05 9.99282E-05 0.0369379 0.962263 9.99282E-05 9.99282E-05 9.99282E-05
9.99201E-05 9.99201E-05 9.99201E-05 9.99201E-05 9.99201E-05 0.999101 9.99201E-05 9.99201E-05 9.99201E-05 9.99201E-05
9.99369E-05 9.99369E-05 0.123032 0.0161134 9.99369E-05 0.860155 9.99369E-05 9.99369E-05 9.99369E-05 9.99369E-05
0.00600896 9.99459E-05 0.102194 9.99459E-05 9.99459E-05 0.807427 9.99459E-05 0.0837703 9.99459E-05 9.99459E-05
9.99461E-05 0.00107858 0.0175051 0.0710332 9.99461E-05 9.99461E-05 9.99461E-05 9.99461E-05 9.99461E-05 0.909783
9.99283E-05 9.99283E-05 9.99283E-05 9.99283E-05 0.999005 9.99283E-05 9.99283E-05 0.000195837 9.99283E-05 9.99283E-05
9.998E-05 0.0658757 0.108645 0.127218 0.176854 0.143593 9.998E-05 0.06508 0.238701 0.0738321
9.99373E-05 0.0238057 9.99373E-05 9.99373E-05 0.95046 0.0250344 9.99373E-05 9.99373E-05 9.99373E-05 9.99373E-05
0.0346273 0.0315527 9.9946E-05 0.0196549 0.913565 9.9946E-05 9.9946E-05 9.9946E-05 9.9946E-05 9.9946E-05
9.9937E-05 0.0556883 9.9937E-05 9.9937E-05 0.885449 9.9937E-05 0.0581631 9.9937E-05 9.9937E-05 9.9937E-05
9.9955E-05 0.0263133 9.9955E-05 9.9955E-05 0.903912 9.9955E-05 0.0421864 9.9955E-05 0.0262358 0.000852494
0.00910007 9.9964E-05 0.0325965 0.00368181 0.876431 9.9964E-05 9.9964E-05 0.00722066 0.0705697 9.9964E-05
0.0581889 9.99279E-05 9.99279E-05 9.99279E-05 0.941012 9.99279E-05 9.99279E-05 9.99279E-05 9.99279E-05 9.99279E-05
9.99372E-05 0.149329 9.99372E-05 9.99372E-05 0.401104 9.99372E-05 9.99372E-05 9.99372E-05 0.448867 9.99372E-05
9.99463E-05 0.0266051 9.99463E-05 9.99463E-05 0.430538 0.0662248 9.99463E-05 9.99463E-05 0.476033 9.99463E-05
9.99461E-05 0.0247717 0.0114208 9.99461E-05 0.953282 9.99461E-05 0.00992572 9.99461E-05 9.99461E-05 9.99461E-05
9.99459E-05 0.00356605 9.99459E-05 9.99459E-05 0.0193169 9.99459E-05 0.956607 0.0199099 9.99459E-05 9.99459E-05
9.9928E-05 0.0114556 9.9928E-05 9.9928E-05 9.9928E-05 9.9928E-05 0.987745 9.9928E-05 9.9928E-05 9.9928E-05
9.99201E-05 9.99201E-05 9.99201E-05 9.99201E-05 9.99201E-05 9.99201E-05 9.99201E-05 0.999101 9.99201E-05 9.99201E-05
9.99201E-05 9.99201E-05 9.99201E-05 9.99201E-05 9.99201E-05 9.99201E-05 9.99201E-05 0.999101 9.99201E-05 9.99201E-05
9.995E-05 9.995E-05 0.830181 0.0485638 0.0210854 0.0175784 0.0820914 9.995E-05 9.995E-05 9.995E-05
9.9937E-05 9.9937E-05 0.82123 9.9937E-05 9.9937E-05 0.0303772 0.147693 9.9937E-05 9.9937E-05 9.9937E-05
9.99371E-05 9.99371E-05 9.99371E-05 9.99371E-05 9.99371E-05 9.99371E-05 0.00121319 0.976061 0.0220259 9.99371E-05
9.99281E-05 9.99281E-05 9.99281E-05 0.00547414 9.99281E-05 9.99281E-05 9.99281E-05 0.993726 9.99281E-05 9.99281E-05
9.99369E-05 9.99369E-05 9.99369E-05 0.915351 9.99369E-05 0.0691462 0.0148028 9.99369E-05 9.99369E-05 9.99369E-05
9.996E-05 9.996E-05 0.200754 0.0204632 9.996E-05 0.165193 0.511931 9.996E-05 0.0422278 0.0590313
9.99458E-05 0.13569 9.99458E-05 0.0917866 9.99458E-05 9.99458E-05 9.99458E-05 0.0129838 0.75894 9.99458E-05
0.606734 9.99552E-05 0.155321 9.99552E-05 9.99552E-05 0.185458 9.99552E-05 0.0124447 9.99552E-05 0.039542
0.672336 9.99641E-05 9.99641E-05 0.0807481 9.99641E-05 0.189452 0.00343928 0.0484439 9.99641E-05 0.00518075
9.99552E-05 0.11846 9.99552E-05 9.99552E-05 0.541254 9.99552E-05 9.99552E-05 0.00120012 0.313562 0.0250243
