0.951161 9.9991E-05 0.0487394
0.351674 0.304534 0.343791
0.0461278 0.884831 0.0690415
9.999E-05 0.9998 9.999E-05
0.211221 0.461696 0.327083
9.999E-05 0.9998 9.999E-05
0.438948 0.0294665 0.531585
0.0469235 0.434951 0.518126
0.446176 0.00640047 0.547424
0.771811 9.9991E-05 0.228089
0.818478 9.9991E-05 0.181422
0.91449 0.0854104 9.9991E-05
0.878724 0.121176 9.9991E-05
0.0154733 0.984427 9.9991E-05
0.0237435 0.976157 9.9991E-05
0.861879 9.9991E-05 0.138021
0.947721 0.0521794 9.9991E-05
0.957227 9.99911E-05 0.0426735
0.9998 9.999E-05 9.999E-05
0.938087 9.9991E-05 0.0618126
0.9998 9.999E-05 9.999E-05
0.944907 0.0148729 0.0402199
0.924054 0.0301428 0.0458037
0.9998 9.999E-05 9.999E-05
9.999E-05 0.9998 9.999E-05
9.999E-05 0.9998 9.999E-05
0.997652 9.9991E-05 0.00224844
9.9991E-05 0.93615 0.0637499
9.9991E-05 0.881381 0.118519
0.0560028 0.709062 0.234935
9.9991E-05 0.662462 0.337438
0.22937 0.0502797 0.720351
9.999E-05 0.9998 9.999E-05
9.9991E-05 0.0939863 0.905914
0.875446 0.124454 9.9991E-05
0.00838059 0.991519 9.9991E-05
0.884954 0.114946 9.9991E-05
0.735569 0.00837464 0.256056
0.793126 0.206774 9.9991E-05
0.823491 0.176409 9.99909E-05
0.857967 0.108685 0.0333479
0.923846 9.99909E-05 0.0760538
0.88063 9.9991E-05 0.11927
0.884014 9.99909E-05 0.115886
0.891365 9.9991E-05 0.108535
0.818643 0.0837737 0.0975832
0.790031 0.107509 0.10246
0.940132 9.99911E-05 0.0597682
9.999E-05 9.999E-05 0.9998
9.999E-05 9.999E-05 0.9998
9.999E-05 9.999E-05 0.9998
9.999E-05 9.999E-05 0.9998
9.999E-05 9.999E-05 0.9998
0.0736755 0.210769 0.715556
9.999E-05 9.999E-05 0.9998
0.942737 9.9991E-05 0.0571631
0.274044 0.0530546 0.672901
9.999E-05 0.9998 9.999E-05
0.958457 0.0414432 9.9991E-05
0.845901 0.095961 0.0581381
0.961743 0.0371522 0.00110509
0.963285 0.0366151 9.9991E-05
0.9998 9.999E-05 9.999E-05
0.9998 9.999E-05 9.999E-05
9.999E-05 0.9998 9.999E-05
0.54196 0.223428 0.234613
9.9991E-05 0.991336 0.00856374
0.00920862 0.969882 0.0209098
9.9991E-05 0.912196 0.0877039
9.9991E-05 0.942988 0.0569124
0.0378307 0.962069 9.9991E-05
9.999E-05 0.9998 9.999E-05
9.99911E-05 0.44607 0.55383
0.0298754 0.525302 0.444822
0.0114712 0.97003 0.0184984
0.746978 0.0390726 0.213949
0.749527 0.0211961 0.229277
0.858275 0.141625 9.9991E-05
0.873556 0.126344 9.9991E-05
0.832829 9.99909E-05 0.167071
0.850991 9.99909E-05 0.148909
0.837077 0.155811 0.00711156
0.847131 0.152769 9.9991E-05
0.903012 9.9991E-05 0.0968883
0.864756 0.00456065 0.130684
0.226672 0.0343448 0.738983
0.894679 0.105221 9.9991E-05
0.952206 0.047694 9.9991E-05
0.00493665 0.62623 0.368833
