9.999E-05 0.9998 9.999E-05
9.999E-05 0.442402 0.557498
0.0675111 0.07191 0.860579
9.999E-05 9.999E-05 0.9998
9.9991E-05 0.302513 0.697387
9.999E-05 9.999E-05 0.9998
9.999E-05 0.655721 0.344179
9.999E-05 0.17725 0.82265
9.9991E-05 0.638101 0.361799
9.9991E-05 0.935182 0.0647176
9.999E-05 0.9998 9.999E-05
9.9991E-05 0.956758 0.0431417
9.99911E-05 0.958461 0.0414387
0.0204579 0.00886386 0.970678
0.00363934 0.0111534 0.985207
9.9991E-05 0.968007 0.0318928
0.18473 0.79631 0.0189602
0.720825 0.267574 0.0116014
0.9998 9.999E-05 9.999E-05
9.999E-05 0.9998 9.999E-05
0.9998 9.999E-05 9.999E-05
9.999E-05 0.9998 9.999E-05
0.563895 0.339712 0.0963927
0.972143 0.0277569 9.9991E-05
9.999E-05 9.999E-05 0.9998
9.999E-05 9.999E-05 0.9998
9.999E-05 0.9998 9.999E-05
9.999E-05 9.999E-05 0.9998
9.999E-05 9.999E-05 0.9998
0.0757444 9.9991E-05 0.924156
0.0382962 9.9991E-05 0.961604
9.9991E-05 0.423011 0.576889
9.999E-05 9.999E-05 0.9998
9.9991E-05 0.17763 0.82227
9.9991E-05 0.923073 0.0768274
9.999E-05 9.999E-05 0.9998
9.9991E-05 0.930598 0.0693017
0.0255318 0.803212 0.171256
0.165598 0.676538 0.157864
9.9991E-05 0.880606 0.119294
0.0134536 0.89874 0.0878069
9.999E-05 0.9998 9.999E-05
9.9991E-05 0.963348 0.0365515
0.00571128 0.973187 0.0211013
0.15929 0.840028 0.000681994
0.0416227 0.855626 0.102751
0.00135413 0.836777 0.161869
0.0100016 0.989898 9.99911E-05
0.0549226 0.11258 0.832498
0.0593435 0.109724 0.830932
0.037423 0.162684 0.799893
0.0626168 0.0887584 0.848625
0.0405931 0.0727202 0.886687
0.0543757 0.182326 0.763299
0.0166362 0.190325 0.793039
9.999E-05 0.9998 9.999E-05
9.9991E-05 0.455932 0.543968
9.999E-05 9.999E-05 0.9998
9.999E-05 0.9998 9.999E-05
9.9991E-05 0.931294 0.0686058
9.999E-05 0.9998 9.999E-05
9.999E-05 0.9998 9.999E-05
9.999E-05 0.9998 9.999E-05
0.897735 0.0570838 0.0451813
9.999E-05 9.999E-05 0.9998
0.0250667 0.477497 0.497436
9.999E-05 9.999E-05 0.9998
9.999E-05 9.999E-05 0.9998
9.999E-05 9.999E-05 0.9998
9.999E-05 9.999E-05 0.9998
9.9991E-05 0.0404809 0.959419
9.999E-05 9.999E-05 0.9998
9.99911E-05 0.0658487 0.934051
0.0217375 0.108427 0.869836
9.9991E-05 0.000966824 0.998933
9.9991E-05 0.810144 0.189756
9.9991E-05 0.852647 0.147253
0.26151 0.645971 0.0925182
0.25972 0.61918 0.1211
9.9991E-05 0.950558 0.049342
9.9991E-05 0.948159 0.0517407
0.246011 0.618343 0.135646
0.229348 0.648689 0.121963
9.999E-05 0.9998 9.999E-05
0.0430199 0.898602 0.0583779
9.9991E-05 0.447255 0.552645
0.21663 0.724733 0.0586369
0.173335 0.826565 9.9991E-05
0.0866759 9.9991E-05 0.913224
