9.99009E-05 9.99009E-05 9.99009E-05 9.99009E-05 9.99009E-05 9.99009E-05 9.99009E-05 9.99009E-05 9.99009E-05 9.99009E-05 0.00491752 0.062982 9.99009E-05 0.931002
0.236322 0.130778 0.00500989 9.99099E-05 9.99099E-05 9.99099E-05 9.99099E-05 0.62689 9.99099E-05 9.99099E-05 9.99099E-05 9.99099E-05 9.99099E-05 9.99099E-05
9.99109E-05 0.643986 9.99109E-05 9.99109E-05 9.99109E-05 9.99109E-05 0.231674 9.99109E-05 0.049921 9.99109E-05 9.99109E-05 9.99109E-05 0.07342 9.99109E-05
0.00186407 0.954183 0.00724497 9.99101E-05 9.99101E-05 9.99101E-05 9.99101E-05 9.99101E-05 9.99101E-05 9.99101E-05 9.99101E-05 9.99101E-05 0.0357085 9.99101E-05
0.162635 0.295761 0.0291623 9.99551E-05 0.0717527 0.166876 0.1707 0.0584686 9.99551E-05 9.99551E-05 9.99551E-05 0.016895 9.99551E-05 0.0272486
0.0444427 0.942996 0.0114621 9.9901E-05 9.9901E-05 9.9901E-05 9.9901E-05 9.9901E-05 9.9901E-05 9.9901E-05 9.9901E-05 9.9901E-05 9.9901E-05 9.9901E-05
9.98831E-05 9.98831E-05 9.98831E-05 9.98831E-05 9.98831E-05 0.998702 9.98831E-05 9.98831E-05 9.98831E-05 9.98831E-05 9.98831E-05 9.98831E-05 9.98831E-05 9.98831E-05
9.99189E-05 0.0748502 9.99189E-05 9.99189E-05 0.0923706 9.99189E-05 0.674396 0.0910856 9.99189E-05 9.99189E-05 9.99189E-05 0.0663987 9.99189E-05 9.99189E-05
9.9892E-05 9.9892E-05 9.9892E-05 9.9892E-05 9.9892E-05 0.951988 9.9892E-05 0.0468136 9.9892E-05 9.9892E-05 9.9892E-05 9.9892E-05 9.9892E-05 9.9892E-05
9.98921E-05 9.98921E-05 9.98921E-05 9.98921E-05 9.98921E-05 0.145334 9.98921E-05 9.98921E-05 9.98921E-05 9.98921E-05 9.98921E-05 0.853467 9.98921E-05 9.98921E-05
9.9892E-05 9.9892E-05 9.9892E-05 9.9892E-05 9.9892E-05 0.136301 9.9892E-05 9.9892E-05 9.9892E-05 9.9892E-05 9.9892E-05 0.862501 9.9892E-05 9.9892E-05
9.9937E-05 0.0295941 0.00349893 0.00579494 9.9937E-05 0.0105921 9.9937E-05 9.9937E-05 0.121729 9.9937E-05 9.9937E-05 9.9937E-05 0.111224 0.716867
9.98923E-05 9.98923E-05 9.98923E-05 9.98923E-05 9.98923E-05 9.98923E-05 0.0320554 9.98923E-05 0.966746 9.98923E-05 9.98923E-05 9.98923E-05 9.98923E-05 9.98923E-05
0.0605803 0.917876 0.0204452 9.99012E-05 9.99012E-05 9.99012E-05 9.99012E-05 9.99012E-05 9.99012E-05 9.99012E-05 9.99012E-05 9.99012E-05 9.99012E-05 9.99012E-05
0.0830639 0.915737 9.98922E-05 9.98922E-05 9.98922E-05 9.98922E-05 9.98922E-05 9.98922E-05 9.98922E-05 9.98922E-05 9.98922E-05 9.98922E-05 9.98922E-05 9.98922E-05
9.991E-05 9.991E-05 0.0509427 0.74448 9.991E-05 9.991E-05 9.991E-05 9.991E-05 0.152039 9.991E-05 9.991E-05 0.0515391 9.991E-05 9.991E-05
9.99008E-05 9.99008E-05 0.916882 0.000356787 9.99008E-05 9.99008E-05 9.99008E-05 9.99008E-05 9.99008E-05 9.99008E-05 9.99008E-05 0.0816623 9.99008E-05 9.99008E-05
0.167904 9.99459E-05 9.99459E-05 0.0077399 0.0310635 9.99459E-05 9.99459E-05 0.0185975 9.99459E-05 0.0212446 0.693813 0.0509615 9.99459E-05 0.00807654
9.99011E-05 9.99011E-05 9.99011E-05 9.99011E-05 9.99011E-05 9.99011E-05 9.99011E-05 9.99011E-05 9.99011E-05 0.0786889 0.905001 9.99011E-05 0.0152108 9.99011E-05
9.99189E-05 9.99189E-05 0.0987482 0.326761 9.99189E-05 9.99189E-05 9.99189E-05 9.99189E-05 9.99189E-05 9.99189E-05 9.99189E-05 0.475638 0.00403686 0.0939161
9.99011E-05 9.99011E-05 9.99011E-05 9.99011E-05 9.99011E-05 9.99011E-05 0.0029051 9.99011E-05 9.99011E-05 0.0358007 0.960195 9.99011E-05 9.99011E-05 9.99011E-05
0.31157 9.9919E-05 0.0287602 0.181453 9.9919E-05 9.9919E-05 9.9919E-05 9.9919E-05 0.050136 9.9919E-05 9.9919E-05 9.9919E-05 9.9919E-05 0.427181
9.9928E-05 0.0177673 0.183388 9.9928E-05 0.0153599 9.9928E-05 9.9928E-05 9.9928E-05 9.9928E-05 9.9928E-05 0.41371 0.232406 0.136569 9.9928E-05
9.9901E-05 9.9901E-05 0.00426632 9.9901E-05 9.9901E-05 9.9901E-05 9.9901E-05 9.9901E-05 9.9901E-05 9.9901E-05 0.923187 0.0714476 9.9901E-05 9.9901E-05
9.99012E-05 0.964257 9.99012E-05 9.99012E-05 0.027518 9.99012E-05 0.00712627 9.99012E-05 9.99012E-05 9.99012E-05 9.99012E-05 9.99012E-05 9.99012E-05 9.99012E-05
9.98923E-05 0.997504 9.98923E-05 9.98923E-05 9.98923E-05 9.98923E-05 9.98923E-05 9.98923E-05 9.98923E-05 9.98923E-05 9.98923E-05 0.00129698 9.98923E-05 9.98923E-05
9.99188E-05 9.99188E-05 0.051262 9.99188E-05 9.99188E-05 9.99188E-05 9.99188E-05 9.99188E-05 0.765199 9.99188E-05 9.99188E-05 0.115602 0.0258046 0.0412328
9.991E-05 0.904836 9.991E-05 9.991E-05 0.0543182 0.0248216 9.991E-05 9.991E-05 0.0150255 9.991E-05 9.991E-05 9.991E-05 9.991E-05 9.991E-05
9.99101E-05 0.892187 9.99101E-05 0.0196387 0.0811944 0.00598066 9.99101E-05 9.99101E-05 9.99101E-05 9.99101E-05 9.99101E-05 9.99101E-05 9.99101E-05 9.99101E-05
9.99371E-05 0.613205 0.018578 9.99371E-05 0.124666 9.99371E-05 0.167418 9.99371E-05 0.0309254 0.0320217 9.99371E-05 9.99371E-05 0.0124868 9.99371E-05
9.99279E-05 0.369003 0.0304933 9.99279E-05 0.0805637 9.99279E-05 0.490353 9.99279E-05 9.99279E-05 9.99279E-05 9.99279E-05 0.00261474 0.0261738 9.99279E-05
9.98833E-05 9.98833E-05 9.98833E-05 9.98833E-05 9.98833E-05 9.98833E-05 9.98833E-05 0.998702 9.98833E-05 9.98833E-05 9.98833E-05 9.98833E-05 9.98833E-05 9.98833E-05
0.00235585 0.849249 9.99012E-05 9.99012E-05 9.99012E-05 9.99012E-05 0.147296 9.99012E-05 9.99012E-05 9.99012E-05 9.99012E-05 9.99012E-05 9.99012E-05 9.99012E-05
9.99102E-05 9.99102E-05 9.99102E-05 9.99102E-05 0.687295 9.99102E-05 0.272415 0.0226973 9.99102E-05 9.99102E-05 9.99102E-05 9.99102E-05 9.99102E-05 0.0165939
0.049054 9.99367E-05 0.335246 9.99367E-05 9.99367E-05 9.99367E-05 0.058367 9.99367E-05 0.452803 9.99367E-05 9.99367E-05 0.0158918 0.066698 0.0212405
0.0192896 0.912283 9.99189E-05 0.0153813 9.99189E-05 0.0121848 0.0399617 9.99189E-05 9.99189E-05 9.99189E-05 9.99189E-05 9.99189E-05 9.99189E-05 9.99189E-05
9.99011E-05 9.99011E-05 0.0377916 9.99011E-05 9.99011E-05 9.99011E-05 0.0121633 9.99011E-05 9.99011E-05 9.99011E-05 9.99011E-05 9.99011E-05 9.99011E-05 0.948946
0.123229 9.99279E-05 9.99279E-05 9.99279E-05 9.99279E-05 9.99279E-05 0.00503183 0.189332 9.99279E-05 0.0169113 9.99279E-05 0.619847 9.99279E-05 0.0448492
9.98829E-05 9.98829E-05 0.998702 9.98829E-05 9.98829E-05 9.98829E-05 9.98829E-05 9.98829E-05 9.98829E-05 9.98829E-05 9.98829E-05 9.98829E-05 9.98829E-05 9.98829E-05
0.986886 0.000635091 0.0113801 9.9901E-05 9.9901E-05 9.9901E-05 9.9901E-05 9.9901E-05 9.9901E-05 9.9901E-05 9.9901E-05 9.9901E-05 9.9901E-05 9.9901E-05
0.998702 9.9883E-05 9.9883E-05 9.9883E-05 9.9883E-05 9.9883E-05 9.9883E-05 9.9883E-05 9.9883E-05 9.9883E-05 9.9883E-05 9.9883E-05 9.9883E-05 9.9883E-05
0.0492785 9.991E-05 0.0139839 0.0295987 9.991E-05 9.991E-05 9.991E-05 9.991E-05 9.991E-05 9.991E-05 9.991E-05 0.90614 9.991E-05 9.991E-05
0.0038292 9.99369E-05 9.99369E-05 0.801741 9.99369E-05 0.0823469 9.99369E-05 9.99369E-05 0.0403985 0.0179972 9.99369E-05 0.0116065 9.99369E-05 0.0413817
9.99099E-05 9.99099E-05 0.0396325 9.99099E-05 9.99099E-05 9.99099E-05 9.99099E-05 9.99099E-05 0.000766571 9.99099E-05 9.99099E-05 0.919096 9.99099E-05 0.0395062
0.162032 9.99459E-05 9.99459E-05 0.0168487 9.99459E-05 9.99459E-05 9.99459E-05 0.0287017 0.178103 9.99459E-05 0.132099 0.368711 0.103699 0.00920568
0.131625 0.0430471 0.0575171 0.104226 9.9964E-05 9.9964E-05 0.000278562 0.0158583 0.0168857 0.0925505 9.9964E-05 0.441539 9.9964E-05 0.0960737
9.994E-05 0.0828634 0.262571 9.994E-05 0.0422088 0.0301762 9.994E-05 9.994E-05 0.0785792 0.0197274 9.994E-05 0.311186 9.994E-05 0.172089
9.98928E-05 9.98928E-05 9.98928E-05 9.98928E-05 9.98928E-05 9.98928E-05 9.98928E-05 9.98928E-05 9.98928E-05 0.0205181 9.98928E-05 9.98928E-05 9.98928E-05 0.978283
9.98832E-05 9.98832E-05 9.98832E-05 9.98832E-05 0.998702 9.98832E-05 9.98832E-05 9.98832E-05 9.98832E-05 9.98832E-05 9.98832E-05 9.98832E-05 9.98832E-05 9.98832E-05
9.98831E-05 9.98831E-05 9.98831E-05 9.98831E-05 0.998702 9.98831E-05 9.98831E-05 9.98831E-05 9.98831E-05 9.98831E-05 9.98831E-05 9.98831E-05 9.98831E-05 9.98831E-05
9.98921E-05 9.98921E-05 9.98921E-05 9.98921E-05 0.989773 9.98921E-05 9.98921E-05 9.98921E-05 9.98921E-05 9.98921E-05 9.98921E-05 9.98921E-05 0.00902865 9.98921E-05
9.98922E-05 9.98922E-05 9.98922E-05 9.98922E-05 0.98996 9.98922E-05 9.98922E-05 9.98922E-05 9.98922E-05 9.98922E-05 9.98922E-05 9.98922E-05 9.98922E-05 0.00884107
9.98922E-05 9.98922E-05 9.98922E-05 9.98922E-05 0.998183 9.98922E-05 0.000618494 9.98922E-05 9.98922E-05 9.98922E-05 9.98922E-05 9.98922E-05 9.98922E-05 9.98922E-05
9.99461E-05 0.0204531 9.99461E-05 0.0692879 0.403266 0.00731103 0.379151 0.0451924 0.0549266 9.99461E-05 0.019812 9.99461E-05 9.99461E-05 9.99461E-05
0.00324832 9.9919E-05 9.9919E-05 0.017411 0.889774 9.9919E-05 9.9919E-05 0.060669 9.9919E-05 9.9919E-05 9.9919E-05 9.9919E-05 9.9919E-05 0.027998
9.98919E-05 9.98919E-05 9.98919E-05 0.178272 9.98919E-05 9.98919E-05 9.98919E-05 9.98919E-05 9.98919E-05 9.98919E-05 9.98919E-05 9.98919E-05 9.98919E-05 0.82053
9.99099E-05 9.99099E-05 9.99099E-05 9.99099E-05 0.0381848 0.0492273 9.99099E-05 0.893625 9.99099E-05 9.99099E-05 9.99099E-05 9.99099E-05 0.0179635 9.99099E-05
0.0310725 0.961934 0.00589445 9.9901E-05 9.9901E-05 9.9901E-05 9.9901E-05 9.9901E-05 9.9901E-05 9.9901E-05 9.9901E-05 9.9901E-05 9.9901E-05 9.9901E-05
0.218843 9.98921E-05 9.98921E-05 9.98921E-05 9.98921E-05 9.98921E-05 9.98921E-05 9.98921E-05 0.779958 9.98921E-05 9.98921E-05 9.98921E-05 9.98921E-05 9.98921E-05
9.99102E-05 9.99102E-05 9.99102E-05 0.854876 9.99102E-05 9.99102E-05 9.99102E-05 9.99102E-05 0.0910969 0.00642289 9.99102E-05 9.99102E-05 9.99102E-05 0.0466055
9.98924E-05 9.98924E-05 9.98924E-05 9.98924E-05 9.98924E-05 0.0281772 9.98924E-05 9.98924E-05 0.970624 9.98924E-05 9.98924E-05 9.98924E-05 9.98924E-05 9.98924E-05
0.000954438 9.99099E-05 9.99099E-05 9.99099E-05 9.99099E-05 9.99099E-05 9.99099E-05 0.00276803 0.865651 9.99099E-05 9.99099E-05 0.129628 9.99099E-05 9.99099E-05
9.99099E-05 9.99099E-05 9.99099E-05 9.99099E-05 9.99099E-05 9.99099E-05 9.99099E-05 9.99099E-05 0.801595 9.99099E-05 0.0112085 0.126807 0.0593907 9.99099E-05
9.98831E-05 9.98831E-05 9.98831E-05 9.98831E-05 9.98831E-05 9.98831E-05 9.98831E-05 9.98831E-05 9.98831E-05 0.998702 9.98831E-05 9.98831E-05 9.98831E-05 9.98831E-05
9.99014E-05 0.985138 9.99014E-05 9.99014E-05 9.99014E-05 0.00158792 9.99014E-05 9.99014E-05 9.99014E-05 9.99014E-05 9.99014E-05 0.012175 9.99014E-05 9.99014E-05
0.0463344 0.30227 9.9973E-05 0.0740618 0.0927318 9.9973E-05 0.0494274 0.04003 0.00565871 9.9973E-05 0.144624 0.141202 0.0283898 0.0749707
9.99104E-05 0.928683 9.99104E-05 0.0199598 9.99104E-05 0.00255844 0.0477992 9.99104E-05 9.99104E-05 9.99104E-05 9.99104E-05 9.99104E-05 9.99104E-05 9.99104E-05
0.0501283 0.914714 9.991E-05 9.991E-05 0.0324452 0.00171358 9.991E-05 9.991E-05 9.991E-05 9.991E-05 9.991E-05 9.991E-05 9.991E-05 9.991E-05
9.991E-05 0.821229 9.991E-05 0.06092 0.0282841 9.991E-05 0.0885674 9.991E-05 9.991E-05 9.991E-05 9.991E-05 9.991E-05 9.991E-05 9.991E-05
9.9937E-05 0.853509 9.9937E-05 0.0267198 0.0173343 0.0120209 0.0435281 0.0455174 9.9937E-05 0.000671093 9.9937E-05 9.9937E-05 9.9937E-05 9.9937E-05
0.064208 0.804129 9.99012E-05 9.99012E-05 9.99012E-05 9.99012E-05 0.130564 9.99012E-05 9.99012E-05 9.99012E-05 9.99012E-05 9.99012E-05 9.99012E-05 9.99012E-05
0.0297461 0.961186 0.00410618 9.991E-05 0.00396268 9.991E-05 9.991E-05 9.991E-05 9.991E-05 9.991E-05 9.991E-05 9.991E-05 9.991E-05 9.991E-05
9.98919E-05 9.98919E-05 9.98919E-05 9.98919E-05 0.0338425 9.98919E-05 0.964959 9.98919E-05 9.98919E-05 9.98919E-05 9.98919E-05 9.98919E-05 9.98919E-05 9.98919E-05
9.98919E-05 9.98919E-05 9.98919E-05 9.98919E-05 9.98919E-05 9.98919E-05 0.943117 9.98919E-05 0.0556838 9.98919E-05 9.98919E-05 9.98919E-05 9.98919E-05 9.98919E-05
9.99192E-05 0.945012 9.99192E-05 0.0273965 0.0120067 9.99192E-05 9.99192E-05 9.99192E-05 9.99192E-05 9.99192E-05 9.99192E-05 0.010488 0.00419774 9.99192E-05
9.9892E-05 9.9892E-05 9.9892E-05 0.980855 0.0179461 9.9892E-05 9.9892E-05 9.9892E-05 9.9892E-05 9.9892E-05 9.9892E-05 9.9892E-05 9.9892E-05 9.9892E-05
9.9892E-05 9.9892E-05 9.9892E-05 0.995097 0.00370475 9.9892E-05 9.9892E-05 9.9892E-05 9.9892E-05 9.9892E-05 9.9892E-05 9.9892E-05 9.9892E-05 9.9892E-05
9.98922E-05 9.98922E-05 9.98922E-05 9.98922E-05 9.98922E-05 9.98922E-05 9.98922E-05 9.98922E-05 9.98922E-05 9.98922E-05 9.98922E-05 9.98922E-05 0.996283 0.0025179
0.0170718 9.98922E-05 9.98922E-05 9.98922E-05 9.98922E-05 9.98922E-05 9.98922E-05 9.98922E-05 9.98922E-05 9.98922E-05 9.98922E-05 9.98922E-05 0.981729 9.98922E-05
0.131965 9.99098E-05 9.99098E-05 0.0561724 9.99098E-05 9.99098E-05 9.99098E-05 0.058349 9.99098E-05 9.99098E-05 9.99098E-05 0.752515 9.99098E-05 9.99098E-05
0.127747 9.99279E-05 9.99279E-05 0.0779204 9.99279E-05 9.99279E-05 9.99279E-05 0.0106649 0.0472652 0.00782789 9.99279E-05 0.727775 9.99279E-05 9.99279E-05
9.98922E-05 9.98922E-05 9.98922E-05 0.0120585 9.98922E-05 9.98922E-05 9.98922E-05 9.98922E-05 9.98922E-05 9.98922E-05 9.98922E-05 9.98922E-05 0.986743 9.98922E-05
0.000490369 9.98921E-05 9.98921E-05 9.98921E-05 9.98921E-05 9.98921E-05 9.98921E-05 9.98921E-05 9.98921E-05 9.98921E-05 9.98921E-05 9.98921E-05 0.998311 9.98921E-05
9.99009E-05 9.99009E-05 9.99009E-05 9.99009E-05 9.99009E-05 0.0256265 9.99009E-05 9.99009E-05 0.0276562 9.99009E-05 9.99009E-05 9.99009E-05 9.99009E-05 0.945618
0.650722 9.99189E-05 9.99189E-05 0.0858898 9.99189E-05 0.109298 9.99189E-05 9.99189E-05 0.134887 0.0183038 9.99189E-05 9.99189E-05 9.99189E-05 9.99189E-05
9.99009E-05 9.99009E-05 9.99009E-05 9.99009E-05 0.0522778 0.0495424 9.99009E-05 0.897081 9.99009E-05 9.99009E-05 9.99009E-05 9.99009E-05 9.99009E-05 9.99009E-05
9.99283E-05 0.0146783 0.438668 9.99283E-05 9.99283E-05 9.99283E-05 9.99283E-05 9.99283E-05 0.145899 9.99283E-05 0.0914911 0.259078 0.049387 9.99283E-05
9.99192E-05 9.99192E-05 0.436184 9.99192E-05 9.99192E-05 9.99192E-05 9.99192E-05 9.99192E-05 0.242614 9.99192E-05 0.0564524 9.99192E-05 0.0997159 0.164135
9.99192E-05 0.314024 9.99192E-05 9.99192E-05 0.086292 9.99192E-05 0.548582 9.99192E-05 9.99192E-05 9.99192E-05 0.0336488 9.99192E-05 0.0165542 9.99192E-05
