9.9901E-05 0.0195151 9.9901E-05 9.9901E-05 9.9901E-05 9.9901E-05 9.9901E-05 0.00841565 9.9901E-05 9.9901E-05 9.9901E-05 0.97097 9.9901E-05 9.9901E-05
0.0200634 0.0154384 0.782117 0.0881474 9.99279E-05 9.99279E-05 0.082822 9.99279E-05 9.99279E-05 9.99279E-05 9.99279E-05 0.0106126 9.99279E-05 9.99279E-05
9.99376E-05 9.99376E-05 9.99376E-05 9.99376E-05 0.0555013 0.0121069 0.738358 0.0751379 0.0460731 0.0157387 9.99376E-05 9.99376E-05 0.0563845 9.99376E-05
9.99011E-05 9.99011E-05 9.99011E-05 0.00505444 9.99011E-05 9.99011E-05 0.95418 0.039667 9.99011E-05 9.99011E-05 9.99011E-05 9.99011E-05 9.99011E-05 9.99011E-05
9.99551E-05 0.153505 0.115671 0.0193193 0.203196 0.0509292 0.370035 9.99551E-05 0.049547 9.99551E-05 9.99551E-05 0.000168699 9.99551E-05 0.0371296
9.9928E-05 0.00673069 9.9928E-05 0.0573669 9.9928E-05 0.0350276 0.881494 9.9928E-05 0.0168196 9.9928E-05 0.0017617 9.9928E-05 9.9928E-05 9.9928E-05
9.98831E-05 9.98831E-05 9.98831E-05 9.98831E-05 0.998702 9.98831E-05 9.98831E-05 9.98831E-05 9.98831E-05 9.98831E-05 9.98831E-05 9.98831E-05 9.98831E-05 9.98831E-05
9.99369E-05 0.0634005 0.0678408 9.99369E-05 0.0247609 0.220447 0.0597371 9.99369E-05 0.46895 9.99369E-05 9.99369E-05 9.99369E-05 9.99369E-05 0.0941646
9.9901E-05 9.9901E-05 0.024648 9.9901E-05 0.963279 9.9901E-05 9.9901E-05 9.9901E-05 9.9901E-05 9.9901E-05 9.9901E-05 9.9901E-05 9.9901E-05 0.0109737
9.9892E-05 0.832393 9.9892E-05 9.9892E-05 0.166408 9.9892E-05 9.9892E-05 9.9892E-05 9.9892E-05 9.9892E-05 9.9892E-05 9.9892E-05 9.9892E-05 9.9892E-05
9.98921E-05 0.87103 9.98921E-05 9.98921E-05 0.127772 9.98921E-05 9.98921E-05 9.98921E-05 9.98921E-05 9.98921E-05 9.98921E-05 9.98921E-05 9.98921E-05 9.98921E-05
9.9919E-05 9.9919E-05 9.9919E-05 9.9919E-05 9.9919E-05 9.9919E-05 0.0141841 0.156008 0.0159331 0.155178 9.9919E-05 0.657797 9.9919E-05 9.9919E-05
9.98901E-05 9.98901E-05 9.98901E-05 9.98901E-05 9.98901E-05 0.00441918 9.98901E-05 9.98901E-05 0.014445 0.980037 9.98901E-05 9.98901E-05 9.98901E-05 9.98901E-05
9.99191E-05 9.99191E-05 9.99191E-05 0.0639806 9.99191E-05 0.0126228 0.90024 0.0054645 9.99191E-05 9.99191E-05 9.99191E-05 9.99191E-05 0.0167932 9.99191E-05
9.99101E-05 0.0292386 9.99101E-05 9.99101E-05 9.99101E-05 9.99101E-05 0.939402 9.99101E-05 9.99101E-05 9.99101E-05 9.99101E-05 0.0183553 0.0120054 9.99101E-05
0.769984 0.0611278 9.991E-05 0.00278255 9.991E-05 9.991E-05 9.991E-05 9.991E-05 9.991E-05 0.165107 9.991E-05 9.991E-05 9.991E-05 9.991E-05
9.98918E-05 0.0952806 9.98918E-05 0.903521 9.98918E-05 9.98918E-05 9.98918E-05 9.98918E-05 9.98918E-05 9.98918E-05 9.98918E-05 9.98918E-05 9.98918E-05 9.98918E-05
0.0382849 0.100378 9.99189E-05 0.00311639 9.99189E-05 9.99189E-05 9.99189E-05 9.99189E-05 9.99189E-05 9.99189E-05 9.99189E-05 9.99189E-05 0.824142 0.0331799
9.98921E-05 9.98921E-05 9.98921E-05 9.98921E-05 9.98921E-05 9.98921E-05 9.98921E-05 9.98921E-05 9.98921E-05 9.98921E-05 0.993965 9.98921E-05 0.00483618 9.98921E-05
0.289409 0.513589 9.99189E-05 0.0875303 9.99189E-05 9.99189E-05 9.99189E-05 0.0143977 9.99189E-05 9.99189E-05 9.99189E-05 0.0941741 9.99189E-05 9.99189E-05
9.98831E-05 9.98831E-05 9.98831E-05 9.98831E-05 9.98831E-05 9.98831E-05 9.98831E-05 9.98831E-05 9.98831E-05 9.98831E-05 9.98831E-05 9.98831E-05 0.998702 9.98831E-05
0.238246 0.114343 0.0102738 0.0577655 9.99279E-05 9.99279E-05 9.99279E-05 9.99279E-05 9.99279E-05 0.0525282 9.99279E-05 0.526045 9.99279E-05 9.99279E-05
9.9919E-05 0.193336 9.9919E-05 0.194799 9.9919E-05 0.048729 9.9919E-05 0.123741 9.9919E-05 9.9919E-05 0.438495 9.9919E-05 9.9919E-05 9.9919E-05
9.98829E-05 9.98829E-05 9.98829E-05 9.98829E-05 9.98829E-05 9.98829E-05 9.98829E-05 9.98829E-05 9.98829E-05 9.98829E-05 0.998702 9.98829E-05 9.98829E-05 9.98829E-05
9.99013E-05 9.99013E-05 9.99013E-05 9.99013E-05 9.99013E-05 9.99013E-05 0.968019 9.99013E-05 0.00857421 9.99013E-05 9.99013E-05 9.99013E-05 9.99013E-05 0.0223081
9.98832E-05 9.98832E-05 9.98832E-05 9.98832E-05 9.98832E-05 9.98832E-05 0.998702 9.98832E-05 9.98832E-05 9.98832E-05 9.98832E-05 9.98832E-05 9.98832E-05 9.98832E-05
9.99189E-05 0.0642354 9.99189E-05 0.0291542 9.99189E-05 9.99189E-05 9.99189E-05 0.0376916 9.99189E-05 0.788741 9.99189E-05 0.0792785 9.99189E-05 9.99189E-05
9.9901E-05 9.9901E-05 9.9901E-05 9.9901E-05 9.9901E-05 0.0386669 0.901082 9.9901E-05 9.9901E-05 9.9901E-05 9.9901E-05 9.9901E-05 9.9901E-05 0.0591521
0.0162331 9.991E-05 9.991E-05 9.991E-05 9.991E-05 9.991E-05 0.879501 9.991E-05 9.991E-05 0.00685831 9.991E-05 9.991E-05 9.991E-05 0.0964083
9.99282E-05 9.99282E-05 9.99282E-05 9.99282E-05 9.99282E-05 0.52373 0.392623 0.00244954 9.99282E-05 0.00767728 9.99282E-05 0.0109499 9.99282E-05 0.0617701
9.99008E-05 9.99008E-05 9.99008E-05 0.00296997 9.99008E-05 0.924533 0.071398 9.99008E-05 9.99008E-05 9.99008E-05 9.99008E-05 9.99008E-05 9.99008E-05 9.99008E-05
9.98834E-05 9.98834E-05 0.998702 9.98834E-05 9.98834E-05 9.98834E-05 9.98834E-05 9.98834E-05 9.98834E-05 9.98834E-05 9.98834E-05 9.98834E-05 9.98834E-05 9.98834E-05
0.0088352 9.99012E-05 9.99012E-05 9.99012E-05 9.99012E-05 9.99012E-05 0.838821 9.99012E-05 0.151244 9.99012E-05 9.99012E-05 9.99012E-05 9.99012E-05 9.99012E-05
9.99102E-05 9.99102E-05 0.0169847 9.99102E-05 9.99102E-05 0.0539969 9.99102E-05 9.99102E-05 0.184659 9.99102E-05 9.99102E-05 9.99102E-05 9.99102E-05 0.74336
9.99368E-05 0.0509361 9.99368E-05 0.310666 9.99368E-05 0.018462 9.99368E-05 0.0764966 0.0125356 0.484699 9.99368E-05 0.0455058 9.99368E-05 9.99368E-05
9.99189E-05 9.99189E-05 9.99189E-05 0.0187109 0.00326654 9.99189E-05 0.911705 9.99189E-05 0.0605343 0.00488409 9.99189E-05 9.99189E-05 9.99189E-05 9.99189E-05
9.98921E-05 9.98921E-05 9.98921E-05 9.98921E-05 9.98921E-05 9.98921E-05 9.98921E-05 9.98921E-05 0.0337154 9.98921E-05 9.98921E-05 0.965086 9.98921E-05 9.98921E-05
9.99279E-05 0.622307 0.179364 0.0187587 9.99279E-05 9.99279E-05 9.99279E-05 9.99279E-05 0.0539775 9.99279E-05 9.99279E-05 0.102563 0.0222307 9.99279E-05
9.98918E-05 9.98918E-05 9.98918E-05 0.988406 9.98918E-05 9.98918E-05 9.98918E-05 9.98918E-05 0.0103958 9.98918E-05 9.98918E-05 9.98918E-05 9.98918E-05 9.98918E-05
0.197678 0.325701 0.0148978 0.166278 9.99278E-05 9.99278E-05 0.0751006 9.99278E-05 9.99278E-05 9.99278E-05 9.99278E-05 0.219545 9.99278E-05 9.99278E-05
0.250455 0.333111 0.0244231 0.0690805 9.99459E-05 9.99459E-05 0.0548801 0.0100582 9.99459E-05 9.99459E-05 9.99459E-05 0.241646 0.0157471 9.99459E-05
0.00626892 0.930981 9.99189E-05 9.99189E-05 9.99189E-05 9.99189E-05 9.99189E-05 9.99189E-05 9.99189E-05 0.00801365 0.0151269 0.0387106 9.99189E-05 9.99189E-05
0.848979 0.00947785 9.99279E-05 9.99279E-05 0.0664001 9.99279E-05 9.99279E-05 9.99279E-05 9.99279E-05 0.0489951 9.99279E-05 0.017279 0.00806947 9.99279E-05
0.0464206 0.908102 9.9919E-05 0.0269854 9.9919E-05 9.9919E-05 9.9919E-05 9.9919E-05 9.9919E-05 0.011512 9.9919E-05 0.0060804 9.9919E-05 9.9919E-05
0.0542608 0.426387 0.0664668 9.99369E-05 9.99369E-05 9.99369E-05 9.99369E-05 0.0822342 9.99369E-05 0.187072 0.147326 0.0355544 9.99369E-05 9.99369E-05
0.199686 0.555289 9.99551E-05 9.99551E-05 9.99551E-05 0.0166832 0.0615107 0.00620958 0.00243912 0.0169157 9.99551E-05 0.0993181 0.0414489 9.99551E-05
9.9946E-05 0.24977 9.9946E-05 0.192327 0.0301417 0.148031 0.00630352 0.0104699 9.9946E-05 0.11969 9.9946E-05 0.242667 9.9946E-05 9.9946E-05
9.98927E-05 9.98927E-05 9.98927E-05 9.98927E-05 9.98927E-05 9.98927E-05 9.98927E-05 9.98927E-05 9.98927E-05 9.98927E-05 9.98927E-05 0.975174 0.0236275 9.98927E-05
9.98831E-05 9.98831E-05 9.98831E-05 9.98831E-05 9.98831E-05 9.98831E-05 9.98831E-05 9.98831E-05 9.98831E-05 9.98831E-05 9.98831E-05 9.98831E-05 9.98831E-05 0.998702
9.98832E-05 9.98832E-05 9.98832E-05 9.98832E-05 9.98832E-05 9.98832E-05 9.98832E-05 9.98832E-05 9.98832E-05 9.98832E-05 9.98832E-05 9.98832E-05 9.98832E-05 0.998702
9.98922E-05 0.00439366 9.98922E-05 9.98922E-05 9.98922E-05 9.98922E-05 9.98922E-05 9.98922E-05 9.98922E-05 9.98922E-05 9.98922E-05 9.98922E-05 9.98922E-05 0.994408
9.98832E-05 9.98832E-05 9.98832E-05 9.98832E-05 9.98832E-05 9.98832E-05 9.98832E-05 9.98832E-05 9.98832E-05 9.98832E-05 9.98832E-05 9.98832E-05 9.98832E-05 0.998702
9.98921E-05 9.98921E-05 9.98921E-05 9.98921E-05 9.98921E-05 0.020652 9.98921E-05 9.98921E-05 9.98921E-05 9.98921E-05 9.98921E-05 9.98921E-05 9.98921E-05 0.978149
0.0517513 0.0490125 0.0164848 9.99551E-05 0.0486909 0.430759 9.99551E-05 9.99551E-05 0.0302672 9.99551E-05 0.00463841 9.99551E-05 0.0143924 0.353504
9.98921E-05 9.98921E-05 0.0750496 9.98921E-05 9.98921E-05 9.98921E-05 9.98921E-05 9.98921E-05 9.98921E-05 9.98921E-05 9.98921E-05 9.98921E-05 9.98921E-05 0.923752
0.0962372 9.99099E-05 9.99099E-05 9.99099E-05 0.0193745 9.99099E-05 9.99099E-05 9.99099E-05 9.99099E-05 0.0178973 9.99099E-05 0.865492 9.99099E-05 9.99099E-05
0.000925642 9.99099E-05 0.895625 9.99099E-05 0.0228308 9.99099E-05 9.99099E-05 9.99099E-05 9.99099E-05 9.99099E-05 9.99099E-05 9.99099E-05 9.99099E-05 0.0796194
9.98919E-05 9.98919E-05 9.98919E-05 0.019726 9.98919E-05 9.98919E-05 0.979075 9.98919E-05 9.98919E-05 9.98919E-05 9.98919E-05 9.98919E-05 9.98919E-05 9.98919E-05
0.125966 9.99191E-05 9.99191E-05 9.99191E-05 9.99191E-05 9.99191E-05 9.99191E-05 0.023204 9.99191E-05 0.812569 9.99191E-05 0.0233733 9.99191E-05 0.0139882
0.924375 9.98923E-05 9.98923E-05 9.98923E-05 9.98923E-05 9.98923E-05 9.98923E-05 9.98923E-05 9.98923E-05 0.0744267 9.98923E-05 9.98923E-05 9.98923E-05 9.98923E-05
9.99013E-05 9.99013E-05 9.99013E-05 9.99013E-05 0.0180026 9.99013E-05 9.99013E-05 9.99013E-05 0.0149384 0.96596 9.99013E-05 9.99013E-05 9.99013E-05 9.99013E-05
9.99009E-05 0.0950213 0.00539379 9.99009E-05 9.99009E-05 9.99009E-05 9.99009E-05 9.99009E-05 9.99009E-05 0.898486 9.99009E-05 9.99009E-05 9.99009E-05 9.99009E-05
9.99099E-05 0.0862405 9.99099E-05 9.99099E-05 9.99099E-05 9.99099E-05 9.99099E-05 0.0710005 9.99099E-05 0.835564 0.00619623 9.99099E-05 9.99099E-05 9.99099E-05
9.98923E-05 9.98923E-05 9.98923E-05 9.98923E-05 9.98923E-05 9.98923E-05 9.98923E-05 9.98923E-05 9.98923E-05 9.98923E-05 9.98923E-05 0.0263538 0.972448 9.98923E-05
9.98925E-05 9.98925E-05 9.98925E-05 9.98925E-05 0.00532045 9.98925E-05 0.993481 9.98925E-05 9.98925E-05 9.98925E-05 9.98925E-05 9.98925E-05 9.98925E-05 9.98925E-05
0.0850643 0.0681358 0.0343337 0.143179 0.0546993 0.0670055 0.186916 9.9982E-05 9.9982E-05 0.135592 0.0163852 0.0438281 0.0511425 0.113519
0.00718608 9.99104E-05 9.99104E-05 9.99104E-05 9.99104E-05 9.99104E-05 0.899085 9.99104E-05 0.0802552 0.0124744 9.99104E-05 9.99104E-05 9.99104E-05 9.99104E-05
9.9928E-05 9.9928E-05 9.9928E-05 0.0454321 0.0201203 0.0452347 0.876279 9.9928E-05 9.9928E-05 9.9928E-05 9.9928E-05 0.0097499 9.9928E-05 0.00238428
0.0123707 9.9928E-05 9.9928E-05 9.9928E-05 0.0180431 0.0636993 0.867862 9.9928E-05 0.00977583 9.9928E-05 9.9928E-05 9.9928E-05 9.9928E-05 0.0274492
9.99192E-05 9.99192E-05 0.0428066 9.99192E-05 9.99192E-05 0.0101371 0.926103 9.99192E-05 0.0100026 9.99192E-05 9.99192E-05 9.99192E-05 9.99192E-05 0.0100511
9.99282E-05 0.0560214 9.99282E-05 0.00489559 9.99282E-05 0.157521 0.764559 9.99282E-05 0.0112492 9.99282E-05 9.99282E-05 0.00495485 9.99282E-05 9.99282E-05
9.99009E-05 9.99009E-05 9.99009E-05 0.0288302 9.99009E-05 9.99009E-05 0.961295 9.99009E-05 9.99009E-05 9.99009E-05 9.99009E-05 9.99009E-05 9.99009E-05 0.0087757
9.9901E-05 9.9901E-05 9.9901E-05 0.00237367 9.9901E-05 9.9901E-05 9.9901E-05 9.9901E-05 0.96953 9.9901E-05 9.9901E-05 9.9901E-05 9.9901E-05 0.0269977
9.99011E-05 9.99011E-05 9.99011E-05 9.99011E-05 0.0143428 9.99011E-05 9.99011E-05 9.99011E-05 0.982816 0.00174183 9.99011E-05 9.99011E-05 9.99011E-05 9.99011E-05
0.0124943 0.0206101 9.99191E-05 9.99191E-05 9.99191E-05 9.99191E-05 0.947646 0.00508101 9.99191E-05 9.99191E-05 9.99191E-05 9.99191E-05 9.99191E-05 0.0132696
0.964338 9.9919E-05 0.0116317 9.9919E-05 9.9919E-05 9.9919E-05 9.9919E-05 0.00843509 0.0133687 9.9919E-05 9.9919E-05 9.9919E-05 9.9919E-05 0.00132742
0.9973 9.9892E-05 9.9892E-05 9.9892E-05 9.9892E-05 9.9892E-05 9.9892E-05 9.9892E-05 0.00150117 9.9892E-05 9.9892E-05 9.9892E-05 9.9892E-05 9.9892E-05
9.98921E-05 9.98921E-05 9.98921E-05 9.98921E-05 9.98921E-05 9.98921E-05 9.98921E-05 0.99853 9.98921E-05 9.98921E-05 9.98921E-05 0.000271459 9.98921E-05 9.98921E-05
9.99012E-05 9.99012E-05 9.99012E-05 9.99012E-05 9.99012E-05 9.99012E-05 0.00930978 0.986752 9.99012E-05 9.99012E-05 9.99012E-05 0.00283947 9.99012E-05 9.99012E-05
0.0417458 0.829818 0.102501 9.99099E-05 9.99099E-05 9.99099E-05 9.99099E-05 9.99099E-05 9.99099E-05 0.0249369 9.99099E-05 9.99099E-05 9.99099E-05 9.99099E-05
0.0672334 0.83189 0.0244124 9.991E-05 9.991E-05 9.991E-05 9.991E-05 9.991E-05 9.991E-05 0.0754651 9.991E-05 9.991E-05 9.991E-05 9.991E-05
9.99011E-05 9.99011E-05 9.99011E-05 9.99011E-05 9.99011E-05 9.99011E-05 9.99011E-05 0.970657 0.0252993 9.99011E-05 9.99011E-05 9.99011E-05 9.99011E-05 0.00294514
9.98831E-05 9.98831E-05 9.98831E-05 9.98831E-05 9.98831E-05 9.98831E-05 9.98831E-05 0.998702 9.98831E-05 9.98831E-05 9.98831E-05 9.98831E-05 9.98831E-05 9.98831E-05
9.99009E-05 9.99009E-05 9.99009E-05 9.99009E-05 9.99009E-05 9.99009E-05 9.99009E-05 9.99009E-05 9.99009E-05 0.00785105 9.99009E-05 0.960921 9.99009E-05 0.030129
0.451101 0.169849 0.0166483 9.9946E-05 0.107562 9.9946E-05 9.9946E-05 9.9946E-05 9.9946E-05 0.151641 0.0697189 0.0304121 0.00246738 9.9946E-05
9.9901E-05 9.9901E-05 0.905798 9.9901E-05 0.0352397 9.9901E-05 9.9901E-05 9.9901E-05 9.9901E-05 9.9901E-05 9.9901E-05 9.9901E-05 9.9901E-05 0.057863
9.99282E-05 0.188977 9.99282E-05 0.300122 9.99282E-05 9.99282E-05 0.0373105 0.0395067 9.99282E-05 0.274586 0.158699 9.99282E-05 9.99282E-05 9.99282E-05
9.99192E-05 9.99192E-05 9.99192E-05 0.454 9.99192E-05 9.99192E-05 9.99192E-05 0.114831 9.99192E-05 0.227324 0.0476595 0.155285 9.99192E-05 9.99192E-05
9.98829E-05 9.98829E-05 9.98829E-05 9.98829E-05 9.98829E-05 0.998702 9.98829E-05 9.98829E-05 9.98829E-05 9.98829E-05 9.98829E-05 9.98829E-05 9.98829E-05 9.98829E-05
