9.99459E-05 0.0707686 0.00786735 9.99459E-05 9.99459E-05 9.99459E-05 9.99459E-05 9.99459E-05 0.920764
9.99638E-05 9.99638E-05 0.0337983 0.242691 9.99638E-05 9.99638E-05 0.0708396 0.470835 0.181436
0.0450206 9.99644E-05 0.0902259 0.736055 0.0147389 9.99644E-05 9.99644E-05 0.11356 9.99644E-05
9.9946E-05 0.00968235 0.0547384 0.93498 9.9946E-05 9.9946E-05 9.9946E-05 9.9946E-05 9.9946E-05
9.9973E-05 0.0160202 9.9973E-05 0.391336 9.9973E-05 0.0548095 0.0733969 0.398702 0.0654352
9.9946E-05 9.9946E-05 9.9946E-05 0.96891 9.9946E-05 9.9946E-05 0.0152982 9.9946E-05 0.0151919
0.156215 9.99369E-05 9.99369E-05 9.99369E-05 9.99369E-05 9.99369E-05 9.99369E-05 0.843086 9.99369E-05
9.9973E-05 0.000321206 0.0165659 0.382883 9.9973E-05 0.206744 0.0495333 0.343652 9.9973E-05
0.142056 9.99368E-05 9.99368E-05 9.99368E-05 9.99368E-05 9.99368E-05 9.99368E-05 0.857245 9.99368E-05
9.99371E-05 0.896831 9.99371E-05 9.99371E-05 9.99371E-05 9.99371E-05 9.99371E-05 0.102469 9.99371E-05
9.99372E-05 0.927288 9.99372E-05 9.99372E-05 9.99372E-05 9.99372E-05 9.99372E-05 0.0720121 9.99372E-05
0.164244 9.9955E-05 0.135388 0.0281213 9.9955E-05 9.9955E-05 9.9955E-05 9.9955E-05 0.671747
0.988656 9.99372E-05 9.99372E-05 0.0106444 9.99372E-05 9.99372E-05 9.99372E-05 9.99372E-05 9.99372E-05
9.9955E-05 9.9955E-05 9.9955E-05 0.894246 0.0198498 9.9955E-05 0.0482221 9.9955E-05 0.0371826
9.9937E-05 9.9937E-05 9.9937E-05 0.929989 9.9937E-05 9.9937E-05 9.9937E-05 9.9937E-05 0.0693114
0.310738 0.642321 9.9964E-05 0.0179956 9.9964E-05 9.9964E-05 9.9964E-05 0.00436911 0.0241763
9.99368E-05 0.0862889 9.99368E-05 9.99368E-05 9.99368E-05 9.99368E-05 0.913012 9.99368E-05 9.99368E-05
9.99639E-05 0.188038 9.99639E-05 9.99639E-05 0.720712 0.0283883 9.99639E-05 0.0383372 0.0241249
9.9937E-05 9.9937E-05 0.076171 9.9937E-05 0.923129 9.9937E-05 9.9937E-05 9.9937E-05 9.9937E-05
9.9955E-05 0.808299 0.0628096 9.9955E-05 9.9955E-05 9.9955E-05 0.0327943 9.9955E-05 0.0955968
9.993E-05 9.993E-05 9.993E-05 9.993E-05 0.999201 9.993E-05 9.993E-05 9.993E-05 9.993E-05
0.0929627 0.309716 0.0129568 9.99639E-05 9.99639E-05 9.99639E-05 0.0509744 9.99639E-05 0.53299
9.996E-05 0.0397667 0.13122 9.996E-05 0.351567 9.996E-05 0.452851 0.0241958 9.996E-05
9.99459E-05 9.99459E-05 0.0603881 9.99459E-05 0.879379 9.99459E-05 0.0596332 9.99459E-05 9.99459E-05
9.993E-05 9.993E-05 9.993E-05 0.999201 9.993E-05 9.993E-05 9.993E-05 9.993E-05 9.993E-05
9.993E-05 9.993E-05 9.993E-05 0.999201 9.993E-05 9.993E-05 9.993E-05 9.993E-05 9.993E-05
0.7569 0.065933 0.030879 9.99639E-05 9.99639E-05 9.99639E-05 0.0598944 9.99639E-05 0.0859941
0.020533 9.9955E-05 9.9955E-05 0.928066 9.9955E-05 0.0471264 9.9955E-05 0.00377516 9.9955E-05
0.0354326 9.9955E-05 9.9955E-05 0.881837 9.9955E-05 0.0799847 9.9955E-05 0.00224586 9.9955E-05
0.0313568 9.99731E-05 9.99731E-05 0.685211 0.0268747 0.16862 0.0273001 0.0603367 9.99731E-05
9.9955E-05 9.9955E-05 9.9955E-05 0.630627 9.9955E-05 0.175953 0.0944733 0.0984478 9.9955E-05
9.9964E-05 9.9964E-05 0.0351877 0.00924523 9.9964E-05 0.183138 9.9964E-05 0.634303 0.137726
9.99371E-05 9.99371E-05 9.99371E-05 0.972454 9.99371E-05 9.99371E-05 0.026846 9.99371E-05 9.99371E-05
9.99551E-05 9.99551E-05 0.0100385 0.0673284 9.99551E-05 0.833176 9.99551E-05 0.0889576 9.99551E-05
0.454174 0.0324105 0.0920296 0.00983191 9.99729E-05 9.99729E-05 0.353229 9.99729E-05 0.0580255
0.0108616 9.99549E-05 9.99549E-05 0.930664 9.99549E-05 9.99549E-05 0.0236563 0.0343184 9.99549E-05
9.9946E-05 9.9946E-05 9.9946E-05 0.0025924 9.9946E-05 9.9946E-05 0.0110759 9.9946E-05 0.985732
9.997E-05 0.645826 9.997E-05 0.0569495 0.0186702 9.997E-05 0.0170098 0.142762 0.118482
9.993E-05 9.993E-05 9.993E-05 9.993E-05 9.993E-05 9.993E-05 0.999201 9.993E-05 9.993E-05
9.995E-05 0.515134 9.995E-05 0.0974605 9.995E-05 9.995E-05 0.134064 9.995E-05 0.252842
9.99549E-05 0.53438 9.99549E-05 0.0613516 9.99549E-05 9.99549E-05 0.0842019 9.99549E-05 0.319567
9.9946E-05 0.994351 9.9946E-05 9.9946E-05 0.00308353 9.9946E-05 0.00196543 9.9946E-05 9.9946E-05
0.23342 0.574498 9.99549E-05 9.99549E-05 9.99549E-05 9.99549E-05 9.99549E-05 0.115183 0.0763984
9.9946E-05 0.953279 0.00128323 9.9946E-05 9.9946E-05 9.9946E-05 0.0448376 9.9946E-05 9.9946E-05
0.160342 0.481827 0.101625 9.9973E-05 0.121122 9.9973E-05 0.0695845 9.9973E-05 0.0651997
9.9964E-05 0.671964 9.9964E-05 0.058917 0.0329551 9.9964E-05 0.071566 9.9964E-05 0.164198
0.117259 0.207035 9.9982E-05 0.0721165 9.9982E-05 0.0336607 0.321223 0.0436427 0.204864
9.99373E-05 9.99373E-05 9.99373E-05 9.99373E-05 0.0197938 9.99373E-05 9.99373E-05 9.99373E-05 0.979507
9.993E-05 9.993E-05 9.993E-05 9.993E-05 9.993E-05 0.999201 9.993E-05 9.993E-05 9.993E-05
9.993E-05 9.993E-05 9.993E-05 9.993E-05 9.993E-05 0.999201 9.993E-05 9.993E-05 9.993E-05
9.99461E-05 0.00412815 9.99461E-05 0.0078985 9.99461E-05 0.987374 9.99461E-05 9.99461E-05 9.99461E-05
9.993E-05 9.993E-05 9.993E-05 9.993E-05 9.993E-05 0.999201 9.993E-05 9.993E-05 9.993E-05
9.993E-05 9.993E-05 9.993E-05 9.993E-05 9.993E-05 0.999201 9.993E-05 9.993E-05 9.993E-05
0.0179915 0.01802 9.99821E-05 0.195301 0.0234423 0.481518 0.0418811 0.221646 9.99821E-05
9.9946E-05 9.9946E-05 9.9946E-05 9.9946E-05 9.9946E-05 0.949046 9.9946E-05 0.0329498 0.0174042
0.0848796 0.114079 9.99459E-05 9.99459E-05 9.99459E-05 9.99459E-05 9.99459E-05 9.99459E-05 0.800442
9.99638E-05 9.99638E-05 0.0418686 0.0466518 9.99638E-05 0.168154 9.99638E-05 0.621726 0.121199
9.99369E-05 9.99369E-05 9.99369E-05 0.965421 9.99369E-05 9.99369E-05 0.0338798 9.99369E-05 9.99369E-05
0.884942 9.9955E-05 0.0513779 9.9955E-05 9.9955E-05 0.0188685 9.9955E-05 9.9955E-05 0.0443119
0.324761 0.501182 9.99551E-05 0.0459193 9.99551E-05 9.99551E-05 9.99551E-05 9.99551E-05 0.127637
0.999201 9.993E-05 9.993E-05 9.993E-05 9.993E-05 9.993E-05 9.993E-05 9.993E-05 9.993E-05
0.904009 0.0952917 9.99369E-05 9.99369E-05 9.99369E-05 9.99369E-05 9.99369E-05 9.99369E-05 9.99369E-05
0.840293 0.071024 0.0544206 9.99549E-05 9.99549E-05 9.99549E-05 0.0337627 9.99549E-05 9.99549E-05
9.99551E-05 0.0175088 9.99551E-05 9.99551E-05 0.897034 9.99551E-05 9.99551E-05 0.0011231 0.0838348
9.99462E-05 0.017472 0.011093 0.970835 9.99462E-05 9.99462E-05 9.99462E-05 9.99462E-05 9.99462E-05
0.0687393 0.298272 0.045728 0.176984 0.0210749 0.084858 0.0717641 0.187738 0.0448413
0.0313203 9.99373E-05 9.99373E-05 0.96798 9.99373E-05 9.99373E-05 9.99373E-05 9.99373E-05 9.99373E-05
9.9946E-05 9.9946E-05 9.9946E-05 0.907595 9.9946E-05 9.9946E-05 0.0603674 9.9946E-05 0.0314376
0.0314104 9.9955E-05 9.9955E-05 0.895581 9.9955E-05 0.0612274 9.9955E-05 0.0112813 9.9955E-05
9.99551E-05 9.99551E-05 9.99551E-05 0.938442 9.99551E-05 0.00833835 9.99551E-05 0.0443831 0.00833682
9.99551E-05 0.0179788 9.99551E-05 0.894362 9.99551E-05 9.99551E-05 0.0390471 0.0481121 9.99551E-05
9.99369E-05 9.99369E-05 9.99369E-05 0.974108 9.99369E-05 9.99369E-05 0.0251923 9.99369E-05 9.99369E-05
9.99552E-05 9.99552E-05 9.99552E-05 0.430988 9.99552E-05 0.217122 0.00621978 0.345171 9.99552E-05
0.0419668 9.99552E-05 9.99552E-05 0.414101 9.99552E-05 0.0946358 9.99552E-05 0.448797 9.99552E-05
9.9946E-05 0.0232195 9.9946E-05 0.961258 0.0149225 9.9946E-05 9.9946E-05 9.9946E-05 9.9946E-05
0.075133 0.675567 0.00221687 0.0400699 9.9982E-05 0.0143718 9.9982E-05 0.143549 0.0488926
0.095359 0.665273 0.018259 0.0635251 9.9982E-05 0.0212531 9.9982E-05 0.116014 0.0201174
9.9937E-05 9.9937E-05 0.985197 9.9937E-05 9.9937E-05 9.9937E-05 9.9937E-05 9.9937E-05 0.0141031
0.0167857 9.99371E-05 0.982515 9.99371E-05 9.99371E-05 9.99371E-05 9.99371E-05 9.99371E-05 9.99371E-05
9.9937E-05 0.975417 9.9937E-05 9.9937E-05 9.9937E-05 9.9937E-05 9.9937E-05 9.9937E-05 0.0238838
0.0548925 0.928835 9.9955E-05 9.9955E-05 0.00826228 0.00751097 9.9955E-05 9.9955E-05 9.9955E-05
9.99461E-05 0.0202667 0.972239 9.99461E-05 9.99461E-05 9.99461E-05 9.99461E-05 0.00689498 9.99461E-05
9.993E-05 9.993E-05 0.999201 9.993E-05 9.993E-05 9.993E-05 9.993E-05 9.993E-05 9.993E-05
0.076066 9.99459E-05 9.99459E-05 9.99459E-05 9.99459E-05 0.00225476 9.99459E-05 9.99459E-05 0.92108
0.254966 0.484315 9.9973E-05 0.00131432 0.0586898 9.9973E-05 9.9973E-05 0.148196 0.0522194
9.99458E-05 9.99458E-05 9.99458E-05 9.99458E-05 9.99458E-05 0.191359 9.99458E-05 0.717209 0.0908325
0.170902 0.16229 0.00199315 9.99731E-05 0.0537191 0.00304842 0.607747 9.99731E-05 9.99731E-05
0.269984 9.99641E-05 0.146687 9.99641E-05 0.0261556 9.99641E-05 0.468548 9.99641E-05 0.0882258
9.99641E-05 9.99641E-05 0.0370591 0.577529 0.0275196 0.161393 9.99641E-05 0.1961 9.99641E-05
