9.99459E-05 9.99459E-05 0.0094849 9.99459E-05 9.99459E-05 0.969895 9.99459E-05 9.99459E-05 0.0200205
9.99729E-05 9.99729E-05 0.0455046 0.131965 9.99729E-05 0.138055 0.0354097 0.641627 0.00713959
9.99688E-05 0.0424097 0.0715356 0.754242 9.99688E-05 9.99688E-05 0.041933 0.0894796 9.99688E-05
9.9955E-05 9.9955E-05 0.0317375 0.952115 9.9955E-05 9.9955E-05 0.00495748 9.9955E-05 0.0106899
9.997E-05 9.997E-05 9.997E-05 0.364336 0.0521057 0.0205277 0.0971463 0.39611 0.0694744
9.9937E-05 9.9937E-05 9.9937E-05 0.945054 9.9937E-05 9.9937E-05 0.0542463 9.9937E-05 9.9937E-05
9.99371E-05 0.277962 9.99371E-05 9.99371E-05 9.99371E-05 9.99371E-05 9.99371E-05 0.721339 9.99371E-05
9.9973E-05 9.9973E-05 0.0212337 0.388598 0.190067 9.9973E-05 0.00523628 0.37922 0.0153445
9.9937E-05 0.198244 9.9937E-05 9.9937E-05 9.9937E-05 9.9937E-05 9.9937E-05 0.801056 9.9937E-05
9.99372E-05 9.99372E-05 9.99372E-05 9.99372E-05 9.99372E-05 9.99372E-05 9.99372E-05 0.0285185 0.970782
9.993E-05 9.993E-05 9.993E-05 9.993E-05 9.993E-05 9.993E-05 9.993E-05 9.993E-05 0.999201
9.995E-05 0.161091 0.160475 0.0210569 9.995E-05 0.656877 9.995E-05 9.995E-05 9.995E-05
9.99372E-05 0.976061 9.99372E-05 0.0232395 9.99372E-05 9.99372E-05 9.99372E-05 9.99372E-05 9.99372E-05
0.0104301 9.995E-05 9.995E-05 0.929081 9.995E-05 0.0256162 0.0343731 9.995E-05 9.995E-05
0.00219774 9.9955E-05 9.9955E-05 0.955837 9.9955E-05 0.0259071 9.9955E-05 9.9955E-05 0.0155588
9.9973E-05 0.309923 9.9973E-05 0.0317286 9.9973E-05 0.0234253 0.0011461 0.0458852 0.587592
9.99369E-05 9.99369E-05 9.99369E-05 9.99369E-05 9.99369E-05 9.99369E-05 0.916255 9.99369E-05 0.0830454
0.722862 9.9973E-05 9.9973E-05 0.00241939 0.0121458 0.0114187 9.9973E-05 0.0362161 0.214638
0.947661 9.9937E-05 0.0516394 9.9937E-05 9.9937E-05 9.9937E-05 9.9937E-05 9.9937E-05 9.9937E-05
9.9955E-05 9.9955E-05 0.0229497 9.9955E-05 9.9955E-05 0.0940383 0.116394 9.9955E-05 0.766119
0.999201 9.993E-05 9.993E-05 9.993E-05 9.993E-05 9.993E-05 9.993E-05 9.993E-05 9.993E-05
9.99549E-05 0.0769793 9.99549E-05 9.99549E-05 9.99549E-05 0.52089 0.0500352 9.99549E-05 0.351596
0.352315 9.9955E-05 0.191622 9.9955E-05 9.9955E-05 9.9955E-05 0.316714 9.9955E-05 0.138849
0.886973 9.9946E-05 0.0592099 9.9946E-05 9.9946E-05 9.9946E-05 0.0532173 9.9946E-05 9.9946E-05
9.99371E-05 9.99371E-05 9.99371E-05 0.971689 0.0276118 9.99371E-05 9.99371E-05 9.99371E-05 9.99371E-05
9.993E-05 9.993E-05 9.993E-05 0.999201 9.993E-05 9.993E-05 9.993E-05 9.993E-05 9.993E-05
9.99639E-05 0.763526 0.0691643 9.99639E-05 9.99639E-05 0.0696291 0.0148483 9.99639E-05 0.0824322
9.9955E-05 0.0205697 9.9955E-05 0.933476 0.0296509 9.9955E-05 9.9955E-05 0.015804 9.9955E-05
9.9946E-05 0.0331793 9.9946E-05 0.851483 0.114738 9.9946E-05 9.9946E-05 9.9946E-05 9.9946E-05
0.0119995 0.0246459 9.99641E-05 0.718019 0.208107 9.99641E-05 9.99641E-05 0.0368288 9.99641E-05
9.9964E-05 9.9964E-05 0.0140084 0.619811 0.184226 9.9964E-05 0.050393 0.131162 9.9964E-05
9.9946E-05 9.9946E-05 9.9946E-05 9.9946E-05 0.0460196 0.0631017 9.9946E-05 0.890279 9.9946E-05
9.99372E-05 9.99372E-05 9.99372E-05 0.966218 9.99372E-05 9.99372E-05 0.0330824 9.99372E-05 9.99372E-05
9.99461E-05 9.99461E-05 9.99461E-05 0.0921177 0.791345 9.99461E-05 9.99461E-05 0.115938 9.99461E-05
9.99729E-05 0.430751 0.114474 0.0327647 9.99729E-05 0.0404281 0.331244 9.99729E-05 0.0500378
9.99459E-05 9.99459E-05 9.99459E-05 0.968089 9.99459E-05 9.99459E-05 0.016936 0.0143755 9.99459E-05
9.9937E-05 9.9937E-05 9.9937E-05 9.9937E-05 9.9937E-05 0.923086 0.076214 9.9937E-05 9.9937E-05
0.00987924 9.997E-05 9.997E-05 9.997E-05 0.0172813 0.0817512 0.0849684 0.202916 0.602904
9.99368E-05 9.99368E-05 9.99368E-05 9.99368E-05 9.99368E-05 9.99368E-05 0.965386 0.0339142 9.99368E-05
9.99549E-05 9.99549E-05 9.99549E-05 0.10035 9.99549E-05 0.204064 0.148458 9.99549E-05 0.546628
0.00212524 9.997E-05 0.0105332 0.0668435 9.997E-05 0.243175 0.112484 9.997E-05 0.564539
0.00109659 9.9946E-05 9.9946E-05 9.9946E-05 9.9946E-05 9.9946E-05 0.0258658 9.9946E-05 0.972438
9.9955E-05 0.202728 9.9955E-05 9.9955E-05 9.9955E-05 0.089359 9.9955E-05 0.130686 0.576727
9.9937E-05 9.9937E-05 9.9937E-05 9.9937E-05 9.9937E-05 9.9937E-05 0.0813151 9.9937E-05 0.917985
0.0981329 0.144865 0.0808442 9.9982E-05 9.9982E-05 0.0351454 0.0975082 0.0138311 0.529474
0.0302443 0.0367786 9.9982E-05 0.0556655 0.0209651 0.117828 0.0936482 9.9982E-05 0.644671
9.9973E-05 0.139351 9.9973E-05 0.0630825 0.0477472 0.183576 0.384991 9.9973E-05 0.180953
0.0212453 9.99374E-05 9.99374E-05 9.99374E-05 9.99374E-05 0.978055 9.99374E-05 9.99374E-05 9.99374E-05
9.993E-05 9.993E-05 9.993E-05 9.993E-05 0.999201 9.993E-05 9.993E-05 9.993E-05 9.993E-05
9.993E-05 9.993E-05 9.993E-05 9.993E-05 0.999201 9.993E-05 9.993E-05 9.993E-05 9.993E-05
9.9937E-05 9.9937E-05 9.9937E-05 9.9937E-05 0.983662 9.9937E-05 9.9937E-05 9.9937E-05 0.0156384
9.993E-05 9.993E-05 9.993E-05 9.993E-05 0.999201 9.993E-05 9.993E-05 9.993E-05 9.993E-05
9.993E-05 9.993E-05 9.993E-05 9.993E-05 0.999201 9.993E-05 9.993E-05 9.993E-05 9.993E-05
0.059829 0.00718114 0.00529737 0.215837 0.457616 0.00130779 9.9991E-05 0.243402 0.00942956
9.9946E-05 9.9946E-05 9.9946E-05 9.9946E-05 0.955671 0.00417116 9.9946E-05 0.0395582 9.9946E-05
9.99459E-05 0.0619177 9.99459E-05 9.99459E-05 9.99459E-05 0.852855 9.99459E-05 9.99459E-05 0.0846278
9.99638E-05 9.99638E-05 0.0245717 0.0232859 0.092235 0.0516333 9.99638E-05 0.807874 9.99638E-05
9.99369E-05 9.99369E-05 9.99369E-05 0.976118 9.99369E-05 0.0231824 9.99369E-05 9.99369E-05 9.99369E-05
9.9955E-05 0.844374 0.0519393 9.9955E-05 0.0112899 0.0918972 9.9955E-05 9.9955E-05 9.9955E-05
9.995E-05 0.313293 9.995E-05 0.0629636 9.995E-05 0.100696 9.995E-05 9.995E-05 0.522548
9.993E-05 0.999201 9.993E-05 9.993E-05 9.993E-05 9.993E-05 9.993E-05 9.993E-05 9.993E-05
9.99639E-05 0.882885 0.00504035 0.0124068 9.99639E-05 9.99639E-05 0.020496 9.99639E-05 0.0787715
9.99549E-05 0.84975 0.0645106 9.99549E-05 9.99549E-05 9.99549E-05 0.0482001 9.99549E-05 0.0370399
0.873655 9.99551E-05 9.99551E-05 9.99551E-05 0.000196358 0.109778 9.99551E-05 9.99551E-05 0.0158704
9.993E-05 9.993E-05 9.993E-05 0.999201 9.993E-05 9.993E-05 9.993E-05 9.993E-05 9.993E-05
0.125992 0.2141 0.0789168 0.288378 0.0955868 0.0922286 9.9982E-05 9.9982E-05 0.104598
9.99373E-05 0.00983693 9.99373E-05 0.989464 9.99373E-05 9.99373E-05 9.99373E-05 9.99373E-05 9.99373E-05
9.9946E-05 9.9946E-05 9.9946E-05 0.937238 9.9946E-05 0.00941127 0.0527513 9.9946E-05 9.9946E-05
9.9955E-05 0.0271929 9.9955E-05 0.906999 0.0271729 9.9955E-05 9.9955E-05 0.0381354 9.9955E-05
0.0136643 0.00998517 9.9955E-05 0.903652 9.9955E-05 9.9955E-05 9.9955E-05 0.0721991 9.9955E-05
9.9973E-05 9.9973E-05 0.0172583 0.877714 9.9973E-05 0.0171165 0.0135234 0.0608682 0.0132193
9.99459E-05 9.99459E-05 0.0103361 0.956942 9.99459E-05 9.99459E-05 0.0321225 9.99459E-05 9.99459E-05
9.99552E-05 9.99552E-05 9.99552E-05 0.462493 0.231743 9.99552E-05 0.00833063 0.296933 9.99552E-05
9.99552E-05 0.0677927 9.99552E-05 0.44361 0.0687405 9.99552E-05 9.99552E-05 0.419357 9.99552E-05
9.9973E-05 0.000274452 0.0171314 0.92814 0.0453909 0.00199189 9.9973E-05 9.9973E-05 0.00677147
9.9973E-05 0.0703944 0.0174082 0.0595866 9.9973E-05 0.0201613 9.9973E-05 0.127917 0.704233
9.9973E-05 0.112151 0.0173652 0.0637622 9.9973E-05 0.00166488 9.9973E-05 0.114013 0.690744
9.993E-05 9.993E-05 0.999201 9.993E-05 9.993E-05 9.993E-05 9.993E-05 9.993E-05 9.993E-05
9.993E-05 9.993E-05 0.999201 9.993E-05 9.993E-05 9.993E-05 9.993E-05 9.993E-05 9.993E-05
9.9946E-05 9.9946E-05 9.9946E-05 9.9946E-05 9.9946E-05 0.0335048 9.9946E-05 0.0356546 0.930241
9.9946E-05 0.0457296 9.9946E-05 9.9946E-05 9.9946E-05 9.9946E-05 9.9946E-05 0.0436147 0.910056
9.99461E-05 9.99461E-05 0.969167 9.99461E-05 9.99461E-05 9.99461E-05 9.99461E-05 0.00638803 0.0238457
9.993E-05 9.993E-05 0.999201 9.993E-05 9.993E-05 9.993E-05 9.993E-05 9.993E-05 9.993E-05
9.99459E-05 0.0474022 9.99459E-05 9.99459E-05 0.00107904 0.950919 9.99459E-05 9.99459E-05 9.99459E-05
0.0666436 0.264996 9.9964E-05 9.9964E-05 9.9964E-05 0.0328994 9.9964E-05 0.102309 0.532752
9.99458E-05 9.99458E-05 9.99458E-05 9.99458E-05 0.115185 0.0635996 9.99458E-05 0.820616 9.99458E-05
0.052006 0.187176 0.0129379 9.99641E-05 9.99641E-05 9.99641E-05 0.674342 9.99641E-05 0.0731376
0.0266434 0.235813 0.104101 9.99641E-05 9.99641E-05 0.136387 0.496656 9.99641E-05 9.99641E-05
0.0360088 9.99642E-05 0.0136267 0.579802 0.177686 9.99642E-05 9.99642E-05 0.192476 9.99642E-05
