0.960918 9.99459E-05 9.99459E-05 9.99459E-05 0.0384823 9.99459E-05 9.99459E-05 9.99459E-05
0.238804 0.326455 0.0231731 0.169571 9.99729E-05 9.99729E-05 9.99729E-05 0.241697
9.99822E-05 0.842469 0.0428633 0.0108471 9.99822E-05 0.0208638 0.0820595 0.00069714
9.9946E-05 0.954595 0.0448052 9.9946E-05 9.9946E-05 9.9946E-05 9.9946E-05 9.9946E-05
0.066735 0.454408 9.99731E-05 0.131042 0.216371 9.99731E-05 9.99731E-05 0.131144
0.0138119 0.963545 0.0197229 9.9964E-05 0.00252009 9.9964E-05 9.9964E-05 9.9964E-05
9.994E-05 9.994E-05 9.994E-05 9.994E-05 9.994E-05 9.994E-05 9.994E-05 0.9993
9.9973E-05 0.437572 0.00011438 0.35499 0.131837 9.9973E-05 9.9973E-05 0.0751875
9.9946E-05 9.9946E-05 9.9946E-05 0.0368946 9.9946E-05 9.9946E-05 9.9946E-05 0.962506
9.99461E-05 9.99461E-05 9.99461E-05 9.99461E-05 0.95908 9.99461E-05 9.99461E-05 0.0403208
9.994E-05 9.994E-05 9.994E-05 9.994E-05 0.967139 9.994E-05 9.994E-05 0.0322609
0.667796 0.0210348 0.106376 9.9964E-05 9.9964E-05 9.9964E-05 0.204394 9.9964E-05
9.99461E-05 0.0275955 9.99461E-05 9.99461E-05 9.99461E-05 9.99461E-05 0.971805 9.99461E-05
0.0319864 0.941111 0.00539199 9.9973E-05 0.00332661 0.0178845 9.9973E-05 9.9973E-05
0.0580449 0.925009 9.9955E-05 9.9955E-05 0.0164459 9.9955E-05 9.9955E-05 9.9955E-05
0.105042 9.99729E-05 0.0374722 9.99729E-05 0.180717 9.99729E-05 0.28819 0.388279
9.997E-05 0.0207784 0.269907 9.997E-05 0.372667 0.0700836 0.266264 9.997E-05
0.0723762 9.99729E-05 9.99729E-05 0.00909688 0.145421 0.690397 9.99729E-05 0.0824086
9.9955E-05 9.9955E-05 0.0662213 9.9955E-05 9.9955E-05 0.932098 0.00118048 9.9955E-05
0.182315 9.997E-05 0.0642258 9.997E-05 0.586527 9.997E-05 0.0697499 0.0968831
9.9946E-05 9.9946E-05 9.9946E-05 0.00765153 9.9946E-05 0.991749 9.9946E-05 9.9946E-05
0.635846 9.99729E-05 0.0480245 9.99729E-05 0.120562 9.99729E-05 0.123625 0.0716423
9.996E-05 0.00990826 0.288768 9.996E-05 0.316173 0.384751 9.996E-05 9.996E-05
9.99549E-05 9.99549E-05 0.0578186 9.99549E-05 0.0190815 0.9226 9.99549E-05 9.99549E-05
9.994E-05 0.9993 9.994E-05 9.994E-05 9.994E-05 9.994E-05 9.994E-05 9.994E-05
9.994E-05 0.9993 9.994E-05 9.994E-05 9.994E-05 9.994E-05 9.994E-05 9.994E-05
0.0668055 9.99639E-05 0.020698 9.99639E-05 0.0704739 9.99639E-05 0.841623 9.99639E-05
9.9964E-05 0.920037 9.9964E-05 0.0405227 9.9964E-05 9.9964E-05 0.0171509 0.0218899
9.996E-05 0.908689 9.996E-05 0.060704 9.996E-05 9.996E-05 9.996E-05 0.0301073
9.99641E-05 0.697098 0.00958866 0.228794 9.99641E-05 9.99641E-05 0.0641194 9.99641E-05
9.99641E-05 0.673445 0.0212733 0.241631 0.0632504 9.99641E-05 9.99641E-05 9.99641E-05
0.208498 0.111271 9.99642E-05 0.398059 9.99642E-05 9.99642E-05 9.99642E-05 0.281772
9.995E-05 0.994203 0.000462242 9.995E-05 9.995E-05 9.995E-05 9.995E-05 0.00483459
9.99641E-05 0.111892 9.99641E-05 0.87164 9.99641E-05 9.99641E-05 0.0136622 0.00240637
0.0372094 0.0488144 0.174418 0.00794221 0.0626202 9.99819E-05 0.668796 9.99819E-05
9.99639E-05 0.913472 0.0219578 9.99639E-05 9.99639E-05 9.99639E-05 0.0139272 0.0502431
0.9993 9.994E-05 9.994E-05 9.994E-05 9.994E-05 9.994E-05 9.994E-05 9.994E-05
0.178782 0.104473 9.9964E-05 0.0154375 0.700908 9.9964E-05 9.9964E-05 9.9964E-05
0.0345052 0.134448 0.351783 9.9982E-05 0.197516 0.053801 0.227746 9.9982E-05
0.395219 0.120256 0.0477951 9.99729E-05 0.392247 9.99729E-05 9.99729E-05 0.0441826
0.415825 0.101047 0.020062 9.99819E-05 0.437268 0.00137525 9.99819E-05 0.0242233
0.0198287 9.99549E-05 9.99549E-05 9.99549E-05 0.94017 9.99549E-05 0.0395019 9.99549E-05
0.176462 9.99729E-05 9.99729E-05 9.99729E-05 0.0973621 0.00547938 0.0870635 0.633333
0.0130682 9.9955E-05 9.9955E-05 9.9955E-05 0.942293 9.9955E-05 0.0441392 9.9955E-05
0.0812068 9.9991E-05 0.0999269 0.0166201 0.485646 0.110482 0.186374 0.0196435
0.202067 0.11296 0.020576 9.999E-05 0.511296 0.0287137 0.103655 0.0206325
0.154775 0.0908687 0.073595 0.0801844 0.313489 9.9982E-05 0.286888 9.9982E-05
0.9993 9.994E-05 9.994E-05 9.994E-05 9.994E-05 9.994E-05 9.994E-05 9.994E-05
9.994E-05 9.994E-05 9.994E-05 0.9993 9.994E-05 9.994E-05 9.994E-05 9.994E-05
9.994E-05 9.994E-05 9.994E-05 0.9993 9.994E-05 9.994E-05 9.994E-05 9.994E-05
9.9946E-05 9.9946E-05 9.9946E-05 0.990826 0.00857387 9.9946E-05 9.9946E-05 9.9946E-05
9.994E-05 9.994E-05 9.994E-05 0.9993 9.994E-05 9.994E-05 9.994E-05 9.994E-05
9.994E-05 9.994E-05 9.994E-05 0.9993 9.994E-05 9.994E-05 9.994E-05 9.994E-05
9.99731E-05 0.265496 9.99731E-05 0.50909 0.00361292 0.0488009 9.99731E-05 0.172701
0.0267466 9.9946E-05 9.9946E-05 0.972654 9.9946E-05 9.9946E-05 9.9946E-05 9.9946E-05
0.844212 9.99549E-05 9.99549E-05 9.99549E-05 9.99549E-05 9.99549E-05 0.077608 0.0776806
0.139246 0.104579 9.99639E-05 0.382107 9.99639E-05 9.99639E-05 9.99639E-05 0.373668
9.994E-05 0.9993 9.994E-05 9.994E-05 9.994E-05 9.994E-05 9.994E-05 9.994E-05
0.0400364 9.9964E-05 0.0190076 9.9964E-05 9.9964E-05 9.9964E-05 0.846471 0.0940855
0.24089 9.9964E-05 0.0298728 9.9964E-05 9.9964E-05 9.9964E-05 0.228823 0.500014
9.99462E-05 9.99462E-05 9.99462E-05 9.99462E-05 9.99462E-05 9.99462E-05 0.933664 0.0657361
9.99549E-05 9.99549E-05 9.99549E-05 9.99549E-05 0.0278365 9.99549E-05 0.914511 0.0571529
9.995E-05 9.995E-05 0.0239059 9.995E-05 0.0612953 9.995E-05 0.914299 9.995E-05
0.0960477 9.99461E-05 9.99461E-05 9.99461E-05 9.99461E-05 0.903353 9.99461E-05 9.99461E-05
9.994E-05 0.9993 9.994E-05 9.994E-05 9.994E-05 9.994E-05 9.994E-05 9.994E-05
0.254886 0.374111 0.0847738 0.0167138 0.160657 0.0311586 0.0776003 9.999E-05
9.99641E-05 0.954515 0.010806 9.99641E-05 9.99641E-05 9.99641E-05 0.0277973 0.00648162
0.0266498 0.969972 9.9955E-05 0.00287857 9.9955E-05 9.9955E-05 9.9955E-05 9.9955E-05
9.9955E-05 0.900183 9.9955E-05 0.0418299 9.9955E-05 9.9955E-05 9.9955E-05 0.057487
9.9964E-05 0.93703 9.9964E-05 0.00167448 9.9964E-05 0.00192785 9.9964E-05 0.0589682
0.00868673 0.937804 9.99551E-05 9.99551E-05 0.0530096 9.99551E-05 9.99551E-05 9.99551E-05
9.995E-05 0.980162 0.0131718 9.995E-05 0.00616608 9.995E-05 9.995E-05 9.995E-05
9.99553E-05 0.550203 9.99553E-05 0.364629 9.99553E-05 9.99553E-05 9.99553E-05 0.0846688
9.99642E-05 0.506152 9.99642E-05 0.194326 9.99642E-05 9.99642E-05 0.028493 0.270629
9.9973E-05 0.921626 0.00484715 0.0523184 0.00897453 9.9973E-05 0.0119342 9.9973E-05
0.137446 9.996E-05 0.0678275 9.996E-05 0.135549 9.996E-05 9.996E-05 0.658778
0.134102 9.99638E-05 0.075941 9.99638E-05 0.0864675 9.99638E-05 9.99638E-05 0.703089
9.994E-05 9.994E-05 0.9993 9.994E-05 9.994E-05 9.994E-05 9.994E-05 9.994E-05
9.994E-05 9.994E-05 0.9993 9.994E-05 9.994E-05 9.994E-05 9.994E-05 9.994E-05
0.0588829 0.0110576 9.9982E-05 0.0129198 0.830644 9.9982E-05 0.033125 0.0531712
0.088753 9.997E-05 9.997E-05 0.0249988 0.778214 9.997E-05 0.0575131 0.0502211
9.994E-05 9.994E-05 0.9993 9.994E-05 9.994E-05 9.994E-05 9.994E-05 9.994E-05
9.994E-05 9.994E-05 0.9993 9.994E-05 9.994E-05 9.994E-05 9.994E-05 9.994E-05
0.946921 9.99549E-05 9.99549E-05 0.00111561 9.99549E-05 9.99549E-05 0.0514639 9.99549E-05
0.172358 9.997E-05 9.997E-05 9.997E-05 0.229639 0.0584488 0.170947 0.368307
0.127599 0.115807 9.9964E-05 0.41225 9.9964E-05 9.9964E-05 9.9964E-05 0.343944
9.997E-05 0.0445473 0.228252 9.997E-05 0.256829 0.0750111 0.39506 9.997E-05
0.146991 9.99731E-05 0.304986 9.99731E-05 0.00251071 0.0560205 0.489192 9.99731E-05
9.99821E-05 0.629425 0.00724114 0.246966 0.0241993 0.0562941 9.99821E-05 0.0356745
