0.9995 9.996E-05 9.996E-05 9.996E-05 9.996E-05 9.996E-05
0.415738 0.303982 0.00677272 0.273308 9.9982E-05 9.9982E-05
9.999E-05 0.762763 0.0459642 0.021533 0.0688033 0.100836
9.9973E-05 0.945759 0.0448033 0.00913732 9.9973E-05 9.9973E-05
0.267647 0.468702 9.99731E-05 0.263351 9.99731E-05 9.99731E-05
0.0256174 0.968284 0.00554488 9.9982E-05 0.000353599 9.9982E-05
9.99642E-05 9.99642E-05 9.99642E-05 0.367753 9.99642E-05 0.631847
0.0855704 0.40293 0.0366529 0.474647 9.9982E-05 9.9982E-05
0.0594787 9.99731E-05 9.99731E-05 0.415567 9.99731E-05 0.524655
0.816957 9.99821E-05 0.0570642 0.102128 9.99821E-05 0.0236506
0.758698 9.9982E-05 0.0781043 0.107615 9.9982E-05 0.0553831
0.608195 0.0637133 0.112175 9.9982E-05 9.9982E-05 0.215717
9.996E-05 9.996E-05 9.996E-05 9.996E-05 9.996E-05 0.9995
0.0319684 0.954671 0.000679337 9.9982E-05 0.0124817 9.9982E-05
0.0501517 0.947263 9.9973E-05 9.9973E-05 0.00228574 9.9973E-05
0.571027 0.0275931 0.0168057 0.01104 9.9991E-05 0.373434
0.35157 9.9982E-05 0.358519 9.9982E-05 0.0738755 0.215836
0.188061 9.99729E-05 9.99729E-05 0.077793 0.733846 9.99729E-05
9.9964E-05 9.9964E-05 0.123007 9.9964E-05 0.876593 9.9964E-05
0.832397 9.9973E-05 0.105433 9.9973E-05 9.9973E-05 0.0618707
9.996E-05 9.996E-05 9.996E-05 9.996E-05 0.9995 9.996E-05
0.933814 0.00138583 0.00338005 9.9982E-05 9.9982E-05 0.0612197
0.131549 9.9982E-05 0.393621 0.0417063 0.432923 9.9982E-05
9.9964E-05 9.9964E-05 0.124442 9.9964E-05 0.875159 9.9964E-05
9.9964E-05 0.989873 0.00972699 9.9964E-05 9.9964E-05 9.9964E-05
9.996E-05 0.9995 9.996E-05 9.996E-05 9.996E-05 9.996E-05
0.15834 9.99729E-05 0.0761858 9.99729E-05 9.99729E-05 0.765174
9.9964E-05 0.92379 9.9964E-05 0.0758104 9.9964E-05 9.9964E-05
9.9973E-05 0.891904 9.9973E-05 0.102443 9.9973E-05 0.0053532
9.99821E-05 0.619891 9.99821E-05 0.325825 0.0167599 0.0373247
9.99794E-05 0.654604 0.052244 0.292852 9.99794E-05 9.99794E-05
0.282188 0.0712059 0.0185285 0.627877 9.99821E-05 9.99821E-05
9.99641E-05 0.985557 0.014043 9.99641E-05 9.99641E-05 9.99641E-05
9.99641E-05 0.0780546 9.99641E-05 0.921546 9.99641E-05 9.99641E-05
0.177192 0.0330243 0.252702 9.99819E-05 9.99819E-05 0.536882
0.0101377 0.9711 0.00104733 0.0030725 9.9991E-05 0.0145427
0.928104 0.0714961 9.99642E-05 9.99642E-05 9.99642E-05 9.99642E-05
0.785179 0.0223578 9.9982E-05 0.163262 0.0290011 9.9982E-05
0.238454 0.11823 0.400769 9.9991E-05 0.0514873 0.190959
0.887852 0.111748 9.99639E-05 9.99639E-05 9.99639E-05 9.99639E-05
0.920805 0.0711548 9.99729E-05 9.99729E-05 0.00774017 9.99729E-05
0.884135 9.9982E-05 0.0791623 9.9982E-05 0.01902 0.017483
0.636829 9.9973E-05 9.9973E-05 0.0307012 9.9973E-05 0.33217
0.787042 9.9982E-05 0.143183 0.0299337 9.9982E-05 0.0396414
0.485246 9.9991E-05 0.183401 0.011439 0.113871 0.205943
0.698057 0.0360974 0.0590842 0.086003 0.0506223 0.0701362
0.48467 0.105833 0.0976468 0.0529559 9.9991E-05 0.258794
0.989605 9.99644E-05 9.99644E-05 9.99644E-05 0.00999564 9.99644E-05
9.996E-05 9.996E-05 9.996E-05 0.9995 9.996E-05 9.996E-05
9.996E-05 9.996E-05 9.996E-05 0.9995 9.996E-05 9.996E-05
9.9964E-05 9.9964E-05 9.9964E-05 0.995679 0.00392095 9.9964E-05
9.996E-05 9.996E-05 9.996E-05 0.9995 9.996E-05 9.996E-05
9.996E-05 9.996E-05 9.996E-05 0.9995 9.996E-05 9.996E-05
0.0705718 0.233621 9.9991E-05 0.620568 0.040738 0.0344011
9.996E-05 9.996E-05 9.996E-05 0.9995 9.996E-05 9.996E-05
0.922659 9.9964E-05 9.9964E-05 9.9964E-05 9.9964E-05 0.0769413
0.323441 0.110866 9.9982E-05 0.56519 9.9982E-05 0.000302318
9.996E-05 0.9995 9.996E-05 9.996E-05 9.996E-05 9.996E-05
0.0435049 9.9973E-05 0.0536583 9.9973E-05 9.9973E-05 0.902537
0.531181 0.0819817 9.9973E-05 9.9973E-05 9.9973E-05 0.386538
9.996E-05 9.996E-05 9.996E-05 9.996E-05 9.996E-05 0.9995
0.132794 9.99729E-05 0.0123907 9.99729E-05 9.99729E-05 0.854515
0.0185808 9.99819E-05 0.125571 9.99819E-05 0.0164841 0.839164
0.0728553 9.9973E-05 9.9973E-05 0.0306053 0.896239 9.9973E-05
9.996E-05 0.9995 9.996E-05 9.996E-05 9.996E-05 9.996E-05
0.42334 0.35232 0.0239442 0.0508542 0.0078673 0.141673
9.99641E-05 0.984587 9.99641E-05 0.0150133 9.99641E-05 9.99641E-05
0.0125386 0.971194 9.9973E-05 0.015968 9.9973E-05 9.9973E-05
9.9973E-05 0.901256 9.9973E-05 0.0772435 9.9973E-05 0.0212006
9.9982E-05 0.92347 9.9982E-05 0.0611632 0.00521983 0.0099467
0.0777444 0.90088 9.99731E-05 0.0210758 9.99731E-05 9.99731E-05
9.9964E-05 0.995069 0.0045313 9.9964E-05 9.9964E-05 9.9964E-05
9.99732E-05 0.494796 9.99732E-05 0.504003 9.99732E-05 0.000901021
9.99732E-05 0.428806 9.99732E-05 0.36211 9.99732E-05 0.208784
0.00022912 0.965813 9.9982E-05 9.9982E-05 0.0163362 0.0174218
0.614685 0.0676477 0.0395177 0.108094 9.9991E-05 0.169956
0.527591 0.0443454 0.0789007 0.133099 9.9991E-05 0.215964
9.996E-05 9.996E-05 0.9995 9.996E-05 9.996E-05 9.996E-05
9.996E-05 9.996E-05 0.9995 9.996E-05 9.996E-05 9.996E-05
0.859843 9.9982E-05 0.0344852 0.0856474 9.9982E-05 0.0198244
0.828226 9.9991E-05 0.0103686 0.0946953 0.00545893 0.061151
9.996E-05 9.996E-05 0.9995 9.996E-05 9.996E-05 9.996E-05
9.996E-05 9.996E-05 0.9995 9.996E-05 9.996E-05 9.996E-05
0.91264 9.9964E-05 9.9964E-05 9.9964E-05 9.9964E-05 0.0869599
0.582738 9.9982E-05 9.9982E-05 0.0425949 0.0641643 0.310303
0.285521 0.0810988 9.9982E-05 0.616586 9.9982E-05 0.0165937
0.259012 0.0350029 0.29243 9.9991E-05 0.112589 0.300867
0.258052 9.99821E-05 0.290234 9.99821E-05 0.0841077 0.367406
9.9991E-05 0.56985 0.0351604 0.338905 0.0485791 0.00740465
