9.997E-05 9.997E-05 0.9996 9.997E-05 9.997E-05
9.9973E-05 9.9973E-05 0.508606 9.9973E-05 0.491094
0.0977364 9.99822E-05 9.99822E-05 0.0870509 0.815013
9.9973E-05 9.9973E-05 9.9973E-05 0.0318204 0.96788
9.99731E-05 9.99731E-05 0.315835 9.99731E-05 0.683865
9.9973E-05 9.9973E-05 9.9973E-05 0.0247637 0.974936
0.558338 9.99821E-05 0.149699 9.99821E-05 0.291763
9.99821E-05 9.99821E-05 0.2021 0.0168588 0.780841
0.380781 9.99821E-05 0.282533 9.99821E-05 0.336486
9.99731E-05 9.99731E-05 0.942972 0.0567285 9.99731E-05
0.00866944 9.99821E-05 0.91343 0.077701 9.99821E-05
0.22696 9.9982E-05 0.60636 0.16648 9.9982E-05
0.987156 9.9973E-05 9.9973E-05 9.9973E-05 0.012544
0.0137059 0.00791527 9.9991E-05 0.0256857 0.952593
9.9982E-05 9.9982E-05 0.0516729 0.0149297 0.933197
0.333575 9.9991E-05 0.632916 0.00323764 0.0301719
0.218951 0.0977489 0.293754 0.389446 9.9991E-05
9.9982E-05 0.73325 0.26337 9.9982E-05 0.00317965
9.9973E-05 0.931823 9.9973E-05 0.0678768 9.9973E-05
0.0577615 9.9982E-05 0.821006 0.121032 9.9982E-05
9.997E-05 0.9996 9.997E-05 9.997E-05 9.997E-05
0.092586 9.9982E-05 0.906349 0.000865128 9.9982E-05
9.999E-05 0.417906 0.153513 0.377351 0.05113
9.9973E-05 0.880839 9.9973E-05 0.118861 9.9973E-05
9.997E-05 9.997E-05 9.997E-05 9.997E-05 0.9996
9.997E-05 9.997E-05 9.997E-05 9.997E-05 0.9996
0.72769 9.99819E-05 0.207731 0.0643792 9.99819E-05
0.00978976 9.9982E-05 9.9982E-05 0.0029315 0.987079
0.0247814 9.9973E-05 9.9973E-05 9.9973E-05 0.974919
9.9982E-05 0.0420683 9.9982E-05 0.0642687 0.893463
0.0102472 0.00821614 9.9991E-05 0.104348 0.877088
9.99731E-05 9.99731E-05 0.47667 9.99731E-05 0.52303
9.9973E-05 9.9973E-05 9.9973E-05 0.003364 0.996336
9.99731E-05 9.99731E-05 0.220614 9.99731E-05 0.779086
0.535551 9.9991E-05 0.159855 0.242793 0.0617014
0.00818146 9.99819E-05 9.99819E-05 0.0168068 0.974812
0.011235 9.99821E-05 0.962072 9.99821E-05 0.0264929
9.9982E-05 0.0381168 0.843795 9.9982E-05 0.117889
0.190266 0.0705073 0.181017 0.459258 0.0989518
9.9982E-05 9.9982E-05 0.871407 0.0369737 0.0914198
9.9982E-05 9.9982E-05 0.923992 0.0298648 0.045943
0.00927878 0.0377744 0.894338 0.0585086 9.9991E-05
0.266634 9.9982E-05 0.730898 9.9982E-05 0.00226838
0.0299174 0.00686032 0.874201 0.0889212 9.9991E-05
0.158026 0.129115 0.541238 0.17152 9.9991E-05
0.0206707 0.0555887 0.785863 0.0622797 0.0755976
0.198782 9.9991E-05 0.495179 0.14472 0.161219
9.997E-05 9.997E-05 0.9996 9.997E-05 9.997E-05
9.9982E-05 0.0326522 0.196812 9.9982E-05 0.770335
9.9982E-05 0.0332872 0.226356 9.9982E-05 0.740157
9.9982E-05 0.0101952 0.250445 9.9982E-05 0.73916
9.9982E-05 0.0269429 0.1823 9.9982E-05 0.790557
9.9982E-05 0.0184637 0.203775 9.9982E-05 0.777561
9.99821E-05 0.0433969 0.233385 9.99821E-05 0.723018
9.9973E-05 9.9973E-05 0.281492 9.9973E-05 0.718208
0.052633 9.9973E-05 0.947067 9.9973E-05 9.9973E-05
9.9973E-05 9.9973E-05 0.510086 9.9973E-05 0.489614
9.997E-05 9.997E-05 9.997E-05 9.997E-05 0.9996
0.837226 9.9982E-05 0.111619 0.0509554 9.9982E-05
0.324475 9.9991E-05 0.615553 0.0138732 0.0459987
0.9996 9.997E-05 9.997E-05 9.997E-05 9.997E-05
0.865312 9.99729E-05 0.134388 9.99729E-05 9.99729E-05
0.847477 0.000271202 0.0485664 0.103585 9.9991E-05
9.99731E-05 0.906262 0.0934378 9.99731E-05 9.99731E-05
9.997E-05 9.997E-05 9.997E-05 9.997E-05 0.9996
0.0420379 0.0437317 0.453822 0.0809438 0.379464
0.0220255 9.99731E-05 9.99731E-05 9.99731E-05 0.977675
0.00889259 9.9982E-05 0.00451411 9.9982E-05 0.986393
0.0266379 9.9973E-05 9.9973E-05 9.9973E-05 0.973062
0.0110477 0.0133032 9.9982E-05 9.9982E-05 0.975449
9.9982E-05 9.9982E-05 0.0233583 0.04454 0.931902
9.997E-05 9.997E-05 9.997E-05 9.997E-05 0.9996
0.000116362 9.99821E-05 0.143652 9.99821E-05 0.856032
0.204242 9.99732E-05 9.99732E-05 9.99732E-05 0.795458
9.99774E-05 9.99774E-05 9.99774E-05 0.0132189 0.986481
0.110449 9.9991E-05 0.69374 0.0612374 0.134474
0.127974 9.9991E-05 0.698186 0.0333163 0.140424
9.997E-05 9.997E-05 9.997E-05 0.9996 9.997E-05
9.997E-05 9.997E-05 9.997E-05 0.9996 9.997E-05
0.0218528 0.00925023 0.916584 0.0375415 0.0147713
0.078182 0.0181476 0.891604 0.0119667 9.9991E-05
9.997E-05 9.997E-05 9.997E-05 0.9996 9.997E-05
9.997E-05 9.997E-05 9.997E-05 0.9996 9.997E-05
0.0653882 9.9973E-05 0.934312 9.9973E-05 9.9973E-05
0.326903 0.0528464 0.599761 9.9991E-05 0.0203889
9.9973E-05 9.9973E-05 0.490219 9.9973E-05 0.509481
0.380767 0.108206 0.165479 0.313673 0.0318751
0.468845 0.0611052 0.145446 0.324503 9.9991E-05
9.99821E-05 0.0413345 9.99821E-05 0.0756303 0.882835
