9.9973E-05 9.9973E-05 0.0351472 0.964553 9.9973E-05
0.321195 9.9991E-05 0.0332693 0.327131 0.318305
0.0693849 0.0357332 0.0565333 0.000156474 0.838192
0.0220054 9.9982E-05 0.0403678 9.9982E-05 0.937427
0.301481 9.99821E-05 9.99821E-05 0.247886 0.450432
9.997E-05 9.997E-05 9.997E-05 9.997E-05 0.9996
0.403758 9.99821E-05 9.99821E-05 0.553489 0.0425532
0.485324 9.9991E-05 0.0276091 0.083628 0.403338
0.451425 9.99821E-05 9.99821E-05 0.522122 0.026253
0.175353 9.9982E-05 0.127655 0.696791 9.9982E-05
0.115845 9.9982E-05 0.160634 0.723322 9.9982E-05
9.99821E-05 9.99821E-05 0.16364 0.807712 0.0284486
9.99732E-05 9.99732E-05 9.99732E-05 0.939269 0.0604314
9.9982E-05 0.025158 9.9982E-05 0.00773472 0.966907
9.9973E-05 0.0281116 9.9973E-05 9.9973E-05 0.971588
0.0582002 9.9991E-05 0.000515412 0.912981 0.028203
9.999E-05 0.108604 0.377135 0.503952 0.0102097
0.103265 0.75297 9.9982E-05 0.143564 9.9982E-05
9.9973E-05 0.925139 0.0745611 9.9973E-05 9.9973E-05
0.0163364 9.9982E-05 0.155488 0.827975 9.9982E-05
9.9973E-05 0.993631 9.9973E-05 9.9973E-05 0.00606946
0.00844857 9.9982E-05 0.0601866 0.931165 9.9982E-05
0.0510181 0.414811 0.39286 0.115908 0.0254031
9.9973E-05 0.912678 0.0870226 9.9973E-05 9.9973E-05
9.997E-05 9.997E-05 9.997E-05 9.997E-05 0.9996
9.997E-05 9.997E-05 9.997E-05 9.997E-05 0.9996
9.9973E-05 9.9973E-05 0.0828498 0.91685 9.9973E-05
0.0671272 9.9973E-05 9.9973E-05 9.9973E-05 0.932573
0.0848961 9.9973E-05 9.9973E-05 9.9973E-05 0.914804
0.249338 0.0343834 0.038627 9.9991E-05 0.677552
0.265895 9.9982E-05 0.0592331 9.9982E-05 0.674672
0.613139 9.99821E-05 9.99821E-05 0.294377 0.092284
9.997E-05 9.997E-05 9.997E-05 9.997E-05 0.9996
0.888861 9.9973E-05 9.9973E-05 9.9973E-05 0.110839
9.9982E-05 9.9982E-05 0.273495 0.658648 0.0676569
9.99729E-05 9.99729E-05 9.99729E-05 0.00784222 0.991858
9.99821E-05 9.99821E-05 0.0109769 0.900631 0.0881921
0.19248 0.0539356 0.0396319 0.68561 0.028343
9.9991E-05 0.0752568 0.414409 0.337507 0.172727
9.9991E-05 0.0149244 0.0764535 0.777305 0.131217
0.0140659 0.0254875 0.0788927 0.798768 0.0827862
0.0257401 0.0305979 0.126274 0.817288 9.9991E-05
0.0551384 9.9982E-05 9.9982E-05 0.938515 0.00614681
0.0850916 9.9982E-05 0.144641 0.770067 9.9982E-05
0.0546647 0.123553 0.174195 0.647487 9.9991E-05
0.0882582 0.0502715 0.102873 0.71203 0.046567
0.0501003 0.00290594 0.129187 0.695843 0.121964
0.0179066 0.0198642 0.0125765 0.949553 9.99911E-05
0.9996 9.997E-05 9.997E-05 9.997E-05 9.997E-05
0.9996 9.997E-05 9.997E-05 9.997E-05 9.997E-05
0.9996 9.997E-05 9.997E-05 9.997E-05 9.997E-05
0.9996 9.997E-05 9.997E-05 9.997E-05 9.997E-05
0.9996 9.997E-05 9.997E-05 9.997E-05 9.997E-05
0.586683 0.0389841 9.9991E-05 0.0854273 0.288805
0.9996 9.997E-05 9.997E-05 9.997E-05 9.997E-05
9.997E-05 9.997E-05 9.997E-05 0.9996 9.997E-05
0.532029 9.9991E-05 0.011736 0.343132 0.113004
9.997E-05 9.997E-05 9.997E-05 9.997E-05 0.9996
9.99821E-05 9.99821E-05 0.0284479 0.969725 0.00162726
9.9973E-05 9.9973E-05 9.9973E-05 0.9103 0.0893999
9.99732E-05 0.0152391 9.99732E-05 0.984461 9.99732E-05
9.9982E-05 9.9982E-05 0.00105983 0.995067 0.0036732
9.9982E-05 0.0169165 0.0826638 0.90022 9.9982E-05
0.00330815 0.91107 9.99821E-05 0.0854215 9.99821E-05
9.997E-05 9.997E-05 9.997E-05 9.997E-05 0.9996
0.188027 0.0474174 9.9991E-05 0.484696 0.27976
0.0148996 9.99731E-05 9.99731E-05 9.99731E-05 0.9848
0.0123344 9.9982E-05 9.9982E-05 0.00241567 0.98505
0.110354 9.9982E-05 9.9982E-05 0.00361627 0.88583
0.0619777 0.0130498 9.9991E-05 0.00684277 0.91803
9.9982E-05 9.9982E-05 0.0447401 0.0281273 0.926933
0.0101159 9.9973E-05 9.9973E-05 9.9973E-05 0.989584
0.481509 9.99732E-05 9.99732E-05 9.99732E-05 0.518192
0.381983 0.028209 9.99911E-05 0.0592837 0.530424
0.0157338 0.0023201 0.00174249 9.9991E-05 0.980104
0.132143 9.9991E-05 0.0655153 0.759626 0.0426155
0.148384 9.9991E-05 0.0631037 0.751483 0.0369292
9.997E-05 9.997E-05 0.9996 9.997E-05 9.997E-05
9.997E-05 9.997E-05 0.9996 9.997E-05 9.997E-05
0.138503 9.99819E-05 0.0795224 0.781775 9.99819E-05
0.104057 9.99819E-05 0.06513 0.830613 9.99819E-05
9.997E-05 9.997E-05 0.9996 9.997E-05 9.997E-05
9.997E-05 9.997E-05 0.9996 9.997E-05 9.997E-05
0.0108414 9.9973E-05 9.9973E-05 0.988859 9.9973E-05
0.0701201 0.0635982 9.9982E-05 0.866082 9.9982E-05
0.577585 9.9982E-05 9.9982E-05 0.335304 0.0869112
9.9991E-05 0.134204 0.262574 0.537218 0.0659036
9.9991E-05 0.0580622 0.277475 0.659462 0.00490128
0.344714 0.0135141 0.0607095 9.9991E-05 0.580962
