0.9997 9.998E-05 9.998E-05 9.998E-05
0.39261 9.9991E-05 0.288958 0.318332
0.071556 0.0589348 0.799291 0.0702179
9.998E-05 9.998E-05 0.9997 9.998E-05
0.227377 9.9991E-05 0.467316 0.305206
9.9982E-05 0.0116619 0.988138 9.9982E-05
0.536703 9.99911E-05 0.0268501 0.436347
0.0877924 9.9991E-05 0.403911 0.508197
0.519146 9.9991E-05 0.0180658 0.462688
0.799021 9.9982E-05 9.9982E-05 0.200779
0.860217 9.9982E-05 9.9982E-05 0.139583
0.932624 9.9982E-05 0.0671763 9.9982E-05
0.925249 9.99821E-05 0.0745514 9.99821E-05
0.0177788 0.0230196 0.959102 9.9991E-05
0.0085693 0.00595144 0.985379 9.9991E-05
0.921772 9.9991E-05 0.0314393 0.0466886
0.809212 0.142449 0.0482391 9.9991E-05
0.188368 0.724608 9.9991E-05 0.0869243
9.998E-05 0.9997 9.998E-05 9.998E-05
0.961627 9.9982E-05 9.9982E-05 0.0381729
9.998E-05 0.9997 9.998E-05 9.998E-05
0.971722 9.9991E-05 0.00982558 0.0183528
0.357908 0.525754 0.0390496 0.0772887
0.0189729 0.980827 9.9982E-05 9.9982E-05
9.9982E-05 9.9982E-05 0.989963 0.00983699
9.998E-05 9.998E-05 0.9997 9.998E-05
0.9997 9.998E-05 9.998E-05 9.998E-05
9.9982E-05 9.9982E-05 0.929075 0.0707253
9.9982E-05 9.9982E-05 0.895244 0.104556
9.9991E-05 0.0448806 0.69403 0.26099
9.9991E-05 0.0194453 0.687046 0.293409
0.257738 9.9991E-05 0.0863227 0.655839
9.9982E-05 9.9982E-05 0.977645 0.0221551
9.9982E-05 9.9982E-05 0.0483333 0.951467
0.900048 9.9982E-05 0.0997524 9.9982E-05
0.043319 9.9982E-05 0.956481 9.9982E-05
0.909367 9.99821E-05 0.0904326 9.99821E-05
0.746278 0.0152001 9.9991E-05 0.238422
0.677725 0.148011 0.174164 9.9991E-05
0.857834 9.9982E-05 0.141966 9.9982E-05
0.909376 0.00404848 0.0625085 0.0240672
0.957841 0.0126417 9.9991E-05 0.0294177
0.8785 9.9982E-05 9.9982E-05 0.1213
0.909359 0.0112881 9.9991E-05 0.0792529
0.821223 0.126556 9.9991E-05 0.0521217
0.830633 0.0386597 0.0567224 0.0739845
0.783195 9.9991E-05 0.166636 0.0500687
0.988621 9.99822E-05 9.99822E-05 0.0111795
9.998E-05 9.998E-05 9.998E-05 0.9997
9.998E-05 9.998E-05 9.998E-05 0.9997
9.998E-05 9.998E-05 9.998E-05 0.9997
9.998E-05 9.998E-05 9.998E-05 0.9997
9.998E-05 9.998E-05 9.998E-05 0.9997
0.132987 0.0244774 0.194334 0.648202
0.000256387 9.9982E-05 9.9982E-05 0.999544
0.9997 9.998E-05 9.998E-05 9.998E-05
0.293424 9.9991E-05 0.125198 0.581278
9.998E-05 9.998E-05 0.9997 9.998E-05
0.995925 9.99821E-05 9.99821E-05 0.00387496
0.879333 9.9982E-05 0.120467 9.9982E-05
0.9997 9.998E-05 9.998E-05 9.998E-05
0.9997 9.998E-05 9.998E-05 9.998E-05
0.9997 9.998E-05 9.998E-05 9.998E-05
0.057905 0.893636 9.9991E-05 0.0483585
9.998E-05 9.998E-05 0.9997 9.998E-05
0.4253 0.078869 0.260704 0.235126
9.998E-05 9.998E-05 0.9997 9.998E-05
0.015999 9.9991E-05 0.97799 0.0059112
9.9982E-05 9.9982E-05 0.9113 0.0884999
9.9982E-05 9.9982E-05 0.947938 0.0518618
0.0566772 9.9982E-05 0.943123 9.9982E-05
9.998E-05 9.998E-05 0.9997 9.998E-05
9.99821E-05 9.99821E-05 0.471325 0.528475
0.086787 0.0122143 0.534136 0.366863
9.9982E-05 9.9982E-05 0.972424 0.0273763
0.791743 9.9991E-05 0.082264 0.125893
0.790281 9.9991E-05 0.0278939 0.181725
0.65225 0.223798 0.123852 9.9991E-05
0.63915 0.214646 0.146104 9.9991E-05
0.87806 9.99819E-05 9.99819E-05 0.12174
0.905159 9.99819E-05 9.99819E-05 0.0946411
0.664369 0.19107 0.144461 9.9991E-05
0.63714 0.208353 0.154408 9.9991E-05
0.95285 9.9982E-05 9.9982E-05 0.04695
0.90053 0.0406296 9.9991E-05 0.0587406
0.291539 9.9991E-05 0.044085 0.664276
0.731029 0.185236 0.0836352 9.9991E-05
0.809754 0.154174 0.0359716 9.9991E-05
9.9991E-05 0.0624724 0.629872 0.307556
