9.99459E-05 9.99459E-05 0.972819 9.99459E-05 9.99459E-05 9.99459E-05 0.0265813 9.99459E-05
9.99639E-05 9.99639E-05 0.139137 0.62598 9.99639E-05 0.197203 0.0372808 9.99639E-05
0.00775422 0.116817 9.99822E-05 0.0750473 0.013552 0.715335 0.0712943 9.99822E-05
9.9946E-05 9.9946E-05 9.9946E-05 9.9946E-05 9.9946E-05 0.983146 0.0162546 9.9946E-05
9.99731E-05 9.99731E-05 0.037505 0.285556 0.084066 0.436905 9.99731E-05 0.155668
9.9955E-05 9.9955E-05 0.00675718 9.9955E-05 9.9955E-05 0.986962 9.9955E-05 0.00578147
9.9946E-05 0.228966 9.9946E-05 0.770435 9.9946E-05 9.9946E-05 9.9946E-05 9.9946E-05
9.9973E-05 9.9973E-05 9.9973E-05 0.339236 0.221799 0.381719 0.0104444 0.0465017
9.9946E-05 0.18858 9.9946E-05 0.81082 9.9946E-05 9.9946E-05 9.9946E-05 9.9946E-05
9.99461E-05 9.99461E-05 9.99461E-05 0.0274951 9.99461E-05 9.99461E-05 9.99461E-05 0.971905
9.994E-05 9.994E-05 9.994E-05 9.994E-05 9.994E-05 9.994E-05 9.994E-05 0.9993
9.9964E-05 0.175176 0.690008 9.9964E-05 9.9964E-05 0.0264452 0.10797 9.9964E-05
9.994E-05 0.9993 9.994E-05 9.994E-05 9.994E-05 9.994E-05 9.994E-05 9.994E-05
0.00266457 9.9964E-05 0.0281609 9.9964E-05 9.9964E-05 0.953786 0.0149885 9.9964E-05
9.9946E-05 9.9946E-05 0.038687 9.9946E-05 9.9946E-05 0.960713 9.9946E-05 9.9946E-05
9.99729E-05 0.348784 0.158128 0.115753 9.99729E-05 9.99729E-05 0.00473592 0.372299
0.0671287 0.173158 0.0030041 9.9982E-05 0.0169196 9.9982E-05 0.318249 0.421341
0.704209 9.99729E-05 0.0563426 0.078632 0.0114433 9.99729E-05 9.99729E-05 0.149073
0.932266 9.9946E-05 9.9946E-05 9.9946E-05 9.9946E-05 9.9946E-05 0.0671341 9.9946E-05
9.9964E-05 0.0528801 0.19061 9.9964E-05 9.9964E-05 9.9964E-05 0.06746 0.68865
0.9993 9.994E-05 9.994E-05 9.994E-05 9.994E-05 9.994E-05 9.994E-05 9.994E-05
9.9964E-05 0.117922 0.599398 9.9964E-05 9.9964E-05 9.9964E-05 0.0088818 0.273399
0.39828 9.9964E-05 9.9964E-05 9.9964E-05 0.0122876 9.9964E-05 0.311764 0.277268
0.876911 9.99549E-05 9.99549E-05 9.99549E-05 9.99549E-05 9.99549E-05 0.0553077 0.0672817
9.994E-05 9.994E-05 9.994E-05 9.994E-05 9.994E-05 0.9993 9.994E-05 9.994E-05
9.994E-05 9.994E-05 9.994E-05 9.994E-05 9.994E-05 0.9993 9.994E-05 9.994E-05
9.99639E-05 0.800284 0.0731779 9.99639E-05 9.99639E-05 9.99639E-05 0.0436405 0.0824978
9.9955E-05 9.9955E-05 9.9955E-05 0.0464284 0.020497 0.932575 9.9955E-05 9.9955E-05
9.9955E-05 9.9955E-05 9.9955E-05 0.0523595 0.0413015 0.905839 9.9955E-05 9.9955E-05
0.0226795 0.0177207 0.00873644 9.99731E-05 0.25046 0.700103 9.99731E-05 9.99731E-05
9.9973E-05 9.9973E-05 9.9973E-05 0.09329 0.195597 0.665291 0.0251148 0.0204076
9.9973E-05 9.9973E-05 0.0323439 0.876028 0.0817683 0.000309459 0.0092507 9.9973E-05
9.994E-05 9.994E-05 9.994E-05 9.994E-05 9.994E-05 0.9993 9.994E-05 9.994E-05
9.99551E-05 9.99551E-05 9.99551E-05 0.0888604 0.783507 0.127132 9.99551E-05 9.99551E-05
9.99819E-05 0.592805 0.0250936 9.99819E-05 0.0437337 0.0269106 0.209763 0.101494
9.99639E-05 0.0129852 9.99639E-05 0.0248892 9.99639E-05 0.948185 0.0135412 9.99639E-05
9.9946E-05 9.9946E-05 0.987636 9.9946E-05 9.9946E-05 0.0117646 9.9946E-05 9.9946E-05
0.0133885 9.9982E-05 0.0804864 0.152334 0.0161008 0.0633743 9.9982E-05 0.674116
0.0426491 0.171241 0.0151853 9.9982E-05 9.9982E-05 0.122297 0.361809 0.286618
9.9964E-05 9.9964E-05 0.344169 9.9964E-05 9.9964E-05 0.12531 0.0103441 0.519777
0.00157315 9.9982E-05 0.381177 0.000452172 9.9982E-05 0.0756702 0.014022 0.526906
9.994E-05 9.994E-05 9.994E-05 9.994E-05 9.994E-05 9.994E-05 9.994E-05 0.9993
9.99639E-05 0.231918 0.219938 0.21012 9.99639E-05 9.99639E-05 9.99639E-05 0.337623
9.9955E-05 0.011382 0.00435885 9.9955E-05 9.9955E-05 9.9955E-05 9.9955E-05 0.983759
0.0905529 0.20158 0.0761487 0.0109696 9.9982E-05 9.9982E-05 0.103294 0.517255
0.0295164 0.03959 0.204181 9.9982E-05 9.9982E-05 0.0918959 0.0131261 0.621491
9.9982E-05 0.238295 0.18923 9.9982E-05 0.0467325 0.105941 0.0858577 0.333743
0.000446319 9.99464E-05 0.998954 9.99464E-05 9.99464E-05 9.99464E-05 9.99464E-05 9.99464E-05
9.994E-05 9.994E-05 9.994E-05 9.994E-05 0.9993 9.994E-05 9.994E-05 9.994E-05
9.994E-05 9.994E-05 9.994E-05 9.994E-05 0.9993 9.994E-05 9.994E-05 9.994E-05
9.9946E-05 0.0141097 9.9946E-05 9.9946E-05 0.985291 9.9946E-05 9.9946E-05 9.9946E-05
9.994E-05 9.994E-05 9.994E-05 9.994E-05 0.9993 9.994E-05 9.994E-05 9.994E-05
9.9946E-05 9.9946E-05 9.9946E-05 9.9946E-05 0.993836 0.00556476 9.9946E-05 9.9946E-05
0.0564697 9.99731E-05 9.99731E-05 0.240476 0.41905 0.26199 9.99731E-05 0.0217136
9.9955E-05 9.9955E-05 0.0229935 0.0369258 0.939581 9.9955E-05 9.9955E-05 9.9955E-05
9.99639E-05 0.0875631 0.883047 0.0110763 9.99639E-05 9.99639E-05 9.99639E-05 0.0179137
9.99729E-05 9.99729E-05 0.0553618 0.792206 0.104761 0.0188753 0.0284959 9.99729E-05
9.99459E-05 9.99459E-05 0.0026388 9.99459E-05 9.99459E-05 0.996762 9.99459E-05 9.99459E-05
9.9964E-05 0.834938 0.107527 0.00847186 9.9964E-05 9.9964E-05 0.0486634 9.9964E-05
9.9982E-05 0.342862 0.278923 0.0845642 9.9982E-05 0.0613757 0.020539 0.211535
9.994E-05 0.9993 9.994E-05 9.994E-05 9.994E-05 9.994E-05 9.994E-05 9.994E-05
9.99549E-05 0.889865 0.0159591 9.99549E-05 9.99549E-05 9.99549E-05 9.99549E-05 0.0936758
9.99549E-05 0.842867 9.99549E-05 9.99549E-05 9.99549E-05 9.99549E-05 0.0383505 0.118282
0.87915 9.99551E-05 0.107989 9.99551E-05 9.99551E-05 9.99551E-05 9.99551E-05 0.0123619
9.994E-05 9.994E-05 9.994E-05 9.994E-05 9.994E-05 0.9993 9.994E-05 9.994E-05
0.0910877 0.0416213 0.0323288 0.0869519 0.0667929 0.236036 0.102277 0.342904
9.99462E-05 0.0111688 9.99462E-05 9.99462E-05 9.99462E-05 0.988232 9.99462E-05 9.99462E-05
9.9964E-05 9.9964E-05 0.0548679 0.0170403 0.00317275 0.924519 9.9964E-05 9.9964E-05
9.9955E-05 9.9955E-05 9.9955E-05 0.0864494 0.046417 0.866634 9.9955E-05 9.9955E-05
0.0037097 9.9973E-05 0.00465003 0.0936108 0.00119835 0.896531 9.9973E-05 9.9973E-05
9.99641E-05 9.99641E-05 0.0061685 0.0378852 9.99641E-05 0.914869 9.99641E-05 0.0406777
9.9955E-05 9.9955E-05 9.9955E-05 9.9955E-05 9.9955E-05 0.977488 0.0015386 0.0204733
9.99552E-05 9.99552E-05 9.99552E-05 0.268701 0.308886 0.421913 9.99552E-05 9.99552E-05
9.99642E-05 0.0688959 9.99642E-05 0.408895 0.122489 0.399319 9.99642E-05 9.99642E-05
9.9982E-05 0.00441467 0.0209549 9.9982E-05 0.0322774 0.930341 0.00644509 0.00536662
9.99819E-05 0.0880125 0.185063 0.258224 9.99819E-05 0.0401158 0.0616456 0.366739
9.99819E-05 0.154942 0.149953 0.290892 9.99819E-05 0.0271459 0.0406558 0.336212
9.994E-05 9.994E-05 9.994E-05 9.994E-05 9.994E-05 9.994E-05 0.9993 9.994E-05
9.994E-05 9.994E-05 9.994E-05 9.994E-05 9.994E-05 9.994E-05 0.9993 9.994E-05
9.9964E-05 0.00171986 0.0651682 0.0408554 9.9964E-05 9.9964E-05 9.9964E-05 0.891857
9.9964E-05 0.020539 0.0322695 0.0665559 9.9964E-05 9.9964E-05 9.9964E-05 0.880236
9.9946E-05 9.9946E-05 9.9946E-05 0.0103665 9.9946E-05 9.9946E-05 0.989034 9.9946E-05
9.994E-05 9.994E-05 9.994E-05 9.994E-05 9.994E-05 9.994E-05 0.9993 9.994E-05
9.9964E-05 0.0429792 0.927672 0.0132638 0.0156849 9.9964E-05 9.9964E-05 9.9964E-05
0.0620501 0.24833 0.124161 0.160575 9.9973E-05 9.9973E-05 9.9973E-05 0.404584
9.99639E-05 9.99639E-05 0.0537966 0.798775 0.140518 0.00651088 9.99639E-05 9.99639E-05
0.0986186 0.325442 9.99731E-05 9.99731E-05 9.99731E-05 0.0434077 0.212463 0.319769
0.0703599 0.437827 0.203566 9.99731E-05 9.99731E-05 9.99731E-05 0.284417 0.00353007
0.0203272 9.99641E-05 9.99641E-05 0.222196 0.178051 0.579026 9.99641E-05 9.99641E-05
