9.99459E-05 0.0670711 9.99459E-05 9.99459E-05 0.932329 9.99459E-05 9.99459E-05 9.99459E-05
9.9982E-05 0.0809871 0.223289 0.296558 0.184135 0.0129146 9.9982E-05 0.201916
0.0534837 9.99822E-05 0.0460709 0.740207 9.99822E-05 0.037414 0.048271 0.0743539
9.9946E-05 9.9946E-05 9.9946E-05 0.970032 9.9946E-05 0.0293684 9.9946E-05 9.9946E-05
9.99731E-05 0.202424 0.213499 0.470106 0.0454711 9.99731E-05 9.99731E-05 0.0682007
9.9964E-05 0.0172408 9.9964E-05 0.962067 9.9964E-05 0.0119149 0.00837701 9.9964E-05
9.99553E-05 9.99553E-05 0.150473 9.99553E-05 9.99553E-05 9.99553E-05 0.047752 0.801275
9.99641E-05 0.177545 0.374789 0.446029 9.99641E-05 9.99641E-05 9.99641E-05 0.00123768
9.99462E-05 9.99462E-05 0.216027 9.99462E-05 9.99462E-05 9.99462E-05 9.99462E-05 0.783373
9.994E-05 0.9993 9.994E-05 9.994E-05 9.994E-05 9.994E-05 9.994E-05 9.994E-05
9.994E-05 0.9993 9.994E-05 9.994E-05 9.994E-05 9.994E-05 9.994E-05 9.994E-05
9.9964E-05 9.9964E-05 9.9964E-05 0.0150925 0.660045 0.134189 0.190273 9.9964E-05
9.994E-05 9.994E-05 9.994E-05 9.994E-05 9.994E-05 9.994E-05 0.9993 9.994E-05
0.0220422 9.9955E-05 9.9955E-05 0.954367 0.0230912 9.9955E-05 9.9955E-05 9.9955E-05
9.9946E-05 9.9946E-05 9.9946E-05 0.947699 0.0517012 9.9946E-05 9.9946E-05 9.9946E-05
9.99729E-05 0.0995807 9.99729E-05 9.99729E-05 0.00697961 0.0195977 0.166101 0.707441
0.0725347 0.37431 9.9973E-05 9.9973E-05 0.0161211 0.284721 0.252013 9.9973E-05
0.688551 0.201241 0.0460942 9.99729E-05 0.0322309 9.99729E-05 9.99729E-05 0.0315824
0.897524 9.9946E-05 9.9946E-05 9.9946E-05 9.9946E-05 0.101876 9.9946E-05 9.9946E-05
9.99639E-05 0.507016 9.99639E-05 9.99639E-05 0.169013 0.073934 9.99639E-05 0.249638
0.9993 9.994E-05 9.994E-05 9.994E-05 9.994E-05 9.994E-05 9.994E-05 9.994E-05
9.99729E-05 0.15179 9.99729E-05 9.99729E-05 0.555737 0.0115878 0.082509 0.198076
0.372838 0.30868 0.018526 0.00140523 9.9973E-05 0.29825 9.9973E-05 9.9973E-05
0.877686 0.0643891 9.9955E-05 9.9955E-05 9.9955E-05 0.0574247 9.9955E-05 9.9955E-05
9.9946E-05 9.9946E-05 0.0432291 0.956171 9.9946E-05 9.9946E-05 9.9946E-05 9.9946E-05
9.994E-05 9.994E-05 9.994E-05 0.9993 9.994E-05 9.994E-05 9.994E-05 9.994E-05
9.99729E-05 0.0773566 0.00820342 9.99729E-05 0.0684967 0.0208008 0.824842 9.99729E-05
9.99459E-05 9.99459E-05 0.110991 0.888409 9.99459E-05 9.99459E-05 9.99459E-05 9.99459E-05
9.9955E-05 9.9955E-05 0.0767012 0.912028 9.9955E-05 9.9955E-05 9.9955E-05 0.0107714
0.00846738 9.99731E-05 0.262277 0.688244 9.99731E-05 0.023983 0.016729 9.99731E-05
9.9964E-05 0.0226819 0.27057 0.662225 9.9964E-05 0.0441234 9.9964E-05 9.9964E-05
9.99642E-05 9.99642E-05 0.505384 0.0764639 0.17423 9.99642E-05 9.99642E-05 0.243522
9.99461E-05 9.99461E-05 9.99461E-05 0.995489 9.99461E-05 9.99461E-05 9.99461E-05 0.00391131
9.99731E-05 9.99731E-05 0.865013 0.0963502 0.0123858 9.99731E-05 0.0237558 0.0021954
9.99729E-05 0.0950474 9.99729E-05 0.045282 0.0530046 0.180223 0.626143 9.99729E-05
9.9964E-05 9.9964E-05 9.9964E-05 0.935547 9.9964E-05 0.0156097 0.00932457 0.0391189
9.9946E-05 9.9946E-05 9.9946E-05 0.0156877 0.983713 9.9946E-05 9.9946E-05 9.9946E-05
9.9964E-05 0.734243 0.065362 0.0798307 0.120165 9.9964E-05 9.9964E-05 9.9964E-05
0.0410253 0.245964 9.9982E-05 0.130853 0.02131 0.35791 0.202738 9.9982E-05
9.99729E-05 0.438284 9.99729E-05 0.121371 0.314575 0.00402843 9.99729E-05 0.121442
0.0154133 0.440003 9.99819E-05 0.0731429 0.322121 0.00571966 9.99819E-05 0.1434
9.9955E-05 0.947305 9.9955E-05 9.9955E-05 0.0410407 9.9955E-05 0.0111545 9.9955E-05
9.99639E-05 0.0732111 9.99639E-05 9.99639E-05 0.0807036 9.99639E-05 0.0285707 0.817115
9.9964E-05 0.895897 9.9964E-05 9.9964E-05 0.0274386 0.0102795 0.065985 9.9964E-05
0.0912647 0.475974 9.9982E-05 9.9982E-05 0.0844375 0.130821 0.164491 0.0528115
0.0145341 0.578163 9.9991E-05 0.0767994 0.164454 0.0260213 0.0567525 0.0831759
9.9982E-05 0.354623 0.0469769 0.105391 0.183211 0.0785331 0.231065 9.9982E-05
9.994E-05 9.994E-05 9.994E-05 9.994E-05 0.9993 9.994E-05 9.994E-05 9.994E-05
9.994E-05 9.994E-05 0.9993 9.994E-05 9.994E-05 9.994E-05 9.994E-05 9.994E-05
9.994E-05 9.994E-05 0.9993 9.994E-05 9.994E-05 9.994E-05 9.994E-05 9.994E-05
9.99549E-05 0.00591443 0.986219 9.99549E-05 9.99549E-05 0.00736715 9.99549E-05 9.99549E-05
9.994E-05 9.994E-05 0.9993 9.994E-05 9.994E-05 9.994E-05 9.994E-05 9.994E-05
9.994E-05 9.994E-05 0.9993 9.994E-05 9.994E-05 9.994E-05 9.994E-05 9.994E-05
0.0388933 0.0258902 0.619251 0.222895 9.99731E-05 9.99731E-05 9.99731E-05 0.0927709
9.9946E-05 9.9946E-05 0.992461 9.9946E-05 0.00693979 9.9946E-05 9.9946E-05 9.9946E-05
9.99459E-05 9.99459E-05 9.99459E-05 9.99459E-05 0.837458 9.99459E-05 9.99459E-05 0.161943
9.9973E-05 9.9973E-05 0.459911 0.122041 0.113981 0.00900534 9.9973E-05 0.294761
9.994E-05 9.994E-05 9.994E-05 0.9993 9.994E-05 9.994E-05 9.994E-05 9.994E-05
9.9964E-05 9.9964E-05 9.9964E-05 9.9964E-05 0.0482085 0.00944394 0.838657 0.103291
9.9964E-05 9.9964E-05 9.9964E-05 9.9964E-05 0.0886716 0.00235778 0.101954 0.806617
9.99462E-05 9.99462E-05 9.99462E-05 9.99462E-05 9.99462E-05 9.99462E-05 0.998009 0.00139161
9.99459E-05 0.105254 9.99459E-05 9.99459E-05 9.99459E-05 9.99459E-05 0.894147 9.99459E-05
9.99549E-05 0.0662378 9.99549E-05 9.99549E-05 9.99549E-05 0.0527379 0.880525 9.99549E-05
0.907381 9.99461E-05 9.99461E-05 9.99461E-05 0.0920197 9.99461E-05 9.99461E-05 9.99461E-05
9.994E-05 9.994E-05 9.994E-05 0.9993 9.994E-05 9.994E-05 9.994E-05 9.994E-05
0.0614258 0.0734369 0.0738602 0.299219 0.153508 0.0723771 0.0719901 0.194184
9.99462E-05 9.99462E-05 9.99462E-05 0.984865 9.99462E-05 9.99462E-05 9.99462E-05 0.0145358
9.9955E-05 9.9955E-05 0.00366521 0.966 0.0298348 9.9955E-05 9.9955E-05 9.9955E-05
9.99549E-05 9.99549E-05 0.0822747 0.866691 9.99549E-05 9.99549E-05 9.99549E-05 0.0505341
9.9955E-05 9.9955E-05 0.0633219 0.898767 9.9955E-05 9.9955E-05 9.9955E-05 0.0374114
9.99641E-05 0.0898752 9.99641E-05 0.873515 0.015571 0.0206392 9.99641E-05 9.99641E-05
9.99639E-05 0.00988709 0.00088683 0.98224 9.99639E-05 9.99639E-05 9.99639E-05 0.00658606
9.99643E-05 9.99643E-05 0.478755 0.497277 9.99643E-05 9.99643E-05 0.0160818 0.0074858
9.99642E-05 9.99642E-05 0.270048 0.507669 9.99642E-05 9.99642E-05 0.137232 0.0846512
9.9964E-05 0.0109895 0.0291757 0.953348 0.00608648 9.9964E-05 9.9964E-05 9.9964E-05
9.99639E-05 0.018536 9.99639E-05 0.000951922 9.99639E-05 0.0630181 9.99639E-05 0.917094
9.99458E-05 9.99458E-05 9.99458E-05 9.99458E-05 9.99458E-05 0.0687467 9.99458E-05 0.930654
9.994E-05 9.994E-05 9.994E-05 9.994E-05 9.994E-05 0.9993 9.994E-05 9.994E-05
9.994E-05 9.994E-05 9.994E-05 9.994E-05 9.994E-05 0.9993 9.994E-05 9.994E-05
9.99639E-05 0.801253 9.99639E-05 0.0020093 0.0750266 9.99639E-05 9.99639E-05 0.121311
9.9964E-05 0.818368 9.9964E-05 9.9964E-05 0.0675802 9.9964E-05 0.00862174 0.10503
9.9955E-05 9.9955E-05 0.00608878 9.9955E-05 9.9955E-05 0.973239 9.9955E-05 0.0201724
9.994E-05 9.994E-05 9.994E-05 9.994E-05 9.994E-05 0.9993 9.994E-05 9.994E-05
9.99459E-05 9.99459E-05 9.99459E-05 9.99459E-05 0.956399 9.99459E-05 0.0430013 9.99459E-05
0.0724686 0.247488 9.99729E-05 9.99729E-05 0.105084 9.99729E-05 0.110357 0.464303
9.9964E-05 9.9964E-05 0.526219 0.0746099 0.0815733 9.9964E-05 9.9964E-05 0.317198
0.0974972 0.29182 9.99731E-05 0.0385552 9.99731E-05 0.209237 0.36259 9.99731E-05
0.0788003 9.99641E-05 9.99641E-05 9.99641E-05 0.166892 0.300735 0.453173 9.99641E-05
0.0434332 9.99642E-05 0.315484 0.610735 9.99642E-05 0.0299471 9.99642E-05 9.99642E-05
