9.99459E-05 0.0428811 9.99459E-05 9.99459E-05 9.99459E-05 9.99459E-05 9.99459E-05 0.939226 0.0172935
0.227409 9.99548E-05 0.657992 9.99548E-05 9.99548E-05 9.99548E-05 9.99548E-05 0.104393 0.00970672
0.356786 9.99733E-05 9.99733E-05 0.480553 0.0452043 0.0112095 0.0539834 9.99733E-05 0.051964
0.97478 9.9946E-05 9.9946E-05 0.0120571 9.9946E-05 9.9946E-05 9.9946E-05 9.9946E-05 0.012563
0.448232 0.107948 0.386485 9.99641E-05 0.0439139 9.99641E-05 9.99641E-05 0.0130208 9.99641E-05
0.999201 9.993E-05 9.993E-05 9.993E-05 9.993E-05 9.993E-05 9.993E-05 9.993E-05 9.993E-05
9.99371E-05 9.99371E-05 0.671126 9.99371E-05 9.99371E-05 9.99371E-05 0.328174 9.99371E-05 9.99371E-05
0.154623 0.0458746 0.271542 0.340184 0.170467 9.9973E-05 9.9973E-05 9.9973E-05 0.0170101
9.9946E-05 0.00236436 0.762164 9.9946E-05 9.9946E-05 9.9946E-05 0.234872 9.9946E-05 9.9946E-05
9.99372E-05 0.97088 0.0284209 9.99372E-05 9.99372E-05 9.99372E-05 9.99372E-05 9.99372E-05 9.99372E-05
9.993E-05 0.999201 9.993E-05 9.993E-05 9.993E-05 9.993E-05 9.993E-05 9.993E-05 9.993E-05
9.995E-05 9.995E-05 9.995E-05 0.0462234 9.995E-05 9.995E-05 0.123335 0.69765 0.132292
9.99371E-05 9.99371E-05 9.99371E-05 0.0160246 9.99371E-05 9.99371E-05 0.983276 9.99371E-05 9.99371E-05
0.979032 9.9955E-05 9.9955E-05 9.9955E-05 9.9955E-05 0.0132816 0.00473429 0.00245275 9.9955E-05
0.985988 9.9946E-05 9.9946E-05 9.9946E-05 9.9946E-05 0.0095315 9.9946E-05 0.00388103 9.9946E-05
9.9964E-05 0.593931 0.0343835 0.0555742 9.9964E-05 9.9964E-05 0.279861 0.03585 9.9964E-05
0.0118156 0.413443 9.99641E-05 9.99641E-05 9.99641E-05 0.0744698 0.182749 9.99641E-05 0.317123
9.99639E-05 0.182602 0.0674639 9.99639E-05 0.0127991 0.716921 9.99639E-05 0.0198146 9.99639E-05
9.9937E-05 9.9937E-05 9.9937E-05 9.9937E-05 9.9937E-05 0.898688 9.9937E-05 9.9937E-05 0.100612
9.9955E-05 0.813468 9.9955E-05 9.9955E-05 9.9955E-05 9.9955E-05 0.00159708 0.131182 0.0532525
9.993E-05 9.993E-05 9.993E-05 9.993E-05 9.993E-05 0.999201 9.993E-05 9.993E-05 9.993E-05
9.9955E-05 0.384392 9.9955E-05 9.9955E-05 9.9955E-05 9.9955E-05 0.0862758 0.51663 0.0122023
0.00996722 0.206898 9.9964E-05 9.9964E-05 0.0420372 0.412393 9.9964E-05 9.9964E-05 0.328305
9.99459E-05 0.0169156 9.99459E-05 9.99459E-05 9.99459E-05 0.907777 9.99459E-05 9.99459E-05 0.0747077
0.417876 9.9937E-05 9.9937E-05 0.581424 9.9937E-05 9.9937E-05 9.9937E-05 9.9937E-05 9.9937E-05
0.8534 9.9937E-05 9.9937E-05 0.145901 9.9937E-05 9.9937E-05 9.9937E-05 9.9937E-05 9.9937E-05
9.99549E-05 0.0871249 9.99549E-05 9.99549E-05 9.99549E-05 9.99549E-05 0.771802 0.0709061 0.0696674
0.088057 9.99368E-05 9.99368E-05 0.911243 9.99368E-05 9.99368E-05 9.99368E-05 9.99368E-05 9.99368E-05
0.006579 9.99459E-05 9.99459E-05 0.977214 9.99459E-05 9.99459E-05 9.99459E-05 0.0156076 9.99459E-05
0.34359 9.99821E-05 0.0882621 0.390943 0.131941 0.0342768 0.00900552 9.99821E-05 0.00178211
0.320746 9.9964E-05 0.149414 0.34918 0.107382 9.9964E-05 9.9964E-05 9.9964E-05 0.0728777
0.0119057 9.99461E-05 0.986146 9.99461E-05 9.99461E-05 9.99461E-05 9.99461E-05 9.99461E-05 0.00134906
0.544275 9.9937E-05 9.9937E-05 0.455026 9.9937E-05 9.9937E-05 9.9937E-05 9.9937E-05 9.9937E-05
9.99461E-05 9.99461E-05 0.0817914 0.165126 0.752483 9.99461E-05 9.99461E-05 9.99461E-05 9.99461E-05
9.99729E-05 0.0896639 9.99729E-05 0.0719657 0.00912025 9.99729E-05 0.577061 0.0581456 0.193744
0.489572 9.99459E-05 9.99459E-05 0.493846 9.99459E-05 9.99459E-05 0.015982 9.99459E-05 9.99459E-05
0.0255604 9.9937E-05 9.9937E-05 9.9937E-05 9.9937E-05 9.9937E-05 9.9937E-05 0.97374 9.9937E-05
0.0354555 0.644612 0.210003 9.9964E-05 9.9964E-05 0.0387272 9.9964E-05 0.0708028 9.9964E-05
0.183219 0.226641 9.9973E-05 9.9973E-05 9.9973E-05 0.0670799 0.155395 0.0424316 0.324934
0.162783 0.646445 9.99459E-05 9.99459E-05 9.99459E-05 9.99459E-05 9.99459E-05 0.190173 9.99459E-05
0.0859845 0.681269 9.99459E-05 9.99459E-05 9.99459E-05 9.99459E-05 9.99459E-05 0.232147 9.99459E-05
9.993E-05 0.999201 9.993E-05 9.993E-05 9.993E-05 9.993E-05 9.993E-05 9.993E-05 9.993E-05
9.9955E-05 0.566413 0.134789 9.9955E-05 9.9955E-05 9.9955E-05 0.239593 0.0587054 9.9955E-05
9.9946E-05 0.91986 9.9946E-05 9.9946E-05 9.9946E-05 9.9946E-05 0.0191929 9.9946E-05 0.0603471
9.9973E-05 0.543682 0.0115553 9.9973E-05 9.9973E-05 0.109564 0.138573 0.0624142 0.133911
0.0991173 0.711378 9.9973E-05 9.9973E-05 9.9973E-05 0.0321629 0.0139715 0.110662 0.0324087
0.113486 0.271757 9.9973E-05 9.9973E-05 0.0644743 9.9973E-05 0.2112 0.248822 0.0899606
9.993E-05 9.993E-05 9.993E-05 9.993E-05 9.993E-05 9.993E-05 9.993E-05 0.999201 9.993E-05
9.993E-05 9.993E-05 9.993E-05 9.993E-05 0.999201 9.993E-05 9.993E-05 9.993E-05 9.993E-05
9.993E-05 9.993E-05 9.993E-05 9.993E-05 0.999201 9.993E-05 9.993E-05 9.993E-05 9.993E-05
0.00244829 0.0103417 9.99461E-05 9.99461E-05 0.98661 9.99461E-05 9.99461E-05 9.99461E-05 9.99461E-05
9.993E-05 9.993E-05 9.993E-05 9.993E-05 0.999201 9.993E-05 9.993E-05 9.993E-05 9.993E-05
9.993E-05 9.993E-05 9.993E-05 9.993E-05 0.999201 9.993E-05 9.993E-05 9.993E-05 9.993E-05
9.99731E-05 0.0957456 0.144949 0.288997 0.427265 0.0311957 0.0115484 9.99731E-05 9.99731E-05
9.9955E-05 9.9955E-05 0.0350358 9.9955E-05 0.931958 9.9955E-05 0.0065216 0.0259848 9.9955E-05
9.99459E-05 0.108696 9.99459E-05 9.99459E-05 9.99459E-05 9.99459E-05 0.0280315 0.862673 9.99459E-05
9.99638E-05 9.99638E-05 0.860522 0.0306504 0.0653867 9.99638E-05 9.99638E-05 0.0131304 0.0299109
0.635095 9.99368E-05 9.99368E-05 0.364205 9.99368E-05 9.99368E-05 9.99368E-05 9.99368E-05 9.99368E-05
9.9955E-05 9.9955E-05 9.9955E-05 9.9955E-05 0.0433283 9.9955E-05 0.881517 0.060267 0.0143876
9.9955E-05 0.484494 9.9955E-05 0.104087 9.9955E-05 9.9955E-05 0.263558 0.147362 9.9955E-05
9.993E-05 9.993E-05 9.993E-05 9.993E-05 9.993E-05 9.993E-05 0.999201 9.993E-05 9.993E-05
9.99459E-05 0.138205 9.99459E-05 9.99459E-05 9.99459E-05 9.99459E-05 0.853788 0.00740718 9.99459E-05
9.99459E-05 0.0459073 9.99459E-05 9.99459E-05 9.99459E-05 9.99459E-05 0.889587 9.99459E-05 0.063906
9.99462E-05 0.0325383 9.99462E-05 9.99462E-05 9.99462E-05 0.902166 9.99462E-05 0.0646958 9.99462E-05
0.408314 9.99461E-05 9.99461E-05 0.587188 9.99461E-05 9.99461E-05 9.99461E-05 9.99461E-05 0.00389879
0.192502 0.0654315 0.153842 0.0648531 0.129741 0.0237662 0.0131809 0.178881 0.177802
0.870995 9.99372E-05 9.99372E-05 0.128306 9.99372E-05 9.99372E-05 9.99372E-05 9.99372E-05 9.99372E-05
0.78664 9.9955E-05 9.9955E-05 0.178793 0.0120192 9.9955E-05 9.9955E-05 0.0220477 9.9955E-05
0.032734 9.99368E-05 9.99368E-05 0.966566 9.99368E-05 9.99368E-05 9.99368E-05 9.99368E-05 9.99368E-05
0.00122028 9.99549E-05 9.99549E-05 0.972429 9.99549E-05 0.00447501 9.99549E-05 0.0213763 9.99549E-05
0.834032 0.0259212 0.0696262 0.0492234 9.99641E-05 9.99641E-05 9.99641E-05 0.0207969 9.99641E-05
0.632861 9.99368E-05 9.99368E-05 0.366439 9.99368E-05 9.99368E-05 9.99368E-05 9.99368E-05 9.99368E-05
9.99463E-05 9.99463E-05 0.152778 0.65767 0.188952 9.99463E-05 9.99463E-05 9.99463E-05 9.99463E-05
9.99552E-05 9.99552E-05 0.203701 0.705575 0.00396227 9.99552E-05 0.0862626 9.99552E-05 9.99552E-05
0.888134 9.99551E-05 9.99551E-05 0.0210819 0.0828202 9.99551E-05 9.99551E-05 0.00746416 9.99551E-05
9.9973E-05 0.632984 0.12896 0.106456 9.9973E-05 9.9973E-05 0.0680489 0.0507454 0.0125062
9.9973E-05 0.639398 0.148507 0.0781856 9.9973E-05 9.9973E-05 0.0937015 0.0199007 0.0200068
9.99369E-05 9.99369E-05 9.99369E-05 9.99369E-05 9.99369E-05 9.99369E-05 9.99369E-05 0.000589523 0.998711
9.993E-05 9.993E-05 9.993E-05 9.993E-05 9.993E-05 9.993E-05 9.993E-05 9.993E-05 0.999201
9.9955E-05 0.942449 9.9955E-05 0.0465263 9.9955E-05 9.9955E-05 9.9955E-05 0.00487044 0.00565412
9.9964E-05 0.927109 0.00555837 9.9964E-05 0.0230747 9.9964E-05 0.0399276 0.00393092 9.9964E-05
9.993E-05 9.993E-05 9.993E-05 9.993E-05 9.993E-05 9.993E-05 9.993E-05 9.993E-05 0.999201
9.993E-05 9.993E-05 9.993E-05 9.993E-05 9.993E-05 9.993E-05 9.993E-05 9.993E-05 0.999201
9.99459E-05 9.99459E-05 9.99459E-05 9.99459E-05 0.0215633 9.99459E-05 0.0117658 0.966071 9.99459E-05
9.9964E-05 0.592376 0.128179 9.9964E-05 9.9964E-05 0.0436903 0.217582 0.0177732 9.9964E-05
0.00368221 9.99549E-05 0.884355 9.99549E-05 0.103112 9.99549E-05 9.99549E-05 0.00835034 9.99549E-05
0.0594378 0.261032 9.99641E-05 9.99641E-05 9.99641E-05 0.121782 0.297919 9.99641E-05 0.25943
0.0399422 9.99641E-05 9.99641E-05 9.99641E-05 9.99641E-05 0.0726021 0.432852 0.172288 0.281916
0.0221972 9.99731E-05 0.160067 0.635772 0.129944 0.0242642 9.99731E-05 9.99731E-05 0.0274555
