9.98878E-05 9.98878E-05 9.98878E-05 9.98878E-05 0.0819514 9.98878E-05 0.91675 9.98878E-05 9.98878E-05 9.98878E-05 9.98878E-05 9.98878E-05 9.98878E-05 9.98878E-05 9.98878E-05
9.99189E-05 9.99189E-05 0.0109268 9.99189E-05 0.035658 9.99189E-05 0.0116395 0.741561 0.102531 9.99189E-05 9.99189E-05 0.0967841 9.99189E-05 9.99189E-05 9.99189E-05
9.98702E-05 9.98702E-05 9.98702E-05 9.98702E-05 9.98702E-05 9.98702E-05 9.98702E-05 9.98702E-05 9.98702E-05 9.98702E-05 9.98702E-05 9.98702E-05 9.98702E-05 0.998602 9.98702E-05
9.99191E-05 0.0255022 9.99191E-05 0.00584576 9.99191E-05 0.0202561 9.99191E-05 9.99191E-05 0.0103096 9.99191E-05 9.99191E-05 0.930125 9.99191E-05 0.00706203 9.99191E-05
9.99461E-05 0.195962 9.99461E-05 0.0889312 0.120448 9.99461E-05 0.0428867 0.0563286 9.99461E-05 9.99461E-05 0.0195824 0.296782 9.99461E-05 0.0204411 0.158038
9.99011E-05 0.0191347 9.99011E-05 9.99011E-05 9.99011E-05 9.99011E-05 9.99011E-05 9.99011E-05 9.99011E-05 9.99011E-05 0.0470673 0.912618 9.99011E-05 0.0200812 9.99011E-05
9.98741E-05 9.98741E-05 9.98741E-05 9.98741E-05 9.98741E-05 9.98741E-05 9.98741E-05 9.98741E-05 9.98741E-05 9.98741E-05 9.98741E-05 9.98741E-05 9.98741E-05 9.98741E-05 0.998602
0.423687 0.32352 9.99279E-05 0.0917133 0.090304 0.00861177 9.99279E-05 0.0521084 9.99279E-05 9.99279E-05 9.99279E-05 9.99279E-05 9.99279E-05 0.00925538 9.99279E-05
9.991E-05 9.991E-05 0.0199344 0.009256 9.991E-05 9.991E-05 9.991E-05 0.0276723 0.00225056 9.991E-05 9.991E-05 9.991E-05 9.991E-05 9.991E-05 0.939888
9.98831E-05 9.98831E-05 9.98831E-05 9.98831E-05 0.873418 9.98831E-05 9.98831E-05 9.98831E-05 9.98831E-05 9.98831E-05 9.98831E-05 9.98831E-05 9.98831E-05 9.98831E-05 0.125283
9.98832E-05 9.98832E-05 9.98832E-05 9.98832E-05 0.8923 9.98832E-05 9.98832E-05 9.98832E-05 9.98832E-05 9.98832E-05 9.98832E-05 9.98832E-05 9.98832E-05 9.98832E-05 0.106402
9.99101E-05 9.99101E-05 9.99101E-05 9.99101E-05 9.99101E-05 0.125545 0.662213 9.99101E-05 9.99101E-05 9.99101E-05 0.0428879 9.99101E-05 0.16641 0.00194468 9.99101E-05
0.036142 0.0291255 9.98923E-05 9.98923E-05 9.98923E-05 9.98923E-05 9.98923E-05 9.98923E-05 9.98923E-05 9.98923E-05 9.98923E-05 9.98923E-05 0.933534 9.98923E-05 9.98923E-05
9.99191E-05 0.0115623 9.99191E-05 9.99191E-05 9.99191E-05 9.99191E-05 9.99191E-05 0.0331584 0.00851261 0.0116035 0.044296 0.889968 9.99191E-05 9.99191E-05 9.99191E-05
9.98922E-05 9.98922E-05 9.98922E-05 9.98922E-05 0.0222474 9.98922E-05 0.0314481 9.98922E-05 9.98922E-05 9.98922E-05 9.98922E-05 0.945106 9.98922E-05 9.98922E-05 9.98922E-05
9.98919E-05 9.98919E-05 0.739912 9.98919E-05 9.98919E-05 9.98919E-05 9.98919E-05 9.98919E-05 9.98919E-05 9.98919E-05 0.147684 9.98919E-05 0.111205 9.98919E-05 9.98919E-05
9.98829E-05 9.98829E-05 9.98829E-05 9.98829E-05 0.0747451 9.98829E-05 9.98829E-05 9.98829E-05 0.923956 9.98829E-05 9.98829E-05 9.98829E-05 9.98829E-05 9.98829E-05 9.98829E-05
9.99279E-05 9.99279E-05 0.0708553 0.02018 0.122143 9.99279E-05 0.0206329 9.99279E-05 0.0260569 0.733243 9.99279E-05 9.99279E-05 9.99279E-05 9.99279E-05 0.00608982
9.98832E-05 9.98832E-05 9.98832E-05 9.98832E-05 9.98832E-05 0.0829112 9.98832E-05 9.98832E-05 9.98832E-05 0.91579 9.98832E-05 9.98832E-05 9.98832E-05 9.98832E-05 9.98832E-05
9.99098E-05 9.99098E-05 0.292555 9.99098E-05 0.443387 0.0133374 0.083953 9.99098E-05 9.99098E-05 9.99098E-05 0.165769 9.99098E-05 9.99098E-05 9.99098E-05 9.99098E-05
9.98921E-05 0.00235006 9.98921E-05 9.98921E-05 9.98921E-05 9.98921E-05 9.98921E-05 9.98921E-05 9.98921E-05 0.995839 9.98921E-05 9.98921E-05 9.98921E-05 0.000612339 9.98921E-05
9.99369E-05 9.99369E-05 0.276323 9.99369E-05 0.0820868 0.00190566 0.53786 0.0073006 0.0492896 9.99369E-05 0.0306374 9.99369E-05 0.0138971 9.99369E-05 9.99369E-05
9.99102E-05 9.99102E-05 9.99102E-05 0.0119294 0.162721 0.192074 9.99102E-05 9.99102E-05 0.263538 0.368738 9.99102E-05 9.99102E-05 9.99102E-05 9.99102E-05 9.99102E-05
9.98919E-05 9.98919E-05 9.98919E-05 9.98919E-05 9.98919E-05 0.0494498 9.98919E-05 9.98919E-05 9.98919E-05 0.829313 0.120039 9.98919E-05 9.98919E-05 9.98919E-05 9.98919E-05
0.0342723 9.98833E-05 9.98833E-05 9.98833E-05 9.98833E-05 9.98833E-05 9.98833E-05 9.98833E-05 9.98833E-05 9.98833E-05 9.98833E-05 0.964429 9.98833E-05 9.98833E-05 9.98833E-05
9.98923E-05 9.98923E-05 9.98923E-05 0.00708671 9.98923E-05 9.98923E-05 9.98923E-05 0.0141053 9.98923E-05 9.98923E-05 9.98923E-05 0.977609 9.98923E-05 9.98923E-05 9.98923E-05
9.99098E-05 9.99098E-05 0.0706363 9.99098E-05 9.99098E-05 0.0569964 0.0675318 9.99098E-05 0.0708828 9.99098E-05 9.99098E-05 9.99098E-05 0.732954 9.99098E-05 9.99098E-05
9.99011E-05 9.99011E-05 9.99011E-05 0.0524296 9.99011E-05 9.99011E-05 9.99011E-05 9.99011E-05 9.99011E-05 9.99011E-05 9.99011E-05 0.921024 0.020658 9.99011E-05 0.00478966
9.99101E-05 9.99101E-05 0.0043417 0.083963 9.99101E-05 9.99101E-05 9.99101E-05 9.99101E-05 9.99101E-05 9.99101E-05 9.99101E-05 0.890567 0.00619114 9.99101E-05 0.0139383
9.99102E-05 0.592757 9.99102E-05 0.0386266 9.99102E-05 9.99102E-05 0.0559546 9.99102E-05 9.99102E-05 9.99102E-05 9.99102E-05 0.302165 9.99102E-05 0.00949836 9.99102E-05
9.98829E-05 0.980509 9.98829E-05 9.98829E-05 9.98829E-05 9.98829E-05 9.98829E-05 9.98829E-05 9.98829E-05 9.98829E-05 9.98829E-05 0.0181929 9.98829E-05 9.98829E-05 9.98829E-05
9.98744E-05 9.98744E-05 9.98744E-05 9.98744E-05 9.98744E-05 9.98744E-05 9.98744E-05 0.998602 9.98744E-05 9.98744E-05 9.98744E-05 9.98744E-05 9.98744E-05 9.98744E-05 9.98744E-05
0.171594 9.98832E-05 9.98832E-05 9.98832E-05 9.98832E-05 9.98832E-05 9.98832E-05 9.98832E-05 9.98832E-05 9.98832E-05 9.98832E-05 0.827108 9.98832E-05 9.98832E-05 9.98832E-05
0.185727 0.0744146 9.99012E-05 0.688607 9.99012E-05 9.99012E-05 9.99012E-05 0.0501528 9.99012E-05 9.99012E-05 9.99012E-05 9.99012E-05 9.99012E-05 9.99012E-05 9.99012E-05
9.99187E-05 0.0545736 9.99187E-05 9.99187E-05 9.99187E-05 0.078328 0.0494421 9.99187E-05 0.260176 9.99187E-05 0.0305569 9.99187E-05 0.526024 9.99187E-05 9.99187E-05
0.0382347 9.99189E-05 9.99189E-05 9.99189E-05 9.99189E-05 9.99189E-05 9.99189E-05 9.99189E-05 0.00639033 9.99189E-05 0.00986174 0.939304 0.00512521 9.99189E-05 0.000184342
0.0335184 9.98921E-05 9.98921E-05 9.98921E-05 9.98921E-05 9.98921E-05 0.959506 9.98921E-05 9.98921E-05 9.98921E-05 9.98921E-05 9.98921E-05 9.98921E-05 0.00577687 9.98921E-05
0.0953279 9.99189E-05 9.99189E-05 9.99189E-05 0.6545 9.99189E-05 0.114368 0.0885838 0.0350259 9.99189E-05 9.99189E-05 0.0112951 9.99189E-05 9.99189E-05 9.99189E-05
0.0110926 9.9883E-05 9.9883E-05 9.9883E-05 9.9883E-05 9.9883E-05 9.9883E-05 9.9883E-05 0.987609 9.9883E-05 9.9883E-05 9.9883E-05 9.9883E-05 9.9883E-05 9.9883E-05
9.99188E-05 9.99188E-05 0.199205 9.99188E-05 0.344308 9.99188E-05 0.232894 9.99188E-05 0.124447 9.99188E-05 0.0074988 0.0907473 9.99188E-05 9.99188E-05 9.99188E-05
9.99189E-05 9.99189E-05 0.176209 9.99189E-05 0.368522 9.99189E-05 0.296938 0.0118137 0.0832724 9.99189E-05 9.99189E-05 0.0623457 9.99189E-05 9.99189E-05 9.99189E-05
9.9901E-05 9.9901E-05 9.9901E-05 9.9901E-05 0.896049 9.9901E-05 0.0679951 9.9901E-05 0.0100213 9.9901E-05 0.0248352 9.9901E-05 9.9901E-05 9.9901E-05 9.9901E-05
9.99189E-05 9.99189E-05 0.852383 9.99189E-05 0.0101968 9.99189E-05 0.00441637 9.99189E-05 9.99189E-05 0.0178986 9.99189E-05 9.99189E-05 0.040425 9.99189E-05 0.0737814
9.99099E-05 0.000819881 9.99099E-05 9.99099E-05 0.86751 9.99099E-05 9.99099E-05 9.99099E-05 9.99099E-05 9.99099E-05 0.104631 9.99099E-05 0.0203023 0.00573819 9.99099E-05
9.99369E-05 9.99369E-05 0.0731554 9.99369E-05 0.445454 0.0677379 0.0266905 0.0353809 9.99369E-05 0.0831994 0.149162 9.99369E-05 0.118521 9.99369E-05 9.99369E-05
9.99191E-05 9.99191E-05 0.112291 9.99191E-05 0.556547 9.99191E-05 0.0903143 9.99191E-05 9.99191E-05 0.0132457 0.161132 0.065571 9.99191E-05 9.99191E-05 9.99191E-05
9.99459E-05 0.084648 9.99459E-05 0.017255 0.171556 9.99459E-05 0.175073 9.99459E-05 0.125396 9.99459E-05 0.258989 9.99459E-05 0.0363852 0.0477858 0.0823117
9.98839E-05 9.98839E-05 9.98839E-05 9.98839E-05 9.98839E-05 9.98839E-05 0.987924 9.98839E-05 9.98839E-05 0.0107773 9.98839E-05 9.98839E-05 9.98839E-05 9.98839E-05 9.98839E-05
9.98742E-05 9.98742E-05 9.98742E-05 0.998602 9.98742E-05 9.98742E-05 9.98742E-05 9.98742E-05 9.98742E-05 9.98742E-05 9.98742E-05 9.98742E-05 9.98742E-05 9.98742E-05 9.98742E-05
9.98921E-05 9.98921E-05 9.98921E-05 0.984342 9.98921E-05 9.98921E-05 9.98921E-05 9.98921E-05 0.000788354 9.98921E-05 0.0136705 9.98921E-05 9.98921E-05 9.98921E-05 9.98921E-05
9.98702E-05 9.98702E-05 0.0236485 0.975053 9.98702E-05 9.98702E-05 9.98702E-05 9.98702E-05 9.98702E-05 9.98702E-05 9.98702E-05 9.98702E-05 9.98702E-05 9.98702E-05 9.98702E-05
9.98743E-05 9.98743E-05 9.98743E-05 0.998602 9.98743E-05 9.98743E-05 9.98743E-05 9.98743E-05 9.98743E-05 9.98743E-05 9.98743E-05 9.98743E-05 9.98743E-05 9.98743E-05 9.98743E-05
9.98832E-05 9.98832E-05 9.98832E-05 0.993548 9.98832E-05 9.98832E-05 9.98832E-05 9.98832E-05 9.98832E-05 9.98832E-05 9.98832E-05 9.98832E-05 9.98832E-05 0.00515378 9.98832E-05
0.072276 0.41201 0.0459654 0.321344 0.0179967 9.99371E-05 9.99371E-05 0.0585055 9.99371E-05 0.0251217 9.99371E-05 9.99371E-05 9.99371E-05 9.99371E-05 0.0460813
9.98801E-05 9.98801E-05 9.98801E-05 0.918155 9.98801E-05 0.00122608 9.98801E-05 0.0794207 9.98801E-05 9.98801E-05 9.98801E-05 9.98801E-05 9.98801E-05 9.98801E-05 9.98801E-05
9.98918E-05 9.98918E-05 0.144232 9.98918E-05 9.98918E-05 9.98918E-05 0.792856 9.98918E-05 9.98918E-05 9.98918E-05 0.0617126 9.98918E-05 9.98918E-05 9.98918E-05 9.98918E-05
9.99009E-05 9.99009E-05 9.99009E-05 0.033336 9.99009E-05 9.99009E-05 9.99009E-05 0.921723 9.99009E-05 9.99009E-05 0.000130237 9.99009E-05 9.99009E-05 9.99009E-05 0.0437123
9.98919E-05 9.98919E-05 9.98919E-05 9.98919E-05 9.98919E-05 9.98919E-05 9.98919E-05 9.98919E-05 0.0117924 9.98919E-05 0.0134197 0.973589 9.98919E-05 9.98919E-05 9.98919E-05
9.99101E-05 9.99101E-05 0.12322 0.0197408 9.99101E-05 0.0233578 0.0110203 9.99101E-05 9.99101E-05 9.99101E-05 9.99101E-05 9.99101E-05 0.821662 9.99101E-05 9.99101E-05
9.98922E-05 9.98922E-05 0.85585 9.98922E-05 9.98922E-05 9.98922E-05 9.98922E-05 9.98922E-05 9.98922E-05 9.98922E-05 0.12365 9.98922E-05 0.0193007 9.98922E-05 9.98922E-05
0.00899385 9.98924E-05 9.98924E-05 9.98924E-05 9.98924E-05 9.98924E-05 9.98924E-05 9.98924E-05 9.98924E-05 9.98924E-05 9.98924E-05 9.98924E-05 0.967869 9.98924E-05 0.021938
9.98829E-05 9.98829E-05 9.98829E-05 9.98829E-05 0.100677 9.98829E-05 9.98829E-05 9.98829E-05 9.98829E-05 9.98829E-05 9.98829E-05 9.98829E-05 0.898024 9.98829E-05 9.98829E-05
9.99099E-05 9.99099E-05 9.99099E-05 9.99099E-05 0.0569661 0.047478 9.99099E-05 9.99099E-05 9.99099E-05 0.00559376 0.042405 9.99099E-05 0.846558 9.99099E-05 9.99099E-05
0.0166 9.99013E-05 9.99013E-05 9.99013E-05 0.00175211 9.99013E-05 0.0497031 9.99013E-05 9.99013E-05 0.930846 9.99013E-05 9.99013E-05 9.99013E-05 9.99013E-05 9.99013E-05
9.99014E-05 0.00780749 9.99014E-05 9.99014E-05 9.99014E-05 9.99014E-05 9.99014E-05 9.99014E-05 9.99014E-05 9.99014E-05 9.99014E-05 0.910644 9.99014E-05 0.0582479 0.0222016
0.0741467 9.99371E-05 0.132482 9.99371E-05 0.244437 0.0429712 9.99371E-05 0.113982 0.0203692 0.107854 9.99371E-05 0.263059 9.99371E-05 9.99371E-05 9.99371E-05
0.0890341 9.99012E-05 0.0216048 9.99012E-05 9.99012E-05 9.99012E-05 9.99012E-05 9.99012E-05 9.99012E-05 9.99012E-05 9.99012E-05 0.762723 9.99012E-05 0.125539 9.99012E-05
9.991E-05 0.0457837 9.991E-05 9.991E-05 9.991E-05 9.991E-05 0.00449918 9.991E-05 0.0593831 9.991E-05 9.991E-05 0.870726 9.991E-05 9.991E-05 0.0186085
0.0398207 0.0073411 0.058217 0.0194714 9.9919E-05 9.9919E-05 9.9919E-05 9.9919E-05 9.9919E-05 9.9919E-05 9.9919E-05 0.862257 9.9919E-05 9.9919E-05 0.0119934
0.0216961 0.00683227 0.0491377 0.00621189 9.99371E-05 9.99371E-05 9.99371E-05 0.00479276 9.99371E-05 0.01071 9.99371E-05 0.895377 9.99371E-05 0.004543 9.99371E-05
9.99102E-05 0.198608 9.99102E-05 9.99102E-05 0.055029 9.99102E-05 9.99102E-05 9.99102E-05 0.00256582 9.99102E-05 0.0104048 0.732393 9.99102E-05 9.99102E-05 9.99102E-05
0.0422332 9.9892E-05 9.9892E-05 9.9892E-05 9.9892E-05 9.9892E-05 9.9892E-05 9.9892E-05 9.9892E-05 9.9892E-05 0.0461263 0.910442 9.9892E-05 9.9892E-05 9.9892E-05
0.96087 9.98831E-05 9.98831E-05 0.0378318 9.98831E-05 9.98831E-05 9.98831E-05 9.98831E-05 9.98831E-05 9.98831E-05 9.98831E-05 9.98831E-05 9.98831E-05 9.98831E-05 9.98831E-05
0.970881 9.9892E-05 9.9892E-05 9.9892E-05 9.9892E-05 9.9892E-05 9.9892E-05 9.9892E-05 9.9892E-05 9.9892E-05 9.9892E-05 9.9892E-05 0.026286 9.9892E-05 0.00163457
9.99102E-05 9.99102E-05 0.0343258 0.0208587 9.99102E-05 0.00332069 9.99102E-05 9.99102E-05 9.99102E-05 9.99102E-05 9.99102E-05 0.921579 9.99102E-05 0.0189165 9.99102E-05
0.0247969 9.9901E-05 0.962099 0.00319589 9.9901E-05 9.9901E-05 9.9901E-05 9.9901E-05 9.9901E-05 9.9901E-05 9.9901E-05 0.00880946 9.9901E-05 9.9901E-05 9.9901E-05
0.00792159 9.9892E-05 0.988984 0.00189597 9.9892E-05 9.9892E-05 9.9892E-05 9.9892E-05 9.9892E-05 9.9892E-05 9.9892E-05 9.9892E-05 9.9892E-05 9.9892E-05 9.9892E-05
9.98742E-05 9.98742E-05 9.98742E-05 9.98742E-05 9.98742E-05 0.998602 9.98742E-05 9.98742E-05 9.98742E-05 9.98742E-05 9.98742E-05 9.98742E-05 9.98742E-05 9.98742E-05 9.98742E-05
9.98702E-05 9.98702E-05 9.98702E-05 9.98702E-05 9.98702E-05 0.991859 9.98702E-05 9.98702E-05 9.98702E-05 9.98702E-05 9.98702E-05 9.98702E-05 0.00684248 9.98702E-05 9.98702E-05
0.0102003 9.99099E-05 0.0428468 9.99099E-05 0.860148 9.99099E-05 9.99099E-05 0.0599211 9.99099E-05 9.99099E-05 9.99099E-05 9.99099E-05 0.0258848 9.99099E-05 9.99099E-05
9.9901E-05 9.9901E-05 0.0937125 9.9901E-05 0.824417 9.9901E-05 9.9901E-05 0.0206008 9.9901E-05 9.9901E-05 9.9901E-05 9.9901E-05 0.0601711 9.9901E-05 9.9901E-05
9.98832E-05 9.98832E-05 0.0284788 9.98832E-05 9.98832E-05 0.970223 9.98832E-05 9.98832E-05 9.98832E-05 9.98832E-05 9.98832E-05 9.98832E-05 9.98832E-05 9.98832E-05 9.98832E-05
9.98832E-05 9.98832E-05 9.98832E-05 9.98832E-05 9.98832E-05 0.995769 0.00293254 9.98832E-05 9.98832E-05 9.98832E-05 9.98832E-05 9.98832E-05 9.98832E-05 9.98832E-05 9.98832E-05
9.99009E-05 9.99009E-05 9.99009E-05 0.0211217 9.99009E-05 9.99009E-05 0.952103 9.99009E-05 9.99009E-05 9.99009E-05 9.99009E-05 9.99009E-05 0.0244342 9.99009E-05 0.00124222
9.99279E-05 9.99279E-05 0.330482 9.99279E-05 0.193724 9.99279E-05 0.0533768 0.038423 9.99279E-05 0.0720684 9.99279E-05 9.99279E-05 0.16416 9.99279E-05 0.146967
9.9892E-05 9.9892E-05 9.9892E-05 0.0250846 9.9892E-05 9.9892E-05 9.9892E-05 0.925213 9.9892E-05 9.9892E-05 9.9892E-05 9.9892E-05 9.9892E-05 9.9892E-05 0.048504
9.9874E-05 9.9874E-05 9.9874E-05 9.9874E-05 9.9874E-05 9.9874E-05 9.9874E-05 9.9874E-05 9.9874E-05 9.9874E-05 0.998602 9.9874E-05 9.9874E-05 9.9874E-05 9.9874E-05
9.9919E-05 9.9919E-05 0.013321 9.9919E-05 9.9919E-05 0.0186135 0.0360225 9.9919E-05 0.0706641 9.9919E-05 0.830101 9.9919E-05 0.0303786 9.9919E-05 9.9919E-05
9.9874E-05 0.998602 9.9874E-05 9.9874E-05 9.9874E-05 9.9874E-05 9.9874E-05 9.9874E-05 9.9874E-05 9.9874E-05 9.9874E-05 9.9874E-05 9.9874E-05 9.9874E-05 9.9874E-05
