0.0775083 9.98828E-05 9.98828E-05 9.98828E-05 9.98828E-05 9.98828E-05 9.98828E-05 9.98828E-05 9.98828E-05 9.98828E-05 9.98828E-05 9.98828E-05 9.98828E-05 0.921193 9.98828E-05
9.98919E-05 9.98919E-05 9.98919E-05 9.98919E-05 9.98919E-05 9.98919E-05 9.98919E-05 0.168651 0.757109 9.98919E-05 9.98919E-05 0.0730415 9.98919E-05 9.98919E-05 9.98919E-05
9.99199E-05 9.99199E-05 0.0681529 9.99199E-05 0.0414703 0.000397047 0.0871255 9.99199E-05 9.99199E-05 9.99199E-05 9.99199E-05 0.785677 0.0162782 9.99199E-05 9.99199E-05
9.9892E-05 0.0153248 9.9892E-05 9.9892E-05 0.0383528 9.9892E-05 9.9892E-05 9.9892E-05 9.9892E-05 9.9892E-05 9.9892E-05 0.945124 9.9892E-05 9.9892E-05 9.9892E-05
0.0411062 0.00635783 9.99551E-05 9.99551E-05 9.99551E-05 0.21766 0.131988 0.115302 0.0724284 0.00227215 0.089302 0.31126 9.99551E-05 0.0118236 9.99551E-05
9.98831E-05 9.98831E-05 9.98831E-05 9.98831E-05 9.98831E-05 9.98831E-05 9.98831E-05 0.046942 9.98831E-05 9.98831E-05 9.98831E-05 0.95176 9.98831E-05 9.98831E-05 9.98831E-05
9.98741E-05 9.98741E-05 9.98741E-05 9.98741E-05 9.98741E-05 0.998602 9.98741E-05 9.98741E-05 9.98741E-05 9.98741E-05 9.98741E-05 9.98741E-05 9.98741E-05 9.98741E-05 9.98741E-05
0.0560893 9.99189E-05 9.99189E-05 9.99189E-05 0.0149882 9.99189E-05 0.588249 9.99189E-05 0.104319 9.99189E-05 0.1186 0.116854 9.99189E-05 9.99189E-05 9.99189E-05
9.9901E-05 0.00156003 9.9901E-05 9.9901E-05 9.9901E-05 0.960183 9.9901E-05 9.9901E-05 0.0193978 9.9901E-05 0.01776 9.9901E-05 9.9901E-05 9.9901E-05 9.9901E-05
0.854075 9.98831E-05 9.98831E-05 9.98831E-05 9.98831E-05 0.144627 9.98831E-05 9.98831E-05 9.98831E-05 9.98831E-05 9.98831E-05 9.98831E-05 9.98831E-05 9.98831E-05 9.98831E-05
0.886042 9.98831E-05 9.98831E-05 9.98831E-05 9.98831E-05 0.112659 9.98831E-05 9.98831E-05 9.98831E-05 9.98831E-05 9.98831E-05 9.98831E-05 9.98831E-05 9.98831E-05 9.98831E-05
9.99011E-05 9.99011E-05 9.99011E-05 9.99011E-05 0.120214 9.99011E-05 9.99011E-05 9.99011E-05 9.99011E-05 9.99011E-05 9.99011E-05 0.0313615 0.175451 0.671874 9.99011E-05
9.98833E-05 9.98833E-05 9.98833E-05 9.98833E-05 9.98833E-05 9.98833E-05 0.026653 9.98833E-05 9.98833E-05 9.98833E-05 9.98833E-05 9.98833E-05 0.972049 9.98833E-05 9.98833E-05
9.99011E-05 0.0240919 9.99011E-05 0.0141652 9.99011E-05 9.99011E-05 9.99011E-05 0.0415583 9.99011E-05 9.99011E-05 9.99011E-05 0.919086 9.99011E-05 9.99011E-05 9.99011E-05
9.99006E-05 9.99006E-05 0.00183705 9.99006E-05 9.99006E-05 9.99006E-05 9.99006E-05 0.0716295 9.99006E-05 9.99006E-05 9.99006E-05 0.925335 9.99006E-05 9.99006E-05 9.99006E-05
0.0603804 0.0458489 9.9901E-05 9.9901E-05 9.9901E-05 9.9901E-05 9.9901E-05 9.9901E-05 9.9901E-05 9.9901E-05 9.9901E-05 9.9901E-05 0.127281 9.9901E-05 0.76539
0.0825174 0.909383 0.00690043 9.98918E-05 9.98918E-05 9.98918E-05 9.98918E-05 9.98918E-05 9.98918E-05 9.98918E-05 9.98918E-05 9.98918E-05 9.98918E-05 9.98918E-05 9.98918E-05
9.98741E-05 9.98741E-05 0.998602 9.98741E-05 9.98741E-05 9.98741E-05 9.98741E-05 9.98741E-05 9.98741E-05 9.98741E-05 9.98741E-05 9.98741E-05 9.98741E-05 9.98741E-05 9.98741E-05
9.98921E-05 9.98921E-05 9.98921E-05 0.978901 0.00768428 9.98921E-05 9.98921E-05 9.98921E-05 9.98921E-05 0.012216 9.98921E-05 9.98921E-05 9.98921E-05 9.98921E-05 9.98921E-05
0.47457 0.0923489 9.99099E-05 9.99099E-05 0.0315591 9.99099E-05 9.99099E-05 9.99099E-05 9.99099E-05 9.99099E-05 9.99099E-05 9.99099E-05 9.99099E-05 0.0808917 0.319631
9.98922E-05 9.98922E-05 0.0618635 0.898037 9.98922E-05 9.98922E-05 9.98922E-05 9.98922E-05 9.98922E-05 0.0389008 9.98922E-05 9.98922E-05 9.98922E-05 9.98922E-05 9.98922E-05
9.99279E-05 0.0470316 9.99279E-05 9.99279E-05 0.0352002 9.99279E-05 9.99279E-05 0.306528 9.99279E-05 0.0020669 9.99279E-05 9.99279E-05 0.0228573 0.402067 0.18345
0.234505 0.19718 0.01456 0.399206 0.152297 9.99191E-05 9.99191E-05 9.99191E-05 9.99191E-05 9.99191E-05 0.00135285 9.99191E-05 9.99191E-05 9.99191E-05 9.99191E-05
0.0724433 0.00366966 0.0602282 0.86256 9.9901E-05 9.9901E-05 9.9901E-05 9.9901E-05 9.9901E-05 9.9901E-05 9.9901E-05 9.9901E-05 9.9901E-05 9.9901E-05 9.9901E-05
9.98923E-05 9.98923E-05 9.98923E-05 9.98923E-05 9.98923E-05 0.0118392 9.98923E-05 9.98923E-05 9.98923E-05 9.98923E-05 0.0225318 0.96443 9.98923E-05 9.98923E-05 9.98923E-05
9.98743E-05 9.98743E-05 9.98743E-05 9.98743E-05 9.98743E-05 9.98743E-05 9.98743E-05 9.98743E-05 9.98743E-05 9.98743E-05 9.98743E-05 0.998602 9.98743E-05 9.98743E-05 9.98743E-05
0.129344 9.99008E-05 9.99008E-05 9.99008E-05 0.0340383 9.99008E-05 9.99008E-05 9.99008E-05 9.99008E-05 9.99008E-05 9.99008E-05 9.99008E-05 0.764269 0.0712497 9.99008E-05
9.98921E-05 9.98921E-05 9.98921E-05 9.98921E-05 9.98921E-05 0.0138003 9.98921E-05 9.98921E-05 9.98921E-05 9.98921E-05 0.0594135 0.925588 9.98921E-05 9.98921E-05 9.98921E-05
9.98921E-05 9.98921E-05 9.98921E-05 9.98921E-05 9.98921E-05 9.98921E-05 9.98921E-05 9.98921E-05 9.98921E-05 9.98921E-05 0.0901696 0.900096 9.98921E-05 9.98921E-05 0.0085352
9.99371E-05 0.00216141 9.99371E-05 9.99371E-05 0.0266244 9.99371E-05 0.214574 9.99371E-05 0.0141125 0.0465411 0.0774682 0.614189 9.99371E-05 0.00363006 9.99371E-05
0.000815729 0.00477394 0.00444236 9.99279E-05 0.031673 9.99279E-05 0.519189 9.99279E-05 9.99279E-05 9.99279E-05 0.0620208 0.376286 9.99279E-05 9.99279E-05 9.99279E-05
9.98744E-05 9.98744E-05 9.98744E-05 9.98744E-05 9.98744E-05 9.98744E-05 9.98744E-05 9.98744E-05 0.998602 9.98744E-05 9.98744E-05 9.98744E-05 9.98744E-05 9.98744E-05 9.98744E-05
9.99011E-05 9.99011E-05 9.99011E-05 9.99011E-05 9.99011E-05 9.99011E-05 0.15575 0.016636 9.99011E-05 9.99011E-05 9.99011E-05 0.82507 9.99011E-05 9.99011E-05 0.00144464
0.0107046 9.99013E-05 9.99013E-05 9.99013E-05 9.99013E-05 9.99013E-05 0.268816 9.99013E-05 9.99013E-05 9.99013E-05 0.712027 9.99013E-05 9.99013E-05 0.00735342 9.99013E-05
9.99097E-05 0.266564 9.99097E-05 9.99097E-05 0.0929974 9.99097E-05 0.0517904 0.0578772 9.99097E-05 9.99097E-05 9.99097E-05 9.99097E-05 0.529772 9.99097E-05 9.99097E-05
9.99189E-05 0.00741643 9.99189E-05 9.99189E-05 9.99189E-05 0.0143507 0.0357293 9.99189E-05 9.99189E-05 9.99189E-05 9.99189E-05 0.92722 0.0126724 0.00171227 9.99189E-05
9.98921E-05 0.021754 9.98921E-05 9.98921E-05 9.98921E-05 9.98921E-05 0.0364335 9.98921E-05 9.98921E-05 9.98921E-05 9.98921E-05 9.98921E-05 9.98921E-05 0.940614 9.98921E-05
0.593763 9.99369E-05 0.0170732 9.99369E-05 9.99369E-05 9.99369E-05 0.0260158 0.072499 0.20104 0.0136252 9.99369E-05 0.00621748 9.99369E-05 0.0690671 9.99369E-05
9.98828E-05 0.972514 9.98828E-05 9.98828E-05 9.98828E-05 9.98828E-05 0.0261876 9.98828E-05 9.98828E-05 9.98828E-05 9.98828E-05 9.98828E-05 9.98828E-05 9.98828E-05 9.98828E-05
9.9874E-05 9.9874E-05 9.9874E-05 9.9874E-05 9.9874E-05 9.9874E-05 9.9874E-05 0.998602 9.9874E-05 9.9874E-05 9.9874E-05 9.9874E-05 9.9874E-05 9.9874E-05 9.9874E-05
9.9883E-05 9.9883E-05 0.000382014 9.9883E-05 9.9883E-05 9.9883E-05 9.9883E-05 0.99832 9.9883E-05 9.9883E-05 9.9883E-05 9.9883E-05 9.9883E-05 9.9883E-05 9.9883E-05
0.874881 0.0152772 9.991E-05 9.991E-05 9.991E-05 9.991E-05 9.991E-05 0.0820923 9.991E-05 0.00287467 9.991E-05 9.991E-05 9.991E-05 9.991E-05 0.0238755
0.0486281 9.9928E-05 0.0188736 9.9928E-05 9.9928E-05 0.0883809 9.9928E-05 0.0125256 9.9928E-05 0.00191899 9.9928E-05 9.9928E-05 0.0200903 9.9928E-05 0.808783
0.940303 0.0485097 9.98919E-05 9.98919E-05 9.98919E-05 9.98919E-05 9.98919E-05 9.98919E-05 9.98919E-05 9.98919E-05 9.98919E-05 9.98919E-05 0.00998852 9.98919E-05 9.98919E-05
0.367794 0.0283861 9.99279E-05 0.114622 0.0577029 9.99279E-05 9.99279E-05 0.206538 0.076521 9.99279E-05 9.99279E-05 9.99279E-05 0.147637 9.99279E-05 9.99279E-05
0.452351 0.0199186 9.9955E-05 9.9955E-05 0.00272004 9.9955E-05 0.0101128 0.193939 9.9955E-05 0.0673964 9.9955E-05 0.0535731 0.000349077 0.0663539 0.132786
0.235318 0.325123 9.99369E-05 9.99369E-05 9.99369E-05 0.057254 9.99369E-05 9.99369E-05 9.99369E-05 0.019574 0.00725498 0.0795333 0.0760383 0.199205 9.99369E-05
9.98837E-05 9.98837E-05 0.0423194 9.98837E-05 9.98837E-05 9.98837E-05 9.98837E-05 9.98837E-05 9.98837E-05 9.98837E-05 9.98837E-05 9.98837E-05 9.98837E-05 0.956382 9.98837E-05
9.98741E-05 9.98741E-05 9.98741E-05 9.98741E-05 9.98741E-05 9.98741E-05 9.98741E-05 9.98741E-05 9.98741E-05 9.98741E-05 0.998602 9.98741E-05 9.98741E-05 9.98741E-05 9.98741E-05
9.98921E-05 9.98921E-05 0.00418393 9.98921E-05 9.98921E-05 9.98921E-05 9.98921E-05 9.98921E-05 9.98921E-05 0.00384695 0.99077 9.98921E-05 9.98921E-05 9.98921E-05 9.98921E-05
0.0137662 9.99101E-05 0.00344371 9.99101E-05 9.99101E-05 9.99101E-05 9.99101E-05 0.00242736 9.99101E-05 9.99101E-05 0.976379 9.99101E-05 9.99101E-05 9.99101E-05 0.00298479
9.98742E-05 9.98742E-05 9.98742E-05 9.98742E-05 9.98742E-05 9.98742E-05 9.98742E-05 9.98742E-05 9.98742E-05 9.98742E-05 0.998602 9.98742E-05 9.98742E-05 9.98742E-05 9.98742E-05
9.98743E-05 9.98743E-05 9.98743E-05 9.98743E-05 9.98743E-05 9.98743E-05 9.98743E-05 9.98743E-05 9.98743E-05 9.98743E-05 0.998602 9.98743E-05 9.98743E-05 9.98743E-05 9.98743E-05
0.0722608 9.99201E-05 9.99201E-05 0.0404753 9.99201E-05 0.0356824 0.353788 9.99201E-05 0.109639 9.99201E-05 0.324824 0.0625313 9.99201E-05 9.99201E-05 9.99201E-05
9.99011E-05 9.99011E-05 9.99011E-05 9.99011E-05 9.99011E-05 9.99011E-05 9.99011E-05 9.99011E-05 0.0728398 9.99011E-05 0.915751 9.99011E-05 0.00438891 9.99011E-05 0.00592112
9.98829E-05 9.98829E-05 9.98829E-05 9.98829E-05 9.98829E-05 9.98829E-05 9.98829E-05 9.98829E-05 9.98829E-05 9.98829E-05 9.98829E-05 9.98829E-05 9.98829E-05 0.807967 0.190734
9.99009E-05 9.99009E-05 9.99009E-05 9.99009E-05 9.99009E-05 0.0606936 9.99009E-05 9.99009E-05 0.908372 9.99009E-05 0.0141543 9.99009E-05 9.99009E-05 9.99009E-05 0.0156814
9.98895E-05 9.98895E-05 9.98895E-05 9.98895E-05 9.98895E-05 9.98895E-05 9.98895E-05 0.0250938 9.98895E-05 9.98895E-05 9.98895E-05 0.973608 9.98895E-05 9.98895E-05 9.98895E-05
9.99046E-05 9.99046E-05 9.99046E-05 9.99046E-05 0.0159119 9.99046E-05 9.99046E-05 0.13963 9.99046E-05 9.99046E-05 9.99046E-05 9.99046E-05 0.833021 9.99046E-05 0.0103383
9.98834E-05 9.98834E-05 9.98834E-05 9.98834E-05 9.98834E-05 9.98834E-05 9.98834E-05 9.98834E-05 9.98834E-05 9.98834E-05 9.98834E-05 9.98834E-05 0.0485991 9.98834E-05 0.950102
9.98834E-05 9.98834E-05 9.98834E-05 9.98834E-05 9.98834E-05 0.0462938 9.98834E-05 9.98834E-05 9.98834E-05 9.98834E-05 9.98834E-05 9.98834E-05 0.952408 9.98834E-05 9.98834E-05
0.0683785 9.98919E-05 9.98919E-05 9.98919E-05 9.98919E-05 9.98919E-05 9.98919E-05 0.039296 9.98919E-05 9.98919E-05 9.98919E-05 9.98919E-05 0.891127 9.98919E-05 9.98919E-05
0.110277 0.00211772 0.0099446 9.99189E-05 0.0395078 9.99189E-05 9.99189E-05 0.021622 9.99189E-05 9.99189E-05 9.99189E-05 9.99189E-05 0.815632 9.99189E-05 9.99189E-05
9.98741E-05 9.98741E-05 9.98741E-05 9.98741E-05 9.98741E-05 9.98741E-05 9.98741E-05 9.98741E-05 9.98741E-05 0.998602 9.98741E-05 9.98741E-05 9.98741E-05 9.98741E-05 9.98741E-05
9.98835E-05 9.98835E-05 9.98835E-05 9.98835E-05 0.00356926 9.98835E-05 9.98835E-05 9.98835E-05 9.98835E-05 9.98835E-05 9.98835E-05 0.995132 9.98835E-05 9.98835E-05 9.98835E-05
0.0860261 0.185318 0.019462 9.9973E-05 9.9973E-05 0.00357595 0.0523149 0.0564198 0.183122 0.0671035 0.145464 0.0909845 0.0363441 9.9973E-05 0.0735641
9.99014E-05 9.99014E-05 9.99014E-05 9.99014E-05 9.99014E-05 9.99014E-05 0.0313517 9.99014E-05 9.99014E-05 9.99014E-05 9.99014E-05 0.914654 0.0156546 9.99014E-05 0.0372404
9.9901E-05 0.0346476 9.9901E-05 9.9901E-05 9.9901E-05 0.00843305 9.9901E-05 0.0523203 9.9901E-05 9.9901E-05 9.9901E-05 0.9035 9.9901E-05 9.9901E-05 9.9901E-05
9.9901E-05 9.9901E-05 9.9901E-05 9.9901E-05 9.9901E-05 9.9901E-05 0.0302962 9.9901E-05 9.9901E-05 9.9901E-05 0.0364424 0.875678 9.9901E-05 9.9901E-05 0.0564847
9.99371E-05 9.99371E-05 0.00699313 9.99371E-05 9.99371E-05 0.00954902 0.0179347 9.99371E-05 0.00811158 0.00711765 0.0469972 0.875636 9.99371E-05 9.99371E-05 0.0269609
0.0374875 0.0196612 9.99101E-05 9.99101E-05 9.99101E-05 9.99101E-05 0.0883708 0.0435226 9.99101E-05 9.99101E-05 9.99101E-05 0.809959 9.99101E-05 9.99101E-05 9.99101E-05
9.98829E-05 0.0354679 9.98829E-05 9.98829E-05 9.98829E-05 9.98829E-05 9.98829E-05 9.98829E-05 9.98829E-05 9.98829E-05 9.98829E-05 0.963234 9.98829E-05 9.98829E-05 9.98829E-05
9.98739E-05 9.98739E-05 9.98739E-05 9.98739E-05 9.98739E-05 9.98739E-05 0.998602 9.98739E-05 9.98739E-05 9.98739E-05 9.98739E-05 9.98739E-05 9.98739E-05 9.98739E-05 9.98739E-05
9.9883E-05 9.9883E-05 9.9883E-05 9.9883E-05 9.9883E-05 9.9883E-05 0.979806 9.9883E-05 9.9883E-05 9.9883E-05 9.9883E-05 9.9883E-05 0.0188957 9.9883E-05 9.9883E-05
0.0131255 9.99101E-05 9.99101E-05 9.99101E-05 0.00250091 9.99101E-05 9.99101E-05 9.99101E-05 9.99101E-05 9.99101E-05 0.0172112 0.924503 9.99101E-05 9.99101E-05 0.0416601
9.9892E-05 9.9892E-05 9.9892E-05 9.9892E-05 0.0048774 9.9892E-05 0.0294971 9.9892E-05 9.9892E-05 9.9892E-05 9.9892E-05 9.9892E-05 9.9892E-05 9.9892E-05 0.964427
9.9883E-05 9.9883E-05 9.9883E-05 9.9883E-05 9.9883E-05 9.9883E-05 9.9883E-05 9.9883E-05 9.9883E-05 9.9883E-05 0.0152639 9.9883E-05 9.9883E-05 9.9883E-05 0.983438
9.98742E-05 9.98742E-05 9.98742E-05 9.98742E-05 0.998602 9.98742E-05 9.98742E-05 9.98742E-05 9.98742E-05 9.98742E-05 9.98742E-05 9.98742E-05 9.98742E-05 9.98742E-05 9.98742E-05
9.98832E-05 9.98832E-05 9.98832E-05 9.98832E-05 0.997497 9.98832E-05 9.98832E-05 9.98832E-05 9.98832E-05 9.98832E-05 9.98832E-05 9.98832E-05 0.00120493 9.98832E-05 9.98832E-05
0.7977 9.99099E-05 0.00432936 9.99099E-05 9.99099E-05 9.99099E-05 9.99099E-05 0.0976019 0.0871606 9.99099E-05 9.99099E-05 9.99099E-05 9.99099E-05 9.99099E-05 0.0122093
0.74848 9.99279E-05 0.0131824 9.99279E-05 9.99279E-05 9.99279E-05 9.99279E-05 0.083687 0.0356101 9.99279E-05 9.99279E-05 9.99279E-05 0.0219865 0.0056351 0.0906195
0.00566842 0.0015671 9.99102E-05 9.99102E-05 0.979007 0.00643487 0.00632398 9.99102E-05 9.99102E-05 9.99102E-05 9.99102E-05 9.99102E-05 9.99102E-05 9.99102E-05 9.99102E-05
9.98831E-05 9.98831E-05 9.98831E-05 9.98831E-05 0.988895 9.98831E-05 9.98831E-05 0.00980664 9.98831E-05 9.98831E-05 9.98831E-05 9.98831E-05 9.98831E-05 9.98831E-05 9.98831E-05
9.99009E-05 9.99009E-05 9.99009E-05 9.99009E-05 9.99009E-05 9.99009E-05 9.99009E-05 9.99009E-05 9.99009E-05 9.99009E-05 0.020508 9.99009E-05 0.0197111 0.934512 0.0241698
9.99099E-05 9.99099E-05 9.99099E-05 0.0291256 9.99099E-05 0.142409 9.99099E-05 0.697961 9.99099E-05 9.99099E-05 9.99099E-05 9.99099E-05 0.0947431 9.99099E-05 0.0347624
9.9892E-05 9.9892E-05 9.9892E-05 9.9892E-05 9.9892E-05 0.0380596 9.9892E-05 9.9892E-05 0.907852 9.9892E-05 0.0528893 9.9892E-05 9.9892E-05 9.9892E-05 9.9892E-05
0.147073 0.44321 9.99282E-05 0.0929998 0.0340511 9.99282E-05 9.99282E-05 0.0772107 9.99282E-05 9.99282E-05 9.99282E-05 0.0133701 0.191286 9.99282E-05 9.99282E-05
9.99102E-05 0.542397 9.99102E-05 0.0610855 0.0492553 9.99102E-05 9.99102E-05 9.99102E-05 9.99102E-05 9.99102E-05 9.99102E-05 9.99102E-05 0.23691 0.109353 9.99102E-05
9.99101E-05 9.99101E-05 9.99101E-05 0.0472362 0.0168901 9.99101E-05 0.624548 9.99101E-05 9.99101E-05 9.99101E-05 0.0302289 0.280098 9.99101E-05 9.99101E-05 9.99101E-05
