9.99369E-05 9.99369E-05 9.99369E-05 9.99369E-05 0.0610607 0.93824 9.99369E-05 9.99369E-05 9.99369E-05
9.99819E-05 0.117881 9.99819E-05 0.0998164 0.0344463 0.261084 0.0177471 0.0596184 0.409207
0.0173002 0.683648 0.105737 9.99644E-05 9.99644E-05 9.99644E-05 0.0215971 9.99644E-05 0.171318
9.9955E-05 0.945747 9.9955E-05 9.9955E-05 0.00957252 9.9955E-05 0.0220956 0.0220856 9.9955E-05
9.9964E-05 0.269991 9.9964E-05 9.9964E-05 0.235434 0.0244578 9.9964E-05 0.020725 0.448992
9.9955E-05 0.974681 0.00880885 9.9955E-05 0.00670455 9.9955E-05 0.00930629 9.9955E-05 9.9955E-05
9.99461E-05 9.99461E-05 0.193615 0.33774 9.99461E-05 9.99461E-05 9.99461E-05 9.99461E-05 0.468045
9.99639E-05 0.0917746 9.99639E-05 9.99639E-05 0.0565702 9.99639E-05 0.016523 0.0488843 0.785848
9.9946E-05 9.9946E-05 0.0768249 0.439949 9.9946E-05 9.9946E-05 9.9946E-05 9.9946E-05 0.482626
9.99371E-05 9.99371E-05 9.99371E-05 9.99371E-05 0.953756 9.99371E-05 9.99371E-05 9.99371E-05 0.0455442
9.993E-05 9.993E-05 9.993E-05 9.993E-05 0.999201 9.993E-05 9.993E-05 9.993E-05 9.993E-05
9.9955E-05 0.0450774 0.165883 9.9955E-05 9.9955E-05 0.664104 0.124436 9.9955E-05 9.9955E-05
9.99371E-05 9.99371E-05 0.950807 9.99371E-05 9.99371E-05 9.99371E-05 9.99371E-05 9.99371E-05 0.0484937
0.0262858 0.932565 9.9946E-05 9.9946E-05 9.9946E-05 0.040549 9.9946E-05 9.9946E-05 9.9946E-05
9.99371E-05 0.92347 9.99371E-05 9.99371E-05 9.99371E-05 0.0758301 9.99371E-05 9.99371E-05 9.99371E-05
9.9955E-05 9.9955E-05 0.132679 0.817561 0.0367498 9.9955E-05 0.0125106 9.9955E-05 9.9955E-05
0.0542825 9.9964E-05 0.206791 0.0104223 0.445758 9.9964E-05 0.282346 9.9964E-05 9.9964E-05
0.734512 9.99639E-05 9.99639E-05 0.0528024 0.10405 0.0465674 9.99639E-05 0.0616678 9.99639E-05
0.922939 9.9937E-05 9.9937E-05 9.9937E-05 9.9937E-05 9.9937E-05 0.0763618 9.9937E-05 9.9937E-05
9.99549E-05 9.99549E-05 9.99549E-05 0.307947 0.489304 0.148841 0.0534083 9.99549E-05 9.99549E-05
0.999201 9.993E-05 9.993E-05 9.993E-05 9.993E-05 9.993E-05 9.993E-05 9.993E-05 9.993E-05
9.99639E-05 9.99639E-05 0.0404681 0.274154 0.145838 0.519536 0.019605 9.99639E-05 9.99639E-05
0.380549 9.99551E-05 9.99551E-05 9.99551E-05 0.265293 9.99551E-05 0.341702 9.99551E-05 0.011956
0.913695 9.9946E-05 9.9946E-05 9.9946E-05 0.0518733 9.9946E-05 0.033832 9.9946E-05 9.9946E-05
9.993E-05 0.999201 9.993E-05 9.993E-05 9.993E-05 9.993E-05 9.993E-05 9.993E-05 9.993E-05
9.993E-05 0.999201 9.993E-05 9.993E-05 9.993E-05 9.993E-05 9.993E-05 9.993E-05 9.993E-05
9.99549E-05 9.99549E-05 0.804906 9.99549E-05 0.055913 0.0926006 0.0460803 9.99549E-05 9.99549E-05
9.9946E-05 0.901662 9.9946E-05 9.9946E-05 9.9946E-05 9.9946E-05 9.9946E-05 0.0566853 0.041053
9.9946E-05 0.879603 9.9946E-05 0.0368537 9.9946E-05 9.9946E-05 9.9946E-05 0.0829433 9.9946E-05
0.00264031 0.495483 9.99641E-05 9.99641E-05 9.99641E-05 9.99641E-05 0.0264546 0.106735 0.368288
9.99459E-05 0.377203 9.99459E-05 9.99459E-05 9.99459E-05 9.99459E-05 0.0218986 9.99459E-05 0.600299
0.0131287 9.9964E-05 9.9964E-05 0.0455263 9.9964E-05 0.211047 9.9964E-05 0.152357 0.577541
9.99461E-05 0.870989 9.99461E-05 0.00550361 9.99461E-05 9.99461E-05 9.99461E-05 9.99461E-05 0.122908
9.99371E-05 9.99371E-05 9.99371E-05 9.99371E-05 9.99371E-05 9.99371E-05 9.99371E-05 0.717086 0.282214
9.99639E-05 0.0588148 0.608159 9.99639E-05 0.13279 0.0360736 0.163763 9.99639E-05 9.99639E-05
9.99549E-05 0.923414 0.000717879 0.0394513 9.99549E-05 9.99549E-05 9.99549E-05 9.99549E-05 0.0359166
9.9937E-05 0.0273424 9.9937E-05 9.9937E-05 9.9937E-05 0.971958 9.9937E-05 9.9937E-05 9.9937E-05
9.99549E-05 9.99549E-05 9.99549E-05 9.99549E-05 0.658049 0.180345 9.99549E-05 0.0463201 0.114786
0.0497715 0.0768552 0.14564 9.99731E-05 0.318057 9.99731E-05 0.343138 9.99731E-05 0.066239
9.99549E-05 0.11194 9.99549E-05 0.206155 0.391795 0.28961 9.99549E-05 9.99549E-05 9.99549E-05
9.99639E-05 0.0779066 9.99639E-05 0.180527 0.383192 0.34406 0.0139148 9.99639E-05 9.99639E-05
9.99369E-05 9.99369E-05 9.99369E-05 9.99369E-05 0.953544 0.045756 9.99369E-05 9.99369E-05 9.99369E-05
0.00733361 9.9964E-05 0.0492181 0.900894 0.00994993 0.0322042 9.9964E-05 9.9964E-05 9.9964E-05
9.99549E-05 9.99549E-05 0.0451828 9.99549E-05 0.906353 0.0311117 9.99549E-05 0.0168525 9.99549E-05
0.0906444 9.9982E-05 0.143033 0.0703805 0.437176 0.113902 0.139285 0.00537856 9.9982E-05
0.0377192 0.0464859 0.0659121 0.129051 0.548762 0.130536 0.0286096 9.9991E-05 0.0128247
9.9973E-05 0.0932888 0.230694 9.9973E-05 0.382773 0.178686 0.0734502 0.0408075 9.9973E-05
0.00302229 9.99374E-05 9.99374E-05 9.99374E-05 9.99374E-05 0.996278 9.99374E-05 9.99374E-05 9.99374E-05
9.993E-05 9.993E-05 9.993E-05 9.993E-05 9.993E-05 9.993E-05 9.993E-05 0.999201 9.993E-05
0.00802373 9.9937E-05 9.9937E-05 9.9937E-05 9.9937E-05 9.9937E-05 9.9937E-05 0.991277 9.9937E-05
9.99461E-05 9.99461E-05 9.99461E-05 0.0143088 0.00281359 9.99461E-05 9.99461E-05 0.982278 9.99461E-05
9.993E-05 9.993E-05 9.993E-05 9.993E-05 9.993E-05 9.993E-05 9.993E-05 0.999201 9.993E-05
9.993E-05 9.993E-05 9.993E-05 9.993E-05 9.993E-05 9.993E-05 9.993E-05 0.999201 9.993E-05
0.0296405 0.0291906 0.0123186 0.0409222 9.9982E-05 0.0192893 9.9982E-05 0.387016 0.481423
9.9937E-05 9.9937E-05 9.9937E-05 9.9937E-05 9.9937E-05 0.0457472 9.9937E-05 0.953553 9.9937E-05
9.994E-05 9.994E-05 0.0245059 0.199328 9.994E-05 0.775567 9.994E-05 9.994E-05 9.994E-05
9.99638E-05 9.99638E-05 9.99638E-05 0.118331 9.99638E-05 0.191436 0.0125195 0.14321 0.534103
9.99369E-05 0.977739 9.99369E-05 9.99369E-05 0.0215618 9.99369E-05 9.99369E-05 9.99369E-05 9.99369E-05
9.9964E-05 9.9964E-05 0.820492 0.111609 9.9964E-05 0.055049 0.00791133 0.00453954 9.9964E-05
9.99461E-05 9.99461E-05 0.0800897 0.90988 9.99461E-05 0.00943115 9.99461E-05 9.99461E-05 9.99461E-05
9.993E-05 9.993E-05 0.999201 9.993E-05 9.993E-05 9.993E-05 9.993E-05 9.993E-05 9.993E-05
9.99549E-05 9.99549E-05 0.882959 0.0211629 0.0653474 0.0300306 9.99549E-05 9.99549E-05 9.99549E-05
9.99459E-05 9.99459E-05 0.866918 9.99459E-05 0.103622 9.99459E-05 0.0288603 9.99459E-05 9.99459E-05
0.906026 9.99372E-05 9.99372E-05 9.99372E-05 9.99372E-05 0.0932743 9.99372E-05 9.99372E-05 9.99372E-05
9.99373E-05 0.983094 9.99373E-05 0.0162062 9.99373E-05 9.99373E-05 9.99373E-05 9.99373E-05 9.99373E-05
0.0423989 0.227992 0.218129 0.0621461 0.0794098 0.103623 0.0770833 0.065696 0.123522
9.99462E-05 0.963649 9.99462E-05 0.0316147 9.99462E-05 9.99462E-05 9.99462E-05 0.00413679 9.99462E-05
9.9973E-05 0.866539 0.011669 9.9973E-05 0.00193201 0.0459724 9.9973E-05 0.0247915 0.0487959
9.995E-05 0.858958 9.995E-05 0.0514154 9.995E-05 9.995E-05 9.995E-05 0.0516443 0.0374828
0.00730338 0.905622 9.9964E-05 0.0604463 9.9964E-05 9.9964E-05 9.9964E-05 0.0136086 0.0126196
9.99551E-05 0.765886 9.99551E-05 9.99551E-05 0.063147 0.0148918 9.99551E-05 9.99551E-05 0.155576
9.9937E-05 0.989596 9.9937E-05 9.9937E-05 9.9937E-05 9.9937E-05 0.00970435 9.9937E-05 9.9937E-05
9.9946E-05 0.0457512 9.9946E-05 9.9946E-05 9.9946E-05 9.9946E-05 9.9946E-05 0.0119463 0.941703
9.99461E-05 0.0304499 0.0481654 9.99461E-05 9.99461E-05 9.99461E-05 9.99461E-05 9.99461E-05 0.920785
0.00683766 0.927189 9.99641E-05 0.00108233 9.99641E-05 0.0351614 9.99641E-05 0.0293297 9.99641E-05
9.99549E-05 0.0250744 9.99549E-05 0.934204 9.99549E-05 9.99549E-05 0.0196584 0.0205631 9.99549E-05
9.99369E-05 9.99369E-05 9.99369E-05 0.979245 9.99369E-05 9.99369E-05 9.99369E-05 0.0200553 9.99369E-05
9.993E-05 9.993E-05 9.993E-05 9.993E-05 9.993E-05 9.993E-05 0.999201 9.993E-05 9.993E-05
9.993E-05 9.993E-05 9.993E-05 9.993E-05 9.993E-05 9.993E-05 0.999201 9.993E-05 9.993E-05
9.9964E-05 0.0091684 0.00596971 0.141658 0.781715 0.0610892 9.9964E-05 9.9964E-05 9.9964E-05
9.9964E-05 9.9964E-05 0.0199215 0.12225 0.779858 0.0746075 9.9964E-05 0.00296317 9.9964E-05
9.9937E-05 9.9937E-05 9.9937E-05 9.9937E-05 9.9937E-05 9.9937E-05 0.988687 9.9937E-05 0.0106136
9.993E-05 9.993E-05 9.993E-05 9.993E-05 9.993E-05 9.993E-05 0.999201 9.993E-05 9.993E-05
9.99459E-05 9.99459E-05 0.072599 9.99459E-05 9.99459E-05 0.920984 9.99459E-05 0.00581735 9.99459E-05
0.0570793 9.9964E-05 0.135662 0.468103 0.250027 0.0887287 9.9964E-05 9.9964E-05 9.9964E-05
9.99639E-05 9.99639E-05 9.99639E-05 0.0635623 0.0344368 0.198911 9.99639E-05 0.209959 0.492732
0.0737077 0.0786211 0.305107 9.996E-05 0.324211 9.996E-05 0.217953 9.996E-05 9.996E-05
0.0789437 0.0245752 0.394168 0.0412938 0.0244369 0.131347 0.305036 9.9982E-05 9.9982E-05
0.0233679 0.266554 9.9964E-05 9.9964E-05 9.9964E-05 9.9964E-05 0.0202769 0.0141981 0.675204
