0.0200901 9.99369E-05 9.99369E-05 9.99369E-05 0.97921 9.99369E-05 9.99369E-05 9.99369E-05 9.99369E-05
9.99549E-05 9.99549E-05 9.99549E-05 0.133238 0.095057 9.99549E-05 0.040584 0.730621 9.99549E-05
9.997E-05 9.997E-05 0.0475567 0.598645 9.997E-05 0.0659988 0.0133197 0.0791569 0.195023
9.9937E-05 9.9937E-05 9.9937E-05 0.969595 9.9937E-05 9.9937E-05 0.0297057 9.9937E-05 9.9937E-05
0.162313 0.0325066 9.99731E-05 0.309033 0.00900225 9.99731E-05 9.99731E-05 0.290774 0.196071
0.0108489 9.99371E-05 9.99371E-05 0.988452 9.99371E-05 9.99371E-05 9.99371E-05 9.99371E-05 9.99371E-05
9.99461E-05 9.99461E-05 9.99461E-05 9.99461E-05 9.99461E-05 0.358923 9.99461E-05 0.504557 0.13592
0.0713317 0.0767707 9.99639E-05 0.0722728 9.99639E-05 9.99639E-05 9.99639E-05 0.10417 0.675054
0.020988 9.9955E-05 9.9955E-05 9.9955E-05 9.9955E-05 0.285613 9.9955E-05 0.586801 0.106098
0.993404 9.99372E-05 9.99372E-05 9.99372E-05 9.99372E-05 9.99372E-05 9.99372E-05 9.99372E-05 0.00589636
0.999201 9.993E-05 9.993E-05 9.993E-05 9.993E-05 9.993E-05 9.993E-05 9.993E-05 9.993E-05
9.996E-05 9.996E-05 9.996E-05 0.0239021 0.737022 0.093724 0.122589 9.996E-05 0.0223633
9.99371E-05 9.99371E-05 9.99371E-05 9.99371E-05 9.99371E-05 0.968819 9.99371E-05 9.99371E-05 0.0304814
9.9955E-05 9.9955E-05 0.0356682 0.931759 0.0283114 0.00376213 9.9955E-05 9.9955E-05 9.9955E-05
9.99461E-05 9.99461E-05 0.0113086 0.9606 0.027492 9.99461E-05 9.99461E-05 9.99461E-05 9.99461E-05
0.456249 0.0393588 9.997E-05 0.0341364 0.11153 0.335912 9.997E-05 0.0225132 9.997E-05
0.431106 9.99551E-05 0.0642862 9.99551E-05 9.99551E-05 0.162086 0.342022 9.99551E-05 9.99551E-05
0.13339 0.0406421 0.710142 9.99639E-05 0.0337135 9.99639E-05 9.99639E-05 0.0817125 9.99639E-05
9.99371E-05 9.99371E-05 0.920596 9.99371E-05 9.99371E-05 9.99371E-05 0.0787042 9.99371E-05 9.99371E-05
0.769637 9.9955E-05 9.9955E-05 9.9955E-05 0.136596 0.0290722 0.064195 9.9955E-05 9.9955E-05
9.9937E-05 9.9937E-05 0.9961 9.9937E-05 9.9937E-05 9.9937E-05 9.9937E-05 9.9937E-05 0.00320077
0.311051 9.99549E-05 9.99549E-05 9.99549E-05 0.565025 0.0976206 0.0258036 9.99549E-05 9.99549E-05
0.232437 9.9955E-05 0.401858 9.9955E-05 9.9955E-05 9.9955E-05 0.334153 9.9955E-05 0.0310523
0.0293936 9.99459E-05 0.881964 9.99459E-05 9.99459E-05 9.99459E-05 0.0880425 9.99459E-05 9.99459E-05
9.993E-05 9.993E-05 9.993E-05 0.999201 9.993E-05 9.993E-05 9.993E-05 9.993E-05 9.993E-05
9.993E-05 9.993E-05 9.993E-05 0.999201 9.993E-05 9.993E-05 9.993E-05 9.993E-05 9.993E-05
0.0336298 9.99549E-05 9.99549E-05 9.99549E-05 0.156211 0.746915 0.0627444 9.99549E-05 9.99549E-05
9.995E-05 0.0624198 9.995E-05 0.919097 9.995E-05 0.0141557 9.995E-05 0.00382749 9.995E-05
9.995E-05 0.0871124 9.995E-05 0.894702 9.995E-05 0.00126774 9.995E-05 0.0164183 9.995E-05
9.999E-05 0.164884 0.0190082 0.600135 0.0161918 0.0015594 0.0104969 0.00353028 0.184094
9.9955E-05 0.0706141 9.9955E-05 0.382094 9.9955E-05 9.9955E-05 0.0387388 9.9955E-05 0.508054
9.993E-05 9.993E-05 9.993E-05 9.993E-05 9.993E-05 9.993E-05 9.993E-05 0.999201 9.993E-05
9.99371E-05 9.99371E-05 9.99371E-05 0.835711 9.99371E-05 9.99371E-05 9.99371E-05 9.99371E-05 0.163589
9.99461E-05 0.731214 9.99461E-05 9.99461E-05 9.99461E-05 9.99461E-05 9.99461E-05 0.0223642 0.245822
0.119832 9.99729E-05 9.99729E-05 0.00408998 0.0438201 0.527543 0.219939 9.99729E-05 0.0844764
9.99459E-05 9.99459E-05 9.99459E-05 0.941362 9.99459E-05 0.0125352 9.99459E-05 9.99459E-05 0.045503
9.9937E-05 9.9937E-05 9.9937E-05 9.9937E-05 0.954874 9.9937E-05 9.9937E-05 9.9937E-05 0.0444262
0.644804 9.9964E-05 0.0202551 9.9964E-05 0.113475 9.9964E-05 9.9964E-05 0.194216 0.0268503
0.267648 9.9982E-05 0.0355437 0.0483434 0.00390639 0.16525 0.366222 9.9982E-05 0.112886
0.604225 9.99549E-05 9.99549E-05 0.106843 0.273042 9.99549E-05 0.0153896 9.99549E-05 9.99549E-05
0.602129 9.99639E-05 0.00281905 0.0816878 0.276392 9.99639E-05 0.0365725 9.99639E-05 9.99639E-05
0.994901 9.99369E-05 9.99369E-05 9.99369E-05 0.00439973 9.99369E-05 9.99369E-05 9.99369E-05 9.99369E-05
0.455746 9.99549E-05 9.99549E-05 9.99549E-05 0.143867 0.27339 9.99549E-05 0.126496 9.99549E-05
0.958475 0.00211396 9.9955E-05 9.9955E-05 0.0193478 0.019563 9.9955E-05 9.9955E-05 9.9955E-05
0.501982 9.9973E-05 0.109699 9.9973E-05 0.0452742 0.165965 0.121419 0.0553606 9.9973E-05
0.682249 9.9982E-05 0.0367896 0.068219 0.168763 0.0210364 9.9982E-05 0.00133809 0.0214055
0.356541 0.00501679 9.998E-05 0.132695 0.198584 0.168531 0.101854 9.998E-05 0.0365787
9.99374E-05 9.99374E-05 0.033618 9.99374E-05 0.965682 9.99374E-05 9.99374E-05 9.99374E-05 9.99374E-05
9.993E-05 0.999201 9.993E-05 9.993E-05 9.993E-05 9.993E-05 9.993E-05 9.993E-05 9.993E-05
9.993E-05 0.999201 9.993E-05 9.993E-05 9.993E-05 9.993E-05 9.993E-05 9.993E-05 9.993E-05
9.993E-05 0.999201 9.993E-05 9.993E-05 9.993E-05 9.993E-05 9.993E-05 9.993E-05 9.993E-05
9.99371E-05 0.982125 9.99371E-05 9.99371E-05 0.0171759 9.99371E-05 9.99371E-05 9.99371E-05 9.99371E-05
9.993E-05 0.999201 9.993E-05 9.993E-05 9.993E-05 9.993E-05 9.993E-05 9.993E-05 9.993E-05
0.163215 0.395998 0.0129379 0.0381547 9.99641E-05 9.99641E-05 9.99641E-05 9.99641E-05 0.389295
9.9937E-05 0.916867 9.9937E-05 9.9937E-05 9.9937E-05 9.9937E-05 9.9937E-05 0.0824338 9.9937E-05
0.0436489 9.99459E-05 9.99459E-05 9.99459E-05 0.883484 0.0722674 9.99459E-05 9.99459E-05 9.99459E-05
9.99549E-05 0.0405839 9.99549E-05 9.99549E-05 0.00403257 9.99549E-05 0.021721 0.933163 9.99549E-05
9.993E-05 9.993E-05 9.993E-05 0.999201 9.993E-05 9.993E-05 9.993E-05 9.993E-05 9.993E-05
9.99549E-05 0.0304867 9.99549E-05 9.99549E-05 0.121839 0.801642 0.045532 9.99549E-05 9.99549E-05
0.301723 0.00469207 9.9973E-05 0.0521487 0.241874 0.373578 9.9973E-05 9.9973E-05 0.0256838
9.993E-05 9.993E-05 9.993E-05 9.993E-05 9.993E-05 0.999201 9.993E-05 9.993E-05 9.993E-05
0.0863698 9.99549E-05 9.99549E-05 0.00385754 9.99549E-05 0.907331 0.00194157 9.99549E-05 9.99549E-05
0.0441126 9.99459E-05 9.99459E-05 9.99459E-05 9.99459E-05 0.847263 0.108025 9.99459E-05 9.99459E-05
0.0121315 0.0360852 0.911226 9.99551E-05 0.0400573 9.99551E-05 9.99551E-05 9.99551E-05 9.99551E-05
9.993E-05 9.993E-05 9.993E-05 0.999201 9.993E-05 9.993E-05 9.993E-05 9.993E-05 9.993E-05
0.283834 0.11458 0.0178374 0.278229 0.104712 0.102551 0.0372598 9.9991E-05 0.0608972
9.99552E-05 9.99552E-05 9.99552E-05 0.925339 9.99552E-05 0.0230104 9.99552E-05 0.0438614 0.00728987
9.9955E-05 0.0219629 9.9955E-05 0.88494 0.00357264 9.9955E-05 9.9955E-05 9.9955E-05 0.0890251
9.9955E-05 0.031845 9.9955E-05 0.896527 9.9955E-05 9.9955E-05 9.9955E-05 0.0400978 0.0310306
9.99551E-05 0.0567096 0.0170105 0.891968 9.99551E-05 9.99551E-05 9.99551E-05 0.0338117 9.99551E-05
0.0534441 9.9955E-05 9.9955E-05 0.790724 9.9955E-05 9.9955E-05 9.9955E-05 0.0114605 0.143872
9.9946E-05 0.0166877 9.9946E-05 0.979188 0.00352507 9.9946E-05 9.9946E-05 9.9946E-05 9.9946E-05
9.993E-05 9.993E-05 9.993E-05 9.993E-05 9.993E-05 9.993E-05 9.993E-05 9.993E-05 0.999201
9.99369E-05 9.99369E-05 9.99369E-05 9.99369E-05 9.99369E-05 0.0516657 9.99369E-05 9.99369E-05 0.947635
0.0150376 0.0216886 9.99551E-05 0.958983 9.99551E-05 0.00379072 9.99551E-05 9.99551E-05 9.99551E-05
0.528686 0.000884112 9.9982E-05 0.0774878 0.0718662 0.1418 0.0178752 0.161201 9.9982E-05
0.517193 0.0251186 9.9982E-05 0.0434419 0.080421 0.179169 0.00051545 0.153941 9.9982E-05
9.993E-05 9.993E-05 9.993E-05 9.993E-05 9.993E-05 9.993E-05 0.999201 9.993E-05 9.993E-05
9.993E-05 9.993E-05 9.993E-05 9.993E-05 9.993E-05 9.993E-05 0.999201 9.993E-05 9.993E-05
0.895519 9.9946E-05 9.9946E-05 0.0118398 9.9946E-05 9.9946E-05 9.9946E-05 0.0920411 9.9946E-05
0.838355 9.9955E-05 9.9955E-05 9.9955E-05 0.00618426 0.0620544 9.9955E-05 0.0929067 9.9955E-05
9.993E-05 9.993E-05 9.993E-05 9.993E-05 9.993E-05 9.993E-05 0.999201 9.993E-05 9.993E-05
9.993E-05 9.993E-05 9.993E-05 9.993E-05 9.993E-05 9.993E-05 0.999201 9.993E-05 9.993E-05
9.99459E-05 0.00489084 9.99459E-05 9.99459E-05 0.952953 0.0415569 9.99459E-05 9.99459E-05 9.99459E-05
0.430265 9.99639E-05 0.0366972 9.99639E-05 0.10093 0.266325 9.99639E-05 0.165383 9.99639E-05
9.99369E-05 0.0879633 9.99369E-05 9.99369E-05 9.99369E-05 9.99369E-05 9.99369E-05 0.911337 9.99369E-05
0.349442 9.99642E-05 0.113923 0.0435577 9.99642E-05 0.286653 0.206024 9.99642E-05 9.99642E-05
0.0607568 9.99641E-05 0.0771552 9.99641E-05 0.211113 0.347565 0.303009 9.99641E-05 9.99641E-05
9.9964E-05 0.0477886 0.0128734 0.302658 9.9964E-05 9.9964E-05 0.0317336 9.9964E-05 0.604547
