0.9995 9.996E-05 9.996E-05 9.996E-05 9.996E-05 9.996E-05
0.446897 9.9973E-05 9.9973E-05 9.9973E-05 0.322742 0.230061
9.999E-05 0.0751304 0.0216919 0.0508579 0.783326 0.0688937
9.9964E-05 9.9964E-05 0.0195622 9.9964E-05 0.980038 9.9964E-05
0.28013 9.99731E-05 9.99731E-05 9.99731E-05 0.467246 0.252324
0.0087265 0.00108069 9.9973E-05 9.9973E-05 0.989893 9.9973E-05
9.99731E-05 0.599203 9.99731E-05 9.99731E-05 0.037346 0.363151
0.0720771 9.9982E-05 0.0474633 9.9982E-05 0.452087 0.428172
0.0958396 0.461306 9.9982E-05 9.9982E-05 0.028423 0.414231
0.791662 0.0393732 0.0767087 0.0011687 9.9991E-05 0.0909877
0.754844 0.07258 0.0852136 9.9982E-05 9.9982E-05 0.0871622
0.626934 0.204065 0.126371 9.9982E-05 0.0424301 9.9982E-05
9.996E-05 0.9995 9.996E-05 9.996E-05 9.996E-05 9.996E-05
0.0219801 9.9982E-05 0.0113967 0.0226216 0.943802 9.9982E-05
0.0356157 9.9973E-05 9.9973E-05 0.00872577 0.955359 9.9973E-05
0.58595 0.339672 9.9982E-05 9.9982E-05 0.0380218 0.036156
0.322434 0.222382 0.366195 0.0887891 9.9982E-05 9.9982E-05
0.186836 9.99729E-05 9.99729E-05 0.721903 9.99729E-05 0.0909603
9.9964E-05 9.9964E-05 0.113117 0.886483 9.9964E-05 9.9964E-05
0.798134 0.0735164 0.12805 9.9973E-05 9.9973E-05 9.9973E-05
9.996E-05 9.996E-05 9.996E-05 0.9995 9.996E-05 9.996E-05
0.87016 0.102213 0.0273271 9.9973E-05 9.9973E-05 9.9973E-05
0.145829 9.9991E-05 0.356309 0.436956 0.00839488 0.0524099
9.99639E-05 9.99639E-05 0.102971 0.89663 9.99639E-05 9.99639E-05
9.996E-05 9.996E-05 9.996E-05 9.996E-05 0.9995 9.996E-05
9.996E-05 9.996E-05 9.996E-05 9.996E-05 0.9995 9.996E-05
0.135608 0.76732 0.0967723 9.99729E-05 9.99729E-05 9.99729E-05
9.9964E-05 9.9964E-05 9.9964E-05 9.9964E-05 0.91092 0.0886802
9.9973E-05 0.00329043 9.9973E-05 9.9973E-05 0.893766 0.102644
9.9982E-05 9.9982E-05 0.0512291 0.0227267 0.685488 0.240356
9.9973E-05 9.9973E-05 0.0549842 9.9973E-05 0.657538 0.287178
0.333252 9.99732E-05 9.99732E-05 9.99732E-05 0.0731311 0.593317
9.996E-05 9.996E-05 9.996E-05 9.996E-05 0.9995 9.996E-05
9.9973E-05 9.9973E-05 0.0222796 9.9973E-05 0.121481 0.855939
0.148631 0.539682 0.244824 9.99819E-05 0.0666633 9.99819E-05
9.99639E-05 0.0176455 9.99639E-05 9.99639E-05 0.981955 9.99639E-05
0.922431 9.99641E-05 9.99641E-05 9.99641E-05 0.0771694 9.99641E-05
0.795795 9.9991E-05 0.00817912 0.0544686 0.0199999 0.121458
0.23929 0.149358 0.396176 0.0779937 0.137083 9.9991E-05
0.874957 9.99729E-05 0.011382 9.99729E-05 0.113361 9.99729E-05
0.886758 9.9982E-05 0.0273886 0.00106486 0.0845883 9.9982E-05
0.889147 0.037806 0.0503458 0.022501 9.9982E-05 9.9982E-05
0.671243 0.279945 9.9973E-05 9.9973E-05 9.9973E-05 0.0485117
0.809405 0.0395449 0.0901681 0.0093943 9.9991E-05 0.0513877
0.519838 0.196833 0.126224 0.119696 9.9991E-05 0.0373082
0.692488 0.101022 0.0917324 0.0447866 0.0485129 0.0214585
0.46614 0.240541 0.122808 9.9991E-05 0.110658 0.0597525
0.995117 9.99644E-05 9.99644E-05 0.00448294 9.99644E-05 9.99644E-05
9.996E-05 9.996E-05 9.996E-05 9.996E-05 9.996E-05 0.9995
9.996E-05 9.996E-05 9.996E-05 9.996E-05 9.996E-05 0.9995
9.996E-05 9.996E-05 9.996E-05 9.996E-05 9.996E-05 0.9995
9.996E-05 9.996E-05 9.996E-05 9.996E-05 9.996E-05 0.9995
9.996E-05 9.996E-05 9.996E-05 9.996E-05 9.996E-05 0.9995
0.0427616 0.0599455 9.9991E-05 0.0249608 0.253968 0.618264
9.99639E-05 9.99639E-05 0.0165519 9.99639E-05 9.99639E-05 0.983048
0.978088 0.0215119 9.9964E-05 9.9964E-05 9.9964E-05 9.9964E-05
0.330919 9.9973E-05 9.9973E-05 9.9973E-05 0.143611 0.52517
9.996E-05 9.996E-05 9.996E-05 9.996E-05 0.9995 9.996E-05
0.0798586 0.859932 0.0551183 9.9982E-05 9.9982E-05 0.00489087
0.617132 0.318863 9.9973E-05 9.9973E-05 0.0637053 9.9973E-05
9.996E-05 0.9995 9.996E-05 9.996E-05 9.996E-05 9.996E-05
0.0996304 0.891174 0.00889541 9.99729E-05 9.99729E-05 9.99729E-05
0.0393302 0.83359 0.126665 0.000214072 9.99819E-05 9.99819E-05
0.0747557 9.99641E-05 9.99641E-05 0.924844 9.99641E-05 9.99641E-05
9.996E-05 9.996E-05 9.996E-05 9.996E-05 0.9995 9.996E-05
0.423008 0.0764614 0.102532 0.044057 0.310955 0.0429857
9.99641E-05 0.0401891 9.99641E-05 9.99641E-05 0.959411 9.99641E-05
0.01836 9.9964E-05 9.9964E-05 9.9964E-05 0.98124 9.9964E-05
9.9973E-05 0.0120763 9.9973E-05 9.9973E-05 0.902675 0.0849485
0.0018221 9.9982E-05 9.9982E-05 0.00826007 0.930742 0.0589758
0.0651106 9.9982E-05 0.00497508 9.9982E-05 0.920188 0.00952665
9.9973E-05 9.9973E-05 0.0300294 9.9973E-05 0.953652 0.0160191
9.99732E-05 0.0225802 9.99732E-05 9.99732E-05 0.529597 0.447523
9.99732E-05 0.16597 9.99732E-05 9.99732E-05 0.525157 0.308573
0.0136919 9.9973E-05 0.012863 9.9973E-05 0.973145 9.9973E-05
0.713655 0.0612634 0.0131838 9.9991E-05 0.0646755 0.147123
0.635491 0.154086 0.0300828 9.9991E-05 0.0404553 0.139785
9.996E-05 9.996E-05 0.9995 9.996E-05 9.996E-05 9.996E-05
9.996E-05 9.996E-05 0.9995 9.996E-05 9.996E-05 9.996E-05
0.87399 0.0187859 0.0293463 9.9991E-05 0.0100278 0.0677498
0.829131 0.0879879 9.9982E-05 0.013786 9.9982E-05 0.0688952
9.9964E-05 9.9964E-05 0.987379 9.9964E-05 9.9964E-05 0.0122212
9.996E-05 9.996E-05 0.9995 9.996E-05 9.996E-05 9.996E-05
0.952878 0.0467225 9.9964E-05 9.9964E-05 9.9964E-05 9.9964E-05
0.603132 0.307588 9.9982E-05 0.0513943 9.9982E-05 0.037686
0.302868 0.00754455 9.9982E-05 9.9982E-05 0.097496 0.591891
0.168692 0.338682 0.302852 0.118517 0.0711574 9.9991E-05
0.163716 0.420321 0.351119 0.0646436 9.9982E-05 9.9982E-05
9.99821E-05 9.99821E-05 0.039007 0.0517108 0.623957 0.285125
